collection_time_utc,collection_time_local,run_id,timestamp_utc,timestamp_local,value,unit,country,entsoe_area,variable,source,updated_at_utc
2026-08-10T16:45:28Z,2026-08-10T18:45:28+0200,f717c518-05ab-43f2-aeab-072d31581934,2026-07-10T17:00:00Z,2026-07-10T19:00:00+0200,17.1829,MW,DK2,DK_2,actual_offshore_wind_generation,Wind Offshore,2026-08-10T16:50:24Z
2026-08-10T16:45:28Z,2026-08-10T18:45:28+0200,f717c518-05ab-43f2-aeab-072d31581934,2026-07-10T17:15:00Z,2026-07-10T19:15:00+0200,25.0653,MW,DK2,DK_2,actual_offshore_wind_generation,Wind Offshore,2026-08-10T16:50:24Z
2026-08-10T16:45:28Z,2026-08-10T18:45:28+0200,f717c518-05ab-43f2-aeab-072d31581934,2026-07-10T17:30:00Z,2026-07-10T19:30:00+0200,32.1765,MW,DK2,DK_2,actual_offshore_wind_generation,Wind Offshore,2026-08-10T16:50:24Z
2026-08-10T16:45:28Z,2026-08-10T18:45:28+0200,f717c518-05ab-43f2-aeab-072d31581934,2026-07-10T17:45:00Z,2026-07-10T19:45:00+0200,42.0565,MW,DK2,DK_2,actual_offshore_wind_generation,Wind Offshore,2026-08-10T16:50:24Z
2026-08-10T16:45:28Z,2026-08-10T18:45:28+0200,f717c518-05ab-43f2-aeab-072d31581934,2026-07-10T18:00:00Z,2026-07-10T20:00:00+0200,59.021,MW,DK2,DK_2,actual_offshore_wind_generation,Wind Offshore,2026-08-10T16:50:24Z
2026-08-10T16:45:28Z,2026-08-10T18:45:28+0200,f717c518-05ab-43f2-aeab-072d31581934,2026-07-10T18:15:00Z,2026-07-10T20:15:00+0200,73.8173,MW,DK2,DK_2,actual_offshore_wind_generation,Wind Offshore,2026-08-10T16:50:24Z
2026-08-10T16:45:28Z,2026-08-10T18:45:28+0200,f717c518-05ab-43f2-aeab-072d31581934,2026-07-10T18:30:00Z,2026-07-10T20:30:00+0200,78.9935,MW,DK2,DK_2,actual_offshore_wind_generation,Wind Offshore,2026-08-10T16:50:24Z
2026-08-10T16:45:28Z,2026-08-10T18:45:28+0200,f717c518-05ab-43f2-aeab-072d31581934,2026-07-10T18:45:00Z,2026-07-10T20:45:00+0200,97.5434,MW,DK2,DK_2,actual_offshore_wind_generation,Wind Offshore,2026-08-10T16:50:24Z
2026-08-10T16:45:28Z,2026-08-10T18:45:28+0200,f717c518-05ab-43f2-aeab-072d31581934,2026-07-10T19:00:00Z,2026-07-10T21:00:00+0200,122.045,MW,DK2,DK_2,actual_offshore_wind_generation,Wind Offshore,2026-08-10T16:50:24Z
2026-08-10T16:45:28Z,2026-08-10T18:45:28+0200,f717c518-05ab-43f2-aeab-072d31581934,2026-07-10T19:15:00Z,2026-07-10T21:15:00+0200,140.498,MW,DK2,DK_2,actual_offshore_wind_generation,Wind Offshore,2026-08-10T16:50:24Z
2026-08-10T16:45:28Z,2026-08-10T18:45:28+0200,f717c518-05ab-43f2-aeab-072d31581934,2026-07-10T19:30:00Z,2026-07-10T21:30:00+0200,162.177,MW,DK2,DK_2,actual_offshore_wind_generation,Wind Offshore,2026-08-10T16:50:24Z
2026-08-10T16:45:28Z,2026-08-10T18:45:28+0200,f717c518-05ab-43f2-aeab-072d31581934,2026-07-10T19:45:00Z,2026-07-10T21:45:00+0200,139.424,MW,DK2,DK_2,actual_offshore_wind_generation,Wind Offshore,2026-08-10T16:50:24Z
2026-08-10T16:45:28Z,2026-08-10T18:45:28+0200,f717c518-05ab-43f2-aeab-072d31581934,2026-07-10T20:00:00Z,2026-07-10T22:00:00+0200,91.2204,MW,DK2,DK_2,actual_offshore_wind_generation,Wind Offshore,2026-08-10T16:50:24Z
2026-08-10T16:45:28Z,2026-08-10T18:45:28+0200,f717c518-05ab-43f2-aeab-072d31581934,2026-07-10T20:15:00Z,2026-07-10T22:15:00+0200,72.1116,MW,DK2,DK_2,actual_offshore_wind_generation,Wind Offshore,2026-08-10T16:50:24Z
2026-08-10T16:45:28Z,2026-08-10T18:45:28+0200,f717c518-05ab-43f2-aeab-072d31581934,2026-07-10T20:30:00Z,2026-07-10T22:30:00+0200,59.7762,MW,DK2,DK_2,actual_offshore_wind_generation,Wind Offshore,2026-08-10T16:50:24Z
2026-08-10T16:45:28Z,2026-08-10T18:45:28+0200,f717c518-05ab-43f2-aeab-072d31581934,2026-07-10T20:45:00Z,2026-07-10T22:45:00+0200,41.064,MW,DK2,DK_2,actual_offshore_wind_generation,Wind Offshore,2026-08-10T16:50:24Z
2026-08-10T16:45:28Z,2026-08-10T18:45:28+0200,f717c518-05ab-43f2-aeab-072d31581934,2026-07-10T21:00:00Z,2026-07-10T23:00:00+0200,33.6833,MW,DK2,DK_2,actual_offshore_wind_generation,Wind Offshore,2026-08-10T16:50:24Z
2026-08-10T16:45:28Z,2026-08-10T18:45:28+0200,f717c518-05ab-43f2-aeab-072d31581934,2026-07-10T21:15:00Z,2026-07-10T23:15:00+0200,28.1619,MW,DK2,DK_2,actual_offshore_wind_generation,Wind Offshore,2026-08-10T16:50:24Z
2026-08-10T16:45:28Z,2026-08-10T18:45:28+0200,f717c518-05ab-43f2-aeab-072d31581934,2026-07-10T21:30:00Z,2026-07-10T23:30:00+0200,24.5018,MW,DK2,DK_2,actual_offshore_wind_generation,Wind Offshore,2026-08-10T16:50:24Z
2026-08-10T16:45:28Z,2026-08-10T18:45:28+0200,f717c518-05ab-43f2-aeab-072d31581934,2026-07-10T21:45:00Z,2026-07-10T23:45:00+0200,24.5453,MW,DK2,DK_2,actual_offshore_wind_generation,Wind Offshore,2026-08-10T16:50:24Z
2026-08-10T16:45:28Z,2026-08-10T18:45:28+0200,f717c518-05ab-43f2-aeab-072d31581934,2026-07-10T22:00:00Z,2026-07-11T00:00:00+0200,23.4214,MW,DK2,DK_2,actual_offshore_wind_generation,Wind Offshore,2026-08-10T16:50:24Z
2026-08-10T16:45:28Z,2026-08-10T18:45:28+0200,f717c518-05ab-43f2-aeab-072d31581934,2026-07-10T22:15:00Z,2026-07-11T00:15:00+0200,22.7408,MW,DK2,DK_2,actual_offshore_wind_generation,Wind Offshore,2026-08-10T16:50:24Z
2026-08-10T16:45:28Z,2026-08-10T18:45:28+0200,f717c518-05ab-43f2-aeab-072d31581934,2026-07-10T22:30:00Z,2026-07-11T00:30:00+0200,19.0755,MW,DK2,DK_2,actual_offshore_wind_generation,Wind Offshore,2026-08-10T16:50:24Z
2026-08-10T16:45:28Z,2026-08-10T18:45:28+0200,f717c518-05ab-43f2-aeab-072d31581934,2026-07-10T22:45:00Z,2026-07-11T00:45:00+0200,27.9975,MW,DK2,DK_2,actual_offshore_wind_generation,Wind Offshore,2026-08-10T16:50:24Z
2026-08-10T16:45:28Z,2026-08-10T18:45:28+0200,f717c518-05ab-43f2-aeab-072d31581934,2026-07-10T23:00:00Z,2026-07-11T01:00:00+0200,48.5293,MW,DK2,DK_2,actual_offshore_wind_generation,Wind Offshore,2026-08-10T16:50:24Z
2026-08-10T16:45:28Z,2026-08-10T18:45:28+0200,f717c518-05ab-43f2-aeab-072d31581934,2026-07-10T23:15:00Z,2026-07-11T01:15:00+0200,70.4466,MW,DK2,DK_2,actual_offshore_wind_generation,Wind Offshore,2026-08-10T16:50:24Z
2026-08-10T16:45:28Z,2026-08-10T18:45:28+0200,f717c518-05ab-43f2-aeab-072d31581934,2026-07-10T23:30:00Z,2026-07-11T01:30:00+0200,90.7487,MW,DK2,DK_2,actual_offshore_wind_generation,Wind Offshore,2026-08-10T16:50:24Z
2026-08-10T16:45:28Z,2026-08-10T18:45:28+0200,f717c518-05ab-43f2-aeab-072d31581934,2026-07-10T23:45:00Z,2026-07-11T01:45:00+0200,90.7756,MW,DK2,DK_2,actual_offshore_wind_generation,Wind Offshore,2026-08-10T16:50:24Z
2026-08-10T16:45:28Z,2026-08-10T18:45:28+0200,f717c518-05ab-43f2-aeab-072d31581934,2026-07-11T00:00:00Z,2026-07-11T02:00:00+0200,75.6919,MW,DK2,DK_2,actual_offshore_wind_generation,Wind Offshore,2026-08-10T16:50:24Z
2026-08-10T16:45:28Z,2026-08-10T18:45:28+0200,f717c518-05ab-43f2-aeab-072d31581934,2026-07-11T00:15:00Z,2026-07-11T02:15:00+0200,75.0884,MW,DK2,DK_2,actual_offshore_wind_generation,Wind Offshore,2026-08-10T16:50:24Z
2026-08-10T16:45:28Z,2026-08-10T18:45:28+0200,f717c518-05ab-43f2-aeab-072d31581934,2026-07-11T00:30:00Z,2026-07-11T02:30:00+0200,60.267,MW,DK2,DK_2,actual_offshore_wind_generation,Wind Offshore,2026-08-10T16:50:24Z
2026-08-10T16:45:28Z,2026-08-10T18:45:28+0200,f717c518-05ab-43f2-aeab-072d31581934,2026-07-11T00:45:00Z,2026-07-11T02:45:00+0200,46.5148,MW,DK2,DK_2,actual_offshore_wind_generation,Wind Offshore,2026-08-10T16:50:24Z
2026-08-10T16:45:28Z,2026-08-10T18:45:28+0200,f717c518-05ab-43f2-aeab-072d31581934,2026-07-11T01:00:00Z,2026-07-11T03:00:00+0200,35.5829,MW,DK2,DK_2,actual_offshore_wind_generation,Wind Offshore,2026-08-10T16:50:24Z
2026-08-10T16:45:28Z,2026-08-10T18:45:28+0200,f717c518-05ab-43f2-aeab-072d31581934,2026-07-11T01:15:00Z,2026-07-11T03:15:00+0200,31.6593,MW,DK2,DK_2,actual_offshore_wind_generation,Wind Offshore,2026-08-10T16:50:24Z
2026-08-10T16:45:28Z,2026-08-10T18:45:28+0200,f717c518-05ab-43f2-aeab-072d31581934,2026-07-11T01:30:00Z,2026-07-11T03:30:00+0200,28.5531,MW,DK2,DK_2,actual_offshore_wind_generation,Wind Offshore,2026-08-10T16:50:24Z
2026-08-10T16:45:28Z,2026-08-10T18:45:28+0200,f717c518-05ab-43f2-aeab-072d31581934,2026-07-11T01:45:00Z,2026-07-11T03:45:00+0200,32.4473,MW,DK2,DK_2,actual_offshore_wind_generation,Wind Offshore,2026-08-10T16:50:24Z
2026-08-10T16:45:28Z,2026-08-10T18:45:28+0200,f717c518-05ab-43f2-aeab-072d31581934,2026-07-11T02:00:00Z,2026-07-11T04:00:00+0200,49.1505,MW,DK2,DK_2,actual_offshore_wind_generation,Wind Offshore,2026-08-10T16:50:24Z
2026-08-10T16:45:28Z,2026-08-10T18:45:28+0200,f717c518-05ab-43f2-aeab-072d31581934,2026-07-11T02:15:00Z,2026-07-11T04:15:00+0200,56.0214,MW,DK2,DK_2,actual_offshore_wind_generation,Wind Offshore,2026-08-10T16:50:24Z
2026-08-10T16:45:28Z,2026-08-10T18:45:28+0200,f717c518-05ab-43f2-aeab-072d31581934,2026-07-11T02:30:00Z,2026-07-11T04:30:00+0200,66.0564,MW,DK2,DK_2,actual_offshore_wind_generation,Wind Offshore,2026-08-10T16:50:24Z
2026-08-10T16:45:28Z,2026-08-10T18:45:28+0200,f717c518-05ab-43f2-aeab-072d31581934,2026-07-11T02:45:00Z,2026-07-11T04:45:00+0200,59.8164,MW,DK2,DK_2,actual_offshore_wind_generation,Wind Offshore,2026-08-10T16:50:24Z
2026-08-10T16:45:28Z,2026-08-10T18:45:28+0200,f717c518-05ab-43f2-aeab-072d31581934,2026-07-11T03:00:00Z,2026-07-11T05:00:00+0200,52.6309,MW,DK2,DK_2,actual_offshore_wind_generation,Wind Offshore,2026-08-10T16:50:24Z
2026-08-10T16:45:28Z,2026-08-10T18:45:28+0200,f717c518-05ab-43f2-aeab-072d31581934,2026-07-11T03:15:00Z,2026-07-11T05:15:00+0200,55.6599,MW,DK2,DK_2,actual_offshore_wind_generation,Wind Offshore,2026-08-10T16:50:24Z
2026-08-10T16:45:28Z,2026-08-10T18:45:28+0200,f717c518-05ab-43f2-aeab-072d31581934,2026-07-11T03:30:00Z,2026-07-11T05:30:00+0200,55.4428,MW,DK2,DK_2,actual_offshore_wind_generation,Wind Offshore,2026-08-10T16:50:24Z
2026-08-10T16:45:28Z,2026-08-10T18:45:28+0200,f717c518-05ab-43f2-aeab-072d31581934,2026-07-11T03:45:00Z,2026-07-11T05:45:00+0200,46.6225,MW,DK2,DK_2,actual_offshore_wind_generation,Wind Offshore,2026-08-10T16:50:24Z
2026-08-10T16:45:28Z,2026-08-10T18:45:28+0200,f717c518-05ab-43f2-aeab-072d31581934,2026-07-11T04:00:00Z,2026-07-11T06:00:00+0200,36.2344,MW,DK2,DK_2,actual_offshore_wind_generation,Wind Offshore,2026-08-10T16:50:24Z
2026-08-10T16:45:28Z,2026-08-10T18:45:28+0200,f717c518-05ab-43f2-aeab-072d31581934,2026-07-11T04:15:00Z,2026-07-11T06:15:00+0200,27.2324,MW,DK2,DK_2,actual_offshore_wind_generation,Wind Offshore,2026-08-10T16:50:24Z
2026-08-10T16:45:28Z,2026-08-10T18:45:28+0200,f717c518-05ab-43f2-aeab-072d31581934,2026-07-11T04:30:00Z,2026-07-11T06:30:00+0200,20.7439,MW,DK2,DK_2,actual_offshore_wind_generation,Wind Offshore,2026-08-10T16:50:24Z
2026-08-10T16:45:28Z,2026-08-10T18:45:28+0200,f717c518-05ab-43f2-aeab-072d31581934,2026-07-11T04:45:00Z,2026-07-11T06:45:00+0200,13.6765,MW,DK2,DK_2,actual_offshore_wind_generation,Wind Offshore,2026-08-10T16:50:24Z
2026-08-10T16:45:28Z,2026-08-10T18:45:28+0200,f717c518-05ab-43f2-aeab-072d31581934,2026-07-11T05:00:00Z,2026-07-11T07:00:00+0200,8.21396,MW,DK2,DK_2,actual_offshore_wind_generation,Wind Offshore,2026-08-10T16:50:24Z
2026-08-10T16:45:28Z,2026-08-10T18:45:28+0200,f717c518-05ab-43f2-aeab-072d31581934,2026-07-11T05:15:00Z,2026-07-11T07:15:00+0200,7.00455,MW,DK2,DK_2,actual_offshore_wind_generation,Wind Offshore,2026-08-10T16:50:24Z
2026-08-10T16:45:28Z,2026-08-10T18:45:28+0200,f717c518-05ab-43f2-aeab-072d31581934,2026-07-11T05:30:00Z,2026-07-11T07:30:00+0200,5.85387,MW,DK2,DK_2,actual_offshore_wind_generation,Wind Offshore,2026-08-10T16:50:24Z
2026-08-10T16:45:28Z,2026-08-10T18:45:28+0200,f717c518-05ab-43f2-aeab-072d31581934,2026-07-11T05:45:00Z,2026-07-11T07:45:00+0200,1.31013,MW,DK2,DK_2,actual_offshore_wind_generation,Wind Offshore,2026-08-10T16:50:24Z
2026-08-10T16:45:28Z,2026-08-10T18:45:28+0200,f717c518-05ab-43f2-aeab-072d31581934,2026-07-11T06:00:00Z,2026-07-11T08:00:00+0200,0.731,MW,DK2,DK_2,actual_offshore_wind_generation,Wind Offshore,2026-08-10T16:50:24Z
2026-08-10T16:45:28Z,2026-08-10T18:45:28+0200,f717c518-05ab-43f2-aeab-072d31581934,2026-07-11T06:15:00Z,2026-07-11T08:15:00+0200,1.71685,MW,DK2,DK_2,actual_offshore_wind_generation,Wind Offshore,2026-08-10T16:50:24Z
2026-08-10T16:45:28Z,2026-08-10T18:45:28+0200,f717c518-05ab-43f2-aeab-072d31581934,2026-07-11T06:30:00Z,2026-07-11T08:30:00+0200,1.29528,MW,DK2,DK_2,actual_offshore_wind_generation,Wind Offshore,2026-08-10T16:50:24Z
2026-08-10T16:45:28Z,2026-08-10T18:45:28+0200,f717c518-05ab-43f2-aeab-072d31581934,2026-07-11T06:45:00Z,2026-07-11T08:45:00+0200,0.338786,MW,DK2,DK_2,actual_offshore_wind_generation,Wind Offshore,2026-08-10T16:50:24Z
2026-08-10T16:45:28Z,2026-08-10T18:45:28+0200,f717c518-05ab-43f2-aeab-072d31581934,2026-07-11T07:00:00Z,2026-07-11T09:00:00+0200,0.796397,MW,DK2,DK_2,actual_offshore_wind_generation,Wind Offshore,2026-08-10T16:50:24Z
2026-08-10T16:45:28Z,2026-08-10T18:45:28+0200,f717c518-05ab-43f2-aeab-072d31581934,2026-07-11T07:15:00Z,2026-07-11T09:15:00+0200,3.46674,MW,DK2,DK_2,actual_offshore_wind_generation,Wind Offshore,2026-08-10T16:50:24Z
2026-08-10T16:45:28Z,2026-08-10T18:45:28+0200,f717c518-05ab-43f2-aeab-072d31581934,2026-07-11T07:30:00Z,2026-07-11T09:30:00+0200,4.88968,MW,DK2,DK_2,actual_offshore_wind_generation,Wind Offshore,2026-08-10T16:50:24Z
2026-08-10T16:45:28Z,2026-08-10T18:45:28+0200,f717c518-05ab-43f2-aeab-072d31581934,2026-07-11T07:45:00Z,2026-07-11T09:45:00+0200,2.47302,MW,DK2,DK_2,actual_offshore_wind_generation,Wind Offshore,2026-08-10T16:50:24Z
2026-08-10T16:45:28Z,2026-08-10T18:45:28+0200,f717c518-05ab-43f2-aeab-072d31581934,2026-07-11T08:00:00Z,2026-07-11T10:00:00+0200,0.314367,MW,DK2,DK_2,actual_offshore_wind_generation,Wind Offshore,2026-08-10T16:50:24Z
2026-08-10T16:45:28Z,2026-08-10T18:45:28+0200,f717c518-05ab-43f2-aeab-072d31581934,2026-07-11T11:45:00Z,2026-07-11T13:45:00+0200,6.99486,MW,DK2,DK_2,actual_offshore_wind_generation,Wind Offshore,2026-08-10T16:50:24Z
2026-08-10T16:45:28Z,2026-08-10T18:45:28+0200,f717c518-05ab-43f2-aeab-072d31581934,2026-07-11T12:00:00Z,2026-07-11T14:00:00+0200,15.6609,MW,DK2,DK_2,actual_offshore_wind_generation,Wind Offshore,2026-08-10T16:50:24Z
2026-08-10T16:45:28Z,2026-08-10T18:45:28+0200,f717c518-05ab-43f2-aeab-072d31581934,2026-07-11T12:15:00Z,2026-07-11T14:15:00+0200,19.4245,MW,DK2,DK_2,actual_offshore_wind_generation,Wind Offshore,2026-08-10T16:50:24Z
2026-08-10T16:45:28Z,2026-08-10T18:45:28+0200,f717c518-05ab-43f2-aeab-072d31581934,2026-07-11T12:30:00Z,2026-07-11T14:30:00+0200,10.1981,MW,DK2,DK_2,actual_offshore_wind_generation,Wind Offshore,2026-08-10T16:50:24Z
2026-08-10T16:45:28Z,2026-08-10T18:45:28+0200,f717c518-05ab-43f2-aeab-072d31581934,2026-07-11T12:45:00Z,2026-07-11T14:45:00+0200,7.52448,MW,DK2,DK_2,actual_offshore_wind_generation,Wind Offshore,2026-08-10T16:50:24Z
2026-08-10T16:45:28Z,2026-08-10T18:45:28+0200,f717c518-05ab-43f2-aeab-072d31581934,2026-07-11T13:00:00Z,2026-07-11T15:00:00+0200,8.05177,MW,DK2,DK_2,actual_offshore_wind_generation,Wind Offshore,2026-08-10T16:50:24Z
2026-08-10T16:45:28Z,2026-08-10T18:45:28+0200,f717c518-05ab-43f2-aeab-072d31581934,2026-07-11T13:15:00Z,2026-07-11T15:15:00+0200,16.683,MW,DK2,DK_2,actual_offshore_wind_generation,Wind Offshore,2026-08-10T16:50:24Z
2026-08-10T16:45:28Z,2026-08-10T18:45:28+0200,f717c518-05ab-43f2-aeab-072d31581934,2026-07-11T13:30:00Z,2026-07-11T15:30:00+0200,23.8768,MW,DK2,DK_2,actual_offshore_wind_generation,Wind Offshore,2026-08-10T16:50:24Z
2026-08-10T16:45:28Z,2026-08-10T18:45:28+0200,f717c518-05ab-43f2-aeab-072d31581934,2026-07-11T13:45:00Z,2026-07-11T15:45:00+0200,14.9773,MW,DK2,DK_2,actual_offshore_wind_generation,Wind Offshore,2026-08-10T16:50:24Z
2026-08-10T16:45:28Z,2026-08-10T18:45:28+0200,f717c518-05ab-43f2-aeab-072d31581934,2026-07-11T14:00:00Z,2026-07-11T16:00:00+0200,27.1467,MW,DK2,DK_2,actual_offshore_wind_generation,Wind Offshore,2026-08-10T16:50:24Z
2026-08-10T16:45:28Z,2026-08-10T18:45:28+0200,f717c518-05ab-43f2-aeab-072d31581934,2026-07-11T14:15:00Z,2026-07-11T16:15:00+0200,46.3319,MW,DK2,DK_2,actual_offshore_wind_generation,Wind Offshore,2026-08-10T16:50:24Z
2026-08-10T16:45:28Z,2026-08-10T18:45:28+0200,f717c518-05ab-43f2-aeab-072d31581934,2026-07-11T14:30:00Z,2026-07-11T16:30:00+0200,56.4785,MW,DK2,DK_2,actual_offshore_wind_generation,Wind Offshore,2026-08-10T16:50:24Z
2026-08-10T16:45:28Z,2026-08-10T18:45:28+0200,f717c518-05ab-43f2-aeab-072d31581934,2026-07-11T14:45:00Z,2026-07-11T16:45:00+0200,53.5241,MW,DK2,DK_2,actual_offshore_wind_generation,Wind Offshore,2026-08-10T16:50:24Z
2026-08-10T16:45:28Z,2026-08-10T18:45:28+0200,f717c518-05ab-43f2-aeab-072d31581934,2026-07-11T15:00:00Z,2026-07-11T17:00:00+0200,67.2497,MW,DK2,DK_2,actual_offshore_wind_generation,Wind Offshore,2026-08-10T16:50:24Z
2026-08-10T16:45:28Z,2026-08-10T18:45:28+0200,f717c518-05ab-43f2-aeab-072d31581934,2026-07-11T15:15:00Z,2026-07-11T17:15:00+0200,79.4876,MW,DK2,DK_2,actual_offshore_wind_generation,Wind Offshore,2026-08-10T16:50:24Z
2026-08-10T16:45:28Z,2026-08-10T18:45:28+0200,f717c518-05ab-43f2-aeab-072d31581934,2026-07-11T15:30:00Z,2026-07-11T17:30:00+0200,91.9145,MW,DK2,DK_2,actual_offshore_wind_generation,Wind Offshore,2026-08-10T16:50:24Z
2026-08-10T16:45:28Z,2026-08-10T18:45:28+0200,f717c518-05ab-43f2-aeab-072d31581934,2026-07-11T15:45:00Z,2026-07-11T17:45:00+0200,97.2042,MW,DK2,DK_2,actual_offshore_wind_generation,Wind Offshore,2026-08-10T16:50:24Z
2026-08-10T16:45:28Z,2026-08-10T18:45:28+0200,f717c518-05ab-43f2-aeab-072d31581934,2026-07-11T16:00:00Z,2026-07-11T18:00:00+0200,117.864,MW,DK2,DK_2,actual_offshore_wind_generation,Wind Offshore,2026-08-10T16:50:24Z
2026-08-10T16:45:28Z,2026-08-10T18:45:28+0200,f717c518-05ab-43f2-aeab-072d31581934,2026-07-11T16:15:00Z,2026-07-11T18:15:00+0200,140.889,MW,DK2,DK_2,actual_offshore_wind_generation,Wind Offshore,2026-08-10T16:50:24Z
2026-08-10T16:45:28Z,2026-08-10T18:45:28+0200,f717c518-05ab-43f2-aeab-072d31581934,2026-07-11T16:30:00Z,2026-07-11T18:30:00+0200,165.445,MW,DK2,DK_2,actual_offshore_wind_generation,Wind Offshore,2026-08-10T16:50:24Z
2026-08-10T16:45:28Z,2026-08-10T18:45:28+0200,f717c518-05ab-43f2-aeab-072d31581934,2026-07-11T16:45:00Z,2026-07-11T18:45:00+0200,183.057,MW,DK2,DK_2,actual_offshore_wind_generation,Wind Offshore,2026-08-10T16:50:24Z
2026-08-10T16:45:28Z,2026-08-10T18:45:28+0200,f717c518-05ab-43f2-aeab-072d31581934,2026-07-11T17:00:00Z,2026-07-11T19:00:00+0200,191.691,MW,DK2,DK_2,actual_offshore_wind_generation,Wind Offshore,2026-08-10T16:50:24Z
2026-08-10T16:45:28Z,2026-08-10T18:45:28+0200,f717c518-05ab-43f2-aeab-072d31581934,2026-07-11T17:15:00Z,2026-07-11T19:15:00+0200,181.209,MW,DK2,DK_2,actual_offshore_wind_generation,Wind Offshore,2026-08-10T16:50:24Z
2026-08-10T16:45:28Z,2026-08-10T18:45:28+0200,f717c518-05ab-43f2-aeab-072d31581934,2026-07-11T17:30:00Z,2026-07-11T19:30:00+0200,165.453,MW,DK2,DK_2,actual_offshore_wind_generation,Wind Offshore,2026-08-10T16:50:24Z
2026-08-10T16:45:28Z,2026-08-10T18:45:28+0200,f717c518-05ab-43f2-aeab-072d31581934,2026-07-11T17:45:00Z,2026-07-11T19:45:00+0200,147.647,MW,DK2,DK_2,actual_offshore_wind_generation,Wind Offshore,2026-08-10T16:50:24Z
2026-08-10T16:45:28Z,2026-08-10T18:45:28+0200,f717c518-05ab-43f2-aeab-072d31581934,2026-07-11T18:00:00Z,2026-07-11T20:00:00+0200,138.511,MW,DK2,DK_2,actual_offshore_wind_generation,Wind Offshore,2026-08-10T16:50:24Z
2026-08-10T16:45:28Z,2026-08-10T18:45:28+0200,f717c518-05ab-43f2-aeab-072d31581934,2026-07-11T18:15:00Z,2026-07-11T20:15:00+0200,121.653,MW,DK2,DK_2,actual_offshore_wind_generation,Wind Offshore,2026-08-10T16:50:24Z
2026-08-10T16:45:28Z,2026-08-10T18:45:28+0200,f717c518-05ab-43f2-aeab-072d31581934,2026-07-11T18:30:00Z,2026-07-11T20:30:00+0200,116.275,MW,DK2,DK_2,actual_offshore_wind_generation,Wind Offshore,2026-08-10T16:50:24Z
2026-08-10T16:45:28Z,2026-08-10T18:45:28+0200,f717c518-05ab-43f2-aeab-072d31581934,2026-07-11T18:45:00Z,2026-07-11T20:45:00+0200,110.344,MW,DK2,DK_2,actual_offshore_wind_generation,Wind Offshore,2026-08-10T16:50:24Z
2026-08-10T16:45:28Z,2026-08-10T18:45:28+0200,f717c518-05ab-43f2-aeab-072d31581934,2026-07-11T19:00:00Z,2026-07-11T21:00:00+0200,104.748,MW,DK2,DK_2,actual_offshore_wind_generation,Wind Offshore,2026-08-10T16:50:24Z
2026-08-10T16:45:28Z,2026-08-10T18:45:28+0200,f717c518-05ab-43f2-aeab-072d31581934,2026-07-11T19:15:00Z,2026-07-11T21:15:00+0200,104.212,MW,DK2,DK_2,actual_offshore_wind_generation,Wind Offshore,2026-08-10T16:50:24Z
2026-08-10T16:45:28Z,2026-08-10T18:45:28+0200,f717c518-05ab-43f2-aeab-072d31581934,2026-07-11T19:30:00Z,2026-07-11T21:30:00+0200,106.561,MW,DK2,DK_2,actual_offshore_wind_generation,Wind Offshore,2026-08-10T16:50:24Z
2026-08-10T16:45:28Z,2026-08-10T18:45:28+0200,f717c518-05ab-43f2-aeab-072d31581934,2026-07-11T19:45:00Z,2026-07-11T21:45:00+0200,119.2,MW,DK2,DK_2,actual_offshore_wind_generation,Wind Offshore,2026-08-10T16:50:24Z
2026-08-10T16:45:28Z,2026-08-10T18:45:28+0200,f717c518-05ab-43f2-aeab-072d31581934,2026-07-11T20:00:00Z,2026-07-11T22:00:00+0200,129.935,MW,DK2,DK_2,actual_offshore_wind_generation,Wind Offshore,2026-08-10T16:50:24Z
2026-08-10T16:45:28Z,2026-08-10T18:45:28+0200,f717c518-05ab-43f2-aeab-072d31581934,2026-07-11T20:15:00Z,2026-07-11T22:15:00+0200,138.729,MW,DK2,DK_2,actual_offshore_wind_generation,Wind Offshore,2026-08-10T16:50:24Z
2026-08-10T16:45:28Z,2026-08-10T18:45:28+0200,f717c518-05ab-43f2-aeab-072d31581934,2026-07-11T20:30:00Z,2026-07-11T22:30:00+0200,169.179,MW,DK2,DK_2,actual_offshore_wind_generation,Wind Offshore,2026-08-10T16:50:24Z
2026-08-10T16:45:28Z,2026-08-10T18:45:28+0200,f717c518-05ab-43f2-aeab-072d31581934,2026-07-11T20:45:00Z,2026-07-11T22:45:00+0200,181.807,MW,DK2,DK_2,actual_offshore_wind_generation,Wind Offshore,2026-08-10T16:50:24Z
2026-08-10T16:45:28Z,2026-08-10T18:45:28+0200,f717c518-05ab-43f2-aeab-072d31581934,2026-07-11T21:00:00Z,2026-07-11T23:00:00+0200,185.861,MW,DK2,DK_2,actual_offshore_wind_generation,Wind Offshore,2026-08-10T16:50:24Z
2026-08-10T16:45:28Z,2026-08-10T18:45:28+0200,f717c518-05ab-43f2-aeab-072d31581934,2026-07-11T21:15:00Z,2026-07-11T23:15:00+0200,180.878,MW,DK2,DK_2,actual_offshore_wind_generation,Wind Offshore,2026-08-10T16:50:24Z
2026-08-10T16:45:28Z,2026-08-10T18:45:28+0200,f717c518-05ab-43f2-aeab-072d31581934,2026-07-11T21:30:00Z,2026-07-11T23:30:00+0200,186.917,MW,DK2,DK_2,actual_offshore_wind_generation,Wind Offshore,2026-08-10T16:50:24Z
2026-08-10T16:45:28Z,2026-08-10T18:45:28+0200,f717c518-05ab-43f2-aeab-072d31581934,2026-07-11T21:45:00Z,2026-07-11T23:45:00+0200,207.303,MW,DK2,DK_2,actual_offshore_wind_generation,Wind Offshore,2026-08-10T16:50:24Z
2026-08-10T16:45:28Z,2026-08-10T18:45:28+0200,f717c518-05ab-43f2-aeab-072d31581934,2026-07-11T22:00:00Z,2026-07-12T00:00:00+0200,206.926,MW,DK2,DK_2,actual_offshore_wind_generation,Wind Offshore,2026-08-10T16:50:24Z
2026-08-10T16:45:28Z,2026-08-10T18:45:28+0200,f717c518-05ab-43f2-aeab-072d31581934,2026-07-11T22:15:00Z,2026-07-12T00:15:00+0200,224.265,MW,DK2,DK_2,actual_offshore_wind_generation,Wind Offshore,2026-08-10T16:50:24Z
2026-08-10T16:45:28Z,2026-08-10T18:45:28+0200,f717c518-05ab-43f2-aeab-072d31581934,2026-07-11T22:30:00Z,2026-07-12T00:30:00+0200,251.151,MW,DK2,DK_2,actual_offshore_wind_generation,Wind Offshore,2026-08-10T16:50:24Z
2026-08-10T16:45:28Z,2026-08-10T18:45:28+0200,f717c518-05ab-43f2-aeab-072d31581934,2026-07-11T22:45:00Z,2026-07-12T00:45:00+0200,276.681,MW,DK2,DK_2,actual_offshore_wind_generation,Wind Offshore,2026-08-10T16:50:24Z
2026-08-10T16:45:28Z,2026-08-10T18:45:28+0200,f717c518-05ab-43f2-aeab-072d31581934,2026-07-11T23:00:00Z,2026-07-12T01:00:00+0200,271.43,MW,DK2,DK_2,actual_offshore_wind_generation,Wind Offshore,2026-08-10T16:50:24Z
2026-08-10T16:45:28Z,2026-08-10T18:45:28+0200,f717c518-05ab-43f2-aeab-072d31581934,2026-07-11T23:15:00Z,2026-07-12T01:15:00+0200,283.089,MW,DK2,DK_2,actual_offshore_wind_generation,Wind Offshore,2026-08-10T16:50:24Z
2026-08-10T16:45:28Z,2026-08-10T18:45:28+0200,f717c518-05ab-43f2-aeab-072d31581934,2026-07-11T23:30:00Z,2026-07-12T01:30:00+0200,294.75,MW,DK2,DK_2,actual_offshore_wind_generation,Wind Offshore,2026-08-10T16:50:24Z
2026-08-10T16:45:28Z,2026-08-10T18:45:28+0200,f717c518-05ab-43f2-aeab-072d31581934,2026-07-11T23:45:00Z,2026-07-12T01:45:00+0200,295.097,MW,DK2,DK_2,actual_offshore_wind_generation,Wind Offshore,2026-08-10T16:50:24Z
2026-08-10T16:45:28Z,2026-08-10T18:45:28+0200,f717c518-05ab-43f2-aeab-072d31581934,2026-07-12T00:00:00Z,2026-07-12T02:00:00+0200,305.312,MW,DK2,DK_2,actual_offshore_wind_generation,Wind Offshore,2026-08-10T16:50:24Z
2026-08-10T16:45:28Z,2026-08-10T18:45:28+0200,f717c518-05ab-43f2-aeab-072d31581934,2026-07-12T00:15:00Z,2026-07-12T02:15:00+0200,309.178,MW,DK2,DK_2,actual_offshore_wind_generation,Wind Offshore,2026-08-10T16:50:24Z
2026-08-10T16:45:28Z,2026-08-10T18:45:28+0200,f717c518-05ab-43f2-aeab-072d31581934,2026-07-12T00:30:00Z,2026-07-12T02:30:00+0200,313.585,MW,DK2,DK_2,actual_offshore_wind_generation,Wind Offshore,2026-08-10T16:50:24Z
2026-08-10T16:45:28Z,2026-08-10T18:45:28+0200,f717c518-05ab-43f2-aeab-072d31581934,2026-07-12T00:45:00Z,2026-07-12T02:45:00+0200,322.477,MW,DK2,DK_2,actual_offshore_wind_generation,Wind Offshore,2026-08-10T16:50:24Z
2026-08-10T16:45:28Z,2026-08-10T18:45:28+0200,f717c518-05ab-43f2-aeab-072d31581934,2026-07-12T01:00:00Z,2026-07-12T03:00:00+0200,331.108,MW,DK2,DK_2,actual_offshore_wind_generation,Wind Offshore,2026-08-10T16:50:24Z
2026-08-10T16:45:28Z,2026-08-10T18:45:28+0200,f717c518-05ab-43f2-aeab-072d31581934,2026-07-12T01:15:00Z,2026-07-12T03:15:00+0200,312.055,MW,DK2,DK_2,actual_offshore_wind_generation,Wind Offshore,2026-08-10T16:50:24Z
2026-08-10T16:45:28Z,2026-08-10T18:45:28+0200,f717c518-05ab-43f2-aeab-072d31581934,2026-07-12T01:30:00Z,2026-07-12T03:30:00+0200,307.11,MW,DK2,DK_2,actual_offshore_wind_generation,Wind Offshore,2026-08-10T16:50:24Z
2026-08-10T16:45:28Z,2026-08-10T18:45:28+0200,f717c518-05ab-43f2-aeab-072d31581934,2026-07-12T01:45:00Z,2026-07-12T03:45:00+0200,300.684,MW,DK2,DK_2,actual_offshore_wind_generation,Wind Offshore,2026-08-10T16:50:24Z
2026-08-10T16:45:28Z,2026-08-10T18:45:28+0200,f717c518-05ab-43f2-aeab-072d31581934,2026-07-12T02:00:00Z,2026-07-12T04:00:00+0200,305.948,MW,DK2,DK_2,actual_offshore_wind_generation,Wind Offshore,2026-08-10T16:50:24Z
2026-08-10T16:45:28Z,2026-08-10T18:45:28+0200,f717c518-05ab-43f2-aeab-072d31581934,2026-07-12T02:15:00Z,2026-07-12T04:15:00+0200,323.733,MW,DK2,DK_2,actual_offshore_wind_generation,Wind Offshore,2026-08-10T16:50:24Z
2026-08-10T16:45:28Z,2026-08-10T18:45:28+0200,f717c518-05ab-43f2-aeab-072d31581934,2026-07-12T02:30:00Z,2026-07-12T04:30:00+0200,328.923,MW,DK2,DK_2,actual_offshore_wind_generation,Wind Offshore,2026-08-10T16:50:24Z
2026-08-10T16:45:28Z,2026-08-10T18:45:28+0200,f717c518-05ab-43f2-aeab-072d31581934,2026-07-12T02:45:00Z,2026-07-12T04:45:00+0200,320.837,MW,DK2,DK_2,actual_offshore_wind_generation,Wind Offshore,2026-08-10T16:50:24Z
2026-08-10T16:45:28Z,2026-08-10T18:45:28+0200,f717c518-05ab-43f2-aeab-072d31581934,2026-07-12T03:00:00Z,2026-07-12T05:00:00+0200,299.632,MW,DK2,DK_2,actual_offshore_wind_generation,Wind Offshore,2026-08-10T16:50:24Z
2026-08-10T16:45:28Z,2026-08-10T18:45:28+0200,f717c518-05ab-43f2-aeab-072d31581934,2026-07-12T03:15:00Z,2026-07-12T05:15:00+0200,298.226,MW,DK2,DK_2,actual_offshore_wind_generation,Wind Offshore,2026-08-10T16:50:24Z
2026-08-10T16:45:28Z,2026-08-10T18:45:28+0200,f717c518-05ab-43f2-aeab-072d31581934,2026-07-12T03:30:00Z,2026-07-12T05:30:00+0200,283.391,MW,DK2,DK_2,actual_offshore_wind_generation,Wind Offshore,2026-08-10T16:50:24Z
2026-08-10T16:45:28Z,2026-08-10T18:45:28+0200,f717c518-05ab-43f2-aeab-072d31581934,2026-07-12T03:45:00Z,2026-07-12T05:45:00+0200,235.732,MW,DK2,DK_2,actual_offshore_wind_generation,Wind Offshore,2026-08-10T16:50:24Z
2026-08-10T16:45:28Z,2026-08-10T18:45:28+0200,f717c518-05ab-43f2-aeab-072d31581934,2026-07-12T04:00:00Z,2026-07-12T06:00:00+0200,187.944,MW,DK2,DK_2,actual_offshore_wind_generation,Wind Offshore,2026-08-10T16:50:24Z
2026-08-10T16:45:28Z,2026-08-10T18:45:28+0200,f717c518-05ab-43f2-aeab-072d31581934,2026-07-12T04:15:00Z,2026-07-12T06:15:00+0200,142.367,MW,DK2,DK_2,actual_offshore_wind_generation,Wind Offshore,2026-08-10T16:50:24Z
2026-08-10T16:45:28Z,2026-08-10T18:45:28+0200,f717c518-05ab-43f2-aeab-072d31581934,2026-07-12T04:30:00Z,2026-07-12T06:30:00+0200,114.474,MW,DK2,DK_2,actual_offshore_wind_generation,Wind Offshore,2026-08-10T16:50:24Z
2026-08-10T16:45:28Z,2026-08-10T18:45:28+0200,f717c518-05ab-43f2-aeab-072d31581934,2026-07-12T04:45:00Z,2026-07-12T06:45:00+0200,98.1414,MW,DK2,DK_2,actual_offshore_wind_generation,Wind Offshore,2026-08-10T16:50:24Z
2026-08-10T16:45:28Z,2026-08-10T18:45:28+0200,f717c518-05ab-43f2-aeab-072d31581934,2026-07-12T05:00:00Z,2026-07-12T07:00:00+0200,86.0324,MW,DK2,DK_2,actual_offshore_wind_generation,Wind Offshore,2026-08-10T16:50:24Z
2026-08-10T16:45:28Z,2026-08-10T18:45:28+0200,f717c518-05ab-43f2-aeab-072d31581934,2026-07-12T05:15:00Z,2026-07-12T07:15:00+0200,87.4557,MW,DK2,DK_2,actual_offshore_wind_generation,Wind Offshore,2026-08-10T16:50:24Z
2026-08-10T16:45:28Z,2026-08-10T18:45:28+0200,f717c518-05ab-43f2-aeab-072d31581934,2026-07-12T05:30:00Z,2026-07-12T07:30:00+0200,90.0413,MW,DK2,DK_2,actual_offshore_wind_generation,Wind Offshore,2026-08-10T16:50:24Z
2026-08-10T16:45:28Z,2026-08-10T18:45:28+0200,f717c518-05ab-43f2-aeab-072d31581934,2026-07-12T05:45:00Z,2026-07-12T07:45:00+0200,94.6438,MW,DK2,DK_2,actual_offshore_wind_generation,Wind Offshore,2026-08-10T16:50:24Z
2026-08-10T16:45:28Z,2026-08-10T18:45:28+0200,f717c518-05ab-43f2-aeab-072d31581934,2026-07-12T06:00:00Z,2026-07-12T08:00:00+0200,99.5145,MW,DK2,DK_2,actual_offshore_wind_generation,Wind Offshore,2026-08-10T16:50:24Z
2026-08-10T16:45:28Z,2026-08-10T18:45:28+0200,f717c518-05ab-43f2-aeab-072d31581934,2026-07-12T06:15:00Z,2026-07-12T08:15:00+0200,105.685,MW,DK2,DK_2,actual_offshore_wind_generation,Wind Offshore,2026-08-10T16:50:24Z
2026-08-10T16:45:28Z,2026-08-10T18:45:28+0200,f717c518-05ab-43f2-aeab-072d31581934,2026-07-12T06:30:00Z,2026-07-12T08:30:00+0200,96.7731,MW,DK2,DK_2,actual_offshore_wind_generation,Wind Offshore,2026-08-10T16:50:24Z
2026-08-10T16:45:28Z,2026-08-10T18:45:28+0200,f717c518-05ab-43f2-aeab-072d31581934,2026-07-12T06:45:00Z,2026-07-12T08:45:00+0200,91.4922,MW,DK2,DK_2,actual_offshore_wind_generation,Wind Offshore,2026-08-10T16:50:24Z
2026-08-10T16:45:28Z,2026-08-10T18:45:28+0200,f717c518-05ab-43f2-aeab-072d31581934,2026-07-12T07:00:00Z,2026-07-12T09:00:00+0200,80.3908,MW,DK2,DK_2,actual_offshore_wind_generation,Wind Offshore,2026-08-10T16:50:24Z
2026-08-10T16:45:28Z,2026-08-10T18:45:28+0200,f717c518-05ab-43f2-aeab-072d31581934,2026-07-12T07:15:00Z,2026-07-12T09:15:00+0200,54.0901,MW,DK2,DK_2,actual_offshore_wind_generation,Wind Offshore,2026-08-10T16:50:24Z
2026-08-10T16:45:28Z,2026-08-10T18:45:28+0200,f717c518-05ab-43f2-aeab-072d31581934,2026-07-12T07:30:00Z,2026-07-12T09:30:00+0200,41.1744,MW,DK2,DK_2,actual_offshore_wind_generation,Wind Offshore,2026-08-10T16:50:24Z
2026-08-10T16:45:28Z,2026-08-10T18:45:28+0200,f717c518-05ab-43f2-aeab-072d31581934,2026-07-12T07:45:00Z,2026-07-12T09:45:00+0200,45.4602,MW,DK2,DK_2,actual_offshore_wind_generation,Wind Offshore,2026-08-10T16:50:24Z
2026-08-10T16:45:28Z,2026-08-10T18:45:28+0200,f717c518-05ab-43f2-aeab-072d31581934,2026-07-12T08:00:00Z,2026-07-12T10:00:00+0200,49.3009,MW,DK2,DK_2,actual_offshore_wind_generation,Wind Offshore,2026-08-10T16:50:24Z
2026-08-10T16:45:28Z,2026-08-10T18:45:28+0200,f717c518-05ab-43f2-aeab-072d31581934,2026-07-12T08:15:00Z,2026-07-12T10:15:00+0200,51.3043,MW,DK2,DK_2,actual_offshore_wind_generation,Wind Offshore,2026-08-10T16:50:24Z
2026-08-10T16:45:28Z,2026-08-10T18:45:28+0200,f717c518-05ab-43f2-aeab-072d31581934,2026-07-12T08:30:00Z,2026-07-12T10:30:00+0200,45.2168,MW,DK2,DK_2,actual_offshore_wind_generation,Wind Offshore,2026-08-10T16:50:24Z
2026-08-10T16:45:28Z,2026-08-10T18:45:28+0200,f717c518-05ab-43f2-aeab-072d31581934,2026-07-12T08:45:00Z,2026-07-12T10:45:00+0200,34.1943,MW,DK2,DK_2,actual_offshore_wind_generation,Wind Offshore,2026-08-10T16:50:24Z
2026-08-10T16:45:28Z,2026-08-10T18:45:28+0200,f717c518-05ab-43f2-aeab-072d31581934,2026-07-12T09:00:00Z,2026-07-12T11:00:00+0200,29.8685,MW,DK2,DK_2,actual_offshore_wind_generation,Wind Offshore,2026-08-10T16:50:24Z
2026-08-10T16:45:28Z,2026-08-10T18:45:28+0200,f717c518-05ab-43f2-aeab-072d31581934,2026-07-12T09:15:00Z,2026-07-12T11:15:00+0200,23.2037,MW,DK2,DK_2,actual_offshore_wind_generation,Wind Offshore,2026-08-10T16:50:24Z
2026-08-10T16:45:28Z,2026-08-10T18:45:28+0200,f717c518-05ab-43f2-aeab-072d31581934,2026-07-12T09:30:00Z,2026-07-12T11:30:00+0200,20.6206,MW,DK2,DK_2,actual_offshore_wind_generation,Wind Offshore,2026-08-10T16:50:24Z
2026-08-10T16:45:28Z,2026-08-10T18:45:28+0200,f717c518-05ab-43f2-aeab-072d31581934,2026-07-12T09:45:00Z,2026-07-12T11:45:00+0200,35.591,MW,DK2,DK_2,actual_offshore_wind_generation,Wind Offshore,2026-08-10T16:50:24Z
2026-08-10T16:45:28Z,2026-08-10T18:45:28+0200,f717c518-05ab-43f2-aeab-072d31581934,2026-07-12T10:00:00Z,2026-07-12T12:00:00+0200,40.5328,MW,DK2,DK_2,actual_offshore_wind_generation,Wind Offshore,2026-08-10T16:50:24Z
2026-08-10T16:45:28Z,2026-08-10T18:45:28+0200,f717c518-05ab-43f2-aeab-072d31581934,2026-07-12T10:15:00Z,2026-07-12T12:15:00+0200,48.68,MW,DK2,DK_2,actual_offshore_wind_generation,Wind Offshore,2026-08-10T16:50:24Z
2026-08-10T16:45:28Z,2026-08-10T18:45:28+0200,f717c518-05ab-43f2-aeab-072d31581934,2026-07-12T10:30:00Z,2026-07-12T12:30:00+0200,50.0433,MW,DK2,DK_2,actual_offshore_wind_generation,Wind Offshore,2026-08-10T16:50:24Z
2026-08-10T16:45:28Z,2026-08-10T18:45:28+0200,f717c518-05ab-43f2-aeab-072d31581934,2026-07-12T10:45:00Z,2026-07-12T12:45:00+0200,47.1517,MW,DK2,DK_2,actual_offshore_wind_generation,Wind Offshore,2026-08-10T16:50:24Z
2026-08-10T16:45:28Z,2026-08-10T18:45:28+0200,f717c518-05ab-43f2-aeab-072d31581934,2026-07-12T11:00:00Z,2026-07-12T13:00:00+0200,52.2662,MW,DK2,DK_2,actual_offshore_wind_generation,Wind Offshore,2026-08-10T16:50:24Z
2026-08-10T16:45:28Z,2026-08-10T18:45:28+0200,f717c518-05ab-43f2-aeab-072d31581934,2026-07-12T11:15:00Z,2026-07-12T13:15:00+0200,55.9384,MW,DK2,DK_2,actual_offshore_wind_generation,Wind Offshore,2026-08-10T16:50:24Z
2026-08-10T16:45:28Z,2026-08-10T18:45:28+0200,f717c518-05ab-43f2-aeab-072d31581934,2026-07-12T11:30:00Z,2026-07-12T13:30:00+0200,54.0429,MW,DK2,DK_2,actual_offshore_wind_generation,Wind Offshore,2026-08-10T16:50:24Z
2026-08-10T16:45:28Z,2026-08-10T18:45:28+0200,f717c518-05ab-43f2-aeab-072d31581934,2026-07-12T11:45:00Z,2026-07-12T13:45:00+0200,52.5122,MW,DK2,DK_2,actual_offshore_wind_generation,Wind Offshore,2026-08-10T16:50:24Z
2026-08-10T16:45:28Z,2026-08-10T18:45:28+0200,f717c518-05ab-43f2-aeab-072d31581934,2026-07-12T12:00:00Z,2026-07-12T14:00:00+0200,49.8897,MW,DK2,DK_2,actual_offshore_wind_generation,Wind Offshore,2026-08-10T16:50:24Z
2026-08-10T16:45:28Z,2026-08-10T18:45:28+0200,f717c518-05ab-43f2-aeab-072d31581934,2026-07-12T12:15:00Z,2026-07-12T14:15:00+0200,42.9498,MW,DK2,DK_2,actual_offshore_wind_generation,Wind Offshore,2026-08-10T16:50:24Z
2026-08-10T16:45:28Z,2026-08-10T18:45:28+0200,f717c518-05ab-43f2-aeab-072d31581934,2026-07-12T12:30:00Z,2026-07-12T14:30:00+0200,40.7537,MW,DK2,DK_2,actual_offshore_wind_generation,Wind Offshore,2026-08-10T16:50:24Z
2026-08-10T16:45:28Z,2026-08-10T18:45:28+0200,f717c518-05ab-43f2-aeab-072d31581934,2026-07-12T12:45:00Z,2026-07-12T14:45:00+0200,48.6752,MW,DK2,DK_2,actual_offshore_wind_generation,Wind Offshore,2026-08-10T16:50:24Z
2026-08-10T16:45:28Z,2026-08-10T18:45:28+0200,f717c518-05ab-43f2-aeab-072d31581934,2026-07-12T13:00:00Z,2026-07-12T15:00:00+0200,46.7341,MW,DK2,DK_2,actual_offshore_wind_generation,Wind Offshore,2026-08-10T16:50:24Z
2026-08-10T16:45:28Z,2026-08-10T18:45:28+0200,f717c518-05ab-43f2-aeab-072d31581934,2026-07-12T13:15:00Z,2026-07-12T15:15:00+0200,41.4452,MW,DK2,DK_2,actual_offshore_wind_generation,Wind Offshore,2026-08-10T16:50:24Z
2026-08-10T16:45:28Z,2026-08-10T18:45:28+0200,f717c518-05ab-43f2-aeab-072d31581934,2026-07-12T13:30:00Z,2026-07-12T15:30:00+0200,35.6957,MW,DK2,DK_2,actual_offshore_wind_generation,Wind Offshore,2026-08-10T16:50:24Z
2026-08-10T16:45:28Z,2026-08-10T18:45:28+0200,f717c518-05ab-43f2-aeab-072d31581934,2026-07-12T13:45:00Z,2026-07-12T15:45:00+0200,41.4948,MW,DK2,DK_2,actual_offshore_wind_generation,Wind Offshore,2026-08-10T16:50:24Z
2026-08-10T16:45:28Z,2026-08-10T18:45:28+0200,f717c518-05ab-43f2-aeab-072d31581934,2026-07-12T14:00:00Z,2026-07-12T16:00:00+0200,46.7033,MW,DK2,DK_2,actual_offshore_wind_generation,Wind Offshore,2026-08-10T16:50:24Z
2026-08-10T16:45:28Z,2026-08-10T18:45:28+0200,f717c518-05ab-43f2-aeab-072d31581934,2026-07-12T14:15:00Z,2026-07-12T16:15:00+0200,40.6152,MW,DK2,DK_2,actual_offshore_wind_generation,Wind Offshore,2026-08-10T16:50:24Z
2026-08-10T16:45:28Z,2026-08-10T18:45:28+0200,f717c518-05ab-43f2-aeab-072d31581934,2026-07-12T14:30:00Z,2026-07-12T16:30:00+0200,35.4876,MW,DK2,DK_2,actual_offshore_wind_generation,Wind Offshore,2026-08-10T16:50:24Z
2026-08-10T16:45:28Z,2026-08-10T18:45:28+0200,f717c518-05ab-43f2-aeab-072d31581934,2026-07-12T14:45:00Z,2026-07-12T16:45:00+0200,39.4058,MW,DK2,DK_2,actual_offshore_wind_generation,Wind Offshore,2026-08-10T16:50:24Z
2026-08-10T16:45:28Z,2026-08-10T18:45:28+0200,f717c518-05ab-43f2-aeab-072d31581934,2026-07-12T15:00:00Z,2026-07-12T17:00:00+0200,41.9461,MW,DK2,DK_2,actual_offshore_wind_generation,Wind Offshore,2026-08-10T16:50:24Z
2026-08-10T16:45:28Z,2026-08-10T18:45:28+0200,f717c518-05ab-43f2-aeab-072d31581934,2026-07-12T15:15:00Z,2026-07-12T17:15:00+0200,41.0932,MW,DK2,DK_2,actual_offshore_wind_generation,Wind Offshore,2026-08-10T16:50:24Z
2026-08-10T16:45:28Z,2026-08-10T18:45:28+0200,f717c518-05ab-43f2-aeab-072d31581934,2026-07-12T15:30:00Z,2026-07-12T17:30:00+0200,40.5732,MW,DK2,DK_2,actual_offshore_wind_generation,Wind Offshore,2026-08-10T16:50:24Z
2026-08-10T16:45:28Z,2026-08-10T18:45:28+0200,f717c518-05ab-43f2-aeab-072d31581934,2026-07-12T15:45:00Z,2026-07-12T17:45:00+0200,42.4265,MW,DK2,DK_2,actual_offshore_wind_generation,Wind Offshore,2026-08-10T16:50:24Z
2026-08-10T16:45:28Z,2026-08-10T18:45:28+0200,f717c518-05ab-43f2-aeab-072d31581934,2026-07-12T16:00:00Z,2026-07-12T18:00:00+0200,33.941,MW,DK2,DK_2,actual_offshore_wind_generation,Wind Offshore,2026-08-10T16:50:24Z
2026-08-10T16:45:28Z,2026-08-10T18:45:28+0200,f717c518-05ab-43f2-aeab-072d31581934,2026-07-12T16:15:00Z,2026-07-12T18:15:00+0200,30.4865,MW,DK2,DK_2,actual_offshore_wind_generation,Wind Offshore,2026-08-10T16:50:24Z
2026-08-10T16:45:28Z,2026-08-10T18:45:28+0200,f717c518-05ab-43f2-aeab-072d31581934,2026-07-12T16:30:00Z,2026-07-12T18:30:00+0200,28.413,MW,DK2,DK_2,actual_offshore_wind_generation,Wind Offshore,2026-08-10T16:50:24Z
2026-08-10T16:45:28Z,2026-08-10T18:45:28+0200,f717c518-05ab-43f2-aeab-072d31581934,2026-07-12T16:45:00Z,2026-07-12T18:45:00+0200,26.6961,MW,DK2,DK_2,actual_offshore_wind_generation,Wind Offshore,2026-08-10T16:50:24Z
2026-08-10T16:45:28Z,2026-08-10T18:45:28+0200,f717c518-05ab-43f2-aeab-072d31581934,2026-07-12T17:00:00Z,2026-07-12T19:00:00+0200,23.4455,MW,DK2,DK_2,actual_offshore_wind_generation,Wind Offshore,2026-08-10T16:50:24Z
2026-08-10T16:45:28Z,2026-08-10T18:45:28+0200,f717c518-05ab-43f2-aeab-072d31581934,2026-07-12T17:15:00Z,2026-07-12T19:15:00+0200,19.0712,MW,DK2,DK_2,actual_offshore_wind_generation,Wind Offshore,2026-08-10T16:50:24Z
2026-08-10T16:45:28Z,2026-08-10T18:45:28+0200,f717c518-05ab-43f2-aeab-072d31581934,2026-07-12T17:30:00Z,2026-07-12T19:30:00+0200,17.5853,MW,DK2,DK_2,actual_offshore_wind_generation,Wind Offshore,2026-08-10T16:50:24Z
2026-08-10T16:45:28Z,2026-08-10T18:45:28+0200,f717c518-05ab-43f2-aeab-072d31581934,2026-07-12T17:45:00Z,2026-07-12T19:45:00+0200,16.6566,MW,DK2,DK_2,actual_offshore_wind_generation,Wind Offshore,2026-08-10T16:50:24Z
2026-08-10T16:45:28Z,2026-08-10T18:45:28+0200,f717c518-05ab-43f2-aeab-072d31581934,2026-07-12T18:00:00Z,2026-07-12T20:00:00+0200,16.6575,MW,DK2,DK_2,actual_offshore_wind_generation,Wind Offshore,2026-08-10T16:50:24Z
2026-08-10T16:45:28Z,2026-08-10T18:45:28+0200,f717c518-05ab-43f2-aeab-072d31581934,2026-07-12T18:15:00Z,2026-07-12T20:15:00+0200,14.3499,MW,DK2,DK_2,actual_offshore_wind_generation,Wind Offshore,2026-08-10T16:50:24Z
2026-08-10T16:45:28Z,2026-08-10T18:45:28+0200,f717c518-05ab-43f2-aeab-072d31581934,2026-07-12T18:30:00Z,2026-07-12T20:30:00+0200,13.0573,MW,DK2,DK_2,actual_offshore_wind_generation,Wind Offshore,2026-08-10T16:50:24Z
2026-08-10T16:45:28Z,2026-08-10T18:45:28+0200,f717c518-05ab-43f2-aeab-072d31581934,2026-07-12T18:45:00Z,2026-07-12T20:45:00+0200,13.1314,MW,DK2,DK_2,actual_offshore_wind_generation,Wind Offshore,2026-08-10T16:50:24Z
2026-08-10T16:45:28Z,2026-08-10T18:45:28+0200,f717c518-05ab-43f2-aeab-072d31581934,2026-07-12T19:00:00Z,2026-07-12T21:00:00+0200,14.9663,MW,DK2,DK_2,actual_offshore_wind_generation,Wind Offshore,2026-08-10T16:50:24Z
2026-08-10T16:45:28Z,2026-08-10T18:45:28+0200,f717c518-05ab-43f2-aeab-072d31581934,2026-07-12T19:15:00Z,2026-07-12T21:15:00+0200,18.8517,MW,DK2,DK_2,actual_offshore_wind_generation,Wind Offshore,2026-08-10T16:50:24Z
2026-08-10T16:45:28Z,2026-08-10T18:45:28+0200,f717c518-05ab-43f2-aeab-072d31581934,2026-07-12T19:30:00Z,2026-07-12T21:30:00+0200,22.7769,MW,DK2,DK_2,actual_offshore_wind_generation,Wind Offshore,2026-08-10T16:50:24Z
2026-08-10T16:45:28Z,2026-08-10T18:45:28+0200,f717c518-05ab-43f2-aeab-072d31581934,2026-07-12T19:45:00Z,2026-07-12T21:45:00+0200,27.0004,MW,DK2,DK_2,actual_offshore_wind_generation,Wind Offshore,2026-08-10T16:50:24Z
2026-08-10T16:45:28Z,2026-08-10T18:45:28+0200,f717c518-05ab-43f2-aeab-072d31581934,2026-07-12T20:00:00Z,2026-07-12T22:00:00+0200,33.6036,MW,DK2,DK_2,actual_offshore_wind_generation,Wind Offshore,2026-08-10T16:50:24Z
2026-08-10T16:45:28Z,2026-08-10T18:45:28+0200,f717c518-05ab-43f2-aeab-072d31581934,2026-07-12T20:15:00Z,2026-07-12T22:15:00+0200,47.4527,MW,DK2,DK_2,actual_offshore_wind_generation,Wind Offshore,2026-08-10T16:50:24Z
2026-08-10T16:45:28Z,2026-08-10T18:45:28+0200,f717c518-05ab-43f2-aeab-072d31581934,2026-07-12T20:30:00Z,2026-07-12T22:30:00+0200,62.7873,MW,DK2,DK_2,actual_offshore_wind_generation,Wind Offshore,2026-08-10T16:50:24Z
2026-08-10T16:45:28Z,2026-08-10T18:45:28+0200,f717c518-05ab-43f2-aeab-072d31581934,2026-07-12T20:45:00Z,2026-07-12T22:45:00+0200,76.798,MW,DK2,DK_2,actual_offshore_wind_generation,Wind Offshore,2026-08-10T16:50:24Z
2026-08-10T16:45:28Z,2026-08-10T18:45:28+0200,f717c518-05ab-43f2-aeab-072d31581934,2026-07-12T21:00:00Z,2026-07-12T23:00:00+0200,111.751,MW,DK2,DK_2,actual_offshore_wind_generation,Wind Offshore,2026-08-10T16:50:24Z
2026-08-10T16:45:28Z,2026-08-10T18:45:28+0200,f717c518-05ab-43f2-aeab-072d31581934,2026-07-12T21:15:00Z,2026-07-12T23:15:00+0200,149.006,MW,DK2,DK_2,actual_offshore_wind_generation,Wind Offshore,2026-08-10T16:50:24Z
2026-08-10T16:45:28Z,2026-08-10T18:45:28+0200,f717c518-05ab-43f2-aeab-072d31581934,2026-07-12T21:30:00Z,2026-07-12T23:30:00+0200,165.603,MW,DK2,DK_2,actual_offshore_wind_generation,Wind Offshore,2026-08-10T16:50:24Z
2026-08-10T16:45:28Z,2026-08-10T18:45:28+0200,f717c518-05ab-43f2-aeab-072d31581934,2026-07-12T21:45:00Z,2026-07-12T23:45:00+0200,176.037,MW,DK2,DK_2,actual_offshore_wind_generation,Wind Offshore,2026-08-10T16:50:24Z
2026-08-10T16:45:28Z,2026-08-10T18:45:28+0200,f717c518-05ab-43f2-aeab-072d31581934,2026-07-12T22:00:00Z,2026-07-13T00:00:00+0200,182.343,MW,DK2,DK_2,actual_offshore_wind_generation,Wind Offshore,2026-08-10T16:50:24Z
2026-08-10T16:45:28Z,2026-08-10T18:45:28+0200,f717c518-05ab-43f2-aeab-072d31581934,2026-07-12T22:15:00Z,2026-07-13T00:15:00+0200,164.434,MW,DK2,DK_2,actual_offshore_wind_generation,Wind Offshore,2026-08-10T16:50:24Z
2026-08-10T16:45:28Z,2026-08-10T18:45:28+0200,f717c518-05ab-43f2-aeab-072d31581934,2026-07-12T22:30:00Z,2026-07-13T00:30:00+0200,139.038,MW,DK2,DK_2,actual_offshore_wind_generation,Wind Offshore,2026-08-10T16:50:24Z
2026-08-10T16:45:28Z,2026-08-10T18:45:28+0200,f717c518-05ab-43f2-aeab-072d31581934,2026-07-12T22:45:00Z,2026-07-13T00:45:00+0200,122.912,MW,DK2,DK_2,actual_offshore_wind_generation,Wind Offshore,2026-08-10T16:50:24Z
2026-08-10T16:45:28Z,2026-08-10T18:45:28+0200,f717c518-05ab-43f2-aeab-072d31581934,2026-07-12T23:00:00Z,2026-07-13T01:00:00+0200,123.84,MW,DK2,DK_2,actual_offshore_wind_generation,Wind Offshore,2026-08-10T16:50:24Z
2026-08-10T16:45:28Z,2026-08-10T18:45:28+0200,f717c518-05ab-43f2-aeab-072d31581934,2026-07-12T23:15:00Z,2026-07-13T01:15:00+0200,122.36,MW,DK2,DK_2,actual_offshore_wind_generation,Wind Offshore,2026-08-10T16:50:24Z
2026-08-10T16:45:28Z,2026-08-10T18:45:28+0200,f717c518-05ab-43f2-aeab-072d31581934,2026-07-12T23:30:00Z,2026-07-13T01:30:00+0200,122.078,MW,DK2,DK_2,actual_offshore_wind_generation,Wind Offshore,2026-08-10T16:50:24Z
2026-08-10T16:45:28Z,2026-08-10T18:45:28+0200,f717c518-05ab-43f2-aeab-072d31581934,2026-07-12T23:45:00Z,2026-07-13T01:45:00+0200,122.886,MW,DK2,DK_2,actual_offshore_wind_generation,Wind Offshore,2026-08-10T16:50:24Z
2026-08-10T16:45:28Z,2026-08-10T18:45:28+0200,f717c518-05ab-43f2-aeab-072d31581934,2026-07-13T00:00:00Z,2026-07-13T02:00:00+0200,125.834,MW,DK2,DK_2,actual_offshore_wind_generation,Wind Offshore,2026-08-10T16:50:24Z
2026-08-10T16:45:28Z,2026-08-10T18:45:28+0200,f717c518-05ab-43f2-aeab-072d31581934,2026-07-13T00:15:00Z,2026-07-13T02:15:00+0200,129.83,MW,DK2,DK_2,actual_offshore_wind_generation,Wind Offshore,2026-08-10T16:50:24Z
2026-08-10T16:45:28Z,2026-08-10T18:45:28+0200,f717c518-05ab-43f2-aeab-072d31581934,2026-07-13T00:30:00Z,2026-07-13T02:30:00+0200,132.232,MW,DK2,DK_2,actual_offshore_wind_generation,Wind Offshore,2026-08-10T16:50:24Z
2026-08-10T16:45:28Z,2026-08-10T18:45:28+0200,f717c518-05ab-43f2-aeab-072d31581934,2026-07-13T00:45:00Z,2026-07-13T02:45:00+0200,132.073,MW,DK2,DK_2,actual_offshore_wind_generation,Wind Offshore,2026-08-10T16:50:24Z
2026-08-10T16:45:28Z,2026-08-10T18:45:28+0200,f717c518-05ab-43f2-aeab-072d31581934,2026-07-13T01:00:00Z,2026-07-13T03:00:00+0200,125.739,MW,DK2,DK_2,actual_offshore_wind_generation,Wind Offshore,2026-08-10T16:50:24Z
2026-08-10T16:45:28Z,2026-08-10T18:45:28+0200,f717c518-05ab-43f2-aeab-072d31581934,2026-07-13T01:15:00Z,2026-07-13T03:15:00+0200,116.434,MW,DK2,DK_2,actual_offshore_wind_generation,Wind Offshore,2026-08-10T16:50:24Z
2026-08-10T16:45:28Z,2026-08-10T18:45:28+0200,f717c518-05ab-43f2-aeab-072d31581934,2026-07-13T01:30:00Z,2026-07-13T03:30:00+0200,104.077,MW,DK2,DK_2,actual_offshore_wind_generation,Wind Offshore,2026-08-10T16:50:24Z
2026-08-10T16:45:28Z,2026-08-10T18:45:28+0200,f717c518-05ab-43f2-aeab-072d31581934,2026-07-13T01:45:00Z,2026-07-13T03:45:00+0200,103.164,MW,DK2,DK_2,actual_offshore_wind_generation,Wind Offshore,2026-08-10T16:50:24Z
2026-08-10T16:45:28Z,2026-08-10T18:45:28+0200,f717c518-05ab-43f2-aeab-072d31581934,2026-07-13T02:00:00Z,2026-07-13T04:00:00+0200,109.138,MW,DK2,DK_2,actual_offshore_wind_generation,Wind Offshore,2026-08-10T16:50:24Z
2026-08-10T16:45:28Z,2026-08-10T18:45:28+0200,f717c518-05ab-43f2-aeab-072d31581934,2026-07-13T02:15:00Z,2026-07-13T04:15:00+0200,111.335,MW,DK2,DK_2,actual_offshore_wind_generation,Wind Offshore,2026-08-10T16:50:24Z
2026-08-10T16:45:28Z,2026-08-10T18:45:28+0200,f717c518-05ab-43f2-aeab-072d31581934,2026-07-13T02:30:00Z,2026-07-13T04:30:00+0200,103.351,MW,DK2,DK_2,actual_offshore_wind_generation,Wind Offshore,2026-08-10T16:50:24Z
2026-08-10T16:45:28Z,2026-08-10T18:45:28+0200,f717c518-05ab-43f2-aeab-072d31581934,2026-07-13T02:45:00Z,2026-07-13T04:45:00+0200,98.8479,MW,DK2,DK_2,actual_offshore_wind_generation,Wind Offshore,2026-08-10T16:50:24Z
2026-08-10T16:45:28Z,2026-08-10T18:45:28+0200,f717c518-05ab-43f2-aeab-072d31581934,2026-07-13T03:00:00Z,2026-07-13T05:00:00+0200,110.627,MW,DK2,DK_2,actual_offshore_wind_generation,Wind Offshore,2026-08-10T16:50:24Z
2026-08-10T16:45:28Z,2026-08-10T18:45:28+0200,f717c518-05ab-43f2-aeab-072d31581934,2026-07-13T03:15:00Z,2026-07-13T05:15:00+0200,124.882,MW,DK2,DK_2,actual_offshore_wind_generation,Wind Offshore,2026-08-10T16:50:24Z
2026-08-10T16:45:28Z,2026-08-10T18:45:28+0200,f717c518-05ab-43f2-aeab-072d31581934,2026-07-13T03:30:00Z,2026-07-13T05:30:00+0200,118.333,MW,DK2,DK_2,actual_offshore_wind_generation,Wind Offshore,2026-08-10T16:50:24Z
2026-08-10T16:45:28Z,2026-08-10T18:45:28+0200,f717c518-05ab-43f2-aeab-072d31581934,2026-07-13T03:45:00Z,2026-07-13T05:45:00+0200,112.773,MW,DK2,DK_2,actual_offshore_wind_generation,Wind Offshore,2026-08-10T16:50:24Z
2026-08-10T16:45:28Z,2026-08-10T18:45:28+0200,f717c518-05ab-43f2-aeab-072d31581934,2026-07-13T04:00:00Z,2026-07-13T06:00:00+0200,110.635,MW,DK2,DK_2,actual_offshore_wind_generation,Wind Offshore,2026-08-10T16:50:24Z
2026-08-10T16:45:28Z,2026-08-10T18:45:28+0200,f717c518-05ab-43f2-aeab-072d31581934,2026-07-13T04:15:00Z,2026-07-13T06:15:00+0200,94.6871,MW,DK2,DK_2,actual_offshore_wind_generation,Wind Offshore,2026-08-10T16:50:24Z
2026-08-10T16:45:28Z,2026-08-10T18:45:28+0200,f717c518-05ab-43f2-aeab-072d31581934,2026-07-13T04:30:00Z,2026-07-13T06:30:00+0200,86.8282,MW,DK2,DK_2,actual_offshore_wind_generation,Wind Offshore,2026-08-10T16:50:24Z
2026-08-10T16:45:28Z,2026-08-10T18:45:28+0200,f717c518-05ab-43f2-aeab-072d31581934,2026-07-13T04:45:00Z,2026-07-13T06:45:00+0200,77.1717,MW,DK2,DK_2,actual_offshore_wind_generation,Wind Offshore,2026-08-10T16:50:24Z
2026-08-10T16:45:28Z,2026-08-10T18:45:28+0200,f717c518-05ab-43f2-aeab-072d31581934,2026-07-13T05:00:00Z,2026-07-13T07:00:00+0200,60.6593,MW,DK2,DK_2,actual_offshore_wind_generation,Wind Offshore,2026-08-10T16:50:24Z
2026-08-10T16:45:28Z,2026-08-10T18:45:28+0200,f717c518-05ab-43f2-aeab-072d31581934,2026-07-13T05:15:00Z,2026-07-13T07:15:00+0200,52.2192,MW,DK2,DK_2,actual_offshore_wind_generation,Wind Offshore,2026-08-10T16:50:24Z
2026-08-10T16:45:28Z,2026-08-10T18:45:28+0200,f717c518-05ab-43f2-aeab-072d31581934,2026-07-13T05:30:00Z,2026-07-13T07:30:00+0200,50.7993,MW,DK2,DK_2,actual_offshore_wind_generation,Wind Offshore,2026-08-10T16:50:24Z
2026-08-10T16:45:28Z,2026-08-10T18:45:28+0200,f717c518-05ab-43f2-aeab-072d31581934,2026-07-13T05:45:00Z,2026-07-13T07:45:00+0200,49.7823,MW,DK2,DK_2,actual_offshore_wind_generation,Wind Offshore,2026-08-10T16:50:24Z
2026-08-10T16:45:28Z,2026-08-10T18:45:28+0200,f717c518-05ab-43f2-aeab-072d31581934,2026-07-13T06:00:00Z,2026-07-13T08:00:00+0200,50.7099,MW,DK2,DK_2,actual_offshore_wind_generation,Wind Offshore,2026-08-10T16:50:24Z
2026-08-10T16:45:28Z,2026-08-10T18:45:28+0200,f717c518-05ab-43f2-aeab-072d31581934,2026-07-13T06:15:00Z,2026-07-13T08:15:00+0200,45.3724,MW,DK2,DK_2,actual_offshore_wind_generation,Wind Offshore,2026-08-10T16:50:24Z
2026-08-10T16:45:28Z,2026-08-10T18:45:28+0200,f717c518-05ab-43f2-aeab-072d31581934,2026-07-13T06:30:00Z,2026-07-13T08:30:00+0200,33.666,MW,DK2,DK_2,actual_offshore_wind_generation,Wind Offshore,2026-08-10T16:50:24Z
2026-08-10T16:45:28Z,2026-08-10T18:45:28+0200,f717c518-05ab-43f2-aeab-072d31581934,2026-07-13T06:45:00Z,2026-07-13T08:45:00+0200,25.0996,MW,DK2,DK_2,actual_offshore_wind_generation,Wind Offshore,2026-08-10T16:50:24Z
2026-08-10T16:45:28Z,2026-08-10T18:45:28+0200,f717c518-05ab-43f2-aeab-072d31581934,2026-07-13T07:00:00Z,2026-07-13T09:00:00+0200,18.3625,MW,DK2,DK_2,actual_offshore_wind_generation,Wind Offshore,2026-08-10T16:50:24Z
2026-08-10T16:45:28Z,2026-08-10T18:45:28+0200,f717c518-05ab-43f2-aeab-072d31581934,2026-07-13T07:15:00Z,2026-07-13T09:15:00+0200,18.4597,MW,DK2,DK_2,actual_offshore_wind_generation,Wind Offshore,2026-08-10T16:50:24Z
2026-08-10T16:45:28Z,2026-08-10T18:45:28+0200,f717c518-05ab-43f2-aeab-072d31581934,2026-07-13T07:30:00Z,2026-07-13T09:30:00+0200,19.4109,MW,DK2,DK_2,actual_offshore_wind_generation,Wind Offshore,2026-08-10T16:50:24Z
2026-08-10T16:45:28Z,2026-08-10T18:45:28+0200,f717c518-05ab-43f2-aeab-072d31581934,2026-07-13T07:45:00Z,2026-07-13T09:45:00+0200,15.5995,MW,DK2,DK_2,actual_offshore_wind_generation,Wind Offshore,2026-08-10T16:50:24Z
2026-08-10T16:45:28Z,2026-08-10T18:45:28+0200,f717c518-05ab-43f2-aeab-072d31581934,2026-07-13T08:00:00Z,2026-07-13T10:00:00+0200,8.85408,MW,DK2,DK_2,actual_offshore_wind_generation,Wind Offshore,2026-08-10T16:50:24Z
2026-08-10T16:45:28Z,2026-08-10T18:45:28+0200,f717c518-05ab-43f2-aeab-072d31581934,2026-07-13T08:15:00Z,2026-07-13T10:15:00+0200,5.57883,MW,DK2,DK_2,actual_offshore_wind_generation,Wind Offshore,2026-08-10T16:50:24Z
2026-08-10T16:45:28Z,2026-08-10T18:45:28+0200,f717c518-05ab-43f2-aeab-072d31581934,2026-07-13T08:30:00Z,2026-07-13T10:30:00+0200,5.72673,MW,DK2,DK_2,actual_offshore_wind_generation,Wind Offshore,2026-08-10T16:50:24Z
2026-08-10T16:45:28Z,2026-08-10T18:45:28+0200,f717c518-05ab-43f2-aeab-072d31581934,2026-07-13T08:45:00Z,2026-07-13T10:45:00+0200,7.03017,MW,DK2,DK_2,actual_offshore_wind_generation,Wind Offshore,2026-08-10T16:50:24Z
2026-08-10T16:45:28Z,2026-08-10T18:45:28+0200,f717c518-05ab-43f2-aeab-072d31581934,2026-07-13T09:00:00Z,2026-07-13T11:00:00+0200,5.78506,MW,DK2,DK_2,actual_offshore_wind_generation,Wind Offshore,2026-08-10T16:50:24Z
2026-08-10T16:45:28Z,2026-08-10T18:45:28+0200,f717c518-05ab-43f2-aeab-072d31581934,2026-07-13T09:15:00Z,2026-07-13T11:15:00+0200,4.43407,MW,DK2,DK_2,actual_offshore_wind_generation,Wind Offshore,2026-08-10T16:50:24Z
2026-08-10T16:45:28Z,2026-08-10T18:45:28+0200,f717c518-05ab-43f2-aeab-072d31581934,2026-07-13T09:30:00Z,2026-07-13T11:30:00+0200,10.5454,MW,DK2,DK_2,actual_offshore_wind_generation,Wind Offshore,2026-08-10T16:50:24Z
2026-08-10T16:45:28Z,2026-08-10T18:45:28+0200,f717c518-05ab-43f2-aeab-072d31581934,2026-07-13T09:45:00Z,2026-07-13T11:45:00+0200,13.544,MW,DK2,DK_2,actual_offshore_wind_generation,Wind Offshore,2026-08-10T16:50:24Z
2026-08-10T16:45:28Z,2026-08-10T18:45:28+0200,f717c518-05ab-43f2-aeab-072d31581934,2026-07-13T10:00:00Z,2026-07-13T12:00:00+0200,17.0879,MW,DK2,DK_2,actual_offshore_wind_generation,Wind Offshore,2026-08-10T16:50:24Z
2026-08-10T16:45:28Z,2026-08-10T18:45:28+0200,f717c518-05ab-43f2-aeab-072d31581934,2026-07-13T10:15:00Z,2026-07-13T12:15:00+0200,28.3233,MW,DK2,DK_2,actual_offshore_wind_generation,Wind Offshore,2026-08-10T16:50:24Z
2026-08-10T16:45:28Z,2026-08-10T18:45:28+0200,f717c518-05ab-43f2-aeab-072d31581934,2026-07-13T10:30:00Z,2026-07-13T12:30:00+0200,32.4995,MW,DK2,DK_2,actual_offshore_wind_generation,Wind Offshore,2026-08-10T16:50:24Z
2026-08-10T16:45:28Z,2026-08-10T18:45:28+0200,f717c518-05ab-43f2-aeab-072d31581934,2026-07-13T10:45:00Z,2026-07-13T12:45:00+0200,29.9806,MW,DK2,DK_2,actual_offshore_wind_generation,Wind Offshore,2026-08-10T16:50:24Z
2026-08-10T16:45:28Z,2026-08-10T18:45:28+0200,f717c518-05ab-43f2-aeab-072d31581934,2026-07-13T11:00:00Z,2026-07-13T13:00:00+0200,36.5238,MW,DK2,DK_2,actual_offshore_wind_generation,Wind Offshore,2026-08-10T16:50:24Z
2026-08-10T16:45:28Z,2026-08-10T18:45:28+0200,f717c518-05ab-43f2-aeab-072d31581934,2026-07-13T11:15:00Z,2026-07-13T13:15:00+0200,43.2819,MW,DK2,DK_2,actual_offshore_wind_generation,Wind Offshore,2026-08-10T16:50:24Z
2026-08-10T16:45:28Z,2026-08-10T18:45:28+0200,f717c518-05ab-43f2-aeab-072d31581934,2026-07-13T11:30:00Z,2026-07-13T13:30:00+0200,59.2919,MW,DK2,DK_2,actual_offshore_wind_generation,Wind Offshore,2026-08-10T16:50:24Z
2026-08-10T16:45:28Z,2026-08-10T18:45:28+0200,f717c518-05ab-43f2-aeab-072d31581934,2026-07-13T11:45:00Z,2026-07-13T13:45:00+0200,84.726,MW,DK2,DK_2,actual_offshore_wind_generation,Wind Offshore,2026-08-10T16:50:24Z
2026-08-10T16:45:28Z,2026-08-10T18:45:28+0200,f717c518-05ab-43f2-aeab-072d31581934,2026-07-13T12:00:00Z,2026-07-13T14:00:00+0200,101.343,MW,DK2,DK_2,actual_offshore_wind_generation,Wind Offshore,2026-08-10T16:50:24Z
2026-08-10T16:45:28Z,2026-08-10T18:45:28+0200,f717c518-05ab-43f2-aeab-072d31581934,2026-07-13T12:15:00Z,2026-07-13T14:15:00+0200,97.0163,MW,DK2,DK_2,actual_offshore_wind_generation,Wind Offshore,2026-08-10T16:50:24Z
2026-08-10T16:45:28Z,2026-08-10T18:45:28+0200,f717c518-05ab-43f2-aeab-072d31581934,2026-07-13T12:30:00Z,2026-07-13T14:30:00+0200,93.2178,MW,DK2,DK_2,actual_offshore_wind_generation,Wind Offshore,2026-08-10T16:50:24Z
2026-08-10T16:45:28Z,2026-08-10T18:45:28+0200,f717c518-05ab-43f2-aeab-072d31581934,2026-07-13T12:45:00Z,2026-07-13T14:45:00+0200,85.9978,MW,DK2,DK_2,actual_offshore_wind_generation,Wind Offshore,2026-08-10T16:50:24Z
2026-08-10T16:45:28Z,2026-08-10T18:45:28+0200,f717c518-05ab-43f2-aeab-072d31581934,2026-07-13T13:00:00Z,2026-07-13T15:00:00+0200,85.4527,MW,DK2,DK_2,actual_offshore_wind_generation,Wind Offshore,2026-08-10T16:50:24Z
2026-08-10T16:45:28Z,2026-08-10T18:45:28+0200,f717c518-05ab-43f2-aeab-072d31581934,2026-07-13T13:15:00Z,2026-07-13T15:15:00+0200,89.3183,MW,DK2,DK_2,actual_offshore_wind_generation,Wind Offshore,2026-08-10T16:50:24Z
2026-08-10T16:45:28Z,2026-08-10T18:45:28+0200,f717c518-05ab-43f2-aeab-072d31581934,2026-07-13T13:30:00Z,2026-07-13T15:30:00+0200,96.4999,MW,DK2,DK_2,actual_offshore_wind_generation,Wind Offshore,2026-08-10T16:50:24Z
2026-08-10T16:45:28Z,2026-08-10T18:45:28+0200,f717c518-05ab-43f2-aeab-072d31581934,2026-07-13T13:45:00Z,2026-07-13T15:45:00+0200,94.4051,MW,DK2,DK_2,actual_offshore_wind_generation,Wind Offshore,2026-08-10T16:50:24Z
2026-08-10T16:45:28Z,2026-08-10T18:45:28+0200,f717c518-05ab-43f2-aeab-072d31581934,2026-07-13T14:00:00Z,2026-07-13T16:00:00+0200,101.524,MW,DK2,DK_2,actual_offshore_wind_generation,Wind Offshore,2026-08-10T16:50:24Z
2026-08-10T16:45:28Z,2026-08-10T18:45:28+0200,f717c518-05ab-43f2-aeab-072d31581934,2026-07-13T14:15:00Z,2026-07-13T16:15:00+0200,89.3367,MW,DK2,DK_2,actual_offshore_wind_generation,Wind Offshore,2026-08-10T16:50:24Z
2026-08-10T16:45:28Z,2026-08-10T18:45:28+0200,f717c518-05ab-43f2-aeab-072d31581934,2026-07-13T14:30:00Z,2026-07-13T16:30:00+0200,78.5242,MW,DK2,DK_2,actual_offshore_wind_generation,Wind Offshore,2026-08-10T16:50:24Z
2026-08-10T16:45:28Z,2026-08-10T18:45:28+0200,f717c518-05ab-43f2-aeab-072d31581934,2026-07-13T14:45:00Z,2026-07-13T16:45:00+0200,60.6728,MW,DK2,DK_2,actual_offshore_wind_generation,Wind Offshore,2026-08-10T16:50:24Z
2026-08-10T16:45:28Z,2026-08-10T18:45:28+0200,f717c518-05ab-43f2-aeab-072d31581934,2026-07-13T15:00:00Z,2026-07-13T17:00:00+0200,59.2163,MW,DK2,DK_2,actual_offshore_wind_generation,Wind Offshore,2026-08-10T16:50:24Z
2026-08-10T16:45:28Z,2026-08-10T18:45:28+0200,f717c518-05ab-43f2-aeab-072d31581934,2026-07-13T15:15:00Z,2026-07-13T17:15:00+0200,64.2885,MW,DK2,DK_2,actual_offshore_wind_generation,Wind Offshore,2026-08-10T16:50:24Z
2026-08-10T16:45:28Z,2026-08-10T18:45:28+0200,f717c518-05ab-43f2-aeab-072d31581934,2026-07-13T15:30:00Z,2026-07-13T17:30:00+0200,63.3868,MW,DK2,DK_2,actual_offshore_wind_generation,Wind Offshore,2026-08-10T16:50:24Z
2026-08-10T16:45:28Z,2026-08-10T18:45:28+0200,f717c518-05ab-43f2-aeab-072d31581934,2026-07-13T15:45:00Z,2026-07-13T17:45:00+0200,66.2902,MW,DK2,DK_2,actual_offshore_wind_generation,Wind Offshore,2026-08-10T16:50:24Z
2026-08-10T16:45:28Z,2026-08-10T18:45:28+0200,f717c518-05ab-43f2-aeab-072d31581934,2026-07-13T16:00:00Z,2026-07-13T18:00:00+0200,61.9608,MW,DK2,DK_2,actual_offshore_wind_generation,Wind Offshore,2026-08-10T16:50:24Z
2026-08-10T16:45:28Z,2026-08-10T18:45:28+0200,f717c518-05ab-43f2-aeab-072d31581934,2026-07-13T16:15:00Z,2026-07-13T18:15:00+0200,62.731,MW,DK2,DK_2,actual_offshore_wind_generation,Wind Offshore,2026-08-10T16:50:24Z
2026-08-10T16:45:28Z,2026-08-10T18:45:28+0200,f717c518-05ab-43f2-aeab-072d31581934,2026-07-13T16:30:00Z,2026-07-13T18:30:00+0200,55.9984,MW,DK2,DK_2,actual_offshore_wind_generation,Wind Offshore,2026-08-10T16:50:24Z
2026-08-10T16:45:28Z,2026-08-10T18:45:28+0200,f717c518-05ab-43f2-aeab-072d31581934,2026-07-13T16:45:00Z,2026-07-13T18:45:00+0200,49.5618,MW,DK2,DK_2,actual_offshore_wind_generation,Wind Offshore,2026-08-10T16:50:24Z
2026-08-10T16:45:28Z,2026-08-10T18:45:28+0200,f717c518-05ab-43f2-aeab-072d31581934,2026-07-13T17:00:00Z,2026-07-13T19:00:00+0200,47.3534,MW,DK2,DK_2,actual_offshore_wind_generation,Wind Offshore,2026-08-10T16:50:24Z
2026-08-10T16:45:28Z,2026-08-10T18:45:28+0200,f717c518-05ab-43f2-aeab-072d31581934,2026-07-13T17:15:00Z,2026-07-13T19:15:00+0200,32.5588,MW,DK2,DK_2,actual_offshore_wind_generation,Wind Offshore,2026-08-10T16:50:24Z
2026-08-10T16:45:28Z,2026-08-10T18:45:28+0200,f717c518-05ab-43f2-aeab-072d31581934,2026-07-13T17:30:00Z,2026-07-13T19:30:00+0200,27.6991,MW,DK2,DK_2,actual_offshore_wind_generation,Wind Offshore,2026-08-10T16:50:24Z
2026-08-10T16:45:28Z,2026-08-10T18:45:28+0200,f717c518-05ab-43f2-aeab-072d31581934,2026-07-13T17:45:00Z,2026-07-13T19:45:00+0200,26.9999,MW,DK2,DK_2,actual_offshore_wind_generation,Wind Offshore,2026-08-10T16:50:24Z
2026-08-10T16:45:28Z,2026-08-10T18:45:28+0200,f717c518-05ab-43f2-aeab-072d31581934,2026-07-13T18:00:00Z,2026-07-13T20:00:00+0200,21.3558,MW,DK2,DK_2,actual_offshore_wind_generation,Wind Offshore,2026-08-10T16:50:24Z
2026-08-10T16:45:28Z,2026-08-10T18:45:28+0200,f717c518-05ab-43f2-aeab-072d31581934,2026-07-13T18:15:00Z,2026-07-13T20:15:00+0200,19.3167,MW,DK2,DK_2,actual_offshore_wind_generation,Wind Offshore,2026-08-10T16:50:24Z
2026-08-10T16:45:28Z,2026-08-10T18:45:28+0200,f717c518-05ab-43f2-aeab-072d31581934,2026-07-13T18:30:00Z,2026-07-13T20:30:00+0200,27.6406,MW,DK2,DK_2,actual_offshore_wind_generation,Wind Offshore,2026-08-10T16:50:24Z
2026-08-10T16:45:28Z,2026-08-10T18:45:28+0200,f717c518-05ab-43f2-aeab-072d31581934,2026-07-13T18:45:00Z,2026-07-13T20:45:00+0200,30.6506,MW,DK2,DK_2,actual_offshore_wind_generation,Wind Offshore,2026-08-10T16:50:24Z
2026-08-10T16:45:28Z,2026-08-10T18:45:28+0200,f717c518-05ab-43f2-aeab-072d31581934,2026-07-13T19:00:00Z,2026-07-13T21:00:00+0200,32.3586,MW,DK2,DK_2,actual_offshore_wind_generation,Wind Offshore,2026-08-10T16:50:24Z
2026-08-10T16:45:28Z,2026-08-10T18:45:28+0200,f717c518-05ab-43f2-aeab-072d31581934,2026-07-13T19:15:00Z,2026-07-13T21:15:00+0200,32.3485,MW,DK2,DK_2,actual_offshore_wind_generation,Wind Offshore,2026-08-10T16:50:24Z
2026-08-10T16:45:28Z,2026-08-10T18:45:28+0200,f717c518-05ab-43f2-aeab-072d31581934,2026-07-13T19:30:00Z,2026-07-13T21:30:00+0200,29.1417,MW,DK2,DK_2,actual_offshore_wind_generation,Wind Offshore,2026-08-10T16:50:24Z
2026-08-10T16:45:28Z,2026-08-10T18:45:28+0200,f717c518-05ab-43f2-aeab-072d31581934,2026-07-13T19:45:00Z,2026-07-13T21:45:00+0200,32.4441,MW,DK2,DK_2,actual_offshore_wind_generation,Wind Offshore,2026-08-10T16:50:24Z
2026-08-10T16:45:28Z,2026-08-10T18:45:28+0200,f717c518-05ab-43f2-aeab-072d31581934,2026-07-13T20:00:00Z,2026-07-13T22:00:00+0200,30.0152,MW,DK2,DK_2,actual_offshore_wind_generation,Wind Offshore,2026-08-10T16:50:24Z
2026-08-10T16:45:28Z,2026-08-10T18:45:28+0200,f717c518-05ab-43f2-aeab-072d31581934,2026-07-13T20:15:00Z,2026-07-13T22:15:00+0200,38.5147,MW,DK2,DK_2,actual_offshore_wind_generation,Wind Offshore,2026-08-10T16:50:24Z
2026-08-10T16:45:28Z,2026-08-10T18:45:28+0200,f717c518-05ab-43f2-aeab-072d31581934,2026-07-13T20:30:00Z,2026-07-13T22:30:00+0200,43.3818,MW,DK2,DK_2,actual_offshore_wind_generation,Wind Offshore,2026-08-10T16:50:24Z
2026-08-10T16:45:28Z,2026-08-10T18:45:28+0200,f717c518-05ab-43f2-aeab-072d31581934,2026-07-13T20:45:00Z,2026-07-13T22:45:00+0200,58.6222,MW,DK2,DK_2,actual_offshore_wind_generation,Wind Offshore,2026-08-10T16:50:24Z
2026-08-10T16:45:28Z,2026-08-10T18:45:28+0200,f717c518-05ab-43f2-aeab-072d31581934,2026-07-13T21:00:00Z,2026-07-13T23:00:00+0200,74.3896,MW,DK2,DK_2,actual_offshore_wind_generation,Wind Offshore,2026-08-10T16:50:24Z
2026-08-10T16:45:28Z,2026-08-10T18:45:28+0200,f717c518-05ab-43f2-aeab-072d31581934,2026-07-13T21:15:00Z,2026-07-13T23:15:00+0200,78.201,MW,DK2,DK_2,actual_offshore_wind_generation,Wind Offshore,2026-08-10T16:50:24Z
2026-08-10T16:45:28Z,2026-08-10T18:45:28+0200,f717c518-05ab-43f2-aeab-072d31581934,2026-07-13T21:30:00Z,2026-07-13T23:30:00+0200,70.2874,MW,DK2,DK_2,actual_offshore_wind_generation,Wind Offshore,2026-08-10T16:50:24Z
2026-08-10T16:45:28Z,2026-08-10T18:45:28+0200,f717c518-05ab-43f2-aeab-072d31581934,2026-07-13T21:45:00Z,2026-07-13T23:45:00+0200,68.642,MW,DK2,DK_2,actual_offshore_wind_generation,Wind Offshore,2026-08-10T16:50:24Z
2026-08-10T16:45:28Z,2026-08-10T18:45:28+0200,f717c518-05ab-43f2-aeab-072d31581934,2026-07-13T22:00:00Z,2026-07-14T00:00:00+0200,62.712,MW,DK2,DK_2,actual_offshore_wind_generation,Wind Offshore,2026-08-10T16:50:24Z
2026-08-10T16:45:28Z,2026-08-10T18:45:28+0200,f717c518-05ab-43f2-aeab-072d31581934,2026-07-13T22:15:00Z,2026-07-14T00:15:00+0200,55.3479,MW,DK2,DK_2,actual_offshore_wind_generation,Wind Offshore,2026-08-10T16:50:24Z
2026-08-10T16:45:28Z,2026-08-10T18:45:28+0200,f717c518-05ab-43f2-aeab-072d31581934,2026-07-13T22:30:00Z,2026-07-14T00:30:00+0200,47.3099,MW,DK2,DK_2,actual_offshore_wind_generation,Wind Offshore,2026-08-10T16:50:24Z
2026-08-10T16:45:28Z,2026-08-10T18:45:28+0200,f717c518-05ab-43f2-aeab-072d31581934,2026-07-13T22:45:00Z,2026-07-14T00:45:00+0200,46.568,MW,DK2,DK_2,actual_offshore_wind_generation,Wind Offshore,2026-08-10T16:50:24Z
2026-08-10T16:45:28Z,2026-08-10T18:45:28+0200,f717c518-05ab-43f2-aeab-072d31581934,2026-07-13T23:00:00Z,2026-07-14T01:00:00+0200,47.5968,MW,DK2,DK_2,actual_offshore_wind_generation,Wind Offshore,2026-08-10T16:50:24Z
2026-08-10T16:45:28Z,2026-08-10T18:45:28+0200,f717c518-05ab-43f2-aeab-072d31581934,2026-07-13T23:15:00Z,2026-07-14T01:15:00+0200,48.8541,MW,DK2,DK_2,actual_offshore_wind_generation,Wind Offshore,2026-08-10T16:50:24Z
2026-08-10T16:45:28Z,2026-08-10T18:45:28+0200,f717c518-05ab-43f2-aeab-072d31581934,2026-07-13T23:30:00Z,2026-07-14T01:30:00+0200,54.1036,MW,DK2,DK_2,actual_offshore_wind_generation,Wind Offshore,2026-08-10T16:50:24Z
2026-08-10T16:45:28Z,2026-08-10T18:45:28+0200,f717c518-05ab-43f2-aeab-072d31581934,2026-07-13T23:45:00Z,2026-07-14T01:45:00+0200,49.4699,MW,DK2,DK_2,actual_offshore_wind_generation,Wind Offshore,2026-08-10T16:50:24Z
2026-08-10T16:45:28Z,2026-08-10T18:45:28+0200,f717c518-05ab-43f2-aeab-072d31581934,2026-07-14T00:00:00Z,2026-07-14T02:00:00+0200,39.3685,MW,DK2,DK_2,actual_offshore_wind_generation,Wind Offshore,2026-08-10T16:50:24Z
2026-08-10T16:45:28Z,2026-08-10T18:45:28+0200,f717c518-05ab-43f2-aeab-072d31581934,2026-07-14T00:15:00Z,2026-07-14T02:15:00+0200,42.8241,MW,DK2,DK_2,actual_offshore_wind_generation,Wind Offshore,2026-08-10T16:50:24Z
2026-08-10T16:45:28Z,2026-08-10T18:45:28+0200,f717c518-05ab-43f2-aeab-072d31581934,2026-07-14T00:30:00Z,2026-07-14T02:30:00+0200,36.2152,MW,DK2,DK_2,actual_offshore_wind_generation,Wind Offshore,2026-08-10T16:50:24Z
2026-08-10T16:45:28Z,2026-08-10T18:45:28+0200,f717c518-05ab-43f2-aeab-072d31581934,2026-07-14T00:45:00Z,2026-07-14T02:45:00+0200,24.826,MW,DK2,DK_2,actual_offshore_wind_generation,Wind Offshore,2026-08-10T16:50:24Z
2026-08-10T16:45:28Z,2026-08-10T18:45:28+0200,f717c518-05ab-43f2-aeab-072d31581934,2026-07-14T01:00:00Z,2026-07-14T03:00:00+0200,16.0887,MW,DK2,DK_2,actual_offshore_wind_generation,Wind Offshore,2026-08-10T16:50:24Z
2026-08-10T16:45:28Z,2026-08-10T18:45:28+0200,f717c518-05ab-43f2-aeab-072d31581934,2026-07-14T01:15:00Z,2026-07-14T03:15:00+0200,11.7662,MW,DK2,DK_2,actual_offshore_wind_generation,Wind Offshore,2026-08-10T16:50:24Z
2026-08-10T16:45:28Z,2026-08-10T18:45:28+0200,f717c518-05ab-43f2-aeab-072d31581934,2026-07-14T01:30:00Z,2026-07-14T03:30:00+0200,10.3935,MW,DK2,DK_2,actual_offshore_wind_generation,Wind Offshore,2026-08-10T16:50:24Z
2026-08-10T16:45:28Z,2026-08-10T18:45:28+0200,f717c518-05ab-43f2-aeab-072d31581934,2026-07-14T01:45:00Z,2026-07-14T03:45:00+0200,8.39154,MW,DK2,DK_2,actual_offshore_wind_generation,Wind Offshore,2026-08-10T16:50:24Z
2026-08-10T16:45:28Z,2026-08-10T18:45:28+0200,f717c518-05ab-43f2-aeab-072d31581934,2026-07-14T02:00:00Z,2026-07-14T04:00:00+0200,4.50244,MW,DK2,DK_2,actual_offshore_wind_generation,Wind Offshore,2026-08-10T16:50:24Z
2026-08-10T16:45:28Z,2026-08-10T18:45:28+0200,f717c518-05ab-43f2-aeab-072d31581934,2026-07-14T02:15:00Z,2026-07-14T04:15:00+0200,1.34792,MW,DK2,DK_2,actual_offshore_wind_generation,Wind Offshore,2026-08-10T16:50:24Z
2026-08-10T16:45:28Z,2026-08-10T18:45:28+0200,f717c518-05ab-43f2-aeab-072d31581934,2026-07-14T02:30:00Z,2026-07-14T04:30:00+0200,0.469326,MW,DK2,DK_2,actual_offshore_wind_generation,Wind Offshore,2026-08-10T16:50:24Z
2026-08-10T16:45:28Z,2026-08-10T18:45:28+0200,f717c518-05ab-43f2-aeab-072d31581934,2026-07-14T02:45:00Z,2026-07-14T04:45:00+0200,0.253426,MW,DK2,DK_2,actual_offshore_wind_generation,Wind Offshore,2026-08-10T16:50:24Z
2026-08-10T16:45:28Z,2026-08-10T18:45:28+0200,f717c518-05ab-43f2-aeab-072d31581934,2026-07-14T03:00:00Z,2026-07-14T05:00:00+0200,0.230781,MW,DK2,DK_2,actual_offshore_wind_generation,Wind Offshore,2026-08-10T16:50:24Z
2026-08-10T16:45:28Z,2026-08-10T18:45:28+0200,f717c518-05ab-43f2-aeab-072d31581934,2026-07-14T03:15:00Z,2026-07-14T05:15:00+0200,0.210944,MW,DK2,DK_2,actual_offshore_wind_generation,Wind Offshore,2026-08-10T16:50:24Z
2026-08-10T16:45:28Z,2026-08-10T18:45:28+0200,f717c518-05ab-43f2-aeab-072d31581934,2026-07-14T03:30:00Z,2026-07-14T05:30:00+0200,0.396269,MW,DK2,DK_2,actual_offshore_wind_generation,Wind Offshore,2026-08-10T16:50:24Z
2026-08-10T16:45:28Z,2026-08-10T18:45:28+0200,f717c518-05ab-43f2-aeab-072d31581934,2026-07-14T03:45:00Z,2026-07-14T05:45:00+0200,0.453969,MW,DK2,DK_2,actual_offshore_wind_generation,Wind Offshore,2026-08-10T16:50:24Z
2026-08-10T16:45:28Z,2026-08-10T18:45:28+0200,f717c518-05ab-43f2-aeab-072d31581934,2026-07-14T04:00:00Z,2026-07-14T06:00:00+0200,3.15149,MW,DK2,DK_2,actual_offshore_wind_generation,Wind Offshore,2026-08-10T16:50:24Z
2026-08-10T16:45:28Z,2026-08-10T18:45:28+0200,f717c518-05ab-43f2-aeab-072d31581934,2026-07-14T04:15:00Z,2026-07-14T06:15:00+0200,15.023,MW,DK2,DK_2,actual_offshore_wind_generation,Wind Offshore,2026-08-10T16:50:24Z
2026-08-10T16:45:28Z,2026-08-10T18:45:28+0200,f717c518-05ab-43f2-aeab-072d31581934,2026-07-14T04:30:00Z,2026-07-14T06:30:00+0200,17.4642,MW,DK2,DK_2,actual_offshore_wind_generation,Wind Offshore,2026-08-10T16:50:24Z
2026-08-10T16:45:28Z,2026-08-10T18:45:28+0200,f717c518-05ab-43f2-aeab-072d31581934,2026-07-14T04:45:00Z,2026-07-14T06:45:00+0200,12.7798,MW,DK2,DK_2,actual_offshore_wind_generation,Wind Offshore,2026-08-10T16:50:24Z
2026-08-10T16:45:28Z,2026-08-10T18:45:28+0200,f717c518-05ab-43f2-aeab-072d31581934,2026-07-14T05:00:00Z,2026-07-14T07:00:00+0200,4.66984,MW,DK2,DK_2,actual_offshore_wind_generation,Wind Offshore,2026-08-10T16:50:24Z
2026-08-10T16:45:28Z,2026-08-10T18:45:28+0200,f717c518-05ab-43f2-aeab-072d31581934,2026-07-14T05:15:00Z,2026-07-14T07:15:00+0200,0.196295,MW,DK2,DK_2,actual_offshore_wind_generation,Wind Offshore,2026-08-10T16:50:24Z
2026-08-10T16:45:28Z,2026-08-10T18:45:28+0200,f717c518-05ab-43f2-aeab-072d31581934,2026-07-14T05:30:00Z,2026-07-14T07:30:00+0200,1.29569,MW,DK2,DK_2,actual_offshore_wind_generation,Wind Offshore,2026-08-10T16:50:24Z
2026-08-10T16:45:28Z,2026-08-10T18:45:28+0200,f717c518-05ab-43f2-aeab-072d31581934,2026-07-14T05:45:00Z,2026-07-14T07:45:00+0200,1.10424,MW,DK2,DK_2,actual_offshore_wind_generation,Wind Offshore,2026-08-10T16:50:24Z
2026-08-10T16:45:28Z,2026-08-10T18:45:28+0200,f717c518-05ab-43f2-aeab-072d31581934,2026-07-14T06:00:00Z,2026-07-14T08:00:00+0200,0.887214,MW,DK2,DK_2,actual_offshore_wind_generation,Wind Offshore,2026-08-10T16:50:24Z
2026-08-10T16:45:28Z,2026-08-10T18:45:28+0200,f717c518-05ab-43f2-aeab-072d31581934,2026-07-14T06:15:00Z,2026-07-14T08:15:00+0200,0.922144,MW,DK2,DK_2,actual_offshore_wind_generation,Wind Offshore,2026-08-10T16:50:24Z
2026-08-10T16:45:28Z,2026-08-10T18:45:28+0200,f717c518-05ab-43f2-aeab-072d31581934,2026-07-14T06:30:00Z,2026-07-14T08:30:00+0200,0.726538,MW,DK2,DK_2,actual_offshore_wind_generation,Wind Offshore,2026-08-10T16:50:24Z
2026-08-10T16:45:28Z,2026-08-10T18:45:28+0200,f717c518-05ab-43f2-aeab-072d31581934,2026-07-14T06:45:00Z,2026-07-14T08:45:00+0200,0.167663,MW,DK2,DK_2,actual_offshore_wind_generation,Wind Offshore,2026-08-10T16:50:24Z
2026-08-10T16:45:28Z,2026-08-10T18:45:28+0200,f717c518-05ab-43f2-aeab-072d31581934,2026-07-14T07:00:00Z,2026-07-14T09:00:00+0200,0.419156,MW,DK2,DK_2,actual_offshore_wind_generation,Wind Offshore,2026-08-10T16:50:24Z
2026-08-10T16:45:28Z,2026-08-10T18:45:28+0200,f717c518-05ab-43f2-aeab-072d31581934,2026-07-14T07:15:00Z,2026-07-14T09:15:00+0200,0.416537,MW,DK2,DK_2,actual_offshore_wind_generation,Wind Offshore,2026-08-10T16:50:24Z
2026-08-10T16:45:28Z,2026-08-10T18:45:28+0200,f717c518-05ab-43f2-aeab-072d31581934,2026-07-14T11:00:00Z,2026-07-14T13:00:00+0200,1.85264,MW,DK2,DK_2,actual_offshore_wind_generation,Wind Offshore,2026-08-10T16:50:24Z
2026-08-10T16:45:28Z,2026-08-10T18:45:28+0200,f717c518-05ab-43f2-aeab-072d31581934,2026-07-14T11:15:00Z,2026-07-14T13:15:00+0200,1.27904,MW,DK2,DK_2,actual_offshore_wind_generation,Wind Offshore,2026-08-10T16:50:24Z
2026-08-10T16:45:28Z,2026-08-10T18:45:28+0200,f717c518-05ab-43f2-aeab-072d31581934,2026-07-14T11:30:00Z,2026-07-14T13:30:00+0200,1.22995,MW,DK2,DK_2,actual_offshore_wind_generation,Wind Offshore,2026-08-10T16:50:24Z
2026-08-10T16:45:28Z,2026-08-10T18:45:28+0200,f717c518-05ab-43f2-aeab-072d31581934,2026-07-14T11:45:00Z,2026-07-14T13:45:00+0200,2.2557,MW,DK2,DK_2,actual_offshore_wind_generation,Wind Offshore,2026-08-10T16:50:24Z
2026-08-10T16:45:28Z,2026-08-10T18:45:28+0200,f717c518-05ab-43f2-aeab-072d31581934,2026-07-14T12:00:00Z,2026-07-14T14:00:00+0200,2.3653,MW,DK2,DK_2,actual_offshore_wind_generation,Wind Offshore,2026-08-10T16:50:24Z
2026-08-10T16:45:28Z,2026-08-10T18:45:28+0200,f717c518-05ab-43f2-aeab-072d31581934,2026-07-14T12:15:00Z,2026-07-14T14:15:00+0200,1.99492,MW,DK2,DK_2,actual_offshore_wind_generation,Wind Offshore,2026-08-10T16:50:24Z
2026-08-10T16:45:28Z,2026-08-10T18:45:28+0200,f717c518-05ab-43f2-aeab-072d31581934,2026-07-14T12:30:00Z,2026-07-14T14:30:00+0200,3.01865,MW,DK2,DK_2,actual_offshore_wind_generation,Wind Offshore,2026-08-10T16:50:24Z
2026-08-10T16:45:28Z,2026-08-10T18:45:28+0200,f717c518-05ab-43f2-aeab-072d31581934,2026-07-14T12:45:00Z,2026-07-14T14:45:00+0200,3.37216,MW,DK2,DK_2,actual_offshore_wind_generation,Wind Offshore,2026-08-10T16:50:24Z
2026-08-10T16:45:28Z,2026-08-10T18:45:28+0200,f717c518-05ab-43f2-aeab-072d31581934,2026-07-14T13:00:00Z,2026-07-14T15:00:00+0200,3.08193,MW,DK2,DK_2,actual_offshore_wind_generation,Wind Offshore,2026-08-10T16:50:24Z
2026-08-10T16:45:28Z,2026-08-10T18:45:28+0200,f717c518-05ab-43f2-aeab-072d31581934,2026-07-14T13:15:00Z,2026-07-14T15:15:00+0200,0.433233,MW,DK2,DK_2,actual_offshore_wind_generation,Wind Offshore,2026-08-10T16:50:24Z
2026-08-10T16:45:28Z,2026-08-10T18:45:28+0200,f717c518-05ab-43f2-aeab-072d31581934,2026-07-14T13:30:00Z,2026-07-14T15:30:00+0200,0.334027,MW,DK2,DK_2,actual_offshore_wind_generation,Wind Offshore,2026-08-10T16:50:24Z
2026-08-10T16:45:28Z,2026-08-10T18:45:28+0200,f717c518-05ab-43f2-aeab-072d31581934,2026-07-14T13:45:00Z,2026-07-14T15:45:00+0200,0.431145,MW,DK2,DK_2,actual_offshore_wind_generation,Wind Offshore,2026-08-10T16:50:24Z
2026-08-10T16:45:28Z,2026-08-10T18:45:28+0200,f717c518-05ab-43f2-aeab-072d31581934,2026-07-14T14:00:00Z,2026-07-14T16:00:00+0200,2.22595,MW,DK2,DK_2,actual_offshore_wind_generation,Wind Offshore,2026-08-10T16:50:24Z
2026-08-10T16:45:28Z,2026-08-10T18:45:28+0200,f717c518-05ab-43f2-aeab-072d31581934,2026-07-14T14:15:00Z,2026-07-14T16:15:00+0200,1.64909,MW,DK2,DK_2,actual_offshore_wind_generation,Wind Offshore,2026-08-10T16:50:24Z
2026-08-10T16:45:28Z,2026-08-10T18:45:28+0200,f717c518-05ab-43f2-aeab-072d31581934,2026-07-14T14:30:00Z,2026-07-14T16:30:00+0200,1.0994,MW,DK2,DK_2,actual_offshore_wind_generation,Wind Offshore,2026-08-10T16:50:24Z
2026-08-10T16:45:28Z,2026-08-10T18:45:28+0200,f717c518-05ab-43f2-aeab-072d31581934,2026-07-14T16:00:00Z,2026-07-14T18:00:00+0200,1.25375,MW,DK2,DK_2,actual_offshore_wind_generation,Wind Offshore,2026-08-10T16:50:24Z
2026-08-10T16:45:28Z,2026-08-10T18:45:28+0200,f717c518-05ab-43f2-aeab-072d31581934,2026-07-14T16:15:00Z,2026-07-14T18:15:00+0200,7.2335,MW,DK2,DK_2,actual_offshore_wind_generation,Wind Offshore,2026-08-10T16:50:24Z
2026-08-10T16:45:28Z,2026-08-10T18:45:28+0200,f717c518-05ab-43f2-aeab-072d31581934,2026-07-14T16:30:00Z,2026-07-14T18:30:00+0200,7.85372,MW,DK2,DK_2,actual_offshore_wind_generation,Wind Offshore,2026-08-10T16:50:24Z
2026-08-10T16:45:28Z,2026-08-10T18:45:28+0200,f717c518-05ab-43f2-aeab-072d31581934,2026-07-14T16:45:00Z,2026-07-14T18:45:00+0200,1.60997,MW,DK2,DK_2,actual_offshore_wind_generation,Wind Offshore,2026-08-10T16:50:24Z
2026-08-10T16:45:28Z,2026-08-10T18:45:28+0200,f717c518-05ab-43f2-aeab-072d31581934,2026-07-14T17:00:00Z,2026-07-14T19:00:00+0200,0.730089,MW,DK2,DK_2,actual_offshore_wind_generation,Wind Offshore,2026-08-10T16:50:24Z
2026-08-10T16:45:28Z,2026-08-10T18:45:28+0200,f717c518-05ab-43f2-aeab-072d31581934,2026-07-14T17:15:00Z,2026-07-14T19:15:00+0200,2.05918,MW,DK2,DK_2,actual_offshore_wind_generation,Wind Offshore,2026-08-10T16:50:24Z
2026-08-10T16:45:28Z,2026-08-10T18:45:28+0200,f717c518-05ab-43f2-aeab-072d31581934,2026-07-14T17:30:00Z,2026-07-14T19:30:00+0200,1.98036,MW,DK2,DK_2,actual_offshore_wind_generation,Wind Offshore,2026-08-10T16:50:24Z
2026-08-10T16:45:28Z,2026-08-10T18:45:28+0200,f717c518-05ab-43f2-aeab-072d31581934,2026-07-14T17:45:00Z,2026-07-14T19:45:00+0200,3.14949,MW,DK2,DK_2,actual_offshore_wind_generation,Wind Offshore,2026-08-10T16:50:24Z
2026-08-10T16:45:28Z,2026-08-10T18:45:28+0200,f717c518-05ab-43f2-aeab-072d31581934,2026-07-14T18:00:00Z,2026-07-14T20:00:00+0200,1.74324,MW,DK2,DK_2,actual_offshore_wind_generation,Wind Offshore,2026-08-10T16:50:24Z
2026-08-10T16:45:28Z,2026-08-10T18:45:28+0200,f717c518-05ab-43f2-aeab-072d31581934,2026-07-14T18:30:00Z,2026-07-14T20:30:00+0200,0.686004,MW,DK2,DK_2,actual_offshore_wind_generation,Wind Offshore,2026-08-10T16:50:24Z
2026-08-10T16:45:28Z,2026-08-10T18:45:28+0200,f717c518-05ab-43f2-aeab-072d31581934,2026-07-14T18:45:00Z,2026-07-14T20:45:00+0200,0.540369,MW,DK2,DK_2,actual_offshore_wind_generation,Wind Offshore,2026-08-10T16:50:24Z
2026-08-10T16:45:28Z,2026-08-10T18:45:28+0200,f717c518-05ab-43f2-aeab-072d31581934,2026-07-14T19:00:00Z,2026-07-14T21:00:00+0200,0.315928,MW,DK2,DK_2,actual_offshore_wind_generation,Wind Offshore,2026-08-10T16:50:24Z
2026-08-10T16:45:28Z,2026-08-10T18:45:28+0200,f717c518-05ab-43f2-aeab-072d31581934,2026-07-14T19:15:00Z,2026-07-14T21:15:00+0200,1.09722,MW,DK2,DK_2,actual_offshore_wind_generation,Wind Offshore,2026-08-10T16:50:24Z
2026-08-10T16:45:28Z,2026-08-10T18:45:28+0200,f717c518-05ab-43f2-aeab-072d31581934,2026-07-14T19:30:00Z,2026-07-14T21:30:00+0200,0.126225,MW,DK2,DK_2,actual_offshore_wind_generation,Wind Offshore,2026-08-10T16:50:24Z
2026-08-10T16:45:28Z,2026-08-10T18:45:28+0200,f717c518-05ab-43f2-aeab-072d31581934,2026-07-14T20:15:00Z,2026-07-14T22:15:00+0200,1.1679,MW,DK2,DK_2,actual_offshore_wind_generation,Wind Offshore,2026-08-10T16:50:24Z
2026-08-10T16:45:28Z,2026-08-10T18:45:28+0200,f717c518-05ab-43f2-aeab-072d31581934,2026-07-14T20:30:00Z,2026-07-14T22:30:00+0200,7.42183,MW,DK2,DK_2,actual_offshore_wind_generation,Wind Offshore,2026-08-10T16:50:24Z
2026-08-10T16:45:28Z,2026-08-10T18:45:28+0200,f717c518-05ab-43f2-aeab-072d31581934,2026-07-14T20:45:00Z,2026-07-14T22:45:00+0200,11.8628,MW,DK2,DK_2,actual_offshore_wind_generation,Wind Offshore,2026-08-10T16:50:24Z
2026-08-10T16:45:28Z,2026-08-10T18:45:28+0200,f717c518-05ab-43f2-aeab-072d31581934,2026-07-14T21:00:00Z,2026-07-14T23:00:00+0200,10.7445,MW,DK2,DK_2,actual_offshore_wind_generation,Wind Offshore,2026-08-10T16:50:24Z
2026-08-10T16:45:28Z,2026-08-10T18:45:28+0200,f717c518-05ab-43f2-aeab-072d31581934,2026-07-14T21:15:00Z,2026-07-14T23:15:00+0200,5.1197,MW,DK2,DK_2,actual_offshore_wind_generation,Wind Offshore,2026-08-10T16:50:24Z
2026-08-10T16:45:28Z,2026-08-10T18:45:28+0200,f717c518-05ab-43f2-aeab-072d31581934,2026-07-14T21:30:00Z,2026-07-14T23:30:00+0200,2.4781,MW,DK2,DK_2,actual_offshore_wind_generation,Wind Offshore,2026-08-10T16:50:24Z
2026-08-10T16:45:28Z,2026-08-10T18:45:28+0200,f717c518-05ab-43f2-aeab-072d31581934,2026-07-14T21:45:00Z,2026-07-14T23:45:00+0200,0.484193,MW,DK2,DK_2,actual_offshore_wind_generation,Wind Offshore,2026-08-10T16:50:24Z
2026-08-10T16:45:28Z,2026-08-10T18:45:28+0200,f717c518-05ab-43f2-aeab-072d31581934,2026-07-14T22:00:00Z,2026-07-15T00:00:00+0200,0.50575,MW,DK2,DK_2,actual_offshore_wind_generation,Wind Offshore,2026-08-10T16:50:24Z
2026-08-10T16:45:28Z,2026-08-10T18:45:28+0200,f717c518-05ab-43f2-aeab-072d31581934,2026-07-14T22:15:00Z,2026-07-15T00:15:00+0200,0.0,MW,DK2,DK_2,actual_offshore_wind_generation,Wind Offshore,2026-08-10T16:50:24Z
2026-08-10T16:45:28Z,2026-08-10T18:45:28+0200,f717c518-05ab-43f2-aeab-072d31581934,2026-07-14T22:30:00Z,2026-07-15T00:30:00+0200,0.209578,MW,DK2,DK_2,actual_offshore_wind_generation,Wind Offshore,2026-08-10T16:50:24Z
2026-08-10T16:45:28Z,2026-08-10T18:45:28+0200,f717c518-05ab-43f2-aeab-072d31581934,2026-07-14T22:45:00Z,2026-07-15T00:45:00+0200,0.596063,MW,DK2,DK_2,actual_offshore_wind_generation,Wind Offshore,2026-08-10T16:50:24Z
2026-08-10T16:45:28Z,2026-08-10T18:45:28+0200,f717c518-05ab-43f2-aeab-072d31581934,2026-07-14T23:00:00Z,2026-07-15T01:00:00+0200,2.46858,MW,DK2,DK_2,actual_offshore_wind_generation,Wind Offshore,2026-08-10T16:50:24Z
2026-08-10T16:45:28Z,2026-08-10T18:45:28+0200,f717c518-05ab-43f2-aeab-072d31581934,2026-07-14T23:15:00Z,2026-07-15T01:15:00+0200,2.21425,MW,DK2,DK_2,actual_offshore_wind_generation,Wind Offshore,2026-08-10T16:50:24Z
2026-08-10T16:45:28Z,2026-08-10T18:45:28+0200,f717c518-05ab-43f2-aeab-072d31581934,2026-07-14T23:30:00Z,2026-07-15T01:30:00+0200,1.87301,MW,DK2,DK_2,actual_offshore_wind_generation,Wind Offshore,2026-08-10T16:50:24Z
2026-08-10T16:45:28Z,2026-08-10T18:45:28+0200,f717c518-05ab-43f2-aeab-072d31581934,2026-07-14T23:45:00Z,2026-07-15T01:45:00+0200,0.53467,MW,DK2,DK_2,actual_offshore_wind_generation,Wind Offshore,2026-08-10T16:50:24Z
2026-08-10T16:45:28Z,2026-08-10T18:45:28+0200,f717c518-05ab-43f2-aeab-072d31581934,2026-07-15T00:00:00Z,2026-07-15T02:00:00+0200,0.0,MW,DK2,DK_2,actual_offshore_wind_generation,Wind Offshore,2026-08-10T16:50:24Z
2026-08-10T16:45:28Z,2026-08-10T18:45:28+0200,f717c518-05ab-43f2-aeab-072d31581934,2026-07-15T00:15:00Z,2026-07-15T02:15:00+0200,0.0,MW,DK2,DK_2,actual_offshore_wind_generation,Wind Offshore,2026-08-10T16:50:24Z
2026-08-10T16:45:28Z,2026-08-10T18:45:28+0200,f717c518-05ab-43f2-aeab-072d31581934,2026-07-15T00:30:00Z,2026-07-15T02:30:00+0200,0.0,MW,DK2,DK_2,actual_offshore_wind_generation,Wind Offshore,2026-08-10T16:50:24Z
2026-08-10T16:45:28Z,2026-08-10T18:45:28+0200,f717c518-05ab-43f2-aeab-072d31581934,2026-07-15T00:45:00Z,2026-07-15T02:45:00+0200,0.0,MW,DK2,DK_2,actual_offshore_wind_generation,Wind Offshore,2026-08-10T16:50:24Z
2026-08-10T16:45:28Z,2026-08-10T18:45:28+0200,f717c518-05ab-43f2-aeab-072d31581934,2026-07-15T01:00:00Z,2026-07-15T03:00:00+0200,0.336924,MW,DK2,DK_2,actual_offshore_wind_generation,Wind Offshore,2026-08-10T16:50:24Z
2026-08-10T16:45:28Z,2026-08-10T18:45:28+0200,f717c518-05ab-43f2-aeab-072d31581934,2026-07-15T01:15:00Z,2026-07-15T03:15:00+0200,0.569679,MW,DK2,DK_2,actual_offshore_wind_generation,Wind Offshore,2026-08-10T16:50:24Z
2026-08-10T16:45:28Z,2026-08-10T18:45:28+0200,f717c518-05ab-43f2-aeab-072d31581934,2026-07-15T01:30:00Z,2026-07-15T03:30:00+0200,1.2719,MW,DK2,DK_2,actual_offshore_wind_generation,Wind Offshore,2026-08-10T16:50:24Z
2026-08-10T16:45:28Z,2026-08-10T18:45:28+0200,f717c518-05ab-43f2-aeab-072d31581934,2026-07-15T01:45:00Z,2026-07-15T03:45:00+0200,3.58582,MW,DK2,DK_2,actual_offshore_wind_generation,Wind Offshore,2026-08-10T16:50:24Z
2026-08-10T16:45:28Z,2026-08-10T18:45:28+0200,f717c518-05ab-43f2-aeab-072d31581934,2026-07-15T02:00:00Z,2026-07-15T04:00:00+0200,9.79441,MW,DK2,DK_2,actual_offshore_wind_generation,Wind Offshore,2026-08-10T16:50:24Z
2026-08-10T16:45:28Z,2026-08-10T18:45:28+0200,f717c518-05ab-43f2-aeab-072d31581934,2026-07-15T02:15:00Z,2026-07-15T04:15:00+0200,17.0297,MW,DK2,DK_2,actual_offshore_wind_generation,Wind Offshore,2026-08-10T16:50:24Z
2026-08-10T16:45:28Z,2026-08-10T18:45:28+0200,f717c518-05ab-43f2-aeab-072d31581934,2026-07-15T02:30:00Z,2026-07-15T04:30:00+0200,21.1704,MW,DK2,DK_2,actual_offshore_wind_generation,Wind Offshore,2026-08-10T16:50:24Z
2026-08-10T16:45:28Z,2026-08-10T18:45:28+0200,f717c518-05ab-43f2-aeab-072d31581934,2026-07-15T02:45:00Z,2026-07-15T04:45:00+0200,30.1685,MW,DK2,DK_2,actual_offshore_wind_generation,Wind Offshore,2026-08-10T16:50:24Z
2026-08-10T16:45:28Z,2026-08-10T18:45:28+0200,f717c518-05ab-43f2-aeab-072d31581934,2026-07-15T03:00:00Z,2026-07-15T05:00:00+0200,33.6552,MW,DK2,DK_2,actual_offshore_wind_generation,Wind Offshore,2026-08-10T16:50:24Z
2026-08-10T16:45:28Z,2026-08-10T18:45:28+0200,f717c518-05ab-43f2-aeab-072d31581934,2026-07-15T03:15:00Z,2026-07-15T05:15:00+0200,48.1375,MW,DK2,DK_2,actual_offshore_wind_generation,Wind Offshore,2026-08-10T16:50:24Z
2026-08-10T16:45:28Z,2026-08-10T18:45:28+0200,f717c518-05ab-43f2-aeab-072d31581934,2026-07-15T03:30:00Z,2026-07-15T05:30:00+0200,70.0396,MW,DK2,DK_2,actual_offshore_wind_generation,Wind Offshore,2026-08-10T16:50:24Z
2026-08-10T16:45:28Z,2026-08-10T18:45:28+0200,f717c518-05ab-43f2-aeab-072d31581934,2026-07-15T03:45:00Z,2026-07-15T05:45:00+0200,75.1409,MW,DK2,DK_2,actual_offshore_wind_generation,Wind Offshore,2026-08-10T16:50:24Z
2026-08-10T16:45:28Z,2026-08-10T18:45:28+0200,f717c518-05ab-43f2-aeab-072d31581934,2026-07-15T04:00:00Z,2026-07-15T06:00:00+0200,80.2063,MW,DK2,DK_2,actual_offshore_wind_generation,Wind Offshore,2026-08-10T16:50:24Z
2026-08-10T16:45:28Z,2026-08-10T18:45:28+0200,f717c518-05ab-43f2-aeab-072d31581934,2026-07-15T04:15:00Z,2026-07-15T06:15:00+0200,76.5083,MW,DK2,DK_2,actual_offshore_wind_generation,Wind Offshore,2026-08-10T16:50:24Z
2026-08-10T16:45:28Z,2026-08-10T18:45:28+0200,f717c518-05ab-43f2-aeab-072d31581934,2026-07-15T04:30:00Z,2026-07-15T06:30:00+0200,76.361,MW,DK2,DK_2,actual_offshore_wind_generation,Wind Offshore,2026-08-10T16:50:24Z
2026-08-10T16:45:28Z,2026-08-10T18:45:28+0200,f717c518-05ab-43f2-aeab-072d31581934,2026-07-15T04:45:00Z,2026-07-15T06:45:00+0200,62.2073,MW,DK2,DK_2,actual_offshore_wind_generation,Wind Offshore,2026-08-10T16:50:24Z
2026-08-10T16:45:28Z,2026-08-10T18:45:28+0200,f717c518-05ab-43f2-aeab-072d31581934,2026-07-15T05:00:00Z,2026-07-15T07:00:00+0200,36.5766,MW,DK2,DK_2,actual_offshore_wind_generation,Wind Offshore,2026-08-10T16:50:24Z
2026-08-10T16:45:28Z,2026-08-10T18:45:28+0200,f717c518-05ab-43f2-aeab-072d31581934,2026-07-15T05:15:00Z,2026-07-15T07:15:00+0200,19.8351,MW,DK2,DK_2,actual_offshore_wind_generation,Wind Offshore,2026-08-10T16:50:24Z
2026-08-10T16:45:28Z,2026-08-10T18:45:28+0200,f717c518-05ab-43f2-aeab-072d31581934,2026-07-15T05:30:00Z,2026-07-15T07:30:00+0200,10.9727,MW,DK2,DK_2,actual_offshore_wind_generation,Wind Offshore,2026-08-10T16:50:24Z
2026-08-10T16:45:28Z,2026-08-10T18:45:28+0200,f717c518-05ab-43f2-aeab-072d31581934,2026-07-15T05:45:00Z,2026-07-15T07:45:00+0200,6.63101,MW,DK2,DK_2,actual_offshore_wind_generation,Wind Offshore,2026-08-10T16:50:24Z
2026-08-10T16:45:28Z,2026-08-10T18:45:28+0200,f717c518-05ab-43f2-aeab-072d31581934,2026-07-15T06:00:00Z,2026-07-15T08:00:00+0200,11.3741,MW,DK2,DK_2,actual_offshore_wind_generation,Wind Offshore,2026-08-10T16:50:24Z
2026-08-10T16:45:28Z,2026-08-10T18:45:28+0200,f717c518-05ab-43f2-aeab-072d31581934,2026-07-15T06:15:00Z,2026-07-15T08:15:00+0200,12.9595,MW,DK2,DK_2,actual_offshore_wind_generation,Wind Offshore,2026-08-10T16:50:24Z
2026-08-10T16:45:28Z,2026-08-10T18:45:28+0200,f717c518-05ab-43f2-aeab-072d31581934,2026-07-15T06:30:00Z,2026-07-15T08:30:00+0200,10.9718,MW,DK2,DK_2,actual_offshore_wind_generation,Wind Offshore,2026-08-10T16:50:24Z
2026-08-10T16:45:28Z,2026-08-10T18:45:28+0200,f717c518-05ab-43f2-aeab-072d31581934,2026-07-15T06:45:00Z,2026-07-15T08:45:00+0200,11.9795,MW,DK2,DK_2,actual_offshore_wind_generation,Wind Offshore,2026-08-10T16:50:24Z
2026-08-10T16:45:28Z,2026-08-10T18:45:28+0200,f717c518-05ab-43f2-aeab-072d31581934,2026-07-15T07:00:00Z,2026-07-15T09:00:00+0200,10.3289,MW,DK2,DK_2,actual_offshore_wind_generation,Wind Offshore,2026-08-10T16:50:24Z
2026-08-10T16:45:28Z,2026-08-10T18:45:28+0200,f717c518-05ab-43f2-aeab-072d31581934,2026-07-15T07:15:00Z,2026-07-15T09:15:00+0200,10.3908,MW,DK2,DK_2,actual_offshore_wind_generation,Wind Offshore,2026-08-10T16:50:24Z
2026-08-10T16:45:28Z,2026-08-10T18:45:28+0200,f717c518-05ab-43f2-aeab-072d31581934,2026-07-15T07:30:00Z,2026-07-15T09:30:00+0200,24.7736,MW,DK2,DK_2,actual_offshore_wind_generation,Wind Offshore,2026-08-10T16:50:24Z
2026-08-10T16:45:28Z,2026-08-10T18:45:28+0200,f717c518-05ab-43f2-aeab-072d31581934,2026-07-15T07:45:00Z,2026-07-15T09:45:00+0200,42.5809,MW,DK2,DK_2,actual_offshore_wind_generation,Wind Offshore,2026-08-10T16:50:24Z
2026-08-10T16:45:28Z,2026-08-10T18:45:28+0200,f717c518-05ab-43f2-aeab-072d31581934,2026-07-15T08:00:00Z,2026-07-15T10:00:00+0200,50.5462,MW,DK2,DK_2,actual_offshore_wind_generation,Wind Offshore,2026-08-10T16:50:24Z
2026-08-10T16:45:28Z,2026-08-10T18:45:28+0200,f717c518-05ab-43f2-aeab-072d31581934,2026-07-15T08:15:00Z,2026-07-15T10:15:00+0200,44.8413,MW,DK2,DK_2,actual_offshore_wind_generation,Wind Offshore,2026-08-10T16:50:24Z
2026-08-10T16:45:28Z,2026-08-10T18:45:28+0200,f717c518-05ab-43f2-aeab-072d31581934,2026-07-15T08:30:00Z,2026-07-15T10:30:00+0200,35.8036,MW,DK2,DK_2,actual_offshore_wind_generation,Wind Offshore,2026-08-10T16:50:24Z
2026-08-10T16:45:28Z,2026-08-10T18:45:28+0200,f717c518-05ab-43f2-aeab-072d31581934,2026-07-15T08:45:00Z,2026-07-15T10:45:00+0200,28.2185,MW,DK2,DK_2,actual_offshore_wind_generation,Wind Offshore,2026-08-10T16:50:24Z
2026-08-10T16:45:28Z,2026-08-10T18:45:28+0200,f717c518-05ab-43f2-aeab-072d31581934,2026-07-15T09:00:00Z,2026-07-15T11:00:00+0200,25.063,MW,DK2,DK_2,actual_offshore_wind_generation,Wind Offshore,2026-08-10T16:50:24Z
2026-08-10T16:45:28Z,2026-08-10T18:45:28+0200,f717c518-05ab-43f2-aeab-072d31581934,2026-07-15T09:15:00Z,2026-07-15T11:15:00+0200,22.1413,MW,DK2,DK_2,actual_offshore_wind_generation,Wind Offshore,2026-08-10T16:50:24Z
2026-08-10T16:45:28Z,2026-08-10T18:45:28+0200,f717c518-05ab-43f2-aeab-072d31581934,2026-07-15T09:30:00Z,2026-07-15T11:30:00+0200,22.1546,MW,DK2,DK_2,actual_offshore_wind_generation,Wind Offshore,2026-08-10T16:50:24Z
2026-08-10T16:45:28Z,2026-08-10T18:45:28+0200,f717c518-05ab-43f2-aeab-072d31581934,2026-07-15T09:45:00Z,2026-07-15T11:45:00+0200,28.3325,MW,DK2,DK_2,actual_offshore_wind_generation,Wind Offshore,2026-08-10T16:50:24Z
2026-08-10T16:45:28Z,2026-08-10T18:45:28+0200,f717c518-05ab-43f2-aeab-072d31581934,2026-07-15T10:00:00Z,2026-07-15T12:00:00+0200,40.2498,MW,DK2,DK_2,actual_offshore_wind_generation,Wind Offshore,2026-08-10T16:50:24Z
2026-08-10T16:45:28Z,2026-08-10T18:45:28+0200,f717c518-05ab-43f2-aeab-072d31581934,2026-07-15T10:15:00Z,2026-07-15T12:15:00+0200,51.8259,MW,DK2,DK_2,actual_offshore_wind_generation,Wind Offshore,2026-08-10T16:50:24Z
2026-08-10T16:45:28Z,2026-08-10T18:45:28+0200,f717c518-05ab-43f2-aeab-072d31581934,2026-07-15T10:30:00Z,2026-07-15T12:30:00+0200,58.2554,MW,DK2,DK_2,actual_offshore_wind_generation,Wind Offshore,2026-08-10T16:50:24Z
2026-08-10T16:45:28Z,2026-08-10T18:45:28+0200,f717c518-05ab-43f2-aeab-072d31581934,2026-07-15T10:45:00Z,2026-07-15T12:45:00+0200,63.4345,MW,DK2,DK_2,actual_offshore_wind_generation,Wind Offshore,2026-08-10T16:50:24Z
2026-08-10T16:45:28Z,2026-08-10T18:45:28+0200,f717c518-05ab-43f2-aeab-072d31581934,2026-07-15T11:00:00Z,2026-07-15T13:00:00+0200,67.3107,MW,DK2,DK_2,actual_offshore_wind_generation,Wind Offshore,2026-08-10T16:50:24Z
2026-08-10T16:45:28Z,2026-08-10T18:45:28+0200,f717c518-05ab-43f2-aeab-072d31581934,2026-07-15T11:15:00Z,2026-07-15T13:15:00+0200,67.1084,MW,DK2,DK_2,actual_offshore_wind_generation,Wind Offshore,2026-08-10T16:50:24Z
2026-08-10T16:45:28Z,2026-08-10T18:45:28+0200,f717c518-05ab-43f2-aeab-072d31581934,2026-07-15T11:30:00Z,2026-07-15T13:30:00+0200,64.0637,MW,DK2,DK_2,actual_offshore_wind_generation,Wind Offshore,2026-08-10T16:50:24Z
2026-08-10T16:45:28Z,2026-08-10T18:45:28+0200,f717c518-05ab-43f2-aeab-072d31581934,2026-07-15T11:45:00Z,2026-07-15T13:45:00+0200,63.5059,MW,DK2,DK_2,actual_offshore_wind_generation,Wind Offshore,2026-08-10T16:50:24Z
2026-08-10T16:45:28Z,2026-08-10T18:45:28+0200,f717c518-05ab-43f2-aeab-072d31581934,2026-07-15T12:00:00Z,2026-07-15T14:00:00+0200,66.4883,MW,DK2,DK_2,actual_offshore_wind_generation,Wind Offshore,2026-08-10T16:50:24Z
2026-08-10T16:45:28Z,2026-08-10T18:45:28+0200,f717c518-05ab-43f2-aeab-072d31581934,2026-07-15T12:15:00Z,2026-07-15T14:15:00+0200,68.0968,MW,DK2,DK_2,actual_offshore_wind_generation,Wind Offshore,2026-08-10T16:50:24Z
2026-08-10T16:45:28Z,2026-08-10T18:45:28+0200,f717c518-05ab-43f2-aeab-072d31581934,2026-07-15T12:30:00Z,2026-07-15T14:30:00+0200,64.143,MW,DK2,DK_2,actual_offshore_wind_generation,Wind Offshore,2026-08-10T16:50:24Z
2026-08-10T16:45:28Z,2026-08-10T18:45:28+0200,f717c518-05ab-43f2-aeab-072d31581934,2026-07-15T12:45:00Z,2026-07-15T14:45:00+0200,53.8085,MW,DK2,DK_2,actual_offshore_wind_generation,Wind Offshore,2026-08-10T16:50:24Z
2026-08-10T16:45:28Z,2026-08-10T18:45:28+0200,f717c518-05ab-43f2-aeab-072d31581934,2026-07-15T13:00:00Z,2026-07-15T15:00:00+0200,45.9219,MW,DK2,DK_2,actual_offshore_wind_generation,Wind Offshore,2026-08-10T16:50:24Z
2026-08-10T16:45:28Z,2026-08-10T18:45:28+0200,f717c518-05ab-43f2-aeab-072d31581934,2026-07-15T13:15:00Z,2026-07-15T15:15:00+0200,39.3058,MW,DK2,DK_2,actual_offshore_wind_generation,Wind Offshore,2026-08-10T16:50:24Z
2026-08-10T16:45:28Z,2026-08-10T18:45:28+0200,f717c518-05ab-43f2-aeab-072d31581934,2026-07-15T13:30:00Z,2026-07-15T15:30:00+0200,29.1163,MW,DK2,DK_2,actual_offshore_wind_generation,Wind Offshore,2026-08-10T16:50:24Z
2026-08-10T16:45:28Z,2026-08-10T18:45:28+0200,f717c518-05ab-43f2-aeab-072d31581934,2026-07-15T13:45:00Z,2026-07-15T15:45:00+0200,21.0245,MW,DK2,DK_2,actual_offshore_wind_generation,Wind Offshore,2026-08-10T16:50:24Z
2026-08-10T16:45:28Z,2026-08-10T18:45:28+0200,f717c518-05ab-43f2-aeab-072d31581934,2026-07-15T14:00:00Z,2026-07-15T16:00:00+0200,16.9498,MW,DK2,DK_2,actual_offshore_wind_generation,Wind Offshore,2026-08-10T16:50:24Z
2026-08-10T16:45:28Z,2026-08-10T18:45:28+0200,f717c518-05ab-43f2-aeab-072d31581934,2026-07-15T14:15:00Z,2026-07-15T16:15:00+0200,12.543,MW,DK2,DK_2,actual_offshore_wind_generation,Wind Offshore,2026-08-10T16:50:24Z
2026-08-10T16:45:28Z,2026-08-10T18:45:28+0200,f717c518-05ab-43f2-aeab-072d31581934,2026-07-15T14:30:00Z,2026-07-15T16:30:00+0200,11.4514,MW,DK2,DK_2,actual_offshore_wind_generation,Wind Offshore,2026-08-10T16:50:24Z
2026-08-10T16:45:28Z,2026-08-10T18:45:28+0200,f717c518-05ab-43f2-aeab-072d31581934,2026-07-15T14:45:00Z,2026-07-15T16:45:00+0200,13.4806,MW,DK2,DK_2,actual_offshore_wind_generation,Wind Offshore,2026-08-10T16:50:24Z
2026-08-10T16:45:28Z,2026-08-10T18:45:28+0200,f717c518-05ab-43f2-aeab-072d31581934,2026-07-15T15:00:00Z,2026-07-15T17:00:00+0200,20.9068,MW,DK2,DK_2,actual_offshore_wind_generation,Wind Offshore,2026-08-10T16:50:24Z
2026-08-10T16:45:28Z,2026-08-10T18:45:28+0200,f717c518-05ab-43f2-aeab-072d31581934,2026-07-15T15:15:00Z,2026-07-15T17:15:00+0200,33.5217,MW,DK2,DK_2,actual_offshore_wind_generation,Wind Offshore,2026-08-10T16:50:24Z
2026-08-10T16:45:28Z,2026-08-10T18:45:28+0200,f717c518-05ab-43f2-aeab-072d31581934,2026-07-15T15:30:00Z,2026-07-15T17:30:00+0200,38.9162,MW,DK2,DK_2,actual_offshore_wind_generation,Wind Offshore,2026-08-10T16:50:24Z
2026-08-10T16:45:28Z,2026-08-10T18:45:28+0200,f717c518-05ab-43f2-aeab-072d31581934,2026-07-15T15:45:00Z,2026-07-15T17:45:00+0200,40.2415,MW,DK2,DK_2,actual_offshore_wind_generation,Wind Offshore,2026-08-10T16:50:24Z
2026-08-10T16:45:28Z,2026-08-10T18:45:28+0200,f717c518-05ab-43f2-aeab-072d31581934,2026-07-15T16:00:00Z,2026-07-15T18:00:00+0200,39.0166,MW,DK2,DK_2,actual_offshore_wind_generation,Wind Offshore,2026-08-10T16:50:24Z
2026-08-10T16:45:28Z,2026-08-10T18:45:28+0200,f717c518-05ab-43f2-aeab-072d31581934,2026-07-15T16:15:00Z,2026-07-15T18:15:00+0200,45.0946,MW,DK2,DK_2,actual_offshore_wind_generation,Wind Offshore,2026-08-10T16:50:24Z
2026-08-10T16:45:28Z,2026-08-10T18:45:28+0200,f717c518-05ab-43f2-aeab-072d31581934,2026-07-15T16:30:00Z,2026-07-15T18:30:00+0200,41.4007,MW,DK2,DK_2,actual_offshore_wind_generation,Wind Offshore,2026-08-10T16:50:24Z
2026-08-10T16:45:28Z,2026-08-10T18:45:28+0200,f717c518-05ab-43f2-aeab-072d31581934,2026-07-15T16:45:00Z,2026-07-15T18:45:00+0200,41.1227,MW,DK2,DK_2,actual_offshore_wind_generation,Wind Offshore,2026-08-10T16:50:24Z
2026-08-10T16:45:28Z,2026-08-10T18:45:28+0200,f717c518-05ab-43f2-aeab-072d31581934,2026-07-15T17:00:00Z,2026-07-15T19:00:00+0200,39.2892,MW,DK2,DK_2,actual_offshore_wind_generation,Wind Offshore,2026-08-10T16:50:24Z
2026-08-10T16:45:28Z,2026-08-10T18:45:28+0200,f717c518-05ab-43f2-aeab-072d31581934,2026-07-15T17:15:00Z,2026-07-15T19:15:00+0200,36.2625,MW,DK2,DK_2,actual_offshore_wind_generation,Wind Offshore,2026-08-10T16:50:24Z
2026-08-10T16:45:28Z,2026-08-10T18:45:28+0200,f717c518-05ab-43f2-aeab-072d31581934,2026-07-15T17:30:00Z,2026-07-15T19:30:00+0200,25.8983,MW,DK2,DK_2,actual_offshore_wind_generation,Wind Offshore,2026-08-10T16:50:24Z
2026-08-10T16:45:28Z,2026-08-10T18:45:28+0200,f717c518-05ab-43f2-aeab-072d31581934,2026-07-15T17:45:00Z,2026-07-15T19:45:00+0200,22.1879,MW,DK2,DK_2,actual_offshore_wind_generation,Wind Offshore,2026-08-10T16:50:24Z
2026-08-10T16:45:28Z,2026-08-10T18:45:28+0200,f717c518-05ab-43f2-aeab-072d31581934,2026-07-15T18:00:00Z,2026-07-15T20:00:00+0200,20.695,MW,DK2,DK_2,actual_offshore_wind_generation,Wind Offshore,2026-08-10T16:50:24Z
2026-08-10T16:45:28Z,2026-08-10T18:45:28+0200,f717c518-05ab-43f2-aeab-072d31581934,2026-07-15T18:15:00Z,2026-07-15T20:15:00+0200,21.1635,MW,DK2,DK_2,actual_offshore_wind_generation,Wind Offshore,2026-08-10T16:50:24Z
2026-08-10T16:45:28Z,2026-08-10T18:45:28+0200,f717c518-05ab-43f2-aeab-072d31581934,2026-07-15T18:30:00Z,2026-07-15T20:30:00+0200,19.6128,MW,DK2,DK_2,actual_offshore_wind_generation,Wind Offshore,2026-08-10T16:50:24Z
2026-08-10T16:45:28Z,2026-08-10T18:45:28+0200,f717c518-05ab-43f2-aeab-072d31581934,2026-07-15T18:45:00Z,2026-07-15T20:45:00+0200,17.1689,MW,DK2,DK_2,actual_offshore_wind_generation,Wind Offshore,2026-08-10T16:50:24Z
2026-08-10T16:45:28Z,2026-08-10T18:45:28+0200,f717c518-05ab-43f2-aeab-072d31581934,2026-07-15T19:00:00Z,2026-07-15T21:00:00+0200,17.3234,MW,DK2,DK_2,actual_offshore_wind_generation,Wind Offshore,2026-08-10T16:50:24Z
2026-08-10T16:45:28Z,2026-08-10T18:45:28+0200,f717c518-05ab-43f2-aeab-072d31581934,2026-07-15T19:15:00Z,2026-07-15T21:15:00+0200,17.8317,MW,DK2,DK_2,actual_offshore_wind_generation,Wind Offshore,2026-08-10T16:50:24Z
2026-08-10T16:45:28Z,2026-08-10T18:45:28+0200,f717c518-05ab-43f2-aeab-072d31581934,2026-07-15T19:30:00Z,2026-07-15T21:30:00+0200,17.8497,MW,DK2,DK_2,actual_offshore_wind_generation,Wind Offshore,2026-08-10T16:50:24Z
2026-08-10T16:45:28Z,2026-08-10T18:45:28+0200,f717c518-05ab-43f2-aeab-072d31581934,2026-07-15T19:45:00Z,2026-07-15T21:45:00+0200,15.4637,MW,DK2,DK_2,actual_offshore_wind_generation,Wind Offshore,2026-08-10T16:50:24Z
2026-08-10T16:45:28Z,2026-08-10T18:45:28+0200,f717c518-05ab-43f2-aeab-072d31581934,2026-07-15T20:00:00Z,2026-07-15T22:00:00+0200,16.5127,MW,DK2,DK_2,actual_offshore_wind_generation,Wind Offshore,2026-08-10T16:50:24Z
2026-08-10T16:45:28Z,2026-08-10T18:45:28+0200,f717c518-05ab-43f2-aeab-072d31581934,2026-07-15T20:15:00Z,2026-07-15T22:15:00+0200,12.3606,MW,DK2,DK_2,actual_offshore_wind_generation,Wind Offshore,2026-08-10T16:50:24Z
2026-08-10T16:45:28Z,2026-08-10T18:45:28+0200,f717c518-05ab-43f2-aeab-072d31581934,2026-07-15T20:30:00Z,2026-07-15T22:30:00+0200,10.1631,MW,DK2,DK_2,actual_offshore_wind_generation,Wind Offshore,2026-08-10T16:50:24Z
2026-08-10T16:45:28Z,2026-08-10T18:45:28+0200,f717c518-05ab-43f2-aeab-072d31581934,2026-07-15T20:45:00Z,2026-07-15T22:45:00+0200,6.93636,MW,DK2,DK_2,actual_offshore_wind_generation,Wind Offshore,2026-08-10T16:50:24Z
2026-08-10T16:45:28Z,2026-08-10T18:45:28+0200,f717c518-05ab-43f2-aeab-072d31581934,2026-07-15T21:00:00Z,2026-07-15T23:00:00+0200,3.64458,MW,DK2,DK_2,actual_offshore_wind_generation,Wind Offshore,2026-08-10T16:50:24Z
2026-08-10T16:45:28Z,2026-08-10T18:45:28+0200,f717c518-05ab-43f2-aeab-072d31581934,2026-07-15T21:15:00Z,2026-07-15T23:15:00+0200,2.95619,MW,DK2,DK_2,actual_offshore_wind_generation,Wind Offshore,2026-08-10T16:50:24Z
2026-08-10T16:45:28Z,2026-08-10T18:45:28+0200,f717c518-05ab-43f2-aeab-072d31581934,2026-07-15T21:30:00Z,2026-07-15T23:30:00+0200,0.306495,MW,DK2,DK_2,actual_offshore_wind_generation,Wind Offshore,2026-08-10T16:50:24Z
2026-08-10T16:45:28Z,2026-08-10T18:45:28+0200,f717c518-05ab-43f2-aeab-072d31581934,2026-07-15T21:45:00Z,2026-07-15T23:45:00+0200,0.0,MW,DK2,DK_2,actual_offshore_wind_generation,Wind Offshore,2026-08-10T16:50:24Z
2026-08-10T16:45:28Z,2026-08-10T18:45:28+0200,f717c518-05ab-43f2-aeab-072d31581934,2026-07-15T22:00:00Z,2026-07-16T00:00:00+0200,0.739811,MW,DK2,DK_2,actual_offshore_wind_generation,Wind Offshore,2026-08-10T16:50:24Z
2026-08-10T16:45:28Z,2026-08-10T18:45:28+0200,f717c518-05ab-43f2-aeab-072d31581934,2026-07-15T22:15:00Z,2026-07-16T00:15:00+0200,3.08918,MW,DK2,DK_2,actual_offshore_wind_generation,Wind Offshore,2026-08-10T16:50:24Z
2026-08-10T16:45:28Z,2026-08-10T18:45:28+0200,f717c518-05ab-43f2-aeab-072d31581934,2026-07-15T22:30:00Z,2026-07-16T00:30:00+0200,1.54948,MW,DK2,DK_2,actual_offshore_wind_generation,Wind Offshore,2026-08-10T16:50:24Z
2026-08-10T16:45:28Z,2026-08-10T18:45:28+0200,f717c518-05ab-43f2-aeab-072d31581934,2026-07-15T22:45:00Z,2026-07-16T00:45:00+0200,3.2275,MW,DK2,DK_2,actual_offshore_wind_generation,Wind Offshore,2026-08-10T16:50:24Z
2026-08-10T16:45:28Z,2026-08-10T18:45:28+0200,f717c518-05ab-43f2-aeab-072d31581934,2026-07-15T23:00:00Z,2026-07-16T01:00:00+0200,2.80136,MW,DK2,DK_2,actual_offshore_wind_generation,Wind Offshore,2026-08-10T16:50:24Z
2026-08-10T16:45:28Z,2026-08-10T18:45:28+0200,f717c518-05ab-43f2-aeab-072d31581934,2026-07-15T23:15:00Z,2026-07-16T01:15:00+0200,1.85062,MW,DK2,DK_2,actual_offshore_wind_generation,Wind Offshore,2026-08-10T16:50:24Z
2026-08-10T16:45:28Z,2026-08-10T18:45:28+0200,f717c518-05ab-43f2-aeab-072d31581934,2026-07-15T23:30:00Z,2026-07-16T01:30:00+0200,0.480135,MW,DK2,DK_2,actual_offshore_wind_generation,Wind Offshore,2026-08-10T16:50:24Z
2026-08-10T16:45:28Z,2026-08-10T18:45:28+0200,f717c518-05ab-43f2-aeab-072d31581934,2026-07-15T23:45:00Z,2026-07-16T01:45:00+0200,0.0,MW,DK2,DK_2,actual_offshore_wind_generation,Wind Offshore,2026-08-10T16:50:24Z
2026-08-10T16:45:28Z,2026-08-10T18:45:28+0200,f717c518-05ab-43f2-aeab-072d31581934,2026-07-16T00:00:00Z,2026-07-16T02:00:00+0200,0.0,MW,DK2,DK_2,actual_offshore_wind_generation,Wind Offshore,2026-08-10T16:50:24Z
2026-08-10T16:45:28Z,2026-08-10T18:45:28+0200,f717c518-05ab-43f2-aeab-072d31581934,2026-07-16T00:15:00Z,2026-07-16T02:15:00+0200,0.0,MW,DK2,DK_2,actual_offshore_wind_generation,Wind Offshore,2026-08-10T16:50:24Z
2026-08-10T16:45:28Z,2026-08-10T18:45:28+0200,f717c518-05ab-43f2-aeab-072d31581934,2026-07-16T00:30:00Z,2026-07-16T02:30:00+0200,0.0,MW,DK2,DK_2,actual_offshore_wind_generation,Wind Offshore,2026-08-10T16:50:24Z
2026-08-10T16:45:28Z,2026-08-10T18:45:28+0200,f717c518-05ab-43f2-aeab-072d31581934,2026-07-16T00:45:00Z,2026-07-16T02:45:00+0200,0.0,MW,DK2,DK_2,actual_offshore_wind_generation,Wind Offshore,2026-08-10T16:50:24Z
2026-08-10T16:45:28Z,2026-08-10T18:45:28+0200,f717c518-05ab-43f2-aeab-072d31581934,2026-07-16T01:00:00Z,2026-07-16T03:00:00+0200,0.0,MW,DK2,DK_2,actual_offshore_wind_generation,Wind Offshore,2026-08-10T16:50:24Z
2026-08-10T16:45:28Z,2026-08-10T18:45:28+0200,f717c518-05ab-43f2-aeab-072d31581934,2026-07-16T01:15:00Z,2026-07-16T03:15:00+0200,0.0,MW,DK2,DK_2,actual_offshore_wind_generation,Wind Offshore,2026-08-10T16:50:24Z
2026-08-10T16:45:28Z,2026-08-10T18:45:28+0200,f717c518-05ab-43f2-aeab-072d31581934,2026-07-16T01:30:00Z,2026-07-16T03:30:00+0200,0.0,MW,DK2,DK_2,actual_offshore_wind_generation,Wind Offshore,2026-08-10T16:50:24Z
2026-08-10T16:45:28Z,2026-08-10T18:45:28+0200,f717c518-05ab-43f2-aeab-072d31581934,2026-07-16T01:45:00Z,2026-07-16T03:45:00+0200,0.060518,MW,DK2,DK_2,actual_offshore_wind_generation,Wind Offshore,2026-08-10T16:50:24Z
2026-08-10T16:45:28Z,2026-08-10T18:45:28+0200,f717c518-05ab-43f2-aeab-072d31581934,2026-07-16T02:00:00Z,2026-07-16T04:00:00+0200,0.0,MW,DK2,DK_2,actual_offshore_wind_generation,Wind Offshore,2026-08-10T16:50:24Z
2026-08-10T16:45:28Z,2026-08-10T18:45:28+0200,f717c518-05ab-43f2-aeab-072d31581934,2026-07-16T02:15:00Z,2026-07-16T04:15:00+0200,0.0,MW,DK2,DK_2,actual_offshore_wind_generation,Wind Offshore,2026-08-10T16:50:24Z
2026-08-10T16:45:28Z,2026-08-10T18:45:28+0200,f717c518-05ab-43f2-aeab-072d31581934,2026-07-16T02:30:00Z,2026-07-16T04:30:00+0200,0.0,MW,DK2,DK_2,actual_offshore_wind_generation,Wind Offshore,2026-08-10T16:50:24Z
2026-08-10T16:45:28Z,2026-08-10T18:45:28+0200,f717c518-05ab-43f2-aeab-072d31581934,2026-07-16T02:45:00Z,2026-07-16T04:45:00+0200,0.0,MW,DK2,DK_2,actual_offshore_wind_generation,Wind Offshore,2026-08-10T16:50:24Z
2026-08-10T16:45:28Z,2026-08-10T18:45:28+0200,f717c518-05ab-43f2-aeab-072d31581934,2026-07-16T03:00:00Z,2026-07-16T05:00:00+0200,0.0,MW,DK2,DK_2,actual_offshore_wind_generation,Wind Offshore,2026-08-10T16:50:24Z
2026-08-10T16:45:28Z,2026-08-10T18:45:28+0200,f717c518-05ab-43f2-aeab-072d31581934,2026-07-16T03:15:00Z,2026-07-16T05:15:00+0200,0.0,MW,DK2,DK_2,actual_offshore_wind_generation,Wind Offshore,2026-08-10T16:50:24Z
2026-08-10T16:45:28Z,2026-08-10T18:45:28+0200,f717c518-05ab-43f2-aeab-072d31581934,2026-07-16T03:30:00Z,2026-07-16T05:30:00+0200,0.0,MW,DK2,DK_2,actual_offshore_wind_generation,Wind Offshore,2026-08-10T16:50:24Z
2026-08-10T16:45:28Z,2026-08-10T18:45:28+0200,f717c518-05ab-43f2-aeab-072d31581934,2026-07-16T03:45:00Z,2026-07-16T05:45:00+0200,0.0,MW,DK2,DK_2,actual_offshore_wind_generation,Wind Offshore,2026-08-10T16:50:24Z
2026-08-10T16:45:28Z,2026-08-10T18:45:28+0200,f717c518-05ab-43f2-aeab-072d31581934,2026-07-16T04:00:00Z,2026-07-16T06:00:00+0200,0.518937,MW,DK2,DK_2,actual_offshore_wind_generation,Wind Offshore,2026-08-10T16:50:24Z
2026-08-10T16:45:28Z,2026-08-10T18:45:28+0200,f717c518-05ab-43f2-aeab-072d31581934,2026-07-16T04:15:00Z,2026-07-16T06:15:00+0200,0.235293,MW,DK2,DK_2,actual_offshore_wind_generation,Wind Offshore,2026-08-10T16:50:24Z
2026-08-10T16:45:28Z,2026-08-10T18:45:28+0200,f717c518-05ab-43f2-aeab-072d31581934,2026-07-16T04:30:00Z,2026-07-16T06:30:00+0200,1.79648,MW,DK2,DK_2,actual_offshore_wind_generation,Wind Offshore,2026-08-10T16:50:24Z
2026-08-10T16:45:28Z,2026-08-10T18:45:28+0200,f717c518-05ab-43f2-aeab-072d31581934,2026-07-16T04:45:00Z,2026-07-16T06:45:00+0200,3.74275,MW,DK2,DK_2,actual_offshore_wind_generation,Wind Offshore,2026-08-10T16:50:24Z
2026-08-10T16:45:28Z,2026-08-10T18:45:28+0200,f717c518-05ab-43f2-aeab-072d31581934,2026-07-16T05:00:00Z,2026-07-16T07:00:00+0200,8.02392,MW,DK2,DK_2,actual_offshore_wind_generation,Wind Offshore,2026-08-10T16:50:24Z
2026-08-10T16:45:28Z,2026-08-10T18:45:28+0200,f717c518-05ab-43f2-aeab-072d31581934,2026-07-16T05:15:00Z,2026-07-16T07:15:00+0200,14.6988,MW,DK2,DK_2,actual_offshore_wind_generation,Wind Offshore,2026-08-10T16:50:24Z
2026-08-10T16:45:28Z,2026-08-10T18:45:28+0200,f717c518-05ab-43f2-aeab-072d31581934,2026-07-16T05:30:00Z,2026-07-16T07:30:00+0200,24.4154,MW,DK2,DK_2,actual_offshore_wind_generation,Wind Offshore,2026-08-10T16:50:24Z
2026-08-10T16:45:28Z,2026-08-10T18:45:28+0200,f717c518-05ab-43f2-aeab-072d31581934,2026-07-16T05:45:00Z,2026-07-16T07:45:00+0200,29.3006,MW,DK2,DK_2,actual_offshore_wind_generation,Wind Offshore,2026-08-10T16:50:24Z
2026-08-10T16:45:28Z,2026-08-10T18:45:28+0200,f717c518-05ab-43f2-aeab-072d31581934,2026-07-16T06:00:00Z,2026-07-16T08:00:00+0200,33.7139,MW,DK2,DK_2,actual_offshore_wind_generation,Wind Offshore,2026-08-10T16:50:24Z
2026-08-10T16:45:28Z,2026-08-10T18:45:28+0200,f717c518-05ab-43f2-aeab-072d31581934,2026-07-16T06:15:00Z,2026-07-16T08:15:00+0200,40.4293,MW,DK2,DK_2,actual_offshore_wind_generation,Wind Offshore,2026-08-10T16:50:24Z
2026-08-10T16:45:28Z,2026-08-10T18:45:28+0200,f717c518-05ab-43f2-aeab-072d31581934,2026-07-16T06:30:00Z,2026-07-16T08:30:00+0200,42.7583,MW,DK2,DK_2,actual_offshore_wind_generation,Wind Offshore,2026-08-10T16:50:24Z
2026-08-10T16:45:28Z,2026-08-10T18:45:28+0200,f717c518-05ab-43f2-aeab-072d31581934,2026-07-16T06:45:00Z,2026-07-16T08:45:00+0200,40.8,MW,DK2,DK_2,actual_offshore_wind_generation,Wind Offshore,2026-08-10T16:50:24Z
2026-08-10T16:45:28Z,2026-08-10T18:45:28+0200,f717c518-05ab-43f2-aeab-072d31581934,2026-07-16T07:00:00Z,2026-07-16T09:00:00+0200,44.8683,MW,DK2,DK_2,actual_offshore_wind_generation,Wind Offshore,2026-08-10T16:50:24Z
2026-08-10T16:45:28Z,2026-08-10T18:45:28+0200,f717c518-05ab-43f2-aeab-072d31581934,2026-07-16T07:15:00Z,2026-07-16T09:15:00+0200,49.1857,MW,DK2,DK_2,actual_offshore_wind_generation,Wind Offshore,2026-08-10T16:50:24Z
2026-08-10T16:45:28Z,2026-08-10T18:45:28+0200,f717c518-05ab-43f2-aeab-072d31581934,2026-07-16T07:30:00Z,2026-07-16T09:30:00+0200,43.8185,MW,DK2,DK_2,actual_offshore_wind_generation,Wind Offshore,2026-08-10T16:50:24Z
2026-08-10T16:45:28Z,2026-08-10T18:45:28+0200,f717c518-05ab-43f2-aeab-072d31581934,2026-07-16T07:45:00Z,2026-07-16T09:45:00+0200,35.6697,MW,DK2,DK_2,actual_offshore_wind_generation,Wind Offshore,2026-08-10T16:50:24Z
2026-08-10T16:45:28Z,2026-08-10T18:45:28+0200,f717c518-05ab-43f2-aeab-072d31581934,2026-07-16T08:00:00Z,2026-07-16T10:00:00+0200,35.3005,MW,DK2,DK_2,actual_offshore_wind_generation,Wind Offshore,2026-08-10T16:50:24Z
2026-08-10T16:45:28Z,2026-08-10T18:45:28+0200,f717c518-05ab-43f2-aeab-072d31581934,2026-07-16T08:15:00Z,2026-07-16T10:15:00+0200,37.6442,MW,DK2,DK_2,actual_offshore_wind_generation,Wind Offshore,2026-08-10T16:50:24Z
2026-08-10T16:45:28Z,2026-08-10T18:45:28+0200,f717c518-05ab-43f2-aeab-072d31581934,2026-07-16T08:30:00Z,2026-07-16T10:30:00+0200,39.3332,MW,DK2,DK_2,actual_offshore_wind_generation,Wind Offshore,2026-08-10T16:50:24Z
2026-08-10T16:45:28Z,2026-08-10T18:45:28+0200,f717c518-05ab-43f2-aeab-072d31581934,2026-07-16T08:45:00Z,2026-07-16T10:45:00+0200,47.3046,MW,DK2,DK_2,actual_offshore_wind_generation,Wind Offshore,2026-08-10T16:50:24Z
2026-08-10T16:45:28Z,2026-08-10T18:45:28+0200,f717c518-05ab-43f2-aeab-072d31581934,2026-07-16T09:00:00Z,2026-07-16T11:00:00+0200,59.0736,MW,DK2,DK_2,actual_offshore_wind_generation,Wind Offshore,2026-08-10T16:50:24Z
2026-08-10T16:45:28Z,2026-08-10T18:45:28+0200,f717c518-05ab-43f2-aeab-072d31581934,2026-07-16T09:15:00Z,2026-07-16T11:15:00+0200,58.9786,MW,DK2,DK_2,actual_offshore_wind_generation,Wind Offshore,2026-08-10T16:50:24Z
2026-08-10T16:45:28Z,2026-08-10T18:45:28+0200,f717c518-05ab-43f2-aeab-072d31581934,2026-07-16T09:30:00Z,2026-07-16T11:30:00+0200,67.7908,MW,DK2,DK_2,actual_offshore_wind_generation,Wind Offshore,2026-08-10T16:50:24Z
2026-08-10T16:45:28Z,2026-08-10T18:45:28+0200,f717c518-05ab-43f2-aeab-072d31581934,2026-07-16T09:45:00Z,2026-07-16T11:45:00+0200,68.8534,MW,DK2,DK_2,actual_offshore_wind_generation,Wind Offshore,2026-08-10T16:50:24Z
2026-08-10T16:45:28Z,2026-08-10T18:45:28+0200,f717c518-05ab-43f2-aeab-072d31581934,2026-07-16T10:00:00Z,2026-07-16T12:00:00+0200,73.5137,MW,DK2,DK_2,actual_offshore_wind_generation,Wind Offshore,2026-08-10T16:50:24Z
2026-08-10T16:45:28Z,2026-08-10T18:45:28+0200,f717c518-05ab-43f2-aeab-072d31581934,2026-07-16T10:15:00Z,2026-07-16T12:15:00+0200,71.0579,MW,DK2,DK_2,actual_offshore_wind_generation,Wind Offshore,2026-08-10T16:50:24Z
2026-08-10T16:45:28Z,2026-08-10T18:45:28+0200,f717c518-05ab-43f2-aeab-072d31581934,2026-07-16T10:30:00Z,2026-07-16T12:30:00+0200,62.1136,MW,DK2,DK_2,actual_offshore_wind_generation,Wind Offshore,2026-08-10T16:50:24Z
2026-08-10T16:45:28Z,2026-08-10T18:45:28+0200,f717c518-05ab-43f2-aeab-072d31581934,2026-07-16T10:45:00Z,2026-07-16T12:45:00+0200,52.7206,MW,DK2,DK_2,actual_offshore_wind_generation,Wind Offshore,2026-08-10T16:50:24Z
2026-08-10T16:45:28Z,2026-08-10T18:45:28+0200,f717c518-05ab-43f2-aeab-072d31581934,2026-07-16T11:00:00Z,2026-07-16T13:00:00+0200,50.4589,MW,DK2,DK_2,actual_offshore_wind_generation,Wind Offshore,2026-08-10T16:50:24Z
2026-08-10T16:45:28Z,2026-08-10T18:45:28+0200,f717c518-05ab-43f2-aeab-072d31581934,2026-07-16T11:15:00Z,2026-07-16T13:15:00+0200,52.6773,MW,DK2,DK_2,actual_offshore_wind_generation,Wind Offshore,2026-08-10T16:50:24Z
2026-08-10T16:45:28Z,2026-08-10T18:45:28+0200,f717c518-05ab-43f2-aeab-072d31581934,2026-07-16T11:30:00Z,2026-07-16T13:30:00+0200,55.1934,MW,DK2,DK_2,actual_offshore_wind_generation,Wind Offshore,2026-08-10T16:50:24Z
2026-08-10T16:45:28Z,2026-08-10T18:45:28+0200,f717c518-05ab-43f2-aeab-072d31581934,2026-07-16T11:45:00Z,2026-07-16T13:45:00+0200,58.0788,MW,DK2,DK_2,actual_offshore_wind_generation,Wind Offshore,2026-08-10T16:50:24Z
2026-08-10T16:45:28Z,2026-08-10T18:45:28+0200,f717c518-05ab-43f2-aeab-072d31581934,2026-07-16T12:00:00Z,2026-07-16T14:00:00+0200,60.8646,MW,DK2,DK_2,actual_offshore_wind_generation,Wind Offshore,2026-08-10T16:50:24Z
2026-08-10T16:45:28Z,2026-08-10T18:45:28+0200,f717c518-05ab-43f2-aeab-072d31581934,2026-07-16T12:15:00Z,2026-07-16T14:15:00+0200,66.2388,MW,DK2,DK_2,actual_offshore_wind_generation,Wind Offshore,2026-08-10T16:50:24Z
2026-08-10T16:45:28Z,2026-08-10T18:45:28+0200,f717c518-05ab-43f2-aeab-072d31581934,2026-07-16T12:30:00Z,2026-07-16T14:30:00+0200,75.7594,MW,DK2,DK_2,actual_offshore_wind_generation,Wind Offshore,2026-08-10T16:50:24Z
2026-08-10T16:45:28Z,2026-08-10T18:45:28+0200,f717c518-05ab-43f2-aeab-072d31581934,2026-07-16T12:45:00Z,2026-07-16T14:45:00+0200,87.7584,MW,DK2,DK_2,actual_offshore_wind_generation,Wind Offshore,2026-08-10T16:50:24Z
2026-08-10T16:45:28Z,2026-08-10T18:45:28+0200,f717c518-05ab-43f2-aeab-072d31581934,2026-07-16T13:00:00Z,2026-07-16T15:00:00+0200,94.1075,MW,DK2,DK_2,actual_offshore_wind_generation,Wind Offshore,2026-08-10T16:50:24Z
2026-08-10T16:45:28Z,2026-08-10T18:45:28+0200,f717c518-05ab-43f2-aeab-072d31581934,2026-07-16T13:15:00Z,2026-07-16T15:15:00+0200,104.569,MW,DK2,DK_2,actual_offshore_wind_generation,Wind Offshore,2026-08-10T16:50:24Z
2026-08-10T16:45:28Z,2026-08-10T18:45:28+0200,f717c518-05ab-43f2-aeab-072d31581934,2026-07-16T13:30:00Z,2026-07-16T15:30:00+0200,118.253,MW,DK2,DK_2,actual_offshore_wind_generation,Wind Offshore,2026-08-10T16:50:24Z
2026-08-10T16:45:28Z,2026-08-10T18:45:28+0200,f717c518-05ab-43f2-aeab-072d31581934,2026-07-16T13:45:00Z,2026-07-16T15:45:00+0200,122.69,MW,DK2,DK_2,actual_offshore_wind_generation,Wind Offshore,2026-08-10T16:50:24Z
2026-08-10T16:45:28Z,2026-08-10T18:45:28+0200,f717c518-05ab-43f2-aeab-072d31581934,2026-07-16T14:00:00Z,2026-07-16T16:00:00+0200,128.203,MW,DK2,DK_2,actual_offshore_wind_generation,Wind Offshore,2026-08-10T16:50:24Z
2026-08-10T16:45:28Z,2026-08-10T18:45:28+0200,f717c518-05ab-43f2-aeab-072d31581934,2026-07-16T14:15:00Z,2026-07-16T16:15:00+0200,116.282,MW,DK2,DK_2,actual_offshore_wind_generation,Wind Offshore,2026-08-10T16:50:24Z
2026-08-10T16:45:28Z,2026-08-10T18:45:28+0200,f717c518-05ab-43f2-aeab-072d31581934,2026-07-16T14:30:00Z,2026-07-16T16:30:00+0200,132.219,MW,DK2,DK_2,actual_offshore_wind_generation,Wind Offshore,2026-08-10T16:50:24Z
2026-08-10T16:45:28Z,2026-08-10T18:45:28+0200,f717c518-05ab-43f2-aeab-072d31581934,2026-07-16T14:45:00Z,2026-07-16T16:45:00+0200,130.126,MW,DK2,DK_2,actual_offshore_wind_generation,Wind Offshore,2026-08-10T16:50:24Z
2026-08-10T16:45:28Z,2026-08-10T18:45:28+0200,f717c518-05ab-43f2-aeab-072d31581934,2026-07-16T15:00:00Z,2026-07-16T17:00:00+0200,140.573,MW,DK2,DK_2,actual_offshore_wind_generation,Wind Offshore,2026-08-10T16:50:24Z
2026-08-10T16:45:28Z,2026-08-10T18:45:28+0200,f717c518-05ab-43f2-aeab-072d31581934,2026-07-16T15:15:00Z,2026-07-16T17:15:00+0200,157.405,MW,DK2,DK_2,actual_offshore_wind_generation,Wind Offshore,2026-08-10T16:50:24Z
2026-08-10T16:45:28Z,2026-08-10T18:45:28+0200,f717c518-05ab-43f2-aeab-072d31581934,2026-07-16T15:30:00Z,2026-07-16T17:30:00+0200,168.392,MW,DK2,DK_2,actual_offshore_wind_generation,Wind Offshore,2026-08-10T16:50:24Z
2026-08-10T16:45:28Z,2026-08-10T18:45:28+0200,f717c518-05ab-43f2-aeab-072d31581934,2026-07-16T15:45:00Z,2026-07-16T17:45:00+0200,168.757,MW,DK2,DK_2,actual_offshore_wind_generation,Wind Offshore,2026-08-10T16:50:24Z
2026-08-10T16:45:28Z,2026-08-10T18:45:28+0200,f717c518-05ab-43f2-aeab-072d31581934,2026-07-16T16:00:00Z,2026-07-16T18:00:00+0200,152.863,MW,DK2,DK_2,actual_offshore_wind_generation,Wind Offshore,2026-08-10T16:50:24Z
2026-08-10T16:45:28Z,2026-08-10T18:45:28+0200,f717c518-05ab-43f2-aeab-072d31581934,2026-07-16T16:15:00Z,2026-07-16T18:15:00+0200,168.489,MW,DK2,DK_2,actual_offshore_wind_generation,Wind Offshore,2026-08-10T16:50:24Z
2026-08-10T16:45:28Z,2026-08-10T18:45:28+0200,f717c518-05ab-43f2-aeab-072d31581934,2026-07-16T16:30:00Z,2026-07-16T18:30:00+0200,168.855,MW,DK2,DK_2,actual_offshore_wind_generation,Wind Offshore,2026-08-10T16:50:24Z
2026-08-10T16:45:28Z,2026-08-10T18:45:28+0200,f717c518-05ab-43f2-aeab-072d31581934,2026-07-16T16:45:00Z,2026-07-16T18:45:00+0200,106.936,MW,DK2,DK_2,actual_offshore_wind_generation,Wind Offshore,2026-08-10T16:50:24Z
2026-08-10T16:45:28Z,2026-08-10T18:45:28+0200,f717c518-05ab-43f2-aeab-072d31581934,2026-07-16T17:00:00Z,2026-07-16T19:00:00+0200,87.4281,MW,DK2,DK_2,actual_offshore_wind_generation,Wind Offshore,2026-08-10T16:50:24Z
2026-08-10T16:45:28Z,2026-08-10T18:45:28+0200,f717c518-05ab-43f2-aeab-072d31581934,2026-07-16T17:15:00Z,2026-07-16T19:15:00+0200,60.0261,MW,DK2,DK_2,actual_offshore_wind_generation,Wind Offshore,2026-08-10T16:50:24Z
2026-08-10T16:45:28Z,2026-08-10T18:45:28+0200,f717c518-05ab-43f2-aeab-072d31581934,2026-07-16T17:30:00Z,2026-07-16T19:30:00+0200,55.036,MW,DK2,DK_2,actual_offshore_wind_generation,Wind Offshore,2026-08-10T16:50:24Z
2026-08-10T16:45:28Z,2026-08-10T18:45:28+0200,f717c518-05ab-43f2-aeab-072d31581934,2026-07-16T17:45:00Z,2026-07-16T19:45:00+0200,40.8176,MW,DK2,DK_2,actual_offshore_wind_generation,Wind Offshore,2026-08-10T16:50:24Z
2026-08-10T16:45:28Z,2026-08-10T18:45:28+0200,f717c518-05ab-43f2-aeab-072d31581934,2026-07-16T18:00:00Z,2026-07-16T20:00:00+0200,32.647,MW,DK2,DK_2,actual_offshore_wind_generation,Wind Offshore,2026-08-10T16:50:24Z
2026-08-10T16:45:28Z,2026-08-10T18:45:28+0200,f717c518-05ab-43f2-aeab-072d31581934,2026-07-16T18:15:00Z,2026-07-16T20:15:00+0200,62.0508,MW,DK2,DK_2,actual_offshore_wind_generation,Wind Offshore,2026-08-10T16:50:24Z
2026-08-10T16:45:28Z,2026-08-10T18:45:28+0200,f717c518-05ab-43f2-aeab-072d31581934,2026-07-16T18:30:00Z,2026-07-16T20:30:00+0200,120.683,MW,DK2,DK_2,actual_offshore_wind_generation,Wind Offshore,2026-08-10T16:50:24Z
2026-08-10T16:45:28Z,2026-08-10T18:45:28+0200,f717c518-05ab-43f2-aeab-072d31581934,2026-07-16T18:45:00Z,2026-07-16T20:45:00+0200,134.856,MW,DK2,DK_2,actual_offshore_wind_generation,Wind Offshore,2026-08-10T16:50:24Z
2026-08-10T16:45:28Z,2026-08-10T18:45:28+0200,f717c518-05ab-43f2-aeab-072d31581934,2026-07-16T19:00:00Z,2026-07-16T21:00:00+0200,148.036,MW,DK2,DK_2,actual_offshore_wind_generation,Wind Offshore,2026-08-10T16:50:24Z
2026-08-10T16:45:28Z,2026-08-10T18:45:28+0200,f717c518-05ab-43f2-aeab-072d31581934,2026-07-16T19:15:00Z,2026-07-16T21:15:00+0200,171.262,MW,DK2,DK_2,actual_offshore_wind_generation,Wind Offshore,2026-08-10T16:50:24Z
2026-08-10T16:45:28Z,2026-08-10T18:45:28+0200,f717c518-05ab-43f2-aeab-072d31581934,2026-07-16T19:30:00Z,2026-07-16T21:30:00+0200,152.758,MW,DK2,DK_2,actual_offshore_wind_generation,Wind Offshore,2026-08-10T16:50:24Z
2026-08-10T16:45:28Z,2026-08-10T18:45:28+0200,f717c518-05ab-43f2-aeab-072d31581934,2026-07-16T19:45:00Z,2026-07-16T21:45:00+0200,94.0255,MW,DK2,DK_2,actual_offshore_wind_generation,Wind Offshore,2026-08-10T16:50:24Z
2026-08-10T16:45:28Z,2026-08-10T18:45:28+0200,f717c518-05ab-43f2-aeab-072d31581934,2026-07-16T20:00:00Z,2026-07-16T22:00:00+0200,70.2936,MW,DK2,DK_2,actual_offshore_wind_generation,Wind Offshore,2026-08-10T16:50:24Z
2026-08-10T16:45:28Z,2026-08-10T18:45:28+0200,f717c518-05ab-43f2-aeab-072d31581934,2026-07-16T20:15:00Z,2026-07-16T22:15:00+0200,65.344,MW,DK2,DK_2,actual_offshore_wind_generation,Wind Offshore,2026-08-10T16:50:24Z
2026-08-10T16:45:28Z,2026-08-10T18:45:28+0200,f717c518-05ab-43f2-aeab-072d31581934,2026-07-16T20:30:00Z,2026-07-16T22:30:00+0200,70.1177,MW,DK2,DK_2,actual_offshore_wind_generation,Wind Offshore,2026-08-10T16:50:24Z
2026-08-10T16:45:28Z,2026-08-10T18:45:28+0200,f717c518-05ab-43f2-aeab-072d31581934,2026-07-16T20:45:00Z,2026-07-16T22:45:00+0200,105.635,MW,DK2,DK_2,actual_offshore_wind_generation,Wind Offshore,2026-08-10T16:50:24Z
2026-08-10T16:45:28Z,2026-08-10T18:45:28+0200,f717c518-05ab-43f2-aeab-072d31581934,2026-07-16T21:00:00Z,2026-07-16T23:00:00+0200,129.691,MW,DK2,DK_2,actual_offshore_wind_generation,Wind Offshore,2026-08-10T16:50:24Z
2026-08-10T16:45:28Z,2026-08-10T18:45:28+0200,f717c518-05ab-43f2-aeab-072d31581934,2026-07-16T21:15:00Z,2026-07-16T23:15:00+0200,117.149,MW,DK2,DK_2,actual_offshore_wind_generation,Wind Offshore,2026-08-10T16:50:24Z
2026-08-10T16:45:28Z,2026-08-10T18:45:28+0200,f717c518-05ab-43f2-aeab-072d31581934,2026-07-16T21:30:00Z,2026-07-16T23:30:00+0200,115.726,MW,DK2,DK_2,actual_offshore_wind_generation,Wind Offshore,2026-08-10T16:50:24Z
2026-08-10T16:45:28Z,2026-08-10T18:45:28+0200,f717c518-05ab-43f2-aeab-072d31581934,2026-07-16T21:45:00Z,2026-07-16T23:45:00+0200,119.879,MW,DK2,DK_2,actual_offshore_wind_generation,Wind Offshore,2026-08-10T16:50:24Z
2026-08-10T16:45:28Z,2026-08-10T18:45:28+0200,f717c518-05ab-43f2-aeab-072d31581934,2026-07-16T22:00:00Z,2026-07-17T00:00:00+0200,96.1407,MW,DK2,DK_2,actual_offshore_wind_generation,Wind Offshore,2026-08-10T16:50:24Z
2026-08-10T16:45:28Z,2026-08-10T18:45:28+0200,f717c518-05ab-43f2-aeab-072d31581934,2026-07-16T22:15:00Z,2026-07-17T00:15:00+0200,75.2003,MW,DK2,DK_2,actual_offshore_wind_generation,Wind Offshore,2026-08-10T16:50:24Z
2026-08-10T16:45:28Z,2026-08-10T18:45:28+0200,f717c518-05ab-43f2-aeab-072d31581934,2026-07-16T22:30:00Z,2026-07-17T00:30:00+0200,79.6887,MW,DK2,DK_2,actual_offshore_wind_generation,Wind Offshore,2026-08-10T16:50:24Z
2026-08-10T16:45:28Z,2026-08-10T18:45:28+0200,f717c518-05ab-43f2-aeab-072d31581934,2026-07-16T22:45:00Z,2026-07-17T00:45:00+0200,90.7763,MW,DK2,DK_2,actual_offshore_wind_generation,Wind Offshore,2026-08-10T16:50:24Z
2026-08-10T16:45:28Z,2026-08-10T18:45:28+0200,f717c518-05ab-43f2-aeab-072d31581934,2026-07-16T23:00:00Z,2026-07-17T01:00:00+0200,107.841,MW,DK2,DK_2,actual_offshore_wind_generation,Wind Offshore,2026-08-10T16:50:24Z
2026-08-10T16:45:28Z,2026-08-10T18:45:28+0200,f717c518-05ab-43f2-aeab-072d31581934,2026-07-16T23:15:00Z,2026-07-17T01:15:00+0200,110.703,MW,DK2,DK_2,actual_offshore_wind_generation,Wind Offshore,2026-08-10T16:50:24Z
2026-08-10T16:45:28Z,2026-08-10T18:45:28+0200,f717c518-05ab-43f2-aeab-072d31581934,2026-07-16T23:30:00Z,2026-07-17T01:30:00+0200,102.223,MW,DK2,DK_2,actual_offshore_wind_generation,Wind Offshore,2026-08-10T16:50:24Z
2026-08-10T16:45:28Z,2026-08-10T18:45:28+0200,f717c518-05ab-43f2-aeab-072d31581934,2026-07-16T23:45:00Z,2026-07-17T01:45:00+0200,102.562,MW,DK2,DK_2,actual_offshore_wind_generation,Wind Offshore,2026-08-10T16:50:24Z
2026-08-10T16:45:28Z,2026-08-10T18:45:28+0200,f717c518-05ab-43f2-aeab-072d31581934,2026-07-17T00:00:00Z,2026-07-17T02:00:00+0200,102.857,MW,DK2,DK_2,actual_offshore_wind_generation,Wind Offshore,2026-08-10T16:50:24Z
2026-08-10T16:45:28Z,2026-08-10T18:45:28+0200,f717c518-05ab-43f2-aeab-072d31581934,2026-07-17T00:15:00Z,2026-07-17T02:15:00+0200,112.898,MW,DK2,DK_2,actual_offshore_wind_generation,Wind Offshore,2026-08-10T16:50:24Z
2026-08-10T16:45:28Z,2026-08-10T18:45:28+0200,f717c518-05ab-43f2-aeab-072d31581934,2026-07-17T00:30:00Z,2026-07-17T02:30:00+0200,121.237,MW,DK2,DK_2,actual_offshore_wind_generation,Wind Offshore,2026-08-10T16:50:24Z
2026-08-10T16:45:28Z,2026-08-10T18:45:28+0200,f717c518-05ab-43f2-aeab-072d31581934,2026-07-17T00:45:00Z,2026-07-17T02:45:00+0200,102.756,MW,DK2,DK_2,actual_offshore_wind_generation,Wind Offshore,2026-08-10T16:50:24Z
2026-08-10T16:45:28Z,2026-08-10T18:45:28+0200,f717c518-05ab-43f2-aeab-072d31581934,2026-07-17T01:00:00Z,2026-07-17T03:00:00+0200,82.3776,MW,DK2,DK_2,actual_offshore_wind_generation,Wind Offshore,2026-08-10T16:50:24Z
2026-08-10T16:45:28Z,2026-08-10T18:45:28+0200,f717c518-05ab-43f2-aeab-072d31581934,2026-07-17T01:15:00Z,2026-07-17T03:15:00+0200,78.1604,MW,DK2,DK_2,actual_offshore_wind_generation,Wind Offshore,2026-08-10T16:50:24Z
2026-08-10T16:45:28Z,2026-08-10T18:45:28+0200,f717c518-05ab-43f2-aeab-072d31581934,2026-07-17T01:30:00Z,2026-07-17T03:30:00+0200,92.9784,MW,DK2,DK_2,actual_offshore_wind_generation,Wind Offshore,2026-08-10T16:50:24Z
2026-08-10T16:45:28Z,2026-08-10T18:45:28+0200,f717c518-05ab-43f2-aeab-072d31581934,2026-07-17T01:45:00Z,2026-07-17T03:45:00+0200,97.794,MW,DK2,DK_2,actual_offshore_wind_generation,Wind Offshore,2026-08-10T16:50:24Z
2026-08-10T16:45:28Z,2026-08-10T18:45:28+0200,f717c518-05ab-43f2-aeab-072d31581934,2026-07-17T02:00:00Z,2026-07-17T04:00:00+0200,97.6963,MW,DK2,DK_2,actual_offshore_wind_generation,Wind Offshore,2026-08-10T16:50:24Z
2026-08-10T16:45:28Z,2026-08-10T18:45:28+0200,f717c518-05ab-43f2-aeab-072d31581934,2026-07-17T02:15:00Z,2026-07-17T04:15:00+0200,102.212,MW,DK2,DK_2,actual_offshore_wind_generation,Wind Offshore,2026-08-10T16:50:24Z
2026-08-10T16:45:28Z,2026-08-10T18:45:28+0200,f717c518-05ab-43f2-aeab-072d31581934,2026-07-17T02:30:00Z,2026-07-17T04:30:00+0200,102.741,MW,DK2,DK_2,actual_offshore_wind_generation,Wind Offshore,2026-08-10T16:50:24Z
2026-08-10T16:45:28Z,2026-08-10T18:45:28+0200,f717c518-05ab-43f2-aeab-072d31581934,2026-07-17T02:45:00Z,2026-07-17T04:45:00+0200,93.4931,MW,DK2,DK_2,actual_offshore_wind_generation,Wind Offshore,2026-08-10T16:50:24Z
2026-08-10T16:45:28Z,2026-08-10T18:45:28+0200,f717c518-05ab-43f2-aeab-072d31581934,2026-07-17T03:00:00Z,2026-07-17T05:00:00+0200,90.9527,MW,DK2,DK_2,actual_offshore_wind_generation,Wind Offshore,2026-08-10T16:50:24Z
2026-08-10T16:45:28Z,2026-08-10T18:45:28+0200,f717c518-05ab-43f2-aeab-072d31581934,2026-07-17T03:15:00Z,2026-07-17T05:15:00+0200,75.2543,MW,DK2,DK_2,actual_offshore_wind_generation,Wind Offshore,2026-08-10T16:50:24Z
2026-08-10T16:45:28Z,2026-08-10T18:45:28+0200,f717c518-05ab-43f2-aeab-072d31581934,2026-07-17T03:30:00Z,2026-07-17T05:30:00+0200,66.3385,MW,DK2,DK_2,actual_offshore_wind_generation,Wind Offshore,2026-08-10T16:50:24Z
2026-08-10T16:45:28Z,2026-08-10T18:45:28+0200,f717c518-05ab-43f2-aeab-072d31581934,2026-07-17T03:45:00Z,2026-07-17T05:45:00+0200,74.8767,MW,DK2,DK_2,actual_offshore_wind_generation,Wind Offshore,2026-08-10T16:50:24Z
2026-08-10T16:45:28Z,2026-08-10T18:45:28+0200,f717c518-05ab-43f2-aeab-072d31581934,2026-07-17T04:00:00Z,2026-07-17T06:00:00+0200,70.6047,MW,DK2,DK_2,actual_offshore_wind_generation,Wind Offshore,2026-08-10T16:50:24Z
2026-08-10T16:45:28Z,2026-08-10T18:45:28+0200,f717c518-05ab-43f2-aeab-072d31581934,2026-07-17T04:15:00Z,2026-07-17T06:15:00+0200,61.1665,MW,DK2,DK_2,actual_offshore_wind_generation,Wind Offshore,2026-08-10T16:50:24Z
2026-08-10T16:45:28Z,2026-08-10T18:45:28+0200,f717c518-05ab-43f2-aeab-072d31581934,2026-07-17T04:30:00Z,2026-07-17T06:30:00+0200,60.7765,MW,DK2,DK_2,actual_offshore_wind_generation,Wind Offshore,2026-08-10T16:50:24Z
2026-08-10T16:45:28Z,2026-08-10T18:45:28+0200,f717c518-05ab-43f2-aeab-072d31581934,2026-07-17T04:45:00Z,2026-07-17T06:45:00+0200,59.0589,MW,DK2,DK_2,actual_offshore_wind_generation,Wind Offshore,2026-08-10T16:50:24Z
2026-08-10T16:45:28Z,2026-08-10T18:45:28+0200,f717c518-05ab-43f2-aeab-072d31581934,2026-07-17T05:00:00Z,2026-07-17T07:00:00+0200,65.7412,MW,DK2,DK_2,actual_offshore_wind_generation,Wind Offshore,2026-08-10T16:50:24Z
2026-08-10T16:45:28Z,2026-08-10T18:45:28+0200,f717c518-05ab-43f2-aeab-072d31581934,2026-07-17T05:15:00Z,2026-07-17T07:15:00+0200,80.5471,MW,DK2,DK_2,actual_offshore_wind_generation,Wind Offshore,2026-08-10T16:50:24Z
2026-08-10T16:45:28Z,2026-08-10T18:45:28+0200,f717c518-05ab-43f2-aeab-072d31581934,2026-07-17T05:30:00Z,2026-07-17T07:30:00+0200,87.1315,MW,DK2,DK_2,actual_offshore_wind_generation,Wind Offshore,2026-08-10T16:50:24Z
2026-08-10T16:45:28Z,2026-08-10T18:45:28+0200,f717c518-05ab-43f2-aeab-072d31581934,2026-07-17T05:45:00Z,2026-07-17T07:45:00+0200,90.5622,MW,DK2,DK_2,actual_offshore_wind_generation,Wind Offshore,2026-08-10T16:50:24Z
2026-08-10T16:45:28Z,2026-08-10T18:45:28+0200,f717c518-05ab-43f2-aeab-072d31581934,2026-07-17T06:00:00Z,2026-07-17T08:00:00+0200,84.2731,MW,DK2,DK_2,actual_offshore_wind_generation,Wind Offshore,2026-08-10T16:50:24Z
2026-08-10T16:45:28Z,2026-08-10T18:45:28+0200,f717c518-05ab-43f2-aeab-072d31581934,2026-07-17T06:15:00Z,2026-07-17T08:15:00+0200,70.6533,MW,DK2,DK_2,actual_offshore_wind_generation,Wind Offshore,2026-08-10T16:50:24Z
2026-08-10T16:45:28Z,2026-08-10T18:45:28+0200,f717c518-05ab-43f2-aeab-072d31581934,2026-07-17T06:30:00Z,2026-07-17T08:30:00+0200,59.365,MW,DK2,DK_2,actual_offshore_wind_generation,Wind Offshore,2026-08-10T16:50:24Z
2026-08-10T16:45:28Z,2026-08-10T18:45:28+0200,f717c518-05ab-43f2-aeab-072d31581934,2026-07-17T06:45:00Z,2026-07-17T08:45:00+0200,45.9163,MW,DK2,DK_2,actual_offshore_wind_generation,Wind Offshore,2026-08-10T16:50:24Z
2026-08-10T16:45:28Z,2026-08-10T18:45:28+0200,f717c518-05ab-43f2-aeab-072d31581934,2026-07-17T07:00:00Z,2026-07-17T09:00:00+0200,34.9287,MW,DK2,DK_2,actual_offshore_wind_generation,Wind Offshore,2026-08-10T16:50:24Z
2026-08-10T16:45:28Z,2026-08-10T18:45:28+0200,f717c518-05ab-43f2-aeab-072d31581934,2026-07-17T07:15:00Z,2026-07-17T09:15:00+0200,36.1583,MW,DK2,DK_2,actual_offshore_wind_generation,Wind Offshore,2026-08-10T16:50:24Z
2026-08-10T16:45:28Z,2026-08-10T18:45:28+0200,f717c518-05ab-43f2-aeab-072d31581934,2026-07-17T07:30:00Z,2026-07-17T09:30:00+0200,35.8282,MW,DK2,DK_2,actual_offshore_wind_generation,Wind Offshore,2026-08-10T16:50:24Z
2026-08-10T16:45:28Z,2026-08-10T18:45:28+0200,f717c518-05ab-43f2-aeab-072d31581934,2026-07-17T07:45:00Z,2026-07-17T09:45:00+0200,26.5028,MW,DK2,DK_2,actual_offshore_wind_generation,Wind Offshore,2026-08-10T16:50:24Z
2026-08-10T16:45:28Z,2026-08-10T18:45:28+0200,f717c518-05ab-43f2-aeab-072d31581934,2026-07-17T08:00:00Z,2026-07-17T10:00:00+0200,23.732,MW,DK2,DK_2,actual_offshore_wind_generation,Wind Offshore,2026-08-10T16:50:24Z
2026-08-10T16:45:28Z,2026-08-10T18:45:28+0200,f717c518-05ab-43f2-aeab-072d31581934,2026-07-17T08:15:00Z,2026-07-17T10:15:00+0200,19.4404,MW,DK2,DK_2,actual_offshore_wind_generation,Wind Offshore,2026-08-10T16:50:24Z
2026-08-10T16:45:28Z,2026-08-10T18:45:28+0200,f717c518-05ab-43f2-aeab-072d31581934,2026-07-17T08:30:00Z,2026-07-17T10:30:00+0200,20.0246,MW,DK2,DK_2,actual_offshore_wind_generation,Wind Offshore,2026-08-10T16:50:24Z
2026-08-10T16:45:28Z,2026-08-10T18:45:28+0200,f717c518-05ab-43f2-aeab-072d31581934,2026-07-17T08:45:00Z,2026-07-17T10:45:00+0200,22.4094,MW,DK2,DK_2,actual_offshore_wind_generation,Wind Offshore,2026-08-10T16:50:24Z
2026-08-10T16:45:28Z,2026-08-10T18:45:28+0200,f717c518-05ab-43f2-aeab-072d31581934,2026-07-17T09:00:00Z,2026-07-17T11:00:00+0200,23.8201,MW,DK2,DK_2,actual_offshore_wind_generation,Wind Offshore,2026-08-10T16:50:24Z
2026-08-10T16:45:28Z,2026-08-10T18:45:28+0200,f717c518-05ab-43f2-aeab-072d31581934,2026-07-17T09:15:00Z,2026-07-17T11:15:00+0200,26.6625,MW,DK2,DK_2,actual_offshore_wind_generation,Wind Offshore,2026-08-10T16:50:24Z
2026-08-10T16:45:28Z,2026-08-10T18:45:28+0200,f717c518-05ab-43f2-aeab-072d31581934,2026-07-17T09:30:00Z,2026-07-17T11:30:00+0200,23.5039,MW,DK2,DK_2,actual_offshore_wind_generation,Wind Offshore,2026-08-10T16:50:24Z
2026-08-10T16:45:28Z,2026-08-10T18:45:28+0200,f717c518-05ab-43f2-aeab-072d31581934,2026-07-17T09:45:00Z,2026-07-17T11:45:00+0200,17.2995,MW,DK2,DK_2,actual_offshore_wind_generation,Wind Offshore,2026-08-10T16:50:24Z
2026-08-10T16:45:28Z,2026-08-10T18:45:28+0200,f717c518-05ab-43f2-aeab-072d31581934,2026-07-17T10:00:00Z,2026-07-17T12:00:00+0200,10.1337,MW,DK2,DK_2,actual_offshore_wind_generation,Wind Offshore,2026-08-10T16:50:24Z
2026-08-10T16:45:28Z,2026-08-10T18:45:28+0200,f717c518-05ab-43f2-aeab-072d31581934,2026-07-17T10:15:00Z,2026-07-17T12:15:00+0200,3.56488,MW,DK2,DK_2,actual_offshore_wind_generation,Wind Offshore,2026-08-10T16:50:24Z
2026-08-10T16:45:28Z,2026-08-10T18:45:28+0200,f717c518-05ab-43f2-aeab-072d31581934,2026-07-17T10:30:00Z,2026-07-17T12:30:00+0200,2.13463,MW,DK2,DK_2,actual_offshore_wind_generation,Wind Offshore,2026-08-10T16:50:24Z
2026-08-10T16:45:28Z,2026-08-10T18:45:28+0200,f717c518-05ab-43f2-aeab-072d31581934,2026-07-17T10:45:00Z,2026-07-17T12:45:00+0200,2.48659,MW,DK2,DK_2,actual_offshore_wind_generation,Wind Offshore,2026-08-10T16:50:24Z
2026-08-10T16:45:28Z,2026-08-10T18:45:28+0200,f717c518-05ab-43f2-aeab-072d31581934,2026-07-17T11:00:00Z,2026-07-17T13:00:00+0200,1.99645,MW,DK2,DK_2,actual_offshore_wind_generation,Wind Offshore,2026-08-10T16:50:24Z
2026-08-10T16:45:28Z,2026-08-10T18:45:28+0200,f717c518-05ab-43f2-aeab-072d31581934,2026-07-17T11:15:00Z,2026-07-17T13:15:00+0200,10.5266,MW,DK2,DK_2,actual_offshore_wind_generation,Wind Offshore,2026-08-10T16:50:24Z
2026-08-10T16:45:28Z,2026-08-10T18:45:28+0200,f717c518-05ab-43f2-aeab-072d31581934,2026-07-17T11:30:00Z,2026-07-17T13:30:00+0200,11.8241,MW,DK2,DK_2,actual_offshore_wind_generation,Wind Offshore,2026-08-10T16:50:24Z
2026-08-10T16:45:28Z,2026-08-10T18:45:28+0200,f717c518-05ab-43f2-aeab-072d31581934,2026-07-17T11:45:00Z,2026-07-17T13:45:00+0200,2.98419,MW,DK2,DK_2,actual_offshore_wind_generation,Wind Offshore,2026-08-10T16:50:24Z
2026-08-10T16:45:28Z,2026-08-10T18:45:28+0200,f717c518-05ab-43f2-aeab-072d31581934,2026-07-17T12:00:00Z,2026-07-17T14:00:00+0200,1.90341,MW,DK2,DK_2,actual_offshore_wind_generation,Wind Offshore,2026-08-10T16:50:24Z
2026-08-10T16:45:28Z,2026-08-10T18:45:28+0200,f717c518-05ab-43f2-aeab-072d31581934,2026-07-17T12:15:00Z,2026-07-17T14:15:00+0200,1.97981,MW,DK2,DK_2,actual_offshore_wind_generation,Wind Offshore,2026-08-10T16:50:24Z
2026-08-10T16:45:28Z,2026-08-10T18:45:28+0200,f717c518-05ab-43f2-aeab-072d31581934,2026-07-17T12:30:00Z,2026-07-17T14:30:00+0200,0.623326,MW,DK2,DK_2,actual_offshore_wind_generation,Wind Offshore,2026-08-10T16:50:24Z
2026-08-10T16:45:28Z,2026-08-10T18:45:28+0200,f717c518-05ab-43f2-aeab-072d31581934,2026-07-17T12:45:00Z,2026-07-17T14:45:00+0200,0.374312,MW,DK2,DK_2,actual_offshore_wind_generation,Wind Offshore,2026-08-10T16:50:24Z
2026-08-10T16:45:28Z,2026-08-10T18:45:28+0200,f717c518-05ab-43f2-aeab-072d31581934,2026-07-17T13:00:00Z,2026-07-17T15:00:00+0200,1.11627,MW,DK2,DK_2,actual_offshore_wind_generation,Wind Offshore,2026-08-10T16:50:24Z
2026-08-10T16:45:28Z,2026-08-10T18:45:28+0200,f717c518-05ab-43f2-aeab-072d31581934,2026-07-17T13:15:00Z,2026-07-17T15:15:00+0200,1.7515,MW,DK2,DK_2,actual_offshore_wind_generation,Wind Offshore,2026-08-10T16:50:24Z
2026-08-10T16:45:28Z,2026-08-10T18:45:28+0200,f717c518-05ab-43f2-aeab-072d31581934,2026-07-17T13:30:00Z,2026-07-17T15:30:00+0200,2.46446,MW,DK2,DK_2,actual_offshore_wind_generation,Wind Offshore,2026-08-10T16:50:24Z
2026-08-10T16:45:28Z,2026-08-10T18:45:28+0200,f717c518-05ab-43f2-aeab-072d31581934,2026-07-17T13:45:00Z,2026-07-17T15:45:00+0200,2.81321,MW,DK2,DK_2,actual_offshore_wind_generation,Wind Offshore,2026-08-10T16:50:24Z
2026-08-10T16:45:28Z,2026-08-10T18:45:28+0200,f717c518-05ab-43f2-aeab-072d31581934,2026-07-17T14:00:00Z,2026-07-17T16:00:00+0200,8.60275,MW,DK2,DK_2,actual_offshore_wind_generation,Wind Offshore,2026-08-10T16:50:24Z
2026-08-10T16:45:28Z,2026-08-10T18:45:28+0200,f717c518-05ab-43f2-aeab-072d31581934,2026-07-17T14:15:00Z,2026-07-17T16:15:00+0200,19.3678,MW,DK2,DK_2,actual_offshore_wind_generation,Wind Offshore,2026-08-10T16:50:24Z
2026-08-10T16:45:28Z,2026-08-10T18:45:28+0200,f717c518-05ab-43f2-aeab-072d31581934,2026-07-17T14:30:00Z,2026-07-17T16:30:00+0200,25.5784,MW,DK2,DK_2,actual_offshore_wind_generation,Wind Offshore,2026-08-10T16:50:24Z
2026-08-10T16:45:28Z,2026-08-10T18:45:28+0200,f717c518-05ab-43f2-aeab-072d31581934,2026-07-17T14:45:00Z,2026-07-17T16:45:00+0200,24.656,MW,DK2,DK_2,actual_offshore_wind_generation,Wind Offshore,2026-08-10T16:50:24Z
2026-08-10T16:45:28Z,2026-08-10T18:45:28+0200,f717c518-05ab-43f2-aeab-072d31581934,2026-07-17T15:00:00Z,2026-07-17T17:00:00+0200,24.6318,MW,DK2,DK_2,actual_offshore_wind_generation,Wind Offshore,2026-08-10T16:50:24Z
2026-08-10T16:45:28Z,2026-08-10T18:45:28+0200,f717c518-05ab-43f2-aeab-072d31581934,2026-07-17T15:15:00Z,2026-07-17T17:15:00+0200,20.8349,MW,DK2,DK_2,actual_offshore_wind_generation,Wind Offshore,2026-08-10T16:50:24Z
2026-08-10T16:45:28Z,2026-08-10T18:45:28+0200,f717c518-05ab-43f2-aeab-072d31581934,2026-07-17T15:30:00Z,2026-07-17T17:30:00+0200,16.885,MW,DK2,DK_2,actual_offshore_wind_generation,Wind Offshore,2026-08-10T16:50:24Z
2026-08-10T16:45:28Z,2026-08-10T18:45:28+0200,f717c518-05ab-43f2-aeab-072d31581934,2026-07-17T15:45:00Z,2026-07-17T17:45:00+0200,15.76,MW,DK2,DK_2,actual_offshore_wind_generation,Wind Offshore,2026-08-10T16:50:24Z
2026-08-10T16:45:28Z,2026-08-10T18:45:28+0200,f717c518-05ab-43f2-aeab-072d31581934,2026-07-17T16:00:00Z,2026-07-17T18:00:00+0200,23.0332,MW,DK2,DK_2,actual_offshore_wind_generation,Wind Offshore,2026-08-10T16:50:24Z
2026-08-10T16:45:28Z,2026-08-10T18:45:28+0200,f717c518-05ab-43f2-aeab-072d31581934,2026-07-17T16:15:00Z,2026-07-17T18:15:00+0200,30.3806,MW,DK2,DK_2,actual_offshore_wind_generation,Wind Offshore,2026-08-10T16:50:24Z
2026-08-10T16:45:28Z,2026-08-10T18:45:28+0200,f717c518-05ab-43f2-aeab-072d31581934,2026-07-17T16:30:00Z,2026-07-17T18:30:00+0200,44.0544,MW,DK2,DK_2,actual_offshore_wind_generation,Wind Offshore,2026-08-10T16:50:24Z
2026-08-10T16:45:28Z,2026-08-10T18:45:28+0200,f717c518-05ab-43f2-aeab-072d31581934,2026-07-17T16:45:00Z,2026-07-17T18:45:00+0200,63.5935,MW,DK2,DK_2,actual_offshore_wind_generation,Wind Offshore,2026-08-10T16:50:24Z
2026-08-10T16:45:28Z,2026-08-10T18:45:28+0200,f717c518-05ab-43f2-aeab-072d31581934,2026-07-17T17:00:00Z,2026-07-17T19:00:00+0200,88.0278,MW,DK2,DK_2,actual_offshore_wind_generation,Wind Offshore,2026-08-10T16:50:24Z
2026-08-10T16:45:28Z,2026-08-10T18:45:28+0200,f717c518-05ab-43f2-aeab-072d31581934,2026-07-17T17:15:00Z,2026-07-17T19:15:00+0200,153.574,MW,DK2,DK_2,actual_offshore_wind_generation,Wind Offshore,2026-08-10T16:50:24Z
2026-08-10T16:45:28Z,2026-08-10T18:45:28+0200,f717c518-05ab-43f2-aeab-072d31581934,2026-07-17T17:30:00Z,2026-07-17T19:30:00+0200,200.974,MW,DK2,DK_2,actual_offshore_wind_generation,Wind Offshore,2026-08-10T16:50:24Z
2026-08-10T16:45:28Z,2026-08-10T18:45:28+0200,f717c518-05ab-43f2-aeab-072d31581934,2026-07-17T17:45:00Z,2026-07-17T19:45:00+0200,135.299,MW,DK2,DK_2,actual_offshore_wind_generation,Wind Offshore,2026-08-10T16:50:24Z
2026-08-10T16:45:28Z,2026-08-10T18:45:28+0200,f717c518-05ab-43f2-aeab-072d31581934,2026-07-17T18:00:00Z,2026-07-17T20:00:00+0200,87.8486,MW,DK2,DK_2,actual_offshore_wind_generation,Wind Offshore,2026-08-10T16:50:24Z
2026-08-10T16:45:28Z,2026-08-10T18:45:28+0200,f717c518-05ab-43f2-aeab-072d31581934,2026-07-17T18:15:00Z,2026-07-17T20:15:00+0200,48.7223,MW,DK2,DK_2,actual_offshore_wind_generation,Wind Offshore,2026-08-10T16:50:24Z
2026-08-10T16:45:28Z,2026-08-10T18:45:28+0200,f717c518-05ab-43f2-aeab-072d31581934,2026-07-17T18:30:00Z,2026-07-17T20:30:00+0200,36.9642,MW,DK2,DK_2,actual_offshore_wind_generation,Wind Offshore,2026-08-10T16:50:24Z
2026-08-10T16:45:28Z,2026-08-10T18:45:28+0200,f717c518-05ab-43f2-aeab-072d31581934,2026-07-17T18:45:00Z,2026-07-17T20:45:00+0200,31.0591,MW,DK2,DK_2,actual_offshore_wind_generation,Wind Offshore,2026-08-10T16:50:24Z
2026-08-10T16:45:28Z,2026-08-10T18:45:28+0200,f717c518-05ab-43f2-aeab-072d31581934,2026-07-17T19:00:00Z,2026-07-17T21:00:00+0200,27.0215,MW,DK2,DK_2,actual_offshore_wind_generation,Wind Offshore,2026-08-10T16:50:24Z
2026-08-10T16:45:28Z,2026-08-10T18:45:28+0200,f717c518-05ab-43f2-aeab-072d31581934,2026-07-17T19:15:00Z,2026-07-17T21:15:00+0200,31.7158,MW,DK2,DK_2,actual_offshore_wind_generation,Wind Offshore,2026-08-10T16:50:24Z
2026-08-10T16:45:28Z,2026-08-10T18:45:28+0200,f717c518-05ab-43f2-aeab-072d31581934,2026-07-17T19:30:00Z,2026-07-17T21:30:00+0200,35.1046,MW,DK2,DK_2,actual_offshore_wind_generation,Wind Offshore,2026-08-10T16:50:24Z
2026-08-10T16:45:28Z,2026-08-10T18:45:28+0200,f717c518-05ab-43f2-aeab-072d31581934,2026-07-17T19:45:00Z,2026-07-17T21:45:00+0200,40.5474,MW,DK2,DK_2,actual_offshore_wind_generation,Wind Offshore,2026-08-10T16:50:24Z
2026-08-10T16:45:28Z,2026-08-10T18:45:28+0200,f717c518-05ab-43f2-aeab-072d31581934,2026-07-17T20:00:00Z,2026-07-17T22:00:00+0200,41.8445,MW,DK2,DK_2,actual_offshore_wind_generation,Wind Offshore,2026-08-10T16:50:24Z
2026-08-10T16:45:28Z,2026-08-10T18:45:28+0200,f717c518-05ab-43f2-aeab-072d31581934,2026-07-17T20:15:00Z,2026-07-17T22:15:00+0200,50.3482,MW,DK2,DK_2,actual_offshore_wind_generation,Wind Offshore,2026-08-10T16:50:24Z
2026-08-10T16:45:28Z,2026-08-10T18:45:28+0200,f717c518-05ab-43f2-aeab-072d31581934,2026-07-17T20:30:00Z,2026-07-17T22:30:00+0200,57.3343,MW,DK2,DK_2,actual_offshore_wind_generation,Wind Offshore,2026-08-10T16:50:24Z
2026-08-10T16:45:28Z,2026-08-10T18:45:28+0200,f717c518-05ab-43f2-aeab-072d31581934,2026-07-17T20:45:00Z,2026-07-17T22:45:00+0200,44.706,MW,DK2,DK_2,actual_offshore_wind_generation,Wind Offshore,2026-08-10T16:50:24Z
2026-08-10T16:45:28Z,2026-08-10T18:45:28+0200,f717c518-05ab-43f2-aeab-072d31581934,2026-07-17T21:00:00Z,2026-07-17T23:00:00+0200,51.7651,MW,DK2,DK_2,actual_offshore_wind_generation,Wind Offshore,2026-08-10T16:50:24Z
2026-08-10T16:45:28Z,2026-08-10T18:45:28+0200,f717c518-05ab-43f2-aeab-072d31581934,2026-07-17T21:15:00Z,2026-07-17T23:15:00+0200,91.5982,MW,DK2,DK_2,actual_offshore_wind_generation,Wind Offshore,2026-08-10T16:50:24Z
2026-08-10T16:45:28Z,2026-08-10T18:45:28+0200,f717c518-05ab-43f2-aeab-072d31581934,2026-07-17T21:30:00Z,2026-07-17T23:30:00+0200,113.693,MW,DK2,DK_2,actual_offshore_wind_generation,Wind Offshore,2026-08-10T16:50:24Z
2026-08-10T16:45:28Z,2026-08-10T18:45:28+0200,f717c518-05ab-43f2-aeab-072d31581934,2026-07-17T21:45:00Z,2026-07-17T23:45:00+0200,153.926,MW,DK2,DK_2,actual_offshore_wind_generation,Wind Offshore,2026-08-10T16:50:24Z
2026-08-10T16:45:28Z,2026-08-10T18:45:28+0200,f717c518-05ab-43f2-aeab-072d31581934,2026-07-17T22:00:00Z,2026-07-18T00:00:00+0200,164.15,MW,DK2,DK_2,actual_offshore_wind_generation,Wind Offshore,2026-08-10T16:50:24Z
2026-08-10T16:45:28Z,2026-08-10T18:45:28+0200,f717c518-05ab-43f2-aeab-072d31581934,2026-07-17T22:15:00Z,2026-07-18T00:15:00+0200,178.015,MW,DK2,DK_2,actual_offshore_wind_generation,Wind Offshore,2026-08-10T16:50:24Z
2026-08-10T16:45:28Z,2026-08-10T18:45:28+0200,f717c518-05ab-43f2-aeab-072d31581934,2026-07-17T22:30:00Z,2026-07-18T00:30:00+0200,194.01,MW,DK2,DK_2,actual_offshore_wind_generation,Wind Offshore,2026-08-10T16:50:24Z
2026-08-10T16:45:28Z,2026-08-10T18:45:28+0200,f717c518-05ab-43f2-aeab-072d31581934,2026-07-17T22:45:00Z,2026-07-18T00:45:00+0200,209.816,MW,DK2,DK_2,actual_offshore_wind_generation,Wind Offshore,2026-08-10T16:50:24Z
2026-08-10T16:45:28Z,2026-08-10T18:45:28+0200,f717c518-05ab-43f2-aeab-072d31581934,2026-07-17T23:00:00Z,2026-07-18T01:00:00+0200,215.665,MW,DK2,DK_2,actual_offshore_wind_generation,Wind Offshore,2026-08-10T16:50:24Z
2026-08-10T16:45:28Z,2026-08-10T18:45:28+0200,f717c518-05ab-43f2-aeab-072d31581934,2026-07-17T23:15:00Z,2026-07-18T01:15:00+0200,238.45,MW,DK2,DK_2,actual_offshore_wind_generation,Wind Offshore,2026-08-10T16:50:24Z
2026-08-10T16:45:28Z,2026-08-10T18:45:28+0200,f717c518-05ab-43f2-aeab-072d31581934,2026-07-17T23:30:00Z,2026-07-18T01:30:00+0200,258.965,MW,DK2,DK_2,actual_offshore_wind_generation,Wind Offshore,2026-08-10T16:50:24Z
2026-08-10T16:45:28Z,2026-08-10T18:45:28+0200,f717c518-05ab-43f2-aeab-072d31581934,2026-07-17T23:45:00Z,2026-07-18T01:45:00+0200,306.478,MW,DK2,DK_2,actual_offshore_wind_generation,Wind Offshore,2026-08-10T16:50:24Z
2026-08-10T16:45:28Z,2026-08-10T18:45:28+0200,f717c518-05ab-43f2-aeab-072d31581934,2026-07-18T00:00:00Z,2026-07-18T02:00:00+0200,355.858,MW,DK2,DK_2,actual_offshore_wind_generation,Wind Offshore,2026-08-10T16:50:24Z
2026-08-10T16:45:28Z,2026-08-10T18:45:28+0200,f717c518-05ab-43f2-aeab-072d31581934,2026-07-18T00:15:00Z,2026-07-18T02:15:00+0200,405.507,MW,DK2,DK_2,actual_offshore_wind_generation,Wind Offshore,2026-08-10T16:50:24Z
2026-08-10T16:45:28Z,2026-08-10T18:45:28+0200,f717c518-05ab-43f2-aeab-072d31581934,2026-07-18T00:30:00Z,2026-07-18T02:30:00+0200,488.364,MW,DK2,DK_2,actual_offshore_wind_generation,Wind Offshore,2026-08-10T16:50:24Z
2026-08-10T16:45:28Z,2026-08-10T18:45:28+0200,f717c518-05ab-43f2-aeab-072d31581934,2026-07-18T00:45:00Z,2026-07-18T02:45:00+0200,575.105,MW,DK2,DK_2,actual_offshore_wind_generation,Wind Offshore,2026-08-10T16:50:24Z
2026-08-10T16:45:28Z,2026-08-10T18:45:28+0200,f717c518-05ab-43f2-aeab-072d31581934,2026-07-18T01:00:00Z,2026-07-18T03:00:00+0200,630.272,MW,DK2,DK_2,actual_offshore_wind_generation,Wind Offshore,2026-08-10T16:50:24Z
2026-08-10T16:45:28Z,2026-08-10T18:45:28+0200,f717c518-05ab-43f2-aeab-072d31581934,2026-07-18T01:15:00Z,2026-07-18T03:15:00+0200,666.777,MW,DK2,DK_2,actual_offshore_wind_generation,Wind Offshore,2026-08-10T16:50:24Z
2026-08-10T16:45:28Z,2026-08-10T18:45:28+0200,f717c518-05ab-43f2-aeab-072d31581934,2026-07-18T01:30:00Z,2026-07-18T03:30:00+0200,699.47,MW,DK2,DK_2,actual_offshore_wind_generation,Wind Offshore,2026-08-10T16:50:24Z
2026-08-10T16:45:28Z,2026-08-10T18:45:28+0200,f717c518-05ab-43f2-aeab-072d31581934,2026-07-18T01:45:00Z,2026-07-18T03:45:00+0200,714.18,MW,DK2,DK_2,actual_offshore_wind_generation,Wind Offshore,2026-08-10T16:50:24Z
2026-08-10T16:45:28Z,2026-08-10T18:45:28+0200,f717c518-05ab-43f2-aeab-072d31581934,2026-07-18T02:00:00Z,2026-07-18T04:00:00+0200,715.828,MW,DK2,DK_2,actual_offshore_wind_generation,Wind Offshore,2026-08-10T16:50:24Z
2026-08-10T16:45:28Z,2026-08-10T18:45:28+0200,f717c518-05ab-43f2-aeab-072d31581934,2026-07-18T02:15:00Z,2026-07-18T04:15:00+0200,655.369,MW,DK2,DK_2,actual_offshore_wind_generation,Wind Offshore,2026-08-10T16:50:24Z
2026-08-10T16:45:28Z,2026-08-10T18:45:28+0200,f717c518-05ab-43f2-aeab-072d31581934,2026-07-18T02:30:00Z,2026-07-18T04:30:00+0200,592.646,MW,DK2,DK_2,actual_offshore_wind_generation,Wind Offshore,2026-08-10T16:50:24Z
2026-08-10T16:45:28Z,2026-08-10T18:45:28+0200,f717c518-05ab-43f2-aeab-072d31581934,2026-07-18T02:45:00Z,2026-07-18T04:45:00+0200,564.428,MW,DK2,DK_2,actual_offshore_wind_generation,Wind Offshore,2026-08-10T16:50:24Z
2026-08-10T16:45:28Z,2026-08-10T18:45:28+0200,f717c518-05ab-43f2-aeab-072d31581934,2026-07-18T03:00:00Z,2026-07-18T05:00:00+0200,557.879,MW,DK2,DK_2,actual_offshore_wind_generation,Wind Offshore,2026-08-10T16:50:24Z
2026-08-10T16:45:28Z,2026-08-10T18:45:28+0200,f717c518-05ab-43f2-aeab-072d31581934,2026-07-18T03:15:00Z,2026-07-18T05:15:00+0200,540.467,MW,DK2,DK_2,actual_offshore_wind_generation,Wind Offshore,2026-08-10T16:50:24Z
2026-08-10T16:45:28Z,2026-08-10T18:45:28+0200,f717c518-05ab-43f2-aeab-072d31581934,2026-07-18T03:30:00Z,2026-07-18T05:30:00+0200,546.303,MW,DK2,DK_2,actual_offshore_wind_generation,Wind Offshore,2026-08-10T16:50:24Z
2026-08-10T16:45:28Z,2026-08-10T18:45:28+0200,f717c518-05ab-43f2-aeab-072d31581934,2026-07-18T03:45:00Z,2026-07-18T05:45:00+0200,566.61,MW,DK2,DK_2,actual_offshore_wind_generation,Wind Offshore,2026-08-10T16:50:24Z
2026-08-10T16:45:28Z,2026-08-10T18:45:28+0200,f717c518-05ab-43f2-aeab-072d31581934,2026-07-18T04:00:00Z,2026-07-18T06:00:00+0200,562.611,MW,DK2,DK_2,actual_offshore_wind_generation,Wind Offshore,2026-08-10T16:50:24Z
2026-08-10T16:45:28Z,2026-08-10T18:45:28+0200,f717c518-05ab-43f2-aeab-072d31581934,2026-07-18T04:15:00Z,2026-07-18T06:15:00+0200,564.737,MW,DK2,DK_2,actual_offshore_wind_generation,Wind Offshore,2026-08-10T16:50:24Z
2026-08-10T16:45:28Z,2026-08-10T18:45:28+0200,f717c518-05ab-43f2-aeab-072d31581934,2026-07-18T04:30:00Z,2026-07-18T06:30:00+0200,570.997,MW,DK2,DK_2,actual_offshore_wind_generation,Wind Offshore,2026-08-10T16:50:24Z
2026-08-10T16:45:28Z,2026-08-10T18:45:28+0200,f717c518-05ab-43f2-aeab-072d31581934,2026-07-18T04:45:00Z,2026-07-18T06:45:00+0200,599.933,MW,DK2,DK_2,actual_offshore_wind_generation,Wind Offshore,2026-08-10T16:50:24Z
2026-08-10T16:45:28Z,2026-08-10T18:45:28+0200,f717c518-05ab-43f2-aeab-072d31581934,2026-07-18T05:00:00Z,2026-07-18T07:00:00+0200,582.529,MW,DK2,DK_2,actual_offshore_wind_generation,Wind Offshore,2026-08-10T16:50:24Z
2026-08-10T16:45:28Z,2026-08-10T18:45:28+0200,f717c518-05ab-43f2-aeab-072d31581934,2026-07-18T05:15:00Z,2026-07-18T07:15:00+0200,553.935,MW,DK2,DK_2,actual_offshore_wind_generation,Wind Offshore,2026-08-10T16:50:24Z
2026-08-10T16:45:28Z,2026-08-10T18:45:28+0200,f717c518-05ab-43f2-aeab-072d31581934,2026-07-18T05:30:00Z,2026-07-18T07:30:00+0200,532.518,MW,DK2,DK_2,actual_offshore_wind_generation,Wind Offshore,2026-08-10T16:50:24Z
2026-08-10T16:45:28Z,2026-08-10T18:45:28+0200,f717c518-05ab-43f2-aeab-072d31581934,2026-07-18T05:45:00Z,2026-07-18T07:45:00+0200,481.717,MW,DK2,DK_2,actual_offshore_wind_generation,Wind Offshore,2026-08-10T16:50:24Z
2026-08-10T16:45:28Z,2026-08-10T18:45:28+0200,f717c518-05ab-43f2-aeab-072d31581934,2026-07-18T06:00:00Z,2026-07-18T08:00:00+0200,297.474,MW,DK2,DK_2,actual_offshore_wind_generation,Wind Offshore,2026-08-10T16:50:24Z
2026-08-10T16:45:28Z,2026-08-10T18:45:28+0200,f717c518-05ab-43f2-aeab-072d31581934,2026-07-18T06:15:00Z,2026-07-18T08:15:00+0200,255.945,MW,DK2,DK_2,actual_offshore_wind_generation,Wind Offshore,2026-08-10T16:50:24Z
2026-08-10T16:45:28Z,2026-08-10T18:45:28+0200,f717c518-05ab-43f2-aeab-072d31581934,2026-07-18T06:30:00Z,2026-07-18T08:30:00+0200,259.146,MW,DK2,DK_2,actual_offshore_wind_generation,Wind Offshore,2026-08-10T16:50:24Z
2026-08-10T16:45:28Z,2026-08-10T18:45:28+0200,f717c518-05ab-43f2-aeab-072d31581934,2026-07-18T06:45:00Z,2026-07-18T08:45:00+0200,269.679,MW,DK2,DK_2,actual_offshore_wind_generation,Wind Offshore,2026-08-10T16:50:24Z
2026-08-10T16:45:28Z,2026-08-10T18:45:28+0200,f717c518-05ab-43f2-aeab-072d31581934,2026-07-18T07:00:00Z,2026-07-18T09:00:00+0200,296.028,MW,DK2,DK_2,actual_offshore_wind_generation,Wind Offshore,2026-08-10T16:50:24Z
2026-08-10T16:45:28Z,2026-08-10T18:45:28+0200,f717c518-05ab-43f2-aeab-072d31581934,2026-07-18T07:15:00Z,2026-07-18T09:15:00+0200,386.49,MW,DK2,DK_2,actual_offshore_wind_generation,Wind Offshore,2026-08-10T16:50:24Z
2026-08-10T16:45:28Z,2026-08-10T18:45:28+0200,f717c518-05ab-43f2-aeab-072d31581934,2026-07-18T07:30:00Z,2026-07-18T09:30:00+0200,475.591,MW,DK2,DK_2,actual_offshore_wind_generation,Wind Offshore,2026-08-10T16:50:24Z
2026-08-10T16:45:28Z,2026-08-10T18:45:28+0200,f717c518-05ab-43f2-aeab-072d31581934,2026-07-18T07:45:00Z,2026-07-18T09:45:00+0200,461.608,MW,DK2,DK_2,actual_offshore_wind_generation,Wind Offshore,2026-08-10T16:50:24Z
2026-08-10T16:45:28Z,2026-08-10T18:45:28+0200,f717c518-05ab-43f2-aeab-072d31581934,2026-07-18T08:00:00Z,2026-07-18T10:00:00+0200,506.338,MW,DK2,DK_2,actual_offshore_wind_generation,Wind Offshore,2026-08-10T16:50:24Z
2026-08-10T16:45:28Z,2026-08-10T18:45:28+0200,f717c518-05ab-43f2-aeab-072d31581934,2026-07-18T08:15:00Z,2026-07-18T10:15:00+0200,436.259,MW,DK2,DK_2,actual_offshore_wind_generation,Wind Offshore,2026-08-10T16:50:24Z
2026-08-10T16:45:28Z,2026-08-10T18:45:28+0200,f717c518-05ab-43f2-aeab-072d31581934,2026-07-18T08:30:00Z,2026-07-18T10:30:00+0200,478.305,MW,DK2,DK_2,actual_offshore_wind_generation,Wind Offshore,2026-08-10T16:50:24Z
2026-08-10T16:45:28Z,2026-08-10T18:45:28+0200,f717c518-05ab-43f2-aeab-072d31581934,2026-07-18T08:45:00Z,2026-07-18T10:45:00+0200,388.538,MW,DK2,DK_2,actual_offshore_wind_generation,Wind Offshore,2026-08-10T16:50:24Z
2026-08-10T16:45:28Z,2026-08-10T18:45:28+0200,f717c518-05ab-43f2-aeab-072d31581934,2026-07-18T09:00:00Z,2026-07-18T11:00:00+0200,417.243,MW,DK2,DK_2,actual_offshore_wind_generation,Wind Offshore,2026-08-10T16:50:24Z
2026-08-10T16:45:28Z,2026-08-10T18:45:28+0200,f717c518-05ab-43f2-aeab-072d31581934,2026-07-18T09:15:00Z,2026-07-18T11:15:00+0200,411.479,MW,DK2,DK_2,actual_offshore_wind_generation,Wind Offshore,2026-08-10T16:50:24Z
2026-08-10T16:45:28Z,2026-08-10T18:45:28+0200,f717c518-05ab-43f2-aeab-072d31581934,2026-07-18T09:30:00Z,2026-07-18T11:30:00+0200,433.395,MW,DK2,DK_2,actual_offshore_wind_generation,Wind Offshore,2026-08-10T16:50:24Z
2026-08-10T16:45:28Z,2026-08-10T18:45:28+0200,f717c518-05ab-43f2-aeab-072d31581934,2026-07-18T09:45:00Z,2026-07-18T11:45:00+0200,357.557,MW,DK2,DK_2,actual_offshore_wind_generation,Wind Offshore,2026-08-10T16:50:24Z
2026-08-10T16:45:28Z,2026-08-10T18:45:28+0200,f717c518-05ab-43f2-aeab-072d31581934,2026-07-18T10:00:00Z,2026-07-18T12:00:00+0200,321.857,MW,DK2,DK_2,actual_offshore_wind_generation,Wind Offshore,2026-08-10T16:50:24Z
2026-08-10T16:45:28Z,2026-08-10T18:45:28+0200,f717c518-05ab-43f2-aeab-072d31581934,2026-07-18T10:15:00Z,2026-07-18T12:15:00+0200,332.357,MW,DK2,DK_2,actual_offshore_wind_generation,Wind Offshore,2026-08-10T16:50:24Z
2026-08-10T16:45:28Z,2026-08-10T18:45:28+0200,f717c518-05ab-43f2-aeab-072d31581934,2026-07-18T10:30:00Z,2026-07-18T12:30:00+0200,313.146,MW,DK2,DK_2,actual_offshore_wind_generation,Wind Offshore,2026-08-10T16:50:24Z
2026-08-10T16:45:28Z,2026-08-10T18:45:28+0200,f717c518-05ab-43f2-aeab-072d31581934,2026-07-18T10:45:00Z,2026-07-18T12:45:00+0200,305.968,MW,DK2,DK_2,actual_offshore_wind_generation,Wind Offshore,2026-08-10T16:50:24Z
2026-08-10T16:45:28Z,2026-08-10T18:45:28+0200,f717c518-05ab-43f2-aeab-072d31581934,2026-07-18T11:00:00Z,2026-07-18T13:00:00+0200,314.974,MW,DK2,DK_2,actual_offshore_wind_generation,Wind Offshore,2026-08-10T16:50:24Z
2026-08-10T16:45:28Z,2026-08-10T18:45:28+0200,f717c518-05ab-43f2-aeab-072d31581934,2026-07-18T11:15:00Z,2026-07-18T13:15:00+0200,276.311,MW,DK2,DK_2,actual_offshore_wind_generation,Wind Offshore,2026-08-10T16:50:24Z
2026-08-10T16:45:28Z,2026-08-10T18:45:28+0200,f717c518-05ab-43f2-aeab-072d31581934,2026-07-18T11:30:00Z,2026-07-18T13:30:00+0200,176.978,MW,DK2,DK_2,actual_offshore_wind_generation,Wind Offshore,2026-08-10T16:50:24Z
2026-08-10T16:45:28Z,2026-08-10T18:45:28+0200,f717c518-05ab-43f2-aeab-072d31581934,2026-07-18T11:45:00Z,2026-07-18T13:45:00+0200,172.032,MW,DK2,DK_2,actual_offshore_wind_generation,Wind Offshore,2026-08-10T16:50:24Z
2026-08-10T16:45:28Z,2026-08-10T18:45:28+0200,f717c518-05ab-43f2-aeab-072d31581934,2026-07-18T12:00:00Z,2026-07-18T14:00:00+0200,185.925,MW,DK2,DK_2,actual_offshore_wind_generation,Wind Offshore,2026-08-10T16:50:24Z
2026-08-10T16:45:28Z,2026-08-10T18:45:28+0200,f717c518-05ab-43f2-aeab-072d31581934,2026-07-18T12:15:00Z,2026-07-18T14:15:00+0200,198.216,MW,DK2,DK_2,actual_offshore_wind_generation,Wind Offshore,2026-08-10T16:50:24Z
2026-08-10T16:45:28Z,2026-08-10T18:45:28+0200,f717c518-05ab-43f2-aeab-072d31581934,2026-07-18T12:30:00Z,2026-07-18T14:30:00+0200,192.118,MW,DK2,DK_2,actual_offshore_wind_generation,Wind Offshore,2026-08-10T16:50:24Z
2026-08-10T16:45:28Z,2026-08-10T18:45:28+0200,f717c518-05ab-43f2-aeab-072d31581934,2026-07-18T12:45:00Z,2026-07-18T14:45:00+0200,236.549,MW,DK2,DK_2,actual_offshore_wind_generation,Wind Offshore,2026-08-10T16:50:24Z
2026-08-10T16:45:28Z,2026-08-10T18:45:28+0200,f717c518-05ab-43f2-aeab-072d31581934,2026-07-18T13:00:00Z,2026-07-18T15:00:00+0200,223.073,MW,DK2,DK_2,actual_offshore_wind_generation,Wind Offshore,2026-08-10T16:50:24Z
2026-08-10T16:45:28Z,2026-08-10T18:45:28+0200,f717c518-05ab-43f2-aeab-072d31581934,2026-07-18T13:15:00Z,2026-07-18T15:15:00+0200,205.114,MW,DK2,DK_2,actual_offshore_wind_generation,Wind Offshore,2026-08-10T16:50:24Z
2026-08-10T16:45:28Z,2026-08-10T18:45:28+0200,f717c518-05ab-43f2-aeab-072d31581934,2026-07-18T13:30:00Z,2026-07-18T15:30:00+0200,195.01,MW,DK2,DK_2,actual_offshore_wind_generation,Wind Offshore,2026-08-10T16:50:24Z
2026-08-10T16:45:28Z,2026-08-10T18:45:28+0200,f717c518-05ab-43f2-aeab-072d31581934,2026-07-18T13:45:00Z,2026-07-18T15:45:00+0200,302.321,MW,DK2,DK_2,actual_offshore_wind_generation,Wind Offshore,2026-08-10T16:50:24Z
2026-08-10T16:45:28Z,2026-08-10T18:45:28+0200,f717c518-05ab-43f2-aeab-072d31581934,2026-07-18T14:00:00Z,2026-07-18T16:00:00+0200,364.946,MW,DK2,DK_2,actual_offshore_wind_generation,Wind Offshore,2026-08-10T16:50:24Z
2026-08-10T16:45:28Z,2026-08-10T18:45:28+0200,f717c518-05ab-43f2-aeab-072d31581934,2026-07-18T14:15:00Z,2026-07-18T16:15:00+0200,624.74,MW,DK2,DK_2,actual_offshore_wind_generation,Wind Offshore,2026-08-10T16:50:24Z
2026-08-10T16:45:28Z,2026-08-10T18:45:28+0200,f717c518-05ab-43f2-aeab-072d31581934,2026-07-18T14:30:00Z,2026-07-18T16:30:00+0200,711.125,MW,DK2,DK_2,actual_offshore_wind_generation,Wind Offshore,2026-08-10T16:50:24Z
2026-08-10T16:45:28Z,2026-08-10T18:45:28+0200,f717c518-05ab-43f2-aeab-072d31581934,2026-07-18T14:45:00Z,2026-07-18T16:45:00+0200,735.227,MW,DK2,DK_2,actual_offshore_wind_generation,Wind Offshore,2026-08-10T16:50:24Z
2026-08-10T16:45:28Z,2026-08-10T18:45:28+0200,f717c518-05ab-43f2-aeab-072d31581934,2026-07-18T15:00:00Z,2026-07-18T17:00:00+0200,732.235,MW,DK2,DK_2,actual_offshore_wind_generation,Wind Offshore,2026-08-10T16:50:24Z
2026-08-10T16:45:28Z,2026-08-10T18:45:28+0200,f717c518-05ab-43f2-aeab-072d31581934,2026-07-18T15:15:00Z,2026-07-18T17:15:00+0200,726.211,MW,DK2,DK_2,actual_offshore_wind_generation,Wind Offshore,2026-08-10T16:50:24Z
2026-08-10T16:45:28Z,2026-08-10T18:45:28+0200,f717c518-05ab-43f2-aeab-072d31581934,2026-07-18T15:30:00Z,2026-07-18T17:30:00+0200,729.026,MW,DK2,DK_2,actual_offshore_wind_generation,Wind Offshore,2026-08-10T16:50:24Z
2026-08-10T16:45:28Z,2026-08-10T18:45:28+0200,f717c518-05ab-43f2-aeab-072d31581934,2026-07-18T15:45:00Z,2026-07-18T17:45:00+0200,726.921,MW,DK2,DK_2,actual_offshore_wind_generation,Wind Offshore,2026-08-10T16:50:24Z
2026-08-10T16:45:28Z,2026-08-10T18:45:28+0200,f717c518-05ab-43f2-aeab-072d31581934,2026-07-18T16:00:00Z,2026-07-18T18:00:00+0200,728.791,MW,DK2,DK_2,actual_offshore_wind_generation,Wind Offshore,2026-08-10T16:50:24Z
2026-08-10T16:45:28Z,2026-08-10T18:45:28+0200,f717c518-05ab-43f2-aeab-072d31581934,2026-07-18T16:15:00Z,2026-07-18T18:15:00+0200,735.571,MW,DK2,DK_2,actual_offshore_wind_generation,Wind Offshore,2026-08-10T16:50:24Z
2026-08-10T16:45:28Z,2026-08-10T18:45:28+0200,f717c518-05ab-43f2-aeab-072d31581934,2026-07-18T16:30:00Z,2026-07-18T18:30:00+0200,735.064,MW,DK2,DK_2,actual_offshore_wind_generation,Wind Offshore,2026-08-10T16:50:24Z
2026-08-10T16:45:28Z,2026-08-10T18:45:28+0200,f717c518-05ab-43f2-aeab-072d31581934,2026-07-18T16:45:00Z,2026-07-18T18:45:00+0200,740.279,MW,DK2,DK_2,actual_offshore_wind_generation,Wind Offshore,2026-08-10T16:50:24Z
2026-08-10T16:45:28Z,2026-08-10T18:45:28+0200,f717c518-05ab-43f2-aeab-072d31581934,2026-07-18T17:00:00Z,2026-07-18T19:00:00+0200,734.383,MW,DK2,DK_2,actual_offshore_wind_generation,Wind Offshore,2026-08-10T16:50:24Z
2026-08-10T16:45:28Z,2026-08-10T18:45:28+0200,f717c518-05ab-43f2-aeab-072d31581934,2026-07-18T17:15:00Z,2026-07-18T19:15:00+0200,736.776,MW,DK2,DK_2,actual_offshore_wind_generation,Wind Offshore,2026-08-10T16:50:24Z
2026-08-10T16:45:28Z,2026-08-10T18:45:28+0200,f717c518-05ab-43f2-aeab-072d31581934,2026-07-18T17:30:00Z,2026-07-18T19:30:00+0200,739.246,MW,DK2,DK_2,actual_offshore_wind_generation,Wind Offshore,2026-08-10T16:50:24Z
2026-08-10T16:45:28Z,2026-08-10T18:45:28+0200,f717c518-05ab-43f2-aeab-072d31581934,2026-07-18T17:45:00Z,2026-07-18T19:45:00+0200,732.542,MW,DK2,DK_2,actual_offshore_wind_generation,Wind Offshore,2026-08-10T16:50:24Z
2026-08-10T16:45:28Z,2026-08-10T18:45:28+0200,f717c518-05ab-43f2-aeab-072d31581934,2026-07-18T18:00:00Z,2026-07-18T20:00:00+0200,825.399,MW,DK2,DK_2,actual_offshore_wind_generation,Wind Offshore,2026-08-10T16:50:24Z
2026-08-10T16:45:28Z,2026-08-10T18:45:28+0200,f717c518-05ab-43f2-aeab-072d31581934,2026-07-18T18:15:00Z,2026-07-18T20:15:00+0200,815.41,MW,DK2,DK_2,actual_offshore_wind_generation,Wind Offshore,2026-08-10T16:50:24Z
2026-08-10T16:45:28Z,2026-08-10T18:45:28+0200,f717c518-05ab-43f2-aeab-072d31581934,2026-07-18T18:30:00Z,2026-07-18T20:30:00+0200,817.837,MW,DK2,DK_2,actual_offshore_wind_generation,Wind Offshore,2026-08-10T16:50:24Z
2026-08-10T16:45:28Z,2026-08-10T18:45:28+0200,f717c518-05ab-43f2-aeab-072d31581934,2026-07-18T18:45:00Z,2026-07-18T20:45:00+0200,800.628,MW,DK2,DK_2,actual_offshore_wind_generation,Wind Offshore,2026-08-10T16:50:24Z
2026-08-10T16:45:28Z,2026-08-10T18:45:28+0200,f717c518-05ab-43f2-aeab-072d31581934,2026-07-18T19:00:00Z,2026-07-18T21:00:00+0200,784.479,MW,DK2,DK_2,actual_offshore_wind_generation,Wind Offshore,2026-08-10T16:50:24Z
2026-08-10T16:45:28Z,2026-08-10T18:45:28+0200,f717c518-05ab-43f2-aeab-072d31581934,2026-07-18T19:15:00Z,2026-07-18T21:15:00+0200,803.801,MW,DK2,DK_2,actual_offshore_wind_generation,Wind Offshore,2026-08-10T16:50:24Z
2026-08-10T16:45:28Z,2026-08-10T18:45:28+0200,f717c518-05ab-43f2-aeab-072d31581934,2026-07-18T19:30:00Z,2026-07-18T21:30:00+0200,794.289,MW,DK2,DK_2,actual_offshore_wind_generation,Wind Offshore,2026-08-10T16:50:24Z
2026-08-10T16:45:28Z,2026-08-10T18:45:28+0200,f717c518-05ab-43f2-aeab-072d31581934,2026-07-18T19:45:00Z,2026-07-18T21:45:00+0200,766.67,MW,DK2,DK_2,actual_offshore_wind_generation,Wind Offshore,2026-08-10T16:50:24Z
2026-08-10T16:45:28Z,2026-08-10T18:45:28+0200,f717c518-05ab-43f2-aeab-072d31581934,2026-07-18T20:00:00Z,2026-07-18T22:00:00+0200,732.775,MW,DK2,DK_2,actual_offshore_wind_generation,Wind Offshore,2026-08-10T16:50:24Z
2026-08-10T16:45:28Z,2026-08-10T18:45:28+0200,f717c518-05ab-43f2-aeab-072d31581934,2026-07-18T20:15:00Z,2026-07-18T22:15:00+0200,736.907,MW,DK2,DK_2,actual_offshore_wind_generation,Wind Offshore,2026-08-10T16:50:24Z
2026-08-10T16:45:28Z,2026-08-10T18:45:28+0200,f717c518-05ab-43f2-aeab-072d31581934,2026-07-18T20:30:00Z,2026-07-18T22:30:00+0200,728.134,MW,DK2,DK_2,actual_offshore_wind_generation,Wind Offshore,2026-08-10T16:50:24Z
2026-08-10T16:45:28Z,2026-08-10T18:45:28+0200,f717c518-05ab-43f2-aeab-072d31581934,2026-07-18T20:45:00Z,2026-07-18T22:45:00+0200,719.828,MW,DK2,DK_2,actual_offshore_wind_generation,Wind Offshore,2026-08-10T16:50:24Z
2026-08-10T16:45:28Z,2026-08-10T18:45:28+0200,f717c518-05ab-43f2-aeab-072d31581934,2026-07-18T21:00:00Z,2026-07-18T23:00:00+0200,693.692,MW,DK2,DK_2,actual_offshore_wind_generation,Wind Offshore,2026-08-10T16:50:24Z
2026-08-10T16:45:28Z,2026-08-10T18:45:28+0200,f717c518-05ab-43f2-aeab-072d31581934,2026-07-18T21:15:00Z,2026-07-18T23:15:00+0200,634.759,MW,DK2,DK_2,actual_offshore_wind_generation,Wind Offshore,2026-08-10T16:50:24Z
2026-08-10T16:45:28Z,2026-08-10T18:45:28+0200,f717c518-05ab-43f2-aeab-072d31581934,2026-07-18T21:30:00Z,2026-07-18T23:30:00+0200,614.097,MW,DK2,DK_2,actual_offshore_wind_generation,Wind Offshore,2026-08-10T16:50:24Z
2026-08-10T16:45:28Z,2026-08-10T18:45:28+0200,f717c518-05ab-43f2-aeab-072d31581934,2026-07-18T21:45:00Z,2026-07-18T23:45:00+0200,560.225,MW,DK2,DK_2,actual_offshore_wind_generation,Wind Offshore,2026-08-10T16:50:24Z
2026-08-10T16:45:28Z,2026-08-10T18:45:28+0200,f717c518-05ab-43f2-aeab-072d31581934,2026-07-18T22:00:00Z,2026-07-19T00:00:00+0200,625.43,MW,DK2,DK_2,actual_offshore_wind_generation,Wind Offshore,2026-08-10T16:50:24Z
2026-08-10T16:45:28Z,2026-08-10T18:45:28+0200,f717c518-05ab-43f2-aeab-072d31581934,2026-07-18T22:15:00Z,2026-07-19T00:15:00+0200,620.765,MW,DK2,DK_2,actual_offshore_wind_generation,Wind Offshore,2026-08-10T16:50:24Z
2026-08-10T16:45:28Z,2026-08-10T18:45:28+0200,f717c518-05ab-43f2-aeab-072d31581934,2026-07-18T22:30:00Z,2026-07-19T00:30:00+0200,637.442,MW,DK2,DK_2,actual_offshore_wind_generation,Wind Offshore,2026-08-10T16:50:24Z
2026-08-10T16:45:28Z,2026-08-10T18:45:28+0200,f717c518-05ab-43f2-aeab-072d31581934,2026-07-18T22:45:00Z,2026-07-19T00:45:00+0200,643.079,MW,DK2,DK_2,actual_offshore_wind_generation,Wind Offshore,2026-08-10T16:50:24Z
2026-08-10T16:45:28Z,2026-08-10T18:45:28+0200,f717c518-05ab-43f2-aeab-072d31581934,2026-07-18T23:00:00Z,2026-07-19T01:00:00+0200,653.213,MW,DK2,DK_2,actual_offshore_wind_generation,Wind Offshore,2026-08-10T16:50:24Z
2026-08-10T16:45:28Z,2026-08-10T18:45:28+0200,f717c518-05ab-43f2-aeab-072d31581934,2026-07-18T23:15:00Z,2026-07-19T01:15:00+0200,641.506,MW,DK2,DK_2,actual_offshore_wind_generation,Wind Offshore,2026-08-10T16:50:24Z
2026-08-10T16:45:28Z,2026-08-10T18:45:28+0200,f717c518-05ab-43f2-aeab-072d31581934,2026-07-18T23:30:00Z,2026-07-19T01:30:00+0200,634.005,MW,DK2,DK_2,actual_offshore_wind_generation,Wind Offshore,2026-08-10T16:50:24Z
2026-08-10T16:45:28Z,2026-08-10T18:45:28+0200,f717c518-05ab-43f2-aeab-072d31581934,2026-07-18T23:45:00Z,2026-07-19T01:45:00+0200,663.646,MW,DK2,DK_2,actual_offshore_wind_generation,Wind Offshore,2026-08-10T16:50:24Z
2026-08-10T16:45:28Z,2026-08-10T18:45:28+0200,f717c518-05ab-43f2-aeab-072d31581934,2026-07-19T00:00:00Z,2026-07-19T02:00:00+0200,676.069,MW,DK2,DK_2,actual_offshore_wind_generation,Wind Offshore,2026-08-10T16:50:24Z
2026-08-10T16:45:28Z,2026-08-10T18:45:28+0200,f717c518-05ab-43f2-aeab-072d31581934,2026-07-19T00:15:00Z,2026-07-19T02:15:00+0200,669.936,MW,DK2,DK_2,actual_offshore_wind_generation,Wind Offshore,2026-08-10T16:50:24Z
2026-08-10T16:45:28Z,2026-08-10T18:45:28+0200,f717c518-05ab-43f2-aeab-072d31581934,2026-07-19T00:30:00Z,2026-07-19T02:30:00+0200,646.262,MW,DK2,DK_2,actual_offshore_wind_generation,Wind Offshore,2026-08-10T16:50:24Z
2026-08-10T16:45:28Z,2026-08-10T18:45:28+0200,f717c518-05ab-43f2-aeab-072d31581934,2026-07-19T00:45:00Z,2026-07-19T02:45:00+0200,634.653,MW,DK2,DK_2,actual_offshore_wind_generation,Wind Offshore,2026-08-10T16:50:24Z
2026-08-10T16:45:28Z,2026-08-10T18:45:28+0200,f717c518-05ab-43f2-aeab-072d31581934,2026-07-19T01:00:00Z,2026-07-19T03:00:00+0200,617.288,MW,DK2,DK_2,actual_offshore_wind_generation,Wind Offshore,2026-08-10T16:50:24Z
2026-08-10T16:45:28Z,2026-08-10T18:45:28+0200,f717c518-05ab-43f2-aeab-072d31581934,2026-07-19T01:15:00Z,2026-07-19T03:15:00+0200,613.539,MW,DK2,DK_2,actual_offshore_wind_generation,Wind Offshore,2026-08-10T16:50:24Z
2026-08-10T16:45:28Z,2026-08-10T18:45:28+0200,f717c518-05ab-43f2-aeab-072d31581934,2026-07-19T01:30:00Z,2026-07-19T03:30:00+0200,583.622,MW,DK2,DK_2,actual_offshore_wind_generation,Wind Offshore,2026-08-10T16:50:24Z
2026-08-10T16:45:28Z,2026-08-10T18:45:28+0200,f717c518-05ab-43f2-aeab-072d31581934,2026-07-19T01:45:00Z,2026-07-19T03:45:00+0200,607.432,MW,DK2,DK_2,actual_offshore_wind_generation,Wind Offshore,2026-08-10T16:50:24Z
2026-08-10T16:45:28Z,2026-08-10T18:45:28+0200,f717c518-05ab-43f2-aeab-072d31581934,2026-07-19T02:00:00Z,2026-07-19T04:00:00+0200,618.631,MW,DK2,DK_2,actual_offshore_wind_generation,Wind Offshore,2026-08-10T16:50:24Z
2026-08-10T16:45:28Z,2026-08-10T18:45:28+0200,f717c518-05ab-43f2-aeab-072d31581934,2026-07-19T02:15:00Z,2026-07-19T04:15:00+0200,584.933,MW,DK2,DK_2,actual_offshore_wind_generation,Wind Offshore,2026-08-10T16:50:24Z
2026-08-10T16:45:28Z,2026-08-10T18:45:28+0200,f717c518-05ab-43f2-aeab-072d31581934,2026-07-19T02:30:00Z,2026-07-19T04:30:00+0200,543.134,MW,DK2,DK_2,actual_offshore_wind_generation,Wind Offshore,2026-08-10T16:50:24Z
2026-08-10T16:45:28Z,2026-08-10T18:45:28+0200,f717c518-05ab-43f2-aeab-072d31581934,2026-07-19T02:45:00Z,2026-07-19T04:45:00+0200,485.362,MW,DK2,DK_2,actual_offshore_wind_generation,Wind Offshore,2026-08-10T16:50:24Z
2026-08-10T16:45:28Z,2026-08-10T18:45:28+0200,f717c518-05ab-43f2-aeab-072d31581934,2026-07-19T03:00:00Z,2026-07-19T05:00:00+0200,456.378,MW,DK2,DK_2,actual_offshore_wind_generation,Wind Offshore,2026-08-10T16:50:24Z
2026-08-10T16:45:28Z,2026-08-10T18:45:28+0200,f717c518-05ab-43f2-aeab-072d31581934,2026-07-19T03:15:00Z,2026-07-19T05:15:00+0200,378.151,MW,DK2,DK_2,actual_offshore_wind_generation,Wind Offshore,2026-08-10T16:50:24Z
2026-08-10T16:45:28Z,2026-08-10T18:45:28+0200,f717c518-05ab-43f2-aeab-072d31581934,2026-07-19T03:30:00Z,2026-07-19T05:30:00+0200,295.004,MW,DK2,DK_2,actual_offshore_wind_generation,Wind Offshore,2026-08-10T16:50:24Z
2026-08-10T16:45:28Z,2026-08-10T18:45:28+0200,f717c518-05ab-43f2-aeab-072d31581934,2026-07-19T03:45:00Z,2026-07-19T05:45:00+0200,227.974,MW,DK2,DK_2,actual_offshore_wind_generation,Wind Offshore,2026-08-10T16:50:24Z
2026-08-10T16:45:28Z,2026-08-10T18:45:28+0200,f717c518-05ab-43f2-aeab-072d31581934,2026-07-19T04:00:00Z,2026-07-19T06:00:00+0200,178.996,MW,DK2,DK_2,actual_offshore_wind_generation,Wind Offshore,2026-08-10T16:50:24Z
2026-08-10T16:45:28Z,2026-08-10T18:45:28+0200,f717c518-05ab-43f2-aeab-072d31581934,2026-07-19T04:15:00Z,2026-07-19T06:15:00+0200,138.362,MW,DK2,DK_2,actual_offshore_wind_generation,Wind Offshore,2026-08-10T16:50:24Z
2026-08-10T16:45:28Z,2026-08-10T18:45:28+0200,f717c518-05ab-43f2-aeab-072d31581934,2026-07-19T04:30:00Z,2026-07-19T06:30:00+0200,137.735,MW,DK2,DK_2,actual_offshore_wind_generation,Wind Offshore,2026-08-10T16:50:24Z
2026-08-10T16:45:28Z,2026-08-10T18:45:28+0200,f717c518-05ab-43f2-aeab-072d31581934,2026-07-19T04:45:00Z,2026-07-19T06:45:00+0200,143.159,MW,DK2,DK_2,actual_offshore_wind_generation,Wind Offshore,2026-08-10T16:50:24Z
2026-08-10T16:45:28Z,2026-08-10T18:45:28+0200,f717c518-05ab-43f2-aeab-072d31581934,2026-07-19T05:00:00Z,2026-07-19T07:00:00+0200,116.966,MW,DK2,DK_2,actual_offshore_wind_generation,Wind Offshore,2026-08-10T16:50:24Z
2026-08-10T16:45:28Z,2026-08-10T18:45:28+0200,f717c518-05ab-43f2-aeab-072d31581934,2026-07-19T05:15:00Z,2026-07-19T07:15:00+0200,123.602,MW,DK2,DK_2,actual_offshore_wind_generation,Wind Offshore,2026-08-10T16:50:24Z
2026-08-10T16:45:28Z,2026-08-10T18:45:28+0200,f717c518-05ab-43f2-aeab-072d31581934,2026-07-19T05:30:00Z,2026-07-19T07:30:00+0200,143.28,MW,DK2,DK_2,actual_offshore_wind_generation,Wind Offshore,2026-08-10T16:50:24Z
2026-08-10T16:45:28Z,2026-08-10T18:45:28+0200,f717c518-05ab-43f2-aeab-072d31581934,2026-07-19T05:45:00Z,2026-07-19T07:45:00+0200,143.987,MW,DK2,DK_2,actual_offshore_wind_generation,Wind Offshore,2026-08-10T16:50:24Z
2026-08-10T16:45:28Z,2026-08-10T18:45:28+0200,f717c518-05ab-43f2-aeab-072d31581934,2026-07-19T06:00:00Z,2026-07-19T08:00:00+0200,144.763,MW,DK2,DK_2,actual_offshore_wind_generation,Wind Offshore,2026-08-10T16:50:24Z
2026-08-10T16:45:28Z,2026-08-10T18:45:28+0200,f717c518-05ab-43f2-aeab-072d31581934,2026-07-19T06:15:00Z,2026-07-19T08:15:00+0200,144.485,MW,DK2,DK_2,actual_offshore_wind_generation,Wind Offshore,2026-08-10T16:50:24Z
2026-08-10T16:45:28Z,2026-08-10T18:45:28+0200,f717c518-05ab-43f2-aeab-072d31581934,2026-07-19T06:30:00Z,2026-07-19T08:30:00+0200,131.361,MW,DK2,DK_2,actual_offshore_wind_generation,Wind Offshore,2026-08-10T16:50:24Z
2026-08-10T16:45:28Z,2026-08-10T18:45:28+0200,f717c518-05ab-43f2-aeab-072d31581934,2026-07-19T06:45:00Z,2026-07-19T08:45:00+0200,123.722,MW,DK2,DK_2,actual_offshore_wind_generation,Wind Offshore,2026-08-10T16:50:24Z
2026-08-10T16:45:28Z,2026-08-10T18:45:28+0200,f717c518-05ab-43f2-aeab-072d31581934,2026-07-19T07:00:00Z,2026-07-19T09:00:00+0200,104.693,MW,DK2,DK_2,actual_offshore_wind_generation,Wind Offshore,2026-08-10T16:50:24Z
2026-08-10T16:45:28Z,2026-08-10T18:45:28+0200,f717c518-05ab-43f2-aeab-072d31581934,2026-07-19T07:15:00Z,2026-07-19T09:15:00+0200,89.3524,MW,DK2,DK_2,actual_offshore_wind_generation,Wind Offshore,2026-08-10T16:50:24Z
2026-08-10T16:45:28Z,2026-08-10T18:45:28+0200,f717c518-05ab-43f2-aeab-072d31581934,2026-07-19T07:30:00Z,2026-07-19T09:30:00+0200,35.0994,MW,DK2,DK_2,actual_offshore_wind_generation,Wind Offshore,2026-08-10T16:50:24Z
2026-08-10T16:45:28Z,2026-08-10T18:45:28+0200,f717c518-05ab-43f2-aeab-072d31581934,2026-07-19T07:45:00Z,2026-07-19T09:45:00+0200,7.41609,MW,DK2,DK_2,actual_offshore_wind_generation,Wind Offshore,2026-08-10T16:50:24Z
2026-08-10T16:45:28Z,2026-08-10T18:45:28+0200,f717c518-05ab-43f2-aeab-072d31581934,2026-07-19T08:00:00Z,2026-07-19T10:00:00+0200,17.5735,MW,DK2,DK_2,actual_offshore_wind_generation,Wind Offshore,2026-08-10T16:50:24Z
2026-08-10T16:45:28Z,2026-08-10T18:45:28+0200,f717c518-05ab-43f2-aeab-072d31581934,2026-07-19T08:15:00Z,2026-07-19T10:15:00+0200,20.4461,MW,DK2,DK_2,actual_offshore_wind_generation,Wind Offshore,2026-08-10T16:50:24Z
2026-08-10T16:45:28Z,2026-08-10T18:45:28+0200,f717c518-05ab-43f2-aeab-072d31581934,2026-07-19T08:30:00Z,2026-07-19T10:30:00+0200,10.3749,MW,DK2,DK_2,actual_offshore_wind_generation,Wind Offshore,2026-08-10T16:50:24Z
2026-08-10T16:45:28Z,2026-08-10T18:45:28+0200,f717c518-05ab-43f2-aeab-072d31581934,2026-07-19T08:45:00Z,2026-07-19T10:45:00+0200,11.4923,MW,DK2,DK_2,actual_offshore_wind_generation,Wind Offshore,2026-08-10T16:50:24Z
2026-08-10T16:45:28Z,2026-08-10T18:45:28+0200,f717c518-05ab-43f2-aeab-072d31581934,2026-07-19T09:00:00Z,2026-07-19T11:00:00+0200,63.799,MW,DK2,DK_2,actual_offshore_wind_generation,Wind Offshore,2026-08-10T16:50:24Z
2026-08-10T16:45:28Z,2026-08-10T18:45:28+0200,f717c518-05ab-43f2-aeab-072d31581934,2026-07-19T09:15:00Z,2026-07-19T11:15:00+0200,72.8608,MW,DK2,DK_2,actual_offshore_wind_generation,Wind Offshore,2026-08-10T16:50:24Z
2026-08-10T16:45:28Z,2026-08-10T18:45:28+0200,f717c518-05ab-43f2-aeab-072d31581934,2026-07-19T09:30:00Z,2026-07-19T11:30:00+0200,68.3354,MW,DK2,DK_2,actual_offshore_wind_generation,Wind Offshore,2026-08-10T16:50:24Z
2026-08-10T16:45:28Z,2026-08-10T18:45:28+0200,f717c518-05ab-43f2-aeab-072d31581934,2026-07-19T09:45:00Z,2026-07-19T11:45:00+0200,69.4931,MW,DK2,DK_2,actual_offshore_wind_generation,Wind Offshore,2026-08-10T16:50:24Z
2026-08-10T16:45:28Z,2026-08-10T18:45:28+0200,f717c518-05ab-43f2-aeab-072d31581934,2026-07-19T10:00:00Z,2026-07-19T12:00:00+0200,75.8617,MW,DK2,DK_2,actual_offshore_wind_generation,Wind Offshore,2026-08-10T16:50:24Z
2026-08-10T16:45:28Z,2026-08-10T18:45:28+0200,f717c518-05ab-43f2-aeab-072d31581934,2026-07-19T10:15:00Z,2026-07-19T12:15:00+0200,73.4115,MW,DK2,DK_2,actual_offshore_wind_generation,Wind Offshore,2026-08-10T16:50:24Z
2026-08-10T16:45:28Z,2026-08-10T18:45:28+0200,f717c518-05ab-43f2-aeab-072d31581934,2026-07-19T10:30:00Z,2026-07-19T12:30:00+0200,64.6353,MW,DK2,DK_2,actual_offshore_wind_generation,Wind Offshore,2026-08-10T16:50:24Z
2026-08-10T16:45:28Z,2026-08-10T18:45:28+0200,f717c518-05ab-43f2-aeab-072d31581934,2026-07-19T10:45:00Z,2026-07-19T12:45:00+0200,56.5812,MW,DK2,DK_2,actual_offshore_wind_generation,Wind Offshore,2026-08-10T16:50:24Z
2026-08-10T16:45:28Z,2026-08-10T18:45:28+0200,f717c518-05ab-43f2-aeab-072d31581934,2026-07-19T11:00:00Z,2026-07-19T13:00:00+0200,76.0223,MW,DK2,DK_2,actual_offshore_wind_generation,Wind Offshore,2026-08-10T16:50:24Z
2026-08-10T16:45:28Z,2026-08-10T18:45:28+0200,f717c518-05ab-43f2-aeab-072d31581934,2026-07-19T11:15:00Z,2026-07-19T13:15:00+0200,85.1047,MW,DK2,DK_2,actual_offshore_wind_generation,Wind Offshore,2026-08-10T16:50:24Z
2026-08-10T16:45:28Z,2026-08-10T18:45:28+0200,f717c518-05ab-43f2-aeab-072d31581934,2026-07-19T11:30:00Z,2026-07-19T13:30:00+0200,79.511,MW,DK2,DK_2,actual_offshore_wind_generation,Wind Offshore,2026-08-10T16:50:24Z
2026-08-10T16:45:28Z,2026-08-10T18:45:28+0200,f717c518-05ab-43f2-aeab-072d31581934,2026-07-19T11:45:00Z,2026-07-19T13:45:00+0200,76.1704,MW,DK2,DK_2,actual_offshore_wind_generation,Wind Offshore,2026-08-10T16:50:24Z
2026-08-10T16:45:28Z,2026-08-10T18:45:28+0200,f717c518-05ab-43f2-aeab-072d31581934,2026-07-19T12:00:00Z,2026-07-19T14:00:00+0200,81.1503,MW,DK2,DK_2,actual_offshore_wind_generation,Wind Offshore,2026-08-10T16:50:24Z
2026-08-10T16:45:28Z,2026-08-10T18:45:28+0200,f717c518-05ab-43f2-aeab-072d31581934,2026-07-19T12:15:00Z,2026-07-19T14:15:00+0200,84.6044,MW,DK2,DK_2,actual_offshore_wind_generation,Wind Offshore,2026-08-10T16:50:24Z
2026-08-10T16:45:28Z,2026-08-10T18:45:28+0200,f717c518-05ab-43f2-aeab-072d31581934,2026-07-19T12:30:00Z,2026-07-19T14:30:00+0200,81.7144,MW,DK2,DK_2,actual_offshore_wind_generation,Wind Offshore,2026-08-10T16:50:24Z
2026-08-10T16:45:28Z,2026-08-10T18:45:28+0200,f717c518-05ab-43f2-aeab-072d31581934,2026-07-19T12:45:00Z,2026-07-19T14:45:00+0200,87.0957,MW,DK2,DK_2,actual_offshore_wind_generation,Wind Offshore,2026-08-10T16:50:24Z
2026-08-10T16:45:28Z,2026-08-10T18:45:28+0200,f717c518-05ab-43f2-aeab-072d31581934,2026-07-19T13:00:00Z,2026-07-19T15:00:00+0200,70.6082,MW,DK2,DK_2,actual_offshore_wind_generation,Wind Offshore,2026-08-10T16:50:24Z
2026-08-10T16:45:28Z,2026-08-10T18:45:28+0200,f717c518-05ab-43f2-aeab-072d31581934,2026-07-19T13:15:00Z,2026-07-19T15:15:00+0200,41.439,MW,DK2,DK_2,actual_offshore_wind_generation,Wind Offshore,2026-08-10T16:50:24Z
2026-08-10T16:45:28Z,2026-08-10T18:45:28+0200,f717c518-05ab-43f2-aeab-072d31581934,2026-07-19T13:30:00Z,2026-07-19T15:30:00+0200,93.233,MW,DK2,DK_2,actual_offshore_wind_generation,Wind Offshore,2026-08-10T16:50:24Z
2026-08-10T16:45:28Z,2026-08-10T18:45:28+0200,f717c518-05ab-43f2-aeab-072d31581934,2026-07-19T13:45:00Z,2026-07-19T15:45:00+0200,100.465,MW,DK2,DK_2,actual_offshore_wind_generation,Wind Offshore,2026-08-10T16:50:24Z
2026-08-10T16:45:28Z,2026-08-10T18:45:28+0200,f717c518-05ab-43f2-aeab-072d31581934,2026-07-19T14:00:00Z,2026-07-19T16:00:00+0200,205.952,MW,DK2,DK_2,actual_offshore_wind_generation,Wind Offshore,2026-08-10T16:50:24Z
2026-08-10T16:45:28Z,2026-08-10T18:45:28+0200,f717c518-05ab-43f2-aeab-072d31581934,2026-07-19T14:15:00Z,2026-07-19T16:15:00+0200,205.393,MW,DK2,DK_2,actual_offshore_wind_generation,Wind Offshore,2026-08-10T16:50:24Z
2026-08-10T16:45:28Z,2026-08-10T18:45:28+0200,f717c518-05ab-43f2-aeab-072d31581934,2026-07-19T14:30:00Z,2026-07-19T16:30:00+0200,251.809,MW,DK2,DK_2,actual_offshore_wind_generation,Wind Offshore,2026-08-10T16:50:24Z
2026-08-10T16:45:28Z,2026-08-10T18:45:28+0200,f717c518-05ab-43f2-aeab-072d31581934,2026-07-19T14:45:00Z,2026-07-19T16:45:00+0200,333.591,MW,DK2,DK_2,actual_offshore_wind_generation,Wind Offshore,2026-08-10T16:50:24Z
2026-08-10T16:45:28Z,2026-08-10T18:45:28+0200,f717c518-05ab-43f2-aeab-072d31581934,2026-07-19T15:00:00Z,2026-07-19T17:00:00+0200,292.232,MW,DK2,DK_2,actual_offshore_wind_generation,Wind Offshore,2026-08-10T16:50:24Z
2026-08-10T16:45:28Z,2026-08-10T18:45:28+0200,f717c518-05ab-43f2-aeab-072d31581934,2026-07-19T15:15:00Z,2026-07-19T17:15:00+0200,264.889,MW,DK2,DK_2,actual_offshore_wind_generation,Wind Offshore,2026-08-10T16:50:24Z
2026-08-10T16:45:28Z,2026-08-10T18:45:28+0200,f717c518-05ab-43f2-aeab-072d31581934,2026-07-19T15:30:00Z,2026-07-19T17:30:00+0200,470.572,MW,DK2,DK_2,actual_offshore_wind_generation,Wind Offshore,2026-08-10T16:50:24Z
2026-08-10T16:45:28Z,2026-08-10T18:45:28+0200,f717c518-05ab-43f2-aeab-072d31581934,2026-07-19T15:45:00Z,2026-07-19T17:45:00+0200,563.907,MW,DK2,DK_2,actual_offshore_wind_generation,Wind Offshore,2026-08-10T16:50:24Z
2026-08-10T16:45:28Z,2026-08-10T18:45:28+0200,f717c518-05ab-43f2-aeab-072d31581934,2026-07-19T16:00:00Z,2026-07-19T18:00:00+0200,589.016,MW,DK2,DK_2,actual_offshore_wind_generation,Wind Offshore,2026-08-10T16:50:24Z
2026-08-10T16:45:28Z,2026-08-10T18:45:28+0200,f717c518-05ab-43f2-aeab-072d31581934,2026-07-19T16:15:00Z,2026-07-19T18:15:00+0200,614.824,MW,DK2,DK_2,actual_offshore_wind_generation,Wind Offshore,2026-08-10T16:50:24Z
2026-08-10T16:45:28Z,2026-08-10T18:45:28+0200,f717c518-05ab-43f2-aeab-072d31581934,2026-07-19T16:30:00Z,2026-07-19T18:30:00+0200,587.232,MW,DK2,DK_2,actual_offshore_wind_generation,Wind Offshore,2026-08-10T16:50:24Z
2026-08-10T16:45:28Z,2026-08-10T18:45:28+0200,f717c518-05ab-43f2-aeab-072d31581934,2026-07-19T16:45:00Z,2026-07-19T18:45:00+0200,568.238,MW,DK2,DK_2,actual_offshore_wind_generation,Wind Offshore,2026-08-10T16:50:24Z
2026-08-10T16:45:28Z,2026-08-10T18:45:28+0200,f717c518-05ab-43f2-aeab-072d31581934,2026-07-19T17:00:00Z,2026-07-19T19:00:00+0200,526.228,MW,DK2,DK_2,actual_offshore_wind_generation,Wind Offshore,2026-08-10T16:50:24Z
2026-08-10T16:45:28Z,2026-08-10T18:45:28+0200,f717c518-05ab-43f2-aeab-072d31581934,2026-07-19T17:15:00Z,2026-07-19T19:15:00+0200,493.238,MW,DK2,DK_2,actual_offshore_wind_generation,Wind Offshore,2026-08-10T16:50:24Z
2026-08-10T16:45:28Z,2026-08-10T18:45:28+0200,f717c518-05ab-43f2-aeab-072d31581934,2026-07-19T17:30:00Z,2026-07-19T19:30:00+0200,476.933,MW,DK2,DK_2,actual_offshore_wind_generation,Wind Offshore,2026-08-10T16:50:24Z
2026-08-10T16:45:28Z,2026-08-10T18:45:28+0200,f717c518-05ab-43f2-aeab-072d31581934,2026-07-19T17:45:00Z,2026-07-19T19:45:00+0200,484.699,MW,DK2,DK_2,actual_offshore_wind_generation,Wind Offshore,2026-08-10T16:50:24Z
2026-08-10T16:45:28Z,2026-08-10T18:45:28+0200,f717c518-05ab-43f2-aeab-072d31581934,2026-07-19T18:00:00Z,2026-07-19T20:00:00+0200,492.589,MW,DK2,DK_2,actual_offshore_wind_generation,Wind Offshore,2026-08-10T16:50:24Z
2026-08-10T16:45:28Z,2026-08-10T18:45:28+0200,f717c518-05ab-43f2-aeab-072d31581934,2026-07-19T18:15:00Z,2026-07-19T20:15:00+0200,530.909,MW,DK2,DK_2,actual_offshore_wind_generation,Wind Offshore,2026-08-10T16:50:24Z
2026-08-10T16:45:28Z,2026-08-10T18:45:28+0200,f717c518-05ab-43f2-aeab-072d31581934,2026-07-19T18:30:00Z,2026-07-19T20:30:00+0200,539.224,MW,DK2,DK_2,actual_offshore_wind_generation,Wind Offshore,2026-08-10T16:50:24Z
2026-08-10T16:45:28Z,2026-08-10T18:45:28+0200,f717c518-05ab-43f2-aeab-072d31581934,2026-07-19T18:45:00Z,2026-07-19T20:45:00+0200,533.828,MW,DK2,DK_2,actual_offshore_wind_generation,Wind Offshore,2026-08-10T16:50:24Z
2026-08-10T16:45:28Z,2026-08-10T18:45:28+0200,f717c518-05ab-43f2-aeab-072d31581934,2026-07-19T19:00:00Z,2026-07-19T21:00:00+0200,505.89,MW,DK2,DK_2,actual_offshore_wind_generation,Wind Offshore,2026-08-10T16:50:24Z
2026-08-10T16:45:28Z,2026-08-10T18:45:28+0200,f717c518-05ab-43f2-aeab-072d31581934,2026-07-19T19:15:00Z,2026-07-19T21:15:00+0200,474.762,MW,DK2,DK_2,actual_offshore_wind_generation,Wind Offshore,2026-08-10T16:50:24Z
2026-08-10T16:45:28Z,2026-08-10T18:45:28+0200,f717c518-05ab-43f2-aeab-072d31581934,2026-07-19T19:30:00Z,2026-07-19T21:30:00+0200,511.217,MW,DK2,DK_2,actual_offshore_wind_generation,Wind Offshore,2026-08-10T16:50:24Z
2026-08-10T16:45:28Z,2026-08-10T18:45:28+0200,f717c518-05ab-43f2-aeab-072d31581934,2026-07-19T19:45:00Z,2026-07-19T21:45:00+0200,534.969,MW,DK2,DK_2,actual_offshore_wind_generation,Wind Offshore,2026-08-10T16:50:24Z
2026-08-10T16:45:28Z,2026-08-10T18:45:28+0200,f717c518-05ab-43f2-aeab-072d31581934,2026-07-19T20:00:00Z,2026-07-19T22:00:00+0200,523.965,MW,DK2,DK_2,actual_offshore_wind_generation,Wind Offshore,2026-08-10T16:50:24Z
2026-08-10T16:45:28Z,2026-08-10T18:45:28+0200,f717c518-05ab-43f2-aeab-072d31581934,2026-07-19T20:15:00Z,2026-07-19T22:15:00+0200,497.611,MW,DK2,DK_2,actual_offshore_wind_generation,Wind Offshore,2026-08-10T16:50:24Z
2026-08-10T16:45:28Z,2026-08-10T18:45:28+0200,f717c518-05ab-43f2-aeab-072d31581934,2026-07-19T20:30:00Z,2026-07-19T22:30:00+0200,465.741,MW,DK2,DK_2,actual_offshore_wind_generation,Wind Offshore,2026-08-10T16:50:24Z
2026-08-10T16:45:28Z,2026-08-10T18:45:28+0200,f717c518-05ab-43f2-aeab-072d31581934,2026-07-19T20:45:00Z,2026-07-19T22:45:00+0200,457.128,MW,DK2,DK_2,actual_offshore_wind_generation,Wind Offshore,2026-08-10T16:50:24Z
2026-08-10T16:45:28Z,2026-08-10T18:45:28+0200,f717c518-05ab-43f2-aeab-072d31581934,2026-07-19T21:00:00Z,2026-07-19T23:00:00+0200,478.569,MW,DK2,DK_2,actual_offshore_wind_generation,Wind Offshore,2026-08-10T16:50:24Z
2026-08-10T16:45:28Z,2026-08-10T18:45:28+0200,f717c518-05ab-43f2-aeab-072d31581934,2026-07-19T21:15:00Z,2026-07-19T23:15:00+0200,489.431,MW,DK2,DK_2,actual_offshore_wind_generation,Wind Offshore,2026-08-10T16:50:24Z
2026-08-10T16:45:28Z,2026-08-10T18:45:28+0200,f717c518-05ab-43f2-aeab-072d31581934,2026-07-19T21:30:00Z,2026-07-19T23:30:00+0200,485.958,MW,DK2,DK_2,actual_offshore_wind_generation,Wind Offshore,2026-08-10T16:50:24Z
2026-08-10T16:45:28Z,2026-08-10T18:45:28+0200,f717c518-05ab-43f2-aeab-072d31581934,2026-07-19T21:45:00Z,2026-07-19T23:45:00+0200,468.839,MW,DK2,DK_2,actual_offshore_wind_generation,Wind Offshore,2026-08-10T16:50:24Z
2026-08-10T16:45:28Z,2026-08-10T18:45:28+0200,f717c518-05ab-43f2-aeab-072d31581934,2026-07-19T22:00:00Z,2026-07-20T00:00:00+0200,471.219,MW,DK2,DK_2,actual_offshore_wind_generation,Wind Offshore,2026-08-10T16:50:24Z
2026-08-10T16:45:28Z,2026-08-10T18:45:28+0200,f717c518-05ab-43f2-aeab-072d31581934,2026-07-19T22:15:00Z,2026-07-20T00:15:00+0200,452.773,MW,DK2,DK_2,actual_offshore_wind_generation,Wind Offshore,2026-08-10T16:50:24Z
2026-08-10T16:45:28Z,2026-08-10T18:45:28+0200,f717c518-05ab-43f2-aeab-072d31581934,2026-07-19T22:30:00Z,2026-07-20T00:30:00+0200,448.65,MW,DK2,DK_2,actual_offshore_wind_generation,Wind Offshore,2026-08-10T16:50:24Z
2026-08-10T16:45:28Z,2026-08-10T18:45:28+0200,f717c518-05ab-43f2-aeab-072d31581934,2026-07-19T22:45:00Z,2026-07-20T00:45:00+0200,443.644,MW,DK2,DK_2,actual_offshore_wind_generation,Wind Offshore,2026-08-10T16:50:24Z
2026-08-10T16:45:28Z,2026-08-10T18:45:28+0200,f717c518-05ab-43f2-aeab-072d31581934,2026-07-19T23:00:00Z,2026-07-20T01:00:00+0200,451.16,MW,DK2,DK_2,actual_offshore_wind_generation,Wind Offshore,2026-08-10T16:50:24Z
2026-08-10T16:45:28Z,2026-08-10T18:45:28+0200,f717c518-05ab-43f2-aeab-072d31581934,2026-07-19T23:15:00Z,2026-07-20T01:15:00+0200,480.39,MW,DK2,DK_2,actual_offshore_wind_generation,Wind Offshore,2026-08-10T16:50:24Z
2026-08-10T16:45:28Z,2026-08-10T18:45:28+0200,f717c518-05ab-43f2-aeab-072d31581934,2026-07-19T23:30:00Z,2026-07-20T01:30:00+0200,489.693,MW,DK2,DK_2,actual_offshore_wind_generation,Wind Offshore,2026-08-10T16:50:24Z
2026-08-10T16:45:28Z,2026-08-10T18:45:28+0200,f717c518-05ab-43f2-aeab-072d31581934,2026-07-19T23:45:00Z,2026-07-20T01:45:00+0200,503.129,MW,DK2,DK_2,actual_offshore_wind_generation,Wind Offshore,2026-08-10T16:50:24Z
2026-08-10T16:45:28Z,2026-08-10T18:45:28+0200,f717c518-05ab-43f2-aeab-072d31581934,2026-07-20T00:00:00Z,2026-07-20T02:00:00+0200,500.355,MW,DK2,DK_2,actual_offshore_wind_generation,Wind Offshore,2026-08-10T16:50:24Z
2026-08-10T16:45:28Z,2026-08-10T18:45:28+0200,f717c518-05ab-43f2-aeab-072d31581934,2026-07-20T00:15:00Z,2026-07-20T02:15:00+0200,478.039,MW,DK2,DK_2,actual_offshore_wind_generation,Wind Offshore,2026-08-10T16:50:24Z
2026-08-10T16:45:28Z,2026-08-10T18:45:28+0200,f717c518-05ab-43f2-aeab-072d31581934,2026-07-20T00:30:00Z,2026-07-20T02:30:00+0200,446.97,MW,DK2,DK_2,actual_offshore_wind_generation,Wind Offshore,2026-08-10T16:50:24Z
2026-08-10T16:45:28Z,2026-08-10T18:45:28+0200,f717c518-05ab-43f2-aeab-072d31581934,2026-07-20T00:45:00Z,2026-07-20T02:45:00+0200,510.501,MW,DK2,DK_2,actual_offshore_wind_generation,Wind Offshore,2026-08-10T16:50:24Z
2026-08-10T16:45:28Z,2026-08-10T18:45:28+0200,f717c518-05ab-43f2-aeab-072d31581934,2026-07-20T01:00:00Z,2026-07-20T03:00:00+0200,465.385,MW,DK2,DK_2,actual_offshore_wind_generation,Wind Offshore,2026-08-10T16:50:24Z
2026-08-10T16:45:28Z,2026-08-10T18:45:28+0200,f717c518-05ab-43f2-aeab-072d31581934,2026-07-20T01:15:00Z,2026-07-20T03:15:00+0200,537.282,MW,DK2,DK_2,actual_offshore_wind_generation,Wind Offshore,2026-08-10T16:50:24Z
2026-08-10T16:45:28Z,2026-08-10T18:45:28+0200,f717c518-05ab-43f2-aeab-072d31581934,2026-07-20T01:30:00Z,2026-07-20T03:30:00+0200,675.402,MW,DK2,DK_2,actual_offshore_wind_generation,Wind Offshore,2026-08-10T16:50:24Z
2026-08-10T16:45:28Z,2026-08-10T18:45:28+0200,f717c518-05ab-43f2-aeab-072d31581934,2026-07-20T01:45:00Z,2026-07-20T03:45:00+0200,668.001,MW,DK2,DK_2,actual_offshore_wind_generation,Wind Offshore,2026-08-10T16:50:24Z
2026-08-10T16:45:28Z,2026-08-10T18:45:28+0200,f717c518-05ab-43f2-aeab-072d31581934,2026-07-20T02:00:00Z,2026-07-20T04:00:00+0200,573.708,MW,DK2,DK_2,actual_offshore_wind_generation,Wind Offshore,2026-08-10T16:50:24Z
2026-08-10T16:45:28Z,2026-08-10T18:45:28+0200,f717c518-05ab-43f2-aeab-072d31581934,2026-07-20T02:15:00Z,2026-07-20T04:15:00+0200,543.797,MW,DK2,DK_2,actual_offshore_wind_generation,Wind Offshore,2026-08-10T16:50:24Z
2026-08-10T16:45:28Z,2026-08-10T18:45:28+0200,f717c518-05ab-43f2-aeab-072d31581934,2026-07-20T02:30:00Z,2026-07-20T04:30:00+0200,569.4,MW,DK2,DK_2,actual_offshore_wind_generation,Wind Offshore,2026-08-10T16:50:24Z
2026-08-10T16:45:28Z,2026-08-10T18:45:28+0200,f717c518-05ab-43f2-aeab-072d31581934,2026-07-20T02:45:00Z,2026-07-20T04:45:00+0200,594.344,MW,DK2,DK_2,actual_offshore_wind_generation,Wind Offshore,2026-08-10T16:50:24Z
2026-08-10T16:45:28Z,2026-08-10T18:45:28+0200,f717c518-05ab-43f2-aeab-072d31581934,2026-07-20T03:00:00Z,2026-07-20T05:00:00+0200,607.537,MW,DK2,DK_2,actual_offshore_wind_generation,Wind Offshore,2026-08-10T16:50:24Z
2026-08-10T16:45:28Z,2026-08-10T18:45:28+0200,f717c518-05ab-43f2-aeab-072d31581934,2026-07-20T03:15:00Z,2026-07-20T05:15:00+0200,600.24,MW,DK2,DK_2,actual_offshore_wind_generation,Wind Offshore,2026-08-10T16:50:24Z
2026-08-10T16:45:28Z,2026-08-10T18:45:28+0200,f717c518-05ab-43f2-aeab-072d31581934,2026-07-20T03:30:00Z,2026-07-20T05:30:00+0200,586.734,MW,DK2,DK_2,actual_offshore_wind_generation,Wind Offshore,2026-08-10T16:50:24Z
2026-08-10T16:45:28Z,2026-08-10T18:45:28+0200,f717c518-05ab-43f2-aeab-072d31581934,2026-07-20T03:45:00Z,2026-07-20T05:45:00+0200,581.337,MW,DK2,DK_2,actual_offshore_wind_generation,Wind Offshore,2026-08-10T16:50:24Z
2026-08-10T16:45:28Z,2026-08-10T18:45:28+0200,f717c518-05ab-43f2-aeab-072d31581934,2026-07-20T04:00:00Z,2026-07-20T06:00:00+0200,576.996,MW,DK2,DK_2,actual_offshore_wind_generation,Wind Offshore,2026-08-10T16:50:24Z
2026-08-10T16:45:28Z,2026-08-10T18:45:28+0200,f717c518-05ab-43f2-aeab-072d31581934,2026-07-20T04:15:00Z,2026-07-20T06:15:00+0200,593.357,MW,DK2,DK_2,actual_offshore_wind_generation,Wind Offshore,2026-08-10T16:50:24Z
2026-08-10T16:45:28Z,2026-08-10T18:45:28+0200,f717c518-05ab-43f2-aeab-072d31581934,2026-07-20T04:30:00Z,2026-07-20T06:30:00+0200,597.829,MW,DK2,DK_2,actual_offshore_wind_generation,Wind Offshore,2026-08-10T16:50:24Z
2026-08-10T16:45:28Z,2026-08-10T18:45:28+0200,f717c518-05ab-43f2-aeab-072d31581934,2026-07-20T04:45:00Z,2026-07-20T06:45:00+0200,609.106,MW,DK2,DK_2,actual_offshore_wind_generation,Wind Offshore,2026-08-10T16:50:24Z
2026-08-10T16:45:28Z,2026-08-10T18:45:28+0200,f717c518-05ab-43f2-aeab-072d31581934,2026-07-20T05:00:00Z,2026-07-20T07:00:00+0200,592.962,MW,DK2,DK_2,actual_offshore_wind_generation,Wind Offshore,2026-08-10T16:50:24Z
2026-08-10T16:45:28Z,2026-08-10T18:45:28+0200,f717c518-05ab-43f2-aeab-072d31581934,2026-07-20T05:15:00Z,2026-07-20T07:15:00+0200,636.643,MW,DK2,DK_2,actual_offshore_wind_generation,Wind Offshore,2026-08-10T16:50:24Z
2026-08-10T16:45:28Z,2026-08-10T18:45:28+0200,f717c518-05ab-43f2-aeab-072d31581934,2026-07-20T05:30:00Z,2026-07-20T07:30:00+0200,629.987,MW,DK2,DK_2,actual_offshore_wind_generation,Wind Offshore,2026-08-10T16:50:24Z
2026-08-10T16:45:28Z,2026-08-10T18:45:28+0200,f717c518-05ab-43f2-aeab-072d31581934,2026-07-20T05:45:00Z,2026-07-20T07:45:00+0200,627.0,MW,DK2,DK_2,actual_offshore_wind_generation,Wind Offshore,2026-08-10T16:50:24Z
2026-08-10T16:45:28Z,2026-08-10T18:45:28+0200,f717c518-05ab-43f2-aeab-072d31581934,2026-07-20T06:00:00Z,2026-07-20T08:00:00+0200,643.449,MW,DK2,DK_2,actual_offshore_wind_generation,Wind Offshore,2026-08-10T16:50:24Z
2026-08-10T16:45:28Z,2026-08-10T18:45:28+0200,f717c518-05ab-43f2-aeab-072d31581934,2026-07-20T06:15:00Z,2026-07-20T08:15:00+0200,637.272,MW,DK2,DK_2,actual_offshore_wind_generation,Wind Offshore,2026-08-10T16:50:24Z
2026-08-10T16:45:28Z,2026-08-10T18:45:28+0200,f717c518-05ab-43f2-aeab-072d31581934,2026-07-20T06:30:00Z,2026-07-20T08:30:00+0200,616.17,MW,DK2,DK_2,actual_offshore_wind_generation,Wind Offshore,2026-08-10T16:50:24Z
2026-08-10T16:45:28Z,2026-08-10T18:45:28+0200,f717c518-05ab-43f2-aeab-072d31581934,2026-07-20T06:45:00Z,2026-07-20T08:45:00+0200,627.593,MW,DK2,DK_2,actual_offshore_wind_generation,Wind Offshore,2026-08-10T16:50:24Z
2026-08-10T16:45:28Z,2026-08-10T18:45:28+0200,f717c518-05ab-43f2-aeab-072d31581934,2026-07-20T07:00:00Z,2026-07-20T09:00:00+0200,588.734,MW,DK2,DK_2,actual_offshore_wind_generation,Wind Offshore,2026-08-10T16:50:24Z
2026-08-10T16:45:28Z,2026-08-10T18:45:28+0200,f717c518-05ab-43f2-aeab-072d31581934,2026-07-20T07:15:00Z,2026-07-20T09:15:00+0200,577.465,MW,DK2,DK_2,actual_offshore_wind_generation,Wind Offshore,2026-08-10T16:50:24Z
2026-08-10T16:45:28Z,2026-08-10T18:45:28+0200,f717c518-05ab-43f2-aeab-072d31581934,2026-07-20T07:30:00Z,2026-07-20T09:30:00+0200,593.838,MW,DK2,DK_2,actual_offshore_wind_generation,Wind Offshore,2026-08-10T16:50:24Z
2026-08-10T16:45:28Z,2026-08-10T18:45:28+0200,f717c518-05ab-43f2-aeab-072d31581934,2026-07-20T07:45:00Z,2026-07-20T09:45:00+0200,681.072,MW,DK2,DK_2,actual_offshore_wind_generation,Wind Offshore,2026-08-10T16:50:24Z
2026-08-10T16:45:28Z,2026-08-10T18:45:28+0200,f717c518-05ab-43f2-aeab-072d31581934,2026-07-20T08:00:00Z,2026-07-20T10:00:00+0200,714.977,MW,DK2,DK_2,actual_offshore_wind_generation,Wind Offshore,2026-08-10T16:50:24Z
2026-08-10T16:45:28Z,2026-08-10T18:45:28+0200,f717c518-05ab-43f2-aeab-072d31581934,2026-07-20T08:15:00Z,2026-07-20T10:15:00+0200,734.304,MW,DK2,DK_2,actual_offshore_wind_generation,Wind Offshore,2026-08-10T16:50:24Z
2026-08-10T16:45:28Z,2026-08-10T18:45:28+0200,f717c518-05ab-43f2-aeab-072d31581934,2026-07-20T08:30:00Z,2026-07-20T10:30:00+0200,729.468,MW,DK2,DK_2,actual_offshore_wind_generation,Wind Offshore,2026-08-10T16:50:24Z
2026-08-10T16:45:28Z,2026-08-10T18:45:28+0200,f717c518-05ab-43f2-aeab-072d31581934,2026-07-20T08:45:00Z,2026-07-20T10:45:00+0200,736.019,MW,DK2,DK_2,actual_offshore_wind_generation,Wind Offshore,2026-08-10T16:50:24Z
2026-08-10T16:45:28Z,2026-08-10T18:45:28+0200,f717c518-05ab-43f2-aeab-072d31581934,2026-07-20T09:00:00Z,2026-07-20T11:00:00+0200,715.478,MW,DK2,DK_2,actual_offshore_wind_generation,Wind Offshore,2026-08-10T16:50:24Z
2026-08-10T16:45:28Z,2026-08-10T18:45:28+0200,f717c518-05ab-43f2-aeab-072d31581934,2026-07-20T09:15:00Z,2026-07-20T11:15:00+0200,717.874,MW,DK2,DK_2,actual_offshore_wind_generation,Wind Offshore,2026-08-10T16:50:24Z
2026-08-10T16:45:28Z,2026-08-10T18:45:28+0200,f717c518-05ab-43f2-aeab-072d31581934,2026-07-20T09:30:00Z,2026-07-20T11:30:00+0200,723.418,MW,DK2,DK_2,actual_offshore_wind_generation,Wind Offshore,2026-08-10T16:50:24Z
2026-08-10T16:45:28Z,2026-08-10T18:45:28+0200,f717c518-05ab-43f2-aeab-072d31581934,2026-07-20T09:45:00Z,2026-07-20T11:45:00+0200,698.608,MW,DK2,DK_2,actual_offshore_wind_generation,Wind Offshore,2026-08-10T16:50:24Z
2026-08-10T16:45:28Z,2026-08-10T18:45:28+0200,f717c518-05ab-43f2-aeab-072d31581934,2026-07-20T10:00:00Z,2026-07-20T12:00:00+0200,611.433,MW,DK2,DK_2,actual_offshore_wind_generation,Wind Offshore,2026-08-10T16:50:24Z
2026-08-10T16:45:28Z,2026-08-10T18:45:28+0200,f717c518-05ab-43f2-aeab-072d31581934,2026-07-20T10:15:00Z,2026-07-20T12:15:00+0200,631.189,MW,DK2,DK_2,actual_offshore_wind_generation,Wind Offshore,2026-08-10T16:50:24Z
2026-08-10T16:45:28Z,2026-08-10T18:45:28+0200,f717c518-05ab-43f2-aeab-072d31581934,2026-07-20T10:30:00Z,2026-07-20T12:30:00+0200,664.375,MW,DK2,DK_2,actual_offshore_wind_generation,Wind Offshore,2026-08-10T16:50:24Z
2026-08-10T16:45:28Z,2026-08-10T18:45:28+0200,f717c518-05ab-43f2-aeab-072d31581934,2026-07-20T10:45:00Z,2026-07-20T12:45:00+0200,682.839,MW,DK2,DK_2,actual_offshore_wind_generation,Wind Offshore,2026-08-10T16:50:24Z
2026-08-10T16:45:28Z,2026-08-10T18:45:28+0200,f717c518-05ab-43f2-aeab-072d31581934,2026-07-20T11:00:00Z,2026-07-20T13:00:00+0200,606.515,MW,DK2,DK_2,actual_offshore_wind_generation,Wind Offshore,2026-08-10T16:50:24Z
2026-08-10T16:45:28Z,2026-08-10T18:45:28+0200,f717c518-05ab-43f2-aeab-072d31581934,2026-07-20T11:15:00Z,2026-07-20T13:15:00+0200,561.501,MW,DK2,DK_2,actual_offshore_wind_generation,Wind Offshore,2026-08-10T16:50:24Z
2026-08-10T16:45:28Z,2026-08-10T18:45:28+0200,f717c518-05ab-43f2-aeab-072d31581934,2026-07-20T11:30:00Z,2026-07-20T13:30:00+0200,592.841,MW,DK2,DK_2,actual_offshore_wind_generation,Wind Offshore,2026-08-10T16:50:24Z
2026-08-10T16:45:28Z,2026-08-10T18:45:28+0200,f717c518-05ab-43f2-aeab-072d31581934,2026-07-20T11:45:00Z,2026-07-20T13:45:00+0200,581.265,MW,DK2,DK_2,actual_offshore_wind_generation,Wind Offshore,2026-08-10T16:50:24Z
2026-08-10T16:45:28Z,2026-08-10T18:45:28+0200,f717c518-05ab-43f2-aeab-072d31581934,2026-07-20T12:00:00Z,2026-07-20T14:00:00+0200,600.708,MW,DK2,DK_2,actual_offshore_wind_generation,Wind Offshore,2026-08-10T16:50:24Z
2026-08-10T16:45:28Z,2026-08-10T18:45:28+0200,f717c518-05ab-43f2-aeab-072d31581934,2026-07-20T12:15:00Z,2026-07-20T14:15:00+0200,608.072,MW,DK2,DK_2,actual_offshore_wind_generation,Wind Offshore,2026-08-10T16:50:24Z
2026-08-10T16:45:28Z,2026-08-10T18:45:28+0200,f717c518-05ab-43f2-aeab-072d31581934,2026-07-20T12:30:00Z,2026-07-20T14:30:00+0200,700.705,MW,DK2,DK_2,actual_offshore_wind_generation,Wind Offshore,2026-08-10T16:50:24Z
2026-08-10T16:45:28Z,2026-08-10T18:45:28+0200,f717c518-05ab-43f2-aeab-072d31581934,2026-07-20T12:45:00Z,2026-07-20T14:45:00+0200,617.13,MW,DK2,DK_2,actual_offshore_wind_generation,Wind Offshore,2026-08-10T16:50:24Z
2026-08-10T16:45:28Z,2026-08-10T18:45:28+0200,f717c518-05ab-43f2-aeab-072d31581934,2026-07-20T13:00:00Z,2026-07-20T15:00:00+0200,563.808,MW,DK2,DK_2,actual_offshore_wind_generation,Wind Offshore,2026-08-10T16:50:24Z
2026-08-10T16:45:28Z,2026-08-10T18:45:28+0200,f717c518-05ab-43f2-aeab-072d31581934,2026-07-20T13:15:00Z,2026-07-20T15:15:00+0200,467.855,MW,DK2,DK_2,actual_offshore_wind_generation,Wind Offshore,2026-08-10T16:50:24Z
2026-08-10T16:45:28Z,2026-08-10T18:45:28+0200,f717c518-05ab-43f2-aeab-072d31581934,2026-07-20T13:30:00Z,2026-07-20T15:30:00+0200,436.204,MW,DK2,DK_2,actual_offshore_wind_generation,Wind Offshore,2026-08-10T16:50:24Z
2026-08-10T16:45:28Z,2026-08-10T18:45:28+0200,f717c518-05ab-43f2-aeab-072d31581934,2026-07-20T13:45:00Z,2026-07-20T15:45:00+0200,410.758,MW,DK2,DK_2,actual_offshore_wind_generation,Wind Offshore,2026-08-10T16:50:24Z
2026-08-10T16:45:28Z,2026-08-10T18:45:28+0200,f717c518-05ab-43f2-aeab-072d31581934,2026-07-20T14:00:00Z,2026-07-20T16:00:00+0200,434.106,MW,DK2,DK_2,actual_offshore_wind_generation,Wind Offshore,2026-08-10T16:50:24Z
2026-08-10T16:45:28Z,2026-08-10T18:45:28+0200,f717c518-05ab-43f2-aeab-072d31581934,2026-07-20T14:15:00Z,2026-07-20T16:15:00+0200,472.285,MW,DK2,DK_2,actual_offshore_wind_generation,Wind Offshore,2026-08-10T16:50:24Z
2026-08-10T16:45:28Z,2026-08-10T18:45:28+0200,f717c518-05ab-43f2-aeab-072d31581934,2026-07-20T14:30:00Z,2026-07-20T16:30:00+0200,488.93,MW,DK2,DK_2,actual_offshore_wind_generation,Wind Offshore,2026-08-10T16:50:24Z
2026-08-10T16:45:28Z,2026-08-10T18:45:28+0200,f717c518-05ab-43f2-aeab-072d31581934,2026-07-20T14:45:00Z,2026-07-20T16:45:00+0200,467.399,MW,DK2,DK_2,actual_offshore_wind_generation,Wind Offshore,2026-08-10T16:50:24Z
2026-08-10T16:45:28Z,2026-08-10T18:45:28+0200,f717c518-05ab-43f2-aeab-072d31581934,2026-07-20T15:00:00Z,2026-07-20T17:00:00+0200,441.383,MW,DK2,DK_2,actual_offshore_wind_generation,Wind Offshore,2026-08-10T16:50:24Z
2026-08-10T16:45:28Z,2026-08-10T18:45:28+0200,f717c518-05ab-43f2-aeab-072d31581934,2026-07-20T15:15:00Z,2026-07-20T17:15:00+0200,421.074,MW,DK2,DK_2,actual_offshore_wind_generation,Wind Offshore,2026-08-10T16:50:24Z
2026-08-10T16:45:28Z,2026-08-10T18:45:28+0200,f717c518-05ab-43f2-aeab-072d31581934,2026-07-20T15:30:00Z,2026-07-20T17:30:00+0200,441.711,MW,DK2,DK_2,actual_offshore_wind_generation,Wind Offshore,2026-08-10T16:50:24Z
2026-08-10T16:45:28Z,2026-08-10T18:45:28+0200,f717c518-05ab-43f2-aeab-072d31581934,2026-07-20T15:45:00Z,2026-07-20T17:45:00+0200,458.177,MW,DK2,DK_2,actual_offshore_wind_generation,Wind Offshore,2026-08-10T16:50:24Z
2026-08-10T16:45:28Z,2026-08-10T18:45:28+0200,f717c518-05ab-43f2-aeab-072d31581934,2026-07-20T16:00:00Z,2026-07-20T18:00:00+0200,476.933,MW,DK2,DK_2,actual_offshore_wind_generation,Wind Offshore,2026-08-10T16:50:24Z
2026-08-10T16:45:28Z,2026-08-10T18:45:28+0200,f717c518-05ab-43f2-aeab-072d31581934,2026-07-20T16:15:00Z,2026-07-20T18:15:00+0200,500.962,MW,DK2,DK_2,actual_offshore_wind_generation,Wind Offshore,2026-08-10T16:50:24Z
2026-08-10T16:45:28Z,2026-08-10T18:45:28+0200,f717c518-05ab-43f2-aeab-072d31581934,2026-07-20T16:30:00Z,2026-07-20T18:30:00+0200,499.302,MW,DK2,DK_2,actual_offshore_wind_generation,Wind Offshore,2026-08-10T16:50:24Z
2026-08-10T16:45:28Z,2026-08-10T18:45:28+0200,f717c518-05ab-43f2-aeab-072d31581934,2026-07-20T16:45:00Z,2026-07-20T18:45:00+0200,522.846,MW,DK2,DK_2,actual_offshore_wind_generation,Wind Offshore,2026-08-10T16:50:24Z
2026-08-10T16:45:28Z,2026-08-10T18:45:28+0200,f717c518-05ab-43f2-aeab-072d31581934,2026-07-20T17:00:00Z,2026-07-20T19:00:00+0200,509.964,MW,DK2,DK_2,actual_offshore_wind_generation,Wind Offshore,2026-08-10T16:50:24Z
2026-08-10T16:45:28Z,2026-08-10T18:45:28+0200,f717c518-05ab-43f2-aeab-072d31581934,2026-07-20T17:15:00Z,2026-07-20T19:15:00+0200,490.27,MW,DK2,DK_2,actual_offshore_wind_generation,Wind Offshore,2026-08-10T16:50:24Z
2026-08-10T16:45:28Z,2026-08-10T18:45:28+0200,f717c518-05ab-43f2-aeab-072d31581934,2026-07-20T17:30:00Z,2026-07-20T19:30:00+0200,448.275,MW,DK2,DK_2,actual_offshore_wind_generation,Wind Offshore,2026-08-10T16:50:24Z
2026-08-10T16:45:28Z,2026-08-10T18:45:28+0200,f717c518-05ab-43f2-aeab-072d31581934,2026-07-20T17:45:00Z,2026-07-20T19:45:00+0200,402.742,MW,DK2,DK_2,actual_offshore_wind_generation,Wind Offshore,2026-08-10T16:50:24Z
2026-08-10T16:45:28Z,2026-08-10T18:45:28+0200,f717c518-05ab-43f2-aeab-072d31581934,2026-07-20T18:00:00Z,2026-07-20T20:00:00+0200,377.804,MW,DK2,DK_2,actual_offshore_wind_generation,Wind Offshore,2026-08-10T16:50:24Z
2026-08-10T16:45:28Z,2026-08-10T18:45:28+0200,f717c518-05ab-43f2-aeab-072d31581934,2026-07-20T18:15:00Z,2026-07-20T20:15:00+0200,357.753,MW,DK2,DK_2,actual_offshore_wind_generation,Wind Offshore,2026-08-10T16:50:24Z
2026-08-10T16:45:28Z,2026-08-10T18:45:28+0200,f717c518-05ab-43f2-aeab-072d31581934,2026-07-20T18:30:00Z,2026-07-20T20:30:00+0200,337.749,MW,DK2,DK_2,actual_offshore_wind_generation,Wind Offshore,2026-08-10T16:50:24Z
2026-08-10T16:45:28Z,2026-08-10T18:45:28+0200,f717c518-05ab-43f2-aeab-072d31581934,2026-07-20T18:45:00Z,2026-07-20T20:45:00+0200,331.741,MW,DK2,DK_2,actual_offshore_wind_generation,Wind Offshore,2026-08-10T16:50:24Z
2026-08-10T16:45:28Z,2026-08-10T18:45:28+0200,f717c518-05ab-43f2-aeab-072d31581934,2026-07-20T19:00:00Z,2026-07-20T21:00:00+0200,319.648,MW,DK2,DK_2,actual_offshore_wind_generation,Wind Offshore,2026-08-10T16:50:24Z
2026-08-10T16:45:28Z,2026-08-10T18:45:28+0200,f717c518-05ab-43f2-aeab-072d31581934,2026-07-20T19:15:00Z,2026-07-20T21:15:00+0200,288.919,MW,DK2,DK_2,actual_offshore_wind_generation,Wind Offshore,2026-08-10T16:50:24Z
2026-08-10T16:45:28Z,2026-08-10T18:45:28+0200,f717c518-05ab-43f2-aeab-072d31581934,2026-07-20T19:30:00Z,2026-07-20T21:30:00+0200,293.55,MW,DK2,DK_2,actual_offshore_wind_generation,Wind Offshore,2026-08-10T16:50:24Z
2026-08-10T16:45:28Z,2026-08-10T18:45:28+0200,f717c518-05ab-43f2-aeab-072d31581934,2026-07-20T19:45:00Z,2026-07-20T21:45:00+0200,306.261,MW,DK2,DK_2,actual_offshore_wind_generation,Wind Offshore,2026-08-10T16:50:24Z
2026-08-10T16:45:28Z,2026-08-10T18:45:28+0200,f717c518-05ab-43f2-aeab-072d31581934,2026-07-20T20:00:00Z,2026-07-20T22:00:00+0200,275.749,MW,DK2,DK_2,actual_offshore_wind_generation,Wind Offshore,2026-08-10T16:50:24Z
2026-08-10T16:45:28Z,2026-08-10T18:45:28+0200,f717c518-05ab-43f2-aeab-072d31581934,2026-07-20T20:15:00Z,2026-07-20T22:15:00+0200,258.969,MW,DK2,DK_2,actual_offshore_wind_generation,Wind Offshore,2026-08-10T16:50:24Z
2026-08-10T16:45:28Z,2026-08-10T18:45:28+0200,f717c518-05ab-43f2-aeab-072d31581934,2026-07-20T20:30:00Z,2026-07-20T22:30:00+0200,235.725,MW,DK2,DK_2,actual_offshore_wind_generation,Wind Offshore,2026-08-10T16:50:24Z
2026-08-10T16:45:28Z,2026-08-10T18:45:28+0200,f717c518-05ab-43f2-aeab-072d31581934,2026-07-20T20:45:00Z,2026-07-20T22:45:00+0200,221.782,MW,DK2,DK_2,actual_offshore_wind_generation,Wind Offshore,2026-08-10T16:50:24Z
2026-08-10T16:45:28Z,2026-08-10T18:45:28+0200,f717c518-05ab-43f2-aeab-072d31581934,2026-07-20T21:00:00Z,2026-07-20T23:00:00+0200,201.598,MW,DK2,DK_2,actual_offshore_wind_generation,Wind Offshore,2026-08-10T16:50:24Z
2026-08-10T16:45:28Z,2026-08-10T18:45:28+0200,f717c518-05ab-43f2-aeab-072d31581934,2026-07-20T21:15:00Z,2026-07-20T23:15:00+0200,177.56,MW,DK2,DK_2,actual_offshore_wind_generation,Wind Offshore,2026-08-10T16:50:24Z
2026-08-10T16:45:28Z,2026-08-10T18:45:28+0200,f717c518-05ab-43f2-aeab-072d31581934,2026-07-20T21:30:00Z,2026-07-20T23:30:00+0200,160.495,MW,DK2,DK_2,actual_offshore_wind_generation,Wind Offshore,2026-08-10T16:50:24Z
2026-08-10T16:45:28Z,2026-08-10T18:45:28+0200,f717c518-05ab-43f2-aeab-072d31581934,2026-07-20T21:45:00Z,2026-07-20T23:45:00+0200,151.857,MW,DK2,DK_2,actual_offshore_wind_generation,Wind Offshore,2026-08-10T16:50:24Z
2026-08-10T16:45:28Z,2026-08-10T18:45:28+0200,f717c518-05ab-43f2-aeab-072d31581934,2026-07-20T22:00:00Z,2026-07-21T00:00:00+0200,133.963,MW,DK2,DK_2,actual_offshore_wind_generation,Wind Offshore,2026-08-10T16:50:24Z
2026-08-10T16:45:28Z,2026-08-10T18:45:28+0200,f717c518-05ab-43f2-aeab-072d31581934,2026-07-20T22:15:00Z,2026-07-21T00:15:00+0200,119.601,MW,DK2,DK_2,actual_offshore_wind_generation,Wind Offshore,2026-08-10T16:50:24Z
2026-08-10T16:45:28Z,2026-08-10T18:45:28+0200,f717c518-05ab-43f2-aeab-072d31581934,2026-07-20T22:30:00Z,2026-07-21T00:30:00+0200,123.585,MW,DK2,DK_2,actual_offshore_wind_generation,Wind Offshore,2026-08-10T16:50:24Z
2026-08-10T16:45:28Z,2026-08-10T18:45:28+0200,f717c518-05ab-43f2-aeab-072d31581934,2026-07-20T22:45:00Z,2026-07-21T00:45:00+0200,124.704,MW,DK2,DK_2,actual_offshore_wind_generation,Wind Offshore,2026-08-10T16:50:24Z
2026-08-10T16:45:28Z,2026-08-10T18:45:28+0200,f717c518-05ab-43f2-aeab-072d31581934,2026-07-20T23:00:00Z,2026-07-21T01:00:00+0200,130.394,MW,DK2,DK_2,actual_offshore_wind_generation,Wind Offshore,2026-08-10T16:50:24Z
2026-08-10T16:45:28Z,2026-08-10T18:45:28+0200,f717c518-05ab-43f2-aeab-072d31581934,2026-07-20T23:15:00Z,2026-07-21T01:15:00+0200,129.722,MW,DK2,DK_2,actual_offshore_wind_generation,Wind Offshore,2026-08-10T16:50:24Z
2026-08-10T16:45:28Z,2026-08-10T18:45:28+0200,f717c518-05ab-43f2-aeab-072d31581934,2026-07-20T23:30:00Z,2026-07-21T01:30:00+0200,126.723,MW,DK2,DK_2,actual_offshore_wind_generation,Wind Offshore,2026-08-10T16:50:24Z
2026-08-10T16:45:28Z,2026-08-10T18:45:28+0200,f717c518-05ab-43f2-aeab-072d31581934,2026-07-20T23:45:00Z,2026-07-21T01:45:00+0200,139.166,MW,DK2,DK_2,actual_offshore_wind_generation,Wind Offshore,2026-08-10T16:50:24Z
2026-08-10T16:45:28Z,2026-08-10T18:45:28+0200,f717c518-05ab-43f2-aeab-072d31581934,2026-07-21T00:00:00Z,2026-07-21T02:00:00+0200,154.483,MW,DK2,DK_2,actual_offshore_wind_generation,Wind Offshore,2026-08-10T16:50:24Z
2026-08-10T16:45:28Z,2026-08-10T18:45:28+0200,f717c518-05ab-43f2-aeab-072d31581934,2026-07-21T00:15:00Z,2026-07-21T02:15:00+0200,175.362,MW,DK2,DK_2,actual_offshore_wind_generation,Wind Offshore,2026-08-10T16:50:24Z
2026-08-10T16:45:28Z,2026-08-10T18:45:28+0200,f717c518-05ab-43f2-aeab-072d31581934,2026-07-21T00:30:00Z,2026-07-21T02:30:00+0200,176.569,MW,DK2,DK_2,actual_offshore_wind_generation,Wind Offshore,2026-08-10T16:50:24Z
2026-08-10T16:45:28Z,2026-08-10T18:45:28+0200,f717c518-05ab-43f2-aeab-072d31581934,2026-07-21T00:45:00Z,2026-07-21T02:45:00+0200,188.001,MW,DK2,DK_2,actual_offshore_wind_generation,Wind Offshore,2026-08-10T16:50:24Z
2026-08-10T16:45:28Z,2026-08-10T18:45:28+0200,f717c518-05ab-43f2-aeab-072d31581934,2026-07-21T01:00:00Z,2026-07-21T03:00:00+0200,172.604,MW,DK2,DK_2,actual_offshore_wind_generation,Wind Offshore,2026-08-10T16:50:24Z
2026-08-10T16:45:28Z,2026-08-10T18:45:28+0200,f717c518-05ab-43f2-aeab-072d31581934,2026-07-21T01:15:00Z,2026-07-21T03:15:00+0200,182.086,MW,DK2,DK_2,actual_offshore_wind_generation,Wind Offshore,2026-08-10T16:50:24Z
2026-08-10T16:45:28Z,2026-08-10T18:45:28+0200,f717c518-05ab-43f2-aeab-072d31581934,2026-07-21T01:30:00Z,2026-07-21T03:30:00+0200,206.304,MW,DK2,DK_2,actual_offshore_wind_generation,Wind Offshore,2026-08-10T16:50:24Z
2026-08-10T16:45:28Z,2026-08-10T18:45:28+0200,f717c518-05ab-43f2-aeab-072d31581934,2026-07-21T01:45:00Z,2026-07-21T03:45:00+0200,218.181,MW,DK2,DK_2,actual_offshore_wind_generation,Wind Offshore,2026-08-10T16:50:24Z
2026-08-10T16:45:28Z,2026-08-10T18:45:28+0200,f717c518-05ab-43f2-aeab-072d31581934,2026-07-21T02:00:00Z,2026-07-21T04:00:00+0200,208.517,MW,DK2,DK_2,actual_offshore_wind_generation,Wind Offshore,2026-08-10T16:50:24Z
2026-08-10T16:45:28Z,2026-08-10T18:45:28+0200,f717c518-05ab-43f2-aeab-072d31581934,2026-07-21T02:15:00Z,2026-07-21T04:15:00+0200,201.94,MW,DK2,DK_2,actual_offshore_wind_generation,Wind Offshore,2026-08-10T16:50:24Z
2026-08-10T16:45:28Z,2026-08-10T18:45:28+0200,f717c518-05ab-43f2-aeab-072d31581934,2026-07-21T02:30:00Z,2026-07-21T04:30:00+0200,201.548,MW,DK2,DK_2,actual_offshore_wind_generation,Wind Offshore,2026-08-10T16:50:24Z
2026-08-10T16:45:28Z,2026-08-10T18:45:28+0200,f717c518-05ab-43f2-aeab-072d31581934,2026-07-21T02:45:00Z,2026-07-21T04:45:00+0200,193.708,MW,DK2,DK_2,actual_offshore_wind_generation,Wind Offshore,2026-08-10T16:50:24Z
2026-08-10T16:45:28Z,2026-08-10T18:45:28+0200,f717c518-05ab-43f2-aeab-072d31581934,2026-07-21T03:00:00Z,2026-07-21T05:00:00+0200,173.874,MW,DK2,DK_2,actual_offshore_wind_generation,Wind Offshore,2026-08-10T16:50:24Z
2026-08-10T16:45:28Z,2026-08-10T18:45:28+0200,f717c518-05ab-43f2-aeab-072d31581934,2026-07-21T03:15:00Z,2026-07-21T05:15:00+0200,165.57,MW,DK2,DK_2,actual_offshore_wind_generation,Wind Offshore,2026-08-10T16:50:24Z
2026-08-10T16:45:28Z,2026-08-10T18:45:28+0200,f717c518-05ab-43f2-aeab-072d31581934,2026-07-21T03:30:00Z,2026-07-21T05:30:00+0200,165.442,MW,DK2,DK_2,actual_offshore_wind_generation,Wind Offshore,2026-08-10T16:50:24Z
2026-08-10T16:45:28Z,2026-08-10T18:45:28+0200,f717c518-05ab-43f2-aeab-072d31581934,2026-07-21T03:45:00Z,2026-07-21T05:45:00+0200,161.137,MW,DK2,DK_2,actual_offshore_wind_generation,Wind Offshore,2026-08-10T16:50:24Z
2026-08-10T16:45:28Z,2026-08-10T18:45:28+0200,f717c518-05ab-43f2-aeab-072d31581934,2026-07-21T04:00:00Z,2026-07-21T06:00:00+0200,164.009,MW,DK2,DK_2,actual_offshore_wind_generation,Wind Offshore,2026-08-10T16:50:24Z
2026-08-10T16:45:28Z,2026-08-10T18:45:28+0200,f717c518-05ab-43f2-aeab-072d31581934,2026-07-21T04:15:00Z,2026-07-21T06:15:00+0200,171.16,MW,DK2,DK_2,actual_offshore_wind_generation,Wind Offshore,2026-08-10T16:50:24Z
2026-08-10T16:45:28Z,2026-08-10T18:45:28+0200,f717c518-05ab-43f2-aeab-072d31581934,2026-07-21T04:30:00Z,2026-07-21T06:30:00+0200,191.411,MW,DK2,DK_2,actual_offshore_wind_generation,Wind Offshore,2026-08-10T16:50:24Z
2026-08-10T16:45:28Z,2026-08-10T18:45:28+0200,f717c518-05ab-43f2-aeab-072d31581934,2026-07-21T04:45:00Z,2026-07-21T06:45:00+0200,216.604,MW,DK2,DK_2,actual_offshore_wind_generation,Wind Offshore,2026-08-10T16:50:24Z
2026-08-10T16:45:28Z,2026-08-10T18:45:28+0200,f717c518-05ab-43f2-aeab-072d31581934,2026-07-21T05:00:00Z,2026-07-21T07:00:00+0200,234.869,MW,DK2,DK_2,actual_offshore_wind_generation,Wind Offshore,2026-08-10T16:50:24Z
2026-08-10T16:45:28Z,2026-08-10T18:45:28+0200,f717c518-05ab-43f2-aeab-072d31581934,2026-07-21T05:15:00Z,2026-07-21T07:15:00+0200,252.515,MW,DK2,DK_2,actual_offshore_wind_generation,Wind Offshore,2026-08-10T16:50:24Z
2026-08-10T16:45:28Z,2026-08-10T18:45:28+0200,f717c518-05ab-43f2-aeab-072d31581934,2026-07-21T05:30:00Z,2026-07-21T07:30:00+0200,278.526,MW,DK2,DK_2,actual_offshore_wind_generation,Wind Offshore,2026-08-10T16:50:24Z
2026-08-10T16:45:28Z,2026-08-10T18:45:28+0200,f717c518-05ab-43f2-aeab-072d31581934,2026-07-21T05:45:00Z,2026-07-21T07:45:00+0200,316.151,MW,DK2,DK_2,actual_offshore_wind_generation,Wind Offshore,2026-08-10T16:50:24Z
2026-08-10T16:45:28Z,2026-08-10T18:45:28+0200,f717c518-05ab-43f2-aeab-072d31581934,2026-07-21T06:00:00Z,2026-07-21T08:00:00+0200,350.447,MW,DK2,DK_2,actual_offshore_wind_generation,Wind Offshore,2026-08-10T16:50:24Z
2026-08-10T16:45:28Z,2026-08-10T18:45:28+0200,f717c518-05ab-43f2-aeab-072d31581934,2026-07-21T06:15:00Z,2026-07-21T08:15:00+0200,338.253,MW,DK2,DK_2,actual_offshore_wind_generation,Wind Offshore,2026-08-10T16:50:24Z
2026-08-10T16:45:28Z,2026-08-10T18:45:28+0200,f717c518-05ab-43f2-aeab-072d31581934,2026-07-21T06:30:00Z,2026-07-21T08:30:00+0200,330.766,MW,DK2,DK_2,actual_offshore_wind_generation,Wind Offshore,2026-08-10T16:50:24Z
2026-08-10T16:45:28Z,2026-08-10T18:45:28+0200,f717c518-05ab-43f2-aeab-072d31581934,2026-07-21T06:45:00Z,2026-07-21T08:45:00+0200,331.151,MW,DK2,DK_2,actual_offshore_wind_generation,Wind Offshore,2026-08-10T16:50:24Z
2026-08-10T16:45:28Z,2026-08-10T18:45:28+0200,f717c518-05ab-43f2-aeab-072d31581934,2026-07-21T07:00:00Z,2026-07-21T09:00:00+0200,295.018,MW,DK2,DK_2,actual_offshore_wind_generation,Wind Offshore,2026-08-10T16:50:24Z
2026-08-10T16:45:28Z,2026-08-10T18:45:28+0200,f717c518-05ab-43f2-aeab-072d31581934,2026-07-21T07:15:00Z,2026-07-21T09:15:00+0200,244.17,MW,DK2,DK_2,actual_offshore_wind_generation,Wind Offshore,2026-08-10T16:50:24Z
2026-08-10T16:45:28Z,2026-08-10T18:45:28+0200,f717c518-05ab-43f2-aeab-072d31581934,2026-07-21T07:30:00Z,2026-07-21T09:30:00+0200,222.357,MW,DK2,DK_2,actual_offshore_wind_generation,Wind Offshore,2026-08-10T16:50:24Z
2026-08-10T16:45:28Z,2026-08-10T18:45:28+0200,f717c518-05ab-43f2-aeab-072d31581934,2026-07-21T07:45:00Z,2026-07-21T09:45:00+0200,211.458,MW,DK2,DK_2,actual_offshore_wind_generation,Wind Offshore,2026-08-10T16:50:24Z
2026-08-10T16:45:28Z,2026-08-10T18:45:28+0200,f717c518-05ab-43f2-aeab-072d31581934,2026-07-21T08:00:00Z,2026-07-21T10:00:00+0200,204.67,MW,DK2,DK_2,actual_offshore_wind_generation,Wind Offshore,2026-08-10T16:50:24Z
2026-08-10T16:45:28Z,2026-08-10T18:45:28+0200,f717c518-05ab-43f2-aeab-072d31581934,2026-07-21T08:15:00Z,2026-07-21T10:15:00+0200,192.563,MW,DK2,DK_2,actual_offshore_wind_generation,Wind Offshore,2026-08-10T16:50:24Z
2026-08-10T16:45:28Z,2026-08-10T18:45:28+0200,f717c518-05ab-43f2-aeab-072d31581934,2026-07-21T08:30:00Z,2026-07-21T10:30:00+0200,177.273,MW,DK2,DK_2,actual_offshore_wind_generation,Wind Offshore,2026-08-10T16:50:24Z
2026-08-10T16:45:28Z,2026-08-10T18:45:28+0200,f717c518-05ab-43f2-aeab-072d31581934,2026-07-21T08:45:00Z,2026-07-21T10:45:00+0200,184.566,MW,DK2,DK_2,actual_offshore_wind_generation,Wind Offshore,2026-08-10T16:50:24Z
2026-08-10T16:45:28Z,2026-08-10T18:45:28+0200,f717c518-05ab-43f2-aeab-072d31581934,2026-07-21T09:00:00Z,2026-07-21T11:00:00+0200,186.161,MW,DK2,DK_2,actual_offshore_wind_generation,Wind Offshore,2026-08-10T16:50:24Z
2026-08-10T16:45:28Z,2026-08-10T18:45:28+0200,f717c518-05ab-43f2-aeab-072d31581934,2026-07-21T09:15:00Z,2026-07-21T11:15:00+0200,209.804,MW,DK2,DK_2,actual_offshore_wind_generation,Wind Offshore,2026-08-10T16:50:24Z
2026-08-10T16:45:28Z,2026-08-10T18:45:28+0200,f717c518-05ab-43f2-aeab-072d31581934,2026-07-21T09:30:00Z,2026-07-21T11:30:00+0200,223.714,MW,DK2,DK_2,actual_offshore_wind_generation,Wind Offshore,2026-08-10T16:50:24Z
2026-08-10T16:45:28Z,2026-08-10T18:45:28+0200,f717c518-05ab-43f2-aeab-072d31581934,2026-07-21T09:45:00Z,2026-07-21T11:45:00+0200,228.227,MW,DK2,DK_2,actual_offshore_wind_generation,Wind Offshore,2026-08-10T16:50:24Z
2026-08-10T16:45:28Z,2026-08-10T18:45:28+0200,f717c518-05ab-43f2-aeab-072d31581934,2026-07-21T10:00:00Z,2026-07-21T12:00:00+0200,213.995,MW,DK2,DK_2,actual_offshore_wind_generation,Wind Offshore,2026-08-10T16:50:24Z
2026-08-10T16:45:28Z,2026-08-10T18:45:28+0200,f717c518-05ab-43f2-aeab-072d31581934,2026-07-21T10:15:00Z,2026-07-21T12:15:00+0200,224.74,MW,DK2,DK_2,actual_offshore_wind_generation,Wind Offshore,2026-08-10T16:50:24Z
2026-08-10T16:45:28Z,2026-08-10T18:45:28+0200,f717c518-05ab-43f2-aeab-072d31581934,2026-07-21T10:30:00Z,2026-07-21T12:30:00+0200,221.294,MW,DK2,DK_2,actual_offshore_wind_generation,Wind Offshore,2026-08-10T16:50:24Z
2026-08-10T16:45:28Z,2026-08-10T18:45:28+0200,f717c518-05ab-43f2-aeab-072d31581934,2026-07-21T10:45:00Z,2026-07-21T12:45:00+0200,221.387,MW,DK2,DK_2,actual_offshore_wind_generation,Wind Offshore,2026-08-10T16:50:24Z
2026-08-10T16:45:28Z,2026-08-10T18:45:28+0200,f717c518-05ab-43f2-aeab-072d31581934,2026-07-21T11:00:00Z,2026-07-21T13:00:00+0200,237.537,MW,DK2,DK_2,actual_offshore_wind_generation,Wind Offshore,2026-08-10T16:50:24Z
2026-08-10T16:45:28Z,2026-08-10T18:45:28+0200,f717c518-05ab-43f2-aeab-072d31581934,2026-07-21T11:15:00Z,2026-07-21T13:15:00+0200,247.926,MW,DK2,DK_2,actual_offshore_wind_generation,Wind Offshore,2026-08-10T16:50:24Z
2026-08-10T16:45:28Z,2026-08-10T18:45:28+0200,f717c518-05ab-43f2-aeab-072d31581934,2026-07-21T11:30:00Z,2026-07-21T13:30:00+0200,233.708,MW,DK2,DK_2,actual_offshore_wind_generation,Wind Offshore,2026-08-10T16:50:24Z
2026-08-10T16:45:28Z,2026-08-10T18:45:28+0200,f717c518-05ab-43f2-aeab-072d31581934,2026-07-21T11:45:00Z,2026-07-21T13:45:00+0200,219.66,MW,DK2,DK_2,actual_offshore_wind_generation,Wind Offshore,2026-08-10T16:50:24Z
2026-08-10T16:45:28Z,2026-08-10T18:45:28+0200,f717c518-05ab-43f2-aeab-072d31581934,2026-07-21T12:00:00Z,2026-07-21T14:00:00+0200,205.419,MW,DK2,DK_2,actual_offshore_wind_generation,Wind Offshore,2026-08-10T16:50:24Z
2026-08-10T16:45:28Z,2026-08-10T18:45:28+0200,f717c518-05ab-43f2-aeab-072d31581934,2026-07-21T12:15:00Z,2026-07-21T14:15:00+0200,197.287,MW,DK2,DK_2,actual_offshore_wind_generation,Wind Offshore,2026-08-10T16:50:24Z
2026-08-10T16:45:28Z,2026-08-10T18:45:28+0200,f717c518-05ab-43f2-aeab-072d31581934,2026-07-21T12:30:00Z,2026-07-21T14:30:00+0200,179.004,MW,DK2,DK_2,actual_offshore_wind_generation,Wind Offshore,2026-08-10T16:50:24Z
2026-08-10T16:45:28Z,2026-08-10T18:45:28+0200,f717c518-05ab-43f2-aeab-072d31581934,2026-07-21T12:45:00Z,2026-07-21T14:45:00+0200,162.656,MW,DK2,DK_2,actual_offshore_wind_generation,Wind Offshore,2026-08-10T16:50:24Z
2026-08-10T16:45:28Z,2026-08-10T18:45:28+0200,f717c518-05ab-43f2-aeab-072d31581934,2026-07-21T13:00:00Z,2026-07-21T15:00:00+0200,163.42,MW,DK2,DK_2,actual_offshore_wind_generation,Wind Offshore,2026-08-10T16:50:24Z
2026-08-10T16:45:28Z,2026-08-10T18:45:28+0200,f717c518-05ab-43f2-aeab-072d31581934,2026-07-21T13:15:00Z,2026-07-21T15:15:00+0200,158.539,MW,DK2,DK_2,actual_offshore_wind_generation,Wind Offshore,2026-08-10T16:50:24Z
2026-08-10T16:45:28Z,2026-08-10T18:45:28+0200,f717c518-05ab-43f2-aeab-072d31581934,2026-07-21T13:30:00Z,2026-07-21T15:30:00+0200,158.639,MW,DK2,DK_2,actual_offshore_wind_generation,Wind Offshore,2026-08-10T16:50:24Z
2026-08-10T16:45:28Z,2026-08-10T18:45:28+0200,f717c518-05ab-43f2-aeab-072d31581934,2026-07-21T13:45:00Z,2026-07-21T15:45:00+0200,162.533,MW,DK2,DK_2,actual_offshore_wind_generation,Wind Offshore,2026-08-10T16:50:24Z
2026-08-10T16:45:28Z,2026-08-10T18:45:28+0200,f717c518-05ab-43f2-aeab-072d31581934,2026-07-21T14:00:00Z,2026-07-21T16:00:00+0200,214.846,MW,DK2,DK_2,actual_offshore_wind_generation,Wind Offshore,2026-08-10T16:50:24Z
2026-08-10T16:45:28Z,2026-08-10T18:45:28+0200,f717c518-05ab-43f2-aeab-072d31581934,2026-07-21T14:15:00Z,2026-07-21T16:15:00+0200,216.472,MW,DK2,DK_2,actual_offshore_wind_generation,Wind Offshore,2026-08-10T16:50:24Z
2026-08-10T16:45:28Z,2026-08-10T18:45:28+0200,f717c518-05ab-43f2-aeab-072d31581934,2026-07-21T14:30:00Z,2026-07-21T16:30:00+0200,199.987,MW,DK2,DK_2,actual_offshore_wind_generation,Wind Offshore,2026-08-10T16:50:24Z
2026-08-10T16:45:28Z,2026-08-10T18:45:28+0200,f717c518-05ab-43f2-aeab-072d31581934,2026-07-21T14:45:00Z,2026-07-21T16:45:00+0200,169.639,MW,DK2,DK_2,actual_offshore_wind_generation,Wind Offshore,2026-08-10T16:50:24Z
2026-08-10T16:45:28Z,2026-08-10T18:45:28+0200,f717c518-05ab-43f2-aeab-072d31581934,2026-07-21T15:00:00Z,2026-07-21T17:00:00+0200,141.915,MW,DK2,DK_2,actual_offshore_wind_generation,Wind Offshore,2026-08-10T16:50:24Z
2026-08-10T16:45:28Z,2026-08-10T18:45:28+0200,f717c518-05ab-43f2-aeab-072d31581934,2026-07-21T15:15:00Z,2026-07-21T17:15:00+0200,116.298,MW,DK2,DK_2,actual_offshore_wind_generation,Wind Offshore,2026-08-10T16:50:24Z
2026-08-10T16:45:28Z,2026-08-10T18:45:28+0200,f717c518-05ab-43f2-aeab-072d31581934,2026-07-21T15:30:00Z,2026-07-21T17:30:00+0200,101.623,MW,DK2,DK_2,actual_offshore_wind_generation,Wind Offshore,2026-08-10T16:50:24Z
2026-08-10T16:45:28Z,2026-08-10T18:45:28+0200,f717c518-05ab-43f2-aeab-072d31581934,2026-07-21T15:45:00Z,2026-07-21T17:45:00+0200,80.733,MW,DK2,DK_2,actual_offshore_wind_generation,Wind Offshore,2026-08-10T16:50:24Z
2026-08-10T16:45:28Z,2026-08-10T18:45:28+0200,f717c518-05ab-43f2-aeab-072d31581934,2026-07-21T16:00:00Z,2026-07-21T18:00:00+0200,64.2743,MW,DK2,DK_2,actual_offshore_wind_generation,Wind Offshore,2026-08-10T16:50:24Z
2026-08-10T16:45:28Z,2026-08-10T18:45:28+0200,f717c518-05ab-43f2-aeab-072d31581934,2026-07-21T16:15:00Z,2026-07-21T18:15:00+0200,59.6785,MW,DK2,DK_2,actual_offshore_wind_generation,Wind Offshore,2026-08-10T16:50:24Z
2026-08-10T16:45:28Z,2026-08-10T18:45:28+0200,f717c518-05ab-43f2-aeab-072d31581934,2026-07-21T16:30:00Z,2026-07-21T18:30:00+0200,57.5847,MW,DK2,DK_2,actual_offshore_wind_generation,Wind Offshore,2026-08-10T16:50:24Z
2026-08-10T16:45:28Z,2026-08-10T18:45:28+0200,f717c518-05ab-43f2-aeab-072d31581934,2026-07-21T16:45:00Z,2026-07-21T18:45:00+0200,66.617,MW,DK2,DK_2,actual_offshore_wind_generation,Wind Offshore,2026-08-10T16:50:24Z
2026-08-10T16:45:28Z,2026-08-10T18:45:28+0200,f717c518-05ab-43f2-aeab-072d31581934,2026-07-21T17:00:00Z,2026-07-21T19:00:00+0200,89.3874,MW,DK2,DK_2,actual_offshore_wind_generation,Wind Offshore,2026-08-10T16:50:24Z
2026-08-10T16:45:28Z,2026-08-10T18:45:28+0200,f717c518-05ab-43f2-aeab-072d31581934,2026-07-21T17:15:00Z,2026-07-21T19:15:00+0200,122.658,MW,DK2,DK_2,actual_offshore_wind_generation,Wind Offshore,2026-08-10T16:50:24Z
2026-08-10T16:45:28Z,2026-08-10T18:45:28+0200,f717c518-05ab-43f2-aeab-072d31581934,2026-07-21T17:30:00Z,2026-07-21T19:30:00+0200,156.871,MW,DK2,DK_2,actual_offshore_wind_generation,Wind Offshore,2026-08-10T16:50:24Z
2026-08-10T16:45:28Z,2026-08-10T18:45:28+0200,f717c518-05ab-43f2-aeab-072d31581934,2026-07-21T17:45:00Z,2026-07-21T19:45:00+0200,178.544,MW,DK2,DK_2,actual_offshore_wind_generation,Wind Offshore,2026-08-10T16:50:24Z
2026-08-10T16:45:28Z,2026-08-10T18:45:28+0200,f717c518-05ab-43f2-aeab-072d31581934,2026-07-21T18:00:00Z,2026-07-21T20:00:00+0200,232.674,MW,DK2,DK_2,actual_offshore_wind_generation,Wind Offshore,2026-08-10T16:50:24Z
2026-08-10T16:45:28Z,2026-08-10T18:45:28+0200,f717c518-05ab-43f2-aeab-072d31581934,2026-07-21T18:15:00Z,2026-07-21T20:15:00+0200,274.391,MW,DK2,DK_2,actual_offshore_wind_generation,Wind Offshore,2026-08-10T16:50:24Z
2026-08-10T16:45:28Z,2026-08-10T18:45:28+0200,f717c518-05ab-43f2-aeab-072d31581934,2026-07-21T18:30:00Z,2026-07-21T20:30:00+0200,341.484,MW,DK2,DK_2,actual_offshore_wind_generation,Wind Offshore,2026-08-10T16:50:24Z
2026-08-10T16:45:28Z,2026-08-10T18:45:28+0200,f717c518-05ab-43f2-aeab-072d31581934,2026-07-21T18:45:00Z,2026-07-21T20:45:00+0200,395.619,MW,DK2,DK_2,actual_offshore_wind_generation,Wind Offshore,2026-08-10T16:50:24Z
2026-08-10T16:45:28Z,2026-08-10T18:45:28+0200,f717c518-05ab-43f2-aeab-072d31581934,2026-07-21T19:00:00Z,2026-07-21T21:00:00+0200,433.917,MW,DK2,DK_2,actual_offshore_wind_generation,Wind Offshore,2026-08-10T16:50:24Z
2026-08-10T16:45:28Z,2026-08-10T18:45:28+0200,f717c518-05ab-43f2-aeab-072d31581934,2026-07-21T19:15:00Z,2026-07-21T21:15:00+0200,464.387,MW,DK2,DK_2,actual_offshore_wind_generation,Wind Offshore,2026-08-10T16:50:24Z
2026-08-10T16:45:28Z,2026-08-10T18:45:28+0200,f717c518-05ab-43f2-aeab-072d31581934,2026-07-21T19:30:00Z,2026-07-21T21:30:00+0200,510.256,MW,DK2,DK_2,actual_offshore_wind_generation,Wind Offshore,2026-08-10T16:50:24Z
2026-08-10T16:45:28Z,2026-08-10T18:45:28+0200,f717c518-05ab-43f2-aeab-072d31581934,2026-07-21T19:45:00Z,2026-07-21T21:45:00+0200,592.669,MW,DK2,DK_2,actual_offshore_wind_generation,Wind Offshore,2026-08-10T16:50:24Z
2026-08-10T16:45:28Z,2026-08-10T18:45:28+0200,f717c518-05ab-43f2-aeab-072d31581934,2026-07-21T20:00:00Z,2026-07-21T22:00:00+0200,650.36,MW,DK2,DK_2,actual_offshore_wind_generation,Wind Offshore,2026-08-10T16:50:24Z
2026-08-10T16:45:28Z,2026-08-10T18:45:28+0200,f717c518-05ab-43f2-aeab-072d31581934,2026-07-21T20:15:00Z,2026-07-21T22:15:00+0200,673.461,MW,DK2,DK_2,actual_offshore_wind_generation,Wind Offshore,2026-08-10T16:50:24Z
2026-08-10T16:45:28Z,2026-08-10T18:45:28+0200,f717c518-05ab-43f2-aeab-072d31581934,2026-07-21T20:30:00Z,2026-07-21T22:30:00+0200,768.856,MW,DK2,DK_2,actual_offshore_wind_generation,Wind Offshore,2026-08-10T16:50:24Z
2026-08-10T16:45:28Z,2026-08-10T18:45:28+0200,f717c518-05ab-43f2-aeab-072d31581934,2026-07-21T20:45:00Z,2026-07-21T22:45:00+0200,771.51,MW,DK2,DK_2,actual_offshore_wind_generation,Wind Offshore,2026-08-10T16:50:24Z
2026-08-10T16:45:28Z,2026-08-10T18:45:28+0200,f717c518-05ab-43f2-aeab-072d31581934,2026-07-21T21:00:00Z,2026-07-21T23:00:00+0200,740.01,MW,DK2,DK_2,actual_offshore_wind_generation,Wind Offshore,2026-08-10T16:50:24Z
2026-08-10T16:45:28Z,2026-08-10T18:45:28+0200,f717c518-05ab-43f2-aeab-072d31581934,2026-07-21T21:15:00Z,2026-07-21T23:15:00+0200,651.778,MW,DK2,DK_2,actual_offshore_wind_generation,Wind Offshore,2026-08-10T16:50:24Z
2026-08-10T16:45:28Z,2026-08-10T18:45:28+0200,f717c518-05ab-43f2-aeab-072d31581934,2026-07-21T21:30:00Z,2026-07-21T23:30:00+0200,647.454,MW,DK2,DK_2,actual_offshore_wind_generation,Wind Offshore,2026-08-10T16:50:24Z
2026-08-10T16:45:28Z,2026-08-10T18:45:28+0200,f717c518-05ab-43f2-aeab-072d31581934,2026-07-21T21:45:00Z,2026-07-21T23:45:00+0200,720.153,MW,DK2,DK_2,actual_offshore_wind_generation,Wind Offshore,2026-08-10T16:50:24Z
2026-08-10T16:45:28Z,2026-08-10T18:45:28+0200,f717c518-05ab-43f2-aeab-072d31581934,2026-07-21T22:00:00Z,2026-07-22T00:00:00+0200,703.17,MW,DK2,DK_2,actual_offshore_wind_generation,Wind Offshore,2026-08-10T16:50:24Z
2026-08-10T16:45:28Z,2026-08-10T18:45:28+0200,f717c518-05ab-43f2-aeab-072d31581934,2026-07-21T22:15:00Z,2026-07-22T00:15:00+0200,689.133,MW,DK2,DK_2,actual_offshore_wind_generation,Wind Offshore,2026-08-10T16:50:24Z
2026-08-10T16:45:28Z,2026-08-10T18:45:28+0200,f717c518-05ab-43f2-aeab-072d31581934,2026-07-21T22:30:00Z,2026-07-22T00:30:00+0200,675.604,MW,DK2,DK_2,actual_offshore_wind_generation,Wind Offshore,2026-08-10T16:50:24Z
2026-08-10T16:45:28Z,2026-08-10T18:45:28+0200,f717c518-05ab-43f2-aeab-072d31581934,2026-07-21T22:45:00Z,2026-07-22T00:45:00+0200,665.913,MW,DK2,DK_2,actual_offshore_wind_generation,Wind Offshore,2026-08-10T16:50:24Z
2026-08-10T16:45:28Z,2026-08-10T18:45:28+0200,f717c518-05ab-43f2-aeab-072d31581934,2026-07-21T23:00:00Z,2026-07-22T01:00:00+0200,636.178,MW,DK2,DK_2,actual_offshore_wind_generation,Wind Offshore,2026-08-10T16:50:24Z
2026-08-10T16:45:28Z,2026-08-10T18:45:28+0200,f717c518-05ab-43f2-aeab-072d31581934,2026-07-21T23:15:00Z,2026-07-22T01:15:00+0200,598.289,MW,DK2,DK_2,actual_offshore_wind_generation,Wind Offshore,2026-08-10T16:50:24Z
2026-08-10T16:45:28Z,2026-08-10T18:45:28+0200,f717c518-05ab-43f2-aeab-072d31581934,2026-07-21T23:30:00Z,2026-07-22T01:30:00+0200,586.979,MW,DK2,DK_2,actual_offshore_wind_generation,Wind Offshore,2026-08-10T16:50:24Z
2026-08-10T16:45:28Z,2026-08-10T18:45:28+0200,f717c518-05ab-43f2-aeab-072d31581934,2026-07-21T23:45:00Z,2026-07-22T01:45:00+0200,542.617,MW,DK2,DK_2,actual_offshore_wind_generation,Wind Offshore,2026-08-10T16:50:24Z
2026-08-10T16:45:28Z,2026-08-10T18:45:28+0200,f717c518-05ab-43f2-aeab-072d31581934,2026-07-22T00:00:00Z,2026-07-22T02:00:00+0200,492.626,MW,DK2,DK_2,actual_offshore_wind_generation,Wind Offshore,2026-08-10T16:50:24Z
2026-08-10T16:45:28Z,2026-08-10T18:45:28+0200,f717c518-05ab-43f2-aeab-072d31581934,2026-07-22T00:15:00Z,2026-07-22T02:15:00+0200,451.591,MW,DK2,DK_2,actual_offshore_wind_generation,Wind Offshore,2026-08-10T16:50:24Z
2026-08-10T16:45:28Z,2026-08-10T18:45:28+0200,f717c518-05ab-43f2-aeab-072d31581934,2026-07-22T00:30:00Z,2026-07-22T02:30:00+0200,467.202,MW,DK2,DK_2,actual_offshore_wind_generation,Wind Offshore,2026-08-10T16:50:24Z
2026-08-10T16:45:28Z,2026-08-10T18:45:28+0200,f717c518-05ab-43f2-aeab-072d31581934,2026-07-22T00:45:00Z,2026-07-22T02:45:00+0200,454.246,MW,DK2,DK_2,actual_offshore_wind_generation,Wind Offshore,2026-08-10T16:50:24Z
2026-08-10T16:45:28Z,2026-08-10T18:45:28+0200,f717c518-05ab-43f2-aeab-072d31581934,2026-07-22T01:00:00Z,2026-07-22T03:00:00+0200,457.904,MW,DK2,DK_2,actual_offshore_wind_generation,Wind Offshore,2026-08-10T16:50:24Z
2026-08-10T16:45:28Z,2026-08-10T18:45:28+0200,f717c518-05ab-43f2-aeab-072d31581934,2026-07-22T01:15:00Z,2026-07-22T03:15:00+0200,502.894,MW,DK2,DK_2,actual_offshore_wind_generation,Wind Offshore,2026-08-10T16:50:24Z
2026-08-10T16:45:28Z,2026-08-10T18:45:28+0200,f717c518-05ab-43f2-aeab-072d31581934,2026-07-22T01:30:00Z,2026-07-22T03:30:00+0200,464.092,MW,DK2,DK_2,actual_offshore_wind_generation,Wind Offshore,2026-08-10T16:50:24Z
2026-08-10T16:45:28Z,2026-08-10T18:45:28+0200,f717c518-05ab-43f2-aeab-072d31581934,2026-07-22T01:45:00Z,2026-07-22T03:45:00+0200,420.043,MW,DK2,DK_2,actual_offshore_wind_generation,Wind Offshore,2026-08-10T16:50:24Z
2026-08-10T16:45:28Z,2026-08-10T18:45:28+0200,f717c518-05ab-43f2-aeab-072d31581934,2026-07-22T02:00:00Z,2026-07-22T04:00:00+0200,369.022,MW,DK2,DK_2,actual_offshore_wind_generation,Wind Offshore,2026-08-10T16:50:24Z
2026-08-10T16:45:28Z,2026-08-10T18:45:28+0200,f717c518-05ab-43f2-aeab-072d31581934,2026-07-22T02:15:00Z,2026-07-22T04:15:00+0200,352.102,MW,DK2,DK_2,actual_offshore_wind_generation,Wind Offshore,2026-08-10T16:50:24Z
2026-08-10T16:45:28Z,2026-08-10T18:45:28+0200,f717c518-05ab-43f2-aeab-072d31581934,2026-07-22T02:30:00Z,2026-07-22T04:30:00+0200,344.376,MW,DK2,DK_2,actual_offshore_wind_generation,Wind Offshore,2026-08-10T16:50:24Z
2026-08-10T16:45:28Z,2026-08-10T18:45:28+0200,f717c518-05ab-43f2-aeab-072d31581934,2026-07-22T02:45:00Z,2026-07-22T04:45:00+0200,363.464,MW,DK2,DK_2,actual_offshore_wind_generation,Wind Offshore,2026-08-10T16:50:24Z
2026-08-10T16:45:28Z,2026-08-10T18:45:28+0200,f717c518-05ab-43f2-aeab-072d31581934,2026-07-22T03:00:00Z,2026-07-22T05:00:00+0200,392.542,MW,DK2,DK_2,actual_offshore_wind_generation,Wind Offshore,2026-08-10T16:50:24Z
2026-08-10T16:45:28Z,2026-08-10T18:45:28+0200,f717c518-05ab-43f2-aeab-072d31581934,2026-07-22T03:15:00Z,2026-07-22T05:15:00+0200,438.799,MW,DK2,DK_2,actual_offshore_wind_generation,Wind Offshore,2026-08-10T16:50:24Z
2026-08-10T16:45:28Z,2026-08-10T18:45:28+0200,f717c518-05ab-43f2-aeab-072d31581934,2026-07-22T03:30:00Z,2026-07-22T05:30:00+0200,487.908,MW,DK2,DK_2,actual_offshore_wind_generation,Wind Offshore,2026-08-10T16:50:24Z
2026-08-10T16:45:28Z,2026-08-10T18:45:28+0200,f717c518-05ab-43f2-aeab-072d31581934,2026-07-22T03:45:00Z,2026-07-22T05:45:00+0200,506.635,MW,DK2,DK_2,actual_offshore_wind_generation,Wind Offshore,2026-08-10T16:50:24Z
2026-08-10T16:45:28Z,2026-08-10T18:45:28+0200,f717c518-05ab-43f2-aeab-072d31581934,2026-07-22T04:00:00Z,2026-07-22T06:00:00+0200,505.672,MW,DK2,DK_2,actual_offshore_wind_generation,Wind Offshore,2026-08-10T16:50:24Z
2026-08-10T16:45:28Z,2026-08-10T18:45:28+0200,f717c518-05ab-43f2-aeab-072d31581934,2026-07-22T04:15:00Z,2026-07-22T06:15:00+0200,515.163,MW,DK2,DK_2,actual_offshore_wind_generation,Wind Offshore,2026-08-10T16:50:24Z
2026-08-10T16:45:28Z,2026-08-10T18:45:28+0200,f717c518-05ab-43f2-aeab-072d31581934,2026-07-22T04:30:00Z,2026-07-22T06:30:00+0200,522.635,MW,DK2,DK_2,actual_offshore_wind_generation,Wind Offshore,2026-08-10T16:50:24Z
2026-08-10T16:45:28Z,2026-08-10T18:45:28+0200,f717c518-05ab-43f2-aeab-072d31581934,2026-07-22T04:45:00Z,2026-07-22T06:45:00+0200,496.763,MW,DK2,DK_2,actual_offshore_wind_generation,Wind Offshore,2026-08-10T16:50:24Z
2026-08-10T16:45:28Z,2026-08-10T18:45:28+0200,f717c518-05ab-43f2-aeab-072d31581934,2026-07-22T05:00:00Z,2026-07-22T07:00:00+0200,479.374,MW,DK2,DK_2,actual_offshore_wind_generation,Wind Offshore,2026-08-10T16:50:24Z
2026-08-10T16:45:28Z,2026-08-10T18:45:28+0200,f717c518-05ab-43f2-aeab-072d31581934,2026-07-22T05:15:00Z,2026-07-22T07:15:00+0200,476.424,MW,DK2,DK_2,actual_offshore_wind_generation,Wind Offshore,2026-08-10T16:50:24Z
2026-08-10T16:45:28Z,2026-08-10T18:45:28+0200,f717c518-05ab-43f2-aeab-072d31581934,2026-07-22T05:30:00Z,2026-07-22T07:30:00+0200,483.373,MW,DK2,DK_2,actual_offshore_wind_generation,Wind Offshore,2026-08-10T16:50:24Z
2026-08-10T16:45:28Z,2026-08-10T18:45:28+0200,f717c518-05ab-43f2-aeab-072d31581934,2026-07-22T05:45:00Z,2026-07-22T07:45:00+0200,483.651,MW,DK2,DK_2,actual_offshore_wind_generation,Wind Offshore,2026-08-10T16:50:24Z
2026-08-10T16:45:28Z,2026-08-10T18:45:28+0200,f717c518-05ab-43f2-aeab-072d31581934,2026-07-22T06:00:00Z,2026-07-22T08:00:00+0200,423.947,MW,DK2,DK_2,actual_offshore_wind_generation,Wind Offshore,2026-08-10T16:50:24Z
2026-08-10T16:45:28Z,2026-08-10T18:45:28+0200,f717c518-05ab-43f2-aeab-072d31581934,2026-07-22T06:15:00Z,2026-07-22T08:15:00+0200,429.833,MW,DK2,DK_2,actual_offshore_wind_generation,Wind Offshore,2026-08-10T16:50:24Z
2026-08-10T16:45:28Z,2026-08-10T18:45:28+0200,f717c518-05ab-43f2-aeab-072d31581934,2026-07-22T06:30:00Z,2026-07-22T08:30:00+0200,422.624,MW,DK2,DK_2,actual_offshore_wind_generation,Wind Offshore,2026-08-10T16:50:24Z
2026-08-10T16:45:28Z,2026-08-10T18:45:28+0200,f717c518-05ab-43f2-aeab-072d31581934,2026-07-22T06:45:00Z,2026-07-22T08:45:00+0200,421.61,MW,DK2,DK_2,actual_offshore_wind_generation,Wind Offshore,2026-08-10T16:50:24Z
2026-08-10T16:45:28Z,2026-08-10T18:45:28+0200,f717c518-05ab-43f2-aeab-072d31581934,2026-07-22T07:00:00Z,2026-07-22T09:00:00+0200,423.904,MW,DK2,DK_2,actual_offshore_wind_generation,Wind Offshore,2026-08-10T16:50:24Z
2026-08-10T16:45:28Z,2026-08-10T18:45:28+0200,f717c518-05ab-43f2-aeab-072d31581934,2026-07-22T07:15:00Z,2026-07-22T09:15:00+0200,436.468,MW,DK2,DK_2,actual_offshore_wind_generation,Wind Offshore,2026-08-10T16:50:24Z
2026-08-10T16:45:28Z,2026-08-10T18:45:28+0200,f717c518-05ab-43f2-aeab-072d31581934,2026-07-22T07:30:00Z,2026-07-22T09:30:00+0200,482.962,MW,DK2,DK_2,actual_offshore_wind_generation,Wind Offshore,2026-08-10T16:50:24Z
2026-08-10T16:45:28Z,2026-08-10T18:45:28+0200,f717c518-05ab-43f2-aeab-072d31581934,2026-07-22T07:45:00Z,2026-07-22T09:45:00+0200,472.681,MW,DK2,DK_2,actual_offshore_wind_generation,Wind Offshore,2026-08-10T16:50:24Z
2026-08-10T16:45:28Z,2026-08-10T18:45:28+0200,f717c518-05ab-43f2-aeab-072d31581934,2026-07-22T08:00:00Z,2026-07-22T10:00:00+0200,463.777,MW,DK2,DK_2,actual_offshore_wind_generation,Wind Offshore,2026-08-10T16:50:24Z
2026-08-10T16:45:28Z,2026-08-10T18:45:28+0200,f717c518-05ab-43f2-aeab-072d31581934,2026-07-22T08:15:00Z,2026-07-22T10:15:00+0200,460.946,MW,DK2,DK_2,actual_offshore_wind_generation,Wind Offshore,2026-08-10T16:50:24Z
2026-08-10T16:45:28Z,2026-08-10T18:45:28+0200,f717c518-05ab-43f2-aeab-072d31581934,2026-07-22T08:30:00Z,2026-07-22T10:30:00+0200,502.707,MW,DK2,DK_2,actual_offshore_wind_generation,Wind Offshore,2026-08-10T16:50:24Z
2026-08-10T16:45:28Z,2026-08-10T18:45:28+0200,f717c518-05ab-43f2-aeab-072d31581934,2026-07-22T08:45:00Z,2026-07-22T10:45:00+0200,496.607,MW,DK2,DK_2,actual_offshore_wind_generation,Wind Offshore,2026-08-10T16:50:24Z
2026-08-10T16:45:28Z,2026-08-10T18:45:28+0200,f717c518-05ab-43f2-aeab-072d31581934,2026-07-22T09:00:00Z,2026-07-22T11:00:00+0200,418.965,MW,DK2,DK_2,actual_offshore_wind_generation,Wind Offshore,2026-08-10T16:50:24Z
2026-08-10T16:45:28Z,2026-08-10T18:45:28+0200,f717c518-05ab-43f2-aeab-072d31581934,2026-07-22T09:15:00Z,2026-07-22T11:15:00+0200,375.688,MW,DK2,DK_2,actual_offshore_wind_generation,Wind Offshore,2026-08-10T16:50:24Z
2026-08-10T16:45:28Z,2026-08-10T18:45:28+0200,f717c518-05ab-43f2-aeab-072d31581934,2026-07-22T09:30:00Z,2026-07-22T11:30:00+0200,369.565,MW,DK2,DK_2,actual_offshore_wind_generation,Wind Offshore,2026-08-10T16:50:24Z
2026-08-10T16:45:28Z,2026-08-10T18:45:28+0200,f717c518-05ab-43f2-aeab-072d31581934,2026-07-22T09:45:00Z,2026-07-22T11:45:00+0200,428.003,MW,DK2,DK_2,actual_offshore_wind_generation,Wind Offshore,2026-08-10T16:50:24Z
2026-08-10T16:45:28Z,2026-08-10T18:45:28+0200,f717c518-05ab-43f2-aeab-072d31581934,2026-07-22T10:00:00Z,2026-07-22T12:00:00+0200,461.225,MW,DK2,DK_2,actual_offshore_wind_generation,Wind Offshore,2026-08-10T16:50:24Z
2026-08-10T16:45:28Z,2026-08-10T18:45:28+0200,f717c518-05ab-43f2-aeab-072d31581934,2026-07-22T10:15:00Z,2026-07-22T12:15:00+0200,482.403,MW,DK2,DK_2,actual_offshore_wind_generation,Wind Offshore,2026-08-10T16:50:24Z
2026-08-10T16:45:28Z,2026-08-10T18:45:28+0200,f717c518-05ab-43f2-aeab-072d31581934,2026-07-22T10:30:00Z,2026-07-22T12:30:00+0200,441.632,MW,DK2,DK_2,actual_offshore_wind_generation,Wind Offshore,2026-08-10T16:50:24Z
2026-08-10T16:45:28Z,2026-08-10T18:45:28+0200,f717c518-05ab-43f2-aeab-072d31581934,2026-07-22T10:45:00Z,2026-07-22T12:45:00+0200,438.323,MW,DK2,DK_2,actual_offshore_wind_generation,Wind Offshore,2026-08-10T16:50:24Z
2026-08-10T16:45:28Z,2026-08-10T18:45:28+0200,f717c518-05ab-43f2-aeab-072d31581934,2026-07-22T11:00:00Z,2026-07-22T13:00:00+0200,451.529,MW,DK2,DK_2,actual_offshore_wind_generation,Wind Offshore,2026-08-10T16:50:24Z
2026-08-10T16:45:28Z,2026-08-10T18:45:28+0200,f717c518-05ab-43f2-aeab-072d31581934,2026-07-22T11:15:00Z,2026-07-22T13:15:00+0200,434.008,MW,DK2,DK_2,actual_offshore_wind_generation,Wind Offshore,2026-08-10T16:50:24Z
2026-08-10T16:45:28Z,2026-08-10T18:45:28+0200,f717c518-05ab-43f2-aeab-072d31581934,2026-07-22T11:30:00Z,2026-07-22T13:30:00+0200,410.816,MW,DK2,DK_2,actual_offshore_wind_generation,Wind Offshore,2026-08-10T16:50:24Z
2026-08-10T16:45:28Z,2026-08-10T18:45:28+0200,f717c518-05ab-43f2-aeab-072d31581934,2026-07-22T11:45:00Z,2026-07-22T13:45:00+0200,391.899,MW,DK2,DK_2,actual_offshore_wind_generation,Wind Offshore,2026-08-10T16:50:24Z
2026-08-10T16:45:28Z,2026-08-10T18:45:28+0200,f717c518-05ab-43f2-aeab-072d31581934,2026-07-22T12:00:00Z,2026-07-22T14:00:00+0200,375.175,MW,DK2,DK_2,actual_offshore_wind_generation,Wind Offshore,2026-08-10T16:50:24Z
2026-08-10T16:45:28Z,2026-08-10T18:45:28+0200,f717c518-05ab-43f2-aeab-072d31581934,2026-07-22T12:15:00Z,2026-07-22T14:15:00+0200,376.667,MW,DK2,DK_2,actual_offshore_wind_generation,Wind Offshore,2026-08-10T16:50:24Z
2026-08-10T16:45:28Z,2026-08-10T18:45:28+0200,f717c518-05ab-43f2-aeab-072d31581934,2026-07-22T12:30:00Z,2026-07-22T14:30:00+0200,370.109,MW,DK2,DK_2,actual_offshore_wind_generation,Wind Offshore,2026-08-10T16:50:24Z
2026-08-10T16:45:28Z,2026-08-10T18:45:28+0200,f717c518-05ab-43f2-aeab-072d31581934,2026-07-22T12:45:00Z,2026-07-22T14:45:00+0200,359.051,MW,DK2,DK_2,actual_offshore_wind_generation,Wind Offshore,2026-08-10T16:50:24Z
2026-08-10T16:45:28Z,2026-08-10T18:45:28+0200,f717c518-05ab-43f2-aeab-072d31581934,2026-07-22T13:00:00Z,2026-07-22T15:00:00+0200,378.767,MW,DK2,DK_2,actual_offshore_wind_generation,Wind Offshore,2026-08-10T16:50:24Z
2026-08-10T16:45:28Z,2026-08-10T18:45:28+0200,f717c518-05ab-43f2-aeab-072d31581934,2026-07-22T13:15:00Z,2026-07-22T15:15:00+0200,418.851,MW,DK2,DK_2,actual_offshore_wind_generation,Wind Offshore,2026-08-10T16:50:24Z
2026-08-10T16:45:28Z,2026-08-10T18:45:28+0200,f717c518-05ab-43f2-aeab-072d31581934,2026-07-22T13:30:00Z,2026-07-22T15:30:00+0200,420.406,MW,DK2,DK_2,actual_offshore_wind_generation,Wind Offshore,2026-08-10T16:50:24Z
2026-08-10T16:45:28Z,2026-08-10T18:45:28+0200,f717c518-05ab-43f2-aeab-072d31581934,2026-07-22T13:45:00Z,2026-07-22T15:45:00+0200,496.906,MW,DK2,DK_2,actual_offshore_wind_generation,Wind Offshore,2026-08-10T16:50:24Z
2026-08-10T16:45:28Z,2026-08-10T18:45:28+0200,f717c518-05ab-43f2-aeab-072d31581934,2026-07-22T14:00:00Z,2026-07-22T16:00:00+0200,492.401,MW,DK2,DK_2,actual_offshore_wind_generation,Wind Offshore,2026-08-10T16:50:24Z
2026-08-10T16:45:28Z,2026-08-10T18:45:28+0200,f717c518-05ab-43f2-aeab-072d31581934,2026-07-22T14:15:00Z,2026-07-22T16:15:00+0200,503.344,MW,DK2,DK_2,actual_offshore_wind_generation,Wind Offshore,2026-08-10T16:50:24Z
2026-08-10T16:45:28Z,2026-08-10T18:45:28+0200,f717c518-05ab-43f2-aeab-072d31581934,2026-07-22T14:30:00Z,2026-07-22T16:30:00+0200,494.805,MW,DK2,DK_2,actual_offshore_wind_generation,Wind Offshore,2026-08-10T16:50:24Z
2026-08-10T16:45:28Z,2026-08-10T18:45:28+0200,f717c518-05ab-43f2-aeab-072d31581934,2026-07-22T14:45:00Z,2026-07-22T16:45:00+0200,480.932,MW,DK2,DK_2,actual_offshore_wind_generation,Wind Offshore,2026-08-10T16:50:24Z
2026-08-10T16:45:28Z,2026-08-10T18:45:28+0200,f717c518-05ab-43f2-aeab-072d31581934,2026-07-22T15:00:00Z,2026-07-22T17:00:00+0200,467.997,MW,DK2,DK_2,actual_offshore_wind_generation,Wind Offshore,2026-08-10T16:50:24Z
2026-08-10T16:45:28Z,2026-08-10T18:45:28+0200,f717c518-05ab-43f2-aeab-072d31581934,2026-07-22T15:15:00Z,2026-07-22T17:15:00+0200,433.566,MW,DK2,DK_2,actual_offshore_wind_generation,Wind Offshore,2026-08-10T16:50:24Z
2026-08-10T16:45:28Z,2026-08-10T18:45:28+0200,f717c518-05ab-43f2-aeab-072d31581934,2026-07-22T15:30:00Z,2026-07-22T17:30:00+0200,643.921,MW,DK2,DK_2,actual_offshore_wind_generation,Wind Offshore,2026-08-10T16:50:24Z
2026-08-10T16:45:28Z,2026-08-10T18:45:28+0200,f717c518-05ab-43f2-aeab-072d31581934,2026-07-22T15:45:00Z,2026-07-22T17:45:00+0200,684.58,MW,DK2,DK_2,actual_offshore_wind_generation,Wind Offshore,2026-08-10T16:50:24Z
2026-08-10T16:45:28Z,2026-08-10T18:45:28+0200,f717c518-05ab-43f2-aeab-072d31581934,2026-07-22T16:00:00Z,2026-07-22T18:00:00+0200,716.146,MW,DK2,DK_2,actual_offshore_wind_generation,Wind Offshore,2026-08-10T16:50:24Z
2026-08-10T16:45:28Z,2026-08-10T18:45:28+0200,f717c518-05ab-43f2-aeab-072d31581934,2026-07-22T16:15:00Z,2026-07-22T18:15:00+0200,724.056,MW,DK2,DK_2,actual_offshore_wind_generation,Wind Offshore,2026-08-10T16:50:24Z
2026-08-10T16:45:28Z,2026-08-10T18:45:28+0200,f717c518-05ab-43f2-aeab-072d31581934,2026-07-22T16:30:00Z,2026-07-22T18:30:00+0200,662.67,MW,DK2,DK_2,actual_offshore_wind_generation,Wind Offshore,2026-08-10T16:50:24Z
2026-08-10T16:45:28Z,2026-08-10T18:45:28+0200,f717c518-05ab-43f2-aeab-072d31581934,2026-07-22T16:45:00Z,2026-07-22T18:45:00+0200,612.66,MW,DK2,DK_2,actual_offshore_wind_generation,Wind Offshore,2026-08-10T16:50:24Z
2026-08-10T16:45:28Z,2026-08-10T18:45:28+0200,f717c518-05ab-43f2-aeab-072d31581934,2026-07-22T17:00:00Z,2026-07-22T19:00:00+0200,547.714,MW,DK2,DK_2,actual_offshore_wind_generation,Wind Offshore,2026-08-10T16:50:24Z
2026-08-10T16:45:28Z,2026-08-10T18:45:28+0200,f717c518-05ab-43f2-aeab-072d31581934,2026-07-22T17:15:00Z,2026-07-22T19:15:00+0200,553.058,MW,DK2,DK_2,actual_offshore_wind_generation,Wind Offshore,2026-08-10T16:50:24Z
2026-08-10T16:45:28Z,2026-08-10T18:45:28+0200,f717c518-05ab-43f2-aeab-072d31581934,2026-07-22T17:30:00Z,2026-07-22T19:30:00+0200,553.243,MW,DK2,DK_2,actual_offshore_wind_generation,Wind Offshore,2026-08-10T16:50:24Z
2026-08-10T16:45:28Z,2026-08-10T18:45:28+0200,f717c518-05ab-43f2-aeab-072d31581934,2026-07-22T17:45:00Z,2026-07-22T19:45:00+0200,560.77,MW,DK2,DK_2,actual_offshore_wind_generation,Wind Offshore,2026-08-10T16:50:24Z
2026-08-10T16:45:28Z,2026-08-10T18:45:28+0200,f717c518-05ab-43f2-aeab-072d31581934,2026-07-22T18:00:00Z,2026-07-22T20:00:00+0200,769.156,MW,DK2,DK_2,actual_offshore_wind_generation,Wind Offshore,2026-08-10T16:50:24Z
2026-08-10T16:45:28Z,2026-08-10T18:45:28+0200,f717c518-05ab-43f2-aeab-072d31581934,2026-07-22T18:15:00Z,2026-07-22T20:15:00+0200,803.159,MW,DK2,DK_2,actual_offshore_wind_generation,Wind Offshore,2026-08-10T16:50:24Z
2026-08-10T16:45:28Z,2026-08-10T18:45:28+0200,f717c518-05ab-43f2-aeab-072d31581934,2026-07-22T18:30:00Z,2026-07-22T20:30:00+0200,849.538,MW,DK2,DK_2,actual_offshore_wind_generation,Wind Offshore,2026-08-10T16:50:24Z
2026-08-10T16:45:28Z,2026-08-10T18:45:28+0200,f717c518-05ab-43f2-aeab-072d31581934,2026-07-22T18:45:00Z,2026-07-22T20:45:00+0200,870.826,MW,DK2,DK_2,actual_offshore_wind_generation,Wind Offshore,2026-08-10T16:50:24Z
2026-08-10T16:45:28Z,2026-08-10T18:45:28+0200,f717c518-05ab-43f2-aeab-072d31581934,2026-07-22T19:00:00Z,2026-07-22T21:00:00+0200,878.405,MW,DK2,DK_2,actual_offshore_wind_generation,Wind Offshore,2026-08-10T16:50:24Z
2026-08-10T16:45:28Z,2026-08-10T18:45:28+0200,f717c518-05ab-43f2-aeab-072d31581934,2026-07-22T19:15:00Z,2026-07-22T21:15:00+0200,889.51,MW,DK2,DK_2,actual_offshore_wind_generation,Wind Offshore,2026-08-10T16:50:24Z
2026-08-10T16:45:28Z,2026-08-10T18:45:28+0200,f717c518-05ab-43f2-aeab-072d31581934,2026-07-22T19:30:00Z,2026-07-22T21:30:00+0200,887.665,MW,DK2,DK_2,actual_offshore_wind_generation,Wind Offshore,2026-08-10T16:50:24Z
2026-08-10T16:45:28Z,2026-08-10T18:45:28+0200,f717c518-05ab-43f2-aeab-072d31581934,2026-07-22T19:45:00Z,2026-07-22T21:45:00+0200,846.633,MW,DK2,DK_2,actual_offshore_wind_generation,Wind Offshore,2026-08-10T16:50:24Z
2026-08-10T16:45:28Z,2026-08-10T18:45:28+0200,f717c518-05ab-43f2-aeab-072d31581934,2026-07-22T20:00:00Z,2026-07-22T22:00:00+0200,834.678,MW,DK2,DK_2,actual_offshore_wind_generation,Wind Offshore,2026-08-10T16:50:24Z
2026-08-10T16:45:28Z,2026-08-10T18:45:28+0200,f717c518-05ab-43f2-aeab-072d31581934,2026-07-22T20:15:00Z,2026-07-22T22:15:00+0200,833.592,MW,DK2,DK_2,actual_offshore_wind_generation,Wind Offshore,2026-08-10T16:50:24Z
2026-08-10T16:45:28Z,2026-08-10T18:45:28+0200,f717c518-05ab-43f2-aeab-072d31581934,2026-07-22T20:30:00Z,2026-07-22T22:30:00+0200,833.343,MW,DK2,DK_2,actual_offshore_wind_generation,Wind Offshore,2026-08-10T16:50:24Z
2026-08-10T16:45:28Z,2026-08-10T18:45:28+0200,f717c518-05ab-43f2-aeab-072d31581934,2026-07-22T20:45:00Z,2026-07-22T22:45:00+0200,824.848,MW,DK2,DK_2,actual_offshore_wind_generation,Wind Offshore,2026-08-10T16:50:24Z
2026-08-10T16:45:28Z,2026-08-10T18:45:28+0200,f717c518-05ab-43f2-aeab-072d31581934,2026-07-22T21:00:00Z,2026-07-22T23:00:00+0200,843.183,MW,DK2,DK_2,actual_offshore_wind_generation,Wind Offshore,2026-08-10T16:50:24Z
2026-08-10T16:45:28Z,2026-08-10T18:45:28+0200,f717c518-05ab-43f2-aeab-072d31581934,2026-07-22T21:15:00Z,2026-07-22T23:15:00+0200,830.97,MW,DK2,DK_2,actual_offshore_wind_generation,Wind Offshore,2026-08-10T16:50:24Z
2026-08-10T16:45:28Z,2026-08-10T18:45:28+0200,f717c518-05ab-43f2-aeab-072d31581934,2026-07-22T21:30:00Z,2026-07-22T23:30:00+0200,816.486,MW,DK2,DK_2,actual_offshore_wind_generation,Wind Offshore,2026-08-10T16:50:24Z
2026-08-10T16:45:28Z,2026-08-10T18:45:28+0200,f717c518-05ab-43f2-aeab-072d31581934,2026-07-22T21:45:00Z,2026-07-22T23:45:00+0200,780.008,MW,DK2,DK_2,actual_offshore_wind_generation,Wind Offshore,2026-08-10T16:50:24Z
2026-08-10T16:45:28Z,2026-08-10T18:45:28+0200,f717c518-05ab-43f2-aeab-072d31581934,2026-07-22T22:00:00Z,2026-07-23T00:00:00+0200,708.067,MW,DK2,DK_2,actual_offshore_wind_generation,Wind Offshore,2026-08-10T16:50:24Z
2026-08-10T16:45:28Z,2026-08-10T18:45:28+0200,f717c518-05ab-43f2-aeab-072d31581934,2026-07-22T22:15:00Z,2026-07-23T00:15:00+0200,643.639,MW,DK2,DK_2,actual_offshore_wind_generation,Wind Offshore,2026-08-10T16:50:24Z
2026-08-10T16:45:28Z,2026-08-10T18:45:28+0200,f717c518-05ab-43f2-aeab-072d31581934,2026-07-22T22:30:00Z,2026-07-23T00:30:00+0200,619.098,MW,DK2,DK_2,actual_offshore_wind_generation,Wind Offshore,2026-08-10T16:50:24Z
2026-08-10T16:45:28Z,2026-08-10T18:45:28+0200,f717c518-05ab-43f2-aeab-072d31581934,2026-07-22T22:45:00Z,2026-07-23T00:45:00+0200,607.596,MW,DK2,DK_2,actual_offshore_wind_generation,Wind Offshore,2026-08-10T16:50:24Z
2026-08-10T16:45:28Z,2026-08-10T18:45:28+0200,f717c518-05ab-43f2-aeab-072d31581934,2026-07-22T23:00:00Z,2026-07-23T01:00:00+0200,643.967,MW,DK2,DK_2,actual_offshore_wind_generation,Wind Offshore,2026-08-10T16:50:24Z
2026-08-10T16:45:28Z,2026-08-10T18:45:28+0200,f717c518-05ab-43f2-aeab-072d31581934,2026-07-22T23:15:00Z,2026-07-23T01:15:00+0200,658.794,MW,DK2,DK_2,actual_offshore_wind_generation,Wind Offshore,2026-08-10T16:50:24Z
2026-08-10T16:45:28Z,2026-08-10T18:45:28+0200,f717c518-05ab-43f2-aeab-072d31581934,2026-07-22T23:30:00Z,2026-07-23T01:30:00+0200,670.105,MW,DK2,DK_2,actual_offshore_wind_generation,Wind Offshore,2026-08-10T16:50:24Z
2026-08-10T16:45:28Z,2026-08-10T18:45:28+0200,f717c518-05ab-43f2-aeab-072d31581934,2026-07-22T23:45:00Z,2026-07-23T01:45:00+0200,673.965,MW,DK2,DK_2,actual_offshore_wind_generation,Wind Offshore,2026-08-10T16:50:24Z
2026-08-10T16:45:28Z,2026-08-10T18:45:28+0200,f717c518-05ab-43f2-aeab-072d31581934,2026-07-23T00:00:00Z,2026-07-23T02:00:00+0200,640.955,MW,DK2,DK_2,actual_offshore_wind_generation,Wind Offshore,2026-08-10T16:50:24Z
2026-08-10T16:45:28Z,2026-08-10T18:45:28+0200,f717c518-05ab-43f2-aeab-072d31581934,2026-07-23T00:15:00Z,2026-07-23T02:15:00+0200,622.342,MW,DK2,DK_2,actual_offshore_wind_generation,Wind Offshore,2026-08-10T16:50:24Z
2026-08-10T16:45:28Z,2026-08-10T18:45:28+0200,f717c518-05ab-43f2-aeab-072d31581934,2026-07-23T00:30:00Z,2026-07-23T02:30:00+0200,636.708,MW,DK2,DK_2,actual_offshore_wind_generation,Wind Offshore,2026-08-10T16:50:24Z
2026-08-10T16:45:28Z,2026-08-10T18:45:28+0200,f717c518-05ab-43f2-aeab-072d31581934,2026-07-23T00:45:00Z,2026-07-23T02:45:00+0200,603.946,MW,DK2,DK_2,actual_offshore_wind_generation,Wind Offshore,2026-08-10T16:50:24Z
2026-08-10T16:45:28Z,2026-08-10T18:45:28+0200,f717c518-05ab-43f2-aeab-072d31581934,2026-07-23T01:00:00Z,2026-07-23T03:00:00+0200,539.959,MW,DK2,DK_2,actual_offshore_wind_generation,Wind Offshore,2026-08-10T16:50:24Z
2026-08-10T16:45:28Z,2026-08-10T18:45:28+0200,f717c518-05ab-43f2-aeab-072d31581934,2026-07-23T01:15:00Z,2026-07-23T03:15:00+0200,471.349,MW,DK2,DK_2,actual_offshore_wind_generation,Wind Offshore,2026-08-10T16:50:24Z
2026-08-10T16:45:28Z,2026-08-10T18:45:28+0200,f717c518-05ab-43f2-aeab-072d31581934,2026-07-23T01:30:00Z,2026-07-23T03:30:00+0200,409.177,MW,DK2,DK_2,actual_offshore_wind_generation,Wind Offshore,2026-08-10T16:50:24Z
2026-08-10T16:45:28Z,2026-08-10T18:45:28+0200,f717c518-05ab-43f2-aeab-072d31581934,2026-07-23T01:45:00Z,2026-07-23T03:45:00+0200,381.814,MW,DK2,DK_2,actual_offshore_wind_generation,Wind Offshore,2026-08-10T16:50:24Z
2026-08-10T16:45:28Z,2026-08-10T18:45:28+0200,f717c518-05ab-43f2-aeab-072d31581934,2026-07-23T02:00:00Z,2026-07-23T04:00:00+0200,439.972,MW,DK2,DK_2,actual_offshore_wind_generation,Wind Offshore,2026-08-10T16:50:24Z
2026-08-10T16:45:28Z,2026-08-10T18:45:28+0200,f717c518-05ab-43f2-aeab-072d31581934,2026-07-23T02:15:00Z,2026-07-23T04:15:00+0200,476.602,MW,DK2,DK_2,actual_offshore_wind_generation,Wind Offshore,2026-08-10T16:50:24Z
2026-08-10T16:45:28Z,2026-08-10T18:45:28+0200,f717c518-05ab-43f2-aeab-072d31581934,2026-07-23T02:30:00Z,2026-07-23T04:30:00+0200,495.282,MW,DK2,DK_2,actual_offshore_wind_generation,Wind Offshore,2026-08-10T16:50:24Z
2026-08-10T16:45:28Z,2026-08-10T18:45:28+0200,f717c518-05ab-43f2-aeab-072d31581934,2026-07-23T02:45:00Z,2026-07-23T04:45:00+0200,495.09,MW,DK2,DK_2,actual_offshore_wind_generation,Wind Offshore,2026-08-10T16:50:24Z
2026-08-10T16:45:28Z,2026-08-10T18:45:28+0200,f717c518-05ab-43f2-aeab-072d31581934,2026-07-23T03:00:00Z,2026-07-23T05:00:00+0200,494.909,MW,DK2,DK_2,actual_offshore_wind_generation,Wind Offshore,2026-08-10T16:50:24Z
2026-08-10T16:45:28Z,2026-08-10T18:45:28+0200,f717c518-05ab-43f2-aeab-072d31581934,2026-07-23T03:15:00Z,2026-07-23T05:15:00+0200,449.063,MW,DK2,DK_2,actual_offshore_wind_generation,Wind Offshore,2026-08-10T16:50:24Z
2026-08-10T16:45:28Z,2026-08-10T18:45:28+0200,f717c518-05ab-43f2-aeab-072d31581934,2026-07-23T03:30:00Z,2026-07-23T05:30:00+0200,389.449,MW,DK2,DK_2,actual_offshore_wind_generation,Wind Offshore,2026-08-10T16:50:24Z
2026-08-10T16:45:28Z,2026-08-10T18:45:28+0200,f717c518-05ab-43f2-aeab-072d31581934,2026-07-23T03:45:00Z,2026-07-23T05:45:00+0200,325.462,MW,DK2,DK_2,actual_offshore_wind_generation,Wind Offshore,2026-08-10T16:50:24Z
2026-08-10T16:45:28Z,2026-08-10T18:45:28+0200,f717c518-05ab-43f2-aeab-072d31581934,2026-07-23T04:00:00Z,2026-07-23T06:00:00+0200,287.672,MW,DK2,DK_2,actual_offshore_wind_generation,Wind Offshore,2026-08-10T16:50:24Z
2026-08-10T16:45:28Z,2026-08-10T18:45:28+0200,f717c518-05ab-43f2-aeab-072d31581934,2026-07-23T04:15:00Z,2026-07-23T06:15:00+0200,277.143,MW,DK2,DK_2,actual_offshore_wind_generation,Wind Offshore,2026-08-10T16:50:24Z
2026-08-10T16:45:28Z,2026-08-10T18:45:28+0200,f717c518-05ab-43f2-aeab-072d31581934,2026-07-23T04:30:00Z,2026-07-23T06:30:00+0200,293.942,MW,DK2,DK_2,actual_offshore_wind_generation,Wind Offshore,2026-08-10T16:50:24Z
2026-08-10T16:45:28Z,2026-08-10T18:45:28+0200,f717c518-05ab-43f2-aeab-072d31581934,2026-07-23T04:45:00Z,2026-07-23T06:45:00+0200,286.739,MW,DK2,DK_2,actual_offshore_wind_generation,Wind Offshore,2026-08-10T16:50:24Z
2026-08-10T16:45:28Z,2026-08-10T18:45:28+0200,f717c518-05ab-43f2-aeab-072d31581934,2026-07-23T05:00:00Z,2026-07-23T07:00:00+0200,272.954,MW,DK2,DK_2,actual_offshore_wind_generation,Wind Offshore,2026-08-10T16:50:24Z
2026-08-10T16:45:28Z,2026-08-10T18:45:28+0200,f717c518-05ab-43f2-aeab-072d31581934,2026-07-23T05:15:00Z,2026-07-23T07:15:00+0200,270.592,MW,DK2,DK_2,actual_offshore_wind_generation,Wind Offshore,2026-08-10T16:50:24Z
2026-08-10T16:45:28Z,2026-08-10T18:45:28+0200,f717c518-05ab-43f2-aeab-072d31581934,2026-07-23T05:30:00Z,2026-07-23T07:30:00+0200,241.907,MW,DK2,DK_2,actual_offshore_wind_generation,Wind Offshore,2026-08-10T16:50:24Z
2026-08-10T16:45:28Z,2026-08-10T18:45:28+0200,f717c518-05ab-43f2-aeab-072d31581934,2026-07-23T05:45:00Z,2026-07-23T07:45:00+0200,220.259,MW,DK2,DK_2,actual_offshore_wind_generation,Wind Offshore,2026-08-10T16:50:24Z
2026-08-10T16:45:28Z,2026-08-10T18:45:28+0200,f717c518-05ab-43f2-aeab-072d31581934,2026-07-23T06:00:00Z,2026-07-23T08:00:00+0200,190.852,MW,DK2,DK_2,actual_offshore_wind_generation,Wind Offshore,2026-08-10T16:50:24Z
2026-08-10T16:45:28Z,2026-08-10T18:45:28+0200,f717c518-05ab-43f2-aeab-072d31581934,2026-07-23T06:15:00Z,2026-07-23T08:15:00+0200,168.936,MW,DK2,DK_2,actual_offshore_wind_generation,Wind Offshore,2026-08-10T16:50:24Z
2026-08-10T16:45:28Z,2026-08-10T18:45:28+0200,f717c518-05ab-43f2-aeab-072d31581934,2026-07-23T06:30:00Z,2026-07-23T08:30:00+0200,151.212,MW,DK2,DK_2,actual_offshore_wind_generation,Wind Offshore,2026-08-10T16:50:24Z
2026-08-10T16:45:28Z,2026-08-10T18:45:28+0200,f717c518-05ab-43f2-aeab-072d31581934,2026-07-23T06:45:00Z,2026-07-23T08:45:00+0200,139.779,MW,DK2,DK_2,actual_offshore_wind_generation,Wind Offshore,2026-08-10T16:50:24Z
2026-08-10T16:45:28Z,2026-08-10T18:45:28+0200,f717c518-05ab-43f2-aeab-072d31581934,2026-07-23T07:00:00Z,2026-07-23T09:00:00+0200,132.471,MW,DK2,DK_2,actual_offshore_wind_generation,Wind Offshore,2026-08-10T16:50:24Z
2026-08-10T16:45:28Z,2026-08-10T18:45:28+0200,f717c518-05ab-43f2-aeab-072d31581934,2026-07-23T07:15:00Z,2026-07-23T09:15:00+0200,118.698,MW,DK2,DK_2,actual_offshore_wind_generation,Wind Offshore,2026-08-10T16:50:24Z
2026-08-10T16:45:28Z,2026-08-10T18:45:28+0200,f717c518-05ab-43f2-aeab-072d31581934,2026-07-23T07:30:00Z,2026-07-23T09:30:00+0200,105.544,MW,DK2,DK_2,actual_offshore_wind_generation,Wind Offshore,2026-08-10T16:50:24Z
2026-08-10T16:45:28Z,2026-08-10T18:45:28+0200,f717c518-05ab-43f2-aeab-072d31581934,2026-07-23T07:45:00Z,2026-07-23T09:45:00+0200,104.721,MW,DK2,DK_2,actual_offshore_wind_generation,Wind Offshore,2026-08-10T16:50:24Z
2026-08-10T16:45:28Z,2026-08-10T18:45:28+0200,f717c518-05ab-43f2-aeab-072d31581934,2026-07-23T08:00:00Z,2026-07-23T10:00:00+0200,94.7656,MW,DK2,DK_2,actual_offshore_wind_generation,Wind Offshore,2026-08-10T16:50:24Z
2026-08-10T16:45:28Z,2026-08-10T18:45:28+0200,f717c518-05ab-43f2-aeab-072d31581934,2026-07-23T08:15:00Z,2026-07-23T10:15:00+0200,129.311,MW,DK2,DK_2,actual_offshore_wind_generation,Wind Offshore,2026-08-10T16:50:24Z
2026-08-10T16:45:28Z,2026-08-10T18:45:28+0200,f717c518-05ab-43f2-aeab-072d31581934,2026-07-23T08:30:00Z,2026-07-23T10:30:00+0200,152.908,MW,DK2,DK_2,actual_offshore_wind_generation,Wind Offshore,2026-08-10T16:50:24Z
2026-08-10T16:45:28Z,2026-08-10T18:45:28+0200,f717c518-05ab-43f2-aeab-072d31581934,2026-07-23T08:45:00Z,2026-07-23T10:45:00+0200,184.15,MW,DK2,DK_2,actual_offshore_wind_generation,Wind Offshore,2026-08-10T16:50:24Z
2026-08-10T16:45:28Z,2026-08-10T18:45:28+0200,f717c518-05ab-43f2-aeab-072d31581934,2026-07-23T09:00:00Z,2026-07-23T11:00:00+0200,209.979,MW,DK2,DK_2,actual_offshore_wind_generation,Wind Offshore,2026-08-10T16:50:24Z
2026-08-10T16:45:28Z,2026-08-10T18:45:28+0200,f717c518-05ab-43f2-aeab-072d31581934,2026-07-23T09:15:00Z,2026-07-23T11:15:00+0200,220.019,MW,DK2,DK_2,actual_offshore_wind_generation,Wind Offshore,2026-08-10T16:50:24Z
2026-08-10T16:45:28Z,2026-08-10T18:45:28+0200,f717c518-05ab-43f2-aeab-072d31581934,2026-07-23T09:30:00Z,2026-07-23T11:30:00+0200,242.432,MW,DK2,DK_2,actual_offshore_wind_generation,Wind Offshore,2026-08-10T16:50:24Z
2026-08-10T16:45:28Z,2026-08-10T18:45:28+0200,f717c518-05ab-43f2-aeab-072d31581934,2026-07-23T09:45:00Z,2026-07-23T11:45:00+0200,260.975,MW,DK2,DK_2,actual_offshore_wind_generation,Wind Offshore,2026-08-10T16:50:24Z
2026-08-10T16:45:28Z,2026-08-10T18:45:28+0200,f717c518-05ab-43f2-aeab-072d31581934,2026-07-23T10:00:00Z,2026-07-23T12:00:00+0200,231.39,MW,DK2,DK_2,actual_offshore_wind_generation,Wind Offshore,2026-08-10T16:50:24Z
2026-08-10T16:45:28Z,2026-08-10T18:45:28+0200,f717c518-05ab-43f2-aeab-072d31581934,2026-07-23T10:15:00Z,2026-07-23T12:15:00+0200,247.106,MW,DK2,DK_2,actual_offshore_wind_generation,Wind Offshore,2026-08-10T16:50:24Z
2026-08-10T16:45:28Z,2026-08-10T18:45:28+0200,f717c518-05ab-43f2-aeab-072d31581934,2026-07-23T10:30:00Z,2026-07-23T12:30:00+0200,256.484,MW,DK2,DK_2,actual_offshore_wind_generation,Wind Offshore,2026-08-10T16:50:24Z
2026-08-10T16:45:28Z,2026-08-10T18:45:28+0200,f717c518-05ab-43f2-aeab-072d31581934,2026-07-23T10:45:00Z,2026-07-23T12:45:00+0200,246.422,MW,DK2,DK_2,actual_offshore_wind_generation,Wind Offshore,2026-08-10T16:50:24Z
2026-08-10T16:45:28Z,2026-08-10T18:45:28+0200,f717c518-05ab-43f2-aeab-072d31581934,2026-07-23T11:00:00Z,2026-07-23T13:00:00+0200,239.255,MW,DK2,DK_2,actual_offshore_wind_generation,Wind Offshore,2026-08-10T16:50:24Z
2026-08-10T16:45:28Z,2026-08-10T18:45:28+0200,f717c518-05ab-43f2-aeab-072d31581934,2026-07-23T11:15:00Z,2026-07-23T13:15:00+0200,229.489,MW,DK2,DK_2,actual_offshore_wind_generation,Wind Offshore,2026-08-10T16:50:24Z
2026-08-10T16:45:28Z,2026-08-10T18:45:28+0200,f717c518-05ab-43f2-aeab-072d31581934,2026-07-23T11:30:00Z,2026-07-23T13:30:00+0200,188.92,MW,DK2,DK_2,actual_offshore_wind_generation,Wind Offshore,2026-08-10T16:50:24Z
2026-08-10T16:45:28Z,2026-08-10T18:45:28+0200,f717c518-05ab-43f2-aeab-072d31581934,2026-07-23T11:45:00Z,2026-07-23T13:45:00+0200,194.104,MW,DK2,DK_2,actual_offshore_wind_generation,Wind Offshore,2026-08-10T16:50:24Z
2026-08-10T16:45:28Z,2026-08-10T18:45:28+0200,f717c518-05ab-43f2-aeab-072d31581934,2026-07-23T12:00:00Z,2026-07-23T14:00:00+0200,199.662,MW,DK2,DK_2,actual_offshore_wind_generation,Wind Offshore,2026-08-10T16:50:24Z
2026-08-10T16:45:28Z,2026-08-10T18:45:28+0200,f717c518-05ab-43f2-aeab-072d31581934,2026-07-23T12:15:00Z,2026-07-23T14:15:00+0200,200.352,MW,DK2,DK_2,actual_offshore_wind_generation,Wind Offshore,2026-08-10T16:50:24Z
2026-08-10T16:45:28Z,2026-08-10T18:45:28+0200,f717c518-05ab-43f2-aeab-072d31581934,2026-07-23T12:30:00Z,2026-07-23T14:30:00+0200,193.595,MW,DK2,DK_2,actual_offshore_wind_generation,Wind Offshore,2026-08-10T16:50:24Z
2026-08-10T16:45:28Z,2026-08-10T18:45:28+0200,f717c518-05ab-43f2-aeab-072d31581934,2026-07-23T12:45:00Z,2026-07-23T14:45:00+0200,201.963,MW,DK2,DK_2,actual_offshore_wind_generation,Wind Offshore,2026-08-10T16:50:24Z
2026-08-10T16:45:28Z,2026-08-10T18:45:28+0200,f717c518-05ab-43f2-aeab-072d31581934,2026-07-23T13:00:00Z,2026-07-23T15:00:00+0200,183.141,MW,DK2,DK_2,actual_offshore_wind_generation,Wind Offshore,2026-08-10T16:50:24Z
2026-08-10T16:45:28Z,2026-08-10T18:45:28+0200,f717c518-05ab-43f2-aeab-072d31581934,2026-07-23T13:15:00Z,2026-07-23T15:15:00+0200,178.443,MW,DK2,DK_2,actual_offshore_wind_generation,Wind Offshore,2026-08-10T16:50:24Z
2026-08-10T16:45:28Z,2026-08-10T18:45:28+0200,f717c518-05ab-43f2-aeab-072d31581934,2026-07-23T13:30:00Z,2026-07-23T15:30:00+0200,181.825,MW,DK2,DK_2,actual_offshore_wind_generation,Wind Offshore,2026-08-10T16:50:24Z
2026-08-10T16:45:28Z,2026-08-10T18:45:28+0200,f717c518-05ab-43f2-aeab-072d31581934,2026-07-23T13:45:00Z,2026-07-23T15:45:00+0200,189.727,MW,DK2,DK_2,actual_offshore_wind_generation,Wind Offshore,2026-08-10T16:50:24Z
2026-08-10T16:45:28Z,2026-08-10T18:45:28+0200,f717c518-05ab-43f2-aeab-072d31581934,2026-07-23T14:00:00Z,2026-07-23T16:00:00+0200,283.598,MW,DK2,DK_2,actual_offshore_wind_generation,Wind Offshore,2026-08-10T16:50:24Z
2026-08-10T16:45:28Z,2026-08-10T18:45:28+0200,f717c518-05ab-43f2-aeab-072d31581934,2026-07-23T14:15:00Z,2026-07-23T16:15:00+0200,270.511,MW,DK2,DK_2,actual_offshore_wind_generation,Wind Offshore,2026-08-10T16:50:24Z
2026-08-10T16:45:28Z,2026-08-10T18:45:28+0200,f717c518-05ab-43f2-aeab-072d31581934,2026-07-23T14:30:00Z,2026-07-23T16:30:00+0200,261.312,MW,DK2,DK_2,actual_offshore_wind_generation,Wind Offshore,2026-08-10T16:50:24Z
2026-08-10T16:45:28Z,2026-08-10T18:45:28+0200,f717c518-05ab-43f2-aeab-072d31581934,2026-07-23T14:45:00Z,2026-07-23T16:45:00+0200,264.194,MW,DK2,DK_2,actual_offshore_wind_generation,Wind Offshore,2026-08-10T16:50:24Z
2026-08-10T16:45:28Z,2026-08-10T18:45:28+0200,f717c518-05ab-43f2-aeab-072d31581934,2026-07-23T15:00:00Z,2026-07-23T17:00:00+0200,263.926,MW,DK2,DK_2,actual_offshore_wind_generation,Wind Offshore,2026-08-10T16:50:24Z
2026-08-10T16:45:28Z,2026-08-10T18:45:28+0200,f717c518-05ab-43f2-aeab-072d31581934,2026-07-23T15:15:00Z,2026-07-23T17:15:00+0200,267.537,MW,DK2,DK_2,actual_offshore_wind_generation,Wind Offshore,2026-08-10T16:50:24Z
2026-08-10T16:45:28Z,2026-08-10T18:45:28+0200,f717c518-05ab-43f2-aeab-072d31581934,2026-07-23T15:30:00Z,2026-07-23T17:30:00+0200,289.93,MW,DK2,DK_2,actual_offshore_wind_generation,Wind Offshore,2026-08-10T16:50:24Z
2026-08-10T16:45:28Z,2026-08-10T18:45:28+0200,f717c518-05ab-43f2-aeab-072d31581934,2026-07-23T15:45:00Z,2026-07-23T17:45:00+0200,350.661,MW,DK2,DK_2,actual_offshore_wind_generation,Wind Offshore,2026-08-10T16:50:24Z
2026-08-10T16:45:28Z,2026-08-10T18:45:28+0200,f717c518-05ab-43f2-aeab-072d31581934,2026-07-23T16:00:00Z,2026-07-23T18:00:00+0200,411.587,MW,DK2,DK_2,actual_offshore_wind_generation,Wind Offshore,2026-08-10T16:50:24Z
2026-08-10T16:45:28Z,2026-08-10T18:45:28+0200,f717c518-05ab-43f2-aeab-072d31581934,2026-07-23T16:15:00Z,2026-07-23T18:15:00+0200,408.918,MW,DK2,DK_2,actual_offshore_wind_generation,Wind Offshore,2026-08-10T16:50:24Z
2026-08-10T16:45:28Z,2026-08-10T18:45:28+0200,f717c518-05ab-43f2-aeab-072d31581934,2026-07-23T16:30:00Z,2026-07-23T18:30:00+0200,348.384,MW,DK2,DK_2,actual_offshore_wind_generation,Wind Offshore,2026-08-10T16:50:24Z
2026-08-10T16:45:28Z,2026-08-10T18:45:28+0200,f717c518-05ab-43f2-aeab-072d31581934,2026-07-23T16:45:00Z,2026-07-23T18:45:00+0200,308.312,MW,DK2,DK_2,actual_offshore_wind_generation,Wind Offshore,2026-08-10T16:50:24Z
2026-08-10T16:45:28Z,2026-08-10T18:45:28+0200,f717c518-05ab-43f2-aeab-072d31581934,2026-07-23T17:00:00Z,2026-07-23T19:00:00+0200,279.883,MW,DK2,DK_2,actual_offshore_wind_generation,Wind Offshore,2026-08-10T16:50:24Z
2026-08-10T16:45:28Z,2026-08-10T18:45:28+0200,f717c518-05ab-43f2-aeab-072d31581934,2026-07-23T17:15:00Z,2026-07-23T19:15:00+0200,274.469,MW,DK2,DK_2,actual_offshore_wind_generation,Wind Offshore,2026-08-10T16:50:24Z
2026-08-10T16:45:28Z,2026-08-10T18:45:28+0200,f717c518-05ab-43f2-aeab-072d31581934,2026-07-23T17:30:00Z,2026-07-23T19:30:00+0200,279.471,MW,DK2,DK_2,actual_offshore_wind_generation,Wind Offshore,2026-08-10T16:50:24Z
2026-08-10T16:45:28Z,2026-08-10T18:45:28+0200,f717c518-05ab-43f2-aeab-072d31581934,2026-07-23T17:45:00Z,2026-07-23T19:45:00+0200,271.233,MW,DK2,DK_2,actual_offshore_wind_generation,Wind Offshore,2026-08-10T16:50:24Z
2026-08-10T16:45:28Z,2026-08-10T18:45:28+0200,f717c518-05ab-43f2-aeab-072d31581934,2026-07-23T18:00:00Z,2026-07-23T20:00:00+0200,281.115,MW,DK2,DK_2,actual_offshore_wind_generation,Wind Offshore,2026-08-10T16:50:24Z
2026-08-10T16:45:28Z,2026-08-10T18:45:28+0200,f717c518-05ab-43f2-aeab-072d31581934,2026-07-23T18:15:00Z,2026-07-23T20:15:00+0200,294.353,MW,DK2,DK_2,actual_offshore_wind_generation,Wind Offshore,2026-08-10T16:50:24Z
2026-08-10T16:45:28Z,2026-08-10T18:45:28+0200,f717c518-05ab-43f2-aeab-072d31581934,2026-07-23T18:30:00Z,2026-07-23T20:30:00+0200,329.251,MW,DK2,DK_2,actual_offshore_wind_generation,Wind Offshore,2026-08-10T16:50:24Z
2026-08-10T16:45:28Z,2026-08-10T18:45:28+0200,f717c518-05ab-43f2-aeab-072d31581934,2026-07-23T18:45:00Z,2026-07-23T20:45:00+0200,353.734,MW,DK2,DK_2,actual_offshore_wind_generation,Wind Offshore,2026-08-10T16:50:24Z
2026-08-10T16:45:28Z,2026-08-10T18:45:28+0200,f717c518-05ab-43f2-aeab-072d31581934,2026-07-23T19:00:00Z,2026-07-23T21:00:00+0200,357.151,MW,DK2,DK_2,actual_offshore_wind_generation,Wind Offshore,2026-08-10T16:50:24Z
2026-08-10T16:45:28Z,2026-08-10T18:45:28+0200,f717c518-05ab-43f2-aeab-072d31581934,2026-07-23T19:15:00Z,2026-07-23T21:15:00+0200,367.566,MW,DK2,DK_2,actual_offshore_wind_generation,Wind Offshore,2026-08-10T16:50:24Z
2026-08-10T16:45:28Z,2026-08-10T18:45:28+0200,f717c518-05ab-43f2-aeab-072d31581934,2026-07-23T19:30:00Z,2026-07-23T21:30:00+0200,372.59,MW,DK2,DK_2,actual_offshore_wind_generation,Wind Offshore,2026-08-10T16:50:24Z
2026-08-10T16:45:28Z,2026-08-10T18:45:28+0200,f717c518-05ab-43f2-aeab-072d31581934,2026-07-23T19:45:00Z,2026-07-23T21:45:00+0200,353.659,MW,DK2,DK_2,actual_offshore_wind_generation,Wind Offshore,2026-08-10T16:50:24Z
2026-08-10T16:45:28Z,2026-08-10T18:45:28+0200,f717c518-05ab-43f2-aeab-072d31581934,2026-07-23T20:00:00Z,2026-07-23T22:00:00+0200,339.677,MW,DK2,DK_2,actual_offshore_wind_generation,Wind Offshore,2026-08-10T16:50:24Z
2026-08-10T16:45:28Z,2026-08-10T18:45:28+0200,f717c518-05ab-43f2-aeab-072d31581934,2026-07-23T20:15:00Z,2026-07-23T22:15:00+0200,336.044,MW,DK2,DK_2,actual_offshore_wind_generation,Wind Offshore,2026-08-10T16:50:24Z
2026-08-10T16:45:28Z,2026-08-10T18:45:28+0200,f717c518-05ab-43f2-aeab-072d31581934,2026-07-23T20:30:00Z,2026-07-23T22:30:00+0200,348.164,MW,DK2,DK_2,actual_offshore_wind_generation,Wind Offshore,2026-08-10T16:50:24Z
2026-08-10T16:45:28Z,2026-08-10T18:45:28+0200,f717c518-05ab-43f2-aeab-072d31581934,2026-07-23T20:45:00Z,2026-07-23T22:45:00+0200,357.057,MW,DK2,DK_2,actual_offshore_wind_generation,Wind Offshore,2026-08-10T16:50:24Z
2026-08-10T16:45:28Z,2026-08-10T18:45:28+0200,f717c518-05ab-43f2-aeab-072d31581934,2026-07-23T21:00:00Z,2026-07-23T23:00:00+0200,371.953,MW,DK2,DK_2,actual_offshore_wind_generation,Wind Offshore,2026-08-10T16:50:24Z
2026-08-10T16:45:28Z,2026-08-10T18:45:28+0200,f717c518-05ab-43f2-aeab-072d31581934,2026-07-23T21:15:00Z,2026-07-23T23:15:00+0200,392.798,MW,DK2,DK_2,actual_offshore_wind_generation,Wind Offshore,2026-08-10T16:50:24Z
2026-08-10T16:45:28Z,2026-08-10T18:45:28+0200,f717c518-05ab-43f2-aeab-072d31581934,2026-07-23T21:30:00Z,2026-07-23T23:30:00+0200,439.112,MW,DK2,DK_2,actual_offshore_wind_generation,Wind Offshore,2026-08-10T16:50:24Z
2026-08-10T16:45:28Z,2026-08-10T18:45:28+0200,f717c518-05ab-43f2-aeab-072d31581934,2026-07-23T21:45:00Z,2026-07-23T23:45:00+0200,470.994,MW,DK2,DK_2,actual_offshore_wind_generation,Wind Offshore,2026-08-10T16:50:24Z
2026-08-10T16:45:28Z,2026-08-10T18:45:28+0200,f717c518-05ab-43f2-aeab-072d31581934,2026-07-23T22:00:00Z,2026-07-24T00:00:00+0200,484.978,MW,DK2,DK_2,actual_offshore_wind_generation,Wind Offshore,2026-08-10T16:50:24Z
2026-08-10T16:45:28Z,2026-08-10T18:45:28+0200,f717c518-05ab-43f2-aeab-072d31581934,2026-07-23T22:15:00Z,2026-07-24T00:15:00+0200,558.238,MW,DK2,DK_2,actual_offshore_wind_generation,Wind Offshore,2026-08-10T16:50:24Z
2026-08-10T16:45:28Z,2026-08-10T18:45:28+0200,f717c518-05ab-43f2-aeab-072d31581934,2026-07-23T22:30:00Z,2026-07-24T00:30:00+0200,590.102,MW,DK2,DK_2,actual_offshore_wind_generation,Wind Offshore,2026-08-10T16:50:24Z
2026-08-10T16:45:28Z,2026-08-10T18:45:28+0200,f717c518-05ab-43f2-aeab-072d31581934,2026-07-23T22:45:00Z,2026-07-24T00:45:00+0200,595.937,MW,DK2,DK_2,actual_offshore_wind_generation,Wind Offshore,2026-08-10T16:50:24Z
2026-08-10T16:45:28Z,2026-08-10T18:45:28+0200,f717c518-05ab-43f2-aeab-072d31581934,2026-07-23T23:00:00Z,2026-07-24T01:00:00+0200,624.147,MW,DK2,DK_2,actual_offshore_wind_generation,Wind Offshore,2026-08-10T16:50:24Z
2026-08-10T16:45:28Z,2026-08-10T18:45:28+0200,f717c518-05ab-43f2-aeab-072d31581934,2026-07-23T23:15:00Z,2026-07-24T01:15:00+0200,599.2,MW,DK2,DK_2,actual_offshore_wind_generation,Wind Offshore,2026-08-10T16:50:24Z
2026-08-10T16:45:28Z,2026-08-10T18:45:28+0200,f717c518-05ab-43f2-aeab-072d31581934,2026-07-23T23:30:00Z,2026-07-24T01:30:00+0200,567.24,MW,DK2,DK_2,actual_offshore_wind_generation,Wind Offshore,2026-08-10T16:50:24Z
2026-08-10T16:45:28Z,2026-08-10T18:45:28+0200,f717c518-05ab-43f2-aeab-072d31581934,2026-07-23T23:45:00Z,2026-07-24T01:45:00+0200,473.25,MW,DK2,DK_2,actual_offshore_wind_generation,Wind Offshore,2026-08-10T16:50:24Z
2026-08-10T16:45:28Z,2026-08-10T18:45:28+0200,f717c518-05ab-43f2-aeab-072d31581934,2026-07-24T00:00:00Z,2026-07-24T02:00:00+0200,417.969,MW,DK2,DK_2,actual_offshore_wind_generation,Wind Offshore,2026-08-10T16:50:24Z
2026-08-10T16:45:28Z,2026-08-10T18:45:28+0200,f717c518-05ab-43f2-aeab-072d31581934,2026-07-24T00:15:00Z,2026-07-24T02:15:00+0200,427.995,MW,DK2,DK_2,actual_offshore_wind_generation,Wind Offshore,2026-08-10T16:50:24Z
2026-08-10T16:45:28Z,2026-08-10T18:45:28+0200,f717c518-05ab-43f2-aeab-072d31581934,2026-07-24T00:30:00Z,2026-07-24T02:30:00+0200,403.577,MW,DK2,DK_2,actual_offshore_wind_generation,Wind Offshore,2026-08-10T16:50:24Z
2026-08-10T16:45:28Z,2026-08-10T18:45:28+0200,f717c518-05ab-43f2-aeab-072d31581934,2026-07-24T00:45:00Z,2026-07-24T02:45:00+0200,376.344,MW,DK2,DK_2,actual_offshore_wind_generation,Wind Offshore,2026-08-10T16:50:24Z
2026-08-10T16:45:28Z,2026-08-10T18:45:28+0200,f717c518-05ab-43f2-aeab-072d31581934,2026-07-24T01:00:00Z,2026-07-24T03:00:00+0200,340.93,MW,DK2,DK_2,actual_offshore_wind_generation,Wind Offshore,2026-08-10T16:50:24Z
2026-08-10T16:45:28Z,2026-08-10T18:45:28+0200,f717c518-05ab-43f2-aeab-072d31581934,2026-07-24T01:15:00Z,2026-07-24T03:15:00+0200,254.878,MW,DK2,DK_2,actual_offshore_wind_generation,Wind Offshore,2026-08-10T16:50:24Z
2026-08-10T16:45:28Z,2026-08-10T18:45:28+0200,f717c518-05ab-43f2-aeab-072d31581934,2026-07-24T01:30:00Z,2026-07-24T03:30:00+0200,245.688,MW,DK2,DK_2,actual_offshore_wind_generation,Wind Offshore,2026-08-10T16:50:24Z
2026-08-10T16:45:28Z,2026-08-10T18:45:28+0200,f717c518-05ab-43f2-aeab-072d31581934,2026-07-24T01:45:00Z,2026-07-24T03:45:00+0200,213.992,MW,DK2,DK_2,actual_offshore_wind_generation,Wind Offshore,2026-08-10T16:50:24Z
2026-08-10T16:45:28Z,2026-08-10T18:45:28+0200,f717c518-05ab-43f2-aeab-072d31581934,2026-07-24T02:00:00Z,2026-07-24T04:00:00+0200,185.087,MW,DK2,DK_2,actual_offshore_wind_generation,Wind Offshore,2026-08-10T16:50:24Z
2026-08-10T16:45:28Z,2026-08-10T18:45:28+0200,f717c518-05ab-43f2-aeab-072d31581934,2026-07-24T02:15:00Z,2026-07-24T04:15:00+0200,200.131,MW,DK2,DK_2,actual_offshore_wind_generation,Wind Offshore,2026-08-10T16:50:24Z
2026-08-10T16:45:28Z,2026-08-10T18:45:28+0200,f717c518-05ab-43f2-aeab-072d31581934,2026-07-24T02:30:00Z,2026-07-24T04:30:00+0200,228.427,MW,DK2,DK_2,actual_offshore_wind_generation,Wind Offshore,2026-08-10T16:50:24Z
2026-08-10T16:45:28Z,2026-08-10T18:45:28+0200,f717c518-05ab-43f2-aeab-072d31581934,2026-07-24T02:45:00Z,2026-07-24T04:45:00+0200,245.004,MW,DK2,DK_2,actual_offshore_wind_generation,Wind Offshore,2026-08-10T16:50:24Z
2026-08-10T16:45:28Z,2026-08-10T18:45:28+0200,f717c518-05ab-43f2-aeab-072d31581934,2026-07-24T03:00:00Z,2026-07-24T05:00:00+0200,245.907,MW,DK2,DK_2,actual_offshore_wind_generation,Wind Offshore,2026-08-10T16:50:24Z
2026-08-10T16:45:28Z,2026-08-10T18:45:28+0200,f717c518-05ab-43f2-aeab-072d31581934,2026-07-24T03:15:00Z,2026-07-24T05:15:00+0200,268.383,MW,DK2,DK_2,actual_offshore_wind_generation,Wind Offshore,2026-08-10T16:50:24Z
2026-08-10T16:45:28Z,2026-08-10T18:45:28+0200,f717c518-05ab-43f2-aeab-072d31581934,2026-07-24T03:30:00Z,2026-07-24T05:30:00+0200,267.234,MW,DK2,DK_2,actual_offshore_wind_generation,Wind Offshore,2026-08-10T16:50:24Z
2026-08-10T16:45:28Z,2026-08-10T18:45:28+0200,f717c518-05ab-43f2-aeab-072d31581934,2026-07-24T03:45:00Z,2026-07-24T05:45:00+0200,259.511,MW,DK2,DK_2,actual_offshore_wind_generation,Wind Offshore,2026-08-10T16:50:24Z
2026-08-10T16:45:28Z,2026-08-10T18:45:28+0200,f717c518-05ab-43f2-aeab-072d31581934,2026-07-24T04:00:00Z,2026-07-24T06:00:00+0200,258.793,MW,DK2,DK_2,actual_offshore_wind_generation,Wind Offshore,2026-08-10T16:50:24Z
2026-08-10T16:45:28Z,2026-08-10T18:45:28+0200,f717c518-05ab-43f2-aeab-072d31581934,2026-07-24T04:15:00Z,2026-07-24T06:15:00+0200,263.102,MW,DK2,DK_2,actual_offshore_wind_generation,Wind Offshore,2026-08-10T16:50:24Z
2026-08-10T16:45:28Z,2026-08-10T18:45:28+0200,f717c518-05ab-43f2-aeab-072d31581934,2026-07-24T04:30:00Z,2026-07-24T06:30:00+0200,249.004,MW,DK2,DK_2,actual_offshore_wind_generation,Wind Offshore,2026-08-10T16:50:24Z
2026-08-10T16:45:28Z,2026-08-10T18:45:28+0200,f717c518-05ab-43f2-aeab-072d31581934,2026-07-24T04:45:00Z,2026-07-24T06:45:00+0200,253.773,MW,DK2,DK_2,actual_offshore_wind_generation,Wind Offshore,2026-08-10T16:50:24Z
2026-08-10T16:45:28Z,2026-08-10T18:45:28+0200,f717c518-05ab-43f2-aeab-072d31581934,2026-07-24T05:00:00Z,2026-07-24T07:00:00+0200,236.267,MW,DK2,DK_2,actual_offshore_wind_generation,Wind Offshore,2026-08-10T16:50:24Z
2026-08-10T16:45:28Z,2026-08-10T18:45:28+0200,f717c518-05ab-43f2-aeab-072d31581934,2026-07-24T05:15:00Z,2026-07-24T07:15:00+0200,215.574,MW,DK2,DK_2,actual_offshore_wind_generation,Wind Offshore,2026-08-10T16:50:24Z
2026-08-10T16:45:28Z,2026-08-10T18:45:28+0200,f717c518-05ab-43f2-aeab-072d31581934,2026-07-24T05:30:00Z,2026-07-24T07:30:00+0200,196.597,MW,DK2,DK_2,actual_offshore_wind_generation,Wind Offshore,2026-08-10T16:50:24Z
2026-08-10T16:45:28Z,2026-08-10T18:45:28+0200,f717c518-05ab-43f2-aeab-072d31581934,2026-07-24T05:45:00Z,2026-07-24T07:45:00+0200,174.211,MW,DK2,DK_2,actual_offshore_wind_generation,Wind Offshore,2026-08-10T16:50:24Z
2026-08-10T16:45:28Z,2026-08-10T18:45:28+0200,f717c518-05ab-43f2-aeab-072d31581934,2026-07-24T06:00:00Z,2026-07-24T08:00:00+0200,152.111,MW,DK2,DK_2,actual_offshore_wind_generation,Wind Offshore,2026-08-10T16:50:24Z
2026-08-10T16:45:28Z,2026-08-10T18:45:28+0200,f717c518-05ab-43f2-aeab-072d31581934,2026-07-24T06:15:00Z,2026-07-24T08:15:00+0200,146.365,MW,DK2,DK_2,actual_offshore_wind_generation,Wind Offshore,2026-08-10T16:50:24Z
2026-08-10T16:45:28Z,2026-08-10T18:45:28+0200,f717c518-05ab-43f2-aeab-072d31581934,2026-07-24T06:30:00Z,2026-07-24T08:30:00+0200,141.591,MW,DK2,DK_2,actual_offshore_wind_generation,Wind Offshore,2026-08-10T16:50:24Z
2026-08-10T16:45:28Z,2026-08-10T18:45:28+0200,f717c518-05ab-43f2-aeab-072d31581934,2026-07-24T06:45:00Z,2026-07-24T08:45:00+0200,151.064,MW,DK2,DK_2,actual_offshore_wind_generation,Wind Offshore,2026-08-10T16:50:24Z
2026-08-10T16:45:28Z,2026-08-10T18:45:28+0200,f717c518-05ab-43f2-aeab-072d31581934,2026-07-24T07:00:00Z,2026-07-24T09:00:00+0200,181.323,MW,DK2,DK_2,actual_offshore_wind_generation,Wind Offshore,2026-08-10T16:50:24Z
2026-08-10T16:45:28Z,2026-08-10T18:45:28+0200,f717c518-05ab-43f2-aeab-072d31581934,2026-07-24T07:15:00Z,2026-07-24T09:15:00+0200,190.745,MW,DK2,DK_2,actual_offshore_wind_generation,Wind Offshore,2026-08-10T16:50:24Z
2026-08-10T16:45:28Z,2026-08-10T18:45:28+0200,f717c518-05ab-43f2-aeab-072d31581934,2026-07-24T07:30:00Z,2026-07-24T09:30:00+0200,185.389,MW,DK2,DK_2,actual_offshore_wind_generation,Wind Offshore,2026-08-10T16:50:24Z
2026-08-10T16:45:28Z,2026-08-10T18:45:28+0200,f717c518-05ab-43f2-aeab-072d31581934,2026-07-24T07:45:00Z,2026-07-24T09:45:00+0200,180.428,MW,DK2,DK_2,actual_offshore_wind_generation,Wind Offshore,2026-08-10T16:50:24Z
2026-08-10T16:45:28Z,2026-08-10T18:45:28+0200,f717c518-05ab-43f2-aeab-072d31581934,2026-07-24T08:00:00Z,2026-07-24T10:00:00+0200,182.843,MW,DK2,DK_2,actual_offshore_wind_generation,Wind Offshore,2026-08-10T16:50:24Z
2026-08-10T16:45:28Z,2026-08-10T18:45:28+0200,f717c518-05ab-43f2-aeab-072d31581934,2026-07-24T08:15:00Z,2026-07-24T10:15:00+0200,172.003,MW,DK2,DK_2,actual_offshore_wind_generation,Wind Offshore,2026-08-10T16:50:24Z
2026-08-10T16:45:28Z,2026-08-10T18:45:28+0200,f717c518-05ab-43f2-aeab-072d31581934,2026-07-24T08:30:00Z,2026-07-24T10:30:00+0200,162.399,MW,DK2,DK_2,actual_offshore_wind_generation,Wind Offshore,2026-08-10T16:50:24Z
2026-08-10T16:45:28Z,2026-08-10T18:45:28+0200,f717c518-05ab-43f2-aeab-072d31581934,2026-07-24T08:45:00Z,2026-07-24T10:45:00+0200,161.405,MW,DK2,DK_2,actual_offshore_wind_generation,Wind Offshore,2026-08-10T16:50:24Z
2026-08-10T16:45:28Z,2026-08-10T18:45:28+0200,f717c518-05ab-43f2-aeab-072d31581934,2026-07-24T09:00:00Z,2026-07-24T11:00:00+0200,172.987,MW,DK2,DK_2,actual_offshore_wind_generation,Wind Offshore,2026-08-10T16:50:24Z
2026-08-10T16:45:28Z,2026-08-10T18:45:28+0200,f717c518-05ab-43f2-aeab-072d31581934,2026-07-24T09:15:00Z,2026-07-24T11:15:00+0200,185.231,MW,DK2,DK_2,actual_offshore_wind_generation,Wind Offshore,2026-08-10T16:50:24Z
2026-08-10T16:45:28Z,2026-08-10T18:45:28+0200,f717c518-05ab-43f2-aeab-072d31581934,2026-07-24T09:30:00Z,2026-07-24T11:30:00+0200,199.157,MW,DK2,DK_2,actual_offshore_wind_generation,Wind Offshore,2026-08-10T16:50:24Z
2026-08-10T16:45:28Z,2026-08-10T18:45:28+0200,f717c518-05ab-43f2-aeab-072d31581934,2026-07-24T09:45:00Z,2026-07-24T11:45:00+0200,185.815,MW,DK2,DK_2,actual_offshore_wind_generation,Wind Offshore,2026-08-10T16:50:24Z
2026-08-10T16:45:28Z,2026-08-10T18:45:28+0200,f717c518-05ab-43f2-aeab-072d31581934,2026-07-24T10:00:00Z,2026-07-24T12:00:00+0200,197.788,MW,DK2,DK_2,actual_offshore_wind_generation,Wind Offshore,2026-08-10T16:50:24Z
2026-08-10T16:45:28Z,2026-08-10T18:45:28+0200,f717c518-05ab-43f2-aeab-072d31581934,2026-07-24T10:15:00Z,2026-07-24T12:15:00+0200,211.059,MW,DK2,DK_2,actual_offshore_wind_generation,Wind Offshore,2026-08-10T16:50:24Z
2026-08-10T16:45:28Z,2026-08-10T18:45:28+0200,f717c518-05ab-43f2-aeab-072d31581934,2026-07-24T10:30:00Z,2026-07-24T12:30:00+0200,272.244,MW,DK2,DK_2,actual_offshore_wind_generation,Wind Offshore,2026-08-10T16:50:24Z
2026-08-10T16:45:28Z,2026-08-10T18:45:28+0200,f717c518-05ab-43f2-aeab-072d31581934,2026-07-24T10:45:00Z,2026-07-24T12:45:00+0200,357.862,MW,DK2,DK_2,actual_offshore_wind_generation,Wind Offshore,2026-08-10T16:50:24Z
2026-08-10T16:45:28Z,2026-08-10T18:45:28+0200,f717c518-05ab-43f2-aeab-072d31581934,2026-07-24T11:00:00Z,2026-07-24T13:00:00+0200,406.619,MW,DK2,DK_2,actual_offshore_wind_generation,Wind Offshore,2026-08-10T16:50:24Z
2026-08-10T16:45:28Z,2026-08-10T18:45:28+0200,f717c518-05ab-43f2-aeab-072d31581934,2026-07-24T11:15:00Z,2026-07-24T13:15:00+0200,402.825,MW,DK2,DK_2,actual_offshore_wind_generation,Wind Offshore,2026-08-10T16:50:24Z
2026-08-10T16:45:28Z,2026-08-10T18:45:28+0200,f717c518-05ab-43f2-aeab-072d31581934,2026-07-24T11:30:00Z,2026-07-24T13:30:00+0200,389.063,MW,DK2,DK_2,actual_offshore_wind_generation,Wind Offshore,2026-08-10T16:50:24Z
2026-08-10T16:45:28Z,2026-08-10T18:45:28+0200,f717c518-05ab-43f2-aeab-072d31581934,2026-07-24T11:45:00Z,2026-07-24T13:45:00+0200,366.578,MW,DK2,DK_2,actual_offshore_wind_generation,Wind Offshore,2026-08-10T16:50:24Z
2026-08-10T16:45:28Z,2026-08-10T18:45:28+0200,f717c518-05ab-43f2-aeab-072d31581934,2026-07-24T12:00:00Z,2026-07-24T14:00:00+0200,316.471,MW,DK2,DK_2,actual_offshore_wind_generation,Wind Offshore,2026-08-10T16:50:24Z
2026-08-10T16:45:28Z,2026-08-10T18:45:28+0200,f717c518-05ab-43f2-aeab-072d31581934,2026-07-24T12:15:00Z,2026-07-24T14:15:00+0200,274.992,MW,DK2,DK_2,actual_offshore_wind_generation,Wind Offshore,2026-08-10T16:50:24Z
2026-08-10T16:45:28Z,2026-08-10T18:45:28+0200,f717c518-05ab-43f2-aeab-072d31581934,2026-07-24T12:30:00Z,2026-07-24T14:30:00+0200,272.07,MW,DK2,DK_2,actual_offshore_wind_generation,Wind Offshore,2026-08-10T16:50:24Z
2026-08-10T16:45:28Z,2026-08-10T18:45:28+0200,f717c518-05ab-43f2-aeab-072d31581934,2026-07-24T12:45:00Z,2026-07-24T14:45:00+0200,272.991,MW,DK2,DK_2,actual_offshore_wind_generation,Wind Offshore,2026-08-10T16:50:24Z
2026-08-10T16:45:28Z,2026-08-10T18:45:28+0200,f717c518-05ab-43f2-aeab-072d31581934,2026-07-24T13:00:00Z,2026-07-24T15:00:00+0200,257.1,MW,DK2,DK_2,actual_offshore_wind_generation,Wind Offshore,2026-08-10T16:50:24Z
2026-08-10T16:45:28Z,2026-08-10T18:45:28+0200,f717c518-05ab-43f2-aeab-072d31581934,2026-07-24T13:15:00Z,2026-07-24T15:15:00+0200,237.855,MW,DK2,DK_2,actual_offshore_wind_generation,Wind Offshore,2026-08-10T16:50:24Z
2026-08-10T16:45:28Z,2026-08-10T18:45:28+0200,f717c518-05ab-43f2-aeab-072d31581934,2026-07-24T13:30:00Z,2026-07-24T15:30:00+0200,238.695,MW,DK2,DK_2,actual_offshore_wind_generation,Wind Offshore,2026-08-10T16:50:24Z
2026-08-10T16:45:28Z,2026-08-10T18:45:28+0200,f717c518-05ab-43f2-aeab-072d31581934,2026-07-24T13:45:00Z,2026-07-24T15:45:00+0200,273.511,MW,DK2,DK_2,actual_offshore_wind_generation,Wind Offshore,2026-08-10T16:50:24Z
2026-08-10T16:45:28Z,2026-08-10T18:45:28+0200,f717c518-05ab-43f2-aeab-072d31581934,2026-07-24T14:00:00Z,2026-07-24T16:00:00+0200,243.292,MW,DK2,DK_2,actual_offshore_wind_generation,Wind Offshore,2026-08-10T16:50:24Z
2026-08-10T16:45:28Z,2026-08-10T18:45:28+0200,f717c518-05ab-43f2-aeab-072d31581934,2026-07-24T14:15:00Z,2026-07-24T16:15:00+0200,208.402,MW,DK2,DK_2,actual_offshore_wind_generation,Wind Offshore,2026-08-10T16:50:24Z
2026-08-10T16:45:28Z,2026-08-10T18:45:28+0200,f717c518-05ab-43f2-aeab-072d31581934,2026-07-24T14:30:00Z,2026-07-24T16:30:00+0200,181.077,MW,DK2,DK_2,actual_offshore_wind_generation,Wind Offshore,2026-08-10T16:50:24Z
2026-08-10T16:45:28Z,2026-08-10T18:45:28+0200,f717c518-05ab-43f2-aeab-072d31581934,2026-07-24T14:45:00Z,2026-07-24T16:45:00+0200,191.255,MW,DK2,DK_2,actual_offshore_wind_generation,Wind Offshore,2026-08-10T16:50:24Z
2026-08-10T16:45:28Z,2026-08-10T18:45:28+0200,f717c518-05ab-43f2-aeab-072d31581934,2026-07-24T15:00:00Z,2026-07-24T17:00:00+0200,162.37,MW,DK2,DK_2,actual_offshore_wind_generation,Wind Offshore,2026-08-10T16:50:24Z
2026-08-10T16:45:28Z,2026-08-10T18:45:28+0200,f717c518-05ab-43f2-aeab-072d31581934,2026-07-24T15:15:00Z,2026-07-24T17:15:00+0200,152.728,MW,DK2,DK_2,actual_offshore_wind_generation,Wind Offshore,2026-08-10T16:50:24Z
2026-08-10T16:45:28Z,2026-08-10T18:45:28+0200,f717c518-05ab-43f2-aeab-072d31581934,2026-07-24T15:30:00Z,2026-07-24T17:30:00+0200,215.809,MW,DK2,DK_2,actual_offshore_wind_generation,Wind Offshore,2026-08-10T16:50:24Z
2026-08-10T16:45:28Z,2026-08-10T18:45:28+0200,f717c518-05ab-43f2-aeab-072d31581934,2026-07-24T15:45:00Z,2026-07-24T17:45:00+0200,219.632,MW,DK2,DK_2,actual_offshore_wind_generation,Wind Offshore,2026-08-10T16:50:24Z
2026-08-10T16:45:28Z,2026-08-10T18:45:28+0200,f717c518-05ab-43f2-aeab-072d31581934,2026-07-24T16:00:00Z,2026-07-24T18:00:00+0200,220.832,MW,DK2,DK_2,actual_offshore_wind_generation,Wind Offshore,2026-08-10T16:50:24Z
2026-08-10T16:45:28Z,2026-08-10T18:45:28+0200,f717c518-05ab-43f2-aeab-072d31581934,2026-07-24T16:15:00Z,2026-07-24T18:15:00+0200,159.847,MW,DK2,DK_2,actual_offshore_wind_generation,Wind Offshore,2026-08-10T16:50:24Z
2026-08-10T16:45:28Z,2026-08-10T18:45:28+0200,f717c518-05ab-43f2-aeab-072d31581934,2026-07-24T16:30:00Z,2026-07-24T18:30:00+0200,261.54,MW,DK2,DK_2,actual_offshore_wind_generation,Wind Offshore,2026-08-10T16:50:24Z
2026-08-10T16:45:28Z,2026-08-10T18:45:28+0200,f717c518-05ab-43f2-aeab-072d31581934,2026-07-24T16:45:00Z,2026-07-24T18:45:00+0200,268.212,MW,DK2,DK_2,actual_offshore_wind_generation,Wind Offshore,2026-08-10T16:50:24Z
2026-08-10T16:45:28Z,2026-08-10T18:45:28+0200,f717c518-05ab-43f2-aeab-072d31581934,2026-07-24T17:00:00Z,2026-07-24T19:00:00+0200,237.669,MW,DK2,DK_2,actual_offshore_wind_generation,Wind Offshore,2026-08-10T16:50:24Z
2026-08-10T16:45:28Z,2026-08-10T18:45:28+0200,f717c518-05ab-43f2-aeab-072d31581934,2026-07-24T17:15:00Z,2026-07-24T19:15:00+0200,220.419,MW,DK2,DK_2,actual_offshore_wind_generation,Wind Offshore,2026-08-10T16:50:24Z
2026-08-10T16:45:28Z,2026-08-10T18:45:28+0200,f717c518-05ab-43f2-aeab-072d31581934,2026-07-24T17:30:00Z,2026-07-24T19:30:00+0200,192.64,MW,DK2,DK_2,actual_offshore_wind_generation,Wind Offshore,2026-08-10T16:50:24Z
2026-08-10T16:45:28Z,2026-08-10T18:45:28+0200,f717c518-05ab-43f2-aeab-072d31581934,2026-07-24T17:45:00Z,2026-07-24T19:45:00+0200,186.672,MW,DK2,DK_2,actual_offshore_wind_generation,Wind Offshore,2026-08-10T16:50:24Z
2026-08-10T16:45:28Z,2026-08-10T18:45:28+0200,f717c518-05ab-43f2-aeab-072d31581934,2026-07-24T18:00:00Z,2026-07-24T20:00:00+0200,184.332,MW,DK2,DK_2,actual_offshore_wind_generation,Wind Offshore,2026-08-10T16:50:24Z
2026-08-10T16:45:28Z,2026-08-10T18:45:28+0200,f717c518-05ab-43f2-aeab-072d31581934,2026-07-24T18:15:00Z,2026-07-24T20:15:00+0200,179.705,MW,DK2,DK_2,actual_offshore_wind_generation,Wind Offshore,2026-08-10T16:50:24Z
2026-08-10T16:45:28Z,2026-08-10T18:45:28+0200,f717c518-05ab-43f2-aeab-072d31581934,2026-07-24T18:30:00Z,2026-07-24T20:30:00+0200,192.163,MW,DK2,DK_2,actual_offshore_wind_generation,Wind Offshore,2026-08-10T16:50:24Z
2026-08-10T16:45:28Z,2026-08-10T18:45:28+0200,f717c518-05ab-43f2-aeab-072d31581934,2026-07-24T18:45:00Z,2026-07-24T20:45:00+0200,188.242,MW,DK2,DK_2,actual_offshore_wind_generation,Wind Offshore,2026-08-10T16:50:24Z
2026-08-10T16:45:28Z,2026-08-10T18:45:28+0200,f717c518-05ab-43f2-aeab-072d31581934,2026-07-24T19:00:00Z,2026-07-24T21:00:00+0200,200.869,MW,DK2,DK_2,actual_offshore_wind_generation,Wind Offshore,2026-08-10T16:50:24Z
2026-08-10T16:45:28Z,2026-08-10T18:45:28+0200,f717c518-05ab-43f2-aeab-072d31581934,2026-07-24T19:15:00Z,2026-07-24T21:15:00+0200,221.544,MW,DK2,DK_2,actual_offshore_wind_generation,Wind Offshore,2026-08-10T16:50:24Z
2026-08-10T16:45:28Z,2026-08-10T18:45:28+0200,f717c518-05ab-43f2-aeab-072d31581934,2026-07-24T19:30:00Z,2026-07-24T21:30:00+0200,218.122,MW,DK2,DK_2,actual_offshore_wind_generation,Wind Offshore,2026-08-10T16:50:24Z
2026-08-10T16:45:28Z,2026-08-10T18:45:28+0200,f717c518-05ab-43f2-aeab-072d31581934,2026-07-24T19:45:00Z,2026-07-24T21:45:00+0200,215.669,MW,DK2,DK_2,actual_offshore_wind_generation,Wind Offshore,2026-08-10T16:50:24Z
2026-08-10T16:45:28Z,2026-08-10T18:45:28+0200,f717c518-05ab-43f2-aeab-072d31581934,2026-07-24T20:00:00Z,2026-07-24T22:00:00+0200,216.222,MW,DK2,DK_2,actual_offshore_wind_generation,Wind Offshore,2026-08-10T16:50:24Z
2026-08-10T16:45:28Z,2026-08-10T18:45:28+0200,f717c518-05ab-43f2-aeab-072d31581934,2026-07-24T20:15:00Z,2026-07-24T22:15:00+0200,231.066,MW,DK2,DK_2,actual_offshore_wind_generation,Wind Offshore,2026-08-10T16:50:24Z
2026-08-10T16:45:28Z,2026-08-10T18:45:28+0200,f717c518-05ab-43f2-aeab-072d31581934,2026-07-24T20:30:00Z,2026-07-24T22:30:00+0200,264.37,MW,DK2,DK_2,actual_offshore_wind_generation,Wind Offshore,2026-08-10T16:50:24Z
2026-08-10T16:45:28Z,2026-08-10T18:45:28+0200,f717c518-05ab-43f2-aeab-072d31581934,2026-07-24T20:45:00Z,2026-07-24T22:45:00+0200,304.23,MW,DK2,DK_2,actual_offshore_wind_generation,Wind Offshore,2026-08-10T16:50:24Z
2026-08-10T16:45:28Z,2026-08-10T18:45:28+0200,f717c518-05ab-43f2-aeab-072d31581934,2026-07-24T21:00:00Z,2026-07-24T23:00:00+0200,341.862,MW,DK2,DK_2,actual_offshore_wind_generation,Wind Offshore,2026-08-10T16:50:24Z
2026-08-10T16:45:28Z,2026-08-10T18:45:28+0200,f717c518-05ab-43f2-aeab-072d31581934,2026-07-24T21:15:00Z,2026-07-24T23:15:00+0200,376.698,MW,DK2,DK_2,actual_offshore_wind_generation,Wind Offshore,2026-08-10T16:50:24Z
2026-08-10T16:45:28Z,2026-08-10T18:45:28+0200,f717c518-05ab-43f2-aeab-072d31581934,2026-07-24T21:30:00Z,2026-07-24T23:30:00+0200,413.438,MW,DK2,DK_2,actual_offshore_wind_generation,Wind Offshore,2026-08-10T16:50:24Z
2026-08-10T16:45:28Z,2026-08-10T18:45:28+0200,f717c518-05ab-43f2-aeab-072d31581934,2026-07-24T21:45:00Z,2026-07-24T23:45:00+0200,416.589,MW,DK2,DK_2,actual_offshore_wind_generation,Wind Offshore,2026-08-10T16:50:24Z
2026-08-10T16:45:28Z,2026-08-10T18:45:28+0200,f717c518-05ab-43f2-aeab-072d31581934,2026-07-24T22:00:00Z,2026-07-25T00:00:00+0200,439.503,MW,DK2,DK_2,actual_offshore_wind_generation,Wind Offshore,2026-08-10T16:50:24Z
2026-08-10T16:45:28Z,2026-08-10T18:45:28+0200,f717c518-05ab-43f2-aeab-072d31581934,2026-07-24T22:15:00Z,2026-07-25T00:15:00+0200,460.847,MW,DK2,DK_2,actual_offshore_wind_generation,Wind Offshore,2026-08-10T16:50:24Z
2026-08-10T16:45:28Z,2026-08-10T18:45:28+0200,f717c518-05ab-43f2-aeab-072d31581934,2026-07-24T22:30:00Z,2026-07-25T00:30:00+0200,485.932,MW,DK2,DK_2,actual_offshore_wind_generation,Wind Offshore,2026-08-10T16:50:24Z
2026-08-10T16:45:28Z,2026-08-10T18:45:28+0200,f717c518-05ab-43f2-aeab-072d31581934,2026-07-24T22:45:00Z,2026-07-25T00:45:00+0200,493.598,MW,DK2,DK_2,actual_offshore_wind_generation,Wind Offshore,2026-08-10T16:50:24Z
2026-08-10T16:45:28Z,2026-08-10T18:45:28+0200,f717c518-05ab-43f2-aeab-072d31581934,2026-07-24T23:00:00Z,2026-07-25T01:00:00+0200,472.708,MW,DK2,DK_2,actual_offshore_wind_generation,Wind Offshore,2026-08-10T16:50:24Z
2026-08-10T16:45:28Z,2026-08-10T18:45:28+0200,f717c518-05ab-43f2-aeab-072d31581934,2026-07-24T23:15:00Z,2026-07-25T01:15:00+0200,423.777,MW,DK2,DK_2,actual_offshore_wind_generation,Wind Offshore,2026-08-10T16:50:24Z
2026-08-10T16:45:28Z,2026-08-10T18:45:28+0200,f717c518-05ab-43f2-aeab-072d31581934,2026-07-24T23:30:00Z,2026-07-25T01:30:00+0200,371.209,MW,DK2,DK_2,actual_offshore_wind_generation,Wind Offshore,2026-08-10T16:50:24Z
2026-08-10T16:45:28Z,2026-08-10T18:45:28+0200,f717c518-05ab-43f2-aeab-072d31581934,2026-07-24T23:45:00Z,2026-07-25T01:45:00+0200,340.897,MW,DK2,DK_2,actual_offshore_wind_generation,Wind Offshore,2026-08-10T16:50:24Z
2026-08-10T16:45:28Z,2026-08-10T18:45:28+0200,f717c518-05ab-43f2-aeab-072d31581934,2026-07-25T00:00:00Z,2026-07-25T02:00:00+0200,303.16,MW,DK2,DK_2,actual_offshore_wind_generation,Wind Offshore,2026-08-10T16:50:24Z
2026-08-10T16:45:28Z,2026-08-10T18:45:28+0200,f717c518-05ab-43f2-aeab-072d31581934,2026-07-25T00:15:00Z,2026-07-25T02:15:00+0200,262.596,MW,DK2,DK_2,actual_offshore_wind_generation,Wind Offshore,2026-08-10T16:50:24Z
2026-08-10T16:45:28Z,2026-08-10T18:45:28+0200,f717c518-05ab-43f2-aeab-072d31581934,2026-07-25T00:30:00Z,2026-07-25T02:30:00+0200,227.799,MW,DK2,DK_2,actual_offshore_wind_generation,Wind Offshore,2026-08-10T16:50:24Z
2026-08-10T16:45:28Z,2026-08-10T18:45:28+0200,f717c518-05ab-43f2-aeab-072d31581934,2026-07-25T00:45:00Z,2026-07-25T02:45:00+0200,211.422,MW,DK2,DK_2,actual_offshore_wind_generation,Wind Offshore,2026-08-10T16:50:24Z
2026-08-10T16:45:28Z,2026-08-10T18:45:28+0200,f717c518-05ab-43f2-aeab-072d31581934,2026-07-25T01:00:00Z,2026-07-25T03:00:00+0200,199.91,MW,DK2,DK_2,actual_offshore_wind_generation,Wind Offshore,2026-08-10T16:50:24Z
2026-08-10T16:45:28Z,2026-08-10T18:45:28+0200,f717c518-05ab-43f2-aeab-072d31581934,2026-07-25T01:15:00Z,2026-07-25T03:15:00+0200,196.326,MW,DK2,DK_2,actual_offshore_wind_generation,Wind Offshore,2026-08-10T16:50:24Z
2026-08-10T16:45:28Z,2026-08-10T18:45:28+0200,f717c518-05ab-43f2-aeab-072d31581934,2026-07-25T01:30:00Z,2026-07-25T03:30:00+0200,183.051,MW,DK2,DK_2,actual_offshore_wind_generation,Wind Offshore,2026-08-10T16:50:24Z
2026-08-10T16:45:28Z,2026-08-10T18:45:28+0200,f717c518-05ab-43f2-aeab-072d31581934,2026-07-25T01:45:00Z,2026-07-25T03:45:00+0200,177.71,MW,DK2,DK_2,actual_offshore_wind_generation,Wind Offshore,2026-08-10T16:50:24Z
2026-08-10T16:45:28Z,2026-08-10T18:45:28+0200,f717c518-05ab-43f2-aeab-072d31581934,2026-07-25T02:00:00Z,2026-07-25T04:00:00+0200,175.227,MW,DK2,DK_2,actual_offshore_wind_generation,Wind Offshore,2026-08-10T16:50:24Z
2026-08-10T16:45:28Z,2026-08-10T18:45:28+0200,f717c518-05ab-43f2-aeab-072d31581934,2026-07-25T02:15:00Z,2026-07-25T04:15:00+0200,186.864,MW,DK2,DK_2,actual_offshore_wind_generation,Wind Offshore,2026-08-10T16:50:24Z
2026-08-10T16:45:28Z,2026-08-10T18:45:28+0200,f717c518-05ab-43f2-aeab-072d31581934,2026-07-25T02:30:00Z,2026-07-25T04:30:00+0200,199.425,MW,DK2,DK_2,actual_offshore_wind_generation,Wind Offshore,2026-08-10T16:50:24Z
2026-08-10T16:45:28Z,2026-08-10T18:45:28+0200,f717c518-05ab-43f2-aeab-072d31581934,2026-07-25T02:45:00Z,2026-07-25T04:45:00+0200,221.45,MW,DK2,DK_2,actual_offshore_wind_generation,Wind Offshore,2026-08-10T16:50:24Z
2026-08-10T16:45:28Z,2026-08-10T18:45:28+0200,f717c518-05ab-43f2-aeab-072d31581934,2026-07-25T03:00:00Z,2026-07-25T05:00:00+0200,261.473,MW,DK2,DK_2,actual_offshore_wind_generation,Wind Offshore,2026-08-10T16:50:24Z
2026-08-10T16:45:28Z,2026-08-10T18:45:28+0200,f717c518-05ab-43f2-aeab-072d31581934,2026-07-25T03:15:00Z,2026-07-25T05:15:00+0200,289.484,MW,DK2,DK_2,actual_offshore_wind_generation,Wind Offshore,2026-08-10T16:50:24Z
2026-08-10T16:45:28Z,2026-08-10T18:45:28+0200,f717c518-05ab-43f2-aeab-072d31581934,2026-07-25T03:30:00Z,2026-07-25T05:30:00+0200,347.204,MW,DK2,DK_2,actual_offshore_wind_generation,Wind Offshore,2026-08-10T16:50:24Z
2026-08-10T16:45:28Z,2026-08-10T18:45:28+0200,f717c518-05ab-43f2-aeab-072d31581934,2026-07-25T03:45:00Z,2026-07-25T05:45:00+0200,401.164,MW,DK2,DK_2,actual_offshore_wind_generation,Wind Offshore,2026-08-10T16:50:24Z
2026-08-10T16:45:28Z,2026-08-10T18:45:28+0200,f717c518-05ab-43f2-aeab-072d31581934,2026-07-25T04:00:00Z,2026-07-25T06:00:00+0200,459.764,MW,DK2,DK_2,actual_offshore_wind_generation,Wind Offshore,2026-08-10T16:50:24Z
2026-08-10T16:45:28Z,2026-08-10T18:45:28+0200,f717c518-05ab-43f2-aeab-072d31581934,2026-07-25T04:15:00Z,2026-07-25T06:15:00+0200,530.902,MW,DK2,DK_2,actual_offshore_wind_generation,Wind Offshore,2026-08-10T16:50:24Z
2026-08-10T16:45:28Z,2026-08-10T18:45:28+0200,f717c518-05ab-43f2-aeab-072d31581934,2026-07-25T04:30:00Z,2026-07-25T06:30:00+0200,513.987,MW,DK2,DK_2,actual_offshore_wind_generation,Wind Offshore,2026-08-10T16:50:24Z
2026-08-10T16:45:28Z,2026-08-10T18:45:28+0200,f717c518-05ab-43f2-aeab-072d31581934,2026-07-25T04:45:00Z,2026-07-25T06:45:00+0200,557.538,MW,DK2,DK_2,actual_offshore_wind_generation,Wind Offshore,2026-08-10T16:50:24Z
2026-08-10T16:45:28Z,2026-08-10T18:45:28+0200,f717c518-05ab-43f2-aeab-072d31581934,2026-07-25T05:00:00Z,2026-07-25T07:00:00+0200,590.405,MW,DK2,DK_2,actual_offshore_wind_generation,Wind Offshore,2026-08-10T16:50:24Z
2026-08-10T16:45:28Z,2026-08-10T18:45:28+0200,f717c518-05ab-43f2-aeab-072d31581934,2026-07-25T05:15:00Z,2026-07-25T07:15:00+0200,611.101,MW,DK2,DK_2,actual_offshore_wind_generation,Wind Offshore,2026-08-10T16:50:24Z
2026-08-10T16:45:28Z,2026-08-10T18:45:28+0200,f717c518-05ab-43f2-aeab-072d31581934,2026-07-25T05:30:00Z,2026-07-25T07:30:00+0200,579.315,MW,DK2,DK_2,actual_offshore_wind_generation,Wind Offshore,2026-08-10T16:50:24Z
2026-08-10T16:45:28Z,2026-08-10T18:45:28+0200,f717c518-05ab-43f2-aeab-072d31581934,2026-07-25T05:45:00Z,2026-07-25T07:45:00+0200,553.193,MW,DK2,DK_2,actual_offshore_wind_generation,Wind Offshore,2026-08-10T16:50:24Z
2026-08-10T16:45:28Z,2026-08-10T18:45:28+0200,f717c518-05ab-43f2-aeab-072d31581934,2026-07-25T06:00:00Z,2026-07-25T08:00:00+0200,549.901,MW,DK2,DK_2,actual_offshore_wind_generation,Wind Offshore,2026-08-10T16:50:24Z
2026-08-10T16:45:28Z,2026-08-10T18:45:28+0200,f717c518-05ab-43f2-aeab-072d31581934,2026-07-25T06:15:00Z,2026-07-25T08:15:00+0200,571.215,MW,DK2,DK_2,actual_offshore_wind_generation,Wind Offshore,2026-08-10T16:50:24Z
2026-08-10T16:45:28Z,2026-08-10T18:45:28+0200,f717c518-05ab-43f2-aeab-072d31581934,2026-07-25T06:30:00Z,2026-07-25T08:30:00+0200,592.972,MW,DK2,DK_2,actual_offshore_wind_generation,Wind Offshore,2026-08-10T16:50:24Z
2026-08-10T16:45:28Z,2026-08-10T18:45:28+0200,f717c518-05ab-43f2-aeab-072d31581934,2026-07-25T06:45:00Z,2026-07-25T08:45:00+0200,606.195,MW,DK2,DK_2,actual_offshore_wind_generation,Wind Offshore,2026-08-10T16:50:24Z
2026-08-10T16:45:28Z,2026-08-10T18:45:28+0200,f717c518-05ab-43f2-aeab-072d31581934,2026-07-25T07:00:00Z,2026-07-25T09:00:00+0200,623.838,MW,DK2,DK_2,actual_offshore_wind_generation,Wind Offshore,2026-08-10T16:50:24Z
2026-08-10T16:45:28Z,2026-08-10T18:45:28+0200,f717c518-05ab-43f2-aeab-072d31581934,2026-07-25T07:15:00Z,2026-07-25T09:15:00+0200,624.752,MW,DK2,DK_2,actual_offshore_wind_generation,Wind Offshore,2026-08-10T16:50:24Z
2026-08-10T16:45:28Z,2026-08-10T18:45:28+0200,f717c518-05ab-43f2-aeab-072d31581934,2026-07-25T07:30:00Z,2026-07-25T09:30:00+0200,277.883,MW,DK2,DK_2,actual_offshore_wind_generation,Wind Offshore,2026-08-10T16:50:24Z
2026-08-10T16:45:28Z,2026-08-10T18:45:28+0200,f717c518-05ab-43f2-aeab-072d31581934,2026-07-25T07:45:00Z,2026-07-25T09:45:00+0200,155.729,MW,DK2,DK_2,actual_offshore_wind_generation,Wind Offshore,2026-08-10T16:50:24Z
2026-08-10T16:45:28Z,2026-08-10T18:45:28+0200,f717c518-05ab-43f2-aeab-072d31581934,2026-07-25T08:00:00Z,2026-07-25T10:00:00+0200,124.622,MW,DK2,DK_2,actual_offshore_wind_generation,Wind Offshore,2026-08-10T16:50:24Z
2026-08-10T16:45:28Z,2026-08-10T18:45:28+0200,f717c518-05ab-43f2-aeab-072d31581934,2026-07-25T08:15:00Z,2026-07-25T10:15:00+0200,145.628,MW,DK2,DK_2,actual_offshore_wind_generation,Wind Offshore,2026-08-10T16:50:24Z
2026-08-10T16:45:28Z,2026-08-10T18:45:28+0200,f717c518-05ab-43f2-aeab-072d31581934,2026-07-25T08:30:00Z,2026-07-25T10:30:00+0200,96.5287,MW,DK2,DK_2,actual_offshore_wind_generation,Wind Offshore,2026-08-10T16:50:24Z
2026-08-10T16:45:28Z,2026-08-10T18:45:28+0200,f717c518-05ab-43f2-aeab-072d31581934,2026-07-25T08:45:00Z,2026-07-25T10:45:00+0200,85.9644,MW,DK2,DK_2,actual_offshore_wind_generation,Wind Offshore,2026-08-10T16:50:24Z
2026-08-10T16:45:28Z,2026-08-10T18:45:28+0200,f717c518-05ab-43f2-aeab-072d31581934,2026-07-25T09:00:00Z,2026-07-25T11:00:00+0200,38.1592,MW,DK2,DK_2,actual_offshore_wind_generation,Wind Offshore,2026-08-10T16:50:24Z
2026-08-10T16:45:28Z,2026-08-10T18:45:28+0200,f717c518-05ab-43f2-aeab-072d31581934,2026-07-25T09:15:00Z,2026-07-25T11:15:00+0200,31.7415,MW,DK2,DK_2,actual_offshore_wind_generation,Wind Offshore,2026-08-10T16:50:24Z
2026-08-10T16:45:28Z,2026-08-10T18:45:28+0200,f717c518-05ab-43f2-aeab-072d31581934,2026-07-25T09:30:00Z,2026-07-25T11:30:00+0200,79.4912,MW,DK2,DK_2,actual_offshore_wind_generation,Wind Offshore,2026-08-10T16:50:24Z
2026-08-10T16:45:28Z,2026-08-10T18:45:28+0200,f717c518-05ab-43f2-aeab-072d31581934,2026-07-25T09:45:00Z,2026-07-25T11:45:00+0200,53.1519,MW,DK2,DK_2,actual_offshore_wind_generation,Wind Offshore,2026-08-10T16:50:24Z
2026-08-10T16:45:28Z,2026-08-10T18:45:28+0200,f717c518-05ab-43f2-aeab-072d31581934,2026-07-25T10:00:00Z,2026-07-25T12:00:00+0200,19.6043,MW,DK2,DK_2,actual_offshore_wind_generation,Wind Offshore,2026-08-10T16:50:24Z
2026-08-10T16:45:28Z,2026-08-10T18:45:28+0200,f717c518-05ab-43f2-aeab-072d31581934,2026-07-25T10:15:00Z,2026-07-25T12:15:00+0200,18.7961,MW,DK2,DK_2,actual_offshore_wind_generation,Wind Offshore,2026-08-10T16:50:24Z
2026-08-10T16:45:28Z,2026-08-10T18:45:28+0200,f717c518-05ab-43f2-aeab-072d31581934,2026-07-25T10:30:00Z,2026-07-25T12:30:00+0200,15.9975,MW,DK2,DK_2,actual_offshore_wind_generation,Wind Offshore,2026-08-10T16:50:24Z
2026-08-10T16:45:28Z,2026-08-10T18:45:28+0200,f717c518-05ab-43f2-aeab-072d31581934,2026-07-25T10:45:00Z,2026-07-25T12:45:00+0200,20.3347,MW,DK2,DK_2,actual_offshore_wind_generation,Wind Offshore,2026-08-10T16:50:24Z
2026-08-10T16:45:28Z,2026-08-10T18:45:28+0200,f717c518-05ab-43f2-aeab-072d31581934,2026-07-25T11:00:00Z,2026-07-25T13:00:00+0200,80.1953,MW,DK2,DK_2,actual_offshore_wind_generation,Wind Offshore,2026-08-10T16:50:24Z
2026-08-10T16:45:28Z,2026-08-10T18:45:28+0200,f717c518-05ab-43f2-aeab-072d31581934,2026-07-25T11:15:00Z,2026-07-25T13:15:00+0200,21.1627,MW,DK2,DK_2,actual_offshore_wind_generation,Wind Offshore,2026-08-10T16:50:24Z
2026-08-10T16:45:28Z,2026-08-10T18:45:28+0200,f717c518-05ab-43f2-aeab-072d31581934,2026-07-25T11:30:00Z,2026-07-25T13:30:00+0200,15.1143,MW,DK2,DK_2,actual_offshore_wind_generation,Wind Offshore,2026-08-10T16:50:24Z
2026-08-10T16:45:28Z,2026-08-10T18:45:28+0200,f717c518-05ab-43f2-aeab-072d31581934,2026-07-25T11:45:00Z,2026-07-25T13:45:00+0200,13.242,MW,DK2,DK_2,actual_offshore_wind_generation,Wind Offshore,2026-08-10T16:50:24Z
2026-08-10T16:45:28Z,2026-08-10T18:45:28+0200,f717c518-05ab-43f2-aeab-072d31581934,2026-07-25T12:00:00Z,2026-07-25T14:00:00+0200,12.0786,MW,DK2,DK_2,actual_offshore_wind_generation,Wind Offshore,2026-08-10T16:50:24Z
2026-08-10T16:45:28Z,2026-08-10T18:45:28+0200,f717c518-05ab-43f2-aeab-072d31581934,2026-07-25T12:15:00Z,2026-07-25T14:15:00+0200,14.7086,MW,DK2,DK_2,actual_offshore_wind_generation,Wind Offshore,2026-08-10T16:50:24Z
2026-08-10T16:45:28Z,2026-08-10T18:45:28+0200,f717c518-05ab-43f2-aeab-072d31581934,2026-07-25T12:30:00Z,2026-07-25T14:30:00+0200,17.1269,MW,DK2,DK_2,actual_offshore_wind_generation,Wind Offshore,2026-08-10T16:50:24Z
2026-08-10T16:45:28Z,2026-08-10T18:45:28+0200,f717c518-05ab-43f2-aeab-072d31581934,2026-07-25T12:45:00Z,2026-07-25T14:45:00+0200,17.039,MW,DK2,DK_2,actual_offshore_wind_generation,Wind Offshore,2026-08-10T16:50:24Z
2026-08-10T16:45:28Z,2026-08-10T18:45:28+0200,f717c518-05ab-43f2-aeab-072d31581934,2026-07-25T13:00:00Z,2026-07-25T15:00:00+0200,18.5689,MW,DK2,DK_2,actual_offshore_wind_generation,Wind Offshore,2026-08-10T16:50:24Z
2026-08-10T16:45:28Z,2026-08-10T18:45:28+0200,f717c518-05ab-43f2-aeab-072d31581934,2026-07-25T13:15:00Z,2026-07-25T15:15:00+0200,16.9401,MW,DK2,DK_2,actual_offshore_wind_generation,Wind Offshore,2026-08-10T16:50:24Z
2026-08-10T16:45:28Z,2026-08-10T18:45:28+0200,f717c518-05ab-43f2-aeab-072d31581934,2026-07-25T13:30:00Z,2026-07-25T15:30:00+0200,14.9078,MW,DK2,DK_2,actual_offshore_wind_generation,Wind Offshore,2026-08-10T16:50:24Z
2026-08-10T16:45:28Z,2026-08-10T18:45:28+0200,f717c518-05ab-43f2-aeab-072d31581934,2026-07-25T13:45:00Z,2026-07-25T15:45:00+0200,14.871,MW,DK2,DK_2,actual_offshore_wind_generation,Wind Offshore,2026-08-10T16:50:24Z
2026-08-10T16:45:28Z,2026-08-10T18:45:28+0200,f717c518-05ab-43f2-aeab-072d31581934,2026-07-25T14:00:00Z,2026-07-25T16:00:00+0200,18.282,MW,DK2,DK_2,actual_offshore_wind_generation,Wind Offshore,2026-08-10T16:50:24Z
2026-08-10T16:45:28Z,2026-08-10T18:45:28+0200,f717c518-05ab-43f2-aeab-072d31581934,2026-07-25T14:15:00Z,2026-07-25T16:15:00+0200,20.7261,MW,DK2,DK_2,actual_offshore_wind_generation,Wind Offshore,2026-08-10T16:50:24Z
2026-08-10T16:45:28Z,2026-08-10T18:45:28+0200,f717c518-05ab-43f2-aeab-072d31581934,2026-07-25T14:30:00Z,2026-07-25T16:30:00+0200,29.6224,MW,DK2,DK_2,actual_offshore_wind_generation,Wind Offshore,2026-08-10T16:50:24Z
2026-08-10T16:45:28Z,2026-08-10T18:45:28+0200,f717c518-05ab-43f2-aeab-072d31581934,2026-07-25T14:45:00Z,2026-07-25T16:45:00+0200,47.1695,MW,DK2,DK_2,actual_offshore_wind_generation,Wind Offshore,2026-08-10T16:50:24Z
2026-08-10T16:45:28Z,2026-08-10T18:45:28+0200,f717c518-05ab-43f2-aeab-072d31581934,2026-07-25T15:00:00Z,2026-07-25T17:00:00+0200,70.6059,MW,DK2,DK_2,actual_offshore_wind_generation,Wind Offshore,2026-08-10T16:50:24Z
2026-08-10T16:45:28Z,2026-08-10T18:45:28+0200,f717c518-05ab-43f2-aeab-072d31581934,2026-07-25T15:15:00Z,2026-07-25T17:15:00+0200,286.86,MW,DK2,DK_2,actual_offshore_wind_generation,Wind Offshore,2026-08-10T16:50:24Z
2026-08-10T16:45:28Z,2026-08-10T18:45:28+0200,f717c518-05ab-43f2-aeab-072d31581934,2026-07-25T15:30:00Z,2026-07-25T17:30:00+0200,425.354,MW,DK2,DK_2,actual_offshore_wind_generation,Wind Offshore,2026-08-10T16:50:24Z
2026-08-10T16:45:28Z,2026-08-10T18:45:28+0200,f717c518-05ab-43f2-aeab-072d31581934,2026-07-25T15:45:00Z,2026-07-25T17:45:00+0200,502.222,MW,DK2,DK_2,actual_offshore_wind_generation,Wind Offshore,2026-08-10T16:50:24Z
2026-08-10T16:45:28Z,2026-08-10T18:45:28+0200,f717c518-05ab-43f2-aeab-072d31581934,2026-07-25T16:00:00Z,2026-07-25T18:00:00+0200,508.139,MW,DK2,DK_2,actual_offshore_wind_generation,Wind Offshore,2026-08-10T16:50:24Z
2026-08-10T16:45:28Z,2026-08-10T18:45:28+0200,f717c518-05ab-43f2-aeab-072d31581934,2026-07-25T16:15:00Z,2026-07-25T18:15:00+0200,479.061,MW,DK2,DK_2,actual_offshore_wind_generation,Wind Offshore,2026-08-10T16:50:24Z
2026-08-10T16:45:28Z,2026-08-10T18:45:28+0200,f717c518-05ab-43f2-aeab-072d31581934,2026-07-25T16:30:00Z,2026-07-25T18:30:00+0200,452.885,MW,DK2,DK_2,actual_offshore_wind_generation,Wind Offshore,2026-08-10T16:50:24Z
2026-08-10T16:45:28Z,2026-08-10T18:45:28+0200,f717c518-05ab-43f2-aeab-072d31581934,2026-07-25T16:45:00Z,2026-07-25T18:45:00+0200,406.43,MW,DK2,DK_2,actual_offshore_wind_generation,Wind Offshore,2026-08-10T16:50:24Z
2026-08-10T16:45:28Z,2026-08-10T18:45:28+0200,f717c518-05ab-43f2-aeab-072d31581934,2026-07-25T17:00:00Z,2026-07-25T19:00:00+0200,272.173,MW,DK2,DK_2,actual_offshore_wind_generation,Wind Offshore,2026-08-10T16:50:24Z
2026-08-10T16:45:28Z,2026-08-10T18:45:28+0200,f717c518-05ab-43f2-aeab-072d31581934,2026-07-25T17:15:00Z,2026-07-25T19:15:00+0200,163.377,MW,DK2,DK_2,actual_offshore_wind_generation,Wind Offshore,2026-08-10T16:50:24Z
2026-08-10T16:45:28Z,2026-08-10T18:45:28+0200,f717c518-05ab-43f2-aeab-072d31581934,2026-07-25T17:30:00Z,2026-07-25T19:30:00+0200,110.708,MW,DK2,DK_2,actual_offshore_wind_generation,Wind Offshore,2026-08-10T16:50:24Z
2026-08-10T16:45:28Z,2026-08-10T18:45:28+0200,f717c518-05ab-43f2-aeab-072d31581934,2026-07-25T17:45:00Z,2026-07-25T19:45:00+0200,118.208,MW,DK2,DK_2,actual_offshore_wind_generation,Wind Offshore,2026-08-10T16:50:24Z
2026-08-10T16:45:28Z,2026-08-10T18:45:28+0200,f717c518-05ab-43f2-aeab-072d31581934,2026-07-25T18:00:00Z,2026-07-25T20:00:00+0200,132.307,MW,DK2,DK_2,actual_offshore_wind_generation,Wind Offshore,2026-08-10T16:50:24Z
2026-08-10T16:45:28Z,2026-08-10T18:45:28+0200,f717c518-05ab-43f2-aeab-072d31581934,2026-07-25T18:15:00Z,2026-07-25T20:15:00+0200,154.533,MW,DK2,DK_2,actual_offshore_wind_generation,Wind Offshore,2026-08-10T16:50:24Z
2026-08-10T16:45:28Z,2026-08-10T18:45:28+0200,f717c518-05ab-43f2-aeab-072d31581934,2026-07-25T18:30:00Z,2026-07-25T20:30:00+0200,183.397,MW,DK2,DK_2,actual_offshore_wind_generation,Wind Offshore,2026-08-10T16:50:24Z
2026-08-10T16:45:28Z,2026-08-10T18:45:28+0200,f717c518-05ab-43f2-aeab-072d31581934,2026-07-25T18:45:00Z,2026-07-25T20:45:00+0200,207.063,MW,DK2,DK_2,actual_offshore_wind_generation,Wind Offshore,2026-08-10T16:50:24Z
2026-08-10T16:45:28Z,2026-08-10T18:45:28+0200,f717c518-05ab-43f2-aeab-072d31581934,2026-07-25T19:00:00Z,2026-07-25T21:00:00+0200,212.394,MW,DK2,DK_2,actual_offshore_wind_generation,Wind Offshore,2026-08-10T16:50:24Z
2026-08-10T16:45:28Z,2026-08-10T18:45:28+0200,f717c518-05ab-43f2-aeab-072d31581934,2026-07-25T19:15:00Z,2026-07-25T21:15:00+0200,253.559,MW,DK2,DK_2,actual_offshore_wind_generation,Wind Offshore,2026-08-10T16:50:24Z
2026-08-10T16:45:28Z,2026-08-10T18:45:28+0200,f717c518-05ab-43f2-aeab-072d31581934,2026-07-25T19:30:00Z,2026-07-25T21:30:00+0200,324.167,MW,DK2,DK_2,actual_offshore_wind_generation,Wind Offshore,2026-08-10T16:50:24Z
2026-08-10T16:45:28Z,2026-08-10T18:45:28+0200,f717c518-05ab-43f2-aeab-072d31581934,2026-07-25T19:45:00Z,2026-07-25T21:45:00+0200,339.135,MW,DK2,DK_2,actual_offshore_wind_generation,Wind Offshore,2026-08-10T16:50:24Z
2026-08-10T16:45:28Z,2026-08-10T18:45:28+0200,f717c518-05ab-43f2-aeab-072d31581934,2026-07-25T20:00:00Z,2026-07-25T22:00:00+0200,324.792,MW,DK2,DK_2,actual_offshore_wind_generation,Wind Offshore,2026-08-10T16:50:24Z
2026-08-10T16:45:28Z,2026-08-10T18:45:28+0200,f717c518-05ab-43f2-aeab-072d31581934,2026-07-25T20:15:00Z,2026-07-25T22:15:00+0200,346.091,MW,DK2,DK_2,actual_offshore_wind_generation,Wind Offshore,2026-08-10T16:50:24Z
2026-08-10T16:45:28Z,2026-08-10T18:45:28+0200,f717c518-05ab-43f2-aeab-072d31581934,2026-07-25T20:30:00Z,2026-07-25T22:30:00+0200,365.821,MW,DK2,DK_2,actual_offshore_wind_generation,Wind Offshore,2026-08-10T16:50:24Z
2026-08-10T16:45:28Z,2026-08-10T18:45:28+0200,f717c518-05ab-43f2-aeab-072d31581934,2026-07-25T20:45:00Z,2026-07-25T22:45:00+0200,396.425,MW,DK2,DK_2,actual_offshore_wind_generation,Wind Offshore,2026-08-10T16:50:24Z
2026-08-10T16:45:28Z,2026-08-10T18:45:28+0200,f717c518-05ab-43f2-aeab-072d31581934,2026-07-25T21:00:00Z,2026-07-25T23:00:00+0200,425.184,MW,DK2,DK_2,actual_offshore_wind_generation,Wind Offshore,2026-08-10T16:50:24Z
2026-08-10T16:45:28Z,2026-08-10T18:45:28+0200,f717c518-05ab-43f2-aeab-072d31581934,2026-07-25T21:15:00Z,2026-07-25T23:15:00+0200,434.692,MW,DK2,DK_2,actual_offshore_wind_generation,Wind Offshore,2026-08-10T16:50:24Z
2026-08-10T16:45:28Z,2026-08-10T18:45:28+0200,f717c518-05ab-43f2-aeab-072d31581934,2026-07-25T21:30:00Z,2026-07-25T23:30:00+0200,403.805,MW,DK2,DK_2,actual_offshore_wind_generation,Wind Offshore,2026-08-10T16:50:24Z
2026-08-10T16:45:28Z,2026-08-10T18:45:28+0200,f717c518-05ab-43f2-aeab-072d31581934,2026-07-25T21:45:00Z,2026-07-25T23:45:00+0200,462.247,MW,DK2,DK_2,actual_offshore_wind_generation,Wind Offshore,2026-08-10T16:50:24Z
2026-08-10T16:45:28Z,2026-08-10T18:45:28+0200,f717c518-05ab-43f2-aeab-072d31581934,2026-07-25T22:00:00Z,2026-07-26T00:00:00+0200,478.36,MW,DK2,DK_2,actual_offshore_wind_generation,Wind Offshore,2026-08-10T16:50:24Z
2026-08-10T16:45:28Z,2026-08-10T18:45:28+0200,f717c518-05ab-43f2-aeab-072d31581934,2026-07-25T22:15:00Z,2026-07-26T00:15:00+0200,425.994,MW,DK2,DK_2,actual_offshore_wind_generation,Wind Offshore,2026-08-10T16:50:24Z
2026-08-10T16:45:28Z,2026-08-10T18:45:28+0200,f717c518-05ab-43f2-aeab-072d31581934,2026-07-25T22:30:00Z,2026-07-26T00:30:00+0200,424.004,MW,DK2,DK_2,actual_offshore_wind_generation,Wind Offshore,2026-08-10T16:50:24Z
2026-08-10T16:45:28Z,2026-08-10T18:45:28+0200,f717c518-05ab-43f2-aeab-072d31581934,2026-07-25T22:45:00Z,2026-07-26T00:45:00+0200,379.023,MW,DK2,DK_2,actual_offshore_wind_generation,Wind Offshore,2026-08-10T16:50:24Z
2026-08-10T16:45:28Z,2026-08-10T18:45:28+0200,f717c518-05ab-43f2-aeab-072d31581934,2026-07-25T23:00:00Z,2026-07-26T01:00:00+0200,399.464,MW,DK2,DK_2,actual_offshore_wind_generation,Wind Offshore,2026-08-10T16:50:24Z
2026-08-10T16:45:28Z,2026-08-10T18:45:28+0200,f717c518-05ab-43f2-aeab-072d31581934,2026-07-25T23:15:00Z,2026-07-26T01:15:00+0200,416.075,MW,DK2,DK_2,actual_offshore_wind_generation,Wind Offshore,2026-08-10T16:50:24Z
2026-08-10T16:45:28Z,2026-08-10T18:45:28+0200,f717c518-05ab-43f2-aeab-072d31581934,2026-07-25T23:30:00Z,2026-07-26T01:30:00+0200,395.761,MW,DK2,DK_2,actual_offshore_wind_generation,Wind Offshore,2026-08-10T16:50:24Z
2026-08-10T16:45:28Z,2026-08-10T18:45:28+0200,f717c518-05ab-43f2-aeab-072d31581934,2026-07-25T23:45:00Z,2026-07-26T01:45:00+0200,419.97,MW,DK2,DK_2,actual_offshore_wind_generation,Wind Offshore,2026-08-10T16:50:24Z
2026-08-10T16:45:28Z,2026-08-10T18:45:28+0200,f717c518-05ab-43f2-aeab-072d31581934,2026-07-26T00:00:00Z,2026-07-26T02:00:00+0200,462.963,MW,DK2,DK_2,actual_offshore_wind_generation,Wind Offshore,2026-08-10T16:50:24Z
2026-08-10T16:45:28Z,2026-08-10T18:45:28+0200,f717c518-05ab-43f2-aeab-072d31581934,2026-07-26T00:15:00Z,2026-07-26T02:15:00+0200,457.191,MW,DK2,DK_2,actual_offshore_wind_generation,Wind Offshore,2026-08-10T16:50:24Z
2026-08-10T16:45:28Z,2026-08-10T18:45:28+0200,f717c518-05ab-43f2-aeab-072d31581934,2026-07-26T00:30:00Z,2026-07-26T02:30:00+0200,455.529,MW,DK2,DK_2,actual_offshore_wind_generation,Wind Offshore,2026-08-10T16:50:24Z
2026-08-10T16:45:28Z,2026-08-10T18:45:28+0200,f717c518-05ab-43f2-aeab-072d31581934,2026-07-26T00:45:00Z,2026-07-26T02:45:00+0200,434.33,MW,DK2,DK_2,actual_offshore_wind_generation,Wind Offshore,2026-08-10T16:50:24Z
2026-08-10T16:45:28Z,2026-08-10T18:45:28+0200,f717c518-05ab-43f2-aeab-072d31581934,2026-07-26T01:00:00Z,2026-07-26T03:00:00+0200,418.298,MW,DK2,DK_2,actual_offshore_wind_generation,Wind Offshore,2026-08-10T16:50:24Z
2026-08-10T16:45:28Z,2026-08-10T18:45:28+0200,f717c518-05ab-43f2-aeab-072d31581934,2026-07-26T01:15:00Z,2026-07-26T03:15:00+0200,409.135,MW,DK2,DK_2,actual_offshore_wind_generation,Wind Offshore,2026-08-10T16:50:24Z
2026-08-10T16:45:28Z,2026-08-10T18:45:28+0200,f717c518-05ab-43f2-aeab-072d31581934,2026-07-26T01:30:00Z,2026-07-26T03:30:00+0200,388.697,MW,DK2,DK_2,actual_offshore_wind_generation,Wind Offshore,2026-08-10T16:50:24Z
2026-08-10T16:45:28Z,2026-08-10T18:45:28+0200,f717c518-05ab-43f2-aeab-072d31581934,2026-07-26T01:45:00Z,2026-07-26T03:45:00+0200,404.088,MW,DK2,DK_2,actual_offshore_wind_generation,Wind Offshore,2026-08-10T16:50:24Z
2026-08-10T16:45:28Z,2026-08-10T18:45:28+0200,f717c518-05ab-43f2-aeab-072d31581934,2026-07-26T02:00:00Z,2026-07-26T04:00:00+0200,404.85,MW,DK2,DK_2,actual_offshore_wind_generation,Wind Offshore,2026-08-10T16:50:24Z
2026-08-10T16:45:28Z,2026-08-10T18:45:28+0200,f717c518-05ab-43f2-aeab-072d31581934,2026-07-26T02:15:00Z,2026-07-26T04:15:00+0200,447.453,MW,DK2,DK_2,actual_offshore_wind_generation,Wind Offshore,2026-08-10T16:50:24Z
2026-08-10T16:45:28Z,2026-08-10T18:45:28+0200,f717c518-05ab-43f2-aeab-072d31581934,2026-07-26T02:30:00Z,2026-07-26T04:30:00+0200,542.312,MW,DK2,DK_2,actual_offshore_wind_generation,Wind Offshore,2026-08-10T16:50:24Z
2026-08-10T16:45:28Z,2026-08-10T18:45:28+0200,f717c518-05ab-43f2-aeab-072d31581934,2026-07-26T02:45:00Z,2026-07-26T04:45:00+0200,613.87,MW,DK2,DK_2,actual_offshore_wind_generation,Wind Offshore,2026-08-10T16:50:24Z
2026-08-10T16:45:28Z,2026-08-10T18:45:28+0200,f717c518-05ab-43f2-aeab-072d31581934,2026-07-26T03:00:00Z,2026-07-26T05:00:00+0200,620.638,MW,DK2,DK_2,actual_offshore_wind_generation,Wind Offshore,2026-08-10T16:50:24Z
2026-08-10T16:45:28Z,2026-08-10T18:45:28+0200,f717c518-05ab-43f2-aeab-072d31581934,2026-07-26T03:15:00Z,2026-07-26T05:15:00+0200,584.945,MW,DK2,DK_2,actual_offshore_wind_generation,Wind Offshore,2026-08-10T16:50:24Z
2026-08-10T16:45:28Z,2026-08-10T18:45:28+0200,f717c518-05ab-43f2-aeab-072d31581934,2026-07-26T03:30:00Z,2026-07-26T05:30:00+0200,562.414,MW,DK2,DK_2,actual_offshore_wind_generation,Wind Offshore,2026-08-10T16:50:24Z
2026-08-10T16:45:28Z,2026-08-10T18:45:28+0200,f717c518-05ab-43f2-aeab-072d31581934,2026-07-26T03:45:00Z,2026-07-26T05:45:00+0200,597.839,MW,DK2,DK_2,actual_offshore_wind_generation,Wind Offshore,2026-08-10T16:50:24Z
2026-08-10T16:45:28Z,2026-08-10T18:45:28+0200,f717c518-05ab-43f2-aeab-072d31581934,2026-07-26T04:00:00Z,2026-07-26T06:00:00+0200,486.673,MW,DK2,DK_2,actual_offshore_wind_generation,Wind Offshore,2026-08-10T16:50:24Z
2026-08-10T16:45:28Z,2026-08-10T18:45:28+0200,f717c518-05ab-43f2-aeab-072d31581934,2026-07-26T04:15:00Z,2026-07-26T06:15:00+0200,345.723,MW,DK2,DK_2,actual_offshore_wind_generation,Wind Offshore,2026-08-10T16:50:24Z
2026-08-10T16:45:28Z,2026-08-10T18:45:28+0200,f717c518-05ab-43f2-aeab-072d31581934,2026-07-26T04:30:00Z,2026-07-26T06:30:00+0200,319.778,MW,DK2,DK_2,actual_offshore_wind_generation,Wind Offshore,2026-08-10T16:50:24Z
2026-08-10T16:45:28Z,2026-08-10T18:45:28+0200,f717c518-05ab-43f2-aeab-072d31581934,2026-07-26T04:45:00Z,2026-07-26T06:45:00+0200,279.399,MW,DK2,DK_2,actual_offshore_wind_generation,Wind Offshore,2026-08-10T16:50:24Z
2026-08-10T16:45:28Z,2026-08-10T18:45:28+0200,f717c518-05ab-43f2-aeab-072d31581934,2026-07-26T05:00:00Z,2026-07-26T07:00:00+0200,241.104,MW,DK2,DK_2,actual_offshore_wind_generation,Wind Offshore,2026-08-10T16:50:24Z
2026-08-10T16:45:28Z,2026-08-10T18:45:28+0200,f717c518-05ab-43f2-aeab-072d31581934,2026-07-26T05:15:00Z,2026-07-26T07:15:00+0200,241.771,MW,DK2,DK_2,actual_offshore_wind_generation,Wind Offshore,2026-08-10T16:50:24Z
2026-08-10T16:45:28Z,2026-08-10T18:45:28+0200,f717c518-05ab-43f2-aeab-072d31581934,2026-07-26T05:30:00Z,2026-07-26T07:30:00+0200,239.404,MW,DK2,DK_2,actual_offshore_wind_generation,Wind Offshore,2026-08-10T16:50:24Z
2026-08-10T16:45:28Z,2026-08-10T18:45:28+0200,f717c518-05ab-43f2-aeab-072d31581934,2026-07-26T05:45:00Z,2026-07-26T07:45:00+0200,200.664,MW,DK2,DK_2,actual_offshore_wind_generation,Wind Offshore,2026-08-10T16:50:24Z
2026-08-10T16:45:28Z,2026-08-10T18:45:28+0200,f717c518-05ab-43f2-aeab-072d31581934,2026-07-26T06:00:00Z,2026-07-26T08:00:00+0200,187.398,MW,DK2,DK_2,actual_offshore_wind_generation,Wind Offshore,2026-08-10T16:50:24Z
2026-08-10T16:45:28Z,2026-08-10T18:45:28+0200,f717c518-05ab-43f2-aeab-072d31581934,2026-07-26T06:15:00Z,2026-07-26T08:15:00+0200,194.783,MW,DK2,DK_2,actual_offshore_wind_generation,Wind Offshore,2026-08-10T16:50:24Z
2026-08-10T16:45:28Z,2026-08-10T18:45:28+0200,f717c518-05ab-43f2-aeab-072d31581934,2026-07-26T06:30:00Z,2026-07-26T08:30:00+0200,197.096,MW,DK2,DK_2,actual_offshore_wind_generation,Wind Offshore,2026-08-10T16:50:24Z
2026-08-10T16:45:28Z,2026-08-10T18:45:28+0200,f717c518-05ab-43f2-aeab-072d31581934,2026-07-26T06:45:00Z,2026-07-26T08:45:00+0200,213.056,MW,DK2,DK_2,actual_offshore_wind_generation,Wind Offshore,2026-08-10T16:50:24Z
2026-08-10T16:45:28Z,2026-08-10T18:45:28+0200,f717c518-05ab-43f2-aeab-072d31581934,2026-07-26T07:00:00Z,2026-07-26T09:00:00+0200,221.162,MW,DK2,DK_2,actual_offshore_wind_generation,Wind Offshore,2026-08-10T16:50:24Z
2026-08-10T16:45:28Z,2026-08-10T18:45:28+0200,f717c518-05ab-43f2-aeab-072d31581934,2026-07-26T07:15:00Z,2026-07-26T09:15:00+0200,213.368,MW,DK2,DK_2,actual_offshore_wind_generation,Wind Offshore,2026-08-10T16:50:24Z
2026-08-10T16:45:28Z,2026-08-10T18:45:28+0200,f717c518-05ab-43f2-aeab-072d31581934,2026-07-26T07:30:00Z,2026-07-26T09:30:00+0200,201.473,MW,DK2,DK_2,actual_offshore_wind_generation,Wind Offshore,2026-08-10T16:50:24Z
2026-08-10T16:45:28Z,2026-08-10T18:45:28+0200,f717c518-05ab-43f2-aeab-072d31581934,2026-07-26T07:45:00Z,2026-07-26T09:45:00+0200,187.067,MW,DK2,DK_2,actual_offshore_wind_generation,Wind Offshore,2026-08-10T16:50:24Z
2026-08-10T16:45:28Z,2026-08-10T18:45:28+0200,f717c518-05ab-43f2-aeab-072d31581934,2026-07-26T08:00:00Z,2026-07-26T10:00:00+0200,125.404,MW,DK2,DK_2,actual_offshore_wind_generation,Wind Offshore,2026-08-10T16:50:24Z
2026-08-10T16:45:28Z,2026-08-10T18:45:28+0200,f717c518-05ab-43f2-aeab-072d31581934,2026-07-26T08:15:00Z,2026-07-26T10:15:00+0200,135.261,MW,DK2,DK_2,actual_offshore_wind_generation,Wind Offshore,2026-08-10T16:50:24Z
2026-08-10T16:45:28Z,2026-08-10T18:45:28+0200,f717c518-05ab-43f2-aeab-072d31581934,2026-07-26T08:30:00Z,2026-07-26T10:30:00+0200,22.8749,MW,DK2,DK_2,actual_offshore_wind_generation,Wind Offshore,2026-08-10T16:50:24Z
2026-08-10T16:45:28Z,2026-08-10T18:45:28+0200,f717c518-05ab-43f2-aeab-072d31581934,2026-07-26T08:45:00Z,2026-07-26T10:45:00+0200,0.518422,MW,DK2,DK_2,actual_offshore_wind_generation,Wind Offshore,2026-08-10T16:50:24Z
2026-08-10T16:45:28Z,2026-08-10T18:45:28+0200,f717c518-05ab-43f2-aeab-072d31581934,2026-07-26T09:00:00Z,2026-07-26T11:00:00+0200,0.499616,MW,DK2,DK_2,actual_offshore_wind_generation,Wind Offshore,2026-08-10T16:50:24Z
2026-08-10T16:45:28Z,2026-08-10T18:45:28+0200,f717c518-05ab-43f2-aeab-072d31581934,2026-07-26T09:15:00Z,2026-07-26T11:15:00+0200,0.741888,MW,DK2,DK_2,actual_offshore_wind_generation,Wind Offshore,2026-08-10T16:50:24Z
2026-08-10T16:45:28Z,2026-08-10T18:45:28+0200,f717c518-05ab-43f2-aeab-072d31581934,2026-07-26T09:30:00Z,2026-07-26T11:30:00+0200,1.2614,MW,DK2,DK_2,actual_offshore_wind_generation,Wind Offshore,2026-08-10T16:50:24Z
2026-08-10T16:45:28Z,2026-08-10T18:45:28+0200,f717c518-05ab-43f2-aeab-072d31581934,2026-07-26T09:45:00Z,2026-07-26T11:45:00+0200,0.967884,MW,DK2,DK_2,actual_offshore_wind_generation,Wind Offshore,2026-08-10T16:50:24Z
2026-08-10T16:45:28Z,2026-08-10T18:45:28+0200,f717c518-05ab-43f2-aeab-072d31581934,2026-07-26T10:00:00Z,2026-07-26T12:00:00+0200,1.27445,MW,DK2,DK_2,actual_offshore_wind_generation,Wind Offshore,2026-08-10T16:50:24Z
2026-08-10T16:45:28Z,2026-08-10T18:45:28+0200,f717c518-05ab-43f2-aeab-072d31581934,2026-07-26T10:15:00Z,2026-07-26T12:15:00+0200,2.02536,MW,DK2,DK_2,actual_offshore_wind_generation,Wind Offshore,2026-08-10T16:50:24Z
2026-08-10T16:45:28Z,2026-08-10T18:45:28+0200,f717c518-05ab-43f2-aeab-072d31581934,2026-07-26T10:30:00Z,2026-07-26T12:30:00+0200,2.23329,MW,DK2,DK_2,actual_offshore_wind_generation,Wind Offshore,2026-08-10T16:50:24Z
2026-08-10T16:45:28Z,2026-08-10T18:45:28+0200,f717c518-05ab-43f2-aeab-072d31581934,2026-07-26T10:45:00Z,2026-07-26T12:45:00+0200,2.17173,MW,DK2,DK_2,actual_offshore_wind_generation,Wind Offshore,2026-08-10T16:50:24Z
2026-08-10T16:45:28Z,2026-08-10T18:45:28+0200,f717c518-05ab-43f2-aeab-072d31581934,2026-07-26T11:00:00Z,2026-07-26T13:00:00+0200,2.33555,MW,DK2,DK_2,actual_offshore_wind_generation,Wind Offshore,2026-08-10T16:50:24Z
2026-08-10T16:45:28Z,2026-08-10T18:45:28+0200,f717c518-05ab-43f2-aeab-072d31581934,2026-07-26T11:15:00Z,2026-07-26T13:15:00+0200,3.18346,MW,DK2,DK_2,actual_offshore_wind_generation,Wind Offshore,2026-08-10T16:50:24Z
2026-08-10T16:45:28Z,2026-08-10T18:45:28+0200,f717c518-05ab-43f2-aeab-072d31581934,2026-07-26T11:30:00Z,2026-07-26T13:30:00+0200,3.94862,MW,DK2,DK_2,actual_offshore_wind_generation,Wind Offshore,2026-08-10T16:50:24Z
2026-08-10T16:45:28Z,2026-08-10T18:45:28+0200,f717c518-05ab-43f2-aeab-072d31581934,2026-07-26T11:45:00Z,2026-07-26T13:45:00+0200,2.81045,MW,DK2,DK_2,actual_offshore_wind_generation,Wind Offshore,2026-08-10T16:50:24Z
2026-08-10T16:45:28Z,2026-08-10T18:45:28+0200,f717c518-05ab-43f2-aeab-072d31581934,2026-07-26T12:00:00Z,2026-07-26T14:00:00+0200,2.22087,MW,DK2,DK_2,actual_offshore_wind_generation,Wind Offshore,2026-08-10T16:50:24Z
2026-08-10T16:45:28Z,2026-08-10T18:45:28+0200,f717c518-05ab-43f2-aeab-072d31581934,2026-07-26T12:15:00Z,2026-07-26T14:15:00+0200,2.06347,MW,DK2,DK_2,actual_offshore_wind_generation,Wind Offshore,2026-08-10T16:50:24Z
2026-08-10T16:45:28Z,2026-08-10T18:45:28+0200,f717c518-05ab-43f2-aeab-072d31581934,2026-07-26T12:30:00Z,2026-07-26T14:30:00+0200,3.28794,MW,DK2,DK_2,actual_offshore_wind_generation,Wind Offshore,2026-08-10T16:50:24Z
2026-08-10T16:45:28Z,2026-08-10T18:45:28+0200,f717c518-05ab-43f2-aeab-072d31581934,2026-07-26T12:45:00Z,2026-07-26T14:45:00+0200,2.59801,MW,DK2,DK_2,actual_offshore_wind_generation,Wind Offshore,2026-08-10T16:50:24Z
2026-08-10T16:45:28Z,2026-08-10T18:45:28+0200,f717c518-05ab-43f2-aeab-072d31581934,2026-07-26T13:00:00Z,2026-07-26T15:00:00+0200,2.77287,MW,DK2,DK_2,actual_offshore_wind_generation,Wind Offshore,2026-08-10T16:50:24Z
2026-08-10T16:45:28Z,2026-08-10T18:45:28+0200,f717c518-05ab-43f2-aeab-072d31581934,2026-07-26T13:15:00Z,2026-07-26T15:15:00+0200,3.66904,MW,DK2,DK_2,actual_offshore_wind_generation,Wind Offshore,2026-08-10T16:50:24Z
2026-08-10T16:45:28Z,2026-08-10T18:45:28+0200,f717c518-05ab-43f2-aeab-072d31581934,2026-07-26T13:30:00Z,2026-07-26T15:30:00+0200,2.63729,MW,DK2,DK_2,actual_offshore_wind_generation,Wind Offshore,2026-08-10T16:50:24Z
2026-08-10T16:45:28Z,2026-08-10T18:45:28+0200,f717c518-05ab-43f2-aeab-072d31581934,2026-07-26T13:45:00Z,2026-07-26T15:45:00+0200,2.00006,MW,DK2,DK_2,actual_offshore_wind_generation,Wind Offshore,2026-08-10T16:50:24Z
2026-08-10T16:45:28Z,2026-08-10T18:45:28+0200,f717c518-05ab-43f2-aeab-072d31581934,2026-07-26T14:00:00Z,2026-07-26T16:00:00+0200,1.76862,MW,DK2,DK_2,actual_offshore_wind_generation,Wind Offshore,2026-08-10T16:50:24Z
2026-08-10T16:45:28Z,2026-08-10T18:45:28+0200,f717c518-05ab-43f2-aeab-072d31581934,2026-07-26T14:15:00Z,2026-07-26T16:15:00+0200,4.1222,MW,DK2,DK_2,actual_offshore_wind_generation,Wind Offshore,2026-08-10T16:50:24Z
2026-08-10T16:45:28Z,2026-08-10T18:45:28+0200,f717c518-05ab-43f2-aeab-072d31581934,2026-07-26T14:30:00Z,2026-07-26T16:30:00+0200,5.90634,MW,DK2,DK_2,actual_offshore_wind_generation,Wind Offshore,2026-08-10T16:50:24Z
2026-08-10T16:45:28Z,2026-08-10T18:45:28+0200,f717c518-05ab-43f2-aeab-072d31581934,2026-07-26T14:45:00Z,2026-07-26T16:45:00+0200,6.50291,MW,DK2,DK_2,actual_offshore_wind_generation,Wind Offshore,2026-08-10T16:50:24Z
2026-08-10T16:45:28Z,2026-08-10T18:45:28+0200,f717c518-05ab-43f2-aeab-072d31581934,2026-07-26T15:00:00Z,2026-07-26T17:00:00+0200,5.81461,MW,DK2,DK_2,actual_offshore_wind_generation,Wind Offshore,2026-08-10T16:50:24Z
2026-08-10T16:45:28Z,2026-08-10T18:45:28+0200,f717c518-05ab-43f2-aeab-072d31581934,2026-07-26T15:15:00Z,2026-07-26T17:15:00+0200,4.87098,MW,DK2,DK_2,actual_offshore_wind_generation,Wind Offshore,2026-08-10T16:50:24Z
2026-08-10T16:45:28Z,2026-08-10T18:45:28+0200,f717c518-05ab-43f2-aeab-072d31581934,2026-07-26T15:30:00Z,2026-07-26T17:30:00+0200,9.89068,MW,DK2,DK_2,actual_offshore_wind_generation,Wind Offshore,2026-08-10T16:50:24Z
2026-08-10T16:45:28Z,2026-08-10T18:45:28+0200,f717c518-05ab-43f2-aeab-072d31581934,2026-07-26T15:45:00Z,2026-07-26T17:45:00+0200,15.336,MW,DK2,DK_2,actual_offshore_wind_generation,Wind Offshore,2026-08-10T16:50:24Z
2026-08-10T16:45:28Z,2026-08-10T18:45:28+0200,f717c518-05ab-43f2-aeab-072d31581934,2026-07-26T16:00:00Z,2026-07-26T18:00:00+0200,25.9692,MW,DK2,DK_2,actual_offshore_wind_generation,Wind Offshore,2026-08-10T16:50:24Z
2026-08-10T16:45:28Z,2026-08-10T18:45:28+0200,f717c518-05ab-43f2-aeab-072d31581934,2026-07-26T16:15:00Z,2026-07-26T18:15:00+0200,37.1367,MW,DK2,DK_2,actual_offshore_wind_generation,Wind Offshore,2026-08-10T16:50:24Z
2026-08-10T16:45:28Z,2026-08-10T18:45:28+0200,f717c518-05ab-43f2-aeab-072d31581934,2026-07-26T16:30:00Z,2026-07-26T18:30:00+0200,49.3063,MW,DK2,DK_2,actual_offshore_wind_generation,Wind Offshore,2026-08-10T16:50:24Z
2026-08-10T16:45:28Z,2026-08-10T18:45:28+0200,f717c518-05ab-43f2-aeab-072d31581934,2026-07-26T16:45:00Z,2026-07-26T18:45:00+0200,83.5912,MW,DK2,DK_2,actual_offshore_wind_generation,Wind Offshore,2026-08-10T16:50:24Z
2026-08-10T16:45:28Z,2026-08-10T18:45:28+0200,f717c518-05ab-43f2-aeab-072d31581934,2026-07-26T17:00:00Z,2026-07-26T19:00:00+0200,106.039,MW,DK2,DK_2,actual_offshore_wind_generation,Wind Offshore,2026-08-10T16:50:24Z
2026-08-10T16:45:28Z,2026-08-10T18:45:28+0200,f717c518-05ab-43f2-aeab-072d31581934,2026-07-26T17:15:00Z,2026-07-26T19:15:00+0200,116.676,MW,DK2,DK_2,actual_offshore_wind_generation,Wind Offshore,2026-08-10T16:50:24Z
2026-08-10T16:45:28Z,2026-08-10T18:45:28+0200,f717c518-05ab-43f2-aeab-072d31581934,2026-07-26T17:30:00Z,2026-07-26T19:30:00+0200,106.96,MW,DK2,DK_2,actual_offshore_wind_generation,Wind Offshore,2026-08-10T16:50:24Z
2026-08-10T16:45:28Z,2026-08-10T18:45:28+0200,f717c518-05ab-43f2-aeab-072d31581934,2026-07-26T17:45:00Z,2026-07-26T19:45:00+0200,91.389,MW,DK2,DK_2,actual_offshore_wind_generation,Wind Offshore,2026-08-10T16:50:24Z
2026-08-10T16:45:28Z,2026-08-10T18:45:28+0200,f717c518-05ab-43f2-aeab-072d31581934,2026-07-26T18:00:00Z,2026-07-26T20:00:00+0200,90.4461,MW,DK2,DK_2,actual_offshore_wind_generation,Wind Offshore,2026-08-10T16:50:24Z
2026-08-10T16:45:28Z,2026-08-10T18:45:28+0200,f717c518-05ab-43f2-aeab-072d31581934,2026-07-26T18:15:00Z,2026-07-26T20:15:00+0200,95.0343,MW,DK2,DK_2,actual_offshore_wind_generation,Wind Offshore,2026-08-10T16:50:24Z
2026-08-10T16:45:28Z,2026-08-10T18:45:28+0200,f717c518-05ab-43f2-aeab-072d31581934,2026-07-26T18:30:00Z,2026-07-26T20:30:00+0200,108.165,MW,DK2,DK_2,actual_offshore_wind_generation,Wind Offshore,2026-08-10T16:50:24Z
2026-08-10T16:45:28Z,2026-08-10T18:45:28+0200,f717c518-05ab-43f2-aeab-072d31581934,2026-07-26T18:45:00Z,2026-07-26T20:45:00+0200,173.185,MW,DK2,DK_2,actual_offshore_wind_generation,Wind Offshore,2026-08-10T16:50:24Z
2026-08-10T16:45:28Z,2026-08-10T18:45:28+0200,f717c518-05ab-43f2-aeab-072d31581934,2026-07-26T19:00:00Z,2026-07-26T21:00:00+0200,224.296,MW,DK2,DK_2,actual_offshore_wind_generation,Wind Offshore,2026-08-10T16:50:24Z
2026-08-10T16:45:28Z,2026-08-10T18:45:28+0200,f717c518-05ab-43f2-aeab-072d31581934,2026-07-26T19:15:00Z,2026-07-26T21:15:00+0200,269.383,MW,DK2,DK_2,actual_offshore_wind_generation,Wind Offshore,2026-08-10T16:50:24Z
2026-08-10T16:45:28Z,2026-08-10T18:45:28+0200,f717c518-05ab-43f2-aeab-072d31581934,2026-07-26T19:30:00Z,2026-07-26T21:30:00+0200,278.022,MW,DK2,DK_2,actual_offshore_wind_generation,Wind Offshore,2026-08-10T16:50:24Z
2026-08-10T16:45:28Z,2026-08-10T18:45:28+0200,f717c518-05ab-43f2-aeab-072d31581934,2026-07-26T19:45:00Z,2026-07-26T21:45:00+0200,322.354,MW,DK2,DK_2,actual_offshore_wind_generation,Wind Offshore,2026-08-10T16:50:24Z
2026-08-10T16:45:28Z,2026-08-10T18:45:28+0200,f717c518-05ab-43f2-aeab-072d31581934,2026-07-26T20:00:00Z,2026-07-26T22:00:00+0200,367.294,MW,DK2,DK_2,actual_offshore_wind_generation,Wind Offshore,2026-08-10T16:50:24Z
2026-08-10T16:45:28Z,2026-08-10T18:45:28+0200,f717c518-05ab-43f2-aeab-072d31581934,2026-07-26T20:15:00Z,2026-07-26T22:15:00+0200,396.12,MW,DK2,DK_2,actual_offshore_wind_generation,Wind Offshore,2026-08-10T16:50:24Z
2026-08-10T16:45:28Z,2026-08-10T18:45:28+0200,f717c518-05ab-43f2-aeab-072d31581934,2026-07-26T20:30:00Z,2026-07-26T22:30:00+0200,436.322,MW,DK2,DK_2,actual_offshore_wind_generation,Wind Offshore,2026-08-10T16:50:24Z
2026-08-10T16:45:28Z,2026-08-10T18:45:28+0200,f717c518-05ab-43f2-aeab-072d31581934,2026-07-26T20:45:00Z,2026-07-26T22:45:00+0200,516.984,MW,DK2,DK_2,actual_offshore_wind_generation,Wind Offshore,2026-08-10T16:50:24Z
2026-08-10T16:45:28Z,2026-08-10T18:45:28+0200,f717c518-05ab-43f2-aeab-072d31581934,2026-07-26T21:00:00Z,2026-07-26T23:00:00+0200,558.642,MW,DK2,DK_2,actual_offshore_wind_generation,Wind Offshore,2026-08-10T16:50:24Z
2026-08-10T16:45:28Z,2026-08-10T18:45:28+0200,f717c518-05ab-43f2-aeab-072d31581934,2026-07-26T21:15:00Z,2026-07-26T23:15:00+0200,595.313,MW,DK2,DK_2,actual_offshore_wind_generation,Wind Offshore,2026-08-10T16:50:24Z
2026-08-10T16:45:28Z,2026-08-10T18:45:28+0200,f717c518-05ab-43f2-aeab-072d31581934,2026-07-26T21:30:00Z,2026-07-26T23:30:00+0200,718.823,MW,DK2,DK_2,actual_offshore_wind_generation,Wind Offshore,2026-08-10T16:50:24Z
2026-08-10T16:45:28Z,2026-08-10T18:45:28+0200,f717c518-05ab-43f2-aeab-072d31581934,2026-07-26T21:45:00Z,2026-07-26T23:45:00+0200,834.617,MW,DK2,DK_2,actual_offshore_wind_generation,Wind Offshore,2026-08-10T16:50:24Z
2026-08-10T16:45:28Z,2026-08-10T18:45:28+0200,f717c518-05ab-43f2-aeab-072d31581934,2026-07-26T22:00:00Z,2026-07-27T00:00:00+0200,873.407,MW,DK2,DK_2,actual_offshore_wind_generation,Wind Offshore,2026-08-10T16:50:24Z
2026-08-10T16:45:28Z,2026-08-10T18:45:28+0200,f717c518-05ab-43f2-aeab-072d31581934,2026-07-26T22:15:00Z,2026-07-27T00:15:00+0200,886.524,MW,DK2,DK_2,actual_offshore_wind_generation,Wind Offshore,2026-08-10T16:50:24Z
2026-08-10T16:45:28Z,2026-08-10T18:45:28+0200,f717c518-05ab-43f2-aeab-072d31581934,2026-07-26T22:30:00Z,2026-07-27T00:30:00+0200,902.402,MW,DK2,DK_2,actual_offshore_wind_generation,Wind Offshore,2026-08-10T16:50:24Z
2026-08-10T16:45:28Z,2026-08-10T18:45:28+0200,f717c518-05ab-43f2-aeab-072d31581934,2026-07-26T22:45:00Z,2026-07-27T00:45:00+0200,734.007,MW,DK2,DK_2,actual_offshore_wind_generation,Wind Offshore,2026-08-10T16:50:24Z
2026-08-10T16:45:28Z,2026-08-10T18:45:28+0200,f717c518-05ab-43f2-aeab-072d31581934,2026-07-26T23:00:00Z,2026-07-27T01:00:00+0200,706.619,MW,DK2,DK_2,actual_offshore_wind_generation,Wind Offshore,2026-08-10T16:50:24Z
2026-08-10T16:45:28Z,2026-08-10T18:45:28+0200,f717c518-05ab-43f2-aeab-072d31581934,2026-07-26T23:15:00Z,2026-07-27T01:15:00+0200,705.547,MW,DK2,DK_2,actual_offshore_wind_generation,Wind Offshore,2026-08-10T16:50:24Z
2026-08-10T16:45:28Z,2026-08-10T18:45:28+0200,f717c518-05ab-43f2-aeab-072d31581934,2026-07-26T23:30:00Z,2026-07-27T01:30:00+0200,668.579,MW,DK2,DK_2,actual_offshore_wind_generation,Wind Offshore,2026-08-10T16:50:24Z
2026-08-10T16:45:28Z,2026-08-10T18:45:28+0200,f717c518-05ab-43f2-aeab-072d31581934,2026-07-26T23:45:00Z,2026-07-27T01:45:00+0200,683.827,MW,DK2,DK_2,actual_offshore_wind_generation,Wind Offshore,2026-08-10T16:50:24Z
2026-08-10T16:45:28Z,2026-08-10T18:45:28+0200,f717c518-05ab-43f2-aeab-072d31581934,2026-07-27T00:00:00Z,2026-07-27T02:00:00+0200,693.305,MW,DK2,DK_2,actual_offshore_wind_generation,Wind Offshore,2026-08-10T16:50:24Z
2026-08-10T16:45:28Z,2026-08-10T18:45:28+0200,f717c518-05ab-43f2-aeab-072d31581934,2026-07-27T00:15:00Z,2026-07-27T02:15:00+0200,622.88,MW,DK2,DK_2,actual_offshore_wind_generation,Wind Offshore,2026-08-10T16:50:24Z
2026-08-10T16:45:28Z,2026-08-10T18:45:28+0200,f717c518-05ab-43f2-aeab-072d31581934,2026-07-27T00:30:00Z,2026-07-27T02:30:00+0200,633.977,MW,DK2,DK_2,actual_offshore_wind_generation,Wind Offshore,2026-08-10T16:50:24Z
2026-08-10T16:45:28Z,2026-08-10T18:45:28+0200,f717c518-05ab-43f2-aeab-072d31581934,2026-07-27T00:45:00Z,2026-07-27T02:45:00+0200,696.073,MW,DK2,DK_2,actual_offshore_wind_generation,Wind Offshore,2026-08-10T16:50:24Z
2026-08-10T16:45:28Z,2026-08-10T18:45:28+0200,f717c518-05ab-43f2-aeab-072d31581934,2026-07-27T01:00:00Z,2026-07-27T03:00:00+0200,772.971,MW,DK2,DK_2,actual_offshore_wind_generation,Wind Offshore,2026-08-10T16:50:24Z
2026-08-10T16:45:28Z,2026-08-10T18:45:28+0200,f717c518-05ab-43f2-aeab-072d31581934,2026-07-27T01:15:00Z,2026-07-27T03:15:00+0200,698.795,MW,DK2,DK_2,actual_offshore_wind_generation,Wind Offshore,2026-08-10T16:50:24Z
2026-08-10T16:45:28Z,2026-08-10T18:45:28+0200,f717c518-05ab-43f2-aeab-072d31581934,2026-07-27T01:30:00Z,2026-07-27T03:30:00+0200,561.701,MW,DK2,DK_2,actual_offshore_wind_generation,Wind Offshore,2026-08-10T16:50:24Z
2026-08-10T16:45:28Z,2026-08-10T18:45:28+0200,f717c518-05ab-43f2-aeab-072d31581934,2026-07-27T01:45:00Z,2026-07-27T03:45:00+0200,681.262,MW,DK2,DK_2,actual_offshore_wind_generation,Wind Offshore,2026-08-10T16:50:24Z
2026-08-10T16:45:28Z,2026-08-10T18:45:28+0200,f717c518-05ab-43f2-aeab-072d31581934,2026-07-27T02:00:00Z,2026-07-27T04:00:00+0200,724.787,MW,DK2,DK_2,actual_offshore_wind_generation,Wind Offshore,2026-08-10T16:50:24Z
2026-08-10T16:45:28Z,2026-08-10T18:45:28+0200,f717c518-05ab-43f2-aeab-072d31581934,2026-07-27T02:15:00Z,2026-07-27T04:15:00+0200,713.991,MW,DK2,DK_2,actual_offshore_wind_generation,Wind Offshore,2026-08-10T16:50:24Z
2026-08-10T16:45:28Z,2026-08-10T18:45:28+0200,f717c518-05ab-43f2-aeab-072d31581934,2026-07-27T02:30:00Z,2026-07-27T04:30:00+0200,777.354,MW,DK2,DK_2,actual_offshore_wind_generation,Wind Offshore,2026-08-10T16:50:24Z
2026-08-10T16:45:28Z,2026-08-10T18:45:28+0200,f717c518-05ab-43f2-aeab-072d31581934,2026-07-27T02:45:00Z,2026-07-27T04:45:00+0200,779.335,MW,DK2,DK_2,actual_offshore_wind_generation,Wind Offshore,2026-08-10T16:50:24Z
2026-08-10T16:45:28Z,2026-08-10T18:45:28+0200,f717c518-05ab-43f2-aeab-072d31581934,2026-07-27T03:00:00Z,2026-07-27T05:00:00+0200,690.816,MW,DK2,DK_2,actual_offshore_wind_generation,Wind Offshore,2026-08-10T16:50:24Z
2026-08-10T16:45:28Z,2026-08-10T18:45:28+0200,f717c518-05ab-43f2-aeab-072d31581934,2026-07-27T03:15:00Z,2026-07-27T05:15:00+0200,715.931,MW,DK2,DK_2,actual_offshore_wind_generation,Wind Offshore,2026-08-10T16:50:24Z
2026-08-10T16:45:28Z,2026-08-10T18:45:28+0200,f717c518-05ab-43f2-aeab-072d31581934,2026-07-27T03:30:00Z,2026-07-27T05:30:00+0200,765.223,MW,DK2,DK_2,actual_offshore_wind_generation,Wind Offshore,2026-08-10T16:50:24Z
2026-08-10T16:45:28Z,2026-08-10T18:45:28+0200,f717c518-05ab-43f2-aeab-072d31581934,2026-07-27T03:45:00Z,2026-07-27T05:45:00+0200,818.174,MW,DK2,DK_2,actual_offshore_wind_generation,Wind Offshore,2026-08-10T16:50:24Z
2026-08-10T16:45:28Z,2026-08-10T18:45:28+0200,f717c518-05ab-43f2-aeab-072d31581934,2026-07-27T04:00:00Z,2026-07-27T06:00:00+0200,817.598,MW,DK2,DK_2,actual_offshore_wind_generation,Wind Offshore,2026-08-10T16:50:24Z
2026-08-10T16:45:28Z,2026-08-10T18:45:28+0200,f717c518-05ab-43f2-aeab-072d31581934,2026-07-27T04:15:00Z,2026-07-27T06:15:00+0200,826.112,MW,DK2,DK_2,actual_offshore_wind_generation,Wind Offshore,2026-08-10T16:50:24Z
2026-08-10T16:45:28Z,2026-08-10T18:45:28+0200,f717c518-05ab-43f2-aeab-072d31581934,2026-07-27T04:30:00Z,2026-07-27T06:30:00+0200,833.326,MW,DK2,DK_2,actual_offshore_wind_generation,Wind Offshore,2026-08-10T16:50:24Z
2026-08-10T16:45:28Z,2026-08-10T18:45:28+0200,f717c518-05ab-43f2-aeab-072d31581934,2026-07-27T04:45:00Z,2026-07-27T06:45:00+0200,800.861,MW,DK2,DK_2,actual_offshore_wind_generation,Wind Offshore,2026-08-10T16:50:24Z
2026-08-10T16:45:28Z,2026-08-10T18:45:28+0200,f717c518-05ab-43f2-aeab-072d31581934,2026-07-27T05:00:00Z,2026-07-27T07:00:00+0200,798.25,MW,DK2,DK_2,actual_offshore_wind_generation,Wind Offshore,2026-08-10T16:50:24Z
2026-08-10T16:45:28Z,2026-08-10T18:45:28+0200,f717c518-05ab-43f2-aeab-072d31581934,2026-07-27T05:15:00Z,2026-07-27T07:15:00+0200,811.075,MW,DK2,DK_2,actual_offshore_wind_generation,Wind Offshore,2026-08-10T16:50:24Z
2026-08-10T16:45:28Z,2026-08-10T18:45:28+0200,f717c518-05ab-43f2-aeab-072d31581934,2026-07-27T05:30:00Z,2026-07-27T07:30:00+0200,819.378,MW,DK2,DK_2,actual_offshore_wind_generation,Wind Offshore,2026-08-10T16:50:24Z
2026-08-10T16:45:28Z,2026-08-10T18:45:28+0200,f717c518-05ab-43f2-aeab-072d31581934,2026-07-27T05:45:00Z,2026-07-27T07:45:00+0200,786.619,MW,DK2,DK_2,actual_offshore_wind_generation,Wind Offshore,2026-08-10T16:50:24Z
2026-08-10T16:45:28Z,2026-08-10T18:45:28+0200,f717c518-05ab-43f2-aeab-072d31581934,2026-07-27T06:00:00Z,2026-07-27T08:00:00+0200,672.32,MW,DK2,DK_2,actual_offshore_wind_generation,Wind Offshore,2026-08-10T16:50:24Z
2026-08-10T16:45:28Z,2026-08-10T18:45:28+0200,f717c518-05ab-43f2-aeab-072d31581934,2026-07-27T06:15:00Z,2026-07-27T08:15:00+0200,667.126,MW,DK2,DK_2,actual_offshore_wind_generation,Wind Offshore,2026-08-10T16:50:24Z
2026-08-10T16:45:28Z,2026-08-10T18:45:28+0200,f717c518-05ab-43f2-aeab-072d31581934,2026-07-27T06:30:00Z,2026-07-27T08:30:00+0200,681.999,MW,DK2,DK_2,actual_offshore_wind_generation,Wind Offshore,2026-08-10T16:50:24Z
2026-08-10T16:45:28Z,2026-08-10T18:45:28+0200,f717c518-05ab-43f2-aeab-072d31581934,2026-07-27T06:45:00Z,2026-07-27T08:45:00+0200,679.918,MW,DK2,DK_2,actual_offshore_wind_generation,Wind Offshore,2026-08-10T16:50:24Z
2026-08-10T16:45:28Z,2026-08-10T18:45:28+0200,f717c518-05ab-43f2-aeab-072d31581934,2026-07-27T07:00:00Z,2026-07-27T09:00:00+0200,685.286,MW,DK2,DK_2,actual_offshore_wind_generation,Wind Offshore,2026-08-10T16:50:24Z
2026-08-10T16:45:28Z,2026-08-10T18:45:28+0200,f717c518-05ab-43f2-aeab-072d31581934,2026-07-27T07:15:00Z,2026-07-27T09:15:00+0200,682.711,MW,DK2,DK_2,actual_offshore_wind_generation,Wind Offshore,2026-08-10T16:50:24Z
2026-08-10T16:45:28Z,2026-08-10T18:45:28+0200,f717c518-05ab-43f2-aeab-072d31581934,2026-07-27T07:30:00Z,2026-07-27T09:30:00+0200,680.185,MW,DK2,DK_2,actual_offshore_wind_generation,Wind Offshore,2026-08-10T16:50:24Z
2026-08-10T16:45:28Z,2026-08-10T18:45:28+0200,f717c518-05ab-43f2-aeab-072d31581934,2026-07-27T07:45:00Z,2026-07-27T09:45:00+0200,678.508,MW,DK2,DK_2,actual_offshore_wind_generation,Wind Offshore,2026-08-10T16:50:24Z
2026-08-10T16:45:28Z,2026-08-10T18:45:28+0200,f717c518-05ab-43f2-aeab-072d31581934,2026-07-27T08:00:00Z,2026-07-27T10:00:00+0200,663.008,MW,DK2,DK_2,actual_offshore_wind_generation,Wind Offshore,2026-08-10T16:50:24Z
2026-08-10T16:45:28Z,2026-08-10T18:45:28+0200,f717c518-05ab-43f2-aeab-072d31581934,2026-07-27T08:15:00Z,2026-07-27T10:15:00+0200,644.783,MW,DK2,DK_2,actual_offshore_wind_generation,Wind Offshore,2026-08-10T16:50:24Z
2026-08-10T16:45:28Z,2026-08-10T18:45:28+0200,f717c518-05ab-43f2-aeab-072d31581934,2026-07-27T08:30:00Z,2026-07-27T10:30:00+0200,662.471,MW,DK2,DK_2,actual_offshore_wind_generation,Wind Offshore,2026-08-10T16:50:24Z
2026-08-10T16:45:28Z,2026-08-10T18:45:28+0200,f717c518-05ab-43f2-aeab-072d31581934,2026-07-27T08:45:00Z,2026-07-27T10:45:00+0200,651.995,MW,DK2,DK_2,actual_offshore_wind_generation,Wind Offshore,2026-08-10T16:50:24Z
2026-08-10T16:45:28Z,2026-08-10T18:45:28+0200,f717c518-05ab-43f2-aeab-072d31581934,2026-07-27T09:00:00Z,2026-07-27T11:00:00+0200,623.761,MW,DK2,DK_2,actual_offshore_wind_generation,Wind Offshore,2026-08-10T16:50:24Z
2026-08-10T16:45:28Z,2026-08-10T18:45:28+0200,f717c518-05ab-43f2-aeab-072d31581934,2026-07-27T09:15:00Z,2026-07-27T11:15:00+0200,386.578,MW,DK2,DK_2,actual_offshore_wind_generation,Wind Offshore,2026-08-10T16:50:24Z
2026-08-10T16:45:28Z,2026-08-10T18:45:28+0200,f717c518-05ab-43f2-aeab-072d31581934,2026-07-27T09:30:00Z,2026-07-27T11:30:00+0200,343.068,MW,DK2,DK_2,actual_offshore_wind_generation,Wind Offshore,2026-08-10T16:50:24Z
2026-08-10T16:45:28Z,2026-08-10T18:45:28+0200,f717c518-05ab-43f2-aeab-072d31581934,2026-07-27T09:45:00Z,2026-07-27T11:45:00+0200,341.836,MW,DK2,DK_2,actual_offshore_wind_generation,Wind Offshore,2026-08-10T16:50:24Z
2026-08-10T16:45:28Z,2026-08-10T18:45:28+0200,f717c518-05ab-43f2-aeab-072d31581934,2026-07-27T10:00:00Z,2026-07-27T12:00:00+0200,326.224,MW,DK2,DK_2,actual_offshore_wind_generation,Wind Offshore,2026-08-10T16:50:24Z
2026-08-10T16:45:28Z,2026-08-10T18:45:28+0200,f717c518-05ab-43f2-aeab-072d31581934,2026-07-27T10:15:00Z,2026-07-27T12:15:00+0200,339.57,MW,DK2,DK_2,actual_offshore_wind_generation,Wind Offshore,2026-08-10T16:50:24Z
2026-08-10T16:45:28Z,2026-08-10T18:45:28+0200,f717c518-05ab-43f2-aeab-072d31581934,2026-07-27T10:30:00Z,2026-07-27T12:30:00+0200,334.107,MW,DK2,DK_2,actual_offshore_wind_generation,Wind Offshore,2026-08-10T16:50:24Z
2026-08-10T16:45:28Z,2026-08-10T18:45:28+0200,f717c518-05ab-43f2-aeab-072d31581934,2026-07-27T10:45:00Z,2026-07-27T12:45:00+0200,284.498,MW,DK2,DK_2,actual_offshore_wind_generation,Wind Offshore,2026-08-10T16:50:24Z
2026-08-10T16:45:28Z,2026-08-10T18:45:28+0200,f717c518-05ab-43f2-aeab-072d31581934,2026-07-27T11:00:00Z,2026-07-27T13:00:00+0200,286.987,MW,DK2,DK_2,actual_offshore_wind_generation,Wind Offshore,2026-08-10T16:50:24Z
2026-08-10T16:45:28Z,2026-08-10T18:45:28+0200,f717c518-05ab-43f2-aeab-072d31581934,2026-07-27T11:15:00Z,2026-07-27T13:15:00+0200,329.745,MW,DK2,DK_2,actual_offshore_wind_generation,Wind Offshore,2026-08-10T16:50:24Z
2026-08-10T16:45:28Z,2026-08-10T18:45:28+0200,f717c518-05ab-43f2-aeab-072d31581934,2026-07-27T11:30:00Z,2026-07-27T13:30:00+0200,357.311,MW,DK2,DK_2,actual_offshore_wind_generation,Wind Offshore,2026-08-10T16:50:24Z
2026-08-10T16:45:28Z,2026-08-10T18:45:28+0200,f717c518-05ab-43f2-aeab-072d31581934,2026-07-27T11:45:00Z,2026-07-27T13:45:00+0200,365.454,MW,DK2,DK_2,actual_offshore_wind_generation,Wind Offshore,2026-08-10T16:50:24Z
2026-08-10T16:45:28Z,2026-08-10T18:45:28+0200,f717c518-05ab-43f2-aeab-072d31581934,2026-07-27T12:00:00Z,2026-07-27T14:00:00+0200,517.666,MW,DK2,DK_2,actual_offshore_wind_generation,Wind Offshore,2026-08-10T16:50:24Z
2026-08-10T16:45:28Z,2026-08-10T18:45:28+0200,f717c518-05ab-43f2-aeab-072d31581934,2026-07-27T12:15:00Z,2026-07-27T14:15:00+0200,513.507,MW,DK2,DK_2,actual_offshore_wind_generation,Wind Offshore,2026-08-10T16:50:24Z
2026-08-10T16:45:28Z,2026-08-10T18:45:28+0200,f717c518-05ab-43f2-aeab-072d31581934,2026-07-27T12:30:00Z,2026-07-27T14:30:00+0200,474.077,MW,DK2,DK_2,actual_offshore_wind_generation,Wind Offshore,2026-08-10T16:50:24Z
2026-08-10T16:45:28Z,2026-08-10T18:45:28+0200,f717c518-05ab-43f2-aeab-072d31581934,2026-07-27T12:45:00Z,2026-07-27T14:45:00+0200,506.157,MW,DK2,DK_2,actual_offshore_wind_generation,Wind Offshore,2026-08-10T16:50:24Z
2026-08-10T16:45:28Z,2026-08-10T18:45:28+0200,f717c518-05ab-43f2-aeab-072d31581934,2026-07-27T13:00:00Z,2026-07-27T15:00:00+0200,564.002,MW,DK2,DK_2,actual_offshore_wind_generation,Wind Offshore,2026-08-10T16:50:24Z
2026-08-10T16:45:28Z,2026-08-10T18:45:28+0200,f717c518-05ab-43f2-aeab-072d31581934,2026-07-27T13:15:00Z,2026-07-27T15:15:00+0200,550.894,MW,DK2,DK_2,actual_offshore_wind_generation,Wind Offshore,2026-08-10T16:50:24Z
2026-08-10T16:45:28Z,2026-08-10T18:45:28+0200,f717c518-05ab-43f2-aeab-072d31581934,2026-07-27T13:30:00Z,2026-07-27T15:30:00+0200,538.027,MW,DK2,DK_2,actual_offshore_wind_generation,Wind Offshore,2026-08-10T16:50:24Z
2026-08-10T16:45:28Z,2026-08-10T18:45:28+0200,f717c518-05ab-43f2-aeab-072d31581934,2026-07-27T13:45:00Z,2026-07-27T15:45:00+0200,573.622,MW,DK2,DK_2,actual_offshore_wind_generation,Wind Offshore,2026-08-10T16:50:24Z
2026-08-10T16:45:28Z,2026-08-10T18:45:28+0200,f717c518-05ab-43f2-aeab-072d31581934,2026-07-27T14:00:00Z,2026-07-27T16:00:00+0200,684.026,MW,DK2,DK_2,actual_offshore_wind_generation,Wind Offshore,2026-08-10T16:50:24Z
2026-08-10T16:45:28Z,2026-08-10T18:45:28+0200,f717c518-05ab-43f2-aeab-072d31581934,2026-07-27T14:15:00Z,2026-07-27T16:15:00+0200,703.869,MW,DK2,DK_2,actual_offshore_wind_generation,Wind Offshore,2026-08-10T16:50:24Z
2026-08-10T16:45:28Z,2026-08-10T18:45:28+0200,f717c518-05ab-43f2-aeab-072d31581934,2026-07-27T14:30:00Z,2026-07-27T16:30:00+0200,718.18,MW,DK2,DK_2,actual_offshore_wind_generation,Wind Offshore,2026-08-10T16:50:24Z
2026-08-10T16:45:28Z,2026-08-10T18:45:28+0200,f717c518-05ab-43f2-aeab-072d31581934,2026-07-27T14:45:00Z,2026-07-27T16:45:00+0200,727.27,MW,DK2,DK_2,actual_offshore_wind_generation,Wind Offshore,2026-08-10T16:50:24Z
2026-08-10T16:45:28Z,2026-08-10T18:45:28+0200,f717c518-05ab-43f2-aeab-072d31581934,2026-07-27T15:00:00Z,2026-07-27T17:00:00+0200,722.7,MW,DK2,DK_2,actual_offshore_wind_generation,Wind Offshore,2026-08-10T16:50:24Z
2026-08-10T16:45:28Z,2026-08-10T18:45:28+0200,f717c518-05ab-43f2-aeab-072d31581934,2026-07-27T15:15:00Z,2026-07-27T17:15:00+0200,715.619,MW,DK2,DK_2,actual_offshore_wind_generation,Wind Offshore,2026-08-10T16:50:24Z
2026-08-10T16:45:28Z,2026-08-10T18:45:28+0200,f717c518-05ab-43f2-aeab-072d31581934,2026-07-27T15:30:00Z,2026-07-27T17:30:00+0200,724.001,MW,DK2,DK_2,actual_offshore_wind_generation,Wind Offshore,2026-08-10T16:50:24Z
2026-08-10T16:45:28Z,2026-08-10T18:45:28+0200,f717c518-05ab-43f2-aeab-072d31581934,2026-07-27T15:45:00Z,2026-07-27T17:45:00+0200,729.481,MW,DK2,DK_2,actual_offshore_wind_generation,Wind Offshore,2026-08-10T16:50:24Z
2026-08-10T16:45:28Z,2026-08-10T18:45:28+0200,f717c518-05ab-43f2-aeab-072d31581934,2026-07-27T16:00:00Z,2026-07-27T18:00:00+0200,733.221,MW,DK2,DK_2,actual_offshore_wind_generation,Wind Offshore,2026-08-10T16:50:24Z
2026-08-10T16:45:28Z,2026-08-10T18:45:28+0200,f717c518-05ab-43f2-aeab-072d31581934,2026-07-27T16:15:00Z,2026-07-27T18:15:00+0200,734.697,MW,DK2,DK_2,actual_offshore_wind_generation,Wind Offshore,2026-08-10T16:50:24Z
2026-08-10T16:45:28Z,2026-08-10T18:45:28+0200,f717c518-05ab-43f2-aeab-072d31581934,2026-07-27T16:30:00Z,2026-07-27T18:30:00+0200,722.743,MW,DK2,DK_2,actual_offshore_wind_generation,Wind Offshore,2026-08-10T16:50:24Z
2026-08-10T16:45:28Z,2026-08-10T18:45:28+0200,f717c518-05ab-43f2-aeab-072d31581934,2026-07-27T16:45:00Z,2026-07-27T18:45:00+0200,714.371,MW,DK2,DK_2,actual_offshore_wind_generation,Wind Offshore,2026-08-10T16:50:24Z
2026-08-10T16:45:28Z,2026-08-10T18:45:28+0200,f717c518-05ab-43f2-aeab-072d31581934,2026-07-27T17:00:00Z,2026-07-27T19:00:00+0200,730.107,MW,DK2,DK_2,actual_offshore_wind_generation,Wind Offshore,2026-08-10T16:50:24Z
2026-08-10T16:45:28Z,2026-08-10T18:45:28+0200,f717c518-05ab-43f2-aeab-072d31581934,2026-07-27T17:15:00Z,2026-07-27T19:15:00+0200,721.895,MW,DK2,DK_2,actual_offshore_wind_generation,Wind Offshore,2026-08-10T16:50:24Z
2026-08-10T16:45:28Z,2026-08-10T18:45:28+0200,f717c518-05ab-43f2-aeab-072d31581934,2026-07-27T17:30:00Z,2026-07-27T19:30:00+0200,722.666,MW,DK2,DK_2,actual_offshore_wind_generation,Wind Offshore,2026-08-10T16:50:24Z
2026-08-10T16:45:28Z,2026-08-10T18:45:28+0200,f717c518-05ab-43f2-aeab-072d31581934,2026-07-27T17:45:00Z,2026-07-27T19:45:00+0200,724.164,MW,DK2,DK_2,actual_offshore_wind_generation,Wind Offshore,2026-08-10T16:50:24Z
2026-08-10T16:45:28Z,2026-08-10T18:45:28+0200,f717c518-05ab-43f2-aeab-072d31581934,2026-07-27T18:00:00Z,2026-07-27T20:00:00+0200,906.315,MW,DK2,DK_2,actual_offshore_wind_generation,Wind Offshore,2026-08-10T16:50:24Z
2026-08-10T16:45:28Z,2026-08-10T18:45:28+0200,f717c518-05ab-43f2-aeab-072d31581934,2026-07-27T18:15:00Z,2026-07-27T20:15:00+0200,923.162,MW,DK2,DK_2,actual_offshore_wind_generation,Wind Offshore,2026-08-10T16:50:24Z
2026-08-10T16:45:28Z,2026-08-10T18:45:28+0200,f717c518-05ab-43f2-aeab-072d31581934,2026-07-27T18:30:00Z,2026-07-27T20:30:00+0200,885.518,MW,DK2,DK_2,actual_offshore_wind_generation,Wind Offshore,2026-08-10T16:50:24Z
2026-08-10T16:45:28Z,2026-08-10T18:45:28+0200,f717c518-05ab-43f2-aeab-072d31581934,2026-07-27T18:45:00Z,2026-07-27T20:45:00+0200,915.713,MW,DK2,DK_2,actual_offshore_wind_generation,Wind Offshore,2026-08-10T16:50:24Z
2026-08-10T16:45:28Z,2026-08-10T18:45:28+0200,f717c518-05ab-43f2-aeab-072d31581934,2026-07-27T19:00:00Z,2026-07-27T21:00:00+0200,928.324,MW,DK2,DK_2,actual_offshore_wind_generation,Wind Offshore,2026-08-10T16:50:24Z
2026-08-10T16:45:28Z,2026-08-10T18:45:28+0200,f717c518-05ab-43f2-aeab-072d31581934,2026-07-27T19:15:00Z,2026-07-27T21:15:00+0200,931.322,MW,DK2,DK_2,actual_offshore_wind_generation,Wind Offshore,2026-08-10T16:50:24Z
2026-08-10T16:45:28Z,2026-08-10T18:45:28+0200,f717c518-05ab-43f2-aeab-072d31581934,2026-07-27T19:30:00Z,2026-07-27T21:30:00+0200,917.451,MW,DK2,DK_2,actual_offshore_wind_generation,Wind Offshore,2026-08-10T16:50:24Z
2026-08-10T16:45:28Z,2026-08-10T18:45:28+0200,f717c518-05ab-43f2-aeab-072d31581934,2026-07-27T19:45:00Z,2026-07-27T21:45:00+0200,899.403,MW,DK2,DK_2,actual_offshore_wind_generation,Wind Offshore,2026-08-10T16:50:24Z
2026-08-10T16:45:28Z,2026-08-10T18:45:28+0200,f717c518-05ab-43f2-aeab-072d31581934,2026-07-27T20:00:00Z,2026-07-27T22:00:00+0200,905.848,MW,DK2,DK_2,actual_offshore_wind_generation,Wind Offshore,2026-08-10T16:50:24Z
2026-08-10T16:45:28Z,2026-08-10T18:45:28+0200,f717c518-05ab-43f2-aeab-072d31581934,2026-07-27T20:15:00Z,2026-07-27T22:15:00+0200,920.771,MW,DK2,DK_2,actual_offshore_wind_generation,Wind Offshore,2026-08-10T16:50:24Z
2026-08-10T16:45:28Z,2026-08-10T18:45:28+0200,f717c518-05ab-43f2-aeab-072d31581934,2026-07-27T20:30:00Z,2026-07-27T22:30:00+0200,918.776,MW,DK2,DK_2,actual_offshore_wind_generation,Wind Offshore,2026-08-10T16:50:24Z
2026-08-10T16:45:28Z,2026-08-10T18:45:28+0200,f717c518-05ab-43f2-aeab-072d31581934,2026-07-27T20:45:00Z,2026-07-27T22:45:00+0200,914.902,MW,DK2,DK_2,actual_offshore_wind_generation,Wind Offshore,2026-08-10T16:50:24Z
2026-08-10T16:45:28Z,2026-08-10T18:45:28+0200,f717c518-05ab-43f2-aeab-072d31581934,2026-07-27T21:00:00Z,2026-07-27T23:00:00+0200,913.005,MW,DK2,DK_2,actual_offshore_wind_generation,Wind Offshore,2026-08-10T16:50:24Z
2026-08-10T16:45:28Z,2026-08-10T18:45:28+0200,f717c518-05ab-43f2-aeab-072d31581934,2026-07-27T21:15:00Z,2026-07-27T23:15:00+0200,890.447,MW,DK2,DK_2,actual_offshore_wind_generation,Wind Offshore,2026-08-10T16:50:24Z
2026-08-10T16:45:28Z,2026-08-10T18:45:28+0200,f717c518-05ab-43f2-aeab-072d31581934,2026-07-27T21:30:00Z,2026-07-27T23:30:00+0200,882.151,MW,DK2,DK_2,actual_offshore_wind_generation,Wind Offshore,2026-08-10T16:50:24Z
2026-08-10T16:45:28Z,2026-08-10T18:45:28+0200,f717c518-05ab-43f2-aeab-072d31581934,2026-07-27T21:45:00Z,2026-07-27T23:45:00+0200,891.183,MW,DK2,DK_2,actual_offshore_wind_generation,Wind Offshore,2026-08-10T16:50:24Z
2026-08-10T16:45:28Z,2026-08-10T18:45:28+0200,f717c518-05ab-43f2-aeab-072d31581934,2026-07-27T22:00:00Z,2026-07-28T00:00:00+0200,904.132,MW,DK2,DK_2,actual_offshore_wind_generation,Wind Offshore,2026-08-10T16:50:24Z
2026-08-10T16:45:28Z,2026-08-10T18:45:28+0200,f717c518-05ab-43f2-aeab-072d31581934,2026-07-27T22:15:00Z,2026-07-28T00:15:00+0200,900.855,MW,DK2,DK_2,actual_offshore_wind_generation,Wind Offshore,2026-08-10T16:50:24Z
2026-08-10T16:45:28Z,2026-08-10T18:45:28+0200,f717c518-05ab-43f2-aeab-072d31581934,2026-07-27T22:30:00Z,2026-07-28T00:30:00+0200,881.779,MW,DK2,DK_2,actual_offshore_wind_generation,Wind Offshore,2026-08-10T16:50:24Z
2026-08-10T16:45:28Z,2026-08-10T18:45:28+0200,f717c518-05ab-43f2-aeab-072d31581934,2026-07-27T22:45:00Z,2026-07-28T00:45:00+0200,883.209,MW,DK2,DK_2,actual_offshore_wind_generation,Wind Offshore,2026-08-10T16:50:24Z
2026-08-10T16:45:28Z,2026-08-10T18:45:28+0200,f717c518-05ab-43f2-aeab-072d31581934,2026-07-27T23:00:00Z,2026-07-28T01:00:00+0200,864.438,MW,DK2,DK_2,actual_offshore_wind_generation,Wind Offshore,2026-08-10T16:50:24Z
2026-08-10T16:45:28Z,2026-08-10T18:45:28+0200,f717c518-05ab-43f2-aeab-072d31581934,2026-07-27T23:15:00Z,2026-07-28T01:15:00+0200,859.632,MW,DK2,DK_2,actual_offshore_wind_generation,Wind Offshore,2026-08-10T16:50:24Z
2026-08-10T16:45:28Z,2026-08-10T18:45:28+0200,f717c518-05ab-43f2-aeab-072d31581934,2026-07-27T23:30:00Z,2026-07-28T01:30:00+0200,856.653,MW,DK2,DK_2,actual_offshore_wind_generation,Wind Offshore,2026-08-10T16:50:24Z
2026-08-10T16:45:28Z,2026-08-10T18:45:28+0200,f717c518-05ab-43f2-aeab-072d31581934,2026-07-27T23:45:00Z,2026-07-28T01:45:00+0200,848.911,MW,DK2,DK_2,actual_offshore_wind_generation,Wind Offshore,2026-08-10T16:50:24Z
2026-08-10T16:45:28Z,2026-08-10T18:45:28+0200,f717c518-05ab-43f2-aeab-072d31581934,2026-07-28T00:00:00Z,2026-07-28T02:00:00+0200,834.194,MW,DK2,DK_2,actual_offshore_wind_generation,Wind Offshore,2026-08-10T16:50:24Z
2026-08-10T16:45:28Z,2026-08-10T18:45:28+0200,f717c518-05ab-43f2-aeab-072d31581934,2026-07-28T00:15:00Z,2026-07-28T02:15:00+0200,825.795,MW,DK2,DK_2,actual_offshore_wind_generation,Wind Offshore,2026-08-10T16:50:24Z
2026-08-10T16:45:28Z,2026-08-10T18:45:28+0200,f717c518-05ab-43f2-aeab-072d31581934,2026-07-28T00:30:00Z,2026-07-28T02:30:00+0200,831.542,MW,DK2,DK_2,actual_offshore_wind_generation,Wind Offshore,2026-08-10T16:50:24Z
2026-08-10T16:45:28Z,2026-08-10T18:45:28+0200,f717c518-05ab-43f2-aeab-072d31581934,2026-07-28T00:45:00Z,2026-07-28T02:45:00+0200,825.354,MW,DK2,DK_2,actual_offshore_wind_generation,Wind Offshore,2026-08-10T16:50:24Z
2026-08-10T16:45:28Z,2026-08-10T18:45:28+0200,f717c518-05ab-43f2-aeab-072d31581934,2026-07-28T01:00:00Z,2026-07-28T03:00:00+0200,804.998,MW,DK2,DK_2,actual_offshore_wind_generation,Wind Offshore,2026-08-10T16:50:24Z
2026-08-10T16:45:28Z,2026-08-10T18:45:28+0200,f717c518-05ab-43f2-aeab-072d31581934,2026-07-28T01:15:00Z,2026-07-28T03:15:00+0200,781.387,MW,DK2,DK_2,actual_offshore_wind_generation,Wind Offshore,2026-08-10T16:50:24Z
2026-08-10T16:45:28Z,2026-08-10T18:45:28+0200,f717c518-05ab-43f2-aeab-072d31581934,2026-07-28T01:30:00Z,2026-07-28T03:30:00+0200,765.594,MW,DK2,DK_2,actual_offshore_wind_generation,Wind Offshore,2026-08-10T16:50:24Z
2026-08-10T16:45:28Z,2026-08-10T18:45:28+0200,f717c518-05ab-43f2-aeab-072d31581934,2026-07-28T01:45:00Z,2026-07-28T03:45:00+0200,766.419,MW,DK2,DK_2,actual_offshore_wind_generation,Wind Offshore,2026-08-10T16:50:24Z
2026-08-10T16:45:28Z,2026-08-10T18:45:28+0200,f717c518-05ab-43f2-aeab-072d31581934,2026-07-28T02:00:00Z,2026-07-28T04:00:00+0200,781.32,MW,DK2,DK_2,actual_offshore_wind_generation,Wind Offshore,2026-08-10T16:50:24Z
2026-08-10T16:45:28Z,2026-08-10T18:45:28+0200,f717c518-05ab-43f2-aeab-072d31581934,2026-07-28T02:15:00Z,2026-07-28T04:15:00+0200,780.837,MW,DK2,DK_2,actual_offshore_wind_generation,Wind Offshore,2026-08-10T16:50:24Z
2026-08-10T16:45:28Z,2026-08-10T18:45:28+0200,f717c518-05ab-43f2-aeab-072d31581934,2026-07-28T02:30:00Z,2026-07-28T04:30:00+0200,768.313,MW,DK2,DK_2,actual_offshore_wind_generation,Wind Offshore,2026-08-10T16:50:24Z
2026-08-10T16:45:28Z,2026-08-10T18:45:28+0200,f717c518-05ab-43f2-aeab-072d31581934,2026-07-28T02:45:00Z,2026-07-28T04:45:00+0200,780.234,MW,DK2,DK_2,actual_offshore_wind_generation,Wind Offshore,2026-08-10T16:50:24Z
2026-08-10T16:45:28Z,2026-08-10T18:45:28+0200,f717c518-05ab-43f2-aeab-072d31581934,2026-07-28T03:00:00Z,2026-07-28T05:00:00+0200,797.057,MW,DK2,DK_2,actual_offshore_wind_generation,Wind Offshore,2026-08-10T16:50:24Z
2026-08-10T16:45:28Z,2026-08-10T18:45:28+0200,f717c518-05ab-43f2-aeab-072d31581934,2026-07-28T03:15:00Z,2026-07-28T05:15:00+0200,783.521,MW,DK2,DK_2,actual_offshore_wind_generation,Wind Offshore,2026-08-10T16:50:24Z
2026-08-10T16:45:28Z,2026-08-10T18:45:28+0200,f717c518-05ab-43f2-aeab-072d31581934,2026-07-28T03:30:00Z,2026-07-28T05:30:00+0200,752.558,MW,DK2,DK_2,actual_offshore_wind_generation,Wind Offshore,2026-08-10T16:50:24Z
2026-08-10T16:45:28Z,2026-08-10T18:45:28+0200,f717c518-05ab-43f2-aeab-072d31581934,2026-07-28T03:45:00Z,2026-07-28T05:45:00+0200,730.297,MW,DK2,DK_2,actual_offshore_wind_generation,Wind Offshore,2026-08-10T16:50:24Z
2026-08-10T16:45:28Z,2026-08-10T18:45:28+0200,f717c518-05ab-43f2-aeab-072d31581934,2026-07-28T04:00:00Z,2026-07-28T06:00:00+0200,709.42,MW,DK2,DK_2,actual_offshore_wind_generation,Wind Offshore,2026-08-10T16:50:24Z
2026-08-10T16:45:28Z,2026-08-10T18:45:28+0200,f717c518-05ab-43f2-aeab-072d31581934,2026-07-28T04:15:00Z,2026-07-28T06:15:00+0200,676.547,MW,DK2,DK_2,actual_offshore_wind_generation,Wind Offshore,2026-08-10T16:50:24Z
2026-08-10T16:45:28Z,2026-08-10T18:45:28+0200,f717c518-05ab-43f2-aeab-072d31581934,2026-07-28T04:30:00Z,2026-07-28T06:30:00+0200,666.746,MW,DK2,DK_2,actual_offshore_wind_generation,Wind Offshore,2026-08-10T16:50:24Z
2026-08-10T16:45:28Z,2026-08-10T18:45:28+0200,f717c518-05ab-43f2-aeab-072d31581934,2026-07-28T04:45:00Z,2026-07-28T06:45:00+0200,679.137,MW,DK2,DK_2,actual_offshore_wind_generation,Wind Offshore,2026-08-10T16:50:24Z
2026-08-10T16:45:28Z,2026-08-10T18:45:28+0200,f717c518-05ab-43f2-aeab-072d31581934,2026-07-28T05:00:00Z,2026-07-28T07:00:00+0200,679.638,MW,DK2,DK_2,actual_offshore_wind_generation,Wind Offshore,2026-08-10T16:50:24Z
2026-08-10T16:45:28Z,2026-08-10T18:45:28+0200,f717c518-05ab-43f2-aeab-072d31581934,2026-07-28T05:15:00Z,2026-07-28T07:15:00+0200,686.927,MW,DK2,DK_2,actual_offshore_wind_generation,Wind Offshore,2026-08-10T16:50:24Z
2026-08-10T16:45:28Z,2026-08-10T18:45:28+0200,f717c518-05ab-43f2-aeab-072d31581934,2026-07-28T05:30:00Z,2026-07-28T07:30:00+0200,689.175,MW,DK2,DK_2,actual_offshore_wind_generation,Wind Offshore,2026-08-10T16:50:24Z
2026-08-10T16:45:28Z,2026-08-10T18:45:28+0200,f717c518-05ab-43f2-aeab-072d31581934,2026-07-28T05:45:00Z,2026-07-28T07:45:00+0200,657.489,MW,DK2,DK_2,actual_offshore_wind_generation,Wind Offshore,2026-08-10T16:50:24Z
2026-08-10T16:45:28Z,2026-08-10T18:45:28+0200,f717c518-05ab-43f2-aeab-072d31581934,2026-07-28T06:00:00Z,2026-07-28T08:00:00+0200,593.134,MW,DK2,DK_2,actual_offshore_wind_generation,Wind Offshore,2026-08-10T16:50:24Z
2026-08-10T16:45:28Z,2026-08-10T18:45:28+0200,f717c518-05ab-43f2-aeab-072d31581934,2026-07-28T06:15:00Z,2026-07-28T08:15:00+0200,581.873,MW,DK2,DK_2,actual_offshore_wind_generation,Wind Offshore,2026-08-10T16:50:24Z
2026-08-10T16:45:28Z,2026-08-10T18:45:28+0200,f717c518-05ab-43f2-aeab-072d31581934,2026-07-28T06:30:00Z,2026-07-28T08:30:00+0200,538.803,MW,DK2,DK_2,actual_offshore_wind_generation,Wind Offshore,2026-08-10T16:50:24Z
2026-08-10T16:45:28Z,2026-08-10T18:45:28+0200,f717c518-05ab-43f2-aeab-072d31581934,2026-07-28T06:45:00Z,2026-07-28T08:45:00+0200,519.747,MW,DK2,DK_2,actual_offshore_wind_generation,Wind Offshore,2026-08-10T16:50:24Z
2026-08-10T16:45:28Z,2026-08-10T18:45:28+0200,f717c518-05ab-43f2-aeab-072d31581934,2026-07-28T07:00:00Z,2026-07-28T09:00:00+0200,495.005,MW,DK2,DK_2,actual_offshore_wind_generation,Wind Offshore,2026-08-10T16:50:24Z
2026-08-10T16:45:28Z,2026-08-10T18:45:28+0200,f717c518-05ab-43f2-aeab-072d31581934,2026-07-28T07:15:00Z,2026-07-28T09:15:00+0200,493.981,MW,DK2,DK_2,actual_offshore_wind_generation,Wind Offshore,2026-08-10T16:50:24Z
2026-08-10T16:45:28Z,2026-08-10T18:45:28+0200,f717c518-05ab-43f2-aeab-072d31581934,2026-07-28T07:30:00Z,2026-07-28T09:30:00+0200,489.114,MW,DK2,DK_2,actual_offshore_wind_generation,Wind Offshore,2026-08-10T16:50:24Z
2026-08-10T16:45:28Z,2026-08-10T18:45:28+0200,f717c518-05ab-43f2-aeab-072d31581934,2026-07-28T07:45:00Z,2026-07-28T09:45:00+0200,463.935,MW,DK2,DK_2,actual_offshore_wind_generation,Wind Offshore,2026-08-10T16:50:24Z
2026-08-10T16:45:28Z,2026-08-10T18:45:28+0200,f717c518-05ab-43f2-aeab-072d31581934,2026-07-28T08:00:00Z,2026-07-28T10:00:00+0200,461.42,MW,DK2,DK_2,actual_offshore_wind_generation,Wind Offshore,2026-08-10T16:50:24Z
2026-08-10T16:45:28Z,2026-08-10T18:45:28+0200,f717c518-05ab-43f2-aeab-072d31581934,2026-07-28T08:15:00Z,2026-07-28T10:15:00+0200,462.731,MW,DK2,DK_2,actual_offshore_wind_generation,Wind Offshore,2026-08-10T16:50:24Z
2026-08-10T16:45:28Z,2026-08-10T18:45:28+0200,f717c518-05ab-43f2-aeab-072d31581934,2026-07-28T08:30:00Z,2026-07-28T10:30:00+0200,480.01,MW,DK2,DK_2,actual_offshore_wind_generation,Wind Offshore,2026-08-10T16:50:24Z
2026-08-10T16:45:28Z,2026-08-10T18:45:28+0200,f717c518-05ab-43f2-aeab-072d31581934,2026-07-28T08:45:00Z,2026-07-28T10:45:00+0200,341.475,MW,DK2,DK_2,actual_offshore_wind_generation,Wind Offshore,2026-08-10T16:50:24Z
2026-08-10T16:45:28Z,2026-08-10T18:45:28+0200,f717c518-05ab-43f2-aeab-072d31581934,2026-07-28T09:00:00Z,2026-07-28T11:00:00+0200,344.445,MW,DK2,DK_2,actual_offshore_wind_generation,Wind Offshore,2026-08-10T16:50:24Z
2026-08-10T16:45:28Z,2026-08-10T18:45:28+0200,f717c518-05ab-43f2-aeab-072d31581934,2026-07-28T09:15:00Z,2026-07-28T11:15:00+0200,132.969,MW,DK2,DK_2,actual_offshore_wind_generation,Wind Offshore,2026-08-10T16:50:24Z
2026-08-10T16:45:28Z,2026-08-10T18:45:28+0200,f717c518-05ab-43f2-aeab-072d31581934,2026-07-28T09:30:00Z,2026-07-28T11:30:00+0200,82.4561,MW,DK2,DK_2,actual_offshore_wind_generation,Wind Offshore,2026-08-10T16:50:24Z
2026-08-10T16:45:28Z,2026-08-10T18:45:28+0200,f717c518-05ab-43f2-aeab-072d31581934,2026-07-28T09:45:00Z,2026-07-28T11:45:00+0200,18.6899,MW,DK2,DK_2,actual_offshore_wind_generation,Wind Offshore,2026-08-10T16:50:24Z
2026-08-10T16:45:28Z,2026-08-10T18:45:28+0200,f717c518-05ab-43f2-aeab-072d31581934,2026-07-28T10:00:00Z,2026-07-28T12:00:00+0200,28.716,MW,DK2,DK_2,actual_offshore_wind_generation,Wind Offshore,2026-08-10T16:50:24Z
2026-08-10T16:45:28Z,2026-08-10T18:45:28+0200,f717c518-05ab-43f2-aeab-072d31581934,2026-07-28T10:15:00Z,2026-07-28T12:15:00+0200,30.7861,MW,DK2,DK_2,actual_offshore_wind_generation,Wind Offshore,2026-08-10T16:50:24Z
2026-08-10T16:45:28Z,2026-08-10T18:45:28+0200,f717c518-05ab-43f2-aeab-072d31581934,2026-07-28T10:30:00Z,2026-07-28T12:30:00+0200,32.6931,MW,DK2,DK_2,actual_offshore_wind_generation,Wind Offshore,2026-08-10T16:50:24Z
2026-08-10T16:45:28Z,2026-08-10T18:45:28+0200,f717c518-05ab-43f2-aeab-072d31581934,2026-07-28T10:45:00Z,2026-07-28T12:45:00+0200,31.0548,MW,DK2,DK_2,actual_offshore_wind_generation,Wind Offshore,2026-08-10T16:50:24Z
2026-08-10T16:45:28Z,2026-08-10T18:45:28+0200,f717c518-05ab-43f2-aeab-072d31581934,2026-07-28T11:00:00Z,2026-07-28T13:00:00+0200,30.5017,MW,DK2,DK_2,actual_offshore_wind_generation,Wind Offshore,2026-08-10T16:50:24Z
2026-08-10T16:45:28Z,2026-08-10T18:45:28+0200,f717c518-05ab-43f2-aeab-072d31581934,2026-07-28T11:15:00Z,2026-07-28T13:15:00+0200,31.1529,MW,DK2,DK_2,actual_offshore_wind_generation,Wind Offshore,2026-08-10T16:50:24Z
2026-08-10T16:45:28Z,2026-08-10T18:45:28+0200,f717c518-05ab-43f2-aeab-072d31581934,2026-07-28T11:30:00Z,2026-07-28T13:30:00+0200,28.0253,MW,DK2,DK_2,actual_offshore_wind_generation,Wind Offshore,2026-08-10T16:50:24Z
2026-08-10T16:45:28Z,2026-08-10T18:45:28+0200,f717c518-05ab-43f2-aeab-072d31581934,2026-07-28T11:45:00Z,2026-07-28T13:45:00+0200,22.9541,MW,DK2,DK_2,actual_offshore_wind_generation,Wind Offshore,2026-08-10T16:50:24Z
2026-08-10T16:45:28Z,2026-08-10T18:45:28+0200,f717c518-05ab-43f2-aeab-072d31581934,2026-07-28T12:00:00Z,2026-07-28T14:00:00+0200,15.6992,MW,DK2,DK_2,actual_offshore_wind_generation,Wind Offshore,2026-08-10T16:50:24Z
2026-08-10T16:45:28Z,2026-08-10T18:45:28+0200,f717c518-05ab-43f2-aeab-072d31581934,2026-07-28T12:15:00Z,2026-07-28T14:15:00+0200,22.5781,MW,DK2,DK_2,actual_offshore_wind_generation,Wind Offshore,2026-08-10T16:50:24Z
2026-08-10T16:45:28Z,2026-08-10T18:45:28+0200,f717c518-05ab-43f2-aeab-072d31581934,2026-07-28T12:30:00Z,2026-07-28T14:30:00+0200,27.2304,MW,DK2,DK_2,actual_offshore_wind_generation,Wind Offshore,2026-08-10T16:50:24Z
2026-08-10T16:45:28Z,2026-08-10T18:45:28+0200,f717c518-05ab-43f2-aeab-072d31581934,2026-07-28T12:45:00Z,2026-07-28T14:45:00+0200,21.9018,MW,DK2,DK_2,actual_offshore_wind_generation,Wind Offshore,2026-08-10T16:50:24Z
2026-08-10T16:45:28Z,2026-08-10T18:45:28+0200,f717c518-05ab-43f2-aeab-072d31581934,2026-07-28T13:00:00Z,2026-07-28T15:00:00+0200,18.3471,MW,DK2,DK_2,actual_offshore_wind_generation,Wind Offshore,2026-08-10T16:50:24Z
2026-08-10T16:45:28Z,2026-08-10T18:45:28+0200,f717c518-05ab-43f2-aeab-072d31581934,2026-07-28T13:15:00Z,2026-07-28T15:15:00+0200,28.9431,MW,DK2,DK_2,actual_offshore_wind_generation,Wind Offshore,2026-08-10T16:50:24Z
2026-08-10T16:45:28Z,2026-08-10T18:45:28+0200,f717c518-05ab-43f2-aeab-072d31581934,2026-07-28T13:30:00Z,2026-07-28T15:30:00+0200,32.8463,MW,DK2,DK_2,actual_offshore_wind_generation,Wind Offshore,2026-08-10T16:50:24Z
2026-08-10T16:45:28Z,2026-08-10T18:45:28+0200,f717c518-05ab-43f2-aeab-072d31581934,2026-07-28T13:45:00Z,2026-07-28T15:45:00+0200,264.863,MW,DK2,DK_2,actual_offshore_wind_generation,Wind Offshore,2026-08-10T16:50:24Z
2026-08-10T16:45:28Z,2026-08-10T18:45:28+0200,f717c518-05ab-43f2-aeab-072d31581934,2026-07-28T14:00:00Z,2026-07-28T16:00:00+0200,319.719,MW,DK2,DK_2,actual_offshore_wind_generation,Wind Offshore,2026-08-10T16:50:24Z
2026-08-10T16:45:28Z,2026-08-10T18:45:28+0200,f717c518-05ab-43f2-aeab-072d31581934,2026-07-28T14:15:00Z,2026-07-28T16:15:00+0200,328.988,MW,DK2,DK_2,actual_offshore_wind_generation,Wind Offshore,2026-08-10T16:50:24Z
2026-08-10T16:45:28Z,2026-08-10T18:45:28+0200,f717c518-05ab-43f2-aeab-072d31581934,2026-07-28T14:30:00Z,2026-07-28T16:30:00+0200,376.076,MW,DK2,DK_2,actual_offshore_wind_generation,Wind Offshore,2026-08-10T16:50:24Z
2026-08-10T16:45:28Z,2026-08-10T18:45:28+0200,f717c518-05ab-43f2-aeab-072d31581934,2026-07-28T14:45:00Z,2026-07-28T16:45:00+0200,394.558,MW,DK2,DK_2,actual_offshore_wind_generation,Wind Offshore,2026-08-10T16:50:24Z
2026-08-10T16:45:28Z,2026-08-10T18:45:28+0200,f717c518-05ab-43f2-aeab-072d31581934,2026-07-28T15:00:00Z,2026-07-28T17:00:00+0200,389.198,MW,DK2,DK_2,actual_offshore_wind_generation,Wind Offshore,2026-08-10T16:50:24Z
2026-08-10T16:45:28Z,2026-08-10T18:45:28+0200,f717c518-05ab-43f2-aeab-072d31581934,2026-07-28T15:15:00Z,2026-07-28T17:15:00+0200,410.132,MW,DK2,DK_2,actual_offshore_wind_generation,Wind Offshore,2026-08-10T16:50:24Z
2026-08-10T16:45:28Z,2026-08-10T18:45:28+0200,f717c518-05ab-43f2-aeab-072d31581934,2026-07-28T15:30:00Z,2026-07-28T17:30:00+0200,372.596,MW,DK2,DK_2,actual_offshore_wind_generation,Wind Offshore,2026-08-10T16:50:24Z
2026-08-10T16:45:28Z,2026-08-10T18:45:28+0200,f717c518-05ab-43f2-aeab-072d31581934,2026-07-28T15:45:00Z,2026-07-28T17:45:00+0200,320.072,MW,DK2,DK_2,actual_offshore_wind_generation,Wind Offshore,2026-08-10T16:50:24Z
2026-08-10T16:45:28Z,2026-08-10T18:45:28+0200,f717c518-05ab-43f2-aeab-072d31581934,2026-07-28T16:00:00Z,2026-07-28T18:00:00+0200,291.815,MW,DK2,DK_2,actual_offshore_wind_generation,Wind Offshore,2026-08-10T16:50:24Z
2026-08-10T16:45:28Z,2026-08-10T18:45:28+0200,f717c518-05ab-43f2-aeab-072d31581934,2026-07-28T16:15:00Z,2026-07-28T18:15:00+0200,285.264,MW,DK2,DK_2,actual_offshore_wind_generation,Wind Offshore,2026-08-10T16:50:24Z
2026-08-10T16:45:28Z,2026-08-10T18:45:28+0200,f717c518-05ab-43f2-aeab-072d31581934,2026-07-28T16:30:00Z,2026-07-28T18:30:00+0200,281.584,MW,DK2,DK_2,actual_offshore_wind_generation,Wind Offshore,2026-08-10T16:50:24Z
2026-08-10T16:45:28Z,2026-08-10T18:45:28+0200,f717c518-05ab-43f2-aeab-072d31581934,2026-07-28T16:45:00Z,2026-07-28T18:45:00+0200,263.131,MW,DK2,DK_2,actual_offshore_wind_generation,Wind Offshore,2026-08-10T16:50:24Z
2026-08-10T16:45:28Z,2026-08-10T18:45:28+0200,f717c518-05ab-43f2-aeab-072d31581934,2026-07-28T17:00:00Z,2026-07-28T19:00:00+0200,255.402,MW,DK2,DK_2,actual_offshore_wind_generation,Wind Offshore,2026-08-10T16:50:24Z
2026-08-10T16:45:28Z,2026-08-10T18:45:28+0200,f717c518-05ab-43f2-aeab-072d31581934,2026-07-28T17:15:00Z,2026-07-28T19:15:00+0200,260.024,MW,DK2,DK_2,actual_offshore_wind_generation,Wind Offshore,2026-08-10T16:50:24Z
2026-08-10T16:45:28Z,2026-08-10T18:45:28+0200,f717c518-05ab-43f2-aeab-072d31581934,2026-07-28T17:30:00Z,2026-07-28T19:30:00+0200,247.608,MW,DK2,DK_2,actual_offshore_wind_generation,Wind Offshore,2026-08-10T16:50:24Z
2026-08-10T16:45:28Z,2026-08-10T18:45:28+0200,f717c518-05ab-43f2-aeab-072d31581934,2026-07-28T17:45:00Z,2026-07-28T19:45:00+0200,251.886,MW,DK2,DK_2,actual_offshore_wind_generation,Wind Offshore,2026-08-10T16:50:24Z
2026-08-10T16:45:28Z,2026-08-10T18:45:28+0200,f717c518-05ab-43f2-aeab-072d31581934,2026-07-28T18:00:00Z,2026-07-28T20:00:00+0200,250.475,MW,DK2,DK_2,actual_offshore_wind_generation,Wind Offshore,2026-08-10T16:50:24Z
2026-08-10T16:45:28Z,2026-08-10T18:45:28+0200,f717c518-05ab-43f2-aeab-072d31581934,2026-07-28T18:15:00Z,2026-07-28T20:15:00+0200,249.161,MW,DK2,DK_2,actual_offshore_wind_generation,Wind Offshore,2026-08-10T16:50:24Z
2026-08-10T16:45:28Z,2026-08-10T18:45:28+0200,f717c518-05ab-43f2-aeab-072d31581934,2026-07-28T18:30:00Z,2026-07-28T20:30:00+0200,227.725,MW,DK2,DK_2,actual_offshore_wind_generation,Wind Offshore,2026-08-10T16:50:24Z
2026-08-10T16:45:28Z,2026-08-10T18:45:28+0200,f717c518-05ab-43f2-aeab-072d31581934,2026-07-28T18:45:00Z,2026-07-28T20:45:00+0200,211.818,MW,DK2,DK_2,actual_offshore_wind_generation,Wind Offshore,2026-08-10T16:50:24Z
2026-08-10T16:45:28Z,2026-08-10T18:45:28+0200,f717c518-05ab-43f2-aeab-072d31581934,2026-07-28T19:00:00Z,2026-07-28T21:00:00+0200,187.463,MW,DK2,DK_2,actual_offshore_wind_generation,Wind Offshore,2026-08-10T16:50:24Z
2026-08-10T16:45:28Z,2026-08-10T18:45:28+0200,f717c518-05ab-43f2-aeab-072d31581934,2026-07-28T19:15:00Z,2026-07-28T21:15:00+0200,180.131,MW,DK2,DK_2,actual_offshore_wind_generation,Wind Offshore,2026-08-10T16:50:24Z
2026-08-10T16:45:28Z,2026-08-10T18:45:28+0200,f717c518-05ab-43f2-aeab-072d31581934,2026-07-28T19:30:00Z,2026-07-28T21:30:00+0200,182.377,MW,DK2,DK_2,actual_offshore_wind_generation,Wind Offshore,2026-08-10T16:50:24Z
2026-08-10T16:45:28Z,2026-08-10T18:45:28+0200,f717c518-05ab-43f2-aeab-072d31581934,2026-07-28T19:45:00Z,2026-07-28T21:45:00+0200,186.388,MW,DK2,DK_2,actual_offshore_wind_generation,Wind Offshore,2026-08-10T16:50:24Z
2026-08-10T16:45:28Z,2026-08-10T18:45:28+0200,f717c518-05ab-43f2-aeab-072d31581934,2026-07-28T20:00:00Z,2026-07-28T22:00:00+0200,175.565,MW,DK2,DK_2,actual_offshore_wind_generation,Wind Offshore,2026-08-10T16:50:24Z
2026-08-10T16:45:28Z,2026-08-10T18:45:28+0200,f717c518-05ab-43f2-aeab-072d31581934,2026-07-28T20:15:00Z,2026-07-28T22:15:00+0200,194.764,MW,DK2,DK_2,actual_offshore_wind_generation,Wind Offshore,2026-08-10T16:50:24Z
2026-08-10T16:45:28Z,2026-08-10T18:45:28+0200,f717c518-05ab-43f2-aeab-072d31581934,2026-07-28T20:30:00Z,2026-07-28T22:30:00+0200,235.809,MW,DK2,DK_2,actual_offshore_wind_generation,Wind Offshore,2026-08-10T16:50:24Z
2026-08-10T16:45:28Z,2026-08-10T18:45:28+0200,f717c518-05ab-43f2-aeab-072d31581934,2026-07-28T20:45:00Z,2026-07-28T22:45:00+0200,277.889,MW,DK2,DK_2,actual_offshore_wind_generation,Wind Offshore,2026-08-10T16:50:24Z
2026-08-10T16:45:28Z,2026-08-10T18:45:28+0200,f717c518-05ab-43f2-aeab-072d31581934,2026-07-28T21:00:00Z,2026-07-28T23:00:00+0200,288.049,MW,DK2,DK_2,actual_offshore_wind_generation,Wind Offshore,2026-08-10T16:50:24Z
2026-08-10T16:45:28Z,2026-08-10T18:45:28+0200,f717c518-05ab-43f2-aeab-072d31581934,2026-07-28T21:15:00Z,2026-07-28T23:15:00+0200,300.713,MW,DK2,DK_2,actual_offshore_wind_generation,Wind Offshore,2026-08-10T16:50:24Z
2026-08-10T16:45:28Z,2026-08-10T18:45:28+0200,f717c518-05ab-43f2-aeab-072d31581934,2026-07-28T21:30:00Z,2026-07-28T23:30:00+0200,309.033,MW,DK2,DK_2,actual_offshore_wind_generation,Wind Offshore,2026-08-10T16:50:24Z
2026-08-10T16:45:28Z,2026-08-10T18:45:28+0200,f717c518-05ab-43f2-aeab-072d31581934,2026-07-28T21:45:00Z,2026-07-28T23:45:00+0200,319.945,MW,DK2,DK_2,actual_offshore_wind_generation,Wind Offshore,2026-08-10T16:50:24Z
2026-08-10T16:45:28Z,2026-08-10T18:45:28+0200,f717c518-05ab-43f2-aeab-072d31581934,2026-07-28T22:00:00Z,2026-07-29T00:00:00+0200,319.519,MW,DK2,DK_2,actual_offshore_wind_generation,Wind Offshore,2026-08-10T16:50:24Z
2026-08-10T16:45:28Z,2026-08-10T18:45:28+0200,f717c518-05ab-43f2-aeab-072d31581934,2026-07-28T22:15:00Z,2026-07-29T00:15:00+0200,342.049,MW,DK2,DK_2,actual_offshore_wind_generation,Wind Offshore,2026-08-10T16:50:24Z
2026-08-10T16:45:28Z,2026-08-10T18:45:28+0200,f717c518-05ab-43f2-aeab-072d31581934,2026-07-28T22:30:00Z,2026-07-29T00:30:00+0200,386.168,MW,DK2,DK_2,actual_offshore_wind_generation,Wind Offshore,2026-08-10T16:50:24Z
2026-08-10T16:45:28Z,2026-08-10T18:45:28+0200,f717c518-05ab-43f2-aeab-072d31581934,2026-07-28T22:45:00Z,2026-07-29T00:45:00+0200,403.963,MW,DK2,DK_2,actual_offshore_wind_generation,Wind Offshore,2026-08-10T16:50:24Z
2026-08-10T16:45:28Z,2026-08-10T18:45:28+0200,f717c518-05ab-43f2-aeab-072d31581934,2026-07-28T23:00:00Z,2026-07-29T01:00:00+0200,403.46,MW,DK2,DK_2,actual_offshore_wind_generation,Wind Offshore,2026-08-10T16:50:24Z
2026-08-10T16:45:28Z,2026-08-10T18:45:28+0200,f717c518-05ab-43f2-aeab-072d31581934,2026-07-28T23:15:00Z,2026-07-29T01:15:00+0200,383.01,MW,DK2,DK_2,actual_offshore_wind_generation,Wind Offshore,2026-08-10T16:50:24Z
2026-08-10T16:45:28Z,2026-08-10T18:45:28+0200,f717c518-05ab-43f2-aeab-072d31581934,2026-07-28T23:30:00Z,2026-07-29T01:30:00+0200,359.969,MW,DK2,DK_2,actual_offshore_wind_generation,Wind Offshore,2026-08-10T16:50:24Z
2026-08-10T16:45:28Z,2026-08-10T18:45:28+0200,f717c518-05ab-43f2-aeab-072d31581934,2026-07-28T23:45:00Z,2026-07-29T01:45:00+0200,350.352,MW,DK2,DK_2,actual_offshore_wind_generation,Wind Offshore,2026-08-10T16:50:24Z
2026-08-10T16:45:28Z,2026-08-10T18:45:28+0200,f717c518-05ab-43f2-aeab-072d31581934,2026-07-29T00:00:00Z,2026-07-29T02:00:00+0200,374.122,MW,DK2,DK_2,actual_offshore_wind_generation,Wind Offshore,2026-08-10T16:50:24Z
2026-08-10T16:45:28Z,2026-08-10T18:45:28+0200,f717c518-05ab-43f2-aeab-072d31581934,2026-07-29T00:15:00Z,2026-07-29T02:15:00+0200,375.83,MW,DK2,DK_2,actual_offshore_wind_generation,Wind Offshore,2026-08-10T16:50:24Z
2026-08-10T16:45:28Z,2026-08-10T18:45:28+0200,f717c518-05ab-43f2-aeab-072d31581934,2026-07-29T00:30:00Z,2026-07-29T02:30:00+0200,359.83,MW,DK2,DK_2,actual_offshore_wind_generation,Wind Offshore,2026-08-10T16:50:24Z
2026-08-10T16:45:28Z,2026-08-10T18:45:28+0200,f717c518-05ab-43f2-aeab-072d31581934,2026-07-29T00:45:00Z,2026-07-29T02:45:00+0200,338.183,MW,DK2,DK_2,actual_offshore_wind_generation,Wind Offshore,2026-08-10T16:50:24Z
2026-08-10T16:45:28Z,2026-08-10T18:45:28+0200,f717c518-05ab-43f2-aeab-072d31581934,2026-07-29T01:00:00Z,2026-07-29T03:00:00+0200,311.478,MW,DK2,DK_2,actual_offshore_wind_generation,Wind Offshore,2026-08-10T16:50:24Z
2026-08-10T16:45:28Z,2026-08-10T18:45:28+0200,f717c518-05ab-43f2-aeab-072d31581934,2026-07-29T01:15:00Z,2026-07-29T03:15:00+0200,282.584,MW,DK2,DK_2,actual_offshore_wind_generation,Wind Offshore,2026-08-10T16:50:24Z
2026-08-10T16:45:28Z,2026-08-10T18:45:28+0200,f717c518-05ab-43f2-aeab-072d31581934,2026-07-29T01:30:00Z,2026-07-29T03:30:00+0200,256.448,MW,DK2,DK_2,actual_offshore_wind_generation,Wind Offshore,2026-08-10T16:50:24Z
2026-08-10T16:45:28Z,2026-08-10T18:45:28+0200,f717c518-05ab-43f2-aeab-072d31581934,2026-07-29T01:45:00Z,2026-07-29T03:45:00+0200,235.98,MW,DK2,DK_2,actual_offshore_wind_generation,Wind Offshore,2026-08-10T16:50:24Z
2026-08-10T16:45:28Z,2026-08-10T18:45:28+0200,f717c518-05ab-43f2-aeab-072d31581934,2026-07-29T02:00:00Z,2026-07-29T04:00:00+0200,233.478,MW,DK2,DK_2,actual_offshore_wind_generation,Wind Offshore,2026-08-10T16:50:24Z
2026-08-10T16:45:28Z,2026-08-10T18:45:28+0200,f717c518-05ab-43f2-aeab-072d31581934,2026-07-29T02:15:00Z,2026-07-29T04:15:00+0200,245.668,MW,DK2,DK_2,actual_offshore_wind_generation,Wind Offshore,2026-08-10T16:50:24Z
2026-08-10T16:45:28Z,2026-08-10T18:45:28+0200,f717c518-05ab-43f2-aeab-072d31581934,2026-07-29T02:30:00Z,2026-07-29T04:30:00+0200,226.765,MW,DK2,DK_2,actual_offshore_wind_generation,Wind Offshore,2026-08-10T16:50:24Z
2026-08-10T16:45:28Z,2026-08-10T18:45:28+0200,f717c518-05ab-43f2-aeab-072d31581934,2026-07-29T02:45:00Z,2026-07-29T04:45:00+0200,212.45,MW,DK2,DK_2,actual_offshore_wind_generation,Wind Offshore,2026-08-10T16:50:24Z
2026-08-10T16:45:28Z,2026-08-10T18:45:28+0200,f717c518-05ab-43f2-aeab-072d31581934,2026-07-29T03:00:00Z,2026-07-29T05:00:00+0200,216.868,MW,DK2,DK_2,actual_offshore_wind_generation,Wind Offshore,2026-08-10T16:50:24Z
2026-08-10T16:45:28Z,2026-08-10T18:45:28+0200,f717c518-05ab-43f2-aeab-072d31581934,2026-07-29T03:15:00Z,2026-07-29T05:15:00+0200,221.405,MW,DK2,DK_2,actual_offshore_wind_generation,Wind Offshore,2026-08-10T16:50:24Z
2026-08-10T16:45:28Z,2026-08-10T18:45:28+0200,f717c518-05ab-43f2-aeab-072d31581934,2026-07-29T03:30:00Z,2026-07-29T05:30:00+0200,203.68,MW,DK2,DK_2,actual_offshore_wind_generation,Wind Offshore,2026-08-10T16:50:24Z
2026-08-10T16:45:28Z,2026-08-10T18:45:28+0200,f717c518-05ab-43f2-aeab-072d31581934,2026-07-29T03:45:00Z,2026-07-29T05:45:00+0200,201.933,MW,DK2,DK_2,actual_offshore_wind_generation,Wind Offshore,2026-08-10T16:50:24Z
2026-08-10T16:45:28Z,2026-08-10T18:45:28+0200,f717c518-05ab-43f2-aeab-072d31581934,2026-07-29T04:00:00Z,2026-07-29T06:00:00+0200,207.887,MW,DK2,DK_2,actual_offshore_wind_generation,Wind Offshore,2026-08-10T16:50:24Z
2026-08-10T16:45:28Z,2026-08-10T18:45:28+0200,f717c518-05ab-43f2-aeab-072d31581934,2026-07-29T04:15:00Z,2026-07-29T06:15:00+0200,193.332,MW,DK2,DK_2,actual_offshore_wind_generation,Wind Offshore,2026-08-10T16:50:24Z
2026-08-10T16:45:28Z,2026-08-10T18:45:28+0200,f717c518-05ab-43f2-aeab-072d31581934,2026-07-29T04:30:00Z,2026-07-29T06:30:00+0200,171.698,MW,DK2,DK_2,actual_offshore_wind_generation,Wind Offshore,2026-08-10T16:50:24Z
2026-08-10T16:45:28Z,2026-08-10T18:45:28+0200,f717c518-05ab-43f2-aeab-072d31581934,2026-07-29T04:45:00Z,2026-07-29T06:45:00+0200,183.2,MW,DK2,DK_2,actual_offshore_wind_generation,Wind Offshore,2026-08-10T16:50:24Z
2026-08-10T16:45:28Z,2026-08-10T18:45:28+0200,f717c518-05ab-43f2-aeab-072d31581934,2026-07-29T05:00:00Z,2026-07-29T07:00:00+0200,169.587,MW,DK2,DK_2,actual_offshore_wind_generation,Wind Offshore,2026-08-10T16:50:24Z
2026-08-10T16:45:28Z,2026-08-10T18:45:28+0200,f717c518-05ab-43f2-aeab-072d31581934,2026-07-29T05:15:00Z,2026-07-29T07:15:00+0200,169.598,MW,DK2,DK_2,actual_offshore_wind_generation,Wind Offshore,2026-08-10T16:50:24Z
2026-08-10T16:45:28Z,2026-08-10T18:45:28+0200,f717c518-05ab-43f2-aeab-072d31581934,2026-07-29T05:30:00Z,2026-07-29T07:30:00+0200,166.186,MW,DK2,DK_2,actual_offshore_wind_generation,Wind Offshore,2026-08-10T16:50:24Z
2026-08-10T16:45:28Z,2026-08-10T18:45:28+0200,f717c518-05ab-43f2-aeab-072d31581934,2026-07-29T05:45:00Z,2026-07-29T07:45:00+0200,147.344,MW,DK2,DK_2,actual_offshore_wind_generation,Wind Offshore,2026-08-10T16:50:24Z
2026-08-10T16:45:28Z,2026-08-10T18:45:28+0200,f717c518-05ab-43f2-aeab-072d31581934,2026-07-29T06:00:00Z,2026-07-29T08:00:00+0200,156.516,MW,DK2,DK_2,actual_offshore_wind_generation,Wind Offshore,2026-08-10T16:50:24Z
2026-08-10T16:45:28Z,2026-08-10T18:45:28+0200,f717c518-05ab-43f2-aeab-072d31581934,2026-07-29T06:15:00Z,2026-07-29T08:15:00+0200,142.672,MW,DK2,DK_2,actual_offshore_wind_generation,Wind Offshore,2026-08-10T16:50:24Z
2026-08-10T16:45:28Z,2026-08-10T18:45:28+0200,f717c518-05ab-43f2-aeab-072d31581934,2026-07-29T06:30:00Z,2026-07-29T08:30:00+0200,110.601,MW,DK2,DK_2,actual_offshore_wind_generation,Wind Offshore,2026-08-10T16:50:24Z
2026-08-10T16:45:28Z,2026-08-10T18:45:28+0200,f717c518-05ab-43f2-aeab-072d31581934,2026-07-29T06:45:00Z,2026-07-29T08:45:00+0200,91.5302,MW,DK2,DK_2,actual_offshore_wind_generation,Wind Offshore,2026-08-10T16:50:24Z
2026-08-10T16:45:28Z,2026-08-10T18:45:28+0200,f717c518-05ab-43f2-aeab-072d31581934,2026-07-29T07:00:00Z,2026-07-29T09:00:00+0200,79.5947,MW,DK2,DK_2,actual_offshore_wind_generation,Wind Offshore,2026-08-10T16:50:24Z
2026-08-10T16:45:28Z,2026-08-10T18:45:28+0200,f717c518-05ab-43f2-aeab-072d31581934,2026-07-29T07:15:00Z,2026-07-29T09:15:00+0200,58.4172,MW,DK2,DK_2,actual_offshore_wind_generation,Wind Offshore,2026-08-10T16:50:24Z
2026-08-10T16:45:28Z,2026-08-10T18:45:28+0200,f717c518-05ab-43f2-aeab-072d31581934,2026-07-29T07:30:00Z,2026-07-29T09:30:00+0200,65.5905,MW,DK2,DK_2,actual_offshore_wind_generation,Wind Offshore,2026-08-10T16:50:24Z
2026-08-10T16:45:28Z,2026-08-10T18:45:28+0200,f717c518-05ab-43f2-aeab-072d31581934,2026-07-29T07:45:00Z,2026-07-29T09:45:00+0200,92.3414,MW,DK2,DK_2,actual_offshore_wind_generation,Wind Offshore,2026-08-10T16:50:24Z
2026-08-10T16:45:28Z,2026-08-10T18:45:28+0200,f717c518-05ab-43f2-aeab-072d31581934,2026-07-29T08:00:00Z,2026-07-29T10:00:00+0200,130.531,MW,DK2,DK_2,actual_offshore_wind_generation,Wind Offshore,2026-08-10T16:50:24Z
2026-08-10T16:45:28Z,2026-08-10T18:45:28+0200,f717c518-05ab-43f2-aeab-072d31581934,2026-07-29T08:15:00Z,2026-07-29T10:15:00+0200,171.136,MW,DK2,DK_2,actual_offshore_wind_generation,Wind Offshore,2026-08-10T16:50:24Z
2026-08-10T16:45:28Z,2026-08-10T18:45:28+0200,f717c518-05ab-43f2-aeab-072d31581934,2026-07-29T08:30:00Z,2026-07-29T10:30:00+0200,187.242,MW,DK2,DK_2,actual_offshore_wind_generation,Wind Offshore,2026-08-10T16:50:24Z
2026-08-10T16:45:28Z,2026-08-10T18:45:28+0200,f717c518-05ab-43f2-aeab-072d31581934,2026-07-29T08:45:00Z,2026-07-29T10:45:00+0200,170.842,MW,DK2,DK_2,actual_offshore_wind_generation,Wind Offshore,2026-08-10T16:50:24Z
2026-08-10T16:45:28Z,2026-08-10T18:45:28+0200,f717c518-05ab-43f2-aeab-072d31581934,2026-07-29T09:00:00Z,2026-07-29T11:00:00+0200,163.498,MW,DK2,DK_2,actual_offshore_wind_generation,Wind Offshore,2026-08-10T16:50:24Z
2026-08-10T16:45:28Z,2026-08-10T18:45:28+0200,f717c518-05ab-43f2-aeab-072d31581934,2026-07-29T09:15:00Z,2026-07-29T11:15:00+0200,118.821,MW,DK2,DK_2,actual_offshore_wind_generation,Wind Offshore,2026-08-10T16:50:24Z
2026-08-10T16:45:28Z,2026-08-10T18:45:28+0200,f717c518-05ab-43f2-aeab-072d31581934,2026-07-29T09:30:00Z,2026-07-29T11:30:00+0200,115.721,MW,DK2,DK_2,actual_offshore_wind_generation,Wind Offshore,2026-08-10T16:50:24Z
2026-08-10T16:45:28Z,2026-08-10T18:45:28+0200,f717c518-05ab-43f2-aeab-072d31581934,2026-07-29T09:45:00Z,2026-07-29T11:45:00+0200,149.407,MW,DK2,DK_2,actual_offshore_wind_generation,Wind Offshore,2026-08-10T16:50:24Z
2026-08-10T16:45:28Z,2026-08-10T18:45:28+0200,f717c518-05ab-43f2-aeab-072d31581934,2026-07-29T10:00:00Z,2026-07-29T12:00:00+0200,145.842,MW,DK2,DK_2,actual_offshore_wind_generation,Wind Offshore,2026-08-10T16:50:24Z
2026-08-10T16:45:28Z,2026-08-10T18:45:28+0200,f717c518-05ab-43f2-aeab-072d31581934,2026-07-29T10:15:00Z,2026-07-29T12:15:00+0200,117.141,MW,DK2,DK_2,actual_offshore_wind_generation,Wind Offshore,2026-08-10T16:50:24Z
2026-08-10T16:45:28Z,2026-08-10T18:45:28+0200,f717c518-05ab-43f2-aeab-072d31581934,2026-07-29T10:30:00Z,2026-07-29T12:30:00+0200,102.733,MW,DK2,DK_2,actual_offshore_wind_generation,Wind Offshore,2026-08-10T16:50:24Z
2026-08-10T16:45:28Z,2026-08-10T18:45:28+0200,f717c518-05ab-43f2-aeab-072d31581934,2026-07-29T10:45:00Z,2026-07-29T12:45:00+0200,98.7456,MW,DK2,DK_2,actual_offshore_wind_generation,Wind Offshore,2026-08-10T16:50:24Z
2026-08-10T16:45:28Z,2026-08-10T18:45:28+0200,f717c518-05ab-43f2-aeab-072d31581934,2026-07-29T11:00:00Z,2026-07-29T13:00:00+0200,94.4044,MW,DK2,DK_2,actual_offshore_wind_generation,Wind Offshore,2026-08-10T16:50:24Z
2026-08-10T16:45:28Z,2026-08-10T18:45:28+0200,f717c518-05ab-43f2-aeab-072d31581934,2026-07-29T11:15:00Z,2026-07-29T13:15:00+0200,73.573,MW,DK2,DK_2,actual_offshore_wind_generation,Wind Offshore,2026-08-10T16:50:24Z
2026-08-10T16:45:28Z,2026-08-10T18:45:28+0200,f717c518-05ab-43f2-aeab-072d31581934,2026-07-29T11:30:00Z,2026-07-29T13:30:00+0200,56.8158,MW,DK2,DK_2,actual_offshore_wind_generation,Wind Offshore,2026-08-10T16:50:24Z
2026-08-10T16:45:28Z,2026-08-10T18:45:28+0200,f717c518-05ab-43f2-aeab-072d31581934,2026-07-29T11:45:00Z,2026-07-29T13:45:00+0200,46.0724,MW,DK2,DK_2,actual_offshore_wind_generation,Wind Offshore,2026-08-10T16:50:24Z
2026-08-10T16:45:28Z,2026-08-10T18:45:28+0200,f717c518-05ab-43f2-aeab-072d31581934,2026-07-29T12:00:00Z,2026-07-29T14:00:00+0200,43.5664,MW,DK2,DK_2,actual_offshore_wind_generation,Wind Offshore,2026-08-10T16:50:24Z
2026-08-10T16:45:28Z,2026-08-10T18:45:28+0200,f717c518-05ab-43f2-aeab-072d31581934,2026-07-29T12:15:00Z,2026-07-29T14:15:00+0200,46.4096,MW,DK2,DK_2,actual_offshore_wind_generation,Wind Offshore,2026-08-10T16:50:24Z
2026-08-10T16:45:28Z,2026-08-10T18:45:28+0200,f717c518-05ab-43f2-aeab-072d31581934,2026-07-29T12:30:00Z,2026-07-29T14:30:00+0200,53.5821,MW,DK2,DK_2,actual_offshore_wind_generation,Wind Offshore,2026-08-10T16:50:24Z
2026-08-10T16:45:28Z,2026-08-10T18:45:28+0200,f717c518-05ab-43f2-aeab-072d31581934,2026-07-29T12:45:00Z,2026-07-29T14:45:00+0200,46.2261,MW,DK2,DK_2,actual_offshore_wind_generation,Wind Offshore,2026-08-10T16:50:24Z
2026-08-10T16:45:28Z,2026-08-10T18:45:28+0200,f717c518-05ab-43f2-aeab-072d31581934,2026-07-29T13:00:00Z,2026-07-29T15:00:00+0200,30.1241,MW,DK2,DK_2,actual_offshore_wind_generation,Wind Offshore,2026-08-10T16:50:24Z
2026-08-10T16:45:28Z,2026-08-10T18:45:28+0200,f717c518-05ab-43f2-aeab-072d31581934,2026-07-29T13:15:00Z,2026-07-29T15:15:00+0200,27.3189,MW,DK2,DK_2,actual_offshore_wind_generation,Wind Offshore,2026-08-10T16:50:24Z
2026-08-10T16:45:28Z,2026-08-10T18:45:28+0200,f717c518-05ab-43f2-aeab-072d31581934,2026-07-29T13:30:00Z,2026-07-29T15:30:00+0200,23.3102,MW,DK2,DK_2,actual_offshore_wind_generation,Wind Offshore,2026-08-10T16:50:24Z
2026-08-10T16:45:28Z,2026-08-10T18:45:28+0200,f717c518-05ab-43f2-aeab-072d31581934,2026-07-29T13:45:00Z,2026-07-29T15:45:00+0200,10.6442,MW,DK2,DK_2,actual_offshore_wind_generation,Wind Offshore,2026-08-10T16:50:24Z
2026-08-10T16:45:28Z,2026-08-10T18:45:28+0200,f717c518-05ab-43f2-aeab-072d31581934,2026-07-29T14:00:00Z,2026-07-29T16:00:00+0200,19.1077,MW,DK2,DK_2,actual_offshore_wind_generation,Wind Offshore,2026-08-10T16:50:24Z
2026-08-10T16:45:28Z,2026-08-10T18:45:28+0200,f717c518-05ab-43f2-aeab-072d31581934,2026-07-29T14:15:00Z,2026-07-29T16:15:00+0200,30.4775,MW,DK2,DK_2,actual_offshore_wind_generation,Wind Offshore,2026-08-10T16:50:24Z
2026-08-10T16:45:28Z,2026-08-10T18:45:28+0200,f717c518-05ab-43f2-aeab-072d31581934,2026-07-29T14:30:00Z,2026-07-29T16:30:00+0200,37.0241,MW,DK2,DK_2,actual_offshore_wind_generation,Wind Offshore,2026-08-10T16:50:24Z
2026-08-10T16:45:28Z,2026-08-10T18:45:28+0200,f717c518-05ab-43f2-aeab-072d31581934,2026-07-29T14:45:00Z,2026-07-29T16:45:00+0200,37.8482,MW,DK2,DK_2,actual_offshore_wind_generation,Wind Offshore,2026-08-10T16:50:24Z
2026-08-10T16:45:28Z,2026-08-10T18:45:28+0200,f717c518-05ab-43f2-aeab-072d31581934,2026-07-29T15:00:00Z,2026-07-29T17:00:00+0200,44.3009,MW,DK2,DK_2,actual_offshore_wind_generation,Wind Offshore,2026-08-10T16:50:24Z
2026-08-10T16:45:28Z,2026-08-10T18:45:28+0200,f717c518-05ab-43f2-aeab-072d31581934,2026-07-29T15:15:00Z,2026-07-29T17:15:00+0200,51.0705,MW,DK2,DK_2,actual_offshore_wind_generation,Wind Offshore,2026-08-10T16:50:24Z
2026-08-10T16:45:28Z,2026-08-10T18:45:28+0200,f717c518-05ab-43f2-aeab-072d31581934,2026-07-29T15:30:00Z,2026-07-29T17:30:00+0200,69.0411,MW,DK2,DK_2,actual_offshore_wind_generation,Wind Offshore,2026-08-10T16:50:24Z
2026-08-10T16:45:28Z,2026-08-10T18:45:28+0200,f717c518-05ab-43f2-aeab-072d31581934,2026-07-29T15:45:00Z,2026-07-29T17:45:00+0200,82.9057,MW,DK2,DK_2,actual_offshore_wind_generation,Wind Offshore,2026-08-10T16:50:24Z
2026-08-10T16:45:28Z,2026-08-10T18:45:28+0200,f717c518-05ab-43f2-aeab-072d31581934,2026-07-29T16:00:00Z,2026-07-29T18:00:00+0200,94.4416,MW,DK2,DK_2,actual_offshore_wind_generation,Wind Offshore,2026-08-10T16:50:24Z
2026-08-10T16:45:28Z,2026-08-10T18:45:28+0200,f717c518-05ab-43f2-aeab-072d31581934,2026-07-29T16:15:00Z,2026-07-29T18:15:00+0200,93.404,MW,DK2,DK_2,actual_offshore_wind_generation,Wind Offshore,2026-08-10T16:50:24Z
2026-08-10T16:45:28Z,2026-08-10T18:45:28+0200,f717c518-05ab-43f2-aeab-072d31581934,2026-07-29T16:30:00Z,2026-07-29T18:30:00+0200,103.603,MW,DK2,DK_2,actual_offshore_wind_generation,Wind Offshore,2026-08-10T16:50:24Z
2026-08-10T16:45:28Z,2026-08-10T18:45:28+0200,f717c518-05ab-43f2-aeab-072d31581934,2026-07-29T16:45:00Z,2026-07-29T18:45:00+0200,113.726,MW,DK2,DK_2,actual_offshore_wind_generation,Wind Offshore,2026-08-10T16:50:24Z
2026-08-10T16:45:28Z,2026-08-10T18:45:28+0200,f717c518-05ab-43f2-aeab-072d31581934,2026-07-29T17:00:00Z,2026-07-29T19:00:00+0200,126.876,MW,DK2,DK_2,actual_offshore_wind_generation,Wind Offshore,2026-08-10T16:50:24Z
2026-08-10T16:45:28Z,2026-08-10T18:45:28+0200,f717c518-05ab-43f2-aeab-072d31581934,2026-07-29T17:15:00Z,2026-07-29T19:15:00+0200,140.204,MW,DK2,DK_2,actual_offshore_wind_generation,Wind Offshore,2026-08-10T16:50:24Z
2026-08-10T16:45:28Z,2026-08-10T18:45:28+0200,f717c518-05ab-43f2-aeab-072d31581934,2026-07-29T17:30:00Z,2026-07-29T19:30:00+0200,133.053,MW,DK2,DK_2,actual_offshore_wind_generation,Wind Offshore,2026-08-10T16:50:24Z
2026-08-10T16:45:28Z,2026-08-10T18:45:28+0200,f717c518-05ab-43f2-aeab-072d31581934,2026-07-29T17:45:00Z,2026-07-29T19:45:00+0200,134.79,MW,DK2,DK_2,actual_offshore_wind_generation,Wind Offshore,2026-08-10T16:50:24Z
2026-08-10T16:45:28Z,2026-08-10T18:45:28+0200,f717c518-05ab-43f2-aeab-072d31581934,2026-07-29T18:00:00Z,2026-07-29T20:00:00+0200,147.851,MW,DK2,DK_2,actual_offshore_wind_generation,Wind Offshore,2026-08-10T16:50:24Z
2026-08-10T16:45:28Z,2026-08-10T18:45:28+0200,f717c518-05ab-43f2-aeab-072d31581934,2026-07-29T18:15:00Z,2026-07-29T20:15:00+0200,150.302,MW,DK2,DK_2,actual_offshore_wind_generation,Wind Offshore,2026-08-10T16:50:24Z
2026-08-10T16:45:28Z,2026-08-10T18:45:28+0200,f717c518-05ab-43f2-aeab-072d31581934,2026-07-29T18:30:00Z,2026-07-29T20:30:00+0200,152.089,MW,DK2,DK_2,actual_offshore_wind_generation,Wind Offshore,2026-08-10T16:50:24Z
2026-08-10T16:45:28Z,2026-08-10T18:45:28+0200,f717c518-05ab-43f2-aeab-072d31581934,2026-07-29T18:45:00Z,2026-07-29T20:45:00+0200,163.446,MW,DK2,DK_2,actual_offshore_wind_generation,Wind Offshore,2026-08-10T16:50:24Z
2026-08-10T16:45:28Z,2026-08-10T18:45:28+0200,f717c518-05ab-43f2-aeab-072d31581934,2026-07-29T19:00:00Z,2026-07-29T21:00:00+0200,196.377,MW,DK2,DK_2,actual_offshore_wind_generation,Wind Offshore,2026-08-10T16:50:24Z
2026-08-10T16:45:28Z,2026-08-10T18:45:28+0200,f717c518-05ab-43f2-aeab-072d31581934,2026-07-29T19:15:00Z,2026-07-29T21:15:00+0200,244.219,MW,DK2,DK_2,actual_offshore_wind_generation,Wind Offshore,2026-08-10T16:50:24Z
2026-08-10T16:45:28Z,2026-08-10T18:45:28+0200,f717c518-05ab-43f2-aeab-072d31581934,2026-07-29T19:30:00Z,2026-07-29T21:30:00+0200,279.151,MW,DK2,DK_2,actual_offshore_wind_generation,Wind Offshore,2026-08-10T16:50:24Z
2026-08-10T16:45:28Z,2026-08-10T18:45:28+0200,f717c518-05ab-43f2-aeab-072d31581934,2026-07-29T19:45:00Z,2026-07-29T21:45:00+0200,351.095,MW,DK2,DK_2,actual_offshore_wind_generation,Wind Offshore,2026-08-10T16:50:24Z
2026-08-10T16:45:28Z,2026-08-10T18:45:28+0200,f717c518-05ab-43f2-aeab-072d31581934,2026-07-29T20:00:00Z,2026-07-29T22:00:00+0200,437.707,MW,DK2,DK_2,actual_offshore_wind_generation,Wind Offshore,2026-08-10T16:50:24Z
2026-08-10T16:45:28Z,2026-08-10T18:45:28+0200,f717c518-05ab-43f2-aeab-072d31581934,2026-07-29T20:15:00Z,2026-07-29T22:15:00+0200,509.139,MW,DK2,DK_2,actual_offshore_wind_generation,Wind Offshore,2026-08-10T16:50:24Z
2026-08-10T16:45:28Z,2026-08-10T18:45:28+0200,f717c518-05ab-43f2-aeab-072d31581934,2026-07-29T20:30:00Z,2026-07-29T22:30:00+0200,557.773,MW,DK2,DK_2,actual_offshore_wind_generation,Wind Offshore,2026-08-10T16:50:24Z
2026-08-10T16:45:28Z,2026-08-10T18:45:28+0200,f717c518-05ab-43f2-aeab-072d31581934,2026-07-29T20:45:00Z,2026-07-29T22:45:00+0200,608.844,MW,DK2,DK_2,actual_offshore_wind_generation,Wind Offshore,2026-08-10T16:50:24Z
2026-08-10T16:45:28Z,2026-08-10T18:45:28+0200,f717c518-05ab-43f2-aeab-072d31581934,2026-07-29T21:00:00Z,2026-07-29T23:00:00+0200,640.564,MW,DK2,DK_2,actual_offshore_wind_generation,Wind Offshore,2026-08-10T16:50:24Z
2026-08-10T16:45:28Z,2026-08-10T18:45:28+0200,f717c518-05ab-43f2-aeab-072d31581934,2026-07-29T21:15:00Z,2026-07-29T23:15:00+0200,672.299,MW,DK2,DK_2,actual_offshore_wind_generation,Wind Offshore,2026-08-10T16:50:24Z
2026-08-10T16:45:28Z,2026-08-10T18:45:28+0200,f717c518-05ab-43f2-aeab-072d31581934,2026-07-29T21:30:00Z,2026-07-29T23:30:00+0200,682.938,MW,DK2,DK_2,actual_offshore_wind_generation,Wind Offshore,2026-08-10T16:50:24Z
2026-08-10T16:45:28Z,2026-08-10T18:45:28+0200,f717c518-05ab-43f2-aeab-072d31581934,2026-07-29T21:45:00Z,2026-07-29T23:45:00+0200,703.062,MW,DK2,DK_2,actual_offshore_wind_generation,Wind Offshore,2026-08-10T16:50:24Z
2026-08-10T16:45:28Z,2026-08-10T18:45:28+0200,f717c518-05ab-43f2-aeab-072d31581934,2026-07-29T22:00:00Z,2026-07-30T00:00:00+0200,711.548,MW,DK2,DK_2,actual_offshore_wind_generation,Wind Offshore,2026-08-10T16:50:24Z
2026-08-10T16:45:28Z,2026-08-10T18:45:28+0200,f717c518-05ab-43f2-aeab-072d31581934,2026-07-29T22:15:00Z,2026-07-30T00:15:00+0200,701.312,MW,DK2,DK_2,actual_offshore_wind_generation,Wind Offshore,2026-08-10T16:50:24Z
2026-08-10T16:45:28Z,2026-08-10T18:45:28+0200,f717c518-05ab-43f2-aeab-072d31581934,2026-07-29T22:30:00Z,2026-07-30T00:30:00+0200,695.001,MW,DK2,DK_2,actual_offshore_wind_generation,Wind Offshore,2026-08-10T16:50:24Z
2026-08-10T16:45:28Z,2026-08-10T18:45:28+0200,f717c518-05ab-43f2-aeab-072d31581934,2026-07-29T22:45:00Z,2026-07-30T00:45:00+0200,692.324,MW,DK2,DK_2,actual_offshore_wind_generation,Wind Offshore,2026-08-10T16:50:24Z
2026-08-10T16:45:28Z,2026-08-10T18:45:28+0200,f717c518-05ab-43f2-aeab-072d31581934,2026-07-29T23:00:00Z,2026-07-30T01:00:00+0200,675.401,MW,DK2,DK_2,actual_offshore_wind_generation,Wind Offshore,2026-08-10T16:50:24Z
2026-08-10T16:45:28Z,2026-08-10T18:45:28+0200,f717c518-05ab-43f2-aeab-072d31581934,2026-07-29T23:15:00Z,2026-07-30T01:15:00+0200,678.176,MW,DK2,DK_2,actual_offshore_wind_generation,Wind Offshore,2026-08-10T16:50:24Z
2026-08-10T16:45:28Z,2026-08-10T18:45:28+0200,f717c518-05ab-43f2-aeab-072d31581934,2026-07-29T23:30:00Z,2026-07-30T01:30:00+0200,704.468,MW,DK2,DK_2,actual_offshore_wind_generation,Wind Offshore,2026-08-10T16:50:24Z
2026-08-10T16:45:28Z,2026-08-10T18:45:28+0200,f717c518-05ab-43f2-aeab-072d31581934,2026-07-29T23:45:00Z,2026-07-30T01:45:00+0200,717.091,MW,DK2,DK_2,actual_offshore_wind_generation,Wind Offshore,2026-08-10T16:50:24Z
2026-08-10T16:45:28Z,2026-08-10T18:45:28+0200,f717c518-05ab-43f2-aeab-072d31581934,2026-07-30T00:00:00Z,2026-07-30T02:00:00+0200,731.939,MW,DK2,DK_2,actual_offshore_wind_generation,Wind Offshore,2026-08-10T16:50:24Z
2026-08-10T16:45:28Z,2026-08-10T18:45:28+0200,f717c518-05ab-43f2-aeab-072d31581934,2026-07-30T00:15:00Z,2026-07-30T02:15:00+0200,718.704,MW,DK2,DK_2,actual_offshore_wind_generation,Wind Offshore,2026-08-10T16:50:24Z
2026-08-10T16:45:28Z,2026-08-10T18:45:28+0200,f717c518-05ab-43f2-aeab-072d31581934,2026-07-30T00:30:00Z,2026-07-30T02:30:00+0200,696.563,MW,DK2,DK_2,actual_offshore_wind_generation,Wind Offshore,2026-08-10T16:50:24Z
2026-08-10T16:45:28Z,2026-08-10T18:45:28+0200,f717c518-05ab-43f2-aeab-072d31581934,2026-07-30T00:45:00Z,2026-07-30T02:45:00+0200,706.617,MW,DK2,DK_2,actual_offshore_wind_generation,Wind Offshore,2026-08-10T16:50:24Z
2026-08-10T16:45:28Z,2026-08-10T18:45:28+0200,f717c518-05ab-43f2-aeab-072d31581934,2026-07-30T01:00:00Z,2026-07-30T03:00:00+0200,683.022,MW,DK2,DK_2,actual_offshore_wind_generation,Wind Offshore,2026-08-10T16:50:24Z
2026-08-10T16:45:28Z,2026-08-10T18:45:28+0200,f717c518-05ab-43f2-aeab-072d31581934,2026-07-30T01:15:00Z,2026-07-30T03:15:00+0200,653.676,MW,DK2,DK_2,actual_offshore_wind_generation,Wind Offshore,2026-08-10T16:50:24Z
2026-08-10T16:45:28Z,2026-08-10T18:45:28+0200,f717c518-05ab-43f2-aeab-072d31581934,2026-07-30T01:30:00Z,2026-07-30T03:30:00+0200,632.679,MW,DK2,DK_2,actual_offshore_wind_generation,Wind Offshore,2026-08-10T16:50:24Z
2026-08-10T16:45:28Z,2026-08-10T18:45:28+0200,f717c518-05ab-43f2-aeab-072d31581934,2026-07-30T01:45:00Z,2026-07-30T03:45:00+0200,620.957,MW,DK2,DK_2,actual_offshore_wind_generation,Wind Offshore,2026-08-10T16:50:24Z
2026-08-10T16:45:28Z,2026-08-10T18:45:28+0200,f717c518-05ab-43f2-aeab-072d31581934,2026-07-30T02:00:00Z,2026-07-30T04:00:00+0200,606.32,MW,DK2,DK_2,actual_offshore_wind_generation,Wind Offshore,2026-08-10T16:50:24Z
2026-08-10T16:45:28Z,2026-08-10T18:45:28+0200,f717c518-05ab-43f2-aeab-072d31581934,2026-07-30T02:15:00Z,2026-07-30T04:15:00+0200,572.99,MW,DK2,DK_2,actual_offshore_wind_generation,Wind Offshore,2026-08-10T16:50:24Z
2026-08-10T16:45:28Z,2026-08-10T18:45:28+0200,f717c518-05ab-43f2-aeab-072d31581934,2026-07-30T02:30:00Z,2026-07-30T04:30:00+0200,546.837,MW,DK2,DK_2,actual_offshore_wind_generation,Wind Offshore,2026-08-10T16:50:24Z
2026-08-10T16:45:28Z,2026-08-10T18:45:28+0200,f717c518-05ab-43f2-aeab-072d31581934,2026-07-30T02:45:00Z,2026-07-30T04:45:00+0200,526.009,MW,DK2,DK_2,actual_offshore_wind_generation,Wind Offshore,2026-08-10T16:50:24Z
2026-08-10T16:45:28Z,2026-08-10T18:45:28+0200,f717c518-05ab-43f2-aeab-072d31581934,2026-07-30T03:00:00Z,2026-07-30T05:00:00+0200,499.787,MW,DK2,DK_2,actual_offshore_wind_generation,Wind Offshore,2026-08-10T16:50:24Z
2026-08-10T16:45:28Z,2026-08-10T18:45:28+0200,f717c518-05ab-43f2-aeab-072d31581934,2026-07-30T03:15:00Z,2026-07-30T05:15:00+0200,457.722,MW,DK2,DK_2,actual_offshore_wind_generation,Wind Offshore,2026-08-10T16:50:24Z
2026-08-10T16:45:28Z,2026-08-10T18:45:28+0200,f717c518-05ab-43f2-aeab-072d31581934,2026-07-30T03:30:00Z,2026-07-30T05:30:00+0200,427.029,MW,DK2,DK_2,actual_offshore_wind_generation,Wind Offshore,2026-08-10T16:50:24Z
2026-08-10T16:45:28Z,2026-08-10T18:45:28+0200,f717c518-05ab-43f2-aeab-072d31581934,2026-07-30T03:45:00Z,2026-07-30T05:45:00+0200,408.581,MW,DK2,DK_2,actual_offshore_wind_generation,Wind Offshore,2026-08-10T16:50:24Z
2026-08-10T16:45:28Z,2026-08-10T18:45:28+0200,f717c518-05ab-43f2-aeab-072d31581934,2026-07-30T04:00:00Z,2026-07-30T06:00:00+0200,390.286,MW,DK2,DK_2,actual_offshore_wind_generation,Wind Offshore,2026-08-10T16:50:24Z
2026-08-10T16:45:28Z,2026-08-10T18:45:28+0200,f717c518-05ab-43f2-aeab-072d31581934,2026-07-30T04:15:00Z,2026-07-30T06:15:00+0200,368.786,MW,DK2,DK_2,actual_offshore_wind_generation,Wind Offshore,2026-08-10T16:50:24Z
2026-08-10T16:45:28Z,2026-08-10T18:45:28+0200,f717c518-05ab-43f2-aeab-072d31581934,2026-07-30T04:30:00Z,2026-07-30T06:30:00+0200,344.268,MW,DK2,DK_2,actual_offshore_wind_generation,Wind Offshore,2026-08-10T16:50:24Z
2026-08-10T16:45:28Z,2026-08-10T18:45:28+0200,f717c518-05ab-43f2-aeab-072d31581934,2026-07-30T04:45:00Z,2026-07-30T06:45:00+0200,317.981,MW,DK2,DK_2,actual_offshore_wind_generation,Wind Offshore,2026-08-10T16:50:24Z
2026-08-10T16:45:28Z,2026-08-10T18:45:28+0200,f717c518-05ab-43f2-aeab-072d31581934,2026-07-30T05:00:00Z,2026-07-30T07:00:00+0200,312.287,MW,DK2,DK_2,actual_offshore_wind_generation,Wind Offshore,2026-08-10T16:50:24Z
2026-08-10T16:45:28Z,2026-08-10T18:45:28+0200,f717c518-05ab-43f2-aeab-072d31581934,2026-07-30T05:15:00Z,2026-07-30T07:15:00+0200,294.043,MW,DK2,DK_2,actual_offshore_wind_generation,Wind Offshore,2026-08-10T16:50:24Z
2026-08-10T16:45:28Z,2026-08-10T18:45:28+0200,f717c518-05ab-43f2-aeab-072d31581934,2026-07-30T05:30:00Z,2026-07-30T07:30:00+0200,270.859,MW,DK2,DK_2,actual_offshore_wind_generation,Wind Offshore,2026-08-10T16:50:24Z
2026-08-10T16:45:28Z,2026-08-10T18:45:28+0200,f717c518-05ab-43f2-aeab-072d31581934,2026-07-30T05:45:00Z,2026-07-30T07:45:00+0200,254.713,MW,DK2,DK_2,actual_offshore_wind_generation,Wind Offshore,2026-08-10T16:50:24Z
2026-08-10T16:45:28Z,2026-08-10T18:45:28+0200,f717c518-05ab-43f2-aeab-072d31581934,2026-07-30T06:00:00Z,2026-07-30T08:00:00+0200,240.328,MW,DK2,DK_2,actual_offshore_wind_generation,Wind Offshore,2026-08-10T16:50:24Z
2026-08-10T16:45:28Z,2026-08-10T18:45:28+0200,f717c518-05ab-43f2-aeab-072d31581934,2026-07-30T06:15:00Z,2026-07-30T08:15:00+0200,230.577,MW,DK2,DK_2,actual_offshore_wind_generation,Wind Offshore,2026-08-10T16:50:24Z
2026-08-10T16:45:28Z,2026-08-10T18:45:28+0200,f717c518-05ab-43f2-aeab-072d31581934,2026-07-30T06:30:00Z,2026-07-30T08:30:00+0200,223.037,MW,DK2,DK_2,actual_offshore_wind_generation,Wind Offshore,2026-08-10T16:50:24Z
2026-08-10T16:45:28Z,2026-08-10T18:45:28+0200,f717c518-05ab-43f2-aeab-072d31581934,2026-07-30T06:45:00Z,2026-07-30T08:45:00+0200,207.261,MW,DK2,DK_2,actual_offshore_wind_generation,Wind Offshore,2026-08-10T16:50:24Z
2026-08-10T16:45:28Z,2026-08-10T18:45:28+0200,f717c518-05ab-43f2-aeab-072d31581934,2026-07-30T07:00:00Z,2026-07-30T09:00:00+0200,190.542,MW,DK2,DK_2,actual_offshore_wind_generation,Wind Offshore,2026-08-10T16:50:24Z
2026-08-10T16:45:28Z,2026-08-10T18:45:28+0200,f717c518-05ab-43f2-aeab-072d31581934,2026-07-30T07:15:00Z,2026-07-30T09:15:00+0200,179.203,MW,DK2,DK_2,actual_offshore_wind_generation,Wind Offshore,2026-08-10T16:50:24Z
2026-08-10T16:45:28Z,2026-08-10T18:45:28+0200,f717c518-05ab-43f2-aeab-072d31581934,2026-07-30T07:30:00Z,2026-07-30T09:30:00+0200,161.753,MW,DK2,DK_2,actual_offshore_wind_generation,Wind Offshore,2026-08-10T16:50:24Z
2026-08-10T16:45:28Z,2026-08-10T18:45:28+0200,f717c518-05ab-43f2-aeab-072d31581934,2026-07-30T07:45:00Z,2026-07-30T09:45:00+0200,147.674,MW,DK2,DK_2,actual_offshore_wind_generation,Wind Offshore,2026-08-10T16:50:24Z
2026-08-10T16:45:28Z,2026-08-10T18:45:28+0200,f717c518-05ab-43f2-aeab-072d31581934,2026-07-30T08:00:00Z,2026-07-30T10:00:00+0200,136.891,MW,DK2,DK_2,actual_offshore_wind_generation,Wind Offshore,2026-08-10T16:50:24Z
2026-08-10T16:45:28Z,2026-08-10T18:45:28+0200,f717c518-05ab-43f2-aeab-072d31581934,2026-07-30T08:15:00Z,2026-07-30T10:15:00+0200,120.731,MW,DK2,DK_2,actual_offshore_wind_generation,Wind Offshore,2026-08-10T16:50:24Z
2026-08-10T16:45:28Z,2026-08-10T18:45:28+0200,f717c518-05ab-43f2-aeab-072d31581934,2026-07-30T08:30:00Z,2026-07-30T10:30:00+0200,108.261,MW,DK2,DK_2,actual_offshore_wind_generation,Wind Offshore,2026-08-10T16:50:24Z
2026-08-10T16:45:28Z,2026-08-10T18:45:28+0200,f717c518-05ab-43f2-aeab-072d31581934,2026-07-30T08:45:00Z,2026-07-30T10:45:00+0200,90.2875,MW,DK2,DK_2,actual_offshore_wind_generation,Wind Offshore,2026-08-10T16:50:24Z
2026-08-10T16:45:28Z,2026-08-10T18:45:28+0200,f717c518-05ab-43f2-aeab-072d31581934,2026-07-30T09:00:00Z,2026-07-30T11:00:00+0200,86.5268,MW,DK2,DK_2,actual_offshore_wind_generation,Wind Offshore,2026-08-10T16:50:24Z
2026-08-10T16:45:28Z,2026-08-10T18:45:28+0200,f717c518-05ab-43f2-aeab-072d31581934,2026-07-30T09:15:00Z,2026-07-30T11:15:00+0200,87.5843,MW,DK2,DK_2,actual_offshore_wind_generation,Wind Offshore,2026-08-10T16:50:24Z
2026-08-10T16:45:28Z,2026-08-10T18:45:28+0200,f717c518-05ab-43f2-aeab-072d31581934,2026-07-30T09:30:00Z,2026-07-30T11:30:00+0200,82.3993,MW,DK2,DK_2,actual_offshore_wind_generation,Wind Offshore,2026-08-10T16:50:24Z
2026-08-10T16:45:28Z,2026-08-10T18:45:28+0200,f717c518-05ab-43f2-aeab-072d31581934,2026-07-30T09:45:00Z,2026-07-30T11:45:00+0200,75.6665,MW,DK2,DK_2,actual_offshore_wind_generation,Wind Offshore,2026-08-10T16:50:24Z
2026-08-10T16:45:28Z,2026-08-10T18:45:28+0200,f717c518-05ab-43f2-aeab-072d31581934,2026-07-30T10:00:00Z,2026-07-30T12:00:00+0200,68.8276,MW,DK2,DK_2,actual_offshore_wind_generation,Wind Offshore,2026-08-10T16:50:24Z
2026-08-10T16:45:28Z,2026-08-10T18:45:28+0200,f717c518-05ab-43f2-aeab-072d31581934,2026-07-30T10:15:00Z,2026-07-30T12:15:00+0200,62.437,MW,DK2,DK_2,actual_offshore_wind_generation,Wind Offshore,2026-08-10T16:50:24Z
2026-08-10T16:45:28Z,2026-08-10T18:45:28+0200,f717c518-05ab-43f2-aeab-072d31581934,2026-07-30T10:30:00Z,2026-07-30T12:30:00+0200,62.0578,MW,DK2,DK_2,actual_offshore_wind_generation,Wind Offshore,2026-08-10T16:50:24Z
2026-08-10T16:45:28Z,2026-08-10T18:45:28+0200,f717c518-05ab-43f2-aeab-072d31581934,2026-07-30T10:45:00Z,2026-07-30T12:45:00+0200,59.894,MW,DK2,DK_2,actual_offshore_wind_generation,Wind Offshore,2026-08-10T16:50:24Z
2026-08-10T16:45:28Z,2026-08-10T18:45:28+0200,f717c518-05ab-43f2-aeab-072d31581934,2026-07-30T11:00:00Z,2026-07-30T13:00:00+0200,54.0682,MW,DK2,DK_2,actual_offshore_wind_generation,Wind Offshore,2026-08-10T16:50:24Z
2026-08-10T16:45:28Z,2026-08-10T18:45:28+0200,f717c518-05ab-43f2-aeab-072d31581934,2026-07-30T11:15:00Z,2026-07-30T13:15:00+0200,49.6273,MW,DK2,DK_2,actual_offshore_wind_generation,Wind Offshore,2026-08-10T16:50:24Z
2026-08-10T16:45:28Z,2026-08-10T18:45:28+0200,f717c518-05ab-43f2-aeab-072d31581934,2026-07-30T11:30:00Z,2026-07-30T13:30:00+0200,49.067,MW,DK2,DK_2,actual_offshore_wind_generation,Wind Offshore,2026-08-10T16:50:24Z
2026-08-10T16:45:28Z,2026-08-10T18:45:28+0200,f717c518-05ab-43f2-aeab-072d31581934,2026-07-30T11:45:00Z,2026-07-30T13:45:00+0200,52.1238,MW,DK2,DK_2,actual_offshore_wind_generation,Wind Offshore,2026-08-10T16:50:24Z
2026-08-10T16:45:28Z,2026-08-10T18:45:28+0200,f717c518-05ab-43f2-aeab-072d31581934,2026-07-30T12:00:00Z,2026-07-30T14:00:00+0200,70.5694,MW,DK2,DK_2,actual_offshore_wind_generation,Wind Offshore,2026-08-10T16:50:24Z
2026-08-10T16:45:28Z,2026-08-10T18:45:28+0200,f717c518-05ab-43f2-aeab-072d31581934,2026-07-30T12:15:00Z,2026-07-30T14:15:00+0200,88.04,MW,DK2,DK_2,actual_offshore_wind_generation,Wind Offshore,2026-08-10T16:50:24Z
2026-08-10T16:45:28Z,2026-08-10T18:45:28+0200,f717c518-05ab-43f2-aeab-072d31581934,2026-07-30T12:30:00Z,2026-07-30T14:30:00+0200,97.2671,MW,DK2,DK_2,actual_offshore_wind_generation,Wind Offshore,2026-08-10T16:50:24Z
2026-08-10T16:45:28Z,2026-08-10T18:45:28+0200,f717c518-05ab-43f2-aeab-072d31581934,2026-07-30T12:45:00Z,2026-07-30T14:45:00+0200,103.013,MW,DK2,DK_2,actual_offshore_wind_generation,Wind Offshore,2026-08-10T16:50:24Z
2026-08-10T16:45:28Z,2026-08-10T18:45:28+0200,f717c518-05ab-43f2-aeab-072d31581934,2026-07-30T13:00:00Z,2026-07-30T15:00:00+0200,99.6903,MW,DK2,DK_2,actual_offshore_wind_generation,Wind Offshore,2026-08-10T16:50:24Z
2026-08-10T16:45:28Z,2026-08-10T18:45:28+0200,f717c518-05ab-43f2-aeab-072d31581934,2026-07-30T13:15:00Z,2026-07-30T15:15:00+0200,88.8172,MW,DK2,DK_2,actual_offshore_wind_generation,Wind Offshore,2026-08-10T16:50:24Z
2026-08-10T16:45:28Z,2026-08-10T18:45:28+0200,f717c518-05ab-43f2-aeab-072d31581934,2026-07-30T13:30:00Z,2026-07-30T15:30:00+0200,76.9481,MW,DK2,DK_2,actual_offshore_wind_generation,Wind Offshore,2026-08-10T16:50:24Z
2026-08-10T16:45:28Z,2026-08-10T18:45:28+0200,f717c518-05ab-43f2-aeab-072d31581934,2026-07-30T13:45:00Z,2026-07-30T15:45:00+0200,91.2109,MW,DK2,DK_2,actual_offshore_wind_generation,Wind Offshore,2026-08-10T16:50:24Z
2026-08-10T16:45:28Z,2026-08-10T18:45:28+0200,f717c518-05ab-43f2-aeab-072d31581934,2026-07-30T14:00:00Z,2026-07-30T16:00:00+0200,100.944,MW,DK2,DK_2,actual_offshore_wind_generation,Wind Offshore,2026-08-10T16:50:24Z
2026-08-10T16:45:28Z,2026-08-10T18:45:28+0200,f717c518-05ab-43f2-aeab-072d31581934,2026-07-30T14:15:00Z,2026-07-30T16:15:00+0200,116.774,MW,DK2,DK_2,actual_offshore_wind_generation,Wind Offshore,2026-08-10T16:50:24Z
2026-08-10T16:45:28Z,2026-08-10T18:45:28+0200,f717c518-05ab-43f2-aeab-072d31581934,2026-07-30T14:30:00Z,2026-07-30T16:30:00+0200,123.037,MW,DK2,DK_2,actual_offshore_wind_generation,Wind Offshore,2026-08-10T16:50:24Z
2026-08-10T16:45:28Z,2026-08-10T18:45:28+0200,f717c518-05ab-43f2-aeab-072d31581934,2026-07-30T14:45:00Z,2026-07-30T16:45:00+0200,121.226,MW,DK2,DK_2,actual_offshore_wind_generation,Wind Offshore,2026-08-10T16:50:24Z
2026-08-10T16:45:28Z,2026-08-10T18:45:28+0200,f717c518-05ab-43f2-aeab-072d31581934,2026-07-30T15:00:00Z,2026-07-30T17:00:00+0200,104.788,MW,DK2,DK_2,actual_offshore_wind_generation,Wind Offshore,2026-08-10T16:50:24Z
2026-08-10T16:45:28Z,2026-08-10T18:45:28+0200,f717c518-05ab-43f2-aeab-072d31581934,2026-07-30T15:15:00Z,2026-07-30T17:15:00+0200,81.6817,MW,DK2,DK_2,actual_offshore_wind_generation,Wind Offshore,2026-08-10T16:50:24Z
2026-08-10T16:45:28Z,2026-08-10T18:45:28+0200,f717c518-05ab-43f2-aeab-072d31581934,2026-07-30T15:30:00Z,2026-07-30T17:30:00+0200,86.4527,MW,DK2,DK_2,actual_offshore_wind_generation,Wind Offshore,2026-08-10T16:50:24Z
2026-08-10T16:45:28Z,2026-08-10T18:45:28+0200,f717c518-05ab-43f2-aeab-072d31581934,2026-07-30T15:45:00Z,2026-07-30T17:45:00+0200,94.0842,MW,DK2,DK_2,actual_offshore_wind_generation,Wind Offshore,2026-08-10T16:50:24Z
2026-08-10T16:45:28Z,2026-08-10T18:45:28+0200,f717c518-05ab-43f2-aeab-072d31581934,2026-07-30T16:00:00Z,2026-07-30T18:00:00+0200,99.0198,MW,DK2,DK_2,actual_offshore_wind_generation,Wind Offshore,2026-08-10T16:50:24Z
2026-08-10T16:45:28Z,2026-08-10T18:45:28+0200,f717c518-05ab-43f2-aeab-072d31581934,2026-07-30T16:15:00Z,2026-07-30T18:15:00+0200,129.076,MW,DK2,DK_2,actual_offshore_wind_generation,Wind Offshore,2026-08-10T16:50:24Z
2026-08-10T16:45:28Z,2026-08-10T18:45:28+0200,f717c518-05ab-43f2-aeab-072d31581934,2026-07-30T16:30:00Z,2026-07-30T18:30:00+0200,187.47,MW,DK2,DK_2,actual_offshore_wind_generation,Wind Offshore,2026-08-10T16:50:24Z
2026-08-10T16:45:28Z,2026-08-10T18:45:28+0200,f717c518-05ab-43f2-aeab-072d31581934,2026-07-30T16:45:00Z,2026-07-30T18:45:00+0200,282.173,MW,DK2,DK_2,actual_offshore_wind_generation,Wind Offshore,2026-08-10T16:50:24Z
2026-08-10T16:45:28Z,2026-08-10T18:45:28+0200,f717c518-05ab-43f2-aeab-072d31581934,2026-07-30T17:00:00Z,2026-07-30T19:00:00+0200,308.108,MW,DK2,DK_2,actual_offshore_wind_generation,Wind Offshore,2026-08-10T16:50:24Z
2026-08-10T16:45:28Z,2026-08-10T18:45:28+0200,f717c518-05ab-43f2-aeab-072d31581934,2026-07-30T17:15:00Z,2026-07-30T19:15:00+0200,395.688,MW,DK2,DK_2,actual_offshore_wind_generation,Wind Offshore,2026-08-10T16:50:24Z
2026-08-10T16:45:28Z,2026-08-10T18:45:28+0200,f717c518-05ab-43f2-aeab-072d31581934,2026-07-30T17:30:00Z,2026-07-30T19:30:00+0200,480.03,MW,DK2,DK_2,actual_offshore_wind_generation,Wind Offshore,2026-08-10T16:50:24Z
2026-08-10T16:45:28Z,2026-08-10T18:45:28+0200,f717c518-05ab-43f2-aeab-072d31581934,2026-07-30T17:45:00Z,2026-07-30T19:45:00+0200,448.664,MW,DK2,DK_2,actual_offshore_wind_generation,Wind Offshore,2026-08-10T16:50:24Z
2026-08-10T16:45:28Z,2026-08-10T18:45:28+0200,f717c518-05ab-43f2-aeab-072d31581934,2026-07-30T18:00:00Z,2026-07-30T20:00:00+0200,483.894,MW,DK2,DK_2,actual_offshore_wind_generation,Wind Offshore,2026-08-10T16:50:24Z
2026-08-10T16:45:28Z,2026-08-10T18:45:28+0200,f717c518-05ab-43f2-aeab-072d31581934,2026-07-30T18:15:00Z,2026-07-30T20:15:00+0200,476.693,MW,DK2,DK_2,actual_offshore_wind_generation,Wind Offshore,2026-08-10T16:50:24Z
2026-08-10T16:45:28Z,2026-08-10T18:45:28+0200,f717c518-05ab-43f2-aeab-072d31581934,2026-07-30T18:30:00Z,2026-07-30T20:30:00+0200,406.378,MW,DK2,DK_2,actual_offshore_wind_generation,Wind Offshore,2026-08-10T16:50:24Z
2026-08-10T16:45:28Z,2026-08-10T18:45:28+0200,f717c518-05ab-43f2-aeab-072d31581934,2026-07-30T18:45:00Z,2026-07-30T20:45:00+0200,511.127,MW,DK2,DK_2,actual_offshore_wind_generation,Wind Offshore,2026-08-10T16:50:24Z
2026-08-10T16:45:28Z,2026-08-10T18:45:28+0200,f717c518-05ab-43f2-aeab-072d31581934,2026-07-30T19:00:00Z,2026-07-30T21:00:00+0200,243.26,MW,DK2,DK_2,actual_offshore_wind_generation,Wind Offshore,2026-08-10T16:50:24Z
2026-08-10T16:45:28Z,2026-08-10T18:45:28+0200,f717c518-05ab-43f2-aeab-072d31581934,2026-07-30T19:15:00Z,2026-07-30T21:15:00+0200,95.3172,MW,DK2,DK_2,actual_offshore_wind_generation,Wind Offshore,2026-08-10T16:50:24Z
2026-08-10T16:45:28Z,2026-08-10T18:45:28+0200,f717c518-05ab-43f2-aeab-072d31581934,2026-07-30T19:30:00Z,2026-07-30T21:30:00+0200,179.399,MW,DK2,DK_2,actual_offshore_wind_generation,Wind Offshore,2026-08-10T16:50:24Z
2026-08-10T16:45:28Z,2026-08-10T18:45:28+0200,f717c518-05ab-43f2-aeab-072d31581934,2026-07-30T19:45:00Z,2026-07-30T21:45:00+0200,375.175,MW,DK2,DK_2,actual_offshore_wind_generation,Wind Offshore,2026-08-10T16:50:24Z
2026-08-10T16:45:28Z,2026-08-10T18:45:28+0200,f717c518-05ab-43f2-aeab-072d31581934,2026-07-30T20:00:00Z,2026-07-30T22:00:00+0200,451.292,MW,DK2,DK_2,actual_offshore_wind_generation,Wind Offshore,2026-08-10T16:50:24Z
2026-08-10T16:45:28Z,2026-08-10T18:45:28+0200,f717c518-05ab-43f2-aeab-072d31581934,2026-07-30T20:15:00Z,2026-07-30T22:15:00+0200,413.277,MW,DK2,DK_2,actual_offshore_wind_generation,Wind Offshore,2026-08-10T16:50:24Z
2026-08-10T16:45:28Z,2026-08-10T18:45:28+0200,f717c518-05ab-43f2-aeab-072d31581934,2026-07-30T20:30:00Z,2026-07-30T22:30:00+0200,181.177,MW,DK2,DK_2,actual_offshore_wind_generation,Wind Offshore,2026-08-10T16:50:24Z
2026-08-10T16:45:28Z,2026-08-10T18:45:28+0200,f717c518-05ab-43f2-aeab-072d31581934,2026-07-30T20:45:00Z,2026-07-30T22:45:00+0200,125.408,MW,DK2,DK_2,actual_offshore_wind_generation,Wind Offshore,2026-08-10T16:50:24Z
2026-08-10T16:45:28Z,2026-08-10T18:45:28+0200,f717c518-05ab-43f2-aeab-072d31581934,2026-07-30T21:00:00Z,2026-07-30T23:00:00+0200,108.817,MW,DK2,DK_2,actual_offshore_wind_generation,Wind Offshore,2026-08-10T16:50:24Z
2026-08-10T16:45:28Z,2026-08-10T18:45:28+0200,f717c518-05ab-43f2-aeab-072d31581934,2026-07-30T21:15:00Z,2026-07-30T23:15:00+0200,113.093,MW,DK2,DK_2,actual_offshore_wind_generation,Wind Offshore,2026-08-10T16:50:24Z
2026-08-10T16:45:28Z,2026-08-10T18:45:28+0200,f717c518-05ab-43f2-aeab-072d31581934,2026-07-30T21:30:00Z,2026-07-30T23:30:00+0200,197.372,MW,DK2,DK_2,actual_offshore_wind_generation,Wind Offshore,2026-08-10T16:50:24Z
2026-08-10T16:45:28Z,2026-08-10T18:45:28+0200,f717c518-05ab-43f2-aeab-072d31581934,2026-07-30T21:45:00Z,2026-07-30T23:45:00+0200,215.505,MW,DK2,DK_2,actual_offshore_wind_generation,Wind Offshore,2026-08-10T16:50:24Z
2026-08-10T16:45:28Z,2026-08-10T18:45:28+0200,f717c518-05ab-43f2-aeab-072d31581934,2026-07-30T22:00:00Z,2026-07-31T00:00:00+0200,235.687,MW,DK2,DK_2,actual_offshore_wind_generation,Wind Offshore,2026-08-10T16:50:24Z
2026-08-10T16:45:28Z,2026-08-10T18:45:28+0200,f717c518-05ab-43f2-aeab-072d31581934,2026-07-30T22:15:00Z,2026-07-31T00:15:00+0200,315.681,MW,DK2,DK_2,actual_offshore_wind_generation,Wind Offshore,2026-08-10T16:50:24Z
2026-08-10T16:45:28Z,2026-08-10T18:45:28+0200,f717c518-05ab-43f2-aeab-072d31581934,2026-07-30T22:30:00Z,2026-07-31T00:30:00+0200,418.041,MW,DK2,DK_2,actual_offshore_wind_generation,Wind Offshore,2026-08-10T16:50:24Z
2026-08-10T16:45:28Z,2026-08-10T18:45:28+0200,f717c518-05ab-43f2-aeab-072d31581934,2026-07-30T22:45:00Z,2026-07-31T00:45:00+0200,484.914,MW,DK2,DK_2,actual_offshore_wind_generation,Wind Offshore,2026-08-10T16:50:24Z
2026-08-10T16:45:28Z,2026-08-10T18:45:28+0200,f717c518-05ab-43f2-aeab-072d31581934,2026-07-30T23:00:00Z,2026-07-31T01:00:00+0200,455.3,MW,DK2,DK_2,actual_offshore_wind_generation,Wind Offshore,2026-08-10T16:50:24Z
2026-08-10T16:45:28Z,2026-08-10T18:45:28+0200,f717c518-05ab-43f2-aeab-072d31581934,2026-07-30T23:15:00Z,2026-07-31T01:15:00+0200,430.152,MW,DK2,DK_2,actual_offshore_wind_generation,Wind Offshore,2026-08-10T16:50:24Z
2026-08-10T16:45:28Z,2026-08-10T18:45:28+0200,f717c518-05ab-43f2-aeab-072d31581934,2026-07-30T23:30:00Z,2026-07-31T01:30:00+0200,495.551,MW,DK2,DK_2,actual_offshore_wind_generation,Wind Offshore,2026-08-10T16:50:24Z
2026-08-10T16:45:28Z,2026-08-10T18:45:28+0200,f717c518-05ab-43f2-aeab-072d31581934,2026-07-30T23:45:00Z,2026-07-31T01:45:00+0200,462.349,MW,DK2,DK_2,actual_offshore_wind_generation,Wind Offshore,2026-08-10T16:50:24Z
2026-08-10T16:45:28Z,2026-08-10T18:45:28+0200,f717c518-05ab-43f2-aeab-072d31581934,2026-07-31T00:00:00Z,2026-07-31T02:00:00+0200,438.03,MW,DK2,DK_2,actual_offshore_wind_generation,Wind Offshore,2026-08-10T16:50:24Z
2026-08-10T16:45:28Z,2026-08-10T18:45:28+0200,f717c518-05ab-43f2-aeab-072d31581934,2026-07-31T00:15:00Z,2026-07-31T02:15:00+0200,450.629,MW,DK2,DK_2,actual_offshore_wind_generation,Wind Offshore,2026-08-10T16:50:24Z
2026-08-10T16:45:28Z,2026-08-10T18:45:28+0200,f717c518-05ab-43f2-aeab-072d31581934,2026-07-31T00:30:00Z,2026-07-31T02:30:00+0200,398.345,MW,DK2,DK_2,actual_offshore_wind_generation,Wind Offshore,2026-08-10T16:50:24Z
2026-08-10T16:45:28Z,2026-08-10T18:45:28+0200,f717c518-05ab-43f2-aeab-072d31581934,2026-07-31T00:45:00Z,2026-07-31T02:45:00+0200,309.39,MW,DK2,DK_2,actual_offshore_wind_generation,Wind Offshore,2026-08-10T16:50:24Z
2026-08-10T16:45:28Z,2026-08-10T18:45:28+0200,f717c518-05ab-43f2-aeab-072d31581934,2026-07-31T01:00:00Z,2026-07-31T03:00:00+0200,260.576,MW,DK2,DK_2,actual_offshore_wind_generation,Wind Offshore,2026-08-10T16:50:24Z
2026-08-10T16:45:28Z,2026-08-10T18:45:28+0200,f717c518-05ab-43f2-aeab-072d31581934,2026-07-31T01:15:00Z,2026-07-31T03:15:00+0200,231.825,MW,DK2,DK_2,actual_offshore_wind_generation,Wind Offshore,2026-08-10T16:50:24Z
2026-08-10T16:45:28Z,2026-08-10T18:45:28+0200,f717c518-05ab-43f2-aeab-072d31581934,2026-07-31T01:30:00Z,2026-07-31T03:30:00+0200,271.17,MW,DK2,DK_2,actual_offshore_wind_generation,Wind Offshore,2026-08-10T16:50:24Z
2026-08-10T16:45:28Z,2026-08-10T18:45:28+0200,f717c518-05ab-43f2-aeab-072d31581934,2026-07-31T01:45:00Z,2026-07-31T03:45:00+0200,312.515,MW,DK2,DK_2,actual_offshore_wind_generation,Wind Offshore,2026-08-10T16:50:24Z
2026-08-10T16:45:28Z,2026-08-10T18:45:28+0200,f717c518-05ab-43f2-aeab-072d31581934,2026-07-31T02:00:00Z,2026-07-31T04:00:00+0200,308.009,MW,DK2,DK_2,actual_offshore_wind_generation,Wind Offshore,2026-08-10T16:50:24Z
2026-08-10T16:45:28Z,2026-08-10T18:45:28+0200,f717c518-05ab-43f2-aeab-072d31581934,2026-07-31T02:15:00Z,2026-07-31T04:15:00+0200,320.732,MW,DK2,DK_2,actual_offshore_wind_generation,Wind Offshore,2026-08-10T16:50:24Z
2026-08-10T16:45:28Z,2026-08-10T18:45:28+0200,f717c518-05ab-43f2-aeab-072d31581934,2026-07-31T02:30:00Z,2026-07-31T04:30:00+0200,312.313,MW,DK2,DK_2,actual_offshore_wind_generation,Wind Offshore,2026-08-10T16:50:24Z
2026-08-10T16:45:28Z,2026-08-10T18:45:28+0200,f717c518-05ab-43f2-aeab-072d31581934,2026-07-31T02:45:00Z,2026-07-31T04:45:00+0200,285.377,MW,DK2,DK_2,actual_offshore_wind_generation,Wind Offshore,2026-08-10T16:50:24Z
2026-08-10T16:45:28Z,2026-08-10T18:45:28+0200,f717c518-05ab-43f2-aeab-072d31581934,2026-07-31T03:00:00Z,2026-07-31T05:00:00+0200,271.863,MW,DK2,DK_2,actual_offshore_wind_generation,Wind Offshore,2026-08-10T16:50:24Z
2026-08-10T16:45:28Z,2026-08-10T18:45:28+0200,f717c518-05ab-43f2-aeab-072d31581934,2026-07-31T03:15:00Z,2026-07-31T05:15:00+0200,277.306,MW,DK2,DK_2,actual_offshore_wind_generation,Wind Offshore,2026-08-10T16:50:24Z
2026-08-10T16:45:28Z,2026-08-10T18:45:28+0200,f717c518-05ab-43f2-aeab-072d31581934,2026-07-31T03:30:00Z,2026-07-31T05:30:00+0200,279.617,MW,DK2,DK_2,actual_offshore_wind_generation,Wind Offshore,2026-08-10T16:50:24Z
2026-08-10T16:45:28Z,2026-08-10T18:45:28+0200,f717c518-05ab-43f2-aeab-072d31581934,2026-07-31T03:45:00Z,2026-07-31T05:45:00+0200,238.358,MW,DK2,DK_2,actual_offshore_wind_generation,Wind Offshore,2026-08-10T16:50:24Z
2026-08-10T16:45:28Z,2026-08-10T18:45:28+0200,f717c518-05ab-43f2-aeab-072d31581934,2026-07-31T04:00:00Z,2026-07-31T06:00:00+0200,203.03,MW,DK2,DK_2,actual_offshore_wind_generation,Wind Offshore,2026-08-10T16:50:24Z
2026-08-10T16:45:28Z,2026-08-10T18:45:28+0200,f717c518-05ab-43f2-aeab-072d31581934,2026-07-31T04:15:00Z,2026-07-31T06:15:00+0200,209.889,MW,DK2,DK_2,actual_offshore_wind_generation,Wind Offshore,2026-08-10T16:50:24Z
2026-08-10T16:45:28Z,2026-08-10T18:45:28+0200,f717c518-05ab-43f2-aeab-072d31581934,2026-07-31T04:30:00Z,2026-07-31T06:30:00+0200,191.846,MW,DK2,DK_2,actual_offshore_wind_generation,Wind Offshore,2026-08-10T16:50:24Z
2026-08-10T16:45:28Z,2026-08-10T18:45:28+0200,f717c518-05ab-43f2-aeab-072d31581934,2026-07-31T04:45:00Z,2026-07-31T06:45:00+0200,204.414,MW,DK2,DK_2,actual_offshore_wind_generation,Wind Offshore,2026-08-10T16:50:24Z
2026-08-10T16:45:28Z,2026-08-10T18:45:28+0200,f717c518-05ab-43f2-aeab-072d31581934,2026-07-31T05:00:00Z,2026-07-31T07:00:00+0200,232.067,MW,DK2,DK_2,actual_offshore_wind_generation,Wind Offshore,2026-08-10T16:50:24Z
2026-08-10T16:45:28Z,2026-08-10T18:45:28+0200,f717c518-05ab-43f2-aeab-072d31581934,2026-07-31T05:15:00Z,2026-07-31T07:15:00+0200,228.009,MW,DK2,DK_2,actual_offshore_wind_generation,Wind Offshore,2026-08-10T16:50:24Z
2026-08-10T16:45:28Z,2026-08-10T18:45:28+0200,f717c518-05ab-43f2-aeab-072d31581934,2026-07-31T05:30:00Z,2026-07-31T07:30:00+0200,190.778,MW,DK2,DK_2,actual_offshore_wind_generation,Wind Offshore,2026-08-10T16:50:24Z
2026-08-10T16:45:28Z,2026-08-10T18:45:28+0200,f717c518-05ab-43f2-aeab-072d31581934,2026-07-31T05:45:00Z,2026-07-31T07:45:00+0200,151.449,MW,DK2,DK_2,actual_offshore_wind_generation,Wind Offshore,2026-08-10T16:50:24Z
2026-08-10T16:45:28Z,2026-08-10T18:45:28+0200,f717c518-05ab-43f2-aeab-072d31581934,2026-07-31T06:00:00Z,2026-07-31T08:00:00+0200,138.922,MW,DK2,DK_2,actual_offshore_wind_generation,Wind Offshore,2026-08-10T16:50:24Z
2026-08-10T16:45:28Z,2026-08-10T18:45:28+0200,f717c518-05ab-43f2-aeab-072d31581934,2026-07-31T06:15:00Z,2026-07-31T08:15:00+0200,156.355,MW,DK2,DK_2,actual_offshore_wind_generation,Wind Offshore,2026-08-10T16:50:24Z
2026-08-10T16:45:28Z,2026-08-10T18:45:28+0200,f717c518-05ab-43f2-aeab-072d31581934,2026-07-31T06:30:00Z,2026-07-31T08:30:00+0200,175.129,MW,DK2,DK_2,actual_offshore_wind_generation,Wind Offshore,2026-08-10T16:50:24Z
2026-08-10T16:45:28Z,2026-08-10T18:45:28+0200,f717c518-05ab-43f2-aeab-072d31581934,2026-07-31T06:45:00Z,2026-07-31T08:45:00+0200,154.8,MW,DK2,DK_2,actual_offshore_wind_generation,Wind Offshore,2026-08-10T16:50:24Z
2026-08-10T16:45:28Z,2026-08-10T18:45:28+0200,f717c518-05ab-43f2-aeab-072d31581934,2026-07-31T07:00:00Z,2026-07-31T09:00:00+0200,131.167,MW,DK2,DK_2,actual_offshore_wind_generation,Wind Offshore,2026-08-10T16:50:24Z
2026-08-10T16:45:28Z,2026-08-10T18:45:28+0200,f717c518-05ab-43f2-aeab-072d31581934,2026-07-31T07:15:00Z,2026-07-31T09:15:00+0200,102.54,MW,DK2,DK_2,actual_offshore_wind_generation,Wind Offshore,2026-08-10T16:50:24Z
2026-08-10T16:45:28Z,2026-08-10T18:45:28+0200,f717c518-05ab-43f2-aeab-072d31581934,2026-07-31T07:30:00Z,2026-07-31T09:30:00+0200,83.6095,MW,DK2,DK_2,actual_offshore_wind_generation,Wind Offshore,2026-08-10T16:50:24Z
2026-08-10T16:45:28Z,2026-08-10T18:45:28+0200,f717c518-05ab-43f2-aeab-072d31581934,2026-07-31T07:45:00Z,2026-07-31T09:45:00+0200,65.6695,MW,DK2,DK_2,actual_offshore_wind_generation,Wind Offshore,2026-08-10T16:50:24Z
2026-08-10T16:45:28Z,2026-08-10T18:45:28+0200,f717c518-05ab-43f2-aeab-072d31581934,2026-07-31T08:00:00Z,2026-07-31T10:00:00+0200,50.4616,MW,DK2,DK_2,actual_offshore_wind_generation,Wind Offshore,2026-08-10T16:50:24Z
2026-08-10T16:45:28Z,2026-08-10T18:45:28+0200,f717c518-05ab-43f2-aeab-072d31581934,2026-07-31T08:15:00Z,2026-07-31T10:15:00+0200,38.1374,MW,DK2,DK_2,actual_offshore_wind_generation,Wind Offshore,2026-08-10T16:50:24Z
2026-08-10T16:45:28Z,2026-08-10T18:45:28+0200,f717c518-05ab-43f2-aeab-072d31581934,2026-07-31T08:30:00Z,2026-07-31T10:30:00+0200,40.1926,MW,DK2,DK_2,actual_offshore_wind_generation,Wind Offshore,2026-08-10T16:50:24Z
2026-08-10T16:45:28Z,2026-08-10T18:45:28+0200,f717c518-05ab-43f2-aeab-072d31581934,2026-07-31T08:45:00Z,2026-07-31T10:45:00+0200,45.6746,MW,DK2,DK_2,actual_offshore_wind_generation,Wind Offshore,2026-08-10T16:50:24Z
2026-08-10T16:45:28Z,2026-08-10T18:45:28+0200,f717c518-05ab-43f2-aeab-072d31581934,2026-07-31T09:00:00Z,2026-07-31T11:00:00+0200,35.6028,MW,DK2,DK_2,actual_offshore_wind_generation,Wind Offshore,2026-08-10T16:50:24Z
2026-08-10T16:45:28Z,2026-08-10T18:45:28+0200,f717c518-05ab-43f2-aeab-072d31581934,2026-07-31T09:15:00Z,2026-07-31T11:15:00+0200,20.9725,MW,DK2,DK_2,actual_offshore_wind_generation,Wind Offshore,2026-08-10T16:50:24Z
2026-08-10T16:45:28Z,2026-08-10T18:45:28+0200,f717c518-05ab-43f2-aeab-072d31581934,2026-07-31T09:30:00Z,2026-07-31T11:30:00+0200,11.1213,MW,DK2,DK_2,actual_offshore_wind_generation,Wind Offshore,2026-08-10T16:50:24Z
2026-08-10T16:45:28Z,2026-08-10T18:45:28+0200,f717c518-05ab-43f2-aeab-072d31581934,2026-07-31T09:45:00Z,2026-07-31T11:45:00+0200,5.44292,MW,DK2,DK_2,actual_offshore_wind_generation,Wind Offshore,2026-08-10T16:50:24Z
2026-08-10T16:45:28Z,2026-08-10T18:45:28+0200,f717c518-05ab-43f2-aeab-072d31581934,2026-07-31T10:00:00Z,2026-07-31T12:00:00+0200,3.06495,MW,DK2,DK_2,actual_offshore_wind_generation,Wind Offshore,2026-08-10T16:50:24Z
2026-08-10T16:45:28Z,2026-08-10T18:45:28+0200,f717c518-05ab-43f2-aeab-072d31581934,2026-07-31T10:15:00Z,2026-07-31T12:15:00+0200,2.19341,MW,DK2,DK_2,actual_offshore_wind_generation,Wind Offshore,2026-08-10T16:50:24Z
2026-08-10T16:45:28Z,2026-08-10T18:45:28+0200,f717c518-05ab-43f2-aeab-072d31581934,2026-07-31T10:30:00Z,2026-07-31T12:30:00+0200,1.46126,MW,DK2,DK_2,actual_offshore_wind_generation,Wind Offshore,2026-08-10T16:50:24Z
2026-08-10T16:45:28Z,2026-08-10T18:45:28+0200,f717c518-05ab-43f2-aeab-072d31581934,2026-07-31T10:45:00Z,2026-07-31T12:45:00+0200,1.84014,MW,DK2,DK_2,actual_offshore_wind_generation,Wind Offshore,2026-08-10T16:50:24Z
2026-08-10T16:45:28Z,2026-08-10T18:45:28+0200,f717c518-05ab-43f2-aeab-072d31581934,2026-07-31T11:00:00Z,2026-07-31T13:00:00+0200,1.67868,MW,DK2,DK_2,actual_offshore_wind_generation,Wind Offshore,2026-08-10T16:50:24Z
2026-08-10T16:45:28Z,2026-08-10T18:45:28+0200,f717c518-05ab-43f2-aeab-072d31581934,2026-07-31T11:15:00Z,2026-07-31T13:15:00+0200,2.57964,MW,DK2,DK_2,actual_offshore_wind_generation,Wind Offshore,2026-08-10T16:50:24Z
2026-08-10T16:45:28Z,2026-08-10T18:45:28+0200,f717c518-05ab-43f2-aeab-072d31581934,2026-07-31T11:30:00Z,2026-07-31T13:30:00+0200,2.44324,MW,DK2,DK_2,actual_offshore_wind_generation,Wind Offshore,2026-08-10T16:50:24Z
2026-08-10T16:45:28Z,2026-08-10T18:45:28+0200,f717c518-05ab-43f2-aeab-072d31581934,2026-07-31T11:45:00Z,2026-07-31T13:45:00+0200,2.01788,MW,DK2,DK_2,actual_offshore_wind_generation,Wind Offshore,2026-08-10T16:50:24Z
2026-08-10T16:45:28Z,2026-08-10T18:45:28+0200,f717c518-05ab-43f2-aeab-072d31581934,2026-07-31T12:00:00Z,2026-07-31T14:00:00+0200,2.37642,MW,DK2,DK_2,actual_offshore_wind_generation,Wind Offshore,2026-08-10T16:50:24Z
2026-08-10T16:45:28Z,2026-08-10T18:45:28+0200,f717c518-05ab-43f2-aeab-072d31581934,2026-07-31T12:15:00Z,2026-07-31T14:15:00+0200,1.67813,MW,DK2,DK_2,actual_offshore_wind_generation,Wind Offshore,2026-08-10T16:50:24Z
2026-08-10T16:45:28Z,2026-08-10T18:45:28+0200,f717c518-05ab-43f2-aeab-072d31581934,2026-07-31T12:30:00Z,2026-07-31T14:30:00+0200,0.575962,MW,DK2,DK_2,actual_offshore_wind_generation,Wind Offshore,2026-08-10T16:50:24Z
2026-08-10T16:45:28Z,2026-08-10T18:45:28+0200,f717c518-05ab-43f2-aeab-072d31581934,2026-07-31T12:45:00Z,2026-07-31T14:45:00+0200,0.990574,MW,DK2,DK_2,actual_offshore_wind_generation,Wind Offshore,2026-08-10T16:50:24Z
2026-08-10T16:45:28Z,2026-08-10T18:45:28+0200,f717c518-05ab-43f2-aeab-072d31581934,2026-07-31T13:00:00Z,2026-07-31T15:00:00+0200,0.601695,MW,DK2,DK_2,actual_offshore_wind_generation,Wind Offshore,2026-08-10T16:50:24Z
2026-08-10T16:45:28Z,2026-08-10T18:45:28+0200,f717c518-05ab-43f2-aeab-072d31581934,2026-07-31T13:15:00Z,2026-07-31T15:15:00+0200,0.507421,MW,DK2,DK_2,actual_offshore_wind_generation,Wind Offshore,2026-08-10T16:50:24Z
2026-08-10T16:45:28Z,2026-08-10T18:45:28+0200,f717c518-05ab-43f2-aeab-072d31581934,2026-07-31T13:30:00Z,2026-07-31T15:30:00+0200,0.056276,MW,DK2,DK_2,actual_offshore_wind_generation,Wind Offshore,2026-08-10T16:50:24Z
2026-08-10T16:45:28Z,2026-08-10T18:45:28+0200,f717c518-05ab-43f2-aeab-072d31581934,2026-07-31T13:45:00Z,2026-07-31T15:45:00+0200,0.612079,MW,DK2,DK_2,actual_offshore_wind_generation,Wind Offshore,2026-08-10T16:50:24Z
2026-08-10T16:45:28Z,2026-08-10T18:45:28+0200,f717c518-05ab-43f2-aeab-072d31581934,2026-07-31T14:00:00Z,2026-07-31T16:00:00+0200,0.714719,MW,DK2,DK_2,actual_offshore_wind_generation,Wind Offshore,2026-08-10T16:50:24Z
2026-08-10T16:45:28Z,2026-08-10T18:45:28+0200,f717c518-05ab-43f2-aeab-072d31581934,2026-07-31T14:15:00Z,2026-07-31T16:15:00+0200,0.966159,MW,DK2,DK_2,actual_offshore_wind_generation,Wind Offshore,2026-08-10T16:50:24Z
2026-08-10T16:45:28Z,2026-08-10T18:45:28+0200,f717c518-05ab-43f2-aeab-072d31581934,2026-07-31T14:30:00Z,2026-07-31T16:30:00+0200,1.87315,MW,DK2,DK_2,actual_offshore_wind_generation,Wind Offshore,2026-08-10T16:50:24Z
2026-08-10T16:45:28Z,2026-08-10T18:45:28+0200,f717c518-05ab-43f2-aeab-072d31581934,2026-07-31T14:45:00Z,2026-07-31T16:45:00+0200,2.11707,MW,DK2,DK_2,actual_offshore_wind_generation,Wind Offshore,2026-08-10T16:50:24Z
2026-08-10T16:45:28Z,2026-08-10T18:45:28+0200,f717c518-05ab-43f2-aeab-072d31581934,2026-07-31T15:00:00Z,2026-07-31T17:00:00+0200,1.3846,MW,DK2,DK_2,actual_offshore_wind_generation,Wind Offshore,2026-08-10T16:50:24Z
2026-08-10T16:45:28Z,2026-08-10T18:45:28+0200,f717c518-05ab-43f2-aeab-072d31581934,2026-07-31T15:15:00Z,2026-07-31T17:15:00+0200,0.532926,MW,DK2,DK_2,actual_offshore_wind_generation,Wind Offshore,2026-08-10T16:50:24Z
2026-08-10T16:45:28Z,2026-08-10T18:45:28+0200,f717c518-05ab-43f2-aeab-072d31581934,2026-07-31T15:30:00Z,2026-07-31T17:30:00+0200,0.108683,MW,DK2,DK_2,actual_offshore_wind_generation,Wind Offshore,2026-08-10T16:50:24Z
2026-08-10T16:45:28Z,2026-08-10T18:45:28+0200,f717c518-05ab-43f2-aeab-072d31581934,2026-07-31T15:45:00Z,2026-07-31T17:45:00+0200,0.419722,MW,DK2,DK_2,actual_offshore_wind_generation,Wind Offshore,2026-08-10T16:50:24Z
2026-08-10T16:45:28Z,2026-08-10T18:45:28+0200,f717c518-05ab-43f2-aeab-072d31581934,2026-07-31T16:00:00Z,2026-07-31T18:00:00+0200,1.22959,MW,DK2,DK_2,actual_offshore_wind_generation,Wind Offshore,2026-08-10T16:50:24Z
2026-08-10T16:45:28Z,2026-08-10T18:45:28+0200,f717c518-05ab-43f2-aeab-072d31581934,2026-07-31T16:15:00Z,2026-07-31T18:15:00+0200,5.41974,MW,DK2,DK_2,actual_offshore_wind_generation,Wind Offshore,2026-08-10T16:50:24Z
2026-08-10T16:45:28Z,2026-08-10T18:45:28+0200,f717c518-05ab-43f2-aeab-072d31581934,2026-07-31T16:30:00Z,2026-07-31T18:30:00+0200,12.6791,MW,DK2,DK_2,actual_offshore_wind_generation,Wind Offshore,2026-08-10T16:50:24Z
2026-08-10T16:45:28Z,2026-08-10T18:45:28+0200,f717c518-05ab-43f2-aeab-072d31581934,2026-07-31T16:45:00Z,2026-07-31T18:45:00+0200,21.029,MW,DK2,DK_2,actual_offshore_wind_generation,Wind Offshore,2026-08-10T16:50:24Z
2026-08-10T16:45:28Z,2026-08-10T18:45:28+0200,f717c518-05ab-43f2-aeab-072d31581934,2026-07-31T17:00:00Z,2026-07-31T19:00:00+0200,22.0054,MW,DK2,DK_2,actual_offshore_wind_generation,Wind Offshore,2026-08-10T16:50:24Z
2026-08-10T16:45:28Z,2026-08-10T18:45:28+0200,f717c518-05ab-43f2-aeab-072d31581934,2026-07-31T17:15:00Z,2026-07-31T19:15:00+0200,19.517,MW,DK2,DK_2,actual_offshore_wind_generation,Wind Offshore,2026-08-10T16:50:24Z
2026-08-10T16:45:28Z,2026-08-10T18:45:28+0200,f717c518-05ab-43f2-aeab-072d31581934,2026-07-31T17:30:00Z,2026-07-31T19:30:00+0200,21.7548,MW,DK2,DK_2,actual_offshore_wind_generation,Wind Offshore,2026-08-10T16:50:24Z
2026-08-10T16:45:28Z,2026-08-10T18:45:28+0200,f717c518-05ab-43f2-aeab-072d31581934,2026-07-31T17:45:00Z,2026-07-31T19:45:00+0200,18.8247,MW,DK2,DK_2,actual_offshore_wind_generation,Wind Offshore,2026-08-10T16:50:24Z
2026-08-10T16:45:28Z,2026-08-10T18:45:28+0200,f717c518-05ab-43f2-aeab-072d31581934,2026-07-31T18:00:00Z,2026-07-31T20:00:00+0200,16.999,MW,DK2,DK_2,actual_offshore_wind_generation,Wind Offshore,2026-08-10T16:50:24Z
2026-08-10T16:45:28Z,2026-08-10T18:45:28+0200,f717c518-05ab-43f2-aeab-072d31581934,2026-07-31T18:15:00Z,2026-07-31T20:15:00+0200,12.6457,MW,DK2,DK_2,actual_offshore_wind_generation,Wind Offshore,2026-08-10T16:50:24Z
2026-08-10T16:45:28Z,2026-08-10T18:45:28+0200,f717c518-05ab-43f2-aeab-072d31581934,2026-07-31T18:30:00Z,2026-07-31T20:30:00+0200,7.51284,MW,DK2,DK_2,actual_offshore_wind_generation,Wind Offshore,2026-08-10T16:50:24Z
2026-08-10T16:45:28Z,2026-08-10T18:45:28+0200,f717c518-05ab-43f2-aeab-072d31581934,2026-07-31T18:45:00Z,2026-07-31T20:45:00+0200,8.7963,MW,DK2,DK_2,actual_offshore_wind_generation,Wind Offshore,2026-08-10T16:50:24Z
2026-08-10T16:45:28Z,2026-08-10T18:45:28+0200,f717c518-05ab-43f2-aeab-072d31581934,2026-07-31T19:00:00Z,2026-07-31T21:00:00+0200,6.30561,MW,DK2,DK_2,actual_offshore_wind_generation,Wind Offshore,2026-08-10T16:50:24Z
2026-08-10T16:45:28Z,2026-08-10T18:45:28+0200,f717c518-05ab-43f2-aeab-072d31581934,2026-07-31T19:15:00Z,2026-07-31T21:15:00+0200,5.60294,MW,DK2,DK_2,actual_offshore_wind_generation,Wind Offshore,2026-08-10T16:50:24Z
2026-08-10T16:45:28Z,2026-08-10T18:45:28+0200,f717c518-05ab-43f2-aeab-072d31581934,2026-07-31T19:30:00Z,2026-07-31T21:30:00+0200,11.2451,MW,DK2,DK_2,actual_offshore_wind_generation,Wind Offshore,2026-08-10T16:50:24Z
2026-08-10T16:45:28Z,2026-08-10T18:45:28+0200,f717c518-05ab-43f2-aeab-072d31581934,2026-07-31T19:45:00Z,2026-07-31T21:45:00+0200,18.5836,MW,DK2,DK_2,actual_offshore_wind_generation,Wind Offshore,2026-08-10T16:50:24Z
2026-08-10T16:45:28Z,2026-08-10T18:45:28+0200,f717c518-05ab-43f2-aeab-072d31581934,2026-07-31T20:00:00Z,2026-07-31T22:00:00+0200,24.4047,MW,DK2,DK_2,actual_offshore_wind_generation,Wind Offshore,2026-08-10T16:50:24Z
2026-08-10T16:45:28Z,2026-08-10T18:45:28+0200,f717c518-05ab-43f2-aeab-072d31581934,2026-07-31T20:15:00Z,2026-07-31T22:15:00+0200,30.0837,MW,DK2,DK_2,actual_offshore_wind_generation,Wind Offshore,2026-08-10T16:50:24Z
2026-08-10T16:45:28Z,2026-08-10T18:45:28+0200,f717c518-05ab-43f2-aeab-072d31581934,2026-07-31T20:30:00Z,2026-07-31T22:30:00+0200,36.1132,MW,DK2,DK_2,actual_offshore_wind_generation,Wind Offshore,2026-08-10T16:50:24Z
2026-08-10T16:45:28Z,2026-08-10T18:45:28+0200,f717c518-05ab-43f2-aeab-072d31581934,2026-07-31T20:45:00Z,2026-07-31T22:45:00+0200,47.9699,MW,DK2,DK_2,actual_offshore_wind_generation,Wind Offshore,2026-08-10T16:50:24Z
2026-08-10T16:45:28Z,2026-08-10T18:45:28+0200,f717c518-05ab-43f2-aeab-072d31581934,2026-07-31T21:00:00Z,2026-07-31T23:00:00+0200,63.1097,MW,DK2,DK_2,actual_offshore_wind_generation,Wind Offshore,2026-08-10T16:50:24Z
2026-08-10T16:45:28Z,2026-08-10T18:45:28+0200,f717c518-05ab-43f2-aeab-072d31581934,2026-07-31T21:15:00Z,2026-07-31T23:15:00+0200,77.0989,MW,DK2,DK_2,actual_offshore_wind_generation,Wind Offshore,2026-08-10T16:50:24Z
2026-08-10T16:45:28Z,2026-08-10T18:45:28+0200,f717c518-05ab-43f2-aeab-072d31581934,2026-07-31T21:30:00Z,2026-07-31T23:30:00+0200,93.6552,MW,DK2,DK_2,actual_offshore_wind_generation,Wind Offshore,2026-08-10T16:50:24Z
2026-08-10T16:45:28Z,2026-08-10T18:45:28+0200,f717c518-05ab-43f2-aeab-072d31581934,2026-07-31T21:45:00Z,2026-07-31T23:45:00+0200,106.189,MW,DK2,DK_2,actual_offshore_wind_generation,Wind Offshore,2026-08-10T16:50:24Z
2026-08-10T16:45:28Z,2026-08-10T18:45:28+0200,f717c518-05ab-43f2-aeab-072d31581934,2026-07-31T22:00:00Z,2026-08-01T00:00:00+0200,115.455,MW,DK2,DK_2,actual_offshore_wind_generation,Wind Offshore,2026-08-10T16:50:24Z
2026-08-10T16:45:28Z,2026-08-10T18:45:28+0200,f717c518-05ab-43f2-aeab-072d31581934,2026-07-31T22:15:00Z,2026-08-01T00:15:00+0200,142.758,MW,DK2,DK_2,actual_offshore_wind_generation,Wind Offshore,2026-08-10T16:50:24Z
2026-08-10T16:45:28Z,2026-08-10T18:45:28+0200,f717c518-05ab-43f2-aeab-072d31581934,2026-07-31T22:30:00Z,2026-08-01T00:30:00+0200,172.47,MW,DK2,DK_2,actual_offshore_wind_generation,Wind Offshore,2026-08-10T16:50:24Z
2026-08-10T16:45:28Z,2026-08-10T18:45:28+0200,f717c518-05ab-43f2-aeab-072d31581934,2026-07-31T22:45:00Z,2026-08-01T00:45:00+0200,208.648,MW,DK2,DK_2,actual_offshore_wind_generation,Wind Offshore,2026-08-10T16:50:24Z
2026-08-10T16:45:28Z,2026-08-10T18:45:28+0200,f717c518-05ab-43f2-aeab-072d31581934,2026-07-31T23:00:00Z,2026-08-01T01:00:00+0200,252.334,MW,DK2,DK_2,actual_offshore_wind_generation,Wind Offshore,2026-08-10T16:50:24Z
2026-08-10T16:45:28Z,2026-08-10T18:45:28+0200,f717c518-05ab-43f2-aeab-072d31581934,2026-07-31T23:15:00Z,2026-08-01T01:15:00+0200,312.045,MW,DK2,DK_2,actual_offshore_wind_generation,Wind Offshore,2026-08-10T16:50:24Z
2026-08-10T16:45:28Z,2026-08-10T18:45:28+0200,f717c518-05ab-43f2-aeab-072d31581934,2026-07-31T23:30:00Z,2026-08-01T01:30:00+0200,369.635,MW,DK2,DK_2,actual_offshore_wind_generation,Wind Offshore,2026-08-10T16:50:24Z
2026-08-10T16:45:28Z,2026-08-10T18:45:28+0200,f717c518-05ab-43f2-aeab-072d31581934,2026-07-31T23:45:00Z,2026-08-01T01:45:00+0200,373.708,MW,DK2,DK_2,actual_offshore_wind_generation,Wind Offshore,2026-08-10T16:50:24Z
2026-08-10T16:45:28Z,2026-08-10T18:45:28+0200,f717c518-05ab-43f2-aeab-072d31581934,2026-08-01T00:00:00Z,2026-08-01T02:00:00+0200,371.62,MW,DK2,DK_2,actual_offshore_wind_generation,Wind Offshore,2026-08-10T16:50:24Z
2026-08-10T16:45:28Z,2026-08-10T18:45:28+0200,f717c518-05ab-43f2-aeab-072d31581934,2026-08-01T00:15:00Z,2026-08-01T02:15:00+0200,424.254,MW,DK2,DK_2,actual_offshore_wind_generation,Wind Offshore,2026-08-10T16:50:24Z
2026-08-10T16:45:28Z,2026-08-10T18:45:28+0200,f717c518-05ab-43f2-aeab-072d31581934,2026-08-01T00:30:00Z,2026-08-01T02:30:00+0200,429.816,MW,DK2,DK_2,actual_offshore_wind_generation,Wind Offshore,2026-08-10T16:50:24Z
2026-08-10T16:45:28Z,2026-08-10T18:45:28+0200,f717c518-05ab-43f2-aeab-072d31581934,2026-08-01T00:45:00Z,2026-08-01T02:45:00+0200,347.731,MW,DK2,DK_2,actual_offshore_wind_generation,Wind Offshore,2026-08-10T16:50:24Z
2026-08-10T16:45:28Z,2026-08-10T18:45:28+0200,f717c518-05ab-43f2-aeab-072d31581934,2026-08-01T01:00:00Z,2026-08-01T03:00:00+0200,279.995,MW,DK2,DK_2,actual_offshore_wind_generation,Wind Offshore,2026-08-10T16:50:24Z
2026-08-10T16:45:28Z,2026-08-10T18:45:28+0200,f717c518-05ab-43f2-aeab-072d31581934,2026-08-01T01:15:00Z,2026-08-01T03:15:00+0200,226.937,MW,DK2,DK_2,actual_offshore_wind_generation,Wind Offshore,2026-08-10T16:50:24Z
2026-08-10T16:45:28Z,2026-08-10T18:45:28+0200,f717c518-05ab-43f2-aeab-072d31581934,2026-08-01T01:30:00Z,2026-08-01T03:30:00+0200,164.814,MW,DK2,DK_2,actual_offshore_wind_generation,Wind Offshore,2026-08-10T16:50:24Z
2026-08-10T16:45:28Z,2026-08-10T18:45:28+0200,f717c518-05ab-43f2-aeab-072d31581934,2026-08-01T01:45:00Z,2026-08-01T03:45:00+0200,133.842,MW,DK2,DK_2,actual_offshore_wind_generation,Wind Offshore,2026-08-10T16:50:24Z
2026-08-10T16:45:28Z,2026-08-10T18:45:28+0200,f717c518-05ab-43f2-aeab-072d31581934,2026-08-01T02:00:00Z,2026-08-01T04:00:00+0200,92.1149,MW,DK2,DK_2,actual_offshore_wind_generation,Wind Offshore,2026-08-10T16:50:24Z
2026-08-10T16:45:28Z,2026-08-10T18:45:28+0200,f717c518-05ab-43f2-aeab-072d31581934,2026-08-01T02:15:00Z,2026-08-01T04:15:00+0200,73.7427,MW,DK2,DK_2,actual_offshore_wind_generation,Wind Offshore,2026-08-10T16:50:24Z
2026-08-10T16:45:28Z,2026-08-10T18:45:28+0200,f717c518-05ab-43f2-aeab-072d31581934,2026-08-01T02:30:00Z,2026-08-01T04:30:00+0200,60.0096,MW,DK2,DK_2,actual_offshore_wind_generation,Wind Offshore,2026-08-10T16:50:24Z
2026-08-10T16:45:28Z,2026-08-10T18:45:28+0200,f717c518-05ab-43f2-aeab-072d31581934,2026-08-01T02:45:00Z,2026-08-01T04:45:00+0200,49.5131,MW,DK2,DK_2,actual_offshore_wind_generation,Wind Offshore,2026-08-10T16:50:24Z
2026-08-10T16:45:28Z,2026-08-10T18:45:28+0200,f717c518-05ab-43f2-aeab-072d31581934,2026-08-01T03:00:00Z,2026-08-01T05:00:00+0200,54.2757,MW,DK2,DK_2,actual_offshore_wind_generation,Wind Offshore,2026-08-10T16:50:24Z
2026-08-10T16:45:28Z,2026-08-10T18:45:28+0200,f717c518-05ab-43f2-aeab-072d31581934,2026-08-01T03:15:00Z,2026-08-01T05:15:00+0200,59.8259,MW,DK2,DK_2,actual_offshore_wind_generation,Wind Offshore,2026-08-10T16:50:24Z
2026-08-10T16:45:28Z,2026-08-10T18:45:28+0200,f717c518-05ab-43f2-aeab-072d31581934,2026-08-01T03:30:00Z,2026-08-01T05:30:00+0200,54.3983,MW,DK2,DK_2,actual_offshore_wind_generation,Wind Offshore,2026-08-10T16:50:24Z
2026-08-10T16:45:28Z,2026-08-10T18:45:28+0200,f717c518-05ab-43f2-aeab-072d31581934,2026-08-01T03:45:00Z,2026-08-01T05:45:00+0200,47.2784,MW,DK2,DK_2,actual_offshore_wind_generation,Wind Offshore,2026-08-10T16:50:24Z
2026-08-10T16:45:28Z,2026-08-10T18:45:28+0200,f717c518-05ab-43f2-aeab-072d31581934,2026-08-01T04:00:00Z,2026-08-01T06:00:00+0200,55.1795,MW,DK2,DK_2,actual_offshore_wind_generation,Wind Offshore,2026-08-10T16:50:24Z
2026-08-10T16:45:28Z,2026-08-10T18:45:28+0200,f717c518-05ab-43f2-aeab-072d31581934,2026-08-01T04:15:00Z,2026-08-01T06:15:00+0200,72.133,MW,DK2,DK_2,actual_offshore_wind_generation,Wind Offshore,2026-08-10T16:50:24Z
2026-08-10T16:45:28Z,2026-08-10T18:45:28+0200,f717c518-05ab-43f2-aeab-072d31581934,2026-08-01T04:30:00Z,2026-08-01T06:30:00+0200,83.4277,MW,DK2,DK_2,actual_offshore_wind_generation,Wind Offshore,2026-08-10T16:50:24Z
2026-08-10T16:45:28Z,2026-08-10T18:45:28+0200,f717c518-05ab-43f2-aeab-072d31581934,2026-08-01T04:45:00Z,2026-08-01T06:45:00+0200,105.574,MW,DK2,DK_2,actual_offshore_wind_generation,Wind Offshore,2026-08-10T16:50:24Z
2026-08-10T16:45:28Z,2026-08-10T18:45:28+0200,f717c518-05ab-43f2-aeab-072d31581934,2026-08-01T05:00:00Z,2026-08-01T07:00:00+0200,115.786,MW,DK2,DK_2,actual_offshore_wind_generation,Wind Offshore,2026-08-10T16:50:24Z
2026-08-10T16:45:28Z,2026-08-10T18:45:28+0200,f717c518-05ab-43f2-aeab-072d31581934,2026-08-01T05:15:00Z,2026-08-01T07:15:00+0200,118.848,MW,DK2,DK_2,actual_offshore_wind_generation,Wind Offshore,2026-08-10T16:50:24Z
2026-08-10T16:45:28Z,2026-08-10T18:45:28+0200,f717c518-05ab-43f2-aeab-072d31581934,2026-08-01T05:30:00Z,2026-08-01T07:30:00+0200,115.297,MW,DK2,DK_2,actual_offshore_wind_generation,Wind Offshore,2026-08-10T16:50:24Z
2026-08-10T16:45:28Z,2026-08-10T18:45:28+0200,f717c518-05ab-43f2-aeab-072d31581934,2026-08-01T05:45:00Z,2026-08-01T07:45:00+0200,116.536,MW,DK2,DK_2,actual_offshore_wind_generation,Wind Offshore,2026-08-10T16:50:24Z
2026-08-10T16:45:28Z,2026-08-10T18:45:28+0200,f717c518-05ab-43f2-aeab-072d31581934,2026-08-01T06:00:00Z,2026-08-01T08:00:00+0200,130.4,MW,DK2,DK_2,actual_offshore_wind_generation,Wind Offshore,2026-08-10T16:50:24Z
2026-08-10T16:45:28Z,2026-08-10T18:45:28+0200,f717c518-05ab-43f2-aeab-072d31581934,2026-08-01T06:15:00Z,2026-08-01T08:15:00+0200,152.991,MW,DK2,DK_2,actual_offshore_wind_generation,Wind Offshore,2026-08-10T16:50:24Z
2026-08-10T16:45:28Z,2026-08-10T18:45:28+0200,f717c518-05ab-43f2-aeab-072d31581934,2026-08-01T06:30:00Z,2026-08-01T08:30:00+0200,175.368,MW,DK2,DK_2,actual_offshore_wind_generation,Wind Offshore,2026-08-10T16:50:24Z
2026-08-10T16:45:28Z,2026-08-10T18:45:28+0200,f717c518-05ab-43f2-aeab-072d31581934,2026-08-01T06:45:00Z,2026-08-01T08:45:00+0200,188.389,MW,DK2,DK_2,actual_offshore_wind_generation,Wind Offshore,2026-08-10T16:50:24Z
2026-08-10T16:45:28Z,2026-08-10T18:45:28+0200,f717c518-05ab-43f2-aeab-072d31581934,2026-08-01T07:00:00Z,2026-08-01T09:00:00+0200,213.701,MW,DK2,DK_2,actual_offshore_wind_generation,Wind Offshore,2026-08-10T16:50:24Z
2026-08-10T16:45:28Z,2026-08-10T18:45:28+0200,f717c518-05ab-43f2-aeab-072d31581934,2026-08-01T07:15:00Z,2026-08-01T09:15:00+0200,217.851,MW,DK2,DK_2,actual_offshore_wind_generation,Wind Offshore,2026-08-10T16:50:24Z
2026-08-10T16:45:28Z,2026-08-10T18:45:28+0200,f717c518-05ab-43f2-aeab-072d31581934,2026-08-01T07:30:00Z,2026-08-01T09:30:00+0200,203.854,MW,DK2,DK_2,actual_offshore_wind_generation,Wind Offshore,2026-08-10T16:50:24Z
2026-08-10T16:45:28Z,2026-08-10T18:45:28+0200,f717c518-05ab-43f2-aeab-072d31581934,2026-08-01T07:45:00Z,2026-08-01T09:45:00+0200,164.248,MW,DK2,DK_2,actual_offshore_wind_generation,Wind Offshore,2026-08-10T16:50:24Z
2026-08-10T16:45:28Z,2026-08-10T18:45:28+0200,f717c518-05ab-43f2-aeab-072d31581934,2026-08-01T08:00:00Z,2026-08-01T10:00:00+0200,127.265,MW,DK2,DK_2,actual_offshore_wind_generation,Wind Offshore,2026-08-10T16:50:24Z
2026-08-10T16:45:28Z,2026-08-10T18:45:28+0200,f717c518-05ab-43f2-aeab-072d31581934,2026-08-01T08:15:00Z,2026-08-01T10:15:00+0200,101.186,MW,DK2,DK_2,actual_offshore_wind_generation,Wind Offshore,2026-08-10T16:50:24Z
2026-08-10T16:45:28Z,2026-08-10T18:45:28+0200,f717c518-05ab-43f2-aeab-072d31581934,2026-08-01T08:30:00Z,2026-08-01T10:30:00+0200,83.5911,MW,DK2,DK_2,actual_offshore_wind_generation,Wind Offshore,2026-08-10T16:50:24Z
2026-08-10T16:45:28Z,2026-08-10T18:45:28+0200,f717c518-05ab-43f2-aeab-072d31581934,2026-08-01T08:45:00Z,2026-08-01T10:45:00+0200,57.4461,MW,DK2,DK_2,actual_offshore_wind_generation,Wind Offshore,2026-08-10T16:50:24Z
2026-08-10T16:45:28Z,2026-08-10T18:45:28+0200,f717c518-05ab-43f2-aeab-072d31581934,2026-08-01T09:00:00Z,2026-08-01T11:00:00+0200,63.611,MW,DK2,DK_2,actual_offshore_wind_generation,Wind Offshore,2026-08-10T16:50:24Z
2026-08-10T16:45:28Z,2026-08-10T18:45:28+0200,f717c518-05ab-43f2-aeab-072d31581934,2026-08-01T09:15:00Z,2026-08-01T11:15:00+0200,81.4913,MW,DK2,DK_2,actual_offshore_wind_generation,Wind Offshore,2026-08-10T16:50:24Z
2026-08-10T16:45:28Z,2026-08-10T18:45:28+0200,f717c518-05ab-43f2-aeab-072d31581934,2026-08-01T09:30:00Z,2026-08-01T11:30:00+0200,102.611,MW,DK2,DK_2,actual_offshore_wind_generation,Wind Offshore,2026-08-10T16:50:24Z
2026-08-10T16:45:28Z,2026-08-10T18:45:28+0200,f717c518-05ab-43f2-aeab-072d31581934,2026-08-01T09:45:00Z,2026-08-01T11:45:00+0200,105.588,MW,DK2,DK_2,actual_offshore_wind_generation,Wind Offshore,2026-08-10T16:50:24Z
2026-08-10T16:45:28Z,2026-08-10T18:45:28+0200,f717c518-05ab-43f2-aeab-072d31581934,2026-08-01T10:00:00Z,2026-08-01T12:00:00+0200,117.107,MW,DK2,DK_2,actual_offshore_wind_generation,Wind Offshore,2026-08-10T16:50:24Z
2026-08-10T16:45:28Z,2026-08-10T18:45:28+0200,f717c518-05ab-43f2-aeab-072d31581934,2026-08-01T10:15:00Z,2026-08-01T12:15:00+0200,113.903,MW,DK2,DK_2,actual_offshore_wind_generation,Wind Offshore,2026-08-10T16:50:24Z
2026-08-10T16:45:28Z,2026-08-10T18:45:28+0200,f717c518-05ab-43f2-aeab-072d31581934,2026-08-01T10:30:00Z,2026-08-01T12:30:00+0200,96.1151,MW,DK2,DK_2,actual_offshore_wind_generation,Wind Offshore,2026-08-10T16:50:24Z
2026-08-10T16:45:28Z,2026-08-10T18:45:28+0200,f717c518-05ab-43f2-aeab-072d31581934,2026-08-01T10:45:00Z,2026-08-01T12:45:00+0200,77.6707,MW,DK2,DK_2,actual_offshore_wind_generation,Wind Offshore,2026-08-10T16:50:24Z
2026-08-10T16:45:28Z,2026-08-10T18:45:28+0200,f717c518-05ab-43f2-aeab-072d31581934,2026-08-01T11:00:00Z,2026-08-01T13:00:00+0200,58.4489,MW,DK2,DK_2,actual_offshore_wind_generation,Wind Offshore,2026-08-10T16:50:24Z
2026-08-10T16:45:28Z,2026-08-10T18:45:28+0200,f717c518-05ab-43f2-aeab-072d31581934,2026-08-01T11:15:00Z,2026-08-01T13:15:00+0200,51.7076,MW,DK2,DK_2,actual_offshore_wind_generation,Wind Offshore,2026-08-10T16:50:24Z
2026-08-10T16:45:28Z,2026-08-10T18:45:28+0200,f717c518-05ab-43f2-aeab-072d31581934,2026-08-01T11:30:00Z,2026-08-01T13:30:00+0200,55.3359,MW,DK2,DK_2,actual_offshore_wind_generation,Wind Offshore,2026-08-10T16:50:24Z
2026-08-10T16:45:28Z,2026-08-10T18:45:28+0200,f717c518-05ab-43f2-aeab-072d31581934,2026-08-01T11:45:00Z,2026-08-01T13:45:00+0200,57.0291,MW,DK2,DK_2,actual_offshore_wind_generation,Wind Offshore,2026-08-10T16:50:24Z
2026-08-10T16:45:28Z,2026-08-10T18:45:28+0200,f717c518-05ab-43f2-aeab-072d31581934,2026-08-01T12:00:00Z,2026-08-01T14:00:00+0200,63.6728,MW,DK2,DK_2,actual_offshore_wind_generation,Wind Offshore,2026-08-10T16:50:24Z
2026-08-10T16:45:28Z,2026-08-10T18:45:28+0200,f717c518-05ab-43f2-aeab-072d31581934,2026-08-01T12:15:00Z,2026-08-01T14:15:00+0200,70.102,MW,DK2,DK_2,actual_offshore_wind_generation,Wind Offshore,2026-08-10T16:50:24Z
2026-08-10T16:45:28Z,2026-08-10T18:45:28+0200,f717c518-05ab-43f2-aeab-072d31581934,2026-08-01T12:30:00Z,2026-08-01T14:30:00+0200,76.7546,MW,DK2,DK_2,actual_offshore_wind_generation,Wind Offshore,2026-08-10T16:50:24Z
2026-08-10T16:45:28Z,2026-08-10T18:45:28+0200,f717c518-05ab-43f2-aeab-072d31581934,2026-08-01T12:45:00Z,2026-08-01T14:45:00+0200,78.438,MW,DK2,DK_2,actual_offshore_wind_generation,Wind Offshore,2026-08-10T16:50:24Z
2026-08-10T16:45:28Z,2026-08-10T18:45:28+0200,f717c518-05ab-43f2-aeab-072d31581934,2026-08-01T13:00:00Z,2026-08-01T15:00:00+0200,69.0866,MW,DK2,DK_2,actual_offshore_wind_generation,Wind Offshore,2026-08-10T16:50:24Z
2026-08-10T16:45:28Z,2026-08-10T18:45:28+0200,f717c518-05ab-43f2-aeab-072d31581934,2026-08-01T13:15:00Z,2026-08-01T15:15:00+0200,60.3572,MW,DK2,DK_2,actual_offshore_wind_generation,Wind Offshore,2026-08-10T16:50:24Z
2026-08-10T16:45:28Z,2026-08-10T18:45:28+0200,f717c518-05ab-43f2-aeab-072d31581934,2026-08-01T13:30:00Z,2026-08-01T15:30:00+0200,55.2094,MW,DK2,DK_2,actual_offshore_wind_generation,Wind Offshore,2026-08-10T16:50:24Z
2026-08-10T16:45:28Z,2026-08-10T18:45:28+0200,f717c518-05ab-43f2-aeab-072d31581934,2026-08-01T13:45:00Z,2026-08-01T15:45:00+0200,49.8388,MW,DK2,DK_2,actual_offshore_wind_generation,Wind Offshore,2026-08-10T16:50:24Z
2026-08-10T16:45:28Z,2026-08-10T18:45:28+0200,f717c518-05ab-43f2-aeab-072d31581934,2026-08-01T14:00:00Z,2026-08-01T16:00:00+0200,40.8996,MW,DK2,DK_2,actual_offshore_wind_generation,Wind Offshore,2026-08-10T16:50:24Z
2026-08-10T16:45:28Z,2026-08-10T18:45:28+0200,f717c518-05ab-43f2-aeab-072d31581934,2026-08-01T14:15:00Z,2026-08-01T16:15:00+0200,39.6857,MW,DK2,DK_2,actual_offshore_wind_generation,Wind Offshore,2026-08-10T16:50:24Z
2026-08-10T16:45:28Z,2026-08-10T18:45:28+0200,f717c518-05ab-43f2-aeab-072d31581934,2026-08-01T14:30:00Z,2026-08-01T16:30:00+0200,37.0925,MW,DK2,DK_2,actual_offshore_wind_generation,Wind Offshore,2026-08-10T16:50:24Z
2026-08-10T16:45:28Z,2026-08-10T18:45:28+0200,f717c518-05ab-43f2-aeab-072d31581934,2026-08-01T14:45:00Z,2026-08-01T16:45:00+0200,37.0279,MW,DK2,DK_2,actual_offshore_wind_generation,Wind Offshore,2026-08-10T16:50:24Z
2026-08-10T16:45:28Z,2026-08-10T18:45:28+0200,f717c518-05ab-43f2-aeab-072d31581934,2026-08-01T15:00:00Z,2026-08-01T17:00:00+0200,35.6824,MW,DK2,DK_2,actual_offshore_wind_generation,Wind Offshore,2026-08-10T16:50:24Z
2026-08-10T16:45:28Z,2026-08-10T18:45:28+0200,f717c518-05ab-43f2-aeab-072d31581934,2026-08-01T15:15:00Z,2026-08-01T17:15:00+0200,37.6691,MW,DK2,DK_2,actual_offshore_wind_generation,Wind Offshore,2026-08-10T16:50:24Z
2026-08-10T16:45:28Z,2026-08-10T18:45:28+0200,f717c518-05ab-43f2-aeab-072d31581934,2026-08-01T15:30:00Z,2026-08-01T17:30:00+0200,40.4306,MW,DK2,DK_2,actual_offshore_wind_generation,Wind Offshore,2026-08-10T16:50:24Z
2026-08-10T16:45:28Z,2026-08-10T18:45:28+0200,f717c518-05ab-43f2-aeab-072d31581934,2026-08-01T15:45:00Z,2026-08-01T17:45:00+0200,46.156,MW,DK2,DK_2,actual_offshore_wind_generation,Wind Offshore,2026-08-10T16:50:24Z
2026-08-10T16:45:28Z,2026-08-10T18:45:28+0200,f717c518-05ab-43f2-aeab-072d31581934,2026-08-01T16:00:00Z,2026-08-01T18:00:00+0200,54.1411,MW,DK2,DK_2,actual_offshore_wind_generation,Wind Offshore,2026-08-10T16:50:24Z
2026-08-10T16:45:28Z,2026-08-10T18:45:28+0200,f717c518-05ab-43f2-aeab-072d31581934,2026-08-01T16:15:00Z,2026-08-01T18:15:00+0200,64.2788,MW,DK2,DK_2,actual_offshore_wind_generation,Wind Offshore,2026-08-10T16:50:24Z
2026-08-10T16:45:28Z,2026-08-10T18:45:28+0200,f717c518-05ab-43f2-aeab-072d31581934,2026-08-01T16:30:00Z,2026-08-01T18:30:00+0200,68.2344,MW,DK2,DK_2,actual_offshore_wind_generation,Wind Offshore,2026-08-10T16:50:24Z
2026-08-10T16:45:28Z,2026-08-10T18:45:28+0200,f717c518-05ab-43f2-aeab-072d31581934,2026-08-01T16:45:00Z,2026-08-01T18:45:00+0200,65.5615,MW,DK2,DK_2,actual_offshore_wind_generation,Wind Offshore,2026-08-10T16:50:24Z
2026-08-10T16:45:28Z,2026-08-10T18:45:28+0200,f717c518-05ab-43f2-aeab-072d31581934,2026-08-01T17:00:00Z,2026-08-01T19:00:00+0200,68.1509,MW,DK2,DK_2,actual_offshore_wind_generation,Wind Offshore,2026-08-10T16:50:24Z
2026-08-10T16:45:28Z,2026-08-10T18:45:28+0200,f717c518-05ab-43f2-aeab-072d31581934,2026-08-01T17:15:00Z,2026-08-01T19:15:00+0200,71.5212,MW,DK2,DK_2,actual_offshore_wind_generation,Wind Offshore,2026-08-10T16:50:24Z
2026-08-10T16:45:28Z,2026-08-10T18:45:28+0200,f717c518-05ab-43f2-aeab-072d31581934,2026-08-01T17:30:00Z,2026-08-01T19:30:00+0200,71.4832,MW,DK2,DK_2,actual_offshore_wind_generation,Wind Offshore,2026-08-10T16:50:24Z
2026-08-10T16:45:28Z,2026-08-10T18:45:28+0200,f717c518-05ab-43f2-aeab-072d31581934,2026-08-01T17:45:00Z,2026-08-01T19:45:00+0200,69.7046,MW,DK2,DK_2,actual_offshore_wind_generation,Wind Offshore,2026-08-10T16:50:24Z
2026-08-10T16:45:28Z,2026-08-10T18:45:28+0200,f717c518-05ab-43f2-aeab-072d31581934,2026-08-01T18:00:00Z,2026-08-01T20:00:00+0200,60.5061,MW,DK2,DK_2,actual_offshore_wind_generation,Wind Offshore,2026-08-10T16:50:24Z
2026-08-10T16:45:28Z,2026-08-10T18:45:28+0200,f717c518-05ab-43f2-aeab-072d31581934,2026-08-01T18:15:00Z,2026-08-01T20:15:00+0200,56.9333,MW,DK2,DK_2,actual_offshore_wind_generation,Wind Offshore,2026-08-10T16:50:24Z
2026-08-10T16:45:28Z,2026-08-10T18:45:28+0200,f717c518-05ab-43f2-aeab-072d31581934,2026-08-01T18:30:00Z,2026-08-01T20:30:00+0200,60.8718,MW,DK2,DK_2,actual_offshore_wind_generation,Wind Offshore,2026-08-10T16:50:24Z
2026-08-10T16:45:28Z,2026-08-10T18:45:28+0200,f717c518-05ab-43f2-aeab-072d31581934,2026-08-01T18:45:00Z,2026-08-01T20:45:00+0200,67.3931,MW,DK2,DK_2,actual_offshore_wind_generation,Wind Offshore,2026-08-10T16:50:24Z
2026-08-10T16:45:28Z,2026-08-10T18:45:28+0200,f717c518-05ab-43f2-aeab-072d31581934,2026-08-01T19:00:00Z,2026-08-01T21:00:00+0200,84.3497,MW,DK2,DK_2,actual_offshore_wind_generation,Wind Offshore,2026-08-10T16:50:24Z
2026-08-10T16:45:28Z,2026-08-10T18:45:28+0200,f717c518-05ab-43f2-aeab-072d31581934,2026-08-01T19:15:00Z,2026-08-01T21:15:00+0200,95.7315,MW,DK2,DK_2,actual_offshore_wind_generation,Wind Offshore,2026-08-10T16:50:24Z
2026-08-10T16:45:28Z,2026-08-10T18:45:28+0200,f717c518-05ab-43f2-aeab-072d31581934,2026-08-01T19:30:00Z,2026-08-01T21:30:00+0200,125.97,MW,DK2,DK_2,actual_offshore_wind_generation,Wind Offshore,2026-08-10T16:50:24Z
2026-08-10T16:45:28Z,2026-08-10T18:45:28+0200,f717c518-05ab-43f2-aeab-072d31581934,2026-08-01T19:45:00Z,2026-08-01T21:45:00+0200,158.645,MW,DK2,DK_2,actual_offshore_wind_generation,Wind Offshore,2026-08-10T16:50:24Z
2026-08-10T16:45:28Z,2026-08-10T18:45:28+0200,f717c518-05ab-43f2-aeab-072d31581934,2026-08-01T20:00:00Z,2026-08-01T22:00:00+0200,202.682,MW,DK2,DK_2,actual_offshore_wind_generation,Wind Offshore,2026-08-10T16:50:24Z
2026-08-10T16:45:28Z,2026-08-10T18:45:28+0200,f717c518-05ab-43f2-aeab-072d31581934,2026-08-01T20:15:00Z,2026-08-01T22:15:00+0200,224.141,MW,DK2,DK_2,actual_offshore_wind_generation,Wind Offshore,2026-08-10T16:50:24Z
2026-08-10T16:45:28Z,2026-08-10T18:45:28+0200,f717c518-05ab-43f2-aeab-072d31581934,2026-08-01T20:30:00Z,2026-08-01T22:30:00+0200,257.294,MW,DK2,DK_2,actual_offshore_wind_generation,Wind Offshore,2026-08-10T16:50:24Z
2026-08-10T16:45:28Z,2026-08-10T18:45:28+0200,f717c518-05ab-43f2-aeab-072d31581934,2026-08-01T20:45:00Z,2026-08-01T22:45:00+0200,265.525,MW,DK2,DK_2,actual_offshore_wind_generation,Wind Offshore,2026-08-10T16:50:24Z
2026-08-10T16:45:28Z,2026-08-10T18:45:28+0200,f717c518-05ab-43f2-aeab-072d31581934,2026-08-01T21:00:00Z,2026-08-01T23:00:00+0200,235.76,MW,DK2,DK_2,actual_offshore_wind_generation,Wind Offshore,2026-08-10T16:50:24Z
2026-08-10T16:45:28Z,2026-08-10T18:45:28+0200,f717c518-05ab-43f2-aeab-072d31581934,2026-08-01T21:15:00Z,2026-08-01T23:15:00+0200,233.266,MW,DK2,DK_2,actual_offshore_wind_generation,Wind Offshore,2026-08-10T16:50:24Z
2026-08-10T16:45:28Z,2026-08-10T18:45:28+0200,f717c518-05ab-43f2-aeab-072d31581934,2026-08-01T21:30:00Z,2026-08-01T23:30:00+0200,248.005,MW,DK2,DK_2,actual_offshore_wind_generation,Wind Offshore,2026-08-10T16:50:24Z
2026-08-10T16:45:28Z,2026-08-10T18:45:28+0200,f717c518-05ab-43f2-aeab-072d31581934,2026-08-01T21:45:00Z,2026-08-01T23:45:00+0200,275.014,MW,DK2,DK_2,actual_offshore_wind_generation,Wind Offshore,2026-08-10T16:50:24Z
2026-08-10T16:45:28Z,2026-08-10T18:45:28+0200,f717c518-05ab-43f2-aeab-072d31581934,2026-08-01T22:00:00Z,2026-08-02T00:00:00+0200,272.78,MW,DK2,DK_2,actual_offshore_wind_generation,Wind Offshore,2026-08-10T16:50:24Z
2026-08-10T16:45:28Z,2026-08-10T18:45:28+0200,f717c518-05ab-43f2-aeab-072d31581934,2026-08-01T22:15:00Z,2026-08-02T00:15:00+0200,231.229,MW,DK2,DK_2,actual_offshore_wind_generation,Wind Offshore,2026-08-10T16:50:24Z
2026-08-10T16:45:28Z,2026-08-10T18:45:28+0200,f717c518-05ab-43f2-aeab-072d31581934,2026-08-01T22:30:00Z,2026-08-02T00:30:00+0200,198.412,MW,DK2,DK_2,actual_offshore_wind_generation,Wind Offshore,2026-08-10T16:50:24Z
2026-08-10T16:45:28Z,2026-08-10T18:45:28+0200,f717c518-05ab-43f2-aeab-072d31581934,2026-08-01T22:45:00Z,2026-08-02T00:45:00+0200,193.695,MW,DK2,DK_2,actual_offshore_wind_generation,Wind Offshore,2026-08-10T16:50:24Z
2026-08-10T16:45:28Z,2026-08-10T18:45:28+0200,f717c518-05ab-43f2-aeab-072d31581934,2026-08-01T23:00:00Z,2026-08-02T01:00:00+0200,176.518,MW,DK2,DK_2,actual_offshore_wind_generation,Wind Offshore,2026-08-10T16:50:24Z
2026-08-10T16:45:28Z,2026-08-10T18:45:28+0200,f717c518-05ab-43f2-aeab-072d31581934,2026-08-01T23:15:00Z,2026-08-02T01:15:00+0200,165.296,MW,DK2,DK_2,actual_offshore_wind_generation,Wind Offshore,2026-08-10T16:50:24Z
2026-08-10T16:45:28Z,2026-08-10T18:45:28+0200,f717c518-05ab-43f2-aeab-072d31581934,2026-08-01T23:30:00Z,2026-08-02T01:30:00+0200,157.647,MW,DK2,DK_2,actual_offshore_wind_generation,Wind Offshore,2026-08-10T16:50:24Z
2026-08-10T16:45:28Z,2026-08-10T18:45:28+0200,f717c518-05ab-43f2-aeab-072d31581934,2026-08-01T23:45:00Z,2026-08-02T01:45:00+0200,151.954,MW,DK2,DK_2,actual_offshore_wind_generation,Wind Offshore,2026-08-10T16:50:24Z
2026-08-10T16:45:28Z,2026-08-10T18:45:28+0200,f717c518-05ab-43f2-aeab-072d31581934,2026-08-02T00:00:00Z,2026-08-02T02:00:00+0200,143.84,MW,DK2,DK_2,actual_offshore_wind_generation,Wind Offshore,2026-08-10T16:50:24Z
2026-08-10T16:45:28Z,2026-08-10T18:45:28+0200,f717c518-05ab-43f2-aeab-072d31581934,2026-08-02T00:15:00Z,2026-08-02T02:15:00+0200,141.716,MW,DK2,DK_2,actual_offshore_wind_generation,Wind Offshore,2026-08-10T16:50:24Z
2026-08-10T16:45:28Z,2026-08-10T18:45:28+0200,f717c518-05ab-43f2-aeab-072d31581934,2026-08-02T00:30:00Z,2026-08-02T02:30:00+0200,139.255,MW,DK2,DK_2,actual_offshore_wind_generation,Wind Offshore,2026-08-10T16:50:24Z
2026-08-10T16:45:28Z,2026-08-10T18:45:28+0200,f717c518-05ab-43f2-aeab-072d31581934,2026-08-02T00:45:00Z,2026-08-02T02:45:00+0200,148.636,MW,DK2,DK_2,actual_offshore_wind_generation,Wind Offshore,2026-08-10T16:50:24Z
2026-08-10T16:45:28Z,2026-08-10T18:45:28+0200,f717c518-05ab-43f2-aeab-072d31581934,2026-08-02T01:00:00Z,2026-08-02T03:00:00+0200,139.57,MW,DK2,DK_2,actual_offshore_wind_generation,Wind Offshore,2026-08-10T16:50:24Z
2026-08-10T16:45:28Z,2026-08-10T18:45:28+0200,f717c518-05ab-43f2-aeab-072d31581934,2026-08-02T01:15:00Z,2026-08-02T03:15:00+0200,127.834,MW,DK2,DK_2,actual_offshore_wind_generation,Wind Offshore,2026-08-10T16:50:24Z
2026-08-10T16:45:28Z,2026-08-10T18:45:28+0200,f717c518-05ab-43f2-aeab-072d31581934,2026-08-02T01:30:00Z,2026-08-02T03:30:00+0200,126.095,MW,DK2,DK_2,actual_offshore_wind_generation,Wind Offshore,2026-08-10T16:50:24Z
2026-08-10T16:45:28Z,2026-08-10T18:45:28+0200,f717c518-05ab-43f2-aeab-072d31581934,2026-08-02T01:45:00Z,2026-08-02T03:45:00+0200,123.174,MW,DK2,DK_2,actual_offshore_wind_generation,Wind Offshore,2026-08-10T16:50:24Z
2026-08-10T16:45:28Z,2026-08-10T18:45:28+0200,f717c518-05ab-43f2-aeab-072d31581934,2026-08-02T02:00:00Z,2026-08-02T04:00:00+0200,120.063,MW,DK2,DK_2,actual_offshore_wind_generation,Wind Offshore,2026-08-10T16:50:24Z
2026-08-10T16:45:28Z,2026-08-10T18:45:28+0200,f717c518-05ab-43f2-aeab-072d31581934,2026-08-02T02:15:00Z,2026-08-02T04:15:00+0200,102.952,MW,DK2,DK_2,actual_offshore_wind_generation,Wind Offshore,2026-08-10T16:50:24Z
2026-08-10T16:45:28Z,2026-08-10T18:45:28+0200,f717c518-05ab-43f2-aeab-072d31581934,2026-08-02T02:30:00Z,2026-08-02T04:30:00+0200,95.4075,MW,DK2,DK_2,actual_offshore_wind_generation,Wind Offshore,2026-08-10T16:50:24Z
2026-08-10T16:45:28Z,2026-08-10T18:45:28+0200,f717c518-05ab-43f2-aeab-072d31581934,2026-08-02T02:45:00Z,2026-08-02T04:45:00+0200,105.933,MW,DK2,DK_2,actual_offshore_wind_generation,Wind Offshore,2026-08-10T16:50:24Z
2026-08-10T16:45:28Z,2026-08-10T18:45:28+0200,f717c518-05ab-43f2-aeab-072d31581934,2026-08-02T03:00:00Z,2026-08-02T05:00:00+0200,117.473,MW,DK2,DK_2,actual_offshore_wind_generation,Wind Offshore,2026-08-10T16:50:24Z
2026-08-10T16:45:28Z,2026-08-10T18:45:28+0200,f717c518-05ab-43f2-aeab-072d31581934,2026-08-02T03:15:00Z,2026-08-02T05:15:00+0200,103.325,MW,DK2,DK_2,actual_offshore_wind_generation,Wind Offshore,2026-08-10T16:50:24Z
2026-08-10T16:45:28Z,2026-08-10T18:45:28+0200,f717c518-05ab-43f2-aeab-072d31581934,2026-08-02T03:30:00Z,2026-08-02T05:30:00+0200,103.367,MW,DK2,DK_2,actual_offshore_wind_generation,Wind Offshore,2026-08-10T16:50:24Z
2026-08-10T16:45:28Z,2026-08-10T18:45:28+0200,f717c518-05ab-43f2-aeab-072d31581934,2026-08-02T03:45:00Z,2026-08-02T05:45:00+0200,118.183,MW,DK2,DK_2,actual_offshore_wind_generation,Wind Offshore,2026-08-10T16:50:24Z
2026-08-10T16:45:28Z,2026-08-10T18:45:28+0200,f717c518-05ab-43f2-aeab-072d31581934,2026-08-02T04:00:00Z,2026-08-02T06:00:00+0200,123.789,MW,DK2,DK_2,actual_offshore_wind_generation,Wind Offshore,2026-08-10T16:50:24Z
2026-08-10T16:45:28Z,2026-08-10T18:45:28+0200,f717c518-05ab-43f2-aeab-072d31581934,2026-08-02T04:15:00Z,2026-08-02T06:15:00+0200,125.115,MW,DK2,DK_2,actual_offshore_wind_generation,Wind Offshore,2026-08-10T16:50:24Z
2026-08-10T16:45:28Z,2026-08-10T18:45:28+0200,f717c518-05ab-43f2-aeab-072d31581934,2026-08-02T04:30:00Z,2026-08-02T06:30:00+0200,110.474,MW,DK2,DK_2,actual_offshore_wind_generation,Wind Offshore,2026-08-10T16:50:24Z
2026-08-10T16:45:28Z,2026-08-10T18:45:28+0200,f717c518-05ab-43f2-aeab-072d31581934,2026-08-02T04:45:00Z,2026-08-02T06:45:00+0200,98.1125,MW,DK2,DK_2,actual_offshore_wind_generation,Wind Offshore,2026-08-10T16:50:24Z
2026-08-10T16:45:28Z,2026-08-10T18:45:28+0200,f717c518-05ab-43f2-aeab-072d31581934,2026-08-02T05:00:00Z,2026-08-02T07:00:00+0200,87.0683,MW,DK2,DK_2,actual_offshore_wind_generation,Wind Offshore,2026-08-10T16:50:24Z
2026-08-10T16:45:28Z,2026-08-10T18:45:28+0200,f717c518-05ab-43f2-aeab-072d31581934,2026-08-02T05:15:00Z,2026-08-02T07:15:00+0200,88.5131,MW,DK2,DK_2,actual_offshore_wind_generation,Wind Offshore,2026-08-10T16:50:24Z
2026-08-10T16:45:28Z,2026-08-10T18:45:28+0200,f717c518-05ab-43f2-aeab-072d31581934,2026-08-02T05:30:00Z,2026-08-02T07:30:00+0200,81.1209,MW,DK2,DK_2,actual_offshore_wind_generation,Wind Offshore,2026-08-10T16:50:24Z
2026-08-10T16:45:28Z,2026-08-10T18:45:28+0200,f717c518-05ab-43f2-aeab-072d31581934,2026-08-02T05:45:00Z,2026-08-02T07:45:00+0200,74.5899,MW,DK2,DK_2,actual_offshore_wind_generation,Wind Offshore,2026-08-10T16:50:24Z
2026-08-10T16:45:28Z,2026-08-10T18:45:28+0200,f717c518-05ab-43f2-aeab-072d31581934,2026-08-02T06:00:00Z,2026-08-02T08:00:00+0200,75.5589,MW,DK2,DK_2,actual_offshore_wind_generation,Wind Offshore,2026-08-10T16:50:24Z
2026-08-10T16:45:28Z,2026-08-10T18:45:28+0200,f717c518-05ab-43f2-aeab-072d31581934,2026-08-02T06:15:00Z,2026-08-02T08:15:00+0200,82.9849,MW,DK2,DK_2,actual_offshore_wind_generation,Wind Offshore,2026-08-10T16:50:24Z
2026-08-10T16:45:28Z,2026-08-10T18:45:28+0200,f717c518-05ab-43f2-aeab-072d31581934,2026-08-02T06:30:00Z,2026-08-02T08:30:00+0200,86.3214,MW,DK2,DK_2,actual_offshore_wind_generation,Wind Offshore,2026-08-10T16:50:24Z
2026-08-10T16:45:28Z,2026-08-10T18:45:28+0200,f717c518-05ab-43f2-aeab-072d31581934,2026-08-02T06:45:00Z,2026-08-02T08:45:00+0200,81.6668,MW,DK2,DK_2,actual_offshore_wind_generation,Wind Offshore,2026-08-10T16:50:24Z
2026-08-10T16:45:28Z,2026-08-10T18:45:28+0200,f717c518-05ab-43f2-aeab-072d31581934,2026-08-02T07:00:00Z,2026-08-02T09:00:00+0200,77.351,MW,DK2,DK_2,actual_offshore_wind_generation,Wind Offshore,2026-08-10T16:50:24Z
2026-08-10T16:45:28Z,2026-08-10T18:45:28+0200,f717c518-05ab-43f2-aeab-072d31581934,2026-08-02T07:15:00Z,2026-08-02T09:15:00+0200,78.6074,MW,DK2,DK_2,actual_offshore_wind_generation,Wind Offshore,2026-08-10T16:50:24Z
2026-08-10T16:45:28Z,2026-08-10T18:45:28+0200,f717c518-05ab-43f2-aeab-072d31581934,2026-08-02T07:30:00Z,2026-08-02T09:30:00+0200,76.2694,MW,DK2,DK_2,actual_offshore_wind_generation,Wind Offshore,2026-08-10T16:50:24Z
2026-08-10T16:45:28Z,2026-08-10T18:45:28+0200,f717c518-05ab-43f2-aeab-072d31581934,2026-08-02T07:45:00Z,2026-08-02T09:45:00+0200,74.1153,MW,DK2,DK_2,actual_offshore_wind_generation,Wind Offshore,2026-08-10T16:50:24Z
2026-08-10T16:45:28Z,2026-08-10T18:45:28+0200,f717c518-05ab-43f2-aeab-072d31581934,2026-08-02T08:00:00Z,2026-08-02T10:00:00+0200,69.3389,MW,DK2,DK_2,actual_offshore_wind_generation,Wind Offshore,2026-08-10T16:50:24Z
2026-08-10T16:45:28Z,2026-08-10T18:45:28+0200,f717c518-05ab-43f2-aeab-072d31581934,2026-08-02T08:15:00Z,2026-08-02T10:15:00+0200,47.7702,MW,DK2,DK_2,actual_offshore_wind_generation,Wind Offshore,2026-08-10T16:50:24Z
2026-08-10T16:45:28Z,2026-08-10T18:45:28+0200,f717c518-05ab-43f2-aeab-072d31581934,2026-08-02T08:30:00Z,2026-08-02T10:30:00+0200,6.41359,MW,DK2,DK_2,actual_offshore_wind_generation,Wind Offshore,2026-08-10T16:50:24Z
2026-08-10T16:45:28Z,2026-08-10T18:45:28+0200,f717c518-05ab-43f2-aeab-072d31581934,2026-08-02T08:45:00Z,2026-08-02T10:45:00+0200,2.82159,MW,DK2,DK_2,actual_offshore_wind_generation,Wind Offshore,2026-08-10T16:50:24Z
2026-08-10T16:45:28Z,2026-08-10T18:45:28+0200,f717c518-05ab-43f2-aeab-072d31581934,2026-08-02T09:00:00Z,2026-08-02T11:00:00+0200,1.72951,MW,DK2,DK_2,actual_offshore_wind_generation,Wind Offshore,2026-08-10T16:50:24Z
2026-08-10T16:45:28Z,2026-08-10T18:45:28+0200,f717c518-05ab-43f2-aeab-072d31581934,2026-08-02T09:15:00Z,2026-08-02T11:15:00+0200,2.16737,MW,DK2,DK_2,actual_offshore_wind_generation,Wind Offshore,2026-08-10T16:50:24Z
2026-08-10T16:45:28Z,2026-08-10T18:45:28+0200,f717c518-05ab-43f2-aeab-072d31581934,2026-08-02T09:30:00Z,2026-08-02T11:30:00+0200,3.29198,MW,DK2,DK_2,actual_offshore_wind_generation,Wind Offshore,2026-08-10T16:50:24Z
2026-08-10T16:45:28Z,2026-08-10T18:45:28+0200,f717c518-05ab-43f2-aeab-072d31581934,2026-08-02T09:45:00Z,2026-08-02T11:45:00+0200,3.5532,MW,DK2,DK_2,actual_offshore_wind_generation,Wind Offshore,2026-08-10T16:50:24Z
2026-08-10T16:45:28Z,2026-08-10T18:45:28+0200,f717c518-05ab-43f2-aeab-072d31581934,2026-08-02T10:00:00Z,2026-08-02T12:00:00+0200,15.9325,MW,DK2,DK_2,actual_offshore_wind_generation,Wind Offshore,2026-08-10T16:50:24Z
2026-08-10T16:45:28Z,2026-08-10T18:45:28+0200,f717c518-05ab-43f2-aeab-072d31581934,2026-08-02T10:15:00Z,2026-08-02T12:15:00+0200,14.4113,MW,DK2,DK_2,actual_offshore_wind_generation,Wind Offshore,2026-08-10T16:50:24Z
2026-08-10T16:45:28Z,2026-08-10T18:45:28+0200,f717c518-05ab-43f2-aeab-072d31581934,2026-08-02T10:30:00Z,2026-08-02T12:30:00+0200,7.93201,MW,DK2,DK_2,actual_offshore_wind_generation,Wind Offshore,2026-08-10T16:50:24Z
2026-08-10T16:45:28Z,2026-08-10T18:45:28+0200,f717c518-05ab-43f2-aeab-072d31581934,2026-08-02T10:45:00Z,2026-08-02T12:45:00+0200,4.02709,MW,DK2,DK_2,actual_offshore_wind_generation,Wind Offshore,2026-08-10T16:50:24Z
2026-08-10T16:45:28Z,2026-08-10T18:45:28+0200,f717c518-05ab-43f2-aeab-072d31581934,2026-08-02T11:00:00Z,2026-08-02T13:00:00+0200,2.59155,MW,DK2,DK_2,actual_offshore_wind_generation,Wind Offshore,2026-08-10T16:50:24Z
2026-08-10T16:45:28Z,2026-08-10T18:45:28+0200,f717c518-05ab-43f2-aeab-072d31581934,2026-08-02T11:15:00Z,2026-08-02T13:15:00+0200,3.06089,MW,DK2,DK_2,actual_offshore_wind_generation,Wind Offshore,2026-08-10T16:50:24Z
2026-08-10T16:45:28Z,2026-08-10T18:45:28+0200,f717c518-05ab-43f2-aeab-072d31581934,2026-08-02T11:30:00Z,2026-08-02T13:30:00+0200,4.19011,MW,DK2,DK_2,actual_offshore_wind_generation,Wind Offshore,2026-08-10T16:50:24Z
2026-08-10T16:45:28Z,2026-08-10T18:45:28+0200,f717c518-05ab-43f2-aeab-072d31581934,2026-08-02T11:45:00Z,2026-08-02T13:45:00+0200,2.94438,MW,DK2,DK_2,actual_offshore_wind_generation,Wind Offshore,2026-08-10T16:50:24Z
2026-08-10T16:45:28Z,2026-08-10T18:45:28+0200,f717c518-05ab-43f2-aeab-072d31581934,2026-08-02T12:00:00Z,2026-08-02T14:00:00+0200,2.79225,MW,DK2,DK_2,actual_offshore_wind_generation,Wind Offshore,2026-08-10T16:50:24Z
2026-08-10T16:45:28Z,2026-08-10T18:45:28+0200,f717c518-05ab-43f2-aeab-072d31581934,2026-08-02T12:15:00Z,2026-08-02T14:15:00+0200,4.57388,MW,DK2,DK_2,actual_offshore_wind_generation,Wind Offshore,2026-08-10T16:50:24Z
2026-08-10T16:45:28Z,2026-08-10T18:45:28+0200,f717c518-05ab-43f2-aeab-072d31581934,2026-08-02T12:30:00Z,2026-08-02T14:30:00+0200,2.06341,MW,DK2,DK_2,actual_offshore_wind_generation,Wind Offshore,2026-08-10T16:50:24Z
2026-08-10T16:45:28Z,2026-08-10T18:45:28+0200,f717c518-05ab-43f2-aeab-072d31581934,2026-08-02T12:45:00Z,2026-08-02T14:45:00+0200,4.64058,MW,DK2,DK_2,actual_offshore_wind_generation,Wind Offshore,2026-08-10T16:50:24Z
2026-08-10T16:45:28Z,2026-08-10T18:45:28+0200,f717c518-05ab-43f2-aeab-072d31581934,2026-08-02T13:00:00Z,2026-08-02T15:00:00+0200,4.74192,MW,DK2,DK_2,actual_offshore_wind_generation,Wind Offshore,2026-08-10T16:50:24Z
2026-08-10T16:45:28Z,2026-08-10T18:45:28+0200,f717c518-05ab-43f2-aeab-072d31581934,2026-08-02T13:15:00Z,2026-08-02T15:15:00+0200,18.1735,MW,DK2,DK_2,actual_offshore_wind_generation,Wind Offshore,2026-08-10T16:50:24Z
2026-08-10T16:45:28Z,2026-08-10T18:45:28+0200,f717c518-05ab-43f2-aeab-072d31581934,2026-08-02T13:30:00Z,2026-08-02T15:30:00+0200,46.9582,MW,DK2,DK_2,actual_offshore_wind_generation,Wind Offshore,2026-08-10T16:50:24Z
2026-08-10T16:45:28Z,2026-08-10T18:45:28+0200,f717c518-05ab-43f2-aeab-072d31581934,2026-08-02T13:45:00Z,2026-08-02T15:45:00+0200,47.4523,MW,DK2,DK_2,actual_offshore_wind_generation,Wind Offshore,2026-08-10T16:50:24Z
2026-08-10T16:45:28Z,2026-08-10T18:45:28+0200,f717c518-05ab-43f2-aeab-072d31581934,2026-08-02T14:00:00Z,2026-08-02T16:00:00+0200,95.3742,MW,DK2,DK_2,actual_offshore_wind_generation,Wind Offshore,2026-08-10T16:50:24Z
2026-08-10T16:45:28Z,2026-08-10T18:45:28+0200,f717c518-05ab-43f2-aeab-072d31581934,2026-08-02T14:15:00Z,2026-08-02T16:15:00+0200,86.6336,MW,DK2,DK_2,actual_offshore_wind_generation,Wind Offshore,2026-08-10T16:50:24Z
2026-08-10T16:45:28Z,2026-08-10T18:45:28+0200,f717c518-05ab-43f2-aeab-072d31581934,2026-08-02T14:30:00Z,2026-08-02T16:30:00+0200,68.599,MW,DK2,DK_2,actual_offshore_wind_generation,Wind Offshore,2026-08-10T16:50:24Z
2026-08-10T16:45:28Z,2026-08-10T18:45:28+0200,f717c518-05ab-43f2-aeab-072d31581934,2026-08-02T14:45:00Z,2026-08-02T16:45:00+0200,55.3294,MW,DK2,DK_2,actual_offshore_wind_generation,Wind Offshore,2026-08-10T16:50:24Z
2026-08-10T16:45:28Z,2026-08-10T18:45:28+0200,f717c518-05ab-43f2-aeab-072d31581934,2026-08-02T15:00:00Z,2026-08-02T17:00:00+0200,44.8387,MW,DK2,DK_2,actual_offshore_wind_generation,Wind Offshore,2026-08-10T16:50:24Z
2026-08-10T16:45:28Z,2026-08-10T18:45:28+0200,f717c518-05ab-43f2-aeab-072d31581934,2026-08-02T15:15:00Z,2026-08-02T17:15:00+0200,47.8463,MW,DK2,DK_2,actual_offshore_wind_generation,Wind Offshore,2026-08-10T16:50:24Z
2026-08-10T16:45:28Z,2026-08-10T18:45:28+0200,f717c518-05ab-43f2-aeab-072d31581934,2026-08-02T15:30:00Z,2026-08-02T17:30:00+0200,35.3984,MW,DK2,DK_2,actual_offshore_wind_generation,Wind Offshore,2026-08-10T16:50:24Z
2026-08-10T16:45:28Z,2026-08-10T18:45:28+0200,f717c518-05ab-43f2-aeab-072d31581934,2026-08-02T15:45:00Z,2026-08-02T17:45:00+0200,21.7836,MW,DK2,DK_2,actual_offshore_wind_generation,Wind Offshore,2026-08-10T16:50:24Z
2026-08-10T16:45:28Z,2026-08-10T18:45:28+0200,f717c518-05ab-43f2-aeab-072d31581934,2026-08-02T16:00:00Z,2026-08-02T18:00:00+0200,11.8555,MW,DK2,DK_2,actual_offshore_wind_generation,Wind Offshore,2026-08-10T16:50:24Z
2026-08-10T16:45:28Z,2026-08-10T18:45:28+0200,f717c518-05ab-43f2-aeab-072d31581934,2026-08-02T16:15:00Z,2026-08-02T18:15:00+0200,10.6766,MW,DK2,DK_2,actual_offshore_wind_generation,Wind Offshore,2026-08-10T16:50:24Z
2026-08-10T16:45:28Z,2026-08-10T18:45:28+0200,f717c518-05ab-43f2-aeab-072d31581934,2026-08-02T16:30:00Z,2026-08-02T18:30:00+0200,6.54673,MW,DK2,DK_2,actual_offshore_wind_generation,Wind Offshore,2026-08-10T16:50:24Z
2026-08-10T16:45:28Z,2026-08-10T18:45:28+0200,f717c518-05ab-43f2-aeab-072d31581934,2026-08-02T16:45:00Z,2026-08-02T18:45:00+0200,6.00435,MW,DK2,DK_2,actual_offshore_wind_generation,Wind Offshore,2026-08-10T16:50:24Z
2026-08-10T16:45:28Z,2026-08-10T18:45:28+0200,f717c518-05ab-43f2-aeab-072d31581934,2026-08-02T17:00:00Z,2026-08-02T19:00:00+0200,6.03386,MW,DK2,DK_2,actual_offshore_wind_generation,Wind Offshore,2026-08-10T16:50:24Z
2026-08-10T16:45:28Z,2026-08-10T18:45:28+0200,f717c518-05ab-43f2-aeab-072d31581934,2026-08-02T17:15:00Z,2026-08-02T19:15:00+0200,3.29772,MW,DK2,DK_2,actual_offshore_wind_generation,Wind Offshore,2026-08-10T16:50:24Z
2026-08-10T16:45:28Z,2026-08-10T18:45:28+0200,f717c518-05ab-43f2-aeab-072d31581934,2026-08-02T17:30:00Z,2026-08-02T19:30:00+0200,2.87719,MW,DK2,DK_2,actual_offshore_wind_generation,Wind Offshore,2026-08-10T16:50:24Z
2026-08-10T16:45:28Z,2026-08-10T18:45:28+0200,f717c518-05ab-43f2-aeab-072d31581934,2026-08-02T17:45:00Z,2026-08-02T19:45:00+0200,2.63177,MW,DK2,DK_2,actual_offshore_wind_generation,Wind Offshore,2026-08-10T16:50:24Z
2026-08-10T16:45:28Z,2026-08-10T18:45:28+0200,f717c518-05ab-43f2-aeab-072d31581934,2026-08-02T18:00:00Z,2026-08-02T20:00:00+0200,2.79706,MW,DK2,DK_2,actual_offshore_wind_generation,Wind Offshore,2026-08-10T16:50:24Z
2026-08-10T16:45:28Z,2026-08-10T18:45:28+0200,f717c518-05ab-43f2-aeab-072d31581934,2026-08-02T18:15:00Z,2026-08-02T20:15:00+0200,2.96417,MW,DK2,DK_2,actual_offshore_wind_generation,Wind Offshore,2026-08-10T16:50:24Z
2026-08-10T16:45:28Z,2026-08-10T18:45:28+0200,f717c518-05ab-43f2-aeab-072d31581934,2026-08-02T18:30:00Z,2026-08-02T20:30:00+0200,1.37812,MW,DK2,DK_2,actual_offshore_wind_generation,Wind Offshore,2026-08-10T16:50:24Z
2026-08-10T16:45:28Z,2026-08-10T18:45:28+0200,f717c518-05ab-43f2-aeab-072d31581934,2026-08-02T18:45:00Z,2026-08-02T20:45:00+0200,0.886957,MW,DK2,DK_2,actual_offshore_wind_generation,Wind Offshore,2026-08-10T16:50:24Z
2026-08-10T16:45:28Z,2026-08-10T18:45:28+0200,f717c518-05ab-43f2-aeab-072d31581934,2026-08-02T19:00:00Z,2026-08-02T21:00:00+0200,0.458705,MW,DK2,DK_2,actual_offshore_wind_generation,Wind Offshore,2026-08-10T16:50:24Z
2026-08-10T16:45:28Z,2026-08-10T18:45:28+0200,f717c518-05ab-43f2-aeab-072d31581934,2026-08-02T19:15:00Z,2026-08-02T21:15:00+0200,0.016667,MW,DK2,DK_2,actual_offshore_wind_generation,Wind Offshore,2026-08-10T16:50:24Z
2026-08-10T16:45:28Z,2026-08-10T18:45:28+0200,f717c518-05ab-43f2-aeab-072d31581934,2026-08-02T19:30:00Z,2026-08-02T21:30:00+0200,0.211676,MW,DK2,DK_2,actual_offshore_wind_generation,Wind Offshore,2026-08-10T16:50:24Z
2026-08-10T16:45:28Z,2026-08-10T18:45:28+0200,f717c518-05ab-43f2-aeab-072d31581934,2026-08-02T19:45:00Z,2026-08-02T21:45:00+0200,4.78387,MW,DK2,DK_2,actual_offshore_wind_generation,Wind Offshore,2026-08-10T16:50:24Z
2026-08-10T16:45:28Z,2026-08-10T18:45:28+0200,f717c518-05ab-43f2-aeab-072d31581934,2026-08-02T20:00:00Z,2026-08-02T22:00:00+0200,18.6664,MW,DK2,DK_2,actual_offshore_wind_generation,Wind Offshore,2026-08-10T16:50:24Z
2026-08-10T16:45:28Z,2026-08-10T18:45:28+0200,f717c518-05ab-43f2-aeab-072d31581934,2026-08-02T20:15:00Z,2026-08-02T22:15:00+0200,42.4119,MW,DK2,DK_2,actual_offshore_wind_generation,Wind Offshore,2026-08-10T16:50:24Z
2026-08-10T16:45:28Z,2026-08-10T18:45:28+0200,f717c518-05ab-43f2-aeab-072d31581934,2026-08-02T20:30:00Z,2026-08-02T22:30:00+0200,49.9595,MW,DK2,DK_2,actual_offshore_wind_generation,Wind Offshore,2026-08-10T16:50:24Z
2026-08-10T16:45:28Z,2026-08-10T18:45:28+0200,f717c518-05ab-43f2-aeab-072d31581934,2026-08-02T20:45:00Z,2026-08-02T22:45:00+0200,55.3572,MW,DK2,DK_2,actual_offshore_wind_generation,Wind Offshore,2026-08-10T16:50:24Z
2026-08-10T16:45:28Z,2026-08-10T18:45:28+0200,f717c518-05ab-43f2-aeab-072d31581934,2026-08-02T21:00:00Z,2026-08-02T23:00:00+0200,66.3568,MW,DK2,DK_2,actual_offshore_wind_generation,Wind Offshore,2026-08-10T16:50:24Z
2026-08-10T16:45:28Z,2026-08-10T18:45:28+0200,f717c518-05ab-43f2-aeab-072d31581934,2026-08-02T21:15:00Z,2026-08-02T23:15:00+0200,82.1489,MW,DK2,DK_2,actual_offshore_wind_generation,Wind Offshore,2026-08-10T16:50:24Z
2026-08-10T16:45:28Z,2026-08-10T18:45:28+0200,f717c518-05ab-43f2-aeab-072d31581934,2026-08-02T21:30:00Z,2026-08-02T23:30:00+0200,87.0909,MW,DK2,DK_2,actual_offshore_wind_generation,Wind Offshore,2026-08-10T16:50:24Z
2026-08-10T16:45:28Z,2026-08-10T18:45:28+0200,f717c518-05ab-43f2-aeab-072d31581934,2026-08-02T21:45:00Z,2026-08-02T23:45:00+0200,83.5704,MW,DK2,DK_2,actual_offshore_wind_generation,Wind Offshore,2026-08-10T16:50:24Z
2026-08-10T16:45:28Z,2026-08-10T18:45:28+0200,f717c518-05ab-43f2-aeab-072d31581934,2026-08-02T22:00:00Z,2026-08-03T00:00:00+0200,79.9867,MW,DK2,DK_2,actual_offshore_wind_generation,Wind Offshore,2026-08-10T16:50:24Z
2026-08-10T16:45:28Z,2026-08-10T18:45:28+0200,f717c518-05ab-43f2-aeab-072d31581934,2026-08-02T22:15:00Z,2026-08-03T00:15:00+0200,80.1836,MW,DK2,DK_2,actual_offshore_wind_generation,Wind Offshore,2026-08-10T16:50:24Z
2026-08-10T16:45:28Z,2026-08-10T18:45:28+0200,f717c518-05ab-43f2-aeab-072d31581934,2026-08-02T22:30:00Z,2026-08-03T00:30:00+0200,78.6042,MW,DK2,DK_2,actual_offshore_wind_generation,Wind Offshore,2026-08-10T16:50:24Z
2026-08-10T16:45:28Z,2026-08-10T18:45:28+0200,f717c518-05ab-43f2-aeab-072d31581934,2026-08-02T22:45:00Z,2026-08-03T00:45:00+0200,66.2705,MW,DK2,DK_2,actual_offshore_wind_generation,Wind Offshore,2026-08-10T16:50:24Z
2026-08-10T16:45:28Z,2026-08-10T18:45:28+0200,f717c518-05ab-43f2-aeab-072d31581934,2026-08-02T23:00:00Z,2026-08-03T01:00:00+0200,52.021,MW,DK2,DK_2,actual_offshore_wind_generation,Wind Offshore,2026-08-10T16:50:24Z
2026-08-10T16:45:28Z,2026-08-10T18:45:28+0200,f717c518-05ab-43f2-aeab-072d31581934,2026-08-02T23:15:00Z,2026-08-03T01:15:00+0200,42.0508,MW,DK2,DK_2,actual_offshore_wind_generation,Wind Offshore,2026-08-10T16:50:24Z
2026-08-10T16:45:28Z,2026-08-10T18:45:28+0200,f717c518-05ab-43f2-aeab-072d31581934,2026-08-02T23:30:00Z,2026-08-03T01:30:00+0200,44.087,MW,DK2,DK_2,actual_offshore_wind_generation,Wind Offshore,2026-08-10T16:50:24Z
2026-08-10T16:45:28Z,2026-08-10T18:45:28+0200,f717c518-05ab-43f2-aeab-072d31581934,2026-08-02T23:45:00Z,2026-08-03T01:45:00+0200,49.2486,MW,DK2,DK_2,actual_offshore_wind_generation,Wind Offshore,2026-08-10T16:50:24Z
2026-08-10T16:45:28Z,2026-08-10T18:45:28+0200,f717c518-05ab-43f2-aeab-072d31581934,2026-08-03T00:00:00Z,2026-08-03T02:00:00+0200,64.7742,MW,DK2,DK_2,actual_offshore_wind_generation,Wind Offshore,2026-08-10T16:50:24Z
2026-08-10T16:45:28Z,2026-08-10T18:45:28+0200,f717c518-05ab-43f2-aeab-072d31581934,2026-08-03T00:15:00Z,2026-08-03T02:15:00+0200,74.5569,MW,DK2,DK_2,actual_offshore_wind_generation,Wind Offshore,2026-08-10T16:50:24Z
2026-08-10T16:45:28Z,2026-08-10T18:45:28+0200,f717c518-05ab-43f2-aeab-072d31581934,2026-08-03T00:30:00Z,2026-08-03T02:30:00+0200,74.937,MW,DK2,DK_2,actual_offshore_wind_generation,Wind Offshore,2026-08-10T16:50:24Z
2026-08-10T16:45:28Z,2026-08-10T18:45:28+0200,f717c518-05ab-43f2-aeab-072d31581934,2026-08-03T00:45:00Z,2026-08-03T02:45:00+0200,78.9739,MW,DK2,DK_2,actual_offshore_wind_generation,Wind Offshore,2026-08-10T16:50:24Z
2026-08-10T16:45:28Z,2026-08-10T18:45:28+0200,f717c518-05ab-43f2-aeab-072d31581934,2026-08-03T01:00:00Z,2026-08-03T03:00:00+0200,89.0259,MW,DK2,DK_2,actual_offshore_wind_generation,Wind Offshore,2026-08-10T16:50:24Z
2026-08-10T16:45:28Z,2026-08-10T18:45:28+0200,f717c518-05ab-43f2-aeab-072d31581934,2026-08-03T01:15:00Z,2026-08-03T03:15:00+0200,89.9816,MW,DK2,DK_2,actual_offshore_wind_generation,Wind Offshore,2026-08-10T16:50:24Z
2026-08-10T16:45:28Z,2026-08-10T18:45:28+0200,f717c518-05ab-43f2-aeab-072d31581934,2026-08-03T01:30:00Z,2026-08-03T03:30:00+0200,89.8649,MW,DK2,DK_2,actual_offshore_wind_generation,Wind Offshore,2026-08-10T16:50:24Z
2026-08-10T16:45:28Z,2026-08-10T18:45:28+0200,f717c518-05ab-43f2-aeab-072d31581934,2026-08-03T01:45:00Z,2026-08-03T03:45:00+0200,95.9982,MW,DK2,DK_2,actual_offshore_wind_generation,Wind Offshore,2026-08-10T16:50:24Z
2026-08-10T16:45:28Z,2026-08-10T18:45:28+0200,f717c518-05ab-43f2-aeab-072d31581934,2026-08-03T02:00:00Z,2026-08-03T04:00:00+0200,99.1606,MW,DK2,DK_2,actual_offshore_wind_generation,Wind Offshore,2026-08-10T16:50:24Z
2026-08-10T16:45:28Z,2026-08-10T18:45:28+0200,f717c518-05ab-43f2-aeab-072d31581934,2026-08-03T02:15:00Z,2026-08-03T04:15:00+0200,116.673,MW,DK2,DK_2,actual_offshore_wind_generation,Wind Offshore,2026-08-10T16:50:24Z
2026-08-10T16:45:28Z,2026-08-10T18:45:28+0200,f717c518-05ab-43f2-aeab-072d31581934,2026-08-03T02:30:00Z,2026-08-03T04:30:00+0200,128.903,MW,DK2,DK_2,actual_offshore_wind_generation,Wind Offshore,2026-08-10T16:50:24Z
2026-08-10T16:45:28Z,2026-08-10T18:45:28+0200,f717c518-05ab-43f2-aeab-072d31581934,2026-08-03T02:45:00Z,2026-08-03T04:45:00+0200,135.701,MW,DK2,DK_2,actual_offshore_wind_generation,Wind Offshore,2026-08-10T16:50:24Z
2026-08-10T16:45:28Z,2026-08-10T18:45:28+0200,f717c518-05ab-43f2-aeab-072d31581934,2026-08-03T03:00:00Z,2026-08-03T05:00:00+0200,129.958,MW,DK2,DK_2,actual_offshore_wind_generation,Wind Offshore,2026-08-10T16:50:24Z
2026-08-10T16:45:28Z,2026-08-10T18:45:28+0200,f717c518-05ab-43f2-aeab-072d31581934,2026-08-03T03:15:00Z,2026-08-03T05:15:00+0200,116.409,MW,DK2,DK_2,actual_offshore_wind_generation,Wind Offshore,2026-08-10T16:50:24Z
2026-08-10T16:45:28Z,2026-08-10T18:45:28+0200,f717c518-05ab-43f2-aeab-072d31581934,2026-08-03T03:30:00Z,2026-08-03T05:30:00+0200,111.225,MW,DK2,DK_2,actual_offshore_wind_generation,Wind Offshore,2026-08-10T16:50:24Z
2026-08-10T16:45:28Z,2026-08-10T18:45:28+0200,f717c518-05ab-43f2-aeab-072d31581934,2026-08-03T03:45:00Z,2026-08-03T05:45:00+0200,102.808,MW,DK2,DK_2,actual_offshore_wind_generation,Wind Offshore,2026-08-10T16:50:24Z
2026-08-10T16:45:28Z,2026-08-10T18:45:28+0200,f717c518-05ab-43f2-aeab-072d31581934,2026-08-03T04:00:00Z,2026-08-03T06:00:00+0200,98.3891,MW,DK2,DK_2,actual_offshore_wind_generation,Wind Offshore,2026-08-10T16:50:24Z
2026-08-10T16:45:28Z,2026-08-10T18:45:28+0200,f717c518-05ab-43f2-aeab-072d31581934,2026-08-03T04:15:00Z,2026-08-03T06:15:00+0200,91.521,MW,DK2,DK_2,actual_offshore_wind_generation,Wind Offshore,2026-08-10T16:50:24Z
2026-08-10T16:45:28Z,2026-08-10T18:45:28+0200,f717c518-05ab-43f2-aeab-072d31581934,2026-08-03T04:30:00Z,2026-08-03T06:30:00+0200,79.5254,MW,DK2,DK_2,actual_offshore_wind_generation,Wind Offshore,2026-08-10T16:50:24Z
2026-08-10T16:45:28Z,2026-08-10T18:45:28+0200,f717c518-05ab-43f2-aeab-072d31581934,2026-08-03T04:45:00Z,2026-08-03T06:45:00+0200,69.41,MW,DK2,DK_2,actual_offshore_wind_generation,Wind Offshore,2026-08-10T16:50:24Z
2026-08-10T16:45:28Z,2026-08-10T18:45:28+0200,f717c518-05ab-43f2-aeab-072d31581934,2026-08-03T05:00:00Z,2026-08-03T07:00:00+0200,59.1061,MW,DK2,DK_2,actual_offshore_wind_generation,Wind Offshore,2026-08-10T16:50:24Z
2026-08-10T16:45:28Z,2026-08-10T18:45:28+0200,f717c518-05ab-43f2-aeab-072d31581934,2026-08-03T05:15:00Z,2026-08-03T07:15:00+0200,53.2783,MW,DK2,DK_2,actual_offshore_wind_generation,Wind Offshore,2026-08-10T16:50:24Z
2026-08-10T16:45:28Z,2026-08-10T18:45:28+0200,f717c518-05ab-43f2-aeab-072d31581934,2026-08-03T05:30:00Z,2026-08-03T07:30:00+0200,52.6265,MW,DK2,DK_2,actual_offshore_wind_generation,Wind Offshore,2026-08-10T16:50:24Z
2026-08-10T16:45:28Z,2026-08-10T18:45:28+0200,f717c518-05ab-43f2-aeab-072d31581934,2026-08-03T05:45:00Z,2026-08-03T07:45:00+0200,47.5336,MW,DK2,DK_2,actual_offshore_wind_generation,Wind Offshore,2026-08-10T16:50:24Z
2026-08-10T16:45:28Z,2026-08-10T18:45:28+0200,f717c518-05ab-43f2-aeab-072d31581934,2026-08-03T06:00:00Z,2026-08-03T08:00:00+0200,45.9021,MW,DK2,DK_2,actual_offshore_wind_generation,Wind Offshore,2026-08-10T16:50:24Z
2026-08-10T16:45:28Z,2026-08-10T18:45:28+0200,f717c518-05ab-43f2-aeab-072d31581934,2026-08-03T06:15:00Z,2026-08-03T08:15:00+0200,52.7656,MW,DK2,DK_2,actual_offshore_wind_generation,Wind Offshore,2026-08-10T16:50:24Z
2026-08-10T16:45:28Z,2026-08-10T18:45:28+0200,f717c518-05ab-43f2-aeab-072d31581934,2026-08-03T06:30:00Z,2026-08-03T08:30:00+0200,50.499,MW,DK2,DK_2,actual_offshore_wind_generation,Wind Offshore,2026-08-10T16:50:24Z
2026-08-10T16:45:28Z,2026-08-10T18:45:28+0200,f717c518-05ab-43f2-aeab-072d31581934,2026-08-03T06:45:00Z,2026-08-03T08:45:00+0200,38.9836,MW,DK2,DK_2,actual_offshore_wind_generation,Wind Offshore,2026-08-10T16:50:24Z
2026-08-10T16:45:28Z,2026-08-10T18:45:28+0200,f717c518-05ab-43f2-aeab-072d31581934,2026-08-03T07:00:00Z,2026-08-03T09:00:00+0200,41.7133,MW,DK2,DK_2,actual_offshore_wind_generation,Wind Offshore,2026-08-10T16:50:24Z
2026-08-10T16:45:28Z,2026-08-10T18:45:28+0200,f717c518-05ab-43f2-aeab-072d31581934,2026-08-03T07:15:00Z,2026-08-03T09:15:00+0200,52.2756,MW,DK2,DK_2,actual_offshore_wind_generation,Wind Offshore,2026-08-10T16:50:24Z
2026-08-10T16:45:28Z,2026-08-10T18:45:28+0200,f717c518-05ab-43f2-aeab-072d31581934,2026-08-03T07:30:00Z,2026-08-03T09:30:00+0200,58.459,MW,DK2,DK_2,actual_offshore_wind_generation,Wind Offshore,2026-08-10T16:50:24Z
2026-08-10T16:45:28Z,2026-08-10T18:45:28+0200,f717c518-05ab-43f2-aeab-072d31581934,2026-08-03T07:45:00Z,2026-08-03T09:45:00+0200,54.0342,MW,DK2,DK_2,actual_offshore_wind_generation,Wind Offshore,2026-08-10T16:50:24Z
2026-08-10T16:45:28Z,2026-08-10T18:45:28+0200,f717c518-05ab-43f2-aeab-072d31581934,2026-08-03T08:00:00Z,2026-08-03T10:00:00+0200,50.0054,MW,DK2,DK_2,actual_offshore_wind_generation,Wind Offshore,2026-08-10T16:50:24Z
2026-08-10T16:45:28Z,2026-08-10T18:45:28+0200,f717c518-05ab-43f2-aeab-072d31581934,2026-08-03T08:15:00Z,2026-08-03T10:15:00+0200,49.2902,MW,DK2,DK_2,actual_offshore_wind_generation,Wind Offshore,2026-08-10T16:50:24Z
2026-08-10T16:45:28Z,2026-08-10T18:45:28+0200,f717c518-05ab-43f2-aeab-072d31581934,2026-08-03T08:30:00Z,2026-08-03T10:30:00+0200,41.5881,MW,DK2,DK_2,actual_offshore_wind_generation,Wind Offshore,2026-08-10T16:50:24Z
2026-08-10T16:45:28Z,2026-08-10T18:45:28+0200,f717c518-05ab-43f2-aeab-072d31581934,2026-08-03T08:45:00Z,2026-08-03T10:45:00+0200,33.8546,MW,DK2,DK_2,actual_offshore_wind_generation,Wind Offshore,2026-08-10T16:50:24Z
2026-08-10T16:45:28Z,2026-08-10T18:45:28+0200,f717c518-05ab-43f2-aeab-072d31581934,2026-08-03T09:00:00Z,2026-08-03T11:00:00+0200,23.5759,MW,DK2,DK_2,actual_offshore_wind_generation,Wind Offshore,2026-08-10T16:50:24Z
2026-08-10T16:45:28Z,2026-08-10T18:45:28+0200,f717c518-05ab-43f2-aeab-072d31581934,2026-08-03T09:15:00Z,2026-08-03T11:15:00+0200,14.2426,MW,DK2,DK_2,actual_offshore_wind_generation,Wind Offshore,2026-08-10T16:50:24Z
2026-08-10T16:45:28Z,2026-08-10T18:45:28+0200,f717c518-05ab-43f2-aeab-072d31581934,2026-08-03T09:30:00Z,2026-08-03T11:30:00+0200,9.90535,MW,DK2,DK_2,actual_offshore_wind_generation,Wind Offshore,2026-08-10T16:50:24Z
2026-08-10T16:45:28Z,2026-08-10T18:45:28+0200,f717c518-05ab-43f2-aeab-072d31581934,2026-08-03T09:45:00Z,2026-08-03T11:45:00+0200,4.68675,MW,DK2,DK_2,actual_offshore_wind_generation,Wind Offshore,2026-08-10T16:50:24Z
2026-08-10T16:45:28Z,2026-08-10T18:45:28+0200,f717c518-05ab-43f2-aeab-072d31581934,2026-08-03T10:00:00Z,2026-08-03T12:00:00+0200,1.90358,MW,DK2,DK_2,actual_offshore_wind_generation,Wind Offshore,2026-08-10T16:50:24Z
2026-08-10T16:45:28Z,2026-08-10T18:45:28+0200,f717c518-05ab-43f2-aeab-072d31581934,2026-08-03T10:15:00Z,2026-08-03T12:15:00+0200,0.594728,MW,DK2,DK_2,actual_offshore_wind_generation,Wind Offshore,2026-08-10T16:50:24Z
2026-08-10T16:45:28Z,2026-08-10T18:45:28+0200,f717c518-05ab-43f2-aeab-072d31581934,2026-08-03T10:30:00Z,2026-08-03T12:30:00+0200,0.788077,MW,DK2,DK_2,actual_offshore_wind_generation,Wind Offshore,2026-08-10T16:50:24Z
2026-08-10T16:45:28Z,2026-08-10T18:45:28+0200,f717c518-05ab-43f2-aeab-072d31581934,2026-08-03T10:45:00Z,2026-08-03T12:45:00+0200,0.626842,MW,DK2,DK_2,actual_offshore_wind_generation,Wind Offshore,2026-08-10T16:50:24Z
2026-08-10T16:45:28Z,2026-08-10T18:45:28+0200,f717c518-05ab-43f2-aeab-072d31581934,2026-08-03T11:00:00Z,2026-08-03T13:00:00+0200,0.693771,MW,DK2,DK_2,actual_offshore_wind_generation,Wind Offshore,2026-08-10T16:50:24Z
2026-08-10T16:45:28Z,2026-08-10T18:45:28+0200,f717c518-05ab-43f2-aeab-072d31581934,2026-08-03T11:15:00Z,2026-08-03T13:15:00+0200,1.34722,MW,DK2,DK_2,actual_offshore_wind_generation,Wind Offshore,2026-08-10T16:50:24Z
2026-08-10T16:45:28Z,2026-08-10T18:45:28+0200,f717c518-05ab-43f2-aeab-072d31581934,2026-08-03T11:30:00Z,2026-08-03T13:30:00+0200,4.8566,MW,DK2,DK_2,actual_offshore_wind_generation,Wind Offshore,2026-08-10T16:50:24Z
2026-08-10T16:45:28Z,2026-08-10T18:45:28+0200,f717c518-05ab-43f2-aeab-072d31581934,2026-08-03T11:45:00Z,2026-08-03T13:45:00+0200,16.102,MW,DK2,DK_2,actual_offshore_wind_generation,Wind Offshore,2026-08-10T16:50:24Z
2026-08-10T16:45:28Z,2026-08-10T18:45:28+0200,f717c518-05ab-43f2-aeab-072d31581934,2026-08-03T12:00:00Z,2026-08-03T14:00:00+0200,30.1574,MW,DK2,DK_2,actual_offshore_wind_generation,Wind Offshore,2026-08-10T16:50:24Z
2026-08-10T16:45:28Z,2026-08-10T18:45:28+0200,f717c518-05ab-43f2-aeab-072d31581934,2026-08-03T12:15:00Z,2026-08-03T14:15:00+0200,39.2837,MW,DK2,DK_2,actual_offshore_wind_generation,Wind Offshore,2026-08-10T16:50:24Z
2026-08-10T16:45:28Z,2026-08-10T18:45:28+0200,f717c518-05ab-43f2-aeab-072d31581934,2026-08-03T12:30:00Z,2026-08-03T14:30:00+0200,47.1174,MW,DK2,DK_2,actual_offshore_wind_generation,Wind Offshore,2026-08-10T16:50:24Z
2026-08-10T16:45:28Z,2026-08-10T18:45:28+0200,f717c518-05ab-43f2-aeab-072d31581934,2026-08-03T12:45:00Z,2026-08-03T14:45:00+0200,62.6603,MW,DK2,DK_2,actual_offshore_wind_generation,Wind Offshore,2026-08-10T16:50:24Z
2026-08-10T16:45:28Z,2026-08-10T18:45:28+0200,f717c518-05ab-43f2-aeab-072d31581934,2026-08-03T13:00:00Z,2026-08-03T15:00:00+0200,75.9742,MW,DK2,DK_2,actual_offshore_wind_generation,Wind Offshore,2026-08-10T16:50:24Z
2026-08-10T16:45:28Z,2026-08-10T18:45:28+0200,f717c518-05ab-43f2-aeab-072d31581934,2026-08-03T13:15:00Z,2026-08-03T15:15:00+0200,87.6802,MW,DK2,DK_2,actual_offshore_wind_generation,Wind Offshore,2026-08-10T16:50:24Z
2026-08-10T16:45:28Z,2026-08-10T18:45:28+0200,f717c518-05ab-43f2-aeab-072d31581934,2026-08-03T13:30:00Z,2026-08-03T15:30:00+0200,103.366,MW,DK2,DK_2,actual_offshore_wind_generation,Wind Offshore,2026-08-10T16:50:24Z
2026-08-10T16:45:28Z,2026-08-10T18:45:28+0200,f717c518-05ab-43f2-aeab-072d31581934,2026-08-03T13:45:00Z,2026-08-03T15:45:00+0200,124.995,MW,DK2,DK_2,actual_offshore_wind_generation,Wind Offshore,2026-08-10T16:50:24Z
2026-08-10T16:45:28Z,2026-08-10T18:45:28+0200,f717c518-05ab-43f2-aeab-072d31581934,2026-08-03T14:00:00Z,2026-08-03T16:00:00+0200,144.789,MW,DK2,DK_2,actual_offshore_wind_generation,Wind Offshore,2026-08-10T16:50:24Z
2026-08-10T16:45:28Z,2026-08-10T18:45:28+0200,f717c518-05ab-43f2-aeab-072d31581934,2026-08-03T14:15:00Z,2026-08-03T16:15:00+0200,161.794,MW,DK2,DK_2,actual_offshore_wind_generation,Wind Offshore,2026-08-10T16:50:24Z
2026-08-10T16:45:28Z,2026-08-10T18:45:28+0200,f717c518-05ab-43f2-aeab-072d31581934,2026-08-03T14:30:00Z,2026-08-03T16:30:00+0200,177.422,MW,DK2,DK_2,actual_offshore_wind_generation,Wind Offshore,2026-08-10T16:50:24Z
2026-08-10T16:45:28Z,2026-08-10T18:45:28+0200,f717c518-05ab-43f2-aeab-072d31581934,2026-08-03T14:45:00Z,2026-08-03T16:45:00+0200,182.819,MW,DK2,DK_2,actual_offshore_wind_generation,Wind Offshore,2026-08-10T16:50:24Z
2026-08-10T16:45:28Z,2026-08-10T18:45:28+0200,f717c518-05ab-43f2-aeab-072d31581934,2026-08-03T15:00:00Z,2026-08-03T17:00:00+0200,178.867,MW,DK2,DK_2,actual_offshore_wind_generation,Wind Offshore,2026-08-10T16:50:24Z
2026-08-10T16:45:28Z,2026-08-10T18:45:28+0200,f717c518-05ab-43f2-aeab-072d31581934,2026-08-03T15:15:00Z,2026-08-03T17:15:00+0200,192.476,MW,DK2,DK_2,actual_offshore_wind_generation,Wind Offshore,2026-08-10T16:50:24Z
2026-08-10T16:45:28Z,2026-08-10T18:45:28+0200,f717c518-05ab-43f2-aeab-072d31581934,2026-08-03T15:30:00Z,2026-08-03T17:30:00+0200,213.272,MW,DK2,DK_2,actual_offshore_wind_generation,Wind Offshore,2026-08-10T16:50:24Z
2026-08-10T16:45:28Z,2026-08-10T18:45:28+0200,f717c518-05ab-43f2-aeab-072d31581934,2026-08-03T15:45:00Z,2026-08-03T17:45:00+0200,227.073,MW,DK2,DK_2,actual_offshore_wind_generation,Wind Offshore,2026-08-10T16:50:24Z
2026-08-10T16:45:28Z,2026-08-10T18:45:28+0200,f717c518-05ab-43f2-aeab-072d31581934,2026-08-03T16:00:00Z,2026-08-03T18:00:00+0200,233.247,MW,DK2,DK_2,actual_offshore_wind_generation,Wind Offshore,2026-08-10T16:50:24Z
2026-08-10T16:45:28Z,2026-08-10T18:45:28+0200,f717c518-05ab-43f2-aeab-072d31581934,2026-08-03T16:15:00Z,2026-08-03T18:15:00+0200,234.419,MW,DK2,DK_2,actual_offshore_wind_generation,Wind Offshore,2026-08-10T16:50:24Z
2026-08-10T16:45:28Z,2026-08-10T18:45:28+0200,f717c518-05ab-43f2-aeab-072d31581934,2026-08-03T16:30:00Z,2026-08-03T18:30:00+0200,247.562,MW,DK2,DK_2,actual_offshore_wind_generation,Wind Offshore,2026-08-10T16:50:24Z
2026-08-10T16:45:28Z,2026-08-10T18:45:28+0200,f717c518-05ab-43f2-aeab-072d31581934,2026-08-03T16:45:00Z,2026-08-03T18:45:00+0200,265.608,MW,DK2,DK_2,actual_offshore_wind_generation,Wind Offshore,2026-08-10T16:50:24Z
2026-08-10T16:45:28Z,2026-08-10T18:45:28+0200,f717c518-05ab-43f2-aeab-072d31581934,2026-08-03T17:00:00Z,2026-08-03T19:00:00+0200,287.539,MW,DK2,DK_2,actual_offshore_wind_generation,Wind Offshore,2026-08-10T16:50:24Z
2026-08-10T16:45:28Z,2026-08-10T18:45:28+0200,f717c518-05ab-43f2-aeab-072d31581934,2026-08-03T17:15:00Z,2026-08-03T19:15:00+0200,299.569,MW,DK2,DK_2,actual_offshore_wind_generation,Wind Offshore,2026-08-10T16:50:24Z
2026-08-10T16:45:28Z,2026-08-10T18:45:28+0200,f717c518-05ab-43f2-aeab-072d31581934,2026-08-03T17:30:00Z,2026-08-03T19:30:00+0200,296.581,MW,DK2,DK_2,actual_offshore_wind_generation,Wind Offshore,2026-08-10T16:50:24Z
2026-08-10T16:45:28Z,2026-08-10T18:45:28+0200,f717c518-05ab-43f2-aeab-072d31581934,2026-08-03T17:45:00Z,2026-08-03T19:45:00+0200,299.37,MW,DK2,DK_2,actual_offshore_wind_generation,Wind Offshore,2026-08-10T16:50:24Z
2026-08-10T16:45:28Z,2026-08-10T18:45:28+0200,f717c518-05ab-43f2-aeab-072d31581934,2026-08-03T18:00:00Z,2026-08-03T20:00:00+0200,294.461,MW,DK2,DK_2,actual_offshore_wind_generation,Wind Offshore,2026-08-10T16:50:24Z
2026-08-10T16:45:28Z,2026-08-10T18:45:28+0200,f717c518-05ab-43f2-aeab-072d31581934,2026-08-03T18:15:00Z,2026-08-03T20:15:00+0200,310.562,MW,DK2,DK_2,actual_offshore_wind_generation,Wind Offshore,2026-08-10T16:50:24Z
2026-08-10T16:45:28Z,2026-08-10T18:45:28+0200,f717c518-05ab-43f2-aeab-072d31581934,2026-08-03T18:30:00Z,2026-08-03T20:30:00+0200,324.604,MW,DK2,DK_2,actual_offshore_wind_generation,Wind Offshore,2026-08-10T16:50:24Z
2026-08-10T16:45:28Z,2026-08-10T18:45:28+0200,f717c518-05ab-43f2-aeab-072d31581934,2026-08-03T18:45:00Z,2026-08-03T20:45:00+0200,332.775,MW,DK2,DK_2,actual_offshore_wind_generation,Wind Offshore,2026-08-10T16:50:24Z
2026-08-10T16:45:28Z,2026-08-10T18:45:28+0200,f717c518-05ab-43f2-aeab-072d31581934,2026-08-03T19:00:00Z,2026-08-03T21:00:00+0200,346.077,MW,DK2,DK_2,actual_offshore_wind_generation,Wind Offshore,2026-08-10T16:50:24Z
2026-08-10T16:45:28Z,2026-08-10T18:45:28+0200,f717c518-05ab-43f2-aeab-072d31581934,2026-08-03T19:15:00Z,2026-08-03T21:15:00+0200,355.425,MW,DK2,DK_2,actual_offshore_wind_generation,Wind Offshore,2026-08-10T16:50:24Z
2026-08-10T16:45:28Z,2026-08-10T18:45:28+0200,f717c518-05ab-43f2-aeab-072d31581934,2026-08-03T19:30:00Z,2026-08-03T21:30:00+0200,353.998,MW,DK2,DK_2,actual_offshore_wind_generation,Wind Offshore,2026-08-10T16:50:24Z
2026-08-10T16:45:28Z,2026-08-10T18:45:28+0200,f717c518-05ab-43f2-aeab-072d31581934,2026-08-03T19:45:00Z,2026-08-03T21:45:00+0200,336.016,MW,DK2,DK_2,actual_offshore_wind_generation,Wind Offshore,2026-08-10T16:50:24Z
2026-08-10T16:45:28Z,2026-08-10T18:45:28+0200,f717c518-05ab-43f2-aeab-072d31581934,2026-08-03T20:00:00Z,2026-08-03T22:00:00+0200,334.773,MW,DK2,DK_2,actual_offshore_wind_generation,Wind Offshore,2026-08-10T16:50:24Z
2026-08-10T16:45:28Z,2026-08-10T18:45:28+0200,f717c518-05ab-43f2-aeab-072d31581934,2026-08-03T20:15:00Z,2026-08-03T22:15:00+0200,319.555,MW,DK2,DK_2,actual_offshore_wind_generation,Wind Offshore,2026-08-10T16:50:24Z
2026-08-10T16:45:28Z,2026-08-10T18:45:28+0200,f717c518-05ab-43f2-aeab-072d31581934,2026-08-03T20:30:00Z,2026-08-03T22:30:00+0200,302.984,MW,DK2,DK_2,actual_offshore_wind_generation,Wind Offshore,2026-08-10T16:50:24Z
2026-08-10T16:45:28Z,2026-08-10T18:45:28+0200,f717c518-05ab-43f2-aeab-072d31581934,2026-08-03T20:45:00Z,2026-08-03T22:45:00+0200,285.144,MW,DK2,DK_2,actual_offshore_wind_generation,Wind Offshore,2026-08-10T16:50:24Z
2026-08-10T16:45:28Z,2026-08-10T18:45:28+0200,f717c518-05ab-43f2-aeab-072d31581934,2026-08-03T21:00:00Z,2026-08-03T23:00:00+0200,243.41,MW,DK2,DK_2,actual_offshore_wind_generation,Wind Offshore,2026-08-10T16:50:24Z
2026-08-10T16:45:28Z,2026-08-10T18:45:28+0200,f717c518-05ab-43f2-aeab-072d31581934,2026-08-03T21:15:00Z,2026-08-03T23:15:00+0200,217.635,MW,DK2,DK_2,actual_offshore_wind_generation,Wind Offshore,2026-08-10T16:50:24Z
2026-08-10T16:45:28Z,2026-08-10T18:45:28+0200,f717c518-05ab-43f2-aeab-072d31581934,2026-08-03T21:30:00Z,2026-08-03T23:30:00+0200,203.046,MW,DK2,DK_2,actual_offshore_wind_generation,Wind Offshore,2026-08-10T16:50:24Z
2026-08-10T16:45:28Z,2026-08-10T18:45:28+0200,f717c518-05ab-43f2-aeab-072d31581934,2026-08-03T21:45:00Z,2026-08-03T23:45:00+0200,206.407,MW,DK2,DK_2,actual_offshore_wind_generation,Wind Offshore,2026-08-10T16:50:24Z
2026-08-10T16:45:28Z,2026-08-10T18:45:28+0200,f717c518-05ab-43f2-aeab-072d31581934,2026-08-03T22:00:00Z,2026-08-04T00:00:00+0200,204.995,MW,DK2,DK_2,actual_offshore_wind_generation,Wind Offshore,2026-08-10T16:50:24Z
2026-08-10T16:45:28Z,2026-08-10T18:45:28+0200,f717c518-05ab-43f2-aeab-072d31581934,2026-08-03T22:15:00Z,2026-08-04T00:15:00+0200,211.992,MW,DK2,DK_2,actual_offshore_wind_generation,Wind Offshore,2026-08-10T16:50:24Z
2026-08-10T16:45:28Z,2026-08-10T18:45:28+0200,f717c518-05ab-43f2-aeab-072d31581934,2026-08-03T22:30:00Z,2026-08-04T00:30:00+0200,225.841,MW,DK2,DK_2,actual_offshore_wind_generation,Wind Offshore,2026-08-10T16:50:24Z
2026-08-10T16:45:28Z,2026-08-10T18:45:28+0200,f717c518-05ab-43f2-aeab-072d31581934,2026-08-03T22:45:00Z,2026-08-04T00:45:00+0200,240.425,MW,DK2,DK_2,actual_offshore_wind_generation,Wind Offshore,2026-08-10T16:50:24Z
2026-08-10T16:45:28Z,2026-08-10T18:45:28+0200,f717c518-05ab-43f2-aeab-072d31581934,2026-08-03T23:00:00Z,2026-08-04T01:00:00+0200,248.031,MW,DK2,DK_2,actual_offshore_wind_generation,Wind Offshore,2026-08-10T16:50:24Z
2026-08-10T16:45:28Z,2026-08-10T18:45:28+0200,f717c518-05ab-43f2-aeab-072d31581934,2026-08-03T23:15:00Z,2026-08-04T01:15:00+0200,266.95,MW,DK2,DK_2,actual_offshore_wind_generation,Wind Offshore,2026-08-10T16:50:24Z
2026-08-10T16:45:28Z,2026-08-10T18:45:28+0200,f717c518-05ab-43f2-aeab-072d31581934,2026-08-03T23:30:00Z,2026-08-04T01:30:00+0200,273.248,MW,DK2,DK_2,actual_offshore_wind_generation,Wind Offshore,2026-08-10T16:50:24Z
2026-08-10T16:45:28Z,2026-08-10T18:45:28+0200,f717c518-05ab-43f2-aeab-072d31581934,2026-08-03T23:45:00Z,2026-08-04T01:45:00+0200,279.508,MW,DK2,DK_2,actual_offshore_wind_generation,Wind Offshore,2026-08-10T16:50:24Z
2026-08-10T16:45:28Z,2026-08-10T18:45:28+0200,f717c518-05ab-43f2-aeab-072d31581934,2026-08-04T00:00:00Z,2026-08-04T02:00:00+0200,269.856,MW,DK2,DK_2,actual_offshore_wind_generation,Wind Offshore,2026-08-10T16:50:24Z
2026-08-10T16:45:28Z,2026-08-10T18:45:28+0200,f717c518-05ab-43f2-aeab-072d31581934,2026-08-04T00:15:00Z,2026-08-04T02:15:00+0200,284.776,MW,DK2,DK_2,actual_offshore_wind_generation,Wind Offshore,2026-08-10T16:50:24Z
2026-08-10T16:45:28Z,2026-08-10T18:45:28+0200,f717c518-05ab-43f2-aeab-072d31581934,2026-08-04T00:30:00Z,2026-08-04T02:30:00+0200,265.432,MW,DK2,DK_2,actual_offshore_wind_generation,Wind Offshore,2026-08-10T16:50:24Z
2026-08-10T16:45:28Z,2026-08-10T18:45:28+0200,f717c518-05ab-43f2-aeab-072d31581934,2026-08-04T00:45:00Z,2026-08-04T02:45:00+0200,257.078,MW,DK2,DK_2,actual_offshore_wind_generation,Wind Offshore,2026-08-10T16:50:24Z
2026-08-10T16:45:28Z,2026-08-10T18:45:28+0200,f717c518-05ab-43f2-aeab-072d31581934,2026-08-04T01:00:00Z,2026-08-04T03:00:00+0200,254.919,MW,DK2,DK_2,actual_offshore_wind_generation,Wind Offshore,2026-08-10T16:50:24Z
2026-08-10T16:45:28Z,2026-08-10T18:45:28+0200,f717c518-05ab-43f2-aeab-072d31581934,2026-08-04T01:15:00Z,2026-08-04T03:15:00+0200,283.762,MW,DK2,DK_2,actual_offshore_wind_generation,Wind Offshore,2026-08-10T16:50:24Z
2026-08-10T16:45:28Z,2026-08-10T18:45:28+0200,f717c518-05ab-43f2-aeab-072d31581934,2026-08-04T01:30:00Z,2026-08-04T03:30:00+0200,286.194,MW,DK2,DK_2,actual_offshore_wind_generation,Wind Offshore,2026-08-10T16:50:24Z
2026-08-10T16:45:28Z,2026-08-10T18:45:28+0200,f717c518-05ab-43f2-aeab-072d31581934,2026-08-04T01:45:00Z,2026-08-04T03:45:00+0200,255.174,MW,DK2,DK_2,actual_offshore_wind_generation,Wind Offshore,2026-08-10T16:50:24Z
2026-08-10T16:45:28Z,2026-08-10T18:45:28+0200,f717c518-05ab-43f2-aeab-072d31581934,2026-08-04T02:00:00Z,2026-08-04T04:00:00+0200,242.025,MW,DK2,DK_2,actual_offshore_wind_generation,Wind Offshore,2026-08-10T16:50:24Z
2026-08-10T16:45:28Z,2026-08-10T18:45:28+0200,f717c518-05ab-43f2-aeab-072d31581934,2026-08-04T02:15:00Z,2026-08-04T04:15:00+0200,224.714,MW,DK2,DK_2,actual_offshore_wind_generation,Wind Offshore,2026-08-10T16:50:24Z
2026-08-10T16:45:28Z,2026-08-10T18:45:28+0200,f717c518-05ab-43f2-aeab-072d31581934,2026-08-04T02:30:00Z,2026-08-04T04:30:00+0200,215.921,MW,DK2,DK_2,actual_offshore_wind_generation,Wind Offshore,2026-08-10T16:50:24Z
2026-08-10T16:45:28Z,2026-08-10T18:45:28+0200,f717c518-05ab-43f2-aeab-072d31581934,2026-08-04T02:45:00Z,2026-08-04T04:45:00+0200,225.101,MW,DK2,DK_2,actual_offshore_wind_generation,Wind Offshore,2026-08-10T16:50:24Z
2026-08-10T16:45:28Z,2026-08-10T18:45:28+0200,f717c518-05ab-43f2-aeab-072d31581934,2026-08-04T03:00:00Z,2026-08-04T05:00:00+0200,237.214,MW,DK2,DK_2,actual_offshore_wind_generation,Wind Offshore,2026-08-10T16:50:24Z
2026-08-10T16:45:28Z,2026-08-10T18:45:28+0200,f717c518-05ab-43f2-aeab-072d31581934,2026-08-04T03:15:00Z,2026-08-04T05:15:00+0200,271.111,MW,DK2,DK_2,actual_offshore_wind_generation,Wind Offshore,2026-08-10T16:50:24Z
2026-08-10T16:45:28Z,2026-08-10T18:45:28+0200,f717c518-05ab-43f2-aeab-072d31581934,2026-08-04T03:30:00Z,2026-08-04T05:30:00+0200,285.032,MW,DK2,DK_2,actual_offshore_wind_generation,Wind Offshore,2026-08-10T16:50:24Z
2026-08-10T16:45:28Z,2026-08-10T18:45:28+0200,f717c518-05ab-43f2-aeab-072d31581934,2026-08-04T03:45:00Z,2026-08-04T05:45:00+0200,306.523,MW,DK2,DK_2,actual_offshore_wind_generation,Wind Offshore,2026-08-10T16:50:24Z
2026-08-10T16:45:28Z,2026-08-10T18:45:28+0200,f717c518-05ab-43f2-aeab-072d31581934,2026-08-04T04:00:00Z,2026-08-04T06:00:00+0200,329.191,MW,DK2,DK_2,actual_offshore_wind_generation,Wind Offshore,2026-08-10T16:50:24Z
2026-08-10T16:45:28Z,2026-08-10T18:45:28+0200,f717c518-05ab-43f2-aeab-072d31581934,2026-08-04T04:15:00Z,2026-08-04T06:15:00+0200,373.216,MW,DK2,DK_2,actual_offshore_wind_generation,Wind Offshore,2026-08-10T16:50:24Z
2026-08-10T16:45:28Z,2026-08-10T18:45:28+0200,f717c518-05ab-43f2-aeab-072d31581934,2026-08-04T04:30:00Z,2026-08-04T06:30:00+0200,378.126,MW,DK2,DK_2,actual_offshore_wind_generation,Wind Offshore,2026-08-10T16:50:24Z
2026-08-10T16:45:28Z,2026-08-10T18:45:28+0200,f717c518-05ab-43f2-aeab-072d31581934,2026-08-04T04:45:00Z,2026-08-04T06:45:00+0200,353.954,MW,DK2,DK_2,actual_offshore_wind_generation,Wind Offshore,2026-08-10T16:50:24Z
2026-08-10T16:45:28Z,2026-08-10T18:45:28+0200,f717c518-05ab-43f2-aeab-072d31581934,2026-08-04T05:00:00Z,2026-08-04T07:00:00+0200,297.364,MW,DK2,DK_2,actual_offshore_wind_generation,Wind Offshore,2026-08-10T16:50:24Z
2026-08-10T16:45:28Z,2026-08-10T18:45:28+0200,f717c518-05ab-43f2-aeab-072d31581934,2026-08-04T05:15:00Z,2026-08-04T07:15:00+0200,292.997,MW,DK2,DK_2,actual_offshore_wind_generation,Wind Offshore,2026-08-10T16:50:24Z
2026-08-10T16:45:28Z,2026-08-10T18:45:28+0200,f717c518-05ab-43f2-aeab-072d31581934,2026-08-04T05:30:00Z,2026-08-04T07:30:00+0200,292.747,MW,DK2,DK_2,actual_offshore_wind_generation,Wind Offshore,2026-08-10T16:50:24Z
2026-08-10T16:45:28Z,2026-08-10T18:45:28+0200,f717c518-05ab-43f2-aeab-072d31581934,2026-08-04T05:45:00Z,2026-08-04T07:45:00+0200,307.561,MW,DK2,DK_2,actual_offshore_wind_generation,Wind Offshore,2026-08-10T16:50:24Z
2026-08-10T16:45:28Z,2026-08-10T18:45:28+0200,f717c518-05ab-43f2-aeab-072d31581934,2026-08-04T06:00:00Z,2026-08-04T08:00:00+0200,302.147,MW,DK2,DK_2,actual_offshore_wind_generation,Wind Offshore,2026-08-10T16:50:24Z
2026-08-10T16:45:28Z,2026-08-10T18:45:28+0200,f717c518-05ab-43f2-aeab-072d31581934,2026-08-04T06:15:00Z,2026-08-04T08:15:00+0200,276.502,MW,DK2,DK_2,actual_offshore_wind_generation,Wind Offshore,2026-08-10T16:50:24Z
2026-08-10T16:45:28Z,2026-08-10T18:45:28+0200,f717c518-05ab-43f2-aeab-072d31581934,2026-08-04T06:30:00Z,2026-08-04T08:30:00+0200,287.278,MW,DK2,DK_2,actual_offshore_wind_generation,Wind Offshore,2026-08-10T16:50:24Z
2026-08-10T16:45:28Z,2026-08-10T18:45:28+0200,f717c518-05ab-43f2-aeab-072d31581934,2026-08-04T06:45:00Z,2026-08-04T08:45:00+0200,254.184,MW,DK2,DK_2,actual_offshore_wind_generation,Wind Offshore,2026-08-10T16:50:24Z
2026-08-10T16:45:28Z,2026-08-10T18:45:28+0200,f717c518-05ab-43f2-aeab-072d31581934,2026-08-04T07:00:00Z,2026-08-04T09:00:00+0200,214.766,MW,DK2,DK_2,actual_offshore_wind_generation,Wind Offshore,2026-08-10T16:50:24Z
2026-08-10T16:45:28Z,2026-08-10T18:45:28+0200,f717c518-05ab-43f2-aeab-072d31581934,2026-08-04T07:15:00Z,2026-08-04T09:15:00+0200,204.094,MW,DK2,DK_2,actual_offshore_wind_generation,Wind Offshore,2026-08-10T16:50:24Z
2026-08-10T16:45:28Z,2026-08-10T18:45:28+0200,f717c518-05ab-43f2-aeab-072d31581934,2026-08-04T07:30:00Z,2026-08-04T09:30:00+0200,195.89,MW,DK2,DK_2,actual_offshore_wind_generation,Wind Offshore,2026-08-10T16:50:24Z
2026-08-10T16:45:28Z,2026-08-10T18:45:28+0200,f717c518-05ab-43f2-aeab-072d31581934,2026-08-04T07:45:00Z,2026-08-04T09:45:00+0200,162.658,MW,DK2,DK_2,actual_offshore_wind_generation,Wind Offshore,2026-08-10T16:50:24Z
2026-08-10T16:45:28Z,2026-08-10T18:45:28+0200,f717c518-05ab-43f2-aeab-072d31581934,2026-08-04T08:00:00Z,2026-08-04T10:00:00+0200,162.99,MW,DK2,DK_2,actual_offshore_wind_generation,Wind Offshore,2026-08-10T16:50:24Z
2026-08-10T16:45:28Z,2026-08-10T18:45:28+0200,f717c518-05ab-43f2-aeab-072d31581934,2026-08-04T08:15:00Z,2026-08-04T10:15:00+0200,185.528,MW,DK2,DK_2,actual_offshore_wind_generation,Wind Offshore,2026-08-10T16:50:24Z
2026-08-10T16:45:28Z,2026-08-10T18:45:28+0200,f717c518-05ab-43f2-aeab-072d31581934,2026-08-04T08:30:00Z,2026-08-04T10:30:00+0200,200.922,MW,DK2,DK_2,actual_offshore_wind_generation,Wind Offshore,2026-08-10T16:50:24Z
2026-08-10T16:45:28Z,2026-08-10T18:45:28+0200,f717c518-05ab-43f2-aeab-072d31581934,2026-08-04T08:45:00Z,2026-08-04T10:45:00+0200,217.468,MW,DK2,DK_2,actual_offshore_wind_generation,Wind Offshore,2026-08-10T16:50:24Z
2026-08-10T16:45:28Z,2026-08-10T18:45:28+0200,f717c518-05ab-43f2-aeab-072d31581934,2026-08-04T09:00:00Z,2026-08-04T11:00:00+0200,251.693,MW,DK2,DK_2,actual_offshore_wind_generation,Wind Offshore,2026-08-10T16:50:24Z
2026-08-10T16:45:28Z,2026-08-10T18:45:28+0200,f717c518-05ab-43f2-aeab-072d31581934,2026-08-04T09:15:00Z,2026-08-04T11:15:00+0200,287.738,MW,DK2,DK_2,actual_offshore_wind_generation,Wind Offshore,2026-08-10T16:50:24Z
2026-08-10T16:45:28Z,2026-08-10T18:45:28+0200,f717c518-05ab-43f2-aeab-072d31581934,2026-08-04T09:30:00Z,2026-08-04T11:30:00+0200,320.82,MW,DK2,DK_2,actual_offshore_wind_generation,Wind Offshore,2026-08-10T16:50:24Z
2026-08-10T16:45:28Z,2026-08-10T18:45:28+0200,f717c518-05ab-43f2-aeab-072d31581934,2026-08-04T09:45:00Z,2026-08-04T11:45:00+0200,393.129,MW,DK2,DK_2,actual_offshore_wind_generation,Wind Offshore,2026-08-10T16:50:24Z
2026-08-10T16:45:28Z,2026-08-10T18:45:28+0200,f717c518-05ab-43f2-aeab-072d31581934,2026-08-04T10:00:00Z,2026-08-04T12:00:00+0200,401.149,MW,DK2,DK_2,actual_offshore_wind_generation,Wind Offshore,2026-08-10T16:50:24Z
2026-08-10T16:45:28Z,2026-08-10T18:45:28+0200,f717c518-05ab-43f2-aeab-072d31581934,2026-08-04T10:15:00Z,2026-08-04T12:15:00+0200,360.086,MW,DK2,DK_2,actual_offshore_wind_generation,Wind Offshore,2026-08-10T16:50:24Z
2026-08-10T16:45:28Z,2026-08-10T18:45:28+0200,f717c518-05ab-43f2-aeab-072d31581934,2026-08-04T10:30:00Z,2026-08-04T12:30:00+0200,230.013,MW,DK2,DK_2,actual_offshore_wind_generation,Wind Offshore,2026-08-10T16:50:24Z
2026-08-10T16:45:28Z,2026-08-10T18:45:28+0200,f717c518-05ab-43f2-aeab-072d31581934,2026-08-04T10:45:00Z,2026-08-04T12:45:00+0200,159.631,MW,DK2,DK_2,actual_offshore_wind_generation,Wind Offshore,2026-08-10T16:50:24Z
2026-08-10T16:45:28Z,2026-08-10T18:45:28+0200,f717c518-05ab-43f2-aeab-072d31581934,2026-08-04T11:00:00Z,2026-08-04T13:00:00+0200,149.812,MW,DK2,DK_2,actual_offshore_wind_generation,Wind Offshore,2026-08-10T16:50:24Z
2026-08-10T16:45:28Z,2026-08-10T18:45:28+0200,f717c518-05ab-43f2-aeab-072d31581934,2026-08-04T11:15:00Z,2026-08-04T13:15:00+0200,151.247,MW,DK2,DK_2,actual_offshore_wind_generation,Wind Offshore,2026-08-10T16:50:24Z
2026-08-10T16:45:28Z,2026-08-10T18:45:28+0200,f717c518-05ab-43f2-aeab-072d31581934,2026-08-04T11:30:00Z,2026-08-04T13:30:00+0200,152.522,MW,DK2,DK_2,actual_offshore_wind_generation,Wind Offshore,2026-08-10T16:50:24Z
2026-08-10T16:45:28Z,2026-08-10T18:45:28+0200,f717c518-05ab-43f2-aeab-072d31581934,2026-08-04T11:45:00Z,2026-08-04T13:45:00+0200,156.889,MW,DK2,DK_2,actual_offshore_wind_generation,Wind Offshore,2026-08-10T16:50:24Z
2026-08-10T16:45:28Z,2026-08-10T18:45:28+0200,f717c518-05ab-43f2-aeab-072d31581934,2026-08-04T12:00:00Z,2026-08-04T14:00:00+0200,162.131,MW,DK2,DK_2,actual_offshore_wind_generation,Wind Offshore,2026-08-10T16:50:24Z
2026-08-10T16:45:28Z,2026-08-10T18:45:28+0200,f717c518-05ab-43f2-aeab-072d31581934,2026-08-04T12:15:00Z,2026-08-04T14:15:00+0200,160.655,MW,DK2,DK_2,actual_offshore_wind_generation,Wind Offshore,2026-08-10T16:50:24Z
2026-08-10T16:45:28Z,2026-08-10T18:45:28+0200,f717c518-05ab-43f2-aeab-072d31581934,2026-08-04T12:30:00Z,2026-08-04T14:30:00+0200,161.53,MW,DK2,DK_2,actual_offshore_wind_generation,Wind Offshore,2026-08-10T16:50:24Z
2026-08-10T16:45:28Z,2026-08-10T18:45:28+0200,f717c518-05ab-43f2-aeab-072d31581934,2026-08-04T12:45:00Z,2026-08-04T14:45:00+0200,162.171,MW,DK2,DK_2,actual_offshore_wind_generation,Wind Offshore,2026-08-10T16:50:24Z
2026-08-10T16:45:28Z,2026-08-10T18:45:28+0200,f717c518-05ab-43f2-aeab-072d31581934,2026-08-04T13:00:00Z,2026-08-04T15:00:00+0200,260.869,MW,DK2,DK_2,actual_offshore_wind_generation,Wind Offshore,2026-08-10T16:50:24Z
2026-08-10T16:45:28Z,2026-08-10T18:45:28+0200,f717c518-05ab-43f2-aeab-072d31581934,2026-08-04T13:15:00Z,2026-08-04T15:15:00+0200,315.835,MW,DK2,DK_2,actual_offshore_wind_generation,Wind Offshore,2026-08-10T16:50:24Z
2026-08-10T16:45:28Z,2026-08-10T18:45:28+0200,f717c518-05ab-43f2-aeab-072d31581934,2026-08-04T13:30:00Z,2026-08-04T15:30:00+0200,320.671,MW,DK2,DK_2,actual_offshore_wind_generation,Wind Offshore,2026-08-10T16:50:24Z
2026-08-10T16:45:28Z,2026-08-10T18:45:28+0200,f717c518-05ab-43f2-aeab-072d31581934,2026-08-04T13:45:00Z,2026-08-04T15:45:00+0200,305.125,MW,DK2,DK_2,actual_offshore_wind_generation,Wind Offshore,2026-08-10T16:50:24Z
2026-08-10T16:45:28Z,2026-08-10T18:45:28+0200,f717c518-05ab-43f2-aeab-072d31581934,2026-08-04T14:00:00Z,2026-08-04T16:00:00+0200,254.311,MW,DK2,DK_2,actual_offshore_wind_generation,Wind Offshore,2026-08-10T16:50:24Z
2026-08-10T16:45:28Z,2026-08-10T18:45:28+0200,f717c518-05ab-43f2-aeab-072d31581934,2026-08-04T14:15:00Z,2026-08-04T16:15:00+0200,250.848,MW,DK2,DK_2,actual_offshore_wind_generation,Wind Offshore,2026-08-10T16:50:24Z
2026-08-10T16:45:28Z,2026-08-10T18:45:28+0200,f717c518-05ab-43f2-aeab-072d31581934,2026-08-04T14:30:00Z,2026-08-04T16:30:00+0200,279.644,MW,DK2,DK_2,actual_offshore_wind_generation,Wind Offshore,2026-08-10T16:50:24Z
2026-08-10T16:45:28Z,2026-08-10T18:45:28+0200,f717c518-05ab-43f2-aeab-072d31581934,2026-08-04T14:45:00Z,2026-08-04T16:45:00+0200,317.988,MW,DK2,DK_2,actual_offshore_wind_generation,Wind Offshore,2026-08-10T16:50:24Z
2026-08-10T16:45:28Z,2026-08-10T18:45:28+0200,f717c518-05ab-43f2-aeab-072d31581934,2026-08-04T15:00:00Z,2026-08-04T17:00:00+0200,313.743,MW,DK2,DK_2,actual_offshore_wind_generation,Wind Offshore,2026-08-10T16:50:24Z
2026-08-10T16:45:28Z,2026-08-10T18:45:28+0200,f717c518-05ab-43f2-aeab-072d31581934,2026-08-04T15:15:00Z,2026-08-04T17:15:00+0200,308.87,MW,DK2,DK_2,actual_offshore_wind_generation,Wind Offshore,2026-08-10T16:50:24Z
2026-08-10T16:45:28Z,2026-08-10T18:45:28+0200,f717c518-05ab-43f2-aeab-072d31581934,2026-08-04T15:30:00Z,2026-08-04T17:30:00+0200,276.046,MW,DK2,DK_2,actual_offshore_wind_generation,Wind Offshore,2026-08-10T16:50:24Z
2026-08-10T16:45:28Z,2026-08-10T18:45:28+0200,f717c518-05ab-43f2-aeab-072d31581934,2026-08-04T15:45:00Z,2026-08-04T17:45:00+0200,272.053,MW,DK2,DK_2,actual_offshore_wind_generation,Wind Offshore,2026-08-10T16:50:24Z
2026-08-10T16:45:28Z,2026-08-10T18:45:28+0200,f717c518-05ab-43f2-aeab-072d31581934,2026-08-04T16:00:00Z,2026-08-04T18:00:00+0200,287.496,MW,DK2,DK_2,actual_offshore_wind_generation,Wind Offshore,2026-08-10T16:50:24Z
2026-08-10T16:45:28Z,2026-08-10T18:45:28+0200,f717c518-05ab-43f2-aeab-072d31581934,2026-08-04T16:15:00Z,2026-08-04T18:15:00+0200,298.799,MW,DK2,DK_2,actual_offshore_wind_generation,Wind Offshore,2026-08-10T16:50:24Z
2026-08-10T16:45:28Z,2026-08-10T18:45:28+0200,f717c518-05ab-43f2-aeab-072d31581934,2026-08-04T16:30:00Z,2026-08-04T18:30:00+0200,283.338,MW,DK2,DK_2,actual_offshore_wind_generation,Wind Offshore,2026-08-10T16:50:24Z
2026-08-10T16:45:28Z,2026-08-10T18:45:28+0200,f717c518-05ab-43f2-aeab-072d31581934,2026-08-04T16:45:00Z,2026-08-04T18:45:00+0200,256.013,MW,DK2,DK_2,actual_offshore_wind_generation,Wind Offshore,2026-08-10T16:50:24Z
2026-08-10T16:45:28Z,2026-08-10T18:45:28+0200,f717c518-05ab-43f2-aeab-072d31581934,2026-08-04T17:00:00Z,2026-08-04T19:00:00+0200,225.848,MW,DK2,DK_2,actual_offshore_wind_generation,Wind Offshore,2026-08-10T16:50:24Z
2026-08-10T16:45:28Z,2026-08-10T18:45:28+0200,f717c518-05ab-43f2-aeab-072d31581934,2026-08-04T17:15:00Z,2026-08-04T19:15:00+0200,189.074,MW,DK2,DK_2,actual_offshore_wind_generation,Wind Offshore,2026-08-10T16:50:24Z
2026-08-10T16:45:28Z,2026-08-10T18:45:28+0200,f717c518-05ab-43f2-aeab-072d31581934,2026-08-04T17:30:00Z,2026-08-04T19:30:00+0200,186.584,MW,DK2,DK_2,actual_offshore_wind_generation,Wind Offshore,2026-08-10T16:50:24Z
2026-08-10T16:45:28Z,2026-08-10T18:45:28+0200,f717c518-05ab-43f2-aeab-072d31581934,2026-08-04T17:45:00Z,2026-08-04T19:45:00+0200,199.197,MW,DK2,DK_2,actual_offshore_wind_generation,Wind Offshore,2026-08-10T16:50:24Z
2026-08-10T16:45:28Z,2026-08-10T18:45:28+0200,f717c518-05ab-43f2-aeab-072d31581934,2026-08-04T18:00:00Z,2026-08-04T20:00:00+0200,217.798,MW,DK2,DK_2,actual_offshore_wind_generation,Wind Offshore,2026-08-10T16:50:24Z
2026-08-10T16:45:28Z,2026-08-10T18:45:28+0200,f717c518-05ab-43f2-aeab-072d31581934,2026-08-04T18:15:00Z,2026-08-04T20:15:00+0200,238.283,MW,DK2,DK_2,actual_offshore_wind_generation,Wind Offshore,2026-08-10T16:50:24Z
2026-08-10T16:45:28Z,2026-08-10T18:45:28+0200,f717c518-05ab-43f2-aeab-072d31581934,2026-08-04T18:30:00Z,2026-08-04T20:30:00+0200,267.075,MW,DK2,DK_2,actual_offshore_wind_generation,Wind Offshore,2026-08-10T16:50:24Z
2026-08-10T16:45:28Z,2026-08-10T18:45:28+0200,f717c518-05ab-43f2-aeab-072d31581934,2026-08-04T18:45:00Z,2026-08-04T20:45:00+0200,296.518,MW,DK2,DK_2,actual_offshore_wind_generation,Wind Offshore,2026-08-10T16:50:24Z
2026-08-10T16:45:28Z,2026-08-10T18:45:28+0200,f717c518-05ab-43f2-aeab-072d31581934,2026-08-04T19:00:00Z,2026-08-04T21:00:00+0200,344.689,MW,DK2,DK_2,actual_offshore_wind_generation,Wind Offshore,2026-08-10T16:50:24Z
2026-08-10T16:45:28Z,2026-08-10T18:45:28+0200,f717c518-05ab-43f2-aeab-072d31581934,2026-08-04T19:15:00Z,2026-08-04T21:15:00+0200,362.926,MW,DK2,DK_2,actual_offshore_wind_generation,Wind Offshore,2026-08-10T16:50:24Z
2026-08-10T16:45:28Z,2026-08-10T18:45:28+0200,f717c518-05ab-43f2-aeab-072d31581934,2026-08-04T19:30:00Z,2026-08-04T21:30:00+0200,331.116,MW,DK2,DK_2,actual_offshore_wind_generation,Wind Offshore,2026-08-10T16:50:24Z
2026-08-10T16:45:28Z,2026-08-10T18:45:28+0200,f717c518-05ab-43f2-aeab-072d31581934,2026-08-04T19:45:00Z,2026-08-04T21:45:00+0200,305.699,MW,DK2,DK_2,actual_offshore_wind_generation,Wind Offshore,2026-08-10T16:50:24Z
2026-08-10T16:45:28Z,2026-08-10T18:45:28+0200,f717c518-05ab-43f2-aeab-072d31581934,2026-08-04T20:00:00Z,2026-08-04T22:00:00+0200,311.392,MW,DK2,DK_2,actual_offshore_wind_generation,Wind Offshore,2026-08-10T16:50:24Z
2026-08-10T16:45:28Z,2026-08-10T18:45:28+0200,f717c518-05ab-43f2-aeab-072d31581934,2026-08-04T20:15:00Z,2026-08-04T22:15:00+0200,307.779,MW,DK2,DK_2,actual_offshore_wind_generation,Wind Offshore,2026-08-10T16:50:24Z
2026-08-10T16:45:28Z,2026-08-10T18:45:28+0200,f717c518-05ab-43f2-aeab-072d31581934,2026-08-04T20:30:00Z,2026-08-04T22:30:00+0200,341.947,MW,DK2,DK_2,actual_offshore_wind_generation,Wind Offshore,2026-08-10T16:50:24Z
2026-08-10T16:45:28Z,2026-08-10T18:45:28+0200,f717c518-05ab-43f2-aeab-072d31581934,2026-08-04T20:45:00Z,2026-08-04T22:45:00+0200,403.166,MW,DK2,DK_2,actual_offshore_wind_generation,Wind Offshore,2026-08-10T16:50:24Z
2026-08-10T16:45:28Z,2026-08-10T18:45:28+0200,f717c518-05ab-43f2-aeab-072d31581934,2026-08-04T21:00:00Z,2026-08-04T23:00:00+0200,423.572,MW,DK2,DK_2,actual_offshore_wind_generation,Wind Offshore,2026-08-10T16:50:24Z
2026-08-10T16:45:28Z,2026-08-10T18:45:28+0200,f717c518-05ab-43f2-aeab-072d31581934,2026-08-04T21:15:00Z,2026-08-04T23:15:00+0200,422.628,MW,DK2,DK_2,actual_offshore_wind_generation,Wind Offshore,2026-08-10T16:50:24Z
2026-08-10T16:45:28Z,2026-08-10T18:45:28+0200,f717c518-05ab-43f2-aeab-072d31581934,2026-08-04T21:30:00Z,2026-08-04T23:30:00+0200,479.97,MW,DK2,DK_2,actual_offshore_wind_generation,Wind Offshore,2026-08-10T16:50:24Z
2026-08-10T16:45:28Z,2026-08-10T18:45:28+0200,f717c518-05ab-43f2-aeab-072d31581934,2026-08-04T21:45:00Z,2026-08-04T23:45:00+0200,505.28,MW,DK2,DK_2,actual_offshore_wind_generation,Wind Offshore,2026-08-10T16:50:24Z
2026-08-10T16:45:28Z,2026-08-10T18:45:28+0200,f717c518-05ab-43f2-aeab-072d31581934,2026-08-04T22:00:00Z,2026-08-05T00:00:00+0200,507.614,MW,DK2,DK_2,actual_offshore_wind_generation,Wind Offshore,2026-08-10T16:50:24Z
2026-08-10T16:45:28Z,2026-08-10T18:45:28+0200,f717c518-05ab-43f2-aeab-072d31581934,2026-08-04T22:15:00Z,2026-08-05T00:15:00+0200,496.457,MW,DK2,DK_2,actual_offshore_wind_generation,Wind Offshore,2026-08-10T16:50:24Z
2026-08-10T16:45:28Z,2026-08-10T18:45:28+0200,f717c518-05ab-43f2-aeab-072d31581934,2026-08-04T22:30:00Z,2026-08-05T00:30:00+0200,488.417,MW,DK2,DK_2,actual_offshore_wind_generation,Wind Offshore,2026-08-10T16:50:24Z
2026-08-10T16:45:28Z,2026-08-10T18:45:28+0200,f717c518-05ab-43f2-aeab-072d31581934,2026-08-04T22:45:00Z,2026-08-05T00:45:00+0200,474.757,MW,DK2,DK_2,actual_offshore_wind_generation,Wind Offshore,2026-08-10T16:50:24Z
2026-08-10T16:45:28Z,2026-08-10T18:45:28+0200,f717c518-05ab-43f2-aeab-072d31581934,2026-08-04T23:00:00Z,2026-08-05T01:00:00+0200,459.837,MW,DK2,DK_2,actual_offshore_wind_generation,Wind Offshore,2026-08-10T16:50:24Z
2026-08-10T16:45:28Z,2026-08-10T18:45:28+0200,f717c518-05ab-43f2-aeab-072d31581934,2026-08-04T23:15:00Z,2026-08-05T01:15:00+0200,444.293,MW,DK2,DK_2,actual_offshore_wind_generation,Wind Offshore,2026-08-10T16:50:24Z
2026-08-10T16:45:28Z,2026-08-10T18:45:28+0200,f717c518-05ab-43f2-aeab-072d31581934,2026-08-04T23:30:00Z,2026-08-05T01:30:00+0200,410.84,MW,DK2,DK_2,actual_offshore_wind_generation,Wind Offshore,2026-08-10T16:50:24Z
2026-08-10T16:45:28Z,2026-08-10T18:45:28+0200,f717c518-05ab-43f2-aeab-072d31581934,2026-08-04T23:45:00Z,2026-08-05T01:45:00+0200,377.67,MW,DK2,DK_2,actual_offshore_wind_generation,Wind Offshore,2026-08-10T16:50:24Z
2026-08-10T16:45:28Z,2026-08-10T18:45:28+0200,f717c518-05ab-43f2-aeab-072d31581934,2026-08-05T00:00:00Z,2026-08-05T02:00:00+0200,386.715,MW,DK2,DK_2,actual_offshore_wind_generation,Wind Offshore,2026-08-10T16:50:24Z
2026-08-10T16:45:28Z,2026-08-10T18:45:28+0200,f717c518-05ab-43f2-aeab-072d31581934,2026-08-05T00:15:00Z,2026-08-05T02:15:00+0200,390.219,MW,DK2,DK_2,actual_offshore_wind_generation,Wind Offshore,2026-08-10T16:50:24Z
2026-08-10T16:45:28Z,2026-08-10T18:45:28+0200,f717c518-05ab-43f2-aeab-072d31581934,2026-08-05T00:30:00Z,2026-08-05T02:30:00+0200,418.976,MW,DK2,DK_2,actual_offshore_wind_generation,Wind Offshore,2026-08-10T16:50:24Z
2026-08-10T16:45:28Z,2026-08-10T18:45:28+0200,f717c518-05ab-43f2-aeab-072d31581934,2026-08-05T00:45:00Z,2026-08-05T02:45:00+0200,436.551,MW,DK2,DK_2,actual_offshore_wind_generation,Wind Offshore,2026-08-10T16:50:24Z
2026-08-10T16:45:28Z,2026-08-10T18:45:28+0200,f717c518-05ab-43f2-aeab-072d31581934,2026-08-05T01:00:00Z,2026-08-05T03:00:00+0200,416.753,MW,DK2,DK_2,actual_offshore_wind_generation,Wind Offshore,2026-08-10T16:50:24Z
2026-08-10T16:45:28Z,2026-08-10T18:45:28+0200,f717c518-05ab-43f2-aeab-072d31581934,2026-08-05T01:15:00Z,2026-08-05T03:15:00+0200,402.417,MW,DK2,DK_2,actual_offshore_wind_generation,Wind Offshore,2026-08-10T16:50:24Z
2026-08-10T16:45:28Z,2026-08-10T18:45:28+0200,f717c518-05ab-43f2-aeab-072d31581934,2026-08-05T01:30:00Z,2026-08-05T03:30:00+0200,383.195,MW,DK2,DK_2,actual_offshore_wind_generation,Wind Offshore,2026-08-10T16:50:24Z
2026-08-10T16:45:28Z,2026-08-10T18:45:28+0200,f717c518-05ab-43f2-aeab-072d31581934,2026-08-05T01:45:00Z,2026-08-05T03:45:00+0200,355.326,MW,DK2,DK_2,actual_offshore_wind_generation,Wind Offshore,2026-08-10T16:50:24Z
2026-08-10T16:45:28Z,2026-08-10T18:45:28+0200,f717c518-05ab-43f2-aeab-072d31581934,2026-08-05T02:00:00Z,2026-08-05T04:00:00+0200,355.852,MW,DK2,DK_2,actual_offshore_wind_generation,Wind Offshore,2026-08-10T16:50:24Z
2026-08-10T16:45:28Z,2026-08-10T18:45:28+0200,f717c518-05ab-43f2-aeab-072d31581934,2026-08-05T02:15:00Z,2026-08-05T04:15:00+0200,320.044,MW,DK2,DK_2,actual_offshore_wind_generation,Wind Offshore,2026-08-10T16:50:24Z
2026-08-10T16:45:28Z,2026-08-10T18:45:28+0200,f717c518-05ab-43f2-aeab-072d31581934,2026-08-05T02:30:00Z,2026-08-05T04:30:00+0200,249.909,MW,DK2,DK_2,actual_offshore_wind_generation,Wind Offshore,2026-08-10T16:50:24Z
2026-08-10T16:45:28Z,2026-08-10T18:45:28+0200,f717c518-05ab-43f2-aeab-072d31581934,2026-08-05T02:45:00Z,2026-08-05T04:45:00+0200,220.645,MW,DK2,DK_2,actual_offshore_wind_generation,Wind Offshore,2026-08-10T16:50:24Z
2026-08-10T16:45:28Z,2026-08-10T18:45:28+0200,f717c518-05ab-43f2-aeab-072d31581934,2026-08-05T03:00:00Z,2026-08-05T05:00:00+0200,178.078,MW,DK2,DK_2,actual_offshore_wind_generation,Wind Offshore,2026-08-10T16:50:24Z
2026-08-10T16:45:28Z,2026-08-10T18:45:28+0200,f717c518-05ab-43f2-aeab-072d31581934,2026-08-05T03:15:00Z,2026-08-05T05:15:00+0200,149.168,MW,DK2,DK_2,actual_offshore_wind_generation,Wind Offshore,2026-08-10T16:50:24Z
2026-08-10T16:45:28Z,2026-08-10T18:45:28+0200,f717c518-05ab-43f2-aeab-072d31581934,2026-08-05T03:30:00Z,2026-08-05T05:30:00+0200,161.492,MW,DK2,DK_2,actual_offshore_wind_generation,Wind Offshore,2026-08-10T16:50:24Z
2026-08-10T16:45:28Z,2026-08-10T18:45:28+0200,f717c518-05ab-43f2-aeab-072d31581934,2026-08-05T03:45:00Z,2026-08-05T05:45:00+0200,135.162,MW,DK2,DK_2,actual_offshore_wind_generation,Wind Offshore,2026-08-10T16:50:24Z
2026-08-10T16:45:28Z,2026-08-10T18:45:28+0200,f717c518-05ab-43f2-aeab-072d31581934,2026-08-05T04:00:00Z,2026-08-05T06:00:00+0200,163.562,MW,DK2,DK_2,actual_offshore_wind_generation,Wind Offshore,2026-08-10T16:50:24Z
2026-08-10T16:45:28Z,2026-08-10T18:45:28+0200,f717c518-05ab-43f2-aeab-072d31581934,2026-08-05T04:15:00Z,2026-08-05T06:15:00+0200,141.23,MW,DK2,DK_2,actual_offshore_wind_generation,Wind Offshore,2026-08-10T16:50:24Z
2026-08-10T16:45:28Z,2026-08-10T18:45:28+0200,f717c518-05ab-43f2-aeab-072d31581934,2026-08-05T04:30:00Z,2026-08-05T06:30:00+0200,136.402,MW,DK2,DK_2,actual_offshore_wind_generation,Wind Offshore,2026-08-10T16:50:24Z
2026-08-10T16:45:28Z,2026-08-10T18:45:28+0200,f717c518-05ab-43f2-aeab-072d31581934,2026-08-05T04:45:00Z,2026-08-05T06:45:00+0200,170.05,MW,DK2,DK_2,actual_offshore_wind_generation,Wind Offshore,2026-08-10T16:50:24Z
2026-08-10T16:45:28Z,2026-08-10T18:45:28+0200,f717c518-05ab-43f2-aeab-072d31581934,2026-08-05T05:00:00Z,2026-08-05T07:00:00+0200,160.585,MW,DK2,DK_2,actual_offshore_wind_generation,Wind Offshore,2026-08-10T16:50:24Z
2026-08-10T16:45:28Z,2026-08-10T18:45:28+0200,f717c518-05ab-43f2-aeab-072d31581934,2026-08-05T05:15:00Z,2026-08-05T07:15:00+0200,149.976,MW,DK2,DK_2,actual_offshore_wind_generation,Wind Offshore,2026-08-10T16:50:24Z
2026-08-10T16:45:28Z,2026-08-10T18:45:28+0200,f717c518-05ab-43f2-aeab-072d31581934,2026-08-05T05:30:00Z,2026-08-05T07:30:00+0200,152.07,MW,DK2,DK_2,actual_offshore_wind_generation,Wind Offshore,2026-08-10T16:50:24Z
2026-08-10T16:45:28Z,2026-08-10T18:45:28+0200,f717c518-05ab-43f2-aeab-072d31581934,2026-08-05T05:45:00Z,2026-08-05T07:45:00+0200,171.592,MW,DK2,DK_2,actual_offshore_wind_generation,Wind Offshore,2026-08-10T16:50:24Z
2026-08-10T16:45:28Z,2026-08-10T18:45:28+0200,f717c518-05ab-43f2-aeab-072d31581934,2026-08-05T06:00:00Z,2026-08-05T08:00:00+0200,144.079,MW,DK2,DK_2,actual_offshore_wind_generation,Wind Offshore,2026-08-10T16:50:24Z
2026-08-10T16:45:28Z,2026-08-10T18:45:28+0200,f717c518-05ab-43f2-aeab-072d31581934,2026-08-05T06:15:00Z,2026-08-05T08:15:00+0200,111.233,MW,DK2,DK_2,actual_offshore_wind_generation,Wind Offshore,2026-08-10T16:50:24Z
2026-08-10T16:45:28Z,2026-08-10T18:45:28+0200,f717c518-05ab-43f2-aeab-072d31581934,2026-08-05T06:30:00Z,2026-08-05T08:30:00+0200,71.3377,MW,DK2,DK_2,actual_offshore_wind_generation,Wind Offshore,2026-08-10T16:50:24Z
2026-08-10T16:45:28Z,2026-08-10T18:45:28+0200,f717c518-05ab-43f2-aeab-072d31581934,2026-08-05T06:45:00Z,2026-08-05T08:45:00+0200,74.5954,MW,DK2,DK_2,actual_offshore_wind_generation,Wind Offshore,2026-08-10T16:50:24Z
2026-08-10T16:45:28Z,2026-08-10T18:45:28+0200,f717c518-05ab-43f2-aeab-072d31581934,2026-08-05T07:00:00Z,2026-08-05T09:00:00+0200,78.4998,MW,DK2,DK_2,actual_offshore_wind_generation,Wind Offshore,2026-08-10T16:50:24Z
2026-08-10T16:45:28Z,2026-08-10T18:45:28+0200,f717c518-05ab-43f2-aeab-072d31581934,2026-08-05T07:15:00Z,2026-08-05T09:15:00+0200,64.1605,MW,DK2,DK_2,actual_offshore_wind_generation,Wind Offshore,2026-08-10T16:50:24Z
2026-08-10T16:45:28Z,2026-08-10T18:45:28+0200,f717c518-05ab-43f2-aeab-072d31581934,2026-08-05T07:30:00Z,2026-08-05T09:30:00+0200,99.5389,MW,DK2,DK_2,actual_offshore_wind_generation,Wind Offshore,2026-08-10T16:50:24Z
2026-08-10T16:45:28Z,2026-08-10T18:45:28+0200,f717c518-05ab-43f2-aeab-072d31581934,2026-08-05T07:45:00Z,2026-08-05T09:45:00+0200,104.437,MW,DK2,DK_2,actual_offshore_wind_generation,Wind Offshore,2026-08-10T16:50:24Z
2026-08-10T16:45:28Z,2026-08-10T18:45:28+0200,f717c518-05ab-43f2-aeab-072d31581934,2026-08-05T08:00:00Z,2026-08-05T10:00:00+0200,81.1184,MW,DK2,DK_2,actual_offshore_wind_generation,Wind Offshore,2026-08-10T16:50:24Z
2026-08-10T16:45:28Z,2026-08-10T18:45:28+0200,f717c518-05ab-43f2-aeab-072d31581934,2026-08-05T08:15:00Z,2026-08-05T10:15:00+0200,64.0771,MW,DK2,DK_2,actual_offshore_wind_generation,Wind Offshore,2026-08-10T16:50:24Z
2026-08-10T16:45:28Z,2026-08-10T18:45:28+0200,f717c518-05ab-43f2-aeab-072d31581934,2026-08-05T08:30:00Z,2026-08-05T10:30:00+0200,77.882,MW,DK2,DK_2,actual_offshore_wind_generation,Wind Offshore,2026-08-10T16:50:24Z
2026-08-10T16:45:28Z,2026-08-10T18:45:28+0200,f717c518-05ab-43f2-aeab-072d31581934,2026-08-05T08:45:00Z,2026-08-05T10:45:00+0200,72.7414,MW,DK2,DK_2,actual_offshore_wind_generation,Wind Offshore,2026-08-10T16:50:24Z
2026-08-10T16:45:28Z,2026-08-10T18:45:28+0200,f717c518-05ab-43f2-aeab-072d31581934,2026-08-05T09:00:00Z,2026-08-05T11:00:00+0200,63.104,MW,DK2,DK_2,actual_offshore_wind_generation,Wind Offshore,2026-08-10T16:50:24Z
2026-08-10T16:45:28Z,2026-08-10T18:45:28+0200,f717c518-05ab-43f2-aeab-072d31581934,2026-08-05T09:15:00Z,2026-08-05T11:15:00+0200,70.8537,MW,DK2,DK_2,actual_offshore_wind_generation,Wind Offshore,2026-08-10T16:50:24Z
2026-08-10T16:45:28Z,2026-08-10T18:45:28+0200,f717c518-05ab-43f2-aeab-072d31581934,2026-08-05T09:30:00Z,2026-08-05T11:30:00+0200,74.8694,MW,DK2,DK_2,actual_offshore_wind_generation,Wind Offshore,2026-08-10T16:50:24Z
2026-08-10T16:45:28Z,2026-08-10T18:45:28+0200,f717c518-05ab-43f2-aeab-072d31581934,2026-08-05T09:45:00Z,2026-08-05T11:45:00+0200,89.8303,MW,DK2,DK_2,actual_offshore_wind_generation,Wind Offshore,2026-08-10T16:50:24Z
2026-08-10T16:45:28Z,2026-08-10T18:45:28+0200,f717c518-05ab-43f2-aeab-072d31581934,2026-08-05T10:00:00Z,2026-08-05T12:00:00+0200,118.029,MW,DK2,DK_2,actual_offshore_wind_generation,Wind Offshore,2026-08-10T16:50:24Z
2026-08-10T16:45:28Z,2026-08-10T18:45:28+0200,f717c518-05ab-43f2-aeab-072d31581934,2026-08-05T10:15:00Z,2026-08-05T12:15:00+0200,152.282,MW,DK2,DK_2,actual_offshore_wind_generation,Wind Offshore,2026-08-10T16:50:24Z
2026-08-10T16:45:28Z,2026-08-10T18:45:28+0200,f717c518-05ab-43f2-aeab-072d31581934,2026-08-05T10:30:00Z,2026-08-05T12:30:00+0200,196.134,MW,DK2,DK_2,actual_offshore_wind_generation,Wind Offshore,2026-08-10T16:50:24Z
2026-08-10T16:45:28Z,2026-08-10T18:45:28+0200,f717c518-05ab-43f2-aeab-072d31581934,2026-08-05T10:45:00Z,2026-08-05T12:45:00+0200,196.664,MW,DK2,DK_2,actual_offshore_wind_generation,Wind Offshore,2026-08-10T16:50:24Z
2026-08-10T16:45:28Z,2026-08-10T18:45:28+0200,f717c518-05ab-43f2-aeab-072d31581934,2026-08-05T11:00:00Z,2026-08-05T13:00:00+0200,195.426,MW,DK2,DK_2,actual_offshore_wind_generation,Wind Offshore,2026-08-10T16:50:24Z
2026-08-10T16:45:28Z,2026-08-10T18:45:28+0200,f717c518-05ab-43f2-aeab-072d31581934,2026-08-05T11:15:00Z,2026-08-05T13:15:00+0200,269.883,MW,DK2,DK_2,actual_offshore_wind_generation,Wind Offshore,2026-08-10T16:50:24Z
2026-08-10T16:45:28Z,2026-08-10T18:45:28+0200,f717c518-05ab-43f2-aeab-072d31581934,2026-08-05T11:30:00Z,2026-08-05T13:30:00+0200,358.354,MW,DK2,DK_2,actual_offshore_wind_generation,Wind Offshore,2026-08-10T16:50:24Z
2026-08-10T16:45:28Z,2026-08-10T18:45:28+0200,f717c518-05ab-43f2-aeab-072d31581934,2026-08-05T11:45:00Z,2026-08-05T13:45:00+0200,381.817,MW,DK2,DK_2,actual_offshore_wind_generation,Wind Offshore,2026-08-10T16:50:24Z
2026-08-10T16:45:28Z,2026-08-10T18:45:28+0200,f717c518-05ab-43f2-aeab-072d31581934,2026-08-05T12:00:00Z,2026-08-05T14:00:00+0200,326.508,MW,DK2,DK_2,actual_offshore_wind_generation,Wind Offshore,2026-08-10T16:50:24Z
2026-08-10T16:45:28Z,2026-08-10T18:45:28+0200,f717c518-05ab-43f2-aeab-072d31581934,2026-08-05T12:15:00Z,2026-08-05T14:15:00+0200,427.84,MW,DK2,DK_2,actual_offshore_wind_generation,Wind Offshore,2026-08-10T16:50:24Z
2026-08-10T16:45:28Z,2026-08-10T18:45:28+0200,f717c518-05ab-43f2-aeab-072d31581934,2026-08-05T12:30:00Z,2026-08-05T14:30:00+0200,454.038,MW,DK2,DK_2,actual_offshore_wind_generation,Wind Offshore,2026-08-10T16:50:24Z
2026-08-10T16:45:28Z,2026-08-10T18:45:28+0200,f717c518-05ab-43f2-aeab-072d31581934,2026-08-05T12:45:00Z,2026-08-05T14:45:00+0200,454.533,MW,DK2,DK_2,actual_offshore_wind_generation,Wind Offshore,2026-08-10T16:50:24Z
2026-08-10T16:45:28Z,2026-08-10T18:45:28+0200,f717c518-05ab-43f2-aeab-072d31581934,2026-08-05T13:00:00Z,2026-08-05T15:00:00+0200,241.31,MW,DK2,DK_2,actual_offshore_wind_generation,Wind Offshore,2026-08-10T16:50:24Z
2026-08-10T16:45:28Z,2026-08-10T18:45:28+0200,f717c518-05ab-43f2-aeab-072d31581934,2026-08-05T13:15:00Z,2026-08-05T15:15:00+0200,118.858,MW,DK2,DK_2,actual_offshore_wind_generation,Wind Offshore,2026-08-10T16:50:24Z
2026-08-10T16:45:28Z,2026-08-10T18:45:28+0200,f717c518-05ab-43f2-aeab-072d31581934,2026-08-05T13:30:00Z,2026-08-05T15:30:00+0200,105.46,MW,DK2,DK_2,actual_offshore_wind_generation,Wind Offshore,2026-08-10T16:50:24Z
2026-08-10T16:45:28Z,2026-08-10T18:45:28+0200,f717c518-05ab-43f2-aeab-072d31581934,2026-08-05T13:45:00Z,2026-08-05T15:45:00+0200,94.5412,MW,DK2,DK_2,actual_offshore_wind_generation,Wind Offshore,2026-08-10T16:50:24Z
2026-08-10T16:45:28Z,2026-08-10T18:45:28+0200,f717c518-05ab-43f2-aeab-072d31581934,2026-08-05T14:00:00Z,2026-08-05T16:00:00+0200,82.9874,MW,DK2,DK_2,actual_offshore_wind_generation,Wind Offshore,2026-08-10T16:50:24Z
2026-08-10T16:45:28Z,2026-08-10T18:45:28+0200,f717c518-05ab-43f2-aeab-072d31581934,2026-08-05T14:15:00Z,2026-08-05T16:15:00+0200,215.76,MW,DK2,DK_2,actual_offshore_wind_generation,Wind Offshore,2026-08-10T16:50:24Z
2026-08-10T16:45:28Z,2026-08-10T18:45:28+0200,f717c518-05ab-43f2-aeab-072d31581934,2026-08-05T14:30:00Z,2026-08-05T16:30:00+0200,170.889,MW,DK2,DK_2,actual_offshore_wind_generation,Wind Offshore,2026-08-10T16:50:24Z
2026-08-10T16:45:28Z,2026-08-10T18:45:28+0200,f717c518-05ab-43f2-aeab-072d31581934,2026-08-05T14:45:00Z,2026-08-05T16:45:00+0200,148.44,MW,DK2,DK_2,actual_offshore_wind_generation,Wind Offshore,2026-08-10T16:50:24Z
2026-08-10T16:45:28Z,2026-08-10T18:45:28+0200,f717c518-05ab-43f2-aeab-072d31581934,2026-08-05T15:00:00Z,2026-08-05T17:00:00+0200,116.678,MW,DK2,DK_2,actual_offshore_wind_generation,Wind Offshore,2026-08-10T16:50:24Z
2026-08-10T16:45:28Z,2026-08-10T18:45:28+0200,f717c518-05ab-43f2-aeab-072d31581934,2026-08-05T15:15:00Z,2026-08-05T17:15:00+0200,127.15,MW,DK2,DK_2,actual_offshore_wind_generation,Wind Offshore,2026-08-10T16:50:24Z
2026-08-10T16:45:28Z,2026-08-10T18:45:28+0200,f717c518-05ab-43f2-aeab-072d31581934,2026-08-05T15:30:00Z,2026-08-05T17:30:00+0200,136.289,MW,DK2,DK_2,actual_offshore_wind_generation,Wind Offshore,2026-08-10T16:50:24Z
2026-08-10T16:45:28Z,2026-08-10T18:45:28+0200,f717c518-05ab-43f2-aeab-072d31581934,2026-08-05T15:45:00Z,2026-08-05T17:45:00+0200,148.081,MW,DK2,DK_2,actual_offshore_wind_generation,Wind Offshore,2026-08-10T16:50:24Z
2026-08-10T16:45:28Z,2026-08-10T18:45:28+0200,f717c518-05ab-43f2-aeab-072d31581934,2026-08-05T16:00:00Z,2026-08-05T18:00:00+0200,184.9,MW,DK2,DK_2,actual_offshore_wind_generation,Wind Offshore,2026-08-10T16:50:24Z
2026-08-10T16:45:28Z,2026-08-10T18:45:28+0200,f717c518-05ab-43f2-aeab-072d31581934,2026-08-05T16:15:00Z,2026-08-05T18:15:00+0200,212.762,MW,DK2,DK_2,actual_offshore_wind_generation,Wind Offshore,2026-08-10T16:50:24Z
2026-08-10T16:45:28Z,2026-08-10T18:45:28+0200,f717c518-05ab-43f2-aeab-072d31581934,2026-08-05T16:30:00Z,2026-08-05T18:30:00+0200,251.398,MW,DK2,DK_2,actual_offshore_wind_generation,Wind Offshore,2026-08-10T16:50:24Z
2026-08-10T16:45:28Z,2026-08-10T18:45:28+0200,f717c518-05ab-43f2-aeab-072d31581934,2026-08-05T16:45:00Z,2026-08-05T18:45:00+0200,315.483,MW,DK2,DK_2,actual_offshore_wind_generation,Wind Offshore,2026-08-10T16:50:24Z
2026-08-10T16:45:28Z,2026-08-10T18:45:28+0200,f717c518-05ab-43f2-aeab-072d31581934,2026-08-05T17:00:00Z,2026-08-05T19:00:00+0200,394.334,MW,DK2,DK_2,actual_offshore_wind_generation,Wind Offshore,2026-08-10T16:50:24Z
2026-08-10T16:45:28Z,2026-08-10T18:45:28+0200,f717c518-05ab-43f2-aeab-072d31581934,2026-08-05T17:15:00Z,2026-08-05T19:15:00+0200,455.639,MW,DK2,DK_2,actual_offshore_wind_generation,Wind Offshore,2026-08-10T16:50:24Z
2026-08-10T16:45:28Z,2026-08-10T18:45:28+0200,f717c518-05ab-43f2-aeab-072d31581934,2026-08-05T17:30:00Z,2026-08-05T19:30:00+0200,494.467,MW,DK2,DK_2,actual_offshore_wind_generation,Wind Offshore,2026-08-10T16:50:24Z
2026-08-10T16:45:28Z,2026-08-10T18:45:28+0200,f717c518-05ab-43f2-aeab-072d31581934,2026-08-05T17:45:00Z,2026-08-05T19:45:00+0200,540.912,MW,DK2,DK_2,actual_offshore_wind_generation,Wind Offshore,2026-08-10T16:50:24Z
2026-08-10T16:45:28Z,2026-08-10T18:45:28+0200,f717c518-05ab-43f2-aeab-072d31581934,2026-08-05T18:00:00Z,2026-08-05T20:00:00+0200,527.359,MW,DK2,DK_2,actual_offshore_wind_generation,Wind Offshore,2026-08-10T16:50:24Z
2026-08-10T16:45:28Z,2026-08-10T18:45:28+0200,f717c518-05ab-43f2-aeab-072d31581934,2026-08-05T18:15:00Z,2026-08-05T20:15:00+0200,474.915,MW,DK2,DK_2,actual_offshore_wind_generation,Wind Offshore,2026-08-10T16:50:24Z
2026-08-10T16:45:28Z,2026-08-10T18:45:28+0200,f717c518-05ab-43f2-aeab-072d31581934,2026-08-05T18:30:00Z,2026-08-05T20:30:00+0200,435.209,MW,DK2,DK_2,actual_offshore_wind_generation,Wind Offshore,2026-08-10T16:50:24Z
2026-08-10T16:45:28Z,2026-08-10T18:45:28+0200,f717c518-05ab-43f2-aeab-072d31581934,2026-08-05T18:45:00Z,2026-08-05T20:45:00+0200,364.128,MW,DK2,DK_2,actual_offshore_wind_generation,Wind Offshore,2026-08-10T16:50:24Z
2026-08-10T16:45:28Z,2026-08-10T18:45:28+0200,f717c518-05ab-43f2-aeab-072d31581934,2026-08-05T19:00:00Z,2026-08-05T21:00:00+0200,273.997,MW,DK2,DK_2,actual_offshore_wind_generation,Wind Offshore,2026-08-10T16:50:24Z
2026-08-10T16:45:28Z,2026-08-10T18:45:28+0200,f717c518-05ab-43f2-aeab-072d31581934,2026-08-05T19:15:00Z,2026-08-05T21:15:00+0200,236.114,MW,DK2,DK_2,actual_offshore_wind_generation,Wind Offshore,2026-08-10T16:50:24Z
2026-08-10T16:45:28Z,2026-08-10T18:45:28+0200,f717c518-05ab-43f2-aeab-072d31581934,2026-08-05T19:30:00Z,2026-08-05T21:30:00+0200,206.73,MW,DK2,DK_2,actual_offshore_wind_generation,Wind Offshore,2026-08-10T16:50:24Z
2026-08-10T16:45:28Z,2026-08-10T18:45:28+0200,f717c518-05ab-43f2-aeab-072d31581934,2026-08-05T19:45:00Z,2026-08-05T21:45:00+0200,177.246,MW,DK2,DK_2,actual_offshore_wind_generation,Wind Offshore,2026-08-10T16:50:24Z
2026-08-10T16:45:28Z,2026-08-10T18:45:28+0200,f717c518-05ab-43f2-aeab-072d31581934,2026-08-05T20:00:00Z,2026-08-05T22:00:00+0200,170.444,MW,DK2,DK_2,actual_offshore_wind_generation,Wind Offshore,2026-08-10T16:50:24Z
2026-08-10T16:45:28Z,2026-08-10T18:45:28+0200,f717c518-05ab-43f2-aeab-072d31581934,2026-08-05T20:15:00Z,2026-08-05T22:15:00+0200,166.953,MW,DK2,DK_2,actual_offshore_wind_generation,Wind Offshore,2026-08-10T16:50:24Z
2026-08-10T16:45:28Z,2026-08-10T18:45:28+0200,f717c518-05ab-43f2-aeab-072d31581934,2026-08-05T20:30:00Z,2026-08-05T22:30:00+0200,135.005,MW,DK2,DK_2,actual_offshore_wind_generation,Wind Offshore,2026-08-10T16:50:24Z
2026-08-10T16:45:28Z,2026-08-10T18:45:28+0200,f717c518-05ab-43f2-aeab-072d31581934,2026-08-05T20:45:00Z,2026-08-05T22:45:00+0200,103.562,MW,DK2,DK_2,actual_offshore_wind_generation,Wind Offshore,2026-08-10T16:50:24Z
2026-08-10T16:45:28Z,2026-08-10T18:45:28+0200,f717c518-05ab-43f2-aeab-072d31581934,2026-08-05T21:00:00Z,2026-08-05T23:00:00+0200,118.329,MW,DK2,DK_2,actual_offshore_wind_generation,Wind Offshore,2026-08-10T16:50:24Z
2026-08-10T16:45:28Z,2026-08-10T18:45:28+0200,f717c518-05ab-43f2-aeab-072d31581934,2026-08-05T21:15:00Z,2026-08-05T23:15:00+0200,121.939,MW,DK2,DK_2,actual_offshore_wind_generation,Wind Offshore,2026-08-10T16:50:24Z
2026-08-10T16:45:28Z,2026-08-10T18:45:28+0200,f717c518-05ab-43f2-aeab-072d31581934,2026-08-05T21:30:00Z,2026-08-05T23:30:00+0200,131.543,MW,DK2,DK_2,actual_offshore_wind_generation,Wind Offshore,2026-08-10T16:50:24Z
2026-08-10T16:45:28Z,2026-08-10T18:45:28+0200,f717c518-05ab-43f2-aeab-072d31581934,2026-08-05T21:45:00Z,2026-08-05T23:45:00+0200,144.969,MW,DK2,DK_2,actual_offshore_wind_generation,Wind Offshore,2026-08-10T16:50:24Z
2026-08-10T16:45:28Z,2026-08-10T18:45:28+0200,f717c518-05ab-43f2-aeab-072d31581934,2026-08-05T22:00:00Z,2026-08-06T00:00:00+0200,137.908,MW,DK2,DK_2,actual_offshore_wind_generation,Wind Offshore,2026-08-10T16:50:24Z
2026-08-10T16:45:28Z,2026-08-10T18:45:28+0200,f717c518-05ab-43f2-aeab-072d31581934,2026-08-05T22:15:00Z,2026-08-06T00:15:00+0200,139.748,MW,DK2,DK_2,actual_offshore_wind_generation,Wind Offshore,2026-08-10T16:50:24Z
2026-08-10T16:45:28Z,2026-08-10T18:45:28+0200,f717c518-05ab-43f2-aeab-072d31581934,2026-08-05T22:30:00Z,2026-08-06T00:30:00+0200,126.713,MW,DK2,DK_2,actual_offshore_wind_generation,Wind Offshore,2026-08-10T16:50:24Z
2026-08-10T16:45:28Z,2026-08-10T18:45:28+0200,f717c518-05ab-43f2-aeab-072d31581934,2026-08-05T22:45:00Z,2026-08-06T00:45:00+0200,117.586,MW,DK2,DK_2,actual_offshore_wind_generation,Wind Offshore,2026-08-10T16:50:24Z
2026-08-10T16:45:28Z,2026-08-10T18:45:28+0200,f717c518-05ab-43f2-aeab-072d31581934,2026-08-05T23:00:00Z,2026-08-06T01:00:00+0200,140.029,MW,DK2,DK_2,actual_offshore_wind_generation,Wind Offshore,2026-08-10T16:50:24Z
2026-08-10T16:45:28Z,2026-08-10T18:45:28+0200,f717c518-05ab-43f2-aeab-072d31581934,2026-08-05T23:15:00Z,2026-08-06T01:15:00+0200,134.633,MW,DK2,DK_2,actual_offshore_wind_generation,Wind Offshore,2026-08-10T16:50:24Z
2026-08-10T16:45:28Z,2026-08-10T18:45:28+0200,f717c518-05ab-43f2-aeab-072d31581934,2026-08-05T23:30:00Z,2026-08-06T01:30:00+0200,124.017,MW,DK2,DK_2,actual_offshore_wind_generation,Wind Offshore,2026-08-10T16:50:24Z
2026-08-10T16:45:28Z,2026-08-10T18:45:28+0200,f717c518-05ab-43f2-aeab-072d31581934,2026-08-05T23:45:00Z,2026-08-06T01:45:00+0200,131.86,MW,DK2,DK_2,actual_offshore_wind_generation,Wind Offshore,2026-08-10T16:50:24Z
2026-08-10T16:45:28Z,2026-08-10T18:45:28+0200,f717c518-05ab-43f2-aeab-072d31581934,2026-08-06T00:00:00Z,2026-08-06T02:00:00+0200,124.975,MW,DK2,DK_2,actual_offshore_wind_generation,Wind Offshore,2026-08-10T16:50:24Z
2026-08-10T16:45:28Z,2026-08-10T18:45:28+0200,f717c518-05ab-43f2-aeab-072d31581934,2026-08-06T00:15:00Z,2026-08-06T02:15:00+0200,130.001,MW,DK2,DK_2,actual_offshore_wind_generation,Wind Offshore,2026-08-10T16:50:24Z
2026-08-10T16:45:28Z,2026-08-10T18:45:28+0200,f717c518-05ab-43f2-aeab-072d31581934,2026-08-06T00:30:00Z,2026-08-06T02:30:00+0200,129.697,MW,DK2,DK_2,actual_offshore_wind_generation,Wind Offshore,2026-08-10T16:50:24Z
2026-08-10T16:45:28Z,2026-08-10T18:45:28+0200,f717c518-05ab-43f2-aeab-072d31581934,2026-08-06T00:45:00Z,2026-08-06T02:45:00+0200,143.858,MW,DK2,DK_2,actual_offshore_wind_generation,Wind Offshore,2026-08-10T16:50:24Z
2026-08-10T16:45:28Z,2026-08-10T18:45:28+0200,f717c518-05ab-43f2-aeab-072d31581934,2026-08-06T01:00:00Z,2026-08-06T03:00:00+0200,177.665,MW,DK2,DK_2,actual_offshore_wind_generation,Wind Offshore,2026-08-10T16:50:24Z
2026-08-10T16:45:28Z,2026-08-10T18:45:28+0200,f717c518-05ab-43f2-aeab-072d31581934,2026-08-06T01:15:00Z,2026-08-06T03:15:00+0200,208.889,MW,DK2,DK_2,actual_offshore_wind_generation,Wind Offshore,2026-08-10T16:50:24Z
2026-08-10T16:45:28Z,2026-08-10T18:45:28+0200,f717c518-05ab-43f2-aeab-072d31581934,2026-08-06T01:30:00Z,2026-08-06T03:30:00+0200,242.086,MW,DK2,DK_2,actual_offshore_wind_generation,Wind Offshore,2026-08-10T16:50:24Z
2026-08-10T16:45:28Z,2026-08-10T18:45:28+0200,f717c518-05ab-43f2-aeab-072d31581934,2026-08-06T01:45:00Z,2026-08-06T03:45:00+0200,252.991,MW,DK2,DK_2,actual_offshore_wind_generation,Wind Offshore,2026-08-10T16:50:24Z
2026-08-10T16:45:28Z,2026-08-10T18:45:28+0200,f717c518-05ab-43f2-aeab-072d31581934,2026-08-06T02:00:00Z,2026-08-06T04:00:00+0200,243.094,MW,DK2,DK_2,actual_offshore_wind_generation,Wind Offshore,2026-08-10T16:50:24Z
2026-08-10T16:45:28Z,2026-08-10T18:45:28+0200,f717c518-05ab-43f2-aeab-072d31581934,2026-08-06T02:15:00Z,2026-08-06T04:15:00+0200,238.086,MW,DK2,DK_2,actual_offshore_wind_generation,Wind Offshore,2026-08-10T16:50:24Z
2026-08-10T16:45:28Z,2026-08-10T18:45:28+0200,f717c518-05ab-43f2-aeab-072d31581934,2026-08-06T02:30:00Z,2026-08-06T04:30:00+0200,230.867,MW,DK2,DK_2,actual_offshore_wind_generation,Wind Offshore,2026-08-10T16:50:24Z
2026-08-10T16:45:28Z,2026-08-10T18:45:28+0200,f717c518-05ab-43f2-aeab-072d31581934,2026-08-06T02:45:00Z,2026-08-06T04:45:00+0200,200.861,MW,DK2,DK_2,actual_offshore_wind_generation,Wind Offshore,2026-08-10T16:50:24Z
2026-08-10T16:45:28Z,2026-08-10T18:45:28+0200,f717c518-05ab-43f2-aeab-072d31581934,2026-08-06T03:00:00Z,2026-08-06T05:00:00+0200,192.202,MW,DK2,DK_2,actual_offshore_wind_generation,Wind Offshore,2026-08-10T16:50:24Z
2026-08-10T16:45:28Z,2026-08-10T18:45:28+0200,f717c518-05ab-43f2-aeab-072d31581934,2026-08-06T03:15:00Z,2026-08-06T05:15:00+0200,180.245,MW,DK2,DK_2,actual_offshore_wind_generation,Wind Offshore,2026-08-10T16:50:24Z
2026-08-10T16:45:28Z,2026-08-10T18:45:28+0200,f717c518-05ab-43f2-aeab-072d31581934,2026-08-06T03:30:00Z,2026-08-06T05:30:00+0200,155.901,MW,DK2,DK_2,actual_offshore_wind_generation,Wind Offshore,2026-08-10T16:50:24Z
2026-08-10T16:45:28Z,2026-08-10T18:45:28+0200,f717c518-05ab-43f2-aeab-072d31581934,2026-08-06T03:45:00Z,2026-08-06T05:45:00+0200,136.417,MW,DK2,DK_2,actual_offshore_wind_generation,Wind Offshore,2026-08-10T16:50:24Z
2026-08-10T16:45:28Z,2026-08-10T18:45:28+0200,f717c518-05ab-43f2-aeab-072d31581934,2026-08-06T04:00:00Z,2026-08-06T06:00:00+0200,132.249,MW,DK2,DK_2,actual_offshore_wind_generation,Wind Offshore,2026-08-10T16:50:24Z
2026-08-10T16:45:28Z,2026-08-10T18:45:28+0200,f717c518-05ab-43f2-aeab-072d31581934,2026-08-06T04:15:00Z,2026-08-06T06:15:00+0200,127.397,MW,DK2,DK_2,actual_offshore_wind_generation,Wind Offshore,2026-08-10T16:50:24Z
2026-08-10T16:45:28Z,2026-08-10T18:45:28+0200,f717c518-05ab-43f2-aeab-072d31581934,2026-08-06T04:30:00Z,2026-08-06T06:30:00+0200,145.402,MW,DK2,DK_2,actual_offshore_wind_generation,Wind Offshore,2026-08-10T16:50:24Z
2026-08-10T16:45:28Z,2026-08-10T18:45:28+0200,f717c518-05ab-43f2-aeab-072d31581934,2026-08-06T04:45:00Z,2026-08-06T06:45:00+0200,155.749,MW,DK2,DK_2,actual_offshore_wind_generation,Wind Offshore,2026-08-10T16:50:24Z
2026-08-10T16:45:28Z,2026-08-10T18:45:28+0200,f717c518-05ab-43f2-aeab-072d31581934,2026-08-06T05:00:00Z,2026-08-06T07:00:00+0200,164.576,MW,DK2,DK_2,actual_offshore_wind_generation,Wind Offshore,2026-08-10T16:50:24Z
2026-08-10T16:45:28Z,2026-08-10T18:45:28+0200,f717c518-05ab-43f2-aeab-072d31581934,2026-08-06T05:15:00Z,2026-08-06T07:15:00+0200,183.411,MW,DK2,DK_2,actual_offshore_wind_generation,Wind Offshore,2026-08-10T16:50:24Z
2026-08-10T16:45:28Z,2026-08-10T18:45:28+0200,f717c518-05ab-43f2-aeab-072d31581934,2026-08-06T05:30:00Z,2026-08-06T07:30:00+0200,231.701,MW,DK2,DK_2,actual_offshore_wind_generation,Wind Offshore,2026-08-10T16:50:24Z
2026-08-10T16:45:28Z,2026-08-10T18:45:28+0200,f717c518-05ab-43f2-aeab-072d31581934,2026-08-06T05:45:00Z,2026-08-06T07:45:00+0200,254.528,MW,DK2,DK_2,actual_offshore_wind_generation,Wind Offshore,2026-08-10T16:50:24Z
2026-08-10T16:45:28Z,2026-08-10T18:45:28+0200,f717c518-05ab-43f2-aeab-072d31581934,2026-08-06T06:00:00Z,2026-08-06T08:00:00+0200,247.06,MW,DK2,DK_2,actual_offshore_wind_generation,Wind Offshore,2026-08-10T16:50:24Z
2026-08-10T16:45:28Z,2026-08-10T18:45:28+0200,f717c518-05ab-43f2-aeab-072d31581934,2026-08-06T06:15:00Z,2026-08-06T08:15:00+0200,223.906,MW,DK2,DK_2,actual_offshore_wind_generation,Wind Offshore,2026-08-10T16:50:24Z
2026-08-10T16:45:28Z,2026-08-10T18:45:28+0200,f717c518-05ab-43f2-aeab-072d31581934,2026-08-06T06:30:00Z,2026-08-06T08:30:00+0200,213.692,MW,DK2,DK_2,actual_offshore_wind_generation,Wind Offshore,2026-08-10T16:50:24Z
2026-08-10T16:45:28Z,2026-08-10T18:45:28+0200,f717c518-05ab-43f2-aeab-072d31581934,2026-08-06T06:45:00Z,2026-08-06T08:45:00+0200,219.134,MW,DK2,DK_2,actual_offshore_wind_generation,Wind Offshore,2026-08-10T16:50:24Z
2026-08-10T16:45:28Z,2026-08-10T18:45:28+0200,f717c518-05ab-43f2-aeab-072d31581934,2026-08-06T07:00:00Z,2026-08-06T09:00:00+0200,250.137,MW,DK2,DK_2,actual_offshore_wind_generation,Wind Offshore,2026-08-10T16:50:24Z
2026-08-10T16:45:28Z,2026-08-10T18:45:28+0200,f717c518-05ab-43f2-aeab-072d31581934,2026-08-06T07:15:00Z,2026-08-06T09:15:00+0200,289.083,MW,DK2,DK_2,actual_offshore_wind_generation,Wind Offshore,2026-08-10T16:50:24Z
2026-08-10T16:45:28Z,2026-08-10T18:45:28+0200,f717c518-05ab-43f2-aeab-072d31581934,2026-08-06T07:30:00Z,2026-08-06T09:30:00+0200,337.621,MW,DK2,DK_2,actual_offshore_wind_generation,Wind Offshore,2026-08-10T16:50:24Z
2026-08-10T16:45:28Z,2026-08-10T18:45:28+0200,f717c518-05ab-43f2-aeab-072d31581934,2026-08-06T07:45:00Z,2026-08-06T09:45:00+0200,347.262,MW,DK2,DK_2,actual_offshore_wind_generation,Wind Offshore,2026-08-10T16:50:24Z
2026-08-10T16:45:28Z,2026-08-10T18:45:28+0200,f717c518-05ab-43f2-aeab-072d31581934,2026-08-06T08:00:00Z,2026-08-06T10:00:00+0200,384.734,MW,DK2,DK_2,actual_offshore_wind_generation,Wind Offshore,2026-08-10T16:50:24Z
2026-08-10T16:45:28Z,2026-08-10T18:45:28+0200,f717c518-05ab-43f2-aeab-072d31581934,2026-08-06T08:15:00Z,2026-08-06T10:15:00+0200,445.705,MW,DK2,DK_2,actual_offshore_wind_generation,Wind Offshore,2026-08-10T16:50:24Z
2026-08-10T16:45:28Z,2026-08-10T18:45:28+0200,f717c518-05ab-43f2-aeab-072d31581934,2026-08-06T08:30:00Z,2026-08-06T10:30:00+0200,469.263,MW,DK2,DK_2,actual_offshore_wind_generation,Wind Offshore,2026-08-10T16:50:24Z
2026-08-10T16:45:28Z,2026-08-10T18:45:28+0200,f717c518-05ab-43f2-aeab-072d31581934,2026-08-06T08:45:00Z,2026-08-06T10:45:00+0200,481.222,MW,DK2,DK_2,actual_offshore_wind_generation,Wind Offshore,2026-08-10T16:50:24Z
2026-08-10T16:45:28Z,2026-08-10T18:45:28+0200,f717c518-05ab-43f2-aeab-072d31581934,2026-08-06T09:00:00Z,2026-08-06T11:00:00+0200,305.227,MW,DK2,DK_2,actual_offshore_wind_generation,Wind Offshore,2026-08-10T16:50:24Z
2026-08-10T16:45:28Z,2026-08-10T18:45:28+0200,f717c518-05ab-43f2-aeab-072d31581934,2026-08-06T09:15:00Z,2026-08-06T11:15:00+0200,252.616,MW,DK2,DK_2,actual_offshore_wind_generation,Wind Offshore,2026-08-10T16:50:24Z
2026-08-10T16:45:28Z,2026-08-10T18:45:28+0200,f717c518-05ab-43f2-aeab-072d31581934,2026-08-06T09:30:00Z,2026-08-06T11:30:00+0200,310.424,MW,DK2,DK_2,actual_offshore_wind_generation,Wind Offshore,2026-08-10T16:50:24Z
2026-08-10T16:45:28Z,2026-08-10T18:45:28+0200,f717c518-05ab-43f2-aeab-072d31581934,2026-08-06T09:45:00Z,2026-08-06T11:45:00+0200,263.263,MW,DK2,DK_2,actual_offshore_wind_generation,Wind Offshore,2026-08-10T16:50:24Z
2026-08-10T16:45:28Z,2026-08-10T18:45:28+0200,f717c518-05ab-43f2-aeab-072d31581934,2026-08-06T10:00:00Z,2026-08-06T12:00:00+0200,280.385,MW,DK2,DK_2,actual_offshore_wind_generation,Wind Offshore,2026-08-10T16:50:24Z
2026-08-10T16:45:28Z,2026-08-10T18:45:28+0200,f717c518-05ab-43f2-aeab-072d31581934,2026-08-06T10:15:00Z,2026-08-06T12:15:00+0200,203.787,MW,DK2,DK_2,actual_offshore_wind_generation,Wind Offshore,2026-08-10T16:50:24Z
2026-08-10T16:45:28Z,2026-08-10T18:45:28+0200,f717c518-05ab-43f2-aeab-072d31581934,2026-08-06T10:30:00Z,2026-08-06T12:30:00+0200,181.083,MW,DK2,DK_2,actual_offshore_wind_generation,Wind Offshore,2026-08-10T16:50:24Z
2026-08-10T16:45:28Z,2026-08-10T18:45:28+0200,f717c518-05ab-43f2-aeab-072d31581934,2026-08-06T10:45:00Z,2026-08-06T12:45:00+0200,186.376,MW,DK2,DK_2,actual_offshore_wind_generation,Wind Offshore,2026-08-10T16:50:24Z
2026-08-10T16:45:28Z,2026-08-10T18:45:28+0200,f717c518-05ab-43f2-aeab-072d31581934,2026-08-06T11:00:00Z,2026-08-06T13:00:00+0200,233.216,MW,DK2,DK_2,actual_offshore_wind_generation,Wind Offshore,2026-08-10T16:50:24Z
2026-08-10T16:45:28Z,2026-08-10T18:45:28+0200,f717c518-05ab-43f2-aeab-072d31581934,2026-08-06T11:15:00Z,2026-08-06T13:15:00+0200,262.272,MW,DK2,DK_2,actual_offshore_wind_generation,Wind Offshore,2026-08-10T16:50:24Z
2026-08-10T16:45:28Z,2026-08-10T18:45:28+0200,f717c518-05ab-43f2-aeab-072d31581934,2026-08-06T11:30:00Z,2026-08-06T13:30:00+0200,255.898,MW,DK2,DK_2,actual_offshore_wind_generation,Wind Offshore,2026-08-10T16:50:24Z
2026-08-10T16:45:28Z,2026-08-10T18:45:28+0200,f717c518-05ab-43f2-aeab-072d31581934,2026-08-06T11:45:00Z,2026-08-06T13:45:00+0200,224.258,MW,DK2,DK_2,actual_offshore_wind_generation,Wind Offshore,2026-08-10T16:50:24Z
2026-08-10T16:45:28Z,2026-08-10T18:45:28+0200,f717c518-05ab-43f2-aeab-072d31581934,2026-08-06T12:00:00Z,2026-08-06T14:00:00+0200,194.574,MW,DK2,DK_2,actual_offshore_wind_generation,Wind Offshore,2026-08-10T16:50:24Z
2026-08-10T16:45:28Z,2026-08-10T18:45:28+0200,f717c518-05ab-43f2-aeab-072d31581934,2026-08-06T12:15:00Z,2026-08-06T14:15:00+0200,188.159,MW,DK2,DK_2,actual_offshore_wind_generation,Wind Offshore,2026-08-10T16:50:24Z
2026-08-10T16:45:28Z,2026-08-10T18:45:28+0200,f717c518-05ab-43f2-aeab-072d31581934,2026-08-06T12:30:00Z,2026-08-06T14:30:00+0200,192.786,MW,DK2,DK_2,actual_offshore_wind_generation,Wind Offshore,2026-08-10T16:50:24Z
2026-08-10T16:45:28Z,2026-08-10T18:45:28+0200,f717c518-05ab-43f2-aeab-072d31581934,2026-08-06T12:45:00Z,2026-08-06T14:45:00+0200,232.755,MW,DK2,DK_2,actual_offshore_wind_generation,Wind Offshore,2026-08-10T16:50:24Z
2026-08-10T16:45:28Z,2026-08-10T18:45:28+0200,f717c518-05ab-43f2-aeab-072d31581934,2026-08-06T13:00:00Z,2026-08-06T15:00:00+0200,249.684,MW,DK2,DK_2,actual_offshore_wind_generation,Wind Offshore,2026-08-10T16:50:24Z
2026-08-10T16:45:28Z,2026-08-10T18:45:28+0200,f717c518-05ab-43f2-aeab-072d31581934,2026-08-06T13:15:00Z,2026-08-06T15:15:00+0200,260.296,MW,DK2,DK_2,actual_offshore_wind_generation,Wind Offshore,2026-08-10T16:50:24Z
2026-08-10T16:45:28Z,2026-08-10T18:45:28+0200,f717c518-05ab-43f2-aeab-072d31581934,2026-08-06T13:30:00Z,2026-08-06T15:30:00+0200,285.559,MW,DK2,DK_2,actual_offshore_wind_generation,Wind Offshore,2026-08-10T16:50:24Z
2026-08-10T16:45:28Z,2026-08-10T18:45:28+0200,f717c518-05ab-43f2-aeab-072d31581934,2026-08-06T13:45:00Z,2026-08-06T15:45:00+0200,300.712,MW,DK2,DK_2,actual_offshore_wind_generation,Wind Offshore,2026-08-10T16:50:24Z
2026-08-10T16:45:28Z,2026-08-10T18:45:28+0200,f717c518-05ab-43f2-aeab-072d31581934,2026-08-06T14:00:00Z,2026-08-06T16:00:00+0200,311.045,MW,DK2,DK_2,actual_offshore_wind_generation,Wind Offshore,2026-08-10T16:50:24Z
2026-08-10T16:45:28Z,2026-08-10T18:45:28+0200,f717c518-05ab-43f2-aeab-072d31581934,2026-08-06T14:15:00Z,2026-08-06T16:15:00+0200,322.254,MW,DK2,DK_2,actual_offshore_wind_generation,Wind Offshore,2026-08-10T16:50:24Z
2026-08-10T16:45:28Z,2026-08-10T18:45:28+0200,f717c518-05ab-43f2-aeab-072d31581934,2026-08-06T14:30:00Z,2026-08-06T16:30:00+0200,324.777,MW,DK2,DK_2,actual_offshore_wind_generation,Wind Offshore,2026-08-10T16:50:24Z
2026-08-10T16:45:28Z,2026-08-10T18:45:28+0200,f717c518-05ab-43f2-aeab-072d31581934,2026-08-06T14:45:00Z,2026-08-06T16:45:00+0200,482.869,MW,DK2,DK_2,actual_offshore_wind_generation,Wind Offshore,2026-08-10T16:50:24Z
2026-08-10T16:45:28Z,2026-08-10T18:45:28+0200,f717c518-05ab-43f2-aeab-072d31581934,2026-08-06T15:00:00Z,2026-08-06T17:00:00+0200,518.128,MW,DK2,DK_2,actual_offshore_wind_generation,Wind Offshore,2026-08-10T16:50:24Z
2026-08-10T16:45:28Z,2026-08-10T18:45:28+0200,f717c518-05ab-43f2-aeab-072d31581934,2026-08-06T15:15:00Z,2026-08-06T17:15:00+0200,786.244,MW,DK2,DK_2,actual_offshore_wind_generation,Wind Offshore,2026-08-10T16:50:24Z
2026-08-10T16:45:28Z,2026-08-10T18:45:28+0200,f717c518-05ab-43f2-aeab-072d31581934,2026-08-06T15:30:00Z,2026-08-06T17:30:00+0200,915.831,MW,DK2,DK_2,actual_offshore_wind_generation,Wind Offshore,2026-08-10T16:50:24Z
2026-08-10T16:45:28Z,2026-08-10T18:45:28+0200,f717c518-05ab-43f2-aeab-072d31581934,2026-08-06T15:45:00Z,2026-08-06T17:45:00+0200,920.156,MW,DK2,DK_2,actual_offshore_wind_generation,Wind Offshore,2026-08-10T16:50:24Z
2026-08-10T16:45:28Z,2026-08-10T18:45:28+0200,f717c518-05ab-43f2-aeab-072d31581934,2026-08-06T16:00:00Z,2026-08-06T18:00:00+0200,930.402,MW,DK2,DK_2,actual_offshore_wind_generation,Wind Offshore,2026-08-10T16:50:24Z
2026-08-10T16:45:28Z,2026-08-10T18:45:28+0200,f717c518-05ab-43f2-aeab-072d31581934,2026-08-06T16:15:00Z,2026-08-06T18:15:00+0200,928.12,MW,DK2,DK_2,actual_offshore_wind_generation,Wind Offshore,2026-08-10T16:50:24Z
2026-08-10T16:45:28Z,2026-08-10T18:45:28+0200,f717c518-05ab-43f2-aeab-072d31581934,2026-08-06T16:30:00Z,2026-08-06T18:30:00+0200,906.883,MW,DK2,DK_2,actual_offshore_wind_generation,Wind Offshore,2026-08-10T16:50:24Z
2026-08-10T16:45:28Z,2026-08-10T18:45:28+0200,f717c518-05ab-43f2-aeab-072d31581934,2026-08-06T16:45:00Z,2026-08-06T18:45:00+0200,879.645,MW,DK2,DK_2,actual_offshore_wind_generation,Wind Offshore,2026-08-10T16:50:24Z
2026-08-10T16:45:28Z,2026-08-10T18:45:28+0200,f717c518-05ab-43f2-aeab-072d31581934,2026-08-06T17:00:00Z,2026-08-06T19:00:00+0200,935.763,MW,DK2,DK_2,actual_offshore_wind_generation,Wind Offshore,2026-08-10T16:50:24Z
2026-08-10T16:45:28Z,2026-08-10T18:45:28+0200,f717c518-05ab-43f2-aeab-072d31581934,2026-08-06T17:15:00Z,2026-08-06T19:15:00+0200,932.207,MW,DK2,DK_2,actual_offshore_wind_generation,Wind Offshore,2026-08-10T16:50:24Z
2026-08-10T16:45:28Z,2026-08-10T18:45:28+0200,f717c518-05ab-43f2-aeab-072d31581934,2026-08-06T17:30:00Z,2026-08-06T19:30:00+0200,921.453,MW,DK2,DK_2,actual_offshore_wind_generation,Wind Offshore,2026-08-10T16:50:24Z
2026-08-10T16:45:28Z,2026-08-10T18:45:28+0200,f717c518-05ab-43f2-aeab-072d31581934,2026-08-06T17:45:00Z,2026-08-06T19:45:00+0200,917.034,MW,DK2,DK_2,actual_offshore_wind_generation,Wind Offshore,2026-08-10T16:50:24Z
2026-08-10T16:45:28Z,2026-08-10T18:45:28+0200,f717c518-05ab-43f2-aeab-072d31581934,2026-08-06T18:00:00Z,2026-08-06T20:00:00+0200,916.738,MW,DK2,DK_2,actual_offshore_wind_generation,Wind Offshore,2026-08-10T16:50:24Z
2026-08-10T16:45:28Z,2026-08-10T18:45:28+0200,f717c518-05ab-43f2-aeab-072d31581934,2026-08-06T18:15:00Z,2026-08-06T20:15:00+0200,921.226,MW,DK2,DK_2,actual_offshore_wind_generation,Wind Offshore,2026-08-10T16:50:24Z
2026-08-10T16:45:28Z,2026-08-10T18:45:28+0200,f717c518-05ab-43f2-aeab-072d31581934,2026-08-06T18:30:00Z,2026-08-06T20:30:00+0200,937.549,MW,DK2,DK_2,actual_offshore_wind_generation,Wind Offshore,2026-08-10T16:50:24Z
2026-08-10T16:45:28Z,2026-08-10T18:45:28+0200,f717c518-05ab-43f2-aeab-072d31581934,2026-08-06T18:45:00Z,2026-08-06T20:45:00+0200,919.386,MW,DK2,DK_2,actual_offshore_wind_generation,Wind Offshore,2026-08-10T16:50:24Z
2026-08-10T16:45:28Z,2026-08-10T18:45:28+0200,f717c518-05ab-43f2-aeab-072d31581934,2026-08-06T19:00:00Z,2026-08-06T21:00:00+0200,916.927,MW,DK2,DK_2,actual_offshore_wind_generation,Wind Offshore,2026-08-10T16:50:24Z
2026-08-10T16:45:28Z,2026-08-10T18:45:28+0200,f717c518-05ab-43f2-aeab-072d31581934,2026-08-06T19:15:00Z,2026-08-06T21:15:00+0200,913.799,MW,DK2,DK_2,actual_offshore_wind_generation,Wind Offshore,2026-08-10T16:50:24Z
2026-08-10T16:45:28Z,2026-08-10T18:45:28+0200,f717c518-05ab-43f2-aeab-072d31581934,2026-08-06T19:30:00Z,2026-08-06T21:30:00+0200,924.217,MW,DK2,DK_2,actual_offshore_wind_generation,Wind Offshore,2026-08-10T16:50:24Z
2026-08-10T16:45:28Z,2026-08-10T18:45:28+0200,f717c518-05ab-43f2-aeab-072d31581934,2026-08-06T19:45:00Z,2026-08-06T21:45:00+0200,925.784,MW,DK2,DK_2,actual_offshore_wind_generation,Wind Offshore,2026-08-10T16:50:24Z
2026-08-10T16:45:28Z,2026-08-10T18:45:28+0200,f717c518-05ab-43f2-aeab-072d31581934,2026-08-06T20:00:00Z,2026-08-06T22:00:00+0200,913.836,MW,DK2,DK_2,actual_offshore_wind_generation,Wind Offshore,2026-08-10T16:50:24Z
2026-08-10T16:45:28Z,2026-08-10T18:45:28+0200,f717c518-05ab-43f2-aeab-072d31581934,2026-08-06T20:15:00Z,2026-08-06T22:15:00+0200,886.618,MW,DK2,DK_2,actual_offshore_wind_generation,Wind Offshore,2026-08-10T16:50:24Z
2026-08-10T16:45:28Z,2026-08-10T18:45:28+0200,f717c518-05ab-43f2-aeab-072d31581934,2026-08-06T20:30:00Z,2026-08-06T22:30:00+0200,833.841,MW,DK2,DK_2,actual_offshore_wind_generation,Wind Offshore,2026-08-10T16:50:24Z
2026-08-10T16:45:28Z,2026-08-10T18:45:28+0200,f717c518-05ab-43f2-aeab-072d31581934,2026-08-06T20:45:00Z,2026-08-06T22:45:00+0200,849.974,MW,DK2,DK_2,actual_offshore_wind_generation,Wind Offshore,2026-08-10T16:50:24Z
2026-08-10T16:45:28Z,2026-08-10T18:45:28+0200,f717c518-05ab-43f2-aeab-072d31581934,2026-08-06T21:00:00Z,2026-08-06T23:00:00+0200,826.085,MW,DK2,DK_2,actual_offshore_wind_generation,Wind Offshore,2026-08-10T16:50:24Z
2026-08-10T16:45:28Z,2026-08-10T18:45:28+0200,f717c518-05ab-43f2-aeab-072d31581934,2026-08-06T21:15:00Z,2026-08-06T23:15:00+0200,781.758,MW,DK2,DK_2,actual_offshore_wind_generation,Wind Offshore,2026-08-10T16:50:24Z
2026-08-10T16:45:28Z,2026-08-10T18:45:28+0200,f717c518-05ab-43f2-aeab-072d31581934,2026-08-06T21:30:00Z,2026-08-06T23:30:00+0200,814.227,MW,DK2,DK_2,actual_offshore_wind_generation,Wind Offshore,2026-08-10T16:50:24Z
2026-08-10T16:45:28Z,2026-08-10T18:45:28+0200,f717c518-05ab-43f2-aeab-072d31581934,2026-08-06T21:45:00Z,2026-08-06T23:45:00+0200,827.065,MW,DK2,DK_2,actual_offshore_wind_generation,Wind Offshore,2026-08-10T16:50:24Z
2026-08-10T16:45:28Z,2026-08-10T18:45:28+0200,f717c518-05ab-43f2-aeab-072d31581934,2026-08-06T22:00:00Z,2026-08-07T00:00:00+0200,845.057,MW,DK2,DK_2,actual_offshore_wind_generation,Wind Offshore,2026-08-10T16:50:24Z
2026-08-10T16:45:28Z,2026-08-10T18:45:28+0200,f717c518-05ab-43f2-aeab-072d31581934,2026-08-06T22:15:00Z,2026-08-07T00:15:00+0200,837.397,MW,DK2,DK_2,actual_offshore_wind_generation,Wind Offshore,2026-08-10T16:50:24Z
2026-08-10T16:45:28Z,2026-08-10T18:45:28+0200,f717c518-05ab-43f2-aeab-072d31581934,2026-08-06T22:30:00Z,2026-08-07T00:30:00+0200,840.285,MW,DK2,DK_2,actual_offshore_wind_generation,Wind Offshore,2026-08-10T16:50:24Z
2026-08-10T16:45:28Z,2026-08-10T18:45:28+0200,f717c518-05ab-43f2-aeab-072d31581934,2026-08-06T22:45:00Z,2026-08-07T00:45:00+0200,839.428,MW,DK2,DK_2,actual_offshore_wind_generation,Wind Offshore,2026-08-10T16:50:24Z
2026-08-10T16:45:28Z,2026-08-10T18:45:28+0200,f717c518-05ab-43f2-aeab-072d31581934,2026-08-06T23:00:00Z,2026-08-07T01:00:00+0200,819.79,MW,DK2,DK_2,actual_offshore_wind_generation,Wind Offshore,2026-08-10T16:50:24Z
2026-08-10T16:45:28Z,2026-08-10T18:45:28+0200,f717c518-05ab-43f2-aeab-072d31581934,2026-08-06T23:15:00Z,2026-08-07T01:15:00+0200,790.137,MW,DK2,DK_2,actual_offshore_wind_generation,Wind Offshore,2026-08-10T16:50:24Z
2026-08-10T16:45:28Z,2026-08-10T18:45:28+0200,f717c518-05ab-43f2-aeab-072d31581934,2026-08-06T23:30:00Z,2026-08-07T01:30:00+0200,744.192,MW,DK2,DK_2,actual_offshore_wind_generation,Wind Offshore,2026-08-10T16:50:24Z
2026-08-10T16:45:28Z,2026-08-10T18:45:28+0200,f717c518-05ab-43f2-aeab-072d31581934,2026-08-06T23:45:00Z,2026-08-07T01:45:00+0200,736.092,MW,DK2,DK_2,actual_offshore_wind_generation,Wind Offshore,2026-08-10T16:50:24Z
2026-08-10T16:45:28Z,2026-08-10T18:45:28+0200,f717c518-05ab-43f2-aeab-072d31581934,2026-08-07T00:00:00Z,2026-08-07T02:00:00+0200,713.365,MW,DK2,DK_2,actual_offshore_wind_generation,Wind Offshore,2026-08-10T16:50:24Z
2026-08-10T16:45:28Z,2026-08-10T18:45:28+0200,f717c518-05ab-43f2-aeab-072d31581934,2026-08-07T00:15:00Z,2026-08-07T02:15:00+0200,707.32,MW,DK2,DK_2,actual_offshore_wind_generation,Wind Offshore,2026-08-10T16:50:24Z
2026-08-10T16:45:28Z,2026-08-10T18:45:28+0200,f717c518-05ab-43f2-aeab-072d31581934,2026-08-07T00:30:00Z,2026-08-07T02:30:00+0200,719.832,MW,DK2,DK_2,actual_offshore_wind_generation,Wind Offshore,2026-08-10T16:50:24Z
2026-08-10T16:45:28Z,2026-08-10T18:45:28+0200,f717c518-05ab-43f2-aeab-072d31581934,2026-08-07T00:45:00Z,2026-08-07T02:45:00+0200,750.783,MW,DK2,DK_2,actual_offshore_wind_generation,Wind Offshore,2026-08-10T16:50:24Z
2026-08-10T16:45:28Z,2026-08-10T18:45:28+0200,f717c518-05ab-43f2-aeab-072d31581934,2026-08-07T01:00:00Z,2026-08-07T03:00:00+0200,751.821,MW,DK2,DK_2,actual_offshore_wind_generation,Wind Offshore,2026-08-10T16:50:24Z
2026-08-10T16:45:28Z,2026-08-10T18:45:28+0200,f717c518-05ab-43f2-aeab-072d31581934,2026-08-07T01:15:00Z,2026-08-07T03:15:00+0200,786.574,MW,DK2,DK_2,actual_offshore_wind_generation,Wind Offshore,2026-08-10T16:50:24Z
2026-08-10T16:45:28Z,2026-08-10T18:45:28+0200,f717c518-05ab-43f2-aeab-072d31581934,2026-08-07T01:30:00Z,2026-08-07T03:30:00+0200,782.327,MW,DK2,DK_2,actual_offshore_wind_generation,Wind Offshore,2026-08-10T16:50:24Z
2026-08-10T16:45:28Z,2026-08-10T18:45:28+0200,f717c518-05ab-43f2-aeab-072d31581934,2026-08-07T01:45:00Z,2026-08-07T03:45:00+0200,755.592,MW,DK2,DK_2,actual_offshore_wind_generation,Wind Offshore,2026-08-10T16:50:24Z
2026-08-10T16:45:28Z,2026-08-10T18:45:28+0200,f717c518-05ab-43f2-aeab-072d31581934,2026-08-07T02:00:00Z,2026-08-07T04:00:00+0200,710.183,MW,DK2,DK_2,actual_offshore_wind_generation,Wind Offshore,2026-08-10T16:50:24Z
2026-08-10T16:45:28Z,2026-08-10T18:45:28+0200,f717c518-05ab-43f2-aeab-072d31581934,2026-08-07T02:15:00Z,2026-08-07T04:15:00+0200,662.246,MW,DK2,DK_2,actual_offshore_wind_generation,Wind Offshore,2026-08-10T16:50:24Z
2026-08-10T16:45:28Z,2026-08-10T18:45:28+0200,f717c518-05ab-43f2-aeab-072d31581934,2026-08-07T02:30:00Z,2026-08-07T04:30:00+0200,608.586,MW,DK2,DK_2,actual_offshore_wind_generation,Wind Offshore,2026-08-10T16:50:24Z
2026-08-10T16:45:28Z,2026-08-10T18:45:28+0200,f717c518-05ab-43f2-aeab-072d31581934,2026-08-07T02:45:00Z,2026-08-07T04:45:00+0200,649.242,MW,DK2,DK_2,actual_offshore_wind_generation,Wind Offshore,2026-08-10T16:50:24Z
2026-08-10T16:45:28Z,2026-08-10T18:45:28+0200,f717c518-05ab-43f2-aeab-072d31581934,2026-08-07T03:00:00Z,2026-08-07T05:00:00+0200,701.255,MW,DK2,DK_2,actual_offshore_wind_generation,Wind Offshore,2026-08-10T16:50:24Z
2026-08-10T16:45:28Z,2026-08-10T18:45:28+0200,f717c518-05ab-43f2-aeab-072d31581934,2026-08-07T03:15:00Z,2026-08-07T05:15:00+0200,698.615,MW,DK2,DK_2,actual_offshore_wind_generation,Wind Offshore,2026-08-10T16:50:24Z
2026-08-10T16:45:28Z,2026-08-10T18:45:28+0200,f717c518-05ab-43f2-aeab-072d31581934,2026-08-07T03:30:00Z,2026-08-07T05:30:00+0200,668.458,MW,DK2,DK_2,actual_offshore_wind_generation,Wind Offshore,2026-08-10T16:50:24Z
2026-08-10T16:45:28Z,2026-08-10T18:45:28+0200,f717c518-05ab-43f2-aeab-072d31581934,2026-08-07T03:45:00Z,2026-08-07T05:45:00+0200,658.324,MW,DK2,DK_2,actual_offshore_wind_generation,Wind Offshore,2026-08-10T16:50:24Z
2026-08-10T16:45:28Z,2026-08-10T18:45:28+0200,f717c518-05ab-43f2-aeab-072d31581934,2026-08-07T04:00:00Z,2026-08-07T06:00:00+0200,649.293,MW,DK2,DK_2,actual_offshore_wind_generation,Wind Offshore,2026-08-10T16:50:24Z
2026-08-10T16:45:28Z,2026-08-10T18:45:28+0200,f717c518-05ab-43f2-aeab-072d31581934,2026-08-07T04:15:00Z,2026-08-07T06:15:00+0200,655.637,MW,DK2,DK_2,actual_offshore_wind_generation,Wind Offshore,2026-08-10T16:50:24Z
2026-08-10T16:45:28Z,2026-08-10T18:45:28+0200,f717c518-05ab-43f2-aeab-072d31581934,2026-08-07T04:30:00Z,2026-08-07T06:30:00+0200,643.562,MW,DK2,DK_2,actual_offshore_wind_generation,Wind Offshore,2026-08-10T16:50:24Z
2026-08-10T16:45:28Z,2026-08-10T18:45:28+0200,f717c518-05ab-43f2-aeab-072d31581934,2026-08-07T04:45:00Z,2026-08-07T06:45:00+0200,628.782,MW,DK2,DK_2,actual_offshore_wind_generation,Wind Offshore,2026-08-10T16:50:24Z
2026-08-10T16:45:28Z,2026-08-10T18:45:28+0200,f717c518-05ab-43f2-aeab-072d31581934,2026-08-07T05:00:00Z,2026-08-07T07:00:00+0200,639.228,MW,DK2,DK_2,actual_offshore_wind_generation,Wind Offshore,2026-08-10T16:50:24Z
2026-08-10T16:45:28Z,2026-08-10T18:45:28+0200,f717c518-05ab-43f2-aeab-072d31581934,2026-08-07T05:15:00Z,2026-08-07T07:15:00+0200,661.416,MW,DK2,DK_2,actual_offshore_wind_generation,Wind Offshore,2026-08-10T16:50:24Z
2026-08-10T16:45:28Z,2026-08-10T18:45:28+0200,f717c518-05ab-43f2-aeab-072d31581934,2026-08-07T05:30:00Z,2026-08-07T07:30:00+0200,658.76,MW,DK2,DK_2,actual_offshore_wind_generation,Wind Offshore,2026-08-10T16:50:24Z
2026-08-10T16:45:28Z,2026-08-10T18:45:28+0200,f717c518-05ab-43f2-aeab-072d31581934,2026-08-07T05:45:00Z,2026-08-07T07:45:00+0200,664.133,MW,DK2,DK_2,actual_offshore_wind_generation,Wind Offshore,2026-08-10T16:50:24Z
2026-08-10T16:45:28Z,2026-08-10T18:45:28+0200,f717c518-05ab-43f2-aeab-072d31581934,2026-08-07T06:00:00Z,2026-08-07T08:00:00+0200,683.471,MW,DK2,DK_2,actual_offshore_wind_generation,Wind Offshore,2026-08-10T16:50:24Z
2026-08-10T16:45:28Z,2026-08-10T18:45:28+0200,f717c518-05ab-43f2-aeab-072d31581934,2026-08-07T06:15:00Z,2026-08-07T08:15:00+0200,707.087,MW,DK2,DK_2,actual_offshore_wind_generation,Wind Offshore,2026-08-10T16:50:24Z
2026-08-10T16:45:28Z,2026-08-10T18:45:28+0200,f717c518-05ab-43f2-aeab-072d31581934,2026-08-07T06:30:00Z,2026-08-07T08:30:00+0200,714.041,MW,DK2,DK_2,actual_offshore_wind_generation,Wind Offshore,2026-08-10T16:50:24Z
2026-08-10T16:45:28Z,2026-08-10T18:45:28+0200,f717c518-05ab-43f2-aeab-072d31581934,2026-08-07T06:45:00Z,2026-08-07T08:45:00+0200,727.104,MW,DK2,DK_2,actual_offshore_wind_generation,Wind Offshore,2026-08-10T16:50:24Z
2026-08-10T16:45:28Z,2026-08-10T18:45:28+0200,f717c518-05ab-43f2-aeab-072d31581934,2026-08-07T07:00:00Z,2026-08-07T09:00:00+0200,716.717,MW,DK2,DK_2,actual_offshore_wind_generation,Wind Offshore,2026-08-10T16:50:24Z
2026-08-10T16:45:28Z,2026-08-10T18:45:28+0200,f717c518-05ab-43f2-aeab-072d31581934,2026-08-07T07:15:00Z,2026-08-07T09:15:00+0200,674.437,MW,DK2,DK_2,actual_offshore_wind_generation,Wind Offshore,2026-08-10T16:50:24Z
2026-08-10T16:45:28Z,2026-08-10T18:45:28+0200,f717c518-05ab-43f2-aeab-072d31581934,2026-08-07T07:30:00Z,2026-08-07T09:30:00+0200,659.342,MW,DK2,DK_2,actual_offshore_wind_generation,Wind Offshore,2026-08-10T16:50:24Z
2026-08-10T16:45:28Z,2026-08-10T18:45:28+0200,f717c518-05ab-43f2-aeab-072d31581934,2026-08-07T07:45:00Z,2026-08-07T09:45:00+0200,625.365,MW,DK2,DK_2,actual_offshore_wind_generation,Wind Offshore,2026-08-10T16:50:24Z
2026-08-10T16:45:28Z,2026-08-10T18:45:28+0200,f717c518-05ab-43f2-aeab-072d31581934,2026-08-07T08:00:00Z,2026-08-07T10:00:00+0200,607.568,MW,DK2,DK_2,actual_offshore_wind_generation,Wind Offshore,2026-08-10T16:50:24Z
2026-08-10T16:45:28Z,2026-08-10T18:45:28+0200,f717c518-05ab-43f2-aeab-072d31581934,2026-08-07T08:15:00Z,2026-08-07T10:15:00+0200,609.256,MW,DK2,DK_2,actual_offshore_wind_generation,Wind Offshore,2026-08-10T16:50:24Z
2026-08-10T16:45:28Z,2026-08-10T18:45:28+0200,f717c518-05ab-43f2-aeab-072d31581934,2026-08-07T08:30:00Z,2026-08-07T10:30:00+0200,604.602,MW,DK2,DK_2,actual_offshore_wind_generation,Wind Offshore,2026-08-10T16:50:24Z
2026-08-10T16:45:28Z,2026-08-10T18:45:28+0200,f717c518-05ab-43f2-aeab-072d31581934,2026-08-07T08:45:00Z,2026-08-07T10:45:00+0200,674.075,MW,DK2,DK_2,actual_offshore_wind_generation,Wind Offshore,2026-08-10T16:50:24Z
2026-08-10T16:45:28Z,2026-08-10T18:45:28+0200,f717c518-05ab-43f2-aeab-072d31581934,2026-08-07T09:00:00Z,2026-08-07T11:00:00+0200,629.223,MW,DK2,DK_2,actual_offshore_wind_generation,Wind Offshore,2026-08-10T16:50:24Z
2026-08-10T16:45:28Z,2026-08-10T18:45:28+0200,f717c518-05ab-43f2-aeab-072d31581934,2026-08-07T09:15:00Z,2026-08-07T11:15:00+0200,551.984,MW,DK2,DK_2,actual_offshore_wind_generation,Wind Offshore,2026-08-10T16:50:24Z
2026-08-10T16:45:28Z,2026-08-10T18:45:28+0200,f717c518-05ab-43f2-aeab-072d31581934,2026-08-07T09:30:00Z,2026-08-07T11:30:00+0200,538.671,MW,DK2,DK_2,actual_offshore_wind_generation,Wind Offshore,2026-08-10T16:50:24Z
2026-08-10T16:45:28Z,2026-08-10T18:45:28+0200,f717c518-05ab-43f2-aeab-072d31581934,2026-08-07T09:45:00Z,2026-08-07T11:45:00+0200,501.513,MW,DK2,DK_2,actual_offshore_wind_generation,Wind Offshore,2026-08-10T16:50:24Z
2026-08-10T16:45:28Z,2026-08-10T18:45:28+0200,f717c518-05ab-43f2-aeab-072d31581934,2026-08-07T10:00:00Z,2026-08-07T12:00:00+0200,514.948,MW,DK2,DK_2,actual_offshore_wind_generation,Wind Offshore,2026-08-10T16:50:24Z
2026-08-10T16:45:28Z,2026-08-10T18:45:28+0200,f717c518-05ab-43f2-aeab-072d31581934,2026-08-07T10:15:00Z,2026-08-07T12:15:00+0200,604.889,MW,DK2,DK_2,actual_offshore_wind_generation,Wind Offshore,2026-08-10T16:50:24Z
2026-08-10T16:45:28Z,2026-08-10T18:45:28+0200,f717c518-05ab-43f2-aeab-072d31581934,2026-08-07T10:30:00Z,2026-08-07T12:30:00+0200,594.756,MW,DK2,DK_2,actual_offshore_wind_generation,Wind Offshore,2026-08-10T16:50:24Z
2026-08-10T16:45:28Z,2026-08-10T18:45:28+0200,f717c518-05ab-43f2-aeab-072d31581934,2026-08-07T10:45:00Z,2026-08-07T12:45:00+0200,554.047,MW,DK2,DK_2,actual_offshore_wind_generation,Wind Offshore,2026-08-10T16:50:24Z
2026-08-10T16:45:28Z,2026-08-10T18:45:28+0200,f717c518-05ab-43f2-aeab-072d31581934,2026-08-07T11:00:00Z,2026-08-07T13:00:00+0200,526.229,MW,DK2,DK_2,actual_offshore_wind_generation,Wind Offshore,2026-08-10T16:50:24Z
2026-08-10T16:45:28Z,2026-08-10T18:45:28+0200,f717c518-05ab-43f2-aeab-072d31581934,2026-08-07T11:15:00Z,2026-08-07T13:15:00+0200,574.634,MW,DK2,DK_2,actual_offshore_wind_generation,Wind Offshore,2026-08-10T16:50:24Z
2026-08-10T16:45:28Z,2026-08-10T18:45:28+0200,f717c518-05ab-43f2-aeab-072d31581934,2026-08-07T11:30:00Z,2026-08-07T13:30:00+0200,574.875,MW,DK2,DK_2,actual_offshore_wind_generation,Wind Offshore,2026-08-10T16:50:24Z
2026-08-10T16:45:28Z,2026-08-10T18:45:28+0200,f717c518-05ab-43f2-aeab-072d31581934,2026-08-07T11:45:00Z,2026-08-07T13:45:00+0200,510.215,MW,DK2,DK_2,actual_offshore_wind_generation,Wind Offshore,2026-08-10T16:50:24Z
2026-08-10T16:45:28Z,2026-08-10T18:45:28+0200,f717c518-05ab-43f2-aeab-072d31581934,2026-08-07T12:00:00Z,2026-08-07T14:00:00+0200,396.678,MW,DK2,DK_2,actual_offshore_wind_generation,Wind Offshore,2026-08-10T16:50:24Z
2026-08-10T16:45:28Z,2026-08-10T18:45:28+0200,f717c518-05ab-43f2-aeab-072d31581934,2026-08-07T12:15:00Z,2026-08-07T14:15:00+0200,358.625,MW,DK2,DK_2,actual_offshore_wind_generation,Wind Offshore,2026-08-10T16:50:24Z
2026-08-10T16:45:28Z,2026-08-10T18:45:28+0200,f717c518-05ab-43f2-aeab-072d31581934,2026-08-07T12:30:00Z,2026-08-07T14:30:00+0200,389.033,MW,DK2,DK_2,actual_offshore_wind_generation,Wind Offshore,2026-08-10T16:50:24Z
2026-08-10T16:45:28Z,2026-08-10T18:45:28+0200,f717c518-05ab-43f2-aeab-072d31581934,2026-08-07T12:45:00Z,2026-08-07T14:45:00+0200,416.553,MW,DK2,DK_2,actual_offshore_wind_generation,Wind Offshore,2026-08-10T16:50:24Z
2026-08-10T16:45:28Z,2026-08-10T18:45:28+0200,f717c518-05ab-43f2-aeab-072d31581934,2026-08-07T13:00:00Z,2026-08-07T15:00:00+0200,478.645,MW,DK2,DK_2,actual_offshore_wind_generation,Wind Offshore,2026-08-10T16:50:24Z
2026-08-10T16:45:28Z,2026-08-10T18:45:28+0200,f717c518-05ab-43f2-aeab-072d31581934,2026-08-07T13:15:00Z,2026-08-07T15:15:00+0200,525.097,MW,DK2,DK_2,actual_offshore_wind_generation,Wind Offshore,2026-08-10T16:50:24Z
2026-08-10T16:45:28Z,2026-08-10T18:45:28+0200,f717c518-05ab-43f2-aeab-072d31581934,2026-08-07T13:30:00Z,2026-08-07T15:30:00+0200,493.167,MW,DK2,DK_2,actual_offshore_wind_generation,Wind Offshore,2026-08-10T16:50:24Z
2026-08-10T16:45:28Z,2026-08-10T18:45:28+0200,f717c518-05ab-43f2-aeab-072d31581934,2026-08-07T13:45:00Z,2026-08-07T15:45:00+0200,405.255,MW,DK2,DK_2,actual_offshore_wind_generation,Wind Offshore,2026-08-10T16:50:24Z
2026-08-10T16:45:28Z,2026-08-10T18:45:28+0200,f717c518-05ab-43f2-aeab-072d31581934,2026-08-07T14:00:00Z,2026-08-07T16:00:00+0200,279.548,MW,DK2,DK_2,actual_offshore_wind_generation,Wind Offshore,2026-08-10T16:50:24Z
2026-08-10T16:45:28Z,2026-08-10T18:45:28+0200,f717c518-05ab-43f2-aeab-072d31581934,2026-08-07T14:15:00Z,2026-08-07T16:15:00+0200,217.65,MW,DK2,DK_2,actual_offshore_wind_generation,Wind Offshore,2026-08-10T16:50:24Z
2026-08-10T16:45:28Z,2026-08-10T18:45:28+0200,f717c518-05ab-43f2-aeab-072d31581934,2026-08-07T14:30:00Z,2026-08-07T16:30:00+0200,186.153,MW,DK2,DK_2,actual_offshore_wind_generation,Wind Offshore,2026-08-10T16:50:24Z
2026-08-10T16:45:28Z,2026-08-10T18:45:28+0200,f717c518-05ab-43f2-aeab-072d31581934,2026-08-07T14:45:00Z,2026-08-07T16:45:00+0200,203.078,MW,DK2,DK_2,actual_offshore_wind_generation,Wind Offshore,2026-08-10T16:50:24Z
2026-08-10T16:45:28Z,2026-08-10T18:45:28+0200,f717c518-05ab-43f2-aeab-072d31581934,2026-08-07T15:00:00Z,2026-08-07T17:00:00+0200,232.414,MW,DK2,DK_2,actual_offshore_wind_generation,Wind Offshore,2026-08-10T16:50:24Z
2026-08-10T16:45:28Z,2026-08-10T18:45:28+0200,f717c518-05ab-43f2-aeab-072d31581934,2026-08-07T15:15:00Z,2026-08-07T17:15:00+0200,252.346,MW,DK2,DK_2,actual_offshore_wind_generation,Wind Offshore,2026-08-10T16:50:24Z
2026-08-10T16:45:28Z,2026-08-10T18:45:28+0200,f717c518-05ab-43f2-aeab-072d31581934,2026-08-07T15:30:00Z,2026-08-07T17:30:00+0200,281.061,MW,DK2,DK_2,actual_offshore_wind_generation,Wind Offshore,2026-08-10T16:50:24Z
2026-08-10T16:45:28Z,2026-08-10T18:45:28+0200,f717c518-05ab-43f2-aeab-072d31581934,2026-08-07T15:45:00Z,2026-08-07T17:45:00+0200,319.814,MW,DK2,DK_2,actual_offshore_wind_generation,Wind Offshore,2026-08-10T16:50:24Z
2026-08-10T16:45:28Z,2026-08-10T18:45:28+0200,f717c518-05ab-43f2-aeab-072d31581934,2026-08-07T16:00:00Z,2026-08-07T18:00:00+0200,347.208,MW,DK2,DK_2,actual_offshore_wind_generation,Wind Offshore,2026-08-10T16:50:24Z
2026-08-10T16:45:28Z,2026-08-10T18:45:28+0200,f717c518-05ab-43f2-aeab-072d31581934,2026-08-07T16:15:00Z,2026-08-07T18:15:00+0200,354.425,MW,DK2,DK_2,actual_offshore_wind_generation,Wind Offshore,2026-08-10T16:50:24Z
2026-08-10T16:45:28Z,2026-08-10T18:45:28+0200,f717c518-05ab-43f2-aeab-072d31581934,2026-08-07T16:30:00Z,2026-08-07T18:30:00+0200,334.869,MW,DK2,DK_2,actual_offshore_wind_generation,Wind Offshore,2026-08-10T16:50:24Z
2026-08-10T16:45:28Z,2026-08-10T18:45:28+0200,f717c518-05ab-43f2-aeab-072d31581934,2026-08-07T16:45:00Z,2026-08-07T18:45:00+0200,337.104,MW,DK2,DK_2,actual_offshore_wind_generation,Wind Offshore,2026-08-10T16:50:24Z
2026-08-10T16:45:28Z,2026-08-10T18:45:28+0200,f717c518-05ab-43f2-aeab-072d31581934,2026-08-07T17:00:00Z,2026-08-07T19:00:00+0200,341.3,MW,DK2,DK_2,actual_offshore_wind_generation,Wind Offshore,2026-08-10T16:50:24Z
2026-08-10T16:45:28Z,2026-08-10T18:45:28+0200,f717c518-05ab-43f2-aeab-072d31581934,2026-08-07T17:15:00Z,2026-08-07T19:15:00+0200,329.04,MW,DK2,DK_2,actual_offshore_wind_generation,Wind Offshore,2026-08-10T16:50:24Z
2026-08-10T16:45:28Z,2026-08-10T18:45:28+0200,f717c518-05ab-43f2-aeab-072d31581934,2026-08-07T17:30:00Z,2026-08-07T19:30:00+0200,319.21,MW,DK2,DK_2,actual_offshore_wind_generation,Wind Offshore,2026-08-10T16:50:24Z
2026-08-10T16:45:28Z,2026-08-10T18:45:28+0200,f717c518-05ab-43f2-aeab-072d31581934,2026-08-07T17:45:00Z,2026-08-07T19:45:00+0200,324.909,MW,DK2,DK_2,actual_offshore_wind_generation,Wind Offshore,2026-08-10T16:50:24Z
2026-08-10T16:45:28Z,2026-08-10T18:45:28+0200,f717c518-05ab-43f2-aeab-072d31581934,2026-08-07T18:00:00Z,2026-08-07T20:00:00+0200,346.996,MW,DK2,DK_2,actual_offshore_wind_generation,Wind Offshore,2026-08-10T16:50:24Z
2026-08-10T16:45:28Z,2026-08-10T18:45:28+0200,f717c518-05ab-43f2-aeab-072d31581934,2026-08-07T18:15:00Z,2026-08-07T20:15:00+0200,367.573,MW,DK2,DK_2,actual_offshore_wind_generation,Wind Offshore,2026-08-10T16:50:24Z
2026-08-10T16:45:28Z,2026-08-10T18:45:28+0200,f717c518-05ab-43f2-aeab-072d31581934,2026-08-07T18:30:00Z,2026-08-07T20:30:00+0200,377.079,MW,DK2,DK_2,actual_offshore_wind_generation,Wind Offshore,2026-08-10T16:50:24Z
2026-08-10T16:45:28Z,2026-08-10T18:45:28+0200,f717c518-05ab-43f2-aeab-072d31581934,2026-08-07T18:45:00Z,2026-08-07T20:45:00+0200,338.442,MW,DK2,DK_2,actual_offshore_wind_generation,Wind Offshore,2026-08-10T16:50:24Z
2026-08-10T16:45:28Z,2026-08-10T18:45:28+0200,f717c518-05ab-43f2-aeab-072d31581934,2026-08-07T19:00:00Z,2026-08-07T21:00:00+0200,321.761,MW,DK2,DK_2,actual_offshore_wind_generation,Wind Offshore,2026-08-10T16:50:24Z
2026-08-10T16:45:28Z,2026-08-10T18:45:28+0200,f717c518-05ab-43f2-aeab-072d31581934,2026-08-07T19:15:00Z,2026-08-07T21:15:00+0200,318.588,MW,DK2,DK_2,actual_offshore_wind_generation,Wind Offshore,2026-08-10T16:50:24Z
2026-08-10T16:45:28Z,2026-08-10T18:45:28+0200,f717c518-05ab-43f2-aeab-072d31581934,2026-08-07T19:30:00Z,2026-08-07T21:30:00+0200,319.26,MW,DK2,DK_2,actual_offshore_wind_generation,Wind Offshore,2026-08-10T16:50:24Z
2026-08-10T16:45:28Z,2026-08-10T18:45:28+0200,f717c518-05ab-43f2-aeab-072d31581934,2026-08-07T19:45:00Z,2026-08-07T21:45:00+0200,328.978,MW,DK2,DK_2,actual_offshore_wind_generation,Wind Offshore,2026-08-10T16:50:24Z
2026-08-10T16:45:28Z,2026-08-10T18:45:28+0200,f717c518-05ab-43f2-aeab-072d31581934,2026-08-07T20:00:00Z,2026-08-07T22:00:00+0200,314.923,MW,DK2,DK_2,actual_offshore_wind_generation,Wind Offshore,2026-08-10T16:50:24Z
2026-08-10T16:45:28Z,2026-08-10T18:45:28+0200,f717c518-05ab-43f2-aeab-072d31581934,2026-08-07T20:15:00Z,2026-08-07T22:15:00+0200,307.906,MW,DK2,DK_2,actual_offshore_wind_generation,Wind Offshore,2026-08-10T16:50:24Z
2026-08-10T16:45:28Z,2026-08-10T18:45:28+0200,f717c518-05ab-43f2-aeab-072d31581934,2026-08-07T20:30:00Z,2026-08-07T22:30:00+0200,293.401,MW,DK2,DK_2,actual_offshore_wind_generation,Wind Offshore,2026-08-10T16:50:24Z
2026-08-10T16:45:28Z,2026-08-10T18:45:28+0200,f717c518-05ab-43f2-aeab-072d31581934,2026-08-07T20:45:00Z,2026-08-07T22:45:00+0200,263.583,MW,DK2,DK_2,actual_offshore_wind_generation,Wind Offshore,2026-08-10T16:50:24Z
2026-08-10T16:45:28Z,2026-08-10T18:45:28+0200,f717c518-05ab-43f2-aeab-072d31581934,2026-08-07T21:00:00Z,2026-08-07T23:00:00+0200,242.886,MW,DK2,DK_2,actual_offshore_wind_generation,Wind Offshore,2026-08-10T16:50:24Z
2026-08-10T16:45:28Z,2026-08-10T18:45:28+0200,f717c518-05ab-43f2-aeab-072d31581934,2026-08-07T21:15:00Z,2026-08-07T23:15:00+0200,224.281,MW,DK2,DK_2,actual_offshore_wind_generation,Wind Offshore,2026-08-10T16:50:24Z
2026-08-10T16:45:28Z,2026-08-10T18:45:28+0200,f717c518-05ab-43f2-aeab-072d31581934,2026-08-07T21:30:00Z,2026-08-07T23:30:00+0200,213.641,MW,DK2,DK_2,actual_offshore_wind_generation,Wind Offshore,2026-08-10T16:50:24Z
2026-08-10T16:45:28Z,2026-08-10T18:45:28+0200,f717c518-05ab-43f2-aeab-072d31581934,2026-08-07T21:45:00Z,2026-08-07T23:45:00+0200,221.672,MW,DK2,DK_2,actual_offshore_wind_generation,Wind Offshore,2026-08-10T16:50:24Z
2026-08-10T16:45:28Z,2026-08-10T18:45:28+0200,f717c518-05ab-43f2-aeab-072d31581934,2026-08-07T22:00:00Z,2026-08-08T00:00:00+0200,226.078,MW,DK2,DK_2,actual_offshore_wind_generation,Wind Offshore,2026-08-10T16:50:24Z
2026-08-10T16:45:28Z,2026-08-10T18:45:28+0200,f717c518-05ab-43f2-aeab-072d31581934,2026-08-07T22:15:00Z,2026-08-08T00:15:00+0200,236.025,MW,DK2,DK_2,actual_offshore_wind_generation,Wind Offshore,2026-08-10T16:50:24Z
2026-08-10T16:45:28Z,2026-08-10T18:45:28+0200,f717c518-05ab-43f2-aeab-072d31581934,2026-08-07T22:30:00Z,2026-08-08T00:30:00+0200,238.611,MW,DK2,DK_2,actual_offshore_wind_generation,Wind Offshore,2026-08-10T16:50:24Z
2026-08-10T16:45:28Z,2026-08-10T18:45:28+0200,f717c518-05ab-43f2-aeab-072d31581934,2026-08-07T22:45:00Z,2026-08-08T00:45:00+0200,228.581,MW,DK2,DK_2,actual_offshore_wind_generation,Wind Offshore,2026-08-10T16:50:24Z
2026-08-10T16:45:28Z,2026-08-10T18:45:28+0200,f717c518-05ab-43f2-aeab-072d31581934,2026-08-07T23:00:00Z,2026-08-08T01:00:00+0200,211.165,MW,DK2,DK_2,actual_offshore_wind_generation,Wind Offshore,2026-08-10T16:50:24Z
2026-08-10T16:45:28Z,2026-08-10T18:45:28+0200,f717c518-05ab-43f2-aeab-072d31581934,2026-08-07T23:15:00Z,2026-08-08T01:15:00+0200,195.304,MW,DK2,DK_2,actual_offshore_wind_generation,Wind Offshore,2026-08-10T16:50:24Z
2026-08-10T16:45:28Z,2026-08-10T18:45:28+0200,f717c518-05ab-43f2-aeab-072d31581934,2026-08-07T23:30:00Z,2026-08-08T01:30:00+0200,188.959,MW,DK2,DK_2,actual_offshore_wind_generation,Wind Offshore,2026-08-10T16:50:24Z
2026-08-10T16:45:28Z,2026-08-10T18:45:28+0200,f717c518-05ab-43f2-aeab-072d31581934,2026-08-07T23:45:00Z,2026-08-08T01:45:00+0200,205.911,MW,DK2,DK_2,actual_offshore_wind_generation,Wind Offshore,2026-08-10T16:50:24Z
2026-08-10T16:45:28Z,2026-08-10T18:45:28+0200,f717c518-05ab-43f2-aeab-072d31581934,2026-08-08T00:00:00Z,2026-08-08T02:00:00+0200,227.38,MW,DK2,DK_2,actual_offshore_wind_generation,Wind Offshore,2026-08-10T16:50:24Z
2026-08-10T16:45:28Z,2026-08-10T18:45:28+0200,f717c518-05ab-43f2-aeab-072d31581934,2026-08-08T00:15:00Z,2026-08-08T02:15:00+0200,258.636,MW,DK2,DK_2,actual_offshore_wind_generation,Wind Offshore,2026-08-10T16:50:24Z
2026-08-10T16:45:28Z,2026-08-10T18:45:28+0200,f717c518-05ab-43f2-aeab-072d31581934,2026-08-08T00:30:00Z,2026-08-08T02:30:00+0200,293.923,MW,DK2,DK_2,actual_offshore_wind_generation,Wind Offshore,2026-08-10T16:50:24Z
2026-08-10T16:45:28Z,2026-08-10T18:45:28+0200,f717c518-05ab-43f2-aeab-072d31581934,2026-08-08T00:45:00Z,2026-08-08T02:45:00+0200,307.977,MW,DK2,DK_2,actual_offshore_wind_generation,Wind Offshore,2026-08-10T16:50:24Z
2026-08-10T16:45:28Z,2026-08-10T18:45:28+0200,f717c518-05ab-43f2-aeab-072d31581934,2026-08-08T01:00:00Z,2026-08-08T03:00:00+0200,305.437,MW,DK2,DK_2,actual_offshore_wind_generation,Wind Offshore,2026-08-10T16:50:24Z
2026-08-10T16:45:28Z,2026-08-10T18:45:28+0200,f717c518-05ab-43f2-aeab-072d31581934,2026-08-08T01:15:00Z,2026-08-08T03:15:00+0200,300.66,MW,DK2,DK_2,actual_offshore_wind_generation,Wind Offshore,2026-08-10T16:50:24Z
2026-08-10T16:45:28Z,2026-08-10T18:45:28+0200,f717c518-05ab-43f2-aeab-072d31581934,2026-08-08T01:30:00Z,2026-08-08T03:30:00+0200,282.243,MW,DK2,DK_2,actual_offshore_wind_generation,Wind Offshore,2026-08-10T16:50:24Z
2026-08-10T16:45:28Z,2026-08-10T18:45:28+0200,f717c518-05ab-43f2-aeab-072d31581934,2026-08-08T01:45:00Z,2026-08-08T03:45:00+0200,267.185,MW,DK2,DK_2,actual_offshore_wind_generation,Wind Offshore,2026-08-10T16:50:24Z
2026-08-10T16:45:28Z,2026-08-10T18:45:28+0200,f717c518-05ab-43f2-aeab-072d31581934,2026-08-08T02:00:00Z,2026-08-08T04:00:00+0200,230.684,MW,DK2,DK_2,actual_offshore_wind_generation,Wind Offshore,2026-08-10T16:50:24Z
2026-08-10T16:45:28Z,2026-08-10T18:45:28+0200,f717c518-05ab-43f2-aeab-072d31581934,2026-08-08T02:15:00Z,2026-08-08T04:15:00+0200,217.339,MW,DK2,DK_2,actual_offshore_wind_generation,Wind Offshore,2026-08-10T16:50:24Z
2026-08-10T16:45:28Z,2026-08-10T18:45:28+0200,f717c518-05ab-43f2-aeab-072d31581934,2026-08-08T02:30:00Z,2026-08-08T04:30:00+0200,217.605,MW,DK2,DK_2,actual_offshore_wind_generation,Wind Offshore,2026-08-10T16:50:24Z
2026-08-10T16:45:28Z,2026-08-10T18:45:28+0200,f717c518-05ab-43f2-aeab-072d31581934,2026-08-08T02:45:00Z,2026-08-08T04:45:00+0200,201.648,MW,DK2,DK_2,actual_offshore_wind_generation,Wind Offshore,2026-08-10T16:50:24Z
2026-08-10T16:45:28Z,2026-08-10T18:45:28+0200,f717c518-05ab-43f2-aeab-072d31581934,2026-08-08T03:00:00Z,2026-08-08T05:00:00+0200,173.974,MW,DK2,DK_2,actual_offshore_wind_generation,Wind Offshore,2026-08-10T16:50:24Z
2026-08-10T16:45:28Z,2026-08-10T18:45:28+0200,f717c518-05ab-43f2-aeab-072d31581934,2026-08-08T03:15:00Z,2026-08-08T05:15:00+0200,152.548,MW,DK2,DK_2,actual_offshore_wind_generation,Wind Offshore,2026-08-10T16:50:24Z
2026-08-10T16:45:28Z,2026-08-10T18:45:28+0200,f717c518-05ab-43f2-aeab-072d31581934,2026-08-08T03:30:00Z,2026-08-08T05:30:00+0200,132.2,MW,DK2,DK_2,actual_offshore_wind_generation,Wind Offshore,2026-08-10T16:50:24Z
2026-08-10T16:45:28Z,2026-08-10T18:45:28+0200,f717c518-05ab-43f2-aeab-072d31581934,2026-08-08T03:45:00Z,2026-08-08T05:45:00+0200,122.352,MW,DK2,DK_2,actual_offshore_wind_generation,Wind Offshore,2026-08-10T16:50:24Z
2026-08-10T16:45:28Z,2026-08-10T18:45:28+0200,f717c518-05ab-43f2-aeab-072d31581934,2026-08-08T04:00:00Z,2026-08-08T06:00:00+0200,122.07,MW,DK2,DK_2,actual_offshore_wind_generation,Wind Offshore,2026-08-10T16:50:24Z
2026-08-10T16:45:28Z,2026-08-10T18:45:28+0200,f717c518-05ab-43f2-aeab-072d31581934,2026-08-08T04:15:00Z,2026-08-08T06:15:00+0200,117.293,MW,DK2,DK_2,actual_offshore_wind_generation,Wind Offshore,2026-08-10T16:50:24Z
2026-08-10T16:45:28Z,2026-08-10T18:45:28+0200,f717c518-05ab-43f2-aeab-072d31581934,2026-08-08T04:30:00Z,2026-08-08T06:30:00+0200,105.22,MW,DK2,DK_2,actual_offshore_wind_generation,Wind Offshore,2026-08-10T16:50:24Z
2026-08-10T16:45:28Z,2026-08-10T18:45:28+0200,f717c518-05ab-43f2-aeab-072d31581934,2026-08-08T04:45:00Z,2026-08-08T06:45:00+0200,103.95,MW,DK2,DK_2,actual_offshore_wind_generation,Wind Offshore,2026-08-10T16:50:24Z
2026-08-10T16:45:28Z,2026-08-10T18:45:28+0200,f717c518-05ab-43f2-aeab-072d31581934,2026-08-08T05:00:00Z,2026-08-08T07:00:00+0200,118.757,MW,DK2,DK_2,actual_offshore_wind_generation,Wind Offshore,2026-08-10T16:50:24Z
2026-08-10T16:45:28Z,2026-08-10T18:45:28+0200,f717c518-05ab-43f2-aeab-072d31581934,2026-08-08T05:15:00Z,2026-08-08T07:15:00+0200,121.718,MW,DK2,DK_2,actual_offshore_wind_generation,Wind Offshore,2026-08-10T16:50:24Z
2026-08-10T16:45:28Z,2026-08-10T18:45:28+0200,f717c518-05ab-43f2-aeab-072d31581934,2026-08-08T05:30:00Z,2026-08-08T07:30:00+0200,118.974,MW,DK2,DK_2,actual_offshore_wind_generation,Wind Offshore,2026-08-10T16:50:24Z
2026-08-10T16:45:28Z,2026-08-10T18:45:28+0200,f717c518-05ab-43f2-aeab-072d31581934,2026-08-08T05:45:00Z,2026-08-08T07:45:00+0200,107.562,MW,DK2,DK_2,actual_offshore_wind_generation,Wind Offshore,2026-08-10T16:50:24Z
2026-08-10T16:45:28Z,2026-08-10T18:45:28+0200,f717c518-05ab-43f2-aeab-072d31581934,2026-08-08T06:00:00Z,2026-08-08T08:00:00+0200,96.1764,MW,DK2,DK_2,actual_offshore_wind_generation,Wind Offshore,2026-08-10T16:50:24Z
2026-08-10T16:45:28Z,2026-08-10T18:45:28+0200,f717c518-05ab-43f2-aeab-072d31581934,2026-08-08T06:15:00Z,2026-08-08T08:15:00+0200,94.0022,MW,DK2,DK_2,actual_offshore_wind_generation,Wind Offshore,2026-08-10T16:50:24Z
2026-08-10T16:45:28Z,2026-08-10T18:45:28+0200,f717c518-05ab-43f2-aeab-072d31581934,2026-08-08T06:30:00Z,2026-08-08T08:30:00+0200,97.0083,MW,DK2,DK_2,actual_offshore_wind_generation,Wind Offshore,2026-08-10T16:50:24Z
2026-08-10T16:45:28Z,2026-08-10T18:45:28+0200,f717c518-05ab-43f2-aeab-072d31581934,2026-08-08T06:45:00Z,2026-08-08T08:45:00+0200,99.7933,MW,DK2,DK_2,actual_offshore_wind_generation,Wind Offshore,2026-08-10T16:50:24Z
2026-08-10T16:45:28Z,2026-08-10T18:45:28+0200,f717c518-05ab-43f2-aeab-072d31581934,2026-08-08T07:00:00Z,2026-08-08T09:00:00+0200,104.684,MW,DK2,DK_2,actual_offshore_wind_generation,Wind Offshore,2026-08-10T16:50:24Z
2026-08-10T16:45:28Z,2026-08-10T18:45:28+0200,f717c518-05ab-43f2-aeab-072d31581934,2026-08-08T07:15:00Z,2026-08-08T09:15:00+0200,112.568,MW,DK2,DK_2,actual_offshore_wind_generation,Wind Offshore,2026-08-10T16:50:24Z
2026-08-10T16:45:28Z,2026-08-10T18:45:28+0200,f717c518-05ab-43f2-aeab-072d31581934,2026-08-08T07:30:00Z,2026-08-08T09:30:00+0200,112.039,MW,DK2,DK_2,actual_offshore_wind_generation,Wind Offshore,2026-08-10T16:50:24Z
2026-08-10T16:45:28Z,2026-08-10T18:45:28+0200,f717c518-05ab-43f2-aeab-072d31581934,2026-08-08T07:45:00Z,2026-08-08T09:45:00+0200,98.1562,MW,DK2,DK_2,actual_offshore_wind_generation,Wind Offshore,2026-08-10T16:50:24Z
2026-08-10T16:45:28Z,2026-08-10T18:45:28+0200,f717c518-05ab-43f2-aeab-072d31581934,2026-08-08T08:00:00Z,2026-08-08T10:00:00+0200,81.5728,MW,DK2,DK_2,actual_offshore_wind_generation,Wind Offshore,2026-08-10T16:50:24Z
2026-08-10T16:45:28Z,2026-08-10T18:45:28+0200,f717c518-05ab-43f2-aeab-072d31581934,2026-08-08T08:15:00Z,2026-08-08T10:15:00+0200,40.4112,MW,DK2,DK_2,actual_offshore_wind_generation,Wind Offshore,2026-08-10T16:50:24Z
2026-08-10T16:45:28Z,2026-08-10T18:45:28+0200,f717c518-05ab-43f2-aeab-072d31581934,2026-08-08T08:30:00Z,2026-08-08T10:30:00+0200,14.5101,MW,DK2,DK_2,actual_offshore_wind_generation,Wind Offshore,2026-08-10T16:50:24Z
2026-08-10T16:45:28Z,2026-08-10T18:45:28+0200,f717c518-05ab-43f2-aeab-072d31581934,2026-08-08T08:45:00Z,2026-08-08T10:45:00+0200,0.0408,MW,DK2,DK_2,actual_offshore_wind_generation,Wind Offshore,2026-08-10T16:50:24Z
2026-08-10T16:45:28Z,2026-08-10T18:45:28+0200,f717c518-05ab-43f2-aeab-072d31581934,2026-08-08T09:00:00Z,2026-08-08T11:00:00+0200,13.5332,MW,DK2,DK_2,actual_offshore_wind_generation,Wind Offshore,2026-08-10T16:50:24Z
2026-08-10T16:45:28Z,2026-08-10T18:45:28+0200,f717c518-05ab-43f2-aeab-072d31581934,2026-08-08T09:15:00Z,2026-08-08T11:15:00+0200,12.2085,MW,DK2,DK_2,actual_offshore_wind_generation,Wind Offshore,2026-08-10T16:50:24Z
2026-08-10T16:45:28Z,2026-08-10T18:45:28+0200,f717c518-05ab-43f2-aeab-072d31581934,2026-08-08T09:30:00Z,2026-08-08T11:30:00+0200,11.605,MW,DK2,DK_2,actual_offshore_wind_generation,Wind Offshore,2026-08-10T16:50:24Z
2026-08-10T16:45:28Z,2026-08-10T18:45:28+0200,f717c518-05ab-43f2-aeab-072d31581934,2026-08-08T09:45:00Z,2026-08-08T11:45:00+0200,10.8529,MW,DK2,DK_2,actual_offshore_wind_generation,Wind Offshore,2026-08-10T16:50:24Z
2026-08-10T16:45:28Z,2026-08-10T18:45:28+0200,f717c518-05ab-43f2-aeab-072d31581934,2026-08-08T10:00:00Z,2026-08-08T12:00:00+0200,8.8559,MW,DK2,DK_2,actual_offshore_wind_generation,Wind Offshore,2026-08-10T16:50:24Z
2026-08-10T16:45:28Z,2026-08-10T18:45:28+0200,f717c518-05ab-43f2-aeab-072d31581934,2026-08-08T10:15:00Z,2026-08-08T12:15:00+0200,4.22302,MW,DK2,DK_2,actual_offshore_wind_generation,Wind Offshore,2026-08-10T16:50:24Z
2026-08-10T16:45:28Z,2026-08-10T18:45:28+0200,f717c518-05ab-43f2-aeab-072d31581934,2026-08-08T10:30:00Z,2026-08-08T12:30:00+0200,0.0289,MW,DK2,DK_2,actual_offshore_wind_generation,Wind Offshore,2026-08-10T16:50:24Z
2026-08-10T16:45:28Z,2026-08-10T18:45:28+0200,f717c518-05ab-43f2-aeab-072d31581934,2026-08-08T10:45:00Z,2026-08-08T12:45:00+0200,0.028806,MW,DK2,DK_2,actual_offshore_wind_generation,Wind Offshore,2026-08-10T16:50:24Z
2026-08-10T16:45:28Z,2026-08-10T18:45:28+0200,f717c518-05ab-43f2-aeab-072d31581934,2026-08-08T11:00:00Z,2026-08-08T13:00:00+0200,0.068667,MW,DK2,DK_2,actual_offshore_wind_generation,Wind Offshore,2026-08-10T16:50:24Z
2026-08-10T16:45:28Z,2026-08-10T18:45:28+0200,f717c518-05ab-43f2-aeab-072d31581934,2026-08-08T11:15:00Z,2026-08-08T13:15:00+0200,0.038473,MW,DK2,DK_2,actual_offshore_wind_generation,Wind Offshore,2026-08-10T16:50:24Z
2026-08-10T16:45:28Z,2026-08-10T18:45:28+0200,f717c518-05ab-43f2-aeab-072d31581934,2026-08-08T11:30:00Z,2026-08-08T13:30:00+0200,0.017,MW,DK2,DK_2,actual_offshore_wind_generation,Wind Offshore,2026-08-10T16:50:24Z
2026-08-10T16:45:28Z,2026-08-10T18:45:28+0200,f717c518-05ab-43f2-aeab-072d31581934,2026-08-08T11:45:00Z,2026-08-08T13:45:00+0200,0.002833,MW,DK2,DK_2,actual_offshore_wind_generation,Wind Offshore,2026-08-10T16:50:24Z
2026-08-10T16:45:28Z,2026-08-10T18:45:28+0200,f717c518-05ab-43f2-aeab-072d31581934,2026-08-08T12:00:00Z,2026-08-08T14:00:00+0200,0.039306,MW,DK2,DK_2,actual_offshore_wind_generation,Wind Offshore,2026-08-10T16:50:24Z
2026-08-10T16:45:28Z,2026-08-10T18:45:28+0200,f717c518-05ab-43f2-aeab-072d31581934,2026-08-08T12:15:00Z,2026-08-08T14:15:00+0200,0.9605,MW,DK2,DK_2,actual_offshore_wind_generation,Wind Offshore,2026-08-10T16:50:24Z
2026-08-10T16:45:28Z,2026-08-10T18:45:28+0200,f717c518-05ab-43f2-aeab-072d31581934,2026-08-08T12:30:00Z,2026-08-08T14:30:00+0200,0.219867,MW,DK2,DK_2,actual_offshore_wind_generation,Wind Offshore,2026-08-10T16:50:24Z
2026-08-10T16:45:28Z,2026-08-10T18:45:28+0200,f717c518-05ab-43f2-aeab-072d31581934,2026-08-08T12:45:00Z,2026-08-08T14:45:00+0200,0.134229,MW,DK2,DK_2,actual_offshore_wind_generation,Wind Offshore,2026-08-10T16:50:24Z
2026-08-10T16:45:28Z,2026-08-10T18:45:28+0200,f717c518-05ab-43f2-aeab-072d31581934,2026-08-08T13:00:00Z,2026-08-08T15:00:00+0200,0.009719,MW,DK2,DK_2,actual_offshore_wind_generation,Wind Offshore,2026-08-10T16:50:24Z
2026-08-10T16:45:28Z,2026-08-10T18:45:28+0200,f717c518-05ab-43f2-aeab-072d31581934,2026-08-08T13:15:00Z,2026-08-08T15:15:00+0200,0.03561,MW,DK2,DK_2,actual_offshore_wind_generation,Wind Offshore,2026-08-10T16:50:24Z
2026-08-10T16:45:28Z,2026-08-10T18:45:28+0200,f717c518-05ab-43f2-aeab-072d31581934,2026-08-08T13:30:00Z,2026-08-08T15:30:00+0200,0.02125,MW,DK2,DK_2,actual_offshore_wind_generation,Wind Offshore,2026-08-10T16:50:24Z
2026-08-10T16:45:28Z,2026-08-10T18:45:28+0200,f717c518-05ab-43f2-aeab-072d31581934,2026-08-08T13:45:00Z,2026-08-08T15:45:00+0200,0.055722,MW,DK2,DK_2,actual_offshore_wind_generation,Wind Offshore,2026-08-10T16:50:24Z
2026-08-10T16:45:28Z,2026-08-10T18:45:28+0200,f717c518-05ab-43f2-aeab-072d31581934,2026-08-08T14:00:00Z,2026-08-08T16:00:00+0200,0.081617,MW,DK2,DK_2,actual_offshore_wind_generation,Wind Offshore,2026-08-10T16:50:24Z
2026-08-10T16:45:28Z,2026-08-10T18:45:28+0200,f717c518-05ab-43f2-aeab-072d31581934,2026-08-08T14:15:00Z,2026-08-08T16:15:00+0200,22.8969,MW,DK2,DK_2,actual_offshore_wind_generation,Wind Offshore,2026-08-10T16:50:24Z
2026-08-10T16:45:28Z,2026-08-10T18:45:28+0200,f717c518-05ab-43f2-aeab-072d31581934,2026-08-08T14:30:00Z,2026-08-08T16:30:00+0200,231.076,MW,DK2,DK_2,actual_offshore_wind_generation,Wind Offshore,2026-08-10T16:50:24Z
2026-08-10T16:45:28Z,2026-08-10T18:45:28+0200,f717c518-05ab-43f2-aeab-072d31581934,2026-08-08T14:45:00Z,2026-08-08T16:45:00+0200,198.972,MW,DK2,DK_2,actual_offshore_wind_generation,Wind Offshore,2026-08-10T16:50:24Z
2026-08-10T16:45:28Z,2026-08-10T18:45:28+0200,f717c518-05ab-43f2-aeab-072d31581934,2026-08-08T15:00:00Z,2026-08-08T17:00:00+0200,128.209,MW,DK2,DK_2,actual_offshore_wind_generation,Wind Offshore,2026-08-10T16:50:24Z
2026-08-10T16:45:28Z,2026-08-10T18:45:28+0200,f717c518-05ab-43f2-aeab-072d31581934,2026-08-08T15:15:00Z,2026-08-08T17:15:00+0200,140.159,MW,DK2,DK_2,actual_offshore_wind_generation,Wind Offshore,2026-08-10T16:50:24Z
2026-08-10T16:45:28Z,2026-08-10T18:45:28+0200,f717c518-05ab-43f2-aeab-072d31581934,2026-08-08T15:30:00Z,2026-08-08T17:30:00+0200,129.184,MW,DK2,DK_2,actual_offshore_wind_generation,Wind Offshore,2026-08-10T16:50:24Z
2026-08-10T16:45:28Z,2026-08-10T18:45:28+0200,f717c518-05ab-43f2-aeab-072d31581934,2026-08-08T15:45:00Z,2026-08-08T17:45:00+0200,115.232,MW,DK2,DK_2,actual_offshore_wind_generation,Wind Offshore,2026-08-10T16:50:24Z
2026-08-10T16:45:28Z,2026-08-10T18:45:28+0200,f717c518-05ab-43f2-aeab-072d31581934,2026-08-08T16:00:00Z,2026-08-08T18:00:00+0200,97.0087,MW,DK2,DK_2,actual_offshore_wind_generation,Wind Offshore,2026-08-10T16:50:24Z
2026-08-10T16:45:28Z,2026-08-10T18:45:28+0200,f717c518-05ab-43f2-aeab-072d31581934,2026-08-08T16:15:00Z,2026-08-08T18:15:00+0200,89.1445,MW,DK2,DK_2,actual_offshore_wind_generation,Wind Offshore,2026-08-10T16:50:24Z
2026-08-10T16:45:28Z,2026-08-10T18:45:28+0200,f717c518-05ab-43f2-aeab-072d31581934,2026-08-08T16:30:00Z,2026-08-08T18:30:00+0200,84.4931,MW,DK2,DK_2,actual_offshore_wind_generation,Wind Offshore,2026-08-10T16:50:24Z
2026-08-10T16:45:28Z,2026-08-10T18:45:28+0200,f717c518-05ab-43f2-aeab-072d31581934,2026-08-08T16:45:00Z,2026-08-08T18:45:00+0200,82.1015,MW,DK2,DK_2,actual_offshore_wind_generation,Wind Offshore,2026-08-10T16:50:24Z
2026-08-10T16:45:28Z,2026-08-10T18:45:28+0200,f717c518-05ab-43f2-aeab-072d31581934,2026-08-08T17:00:00Z,2026-08-08T19:00:00+0200,92.9173,MW,DK2,DK_2,actual_offshore_wind_generation,Wind Offshore,2026-08-10T16:50:24Z
2026-08-10T16:45:28Z,2026-08-10T18:45:28+0200,f717c518-05ab-43f2-aeab-072d31581934,2026-08-08T17:15:00Z,2026-08-08T19:15:00+0200,98.2966,MW,DK2,DK_2,actual_offshore_wind_generation,Wind Offshore,2026-08-10T16:50:24Z
2026-08-10T16:45:28Z,2026-08-10T18:45:28+0200,f717c518-05ab-43f2-aeab-072d31581934,2026-08-08T17:30:00Z,2026-08-08T19:30:00+0200,103.265,MW,DK2,DK_2,actual_offshore_wind_generation,Wind Offshore,2026-08-10T16:50:24Z
2026-08-10T16:45:28Z,2026-08-10T18:45:28+0200,f717c518-05ab-43f2-aeab-072d31581934,2026-08-08T17:45:00Z,2026-08-08T19:45:00+0200,104.73,MW,DK2,DK_2,actual_offshore_wind_generation,Wind Offshore,2026-08-10T16:50:24Z
2026-08-10T16:45:28Z,2026-08-10T18:45:28+0200,f717c518-05ab-43f2-aeab-072d31581934,2026-08-08T18:00:00Z,2026-08-08T20:00:00+0200,94.5559,MW,DK2,DK_2,actual_offshore_wind_generation,Wind Offshore,2026-08-10T16:50:24Z
2026-08-10T16:45:28Z,2026-08-10T18:45:28+0200,f717c518-05ab-43f2-aeab-072d31581934,2026-08-08T18:15:00Z,2026-08-08T20:15:00+0200,89.3237,MW,DK2,DK_2,actual_offshore_wind_generation,Wind Offshore,2026-08-10T16:50:24Z
2026-08-10T16:45:28Z,2026-08-10T18:45:28+0200,f717c518-05ab-43f2-aeab-072d31581934,2026-08-08T18:30:00Z,2026-08-08T20:30:00+0200,82.611,MW,DK2,DK_2,actual_offshore_wind_generation,Wind Offshore,2026-08-10T16:50:24Z
2026-08-10T16:45:28Z,2026-08-10T18:45:28+0200,f717c518-05ab-43f2-aeab-072d31581934,2026-08-08T18:45:00Z,2026-08-08T20:45:00+0200,81.6965,MW,DK2,DK_2,actual_offshore_wind_generation,Wind Offshore,2026-08-10T16:50:24Z
2026-08-10T16:45:28Z,2026-08-10T18:45:28+0200,f717c518-05ab-43f2-aeab-072d31581934,2026-08-08T19:00:00Z,2026-08-08T21:00:00+0200,82.1171,MW,DK2,DK_2,actual_offshore_wind_generation,Wind Offshore,2026-08-10T16:50:24Z
2026-08-10T16:45:28Z,2026-08-10T18:45:28+0200,f717c518-05ab-43f2-aeab-072d31581934,2026-08-08T19:15:00Z,2026-08-08T21:15:00+0200,74.5962,MW,DK2,DK_2,actual_offshore_wind_generation,Wind Offshore,2026-08-10T16:50:24Z
2026-08-10T16:45:28Z,2026-08-10T18:45:28+0200,f717c518-05ab-43f2-aeab-072d31581934,2026-08-08T19:30:00Z,2026-08-08T21:30:00+0200,67.6476,MW,DK2,DK_2,actual_offshore_wind_generation,Wind Offshore,2026-08-10T16:50:24Z
2026-08-10T16:45:28Z,2026-08-10T18:45:28+0200,f717c518-05ab-43f2-aeab-072d31581934,2026-08-08T19:45:00Z,2026-08-08T21:45:00+0200,59.6043,MW,DK2,DK_2,actual_offshore_wind_generation,Wind Offshore,2026-08-10T16:50:24Z
2026-08-10T16:45:28Z,2026-08-10T18:45:28+0200,f717c518-05ab-43f2-aeab-072d31581934,2026-08-08T20:00:00Z,2026-08-08T22:00:00+0200,50.5905,MW,DK2,DK_2,actual_offshore_wind_generation,Wind Offshore,2026-08-10T16:50:24Z
2026-08-10T16:45:28Z,2026-08-10T18:45:28+0200,f717c518-05ab-43f2-aeab-072d31581934,2026-08-08T20:15:00Z,2026-08-08T22:15:00+0200,46.6867,MW,DK2,DK_2,actual_offshore_wind_generation,Wind Offshore,2026-08-10T16:50:24Z
2026-08-10T16:45:28Z,2026-08-10T18:45:28+0200,f717c518-05ab-43f2-aeab-072d31581934,2026-08-08T20:30:00Z,2026-08-08T22:30:00+0200,46.8355,MW,DK2,DK_2,actual_offshore_wind_generation,Wind Offshore,2026-08-10T16:50:24Z
2026-08-10T16:45:28Z,2026-08-10T18:45:28+0200,f717c518-05ab-43f2-aeab-072d31581934,2026-08-08T20:45:00Z,2026-08-08T22:45:00+0200,53.7891,MW,DK2,DK_2,actual_offshore_wind_generation,Wind Offshore,2026-08-10T16:50:24Z
2026-08-10T16:45:28Z,2026-08-10T18:45:28+0200,f717c518-05ab-43f2-aeab-072d31581934,2026-08-08T21:00:00Z,2026-08-08T23:00:00+0200,63.5475,MW,DK2,DK_2,actual_offshore_wind_generation,Wind Offshore,2026-08-10T16:50:24Z
2026-08-10T16:45:28Z,2026-08-10T18:45:28+0200,f717c518-05ab-43f2-aeab-072d31581934,2026-08-08T21:15:00Z,2026-08-08T23:15:00+0200,77.2541,MW,DK2,DK_2,actual_offshore_wind_generation,Wind Offshore,2026-08-10T16:50:24Z
2026-08-10T16:45:28Z,2026-08-10T18:45:28+0200,f717c518-05ab-43f2-aeab-072d31581934,2026-08-08T21:30:00Z,2026-08-08T23:30:00+0200,99.0271,MW,DK2,DK_2,actual_offshore_wind_generation,Wind Offshore,2026-08-10T16:50:24Z
2026-08-10T16:45:28Z,2026-08-10T18:45:28+0200,f717c518-05ab-43f2-aeab-072d31581934,2026-08-08T21:45:00Z,2026-08-08T23:45:00+0200,133.831,MW,DK2,DK_2,actual_offshore_wind_generation,Wind Offshore,2026-08-10T16:50:24Z
2026-08-10T16:45:28Z,2026-08-10T18:45:28+0200,f717c518-05ab-43f2-aeab-072d31581934,2026-08-08T22:00:00Z,2026-08-09T00:00:00+0200,181.391,MW,DK2,DK_2,actual_offshore_wind_generation,Wind Offshore,2026-08-10T16:50:24Z
2026-08-10T16:45:28Z,2026-08-10T18:45:28+0200,f717c518-05ab-43f2-aeab-072d31581934,2026-08-08T22:15:00Z,2026-08-09T00:15:00+0200,205.94,MW,DK2,DK_2,actual_offshore_wind_generation,Wind Offshore,2026-08-10T16:50:24Z
2026-08-10T16:45:28Z,2026-08-10T18:45:28+0200,f717c518-05ab-43f2-aeab-072d31581934,2026-08-08T22:30:00Z,2026-08-09T00:30:00+0200,234.849,MW,DK2,DK_2,actual_offshore_wind_generation,Wind Offshore,2026-08-10T16:50:24Z
2026-08-10T16:45:28Z,2026-08-10T18:45:28+0200,f717c518-05ab-43f2-aeab-072d31581934,2026-08-08T22:45:00Z,2026-08-09T00:45:00+0200,264.974,MW,DK2,DK_2,actual_offshore_wind_generation,Wind Offshore,2026-08-10T16:50:24Z
2026-08-10T16:45:28Z,2026-08-10T18:45:28+0200,f717c518-05ab-43f2-aeab-072d31581934,2026-08-08T23:00:00Z,2026-08-09T01:00:00+0200,265.454,MW,DK2,DK_2,actual_offshore_wind_generation,Wind Offshore,2026-08-10T16:50:24Z
2026-08-10T16:45:28Z,2026-08-10T18:45:28+0200,f717c518-05ab-43f2-aeab-072d31581934,2026-08-08T23:15:00Z,2026-08-09T01:15:00+0200,241.62,MW,DK2,DK_2,actual_offshore_wind_generation,Wind Offshore,2026-08-10T16:50:24Z
2026-08-10T16:45:28Z,2026-08-10T18:45:28+0200,f717c518-05ab-43f2-aeab-072d31581934,2026-08-08T23:30:00Z,2026-08-09T01:30:00+0200,242.487,MW,DK2,DK_2,actual_offshore_wind_generation,Wind Offshore,2026-08-10T16:50:24Z
2026-08-10T16:45:28Z,2026-08-10T18:45:28+0200,f717c518-05ab-43f2-aeab-072d31581934,2026-08-08T23:45:00Z,2026-08-09T01:45:00+0200,243.146,MW,DK2,DK_2,actual_offshore_wind_generation,Wind Offshore,2026-08-10T16:50:24Z
2026-08-10T16:45:28Z,2026-08-10T18:45:28+0200,f717c518-05ab-43f2-aeab-072d31581934,2026-08-09T00:00:00Z,2026-08-09T02:00:00+0200,248.217,MW,DK2,DK_2,actual_offshore_wind_generation,Wind Offshore,2026-08-10T16:50:24Z
2026-08-10T16:45:28Z,2026-08-10T18:45:28+0200,f717c518-05ab-43f2-aeab-072d31581934,2026-08-09T00:15:00Z,2026-08-09T02:15:00+0200,256.245,MW,DK2,DK_2,actual_offshore_wind_generation,Wind Offshore,2026-08-10T16:50:24Z
2026-08-10T16:45:28Z,2026-08-10T18:45:28+0200,f717c518-05ab-43f2-aeab-072d31581934,2026-08-09T00:30:00Z,2026-08-09T02:30:00+0200,257.193,MW,DK2,DK_2,actual_offshore_wind_generation,Wind Offshore,2026-08-10T16:50:24Z
2026-08-10T16:45:28Z,2026-08-10T18:45:28+0200,f717c518-05ab-43f2-aeab-072d31581934,2026-08-09T00:45:00Z,2026-08-09T02:45:00+0200,245.741,MW,DK2,DK_2,actual_offshore_wind_generation,Wind Offshore,2026-08-10T16:50:24Z
2026-08-10T16:45:28Z,2026-08-10T18:45:28+0200,f717c518-05ab-43f2-aeab-072d31581934,2026-08-09T01:00:00Z,2026-08-09T03:00:00+0200,245.974,MW,DK2,DK_2,actual_offshore_wind_generation,Wind Offshore,2026-08-10T16:50:24Z
2026-08-10T16:45:28Z,2026-08-10T18:45:28+0200,f717c518-05ab-43f2-aeab-072d31581934,2026-08-09T01:15:00Z,2026-08-09T03:15:00+0200,255.72,MW,DK2,DK_2,actual_offshore_wind_generation,Wind Offshore,2026-08-10T16:50:24Z
2026-08-10T16:45:28Z,2026-08-10T18:45:28+0200,f717c518-05ab-43f2-aeab-072d31581934,2026-08-09T01:30:00Z,2026-08-09T03:30:00+0200,249.989,MW,DK2,DK_2,actual_offshore_wind_generation,Wind Offshore,2026-08-10T16:50:24Z
2026-08-10T16:45:28Z,2026-08-10T18:45:28+0200,f717c518-05ab-43f2-aeab-072d31581934,2026-08-09T01:45:00Z,2026-08-09T03:45:00+0200,247.912,MW,DK2,DK_2,actual_offshore_wind_generation,Wind Offshore,2026-08-10T16:50:24Z
2026-08-10T16:45:28Z,2026-08-10T18:45:28+0200,f717c518-05ab-43f2-aeab-072d31581934,2026-08-09T02:00:00Z,2026-08-09T04:00:00+0200,222.367,MW,DK2,DK_2,actual_offshore_wind_generation,Wind Offshore,2026-08-10T16:50:24Z
2026-08-10T16:45:28Z,2026-08-10T18:45:28+0200,f717c518-05ab-43f2-aeab-072d31581934,2026-08-09T02:15:00Z,2026-08-09T04:15:00+0200,200.291,MW,DK2,DK_2,actual_offshore_wind_generation,Wind Offshore,2026-08-10T16:50:24Z
2026-08-10T16:45:28Z,2026-08-10T18:45:28+0200,f717c518-05ab-43f2-aeab-072d31581934,2026-08-09T02:30:00Z,2026-08-09T04:30:00+0200,190.198,MW,DK2,DK_2,actual_offshore_wind_generation,Wind Offshore,2026-08-10T16:50:24Z
2026-08-10T16:45:28Z,2026-08-10T18:45:28+0200,f717c518-05ab-43f2-aeab-072d31581934,2026-08-09T02:45:00Z,2026-08-09T04:45:00+0200,188.678,MW,DK2,DK_2,actual_offshore_wind_generation,Wind Offshore,2026-08-10T16:50:24Z
2026-08-10T16:45:28Z,2026-08-10T18:45:28+0200,f717c518-05ab-43f2-aeab-072d31581934,2026-08-09T03:00:00Z,2026-08-09T05:00:00+0200,197.639,MW,DK2,DK_2,actual_offshore_wind_generation,Wind Offshore,2026-08-10T16:50:24Z
2026-08-10T16:45:28Z,2026-08-10T18:45:28+0200,f717c518-05ab-43f2-aeab-072d31581934,2026-08-09T03:15:00Z,2026-08-09T05:15:00+0200,201.727,MW,DK2,DK_2,actual_offshore_wind_generation,Wind Offshore,2026-08-10T16:50:24Z
2026-08-10T16:45:28Z,2026-08-10T18:45:28+0200,f717c518-05ab-43f2-aeab-072d31581934,2026-08-09T03:30:00Z,2026-08-09T05:30:00+0200,212.65,MW,DK2,DK_2,actual_offshore_wind_generation,Wind Offshore,2026-08-10T16:50:24Z
2026-08-10T16:45:28Z,2026-08-10T18:45:28+0200,f717c518-05ab-43f2-aeab-072d31581934,2026-08-09T03:45:00Z,2026-08-09T05:45:00+0200,229.299,MW,DK2,DK_2,actual_offshore_wind_generation,Wind Offshore,2026-08-10T16:50:24Z
2026-08-10T16:45:28Z,2026-08-10T18:45:28+0200,f717c518-05ab-43f2-aeab-072d31581934,2026-08-09T04:00:00Z,2026-08-09T06:00:00+0200,244.328,MW,DK2,DK_2,actual_offshore_wind_generation,Wind Offshore,2026-08-10T16:50:24Z
2026-08-10T16:45:28Z,2026-08-10T18:45:28+0200,f717c518-05ab-43f2-aeab-072d31581934,2026-08-09T04:15:00Z,2026-08-09T06:15:00+0200,247.852,MW,DK2,DK_2,actual_offshore_wind_generation,Wind Offshore,2026-08-10T16:50:24Z
2026-08-10T16:45:28Z,2026-08-10T18:45:28+0200,f717c518-05ab-43f2-aeab-072d31581934,2026-08-09T04:30:00Z,2026-08-09T06:30:00+0200,250.92,MW,DK2,DK_2,actual_offshore_wind_generation,Wind Offshore,2026-08-10T16:50:24Z
2026-08-10T16:45:28Z,2026-08-10T18:45:28+0200,f717c518-05ab-43f2-aeab-072d31581934,2026-08-09T04:45:00Z,2026-08-09T06:45:00+0200,242.279,MW,DK2,DK_2,actual_offshore_wind_generation,Wind Offshore,2026-08-10T16:50:24Z
2026-08-10T16:45:28Z,2026-08-10T18:45:28+0200,f717c518-05ab-43f2-aeab-072d31581934,2026-08-09T05:00:00Z,2026-08-09T07:00:00+0200,239.104,MW,DK2,DK_2,actual_offshore_wind_generation,Wind Offshore,2026-08-10T16:50:24Z
2026-08-10T16:45:28Z,2026-08-10T18:45:28+0200,f717c518-05ab-43f2-aeab-072d31581934,2026-08-09T05:15:00Z,2026-08-09T07:15:00+0200,233.413,MW,DK2,DK_2,actual_offshore_wind_generation,Wind Offshore,2026-08-10T16:50:24Z
2026-08-10T16:45:28Z,2026-08-10T18:45:28+0200,f717c518-05ab-43f2-aeab-072d31581934,2026-08-09T05:30:00Z,2026-08-09T07:30:00+0200,219.179,MW,DK2,DK_2,actual_offshore_wind_generation,Wind Offshore,2026-08-10T16:50:24Z
2026-08-10T16:45:28Z,2026-08-10T18:45:28+0200,f717c518-05ab-43f2-aeab-072d31581934,2026-08-09T05:45:00Z,2026-08-09T07:45:00+0200,210.851,MW,DK2,DK_2,actual_offshore_wind_generation,Wind Offshore,2026-08-10T16:50:24Z
2026-08-10T16:45:28Z,2026-08-10T18:45:28+0200,f717c518-05ab-43f2-aeab-072d31581934,2026-08-09T06:00:00Z,2026-08-09T08:00:00+0200,212.213,MW,DK2,DK_2,actual_offshore_wind_generation,Wind Offshore,2026-08-10T16:50:24Z
2026-08-10T16:45:28Z,2026-08-10T18:45:28+0200,f717c518-05ab-43f2-aeab-072d31581934,2026-08-09T06:15:00Z,2026-08-09T08:15:00+0200,223.658,MW,DK2,DK_2,actual_offshore_wind_generation,Wind Offshore,2026-08-10T16:50:24Z
2026-08-10T16:45:28Z,2026-08-10T18:45:28+0200,f717c518-05ab-43f2-aeab-072d31581934,2026-08-09T06:30:00Z,2026-08-09T08:30:00+0200,234.907,MW,DK2,DK_2,actual_offshore_wind_generation,Wind Offshore,2026-08-10T16:50:24Z
2026-08-10T16:45:28Z,2026-08-10T18:45:28+0200,f717c518-05ab-43f2-aeab-072d31581934,2026-08-09T06:45:00Z,2026-08-09T08:45:00+0200,233.919,MW,DK2,DK_2,actual_offshore_wind_generation,Wind Offshore,2026-08-10T16:50:24Z
2026-08-10T16:45:28Z,2026-08-10T18:45:28+0200,f717c518-05ab-43f2-aeab-072d31581934,2026-08-09T07:00:00Z,2026-08-09T09:00:00+0200,233.531,MW,DK2,DK_2,actual_offshore_wind_generation,Wind Offshore,2026-08-10T16:50:24Z
2026-08-10T16:45:28Z,2026-08-10T18:45:28+0200,f717c518-05ab-43f2-aeab-072d31581934,2026-08-09T07:15:00Z,2026-08-09T09:15:00+0200,244.318,MW,DK2,DK_2,actual_offshore_wind_generation,Wind Offshore,2026-08-10T16:50:24Z
2026-08-10T16:45:28Z,2026-08-10T18:45:28+0200,f717c518-05ab-43f2-aeab-072d31581934,2026-08-09T07:30:00Z,2026-08-09T09:30:00+0200,158.174,MW,DK2,DK_2,actual_offshore_wind_generation,Wind Offshore,2026-08-10T16:50:24Z
2026-08-10T16:45:28Z,2026-08-10T18:45:28+0200,f717c518-05ab-43f2-aeab-072d31581934,2026-08-09T07:45:00Z,2026-08-09T09:45:00+0200,72.0863,MW,DK2,DK_2,actual_offshore_wind_generation,Wind Offshore,2026-08-10T16:50:24Z
2026-08-10T16:45:28Z,2026-08-10T18:45:28+0200,f717c518-05ab-43f2-aeab-072d31581934,2026-08-09T08:00:00Z,2026-08-09T10:00:00+0200,100.316,MW,DK2,DK_2,actual_offshore_wind_generation,Wind Offshore,2026-08-10T16:50:24Z
2026-08-10T16:45:28Z,2026-08-10T18:45:28+0200,f717c518-05ab-43f2-aeab-072d31581934,2026-08-09T08:15:00Z,2026-08-09T10:15:00+0200,103.602,MW,DK2,DK_2,actual_offshore_wind_generation,Wind Offshore,2026-08-10T16:50:24Z
2026-08-10T16:45:28Z,2026-08-10T18:45:28+0200,f717c518-05ab-43f2-aeab-072d31581934,2026-08-09T08:30:00Z,2026-08-09T10:30:00+0200,90.1224,MW,DK2,DK_2,actual_offshore_wind_generation,Wind Offshore,2026-08-10T16:50:24Z
2026-08-10T16:45:28Z,2026-08-10T18:45:28+0200,f717c518-05ab-43f2-aeab-072d31581934,2026-08-09T08:45:00Z,2026-08-09T10:45:00+0200,71.2159,MW,DK2,DK_2,actual_offshore_wind_generation,Wind Offshore,2026-08-10T16:50:24Z
2026-08-10T16:45:28Z,2026-08-10T18:45:28+0200,f717c518-05ab-43f2-aeab-072d31581934,2026-08-09T09:00:00Z,2026-08-09T11:00:00+0200,65.4016,MW,DK2,DK_2,actual_offshore_wind_generation,Wind Offshore,2026-08-10T16:50:24Z
2026-08-10T16:45:28Z,2026-08-10T18:45:28+0200,f717c518-05ab-43f2-aeab-072d31581934,2026-08-09T09:15:00Z,2026-08-09T11:15:00+0200,59.5059,MW,DK2,DK_2,actual_offshore_wind_generation,Wind Offshore,2026-08-10T16:50:24Z
2026-08-10T16:45:28Z,2026-08-10T18:45:28+0200,f717c518-05ab-43f2-aeab-072d31581934,2026-08-09T09:30:00Z,2026-08-09T11:30:00+0200,51.6197,MW,DK2,DK_2,actual_offshore_wind_generation,Wind Offshore,2026-08-10T16:50:24Z
2026-08-10T16:45:28Z,2026-08-10T18:45:28+0200,f717c518-05ab-43f2-aeab-072d31581934,2026-08-09T09:45:00Z,2026-08-09T11:45:00+0200,49.0547,MW,DK2,DK_2,actual_offshore_wind_generation,Wind Offshore,2026-08-10T16:50:24Z
2026-08-10T16:45:28Z,2026-08-10T18:45:28+0200,f717c518-05ab-43f2-aeab-072d31581934,2026-08-09T10:00:00Z,2026-08-09T12:00:00+0200,12.9038,MW,DK2,DK_2,actual_offshore_wind_generation,Wind Offshore,2026-08-10T16:50:24Z
2026-08-10T16:45:28Z,2026-08-10T18:45:28+0200,f717c518-05ab-43f2-aeab-072d31581934,2026-08-09T10:15:00Z,2026-08-09T12:15:00+0200,5.10603,MW,DK2,DK_2,actual_offshore_wind_generation,Wind Offshore,2026-08-10T16:50:24Z
2026-08-10T16:45:28Z,2026-08-10T18:45:28+0200,f717c518-05ab-43f2-aeab-072d31581934,2026-08-09T10:30:00Z,2026-08-09T12:30:00+0200,6.14568,MW,DK2,DK_2,actual_offshore_wind_generation,Wind Offshore,2026-08-10T16:50:24Z
2026-08-10T16:45:28Z,2026-08-10T18:45:28+0200,f717c518-05ab-43f2-aeab-072d31581934,2026-08-09T10:45:00Z,2026-08-09T12:45:00+0200,10.0737,MW,DK2,DK_2,actual_offshore_wind_generation,Wind Offshore,2026-08-10T16:50:24Z
2026-08-10T16:45:28Z,2026-08-10T18:45:28+0200,f717c518-05ab-43f2-aeab-072d31581934,2026-08-09T11:00:00Z,2026-08-09T13:00:00+0200,30.5663,MW,DK2,DK_2,actual_offshore_wind_generation,Wind Offshore,2026-08-10T16:50:24Z
2026-08-10T16:45:28Z,2026-08-10T18:45:28+0200,f717c518-05ab-43f2-aeab-072d31581934,2026-08-09T11:15:00Z,2026-08-09T13:15:00+0200,29.6852,MW,DK2,DK_2,actual_offshore_wind_generation,Wind Offshore,2026-08-10T16:50:24Z
2026-08-10T16:45:28Z,2026-08-10T18:45:28+0200,f717c518-05ab-43f2-aeab-072d31581934,2026-08-09T11:30:00Z,2026-08-09T13:30:00+0200,31.5517,MW,DK2,DK_2,actual_offshore_wind_generation,Wind Offshore,2026-08-10T16:50:24Z
2026-08-10T16:45:28Z,2026-08-10T18:45:28+0200,f717c518-05ab-43f2-aeab-072d31581934,2026-08-09T11:45:00Z,2026-08-09T13:45:00+0200,31.8421,MW,DK2,DK_2,actual_offshore_wind_generation,Wind Offshore,2026-08-10T16:50:24Z
2026-08-10T16:45:28Z,2026-08-10T18:45:28+0200,f717c518-05ab-43f2-aeab-072d31581934,2026-08-09T12:00:00Z,2026-08-09T14:00:00+0200,30.3279,MW,DK2,DK_2,actual_offshore_wind_generation,Wind Offshore,2026-08-10T16:50:24Z
2026-08-10T16:45:28Z,2026-08-10T18:45:28+0200,f717c518-05ab-43f2-aeab-072d31581934,2026-08-09T12:15:00Z,2026-08-09T14:15:00+0200,31.103,MW,DK2,DK_2,actual_offshore_wind_generation,Wind Offshore,2026-08-10T16:50:24Z
2026-08-10T16:45:28Z,2026-08-10T18:45:28+0200,f717c518-05ab-43f2-aeab-072d31581934,2026-08-09T12:30:00Z,2026-08-09T14:30:00+0200,33.1506,MW,DK2,DK_2,actual_offshore_wind_generation,Wind Offshore,2026-08-10T16:50:24Z
2026-08-10T16:45:28Z,2026-08-10T18:45:28+0200,f717c518-05ab-43f2-aeab-072d31581934,2026-08-09T12:45:00Z,2026-08-09T14:45:00+0200,40.9456,MW,DK2,DK_2,actual_offshore_wind_generation,Wind Offshore,2026-08-10T16:50:24Z
2026-08-10T16:45:28Z,2026-08-10T18:45:28+0200,f717c518-05ab-43f2-aeab-072d31581934,2026-08-09T13:00:00Z,2026-08-09T15:00:00+0200,26.6627,MW,DK2,DK_2,actual_offshore_wind_generation,Wind Offshore,2026-08-10T16:50:24Z
2026-08-10T16:45:28Z,2026-08-10T18:45:28+0200,f717c518-05ab-43f2-aeab-072d31581934,2026-08-09T13:15:00Z,2026-08-09T15:15:00+0200,20.1982,MW,DK2,DK_2,actual_offshore_wind_generation,Wind Offshore,2026-08-10T16:50:24Z
2026-08-10T16:45:28Z,2026-08-10T18:45:28+0200,f717c518-05ab-43f2-aeab-072d31581934,2026-08-09T13:30:00Z,2026-08-09T15:30:00+0200,11.8914,MW,DK2,DK_2,actual_offshore_wind_generation,Wind Offshore,2026-08-10T16:50:24Z
2026-08-10T16:45:28Z,2026-08-10T18:45:28+0200,f717c518-05ab-43f2-aeab-072d31581934,2026-08-09T13:45:00Z,2026-08-09T15:45:00+0200,10.9898,MW,DK2,DK_2,actual_offshore_wind_generation,Wind Offshore,2026-08-10T16:50:24Z
2026-08-10T16:45:28Z,2026-08-10T18:45:28+0200,f717c518-05ab-43f2-aeab-072d31581934,2026-08-09T14:00:00Z,2026-08-09T16:00:00+0200,9.45849,MW,DK2,DK_2,actual_offshore_wind_generation,Wind Offshore,2026-08-10T16:50:24Z
2026-08-10T16:45:28Z,2026-08-10T18:45:28+0200,f717c518-05ab-43f2-aeab-072d31581934,2026-08-09T14:15:00Z,2026-08-09T16:15:00+0200,9.31238,MW,DK2,DK_2,actual_offshore_wind_generation,Wind Offshore,2026-08-10T16:50:24Z
2026-08-10T16:45:28Z,2026-08-10T18:45:28+0200,f717c518-05ab-43f2-aeab-072d31581934,2026-08-09T14:30:00Z,2026-08-09T16:30:00+0200,9.05699,MW,DK2,DK_2,actual_offshore_wind_generation,Wind Offshore,2026-08-10T16:50:24Z
2026-08-10T16:45:28Z,2026-08-10T18:45:28+0200,f717c518-05ab-43f2-aeab-072d31581934,2026-08-09T14:45:00Z,2026-08-09T16:45:00+0200,300.051,MW,DK2,DK_2,actual_offshore_wind_generation,Wind Offshore,2026-08-10T16:50:24Z
2026-08-10T16:45:28Z,2026-08-10T18:45:28+0200,f717c518-05ab-43f2-aeab-072d31581934,2026-08-09T15:00:00Z,2026-08-09T17:00:00+0200,377.477,MW,DK2,DK_2,actual_offshore_wind_generation,Wind Offshore,2026-08-10T16:50:24Z
2026-08-10T16:45:28Z,2026-08-10T18:45:28+0200,f717c518-05ab-43f2-aeab-072d31581934,2026-08-09T15:15:00Z,2026-08-09T17:15:00+0200,338.986,MW,DK2,DK_2,actual_offshore_wind_generation,Wind Offshore,2026-08-10T16:50:24Z
2026-08-10T16:45:28Z,2026-08-10T18:45:28+0200,f717c518-05ab-43f2-aeab-072d31581934,2026-08-09T15:30:00Z,2026-08-09T17:30:00+0200,310.021,MW,DK2,DK_2,actual_offshore_wind_generation,Wind Offshore,2026-08-10T16:50:24Z
2026-08-10T16:45:28Z,2026-08-10T18:45:28+0200,f717c518-05ab-43f2-aeab-072d31581934,2026-08-09T15:45:00Z,2026-08-09T17:45:00+0200,277.925,MW,DK2,DK_2,actual_offshore_wind_generation,Wind Offshore,2026-08-10T16:50:24Z
2026-08-10T16:45:28Z,2026-08-10T18:45:28+0200,f717c518-05ab-43f2-aeab-072d31581934,2026-08-09T16:00:00Z,2026-08-09T18:00:00+0200,263.769,MW,DK2,DK_2,actual_offshore_wind_generation,Wind Offshore,2026-08-10T16:50:24Z
2026-08-10T16:45:28Z,2026-08-10T18:45:28+0200,f717c518-05ab-43f2-aeab-072d31581934,2026-08-09T16:15:00Z,2026-08-09T18:15:00+0200,270.257,MW,DK2,DK_2,actual_offshore_wind_generation,Wind Offshore,2026-08-10T16:50:24Z
2026-08-10T16:45:28Z,2026-08-10T18:45:28+0200,f717c518-05ab-43f2-aeab-072d31581934,2026-08-09T16:30:00Z,2026-08-09T18:30:00+0200,265.751,MW,DK2,DK_2,actual_offshore_wind_generation,Wind Offshore,2026-08-10T16:50:24Z
2026-08-10T16:45:28Z,2026-08-10T18:45:28+0200,f717c518-05ab-43f2-aeab-072d31581934,2026-08-09T16:45:00Z,2026-08-09T18:45:00+0200,246.388,MW,DK2,DK_2,actual_offshore_wind_generation,Wind Offshore,2026-08-10T16:50:24Z
2026-08-10T16:45:28Z,2026-08-10T18:45:28+0200,f717c518-05ab-43f2-aeab-072d31581934,2026-08-09T17:00:00Z,2026-08-09T19:00:00+0200,216.156,MW,DK2,DK_2,actual_offshore_wind_generation,Wind Offshore,2026-08-10T16:50:24Z
2026-08-10T16:45:28Z,2026-08-10T18:45:28+0200,f717c518-05ab-43f2-aeab-072d31581934,2026-08-09T17:15:00Z,2026-08-09T19:15:00+0200,203.818,MW,DK2,DK_2,actual_offshore_wind_generation,Wind Offshore,2026-08-10T16:50:24Z
2026-08-10T16:45:28Z,2026-08-10T18:45:28+0200,f717c518-05ab-43f2-aeab-072d31581934,2026-08-09T17:30:00Z,2026-08-09T19:30:00+0200,191.734,MW,DK2,DK_2,actual_offshore_wind_generation,Wind Offshore,2026-08-10T16:50:24Z
2026-08-10T16:45:28Z,2026-08-10T18:45:28+0200,f717c518-05ab-43f2-aeab-072d31581934,2026-08-09T17:45:00Z,2026-08-09T19:45:00+0200,192.462,MW,DK2,DK_2,actual_offshore_wind_generation,Wind Offshore,2026-08-10T16:50:24Z
2026-08-10T16:45:28Z,2026-08-10T18:45:28+0200,f717c518-05ab-43f2-aeab-072d31581934,2026-08-09T18:00:00Z,2026-08-09T20:00:00+0200,190.255,MW,DK2,DK_2,actual_offshore_wind_generation,Wind Offshore,2026-08-10T16:50:24Z
2026-08-10T16:45:28Z,2026-08-10T18:45:28+0200,f717c518-05ab-43f2-aeab-072d31581934,2026-08-09T18:15:00Z,2026-08-09T20:15:00+0200,200.024,MW,DK2,DK_2,actual_offshore_wind_generation,Wind Offshore,2026-08-10T16:50:24Z
2026-08-10T16:45:28Z,2026-08-10T18:45:28+0200,f717c518-05ab-43f2-aeab-072d31581934,2026-08-09T18:30:00Z,2026-08-09T20:30:00+0200,203.342,MW,DK2,DK_2,actual_offshore_wind_generation,Wind Offshore,2026-08-10T16:50:24Z
2026-08-10T16:45:28Z,2026-08-10T18:45:28+0200,f717c518-05ab-43f2-aeab-072d31581934,2026-08-09T18:45:00Z,2026-08-09T20:45:00+0200,239.981,MW,DK2,DK_2,actual_offshore_wind_generation,Wind Offshore,2026-08-10T16:50:24Z
2026-08-10T16:45:28Z,2026-08-10T18:45:28+0200,f717c518-05ab-43f2-aeab-072d31581934,2026-08-09T19:00:00Z,2026-08-09T21:00:00+0200,319.066,MW,DK2,DK_2,actual_offshore_wind_generation,Wind Offshore,2026-08-10T16:50:24Z
2026-08-10T16:45:28Z,2026-08-10T18:45:28+0200,f717c518-05ab-43f2-aeab-072d31581934,2026-08-09T19:15:00Z,2026-08-09T21:15:00+0200,379.409,MW,DK2,DK_2,actual_offshore_wind_generation,Wind Offshore,2026-08-10T16:50:24Z
2026-08-10T16:45:28Z,2026-08-10T18:45:28+0200,f717c518-05ab-43f2-aeab-072d31581934,2026-08-09T19:30:00Z,2026-08-09T21:30:00+0200,418.271,MW,DK2,DK_2,actual_offshore_wind_generation,Wind Offshore,2026-08-10T16:50:24Z
2026-08-10T16:45:28Z,2026-08-10T18:45:28+0200,f717c518-05ab-43f2-aeab-072d31581934,2026-08-09T19:45:00Z,2026-08-09T21:45:00+0200,431.111,MW,DK2,DK_2,actual_offshore_wind_generation,Wind Offshore,2026-08-10T16:50:24Z
2026-08-10T16:45:28Z,2026-08-10T18:45:28+0200,f717c518-05ab-43f2-aeab-072d31581934,2026-08-09T20:00:00Z,2026-08-09T22:00:00+0200,412.529,MW,DK2,DK_2,actual_offshore_wind_generation,Wind Offshore,2026-08-10T16:50:24Z
2026-08-10T16:45:28Z,2026-08-10T18:45:28+0200,f717c518-05ab-43f2-aeab-072d31581934,2026-08-09T20:15:00Z,2026-08-09T22:15:00+0200,402.68,MW,DK2,DK_2,actual_offshore_wind_generation,Wind Offshore,2026-08-10T16:50:24Z
2026-08-10T16:45:28Z,2026-08-10T18:45:28+0200,f717c518-05ab-43f2-aeab-072d31581934,2026-08-09T20:30:00Z,2026-08-09T22:30:00+0200,398.079,MW,DK2,DK_2,actual_offshore_wind_generation,Wind Offshore,2026-08-10T16:50:24Z
2026-08-10T16:45:28Z,2026-08-10T18:45:28+0200,f717c518-05ab-43f2-aeab-072d31581934,2026-08-09T20:45:00Z,2026-08-09T22:45:00+0200,376.374,MW,DK2,DK_2,actual_offshore_wind_generation,Wind Offshore,2026-08-10T16:50:24Z
2026-08-10T16:45:28Z,2026-08-10T18:45:28+0200,f717c518-05ab-43f2-aeab-072d31581934,2026-08-09T21:00:00Z,2026-08-09T23:00:00+0200,341.795,MW,DK2,DK_2,actual_offshore_wind_generation,Wind Offshore,2026-08-10T16:50:24Z
2026-08-10T16:45:28Z,2026-08-10T18:45:28+0200,f717c518-05ab-43f2-aeab-072d31581934,2026-08-09T21:15:00Z,2026-08-09T23:15:00+0200,292.915,MW,DK2,DK_2,actual_offshore_wind_generation,Wind Offshore,2026-08-10T16:50:24Z
2026-08-10T16:45:28Z,2026-08-10T18:45:28+0200,f717c518-05ab-43f2-aeab-072d31581934,2026-08-09T21:30:00Z,2026-08-09T23:30:00+0200,249.453,MW,DK2,DK_2,actual_offshore_wind_generation,Wind Offshore,2026-08-10T16:50:24Z
2026-08-10T16:45:28Z,2026-08-10T18:45:28+0200,f717c518-05ab-43f2-aeab-072d31581934,2026-08-09T21:45:00Z,2026-08-09T23:45:00+0200,282.629,MW,DK2,DK_2,actual_offshore_wind_generation,Wind Offshore,2026-08-10T16:50:24Z
2026-08-10T16:45:28Z,2026-08-10T18:45:28+0200,f717c518-05ab-43f2-aeab-072d31581934,2026-08-09T22:00:00Z,2026-08-10T00:00:00+0200,394.41,MW,DK2,DK_2,actual_offshore_wind_generation,Wind Offshore,2026-08-10T16:50:24Z
2026-08-10T16:45:28Z,2026-08-10T18:45:28+0200,f717c518-05ab-43f2-aeab-072d31581934,2026-08-09T22:15:00Z,2026-08-10T00:15:00+0200,437.237,MW,DK2,DK_2,actual_offshore_wind_generation,Wind Offshore,2026-08-10T16:50:24Z
2026-08-10T16:45:28Z,2026-08-10T18:45:28+0200,f717c518-05ab-43f2-aeab-072d31581934,2026-08-09T22:30:00Z,2026-08-10T00:30:00+0200,494.058,MW,DK2,DK_2,actual_offshore_wind_generation,Wind Offshore,2026-08-10T16:50:24Z
2026-08-10T16:45:28Z,2026-08-10T18:45:28+0200,f717c518-05ab-43f2-aeab-072d31581934,2026-08-09T22:45:00Z,2026-08-10T00:45:00+0200,499.561,MW,DK2,DK_2,actual_offshore_wind_generation,Wind Offshore,2026-08-10T16:50:24Z
2026-08-10T16:45:28Z,2026-08-10T18:45:28+0200,f717c518-05ab-43f2-aeab-072d31581934,2026-08-09T23:00:00Z,2026-08-10T01:00:00+0200,437.8,MW,DK2,DK_2,actual_offshore_wind_generation,Wind Offshore,2026-08-10T16:50:24Z
2026-08-10T16:45:28Z,2026-08-10T18:45:28+0200,f717c518-05ab-43f2-aeab-072d31581934,2026-08-09T23:15:00Z,2026-08-10T01:15:00+0200,415.558,MW,DK2,DK_2,actual_offshore_wind_generation,Wind Offshore,2026-08-10T16:50:24Z
2026-08-10T16:45:28Z,2026-08-10T18:45:28+0200,f717c518-05ab-43f2-aeab-072d31581934,2026-08-09T23:30:00Z,2026-08-10T01:30:00+0200,391.101,MW,DK2,DK_2,actual_offshore_wind_generation,Wind Offshore,2026-08-10T16:50:24Z
2026-08-10T16:45:28Z,2026-08-10T18:45:28+0200,f717c518-05ab-43f2-aeab-072d31581934,2026-08-09T23:45:00Z,2026-08-10T01:45:00+0200,314.41,MW,DK2,DK_2,actual_offshore_wind_generation,Wind Offshore,2026-08-10T16:50:24Z
2026-08-10T16:45:28Z,2026-08-10T18:45:28+0200,f717c518-05ab-43f2-aeab-072d31581934,2026-08-10T00:00:00Z,2026-08-10T02:00:00+0200,286.577,MW,DK2,DK_2,actual_offshore_wind_generation,Wind Offshore,2026-08-10T16:50:24Z
2026-08-10T16:45:28Z,2026-08-10T18:45:28+0200,f717c518-05ab-43f2-aeab-072d31581934,2026-08-10T00:15:00Z,2026-08-10T02:15:00+0200,232.379,MW,DK2,DK_2,actual_offshore_wind_generation,Wind Offshore,2026-08-10T16:50:24Z
2026-08-10T16:45:28Z,2026-08-10T18:45:28+0200,f717c518-05ab-43f2-aeab-072d31581934,2026-08-10T00:30:00Z,2026-08-10T02:30:00+0200,181.372,MW,DK2,DK_2,actual_offshore_wind_generation,Wind Offshore,2026-08-10T16:50:24Z
2026-08-10T16:45:28Z,2026-08-10T18:45:28+0200,f717c518-05ab-43f2-aeab-072d31581934,2026-08-10T00:45:00Z,2026-08-10T02:45:00+0200,136.795,MW,DK2,DK_2,actual_offshore_wind_generation,Wind Offshore,2026-08-10T16:50:24Z
2026-08-10T16:45:28Z,2026-08-10T18:45:28+0200,f717c518-05ab-43f2-aeab-072d31581934,2026-08-10T01:00:00Z,2026-08-10T03:00:00+0200,112.468,MW,DK2,DK_2,actual_offshore_wind_generation,Wind Offshore,2026-08-10T16:50:24Z
2026-08-10T16:45:28Z,2026-08-10T18:45:28+0200,f717c518-05ab-43f2-aeab-072d31581934,2026-08-10T01:15:00Z,2026-08-10T03:15:00+0200,120.989,MW,DK2,DK_2,actual_offshore_wind_generation,Wind Offshore,2026-08-10T16:50:24Z
2026-08-10T16:45:28Z,2026-08-10T18:45:28+0200,f717c518-05ab-43f2-aeab-072d31581934,2026-08-10T01:30:00Z,2026-08-10T03:30:00+0200,124.029,MW,DK2,DK_2,actual_offshore_wind_generation,Wind Offshore,2026-08-10T16:50:24Z
2026-08-10T16:45:28Z,2026-08-10T18:45:28+0200,f717c518-05ab-43f2-aeab-072d31581934,2026-08-10T01:45:00Z,2026-08-10T03:45:00+0200,146.117,MW,DK2,DK_2,actual_offshore_wind_generation,Wind Offshore,2026-08-10T16:50:24Z
2026-08-10T16:45:28Z,2026-08-10T18:45:28+0200,f717c518-05ab-43f2-aeab-072d31581934,2026-08-10T02:00:00Z,2026-08-10T04:00:00+0200,151.966,MW,DK2,DK_2,actual_offshore_wind_generation,Wind Offshore,2026-08-10T16:50:24Z
2026-08-10T16:45:28Z,2026-08-10T18:45:28+0200,f717c518-05ab-43f2-aeab-072d31581934,2026-08-10T02:15:00Z,2026-08-10T04:15:00+0200,172.474,MW,DK2,DK_2,actual_offshore_wind_generation,Wind Offshore,2026-08-10T16:50:24Z
2026-08-10T16:45:28Z,2026-08-10T18:45:28+0200,f717c518-05ab-43f2-aeab-072d31581934,2026-08-10T02:30:00Z,2026-08-10T04:30:00+0200,188.547,MW,DK2,DK_2,actual_offshore_wind_generation,Wind Offshore,2026-08-10T16:50:24Z
2026-08-10T16:45:28Z,2026-08-10T18:45:28+0200,f717c518-05ab-43f2-aeab-072d31581934,2026-08-10T02:45:00Z,2026-08-10T04:45:00+0200,249.615,MW,DK2,DK_2,actual_offshore_wind_generation,Wind Offshore,2026-08-10T16:50:24Z
2026-08-10T16:45:28Z,2026-08-10T18:45:28+0200,f717c518-05ab-43f2-aeab-072d31581934,2026-08-10T03:00:00Z,2026-08-10T05:00:00+0200,296.592,MW,DK2,DK_2,actual_offshore_wind_generation,Wind Offshore,2026-08-10T16:50:24Z
2026-08-10T16:45:28Z,2026-08-10T18:45:28+0200,f717c518-05ab-43f2-aeab-072d31581934,2026-08-10T03:15:00Z,2026-08-10T05:15:00+0200,316.232,MW,DK2,DK_2,actual_offshore_wind_generation,Wind Offshore,2026-08-10T16:50:24Z
2026-08-10T16:45:28Z,2026-08-10T18:45:28+0200,f717c518-05ab-43f2-aeab-072d31581934,2026-08-10T03:30:00Z,2026-08-10T05:30:00+0200,327.11,MW,DK2,DK_2,actual_offshore_wind_generation,Wind Offshore,2026-08-10T16:50:24Z
2026-08-10T16:45:28Z,2026-08-10T18:45:28+0200,f717c518-05ab-43f2-aeab-072d31581934,2026-08-10T03:45:00Z,2026-08-10T05:45:00+0200,316.84,MW,DK2,DK_2,actual_offshore_wind_generation,Wind Offshore,2026-08-10T16:50:24Z
2026-08-10T16:45:28Z,2026-08-10T18:45:28+0200,f717c518-05ab-43f2-aeab-072d31581934,2026-08-10T04:00:00Z,2026-08-10T06:00:00+0200,269.166,MW,DK2,DK_2,actual_offshore_wind_generation,Wind Offshore,2026-08-10T16:50:24Z
2026-08-10T16:45:28Z,2026-08-10T18:45:28+0200,f717c518-05ab-43f2-aeab-072d31581934,2026-08-10T04:15:00Z,2026-08-10T06:15:00+0200,205.31,MW,DK2,DK_2,actual_offshore_wind_generation,Wind Offshore,2026-08-10T16:50:24Z
2026-08-10T16:45:28Z,2026-08-10T18:45:28+0200,f717c518-05ab-43f2-aeab-072d31581934,2026-08-10T04:30:00Z,2026-08-10T06:30:00+0200,157.477,MW,DK2,DK_2,actual_offshore_wind_generation,Wind Offshore,2026-08-10T16:50:24Z
2026-08-10T16:45:28Z,2026-08-10T18:45:28+0200,f717c518-05ab-43f2-aeab-072d31581934,2026-08-10T04:45:00Z,2026-08-10T06:45:00+0200,137.695,MW,DK2,DK_2,actual_offshore_wind_generation,Wind Offshore,2026-08-10T16:50:24Z
2026-08-10T16:45:28Z,2026-08-10T18:45:28+0200,f717c518-05ab-43f2-aeab-072d31581934,2026-08-10T05:00:00Z,2026-08-10T07:00:00+0200,107.584,MW,DK2,DK_2,actual_offshore_wind_generation,Wind Offshore,2026-08-10T16:50:24Z
2026-08-10T16:45:28Z,2026-08-10T18:45:28+0200,f717c518-05ab-43f2-aeab-072d31581934,2026-08-10T05:15:00Z,2026-08-10T07:15:00+0200,106.026,MW,DK2,DK_2,actual_offshore_wind_generation,Wind Offshore,2026-08-10T16:50:24Z
2026-08-10T16:45:28Z,2026-08-10T18:45:28+0200,f717c518-05ab-43f2-aeab-072d31581934,2026-08-10T05:30:00Z,2026-08-10T07:30:00+0200,107.208,MW,DK2,DK_2,actual_offshore_wind_generation,Wind Offshore,2026-08-10T16:50:24Z
2026-08-10T16:45:28Z,2026-08-10T18:45:28+0200,f717c518-05ab-43f2-aeab-072d31581934,2026-08-10T05:45:00Z,2026-08-10T07:45:00+0200,95.8767,MW,DK2,DK_2,actual_offshore_wind_generation,Wind Offshore,2026-08-10T16:50:24Z
2026-08-10T16:45:28Z,2026-08-10T18:45:28+0200,f717c518-05ab-43f2-aeab-072d31581934,2026-08-10T06:00:00Z,2026-08-10T08:00:00+0200,90.0088,MW,DK2,DK_2,actual_offshore_wind_generation,Wind Offshore,2026-08-10T16:50:24Z
2026-08-10T16:45:28Z,2026-08-10T18:45:28+0200,f717c518-05ab-43f2-aeab-072d31581934,2026-08-10T06:15:00Z,2026-08-10T08:15:00+0200,95.8765,MW,DK2,DK_2,actual_offshore_wind_generation,Wind Offshore,2026-08-10T16:50:24Z
2026-08-10T16:45:28Z,2026-08-10T18:45:28+0200,f717c518-05ab-43f2-aeab-072d31581934,2026-08-10T06:30:00Z,2026-08-10T08:30:00+0200,121.143,MW,DK2,DK_2,actual_offshore_wind_generation,Wind Offshore,2026-08-10T16:50:24Z
2026-08-10T16:45:28Z,2026-08-10T18:45:28+0200,f717c518-05ab-43f2-aeab-072d31581934,2026-08-10T06:45:00Z,2026-08-10T08:45:00+0200,157.705,MW,DK2,DK_2,actual_offshore_wind_generation,Wind Offshore,2026-08-10T16:50:24Z
2026-08-10T16:45:28Z,2026-08-10T18:45:28+0200,f717c518-05ab-43f2-aeab-072d31581934,2026-08-10T07:00:00Z,2026-08-10T09:00:00+0200,167.643,MW,DK2,DK_2,actual_offshore_wind_generation,Wind Offshore,2026-08-10T16:50:24Z
2026-08-10T16:45:28Z,2026-08-10T18:45:28+0200,f717c518-05ab-43f2-aeab-072d31581934,2026-08-10T07:15:00Z,2026-08-10T09:15:00+0200,209.012,MW,DK2,DK_2,actual_offshore_wind_generation,Wind Offshore,2026-08-10T16:50:24Z
2026-08-10T16:45:28Z,2026-08-10T18:45:28+0200,f717c518-05ab-43f2-aeab-072d31581934,2026-08-10T07:30:00Z,2026-08-10T09:30:00+0200,235.383,MW,DK2,DK_2,actual_offshore_wind_generation,Wind Offshore,2026-08-10T16:50:24Z
2026-08-10T16:45:28Z,2026-08-10T18:45:28+0200,f717c518-05ab-43f2-aeab-072d31581934,2026-08-10T07:45:00Z,2026-08-10T09:45:00+0200,232.529,MW,DK2,DK_2,actual_offshore_wind_generation,Wind Offshore,2026-08-10T16:50:24Z
2026-08-10T16:45:28Z,2026-08-10T18:45:28+0200,f717c518-05ab-43f2-aeab-072d31581934,2026-08-10T08:00:00Z,2026-08-10T10:00:00+0200,237.785,MW,DK2,DK_2,actual_offshore_wind_generation,Wind Offshore,2026-08-10T16:50:24Z
2026-08-10T16:45:28Z,2026-08-10T18:45:28+0200,f717c518-05ab-43f2-aeab-072d31581934,2026-08-10T08:15:00Z,2026-08-10T10:15:00+0200,211.578,MW,DK2,DK_2,actual_offshore_wind_generation,Wind Offshore,2026-08-10T16:50:24Z
2026-08-10T16:45:28Z,2026-08-10T18:45:28+0200,f717c518-05ab-43f2-aeab-072d31581934,2026-08-10T08:30:00Z,2026-08-10T10:30:00+0200,201.566,MW,DK2,DK_2,actual_offshore_wind_generation,Wind Offshore,2026-08-10T16:50:24Z
2026-08-10T16:45:28Z,2026-08-10T18:45:28+0200,f717c518-05ab-43f2-aeab-072d31581934,2026-08-10T08:45:00Z,2026-08-10T10:45:00+0200,190.883,MW,DK2,DK_2,actual_offshore_wind_generation,Wind Offshore,2026-08-10T16:50:24Z
2026-08-10T16:45:28Z,2026-08-10T18:45:28+0200,f717c518-05ab-43f2-aeab-072d31581934,2026-08-10T09:00:00Z,2026-08-10T11:00:00+0200,164.744,MW,DK2,DK_2,actual_offshore_wind_generation,Wind Offshore,2026-08-10T16:50:24Z
2026-08-10T16:45:28Z,2026-08-10T18:45:28+0200,f717c518-05ab-43f2-aeab-072d31581934,2026-08-10T09:15:00Z,2026-08-10T11:15:00+0200,121.247,MW,DK2,DK_2,actual_offshore_wind_generation,Wind Offshore,2026-08-10T16:50:24Z
2026-08-10T16:45:28Z,2026-08-10T18:45:28+0200,f717c518-05ab-43f2-aeab-072d31581934,2026-08-10T09:30:00Z,2026-08-10T11:30:00+0200,97.4434,MW,DK2,DK_2,actual_offshore_wind_generation,Wind Offshore,2026-08-10T16:50:24Z
2026-08-10T16:45:28Z,2026-08-10T18:45:28+0200,f717c518-05ab-43f2-aeab-072d31581934,2026-08-10T09:45:00Z,2026-08-10T11:45:00+0200,111.571,MW,DK2,DK_2,actual_offshore_wind_generation,Wind Offshore,2026-08-10T16:50:24Z
2026-08-10T16:45:28Z,2026-08-10T18:45:28+0200,f717c518-05ab-43f2-aeab-072d31581934,2026-08-10T10:00:00Z,2026-08-10T12:00:00+0200,105.941,MW,DK2,DK_2,actual_offshore_wind_generation,Wind Offshore,2026-08-10T16:50:24Z
2026-08-10T16:45:28Z,2026-08-10T18:45:28+0200,f717c518-05ab-43f2-aeab-072d31581934,2026-08-10T10:15:00Z,2026-08-10T12:15:00+0200,89.8562,MW,DK2,DK_2,actual_offshore_wind_generation,Wind Offshore,2026-08-10T16:50:24Z
2026-08-10T16:45:28Z,2026-08-10T18:45:28+0200,f717c518-05ab-43f2-aeab-072d31581934,2026-08-10T10:30:00Z,2026-08-10T12:30:00+0200,85.4269,MW,DK2,DK_2,actual_offshore_wind_generation,Wind Offshore,2026-08-10T16:50:24Z
2026-08-10T16:45:28Z,2026-08-10T18:45:28+0200,f717c518-05ab-43f2-aeab-072d31581934,2026-08-10T10:45:00Z,2026-08-10T12:45:00+0200,90.1649,MW,DK2,DK_2,actual_offshore_wind_generation,Wind Offshore,2026-08-10T16:50:24Z
2026-08-10T16:45:28Z,2026-08-10T18:45:28+0200,f717c518-05ab-43f2-aeab-072d31581934,2026-08-10T11:00:00Z,2026-08-10T13:00:00+0200,111.347,MW,DK2,DK_2,actual_offshore_wind_generation,Wind Offshore,2026-08-10T16:50:24Z
2026-08-10T16:45:28Z,2026-08-10T18:45:28+0200,f717c518-05ab-43f2-aeab-072d31581934,2026-08-10T11:15:00Z,2026-08-10T13:15:00+0200,135.354,MW,DK2,DK_2,actual_offshore_wind_generation,Wind Offshore,2026-08-10T16:50:24Z
2026-08-10T16:45:28Z,2026-08-10T18:45:28+0200,f717c518-05ab-43f2-aeab-072d31581934,2026-08-10T11:30:00Z,2026-08-10T13:30:00+0200,181.925,MW,DK2,DK_2,actual_offshore_wind_generation,Wind Offshore,2026-08-10T16:50:24Z
2026-08-10T16:45:28Z,2026-08-10T18:45:28+0200,f717c518-05ab-43f2-aeab-072d31581934,2026-08-10T11:45:00Z,2026-08-10T13:45:00+0200,202.945,MW,DK2,DK_2,actual_offshore_wind_generation,Wind Offshore,2026-08-10T16:50:24Z
2026-08-10T16:45:28Z,2026-08-10T18:45:28+0200,f717c518-05ab-43f2-aeab-072d31581934,2026-08-10T12:00:00Z,2026-08-10T14:00:00+0200,193.388,MW,DK2,DK_2,actual_offshore_wind_generation,Wind Offshore,2026-08-10T16:50:24Z
2026-08-10T16:45:28Z,2026-08-10T18:45:28+0200,f717c518-05ab-43f2-aeab-072d31581934,2026-08-10T12:15:00Z,2026-08-10T14:15:00+0200,199.548,MW,DK2,DK_2,actual_offshore_wind_generation,Wind Offshore,2026-08-10T16:50:24Z
2026-08-10T16:45:28Z,2026-08-10T18:45:28+0200,f717c518-05ab-43f2-aeab-072d31581934,2026-08-10T12:30:00Z,2026-08-10T14:30:00+0200,257.291,MW,DK2,DK_2,actual_offshore_wind_generation,Wind Offshore,2026-08-10T16:50:24Z
2026-08-10T16:45:28Z,2026-08-10T18:45:28+0200,f717c518-05ab-43f2-aeab-072d31581934,2026-08-10T12:45:00Z,2026-08-10T14:45:00+0200,332.086,MW,DK2,DK_2,actual_offshore_wind_generation,Wind Offshore,2026-08-10T16:50:24Z
2026-08-10T16:45:28Z,2026-08-10T18:45:28+0200,f717c518-05ab-43f2-aeab-072d31581934,2026-08-10T13:00:00Z,2026-08-10T15:00:00+0200,357.543,MW,DK2,DK_2,actual_offshore_wind_generation,Wind Offshore,2026-08-10T16:50:24Z
2026-08-10T16:45:28Z,2026-08-10T18:45:28+0200,f717c518-05ab-43f2-aeab-072d31581934,2026-08-10T13:15:00Z,2026-08-10T15:15:00+0200,444.145,MW,DK2,DK_2,actual_offshore_wind_generation,Wind Offshore,2026-08-10T16:50:24Z
2026-08-10T16:45:28Z,2026-08-10T18:45:28+0200,f717c518-05ab-43f2-aeab-072d31581934,2026-08-10T13:30:00Z,2026-08-10T15:30:00+0200,401.169,MW,DK2,DK_2,actual_offshore_wind_generation,Wind Offshore,2026-08-10T16:50:24Z
2026-08-10T16:45:28Z,2026-08-10T18:45:28+0200,f717c518-05ab-43f2-aeab-072d31581934,2026-08-10T13:45:00Z,2026-08-10T15:45:00+0200,364.037,MW,DK2,DK_2,actual_offshore_wind_generation,Wind Offshore,2026-08-10T16:50:24Z
2026-08-10T16:45:28Z,2026-08-10T18:45:28+0200,f717c518-05ab-43f2-aeab-072d31581934,2026-08-10T14:00:00Z,2026-08-10T16:00:00+0200,356.645,MW,DK2,DK_2,actual_offshore_wind_generation,Wind Offshore,2026-08-10T16:50:24Z
2026-08-10T16:45:28Z,2026-08-10T18:45:28+0200,f717c518-05ab-43f2-aeab-072d31581934,2026-08-10T14:15:00Z,2026-08-10T16:15:00+0200,347.235,MW,DK2,DK_2,actual_offshore_wind_generation,Wind Offshore,2026-08-10T16:50:24Z
2026-08-10T16:45:28Z,2026-08-10T18:45:28+0200,f717c518-05ab-43f2-aeab-072d31581934,2026-08-10T14:30:00Z,2026-08-10T16:30:00+0200,355.609,MW,DK2,DK_2,actual_offshore_wind_generation,Wind Offshore,2026-08-10T16:50:24Z
2026-08-10T16:45:28Z,2026-08-10T18:45:28+0200,f717c518-05ab-43f2-aeab-072d31581934,2026-08-10T14:45:00Z,2026-08-10T16:45:00+0200,329.67,MW,DK2,DK_2,actual_offshore_wind_generation,Wind Offshore,2026-08-10T16:50:24Z
2026-08-10T16:45:28Z,2026-08-10T18:45:28+0200,f717c518-05ab-43f2-aeab-072d31581934,2026-08-10T15:00:00Z,2026-08-10T17:00:00+0200,333.16,MW,DK2,DK_2,actual_offshore_wind_generation,Wind Offshore,2026-08-10T16:50:24Z
2026-08-10T16:45:28Z,2026-08-10T18:45:28+0200,f717c518-05ab-43f2-aeab-072d31581934,2026-08-10T15:15:00Z,2026-08-10T17:15:00+0200,335.531,MW,DK2,DK_2,actual_offshore_wind_generation,Wind Offshore,2026-08-10T16:50:24Z
2026-08-10T16:45:28Z,2026-08-10T18:45:28+0200,f717c518-05ab-43f2-aeab-072d31581934,2026-08-10T15:30:00Z,2026-08-10T17:30:00+0200,335.009,MW,DK2,DK_2,actual_offshore_wind_generation,Wind Offshore,2026-08-10T16:50:24Z
