collection_time_utc,collection_time_local,run_id,timestamp_utc,timestamp_local,value,unit,country,entsoe_area,variable,source,updated_at_utc
2026-07-19T10:00:07Z,2026-07-19T12:00:07+0200,0122f339-e99c-4669-a7fd-e7d31a0b8b3d,2026-06-18T10:15:00Z,2026-06-18T12:15:00+0200,50950.0,MW,FR,FR,forecast_load,Forecasted Load,2026-07-19T10:02:06Z
2026-07-19T10:00:07Z,2026-07-19T12:00:07+0200,0122f339-e99c-4669-a7fd-e7d31a0b8b3d,2026-06-18T10:30:00Z,2026-06-18T12:30:00+0200,50900.0,MW,FR,FR,forecast_load,Forecasted Load,2026-07-19T10:02:06Z
2026-07-19T10:00:07Z,2026-07-19T12:00:07+0200,0122f339-e99c-4669-a7fd-e7d31a0b8b3d,2026-06-18T10:45:00Z,2026-06-18T12:45:00+0200,51350.0,MW,FR,FR,forecast_load,Forecasted Load,2026-07-19T10:02:06Z
2026-07-19T10:00:07Z,2026-07-19T12:00:07+0200,0122f339-e99c-4669-a7fd-e7d31a0b8b3d,2026-06-18T11:00:00Z,2026-06-18T13:00:00+0200,51800.0,MW,FR,FR,forecast_load,Forecasted Load,2026-07-19T10:02:06Z
2026-07-19T10:00:07Z,2026-07-19T12:00:07+0200,0122f339-e99c-4669-a7fd-e7d31a0b8b3d,2026-06-18T11:15:00Z,2026-06-18T13:15:00+0200,51350.0,MW,FR,FR,forecast_load,Forecasted Load,2026-07-19T10:02:06Z
2026-07-19T10:00:07Z,2026-07-19T12:00:07+0200,0122f339-e99c-4669-a7fd-e7d31a0b8b3d,2026-06-18T11:30:00Z,2026-06-18T13:30:00+0200,50900.0,MW,FR,FR,forecast_load,Forecasted Load,2026-07-19T10:02:06Z
2026-07-19T10:00:07Z,2026-07-19T12:00:07+0200,0122f339-e99c-4669-a7fd-e7d31a0b8b3d,2026-06-18T11:45:00Z,2026-06-18T13:45:00+0200,50500.0,MW,FR,FR,forecast_load,Forecasted Load,2026-07-19T10:02:06Z
2026-07-19T10:00:07Z,2026-07-19T12:00:07+0200,0122f339-e99c-4669-a7fd-e7d31a0b8b3d,2026-06-18T12:00:00Z,2026-06-18T14:00:00+0200,50100.0,MW,FR,FR,forecast_load,Forecasted Load,2026-07-19T10:02:06Z
2026-07-19T10:00:07Z,2026-07-19T12:00:07+0200,0122f339-e99c-4669-a7fd-e7d31a0b8b3d,2026-06-18T12:15:00Z,2026-06-18T14:15:00+0200,50950.0,MW,FR,FR,forecast_load,Forecasted Load,2026-07-19T10:02:06Z
2026-07-19T10:00:07Z,2026-07-19T12:00:07+0200,0122f339-e99c-4669-a7fd-e7d31a0b8b3d,2026-06-18T12:30:00Z,2026-06-18T14:30:00+0200,51800.0,MW,FR,FR,forecast_load,Forecasted Load,2026-07-19T10:02:06Z
2026-07-19T10:00:07Z,2026-07-19T12:00:07+0200,0122f339-e99c-4669-a7fd-e7d31a0b8b3d,2026-06-18T12:45:00Z,2026-06-18T14:45:00+0200,51600.0,MW,FR,FR,forecast_load,Forecasted Load,2026-07-19T10:02:06Z
2026-07-19T10:00:07Z,2026-07-19T12:00:07+0200,0122f339-e99c-4669-a7fd-e7d31a0b8b3d,2026-06-18T13:00:00Z,2026-06-18T15:00:00+0200,51400.0,MW,FR,FR,forecast_load,Forecasted Load,2026-07-19T10:02:06Z
2026-07-19T10:00:07Z,2026-07-19T12:00:07+0200,0122f339-e99c-4669-a7fd-e7d31a0b8b3d,2026-06-18T13:15:00Z,2026-06-18T15:15:00+0200,51100.0,MW,FR,FR,forecast_load,Forecasted Load,2026-07-19T10:02:06Z
2026-07-19T10:00:07Z,2026-07-19T12:00:07+0200,0122f339-e99c-4669-a7fd-e7d31a0b8b3d,2026-06-18T13:30:00Z,2026-06-18T15:30:00+0200,50800.0,MW,FR,FR,forecast_load,Forecasted Load,2026-07-19T10:02:06Z
2026-07-19T10:00:07Z,2026-07-19T12:00:07+0200,0122f339-e99c-4669-a7fd-e7d31a0b8b3d,2026-06-18T13:45:00Z,2026-06-18T15:45:00+0200,50550.0,MW,FR,FR,forecast_load,Forecasted Load,2026-07-19T10:02:06Z
2026-07-19T10:00:07Z,2026-07-19T12:00:07+0200,0122f339-e99c-4669-a7fd-e7d31a0b8b3d,2026-06-18T14:00:00Z,2026-06-18T16:00:00+0200,50300.0,MW,FR,FR,forecast_load,Forecasted Load,2026-07-19T10:02:06Z
2026-07-19T10:00:07Z,2026-07-19T12:00:07+0200,0122f339-e99c-4669-a7fd-e7d31a0b8b3d,2026-06-18T14:15:00Z,2026-06-18T16:15:00+0200,50200.0,MW,FR,FR,forecast_load,Forecasted Load,2026-07-19T10:02:06Z
2026-07-19T10:00:07Z,2026-07-19T12:00:07+0200,0122f339-e99c-4669-a7fd-e7d31a0b8b3d,2026-06-18T14:30:00Z,2026-06-18T16:30:00+0200,50100.0,MW,FR,FR,forecast_load,Forecasted Load,2026-07-19T10:02:06Z
2026-07-19T10:00:07Z,2026-07-19T12:00:07+0200,0122f339-e99c-4669-a7fd-e7d31a0b8b3d,2026-06-18T14:45:00Z,2026-06-18T16:45:00+0200,50050.0,MW,FR,FR,forecast_load,Forecasted Load,2026-07-19T10:02:06Z
2026-07-19T10:00:07Z,2026-07-19T12:00:07+0200,0122f339-e99c-4669-a7fd-e7d31a0b8b3d,2026-06-18T15:00:00Z,2026-06-18T17:00:00+0200,50000.0,MW,FR,FR,forecast_load,Forecasted Load,2026-07-19T10:02:06Z
2026-07-19T10:00:07Z,2026-07-19T12:00:07+0200,0122f339-e99c-4669-a7fd-e7d31a0b8b3d,2026-06-18T15:15:00Z,2026-06-18T17:15:00+0200,50250.0,MW,FR,FR,forecast_load,Forecasted Load,2026-07-19T10:02:06Z
2026-07-19T10:00:07Z,2026-07-19T12:00:07+0200,0122f339-e99c-4669-a7fd-e7d31a0b8b3d,2026-06-18T15:30:00Z,2026-06-18T17:30:00+0200,50500.0,MW,FR,FR,forecast_load,Forecasted Load,2026-07-19T10:02:06Z
2026-07-19T10:00:07Z,2026-07-19T12:00:07+0200,0122f339-e99c-4669-a7fd-e7d31a0b8b3d,2026-06-18T15:45:00Z,2026-06-18T17:45:00+0200,51000.0,MW,FR,FR,forecast_load,Forecasted Load,2026-07-19T10:02:06Z
2026-07-19T10:00:07Z,2026-07-19T12:00:07+0200,0122f339-e99c-4669-a7fd-e7d31a0b8b3d,2026-06-18T16:00:00Z,2026-06-18T18:00:00+0200,51500.0,MW,FR,FR,forecast_load,Forecasted Load,2026-07-19T10:02:06Z
2026-07-19T10:00:07Z,2026-07-19T12:00:07+0200,0122f339-e99c-4669-a7fd-e7d31a0b8b3d,2026-06-18T16:15:00Z,2026-06-18T18:15:00+0200,52100.0,MW,FR,FR,forecast_load,Forecasted Load,2026-07-19T10:02:06Z
2026-07-19T10:00:07Z,2026-07-19T12:00:07+0200,0122f339-e99c-4669-a7fd-e7d31a0b8b3d,2026-06-18T16:30:00Z,2026-06-18T18:30:00+0200,52700.0,MW,FR,FR,forecast_load,Forecasted Load,2026-07-19T10:02:06Z
2026-07-19T10:00:07Z,2026-07-19T12:00:07+0200,0122f339-e99c-4669-a7fd-e7d31a0b8b3d,2026-06-18T16:45:00Z,2026-06-18T18:45:00+0200,53000.0,MW,FR,FR,forecast_load,Forecasted Load,2026-07-19T10:02:06Z
2026-07-19T10:00:07Z,2026-07-19T12:00:07+0200,0122f339-e99c-4669-a7fd-e7d31a0b8b3d,2026-06-18T17:00:00Z,2026-06-18T19:00:00+0200,53300.0,MW,FR,FR,forecast_load,Forecasted Load,2026-07-19T10:02:06Z
2026-07-19T10:00:07Z,2026-07-19T12:00:07+0200,0122f339-e99c-4669-a7fd-e7d31a0b8b3d,2026-06-18T17:15:00Z,2026-06-18T19:15:00+0200,53150.0,MW,FR,FR,forecast_load,Forecasted Load,2026-07-19T10:02:06Z
2026-07-19T10:00:07Z,2026-07-19T12:00:07+0200,0122f339-e99c-4669-a7fd-e7d31a0b8b3d,2026-06-18T17:30:00Z,2026-06-18T19:30:00+0200,53000.0,MW,FR,FR,forecast_load,Forecasted Load,2026-07-19T10:02:06Z
2026-07-19T10:00:07Z,2026-07-19T12:00:07+0200,0122f339-e99c-4669-a7fd-e7d31a0b8b3d,2026-06-18T17:45:00Z,2026-06-18T19:45:00+0200,52550.0,MW,FR,FR,forecast_load,Forecasted Load,2026-07-19T10:02:06Z
2026-07-19T10:00:07Z,2026-07-19T12:00:07+0200,0122f339-e99c-4669-a7fd-e7d31a0b8b3d,2026-06-18T18:00:00Z,2026-06-18T20:00:00+0200,52100.0,MW,FR,FR,forecast_load,Forecasted Load,2026-07-19T10:02:06Z
2026-07-19T10:00:07Z,2026-07-19T12:00:07+0200,0122f339-e99c-4669-a7fd-e7d31a0b8b3d,2026-06-18T18:15:00Z,2026-06-18T20:15:00+0200,51350.0,MW,FR,FR,forecast_load,Forecasted Load,2026-07-19T10:02:06Z
2026-07-19T10:00:07Z,2026-07-19T12:00:07+0200,0122f339-e99c-4669-a7fd-e7d31a0b8b3d,2026-06-18T18:30:00Z,2026-06-18T20:30:00+0200,50600.0,MW,FR,FR,forecast_load,Forecasted Load,2026-07-19T10:02:06Z
2026-07-19T10:00:07Z,2026-07-19T12:00:07+0200,0122f339-e99c-4669-a7fd-e7d31a0b8b3d,2026-06-18T18:45:00Z,2026-06-18T20:45:00+0200,49950.0,MW,FR,FR,forecast_load,Forecasted Load,2026-07-19T10:02:06Z
2026-07-19T10:00:07Z,2026-07-19T12:00:07+0200,0122f339-e99c-4669-a7fd-e7d31a0b8b3d,2026-06-18T19:00:00Z,2026-06-18T21:00:00+0200,49300.0,MW,FR,FR,forecast_load,Forecasted Load,2026-07-19T10:02:06Z
2026-07-19T10:00:07Z,2026-07-19T12:00:07+0200,0122f339-e99c-4669-a7fd-e7d31a0b8b3d,2026-06-18T19:15:00Z,2026-06-18T21:15:00+0200,48900.0,MW,FR,FR,forecast_load,Forecasted Load,2026-07-19T10:02:06Z
2026-07-19T10:00:07Z,2026-07-19T12:00:07+0200,0122f339-e99c-4669-a7fd-e7d31a0b8b3d,2026-06-18T19:30:00Z,2026-06-18T21:30:00+0200,48500.0,MW,FR,FR,forecast_load,Forecasted Load,2026-07-19T10:02:06Z
2026-07-19T10:00:07Z,2026-07-19T12:00:07+0200,0122f339-e99c-4669-a7fd-e7d31a0b8b3d,2026-06-18T19:45:00Z,2026-06-18T21:45:00+0200,48400.0,MW,FR,FR,forecast_load,Forecasted Load,2026-07-19T10:02:06Z
2026-07-19T10:00:07Z,2026-07-19T12:00:07+0200,0122f339-e99c-4669-a7fd-e7d31a0b8b3d,2026-06-18T20:00:00Z,2026-06-18T22:00:00+0200,48300.0,MW,FR,FR,forecast_load,Forecasted Load,2026-07-19T10:02:06Z
2026-07-19T10:00:07Z,2026-07-19T12:00:07+0200,0122f339-e99c-4669-a7fd-e7d31a0b8b3d,2026-06-18T20:15:00Z,2026-06-18T22:15:00+0200,48950.0,MW,FR,FR,forecast_load,Forecasted Load,2026-07-19T10:02:06Z
2026-07-19T10:00:07Z,2026-07-19T12:00:07+0200,0122f339-e99c-4669-a7fd-e7d31a0b8b3d,2026-06-18T20:30:00Z,2026-06-18T22:30:00+0200,49600.0,MW,FR,FR,forecast_load,Forecasted Load,2026-07-19T10:02:06Z
2026-07-19T10:00:07Z,2026-07-19T12:00:07+0200,0122f339-e99c-4669-a7fd-e7d31a0b8b3d,2026-06-18T20:45:00Z,2026-06-18T22:45:00+0200,49950.0,MW,FR,FR,forecast_load,Forecasted Load,2026-07-19T10:02:06Z
2026-07-19T10:00:07Z,2026-07-19T12:00:07+0200,0122f339-e99c-4669-a7fd-e7d31a0b8b3d,2026-06-18T21:00:00Z,2026-06-18T23:00:00+0200,50300.0,MW,FR,FR,forecast_load,Forecasted Load,2026-07-19T10:02:06Z
2026-07-19T10:00:07Z,2026-07-19T12:00:07+0200,0122f339-e99c-4669-a7fd-e7d31a0b8b3d,2026-06-18T21:15:00Z,2026-06-18T23:15:00+0200,49500.0,MW,FR,FR,forecast_load,Forecasted Load,2026-07-19T10:02:06Z
2026-07-19T10:00:07Z,2026-07-19T12:00:07+0200,0122f339-e99c-4669-a7fd-e7d31a0b8b3d,2026-06-18T21:30:00Z,2026-06-18T23:30:00+0200,48700.0,MW,FR,FR,forecast_load,Forecasted Load,2026-07-19T10:02:06Z
2026-07-19T10:00:07Z,2026-07-19T12:00:07+0200,0122f339-e99c-4669-a7fd-e7d31a0b8b3d,2026-06-18T21:45:00Z,2026-06-18T23:45:00+0200,47950.0,MW,FR,FR,forecast_load,Forecasted Load,2026-07-19T10:02:06Z
2026-07-19T10:00:07Z,2026-07-19T12:00:07+0200,0122f339-e99c-4669-a7fd-e7d31a0b8b3d,2026-06-18T22:00:00Z,2026-06-19T00:00:00+0200,47500.0,MW,FR,FR,forecast_load,Forecasted Load,2026-07-19T10:02:06Z
2026-07-19T10:00:07Z,2026-07-19T12:00:07+0200,0122f339-e99c-4669-a7fd-e7d31a0b8b3d,2026-06-18T22:15:00Z,2026-06-19T00:15:00+0200,46500.0,MW,FR,FR,forecast_load,Forecasted Load,2026-07-19T10:02:06Z
2026-07-19T10:00:07Z,2026-07-19T12:00:07+0200,0122f339-e99c-4669-a7fd-e7d31a0b8b3d,2026-06-18T22:30:00Z,2026-06-19T00:30:00+0200,45500.0,MW,FR,FR,forecast_load,Forecasted Load,2026-07-19T10:02:06Z
2026-07-19T10:00:07Z,2026-07-19T12:00:07+0200,0122f339-e99c-4669-a7fd-e7d31a0b8b3d,2026-06-18T22:45:00Z,2026-06-19T00:45:00+0200,44400.0,MW,FR,FR,forecast_load,Forecasted Load,2026-07-19T10:02:06Z
2026-07-19T10:00:07Z,2026-07-19T12:00:07+0200,0122f339-e99c-4669-a7fd-e7d31a0b8b3d,2026-06-18T23:00:00Z,2026-06-19T01:00:00+0200,43300.0,MW,FR,FR,forecast_load,Forecasted Load,2026-07-19T10:02:06Z
2026-07-19T10:00:07Z,2026-07-19T12:00:07+0200,0122f339-e99c-4669-a7fd-e7d31a0b8b3d,2026-06-18T23:15:00Z,2026-06-19T01:15:00+0200,43750.0,MW,FR,FR,forecast_load,Forecasted Load,2026-07-19T10:02:06Z
2026-07-19T10:00:07Z,2026-07-19T12:00:07+0200,0122f339-e99c-4669-a7fd-e7d31a0b8b3d,2026-06-18T23:30:00Z,2026-06-19T01:30:00+0200,44200.0,MW,FR,FR,forecast_load,Forecasted Load,2026-07-19T10:02:06Z
2026-07-19T10:00:07Z,2026-07-19T12:00:07+0200,0122f339-e99c-4669-a7fd-e7d31a0b8b3d,2026-06-18T23:45:00Z,2026-06-19T01:45:00+0200,43600.0,MW,FR,FR,forecast_load,Forecasted Load,2026-07-19T10:02:06Z
2026-07-19T10:00:07Z,2026-07-19T12:00:07+0200,0122f339-e99c-4669-a7fd-e7d31a0b8b3d,2026-06-19T00:00:00Z,2026-06-19T02:00:00+0200,43000.0,MW,FR,FR,forecast_load,Forecasted Load,2026-07-19T10:02:06Z
2026-07-19T10:00:07Z,2026-07-19T12:00:07+0200,0122f339-e99c-4669-a7fd-e7d31a0b8b3d,2026-06-19T00:15:00Z,2026-06-19T02:15:00+0200,42200.0,MW,FR,FR,forecast_load,Forecasted Load,2026-07-19T10:02:06Z
2026-07-19T10:00:07Z,2026-07-19T12:00:07+0200,0122f339-e99c-4669-a7fd-e7d31a0b8b3d,2026-06-19T00:30:00Z,2026-06-19T02:30:00+0200,41400.0,MW,FR,FR,forecast_load,Forecasted Load,2026-07-19T10:02:06Z
2026-07-19T10:00:07Z,2026-07-19T12:00:07+0200,0122f339-e99c-4669-a7fd-e7d31a0b8b3d,2026-06-19T00:45:00Z,2026-06-19T02:45:00+0200,40650.0,MW,FR,FR,forecast_load,Forecasted Load,2026-07-19T10:02:06Z
2026-07-19T10:00:07Z,2026-07-19T12:00:07+0200,0122f339-e99c-4669-a7fd-e7d31a0b8b3d,2026-06-19T01:00:00Z,2026-06-19T03:00:00+0200,39900.0,MW,FR,FR,forecast_load,Forecasted Load,2026-07-19T10:02:06Z
2026-07-19T10:00:07Z,2026-07-19T12:00:07+0200,0122f339-e99c-4669-a7fd-e7d31a0b8b3d,2026-06-19T01:15:00Z,2026-06-19T03:15:00+0200,39450.0,MW,FR,FR,forecast_load,Forecasted Load,2026-07-19T10:02:06Z
2026-07-19T10:00:07Z,2026-07-19T12:00:07+0200,0122f339-e99c-4669-a7fd-e7d31a0b8b3d,2026-06-19T01:30:00Z,2026-06-19T03:30:00+0200,39000.0,MW,FR,FR,forecast_load,Forecasted Load,2026-07-19T10:02:06Z
2026-07-19T10:00:07Z,2026-07-19T12:00:07+0200,0122f339-e99c-4669-a7fd-e7d31a0b8b3d,2026-06-19T01:45:00Z,2026-06-19T03:45:00+0200,38700.0,MW,FR,FR,forecast_load,Forecasted Load,2026-07-19T10:02:06Z
2026-07-19T10:00:07Z,2026-07-19T12:00:07+0200,0122f339-e99c-4669-a7fd-e7d31a0b8b3d,2026-06-19T02:00:00Z,2026-06-19T04:00:00+0200,38400.0,MW,FR,FR,forecast_load,Forecasted Load,2026-07-19T10:02:06Z
2026-07-19T10:00:07Z,2026-07-19T12:00:07+0200,0122f339-e99c-4669-a7fd-e7d31a0b8b3d,2026-06-19T02:15:00Z,2026-06-19T04:15:00+0200,38150.0,MW,FR,FR,forecast_load,Forecasted Load,2026-07-19T10:02:06Z
2026-07-19T10:00:07Z,2026-07-19T12:00:07+0200,0122f339-e99c-4669-a7fd-e7d31a0b8b3d,2026-06-19T02:30:00Z,2026-06-19T04:30:00+0200,37900.0,MW,FR,FR,forecast_load,Forecasted Load,2026-07-19T10:02:06Z
2026-07-19T10:00:07Z,2026-07-19T12:00:07+0200,0122f339-e99c-4669-a7fd-e7d31a0b8b3d,2026-06-19T02:45:00Z,2026-06-19T04:45:00+0200,38100.0,MW,FR,FR,forecast_load,Forecasted Load,2026-07-19T10:02:06Z
2026-07-19T10:00:07Z,2026-07-19T12:00:07+0200,0122f339-e99c-4669-a7fd-e7d31a0b8b3d,2026-06-19T03:00:00Z,2026-06-19T05:00:00+0200,38300.0,MW,FR,FR,forecast_load,Forecasted Load,2026-07-19T10:02:06Z
2026-07-19T10:00:07Z,2026-07-19T12:00:07+0200,0122f339-e99c-4669-a7fd-e7d31a0b8b3d,2026-06-19T03:15:00Z,2026-06-19T05:15:00+0200,38700.0,MW,FR,FR,forecast_load,Forecasted Load,2026-07-19T10:02:06Z
2026-07-19T10:00:07Z,2026-07-19T12:00:07+0200,0122f339-e99c-4669-a7fd-e7d31a0b8b3d,2026-06-19T03:30:00Z,2026-06-19T05:30:00+0200,39100.0,MW,FR,FR,forecast_load,Forecasted Load,2026-07-19T10:02:06Z
2026-07-19T10:00:07Z,2026-07-19T12:00:07+0200,0122f339-e99c-4669-a7fd-e7d31a0b8b3d,2026-06-19T03:45:00Z,2026-06-19T05:45:00+0200,39500.0,MW,FR,FR,forecast_load,Forecasted Load,2026-07-19T10:02:06Z
2026-07-19T10:00:07Z,2026-07-19T12:00:07+0200,0122f339-e99c-4669-a7fd-e7d31a0b8b3d,2026-06-19T04:00:00Z,2026-06-19T06:00:00+0200,39900.0,MW,FR,FR,forecast_load,Forecasted Load,2026-07-19T10:02:06Z
2026-07-19T10:00:07Z,2026-07-19T12:00:07+0200,0122f339-e99c-4669-a7fd-e7d31a0b8b3d,2026-06-19T04:15:00Z,2026-06-19T06:15:00+0200,40750.0,MW,FR,FR,forecast_load,Forecasted Load,2026-07-19T10:02:06Z
2026-07-19T10:00:07Z,2026-07-19T12:00:07+0200,0122f339-e99c-4669-a7fd-e7d31a0b8b3d,2026-06-19T04:30:00Z,2026-06-19T06:30:00+0200,41600.0,MW,FR,FR,forecast_load,Forecasted Load,2026-07-19T10:02:06Z
2026-07-19T10:00:07Z,2026-07-19T12:00:07+0200,0122f339-e99c-4669-a7fd-e7d31a0b8b3d,2026-06-19T04:45:00Z,2026-06-19T06:45:00+0200,42600.0,MW,FR,FR,forecast_load,Forecasted Load,2026-07-19T10:02:06Z
2026-07-19T10:00:07Z,2026-07-19T12:00:07+0200,0122f339-e99c-4669-a7fd-e7d31a0b8b3d,2026-06-19T05:00:00Z,2026-06-19T07:00:00+0200,43600.0,MW,FR,FR,forecast_load,Forecasted Load,2026-07-19T10:02:06Z
2026-07-19T10:00:07Z,2026-07-19T12:00:07+0200,0122f339-e99c-4669-a7fd-e7d31a0b8b3d,2026-06-19T05:15:00Z,2026-06-19T07:15:00+0200,44650.0,MW,FR,FR,forecast_load,Forecasted Load,2026-07-19T10:02:06Z
2026-07-19T10:00:07Z,2026-07-19T12:00:07+0200,0122f339-e99c-4669-a7fd-e7d31a0b8b3d,2026-06-19T05:30:00Z,2026-06-19T07:30:00+0200,45700.0,MW,FR,FR,forecast_load,Forecasted Load,2026-07-19T10:02:06Z
2026-07-19T10:00:07Z,2026-07-19T12:00:07+0200,0122f339-e99c-4669-a7fd-e7d31a0b8b3d,2026-06-19T05:45:00Z,2026-06-19T07:45:00+0200,46550.0,MW,FR,FR,forecast_load,Forecasted Load,2026-07-19T10:02:06Z
2026-07-19T10:00:07Z,2026-07-19T12:00:07+0200,0122f339-e99c-4669-a7fd-e7d31a0b8b3d,2026-06-19T06:00:00Z,2026-06-19T08:00:00+0200,47400.0,MW,FR,FR,forecast_load,Forecasted Load,2026-07-19T10:02:06Z
2026-07-19T10:00:07Z,2026-07-19T12:00:07+0200,0122f339-e99c-4669-a7fd-e7d31a0b8b3d,2026-06-19T06:15:00Z,2026-06-19T08:15:00+0200,48150.0,MW,FR,FR,forecast_load,Forecasted Load,2026-07-19T10:02:06Z
2026-07-19T10:00:07Z,2026-07-19T12:00:07+0200,0122f339-e99c-4669-a7fd-e7d31a0b8b3d,2026-06-19T06:30:00Z,2026-06-19T08:30:00+0200,48900.0,MW,FR,FR,forecast_load,Forecasted Load,2026-07-19T10:02:06Z
2026-07-19T10:00:07Z,2026-07-19T12:00:07+0200,0122f339-e99c-4669-a7fd-e7d31a0b8b3d,2026-06-19T06:45:00Z,2026-06-19T08:45:00+0200,49450.0,MW,FR,FR,forecast_load,Forecasted Load,2026-07-19T10:02:06Z
2026-07-19T10:00:07Z,2026-07-19T12:00:07+0200,0122f339-e99c-4669-a7fd-e7d31a0b8b3d,2026-06-19T07:00:00Z,2026-06-19T09:00:00+0200,50000.0,MW,FR,FR,forecast_load,Forecasted Load,2026-07-19T10:02:06Z
2026-07-19T10:00:07Z,2026-07-19T12:00:07+0200,0122f339-e99c-4669-a7fd-e7d31a0b8b3d,2026-06-19T07:15:00Z,2026-06-19T09:15:00+0200,50400.0,MW,FR,FR,forecast_load,Forecasted Load,2026-07-19T10:02:06Z
2026-07-19T10:00:07Z,2026-07-19T12:00:07+0200,0122f339-e99c-4669-a7fd-e7d31a0b8b3d,2026-06-19T07:30:00Z,2026-06-19T09:30:00+0200,50800.0,MW,FR,FR,forecast_load,Forecasted Load,2026-07-19T10:02:06Z
2026-07-19T10:00:07Z,2026-07-19T12:00:07+0200,0122f339-e99c-4669-a7fd-e7d31a0b8b3d,2026-06-19T07:45:00Z,2026-06-19T09:45:00+0200,51200.0,MW,FR,FR,forecast_load,Forecasted Load,2026-07-19T10:02:06Z
2026-07-19T10:00:07Z,2026-07-19T12:00:07+0200,0122f339-e99c-4669-a7fd-e7d31a0b8b3d,2026-06-19T08:00:00Z,2026-06-19T10:00:00+0200,51600.0,MW,FR,FR,forecast_load,Forecasted Load,2026-07-19T10:02:06Z
2026-07-19T10:00:07Z,2026-07-19T12:00:07+0200,0122f339-e99c-4669-a7fd-e7d31a0b8b3d,2026-06-19T08:15:00Z,2026-06-19T10:15:00+0200,51700.0,MW,FR,FR,forecast_load,Forecasted Load,2026-07-19T10:02:06Z
2026-07-19T10:00:07Z,2026-07-19T12:00:07+0200,0122f339-e99c-4669-a7fd-e7d31a0b8b3d,2026-06-19T08:30:00Z,2026-06-19T10:30:00+0200,51800.0,MW,FR,FR,forecast_load,Forecasted Load,2026-07-19T10:02:06Z
2026-07-19T10:00:07Z,2026-07-19T12:00:07+0200,0122f339-e99c-4669-a7fd-e7d31a0b8b3d,2026-06-19T08:45:00Z,2026-06-19T10:45:00+0200,52150.0,MW,FR,FR,forecast_load,Forecasted Load,2026-07-19T10:02:06Z
2026-07-19T10:00:07Z,2026-07-19T12:00:07+0200,0122f339-e99c-4669-a7fd-e7d31a0b8b3d,2026-06-19T09:00:00Z,2026-06-19T11:00:00+0200,52500.0,MW,FR,FR,forecast_load,Forecasted Load,2026-07-19T10:02:06Z
2026-07-19T10:00:07Z,2026-07-19T12:00:07+0200,0122f339-e99c-4669-a7fd-e7d31a0b8b3d,2026-06-19T09:15:00Z,2026-06-19T11:15:00+0200,52800.0,MW,FR,FR,forecast_load,Forecasted Load,2026-07-19T10:02:06Z
2026-07-19T10:00:07Z,2026-07-19T12:00:07+0200,0122f339-e99c-4669-a7fd-e7d31a0b8b3d,2026-06-19T09:30:00Z,2026-06-19T11:30:00+0200,53100.0,MW,FR,FR,forecast_load,Forecasted Load,2026-07-19T10:02:06Z
2026-07-19T10:00:07Z,2026-07-19T12:00:07+0200,0122f339-e99c-4669-a7fd-e7d31a0b8b3d,2026-06-19T09:45:00Z,2026-06-19T11:45:00+0200,53600.0,MW,FR,FR,forecast_load,Forecasted Load,2026-07-19T10:02:06Z
2026-07-19T10:00:07Z,2026-07-19T12:00:07+0200,0122f339-e99c-4669-a7fd-e7d31a0b8b3d,2026-06-19T10:00:00Z,2026-06-19T12:00:00+0200,54100.0,MW,FR,FR,forecast_load,Forecasted Load,2026-07-19T10:02:06Z
2026-07-19T10:00:07Z,2026-07-19T12:00:07+0200,0122f339-e99c-4669-a7fd-e7d31a0b8b3d,2026-06-19T10:15:00Z,2026-06-19T12:15:00+0200,53650.0,MW,FR,FR,forecast_load,Forecasted Load,2026-07-19T10:02:06Z
2026-07-19T10:00:07Z,2026-07-19T12:00:07+0200,0122f339-e99c-4669-a7fd-e7d31a0b8b3d,2026-06-19T10:30:00Z,2026-06-19T12:30:00+0200,53200.0,MW,FR,FR,forecast_load,Forecasted Load,2026-07-19T10:02:06Z
2026-07-19T10:00:07Z,2026-07-19T12:00:07+0200,0122f339-e99c-4669-a7fd-e7d31a0b8b3d,2026-06-19T10:45:00Z,2026-06-19T12:45:00+0200,53750.0,MW,FR,FR,forecast_load,Forecasted Load,2026-07-19T10:02:06Z
2026-07-19T10:00:07Z,2026-07-19T12:00:07+0200,0122f339-e99c-4669-a7fd-e7d31a0b8b3d,2026-06-19T11:00:00Z,2026-06-19T13:00:00+0200,54300.0,MW,FR,FR,forecast_load,Forecasted Load,2026-07-19T10:02:06Z
2026-07-19T10:00:07Z,2026-07-19T12:00:07+0200,0122f339-e99c-4669-a7fd-e7d31a0b8b3d,2026-06-19T11:15:00Z,2026-06-19T13:15:00+0200,53550.0,MW,FR,FR,forecast_load,Forecasted Load,2026-07-19T10:02:06Z
2026-07-19T10:00:07Z,2026-07-19T12:00:07+0200,0122f339-e99c-4669-a7fd-e7d31a0b8b3d,2026-06-19T11:30:00Z,2026-06-19T13:30:00+0200,52800.0,MW,FR,FR,forecast_load,Forecasted Load,2026-07-19T10:02:06Z
2026-07-19T10:00:07Z,2026-07-19T12:00:07+0200,0122f339-e99c-4669-a7fd-e7d31a0b8b3d,2026-06-19T11:45:00Z,2026-06-19T13:45:00+0200,52700.0,MW,FR,FR,forecast_load,Forecasted Load,2026-07-19T10:02:06Z
2026-07-19T10:00:07Z,2026-07-19T12:00:07+0200,0122f339-e99c-4669-a7fd-e7d31a0b8b3d,2026-06-19T12:00:00Z,2026-06-19T14:00:00+0200,52600.0,MW,FR,FR,forecast_load,Forecasted Load,2026-07-19T10:02:06Z
2026-07-19T10:00:07Z,2026-07-19T12:00:07+0200,0122f339-e99c-4669-a7fd-e7d31a0b8b3d,2026-06-19T12:15:00Z,2026-06-19T14:15:00+0200,53450.0,MW,FR,FR,forecast_load,Forecasted Load,2026-07-19T10:02:06Z
2026-07-19T10:00:07Z,2026-07-19T12:00:07+0200,0122f339-e99c-4669-a7fd-e7d31a0b8b3d,2026-06-19T12:30:00Z,2026-06-19T14:30:00+0200,54300.0,MW,FR,FR,forecast_load,Forecasted Load,2026-07-19T10:02:06Z
2026-07-19T10:00:07Z,2026-07-19T12:00:07+0200,0122f339-e99c-4669-a7fd-e7d31a0b8b3d,2026-06-19T12:45:00Z,2026-06-19T14:45:00+0200,53850.0,MW,FR,FR,forecast_load,Forecasted Load,2026-07-19T10:02:06Z
2026-07-19T10:00:07Z,2026-07-19T12:00:07+0200,0122f339-e99c-4669-a7fd-e7d31a0b8b3d,2026-06-19T13:00:00Z,2026-06-19T15:00:00+0200,53400.0,MW,FR,FR,forecast_load,Forecasted Load,2026-07-19T10:02:06Z
2026-07-19T10:00:07Z,2026-07-19T12:00:07+0200,0122f339-e99c-4669-a7fd-e7d31a0b8b3d,2026-06-19T13:15:00Z,2026-06-19T15:15:00+0200,53150.0,MW,FR,FR,forecast_load,Forecasted Load,2026-07-19T10:02:06Z
2026-07-19T10:00:07Z,2026-07-19T12:00:07+0200,0122f339-e99c-4669-a7fd-e7d31a0b8b3d,2026-06-19T13:30:00Z,2026-06-19T15:30:00+0200,52900.0,MW,FR,FR,forecast_load,Forecasted Load,2026-07-19T10:02:06Z
2026-07-19T10:00:07Z,2026-07-19T12:00:07+0200,0122f339-e99c-4669-a7fd-e7d31a0b8b3d,2026-06-19T13:45:00Z,2026-06-19T15:45:00+0200,52600.0,MW,FR,FR,forecast_load,Forecasted Load,2026-07-19T10:02:06Z
2026-07-19T10:00:07Z,2026-07-19T12:00:07+0200,0122f339-e99c-4669-a7fd-e7d31a0b8b3d,2026-06-19T14:00:00Z,2026-06-19T16:00:00+0200,52300.0,MW,FR,FR,forecast_load,Forecasted Load,2026-07-19T10:02:06Z
2026-07-19T10:00:07Z,2026-07-19T12:00:07+0200,0122f339-e99c-4669-a7fd-e7d31a0b8b3d,2026-06-19T14:15:00Z,2026-06-19T16:15:00+0200,52000.0,MW,FR,FR,forecast_load,Forecasted Load,2026-07-19T10:02:06Z
2026-07-19T10:00:07Z,2026-07-19T12:00:07+0200,0122f339-e99c-4669-a7fd-e7d31a0b8b3d,2026-06-19T14:30:00Z,2026-06-19T16:30:00+0200,51700.0,MW,FR,FR,forecast_load,Forecasted Load,2026-07-19T10:02:06Z
2026-07-19T10:00:07Z,2026-07-19T12:00:07+0200,0122f339-e99c-4669-a7fd-e7d31a0b8b3d,2026-06-19T14:45:00Z,2026-06-19T16:45:00+0200,51600.0,MW,FR,FR,forecast_load,Forecasted Load,2026-07-19T10:02:06Z
2026-07-19T10:00:07Z,2026-07-19T12:00:07+0200,0122f339-e99c-4669-a7fd-e7d31a0b8b3d,2026-06-19T15:00:00Z,2026-06-19T17:00:00+0200,51500.0,MW,FR,FR,forecast_load,Forecasted Load,2026-07-19T10:02:06Z
2026-07-19T10:00:07Z,2026-07-19T12:00:07+0200,0122f339-e99c-4669-a7fd-e7d31a0b8b3d,2026-06-19T15:15:00Z,2026-06-19T17:15:00+0200,51750.0,MW,FR,FR,forecast_load,Forecasted Load,2026-07-19T10:02:06Z
2026-07-19T10:00:07Z,2026-07-19T12:00:07+0200,0122f339-e99c-4669-a7fd-e7d31a0b8b3d,2026-06-19T15:30:00Z,2026-06-19T17:30:00+0200,52000.0,MW,FR,FR,forecast_load,Forecasted Load,2026-07-19T10:02:06Z
2026-07-19T10:00:07Z,2026-07-19T12:00:07+0200,0122f339-e99c-4669-a7fd-e7d31a0b8b3d,2026-06-19T15:45:00Z,2026-06-19T17:45:00+0200,52350.0,MW,FR,FR,forecast_load,Forecasted Load,2026-07-19T10:02:06Z
2026-07-19T10:00:07Z,2026-07-19T12:00:07+0200,0122f339-e99c-4669-a7fd-e7d31a0b8b3d,2026-06-19T16:00:00Z,2026-06-19T18:00:00+0200,52700.0,MW,FR,FR,forecast_load,Forecasted Load,2026-07-19T10:02:06Z
2026-07-19T10:00:07Z,2026-07-19T12:00:07+0200,0122f339-e99c-4669-a7fd-e7d31a0b8b3d,2026-06-19T16:15:00Z,2026-06-19T18:15:00+0200,53150.0,MW,FR,FR,forecast_load,Forecasted Load,2026-07-19T10:02:06Z
2026-07-19T10:00:07Z,2026-07-19T12:00:07+0200,0122f339-e99c-4669-a7fd-e7d31a0b8b3d,2026-06-19T16:30:00Z,2026-06-19T18:30:00+0200,53600.0,MW,FR,FR,forecast_load,Forecasted Load,2026-07-19T10:02:06Z
2026-07-19T10:00:07Z,2026-07-19T12:00:07+0200,0122f339-e99c-4669-a7fd-e7d31a0b8b3d,2026-06-19T16:45:00Z,2026-06-19T18:45:00+0200,53900.0,MW,FR,FR,forecast_load,Forecasted Load,2026-07-19T10:02:06Z
2026-07-19T10:00:07Z,2026-07-19T12:00:07+0200,0122f339-e99c-4669-a7fd-e7d31a0b8b3d,2026-06-19T17:00:00Z,2026-06-19T19:00:00+0200,54200.0,MW,FR,FR,forecast_load,Forecasted Load,2026-07-19T10:02:06Z
2026-07-19T10:00:07Z,2026-07-19T12:00:07+0200,0122f339-e99c-4669-a7fd-e7d31a0b8b3d,2026-06-19T17:15:00Z,2026-06-19T19:15:00+0200,53750.0,MW,FR,FR,forecast_load,Forecasted Load,2026-07-19T10:02:06Z
2026-07-19T10:00:07Z,2026-07-19T12:00:07+0200,0122f339-e99c-4669-a7fd-e7d31a0b8b3d,2026-06-19T17:30:00Z,2026-06-19T19:30:00+0200,53300.0,MW,FR,FR,forecast_load,Forecasted Load,2026-07-19T10:02:06Z
2026-07-19T10:00:07Z,2026-07-19T12:00:07+0200,0122f339-e99c-4669-a7fd-e7d31a0b8b3d,2026-06-19T17:45:00Z,2026-06-19T19:45:00+0200,52800.0,MW,FR,FR,forecast_load,Forecasted Load,2026-07-19T10:02:06Z
2026-07-19T10:00:07Z,2026-07-19T12:00:07+0200,0122f339-e99c-4669-a7fd-e7d31a0b8b3d,2026-06-19T18:00:00Z,2026-06-19T20:00:00+0200,52300.0,MW,FR,FR,forecast_load,Forecasted Load,2026-07-19T10:02:06Z
2026-07-19T10:00:07Z,2026-07-19T12:00:07+0200,0122f339-e99c-4669-a7fd-e7d31a0b8b3d,2026-06-19T18:15:00Z,2026-06-19T20:15:00+0200,51400.0,MW,FR,FR,forecast_load,Forecasted Load,2026-07-19T10:02:06Z
2026-07-19T10:00:07Z,2026-07-19T12:00:07+0200,0122f339-e99c-4669-a7fd-e7d31a0b8b3d,2026-06-19T18:30:00Z,2026-06-19T20:30:00+0200,50500.0,MW,FR,FR,forecast_load,Forecasted Load,2026-07-19T10:02:06Z
2026-07-19T10:00:07Z,2026-07-19T12:00:07+0200,0122f339-e99c-4669-a7fd-e7d31a0b8b3d,2026-06-19T18:45:00Z,2026-06-19T20:45:00+0200,49850.0,MW,FR,FR,forecast_load,Forecasted Load,2026-07-19T10:02:06Z
2026-07-19T10:00:07Z,2026-07-19T12:00:07+0200,0122f339-e99c-4669-a7fd-e7d31a0b8b3d,2026-06-19T19:00:00Z,2026-06-19T21:00:00+0200,49200.0,MW,FR,FR,forecast_load,Forecasted Load,2026-07-19T10:02:06Z
2026-07-19T10:00:07Z,2026-07-19T12:00:07+0200,0122f339-e99c-4669-a7fd-e7d31a0b8b3d,2026-06-19T19:15:00Z,2026-06-19T21:15:00+0200,49000.0,MW,FR,FR,forecast_load,Forecasted Load,2026-07-19T10:02:06Z
2026-07-19T10:00:07Z,2026-07-19T12:00:07+0200,0122f339-e99c-4669-a7fd-e7d31a0b8b3d,2026-06-19T19:30:00Z,2026-06-19T21:30:00+0200,48800.0,MW,FR,FR,forecast_load,Forecasted Load,2026-07-19T10:02:06Z
2026-07-19T10:00:07Z,2026-07-19T12:00:07+0200,0122f339-e99c-4669-a7fd-e7d31a0b8b3d,2026-06-19T19:45:00Z,2026-06-19T21:45:00+0200,48600.0,MW,FR,FR,forecast_load,Forecasted Load,2026-07-19T10:02:06Z
2026-07-19T10:00:07Z,2026-07-19T12:00:07+0200,0122f339-e99c-4669-a7fd-e7d31a0b8b3d,2026-06-19T20:00:00Z,2026-06-19T22:00:00+0200,48400.0,MW,FR,FR,forecast_load,Forecasted Load,2026-07-19T10:02:06Z
2026-07-19T10:00:07Z,2026-07-19T12:00:07+0200,0122f339-e99c-4669-a7fd-e7d31a0b8b3d,2026-06-19T20:15:00Z,2026-06-19T22:15:00+0200,49250.0,MW,FR,FR,forecast_load,Forecasted Load,2026-07-19T10:02:06Z
2026-07-19T10:00:07Z,2026-07-19T12:00:07+0200,0122f339-e99c-4669-a7fd-e7d31a0b8b3d,2026-06-19T20:30:00Z,2026-06-19T22:30:00+0200,50100.0,MW,FR,FR,forecast_load,Forecasted Load,2026-07-19T10:02:06Z
2026-07-19T10:00:07Z,2026-07-19T12:00:07+0200,0122f339-e99c-4669-a7fd-e7d31a0b8b3d,2026-06-19T20:45:00Z,2026-06-19T22:45:00+0200,50650.0,MW,FR,FR,forecast_load,Forecasted Load,2026-07-19T10:02:06Z
2026-07-19T10:00:07Z,2026-07-19T12:00:07+0200,0122f339-e99c-4669-a7fd-e7d31a0b8b3d,2026-06-19T21:00:00Z,2026-06-19T23:00:00+0200,51200.0,MW,FR,FR,forecast_load,Forecasted Load,2026-07-19T10:02:06Z
2026-07-19T10:00:07Z,2026-07-19T12:00:07+0200,0122f339-e99c-4669-a7fd-e7d31a0b8b3d,2026-06-19T21:15:00Z,2026-06-19T23:15:00+0200,50400.0,MW,FR,FR,forecast_load,Forecasted Load,2026-07-19T10:02:06Z
2026-07-19T10:00:07Z,2026-07-19T12:00:07+0200,0122f339-e99c-4669-a7fd-e7d31a0b8b3d,2026-06-19T21:30:00Z,2026-06-19T23:30:00+0200,49600.0,MW,FR,FR,forecast_load,Forecasted Load,2026-07-19T10:02:06Z
2026-07-19T10:00:07Z,2026-07-19T12:00:07+0200,0122f339-e99c-4669-a7fd-e7d31a0b8b3d,2026-06-19T21:45:00Z,2026-06-19T23:45:00+0200,48700.0,MW,FR,FR,forecast_load,Forecasted Load,2026-07-19T10:02:06Z
2026-07-19T10:00:07Z,2026-07-19T12:00:07+0200,0122f339-e99c-4669-a7fd-e7d31a0b8b3d,2026-06-19T22:00:00Z,2026-06-20T00:00:00+0200,47704.0,MW,FR,FR,forecast_load,Forecasted Load,2026-07-19T10:02:06Z
2026-07-19T10:00:07Z,2026-07-19T12:00:07+0200,0122f339-e99c-4669-a7fd-e7d31a0b8b3d,2026-06-19T22:15:00Z,2026-06-20T00:15:00+0200,46699.5,MW,FR,FR,forecast_load,Forecasted Load,2026-07-19T10:02:06Z
2026-07-19T10:00:07Z,2026-07-19T12:00:07+0200,0122f339-e99c-4669-a7fd-e7d31a0b8b3d,2026-06-19T22:30:00Z,2026-06-20T00:30:00+0200,45695.0,MW,FR,FR,forecast_load,Forecasted Load,2026-07-19T10:02:06Z
2026-07-19T10:00:07Z,2026-07-19T12:00:07+0200,0122f339-e99c-4669-a7fd-e7d31a0b8b3d,2026-06-19T22:45:00Z,2026-06-20T00:45:00+0200,44716.0,MW,FR,FR,forecast_load,Forecasted Load,2026-07-19T10:02:06Z
2026-07-19T10:00:07Z,2026-07-19T12:00:07+0200,0122f339-e99c-4669-a7fd-e7d31a0b8b3d,2026-06-19T23:00:00Z,2026-06-20T01:00:00+0200,43737.0,MW,FR,FR,forecast_load,Forecasted Load,2026-07-19T10:02:06Z
2026-07-19T10:00:07Z,2026-07-19T12:00:07+0200,0122f339-e99c-4669-a7fd-e7d31a0b8b3d,2026-06-19T23:15:00Z,2026-06-20T01:15:00+0200,43916.5,MW,FR,FR,forecast_load,Forecasted Load,2026-07-19T10:02:06Z
2026-07-19T10:00:07Z,2026-07-19T12:00:07+0200,0122f339-e99c-4669-a7fd-e7d31a0b8b3d,2026-06-19T23:30:00Z,2026-06-20T01:30:00+0200,44096.0,MW,FR,FR,forecast_load,Forecasted Load,2026-07-19T10:02:06Z
2026-07-19T10:00:07Z,2026-07-19T12:00:07+0200,0122f339-e99c-4669-a7fd-e7d31a0b8b3d,2026-06-19T23:45:00Z,2026-06-20T01:45:00+0200,43619.0,MW,FR,FR,forecast_load,Forecasted Load,2026-07-19T10:02:06Z
2026-07-19T10:00:07Z,2026-07-19T12:00:07+0200,0122f339-e99c-4669-a7fd-e7d31a0b8b3d,2026-06-20T00:00:00Z,2026-06-20T02:00:00+0200,43142.0,MW,FR,FR,forecast_load,Forecasted Load,2026-07-19T10:02:06Z
2026-07-19T10:00:07Z,2026-07-19T12:00:07+0200,0122f339-e99c-4669-a7fd-e7d31a0b8b3d,2026-06-20T00:15:00Z,2026-06-20T02:15:00+0200,41702.0,MW,FR,FR,forecast_load,Forecasted Load,2026-07-19T10:02:06Z
2026-07-19T10:00:07Z,2026-07-19T12:00:07+0200,0122f339-e99c-4669-a7fd-e7d31a0b8b3d,2026-06-20T00:30:00Z,2026-06-20T02:30:00+0200,40262.0,MW,FR,FR,forecast_load,Forecasted Load,2026-07-19T10:02:06Z
2026-07-19T10:00:07Z,2026-07-19T12:00:07+0200,0122f339-e99c-4669-a7fd-e7d31a0b8b3d,2026-06-20T00:45:00Z,2026-06-20T02:45:00+0200,39581.0,MW,FR,FR,forecast_load,Forecasted Load,2026-07-19T10:02:06Z
2026-07-19T10:00:07Z,2026-07-19T12:00:07+0200,0122f339-e99c-4669-a7fd-e7d31a0b8b3d,2026-06-20T01:00:00Z,2026-06-20T03:00:00+0200,38900.0,MW,FR,FR,forecast_load,Forecasted Load,2026-07-19T10:02:06Z
2026-07-19T10:00:07Z,2026-07-19T12:00:07+0200,0122f339-e99c-4669-a7fd-e7d31a0b8b3d,2026-06-20T01:15:00Z,2026-06-20T03:15:00+0200,38438.0,MW,FR,FR,forecast_load,Forecasted Load,2026-07-19T10:02:06Z
2026-07-19T10:00:07Z,2026-07-19T12:00:07+0200,0122f339-e99c-4669-a7fd-e7d31a0b8b3d,2026-06-20T01:30:00Z,2026-06-20T03:30:00+0200,37976.0,MW,FR,FR,forecast_load,Forecasted Load,2026-07-19T10:02:06Z
2026-07-19T10:00:07Z,2026-07-19T12:00:07+0200,0122f339-e99c-4669-a7fd-e7d31a0b8b3d,2026-06-20T01:45:00Z,2026-06-20T03:45:00+0200,37492.0,MW,FR,FR,forecast_load,Forecasted Load,2026-07-19T10:02:06Z
2026-07-19T10:00:07Z,2026-07-19T12:00:07+0200,0122f339-e99c-4669-a7fd-e7d31a0b8b3d,2026-06-20T02:00:00Z,2026-06-20T04:00:00+0200,37008.0,MW,FR,FR,forecast_load,Forecasted Load,2026-07-19T10:02:06Z
2026-07-19T10:00:07Z,2026-07-19T12:00:07+0200,0122f339-e99c-4669-a7fd-e7d31a0b8b3d,2026-06-20T02:15:00Z,2026-06-20T04:15:00+0200,36850.5,MW,FR,FR,forecast_load,Forecasted Load,2026-07-19T10:02:06Z
2026-07-19T10:00:07Z,2026-07-19T12:00:07+0200,0122f339-e99c-4669-a7fd-e7d31a0b8b3d,2026-06-20T02:30:00Z,2026-06-20T04:30:00+0200,36693.0,MW,FR,FR,forecast_load,Forecasted Load,2026-07-19T10:02:06Z
2026-07-19T10:00:07Z,2026-07-19T12:00:07+0200,0122f339-e99c-4669-a7fd-e7d31a0b8b3d,2026-06-20T02:45:00Z,2026-06-20T04:45:00+0200,36767.5,MW,FR,FR,forecast_load,Forecasted Load,2026-07-19T10:02:06Z
2026-07-19T10:00:07Z,2026-07-19T12:00:07+0200,0122f339-e99c-4669-a7fd-e7d31a0b8b3d,2026-06-20T03:00:00Z,2026-06-20T05:00:00+0200,36842.0,MW,FR,FR,forecast_load,Forecasted Load,2026-07-19T10:02:06Z
2026-07-19T10:00:07Z,2026-07-19T12:00:07+0200,0122f339-e99c-4669-a7fd-e7d31a0b8b3d,2026-06-20T03:15:00Z,2026-06-20T05:15:00+0200,36781.0,MW,FR,FR,forecast_load,Forecasted Load,2026-07-19T10:02:06Z
2026-07-19T10:00:07Z,2026-07-19T12:00:07+0200,0122f339-e99c-4669-a7fd-e7d31a0b8b3d,2026-06-20T03:30:00Z,2026-06-20T05:30:00+0200,36720.0,MW,FR,FR,forecast_load,Forecasted Load,2026-07-19T10:02:06Z
2026-07-19T10:00:07Z,2026-07-19T12:00:07+0200,0122f339-e99c-4669-a7fd-e7d31a0b8b3d,2026-06-20T03:45:00Z,2026-06-20T05:45:00+0200,36807.5,MW,FR,FR,forecast_load,Forecasted Load,2026-07-19T10:02:06Z
2026-07-19T10:00:07Z,2026-07-19T12:00:07+0200,0122f339-e99c-4669-a7fd-e7d31a0b8b3d,2026-06-20T04:00:00Z,2026-06-20T06:00:00+0200,36895.0,MW,FR,FR,forecast_load,Forecasted Load,2026-07-19T10:02:06Z
2026-07-19T10:00:07Z,2026-07-19T12:00:07+0200,0122f339-e99c-4669-a7fd-e7d31a0b8b3d,2026-06-20T04:15:00Z,2026-06-20T06:15:00+0200,36926.5,MW,FR,FR,forecast_load,Forecasted Load,2026-07-19T10:02:06Z
2026-07-19T10:00:07Z,2026-07-19T12:00:07+0200,0122f339-e99c-4669-a7fd-e7d31a0b8b3d,2026-06-20T04:30:00Z,2026-06-20T06:30:00+0200,36958.0,MW,FR,FR,forecast_load,Forecasted Load,2026-07-19T10:02:06Z
2026-07-19T10:00:07Z,2026-07-19T12:00:07+0200,0122f339-e99c-4669-a7fd-e7d31a0b8b3d,2026-06-20T04:45:00Z,2026-06-20T06:45:00+0200,37150.0,MW,FR,FR,forecast_load,Forecasted Load,2026-07-19T10:02:06Z
2026-07-19T10:00:07Z,2026-07-19T12:00:07+0200,0122f339-e99c-4669-a7fd-e7d31a0b8b3d,2026-06-20T05:00:00Z,2026-06-20T07:00:00+0200,37342.0,MW,FR,FR,forecast_load,Forecasted Load,2026-07-19T10:02:06Z
2026-07-19T10:00:07Z,2026-07-19T12:00:07+0200,0122f339-e99c-4669-a7fd-e7d31a0b8b3d,2026-06-20T05:15:00Z,2026-06-20T07:15:00+0200,37560.5,MW,FR,FR,forecast_load,Forecasted Load,2026-07-19T10:02:06Z
2026-07-19T10:00:07Z,2026-07-19T12:00:07+0200,0122f339-e99c-4669-a7fd-e7d31a0b8b3d,2026-06-20T05:30:00Z,2026-06-20T07:30:00+0200,37779.0,MW,FR,FR,forecast_load,Forecasted Load,2026-07-19T10:02:06Z
2026-07-19T10:00:07Z,2026-07-19T12:00:07+0200,0122f339-e99c-4669-a7fd-e7d31a0b8b3d,2026-06-20T05:45:00Z,2026-06-20T07:45:00+0200,38131.0,MW,FR,FR,forecast_load,Forecasted Load,2026-07-19T10:02:06Z
2026-07-19T10:00:07Z,2026-07-19T12:00:07+0200,0122f339-e99c-4669-a7fd-e7d31a0b8b3d,2026-06-20T06:00:00Z,2026-06-20T08:00:00+0200,38483.0,MW,FR,FR,forecast_load,Forecasted Load,2026-07-19T10:02:06Z
2026-07-19T10:00:07Z,2026-07-19T12:00:07+0200,0122f339-e99c-4669-a7fd-e7d31a0b8b3d,2026-06-20T06:15:00Z,2026-06-20T08:15:00+0200,39026.5,MW,FR,FR,forecast_load,Forecasted Load,2026-07-19T10:02:06Z
2026-07-19T10:00:07Z,2026-07-19T12:00:07+0200,0122f339-e99c-4669-a7fd-e7d31a0b8b3d,2026-06-20T06:30:00Z,2026-06-20T08:30:00+0200,39570.0,MW,FR,FR,forecast_load,Forecasted Load,2026-07-19T10:02:06Z
2026-07-19T10:00:07Z,2026-07-19T12:00:07+0200,0122f339-e99c-4669-a7fd-e7d31a0b8b3d,2026-06-20T06:45:00Z,2026-06-20T08:45:00+0200,40153.5,MW,FR,FR,forecast_load,Forecasted Load,2026-07-19T10:02:06Z
2026-07-19T10:00:07Z,2026-07-19T12:00:07+0200,0122f339-e99c-4669-a7fd-e7d31a0b8b3d,2026-06-20T07:00:00Z,2026-06-20T09:00:00+0200,40737.0,MW,FR,FR,forecast_load,Forecasted Load,2026-07-19T10:02:06Z
2026-07-19T10:00:07Z,2026-07-19T12:00:07+0200,0122f339-e99c-4669-a7fd-e7d31a0b8b3d,2026-06-20T07:15:00Z,2026-06-20T09:15:00+0200,41742.0,MW,FR,FR,forecast_load,Forecasted Load,2026-07-19T10:02:06Z
2026-07-19T10:00:07Z,2026-07-19T12:00:07+0200,0122f339-e99c-4669-a7fd-e7d31a0b8b3d,2026-06-20T07:30:00Z,2026-06-20T09:30:00+0200,42747.0,MW,FR,FR,forecast_load,Forecasted Load,2026-07-19T10:02:06Z
2026-07-19T10:00:07Z,2026-07-19T12:00:07+0200,0122f339-e99c-4669-a7fd-e7d31a0b8b3d,2026-06-20T07:45:00Z,2026-06-20T09:45:00+0200,43166.0,MW,FR,FR,forecast_load,Forecasted Load,2026-07-19T10:02:06Z
2026-07-19T10:00:07Z,2026-07-19T12:00:07+0200,0122f339-e99c-4669-a7fd-e7d31a0b8b3d,2026-06-20T08:00:00Z,2026-06-20T10:00:00+0200,43585.0,MW,FR,FR,forecast_load,Forecasted Load,2026-07-19T10:02:06Z
2026-07-19T10:00:07Z,2026-07-19T12:00:07+0200,0122f339-e99c-4669-a7fd-e7d31a0b8b3d,2026-06-20T08:15:00Z,2026-06-20T10:15:00+0200,43912.0,MW,FR,FR,forecast_load,Forecasted Load,2026-07-19T10:02:06Z
2026-07-19T10:00:07Z,2026-07-19T12:00:07+0200,0122f339-e99c-4669-a7fd-e7d31a0b8b3d,2026-06-20T08:30:00Z,2026-06-20T10:30:00+0200,44239.0,MW,FR,FR,forecast_load,Forecasted Load,2026-07-19T10:02:06Z
2026-07-19T10:00:07Z,2026-07-19T12:00:07+0200,0122f339-e99c-4669-a7fd-e7d31a0b8b3d,2026-06-20T08:45:00Z,2026-06-20T10:45:00+0200,44508.0,MW,FR,FR,forecast_load,Forecasted Load,2026-07-19T10:02:06Z
2026-07-19T10:00:07Z,2026-07-19T12:00:07+0200,0122f339-e99c-4669-a7fd-e7d31a0b8b3d,2026-06-20T09:00:00Z,2026-06-20T11:00:00+0200,44777.0,MW,FR,FR,forecast_load,Forecasted Load,2026-07-19T10:02:06Z
2026-07-19T10:00:07Z,2026-07-19T12:00:07+0200,0122f339-e99c-4669-a7fd-e7d31a0b8b3d,2026-06-20T09:15:00Z,2026-06-20T11:15:00+0200,44872.0,MW,FR,FR,forecast_load,Forecasted Load,2026-07-19T10:02:06Z
2026-07-19T10:00:07Z,2026-07-19T12:00:07+0200,0122f339-e99c-4669-a7fd-e7d31a0b8b3d,2026-06-20T09:30:00Z,2026-06-20T11:30:00+0200,44967.0,MW,FR,FR,forecast_load,Forecasted Load,2026-07-19T10:02:06Z
2026-07-19T10:00:07Z,2026-07-19T12:00:07+0200,0122f339-e99c-4669-a7fd-e7d31a0b8b3d,2026-06-20T09:45:00Z,2026-06-20T11:45:00+0200,45754.0,MW,FR,FR,forecast_load,Forecasted Load,2026-07-19T10:02:06Z
2026-07-19T10:00:07Z,2026-07-19T12:00:07+0200,0122f339-e99c-4669-a7fd-e7d31a0b8b3d,2026-06-20T10:00:00Z,2026-06-20T12:00:00+0200,46541.0,MW,FR,FR,forecast_load,Forecasted Load,2026-07-19T10:02:06Z
2026-07-19T10:00:07Z,2026-07-19T12:00:07+0200,0122f339-e99c-4669-a7fd-e7d31a0b8b3d,2026-06-20T10:15:00Z,2026-06-20T12:15:00+0200,46714.5,MW,FR,FR,forecast_load,Forecasted Load,2026-07-19T10:02:06Z
2026-07-19T10:00:07Z,2026-07-19T12:00:07+0200,0122f339-e99c-4669-a7fd-e7d31a0b8b3d,2026-06-20T10:30:00Z,2026-06-20T12:30:00+0200,46888.0,MW,FR,FR,forecast_load,Forecasted Load,2026-07-19T10:02:06Z
2026-07-19T10:00:07Z,2026-07-19T12:00:07+0200,0122f339-e99c-4669-a7fd-e7d31a0b8b3d,2026-06-20T10:45:00Z,2026-06-20T12:45:00+0200,47304.0,MW,FR,FR,forecast_load,Forecasted Load,2026-07-19T10:02:06Z
2026-07-19T10:00:07Z,2026-07-19T12:00:07+0200,0122f339-e99c-4669-a7fd-e7d31a0b8b3d,2026-06-20T11:00:00Z,2026-06-20T13:00:00+0200,47720.0,MW,FR,FR,forecast_load,Forecasted Load,2026-07-19T10:02:06Z
2026-07-19T10:00:07Z,2026-07-19T12:00:07+0200,0122f339-e99c-4669-a7fd-e7d31a0b8b3d,2026-06-20T11:15:00Z,2026-06-20T13:15:00+0200,46702.5,MW,FR,FR,forecast_load,Forecasted Load,2026-07-19T10:02:06Z
2026-07-19T10:00:07Z,2026-07-19T12:00:07+0200,0122f339-e99c-4669-a7fd-e7d31a0b8b3d,2026-06-20T11:30:00Z,2026-06-20T13:30:00+0200,45685.0,MW,FR,FR,forecast_load,Forecasted Load,2026-07-19T10:02:06Z
2026-07-19T10:00:07Z,2026-07-19T12:00:07+0200,0122f339-e99c-4669-a7fd-e7d31a0b8b3d,2026-06-20T11:45:00Z,2026-06-20T13:45:00+0200,46051.5,MW,FR,FR,forecast_load,Forecasted Load,2026-07-19T10:02:06Z
2026-07-19T10:00:07Z,2026-07-19T12:00:07+0200,0122f339-e99c-4669-a7fd-e7d31a0b8b3d,2026-06-20T12:00:00Z,2026-06-20T14:00:00+0200,46418.0,MW,FR,FR,forecast_load,Forecasted Load,2026-07-19T10:02:06Z
2026-07-19T10:00:07Z,2026-07-19T12:00:07+0200,0122f339-e99c-4669-a7fd-e7d31a0b8b3d,2026-06-20T12:15:00Z,2026-06-20T14:15:00+0200,46687.5,MW,FR,FR,forecast_load,Forecasted Load,2026-07-19T10:02:06Z
2026-07-19T10:00:07Z,2026-07-19T12:00:07+0200,0122f339-e99c-4669-a7fd-e7d31a0b8b3d,2026-06-20T12:30:00Z,2026-06-20T14:30:00+0200,46957.0,MW,FR,FR,forecast_load,Forecasted Load,2026-07-19T10:02:06Z
2026-07-19T10:00:07Z,2026-07-19T12:00:07+0200,0122f339-e99c-4669-a7fd-e7d31a0b8b3d,2026-06-20T12:45:00Z,2026-06-20T14:45:00+0200,46875.5,MW,FR,FR,forecast_load,Forecasted Load,2026-07-19T10:02:06Z
2026-07-19T10:00:07Z,2026-07-19T12:00:07+0200,0122f339-e99c-4669-a7fd-e7d31a0b8b3d,2026-06-20T13:00:00Z,2026-06-20T15:00:00+0200,46794.0,MW,FR,FR,forecast_load,Forecasted Load,2026-07-19T10:02:06Z
2026-07-19T10:00:07Z,2026-07-19T12:00:07+0200,0122f339-e99c-4669-a7fd-e7d31a0b8b3d,2026-06-20T13:15:00Z,2026-06-20T15:15:00+0200,46527.0,MW,FR,FR,forecast_load,Forecasted Load,2026-07-19T10:02:06Z
2026-07-19T10:00:07Z,2026-07-19T12:00:07+0200,0122f339-e99c-4669-a7fd-e7d31a0b8b3d,2026-06-20T13:30:00Z,2026-06-20T15:30:00+0200,46260.0,MW,FR,FR,forecast_load,Forecasted Load,2026-07-19T10:02:06Z
2026-07-19T10:00:07Z,2026-07-19T12:00:07+0200,0122f339-e99c-4669-a7fd-e7d31a0b8b3d,2026-06-20T13:45:00Z,2026-06-20T15:45:00+0200,45957.0,MW,FR,FR,forecast_load,Forecasted Load,2026-07-19T10:02:06Z
2026-07-19T10:00:07Z,2026-07-19T12:00:07+0200,0122f339-e99c-4669-a7fd-e7d31a0b8b3d,2026-06-20T14:00:00Z,2026-06-20T16:00:00+0200,45654.0,MW,FR,FR,forecast_load,Forecasted Load,2026-07-19T10:02:06Z
2026-07-19T10:00:07Z,2026-07-19T12:00:07+0200,0122f339-e99c-4669-a7fd-e7d31a0b8b3d,2026-06-20T14:15:00Z,2026-06-20T16:15:00+0200,45691.0,MW,FR,FR,forecast_load,Forecasted Load,2026-07-19T10:02:06Z
2026-07-19T10:00:07Z,2026-07-19T12:00:07+0200,0122f339-e99c-4669-a7fd-e7d31a0b8b3d,2026-06-20T14:30:00Z,2026-06-20T16:30:00+0200,45728.0,MW,FR,FR,forecast_load,Forecasted Load,2026-07-19T10:02:06Z
2026-07-19T10:00:07Z,2026-07-19T12:00:07+0200,0122f339-e99c-4669-a7fd-e7d31a0b8b3d,2026-06-20T14:45:00Z,2026-06-20T16:45:00+0200,45379.0,MW,FR,FR,forecast_load,Forecasted Load,2026-07-19T10:02:06Z
2026-07-19T10:00:07Z,2026-07-19T12:00:07+0200,0122f339-e99c-4669-a7fd-e7d31a0b8b3d,2026-06-20T15:00:00Z,2026-06-20T17:00:00+0200,45030.0,MW,FR,FR,forecast_load,Forecasted Load,2026-07-19T10:02:06Z
2026-07-19T10:00:07Z,2026-07-19T12:00:07+0200,0122f339-e99c-4669-a7fd-e7d31a0b8b3d,2026-06-20T15:15:00Z,2026-06-20T17:15:00+0200,45252.5,MW,FR,FR,forecast_load,Forecasted Load,2026-07-19T10:02:06Z
2026-07-19T10:00:07Z,2026-07-19T12:00:07+0200,0122f339-e99c-4669-a7fd-e7d31a0b8b3d,2026-06-20T15:30:00Z,2026-06-20T17:30:00+0200,45475.0,MW,FR,FR,forecast_load,Forecasted Load,2026-07-19T10:02:06Z
2026-07-19T10:00:07Z,2026-07-19T12:00:07+0200,0122f339-e99c-4669-a7fd-e7d31a0b8b3d,2026-06-20T15:45:00Z,2026-06-20T17:45:00+0200,45881.0,MW,FR,FR,forecast_load,Forecasted Load,2026-07-19T10:02:06Z
2026-07-19T10:00:07Z,2026-07-19T12:00:07+0200,0122f339-e99c-4669-a7fd-e7d31a0b8b3d,2026-06-20T16:00:00Z,2026-06-20T18:00:00+0200,46287.0,MW,FR,FR,forecast_load,Forecasted Load,2026-07-19T10:02:06Z
2026-07-19T10:00:07Z,2026-07-19T12:00:07+0200,0122f339-e99c-4669-a7fd-e7d31a0b8b3d,2026-06-20T16:15:00Z,2026-06-20T18:15:00+0200,46439.5,MW,FR,FR,forecast_load,Forecasted Load,2026-07-19T10:02:06Z
2026-07-19T10:00:07Z,2026-07-19T12:00:07+0200,0122f339-e99c-4669-a7fd-e7d31a0b8b3d,2026-06-20T16:30:00Z,2026-06-20T18:30:00+0200,46592.0,MW,FR,FR,forecast_load,Forecasted Load,2026-07-19T10:02:06Z
2026-07-19T10:00:07Z,2026-07-19T12:00:07+0200,0122f339-e99c-4669-a7fd-e7d31a0b8b3d,2026-06-20T16:45:00Z,2026-06-20T18:45:00+0200,46918.5,MW,FR,FR,forecast_load,Forecasted Load,2026-07-19T10:02:06Z
2026-07-19T10:00:07Z,2026-07-19T12:00:07+0200,0122f339-e99c-4669-a7fd-e7d31a0b8b3d,2026-06-20T17:00:00Z,2026-06-20T19:00:00+0200,47245.0,MW,FR,FR,forecast_load,Forecasted Load,2026-07-19T10:02:06Z
2026-07-19T10:00:07Z,2026-07-19T12:00:07+0200,0122f339-e99c-4669-a7fd-e7d31a0b8b3d,2026-06-20T17:15:00Z,2026-06-20T19:15:00+0200,47245.0,MW,FR,FR,forecast_load,Forecasted Load,2026-07-19T10:02:06Z
2026-07-19T10:00:07Z,2026-07-19T12:00:07+0200,0122f339-e99c-4669-a7fd-e7d31a0b8b3d,2026-06-20T17:30:00Z,2026-06-20T19:30:00+0200,47245.0,MW,FR,FR,forecast_load,Forecasted Load,2026-07-19T10:02:06Z
2026-07-19T10:00:07Z,2026-07-19T12:00:07+0200,0122f339-e99c-4669-a7fd-e7d31a0b8b3d,2026-06-20T17:45:00Z,2026-06-20T19:45:00+0200,46846.0,MW,FR,FR,forecast_load,Forecasted Load,2026-07-19T10:02:06Z
2026-07-19T10:00:07Z,2026-07-19T12:00:07+0200,0122f339-e99c-4669-a7fd-e7d31a0b8b3d,2026-06-20T18:00:00Z,2026-06-20T20:00:00+0200,46447.0,MW,FR,FR,forecast_load,Forecasted Load,2026-07-19T10:02:06Z
2026-07-19T10:00:07Z,2026-07-19T12:00:07+0200,0122f339-e99c-4669-a7fd-e7d31a0b8b3d,2026-06-20T18:15:00Z,2026-06-20T20:15:00+0200,45987.0,MW,FR,FR,forecast_load,Forecasted Load,2026-07-19T10:02:06Z
2026-07-19T10:00:07Z,2026-07-19T12:00:07+0200,0122f339-e99c-4669-a7fd-e7d31a0b8b3d,2026-06-20T18:30:00Z,2026-06-20T20:30:00+0200,45527.0,MW,FR,FR,forecast_load,Forecasted Load,2026-07-19T10:02:06Z
2026-07-19T10:00:07Z,2026-07-19T12:00:07+0200,0122f339-e99c-4669-a7fd-e7d31a0b8b3d,2026-06-20T18:45:00Z,2026-06-20T20:45:00+0200,45055.5,MW,FR,FR,forecast_load,Forecasted Load,2026-07-19T10:02:06Z
2026-07-19T10:00:07Z,2026-07-19T12:00:07+0200,0122f339-e99c-4669-a7fd-e7d31a0b8b3d,2026-06-20T19:00:00Z,2026-06-20T21:00:00+0200,44584.0,MW,FR,FR,forecast_load,Forecasted Load,2026-07-19T10:02:06Z
2026-07-19T10:00:07Z,2026-07-19T12:00:07+0200,0122f339-e99c-4669-a7fd-e7d31a0b8b3d,2026-06-20T19:15:00Z,2026-06-20T21:15:00+0200,44430.5,MW,FR,FR,forecast_load,Forecasted Load,2026-07-19T10:02:06Z
2026-07-19T10:00:07Z,2026-07-19T12:00:07+0200,0122f339-e99c-4669-a7fd-e7d31a0b8b3d,2026-06-20T19:30:00Z,2026-06-20T21:30:00+0200,44277.0,MW,FR,FR,forecast_load,Forecasted Load,2026-07-19T10:02:06Z
2026-07-19T10:00:07Z,2026-07-19T12:00:07+0200,0122f339-e99c-4669-a7fd-e7d31a0b8b3d,2026-06-20T19:45:00Z,2026-06-20T21:45:00+0200,44123.5,MW,FR,FR,forecast_load,Forecasted Load,2026-07-19T10:02:06Z
2026-07-19T10:00:07Z,2026-07-19T12:00:07+0200,0122f339-e99c-4669-a7fd-e7d31a0b8b3d,2026-06-20T20:00:00Z,2026-06-20T22:00:00+0200,43970.0,MW,FR,FR,forecast_load,Forecasted Load,2026-07-19T10:02:06Z
2026-07-19T10:00:07Z,2026-07-19T12:00:07+0200,0122f339-e99c-4669-a7fd-e7d31a0b8b3d,2026-06-20T20:15:00Z,2026-06-20T22:15:00+0200,44984.0,MW,FR,FR,forecast_load,Forecasted Load,2026-07-19T10:02:06Z
2026-07-19T10:00:07Z,2026-07-19T12:00:07+0200,0122f339-e99c-4669-a7fd-e7d31a0b8b3d,2026-06-20T20:30:00Z,2026-06-20T22:30:00+0200,45998.0,MW,FR,FR,forecast_load,Forecasted Load,2026-07-19T10:02:06Z
2026-07-19T10:00:07Z,2026-07-19T12:00:07+0200,0122f339-e99c-4669-a7fd-e7d31a0b8b3d,2026-06-20T20:45:00Z,2026-06-20T22:45:00+0200,46629.5,MW,FR,FR,forecast_load,Forecasted Load,2026-07-19T10:02:06Z
2026-07-19T10:00:07Z,2026-07-19T12:00:07+0200,0122f339-e99c-4669-a7fd-e7d31a0b8b3d,2026-06-20T21:00:00Z,2026-06-20T23:00:00+0200,47261.0,MW,FR,FR,forecast_load,Forecasted Load,2026-07-19T10:02:06Z
2026-07-19T10:00:07Z,2026-07-19T12:00:07+0200,0122f339-e99c-4669-a7fd-e7d31a0b8b3d,2026-06-20T21:15:00Z,2026-06-20T23:15:00+0200,46807.5,MW,FR,FR,forecast_load,Forecasted Load,2026-07-19T10:02:06Z
2026-07-19T10:00:07Z,2026-07-19T12:00:07+0200,0122f339-e99c-4669-a7fd-e7d31a0b8b3d,2026-06-20T21:30:00Z,2026-06-20T23:30:00+0200,46354.0,MW,FR,FR,forecast_load,Forecasted Load,2026-07-19T10:02:06Z
2026-07-19T10:00:07Z,2026-07-19T12:00:07+0200,0122f339-e99c-4669-a7fd-e7d31a0b8b3d,2026-06-20T21:45:00Z,2026-06-20T23:45:00+0200,45538.0,MW,FR,FR,forecast_load,Forecasted Load,2026-07-19T10:02:06Z
2026-07-19T10:00:07Z,2026-07-19T12:00:07+0200,0122f339-e99c-4669-a7fd-e7d31a0b8b3d,2026-06-20T22:00:00Z,2026-06-21T00:00:00+0200,43700.0,MW,FR,FR,forecast_load,Forecasted Load,2026-07-19T10:02:06Z
2026-07-19T10:00:07Z,2026-07-19T12:00:07+0200,0122f339-e99c-4669-a7fd-e7d31a0b8b3d,2026-06-20T22:15:00Z,2026-06-21T00:15:00+0200,42850.0,MW,FR,FR,forecast_load,Forecasted Load,2026-07-19T10:02:06Z
2026-07-19T10:00:07Z,2026-07-19T12:00:07+0200,0122f339-e99c-4669-a7fd-e7d31a0b8b3d,2026-06-20T22:30:00Z,2026-06-21T00:30:00+0200,42000.0,MW,FR,FR,forecast_load,Forecasted Load,2026-07-19T10:02:06Z
2026-07-19T10:00:07Z,2026-07-19T12:00:07+0200,0122f339-e99c-4669-a7fd-e7d31a0b8b3d,2026-06-20T22:45:00Z,2026-06-21T00:45:00+0200,41050.0,MW,FR,FR,forecast_load,Forecasted Load,2026-07-19T10:02:06Z
2026-07-19T10:00:07Z,2026-07-19T12:00:07+0200,0122f339-e99c-4669-a7fd-e7d31a0b8b3d,2026-06-20T23:00:00Z,2026-06-21T01:00:00+0200,40100.0,MW,FR,FR,forecast_load,Forecasted Load,2026-07-19T10:02:06Z
2026-07-19T10:00:07Z,2026-07-19T12:00:07+0200,0122f339-e99c-4669-a7fd-e7d31a0b8b3d,2026-06-20T23:15:00Z,2026-06-21T01:15:00+0200,40300.0,MW,FR,FR,forecast_load,Forecasted Load,2026-07-19T10:02:06Z
2026-07-19T10:00:07Z,2026-07-19T12:00:07+0200,0122f339-e99c-4669-a7fd-e7d31a0b8b3d,2026-06-20T23:30:00Z,2026-06-21T01:30:00+0200,40500.0,MW,FR,FR,forecast_load,Forecasted Load,2026-07-19T10:02:06Z
2026-07-19T10:00:07Z,2026-07-19T12:00:07+0200,0122f339-e99c-4669-a7fd-e7d31a0b8b3d,2026-06-20T23:45:00Z,2026-06-21T01:45:00+0200,39550.0,MW,FR,FR,forecast_load,Forecasted Load,2026-07-19T10:02:06Z
2026-07-19T10:00:07Z,2026-07-19T12:00:07+0200,0122f339-e99c-4669-a7fd-e7d31a0b8b3d,2026-06-21T00:00:00Z,2026-06-21T02:00:00+0200,38600.0,MW,FR,FR,forecast_load,Forecasted Load,2026-07-19T10:02:06Z
2026-07-19T10:00:07Z,2026-07-19T12:00:07+0200,0122f339-e99c-4669-a7fd-e7d31a0b8b3d,2026-06-21T00:15:00Z,2026-06-21T02:15:00+0200,38150.0,MW,FR,FR,forecast_load,Forecasted Load,2026-07-19T10:02:06Z
2026-07-19T10:00:07Z,2026-07-19T12:00:07+0200,0122f339-e99c-4669-a7fd-e7d31a0b8b3d,2026-06-21T00:30:00Z,2026-06-21T02:30:00+0200,37700.0,MW,FR,FR,forecast_load,Forecasted Load,2026-07-19T10:02:06Z
2026-07-19T10:00:07Z,2026-07-19T12:00:07+0200,0122f339-e99c-4669-a7fd-e7d31a0b8b3d,2026-06-21T00:45:00Z,2026-06-21T02:45:00+0200,36950.0,MW,FR,FR,forecast_load,Forecasted Load,2026-07-19T10:02:06Z
2026-07-19T10:00:07Z,2026-07-19T12:00:07+0200,0122f339-e99c-4669-a7fd-e7d31a0b8b3d,2026-06-21T01:00:00Z,2026-06-21T03:00:00+0200,36200.0,MW,FR,FR,forecast_load,Forecasted Load,2026-07-19T10:02:06Z
2026-07-19T10:00:07Z,2026-07-19T12:00:07+0200,0122f339-e99c-4669-a7fd-e7d31a0b8b3d,2026-06-21T01:15:00Z,2026-06-21T03:15:00+0200,35750.0,MW,FR,FR,forecast_load,Forecasted Load,2026-07-19T10:02:06Z
2026-07-19T10:00:07Z,2026-07-19T12:00:07+0200,0122f339-e99c-4669-a7fd-e7d31a0b8b3d,2026-06-21T01:30:00Z,2026-06-21T03:30:00+0200,35300.0,MW,FR,FR,forecast_load,Forecasted Load,2026-07-19T10:02:06Z
2026-07-19T10:00:07Z,2026-07-19T12:00:07+0200,0122f339-e99c-4669-a7fd-e7d31a0b8b3d,2026-06-21T01:45:00Z,2026-06-21T03:45:00+0200,34950.0,MW,FR,FR,forecast_load,Forecasted Load,2026-07-19T10:02:06Z
2026-07-19T10:00:07Z,2026-07-19T12:00:07+0200,0122f339-e99c-4669-a7fd-e7d31a0b8b3d,2026-06-21T02:00:00Z,2026-06-21T04:00:00+0200,34600.0,MW,FR,FR,forecast_load,Forecasted Load,2026-07-19T10:02:06Z
2026-07-19T10:00:07Z,2026-07-19T12:00:07+0200,0122f339-e99c-4669-a7fd-e7d31a0b8b3d,2026-06-21T02:15:00Z,2026-06-21T04:15:00+0200,34350.0,MW,FR,FR,forecast_load,Forecasted Load,2026-07-19T10:02:06Z
2026-07-19T10:00:07Z,2026-07-19T12:00:07+0200,0122f339-e99c-4669-a7fd-e7d31a0b8b3d,2026-06-21T02:30:00Z,2026-06-21T04:30:00+0200,34100.0,MW,FR,FR,forecast_load,Forecasted Load,2026-07-19T10:02:06Z
2026-07-19T10:00:07Z,2026-07-19T12:00:07+0200,0122f339-e99c-4669-a7fd-e7d31a0b8b3d,2026-06-21T02:45:00Z,2026-06-21T04:45:00+0200,33950.0,MW,FR,FR,forecast_load,Forecasted Load,2026-07-19T10:02:06Z
2026-07-19T10:00:07Z,2026-07-19T12:00:07+0200,0122f339-e99c-4669-a7fd-e7d31a0b8b3d,2026-06-21T03:00:00Z,2026-06-21T05:00:00+0200,33800.0,MW,FR,FR,forecast_load,Forecasted Load,2026-07-19T10:02:06Z
2026-07-19T10:00:07Z,2026-07-19T12:00:07+0200,0122f339-e99c-4669-a7fd-e7d31a0b8b3d,2026-06-21T03:15:00Z,2026-06-21T05:15:00+0200,33700.0,MW,FR,FR,forecast_load,Forecasted Load,2026-07-19T10:02:06Z
2026-07-19T10:00:07Z,2026-07-19T12:00:07+0200,0122f339-e99c-4669-a7fd-e7d31a0b8b3d,2026-06-21T03:30:00Z,2026-06-21T05:30:00+0200,33600.0,MW,FR,FR,forecast_load,Forecasted Load,2026-07-19T10:02:06Z
2026-07-19T10:00:07Z,2026-07-19T12:00:07+0200,0122f339-e99c-4669-a7fd-e7d31a0b8b3d,2026-06-21T03:45:00Z,2026-06-21T05:45:00+0200,33500.0,MW,FR,FR,forecast_load,Forecasted Load,2026-07-19T10:02:06Z
2026-07-19T10:00:07Z,2026-07-19T12:00:07+0200,0122f339-e99c-4669-a7fd-e7d31a0b8b3d,2026-06-21T04:00:00Z,2026-06-21T06:00:00+0200,33400.0,MW,FR,FR,forecast_load,Forecasted Load,2026-07-19T10:02:06Z
2026-07-19T10:00:07Z,2026-07-19T12:00:07+0200,0122f339-e99c-4669-a7fd-e7d31a0b8b3d,2026-06-21T04:15:00Z,2026-06-21T06:15:00+0200,33350.0,MW,FR,FR,forecast_load,Forecasted Load,2026-07-19T10:02:06Z
2026-07-19T10:00:07Z,2026-07-19T12:00:07+0200,0122f339-e99c-4669-a7fd-e7d31a0b8b3d,2026-06-21T04:30:00Z,2026-06-21T06:30:00+0200,33300.0,MW,FR,FR,forecast_load,Forecasted Load,2026-07-19T10:02:06Z
2026-07-19T10:00:07Z,2026-07-19T12:00:07+0200,0122f339-e99c-4669-a7fd-e7d31a0b8b3d,2026-06-21T04:45:00Z,2026-06-21T06:45:00+0200,33450.0,MW,FR,FR,forecast_load,Forecasted Load,2026-07-19T10:02:06Z
2026-07-19T10:00:07Z,2026-07-19T12:00:07+0200,0122f339-e99c-4669-a7fd-e7d31a0b8b3d,2026-06-21T05:00:00Z,2026-06-21T07:00:00+0200,33600.0,MW,FR,FR,forecast_load,Forecasted Load,2026-07-19T10:02:06Z
2026-07-19T10:00:07Z,2026-07-19T12:00:07+0200,0122f339-e99c-4669-a7fd-e7d31a0b8b3d,2026-06-21T05:15:00Z,2026-06-21T07:15:00+0200,33900.0,MW,FR,FR,forecast_load,Forecasted Load,2026-07-19T10:02:06Z
2026-07-19T10:00:07Z,2026-07-19T12:00:07+0200,0122f339-e99c-4669-a7fd-e7d31a0b8b3d,2026-06-21T05:30:00Z,2026-06-21T07:30:00+0200,34200.0,MW,FR,FR,forecast_load,Forecasted Load,2026-07-19T10:02:06Z
2026-07-19T10:00:07Z,2026-07-19T12:00:07+0200,0122f339-e99c-4669-a7fd-e7d31a0b8b3d,2026-06-21T05:45:00Z,2026-06-21T07:45:00+0200,34500.0,MW,FR,FR,forecast_load,Forecasted Load,2026-07-19T10:02:06Z
2026-07-19T10:00:07Z,2026-07-19T12:00:07+0200,0122f339-e99c-4669-a7fd-e7d31a0b8b3d,2026-06-21T06:00:00Z,2026-06-21T08:00:00+0200,34800.0,MW,FR,FR,forecast_load,Forecasted Load,2026-07-19T10:02:06Z
2026-07-19T10:00:07Z,2026-07-19T12:00:07+0200,0122f339-e99c-4669-a7fd-e7d31a0b8b3d,2026-06-21T06:15:00Z,2026-06-21T08:15:00+0200,35450.0,MW,FR,FR,forecast_load,Forecasted Load,2026-07-19T10:02:06Z
2026-07-19T10:00:07Z,2026-07-19T12:00:07+0200,0122f339-e99c-4669-a7fd-e7d31a0b8b3d,2026-06-21T06:30:00Z,2026-06-21T08:30:00+0200,36100.0,MW,FR,FR,forecast_load,Forecasted Load,2026-07-19T10:02:06Z
2026-07-19T10:00:07Z,2026-07-19T12:00:07+0200,0122f339-e99c-4669-a7fd-e7d31a0b8b3d,2026-06-21T06:45:00Z,2026-06-21T08:45:00+0200,36450.0,MW,FR,FR,forecast_load,Forecasted Load,2026-07-19T10:02:06Z
2026-07-19T10:00:07Z,2026-07-19T12:00:07+0200,0122f339-e99c-4669-a7fd-e7d31a0b8b3d,2026-06-21T07:00:00Z,2026-06-21T09:00:00+0200,36800.0,MW,FR,FR,forecast_load,Forecasted Load,2026-07-19T10:02:06Z
2026-07-19T10:00:07Z,2026-07-19T12:00:07+0200,0122f339-e99c-4669-a7fd-e7d31a0b8b3d,2026-06-21T07:15:00Z,2026-06-21T09:15:00+0200,37400.0,MW,FR,FR,forecast_load,Forecasted Load,2026-07-19T10:02:06Z
2026-07-19T10:00:07Z,2026-07-19T12:00:07+0200,0122f339-e99c-4669-a7fd-e7d31a0b8b3d,2026-06-21T07:30:00Z,2026-06-21T09:30:00+0200,38000.0,MW,FR,FR,forecast_load,Forecasted Load,2026-07-19T10:02:06Z
2026-07-19T10:00:07Z,2026-07-19T12:00:07+0200,0122f339-e99c-4669-a7fd-e7d31a0b8b3d,2026-06-21T07:45:00Z,2026-06-21T09:45:00+0200,38350.0,MW,FR,FR,forecast_load,Forecasted Load,2026-07-19T10:02:06Z
2026-07-19T10:00:07Z,2026-07-19T12:00:07+0200,0122f339-e99c-4669-a7fd-e7d31a0b8b3d,2026-06-21T08:00:00Z,2026-06-21T10:00:00+0200,38700.0,MW,FR,FR,forecast_load,Forecasted Load,2026-07-19T10:02:06Z
2026-07-19T10:00:07Z,2026-07-19T12:00:07+0200,0122f339-e99c-4669-a7fd-e7d31a0b8b3d,2026-06-21T08:15:00Z,2026-06-21T10:15:00+0200,39100.0,MW,FR,FR,forecast_load,Forecasted Load,2026-07-19T10:02:06Z
2026-07-19T10:00:07Z,2026-07-19T12:00:07+0200,0122f339-e99c-4669-a7fd-e7d31a0b8b3d,2026-06-21T08:30:00Z,2026-06-21T10:30:00+0200,39500.0,MW,FR,FR,forecast_load,Forecasted Load,2026-07-19T10:02:06Z
2026-07-19T10:00:07Z,2026-07-19T12:00:07+0200,0122f339-e99c-4669-a7fd-e7d31a0b8b3d,2026-06-21T08:45:00Z,2026-06-21T10:45:00+0200,39850.0,MW,FR,FR,forecast_load,Forecasted Load,2026-07-19T10:02:06Z
2026-07-19T10:00:07Z,2026-07-19T12:00:07+0200,0122f339-e99c-4669-a7fd-e7d31a0b8b3d,2026-06-21T09:00:00Z,2026-06-21T11:00:00+0200,40200.0,MW,FR,FR,forecast_load,Forecasted Load,2026-07-19T10:02:06Z
2026-07-19T10:00:07Z,2026-07-19T12:00:07+0200,0122f339-e99c-4669-a7fd-e7d31a0b8b3d,2026-06-21T09:15:00Z,2026-06-21T11:15:00+0200,40950.0,MW,FR,FR,forecast_load,Forecasted Load,2026-07-19T10:02:06Z
2026-07-19T10:00:07Z,2026-07-19T12:00:07+0200,0122f339-e99c-4669-a7fd-e7d31a0b8b3d,2026-06-21T09:30:00Z,2026-06-21T11:30:00+0200,41700.0,MW,FR,FR,forecast_load,Forecasted Load,2026-07-19T10:02:06Z
2026-07-19T10:00:07Z,2026-07-19T12:00:07+0200,0122f339-e99c-4669-a7fd-e7d31a0b8b3d,2026-06-21T09:45:00Z,2026-06-21T11:45:00+0200,42900.0,MW,FR,FR,forecast_load,Forecasted Load,2026-07-19T10:02:06Z
2026-07-19T10:00:07Z,2026-07-19T12:00:07+0200,0122f339-e99c-4669-a7fd-e7d31a0b8b3d,2026-06-21T10:00:00Z,2026-06-21T12:00:00+0200,44100.0,MW,FR,FR,forecast_load,Forecasted Load,2026-07-19T10:02:06Z
2026-07-19T10:00:07Z,2026-07-19T12:00:07+0200,0122f339-e99c-4669-a7fd-e7d31a0b8b3d,2026-06-21T10:15:00Z,2026-06-21T12:15:00+0200,43950.0,MW,FR,FR,forecast_load,Forecasted Load,2026-07-19T10:02:06Z
2026-07-19T10:00:07Z,2026-07-19T12:00:07+0200,0122f339-e99c-4669-a7fd-e7d31a0b8b3d,2026-06-21T10:30:00Z,2026-06-21T12:30:00+0200,43800.0,MW,FR,FR,forecast_load,Forecasted Load,2026-07-19T10:02:06Z
2026-07-19T10:00:07Z,2026-07-19T12:00:07+0200,0122f339-e99c-4669-a7fd-e7d31a0b8b3d,2026-06-21T10:45:00Z,2026-06-21T12:45:00+0200,44500.0,MW,FR,FR,forecast_load,Forecasted Load,2026-07-19T10:02:06Z
2026-07-19T10:00:07Z,2026-07-19T12:00:07+0200,0122f339-e99c-4669-a7fd-e7d31a0b8b3d,2026-06-21T11:00:00Z,2026-06-21T13:00:00+0200,45200.0,MW,FR,FR,forecast_load,Forecasted Load,2026-07-19T10:02:06Z
2026-07-19T10:00:07Z,2026-07-19T12:00:07+0200,0122f339-e99c-4669-a7fd-e7d31a0b8b3d,2026-06-21T11:15:00Z,2026-06-21T13:15:00+0200,44250.0,MW,FR,FR,forecast_load,Forecasted Load,2026-07-19T10:02:06Z
2026-07-19T10:00:07Z,2026-07-19T12:00:07+0200,0122f339-e99c-4669-a7fd-e7d31a0b8b3d,2026-06-21T11:30:00Z,2026-06-21T13:30:00+0200,43300.0,MW,FR,FR,forecast_load,Forecasted Load,2026-07-19T10:02:06Z
2026-07-19T10:00:07Z,2026-07-19T12:00:07+0200,0122f339-e99c-4669-a7fd-e7d31a0b8b3d,2026-06-21T11:45:00Z,2026-06-21T13:45:00+0200,43150.0,MW,FR,FR,forecast_load,Forecasted Load,2026-07-19T10:02:06Z
2026-07-19T10:00:07Z,2026-07-19T12:00:07+0200,0122f339-e99c-4669-a7fd-e7d31a0b8b3d,2026-06-21T12:00:00Z,2026-06-21T14:00:00+0200,43000.0,MW,FR,FR,forecast_load,Forecasted Load,2026-07-19T10:02:06Z
2026-07-19T10:00:07Z,2026-07-19T12:00:07+0200,0122f339-e99c-4669-a7fd-e7d31a0b8b3d,2026-06-21T12:15:00Z,2026-06-21T14:15:00+0200,43300.0,MW,FR,FR,forecast_load,Forecasted Load,2026-07-19T10:02:06Z
2026-07-19T10:00:07Z,2026-07-19T12:00:07+0200,0122f339-e99c-4669-a7fd-e7d31a0b8b3d,2026-06-21T12:30:00Z,2026-06-21T14:30:00+0200,43600.0,MW,FR,FR,forecast_load,Forecasted Load,2026-07-19T10:02:06Z
2026-07-19T10:00:07Z,2026-07-19T12:00:07+0200,0122f339-e99c-4669-a7fd-e7d31a0b8b3d,2026-06-21T12:45:00Z,2026-06-21T14:45:00+0200,43550.0,MW,FR,FR,forecast_load,Forecasted Load,2026-07-19T10:02:06Z
2026-07-19T10:00:07Z,2026-07-19T12:00:07+0200,0122f339-e99c-4669-a7fd-e7d31a0b8b3d,2026-06-21T13:00:00Z,2026-06-21T15:00:00+0200,43500.0,MW,FR,FR,forecast_load,Forecasted Load,2026-07-19T10:02:06Z
2026-07-19T10:00:07Z,2026-07-19T12:00:07+0200,0122f339-e99c-4669-a7fd-e7d31a0b8b3d,2026-06-21T13:15:00Z,2026-06-21T15:15:00+0200,43200.0,MW,FR,FR,forecast_load,Forecasted Load,2026-07-19T10:02:06Z
2026-07-19T10:00:07Z,2026-07-19T12:00:07+0200,0122f339-e99c-4669-a7fd-e7d31a0b8b3d,2026-06-21T13:30:00Z,2026-06-21T15:30:00+0200,42900.0,MW,FR,FR,forecast_load,Forecasted Load,2026-07-19T10:02:06Z
2026-07-19T10:00:07Z,2026-07-19T12:00:07+0200,0122f339-e99c-4669-a7fd-e7d31a0b8b3d,2026-06-21T13:45:00Z,2026-06-21T15:45:00+0200,42750.0,MW,FR,FR,forecast_load,Forecasted Load,2026-07-19T10:02:06Z
2026-07-19T10:00:07Z,2026-07-19T12:00:07+0200,0122f339-e99c-4669-a7fd-e7d31a0b8b3d,2026-06-21T14:00:00Z,2026-06-21T16:00:00+0200,42600.0,MW,FR,FR,forecast_load,Forecasted Load,2026-07-19T10:02:06Z
2026-07-19T10:00:07Z,2026-07-19T12:00:07+0200,0122f339-e99c-4669-a7fd-e7d31a0b8b3d,2026-06-21T14:15:00Z,2026-06-21T16:15:00+0200,42550.0,MW,FR,FR,forecast_load,Forecasted Load,2026-07-19T10:02:06Z
2026-07-19T10:00:07Z,2026-07-19T12:00:07+0200,0122f339-e99c-4669-a7fd-e7d31a0b8b3d,2026-06-21T14:30:00Z,2026-06-21T16:30:00+0200,42500.0,MW,FR,FR,forecast_load,Forecasted Load,2026-07-19T10:02:06Z
2026-07-19T10:00:07Z,2026-07-19T12:00:07+0200,0122f339-e99c-4669-a7fd-e7d31a0b8b3d,2026-06-21T14:45:00Z,2026-06-21T16:45:00+0200,42650.0,MW,FR,FR,forecast_load,Forecasted Load,2026-07-19T10:02:06Z
2026-07-19T10:00:07Z,2026-07-19T12:00:07+0200,0122f339-e99c-4669-a7fd-e7d31a0b8b3d,2026-06-21T15:00:00Z,2026-06-21T17:00:00+0200,42800.0,MW,FR,FR,forecast_load,Forecasted Load,2026-07-19T10:02:06Z
2026-07-19T10:00:07Z,2026-07-19T12:00:07+0200,0122f339-e99c-4669-a7fd-e7d31a0b8b3d,2026-06-21T15:15:00Z,2026-06-21T17:15:00+0200,42850.0,MW,FR,FR,forecast_load,Forecasted Load,2026-07-19T10:02:06Z
2026-07-19T10:00:07Z,2026-07-19T12:00:07+0200,0122f339-e99c-4669-a7fd-e7d31a0b8b3d,2026-06-21T15:30:00Z,2026-06-21T17:30:00+0200,42900.0,MW,FR,FR,forecast_load,Forecasted Load,2026-07-19T10:02:06Z
2026-07-19T10:00:07Z,2026-07-19T12:00:07+0200,0122f339-e99c-4669-a7fd-e7d31a0b8b3d,2026-06-21T15:45:00Z,2026-06-21T17:45:00+0200,43800.0,MW,FR,FR,forecast_load,Forecasted Load,2026-07-19T10:02:06Z
2026-07-19T10:00:07Z,2026-07-19T12:00:07+0200,0122f339-e99c-4669-a7fd-e7d31a0b8b3d,2026-06-21T16:00:00Z,2026-06-21T18:00:00+0200,44700.0,MW,FR,FR,forecast_load,Forecasted Load,2026-07-19T10:02:06Z
2026-07-19T10:00:07Z,2026-07-19T12:00:07+0200,0122f339-e99c-4669-a7fd-e7d31a0b8b3d,2026-06-21T16:15:00Z,2026-06-21T18:15:00+0200,44900.0,MW,FR,FR,forecast_load,Forecasted Load,2026-07-19T10:02:06Z
2026-07-19T10:00:07Z,2026-07-19T12:00:07+0200,0122f339-e99c-4669-a7fd-e7d31a0b8b3d,2026-06-21T16:30:00Z,2026-06-21T18:30:00+0200,45100.0,MW,FR,FR,forecast_load,Forecasted Load,2026-07-19T10:02:06Z
2026-07-19T10:00:07Z,2026-07-19T12:00:07+0200,0122f339-e99c-4669-a7fd-e7d31a0b8b3d,2026-06-21T16:45:00Z,2026-06-21T18:45:00+0200,45800.0,MW,FR,FR,forecast_load,Forecasted Load,2026-07-19T10:02:06Z
2026-07-19T10:00:07Z,2026-07-19T12:00:07+0200,0122f339-e99c-4669-a7fd-e7d31a0b8b3d,2026-06-21T17:00:00Z,2026-06-21T19:00:00+0200,46500.0,MW,FR,FR,forecast_load,Forecasted Load,2026-07-19T10:02:06Z
2026-07-19T10:00:07Z,2026-07-19T12:00:07+0200,0122f339-e99c-4669-a7fd-e7d31a0b8b3d,2026-06-21T17:15:00Z,2026-06-21T19:15:00+0200,46750.0,MW,FR,FR,forecast_load,Forecasted Load,2026-07-19T10:02:06Z
2026-07-19T10:00:07Z,2026-07-19T12:00:07+0200,0122f339-e99c-4669-a7fd-e7d31a0b8b3d,2026-06-21T17:30:00Z,2026-06-21T19:30:00+0200,47000.0,MW,FR,FR,forecast_load,Forecasted Load,2026-07-19T10:02:06Z
2026-07-19T10:00:07Z,2026-07-19T12:00:07+0200,0122f339-e99c-4669-a7fd-e7d31a0b8b3d,2026-06-21T17:45:00Z,2026-06-21T19:45:00+0200,47000.0,MW,FR,FR,forecast_load,Forecasted Load,2026-07-19T10:02:06Z
2026-07-19T10:00:07Z,2026-07-19T12:00:07+0200,0122f339-e99c-4669-a7fd-e7d31a0b8b3d,2026-06-21T18:00:00Z,2026-06-21T20:00:00+0200,47000.0,MW,FR,FR,forecast_load,Forecasted Load,2026-07-19T10:02:06Z
2026-07-19T10:00:07Z,2026-07-19T12:00:07+0200,0122f339-e99c-4669-a7fd-e7d31a0b8b3d,2026-06-21T18:15:00Z,2026-06-21T20:15:00+0200,46550.0,MW,FR,FR,forecast_load,Forecasted Load,2026-07-19T10:02:06Z
2026-07-19T10:00:07Z,2026-07-19T12:00:07+0200,0122f339-e99c-4669-a7fd-e7d31a0b8b3d,2026-06-21T18:30:00Z,2026-06-21T20:30:00+0200,46100.0,MW,FR,FR,forecast_load,Forecasted Load,2026-07-19T10:02:06Z
2026-07-19T10:00:07Z,2026-07-19T12:00:07+0200,0122f339-e99c-4669-a7fd-e7d31a0b8b3d,2026-06-21T18:45:00Z,2026-06-21T20:45:00+0200,46050.0,MW,FR,FR,forecast_load,Forecasted Load,2026-07-19T10:02:06Z
2026-07-19T10:00:07Z,2026-07-19T12:00:07+0200,0122f339-e99c-4669-a7fd-e7d31a0b8b3d,2026-06-21T19:00:00Z,2026-06-21T21:00:00+0200,46000.0,MW,FR,FR,forecast_load,Forecasted Load,2026-07-19T10:02:06Z
2026-07-19T10:00:07Z,2026-07-19T12:00:07+0200,0122f339-e99c-4669-a7fd-e7d31a0b8b3d,2026-06-21T19:15:00Z,2026-06-21T21:15:00+0200,45750.0,MW,FR,FR,forecast_load,Forecasted Load,2026-07-19T10:02:06Z
2026-07-19T10:00:07Z,2026-07-19T12:00:07+0200,0122f339-e99c-4669-a7fd-e7d31a0b8b3d,2026-06-21T19:30:00Z,2026-06-21T21:30:00+0200,45500.0,MW,FR,FR,forecast_load,Forecasted Load,2026-07-19T10:02:06Z
2026-07-19T10:00:07Z,2026-07-19T12:00:07+0200,0122f339-e99c-4669-a7fd-e7d31a0b8b3d,2026-06-21T19:45:00Z,2026-06-21T21:45:00+0200,45400.0,MW,FR,FR,forecast_load,Forecasted Load,2026-07-19T10:02:06Z
2026-07-19T10:00:07Z,2026-07-19T12:00:07+0200,0122f339-e99c-4669-a7fd-e7d31a0b8b3d,2026-06-21T20:00:00Z,2026-06-21T22:00:00+0200,45300.0,MW,FR,FR,forecast_load,Forecasted Load,2026-07-19T10:02:06Z
2026-07-19T10:00:07Z,2026-07-19T12:00:07+0200,0122f339-e99c-4669-a7fd-e7d31a0b8b3d,2026-06-21T20:15:00Z,2026-06-21T22:15:00+0200,46100.0,MW,FR,FR,forecast_load,Forecasted Load,2026-07-19T10:02:06Z
2026-07-19T10:00:07Z,2026-07-19T12:00:07+0200,0122f339-e99c-4669-a7fd-e7d31a0b8b3d,2026-06-21T20:30:00Z,2026-06-21T22:30:00+0200,46900.0,MW,FR,FR,forecast_load,Forecasted Load,2026-07-19T10:02:06Z
2026-07-19T10:00:07Z,2026-07-19T12:00:07+0200,0122f339-e99c-4669-a7fd-e7d31a0b8b3d,2026-06-21T20:45:00Z,2026-06-21T22:45:00+0200,47450.0,MW,FR,FR,forecast_load,Forecasted Load,2026-07-19T10:02:06Z
2026-07-19T10:00:07Z,2026-07-19T12:00:07+0200,0122f339-e99c-4669-a7fd-e7d31a0b8b3d,2026-06-21T21:00:00Z,2026-06-21T23:00:00+0200,48000.0,MW,FR,FR,forecast_load,Forecasted Load,2026-07-19T10:02:06Z
2026-07-19T10:00:07Z,2026-07-19T12:00:07+0200,0122f339-e99c-4669-a7fd-e7d31a0b8b3d,2026-06-21T21:15:00Z,2026-06-21T23:15:00+0200,47150.0,MW,FR,FR,forecast_load,Forecasted Load,2026-07-19T10:02:06Z
2026-07-19T10:00:07Z,2026-07-19T12:00:07+0200,0122f339-e99c-4669-a7fd-e7d31a0b8b3d,2026-06-21T21:30:00Z,2026-06-21T23:30:00+0200,46300.0,MW,FR,FR,forecast_load,Forecasted Load,2026-07-19T10:02:06Z
2026-07-19T10:00:07Z,2026-07-19T12:00:07+0200,0122f339-e99c-4669-a7fd-e7d31a0b8b3d,2026-06-21T21:45:00Z,2026-06-21T23:45:00+0200,45400.0,MW,FR,FR,forecast_load,Forecasted Load,2026-07-19T10:02:06Z
2026-07-19T10:00:07Z,2026-07-19T12:00:07+0200,0122f339-e99c-4669-a7fd-e7d31a0b8b3d,2026-06-21T22:00:00Z,2026-06-22T00:00:00+0200,45400.0,MW,FR,FR,forecast_load,Forecasted Load,2026-07-19T10:02:06Z
2026-07-19T10:00:07Z,2026-07-19T12:00:07+0200,0122f339-e99c-4669-a7fd-e7d31a0b8b3d,2026-06-21T22:15:00Z,2026-06-22T00:15:00+0200,44450.0,MW,FR,FR,forecast_load,Forecasted Load,2026-07-19T10:02:06Z
2026-07-19T10:00:07Z,2026-07-19T12:00:07+0200,0122f339-e99c-4669-a7fd-e7d31a0b8b3d,2026-06-21T22:30:00Z,2026-06-22T00:30:00+0200,43500.0,MW,FR,FR,forecast_load,Forecasted Load,2026-07-19T10:02:06Z
2026-07-19T10:00:07Z,2026-07-19T12:00:07+0200,0122f339-e99c-4669-a7fd-e7d31a0b8b3d,2026-06-21T22:45:00Z,2026-06-22T00:45:00+0200,42550.0,MW,FR,FR,forecast_load,Forecasted Load,2026-07-19T10:02:06Z
2026-07-19T10:00:07Z,2026-07-19T12:00:07+0200,0122f339-e99c-4669-a7fd-e7d31a0b8b3d,2026-06-21T23:00:00Z,2026-06-22T01:00:00+0200,41600.0,MW,FR,FR,forecast_load,Forecasted Load,2026-07-19T10:02:06Z
2026-07-19T10:00:07Z,2026-07-19T12:00:07+0200,0122f339-e99c-4669-a7fd-e7d31a0b8b3d,2026-06-21T23:15:00Z,2026-06-22T01:15:00+0200,41600.0,MW,FR,FR,forecast_load,Forecasted Load,2026-07-19T10:02:06Z
2026-07-19T10:00:07Z,2026-07-19T12:00:07+0200,0122f339-e99c-4669-a7fd-e7d31a0b8b3d,2026-06-21T23:30:00Z,2026-06-22T01:30:00+0200,41600.0,MW,FR,FR,forecast_load,Forecasted Load,2026-07-19T10:02:06Z
2026-07-19T10:00:07Z,2026-07-19T12:00:07+0200,0122f339-e99c-4669-a7fd-e7d31a0b8b3d,2026-06-21T23:45:00Z,2026-06-22T01:45:00+0200,41100.0,MW,FR,FR,forecast_load,Forecasted Load,2026-07-19T10:02:06Z
2026-07-19T10:00:07Z,2026-07-19T12:00:07+0200,0122f339-e99c-4669-a7fd-e7d31a0b8b3d,2026-06-22T00:00:00Z,2026-06-22T02:00:00+0200,40600.0,MW,FR,FR,forecast_load,Forecasted Load,2026-07-19T10:02:06Z
2026-07-19T10:00:07Z,2026-07-19T12:00:07+0200,0122f339-e99c-4669-a7fd-e7d31a0b8b3d,2026-06-22T00:15:00Z,2026-06-22T02:15:00+0200,40050.0,MW,FR,FR,forecast_load,Forecasted Load,2026-07-19T10:02:06Z
2026-07-19T10:00:07Z,2026-07-19T12:00:07+0200,0122f339-e99c-4669-a7fd-e7d31a0b8b3d,2026-06-22T00:30:00Z,2026-06-22T02:30:00+0200,39500.0,MW,FR,FR,forecast_load,Forecasted Load,2026-07-19T10:02:06Z
2026-07-19T10:00:07Z,2026-07-19T12:00:07+0200,0122f339-e99c-4669-a7fd-e7d31a0b8b3d,2026-06-22T00:45:00Z,2026-06-22T02:45:00+0200,38850.0,MW,FR,FR,forecast_load,Forecasted Load,2026-07-19T10:02:06Z
2026-07-19T10:00:07Z,2026-07-19T12:00:07+0200,0122f339-e99c-4669-a7fd-e7d31a0b8b3d,2026-06-22T01:00:00Z,2026-06-22T03:00:00+0200,38200.0,MW,FR,FR,forecast_load,Forecasted Load,2026-07-19T10:02:06Z
2026-07-19T10:00:07Z,2026-07-19T12:00:07+0200,0122f339-e99c-4669-a7fd-e7d31a0b8b3d,2026-06-22T01:15:00Z,2026-06-22T03:15:00+0200,37850.0,MW,FR,FR,forecast_load,Forecasted Load,2026-07-19T10:02:06Z
2026-07-19T10:00:07Z,2026-07-19T12:00:07+0200,0122f339-e99c-4669-a7fd-e7d31a0b8b3d,2026-06-22T01:30:00Z,2026-06-22T03:30:00+0200,37500.0,MW,FR,FR,forecast_load,Forecasted Load,2026-07-19T10:02:06Z
2026-07-19T10:00:07Z,2026-07-19T12:00:07+0200,0122f339-e99c-4669-a7fd-e7d31a0b8b3d,2026-06-22T01:45:00Z,2026-06-22T03:45:00+0200,37350.0,MW,FR,FR,forecast_load,Forecasted Load,2026-07-19T10:02:06Z
2026-07-19T10:00:07Z,2026-07-19T12:00:07+0200,0122f339-e99c-4669-a7fd-e7d31a0b8b3d,2026-06-22T02:00:00Z,2026-06-22T04:00:00+0200,37200.0,MW,FR,FR,forecast_load,Forecasted Load,2026-07-19T10:02:06Z
2026-07-19T10:00:07Z,2026-07-19T12:00:07+0200,0122f339-e99c-4669-a7fd-e7d31a0b8b3d,2026-06-22T02:15:00Z,2026-06-22T04:15:00+0200,37200.0,MW,FR,FR,forecast_load,Forecasted Load,2026-07-19T10:02:06Z
2026-07-19T10:00:07Z,2026-07-19T12:00:07+0200,0122f339-e99c-4669-a7fd-e7d31a0b8b3d,2026-06-22T02:30:00Z,2026-06-22T04:30:00+0200,37200.0,MW,FR,FR,forecast_load,Forecasted Load,2026-07-19T10:02:06Z
2026-07-19T10:00:07Z,2026-07-19T12:00:07+0200,0122f339-e99c-4669-a7fd-e7d31a0b8b3d,2026-06-22T02:45:00Z,2026-06-22T04:45:00+0200,37350.0,MW,FR,FR,forecast_load,Forecasted Load,2026-07-19T10:02:06Z
2026-07-19T10:00:07Z,2026-07-19T12:00:07+0200,0122f339-e99c-4669-a7fd-e7d31a0b8b3d,2026-06-22T03:00:00Z,2026-06-22T05:00:00+0200,37500.0,MW,FR,FR,forecast_load,Forecasted Load,2026-07-19T10:02:06Z
2026-07-19T10:00:07Z,2026-07-19T12:00:07+0200,0122f339-e99c-4669-a7fd-e7d31a0b8b3d,2026-06-22T03:15:00Z,2026-06-22T05:15:00+0200,37950.0,MW,FR,FR,forecast_load,Forecasted Load,2026-07-19T10:02:06Z
2026-07-19T10:00:07Z,2026-07-19T12:00:07+0200,0122f339-e99c-4669-a7fd-e7d31a0b8b3d,2026-06-22T03:30:00Z,2026-06-22T05:30:00+0200,38400.0,MW,FR,FR,forecast_load,Forecasted Load,2026-07-19T10:02:06Z
2026-07-19T10:00:07Z,2026-07-19T12:00:07+0200,0122f339-e99c-4669-a7fd-e7d31a0b8b3d,2026-06-22T03:45:00Z,2026-06-22T05:45:00+0200,38950.0,MW,FR,FR,forecast_load,Forecasted Load,2026-07-19T10:02:06Z
2026-07-19T10:00:07Z,2026-07-19T12:00:07+0200,0122f339-e99c-4669-a7fd-e7d31a0b8b3d,2026-06-22T04:00:00Z,2026-06-22T06:00:00+0200,39500.0,MW,FR,FR,forecast_load,Forecasted Load,2026-07-19T10:02:06Z
2026-07-19T10:00:07Z,2026-07-19T12:00:07+0200,0122f339-e99c-4669-a7fd-e7d31a0b8b3d,2026-06-22T04:15:00Z,2026-06-22T06:15:00+0200,40450.0,MW,FR,FR,forecast_load,Forecasted Load,2026-07-19T10:02:06Z
2026-07-19T10:00:07Z,2026-07-19T12:00:07+0200,0122f339-e99c-4669-a7fd-e7d31a0b8b3d,2026-06-22T04:30:00Z,2026-06-22T06:30:00+0200,41400.0,MW,FR,FR,forecast_load,Forecasted Load,2026-07-19T10:02:06Z
2026-07-19T10:00:07Z,2026-07-19T12:00:07+0200,0122f339-e99c-4669-a7fd-e7d31a0b8b3d,2026-06-22T04:45:00Z,2026-06-22T06:45:00+0200,42300.0,MW,FR,FR,forecast_load,Forecasted Load,2026-07-19T10:02:06Z
2026-07-19T10:00:07Z,2026-07-19T12:00:07+0200,0122f339-e99c-4669-a7fd-e7d31a0b8b3d,2026-06-22T05:00:00Z,2026-06-22T07:00:00+0200,43200.0,MW,FR,FR,forecast_load,Forecasted Load,2026-07-19T10:02:06Z
2026-07-19T10:00:07Z,2026-07-19T12:00:07+0200,0122f339-e99c-4669-a7fd-e7d31a0b8b3d,2026-06-22T05:15:00Z,2026-06-22T07:15:00+0200,44250.0,MW,FR,FR,forecast_load,Forecasted Load,2026-07-19T10:02:06Z
2026-07-19T10:00:07Z,2026-07-19T12:00:07+0200,0122f339-e99c-4669-a7fd-e7d31a0b8b3d,2026-06-22T05:30:00Z,2026-06-22T07:30:00+0200,45300.0,MW,FR,FR,forecast_load,Forecasted Load,2026-07-19T10:02:06Z
2026-07-19T10:00:07Z,2026-07-19T12:00:07+0200,0122f339-e99c-4669-a7fd-e7d31a0b8b3d,2026-06-22T05:45:00Z,2026-06-22T07:45:00+0200,46050.0,MW,FR,FR,forecast_load,Forecasted Load,2026-07-19T10:02:06Z
2026-07-19T10:00:07Z,2026-07-19T12:00:07+0200,0122f339-e99c-4669-a7fd-e7d31a0b8b3d,2026-06-22T06:00:00Z,2026-06-22T08:00:00+0200,46800.0,MW,FR,FR,forecast_load,Forecasted Load,2026-07-19T10:02:06Z
2026-07-19T10:00:07Z,2026-07-19T12:00:07+0200,0122f339-e99c-4669-a7fd-e7d31a0b8b3d,2026-06-22T06:15:00Z,2026-06-22T08:15:00+0200,47550.0,MW,FR,FR,forecast_load,Forecasted Load,2026-07-19T10:02:06Z
2026-07-19T10:00:07Z,2026-07-19T12:00:07+0200,0122f339-e99c-4669-a7fd-e7d31a0b8b3d,2026-06-22T06:30:00Z,2026-06-22T08:30:00+0200,48300.0,MW,FR,FR,forecast_load,Forecasted Load,2026-07-19T10:02:06Z
2026-07-19T10:00:07Z,2026-07-19T12:00:07+0200,0122f339-e99c-4669-a7fd-e7d31a0b8b3d,2026-06-22T06:45:00Z,2026-06-22T08:45:00+0200,48850.0,MW,FR,FR,forecast_load,Forecasted Load,2026-07-19T10:02:06Z
2026-07-19T10:00:07Z,2026-07-19T12:00:07+0200,0122f339-e99c-4669-a7fd-e7d31a0b8b3d,2026-06-22T07:00:00Z,2026-06-22T09:00:00+0200,49400.0,MW,FR,FR,forecast_load,Forecasted Load,2026-07-19T10:02:06Z
2026-07-19T10:00:07Z,2026-07-19T12:00:07+0200,0122f339-e99c-4669-a7fd-e7d31a0b8b3d,2026-06-22T07:15:00Z,2026-06-22T09:15:00+0200,49950.0,MW,FR,FR,forecast_load,Forecasted Load,2026-07-19T10:02:06Z
2026-07-19T10:00:07Z,2026-07-19T12:00:07+0200,0122f339-e99c-4669-a7fd-e7d31a0b8b3d,2026-06-22T07:30:00Z,2026-06-22T09:30:00+0200,50500.0,MW,FR,FR,forecast_load,Forecasted Load,2026-07-19T10:02:06Z
2026-07-19T10:00:07Z,2026-07-19T12:00:07+0200,0122f339-e99c-4669-a7fd-e7d31a0b8b3d,2026-06-22T07:45:00Z,2026-06-22T09:45:00+0200,51000.0,MW,FR,FR,forecast_load,Forecasted Load,2026-07-19T10:02:06Z
2026-07-19T10:00:07Z,2026-07-19T12:00:07+0200,0122f339-e99c-4669-a7fd-e7d31a0b8b3d,2026-06-22T08:00:00Z,2026-06-22T10:00:00+0200,51500.0,MW,FR,FR,forecast_load,Forecasted Load,2026-07-19T10:02:06Z
2026-07-19T10:00:07Z,2026-07-19T12:00:07+0200,0122f339-e99c-4669-a7fd-e7d31a0b8b3d,2026-06-22T08:15:00Z,2026-06-22T10:15:00+0200,51950.0,MW,FR,FR,forecast_load,Forecasted Load,2026-07-19T10:02:06Z
2026-07-19T10:00:07Z,2026-07-19T12:00:07+0200,0122f339-e99c-4669-a7fd-e7d31a0b8b3d,2026-06-22T08:30:00Z,2026-06-22T10:30:00+0200,52400.0,MW,FR,FR,forecast_load,Forecasted Load,2026-07-19T10:02:06Z
2026-07-19T10:00:07Z,2026-07-19T12:00:07+0200,0122f339-e99c-4669-a7fd-e7d31a0b8b3d,2026-06-22T08:45:00Z,2026-06-22T10:45:00+0200,52600.0,MW,FR,FR,forecast_load,Forecasted Load,2026-07-19T10:02:06Z
2026-07-19T10:00:07Z,2026-07-19T12:00:07+0200,0122f339-e99c-4669-a7fd-e7d31a0b8b3d,2026-06-22T09:00:00Z,2026-06-22T11:00:00+0200,52800.0,MW,FR,FR,forecast_load,Forecasted Load,2026-07-19T10:02:06Z
2026-07-19T10:00:07Z,2026-07-19T12:00:07+0200,0122f339-e99c-4669-a7fd-e7d31a0b8b3d,2026-06-22T09:15:00Z,2026-06-22T11:15:00+0200,53050.0,MW,FR,FR,forecast_load,Forecasted Load,2026-07-19T10:02:06Z
2026-07-19T10:00:07Z,2026-07-19T12:00:07+0200,0122f339-e99c-4669-a7fd-e7d31a0b8b3d,2026-06-22T09:30:00Z,2026-06-22T11:30:00+0200,53300.0,MW,FR,FR,forecast_load,Forecasted Load,2026-07-19T10:02:06Z
2026-07-19T10:00:07Z,2026-07-19T12:00:07+0200,0122f339-e99c-4669-a7fd-e7d31a0b8b3d,2026-06-22T09:45:00Z,2026-06-22T11:45:00+0200,54050.0,MW,FR,FR,forecast_load,Forecasted Load,2026-07-19T10:02:06Z
2026-07-19T10:00:07Z,2026-07-19T12:00:07+0200,0122f339-e99c-4669-a7fd-e7d31a0b8b3d,2026-06-22T10:00:00Z,2026-06-22T12:00:00+0200,54800.0,MW,FR,FR,forecast_load,Forecasted Load,2026-07-19T10:02:06Z
2026-07-19T10:00:07Z,2026-07-19T12:00:07+0200,0122f339-e99c-4669-a7fd-e7d31a0b8b3d,2026-06-22T10:15:00Z,2026-06-22T12:15:00+0200,54550.0,MW,FR,FR,forecast_load,Forecasted Load,2026-07-19T10:02:06Z
2026-07-19T10:00:07Z,2026-07-19T12:00:07+0200,0122f339-e99c-4669-a7fd-e7d31a0b8b3d,2026-06-22T10:30:00Z,2026-06-22T12:30:00+0200,54300.0,MW,FR,FR,forecast_load,Forecasted Load,2026-07-19T10:02:06Z
2026-07-19T10:00:07Z,2026-07-19T12:00:07+0200,0122f339-e99c-4669-a7fd-e7d31a0b8b3d,2026-06-22T10:45:00Z,2026-06-22T12:45:00+0200,55000.0,MW,FR,FR,forecast_load,Forecasted Load,2026-07-19T10:02:06Z
2026-07-19T10:00:07Z,2026-07-19T12:00:07+0200,0122f339-e99c-4669-a7fd-e7d31a0b8b3d,2026-06-22T11:00:00Z,2026-06-22T13:00:00+0200,55700.0,MW,FR,FR,forecast_load,Forecasted Load,2026-07-19T10:02:06Z
2026-07-19T10:00:07Z,2026-07-19T12:00:07+0200,0122f339-e99c-4669-a7fd-e7d31a0b8b3d,2026-06-22T11:15:00Z,2026-06-22T13:15:00+0200,55250.0,MW,FR,FR,forecast_load,Forecasted Load,2026-07-19T10:02:06Z
2026-07-19T10:00:07Z,2026-07-19T12:00:07+0200,0122f339-e99c-4669-a7fd-e7d31a0b8b3d,2026-06-22T11:30:00Z,2026-06-22T13:30:00+0200,54800.0,MW,FR,FR,forecast_load,Forecasted Load,2026-07-19T10:02:06Z
2026-07-19T10:00:07Z,2026-07-19T12:00:07+0200,0122f339-e99c-4669-a7fd-e7d31a0b8b3d,2026-06-22T11:45:00Z,2026-06-22T13:45:00+0200,55250.0,MW,FR,FR,forecast_load,Forecasted Load,2026-07-19T10:02:06Z
2026-07-19T10:00:07Z,2026-07-19T12:00:07+0200,0122f339-e99c-4669-a7fd-e7d31a0b8b3d,2026-06-22T12:00:00Z,2026-06-22T14:00:00+0200,55700.0,MW,FR,FR,forecast_load,Forecasted Load,2026-07-19T10:02:06Z
2026-07-19T10:00:07Z,2026-07-19T12:00:07+0200,0122f339-e99c-4669-a7fd-e7d31a0b8b3d,2026-06-22T12:15:00Z,2026-06-22T14:15:00+0200,55850.0,MW,FR,FR,forecast_load,Forecasted Load,2026-07-19T10:02:06Z
2026-07-19T10:00:07Z,2026-07-19T12:00:07+0200,0122f339-e99c-4669-a7fd-e7d31a0b8b3d,2026-06-22T12:30:00Z,2026-06-22T14:30:00+0200,56000.0,MW,FR,FR,forecast_load,Forecasted Load,2026-07-19T10:02:06Z
2026-07-19T10:00:07Z,2026-07-19T12:00:07+0200,0122f339-e99c-4669-a7fd-e7d31a0b8b3d,2026-06-22T12:45:00Z,2026-06-22T14:45:00+0200,55900.0,MW,FR,FR,forecast_load,Forecasted Load,2026-07-19T10:02:06Z
2026-07-19T10:00:07Z,2026-07-19T12:00:07+0200,0122f339-e99c-4669-a7fd-e7d31a0b8b3d,2026-06-22T13:00:00Z,2026-06-22T15:00:00+0200,55800.0,MW,FR,FR,forecast_load,Forecasted Load,2026-07-19T10:02:06Z
2026-07-19T10:00:07Z,2026-07-19T12:00:07+0200,0122f339-e99c-4669-a7fd-e7d31a0b8b3d,2026-06-22T13:15:00Z,2026-06-22T15:15:00+0200,55500.0,MW,FR,FR,forecast_load,Forecasted Load,2026-07-19T10:02:06Z
2026-07-19T10:00:07Z,2026-07-19T12:00:07+0200,0122f339-e99c-4669-a7fd-e7d31a0b8b3d,2026-06-22T13:30:00Z,2026-06-22T15:30:00+0200,55200.0,MW,FR,FR,forecast_load,Forecasted Load,2026-07-19T10:02:06Z
2026-07-19T10:00:07Z,2026-07-19T12:00:07+0200,0122f339-e99c-4669-a7fd-e7d31a0b8b3d,2026-06-22T13:45:00Z,2026-06-22T15:45:00+0200,55000.0,MW,FR,FR,forecast_load,Forecasted Load,2026-07-19T10:02:06Z
2026-07-19T10:00:07Z,2026-07-19T12:00:07+0200,0122f339-e99c-4669-a7fd-e7d31a0b8b3d,2026-06-22T14:00:00Z,2026-06-22T16:00:00+0200,54800.0,MW,FR,FR,forecast_load,Forecasted Load,2026-07-19T10:02:06Z
2026-07-19T10:00:07Z,2026-07-19T12:00:07+0200,0122f339-e99c-4669-a7fd-e7d31a0b8b3d,2026-06-22T14:15:00Z,2026-06-22T16:15:00+0200,54650.0,MW,FR,FR,forecast_load,Forecasted Load,2026-07-19T10:02:06Z
2026-07-19T10:00:07Z,2026-07-19T12:00:07+0200,0122f339-e99c-4669-a7fd-e7d31a0b8b3d,2026-06-22T14:30:00Z,2026-06-22T16:30:00+0200,54500.0,MW,FR,FR,forecast_load,Forecasted Load,2026-07-19T10:02:06Z
2026-07-19T10:00:07Z,2026-07-19T12:00:07+0200,0122f339-e99c-4669-a7fd-e7d31a0b8b3d,2026-06-22T14:45:00Z,2026-06-22T16:45:00+0200,54500.0,MW,FR,FR,forecast_load,Forecasted Load,2026-07-19T10:02:06Z
2026-07-19T10:00:07Z,2026-07-19T12:00:07+0200,0122f339-e99c-4669-a7fd-e7d31a0b8b3d,2026-06-22T15:00:00Z,2026-06-22T17:00:00+0200,54500.0,MW,FR,FR,forecast_load,Forecasted Load,2026-07-19T10:02:06Z
2026-07-19T10:00:07Z,2026-07-19T12:00:07+0200,0122f339-e99c-4669-a7fd-e7d31a0b8b3d,2026-06-22T15:15:00Z,2026-06-22T17:15:00+0200,54600.0,MW,FR,FR,forecast_load,Forecasted Load,2026-07-19T10:02:06Z
2026-07-19T10:00:07Z,2026-07-19T12:00:07+0200,0122f339-e99c-4669-a7fd-e7d31a0b8b3d,2026-06-22T15:30:00Z,2026-06-22T17:30:00+0200,54700.0,MW,FR,FR,forecast_load,Forecasted Load,2026-07-19T10:02:06Z
2026-07-19T10:00:07Z,2026-07-19T12:00:07+0200,0122f339-e99c-4669-a7fd-e7d31a0b8b3d,2026-06-22T15:45:00Z,2026-06-22T17:45:00+0200,55050.0,MW,FR,FR,forecast_load,Forecasted Load,2026-07-19T10:02:06Z
2026-07-19T10:00:07Z,2026-07-19T12:00:07+0200,0122f339-e99c-4669-a7fd-e7d31a0b8b3d,2026-06-22T16:00:00Z,2026-06-22T18:00:00+0200,55400.0,MW,FR,FR,forecast_load,Forecasted Load,2026-07-19T10:02:06Z
2026-07-19T10:00:07Z,2026-07-19T12:00:07+0200,0122f339-e99c-4669-a7fd-e7d31a0b8b3d,2026-06-22T16:15:00Z,2026-06-22T18:15:00+0200,55600.0,MW,FR,FR,forecast_load,Forecasted Load,2026-07-19T10:02:06Z
2026-07-19T10:00:07Z,2026-07-19T12:00:07+0200,0122f339-e99c-4669-a7fd-e7d31a0b8b3d,2026-06-22T16:30:00Z,2026-06-22T18:30:00+0200,55800.0,MW,FR,FR,forecast_load,Forecasted Load,2026-07-19T10:02:06Z
2026-07-19T10:00:07Z,2026-07-19T12:00:07+0200,0122f339-e99c-4669-a7fd-e7d31a0b8b3d,2026-06-22T16:45:00Z,2026-06-22T18:45:00+0200,56300.0,MW,FR,FR,forecast_load,Forecasted Load,2026-07-19T10:02:06Z
2026-07-19T10:00:07Z,2026-07-19T12:00:07+0200,0122f339-e99c-4669-a7fd-e7d31a0b8b3d,2026-06-22T17:00:00Z,2026-06-22T19:00:00+0200,56800.0,MW,FR,FR,forecast_load,Forecasted Load,2026-07-19T10:02:06Z
2026-07-19T10:00:07Z,2026-07-19T12:00:07+0200,0122f339-e99c-4669-a7fd-e7d31a0b8b3d,2026-06-22T17:15:00Z,2026-06-22T19:15:00+0200,56150.0,MW,FR,FR,forecast_load,Forecasted Load,2026-07-19T10:02:06Z
2026-07-19T10:00:07Z,2026-07-19T12:00:07+0200,0122f339-e99c-4669-a7fd-e7d31a0b8b3d,2026-06-22T17:30:00Z,2026-06-22T19:30:00+0200,55500.0,MW,FR,FR,forecast_load,Forecasted Load,2026-07-19T10:02:06Z
2026-07-19T10:00:07Z,2026-07-19T12:00:07+0200,0122f339-e99c-4669-a7fd-e7d31a0b8b3d,2026-06-22T17:45:00Z,2026-06-22T19:45:00+0200,54850.0,MW,FR,FR,forecast_load,Forecasted Load,2026-07-19T10:02:06Z
2026-07-19T10:00:07Z,2026-07-19T12:00:07+0200,0122f339-e99c-4669-a7fd-e7d31a0b8b3d,2026-06-22T18:00:00Z,2026-06-22T20:00:00+0200,54200.0,MW,FR,FR,forecast_load,Forecasted Load,2026-07-19T10:02:06Z
2026-07-19T10:00:07Z,2026-07-19T12:00:07+0200,0122f339-e99c-4669-a7fd-e7d31a0b8b3d,2026-06-22T18:15:00Z,2026-06-22T20:15:00+0200,53500.0,MW,FR,FR,forecast_load,Forecasted Load,2026-07-19T10:02:06Z
2026-07-19T10:00:07Z,2026-07-19T12:00:07+0200,0122f339-e99c-4669-a7fd-e7d31a0b8b3d,2026-06-22T18:30:00Z,2026-06-22T20:30:00+0200,52800.0,MW,FR,FR,forecast_load,Forecasted Load,2026-07-19T10:02:06Z
2026-07-19T10:00:07Z,2026-07-19T12:00:07+0200,0122f339-e99c-4669-a7fd-e7d31a0b8b3d,2026-06-22T18:45:00Z,2026-06-22T20:45:00+0200,52200.0,MW,FR,FR,forecast_load,Forecasted Load,2026-07-19T10:02:06Z
2026-07-19T10:00:07Z,2026-07-19T12:00:07+0200,0122f339-e99c-4669-a7fd-e7d31a0b8b3d,2026-06-22T19:00:00Z,2026-06-22T21:00:00+0200,51600.0,MW,FR,FR,forecast_load,Forecasted Load,2026-07-19T10:02:06Z
2026-07-19T10:00:07Z,2026-07-19T12:00:07+0200,0122f339-e99c-4669-a7fd-e7d31a0b8b3d,2026-06-22T19:15:00Z,2026-06-22T21:15:00+0200,51400.0,MW,FR,FR,forecast_load,Forecasted Load,2026-07-19T10:02:06Z
2026-07-19T10:00:07Z,2026-07-19T12:00:07+0200,0122f339-e99c-4669-a7fd-e7d31a0b8b3d,2026-06-22T19:30:00Z,2026-06-22T21:30:00+0200,51200.0,MW,FR,FR,forecast_load,Forecasted Load,2026-07-19T10:02:06Z
2026-07-19T10:00:07Z,2026-07-19T12:00:07+0200,0122f339-e99c-4669-a7fd-e7d31a0b8b3d,2026-06-22T19:45:00Z,2026-06-22T21:45:00+0200,50550.0,MW,FR,FR,forecast_load,Forecasted Load,2026-07-19T10:02:06Z
2026-07-19T10:00:07Z,2026-07-19T12:00:07+0200,0122f339-e99c-4669-a7fd-e7d31a0b8b3d,2026-06-22T20:00:00Z,2026-06-22T22:00:00+0200,49900.0,MW,FR,FR,forecast_load,Forecasted Load,2026-07-19T10:02:06Z
2026-07-19T10:00:07Z,2026-07-19T12:00:07+0200,0122f339-e99c-4669-a7fd-e7d31a0b8b3d,2026-06-22T20:15:00Z,2026-06-22T22:15:00+0200,50700.0,MW,FR,FR,forecast_load,Forecasted Load,2026-07-19T10:02:06Z
2026-07-19T10:00:07Z,2026-07-19T12:00:07+0200,0122f339-e99c-4669-a7fd-e7d31a0b8b3d,2026-06-22T20:30:00Z,2026-06-22T22:30:00+0200,51500.0,MW,FR,FR,forecast_load,Forecasted Load,2026-07-19T10:02:06Z
2026-07-19T10:00:07Z,2026-07-19T12:00:07+0200,0122f339-e99c-4669-a7fd-e7d31a0b8b3d,2026-06-22T20:45:00Z,2026-06-22T22:45:00+0200,51900.0,MW,FR,FR,forecast_load,Forecasted Load,2026-07-19T10:02:06Z
2026-07-19T10:00:07Z,2026-07-19T12:00:07+0200,0122f339-e99c-4669-a7fd-e7d31a0b8b3d,2026-06-22T21:00:00Z,2026-06-22T23:00:00+0200,52300.0,MW,FR,FR,forecast_load,Forecasted Load,2026-07-19T10:02:06Z
2026-07-19T10:00:07Z,2026-07-19T12:00:07+0200,0122f339-e99c-4669-a7fd-e7d31a0b8b3d,2026-06-22T21:15:00Z,2026-06-22T23:15:00+0200,51450.0,MW,FR,FR,forecast_load,Forecasted Load,2026-07-19T10:02:06Z
2026-07-19T10:00:07Z,2026-07-19T12:00:07+0200,0122f339-e99c-4669-a7fd-e7d31a0b8b3d,2026-06-22T21:30:00Z,2026-06-22T23:30:00+0200,50600.0,MW,FR,FR,forecast_load,Forecasted Load,2026-07-19T10:02:06Z
2026-07-19T10:00:07Z,2026-07-19T12:00:07+0200,0122f339-e99c-4669-a7fd-e7d31a0b8b3d,2026-06-22T21:45:00Z,2026-06-22T23:45:00+0200,49650.0,MW,FR,FR,forecast_load,Forecasted Load,2026-07-19T10:02:06Z
2026-07-19T10:00:07Z,2026-07-19T12:00:07+0200,0122f339-e99c-4669-a7fd-e7d31a0b8b3d,2026-06-22T22:00:00Z,2026-06-23T00:00:00+0200,49300.0,MW,FR,FR,forecast_load,Forecasted Load,2026-07-19T10:02:06Z
2026-07-19T10:00:07Z,2026-07-19T12:00:07+0200,0122f339-e99c-4669-a7fd-e7d31a0b8b3d,2026-06-22T22:15:00Z,2026-06-23T00:15:00+0200,48200.0,MW,FR,FR,forecast_load,Forecasted Load,2026-07-19T10:02:06Z
2026-07-19T10:00:07Z,2026-07-19T12:00:07+0200,0122f339-e99c-4669-a7fd-e7d31a0b8b3d,2026-06-22T22:30:00Z,2026-06-23T00:30:00+0200,47100.0,MW,FR,FR,forecast_load,Forecasted Load,2026-07-19T10:02:06Z
2026-07-19T10:00:07Z,2026-07-19T12:00:07+0200,0122f339-e99c-4669-a7fd-e7d31a0b8b3d,2026-06-22T22:45:00Z,2026-06-23T00:45:00+0200,46050.0,MW,FR,FR,forecast_load,Forecasted Load,2026-07-19T10:02:06Z
2026-07-19T10:00:07Z,2026-07-19T12:00:07+0200,0122f339-e99c-4669-a7fd-e7d31a0b8b3d,2026-06-22T23:00:00Z,2026-06-23T01:00:00+0200,45000.0,MW,FR,FR,forecast_load,Forecasted Load,2026-07-19T10:02:06Z
2026-07-19T10:00:07Z,2026-07-19T12:00:07+0200,0122f339-e99c-4669-a7fd-e7d31a0b8b3d,2026-06-22T23:15:00Z,2026-06-23T01:15:00+0200,45250.0,MW,FR,FR,forecast_load,Forecasted Load,2026-07-19T10:02:06Z
2026-07-19T10:00:07Z,2026-07-19T12:00:07+0200,0122f339-e99c-4669-a7fd-e7d31a0b8b3d,2026-06-22T23:30:00Z,2026-06-23T01:30:00+0200,45500.0,MW,FR,FR,forecast_load,Forecasted Load,2026-07-19T10:02:06Z
2026-07-19T10:00:07Z,2026-07-19T12:00:07+0200,0122f339-e99c-4669-a7fd-e7d31a0b8b3d,2026-06-22T23:45:00Z,2026-06-23T01:45:00+0200,45200.0,MW,FR,FR,forecast_load,Forecasted Load,2026-07-19T10:02:06Z
2026-07-19T10:00:07Z,2026-07-19T12:00:07+0200,0122f339-e99c-4669-a7fd-e7d31a0b8b3d,2026-06-23T00:00:00Z,2026-06-23T02:00:00+0200,44900.0,MW,FR,FR,forecast_load,Forecasted Load,2026-07-19T10:02:06Z
2026-07-19T10:00:07Z,2026-07-19T12:00:07+0200,0122f339-e99c-4669-a7fd-e7d31a0b8b3d,2026-06-23T00:15:00Z,2026-06-23T02:15:00+0200,43750.0,MW,FR,FR,forecast_load,Forecasted Load,2026-07-19T10:02:06Z
2026-07-19T10:00:07Z,2026-07-19T12:00:07+0200,0122f339-e99c-4669-a7fd-e7d31a0b8b3d,2026-06-23T00:30:00Z,2026-06-23T02:30:00+0200,42600.0,MW,FR,FR,forecast_load,Forecasted Load,2026-07-19T10:02:06Z
2026-07-19T10:00:07Z,2026-07-19T12:00:07+0200,0122f339-e99c-4669-a7fd-e7d31a0b8b3d,2026-06-23T00:45:00Z,2026-06-23T02:45:00+0200,41950.0,MW,FR,FR,forecast_load,Forecasted Load,2026-07-19T10:02:06Z
2026-07-19T10:00:07Z,2026-07-19T12:00:07+0200,0122f339-e99c-4669-a7fd-e7d31a0b8b3d,2026-06-23T01:00:00Z,2026-06-23T03:00:00+0200,41300.0,MW,FR,FR,forecast_load,Forecasted Load,2026-07-19T10:02:06Z
2026-07-19T10:00:07Z,2026-07-19T12:00:07+0200,0122f339-e99c-4669-a7fd-e7d31a0b8b3d,2026-06-23T01:15:00Z,2026-06-23T03:15:00+0200,41050.0,MW,FR,FR,forecast_load,Forecasted Load,2026-07-19T10:02:06Z
2026-07-19T10:00:07Z,2026-07-19T12:00:07+0200,0122f339-e99c-4669-a7fd-e7d31a0b8b3d,2026-06-23T01:30:00Z,2026-06-23T03:30:00+0200,40800.0,MW,FR,FR,forecast_load,Forecasted Load,2026-07-19T10:02:06Z
2026-07-19T10:00:07Z,2026-07-19T12:00:07+0200,0122f339-e99c-4669-a7fd-e7d31a0b8b3d,2026-06-23T01:45:00Z,2026-06-23T03:45:00+0200,40300.0,MW,FR,FR,forecast_load,Forecasted Load,2026-07-19T10:02:06Z
2026-07-19T10:00:07Z,2026-07-19T12:00:07+0200,0122f339-e99c-4669-a7fd-e7d31a0b8b3d,2026-06-23T02:00:00Z,2026-06-23T04:00:00+0200,39800.0,MW,FR,FR,forecast_load,Forecasted Load,2026-07-19T10:02:06Z
2026-07-19T10:00:07Z,2026-07-19T12:00:07+0200,0122f339-e99c-4669-a7fd-e7d31a0b8b3d,2026-06-23T02:15:00Z,2026-06-23T04:15:00+0200,39750.0,MW,FR,FR,forecast_load,Forecasted Load,2026-07-19T10:02:06Z
2026-07-19T10:00:07Z,2026-07-19T12:00:07+0200,0122f339-e99c-4669-a7fd-e7d31a0b8b3d,2026-06-23T02:30:00Z,2026-06-23T04:30:00+0200,39700.0,MW,FR,FR,forecast_load,Forecasted Load,2026-07-19T10:02:06Z
2026-07-19T10:00:07Z,2026-07-19T12:00:07+0200,0122f339-e99c-4669-a7fd-e7d31a0b8b3d,2026-06-23T02:45:00Z,2026-06-23T04:45:00+0200,40000.0,MW,FR,FR,forecast_load,Forecasted Load,2026-07-19T10:02:06Z
2026-07-19T10:00:07Z,2026-07-19T12:00:07+0200,0122f339-e99c-4669-a7fd-e7d31a0b8b3d,2026-06-23T03:00:00Z,2026-06-23T05:00:00+0200,40300.0,MW,FR,FR,forecast_load,Forecasted Load,2026-07-19T10:02:06Z
2026-07-19T10:00:07Z,2026-07-19T12:00:07+0200,0122f339-e99c-4669-a7fd-e7d31a0b8b3d,2026-06-23T03:15:00Z,2026-06-23T05:15:00+0200,40650.0,MW,FR,FR,forecast_load,Forecasted Load,2026-07-19T10:02:06Z
2026-07-19T10:00:07Z,2026-07-19T12:00:07+0200,0122f339-e99c-4669-a7fd-e7d31a0b8b3d,2026-06-23T03:30:00Z,2026-06-23T05:30:00+0200,41000.0,MW,FR,FR,forecast_load,Forecasted Load,2026-07-19T10:02:06Z
2026-07-19T10:00:07Z,2026-07-19T12:00:07+0200,0122f339-e99c-4669-a7fd-e7d31a0b8b3d,2026-06-23T03:45:00Z,2026-06-23T05:45:00+0200,41600.0,MW,FR,FR,forecast_load,Forecasted Load,2026-07-19T10:02:06Z
2026-07-19T10:00:07Z,2026-07-19T12:00:07+0200,0122f339-e99c-4669-a7fd-e7d31a0b8b3d,2026-06-23T04:00:00Z,2026-06-23T06:00:00+0200,42200.0,MW,FR,FR,forecast_load,Forecasted Load,2026-07-19T10:02:06Z
2026-07-19T10:00:07Z,2026-07-19T12:00:07+0200,0122f339-e99c-4669-a7fd-e7d31a0b8b3d,2026-06-23T04:15:00Z,2026-06-23T06:15:00+0200,43100.0,MW,FR,FR,forecast_load,Forecasted Load,2026-07-19T10:02:06Z
2026-07-19T10:00:07Z,2026-07-19T12:00:07+0200,0122f339-e99c-4669-a7fd-e7d31a0b8b3d,2026-06-23T04:30:00Z,2026-06-23T06:30:00+0200,44000.0,MW,FR,FR,forecast_load,Forecasted Load,2026-07-19T10:02:06Z
2026-07-19T10:00:07Z,2026-07-19T12:00:07+0200,0122f339-e99c-4669-a7fd-e7d31a0b8b3d,2026-06-23T04:45:00Z,2026-06-23T06:45:00+0200,44850.0,MW,FR,FR,forecast_load,Forecasted Load,2026-07-19T10:02:06Z
2026-07-19T10:00:07Z,2026-07-19T12:00:07+0200,0122f339-e99c-4669-a7fd-e7d31a0b8b3d,2026-06-23T05:00:00Z,2026-06-23T07:00:00+0200,45700.0,MW,FR,FR,forecast_load,Forecasted Load,2026-07-19T10:02:06Z
2026-07-19T10:00:07Z,2026-07-19T12:00:07+0200,0122f339-e99c-4669-a7fd-e7d31a0b8b3d,2026-06-23T05:15:00Z,2026-06-23T07:15:00+0200,46700.0,MW,FR,FR,forecast_load,Forecasted Load,2026-07-19T10:02:06Z
2026-07-19T10:00:07Z,2026-07-19T12:00:07+0200,0122f339-e99c-4669-a7fd-e7d31a0b8b3d,2026-06-23T05:30:00Z,2026-06-23T07:30:00+0200,47700.0,MW,FR,FR,forecast_load,Forecasted Load,2026-07-19T10:02:06Z
2026-07-19T10:00:07Z,2026-07-19T12:00:07+0200,0122f339-e99c-4669-a7fd-e7d31a0b8b3d,2026-06-23T05:45:00Z,2026-06-23T07:45:00+0200,48450.0,MW,FR,FR,forecast_load,Forecasted Load,2026-07-19T10:02:06Z
2026-07-19T10:00:07Z,2026-07-19T12:00:07+0200,0122f339-e99c-4669-a7fd-e7d31a0b8b3d,2026-06-23T06:00:00Z,2026-06-23T08:00:00+0200,49200.0,MW,FR,FR,forecast_load,Forecasted Load,2026-07-19T10:02:06Z
2026-07-19T10:00:07Z,2026-07-19T12:00:07+0200,0122f339-e99c-4669-a7fd-e7d31a0b8b3d,2026-06-23T06:15:00Z,2026-06-23T08:15:00+0200,50000.0,MW,FR,FR,forecast_load,Forecasted Load,2026-07-19T10:02:06Z
2026-07-19T10:00:07Z,2026-07-19T12:00:07+0200,0122f339-e99c-4669-a7fd-e7d31a0b8b3d,2026-06-23T06:30:00Z,2026-06-23T08:30:00+0200,50800.0,MW,FR,FR,forecast_load,Forecasted Load,2026-07-19T10:02:06Z
2026-07-19T10:00:07Z,2026-07-19T12:00:07+0200,0122f339-e99c-4669-a7fd-e7d31a0b8b3d,2026-06-23T06:45:00Z,2026-06-23T08:45:00+0200,51350.0,MW,FR,FR,forecast_load,Forecasted Load,2026-07-19T10:02:06Z
2026-07-19T10:00:07Z,2026-07-19T12:00:07+0200,0122f339-e99c-4669-a7fd-e7d31a0b8b3d,2026-06-23T07:00:00Z,2026-06-23T09:00:00+0200,51900.0,MW,FR,FR,forecast_load,Forecasted Load,2026-07-19T10:02:06Z
2026-07-19T10:00:07Z,2026-07-19T12:00:07+0200,0122f339-e99c-4669-a7fd-e7d31a0b8b3d,2026-06-23T07:15:00Z,2026-06-23T09:15:00+0200,52550.0,MW,FR,FR,forecast_load,Forecasted Load,2026-07-19T10:02:06Z
2026-07-19T10:00:07Z,2026-07-19T12:00:07+0200,0122f339-e99c-4669-a7fd-e7d31a0b8b3d,2026-06-23T07:30:00Z,2026-06-23T09:30:00+0200,53200.0,MW,FR,FR,forecast_load,Forecasted Load,2026-07-19T10:02:06Z
2026-07-19T10:00:07Z,2026-07-19T12:00:07+0200,0122f339-e99c-4669-a7fd-e7d31a0b8b3d,2026-06-23T07:45:00Z,2026-06-23T09:45:00+0200,53600.0,MW,FR,FR,forecast_load,Forecasted Load,2026-07-19T10:02:06Z
2026-07-19T10:00:07Z,2026-07-19T12:00:07+0200,0122f339-e99c-4669-a7fd-e7d31a0b8b3d,2026-06-23T08:00:00Z,2026-06-23T10:00:00+0200,54000.0,MW,FR,FR,forecast_load,Forecasted Load,2026-07-19T10:02:06Z
2026-07-19T10:00:07Z,2026-07-19T12:00:07+0200,0122f339-e99c-4669-a7fd-e7d31a0b8b3d,2026-06-23T08:15:00Z,2026-06-23T10:15:00+0200,54200.0,MW,FR,FR,forecast_load,Forecasted Load,2026-07-19T10:02:06Z
2026-07-19T10:00:07Z,2026-07-19T12:00:07+0200,0122f339-e99c-4669-a7fd-e7d31a0b8b3d,2026-06-23T08:30:00Z,2026-06-23T10:30:00+0200,54400.0,MW,FR,FR,forecast_load,Forecasted Load,2026-07-19T10:02:06Z
2026-07-19T10:00:07Z,2026-07-19T12:00:07+0200,0122f339-e99c-4669-a7fd-e7d31a0b8b3d,2026-06-23T08:45:00Z,2026-06-23T10:45:00+0200,54800.0,MW,FR,FR,forecast_load,Forecasted Load,2026-07-19T10:02:06Z
2026-07-19T10:00:07Z,2026-07-19T12:00:07+0200,0122f339-e99c-4669-a7fd-e7d31a0b8b3d,2026-06-23T09:00:00Z,2026-06-23T11:00:00+0200,55200.0,MW,FR,FR,forecast_load,Forecasted Load,2026-07-19T10:02:06Z
2026-07-19T10:00:07Z,2026-07-19T12:00:07+0200,0122f339-e99c-4669-a7fd-e7d31a0b8b3d,2026-06-23T09:15:00Z,2026-06-23T11:15:00+0200,55350.0,MW,FR,FR,forecast_load,Forecasted Load,2026-07-19T10:02:06Z
2026-07-19T10:00:07Z,2026-07-19T12:00:07+0200,0122f339-e99c-4669-a7fd-e7d31a0b8b3d,2026-06-23T09:30:00Z,2026-06-23T11:30:00+0200,55500.0,MW,FR,FR,forecast_load,Forecasted Load,2026-07-19T10:02:06Z
2026-07-19T10:00:07Z,2026-07-19T12:00:07+0200,0122f339-e99c-4669-a7fd-e7d31a0b8b3d,2026-06-23T09:45:00Z,2026-06-23T11:45:00+0200,56100.0,MW,FR,FR,forecast_load,Forecasted Load,2026-07-19T10:02:06Z
2026-07-19T10:00:07Z,2026-07-19T12:00:07+0200,0122f339-e99c-4669-a7fd-e7d31a0b8b3d,2026-06-23T10:00:00Z,2026-06-23T12:00:00+0200,56700.0,MW,FR,FR,forecast_load,Forecasted Load,2026-07-19T10:02:06Z
2026-07-19T10:00:07Z,2026-07-19T12:00:07+0200,0122f339-e99c-4669-a7fd-e7d31a0b8b3d,2026-06-23T10:15:00Z,2026-06-23T12:15:00+0200,56500.0,MW,FR,FR,forecast_load,Forecasted Load,2026-07-19T10:02:06Z
2026-07-19T10:00:07Z,2026-07-19T12:00:07+0200,0122f339-e99c-4669-a7fd-e7d31a0b8b3d,2026-06-23T10:30:00Z,2026-06-23T12:30:00+0200,56300.0,MW,FR,FR,forecast_load,Forecasted Load,2026-07-19T10:02:06Z
2026-07-19T10:00:07Z,2026-07-19T12:00:07+0200,0122f339-e99c-4669-a7fd-e7d31a0b8b3d,2026-06-23T10:45:00Z,2026-06-23T12:45:00+0200,56950.0,MW,FR,FR,forecast_load,Forecasted Load,2026-07-19T10:02:06Z
2026-07-19T10:00:07Z,2026-07-19T12:00:07+0200,0122f339-e99c-4669-a7fd-e7d31a0b8b3d,2026-06-23T11:00:00Z,2026-06-23T13:00:00+0200,57600.0,MW,FR,FR,forecast_load,Forecasted Load,2026-07-19T10:02:06Z
2026-07-19T10:00:07Z,2026-07-19T12:00:07+0200,0122f339-e99c-4669-a7fd-e7d31a0b8b3d,2026-06-23T11:15:00Z,2026-06-23T13:15:00+0200,57200.0,MW,FR,FR,forecast_load,Forecasted Load,2026-07-19T10:02:06Z
2026-07-19T10:00:07Z,2026-07-19T12:00:07+0200,0122f339-e99c-4669-a7fd-e7d31a0b8b3d,2026-06-23T11:30:00Z,2026-06-23T13:30:00+0200,56800.0,MW,FR,FR,forecast_load,Forecasted Load,2026-07-19T10:02:06Z
2026-07-19T10:00:07Z,2026-07-19T12:00:07+0200,0122f339-e99c-4669-a7fd-e7d31a0b8b3d,2026-06-23T11:45:00Z,2026-06-23T13:45:00+0200,57050.0,MW,FR,FR,forecast_load,Forecasted Load,2026-07-19T10:02:06Z
2026-07-19T10:00:07Z,2026-07-19T12:00:07+0200,0122f339-e99c-4669-a7fd-e7d31a0b8b3d,2026-06-23T12:00:00Z,2026-06-23T14:00:00+0200,57300.0,MW,FR,FR,forecast_load,Forecasted Load,2026-07-19T10:02:06Z
2026-07-19T10:00:07Z,2026-07-19T12:00:07+0200,0122f339-e99c-4669-a7fd-e7d31a0b8b3d,2026-06-23T12:15:00Z,2026-06-23T14:15:00+0200,57700.0,MW,FR,FR,forecast_load,Forecasted Load,2026-07-19T10:02:06Z
2026-07-19T10:00:07Z,2026-07-19T12:00:07+0200,0122f339-e99c-4669-a7fd-e7d31a0b8b3d,2026-06-23T12:30:00Z,2026-06-23T14:30:00+0200,58100.0,MW,FR,FR,forecast_load,Forecasted Load,2026-07-19T10:02:06Z
2026-07-19T10:00:07Z,2026-07-19T12:00:07+0200,0122f339-e99c-4669-a7fd-e7d31a0b8b3d,2026-06-23T12:45:00Z,2026-06-23T14:45:00+0200,57900.0,MW,FR,FR,forecast_load,Forecasted Load,2026-07-19T10:02:06Z
2026-07-19T10:00:07Z,2026-07-19T12:00:07+0200,0122f339-e99c-4669-a7fd-e7d31a0b8b3d,2026-06-23T13:00:00Z,2026-06-23T15:00:00+0200,57700.0,MW,FR,FR,forecast_load,Forecasted Load,2026-07-19T10:02:06Z
2026-07-19T10:00:07Z,2026-07-19T12:00:07+0200,0122f339-e99c-4669-a7fd-e7d31a0b8b3d,2026-06-23T13:15:00Z,2026-06-23T15:15:00+0200,57600.0,MW,FR,FR,forecast_load,Forecasted Load,2026-07-19T10:02:06Z
2026-07-19T10:00:07Z,2026-07-19T12:00:07+0200,0122f339-e99c-4669-a7fd-e7d31a0b8b3d,2026-06-23T13:30:00Z,2026-06-23T15:30:00+0200,57500.0,MW,FR,FR,forecast_load,Forecasted Load,2026-07-19T10:02:06Z
2026-07-19T10:00:07Z,2026-07-19T12:00:07+0200,0122f339-e99c-4669-a7fd-e7d31a0b8b3d,2026-06-23T13:45:00Z,2026-06-23T15:45:00+0200,57350.0,MW,FR,FR,forecast_load,Forecasted Load,2026-07-19T10:02:06Z
2026-07-19T10:00:07Z,2026-07-19T12:00:07+0200,0122f339-e99c-4669-a7fd-e7d31a0b8b3d,2026-06-23T14:00:00Z,2026-06-23T16:00:00+0200,57200.0,MW,FR,FR,forecast_load,Forecasted Load,2026-07-19T10:02:06Z
2026-07-19T10:00:07Z,2026-07-19T12:00:07+0200,0122f339-e99c-4669-a7fd-e7d31a0b8b3d,2026-06-23T14:15:00Z,2026-06-23T16:15:00+0200,56900.0,MW,FR,FR,forecast_load,Forecasted Load,2026-07-19T10:02:06Z
2026-07-19T10:00:07Z,2026-07-19T12:00:07+0200,0122f339-e99c-4669-a7fd-e7d31a0b8b3d,2026-06-23T14:30:00Z,2026-06-23T16:30:00+0200,56600.0,MW,FR,FR,forecast_load,Forecasted Load,2026-07-19T10:02:06Z
2026-07-19T10:00:07Z,2026-07-19T12:00:07+0200,0122f339-e99c-4669-a7fd-e7d31a0b8b3d,2026-06-23T14:45:00Z,2026-06-23T16:45:00+0200,56600.0,MW,FR,FR,forecast_load,Forecasted Load,2026-07-19T10:02:06Z
2026-07-19T10:00:07Z,2026-07-19T12:00:07+0200,0122f339-e99c-4669-a7fd-e7d31a0b8b3d,2026-06-23T15:00:00Z,2026-06-23T17:00:00+0200,56600.0,MW,FR,FR,forecast_load,Forecasted Load,2026-07-19T10:02:06Z
2026-07-19T10:00:07Z,2026-07-19T12:00:07+0200,0122f339-e99c-4669-a7fd-e7d31a0b8b3d,2026-06-23T15:15:00Z,2026-06-23T17:15:00+0200,56650.0,MW,FR,FR,forecast_load,Forecasted Load,2026-07-19T10:02:06Z
2026-07-19T10:00:07Z,2026-07-19T12:00:07+0200,0122f339-e99c-4669-a7fd-e7d31a0b8b3d,2026-06-23T15:30:00Z,2026-06-23T17:30:00+0200,56700.0,MW,FR,FR,forecast_load,Forecasted Load,2026-07-19T10:02:06Z
2026-07-19T10:00:07Z,2026-07-19T12:00:07+0200,0122f339-e99c-4669-a7fd-e7d31a0b8b3d,2026-06-23T15:45:00Z,2026-06-23T17:45:00+0200,57050.0,MW,FR,FR,forecast_load,Forecasted Load,2026-07-19T10:02:06Z
2026-07-19T10:00:07Z,2026-07-19T12:00:07+0200,0122f339-e99c-4669-a7fd-e7d31a0b8b3d,2026-06-23T16:00:00Z,2026-06-23T18:00:00+0200,57400.0,MW,FR,FR,forecast_load,Forecasted Load,2026-07-19T10:02:06Z
2026-07-19T10:00:07Z,2026-07-19T12:00:07+0200,0122f339-e99c-4669-a7fd-e7d31a0b8b3d,2026-06-23T16:15:00Z,2026-06-23T18:15:00+0200,57400.0,MW,FR,FR,forecast_load,Forecasted Load,2026-07-19T10:02:06Z
2026-07-19T10:00:07Z,2026-07-19T12:00:07+0200,0122f339-e99c-4669-a7fd-e7d31a0b8b3d,2026-06-23T16:30:00Z,2026-06-23T18:30:00+0200,57400.0,MW,FR,FR,forecast_load,Forecasted Load,2026-07-19T10:02:06Z
2026-07-19T10:00:07Z,2026-07-19T12:00:07+0200,0122f339-e99c-4669-a7fd-e7d31a0b8b3d,2026-06-23T16:45:00Z,2026-06-23T18:45:00+0200,57700.0,MW,FR,FR,forecast_load,Forecasted Load,2026-07-19T10:02:06Z
2026-07-19T10:00:07Z,2026-07-19T12:00:07+0200,0122f339-e99c-4669-a7fd-e7d31a0b8b3d,2026-06-23T17:00:00Z,2026-06-23T19:00:00+0200,58000.0,MW,FR,FR,forecast_load,Forecasted Load,2026-07-19T10:02:06Z
2026-07-19T10:00:07Z,2026-07-19T12:00:07+0200,0122f339-e99c-4669-a7fd-e7d31a0b8b3d,2026-06-23T17:15:00Z,2026-06-23T19:15:00+0200,57650.0,MW,FR,FR,forecast_load,Forecasted Load,2026-07-19T10:02:06Z
2026-07-19T10:00:07Z,2026-07-19T12:00:07+0200,0122f339-e99c-4669-a7fd-e7d31a0b8b3d,2026-06-23T17:30:00Z,2026-06-23T19:30:00+0200,57300.0,MW,FR,FR,forecast_load,Forecasted Load,2026-07-19T10:02:06Z
2026-07-19T10:00:07Z,2026-07-19T12:00:07+0200,0122f339-e99c-4669-a7fd-e7d31a0b8b3d,2026-06-23T17:45:00Z,2026-06-23T19:45:00+0200,56800.0,MW,FR,FR,forecast_load,Forecasted Load,2026-07-19T10:02:06Z
2026-07-19T10:00:07Z,2026-07-19T12:00:07+0200,0122f339-e99c-4669-a7fd-e7d31a0b8b3d,2026-06-23T18:00:00Z,2026-06-23T20:00:00+0200,56300.0,MW,FR,FR,forecast_load,Forecasted Load,2026-07-19T10:02:06Z
2026-07-19T10:00:07Z,2026-07-19T12:00:07+0200,0122f339-e99c-4669-a7fd-e7d31a0b8b3d,2026-06-23T18:15:00Z,2026-06-23T20:15:00+0200,55550.0,MW,FR,FR,forecast_load,Forecasted Load,2026-07-19T10:02:06Z
2026-07-19T10:00:07Z,2026-07-19T12:00:07+0200,0122f339-e99c-4669-a7fd-e7d31a0b8b3d,2026-06-23T18:30:00Z,2026-06-23T20:30:00+0200,54800.0,MW,FR,FR,forecast_load,Forecasted Load,2026-07-19T10:02:06Z
2026-07-19T10:00:07Z,2026-07-19T12:00:07+0200,0122f339-e99c-4669-a7fd-e7d31a0b8b3d,2026-06-23T18:45:00Z,2026-06-23T20:45:00+0200,54200.0,MW,FR,FR,forecast_load,Forecasted Load,2026-07-19T10:02:06Z
2026-07-19T10:00:07Z,2026-07-19T12:00:07+0200,0122f339-e99c-4669-a7fd-e7d31a0b8b3d,2026-06-23T19:00:00Z,2026-06-23T21:00:00+0200,53600.0,MW,FR,FR,forecast_load,Forecasted Load,2026-07-19T10:02:06Z
2026-07-19T10:00:07Z,2026-07-19T12:00:07+0200,0122f339-e99c-4669-a7fd-e7d31a0b8b3d,2026-06-23T19:15:00Z,2026-06-23T21:15:00+0200,53200.0,MW,FR,FR,forecast_load,Forecasted Load,2026-07-19T10:02:06Z
2026-07-19T10:00:07Z,2026-07-19T12:00:07+0200,0122f339-e99c-4669-a7fd-e7d31a0b8b3d,2026-06-23T19:30:00Z,2026-06-23T21:30:00+0200,52800.0,MW,FR,FR,forecast_load,Forecasted Load,2026-07-19T10:02:06Z
2026-07-19T10:00:07Z,2026-07-19T12:00:07+0200,0122f339-e99c-4669-a7fd-e7d31a0b8b3d,2026-06-23T19:45:00Z,2026-06-23T21:45:00+0200,52400.0,MW,FR,FR,forecast_load,Forecasted Load,2026-07-19T10:02:06Z
2026-07-19T10:00:07Z,2026-07-19T12:00:07+0200,0122f339-e99c-4669-a7fd-e7d31a0b8b3d,2026-06-23T20:00:00Z,2026-06-23T22:00:00+0200,52000.0,MW,FR,FR,forecast_load,Forecasted Load,2026-07-19T10:02:06Z
2026-07-19T10:00:07Z,2026-07-19T12:00:07+0200,0122f339-e99c-4669-a7fd-e7d31a0b8b3d,2026-06-23T20:15:00Z,2026-06-23T22:15:00+0200,52800.0,MW,FR,FR,forecast_load,Forecasted Load,2026-07-19T10:02:06Z
2026-07-19T10:00:07Z,2026-07-19T12:00:07+0200,0122f339-e99c-4669-a7fd-e7d31a0b8b3d,2026-06-23T20:30:00Z,2026-06-23T22:30:00+0200,53600.0,MW,FR,FR,forecast_load,Forecasted Load,2026-07-19T10:02:06Z
2026-07-19T10:00:07Z,2026-07-19T12:00:07+0200,0122f339-e99c-4669-a7fd-e7d31a0b8b3d,2026-06-23T20:45:00Z,2026-06-23T22:45:00+0200,54250.0,MW,FR,FR,forecast_load,Forecasted Load,2026-07-19T10:02:06Z
2026-07-19T10:00:07Z,2026-07-19T12:00:07+0200,0122f339-e99c-4669-a7fd-e7d31a0b8b3d,2026-06-23T21:00:00Z,2026-06-23T23:00:00+0200,54900.0,MW,FR,FR,forecast_load,Forecasted Load,2026-07-19T10:02:06Z
2026-07-19T10:00:07Z,2026-07-19T12:00:07+0200,0122f339-e99c-4669-a7fd-e7d31a0b8b3d,2026-06-23T21:15:00Z,2026-06-23T23:15:00+0200,53650.0,MW,FR,FR,forecast_load,Forecasted Load,2026-07-19T10:02:06Z
2026-07-19T10:00:07Z,2026-07-19T12:00:07+0200,0122f339-e99c-4669-a7fd-e7d31a0b8b3d,2026-06-23T21:30:00Z,2026-06-23T23:30:00+0200,52400.0,MW,FR,FR,forecast_load,Forecasted Load,2026-07-19T10:02:06Z
2026-07-19T10:00:07Z,2026-07-19T12:00:07+0200,0122f339-e99c-4669-a7fd-e7d31a0b8b3d,2026-06-23T21:45:00Z,2026-06-23T23:45:00+0200,51300.0,MW,FR,FR,forecast_load,Forecasted Load,2026-07-19T10:02:06Z
2026-07-19T10:00:07Z,2026-07-19T12:00:07+0200,0122f339-e99c-4669-a7fd-e7d31a0b8b3d,2026-06-23T22:00:00Z,2026-06-24T00:00:00+0200,51600.0,MW,FR,FR,forecast_load,Forecasted Load,2026-07-19T10:02:06Z
2026-07-19T10:00:07Z,2026-07-19T12:00:07+0200,0122f339-e99c-4669-a7fd-e7d31a0b8b3d,2026-06-23T22:15:00Z,2026-06-24T00:15:00+0200,50450.0,MW,FR,FR,forecast_load,Forecasted Load,2026-07-19T10:02:06Z
2026-07-19T10:00:07Z,2026-07-19T12:00:07+0200,0122f339-e99c-4669-a7fd-e7d31a0b8b3d,2026-06-23T22:30:00Z,2026-06-24T00:30:00+0200,49300.0,MW,FR,FR,forecast_load,Forecasted Load,2026-07-19T10:02:06Z
2026-07-19T10:00:07Z,2026-07-19T12:00:07+0200,0122f339-e99c-4669-a7fd-e7d31a0b8b3d,2026-06-23T22:45:00Z,2026-06-24T00:45:00+0200,48650.0,MW,FR,FR,forecast_load,Forecasted Load,2026-07-19T10:02:06Z
2026-07-19T10:00:07Z,2026-07-19T12:00:07+0200,0122f339-e99c-4669-a7fd-e7d31a0b8b3d,2026-06-23T23:00:00Z,2026-06-24T01:00:00+0200,48000.0,MW,FR,FR,forecast_load,Forecasted Load,2026-07-19T10:02:06Z
2026-07-19T10:00:07Z,2026-07-19T12:00:07+0200,0122f339-e99c-4669-a7fd-e7d31a0b8b3d,2026-06-23T23:15:00Z,2026-06-24T01:15:00+0200,47500.0,MW,FR,FR,forecast_load,Forecasted Load,2026-07-19T10:02:06Z
2026-07-19T10:00:07Z,2026-07-19T12:00:07+0200,0122f339-e99c-4669-a7fd-e7d31a0b8b3d,2026-06-23T23:30:00Z,2026-06-24T01:30:00+0200,47000.0,MW,FR,FR,forecast_load,Forecasted Load,2026-07-19T10:02:06Z
2026-07-19T10:00:07Z,2026-07-19T12:00:07+0200,0122f339-e99c-4669-a7fd-e7d31a0b8b3d,2026-06-23T23:45:00Z,2026-06-24T01:45:00+0200,46250.0,MW,FR,FR,forecast_load,Forecasted Load,2026-07-19T10:02:06Z
2026-07-19T10:00:07Z,2026-07-19T12:00:07+0200,0122f339-e99c-4669-a7fd-e7d31a0b8b3d,2026-06-24T00:00:00Z,2026-06-24T02:00:00+0200,45500.0,MW,FR,FR,forecast_load,Forecasted Load,2026-07-19T10:02:06Z
2026-07-19T10:00:07Z,2026-07-19T12:00:07+0200,0122f339-e99c-4669-a7fd-e7d31a0b8b3d,2026-06-24T00:15:00Z,2026-06-24T02:15:00+0200,44800.0,MW,FR,FR,forecast_load,Forecasted Load,2026-07-19T10:02:06Z
2026-07-19T10:00:07Z,2026-07-19T12:00:07+0200,0122f339-e99c-4669-a7fd-e7d31a0b8b3d,2026-06-24T00:30:00Z,2026-06-24T02:30:00+0200,44100.0,MW,FR,FR,forecast_load,Forecasted Load,2026-07-19T10:02:06Z
2026-07-19T10:00:07Z,2026-07-19T12:00:07+0200,0122f339-e99c-4669-a7fd-e7d31a0b8b3d,2026-06-24T00:45:00Z,2026-06-24T02:45:00+0200,43450.0,MW,FR,FR,forecast_load,Forecasted Load,2026-07-19T10:02:06Z
2026-07-19T10:00:07Z,2026-07-19T12:00:07+0200,0122f339-e99c-4669-a7fd-e7d31a0b8b3d,2026-06-24T01:00:00Z,2026-06-24T03:00:00+0200,42800.0,MW,FR,FR,forecast_load,Forecasted Load,2026-07-19T10:02:06Z
2026-07-19T10:00:07Z,2026-07-19T12:00:07+0200,0122f339-e99c-4669-a7fd-e7d31a0b8b3d,2026-06-24T01:15:00Z,2026-06-24T03:15:00+0200,42300.0,MW,FR,FR,forecast_load,Forecasted Load,2026-07-19T10:02:06Z
2026-07-19T10:00:07Z,2026-07-19T12:00:07+0200,0122f339-e99c-4669-a7fd-e7d31a0b8b3d,2026-06-24T01:30:00Z,2026-06-24T03:30:00+0200,41800.0,MW,FR,FR,forecast_load,Forecasted Load,2026-07-19T10:02:06Z
2026-07-19T10:00:07Z,2026-07-19T12:00:07+0200,0122f339-e99c-4669-a7fd-e7d31a0b8b3d,2026-06-24T01:45:00Z,2026-06-24T03:45:00+0200,41350.0,MW,FR,FR,forecast_load,Forecasted Load,2026-07-19T10:02:06Z
2026-07-19T10:00:07Z,2026-07-19T12:00:07+0200,0122f339-e99c-4669-a7fd-e7d31a0b8b3d,2026-06-24T02:00:00Z,2026-06-24T04:00:00+0200,40900.0,MW,FR,FR,forecast_load,Forecasted Load,2026-07-19T10:02:06Z
2026-07-19T10:00:07Z,2026-07-19T12:00:07+0200,0122f339-e99c-4669-a7fd-e7d31a0b8b3d,2026-06-24T02:15:00Z,2026-06-24T04:15:00+0200,40900.0,MW,FR,FR,forecast_load,Forecasted Load,2026-07-19T10:02:06Z
2026-07-19T10:00:07Z,2026-07-19T12:00:07+0200,0122f339-e99c-4669-a7fd-e7d31a0b8b3d,2026-06-24T02:30:00Z,2026-06-24T04:30:00+0200,40900.0,MW,FR,FR,forecast_load,Forecasted Load,2026-07-19T10:02:06Z
2026-07-19T10:00:07Z,2026-07-19T12:00:07+0200,0122f339-e99c-4669-a7fd-e7d31a0b8b3d,2026-06-24T02:45:00Z,2026-06-24T04:45:00+0200,41300.0,MW,FR,FR,forecast_load,Forecasted Load,2026-07-19T10:02:06Z
2026-07-19T10:00:07Z,2026-07-19T12:00:07+0200,0122f339-e99c-4669-a7fd-e7d31a0b8b3d,2026-06-24T03:00:00Z,2026-06-24T05:00:00+0200,41700.0,MW,FR,FR,forecast_load,Forecasted Load,2026-07-19T10:02:06Z
2026-07-19T10:00:07Z,2026-07-19T12:00:07+0200,0122f339-e99c-4669-a7fd-e7d31a0b8b3d,2026-06-24T03:15:00Z,2026-06-24T05:15:00+0200,42250.0,MW,FR,FR,forecast_load,Forecasted Load,2026-07-19T10:02:06Z
2026-07-19T10:00:07Z,2026-07-19T12:00:07+0200,0122f339-e99c-4669-a7fd-e7d31a0b8b3d,2026-06-24T03:30:00Z,2026-06-24T05:30:00+0200,42800.0,MW,FR,FR,forecast_load,Forecasted Load,2026-07-19T10:02:06Z
2026-07-19T10:00:07Z,2026-07-19T12:00:07+0200,0122f339-e99c-4669-a7fd-e7d31a0b8b3d,2026-06-24T03:45:00Z,2026-06-24T05:45:00+0200,43150.0,MW,FR,FR,forecast_load,Forecasted Load,2026-07-19T10:02:06Z
2026-07-19T10:00:07Z,2026-07-19T12:00:07+0200,0122f339-e99c-4669-a7fd-e7d31a0b8b3d,2026-06-24T04:00:00Z,2026-06-24T06:00:00+0200,43500.0,MW,FR,FR,forecast_load,Forecasted Load,2026-07-19T10:02:06Z
2026-07-19T10:00:07Z,2026-07-19T12:00:07+0200,0122f339-e99c-4669-a7fd-e7d31a0b8b3d,2026-06-24T04:15:00Z,2026-06-24T06:15:00+0200,44450.0,MW,FR,FR,forecast_load,Forecasted Load,2026-07-19T10:02:06Z
2026-07-19T10:00:07Z,2026-07-19T12:00:07+0200,0122f339-e99c-4669-a7fd-e7d31a0b8b3d,2026-06-24T04:30:00Z,2026-06-24T06:30:00+0200,45400.0,MW,FR,FR,forecast_load,Forecasted Load,2026-07-19T10:02:06Z
2026-07-19T10:00:07Z,2026-07-19T12:00:07+0200,0122f339-e99c-4669-a7fd-e7d31a0b8b3d,2026-06-24T04:45:00Z,2026-06-24T06:45:00+0200,46150.0,MW,FR,FR,forecast_load,Forecasted Load,2026-07-19T10:02:06Z
2026-07-19T10:00:07Z,2026-07-19T12:00:07+0200,0122f339-e99c-4669-a7fd-e7d31a0b8b3d,2026-06-24T05:00:00Z,2026-06-24T07:00:00+0200,46900.0,MW,FR,FR,forecast_load,Forecasted Load,2026-07-19T10:02:06Z
2026-07-19T10:00:07Z,2026-07-19T12:00:07+0200,0122f339-e99c-4669-a7fd-e7d31a0b8b3d,2026-06-24T05:15:00Z,2026-06-24T07:15:00+0200,48300.0,MW,FR,FR,forecast_load,Forecasted Load,2026-07-19T10:02:06Z
2026-07-19T10:00:07Z,2026-07-19T12:00:07+0200,0122f339-e99c-4669-a7fd-e7d31a0b8b3d,2026-06-24T05:30:00Z,2026-06-24T07:30:00+0200,49700.0,MW,FR,FR,forecast_load,Forecasted Load,2026-07-19T10:02:06Z
2026-07-19T10:00:07Z,2026-07-19T12:00:07+0200,0122f339-e99c-4669-a7fd-e7d31a0b8b3d,2026-06-24T05:45:00Z,2026-06-24T07:45:00+0200,49850.0,MW,FR,FR,forecast_load,Forecasted Load,2026-07-19T10:02:06Z
2026-07-19T10:00:07Z,2026-07-19T12:00:07+0200,0122f339-e99c-4669-a7fd-e7d31a0b8b3d,2026-06-24T06:00:00Z,2026-06-24T08:00:00+0200,50000.0,MW,FR,FR,forecast_load,Forecasted Load,2026-07-19T10:02:06Z
2026-07-19T10:00:07Z,2026-07-19T12:00:07+0200,0122f339-e99c-4669-a7fd-e7d31a0b8b3d,2026-06-24T06:15:00Z,2026-06-24T08:15:00+0200,50850.0,MW,FR,FR,forecast_load,Forecasted Load,2026-07-19T10:02:06Z
2026-07-19T10:00:07Z,2026-07-19T12:00:07+0200,0122f339-e99c-4669-a7fd-e7d31a0b8b3d,2026-06-24T06:30:00Z,2026-06-24T08:30:00+0200,51700.0,MW,FR,FR,forecast_load,Forecasted Load,2026-07-19T10:02:06Z
2026-07-19T10:00:07Z,2026-07-19T12:00:07+0200,0122f339-e99c-4669-a7fd-e7d31a0b8b3d,2026-06-24T06:45:00Z,2026-06-24T08:45:00+0200,52350.0,MW,FR,FR,forecast_load,Forecasted Load,2026-07-19T10:02:06Z
2026-07-19T10:00:07Z,2026-07-19T12:00:07+0200,0122f339-e99c-4669-a7fd-e7d31a0b8b3d,2026-06-24T07:00:00Z,2026-06-24T09:00:00+0200,53000.0,MW,FR,FR,forecast_load,Forecasted Load,2026-07-19T10:02:06Z
2026-07-19T10:00:07Z,2026-07-19T12:00:07+0200,0122f339-e99c-4669-a7fd-e7d31a0b8b3d,2026-06-24T07:15:00Z,2026-06-24T09:15:00+0200,53750.0,MW,FR,FR,forecast_load,Forecasted Load,2026-07-19T10:02:06Z
2026-07-19T10:00:07Z,2026-07-19T12:00:07+0200,0122f339-e99c-4669-a7fd-e7d31a0b8b3d,2026-06-24T07:30:00Z,2026-06-24T09:30:00+0200,54500.0,MW,FR,FR,forecast_load,Forecasted Load,2026-07-19T10:02:06Z
2026-07-19T10:00:07Z,2026-07-19T12:00:07+0200,0122f339-e99c-4669-a7fd-e7d31a0b8b3d,2026-06-24T07:45:00Z,2026-06-24T09:45:00+0200,54850.0,MW,FR,FR,forecast_load,Forecasted Load,2026-07-19T10:02:06Z
2026-07-19T10:00:07Z,2026-07-19T12:00:07+0200,0122f339-e99c-4669-a7fd-e7d31a0b8b3d,2026-06-24T08:00:00Z,2026-06-24T10:00:00+0200,55200.0,MW,FR,FR,forecast_load,Forecasted Load,2026-07-19T10:02:06Z
2026-07-19T10:00:07Z,2026-07-19T12:00:07+0200,0122f339-e99c-4669-a7fd-e7d31a0b8b3d,2026-06-24T08:15:00Z,2026-06-24T10:15:00+0200,55500.0,MW,FR,FR,forecast_load,Forecasted Load,2026-07-19T10:02:06Z
2026-07-19T10:00:07Z,2026-07-19T12:00:07+0200,0122f339-e99c-4669-a7fd-e7d31a0b8b3d,2026-06-24T08:30:00Z,2026-06-24T10:30:00+0200,55800.0,MW,FR,FR,forecast_load,Forecasted Load,2026-07-19T10:02:06Z
2026-07-19T10:00:07Z,2026-07-19T12:00:07+0200,0122f339-e99c-4669-a7fd-e7d31a0b8b3d,2026-06-24T08:45:00Z,2026-06-24T10:45:00+0200,56000.0,MW,FR,FR,forecast_load,Forecasted Load,2026-07-19T10:02:06Z
2026-07-19T10:00:07Z,2026-07-19T12:00:07+0200,0122f339-e99c-4669-a7fd-e7d31a0b8b3d,2026-06-24T09:00:00Z,2026-06-24T11:00:00+0200,56200.0,MW,FR,FR,forecast_load,Forecasted Load,2026-07-19T10:02:06Z
2026-07-19T10:00:07Z,2026-07-19T12:00:07+0200,0122f339-e99c-4669-a7fd-e7d31a0b8b3d,2026-06-24T09:15:00Z,2026-06-24T11:15:00+0200,56500.0,MW,FR,FR,forecast_load,Forecasted Load,2026-07-19T10:02:06Z
2026-07-19T10:00:07Z,2026-07-19T12:00:07+0200,0122f339-e99c-4669-a7fd-e7d31a0b8b3d,2026-06-24T09:30:00Z,2026-06-24T11:30:00+0200,56800.0,MW,FR,FR,forecast_load,Forecasted Load,2026-07-19T10:02:06Z
2026-07-19T10:00:07Z,2026-07-19T12:00:07+0200,0122f339-e99c-4669-a7fd-e7d31a0b8b3d,2026-06-24T09:45:00Z,2026-06-24T11:45:00+0200,57500.0,MW,FR,FR,forecast_load,Forecasted Load,2026-07-19T10:02:06Z
2026-07-19T10:00:07Z,2026-07-19T12:00:07+0200,0122f339-e99c-4669-a7fd-e7d31a0b8b3d,2026-06-24T10:00:00Z,2026-06-24T12:00:00+0200,58200.0,MW,FR,FR,forecast_load,Forecasted Load,2026-07-19T10:02:06Z
2026-07-19T10:00:07Z,2026-07-19T12:00:07+0200,0122f339-e99c-4669-a7fd-e7d31a0b8b3d,2026-06-24T10:15:00Z,2026-06-24T12:15:00+0200,58050.0,MW,FR,FR,forecast_load,Forecasted Load,2026-07-19T10:02:06Z
2026-07-19T10:00:07Z,2026-07-19T12:00:07+0200,0122f339-e99c-4669-a7fd-e7d31a0b8b3d,2026-06-24T10:30:00Z,2026-06-24T12:30:00+0200,57900.0,MW,FR,FR,forecast_load,Forecasted Load,2026-07-19T10:02:06Z
2026-07-19T10:00:07Z,2026-07-19T12:00:07+0200,0122f339-e99c-4669-a7fd-e7d31a0b8b3d,2026-06-24T10:45:00Z,2026-06-24T12:45:00+0200,58300.0,MW,FR,FR,forecast_load,Forecasted Load,2026-07-19T10:02:06Z
2026-07-19T10:00:07Z,2026-07-19T12:00:07+0200,0122f339-e99c-4669-a7fd-e7d31a0b8b3d,2026-06-24T11:00:00Z,2026-06-24T13:00:00+0200,58700.0,MW,FR,FR,forecast_load,Forecasted Load,2026-07-19T10:02:06Z
2026-07-19T10:00:07Z,2026-07-19T12:00:07+0200,0122f339-e99c-4669-a7fd-e7d31a0b8b3d,2026-06-24T11:15:00Z,2026-06-24T13:15:00+0200,58150.0,MW,FR,FR,forecast_load,Forecasted Load,2026-07-19T10:02:06Z
2026-07-19T10:00:07Z,2026-07-19T12:00:07+0200,0122f339-e99c-4669-a7fd-e7d31a0b8b3d,2026-06-24T11:30:00Z,2026-06-24T13:30:00+0200,57600.0,MW,FR,FR,forecast_load,Forecasted Load,2026-07-19T10:02:06Z
2026-07-19T10:00:07Z,2026-07-19T12:00:07+0200,0122f339-e99c-4669-a7fd-e7d31a0b8b3d,2026-06-24T11:45:00Z,2026-06-24T13:45:00+0200,58050.0,MW,FR,FR,forecast_load,Forecasted Load,2026-07-19T10:02:06Z
2026-07-19T10:00:07Z,2026-07-19T12:00:07+0200,0122f339-e99c-4669-a7fd-e7d31a0b8b3d,2026-06-24T12:00:00Z,2026-06-24T14:00:00+0200,58500.0,MW,FR,FR,forecast_load,Forecasted Load,2026-07-19T10:02:06Z
2026-07-19T10:00:07Z,2026-07-19T12:00:07+0200,0122f339-e99c-4669-a7fd-e7d31a0b8b3d,2026-06-24T12:15:00Z,2026-06-24T14:15:00+0200,58750.0,MW,FR,FR,forecast_load,Forecasted Load,2026-07-19T10:02:06Z
2026-07-19T10:00:07Z,2026-07-19T12:00:07+0200,0122f339-e99c-4669-a7fd-e7d31a0b8b3d,2026-06-24T12:30:00Z,2026-06-24T14:30:00+0200,59000.0,MW,FR,FR,forecast_load,Forecasted Load,2026-07-19T10:02:06Z
2026-07-19T10:00:07Z,2026-07-19T12:00:07+0200,0122f339-e99c-4669-a7fd-e7d31a0b8b3d,2026-06-24T12:45:00Z,2026-06-24T14:45:00+0200,58700.0,MW,FR,FR,forecast_load,Forecasted Load,2026-07-19T10:02:06Z
2026-07-19T10:00:07Z,2026-07-19T12:00:07+0200,0122f339-e99c-4669-a7fd-e7d31a0b8b3d,2026-06-24T13:00:00Z,2026-06-24T15:00:00+0200,58400.0,MW,FR,FR,forecast_load,Forecasted Load,2026-07-19T10:02:06Z
2026-07-19T10:00:07Z,2026-07-19T12:00:07+0200,0122f339-e99c-4669-a7fd-e7d31a0b8b3d,2026-06-24T13:15:00Z,2026-06-24T15:15:00+0200,58100.0,MW,FR,FR,forecast_load,Forecasted Load,2026-07-19T10:02:06Z
2026-07-19T10:00:07Z,2026-07-19T12:00:07+0200,0122f339-e99c-4669-a7fd-e7d31a0b8b3d,2026-06-24T13:30:00Z,2026-06-24T15:30:00+0200,57800.0,MW,FR,FR,forecast_load,Forecasted Load,2026-07-19T10:02:06Z
2026-07-19T10:00:07Z,2026-07-19T12:00:07+0200,0122f339-e99c-4669-a7fd-e7d31a0b8b3d,2026-06-24T13:45:00Z,2026-06-24T15:45:00+0200,57300.0,MW,FR,FR,forecast_load,Forecasted Load,2026-07-19T10:02:06Z
2026-07-19T10:00:07Z,2026-07-19T12:00:07+0200,0122f339-e99c-4669-a7fd-e7d31a0b8b3d,2026-06-24T14:00:00Z,2026-06-24T16:00:00+0200,56800.0,MW,FR,FR,forecast_load,Forecasted Load,2026-07-19T10:02:06Z
2026-07-19T10:00:07Z,2026-07-19T12:00:07+0200,0122f339-e99c-4669-a7fd-e7d31a0b8b3d,2026-06-24T14:15:00Z,2026-06-24T16:15:00+0200,56650.0,MW,FR,FR,forecast_load,Forecasted Load,2026-07-19T10:02:06Z
2026-07-19T10:00:07Z,2026-07-19T12:00:07+0200,0122f339-e99c-4669-a7fd-e7d31a0b8b3d,2026-06-24T14:30:00Z,2026-06-24T16:30:00+0200,56500.0,MW,FR,FR,forecast_load,Forecasted Load,2026-07-19T10:02:06Z
2026-07-19T10:00:07Z,2026-07-19T12:00:07+0200,0122f339-e99c-4669-a7fd-e7d31a0b8b3d,2026-06-24T14:45:00Z,2026-06-24T16:45:00+0200,56600.0,MW,FR,FR,forecast_load,Forecasted Load,2026-07-19T10:02:06Z
2026-07-19T10:00:07Z,2026-07-19T12:00:07+0200,0122f339-e99c-4669-a7fd-e7d31a0b8b3d,2026-06-24T15:00:00Z,2026-06-24T17:00:00+0200,56700.0,MW,FR,FR,forecast_load,Forecasted Load,2026-07-19T10:02:06Z
2026-07-19T10:00:07Z,2026-07-19T12:00:07+0200,0122f339-e99c-4669-a7fd-e7d31a0b8b3d,2026-06-24T15:15:00Z,2026-06-24T17:15:00+0200,56600.0,MW,FR,FR,forecast_load,Forecasted Load,2026-07-19T10:02:06Z
2026-07-19T10:00:07Z,2026-07-19T12:00:07+0200,0122f339-e99c-4669-a7fd-e7d31a0b8b3d,2026-06-24T15:30:00Z,2026-06-24T17:30:00+0200,56500.0,MW,FR,FR,forecast_load,Forecasted Load,2026-07-19T10:02:06Z
2026-07-19T10:00:07Z,2026-07-19T12:00:07+0200,0122f339-e99c-4669-a7fd-e7d31a0b8b3d,2026-06-24T15:45:00Z,2026-06-24T17:45:00+0200,56950.0,MW,FR,FR,forecast_load,Forecasted Load,2026-07-19T10:02:06Z
2026-07-19T10:00:07Z,2026-07-19T12:00:07+0200,0122f339-e99c-4669-a7fd-e7d31a0b8b3d,2026-06-24T16:00:00Z,2026-06-24T18:00:00+0200,57400.0,MW,FR,FR,forecast_load,Forecasted Load,2026-07-19T10:02:06Z
2026-07-19T10:00:07Z,2026-07-19T12:00:07+0200,0122f339-e99c-4669-a7fd-e7d31a0b8b3d,2026-06-24T16:15:00Z,2026-06-24T18:15:00+0200,57850.0,MW,FR,FR,forecast_load,Forecasted Load,2026-07-19T10:02:06Z
2026-07-19T10:00:07Z,2026-07-19T12:00:07+0200,0122f339-e99c-4669-a7fd-e7d31a0b8b3d,2026-06-24T16:30:00Z,2026-06-24T18:30:00+0200,58300.0,MW,FR,FR,forecast_load,Forecasted Load,2026-07-19T10:02:06Z
2026-07-19T10:00:07Z,2026-07-19T12:00:07+0200,0122f339-e99c-4669-a7fd-e7d31a0b8b3d,2026-06-24T16:45:00Z,2026-06-24T18:45:00+0200,58600.0,MW,FR,FR,forecast_load,Forecasted Load,2026-07-19T10:02:06Z
2026-07-19T10:00:07Z,2026-07-19T12:00:07+0200,0122f339-e99c-4669-a7fd-e7d31a0b8b3d,2026-06-24T17:00:00Z,2026-06-24T19:00:00+0200,58900.0,MW,FR,FR,forecast_load,Forecasted Load,2026-07-19T10:02:06Z
2026-07-19T10:00:07Z,2026-07-19T12:00:07+0200,0122f339-e99c-4669-a7fd-e7d31a0b8b3d,2026-06-24T17:15:00Z,2026-06-24T19:15:00+0200,58700.0,MW,FR,FR,forecast_load,Forecasted Load,2026-07-19T10:02:06Z
2026-07-19T10:00:07Z,2026-07-19T12:00:07+0200,0122f339-e99c-4669-a7fd-e7d31a0b8b3d,2026-06-24T17:30:00Z,2026-06-24T19:30:00+0200,58500.0,MW,FR,FR,forecast_load,Forecasted Load,2026-07-19T10:02:06Z
2026-07-19T10:00:07Z,2026-07-19T12:00:07+0200,0122f339-e99c-4669-a7fd-e7d31a0b8b3d,2026-06-24T17:45:00Z,2026-06-24T19:45:00+0200,57950.0,MW,FR,FR,forecast_load,Forecasted Load,2026-07-19T10:02:06Z
2026-07-19T10:00:07Z,2026-07-19T12:00:07+0200,0122f339-e99c-4669-a7fd-e7d31a0b8b3d,2026-06-24T18:00:00Z,2026-06-24T20:00:00+0200,57400.0,MW,FR,FR,forecast_load,Forecasted Load,2026-07-19T10:02:06Z
2026-07-19T10:00:07Z,2026-07-19T12:00:07+0200,0122f339-e99c-4669-a7fd-e7d31a0b8b3d,2026-06-24T18:15:00Z,2026-06-24T20:15:00+0200,56400.0,MW,FR,FR,forecast_load,Forecasted Load,2026-07-19T10:02:06Z
2026-07-19T10:00:07Z,2026-07-19T12:00:07+0200,0122f339-e99c-4669-a7fd-e7d31a0b8b3d,2026-06-24T18:30:00Z,2026-06-24T20:30:00+0200,55400.0,MW,FR,FR,forecast_load,Forecasted Load,2026-07-19T10:02:06Z
2026-07-19T10:00:07Z,2026-07-19T12:00:07+0200,0122f339-e99c-4669-a7fd-e7d31a0b8b3d,2026-06-24T18:45:00Z,2026-06-24T20:45:00+0200,54850.0,MW,FR,FR,forecast_load,Forecasted Load,2026-07-19T10:02:06Z
2026-07-19T10:00:07Z,2026-07-19T12:00:07+0200,0122f339-e99c-4669-a7fd-e7d31a0b8b3d,2026-06-24T19:00:00Z,2026-06-24T21:00:00+0200,54300.0,MW,FR,FR,forecast_load,Forecasted Load,2026-07-19T10:02:06Z
2026-07-19T10:00:07Z,2026-07-19T12:00:07+0200,0122f339-e99c-4669-a7fd-e7d31a0b8b3d,2026-06-24T19:15:00Z,2026-06-24T21:15:00+0200,53900.0,MW,FR,FR,forecast_load,Forecasted Load,2026-07-19T10:02:06Z
2026-07-19T10:00:07Z,2026-07-19T12:00:07+0200,0122f339-e99c-4669-a7fd-e7d31a0b8b3d,2026-06-24T19:30:00Z,2026-06-24T21:30:00+0200,53500.0,MW,FR,FR,forecast_load,Forecasted Load,2026-07-19T10:02:06Z
2026-07-19T10:00:07Z,2026-07-19T12:00:07+0200,0122f339-e99c-4669-a7fd-e7d31a0b8b3d,2026-06-24T19:45:00Z,2026-06-24T21:45:00+0200,52900.0,MW,FR,FR,forecast_load,Forecasted Load,2026-07-19T10:02:06Z
2026-07-19T10:00:07Z,2026-07-19T12:00:07+0200,0122f339-e99c-4669-a7fd-e7d31a0b8b3d,2026-06-24T20:00:00Z,2026-06-24T22:00:00+0200,52300.0,MW,FR,FR,forecast_load,Forecasted Load,2026-07-19T10:02:06Z
2026-07-19T10:00:07Z,2026-07-19T12:00:07+0200,0122f339-e99c-4669-a7fd-e7d31a0b8b3d,2026-06-24T20:15:00Z,2026-06-24T22:15:00+0200,52900.0,MW,FR,FR,forecast_load,Forecasted Load,2026-07-19T10:02:06Z
2026-07-19T10:00:07Z,2026-07-19T12:00:07+0200,0122f339-e99c-4669-a7fd-e7d31a0b8b3d,2026-06-24T20:30:00Z,2026-06-24T22:30:00+0200,53500.0,MW,FR,FR,forecast_load,Forecasted Load,2026-07-19T10:02:06Z
2026-07-19T10:00:07Z,2026-07-19T12:00:07+0200,0122f339-e99c-4669-a7fd-e7d31a0b8b3d,2026-06-24T20:45:00Z,2026-06-24T22:45:00+0200,53800.0,MW,FR,FR,forecast_load,Forecasted Load,2026-07-19T10:02:06Z
2026-07-19T10:00:07Z,2026-07-19T12:00:07+0200,0122f339-e99c-4669-a7fd-e7d31a0b8b3d,2026-06-24T21:00:00Z,2026-06-24T23:00:00+0200,54100.0,MW,FR,FR,forecast_load,Forecasted Load,2026-07-19T10:02:06Z
2026-07-19T10:00:07Z,2026-07-19T12:00:07+0200,0122f339-e99c-4669-a7fd-e7d31a0b8b3d,2026-06-24T21:15:00Z,2026-06-24T23:15:00+0200,53000.0,MW,FR,FR,forecast_load,Forecasted Load,2026-07-19T10:02:06Z
2026-07-19T10:00:07Z,2026-07-19T12:00:07+0200,0122f339-e99c-4669-a7fd-e7d31a0b8b3d,2026-06-24T21:30:00Z,2026-06-24T23:30:00+0200,51900.0,MW,FR,FR,forecast_load,Forecasted Load,2026-07-19T10:02:06Z
2026-07-19T10:00:07Z,2026-07-19T12:00:07+0200,0122f339-e99c-4669-a7fd-e7d31a0b8b3d,2026-06-24T21:45:00Z,2026-06-24T23:45:00+0200,51150.0,MW,FR,FR,forecast_load,Forecasted Load,2026-07-19T10:02:06Z
2026-07-19T10:00:07Z,2026-07-19T12:00:07+0200,0122f339-e99c-4669-a7fd-e7d31a0b8b3d,2026-06-24T22:00:00Z,2026-06-25T00:00:00+0200,51900.0,MW,FR,FR,forecast_load,Forecasted Load,2026-07-19T10:02:06Z
2026-07-19T10:00:07Z,2026-07-19T12:00:07+0200,0122f339-e99c-4669-a7fd-e7d31a0b8b3d,2026-06-24T22:15:00Z,2026-06-25T00:15:00+0200,50750.0,MW,FR,FR,forecast_load,Forecasted Load,2026-07-19T10:02:06Z
2026-07-19T10:00:07Z,2026-07-19T12:00:07+0200,0122f339-e99c-4669-a7fd-e7d31a0b8b3d,2026-06-24T22:30:00Z,2026-06-25T00:30:00+0200,49600.0,MW,FR,FR,forecast_load,Forecasted Load,2026-07-19T10:02:06Z
2026-07-19T10:00:07Z,2026-07-19T12:00:07+0200,0122f339-e99c-4669-a7fd-e7d31a0b8b3d,2026-06-24T22:45:00Z,2026-06-25T00:45:00+0200,48400.0,MW,FR,FR,forecast_load,Forecasted Load,2026-07-19T10:02:06Z
2026-07-19T10:00:07Z,2026-07-19T12:00:07+0200,0122f339-e99c-4669-a7fd-e7d31a0b8b3d,2026-06-24T23:00:00Z,2026-06-25T01:00:00+0200,47200.0,MW,FR,FR,forecast_load,Forecasted Load,2026-07-19T10:02:06Z
2026-07-19T10:00:07Z,2026-07-19T12:00:07+0200,0122f339-e99c-4669-a7fd-e7d31a0b8b3d,2026-06-24T23:15:00Z,2026-06-25T01:15:00+0200,47050.0,MW,FR,FR,forecast_load,Forecasted Load,2026-07-19T10:02:06Z
2026-07-19T10:00:07Z,2026-07-19T12:00:07+0200,0122f339-e99c-4669-a7fd-e7d31a0b8b3d,2026-06-24T23:30:00Z,2026-06-25T01:30:00+0200,46900.0,MW,FR,FR,forecast_load,Forecasted Load,2026-07-19T10:02:06Z
2026-07-19T10:00:07Z,2026-07-19T12:00:07+0200,0122f339-e99c-4669-a7fd-e7d31a0b8b3d,2026-06-24T23:45:00Z,2026-06-25T01:45:00+0200,46200.0,MW,FR,FR,forecast_load,Forecasted Load,2026-07-19T10:02:06Z
2026-07-19T10:00:07Z,2026-07-19T12:00:07+0200,0122f339-e99c-4669-a7fd-e7d31a0b8b3d,2026-06-25T00:00:00Z,2026-06-25T02:00:00+0200,45500.0,MW,FR,FR,forecast_load,Forecasted Load,2026-07-19T10:02:06Z
2026-07-19T10:00:07Z,2026-07-19T12:00:07+0200,0122f339-e99c-4669-a7fd-e7d31a0b8b3d,2026-06-25T00:15:00Z,2026-06-25T02:15:00+0200,44700.0,MW,FR,FR,forecast_load,Forecasted Load,2026-07-19T10:02:06Z
2026-07-19T10:00:07Z,2026-07-19T12:00:07+0200,0122f339-e99c-4669-a7fd-e7d31a0b8b3d,2026-06-25T00:30:00Z,2026-06-25T02:30:00+0200,43900.0,MW,FR,FR,forecast_load,Forecasted Load,2026-07-19T10:02:06Z
2026-07-19T10:00:07Z,2026-07-19T12:00:07+0200,0122f339-e99c-4669-a7fd-e7d31a0b8b3d,2026-06-25T00:45:00Z,2026-06-25T02:45:00+0200,43150.0,MW,FR,FR,forecast_load,Forecasted Load,2026-07-19T10:02:06Z
2026-07-19T10:00:07Z,2026-07-19T12:00:07+0200,0122f339-e99c-4669-a7fd-e7d31a0b8b3d,2026-06-25T01:00:00Z,2026-06-25T03:00:00+0200,42400.0,MW,FR,FR,forecast_load,Forecasted Load,2026-07-19T10:02:06Z
2026-07-19T10:00:07Z,2026-07-19T12:00:07+0200,0122f339-e99c-4669-a7fd-e7d31a0b8b3d,2026-06-25T01:15:00Z,2026-06-25T03:15:00+0200,41950.0,MW,FR,FR,forecast_load,Forecasted Load,2026-07-19T10:02:06Z
2026-07-19T10:00:07Z,2026-07-19T12:00:07+0200,0122f339-e99c-4669-a7fd-e7d31a0b8b3d,2026-06-25T01:30:00Z,2026-06-25T03:30:00+0200,41500.0,MW,FR,FR,forecast_load,Forecasted Load,2026-07-19T10:02:06Z
2026-07-19T10:00:07Z,2026-07-19T12:00:07+0200,0122f339-e99c-4669-a7fd-e7d31a0b8b3d,2026-06-25T01:45:00Z,2026-06-25T03:45:00+0200,41300.0,MW,FR,FR,forecast_load,Forecasted Load,2026-07-19T10:02:06Z
2026-07-19T10:00:07Z,2026-07-19T12:00:07+0200,0122f339-e99c-4669-a7fd-e7d31a0b8b3d,2026-06-25T02:00:00Z,2026-06-25T04:00:00+0200,41100.0,MW,FR,FR,forecast_load,Forecasted Load,2026-07-19T10:02:06Z
2026-07-19T10:00:07Z,2026-07-19T12:00:07+0200,0122f339-e99c-4669-a7fd-e7d31a0b8b3d,2026-06-25T02:15:00Z,2026-06-25T04:15:00+0200,40950.0,MW,FR,FR,forecast_load,Forecasted Load,2026-07-19T10:02:06Z
2026-07-19T10:00:07Z,2026-07-19T12:00:07+0200,0122f339-e99c-4669-a7fd-e7d31a0b8b3d,2026-06-25T02:30:00Z,2026-06-25T04:30:00+0200,40800.0,MW,FR,FR,forecast_load,Forecasted Load,2026-07-19T10:02:06Z
2026-07-19T10:00:07Z,2026-07-19T12:00:07+0200,0122f339-e99c-4669-a7fd-e7d31a0b8b3d,2026-06-25T02:45:00Z,2026-06-25T04:45:00+0200,41050.0,MW,FR,FR,forecast_load,Forecasted Load,2026-07-19T10:02:06Z
2026-07-19T10:00:07Z,2026-07-19T12:00:07+0200,0122f339-e99c-4669-a7fd-e7d31a0b8b3d,2026-06-25T03:00:00Z,2026-06-25T05:00:00+0200,41300.0,MW,FR,FR,forecast_load,Forecasted Load,2026-07-19T10:02:06Z
2026-07-19T10:00:07Z,2026-07-19T12:00:07+0200,0122f339-e99c-4669-a7fd-e7d31a0b8b3d,2026-06-25T03:15:00Z,2026-06-25T05:15:00+0200,41700.0,MW,FR,FR,forecast_load,Forecasted Load,2026-07-19T10:02:06Z
2026-07-19T10:00:07Z,2026-07-19T12:00:07+0200,0122f339-e99c-4669-a7fd-e7d31a0b8b3d,2026-06-25T03:30:00Z,2026-06-25T05:30:00+0200,42100.0,MW,FR,FR,forecast_load,Forecasted Load,2026-07-19T10:02:06Z
2026-07-19T10:00:07Z,2026-07-19T12:00:07+0200,0122f339-e99c-4669-a7fd-e7d31a0b8b3d,2026-06-25T03:45:00Z,2026-06-25T05:45:00+0200,42700.0,MW,FR,FR,forecast_load,Forecasted Load,2026-07-19T10:02:06Z
2026-07-19T10:00:07Z,2026-07-19T12:00:07+0200,0122f339-e99c-4669-a7fd-e7d31a0b8b3d,2026-06-25T04:00:00Z,2026-06-25T06:00:00+0200,43300.0,MW,FR,FR,forecast_load,Forecasted Load,2026-07-19T10:02:06Z
2026-07-19T10:00:07Z,2026-07-19T12:00:07+0200,0122f339-e99c-4669-a7fd-e7d31a0b8b3d,2026-06-25T04:15:00Z,2026-06-25T06:15:00+0200,44100.0,MW,FR,FR,forecast_load,Forecasted Load,2026-07-19T10:02:06Z
2026-07-19T10:00:07Z,2026-07-19T12:00:07+0200,0122f339-e99c-4669-a7fd-e7d31a0b8b3d,2026-06-25T04:30:00Z,2026-06-25T06:30:00+0200,44900.0,MW,FR,FR,forecast_load,Forecasted Load,2026-07-19T10:02:06Z
2026-07-19T10:00:07Z,2026-07-19T12:00:07+0200,0122f339-e99c-4669-a7fd-e7d31a0b8b3d,2026-06-25T04:45:00Z,2026-06-25T06:45:00+0200,45750.0,MW,FR,FR,forecast_load,Forecasted Load,2026-07-19T10:02:06Z
2026-07-19T10:00:07Z,2026-07-19T12:00:07+0200,0122f339-e99c-4669-a7fd-e7d31a0b8b3d,2026-06-25T05:00:00Z,2026-06-25T07:00:00+0200,46600.0,MW,FR,FR,forecast_load,Forecasted Load,2026-07-19T10:02:06Z
2026-07-19T10:00:07Z,2026-07-19T12:00:07+0200,0122f339-e99c-4669-a7fd-e7d31a0b8b3d,2026-06-25T05:15:00Z,2026-06-25T07:15:00+0200,47450.0,MW,FR,FR,forecast_load,Forecasted Load,2026-07-19T10:02:06Z
2026-07-19T10:00:07Z,2026-07-19T12:00:07+0200,0122f339-e99c-4669-a7fd-e7d31a0b8b3d,2026-06-25T05:30:00Z,2026-06-25T07:30:00+0200,48300.0,MW,FR,FR,forecast_load,Forecasted Load,2026-07-19T10:02:06Z
2026-07-19T10:00:07Z,2026-07-19T12:00:07+0200,0122f339-e99c-4669-a7fd-e7d31a0b8b3d,2026-06-25T05:45:00Z,2026-06-25T07:45:00+0200,49050.0,MW,FR,FR,forecast_load,Forecasted Load,2026-07-19T10:02:06Z
2026-07-19T10:00:07Z,2026-07-19T12:00:07+0200,0122f339-e99c-4669-a7fd-e7d31a0b8b3d,2026-06-25T06:00:00Z,2026-06-25T08:00:00+0200,49800.0,MW,FR,FR,forecast_load,Forecasted Load,2026-07-19T10:02:06Z
2026-07-19T10:00:07Z,2026-07-19T12:00:07+0200,0122f339-e99c-4669-a7fd-e7d31a0b8b3d,2026-06-25T06:15:00Z,2026-06-25T08:15:00+0200,50850.0,MW,FR,FR,forecast_load,Forecasted Load,2026-07-19T10:02:06Z
2026-07-19T10:00:07Z,2026-07-19T12:00:07+0200,0122f339-e99c-4669-a7fd-e7d31a0b8b3d,2026-06-25T06:30:00Z,2026-06-25T08:30:00+0200,51900.0,MW,FR,FR,forecast_load,Forecasted Load,2026-07-19T10:02:06Z
2026-07-19T10:00:07Z,2026-07-19T12:00:07+0200,0122f339-e99c-4669-a7fd-e7d31a0b8b3d,2026-06-25T06:45:00Z,2026-06-25T08:45:00+0200,52600.0,MW,FR,FR,forecast_load,Forecasted Load,2026-07-19T10:02:06Z
2026-07-19T10:00:07Z,2026-07-19T12:00:07+0200,0122f339-e99c-4669-a7fd-e7d31a0b8b3d,2026-06-25T07:00:00Z,2026-06-25T09:00:00+0200,53300.0,MW,FR,FR,forecast_load,Forecasted Load,2026-07-19T10:02:06Z
2026-07-19T10:00:07Z,2026-07-19T12:00:07+0200,0122f339-e99c-4669-a7fd-e7d31a0b8b3d,2026-06-25T07:15:00Z,2026-06-25T09:15:00+0200,53950.0,MW,FR,FR,forecast_load,Forecasted Load,2026-07-19T10:02:06Z
2026-07-19T10:00:07Z,2026-07-19T12:00:07+0200,0122f339-e99c-4669-a7fd-e7d31a0b8b3d,2026-06-25T07:30:00Z,2026-06-25T09:30:00+0200,54600.0,MW,FR,FR,forecast_load,Forecasted Load,2026-07-19T10:02:06Z
2026-07-19T10:00:07Z,2026-07-19T12:00:07+0200,0122f339-e99c-4669-a7fd-e7d31a0b8b3d,2026-06-25T07:45:00Z,2026-06-25T09:45:00+0200,54800.0,MW,FR,FR,forecast_load,Forecasted Load,2026-07-19T10:02:06Z
2026-07-19T10:00:07Z,2026-07-19T12:00:07+0200,0122f339-e99c-4669-a7fd-e7d31a0b8b3d,2026-06-25T08:00:00Z,2026-06-25T10:00:00+0200,55000.0,MW,FR,FR,forecast_load,Forecasted Load,2026-07-19T10:02:06Z
2026-07-19T10:00:07Z,2026-07-19T12:00:07+0200,0122f339-e99c-4669-a7fd-e7d31a0b8b3d,2026-06-25T08:15:00Z,2026-06-25T10:15:00+0200,55300.0,MW,FR,FR,forecast_load,Forecasted Load,2026-07-19T10:02:06Z
2026-07-19T10:00:07Z,2026-07-19T12:00:07+0200,0122f339-e99c-4669-a7fd-e7d31a0b8b3d,2026-06-25T08:30:00Z,2026-06-25T10:30:00+0200,55600.0,MW,FR,FR,forecast_load,Forecasted Load,2026-07-19T10:02:06Z
2026-07-19T10:00:07Z,2026-07-19T12:00:07+0200,0122f339-e99c-4669-a7fd-e7d31a0b8b3d,2026-06-25T08:45:00Z,2026-06-25T10:45:00+0200,56000.0,MW,FR,FR,forecast_load,Forecasted Load,2026-07-19T10:02:06Z
2026-07-19T10:00:07Z,2026-07-19T12:00:07+0200,0122f339-e99c-4669-a7fd-e7d31a0b8b3d,2026-06-25T09:00:00Z,2026-06-25T11:00:00+0200,56400.0,MW,FR,FR,forecast_load,Forecasted Load,2026-07-19T10:02:06Z
2026-07-19T10:00:07Z,2026-07-19T12:00:07+0200,0122f339-e99c-4669-a7fd-e7d31a0b8b3d,2026-06-25T09:15:00Z,2026-06-25T11:15:00+0200,56700.0,MW,FR,FR,forecast_load,Forecasted Load,2026-07-19T10:02:06Z
2026-07-19T10:00:07Z,2026-07-19T12:00:07+0200,0122f339-e99c-4669-a7fd-e7d31a0b8b3d,2026-06-25T09:30:00Z,2026-06-25T11:30:00+0200,57000.0,MW,FR,FR,forecast_load,Forecasted Load,2026-07-19T10:02:06Z
2026-07-19T10:00:07Z,2026-07-19T12:00:07+0200,0122f339-e99c-4669-a7fd-e7d31a0b8b3d,2026-06-25T09:45:00Z,2026-06-25T11:45:00+0200,57400.0,MW,FR,FR,forecast_load,Forecasted Load,2026-07-19T10:02:06Z
2026-07-19T10:00:07Z,2026-07-19T12:00:07+0200,0122f339-e99c-4669-a7fd-e7d31a0b8b3d,2026-06-25T10:00:00Z,2026-06-25T12:00:00+0200,57800.0,MW,FR,FR,forecast_load,Forecasted Load,2026-07-19T10:02:06Z
2026-07-19T10:00:07Z,2026-07-19T12:00:07+0200,0122f339-e99c-4669-a7fd-e7d31a0b8b3d,2026-06-25T10:15:00Z,2026-06-25T12:15:00+0200,57650.0,MW,FR,FR,forecast_load,Forecasted Load,2026-07-19T10:02:06Z
2026-07-19T10:00:07Z,2026-07-19T12:00:07+0200,0122f339-e99c-4669-a7fd-e7d31a0b8b3d,2026-06-25T10:30:00Z,2026-06-25T12:30:00+0200,57500.0,MW,FR,FR,forecast_load,Forecasted Load,2026-07-19T10:02:06Z
2026-07-19T10:00:07Z,2026-07-19T12:00:07+0200,0122f339-e99c-4669-a7fd-e7d31a0b8b3d,2026-06-25T10:45:00Z,2026-06-25T12:45:00+0200,57800.0,MW,FR,FR,forecast_load,Forecasted Load,2026-07-19T10:02:06Z
2026-07-19T10:00:07Z,2026-07-19T12:00:07+0200,0122f339-e99c-4669-a7fd-e7d31a0b8b3d,2026-06-25T11:00:00Z,2026-06-25T13:00:00+0200,58100.0,MW,FR,FR,forecast_load,Forecasted Load,2026-07-19T10:02:06Z
2026-07-19T10:00:07Z,2026-07-19T12:00:07+0200,0122f339-e99c-4669-a7fd-e7d31a0b8b3d,2026-06-25T11:15:00Z,2026-06-25T13:15:00+0200,57550.0,MW,FR,FR,forecast_load,Forecasted Load,2026-07-19T10:02:06Z
2026-07-19T10:00:07Z,2026-07-19T12:00:07+0200,0122f339-e99c-4669-a7fd-e7d31a0b8b3d,2026-06-25T11:30:00Z,2026-06-25T13:30:00+0200,57000.0,MW,FR,FR,forecast_load,Forecasted Load,2026-07-19T10:02:06Z
2026-07-19T10:00:07Z,2026-07-19T12:00:07+0200,0122f339-e99c-4669-a7fd-e7d31a0b8b3d,2026-06-25T11:45:00Z,2026-06-25T13:45:00+0200,57750.0,MW,FR,FR,forecast_load,Forecasted Load,2026-07-19T10:02:06Z
2026-07-19T10:00:07Z,2026-07-19T12:00:07+0200,0122f339-e99c-4669-a7fd-e7d31a0b8b3d,2026-06-25T12:00:00Z,2026-06-25T14:00:00+0200,58500.0,MW,FR,FR,forecast_load,Forecasted Load,2026-07-19T10:02:06Z
2026-07-19T10:00:07Z,2026-07-19T12:00:07+0200,0122f339-e99c-4669-a7fd-e7d31a0b8b3d,2026-06-25T12:15:00Z,2026-06-25T14:15:00+0200,58350.0,MW,FR,FR,forecast_load,Forecasted Load,2026-07-19T10:02:06Z
2026-07-19T10:00:07Z,2026-07-19T12:00:07+0200,0122f339-e99c-4669-a7fd-e7d31a0b8b3d,2026-06-25T12:30:00Z,2026-06-25T14:30:00+0200,58200.0,MW,FR,FR,forecast_load,Forecasted Load,2026-07-19T10:02:06Z
2026-07-19T10:00:07Z,2026-07-19T12:00:07+0200,0122f339-e99c-4669-a7fd-e7d31a0b8b3d,2026-06-25T12:45:00Z,2026-06-25T14:45:00+0200,58000.0,MW,FR,FR,forecast_load,Forecasted Load,2026-07-19T10:02:06Z
2026-07-19T10:00:07Z,2026-07-19T12:00:07+0200,0122f339-e99c-4669-a7fd-e7d31a0b8b3d,2026-06-25T13:00:00Z,2026-06-25T15:00:00+0200,57800.0,MW,FR,FR,forecast_load,Forecasted Load,2026-07-19T10:02:06Z
2026-07-19T10:00:07Z,2026-07-19T12:00:07+0200,0122f339-e99c-4669-a7fd-e7d31a0b8b3d,2026-06-25T13:15:00Z,2026-06-25T15:15:00+0200,57600.0,MW,FR,FR,forecast_load,Forecasted Load,2026-07-19T10:02:06Z
2026-07-19T10:00:07Z,2026-07-19T12:00:07+0200,0122f339-e99c-4669-a7fd-e7d31a0b8b3d,2026-06-25T13:30:00Z,2026-06-25T15:30:00+0200,57400.0,MW,FR,FR,forecast_load,Forecasted Load,2026-07-19T10:02:06Z
2026-07-19T10:00:07Z,2026-07-19T12:00:07+0200,0122f339-e99c-4669-a7fd-e7d31a0b8b3d,2026-06-25T13:45:00Z,2026-06-25T15:45:00+0200,57250.0,MW,FR,FR,forecast_load,Forecasted Load,2026-07-19T10:02:06Z
2026-07-19T10:00:07Z,2026-07-19T12:00:07+0200,0122f339-e99c-4669-a7fd-e7d31a0b8b3d,2026-06-25T14:00:00Z,2026-06-25T16:00:00+0200,57100.0,MW,FR,FR,forecast_load,Forecasted Load,2026-07-19T10:02:06Z
2026-07-19T10:00:07Z,2026-07-19T12:00:07+0200,0122f339-e99c-4669-a7fd-e7d31a0b8b3d,2026-06-25T14:15:00Z,2026-06-25T16:15:00+0200,56900.0,MW,FR,FR,forecast_load,Forecasted Load,2026-07-19T10:02:06Z
2026-07-19T10:00:07Z,2026-07-19T12:00:07+0200,0122f339-e99c-4669-a7fd-e7d31a0b8b3d,2026-06-25T14:30:00Z,2026-06-25T16:30:00+0200,56700.0,MW,FR,FR,forecast_load,Forecasted Load,2026-07-19T10:02:06Z
2026-07-19T10:00:07Z,2026-07-19T12:00:07+0200,0122f339-e99c-4669-a7fd-e7d31a0b8b3d,2026-06-25T14:45:00Z,2026-06-25T16:45:00+0200,56800.0,MW,FR,FR,forecast_load,Forecasted Load,2026-07-19T10:02:06Z
2026-07-19T10:00:07Z,2026-07-19T12:00:07+0200,0122f339-e99c-4669-a7fd-e7d31a0b8b3d,2026-06-25T15:00:00Z,2026-06-25T17:00:00+0200,56900.0,MW,FR,FR,forecast_load,Forecasted Load,2026-07-19T10:02:06Z
2026-07-19T10:00:07Z,2026-07-19T12:00:07+0200,0122f339-e99c-4669-a7fd-e7d31a0b8b3d,2026-06-25T15:15:00Z,2026-06-25T17:15:00+0200,57000.0,MW,FR,FR,forecast_load,Forecasted Load,2026-07-19T10:02:06Z
2026-07-19T10:00:07Z,2026-07-19T12:00:07+0200,0122f339-e99c-4669-a7fd-e7d31a0b8b3d,2026-06-25T15:30:00Z,2026-06-25T17:30:00+0200,57100.0,MW,FR,FR,forecast_load,Forecasted Load,2026-07-19T10:02:06Z
2026-07-19T10:00:07Z,2026-07-19T12:00:07+0200,0122f339-e99c-4669-a7fd-e7d31a0b8b3d,2026-06-25T15:45:00Z,2026-06-25T17:45:00+0200,57300.0,MW,FR,FR,forecast_load,Forecasted Load,2026-07-19T10:02:06Z
2026-07-19T10:00:07Z,2026-07-19T12:00:07+0200,0122f339-e99c-4669-a7fd-e7d31a0b8b3d,2026-06-25T16:00:00Z,2026-06-25T18:00:00+0200,57500.0,MW,FR,FR,forecast_load,Forecasted Load,2026-07-19T10:02:06Z
2026-07-19T10:00:07Z,2026-07-19T12:00:07+0200,0122f339-e99c-4669-a7fd-e7d31a0b8b3d,2026-06-25T16:15:00Z,2026-06-25T18:15:00+0200,57700.0,MW,FR,FR,forecast_load,Forecasted Load,2026-07-19T10:02:06Z
2026-07-19T10:00:07Z,2026-07-19T12:00:07+0200,0122f339-e99c-4669-a7fd-e7d31a0b8b3d,2026-06-25T16:30:00Z,2026-06-25T18:30:00+0200,57900.0,MW,FR,FR,forecast_load,Forecasted Load,2026-07-19T10:02:06Z
2026-07-19T10:00:07Z,2026-07-19T12:00:07+0200,0122f339-e99c-4669-a7fd-e7d31a0b8b3d,2026-06-25T16:45:00Z,2026-06-25T18:45:00+0200,58050.0,MW,FR,FR,forecast_load,Forecasted Load,2026-07-19T10:02:06Z
2026-07-19T10:00:07Z,2026-07-19T12:00:07+0200,0122f339-e99c-4669-a7fd-e7d31a0b8b3d,2026-06-25T17:00:00Z,2026-06-25T19:00:00+0200,58200.0,MW,FR,FR,forecast_load,Forecasted Load,2026-07-19T10:02:06Z
2026-07-19T10:00:07Z,2026-07-19T12:00:07+0200,0122f339-e99c-4669-a7fd-e7d31a0b8b3d,2026-06-25T17:15:00Z,2026-06-25T19:15:00+0200,57850.0,MW,FR,FR,forecast_load,Forecasted Load,2026-07-19T10:02:06Z
2026-07-19T10:00:07Z,2026-07-19T12:00:07+0200,0122f339-e99c-4669-a7fd-e7d31a0b8b3d,2026-06-25T17:30:00Z,2026-06-25T19:30:00+0200,57500.0,MW,FR,FR,forecast_load,Forecasted Load,2026-07-19T10:02:06Z
2026-07-19T10:00:07Z,2026-07-19T12:00:07+0200,0122f339-e99c-4669-a7fd-e7d31a0b8b3d,2026-06-25T17:45:00Z,2026-06-25T19:45:00+0200,57150.0,MW,FR,FR,forecast_load,Forecasted Load,2026-07-19T10:02:06Z
2026-07-19T10:00:07Z,2026-07-19T12:00:07+0200,0122f339-e99c-4669-a7fd-e7d31a0b8b3d,2026-06-25T18:00:00Z,2026-06-25T20:00:00+0200,56800.0,MW,FR,FR,forecast_load,Forecasted Load,2026-07-19T10:02:06Z
2026-07-19T10:00:07Z,2026-07-19T12:00:07+0200,0122f339-e99c-4669-a7fd-e7d31a0b8b3d,2026-06-25T18:15:00Z,2026-06-25T20:15:00+0200,56250.0,MW,FR,FR,forecast_load,Forecasted Load,2026-07-19T10:02:06Z
2026-07-19T10:00:07Z,2026-07-19T12:00:07+0200,0122f339-e99c-4669-a7fd-e7d31a0b8b3d,2026-06-25T18:30:00Z,2026-06-25T20:30:00+0200,55700.0,MW,FR,FR,forecast_load,Forecasted Load,2026-07-19T10:02:06Z
2026-07-19T10:00:07Z,2026-07-19T12:00:07+0200,0122f339-e99c-4669-a7fd-e7d31a0b8b3d,2026-06-25T18:45:00Z,2026-06-25T20:45:00+0200,55150.0,MW,FR,FR,forecast_load,Forecasted Load,2026-07-19T10:02:06Z
2026-07-19T10:00:07Z,2026-07-19T12:00:07+0200,0122f339-e99c-4669-a7fd-e7d31a0b8b3d,2026-06-25T19:00:00Z,2026-06-25T21:00:00+0200,54600.0,MW,FR,FR,forecast_load,Forecasted Load,2026-07-19T10:02:06Z
2026-07-19T10:00:07Z,2026-07-19T12:00:07+0200,0122f339-e99c-4669-a7fd-e7d31a0b8b3d,2026-06-25T19:15:00Z,2026-06-25T21:15:00+0200,54100.0,MW,FR,FR,forecast_load,Forecasted Load,2026-07-19T10:02:06Z
2026-07-19T10:00:07Z,2026-07-19T12:00:07+0200,0122f339-e99c-4669-a7fd-e7d31a0b8b3d,2026-06-25T19:30:00Z,2026-06-25T21:30:00+0200,53600.0,MW,FR,FR,forecast_load,Forecasted Load,2026-07-19T10:02:06Z
2026-07-19T10:00:07Z,2026-07-19T12:00:07+0200,0122f339-e99c-4669-a7fd-e7d31a0b8b3d,2026-06-25T19:45:00Z,2026-06-25T21:45:00+0200,53300.0,MW,FR,FR,forecast_load,Forecasted Load,2026-07-19T10:02:06Z
2026-07-19T10:00:07Z,2026-07-19T12:00:07+0200,0122f339-e99c-4669-a7fd-e7d31a0b8b3d,2026-06-25T20:00:00Z,2026-06-25T22:00:00+0200,53000.0,MW,FR,FR,forecast_load,Forecasted Load,2026-07-19T10:02:06Z
2026-07-19T10:00:07Z,2026-07-19T12:00:07+0200,0122f339-e99c-4669-a7fd-e7d31a0b8b3d,2026-06-25T20:15:00Z,2026-06-25T22:15:00+0200,53900.0,MW,FR,FR,forecast_load,Forecasted Load,2026-07-19T10:02:06Z
2026-07-19T10:00:07Z,2026-07-19T12:00:07+0200,0122f339-e99c-4669-a7fd-e7d31a0b8b3d,2026-06-25T20:30:00Z,2026-06-25T22:30:00+0200,54800.0,MW,FR,FR,forecast_load,Forecasted Load,2026-07-19T10:02:06Z
2026-07-19T10:00:07Z,2026-07-19T12:00:07+0200,0122f339-e99c-4669-a7fd-e7d31a0b8b3d,2026-06-25T20:45:00Z,2026-06-25T22:45:00+0200,55300.0,MW,FR,FR,forecast_load,Forecasted Load,2026-07-19T10:02:06Z
2026-07-19T10:00:07Z,2026-07-19T12:00:07+0200,0122f339-e99c-4669-a7fd-e7d31a0b8b3d,2026-06-25T21:00:00Z,2026-06-25T23:00:00+0200,55800.0,MW,FR,FR,forecast_load,Forecasted Load,2026-07-19T10:02:06Z
2026-07-19T10:00:07Z,2026-07-19T12:00:07+0200,0122f339-e99c-4669-a7fd-e7d31a0b8b3d,2026-06-25T21:15:00Z,2026-06-25T23:15:00+0200,54700.0,MW,FR,FR,forecast_load,Forecasted Load,2026-07-19T10:02:06Z
2026-07-19T10:00:07Z,2026-07-19T12:00:07+0200,0122f339-e99c-4669-a7fd-e7d31a0b8b3d,2026-06-25T21:30:00Z,2026-06-25T23:30:00+0200,53600.0,MW,FR,FR,forecast_load,Forecasted Load,2026-07-19T10:02:06Z
2026-07-19T10:00:07Z,2026-07-19T12:00:07+0200,0122f339-e99c-4669-a7fd-e7d31a0b8b3d,2026-06-25T21:45:00Z,2026-06-25T23:45:00+0200,52650.0,MW,FR,FR,forecast_load,Forecasted Load,2026-07-19T10:02:06Z
2026-07-19T10:00:07Z,2026-07-19T12:00:07+0200,0122f339-e99c-4669-a7fd-e7d31a0b8b3d,2026-06-25T22:00:00Z,2026-06-26T00:00:00+0200,51500.0,MW,FR,FR,forecast_load,Forecasted Load,2026-07-19T10:02:06Z
2026-07-19T10:00:07Z,2026-07-19T12:00:07+0200,0122f339-e99c-4669-a7fd-e7d31a0b8b3d,2026-06-25T22:15:00Z,2026-06-26T00:15:00+0200,50500.0,MW,FR,FR,forecast_load,Forecasted Load,2026-07-19T10:02:06Z
2026-07-19T10:00:07Z,2026-07-19T12:00:07+0200,0122f339-e99c-4669-a7fd-e7d31a0b8b3d,2026-06-25T22:30:00Z,2026-06-26T00:30:00+0200,49500.0,MW,FR,FR,forecast_load,Forecasted Load,2026-07-19T10:02:06Z
2026-07-19T10:00:07Z,2026-07-19T12:00:07+0200,0122f339-e99c-4669-a7fd-e7d31a0b8b3d,2026-06-25T22:45:00Z,2026-06-26T00:45:00+0200,48550.0,MW,FR,FR,forecast_load,Forecasted Load,2026-07-19T10:02:06Z
2026-07-19T10:00:07Z,2026-07-19T12:00:07+0200,0122f339-e99c-4669-a7fd-e7d31a0b8b3d,2026-06-25T23:00:00Z,2026-06-26T01:00:00+0200,47600.0,MW,FR,FR,forecast_load,Forecasted Load,2026-07-19T10:02:06Z
2026-07-19T10:00:07Z,2026-07-19T12:00:07+0200,0122f339-e99c-4669-a7fd-e7d31a0b8b3d,2026-06-25T23:15:00Z,2026-06-26T01:15:00+0200,47400.0,MW,FR,FR,forecast_load,Forecasted Load,2026-07-19T10:02:06Z
2026-07-19T10:00:07Z,2026-07-19T12:00:07+0200,0122f339-e99c-4669-a7fd-e7d31a0b8b3d,2026-06-25T23:30:00Z,2026-06-26T01:30:00+0200,47200.0,MW,FR,FR,forecast_load,Forecasted Load,2026-07-19T10:02:06Z
2026-07-19T10:00:07Z,2026-07-19T12:00:07+0200,0122f339-e99c-4669-a7fd-e7d31a0b8b3d,2026-06-25T23:45:00Z,2026-06-26T01:45:00+0200,46650.0,MW,FR,FR,forecast_load,Forecasted Load,2026-07-19T10:02:06Z
2026-07-19T10:00:07Z,2026-07-19T12:00:07+0200,0122f339-e99c-4669-a7fd-e7d31a0b8b3d,2026-06-26T00:00:00Z,2026-06-26T02:00:00+0200,46100.0,MW,FR,FR,forecast_load,Forecasted Load,2026-07-19T10:02:06Z
2026-07-19T10:00:07Z,2026-07-19T12:00:07+0200,0122f339-e99c-4669-a7fd-e7d31a0b8b3d,2026-06-26T00:15:00Z,2026-06-26T02:15:00+0200,45250.0,MW,FR,FR,forecast_load,Forecasted Load,2026-07-19T10:02:06Z
2026-07-19T10:00:07Z,2026-07-19T12:00:07+0200,0122f339-e99c-4669-a7fd-e7d31a0b8b3d,2026-06-26T00:30:00Z,2026-06-26T02:30:00+0200,44400.0,MW,FR,FR,forecast_load,Forecasted Load,2026-07-19T10:02:06Z
2026-07-19T10:00:07Z,2026-07-19T12:00:07+0200,0122f339-e99c-4669-a7fd-e7d31a0b8b3d,2026-06-26T00:45:00Z,2026-06-26T02:45:00+0200,43750.0,MW,FR,FR,forecast_load,Forecasted Load,2026-07-19T10:02:06Z
2026-07-19T10:00:07Z,2026-07-19T12:00:07+0200,0122f339-e99c-4669-a7fd-e7d31a0b8b3d,2026-06-26T01:00:00Z,2026-06-26T03:00:00+0200,43100.0,MW,FR,FR,forecast_load,Forecasted Load,2026-07-19T10:02:06Z
2026-07-19T10:00:07Z,2026-07-19T12:00:07+0200,0122f339-e99c-4669-a7fd-e7d31a0b8b3d,2026-06-26T01:15:00Z,2026-06-26T03:15:00+0200,42650.0,MW,FR,FR,forecast_load,Forecasted Load,2026-07-19T10:02:06Z
2026-07-19T10:00:07Z,2026-07-19T12:00:07+0200,0122f339-e99c-4669-a7fd-e7d31a0b8b3d,2026-06-26T01:30:00Z,2026-06-26T03:30:00+0200,42200.0,MW,FR,FR,forecast_load,Forecasted Load,2026-07-19T10:02:06Z
2026-07-19T10:00:07Z,2026-07-19T12:00:07+0200,0122f339-e99c-4669-a7fd-e7d31a0b8b3d,2026-06-26T01:45:00Z,2026-06-26T03:45:00+0200,42000.0,MW,FR,FR,forecast_load,Forecasted Load,2026-07-19T10:02:06Z
2026-07-19T10:00:07Z,2026-07-19T12:00:07+0200,0122f339-e99c-4669-a7fd-e7d31a0b8b3d,2026-06-26T02:00:00Z,2026-06-26T04:00:00+0200,41800.0,MW,FR,FR,forecast_load,Forecasted Load,2026-07-19T10:02:06Z
2026-07-19T10:00:07Z,2026-07-19T12:00:07+0200,0122f339-e99c-4669-a7fd-e7d31a0b8b3d,2026-06-26T02:15:00Z,2026-06-26T04:15:00+0200,41650.0,MW,FR,FR,forecast_load,Forecasted Load,2026-07-19T10:02:06Z
2026-07-19T10:00:07Z,2026-07-19T12:00:07+0200,0122f339-e99c-4669-a7fd-e7d31a0b8b3d,2026-06-26T02:30:00Z,2026-06-26T04:30:00+0200,41500.0,MW,FR,FR,forecast_load,Forecasted Load,2026-07-19T10:02:06Z
2026-07-19T10:00:07Z,2026-07-19T12:00:07+0200,0122f339-e99c-4669-a7fd-e7d31a0b8b3d,2026-06-26T02:45:00Z,2026-06-26T04:45:00+0200,41700.0,MW,FR,FR,forecast_load,Forecasted Load,2026-07-19T10:02:06Z
2026-07-19T10:00:07Z,2026-07-19T12:00:07+0200,0122f339-e99c-4669-a7fd-e7d31a0b8b3d,2026-06-26T03:00:00Z,2026-06-26T05:00:00+0200,41900.0,MW,FR,FR,forecast_load,Forecasted Load,2026-07-19T10:02:06Z
2026-07-19T10:00:07Z,2026-07-19T12:00:07+0200,0122f339-e99c-4669-a7fd-e7d31a0b8b3d,2026-06-26T03:15:00Z,2026-06-26T05:15:00+0200,42350.0,MW,FR,FR,forecast_load,Forecasted Load,2026-07-19T10:02:06Z
2026-07-19T10:00:07Z,2026-07-19T12:00:07+0200,0122f339-e99c-4669-a7fd-e7d31a0b8b3d,2026-06-26T03:30:00Z,2026-06-26T05:30:00+0200,42800.0,MW,FR,FR,forecast_load,Forecasted Load,2026-07-19T10:02:06Z
2026-07-19T10:00:07Z,2026-07-19T12:00:07+0200,0122f339-e99c-4669-a7fd-e7d31a0b8b3d,2026-06-26T03:45:00Z,2026-06-26T05:45:00+0200,43300.0,MW,FR,FR,forecast_load,Forecasted Load,2026-07-19T10:02:06Z
2026-07-19T10:00:07Z,2026-07-19T12:00:07+0200,0122f339-e99c-4669-a7fd-e7d31a0b8b3d,2026-06-26T04:00:00Z,2026-06-26T06:00:00+0200,43800.0,MW,FR,FR,forecast_load,Forecasted Load,2026-07-19T10:02:06Z
2026-07-19T10:00:07Z,2026-07-19T12:00:07+0200,0122f339-e99c-4669-a7fd-e7d31a0b8b3d,2026-06-26T04:15:00Z,2026-06-26T06:15:00+0200,44700.0,MW,FR,FR,forecast_load,Forecasted Load,2026-07-19T10:02:06Z
2026-07-19T10:00:07Z,2026-07-19T12:00:07+0200,0122f339-e99c-4669-a7fd-e7d31a0b8b3d,2026-06-26T04:30:00Z,2026-06-26T06:30:00+0200,45600.0,MW,FR,FR,forecast_load,Forecasted Load,2026-07-19T10:02:06Z
2026-07-19T10:00:07Z,2026-07-19T12:00:07+0200,0122f339-e99c-4669-a7fd-e7d31a0b8b3d,2026-06-26T04:45:00Z,2026-06-26T06:45:00+0200,46650.0,MW,FR,FR,forecast_load,Forecasted Load,2026-07-19T10:02:06Z
2026-07-19T10:00:07Z,2026-07-19T12:00:07+0200,0122f339-e99c-4669-a7fd-e7d31a0b8b3d,2026-06-26T05:00:00Z,2026-06-26T07:00:00+0200,47700.0,MW,FR,FR,forecast_load,Forecasted Load,2026-07-19T10:02:06Z
2026-07-19T10:00:07Z,2026-07-19T12:00:07+0200,0122f339-e99c-4669-a7fd-e7d31a0b8b3d,2026-06-26T05:15:00Z,2026-06-26T07:15:00+0200,48550.0,MW,FR,FR,forecast_load,Forecasted Load,2026-07-19T10:02:06Z
2026-07-19T10:00:07Z,2026-07-19T12:00:07+0200,0122f339-e99c-4669-a7fd-e7d31a0b8b3d,2026-06-26T05:30:00Z,2026-06-26T07:30:00+0200,49400.0,MW,FR,FR,forecast_load,Forecasted Load,2026-07-19T10:02:06Z
2026-07-19T10:00:07Z,2026-07-19T12:00:07+0200,0122f339-e99c-4669-a7fd-e7d31a0b8b3d,2026-06-26T05:45:00Z,2026-06-26T07:45:00+0200,50050.0,MW,FR,FR,forecast_load,Forecasted Load,2026-07-19T10:02:06Z
2026-07-19T10:00:07Z,2026-07-19T12:00:07+0200,0122f339-e99c-4669-a7fd-e7d31a0b8b3d,2026-06-26T06:00:00Z,2026-06-26T08:00:00+0200,50700.0,MW,FR,FR,forecast_load,Forecasted Load,2026-07-19T10:02:06Z
2026-07-19T10:00:07Z,2026-07-19T12:00:07+0200,0122f339-e99c-4669-a7fd-e7d31a0b8b3d,2026-06-26T06:15:00Z,2026-06-26T08:15:00+0200,51250.0,MW,FR,FR,forecast_load,Forecasted Load,2026-07-19T10:02:06Z
2026-07-19T10:00:07Z,2026-07-19T12:00:07+0200,0122f339-e99c-4669-a7fd-e7d31a0b8b3d,2026-06-26T06:30:00Z,2026-06-26T08:30:00+0200,51800.0,MW,FR,FR,forecast_load,Forecasted Load,2026-07-19T10:02:06Z
2026-07-19T10:00:07Z,2026-07-19T12:00:07+0200,0122f339-e99c-4669-a7fd-e7d31a0b8b3d,2026-06-26T06:45:00Z,2026-06-26T08:45:00+0200,52350.0,MW,FR,FR,forecast_load,Forecasted Load,2026-07-19T10:02:06Z
2026-07-19T10:00:07Z,2026-07-19T12:00:07+0200,0122f339-e99c-4669-a7fd-e7d31a0b8b3d,2026-06-26T07:00:00Z,2026-06-26T09:00:00+0200,52900.0,MW,FR,FR,forecast_load,Forecasted Load,2026-07-19T10:02:06Z
2026-07-19T10:00:07Z,2026-07-19T12:00:07+0200,0122f339-e99c-4669-a7fd-e7d31a0b8b3d,2026-06-26T07:15:00Z,2026-06-26T09:15:00+0200,53400.0,MW,FR,FR,forecast_load,Forecasted Load,2026-07-19T10:02:06Z
2026-07-19T10:00:07Z,2026-07-19T12:00:07+0200,0122f339-e99c-4669-a7fd-e7d31a0b8b3d,2026-06-26T07:30:00Z,2026-06-26T09:30:00+0200,53900.0,MW,FR,FR,forecast_load,Forecasted Load,2026-07-19T10:02:06Z
2026-07-19T10:00:07Z,2026-07-19T12:00:07+0200,0122f339-e99c-4669-a7fd-e7d31a0b8b3d,2026-06-26T07:45:00Z,2026-06-26T09:45:00+0200,54350.0,MW,FR,FR,forecast_load,Forecasted Load,2026-07-19T10:02:06Z
2026-07-19T10:00:07Z,2026-07-19T12:00:07+0200,0122f339-e99c-4669-a7fd-e7d31a0b8b3d,2026-06-26T08:00:00Z,2026-06-26T10:00:00+0200,54800.0,MW,FR,FR,forecast_load,Forecasted Load,2026-07-19T10:02:06Z
2026-07-19T10:00:07Z,2026-07-19T12:00:07+0200,0122f339-e99c-4669-a7fd-e7d31a0b8b3d,2026-06-26T08:15:00Z,2026-06-26T10:15:00+0200,55150.0,MW,FR,FR,forecast_load,Forecasted Load,2026-07-19T10:02:06Z
2026-07-19T10:00:07Z,2026-07-19T12:00:07+0200,0122f339-e99c-4669-a7fd-e7d31a0b8b3d,2026-06-26T08:30:00Z,2026-06-26T10:30:00+0200,55500.0,MW,FR,FR,forecast_load,Forecasted Load,2026-07-19T10:02:06Z
2026-07-19T10:00:07Z,2026-07-19T12:00:07+0200,0122f339-e99c-4669-a7fd-e7d31a0b8b3d,2026-06-26T08:45:00Z,2026-06-26T10:45:00+0200,55550.0,MW,FR,FR,forecast_load,Forecasted Load,2026-07-19T10:02:06Z
2026-07-19T10:00:07Z,2026-07-19T12:00:07+0200,0122f339-e99c-4669-a7fd-e7d31a0b8b3d,2026-06-26T09:00:00Z,2026-06-26T11:00:00+0200,55600.0,MW,FR,FR,forecast_load,Forecasted Load,2026-07-19T10:02:06Z
2026-07-19T10:00:07Z,2026-07-19T12:00:07+0200,0122f339-e99c-4669-a7fd-e7d31a0b8b3d,2026-06-26T09:15:00Z,2026-06-26T11:15:00+0200,55850.0,MW,FR,FR,forecast_load,Forecasted Load,2026-07-19T10:02:06Z
2026-07-19T10:00:07Z,2026-07-19T12:00:07+0200,0122f339-e99c-4669-a7fd-e7d31a0b8b3d,2026-06-26T09:30:00Z,2026-06-26T11:30:00+0200,56100.0,MW,FR,FR,forecast_load,Forecasted Load,2026-07-19T10:02:06Z
2026-07-19T10:00:07Z,2026-07-19T12:00:07+0200,0122f339-e99c-4669-a7fd-e7d31a0b8b3d,2026-06-26T09:45:00Z,2026-06-26T11:45:00+0200,56550.0,MW,FR,FR,forecast_load,Forecasted Load,2026-07-19T10:02:06Z
2026-07-19T10:00:07Z,2026-07-19T12:00:07+0200,0122f339-e99c-4669-a7fd-e7d31a0b8b3d,2026-06-26T10:00:00Z,2026-06-26T12:00:00+0200,57000.0,MW,FR,FR,forecast_load,Forecasted Load,2026-07-19T10:02:06Z
2026-07-19T10:00:07Z,2026-07-19T12:00:07+0200,0122f339-e99c-4669-a7fd-e7d31a0b8b3d,2026-06-26T10:15:00Z,2026-06-26T12:15:00+0200,56700.0,MW,FR,FR,forecast_load,Forecasted Load,2026-07-19T10:02:06Z
2026-07-19T10:00:07Z,2026-07-19T12:00:07+0200,0122f339-e99c-4669-a7fd-e7d31a0b8b3d,2026-06-26T10:30:00Z,2026-06-26T12:30:00+0200,56400.0,MW,FR,FR,forecast_load,Forecasted Load,2026-07-19T10:02:06Z
2026-07-19T10:00:07Z,2026-07-19T12:00:07+0200,0122f339-e99c-4669-a7fd-e7d31a0b8b3d,2026-06-26T10:45:00Z,2026-06-26T12:45:00+0200,56950.0,MW,FR,FR,forecast_load,Forecasted Load,2026-07-19T10:02:06Z
2026-07-19T10:00:07Z,2026-07-19T12:00:07+0200,0122f339-e99c-4669-a7fd-e7d31a0b8b3d,2026-06-26T11:00:00Z,2026-06-26T13:00:00+0200,57500.0,MW,FR,FR,forecast_load,Forecasted Load,2026-07-19T10:02:06Z
2026-07-19T10:00:07Z,2026-07-19T12:00:07+0200,0122f339-e99c-4669-a7fd-e7d31a0b8b3d,2026-06-26T11:15:00Z,2026-06-26T13:15:00+0200,56850.0,MW,FR,FR,forecast_load,Forecasted Load,2026-07-19T10:02:06Z
2026-07-19T10:00:07Z,2026-07-19T12:00:07+0200,0122f339-e99c-4669-a7fd-e7d31a0b8b3d,2026-06-26T11:30:00Z,2026-06-26T13:30:00+0200,56200.0,MW,FR,FR,forecast_load,Forecasted Load,2026-07-19T10:02:06Z
2026-07-19T10:00:07Z,2026-07-19T12:00:07+0200,0122f339-e99c-4669-a7fd-e7d31a0b8b3d,2026-06-26T11:45:00Z,2026-06-26T13:45:00+0200,56850.0,MW,FR,FR,forecast_load,Forecasted Load,2026-07-19T10:02:06Z
2026-07-19T10:00:07Z,2026-07-19T12:00:07+0200,0122f339-e99c-4669-a7fd-e7d31a0b8b3d,2026-06-26T12:00:00Z,2026-06-26T14:00:00+0200,57500.0,MW,FR,FR,forecast_load,Forecasted Load,2026-07-19T10:02:06Z
2026-07-19T10:00:07Z,2026-07-19T12:00:07+0200,0122f339-e99c-4669-a7fd-e7d31a0b8b3d,2026-06-26T12:15:00Z,2026-06-26T14:15:00+0200,57450.0,MW,FR,FR,forecast_load,Forecasted Load,2026-07-19T10:02:06Z
2026-07-19T10:00:07Z,2026-07-19T12:00:07+0200,0122f339-e99c-4669-a7fd-e7d31a0b8b3d,2026-06-26T12:30:00Z,2026-06-26T14:30:00+0200,57400.0,MW,FR,FR,forecast_load,Forecasted Load,2026-07-19T10:02:06Z
2026-07-19T10:00:07Z,2026-07-19T12:00:07+0200,0122f339-e99c-4669-a7fd-e7d31a0b8b3d,2026-06-26T12:45:00Z,2026-06-26T14:45:00+0200,57050.0,MW,FR,FR,forecast_load,Forecasted Load,2026-07-19T10:02:06Z
2026-07-19T10:00:07Z,2026-07-19T12:00:07+0200,0122f339-e99c-4669-a7fd-e7d31a0b8b3d,2026-06-26T13:00:00Z,2026-06-26T15:00:00+0200,56700.0,MW,FR,FR,forecast_load,Forecasted Load,2026-07-19T10:02:06Z
2026-07-19T10:00:07Z,2026-07-19T12:00:07+0200,0122f339-e99c-4669-a7fd-e7d31a0b8b3d,2026-06-26T13:15:00Z,2026-06-26T15:15:00+0200,56200.0,MW,FR,FR,forecast_load,Forecasted Load,2026-07-19T10:02:06Z
2026-07-19T10:00:07Z,2026-07-19T12:00:07+0200,0122f339-e99c-4669-a7fd-e7d31a0b8b3d,2026-06-26T13:30:00Z,2026-06-26T15:30:00+0200,55700.0,MW,FR,FR,forecast_load,Forecasted Load,2026-07-19T10:02:06Z
2026-07-19T10:00:07Z,2026-07-19T12:00:07+0200,0122f339-e99c-4669-a7fd-e7d31a0b8b3d,2026-06-26T13:45:00Z,2026-06-26T15:45:00+0200,55450.0,MW,FR,FR,forecast_load,Forecasted Load,2026-07-19T10:02:06Z
2026-07-19T10:00:07Z,2026-07-19T12:00:07+0200,0122f339-e99c-4669-a7fd-e7d31a0b8b3d,2026-06-26T14:00:00Z,2026-06-26T16:00:00+0200,55200.0,MW,FR,FR,forecast_load,Forecasted Load,2026-07-19T10:02:06Z
2026-07-19T10:00:07Z,2026-07-19T12:00:07+0200,0122f339-e99c-4669-a7fd-e7d31a0b8b3d,2026-06-26T14:15:00Z,2026-06-26T16:15:00+0200,54850.0,MW,FR,FR,forecast_load,Forecasted Load,2026-07-19T10:02:06Z
2026-07-19T10:00:07Z,2026-07-19T12:00:07+0200,0122f339-e99c-4669-a7fd-e7d31a0b8b3d,2026-06-26T14:30:00Z,2026-06-26T16:30:00+0200,54500.0,MW,FR,FR,forecast_load,Forecasted Load,2026-07-19T10:02:06Z
2026-07-19T10:00:07Z,2026-07-19T12:00:07+0200,0122f339-e99c-4669-a7fd-e7d31a0b8b3d,2026-06-26T14:45:00Z,2026-06-26T16:45:00+0200,54400.0,MW,FR,FR,forecast_load,Forecasted Load,2026-07-19T10:02:06Z
2026-07-19T10:00:07Z,2026-07-19T12:00:07+0200,0122f339-e99c-4669-a7fd-e7d31a0b8b3d,2026-06-26T15:00:00Z,2026-06-26T17:00:00+0200,54300.0,MW,FR,FR,forecast_load,Forecasted Load,2026-07-19T10:02:06Z
2026-07-19T10:00:07Z,2026-07-19T12:00:07+0200,0122f339-e99c-4669-a7fd-e7d31a0b8b3d,2026-06-26T15:15:00Z,2026-06-26T17:15:00+0200,54600.0,MW,FR,FR,forecast_load,Forecasted Load,2026-07-19T10:02:06Z
2026-07-19T10:00:07Z,2026-07-19T12:00:07+0200,0122f339-e99c-4669-a7fd-e7d31a0b8b3d,2026-06-26T15:30:00Z,2026-06-26T17:30:00+0200,54900.0,MW,FR,FR,forecast_load,Forecasted Load,2026-07-19T10:02:06Z
2026-07-19T10:00:07Z,2026-07-19T12:00:07+0200,0122f339-e99c-4669-a7fd-e7d31a0b8b3d,2026-06-26T15:45:00Z,2026-06-26T17:45:00+0200,55000.0,MW,FR,FR,forecast_load,Forecasted Load,2026-07-19T10:02:06Z
2026-07-19T10:00:07Z,2026-07-19T12:00:07+0200,0122f339-e99c-4669-a7fd-e7d31a0b8b3d,2026-06-26T16:00:00Z,2026-06-26T18:00:00+0200,55100.0,MW,FR,FR,forecast_load,Forecasted Load,2026-07-19T10:02:06Z
2026-07-19T10:00:07Z,2026-07-19T12:00:07+0200,0122f339-e99c-4669-a7fd-e7d31a0b8b3d,2026-06-26T16:15:00Z,2026-06-26T18:15:00+0200,55200.0,MW,FR,FR,forecast_load,Forecasted Load,2026-07-19T10:02:06Z
2026-07-19T10:00:07Z,2026-07-19T12:00:07+0200,0122f339-e99c-4669-a7fd-e7d31a0b8b3d,2026-06-26T16:30:00Z,2026-06-26T18:30:00+0200,55300.0,MW,FR,FR,forecast_load,Forecasted Load,2026-07-19T10:02:06Z
2026-07-19T10:00:07Z,2026-07-19T12:00:07+0200,0122f339-e99c-4669-a7fd-e7d31a0b8b3d,2026-06-26T16:45:00Z,2026-06-26T18:45:00+0200,55650.0,MW,FR,FR,forecast_load,Forecasted Load,2026-07-19T10:02:06Z
2026-07-19T10:00:07Z,2026-07-19T12:00:07+0200,0122f339-e99c-4669-a7fd-e7d31a0b8b3d,2026-06-26T17:00:00Z,2026-06-26T19:00:00+0200,56000.0,MW,FR,FR,forecast_load,Forecasted Load,2026-07-19T10:02:06Z
2026-07-19T10:00:07Z,2026-07-19T12:00:07+0200,0122f339-e99c-4669-a7fd-e7d31a0b8b3d,2026-06-26T17:15:00Z,2026-06-26T19:15:00+0200,55600.0,MW,FR,FR,forecast_load,Forecasted Load,2026-07-19T10:02:06Z
2026-07-19T10:00:07Z,2026-07-19T12:00:07+0200,0122f339-e99c-4669-a7fd-e7d31a0b8b3d,2026-06-26T17:30:00Z,2026-06-26T19:30:00+0200,55200.0,MW,FR,FR,forecast_load,Forecasted Load,2026-07-19T10:02:06Z
2026-07-19T10:00:07Z,2026-07-19T12:00:07+0200,0122f339-e99c-4669-a7fd-e7d31a0b8b3d,2026-06-26T17:45:00Z,2026-06-26T19:45:00+0200,54850.0,MW,FR,FR,forecast_load,Forecasted Load,2026-07-19T10:02:06Z
2026-07-19T10:00:07Z,2026-07-19T12:00:07+0200,0122f339-e99c-4669-a7fd-e7d31a0b8b3d,2026-06-26T18:00:00Z,2026-06-26T20:00:00+0200,54500.0,MW,FR,FR,forecast_load,Forecasted Load,2026-07-19T10:02:06Z
2026-07-19T10:00:07Z,2026-07-19T12:00:07+0200,0122f339-e99c-4669-a7fd-e7d31a0b8b3d,2026-06-26T18:15:00Z,2026-06-26T20:15:00+0200,53750.0,MW,FR,FR,forecast_load,Forecasted Load,2026-07-19T10:02:06Z
2026-07-19T10:00:07Z,2026-07-19T12:00:07+0200,0122f339-e99c-4669-a7fd-e7d31a0b8b3d,2026-06-26T18:30:00Z,2026-06-26T20:30:00+0200,53000.0,MW,FR,FR,forecast_load,Forecasted Load,2026-07-19T10:02:06Z
2026-07-19T10:00:07Z,2026-07-19T12:00:07+0200,0122f339-e99c-4669-a7fd-e7d31a0b8b3d,2026-06-26T18:45:00Z,2026-06-26T20:45:00+0200,52550.0,MW,FR,FR,forecast_load,Forecasted Load,2026-07-19T10:02:06Z
2026-07-19T10:00:07Z,2026-07-19T12:00:07+0200,0122f339-e99c-4669-a7fd-e7d31a0b8b3d,2026-06-26T19:00:00Z,2026-06-26T21:00:00+0200,52100.0,MW,FR,FR,forecast_load,Forecasted Load,2026-07-19T10:02:06Z
2026-07-19T10:00:07Z,2026-07-19T12:00:07+0200,0122f339-e99c-4669-a7fd-e7d31a0b8b3d,2026-06-26T19:15:00Z,2026-06-26T21:15:00+0200,52050.0,MW,FR,FR,forecast_load,Forecasted Load,2026-07-19T10:02:06Z
2026-07-19T10:00:07Z,2026-07-19T12:00:07+0200,0122f339-e99c-4669-a7fd-e7d31a0b8b3d,2026-06-26T19:30:00Z,2026-06-26T21:30:00+0200,52000.0,MW,FR,FR,forecast_load,Forecasted Load,2026-07-19T10:02:06Z
2026-07-19T10:00:07Z,2026-07-19T12:00:07+0200,0122f339-e99c-4669-a7fd-e7d31a0b8b3d,2026-06-26T19:45:00Z,2026-06-26T21:45:00+0200,51400.0,MW,FR,FR,forecast_load,Forecasted Load,2026-07-19T10:02:06Z
2026-07-19T10:00:07Z,2026-07-19T12:00:07+0200,0122f339-e99c-4669-a7fd-e7d31a0b8b3d,2026-06-26T20:00:00Z,2026-06-26T22:00:00+0200,50800.0,MW,FR,FR,forecast_load,Forecasted Load,2026-07-19T10:02:06Z
2026-07-19T10:00:07Z,2026-07-19T12:00:07+0200,0122f339-e99c-4669-a7fd-e7d31a0b8b3d,2026-06-26T20:15:00Z,2026-06-26T22:15:00+0200,51700.0,MW,FR,FR,forecast_load,Forecasted Load,2026-07-19T10:02:06Z
2026-07-19T10:00:07Z,2026-07-19T12:00:07+0200,0122f339-e99c-4669-a7fd-e7d31a0b8b3d,2026-06-26T20:30:00Z,2026-06-26T22:30:00+0200,52600.0,MW,FR,FR,forecast_load,Forecasted Load,2026-07-19T10:02:06Z
2026-07-19T10:00:07Z,2026-07-19T12:00:07+0200,0122f339-e99c-4669-a7fd-e7d31a0b8b3d,2026-06-26T20:45:00Z,2026-06-26T22:45:00+0200,53300.0,MW,FR,FR,forecast_load,Forecasted Load,2026-07-19T10:02:06Z
2026-07-19T10:00:07Z,2026-07-19T12:00:07+0200,0122f339-e99c-4669-a7fd-e7d31a0b8b3d,2026-06-26T21:00:00Z,2026-06-26T23:00:00+0200,54000.0,MW,FR,FR,forecast_load,Forecasted Load,2026-07-19T10:02:06Z
2026-07-19T10:00:07Z,2026-07-19T12:00:07+0200,0122f339-e99c-4669-a7fd-e7d31a0b8b3d,2026-06-26T21:15:00Z,2026-06-26T23:15:00+0200,53250.0,MW,FR,FR,forecast_load,Forecasted Load,2026-07-19T10:02:06Z
2026-07-19T10:00:07Z,2026-07-19T12:00:07+0200,0122f339-e99c-4669-a7fd-e7d31a0b8b3d,2026-06-26T21:30:00Z,2026-06-26T23:30:00+0200,52500.0,MW,FR,FR,forecast_load,Forecasted Load,2026-07-19T10:02:06Z
2026-07-19T10:00:07Z,2026-07-19T12:00:07+0200,0122f339-e99c-4669-a7fd-e7d31a0b8b3d,2026-06-26T21:45:00Z,2026-06-26T23:45:00+0200,51350.0,MW,FR,FR,forecast_load,Forecasted Load,2026-07-19T10:02:06Z
2026-07-19T10:00:07Z,2026-07-19T12:00:07+0200,0122f339-e99c-4669-a7fd-e7d31a0b8b3d,2026-06-26T22:00:00Z,2026-06-27T00:00:00+0200,50000.0,MW,FR,FR,forecast_load,Forecasted Load,2026-07-19T10:02:06Z
2026-07-19T10:00:07Z,2026-07-19T12:00:07+0200,0122f339-e99c-4669-a7fd-e7d31a0b8b3d,2026-06-26T22:15:00Z,2026-06-27T00:15:00+0200,49150.0,MW,FR,FR,forecast_load,Forecasted Load,2026-07-19T10:02:06Z
2026-07-19T10:00:07Z,2026-07-19T12:00:07+0200,0122f339-e99c-4669-a7fd-e7d31a0b8b3d,2026-06-26T22:30:00Z,2026-06-27T00:30:00+0200,48300.0,MW,FR,FR,forecast_load,Forecasted Load,2026-07-19T10:02:06Z
2026-07-19T10:00:07Z,2026-07-19T12:00:07+0200,0122f339-e99c-4669-a7fd-e7d31a0b8b3d,2026-06-26T22:45:00Z,2026-06-27T00:45:00+0200,47500.0,MW,FR,FR,forecast_load,Forecasted Load,2026-07-19T10:02:06Z
2026-07-19T10:00:07Z,2026-07-19T12:00:07+0200,0122f339-e99c-4669-a7fd-e7d31a0b8b3d,2026-06-26T23:00:00Z,2026-06-27T01:00:00+0200,46700.0,MW,FR,FR,forecast_load,Forecasted Load,2026-07-19T10:02:06Z
2026-07-19T10:00:07Z,2026-07-19T12:00:07+0200,0122f339-e99c-4669-a7fd-e7d31a0b8b3d,2026-06-26T23:15:00Z,2026-06-27T01:15:00+0200,46300.0,MW,FR,FR,forecast_load,Forecasted Load,2026-07-19T10:02:06Z
2026-07-19T10:00:07Z,2026-07-19T12:00:07+0200,0122f339-e99c-4669-a7fd-e7d31a0b8b3d,2026-06-26T23:30:00Z,2026-06-27T01:30:00+0200,45900.0,MW,FR,FR,forecast_load,Forecasted Load,2026-07-19T10:02:06Z
2026-07-19T10:00:07Z,2026-07-19T12:00:07+0200,0122f339-e99c-4669-a7fd-e7d31a0b8b3d,2026-06-26T23:45:00Z,2026-06-27T01:45:00+0200,45450.0,MW,FR,FR,forecast_load,Forecasted Load,2026-07-19T10:02:06Z
2026-07-19T10:00:07Z,2026-07-19T12:00:07+0200,0122f339-e99c-4669-a7fd-e7d31a0b8b3d,2026-06-27T00:00:00Z,2026-06-27T02:00:00+0200,45000.0,MW,FR,FR,forecast_load,Forecasted Load,2026-07-19T10:02:06Z
2026-07-19T10:00:07Z,2026-07-19T12:00:07+0200,0122f339-e99c-4669-a7fd-e7d31a0b8b3d,2026-06-27T00:15:00Z,2026-06-27T02:15:00+0200,43850.0,MW,FR,FR,forecast_load,Forecasted Load,2026-07-19T10:02:06Z
2026-07-19T10:00:07Z,2026-07-19T12:00:07+0200,0122f339-e99c-4669-a7fd-e7d31a0b8b3d,2026-06-27T00:30:00Z,2026-06-27T02:30:00+0200,42700.0,MW,FR,FR,forecast_load,Forecasted Load,2026-07-19T10:02:06Z
2026-07-19T10:00:07Z,2026-07-19T12:00:07+0200,0122f339-e99c-4669-a7fd-e7d31a0b8b3d,2026-06-27T00:45:00Z,2026-06-27T02:45:00+0200,41950.0,MW,FR,FR,forecast_load,Forecasted Load,2026-07-19T10:02:06Z
2026-07-19T10:00:07Z,2026-07-19T12:00:07+0200,0122f339-e99c-4669-a7fd-e7d31a0b8b3d,2026-06-27T01:00:00Z,2026-06-27T03:00:00+0200,41200.0,MW,FR,FR,forecast_load,Forecasted Load,2026-07-19T10:02:06Z
2026-07-19T10:00:07Z,2026-07-19T12:00:07+0200,0122f339-e99c-4669-a7fd-e7d31a0b8b3d,2026-06-27T01:15:00Z,2026-06-27T03:15:00+0200,40650.0,MW,FR,FR,forecast_load,Forecasted Load,2026-07-19T10:02:06Z
2026-07-19T10:00:07Z,2026-07-19T12:00:07+0200,0122f339-e99c-4669-a7fd-e7d31a0b8b3d,2026-06-27T01:30:00Z,2026-06-27T03:30:00+0200,40100.0,MW,FR,FR,forecast_load,Forecasted Load,2026-07-19T10:02:06Z
2026-07-19T10:00:07Z,2026-07-19T12:00:07+0200,0122f339-e99c-4669-a7fd-e7d31a0b8b3d,2026-06-27T01:45:00Z,2026-06-27T03:45:00+0200,39650.0,MW,FR,FR,forecast_load,Forecasted Load,2026-07-19T10:02:06Z
2026-07-19T10:00:07Z,2026-07-19T12:00:07+0200,0122f339-e99c-4669-a7fd-e7d31a0b8b3d,2026-06-27T02:00:00Z,2026-06-27T04:00:00+0200,39200.0,MW,FR,FR,forecast_load,Forecasted Load,2026-07-19T10:02:06Z
2026-07-19T10:00:07Z,2026-07-19T12:00:07+0200,0122f339-e99c-4669-a7fd-e7d31a0b8b3d,2026-06-27T02:15:00Z,2026-06-27T04:15:00+0200,38950.0,MW,FR,FR,forecast_load,Forecasted Load,2026-07-19T10:02:06Z
2026-07-19T10:00:07Z,2026-07-19T12:00:07+0200,0122f339-e99c-4669-a7fd-e7d31a0b8b3d,2026-06-27T02:30:00Z,2026-06-27T04:30:00+0200,38700.0,MW,FR,FR,forecast_load,Forecasted Load,2026-07-19T10:02:06Z
2026-07-19T10:00:07Z,2026-07-19T12:00:07+0200,0122f339-e99c-4669-a7fd-e7d31a0b8b3d,2026-06-27T02:45:00Z,2026-06-27T04:45:00+0200,38800.0,MW,FR,FR,forecast_load,Forecasted Load,2026-07-19T10:02:06Z
2026-07-19T10:00:07Z,2026-07-19T12:00:07+0200,0122f339-e99c-4669-a7fd-e7d31a0b8b3d,2026-06-27T03:00:00Z,2026-06-27T05:00:00+0200,38900.0,MW,FR,FR,forecast_load,Forecasted Load,2026-07-19T10:02:06Z
2026-07-19T10:00:07Z,2026-07-19T12:00:07+0200,0122f339-e99c-4669-a7fd-e7d31a0b8b3d,2026-06-27T03:15:00Z,2026-06-27T05:15:00+0200,38900.0,MW,FR,FR,forecast_load,Forecasted Load,2026-07-19T10:02:06Z
2026-07-19T10:00:07Z,2026-07-19T12:00:07+0200,0122f339-e99c-4669-a7fd-e7d31a0b8b3d,2026-06-27T03:30:00Z,2026-06-27T05:30:00+0200,38900.0,MW,FR,FR,forecast_load,Forecasted Load,2026-07-19T10:02:06Z
2026-07-19T10:00:07Z,2026-07-19T12:00:07+0200,0122f339-e99c-4669-a7fd-e7d31a0b8b3d,2026-06-27T03:45:00Z,2026-06-27T05:45:00+0200,38950.0,MW,FR,FR,forecast_load,Forecasted Load,2026-07-19T10:02:06Z
2026-07-19T10:00:07Z,2026-07-19T12:00:07+0200,0122f339-e99c-4669-a7fd-e7d31a0b8b3d,2026-06-27T04:00:00Z,2026-06-27T06:00:00+0200,39000.0,MW,FR,FR,forecast_load,Forecasted Load,2026-07-19T10:02:06Z
2026-07-19T10:00:07Z,2026-07-19T12:00:07+0200,0122f339-e99c-4669-a7fd-e7d31a0b8b3d,2026-06-27T04:15:00Z,2026-06-27T06:15:00+0200,39250.0,MW,FR,FR,forecast_load,Forecasted Load,2026-07-19T10:02:06Z
2026-07-19T10:00:07Z,2026-07-19T12:00:07+0200,0122f339-e99c-4669-a7fd-e7d31a0b8b3d,2026-06-27T04:30:00Z,2026-06-27T06:30:00+0200,39500.0,MW,FR,FR,forecast_load,Forecasted Load,2026-07-19T10:02:06Z
2026-07-19T10:00:07Z,2026-07-19T12:00:07+0200,0122f339-e99c-4669-a7fd-e7d31a0b8b3d,2026-06-27T04:45:00Z,2026-06-27T06:45:00+0200,39700.0,MW,FR,FR,forecast_load,Forecasted Load,2026-07-19T10:02:06Z
2026-07-19T10:00:07Z,2026-07-19T12:00:07+0200,0122f339-e99c-4669-a7fd-e7d31a0b8b3d,2026-06-27T05:00:00Z,2026-06-27T07:00:00+0200,39900.0,MW,FR,FR,forecast_load,Forecasted Load,2026-07-19T10:02:06Z
2026-07-19T10:00:07Z,2026-07-19T12:00:07+0200,0122f339-e99c-4669-a7fd-e7d31a0b8b3d,2026-06-27T05:15:00Z,2026-06-27T07:15:00+0200,40300.0,MW,FR,FR,forecast_load,Forecasted Load,2026-07-19T10:02:06Z
2026-07-19T10:00:07Z,2026-07-19T12:00:07+0200,0122f339-e99c-4669-a7fd-e7d31a0b8b3d,2026-06-27T05:30:00Z,2026-06-27T07:30:00+0200,40700.0,MW,FR,FR,forecast_load,Forecasted Load,2026-07-19T10:02:06Z
2026-07-19T10:00:07Z,2026-07-19T12:00:07+0200,0122f339-e99c-4669-a7fd-e7d31a0b8b3d,2026-06-27T05:45:00Z,2026-06-27T07:45:00+0200,41100.0,MW,FR,FR,forecast_load,Forecasted Load,2026-07-19T10:02:06Z
2026-07-19T10:00:07Z,2026-07-19T12:00:07+0200,0122f339-e99c-4669-a7fd-e7d31a0b8b3d,2026-06-27T06:00:00Z,2026-06-27T08:00:00+0200,41500.0,MW,FR,FR,forecast_load,Forecasted Load,2026-07-19T10:02:06Z
2026-07-19T10:00:07Z,2026-07-19T12:00:07+0200,0122f339-e99c-4669-a7fd-e7d31a0b8b3d,2026-06-27T06:15:00Z,2026-06-27T08:15:00+0200,42000.0,MW,FR,FR,forecast_load,Forecasted Load,2026-07-19T10:02:06Z
2026-07-19T10:00:07Z,2026-07-19T12:00:07+0200,0122f339-e99c-4669-a7fd-e7d31a0b8b3d,2026-06-27T06:30:00Z,2026-06-27T08:30:00+0200,42500.0,MW,FR,FR,forecast_load,Forecasted Load,2026-07-19T10:02:06Z
2026-07-19T10:00:07Z,2026-07-19T12:00:07+0200,0122f339-e99c-4669-a7fd-e7d31a0b8b3d,2026-06-27T06:45:00Z,2026-06-27T08:45:00+0200,43350.0,MW,FR,FR,forecast_load,Forecasted Load,2026-07-19T10:02:06Z
2026-07-19T10:00:07Z,2026-07-19T12:00:07+0200,0122f339-e99c-4669-a7fd-e7d31a0b8b3d,2026-06-27T07:00:00Z,2026-06-27T09:00:00+0200,44200.0,MW,FR,FR,forecast_load,Forecasted Load,2026-07-19T10:02:06Z
2026-07-19T10:00:07Z,2026-07-19T12:00:07+0200,0122f339-e99c-4669-a7fd-e7d31a0b8b3d,2026-06-27T07:15:00Z,2026-06-27T09:15:00+0200,44550.0,MW,FR,FR,forecast_load,Forecasted Load,2026-07-19T10:02:06Z
2026-07-19T10:00:07Z,2026-07-19T12:00:07+0200,0122f339-e99c-4669-a7fd-e7d31a0b8b3d,2026-06-27T07:30:00Z,2026-06-27T09:30:00+0200,44900.0,MW,FR,FR,forecast_load,Forecasted Load,2026-07-19T10:02:06Z
2026-07-19T10:00:07Z,2026-07-19T12:00:07+0200,0122f339-e99c-4669-a7fd-e7d31a0b8b3d,2026-06-27T07:45:00Z,2026-06-27T09:45:00+0200,45700.0,MW,FR,FR,forecast_load,Forecasted Load,2026-07-19T10:02:06Z
2026-07-19T10:00:07Z,2026-07-19T12:00:07+0200,0122f339-e99c-4669-a7fd-e7d31a0b8b3d,2026-06-27T08:00:00Z,2026-06-27T10:00:00+0200,46500.0,MW,FR,FR,forecast_load,Forecasted Load,2026-07-19T10:02:06Z
2026-07-19T10:00:07Z,2026-07-19T12:00:07+0200,0122f339-e99c-4669-a7fd-e7d31a0b8b3d,2026-06-27T08:15:00Z,2026-06-27T10:15:00+0200,46650.0,MW,FR,FR,forecast_load,Forecasted Load,2026-07-19T10:02:06Z
2026-07-19T10:00:07Z,2026-07-19T12:00:07+0200,0122f339-e99c-4669-a7fd-e7d31a0b8b3d,2026-06-27T08:30:00Z,2026-06-27T10:30:00+0200,46800.0,MW,FR,FR,forecast_load,Forecasted Load,2026-07-19T10:02:06Z
2026-07-19T10:00:07Z,2026-07-19T12:00:07+0200,0122f339-e99c-4669-a7fd-e7d31a0b8b3d,2026-06-27T08:45:00Z,2026-06-27T10:45:00+0200,47250.0,MW,FR,FR,forecast_load,Forecasted Load,2026-07-19T10:02:06Z
2026-07-19T10:00:07Z,2026-07-19T12:00:07+0200,0122f339-e99c-4669-a7fd-e7d31a0b8b3d,2026-06-27T09:00:00Z,2026-06-27T11:00:00+0200,47700.0,MW,FR,FR,forecast_load,Forecasted Load,2026-07-19T10:02:06Z
2026-07-19T10:00:07Z,2026-07-19T12:00:07+0200,0122f339-e99c-4669-a7fd-e7d31a0b8b3d,2026-06-27T09:15:00Z,2026-06-27T11:15:00+0200,48100.0,MW,FR,FR,forecast_load,Forecasted Load,2026-07-19T10:02:06Z
2026-07-19T10:00:07Z,2026-07-19T12:00:07+0200,0122f339-e99c-4669-a7fd-e7d31a0b8b3d,2026-06-27T09:30:00Z,2026-06-27T11:30:00+0200,48500.0,MW,FR,FR,forecast_load,Forecasted Load,2026-07-19T10:02:06Z
2026-07-19T10:00:07Z,2026-07-19T12:00:07+0200,0122f339-e99c-4669-a7fd-e7d31a0b8b3d,2026-06-27T09:45:00Z,2026-06-27T11:45:00+0200,49250.0,MW,FR,FR,forecast_load,Forecasted Load,2026-07-19T10:02:06Z
2026-07-19T10:00:07Z,2026-07-19T12:00:07+0200,0122f339-e99c-4669-a7fd-e7d31a0b8b3d,2026-06-27T10:00:00Z,2026-06-27T12:00:00+0200,50000.0,MW,FR,FR,forecast_load,Forecasted Load,2026-07-19T10:02:06Z
2026-07-19T10:00:07Z,2026-07-19T12:00:07+0200,0122f339-e99c-4669-a7fd-e7d31a0b8b3d,2026-06-27T10:15:00Z,2026-06-27T12:15:00+0200,50500.0,MW,FR,FR,forecast_load,Forecasted Load,2026-07-19T10:02:06Z
2026-07-19T10:00:07Z,2026-07-19T12:00:07+0200,0122f339-e99c-4669-a7fd-e7d31a0b8b3d,2026-06-27T10:30:00Z,2026-06-27T12:30:00+0200,51000.0,MW,FR,FR,forecast_load,Forecasted Load,2026-07-19T10:02:06Z
2026-07-19T10:00:07Z,2026-07-19T12:00:07+0200,0122f339-e99c-4669-a7fd-e7d31a0b8b3d,2026-06-27T10:45:00Z,2026-06-27T12:45:00+0200,51200.0,MW,FR,FR,forecast_load,Forecasted Load,2026-07-19T10:02:06Z
2026-07-19T10:00:07Z,2026-07-19T12:00:07+0200,0122f339-e99c-4669-a7fd-e7d31a0b8b3d,2026-06-27T11:00:00Z,2026-06-27T13:00:00+0200,51400.0,MW,FR,FR,forecast_load,Forecasted Load,2026-07-19T10:02:06Z
2026-07-19T10:00:07Z,2026-07-19T12:00:07+0200,0122f339-e99c-4669-a7fd-e7d31a0b8b3d,2026-06-27T11:15:00Z,2026-06-27T13:15:00+0200,50600.0,MW,FR,FR,forecast_load,Forecasted Load,2026-07-19T10:02:06Z
2026-07-19T10:00:07Z,2026-07-19T12:00:07+0200,0122f339-e99c-4669-a7fd-e7d31a0b8b3d,2026-06-27T11:30:00Z,2026-06-27T13:30:00+0200,49800.0,MW,FR,FR,forecast_load,Forecasted Load,2026-07-19T10:02:06Z
2026-07-19T10:00:07Z,2026-07-19T12:00:07+0200,0122f339-e99c-4669-a7fd-e7d31a0b8b3d,2026-06-27T11:45:00Z,2026-06-27T13:45:00+0200,49650.0,MW,FR,FR,forecast_load,Forecasted Load,2026-07-19T10:02:06Z
2026-07-19T10:00:07Z,2026-07-19T12:00:07+0200,0122f339-e99c-4669-a7fd-e7d31a0b8b3d,2026-06-27T12:00:00Z,2026-06-27T14:00:00+0200,49500.0,MW,FR,FR,forecast_load,Forecasted Load,2026-07-19T10:02:06Z
2026-07-19T10:00:07Z,2026-07-19T12:00:07+0200,0122f339-e99c-4669-a7fd-e7d31a0b8b3d,2026-06-27T12:15:00Z,2026-06-27T14:15:00+0200,50300.0,MW,FR,FR,forecast_load,Forecasted Load,2026-07-19T10:02:06Z
2026-07-19T10:00:07Z,2026-07-19T12:00:07+0200,0122f339-e99c-4669-a7fd-e7d31a0b8b3d,2026-06-27T12:30:00Z,2026-06-27T14:30:00+0200,51100.0,MW,FR,FR,forecast_load,Forecasted Load,2026-07-19T10:02:06Z
2026-07-19T10:00:07Z,2026-07-19T12:00:07+0200,0122f339-e99c-4669-a7fd-e7d31a0b8b3d,2026-06-27T12:45:00Z,2026-06-27T14:45:00+0200,50700.0,MW,FR,FR,forecast_load,Forecasted Load,2026-07-19T10:02:06Z
2026-07-19T10:00:07Z,2026-07-19T12:00:07+0200,0122f339-e99c-4669-a7fd-e7d31a0b8b3d,2026-06-27T13:00:00Z,2026-06-27T15:00:00+0200,50300.0,MW,FR,FR,forecast_load,Forecasted Load,2026-07-19T10:02:06Z
2026-07-19T10:00:07Z,2026-07-19T12:00:07+0200,0122f339-e99c-4669-a7fd-e7d31a0b8b3d,2026-06-27T13:15:00Z,2026-06-27T15:15:00+0200,49900.0,MW,FR,FR,forecast_load,Forecasted Load,2026-07-19T10:02:06Z
2026-07-19T10:00:07Z,2026-07-19T12:00:07+0200,0122f339-e99c-4669-a7fd-e7d31a0b8b3d,2026-06-27T13:30:00Z,2026-06-27T15:30:00+0200,49500.0,MW,FR,FR,forecast_load,Forecasted Load,2026-07-19T10:02:06Z
2026-07-19T10:00:07Z,2026-07-19T12:00:07+0200,0122f339-e99c-4669-a7fd-e7d31a0b8b3d,2026-06-27T13:45:00Z,2026-06-27T15:45:00+0200,49100.0,MW,FR,FR,forecast_load,Forecasted Load,2026-07-19T10:02:06Z
2026-07-19T10:00:07Z,2026-07-19T12:00:07+0200,0122f339-e99c-4669-a7fd-e7d31a0b8b3d,2026-06-27T14:00:00Z,2026-06-27T16:00:00+0200,48700.0,MW,FR,FR,forecast_load,Forecasted Load,2026-07-19T10:02:06Z
2026-07-19T10:00:07Z,2026-07-19T12:00:07+0200,0122f339-e99c-4669-a7fd-e7d31a0b8b3d,2026-06-27T14:15:00Z,2026-06-27T16:15:00+0200,48400.0,MW,FR,FR,forecast_load,Forecasted Load,2026-07-19T10:02:06Z
2026-07-19T10:00:07Z,2026-07-19T12:00:07+0200,0122f339-e99c-4669-a7fd-e7d31a0b8b3d,2026-06-27T14:30:00Z,2026-06-27T16:30:00+0200,48100.0,MW,FR,FR,forecast_load,Forecasted Load,2026-07-19T10:02:06Z
2026-07-19T10:00:07Z,2026-07-19T12:00:07+0200,0122f339-e99c-4669-a7fd-e7d31a0b8b3d,2026-06-27T14:45:00Z,2026-06-27T16:45:00+0200,47900.0,MW,FR,FR,forecast_load,Forecasted Load,2026-07-19T10:02:06Z
2026-07-19T10:00:07Z,2026-07-19T12:00:07+0200,0122f339-e99c-4669-a7fd-e7d31a0b8b3d,2026-06-27T15:00:00Z,2026-06-27T17:00:00+0200,47700.0,MW,FR,FR,forecast_load,Forecasted Load,2026-07-19T10:02:06Z
2026-07-19T10:00:07Z,2026-07-19T12:00:07+0200,0122f339-e99c-4669-a7fd-e7d31a0b8b3d,2026-06-27T15:15:00Z,2026-06-27T17:15:00+0200,48050.0,MW,FR,FR,forecast_load,Forecasted Load,2026-07-19T10:02:06Z
2026-07-19T10:00:07Z,2026-07-19T12:00:07+0200,0122f339-e99c-4669-a7fd-e7d31a0b8b3d,2026-06-27T15:30:00Z,2026-06-27T17:30:00+0200,48400.0,MW,FR,FR,forecast_load,Forecasted Load,2026-07-19T10:02:06Z
2026-07-19T10:00:07Z,2026-07-19T12:00:07+0200,0122f339-e99c-4669-a7fd-e7d31a0b8b3d,2026-06-27T15:45:00Z,2026-06-27T17:45:00+0200,48800.0,MW,FR,FR,forecast_load,Forecasted Load,2026-07-19T10:02:06Z
2026-07-19T10:00:07Z,2026-07-19T12:00:07+0200,0122f339-e99c-4669-a7fd-e7d31a0b8b3d,2026-06-27T16:00:00Z,2026-06-27T18:00:00+0200,49200.0,MW,FR,FR,forecast_load,Forecasted Load,2026-07-19T10:02:06Z
2026-07-19T10:00:07Z,2026-07-19T12:00:07+0200,0122f339-e99c-4669-a7fd-e7d31a0b8b3d,2026-06-27T16:15:00Z,2026-06-27T18:15:00+0200,49450.0,MW,FR,FR,forecast_load,Forecasted Load,2026-07-19T10:02:06Z
2026-07-19T10:00:07Z,2026-07-19T12:00:07+0200,0122f339-e99c-4669-a7fd-e7d31a0b8b3d,2026-06-27T16:30:00Z,2026-06-27T18:30:00+0200,49700.0,MW,FR,FR,forecast_load,Forecasted Load,2026-07-19T10:02:06Z
2026-07-19T10:00:07Z,2026-07-19T12:00:07+0200,0122f339-e99c-4669-a7fd-e7d31a0b8b3d,2026-06-27T16:45:00Z,2026-06-27T18:45:00+0200,50000.0,MW,FR,FR,forecast_load,Forecasted Load,2026-07-19T10:02:06Z
2026-07-19T10:00:07Z,2026-07-19T12:00:07+0200,0122f339-e99c-4669-a7fd-e7d31a0b8b3d,2026-06-27T17:00:00Z,2026-06-27T19:00:00+0200,50300.0,MW,FR,FR,forecast_load,Forecasted Load,2026-07-19T10:02:06Z
2026-07-19T10:00:07Z,2026-07-19T12:00:07+0200,0122f339-e99c-4669-a7fd-e7d31a0b8b3d,2026-06-27T17:15:00Z,2026-06-27T19:15:00+0200,50400.0,MW,FR,FR,forecast_load,Forecasted Load,2026-07-19T10:02:06Z
2026-07-19T10:00:07Z,2026-07-19T12:00:07+0200,0122f339-e99c-4669-a7fd-e7d31a0b8b3d,2026-06-27T17:30:00Z,2026-06-27T19:30:00+0200,50500.0,MW,FR,FR,forecast_load,Forecasted Load,2026-07-19T10:02:06Z
2026-07-19T10:00:07Z,2026-07-19T12:00:07+0200,0122f339-e99c-4669-a7fd-e7d31a0b8b3d,2026-06-27T17:45:00Z,2026-06-27T19:45:00+0200,50150.0,MW,FR,FR,forecast_load,Forecasted Load,2026-07-19T10:02:06Z
2026-07-19T10:00:07Z,2026-07-19T12:00:07+0200,0122f339-e99c-4669-a7fd-e7d31a0b8b3d,2026-06-27T18:00:00Z,2026-06-27T20:00:00+0200,49800.0,MW,FR,FR,forecast_load,Forecasted Load,2026-07-19T10:02:06Z
2026-07-19T10:00:07Z,2026-07-19T12:00:07+0200,0122f339-e99c-4669-a7fd-e7d31a0b8b3d,2026-06-27T18:15:00Z,2026-06-27T20:15:00+0200,49200.0,MW,FR,FR,forecast_load,Forecasted Load,2026-07-19T10:02:06Z
2026-07-19T10:00:07Z,2026-07-19T12:00:07+0200,0122f339-e99c-4669-a7fd-e7d31a0b8b3d,2026-06-27T18:30:00Z,2026-06-27T20:30:00+0200,48600.0,MW,FR,FR,forecast_load,Forecasted Load,2026-07-19T10:02:06Z
2026-07-19T10:00:07Z,2026-07-19T12:00:07+0200,0122f339-e99c-4669-a7fd-e7d31a0b8b3d,2026-06-27T18:45:00Z,2026-06-27T20:45:00+0200,48050.0,MW,FR,FR,forecast_load,Forecasted Load,2026-07-19T10:02:06Z
2026-07-19T10:00:07Z,2026-07-19T12:00:07+0200,0122f339-e99c-4669-a7fd-e7d31a0b8b3d,2026-06-27T19:00:00Z,2026-06-27T21:00:00+0200,47500.0,MW,FR,FR,forecast_load,Forecasted Load,2026-07-19T10:02:06Z
2026-07-19T10:00:07Z,2026-07-19T12:00:07+0200,0122f339-e99c-4669-a7fd-e7d31a0b8b3d,2026-06-27T19:15:00Z,2026-06-27T21:15:00+0200,47450.0,MW,FR,FR,forecast_load,Forecasted Load,2026-07-19T10:02:06Z
2026-07-19T10:00:07Z,2026-07-19T12:00:07+0200,0122f339-e99c-4669-a7fd-e7d31a0b8b3d,2026-06-27T19:30:00Z,2026-06-27T21:30:00+0200,47400.0,MW,FR,FR,forecast_load,Forecasted Load,2026-07-19T10:02:06Z
2026-07-19T10:00:07Z,2026-07-19T12:00:07+0200,0122f339-e99c-4669-a7fd-e7d31a0b8b3d,2026-06-27T19:45:00Z,2026-06-27T21:45:00+0200,47250.0,MW,FR,FR,forecast_load,Forecasted Load,2026-07-19T10:02:06Z
2026-07-19T10:00:07Z,2026-07-19T12:00:07+0200,0122f339-e99c-4669-a7fd-e7d31a0b8b3d,2026-06-27T20:00:00Z,2026-06-27T22:00:00+0200,47100.0,MW,FR,FR,forecast_load,Forecasted Load,2026-07-19T10:02:06Z
2026-07-19T10:00:07Z,2026-07-19T12:00:07+0200,0122f339-e99c-4669-a7fd-e7d31a0b8b3d,2026-06-27T20:15:00Z,2026-06-27T22:15:00+0200,48000.0,MW,FR,FR,forecast_load,Forecasted Load,2026-07-19T10:02:06Z
2026-07-19T10:00:07Z,2026-07-19T12:00:07+0200,0122f339-e99c-4669-a7fd-e7d31a0b8b3d,2026-06-27T20:30:00Z,2026-06-27T22:30:00+0200,48900.0,MW,FR,FR,forecast_load,Forecasted Load,2026-07-19T10:02:06Z
2026-07-19T10:00:07Z,2026-07-19T12:00:07+0200,0122f339-e99c-4669-a7fd-e7d31a0b8b3d,2026-06-27T20:45:00Z,2026-06-27T22:45:00+0200,49650.0,MW,FR,FR,forecast_load,Forecasted Load,2026-07-19T10:02:06Z
2026-07-19T10:00:07Z,2026-07-19T12:00:07+0200,0122f339-e99c-4669-a7fd-e7d31a0b8b3d,2026-06-27T21:00:00Z,2026-06-27T23:00:00+0200,50400.0,MW,FR,FR,forecast_load,Forecasted Load,2026-07-19T10:02:06Z
2026-07-19T10:00:07Z,2026-07-19T12:00:07+0200,0122f339-e99c-4669-a7fd-e7d31a0b8b3d,2026-06-27T21:15:00Z,2026-06-27T23:15:00+0200,49600.0,MW,FR,FR,forecast_load,Forecasted Load,2026-07-19T10:02:06Z
2026-07-19T10:00:07Z,2026-07-19T12:00:07+0200,0122f339-e99c-4669-a7fd-e7d31a0b8b3d,2026-06-27T21:30:00Z,2026-06-27T23:30:00+0200,48800.0,MW,FR,FR,forecast_load,Forecasted Load,2026-07-19T10:02:06Z
2026-07-19T10:00:07Z,2026-07-19T12:00:07+0200,0122f339-e99c-4669-a7fd-e7d31a0b8b3d,2026-06-27T21:45:00Z,2026-06-27T23:45:00+0200,48000.0,MW,FR,FR,forecast_load,Forecasted Load,2026-07-19T10:02:06Z
2026-07-19T10:00:07Z,2026-07-19T12:00:07+0200,0122f339-e99c-4669-a7fd-e7d31a0b8b3d,2026-06-27T22:00:00Z,2026-06-28T00:00:00+0200,46600.0,MW,FR,FR,forecast_load,Forecasted Load,2026-07-19T10:02:06Z
2026-07-19T10:00:07Z,2026-07-19T12:00:07+0200,0122f339-e99c-4669-a7fd-e7d31a0b8b3d,2026-06-27T22:15:00Z,2026-06-28T00:15:00+0200,45550.0,MW,FR,FR,forecast_load,Forecasted Load,2026-07-19T10:02:06Z
2026-07-19T10:00:07Z,2026-07-19T12:00:07+0200,0122f339-e99c-4669-a7fd-e7d31a0b8b3d,2026-06-27T22:30:00Z,2026-06-28T00:30:00+0200,44500.0,MW,FR,FR,forecast_load,Forecasted Load,2026-07-19T10:02:06Z
2026-07-19T10:00:07Z,2026-07-19T12:00:07+0200,0122f339-e99c-4669-a7fd-e7d31a0b8b3d,2026-06-27T22:45:00Z,2026-06-28T00:45:00+0200,43450.0,MW,FR,FR,forecast_load,Forecasted Load,2026-07-19T10:02:06Z
2026-07-19T10:00:07Z,2026-07-19T12:00:07+0200,0122f339-e99c-4669-a7fd-e7d31a0b8b3d,2026-06-27T23:00:00Z,2026-06-28T01:00:00+0200,42400.0,MW,FR,FR,forecast_load,Forecasted Load,2026-07-19T10:02:06Z
2026-07-19T10:00:07Z,2026-07-19T12:00:07+0200,0122f339-e99c-4669-a7fd-e7d31a0b8b3d,2026-06-27T23:15:00Z,2026-06-28T01:15:00+0200,42700.0,MW,FR,FR,forecast_load,Forecasted Load,2026-07-19T10:02:06Z
2026-07-19T10:00:07Z,2026-07-19T12:00:07+0200,0122f339-e99c-4669-a7fd-e7d31a0b8b3d,2026-06-27T23:30:00Z,2026-06-28T01:30:00+0200,43000.0,MW,FR,FR,forecast_load,Forecasted Load,2026-07-19T10:02:06Z
2026-07-19T10:00:07Z,2026-07-19T12:00:07+0200,0122f339-e99c-4669-a7fd-e7d31a0b8b3d,2026-06-27T23:45:00Z,2026-06-28T01:45:00+0200,42300.0,MW,FR,FR,forecast_load,Forecasted Load,2026-07-19T10:02:06Z
2026-07-19T10:00:07Z,2026-07-19T12:00:07+0200,0122f339-e99c-4669-a7fd-e7d31a0b8b3d,2026-06-28T00:00:00Z,2026-06-28T02:00:00+0200,41600.0,MW,FR,FR,forecast_load,Forecasted Load,2026-07-19T10:02:06Z
2026-07-19T10:00:07Z,2026-07-19T12:00:07+0200,0122f339-e99c-4669-a7fd-e7d31a0b8b3d,2026-06-28T00:15:00Z,2026-06-28T02:15:00+0200,40950.0,MW,FR,FR,forecast_load,Forecasted Load,2026-07-19T10:02:06Z
2026-07-19T10:00:07Z,2026-07-19T12:00:07+0200,0122f339-e99c-4669-a7fd-e7d31a0b8b3d,2026-06-28T00:30:00Z,2026-06-28T02:30:00+0200,40300.0,MW,FR,FR,forecast_load,Forecasted Load,2026-07-19T10:02:06Z
2026-07-19T10:00:07Z,2026-07-19T12:00:07+0200,0122f339-e99c-4669-a7fd-e7d31a0b8b3d,2026-06-28T00:45:00Z,2026-06-28T02:45:00+0200,39600.0,MW,FR,FR,forecast_load,Forecasted Load,2026-07-19T10:02:06Z
2026-07-19T10:00:07Z,2026-07-19T12:00:07+0200,0122f339-e99c-4669-a7fd-e7d31a0b8b3d,2026-06-28T01:00:00Z,2026-06-28T03:00:00+0200,38900.0,MW,FR,FR,forecast_load,Forecasted Load,2026-07-19T10:02:06Z
2026-07-19T10:00:07Z,2026-07-19T12:00:07+0200,0122f339-e99c-4669-a7fd-e7d31a0b8b3d,2026-06-28T01:15:00Z,2026-06-28T03:15:00+0200,38400.0,MW,FR,FR,forecast_load,Forecasted Load,2026-07-19T10:02:06Z
2026-07-19T10:00:07Z,2026-07-19T12:00:07+0200,0122f339-e99c-4669-a7fd-e7d31a0b8b3d,2026-06-28T01:30:00Z,2026-06-28T03:30:00+0200,37900.0,MW,FR,FR,forecast_load,Forecasted Load,2026-07-19T10:02:06Z
2026-07-19T10:00:07Z,2026-07-19T12:00:07+0200,0122f339-e99c-4669-a7fd-e7d31a0b8b3d,2026-06-28T01:45:00Z,2026-06-28T03:45:00+0200,37500.0,MW,FR,FR,forecast_load,Forecasted Load,2026-07-19T10:02:06Z
2026-07-19T10:00:07Z,2026-07-19T12:00:07+0200,0122f339-e99c-4669-a7fd-e7d31a0b8b3d,2026-06-28T02:00:00Z,2026-06-28T04:00:00+0200,37100.0,MW,FR,FR,forecast_load,Forecasted Load,2026-07-19T10:02:06Z
2026-07-19T10:00:07Z,2026-07-19T12:00:07+0200,0122f339-e99c-4669-a7fd-e7d31a0b8b3d,2026-06-28T02:15:00Z,2026-06-28T04:15:00+0200,36850.0,MW,FR,FR,forecast_load,Forecasted Load,2026-07-19T10:02:06Z
2026-07-19T10:00:07Z,2026-07-19T12:00:07+0200,0122f339-e99c-4669-a7fd-e7d31a0b8b3d,2026-06-28T02:30:00Z,2026-06-28T04:30:00+0200,36600.0,MW,FR,FR,forecast_load,Forecasted Load,2026-07-19T10:02:06Z
2026-07-19T10:00:07Z,2026-07-19T12:00:07+0200,0122f339-e99c-4669-a7fd-e7d31a0b8b3d,2026-06-28T02:45:00Z,2026-06-28T04:45:00+0200,36450.0,MW,FR,FR,forecast_load,Forecasted Load,2026-07-19T10:02:06Z
2026-07-19T10:00:07Z,2026-07-19T12:00:07+0200,0122f339-e99c-4669-a7fd-e7d31a0b8b3d,2026-06-28T03:00:00Z,2026-06-28T05:00:00+0200,36300.0,MW,FR,FR,forecast_load,Forecasted Load,2026-07-19T10:02:06Z
2026-07-19T10:00:07Z,2026-07-19T12:00:07+0200,0122f339-e99c-4669-a7fd-e7d31a0b8b3d,2026-06-28T03:15:00Z,2026-06-28T05:15:00+0200,36200.0,MW,FR,FR,forecast_load,Forecasted Load,2026-07-19T10:02:06Z
2026-07-19T10:00:07Z,2026-07-19T12:00:07+0200,0122f339-e99c-4669-a7fd-e7d31a0b8b3d,2026-06-28T03:30:00Z,2026-06-28T05:30:00+0200,36100.0,MW,FR,FR,forecast_load,Forecasted Load,2026-07-19T10:02:06Z
2026-07-19T10:00:07Z,2026-07-19T12:00:07+0200,0122f339-e99c-4669-a7fd-e7d31a0b8b3d,2026-06-28T03:45:00Z,2026-06-28T05:45:00+0200,35850.0,MW,FR,FR,forecast_load,Forecasted Load,2026-07-19T10:02:06Z
2026-07-19T10:00:07Z,2026-07-19T12:00:07+0200,0122f339-e99c-4669-a7fd-e7d31a0b8b3d,2026-06-28T04:00:00Z,2026-06-28T06:00:00+0200,35600.0,MW,FR,FR,forecast_load,Forecasted Load,2026-07-19T10:02:06Z
2026-07-19T10:00:07Z,2026-07-19T12:00:07+0200,0122f339-e99c-4669-a7fd-e7d31a0b8b3d,2026-06-28T04:15:00Z,2026-06-28T06:15:00+0200,35550.0,MW,FR,FR,forecast_load,Forecasted Load,2026-07-19T10:02:06Z
2026-07-19T10:00:07Z,2026-07-19T12:00:07+0200,0122f339-e99c-4669-a7fd-e7d31a0b8b3d,2026-06-28T04:30:00Z,2026-06-28T06:30:00+0200,35500.0,MW,FR,FR,forecast_load,Forecasted Load,2026-07-19T10:02:06Z
2026-07-19T10:00:07Z,2026-07-19T12:00:07+0200,0122f339-e99c-4669-a7fd-e7d31a0b8b3d,2026-06-28T04:45:00Z,2026-06-28T06:45:00+0200,35650.0,MW,FR,FR,forecast_load,Forecasted Load,2026-07-19T10:02:06Z
2026-07-19T10:00:07Z,2026-07-19T12:00:07+0200,0122f339-e99c-4669-a7fd-e7d31a0b8b3d,2026-06-28T05:00:00Z,2026-06-28T07:00:00+0200,35800.0,MW,FR,FR,forecast_load,Forecasted Load,2026-07-19T10:02:06Z
2026-07-19T10:00:07Z,2026-07-19T12:00:07+0200,0122f339-e99c-4669-a7fd-e7d31a0b8b3d,2026-06-28T05:15:00Z,2026-06-28T07:15:00+0200,36100.0,MW,FR,FR,forecast_load,Forecasted Load,2026-07-19T10:02:06Z
2026-07-19T10:00:07Z,2026-07-19T12:00:07+0200,0122f339-e99c-4669-a7fd-e7d31a0b8b3d,2026-06-28T05:30:00Z,2026-06-28T07:30:00+0200,36400.0,MW,FR,FR,forecast_load,Forecasted Load,2026-07-19T10:02:06Z
2026-07-19T10:00:07Z,2026-07-19T12:00:07+0200,0122f339-e99c-4669-a7fd-e7d31a0b8b3d,2026-06-28T05:45:00Z,2026-06-28T07:45:00+0200,36750.0,MW,FR,FR,forecast_load,Forecasted Load,2026-07-19T10:02:06Z
2026-07-19T10:00:07Z,2026-07-19T12:00:07+0200,0122f339-e99c-4669-a7fd-e7d31a0b8b3d,2026-06-28T06:00:00Z,2026-06-28T08:00:00+0200,37100.0,MW,FR,FR,forecast_load,Forecasted Load,2026-07-19T10:02:06Z
2026-07-19T10:00:07Z,2026-07-19T12:00:07+0200,0122f339-e99c-4669-a7fd-e7d31a0b8b3d,2026-06-28T06:15:00Z,2026-06-28T08:15:00+0200,37700.0,MW,FR,FR,forecast_load,Forecasted Load,2026-07-19T10:02:06Z
2026-07-19T10:00:07Z,2026-07-19T12:00:07+0200,0122f339-e99c-4669-a7fd-e7d31a0b8b3d,2026-06-28T06:30:00Z,2026-06-28T08:30:00+0200,38300.0,MW,FR,FR,forecast_load,Forecasted Load,2026-07-19T10:02:06Z
2026-07-19T10:00:07Z,2026-07-19T12:00:07+0200,0122f339-e99c-4669-a7fd-e7d31a0b8b3d,2026-06-28T06:45:00Z,2026-06-28T08:45:00+0200,38750.0,MW,FR,FR,forecast_load,Forecasted Load,2026-07-19T10:02:06Z
2026-07-19T10:00:07Z,2026-07-19T12:00:07+0200,0122f339-e99c-4669-a7fd-e7d31a0b8b3d,2026-06-28T07:00:00Z,2026-06-28T09:00:00+0200,39200.0,MW,FR,FR,forecast_load,Forecasted Load,2026-07-19T10:02:06Z
2026-07-19T10:00:07Z,2026-07-19T12:00:07+0200,0122f339-e99c-4669-a7fd-e7d31a0b8b3d,2026-06-28T07:15:00Z,2026-06-28T09:15:00+0200,40050.0,MW,FR,FR,forecast_load,Forecasted Load,2026-07-19T10:02:06Z
2026-07-19T10:00:07Z,2026-07-19T12:00:07+0200,0122f339-e99c-4669-a7fd-e7d31a0b8b3d,2026-06-28T07:30:00Z,2026-06-28T09:30:00+0200,40900.0,MW,FR,FR,forecast_load,Forecasted Load,2026-07-19T10:02:06Z
2026-07-19T10:00:07Z,2026-07-19T12:00:07+0200,0122f339-e99c-4669-a7fd-e7d31a0b8b3d,2026-06-28T07:45:00Z,2026-06-28T09:45:00+0200,41550.0,MW,FR,FR,forecast_load,Forecasted Load,2026-07-19T10:02:06Z
2026-07-19T10:00:07Z,2026-07-19T12:00:07+0200,0122f339-e99c-4669-a7fd-e7d31a0b8b3d,2026-06-28T08:00:00Z,2026-06-28T10:00:00+0200,42200.0,MW,FR,FR,forecast_load,Forecasted Load,2026-07-19T10:02:06Z
2026-07-19T10:00:07Z,2026-07-19T12:00:07+0200,0122f339-e99c-4669-a7fd-e7d31a0b8b3d,2026-06-28T08:15:00Z,2026-06-28T10:15:00+0200,42750.0,MW,FR,FR,forecast_load,Forecasted Load,2026-07-19T10:02:06Z
2026-07-19T10:00:07Z,2026-07-19T12:00:07+0200,0122f339-e99c-4669-a7fd-e7d31a0b8b3d,2026-06-28T08:30:00Z,2026-06-28T10:30:00+0200,43300.0,MW,FR,FR,forecast_load,Forecasted Load,2026-07-19T10:02:06Z
2026-07-19T10:00:07Z,2026-07-19T12:00:07+0200,0122f339-e99c-4669-a7fd-e7d31a0b8b3d,2026-06-28T08:45:00Z,2026-06-28T10:45:00+0200,43700.0,MW,FR,FR,forecast_load,Forecasted Load,2026-07-19T10:02:06Z
2026-07-19T10:00:07Z,2026-07-19T12:00:07+0200,0122f339-e99c-4669-a7fd-e7d31a0b8b3d,2026-06-28T09:00:00Z,2026-06-28T11:00:00+0200,44100.0,MW,FR,FR,forecast_load,Forecasted Load,2026-07-19T10:02:06Z
2026-07-19T10:00:07Z,2026-07-19T12:00:07+0200,0122f339-e99c-4669-a7fd-e7d31a0b8b3d,2026-06-28T09:15:00Z,2026-06-28T11:15:00+0200,44500.0,MW,FR,FR,forecast_load,Forecasted Load,2026-07-19T10:02:06Z
2026-07-19T10:00:07Z,2026-07-19T12:00:07+0200,0122f339-e99c-4669-a7fd-e7d31a0b8b3d,2026-06-28T09:30:00Z,2026-06-28T11:30:00+0200,44900.0,MW,FR,FR,forecast_load,Forecasted Load,2026-07-19T10:02:06Z
2026-07-19T10:00:07Z,2026-07-19T12:00:07+0200,0122f339-e99c-4669-a7fd-e7d31a0b8b3d,2026-06-28T09:45:00Z,2026-06-28T11:45:00+0200,45700.0,MW,FR,FR,forecast_load,Forecasted Load,2026-07-19T10:02:06Z
2026-07-19T10:00:07Z,2026-07-19T12:00:07+0200,0122f339-e99c-4669-a7fd-e7d31a0b8b3d,2026-06-28T10:00:00Z,2026-06-28T12:00:00+0200,46500.0,MW,FR,FR,forecast_load,Forecasted Load,2026-07-19T10:02:06Z
2026-07-19T10:00:07Z,2026-07-19T12:00:07+0200,0122f339-e99c-4669-a7fd-e7d31a0b8b3d,2026-06-28T10:15:00Z,2026-06-28T12:15:00+0200,46900.0,MW,FR,FR,forecast_load,Forecasted Load,2026-07-19T10:02:06Z
2026-07-19T10:00:07Z,2026-07-19T12:00:07+0200,0122f339-e99c-4669-a7fd-e7d31a0b8b3d,2026-06-28T10:30:00Z,2026-06-28T12:30:00+0200,47300.0,MW,FR,FR,forecast_load,Forecasted Load,2026-07-19T10:02:06Z
2026-07-19T10:00:07Z,2026-07-19T12:00:07+0200,0122f339-e99c-4669-a7fd-e7d31a0b8b3d,2026-06-28T10:45:00Z,2026-06-28T12:45:00+0200,47500.0,MW,FR,FR,forecast_load,Forecasted Load,2026-07-19T10:02:06Z
2026-07-19T10:00:07Z,2026-07-19T12:00:07+0200,0122f339-e99c-4669-a7fd-e7d31a0b8b3d,2026-06-28T11:00:00Z,2026-06-28T13:00:00+0200,47700.0,MW,FR,FR,forecast_load,Forecasted Load,2026-07-19T10:02:06Z
2026-07-19T10:00:07Z,2026-07-19T12:00:07+0200,0122f339-e99c-4669-a7fd-e7d31a0b8b3d,2026-06-28T11:15:00Z,2026-06-28T13:15:00+0200,47100.0,MW,FR,FR,forecast_load,Forecasted Load,2026-07-19T10:02:06Z
2026-07-19T10:00:07Z,2026-07-19T12:00:07+0200,0122f339-e99c-4669-a7fd-e7d31a0b8b3d,2026-06-28T11:30:00Z,2026-06-28T13:30:00+0200,46500.0,MW,FR,FR,forecast_load,Forecasted Load,2026-07-19T10:02:06Z
2026-07-19T10:00:07Z,2026-07-19T12:00:07+0200,0122f339-e99c-4669-a7fd-e7d31a0b8b3d,2026-06-28T11:45:00Z,2026-06-28T13:45:00+0200,46250.0,MW,FR,FR,forecast_load,Forecasted Load,2026-07-19T10:02:06Z
2026-07-19T10:00:07Z,2026-07-19T12:00:07+0200,0122f339-e99c-4669-a7fd-e7d31a0b8b3d,2026-06-28T12:00:00Z,2026-06-28T14:00:00+0200,46000.0,MW,FR,FR,forecast_load,Forecasted Load,2026-07-19T10:02:06Z
2026-07-19T10:00:07Z,2026-07-19T12:00:07+0200,0122f339-e99c-4669-a7fd-e7d31a0b8b3d,2026-06-28T12:15:00Z,2026-06-28T14:15:00+0200,46650.0,MW,FR,FR,forecast_load,Forecasted Load,2026-07-19T10:02:06Z
2026-07-19T10:00:07Z,2026-07-19T12:00:07+0200,0122f339-e99c-4669-a7fd-e7d31a0b8b3d,2026-06-28T12:30:00Z,2026-06-28T14:30:00+0200,47300.0,MW,FR,FR,forecast_load,Forecasted Load,2026-07-19T10:02:06Z
2026-07-19T10:00:07Z,2026-07-19T12:00:07+0200,0122f339-e99c-4669-a7fd-e7d31a0b8b3d,2026-06-28T12:45:00Z,2026-06-28T14:45:00+0200,46800.0,MW,FR,FR,forecast_load,Forecasted Load,2026-07-19T10:02:06Z
2026-07-19T10:00:07Z,2026-07-19T12:00:07+0200,0122f339-e99c-4669-a7fd-e7d31a0b8b3d,2026-06-28T13:00:00Z,2026-06-28T15:00:00+0200,46300.0,MW,FR,FR,forecast_load,Forecasted Load,2026-07-19T10:02:06Z
2026-07-19T10:00:07Z,2026-07-19T12:00:07+0200,0122f339-e99c-4669-a7fd-e7d31a0b8b3d,2026-06-28T13:15:00Z,2026-06-28T15:15:00+0200,45750.0,MW,FR,FR,forecast_load,Forecasted Load,2026-07-19T10:02:06Z
2026-07-19T10:00:07Z,2026-07-19T12:00:07+0200,0122f339-e99c-4669-a7fd-e7d31a0b8b3d,2026-06-28T13:30:00Z,2026-06-28T15:30:00+0200,45200.0,MW,FR,FR,forecast_load,Forecasted Load,2026-07-19T10:02:06Z
2026-07-19T10:00:07Z,2026-07-19T12:00:07+0200,0122f339-e99c-4669-a7fd-e7d31a0b8b3d,2026-06-28T13:45:00Z,2026-06-28T15:45:00+0200,44600.0,MW,FR,FR,forecast_load,Forecasted Load,2026-07-19T10:02:06Z
2026-07-19T10:00:07Z,2026-07-19T12:00:07+0200,0122f339-e99c-4669-a7fd-e7d31a0b8b3d,2026-06-28T14:00:00Z,2026-06-28T16:00:00+0200,44000.0,MW,FR,FR,forecast_load,Forecasted Load,2026-07-19T10:02:06Z
2026-07-19T10:00:07Z,2026-07-19T12:00:07+0200,0122f339-e99c-4669-a7fd-e7d31a0b8b3d,2026-06-28T14:15:00Z,2026-06-28T16:15:00+0200,43500.0,MW,FR,FR,forecast_load,Forecasted Load,2026-07-19T10:02:06Z
2026-07-19T10:00:07Z,2026-07-19T12:00:07+0200,0122f339-e99c-4669-a7fd-e7d31a0b8b3d,2026-06-28T14:30:00Z,2026-06-28T16:30:00+0200,43000.0,MW,FR,FR,forecast_load,Forecasted Load,2026-07-19T10:02:06Z
2026-07-19T10:00:07Z,2026-07-19T12:00:07+0200,0122f339-e99c-4669-a7fd-e7d31a0b8b3d,2026-06-28T14:45:00Z,2026-06-28T16:45:00+0200,43150.0,MW,FR,FR,forecast_load,Forecasted Load,2026-07-19T10:02:06Z
2026-07-19T10:00:07Z,2026-07-19T12:00:07+0200,0122f339-e99c-4669-a7fd-e7d31a0b8b3d,2026-06-28T15:00:00Z,2026-06-28T17:00:00+0200,43300.0,MW,FR,FR,forecast_load,Forecasted Load,2026-07-19T10:02:06Z
2026-07-19T10:00:07Z,2026-07-19T12:00:07+0200,0122f339-e99c-4669-a7fd-e7d31a0b8b3d,2026-06-28T15:15:00Z,2026-06-28T17:15:00+0200,43600.0,MW,FR,FR,forecast_load,Forecasted Load,2026-07-19T10:02:06Z
2026-07-19T10:00:07Z,2026-07-19T12:00:07+0200,0122f339-e99c-4669-a7fd-e7d31a0b8b3d,2026-06-28T15:30:00Z,2026-06-28T17:30:00+0200,43900.0,MW,FR,FR,forecast_load,Forecasted Load,2026-07-19T10:02:06Z
2026-07-19T10:00:07Z,2026-07-19T12:00:07+0200,0122f339-e99c-4669-a7fd-e7d31a0b8b3d,2026-06-28T15:45:00Z,2026-06-28T17:45:00+0200,44400.0,MW,FR,FR,forecast_load,Forecasted Load,2026-07-19T10:02:06Z
2026-07-19T10:00:07Z,2026-07-19T12:00:07+0200,0122f339-e99c-4669-a7fd-e7d31a0b8b3d,2026-06-28T16:00:00Z,2026-06-28T18:00:00+0200,44900.0,MW,FR,FR,forecast_load,Forecasted Load,2026-07-19T10:02:06Z
2026-07-19T10:00:07Z,2026-07-19T12:00:07+0200,0122f339-e99c-4669-a7fd-e7d31a0b8b3d,2026-06-28T16:15:00Z,2026-06-28T18:15:00+0200,45350.0,MW,FR,FR,forecast_load,Forecasted Load,2026-07-19T10:02:06Z
2026-07-19T10:00:07Z,2026-07-19T12:00:07+0200,0122f339-e99c-4669-a7fd-e7d31a0b8b3d,2026-06-28T16:30:00Z,2026-06-28T18:30:00+0200,45800.0,MW,FR,FR,forecast_load,Forecasted Load,2026-07-19T10:02:06Z
2026-07-19T10:00:07Z,2026-07-19T12:00:07+0200,0122f339-e99c-4669-a7fd-e7d31a0b8b3d,2026-06-28T16:45:00Z,2026-06-28T18:45:00+0200,46550.0,MW,FR,FR,forecast_load,Forecasted Load,2026-07-19T10:02:06Z
2026-07-19T10:00:07Z,2026-07-19T12:00:07+0200,0122f339-e99c-4669-a7fd-e7d31a0b8b3d,2026-06-28T17:00:00Z,2026-06-28T19:00:00+0200,47300.0,MW,FR,FR,forecast_load,Forecasted Load,2026-07-19T10:02:06Z
2026-07-19T10:00:07Z,2026-07-19T12:00:07+0200,0122f339-e99c-4669-a7fd-e7d31a0b8b3d,2026-06-28T17:15:00Z,2026-06-28T19:15:00+0200,47750.0,MW,FR,FR,forecast_load,Forecasted Load,2026-07-19T10:02:06Z
2026-07-19T10:00:07Z,2026-07-19T12:00:07+0200,0122f339-e99c-4669-a7fd-e7d31a0b8b3d,2026-06-28T17:30:00Z,2026-06-28T19:30:00+0200,48200.0,MW,FR,FR,forecast_load,Forecasted Load,2026-07-19T10:02:06Z
2026-07-19T10:00:07Z,2026-07-19T12:00:07+0200,0122f339-e99c-4669-a7fd-e7d31a0b8b3d,2026-06-28T17:45:00Z,2026-06-28T19:45:00+0200,48100.0,MW,FR,FR,forecast_load,Forecasted Load,2026-07-19T10:02:06Z
2026-07-19T10:00:07Z,2026-07-19T12:00:07+0200,0122f339-e99c-4669-a7fd-e7d31a0b8b3d,2026-06-28T18:00:00Z,2026-06-28T20:00:00+0200,48000.0,MW,FR,FR,forecast_load,Forecasted Load,2026-07-19T10:02:06Z
2026-07-19T10:00:07Z,2026-07-19T12:00:07+0200,0122f339-e99c-4669-a7fd-e7d31a0b8b3d,2026-06-28T18:15:00Z,2026-06-28T20:15:00+0200,47750.0,MW,FR,FR,forecast_load,Forecasted Load,2026-07-19T10:02:06Z
2026-07-19T10:00:07Z,2026-07-19T12:00:07+0200,0122f339-e99c-4669-a7fd-e7d31a0b8b3d,2026-06-28T18:30:00Z,2026-06-28T20:30:00+0200,47500.0,MW,FR,FR,forecast_load,Forecasted Load,2026-07-19T10:02:06Z
2026-07-19T10:00:07Z,2026-07-19T12:00:07+0200,0122f339-e99c-4669-a7fd-e7d31a0b8b3d,2026-06-28T18:45:00Z,2026-06-28T20:45:00+0200,47350.0,MW,FR,FR,forecast_load,Forecasted Load,2026-07-19T10:02:06Z
2026-07-19T10:00:07Z,2026-07-19T12:00:07+0200,0122f339-e99c-4669-a7fd-e7d31a0b8b3d,2026-06-28T19:00:00Z,2026-06-28T21:00:00+0200,47200.0,MW,FR,FR,forecast_load,Forecasted Load,2026-07-19T10:02:06Z
2026-07-19T10:00:07Z,2026-07-19T12:00:07+0200,0122f339-e99c-4669-a7fd-e7d31a0b8b3d,2026-06-28T19:15:00Z,2026-06-28T21:15:00+0200,46950.0,MW,FR,FR,forecast_load,Forecasted Load,2026-07-19T10:02:06Z
2026-07-19T10:00:07Z,2026-07-19T12:00:07+0200,0122f339-e99c-4669-a7fd-e7d31a0b8b3d,2026-06-28T19:30:00Z,2026-06-28T21:30:00+0200,46700.0,MW,FR,FR,forecast_load,Forecasted Load,2026-07-19T10:02:06Z
2026-07-19T10:00:07Z,2026-07-19T12:00:07+0200,0122f339-e99c-4669-a7fd-e7d31a0b8b3d,2026-06-28T19:45:00Z,2026-06-28T21:45:00+0200,46400.0,MW,FR,FR,forecast_load,Forecasted Load,2026-07-19T10:02:06Z
2026-07-19T10:00:07Z,2026-07-19T12:00:07+0200,0122f339-e99c-4669-a7fd-e7d31a0b8b3d,2026-06-28T20:00:00Z,2026-06-28T22:00:00+0200,46100.0,MW,FR,FR,forecast_load,Forecasted Load,2026-07-19T10:02:06Z
2026-07-19T10:00:07Z,2026-07-19T12:00:07+0200,0122f339-e99c-4669-a7fd-e7d31a0b8b3d,2026-06-28T20:15:00Z,2026-06-28T22:15:00+0200,47000.0,MW,FR,FR,forecast_load,Forecasted Load,2026-07-19T10:02:06Z
2026-07-19T10:00:07Z,2026-07-19T12:00:07+0200,0122f339-e99c-4669-a7fd-e7d31a0b8b3d,2026-06-28T20:30:00Z,2026-06-28T22:30:00+0200,47900.0,MW,FR,FR,forecast_load,Forecasted Load,2026-07-19T10:02:06Z
2026-07-19T10:00:07Z,2026-07-19T12:00:07+0200,0122f339-e99c-4669-a7fd-e7d31a0b8b3d,2026-06-28T20:45:00Z,2026-06-28T22:45:00+0200,48450.0,MW,FR,FR,forecast_load,Forecasted Load,2026-07-19T10:02:06Z
2026-07-19T10:00:07Z,2026-07-19T12:00:07+0200,0122f339-e99c-4669-a7fd-e7d31a0b8b3d,2026-06-28T21:00:00Z,2026-06-28T23:00:00+0200,49000.0,MW,FR,FR,forecast_load,Forecasted Load,2026-07-19T10:02:06Z
2026-07-19T10:00:07Z,2026-07-19T12:00:07+0200,0122f339-e99c-4669-a7fd-e7d31a0b8b3d,2026-06-28T21:15:00Z,2026-06-28T23:15:00+0200,48100.0,MW,FR,FR,forecast_load,Forecasted Load,2026-07-19T10:02:06Z
2026-07-19T10:00:07Z,2026-07-19T12:00:07+0200,0122f339-e99c-4669-a7fd-e7d31a0b8b3d,2026-06-28T21:30:00Z,2026-06-28T23:30:00+0200,47200.0,MW,FR,FR,forecast_load,Forecasted Load,2026-07-19T10:02:06Z
2026-07-19T10:00:07Z,2026-07-19T12:00:07+0200,0122f339-e99c-4669-a7fd-e7d31a0b8b3d,2026-06-28T21:45:00Z,2026-06-28T23:45:00+0200,46350.0,MW,FR,FR,forecast_load,Forecasted Load,2026-07-19T10:02:06Z
2026-07-19T10:00:07Z,2026-07-19T12:00:07+0200,0122f339-e99c-4669-a7fd-e7d31a0b8b3d,2026-06-28T22:00:00Z,2026-06-29T00:00:00+0200,44970.0,MW,FR,FR,forecast_load,Forecasted Load,2026-07-19T10:02:06Z
2026-07-19T10:00:07Z,2026-07-19T12:00:07+0200,0122f339-e99c-4669-a7fd-e7d31a0b8b3d,2026-06-28T22:15:00Z,2026-06-29T00:15:00+0200,43931.0,MW,FR,FR,forecast_load,Forecasted Load,2026-07-19T10:02:06Z
2026-07-19T10:00:07Z,2026-07-19T12:00:07+0200,0122f339-e99c-4669-a7fd-e7d31a0b8b3d,2026-06-28T22:30:00Z,2026-06-29T00:30:00+0200,42892.0,MW,FR,FR,forecast_load,Forecasted Load,2026-07-19T10:02:06Z
2026-07-19T10:00:07Z,2026-07-19T12:00:07+0200,0122f339-e99c-4669-a7fd-e7d31a0b8b3d,2026-06-28T22:45:00Z,2026-06-29T00:45:00+0200,42258.5,MW,FR,FR,forecast_load,Forecasted Load,2026-07-19T10:02:06Z
2026-07-19T10:00:07Z,2026-07-19T12:00:07+0200,0122f339-e99c-4669-a7fd-e7d31a0b8b3d,2026-06-28T23:00:00Z,2026-06-29T01:00:00+0200,41625.0,MW,FR,FR,forecast_load,Forecasted Load,2026-07-19T10:02:06Z
2026-07-19T10:00:07Z,2026-07-19T12:00:07+0200,0122f339-e99c-4669-a7fd-e7d31a0b8b3d,2026-06-28T23:15:00Z,2026-06-29T01:15:00+0200,41458.0,MW,FR,FR,forecast_load,Forecasted Load,2026-07-19T10:02:06Z
2026-07-19T10:00:07Z,2026-07-19T12:00:07+0200,0122f339-e99c-4669-a7fd-e7d31a0b8b3d,2026-06-28T23:30:00Z,2026-06-29T01:30:00+0200,41291.0,MW,FR,FR,forecast_load,Forecasted Load,2026-07-19T10:02:06Z
2026-07-19T10:00:07Z,2026-07-19T12:00:07+0200,0122f339-e99c-4669-a7fd-e7d31a0b8b3d,2026-06-28T23:45:00Z,2026-06-29T01:45:00+0200,40661.0,MW,FR,FR,forecast_load,Forecasted Load,2026-07-19T10:02:06Z
2026-07-19T10:00:07Z,2026-07-19T12:00:07+0200,0122f339-e99c-4669-a7fd-e7d31a0b8b3d,2026-06-29T00:00:00Z,2026-06-29T02:00:00+0200,40031.0,MW,FR,FR,forecast_load,Forecasted Load,2026-07-19T10:02:06Z
2026-07-19T10:00:07Z,2026-07-19T12:00:07+0200,0122f339-e99c-4669-a7fd-e7d31a0b8b3d,2026-06-29T00:15:00Z,2026-06-29T02:15:00+0200,39318.0,MW,FR,FR,forecast_load,Forecasted Load,2026-07-19T10:02:06Z
2026-07-19T10:00:07Z,2026-07-19T12:00:07+0200,0122f339-e99c-4669-a7fd-e7d31a0b8b3d,2026-06-29T00:30:00Z,2026-06-29T02:30:00+0200,38605.0,MW,FR,FR,forecast_load,Forecasted Load,2026-07-19T10:02:06Z
2026-07-19T10:00:07Z,2026-07-19T12:00:07+0200,0122f339-e99c-4669-a7fd-e7d31a0b8b3d,2026-06-29T00:45:00Z,2026-06-29T02:45:00+0200,37949.0,MW,FR,FR,forecast_load,Forecasted Load,2026-07-19T10:02:06Z
2026-07-19T10:00:07Z,2026-07-19T12:00:07+0200,0122f339-e99c-4669-a7fd-e7d31a0b8b3d,2026-06-29T01:00:00Z,2026-06-29T03:00:00+0200,37293.0,MW,FR,FR,forecast_load,Forecasted Load,2026-07-19T10:02:06Z
2026-07-19T10:00:07Z,2026-07-19T12:00:07+0200,0122f339-e99c-4669-a7fd-e7d31a0b8b3d,2026-06-29T01:15:00Z,2026-06-29T03:15:00+0200,36926.0,MW,FR,FR,forecast_load,Forecasted Load,2026-07-19T10:02:06Z
2026-07-19T10:00:07Z,2026-07-19T12:00:07+0200,0122f339-e99c-4669-a7fd-e7d31a0b8b3d,2026-06-29T01:30:00Z,2026-06-29T03:30:00+0200,36559.0,MW,FR,FR,forecast_load,Forecasted Load,2026-07-19T10:02:06Z
2026-07-19T10:00:07Z,2026-07-19T12:00:07+0200,0122f339-e99c-4669-a7fd-e7d31a0b8b3d,2026-06-29T01:45:00Z,2026-06-29T03:45:00+0200,36305.5,MW,FR,FR,forecast_load,Forecasted Load,2026-07-19T10:02:06Z
2026-07-19T10:00:07Z,2026-07-19T12:00:07+0200,0122f339-e99c-4669-a7fd-e7d31a0b8b3d,2026-06-29T02:00:00Z,2026-06-29T04:00:00+0200,36052.0,MW,FR,FR,forecast_load,Forecasted Load,2026-07-19T10:02:06Z
2026-07-19T10:00:07Z,2026-07-19T12:00:07+0200,0122f339-e99c-4669-a7fd-e7d31a0b8b3d,2026-06-29T02:15:00Z,2026-06-29T04:15:00+0200,36138.5,MW,FR,FR,forecast_load,Forecasted Load,2026-07-19T10:02:06Z
2026-07-19T10:00:07Z,2026-07-19T12:00:07+0200,0122f339-e99c-4669-a7fd-e7d31a0b8b3d,2026-06-29T02:30:00Z,2026-06-29T04:30:00+0200,36225.0,MW,FR,FR,forecast_load,Forecasted Load,2026-07-19T10:02:06Z
2026-07-19T10:00:07Z,2026-07-19T12:00:07+0200,0122f339-e99c-4669-a7fd-e7d31a0b8b3d,2026-06-29T02:45:00Z,2026-06-29T04:45:00+0200,36575.0,MW,FR,FR,forecast_load,Forecasted Load,2026-07-19T10:02:06Z
2026-07-19T10:00:07Z,2026-07-19T12:00:07+0200,0122f339-e99c-4669-a7fd-e7d31a0b8b3d,2026-06-29T03:00:00Z,2026-06-29T05:00:00+0200,36925.0,MW,FR,FR,forecast_load,Forecasted Load,2026-07-19T10:02:06Z
2026-07-19T10:00:07Z,2026-07-19T12:00:07+0200,0122f339-e99c-4669-a7fd-e7d31a0b8b3d,2026-06-29T03:15:00Z,2026-06-29T05:15:00+0200,37466.5,MW,FR,FR,forecast_load,Forecasted Load,2026-07-19T10:02:06Z
2026-07-19T10:00:07Z,2026-07-19T12:00:07+0200,0122f339-e99c-4669-a7fd-e7d31a0b8b3d,2026-06-29T03:30:00Z,2026-06-29T05:30:00+0200,38008.0,MW,FR,FR,forecast_load,Forecasted Load,2026-07-19T10:02:06Z
2026-07-19T10:00:07Z,2026-07-19T12:00:07+0200,0122f339-e99c-4669-a7fd-e7d31a0b8b3d,2026-06-29T03:45:00Z,2026-06-29T05:45:00+0200,38448.0,MW,FR,FR,forecast_load,Forecasted Load,2026-07-19T10:02:06Z
2026-07-19T10:00:07Z,2026-07-19T12:00:07+0200,0122f339-e99c-4669-a7fd-e7d31a0b8b3d,2026-06-29T04:00:00Z,2026-06-29T06:00:00+0200,38888.0,MW,FR,FR,forecast_load,Forecasted Load,2026-07-19T10:02:06Z
2026-07-19T10:00:07Z,2026-07-19T12:00:07+0200,0122f339-e99c-4669-a7fd-e7d31a0b8b3d,2026-06-29T04:15:00Z,2026-06-29T06:15:00+0200,39858.0,MW,FR,FR,forecast_load,Forecasted Load,2026-07-19T10:02:06Z
2026-07-19T10:00:07Z,2026-07-19T12:00:07+0200,0122f339-e99c-4669-a7fd-e7d31a0b8b3d,2026-06-29T04:30:00Z,2026-06-29T06:30:00+0200,40828.0,MW,FR,FR,forecast_load,Forecasted Load,2026-07-19T10:02:06Z
2026-07-19T10:00:07Z,2026-07-19T12:00:07+0200,0122f339-e99c-4669-a7fd-e7d31a0b8b3d,2026-06-29T04:45:00Z,2026-06-29T06:45:00+0200,41631.0,MW,FR,FR,forecast_load,Forecasted Load,2026-07-19T10:02:06Z
2026-07-19T10:00:07Z,2026-07-19T12:00:07+0200,0122f339-e99c-4669-a7fd-e7d31a0b8b3d,2026-06-29T05:00:00Z,2026-06-29T07:00:00+0200,42434.0,MW,FR,FR,forecast_load,Forecasted Load,2026-07-19T10:02:06Z
2026-07-19T10:00:07Z,2026-07-19T12:00:07+0200,0122f339-e99c-4669-a7fd-e7d31a0b8b3d,2026-06-29T05:15:00Z,2026-06-29T07:15:00+0200,43456.0,MW,FR,FR,forecast_load,Forecasted Load,2026-07-19T10:02:06Z
2026-07-19T10:00:07Z,2026-07-19T12:00:07+0200,0122f339-e99c-4669-a7fd-e7d31a0b8b3d,2026-06-29T05:30:00Z,2026-06-29T07:30:00+0200,44478.0,MW,FR,FR,forecast_load,Forecasted Load,2026-07-19T10:02:06Z
2026-07-19T10:00:07Z,2026-07-19T12:00:07+0200,0122f339-e99c-4669-a7fd-e7d31a0b8b3d,2026-06-29T05:45:00Z,2026-06-29T07:45:00+0200,45018.0,MW,FR,FR,forecast_load,Forecasted Load,2026-07-19T10:02:06Z
2026-07-19T10:00:07Z,2026-07-19T12:00:07+0200,0122f339-e99c-4669-a7fd-e7d31a0b8b3d,2026-06-29T06:00:00Z,2026-06-29T08:00:00+0200,45558.0,MW,FR,FR,forecast_load,Forecasted Load,2026-07-19T10:02:06Z
2026-07-19T10:00:07Z,2026-07-19T12:00:07+0200,0122f339-e99c-4669-a7fd-e7d31a0b8b3d,2026-06-29T06:15:00Z,2026-06-29T08:15:00+0200,46430.5,MW,FR,FR,forecast_load,Forecasted Load,2026-07-19T10:02:06Z
2026-07-19T10:00:07Z,2026-07-19T12:00:07+0200,0122f339-e99c-4669-a7fd-e7d31a0b8b3d,2026-06-29T06:30:00Z,2026-06-29T08:30:00+0200,47303.0,MW,FR,FR,forecast_load,Forecasted Load,2026-07-19T10:02:06Z
2026-07-19T10:00:07Z,2026-07-19T12:00:07+0200,0122f339-e99c-4669-a7fd-e7d31a0b8b3d,2026-06-29T06:45:00Z,2026-06-29T08:45:00+0200,48052.5,MW,FR,FR,forecast_load,Forecasted Load,2026-07-19T10:02:06Z
2026-07-19T10:00:07Z,2026-07-19T12:00:07+0200,0122f339-e99c-4669-a7fd-e7d31a0b8b3d,2026-06-29T07:00:00Z,2026-06-29T09:00:00+0200,48802.0,MW,FR,FR,forecast_load,Forecasted Load,2026-07-19T10:02:06Z
2026-07-19T10:00:07Z,2026-07-19T12:00:07+0200,0122f339-e99c-4669-a7fd-e7d31a0b8b3d,2026-06-29T07:15:00Z,2026-06-29T09:15:00+0200,49229.5,MW,FR,FR,forecast_load,Forecasted Load,2026-07-19T10:02:06Z
2026-07-19T10:00:07Z,2026-07-19T12:00:07+0200,0122f339-e99c-4669-a7fd-e7d31a0b8b3d,2026-06-29T07:30:00Z,2026-06-29T09:30:00+0200,49657.0,MW,FR,FR,forecast_load,Forecasted Load,2026-07-19T10:02:06Z
2026-07-19T10:00:07Z,2026-07-19T12:00:07+0200,0122f339-e99c-4669-a7fd-e7d31a0b8b3d,2026-06-29T07:45:00Z,2026-06-29T09:45:00+0200,49969.5,MW,FR,FR,forecast_load,Forecasted Load,2026-07-19T10:02:06Z
2026-07-19T10:00:07Z,2026-07-19T12:00:07+0200,0122f339-e99c-4669-a7fd-e7d31a0b8b3d,2026-06-29T08:00:00Z,2026-06-29T10:00:00+0200,50282.0,MW,FR,FR,forecast_load,Forecasted Load,2026-07-19T10:02:06Z
2026-07-19T10:00:07Z,2026-07-19T12:00:07+0200,0122f339-e99c-4669-a7fd-e7d31a0b8b3d,2026-06-29T08:15:00Z,2026-06-29T10:15:00+0200,50429.0,MW,FR,FR,forecast_load,Forecasted Load,2026-07-19T10:02:06Z
2026-07-19T10:00:07Z,2026-07-19T12:00:07+0200,0122f339-e99c-4669-a7fd-e7d31a0b8b3d,2026-06-29T08:30:00Z,2026-06-29T10:30:00+0200,50576.0,MW,FR,FR,forecast_load,Forecasted Load,2026-07-19T10:02:06Z
2026-07-19T10:00:07Z,2026-07-19T12:00:07+0200,0122f339-e99c-4669-a7fd-e7d31a0b8b3d,2026-06-29T08:45:00Z,2026-06-29T10:45:00+0200,50728.0,MW,FR,FR,forecast_load,Forecasted Load,2026-07-19T10:02:06Z
2026-07-19T10:00:07Z,2026-07-19T12:00:07+0200,0122f339-e99c-4669-a7fd-e7d31a0b8b3d,2026-06-29T09:00:00Z,2026-06-29T11:00:00+0200,50880.0,MW,FR,FR,forecast_load,Forecasted Load,2026-07-19T10:02:06Z
2026-07-19T10:00:07Z,2026-07-19T12:00:07+0200,0122f339-e99c-4669-a7fd-e7d31a0b8b3d,2026-06-29T09:15:00Z,2026-06-29T11:15:00+0200,51010.5,MW,FR,FR,forecast_load,Forecasted Load,2026-07-19T10:02:06Z
2026-07-19T10:00:07Z,2026-07-19T12:00:07+0200,0122f339-e99c-4669-a7fd-e7d31a0b8b3d,2026-06-29T09:30:00Z,2026-06-29T11:30:00+0200,51141.0,MW,FR,FR,forecast_load,Forecasted Load,2026-07-19T10:02:06Z
2026-07-19T10:00:07Z,2026-07-19T12:00:07+0200,0122f339-e99c-4669-a7fd-e7d31a0b8b3d,2026-06-29T09:45:00Z,2026-06-29T11:45:00+0200,51748.0,MW,FR,FR,forecast_load,Forecasted Load,2026-07-19T10:02:06Z
2026-07-19T10:00:07Z,2026-07-19T12:00:07+0200,0122f339-e99c-4669-a7fd-e7d31a0b8b3d,2026-06-29T10:00:00Z,2026-06-29T12:00:00+0200,52355.0,MW,FR,FR,forecast_load,Forecasted Load,2026-07-19T10:02:06Z
2026-07-19T10:00:07Z,2026-07-19T12:00:07+0200,0122f339-e99c-4669-a7fd-e7d31a0b8b3d,2026-06-29T10:15:00Z,2026-06-29T12:15:00+0200,51995.5,MW,FR,FR,forecast_load,Forecasted Load,2026-07-19T10:02:06Z
2026-07-19T10:00:07Z,2026-07-19T12:00:07+0200,0122f339-e99c-4669-a7fd-e7d31a0b8b3d,2026-06-29T10:30:00Z,2026-06-29T12:30:00+0200,51636.0,MW,FR,FR,forecast_load,Forecasted Load,2026-07-19T10:02:06Z
2026-07-19T10:00:07Z,2026-07-19T12:00:07+0200,0122f339-e99c-4669-a7fd-e7d31a0b8b3d,2026-06-29T10:45:00Z,2026-06-29T12:45:00+0200,52278.5,MW,FR,FR,forecast_load,Forecasted Load,2026-07-19T10:02:06Z
2026-07-19T10:00:07Z,2026-07-19T12:00:07+0200,0122f339-e99c-4669-a7fd-e7d31a0b8b3d,2026-06-29T11:00:00Z,2026-06-29T13:00:00+0200,52921.0,MW,FR,FR,forecast_load,Forecasted Load,2026-07-19T10:02:06Z
2026-07-19T10:00:07Z,2026-07-19T12:00:07+0200,0122f339-e99c-4669-a7fd-e7d31a0b8b3d,2026-06-29T11:15:00Z,2026-06-29T13:15:00+0200,52365.0,MW,FR,FR,forecast_load,Forecasted Load,2026-07-19T10:02:06Z
2026-07-19T10:00:07Z,2026-07-19T12:00:07+0200,0122f339-e99c-4669-a7fd-e7d31a0b8b3d,2026-06-29T11:30:00Z,2026-06-29T13:30:00+0200,51809.0,MW,FR,FR,forecast_load,Forecasted Load,2026-07-19T10:02:06Z
2026-07-19T10:00:07Z,2026-07-19T12:00:07+0200,0122f339-e99c-4669-a7fd-e7d31a0b8b3d,2026-06-29T11:45:00Z,2026-06-29T13:45:00+0200,52025.0,MW,FR,FR,forecast_load,Forecasted Load,2026-07-19T10:02:06Z
2026-07-19T10:00:07Z,2026-07-19T12:00:07+0200,0122f339-e99c-4669-a7fd-e7d31a0b8b3d,2026-06-29T12:00:00Z,2026-06-29T14:00:00+0200,52241.0,MW,FR,FR,forecast_load,Forecasted Load,2026-07-19T10:02:06Z
2026-07-19T10:00:07Z,2026-07-19T12:00:07+0200,0122f339-e99c-4669-a7fd-e7d31a0b8b3d,2026-06-29T12:15:00Z,2026-06-29T14:15:00+0200,52328.0,MW,FR,FR,forecast_load,Forecasted Load,2026-07-19T10:02:06Z
2026-07-19T10:00:07Z,2026-07-19T12:00:07+0200,0122f339-e99c-4669-a7fd-e7d31a0b8b3d,2026-06-29T12:30:00Z,2026-06-29T14:30:00+0200,52415.0,MW,FR,FR,forecast_load,Forecasted Load,2026-07-19T10:02:06Z
2026-07-19T10:00:07Z,2026-07-19T12:00:07+0200,0122f339-e99c-4669-a7fd-e7d31a0b8b3d,2026-06-29T12:45:00Z,2026-06-29T14:45:00+0200,51919.0,MW,FR,FR,forecast_load,Forecasted Load,2026-07-19T10:02:06Z
2026-07-19T10:00:07Z,2026-07-19T12:00:07+0200,0122f339-e99c-4669-a7fd-e7d31a0b8b3d,2026-06-29T13:00:00Z,2026-06-29T15:00:00+0200,51423.0,MW,FR,FR,forecast_load,Forecasted Load,2026-07-19T10:02:06Z
2026-07-19T10:00:07Z,2026-07-19T12:00:07+0200,0122f339-e99c-4669-a7fd-e7d31a0b8b3d,2026-06-29T13:15:00Z,2026-06-29T15:15:00+0200,51133.0,MW,FR,FR,forecast_load,Forecasted Load,2026-07-19T10:02:06Z
2026-07-19T10:00:07Z,2026-07-19T12:00:07+0200,0122f339-e99c-4669-a7fd-e7d31a0b8b3d,2026-06-29T13:30:00Z,2026-06-29T15:30:00+0200,50843.0,MW,FR,FR,forecast_load,Forecasted Load,2026-07-19T10:02:06Z
2026-07-19T10:00:07Z,2026-07-19T12:00:07+0200,0122f339-e99c-4669-a7fd-e7d31a0b8b3d,2026-06-29T13:45:00Z,2026-06-29T15:45:00+0200,50353.5,MW,FR,FR,forecast_load,Forecasted Load,2026-07-19T10:02:06Z
2026-07-19T10:00:07Z,2026-07-19T12:00:07+0200,0122f339-e99c-4669-a7fd-e7d31a0b8b3d,2026-06-29T14:00:00Z,2026-06-29T16:00:00+0200,49864.0,MW,FR,FR,forecast_load,Forecasted Load,2026-07-19T10:02:06Z
2026-07-19T10:00:07Z,2026-07-19T12:00:07+0200,0122f339-e99c-4669-a7fd-e7d31a0b8b3d,2026-06-29T14:15:00Z,2026-06-29T16:15:00+0200,49626.5,MW,FR,FR,forecast_load,Forecasted Load,2026-07-19T10:02:06Z
2026-07-19T10:00:07Z,2026-07-19T12:00:07+0200,0122f339-e99c-4669-a7fd-e7d31a0b8b3d,2026-06-29T14:30:00Z,2026-06-29T16:30:00+0200,49389.0,MW,FR,FR,forecast_load,Forecasted Load,2026-07-19T10:02:06Z
2026-07-19T10:00:07Z,2026-07-19T12:00:07+0200,0122f339-e99c-4669-a7fd-e7d31a0b8b3d,2026-06-29T14:45:00Z,2026-06-29T16:45:00+0200,49192.5,MW,FR,FR,forecast_load,Forecasted Load,2026-07-19T10:02:06Z
2026-07-19T10:00:07Z,2026-07-19T12:00:07+0200,0122f339-e99c-4669-a7fd-e7d31a0b8b3d,2026-06-29T15:00:00Z,2026-06-29T17:00:00+0200,48996.0,MW,FR,FR,forecast_load,Forecasted Load,2026-07-19T10:02:06Z
2026-07-19T10:00:07Z,2026-07-19T12:00:07+0200,0122f339-e99c-4669-a7fd-e7d31a0b8b3d,2026-06-29T15:15:00Z,2026-06-29T17:15:00+0200,49089.0,MW,FR,FR,forecast_load,Forecasted Load,2026-07-19T10:02:06Z
2026-07-19T10:00:07Z,2026-07-19T12:00:07+0200,0122f339-e99c-4669-a7fd-e7d31a0b8b3d,2026-06-29T15:30:00Z,2026-06-29T17:30:00+0200,49182.0,MW,FR,FR,forecast_load,Forecasted Load,2026-07-19T10:02:06Z
2026-07-19T10:00:07Z,2026-07-19T12:00:07+0200,0122f339-e99c-4669-a7fd-e7d31a0b8b3d,2026-06-29T15:45:00Z,2026-06-29T17:45:00+0200,49395.5,MW,FR,FR,forecast_load,Forecasted Load,2026-07-19T10:02:06Z
2026-07-19T10:00:07Z,2026-07-19T12:00:07+0200,0122f339-e99c-4669-a7fd-e7d31a0b8b3d,2026-06-29T16:00:00Z,2026-06-29T18:00:00+0200,49609.0,MW,FR,FR,forecast_load,Forecasted Load,2026-07-19T10:02:06Z
2026-07-19T10:00:07Z,2026-07-19T12:00:07+0200,0122f339-e99c-4669-a7fd-e7d31a0b8b3d,2026-06-29T16:15:00Z,2026-06-29T18:15:00+0200,50289.5,MW,FR,FR,forecast_load,Forecasted Load,2026-07-19T10:02:06Z
2026-07-19T10:00:07Z,2026-07-19T12:00:07+0200,0122f339-e99c-4669-a7fd-e7d31a0b8b3d,2026-06-29T16:30:00Z,2026-06-29T18:30:00+0200,50970.0,MW,FR,FR,forecast_load,Forecasted Load,2026-07-19T10:02:06Z
2026-07-19T10:00:07Z,2026-07-19T12:00:07+0200,0122f339-e99c-4669-a7fd-e7d31a0b8b3d,2026-06-29T16:45:00Z,2026-06-29T18:45:00+0200,51647.5,MW,FR,FR,forecast_load,Forecasted Load,2026-07-19T10:02:06Z
2026-07-19T10:00:07Z,2026-07-19T12:00:07+0200,0122f339-e99c-4669-a7fd-e7d31a0b8b3d,2026-06-29T17:00:00Z,2026-06-29T19:00:00+0200,52325.0,MW,FR,FR,forecast_load,Forecasted Load,2026-07-19T10:02:06Z
2026-07-19T10:00:07Z,2026-07-19T12:00:07+0200,0122f339-e99c-4669-a7fd-e7d31a0b8b3d,2026-06-29T17:15:00Z,2026-06-29T19:15:00+0200,52423.0,MW,FR,FR,forecast_load,Forecasted Load,2026-07-19T10:02:06Z
2026-07-19T10:00:07Z,2026-07-19T12:00:07+0200,0122f339-e99c-4669-a7fd-e7d31a0b8b3d,2026-06-29T17:30:00Z,2026-06-29T19:30:00+0200,52521.0,MW,FR,FR,forecast_load,Forecasted Load,2026-07-19T10:02:06Z
2026-07-19T10:00:07Z,2026-07-19T12:00:07+0200,0122f339-e99c-4669-a7fd-e7d31a0b8b3d,2026-06-29T17:45:00Z,2026-06-29T19:45:00+0200,52304.5,MW,FR,FR,forecast_load,Forecasted Load,2026-07-19T10:02:06Z
2026-07-19T10:00:07Z,2026-07-19T12:00:07+0200,0122f339-e99c-4669-a7fd-e7d31a0b8b3d,2026-06-29T18:00:00Z,2026-06-29T20:00:00+0200,52088.0,MW,FR,FR,forecast_load,Forecasted Load,2026-07-19T10:02:06Z
2026-07-19T10:00:07Z,2026-07-19T12:00:07+0200,0122f339-e99c-4669-a7fd-e7d31a0b8b3d,2026-06-29T18:15:00Z,2026-06-29T20:15:00+0200,51375.5,MW,FR,FR,forecast_load,Forecasted Load,2026-07-19T10:02:06Z
2026-07-19T10:00:07Z,2026-07-19T12:00:07+0200,0122f339-e99c-4669-a7fd-e7d31a0b8b3d,2026-06-29T18:30:00Z,2026-06-29T20:30:00+0200,50663.0,MW,FR,FR,forecast_load,Forecasted Load,2026-07-19T10:02:06Z
2026-07-19T10:00:07Z,2026-07-19T12:00:07+0200,0122f339-e99c-4669-a7fd-e7d31a0b8b3d,2026-06-29T18:45:00Z,2026-06-29T20:45:00+0200,50162.0,MW,FR,FR,forecast_load,Forecasted Load,2026-07-19T10:02:06Z
2026-07-19T10:00:07Z,2026-07-19T12:00:07+0200,0122f339-e99c-4669-a7fd-e7d31a0b8b3d,2026-06-29T19:00:00Z,2026-06-29T21:00:00+0200,49661.0,MW,FR,FR,forecast_load,Forecasted Load,2026-07-19T10:02:06Z
2026-07-19T10:00:07Z,2026-07-19T12:00:07+0200,0122f339-e99c-4669-a7fd-e7d31a0b8b3d,2026-06-29T19:15:00Z,2026-06-29T21:15:00+0200,49037.0,MW,FR,FR,forecast_load,Forecasted Load,2026-07-19T10:02:06Z
2026-07-19T10:00:07Z,2026-07-19T12:00:07+0200,0122f339-e99c-4669-a7fd-e7d31a0b8b3d,2026-06-29T19:30:00Z,2026-06-29T21:30:00+0200,48413.0,MW,FR,FR,forecast_load,Forecasted Load,2026-07-19T10:02:06Z
2026-07-19T10:00:07Z,2026-07-19T12:00:07+0200,0122f339-e99c-4669-a7fd-e7d31a0b8b3d,2026-06-29T19:45:00Z,2026-06-29T21:45:00+0200,48189.5,MW,FR,FR,forecast_load,Forecasted Load,2026-07-19T10:02:06Z
2026-07-19T10:00:07Z,2026-07-19T12:00:07+0200,0122f339-e99c-4669-a7fd-e7d31a0b8b3d,2026-06-29T20:00:00Z,2026-06-29T22:00:00+0200,47966.0,MW,FR,FR,forecast_load,Forecasted Load,2026-07-19T10:02:06Z
2026-07-19T10:00:07Z,2026-07-19T12:00:07+0200,0122f339-e99c-4669-a7fd-e7d31a0b8b3d,2026-06-29T20:15:00Z,2026-06-29T22:15:00+0200,48886.0,MW,FR,FR,forecast_load,Forecasted Load,2026-07-19T10:02:06Z
2026-07-19T10:00:07Z,2026-07-19T12:00:07+0200,0122f339-e99c-4669-a7fd-e7d31a0b8b3d,2026-06-29T20:30:00Z,2026-06-29T22:30:00+0200,49806.0,MW,FR,FR,forecast_load,Forecasted Load,2026-07-19T10:02:06Z
2026-07-19T10:00:07Z,2026-07-19T12:00:07+0200,0122f339-e99c-4669-a7fd-e7d31a0b8b3d,2026-06-29T20:45:00Z,2026-06-29T22:45:00+0200,50380.0,MW,FR,FR,forecast_load,Forecasted Load,2026-07-19T10:02:06Z
2026-07-19T10:00:07Z,2026-07-19T12:00:07+0200,0122f339-e99c-4669-a7fd-e7d31a0b8b3d,2026-06-29T21:00:00Z,2026-06-29T23:00:00+0200,50954.0,MW,FR,FR,forecast_load,Forecasted Load,2026-07-19T10:02:06Z
2026-07-19T10:00:07Z,2026-07-19T12:00:07+0200,0122f339-e99c-4669-a7fd-e7d31a0b8b3d,2026-06-29T21:15:00Z,2026-06-29T23:15:00+0200,49736.0,MW,FR,FR,forecast_load,Forecasted Load,2026-07-19T10:02:06Z
2026-07-19T10:00:07Z,2026-07-19T12:00:07+0200,0122f339-e99c-4669-a7fd-e7d31a0b8b3d,2026-06-29T21:30:00Z,2026-06-29T23:30:00+0200,48518.0,MW,FR,FR,forecast_load,Forecasted Load,2026-07-19T10:02:06Z
2026-07-19T10:00:07Z,2026-07-19T12:00:07+0200,0122f339-e99c-4669-a7fd-e7d31a0b8b3d,2026-06-29T21:45:00Z,2026-06-29T23:45:00+0200,47615.5,MW,FR,FR,forecast_load,Forecasted Load,2026-07-19T10:02:06Z
2026-07-19T10:00:07Z,2026-07-19T12:00:07+0200,0122f339-e99c-4669-a7fd-e7d31a0b8b3d,2026-06-29T22:00:00Z,2026-06-30T00:00:00+0200,46326.0,MW,FR,FR,forecast_load,Forecasted Load,2026-07-19T10:02:06Z
2026-07-19T10:00:07Z,2026-07-19T12:00:07+0200,0122f339-e99c-4669-a7fd-e7d31a0b8b3d,2026-06-29T22:15:00Z,2026-06-30T00:15:00+0200,45238.0,MW,FR,FR,forecast_load,Forecasted Load,2026-07-19T10:02:06Z
2026-07-19T10:00:07Z,2026-07-19T12:00:07+0200,0122f339-e99c-4669-a7fd-e7d31a0b8b3d,2026-06-29T22:30:00Z,2026-06-30T00:30:00+0200,44150.0,MW,FR,FR,forecast_load,Forecasted Load,2026-07-19T10:02:06Z
2026-07-19T10:00:07Z,2026-07-19T12:00:07+0200,0122f339-e99c-4669-a7fd-e7d31a0b8b3d,2026-06-29T22:45:00Z,2026-06-30T00:45:00+0200,43339.5,MW,FR,FR,forecast_load,Forecasted Load,2026-07-19T10:02:06Z
2026-07-19T10:00:07Z,2026-07-19T12:00:07+0200,0122f339-e99c-4669-a7fd-e7d31a0b8b3d,2026-06-29T23:00:00Z,2026-06-30T01:00:00+0200,42529.0,MW,FR,FR,forecast_load,Forecasted Load,2026-07-19T10:02:06Z
2026-07-19T10:00:07Z,2026-07-19T12:00:07+0200,0122f339-e99c-4669-a7fd-e7d31a0b8b3d,2026-06-29T23:15:00Z,2026-06-30T01:15:00+0200,42431.5,MW,FR,FR,forecast_load,Forecasted Load,2026-07-19T10:02:06Z
2026-07-19T10:00:07Z,2026-07-19T12:00:07+0200,0122f339-e99c-4669-a7fd-e7d31a0b8b3d,2026-06-29T23:30:00Z,2026-06-30T01:30:00+0200,42334.0,MW,FR,FR,forecast_load,Forecasted Load,2026-07-19T10:02:06Z
2026-07-19T10:00:07Z,2026-07-19T12:00:07+0200,0122f339-e99c-4669-a7fd-e7d31a0b8b3d,2026-06-29T23:45:00Z,2026-06-30T01:45:00+0200,41927.5,MW,FR,FR,forecast_load,Forecasted Load,2026-07-19T10:02:06Z
2026-07-19T10:00:07Z,2026-07-19T12:00:07+0200,0122f339-e99c-4669-a7fd-e7d31a0b8b3d,2026-06-30T00:00:00Z,2026-06-30T02:00:00+0200,41521.0,MW,FR,FR,forecast_load,Forecasted Load,2026-07-19T10:02:06Z
2026-07-19T10:00:07Z,2026-07-19T12:00:07+0200,0122f339-e99c-4669-a7fd-e7d31a0b8b3d,2026-06-30T00:15:00Z,2026-06-30T02:15:00+0200,40590.5,MW,FR,FR,forecast_load,Forecasted Load,2026-07-19T10:02:06Z
2026-07-19T10:00:07Z,2026-07-19T12:00:07+0200,0122f339-e99c-4669-a7fd-e7d31a0b8b3d,2026-06-30T00:30:00Z,2026-06-30T02:30:00+0200,39660.0,MW,FR,FR,forecast_load,Forecasted Load,2026-07-19T10:02:06Z
2026-07-19T10:00:07Z,2026-07-19T12:00:07+0200,0122f339-e99c-4669-a7fd-e7d31a0b8b3d,2026-06-30T00:45:00Z,2026-06-30T02:45:00+0200,38982.5,MW,FR,FR,forecast_load,Forecasted Load,2026-07-19T10:02:06Z
2026-07-19T10:00:07Z,2026-07-19T12:00:07+0200,0122f339-e99c-4669-a7fd-e7d31a0b8b3d,2026-06-30T01:00:00Z,2026-06-30T03:00:00+0200,38305.0,MW,FR,FR,forecast_load,Forecasted Load,2026-07-19T10:02:06Z
2026-07-19T10:00:07Z,2026-07-19T12:00:07+0200,0122f339-e99c-4669-a7fd-e7d31a0b8b3d,2026-06-30T01:15:00Z,2026-06-30T03:15:00+0200,38026.0,MW,FR,FR,forecast_load,Forecasted Load,2026-07-19T10:02:06Z
2026-07-19T10:00:07Z,2026-07-19T12:00:07+0200,0122f339-e99c-4669-a7fd-e7d31a0b8b3d,2026-06-30T01:30:00Z,2026-06-30T03:30:00+0200,37747.0,MW,FR,FR,forecast_load,Forecasted Load,2026-07-19T10:02:06Z
2026-07-19T10:00:07Z,2026-07-19T12:00:07+0200,0122f339-e99c-4669-a7fd-e7d31a0b8b3d,2026-06-30T01:45:00Z,2026-06-30T03:45:00+0200,37576.5,MW,FR,FR,forecast_load,Forecasted Load,2026-07-19T10:02:06Z
2026-07-19T10:00:07Z,2026-07-19T12:00:07+0200,0122f339-e99c-4669-a7fd-e7d31a0b8b3d,2026-06-30T02:00:00Z,2026-06-30T04:00:00+0200,37406.0,MW,FR,FR,forecast_load,Forecasted Load,2026-07-19T10:02:06Z
2026-07-19T10:00:07Z,2026-07-19T12:00:07+0200,0122f339-e99c-4669-a7fd-e7d31a0b8b3d,2026-06-30T02:15:00Z,2026-06-30T04:15:00+0200,37304.5,MW,FR,FR,forecast_load,Forecasted Load,2026-07-19T10:02:06Z
2026-07-19T10:00:07Z,2026-07-19T12:00:07+0200,0122f339-e99c-4669-a7fd-e7d31a0b8b3d,2026-06-30T02:30:00Z,2026-06-30T04:30:00+0200,37203.0,MW,FR,FR,forecast_load,Forecasted Load,2026-07-19T10:02:06Z
2026-07-19T10:00:07Z,2026-07-19T12:00:07+0200,0122f339-e99c-4669-a7fd-e7d31a0b8b3d,2026-06-30T02:45:00Z,2026-06-30T04:45:00+0200,37401.5,MW,FR,FR,forecast_load,Forecasted Load,2026-07-19T10:02:06Z
2026-07-19T10:00:07Z,2026-07-19T12:00:07+0200,0122f339-e99c-4669-a7fd-e7d31a0b8b3d,2026-06-30T03:00:00Z,2026-06-30T05:00:00+0200,37600.0,MW,FR,FR,forecast_load,Forecasted Load,2026-07-19T10:02:06Z
2026-07-19T10:00:07Z,2026-07-19T12:00:07+0200,0122f339-e99c-4669-a7fd-e7d31a0b8b3d,2026-06-30T03:15:00Z,2026-06-30T05:15:00+0200,38070.0,MW,FR,FR,forecast_load,Forecasted Load,2026-07-19T10:02:06Z
2026-07-19T10:00:07Z,2026-07-19T12:00:07+0200,0122f339-e99c-4669-a7fd-e7d31a0b8b3d,2026-06-30T03:30:00Z,2026-06-30T05:30:00+0200,38540.0,MW,FR,FR,forecast_load,Forecasted Load,2026-07-19T10:02:06Z
2026-07-19T10:00:07Z,2026-07-19T12:00:07+0200,0122f339-e99c-4669-a7fd-e7d31a0b8b3d,2026-06-30T03:45:00Z,2026-06-30T05:45:00+0200,39007.5,MW,FR,FR,forecast_load,Forecasted Load,2026-07-19T10:02:06Z
2026-07-19T10:00:07Z,2026-07-19T12:00:07+0200,0122f339-e99c-4669-a7fd-e7d31a0b8b3d,2026-06-30T04:00:00Z,2026-06-30T06:00:00+0200,39475.0,MW,FR,FR,forecast_load,Forecasted Load,2026-07-19T10:02:06Z
2026-07-19T10:00:07Z,2026-07-19T12:00:07+0200,0122f339-e99c-4669-a7fd-e7d31a0b8b3d,2026-06-30T04:15:00Z,2026-06-30T06:15:00+0200,40329.5,MW,FR,FR,forecast_load,Forecasted Load,2026-07-19T10:02:06Z
2026-07-19T10:00:07Z,2026-07-19T12:00:07+0200,0122f339-e99c-4669-a7fd-e7d31a0b8b3d,2026-06-30T04:30:00Z,2026-06-30T06:30:00+0200,41184.0,MW,FR,FR,forecast_load,Forecasted Load,2026-07-19T10:02:06Z
2026-07-19T10:00:07Z,2026-07-19T12:00:07+0200,0122f339-e99c-4669-a7fd-e7d31a0b8b3d,2026-06-30T04:45:00Z,2026-06-30T06:45:00+0200,41901.0,MW,FR,FR,forecast_load,Forecasted Load,2026-07-19T10:02:06Z
2026-07-19T10:00:07Z,2026-07-19T12:00:07+0200,0122f339-e99c-4669-a7fd-e7d31a0b8b3d,2026-06-30T05:00:00Z,2026-06-30T07:00:00+0200,42618.0,MW,FR,FR,forecast_load,Forecasted Load,2026-07-19T10:02:06Z
2026-07-19T10:00:07Z,2026-07-19T12:00:07+0200,0122f339-e99c-4669-a7fd-e7d31a0b8b3d,2026-06-30T05:15:00Z,2026-06-30T07:15:00+0200,43382.5,MW,FR,FR,forecast_load,Forecasted Load,2026-07-19T10:02:06Z
2026-07-19T10:00:07Z,2026-07-19T12:00:07+0200,0122f339-e99c-4669-a7fd-e7d31a0b8b3d,2026-06-30T05:30:00Z,2026-06-30T07:30:00+0200,44147.0,MW,FR,FR,forecast_load,Forecasted Load,2026-07-19T10:02:06Z
2026-07-19T10:00:07Z,2026-07-19T12:00:07+0200,0122f339-e99c-4669-a7fd-e7d31a0b8b3d,2026-06-30T05:45:00Z,2026-06-30T07:45:00+0200,45009.0,MW,FR,FR,forecast_load,Forecasted Load,2026-07-19T10:02:06Z
2026-07-19T10:00:07Z,2026-07-19T12:00:07+0200,0122f339-e99c-4669-a7fd-e7d31a0b8b3d,2026-06-30T06:00:00Z,2026-06-30T08:00:00+0200,45871.0,MW,FR,FR,forecast_load,Forecasted Load,2026-07-19T10:02:06Z
2026-07-19T10:00:07Z,2026-07-19T12:00:07+0200,0122f339-e99c-4669-a7fd-e7d31a0b8b3d,2026-06-30T06:15:00Z,2026-06-30T08:15:00+0200,46582.5,MW,FR,FR,forecast_load,Forecasted Load,2026-07-19T10:02:06Z
2026-07-19T10:00:07Z,2026-07-19T12:00:07+0200,0122f339-e99c-4669-a7fd-e7d31a0b8b3d,2026-06-30T06:30:00Z,2026-06-30T08:30:00+0200,47294.0,MW,FR,FR,forecast_load,Forecasted Load,2026-07-19T10:02:06Z
2026-07-19T10:00:07Z,2026-07-19T12:00:07+0200,0122f339-e99c-4669-a7fd-e7d31a0b8b3d,2026-06-30T06:45:00Z,2026-06-30T08:45:00+0200,47966.0,MW,FR,FR,forecast_load,Forecasted Load,2026-07-19T10:02:06Z
2026-07-19T10:00:07Z,2026-07-19T12:00:07+0200,0122f339-e99c-4669-a7fd-e7d31a0b8b3d,2026-06-30T07:00:00Z,2026-06-30T09:00:00+0200,48638.0,MW,FR,FR,forecast_load,Forecasted Load,2026-07-19T10:02:06Z
2026-07-19T10:00:07Z,2026-07-19T12:00:07+0200,0122f339-e99c-4669-a7fd-e7d31a0b8b3d,2026-06-30T07:15:00Z,2026-06-30T09:15:00+0200,48923.0,MW,FR,FR,forecast_load,Forecasted Load,2026-07-19T10:02:06Z
2026-07-19T10:00:07Z,2026-07-19T12:00:07+0200,0122f339-e99c-4669-a7fd-e7d31a0b8b3d,2026-06-30T07:30:00Z,2026-06-30T09:30:00+0200,49208.0,MW,FR,FR,forecast_load,Forecasted Load,2026-07-19T10:02:06Z
2026-07-19T10:00:07Z,2026-07-19T12:00:07+0200,0122f339-e99c-4669-a7fd-e7d31a0b8b3d,2026-06-30T07:45:00Z,2026-06-30T09:45:00+0200,49453.0,MW,FR,FR,forecast_load,Forecasted Load,2026-07-19T10:02:06Z
2026-07-19T10:00:07Z,2026-07-19T12:00:07+0200,0122f339-e99c-4669-a7fd-e7d31a0b8b3d,2026-06-30T08:00:00Z,2026-06-30T10:00:00+0200,49698.0,MW,FR,FR,forecast_load,Forecasted Load,2026-07-19T10:02:06Z
2026-07-19T10:00:07Z,2026-07-19T12:00:07+0200,0122f339-e99c-4669-a7fd-e7d31a0b8b3d,2026-06-30T08:15:00Z,2026-06-30T10:15:00+0200,49733.0,MW,FR,FR,forecast_load,Forecasted Load,2026-07-19T10:02:06Z
2026-07-19T10:00:07Z,2026-07-19T12:00:07+0200,0122f339-e99c-4669-a7fd-e7d31a0b8b3d,2026-06-30T08:30:00Z,2026-06-30T10:30:00+0200,49768.0,MW,FR,FR,forecast_load,Forecasted Load,2026-07-19T10:02:06Z
2026-07-19T10:00:07Z,2026-07-19T12:00:07+0200,0122f339-e99c-4669-a7fd-e7d31a0b8b3d,2026-06-30T08:45:00Z,2026-06-30T10:45:00+0200,50084.5,MW,FR,FR,forecast_load,Forecasted Load,2026-07-19T10:02:06Z
2026-07-19T10:00:07Z,2026-07-19T12:00:07+0200,0122f339-e99c-4669-a7fd-e7d31a0b8b3d,2026-06-30T09:00:00Z,2026-06-30T11:00:00+0200,50401.0,MW,FR,FR,forecast_load,Forecasted Load,2026-07-19T10:02:06Z
2026-07-19T10:00:07Z,2026-07-19T12:00:07+0200,0122f339-e99c-4669-a7fd-e7d31a0b8b3d,2026-06-30T09:15:00Z,2026-06-30T11:15:00+0200,50425.5,MW,FR,FR,forecast_load,Forecasted Load,2026-07-19T10:02:06Z
2026-07-19T10:00:07Z,2026-07-19T12:00:07+0200,0122f339-e99c-4669-a7fd-e7d31a0b8b3d,2026-06-30T09:30:00Z,2026-06-30T11:30:00+0200,50450.0,MW,FR,FR,forecast_load,Forecasted Load,2026-07-19T10:02:06Z
2026-07-19T10:00:07Z,2026-07-19T12:00:07+0200,0122f339-e99c-4669-a7fd-e7d31a0b8b3d,2026-06-30T09:45:00Z,2026-06-30T11:45:00+0200,50915.0,MW,FR,FR,forecast_load,Forecasted Load,2026-07-19T10:02:06Z
2026-07-19T10:00:07Z,2026-07-19T12:00:07+0200,0122f339-e99c-4669-a7fd-e7d31a0b8b3d,2026-06-30T10:00:00Z,2026-06-30T12:00:00+0200,51380.0,MW,FR,FR,forecast_load,Forecasted Load,2026-07-19T10:02:06Z
2026-07-19T10:00:07Z,2026-07-19T12:00:07+0200,0122f339-e99c-4669-a7fd-e7d31a0b8b3d,2026-06-30T10:15:00Z,2026-06-30T12:15:00+0200,51034.0,MW,FR,FR,forecast_load,Forecasted Load,2026-07-19T10:02:06Z
2026-07-19T10:00:07Z,2026-07-19T12:00:07+0200,0122f339-e99c-4669-a7fd-e7d31a0b8b3d,2026-06-30T10:30:00Z,2026-06-30T12:30:00+0200,50688.0,MW,FR,FR,forecast_load,Forecasted Load,2026-07-19T10:02:06Z
2026-07-19T10:00:07Z,2026-07-19T12:00:07+0200,0122f339-e99c-4669-a7fd-e7d31a0b8b3d,2026-06-30T10:45:00Z,2026-06-30T12:45:00+0200,51404.0,MW,FR,FR,forecast_load,Forecasted Load,2026-07-19T10:02:06Z
2026-07-19T10:00:07Z,2026-07-19T12:00:07+0200,0122f339-e99c-4669-a7fd-e7d31a0b8b3d,2026-06-30T11:00:00Z,2026-06-30T13:00:00+0200,52120.0,MW,FR,FR,forecast_load,Forecasted Load,2026-07-19T10:02:06Z
2026-07-19T10:00:07Z,2026-07-19T12:00:07+0200,0122f339-e99c-4669-a7fd-e7d31a0b8b3d,2026-06-30T11:15:00Z,2026-06-30T13:15:00+0200,51637.0,MW,FR,FR,forecast_load,Forecasted Load,2026-07-19T10:02:06Z
2026-07-19T10:00:07Z,2026-07-19T12:00:07+0200,0122f339-e99c-4669-a7fd-e7d31a0b8b3d,2026-06-30T11:30:00Z,2026-06-30T13:30:00+0200,51154.0,MW,FR,FR,forecast_load,Forecasted Load,2026-07-19T10:02:06Z
2026-07-19T10:00:07Z,2026-07-19T12:00:07+0200,0122f339-e99c-4669-a7fd-e7d31a0b8b3d,2026-06-30T11:45:00Z,2026-06-30T13:45:00+0200,51553.0,MW,FR,FR,forecast_load,Forecasted Load,2026-07-19T10:02:06Z
2026-07-19T10:00:07Z,2026-07-19T12:00:07+0200,0122f339-e99c-4669-a7fd-e7d31a0b8b3d,2026-06-30T12:00:00Z,2026-06-30T14:00:00+0200,51952.0,MW,FR,FR,forecast_load,Forecasted Load,2026-07-19T10:02:06Z
2026-07-19T10:00:07Z,2026-07-19T12:00:07+0200,0122f339-e99c-4669-a7fd-e7d31a0b8b3d,2026-06-30T12:15:00Z,2026-06-30T14:15:00+0200,51887.5,MW,FR,FR,forecast_load,Forecasted Load,2026-07-19T10:02:06Z
2026-07-19T10:00:07Z,2026-07-19T12:00:07+0200,0122f339-e99c-4669-a7fd-e7d31a0b8b3d,2026-06-30T12:30:00Z,2026-06-30T14:30:00+0200,51823.0,MW,FR,FR,forecast_load,Forecasted Load,2026-07-19T10:02:06Z
2026-07-19T10:00:07Z,2026-07-19T12:00:07+0200,0122f339-e99c-4669-a7fd-e7d31a0b8b3d,2026-06-30T12:45:00Z,2026-06-30T14:45:00+0200,51439.5,MW,FR,FR,forecast_load,Forecasted Load,2026-07-19T10:02:06Z
2026-07-19T10:00:07Z,2026-07-19T12:00:07+0200,0122f339-e99c-4669-a7fd-e7d31a0b8b3d,2026-06-30T13:00:00Z,2026-06-30T15:00:00+0200,51056.0,MW,FR,FR,forecast_load,Forecasted Load,2026-07-19T10:02:06Z
2026-07-19T10:00:07Z,2026-07-19T12:00:07+0200,0122f339-e99c-4669-a7fd-e7d31a0b8b3d,2026-06-30T13:15:00Z,2026-06-30T15:15:00+0200,50541.0,MW,FR,FR,forecast_load,Forecasted Load,2026-07-19T10:02:06Z
2026-07-19T10:00:07Z,2026-07-19T12:00:07+0200,0122f339-e99c-4669-a7fd-e7d31a0b8b3d,2026-06-30T13:30:00Z,2026-06-30T15:30:00+0200,50026.0,MW,FR,FR,forecast_load,Forecasted Load,2026-07-19T10:02:06Z
2026-07-19T10:00:07Z,2026-07-19T12:00:07+0200,0122f339-e99c-4669-a7fd-e7d31a0b8b3d,2026-06-30T13:45:00Z,2026-06-30T15:45:00+0200,49732.0,MW,FR,FR,forecast_load,Forecasted Load,2026-07-19T10:02:06Z
2026-07-19T10:00:07Z,2026-07-19T12:00:07+0200,0122f339-e99c-4669-a7fd-e7d31a0b8b3d,2026-06-30T14:00:00Z,2026-06-30T16:00:00+0200,49438.0,MW,FR,FR,forecast_load,Forecasted Load,2026-07-19T10:02:06Z
2026-07-19T10:00:07Z,2026-07-19T12:00:07+0200,0122f339-e99c-4669-a7fd-e7d31a0b8b3d,2026-06-30T14:15:00Z,2026-06-30T16:15:00+0200,49206.5,MW,FR,FR,forecast_load,Forecasted Load,2026-07-19T10:02:06Z
2026-07-19T10:00:07Z,2026-07-19T12:00:07+0200,0122f339-e99c-4669-a7fd-e7d31a0b8b3d,2026-06-30T14:30:00Z,2026-06-30T16:30:00+0200,48975.0,MW,FR,FR,forecast_load,Forecasted Load,2026-07-19T10:02:06Z
2026-07-19T10:00:07Z,2026-07-19T12:00:07+0200,0122f339-e99c-4669-a7fd-e7d31a0b8b3d,2026-06-30T14:45:00Z,2026-06-30T16:45:00+0200,48912.5,MW,FR,FR,forecast_load,Forecasted Load,2026-07-19T10:02:06Z
2026-07-19T10:00:07Z,2026-07-19T12:00:07+0200,0122f339-e99c-4669-a7fd-e7d31a0b8b3d,2026-06-30T15:00:00Z,2026-06-30T17:00:00+0200,48850.0,MW,FR,FR,forecast_load,Forecasted Load,2026-07-19T10:02:06Z
2026-07-19T10:00:07Z,2026-07-19T12:00:07+0200,0122f339-e99c-4669-a7fd-e7d31a0b8b3d,2026-06-30T15:15:00Z,2026-06-30T17:15:00+0200,49064.5,MW,FR,FR,forecast_load,Forecasted Load,2026-07-19T10:02:06Z
2026-07-19T10:00:07Z,2026-07-19T12:00:07+0200,0122f339-e99c-4669-a7fd-e7d31a0b8b3d,2026-06-30T15:30:00Z,2026-06-30T17:30:00+0200,49279.0,MW,FR,FR,forecast_load,Forecasted Load,2026-07-19T10:02:06Z
2026-07-19T10:00:07Z,2026-07-19T12:00:07+0200,0122f339-e99c-4669-a7fd-e7d31a0b8b3d,2026-06-30T15:45:00Z,2026-06-30T17:45:00+0200,49451.0,MW,FR,FR,forecast_load,Forecasted Load,2026-07-19T10:02:06Z
2026-07-19T10:00:07Z,2026-07-19T12:00:07+0200,0122f339-e99c-4669-a7fd-e7d31a0b8b3d,2026-06-30T16:00:00Z,2026-06-30T18:00:00+0200,49623.0,MW,FR,FR,forecast_load,Forecasted Load,2026-07-19T10:02:06Z
2026-07-19T10:00:07Z,2026-07-19T12:00:07+0200,0122f339-e99c-4669-a7fd-e7d31a0b8b3d,2026-06-30T16:15:00Z,2026-06-30T18:15:00+0200,50222.5,MW,FR,FR,forecast_load,Forecasted Load,2026-07-19T10:02:06Z
2026-07-19T10:00:07Z,2026-07-19T12:00:07+0200,0122f339-e99c-4669-a7fd-e7d31a0b8b3d,2026-06-30T16:30:00Z,2026-06-30T18:30:00+0200,50822.0,MW,FR,FR,forecast_load,Forecasted Load,2026-07-19T10:02:06Z
2026-07-19T10:00:07Z,2026-07-19T12:00:07+0200,0122f339-e99c-4669-a7fd-e7d31a0b8b3d,2026-06-30T16:45:00Z,2026-06-30T18:45:00+0200,51504.5,MW,FR,FR,forecast_load,Forecasted Load,2026-07-19T10:02:06Z
2026-07-19T10:00:07Z,2026-07-19T12:00:07+0200,0122f339-e99c-4669-a7fd-e7d31a0b8b3d,2026-06-30T17:00:00Z,2026-06-30T19:00:00+0200,52187.0,MW,FR,FR,forecast_load,Forecasted Load,2026-07-19T10:02:06Z
2026-07-19T10:00:07Z,2026-07-19T12:00:07+0200,0122f339-e99c-4669-a7fd-e7d31a0b8b3d,2026-06-30T17:15:00Z,2026-06-30T19:15:00+0200,52087.5,MW,FR,FR,forecast_load,Forecasted Load,2026-07-19T10:02:06Z
2026-07-19T10:00:07Z,2026-07-19T12:00:07+0200,0122f339-e99c-4669-a7fd-e7d31a0b8b3d,2026-06-30T17:30:00Z,2026-06-30T19:30:00+0200,51988.0,MW,FR,FR,forecast_load,Forecasted Load,2026-07-19T10:02:06Z
2026-07-19T10:00:07Z,2026-07-19T12:00:07+0200,0122f339-e99c-4669-a7fd-e7d31a0b8b3d,2026-06-30T17:45:00Z,2026-06-30T19:45:00+0200,51876.0,MW,FR,FR,forecast_load,Forecasted Load,2026-07-19T10:02:06Z
2026-07-19T10:00:07Z,2026-07-19T12:00:07+0200,0122f339-e99c-4669-a7fd-e7d31a0b8b3d,2026-06-30T18:00:00Z,2026-06-30T20:00:00+0200,51764.0,MW,FR,FR,forecast_load,Forecasted Load,2026-07-19T10:02:06Z
2026-07-19T10:00:07Z,2026-07-19T12:00:07+0200,0122f339-e99c-4669-a7fd-e7d31a0b8b3d,2026-06-30T18:15:00Z,2026-06-30T20:15:00+0200,51195.5,MW,FR,FR,forecast_load,Forecasted Load,2026-07-19T10:02:06Z
2026-07-19T10:00:07Z,2026-07-19T12:00:07+0200,0122f339-e99c-4669-a7fd-e7d31a0b8b3d,2026-06-30T18:30:00Z,2026-06-30T20:30:00+0200,50627.0,MW,FR,FR,forecast_load,Forecasted Load,2026-07-19T10:02:06Z
2026-07-19T10:00:07Z,2026-07-19T12:00:07+0200,0122f339-e99c-4669-a7fd-e7d31a0b8b3d,2026-06-30T18:45:00Z,2026-06-30T20:45:00+0200,50069.5,MW,FR,FR,forecast_load,Forecasted Load,2026-07-19T10:02:06Z
2026-07-19T10:00:07Z,2026-07-19T12:00:07+0200,0122f339-e99c-4669-a7fd-e7d31a0b8b3d,2026-06-30T19:00:00Z,2026-06-30T21:00:00+0200,49512.0,MW,FR,FR,forecast_load,Forecasted Load,2026-07-19T10:02:06Z
2026-07-19T10:00:07Z,2026-07-19T12:00:07+0200,0122f339-e99c-4669-a7fd-e7d31a0b8b3d,2026-06-30T19:15:00Z,2026-06-30T21:15:00+0200,48896.0,MW,FR,FR,forecast_load,Forecasted Load,2026-07-19T10:02:06Z
2026-07-19T10:00:07Z,2026-07-19T12:00:07+0200,0122f339-e99c-4669-a7fd-e7d31a0b8b3d,2026-06-30T19:30:00Z,2026-06-30T21:30:00+0200,48280.0,MW,FR,FR,forecast_load,Forecasted Load,2026-07-19T10:02:06Z
2026-07-19T10:00:07Z,2026-07-19T12:00:07+0200,0122f339-e99c-4669-a7fd-e7d31a0b8b3d,2026-06-30T19:45:00Z,2026-06-30T21:45:00+0200,48006.0,MW,FR,FR,forecast_load,Forecasted Load,2026-07-19T10:02:06Z
2026-07-19T10:00:07Z,2026-07-19T12:00:07+0200,0122f339-e99c-4669-a7fd-e7d31a0b8b3d,2026-06-30T20:00:00Z,2026-06-30T22:00:00+0200,47732.0,MW,FR,FR,forecast_load,Forecasted Load,2026-07-19T10:02:06Z
2026-07-19T10:00:07Z,2026-07-19T12:00:07+0200,0122f339-e99c-4669-a7fd-e7d31a0b8b3d,2026-06-30T20:15:00Z,2026-06-30T22:15:00+0200,48816.5,MW,FR,FR,forecast_load,Forecasted Load,2026-07-19T10:02:06Z
2026-07-19T10:00:07Z,2026-07-19T12:00:07+0200,0122f339-e99c-4669-a7fd-e7d31a0b8b3d,2026-06-30T20:30:00Z,2026-06-30T22:30:00+0200,49901.0,MW,FR,FR,forecast_load,Forecasted Load,2026-07-19T10:02:06Z
2026-07-19T10:00:07Z,2026-07-19T12:00:07+0200,0122f339-e99c-4669-a7fd-e7d31a0b8b3d,2026-06-30T20:45:00Z,2026-06-30T22:45:00+0200,50423.5,MW,FR,FR,forecast_load,Forecasted Load,2026-07-19T10:02:06Z
2026-07-19T10:00:07Z,2026-07-19T12:00:07+0200,0122f339-e99c-4669-a7fd-e7d31a0b8b3d,2026-06-30T21:00:00Z,2026-06-30T23:00:00+0200,50946.0,MW,FR,FR,forecast_load,Forecasted Load,2026-07-19T10:02:06Z
2026-07-19T10:00:07Z,2026-07-19T12:00:07+0200,0122f339-e99c-4669-a7fd-e7d31a0b8b3d,2026-06-30T21:15:00Z,2026-06-30T23:15:00+0200,49767.0,MW,FR,FR,forecast_load,Forecasted Load,2026-07-19T10:02:06Z
2026-07-19T10:00:07Z,2026-07-19T12:00:07+0200,0122f339-e99c-4669-a7fd-e7d31a0b8b3d,2026-06-30T21:30:00Z,2026-06-30T23:30:00+0200,48588.0,MW,FR,FR,forecast_load,Forecasted Load,2026-07-19T10:02:06Z
2026-07-19T10:00:07Z,2026-07-19T12:00:07+0200,0122f339-e99c-4669-a7fd-e7d31a0b8b3d,2026-06-30T21:45:00Z,2026-06-30T23:45:00+0200,47595.5,MW,FR,FR,forecast_load,Forecasted Load,2026-07-19T10:02:06Z
2026-07-19T10:00:07Z,2026-07-19T12:00:07+0200,0122f339-e99c-4669-a7fd-e7d31a0b8b3d,2026-06-30T22:00:00Z,2026-07-01T00:00:00+0200,46704.0,MW,FR,FR,forecast_load,Forecasted Load,2026-07-19T10:02:06Z
2026-07-19T10:00:07Z,2026-07-19T12:00:07+0200,0122f339-e99c-4669-a7fd-e7d31a0b8b3d,2026-06-30T22:15:00Z,2026-07-01T00:15:00+0200,45623.0,MW,FR,FR,forecast_load,Forecasted Load,2026-07-19T10:02:06Z
2026-07-19T10:00:07Z,2026-07-19T12:00:07+0200,0122f339-e99c-4669-a7fd-e7d31a0b8b3d,2026-06-30T22:30:00Z,2026-07-01T00:30:00+0200,44542.0,MW,FR,FR,forecast_load,Forecasted Load,2026-07-19T10:02:06Z
2026-07-19T10:00:07Z,2026-07-19T12:00:07+0200,0122f339-e99c-4669-a7fd-e7d31a0b8b3d,2026-06-30T22:45:00Z,2026-07-01T00:45:00+0200,43755.5,MW,FR,FR,forecast_load,Forecasted Load,2026-07-19T10:02:06Z
2026-07-19T10:00:07Z,2026-07-19T12:00:07+0200,0122f339-e99c-4669-a7fd-e7d31a0b8b3d,2026-06-30T23:00:00Z,2026-07-01T01:00:00+0200,42969.0,MW,FR,FR,forecast_load,Forecasted Load,2026-07-19T10:02:06Z
2026-07-19T10:00:07Z,2026-07-19T12:00:07+0200,0122f339-e99c-4669-a7fd-e7d31a0b8b3d,2026-06-30T23:15:00Z,2026-07-01T01:15:00+0200,43174.5,MW,FR,FR,forecast_load,Forecasted Load,2026-07-19T10:02:06Z
2026-07-19T10:00:07Z,2026-07-19T12:00:07+0200,0122f339-e99c-4669-a7fd-e7d31a0b8b3d,2026-06-30T23:30:00Z,2026-07-01T01:30:00+0200,43380.0,MW,FR,FR,forecast_load,Forecasted Load,2026-07-19T10:02:06Z
2026-07-19T10:00:07Z,2026-07-19T12:00:07+0200,0122f339-e99c-4669-a7fd-e7d31a0b8b3d,2026-06-30T23:45:00Z,2026-07-01T01:45:00+0200,42570.0,MW,FR,FR,forecast_load,Forecasted Load,2026-07-19T10:02:06Z
2026-07-19T10:00:07Z,2026-07-19T12:00:07+0200,0122f339-e99c-4669-a7fd-e7d31a0b8b3d,2026-07-01T00:00:00Z,2026-07-01T02:00:00+0200,41760.0,MW,FR,FR,forecast_load,Forecasted Load,2026-07-19T10:02:06Z
2026-07-19T10:00:07Z,2026-07-19T12:00:07+0200,0122f339-e99c-4669-a7fd-e7d31a0b8b3d,2026-07-01T00:15:00Z,2026-07-01T02:15:00+0200,40990.5,MW,FR,FR,forecast_load,Forecasted Load,2026-07-19T10:02:06Z
2026-07-19T10:00:07Z,2026-07-19T12:00:07+0200,0122f339-e99c-4669-a7fd-e7d31a0b8b3d,2026-07-01T00:30:00Z,2026-07-01T02:30:00+0200,40221.0,MW,FR,FR,forecast_load,Forecasted Load,2026-07-19T10:02:06Z
2026-07-19T10:00:07Z,2026-07-19T12:00:07+0200,0122f339-e99c-4669-a7fd-e7d31a0b8b3d,2026-07-01T00:45:00Z,2026-07-01T02:45:00+0200,39621.5,MW,FR,FR,forecast_load,Forecasted Load,2026-07-19T10:02:06Z
2026-07-19T10:00:07Z,2026-07-19T12:00:07+0200,0122f339-e99c-4669-a7fd-e7d31a0b8b3d,2026-07-01T01:00:00Z,2026-07-01T03:00:00+0200,39022.0,MW,FR,FR,forecast_load,Forecasted Load,2026-07-19T10:02:06Z
2026-07-19T10:00:07Z,2026-07-19T12:00:07+0200,0122f339-e99c-4669-a7fd-e7d31a0b8b3d,2026-07-01T01:15:00Z,2026-07-01T03:15:00+0200,38731.5,MW,FR,FR,forecast_load,Forecasted Load,2026-07-19T10:02:06Z
2026-07-19T10:00:07Z,2026-07-19T12:00:07+0200,0122f339-e99c-4669-a7fd-e7d31a0b8b3d,2026-07-01T01:30:00Z,2026-07-01T03:30:00+0200,38441.0,MW,FR,FR,forecast_load,Forecasted Load,2026-07-19T10:02:06Z
2026-07-19T10:00:07Z,2026-07-19T12:00:07+0200,0122f339-e99c-4669-a7fd-e7d31a0b8b3d,2026-07-01T01:45:00Z,2026-07-01T03:45:00+0200,38180.0,MW,FR,FR,forecast_load,Forecasted Load,2026-07-19T10:02:06Z
2026-07-19T10:00:07Z,2026-07-19T12:00:07+0200,0122f339-e99c-4669-a7fd-e7d31a0b8b3d,2026-07-01T02:00:00Z,2026-07-01T04:00:00+0200,37919.0,MW,FR,FR,forecast_load,Forecasted Load,2026-07-19T10:02:06Z
2026-07-19T10:00:07Z,2026-07-19T12:00:07+0200,0122f339-e99c-4669-a7fd-e7d31a0b8b3d,2026-07-01T02:15:00Z,2026-07-01T04:15:00+0200,37890.5,MW,FR,FR,forecast_load,Forecasted Load,2026-07-19T10:02:06Z
2026-07-19T10:00:07Z,2026-07-19T12:00:07+0200,0122f339-e99c-4669-a7fd-e7d31a0b8b3d,2026-07-01T02:30:00Z,2026-07-01T04:30:00+0200,37862.0,MW,FR,FR,forecast_load,Forecasted Load,2026-07-19T10:02:06Z
2026-07-19T10:00:07Z,2026-07-19T12:00:07+0200,0122f339-e99c-4669-a7fd-e7d31a0b8b3d,2026-07-01T02:45:00Z,2026-07-01T04:45:00+0200,38062.5,MW,FR,FR,forecast_load,Forecasted Load,2026-07-19T10:02:06Z
2026-07-19T10:00:07Z,2026-07-19T12:00:07+0200,0122f339-e99c-4669-a7fd-e7d31a0b8b3d,2026-07-01T03:00:00Z,2026-07-01T05:00:00+0200,38263.0,MW,FR,FR,forecast_load,Forecasted Load,2026-07-19T10:02:06Z
2026-07-19T10:00:07Z,2026-07-19T12:00:07+0200,0122f339-e99c-4669-a7fd-e7d31a0b8b3d,2026-07-01T03:15:00Z,2026-07-01T05:15:00+0200,38669.5,MW,FR,FR,forecast_load,Forecasted Load,2026-07-19T10:02:06Z
2026-07-19T10:00:07Z,2026-07-19T12:00:07+0200,0122f339-e99c-4669-a7fd-e7d31a0b8b3d,2026-07-01T03:30:00Z,2026-07-01T05:30:00+0200,39076.0,MW,FR,FR,forecast_load,Forecasted Load,2026-07-19T10:02:06Z
2026-07-19T10:00:07Z,2026-07-19T12:00:07+0200,0122f339-e99c-4669-a7fd-e7d31a0b8b3d,2026-07-01T03:45:00Z,2026-07-01T05:45:00+0200,39536.0,MW,FR,FR,forecast_load,Forecasted Load,2026-07-19T10:02:06Z
2026-07-19T10:00:07Z,2026-07-19T12:00:07+0200,0122f339-e99c-4669-a7fd-e7d31a0b8b3d,2026-07-01T04:00:00Z,2026-07-01T06:00:00+0200,39996.0,MW,FR,FR,forecast_load,Forecasted Load,2026-07-19T10:02:06Z
2026-07-19T10:00:07Z,2026-07-19T12:00:07+0200,0122f339-e99c-4669-a7fd-e7d31a0b8b3d,2026-07-01T04:15:00Z,2026-07-01T06:15:00+0200,40745.0,MW,FR,FR,forecast_load,Forecasted Load,2026-07-19T10:02:06Z
2026-07-19T10:00:07Z,2026-07-19T12:00:07+0200,0122f339-e99c-4669-a7fd-e7d31a0b8b3d,2026-07-01T04:30:00Z,2026-07-01T06:30:00+0200,41494.0,MW,FR,FR,forecast_load,Forecasted Load,2026-07-19T10:02:06Z
2026-07-19T10:00:07Z,2026-07-19T12:00:07+0200,0122f339-e99c-4669-a7fd-e7d31a0b8b3d,2026-07-01T04:45:00Z,2026-07-01T06:45:00+0200,42081.0,MW,FR,FR,forecast_load,Forecasted Load,2026-07-19T10:02:06Z
2026-07-19T10:00:07Z,2026-07-19T12:00:07+0200,0122f339-e99c-4669-a7fd-e7d31a0b8b3d,2026-07-01T05:00:00Z,2026-07-01T07:00:00+0200,42668.0,MW,FR,FR,forecast_load,Forecasted Load,2026-07-19T10:02:06Z
2026-07-19T10:00:07Z,2026-07-19T12:00:07+0200,0122f339-e99c-4669-a7fd-e7d31a0b8b3d,2026-07-01T05:15:00Z,2026-07-01T07:15:00+0200,43399.5,MW,FR,FR,forecast_load,Forecasted Load,2026-07-19T10:02:06Z
2026-07-19T10:00:07Z,2026-07-19T12:00:07+0200,0122f339-e99c-4669-a7fd-e7d31a0b8b3d,2026-07-01T05:30:00Z,2026-07-01T07:30:00+0200,44131.0,MW,FR,FR,forecast_load,Forecasted Load,2026-07-19T10:02:06Z
2026-07-19T10:00:07Z,2026-07-19T12:00:07+0200,0122f339-e99c-4669-a7fd-e7d31a0b8b3d,2026-07-01T05:45:00Z,2026-07-01T07:45:00+0200,45022.0,MW,FR,FR,forecast_load,Forecasted Load,2026-07-19T10:02:06Z
2026-07-19T10:00:07Z,2026-07-19T12:00:07+0200,0122f339-e99c-4669-a7fd-e7d31a0b8b3d,2026-07-01T06:00:00Z,2026-07-01T08:00:00+0200,45913.0,MW,FR,FR,forecast_load,Forecasted Load,2026-07-19T10:02:06Z
2026-07-19T10:00:07Z,2026-07-19T12:00:07+0200,0122f339-e99c-4669-a7fd-e7d31a0b8b3d,2026-07-01T06:15:00Z,2026-07-01T08:15:00+0200,46531.5,MW,FR,FR,forecast_load,Forecasted Load,2026-07-19T10:02:06Z
2026-07-19T10:00:07Z,2026-07-19T12:00:07+0200,0122f339-e99c-4669-a7fd-e7d31a0b8b3d,2026-07-01T06:30:00Z,2026-07-01T08:30:00+0200,47150.0,MW,FR,FR,forecast_load,Forecasted Load,2026-07-19T10:02:06Z
2026-07-19T10:00:07Z,2026-07-19T12:00:07+0200,0122f339-e99c-4669-a7fd-e7d31a0b8b3d,2026-07-01T06:45:00Z,2026-07-01T08:45:00+0200,47716.5,MW,FR,FR,forecast_load,Forecasted Load,2026-07-19T10:02:06Z
2026-07-19T10:00:07Z,2026-07-19T12:00:07+0200,0122f339-e99c-4669-a7fd-e7d31a0b8b3d,2026-07-01T07:00:00Z,2026-07-01T09:00:00+0200,48283.0,MW,FR,FR,forecast_load,Forecasted Load,2026-07-19T10:02:06Z
2026-07-19T10:00:07Z,2026-07-19T12:00:07+0200,0122f339-e99c-4669-a7fd-e7d31a0b8b3d,2026-07-01T07:15:00Z,2026-07-01T09:15:00+0200,48672.5,MW,FR,FR,forecast_load,Forecasted Load,2026-07-19T10:02:06Z
2026-07-19T10:00:07Z,2026-07-19T12:00:07+0200,0122f339-e99c-4669-a7fd-e7d31a0b8b3d,2026-07-01T07:30:00Z,2026-07-01T09:30:00+0200,49062.0,MW,FR,FR,forecast_load,Forecasted Load,2026-07-19T10:02:06Z
2026-07-19T10:00:07Z,2026-07-19T12:00:07+0200,0122f339-e99c-4669-a7fd-e7d31a0b8b3d,2026-07-01T07:45:00Z,2026-07-01T09:45:00+0200,49351.0,MW,FR,FR,forecast_load,Forecasted Load,2026-07-19T10:02:06Z
2026-07-19T10:00:07Z,2026-07-19T12:00:07+0200,0122f339-e99c-4669-a7fd-e7d31a0b8b3d,2026-07-01T08:00:00Z,2026-07-01T10:00:00+0200,49640.0,MW,FR,FR,forecast_load,Forecasted Load,2026-07-19T10:02:06Z
2026-07-19T10:00:07Z,2026-07-19T12:00:07+0200,0122f339-e99c-4669-a7fd-e7d31a0b8b3d,2026-07-01T08:15:00Z,2026-07-01T10:15:00+0200,49795.5,MW,FR,FR,forecast_load,Forecasted Load,2026-07-19T10:02:06Z
2026-07-19T10:00:07Z,2026-07-19T12:00:07+0200,0122f339-e99c-4669-a7fd-e7d31a0b8b3d,2026-07-01T08:30:00Z,2026-07-01T10:30:00+0200,49951.0,MW,FR,FR,forecast_load,Forecasted Load,2026-07-19T10:02:06Z
2026-07-19T10:00:07Z,2026-07-19T12:00:07+0200,0122f339-e99c-4669-a7fd-e7d31a0b8b3d,2026-07-01T08:45:00Z,2026-07-01T10:45:00+0200,50111.0,MW,FR,FR,forecast_load,Forecasted Load,2026-07-19T10:02:06Z
2026-07-19T10:00:07Z,2026-07-19T12:00:07+0200,0122f339-e99c-4669-a7fd-e7d31a0b8b3d,2026-07-01T09:00:00Z,2026-07-01T11:00:00+0200,50271.0,MW,FR,FR,forecast_load,Forecasted Load,2026-07-19T10:02:06Z
2026-07-19T10:00:07Z,2026-07-19T12:00:07+0200,0122f339-e99c-4669-a7fd-e7d31a0b8b3d,2026-07-01T09:15:00Z,2026-07-01T11:15:00+0200,50481.5,MW,FR,FR,forecast_load,Forecasted Load,2026-07-19T10:02:06Z
2026-07-19T10:00:07Z,2026-07-19T12:00:07+0200,0122f339-e99c-4669-a7fd-e7d31a0b8b3d,2026-07-01T09:30:00Z,2026-07-01T11:30:00+0200,50692.0,MW,FR,FR,forecast_load,Forecasted Load,2026-07-19T10:02:06Z
2026-07-19T10:00:07Z,2026-07-19T12:00:07+0200,0122f339-e99c-4669-a7fd-e7d31a0b8b3d,2026-07-01T09:45:00Z,2026-07-01T11:45:00+0200,51209.5,MW,FR,FR,forecast_load,Forecasted Load,2026-07-19T10:02:06Z
2026-07-19T10:00:07Z,2026-07-19T12:00:07+0200,0122f339-e99c-4669-a7fd-e7d31a0b8b3d,2026-07-01T10:00:00Z,2026-07-01T12:00:00+0200,51727.0,MW,FR,FR,forecast_load,Forecasted Load,2026-07-19T10:02:06Z
2026-07-19T10:00:07Z,2026-07-19T12:00:07+0200,0122f339-e99c-4669-a7fd-e7d31a0b8b3d,2026-07-01T10:15:00Z,2026-07-01T12:15:00+0200,51511.0,MW,FR,FR,forecast_load,Forecasted Load,2026-07-19T10:02:06Z
2026-07-19T10:00:07Z,2026-07-19T12:00:07+0200,0122f339-e99c-4669-a7fd-e7d31a0b8b3d,2026-07-01T10:30:00Z,2026-07-01T12:30:00+0200,51295.0,MW,FR,FR,forecast_load,Forecasted Load,2026-07-19T10:02:06Z
2026-07-19T10:00:07Z,2026-07-19T12:00:07+0200,0122f339-e99c-4669-a7fd-e7d31a0b8b3d,2026-07-01T10:45:00Z,2026-07-01T12:45:00+0200,51911.5,MW,FR,FR,forecast_load,Forecasted Load,2026-07-19T10:02:06Z
2026-07-19T10:00:07Z,2026-07-19T12:00:07+0200,0122f339-e99c-4669-a7fd-e7d31a0b8b3d,2026-07-01T11:00:00Z,2026-07-01T13:00:00+0200,52528.0,MW,FR,FR,forecast_load,Forecasted Load,2026-07-19T10:02:06Z
2026-07-19T10:00:07Z,2026-07-19T12:00:07+0200,0122f339-e99c-4669-a7fd-e7d31a0b8b3d,2026-07-01T11:15:00Z,2026-07-01T13:15:00+0200,51855.0,MW,FR,FR,forecast_load,Forecasted Load,2026-07-19T10:02:06Z
2026-07-19T10:00:07Z,2026-07-19T12:00:07+0200,0122f339-e99c-4669-a7fd-e7d31a0b8b3d,2026-07-01T11:30:00Z,2026-07-01T13:30:00+0200,51182.0,MW,FR,FR,forecast_load,Forecasted Load,2026-07-19T10:02:06Z
2026-07-19T10:00:07Z,2026-07-19T12:00:07+0200,0122f339-e99c-4669-a7fd-e7d31a0b8b3d,2026-07-01T11:45:00Z,2026-07-01T13:45:00+0200,51177.0,MW,FR,FR,forecast_load,Forecasted Load,2026-07-19T10:02:06Z
2026-07-19T10:00:07Z,2026-07-19T12:00:07+0200,0122f339-e99c-4669-a7fd-e7d31a0b8b3d,2026-07-01T12:00:00Z,2026-07-01T14:00:00+0200,51172.0,MW,FR,FR,forecast_load,Forecasted Load,2026-07-19T10:02:06Z
2026-07-19T10:00:07Z,2026-07-19T12:00:07+0200,0122f339-e99c-4669-a7fd-e7d31a0b8b3d,2026-07-01T12:15:00Z,2026-07-01T14:15:00+0200,51590.0,MW,FR,FR,forecast_load,Forecasted Load,2026-07-19T10:02:06Z
2026-07-19T10:00:07Z,2026-07-19T12:00:07+0200,0122f339-e99c-4669-a7fd-e7d31a0b8b3d,2026-07-01T12:30:00Z,2026-07-01T14:30:00+0200,52008.0,MW,FR,FR,forecast_load,Forecasted Load,2026-07-19T10:02:06Z
2026-07-19T10:00:07Z,2026-07-19T12:00:07+0200,0122f339-e99c-4669-a7fd-e7d31a0b8b3d,2026-07-01T12:45:00Z,2026-07-01T14:45:00+0200,51417.0,MW,FR,FR,forecast_load,Forecasted Load,2026-07-19T10:02:06Z
2026-07-19T10:00:07Z,2026-07-19T12:00:07+0200,0122f339-e99c-4669-a7fd-e7d31a0b8b3d,2026-07-01T13:00:00Z,2026-07-01T15:00:00+0200,50826.0,MW,FR,FR,forecast_load,Forecasted Load,2026-07-19T10:02:06Z
2026-07-19T10:00:07Z,2026-07-19T12:00:07+0200,0122f339-e99c-4669-a7fd-e7d31a0b8b3d,2026-07-01T13:15:00Z,2026-07-01T15:15:00+0200,50545.0,MW,FR,FR,forecast_load,Forecasted Load,2026-07-19T10:02:06Z
2026-07-19T10:00:07Z,2026-07-19T12:00:07+0200,0122f339-e99c-4669-a7fd-e7d31a0b8b3d,2026-07-01T13:30:00Z,2026-07-01T15:30:00+0200,50264.0,MW,FR,FR,forecast_load,Forecasted Load,2026-07-19T10:02:06Z
2026-07-19T10:00:07Z,2026-07-19T12:00:07+0200,0122f339-e99c-4669-a7fd-e7d31a0b8b3d,2026-07-01T13:45:00Z,2026-07-01T15:45:00+0200,49871.0,MW,FR,FR,forecast_load,Forecasted Load,2026-07-19T10:02:06Z
2026-07-19T10:00:07Z,2026-07-19T12:00:07+0200,0122f339-e99c-4669-a7fd-e7d31a0b8b3d,2026-07-01T14:00:00Z,2026-07-01T16:00:00+0200,49478.0,MW,FR,FR,forecast_load,Forecasted Load,2026-07-19T10:02:06Z
2026-07-19T10:00:07Z,2026-07-19T12:00:07+0200,0122f339-e99c-4669-a7fd-e7d31a0b8b3d,2026-07-01T14:15:00Z,2026-07-01T16:15:00+0200,49057.5,MW,FR,FR,forecast_load,Forecasted Load,2026-07-19T10:02:06Z
2026-07-19T10:00:07Z,2026-07-19T12:00:07+0200,0122f339-e99c-4669-a7fd-e7d31a0b8b3d,2026-07-01T14:30:00Z,2026-07-01T16:30:00+0200,48637.0,MW,FR,FR,forecast_load,Forecasted Load,2026-07-19T10:02:06Z
2026-07-19T10:00:07Z,2026-07-19T12:00:07+0200,0122f339-e99c-4669-a7fd-e7d31a0b8b3d,2026-07-01T14:45:00Z,2026-07-01T16:45:00+0200,48839.0,MW,FR,FR,forecast_load,Forecasted Load,2026-07-19T10:02:06Z
2026-07-19T10:00:07Z,2026-07-19T12:00:07+0200,0122f339-e99c-4669-a7fd-e7d31a0b8b3d,2026-07-01T15:00:00Z,2026-07-01T17:00:00+0200,49041.0,MW,FR,FR,forecast_load,Forecasted Load,2026-07-19T10:02:06Z
2026-07-19T10:00:07Z,2026-07-19T12:00:07+0200,0122f339-e99c-4669-a7fd-e7d31a0b8b3d,2026-07-01T15:15:00Z,2026-07-01T17:15:00+0200,49087.5,MW,FR,FR,forecast_load,Forecasted Load,2026-07-19T10:02:06Z
2026-07-19T10:00:07Z,2026-07-19T12:00:07+0200,0122f339-e99c-4669-a7fd-e7d31a0b8b3d,2026-07-01T15:30:00Z,2026-07-01T17:30:00+0200,49134.0,MW,FR,FR,forecast_load,Forecasted Load,2026-07-19T10:02:06Z
2026-07-19T10:00:07Z,2026-07-19T12:00:07+0200,0122f339-e99c-4669-a7fd-e7d31a0b8b3d,2026-07-01T15:45:00Z,2026-07-01T17:45:00+0200,49337.0,MW,FR,FR,forecast_load,Forecasted Load,2026-07-19T10:02:06Z
2026-07-19T10:00:07Z,2026-07-19T12:00:07+0200,0122f339-e99c-4669-a7fd-e7d31a0b8b3d,2026-07-01T16:00:00Z,2026-07-01T18:00:00+0200,49540.0,MW,FR,FR,forecast_load,Forecasted Load,2026-07-19T10:02:06Z
2026-07-19T10:00:07Z,2026-07-19T12:00:07+0200,0122f339-e99c-4669-a7fd-e7d31a0b8b3d,2026-07-01T16:15:00Z,2026-07-01T18:15:00+0200,50081.0,MW,FR,FR,forecast_load,Forecasted Load,2026-07-19T10:02:06Z
2026-07-19T10:00:07Z,2026-07-19T12:00:07+0200,0122f339-e99c-4669-a7fd-e7d31a0b8b3d,2026-07-01T16:30:00Z,2026-07-01T18:30:00+0200,50622.0,MW,FR,FR,forecast_load,Forecasted Load,2026-07-19T10:02:06Z
2026-07-19T10:00:07Z,2026-07-19T12:00:07+0200,0122f339-e99c-4669-a7fd-e7d31a0b8b3d,2026-07-01T16:45:00Z,2026-07-01T18:45:00+0200,51301.0,MW,FR,FR,forecast_load,Forecasted Load,2026-07-19T10:02:06Z
2026-07-19T10:00:07Z,2026-07-19T12:00:07+0200,0122f339-e99c-4669-a7fd-e7d31a0b8b3d,2026-07-01T17:00:00Z,2026-07-01T19:00:00+0200,51980.0,MW,FR,FR,forecast_load,Forecasted Load,2026-07-19T10:02:06Z
2026-07-19T10:00:07Z,2026-07-19T12:00:07+0200,0122f339-e99c-4669-a7fd-e7d31a0b8b3d,2026-07-01T17:15:00Z,2026-07-01T19:15:00+0200,51799.5,MW,FR,FR,forecast_load,Forecasted Load,2026-07-19T10:02:06Z
2026-07-19T10:00:07Z,2026-07-19T12:00:07+0200,0122f339-e99c-4669-a7fd-e7d31a0b8b3d,2026-07-01T17:30:00Z,2026-07-01T19:30:00+0200,51619.0,MW,FR,FR,forecast_load,Forecasted Load,2026-07-19T10:02:06Z
2026-07-19T10:00:07Z,2026-07-19T12:00:07+0200,0122f339-e99c-4669-a7fd-e7d31a0b8b3d,2026-07-01T17:45:00Z,2026-07-01T19:45:00+0200,51721.0,MW,FR,FR,forecast_load,Forecasted Load,2026-07-19T10:02:06Z
2026-07-19T10:00:07Z,2026-07-19T12:00:07+0200,0122f339-e99c-4669-a7fd-e7d31a0b8b3d,2026-07-01T18:00:00Z,2026-07-01T20:00:00+0200,51823.0,MW,FR,FR,forecast_load,Forecasted Load,2026-07-19T10:02:06Z
2026-07-19T10:00:07Z,2026-07-19T12:00:07+0200,0122f339-e99c-4669-a7fd-e7d31a0b8b3d,2026-07-01T18:15:00Z,2026-07-01T20:15:00+0200,51119.0,MW,FR,FR,forecast_load,Forecasted Load,2026-07-19T10:02:06Z
2026-07-19T10:00:07Z,2026-07-19T12:00:07+0200,0122f339-e99c-4669-a7fd-e7d31a0b8b3d,2026-07-01T18:30:00Z,2026-07-01T20:30:00+0200,50415.0,MW,FR,FR,forecast_load,Forecasted Load,2026-07-19T10:02:06Z
2026-07-19T10:00:07Z,2026-07-19T12:00:07+0200,0122f339-e99c-4669-a7fd-e7d31a0b8b3d,2026-07-01T18:45:00Z,2026-07-01T20:45:00+0200,49860.5,MW,FR,FR,forecast_load,Forecasted Load,2026-07-19T10:02:06Z
2026-07-19T10:00:07Z,2026-07-19T12:00:07+0200,0122f339-e99c-4669-a7fd-e7d31a0b8b3d,2026-07-01T19:00:00Z,2026-07-01T21:00:00+0200,49306.0,MW,FR,FR,forecast_load,Forecasted Load,2026-07-19T10:02:06Z
2026-07-19T10:00:07Z,2026-07-19T12:00:07+0200,0122f339-e99c-4669-a7fd-e7d31a0b8b3d,2026-07-01T19:15:00Z,2026-07-01T21:15:00+0200,48861.5,MW,FR,FR,forecast_load,Forecasted Load,2026-07-19T10:02:06Z
2026-07-19T10:00:07Z,2026-07-19T12:00:07+0200,0122f339-e99c-4669-a7fd-e7d31a0b8b3d,2026-07-01T19:30:00Z,2026-07-01T21:30:00+0200,48417.0,MW,FR,FR,forecast_load,Forecasted Load,2026-07-19T10:02:06Z
2026-07-19T10:00:07Z,2026-07-19T12:00:07+0200,0122f339-e99c-4669-a7fd-e7d31a0b8b3d,2026-07-01T19:45:00Z,2026-07-01T21:45:00+0200,48055.5,MW,FR,FR,forecast_load,Forecasted Load,2026-07-19T10:02:06Z
2026-07-19T10:00:07Z,2026-07-19T12:00:07+0200,0122f339-e99c-4669-a7fd-e7d31a0b8b3d,2026-07-01T20:00:00Z,2026-07-01T22:00:00+0200,47694.0,MW,FR,FR,forecast_load,Forecasted Load,2026-07-19T10:02:06Z
2026-07-19T10:00:07Z,2026-07-19T12:00:07+0200,0122f339-e99c-4669-a7fd-e7d31a0b8b3d,2026-07-01T20:15:00Z,2026-07-01T22:15:00+0200,48795.0,MW,FR,FR,forecast_load,Forecasted Load,2026-07-19T10:02:06Z
2026-07-19T10:00:07Z,2026-07-19T12:00:07+0200,0122f339-e99c-4669-a7fd-e7d31a0b8b3d,2026-07-01T20:30:00Z,2026-07-01T22:30:00+0200,49896.0,MW,FR,FR,forecast_load,Forecasted Load,2026-07-19T10:02:06Z
2026-07-19T10:00:07Z,2026-07-19T12:00:07+0200,0122f339-e99c-4669-a7fd-e7d31a0b8b3d,2026-07-01T20:45:00Z,2026-07-01T22:45:00+0200,50382.0,MW,FR,FR,forecast_load,Forecasted Load,2026-07-19T10:02:06Z
2026-07-19T10:00:07Z,2026-07-19T12:00:07+0200,0122f339-e99c-4669-a7fd-e7d31a0b8b3d,2026-07-01T21:00:00Z,2026-07-01T23:00:00+0200,50868.0,MW,FR,FR,forecast_load,Forecasted Load,2026-07-19T10:02:06Z
2026-07-19T10:00:07Z,2026-07-19T12:00:07+0200,0122f339-e99c-4669-a7fd-e7d31a0b8b3d,2026-07-01T21:15:00Z,2026-07-01T23:15:00+0200,49704.0,MW,FR,FR,forecast_load,Forecasted Load,2026-07-19T10:02:06Z
2026-07-19T10:00:07Z,2026-07-19T12:00:07+0200,0122f339-e99c-4669-a7fd-e7d31a0b8b3d,2026-07-01T21:30:00Z,2026-07-01T23:30:00+0200,48540.0,MW,FR,FR,forecast_load,Forecasted Load,2026-07-19T10:02:06Z
2026-07-19T10:00:07Z,2026-07-19T12:00:07+0200,0122f339-e99c-4669-a7fd-e7d31a0b8b3d,2026-07-01T21:45:00Z,2026-07-01T23:45:00+0200,47657.0,MW,FR,FR,forecast_load,Forecasted Load,2026-07-19T10:02:06Z
2026-07-19T10:00:07Z,2026-07-19T12:00:07+0200,0122f339-e99c-4669-a7fd-e7d31a0b8b3d,2026-07-01T22:00:00Z,2026-07-02T00:00:00+0200,47000.0,MW,FR,FR,forecast_load,Forecasted Load,2026-07-19T10:02:06Z
2026-07-19T10:00:07Z,2026-07-19T12:00:07+0200,0122f339-e99c-4669-a7fd-e7d31a0b8b3d,2026-07-01T22:15:00Z,2026-07-02T00:15:00+0200,46050.0,MW,FR,FR,forecast_load,Forecasted Load,2026-07-19T10:02:06Z
2026-07-19T10:00:07Z,2026-07-19T12:00:07+0200,0122f339-e99c-4669-a7fd-e7d31a0b8b3d,2026-07-01T22:30:00Z,2026-07-02T00:30:00+0200,45100.0,MW,FR,FR,forecast_load,Forecasted Load,2026-07-19T10:02:06Z
2026-07-19T10:00:07Z,2026-07-19T12:00:07+0200,0122f339-e99c-4669-a7fd-e7d31a0b8b3d,2026-07-01T22:45:00Z,2026-07-02T00:45:00+0200,44050.0,MW,FR,FR,forecast_load,Forecasted Load,2026-07-19T10:02:06Z
2026-07-19T10:00:07Z,2026-07-19T12:00:07+0200,0122f339-e99c-4669-a7fd-e7d31a0b8b3d,2026-07-01T23:00:00Z,2026-07-02T01:00:00+0200,43000.0,MW,FR,FR,forecast_load,Forecasted Load,2026-07-19T10:02:06Z
2026-07-19T10:00:07Z,2026-07-19T12:00:07+0200,0122f339-e99c-4669-a7fd-e7d31a0b8b3d,2026-07-01T23:15:00Z,2026-07-02T01:15:00+0200,43300.0,MW,FR,FR,forecast_load,Forecasted Load,2026-07-19T10:02:06Z
2026-07-19T10:00:07Z,2026-07-19T12:00:07+0200,0122f339-e99c-4669-a7fd-e7d31a0b8b3d,2026-07-01T23:30:00Z,2026-07-02T01:30:00+0200,43600.0,MW,FR,FR,forecast_load,Forecasted Load,2026-07-19T10:02:06Z
2026-07-19T10:00:07Z,2026-07-19T12:00:07+0200,0122f339-e99c-4669-a7fd-e7d31a0b8b3d,2026-07-01T23:45:00Z,2026-07-02T01:45:00+0200,43000.0,MW,FR,FR,forecast_load,Forecasted Load,2026-07-19T10:02:06Z
2026-07-19T10:00:07Z,2026-07-19T12:00:07+0200,0122f339-e99c-4669-a7fd-e7d31a0b8b3d,2026-07-02T00:00:00Z,2026-07-02T02:00:00+0200,42400.0,MW,FR,FR,forecast_load,Forecasted Load,2026-07-19T10:02:06Z
2026-07-19T10:00:07Z,2026-07-19T12:00:07+0200,0122f339-e99c-4669-a7fd-e7d31a0b8b3d,2026-07-02T00:15:00Z,2026-07-02T02:15:00+0200,41350.0,MW,FR,FR,forecast_load,Forecasted Load,2026-07-19T10:02:06Z
2026-07-19T10:00:07Z,2026-07-19T12:00:07+0200,0122f339-e99c-4669-a7fd-e7d31a0b8b3d,2026-07-02T00:30:00Z,2026-07-02T02:30:00+0200,40300.0,MW,FR,FR,forecast_load,Forecasted Load,2026-07-19T10:02:06Z
2026-07-19T10:00:07Z,2026-07-19T12:00:07+0200,0122f339-e99c-4669-a7fd-e7d31a0b8b3d,2026-07-02T00:45:00Z,2026-07-02T02:45:00+0200,39550.0,MW,FR,FR,forecast_load,Forecasted Load,2026-07-19T10:02:06Z
2026-07-19T10:00:07Z,2026-07-19T12:00:07+0200,0122f339-e99c-4669-a7fd-e7d31a0b8b3d,2026-07-02T01:00:00Z,2026-07-02T03:00:00+0200,38800.0,MW,FR,FR,forecast_load,Forecasted Load,2026-07-19T10:02:06Z
2026-07-19T10:00:07Z,2026-07-19T12:00:07+0200,0122f339-e99c-4669-a7fd-e7d31a0b8b3d,2026-07-02T01:15:00Z,2026-07-02T03:15:00+0200,38500.0,MW,FR,FR,forecast_load,Forecasted Load,2026-07-19T10:02:06Z
2026-07-19T10:00:07Z,2026-07-19T12:00:07+0200,0122f339-e99c-4669-a7fd-e7d31a0b8b3d,2026-07-02T01:30:00Z,2026-07-02T03:30:00+0200,38200.0,MW,FR,FR,forecast_load,Forecasted Load,2026-07-19T10:02:06Z
2026-07-19T10:00:07Z,2026-07-19T12:00:07+0200,0122f339-e99c-4669-a7fd-e7d31a0b8b3d,2026-07-02T01:45:00Z,2026-07-02T03:45:00+0200,37950.0,MW,FR,FR,forecast_load,Forecasted Load,2026-07-19T10:02:06Z
2026-07-19T10:00:07Z,2026-07-19T12:00:07+0200,0122f339-e99c-4669-a7fd-e7d31a0b8b3d,2026-07-02T02:00:00Z,2026-07-02T04:00:00+0200,37700.0,MW,FR,FR,forecast_load,Forecasted Load,2026-07-19T10:02:06Z
2026-07-19T10:00:07Z,2026-07-19T12:00:07+0200,0122f339-e99c-4669-a7fd-e7d31a0b8b3d,2026-07-02T02:15:00Z,2026-07-02T04:15:00+0200,37650.0,MW,FR,FR,forecast_load,Forecasted Load,2026-07-19T10:02:06Z
2026-07-19T10:00:07Z,2026-07-19T12:00:07+0200,0122f339-e99c-4669-a7fd-e7d31a0b8b3d,2026-07-02T02:30:00Z,2026-07-02T04:30:00+0200,37600.0,MW,FR,FR,forecast_load,Forecasted Load,2026-07-19T10:02:06Z
2026-07-19T10:00:07Z,2026-07-19T12:00:07+0200,0122f339-e99c-4669-a7fd-e7d31a0b8b3d,2026-07-02T02:45:00Z,2026-07-02T04:45:00+0200,37800.0,MW,FR,FR,forecast_load,Forecasted Load,2026-07-19T10:02:06Z
2026-07-19T10:00:07Z,2026-07-19T12:00:07+0200,0122f339-e99c-4669-a7fd-e7d31a0b8b3d,2026-07-02T03:00:00Z,2026-07-02T05:00:00+0200,38000.0,MW,FR,FR,forecast_load,Forecasted Load,2026-07-19T10:02:06Z
2026-07-19T10:00:07Z,2026-07-19T12:00:07+0200,0122f339-e99c-4669-a7fd-e7d31a0b8b3d,2026-07-02T03:15:00Z,2026-07-02T05:15:00+0200,38450.0,MW,FR,FR,forecast_load,Forecasted Load,2026-07-19T10:02:06Z
2026-07-19T10:00:07Z,2026-07-19T12:00:07+0200,0122f339-e99c-4669-a7fd-e7d31a0b8b3d,2026-07-02T03:30:00Z,2026-07-02T05:30:00+0200,38900.0,MW,FR,FR,forecast_load,Forecasted Load,2026-07-19T10:02:06Z
2026-07-19T10:00:07Z,2026-07-19T12:00:07+0200,0122f339-e99c-4669-a7fd-e7d31a0b8b3d,2026-07-02T03:45:00Z,2026-07-02T05:45:00+0200,39450.0,MW,FR,FR,forecast_load,Forecasted Load,2026-07-19T10:02:06Z
2026-07-19T10:00:07Z,2026-07-19T12:00:07+0200,0122f339-e99c-4669-a7fd-e7d31a0b8b3d,2026-07-02T04:00:00Z,2026-07-02T06:00:00+0200,40000.0,MW,FR,FR,forecast_load,Forecasted Load,2026-07-19T10:02:06Z
2026-07-19T10:00:07Z,2026-07-19T12:00:07+0200,0122f339-e99c-4669-a7fd-e7d31a0b8b3d,2026-07-02T04:15:00Z,2026-07-02T06:15:00+0200,40850.0,MW,FR,FR,forecast_load,Forecasted Load,2026-07-19T10:02:06Z
2026-07-19T10:00:07Z,2026-07-19T12:00:07+0200,0122f339-e99c-4669-a7fd-e7d31a0b8b3d,2026-07-02T04:30:00Z,2026-07-02T06:30:00+0200,41700.0,MW,FR,FR,forecast_load,Forecasted Load,2026-07-19T10:02:06Z
2026-07-19T10:00:07Z,2026-07-19T12:00:07+0200,0122f339-e99c-4669-a7fd-e7d31a0b8b3d,2026-07-02T04:45:00Z,2026-07-02T06:45:00+0200,42500.0,MW,FR,FR,forecast_load,Forecasted Load,2026-07-19T10:02:06Z
2026-07-19T10:00:07Z,2026-07-19T12:00:07+0200,0122f339-e99c-4669-a7fd-e7d31a0b8b3d,2026-07-02T05:00:00Z,2026-07-02T07:00:00+0200,43300.0,MW,FR,FR,forecast_load,Forecasted Load,2026-07-19T10:02:06Z
2026-07-19T10:00:07Z,2026-07-19T12:00:07+0200,0122f339-e99c-4669-a7fd-e7d31a0b8b3d,2026-07-02T05:15:00Z,2026-07-02T07:15:00+0200,44000.0,MW,FR,FR,forecast_load,Forecasted Load,2026-07-19T10:02:06Z
2026-07-19T10:00:07Z,2026-07-19T12:00:07+0200,0122f339-e99c-4669-a7fd-e7d31a0b8b3d,2026-07-02T05:30:00Z,2026-07-02T07:30:00+0200,44700.0,MW,FR,FR,forecast_load,Forecasted Load,2026-07-19T10:02:06Z
2026-07-19T10:00:07Z,2026-07-19T12:00:07+0200,0122f339-e99c-4669-a7fd-e7d31a0b8b3d,2026-07-02T05:45:00Z,2026-07-02T07:45:00+0200,45350.0,MW,FR,FR,forecast_load,Forecasted Load,2026-07-19T10:02:06Z
2026-07-19T10:00:07Z,2026-07-19T12:00:07+0200,0122f339-e99c-4669-a7fd-e7d31a0b8b3d,2026-07-02T06:00:00Z,2026-07-02T08:00:00+0200,46000.0,MW,FR,FR,forecast_load,Forecasted Load,2026-07-19T10:02:06Z
2026-07-19T10:00:07Z,2026-07-19T12:00:07+0200,0122f339-e99c-4669-a7fd-e7d31a0b8b3d,2026-07-02T06:15:00Z,2026-07-02T08:15:00+0200,46550.0,MW,FR,FR,forecast_load,Forecasted Load,2026-07-19T10:02:06Z
2026-07-19T10:00:07Z,2026-07-19T12:00:07+0200,0122f339-e99c-4669-a7fd-e7d31a0b8b3d,2026-07-02T06:30:00Z,2026-07-02T08:30:00+0200,47100.0,MW,FR,FR,forecast_load,Forecasted Load,2026-07-19T10:02:06Z
2026-07-19T10:00:07Z,2026-07-19T12:00:07+0200,0122f339-e99c-4669-a7fd-e7d31a0b8b3d,2026-07-02T06:45:00Z,2026-07-02T08:45:00+0200,47450.0,MW,FR,FR,forecast_load,Forecasted Load,2026-07-19T10:02:06Z
2026-07-19T10:00:07Z,2026-07-19T12:00:07+0200,0122f339-e99c-4669-a7fd-e7d31a0b8b3d,2026-07-02T07:00:00Z,2026-07-02T09:00:00+0200,47800.0,MW,FR,FR,forecast_load,Forecasted Load,2026-07-19T10:02:06Z
2026-07-19T10:00:07Z,2026-07-19T12:00:07+0200,0122f339-e99c-4669-a7fd-e7d31a0b8b3d,2026-07-02T07:15:00Z,2026-07-02T09:15:00+0200,48200.0,MW,FR,FR,forecast_load,Forecasted Load,2026-07-19T10:02:06Z
2026-07-19T10:00:07Z,2026-07-19T12:00:07+0200,0122f339-e99c-4669-a7fd-e7d31a0b8b3d,2026-07-02T07:30:00Z,2026-07-02T09:30:00+0200,48600.0,MW,FR,FR,forecast_load,Forecasted Load,2026-07-19T10:02:06Z
2026-07-19T10:00:07Z,2026-07-19T12:00:07+0200,0122f339-e99c-4669-a7fd-e7d31a0b8b3d,2026-07-02T07:45:00Z,2026-07-02T09:45:00+0200,48850.0,MW,FR,FR,forecast_load,Forecasted Load,2026-07-19T10:02:06Z
2026-07-19T10:00:07Z,2026-07-19T12:00:07+0200,0122f339-e99c-4669-a7fd-e7d31a0b8b3d,2026-07-02T08:00:00Z,2026-07-02T10:00:00+0200,49100.0,MW,FR,FR,forecast_load,Forecasted Load,2026-07-19T10:02:06Z
2026-07-19T10:00:07Z,2026-07-19T12:00:07+0200,0122f339-e99c-4669-a7fd-e7d31a0b8b3d,2026-07-02T08:15:00Z,2026-07-02T10:15:00+0200,49300.0,MW,FR,FR,forecast_load,Forecasted Load,2026-07-19T10:02:06Z
2026-07-19T10:00:07Z,2026-07-19T12:00:07+0200,0122f339-e99c-4669-a7fd-e7d31a0b8b3d,2026-07-02T08:30:00Z,2026-07-02T10:30:00+0200,49500.0,MW,FR,FR,forecast_load,Forecasted Load,2026-07-19T10:02:06Z
2026-07-19T10:00:07Z,2026-07-19T12:00:07+0200,0122f339-e99c-4669-a7fd-e7d31a0b8b3d,2026-07-02T08:45:00Z,2026-07-02T10:45:00+0200,49800.0,MW,FR,FR,forecast_load,Forecasted Load,2026-07-19T10:02:06Z
2026-07-19T10:00:07Z,2026-07-19T12:00:07+0200,0122f339-e99c-4669-a7fd-e7d31a0b8b3d,2026-07-02T09:00:00Z,2026-07-02T11:00:00+0200,50100.0,MW,FR,FR,forecast_load,Forecasted Load,2026-07-19T10:02:06Z
2026-07-19T10:00:07Z,2026-07-19T12:00:07+0200,0122f339-e99c-4669-a7fd-e7d31a0b8b3d,2026-07-02T09:15:00Z,2026-07-02T11:15:00+0200,50250.0,MW,FR,FR,forecast_load,Forecasted Load,2026-07-19T10:02:06Z
2026-07-19T10:00:07Z,2026-07-19T12:00:07+0200,0122f339-e99c-4669-a7fd-e7d31a0b8b3d,2026-07-02T09:30:00Z,2026-07-02T11:30:00+0200,50400.0,MW,FR,FR,forecast_load,Forecasted Load,2026-07-19T10:02:06Z
2026-07-19T10:00:07Z,2026-07-19T12:00:07+0200,0122f339-e99c-4669-a7fd-e7d31a0b8b3d,2026-07-02T09:45:00Z,2026-07-02T11:45:00+0200,51000.0,MW,FR,FR,forecast_load,Forecasted Load,2026-07-19T10:02:06Z
2026-07-19T10:00:07Z,2026-07-19T12:00:07+0200,0122f339-e99c-4669-a7fd-e7d31a0b8b3d,2026-07-02T10:00:00Z,2026-07-02T12:00:00+0200,51600.0,MW,FR,FR,forecast_load,Forecasted Load,2026-07-19T10:02:06Z
2026-07-19T10:00:07Z,2026-07-19T12:00:07+0200,0122f339-e99c-4669-a7fd-e7d31a0b8b3d,2026-07-02T10:15:00Z,2026-07-02T12:15:00+0200,51400.0,MW,FR,FR,forecast_load,Forecasted Load,2026-07-19T10:02:06Z
2026-07-19T10:00:07Z,2026-07-19T12:00:07+0200,0122f339-e99c-4669-a7fd-e7d31a0b8b3d,2026-07-02T10:30:00Z,2026-07-02T12:30:00+0200,51200.0,MW,FR,FR,forecast_load,Forecasted Load,2026-07-19T10:02:06Z
2026-07-19T10:00:07Z,2026-07-19T12:00:07+0200,0122f339-e99c-4669-a7fd-e7d31a0b8b3d,2026-07-02T10:45:00Z,2026-07-02T12:45:00+0200,51650.0,MW,FR,FR,forecast_load,Forecasted Load,2026-07-19T10:02:06Z
2026-07-19T10:00:07Z,2026-07-19T12:00:07+0200,0122f339-e99c-4669-a7fd-e7d31a0b8b3d,2026-07-02T11:00:00Z,2026-07-02T13:00:00+0200,52100.0,MW,FR,FR,forecast_load,Forecasted Load,2026-07-19T10:02:06Z
2026-07-19T10:00:07Z,2026-07-19T12:00:07+0200,0122f339-e99c-4669-a7fd-e7d31a0b8b3d,2026-07-02T11:15:00Z,2026-07-02T13:15:00+0200,51400.0,MW,FR,FR,forecast_load,Forecasted Load,2026-07-19T10:02:06Z
2026-07-19T10:00:07Z,2026-07-19T12:00:07+0200,0122f339-e99c-4669-a7fd-e7d31a0b8b3d,2026-07-02T11:30:00Z,2026-07-02T13:30:00+0200,50700.0,MW,FR,FR,forecast_load,Forecasted Load,2026-07-19T10:02:06Z
2026-07-19T10:00:07Z,2026-07-19T12:00:07+0200,0122f339-e99c-4669-a7fd-e7d31a0b8b3d,2026-07-02T11:45:00Z,2026-07-02T13:45:00+0200,50500.0,MW,FR,FR,forecast_load,Forecasted Load,2026-07-19T10:02:06Z
2026-07-19T10:00:07Z,2026-07-19T12:00:07+0200,0122f339-e99c-4669-a7fd-e7d31a0b8b3d,2026-07-02T12:00:00Z,2026-07-02T14:00:00+0200,50300.0,MW,FR,FR,forecast_load,Forecasted Load,2026-07-19T10:02:06Z
2026-07-19T10:00:07Z,2026-07-19T12:00:07+0200,0122f339-e99c-4669-a7fd-e7d31a0b8b3d,2026-07-02T12:15:00Z,2026-07-02T14:15:00+0200,51200.0,MW,FR,FR,forecast_load,Forecasted Load,2026-07-19T10:02:06Z
2026-07-19T10:00:07Z,2026-07-19T12:00:07+0200,0122f339-e99c-4669-a7fd-e7d31a0b8b3d,2026-07-02T12:30:00Z,2026-07-02T14:30:00+0200,52100.0,MW,FR,FR,forecast_load,Forecasted Load,2026-07-19T10:02:06Z
2026-07-19T10:00:07Z,2026-07-19T12:00:07+0200,0122f339-e99c-4669-a7fd-e7d31a0b8b3d,2026-07-02T12:45:00Z,2026-07-02T14:45:00+0200,51750.0,MW,FR,FR,forecast_load,Forecasted Load,2026-07-19T10:02:06Z
2026-07-19T10:00:07Z,2026-07-19T12:00:07+0200,0122f339-e99c-4669-a7fd-e7d31a0b8b3d,2026-07-02T13:00:00Z,2026-07-02T15:00:00+0200,51400.0,MW,FR,FR,forecast_load,Forecasted Load,2026-07-19T10:02:06Z
2026-07-19T10:00:07Z,2026-07-19T12:00:07+0200,0122f339-e99c-4669-a7fd-e7d31a0b8b3d,2026-07-02T13:15:00Z,2026-07-02T15:15:00+0200,51050.0,MW,FR,FR,forecast_load,Forecasted Load,2026-07-19T10:02:06Z
2026-07-19T10:00:07Z,2026-07-19T12:00:07+0200,0122f339-e99c-4669-a7fd-e7d31a0b8b3d,2026-07-02T13:30:00Z,2026-07-02T15:30:00+0200,50700.0,MW,FR,FR,forecast_load,Forecasted Load,2026-07-19T10:02:06Z
2026-07-19T10:00:07Z,2026-07-19T12:00:07+0200,0122f339-e99c-4669-a7fd-e7d31a0b8b3d,2026-07-02T13:45:00Z,2026-07-02T15:45:00+0200,50250.0,MW,FR,FR,forecast_load,Forecasted Load,2026-07-19T10:02:06Z
2026-07-19T10:00:07Z,2026-07-19T12:00:07+0200,0122f339-e99c-4669-a7fd-e7d31a0b8b3d,2026-07-02T14:00:00Z,2026-07-02T16:00:00+0200,49800.0,MW,FR,FR,forecast_load,Forecasted Load,2026-07-19T10:02:06Z
2026-07-19T10:00:07Z,2026-07-19T12:00:07+0200,0122f339-e99c-4669-a7fd-e7d31a0b8b3d,2026-07-02T14:15:00Z,2026-07-02T16:15:00+0200,49450.0,MW,FR,FR,forecast_load,Forecasted Load,2026-07-19T10:02:06Z
2026-07-19T10:00:07Z,2026-07-19T12:00:07+0200,0122f339-e99c-4669-a7fd-e7d31a0b8b3d,2026-07-02T14:30:00Z,2026-07-02T16:30:00+0200,49100.0,MW,FR,FR,forecast_load,Forecasted Load,2026-07-19T10:02:06Z
2026-07-19T10:00:07Z,2026-07-19T12:00:07+0200,0122f339-e99c-4669-a7fd-e7d31a0b8b3d,2026-07-02T14:45:00Z,2026-07-02T16:45:00+0200,48850.0,MW,FR,FR,forecast_load,Forecasted Load,2026-07-19T10:02:06Z
2026-07-19T10:00:07Z,2026-07-19T12:00:07+0200,0122f339-e99c-4669-a7fd-e7d31a0b8b3d,2026-07-02T15:00:00Z,2026-07-02T17:00:00+0200,48600.0,MW,FR,FR,forecast_load,Forecasted Load,2026-07-19T10:02:06Z
2026-07-19T10:00:07Z,2026-07-19T12:00:07+0200,0122f339-e99c-4669-a7fd-e7d31a0b8b3d,2026-07-02T15:15:00Z,2026-07-02T17:15:00+0200,48850.0,MW,FR,FR,forecast_load,Forecasted Load,2026-07-19T10:02:06Z
2026-07-19T10:00:07Z,2026-07-19T12:00:07+0200,0122f339-e99c-4669-a7fd-e7d31a0b8b3d,2026-07-02T15:30:00Z,2026-07-02T17:30:00+0200,49100.0,MW,FR,FR,forecast_load,Forecasted Load,2026-07-19T10:02:06Z
2026-07-19T10:00:07Z,2026-07-19T12:00:07+0200,0122f339-e99c-4669-a7fd-e7d31a0b8b3d,2026-07-02T15:45:00Z,2026-07-02T17:45:00+0200,49500.0,MW,FR,FR,forecast_load,Forecasted Load,2026-07-19T10:02:06Z
2026-07-19T10:00:07Z,2026-07-19T12:00:07+0200,0122f339-e99c-4669-a7fd-e7d31a0b8b3d,2026-07-02T16:00:00Z,2026-07-02T18:00:00+0200,49900.0,MW,FR,FR,forecast_load,Forecasted Load,2026-07-19T10:02:06Z
2026-07-19T10:00:07Z,2026-07-19T12:00:07+0200,0122f339-e99c-4669-a7fd-e7d31a0b8b3d,2026-07-02T16:15:00Z,2026-07-02T18:15:00+0200,50200.0,MW,FR,FR,forecast_load,Forecasted Load,2026-07-19T10:02:06Z
2026-07-19T10:00:07Z,2026-07-19T12:00:07+0200,0122f339-e99c-4669-a7fd-e7d31a0b8b3d,2026-07-02T16:30:00Z,2026-07-02T18:30:00+0200,50500.0,MW,FR,FR,forecast_load,Forecasted Load,2026-07-19T10:02:06Z
2026-07-19T10:00:07Z,2026-07-19T12:00:07+0200,0122f339-e99c-4669-a7fd-e7d31a0b8b3d,2026-07-02T16:45:00Z,2026-07-02T18:45:00+0200,51000.0,MW,FR,FR,forecast_load,Forecasted Load,2026-07-19T10:02:06Z
2026-07-19T10:00:07Z,2026-07-19T12:00:07+0200,0122f339-e99c-4669-a7fd-e7d31a0b8b3d,2026-07-02T17:00:00Z,2026-07-02T19:00:00+0200,51500.0,MW,FR,FR,forecast_load,Forecasted Load,2026-07-19T10:02:06Z
2026-07-19T10:00:07Z,2026-07-19T12:00:07+0200,0122f339-e99c-4669-a7fd-e7d31a0b8b3d,2026-07-02T17:15:00Z,2026-07-02T19:15:00+0200,51350.0,MW,FR,FR,forecast_load,Forecasted Load,2026-07-19T10:02:06Z
2026-07-19T10:00:07Z,2026-07-19T12:00:07+0200,0122f339-e99c-4669-a7fd-e7d31a0b8b3d,2026-07-02T17:30:00Z,2026-07-02T19:30:00+0200,51200.0,MW,FR,FR,forecast_load,Forecasted Load,2026-07-19T10:02:06Z
2026-07-19T10:00:07Z,2026-07-19T12:00:07+0200,0122f339-e99c-4669-a7fd-e7d31a0b8b3d,2026-07-02T17:45:00Z,2026-07-02T19:45:00+0200,50850.0,MW,FR,FR,forecast_load,Forecasted Load,2026-07-19T10:02:06Z
2026-07-19T10:00:07Z,2026-07-19T12:00:07+0200,0122f339-e99c-4669-a7fd-e7d31a0b8b3d,2026-07-02T18:00:00Z,2026-07-02T20:00:00+0200,50500.0,MW,FR,FR,forecast_load,Forecasted Load,2026-07-19T10:02:06Z
2026-07-19T10:00:07Z,2026-07-19T12:00:07+0200,0122f339-e99c-4669-a7fd-e7d31a0b8b3d,2026-07-02T18:15:00Z,2026-07-02T20:15:00+0200,49850.0,MW,FR,FR,forecast_load,Forecasted Load,2026-07-19T10:02:06Z
2026-07-19T10:00:07Z,2026-07-19T12:00:07+0200,0122f339-e99c-4669-a7fd-e7d31a0b8b3d,2026-07-02T18:30:00Z,2026-07-02T20:30:00+0200,49200.0,MW,FR,FR,forecast_load,Forecasted Load,2026-07-19T10:02:06Z
2026-07-19T10:00:07Z,2026-07-19T12:00:07+0200,0122f339-e99c-4669-a7fd-e7d31a0b8b3d,2026-07-02T18:45:00Z,2026-07-02T20:45:00+0200,48700.0,MW,FR,FR,forecast_load,Forecasted Load,2026-07-19T10:02:06Z
2026-07-19T10:00:07Z,2026-07-19T12:00:07+0200,0122f339-e99c-4669-a7fd-e7d31a0b8b3d,2026-07-02T19:00:00Z,2026-07-02T21:00:00+0200,48200.0,MW,FR,FR,forecast_load,Forecasted Load,2026-07-19T10:02:06Z
2026-07-19T10:00:07Z,2026-07-19T12:00:07+0200,0122f339-e99c-4669-a7fd-e7d31a0b8b3d,2026-07-02T19:15:00Z,2026-07-02T21:15:00+0200,47900.0,MW,FR,FR,forecast_load,Forecasted Load,2026-07-19T10:02:06Z
2026-07-19T10:00:07Z,2026-07-19T12:00:07+0200,0122f339-e99c-4669-a7fd-e7d31a0b8b3d,2026-07-02T19:30:00Z,2026-07-02T21:30:00+0200,47600.0,MW,FR,FR,forecast_load,Forecasted Load,2026-07-19T10:02:06Z
2026-07-19T10:00:07Z,2026-07-19T12:00:07+0200,0122f339-e99c-4669-a7fd-e7d31a0b8b3d,2026-07-02T19:45:00Z,2026-07-02T21:45:00+0200,47400.0,MW,FR,FR,forecast_load,Forecasted Load,2026-07-19T10:02:06Z
2026-07-19T10:00:07Z,2026-07-19T12:00:07+0200,0122f339-e99c-4669-a7fd-e7d31a0b8b3d,2026-07-02T20:00:00Z,2026-07-02T22:00:00+0200,47200.0,MW,FR,FR,forecast_load,Forecasted Load,2026-07-19T10:02:06Z
2026-07-19T10:00:07Z,2026-07-19T12:00:07+0200,0122f339-e99c-4669-a7fd-e7d31a0b8b3d,2026-07-02T20:15:00Z,2026-07-02T22:15:00+0200,47950.0,MW,FR,FR,forecast_load,Forecasted Load,2026-07-19T10:02:06Z
2026-07-19T10:00:07Z,2026-07-19T12:00:07+0200,0122f339-e99c-4669-a7fd-e7d31a0b8b3d,2026-07-02T20:30:00Z,2026-07-02T22:30:00+0200,48700.0,MW,FR,FR,forecast_load,Forecasted Load,2026-07-19T10:02:06Z
2026-07-19T10:00:07Z,2026-07-19T12:00:07+0200,0122f339-e99c-4669-a7fd-e7d31a0b8b3d,2026-07-02T20:45:00Z,2026-07-02T22:45:00+0200,49400.0,MW,FR,FR,forecast_load,Forecasted Load,2026-07-19T10:02:06Z
2026-07-19T10:00:07Z,2026-07-19T12:00:07+0200,0122f339-e99c-4669-a7fd-e7d31a0b8b3d,2026-07-02T21:00:00Z,2026-07-02T23:00:00+0200,50100.0,MW,FR,FR,forecast_load,Forecasted Load,2026-07-19T10:02:06Z
2026-07-19T10:00:07Z,2026-07-19T12:00:07+0200,0122f339-e99c-4669-a7fd-e7d31a0b8b3d,2026-07-02T21:15:00Z,2026-07-02T23:15:00+0200,49250.0,MW,FR,FR,forecast_load,Forecasted Load,2026-07-19T10:02:06Z
2026-07-19T10:00:07Z,2026-07-19T12:00:07+0200,0122f339-e99c-4669-a7fd-e7d31a0b8b3d,2026-07-02T21:30:00Z,2026-07-02T23:30:00+0200,48400.0,MW,FR,FR,forecast_load,Forecasted Load,2026-07-19T10:02:06Z
2026-07-19T10:00:07Z,2026-07-19T12:00:07+0200,0122f339-e99c-4669-a7fd-e7d31a0b8b3d,2026-07-02T21:45:00Z,2026-07-02T23:45:00+0200,47600.0,MW,FR,FR,forecast_load,Forecasted Load,2026-07-19T10:02:06Z
2026-07-19T10:00:07Z,2026-07-19T12:00:07+0200,0122f339-e99c-4669-a7fd-e7d31a0b8b3d,2026-07-02T22:00:00Z,2026-07-03T00:00:00+0200,46276.0,MW,FR,FR,forecast_load,Forecasted Load,2026-07-19T10:02:06Z
2026-07-19T10:00:07Z,2026-07-19T12:00:07+0200,0122f339-e99c-4669-a7fd-e7d31a0b8b3d,2026-07-02T22:15:00Z,2026-07-03T00:15:00+0200,45291.5,MW,FR,FR,forecast_load,Forecasted Load,2026-07-19T10:02:06Z
2026-07-19T10:00:07Z,2026-07-19T12:00:07+0200,0122f339-e99c-4669-a7fd-e7d31a0b8b3d,2026-07-02T22:30:00Z,2026-07-03T00:30:00+0200,44307.0,MW,FR,FR,forecast_load,Forecasted Load,2026-07-19T10:02:06Z
2026-07-19T10:00:07Z,2026-07-19T12:00:07+0200,0122f339-e99c-4669-a7fd-e7d31a0b8b3d,2026-07-02T22:45:00Z,2026-07-03T00:45:00+0200,43484.5,MW,FR,FR,forecast_load,Forecasted Load,2026-07-19T10:02:06Z
2026-07-19T10:00:07Z,2026-07-19T12:00:07+0200,0122f339-e99c-4669-a7fd-e7d31a0b8b3d,2026-07-02T23:00:00Z,2026-07-03T01:00:00+0200,42662.0,MW,FR,FR,forecast_load,Forecasted Load,2026-07-19T10:02:06Z
2026-07-19T10:00:07Z,2026-07-19T12:00:07+0200,0122f339-e99c-4669-a7fd-e7d31a0b8b3d,2026-07-02T23:15:00Z,2026-07-03T01:15:00+0200,42816.0,MW,FR,FR,forecast_load,Forecasted Load,2026-07-19T10:02:06Z
2026-07-19T10:00:07Z,2026-07-19T12:00:07+0200,0122f339-e99c-4669-a7fd-e7d31a0b8b3d,2026-07-02T23:30:00Z,2026-07-03T01:30:00+0200,42970.0,MW,FR,FR,forecast_load,Forecasted Load,2026-07-19T10:02:06Z
2026-07-19T10:00:07Z,2026-07-19T12:00:07+0200,0122f339-e99c-4669-a7fd-e7d31a0b8b3d,2026-07-02T23:45:00Z,2026-07-03T01:45:00+0200,41985.0,MW,FR,FR,forecast_load,Forecasted Load,2026-07-19T10:02:06Z
2026-07-19T10:00:07Z,2026-07-19T12:00:07+0200,0122f339-e99c-4669-a7fd-e7d31a0b8b3d,2026-07-03T00:00:00Z,2026-07-03T02:00:00+0200,41000.0,MW,FR,FR,forecast_load,Forecasted Load,2026-07-19T10:02:06Z
2026-07-19T10:00:07Z,2026-07-19T12:00:07+0200,0122f339-e99c-4669-a7fd-e7d31a0b8b3d,2026-07-03T00:15:00Z,2026-07-03T02:15:00+0200,40300.0,MW,FR,FR,forecast_load,Forecasted Load,2026-07-19T10:02:06Z
2026-07-19T10:00:07Z,2026-07-19T12:00:07+0200,0122f339-e99c-4669-a7fd-e7d31a0b8b3d,2026-07-03T00:30:00Z,2026-07-03T02:30:00+0200,39600.0,MW,FR,FR,forecast_load,Forecasted Load,2026-07-19T10:02:06Z
2026-07-19T10:00:07Z,2026-07-19T12:00:07+0200,0122f339-e99c-4669-a7fd-e7d31a0b8b3d,2026-07-03T00:45:00Z,2026-07-03T02:45:00+0200,39043.0,MW,FR,FR,forecast_load,Forecasted Load,2026-07-19T10:02:06Z
2026-07-19T10:00:07Z,2026-07-19T12:00:07+0200,0122f339-e99c-4669-a7fd-e7d31a0b8b3d,2026-07-03T01:00:00Z,2026-07-03T03:00:00+0200,38486.0,MW,FR,FR,forecast_load,Forecasted Load,2026-07-19T10:02:06Z
2026-07-19T10:00:07Z,2026-07-19T12:00:07+0200,0122f339-e99c-4669-a7fd-e7d31a0b8b3d,2026-07-03T01:15:00Z,2026-07-03T03:15:00+0200,38129.0,MW,FR,FR,forecast_load,Forecasted Load,2026-07-19T10:02:06Z
2026-07-19T10:00:07Z,2026-07-19T12:00:07+0200,0122f339-e99c-4669-a7fd-e7d31a0b8b3d,2026-07-03T01:30:00Z,2026-07-03T03:30:00+0200,37772.0,MW,FR,FR,forecast_load,Forecasted Load,2026-07-19T10:02:06Z
2026-07-19T10:00:07Z,2026-07-19T12:00:07+0200,0122f339-e99c-4669-a7fd-e7d31a0b8b3d,2026-07-03T01:45:00Z,2026-07-03T03:45:00+0200,37623.5,MW,FR,FR,forecast_load,Forecasted Load,2026-07-19T10:02:06Z
2026-07-19T10:00:07Z,2026-07-19T12:00:07+0200,0122f339-e99c-4669-a7fd-e7d31a0b8b3d,2026-07-03T02:00:00Z,2026-07-03T04:00:00+0200,37475.0,MW,FR,FR,forecast_load,Forecasted Load,2026-07-19T10:02:06Z
2026-07-19T10:00:07Z,2026-07-19T12:00:07+0200,0122f339-e99c-4669-a7fd-e7d31a0b8b3d,2026-07-03T02:15:00Z,2026-07-03T04:15:00+0200,37421.0,MW,FR,FR,forecast_load,Forecasted Load,2026-07-19T10:02:06Z
2026-07-19T10:00:07Z,2026-07-19T12:00:07+0200,0122f339-e99c-4669-a7fd-e7d31a0b8b3d,2026-07-03T02:30:00Z,2026-07-03T04:30:00+0200,37367.0,MW,FR,FR,forecast_load,Forecasted Load,2026-07-19T10:02:06Z
2026-07-19T10:00:07Z,2026-07-19T12:00:07+0200,0122f339-e99c-4669-a7fd-e7d31a0b8b3d,2026-07-03T02:45:00Z,2026-07-03T04:45:00+0200,37545.5,MW,FR,FR,forecast_load,Forecasted Load,2026-07-19T10:02:06Z
2026-07-19T10:00:07Z,2026-07-19T12:00:07+0200,0122f339-e99c-4669-a7fd-e7d31a0b8b3d,2026-07-03T03:00:00Z,2026-07-03T05:00:00+0200,37724.0,MW,FR,FR,forecast_load,Forecasted Load,2026-07-19T10:02:06Z
2026-07-19T10:00:07Z,2026-07-19T12:00:07+0200,0122f339-e99c-4669-a7fd-e7d31a0b8b3d,2026-07-03T03:15:00Z,2026-07-03T05:15:00+0200,38232.0,MW,FR,FR,forecast_load,Forecasted Load,2026-07-19T10:02:06Z
2026-07-19T10:00:07Z,2026-07-19T12:00:07+0200,0122f339-e99c-4669-a7fd-e7d31a0b8b3d,2026-07-03T03:30:00Z,2026-07-03T05:30:00+0200,38740.0,MW,FR,FR,forecast_load,Forecasted Load,2026-07-19T10:02:06Z
2026-07-19T10:00:07Z,2026-07-19T12:00:07+0200,0122f339-e99c-4669-a7fd-e7d31a0b8b3d,2026-07-03T03:45:00Z,2026-07-03T05:45:00+0200,39071.5,MW,FR,FR,forecast_load,Forecasted Load,2026-07-19T10:02:06Z
2026-07-19T10:00:07Z,2026-07-19T12:00:07+0200,0122f339-e99c-4669-a7fd-e7d31a0b8b3d,2026-07-03T04:00:00Z,2026-07-03T06:00:00+0200,39403.0,MW,FR,FR,forecast_load,Forecasted Load,2026-07-19T10:02:06Z
2026-07-19T10:00:07Z,2026-07-19T12:00:07+0200,0122f339-e99c-4669-a7fd-e7d31a0b8b3d,2026-07-03T04:15:00Z,2026-07-03T06:15:00+0200,40233.0,MW,FR,FR,forecast_load,Forecasted Load,2026-07-19T10:02:06Z
2026-07-19T10:00:07Z,2026-07-19T12:00:07+0200,0122f339-e99c-4669-a7fd-e7d31a0b8b3d,2026-07-03T04:30:00Z,2026-07-03T06:30:00+0200,41063.0,MW,FR,FR,forecast_load,Forecasted Load,2026-07-19T10:02:06Z
2026-07-19T10:00:07Z,2026-07-19T12:00:07+0200,0122f339-e99c-4669-a7fd-e7d31a0b8b3d,2026-07-03T04:45:00Z,2026-07-03T06:45:00+0200,41742.0,MW,FR,FR,forecast_load,Forecasted Load,2026-07-19T10:02:06Z
2026-07-19T10:00:07Z,2026-07-19T12:00:07+0200,0122f339-e99c-4669-a7fd-e7d31a0b8b3d,2026-07-03T05:00:00Z,2026-07-03T07:00:00+0200,42421.0,MW,FR,FR,forecast_load,Forecasted Load,2026-07-19T10:02:06Z
2026-07-19T10:00:07Z,2026-07-19T12:00:07+0200,0122f339-e99c-4669-a7fd-e7d31a0b8b3d,2026-07-03T05:15:00Z,2026-07-03T07:15:00+0200,43259.5,MW,FR,FR,forecast_load,Forecasted Load,2026-07-19T10:02:06Z
2026-07-19T10:00:07Z,2026-07-19T12:00:07+0200,0122f339-e99c-4669-a7fd-e7d31a0b8b3d,2026-07-03T05:30:00Z,2026-07-03T07:30:00+0200,44098.0,MW,FR,FR,forecast_load,Forecasted Load,2026-07-19T10:02:06Z
2026-07-19T10:00:07Z,2026-07-19T12:00:07+0200,0122f339-e99c-4669-a7fd-e7d31a0b8b3d,2026-07-03T05:45:00Z,2026-07-03T07:45:00+0200,44749.0,MW,FR,FR,forecast_load,Forecasted Load,2026-07-19T10:02:06Z
2026-07-19T10:00:07Z,2026-07-19T12:00:07+0200,0122f339-e99c-4669-a7fd-e7d31a0b8b3d,2026-07-03T06:00:00Z,2026-07-03T08:00:00+0200,45400.0,MW,FR,FR,forecast_load,Forecasted Load,2026-07-19T10:02:06Z
2026-07-19T10:00:07Z,2026-07-19T12:00:07+0200,0122f339-e99c-4669-a7fd-e7d31a0b8b3d,2026-07-03T06:15:00Z,2026-07-03T08:15:00+0200,45879.5,MW,FR,FR,forecast_load,Forecasted Load,2026-07-19T10:02:06Z
2026-07-19T10:00:07Z,2026-07-19T12:00:07+0200,0122f339-e99c-4669-a7fd-e7d31a0b8b3d,2026-07-03T06:30:00Z,2026-07-03T08:30:00+0200,46359.0,MW,FR,FR,forecast_load,Forecasted Load,2026-07-19T10:02:06Z
2026-07-19T10:00:07Z,2026-07-19T12:00:07+0200,0122f339-e99c-4669-a7fd-e7d31a0b8b3d,2026-07-03T06:45:00Z,2026-07-03T08:45:00+0200,46890.5,MW,FR,FR,forecast_load,Forecasted Load,2026-07-19T10:02:06Z
2026-07-19T10:00:07Z,2026-07-19T12:00:07+0200,0122f339-e99c-4669-a7fd-e7d31a0b8b3d,2026-07-03T07:00:00Z,2026-07-03T09:00:00+0200,47422.0,MW,FR,FR,forecast_load,Forecasted Load,2026-07-19T10:02:06Z
2026-07-19T10:00:07Z,2026-07-19T12:00:07+0200,0122f339-e99c-4669-a7fd-e7d31a0b8b3d,2026-07-03T07:15:00Z,2026-07-03T09:15:00+0200,47740.0,MW,FR,FR,forecast_load,Forecasted Load,2026-07-19T10:02:06Z
2026-07-19T10:00:07Z,2026-07-19T12:00:07+0200,0122f339-e99c-4669-a7fd-e7d31a0b8b3d,2026-07-03T07:30:00Z,2026-07-03T09:30:00+0200,48058.0,MW,FR,FR,forecast_load,Forecasted Load,2026-07-19T10:02:06Z
2026-07-19T10:00:07Z,2026-07-19T12:00:07+0200,0122f339-e99c-4669-a7fd-e7d31a0b8b3d,2026-07-03T07:45:00Z,2026-07-03T09:45:00+0200,48378.0,MW,FR,FR,forecast_load,Forecasted Load,2026-07-19T10:02:06Z
2026-07-19T10:00:07Z,2026-07-19T12:00:07+0200,0122f339-e99c-4669-a7fd-e7d31a0b8b3d,2026-07-03T08:00:00Z,2026-07-03T10:00:00+0200,48698.0,MW,FR,FR,forecast_load,Forecasted Load,2026-07-19T10:02:06Z
2026-07-19T10:00:07Z,2026-07-19T12:00:07+0200,0122f339-e99c-4669-a7fd-e7d31a0b8b3d,2026-07-03T08:15:00Z,2026-07-03T10:15:00+0200,48914.5,MW,FR,FR,forecast_load,Forecasted Load,2026-07-19T10:02:06Z
2026-07-19T10:00:07Z,2026-07-19T12:00:07+0200,0122f339-e99c-4669-a7fd-e7d31a0b8b3d,2026-07-03T08:30:00Z,2026-07-03T10:30:00+0200,49131.0,MW,FR,FR,forecast_load,Forecasted Load,2026-07-19T10:02:06Z
2026-07-19T10:00:07Z,2026-07-19T12:00:07+0200,0122f339-e99c-4669-a7fd-e7d31a0b8b3d,2026-07-03T08:45:00Z,2026-07-03T10:45:00+0200,49149.5,MW,FR,FR,forecast_load,Forecasted Load,2026-07-19T10:02:06Z
2026-07-19T10:00:07Z,2026-07-19T12:00:07+0200,0122f339-e99c-4669-a7fd-e7d31a0b8b3d,2026-07-03T09:00:00Z,2026-07-03T11:00:00+0200,49168.0,MW,FR,FR,forecast_load,Forecasted Load,2026-07-19T10:02:06Z
2026-07-19T10:00:07Z,2026-07-19T12:00:07+0200,0122f339-e99c-4669-a7fd-e7d31a0b8b3d,2026-07-03T09:15:00Z,2026-07-03T11:15:00+0200,49378.0,MW,FR,FR,forecast_load,Forecasted Load,2026-07-19T10:02:06Z
2026-07-19T10:00:07Z,2026-07-19T12:00:07+0200,0122f339-e99c-4669-a7fd-e7d31a0b8b3d,2026-07-03T09:30:00Z,2026-07-03T11:30:00+0200,49588.0,MW,FR,FR,forecast_load,Forecasted Load,2026-07-19T10:02:06Z
2026-07-19T10:00:07Z,2026-07-19T12:00:07+0200,0122f339-e99c-4669-a7fd-e7d31a0b8b3d,2026-07-03T09:45:00Z,2026-07-03T11:45:00+0200,50119.0,MW,FR,FR,forecast_load,Forecasted Load,2026-07-19T10:02:06Z
2026-07-19T10:00:07Z,2026-07-19T12:00:07+0200,0122f339-e99c-4669-a7fd-e7d31a0b8b3d,2026-07-03T10:00:00Z,2026-07-03T12:00:00+0200,50650.0,MW,FR,FR,forecast_load,Forecasted Load,2026-07-19T10:02:06Z
2026-07-19T10:00:07Z,2026-07-19T12:00:07+0200,0122f339-e99c-4669-a7fd-e7d31a0b8b3d,2026-07-03T10:15:00Z,2026-07-03T12:15:00+0200,50275.0,MW,FR,FR,forecast_load,Forecasted Load,2026-07-19T10:02:06Z
2026-07-19T10:00:07Z,2026-07-19T12:00:07+0200,0122f339-e99c-4669-a7fd-e7d31a0b8b3d,2026-07-03T10:30:00Z,2026-07-03T12:30:00+0200,49900.0,MW,FR,FR,forecast_load,Forecasted Load,2026-07-19T10:02:06Z
2026-07-19T10:00:07Z,2026-07-19T12:00:07+0200,0122f339-e99c-4669-a7fd-e7d31a0b8b3d,2026-07-03T10:45:00Z,2026-07-03T12:45:00+0200,50562.5,MW,FR,FR,forecast_load,Forecasted Load,2026-07-19T10:02:06Z
2026-07-19T10:00:07Z,2026-07-19T12:00:07+0200,0122f339-e99c-4669-a7fd-e7d31a0b8b3d,2026-07-03T11:00:00Z,2026-07-03T13:00:00+0200,51225.0,MW,FR,FR,forecast_load,Forecasted Load,2026-07-19T10:02:06Z
2026-07-19T10:00:07Z,2026-07-19T12:00:07+0200,0122f339-e99c-4669-a7fd-e7d31a0b8b3d,2026-07-03T11:15:00Z,2026-07-03T13:15:00+0200,50437.0,MW,FR,FR,forecast_load,Forecasted Load,2026-07-19T10:02:06Z
2026-07-19T10:00:07Z,2026-07-19T12:00:07+0200,0122f339-e99c-4669-a7fd-e7d31a0b8b3d,2026-07-03T11:30:00Z,2026-07-03T13:30:00+0200,49649.0,MW,FR,FR,forecast_load,Forecasted Load,2026-07-19T10:02:06Z
2026-07-19T10:00:07Z,2026-07-19T12:00:07+0200,0122f339-e99c-4669-a7fd-e7d31a0b8b3d,2026-07-03T11:45:00Z,2026-07-03T13:45:00+0200,49596.0,MW,FR,FR,forecast_load,Forecasted Load,2026-07-19T10:02:06Z
2026-07-19T10:00:07Z,2026-07-19T12:00:07+0200,0122f339-e99c-4669-a7fd-e7d31a0b8b3d,2026-07-03T12:00:00Z,2026-07-03T14:00:00+0200,49543.0,MW,FR,FR,forecast_load,Forecasted Load,2026-07-19T10:02:06Z
2026-07-19T10:00:07Z,2026-07-19T12:00:07+0200,0122f339-e99c-4669-a7fd-e7d31a0b8b3d,2026-07-03T12:15:00Z,2026-07-03T14:15:00+0200,50267.0,MW,FR,FR,forecast_load,Forecasted Load,2026-07-19T10:02:06Z
2026-07-19T10:00:07Z,2026-07-19T12:00:07+0200,0122f339-e99c-4669-a7fd-e7d31a0b8b3d,2026-07-03T12:30:00Z,2026-07-03T14:30:00+0200,50991.0,MW,FR,FR,forecast_load,Forecasted Load,2026-07-19T10:02:06Z
2026-07-19T10:00:07Z,2026-07-19T12:00:07+0200,0122f339-e99c-4669-a7fd-e7d31a0b8b3d,2026-07-03T12:45:00Z,2026-07-03T14:45:00+0200,50364.0,MW,FR,FR,forecast_load,Forecasted Load,2026-07-19T10:02:06Z
2026-07-19T10:00:07Z,2026-07-19T12:00:07+0200,0122f339-e99c-4669-a7fd-e7d31a0b8b3d,2026-07-03T13:00:00Z,2026-07-03T15:00:00+0200,49737.0,MW,FR,FR,forecast_load,Forecasted Load,2026-07-19T10:02:06Z
2026-07-19T10:00:07Z,2026-07-19T12:00:07+0200,0122f339-e99c-4669-a7fd-e7d31a0b8b3d,2026-07-03T13:15:00Z,2026-07-03T15:15:00+0200,49224.0,MW,FR,FR,forecast_load,Forecasted Load,2026-07-19T10:02:06Z
2026-07-19T10:00:07Z,2026-07-19T12:00:07+0200,0122f339-e99c-4669-a7fd-e7d31a0b8b3d,2026-07-03T13:30:00Z,2026-07-03T15:30:00+0200,48711.0,MW,FR,FR,forecast_load,Forecasted Load,2026-07-19T10:02:06Z
2026-07-19T10:00:07Z,2026-07-19T12:00:07+0200,0122f339-e99c-4669-a7fd-e7d31a0b8b3d,2026-07-03T13:45:00Z,2026-07-03T15:45:00+0200,48426.5,MW,FR,FR,forecast_load,Forecasted Load,2026-07-19T10:02:06Z
2026-07-19T10:00:07Z,2026-07-19T12:00:07+0200,0122f339-e99c-4669-a7fd-e7d31a0b8b3d,2026-07-03T14:00:00Z,2026-07-03T16:00:00+0200,48142.0,MW,FR,FR,forecast_load,Forecasted Load,2026-07-19T10:02:06Z
2026-07-19T10:00:07Z,2026-07-19T12:00:07+0200,0122f339-e99c-4669-a7fd-e7d31a0b8b3d,2026-07-03T14:15:00Z,2026-07-03T16:15:00+0200,47827.5,MW,FR,FR,forecast_load,Forecasted Load,2026-07-19T10:02:06Z
2026-07-19T10:00:07Z,2026-07-19T12:00:07+0200,0122f339-e99c-4669-a7fd-e7d31a0b8b3d,2026-07-03T14:30:00Z,2026-07-03T16:30:00+0200,47513.0,MW,FR,FR,forecast_load,Forecasted Load,2026-07-19T10:02:06Z
2026-07-19T10:00:07Z,2026-07-19T12:00:07+0200,0122f339-e99c-4669-a7fd-e7d31a0b8b3d,2026-07-03T14:45:00Z,2026-07-03T16:45:00+0200,47357.0,MW,FR,FR,forecast_load,Forecasted Load,2026-07-19T10:02:06Z
2026-07-19T10:00:07Z,2026-07-19T12:00:07+0200,0122f339-e99c-4669-a7fd-e7d31a0b8b3d,2026-07-03T15:00:00Z,2026-07-03T17:00:00+0200,47201.0,MW,FR,FR,forecast_load,Forecasted Load,2026-07-19T10:02:06Z
2026-07-19T10:00:07Z,2026-07-19T12:00:07+0200,0122f339-e99c-4669-a7fd-e7d31a0b8b3d,2026-07-03T15:15:00Z,2026-07-03T17:15:00+0200,47475.5,MW,FR,FR,forecast_load,Forecasted Load,2026-07-19T10:02:06Z
2026-07-19T10:00:07Z,2026-07-19T12:00:07+0200,0122f339-e99c-4669-a7fd-e7d31a0b8b3d,2026-07-03T15:30:00Z,2026-07-03T17:30:00+0200,47750.0,MW,FR,FR,forecast_load,Forecasted Load,2026-07-19T10:02:06Z
2026-07-19T10:00:07Z,2026-07-19T12:00:07+0200,0122f339-e99c-4669-a7fd-e7d31a0b8b3d,2026-07-03T15:45:00Z,2026-07-03T17:45:00+0200,47928.5,MW,FR,FR,forecast_load,Forecasted Load,2026-07-19T10:02:06Z
2026-07-19T10:00:07Z,2026-07-19T12:00:07+0200,0122f339-e99c-4669-a7fd-e7d31a0b8b3d,2026-07-03T16:00:00Z,2026-07-03T18:00:00+0200,48107.0,MW,FR,FR,forecast_load,Forecasted Load,2026-07-19T10:02:06Z
2026-07-19T10:00:07Z,2026-07-19T12:00:07+0200,0122f339-e99c-4669-a7fd-e7d31a0b8b3d,2026-07-03T16:15:00Z,2026-07-03T18:15:00+0200,48379.5,MW,FR,FR,forecast_load,Forecasted Load,2026-07-19T10:02:06Z
2026-07-19T10:00:07Z,2026-07-19T12:00:07+0200,0122f339-e99c-4669-a7fd-e7d31a0b8b3d,2026-07-03T16:30:00Z,2026-07-03T18:30:00+0200,48652.0,MW,FR,FR,forecast_load,Forecasted Load,2026-07-19T10:02:06Z
2026-07-19T10:00:07Z,2026-07-19T12:00:07+0200,0122f339-e99c-4669-a7fd-e7d31a0b8b3d,2026-07-03T16:45:00Z,2026-07-03T18:45:00+0200,49284.0,MW,FR,FR,forecast_load,Forecasted Load,2026-07-19T10:02:06Z
2026-07-19T10:00:07Z,2026-07-19T12:00:07+0200,0122f339-e99c-4669-a7fd-e7d31a0b8b3d,2026-07-03T17:00:00Z,2026-07-03T19:00:00+0200,49916.0,MW,FR,FR,forecast_load,Forecasted Load,2026-07-19T10:02:06Z
2026-07-19T10:00:07Z,2026-07-19T12:00:07+0200,0122f339-e99c-4669-a7fd-e7d31a0b8b3d,2026-07-03T17:15:00Z,2026-07-03T19:15:00+0200,49670.0,MW,FR,FR,forecast_load,Forecasted Load,2026-07-19T10:02:06Z
2026-07-19T10:00:07Z,2026-07-19T12:00:07+0200,0122f339-e99c-4669-a7fd-e7d31a0b8b3d,2026-07-03T17:30:00Z,2026-07-03T19:30:00+0200,49424.0,MW,FR,FR,forecast_load,Forecasted Load,2026-07-19T10:02:06Z
2026-07-19T10:00:07Z,2026-07-19T12:00:07+0200,0122f339-e99c-4669-a7fd-e7d31a0b8b3d,2026-07-03T17:45:00Z,2026-07-03T19:45:00+0200,49158.5,MW,FR,FR,forecast_load,Forecasted Load,2026-07-19T10:02:06Z
2026-07-19T10:00:07Z,2026-07-19T12:00:07+0200,0122f339-e99c-4669-a7fd-e7d31a0b8b3d,2026-07-03T18:00:00Z,2026-07-03T20:00:00+0200,48893.0,MW,FR,FR,forecast_load,Forecasted Load,2026-07-19T10:02:06Z
2026-07-19T10:00:07Z,2026-07-19T12:00:07+0200,0122f339-e99c-4669-a7fd-e7d31a0b8b3d,2026-07-03T18:15:00Z,2026-07-03T20:15:00+0200,48360.0,MW,FR,FR,forecast_load,Forecasted Load,2026-07-19T10:02:06Z
2026-07-19T10:00:07Z,2026-07-19T12:00:07+0200,0122f339-e99c-4669-a7fd-e7d31a0b8b3d,2026-07-03T18:30:00Z,2026-07-03T20:30:00+0200,47827.0,MW,FR,FR,forecast_load,Forecasted Load,2026-07-19T10:02:06Z
2026-07-19T10:00:07Z,2026-07-19T12:00:07+0200,0122f339-e99c-4669-a7fd-e7d31a0b8b3d,2026-07-03T18:45:00Z,2026-07-03T20:45:00+0200,47459.5,MW,FR,FR,forecast_load,Forecasted Load,2026-07-19T10:02:06Z
2026-07-19T10:00:07Z,2026-07-19T12:00:07+0200,0122f339-e99c-4669-a7fd-e7d31a0b8b3d,2026-07-03T19:00:00Z,2026-07-03T21:00:00+0200,47092.0,MW,FR,FR,forecast_load,Forecasted Load,2026-07-19T10:02:06Z
2026-07-19T10:00:07Z,2026-07-19T12:00:07+0200,0122f339-e99c-4669-a7fd-e7d31a0b8b3d,2026-07-03T19:15:00Z,2026-07-03T21:15:00+0200,46782.5,MW,FR,FR,forecast_load,Forecasted Load,2026-07-19T10:02:06Z
2026-07-19T10:00:07Z,2026-07-19T12:00:07+0200,0122f339-e99c-4669-a7fd-e7d31a0b8b3d,2026-07-03T19:30:00Z,2026-07-03T21:30:00+0200,46473.0,MW,FR,FR,forecast_load,Forecasted Load,2026-07-19T10:02:06Z
2026-07-19T10:00:07Z,2026-07-19T12:00:07+0200,0122f339-e99c-4669-a7fd-e7d31a0b8b3d,2026-07-03T19:45:00Z,2026-07-03T21:45:00+0200,46190.5,MW,FR,FR,forecast_load,Forecasted Load,2026-07-19T10:02:06Z
2026-07-19T10:00:07Z,2026-07-19T12:00:07+0200,0122f339-e99c-4669-a7fd-e7d31a0b8b3d,2026-07-03T20:00:00Z,2026-07-03T22:00:00+0200,45908.0,MW,FR,FR,forecast_load,Forecasted Load,2026-07-19T10:02:06Z
2026-07-19T10:00:07Z,2026-07-19T12:00:07+0200,0122f339-e99c-4669-a7fd-e7d31a0b8b3d,2026-07-03T20:15:00Z,2026-07-03T22:15:00+0200,46994.0,MW,FR,FR,forecast_load,Forecasted Load,2026-07-19T10:02:06Z
2026-07-19T10:00:07Z,2026-07-19T12:00:07+0200,0122f339-e99c-4669-a7fd-e7d31a0b8b3d,2026-07-03T20:30:00Z,2026-07-03T22:30:00+0200,48080.0,MW,FR,FR,forecast_load,Forecasted Load,2026-07-19T10:02:06Z
2026-07-19T10:00:07Z,2026-07-19T12:00:07+0200,0122f339-e99c-4669-a7fd-e7d31a0b8b3d,2026-07-03T20:45:00Z,2026-07-03T22:45:00+0200,48554.0,MW,FR,FR,forecast_load,Forecasted Load,2026-07-19T10:02:06Z
2026-07-19T10:00:07Z,2026-07-19T12:00:07+0200,0122f339-e99c-4669-a7fd-e7d31a0b8b3d,2026-07-03T21:00:00Z,2026-07-03T23:00:00+0200,49028.0,MW,FR,FR,forecast_load,Forecasted Load,2026-07-19T10:02:06Z
2026-07-19T10:00:07Z,2026-07-19T12:00:07+0200,0122f339-e99c-4669-a7fd-e7d31a0b8b3d,2026-07-03T21:15:00Z,2026-07-03T23:15:00+0200,48154.5,MW,FR,FR,forecast_load,Forecasted Load,2026-07-19T10:02:06Z
2026-07-19T10:00:07Z,2026-07-19T12:00:07+0200,0122f339-e99c-4669-a7fd-e7d31a0b8b3d,2026-07-03T21:30:00Z,2026-07-03T23:30:00+0200,47281.0,MW,FR,FR,forecast_load,Forecasted Load,2026-07-19T10:02:06Z
2026-07-19T10:00:07Z,2026-07-19T12:00:07+0200,0122f339-e99c-4669-a7fd-e7d31a0b8b3d,2026-07-03T21:45:00Z,2026-07-03T23:45:00+0200,46460.5,MW,FR,FR,forecast_load,Forecasted Load,2026-07-19T10:02:06Z
2026-07-19T10:00:07Z,2026-07-19T12:00:07+0200,0122f339-e99c-4669-a7fd-e7d31a0b8b3d,2026-07-03T22:00:00Z,2026-07-04T00:00:00+0200,46100.0,MW,FR,FR,forecast_load,Forecasted Load,2026-07-19T10:02:06Z
2026-07-19T10:00:07Z,2026-07-19T12:00:07+0200,0122f339-e99c-4669-a7fd-e7d31a0b8b3d,2026-07-03T22:15:00Z,2026-07-04T00:15:00+0200,45050.0,MW,FR,FR,forecast_load,Forecasted Load,2026-07-19T10:02:06Z
2026-07-19T10:00:07Z,2026-07-19T12:00:07+0200,0122f339-e99c-4669-a7fd-e7d31a0b8b3d,2026-07-03T22:30:00Z,2026-07-04T00:30:00+0200,44000.0,MW,FR,FR,forecast_load,Forecasted Load,2026-07-19T10:02:06Z
2026-07-19T10:00:07Z,2026-07-19T12:00:07+0200,0122f339-e99c-4669-a7fd-e7d31a0b8b3d,2026-07-03T22:45:00Z,2026-07-04T00:45:00+0200,43050.0,MW,FR,FR,forecast_load,Forecasted Load,2026-07-19T10:02:06Z
2026-07-19T10:00:07Z,2026-07-19T12:00:07+0200,0122f339-e99c-4669-a7fd-e7d31a0b8b3d,2026-07-03T23:00:00Z,2026-07-04T01:00:00+0200,42100.0,MW,FR,FR,forecast_load,Forecasted Load,2026-07-19T10:02:06Z
2026-07-19T10:00:07Z,2026-07-19T12:00:07+0200,0122f339-e99c-4669-a7fd-e7d31a0b8b3d,2026-07-03T23:15:00Z,2026-07-04T01:15:00+0200,42000.0,MW,FR,FR,forecast_load,Forecasted Load,2026-07-19T10:02:06Z
2026-07-19T10:00:07Z,2026-07-19T12:00:07+0200,0122f339-e99c-4669-a7fd-e7d31a0b8b3d,2026-07-03T23:30:00Z,2026-07-04T01:30:00+0200,41900.0,MW,FR,FR,forecast_load,Forecasted Load,2026-07-19T10:02:06Z
2026-07-19T10:00:07Z,2026-07-19T12:00:07+0200,0122f339-e99c-4669-a7fd-e7d31a0b8b3d,2026-07-03T23:45:00Z,2026-07-04T01:45:00+0200,41350.0,MW,FR,FR,forecast_load,Forecasted Load,2026-07-19T10:02:06Z
2026-07-19T10:00:07Z,2026-07-19T12:00:07+0200,0122f339-e99c-4669-a7fd-e7d31a0b8b3d,2026-07-04T00:00:00Z,2026-07-04T02:00:00+0200,40800.0,MW,FR,FR,forecast_load,Forecasted Load,2026-07-19T10:02:06Z
2026-07-19T10:00:07Z,2026-07-19T12:00:07+0200,0122f339-e99c-4669-a7fd-e7d31a0b8b3d,2026-07-04T00:15:00Z,2026-07-04T02:15:00+0200,39950.0,MW,FR,FR,forecast_load,Forecasted Load,2026-07-19T10:02:06Z
2026-07-19T10:00:07Z,2026-07-19T12:00:07+0200,0122f339-e99c-4669-a7fd-e7d31a0b8b3d,2026-07-04T00:30:00Z,2026-07-04T02:30:00+0200,39100.0,MW,FR,FR,forecast_load,Forecasted Load,2026-07-19T10:02:06Z
2026-07-19T10:00:07Z,2026-07-19T12:00:07+0200,0122f339-e99c-4669-a7fd-e7d31a0b8b3d,2026-07-04T00:45:00Z,2026-07-04T02:45:00+0200,38500.0,MW,FR,FR,forecast_load,Forecasted Load,2026-07-19T10:02:06Z
2026-07-19T10:00:07Z,2026-07-19T12:00:07+0200,0122f339-e99c-4669-a7fd-e7d31a0b8b3d,2026-07-04T01:00:00Z,2026-07-04T03:00:00+0200,37900.0,MW,FR,FR,forecast_load,Forecasted Load,2026-07-19T10:02:06Z
2026-07-19T10:00:07Z,2026-07-19T12:00:07+0200,0122f339-e99c-4669-a7fd-e7d31a0b8b3d,2026-07-04T01:15:00Z,2026-07-04T03:15:00+0200,37450.0,MW,FR,FR,forecast_load,Forecasted Load,2026-07-19T10:02:06Z
2026-07-19T10:00:07Z,2026-07-19T12:00:07+0200,0122f339-e99c-4669-a7fd-e7d31a0b8b3d,2026-07-04T01:30:00Z,2026-07-04T03:30:00+0200,37000.0,MW,FR,FR,forecast_load,Forecasted Load,2026-07-19T10:02:06Z
2026-07-19T10:00:07Z,2026-07-19T12:00:07+0200,0122f339-e99c-4669-a7fd-e7d31a0b8b3d,2026-07-04T01:45:00Z,2026-07-04T03:45:00+0200,36650.0,MW,FR,FR,forecast_load,Forecasted Load,2026-07-19T10:02:06Z
2026-07-19T10:00:07Z,2026-07-19T12:00:07+0200,0122f339-e99c-4669-a7fd-e7d31a0b8b3d,2026-07-04T02:00:00Z,2026-07-04T04:00:00+0200,36300.0,MW,FR,FR,forecast_load,Forecasted Load,2026-07-19T10:02:06Z
2026-07-19T10:00:07Z,2026-07-19T12:00:07+0200,0122f339-e99c-4669-a7fd-e7d31a0b8b3d,2026-07-04T02:15:00Z,2026-07-04T04:15:00+0200,36000.0,MW,FR,FR,forecast_load,Forecasted Load,2026-07-19T10:02:06Z
2026-07-19T10:00:07Z,2026-07-19T12:00:07+0200,0122f339-e99c-4669-a7fd-e7d31a0b8b3d,2026-07-04T02:30:00Z,2026-07-04T04:30:00+0200,35700.0,MW,FR,FR,forecast_load,Forecasted Load,2026-07-19T10:02:06Z
2026-07-19T10:00:07Z,2026-07-19T12:00:07+0200,0122f339-e99c-4669-a7fd-e7d31a0b8b3d,2026-07-04T02:45:00Z,2026-07-04T04:45:00+0200,35600.0,MW,FR,FR,forecast_load,Forecasted Load,2026-07-19T10:02:06Z
2026-07-19T10:00:07Z,2026-07-19T12:00:07+0200,0122f339-e99c-4669-a7fd-e7d31a0b8b3d,2026-07-04T03:00:00Z,2026-07-04T05:00:00+0200,35500.0,MW,FR,FR,forecast_load,Forecasted Load,2026-07-19T10:02:06Z
2026-07-19T10:00:07Z,2026-07-19T12:00:07+0200,0122f339-e99c-4669-a7fd-e7d31a0b8b3d,2026-07-04T03:15:00Z,2026-07-04T05:15:00+0200,35550.0,MW,FR,FR,forecast_load,Forecasted Load,2026-07-19T10:02:06Z
2026-07-19T10:00:07Z,2026-07-19T12:00:07+0200,0122f339-e99c-4669-a7fd-e7d31a0b8b3d,2026-07-04T03:30:00Z,2026-07-04T05:30:00+0200,35600.0,MW,FR,FR,forecast_load,Forecasted Load,2026-07-19T10:02:06Z
2026-07-19T10:00:07Z,2026-07-19T12:00:07+0200,0122f339-e99c-4669-a7fd-e7d31a0b8b3d,2026-07-04T03:45:00Z,2026-07-04T05:45:00+0200,35450.0,MW,FR,FR,forecast_load,Forecasted Load,2026-07-19T10:02:06Z
2026-07-19T10:00:07Z,2026-07-19T12:00:07+0200,0122f339-e99c-4669-a7fd-e7d31a0b8b3d,2026-07-04T04:00:00Z,2026-07-04T06:00:00+0200,35300.0,MW,FR,FR,forecast_load,Forecasted Load,2026-07-19T10:02:06Z
2026-07-19T10:00:07Z,2026-07-19T12:00:07+0200,0122f339-e99c-4669-a7fd-e7d31a0b8b3d,2026-07-04T04:15:00Z,2026-07-04T06:15:00+0200,35450.0,MW,FR,FR,forecast_load,Forecasted Load,2026-07-19T10:02:06Z
2026-07-19T10:00:07Z,2026-07-19T12:00:07+0200,0122f339-e99c-4669-a7fd-e7d31a0b8b3d,2026-07-04T04:30:00Z,2026-07-04T06:30:00+0200,35600.0,MW,FR,FR,forecast_load,Forecasted Load,2026-07-19T10:02:06Z
2026-07-19T10:00:07Z,2026-07-19T12:00:07+0200,0122f339-e99c-4669-a7fd-e7d31a0b8b3d,2026-07-04T04:45:00Z,2026-07-04T06:45:00+0200,35750.0,MW,FR,FR,forecast_load,Forecasted Load,2026-07-19T10:02:06Z
2026-07-19T10:00:07Z,2026-07-19T12:00:07+0200,0122f339-e99c-4669-a7fd-e7d31a0b8b3d,2026-07-04T05:00:00Z,2026-07-04T07:00:00+0200,35900.0,MW,FR,FR,forecast_load,Forecasted Load,2026-07-19T10:02:06Z
2026-07-19T10:00:07Z,2026-07-19T12:00:07+0200,0122f339-e99c-4669-a7fd-e7d31a0b8b3d,2026-07-04T05:15:00Z,2026-07-04T07:15:00+0200,36150.0,MW,FR,FR,forecast_load,Forecasted Load,2026-07-19T10:02:06Z
2026-07-19T10:00:07Z,2026-07-19T12:00:07+0200,0122f339-e99c-4669-a7fd-e7d31a0b8b3d,2026-07-04T05:30:00Z,2026-07-04T07:30:00+0200,36400.0,MW,FR,FR,forecast_load,Forecasted Load,2026-07-19T10:02:06Z
2026-07-19T10:00:07Z,2026-07-19T12:00:07+0200,0122f339-e99c-4669-a7fd-e7d31a0b8b3d,2026-07-04T05:45:00Z,2026-07-04T07:45:00+0200,36750.0,MW,FR,FR,forecast_load,Forecasted Load,2026-07-19T10:02:06Z
2026-07-19T10:00:07Z,2026-07-19T12:00:07+0200,0122f339-e99c-4669-a7fd-e7d31a0b8b3d,2026-07-04T06:00:00Z,2026-07-04T08:00:00+0200,37100.0,MW,FR,FR,forecast_load,Forecasted Load,2026-07-19T10:02:06Z
2026-07-19T10:00:07Z,2026-07-19T12:00:07+0200,0122f339-e99c-4669-a7fd-e7d31a0b8b3d,2026-07-04T06:15:00Z,2026-07-04T08:15:00+0200,37650.0,MW,FR,FR,forecast_load,Forecasted Load,2026-07-19T10:02:06Z
2026-07-19T10:00:07Z,2026-07-19T12:00:07+0200,0122f339-e99c-4669-a7fd-e7d31a0b8b3d,2026-07-04T06:30:00Z,2026-07-04T08:30:00+0200,38200.0,MW,FR,FR,forecast_load,Forecasted Load,2026-07-19T10:02:06Z
2026-07-19T10:00:07Z,2026-07-19T12:00:07+0200,0122f339-e99c-4669-a7fd-e7d31a0b8b3d,2026-07-04T06:45:00Z,2026-07-04T08:45:00+0200,38800.0,MW,FR,FR,forecast_load,Forecasted Load,2026-07-19T10:02:06Z
2026-07-19T10:00:07Z,2026-07-19T12:00:07+0200,0122f339-e99c-4669-a7fd-e7d31a0b8b3d,2026-07-04T07:00:00Z,2026-07-04T09:00:00+0200,39400.0,MW,FR,FR,forecast_load,Forecasted Load,2026-07-19T10:02:06Z
2026-07-19T10:00:07Z,2026-07-19T12:00:07+0200,0122f339-e99c-4669-a7fd-e7d31a0b8b3d,2026-07-04T07:15:00Z,2026-07-04T09:15:00+0200,39900.0,MW,FR,FR,forecast_load,Forecasted Load,2026-07-19T10:02:06Z
2026-07-19T10:00:07Z,2026-07-19T12:00:07+0200,0122f339-e99c-4669-a7fd-e7d31a0b8b3d,2026-07-04T07:30:00Z,2026-07-04T09:30:00+0200,40400.0,MW,FR,FR,forecast_load,Forecasted Load,2026-07-19T10:02:06Z
2026-07-19T10:00:07Z,2026-07-19T12:00:07+0200,0122f339-e99c-4669-a7fd-e7d31a0b8b3d,2026-07-04T07:45:00Z,2026-07-04T09:45:00+0200,40900.0,MW,FR,FR,forecast_load,Forecasted Load,2026-07-19T10:02:06Z
2026-07-19T10:00:07Z,2026-07-19T12:00:07+0200,0122f339-e99c-4669-a7fd-e7d31a0b8b3d,2026-07-04T08:00:00Z,2026-07-04T10:00:00+0200,41400.0,MW,FR,FR,forecast_load,Forecasted Load,2026-07-19T10:02:06Z
2026-07-19T10:00:07Z,2026-07-19T12:00:07+0200,0122f339-e99c-4669-a7fd-e7d31a0b8b3d,2026-07-04T08:15:00Z,2026-07-04T10:15:00+0200,41650.0,MW,FR,FR,forecast_load,Forecasted Load,2026-07-19T10:02:06Z
2026-07-19T10:00:07Z,2026-07-19T12:00:07+0200,0122f339-e99c-4669-a7fd-e7d31a0b8b3d,2026-07-04T08:30:00Z,2026-07-04T10:30:00+0200,41900.0,MW,FR,FR,forecast_load,Forecasted Load,2026-07-19T10:02:06Z
2026-07-19T10:00:07Z,2026-07-19T12:00:07+0200,0122f339-e99c-4669-a7fd-e7d31a0b8b3d,2026-07-04T08:45:00Z,2026-07-04T10:45:00+0200,42200.0,MW,FR,FR,forecast_load,Forecasted Load,2026-07-19T10:02:06Z
2026-07-19T10:00:07Z,2026-07-19T12:00:07+0200,0122f339-e99c-4669-a7fd-e7d31a0b8b3d,2026-07-04T09:00:00Z,2026-07-04T11:00:00+0200,42500.0,MW,FR,FR,forecast_load,Forecasted Load,2026-07-19T10:02:06Z
2026-07-19T10:00:07Z,2026-07-19T12:00:07+0200,0122f339-e99c-4669-a7fd-e7d31a0b8b3d,2026-07-04T09:15:00Z,2026-07-04T11:15:00+0200,42800.0,MW,FR,FR,forecast_load,Forecasted Load,2026-07-19T10:02:06Z
2026-07-19T10:00:07Z,2026-07-19T12:00:07+0200,0122f339-e99c-4669-a7fd-e7d31a0b8b3d,2026-07-04T09:30:00Z,2026-07-04T11:30:00+0200,43100.0,MW,FR,FR,forecast_load,Forecasted Load,2026-07-19T10:02:06Z
2026-07-19T10:00:07Z,2026-07-19T12:00:07+0200,0122f339-e99c-4669-a7fd-e7d31a0b8b3d,2026-07-04T09:45:00Z,2026-07-04T11:45:00+0200,43850.0,MW,FR,FR,forecast_load,Forecasted Load,2026-07-19T10:02:06Z
2026-07-19T10:00:07Z,2026-07-19T12:00:07+0200,0122f339-e99c-4669-a7fd-e7d31a0b8b3d,2026-07-04T10:00:00Z,2026-07-04T12:00:00+0200,44600.0,MW,FR,FR,forecast_load,Forecasted Load,2026-07-19T10:02:06Z
2026-07-19T10:00:07Z,2026-07-19T12:00:07+0200,0122f339-e99c-4669-a7fd-e7d31a0b8b3d,2026-07-04T10:15:00Z,2026-07-04T12:15:00+0200,44800.0,MW,FR,FR,forecast_load,Forecasted Load,2026-07-19T10:02:06Z
2026-07-19T10:00:07Z,2026-07-19T12:00:07+0200,0122f339-e99c-4669-a7fd-e7d31a0b8b3d,2026-07-04T10:30:00Z,2026-07-04T12:30:00+0200,45000.0,MW,FR,FR,forecast_load,Forecasted Load,2026-07-19T10:02:06Z
2026-07-19T10:00:07Z,2026-07-19T12:00:07+0200,0122f339-e99c-4669-a7fd-e7d31a0b8b3d,2026-07-04T10:45:00Z,2026-07-04T12:45:00+0200,45400.0,MW,FR,FR,forecast_load,Forecasted Load,2026-07-19T10:02:06Z
2026-07-19T10:00:07Z,2026-07-19T12:00:07+0200,0122f339-e99c-4669-a7fd-e7d31a0b8b3d,2026-07-04T11:00:00Z,2026-07-04T13:00:00+0200,45800.0,MW,FR,FR,forecast_load,Forecasted Load,2026-07-19T10:02:06Z
2026-07-19T10:00:07Z,2026-07-19T12:00:07+0200,0122f339-e99c-4669-a7fd-e7d31a0b8b3d,2026-07-04T11:15:00Z,2026-07-04T13:15:00+0200,45250.0,MW,FR,FR,forecast_load,Forecasted Load,2026-07-19T10:02:06Z
2026-07-19T10:00:07Z,2026-07-19T12:00:07+0200,0122f339-e99c-4669-a7fd-e7d31a0b8b3d,2026-07-04T11:30:00Z,2026-07-04T13:30:00+0200,44700.0,MW,FR,FR,forecast_load,Forecasted Load,2026-07-19T10:02:06Z
2026-07-19T10:00:07Z,2026-07-19T12:00:07+0200,0122f339-e99c-4669-a7fd-e7d31a0b8b3d,2026-07-04T11:45:00Z,2026-07-04T13:45:00+0200,44550.0,MW,FR,FR,forecast_load,Forecasted Load,2026-07-19T10:02:06Z
2026-07-19T10:00:07Z,2026-07-19T12:00:07+0200,0122f339-e99c-4669-a7fd-e7d31a0b8b3d,2026-07-04T12:00:00Z,2026-07-04T14:00:00+0200,44400.0,MW,FR,FR,forecast_load,Forecasted Load,2026-07-19T10:02:06Z
2026-07-19T10:00:07Z,2026-07-19T12:00:07+0200,0122f339-e99c-4669-a7fd-e7d31a0b8b3d,2026-07-04T12:15:00Z,2026-07-04T14:15:00+0200,44900.0,MW,FR,FR,forecast_load,Forecasted Load,2026-07-19T10:02:06Z
2026-07-19T10:00:07Z,2026-07-19T12:00:07+0200,0122f339-e99c-4669-a7fd-e7d31a0b8b3d,2026-07-04T12:30:00Z,2026-07-04T14:30:00+0200,45400.0,MW,FR,FR,forecast_load,Forecasted Load,2026-07-19T10:02:06Z
2026-07-19T10:00:07Z,2026-07-19T12:00:07+0200,0122f339-e99c-4669-a7fd-e7d31a0b8b3d,2026-07-04T12:45:00Z,2026-07-04T14:45:00+0200,44950.0,MW,FR,FR,forecast_load,Forecasted Load,2026-07-19T10:02:06Z
2026-07-19T10:00:07Z,2026-07-19T12:00:07+0200,0122f339-e99c-4669-a7fd-e7d31a0b8b3d,2026-07-04T13:00:00Z,2026-07-04T15:00:00+0200,44500.0,MW,FR,FR,forecast_load,Forecasted Load,2026-07-19T10:02:06Z
2026-07-19T10:00:07Z,2026-07-19T12:00:07+0200,0122f339-e99c-4669-a7fd-e7d31a0b8b3d,2026-07-04T13:15:00Z,2026-07-04T15:15:00+0200,44300.0,MW,FR,FR,forecast_load,Forecasted Load,2026-07-19T10:02:06Z
2026-07-19T10:00:07Z,2026-07-19T12:00:07+0200,0122f339-e99c-4669-a7fd-e7d31a0b8b3d,2026-07-04T13:30:00Z,2026-07-04T15:30:00+0200,44100.0,MW,FR,FR,forecast_load,Forecasted Load,2026-07-19T10:02:06Z
2026-07-19T10:00:07Z,2026-07-19T12:00:07+0200,0122f339-e99c-4669-a7fd-e7d31a0b8b3d,2026-07-04T13:45:00Z,2026-07-04T15:45:00+0200,43800.0,MW,FR,FR,forecast_load,Forecasted Load,2026-07-19T10:02:06Z
2026-07-19T10:00:07Z,2026-07-19T12:00:07+0200,0122f339-e99c-4669-a7fd-e7d31a0b8b3d,2026-07-04T14:00:00Z,2026-07-04T16:00:00+0200,43500.0,MW,FR,FR,forecast_load,Forecasted Load,2026-07-19T10:02:06Z
2026-07-19T10:00:07Z,2026-07-19T12:00:07+0200,0122f339-e99c-4669-a7fd-e7d31a0b8b3d,2026-07-04T14:15:00Z,2026-07-04T16:15:00+0200,43400.0,MW,FR,FR,forecast_load,Forecasted Load,2026-07-19T10:02:06Z
2026-07-19T10:00:07Z,2026-07-19T12:00:07+0200,0122f339-e99c-4669-a7fd-e7d31a0b8b3d,2026-07-04T14:30:00Z,2026-07-04T16:30:00+0200,43300.0,MW,FR,FR,forecast_load,Forecasted Load,2026-07-19T10:02:06Z
2026-07-19T10:00:07Z,2026-07-19T12:00:07+0200,0122f339-e99c-4669-a7fd-e7d31a0b8b3d,2026-07-04T14:45:00Z,2026-07-04T16:45:00+0200,43200.0,MW,FR,FR,forecast_load,Forecasted Load,2026-07-19T10:02:06Z
2026-07-19T10:00:07Z,2026-07-19T12:00:07+0200,0122f339-e99c-4669-a7fd-e7d31a0b8b3d,2026-07-04T15:00:00Z,2026-07-04T17:00:00+0200,43100.0,MW,FR,FR,forecast_load,Forecasted Load,2026-07-19T10:02:06Z
2026-07-19T10:00:07Z,2026-07-19T12:00:07+0200,0122f339-e99c-4669-a7fd-e7d31a0b8b3d,2026-07-04T15:15:00Z,2026-07-04T17:15:00+0200,43250.0,MW,FR,FR,forecast_load,Forecasted Load,2026-07-19T10:02:06Z
2026-07-19T10:00:07Z,2026-07-19T12:00:07+0200,0122f339-e99c-4669-a7fd-e7d31a0b8b3d,2026-07-04T15:30:00Z,2026-07-04T17:30:00+0200,43400.0,MW,FR,FR,forecast_load,Forecasted Load,2026-07-19T10:02:06Z
2026-07-19T10:00:07Z,2026-07-19T12:00:07+0200,0122f339-e99c-4669-a7fd-e7d31a0b8b3d,2026-07-04T15:45:00Z,2026-07-04T17:45:00+0200,43850.0,MW,FR,FR,forecast_load,Forecasted Load,2026-07-19T10:02:06Z
2026-07-19T10:00:07Z,2026-07-19T12:00:07+0200,0122f339-e99c-4669-a7fd-e7d31a0b8b3d,2026-07-04T16:00:00Z,2026-07-04T18:00:00+0200,44300.0,MW,FR,FR,forecast_load,Forecasted Load,2026-07-19T10:02:06Z
2026-07-19T10:00:07Z,2026-07-19T12:00:07+0200,0122f339-e99c-4669-a7fd-e7d31a0b8b3d,2026-07-04T16:15:00Z,2026-07-04T18:15:00+0200,44700.0,MW,FR,FR,forecast_load,Forecasted Load,2026-07-19T10:02:06Z
2026-07-19T10:00:07Z,2026-07-19T12:00:07+0200,0122f339-e99c-4669-a7fd-e7d31a0b8b3d,2026-07-04T16:30:00Z,2026-07-04T18:30:00+0200,45100.0,MW,FR,FR,forecast_load,Forecasted Load,2026-07-19T10:02:06Z
2026-07-19T10:00:07Z,2026-07-19T12:00:07+0200,0122f339-e99c-4669-a7fd-e7d31a0b8b3d,2026-07-04T16:45:00Z,2026-07-04T18:45:00+0200,45350.0,MW,FR,FR,forecast_load,Forecasted Load,2026-07-19T10:02:06Z
2026-07-19T10:00:07Z,2026-07-19T12:00:07+0200,0122f339-e99c-4669-a7fd-e7d31a0b8b3d,2026-07-04T17:00:00Z,2026-07-04T19:00:00+0200,45600.0,MW,FR,FR,forecast_load,Forecasted Load,2026-07-19T10:02:06Z
2026-07-19T10:00:07Z,2026-07-19T12:00:07+0200,0122f339-e99c-4669-a7fd-e7d31a0b8b3d,2026-07-04T17:15:00Z,2026-07-04T19:15:00+0200,45650.0,MW,FR,FR,forecast_load,Forecasted Load,2026-07-19T10:02:06Z
2026-07-19T10:00:07Z,2026-07-19T12:00:07+0200,0122f339-e99c-4669-a7fd-e7d31a0b8b3d,2026-07-04T17:30:00Z,2026-07-04T19:30:00+0200,45700.0,MW,FR,FR,forecast_load,Forecasted Load,2026-07-19T10:02:06Z
2026-07-19T10:00:07Z,2026-07-19T12:00:07+0200,0122f339-e99c-4669-a7fd-e7d31a0b8b3d,2026-07-04T17:45:00Z,2026-07-04T19:45:00+0200,45400.0,MW,FR,FR,forecast_load,Forecasted Load,2026-07-19T10:02:06Z
2026-07-19T10:00:07Z,2026-07-19T12:00:07+0200,0122f339-e99c-4669-a7fd-e7d31a0b8b3d,2026-07-04T18:00:00Z,2026-07-04T20:00:00+0200,45100.0,MW,FR,FR,forecast_load,Forecasted Load,2026-07-19T10:02:06Z
2026-07-19T10:00:07Z,2026-07-19T12:00:07+0200,0122f339-e99c-4669-a7fd-e7d31a0b8b3d,2026-07-04T18:15:00Z,2026-07-04T20:15:00+0200,44750.0,MW,FR,FR,forecast_load,Forecasted Load,2026-07-19T10:02:06Z
2026-07-19T10:00:07Z,2026-07-19T12:00:07+0200,0122f339-e99c-4669-a7fd-e7d31a0b8b3d,2026-07-04T18:30:00Z,2026-07-04T20:30:00+0200,44400.0,MW,FR,FR,forecast_load,Forecasted Load,2026-07-19T10:02:06Z
2026-07-19T10:00:07Z,2026-07-19T12:00:07+0200,0122f339-e99c-4669-a7fd-e7d31a0b8b3d,2026-07-04T18:45:00Z,2026-07-04T20:45:00+0200,44100.0,MW,FR,FR,forecast_load,Forecasted Load,2026-07-19T10:02:06Z
2026-07-19T10:00:07Z,2026-07-19T12:00:07+0200,0122f339-e99c-4669-a7fd-e7d31a0b8b3d,2026-07-04T19:00:00Z,2026-07-04T21:00:00+0200,43800.0,MW,FR,FR,forecast_load,Forecasted Load,2026-07-19T10:02:06Z
2026-07-19T10:00:07Z,2026-07-19T12:00:07+0200,0122f339-e99c-4669-a7fd-e7d31a0b8b3d,2026-07-04T19:15:00Z,2026-07-04T21:15:00+0200,43650.0,MW,FR,FR,forecast_load,Forecasted Load,2026-07-19T10:02:06Z
2026-07-19T10:00:07Z,2026-07-19T12:00:07+0200,0122f339-e99c-4669-a7fd-e7d31a0b8b3d,2026-07-04T19:30:00Z,2026-07-04T21:30:00+0200,43500.0,MW,FR,FR,forecast_load,Forecasted Load,2026-07-19T10:02:06Z
2026-07-19T10:00:07Z,2026-07-19T12:00:07+0200,0122f339-e99c-4669-a7fd-e7d31a0b8b3d,2026-07-04T19:45:00Z,2026-07-04T21:45:00+0200,43550.0,MW,FR,FR,forecast_load,Forecasted Load,2026-07-19T10:02:06Z
2026-07-19T10:00:07Z,2026-07-19T12:00:07+0200,0122f339-e99c-4669-a7fd-e7d31a0b8b3d,2026-07-04T20:00:00Z,2026-07-04T22:00:00+0200,43600.0,MW,FR,FR,forecast_load,Forecasted Load,2026-07-19T10:02:06Z
2026-07-19T10:00:07Z,2026-07-19T12:00:07+0200,0122f339-e99c-4669-a7fd-e7d31a0b8b3d,2026-07-04T20:15:00Z,2026-07-04T22:15:00+0200,44550.0,MW,FR,FR,forecast_load,Forecasted Load,2026-07-19T10:02:06Z
2026-07-19T10:00:07Z,2026-07-19T12:00:07+0200,0122f339-e99c-4669-a7fd-e7d31a0b8b3d,2026-07-04T20:30:00Z,2026-07-04T22:30:00+0200,45500.0,MW,FR,FR,forecast_load,Forecasted Load,2026-07-19T10:02:06Z
2026-07-19T10:00:07Z,2026-07-19T12:00:07+0200,0122f339-e99c-4669-a7fd-e7d31a0b8b3d,2026-07-04T20:45:00Z,2026-07-04T22:45:00+0200,46000.0,MW,FR,FR,forecast_load,Forecasted Load,2026-07-19T10:02:06Z
2026-07-19T10:00:07Z,2026-07-19T12:00:07+0200,0122f339-e99c-4669-a7fd-e7d31a0b8b3d,2026-07-04T21:00:00Z,2026-07-04T23:00:00+0200,46500.0,MW,FR,FR,forecast_load,Forecasted Load,2026-07-19T10:02:06Z
2026-07-19T10:00:07Z,2026-07-19T12:00:07+0200,0122f339-e99c-4669-a7fd-e7d31a0b8b3d,2026-07-04T21:15:00Z,2026-07-04T23:15:00+0200,45700.0,MW,FR,FR,forecast_load,Forecasted Load,2026-07-19T10:02:06Z
2026-07-19T10:00:07Z,2026-07-19T12:00:07+0200,0122f339-e99c-4669-a7fd-e7d31a0b8b3d,2026-07-04T21:30:00Z,2026-07-04T23:30:00+0200,44900.0,MW,FR,FR,forecast_load,Forecasted Load,2026-07-19T10:02:06Z
2026-07-19T10:00:07Z,2026-07-19T12:00:07+0200,0122f339-e99c-4669-a7fd-e7d31a0b8b3d,2026-07-04T21:45:00Z,2026-07-04T23:45:00+0200,44150.0,MW,FR,FR,forecast_load,Forecasted Load,2026-07-19T10:02:06Z
2026-07-19T10:00:07Z,2026-07-19T12:00:07+0200,0122f339-e99c-4669-a7fd-e7d31a0b8b3d,2026-07-04T22:00:00Z,2026-07-05T00:00:00+0200,43200.0,MW,FR,FR,forecast_load,Forecasted Load,2026-07-19T10:02:06Z
2026-07-19T10:00:07Z,2026-07-19T12:00:07+0200,0122f339-e99c-4669-a7fd-e7d31a0b8b3d,2026-07-04T22:15:00Z,2026-07-05T00:15:00+0200,42400.0,MW,FR,FR,forecast_load,Forecasted Load,2026-07-19T10:02:06Z
2026-07-19T10:00:07Z,2026-07-19T12:00:07+0200,0122f339-e99c-4669-a7fd-e7d31a0b8b3d,2026-07-04T22:30:00Z,2026-07-05T00:30:00+0200,41600.0,MW,FR,FR,forecast_load,Forecasted Load,2026-07-19T10:02:06Z
2026-07-19T10:00:07Z,2026-07-19T12:00:07+0200,0122f339-e99c-4669-a7fd-e7d31a0b8b3d,2026-07-04T22:45:00Z,2026-07-05T00:45:00+0200,40700.0,MW,FR,FR,forecast_load,Forecasted Load,2026-07-19T10:02:06Z
2026-07-19T10:00:07Z,2026-07-19T12:00:07+0200,0122f339-e99c-4669-a7fd-e7d31a0b8b3d,2026-07-04T23:00:00Z,2026-07-05T01:00:00+0200,39800.0,MW,FR,FR,forecast_load,Forecasted Load,2026-07-19T10:02:06Z
2026-07-19T10:00:07Z,2026-07-19T12:00:07+0200,0122f339-e99c-4669-a7fd-e7d31a0b8b3d,2026-07-04T23:15:00Z,2026-07-05T01:15:00+0200,39850.0,MW,FR,FR,forecast_load,Forecasted Load,2026-07-19T10:02:06Z
2026-07-19T10:00:07Z,2026-07-19T12:00:07+0200,0122f339-e99c-4669-a7fd-e7d31a0b8b3d,2026-07-04T23:30:00Z,2026-07-05T01:30:00+0200,39900.0,MW,FR,FR,forecast_load,Forecasted Load,2026-07-19T10:02:06Z
2026-07-19T10:00:07Z,2026-07-19T12:00:07+0200,0122f339-e99c-4669-a7fd-e7d31a0b8b3d,2026-07-04T23:45:00Z,2026-07-05T01:45:00+0200,39300.0,MW,FR,FR,forecast_load,Forecasted Load,2026-07-19T10:02:06Z
2026-07-19T10:00:07Z,2026-07-19T12:00:07+0200,0122f339-e99c-4669-a7fd-e7d31a0b8b3d,2026-07-05T00:00:00Z,2026-07-05T02:00:00+0200,38700.0,MW,FR,FR,forecast_load,Forecasted Load,2026-07-19T10:02:06Z
2026-07-19T10:00:07Z,2026-07-19T12:00:07+0200,0122f339-e99c-4669-a7fd-e7d31a0b8b3d,2026-07-05T00:15:00Z,2026-07-05T02:15:00+0200,38050.0,MW,FR,FR,forecast_load,Forecasted Load,2026-07-19T10:02:06Z
2026-07-19T10:00:07Z,2026-07-19T12:00:07+0200,0122f339-e99c-4669-a7fd-e7d31a0b8b3d,2026-07-05T00:30:00Z,2026-07-05T02:30:00+0200,37400.0,MW,FR,FR,forecast_load,Forecasted Load,2026-07-19T10:02:06Z
2026-07-19T10:00:07Z,2026-07-19T12:00:07+0200,0122f339-e99c-4669-a7fd-e7d31a0b8b3d,2026-07-05T00:45:00Z,2026-07-05T02:45:00+0200,36700.0,MW,FR,FR,forecast_load,Forecasted Load,2026-07-19T10:02:06Z
2026-07-19T10:00:07Z,2026-07-19T12:00:07+0200,0122f339-e99c-4669-a7fd-e7d31a0b8b3d,2026-07-05T01:00:00Z,2026-07-05T03:00:00+0200,36000.0,MW,FR,FR,forecast_load,Forecasted Load,2026-07-19T10:02:06Z
2026-07-19T10:00:07Z,2026-07-19T12:00:07+0200,0122f339-e99c-4669-a7fd-e7d31a0b8b3d,2026-07-05T01:15:00Z,2026-07-05T03:15:00+0200,35600.0,MW,FR,FR,forecast_load,Forecasted Load,2026-07-19T10:02:06Z
2026-07-19T10:00:07Z,2026-07-19T12:00:07+0200,0122f339-e99c-4669-a7fd-e7d31a0b8b3d,2026-07-05T01:30:00Z,2026-07-05T03:30:00+0200,35200.0,MW,FR,FR,forecast_load,Forecasted Load,2026-07-19T10:02:06Z
2026-07-19T10:00:07Z,2026-07-19T12:00:07+0200,0122f339-e99c-4669-a7fd-e7d31a0b8b3d,2026-07-05T01:45:00Z,2026-07-05T03:45:00+0200,34850.0,MW,FR,FR,forecast_load,Forecasted Load,2026-07-19T10:02:06Z
2026-07-19T10:00:07Z,2026-07-19T12:00:07+0200,0122f339-e99c-4669-a7fd-e7d31a0b8b3d,2026-07-05T02:00:00Z,2026-07-05T04:00:00+0200,34500.0,MW,FR,FR,forecast_load,Forecasted Load,2026-07-19T10:02:06Z
2026-07-19T10:00:07Z,2026-07-19T12:00:07+0200,0122f339-e99c-4669-a7fd-e7d31a0b8b3d,2026-07-05T02:15:00Z,2026-07-05T04:15:00+0200,34350.0,MW,FR,FR,forecast_load,Forecasted Load,2026-07-19T10:02:06Z
2026-07-19T10:00:07Z,2026-07-19T12:00:07+0200,0122f339-e99c-4669-a7fd-e7d31a0b8b3d,2026-07-05T02:30:00Z,2026-07-05T04:30:00+0200,34200.0,MW,FR,FR,forecast_load,Forecasted Load,2026-07-19T10:02:06Z
2026-07-19T10:00:07Z,2026-07-19T12:00:07+0200,0122f339-e99c-4669-a7fd-e7d31a0b8b3d,2026-07-05T02:45:00Z,2026-07-05T04:45:00+0200,34150.0,MW,FR,FR,forecast_load,Forecasted Load,2026-07-19T10:02:06Z
2026-07-19T10:00:07Z,2026-07-19T12:00:07+0200,0122f339-e99c-4669-a7fd-e7d31a0b8b3d,2026-07-05T03:00:00Z,2026-07-05T05:00:00+0200,34100.0,MW,FR,FR,forecast_load,Forecasted Load,2026-07-19T10:02:06Z
2026-07-19T10:00:07Z,2026-07-19T12:00:07+0200,0122f339-e99c-4669-a7fd-e7d31a0b8b3d,2026-07-05T03:15:00Z,2026-07-05T05:15:00+0200,34050.0,MW,FR,FR,forecast_load,Forecasted Load,2026-07-19T10:02:06Z
2026-07-19T10:00:07Z,2026-07-19T12:00:07+0200,0122f339-e99c-4669-a7fd-e7d31a0b8b3d,2026-07-05T03:30:00Z,2026-07-05T05:30:00+0200,34000.0,MW,FR,FR,forecast_load,Forecasted Load,2026-07-19T10:02:06Z
2026-07-19T10:00:07Z,2026-07-19T12:00:07+0200,0122f339-e99c-4669-a7fd-e7d31a0b8b3d,2026-07-05T03:45:00Z,2026-07-05T05:45:00+0200,33750.0,MW,FR,FR,forecast_load,Forecasted Load,2026-07-19T10:02:06Z
2026-07-19T10:00:07Z,2026-07-19T12:00:07+0200,0122f339-e99c-4669-a7fd-e7d31a0b8b3d,2026-07-05T04:00:00Z,2026-07-05T06:00:00+0200,33500.0,MW,FR,FR,forecast_load,Forecasted Load,2026-07-19T10:02:06Z
2026-07-19T10:00:07Z,2026-07-19T12:00:07+0200,0122f339-e99c-4669-a7fd-e7d31a0b8b3d,2026-07-05T04:15:00Z,2026-07-05T06:15:00+0200,33450.0,MW,FR,FR,forecast_load,Forecasted Load,2026-07-19T10:02:06Z
2026-07-19T10:00:07Z,2026-07-19T12:00:07+0200,0122f339-e99c-4669-a7fd-e7d31a0b8b3d,2026-07-05T04:30:00Z,2026-07-05T06:30:00+0200,33400.0,MW,FR,FR,forecast_load,Forecasted Load,2026-07-19T10:02:06Z
2026-07-19T10:00:07Z,2026-07-19T12:00:07+0200,0122f339-e99c-4669-a7fd-e7d31a0b8b3d,2026-07-05T04:45:00Z,2026-07-05T06:45:00+0200,33450.0,MW,FR,FR,forecast_load,Forecasted Load,2026-07-19T10:02:06Z
2026-07-19T10:00:07Z,2026-07-19T12:00:07+0200,0122f339-e99c-4669-a7fd-e7d31a0b8b3d,2026-07-05T05:00:00Z,2026-07-05T07:00:00+0200,33500.0,MW,FR,FR,forecast_load,Forecasted Load,2026-07-19T10:02:06Z
2026-07-19T10:00:07Z,2026-07-19T12:00:07+0200,0122f339-e99c-4669-a7fd-e7d31a0b8b3d,2026-07-05T05:15:00Z,2026-07-05T07:15:00+0200,33650.0,MW,FR,FR,forecast_load,Forecasted Load,2026-07-19T10:02:06Z
2026-07-19T10:00:07Z,2026-07-19T12:00:07+0200,0122f339-e99c-4669-a7fd-e7d31a0b8b3d,2026-07-05T05:30:00Z,2026-07-05T07:30:00+0200,33800.0,MW,FR,FR,forecast_load,Forecasted Load,2026-07-19T10:02:06Z
2026-07-19T10:00:07Z,2026-07-19T12:00:07+0200,0122f339-e99c-4669-a7fd-e7d31a0b8b3d,2026-07-05T05:45:00Z,2026-07-05T07:45:00+0200,34100.0,MW,FR,FR,forecast_load,Forecasted Load,2026-07-19T10:02:06Z
2026-07-19T10:00:07Z,2026-07-19T12:00:07+0200,0122f339-e99c-4669-a7fd-e7d31a0b8b3d,2026-07-05T06:00:00Z,2026-07-05T08:00:00+0200,34400.0,MW,FR,FR,forecast_load,Forecasted Load,2026-07-19T10:02:06Z
2026-07-19T10:00:07Z,2026-07-19T12:00:07+0200,0122f339-e99c-4669-a7fd-e7d31a0b8b3d,2026-07-05T06:15:00Z,2026-07-05T08:15:00+0200,34900.0,MW,FR,FR,forecast_load,Forecasted Load,2026-07-19T10:02:06Z
2026-07-19T10:00:07Z,2026-07-19T12:00:07+0200,0122f339-e99c-4669-a7fd-e7d31a0b8b3d,2026-07-05T06:30:00Z,2026-07-05T08:30:00+0200,35400.0,MW,FR,FR,forecast_load,Forecasted Load,2026-07-19T10:02:06Z
2026-07-19T10:00:07Z,2026-07-19T12:00:07+0200,0122f339-e99c-4669-a7fd-e7d31a0b8b3d,2026-07-05T06:45:00Z,2026-07-05T08:45:00+0200,35900.0,MW,FR,FR,forecast_load,Forecasted Load,2026-07-19T10:02:06Z
2026-07-19T10:00:07Z,2026-07-19T12:00:07+0200,0122f339-e99c-4669-a7fd-e7d31a0b8b3d,2026-07-05T07:00:00Z,2026-07-05T09:00:00+0200,36400.0,MW,FR,FR,forecast_load,Forecasted Load,2026-07-19T10:02:06Z
2026-07-19T10:00:07Z,2026-07-19T12:00:07+0200,0122f339-e99c-4669-a7fd-e7d31a0b8b3d,2026-07-05T07:15:00Z,2026-07-05T09:15:00+0200,37000.0,MW,FR,FR,forecast_load,Forecasted Load,2026-07-19T10:02:06Z
2026-07-19T10:00:07Z,2026-07-19T12:00:07+0200,0122f339-e99c-4669-a7fd-e7d31a0b8b3d,2026-07-05T07:30:00Z,2026-07-05T09:30:00+0200,37600.0,MW,FR,FR,forecast_load,Forecasted Load,2026-07-19T10:02:06Z
2026-07-19T10:00:07Z,2026-07-19T12:00:07+0200,0122f339-e99c-4669-a7fd-e7d31a0b8b3d,2026-07-05T07:45:00Z,2026-07-05T09:45:00+0200,38150.0,MW,FR,FR,forecast_load,Forecasted Load,2026-07-19T10:02:06Z
2026-07-19T10:00:07Z,2026-07-19T12:00:07+0200,0122f339-e99c-4669-a7fd-e7d31a0b8b3d,2026-07-05T08:00:00Z,2026-07-05T10:00:00+0200,38700.0,MW,FR,FR,forecast_load,Forecasted Load,2026-07-19T10:02:06Z
2026-07-19T10:00:07Z,2026-07-19T12:00:07+0200,0122f339-e99c-4669-a7fd-e7d31a0b8b3d,2026-07-05T08:15:00Z,2026-07-05T10:15:00+0200,39100.0,MW,FR,FR,forecast_load,Forecasted Load,2026-07-19T10:02:06Z
2026-07-19T10:00:07Z,2026-07-19T12:00:07+0200,0122f339-e99c-4669-a7fd-e7d31a0b8b3d,2026-07-05T08:30:00Z,2026-07-05T10:30:00+0200,39500.0,MW,FR,FR,forecast_load,Forecasted Load,2026-07-19T10:02:06Z
2026-07-19T10:00:07Z,2026-07-19T12:00:07+0200,0122f339-e99c-4669-a7fd-e7d31a0b8b3d,2026-07-05T08:45:00Z,2026-07-05T10:45:00+0200,39850.0,MW,FR,FR,forecast_load,Forecasted Load,2026-07-19T10:02:06Z
2026-07-19T10:00:07Z,2026-07-19T12:00:07+0200,0122f339-e99c-4669-a7fd-e7d31a0b8b3d,2026-07-05T09:00:00Z,2026-07-05T11:00:00+0200,40200.0,MW,FR,FR,forecast_load,Forecasted Load,2026-07-19T10:02:06Z
2026-07-19T10:00:07Z,2026-07-19T12:00:07+0200,0122f339-e99c-4669-a7fd-e7d31a0b8b3d,2026-07-05T09:15:00Z,2026-07-05T11:15:00+0200,40500.0,MW,FR,FR,forecast_load,Forecasted Load,2026-07-19T10:02:06Z
2026-07-19T10:00:07Z,2026-07-19T12:00:07+0200,0122f339-e99c-4669-a7fd-e7d31a0b8b3d,2026-07-05T09:30:00Z,2026-07-05T11:30:00+0200,40800.0,MW,FR,FR,forecast_load,Forecasted Load,2026-07-19T10:02:06Z
2026-07-19T10:00:07Z,2026-07-19T12:00:07+0200,0122f339-e99c-4669-a7fd-e7d31a0b8b3d,2026-07-05T09:45:00Z,2026-07-05T11:45:00+0200,41450.0,MW,FR,FR,forecast_load,Forecasted Load,2026-07-19T10:02:06Z
2026-07-19T10:00:07Z,2026-07-19T12:00:07+0200,0122f339-e99c-4669-a7fd-e7d31a0b8b3d,2026-07-05T10:00:00Z,2026-07-05T12:00:00+0200,42100.0,MW,FR,FR,forecast_load,Forecasted Load,2026-07-19T10:02:06Z
2026-07-19T10:00:07Z,2026-07-19T12:00:07+0200,0122f339-e99c-4669-a7fd-e7d31a0b8b3d,2026-07-05T10:15:00Z,2026-07-05T12:15:00+0200,42250.0,MW,FR,FR,forecast_load,Forecasted Load,2026-07-19T10:02:06Z
2026-07-19T10:00:07Z,2026-07-19T12:00:07+0200,0122f339-e99c-4669-a7fd-e7d31a0b8b3d,2026-07-05T10:30:00Z,2026-07-05T12:30:00+0200,42400.0,MW,FR,FR,forecast_load,Forecasted Load,2026-07-19T10:02:06Z
2026-07-19T10:00:07Z,2026-07-19T12:00:07+0200,0122f339-e99c-4669-a7fd-e7d31a0b8b3d,2026-07-05T10:45:00Z,2026-07-05T12:45:00+0200,42950.0,MW,FR,FR,forecast_load,Forecasted Load,2026-07-19T10:02:06Z
2026-07-19T10:00:07Z,2026-07-19T12:00:07+0200,0122f339-e99c-4669-a7fd-e7d31a0b8b3d,2026-07-05T11:00:00Z,2026-07-05T13:00:00+0200,43500.0,MW,FR,FR,forecast_load,Forecasted Load,2026-07-19T10:02:06Z
2026-07-19T10:00:07Z,2026-07-19T12:00:07+0200,0122f339-e99c-4669-a7fd-e7d31a0b8b3d,2026-07-05T11:15:00Z,2026-07-05T13:15:00+0200,42600.0,MW,FR,FR,forecast_load,Forecasted Load,2026-07-19T10:02:06Z
2026-07-19T10:00:07Z,2026-07-19T12:00:07+0200,0122f339-e99c-4669-a7fd-e7d31a0b8b3d,2026-07-05T11:30:00Z,2026-07-05T13:30:00+0200,41700.0,MW,FR,FR,forecast_load,Forecasted Load,2026-07-19T10:02:06Z
2026-07-19T10:00:07Z,2026-07-19T12:00:07+0200,0122f339-e99c-4669-a7fd-e7d31a0b8b3d,2026-07-05T11:45:00Z,2026-07-05T13:45:00+0200,41450.0,MW,FR,FR,forecast_load,Forecasted Load,2026-07-19T10:02:06Z
2026-07-19T10:00:07Z,2026-07-19T12:00:07+0200,0122f339-e99c-4669-a7fd-e7d31a0b8b3d,2026-07-05T12:00:00Z,2026-07-05T14:00:00+0200,41200.0,MW,FR,FR,forecast_load,Forecasted Load,2026-07-19T10:02:06Z
2026-07-19T10:00:07Z,2026-07-19T12:00:07+0200,0122f339-e99c-4669-a7fd-e7d31a0b8b3d,2026-07-05T12:15:00Z,2026-07-05T14:15:00+0200,42000.0,MW,FR,FR,forecast_load,Forecasted Load,2026-07-19T10:02:06Z
2026-07-19T10:00:07Z,2026-07-19T12:00:07+0200,0122f339-e99c-4669-a7fd-e7d31a0b8b3d,2026-07-05T12:30:00Z,2026-07-05T14:30:00+0200,42800.0,MW,FR,FR,forecast_load,Forecasted Load,2026-07-19T10:02:06Z
2026-07-19T10:00:07Z,2026-07-19T12:00:07+0200,0122f339-e99c-4669-a7fd-e7d31a0b8b3d,2026-07-05T12:45:00Z,2026-07-05T14:45:00+0200,42650.0,MW,FR,FR,forecast_load,Forecasted Load,2026-07-19T10:02:06Z
2026-07-19T10:00:07Z,2026-07-19T12:00:07+0200,0122f339-e99c-4669-a7fd-e7d31a0b8b3d,2026-07-05T13:00:00Z,2026-07-05T15:00:00+0200,42500.0,MW,FR,FR,forecast_load,Forecasted Load,2026-07-19T10:02:06Z
2026-07-19T10:00:07Z,2026-07-19T12:00:07+0200,0122f339-e99c-4669-a7fd-e7d31a0b8b3d,2026-07-05T13:15:00Z,2026-07-05T15:15:00+0200,42250.0,MW,FR,FR,forecast_load,Forecasted Load,2026-07-19T10:02:06Z
2026-07-19T10:00:07Z,2026-07-19T12:00:07+0200,0122f339-e99c-4669-a7fd-e7d31a0b8b3d,2026-07-05T13:30:00Z,2026-07-05T15:30:00+0200,42000.0,MW,FR,FR,forecast_load,Forecasted Load,2026-07-19T10:02:06Z
2026-07-19T10:00:07Z,2026-07-19T12:00:07+0200,0122f339-e99c-4669-a7fd-e7d31a0b8b3d,2026-07-05T13:45:00Z,2026-07-05T15:45:00+0200,41750.0,MW,FR,FR,forecast_load,Forecasted Load,2026-07-19T10:02:06Z
2026-07-19T10:00:07Z,2026-07-19T12:00:07+0200,0122f339-e99c-4669-a7fd-e7d31a0b8b3d,2026-07-05T14:00:00Z,2026-07-05T16:00:00+0200,41500.0,MW,FR,FR,forecast_load,Forecasted Load,2026-07-19T10:02:06Z
2026-07-19T10:00:07Z,2026-07-19T12:00:07+0200,0122f339-e99c-4669-a7fd-e7d31a0b8b3d,2026-07-05T14:15:00Z,2026-07-05T16:15:00+0200,41350.0,MW,FR,FR,forecast_load,Forecasted Load,2026-07-19T10:02:06Z
2026-07-19T10:00:07Z,2026-07-19T12:00:07+0200,0122f339-e99c-4669-a7fd-e7d31a0b8b3d,2026-07-05T14:30:00Z,2026-07-05T16:30:00+0200,41200.0,MW,FR,FR,forecast_load,Forecasted Load,2026-07-19T10:02:06Z
2026-07-19T10:00:07Z,2026-07-19T12:00:07+0200,0122f339-e99c-4669-a7fd-e7d31a0b8b3d,2026-07-05T14:45:00Z,2026-07-05T16:45:00+0200,41250.0,MW,FR,FR,forecast_load,Forecasted Load,2026-07-19T10:02:06Z
2026-07-19T10:00:07Z,2026-07-19T12:00:07+0200,0122f339-e99c-4669-a7fd-e7d31a0b8b3d,2026-07-05T15:00:00Z,2026-07-05T17:00:00+0200,41300.0,MW,FR,FR,forecast_load,Forecasted Load,2026-07-19T10:02:06Z
2026-07-19T10:00:07Z,2026-07-19T12:00:07+0200,0122f339-e99c-4669-a7fd-e7d31a0b8b3d,2026-07-05T15:15:00Z,2026-07-05T17:15:00+0200,41600.0,MW,FR,FR,forecast_load,Forecasted Load,2026-07-19T10:02:06Z
2026-07-19T10:00:07Z,2026-07-19T12:00:07+0200,0122f339-e99c-4669-a7fd-e7d31a0b8b3d,2026-07-05T15:30:00Z,2026-07-05T17:30:00+0200,41900.0,MW,FR,FR,forecast_load,Forecasted Load,2026-07-19T10:02:06Z
2026-07-19T10:00:07Z,2026-07-19T12:00:07+0200,0122f339-e99c-4669-a7fd-e7d31a0b8b3d,2026-07-05T15:45:00Z,2026-07-05T17:45:00+0200,42550.0,MW,FR,FR,forecast_load,Forecasted Load,2026-07-19T10:02:06Z
2026-07-19T10:00:07Z,2026-07-19T12:00:07+0200,0122f339-e99c-4669-a7fd-e7d31a0b8b3d,2026-07-05T16:00:00Z,2026-07-05T18:00:00+0200,43200.0,MW,FR,FR,forecast_load,Forecasted Load,2026-07-19T10:02:06Z
2026-07-19T10:00:07Z,2026-07-19T12:00:07+0200,0122f339-e99c-4669-a7fd-e7d31a0b8b3d,2026-07-05T16:15:00Z,2026-07-05T18:15:00+0200,43600.0,MW,FR,FR,forecast_load,Forecasted Load,2026-07-19T10:02:06Z
2026-07-19T10:00:07Z,2026-07-19T12:00:07+0200,0122f339-e99c-4669-a7fd-e7d31a0b8b3d,2026-07-05T16:30:00Z,2026-07-05T18:30:00+0200,44000.0,MW,FR,FR,forecast_load,Forecasted Load,2026-07-19T10:02:06Z
2026-07-19T10:00:07Z,2026-07-19T12:00:07+0200,0122f339-e99c-4669-a7fd-e7d31a0b8b3d,2026-07-05T16:45:00Z,2026-07-05T18:45:00+0200,44650.0,MW,FR,FR,forecast_load,Forecasted Load,2026-07-19T10:02:06Z
2026-07-19T10:00:07Z,2026-07-19T12:00:07+0200,0122f339-e99c-4669-a7fd-e7d31a0b8b3d,2026-07-05T17:00:00Z,2026-07-05T19:00:00+0200,45300.0,MW,FR,FR,forecast_load,Forecasted Load,2026-07-19T10:02:06Z
2026-07-19T10:00:07Z,2026-07-19T12:00:07+0200,0122f339-e99c-4669-a7fd-e7d31a0b8b3d,2026-07-05T17:15:00Z,2026-07-05T19:15:00+0200,45500.0,MW,FR,FR,forecast_load,Forecasted Load,2026-07-19T10:02:06Z
2026-07-19T10:00:07Z,2026-07-19T12:00:07+0200,0122f339-e99c-4669-a7fd-e7d31a0b8b3d,2026-07-05T17:30:00Z,2026-07-05T19:30:00+0200,45700.0,MW,FR,FR,forecast_load,Forecasted Load,2026-07-19T10:02:06Z
2026-07-19T10:00:07Z,2026-07-19T12:00:07+0200,0122f339-e99c-4669-a7fd-e7d31a0b8b3d,2026-07-05T17:45:00Z,2026-07-05T19:45:00+0200,45600.0,MW,FR,FR,forecast_load,Forecasted Load,2026-07-19T10:02:06Z
2026-07-19T10:00:07Z,2026-07-19T12:00:07+0200,0122f339-e99c-4669-a7fd-e7d31a0b8b3d,2026-07-05T18:00:00Z,2026-07-05T20:00:00+0200,45500.0,MW,FR,FR,forecast_load,Forecasted Load,2026-07-19T10:02:06Z
2026-07-19T10:00:07Z,2026-07-19T12:00:07+0200,0122f339-e99c-4669-a7fd-e7d31a0b8b3d,2026-07-05T18:15:00Z,2026-07-05T20:15:00+0200,45150.0,MW,FR,FR,forecast_load,Forecasted Load,2026-07-19T10:02:06Z
2026-07-19T10:00:07Z,2026-07-19T12:00:07+0200,0122f339-e99c-4669-a7fd-e7d31a0b8b3d,2026-07-05T18:30:00Z,2026-07-05T20:30:00+0200,44800.0,MW,FR,FR,forecast_load,Forecasted Load,2026-07-19T10:02:06Z
2026-07-19T10:00:07Z,2026-07-19T12:00:07+0200,0122f339-e99c-4669-a7fd-e7d31a0b8b3d,2026-07-05T18:45:00Z,2026-07-05T20:45:00+0200,44650.0,MW,FR,FR,forecast_load,Forecasted Load,2026-07-19T10:02:06Z
2026-07-19T10:00:07Z,2026-07-19T12:00:07+0200,0122f339-e99c-4669-a7fd-e7d31a0b8b3d,2026-07-05T19:00:00Z,2026-07-05T21:00:00+0200,44500.0,MW,FR,FR,forecast_load,Forecasted Load,2026-07-19T10:02:06Z
2026-07-19T10:00:07Z,2026-07-19T12:00:07+0200,0122f339-e99c-4669-a7fd-e7d31a0b8b3d,2026-07-05T19:15:00Z,2026-07-05T21:15:00+0200,44150.0,MW,FR,FR,forecast_load,Forecasted Load,2026-07-19T10:02:06Z
2026-07-19T10:00:07Z,2026-07-19T12:00:07+0200,0122f339-e99c-4669-a7fd-e7d31a0b8b3d,2026-07-05T19:30:00Z,2026-07-05T21:30:00+0200,43800.0,MW,FR,FR,forecast_load,Forecasted Load,2026-07-19T10:02:06Z
2026-07-19T10:00:07Z,2026-07-19T12:00:07+0200,0122f339-e99c-4669-a7fd-e7d31a0b8b3d,2026-07-05T19:45:00Z,2026-07-05T21:45:00+0200,43600.0,MW,FR,FR,forecast_load,Forecasted Load,2026-07-19T10:02:06Z
2026-07-19T10:00:07Z,2026-07-19T12:00:07+0200,0122f339-e99c-4669-a7fd-e7d31a0b8b3d,2026-07-05T20:00:00Z,2026-07-05T22:00:00+0200,43400.0,MW,FR,FR,forecast_load,Forecasted Load,2026-07-19T10:02:06Z
2026-07-19T10:00:07Z,2026-07-19T12:00:07+0200,0122f339-e99c-4669-a7fd-e7d31a0b8b3d,2026-07-05T20:15:00Z,2026-07-05T22:15:00+0200,44450.0,MW,FR,FR,forecast_load,Forecasted Load,2026-07-19T10:02:06Z
2026-07-19T10:00:07Z,2026-07-19T12:00:07+0200,0122f339-e99c-4669-a7fd-e7d31a0b8b3d,2026-07-05T20:30:00Z,2026-07-05T22:30:00+0200,45500.0,MW,FR,FR,forecast_load,Forecasted Load,2026-07-19T10:02:06Z
2026-07-19T10:00:07Z,2026-07-19T12:00:07+0200,0122f339-e99c-4669-a7fd-e7d31a0b8b3d,2026-07-05T20:45:00Z,2026-07-05T22:45:00+0200,46150.0,MW,FR,FR,forecast_load,Forecasted Load,2026-07-19T10:02:06Z
2026-07-19T10:00:07Z,2026-07-19T12:00:07+0200,0122f339-e99c-4669-a7fd-e7d31a0b8b3d,2026-07-05T21:00:00Z,2026-07-05T23:00:00+0200,46800.0,MW,FR,FR,forecast_load,Forecasted Load,2026-07-19T10:02:06Z
2026-07-19T10:00:07Z,2026-07-19T12:00:07+0200,0122f339-e99c-4669-a7fd-e7d31a0b8b3d,2026-07-05T21:15:00Z,2026-07-05T23:15:00+0200,46000.0,MW,FR,FR,forecast_load,Forecasted Load,2026-07-19T10:02:06Z
2026-07-19T10:00:07Z,2026-07-19T12:00:07+0200,0122f339-e99c-4669-a7fd-e7d31a0b8b3d,2026-07-05T21:30:00Z,2026-07-05T23:30:00+0200,45200.0,MW,FR,FR,forecast_load,Forecasted Load,2026-07-19T10:02:06Z
2026-07-19T10:00:07Z,2026-07-19T12:00:07+0200,0122f339-e99c-4669-a7fd-e7d31a0b8b3d,2026-07-05T21:45:00Z,2026-07-05T23:45:00+0200,44350.0,MW,FR,FR,forecast_load,Forecasted Load,2026-07-19T10:02:06Z
2026-07-19T10:00:07Z,2026-07-19T12:00:07+0200,0122f339-e99c-4669-a7fd-e7d31a0b8b3d,2026-07-05T22:00:00Z,2026-07-06T00:00:00+0200,43900.0,MW,FR,FR,forecast_load,Forecasted Load,2026-07-19T10:02:06Z
2026-07-19T10:00:07Z,2026-07-19T12:00:07+0200,0122f339-e99c-4669-a7fd-e7d31a0b8b3d,2026-07-05T22:15:00Z,2026-07-06T00:15:00+0200,43100.0,MW,FR,FR,forecast_load,Forecasted Load,2026-07-19T10:02:06Z
2026-07-19T10:00:07Z,2026-07-19T12:00:07+0200,0122f339-e99c-4669-a7fd-e7d31a0b8b3d,2026-07-05T22:30:00Z,2026-07-06T00:30:00+0200,42300.0,MW,FR,FR,forecast_load,Forecasted Load,2026-07-19T10:02:06Z
2026-07-19T10:00:07Z,2026-07-19T12:00:07+0200,0122f339-e99c-4669-a7fd-e7d31a0b8b3d,2026-07-05T22:45:00Z,2026-07-06T00:45:00+0200,41500.0,MW,FR,FR,forecast_load,Forecasted Load,2026-07-19T10:02:06Z
2026-07-19T10:00:07Z,2026-07-19T12:00:07+0200,0122f339-e99c-4669-a7fd-e7d31a0b8b3d,2026-07-05T23:00:00Z,2026-07-06T01:00:00+0200,40700.0,MW,FR,FR,forecast_load,Forecasted Load,2026-07-19T10:02:06Z
2026-07-19T10:00:07Z,2026-07-19T12:00:07+0200,0122f339-e99c-4669-a7fd-e7d31a0b8b3d,2026-07-05T23:15:00Z,2026-07-06T01:15:00+0200,40850.0,MW,FR,FR,forecast_load,Forecasted Load,2026-07-19T10:02:06Z
2026-07-19T10:00:07Z,2026-07-19T12:00:07+0200,0122f339-e99c-4669-a7fd-e7d31a0b8b3d,2026-07-05T23:30:00Z,2026-07-06T01:30:00+0200,41000.0,MW,FR,FR,forecast_load,Forecasted Load,2026-07-19T10:02:06Z
2026-07-19T10:00:07Z,2026-07-19T12:00:07+0200,0122f339-e99c-4669-a7fd-e7d31a0b8b3d,2026-07-05T23:45:00Z,2026-07-06T01:45:00+0200,40350.0,MW,FR,FR,forecast_load,Forecasted Load,2026-07-19T10:02:06Z
2026-07-19T10:00:07Z,2026-07-19T12:00:07+0200,0122f339-e99c-4669-a7fd-e7d31a0b8b3d,2026-07-06T00:00:00Z,2026-07-06T02:00:00+0200,39700.0,MW,FR,FR,forecast_load,Forecasted Load,2026-07-19T10:02:06Z
2026-07-19T10:00:07Z,2026-07-19T12:00:07+0200,0122f339-e99c-4669-a7fd-e7d31a0b8b3d,2026-07-06T00:15:00Z,2026-07-06T02:15:00+0200,39050.0,MW,FR,FR,forecast_load,Forecasted Load,2026-07-19T10:02:06Z
2026-07-19T10:00:07Z,2026-07-19T12:00:07+0200,0122f339-e99c-4669-a7fd-e7d31a0b8b3d,2026-07-06T00:30:00Z,2026-07-06T02:30:00+0200,38400.0,MW,FR,FR,forecast_load,Forecasted Load,2026-07-19T10:02:06Z
2026-07-19T10:00:07Z,2026-07-19T12:00:07+0200,0122f339-e99c-4669-a7fd-e7d31a0b8b3d,2026-07-06T00:45:00Z,2026-07-06T02:45:00+0200,37850.0,MW,FR,FR,forecast_load,Forecasted Load,2026-07-19T10:02:06Z
2026-07-19T10:00:07Z,2026-07-19T12:00:07+0200,0122f339-e99c-4669-a7fd-e7d31a0b8b3d,2026-07-06T01:00:00Z,2026-07-06T03:00:00+0200,37300.0,MW,FR,FR,forecast_load,Forecasted Load,2026-07-19T10:02:06Z
2026-07-19T10:00:07Z,2026-07-19T12:00:07+0200,0122f339-e99c-4669-a7fd-e7d31a0b8b3d,2026-07-06T01:15:00Z,2026-07-06T03:15:00+0200,36950.0,MW,FR,FR,forecast_load,Forecasted Load,2026-07-19T10:02:06Z
2026-07-19T10:00:07Z,2026-07-19T12:00:07+0200,0122f339-e99c-4669-a7fd-e7d31a0b8b3d,2026-07-06T01:30:00Z,2026-07-06T03:30:00+0200,36600.0,MW,FR,FR,forecast_load,Forecasted Load,2026-07-19T10:02:06Z
2026-07-19T10:00:07Z,2026-07-19T12:00:07+0200,0122f339-e99c-4669-a7fd-e7d31a0b8b3d,2026-07-06T01:45:00Z,2026-07-06T03:45:00+0200,36350.0,MW,FR,FR,forecast_load,Forecasted Load,2026-07-19T10:02:06Z
2026-07-19T10:00:07Z,2026-07-19T12:00:07+0200,0122f339-e99c-4669-a7fd-e7d31a0b8b3d,2026-07-06T02:00:00Z,2026-07-06T04:00:00+0200,36100.0,MW,FR,FR,forecast_load,Forecasted Load,2026-07-19T10:02:06Z
2026-07-19T10:00:07Z,2026-07-19T12:00:07+0200,0122f339-e99c-4669-a7fd-e7d31a0b8b3d,2026-07-06T02:15:00Z,2026-07-06T04:15:00+0200,36200.0,MW,FR,FR,forecast_load,Forecasted Load,2026-07-19T10:02:06Z
2026-07-19T10:00:07Z,2026-07-19T12:00:07+0200,0122f339-e99c-4669-a7fd-e7d31a0b8b3d,2026-07-06T02:30:00Z,2026-07-06T04:30:00+0200,36300.0,MW,FR,FR,forecast_load,Forecasted Load,2026-07-19T10:02:06Z
2026-07-19T10:00:07Z,2026-07-19T12:00:07+0200,0122f339-e99c-4669-a7fd-e7d31a0b8b3d,2026-07-06T02:45:00Z,2026-07-06T04:45:00+0200,36700.0,MW,FR,FR,forecast_load,Forecasted Load,2026-07-19T10:02:06Z
2026-07-19T10:00:07Z,2026-07-19T12:00:07+0200,0122f339-e99c-4669-a7fd-e7d31a0b8b3d,2026-07-06T03:00:00Z,2026-07-06T05:00:00+0200,37100.0,MW,FR,FR,forecast_load,Forecasted Load,2026-07-19T10:02:06Z
2026-07-19T10:00:07Z,2026-07-19T12:00:07+0200,0122f339-e99c-4669-a7fd-e7d31a0b8b3d,2026-07-06T03:15:00Z,2026-07-06T05:15:00+0200,37550.0,MW,FR,FR,forecast_load,Forecasted Load,2026-07-19T10:02:06Z
2026-07-19T10:00:07Z,2026-07-19T12:00:07+0200,0122f339-e99c-4669-a7fd-e7d31a0b8b3d,2026-07-06T03:30:00Z,2026-07-06T05:30:00+0200,38000.0,MW,FR,FR,forecast_load,Forecasted Load,2026-07-19T10:02:06Z
2026-07-19T10:00:07Z,2026-07-19T12:00:07+0200,0122f339-e99c-4669-a7fd-e7d31a0b8b3d,2026-07-06T03:45:00Z,2026-07-06T05:45:00+0200,38500.0,MW,FR,FR,forecast_load,Forecasted Load,2026-07-19T10:02:06Z
2026-07-19T10:00:07Z,2026-07-19T12:00:07+0200,0122f339-e99c-4669-a7fd-e7d31a0b8b3d,2026-07-06T04:00:00Z,2026-07-06T06:00:00+0200,39000.0,MW,FR,FR,forecast_load,Forecasted Load,2026-07-19T10:02:06Z
2026-07-19T10:00:07Z,2026-07-19T12:00:07+0200,0122f339-e99c-4669-a7fd-e7d31a0b8b3d,2026-07-06T04:15:00Z,2026-07-06T06:15:00+0200,39950.0,MW,FR,FR,forecast_load,Forecasted Load,2026-07-19T10:02:06Z
2026-07-19T10:00:07Z,2026-07-19T12:00:07+0200,0122f339-e99c-4669-a7fd-e7d31a0b8b3d,2026-07-06T04:30:00Z,2026-07-06T06:30:00+0200,40900.0,MW,FR,FR,forecast_load,Forecasted Load,2026-07-19T10:02:06Z
2026-07-19T10:00:07Z,2026-07-19T12:00:07+0200,0122f339-e99c-4669-a7fd-e7d31a0b8b3d,2026-07-06T04:45:00Z,2026-07-06T06:45:00+0200,41600.0,MW,FR,FR,forecast_load,Forecasted Load,2026-07-19T10:02:06Z
2026-07-19T10:00:07Z,2026-07-19T12:00:07+0200,0122f339-e99c-4669-a7fd-e7d31a0b8b3d,2026-07-06T05:00:00Z,2026-07-06T07:00:00+0200,42300.0,MW,FR,FR,forecast_load,Forecasted Load,2026-07-19T10:02:06Z
2026-07-19T10:00:07Z,2026-07-19T12:00:07+0200,0122f339-e99c-4669-a7fd-e7d31a0b8b3d,2026-07-06T05:15:00Z,2026-07-06T07:15:00+0200,43400.0,MW,FR,FR,forecast_load,Forecasted Load,2026-07-19T10:02:06Z
2026-07-19T10:00:07Z,2026-07-19T12:00:07+0200,0122f339-e99c-4669-a7fd-e7d31a0b8b3d,2026-07-06T05:30:00Z,2026-07-06T07:30:00+0200,44500.0,MW,FR,FR,forecast_load,Forecasted Load,2026-07-19T10:02:06Z
2026-07-19T10:00:07Z,2026-07-19T12:00:07+0200,0122f339-e99c-4669-a7fd-e7d31a0b8b3d,2026-07-06T05:45:00Z,2026-07-06T07:45:00+0200,45050.0,MW,FR,FR,forecast_load,Forecasted Load,2026-07-19T10:02:06Z
2026-07-19T10:00:07Z,2026-07-19T12:00:07+0200,0122f339-e99c-4669-a7fd-e7d31a0b8b3d,2026-07-06T06:00:00Z,2026-07-06T08:00:00+0200,45600.0,MW,FR,FR,forecast_load,Forecasted Load,2026-07-19T10:02:06Z
2026-07-19T10:00:07Z,2026-07-19T12:00:07+0200,0122f339-e99c-4669-a7fd-e7d31a0b8b3d,2026-07-06T06:15:00Z,2026-07-06T08:15:00+0200,46250.0,MW,FR,FR,forecast_load,Forecasted Load,2026-07-19T10:02:06Z
2026-07-19T10:00:07Z,2026-07-19T12:00:07+0200,0122f339-e99c-4669-a7fd-e7d31a0b8b3d,2026-07-06T06:30:00Z,2026-07-06T08:30:00+0200,46900.0,MW,FR,FR,forecast_load,Forecasted Load,2026-07-19T10:02:06Z
2026-07-19T10:00:07Z,2026-07-19T12:00:07+0200,0122f339-e99c-4669-a7fd-e7d31a0b8b3d,2026-07-06T06:45:00Z,2026-07-06T08:45:00+0200,47550.0,MW,FR,FR,forecast_load,Forecasted Load,2026-07-19T10:02:06Z
2026-07-19T10:00:07Z,2026-07-19T12:00:07+0200,0122f339-e99c-4669-a7fd-e7d31a0b8b3d,2026-07-06T07:00:00Z,2026-07-06T09:00:00+0200,48200.0,MW,FR,FR,forecast_load,Forecasted Load,2026-07-19T10:02:06Z
2026-07-19T10:00:07Z,2026-07-19T12:00:07+0200,0122f339-e99c-4669-a7fd-e7d31a0b8b3d,2026-07-06T07:15:00Z,2026-07-06T09:15:00+0200,48650.0,MW,FR,FR,forecast_load,Forecasted Load,2026-07-19T10:02:06Z
2026-07-19T10:00:07Z,2026-07-19T12:00:07+0200,0122f339-e99c-4669-a7fd-e7d31a0b8b3d,2026-07-06T07:30:00Z,2026-07-06T09:30:00+0200,49100.0,MW,FR,FR,forecast_load,Forecasted Load,2026-07-19T10:02:06Z
2026-07-19T10:00:07Z,2026-07-19T12:00:07+0200,0122f339-e99c-4669-a7fd-e7d31a0b8b3d,2026-07-06T07:45:00Z,2026-07-06T09:45:00+0200,49400.0,MW,FR,FR,forecast_load,Forecasted Load,2026-07-19T10:02:06Z
2026-07-19T10:00:07Z,2026-07-19T12:00:07+0200,0122f339-e99c-4669-a7fd-e7d31a0b8b3d,2026-07-06T08:00:00Z,2026-07-06T10:00:00+0200,49700.0,MW,FR,FR,forecast_load,Forecasted Load,2026-07-19T10:02:06Z
2026-07-19T10:00:07Z,2026-07-19T12:00:07+0200,0122f339-e99c-4669-a7fd-e7d31a0b8b3d,2026-07-06T08:15:00Z,2026-07-06T10:15:00+0200,49950.0,MW,FR,FR,forecast_load,Forecasted Load,2026-07-19T10:02:06Z
2026-07-19T10:00:07Z,2026-07-19T12:00:07+0200,0122f339-e99c-4669-a7fd-e7d31a0b8b3d,2026-07-06T08:30:00Z,2026-07-06T10:30:00+0200,50200.0,MW,FR,FR,forecast_load,Forecasted Load,2026-07-19T10:02:06Z
2026-07-19T10:00:07Z,2026-07-19T12:00:07+0200,0122f339-e99c-4669-a7fd-e7d31a0b8b3d,2026-07-06T08:45:00Z,2026-07-06T10:45:00+0200,50400.0,MW,FR,FR,forecast_load,Forecasted Load,2026-07-19T10:02:06Z
2026-07-19T10:00:07Z,2026-07-19T12:00:07+0200,0122f339-e99c-4669-a7fd-e7d31a0b8b3d,2026-07-06T09:00:00Z,2026-07-06T11:00:00+0200,50600.0,MW,FR,FR,forecast_load,Forecasted Load,2026-07-19T10:02:06Z
2026-07-19T10:00:07Z,2026-07-19T12:00:07+0200,0122f339-e99c-4669-a7fd-e7d31a0b8b3d,2026-07-06T09:15:00Z,2026-07-06T11:15:00+0200,50700.0,MW,FR,FR,forecast_load,Forecasted Load,2026-07-19T10:02:06Z
2026-07-19T10:00:07Z,2026-07-19T12:00:07+0200,0122f339-e99c-4669-a7fd-e7d31a0b8b3d,2026-07-06T09:30:00Z,2026-07-06T11:30:00+0200,50800.0,MW,FR,FR,forecast_load,Forecasted Load,2026-07-19T10:02:06Z
2026-07-19T10:00:07Z,2026-07-19T12:00:07+0200,0122f339-e99c-4669-a7fd-e7d31a0b8b3d,2026-07-06T09:45:00Z,2026-07-06T11:45:00+0200,51450.0,MW,FR,FR,forecast_load,Forecasted Load,2026-07-19T10:02:06Z
2026-07-19T10:00:07Z,2026-07-19T12:00:07+0200,0122f339-e99c-4669-a7fd-e7d31a0b8b3d,2026-07-06T10:00:00Z,2026-07-06T12:00:00+0200,52100.0,MW,FR,FR,forecast_load,Forecasted Load,2026-07-19T10:02:06Z
2026-07-19T10:00:07Z,2026-07-19T12:00:07+0200,0122f339-e99c-4669-a7fd-e7d31a0b8b3d,2026-07-06T10:15:00Z,2026-07-06T12:15:00+0200,52050.0,MW,FR,FR,forecast_load,Forecasted Load,2026-07-19T10:02:06Z
2026-07-19T10:00:07Z,2026-07-19T12:00:07+0200,0122f339-e99c-4669-a7fd-e7d31a0b8b3d,2026-07-06T10:30:00Z,2026-07-06T12:30:00+0200,52000.0,MW,FR,FR,forecast_load,Forecasted Load,2026-07-19T10:02:06Z
2026-07-19T10:00:07Z,2026-07-19T12:00:07+0200,0122f339-e99c-4669-a7fd-e7d31a0b8b3d,2026-07-06T10:45:00Z,2026-07-06T12:45:00+0200,52700.0,MW,FR,FR,forecast_load,Forecasted Load,2026-07-19T10:02:06Z
2026-07-19T10:00:07Z,2026-07-19T12:00:07+0200,0122f339-e99c-4669-a7fd-e7d31a0b8b3d,2026-07-06T11:00:00Z,2026-07-06T13:00:00+0200,53400.0,MW,FR,FR,forecast_load,Forecasted Load,2026-07-19T10:02:06Z
2026-07-19T10:00:07Z,2026-07-19T12:00:07+0200,0122f339-e99c-4669-a7fd-e7d31a0b8b3d,2026-07-06T11:15:00Z,2026-07-06T13:15:00+0200,52500.0,MW,FR,FR,forecast_load,Forecasted Load,2026-07-19T10:02:06Z
2026-07-19T10:00:07Z,2026-07-19T12:00:07+0200,0122f339-e99c-4669-a7fd-e7d31a0b8b3d,2026-07-06T11:30:00Z,2026-07-06T13:30:00+0200,51600.0,MW,FR,FR,forecast_load,Forecasted Load,2026-07-19T10:02:06Z
2026-07-19T10:00:07Z,2026-07-19T12:00:07+0200,0122f339-e99c-4669-a7fd-e7d31a0b8b3d,2026-07-06T11:45:00Z,2026-07-06T13:45:00+0200,51700.0,MW,FR,FR,forecast_load,Forecasted Load,2026-07-19T10:02:06Z
2026-07-19T10:00:07Z,2026-07-19T12:00:07+0200,0122f339-e99c-4669-a7fd-e7d31a0b8b3d,2026-07-06T12:00:00Z,2026-07-06T14:00:00+0200,51800.0,MW,FR,FR,forecast_load,Forecasted Load,2026-07-19T10:02:06Z
2026-07-19T10:00:07Z,2026-07-19T12:00:07+0200,0122f339-e99c-4669-a7fd-e7d31a0b8b3d,2026-07-06T12:15:00Z,2026-07-06T14:15:00+0200,52450.0,MW,FR,FR,forecast_load,Forecasted Load,2026-07-19T10:02:06Z
2026-07-19T10:00:07Z,2026-07-19T12:00:07+0200,0122f339-e99c-4669-a7fd-e7d31a0b8b3d,2026-07-06T12:30:00Z,2026-07-06T14:30:00+0200,53100.0,MW,FR,FR,forecast_load,Forecasted Load,2026-07-19T10:02:06Z
2026-07-19T10:00:07Z,2026-07-19T12:00:07+0200,0122f339-e99c-4669-a7fd-e7d31a0b8b3d,2026-07-06T12:45:00Z,2026-07-06T14:45:00+0200,52900.0,MW,FR,FR,forecast_load,Forecasted Load,2026-07-19T10:02:06Z
2026-07-19T10:00:07Z,2026-07-19T12:00:07+0200,0122f339-e99c-4669-a7fd-e7d31a0b8b3d,2026-07-06T13:00:00Z,2026-07-06T15:00:00+0200,52700.0,MW,FR,FR,forecast_load,Forecasted Load,2026-07-19T10:02:06Z
2026-07-19T10:00:07Z,2026-07-19T12:00:07+0200,0122f339-e99c-4669-a7fd-e7d31a0b8b3d,2026-07-06T13:15:00Z,2026-07-06T15:15:00+0200,52500.0,MW,FR,FR,forecast_load,Forecasted Load,2026-07-19T10:02:06Z
2026-07-19T10:00:07Z,2026-07-19T12:00:07+0200,0122f339-e99c-4669-a7fd-e7d31a0b8b3d,2026-07-06T13:30:00Z,2026-07-06T15:30:00+0200,52300.0,MW,FR,FR,forecast_load,Forecasted Load,2026-07-19T10:02:06Z
2026-07-19T10:00:07Z,2026-07-19T12:00:07+0200,0122f339-e99c-4669-a7fd-e7d31a0b8b3d,2026-07-06T13:45:00Z,2026-07-06T15:45:00+0200,52050.0,MW,FR,FR,forecast_load,Forecasted Load,2026-07-19T10:02:06Z
2026-07-19T10:00:07Z,2026-07-19T12:00:07+0200,0122f339-e99c-4669-a7fd-e7d31a0b8b3d,2026-07-06T14:00:00Z,2026-07-06T16:00:00+0200,51800.0,MW,FR,FR,forecast_load,Forecasted Load,2026-07-19T10:02:06Z
2026-07-19T10:00:07Z,2026-07-19T12:00:07+0200,0122f339-e99c-4669-a7fd-e7d31a0b8b3d,2026-07-06T14:15:00Z,2026-07-06T16:15:00+0200,51700.0,MW,FR,FR,forecast_load,Forecasted Load,2026-07-19T10:02:06Z
2026-07-19T10:00:07Z,2026-07-19T12:00:07+0200,0122f339-e99c-4669-a7fd-e7d31a0b8b3d,2026-07-06T14:30:00Z,2026-07-06T16:30:00+0200,51600.0,MW,FR,FR,forecast_load,Forecasted Load,2026-07-19T10:02:06Z
2026-07-19T10:00:07Z,2026-07-19T12:00:07+0200,0122f339-e99c-4669-a7fd-e7d31a0b8b3d,2026-07-06T14:45:00Z,2026-07-06T16:45:00+0200,51600.0,MW,FR,FR,forecast_load,Forecasted Load,2026-07-19T10:02:06Z
2026-07-19T10:00:07Z,2026-07-19T12:00:07+0200,0122f339-e99c-4669-a7fd-e7d31a0b8b3d,2026-07-06T15:00:00Z,2026-07-06T17:00:00+0200,51600.0,MW,FR,FR,forecast_load,Forecasted Load,2026-07-19T10:02:06Z
2026-07-19T10:00:07Z,2026-07-19T12:00:07+0200,0122f339-e99c-4669-a7fd-e7d31a0b8b3d,2026-07-06T15:15:00Z,2026-07-06T17:15:00+0200,51700.0,MW,FR,FR,forecast_load,Forecasted Load,2026-07-19T10:02:06Z
2026-07-19T10:00:07Z,2026-07-19T12:00:07+0200,0122f339-e99c-4669-a7fd-e7d31a0b8b3d,2026-07-06T15:30:00Z,2026-07-06T17:30:00+0200,51800.0,MW,FR,FR,forecast_load,Forecasted Load,2026-07-19T10:02:06Z
2026-07-19T10:00:07Z,2026-07-19T12:00:07+0200,0122f339-e99c-4669-a7fd-e7d31a0b8b3d,2026-07-06T15:45:00Z,2026-07-06T17:45:00+0200,52150.0,MW,FR,FR,forecast_load,Forecasted Load,2026-07-19T10:02:06Z
2026-07-19T10:00:07Z,2026-07-19T12:00:07+0200,0122f339-e99c-4669-a7fd-e7d31a0b8b3d,2026-07-06T16:00:00Z,2026-07-06T18:00:00+0200,52500.0,MW,FR,FR,forecast_load,Forecasted Load,2026-07-19T10:02:06Z
2026-07-19T10:00:07Z,2026-07-19T12:00:07+0200,0122f339-e99c-4669-a7fd-e7d31a0b8b3d,2026-07-06T16:15:00Z,2026-07-06T18:15:00+0200,53000.0,MW,FR,FR,forecast_load,Forecasted Load,2026-07-19T10:02:06Z
2026-07-19T10:00:07Z,2026-07-19T12:00:07+0200,0122f339-e99c-4669-a7fd-e7d31a0b8b3d,2026-07-06T16:30:00Z,2026-07-06T18:30:00+0200,53500.0,MW,FR,FR,forecast_load,Forecasted Load,2026-07-19T10:02:06Z
2026-07-19T10:00:07Z,2026-07-19T12:00:07+0200,0122f339-e99c-4669-a7fd-e7d31a0b8b3d,2026-07-06T16:45:00Z,2026-07-06T18:45:00+0200,54150.0,MW,FR,FR,forecast_load,Forecasted Load,2026-07-19T10:02:06Z
2026-07-19T10:00:07Z,2026-07-19T12:00:07+0200,0122f339-e99c-4669-a7fd-e7d31a0b8b3d,2026-07-06T17:00:00Z,2026-07-06T19:00:00+0200,54800.0,MW,FR,FR,forecast_load,Forecasted Load,2026-07-19T10:02:06Z
2026-07-19T10:00:07Z,2026-07-19T12:00:07+0200,0122f339-e99c-4669-a7fd-e7d31a0b8b3d,2026-07-06T17:15:00Z,2026-07-06T19:15:00+0200,54550.0,MW,FR,FR,forecast_load,Forecasted Load,2026-07-19T10:02:06Z
2026-07-19T10:00:07Z,2026-07-19T12:00:07+0200,0122f339-e99c-4669-a7fd-e7d31a0b8b3d,2026-07-06T17:30:00Z,2026-07-06T19:30:00+0200,54300.0,MW,FR,FR,forecast_load,Forecasted Load,2026-07-19T10:02:06Z
2026-07-19T10:00:07Z,2026-07-19T12:00:07+0200,0122f339-e99c-4669-a7fd-e7d31a0b8b3d,2026-07-06T17:45:00Z,2026-07-06T19:45:00+0200,53750.0,MW,FR,FR,forecast_load,Forecasted Load,2026-07-19T10:02:06Z
2026-07-19T10:00:07Z,2026-07-19T12:00:07+0200,0122f339-e99c-4669-a7fd-e7d31a0b8b3d,2026-07-06T18:00:00Z,2026-07-06T20:00:00+0200,53200.0,MW,FR,FR,forecast_load,Forecasted Load,2026-07-19T10:02:06Z
2026-07-19T10:00:07Z,2026-07-19T12:00:07+0200,0122f339-e99c-4669-a7fd-e7d31a0b8b3d,2026-07-06T18:15:00Z,2026-07-06T20:15:00+0200,52350.0,MW,FR,FR,forecast_load,Forecasted Load,2026-07-19T10:02:06Z
2026-07-19T10:00:07Z,2026-07-19T12:00:07+0200,0122f339-e99c-4669-a7fd-e7d31a0b8b3d,2026-07-06T18:30:00Z,2026-07-06T20:30:00+0200,51500.0,MW,FR,FR,forecast_load,Forecasted Load,2026-07-19T10:02:06Z
2026-07-19T10:00:07Z,2026-07-19T12:00:07+0200,0122f339-e99c-4669-a7fd-e7d31a0b8b3d,2026-07-06T18:45:00Z,2026-07-06T20:45:00+0200,50900.0,MW,FR,FR,forecast_load,Forecasted Load,2026-07-19T10:02:06Z
2026-07-19T10:00:07Z,2026-07-19T12:00:07+0200,0122f339-e99c-4669-a7fd-e7d31a0b8b3d,2026-07-06T19:00:00Z,2026-07-06T21:00:00+0200,50300.0,MW,FR,FR,forecast_load,Forecasted Load,2026-07-19T10:02:06Z
2026-07-19T10:00:07Z,2026-07-19T12:00:07+0200,0122f339-e99c-4669-a7fd-e7d31a0b8b3d,2026-07-06T19:15:00Z,2026-07-06T21:15:00+0200,49900.0,MW,FR,FR,forecast_load,Forecasted Load,2026-07-19T10:02:06Z
2026-07-19T10:00:07Z,2026-07-19T12:00:07+0200,0122f339-e99c-4669-a7fd-e7d31a0b8b3d,2026-07-06T19:30:00Z,2026-07-06T21:30:00+0200,49500.0,MW,FR,FR,forecast_load,Forecasted Load,2026-07-19T10:02:06Z
2026-07-19T10:00:07Z,2026-07-19T12:00:07+0200,0122f339-e99c-4669-a7fd-e7d31a0b8b3d,2026-07-06T19:45:00Z,2026-07-06T21:45:00+0200,49150.0,MW,FR,FR,forecast_load,Forecasted Load,2026-07-19T10:02:06Z
2026-07-19T10:00:07Z,2026-07-19T12:00:07+0200,0122f339-e99c-4669-a7fd-e7d31a0b8b3d,2026-07-06T20:00:00Z,2026-07-06T22:00:00+0200,48800.0,MW,FR,FR,forecast_load,Forecasted Load,2026-07-19T10:02:06Z
2026-07-19T10:00:07Z,2026-07-19T12:00:07+0200,0122f339-e99c-4669-a7fd-e7d31a0b8b3d,2026-07-06T20:15:00Z,2026-07-06T22:15:00+0200,49550.0,MW,FR,FR,forecast_load,Forecasted Load,2026-07-19T10:02:06Z
2026-07-19T10:00:07Z,2026-07-19T12:00:07+0200,0122f339-e99c-4669-a7fd-e7d31a0b8b3d,2026-07-06T20:30:00Z,2026-07-06T22:30:00+0200,50300.0,MW,FR,FR,forecast_load,Forecasted Load,2026-07-19T10:02:06Z
2026-07-19T10:00:07Z,2026-07-19T12:00:07+0200,0122f339-e99c-4669-a7fd-e7d31a0b8b3d,2026-07-06T20:45:00Z,2026-07-06T22:45:00+0200,50850.0,MW,FR,FR,forecast_load,Forecasted Load,2026-07-19T10:02:06Z
2026-07-19T10:00:07Z,2026-07-19T12:00:07+0200,0122f339-e99c-4669-a7fd-e7d31a0b8b3d,2026-07-06T21:00:00Z,2026-07-06T23:00:00+0200,51400.0,MW,FR,FR,forecast_load,Forecasted Load,2026-07-19T10:02:06Z
2026-07-19T10:00:07Z,2026-07-19T12:00:07+0200,0122f339-e99c-4669-a7fd-e7d31a0b8b3d,2026-07-06T21:15:00Z,2026-07-06T23:15:00+0200,50350.0,MW,FR,FR,forecast_load,Forecasted Load,2026-07-19T10:02:06Z
2026-07-19T10:00:07Z,2026-07-19T12:00:07+0200,0122f339-e99c-4669-a7fd-e7d31a0b8b3d,2026-07-06T21:30:00Z,2026-07-06T23:30:00+0200,49300.0,MW,FR,FR,forecast_load,Forecasted Load,2026-07-19T10:02:06Z
2026-07-19T10:00:07Z,2026-07-19T12:00:07+0200,0122f339-e99c-4669-a7fd-e7d31a0b8b3d,2026-07-06T21:45:00Z,2026-07-06T23:45:00+0200,48400.0,MW,FR,FR,forecast_load,Forecasted Load,2026-07-19T10:02:06Z
2026-07-19T10:00:07Z,2026-07-19T12:00:07+0200,0122f339-e99c-4669-a7fd-e7d31a0b8b3d,2026-07-06T22:00:00Z,2026-07-07T00:00:00+0200,48200.0,MW,FR,FR,forecast_load,Forecasted Load,2026-07-19T10:02:06Z
2026-07-19T10:00:07Z,2026-07-19T12:00:07+0200,0122f339-e99c-4669-a7fd-e7d31a0b8b3d,2026-07-06T22:15:00Z,2026-07-07T00:15:00+0200,47150.0,MW,FR,FR,forecast_load,Forecasted Load,2026-07-19T10:02:06Z
2026-07-19T10:00:07Z,2026-07-19T12:00:07+0200,0122f339-e99c-4669-a7fd-e7d31a0b8b3d,2026-07-06T22:30:00Z,2026-07-07T00:30:00+0200,46100.0,MW,FR,FR,forecast_load,Forecasted Load,2026-07-19T10:02:06Z
2026-07-19T10:00:07Z,2026-07-19T12:00:07+0200,0122f339-e99c-4669-a7fd-e7d31a0b8b3d,2026-07-06T22:45:00Z,2026-07-07T00:45:00+0200,45000.0,MW,FR,FR,forecast_load,Forecasted Load,2026-07-19T10:02:06Z
2026-07-19T10:00:07Z,2026-07-19T12:00:07+0200,0122f339-e99c-4669-a7fd-e7d31a0b8b3d,2026-07-06T23:00:00Z,2026-07-07T01:00:00+0200,43900.0,MW,FR,FR,forecast_load,Forecasted Load,2026-07-19T10:02:06Z
2026-07-19T10:00:07Z,2026-07-19T12:00:07+0200,0122f339-e99c-4669-a7fd-e7d31a0b8b3d,2026-07-06T23:15:00Z,2026-07-07T01:15:00+0200,44150.0,MW,FR,FR,forecast_load,Forecasted Load,2026-07-19T10:02:06Z
2026-07-19T10:00:07Z,2026-07-19T12:00:07+0200,0122f339-e99c-4669-a7fd-e7d31a0b8b3d,2026-07-06T23:30:00Z,2026-07-07T01:30:00+0200,44400.0,MW,FR,FR,forecast_load,Forecasted Load,2026-07-19T10:02:06Z
2026-07-19T10:00:07Z,2026-07-19T12:00:07+0200,0122f339-e99c-4669-a7fd-e7d31a0b8b3d,2026-07-06T23:45:00Z,2026-07-07T01:45:00+0200,43900.0,MW,FR,FR,forecast_load,Forecasted Load,2026-07-19T10:02:06Z
2026-07-19T10:00:07Z,2026-07-19T12:00:07+0200,0122f339-e99c-4669-a7fd-e7d31a0b8b3d,2026-07-07T00:00:00Z,2026-07-07T02:00:00+0200,43400.0,MW,FR,FR,forecast_load,Forecasted Load,2026-07-19T10:02:06Z
2026-07-19T10:00:07Z,2026-07-19T12:00:07+0200,0122f339-e99c-4669-a7fd-e7d31a0b8b3d,2026-07-07T00:15:00Z,2026-07-07T02:15:00+0200,42450.0,MW,FR,FR,forecast_load,Forecasted Load,2026-07-19T10:02:06Z
2026-07-19T10:00:07Z,2026-07-19T12:00:07+0200,0122f339-e99c-4669-a7fd-e7d31a0b8b3d,2026-07-07T00:30:00Z,2026-07-07T02:30:00+0200,41500.0,MW,FR,FR,forecast_load,Forecasted Load,2026-07-19T10:02:06Z
2026-07-19T10:00:07Z,2026-07-19T12:00:07+0200,0122f339-e99c-4669-a7fd-e7d31a0b8b3d,2026-07-07T00:45:00Z,2026-07-07T02:45:00+0200,40850.0,MW,FR,FR,forecast_load,Forecasted Load,2026-07-19T10:02:06Z
2026-07-19T10:00:07Z,2026-07-19T12:00:07+0200,0122f339-e99c-4669-a7fd-e7d31a0b8b3d,2026-07-07T01:00:00Z,2026-07-07T03:00:00+0200,40200.0,MW,FR,FR,forecast_load,Forecasted Load,2026-07-19T10:02:06Z
2026-07-19T10:00:07Z,2026-07-19T12:00:07+0200,0122f339-e99c-4669-a7fd-e7d31a0b8b3d,2026-07-07T01:15:00Z,2026-07-07T03:15:00+0200,39950.0,MW,FR,FR,forecast_load,Forecasted Load,2026-07-19T10:02:06Z
2026-07-19T10:00:07Z,2026-07-19T12:00:07+0200,0122f339-e99c-4669-a7fd-e7d31a0b8b3d,2026-07-07T01:30:00Z,2026-07-07T03:30:00+0200,39700.0,MW,FR,FR,forecast_load,Forecasted Load,2026-07-19T10:02:06Z
2026-07-19T10:00:07Z,2026-07-19T12:00:07+0200,0122f339-e99c-4669-a7fd-e7d31a0b8b3d,2026-07-07T01:45:00Z,2026-07-07T03:45:00+0200,39400.0,MW,FR,FR,forecast_load,Forecasted Load,2026-07-19T10:02:06Z
2026-07-19T10:00:07Z,2026-07-19T12:00:07+0200,0122f339-e99c-4669-a7fd-e7d31a0b8b3d,2026-07-07T02:00:00Z,2026-07-07T04:00:00+0200,39100.0,MW,FR,FR,forecast_load,Forecasted Load,2026-07-19T10:02:06Z
2026-07-19T10:00:07Z,2026-07-19T12:00:07+0200,0122f339-e99c-4669-a7fd-e7d31a0b8b3d,2026-07-07T02:15:00Z,2026-07-07T04:15:00+0200,39100.0,MW,FR,FR,forecast_load,Forecasted Load,2026-07-19T10:02:06Z
2026-07-19T10:00:07Z,2026-07-19T12:00:07+0200,0122f339-e99c-4669-a7fd-e7d31a0b8b3d,2026-07-07T02:30:00Z,2026-07-07T04:30:00+0200,39100.0,MW,FR,FR,forecast_load,Forecasted Load,2026-07-19T10:02:06Z
2026-07-19T10:00:07Z,2026-07-19T12:00:07+0200,0122f339-e99c-4669-a7fd-e7d31a0b8b3d,2026-07-07T02:45:00Z,2026-07-07T04:45:00+0200,39300.0,MW,FR,FR,forecast_load,Forecasted Load,2026-07-19T10:02:06Z
2026-07-19T10:00:07Z,2026-07-19T12:00:07+0200,0122f339-e99c-4669-a7fd-e7d31a0b8b3d,2026-07-07T03:00:00Z,2026-07-07T05:00:00+0200,39500.0,MW,FR,FR,forecast_load,Forecasted Load,2026-07-19T10:02:06Z
2026-07-19T10:00:07Z,2026-07-19T12:00:07+0200,0122f339-e99c-4669-a7fd-e7d31a0b8b3d,2026-07-07T03:15:00Z,2026-07-07T05:15:00+0200,39850.0,MW,FR,FR,forecast_load,Forecasted Load,2026-07-19T10:02:06Z
2026-07-19T10:00:07Z,2026-07-19T12:00:07+0200,0122f339-e99c-4669-a7fd-e7d31a0b8b3d,2026-07-07T03:30:00Z,2026-07-07T05:30:00+0200,40200.0,MW,FR,FR,forecast_load,Forecasted Load,2026-07-19T10:02:06Z
2026-07-19T10:00:07Z,2026-07-19T12:00:07+0200,0122f339-e99c-4669-a7fd-e7d31a0b8b3d,2026-07-07T03:45:00Z,2026-07-07T05:45:00+0200,40750.0,MW,FR,FR,forecast_load,Forecasted Load,2026-07-19T10:02:06Z
2026-07-19T10:00:07Z,2026-07-19T12:00:07+0200,0122f339-e99c-4669-a7fd-e7d31a0b8b3d,2026-07-07T04:00:00Z,2026-07-07T06:00:00+0200,41300.0,MW,FR,FR,forecast_load,Forecasted Load,2026-07-19T10:02:06Z
2026-07-19T10:00:07Z,2026-07-19T12:00:07+0200,0122f339-e99c-4669-a7fd-e7d31a0b8b3d,2026-07-07T04:15:00Z,2026-07-07T06:15:00+0200,42100.0,MW,FR,FR,forecast_load,Forecasted Load,2026-07-19T10:02:06Z
2026-07-19T10:00:07Z,2026-07-19T12:00:07+0200,0122f339-e99c-4669-a7fd-e7d31a0b8b3d,2026-07-07T04:30:00Z,2026-07-07T06:30:00+0200,42900.0,MW,FR,FR,forecast_load,Forecasted Load,2026-07-19T10:02:06Z
2026-07-19T10:00:07Z,2026-07-19T12:00:07+0200,0122f339-e99c-4669-a7fd-e7d31a0b8b3d,2026-07-07T04:45:00Z,2026-07-07T06:45:00+0200,43700.0,MW,FR,FR,forecast_load,Forecasted Load,2026-07-19T10:02:06Z
2026-07-19T10:00:07Z,2026-07-19T12:00:07+0200,0122f339-e99c-4669-a7fd-e7d31a0b8b3d,2026-07-07T05:00:00Z,2026-07-07T07:00:00+0200,44500.0,MW,FR,FR,forecast_load,Forecasted Load,2026-07-19T10:02:06Z
2026-07-19T10:00:07Z,2026-07-19T12:00:07+0200,0122f339-e99c-4669-a7fd-e7d31a0b8b3d,2026-07-07T05:15:00Z,2026-07-07T07:15:00+0200,45200.0,MW,FR,FR,forecast_load,Forecasted Load,2026-07-19T10:02:06Z
2026-07-19T10:00:07Z,2026-07-19T12:00:07+0200,0122f339-e99c-4669-a7fd-e7d31a0b8b3d,2026-07-07T05:30:00Z,2026-07-07T07:30:00+0200,45900.0,MW,FR,FR,forecast_load,Forecasted Load,2026-07-19T10:02:06Z
2026-07-19T10:00:07Z,2026-07-19T12:00:07+0200,0122f339-e99c-4669-a7fd-e7d31a0b8b3d,2026-07-07T05:45:00Z,2026-07-07T07:45:00+0200,46550.0,MW,FR,FR,forecast_load,Forecasted Load,2026-07-19T10:02:06Z
2026-07-19T10:00:07Z,2026-07-19T12:00:07+0200,0122f339-e99c-4669-a7fd-e7d31a0b8b3d,2026-07-07T06:00:00Z,2026-07-07T08:00:00+0200,47200.0,MW,FR,FR,forecast_load,Forecasted Load,2026-07-19T10:02:06Z
2026-07-19T10:00:07Z,2026-07-19T12:00:07+0200,0122f339-e99c-4669-a7fd-e7d31a0b8b3d,2026-07-07T06:15:00Z,2026-07-07T08:15:00+0200,48000.0,MW,FR,FR,forecast_load,Forecasted Load,2026-07-19T10:02:06Z
2026-07-19T10:00:07Z,2026-07-19T12:00:07+0200,0122f339-e99c-4669-a7fd-e7d31a0b8b3d,2026-07-07T06:30:00Z,2026-07-07T08:30:00+0200,48800.0,MW,FR,FR,forecast_load,Forecasted Load,2026-07-19T10:02:06Z
2026-07-19T10:00:07Z,2026-07-19T12:00:07+0200,0122f339-e99c-4669-a7fd-e7d31a0b8b3d,2026-07-07T06:45:00Z,2026-07-07T08:45:00+0200,49300.0,MW,FR,FR,forecast_load,Forecasted Load,2026-07-19T10:02:06Z
2026-07-19T10:00:07Z,2026-07-19T12:00:07+0200,0122f339-e99c-4669-a7fd-e7d31a0b8b3d,2026-07-07T07:00:00Z,2026-07-07T09:00:00+0200,49800.0,MW,FR,FR,forecast_load,Forecasted Load,2026-07-19T10:02:06Z
2026-07-19T10:00:07Z,2026-07-19T12:00:07+0200,0122f339-e99c-4669-a7fd-e7d31a0b8b3d,2026-07-07T07:15:00Z,2026-07-07T09:15:00+0200,50400.0,MW,FR,FR,forecast_load,Forecasted Load,2026-07-19T10:02:06Z
2026-07-19T10:00:07Z,2026-07-19T12:00:07+0200,0122f339-e99c-4669-a7fd-e7d31a0b8b3d,2026-07-07T07:30:00Z,2026-07-07T09:30:00+0200,51000.0,MW,FR,FR,forecast_load,Forecasted Load,2026-07-19T10:02:06Z
2026-07-19T10:00:07Z,2026-07-19T12:00:07+0200,0122f339-e99c-4669-a7fd-e7d31a0b8b3d,2026-07-07T07:45:00Z,2026-07-07T09:45:00+0200,51300.0,MW,FR,FR,forecast_load,Forecasted Load,2026-07-19T10:02:06Z
2026-07-19T10:00:07Z,2026-07-19T12:00:07+0200,0122f339-e99c-4669-a7fd-e7d31a0b8b3d,2026-07-07T08:00:00Z,2026-07-07T10:00:00+0200,51600.0,MW,FR,FR,forecast_load,Forecasted Load,2026-07-19T10:02:06Z
2026-07-19T10:00:07Z,2026-07-19T12:00:07+0200,0122f339-e99c-4669-a7fd-e7d31a0b8b3d,2026-07-07T08:15:00Z,2026-07-07T10:15:00+0200,52000.0,MW,FR,FR,forecast_load,Forecasted Load,2026-07-19T10:02:06Z
2026-07-19T10:00:07Z,2026-07-19T12:00:07+0200,0122f339-e99c-4669-a7fd-e7d31a0b8b3d,2026-07-07T08:30:00Z,2026-07-07T10:30:00+0200,52400.0,MW,FR,FR,forecast_load,Forecasted Load,2026-07-19T10:02:06Z
2026-07-19T10:00:07Z,2026-07-19T12:00:07+0200,0122f339-e99c-4669-a7fd-e7d31a0b8b3d,2026-07-07T08:45:00Z,2026-07-07T10:45:00+0200,52750.0,MW,FR,FR,forecast_load,Forecasted Load,2026-07-19T10:02:06Z
2026-07-19T10:00:07Z,2026-07-19T12:00:07+0200,0122f339-e99c-4669-a7fd-e7d31a0b8b3d,2026-07-07T09:00:00Z,2026-07-07T11:00:00+0200,53100.0,MW,FR,FR,forecast_load,Forecasted Load,2026-07-19T10:02:06Z
2026-07-19T10:00:07Z,2026-07-19T12:00:07+0200,0122f339-e99c-4669-a7fd-e7d31a0b8b3d,2026-07-07T09:15:00Z,2026-07-07T11:15:00+0200,53400.0,MW,FR,FR,forecast_load,Forecasted Load,2026-07-19T10:02:06Z
2026-07-19T10:00:07Z,2026-07-19T12:00:07+0200,0122f339-e99c-4669-a7fd-e7d31a0b8b3d,2026-07-07T09:30:00Z,2026-07-07T11:30:00+0200,53700.0,MW,FR,FR,forecast_load,Forecasted Load,2026-07-19T10:02:06Z
2026-07-19T10:00:07Z,2026-07-19T12:00:07+0200,0122f339-e99c-4669-a7fd-e7d31a0b8b3d,2026-07-07T09:45:00Z,2026-07-07T11:45:00+0200,54150.0,MW,FR,FR,forecast_load,Forecasted Load,2026-07-19T10:02:06Z
2026-07-19T10:00:07Z,2026-07-19T12:00:07+0200,0122f339-e99c-4669-a7fd-e7d31a0b8b3d,2026-07-07T10:00:00Z,2026-07-07T12:00:00+0200,54600.0,MW,FR,FR,forecast_load,Forecasted Load,2026-07-19T10:02:06Z
2026-07-19T10:00:07Z,2026-07-19T12:00:07+0200,0122f339-e99c-4669-a7fd-e7d31a0b8b3d,2026-07-07T10:15:00Z,2026-07-07T12:15:00+0200,54550.0,MW,FR,FR,forecast_load,Forecasted Load,2026-07-19T10:02:06Z
2026-07-19T10:00:07Z,2026-07-19T12:00:07+0200,0122f339-e99c-4669-a7fd-e7d31a0b8b3d,2026-07-07T10:30:00Z,2026-07-07T12:30:00+0200,54500.0,MW,FR,FR,forecast_load,Forecasted Load,2026-07-19T10:02:06Z
2026-07-19T10:00:07Z,2026-07-19T12:00:07+0200,0122f339-e99c-4669-a7fd-e7d31a0b8b3d,2026-07-07T10:45:00Z,2026-07-07T12:45:00+0200,55150.0,MW,FR,FR,forecast_load,Forecasted Load,2026-07-19T10:02:06Z
2026-07-19T10:00:07Z,2026-07-19T12:00:07+0200,0122f339-e99c-4669-a7fd-e7d31a0b8b3d,2026-07-07T11:00:00Z,2026-07-07T13:00:00+0200,55800.0,MW,FR,FR,forecast_load,Forecasted Load,2026-07-19T10:02:06Z
2026-07-19T10:00:07Z,2026-07-19T12:00:07+0200,0122f339-e99c-4669-a7fd-e7d31a0b8b3d,2026-07-07T11:15:00Z,2026-07-07T13:15:00+0200,55000.0,MW,FR,FR,forecast_load,Forecasted Load,2026-07-19T10:02:06Z
2026-07-19T10:00:07Z,2026-07-19T12:00:07+0200,0122f339-e99c-4669-a7fd-e7d31a0b8b3d,2026-07-07T11:30:00Z,2026-07-07T13:30:00+0200,54200.0,MW,FR,FR,forecast_load,Forecasted Load,2026-07-19T10:02:06Z
2026-07-19T10:00:07Z,2026-07-19T12:00:07+0200,0122f339-e99c-4669-a7fd-e7d31a0b8b3d,2026-07-07T11:45:00Z,2026-07-07T13:45:00+0200,54300.0,MW,FR,FR,forecast_load,Forecasted Load,2026-07-19T10:02:06Z
2026-07-19T10:00:07Z,2026-07-19T12:00:07+0200,0122f339-e99c-4669-a7fd-e7d31a0b8b3d,2026-07-07T12:00:00Z,2026-07-07T14:00:00+0200,54400.0,MW,FR,FR,forecast_load,Forecasted Load,2026-07-19T10:02:06Z
2026-07-19T10:00:07Z,2026-07-19T12:00:07+0200,0122f339-e99c-4669-a7fd-e7d31a0b8b3d,2026-07-07T12:15:00Z,2026-07-07T14:15:00+0200,55250.0,MW,FR,FR,forecast_load,Forecasted Load,2026-07-19T10:02:06Z
2026-07-19T10:00:07Z,2026-07-19T12:00:07+0200,0122f339-e99c-4669-a7fd-e7d31a0b8b3d,2026-07-07T12:30:00Z,2026-07-07T14:30:00+0200,56100.0,MW,FR,FR,forecast_load,Forecasted Load,2026-07-19T10:02:06Z
2026-07-19T10:00:07Z,2026-07-19T12:00:07+0200,0122f339-e99c-4669-a7fd-e7d31a0b8b3d,2026-07-07T12:45:00Z,2026-07-07T14:45:00+0200,55950.0,MW,FR,FR,forecast_load,Forecasted Load,2026-07-19T10:02:06Z
2026-07-19T10:00:07Z,2026-07-19T12:00:07+0200,0122f339-e99c-4669-a7fd-e7d31a0b8b3d,2026-07-07T13:00:00Z,2026-07-07T15:00:00+0200,55800.0,MW,FR,FR,forecast_load,Forecasted Load,2026-07-19T10:02:06Z
2026-07-19T10:00:07Z,2026-07-19T12:00:07+0200,0122f339-e99c-4669-a7fd-e7d31a0b8b3d,2026-07-07T13:15:00Z,2026-07-07T15:15:00+0200,55200.0,MW,FR,FR,forecast_load,Forecasted Load,2026-07-19T10:02:06Z
2026-07-19T10:00:07Z,2026-07-19T12:00:07+0200,0122f339-e99c-4669-a7fd-e7d31a0b8b3d,2026-07-07T13:30:00Z,2026-07-07T15:30:00+0200,54600.0,MW,FR,FR,forecast_load,Forecasted Load,2026-07-19T10:02:06Z
2026-07-19T10:00:07Z,2026-07-19T12:00:07+0200,0122f339-e99c-4669-a7fd-e7d31a0b8b3d,2026-07-07T13:45:00Z,2026-07-07T15:45:00+0200,54350.0,MW,FR,FR,forecast_load,Forecasted Load,2026-07-19T10:02:06Z
2026-07-19T10:00:07Z,2026-07-19T12:00:07+0200,0122f339-e99c-4669-a7fd-e7d31a0b8b3d,2026-07-07T14:00:00Z,2026-07-07T16:00:00+0200,54100.0,MW,FR,FR,forecast_load,Forecasted Load,2026-07-19T10:02:06Z
2026-07-19T10:00:07Z,2026-07-19T12:00:07+0200,0122f339-e99c-4669-a7fd-e7d31a0b8b3d,2026-07-07T14:15:00Z,2026-07-07T16:15:00+0200,54050.0,MW,FR,FR,forecast_load,Forecasted Load,2026-07-19T10:02:06Z
2026-07-19T10:00:07Z,2026-07-19T12:00:07+0200,0122f339-e99c-4669-a7fd-e7d31a0b8b3d,2026-07-07T14:30:00Z,2026-07-07T16:30:00+0200,54000.0,MW,FR,FR,forecast_load,Forecasted Load,2026-07-19T10:02:06Z
2026-07-19T10:00:07Z,2026-07-19T12:00:07+0200,0122f339-e99c-4669-a7fd-e7d31a0b8b3d,2026-07-07T14:45:00Z,2026-07-07T16:45:00+0200,54000.0,MW,FR,FR,forecast_load,Forecasted Load,2026-07-19T10:02:06Z
2026-07-19T10:00:07Z,2026-07-19T12:00:07+0200,0122f339-e99c-4669-a7fd-e7d31a0b8b3d,2026-07-07T15:00:00Z,2026-07-07T17:00:00+0200,54000.0,MW,FR,FR,forecast_load,Forecasted Load,2026-07-19T10:02:06Z
2026-07-19T10:00:07Z,2026-07-19T12:00:07+0200,0122f339-e99c-4669-a7fd-e7d31a0b8b3d,2026-07-07T15:15:00Z,2026-07-07T17:15:00+0200,54100.0,MW,FR,FR,forecast_load,Forecasted Load,2026-07-19T10:02:06Z
2026-07-19T10:00:07Z,2026-07-19T12:00:07+0200,0122f339-e99c-4669-a7fd-e7d31a0b8b3d,2026-07-07T15:30:00Z,2026-07-07T17:30:00+0200,54200.0,MW,FR,FR,forecast_load,Forecasted Load,2026-07-19T10:02:06Z
2026-07-19T10:00:07Z,2026-07-19T12:00:07+0200,0122f339-e99c-4669-a7fd-e7d31a0b8b3d,2026-07-07T15:45:00Z,2026-07-07T17:45:00+0200,54550.0,MW,FR,FR,forecast_load,Forecasted Load,2026-07-19T10:02:06Z
2026-07-19T10:00:07Z,2026-07-19T12:00:07+0200,0122f339-e99c-4669-a7fd-e7d31a0b8b3d,2026-07-07T16:00:00Z,2026-07-07T18:00:00+0200,54900.0,MW,FR,FR,forecast_load,Forecasted Load,2026-07-19T10:02:06Z
2026-07-19T10:00:07Z,2026-07-19T12:00:07+0200,0122f339-e99c-4669-a7fd-e7d31a0b8b3d,2026-07-07T16:15:00Z,2026-07-07T18:15:00+0200,55100.0,MW,FR,FR,forecast_load,Forecasted Load,2026-07-19T10:02:06Z
2026-07-19T10:00:07Z,2026-07-19T12:00:07+0200,0122f339-e99c-4669-a7fd-e7d31a0b8b3d,2026-07-07T16:30:00Z,2026-07-07T18:30:00+0200,55300.0,MW,FR,FR,forecast_load,Forecasted Load,2026-07-19T10:02:06Z
2026-07-19T10:00:07Z,2026-07-19T12:00:07+0200,0122f339-e99c-4669-a7fd-e7d31a0b8b3d,2026-07-07T16:45:00Z,2026-07-07T18:45:00+0200,55600.0,MW,FR,FR,forecast_load,Forecasted Load,2026-07-19T10:02:06Z
2026-07-19T10:00:07Z,2026-07-19T12:00:07+0200,0122f339-e99c-4669-a7fd-e7d31a0b8b3d,2026-07-07T17:00:00Z,2026-07-07T19:00:00+0200,55900.0,MW,FR,FR,forecast_load,Forecasted Load,2026-07-19T10:02:06Z
2026-07-19T10:00:07Z,2026-07-19T12:00:07+0200,0122f339-e99c-4669-a7fd-e7d31a0b8b3d,2026-07-07T17:15:00Z,2026-07-07T19:15:00+0200,55600.0,MW,FR,FR,forecast_load,Forecasted Load,2026-07-19T10:02:06Z
2026-07-19T10:00:07Z,2026-07-19T12:00:07+0200,0122f339-e99c-4669-a7fd-e7d31a0b8b3d,2026-07-07T17:30:00Z,2026-07-07T19:30:00+0200,55300.0,MW,FR,FR,forecast_load,Forecasted Load,2026-07-19T10:02:06Z
2026-07-19T10:00:07Z,2026-07-19T12:00:07+0200,0122f339-e99c-4669-a7fd-e7d31a0b8b3d,2026-07-07T17:45:00Z,2026-07-07T19:45:00+0200,54850.0,MW,FR,FR,forecast_load,Forecasted Load,2026-07-19T10:02:06Z
2026-07-19T10:00:07Z,2026-07-19T12:00:07+0200,0122f339-e99c-4669-a7fd-e7d31a0b8b3d,2026-07-07T18:00:00Z,2026-07-07T20:00:00+0200,54400.0,MW,FR,FR,forecast_load,Forecasted Load,2026-07-19T10:02:06Z
2026-07-19T10:00:07Z,2026-07-19T12:00:07+0200,0122f339-e99c-4669-a7fd-e7d31a0b8b3d,2026-07-07T18:15:00Z,2026-07-07T20:15:00+0200,53750.0,MW,FR,FR,forecast_load,Forecasted Load,2026-07-19T10:02:06Z
2026-07-19T10:00:07Z,2026-07-19T12:00:07+0200,0122f339-e99c-4669-a7fd-e7d31a0b8b3d,2026-07-07T18:30:00Z,2026-07-07T20:30:00+0200,53100.0,MW,FR,FR,forecast_load,Forecasted Load,2026-07-19T10:02:06Z
2026-07-19T10:00:07Z,2026-07-19T12:00:07+0200,0122f339-e99c-4669-a7fd-e7d31a0b8b3d,2026-07-07T18:45:00Z,2026-07-07T20:45:00+0200,52500.0,MW,FR,FR,forecast_load,Forecasted Load,2026-07-19T10:02:06Z
2026-07-19T10:00:07Z,2026-07-19T12:00:07+0200,0122f339-e99c-4669-a7fd-e7d31a0b8b3d,2026-07-07T19:00:00Z,2026-07-07T21:00:00+0200,51900.0,MW,FR,FR,forecast_load,Forecasted Load,2026-07-19T10:02:06Z
2026-07-19T10:00:07Z,2026-07-19T12:00:07+0200,0122f339-e99c-4669-a7fd-e7d31a0b8b3d,2026-07-07T19:15:00Z,2026-07-07T21:15:00+0200,51500.0,MW,FR,FR,forecast_load,Forecasted Load,2026-07-19T10:02:06Z
2026-07-19T10:00:07Z,2026-07-19T12:00:07+0200,0122f339-e99c-4669-a7fd-e7d31a0b8b3d,2026-07-07T19:30:00Z,2026-07-07T21:30:00+0200,51100.0,MW,FR,FR,forecast_load,Forecasted Load,2026-07-19T10:02:06Z
2026-07-19T10:00:07Z,2026-07-19T12:00:07+0200,0122f339-e99c-4669-a7fd-e7d31a0b8b3d,2026-07-07T19:45:00Z,2026-07-07T21:45:00+0200,50700.0,MW,FR,FR,forecast_load,Forecasted Load,2026-07-19T10:02:06Z
2026-07-19T10:00:07Z,2026-07-19T12:00:07+0200,0122f339-e99c-4669-a7fd-e7d31a0b8b3d,2026-07-07T20:00:00Z,2026-07-07T22:00:00+0200,50300.0,MW,FR,FR,forecast_load,Forecasted Load,2026-07-19T10:02:06Z
2026-07-19T10:00:07Z,2026-07-19T12:00:07+0200,0122f339-e99c-4669-a7fd-e7d31a0b8b3d,2026-07-07T20:15:00Z,2026-07-07T22:15:00+0200,51050.0,MW,FR,FR,forecast_load,Forecasted Load,2026-07-19T10:02:06Z
2026-07-19T10:00:07Z,2026-07-19T12:00:07+0200,0122f339-e99c-4669-a7fd-e7d31a0b8b3d,2026-07-07T20:30:00Z,2026-07-07T22:30:00+0200,51800.0,MW,FR,FR,forecast_load,Forecasted Load,2026-07-19T10:02:06Z
2026-07-19T10:00:07Z,2026-07-19T12:00:07+0200,0122f339-e99c-4669-a7fd-e7d31a0b8b3d,2026-07-07T20:45:00Z,2026-07-07T22:45:00+0200,52300.0,MW,FR,FR,forecast_load,Forecasted Load,2026-07-19T10:02:06Z
2026-07-19T10:00:07Z,2026-07-19T12:00:07+0200,0122f339-e99c-4669-a7fd-e7d31a0b8b3d,2026-07-07T21:00:00Z,2026-07-07T23:00:00+0200,52800.0,MW,FR,FR,forecast_load,Forecasted Load,2026-07-19T10:02:06Z
2026-07-19T10:00:07Z,2026-07-19T12:00:07+0200,0122f339-e99c-4669-a7fd-e7d31a0b8b3d,2026-07-07T21:15:00Z,2026-07-07T23:15:00+0200,51800.0,MW,FR,FR,forecast_load,Forecasted Load,2026-07-19T10:02:06Z
2026-07-19T10:00:07Z,2026-07-19T12:00:07+0200,0122f339-e99c-4669-a7fd-e7d31a0b8b3d,2026-07-07T21:30:00Z,2026-07-07T23:30:00+0200,50800.0,MW,FR,FR,forecast_load,Forecasted Load,2026-07-19T10:02:06Z
2026-07-19T10:00:07Z,2026-07-19T12:00:07+0200,0122f339-e99c-4669-a7fd-e7d31a0b8b3d,2026-07-07T21:45:00Z,2026-07-07T23:45:00+0200,49950.0,MW,FR,FR,forecast_load,Forecasted Load,2026-07-19T10:02:06Z
2026-07-19T10:00:07Z,2026-07-19T12:00:07+0200,0122f339-e99c-4669-a7fd-e7d31a0b8b3d,2026-07-07T22:00:00Z,2026-07-08T00:00:00+0200,48600.0,MW,FR,FR,forecast_load,Forecasted Load,2026-07-19T10:02:06Z
2026-07-19T10:00:07Z,2026-07-19T12:00:07+0200,0122f339-e99c-4669-a7fd-e7d31a0b8b3d,2026-07-07T22:15:00Z,2026-07-08T00:15:00+0200,47500.0,MW,FR,FR,forecast_load,Forecasted Load,2026-07-19T10:02:06Z
2026-07-19T10:00:07Z,2026-07-19T12:00:07+0200,0122f339-e99c-4669-a7fd-e7d31a0b8b3d,2026-07-07T22:30:00Z,2026-07-08T00:30:00+0200,46400.0,MW,FR,FR,forecast_load,Forecasted Load,2026-07-19T10:02:06Z
2026-07-19T10:00:07Z,2026-07-19T12:00:07+0200,0122f339-e99c-4669-a7fd-e7d31a0b8b3d,2026-07-07T22:45:00Z,2026-07-08T00:45:00+0200,45350.0,MW,FR,FR,forecast_load,Forecasted Load,2026-07-19T10:02:06Z
2026-07-19T10:00:07Z,2026-07-19T12:00:07+0200,0122f339-e99c-4669-a7fd-e7d31a0b8b3d,2026-07-07T23:00:00Z,2026-07-08T01:00:00+0200,44300.0,MW,FR,FR,forecast_load,Forecasted Load,2026-07-19T10:02:06Z
2026-07-19T10:00:07Z,2026-07-19T12:00:07+0200,0122f339-e99c-4669-a7fd-e7d31a0b8b3d,2026-07-07T23:15:00Z,2026-07-08T01:15:00+0200,44500.0,MW,FR,FR,forecast_load,Forecasted Load,2026-07-19T10:02:06Z
2026-07-19T10:00:07Z,2026-07-19T12:00:07+0200,0122f339-e99c-4669-a7fd-e7d31a0b8b3d,2026-07-07T23:30:00Z,2026-07-08T01:30:00+0200,44700.0,MW,FR,FR,forecast_load,Forecasted Load,2026-07-19T10:02:06Z
2026-07-19T10:00:07Z,2026-07-19T12:00:07+0200,0122f339-e99c-4669-a7fd-e7d31a0b8b3d,2026-07-07T23:45:00Z,2026-07-08T01:45:00+0200,43750.0,MW,FR,FR,forecast_load,Forecasted Load,2026-07-19T10:02:06Z
2026-07-19T10:00:07Z,2026-07-19T12:00:07+0200,0122f339-e99c-4669-a7fd-e7d31a0b8b3d,2026-07-08T00:00:00Z,2026-07-08T02:00:00+0200,42800.0,MW,FR,FR,forecast_load,Forecasted Load,2026-07-19T10:02:06Z
2026-07-19T10:00:07Z,2026-07-19T12:00:07+0200,0122f339-e99c-4669-a7fd-e7d31a0b8b3d,2026-07-08T00:15:00Z,2026-07-08T02:15:00+0200,42050.0,MW,FR,FR,forecast_load,Forecasted Load,2026-07-19T10:02:06Z
2026-07-19T10:00:07Z,2026-07-19T12:00:07+0200,0122f339-e99c-4669-a7fd-e7d31a0b8b3d,2026-07-08T00:30:00Z,2026-07-08T02:30:00+0200,41300.0,MW,FR,FR,forecast_load,Forecasted Load,2026-07-19T10:02:06Z
2026-07-19T10:00:07Z,2026-07-19T12:00:07+0200,0122f339-e99c-4669-a7fd-e7d31a0b8b3d,2026-07-08T00:45:00Z,2026-07-08T02:45:00+0200,40700.0,MW,FR,FR,forecast_load,Forecasted Load,2026-07-19T10:02:06Z
2026-07-19T10:00:07Z,2026-07-19T12:00:07+0200,0122f339-e99c-4669-a7fd-e7d31a0b8b3d,2026-07-08T01:00:00Z,2026-07-08T03:00:00+0200,40100.0,MW,FR,FR,forecast_load,Forecasted Load,2026-07-19T10:02:06Z
2026-07-19T10:00:07Z,2026-07-19T12:00:07+0200,0122f339-e99c-4669-a7fd-e7d31a0b8b3d,2026-07-08T01:15:00Z,2026-07-08T03:15:00+0200,39850.0,MW,FR,FR,forecast_load,Forecasted Load,2026-07-19T10:02:06Z
2026-07-19T10:00:07Z,2026-07-19T12:00:07+0200,0122f339-e99c-4669-a7fd-e7d31a0b8b3d,2026-07-08T01:30:00Z,2026-07-08T03:30:00+0200,39600.0,MW,FR,FR,forecast_load,Forecasted Load,2026-07-19T10:02:06Z
2026-07-19T10:00:07Z,2026-07-19T12:00:07+0200,0122f339-e99c-4669-a7fd-e7d31a0b8b3d,2026-07-08T01:45:00Z,2026-07-08T03:45:00+0200,39400.0,MW,FR,FR,forecast_load,Forecasted Load,2026-07-19T10:02:06Z
2026-07-19T10:00:07Z,2026-07-19T12:00:07+0200,0122f339-e99c-4669-a7fd-e7d31a0b8b3d,2026-07-08T02:00:00Z,2026-07-08T04:00:00+0200,39200.0,MW,FR,FR,forecast_load,Forecasted Load,2026-07-19T10:02:06Z
2026-07-19T10:00:07Z,2026-07-19T12:00:07+0200,0122f339-e99c-4669-a7fd-e7d31a0b8b3d,2026-07-08T02:15:00Z,2026-07-08T04:15:00+0200,39250.0,MW,FR,FR,forecast_load,Forecasted Load,2026-07-19T10:02:06Z
2026-07-19T10:00:07Z,2026-07-19T12:00:07+0200,0122f339-e99c-4669-a7fd-e7d31a0b8b3d,2026-07-08T02:30:00Z,2026-07-08T04:30:00+0200,39300.0,MW,FR,FR,forecast_load,Forecasted Load,2026-07-19T10:02:06Z
2026-07-19T10:00:07Z,2026-07-19T12:00:07+0200,0122f339-e99c-4669-a7fd-e7d31a0b8b3d,2026-07-08T02:45:00Z,2026-07-08T04:45:00+0200,39500.0,MW,FR,FR,forecast_load,Forecasted Load,2026-07-19T10:02:06Z
2026-07-19T10:00:07Z,2026-07-19T12:00:07+0200,0122f339-e99c-4669-a7fd-e7d31a0b8b3d,2026-07-08T03:00:00Z,2026-07-08T05:00:00+0200,39700.0,MW,FR,FR,forecast_load,Forecasted Load,2026-07-19T10:02:06Z
2026-07-19T10:00:07Z,2026-07-19T12:00:07+0200,0122f339-e99c-4669-a7fd-e7d31a0b8b3d,2026-07-08T03:15:00Z,2026-07-08T05:15:00+0200,40100.0,MW,FR,FR,forecast_load,Forecasted Load,2026-07-19T10:02:06Z
2026-07-19T10:00:07Z,2026-07-19T12:00:07+0200,0122f339-e99c-4669-a7fd-e7d31a0b8b3d,2026-07-08T03:30:00Z,2026-07-08T05:30:00+0200,40500.0,MW,FR,FR,forecast_load,Forecasted Load,2026-07-19T10:02:06Z
2026-07-19T10:00:07Z,2026-07-19T12:00:07+0200,0122f339-e99c-4669-a7fd-e7d31a0b8b3d,2026-07-08T03:45:00Z,2026-07-08T05:45:00+0200,40950.0,MW,FR,FR,forecast_load,Forecasted Load,2026-07-19T10:02:06Z
2026-07-19T10:00:07Z,2026-07-19T12:00:07+0200,0122f339-e99c-4669-a7fd-e7d31a0b8b3d,2026-07-08T04:00:00Z,2026-07-08T06:00:00+0200,41400.0,MW,FR,FR,forecast_load,Forecasted Load,2026-07-19T10:02:06Z
2026-07-19T10:00:07Z,2026-07-19T12:00:07+0200,0122f339-e99c-4669-a7fd-e7d31a0b8b3d,2026-07-08T04:15:00Z,2026-07-08T06:15:00+0200,42100.0,MW,FR,FR,forecast_load,Forecasted Load,2026-07-19T10:02:06Z
2026-07-19T10:00:07Z,2026-07-19T12:00:07+0200,0122f339-e99c-4669-a7fd-e7d31a0b8b3d,2026-07-08T04:30:00Z,2026-07-08T06:30:00+0200,42800.0,MW,FR,FR,forecast_load,Forecasted Load,2026-07-19T10:02:06Z
2026-07-19T10:00:07Z,2026-07-19T12:00:07+0200,0122f339-e99c-4669-a7fd-e7d31a0b8b3d,2026-07-08T04:45:00Z,2026-07-08T06:45:00+0200,43500.0,MW,FR,FR,forecast_load,Forecasted Load,2026-07-19T10:02:06Z
2026-07-19T10:00:07Z,2026-07-19T12:00:07+0200,0122f339-e99c-4669-a7fd-e7d31a0b8b3d,2026-07-08T05:00:00Z,2026-07-08T07:00:00+0200,44200.0,MW,FR,FR,forecast_load,Forecasted Load,2026-07-19T10:02:06Z
2026-07-19T10:00:07Z,2026-07-19T12:00:07+0200,0122f339-e99c-4669-a7fd-e7d31a0b8b3d,2026-07-08T05:15:00Z,2026-07-08T07:15:00+0200,44900.0,MW,FR,FR,forecast_load,Forecasted Load,2026-07-19T10:02:06Z
2026-07-19T10:00:07Z,2026-07-19T12:00:07+0200,0122f339-e99c-4669-a7fd-e7d31a0b8b3d,2026-07-08T05:30:00Z,2026-07-08T07:30:00+0200,45600.0,MW,FR,FR,forecast_load,Forecasted Load,2026-07-19T10:02:06Z
2026-07-19T10:00:07Z,2026-07-19T12:00:07+0200,0122f339-e99c-4669-a7fd-e7d31a0b8b3d,2026-07-08T05:45:00Z,2026-07-08T07:45:00+0200,46350.0,MW,FR,FR,forecast_load,Forecasted Load,2026-07-19T10:02:06Z
2026-07-19T10:00:07Z,2026-07-19T12:00:07+0200,0122f339-e99c-4669-a7fd-e7d31a0b8b3d,2026-07-08T06:00:00Z,2026-07-08T08:00:00+0200,47100.0,MW,FR,FR,forecast_load,Forecasted Load,2026-07-19T10:02:06Z
2026-07-19T10:00:07Z,2026-07-19T12:00:07+0200,0122f339-e99c-4669-a7fd-e7d31a0b8b3d,2026-07-08T06:15:00Z,2026-07-08T08:15:00+0200,47750.0,MW,FR,FR,forecast_load,Forecasted Load,2026-07-19T10:02:06Z
2026-07-19T10:00:07Z,2026-07-19T12:00:07+0200,0122f339-e99c-4669-a7fd-e7d31a0b8b3d,2026-07-08T06:30:00Z,2026-07-08T08:30:00+0200,48400.0,MW,FR,FR,forecast_load,Forecasted Load,2026-07-19T10:02:06Z
2026-07-19T10:00:07Z,2026-07-19T12:00:07+0200,0122f339-e99c-4669-a7fd-e7d31a0b8b3d,2026-07-08T06:45:00Z,2026-07-08T08:45:00+0200,49050.0,MW,FR,FR,forecast_load,Forecasted Load,2026-07-19T10:02:06Z
2026-07-19T10:00:07Z,2026-07-19T12:00:07+0200,0122f339-e99c-4669-a7fd-e7d31a0b8b3d,2026-07-08T07:00:00Z,2026-07-08T09:00:00+0200,49700.0,MW,FR,FR,forecast_load,Forecasted Load,2026-07-19T10:02:06Z
2026-07-19T10:00:07Z,2026-07-19T12:00:07+0200,0122f339-e99c-4669-a7fd-e7d31a0b8b3d,2026-07-08T07:15:00Z,2026-07-08T09:15:00+0200,50100.0,MW,FR,FR,forecast_load,Forecasted Load,2026-07-19T10:02:06Z
2026-07-19T10:00:07Z,2026-07-19T12:00:07+0200,0122f339-e99c-4669-a7fd-e7d31a0b8b3d,2026-07-08T07:30:00Z,2026-07-08T09:30:00+0200,50500.0,MW,FR,FR,forecast_load,Forecasted Load,2026-07-19T10:02:06Z
2026-07-19T10:00:07Z,2026-07-19T12:00:07+0200,0122f339-e99c-4669-a7fd-e7d31a0b8b3d,2026-07-08T07:45:00Z,2026-07-08T09:45:00+0200,51000.0,MW,FR,FR,forecast_load,Forecasted Load,2026-07-19T10:02:06Z
2026-07-19T10:00:07Z,2026-07-19T12:00:07+0200,0122f339-e99c-4669-a7fd-e7d31a0b8b3d,2026-07-08T08:00:00Z,2026-07-08T10:00:00+0200,51500.0,MW,FR,FR,forecast_load,Forecasted Load,2026-07-19T10:02:06Z
2026-07-19T10:00:07Z,2026-07-19T12:00:07+0200,0122f339-e99c-4669-a7fd-e7d31a0b8b3d,2026-07-08T08:15:00Z,2026-07-08T10:15:00+0200,51900.0,MW,FR,FR,forecast_load,Forecasted Load,2026-07-19T10:02:06Z
2026-07-19T10:00:07Z,2026-07-19T12:00:07+0200,0122f339-e99c-4669-a7fd-e7d31a0b8b3d,2026-07-08T08:30:00Z,2026-07-08T10:30:00+0200,52300.0,MW,FR,FR,forecast_load,Forecasted Load,2026-07-19T10:02:06Z
2026-07-19T10:00:07Z,2026-07-19T12:00:07+0200,0122f339-e99c-4669-a7fd-e7d31a0b8b3d,2026-07-08T08:45:00Z,2026-07-08T10:45:00+0200,52750.0,MW,FR,FR,forecast_load,Forecasted Load,2026-07-19T10:02:06Z
2026-07-19T10:00:07Z,2026-07-19T12:00:07+0200,0122f339-e99c-4669-a7fd-e7d31a0b8b3d,2026-07-08T09:00:00Z,2026-07-08T11:00:00+0200,53200.0,MW,FR,FR,forecast_load,Forecasted Load,2026-07-19T10:02:06Z
2026-07-19T10:00:07Z,2026-07-19T12:00:07+0200,0122f339-e99c-4669-a7fd-e7d31a0b8b3d,2026-07-08T09:15:00Z,2026-07-08T11:15:00+0200,53700.0,MW,FR,FR,forecast_load,Forecasted Load,2026-07-19T10:02:06Z
2026-07-19T10:00:07Z,2026-07-19T12:00:07+0200,0122f339-e99c-4669-a7fd-e7d31a0b8b3d,2026-07-08T09:30:00Z,2026-07-08T11:30:00+0200,54200.0,MW,FR,FR,forecast_load,Forecasted Load,2026-07-19T10:02:06Z
2026-07-19T10:00:07Z,2026-07-19T12:00:07+0200,0122f339-e99c-4669-a7fd-e7d31a0b8b3d,2026-07-08T09:45:00Z,2026-07-08T11:45:00+0200,54600.0,MW,FR,FR,forecast_load,Forecasted Load,2026-07-19T10:02:06Z
2026-07-19T10:00:07Z,2026-07-19T12:00:07+0200,0122f339-e99c-4669-a7fd-e7d31a0b8b3d,2026-07-08T10:00:00Z,2026-07-08T12:00:00+0200,55000.0,MW,FR,FR,forecast_load,Forecasted Load,2026-07-19T10:02:06Z
2026-07-19T10:00:07Z,2026-07-19T12:00:07+0200,0122f339-e99c-4669-a7fd-e7d31a0b8b3d,2026-07-08T10:15:00Z,2026-07-08T12:15:00+0200,54900.0,MW,FR,FR,forecast_load,Forecasted Load,2026-07-19T10:02:06Z
2026-07-19T10:00:07Z,2026-07-19T12:00:07+0200,0122f339-e99c-4669-a7fd-e7d31a0b8b3d,2026-07-08T10:30:00Z,2026-07-08T12:30:00+0200,54800.0,MW,FR,FR,forecast_load,Forecasted Load,2026-07-19T10:02:06Z
2026-07-19T10:00:07Z,2026-07-19T12:00:07+0200,0122f339-e99c-4669-a7fd-e7d31a0b8b3d,2026-07-08T10:45:00Z,2026-07-08T12:45:00+0200,55300.0,MW,FR,FR,forecast_load,Forecasted Load,2026-07-19T10:02:06Z
2026-07-19T10:00:07Z,2026-07-19T12:00:07+0200,0122f339-e99c-4669-a7fd-e7d31a0b8b3d,2026-07-08T11:00:00Z,2026-07-08T13:00:00+0200,55800.0,MW,FR,FR,forecast_load,Forecasted Load,2026-07-19T10:02:06Z
2026-07-19T10:00:07Z,2026-07-19T12:00:07+0200,0122f339-e99c-4669-a7fd-e7d31a0b8b3d,2026-07-08T11:15:00Z,2026-07-08T13:15:00+0200,55350.0,MW,FR,FR,forecast_load,Forecasted Load,2026-07-19T10:02:06Z
2026-07-19T10:00:07Z,2026-07-19T12:00:07+0200,0122f339-e99c-4669-a7fd-e7d31a0b8b3d,2026-07-08T11:30:00Z,2026-07-08T13:30:00+0200,54900.0,MW,FR,FR,forecast_load,Forecasted Load,2026-07-19T10:02:06Z
2026-07-19T10:00:07Z,2026-07-19T12:00:07+0200,0122f339-e99c-4669-a7fd-e7d31a0b8b3d,2026-07-08T11:45:00Z,2026-07-08T13:45:00+0200,54700.0,MW,FR,FR,forecast_load,Forecasted Load,2026-07-19T10:02:06Z
2026-07-19T10:00:07Z,2026-07-19T12:00:07+0200,0122f339-e99c-4669-a7fd-e7d31a0b8b3d,2026-07-08T12:00:00Z,2026-07-08T14:00:00+0200,54500.0,MW,FR,FR,forecast_load,Forecasted Load,2026-07-19T10:02:06Z
2026-07-19T10:00:07Z,2026-07-19T12:00:07+0200,0122f339-e99c-4669-a7fd-e7d31a0b8b3d,2026-07-08T12:15:00Z,2026-07-08T14:15:00+0200,55500.0,MW,FR,FR,forecast_load,Forecasted Load,2026-07-19T10:02:06Z
2026-07-19T10:00:07Z,2026-07-19T12:00:07+0200,0122f339-e99c-4669-a7fd-e7d31a0b8b3d,2026-07-08T12:30:00Z,2026-07-08T14:30:00+0200,56500.0,MW,FR,FR,forecast_load,Forecasted Load,2026-07-19T10:02:06Z
2026-07-19T10:00:07Z,2026-07-19T12:00:07+0200,0122f339-e99c-4669-a7fd-e7d31a0b8b3d,2026-07-08T12:45:00Z,2026-07-08T14:45:00+0200,56250.0,MW,FR,FR,forecast_load,Forecasted Load,2026-07-19T10:02:06Z
2026-07-19T10:00:07Z,2026-07-19T12:00:07+0200,0122f339-e99c-4669-a7fd-e7d31a0b8b3d,2026-07-08T13:00:00Z,2026-07-08T15:00:00+0200,56000.0,MW,FR,FR,forecast_load,Forecasted Load,2026-07-19T10:02:06Z
2026-07-19T10:00:07Z,2026-07-19T12:00:07+0200,0122f339-e99c-4669-a7fd-e7d31a0b8b3d,2026-07-08T13:15:00Z,2026-07-08T15:15:00+0200,55700.0,MW,FR,FR,forecast_load,Forecasted Load,2026-07-19T10:02:06Z
2026-07-19T10:00:07Z,2026-07-19T12:00:07+0200,0122f339-e99c-4669-a7fd-e7d31a0b8b3d,2026-07-08T13:30:00Z,2026-07-08T15:30:00+0200,55400.0,MW,FR,FR,forecast_load,Forecasted Load,2026-07-19T10:02:06Z
2026-07-19T10:00:07Z,2026-07-19T12:00:07+0200,0122f339-e99c-4669-a7fd-e7d31a0b8b3d,2026-07-08T13:45:00Z,2026-07-08T15:45:00+0200,55000.0,MW,FR,FR,forecast_load,Forecasted Load,2026-07-19T10:02:06Z
2026-07-19T10:00:07Z,2026-07-19T12:00:07+0200,0122f339-e99c-4669-a7fd-e7d31a0b8b3d,2026-07-08T14:00:00Z,2026-07-08T16:00:00+0200,54600.0,MW,FR,FR,forecast_load,Forecasted Load,2026-07-19T10:02:06Z
2026-07-19T10:00:07Z,2026-07-19T12:00:07+0200,0122f339-e99c-4669-a7fd-e7d31a0b8b3d,2026-07-08T14:15:00Z,2026-07-08T16:15:00+0200,54350.0,MW,FR,FR,forecast_load,Forecasted Load,2026-07-19T10:02:06Z
2026-07-19T10:00:07Z,2026-07-19T12:00:07+0200,0122f339-e99c-4669-a7fd-e7d31a0b8b3d,2026-07-08T14:30:00Z,2026-07-08T16:30:00+0200,54100.0,MW,FR,FR,forecast_load,Forecasted Load,2026-07-19T10:02:06Z
2026-07-19T10:00:07Z,2026-07-19T12:00:07+0200,0122f339-e99c-4669-a7fd-e7d31a0b8b3d,2026-07-08T14:45:00Z,2026-07-08T16:45:00+0200,53950.0,MW,FR,FR,forecast_load,Forecasted Load,2026-07-19T10:02:06Z
2026-07-19T10:00:07Z,2026-07-19T12:00:07+0200,0122f339-e99c-4669-a7fd-e7d31a0b8b3d,2026-07-08T15:00:00Z,2026-07-08T17:00:00+0200,53800.0,MW,FR,FR,forecast_load,Forecasted Load,2026-07-19T10:02:06Z
2026-07-19T10:00:07Z,2026-07-19T12:00:07+0200,0122f339-e99c-4669-a7fd-e7d31a0b8b3d,2026-07-08T15:15:00Z,2026-07-08T17:15:00+0200,54000.0,MW,FR,FR,forecast_load,Forecasted Load,2026-07-19T10:02:06Z
2026-07-19T10:00:07Z,2026-07-19T12:00:07+0200,0122f339-e99c-4669-a7fd-e7d31a0b8b3d,2026-07-08T15:30:00Z,2026-07-08T17:30:00+0200,54200.0,MW,FR,FR,forecast_load,Forecasted Load,2026-07-19T10:02:06Z
2026-07-19T10:00:07Z,2026-07-19T12:00:07+0200,0122f339-e99c-4669-a7fd-e7d31a0b8b3d,2026-07-08T15:45:00Z,2026-07-08T17:45:00+0200,54400.0,MW,FR,FR,forecast_load,Forecasted Load,2026-07-19T10:02:06Z
2026-07-19T10:00:07Z,2026-07-19T12:00:07+0200,0122f339-e99c-4669-a7fd-e7d31a0b8b3d,2026-07-08T16:00:00Z,2026-07-08T18:00:00+0200,54600.0,MW,FR,FR,forecast_load,Forecasted Load,2026-07-19T10:02:06Z
2026-07-19T10:00:07Z,2026-07-19T12:00:07+0200,0122f339-e99c-4669-a7fd-e7d31a0b8b3d,2026-07-08T16:15:00Z,2026-07-08T18:15:00+0200,54850.0,MW,FR,FR,forecast_load,Forecasted Load,2026-07-19T10:02:06Z
2026-07-19T10:00:07Z,2026-07-19T12:00:07+0200,0122f339-e99c-4669-a7fd-e7d31a0b8b3d,2026-07-08T16:30:00Z,2026-07-08T18:30:00+0200,55100.0,MW,FR,FR,forecast_load,Forecasted Load,2026-07-19T10:02:06Z
2026-07-19T10:00:07Z,2026-07-19T12:00:07+0200,0122f339-e99c-4669-a7fd-e7d31a0b8b3d,2026-07-08T16:45:00Z,2026-07-08T18:45:00+0200,55400.0,MW,FR,FR,forecast_load,Forecasted Load,2026-07-19T10:02:06Z
2026-07-19T10:00:07Z,2026-07-19T12:00:07+0200,0122f339-e99c-4669-a7fd-e7d31a0b8b3d,2026-07-08T17:00:00Z,2026-07-08T19:00:00+0200,55700.0,MW,FR,FR,forecast_load,Forecasted Load,2026-07-19T10:02:06Z
2026-07-19T10:00:07Z,2026-07-19T12:00:07+0200,0122f339-e99c-4669-a7fd-e7d31a0b8b3d,2026-07-08T17:15:00Z,2026-07-08T19:15:00+0200,55500.0,MW,FR,FR,forecast_load,Forecasted Load,2026-07-19T10:02:06Z
2026-07-19T10:00:07Z,2026-07-19T12:00:07+0200,0122f339-e99c-4669-a7fd-e7d31a0b8b3d,2026-07-08T17:30:00Z,2026-07-08T19:30:00+0200,55300.0,MW,FR,FR,forecast_load,Forecasted Load,2026-07-19T10:02:06Z
2026-07-19T10:00:07Z,2026-07-19T12:00:07+0200,0122f339-e99c-4669-a7fd-e7d31a0b8b3d,2026-07-08T17:45:00Z,2026-07-08T19:45:00+0200,55100.0,MW,FR,FR,forecast_load,Forecasted Load,2026-07-19T10:02:06Z
2026-07-19T10:00:07Z,2026-07-19T12:00:07+0200,0122f339-e99c-4669-a7fd-e7d31a0b8b3d,2026-07-08T18:00:00Z,2026-07-08T20:00:00+0200,54900.0,MW,FR,FR,forecast_load,Forecasted Load,2026-07-19T10:02:06Z
2026-07-19T10:00:07Z,2026-07-19T12:00:07+0200,0122f339-e99c-4669-a7fd-e7d31a0b8b3d,2026-07-08T18:15:00Z,2026-07-08T20:15:00+0200,54100.0,MW,FR,FR,forecast_load,Forecasted Load,2026-07-19T10:02:06Z
2026-07-19T10:00:07Z,2026-07-19T12:00:07+0200,0122f339-e99c-4669-a7fd-e7d31a0b8b3d,2026-07-08T18:30:00Z,2026-07-08T20:30:00+0200,53300.0,MW,FR,FR,forecast_load,Forecasted Load,2026-07-19T10:02:06Z
2026-07-19T10:00:07Z,2026-07-19T12:00:07+0200,0122f339-e99c-4669-a7fd-e7d31a0b8b3d,2026-07-08T18:45:00Z,2026-07-08T20:45:00+0200,52750.0,MW,FR,FR,forecast_load,Forecasted Load,2026-07-19T10:02:06Z
2026-07-19T10:00:07Z,2026-07-19T12:00:07+0200,0122f339-e99c-4669-a7fd-e7d31a0b8b3d,2026-07-08T19:00:00Z,2026-07-08T21:00:00+0200,52200.0,MW,FR,FR,forecast_load,Forecasted Load,2026-07-19T10:02:06Z
2026-07-19T10:00:07Z,2026-07-19T12:00:07+0200,0122f339-e99c-4669-a7fd-e7d31a0b8b3d,2026-07-08T19:15:00Z,2026-07-08T21:15:00+0200,51800.0,MW,FR,FR,forecast_load,Forecasted Load,2026-07-19T10:02:06Z
2026-07-19T10:00:07Z,2026-07-19T12:00:07+0200,0122f339-e99c-4669-a7fd-e7d31a0b8b3d,2026-07-08T19:30:00Z,2026-07-08T21:30:00+0200,51400.0,MW,FR,FR,forecast_load,Forecasted Load,2026-07-19T10:02:06Z
2026-07-19T10:00:07Z,2026-07-19T12:00:07+0200,0122f339-e99c-4669-a7fd-e7d31a0b8b3d,2026-07-08T19:45:00Z,2026-07-08T21:45:00+0200,51100.0,MW,FR,FR,forecast_load,Forecasted Load,2026-07-19T10:02:06Z
2026-07-19T10:00:07Z,2026-07-19T12:00:07+0200,0122f339-e99c-4669-a7fd-e7d31a0b8b3d,2026-07-08T20:00:00Z,2026-07-08T22:00:00+0200,50800.0,MW,FR,FR,forecast_load,Forecasted Load,2026-07-19T10:02:06Z
2026-07-19T10:00:07Z,2026-07-19T12:00:07+0200,0122f339-e99c-4669-a7fd-e7d31a0b8b3d,2026-07-08T20:15:00Z,2026-07-08T22:15:00+0200,51650.0,MW,FR,FR,forecast_load,Forecasted Load,2026-07-19T10:02:06Z
2026-07-19T10:00:07Z,2026-07-19T12:00:07+0200,0122f339-e99c-4669-a7fd-e7d31a0b8b3d,2026-07-08T20:30:00Z,2026-07-08T22:30:00+0200,52500.0,MW,FR,FR,forecast_load,Forecasted Load,2026-07-19T10:02:06Z
2026-07-19T10:00:07Z,2026-07-19T12:00:07+0200,0122f339-e99c-4669-a7fd-e7d31a0b8b3d,2026-07-08T20:45:00Z,2026-07-08T22:45:00+0200,53000.0,MW,FR,FR,forecast_load,Forecasted Load,2026-07-19T10:02:06Z
2026-07-19T10:00:07Z,2026-07-19T12:00:07+0200,0122f339-e99c-4669-a7fd-e7d31a0b8b3d,2026-07-08T21:00:00Z,2026-07-08T23:00:00+0200,53500.0,MW,FR,FR,forecast_load,Forecasted Load,2026-07-19T10:02:06Z
2026-07-19T10:00:07Z,2026-07-19T12:00:07+0200,0122f339-e99c-4669-a7fd-e7d31a0b8b3d,2026-07-08T21:15:00Z,2026-07-08T23:15:00+0200,52300.0,MW,FR,FR,forecast_load,Forecasted Load,2026-07-19T10:02:06Z
2026-07-19T10:00:07Z,2026-07-19T12:00:07+0200,0122f339-e99c-4669-a7fd-e7d31a0b8b3d,2026-07-08T21:30:00Z,2026-07-08T23:30:00+0200,51100.0,MW,FR,FR,forecast_load,Forecasted Load,2026-07-19T10:02:06Z
2026-07-19T10:00:07Z,2026-07-19T12:00:07+0200,0122f339-e99c-4669-a7fd-e7d31a0b8b3d,2026-07-08T21:45:00Z,2026-07-08T23:45:00+0200,50050.0,MW,FR,FR,forecast_load,Forecasted Load,2026-07-19T10:02:06Z
2026-07-19T10:00:07Z,2026-07-19T12:00:07+0200,0122f339-e99c-4669-a7fd-e7d31a0b8b3d,2026-07-08T22:00:00Z,2026-07-09T00:00:00+0200,49000.0,MW,FR,FR,forecast_load,Forecasted Load,2026-07-19T10:02:06Z
2026-07-19T10:00:07Z,2026-07-19T12:00:07+0200,0122f339-e99c-4669-a7fd-e7d31a0b8b3d,2026-07-08T22:15:00Z,2026-07-09T00:15:00+0200,47800.0,MW,FR,FR,forecast_load,Forecasted Load,2026-07-19T10:02:06Z
2026-07-19T10:00:07Z,2026-07-19T12:00:07+0200,0122f339-e99c-4669-a7fd-e7d31a0b8b3d,2026-07-08T22:30:00Z,2026-07-09T00:30:00+0200,46600.0,MW,FR,FR,forecast_load,Forecasted Load,2026-07-19T10:02:06Z
2026-07-19T10:00:07Z,2026-07-19T12:00:07+0200,0122f339-e99c-4669-a7fd-e7d31a0b8b3d,2026-07-08T22:45:00Z,2026-07-09T00:45:00+0200,45950.0,MW,FR,FR,forecast_load,Forecasted Load,2026-07-19T10:02:06Z
2026-07-19T10:00:07Z,2026-07-19T12:00:07+0200,0122f339-e99c-4669-a7fd-e7d31a0b8b3d,2026-07-08T23:00:00Z,2026-07-09T01:00:00+0200,45300.0,MW,FR,FR,forecast_load,Forecasted Load,2026-07-19T10:02:06Z
2026-07-19T10:00:07Z,2026-07-19T12:00:07+0200,0122f339-e99c-4669-a7fd-e7d31a0b8b3d,2026-07-08T23:15:00Z,2026-07-09T01:15:00+0200,45650.0,MW,FR,FR,forecast_load,Forecasted Load,2026-07-19T10:02:06Z
2026-07-19T10:00:07Z,2026-07-19T12:00:07+0200,0122f339-e99c-4669-a7fd-e7d31a0b8b3d,2026-07-08T23:30:00Z,2026-07-09T01:30:00+0200,46000.0,MW,FR,FR,forecast_load,Forecasted Load,2026-07-19T10:02:06Z
2026-07-19T10:00:07Z,2026-07-19T12:00:07+0200,0122f339-e99c-4669-a7fd-e7d31a0b8b3d,2026-07-08T23:45:00Z,2026-07-09T01:45:00+0200,45700.0,MW,FR,FR,forecast_load,Forecasted Load,2026-07-19T10:02:06Z
2026-07-19T10:00:07Z,2026-07-19T12:00:07+0200,0122f339-e99c-4669-a7fd-e7d31a0b8b3d,2026-07-09T00:00:00Z,2026-07-09T02:00:00+0200,45400.0,MW,FR,FR,forecast_load,Forecasted Load,2026-07-19T10:02:06Z
2026-07-19T10:00:07Z,2026-07-19T12:00:07+0200,0122f339-e99c-4669-a7fd-e7d31a0b8b3d,2026-07-09T00:15:00Z,2026-07-09T02:15:00+0200,44000.0,MW,FR,FR,forecast_load,Forecasted Load,2026-07-19T10:02:06Z
2026-07-19T10:00:07Z,2026-07-19T12:00:07+0200,0122f339-e99c-4669-a7fd-e7d31a0b8b3d,2026-07-09T00:30:00Z,2026-07-09T02:30:00+0200,42600.0,MW,FR,FR,forecast_load,Forecasted Load,2026-07-19T10:02:06Z
2026-07-19T10:00:07Z,2026-07-19T12:00:07+0200,0122f339-e99c-4669-a7fd-e7d31a0b8b3d,2026-07-09T00:45:00Z,2026-07-09T02:45:00+0200,41800.0,MW,FR,FR,forecast_load,Forecasted Load,2026-07-19T10:02:06Z
2026-07-19T10:00:07Z,2026-07-19T12:00:07+0200,0122f339-e99c-4669-a7fd-e7d31a0b8b3d,2026-07-09T01:00:00Z,2026-07-09T03:00:00+0200,41000.0,MW,FR,FR,forecast_load,Forecasted Load,2026-07-19T10:02:06Z
2026-07-19T10:00:07Z,2026-07-19T12:00:07+0200,0122f339-e99c-4669-a7fd-e7d31a0b8b3d,2026-07-09T01:15:00Z,2026-07-09T03:15:00+0200,40600.0,MW,FR,FR,forecast_load,Forecasted Load,2026-07-19T10:02:06Z
2026-07-19T10:00:07Z,2026-07-19T12:00:07+0200,0122f339-e99c-4669-a7fd-e7d31a0b8b3d,2026-07-09T01:30:00Z,2026-07-09T03:30:00+0200,40200.0,MW,FR,FR,forecast_load,Forecasted Load,2026-07-19T10:02:06Z
2026-07-19T10:00:07Z,2026-07-19T12:00:07+0200,0122f339-e99c-4669-a7fd-e7d31a0b8b3d,2026-07-09T01:45:00Z,2026-07-09T03:45:00+0200,40000.0,MW,FR,FR,forecast_load,Forecasted Load,2026-07-19T10:02:06Z
2026-07-19T10:00:07Z,2026-07-19T12:00:07+0200,0122f339-e99c-4669-a7fd-e7d31a0b8b3d,2026-07-09T02:00:00Z,2026-07-09T04:00:00+0200,39800.0,MW,FR,FR,forecast_load,Forecasted Load,2026-07-19T10:02:06Z
2026-07-19T10:00:07Z,2026-07-19T12:00:07+0200,0122f339-e99c-4669-a7fd-e7d31a0b8b3d,2026-07-09T02:15:00Z,2026-07-09T04:15:00+0200,39800.0,MW,FR,FR,forecast_load,Forecasted Load,2026-07-19T10:02:06Z
2026-07-19T10:00:07Z,2026-07-19T12:00:07+0200,0122f339-e99c-4669-a7fd-e7d31a0b8b3d,2026-07-09T02:30:00Z,2026-07-09T04:30:00+0200,39800.0,MW,FR,FR,forecast_load,Forecasted Load,2026-07-19T10:02:06Z
2026-07-19T10:00:07Z,2026-07-19T12:00:07+0200,0122f339-e99c-4669-a7fd-e7d31a0b8b3d,2026-07-09T02:45:00Z,2026-07-09T04:45:00+0200,39950.0,MW,FR,FR,forecast_load,Forecasted Load,2026-07-19T10:02:06Z
2026-07-19T10:00:07Z,2026-07-19T12:00:07+0200,0122f339-e99c-4669-a7fd-e7d31a0b8b3d,2026-07-09T03:00:00Z,2026-07-09T05:00:00+0200,40100.0,MW,FR,FR,forecast_load,Forecasted Load,2026-07-19T10:02:06Z
2026-07-19T10:00:07Z,2026-07-19T12:00:07+0200,0122f339-e99c-4669-a7fd-e7d31a0b8b3d,2026-07-09T03:15:00Z,2026-07-09T05:15:00+0200,40600.0,MW,FR,FR,forecast_load,Forecasted Load,2026-07-19T10:02:06Z
2026-07-19T10:00:07Z,2026-07-19T12:00:07+0200,0122f339-e99c-4669-a7fd-e7d31a0b8b3d,2026-07-09T03:30:00Z,2026-07-09T05:30:00+0200,41100.0,MW,FR,FR,forecast_load,Forecasted Load,2026-07-19T10:02:06Z
2026-07-19T10:00:07Z,2026-07-19T12:00:07+0200,0122f339-e99c-4669-a7fd-e7d31a0b8b3d,2026-07-09T03:45:00Z,2026-07-09T05:45:00+0200,41550.0,MW,FR,FR,forecast_load,Forecasted Load,2026-07-19T10:02:06Z
2026-07-19T10:00:07Z,2026-07-19T12:00:07+0200,0122f339-e99c-4669-a7fd-e7d31a0b8b3d,2026-07-09T04:00:00Z,2026-07-09T06:00:00+0200,42000.0,MW,FR,FR,forecast_load,Forecasted Load,2026-07-19T10:02:06Z
2026-07-19T10:00:07Z,2026-07-19T12:00:07+0200,0122f339-e99c-4669-a7fd-e7d31a0b8b3d,2026-07-09T04:15:00Z,2026-07-09T06:15:00+0200,42850.0,MW,FR,FR,forecast_load,Forecasted Load,2026-07-19T10:02:06Z
2026-07-19T10:00:07Z,2026-07-19T12:00:07+0200,0122f339-e99c-4669-a7fd-e7d31a0b8b3d,2026-07-09T04:30:00Z,2026-07-09T06:30:00+0200,43700.0,MW,FR,FR,forecast_load,Forecasted Load,2026-07-19T10:02:06Z
2026-07-19T10:00:07Z,2026-07-19T12:00:07+0200,0122f339-e99c-4669-a7fd-e7d31a0b8b3d,2026-07-09T04:45:00Z,2026-07-09T06:45:00+0200,44350.0,MW,FR,FR,forecast_load,Forecasted Load,2026-07-19T10:02:06Z
2026-07-19T10:00:07Z,2026-07-19T12:00:07+0200,0122f339-e99c-4669-a7fd-e7d31a0b8b3d,2026-07-09T05:00:00Z,2026-07-09T07:00:00+0200,45000.0,MW,FR,FR,forecast_load,Forecasted Load,2026-07-19T10:02:06Z
2026-07-19T10:00:07Z,2026-07-19T12:00:07+0200,0122f339-e99c-4669-a7fd-e7d31a0b8b3d,2026-07-09T05:15:00Z,2026-07-09T07:15:00+0200,45650.0,MW,FR,FR,forecast_load,Forecasted Load,2026-07-19T10:02:06Z
2026-07-19T10:00:07Z,2026-07-19T12:00:07+0200,0122f339-e99c-4669-a7fd-e7d31a0b8b3d,2026-07-09T05:30:00Z,2026-07-09T07:30:00+0200,46300.0,MW,FR,FR,forecast_load,Forecasted Load,2026-07-19T10:02:06Z
2026-07-19T10:00:07Z,2026-07-19T12:00:07+0200,0122f339-e99c-4669-a7fd-e7d31a0b8b3d,2026-07-09T05:45:00Z,2026-07-09T07:45:00+0200,47050.0,MW,FR,FR,forecast_load,Forecasted Load,2026-07-19T10:02:06Z
2026-07-19T10:00:07Z,2026-07-19T12:00:07+0200,0122f339-e99c-4669-a7fd-e7d31a0b8b3d,2026-07-09T06:00:00Z,2026-07-09T08:00:00+0200,47800.0,MW,FR,FR,forecast_load,Forecasted Load,2026-07-19T10:02:06Z
2026-07-19T10:00:07Z,2026-07-19T12:00:07+0200,0122f339-e99c-4669-a7fd-e7d31a0b8b3d,2026-07-09T06:15:00Z,2026-07-09T08:15:00+0200,48400.0,MW,FR,FR,forecast_load,Forecasted Load,2026-07-19T10:02:06Z
2026-07-19T10:00:07Z,2026-07-19T12:00:07+0200,0122f339-e99c-4669-a7fd-e7d31a0b8b3d,2026-07-09T06:30:00Z,2026-07-09T08:30:00+0200,49000.0,MW,FR,FR,forecast_load,Forecasted Load,2026-07-19T10:02:06Z
2026-07-19T10:00:07Z,2026-07-19T12:00:07+0200,0122f339-e99c-4669-a7fd-e7d31a0b8b3d,2026-07-09T06:45:00Z,2026-07-09T08:45:00+0200,49650.0,MW,FR,FR,forecast_load,Forecasted Load,2026-07-19T10:02:06Z
2026-07-19T10:00:07Z,2026-07-19T12:00:07+0200,0122f339-e99c-4669-a7fd-e7d31a0b8b3d,2026-07-09T07:00:00Z,2026-07-09T09:00:00+0200,50300.0,MW,FR,FR,forecast_load,Forecasted Load,2026-07-19T10:02:06Z
2026-07-19T10:00:07Z,2026-07-19T12:00:07+0200,0122f339-e99c-4669-a7fd-e7d31a0b8b3d,2026-07-09T07:15:00Z,2026-07-09T09:15:00+0200,50750.0,MW,FR,FR,forecast_load,Forecasted Load,2026-07-19T10:02:06Z
2026-07-19T10:00:07Z,2026-07-19T12:00:07+0200,0122f339-e99c-4669-a7fd-e7d31a0b8b3d,2026-07-09T07:30:00Z,2026-07-09T09:30:00+0200,51200.0,MW,FR,FR,forecast_load,Forecasted Load,2026-07-19T10:02:06Z
2026-07-19T10:00:07Z,2026-07-19T12:00:07+0200,0122f339-e99c-4669-a7fd-e7d31a0b8b3d,2026-07-09T07:45:00Z,2026-07-09T09:45:00+0200,51600.0,MW,FR,FR,forecast_load,Forecasted Load,2026-07-19T10:02:06Z
2026-07-19T10:00:07Z,2026-07-19T12:00:07+0200,0122f339-e99c-4669-a7fd-e7d31a0b8b3d,2026-07-09T08:00:00Z,2026-07-09T10:00:00+0200,52000.0,MW,FR,FR,forecast_load,Forecasted Load,2026-07-19T10:02:06Z
2026-07-19T10:00:07Z,2026-07-19T12:00:07+0200,0122f339-e99c-4669-a7fd-e7d31a0b8b3d,2026-07-09T08:15:00Z,2026-07-09T10:15:00+0200,52650.0,MW,FR,FR,forecast_load,Forecasted Load,2026-07-19T10:02:06Z
2026-07-19T10:00:07Z,2026-07-19T12:00:07+0200,0122f339-e99c-4669-a7fd-e7d31a0b8b3d,2026-07-09T08:30:00Z,2026-07-09T10:30:00+0200,53300.0,MW,FR,FR,forecast_load,Forecasted Load,2026-07-19T10:02:06Z
2026-07-19T10:00:07Z,2026-07-19T12:00:07+0200,0122f339-e99c-4669-a7fd-e7d31a0b8b3d,2026-07-09T08:45:00Z,2026-07-09T10:45:00+0200,53800.0,MW,FR,FR,forecast_load,Forecasted Load,2026-07-19T10:02:06Z
2026-07-19T10:00:07Z,2026-07-19T12:00:07+0200,0122f339-e99c-4669-a7fd-e7d31a0b8b3d,2026-07-09T09:00:00Z,2026-07-09T11:00:00+0200,54300.0,MW,FR,FR,forecast_load,Forecasted Load,2026-07-19T10:02:06Z
2026-07-19T10:00:07Z,2026-07-19T12:00:07+0200,0122f339-e99c-4669-a7fd-e7d31a0b8b3d,2026-07-09T09:15:00Z,2026-07-09T11:15:00+0200,54600.0,MW,FR,FR,forecast_load,Forecasted Load,2026-07-19T10:02:06Z
2026-07-19T10:00:07Z,2026-07-19T12:00:07+0200,0122f339-e99c-4669-a7fd-e7d31a0b8b3d,2026-07-09T09:30:00Z,2026-07-09T11:30:00+0200,54900.0,MW,FR,FR,forecast_load,Forecasted Load,2026-07-19T10:02:06Z
2026-07-19T10:00:07Z,2026-07-19T12:00:07+0200,0122f339-e99c-4669-a7fd-e7d31a0b8b3d,2026-07-09T09:45:00Z,2026-07-09T11:45:00+0200,55300.0,MW,FR,FR,forecast_load,Forecasted Load,2026-07-19T10:02:06Z
2026-07-19T10:00:07Z,2026-07-19T12:00:07+0200,0122f339-e99c-4669-a7fd-e7d31a0b8b3d,2026-07-09T10:00:00Z,2026-07-09T12:00:00+0200,55700.0,MW,FR,FR,forecast_load,Forecasted Load,2026-07-19T10:02:06Z
2026-07-19T10:00:07Z,2026-07-19T12:00:07+0200,0122f339-e99c-4669-a7fd-e7d31a0b8b3d,2026-07-09T10:15:00Z,2026-07-09T12:15:00+0200,55550.0,MW,FR,FR,forecast_load,Forecasted Load,2026-07-19T10:02:06Z
2026-07-19T10:00:07Z,2026-07-19T12:00:07+0200,0122f339-e99c-4669-a7fd-e7d31a0b8b3d,2026-07-09T10:30:00Z,2026-07-09T12:30:00+0200,55400.0,MW,FR,FR,forecast_load,Forecasted Load,2026-07-19T10:02:06Z
2026-07-19T10:00:07Z,2026-07-19T12:00:07+0200,0122f339-e99c-4669-a7fd-e7d31a0b8b3d,2026-07-09T10:45:00Z,2026-07-09T12:45:00+0200,55950.0,MW,FR,FR,forecast_load,Forecasted Load,2026-07-19T10:02:06Z
2026-07-19T10:00:07Z,2026-07-19T12:00:07+0200,0122f339-e99c-4669-a7fd-e7d31a0b8b3d,2026-07-09T11:00:00Z,2026-07-09T13:00:00+0200,56500.0,MW,FR,FR,forecast_load,Forecasted Load,2026-07-19T10:02:06Z
2026-07-19T10:00:07Z,2026-07-19T12:00:07+0200,0122f339-e99c-4669-a7fd-e7d31a0b8b3d,2026-07-09T11:15:00Z,2026-07-09T13:15:00+0200,56250.0,MW,FR,FR,forecast_load,Forecasted Load,2026-07-19T10:02:06Z
2026-07-19T10:00:07Z,2026-07-19T12:00:07+0200,0122f339-e99c-4669-a7fd-e7d31a0b8b3d,2026-07-09T11:30:00Z,2026-07-09T13:30:00+0200,56000.0,MW,FR,FR,forecast_load,Forecasted Load,2026-07-19T10:02:06Z
2026-07-19T10:00:07Z,2026-07-19T12:00:07+0200,0122f339-e99c-4669-a7fd-e7d31a0b8b3d,2026-07-09T11:45:00Z,2026-07-09T13:45:00+0200,55800.0,MW,FR,FR,forecast_load,Forecasted Load,2026-07-19T10:02:06Z
2026-07-19T10:00:07Z,2026-07-19T12:00:07+0200,0122f339-e99c-4669-a7fd-e7d31a0b8b3d,2026-07-09T12:00:00Z,2026-07-09T14:00:00+0200,55600.0,MW,FR,FR,forecast_load,Forecasted Load,2026-07-19T10:02:06Z
2026-07-19T10:00:07Z,2026-07-19T12:00:07+0200,0122f339-e99c-4669-a7fd-e7d31a0b8b3d,2026-07-09T12:15:00Z,2026-07-09T14:15:00+0200,56300.0,MW,FR,FR,forecast_load,Forecasted Load,2026-07-19T10:02:06Z
2026-07-19T10:00:07Z,2026-07-19T12:00:07+0200,0122f339-e99c-4669-a7fd-e7d31a0b8b3d,2026-07-09T12:30:00Z,2026-07-09T14:30:00+0200,57000.0,MW,FR,FR,forecast_load,Forecasted Load,2026-07-19T10:02:06Z
2026-07-19T10:00:07Z,2026-07-19T12:00:07+0200,0122f339-e99c-4669-a7fd-e7d31a0b8b3d,2026-07-09T12:45:00Z,2026-07-09T14:45:00+0200,56850.0,MW,FR,FR,forecast_load,Forecasted Load,2026-07-19T10:02:06Z
2026-07-19T10:00:07Z,2026-07-19T12:00:07+0200,0122f339-e99c-4669-a7fd-e7d31a0b8b3d,2026-07-09T13:00:00Z,2026-07-09T15:00:00+0200,56700.0,MW,FR,FR,forecast_load,Forecasted Load,2026-07-19T10:02:06Z
2026-07-19T10:00:07Z,2026-07-19T12:00:07+0200,0122f339-e99c-4669-a7fd-e7d31a0b8b3d,2026-07-09T13:15:00Z,2026-07-09T15:15:00+0200,56150.0,MW,FR,FR,forecast_load,Forecasted Load,2026-07-19T10:02:06Z
2026-07-19T10:00:07Z,2026-07-19T12:00:07+0200,0122f339-e99c-4669-a7fd-e7d31a0b8b3d,2026-07-09T13:30:00Z,2026-07-09T15:30:00+0200,55600.0,MW,FR,FR,forecast_load,Forecasted Load,2026-07-19T10:02:06Z
2026-07-19T10:00:07Z,2026-07-19T12:00:07+0200,0122f339-e99c-4669-a7fd-e7d31a0b8b3d,2026-07-09T13:45:00Z,2026-07-09T15:45:00+0200,55450.0,MW,FR,FR,forecast_load,Forecasted Load,2026-07-19T10:02:06Z
2026-07-19T10:00:07Z,2026-07-19T12:00:07+0200,0122f339-e99c-4669-a7fd-e7d31a0b8b3d,2026-07-09T14:00:00Z,2026-07-09T16:00:00+0200,55300.0,MW,FR,FR,forecast_load,Forecasted Load,2026-07-19T10:02:06Z
2026-07-19T10:00:07Z,2026-07-19T12:00:07+0200,0122f339-e99c-4669-a7fd-e7d31a0b8b3d,2026-07-09T14:15:00Z,2026-07-09T16:15:00+0200,55050.0,MW,FR,FR,forecast_load,Forecasted Load,2026-07-19T10:02:06Z
2026-07-19T10:00:07Z,2026-07-19T12:00:07+0200,0122f339-e99c-4669-a7fd-e7d31a0b8b3d,2026-07-09T14:30:00Z,2026-07-09T16:30:00+0200,54800.0,MW,FR,FR,forecast_load,Forecasted Load,2026-07-19T10:02:06Z
2026-07-19T10:00:07Z,2026-07-19T12:00:07+0200,0122f339-e99c-4669-a7fd-e7d31a0b8b3d,2026-07-09T14:45:00Z,2026-07-09T16:45:00+0200,54600.0,MW,FR,FR,forecast_load,Forecasted Load,2026-07-19T10:02:06Z
2026-07-19T10:00:07Z,2026-07-19T12:00:07+0200,0122f339-e99c-4669-a7fd-e7d31a0b8b3d,2026-07-09T15:00:00Z,2026-07-09T17:00:00+0200,54400.0,MW,FR,FR,forecast_load,Forecasted Load,2026-07-19T10:02:06Z
2026-07-19T10:00:07Z,2026-07-19T12:00:07+0200,0122f339-e99c-4669-a7fd-e7d31a0b8b3d,2026-07-09T15:15:00Z,2026-07-09T17:15:00+0200,54550.0,MW,FR,FR,forecast_load,Forecasted Load,2026-07-19T10:02:06Z
2026-07-19T10:00:07Z,2026-07-19T12:00:07+0200,0122f339-e99c-4669-a7fd-e7d31a0b8b3d,2026-07-09T15:30:00Z,2026-07-09T17:30:00+0200,54700.0,MW,FR,FR,forecast_load,Forecasted Load,2026-07-19T10:02:06Z
2026-07-19T10:00:07Z,2026-07-19T12:00:07+0200,0122f339-e99c-4669-a7fd-e7d31a0b8b3d,2026-07-09T15:45:00Z,2026-07-09T17:45:00+0200,55050.0,MW,FR,FR,forecast_load,Forecasted Load,2026-07-19T10:02:06Z
2026-07-19T10:00:07Z,2026-07-19T12:00:07+0200,0122f339-e99c-4669-a7fd-e7d31a0b8b3d,2026-07-09T16:00:00Z,2026-07-09T18:00:00+0200,55400.0,MW,FR,FR,forecast_load,Forecasted Load,2026-07-19T10:02:06Z
2026-07-19T10:00:07Z,2026-07-19T12:00:07+0200,0122f339-e99c-4669-a7fd-e7d31a0b8b3d,2026-07-09T16:15:00Z,2026-07-09T18:15:00+0200,55700.0,MW,FR,FR,forecast_load,Forecasted Load,2026-07-19T10:02:06Z
2026-07-19T10:00:07Z,2026-07-19T12:00:07+0200,0122f339-e99c-4669-a7fd-e7d31a0b8b3d,2026-07-09T16:30:00Z,2026-07-09T18:30:00+0200,56000.0,MW,FR,FR,forecast_load,Forecasted Load,2026-07-19T10:02:06Z
2026-07-19T10:00:07Z,2026-07-19T12:00:07+0200,0122f339-e99c-4669-a7fd-e7d31a0b8b3d,2026-07-09T16:45:00Z,2026-07-09T18:45:00+0200,56250.0,MW,FR,FR,forecast_load,Forecasted Load,2026-07-19T10:02:06Z
2026-07-19T10:00:07Z,2026-07-19T12:00:07+0200,0122f339-e99c-4669-a7fd-e7d31a0b8b3d,2026-07-09T17:00:00Z,2026-07-09T19:00:00+0200,56500.0,MW,FR,FR,forecast_load,Forecasted Load,2026-07-19T10:02:06Z
2026-07-19T10:00:07Z,2026-07-19T12:00:07+0200,0122f339-e99c-4669-a7fd-e7d31a0b8b3d,2026-07-09T17:15:00Z,2026-07-09T19:15:00+0200,56300.0,MW,FR,FR,forecast_load,Forecasted Load,2026-07-19T10:02:06Z
2026-07-19T10:00:07Z,2026-07-19T12:00:07+0200,0122f339-e99c-4669-a7fd-e7d31a0b8b3d,2026-07-09T17:30:00Z,2026-07-09T19:30:00+0200,56100.0,MW,FR,FR,forecast_load,Forecasted Load,2026-07-19T10:02:06Z
2026-07-19T10:00:07Z,2026-07-19T12:00:07+0200,0122f339-e99c-4669-a7fd-e7d31a0b8b3d,2026-07-09T17:45:00Z,2026-07-09T19:45:00+0200,55600.0,MW,FR,FR,forecast_load,Forecasted Load,2026-07-19T10:02:06Z
2026-07-19T10:00:07Z,2026-07-19T12:00:07+0200,0122f339-e99c-4669-a7fd-e7d31a0b8b3d,2026-07-09T18:00:00Z,2026-07-09T20:00:00+0200,55100.0,MW,FR,FR,forecast_load,Forecasted Load,2026-07-19T10:02:06Z
2026-07-19T10:00:07Z,2026-07-19T12:00:07+0200,0122f339-e99c-4669-a7fd-e7d31a0b8b3d,2026-07-09T18:15:00Z,2026-07-09T20:15:00+0200,54550.0,MW,FR,FR,forecast_load,Forecasted Load,2026-07-19T10:02:06Z
2026-07-19T10:00:07Z,2026-07-19T12:00:07+0200,0122f339-e99c-4669-a7fd-e7d31a0b8b3d,2026-07-09T18:30:00Z,2026-07-09T20:30:00+0200,54000.0,MW,FR,FR,forecast_load,Forecasted Load,2026-07-19T10:02:06Z
2026-07-19T10:00:07Z,2026-07-19T12:00:07+0200,0122f339-e99c-4669-a7fd-e7d31a0b8b3d,2026-07-09T18:45:00Z,2026-07-09T20:45:00+0200,53650.0,MW,FR,FR,forecast_load,Forecasted Load,2026-07-19T10:02:06Z
2026-07-19T10:00:07Z,2026-07-19T12:00:07+0200,0122f339-e99c-4669-a7fd-e7d31a0b8b3d,2026-07-09T19:00:00Z,2026-07-09T21:00:00+0200,53300.0,MW,FR,FR,forecast_load,Forecasted Load,2026-07-19T10:02:06Z
2026-07-19T10:00:07Z,2026-07-19T12:00:07+0200,0122f339-e99c-4669-a7fd-e7d31a0b8b3d,2026-07-09T19:15:00Z,2026-07-09T21:15:00+0200,52750.0,MW,FR,FR,forecast_load,Forecasted Load,2026-07-19T10:02:06Z
2026-07-19T10:00:07Z,2026-07-19T12:00:07+0200,0122f339-e99c-4669-a7fd-e7d31a0b8b3d,2026-07-09T19:30:00Z,2026-07-09T21:30:00+0200,52200.0,MW,FR,FR,forecast_load,Forecasted Load,2026-07-19T10:02:06Z
2026-07-19T10:00:07Z,2026-07-19T12:00:07+0200,0122f339-e99c-4669-a7fd-e7d31a0b8b3d,2026-07-09T19:45:00Z,2026-07-09T21:45:00+0200,51750.0,MW,FR,FR,forecast_load,Forecasted Load,2026-07-19T10:02:06Z
2026-07-19T10:00:07Z,2026-07-19T12:00:07+0200,0122f339-e99c-4669-a7fd-e7d31a0b8b3d,2026-07-09T20:00:00Z,2026-07-09T22:00:00+0200,51300.0,MW,FR,FR,forecast_load,Forecasted Load,2026-07-19T10:02:06Z
2026-07-19T10:00:07Z,2026-07-19T12:00:07+0200,0122f339-e99c-4669-a7fd-e7d31a0b8b3d,2026-07-09T20:15:00Z,2026-07-09T22:15:00+0200,52050.0,MW,FR,FR,forecast_load,Forecasted Load,2026-07-19T10:02:06Z
2026-07-19T10:00:07Z,2026-07-19T12:00:07+0200,0122f339-e99c-4669-a7fd-e7d31a0b8b3d,2026-07-09T20:30:00Z,2026-07-09T22:30:00+0200,52800.0,MW,FR,FR,forecast_load,Forecasted Load,2026-07-19T10:02:06Z
2026-07-19T10:00:07Z,2026-07-19T12:00:07+0200,0122f339-e99c-4669-a7fd-e7d31a0b8b3d,2026-07-09T20:45:00Z,2026-07-09T22:45:00+0200,53200.0,MW,FR,FR,forecast_load,Forecasted Load,2026-07-19T10:02:06Z
2026-07-19T10:00:07Z,2026-07-19T12:00:07+0200,0122f339-e99c-4669-a7fd-e7d31a0b8b3d,2026-07-09T21:00:00Z,2026-07-09T23:00:00+0200,53600.0,MW,FR,FR,forecast_load,Forecasted Load,2026-07-19T10:02:06Z
2026-07-19T10:00:07Z,2026-07-19T12:00:07+0200,0122f339-e99c-4669-a7fd-e7d31a0b8b3d,2026-07-09T21:15:00Z,2026-07-09T23:15:00+0200,53050.0,MW,FR,FR,forecast_load,Forecasted Load,2026-07-19T10:02:06Z
2026-07-19T10:00:07Z,2026-07-19T12:00:07+0200,0122f339-e99c-4669-a7fd-e7d31a0b8b3d,2026-07-09T21:30:00Z,2026-07-09T23:30:00+0200,52500.0,MW,FR,FR,forecast_load,Forecasted Load,2026-07-19T10:02:06Z
2026-07-19T10:00:07Z,2026-07-19T12:00:07+0200,0122f339-e99c-4669-a7fd-e7d31a0b8b3d,2026-07-09T21:45:00Z,2026-07-09T23:45:00+0200,50750.0,MW,FR,FR,forecast_load,Forecasted Load,2026-07-19T10:02:06Z
2026-07-19T10:00:07Z,2026-07-19T12:00:07+0200,0122f339-e99c-4669-a7fd-e7d31a0b8b3d,2026-07-09T22:00:00Z,2026-07-10T00:00:00+0200,49100.0,MW,FR,FR,forecast_load,Forecasted Load,2026-07-19T10:02:06Z
2026-07-19T10:00:07Z,2026-07-19T12:00:07+0200,0122f339-e99c-4669-a7fd-e7d31a0b8b3d,2026-07-09T22:15:00Z,2026-07-10T00:15:00+0200,48100.0,MW,FR,FR,forecast_load,Forecasted Load,2026-07-19T10:02:06Z
2026-07-19T10:00:07Z,2026-07-19T12:00:07+0200,0122f339-e99c-4669-a7fd-e7d31a0b8b3d,2026-07-09T22:30:00Z,2026-07-10T00:30:00+0200,47100.0,MW,FR,FR,forecast_load,Forecasted Load,2026-07-19T10:02:06Z
2026-07-19T10:00:07Z,2026-07-19T12:00:07+0200,0122f339-e99c-4669-a7fd-e7d31a0b8b3d,2026-07-09T22:45:00Z,2026-07-10T00:45:00+0200,46100.0,MW,FR,FR,forecast_load,Forecasted Load,2026-07-19T10:02:06Z
2026-07-19T10:00:07Z,2026-07-19T12:00:07+0200,0122f339-e99c-4669-a7fd-e7d31a0b8b3d,2026-07-09T23:00:00Z,2026-07-10T01:00:00+0200,45100.0,MW,FR,FR,forecast_load,Forecasted Load,2026-07-19T10:02:06Z
2026-07-19T10:00:07Z,2026-07-19T12:00:07+0200,0122f339-e99c-4669-a7fd-e7d31a0b8b3d,2026-07-09T23:15:00Z,2026-07-10T01:15:00+0200,45400.0,MW,FR,FR,forecast_load,Forecasted Load,2026-07-19T10:02:06Z
2026-07-19T10:00:07Z,2026-07-19T12:00:07+0200,0122f339-e99c-4669-a7fd-e7d31a0b8b3d,2026-07-09T23:30:00Z,2026-07-10T01:30:00+0200,45700.0,MW,FR,FR,forecast_load,Forecasted Load,2026-07-19T10:02:06Z
2026-07-19T10:00:07Z,2026-07-19T12:00:07+0200,0122f339-e99c-4669-a7fd-e7d31a0b8b3d,2026-07-09T23:45:00Z,2026-07-10T01:45:00+0200,45050.0,MW,FR,FR,forecast_load,Forecasted Load,2026-07-19T10:02:06Z
2026-07-19T10:00:07Z,2026-07-19T12:00:07+0200,0122f339-e99c-4669-a7fd-e7d31a0b8b3d,2026-07-10T00:00:00Z,2026-07-10T02:00:00+0200,44400.0,MW,FR,FR,forecast_load,Forecasted Load,2026-07-19T10:02:06Z
2026-07-19T10:00:07Z,2026-07-19T12:00:07+0200,0122f339-e99c-4669-a7fd-e7d31a0b8b3d,2026-07-10T00:15:00Z,2026-07-10T02:15:00+0200,43500.0,MW,FR,FR,forecast_load,Forecasted Load,2026-07-19T10:02:06Z
2026-07-19T10:00:07Z,2026-07-19T12:00:07+0200,0122f339-e99c-4669-a7fd-e7d31a0b8b3d,2026-07-10T00:30:00Z,2026-07-10T02:30:00+0200,42600.0,MW,FR,FR,forecast_load,Forecasted Load,2026-07-19T10:02:06Z
2026-07-19T10:00:07Z,2026-07-19T12:00:07+0200,0122f339-e99c-4669-a7fd-e7d31a0b8b3d,2026-07-10T00:45:00Z,2026-07-10T02:45:00+0200,42050.0,MW,FR,FR,forecast_load,Forecasted Load,2026-07-19T10:02:06Z
2026-07-19T10:00:07Z,2026-07-19T12:00:07+0200,0122f339-e99c-4669-a7fd-e7d31a0b8b3d,2026-07-10T01:00:00Z,2026-07-10T03:00:00+0200,41500.0,MW,FR,FR,forecast_load,Forecasted Load,2026-07-19T10:02:06Z
2026-07-19T10:00:07Z,2026-07-19T12:00:07+0200,0122f339-e99c-4669-a7fd-e7d31a0b8b3d,2026-07-10T01:15:00Z,2026-07-10T03:15:00+0200,41150.0,MW,FR,FR,forecast_load,Forecasted Load,2026-07-19T10:02:06Z
2026-07-19T10:00:07Z,2026-07-19T12:00:07+0200,0122f339-e99c-4669-a7fd-e7d31a0b8b3d,2026-07-10T01:30:00Z,2026-07-10T03:30:00+0200,40800.0,MW,FR,FR,forecast_load,Forecasted Load,2026-07-19T10:02:06Z
2026-07-19T10:00:07Z,2026-07-19T12:00:07+0200,0122f339-e99c-4669-a7fd-e7d31a0b8b3d,2026-07-10T01:45:00Z,2026-07-10T03:45:00+0200,40550.0,MW,FR,FR,forecast_load,Forecasted Load,2026-07-19T10:02:06Z
2026-07-19T10:00:07Z,2026-07-19T12:00:07+0200,0122f339-e99c-4669-a7fd-e7d31a0b8b3d,2026-07-10T02:00:00Z,2026-07-10T04:00:00+0200,40300.0,MW,FR,FR,forecast_load,Forecasted Load,2026-07-19T10:02:06Z
2026-07-19T10:00:07Z,2026-07-19T12:00:07+0200,0122f339-e99c-4669-a7fd-e7d31a0b8b3d,2026-07-10T02:15:00Z,2026-07-10T04:15:00+0200,40200.0,MW,FR,FR,forecast_load,Forecasted Load,2026-07-19T10:02:06Z
2026-07-19T10:00:07Z,2026-07-19T12:00:07+0200,0122f339-e99c-4669-a7fd-e7d31a0b8b3d,2026-07-10T02:30:00Z,2026-07-10T04:30:00+0200,40100.0,MW,FR,FR,forecast_load,Forecasted Load,2026-07-19T10:02:06Z
2026-07-19T10:00:07Z,2026-07-19T12:00:07+0200,0122f339-e99c-4669-a7fd-e7d31a0b8b3d,2026-07-10T02:45:00Z,2026-07-10T04:45:00+0200,40500.0,MW,FR,FR,forecast_load,Forecasted Load,2026-07-19T10:02:06Z
2026-07-19T10:00:07Z,2026-07-19T12:00:07+0200,0122f339-e99c-4669-a7fd-e7d31a0b8b3d,2026-07-10T03:00:00Z,2026-07-10T05:00:00+0200,40900.0,MW,FR,FR,forecast_load,Forecasted Load,2026-07-19T10:02:06Z
2026-07-19T10:00:07Z,2026-07-19T12:00:07+0200,0122f339-e99c-4669-a7fd-e7d31a0b8b3d,2026-07-10T03:15:00Z,2026-07-10T05:15:00+0200,41250.0,MW,FR,FR,forecast_load,Forecasted Load,2026-07-19T10:02:06Z
2026-07-19T10:00:07Z,2026-07-19T12:00:07+0200,0122f339-e99c-4669-a7fd-e7d31a0b8b3d,2026-07-10T03:30:00Z,2026-07-10T05:30:00+0200,41600.0,MW,FR,FR,forecast_load,Forecasted Load,2026-07-19T10:02:06Z
2026-07-19T10:00:07Z,2026-07-19T12:00:07+0200,0122f339-e99c-4669-a7fd-e7d31a0b8b3d,2026-07-10T03:45:00Z,2026-07-10T05:45:00+0200,42100.0,MW,FR,FR,forecast_load,Forecasted Load,2026-07-19T10:02:06Z
2026-07-19T10:00:07Z,2026-07-19T12:00:07+0200,0122f339-e99c-4669-a7fd-e7d31a0b8b3d,2026-07-10T04:00:00Z,2026-07-10T06:00:00+0200,42600.0,MW,FR,FR,forecast_load,Forecasted Load,2026-07-19T10:02:06Z
2026-07-19T10:00:07Z,2026-07-19T12:00:07+0200,0122f339-e99c-4669-a7fd-e7d31a0b8b3d,2026-07-10T04:15:00Z,2026-07-10T06:15:00+0200,43300.0,MW,FR,FR,forecast_load,Forecasted Load,2026-07-19T10:02:06Z
2026-07-19T10:00:07Z,2026-07-19T12:00:07+0200,0122f339-e99c-4669-a7fd-e7d31a0b8b3d,2026-07-10T04:30:00Z,2026-07-10T06:30:00+0200,44000.0,MW,FR,FR,forecast_load,Forecasted Load,2026-07-19T10:02:06Z
2026-07-19T10:00:07Z,2026-07-19T12:00:07+0200,0122f339-e99c-4669-a7fd-e7d31a0b8b3d,2026-07-10T04:45:00Z,2026-07-10T06:45:00+0200,44700.0,MW,FR,FR,forecast_load,Forecasted Load,2026-07-19T10:02:06Z
2026-07-19T10:00:07Z,2026-07-19T12:00:07+0200,0122f339-e99c-4669-a7fd-e7d31a0b8b3d,2026-07-10T05:00:00Z,2026-07-10T07:00:00+0200,45400.0,MW,FR,FR,forecast_load,Forecasted Load,2026-07-19T10:02:06Z
2026-07-19T10:00:07Z,2026-07-19T12:00:07+0200,0122f339-e99c-4669-a7fd-e7d31a0b8b3d,2026-07-10T05:15:00Z,2026-07-10T07:15:00+0200,46150.0,MW,FR,FR,forecast_load,Forecasted Load,2026-07-19T10:02:06Z
2026-07-19T10:00:07Z,2026-07-19T12:00:07+0200,0122f339-e99c-4669-a7fd-e7d31a0b8b3d,2026-07-10T05:30:00Z,2026-07-10T07:30:00+0200,46900.0,MW,FR,FR,forecast_load,Forecasted Load,2026-07-19T10:02:06Z
2026-07-19T10:00:07Z,2026-07-19T12:00:07+0200,0122f339-e99c-4669-a7fd-e7d31a0b8b3d,2026-07-10T05:45:00Z,2026-07-10T07:45:00+0200,47600.0,MW,FR,FR,forecast_load,Forecasted Load,2026-07-19T10:02:06Z
2026-07-19T10:00:07Z,2026-07-19T12:00:07+0200,0122f339-e99c-4669-a7fd-e7d31a0b8b3d,2026-07-10T06:00:00Z,2026-07-10T08:00:00+0200,48300.0,MW,FR,FR,forecast_load,Forecasted Load,2026-07-19T10:02:06Z
2026-07-19T10:00:07Z,2026-07-19T12:00:07+0200,0122f339-e99c-4669-a7fd-e7d31a0b8b3d,2026-07-10T06:15:00Z,2026-07-10T08:15:00+0200,49050.0,MW,FR,FR,forecast_load,Forecasted Load,2026-07-19T10:02:06Z
2026-07-19T10:00:07Z,2026-07-19T12:00:07+0200,0122f339-e99c-4669-a7fd-e7d31a0b8b3d,2026-07-10T06:30:00Z,2026-07-10T08:30:00+0200,49800.0,MW,FR,FR,forecast_load,Forecasted Load,2026-07-19T10:02:06Z
2026-07-19T10:00:07Z,2026-07-19T12:00:07+0200,0122f339-e99c-4669-a7fd-e7d31a0b8b3d,2026-07-10T06:45:00Z,2026-07-10T08:45:00+0200,50350.0,MW,FR,FR,forecast_load,Forecasted Load,2026-07-19T10:02:06Z
2026-07-19T10:00:07Z,2026-07-19T12:00:07+0200,0122f339-e99c-4669-a7fd-e7d31a0b8b3d,2026-07-10T07:00:00Z,2026-07-10T09:00:00+0200,50900.0,MW,FR,FR,forecast_load,Forecasted Load,2026-07-19T10:02:06Z
2026-07-19T10:00:07Z,2026-07-19T12:00:07+0200,0122f339-e99c-4669-a7fd-e7d31a0b8b3d,2026-07-10T07:15:00Z,2026-07-10T09:15:00+0200,51300.0,MW,FR,FR,forecast_load,Forecasted Load,2026-07-19T10:02:06Z
2026-07-19T10:00:07Z,2026-07-19T12:00:07+0200,0122f339-e99c-4669-a7fd-e7d31a0b8b3d,2026-07-10T07:30:00Z,2026-07-10T09:30:00+0200,51700.0,MW,FR,FR,forecast_load,Forecasted Load,2026-07-19T10:02:06Z
2026-07-19T10:00:07Z,2026-07-19T12:00:07+0200,0122f339-e99c-4669-a7fd-e7d31a0b8b3d,2026-07-10T07:45:00Z,2026-07-10T09:45:00+0200,52150.0,MW,FR,FR,forecast_load,Forecasted Load,2026-07-19T10:02:06Z
2026-07-19T10:00:07Z,2026-07-19T12:00:07+0200,0122f339-e99c-4669-a7fd-e7d31a0b8b3d,2026-07-10T08:00:00Z,2026-07-10T10:00:00+0200,52600.0,MW,FR,FR,forecast_load,Forecasted Load,2026-07-19T10:02:06Z
2026-07-19T10:00:07Z,2026-07-19T12:00:07+0200,0122f339-e99c-4669-a7fd-e7d31a0b8b3d,2026-07-10T08:15:00Z,2026-07-10T10:15:00+0200,53200.0,MW,FR,FR,forecast_load,Forecasted Load,2026-07-19T10:02:06Z
2026-07-19T10:00:07Z,2026-07-19T12:00:07+0200,0122f339-e99c-4669-a7fd-e7d31a0b8b3d,2026-07-10T08:30:00Z,2026-07-10T10:30:00+0200,53800.0,MW,FR,FR,forecast_load,Forecasted Load,2026-07-19T10:02:06Z
2026-07-19T10:00:07Z,2026-07-19T12:00:07+0200,0122f339-e99c-4669-a7fd-e7d31a0b8b3d,2026-07-10T08:45:00Z,2026-07-10T10:45:00+0200,54000.0,MW,FR,FR,forecast_load,Forecasted Load,2026-07-19T10:02:06Z
2026-07-19T10:00:07Z,2026-07-19T12:00:07+0200,0122f339-e99c-4669-a7fd-e7d31a0b8b3d,2026-07-10T09:00:00Z,2026-07-10T11:00:00+0200,54200.0,MW,FR,FR,forecast_load,Forecasted Load,2026-07-19T10:02:06Z
2026-07-19T10:00:07Z,2026-07-19T12:00:07+0200,0122f339-e99c-4669-a7fd-e7d31a0b8b3d,2026-07-10T09:15:00Z,2026-07-10T11:15:00+0200,54450.0,MW,FR,FR,forecast_load,Forecasted Load,2026-07-19T10:02:06Z
2026-07-19T10:00:07Z,2026-07-19T12:00:07+0200,0122f339-e99c-4669-a7fd-e7d31a0b8b3d,2026-07-10T09:30:00Z,2026-07-10T11:30:00+0200,54700.0,MW,FR,FR,forecast_load,Forecasted Load,2026-07-19T10:02:06Z
2026-07-19T10:00:07Z,2026-07-19T12:00:07+0200,0122f339-e99c-4669-a7fd-e7d31a0b8b3d,2026-07-10T09:45:00Z,2026-07-10T11:45:00+0200,55200.0,MW,FR,FR,forecast_load,Forecasted Load,2026-07-19T10:02:06Z
2026-07-19T10:00:07Z,2026-07-19T12:00:07+0200,0122f339-e99c-4669-a7fd-e7d31a0b8b3d,2026-07-10T10:00:00Z,2026-07-10T12:00:00+0200,55700.0,MW,FR,FR,forecast_load,Forecasted Load,2026-07-19T10:02:06Z
2026-07-19T10:00:07Z,2026-07-19T12:00:07+0200,0122f339-e99c-4669-a7fd-e7d31a0b8b3d,2026-07-10T10:15:00Z,2026-07-10T12:15:00+0200,55450.0,MW,FR,FR,forecast_load,Forecasted Load,2026-07-19T10:02:06Z
2026-07-19T10:00:07Z,2026-07-19T12:00:07+0200,0122f339-e99c-4669-a7fd-e7d31a0b8b3d,2026-07-10T10:30:00Z,2026-07-10T12:30:00+0200,55200.0,MW,FR,FR,forecast_load,Forecasted Load,2026-07-19T10:02:06Z
2026-07-19T10:00:07Z,2026-07-19T12:00:07+0200,0122f339-e99c-4669-a7fd-e7d31a0b8b3d,2026-07-10T10:45:00Z,2026-07-10T12:45:00+0200,55700.0,MW,FR,FR,forecast_load,Forecasted Load,2026-07-19T10:02:06Z
2026-07-19T10:00:07Z,2026-07-19T12:00:07+0200,0122f339-e99c-4669-a7fd-e7d31a0b8b3d,2026-07-10T11:00:00Z,2026-07-10T13:00:00+0200,56200.0,MW,FR,FR,forecast_load,Forecasted Load,2026-07-19T10:02:06Z
2026-07-19T10:00:07Z,2026-07-19T12:00:07+0200,0122f339-e99c-4669-a7fd-e7d31a0b8b3d,2026-07-10T11:15:00Z,2026-07-10T13:15:00+0200,55950.0,MW,FR,FR,forecast_load,Forecasted Load,2026-07-19T10:02:06Z
2026-07-19T10:00:07Z,2026-07-19T12:00:07+0200,0122f339-e99c-4669-a7fd-e7d31a0b8b3d,2026-07-10T11:30:00Z,2026-07-10T13:30:00+0200,55700.0,MW,FR,FR,forecast_load,Forecasted Load,2026-07-19T10:02:06Z
2026-07-19T10:00:07Z,2026-07-19T12:00:07+0200,0122f339-e99c-4669-a7fd-e7d31a0b8b3d,2026-07-10T11:45:00Z,2026-07-10T13:45:00+0200,55500.0,MW,FR,FR,forecast_load,Forecasted Load,2026-07-19T10:02:06Z
2026-07-19T10:00:07Z,2026-07-19T12:00:07+0200,0122f339-e99c-4669-a7fd-e7d31a0b8b3d,2026-07-10T12:00:00Z,2026-07-10T14:00:00+0200,55300.0,MW,FR,FR,forecast_load,Forecasted Load,2026-07-19T10:02:06Z
2026-07-19T10:00:07Z,2026-07-19T12:00:07+0200,0122f339-e99c-4669-a7fd-e7d31a0b8b3d,2026-07-10T12:15:00Z,2026-07-10T14:15:00+0200,56050.0,MW,FR,FR,forecast_load,Forecasted Load,2026-07-19T10:02:06Z
2026-07-19T10:00:07Z,2026-07-19T12:00:07+0200,0122f339-e99c-4669-a7fd-e7d31a0b8b3d,2026-07-10T12:30:00Z,2026-07-10T14:30:00+0200,56800.0,MW,FR,FR,forecast_load,Forecasted Load,2026-07-19T10:02:06Z
2026-07-19T10:00:07Z,2026-07-19T12:00:07+0200,0122f339-e99c-4669-a7fd-e7d31a0b8b3d,2026-07-10T12:45:00Z,2026-07-10T14:45:00+0200,56400.0,MW,FR,FR,forecast_load,Forecasted Load,2026-07-19T10:02:06Z
2026-07-19T10:00:07Z,2026-07-19T12:00:07+0200,0122f339-e99c-4669-a7fd-e7d31a0b8b3d,2026-07-10T13:00:00Z,2026-07-10T15:00:00+0200,56000.0,MW,FR,FR,forecast_load,Forecasted Load,2026-07-19T10:02:06Z
2026-07-19T10:00:07Z,2026-07-19T12:00:07+0200,0122f339-e99c-4669-a7fd-e7d31a0b8b3d,2026-07-10T13:15:00Z,2026-07-10T15:15:00+0200,55550.0,MW,FR,FR,forecast_load,Forecasted Load,2026-07-19T10:02:06Z
2026-07-19T10:00:07Z,2026-07-19T12:00:07+0200,0122f339-e99c-4669-a7fd-e7d31a0b8b3d,2026-07-10T13:30:00Z,2026-07-10T15:30:00+0200,55100.0,MW,FR,FR,forecast_load,Forecasted Load,2026-07-19T10:02:06Z
2026-07-19T10:00:07Z,2026-07-19T12:00:07+0200,0122f339-e99c-4669-a7fd-e7d31a0b8b3d,2026-07-10T13:45:00Z,2026-07-10T15:45:00+0200,54850.0,MW,FR,FR,forecast_load,Forecasted Load,2026-07-19T10:02:06Z
2026-07-19T10:00:07Z,2026-07-19T12:00:07+0200,0122f339-e99c-4669-a7fd-e7d31a0b8b3d,2026-07-10T14:00:00Z,2026-07-10T16:00:00+0200,54600.0,MW,FR,FR,forecast_load,Forecasted Load,2026-07-19T10:02:06Z
2026-07-19T10:00:07Z,2026-07-19T12:00:07+0200,0122f339-e99c-4669-a7fd-e7d31a0b8b3d,2026-07-10T14:15:00Z,2026-07-10T16:15:00+0200,54250.0,MW,FR,FR,forecast_load,Forecasted Load,2026-07-19T10:02:06Z
2026-07-19T10:00:07Z,2026-07-19T12:00:07+0200,0122f339-e99c-4669-a7fd-e7d31a0b8b3d,2026-07-10T14:30:00Z,2026-07-10T16:30:00+0200,53900.0,MW,FR,FR,forecast_load,Forecasted Load,2026-07-19T10:02:06Z
2026-07-19T10:00:07Z,2026-07-19T12:00:07+0200,0122f339-e99c-4669-a7fd-e7d31a0b8b3d,2026-07-10T14:45:00Z,2026-07-10T16:45:00+0200,53700.0,MW,FR,FR,forecast_load,Forecasted Load,2026-07-19T10:02:06Z
2026-07-19T10:00:07Z,2026-07-19T12:00:07+0200,0122f339-e99c-4669-a7fd-e7d31a0b8b3d,2026-07-10T15:00:00Z,2026-07-10T17:00:00+0200,53500.0,MW,FR,FR,forecast_load,Forecasted Load,2026-07-19T10:02:06Z
2026-07-19T10:00:07Z,2026-07-19T12:00:07+0200,0122f339-e99c-4669-a7fd-e7d31a0b8b3d,2026-07-10T15:15:00Z,2026-07-10T17:15:00+0200,53600.0,MW,FR,FR,forecast_load,Forecasted Load,2026-07-19T10:02:06Z
2026-07-19T10:00:07Z,2026-07-19T12:00:07+0200,0122f339-e99c-4669-a7fd-e7d31a0b8b3d,2026-07-10T15:30:00Z,2026-07-10T17:30:00+0200,53700.0,MW,FR,FR,forecast_load,Forecasted Load,2026-07-19T10:02:06Z
2026-07-19T10:00:07Z,2026-07-19T12:00:07+0200,0122f339-e99c-4669-a7fd-e7d31a0b8b3d,2026-07-10T15:45:00Z,2026-07-10T17:45:00+0200,53750.0,MW,FR,FR,forecast_load,Forecasted Load,2026-07-19T10:02:06Z
2026-07-19T10:00:07Z,2026-07-19T12:00:07+0200,0122f339-e99c-4669-a7fd-e7d31a0b8b3d,2026-07-10T16:00:00Z,2026-07-10T18:00:00+0200,53800.0,MW,FR,FR,forecast_load,Forecasted Load,2026-07-19T10:02:06Z
2026-07-19T10:00:07Z,2026-07-19T12:00:07+0200,0122f339-e99c-4669-a7fd-e7d31a0b8b3d,2026-07-10T16:15:00Z,2026-07-10T18:15:00+0200,53950.0,MW,FR,FR,forecast_load,Forecasted Load,2026-07-19T10:02:06Z
2026-07-19T10:00:07Z,2026-07-19T12:00:07+0200,0122f339-e99c-4669-a7fd-e7d31a0b8b3d,2026-07-10T16:30:00Z,2026-07-10T18:30:00+0200,54100.0,MW,FR,FR,forecast_load,Forecasted Load,2026-07-19T10:02:06Z
2026-07-19T10:00:07Z,2026-07-19T12:00:07+0200,0122f339-e99c-4669-a7fd-e7d31a0b8b3d,2026-07-10T16:45:00Z,2026-07-10T18:45:00+0200,54300.0,MW,FR,FR,forecast_load,Forecasted Load,2026-07-19T10:02:06Z
2026-07-19T10:00:07Z,2026-07-19T12:00:07+0200,0122f339-e99c-4669-a7fd-e7d31a0b8b3d,2026-07-10T17:00:00Z,2026-07-10T19:00:00+0200,54500.0,MW,FR,FR,forecast_load,Forecasted Load,2026-07-19T10:02:06Z
2026-07-19T10:00:07Z,2026-07-19T12:00:07+0200,0122f339-e99c-4669-a7fd-e7d31a0b8b3d,2026-07-10T17:15:00Z,2026-07-10T19:15:00+0200,54150.0,MW,FR,FR,forecast_load,Forecasted Load,2026-07-19T10:02:06Z
2026-07-19T10:00:07Z,2026-07-19T12:00:07+0200,0122f339-e99c-4669-a7fd-e7d31a0b8b3d,2026-07-10T17:30:00Z,2026-07-10T19:30:00+0200,53800.0,MW,FR,FR,forecast_load,Forecasted Load,2026-07-19T10:02:06Z
2026-07-19T10:00:07Z,2026-07-19T12:00:07+0200,0122f339-e99c-4669-a7fd-e7d31a0b8b3d,2026-07-10T17:45:00Z,2026-07-10T19:45:00+0200,53450.0,MW,FR,FR,forecast_load,Forecasted Load,2026-07-19T10:02:06Z
2026-07-19T10:00:07Z,2026-07-19T12:00:07+0200,0122f339-e99c-4669-a7fd-e7d31a0b8b3d,2026-07-10T18:00:00Z,2026-07-10T20:00:00+0200,53100.0,MW,FR,FR,forecast_load,Forecasted Load,2026-07-19T10:02:06Z
2026-07-19T10:00:07Z,2026-07-19T12:00:07+0200,0122f339-e99c-4669-a7fd-e7d31a0b8b3d,2026-07-10T18:15:00Z,2026-07-10T20:15:00+0200,52500.0,MW,FR,FR,forecast_load,Forecasted Load,2026-07-19T10:02:06Z
2026-07-19T10:00:07Z,2026-07-19T12:00:07+0200,0122f339-e99c-4669-a7fd-e7d31a0b8b3d,2026-07-10T18:30:00Z,2026-07-10T20:30:00+0200,51900.0,MW,FR,FR,forecast_load,Forecasted Load,2026-07-19T10:02:06Z
2026-07-19T10:00:07Z,2026-07-19T12:00:07+0200,0122f339-e99c-4669-a7fd-e7d31a0b8b3d,2026-07-10T18:45:00Z,2026-07-10T20:45:00+0200,51550.0,MW,FR,FR,forecast_load,Forecasted Load,2026-07-19T10:02:06Z
2026-07-19T10:00:07Z,2026-07-19T12:00:07+0200,0122f339-e99c-4669-a7fd-e7d31a0b8b3d,2026-07-10T19:00:00Z,2026-07-10T21:00:00+0200,51200.0,MW,FR,FR,forecast_load,Forecasted Load,2026-07-19T10:02:06Z
2026-07-19T10:00:07Z,2026-07-19T12:00:07+0200,0122f339-e99c-4669-a7fd-e7d31a0b8b3d,2026-07-10T19:15:00Z,2026-07-10T21:15:00+0200,50850.0,MW,FR,FR,forecast_load,Forecasted Load,2026-07-19T10:02:06Z
2026-07-19T10:00:07Z,2026-07-19T12:00:07+0200,0122f339-e99c-4669-a7fd-e7d31a0b8b3d,2026-07-10T19:30:00Z,2026-07-10T21:30:00+0200,50500.0,MW,FR,FR,forecast_load,Forecasted Load,2026-07-19T10:02:06Z
2026-07-19T10:00:07Z,2026-07-19T12:00:07+0200,0122f339-e99c-4669-a7fd-e7d31a0b8b3d,2026-07-10T19:45:00Z,2026-07-10T21:45:00+0200,50250.0,MW,FR,FR,forecast_load,Forecasted Load,2026-07-19T10:02:06Z
2026-07-19T10:00:07Z,2026-07-19T12:00:07+0200,0122f339-e99c-4669-a7fd-e7d31a0b8b3d,2026-07-10T20:00:00Z,2026-07-10T22:00:00+0200,50000.0,MW,FR,FR,forecast_load,Forecasted Load,2026-07-19T10:02:06Z
2026-07-19T10:00:07Z,2026-07-19T12:00:07+0200,0122f339-e99c-4669-a7fd-e7d31a0b8b3d,2026-07-10T20:15:00Z,2026-07-10T22:15:00+0200,50600.0,MW,FR,FR,forecast_load,Forecasted Load,2026-07-19T10:02:06Z
2026-07-19T10:00:07Z,2026-07-19T12:00:07+0200,0122f339-e99c-4669-a7fd-e7d31a0b8b3d,2026-07-10T20:30:00Z,2026-07-10T22:30:00+0200,51200.0,MW,FR,FR,forecast_load,Forecasted Load,2026-07-19T10:02:06Z
2026-07-19T10:00:07Z,2026-07-19T12:00:07+0200,0122f339-e99c-4669-a7fd-e7d31a0b8b3d,2026-07-10T20:45:00Z,2026-07-10T22:45:00+0200,51700.0,MW,FR,FR,forecast_load,Forecasted Load,2026-07-19T10:02:06Z
2026-07-19T10:00:07Z,2026-07-19T12:00:07+0200,0122f339-e99c-4669-a7fd-e7d31a0b8b3d,2026-07-10T21:00:00Z,2026-07-10T23:00:00+0200,52200.0,MW,FR,FR,forecast_load,Forecasted Load,2026-07-19T10:02:06Z
2026-07-19T10:00:07Z,2026-07-19T12:00:07+0200,0122f339-e99c-4669-a7fd-e7d31a0b8b3d,2026-07-10T21:15:00Z,2026-07-10T23:15:00+0200,51050.0,MW,FR,FR,forecast_load,Forecasted Load,2026-07-19T10:02:06Z
2026-07-19T10:00:07Z,2026-07-19T12:00:07+0200,0122f339-e99c-4669-a7fd-e7d31a0b8b3d,2026-07-10T21:30:00Z,2026-07-10T23:30:00+0200,49900.0,MW,FR,FR,forecast_load,Forecasted Load,2026-07-19T10:02:06Z
2026-07-19T10:00:07Z,2026-07-19T12:00:07+0200,0122f339-e99c-4669-a7fd-e7d31a0b8b3d,2026-07-10T21:45:00Z,2026-07-10T23:45:00+0200,49050.0,MW,FR,FR,forecast_load,Forecasted Load,2026-07-19T10:02:06Z
2026-07-19T10:00:07Z,2026-07-19T12:00:07+0200,0122f339-e99c-4669-a7fd-e7d31a0b8b3d,2026-07-10T22:00:00Z,2026-07-11T00:00:00+0200,48500.0,MW,FR,FR,forecast_load,Forecasted Load,2026-07-19T10:02:06Z
2026-07-19T10:00:07Z,2026-07-19T12:00:07+0200,0122f339-e99c-4669-a7fd-e7d31a0b8b3d,2026-07-10T22:15:00Z,2026-07-11T00:15:00+0200,47650.0,MW,FR,FR,forecast_load,Forecasted Load,2026-07-19T10:02:06Z
2026-07-19T10:00:07Z,2026-07-19T12:00:07+0200,0122f339-e99c-4669-a7fd-e7d31a0b8b3d,2026-07-10T22:30:00Z,2026-07-11T00:30:00+0200,46800.0,MW,FR,FR,forecast_load,Forecasted Load,2026-07-19T10:02:06Z
2026-07-19T10:00:07Z,2026-07-19T12:00:07+0200,0122f339-e99c-4669-a7fd-e7d31a0b8b3d,2026-07-10T22:45:00Z,2026-07-11T00:45:00+0200,45850.0,MW,FR,FR,forecast_load,Forecasted Load,2026-07-19T10:02:06Z
2026-07-19T10:00:07Z,2026-07-19T12:00:07+0200,0122f339-e99c-4669-a7fd-e7d31a0b8b3d,2026-07-10T23:00:00Z,2026-07-11T01:00:00+0200,44900.0,MW,FR,FR,forecast_load,Forecasted Load,2026-07-19T10:02:06Z
2026-07-19T10:00:07Z,2026-07-19T12:00:07+0200,0122f339-e99c-4669-a7fd-e7d31a0b8b3d,2026-07-10T23:15:00Z,2026-07-11T01:15:00+0200,44600.0,MW,FR,FR,forecast_load,Forecasted Load,2026-07-19T10:02:06Z
2026-07-19T10:00:07Z,2026-07-19T12:00:07+0200,0122f339-e99c-4669-a7fd-e7d31a0b8b3d,2026-07-10T23:30:00Z,2026-07-11T01:30:00+0200,44300.0,MW,FR,FR,forecast_load,Forecasted Load,2026-07-19T10:02:06Z
2026-07-19T10:00:07Z,2026-07-19T12:00:07+0200,0122f339-e99c-4669-a7fd-e7d31a0b8b3d,2026-07-10T23:45:00Z,2026-07-11T01:45:00+0200,43650.0,MW,FR,FR,forecast_load,Forecasted Load,2026-07-19T10:02:06Z
2026-07-19T10:00:07Z,2026-07-19T12:00:07+0200,0122f339-e99c-4669-a7fd-e7d31a0b8b3d,2026-07-11T00:00:00Z,2026-07-11T02:00:00+0200,43000.0,MW,FR,FR,forecast_load,Forecasted Load,2026-07-19T10:02:06Z
2026-07-19T10:00:07Z,2026-07-19T12:00:07+0200,0122f339-e99c-4669-a7fd-e7d31a0b8b3d,2026-07-11T00:15:00Z,2026-07-11T02:15:00+0200,42300.0,MW,FR,FR,forecast_load,Forecasted Load,2026-07-19T10:02:06Z
2026-07-19T10:00:07Z,2026-07-19T12:00:07+0200,0122f339-e99c-4669-a7fd-e7d31a0b8b3d,2026-07-11T00:30:00Z,2026-07-11T02:30:00+0200,41600.0,MW,FR,FR,forecast_load,Forecasted Load,2026-07-19T10:02:06Z
2026-07-19T10:00:07Z,2026-07-19T12:00:07+0200,0122f339-e99c-4669-a7fd-e7d31a0b8b3d,2026-07-11T00:45:00Z,2026-07-11T02:45:00+0200,40900.0,MW,FR,FR,forecast_load,Forecasted Load,2026-07-19T10:02:06Z
2026-07-19T10:00:07Z,2026-07-19T12:00:07+0200,0122f339-e99c-4669-a7fd-e7d31a0b8b3d,2026-07-11T01:00:00Z,2026-07-11T03:00:00+0200,40200.0,MW,FR,FR,forecast_load,Forecasted Load,2026-07-19T10:02:06Z
2026-07-19T10:00:07Z,2026-07-19T12:00:07+0200,0122f339-e99c-4669-a7fd-e7d31a0b8b3d,2026-07-11T01:15:00Z,2026-07-11T03:15:00+0200,39750.0,MW,FR,FR,forecast_load,Forecasted Load,2026-07-19T10:02:06Z
2026-07-19T10:00:07Z,2026-07-19T12:00:07+0200,0122f339-e99c-4669-a7fd-e7d31a0b8b3d,2026-07-11T01:30:00Z,2026-07-11T03:30:00+0200,39300.0,MW,FR,FR,forecast_load,Forecasted Load,2026-07-19T10:02:06Z
2026-07-19T10:00:07Z,2026-07-19T12:00:07+0200,0122f339-e99c-4669-a7fd-e7d31a0b8b3d,2026-07-11T01:45:00Z,2026-07-11T03:45:00+0200,38950.0,MW,FR,FR,forecast_load,Forecasted Load,2026-07-19T10:02:06Z
2026-07-19T10:00:07Z,2026-07-19T12:00:07+0200,0122f339-e99c-4669-a7fd-e7d31a0b8b3d,2026-07-11T02:00:00Z,2026-07-11T04:00:00+0200,38600.0,MW,FR,FR,forecast_load,Forecasted Load,2026-07-19T10:02:06Z
2026-07-19T10:00:07Z,2026-07-19T12:00:07+0200,0122f339-e99c-4669-a7fd-e7d31a0b8b3d,2026-07-11T02:15:00Z,2026-07-11T04:15:00+0200,38300.0,MW,FR,FR,forecast_load,Forecasted Load,2026-07-19T10:02:06Z
2026-07-19T10:00:07Z,2026-07-19T12:00:07+0200,0122f339-e99c-4669-a7fd-e7d31a0b8b3d,2026-07-11T02:30:00Z,2026-07-11T04:30:00+0200,38000.0,MW,FR,FR,forecast_load,Forecasted Load,2026-07-19T10:02:06Z
2026-07-19T10:00:07Z,2026-07-19T12:00:07+0200,0122f339-e99c-4669-a7fd-e7d31a0b8b3d,2026-07-11T02:45:00Z,2026-07-11T04:45:00+0200,38000.0,MW,FR,FR,forecast_load,Forecasted Load,2026-07-19T10:02:06Z
2026-07-19T10:00:07Z,2026-07-19T12:00:07+0200,0122f339-e99c-4669-a7fd-e7d31a0b8b3d,2026-07-11T03:00:00Z,2026-07-11T05:00:00+0200,38000.0,MW,FR,FR,forecast_load,Forecasted Load,2026-07-19T10:02:06Z
2026-07-19T10:00:07Z,2026-07-19T12:00:07+0200,0122f339-e99c-4669-a7fd-e7d31a0b8b3d,2026-07-11T03:15:00Z,2026-07-11T05:15:00+0200,38050.0,MW,FR,FR,forecast_load,Forecasted Load,2026-07-19T10:02:06Z
2026-07-19T10:00:07Z,2026-07-19T12:00:07+0200,0122f339-e99c-4669-a7fd-e7d31a0b8b3d,2026-07-11T03:30:00Z,2026-07-11T05:30:00+0200,38100.0,MW,FR,FR,forecast_load,Forecasted Load,2026-07-19T10:02:06Z
2026-07-19T10:00:07Z,2026-07-19T12:00:07+0200,0122f339-e99c-4669-a7fd-e7d31a0b8b3d,2026-07-11T03:45:00Z,2026-07-11T05:45:00+0200,38050.0,MW,FR,FR,forecast_load,Forecasted Load,2026-07-19T10:02:06Z
2026-07-19T10:00:07Z,2026-07-19T12:00:07+0200,0122f339-e99c-4669-a7fd-e7d31a0b8b3d,2026-07-11T04:00:00Z,2026-07-11T06:00:00+0200,38000.0,MW,FR,FR,forecast_load,Forecasted Load,2026-07-19T10:02:06Z
2026-07-19T10:00:07Z,2026-07-19T12:00:07+0200,0122f339-e99c-4669-a7fd-e7d31a0b8b3d,2026-07-11T04:15:00Z,2026-07-11T06:15:00+0200,38100.0,MW,FR,FR,forecast_load,Forecasted Load,2026-07-19T10:02:06Z
2026-07-19T10:00:07Z,2026-07-19T12:00:07+0200,0122f339-e99c-4669-a7fd-e7d31a0b8b3d,2026-07-11T04:30:00Z,2026-07-11T06:30:00+0200,38200.0,MW,FR,FR,forecast_load,Forecasted Load,2026-07-19T10:02:06Z
2026-07-19T10:00:07Z,2026-07-19T12:00:07+0200,0122f339-e99c-4669-a7fd-e7d31a0b8b3d,2026-07-11T04:45:00Z,2026-07-11T06:45:00+0200,38400.0,MW,FR,FR,forecast_load,Forecasted Load,2026-07-19T10:02:06Z
2026-07-19T10:00:07Z,2026-07-19T12:00:07+0200,0122f339-e99c-4669-a7fd-e7d31a0b8b3d,2026-07-11T05:00:00Z,2026-07-11T07:00:00+0200,38600.0,MW,FR,FR,forecast_load,Forecasted Load,2026-07-19T10:02:06Z
2026-07-19T10:00:07Z,2026-07-19T12:00:07+0200,0122f339-e99c-4669-a7fd-e7d31a0b8b3d,2026-07-11T05:15:00Z,2026-07-11T07:15:00+0200,38950.0,MW,FR,FR,forecast_load,Forecasted Load,2026-07-19T10:02:06Z
2026-07-19T10:00:07Z,2026-07-19T12:00:07+0200,0122f339-e99c-4669-a7fd-e7d31a0b8b3d,2026-07-11T05:30:00Z,2026-07-11T07:30:00+0200,39300.0,MW,FR,FR,forecast_load,Forecasted Load,2026-07-19T10:02:06Z
2026-07-19T10:00:07Z,2026-07-19T12:00:07+0200,0122f339-e99c-4669-a7fd-e7d31a0b8b3d,2026-07-11T05:45:00Z,2026-07-11T07:45:00+0200,39650.0,MW,FR,FR,forecast_load,Forecasted Load,2026-07-19T10:02:06Z
2026-07-19T10:00:07Z,2026-07-19T12:00:07+0200,0122f339-e99c-4669-a7fd-e7d31a0b8b3d,2026-07-11T06:00:00Z,2026-07-11T08:00:00+0200,40000.0,MW,FR,FR,forecast_load,Forecasted Load,2026-07-19T10:02:06Z
2026-07-19T10:00:07Z,2026-07-19T12:00:07+0200,0122f339-e99c-4669-a7fd-e7d31a0b8b3d,2026-07-11T06:15:00Z,2026-07-11T08:15:00+0200,40700.0,MW,FR,FR,forecast_load,Forecasted Load,2026-07-19T10:02:06Z
2026-07-19T10:00:07Z,2026-07-19T12:00:07+0200,0122f339-e99c-4669-a7fd-e7d31a0b8b3d,2026-07-11T06:30:00Z,2026-07-11T08:30:00+0200,41400.0,MW,FR,FR,forecast_load,Forecasted Load,2026-07-19T10:02:06Z
2026-07-19T10:00:07Z,2026-07-19T12:00:07+0200,0122f339-e99c-4669-a7fd-e7d31a0b8b3d,2026-07-11T06:45:00Z,2026-07-11T08:45:00+0200,42050.0,MW,FR,FR,forecast_load,Forecasted Load,2026-07-19T10:02:06Z
2026-07-19T10:00:07Z,2026-07-19T12:00:07+0200,0122f339-e99c-4669-a7fd-e7d31a0b8b3d,2026-07-11T07:00:00Z,2026-07-11T09:00:00+0200,42700.0,MW,FR,FR,forecast_load,Forecasted Load,2026-07-19T10:02:06Z
2026-07-19T10:00:07Z,2026-07-19T12:00:07+0200,0122f339-e99c-4669-a7fd-e7d31a0b8b3d,2026-07-11T07:15:00Z,2026-07-11T09:15:00+0200,43250.0,MW,FR,FR,forecast_load,Forecasted Load,2026-07-19T10:02:06Z
2026-07-19T10:00:07Z,2026-07-19T12:00:07+0200,0122f339-e99c-4669-a7fd-e7d31a0b8b3d,2026-07-11T07:30:00Z,2026-07-11T09:30:00+0200,43800.0,MW,FR,FR,forecast_load,Forecasted Load,2026-07-19T10:02:06Z
2026-07-19T10:00:07Z,2026-07-19T12:00:07+0200,0122f339-e99c-4669-a7fd-e7d31a0b8b3d,2026-07-11T07:45:00Z,2026-07-11T09:45:00+0200,44350.0,MW,FR,FR,forecast_load,Forecasted Load,2026-07-19T10:02:06Z
2026-07-19T10:00:07Z,2026-07-19T12:00:07+0200,0122f339-e99c-4669-a7fd-e7d31a0b8b3d,2026-07-11T08:00:00Z,2026-07-11T10:00:00+0200,44900.0,MW,FR,FR,forecast_load,Forecasted Load,2026-07-19T10:02:06Z
2026-07-19T10:00:07Z,2026-07-19T12:00:07+0200,0122f339-e99c-4669-a7fd-e7d31a0b8b3d,2026-07-11T08:15:00Z,2026-07-11T10:15:00+0200,45200.0,MW,FR,FR,forecast_load,Forecasted Load,2026-07-19T10:02:06Z
2026-07-19T10:00:07Z,2026-07-19T12:00:07+0200,0122f339-e99c-4669-a7fd-e7d31a0b8b3d,2026-07-11T08:30:00Z,2026-07-11T10:30:00+0200,45500.0,MW,FR,FR,forecast_load,Forecasted Load,2026-07-19T10:02:06Z
2026-07-19T10:00:07Z,2026-07-19T12:00:07+0200,0122f339-e99c-4669-a7fd-e7d31a0b8b3d,2026-07-11T08:45:00Z,2026-07-11T10:45:00+0200,46000.0,MW,FR,FR,forecast_load,Forecasted Load,2026-07-19T10:02:06Z
2026-07-19T10:00:07Z,2026-07-19T12:00:07+0200,0122f339-e99c-4669-a7fd-e7d31a0b8b3d,2026-07-11T09:00:00Z,2026-07-11T11:00:00+0200,46500.0,MW,FR,FR,forecast_load,Forecasted Load,2026-07-19T10:02:06Z
2026-07-19T10:00:07Z,2026-07-19T12:00:07+0200,0122f339-e99c-4669-a7fd-e7d31a0b8b3d,2026-07-11T09:15:00Z,2026-07-11T11:15:00+0200,46800.0,MW,FR,FR,forecast_load,Forecasted Load,2026-07-19T10:02:06Z
2026-07-19T10:00:07Z,2026-07-19T12:00:07+0200,0122f339-e99c-4669-a7fd-e7d31a0b8b3d,2026-07-11T09:30:00Z,2026-07-11T11:30:00+0200,47100.0,MW,FR,FR,forecast_load,Forecasted Load,2026-07-19T10:02:06Z
2026-07-19T10:00:07Z,2026-07-19T12:00:07+0200,0122f339-e99c-4669-a7fd-e7d31a0b8b3d,2026-07-11T09:45:00Z,2026-07-11T11:45:00+0200,47900.0,MW,FR,FR,forecast_load,Forecasted Load,2026-07-19T10:02:06Z
2026-07-19T10:00:07Z,2026-07-19T12:00:07+0200,0122f339-e99c-4669-a7fd-e7d31a0b8b3d,2026-07-11T10:00:00Z,2026-07-11T12:00:00+0200,48700.0,MW,FR,FR,forecast_load,Forecasted Load,2026-07-19T10:02:06Z
2026-07-19T10:00:07Z,2026-07-19T12:00:07+0200,0122f339-e99c-4669-a7fd-e7d31a0b8b3d,2026-07-11T10:15:00Z,2026-07-11T12:15:00+0200,48900.0,MW,FR,FR,forecast_load,Forecasted Load,2026-07-19T10:02:06Z
2026-07-19T10:00:07Z,2026-07-19T12:00:07+0200,0122f339-e99c-4669-a7fd-e7d31a0b8b3d,2026-07-11T10:30:00Z,2026-07-11T12:30:00+0200,49100.0,MW,FR,FR,forecast_load,Forecasted Load,2026-07-19T10:02:06Z
2026-07-19T10:00:07Z,2026-07-19T12:00:07+0200,0122f339-e99c-4669-a7fd-e7d31a0b8b3d,2026-07-11T10:45:00Z,2026-07-11T12:45:00+0200,49650.0,MW,FR,FR,forecast_load,Forecasted Load,2026-07-19T10:02:06Z
2026-07-19T10:00:07Z,2026-07-19T12:00:07+0200,0122f339-e99c-4669-a7fd-e7d31a0b8b3d,2026-07-11T11:00:00Z,2026-07-11T13:00:00+0200,50200.0,MW,FR,FR,forecast_load,Forecasted Load,2026-07-19T10:02:06Z
2026-07-19T10:00:07Z,2026-07-19T12:00:07+0200,0122f339-e99c-4669-a7fd-e7d31a0b8b3d,2026-07-11T11:15:00Z,2026-07-11T13:15:00+0200,49650.0,MW,FR,FR,forecast_load,Forecasted Load,2026-07-19T10:02:06Z
2026-07-19T10:00:07Z,2026-07-19T12:00:07+0200,0122f339-e99c-4669-a7fd-e7d31a0b8b3d,2026-07-11T11:30:00Z,2026-07-11T13:30:00+0200,49100.0,MW,FR,FR,forecast_load,Forecasted Load,2026-07-19T10:02:06Z
2026-07-19T10:00:07Z,2026-07-19T12:00:07+0200,0122f339-e99c-4669-a7fd-e7d31a0b8b3d,2026-07-11T11:45:00Z,2026-07-11T13:45:00+0200,49200.0,MW,FR,FR,forecast_load,Forecasted Load,2026-07-19T10:02:06Z
2026-07-19T10:00:07Z,2026-07-19T12:00:07+0200,0122f339-e99c-4669-a7fd-e7d31a0b8b3d,2026-07-11T12:00:00Z,2026-07-11T14:00:00+0200,49300.0,MW,FR,FR,forecast_load,Forecasted Load,2026-07-19T10:02:06Z
2026-07-19T10:00:07Z,2026-07-19T12:00:07+0200,0122f339-e99c-4669-a7fd-e7d31a0b8b3d,2026-07-11T12:15:00Z,2026-07-11T14:15:00+0200,49650.0,MW,FR,FR,forecast_load,Forecasted Load,2026-07-19T10:02:06Z
2026-07-19T10:00:07Z,2026-07-19T12:00:07+0200,0122f339-e99c-4669-a7fd-e7d31a0b8b3d,2026-07-11T12:30:00Z,2026-07-11T14:30:00+0200,50000.0,MW,FR,FR,forecast_load,Forecasted Load,2026-07-19T10:02:06Z
2026-07-19T10:00:07Z,2026-07-19T12:00:07+0200,0122f339-e99c-4669-a7fd-e7d31a0b8b3d,2026-07-11T12:45:00Z,2026-07-11T14:45:00+0200,49800.0,MW,FR,FR,forecast_load,Forecasted Load,2026-07-19T10:02:06Z
2026-07-19T10:00:07Z,2026-07-19T12:00:07+0200,0122f339-e99c-4669-a7fd-e7d31a0b8b3d,2026-07-11T13:00:00Z,2026-07-11T15:00:00+0200,49600.0,MW,FR,FR,forecast_load,Forecasted Load,2026-07-19T10:02:06Z
2026-07-19T10:00:07Z,2026-07-19T12:00:07+0200,0122f339-e99c-4669-a7fd-e7d31a0b8b3d,2026-07-11T13:15:00Z,2026-07-11T15:15:00+0200,49200.0,MW,FR,FR,forecast_load,Forecasted Load,2026-07-19T10:02:06Z
2026-07-19T10:00:07Z,2026-07-19T12:00:07+0200,0122f339-e99c-4669-a7fd-e7d31a0b8b3d,2026-07-11T13:30:00Z,2026-07-11T15:30:00+0200,48800.0,MW,FR,FR,forecast_load,Forecasted Load,2026-07-19T10:02:06Z
2026-07-19T10:00:07Z,2026-07-19T12:00:07+0200,0122f339-e99c-4669-a7fd-e7d31a0b8b3d,2026-07-11T13:45:00Z,2026-07-11T15:45:00+0200,48600.0,MW,FR,FR,forecast_load,Forecasted Load,2026-07-19T10:02:06Z
2026-07-19T10:00:07Z,2026-07-19T12:00:07+0200,0122f339-e99c-4669-a7fd-e7d31a0b8b3d,2026-07-11T14:00:00Z,2026-07-11T16:00:00+0200,48400.0,MW,FR,FR,forecast_load,Forecasted Load,2026-07-19T10:02:06Z
2026-07-19T10:00:07Z,2026-07-19T12:00:07+0200,0122f339-e99c-4669-a7fd-e7d31a0b8b3d,2026-07-11T14:15:00Z,2026-07-11T16:15:00+0200,48250.0,MW,FR,FR,forecast_load,Forecasted Load,2026-07-19T10:02:06Z
2026-07-19T10:00:07Z,2026-07-19T12:00:07+0200,0122f339-e99c-4669-a7fd-e7d31a0b8b3d,2026-07-11T14:30:00Z,2026-07-11T16:30:00+0200,48100.0,MW,FR,FR,forecast_load,Forecasted Load,2026-07-19T10:02:06Z
2026-07-19T10:00:07Z,2026-07-19T12:00:07+0200,0122f339-e99c-4669-a7fd-e7d31a0b8b3d,2026-07-11T14:45:00Z,2026-07-11T16:45:00+0200,47900.0,MW,FR,FR,forecast_load,Forecasted Load,2026-07-19T10:02:06Z
2026-07-19T10:00:07Z,2026-07-19T12:00:07+0200,0122f339-e99c-4669-a7fd-e7d31a0b8b3d,2026-07-11T15:00:00Z,2026-07-11T17:00:00+0200,47700.0,MW,FR,FR,forecast_load,Forecasted Load,2026-07-19T10:02:06Z
2026-07-19T10:00:07Z,2026-07-19T12:00:07+0200,0122f339-e99c-4669-a7fd-e7d31a0b8b3d,2026-07-11T15:15:00Z,2026-07-11T17:15:00+0200,47900.0,MW,FR,FR,forecast_load,Forecasted Load,2026-07-19T10:02:06Z
2026-07-19T10:00:07Z,2026-07-19T12:00:07+0200,0122f339-e99c-4669-a7fd-e7d31a0b8b3d,2026-07-11T15:30:00Z,2026-07-11T17:30:00+0200,48100.0,MW,FR,FR,forecast_load,Forecasted Load,2026-07-19T10:02:06Z
2026-07-19T10:00:07Z,2026-07-19T12:00:07+0200,0122f339-e99c-4669-a7fd-e7d31a0b8b3d,2026-07-11T15:45:00Z,2026-07-11T17:45:00+0200,48350.0,MW,FR,FR,forecast_load,Forecasted Load,2026-07-19T10:02:06Z
2026-07-19T10:00:07Z,2026-07-19T12:00:07+0200,0122f339-e99c-4669-a7fd-e7d31a0b8b3d,2026-07-11T16:00:00Z,2026-07-11T18:00:00+0200,48600.0,MW,FR,FR,forecast_load,Forecasted Load,2026-07-19T10:02:06Z
2026-07-19T10:00:07Z,2026-07-19T12:00:07+0200,0122f339-e99c-4669-a7fd-e7d31a0b8b3d,2026-07-11T16:15:00Z,2026-07-11T18:15:00+0200,49000.0,MW,FR,FR,forecast_load,Forecasted Load,2026-07-19T10:02:06Z
2026-07-19T10:00:07Z,2026-07-19T12:00:07+0200,0122f339-e99c-4669-a7fd-e7d31a0b8b3d,2026-07-11T16:30:00Z,2026-07-11T18:30:00+0200,49400.0,MW,FR,FR,forecast_load,Forecasted Load,2026-07-19T10:02:06Z
2026-07-19T10:00:07Z,2026-07-19T12:00:07+0200,0122f339-e99c-4669-a7fd-e7d31a0b8b3d,2026-07-11T16:45:00Z,2026-07-11T18:45:00+0200,49550.0,MW,FR,FR,forecast_load,Forecasted Load,2026-07-19T10:02:06Z
2026-07-19T10:00:07Z,2026-07-19T12:00:07+0200,0122f339-e99c-4669-a7fd-e7d31a0b8b3d,2026-07-11T17:00:00Z,2026-07-11T19:00:00+0200,49700.0,MW,FR,FR,forecast_load,Forecasted Load,2026-07-19T10:02:06Z
2026-07-19T10:00:07Z,2026-07-19T12:00:07+0200,0122f339-e99c-4669-a7fd-e7d31a0b8b3d,2026-07-11T17:15:00Z,2026-07-11T19:15:00+0200,49650.0,MW,FR,FR,forecast_load,Forecasted Load,2026-07-19T10:02:06Z
2026-07-19T10:00:07Z,2026-07-19T12:00:07+0200,0122f339-e99c-4669-a7fd-e7d31a0b8b3d,2026-07-11T17:30:00Z,2026-07-11T19:30:00+0200,49600.0,MW,FR,FR,forecast_load,Forecasted Load,2026-07-19T10:02:06Z
2026-07-19T10:00:07Z,2026-07-19T12:00:07+0200,0122f339-e99c-4669-a7fd-e7d31a0b8b3d,2026-07-11T17:45:00Z,2026-07-11T19:45:00+0200,49350.0,MW,FR,FR,forecast_load,Forecasted Load,2026-07-19T10:02:06Z
2026-07-19T10:00:07Z,2026-07-19T12:00:07+0200,0122f339-e99c-4669-a7fd-e7d31a0b8b3d,2026-07-11T18:00:00Z,2026-07-11T20:00:00+0200,49100.0,MW,FR,FR,forecast_load,Forecasted Load,2026-07-19T10:02:06Z
2026-07-19T10:00:07Z,2026-07-19T12:00:07+0200,0122f339-e99c-4669-a7fd-e7d31a0b8b3d,2026-07-11T18:15:00Z,2026-07-11T20:15:00+0200,48450.0,MW,FR,FR,forecast_load,Forecasted Load,2026-07-19T10:02:06Z
2026-07-19T10:00:07Z,2026-07-19T12:00:07+0200,0122f339-e99c-4669-a7fd-e7d31a0b8b3d,2026-07-11T18:30:00Z,2026-07-11T20:30:00+0200,47800.0,MW,FR,FR,forecast_load,Forecasted Load,2026-07-19T10:02:06Z
2026-07-19T10:00:07Z,2026-07-19T12:00:07+0200,0122f339-e99c-4669-a7fd-e7d31a0b8b3d,2026-07-11T18:45:00Z,2026-07-11T20:45:00+0200,47350.0,MW,FR,FR,forecast_load,Forecasted Load,2026-07-19T10:02:06Z
2026-07-19T10:00:07Z,2026-07-19T12:00:07+0200,0122f339-e99c-4669-a7fd-e7d31a0b8b3d,2026-07-11T19:00:00Z,2026-07-11T21:00:00+0200,46900.0,MW,FR,FR,forecast_load,Forecasted Load,2026-07-19T10:02:06Z
2026-07-19T10:00:07Z,2026-07-19T12:00:07+0200,0122f339-e99c-4669-a7fd-e7d31a0b8b3d,2026-07-11T19:15:00Z,2026-07-11T21:15:00+0200,46550.0,MW,FR,FR,forecast_load,Forecasted Load,2026-07-19T10:02:06Z
2026-07-19T10:00:07Z,2026-07-19T12:00:07+0200,0122f339-e99c-4669-a7fd-e7d31a0b8b3d,2026-07-11T19:30:00Z,2026-07-11T21:30:00+0200,46200.0,MW,FR,FR,forecast_load,Forecasted Load,2026-07-19T10:02:06Z
2026-07-19T10:00:07Z,2026-07-19T12:00:07+0200,0122f339-e99c-4669-a7fd-e7d31a0b8b3d,2026-07-11T19:45:00Z,2026-07-11T21:45:00+0200,46050.0,MW,FR,FR,forecast_load,Forecasted Load,2026-07-19T10:02:06Z
2026-07-19T10:00:07Z,2026-07-19T12:00:07+0200,0122f339-e99c-4669-a7fd-e7d31a0b8b3d,2026-07-11T20:00:00Z,2026-07-11T22:00:00+0200,45900.0,MW,FR,FR,forecast_load,Forecasted Load,2026-07-19T10:02:06Z
2026-07-19T10:00:07Z,2026-07-19T12:00:07+0200,0122f339-e99c-4669-a7fd-e7d31a0b8b3d,2026-07-11T20:15:00Z,2026-07-11T22:15:00+0200,46750.0,MW,FR,FR,forecast_load,Forecasted Load,2026-07-19T10:02:06Z
2026-07-19T10:00:07Z,2026-07-19T12:00:07+0200,0122f339-e99c-4669-a7fd-e7d31a0b8b3d,2026-07-11T20:30:00Z,2026-07-11T22:30:00+0200,47600.0,MW,FR,FR,forecast_load,Forecasted Load,2026-07-19T10:02:06Z
2026-07-19T10:00:07Z,2026-07-19T12:00:07+0200,0122f339-e99c-4669-a7fd-e7d31a0b8b3d,2026-07-11T20:45:00Z,2026-07-11T22:45:00+0200,48150.0,MW,FR,FR,forecast_load,Forecasted Load,2026-07-19T10:02:06Z
2026-07-19T10:00:07Z,2026-07-19T12:00:07+0200,0122f339-e99c-4669-a7fd-e7d31a0b8b3d,2026-07-11T21:00:00Z,2026-07-11T23:00:00+0200,48700.0,MW,FR,FR,forecast_load,Forecasted Load,2026-07-19T10:02:06Z
2026-07-19T10:00:07Z,2026-07-19T12:00:07+0200,0122f339-e99c-4669-a7fd-e7d31a0b8b3d,2026-07-11T21:15:00Z,2026-07-11T23:15:00+0200,47650.0,MW,FR,FR,forecast_load,Forecasted Load,2026-07-19T10:02:06Z
2026-07-19T10:00:07Z,2026-07-19T12:00:07+0200,0122f339-e99c-4669-a7fd-e7d31a0b8b3d,2026-07-11T21:30:00Z,2026-07-11T23:30:00+0200,46600.0,MW,FR,FR,forecast_load,Forecasted Load,2026-07-19T10:02:06Z
2026-07-19T10:00:07Z,2026-07-19T12:00:07+0200,0122f339-e99c-4669-a7fd-e7d31a0b8b3d,2026-07-11T21:45:00Z,2026-07-11T23:45:00+0200,46050.0,MW,FR,FR,forecast_load,Forecasted Load,2026-07-19T10:02:06Z
2026-07-19T10:00:07Z,2026-07-19T12:00:07+0200,0122f339-e99c-4669-a7fd-e7d31a0b8b3d,2026-07-11T22:00:00Z,2026-07-12T00:00:00+0200,45400.0,MW,FR,FR,forecast_load,Forecasted Load,2026-07-19T10:02:06Z
2026-07-19T10:00:07Z,2026-07-19T12:00:07+0200,0122f339-e99c-4669-a7fd-e7d31a0b8b3d,2026-07-11T22:15:00Z,2026-07-12T00:15:00+0200,44400.0,MW,FR,FR,forecast_load,Forecasted Load,2026-07-19T10:02:06Z
2026-07-19T10:00:07Z,2026-07-19T12:00:07+0200,0122f339-e99c-4669-a7fd-e7d31a0b8b3d,2026-07-11T22:30:00Z,2026-07-12T00:30:00+0200,43400.0,MW,FR,FR,forecast_load,Forecasted Load,2026-07-19T10:02:06Z
2026-07-19T10:00:07Z,2026-07-19T12:00:07+0200,0122f339-e99c-4669-a7fd-e7d31a0b8b3d,2026-07-11T22:45:00Z,2026-07-12T00:45:00+0200,42600.0,MW,FR,FR,forecast_load,Forecasted Load,2026-07-19T10:02:06Z
2026-07-19T10:00:07Z,2026-07-19T12:00:07+0200,0122f339-e99c-4669-a7fd-e7d31a0b8b3d,2026-07-11T23:00:00Z,2026-07-12T01:00:00+0200,41800.0,MW,FR,FR,forecast_load,Forecasted Load,2026-07-19T10:02:06Z
2026-07-19T10:00:07Z,2026-07-19T12:00:07+0200,0122f339-e99c-4669-a7fd-e7d31a0b8b3d,2026-07-11T23:15:00Z,2026-07-12T01:15:00+0200,41850.0,MW,FR,FR,forecast_load,Forecasted Load,2026-07-19T10:02:06Z
2026-07-19T10:00:07Z,2026-07-19T12:00:07+0200,0122f339-e99c-4669-a7fd-e7d31a0b8b3d,2026-07-11T23:30:00Z,2026-07-12T01:30:00+0200,41900.0,MW,FR,FR,forecast_load,Forecasted Load,2026-07-19T10:02:06Z
2026-07-19T10:00:07Z,2026-07-19T12:00:07+0200,0122f339-e99c-4669-a7fd-e7d31a0b8b3d,2026-07-11T23:45:00Z,2026-07-12T01:45:00+0200,41250.0,MW,FR,FR,forecast_load,Forecasted Load,2026-07-19T10:02:06Z
2026-07-19T10:00:07Z,2026-07-19T12:00:07+0200,0122f339-e99c-4669-a7fd-e7d31a0b8b3d,2026-07-12T00:00:00Z,2026-07-12T02:00:00+0200,40600.0,MW,FR,FR,forecast_load,Forecasted Load,2026-07-19T10:02:06Z
2026-07-19T10:00:07Z,2026-07-19T12:00:07+0200,0122f339-e99c-4669-a7fd-e7d31a0b8b3d,2026-07-12T00:15:00Z,2026-07-12T02:15:00+0200,39900.0,MW,FR,FR,forecast_load,Forecasted Load,2026-07-19T10:02:06Z
2026-07-19T10:00:07Z,2026-07-19T12:00:07+0200,0122f339-e99c-4669-a7fd-e7d31a0b8b3d,2026-07-12T00:30:00Z,2026-07-12T02:30:00+0200,39200.0,MW,FR,FR,forecast_load,Forecasted Load,2026-07-19T10:02:06Z
2026-07-19T10:00:07Z,2026-07-19T12:00:07+0200,0122f339-e99c-4669-a7fd-e7d31a0b8b3d,2026-07-12T00:45:00Z,2026-07-12T02:45:00+0200,38450.0,MW,FR,FR,forecast_load,Forecasted Load,2026-07-19T10:02:06Z
2026-07-19T10:00:07Z,2026-07-19T12:00:07+0200,0122f339-e99c-4669-a7fd-e7d31a0b8b3d,2026-07-12T01:00:00Z,2026-07-12T03:00:00+0200,37700.0,MW,FR,FR,forecast_load,Forecasted Load,2026-07-19T10:02:06Z
2026-07-19T10:00:07Z,2026-07-19T12:00:07+0200,0122f339-e99c-4669-a7fd-e7d31a0b8b3d,2026-07-12T01:15:00Z,2026-07-12T03:15:00+0200,37350.0,MW,FR,FR,forecast_load,Forecasted Load,2026-07-19T10:02:06Z
2026-07-19T10:00:07Z,2026-07-19T12:00:07+0200,0122f339-e99c-4669-a7fd-e7d31a0b8b3d,2026-07-12T01:30:00Z,2026-07-12T03:30:00+0200,37000.0,MW,FR,FR,forecast_load,Forecasted Load,2026-07-19T10:02:06Z
2026-07-19T10:00:07Z,2026-07-19T12:00:07+0200,0122f339-e99c-4669-a7fd-e7d31a0b8b3d,2026-07-12T01:45:00Z,2026-07-12T03:45:00+0200,36650.0,MW,FR,FR,forecast_load,Forecasted Load,2026-07-19T10:02:06Z
2026-07-19T10:00:07Z,2026-07-19T12:00:07+0200,0122f339-e99c-4669-a7fd-e7d31a0b8b3d,2026-07-12T02:00:00Z,2026-07-12T04:00:00+0200,36300.0,MW,FR,FR,forecast_load,Forecasted Load,2026-07-19T10:02:06Z
2026-07-19T10:00:07Z,2026-07-19T12:00:07+0200,0122f339-e99c-4669-a7fd-e7d31a0b8b3d,2026-07-12T02:15:00Z,2026-07-12T04:15:00+0200,36200.0,MW,FR,FR,forecast_load,Forecasted Load,2026-07-19T10:02:06Z
2026-07-19T10:00:07Z,2026-07-19T12:00:07+0200,0122f339-e99c-4669-a7fd-e7d31a0b8b3d,2026-07-12T02:30:00Z,2026-07-12T04:30:00+0200,36100.0,MW,FR,FR,forecast_load,Forecasted Load,2026-07-19T10:02:06Z
2026-07-19T10:00:07Z,2026-07-19T12:00:07+0200,0122f339-e99c-4669-a7fd-e7d31a0b8b3d,2026-07-12T02:45:00Z,2026-07-12T04:45:00+0200,35900.0,MW,FR,FR,forecast_load,Forecasted Load,2026-07-19T10:02:06Z
2026-07-19T10:00:07Z,2026-07-19T12:00:07+0200,0122f339-e99c-4669-a7fd-e7d31a0b8b3d,2026-07-12T03:00:00Z,2026-07-12T05:00:00+0200,35700.0,MW,FR,FR,forecast_load,Forecasted Load,2026-07-19T10:02:06Z
2026-07-19T10:00:07Z,2026-07-19T12:00:07+0200,0122f339-e99c-4669-a7fd-e7d31a0b8b3d,2026-07-12T03:15:00Z,2026-07-12T05:15:00+0200,35650.0,MW,FR,FR,forecast_load,Forecasted Load,2026-07-19T10:02:06Z
2026-07-19T10:00:07Z,2026-07-19T12:00:07+0200,0122f339-e99c-4669-a7fd-e7d31a0b8b3d,2026-07-12T03:30:00Z,2026-07-12T05:30:00+0200,35600.0,MW,FR,FR,forecast_load,Forecasted Load,2026-07-19T10:02:06Z
2026-07-19T10:00:07Z,2026-07-19T12:00:07+0200,0122f339-e99c-4669-a7fd-e7d31a0b8b3d,2026-07-12T03:45:00Z,2026-07-12T05:45:00+0200,35300.0,MW,FR,FR,forecast_load,Forecasted Load,2026-07-19T10:02:06Z
2026-07-19T10:00:07Z,2026-07-19T12:00:07+0200,0122f339-e99c-4669-a7fd-e7d31a0b8b3d,2026-07-12T04:00:00Z,2026-07-12T06:00:00+0200,35000.0,MW,FR,FR,forecast_load,Forecasted Load,2026-07-19T10:02:06Z
2026-07-19T10:00:07Z,2026-07-19T12:00:07+0200,0122f339-e99c-4669-a7fd-e7d31a0b8b3d,2026-07-12T04:15:00Z,2026-07-12T06:15:00+0200,35000.0,MW,FR,FR,forecast_load,Forecasted Load,2026-07-19T10:02:06Z
2026-07-19T10:00:07Z,2026-07-19T12:00:07+0200,0122f339-e99c-4669-a7fd-e7d31a0b8b3d,2026-07-12T04:30:00Z,2026-07-12T06:30:00+0200,35000.0,MW,FR,FR,forecast_load,Forecasted Load,2026-07-19T10:02:06Z
2026-07-19T10:00:07Z,2026-07-19T12:00:07+0200,0122f339-e99c-4669-a7fd-e7d31a0b8b3d,2026-07-12T04:45:00Z,2026-07-12T06:45:00+0200,35000.0,MW,FR,FR,forecast_load,Forecasted Load,2026-07-19T10:02:06Z
2026-07-19T10:00:07Z,2026-07-19T12:00:07+0200,0122f339-e99c-4669-a7fd-e7d31a0b8b3d,2026-07-12T05:00:00Z,2026-07-12T07:00:00+0200,35000.0,MW,FR,FR,forecast_load,Forecasted Load,2026-07-19T10:02:06Z
2026-07-19T10:00:07Z,2026-07-19T12:00:07+0200,0122f339-e99c-4669-a7fd-e7d31a0b8b3d,2026-07-12T05:15:00Z,2026-07-12T07:15:00+0200,35300.0,MW,FR,FR,forecast_load,Forecasted Load,2026-07-19T10:02:06Z
2026-07-19T10:00:07Z,2026-07-19T12:00:07+0200,0122f339-e99c-4669-a7fd-e7d31a0b8b3d,2026-07-12T05:30:00Z,2026-07-12T07:30:00+0200,35600.0,MW,FR,FR,forecast_load,Forecasted Load,2026-07-19T10:02:06Z
2026-07-19T10:00:07Z,2026-07-19T12:00:07+0200,0122f339-e99c-4669-a7fd-e7d31a0b8b3d,2026-07-12T05:45:00Z,2026-07-12T07:45:00+0200,35950.0,MW,FR,FR,forecast_load,Forecasted Load,2026-07-19T10:02:06Z
2026-07-19T10:00:07Z,2026-07-19T12:00:07+0200,0122f339-e99c-4669-a7fd-e7d31a0b8b3d,2026-07-12T06:00:00Z,2026-07-12T08:00:00+0200,36300.0,MW,FR,FR,forecast_load,Forecasted Load,2026-07-19T10:02:06Z
2026-07-19T10:00:07Z,2026-07-19T12:00:07+0200,0122f339-e99c-4669-a7fd-e7d31a0b8b3d,2026-07-12T06:15:00Z,2026-07-12T08:15:00+0200,37000.0,MW,FR,FR,forecast_load,Forecasted Load,2026-07-19T10:02:06Z
2026-07-19T10:00:07Z,2026-07-19T12:00:07+0200,0122f339-e99c-4669-a7fd-e7d31a0b8b3d,2026-07-12T06:30:00Z,2026-07-12T08:30:00+0200,37700.0,MW,FR,FR,forecast_load,Forecasted Load,2026-07-19T10:02:06Z
2026-07-19T10:00:07Z,2026-07-19T12:00:07+0200,0122f339-e99c-4669-a7fd-e7d31a0b8b3d,2026-07-12T06:45:00Z,2026-07-12T08:45:00+0200,38250.0,MW,FR,FR,forecast_load,Forecasted Load,2026-07-19T10:02:06Z
2026-07-19T10:00:07Z,2026-07-19T12:00:07+0200,0122f339-e99c-4669-a7fd-e7d31a0b8b3d,2026-07-12T07:00:00Z,2026-07-12T09:00:00+0200,38800.0,MW,FR,FR,forecast_load,Forecasted Load,2026-07-19T10:02:06Z
2026-07-19T10:00:07Z,2026-07-19T12:00:07+0200,0122f339-e99c-4669-a7fd-e7d31a0b8b3d,2026-07-12T07:15:00Z,2026-07-12T09:15:00+0200,39550.0,MW,FR,FR,forecast_load,Forecasted Load,2026-07-19T10:02:06Z
2026-07-19T10:00:07Z,2026-07-19T12:00:07+0200,0122f339-e99c-4669-a7fd-e7d31a0b8b3d,2026-07-12T07:30:00Z,2026-07-12T09:30:00+0200,40300.0,MW,FR,FR,forecast_load,Forecasted Load,2026-07-19T10:02:06Z
2026-07-19T10:00:07Z,2026-07-19T12:00:07+0200,0122f339-e99c-4669-a7fd-e7d31a0b8b3d,2026-07-12T07:45:00Z,2026-07-12T09:45:00+0200,40850.0,MW,FR,FR,forecast_load,Forecasted Load,2026-07-19T10:02:06Z
2026-07-19T10:00:07Z,2026-07-19T12:00:07+0200,0122f339-e99c-4669-a7fd-e7d31a0b8b3d,2026-07-12T08:00:00Z,2026-07-12T10:00:00+0200,41400.0,MW,FR,FR,forecast_load,Forecasted Load,2026-07-19T10:02:06Z
2026-07-19T10:00:07Z,2026-07-19T12:00:07+0200,0122f339-e99c-4669-a7fd-e7d31a0b8b3d,2026-07-12T08:15:00Z,2026-07-12T10:15:00+0200,41950.0,MW,FR,FR,forecast_load,Forecasted Load,2026-07-19T10:02:06Z
2026-07-19T10:00:07Z,2026-07-19T12:00:07+0200,0122f339-e99c-4669-a7fd-e7d31a0b8b3d,2026-07-12T08:30:00Z,2026-07-12T10:30:00+0200,42500.0,MW,FR,FR,forecast_load,Forecasted Load,2026-07-19T10:02:06Z
2026-07-19T10:00:07Z,2026-07-19T12:00:07+0200,0122f339-e99c-4669-a7fd-e7d31a0b8b3d,2026-07-12T08:45:00Z,2026-07-12T10:45:00+0200,43200.0,MW,FR,FR,forecast_load,Forecasted Load,2026-07-19T10:02:06Z
2026-07-19T10:00:07Z,2026-07-19T12:00:07+0200,0122f339-e99c-4669-a7fd-e7d31a0b8b3d,2026-07-12T09:00:00Z,2026-07-12T11:00:00+0200,43900.0,MW,FR,FR,forecast_load,Forecasted Load,2026-07-19T10:02:06Z
2026-07-19T10:00:07Z,2026-07-19T12:00:07+0200,0122f339-e99c-4669-a7fd-e7d31a0b8b3d,2026-07-12T09:15:00Z,2026-07-12T11:15:00+0200,44200.0,MW,FR,FR,forecast_load,Forecasted Load,2026-07-19T10:02:06Z
2026-07-19T10:00:07Z,2026-07-19T12:00:07+0200,0122f339-e99c-4669-a7fd-e7d31a0b8b3d,2026-07-12T09:30:00Z,2026-07-12T11:30:00+0200,44500.0,MW,FR,FR,forecast_load,Forecasted Load,2026-07-19T10:02:06Z
2026-07-19T10:00:07Z,2026-07-19T12:00:07+0200,0122f339-e99c-4669-a7fd-e7d31a0b8b3d,2026-07-12T09:45:00Z,2026-07-12T11:45:00+0200,45100.0,MW,FR,FR,forecast_load,Forecasted Load,2026-07-19T10:02:06Z
2026-07-19T10:00:07Z,2026-07-19T12:00:07+0200,0122f339-e99c-4669-a7fd-e7d31a0b8b3d,2026-07-12T10:00:00Z,2026-07-12T12:00:00+0200,45700.0,MW,FR,FR,forecast_load,Forecasted Load,2026-07-19T10:02:06Z
2026-07-19T10:00:07Z,2026-07-19T12:00:07+0200,0122f339-e99c-4669-a7fd-e7d31a0b8b3d,2026-07-12T10:15:00Z,2026-07-12T12:15:00+0200,45800.0,MW,FR,FR,forecast_load,Forecasted Load,2026-07-19T10:02:06Z
2026-07-19T10:00:07Z,2026-07-19T12:00:07+0200,0122f339-e99c-4669-a7fd-e7d31a0b8b3d,2026-07-12T10:30:00Z,2026-07-12T12:30:00+0200,45900.0,MW,FR,FR,forecast_load,Forecasted Load,2026-07-19T10:02:06Z
2026-07-19T10:00:07Z,2026-07-19T12:00:07+0200,0122f339-e99c-4669-a7fd-e7d31a0b8b3d,2026-07-12T10:45:00Z,2026-07-12T12:45:00+0200,46700.0,MW,FR,FR,forecast_load,Forecasted Load,2026-07-19T10:02:06Z
2026-07-19T10:00:07Z,2026-07-19T12:00:07+0200,0122f339-e99c-4669-a7fd-e7d31a0b8b3d,2026-07-12T11:00:00Z,2026-07-12T13:00:00+0200,47500.0,MW,FR,FR,forecast_load,Forecasted Load,2026-07-19T10:02:06Z
2026-07-19T10:00:07Z,2026-07-19T12:00:07+0200,0122f339-e99c-4669-a7fd-e7d31a0b8b3d,2026-07-12T11:15:00Z,2026-07-12T13:15:00+0200,46500.0,MW,FR,FR,forecast_load,Forecasted Load,2026-07-19T10:02:06Z
2026-07-19T10:00:07Z,2026-07-19T12:00:07+0200,0122f339-e99c-4669-a7fd-e7d31a0b8b3d,2026-07-12T11:30:00Z,2026-07-12T13:30:00+0200,45500.0,MW,FR,FR,forecast_load,Forecasted Load,2026-07-19T10:02:06Z
2026-07-19T10:00:07Z,2026-07-19T12:00:07+0200,0122f339-e99c-4669-a7fd-e7d31a0b8b3d,2026-07-12T11:45:00Z,2026-07-12T13:45:00+0200,45500.0,MW,FR,FR,forecast_load,Forecasted Load,2026-07-19T10:02:06Z
2026-07-19T10:00:07Z,2026-07-19T12:00:07+0200,0122f339-e99c-4669-a7fd-e7d31a0b8b3d,2026-07-12T12:00:00Z,2026-07-12T14:00:00+0200,45500.0,MW,FR,FR,forecast_load,Forecasted Load,2026-07-19T10:02:06Z
2026-07-19T10:00:07Z,2026-07-19T12:00:07+0200,0122f339-e99c-4669-a7fd-e7d31a0b8b3d,2026-07-12T12:15:00Z,2026-07-12T14:15:00+0200,45950.0,MW,FR,FR,forecast_load,Forecasted Load,2026-07-19T10:02:06Z
2026-07-19T10:00:07Z,2026-07-19T12:00:07+0200,0122f339-e99c-4669-a7fd-e7d31a0b8b3d,2026-07-12T12:30:00Z,2026-07-12T14:30:00+0200,46400.0,MW,FR,FR,forecast_load,Forecasted Load,2026-07-19T10:02:06Z
2026-07-19T10:00:07Z,2026-07-19T12:00:07+0200,0122f339-e99c-4669-a7fd-e7d31a0b8b3d,2026-07-12T12:45:00Z,2026-07-12T14:45:00+0200,46350.0,MW,FR,FR,forecast_load,Forecasted Load,2026-07-19T10:02:06Z
2026-07-19T10:00:07Z,2026-07-19T12:00:07+0200,0122f339-e99c-4669-a7fd-e7d31a0b8b3d,2026-07-12T13:00:00Z,2026-07-12T15:00:00+0200,46300.0,MW,FR,FR,forecast_load,Forecasted Load,2026-07-19T10:02:06Z
2026-07-19T10:00:07Z,2026-07-19T12:00:07+0200,0122f339-e99c-4669-a7fd-e7d31a0b8b3d,2026-07-12T13:15:00Z,2026-07-12T15:15:00+0200,45950.0,MW,FR,FR,forecast_load,Forecasted Load,2026-07-19T10:02:06Z
2026-07-19T10:00:07Z,2026-07-19T12:00:07+0200,0122f339-e99c-4669-a7fd-e7d31a0b8b3d,2026-07-12T13:30:00Z,2026-07-12T15:30:00+0200,45600.0,MW,FR,FR,forecast_load,Forecasted Load,2026-07-19T10:02:06Z
2026-07-19T10:00:07Z,2026-07-19T12:00:07+0200,0122f339-e99c-4669-a7fd-e7d31a0b8b3d,2026-07-12T13:45:00Z,2026-07-12T15:45:00+0200,45450.0,MW,FR,FR,forecast_load,Forecasted Load,2026-07-19T10:02:06Z
2026-07-19T10:00:07Z,2026-07-19T12:00:07+0200,0122f339-e99c-4669-a7fd-e7d31a0b8b3d,2026-07-12T14:00:00Z,2026-07-12T16:00:00+0200,45300.0,MW,FR,FR,forecast_load,Forecasted Load,2026-07-19T10:02:06Z
2026-07-19T10:00:07Z,2026-07-19T12:00:07+0200,0122f339-e99c-4669-a7fd-e7d31a0b8b3d,2026-07-12T14:15:00Z,2026-07-12T16:15:00+0200,45450.0,MW,FR,FR,forecast_load,Forecasted Load,2026-07-19T10:02:06Z
2026-07-19T10:00:07Z,2026-07-19T12:00:07+0200,0122f339-e99c-4669-a7fd-e7d31a0b8b3d,2026-07-12T14:30:00Z,2026-07-12T16:30:00+0200,45600.0,MW,FR,FR,forecast_load,Forecasted Load,2026-07-19T10:02:06Z
2026-07-19T10:00:07Z,2026-07-19T12:00:07+0200,0122f339-e99c-4669-a7fd-e7d31a0b8b3d,2026-07-12T14:45:00Z,2026-07-12T16:45:00+0200,45700.0,MW,FR,FR,forecast_load,Forecasted Load,2026-07-19T10:02:06Z
2026-07-19T10:00:07Z,2026-07-19T12:00:07+0200,0122f339-e99c-4669-a7fd-e7d31a0b8b3d,2026-07-12T15:00:00Z,2026-07-12T17:00:00+0200,45800.0,MW,FR,FR,forecast_load,Forecasted Load,2026-07-19T10:02:06Z
2026-07-19T10:00:07Z,2026-07-19T12:00:07+0200,0122f339-e99c-4669-a7fd-e7d31a0b8b3d,2026-07-12T15:15:00Z,2026-07-12T17:15:00+0200,46000.0,MW,FR,FR,forecast_load,Forecasted Load,2026-07-19T10:02:06Z
2026-07-19T10:00:07Z,2026-07-19T12:00:07+0200,0122f339-e99c-4669-a7fd-e7d31a0b8b3d,2026-07-12T15:30:00Z,2026-07-12T17:30:00+0200,46200.0,MW,FR,FR,forecast_load,Forecasted Load,2026-07-19T10:02:06Z
2026-07-19T10:00:07Z,2026-07-19T12:00:07+0200,0122f339-e99c-4669-a7fd-e7d31a0b8b3d,2026-07-12T15:45:00Z,2026-07-12T17:45:00+0200,46700.0,MW,FR,FR,forecast_load,Forecasted Load,2026-07-19T10:02:06Z
2026-07-19T10:00:07Z,2026-07-19T12:00:07+0200,0122f339-e99c-4669-a7fd-e7d31a0b8b3d,2026-07-12T16:00:00Z,2026-07-12T18:00:00+0200,47200.0,MW,FR,FR,forecast_load,Forecasted Load,2026-07-19T10:02:06Z
2026-07-19T10:00:07Z,2026-07-19T12:00:07+0200,0122f339-e99c-4669-a7fd-e7d31a0b8b3d,2026-07-12T16:15:00Z,2026-07-12T18:15:00+0200,47650.0,MW,FR,FR,forecast_load,Forecasted Load,2026-07-19T10:02:06Z
2026-07-19T10:00:07Z,2026-07-19T12:00:07+0200,0122f339-e99c-4669-a7fd-e7d31a0b8b3d,2026-07-12T16:30:00Z,2026-07-12T18:30:00+0200,48100.0,MW,FR,FR,forecast_load,Forecasted Load,2026-07-19T10:02:06Z
2026-07-19T10:00:07Z,2026-07-19T12:00:07+0200,0122f339-e99c-4669-a7fd-e7d31a0b8b3d,2026-07-12T16:45:00Z,2026-07-12T18:45:00+0200,48650.0,MW,FR,FR,forecast_load,Forecasted Load,2026-07-19T10:02:06Z
2026-07-19T10:00:07Z,2026-07-19T12:00:07+0200,0122f339-e99c-4669-a7fd-e7d31a0b8b3d,2026-07-12T17:00:00Z,2026-07-12T19:00:00+0200,49200.0,MW,FR,FR,forecast_load,Forecasted Load,2026-07-19T10:02:06Z
2026-07-19T10:00:07Z,2026-07-19T12:00:07+0200,0122f339-e99c-4669-a7fd-e7d31a0b8b3d,2026-07-12T17:15:00Z,2026-07-12T19:15:00+0200,49350.0,MW,FR,FR,forecast_load,Forecasted Load,2026-07-19T10:02:06Z
2026-07-19T10:00:07Z,2026-07-19T12:00:07+0200,0122f339-e99c-4669-a7fd-e7d31a0b8b3d,2026-07-12T17:30:00Z,2026-07-12T19:30:00+0200,49500.0,MW,FR,FR,forecast_load,Forecasted Load,2026-07-19T10:02:06Z
2026-07-19T10:00:07Z,2026-07-19T12:00:07+0200,0122f339-e99c-4669-a7fd-e7d31a0b8b3d,2026-07-12T17:45:00Z,2026-07-12T19:45:00+0200,49450.0,MW,FR,FR,forecast_load,Forecasted Load,2026-07-19T10:02:06Z
2026-07-19T10:00:07Z,2026-07-19T12:00:07+0200,0122f339-e99c-4669-a7fd-e7d31a0b8b3d,2026-07-12T18:00:00Z,2026-07-12T20:00:00+0200,49400.0,MW,FR,FR,forecast_load,Forecasted Load,2026-07-19T10:02:06Z
2026-07-19T10:00:07Z,2026-07-19T12:00:07+0200,0122f339-e99c-4669-a7fd-e7d31a0b8b3d,2026-07-12T18:15:00Z,2026-07-12T20:15:00+0200,48900.0,MW,FR,FR,forecast_load,Forecasted Load,2026-07-19T10:02:06Z
2026-07-19T10:00:07Z,2026-07-19T12:00:07+0200,0122f339-e99c-4669-a7fd-e7d31a0b8b3d,2026-07-12T18:30:00Z,2026-07-12T20:30:00+0200,48400.0,MW,FR,FR,forecast_load,Forecasted Load,2026-07-19T10:02:06Z
2026-07-19T10:00:07Z,2026-07-19T12:00:07+0200,0122f339-e99c-4669-a7fd-e7d31a0b8b3d,2026-07-12T18:45:00Z,2026-07-12T20:45:00+0200,48300.0,MW,FR,FR,forecast_load,Forecasted Load,2026-07-19T10:02:06Z
2026-07-19T10:00:07Z,2026-07-19T12:00:07+0200,0122f339-e99c-4669-a7fd-e7d31a0b8b3d,2026-07-12T19:00:00Z,2026-07-12T21:00:00+0200,48200.0,MW,FR,FR,forecast_load,Forecasted Load,2026-07-19T10:02:06Z
2026-07-19T10:00:07Z,2026-07-19T12:00:07+0200,0122f339-e99c-4669-a7fd-e7d31a0b8b3d,2026-07-12T19:15:00Z,2026-07-12T21:15:00+0200,47800.0,MW,FR,FR,forecast_load,Forecasted Load,2026-07-19T10:02:06Z
2026-07-19T10:00:07Z,2026-07-19T12:00:07+0200,0122f339-e99c-4669-a7fd-e7d31a0b8b3d,2026-07-12T19:30:00Z,2026-07-12T21:30:00+0200,47400.0,MW,FR,FR,forecast_load,Forecasted Load,2026-07-19T10:02:06Z
2026-07-19T10:00:07Z,2026-07-19T12:00:07+0200,0122f339-e99c-4669-a7fd-e7d31a0b8b3d,2026-07-12T19:45:00Z,2026-07-12T21:45:00+0200,47100.0,MW,FR,FR,forecast_load,Forecasted Load,2026-07-19T10:02:06Z
2026-07-19T10:00:07Z,2026-07-19T12:00:07+0200,0122f339-e99c-4669-a7fd-e7d31a0b8b3d,2026-07-12T20:00:00Z,2026-07-12T22:00:00+0200,46800.0,MW,FR,FR,forecast_load,Forecasted Load,2026-07-19T10:02:06Z
2026-07-19T10:00:07Z,2026-07-19T12:00:07+0200,0122f339-e99c-4669-a7fd-e7d31a0b8b3d,2026-07-12T20:15:00Z,2026-07-12T22:15:00+0200,47650.0,MW,FR,FR,forecast_load,Forecasted Load,2026-07-19T10:02:06Z
2026-07-19T10:00:07Z,2026-07-19T12:00:07+0200,0122f339-e99c-4669-a7fd-e7d31a0b8b3d,2026-07-12T20:30:00Z,2026-07-12T22:30:00+0200,48500.0,MW,FR,FR,forecast_load,Forecasted Load,2026-07-19T10:02:06Z
2026-07-19T10:00:07Z,2026-07-19T12:00:07+0200,0122f339-e99c-4669-a7fd-e7d31a0b8b3d,2026-07-12T20:45:00Z,2026-07-12T22:45:00+0200,49000.0,MW,FR,FR,forecast_load,Forecasted Load,2026-07-19T10:02:06Z
2026-07-19T10:00:07Z,2026-07-19T12:00:07+0200,0122f339-e99c-4669-a7fd-e7d31a0b8b3d,2026-07-12T21:00:00Z,2026-07-12T23:00:00+0200,49500.0,MW,FR,FR,forecast_load,Forecasted Load,2026-07-19T10:02:06Z
2026-07-19T10:00:07Z,2026-07-19T12:00:07+0200,0122f339-e99c-4669-a7fd-e7d31a0b8b3d,2026-07-12T21:15:00Z,2026-07-12T23:15:00+0200,48550.0,MW,FR,FR,forecast_load,Forecasted Load,2026-07-19T10:02:06Z
2026-07-19T10:00:07Z,2026-07-19T12:00:07+0200,0122f339-e99c-4669-a7fd-e7d31a0b8b3d,2026-07-12T21:30:00Z,2026-07-12T23:30:00+0200,47600.0,MW,FR,FR,forecast_load,Forecasted Load,2026-07-19T10:02:06Z
2026-07-19T10:00:07Z,2026-07-19T12:00:07+0200,0122f339-e99c-4669-a7fd-e7d31a0b8b3d,2026-07-12T21:45:00Z,2026-07-12T23:45:00+0200,46750.0,MW,FR,FR,forecast_load,Forecasted Load,2026-07-19T10:02:06Z
2026-07-19T10:00:07Z,2026-07-19T12:00:07+0200,0122f339-e99c-4669-a7fd-e7d31a0b8b3d,2026-07-12T22:00:00Z,2026-07-13T00:00:00+0200,45200.0,MW,FR,FR,forecast_load,Forecasted Load,2026-07-19T10:02:06Z
2026-07-19T10:00:07Z,2026-07-19T12:00:07+0200,0122f339-e99c-4669-a7fd-e7d31a0b8b3d,2026-07-12T22:15:00Z,2026-07-13T00:15:00+0200,44150.0,MW,FR,FR,forecast_load,Forecasted Load,2026-07-19T10:02:06Z
2026-07-19T10:00:07Z,2026-07-19T12:00:07+0200,0122f339-e99c-4669-a7fd-e7d31a0b8b3d,2026-07-12T22:30:00Z,2026-07-13T00:30:00+0200,43100.0,MW,FR,FR,forecast_load,Forecasted Load,2026-07-19T10:02:06Z
2026-07-19T10:00:07Z,2026-07-19T12:00:07+0200,0122f339-e99c-4669-a7fd-e7d31a0b8b3d,2026-07-12T22:45:00Z,2026-07-13T00:45:00+0200,42300.0,MW,FR,FR,forecast_load,Forecasted Load,2026-07-19T10:02:06Z
2026-07-19T10:00:07Z,2026-07-19T12:00:07+0200,0122f339-e99c-4669-a7fd-e7d31a0b8b3d,2026-07-12T23:00:00Z,2026-07-13T01:00:00+0200,41500.0,MW,FR,FR,forecast_load,Forecasted Load,2026-07-19T10:02:06Z
2026-07-19T10:00:07Z,2026-07-19T12:00:07+0200,0122f339-e99c-4669-a7fd-e7d31a0b8b3d,2026-07-12T23:15:00Z,2026-07-13T01:15:00+0200,41500.0,MW,FR,FR,forecast_load,Forecasted Load,2026-07-19T10:02:06Z
2026-07-19T10:00:07Z,2026-07-19T12:00:07+0200,0122f339-e99c-4669-a7fd-e7d31a0b8b3d,2026-07-12T23:30:00Z,2026-07-13T01:30:00+0200,41500.0,MW,FR,FR,forecast_load,Forecasted Load,2026-07-19T10:02:06Z
2026-07-19T10:00:07Z,2026-07-19T12:00:07+0200,0122f339-e99c-4669-a7fd-e7d31a0b8b3d,2026-07-12T23:45:00Z,2026-07-13T01:45:00+0200,40950.0,MW,FR,FR,forecast_load,Forecasted Load,2026-07-19T10:02:06Z
2026-07-19T10:00:07Z,2026-07-19T12:00:07+0200,0122f339-e99c-4669-a7fd-e7d31a0b8b3d,2026-07-13T00:00:00Z,2026-07-13T02:00:00+0200,40400.0,MW,FR,FR,forecast_load,Forecasted Load,2026-07-19T10:02:06Z
2026-07-19T10:00:07Z,2026-07-19T12:00:07+0200,0122f339-e99c-4669-a7fd-e7d31a0b8b3d,2026-07-13T00:15:00Z,2026-07-13T02:15:00+0200,39750.0,MW,FR,FR,forecast_load,Forecasted Load,2026-07-19T10:02:06Z
2026-07-19T10:00:07Z,2026-07-19T12:00:07+0200,0122f339-e99c-4669-a7fd-e7d31a0b8b3d,2026-07-13T00:30:00Z,2026-07-13T02:30:00+0200,39100.0,MW,FR,FR,forecast_load,Forecasted Load,2026-07-19T10:02:06Z
2026-07-19T10:00:07Z,2026-07-19T12:00:07+0200,0122f339-e99c-4669-a7fd-e7d31a0b8b3d,2026-07-13T00:45:00Z,2026-07-13T02:45:00+0200,38600.0,MW,FR,FR,forecast_load,Forecasted Load,2026-07-19T10:02:06Z
2026-07-19T10:00:07Z,2026-07-19T12:00:07+0200,0122f339-e99c-4669-a7fd-e7d31a0b8b3d,2026-07-13T01:00:00Z,2026-07-13T03:00:00+0200,38100.0,MW,FR,FR,forecast_load,Forecasted Load,2026-07-19T10:02:06Z
2026-07-19T10:00:07Z,2026-07-19T12:00:07+0200,0122f339-e99c-4669-a7fd-e7d31a0b8b3d,2026-07-13T01:15:00Z,2026-07-13T03:15:00+0200,37750.0,MW,FR,FR,forecast_load,Forecasted Load,2026-07-19T10:02:06Z
2026-07-19T10:00:07Z,2026-07-19T12:00:07+0200,0122f339-e99c-4669-a7fd-e7d31a0b8b3d,2026-07-13T01:30:00Z,2026-07-13T03:30:00+0200,37400.0,MW,FR,FR,forecast_load,Forecasted Load,2026-07-19T10:02:06Z
2026-07-19T10:00:07Z,2026-07-19T12:00:07+0200,0122f339-e99c-4669-a7fd-e7d31a0b8b3d,2026-07-13T01:45:00Z,2026-07-13T03:45:00+0200,37200.0,MW,FR,FR,forecast_load,Forecasted Load,2026-07-19T10:02:06Z
2026-07-19T10:00:07Z,2026-07-19T12:00:07+0200,0122f339-e99c-4669-a7fd-e7d31a0b8b3d,2026-07-13T02:00:00Z,2026-07-13T04:00:00+0200,37000.0,MW,FR,FR,forecast_load,Forecasted Load,2026-07-19T10:02:06Z
2026-07-19T10:00:07Z,2026-07-19T12:00:07+0200,0122f339-e99c-4669-a7fd-e7d31a0b8b3d,2026-07-13T02:15:00Z,2026-07-13T04:15:00+0200,37100.0,MW,FR,FR,forecast_load,Forecasted Load,2026-07-19T10:02:06Z
2026-07-19T10:00:07Z,2026-07-19T12:00:07+0200,0122f339-e99c-4669-a7fd-e7d31a0b8b3d,2026-07-13T02:30:00Z,2026-07-13T04:30:00+0200,37200.0,MW,FR,FR,forecast_load,Forecasted Load,2026-07-19T10:02:06Z
2026-07-19T10:00:07Z,2026-07-19T12:00:07+0200,0122f339-e99c-4669-a7fd-e7d31a0b8b3d,2026-07-13T02:45:00Z,2026-07-13T04:45:00+0200,37300.0,MW,FR,FR,forecast_load,Forecasted Load,2026-07-19T10:02:06Z
2026-07-19T10:00:07Z,2026-07-19T12:00:07+0200,0122f339-e99c-4669-a7fd-e7d31a0b8b3d,2026-07-13T03:00:00Z,2026-07-13T05:00:00+0200,37400.0,MW,FR,FR,forecast_load,Forecasted Load,2026-07-19T10:02:06Z
2026-07-19T10:00:07Z,2026-07-19T12:00:07+0200,0122f339-e99c-4669-a7fd-e7d31a0b8b3d,2026-07-13T03:15:00Z,2026-07-13T05:15:00+0200,37850.0,MW,FR,FR,forecast_load,Forecasted Load,2026-07-19T10:02:06Z
2026-07-19T10:00:07Z,2026-07-19T12:00:07+0200,0122f339-e99c-4669-a7fd-e7d31a0b8b3d,2026-07-13T03:30:00Z,2026-07-13T05:30:00+0200,38300.0,MW,FR,FR,forecast_load,Forecasted Load,2026-07-19T10:02:06Z
2026-07-19T10:00:07Z,2026-07-19T12:00:07+0200,0122f339-e99c-4669-a7fd-e7d31a0b8b3d,2026-07-13T03:45:00Z,2026-07-13T05:45:00+0200,38600.0,MW,FR,FR,forecast_load,Forecasted Load,2026-07-19T10:02:06Z
2026-07-19T10:00:07Z,2026-07-19T12:00:07+0200,0122f339-e99c-4669-a7fd-e7d31a0b8b3d,2026-07-13T04:00:00Z,2026-07-13T06:00:00+0200,38900.0,MW,FR,FR,forecast_load,Forecasted Load,2026-07-19T10:02:06Z
2026-07-19T10:00:07Z,2026-07-19T12:00:07+0200,0122f339-e99c-4669-a7fd-e7d31a0b8b3d,2026-07-13T04:15:00Z,2026-07-13T06:15:00+0200,39600.0,MW,FR,FR,forecast_load,Forecasted Load,2026-07-19T10:02:06Z
2026-07-19T10:00:07Z,2026-07-19T12:00:07+0200,0122f339-e99c-4669-a7fd-e7d31a0b8b3d,2026-07-13T04:30:00Z,2026-07-13T06:30:00+0200,40300.0,MW,FR,FR,forecast_load,Forecasted Load,2026-07-19T10:02:06Z
2026-07-19T10:00:07Z,2026-07-19T12:00:07+0200,0122f339-e99c-4669-a7fd-e7d31a0b8b3d,2026-07-13T04:45:00Z,2026-07-13T06:45:00+0200,40900.0,MW,FR,FR,forecast_load,Forecasted Load,2026-07-19T10:02:06Z
2026-07-19T10:00:07Z,2026-07-19T12:00:07+0200,0122f339-e99c-4669-a7fd-e7d31a0b8b3d,2026-07-13T05:00:00Z,2026-07-13T07:00:00+0200,41500.0,MW,FR,FR,forecast_load,Forecasted Load,2026-07-19T10:02:06Z
2026-07-19T10:00:07Z,2026-07-19T12:00:07+0200,0122f339-e99c-4669-a7fd-e7d31a0b8b3d,2026-07-13T05:15:00Z,2026-07-13T07:15:00+0200,42200.0,MW,FR,FR,forecast_load,Forecasted Load,2026-07-19T10:02:06Z
2026-07-19T10:00:07Z,2026-07-19T12:00:07+0200,0122f339-e99c-4669-a7fd-e7d31a0b8b3d,2026-07-13T05:30:00Z,2026-07-13T07:30:00+0200,42900.0,MW,FR,FR,forecast_load,Forecasted Load,2026-07-19T10:02:06Z
2026-07-19T10:00:07Z,2026-07-19T12:00:07+0200,0122f339-e99c-4669-a7fd-e7d31a0b8b3d,2026-07-13T05:45:00Z,2026-07-13T07:45:00+0200,43650.0,MW,FR,FR,forecast_load,Forecasted Load,2026-07-19T10:02:06Z
2026-07-19T10:00:07Z,2026-07-19T12:00:07+0200,0122f339-e99c-4669-a7fd-e7d31a0b8b3d,2026-07-13T06:00:00Z,2026-07-13T08:00:00+0200,44400.0,MW,FR,FR,forecast_load,Forecasted Load,2026-07-19T10:02:06Z
2026-07-19T10:00:07Z,2026-07-19T12:00:07+0200,0122f339-e99c-4669-a7fd-e7d31a0b8b3d,2026-07-13T06:15:00Z,2026-07-13T08:15:00+0200,44950.0,MW,FR,FR,forecast_load,Forecasted Load,2026-07-19T10:02:06Z
2026-07-19T10:00:07Z,2026-07-19T12:00:07+0200,0122f339-e99c-4669-a7fd-e7d31a0b8b3d,2026-07-13T06:30:00Z,2026-07-13T08:30:00+0200,45500.0,MW,FR,FR,forecast_load,Forecasted Load,2026-07-19T10:02:06Z
2026-07-19T10:00:07Z,2026-07-19T12:00:07+0200,0122f339-e99c-4669-a7fd-e7d31a0b8b3d,2026-07-13T06:45:00Z,2026-07-13T08:45:00+0200,45900.0,MW,FR,FR,forecast_load,Forecasted Load,2026-07-19T10:02:06Z
2026-07-19T10:00:07Z,2026-07-19T12:00:07+0200,0122f339-e99c-4669-a7fd-e7d31a0b8b3d,2026-07-13T07:00:00Z,2026-07-13T09:00:00+0200,46300.0,MW,FR,FR,forecast_load,Forecasted Load,2026-07-19T10:02:06Z
2026-07-19T10:00:07Z,2026-07-19T12:00:07+0200,0122f339-e99c-4669-a7fd-e7d31a0b8b3d,2026-07-13T07:15:00Z,2026-07-13T09:15:00+0200,46850.0,MW,FR,FR,forecast_load,Forecasted Load,2026-07-19T10:02:06Z
2026-07-19T10:00:07Z,2026-07-19T12:00:07+0200,0122f339-e99c-4669-a7fd-e7d31a0b8b3d,2026-07-13T07:30:00Z,2026-07-13T09:30:00+0200,47400.0,MW,FR,FR,forecast_load,Forecasted Load,2026-07-19T10:02:06Z
2026-07-19T10:00:07Z,2026-07-19T12:00:07+0200,0122f339-e99c-4669-a7fd-e7d31a0b8b3d,2026-07-13T07:45:00Z,2026-07-13T09:45:00+0200,47850.0,MW,FR,FR,forecast_load,Forecasted Load,2026-07-19T10:02:06Z
2026-07-19T10:00:07Z,2026-07-19T12:00:07+0200,0122f339-e99c-4669-a7fd-e7d31a0b8b3d,2026-07-13T08:00:00Z,2026-07-13T10:00:00+0200,48300.0,MW,FR,FR,forecast_load,Forecasted Load,2026-07-19T10:02:06Z
2026-07-19T10:00:07Z,2026-07-19T12:00:07+0200,0122f339-e99c-4669-a7fd-e7d31a0b8b3d,2026-07-13T08:15:00Z,2026-07-13T10:15:00+0200,48500.0,MW,FR,FR,forecast_load,Forecasted Load,2026-07-19T10:02:06Z
2026-07-19T10:00:07Z,2026-07-19T12:00:07+0200,0122f339-e99c-4669-a7fd-e7d31a0b8b3d,2026-07-13T08:30:00Z,2026-07-13T10:30:00+0200,48700.0,MW,FR,FR,forecast_load,Forecasted Load,2026-07-19T10:02:06Z
2026-07-19T10:00:07Z,2026-07-19T12:00:07+0200,0122f339-e99c-4669-a7fd-e7d31a0b8b3d,2026-07-13T08:45:00Z,2026-07-13T10:45:00+0200,48950.0,MW,FR,FR,forecast_load,Forecasted Load,2026-07-19T10:02:06Z
2026-07-19T10:00:07Z,2026-07-19T12:00:07+0200,0122f339-e99c-4669-a7fd-e7d31a0b8b3d,2026-07-13T09:00:00Z,2026-07-13T11:00:00+0200,49200.0,MW,FR,FR,forecast_load,Forecasted Load,2026-07-19T10:02:06Z
2026-07-19T10:00:07Z,2026-07-19T12:00:07+0200,0122f339-e99c-4669-a7fd-e7d31a0b8b3d,2026-07-13T09:15:00Z,2026-07-13T11:15:00+0200,49700.0,MW,FR,FR,forecast_load,Forecasted Load,2026-07-19T10:02:06Z
2026-07-19T10:00:07Z,2026-07-19T12:00:07+0200,0122f339-e99c-4669-a7fd-e7d31a0b8b3d,2026-07-13T09:30:00Z,2026-07-13T11:30:00+0200,50200.0,MW,FR,FR,forecast_load,Forecasted Load,2026-07-19T10:02:06Z
2026-07-19T10:00:07Z,2026-07-19T12:00:07+0200,0122f339-e99c-4669-a7fd-e7d31a0b8b3d,2026-07-13T09:45:00Z,2026-07-13T11:45:00+0200,50950.0,MW,FR,FR,forecast_load,Forecasted Load,2026-07-19T10:02:06Z
2026-07-19T10:00:07Z,2026-07-19T12:00:07+0200,0122f339-e99c-4669-a7fd-e7d31a0b8b3d,2026-07-13T10:00:00Z,2026-07-13T12:00:00+0200,51700.0,MW,FR,FR,forecast_load,Forecasted Load,2026-07-19T10:02:06Z
2026-07-19T10:00:07Z,2026-07-19T12:00:07+0200,0122f339-e99c-4669-a7fd-e7d31a0b8b3d,2026-07-13T10:15:00Z,2026-07-13T12:15:00+0200,51650.0,MW,FR,FR,forecast_load,Forecasted Load,2026-07-19T10:02:06Z
2026-07-19T10:00:07Z,2026-07-19T12:00:07+0200,0122f339-e99c-4669-a7fd-e7d31a0b8b3d,2026-07-13T10:30:00Z,2026-07-13T12:30:00+0200,51600.0,MW,FR,FR,forecast_load,Forecasted Load,2026-07-19T10:02:06Z
2026-07-19T10:00:07Z,2026-07-19T12:00:07+0200,0122f339-e99c-4669-a7fd-e7d31a0b8b3d,2026-07-13T10:45:00Z,2026-07-13T12:45:00+0200,52200.0,MW,FR,FR,forecast_load,Forecasted Load,2026-07-19T10:02:06Z
2026-07-19T10:00:07Z,2026-07-19T12:00:07+0200,0122f339-e99c-4669-a7fd-e7d31a0b8b3d,2026-07-13T11:00:00Z,2026-07-13T13:00:00+0200,52800.0,MW,FR,FR,forecast_load,Forecasted Load,2026-07-19T10:02:06Z
2026-07-19T10:00:07Z,2026-07-19T12:00:07+0200,0122f339-e99c-4669-a7fd-e7d31a0b8b3d,2026-07-13T11:15:00Z,2026-07-13T13:15:00+0200,52250.0,MW,FR,FR,forecast_load,Forecasted Load,2026-07-19T10:02:06Z
2026-07-19T10:00:07Z,2026-07-19T12:00:07+0200,0122f339-e99c-4669-a7fd-e7d31a0b8b3d,2026-07-13T11:30:00Z,2026-07-13T13:30:00+0200,51700.0,MW,FR,FR,forecast_load,Forecasted Load,2026-07-19T10:02:06Z
2026-07-19T10:00:07Z,2026-07-19T12:00:07+0200,0122f339-e99c-4669-a7fd-e7d31a0b8b3d,2026-07-13T11:45:00Z,2026-07-13T13:45:00+0200,51750.0,MW,FR,FR,forecast_load,Forecasted Load,2026-07-19T10:02:06Z
2026-07-19T10:00:07Z,2026-07-19T12:00:07+0200,0122f339-e99c-4669-a7fd-e7d31a0b8b3d,2026-07-13T12:00:00Z,2026-07-13T14:00:00+0200,51800.0,MW,FR,FR,forecast_load,Forecasted Load,2026-07-19T10:02:06Z
2026-07-19T10:00:07Z,2026-07-19T12:00:07+0200,0122f339-e99c-4669-a7fd-e7d31a0b8b3d,2026-07-13T12:15:00Z,2026-07-13T14:15:00+0200,52350.0,MW,FR,FR,forecast_load,Forecasted Load,2026-07-19T10:02:06Z
2026-07-19T10:00:07Z,2026-07-19T12:00:07+0200,0122f339-e99c-4669-a7fd-e7d31a0b8b3d,2026-07-13T12:30:00Z,2026-07-13T14:30:00+0200,52900.0,MW,FR,FR,forecast_load,Forecasted Load,2026-07-19T10:02:06Z
2026-07-19T10:00:07Z,2026-07-19T12:00:07+0200,0122f339-e99c-4669-a7fd-e7d31a0b8b3d,2026-07-13T12:45:00Z,2026-07-13T14:45:00+0200,52600.0,MW,FR,FR,forecast_load,Forecasted Load,2026-07-19T10:02:06Z
2026-07-19T10:00:07Z,2026-07-19T12:00:07+0200,0122f339-e99c-4669-a7fd-e7d31a0b8b3d,2026-07-13T13:00:00Z,2026-07-13T15:00:00+0200,52300.0,MW,FR,FR,forecast_load,Forecasted Load,2026-07-19T10:02:06Z
2026-07-19T10:00:07Z,2026-07-19T12:00:07+0200,0122f339-e99c-4669-a7fd-e7d31a0b8b3d,2026-07-13T13:15:00Z,2026-07-13T15:15:00+0200,52150.0,MW,FR,FR,forecast_load,Forecasted Load,2026-07-19T10:02:06Z
2026-07-19T10:00:07Z,2026-07-19T12:00:07+0200,0122f339-e99c-4669-a7fd-e7d31a0b8b3d,2026-07-13T13:30:00Z,2026-07-13T15:30:00+0200,52000.0,MW,FR,FR,forecast_load,Forecasted Load,2026-07-19T10:02:06Z
2026-07-19T10:00:07Z,2026-07-19T12:00:07+0200,0122f339-e99c-4669-a7fd-e7d31a0b8b3d,2026-07-13T13:45:00Z,2026-07-13T15:45:00+0200,51750.0,MW,FR,FR,forecast_load,Forecasted Load,2026-07-19T10:02:06Z
2026-07-19T10:00:07Z,2026-07-19T12:00:07+0200,0122f339-e99c-4669-a7fd-e7d31a0b8b3d,2026-07-13T14:00:00Z,2026-07-13T16:00:00+0200,51500.0,MW,FR,FR,forecast_load,Forecasted Load,2026-07-19T10:02:06Z
2026-07-19T10:00:07Z,2026-07-19T12:00:07+0200,0122f339-e99c-4669-a7fd-e7d31a0b8b3d,2026-07-13T14:15:00Z,2026-07-13T16:15:00+0200,51250.0,MW,FR,FR,forecast_load,Forecasted Load,2026-07-19T10:02:06Z
2026-07-19T10:00:07Z,2026-07-19T12:00:07+0200,0122f339-e99c-4669-a7fd-e7d31a0b8b3d,2026-07-13T14:30:00Z,2026-07-13T16:30:00+0200,51000.0,MW,FR,FR,forecast_load,Forecasted Load,2026-07-19T10:02:06Z
2026-07-19T10:00:07Z,2026-07-19T12:00:07+0200,0122f339-e99c-4669-a7fd-e7d31a0b8b3d,2026-07-13T14:45:00Z,2026-07-13T16:45:00+0200,50950.0,MW,FR,FR,forecast_load,Forecasted Load,2026-07-19T10:02:06Z
2026-07-19T10:00:07Z,2026-07-19T12:00:07+0200,0122f339-e99c-4669-a7fd-e7d31a0b8b3d,2026-07-13T15:00:00Z,2026-07-13T17:00:00+0200,50900.0,MW,FR,FR,forecast_load,Forecasted Load,2026-07-19T10:02:06Z
2026-07-19T10:00:07Z,2026-07-19T12:00:07+0200,0122f339-e99c-4669-a7fd-e7d31a0b8b3d,2026-07-13T15:15:00Z,2026-07-13T17:15:00+0200,50900.0,MW,FR,FR,forecast_load,Forecasted Load,2026-07-19T10:02:06Z
2026-07-19T10:00:07Z,2026-07-19T12:00:07+0200,0122f339-e99c-4669-a7fd-e7d31a0b8b3d,2026-07-13T15:30:00Z,2026-07-13T17:30:00+0200,50900.0,MW,FR,FR,forecast_load,Forecasted Load,2026-07-19T10:02:06Z
2026-07-19T10:00:07Z,2026-07-19T12:00:07+0200,0122f339-e99c-4669-a7fd-e7d31a0b8b3d,2026-07-13T15:45:00Z,2026-07-13T17:45:00+0200,51000.0,MW,FR,FR,forecast_load,Forecasted Load,2026-07-19T10:02:06Z
2026-07-19T10:00:07Z,2026-07-19T12:00:07+0200,0122f339-e99c-4669-a7fd-e7d31a0b8b3d,2026-07-13T16:00:00Z,2026-07-13T18:00:00+0200,51100.0,MW,FR,FR,forecast_load,Forecasted Load,2026-07-19T10:02:06Z
2026-07-19T10:00:07Z,2026-07-19T12:00:07+0200,0122f339-e99c-4669-a7fd-e7d31a0b8b3d,2026-07-13T16:15:00Z,2026-07-13T18:15:00+0200,51300.0,MW,FR,FR,forecast_load,Forecasted Load,2026-07-19T10:02:06Z
2026-07-19T10:00:07Z,2026-07-19T12:00:07+0200,0122f339-e99c-4669-a7fd-e7d31a0b8b3d,2026-07-13T16:30:00Z,2026-07-13T18:30:00+0200,51500.0,MW,FR,FR,forecast_load,Forecasted Load,2026-07-19T10:02:06Z
2026-07-19T10:00:07Z,2026-07-19T12:00:07+0200,0122f339-e99c-4669-a7fd-e7d31a0b8b3d,2026-07-13T16:45:00Z,2026-07-13T18:45:00+0200,52050.0,MW,FR,FR,forecast_load,Forecasted Load,2026-07-19T10:02:06Z
2026-07-19T10:00:07Z,2026-07-19T12:00:07+0200,0122f339-e99c-4669-a7fd-e7d31a0b8b3d,2026-07-13T17:00:00Z,2026-07-13T19:00:00+0200,52600.0,MW,FR,FR,forecast_load,Forecasted Load,2026-07-19T10:02:06Z
2026-07-19T10:00:07Z,2026-07-19T12:00:07+0200,0122f339-e99c-4669-a7fd-e7d31a0b8b3d,2026-07-13T17:15:00Z,2026-07-13T19:15:00+0200,52350.0,MW,FR,FR,forecast_load,Forecasted Load,2026-07-19T10:02:06Z
2026-07-19T10:00:07Z,2026-07-19T12:00:07+0200,0122f339-e99c-4669-a7fd-e7d31a0b8b3d,2026-07-13T17:30:00Z,2026-07-13T19:30:00+0200,52100.0,MW,FR,FR,forecast_load,Forecasted Load,2026-07-19T10:02:06Z
2026-07-19T10:00:07Z,2026-07-19T12:00:07+0200,0122f339-e99c-4669-a7fd-e7d31a0b8b3d,2026-07-13T17:45:00Z,2026-07-13T19:45:00+0200,51750.0,MW,FR,FR,forecast_load,Forecasted Load,2026-07-19T10:02:06Z
2026-07-19T10:00:07Z,2026-07-19T12:00:07+0200,0122f339-e99c-4669-a7fd-e7d31a0b8b3d,2026-07-13T18:00:00Z,2026-07-13T20:00:00+0200,51400.0,MW,FR,FR,forecast_load,Forecasted Load,2026-07-19T10:02:06Z
2026-07-19T10:00:07Z,2026-07-19T12:00:07+0200,0122f339-e99c-4669-a7fd-e7d31a0b8b3d,2026-07-13T18:15:00Z,2026-07-13T20:15:00+0200,50700.0,MW,FR,FR,forecast_load,Forecasted Load,2026-07-19T10:02:06Z
2026-07-19T10:00:07Z,2026-07-19T12:00:07+0200,0122f339-e99c-4669-a7fd-e7d31a0b8b3d,2026-07-13T18:30:00Z,2026-07-13T20:30:00+0200,50000.0,MW,FR,FR,forecast_load,Forecasted Load,2026-07-19T10:02:06Z
2026-07-19T10:00:07Z,2026-07-19T12:00:07+0200,0122f339-e99c-4669-a7fd-e7d31a0b8b3d,2026-07-13T18:45:00Z,2026-07-13T20:45:00+0200,49450.0,MW,FR,FR,forecast_load,Forecasted Load,2026-07-19T10:02:06Z
2026-07-19T10:00:07Z,2026-07-19T12:00:07+0200,0122f339-e99c-4669-a7fd-e7d31a0b8b3d,2026-07-13T19:00:00Z,2026-07-13T21:00:00+0200,48900.0,MW,FR,FR,forecast_load,Forecasted Load,2026-07-19T10:02:06Z
2026-07-19T10:00:07Z,2026-07-19T12:00:07+0200,0122f339-e99c-4669-a7fd-e7d31a0b8b3d,2026-07-13T19:15:00Z,2026-07-13T21:15:00+0200,48450.0,MW,FR,FR,forecast_load,Forecasted Load,2026-07-19T10:02:06Z
2026-07-19T10:00:07Z,2026-07-19T12:00:07+0200,0122f339-e99c-4669-a7fd-e7d31a0b8b3d,2026-07-13T19:30:00Z,2026-07-13T21:30:00+0200,48000.0,MW,FR,FR,forecast_load,Forecasted Load,2026-07-19T10:02:06Z
2026-07-19T10:00:07Z,2026-07-19T12:00:07+0200,0122f339-e99c-4669-a7fd-e7d31a0b8b3d,2026-07-13T19:45:00Z,2026-07-13T21:45:00+0200,47700.0,MW,FR,FR,forecast_load,Forecasted Load,2026-07-19T10:02:06Z
2026-07-19T10:00:07Z,2026-07-19T12:00:07+0200,0122f339-e99c-4669-a7fd-e7d31a0b8b3d,2026-07-13T20:00:00Z,2026-07-13T22:00:00+0200,47400.0,MW,FR,FR,forecast_load,Forecasted Load,2026-07-19T10:02:06Z
2026-07-19T10:00:07Z,2026-07-19T12:00:07+0200,0122f339-e99c-4669-a7fd-e7d31a0b8b3d,2026-07-13T20:15:00Z,2026-07-13T22:15:00+0200,48150.0,MW,FR,FR,forecast_load,Forecasted Load,2026-07-19T10:02:06Z
2026-07-19T10:00:07Z,2026-07-19T12:00:07+0200,0122f339-e99c-4669-a7fd-e7d31a0b8b3d,2026-07-13T20:30:00Z,2026-07-13T22:30:00+0200,48900.0,MW,FR,FR,forecast_load,Forecasted Load,2026-07-19T10:02:06Z
2026-07-19T10:00:07Z,2026-07-19T12:00:07+0200,0122f339-e99c-4669-a7fd-e7d31a0b8b3d,2026-07-13T20:45:00Z,2026-07-13T22:45:00+0200,49450.0,MW,FR,FR,forecast_load,Forecasted Load,2026-07-19T10:02:06Z
2026-07-19T10:00:07Z,2026-07-19T12:00:07+0200,0122f339-e99c-4669-a7fd-e7d31a0b8b3d,2026-07-13T21:00:00Z,2026-07-13T23:00:00+0200,50000.0,MW,FR,FR,forecast_load,Forecasted Load,2026-07-19T10:02:06Z
2026-07-19T10:00:07Z,2026-07-19T12:00:07+0200,0122f339-e99c-4669-a7fd-e7d31a0b8b3d,2026-07-13T21:15:00Z,2026-07-13T23:15:00+0200,48900.0,MW,FR,FR,forecast_load,Forecasted Load,2026-07-19T10:02:06Z
2026-07-19T10:00:07Z,2026-07-19T12:00:07+0200,0122f339-e99c-4669-a7fd-e7d31a0b8b3d,2026-07-13T21:30:00Z,2026-07-13T23:30:00+0200,47800.0,MW,FR,FR,forecast_load,Forecasted Load,2026-07-19T10:02:06Z
2026-07-19T10:00:07Z,2026-07-19T12:00:07+0200,0122f339-e99c-4669-a7fd-e7d31a0b8b3d,2026-07-13T21:45:00Z,2026-07-13T23:45:00+0200,46850.0,MW,FR,FR,forecast_load,Forecasted Load,2026-07-19T10:02:06Z
2026-07-19T10:00:07Z,2026-07-19T12:00:07+0200,0122f339-e99c-4669-a7fd-e7d31a0b8b3d,2026-07-13T22:00:00Z,2026-07-14T00:00:00+0200,46300.0,MW,FR,FR,forecast_load,Forecasted Load,2026-07-19T10:02:06Z
2026-07-19T10:00:07Z,2026-07-19T12:00:07+0200,0122f339-e99c-4669-a7fd-e7d31a0b8b3d,2026-07-13T22:15:00Z,2026-07-14T00:15:00+0200,45250.0,MW,FR,FR,forecast_load,Forecasted Load,2026-07-19T10:02:06Z
2026-07-19T10:00:07Z,2026-07-19T12:00:07+0200,0122f339-e99c-4669-a7fd-e7d31a0b8b3d,2026-07-13T22:30:00Z,2026-07-14T00:30:00+0200,44200.0,MW,FR,FR,forecast_load,Forecasted Load,2026-07-19T10:02:06Z
2026-07-19T10:00:07Z,2026-07-19T12:00:07+0200,0122f339-e99c-4669-a7fd-e7d31a0b8b3d,2026-07-13T22:45:00Z,2026-07-14T00:45:00+0200,43500.0,MW,FR,FR,forecast_load,Forecasted Load,2026-07-19T10:02:06Z
2026-07-19T10:00:07Z,2026-07-19T12:00:07+0200,0122f339-e99c-4669-a7fd-e7d31a0b8b3d,2026-07-13T23:00:00Z,2026-07-14T01:00:00+0200,42800.0,MW,FR,FR,forecast_load,Forecasted Load,2026-07-19T10:02:06Z
2026-07-19T10:00:07Z,2026-07-19T12:00:07+0200,0122f339-e99c-4669-a7fd-e7d31a0b8b3d,2026-07-13T23:15:00Z,2026-07-14T01:15:00+0200,43000.0,MW,FR,FR,forecast_load,Forecasted Load,2026-07-19T10:02:06Z
2026-07-19T10:00:07Z,2026-07-19T12:00:07+0200,0122f339-e99c-4669-a7fd-e7d31a0b8b3d,2026-07-13T23:30:00Z,2026-07-14T01:30:00+0200,43200.0,MW,FR,FR,forecast_load,Forecasted Load,2026-07-19T10:02:06Z
2026-07-19T10:00:07Z,2026-07-19T12:00:07+0200,0122f339-e99c-4669-a7fd-e7d31a0b8b3d,2026-07-13T23:45:00Z,2026-07-14T01:45:00+0200,42300.0,MW,FR,FR,forecast_load,Forecasted Load,2026-07-19T10:02:06Z
2026-07-19T10:00:07Z,2026-07-19T12:00:07+0200,0122f339-e99c-4669-a7fd-e7d31a0b8b3d,2026-07-14T00:00:00Z,2026-07-14T02:00:00+0200,41400.0,MW,FR,FR,forecast_load,Forecasted Load,2026-07-19T10:02:06Z
2026-07-19T10:00:07Z,2026-07-19T12:00:07+0200,0122f339-e99c-4669-a7fd-e7d31a0b8b3d,2026-07-14T00:15:00Z,2026-07-14T02:15:00+0200,40750.0,MW,FR,FR,forecast_load,Forecasted Load,2026-07-19T10:02:06Z
2026-07-19T10:00:07Z,2026-07-19T12:00:07+0200,0122f339-e99c-4669-a7fd-e7d31a0b8b3d,2026-07-14T00:30:00Z,2026-07-14T02:30:00+0200,40100.0,MW,FR,FR,forecast_load,Forecasted Load,2026-07-19T10:02:06Z
2026-07-19T10:00:07Z,2026-07-19T12:00:07+0200,0122f339-e99c-4669-a7fd-e7d31a0b8b3d,2026-07-14T00:45:00Z,2026-07-14T02:45:00+0200,39500.0,MW,FR,FR,forecast_load,Forecasted Load,2026-07-19T10:02:06Z
2026-07-19T10:00:07Z,2026-07-19T12:00:07+0200,0122f339-e99c-4669-a7fd-e7d31a0b8b3d,2026-07-14T01:00:00Z,2026-07-14T03:00:00+0200,38900.0,MW,FR,FR,forecast_load,Forecasted Load,2026-07-19T10:02:06Z
2026-07-19T10:00:07Z,2026-07-19T12:00:07+0200,0122f339-e99c-4669-a7fd-e7d31a0b8b3d,2026-07-14T01:15:00Z,2026-07-14T03:15:00+0200,38500.0,MW,FR,FR,forecast_load,Forecasted Load,2026-07-19T10:02:06Z
2026-07-19T10:00:07Z,2026-07-19T12:00:07+0200,0122f339-e99c-4669-a7fd-e7d31a0b8b3d,2026-07-14T01:30:00Z,2026-07-14T03:30:00+0200,38100.0,MW,FR,FR,forecast_load,Forecasted Load,2026-07-19T10:02:06Z
2026-07-19T10:00:07Z,2026-07-19T12:00:07+0200,0122f339-e99c-4669-a7fd-e7d31a0b8b3d,2026-07-14T01:45:00Z,2026-07-14T03:45:00+0200,37850.0,MW,FR,FR,forecast_load,Forecasted Load,2026-07-19T10:02:06Z
2026-07-19T10:00:07Z,2026-07-19T12:00:07+0200,0122f339-e99c-4669-a7fd-e7d31a0b8b3d,2026-07-14T02:00:00Z,2026-07-14T04:00:00+0200,37600.0,MW,FR,FR,forecast_load,Forecasted Load,2026-07-19T10:02:06Z
2026-07-19T10:00:07Z,2026-07-19T12:00:07+0200,0122f339-e99c-4669-a7fd-e7d31a0b8b3d,2026-07-14T02:15:00Z,2026-07-14T04:15:00+0200,37500.0,MW,FR,FR,forecast_load,Forecasted Load,2026-07-19T10:02:06Z
2026-07-19T10:00:07Z,2026-07-19T12:00:07+0200,0122f339-e99c-4669-a7fd-e7d31a0b8b3d,2026-07-14T02:30:00Z,2026-07-14T04:30:00+0200,37400.0,MW,FR,FR,forecast_load,Forecasted Load,2026-07-19T10:02:06Z
2026-07-19T10:00:07Z,2026-07-19T12:00:07+0200,0122f339-e99c-4669-a7fd-e7d31a0b8b3d,2026-07-14T02:45:00Z,2026-07-14T04:45:00+0200,37150.0,MW,FR,FR,forecast_load,Forecasted Load,2026-07-19T10:02:06Z
2026-07-19T10:00:07Z,2026-07-19T12:00:07+0200,0122f339-e99c-4669-a7fd-e7d31a0b8b3d,2026-07-14T03:00:00Z,2026-07-14T05:00:00+0200,36900.0,MW,FR,FR,forecast_load,Forecasted Load,2026-07-19T10:02:06Z
2026-07-19T10:00:07Z,2026-07-19T12:00:07+0200,0122f339-e99c-4669-a7fd-e7d31a0b8b3d,2026-07-14T03:15:00Z,2026-07-14T05:15:00+0200,36800.0,MW,FR,FR,forecast_load,Forecasted Load,2026-07-19T10:02:06Z
2026-07-19T10:00:07Z,2026-07-19T12:00:07+0200,0122f339-e99c-4669-a7fd-e7d31a0b8b3d,2026-07-14T03:30:00Z,2026-07-14T05:30:00+0200,36700.0,MW,FR,FR,forecast_load,Forecasted Load,2026-07-19T10:02:06Z
2026-07-19T10:00:07Z,2026-07-19T12:00:07+0200,0122f339-e99c-4669-a7fd-e7d31a0b8b3d,2026-07-14T03:45:00Z,2026-07-14T05:45:00+0200,36600.0,MW,FR,FR,forecast_load,Forecasted Load,2026-07-19T10:02:06Z
2026-07-19T10:00:07Z,2026-07-19T12:00:07+0200,0122f339-e99c-4669-a7fd-e7d31a0b8b3d,2026-07-14T04:00:00Z,2026-07-14T06:00:00+0200,36500.0,MW,FR,FR,forecast_load,Forecasted Load,2026-07-19T10:02:06Z
2026-07-19T10:00:07Z,2026-07-19T12:00:07+0200,0122f339-e99c-4669-a7fd-e7d31a0b8b3d,2026-07-14T04:15:00Z,2026-07-14T06:15:00+0200,36400.0,MW,FR,FR,forecast_load,Forecasted Load,2026-07-19T10:02:06Z
2026-07-19T10:00:07Z,2026-07-19T12:00:07+0200,0122f339-e99c-4669-a7fd-e7d31a0b8b3d,2026-07-14T04:30:00Z,2026-07-14T06:30:00+0200,36300.0,MW,FR,FR,forecast_load,Forecasted Load,2026-07-19T10:02:06Z
2026-07-19T10:00:07Z,2026-07-19T12:00:07+0200,0122f339-e99c-4669-a7fd-e7d31a0b8b3d,2026-07-14T04:45:00Z,2026-07-14T06:45:00+0200,36400.0,MW,FR,FR,forecast_load,Forecasted Load,2026-07-19T10:02:06Z
2026-07-19T10:00:07Z,2026-07-19T12:00:07+0200,0122f339-e99c-4669-a7fd-e7d31a0b8b3d,2026-07-14T05:00:00Z,2026-07-14T07:00:00+0200,36500.0,MW,FR,FR,forecast_load,Forecasted Load,2026-07-19T10:02:06Z
2026-07-19T10:00:07Z,2026-07-19T12:00:07+0200,0122f339-e99c-4669-a7fd-e7d31a0b8b3d,2026-07-14T05:15:00Z,2026-07-14T07:15:00+0200,36700.0,MW,FR,FR,forecast_load,Forecasted Load,2026-07-19T10:02:06Z
2026-07-19T10:00:07Z,2026-07-19T12:00:07+0200,0122f339-e99c-4669-a7fd-e7d31a0b8b3d,2026-07-14T05:30:00Z,2026-07-14T07:30:00+0200,36900.0,MW,FR,FR,forecast_load,Forecasted Load,2026-07-19T10:02:06Z
2026-07-19T10:00:07Z,2026-07-19T12:00:07+0200,0122f339-e99c-4669-a7fd-e7d31a0b8b3d,2026-07-14T05:45:00Z,2026-07-14T07:45:00+0200,37450.0,MW,FR,FR,forecast_load,Forecasted Load,2026-07-19T10:02:06Z
2026-07-19T10:00:07Z,2026-07-19T12:00:07+0200,0122f339-e99c-4669-a7fd-e7d31a0b8b3d,2026-07-14T06:00:00Z,2026-07-14T08:00:00+0200,38000.0,MW,FR,FR,forecast_load,Forecasted Load,2026-07-19T10:02:06Z
2026-07-19T10:00:07Z,2026-07-19T12:00:07+0200,0122f339-e99c-4669-a7fd-e7d31a0b8b3d,2026-07-14T06:15:00Z,2026-07-14T08:15:00+0200,38750.0,MW,FR,FR,forecast_load,Forecasted Load,2026-07-19T10:02:06Z
2026-07-19T10:00:07Z,2026-07-19T12:00:07+0200,0122f339-e99c-4669-a7fd-e7d31a0b8b3d,2026-07-14T06:30:00Z,2026-07-14T08:30:00+0200,39500.0,MW,FR,FR,forecast_load,Forecasted Load,2026-07-19T10:02:06Z
2026-07-19T10:00:07Z,2026-07-19T12:00:07+0200,0122f339-e99c-4669-a7fd-e7d31a0b8b3d,2026-07-14T06:45:00Z,2026-07-14T08:45:00+0200,40100.0,MW,FR,FR,forecast_load,Forecasted Load,2026-07-19T10:02:06Z
2026-07-19T10:00:07Z,2026-07-19T12:00:07+0200,0122f339-e99c-4669-a7fd-e7d31a0b8b3d,2026-07-14T07:00:00Z,2026-07-14T09:00:00+0200,40700.0,MW,FR,FR,forecast_load,Forecasted Load,2026-07-19T10:02:06Z
2026-07-19T10:00:07Z,2026-07-19T12:00:07+0200,0122f339-e99c-4669-a7fd-e7d31a0b8b3d,2026-07-14T07:15:00Z,2026-07-14T09:15:00+0200,41150.0,MW,FR,FR,forecast_load,Forecasted Load,2026-07-19T10:02:06Z
2026-07-19T10:00:07Z,2026-07-19T12:00:07+0200,0122f339-e99c-4669-a7fd-e7d31a0b8b3d,2026-07-14T07:30:00Z,2026-07-14T09:30:00+0200,41600.0,MW,FR,FR,forecast_load,Forecasted Load,2026-07-19T10:02:06Z
2026-07-19T10:00:07Z,2026-07-19T12:00:07+0200,0122f339-e99c-4669-a7fd-e7d31a0b8b3d,2026-07-14T07:45:00Z,2026-07-14T09:45:00+0200,42100.0,MW,FR,FR,forecast_load,Forecasted Load,2026-07-19T10:02:06Z
2026-07-19T10:00:07Z,2026-07-19T12:00:07+0200,0122f339-e99c-4669-a7fd-e7d31a0b8b3d,2026-07-14T08:00:00Z,2026-07-14T10:00:00+0200,42600.0,MW,FR,FR,forecast_load,Forecasted Load,2026-07-19T10:02:06Z
2026-07-19T10:00:07Z,2026-07-19T12:00:07+0200,0122f339-e99c-4669-a7fd-e7d31a0b8b3d,2026-07-14T08:15:00Z,2026-07-14T10:15:00+0200,42850.0,MW,FR,FR,forecast_load,Forecasted Load,2026-07-19T10:02:06Z
2026-07-19T10:00:07Z,2026-07-19T12:00:07+0200,0122f339-e99c-4669-a7fd-e7d31a0b8b3d,2026-07-14T08:30:00Z,2026-07-14T10:30:00+0200,43100.0,MW,FR,FR,forecast_load,Forecasted Load,2026-07-19T10:02:06Z
2026-07-19T10:00:07Z,2026-07-19T12:00:07+0200,0122f339-e99c-4669-a7fd-e7d31a0b8b3d,2026-07-14T08:45:00Z,2026-07-14T10:45:00+0200,43550.0,MW,FR,FR,forecast_load,Forecasted Load,2026-07-19T10:02:06Z
2026-07-19T10:00:07Z,2026-07-19T12:00:07+0200,0122f339-e99c-4669-a7fd-e7d31a0b8b3d,2026-07-14T09:00:00Z,2026-07-14T11:00:00+0200,44000.0,MW,FR,FR,forecast_load,Forecasted Load,2026-07-19T10:02:06Z
2026-07-19T10:00:07Z,2026-07-19T12:00:07+0200,0122f339-e99c-4669-a7fd-e7d31a0b8b3d,2026-07-14T09:15:00Z,2026-07-14T11:15:00+0200,44650.0,MW,FR,FR,forecast_load,Forecasted Load,2026-07-19T10:02:06Z
2026-07-19T10:00:07Z,2026-07-19T12:00:07+0200,0122f339-e99c-4669-a7fd-e7d31a0b8b3d,2026-07-14T09:30:00Z,2026-07-14T11:30:00+0200,45300.0,MW,FR,FR,forecast_load,Forecasted Load,2026-07-19T10:02:06Z
2026-07-19T10:00:07Z,2026-07-19T12:00:07+0200,0122f339-e99c-4669-a7fd-e7d31a0b8b3d,2026-07-14T09:45:00Z,2026-07-14T11:45:00+0200,45950.0,MW,FR,FR,forecast_load,Forecasted Load,2026-07-19T10:02:06Z
2026-07-19T10:00:07Z,2026-07-19T12:00:07+0200,0122f339-e99c-4669-a7fd-e7d31a0b8b3d,2026-07-14T10:00:00Z,2026-07-14T12:00:00+0200,46600.0,MW,FR,FR,forecast_load,Forecasted Load,2026-07-19T10:02:06Z
2026-07-19T10:00:07Z,2026-07-19T12:00:07+0200,0122f339-e99c-4669-a7fd-e7d31a0b8b3d,2026-07-14T10:15:00Z,2026-07-14T12:15:00+0200,46600.0,MW,FR,FR,forecast_load,Forecasted Load,2026-07-19T10:02:06Z
2026-07-19T10:00:07Z,2026-07-19T12:00:07+0200,0122f339-e99c-4669-a7fd-e7d31a0b8b3d,2026-07-14T10:30:00Z,2026-07-14T12:30:00+0200,46600.0,MW,FR,FR,forecast_load,Forecasted Load,2026-07-19T10:02:06Z
2026-07-19T10:00:07Z,2026-07-19T12:00:07+0200,0122f339-e99c-4669-a7fd-e7d31a0b8b3d,2026-07-14T10:45:00Z,2026-07-14T12:45:00+0200,47300.0,MW,FR,FR,forecast_load,Forecasted Load,2026-07-19T10:02:06Z
2026-07-19T10:00:07Z,2026-07-19T12:00:07+0200,0122f339-e99c-4669-a7fd-e7d31a0b8b3d,2026-07-14T11:00:00Z,2026-07-14T13:00:00+0200,48000.0,MW,FR,FR,forecast_load,Forecasted Load,2026-07-19T10:02:06Z
2026-07-19T10:00:07Z,2026-07-19T12:00:07+0200,0122f339-e99c-4669-a7fd-e7d31a0b8b3d,2026-07-14T11:15:00Z,2026-07-14T13:15:00+0200,47350.0,MW,FR,FR,forecast_load,Forecasted Load,2026-07-19T10:02:06Z
2026-07-19T10:00:07Z,2026-07-19T12:00:07+0200,0122f339-e99c-4669-a7fd-e7d31a0b8b3d,2026-07-14T11:30:00Z,2026-07-14T13:30:00+0200,46700.0,MW,FR,FR,forecast_load,Forecasted Load,2026-07-19T10:02:06Z
2026-07-19T10:00:07Z,2026-07-19T12:00:07+0200,0122f339-e99c-4669-a7fd-e7d31a0b8b3d,2026-07-14T11:45:00Z,2026-07-14T13:45:00+0200,46700.0,MW,FR,FR,forecast_load,Forecasted Load,2026-07-19T10:02:06Z
2026-07-19T10:00:07Z,2026-07-19T12:00:07+0200,0122f339-e99c-4669-a7fd-e7d31a0b8b3d,2026-07-14T12:00:00Z,2026-07-14T14:00:00+0200,46700.0,MW,FR,FR,forecast_load,Forecasted Load,2026-07-19T10:02:06Z
2026-07-19T10:00:07Z,2026-07-19T12:00:07+0200,0122f339-e99c-4669-a7fd-e7d31a0b8b3d,2026-07-14T12:15:00Z,2026-07-14T14:15:00+0200,47000.0,MW,FR,FR,forecast_load,Forecasted Load,2026-07-19T10:02:06Z
2026-07-19T10:00:07Z,2026-07-19T12:00:07+0200,0122f339-e99c-4669-a7fd-e7d31a0b8b3d,2026-07-14T12:30:00Z,2026-07-14T14:30:00+0200,47300.0,MW,FR,FR,forecast_load,Forecasted Load,2026-07-19T10:02:06Z
2026-07-19T10:00:07Z,2026-07-19T12:00:07+0200,0122f339-e99c-4669-a7fd-e7d31a0b8b3d,2026-07-14T12:45:00Z,2026-07-14T14:45:00+0200,47150.0,MW,FR,FR,forecast_load,Forecasted Load,2026-07-19T10:02:06Z
2026-07-19T10:00:07Z,2026-07-19T12:00:07+0200,0122f339-e99c-4669-a7fd-e7d31a0b8b3d,2026-07-14T13:00:00Z,2026-07-14T15:00:00+0200,47000.0,MW,FR,FR,forecast_load,Forecasted Load,2026-07-19T10:02:06Z
2026-07-19T10:00:07Z,2026-07-19T12:00:07+0200,0122f339-e99c-4669-a7fd-e7d31a0b8b3d,2026-07-14T13:15:00Z,2026-07-14T15:15:00+0200,46800.0,MW,FR,FR,forecast_load,Forecasted Load,2026-07-19T10:02:06Z
2026-07-19T10:00:07Z,2026-07-19T12:00:07+0200,0122f339-e99c-4669-a7fd-e7d31a0b8b3d,2026-07-14T13:30:00Z,2026-07-14T15:30:00+0200,46600.0,MW,FR,FR,forecast_load,Forecasted Load,2026-07-19T10:02:06Z
2026-07-19T10:00:07Z,2026-07-19T12:00:07+0200,0122f339-e99c-4669-a7fd-e7d31a0b8b3d,2026-07-14T13:45:00Z,2026-07-14T15:45:00+0200,46300.0,MW,FR,FR,forecast_load,Forecasted Load,2026-07-19T10:02:06Z
2026-07-19T10:00:07Z,2026-07-19T12:00:07+0200,0122f339-e99c-4669-a7fd-e7d31a0b8b3d,2026-07-14T14:00:00Z,2026-07-14T16:00:00+0200,46000.0,MW,FR,FR,forecast_load,Forecasted Load,2026-07-19T10:02:06Z
2026-07-19T10:00:07Z,2026-07-19T12:00:07+0200,0122f339-e99c-4669-a7fd-e7d31a0b8b3d,2026-07-14T14:15:00Z,2026-07-14T16:15:00+0200,45850.0,MW,FR,FR,forecast_load,Forecasted Load,2026-07-19T10:02:06Z
2026-07-19T10:00:07Z,2026-07-19T12:00:07+0200,0122f339-e99c-4669-a7fd-e7d31a0b8b3d,2026-07-14T14:30:00Z,2026-07-14T16:30:00+0200,45700.0,MW,FR,FR,forecast_load,Forecasted Load,2026-07-19T10:02:06Z
2026-07-19T10:00:07Z,2026-07-19T12:00:07+0200,0122f339-e99c-4669-a7fd-e7d31a0b8b3d,2026-07-14T14:45:00Z,2026-07-14T16:45:00+0200,45550.0,MW,FR,FR,forecast_load,Forecasted Load,2026-07-19T10:02:06Z
2026-07-19T10:00:07Z,2026-07-19T12:00:07+0200,0122f339-e99c-4669-a7fd-e7d31a0b8b3d,2026-07-14T15:00:00Z,2026-07-14T17:00:00+0200,45400.0,MW,FR,FR,forecast_load,Forecasted Load,2026-07-19T10:02:06Z
2026-07-19T10:00:07Z,2026-07-19T12:00:07+0200,0122f339-e99c-4669-a7fd-e7d31a0b8b3d,2026-07-14T15:15:00Z,2026-07-14T17:15:00+0200,45700.0,MW,FR,FR,forecast_load,Forecasted Load,2026-07-19T10:02:06Z
2026-07-19T10:00:07Z,2026-07-19T12:00:07+0200,0122f339-e99c-4669-a7fd-e7d31a0b8b3d,2026-07-14T15:30:00Z,2026-07-14T17:30:00+0200,46000.0,MW,FR,FR,forecast_load,Forecasted Load,2026-07-19T10:02:06Z
2026-07-19T10:00:07Z,2026-07-19T12:00:07+0200,0122f339-e99c-4669-a7fd-e7d31a0b8b3d,2026-07-14T15:45:00Z,2026-07-14T17:45:00+0200,46350.0,MW,FR,FR,forecast_load,Forecasted Load,2026-07-19T10:02:06Z
2026-07-19T10:00:07Z,2026-07-19T12:00:07+0200,0122f339-e99c-4669-a7fd-e7d31a0b8b3d,2026-07-14T16:00:00Z,2026-07-14T18:00:00+0200,46700.0,MW,FR,FR,forecast_load,Forecasted Load,2026-07-19T10:02:06Z
2026-07-19T10:00:07Z,2026-07-19T12:00:07+0200,0122f339-e99c-4669-a7fd-e7d31a0b8b3d,2026-07-14T16:15:00Z,2026-07-14T18:15:00+0200,47000.0,MW,FR,FR,forecast_load,Forecasted Load,2026-07-19T10:02:06Z
2026-07-19T10:00:07Z,2026-07-19T12:00:07+0200,0122f339-e99c-4669-a7fd-e7d31a0b8b3d,2026-07-14T16:30:00Z,2026-07-14T18:30:00+0200,47300.0,MW,FR,FR,forecast_load,Forecasted Load,2026-07-19T10:02:06Z
2026-07-19T10:00:07Z,2026-07-19T12:00:07+0200,0122f339-e99c-4669-a7fd-e7d31a0b8b3d,2026-07-14T16:45:00Z,2026-07-14T18:45:00+0200,47900.0,MW,FR,FR,forecast_load,Forecasted Load,2026-07-19T10:02:06Z
2026-07-19T10:00:07Z,2026-07-19T12:00:07+0200,0122f339-e99c-4669-a7fd-e7d31a0b8b3d,2026-07-14T17:00:00Z,2026-07-14T19:00:00+0200,48500.0,MW,FR,FR,forecast_load,Forecasted Load,2026-07-19T10:02:06Z
2026-07-19T10:00:07Z,2026-07-19T12:00:07+0200,0122f339-e99c-4669-a7fd-e7d31a0b8b3d,2026-07-14T17:15:00Z,2026-07-14T19:15:00+0200,48650.0,MW,FR,FR,forecast_load,Forecasted Load,2026-07-19T10:02:06Z
2026-07-19T10:00:07Z,2026-07-19T12:00:07+0200,0122f339-e99c-4669-a7fd-e7d31a0b8b3d,2026-07-14T17:30:00Z,2026-07-14T19:30:00+0200,48800.0,MW,FR,FR,forecast_load,Forecasted Load,2026-07-19T10:02:06Z
2026-07-19T10:00:07Z,2026-07-19T12:00:07+0200,0122f339-e99c-4669-a7fd-e7d31a0b8b3d,2026-07-14T17:45:00Z,2026-07-14T19:45:00+0200,48850.0,MW,FR,FR,forecast_load,Forecasted Load,2026-07-19T10:02:06Z
2026-07-19T10:00:07Z,2026-07-19T12:00:07+0200,0122f339-e99c-4669-a7fd-e7d31a0b8b3d,2026-07-14T18:00:00Z,2026-07-14T20:00:00+0200,48900.0,MW,FR,FR,forecast_load,Forecasted Load,2026-07-19T10:02:06Z
2026-07-19T10:00:07Z,2026-07-19T12:00:07+0200,0122f339-e99c-4669-a7fd-e7d31a0b8b3d,2026-07-14T18:15:00Z,2026-07-14T20:15:00+0200,48500.0,MW,FR,FR,forecast_load,Forecasted Load,2026-07-19T10:02:06Z
2026-07-19T10:00:07Z,2026-07-19T12:00:07+0200,0122f339-e99c-4669-a7fd-e7d31a0b8b3d,2026-07-14T18:30:00Z,2026-07-14T20:30:00+0200,48100.0,MW,FR,FR,forecast_load,Forecasted Load,2026-07-19T10:02:06Z
2026-07-19T10:00:07Z,2026-07-19T12:00:07+0200,0122f339-e99c-4669-a7fd-e7d31a0b8b3d,2026-07-14T18:45:00Z,2026-07-14T20:45:00+0200,47700.0,MW,FR,FR,forecast_load,Forecasted Load,2026-07-19T10:02:06Z
2026-07-19T10:00:07Z,2026-07-19T12:00:07+0200,0122f339-e99c-4669-a7fd-e7d31a0b8b3d,2026-07-14T19:00:00Z,2026-07-14T21:00:00+0200,47300.0,MW,FR,FR,forecast_load,Forecasted Load,2026-07-19T10:02:06Z
2026-07-19T10:00:07Z,2026-07-19T12:00:07+0200,0122f339-e99c-4669-a7fd-e7d31a0b8b3d,2026-07-14T19:15:00Z,2026-07-14T21:15:00+0200,47050.0,MW,FR,FR,forecast_load,Forecasted Load,2026-07-19T10:02:06Z
2026-07-19T10:00:07Z,2026-07-19T12:00:07+0200,0122f339-e99c-4669-a7fd-e7d31a0b8b3d,2026-07-14T19:30:00Z,2026-07-14T21:30:00+0200,46800.0,MW,FR,FR,forecast_load,Forecasted Load,2026-07-19T10:02:06Z
2026-07-19T10:00:07Z,2026-07-19T12:00:07+0200,0122f339-e99c-4669-a7fd-e7d31a0b8b3d,2026-07-14T19:45:00Z,2026-07-14T21:45:00+0200,46600.0,MW,FR,FR,forecast_load,Forecasted Load,2026-07-19T10:02:06Z
2026-07-19T10:00:07Z,2026-07-19T12:00:07+0200,0122f339-e99c-4669-a7fd-e7d31a0b8b3d,2026-07-14T20:00:00Z,2026-07-14T22:00:00+0200,46400.0,MW,FR,FR,forecast_load,Forecasted Load,2026-07-19T10:02:06Z
2026-07-19T10:00:07Z,2026-07-19T12:00:07+0200,0122f339-e99c-4669-a7fd-e7d31a0b8b3d,2026-07-14T20:15:00Z,2026-07-14T22:15:00+0200,47400.0,MW,FR,FR,forecast_load,Forecasted Load,2026-07-19T10:02:06Z
2026-07-19T10:00:07Z,2026-07-19T12:00:07+0200,0122f339-e99c-4669-a7fd-e7d31a0b8b3d,2026-07-14T20:30:00Z,2026-07-14T22:30:00+0200,48400.0,MW,FR,FR,forecast_load,Forecasted Load,2026-07-19T10:02:06Z
2026-07-19T10:00:07Z,2026-07-19T12:00:07+0200,0122f339-e99c-4669-a7fd-e7d31a0b8b3d,2026-07-14T20:45:00Z,2026-07-14T22:45:00+0200,48900.0,MW,FR,FR,forecast_load,Forecasted Load,2026-07-19T10:02:06Z
2026-07-19T10:00:07Z,2026-07-19T12:00:07+0200,0122f339-e99c-4669-a7fd-e7d31a0b8b3d,2026-07-14T21:00:00Z,2026-07-14T23:00:00+0200,49400.0,MW,FR,FR,forecast_load,Forecasted Load,2026-07-19T10:02:06Z
2026-07-19T10:00:07Z,2026-07-19T12:00:07+0200,0122f339-e99c-4669-a7fd-e7d31a0b8b3d,2026-07-14T21:15:00Z,2026-07-14T23:15:00+0200,48300.0,MW,FR,FR,forecast_load,Forecasted Load,2026-07-19T10:02:06Z
2026-07-19T10:00:07Z,2026-07-19T12:00:07+0200,0122f339-e99c-4669-a7fd-e7d31a0b8b3d,2026-07-14T21:30:00Z,2026-07-14T23:30:00+0200,47200.0,MW,FR,FR,forecast_load,Forecasted Load,2026-07-19T10:02:06Z
2026-07-19T10:00:07Z,2026-07-19T12:00:07+0200,0122f339-e99c-4669-a7fd-e7d31a0b8b3d,2026-07-14T21:45:00Z,2026-07-14T23:45:00+0200,46400.0,MW,FR,FR,forecast_load,Forecasted Load,2026-07-19T10:02:06Z
2026-07-19T10:00:07Z,2026-07-19T12:00:07+0200,0122f339-e99c-4669-a7fd-e7d31a0b8b3d,2026-07-14T22:00:00Z,2026-07-15T00:00:00+0200,47000.0,MW,FR,FR,forecast_load,Forecasted Load,2026-07-19T10:02:06Z
2026-07-19T10:00:07Z,2026-07-19T12:00:07+0200,0122f339-e99c-4669-a7fd-e7d31a0b8b3d,2026-07-14T22:15:00Z,2026-07-15T00:15:00+0200,45900.0,MW,FR,FR,forecast_load,Forecasted Load,2026-07-19T10:02:06Z
2026-07-19T10:00:07Z,2026-07-19T12:00:07+0200,0122f339-e99c-4669-a7fd-e7d31a0b8b3d,2026-07-14T22:30:00Z,2026-07-15T00:30:00+0200,44800.0,MW,FR,FR,forecast_load,Forecasted Load,2026-07-19T10:02:06Z
2026-07-19T10:00:07Z,2026-07-19T12:00:07+0200,0122f339-e99c-4669-a7fd-e7d31a0b8b3d,2026-07-14T22:45:00Z,2026-07-15T00:45:00+0200,43950.0,MW,FR,FR,forecast_load,Forecasted Load,2026-07-19T10:02:06Z
2026-07-19T10:00:07Z,2026-07-19T12:00:07+0200,0122f339-e99c-4669-a7fd-e7d31a0b8b3d,2026-07-14T23:00:00Z,2026-07-15T01:00:00+0200,43100.0,MW,FR,FR,forecast_load,Forecasted Load,2026-07-19T10:02:06Z
2026-07-19T10:00:07Z,2026-07-19T12:00:07+0200,0122f339-e99c-4669-a7fd-e7d31a0b8b3d,2026-07-14T23:15:00Z,2026-07-15T01:15:00+0200,43450.0,MW,FR,FR,forecast_load,Forecasted Load,2026-07-19T10:02:06Z
2026-07-19T10:00:07Z,2026-07-19T12:00:07+0200,0122f339-e99c-4669-a7fd-e7d31a0b8b3d,2026-07-14T23:30:00Z,2026-07-15T01:30:00+0200,43800.0,MW,FR,FR,forecast_load,Forecasted Load,2026-07-19T10:02:06Z
2026-07-19T10:00:07Z,2026-07-19T12:00:07+0200,0122f339-e99c-4669-a7fd-e7d31a0b8b3d,2026-07-14T23:45:00Z,2026-07-15T01:45:00+0200,43100.0,MW,FR,FR,forecast_load,Forecasted Load,2026-07-19T10:02:06Z
2026-07-19T10:00:07Z,2026-07-19T12:00:07+0200,0122f339-e99c-4669-a7fd-e7d31a0b8b3d,2026-07-15T00:00:00Z,2026-07-15T02:00:00+0200,42400.0,MW,FR,FR,forecast_load,Forecasted Load,2026-07-19T10:02:06Z
2026-07-19T10:00:07Z,2026-07-19T12:00:07+0200,0122f339-e99c-4669-a7fd-e7d31a0b8b3d,2026-07-15T00:15:00Z,2026-07-15T02:15:00+0200,41400.0,MW,FR,FR,forecast_load,Forecasted Load,2026-07-19T10:02:06Z
2026-07-19T10:00:07Z,2026-07-19T12:00:07+0200,0122f339-e99c-4669-a7fd-e7d31a0b8b3d,2026-07-15T00:30:00Z,2026-07-15T02:30:00+0200,40400.0,MW,FR,FR,forecast_load,Forecasted Load,2026-07-19T10:02:06Z
2026-07-19T10:00:07Z,2026-07-19T12:00:07+0200,0122f339-e99c-4669-a7fd-e7d31a0b8b3d,2026-07-15T00:45:00Z,2026-07-15T02:45:00+0200,39850.0,MW,FR,FR,forecast_load,Forecasted Load,2026-07-19T10:02:06Z
2026-07-19T10:00:07Z,2026-07-19T12:00:07+0200,0122f339-e99c-4669-a7fd-e7d31a0b8b3d,2026-07-15T01:00:00Z,2026-07-15T03:00:00+0200,39300.0,MW,FR,FR,forecast_load,Forecasted Load,2026-07-19T10:02:06Z
2026-07-19T10:00:07Z,2026-07-19T12:00:07+0200,0122f339-e99c-4669-a7fd-e7d31a0b8b3d,2026-07-15T01:15:00Z,2026-07-15T03:15:00+0200,39000.0,MW,FR,FR,forecast_load,Forecasted Load,2026-07-19T10:02:06Z
2026-07-19T10:00:07Z,2026-07-19T12:00:07+0200,0122f339-e99c-4669-a7fd-e7d31a0b8b3d,2026-07-15T01:30:00Z,2026-07-15T03:30:00+0200,38700.0,MW,FR,FR,forecast_load,Forecasted Load,2026-07-19T10:02:06Z
2026-07-19T10:00:07Z,2026-07-19T12:00:07+0200,0122f339-e99c-4669-a7fd-e7d31a0b8b3d,2026-07-15T01:45:00Z,2026-07-15T03:45:00+0200,38500.0,MW,FR,FR,forecast_load,Forecasted Load,2026-07-19T10:02:06Z
2026-07-19T10:00:07Z,2026-07-19T12:00:07+0200,0122f339-e99c-4669-a7fd-e7d31a0b8b3d,2026-07-15T02:00:00Z,2026-07-15T04:00:00+0200,38300.0,MW,FR,FR,forecast_load,Forecasted Load,2026-07-19T10:02:06Z
2026-07-19T10:00:07Z,2026-07-19T12:00:07+0200,0122f339-e99c-4669-a7fd-e7d31a0b8b3d,2026-07-15T02:15:00Z,2026-07-15T04:15:00+0200,38450.0,MW,FR,FR,forecast_load,Forecasted Load,2026-07-19T10:02:06Z
2026-07-19T10:00:07Z,2026-07-19T12:00:07+0200,0122f339-e99c-4669-a7fd-e7d31a0b8b3d,2026-07-15T02:30:00Z,2026-07-15T04:30:00+0200,38600.0,MW,FR,FR,forecast_load,Forecasted Load,2026-07-19T10:02:06Z
2026-07-19T10:00:07Z,2026-07-19T12:00:07+0200,0122f339-e99c-4669-a7fd-e7d31a0b8b3d,2026-07-15T02:45:00Z,2026-07-15T04:45:00+0200,38900.0,MW,FR,FR,forecast_load,Forecasted Load,2026-07-19T10:02:06Z
2026-07-19T10:00:07Z,2026-07-19T12:00:07+0200,0122f339-e99c-4669-a7fd-e7d31a0b8b3d,2026-07-15T03:00:00Z,2026-07-15T05:00:00+0200,39200.0,MW,FR,FR,forecast_load,Forecasted Load,2026-07-19T10:02:06Z
2026-07-19T10:00:07Z,2026-07-19T12:00:07+0200,0122f339-e99c-4669-a7fd-e7d31a0b8b3d,2026-07-15T03:15:00Z,2026-07-15T05:15:00+0200,39750.0,MW,FR,FR,forecast_load,Forecasted Load,2026-07-19T10:02:06Z
2026-07-19T10:00:07Z,2026-07-19T12:00:07+0200,0122f339-e99c-4669-a7fd-e7d31a0b8b3d,2026-07-15T03:30:00Z,2026-07-15T05:30:00+0200,40300.0,MW,FR,FR,forecast_load,Forecasted Load,2026-07-19T10:02:06Z
2026-07-19T10:00:07Z,2026-07-19T12:00:07+0200,0122f339-e99c-4669-a7fd-e7d31a0b8b3d,2026-07-15T03:45:00Z,2026-07-15T05:45:00+0200,40850.0,MW,FR,FR,forecast_load,Forecasted Load,2026-07-19T10:02:06Z
2026-07-19T10:00:07Z,2026-07-19T12:00:07+0200,0122f339-e99c-4669-a7fd-e7d31a0b8b3d,2026-07-15T04:00:00Z,2026-07-15T06:00:00+0200,41400.0,MW,FR,FR,forecast_load,Forecasted Load,2026-07-19T10:02:06Z
2026-07-19T10:00:07Z,2026-07-19T12:00:07+0200,0122f339-e99c-4669-a7fd-e7d31a0b8b3d,2026-07-15T04:15:00Z,2026-07-15T06:15:00+0200,42100.0,MW,FR,FR,forecast_load,Forecasted Load,2026-07-19T10:02:06Z
2026-07-19T10:00:07Z,2026-07-19T12:00:07+0200,0122f339-e99c-4669-a7fd-e7d31a0b8b3d,2026-07-15T04:30:00Z,2026-07-15T06:30:00+0200,42800.0,MW,FR,FR,forecast_load,Forecasted Load,2026-07-19T10:02:06Z
2026-07-19T10:00:07Z,2026-07-19T12:00:07+0200,0122f339-e99c-4669-a7fd-e7d31a0b8b3d,2026-07-15T04:45:00Z,2026-07-15T06:45:00+0200,43500.0,MW,FR,FR,forecast_load,Forecasted Load,2026-07-19T10:02:06Z
2026-07-19T10:00:07Z,2026-07-19T12:00:07+0200,0122f339-e99c-4669-a7fd-e7d31a0b8b3d,2026-07-15T05:00:00Z,2026-07-15T07:00:00+0200,44200.0,MW,FR,FR,forecast_load,Forecasted Load,2026-07-19T10:02:06Z
2026-07-19T10:00:07Z,2026-07-19T12:00:07+0200,0122f339-e99c-4669-a7fd-e7d31a0b8b3d,2026-07-15T05:15:00Z,2026-07-15T07:15:00+0200,44950.0,MW,FR,FR,forecast_load,Forecasted Load,2026-07-19T10:02:06Z
2026-07-19T10:00:07Z,2026-07-19T12:00:07+0200,0122f339-e99c-4669-a7fd-e7d31a0b8b3d,2026-07-15T05:30:00Z,2026-07-15T07:30:00+0200,45700.0,MW,FR,FR,forecast_load,Forecasted Load,2026-07-19T10:02:06Z
2026-07-19T10:00:07Z,2026-07-19T12:00:07+0200,0122f339-e99c-4669-a7fd-e7d31a0b8b3d,2026-07-15T05:45:00Z,2026-07-15T07:45:00+0200,46600.0,MW,FR,FR,forecast_load,Forecasted Load,2026-07-19T10:02:06Z
2026-07-19T10:00:07Z,2026-07-19T12:00:07+0200,0122f339-e99c-4669-a7fd-e7d31a0b8b3d,2026-07-15T06:00:00Z,2026-07-15T08:00:00+0200,47500.0,MW,FR,FR,forecast_load,Forecasted Load,2026-07-19T10:02:06Z
2026-07-19T10:00:07Z,2026-07-19T12:00:07+0200,0122f339-e99c-4669-a7fd-e7d31a0b8b3d,2026-07-15T06:15:00Z,2026-07-15T08:15:00+0200,48250.0,MW,FR,FR,forecast_load,Forecasted Load,2026-07-19T10:02:06Z
2026-07-19T10:00:07Z,2026-07-19T12:00:07+0200,0122f339-e99c-4669-a7fd-e7d31a0b8b3d,2026-07-15T06:30:00Z,2026-07-15T08:30:00+0200,49000.0,MW,FR,FR,forecast_load,Forecasted Load,2026-07-19T10:02:06Z
2026-07-19T10:00:07Z,2026-07-19T12:00:07+0200,0122f339-e99c-4669-a7fd-e7d31a0b8b3d,2026-07-15T06:45:00Z,2026-07-15T08:45:00+0200,49550.0,MW,FR,FR,forecast_load,Forecasted Load,2026-07-19T10:02:06Z
2026-07-19T10:00:07Z,2026-07-19T12:00:07+0200,0122f339-e99c-4669-a7fd-e7d31a0b8b3d,2026-07-15T07:00:00Z,2026-07-15T09:00:00+0200,50100.0,MW,FR,FR,forecast_load,Forecasted Load,2026-07-19T10:02:06Z
2026-07-19T10:00:07Z,2026-07-19T12:00:07+0200,0122f339-e99c-4669-a7fd-e7d31a0b8b3d,2026-07-15T07:15:00Z,2026-07-15T09:15:00+0200,50750.0,MW,FR,FR,forecast_load,Forecasted Load,2026-07-19T10:02:06Z
2026-07-19T10:00:07Z,2026-07-19T12:00:07+0200,0122f339-e99c-4669-a7fd-e7d31a0b8b3d,2026-07-15T07:30:00Z,2026-07-15T09:30:00+0200,51400.0,MW,FR,FR,forecast_load,Forecasted Load,2026-07-19T10:02:06Z
2026-07-19T10:00:07Z,2026-07-19T12:00:07+0200,0122f339-e99c-4669-a7fd-e7d31a0b8b3d,2026-07-15T07:45:00Z,2026-07-15T09:45:00+0200,51800.0,MW,FR,FR,forecast_load,Forecasted Load,2026-07-19T10:02:06Z
2026-07-19T10:00:07Z,2026-07-19T12:00:07+0200,0122f339-e99c-4669-a7fd-e7d31a0b8b3d,2026-07-15T08:00:00Z,2026-07-15T10:00:00+0200,52200.0,MW,FR,FR,forecast_load,Forecasted Load,2026-07-19T10:02:06Z
2026-07-19T10:00:07Z,2026-07-19T12:00:07+0200,0122f339-e99c-4669-a7fd-e7d31a0b8b3d,2026-07-15T08:15:00Z,2026-07-15T10:15:00+0200,52750.0,MW,FR,FR,forecast_load,Forecasted Load,2026-07-19T10:02:06Z
2026-07-19T10:00:07Z,2026-07-19T12:00:07+0200,0122f339-e99c-4669-a7fd-e7d31a0b8b3d,2026-07-15T08:30:00Z,2026-07-15T10:30:00+0200,53300.0,MW,FR,FR,forecast_load,Forecasted Load,2026-07-19T10:02:06Z
2026-07-19T10:00:07Z,2026-07-19T12:00:07+0200,0122f339-e99c-4669-a7fd-e7d31a0b8b3d,2026-07-15T08:45:00Z,2026-07-15T10:45:00+0200,53700.0,MW,FR,FR,forecast_load,Forecasted Load,2026-07-19T10:02:06Z
2026-07-19T10:00:07Z,2026-07-19T12:00:07+0200,0122f339-e99c-4669-a7fd-e7d31a0b8b3d,2026-07-15T09:00:00Z,2026-07-15T11:00:00+0200,54100.0,MW,FR,FR,forecast_load,Forecasted Load,2026-07-19T10:02:06Z
2026-07-19T10:00:07Z,2026-07-19T12:00:07+0200,0122f339-e99c-4669-a7fd-e7d31a0b8b3d,2026-07-15T09:15:00Z,2026-07-15T11:15:00+0200,54500.0,MW,FR,FR,forecast_load,Forecasted Load,2026-07-19T10:02:06Z
2026-07-19T10:00:07Z,2026-07-19T12:00:07+0200,0122f339-e99c-4669-a7fd-e7d31a0b8b3d,2026-07-15T09:30:00Z,2026-07-15T11:30:00+0200,54900.0,MW,FR,FR,forecast_load,Forecasted Load,2026-07-19T10:02:06Z
2026-07-19T10:00:07Z,2026-07-19T12:00:07+0200,0122f339-e99c-4669-a7fd-e7d31a0b8b3d,2026-07-15T09:45:00Z,2026-07-15T11:45:00+0200,55600.0,MW,FR,FR,forecast_load,Forecasted Load,2026-07-19T10:02:06Z
2026-07-19T10:00:07Z,2026-07-19T12:00:07+0200,0122f339-e99c-4669-a7fd-e7d31a0b8b3d,2026-07-15T10:00:00Z,2026-07-15T12:00:00+0200,56300.0,MW,FR,FR,forecast_load,Forecasted Load,2026-07-19T10:02:06Z
2026-07-19T10:00:07Z,2026-07-19T12:00:07+0200,0122f339-e99c-4669-a7fd-e7d31a0b8b3d,2026-07-15T10:15:00Z,2026-07-15T12:15:00+0200,56100.0,MW,FR,FR,forecast_load,Forecasted Load,2026-07-19T10:02:06Z
2026-07-19T10:00:07Z,2026-07-19T12:00:07+0200,0122f339-e99c-4669-a7fd-e7d31a0b8b3d,2026-07-15T10:30:00Z,2026-07-15T12:30:00+0200,55900.0,MW,FR,FR,forecast_load,Forecasted Load,2026-07-19T10:02:06Z
2026-07-19T10:00:07Z,2026-07-19T12:00:07+0200,0122f339-e99c-4669-a7fd-e7d31a0b8b3d,2026-07-15T10:45:00Z,2026-07-15T12:45:00+0200,56450.0,MW,FR,FR,forecast_load,Forecasted Load,2026-07-19T10:02:06Z
2026-07-19T10:00:07Z,2026-07-19T12:00:07+0200,0122f339-e99c-4669-a7fd-e7d31a0b8b3d,2026-07-15T11:00:00Z,2026-07-15T13:00:00+0200,57000.0,MW,FR,FR,forecast_load,Forecasted Load,2026-07-19T10:02:06Z
2026-07-19T10:00:07Z,2026-07-19T12:00:07+0200,0122f339-e99c-4669-a7fd-e7d31a0b8b3d,2026-07-15T11:15:00Z,2026-07-15T13:15:00+0200,56500.0,MW,FR,FR,forecast_load,Forecasted Load,2026-07-19T10:02:06Z
2026-07-19T10:00:07Z,2026-07-19T12:00:07+0200,0122f339-e99c-4669-a7fd-e7d31a0b8b3d,2026-07-15T11:30:00Z,2026-07-15T13:30:00+0200,56000.0,MW,FR,FR,forecast_load,Forecasted Load,2026-07-19T10:02:06Z
2026-07-19T10:00:07Z,2026-07-19T12:00:07+0200,0122f339-e99c-4669-a7fd-e7d31a0b8b3d,2026-07-15T11:45:00Z,2026-07-15T13:45:00+0200,55850.0,MW,FR,FR,forecast_load,Forecasted Load,2026-07-19T10:02:06Z
2026-07-19T10:00:07Z,2026-07-19T12:00:07+0200,0122f339-e99c-4669-a7fd-e7d31a0b8b3d,2026-07-15T12:00:00Z,2026-07-15T14:00:00+0200,55700.0,MW,FR,FR,forecast_load,Forecasted Load,2026-07-19T10:02:06Z
2026-07-19T10:00:07Z,2026-07-19T12:00:07+0200,0122f339-e99c-4669-a7fd-e7d31a0b8b3d,2026-07-15T12:15:00Z,2026-07-15T14:15:00+0200,56450.0,MW,FR,FR,forecast_load,Forecasted Load,2026-07-19T10:02:06Z
2026-07-19T10:00:07Z,2026-07-19T12:00:07+0200,0122f339-e99c-4669-a7fd-e7d31a0b8b3d,2026-07-15T12:30:00Z,2026-07-15T14:30:00+0200,57200.0,MW,FR,FR,forecast_load,Forecasted Load,2026-07-19T10:02:06Z
2026-07-19T10:00:07Z,2026-07-19T12:00:07+0200,0122f339-e99c-4669-a7fd-e7d31a0b8b3d,2026-07-15T12:45:00Z,2026-07-15T14:45:00+0200,57050.0,MW,FR,FR,forecast_load,Forecasted Load,2026-07-19T10:02:06Z
2026-07-19T10:00:07Z,2026-07-19T12:00:07+0200,0122f339-e99c-4669-a7fd-e7d31a0b8b3d,2026-07-15T13:00:00Z,2026-07-15T15:00:00+0200,56900.0,MW,FR,FR,forecast_load,Forecasted Load,2026-07-19T10:02:06Z
2026-07-19T10:00:07Z,2026-07-19T12:00:07+0200,0122f339-e99c-4669-a7fd-e7d31a0b8b3d,2026-07-15T13:15:00Z,2026-07-15T15:15:00+0200,56500.0,MW,FR,FR,forecast_load,Forecasted Load,2026-07-19T10:02:06Z
2026-07-19T10:00:07Z,2026-07-19T12:00:07+0200,0122f339-e99c-4669-a7fd-e7d31a0b8b3d,2026-07-15T13:30:00Z,2026-07-15T15:30:00+0200,56100.0,MW,FR,FR,forecast_load,Forecasted Load,2026-07-19T10:02:06Z
2026-07-19T10:00:07Z,2026-07-19T12:00:07+0200,0122f339-e99c-4669-a7fd-e7d31a0b8b3d,2026-07-15T13:45:00Z,2026-07-15T15:45:00+0200,55800.0,MW,FR,FR,forecast_load,Forecasted Load,2026-07-19T10:02:06Z
2026-07-19T10:00:07Z,2026-07-19T12:00:07+0200,0122f339-e99c-4669-a7fd-e7d31a0b8b3d,2026-07-15T14:00:00Z,2026-07-15T16:00:00+0200,55500.0,MW,FR,FR,forecast_load,Forecasted Load,2026-07-19T10:02:06Z
2026-07-19T10:00:07Z,2026-07-19T12:00:07+0200,0122f339-e99c-4669-a7fd-e7d31a0b8b3d,2026-07-15T14:15:00Z,2026-07-15T16:15:00+0200,54950.0,MW,FR,FR,forecast_load,Forecasted Load,2026-07-19T10:02:06Z
2026-07-19T10:00:07Z,2026-07-19T12:00:07+0200,0122f339-e99c-4669-a7fd-e7d31a0b8b3d,2026-07-15T14:30:00Z,2026-07-15T16:30:00+0200,54400.0,MW,FR,FR,forecast_load,Forecasted Load,2026-07-19T10:02:06Z
2026-07-19T10:00:07Z,2026-07-19T12:00:07+0200,0122f339-e99c-4669-a7fd-e7d31a0b8b3d,2026-07-15T14:45:00Z,2026-07-15T16:45:00+0200,54150.0,MW,FR,FR,forecast_load,Forecasted Load,2026-07-19T10:02:06Z
2026-07-19T10:00:07Z,2026-07-19T12:00:07+0200,0122f339-e99c-4669-a7fd-e7d31a0b8b3d,2026-07-15T15:00:00Z,2026-07-15T17:00:00+0200,53900.0,MW,FR,FR,forecast_load,Forecasted Load,2026-07-19T10:02:06Z
2026-07-19T10:00:07Z,2026-07-19T12:00:07+0200,0122f339-e99c-4669-a7fd-e7d31a0b8b3d,2026-07-15T15:15:00Z,2026-07-15T17:15:00+0200,54050.0,MW,FR,FR,forecast_load,Forecasted Load,2026-07-19T10:02:06Z
2026-07-19T10:00:07Z,2026-07-19T12:00:07+0200,0122f339-e99c-4669-a7fd-e7d31a0b8b3d,2026-07-15T15:30:00Z,2026-07-15T17:30:00+0200,54200.0,MW,FR,FR,forecast_load,Forecasted Load,2026-07-19T10:02:06Z
2026-07-19T10:00:07Z,2026-07-19T12:00:07+0200,0122f339-e99c-4669-a7fd-e7d31a0b8b3d,2026-07-15T15:45:00Z,2026-07-15T17:45:00+0200,54350.0,MW,FR,FR,forecast_load,Forecasted Load,2026-07-19T10:02:06Z
2026-07-19T10:00:07Z,2026-07-19T12:00:07+0200,0122f339-e99c-4669-a7fd-e7d31a0b8b3d,2026-07-15T16:00:00Z,2026-07-15T18:00:00+0200,54500.0,MW,FR,FR,forecast_load,Forecasted Load,2026-07-19T10:02:06Z
2026-07-19T10:00:07Z,2026-07-19T12:00:07+0200,0122f339-e99c-4669-a7fd-e7d31a0b8b3d,2026-07-15T16:15:00Z,2026-07-15T18:15:00+0200,54750.0,MW,FR,FR,forecast_load,Forecasted Load,2026-07-19T10:02:06Z
2026-07-19T10:00:07Z,2026-07-19T12:00:07+0200,0122f339-e99c-4669-a7fd-e7d31a0b8b3d,2026-07-15T16:30:00Z,2026-07-15T18:30:00+0200,55000.0,MW,FR,FR,forecast_load,Forecasted Load,2026-07-19T10:02:06Z
2026-07-19T10:00:07Z,2026-07-19T12:00:07+0200,0122f339-e99c-4669-a7fd-e7d31a0b8b3d,2026-07-15T16:45:00Z,2026-07-15T18:45:00+0200,55450.0,MW,FR,FR,forecast_load,Forecasted Load,2026-07-19T10:02:06Z
2026-07-19T10:00:07Z,2026-07-19T12:00:07+0200,0122f339-e99c-4669-a7fd-e7d31a0b8b3d,2026-07-15T17:00:00Z,2026-07-15T19:00:00+0200,55900.0,MW,FR,FR,forecast_load,Forecasted Load,2026-07-19T10:02:06Z
2026-07-19T10:00:07Z,2026-07-19T12:00:07+0200,0122f339-e99c-4669-a7fd-e7d31a0b8b3d,2026-07-15T17:15:00Z,2026-07-15T19:15:00+0200,55600.0,MW,FR,FR,forecast_load,Forecasted Load,2026-07-19T10:02:06Z
2026-07-19T10:00:07Z,2026-07-19T12:00:07+0200,0122f339-e99c-4669-a7fd-e7d31a0b8b3d,2026-07-15T17:30:00Z,2026-07-15T19:30:00+0200,55300.0,MW,FR,FR,forecast_load,Forecasted Load,2026-07-19T10:02:06Z
2026-07-19T10:00:07Z,2026-07-19T12:00:07+0200,0122f339-e99c-4669-a7fd-e7d31a0b8b3d,2026-07-15T17:45:00Z,2026-07-15T19:45:00+0200,55050.0,MW,FR,FR,forecast_load,Forecasted Load,2026-07-19T10:02:06Z
2026-07-19T10:00:07Z,2026-07-19T12:00:07+0200,0122f339-e99c-4669-a7fd-e7d31a0b8b3d,2026-07-15T18:00:00Z,2026-07-15T20:00:00+0200,54800.0,MW,FR,FR,forecast_load,Forecasted Load,2026-07-19T10:02:06Z
2026-07-19T10:00:07Z,2026-07-19T12:00:07+0200,0122f339-e99c-4669-a7fd-e7d31a0b8b3d,2026-07-15T18:15:00Z,2026-07-15T20:15:00+0200,54050.0,MW,FR,FR,forecast_load,Forecasted Load,2026-07-19T10:02:06Z
2026-07-19T10:00:07Z,2026-07-19T12:00:07+0200,0122f339-e99c-4669-a7fd-e7d31a0b8b3d,2026-07-15T18:30:00Z,2026-07-15T20:30:00+0200,53300.0,MW,FR,FR,forecast_load,Forecasted Load,2026-07-19T10:02:06Z
2026-07-19T10:00:07Z,2026-07-19T12:00:07+0200,0122f339-e99c-4669-a7fd-e7d31a0b8b3d,2026-07-15T18:45:00Z,2026-07-15T20:45:00+0200,52800.0,MW,FR,FR,forecast_load,Forecasted Load,2026-07-19T10:02:06Z
2026-07-19T10:00:07Z,2026-07-19T12:00:07+0200,0122f339-e99c-4669-a7fd-e7d31a0b8b3d,2026-07-15T19:00:00Z,2026-07-15T21:00:00+0200,52300.0,MW,FR,FR,forecast_load,Forecasted Load,2026-07-19T10:02:06Z
2026-07-19T10:00:07Z,2026-07-19T12:00:07+0200,0122f339-e99c-4669-a7fd-e7d31a0b8b3d,2026-07-15T19:15:00Z,2026-07-15T21:15:00+0200,51900.0,MW,FR,FR,forecast_load,Forecasted Load,2026-07-19T10:02:06Z
2026-07-19T10:00:07Z,2026-07-19T12:00:07+0200,0122f339-e99c-4669-a7fd-e7d31a0b8b3d,2026-07-15T19:30:00Z,2026-07-15T21:30:00+0200,51500.0,MW,FR,FR,forecast_load,Forecasted Load,2026-07-19T10:02:06Z
2026-07-19T10:00:07Z,2026-07-19T12:00:07+0200,0122f339-e99c-4669-a7fd-e7d31a0b8b3d,2026-07-15T19:45:00Z,2026-07-15T21:45:00+0200,51150.0,MW,FR,FR,forecast_load,Forecasted Load,2026-07-19T10:02:06Z
2026-07-19T10:00:07Z,2026-07-19T12:00:07+0200,0122f339-e99c-4669-a7fd-e7d31a0b8b3d,2026-07-15T20:00:00Z,2026-07-15T22:00:00+0200,50800.0,MW,FR,FR,forecast_load,Forecasted Load,2026-07-19T10:02:06Z
2026-07-19T10:00:07Z,2026-07-19T12:00:07+0200,0122f339-e99c-4669-a7fd-e7d31a0b8b3d,2026-07-15T20:15:00Z,2026-07-15T22:15:00+0200,51450.0,MW,FR,FR,forecast_load,Forecasted Load,2026-07-19T10:02:06Z
2026-07-19T10:00:07Z,2026-07-19T12:00:07+0200,0122f339-e99c-4669-a7fd-e7d31a0b8b3d,2026-07-15T20:30:00Z,2026-07-15T22:30:00+0200,52100.0,MW,FR,FR,forecast_load,Forecasted Load,2026-07-19T10:02:06Z
2026-07-19T10:00:07Z,2026-07-19T12:00:07+0200,0122f339-e99c-4669-a7fd-e7d31a0b8b3d,2026-07-15T20:45:00Z,2026-07-15T22:45:00+0200,52550.0,MW,FR,FR,forecast_load,Forecasted Load,2026-07-19T10:02:06Z
2026-07-19T10:00:07Z,2026-07-19T12:00:07+0200,0122f339-e99c-4669-a7fd-e7d31a0b8b3d,2026-07-15T21:00:00Z,2026-07-15T23:00:00+0200,53000.0,MW,FR,FR,forecast_load,Forecasted Load,2026-07-19T10:02:06Z
2026-07-19T10:00:07Z,2026-07-19T12:00:07+0200,0122f339-e99c-4669-a7fd-e7d31a0b8b3d,2026-07-15T21:15:00Z,2026-07-15T23:15:00+0200,51900.0,MW,FR,FR,forecast_load,Forecasted Load,2026-07-19T10:02:06Z
2026-07-19T10:00:07Z,2026-07-19T12:00:07+0200,0122f339-e99c-4669-a7fd-e7d31a0b8b3d,2026-07-15T21:30:00Z,2026-07-15T23:30:00+0200,50800.0,MW,FR,FR,forecast_load,Forecasted Load,2026-07-19T10:02:06Z
2026-07-19T10:00:07Z,2026-07-19T12:00:07+0200,0122f339-e99c-4669-a7fd-e7d31a0b8b3d,2026-07-15T21:45:00Z,2026-07-15T23:45:00+0200,49800.0,MW,FR,FR,forecast_load,Forecasted Load,2026-07-19T10:02:06Z
2026-07-19T10:00:07Z,2026-07-19T12:00:07+0200,0122f339-e99c-4669-a7fd-e7d31a0b8b3d,2026-07-15T22:00:00Z,2026-07-16T00:00:00+0200,48800.0,MW,FR,FR,forecast_load,Forecasted Load,2026-07-19T10:02:06Z
2026-07-19T10:00:07Z,2026-07-19T12:00:07+0200,0122f339-e99c-4669-a7fd-e7d31a0b8b3d,2026-07-15T22:15:00Z,2026-07-16T00:15:00+0200,47800.0,MW,FR,FR,forecast_load,Forecasted Load,2026-07-19T10:02:06Z
2026-07-19T10:00:07Z,2026-07-19T12:00:07+0200,0122f339-e99c-4669-a7fd-e7d31a0b8b3d,2026-07-15T22:30:00Z,2026-07-16T00:30:00+0200,46800.0,MW,FR,FR,forecast_load,Forecasted Load,2026-07-19T10:02:06Z
2026-07-19T10:00:07Z,2026-07-19T12:00:07+0200,0122f339-e99c-4669-a7fd-e7d31a0b8b3d,2026-07-15T22:45:00Z,2026-07-16T00:45:00+0200,45850.0,MW,FR,FR,forecast_load,Forecasted Load,2026-07-19T10:02:06Z
2026-07-19T10:00:07Z,2026-07-19T12:00:07+0200,0122f339-e99c-4669-a7fd-e7d31a0b8b3d,2026-07-15T23:00:00Z,2026-07-16T01:00:00+0200,44900.0,MW,FR,FR,forecast_load,Forecasted Load,2026-07-19T10:02:06Z
2026-07-19T10:00:07Z,2026-07-19T12:00:07+0200,0122f339-e99c-4669-a7fd-e7d31a0b8b3d,2026-07-15T23:15:00Z,2026-07-16T01:15:00+0200,45100.0,MW,FR,FR,forecast_load,Forecasted Load,2026-07-19T10:02:06Z
2026-07-19T10:00:07Z,2026-07-19T12:00:07+0200,0122f339-e99c-4669-a7fd-e7d31a0b8b3d,2026-07-15T23:30:00Z,2026-07-16T01:30:00+0200,45300.0,MW,FR,FR,forecast_load,Forecasted Load,2026-07-19T10:02:06Z
2026-07-19T10:00:07Z,2026-07-19T12:00:07+0200,0122f339-e99c-4669-a7fd-e7d31a0b8b3d,2026-07-15T23:45:00Z,2026-07-16T01:45:00+0200,44400.0,MW,FR,FR,forecast_load,Forecasted Load,2026-07-19T10:02:06Z
2026-07-19T10:00:07Z,2026-07-19T12:00:07+0200,0122f339-e99c-4669-a7fd-e7d31a0b8b3d,2026-07-16T00:00:00Z,2026-07-16T02:00:00+0200,43500.0,MW,FR,FR,forecast_load,Forecasted Load,2026-07-19T10:02:06Z
2026-07-19T10:00:07Z,2026-07-19T12:00:07+0200,0122f339-e99c-4669-a7fd-e7d31a0b8b3d,2026-07-16T00:15:00Z,2026-07-16T02:15:00+0200,42750.0,MW,FR,FR,forecast_load,Forecasted Load,2026-07-19T10:02:06Z
2026-07-19T10:00:07Z,2026-07-19T12:00:07+0200,0122f339-e99c-4669-a7fd-e7d31a0b8b3d,2026-07-16T00:30:00Z,2026-07-16T02:30:00+0200,42000.0,MW,FR,FR,forecast_load,Forecasted Load,2026-07-19T10:02:06Z
2026-07-19T10:00:07Z,2026-07-19T12:00:07+0200,0122f339-e99c-4669-a7fd-e7d31a0b8b3d,2026-07-16T00:45:00Z,2026-07-16T02:45:00+0200,41350.0,MW,FR,FR,forecast_load,Forecasted Load,2026-07-19T10:02:06Z
2026-07-19T10:00:07Z,2026-07-19T12:00:07+0200,0122f339-e99c-4669-a7fd-e7d31a0b8b3d,2026-07-16T01:00:00Z,2026-07-16T03:00:00+0200,40700.0,MW,FR,FR,forecast_load,Forecasted Load,2026-07-19T10:02:06Z
2026-07-19T10:00:07Z,2026-07-19T12:00:07+0200,0122f339-e99c-4669-a7fd-e7d31a0b8b3d,2026-07-16T01:15:00Z,2026-07-16T03:15:00+0200,40200.0,MW,FR,FR,forecast_load,Forecasted Load,2026-07-19T10:02:06Z
2026-07-19T10:00:07Z,2026-07-19T12:00:07+0200,0122f339-e99c-4669-a7fd-e7d31a0b8b3d,2026-07-16T01:30:00Z,2026-07-16T03:30:00+0200,39700.0,MW,FR,FR,forecast_load,Forecasted Load,2026-07-19T10:02:06Z
2026-07-19T10:00:07Z,2026-07-19T12:00:07+0200,0122f339-e99c-4669-a7fd-e7d31a0b8b3d,2026-07-16T01:45:00Z,2026-07-16T03:45:00+0200,39450.0,MW,FR,FR,forecast_load,Forecasted Load,2026-07-19T10:02:06Z
2026-07-19T10:00:07Z,2026-07-19T12:00:07+0200,0122f339-e99c-4669-a7fd-e7d31a0b8b3d,2026-07-16T02:00:00Z,2026-07-16T04:00:00+0200,39200.0,MW,FR,FR,forecast_load,Forecasted Load,2026-07-19T10:02:06Z
2026-07-19T10:00:07Z,2026-07-19T12:00:07+0200,0122f339-e99c-4669-a7fd-e7d31a0b8b3d,2026-07-16T02:15:00Z,2026-07-16T04:15:00+0200,39050.0,MW,FR,FR,forecast_load,Forecasted Load,2026-07-19T10:02:06Z
2026-07-19T10:00:07Z,2026-07-19T12:00:07+0200,0122f339-e99c-4669-a7fd-e7d31a0b8b3d,2026-07-16T02:30:00Z,2026-07-16T04:30:00+0200,38900.0,MW,FR,FR,forecast_load,Forecasted Load,2026-07-19T10:02:06Z
2026-07-19T10:00:07Z,2026-07-19T12:00:07+0200,0122f339-e99c-4669-a7fd-e7d31a0b8b3d,2026-07-16T02:45:00Z,2026-07-16T04:45:00+0200,39100.0,MW,FR,FR,forecast_load,Forecasted Load,2026-07-19T10:02:06Z
2026-07-19T10:00:07Z,2026-07-19T12:00:07+0200,0122f339-e99c-4669-a7fd-e7d31a0b8b3d,2026-07-16T03:00:00Z,2026-07-16T05:00:00+0200,39300.0,MW,FR,FR,forecast_load,Forecasted Load,2026-07-19T10:02:06Z
2026-07-19T10:00:07Z,2026-07-19T12:00:07+0200,0122f339-e99c-4669-a7fd-e7d31a0b8b3d,2026-07-16T03:15:00Z,2026-07-16T05:15:00+0200,39850.0,MW,FR,FR,forecast_load,Forecasted Load,2026-07-19T10:02:06Z
2026-07-19T10:00:07Z,2026-07-19T12:00:07+0200,0122f339-e99c-4669-a7fd-e7d31a0b8b3d,2026-07-16T03:30:00Z,2026-07-16T05:30:00+0200,40400.0,MW,FR,FR,forecast_load,Forecasted Load,2026-07-19T10:02:06Z
2026-07-19T10:00:07Z,2026-07-19T12:00:07+0200,0122f339-e99c-4669-a7fd-e7d31a0b8b3d,2026-07-16T03:45:00Z,2026-07-16T05:45:00+0200,40800.0,MW,FR,FR,forecast_load,Forecasted Load,2026-07-19T10:02:06Z
2026-07-19T10:00:07Z,2026-07-19T12:00:07+0200,0122f339-e99c-4669-a7fd-e7d31a0b8b3d,2026-07-16T04:00:00Z,2026-07-16T06:00:00+0200,41200.0,MW,FR,FR,forecast_load,Forecasted Load,2026-07-19T10:02:06Z
2026-07-19T10:00:07Z,2026-07-19T12:00:07+0200,0122f339-e99c-4669-a7fd-e7d31a0b8b3d,2026-07-16T04:15:00Z,2026-07-16T06:15:00+0200,42000.0,MW,FR,FR,forecast_load,Forecasted Load,2026-07-19T10:02:06Z
2026-07-19T10:00:07Z,2026-07-19T12:00:07+0200,0122f339-e99c-4669-a7fd-e7d31a0b8b3d,2026-07-16T04:30:00Z,2026-07-16T06:30:00+0200,42800.0,MW,FR,FR,forecast_load,Forecasted Load,2026-07-19T10:02:06Z
2026-07-19T10:00:07Z,2026-07-19T12:00:07+0200,0122f339-e99c-4669-a7fd-e7d31a0b8b3d,2026-07-16T04:45:00Z,2026-07-16T06:45:00+0200,43500.0,MW,FR,FR,forecast_load,Forecasted Load,2026-07-19T10:02:06Z
2026-07-19T10:00:07Z,2026-07-19T12:00:07+0200,0122f339-e99c-4669-a7fd-e7d31a0b8b3d,2026-07-16T05:00:00Z,2026-07-16T07:00:00+0200,44200.0,MW,FR,FR,forecast_load,Forecasted Load,2026-07-19T10:02:06Z
2026-07-19T10:00:07Z,2026-07-19T12:00:07+0200,0122f339-e99c-4669-a7fd-e7d31a0b8b3d,2026-07-16T05:15:00Z,2026-07-16T07:15:00+0200,44850.0,MW,FR,FR,forecast_load,Forecasted Load,2026-07-19T10:02:06Z
2026-07-19T10:00:07Z,2026-07-19T12:00:07+0200,0122f339-e99c-4669-a7fd-e7d31a0b8b3d,2026-07-16T05:30:00Z,2026-07-16T07:30:00+0200,45500.0,MW,FR,FR,forecast_load,Forecasted Load,2026-07-19T10:02:06Z
2026-07-19T10:00:07Z,2026-07-19T12:00:07+0200,0122f339-e99c-4669-a7fd-e7d31a0b8b3d,2026-07-16T05:45:00Z,2026-07-16T07:45:00+0200,46200.0,MW,FR,FR,forecast_load,Forecasted Load,2026-07-19T10:02:06Z
2026-07-19T10:00:07Z,2026-07-19T12:00:07+0200,0122f339-e99c-4669-a7fd-e7d31a0b8b3d,2026-07-16T06:00:00Z,2026-07-16T08:00:00+0200,46900.0,MW,FR,FR,forecast_load,Forecasted Load,2026-07-19T10:02:06Z
2026-07-19T10:00:07Z,2026-07-19T12:00:07+0200,0122f339-e99c-4669-a7fd-e7d31a0b8b3d,2026-07-16T06:15:00Z,2026-07-16T08:15:00+0200,47650.0,MW,FR,FR,forecast_load,Forecasted Load,2026-07-19T10:02:06Z
2026-07-19T10:00:07Z,2026-07-19T12:00:07+0200,0122f339-e99c-4669-a7fd-e7d31a0b8b3d,2026-07-16T06:30:00Z,2026-07-16T08:30:00+0200,48400.0,MW,FR,FR,forecast_load,Forecasted Load,2026-07-19T10:02:06Z
2026-07-19T10:00:07Z,2026-07-19T12:00:07+0200,0122f339-e99c-4669-a7fd-e7d31a0b8b3d,2026-07-16T06:45:00Z,2026-07-16T08:45:00+0200,48950.0,MW,FR,FR,forecast_load,Forecasted Load,2026-07-19T10:02:06Z
2026-07-19T10:00:07Z,2026-07-19T12:00:07+0200,0122f339-e99c-4669-a7fd-e7d31a0b8b3d,2026-07-16T07:00:00Z,2026-07-16T09:00:00+0200,49500.0,MW,FR,FR,forecast_load,Forecasted Load,2026-07-19T10:02:06Z
2026-07-19T10:00:07Z,2026-07-19T12:00:07+0200,0122f339-e99c-4669-a7fd-e7d31a0b8b3d,2026-07-16T07:15:00Z,2026-07-16T09:15:00+0200,50000.0,MW,FR,FR,forecast_load,Forecasted Load,2026-07-19T10:02:06Z
2026-07-19T10:00:07Z,2026-07-19T12:00:07+0200,0122f339-e99c-4669-a7fd-e7d31a0b8b3d,2026-07-16T07:30:00Z,2026-07-16T09:30:00+0200,50500.0,MW,FR,FR,forecast_load,Forecasted Load,2026-07-19T10:02:06Z
2026-07-19T10:00:07Z,2026-07-19T12:00:07+0200,0122f339-e99c-4669-a7fd-e7d31a0b8b3d,2026-07-16T07:45:00Z,2026-07-16T09:45:00+0200,50900.0,MW,FR,FR,forecast_load,Forecasted Load,2026-07-19T10:02:06Z
2026-07-19T10:00:07Z,2026-07-19T12:00:07+0200,0122f339-e99c-4669-a7fd-e7d31a0b8b3d,2026-07-16T08:00:00Z,2026-07-16T10:00:00+0200,51300.0,MW,FR,FR,forecast_load,Forecasted Load,2026-07-19T10:02:06Z
2026-07-19T10:00:07Z,2026-07-19T12:00:07+0200,0122f339-e99c-4669-a7fd-e7d31a0b8b3d,2026-07-16T08:15:00Z,2026-07-16T10:15:00+0200,51850.0,MW,FR,FR,forecast_load,Forecasted Load,2026-07-19T10:02:06Z
2026-07-19T10:00:07Z,2026-07-19T12:00:07+0200,0122f339-e99c-4669-a7fd-e7d31a0b8b3d,2026-07-16T08:30:00Z,2026-07-16T10:30:00+0200,52400.0,MW,FR,FR,forecast_load,Forecasted Load,2026-07-19T10:02:06Z
2026-07-19T10:00:07Z,2026-07-19T12:00:07+0200,0122f339-e99c-4669-a7fd-e7d31a0b8b3d,2026-07-16T08:45:00Z,2026-07-16T10:45:00+0200,52600.0,MW,FR,FR,forecast_load,Forecasted Load,2026-07-19T10:02:06Z
2026-07-19T10:00:07Z,2026-07-19T12:00:07+0200,0122f339-e99c-4669-a7fd-e7d31a0b8b3d,2026-07-16T09:00:00Z,2026-07-16T11:00:00+0200,52800.0,MW,FR,FR,forecast_load,Forecasted Load,2026-07-19T10:02:06Z
2026-07-19T10:00:07Z,2026-07-19T12:00:07+0200,0122f339-e99c-4669-a7fd-e7d31a0b8b3d,2026-07-16T09:15:00Z,2026-07-16T11:15:00+0200,53150.0,MW,FR,FR,forecast_load,Forecasted Load,2026-07-19T10:02:06Z
2026-07-19T10:00:07Z,2026-07-19T12:00:07+0200,0122f339-e99c-4669-a7fd-e7d31a0b8b3d,2026-07-16T09:30:00Z,2026-07-16T11:30:00+0200,53500.0,MW,FR,FR,forecast_load,Forecasted Load,2026-07-19T10:02:06Z
2026-07-19T10:00:07Z,2026-07-19T12:00:07+0200,0122f339-e99c-4669-a7fd-e7d31a0b8b3d,2026-07-16T09:45:00Z,2026-07-16T11:45:00+0200,54200.0,MW,FR,FR,forecast_load,Forecasted Load,2026-07-19T10:02:06Z
2026-07-19T10:00:07Z,2026-07-19T12:00:07+0200,0122f339-e99c-4669-a7fd-e7d31a0b8b3d,2026-07-16T10:00:00Z,2026-07-16T12:00:00+0200,54900.0,MW,FR,FR,forecast_load,Forecasted Load,2026-07-19T10:02:06Z
2026-07-19T10:00:07Z,2026-07-19T12:00:07+0200,0122f339-e99c-4669-a7fd-e7d31a0b8b3d,2026-07-16T10:15:00Z,2026-07-16T12:15:00+0200,54700.0,MW,FR,FR,forecast_load,Forecasted Load,2026-07-19T10:02:06Z
2026-07-19T10:00:07Z,2026-07-19T12:00:07+0200,0122f339-e99c-4669-a7fd-e7d31a0b8b3d,2026-07-16T10:30:00Z,2026-07-16T12:30:00+0200,54500.0,MW,FR,FR,forecast_load,Forecasted Load,2026-07-19T10:02:06Z
2026-07-19T10:00:07Z,2026-07-19T12:00:07+0200,0122f339-e99c-4669-a7fd-e7d31a0b8b3d,2026-07-16T10:45:00Z,2026-07-16T12:45:00+0200,54900.0,MW,FR,FR,forecast_load,Forecasted Load,2026-07-19T10:02:06Z
2026-07-19T10:00:07Z,2026-07-19T12:00:07+0200,0122f339-e99c-4669-a7fd-e7d31a0b8b3d,2026-07-16T11:00:00Z,2026-07-16T13:00:00+0200,55300.0,MW,FR,FR,forecast_load,Forecasted Load,2026-07-19T10:02:06Z
2026-07-19T10:00:07Z,2026-07-19T12:00:07+0200,0122f339-e99c-4669-a7fd-e7d31a0b8b3d,2026-07-16T11:15:00Z,2026-07-16T13:15:00+0200,55050.0,MW,FR,FR,forecast_load,Forecasted Load,2026-07-19T10:02:06Z
2026-07-19T10:00:07Z,2026-07-19T12:00:07+0200,0122f339-e99c-4669-a7fd-e7d31a0b8b3d,2026-07-16T11:30:00Z,2026-07-16T13:30:00+0200,54800.0,MW,FR,FR,forecast_load,Forecasted Load,2026-07-19T10:02:06Z
2026-07-19T10:00:07Z,2026-07-19T12:00:07+0200,0122f339-e99c-4669-a7fd-e7d31a0b8b3d,2026-07-16T11:45:00Z,2026-07-16T13:45:00+0200,54600.0,MW,FR,FR,forecast_load,Forecasted Load,2026-07-19T10:02:06Z
2026-07-19T10:00:07Z,2026-07-19T12:00:07+0200,0122f339-e99c-4669-a7fd-e7d31a0b8b3d,2026-07-16T12:00:00Z,2026-07-16T14:00:00+0200,54400.0,MW,FR,FR,forecast_load,Forecasted Load,2026-07-19T10:02:06Z
2026-07-19T10:00:07Z,2026-07-19T12:00:07+0200,0122f339-e99c-4669-a7fd-e7d31a0b8b3d,2026-07-16T12:15:00Z,2026-07-16T14:15:00+0200,55100.0,MW,FR,FR,forecast_load,Forecasted Load,2026-07-19T10:02:06Z
2026-07-19T10:00:07Z,2026-07-19T12:00:07+0200,0122f339-e99c-4669-a7fd-e7d31a0b8b3d,2026-07-16T12:30:00Z,2026-07-16T14:30:00+0200,55800.0,MW,FR,FR,forecast_load,Forecasted Load,2026-07-19T10:02:06Z
2026-07-19T10:00:07Z,2026-07-19T12:00:07+0200,0122f339-e99c-4669-a7fd-e7d31a0b8b3d,2026-07-16T12:45:00Z,2026-07-16T14:45:00+0200,55350.0,MW,FR,FR,forecast_load,Forecasted Load,2026-07-19T10:02:06Z
2026-07-19T10:00:07Z,2026-07-19T12:00:07+0200,0122f339-e99c-4669-a7fd-e7d31a0b8b3d,2026-07-16T13:00:00Z,2026-07-16T15:00:00+0200,54900.0,MW,FR,FR,forecast_load,Forecasted Load,2026-07-19T10:02:06Z
2026-07-19T10:00:07Z,2026-07-19T12:00:07+0200,0122f339-e99c-4669-a7fd-e7d31a0b8b3d,2026-07-16T13:15:00Z,2026-07-16T15:15:00+0200,54600.0,MW,FR,FR,forecast_load,Forecasted Load,2026-07-19T10:02:06Z
2026-07-19T10:00:07Z,2026-07-19T12:00:07+0200,0122f339-e99c-4669-a7fd-e7d31a0b8b3d,2026-07-16T13:30:00Z,2026-07-16T15:30:00+0200,54300.0,MW,FR,FR,forecast_load,Forecasted Load,2026-07-19T10:02:06Z
2026-07-19T10:00:07Z,2026-07-19T12:00:07+0200,0122f339-e99c-4669-a7fd-e7d31a0b8b3d,2026-07-16T13:45:00Z,2026-07-16T15:45:00+0200,54050.0,MW,FR,FR,forecast_load,Forecasted Load,2026-07-19T10:02:06Z
2026-07-19T10:00:07Z,2026-07-19T12:00:07+0200,0122f339-e99c-4669-a7fd-e7d31a0b8b3d,2026-07-16T14:00:00Z,2026-07-16T16:00:00+0200,53800.0,MW,FR,FR,forecast_load,Forecasted Load,2026-07-19T10:02:06Z
2026-07-19T10:00:07Z,2026-07-19T12:00:07+0200,0122f339-e99c-4669-a7fd-e7d31a0b8b3d,2026-07-16T14:15:00Z,2026-07-16T16:15:00+0200,53600.0,MW,FR,FR,forecast_load,Forecasted Load,2026-07-19T10:02:06Z
2026-07-19T10:00:07Z,2026-07-19T12:00:07+0200,0122f339-e99c-4669-a7fd-e7d31a0b8b3d,2026-07-16T14:30:00Z,2026-07-16T16:30:00+0200,53400.0,MW,FR,FR,forecast_load,Forecasted Load,2026-07-19T10:02:06Z
2026-07-19T10:00:07Z,2026-07-19T12:00:07+0200,0122f339-e99c-4669-a7fd-e7d31a0b8b3d,2026-07-16T14:45:00Z,2026-07-16T16:45:00+0200,53100.0,MW,FR,FR,forecast_load,Forecasted Load,2026-07-19T10:02:06Z
2026-07-19T10:00:07Z,2026-07-19T12:00:07+0200,0122f339-e99c-4669-a7fd-e7d31a0b8b3d,2026-07-16T15:00:00Z,2026-07-16T17:00:00+0200,52800.0,MW,FR,FR,forecast_load,Forecasted Load,2026-07-19T10:02:06Z
2026-07-19T10:00:07Z,2026-07-19T12:00:07+0200,0122f339-e99c-4669-a7fd-e7d31a0b8b3d,2026-07-16T15:15:00Z,2026-07-16T17:15:00+0200,52950.0,MW,FR,FR,forecast_load,Forecasted Load,2026-07-19T10:02:06Z
2026-07-19T10:00:07Z,2026-07-19T12:00:07+0200,0122f339-e99c-4669-a7fd-e7d31a0b8b3d,2026-07-16T15:30:00Z,2026-07-16T17:30:00+0200,53100.0,MW,FR,FR,forecast_load,Forecasted Load,2026-07-19T10:02:06Z
2026-07-19T10:00:07Z,2026-07-19T12:00:07+0200,0122f339-e99c-4669-a7fd-e7d31a0b8b3d,2026-07-16T15:45:00Z,2026-07-16T17:45:00+0200,53450.0,MW,FR,FR,forecast_load,Forecasted Load,2026-07-19T10:02:06Z
2026-07-19T10:00:07Z,2026-07-19T12:00:07+0200,0122f339-e99c-4669-a7fd-e7d31a0b8b3d,2026-07-16T16:00:00Z,2026-07-16T18:00:00+0200,53800.0,MW,FR,FR,forecast_load,Forecasted Load,2026-07-19T10:02:06Z
2026-07-19T10:00:07Z,2026-07-19T12:00:07+0200,0122f339-e99c-4669-a7fd-e7d31a0b8b3d,2026-07-16T16:15:00Z,2026-07-16T18:15:00+0200,54000.0,MW,FR,FR,forecast_load,Forecasted Load,2026-07-19T10:02:06Z
2026-07-19T10:00:07Z,2026-07-19T12:00:07+0200,0122f339-e99c-4669-a7fd-e7d31a0b8b3d,2026-07-16T16:30:00Z,2026-07-16T18:30:00+0200,54200.0,MW,FR,FR,forecast_load,Forecasted Load,2026-07-19T10:02:06Z
2026-07-19T10:00:07Z,2026-07-19T12:00:07+0200,0122f339-e99c-4669-a7fd-e7d31a0b8b3d,2026-07-16T16:45:00Z,2026-07-16T18:45:00+0200,54700.0,MW,FR,FR,forecast_load,Forecasted Load,2026-07-19T10:02:06Z
2026-07-19T10:00:07Z,2026-07-19T12:00:07+0200,0122f339-e99c-4669-a7fd-e7d31a0b8b3d,2026-07-16T17:00:00Z,2026-07-16T19:00:00+0200,55200.0,MW,FR,FR,forecast_load,Forecasted Load,2026-07-19T10:02:06Z
2026-07-19T10:00:07Z,2026-07-19T12:00:07+0200,0122f339-e99c-4669-a7fd-e7d31a0b8b3d,2026-07-16T17:15:00Z,2026-07-16T19:15:00+0200,55000.0,MW,FR,FR,forecast_load,Forecasted Load,2026-07-19T10:02:06Z
2026-07-19T10:00:07Z,2026-07-19T12:00:07+0200,0122f339-e99c-4669-a7fd-e7d31a0b8b3d,2026-07-16T17:30:00Z,2026-07-16T19:30:00+0200,54800.0,MW,FR,FR,forecast_load,Forecasted Load,2026-07-19T10:02:06Z
2026-07-19T10:00:07Z,2026-07-19T12:00:07+0200,0122f339-e99c-4669-a7fd-e7d31a0b8b3d,2026-07-16T17:45:00Z,2026-07-16T19:45:00+0200,54300.0,MW,FR,FR,forecast_load,Forecasted Load,2026-07-19T10:02:06Z
2026-07-19T10:00:07Z,2026-07-19T12:00:07+0200,0122f339-e99c-4669-a7fd-e7d31a0b8b3d,2026-07-16T18:00:00Z,2026-07-16T20:00:00+0200,53800.0,MW,FR,FR,forecast_load,Forecasted Load,2026-07-19T10:02:06Z
2026-07-19T10:00:07Z,2026-07-19T12:00:07+0200,0122f339-e99c-4669-a7fd-e7d31a0b8b3d,2026-07-16T18:15:00Z,2026-07-16T20:15:00+0200,53050.0,MW,FR,FR,forecast_load,Forecasted Load,2026-07-19T10:02:06Z
2026-07-19T10:00:07Z,2026-07-19T12:00:07+0200,0122f339-e99c-4669-a7fd-e7d31a0b8b3d,2026-07-16T18:30:00Z,2026-07-16T20:30:00+0200,52300.0,MW,FR,FR,forecast_load,Forecasted Load,2026-07-19T10:02:06Z
2026-07-19T10:00:07Z,2026-07-19T12:00:07+0200,0122f339-e99c-4669-a7fd-e7d31a0b8b3d,2026-07-16T18:45:00Z,2026-07-16T20:45:00+0200,51950.0,MW,FR,FR,forecast_load,Forecasted Load,2026-07-19T10:02:06Z
2026-07-19T10:00:07Z,2026-07-19T12:00:07+0200,0122f339-e99c-4669-a7fd-e7d31a0b8b3d,2026-07-16T19:00:00Z,2026-07-16T21:00:00+0200,51600.0,MW,FR,FR,forecast_load,Forecasted Load,2026-07-19T10:02:06Z
2026-07-19T10:00:07Z,2026-07-19T12:00:07+0200,0122f339-e99c-4669-a7fd-e7d31a0b8b3d,2026-07-16T19:15:00Z,2026-07-16T21:15:00+0200,51200.0,MW,FR,FR,forecast_load,Forecasted Load,2026-07-19T10:02:06Z
2026-07-19T10:00:07Z,2026-07-19T12:00:07+0200,0122f339-e99c-4669-a7fd-e7d31a0b8b3d,2026-07-16T19:30:00Z,2026-07-16T21:30:00+0200,50800.0,MW,FR,FR,forecast_load,Forecasted Load,2026-07-19T10:02:06Z
2026-07-19T10:00:07Z,2026-07-19T12:00:07+0200,0122f339-e99c-4669-a7fd-e7d31a0b8b3d,2026-07-16T19:45:00Z,2026-07-16T21:45:00+0200,50450.0,MW,FR,FR,forecast_load,Forecasted Load,2026-07-19T10:02:06Z
2026-07-19T10:00:07Z,2026-07-19T12:00:07+0200,0122f339-e99c-4669-a7fd-e7d31a0b8b3d,2026-07-16T20:00:00Z,2026-07-16T22:00:00+0200,50100.0,MW,FR,FR,forecast_load,Forecasted Load,2026-07-19T10:02:06Z
2026-07-19T10:00:07Z,2026-07-19T12:00:07+0200,0122f339-e99c-4669-a7fd-e7d31a0b8b3d,2026-07-16T20:15:00Z,2026-07-16T22:15:00+0200,50550.0,MW,FR,FR,forecast_load,Forecasted Load,2026-07-19T10:02:06Z
2026-07-19T10:00:07Z,2026-07-19T12:00:07+0200,0122f339-e99c-4669-a7fd-e7d31a0b8b3d,2026-07-16T20:30:00Z,2026-07-16T22:30:00+0200,51000.0,MW,FR,FR,forecast_load,Forecasted Load,2026-07-19T10:02:06Z
2026-07-19T10:00:07Z,2026-07-19T12:00:07+0200,0122f339-e99c-4669-a7fd-e7d31a0b8b3d,2026-07-16T20:45:00Z,2026-07-16T22:45:00+0200,51450.0,MW,FR,FR,forecast_load,Forecasted Load,2026-07-19T10:02:06Z
2026-07-19T10:00:07Z,2026-07-19T12:00:07+0200,0122f339-e99c-4669-a7fd-e7d31a0b8b3d,2026-07-16T21:00:00Z,2026-07-16T23:00:00+0200,51900.0,MW,FR,FR,forecast_load,Forecasted Load,2026-07-19T10:02:06Z
2026-07-19T10:00:07Z,2026-07-19T12:00:07+0200,0122f339-e99c-4669-a7fd-e7d31a0b8b3d,2026-07-16T21:15:00Z,2026-07-16T23:15:00+0200,51000.0,MW,FR,FR,forecast_load,Forecasted Load,2026-07-19T10:02:06Z
2026-07-19T10:00:07Z,2026-07-19T12:00:07+0200,0122f339-e99c-4669-a7fd-e7d31a0b8b3d,2026-07-16T21:30:00Z,2026-07-16T23:30:00+0200,50100.0,MW,FR,FR,forecast_load,Forecasted Load,2026-07-19T10:02:06Z
2026-07-19T10:00:07Z,2026-07-19T12:00:07+0200,0122f339-e99c-4669-a7fd-e7d31a0b8b3d,2026-07-16T21:45:00Z,2026-07-16T23:45:00+0200,49150.0,MW,FR,FR,forecast_load,Forecasted Load,2026-07-19T10:02:06Z
2026-07-19T10:00:07Z,2026-07-19T12:00:07+0200,0122f339-e99c-4669-a7fd-e7d31a0b8b3d,2026-07-16T22:00:00Z,2026-07-17T00:00:00+0200,48200.0,MW,FR,FR,forecast_load,Forecasted Load,2026-07-19T10:02:06Z
2026-07-19T10:00:07Z,2026-07-19T12:00:07+0200,0122f339-e99c-4669-a7fd-e7d31a0b8b3d,2026-07-16T22:15:00Z,2026-07-17T00:15:00+0200,47200.0,MW,FR,FR,forecast_load,Forecasted Load,2026-07-19T10:02:06Z
2026-07-19T10:00:07Z,2026-07-19T12:00:07+0200,0122f339-e99c-4669-a7fd-e7d31a0b8b3d,2026-07-16T22:30:00Z,2026-07-17T00:30:00+0200,46200.0,MW,FR,FR,forecast_load,Forecasted Load,2026-07-19T10:02:06Z
2026-07-19T10:00:07Z,2026-07-19T12:00:07+0200,0122f339-e99c-4669-a7fd-e7d31a0b8b3d,2026-07-16T22:45:00Z,2026-07-17T00:45:00+0200,45300.0,MW,FR,FR,forecast_load,Forecasted Load,2026-07-19T10:02:06Z
2026-07-19T10:00:07Z,2026-07-19T12:00:07+0200,0122f339-e99c-4669-a7fd-e7d31a0b8b3d,2026-07-16T23:00:00Z,2026-07-17T01:00:00+0200,44400.0,MW,FR,FR,forecast_load,Forecasted Load,2026-07-19T10:02:06Z
2026-07-19T10:00:07Z,2026-07-19T12:00:07+0200,0122f339-e99c-4669-a7fd-e7d31a0b8b3d,2026-07-16T23:15:00Z,2026-07-17T01:15:00+0200,44750.0,MW,FR,FR,forecast_load,Forecasted Load,2026-07-19T10:02:06Z
2026-07-19T10:00:07Z,2026-07-19T12:00:07+0200,0122f339-e99c-4669-a7fd-e7d31a0b8b3d,2026-07-16T23:30:00Z,2026-07-17T01:30:00+0200,45100.0,MW,FR,FR,forecast_load,Forecasted Load,2026-07-19T10:02:06Z
2026-07-19T10:00:07Z,2026-07-19T12:00:07+0200,0122f339-e99c-4669-a7fd-e7d31a0b8b3d,2026-07-16T23:45:00Z,2026-07-17T01:45:00+0200,44300.0,MW,FR,FR,forecast_load,Forecasted Load,2026-07-19T10:02:06Z
2026-07-19T10:00:07Z,2026-07-19T12:00:07+0200,0122f339-e99c-4669-a7fd-e7d31a0b8b3d,2026-07-17T00:00:00Z,2026-07-17T02:00:00+0200,43500.0,MW,FR,FR,forecast_load,Forecasted Load,2026-07-19T10:02:06Z
2026-07-19T10:00:07Z,2026-07-19T12:00:07+0200,0122f339-e99c-4669-a7fd-e7d31a0b8b3d,2026-07-17T00:15:00Z,2026-07-17T02:15:00+0200,42400.0,MW,FR,FR,forecast_load,Forecasted Load,2026-07-19T10:02:06Z
2026-07-19T10:00:07Z,2026-07-19T12:00:07+0200,0122f339-e99c-4669-a7fd-e7d31a0b8b3d,2026-07-17T00:30:00Z,2026-07-17T02:30:00+0200,41300.0,MW,FR,FR,forecast_load,Forecasted Load,2026-07-19T10:02:06Z
2026-07-19T10:00:07Z,2026-07-19T12:00:07+0200,0122f339-e99c-4669-a7fd-e7d31a0b8b3d,2026-07-17T00:45:00Z,2026-07-17T02:45:00+0200,40850.0,MW,FR,FR,forecast_load,Forecasted Load,2026-07-19T10:02:06Z
2026-07-19T10:00:07Z,2026-07-19T12:00:07+0200,0122f339-e99c-4669-a7fd-e7d31a0b8b3d,2026-07-17T01:00:00Z,2026-07-17T03:00:00+0200,40400.0,MW,FR,FR,forecast_load,Forecasted Load,2026-07-19T10:02:06Z
2026-07-19T10:00:07Z,2026-07-19T12:00:07+0200,0122f339-e99c-4669-a7fd-e7d31a0b8b3d,2026-07-17T01:15:00Z,2026-07-17T03:15:00+0200,40000.0,MW,FR,FR,forecast_load,Forecasted Load,2026-07-19T10:02:06Z
2026-07-19T10:00:07Z,2026-07-19T12:00:07+0200,0122f339-e99c-4669-a7fd-e7d31a0b8b3d,2026-07-17T01:30:00Z,2026-07-17T03:30:00+0200,39600.0,MW,FR,FR,forecast_load,Forecasted Load,2026-07-19T10:02:06Z
2026-07-19T10:00:07Z,2026-07-19T12:00:07+0200,0122f339-e99c-4669-a7fd-e7d31a0b8b3d,2026-07-17T01:45:00Z,2026-07-17T03:45:00+0200,39400.0,MW,FR,FR,forecast_load,Forecasted Load,2026-07-19T10:02:06Z
2026-07-19T10:00:07Z,2026-07-19T12:00:07+0200,0122f339-e99c-4669-a7fd-e7d31a0b8b3d,2026-07-17T02:00:00Z,2026-07-17T04:00:00+0200,39200.0,MW,FR,FR,forecast_load,Forecasted Load,2026-07-19T10:02:06Z
2026-07-19T10:00:07Z,2026-07-19T12:00:07+0200,0122f339-e99c-4669-a7fd-e7d31a0b8b3d,2026-07-17T02:15:00Z,2026-07-17T04:15:00+0200,38950.0,MW,FR,FR,forecast_load,Forecasted Load,2026-07-19T10:02:06Z
2026-07-19T10:00:07Z,2026-07-19T12:00:07+0200,0122f339-e99c-4669-a7fd-e7d31a0b8b3d,2026-07-17T02:30:00Z,2026-07-17T04:30:00+0200,38700.0,MW,FR,FR,forecast_load,Forecasted Load,2026-07-19T10:02:06Z
2026-07-19T10:00:07Z,2026-07-19T12:00:07+0200,0122f339-e99c-4669-a7fd-e7d31a0b8b3d,2026-07-17T02:45:00Z,2026-07-17T04:45:00+0200,39000.0,MW,FR,FR,forecast_load,Forecasted Load,2026-07-19T10:02:06Z
2026-07-19T10:00:07Z,2026-07-19T12:00:07+0200,0122f339-e99c-4669-a7fd-e7d31a0b8b3d,2026-07-17T03:00:00Z,2026-07-17T05:00:00+0200,39300.0,MW,FR,FR,forecast_load,Forecasted Load,2026-07-19T10:02:06Z
2026-07-19T10:00:07Z,2026-07-19T12:00:07+0200,0122f339-e99c-4669-a7fd-e7d31a0b8b3d,2026-07-17T03:15:00Z,2026-07-17T05:15:00+0200,39750.0,MW,FR,FR,forecast_load,Forecasted Load,2026-07-19T10:02:06Z
2026-07-19T10:00:07Z,2026-07-19T12:00:07+0200,0122f339-e99c-4669-a7fd-e7d31a0b8b3d,2026-07-17T03:30:00Z,2026-07-17T05:30:00+0200,40200.0,MW,FR,FR,forecast_load,Forecasted Load,2026-07-19T10:02:06Z
2026-07-19T10:00:07Z,2026-07-19T12:00:07+0200,0122f339-e99c-4669-a7fd-e7d31a0b8b3d,2026-07-17T03:45:00Z,2026-07-17T05:45:00+0200,40650.0,MW,FR,FR,forecast_load,Forecasted Load,2026-07-19T10:02:06Z
2026-07-19T10:00:07Z,2026-07-19T12:00:07+0200,0122f339-e99c-4669-a7fd-e7d31a0b8b3d,2026-07-17T04:00:00Z,2026-07-17T06:00:00+0200,41100.0,MW,FR,FR,forecast_load,Forecasted Load,2026-07-19T10:02:06Z
2026-07-19T10:00:07Z,2026-07-19T12:00:07+0200,0122f339-e99c-4669-a7fd-e7d31a0b8b3d,2026-07-17T04:15:00Z,2026-07-17T06:15:00+0200,41650.0,MW,FR,FR,forecast_load,Forecasted Load,2026-07-19T10:02:06Z
2026-07-19T10:00:07Z,2026-07-19T12:00:07+0200,0122f339-e99c-4669-a7fd-e7d31a0b8b3d,2026-07-17T04:30:00Z,2026-07-17T06:30:00+0200,42200.0,MW,FR,FR,forecast_load,Forecasted Load,2026-07-19T10:02:06Z
2026-07-19T10:00:07Z,2026-07-19T12:00:07+0200,0122f339-e99c-4669-a7fd-e7d31a0b8b3d,2026-07-17T04:45:00Z,2026-07-17T06:45:00+0200,42750.0,MW,FR,FR,forecast_load,Forecasted Load,2026-07-19T10:02:06Z
2026-07-19T10:00:07Z,2026-07-19T12:00:07+0200,0122f339-e99c-4669-a7fd-e7d31a0b8b3d,2026-07-17T05:00:00Z,2026-07-17T07:00:00+0200,43300.0,MW,FR,FR,forecast_load,Forecasted Load,2026-07-19T10:02:06Z
2026-07-19T10:00:07Z,2026-07-19T12:00:07+0200,0122f339-e99c-4669-a7fd-e7d31a0b8b3d,2026-07-17T05:15:00Z,2026-07-17T07:15:00+0200,44000.0,MW,FR,FR,forecast_load,Forecasted Load,2026-07-19T10:02:06Z
2026-07-19T10:00:07Z,2026-07-19T12:00:07+0200,0122f339-e99c-4669-a7fd-e7d31a0b8b3d,2026-07-17T05:30:00Z,2026-07-17T07:30:00+0200,44700.0,MW,FR,FR,forecast_load,Forecasted Load,2026-07-19T10:02:06Z
2026-07-19T10:00:07Z,2026-07-19T12:00:07+0200,0122f339-e99c-4669-a7fd-e7d31a0b8b3d,2026-07-17T05:45:00Z,2026-07-17T07:45:00+0200,45400.0,MW,FR,FR,forecast_load,Forecasted Load,2026-07-19T10:02:06Z
2026-07-19T10:00:07Z,2026-07-19T12:00:07+0200,0122f339-e99c-4669-a7fd-e7d31a0b8b3d,2026-07-17T06:00:00Z,2026-07-17T08:00:00+0200,46100.0,MW,FR,FR,forecast_load,Forecasted Load,2026-07-19T10:02:06Z
2026-07-19T10:00:07Z,2026-07-19T12:00:07+0200,0122f339-e99c-4669-a7fd-e7d31a0b8b3d,2026-07-17T06:15:00Z,2026-07-17T08:15:00+0200,46850.0,MW,FR,FR,forecast_load,Forecasted Load,2026-07-19T10:02:06Z
2026-07-19T10:00:07Z,2026-07-19T12:00:07+0200,0122f339-e99c-4669-a7fd-e7d31a0b8b3d,2026-07-17T06:30:00Z,2026-07-17T08:30:00+0200,47600.0,MW,FR,FR,forecast_load,Forecasted Load,2026-07-19T10:02:06Z
2026-07-19T10:00:07Z,2026-07-19T12:00:07+0200,0122f339-e99c-4669-a7fd-e7d31a0b8b3d,2026-07-17T06:45:00Z,2026-07-17T08:45:00+0200,48150.0,MW,FR,FR,forecast_load,Forecasted Load,2026-07-19T10:02:06Z
2026-07-19T10:00:07Z,2026-07-19T12:00:07+0200,0122f339-e99c-4669-a7fd-e7d31a0b8b3d,2026-07-17T07:00:00Z,2026-07-17T09:00:00+0200,48700.0,MW,FR,FR,forecast_load,Forecasted Load,2026-07-19T10:02:06Z
2026-07-19T10:00:07Z,2026-07-19T12:00:07+0200,0122f339-e99c-4669-a7fd-e7d31a0b8b3d,2026-07-17T07:15:00Z,2026-07-17T09:15:00+0200,49350.0,MW,FR,FR,forecast_load,Forecasted Load,2026-07-19T10:02:06Z
2026-07-19T10:00:07Z,2026-07-19T12:00:07+0200,0122f339-e99c-4669-a7fd-e7d31a0b8b3d,2026-07-17T07:30:00Z,2026-07-17T09:30:00+0200,50000.0,MW,FR,FR,forecast_load,Forecasted Load,2026-07-19T10:02:06Z
2026-07-19T10:00:07Z,2026-07-19T12:00:07+0200,0122f339-e99c-4669-a7fd-e7d31a0b8b3d,2026-07-17T07:45:00Z,2026-07-17T09:45:00+0200,50550.0,MW,FR,FR,forecast_load,Forecasted Load,2026-07-19T10:02:06Z
2026-07-19T10:00:07Z,2026-07-19T12:00:07+0200,0122f339-e99c-4669-a7fd-e7d31a0b8b3d,2026-07-17T08:00:00Z,2026-07-17T10:00:00+0200,51100.0,MW,FR,FR,forecast_load,Forecasted Load,2026-07-19T10:02:06Z
2026-07-19T10:00:07Z,2026-07-19T12:00:07+0200,0122f339-e99c-4669-a7fd-e7d31a0b8b3d,2026-07-17T08:15:00Z,2026-07-17T10:15:00+0200,51400.0,MW,FR,FR,forecast_load,Forecasted Load,2026-07-19T10:02:06Z
2026-07-19T10:00:07Z,2026-07-19T12:00:07+0200,0122f339-e99c-4669-a7fd-e7d31a0b8b3d,2026-07-17T08:30:00Z,2026-07-17T10:30:00+0200,51700.0,MW,FR,FR,forecast_load,Forecasted Load,2026-07-19T10:02:06Z
2026-07-19T10:00:07Z,2026-07-19T12:00:07+0200,0122f339-e99c-4669-a7fd-e7d31a0b8b3d,2026-07-17T08:45:00Z,2026-07-17T10:45:00+0200,52150.0,MW,FR,FR,forecast_load,Forecasted Load,2026-07-19T10:02:06Z
2026-07-19T10:00:07Z,2026-07-19T12:00:07+0200,0122f339-e99c-4669-a7fd-e7d31a0b8b3d,2026-07-17T09:00:00Z,2026-07-17T11:00:00+0200,52600.0,MW,FR,FR,forecast_load,Forecasted Load,2026-07-19T10:02:06Z
2026-07-19T10:00:07Z,2026-07-19T12:00:07+0200,0122f339-e99c-4669-a7fd-e7d31a0b8b3d,2026-07-17T09:15:00Z,2026-07-17T11:15:00+0200,53100.0,MW,FR,FR,forecast_load,Forecasted Load,2026-07-19T10:02:06Z
2026-07-19T10:00:07Z,2026-07-19T12:00:07+0200,0122f339-e99c-4669-a7fd-e7d31a0b8b3d,2026-07-17T09:30:00Z,2026-07-17T11:30:00+0200,53600.0,MW,FR,FR,forecast_load,Forecasted Load,2026-07-19T10:02:06Z
2026-07-19T10:00:07Z,2026-07-19T12:00:07+0200,0122f339-e99c-4669-a7fd-e7d31a0b8b3d,2026-07-17T09:45:00Z,2026-07-17T11:45:00+0200,54050.0,MW,FR,FR,forecast_load,Forecasted Load,2026-07-19T10:02:06Z
2026-07-19T10:00:07Z,2026-07-19T12:00:07+0200,0122f339-e99c-4669-a7fd-e7d31a0b8b3d,2026-07-17T10:00:00Z,2026-07-17T12:00:00+0200,54500.0,MW,FR,FR,forecast_load,Forecasted Load,2026-07-19T10:02:06Z
2026-07-19T10:00:07Z,2026-07-19T12:00:07+0200,0122f339-e99c-4669-a7fd-e7d31a0b8b3d,2026-07-17T10:15:00Z,2026-07-17T12:15:00+0200,54200.0,MW,FR,FR,forecast_load,Forecasted Load,2026-07-19T10:02:06Z
2026-07-19T10:00:07Z,2026-07-19T12:00:07+0200,0122f339-e99c-4669-a7fd-e7d31a0b8b3d,2026-07-17T10:30:00Z,2026-07-17T12:30:00+0200,53900.0,MW,FR,FR,forecast_load,Forecasted Load,2026-07-19T10:02:06Z
2026-07-19T10:00:07Z,2026-07-19T12:00:07+0200,0122f339-e99c-4669-a7fd-e7d31a0b8b3d,2026-07-17T10:45:00Z,2026-07-17T12:45:00+0200,54450.0,MW,FR,FR,forecast_load,Forecasted Load,2026-07-19T10:02:06Z
2026-07-19T10:00:07Z,2026-07-19T12:00:07+0200,0122f339-e99c-4669-a7fd-e7d31a0b8b3d,2026-07-17T11:00:00Z,2026-07-17T13:00:00+0200,55000.0,MW,FR,FR,forecast_load,Forecasted Load,2026-07-19T10:02:06Z
2026-07-19T10:00:07Z,2026-07-19T12:00:07+0200,0122f339-e99c-4669-a7fd-e7d31a0b8b3d,2026-07-17T11:15:00Z,2026-07-17T13:15:00+0200,54300.0,MW,FR,FR,forecast_load,Forecasted Load,2026-07-19T10:02:06Z
2026-07-19T10:00:07Z,2026-07-19T12:00:07+0200,0122f339-e99c-4669-a7fd-e7d31a0b8b3d,2026-07-17T11:30:00Z,2026-07-17T13:30:00+0200,53600.0,MW,FR,FR,forecast_load,Forecasted Load,2026-07-19T10:02:06Z
2026-07-19T10:00:07Z,2026-07-19T12:00:07+0200,0122f339-e99c-4669-a7fd-e7d31a0b8b3d,2026-07-17T11:45:00Z,2026-07-17T13:45:00+0200,53450.0,MW,FR,FR,forecast_load,Forecasted Load,2026-07-19T10:02:06Z
2026-07-19T10:00:07Z,2026-07-19T12:00:07+0200,0122f339-e99c-4669-a7fd-e7d31a0b8b3d,2026-07-17T12:00:00Z,2026-07-17T14:00:00+0200,53300.0,MW,FR,FR,forecast_load,Forecasted Load,2026-07-19T10:02:06Z
2026-07-19T10:00:07Z,2026-07-19T12:00:07+0200,0122f339-e99c-4669-a7fd-e7d31a0b8b3d,2026-07-17T12:15:00Z,2026-07-17T14:15:00+0200,54050.0,MW,FR,FR,forecast_load,Forecasted Load,2026-07-19T10:02:06Z
2026-07-19T10:00:07Z,2026-07-19T12:00:07+0200,0122f339-e99c-4669-a7fd-e7d31a0b8b3d,2026-07-17T12:30:00Z,2026-07-17T14:30:00+0200,54800.0,MW,FR,FR,forecast_load,Forecasted Load,2026-07-19T10:02:06Z
2026-07-19T10:00:07Z,2026-07-19T12:00:07+0200,0122f339-e99c-4669-a7fd-e7d31a0b8b3d,2026-07-17T12:45:00Z,2026-07-17T14:45:00+0200,54400.0,MW,FR,FR,forecast_load,Forecasted Load,2026-07-19T10:02:06Z
2026-07-19T10:00:07Z,2026-07-19T12:00:07+0200,0122f339-e99c-4669-a7fd-e7d31a0b8b3d,2026-07-17T13:00:00Z,2026-07-17T15:00:00+0200,54000.0,MW,FR,FR,forecast_load,Forecasted Load,2026-07-19T10:02:06Z
2026-07-19T10:00:07Z,2026-07-19T12:00:07+0200,0122f339-e99c-4669-a7fd-e7d31a0b8b3d,2026-07-17T13:15:00Z,2026-07-17T15:15:00+0200,53550.0,MW,FR,FR,forecast_load,Forecasted Load,2026-07-19T10:02:06Z
2026-07-19T10:00:07Z,2026-07-19T12:00:07+0200,0122f339-e99c-4669-a7fd-e7d31a0b8b3d,2026-07-17T13:30:00Z,2026-07-17T15:30:00+0200,53100.0,MW,FR,FR,forecast_load,Forecasted Load,2026-07-19T10:02:06Z
2026-07-19T10:00:07Z,2026-07-19T12:00:07+0200,0122f339-e99c-4669-a7fd-e7d31a0b8b3d,2026-07-17T13:45:00Z,2026-07-17T15:45:00+0200,52750.0,MW,FR,FR,forecast_load,Forecasted Load,2026-07-19T10:02:06Z
2026-07-19T10:00:07Z,2026-07-19T12:00:07+0200,0122f339-e99c-4669-a7fd-e7d31a0b8b3d,2026-07-17T14:00:00Z,2026-07-17T16:00:00+0200,52400.0,MW,FR,FR,forecast_load,Forecasted Load,2026-07-19T10:02:06Z
2026-07-19T10:00:07Z,2026-07-19T12:00:07+0200,0122f339-e99c-4669-a7fd-e7d31a0b8b3d,2026-07-17T14:15:00Z,2026-07-17T16:15:00+0200,52200.0,MW,FR,FR,forecast_load,Forecasted Load,2026-07-19T10:02:06Z
2026-07-19T10:00:07Z,2026-07-19T12:00:07+0200,0122f339-e99c-4669-a7fd-e7d31a0b8b3d,2026-07-17T14:30:00Z,2026-07-17T16:30:00+0200,52000.0,MW,FR,FR,forecast_load,Forecasted Load,2026-07-19T10:02:06Z
2026-07-19T10:00:07Z,2026-07-19T12:00:07+0200,0122f339-e99c-4669-a7fd-e7d31a0b8b3d,2026-07-17T14:45:00Z,2026-07-17T16:45:00+0200,51650.0,MW,FR,FR,forecast_load,Forecasted Load,2026-07-19T10:02:06Z
2026-07-19T10:00:07Z,2026-07-19T12:00:07+0200,0122f339-e99c-4669-a7fd-e7d31a0b8b3d,2026-07-17T15:00:00Z,2026-07-17T17:00:00+0200,51300.0,MW,FR,FR,forecast_load,Forecasted Load,2026-07-19T10:02:06Z
2026-07-19T10:00:07Z,2026-07-19T12:00:07+0200,0122f339-e99c-4669-a7fd-e7d31a0b8b3d,2026-07-17T15:15:00Z,2026-07-17T17:15:00+0200,51400.0,MW,FR,FR,forecast_load,Forecasted Load,2026-07-19T10:02:06Z
2026-07-19T10:00:07Z,2026-07-19T12:00:07+0200,0122f339-e99c-4669-a7fd-e7d31a0b8b3d,2026-07-17T15:30:00Z,2026-07-17T17:30:00+0200,51500.0,MW,FR,FR,forecast_load,Forecasted Load,2026-07-19T10:02:06Z
2026-07-19T10:00:07Z,2026-07-19T12:00:07+0200,0122f339-e99c-4669-a7fd-e7d31a0b8b3d,2026-07-17T15:45:00Z,2026-07-17T17:45:00+0200,51800.0,MW,FR,FR,forecast_load,Forecasted Load,2026-07-19T10:02:06Z
2026-07-19T10:00:07Z,2026-07-19T12:00:07+0200,0122f339-e99c-4669-a7fd-e7d31a0b8b3d,2026-07-17T16:00:00Z,2026-07-17T18:00:00+0200,52100.0,MW,FR,FR,forecast_load,Forecasted Load,2026-07-19T10:02:06Z
2026-07-19T10:00:07Z,2026-07-19T12:00:07+0200,0122f339-e99c-4669-a7fd-e7d31a0b8b3d,2026-07-17T16:15:00Z,2026-07-17T18:15:00+0200,52200.0,MW,FR,FR,forecast_load,Forecasted Load,2026-07-19T10:02:06Z
2026-07-19T10:00:07Z,2026-07-19T12:00:07+0200,0122f339-e99c-4669-a7fd-e7d31a0b8b3d,2026-07-17T16:30:00Z,2026-07-17T18:30:00+0200,52300.0,MW,FR,FR,forecast_load,Forecasted Load,2026-07-19T10:02:06Z
2026-07-19T10:00:07Z,2026-07-19T12:00:07+0200,0122f339-e99c-4669-a7fd-e7d31a0b8b3d,2026-07-17T16:45:00Z,2026-07-17T18:45:00+0200,52550.0,MW,FR,FR,forecast_load,Forecasted Load,2026-07-19T10:02:06Z
2026-07-19T10:00:07Z,2026-07-19T12:00:07+0200,0122f339-e99c-4669-a7fd-e7d31a0b8b3d,2026-07-17T17:00:00Z,2026-07-17T19:00:00+0200,52800.0,MW,FR,FR,forecast_load,Forecasted Load,2026-07-19T10:02:06Z
2026-07-19T10:00:07Z,2026-07-19T12:00:07+0200,0122f339-e99c-4669-a7fd-e7d31a0b8b3d,2026-07-17T17:15:00Z,2026-07-17T19:15:00+0200,52450.0,MW,FR,FR,forecast_load,Forecasted Load,2026-07-19T10:02:06Z
2026-07-19T10:00:07Z,2026-07-19T12:00:07+0200,0122f339-e99c-4669-a7fd-e7d31a0b8b3d,2026-07-17T17:30:00Z,2026-07-17T19:30:00+0200,52100.0,MW,FR,FR,forecast_load,Forecasted Load,2026-07-19T10:02:06Z
2026-07-19T10:00:07Z,2026-07-19T12:00:07+0200,0122f339-e99c-4669-a7fd-e7d31a0b8b3d,2026-07-17T17:45:00Z,2026-07-17T19:45:00+0200,51700.0,MW,FR,FR,forecast_load,Forecasted Load,2026-07-19T10:02:06Z
2026-07-19T10:00:07Z,2026-07-19T12:00:07+0200,0122f339-e99c-4669-a7fd-e7d31a0b8b3d,2026-07-17T18:00:00Z,2026-07-17T20:00:00+0200,51300.0,MW,FR,FR,forecast_load,Forecasted Load,2026-07-19T10:02:06Z
2026-07-19T10:00:07Z,2026-07-19T12:00:07+0200,0122f339-e99c-4669-a7fd-e7d31a0b8b3d,2026-07-17T18:15:00Z,2026-07-17T20:15:00+0200,50650.0,MW,FR,FR,forecast_load,Forecasted Load,2026-07-19T10:02:06Z
2026-07-19T10:00:07Z,2026-07-19T12:00:07+0200,0122f339-e99c-4669-a7fd-e7d31a0b8b3d,2026-07-17T18:30:00Z,2026-07-17T20:30:00+0200,50000.0,MW,FR,FR,forecast_load,Forecasted Load,2026-07-19T10:02:06Z
2026-07-19T10:00:07Z,2026-07-19T12:00:07+0200,0122f339-e99c-4669-a7fd-e7d31a0b8b3d,2026-07-17T18:45:00Z,2026-07-17T20:45:00+0200,49500.0,MW,FR,FR,forecast_load,Forecasted Load,2026-07-19T10:02:06Z
2026-07-19T10:00:07Z,2026-07-19T12:00:07+0200,0122f339-e99c-4669-a7fd-e7d31a0b8b3d,2026-07-17T19:00:00Z,2026-07-17T21:00:00+0200,49000.0,MW,FR,FR,forecast_load,Forecasted Load,2026-07-19T10:02:06Z
2026-07-19T10:00:07Z,2026-07-19T12:00:07+0200,0122f339-e99c-4669-a7fd-e7d31a0b8b3d,2026-07-17T19:15:00Z,2026-07-17T21:15:00+0200,48600.0,MW,FR,FR,forecast_load,Forecasted Load,2026-07-19T10:02:06Z
2026-07-19T10:00:07Z,2026-07-19T12:00:07+0200,0122f339-e99c-4669-a7fd-e7d31a0b8b3d,2026-07-17T19:30:00Z,2026-07-17T21:30:00+0200,48200.0,MW,FR,FR,forecast_load,Forecasted Load,2026-07-19T10:02:06Z
2026-07-19T10:00:07Z,2026-07-19T12:00:07+0200,0122f339-e99c-4669-a7fd-e7d31a0b8b3d,2026-07-17T19:45:00Z,2026-07-17T21:45:00+0200,47850.0,MW,FR,FR,forecast_load,Forecasted Load,2026-07-19T10:02:06Z
2026-07-19T10:00:07Z,2026-07-19T12:00:07+0200,0122f339-e99c-4669-a7fd-e7d31a0b8b3d,2026-07-17T20:00:00Z,2026-07-17T22:00:00+0200,47500.0,MW,FR,FR,forecast_load,Forecasted Load,2026-07-19T10:02:06Z
2026-07-19T10:00:07Z,2026-07-19T12:00:07+0200,0122f339-e99c-4669-a7fd-e7d31a0b8b3d,2026-07-17T20:15:00Z,2026-07-17T22:15:00+0200,48200.0,MW,FR,FR,forecast_load,Forecasted Load,2026-07-19T10:02:06Z
2026-07-19T10:00:07Z,2026-07-19T12:00:07+0200,0122f339-e99c-4669-a7fd-e7d31a0b8b3d,2026-07-17T20:30:00Z,2026-07-17T22:30:00+0200,48900.0,MW,FR,FR,forecast_load,Forecasted Load,2026-07-19T10:02:06Z
2026-07-19T10:00:07Z,2026-07-19T12:00:07+0200,0122f339-e99c-4669-a7fd-e7d31a0b8b3d,2026-07-17T20:45:00Z,2026-07-17T22:45:00+0200,49450.0,MW,FR,FR,forecast_load,Forecasted Load,2026-07-19T10:02:06Z
2026-07-19T10:00:07Z,2026-07-19T12:00:07+0200,0122f339-e99c-4669-a7fd-e7d31a0b8b3d,2026-07-17T21:00:00Z,2026-07-17T23:00:00+0200,50000.0,MW,FR,FR,forecast_load,Forecasted Load,2026-07-19T10:02:06Z
2026-07-19T10:00:07Z,2026-07-19T12:00:07+0200,0122f339-e99c-4669-a7fd-e7d31a0b8b3d,2026-07-17T21:15:00Z,2026-07-17T23:15:00+0200,49000.0,MW,FR,FR,forecast_load,Forecasted Load,2026-07-19T10:02:06Z
2026-07-19T10:00:07Z,2026-07-19T12:00:07+0200,0122f339-e99c-4669-a7fd-e7d31a0b8b3d,2026-07-17T21:30:00Z,2026-07-17T23:30:00+0200,48000.0,MW,FR,FR,forecast_load,Forecasted Load,2026-07-19T10:02:06Z
2026-07-19T10:00:07Z,2026-07-19T12:00:07+0200,0122f339-e99c-4669-a7fd-e7d31a0b8b3d,2026-07-17T21:45:00Z,2026-07-17T23:45:00+0200,47300.0,MW,FR,FR,forecast_load,Forecasted Load,2026-07-19T10:02:06Z
2026-07-19T10:00:07Z,2026-07-19T12:00:07+0200,0122f339-e99c-4669-a7fd-e7d31a0b8b3d,2026-07-17T22:00:00Z,2026-07-18T00:00:00+0200,45800.0,MW,FR,FR,forecast_load,Forecasted Load,2026-07-19T10:02:06Z
2026-07-19T10:00:07Z,2026-07-19T12:00:07+0200,0122f339-e99c-4669-a7fd-e7d31a0b8b3d,2026-07-17T22:15:00Z,2026-07-18T00:15:00+0200,44550.0,MW,FR,FR,forecast_load,Forecasted Load,2026-07-19T10:02:06Z
2026-07-19T10:00:07Z,2026-07-19T12:00:07+0200,0122f339-e99c-4669-a7fd-e7d31a0b8b3d,2026-07-17T22:30:00Z,2026-07-18T00:30:00+0200,43300.0,MW,FR,FR,forecast_load,Forecasted Load,2026-07-19T10:02:06Z
2026-07-19T10:00:07Z,2026-07-19T12:00:07+0200,0122f339-e99c-4669-a7fd-e7d31a0b8b3d,2026-07-17T22:45:00Z,2026-07-18T00:45:00+0200,42500.0,MW,FR,FR,forecast_load,Forecasted Load,2026-07-19T10:02:06Z
2026-07-19T10:00:07Z,2026-07-19T12:00:07+0200,0122f339-e99c-4669-a7fd-e7d31a0b8b3d,2026-07-17T23:00:00Z,2026-07-18T01:00:00+0200,41700.0,MW,FR,FR,forecast_load,Forecasted Load,2026-07-19T10:02:06Z
2026-07-19T10:00:07Z,2026-07-19T12:00:07+0200,0122f339-e99c-4669-a7fd-e7d31a0b8b3d,2026-07-17T23:15:00Z,2026-07-18T01:15:00+0200,42100.0,MW,FR,FR,forecast_load,Forecasted Load,2026-07-19T10:02:06Z
2026-07-19T10:00:07Z,2026-07-19T12:00:07+0200,0122f339-e99c-4669-a7fd-e7d31a0b8b3d,2026-07-17T23:30:00Z,2026-07-18T01:30:00+0200,42500.0,MW,FR,FR,forecast_load,Forecasted Load,2026-07-19T10:02:06Z
2026-07-19T10:00:07Z,2026-07-19T12:00:07+0200,0122f339-e99c-4669-a7fd-e7d31a0b8b3d,2026-07-17T23:45:00Z,2026-07-18T01:45:00+0200,41900.0,MW,FR,FR,forecast_load,Forecasted Load,2026-07-19T10:02:06Z
2026-07-19T10:00:07Z,2026-07-19T12:00:07+0200,0122f339-e99c-4669-a7fd-e7d31a0b8b3d,2026-07-18T00:00:00Z,2026-07-18T02:00:00+0200,41300.0,MW,FR,FR,forecast_load,Forecasted Load,2026-07-19T10:02:06Z
2026-07-19T10:00:07Z,2026-07-19T12:00:07+0200,0122f339-e99c-4669-a7fd-e7d31a0b8b3d,2026-07-18T00:15:00Z,2026-07-18T02:15:00+0200,40500.0,MW,FR,FR,forecast_load,Forecasted Load,2026-07-19T10:02:06Z
2026-07-19T10:00:07Z,2026-07-19T12:00:07+0200,0122f339-e99c-4669-a7fd-e7d31a0b8b3d,2026-07-18T00:30:00Z,2026-07-18T02:30:00+0200,39700.0,MW,FR,FR,forecast_load,Forecasted Load,2026-07-19T10:02:06Z
2026-07-19T10:00:07Z,2026-07-19T12:00:07+0200,0122f339-e99c-4669-a7fd-e7d31a0b8b3d,2026-07-18T00:45:00Z,2026-07-18T02:45:00+0200,38950.0,MW,FR,FR,forecast_load,Forecasted Load,2026-07-19T10:02:06Z
2026-07-19T10:00:07Z,2026-07-19T12:00:07+0200,0122f339-e99c-4669-a7fd-e7d31a0b8b3d,2026-07-18T01:00:00Z,2026-07-18T03:00:00+0200,38200.0,MW,FR,FR,forecast_load,Forecasted Load,2026-07-19T10:02:06Z
2026-07-19T10:00:07Z,2026-07-19T12:00:07+0200,0122f339-e99c-4669-a7fd-e7d31a0b8b3d,2026-07-18T01:15:00Z,2026-07-18T03:15:00+0200,37650.0,MW,FR,FR,forecast_load,Forecasted Load,2026-07-19T10:02:06Z
2026-07-19T10:00:07Z,2026-07-19T12:00:07+0200,0122f339-e99c-4669-a7fd-e7d31a0b8b3d,2026-07-18T01:30:00Z,2026-07-18T03:30:00+0200,37100.0,MW,FR,FR,forecast_load,Forecasted Load,2026-07-19T10:02:06Z
2026-07-19T10:00:07Z,2026-07-19T12:00:07+0200,0122f339-e99c-4669-a7fd-e7d31a0b8b3d,2026-07-18T01:45:00Z,2026-07-18T03:45:00+0200,36800.0,MW,FR,FR,forecast_load,Forecasted Load,2026-07-19T10:02:06Z
2026-07-19T10:00:07Z,2026-07-19T12:00:07+0200,0122f339-e99c-4669-a7fd-e7d31a0b8b3d,2026-07-18T02:00:00Z,2026-07-18T04:00:00+0200,36500.0,MW,FR,FR,forecast_load,Forecasted Load,2026-07-19T10:02:06Z
2026-07-19T10:00:07Z,2026-07-19T12:00:07+0200,0122f339-e99c-4669-a7fd-e7d31a0b8b3d,2026-07-18T02:15:00Z,2026-07-18T04:15:00+0200,36250.0,MW,FR,FR,forecast_load,Forecasted Load,2026-07-19T10:02:06Z
2026-07-19T10:00:07Z,2026-07-19T12:00:07+0200,0122f339-e99c-4669-a7fd-e7d31a0b8b3d,2026-07-18T02:30:00Z,2026-07-18T04:30:00+0200,36000.0,MW,FR,FR,forecast_load,Forecasted Load,2026-07-19T10:02:06Z
2026-07-19T10:00:07Z,2026-07-19T12:00:07+0200,0122f339-e99c-4669-a7fd-e7d31a0b8b3d,2026-07-18T02:45:00Z,2026-07-18T04:45:00+0200,35950.0,MW,FR,FR,forecast_load,Forecasted Load,2026-07-19T10:02:06Z
2026-07-19T10:00:07Z,2026-07-19T12:00:07+0200,0122f339-e99c-4669-a7fd-e7d31a0b8b3d,2026-07-18T03:00:00Z,2026-07-18T05:00:00+0200,35900.0,MW,FR,FR,forecast_load,Forecasted Load,2026-07-19T10:02:06Z
2026-07-19T10:00:07Z,2026-07-19T12:00:07+0200,0122f339-e99c-4669-a7fd-e7d31a0b8b3d,2026-07-18T03:15:00Z,2026-07-18T05:15:00+0200,35900.0,MW,FR,FR,forecast_load,Forecasted Load,2026-07-19T10:02:06Z
2026-07-19T10:00:07Z,2026-07-19T12:00:07+0200,0122f339-e99c-4669-a7fd-e7d31a0b8b3d,2026-07-18T03:30:00Z,2026-07-18T05:30:00+0200,35900.0,MW,FR,FR,forecast_load,Forecasted Load,2026-07-19T10:02:06Z
2026-07-19T10:00:07Z,2026-07-19T12:00:07+0200,0122f339-e99c-4669-a7fd-e7d31a0b8b3d,2026-07-18T03:45:00Z,2026-07-18T05:45:00+0200,35850.0,MW,FR,FR,forecast_load,Forecasted Load,2026-07-19T10:02:06Z
2026-07-19T10:00:07Z,2026-07-19T12:00:07+0200,0122f339-e99c-4669-a7fd-e7d31a0b8b3d,2026-07-18T04:00:00Z,2026-07-18T06:00:00+0200,35800.0,MW,FR,FR,forecast_load,Forecasted Load,2026-07-19T10:02:06Z
2026-07-19T10:00:07Z,2026-07-19T12:00:07+0200,0122f339-e99c-4669-a7fd-e7d31a0b8b3d,2026-07-18T04:15:00Z,2026-07-18T06:15:00+0200,35800.0,MW,FR,FR,forecast_load,Forecasted Load,2026-07-19T10:02:06Z
2026-07-19T10:00:07Z,2026-07-19T12:00:07+0200,0122f339-e99c-4669-a7fd-e7d31a0b8b3d,2026-07-18T04:30:00Z,2026-07-18T06:30:00+0200,35800.0,MW,FR,FR,forecast_load,Forecasted Load,2026-07-19T10:02:06Z
2026-07-19T10:00:07Z,2026-07-19T12:00:07+0200,0122f339-e99c-4669-a7fd-e7d31a0b8b3d,2026-07-18T04:45:00Z,2026-07-18T06:45:00+0200,35900.0,MW,FR,FR,forecast_load,Forecasted Load,2026-07-19T10:02:06Z
2026-07-19T10:00:07Z,2026-07-19T12:00:07+0200,0122f339-e99c-4669-a7fd-e7d31a0b8b3d,2026-07-18T05:00:00Z,2026-07-18T07:00:00+0200,36000.0,MW,FR,FR,forecast_load,Forecasted Load,2026-07-19T10:02:06Z
2026-07-19T10:00:07Z,2026-07-19T12:00:07+0200,0122f339-e99c-4669-a7fd-e7d31a0b8b3d,2026-07-18T05:15:00Z,2026-07-18T07:15:00+0200,36250.0,MW,FR,FR,forecast_load,Forecasted Load,2026-07-19T10:02:06Z
2026-07-19T10:00:07Z,2026-07-19T12:00:07+0200,0122f339-e99c-4669-a7fd-e7d31a0b8b3d,2026-07-18T05:30:00Z,2026-07-18T07:30:00+0200,36500.0,MW,FR,FR,forecast_load,Forecasted Load,2026-07-19T10:02:06Z
2026-07-19T10:00:07Z,2026-07-19T12:00:07+0200,0122f339-e99c-4669-a7fd-e7d31a0b8b3d,2026-07-18T05:45:00Z,2026-07-18T07:45:00+0200,36950.0,MW,FR,FR,forecast_load,Forecasted Load,2026-07-19T10:02:06Z
2026-07-19T10:00:07Z,2026-07-19T12:00:07+0200,0122f339-e99c-4669-a7fd-e7d31a0b8b3d,2026-07-18T06:00:00Z,2026-07-18T08:00:00+0200,37400.0,MW,FR,FR,forecast_load,Forecasted Load,2026-07-19T10:02:06Z
2026-07-19T10:00:07Z,2026-07-19T12:00:07+0200,0122f339-e99c-4669-a7fd-e7d31a0b8b3d,2026-07-18T06:15:00Z,2026-07-18T08:15:00+0200,37950.0,MW,FR,FR,forecast_load,Forecasted Load,2026-07-19T10:02:06Z
2026-07-19T10:00:07Z,2026-07-19T12:00:07+0200,0122f339-e99c-4669-a7fd-e7d31a0b8b3d,2026-07-18T06:30:00Z,2026-07-18T08:30:00+0200,38500.0,MW,FR,FR,forecast_load,Forecasted Load,2026-07-19T10:02:06Z
2026-07-19T10:00:07Z,2026-07-19T12:00:07+0200,0122f339-e99c-4669-a7fd-e7d31a0b8b3d,2026-07-18T06:45:00Z,2026-07-18T08:45:00+0200,39050.0,MW,FR,FR,forecast_load,Forecasted Load,2026-07-19T10:02:06Z
2026-07-19T10:00:07Z,2026-07-19T12:00:07+0200,0122f339-e99c-4669-a7fd-e7d31a0b8b3d,2026-07-18T07:00:00Z,2026-07-18T09:00:00+0200,39600.0,MW,FR,FR,forecast_load,Forecasted Load,2026-07-19T10:02:06Z
2026-07-19T10:00:07Z,2026-07-19T12:00:07+0200,0122f339-e99c-4669-a7fd-e7d31a0b8b3d,2026-07-18T07:15:00Z,2026-07-18T09:15:00+0200,40150.0,MW,FR,FR,forecast_load,Forecasted Load,2026-07-19T10:02:06Z
2026-07-19T10:00:07Z,2026-07-19T12:00:07+0200,0122f339-e99c-4669-a7fd-e7d31a0b8b3d,2026-07-18T07:30:00Z,2026-07-18T09:30:00+0200,40700.0,MW,FR,FR,forecast_load,Forecasted Load,2026-07-19T10:02:06Z
2026-07-19T10:00:07Z,2026-07-19T12:00:07+0200,0122f339-e99c-4669-a7fd-e7d31a0b8b3d,2026-07-18T07:45:00Z,2026-07-18T09:45:00+0200,41450.0,MW,FR,FR,forecast_load,Forecasted Load,2026-07-19T10:02:06Z
2026-07-19T10:00:07Z,2026-07-19T12:00:07+0200,0122f339-e99c-4669-a7fd-e7d31a0b8b3d,2026-07-18T08:00:00Z,2026-07-18T10:00:00+0200,42200.0,MW,FR,FR,forecast_load,Forecasted Load,2026-07-19T10:02:06Z
2026-07-19T10:00:07Z,2026-07-19T12:00:07+0200,0122f339-e99c-4669-a7fd-e7d31a0b8b3d,2026-07-18T08:15:00Z,2026-07-18T10:15:00+0200,42650.0,MW,FR,FR,forecast_load,Forecasted Load,2026-07-19T10:02:06Z
2026-07-19T10:00:07Z,2026-07-19T12:00:07+0200,0122f339-e99c-4669-a7fd-e7d31a0b8b3d,2026-07-18T08:30:00Z,2026-07-18T10:30:00+0200,43100.0,MW,FR,FR,forecast_load,Forecasted Load,2026-07-19T10:02:06Z
2026-07-19T10:00:07Z,2026-07-19T12:00:07+0200,0122f339-e99c-4669-a7fd-e7d31a0b8b3d,2026-07-18T08:45:00Z,2026-07-18T10:45:00+0200,43650.0,MW,FR,FR,forecast_load,Forecasted Load,2026-07-19T10:02:06Z
2026-07-19T10:00:07Z,2026-07-19T12:00:07+0200,0122f339-e99c-4669-a7fd-e7d31a0b8b3d,2026-07-18T09:00:00Z,2026-07-18T11:00:00+0200,44200.0,MW,FR,FR,forecast_load,Forecasted Load,2026-07-19T10:02:06Z
2026-07-19T10:00:07Z,2026-07-19T12:00:07+0200,0122f339-e99c-4669-a7fd-e7d31a0b8b3d,2026-07-18T09:15:00Z,2026-07-18T11:15:00+0200,44600.0,MW,FR,FR,forecast_load,Forecasted Load,2026-07-19T10:02:06Z
2026-07-19T10:00:07Z,2026-07-19T12:00:07+0200,0122f339-e99c-4669-a7fd-e7d31a0b8b3d,2026-07-18T09:30:00Z,2026-07-18T11:30:00+0200,45000.0,MW,FR,FR,forecast_load,Forecasted Load,2026-07-19T10:02:06Z
2026-07-19T10:00:07Z,2026-07-19T12:00:07+0200,0122f339-e99c-4669-a7fd-e7d31a0b8b3d,2026-07-18T09:45:00Z,2026-07-18T11:45:00+0200,45500.0,MW,FR,FR,forecast_load,Forecasted Load,2026-07-19T10:02:06Z
2026-07-19T10:00:07Z,2026-07-19T12:00:07+0200,0122f339-e99c-4669-a7fd-e7d31a0b8b3d,2026-07-18T10:00:00Z,2026-07-18T12:00:00+0200,46000.0,MW,FR,FR,forecast_load,Forecasted Load,2026-07-19T10:02:06Z
2026-07-19T10:00:07Z,2026-07-19T12:00:07+0200,0122f339-e99c-4669-a7fd-e7d31a0b8b3d,2026-07-18T10:15:00Z,2026-07-18T12:15:00+0200,46200.0,MW,FR,FR,forecast_load,Forecasted Load,2026-07-19T10:02:06Z
2026-07-19T10:00:07Z,2026-07-19T12:00:07+0200,0122f339-e99c-4669-a7fd-e7d31a0b8b3d,2026-07-18T10:30:00Z,2026-07-18T12:30:00+0200,46400.0,MW,FR,FR,forecast_load,Forecasted Load,2026-07-19T10:02:06Z
2026-07-19T10:00:07Z,2026-07-19T12:00:07+0200,0122f339-e99c-4669-a7fd-e7d31a0b8b3d,2026-07-18T10:45:00Z,2026-07-18T12:45:00+0200,46700.0,MW,FR,FR,forecast_load,Forecasted Load,2026-07-19T10:02:06Z
2026-07-19T10:00:07Z,2026-07-19T12:00:07+0200,0122f339-e99c-4669-a7fd-e7d31a0b8b3d,2026-07-18T11:00:00Z,2026-07-18T13:00:00+0200,47000.0,MW,FR,FR,forecast_load,Forecasted Load,2026-07-19T10:02:06Z
2026-07-19T10:00:07Z,2026-07-19T12:00:07+0200,0122f339-e99c-4669-a7fd-e7d31a0b8b3d,2026-07-18T11:15:00Z,2026-07-18T13:15:00+0200,46250.0,MW,FR,FR,forecast_load,Forecasted Load,2026-07-19T10:02:06Z
2026-07-19T10:00:07Z,2026-07-19T12:00:07+0200,0122f339-e99c-4669-a7fd-e7d31a0b8b3d,2026-07-18T11:30:00Z,2026-07-18T13:30:00+0200,45500.0,MW,FR,FR,forecast_load,Forecasted Load,2026-07-19T10:02:06Z
2026-07-19T10:00:07Z,2026-07-19T12:00:07+0200,0122f339-e99c-4669-a7fd-e7d31a0b8b3d,2026-07-18T11:45:00Z,2026-07-18T13:45:00+0200,45400.0,MW,FR,FR,forecast_load,Forecasted Load,2026-07-19T10:02:06Z
2026-07-19T10:00:07Z,2026-07-19T12:00:07+0200,0122f339-e99c-4669-a7fd-e7d31a0b8b3d,2026-07-18T12:00:00Z,2026-07-18T14:00:00+0200,45300.0,MW,FR,FR,forecast_load,Forecasted Load,2026-07-19T10:02:06Z
2026-07-19T10:00:07Z,2026-07-19T12:00:07+0200,0122f339-e99c-4669-a7fd-e7d31a0b8b3d,2026-07-18T12:15:00Z,2026-07-18T14:15:00+0200,45900.0,MW,FR,FR,forecast_load,Forecasted Load,2026-07-19T10:02:06Z
2026-07-19T10:00:07Z,2026-07-19T12:00:07+0200,0122f339-e99c-4669-a7fd-e7d31a0b8b3d,2026-07-18T12:30:00Z,2026-07-18T14:30:00+0200,46500.0,MW,FR,FR,forecast_load,Forecasted Load,2026-07-19T10:02:06Z
2026-07-19T10:00:07Z,2026-07-19T12:00:07+0200,0122f339-e99c-4669-a7fd-e7d31a0b8b3d,2026-07-18T12:45:00Z,2026-07-18T14:45:00+0200,46250.0,MW,FR,FR,forecast_load,Forecasted Load,2026-07-19T10:02:06Z
2026-07-19T10:00:07Z,2026-07-19T12:00:07+0200,0122f339-e99c-4669-a7fd-e7d31a0b8b3d,2026-07-18T13:00:00Z,2026-07-18T15:00:00+0200,46000.0,MW,FR,FR,forecast_load,Forecasted Load,2026-07-19T10:02:06Z
2026-07-19T10:00:07Z,2026-07-19T12:00:07+0200,0122f339-e99c-4669-a7fd-e7d31a0b8b3d,2026-07-18T13:15:00Z,2026-07-18T15:15:00+0200,45500.0,MW,FR,FR,forecast_load,Forecasted Load,2026-07-19T10:02:06Z
2026-07-19T10:00:07Z,2026-07-19T12:00:07+0200,0122f339-e99c-4669-a7fd-e7d31a0b8b3d,2026-07-18T13:30:00Z,2026-07-18T15:30:00+0200,45000.0,MW,FR,FR,forecast_load,Forecasted Load,2026-07-19T10:02:06Z
2026-07-19T10:00:07Z,2026-07-19T12:00:07+0200,0122f339-e99c-4669-a7fd-e7d31a0b8b3d,2026-07-18T13:45:00Z,2026-07-18T15:45:00+0200,44750.0,MW,FR,FR,forecast_load,Forecasted Load,2026-07-19T10:02:06Z
2026-07-19T10:00:07Z,2026-07-19T12:00:07+0200,0122f339-e99c-4669-a7fd-e7d31a0b8b3d,2026-07-18T14:00:00Z,2026-07-18T16:00:00+0200,44500.0,MW,FR,FR,forecast_load,Forecasted Load,2026-07-19T10:02:06Z
2026-07-19T10:00:07Z,2026-07-19T12:00:07+0200,0122f339-e99c-4669-a7fd-e7d31a0b8b3d,2026-07-18T14:15:00Z,2026-07-18T16:15:00+0200,44350.0,MW,FR,FR,forecast_load,Forecasted Load,2026-07-19T10:02:06Z
2026-07-19T10:00:07Z,2026-07-19T12:00:07+0200,0122f339-e99c-4669-a7fd-e7d31a0b8b3d,2026-07-18T14:30:00Z,2026-07-18T16:30:00+0200,44200.0,MW,FR,FR,forecast_load,Forecasted Load,2026-07-19T10:02:06Z
2026-07-19T10:00:07Z,2026-07-19T12:00:07+0200,0122f339-e99c-4669-a7fd-e7d31a0b8b3d,2026-07-18T14:45:00Z,2026-07-18T16:45:00+0200,43850.0,MW,FR,FR,forecast_load,Forecasted Load,2026-07-19T10:02:06Z
2026-07-19T10:00:07Z,2026-07-19T12:00:07+0200,0122f339-e99c-4669-a7fd-e7d31a0b8b3d,2026-07-18T15:00:00Z,2026-07-18T17:00:00+0200,43500.0,MW,FR,FR,forecast_load,Forecasted Load,2026-07-19T10:02:06Z
2026-07-19T10:00:07Z,2026-07-19T12:00:07+0200,0122f339-e99c-4669-a7fd-e7d31a0b8b3d,2026-07-18T15:15:00Z,2026-07-18T17:15:00+0200,43800.0,MW,FR,FR,forecast_load,Forecasted Load,2026-07-19T10:02:06Z
2026-07-19T10:00:07Z,2026-07-19T12:00:07+0200,0122f339-e99c-4669-a7fd-e7d31a0b8b3d,2026-07-18T15:30:00Z,2026-07-18T17:30:00+0200,44100.0,MW,FR,FR,forecast_load,Forecasted Load,2026-07-19T10:02:06Z
2026-07-19T10:00:07Z,2026-07-19T12:00:07+0200,0122f339-e99c-4669-a7fd-e7d31a0b8b3d,2026-07-18T15:45:00Z,2026-07-18T17:45:00+0200,44450.0,MW,FR,FR,forecast_load,Forecasted Load,2026-07-19T10:02:06Z
2026-07-19T10:00:07Z,2026-07-19T12:00:07+0200,0122f339-e99c-4669-a7fd-e7d31a0b8b3d,2026-07-18T16:00:00Z,2026-07-18T18:00:00+0200,44800.0,MW,FR,FR,forecast_load,Forecasted Load,2026-07-19T10:02:06Z
2026-07-19T10:00:07Z,2026-07-19T12:00:07+0200,0122f339-e99c-4669-a7fd-e7d31a0b8b3d,2026-07-18T16:15:00Z,2026-07-18T18:15:00+0200,45100.0,MW,FR,FR,forecast_load,Forecasted Load,2026-07-19T10:02:06Z
2026-07-19T10:00:07Z,2026-07-19T12:00:07+0200,0122f339-e99c-4669-a7fd-e7d31a0b8b3d,2026-07-18T16:30:00Z,2026-07-18T18:30:00+0200,45400.0,MW,FR,FR,forecast_load,Forecasted Load,2026-07-19T10:02:06Z
2026-07-19T10:00:07Z,2026-07-19T12:00:07+0200,0122f339-e99c-4669-a7fd-e7d31a0b8b3d,2026-07-18T16:45:00Z,2026-07-18T18:45:00+0200,45700.0,MW,FR,FR,forecast_load,Forecasted Load,2026-07-19T10:02:06Z
2026-07-19T10:00:07Z,2026-07-19T12:00:07+0200,0122f339-e99c-4669-a7fd-e7d31a0b8b3d,2026-07-18T17:00:00Z,2026-07-18T19:00:00+0200,46000.0,MW,FR,FR,forecast_load,Forecasted Load,2026-07-19T10:02:06Z
2026-07-19T10:00:07Z,2026-07-19T12:00:07+0200,0122f339-e99c-4669-a7fd-e7d31a0b8b3d,2026-07-18T17:15:00Z,2026-07-18T19:15:00+0200,46000.0,MW,FR,FR,forecast_load,Forecasted Load,2026-07-19T10:02:06Z
2026-07-19T10:00:07Z,2026-07-19T12:00:07+0200,0122f339-e99c-4669-a7fd-e7d31a0b8b3d,2026-07-18T17:30:00Z,2026-07-18T19:30:00+0200,46000.0,MW,FR,FR,forecast_load,Forecasted Load,2026-07-19T10:02:06Z
2026-07-19T10:00:07Z,2026-07-19T12:00:07+0200,0122f339-e99c-4669-a7fd-e7d31a0b8b3d,2026-07-18T17:45:00Z,2026-07-18T19:45:00+0200,45800.0,MW,FR,FR,forecast_load,Forecasted Load,2026-07-19T10:02:06Z
2026-07-19T10:00:07Z,2026-07-19T12:00:07+0200,0122f339-e99c-4669-a7fd-e7d31a0b8b3d,2026-07-18T18:00:00Z,2026-07-18T20:00:00+0200,45600.0,MW,FR,FR,forecast_load,Forecasted Load,2026-07-19T10:02:06Z
2026-07-19T10:00:07Z,2026-07-19T12:00:07+0200,0122f339-e99c-4669-a7fd-e7d31a0b8b3d,2026-07-18T18:15:00Z,2026-07-18T20:15:00+0200,45050.0,MW,FR,FR,forecast_load,Forecasted Load,2026-07-19T10:02:06Z
2026-07-19T10:00:07Z,2026-07-19T12:00:07+0200,0122f339-e99c-4669-a7fd-e7d31a0b8b3d,2026-07-18T18:30:00Z,2026-07-18T20:30:00+0200,44500.0,MW,FR,FR,forecast_load,Forecasted Load,2026-07-19T10:02:06Z
2026-07-19T10:00:07Z,2026-07-19T12:00:07+0200,0122f339-e99c-4669-a7fd-e7d31a0b8b3d,2026-07-18T18:45:00Z,2026-07-18T20:45:00+0200,44250.0,MW,FR,FR,forecast_load,Forecasted Load,2026-07-19T10:02:06Z
2026-07-19T10:00:07Z,2026-07-19T12:00:07+0200,0122f339-e99c-4669-a7fd-e7d31a0b8b3d,2026-07-18T19:00:00Z,2026-07-18T21:00:00+0200,44000.0,MW,FR,FR,forecast_load,Forecasted Load,2026-07-19T10:02:06Z
2026-07-19T10:00:07Z,2026-07-19T12:00:07+0200,0122f339-e99c-4669-a7fd-e7d31a0b8b3d,2026-07-18T19:15:00Z,2026-07-18T21:15:00+0200,43900.0,MW,FR,FR,forecast_load,Forecasted Load,2026-07-19T10:02:06Z
2026-07-19T10:00:07Z,2026-07-19T12:00:07+0200,0122f339-e99c-4669-a7fd-e7d31a0b8b3d,2026-07-18T19:30:00Z,2026-07-18T21:30:00+0200,43800.0,MW,FR,FR,forecast_load,Forecasted Load,2026-07-19T10:02:06Z
2026-07-19T10:00:07Z,2026-07-19T12:00:07+0200,0122f339-e99c-4669-a7fd-e7d31a0b8b3d,2026-07-18T19:45:00Z,2026-07-18T21:45:00+0200,43650.0,MW,FR,FR,forecast_load,Forecasted Load,2026-07-19T10:02:06Z
2026-07-19T10:00:07Z,2026-07-19T12:00:07+0200,0122f339-e99c-4669-a7fd-e7d31a0b8b3d,2026-07-18T20:00:00Z,2026-07-18T22:00:00+0200,43500.0,MW,FR,FR,forecast_load,Forecasted Load,2026-07-19T10:02:06Z
2026-07-19T10:00:07Z,2026-07-19T12:00:07+0200,0122f339-e99c-4669-a7fd-e7d31a0b8b3d,2026-07-18T20:15:00Z,2026-07-18T22:15:00+0200,44500.0,MW,FR,FR,forecast_load,Forecasted Load,2026-07-19T10:02:06Z
2026-07-19T10:00:07Z,2026-07-19T12:00:07+0200,0122f339-e99c-4669-a7fd-e7d31a0b8b3d,2026-07-18T20:30:00Z,2026-07-18T22:30:00+0200,45500.0,MW,FR,FR,forecast_load,Forecasted Load,2026-07-19T10:02:06Z
2026-07-19T10:00:07Z,2026-07-19T12:00:07+0200,0122f339-e99c-4669-a7fd-e7d31a0b8b3d,2026-07-18T20:45:00Z,2026-07-18T22:45:00+0200,45900.0,MW,FR,FR,forecast_load,Forecasted Load,2026-07-19T10:02:06Z
2026-07-19T10:00:07Z,2026-07-19T12:00:07+0200,0122f339-e99c-4669-a7fd-e7d31a0b8b3d,2026-07-18T21:00:00Z,2026-07-18T23:00:00+0200,46300.0,MW,FR,FR,forecast_load,Forecasted Load,2026-07-19T10:02:06Z
2026-07-19T10:00:07Z,2026-07-19T12:00:07+0200,0122f339-e99c-4669-a7fd-e7d31a0b8b3d,2026-07-18T21:15:00Z,2026-07-18T23:15:00+0200,45400.0,MW,FR,FR,forecast_load,Forecasted Load,2026-07-19T10:02:06Z
2026-07-19T10:00:07Z,2026-07-19T12:00:07+0200,0122f339-e99c-4669-a7fd-e7d31a0b8b3d,2026-07-18T21:30:00Z,2026-07-18T23:30:00+0200,44500.0,MW,FR,FR,forecast_load,Forecasted Load,2026-07-19T10:02:06Z
2026-07-19T10:00:07Z,2026-07-19T12:00:07+0200,0122f339-e99c-4669-a7fd-e7d31a0b8b3d,2026-07-18T21:45:00Z,2026-07-18T23:45:00+0200,43850.0,MW,FR,FR,forecast_load,Forecasted Load,2026-07-19T10:02:06Z
2026-07-19T10:00:07Z,2026-07-19T12:00:07+0200,0122f339-e99c-4669-a7fd-e7d31a0b8b3d,2026-07-18T22:00:00Z,2026-07-19T00:00:00+0200,43500.0,MW,FR,FR,forecast_load,Forecasted Load,2026-07-19T10:02:06Z
2026-07-19T10:00:07Z,2026-07-19T12:00:07+0200,0122f339-e99c-4669-a7fd-e7d31a0b8b3d,2026-07-18T22:15:00Z,2026-07-19T00:15:00+0200,42650.0,MW,FR,FR,forecast_load,Forecasted Load,2026-07-19T10:02:06Z
2026-07-19T10:00:07Z,2026-07-19T12:00:07+0200,0122f339-e99c-4669-a7fd-e7d31a0b8b3d,2026-07-18T22:30:00Z,2026-07-19T00:30:00+0200,41800.0,MW,FR,FR,forecast_load,Forecasted Load,2026-07-19T10:02:06Z
2026-07-19T10:00:07Z,2026-07-19T12:00:07+0200,0122f339-e99c-4669-a7fd-e7d31a0b8b3d,2026-07-18T22:45:00Z,2026-07-19T00:45:00+0200,40800.0,MW,FR,FR,forecast_load,Forecasted Load,2026-07-19T10:02:06Z
2026-07-19T10:00:07Z,2026-07-19T12:00:07+0200,0122f339-e99c-4669-a7fd-e7d31a0b8b3d,2026-07-18T23:00:00Z,2026-07-19T01:00:00+0200,39800.0,MW,FR,FR,forecast_load,Forecasted Load,2026-07-19T10:02:06Z
2026-07-19T10:00:07Z,2026-07-19T12:00:07+0200,0122f339-e99c-4669-a7fd-e7d31a0b8b3d,2026-07-18T23:15:00Z,2026-07-19T01:15:00+0200,40150.0,MW,FR,FR,forecast_load,Forecasted Load,2026-07-19T10:02:06Z
2026-07-19T10:00:07Z,2026-07-19T12:00:07+0200,0122f339-e99c-4669-a7fd-e7d31a0b8b3d,2026-07-18T23:30:00Z,2026-07-19T01:30:00+0200,40500.0,MW,FR,FR,forecast_load,Forecasted Load,2026-07-19T10:02:06Z
2026-07-19T10:00:07Z,2026-07-19T12:00:07+0200,0122f339-e99c-4669-a7fd-e7d31a0b8b3d,2026-07-18T23:45:00Z,2026-07-19T01:45:00+0200,39800.0,MW,FR,FR,forecast_load,Forecasted Load,2026-07-19T10:02:06Z
2026-07-19T10:00:07Z,2026-07-19T12:00:07+0200,0122f339-e99c-4669-a7fd-e7d31a0b8b3d,2026-07-19T00:00:00Z,2026-07-19T02:00:00+0200,39100.0,MW,FR,FR,forecast_load,Forecasted Load,2026-07-19T10:02:06Z
2026-07-19T10:00:07Z,2026-07-19T12:00:07+0200,0122f339-e99c-4669-a7fd-e7d31a0b8b3d,2026-07-19T00:15:00Z,2026-07-19T02:15:00+0200,38300.0,MW,FR,FR,forecast_load,Forecasted Load,2026-07-19T10:02:06Z
2026-07-19T10:00:07Z,2026-07-19T12:00:07+0200,0122f339-e99c-4669-a7fd-e7d31a0b8b3d,2026-07-19T00:30:00Z,2026-07-19T02:30:00+0200,37500.0,MW,FR,FR,forecast_load,Forecasted Load,2026-07-19T10:02:06Z
2026-07-19T10:00:07Z,2026-07-19T12:00:07+0200,0122f339-e99c-4669-a7fd-e7d31a0b8b3d,2026-07-19T00:45:00Z,2026-07-19T02:45:00+0200,36900.0,MW,FR,FR,forecast_load,Forecasted Load,2026-07-19T10:02:06Z
2026-07-19T10:00:07Z,2026-07-19T12:00:07+0200,0122f339-e99c-4669-a7fd-e7d31a0b8b3d,2026-07-19T01:00:00Z,2026-07-19T03:00:00+0200,36300.0,MW,FR,FR,forecast_load,Forecasted Load,2026-07-19T10:02:06Z
2026-07-19T10:00:07Z,2026-07-19T12:00:07+0200,0122f339-e99c-4669-a7fd-e7d31a0b8b3d,2026-07-19T01:15:00Z,2026-07-19T03:15:00+0200,35800.0,MW,FR,FR,forecast_load,Forecasted Load,2026-07-19T10:02:06Z
2026-07-19T10:00:07Z,2026-07-19T12:00:07+0200,0122f339-e99c-4669-a7fd-e7d31a0b8b3d,2026-07-19T01:30:00Z,2026-07-19T03:30:00+0200,35300.0,MW,FR,FR,forecast_load,Forecasted Load,2026-07-19T10:02:06Z
2026-07-19T10:00:07Z,2026-07-19T12:00:07+0200,0122f339-e99c-4669-a7fd-e7d31a0b8b3d,2026-07-19T01:45:00Z,2026-07-19T03:45:00+0200,34850.0,MW,FR,FR,forecast_load,Forecasted Load,2026-07-19T10:02:06Z
2026-07-19T10:00:07Z,2026-07-19T12:00:07+0200,0122f339-e99c-4669-a7fd-e7d31a0b8b3d,2026-07-19T02:00:00Z,2026-07-19T04:00:00+0200,34400.0,MW,FR,FR,forecast_load,Forecasted Load,2026-07-19T10:02:06Z
2026-07-19T10:00:07Z,2026-07-19T12:00:07+0200,0122f339-e99c-4669-a7fd-e7d31a0b8b3d,2026-07-19T02:15:00Z,2026-07-19T04:15:00+0200,34150.0,MW,FR,FR,forecast_load,Forecasted Load,2026-07-19T10:02:06Z
2026-07-19T10:00:07Z,2026-07-19T12:00:07+0200,0122f339-e99c-4669-a7fd-e7d31a0b8b3d,2026-07-19T02:30:00Z,2026-07-19T04:30:00+0200,33900.0,MW,FR,FR,forecast_load,Forecasted Load,2026-07-19T10:02:06Z
2026-07-19T10:00:07Z,2026-07-19T12:00:07+0200,0122f339-e99c-4669-a7fd-e7d31a0b8b3d,2026-07-19T02:45:00Z,2026-07-19T04:45:00+0200,33700.0,MW,FR,FR,forecast_load,Forecasted Load,2026-07-19T10:02:06Z
2026-07-19T10:00:07Z,2026-07-19T12:00:07+0200,0122f339-e99c-4669-a7fd-e7d31a0b8b3d,2026-07-19T03:00:00Z,2026-07-19T05:00:00+0200,33500.0,MW,FR,FR,forecast_load,Forecasted Load,2026-07-19T10:02:06Z
2026-07-19T10:00:07Z,2026-07-19T12:00:07+0200,0122f339-e99c-4669-a7fd-e7d31a0b8b3d,2026-07-19T03:15:00Z,2026-07-19T05:15:00+0200,33500.0,MW,FR,FR,forecast_load,Forecasted Load,2026-07-19T10:02:06Z
2026-07-19T10:00:07Z,2026-07-19T12:00:07+0200,0122f339-e99c-4669-a7fd-e7d31a0b8b3d,2026-07-19T03:30:00Z,2026-07-19T05:30:00+0200,33500.0,MW,FR,FR,forecast_load,Forecasted Load,2026-07-19T10:02:06Z
2026-07-19T10:00:07Z,2026-07-19T12:00:07+0200,0122f339-e99c-4669-a7fd-e7d31a0b8b3d,2026-07-19T03:45:00Z,2026-07-19T05:45:00+0200,33400.0,MW,FR,FR,forecast_load,Forecasted Load,2026-07-19T10:02:06Z
2026-07-19T10:00:07Z,2026-07-19T12:00:07+0200,0122f339-e99c-4669-a7fd-e7d31a0b8b3d,2026-07-19T04:00:00Z,2026-07-19T06:00:00+0200,33300.0,MW,FR,FR,forecast_load,Forecasted Load,2026-07-19T10:02:06Z
2026-07-19T10:00:07Z,2026-07-19T12:00:07+0200,0122f339-e99c-4669-a7fd-e7d31a0b8b3d,2026-07-19T04:15:00Z,2026-07-19T06:15:00+0200,33300.0,MW,FR,FR,forecast_load,Forecasted Load,2026-07-19T10:02:06Z
2026-07-19T10:00:07Z,2026-07-19T12:00:07+0200,0122f339-e99c-4669-a7fd-e7d31a0b8b3d,2026-07-19T04:30:00Z,2026-07-19T06:30:00+0200,33300.0,MW,FR,FR,forecast_load,Forecasted Load,2026-07-19T10:02:06Z
2026-07-19T10:00:07Z,2026-07-19T12:00:07+0200,0122f339-e99c-4669-a7fd-e7d31a0b8b3d,2026-07-19T04:45:00Z,2026-07-19T06:45:00+0200,33300.0,MW,FR,FR,forecast_load,Forecasted Load,2026-07-19T10:02:06Z
2026-07-19T10:00:07Z,2026-07-19T12:00:07+0200,0122f339-e99c-4669-a7fd-e7d31a0b8b3d,2026-07-19T05:00:00Z,2026-07-19T07:00:00+0200,33300.0,MW,FR,FR,forecast_load,Forecasted Load,2026-07-19T10:02:06Z
2026-07-19T10:00:07Z,2026-07-19T12:00:07+0200,0122f339-e99c-4669-a7fd-e7d31a0b8b3d,2026-07-19T05:15:00Z,2026-07-19T07:15:00+0200,33500.0,MW,FR,FR,forecast_load,Forecasted Load,2026-07-19T10:02:06Z
2026-07-19T10:00:07Z,2026-07-19T12:00:07+0200,0122f339-e99c-4669-a7fd-e7d31a0b8b3d,2026-07-19T05:30:00Z,2026-07-19T07:30:00+0200,33700.0,MW,FR,FR,forecast_load,Forecasted Load,2026-07-19T10:02:06Z
2026-07-19T10:00:07Z,2026-07-19T12:00:07+0200,0122f339-e99c-4669-a7fd-e7d31a0b8b3d,2026-07-19T05:45:00Z,2026-07-19T07:45:00+0200,34100.0,MW,FR,FR,forecast_load,Forecasted Load,2026-07-19T10:02:06Z
2026-07-19T10:00:07Z,2026-07-19T12:00:07+0200,0122f339-e99c-4669-a7fd-e7d31a0b8b3d,2026-07-19T06:00:00Z,2026-07-19T08:00:00+0200,34500.0,MW,FR,FR,forecast_load,Forecasted Load,2026-07-19T10:02:06Z
2026-07-19T10:00:07Z,2026-07-19T12:00:07+0200,0122f339-e99c-4669-a7fd-e7d31a0b8b3d,2026-07-19T06:15:00Z,2026-07-19T08:15:00+0200,35050.0,MW,FR,FR,forecast_load,Forecasted Load,2026-07-19T10:02:06Z
2026-07-19T10:00:07Z,2026-07-19T12:00:07+0200,0122f339-e99c-4669-a7fd-e7d31a0b8b3d,2026-07-19T06:30:00Z,2026-07-19T08:30:00+0200,35600.0,MW,FR,FR,forecast_load,Forecasted Load,2026-07-19T10:02:06Z
2026-07-19T10:00:07Z,2026-07-19T12:00:07+0200,0122f339-e99c-4669-a7fd-e7d31a0b8b3d,2026-07-19T06:45:00Z,2026-07-19T08:45:00+0200,36200.0,MW,FR,FR,forecast_load,Forecasted Load,2026-07-19T10:02:06Z
2026-07-19T10:00:07Z,2026-07-19T12:00:07+0200,0122f339-e99c-4669-a7fd-e7d31a0b8b3d,2026-07-19T07:00:00Z,2026-07-19T09:00:00+0200,36800.0,MW,FR,FR,forecast_load,Forecasted Load,2026-07-19T10:02:06Z
2026-07-19T10:00:07Z,2026-07-19T12:00:07+0200,0122f339-e99c-4669-a7fd-e7d31a0b8b3d,2026-07-19T07:15:00Z,2026-07-19T09:15:00+0200,37450.0,MW,FR,FR,forecast_load,Forecasted Load,2026-07-19T10:02:06Z
2026-07-19T10:00:07Z,2026-07-19T12:00:07+0200,0122f339-e99c-4669-a7fd-e7d31a0b8b3d,2026-07-19T07:30:00Z,2026-07-19T09:30:00+0200,38100.0,MW,FR,FR,forecast_load,Forecasted Load,2026-07-19T10:02:06Z
2026-07-19T10:00:07Z,2026-07-19T12:00:07+0200,0122f339-e99c-4669-a7fd-e7d31a0b8b3d,2026-07-19T07:45:00Z,2026-07-19T09:45:00+0200,38500.0,MW,FR,FR,forecast_load,Forecasted Load,2026-07-19T10:02:06Z
2026-07-19T10:00:07Z,2026-07-19T12:00:07+0200,0122f339-e99c-4669-a7fd-e7d31a0b8b3d,2026-07-19T08:00:00Z,2026-07-19T10:00:00+0200,38900.0,MW,FR,FR,forecast_load,Forecasted Load,2026-07-19T10:02:06Z
2026-07-19T10:00:07Z,2026-07-19T12:00:07+0200,0122f339-e99c-4669-a7fd-e7d31a0b8b3d,2026-07-19T08:15:00Z,2026-07-19T10:15:00+0200,39500.0,MW,FR,FR,forecast_load,Forecasted Load,2026-07-19T10:02:06Z
2026-07-19T10:00:07Z,2026-07-19T12:00:07+0200,0122f339-e99c-4669-a7fd-e7d31a0b8b3d,2026-07-19T08:30:00Z,2026-07-19T10:30:00+0200,40100.0,MW,FR,FR,forecast_load,Forecasted Load,2026-07-19T10:02:06Z
2026-07-19T10:00:07Z,2026-07-19T12:00:07+0200,0122f339-e99c-4669-a7fd-e7d31a0b8b3d,2026-07-19T08:45:00Z,2026-07-19T10:45:00+0200,40500.0,MW,FR,FR,forecast_load,Forecasted Load,2026-07-19T10:02:06Z
2026-07-19T10:00:07Z,2026-07-19T12:00:07+0200,0122f339-e99c-4669-a7fd-e7d31a0b8b3d,2026-07-19T09:00:00Z,2026-07-19T11:00:00+0200,40900.0,MW,FR,FR,forecast_load,Forecasted Load,2026-07-19T10:02:06Z
2026-07-19T10:00:07Z,2026-07-19T12:00:07+0200,0122f339-e99c-4669-a7fd-e7d31a0b8b3d,2026-07-19T09:15:00Z,2026-07-19T11:15:00+0200,41200.0,MW,FR,FR,forecast_load,Forecasted Load,2026-07-19T10:02:06Z
2026-07-19T10:00:07Z,2026-07-19T12:00:07+0200,0122f339-e99c-4669-a7fd-e7d31a0b8b3d,2026-07-19T09:30:00Z,2026-07-19T11:30:00+0200,41500.0,MW,FR,FR,forecast_load,Forecasted Load,2026-07-19T10:02:06Z
2026-07-19T10:00:07Z,2026-07-19T12:00:07+0200,0122f339-e99c-4669-a7fd-e7d31a0b8b3d,2026-07-19T09:45:00Z,2026-07-19T11:45:00+0200,42400.0,MW,FR,FR,forecast_load,Forecasted Load,2026-07-19T10:02:06Z
