collection_time_utc,collection_time_local,run_id,timestamp_utc,timestamp_local,value,unit,country,entsoe_area,variable,source,updated_at_utc
2026-07-28T15:51:12Z,2026-07-28T17:51:12+0200,7f736f6c-1b19-41ae-a117-2d42eccec7d0,2026-06-27T16:00:00Z,2026-06-27T18:00:00+0200,1687.955,MW,DK2,DK_2,actual_load,Actual Load,2026-07-28T15:54:14Z
2026-07-28T15:51:12Z,2026-07-28T17:51:12+0200,7f736f6c-1b19-41ae-a117-2d42eccec7d0,2026-06-27T17:00:00Z,2026-06-27T19:00:00+0200,1592.71,MW,DK2,DK_2,actual_load,Actual Load,2026-07-28T15:54:14Z
2026-07-28T15:51:12Z,2026-07-28T17:51:12+0200,7f736f6c-1b19-41ae-a117-2d42eccec7d0,2026-06-27T18:00:00Z,2026-06-27T20:00:00+0200,1473.6175,MW,DK2,DK_2,actual_load,Actual Load,2026-07-28T15:54:14Z
2026-07-28T15:51:12Z,2026-07-28T17:51:12+0200,7f736f6c-1b19-41ae-a117-2d42eccec7d0,2026-06-27T19:00:00Z,2026-06-27T21:00:00+0200,1408.2575,MW,DK2,DK_2,actual_load,Actual Load,2026-07-28T15:54:14Z
2026-07-28T15:51:12Z,2026-07-28T17:51:12+0200,7f736f6c-1b19-41ae-a117-2d42eccec7d0,2026-06-27T20:00:00Z,2026-06-27T22:00:00+0200,1465.5275,MW,DK2,DK_2,actual_load,Actual Load,2026-07-28T15:54:14Z
2026-07-28T15:51:12Z,2026-07-28T17:51:12+0200,7f736f6c-1b19-41ae-a117-2d42eccec7d0,2026-06-27T21:00:00Z,2026-06-27T23:00:00+0200,1383.865,MW,DK2,DK_2,actual_load,Actual Load,2026-07-28T15:54:14Z
2026-07-28T15:51:12Z,2026-07-28T17:51:12+0200,7f736f6c-1b19-41ae-a117-2d42eccec7d0,2026-06-27T22:00:00Z,2026-06-28T00:00:00+0200,1295.1525,MW,DK2,DK_2,actual_load,Actual Load,2026-07-28T15:54:14Z
2026-07-28T15:51:12Z,2026-07-28T17:51:12+0200,7f736f6c-1b19-41ae-a117-2d42eccec7d0,2026-06-27T23:00:00Z,2026-06-28T01:00:00+0200,1308.2625,MW,DK2,DK_2,actual_load,Actual Load,2026-07-28T15:54:14Z
2026-07-28T15:51:12Z,2026-07-28T17:51:12+0200,7f736f6c-1b19-41ae-a117-2d42eccec7d0,2026-06-28T00:00:00Z,2026-06-28T02:00:00+0200,1213.205,MW,DK2,DK_2,actual_load,Actual Load,2026-07-28T15:54:14Z
2026-07-28T15:51:12Z,2026-07-28T17:51:12+0200,7f736f6c-1b19-41ae-a117-2d42eccec7d0,2026-06-28T01:00:00Z,2026-06-28T03:00:00+0200,1303.265,MW,DK2,DK_2,actual_load,Actual Load,2026-07-28T15:54:14Z
2026-07-28T15:51:12Z,2026-07-28T17:51:12+0200,7f736f6c-1b19-41ae-a117-2d42eccec7d0,2026-06-28T02:00:00Z,2026-06-28T04:00:00+0200,1215.8425,MW,DK2,DK_2,actual_load,Actual Load,2026-07-28T15:54:14Z
2026-07-28T15:51:12Z,2026-07-28T17:51:12+0200,7f736f6c-1b19-41ae-a117-2d42eccec7d0,2026-06-28T03:00:00Z,2026-06-28T05:00:00+0200,1231.22,MW,DK2,DK_2,actual_load,Actual Load,2026-07-28T15:54:14Z
2026-07-28T15:51:12Z,2026-07-28T17:51:12+0200,7f736f6c-1b19-41ae-a117-2d42eccec7d0,2026-06-28T04:00:00Z,2026-06-28T06:00:00+0200,1262.25,MW,DK2,DK_2,actual_load,Actual Load,2026-07-28T15:54:14Z
2026-07-28T15:51:12Z,2026-07-28T17:51:12+0200,7f736f6c-1b19-41ae-a117-2d42eccec7d0,2026-06-28T05:00:00Z,2026-06-28T07:00:00+0200,1322.1375,MW,DK2,DK_2,actual_load,Actual Load,2026-07-28T15:54:14Z
2026-07-28T15:51:12Z,2026-07-28T17:51:12+0200,7f736f6c-1b19-41ae-a117-2d42eccec7d0,2026-06-28T06:00:00Z,2026-06-28T08:00:00+0200,1437.17,MW,DK2,DK_2,actual_load,Actual Load,2026-07-28T15:54:14Z
2026-07-28T15:51:12Z,2026-07-28T17:51:12+0200,7f736f6c-1b19-41ae-a117-2d42eccec7d0,2026-06-28T07:00:00Z,2026-06-28T09:00:00+0200,1536.5225,MW,DK2,DK_2,actual_load,Actual Load,2026-07-28T15:54:14Z
2026-07-28T15:51:12Z,2026-07-28T17:51:12+0200,7f736f6c-1b19-41ae-a117-2d42eccec7d0,2026-06-28T08:00:00Z,2026-06-28T10:00:00+0200,1686.145,MW,DK2,DK_2,actual_load,Actual Load,2026-07-28T15:54:14Z
2026-07-28T15:51:12Z,2026-07-28T17:51:12+0200,7f736f6c-1b19-41ae-a117-2d42eccec7d0,2026-06-28T09:00:00Z,2026-06-28T11:00:00+0200,1817.07,MW,DK2,DK_2,actual_load,Actual Load,2026-07-28T15:54:14Z
2026-07-28T15:51:12Z,2026-07-28T17:51:12+0200,7f736f6c-1b19-41ae-a117-2d42eccec7d0,2026-06-28T10:00:00Z,2026-06-28T12:00:00+0200,1905.8575,MW,DK2,DK_2,actual_load,Actual Load,2026-07-28T15:54:14Z
2026-07-28T15:51:12Z,2026-07-28T17:51:12+0200,7f736f6c-1b19-41ae-a117-2d42eccec7d0,2026-06-28T11:00:00Z,2026-06-28T13:00:00+0200,1951.865,MW,DK2,DK_2,actual_load,Actual Load,2026-07-28T15:54:14Z
2026-07-28T15:51:12Z,2026-07-28T17:51:12+0200,7f736f6c-1b19-41ae-a117-2d42eccec7d0,2026-06-28T12:00:00Z,2026-06-28T14:00:00+0200,1826.0,MW,DK2,DK_2,actual_load,Actual Load,2026-07-28T15:54:14Z
2026-07-28T15:51:12Z,2026-07-28T17:51:12+0200,7f736f6c-1b19-41ae-a117-2d42eccec7d0,2026-06-28T13:00:00Z,2026-06-28T15:00:00+0200,1802.1975,MW,DK2,DK_2,actual_load,Actual Load,2026-07-28T15:54:14Z
2026-07-28T15:51:12Z,2026-07-28T17:51:12+0200,7f736f6c-1b19-41ae-a117-2d42eccec7d0,2026-06-28T14:00:00Z,2026-06-28T16:00:00+0200,1790.345,MW,DK2,DK_2,actual_load,Actual Load,2026-07-28T15:54:14Z
2026-07-28T15:51:12Z,2026-07-28T17:51:12+0200,7f736f6c-1b19-41ae-a117-2d42eccec7d0,2026-06-28T15:00:00Z,2026-06-28T17:00:00+0200,1738.36,MW,DK2,DK_2,actual_load,Actual Load,2026-07-28T15:54:14Z
2026-07-28T15:51:12Z,2026-07-28T17:51:12+0200,7f736f6c-1b19-41ae-a117-2d42eccec7d0,2026-06-28T16:00:00Z,2026-06-28T18:00:00+0200,1706.95,MW,DK2,DK_2,actual_load,Actual Load,2026-07-28T15:54:14Z
2026-07-28T15:51:12Z,2026-07-28T17:51:12+0200,7f736f6c-1b19-41ae-a117-2d42eccec7d0,2026-06-28T17:00:00Z,2026-06-28T19:00:00+0200,1638.8175,MW,DK2,DK_2,actual_load,Actual Load,2026-07-28T15:54:14Z
2026-07-28T15:51:12Z,2026-07-28T17:51:12+0200,7f736f6c-1b19-41ae-a117-2d42eccec7d0,2026-06-28T18:00:00Z,2026-06-28T20:00:00+0200,1603.515,MW,DK2,DK_2,actual_load,Actual Load,2026-07-28T15:54:14Z
2026-07-28T15:51:12Z,2026-07-28T17:51:12+0200,7f736f6c-1b19-41ae-a117-2d42eccec7d0,2026-06-28T19:00:00Z,2026-06-28T21:00:00+0200,1524.2475,MW,DK2,DK_2,actual_load,Actual Load,2026-07-28T15:54:14Z
2026-07-28T15:51:12Z,2026-07-28T17:51:12+0200,7f736f6c-1b19-41ae-a117-2d42eccec7d0,2026-06-28T20:00:00Z,2026-06-28T22:00:00+0200,1493.785,MW,DK2,DK_2,actual_load,Actual Load,2026-07-28T15:54:14Z
2026-07-28T15:51:12Z,2026-07-28T17:51:12+0200,7f736f6c-1b19-41ae-a117-2d42eccec7d0,2026-06-28T21:00:00Z,2026-06-28T23:00:00+0200,1382.785,MW,DK2,DK_2,actual_load,Actual Load,2026-07-28T15:54:14Z
2026-07-28T15:51:12Z,2026-07-28T17:51:12+0200,7f736f6c-1b19-41ae-a117-2d42eccec7d0,2026-06-28T22:00:00Z,2026-06-29T00:00:00+0200,1358.79,MW,DK2,DK_2,actual_load,Actual Load,2026-07-28T15:54:14Z
2026-07-28T15:51:12Z,2026-07-28T17:51:12+0200,7f736f6c-1b19-41ae-a117-2d42eccec7d0,2026-06-28T23:00:00Z,2026-06-29T01:00:00+0200,1361.9325,MW,DK2,DK_2,actual_load,Actual Load,2026-07-28T15:54:14Z
2026-07-28T15:51:12Z,2026-07-28T17:51:12+0200,7f736f6c-1b19-41ae-a117-2d42eccec7d0,2026-06-29T00:00:00Z,2026-06-29T02:00:00+0200,1294.4225,MW,DK2,DK_2,actual_load,Actual Load,2026-07-28T15:54:14Z
2026-07-28T15:51:12Z,2026-07-28T17:51:12+0200,7f736f6c-1b19-41ae-a117-2d42eccec7d0,2026-06-29T01:00:00Z,2026-06-29T03:00:00+0200,1289.9975,MW,DK2,DK_2,actual_load,Actual Load,2026-07-28T15:54:14Z
2026-07-28T15:51:12Z,2026-07-28T17:51:12+0200,7f736f6c-1b19-41ae-a117-2d42eccec7d0,2026-06-29T02:00:00Z,2026-06-29T04:00:00+0200,1196.7325,MW,DK2,DK_2,actual_load,Actual Load,2026-07-28T15:54:14Z
2026-07-28T15:51:12Z,2026-07-28T17:51:12+0200,7f736f6c-1b19-41ae-a117-2d42eccec7d0,2026-06-29T03:00:00Z,2026-06-29T05:00:00+0200,1201.455,MW,DK2,DK_2,actual_load,Actual Load,2026-07-28T15:54:14Z
2026-07-28T15:51:12Z,2026-07-28T17:51:12+0200,7f736f6c-1b19-41ae-a117-2d42eccec7d0,2026-06-29T04:00:00Z,2026-06-29T06:00:00+0200,1396.3825,MW,DK2,DK_2,actual_load,Actual Load,2026-07-28T15:54:14Z
2026-07-28T15:51:12Z,2026-07-28T17:51:12+0200,7f736f6c-1b19-41ae-a117-2d42eccec7d0,2026-06-29T05:00:00Z,2026-06-29T07:00:00+0200,1626.8375,MW,DK2,DK_2,actual_load,Actual Load,2026-07-28T15:54:14Z
2026-07-28T15:51:12Z,2026-07-28T17:51:12+0200,7f736f6c-1b19-41ae-a117-2d42eccec7d0,2026-06-29T06:00:00Z,2026-06-29T08:00:00+0200,1742.89,MW,DK2,DK_2,actual_load,Actual Load,2026-07-28T15:54:14Z
2026-07-28T15:51:12Z,2026-07-28T17:51:12+0200,7f736f6c-1b19-41ae-a117-2d42eccec7d0,2026-06-29T07:00:00Z,2026-06-29T09:00:00+0200,1882.26,MW,DK2,DK_2,actual_load,Actual Load,2026-07-28T15:54:14Z
2026-07-28T15:51:12Z,2026-07-28T17:51:12+0200,7f736f6c-1b19-41ae-a117-2d42eccec7d0,2026-06-29T08:00:00Z,2026-06-29T10:00:00+0200,1928.0575,MW,DK2,DK_2,actual_load,Actual Load,2026-07-28T15:54:14Z
2026-07-28T15:51:12Z,2026-07-28T17:51:12+0200,7f736f6c-1b19-41ae-a117-2d42eccec7d0,2026-06-29T09:00:00Z,2026-06-29T11:00:00+0200,1973.5975,MW,DK2,DK_2,actual_load,Actual Load,2026-07-28T15:54:14Z
2026-07-28T15:51:12Z,2026-07-28T17:51:12+0200,7f736f6c-1b19-41ae-a117-2d42eccec7d0,2026-06-29T10:00:00Z,2026-06-29T12:00:00+0200,1931.4425,MW,DK2,DK_2,actual_load,Actual Load,2026-07-28T15:54:14Z
2026-07-28T15:51:12Z,2026-07-28T17:51:12+0200,7f736f6c-1b19-41ae-a117-2d42eccec7d0,2026-06-29T11:00:00Z,2026-06-29T13:00:00+0200,2016.61,MW,DK2,DK_2,actual_load,Actual Load,2026-07-28T15:54:14Z
2026-07-28T15:51:12Z,2026-07-28T17:51:12+0200,7f736f6c-1b19-41ae-a117-2d42eccec7d0,2026-06-29T12:00:00Z,2026-06-29T14:00:00+0200,1978.585,MW,DK2,DK_2,actual_load,Actual Load,2026-07-28T15:54:14Z
2026-07-28T15:51:12Z,2026-07-28T17:51:12+0200,7f736f6c-1b19-41ae-a117-2d42eccec7d0,2026-06-29T13:00:00Z,2026-06-29T15:00:00+0200,1903.1575,MW,DK2,DK_2,actual_load,Actual Load,2026-07-28T15:54:14Z
2026-07-28T15:51:12Z,2026-07-28T17:51:12+0200,7f736f6c-1b19-41ae-a117-2d42eccec7d0,2026-06-29T14:00:00Z,2026-06-29T16:00:00+0200,1917.7025,MW,DK2,DK_2,actual_load,Actual Load,2026-07-28T15:54:14Z
2026-07-28T15:51:12Z,2026-07-28T17:51:12+0200,7f736f6c-1b19-41ae-a117-2d42eccec7d0,2026-06-29T15:00:00Z,2026-06-29T17:00:00+0200,1943.09,MW,DK2,DK_2,actual_load,Actual Load,2026-07-28T15:54:14Z
2026-07-28T15:51:12Z,2026-07-28T17:51:12+0200,7f736f6c-1b19-41ae-a117-2d42eccec7d0,2026-06-29T16:00:00Z,2026-06-29T18:00:00+0200,1861.8225,MW,DK2,DK_2,actual_load,Actual Load,2026-07-28T15:54:14Z
2026-07-28T15:51:12Z,2026-07-28T17:51:12+0200,7f736f6c-1b19-41ae-a117-2d42eccec7d0,2026-06-29T17:00:00Z,2026-06-29T19:00:00+0200,1730.365,MW,DK2,DK_2,actual_load,Actual Load,2026-07-28T15:54:14Z
2026-07-28T15:51:12Z,2026-07-28T17:51:12+0200,7f736f6c-1b19-41ae-a117-2d42eccec7d0,2026-06-29T18:00:00Z,2026-06-29T20:00:00+0200,1590.6125,MW,DK2,DK_2,actual_load,Actual Load,2026-07-28T15:54:14Z
2026-07-28T15:51:12Z,2026-07-28T17:51:12+0200,7f736f6c-1b19-41ae-a117-2d42eccec7d0,2026-06-29T19:00:00Z,2026-06-29T21:00:00+0200,1461.09,MW,DK2,DK_2,actual_load,Actual Load,2026-07-28T15:54:14Z
2026-07-28T15:51:12Z,2026-07-28T17:51:12+0200,7f736f6c-1b19-41ae-a117-2d42eccec7d0,2026-06-29T20:00:00Z,2026-06-29T22:00:00+0200,1401.04,MW,DK2,DK_2,actual_load,Actual Load,2026-07-28T15:54:14Z
2026-07-28T15:51:12Z,2026-07-28T17:51:12+0200,7f736f6c-1b19-41ae-a117-2d42eccec7d0,2026-06-29T21:00:00Z,2026-06-29T23:00:00+0200,1331.455,MW,DK2,DK_2,actual_load,Actual Load,2026-07-28T15:54:14Z
2026-07-28T15:51:12Z,2026-07-28T17:51:12+0200,7f736f6c-1b19-41ae-a117-2d42eccec7d0,2026-06-29T22:00:00Z,2026-06-30T00:00:00+0200,1349.29,MW,DK2,DK_2,actual_load,Actual Load,2026-07-28T15:54:14Z
2026-07-28T15:51:12Z,2026-07-28T17:51:12+0200,7f736f6c-1b19-41ae-a117-2d42eccec7d0,2026-06-29T23:00:00Z,2026-06-30T01:00:00+0200,1346.64,MW,DK2,DK_2,actual_load,Actual Load,2026-07-28T15:54:14Z
2026-07-28T15:51:12Z,2026-07-28T17:51:12+0200,7f736f6c-1b19-41ae-a117-2d42eccec7d0,2026-06-30T00:00:00Z,2026-06-30T02:00:00+0200,1319.6175,MW,DK2,DK_2,actual_load,Actual Load,2026-07-28T15:54:14Z
2026-07-28T15:51:12Z,2026-07-28T17:51:12+0200,7f736f6c-1b19-41ae-a117-2d42eccec7d0,2026-06-30T01:00:00Z,2026-06-30T03:00:00+0200,1279.5725,MW,DK2,DK_2,actual_load,Actual Load,2026-07-28T15:54:14Z
2026-07-28T15:51:12Z,2026-07-28T17:51:12+0200,7f736f6c-1b19-41ae-a117-2d42eccec7d0,2026-06-30T02:00:00Z,2026-06-30T04:00:00+0200,1207.7075,MW,DK2,DK_2,actual_load,Actual Load,2026-07-28T15:54:14Z
2026-07-28T15:51:12Z,2026-07-28T17:51:12+0200,7f736f6c-1b19-41ae-a117-2d42eccec7d0,2026-06-30T03:00:00Z,2026-06-30T05:00:00+0200,1203.49,MW,DK2,DK_2,actual_load,Actual Load,2026-07-28T15:54:14Z
2026-07-28T15:51:12Z,2026-07-28T17:51:12+0200,7f736f6c-1b19-41ae-a117-2d42eccec7d0,2026-06-30T04:00:00Z,2026-06-30T06:00:00+0200,1331.4775,MW,DK2,DK_2,actual_load,Actual Load,2026-07-28T15:54:14Z
2026-07-28T15:51:12Z,2026-07-28T17:51:12+0200,7f736f6c-1b19-41ae-a117-2d42eccec7d0,2026-06-30T05:00:00Z,2026-06-30T07:00:00+0200,1599.2725,MW,DK2,DK_2,actual_load,Actual Load,2026-07-28T15:54:14Z
2026-07-28T15:51:12Z,2026-07-28T17:51:12+0200,7f736f6c-1b19-41ae-a117-2d42eccec7d0,2026-06-30T06:00:00Z,2026-06-30T08:00:00+0200,1732.8475,MW,DK2,DK_2,actual_load,Actual Load,2026-07-28T15:54:14Z
2026-07-28T15:51:12Z,2026-07-28T17:51:12+0200,7f736f6c-1b19-41ae-a117-2d42eccec7d0,2026-06-30T07:00:00Z,2026-06-30T09:00:00+0200,1814.5675,MW,DK2,DK_2,actual_load,Actual Load,2026-07-28T15:54:14Z
2026-07-28T15:51:12Z,2026-07-28T17:51:12+0200,7f736f6c-1b19-41ae-a117-2d42eccec7d0,2026-06-30T08:00:00Z,2026-06-30T10:00:00+0200,1850.655,MW,DK2,DK_2,actual_load,Actual Load,2026-07-28T15:54:14Z
2026-07-28T15:51:12Z,2026-07-28T17:51:12+0200,7f736f6c-1b19-41ae-a117-2d42eccec7d0,2026-06-30T09:00:00Z,2026-06-30T11:00:00+0200,1932.545,MW,DK2,DK_2,actual_load,Actual Load,2026-07-28T15:54:14Z
2026-07-28T15:51:12Z,2026-07-28T17:51:12+0200,7f736f6c-1b19-41ae-a117-2d42eccec7d0,2026-06-30T10:00:00Z,2026-06-30T12:00:00+0200,1945.165,MW,DK2,DK_2,actual_load,Actual Load,2026-07-28T15:54:14Z
2026-07-28T15:51:12Z,2026-07-28T17:51:12+0200,7f736f6c-1b19-41ae-a117-2d42eccec7d0,2026-06-30T11:00:00Z,2026-06-30T13:00:00+0200,1903.3225,MW,DK2,DK_2,actual_load,Actual Load,2026-07-28T15:54:14Z
2026-07-28T15:51:12Z,2026-07-28T17:51:12+0200,7f736f6c-1b19-41ae-a117-2d42eccec7d0,2026-06-30T12:00:00Z,2026-06-30T14:00:00+0200,1873.5,MW,DK2,DK_2,actual_load,Actual Load,2026-07-28T15:54:14Z
2026-07-28T15:51:12Z,2026-07-28T17:51:12+0200,7f736f6c-1b19-41ae-a117-2d42eccec7d0,2026-06-30T13:00:00Z,2026-06-30T15:00:00+0200,1825.8925,MW,DK2,DK_2,actual_load,Actual Load,2026-07-28T15:54:14Z
2026-07-28T15:51:12Z,2026-07-28T17:51:12+0200,7f736f6c-1b19-41ae-a117-2d42eccec7d0,2026-06-30T14:00:00Z,2026-06-30T16:00:00+0200,1788.42,MW,DK2,DK_2,actual_load,Actual Load,2026-07-28T15:54:14Z
2026-07-28T15:51:12Z,2026-07-28T17:51:12+0200,7f736f6c-1b19-41ae-a117-2d42eccec7d0,2026-06-30T15:00:00Z,2026-06-30T17:00:00+0200,1797.48,MW,DK2,DK_2,actual_load,Actual Load,2026-07-28T15:54:14Z
2026-07-28T15:51:12Z,2026-07-28T17:51:12+0200,7f736f6c-1b19-41ae-a117-2d42eccec7d0,2026-06-30T16:00:00Z,2026-06-30T18:00:00+0200,1774.6025,MW,DK2,DK_2,actual_load,Actual Load,2026-07-28T15:54:14Z
2026-07-28T15:51:12Z,2026-07-28T17:51:12+0200,7f736f6c-1b19-41ae-a117-2d42eccec7d0,2026-06-30T17:00:00Z,2026-06-30T19:00:00+0200,1725.9625,MW,DK2,DK_2,actual_load,Actual Load,2026-07-28T15:54:14Z
2026-07-28T15:51:12Z,2026-07-28T17:51:12+0200,7f736f6c-1b19-41ae-a117-2d42eccec7d0,2026-06-30T18:00:00Z,2026-06-30T20:00:00+0200,1602.3225,MW,DK2,DK_2,actual_load,Actual Load,2026-07-28T15:54:14Z
2026-07-28T15:51:12Z,2026-07-28T17:51:12+0200,7f736f6c-1b19-41ae-a117-2d42eccec7d0,2026-06-30T19:00:00Z,2026-06-30T21:00:00+0200,1487.6375,MW,DK2,DK_2,actual_load,Actual Load,2026-07-28T15:54:14Z
2026-07-28T15:51:12Z,2026-07-28T17:51:12+0200,7f736f6c-1b19-41ae-a117-2d42eccec7d0,2026-06-30T20:00:00Z,2026-06-30T22:00:00+0200,1428.2725,MW,DK2,DK_2,actual_load,Actual Load,2026-07-28T15:54:14Z
2026-07-28T15:51:12Z,2026-07-28T17:51:12+0200,7f736f6c-1b19-41ae-a117-2d42eccec7d0,2026-06-30T21:00:00Z,2026-06-30T23:00:00+0200,1397.06,MW,DK2,DK_2,actual_load,Actual Load,2026-07-28T15:54:14Z
2026-07-28T15:51:12Z,2026-07-28T17:51:12+0200,7f736f6c-1b19-41ae-a117-2d42eccec7d0,2026-06-30T22:00:00Z,2026-07-01T00:00:00+0200,1362.0525,MW,DK2,DK_2,actual_load,Actual Load,2026-07-28T15:54:14Z
2026-07-28T15:51:12Z,2026-07-28T17:51:12+0200,7f736f6c-1b19-41ae-a117-2d42eccec7d0,2026-06-30T23:00:00Z,2026-07-01T01:00:00+0200,1350.315,MW,DK2,DK_2,actual_load,Actual Load,2026-07-28T15:54:14Z
2026-07-28T15:51:12Z,2026-07-28T17:51:12+0200,7f736f6c-1b19-41ae-a117-2d42eccec7d0,2026-07-01T00:00:00Z,2026-07-01T02:00:00+0200,1328.0875,MW,DK2,DK_2,actual_load,Actual Load,2026-07-28T15:54:14Z
2026-07-28T15:51:12Z,2026-07-28T17:51:12+0200,7f736f6c-1b19-41ae-a117-2d42eccec7d0,2026-07-01T01:00:00Z,2026-07-01T03:00:00+0200,1258.07,MW,DK2,DK_2,actual_load,Actual Load,2026-07-28T15:54:14Z
2026-07-28T15:51:12Z,2026-07-28T17:51:12+0200,7f736f6c-1b19-41ae-a117-2d42eccec7d0,2026-07-01T02:00:00Z,2026-07-01T04:00:00+0200,1200.9675,MW,DK2,DK_2,actual_load,Actual Load,2026-07-28T15:54:14Z
2026-07-28T15:51:12Z,2026-07-28T17:51:12+0200,7f736f6c-1b19-41ae-a117-2d42eccec7d0,2026-07-01T03:00:00Z,2026-07-01T05:00:00+0200,1204.845,MW,DK2,DK_2,actual_load,Actual Load,2026-07-28T15:54:14Z
2026-07-28T15:51:12Z,2026-07-28T17:51:12+0200,7f736f6c-1b19-41ae-a117-2d42eccec7d0,2026-07-01T04:00:00Z,2026-07-01T06:00:00+0200,1369.655,MW,DK2,DK_2,actual_load,Actual Load,2026-07-28T15:54:14Z
2026-07-28T15:51:12Z,2026-07-28T17:51:12+0200,7f736f6c-1b19-41ae-a117-2d42eccec7d0,2026-07-01T05:00:00Z,2026-07-01T07:00:00+0200,1593.685,MW,DK2,DK_2,actual_load,Actual Load,2026-07-28T15:54:14Z
2026-07-28T15:51:12Z,2026-07-28T17:51:12+0200,7f736f6c-1b19-41ae-a117-2d42eccec7d0,2026-07-01T06:00:00Z,2026-07-01T08:00:00+0200,1735.8175,MW,DK2,DK_2,actual_load,Actual Load,2026-07-28T15:54:14Z
2026-07-28T15:51:12Z,2026-07-28T17:51:12+0200,7f736f6c-1b19-41ae-a117-2d42eccec7d0,2026-07-01T07:00:00Z,2026-07-01T09:00:00+0200,1821.6775,MW,DK2,DK_2,actual_load,Actual Load,2026-07-28T15:54:14Z
2026-07-28T15:51:12Z,2026-07-28T17:51:12+0200,7f736f6c-1b19-41ae-a117-2d42eccec7d0,2026-07-01T08:00:00Z,2026-07-01T10:00:00+0200,1847.22,MW,DK2,DK_2,actual_load,Actual Load,2026-07-28T15:54:14Z
2026-07-28T15:51:12Z,2026-07-28T17:51:12+0200,7f736f6c-1b19-41ae-a117-2d42eccec7d0,2026-07-01T09:00:00Z,2026-07-01T11:00:00+0200,1839.32,MW,DK2,DK_2,actual_load,Actual Load,2026-07-28T15:54:14Z
2026-07-28T15:51:12Z,2026-07-28T17:51:12+0200,7f736f6c-1b19-41ae-a117-2d42eccec7d0,2026-07-01T10:00:00Z,2026-07-01T12:00:00+0200,1833.0325,MW,DK2,DK_2,actual_load,Actual Load,2026-07-28T15:54:14Z
2026-07-28T15:51:12Z,2026-07-28T17:51:12+0200,7f736f6c-1b19-41ae-a117-2d42eccec7d0,2026-07-01T11:00:00Z,2026-07-01T13:00:00+0200,1823.7025,MW,DK2,DK_2,actual_load,Actual Load,2026-07-28T15:54:14Z
2026-07-28T15:51:12Z,2026-07-28T17:51:12+0200,7f736f6c-1b19-41ae-a117-2d42eccec7d0,2026-07-01T12:00:00Z,2026-07-01T14:00:00+0200,1799.415,MW,DK2,DK_2,actual_load,Actual Load,2026-07-28T15:54:14Z
2026-07-28T15:51:12Z,2026-07-28T17:51:12+0200,7f736f6c-1b19-41ae-a117-2d42eccec7d0,2026-07-01T13:00:00Z,2026-07-01T15:00:00+0200,1832.0025,MW,DK2,DK_2,actual_load,Actual Load,2026-07-28T15:54:14Z
2026-07-28T15:51:12Z,2026-07-28T17:51:12+0200,7f736f6c-1b19-41ae-a117-2d42eccec7d0,2026-07-01T14:00:00Z,2026-07-01T16:00:00+0200,1830.1425,MW,DK2,DK_2,actual_load,Actual Load,2026-07-28T15:54:14Z
2026-07-28T15:51:12Z,2026-07-28T17:51:12+0200,7f736f6c-1b19-41ae-a117-2d42eccec7d0,2026-07-01T15:00:00Z,2026-07-01T17:00:00+0200,1814.4025,MW,DK2,DK_2,actual_load,Actual Load,2026-07-28T15:54:14Z
2026-07-28T15:51:12Z,2026-07-28T17:51:12+0200,7f736f6c-1b19-41ae-a117-2d42eccec7d0,2026-07-01T16:00:00Z,2026-07-01T18:00:00+0200,1796.3675,MW,DK2,DK_2,actual_load,Actual Load,2026-07-28T15:54:14Z
2026-07-28T15:51:12Z,2026-07-28T17:51:12+0200,7f736f6c-1b19-41ae-a117-2d42eccec7d0,2026-07-01T17:00:00Z,2026-07-01T19:00:00+0200,1708.195,MW,DK2,DK_2,actual_load,Actual Load,2026-07-28T15:54:14Z
2026-07-28T15:51:12Z,2026-07-28T17:51:12+0200,7f736f6c-1b19-41ae-a117-2d42eccec7d0,2026-07-01T18:00:00Z,2026-07-01T20:00:00+0200,1604.05,MW,DK2,DK_2,actual_load,Actual Load,2026-07-28T15:54:14Z
2026-07-28T15:51:12Z,2026-07-28T17:51:12+0200,7f736f6c-1b19-41ae-a117-2d42eccec7d0,2026-07-01T19:00:00Z,2026-07-01T21:00:00+0200,1445.105,MW,DK2,DK_2,actual_load,Actual Load,2026-07-28T15:54:14Z
2026-07-28T15:51:12Z,2026-07-28T17:51:12+0200,7f736f6c-1b19-41ae-a117-2d42eccec7d0,2026-07-01T20:00:00Z,2026-07-01T22:00:00+0200,1420.045,MW,DK2,DK_2,actual_load,Actual Load,2026-07-28T15:54:14Z
2026-07-28T15:51:12Z,2026-07-28T17:51:12+0200,7f736f6c-1b19-41ae-a117-2d42eccec7d0,2026-07-01T21:00:00Z,2026-07-01T23:00:00+0200,1322.3775,MW,DK2,DK_2,actual_load,Actual Load,2026-07-28T15:54:14Z
2026-07-28T15:51:12Z,2026-07-28T17:51:12+0200,7f736f6c-1b19-41ae-a117-2d42eccec7d0,2026-07-01T22:00:00Z,2026-07-02T00:00:00+0200,1309.6775,MW,DK2,DK_2,actual_load,Actual Load,2026-07-28T15:54:14Z
2026-07-28T15:51:12Z,2026-07-28T17:51:12+0200,7f736f6c-1b19-41ae-a117-2d42eccec7d0,2026-07-01T23:00:00Z,2026-07-02T01:00:00+0200,1273.86,MW,DK2,DK_2,actual_load,Actual Load,2026-07-28T15:54:14Z
2026-07-28T15:51:12Z,2026-07-28T17:51:12+0200,7f736f6c-1b19-41ae-a117-2d42eccec7d0,2026-07-02T00:00:00Z,2026-07-02T02:00:00+0200,1226.715,MW,DK2,DK_2,actual_load,Actual Load,2026-07-28T15:54:14Z
2026-07-28T15:51:12Z,2026-07-28T17:51:12+0200,7f736f6c-1b19-41ae-a117-2d42eccec7d0,2026-07-02T01:00:00Z,2026-07-02T03:00:00+0200,1189.8375,MW,DK2,DK_2,actual_load,Actual Load,2026-07-28T15:54:14Z
2026-07-28T15:51:12Z,2026-07-28T17:51:12+0200,7f736f6c-1b19-41ae-a117-2d42eccec7d0,2026-07-02T02:00:00Z,2026-07-02T04:00:00+0200,1174.3625,MW,DK2,DK_2,actual_load,Actual Load,2026-07-28T15:54:14Z
2026-07-28T15:51:12Z,2026-07-28T17:51:12+0200,7f736f6c-1b19-41ae-a117-2d42eccec7d0,2026-07-02T03:00:00Z,2026-07-02T05:00:00+0200,1268.7325,MW,DK2,DK_2,actual_load,Actual Load,2026-07-28T15:54:14Z
2026-07-28T15:51:12Z,2026-07-28T17:51:12+0200,7f736f6c-1b19-41ae-a117-2d42eccec7d0,2026-07-02T04:00:00Z,2026-07-02T06:00:00+0200,1391.13,MW,DK2,DK_2,actual_load,Actual Load,2026-07-28T15:54:14Z
2026-07-28T15:51:12Z,2026-07-28T17:51:12+0200,7f736f6c-1b19-41ae-a117-2d42eccec7d0,2026-07-02T05:00:00Z,2026-07-02T07:00:00+0200,1595.615,MW,DK2,DK_2,actual_load,Actual Load,2026-07-28T15:54:14Z
2026-07-28T15:51:12Z,2026-07-28T17:51:12+0200,7f736f6c-1b19-41ae-a117-2d42eccec7d0,2026-07-02T06:00:00Z,2026-07-02T08:00:00+0200,1722.75,MW,DK2,DK_2,actual_load,Actual Load,2026-07-28T15:54:14Z
2026-07-28T15:51:12Z,2026-07-28T17:51:12+0200,7f736f6c-1b19-41ae-a117-2d42eccec7d0,2026-07-02T07:00:00Z,2026-07-02T09:00:00+0200,1842.9175,MW,DK2,DK_2,actual_load,Actual Load,2026-07-28T15:54:14Z
2026-07-28T15:51:12Z,2026-07-28T17:51:12+0200,7f736f6c-1b19-41ae-a117-2d42eccec7d0,2026-07-02T08:00:00Z,2026-07-02T10:00:00+0200,1926.46,MW,DK2,DK_2,actual_load,Actual Load,2026-07-28T15:54:14Z
2026-07-28T15:51:12Z,2026-07-28T17:51:12+0200,7f736f6c-1b19-41ae-a117-2d42eccec7d0,2026-07-02T09:00:00Z,2026-07-02T11:00:00+0200,1968.65,MW,DK2,DK_2,actual_load,Actual Load,2026-07-28T15:54:14Z
2026-07-28T15:51:12Z,2026-07-28T17:51:12+0200,7f736f6c-1b19-41ae-a117-2d42eccec7d0,2026-07-02T10:00:00Z,2026-07-02T12:00:00+0200,1997.615,MW,DK2,DK_2,actual_load,Actual Load,2026-07-28T15:54:14Z
2026-07-28T15:51:12Z,2026-07-28T17:51:12+0200,7f736f6c-1b19-41ae-a117-2d42eccec7d0,2026-07-02T11:00:00Z,2026-07-02T13:00:00+0200,1987.59,MW,DK2,DK_2,actual_load,Actual Load,2026-07-28T15:54:14Z
2026-07-28T15:51:12Z,2026-07-28T17:51:12+0200,7f736f6c-1b19-41ae-a117-2d42eccec7d0,2026-07-02T12:00:00Z,2026-07-02T14:00:00+0200,1894.525,MW,DK2,DK_2,actual_load,Actual Load,2026-07-28T15:54:14Z
2026-07-28T15:51:12Z,2026-07-28T17:51:12+0200,7f736f6c-1b19-41ae-a117-2d42eccec7d0,2026-07-02T13:00:00Z,2026-07-02T15:00:00+0200,1958.9375,MW,DK2,DK_2,actual_load,Actual Load,2026-07-28T15:54:14Z
2026-07-28T15:51:12Z,2026-07-28T17:51:12+0200,7f736f6c-1b19-41ae-a117-2d42eccec7d0,2026-07-02T14:00:00Z,2026-07-02T16:00:00+0200,1987.56,MW,DK2,DK_2,actual_load,Actual Load,2026-07-28T15:54:14Z
2026-07-28T15:51:12Z,2026-07-28T17:51:12+0200,7f736f6c-1b19-41ae-a117-2d42eccec7d0,2026-07-02T15:00:00Z,2026-07-02T17:00:00+0200,1948.185,MW,DK2,DK_2,actual_load,Actual Load,2026-07-28T15:54:14Z
2026-07-28T15:51:12Z,2026-07-28T17:51:12+0200,7f736f6c-1b19-41ae-a117-2d42eccec7d0,2026-07-02T16:00:00Z,2026-07-02T18:00:00+0200,1894.85,MW,DK2,DK_2,actual_load,Actual Load,2026-07-28T15:54:14Z
2026-07-28T15:51:12Z,2026-07-28T17:51:12+0200,7f736f6c-1b19-41ae-a117-2d42eccec7d0,2026-07-02T17:00:00Z,2026-07-02T19:00:00+0200,1787.0225,MW,DK2,DK_2,actual_load,Actual Load,2026-07-28T15:54:14Z
2026-07-28T15:51:12Z,2026-07-28T17:51:12+0200,7f736f6c-1b19-41ae-a117-2d42eccec7d0,2026-07-02T18:00:00Z,2026-07-02T20:00:00+0200,1629.54,MW,DK2,DK_2,actual_load,Actual Load,2026-07-28T15:54:14Z
2026-07-28T15:51:12Z,2026-07-28T17:51:12+0200,7f736f6c-1b19-41ae-a117-2d42eccec7d0,2026-07-02T19:00:00Z,2026-07-02T21:00:00+0200,1553.3825,MW,DK2,DK_2,actual_load,Actual Load,2026-07-28T15:54:14Z
2026-07-28T15:51:12Z,2026-07-28T17:51:12+0200,7f736f6c-1b19-41ae-a117-2d42eccec7d0,2026-07-02T20:00:00Z,2026-07-02T22:00:00+0200,1478.1075,MW,DK2,DK_2,actual_load,Actual Load,2026-07-28T15:54:14Z
2026-07-28T15:51:12Z,2026-07-28T17:51:12+0200,7f736f6c-1b19-41ae-a117-2d42eccec7d0,2026-07-02T21:00:00Z,2026-07-02T23:00:00+0200,1436.295,MW,DK2,DK_2,actual_load,Actual Load,2026-07-28T15:54:14Z
2026-07-28T15:51:12Z,2026-07-28T17:51:12+0200,7f736f6c-1b19-41ae-a117-2d42eccec7d0,2026-07-02T22:00:00Z,2026-07-03T00:00:00+0200,1387.7725,MW,DK2,DK_2,actual_load,Actual Load,2026-07-28T15:54:14Z
2026-07-28T15:51:12Z,2026-07-28T17:51:12+0200,7f736f6c-1b19-41ae-a117-2d42eccec7d0,2026-07-02T23:00:00Z,2026-07-03T01:00:00+0200,1338.785,MW,DK2,DK_2,actual_load,Actual Load,2026-07-28T15:54:14Z
2026-07-28T15:51:12Z,2026-07-28T17:51:12+0200,7f736f6c-1b19-41ae-a117-2d42eccec7d0,2026-07-03T00:00:00Z,2026-07-03T02:00:00+0200,1314.0075,MW,DK2,DK_2,actual_load,Actual Load,2026-07-28T15:54:14Z
2026-07-28T15:51:12Z,2026-07-28T17:51:12+0200,7f736f6c-1b19-41ae-a117-2d42eccec7d0,2026-07-03T01:00:00Z,2026-07-03T03:00:00+0200,1330.29,MW,DK2,DK_2,actual_load,Actual Load,2026-07-28T15:54:14Z
2026-07-28T15:51:12Z,2026-07-28T17:51:12+0200,7f736f6c-1b19-41ae-a117-2d42eccec7d0,2026-07-03T02:00:00Z,2026-07-03T04:00:00+0200,1313.6975,MW,DK2,DK_2,actual_load,Actual Load,2026-07-28T15:54:14Z
2026-07-28T15:51:12Z,2026-07-28T17:51:12+0200,7f736f6c-1b19-41ae-a117-2d42eccec7d0,2026-07-03T03:00:00Z,2026-07-03T05:00:00+0200,1326.8725,MW,DK2,DK_2,actual_load,Actual Load,2026-07-28T15:54:14Z
2026-07-28T15:51:12Z,2026-07-28T17:51:12+0200,7f736f6c-1b19-41ae-a117-2d42eccec7d0,2026-07-03T04:00:00Z,2026-07-03T06:00:00+0200,1422.055,MW,DK2,DK_2,actual_load,Actual Load,2026-07-28T15:54:14Z
2026-07-28T15:51:12Z,2026-07-28T17:51:12+0200,7f736f6c-1b19-41ae-a117-2d42eccec7d0,2026-07-03T05:00:00Z,2026-07-03T07:00:00+0200,1612.795,MW,DK2,DK_2,actual_load,Actual Load,2026-07-28T15:54:14Z
2026-07-28T15:51:12Z,2026-07-28T17:51:12+0200,7f736f6c-1b19-41ae-a117-2d42eccec7d0,2026-07-03T06:00:00Z,2026-07-03T08:00:00+0200,1770.01,MW,DK2,DK_2,actual_load,Actual Load,2026-07-28T15:54:14Z
2026-07-28T15:51:12Z,2026-07-28T17:51:12+0200,7f736f6c-1b19-41ae-a117-2d42eccec7d0,2026-07-03T07:00:00Z,2026-07-03T09:00:00+0200,1895.9375,MW,DK2,DK_2,actual_load,Actual Load,2026-07-28T15:54:14Z
2026-07-28T15:51:12Z,2026-07-28T17:51:12+0200,7f736f6c-1b19-41ae-a117-2d42eccec7d0,2026-07-03T08:00:00Z,2026-07-03T10:00:00+0200,1995.135,MW,DK2,DK_2,actual_load,Actual Load,2026-07-28T15:54:14Z
2026-07-28T15:51:12Z,2026-07-28T17:51:12+0200,7f736f6c-1b19-41ae-a117-2d42eccec7d0,2026-07-03T09:00:00Z,2026-07-03T11:00:00+0200,2001.42,MW,DK2,DK_2,actual_load,Actual Load,2026-07-28T15:54:14Z
2026-07-28T15:51:12Z,2026-07-28T17:51:12+0200,7f736f6c-1b19-41ae-a117-2d42eccec7d0,2026-07-03T10:00:00Z,2026-07-03T12:00:00+0200,2055.95,MW,DK2,DK_2,actual_load,Actual Load,2026-07-28T15:54:14Z
2026-07-28T15:51:12Z,2026-07-28T17:51:12+0200,7f736f6c-1b19-41ae-a117-2d42eccec7d0,2026-07-03T11:00:00Z,2026-07-03T13:00:00+0200,2064.915,MW,DK2,DK_2,actual_load,Actual Load,2026-07-28T15:54:14Z
2026-07-28T15:51:12Z,2026-07-28T17:51:12+0200,7f736f6c-1b19-41ae-a117-2d42eccec7d0,2026-07-03T12:00:00Z,2026-07-03T14:00:00+0200,2016.8075,MW,DK2,DK_2,actual_load,Actual Load,2026-07-28T15:54:14Z
2026-07-28T15:51:12Z,2026-07-28T17:51:12+0200,7f736f6c-1b19-41ae-a117-2d42eccec7d0,2026-07-03T13:00:00Z,2026-07-03T15:00:00+0200,1971.2475,MW,DK2,DK_2,actual_load,Actual Load,2026-07-28T15:54:14Z
2026-07-28T15:51:12Z,2026-07-28T17:51:12+0200,7f736f6c-1b19-41ae-a117-2d42eccec7d0,2026-07-03T14:00:00Z,2026-07-03T16:00:00+0200,1923.55,MW,DK2,DK_2,actual_load,Actual Load,2026-07-28T15:54:14Z
2026-07-28T15:51:12Z,2026-07-28T17:51:12+0200,7f736f6c-1b19-41ae-a117-2d42eccec7d0,2026-07-03T15:00:00Z,2026-07-03T17:00:00+0200,1890.715,MW,DK2,DK_2,actual_load,Actual Load,2026-07-28T15:54:14Z
2026-07-28T15:51:12Z,2026-07-28T17:51:12+0200,7f736f6c-1b19-41ae-a117-2d42eccec7d0,2026-07-03T16:00:00Z,2026-07-03T18:00:00+0200,1828.33,MW,DK2,DK_2,actual_load,Actual Load,2026-07-28T15:54:14Z
2026-07-28T15:51:12Z,2026-07-28T17:51:12+0200,7f736f6c-1b19-41ae-a117-2d42eccec7d0,2026-07-03T17:00:00Z,2026-07-03T19:00:00+0200,1714.94,MW,DK2,DK_2,actual_load,Actual Load,2026-07-28T15:54:14Z
2026-07-28T15:51:12Z,2026-07-28T17:51:12+0200,7f736f6c-1b19-41ae-a117-2d42eccec7d0,2026-07-03T18:00:00Z,2026-07-03T20:00:00+0200,1617.8625,MW,DK2,DK_2,actual_load,Actual Load,2026-07-28T15:54:14Z
2026-07-28T15:51:12Z,2026-07-28T17:51:12+0200,7f736f6c-1b19-41ae-a117-2d42eccec7d0,2026-07-03T19:00:00Z,2026-07-03T21:00:00+0200,1562.0825,MW,DK2,DK_2,actual_load,Actual Load,2026-07-28T15:54:14Z
2026-07-28T15:51:12Z,2026-07-28T17:51:12+0200,7f736f6c-1b19-41ae-a117-2d42eccec7d0,2026-07-03T20:00:00Z,2026-07-03T22:00:00+0200,1505.8025,MW,DK2,DK_2,actual_load,Actual Load,2026-07-28T15:54:14Z
2026-07-28T15:51:12Z,2026-07-28T17:51:12+0200,7f736f6c-1b19-41ae-a117-2d42eccec7d0,2026-07-03T21:00:00Z,2026-07-03T23:00:00+0200,1464.7875,MW,DK2,DK_2,actual_load,Actual Load,2026-07-28T15:54:14Z
2026-07-28T15:51:12Z,2026-07-28T17:51:12+0200,7f736f6c-1b19-41ae-a117-2d42eccec7d0,2026-07-03T22:00:00Z,2026-07-04T00:00:00+0200,1396.0625,MW,DK2,DK_2,actual_load,Actual Load,2026-07-28T15:54:14Z
2026-07-28T15:51:12Z,2026-07-28T17:51:12+0200,7f736f6c-1b19-41ae-a117-2d42eccec7d0,2026-07-03T23:00:00Z,2026-07-04T01:00:00+0200,1424.905,MW,DK2,DK_2,actual_load,Actual Load,2026-07-28T15:54:14Z
2026-07-28T15:51:12Z,2026-07-28T17:51:12+0200,7f736f6c-1b19-41ae-a117-2d42eccec7d0,2026-07-04T00:00:00Z,2026-07-04T02:00:00+0200,1347.8675,MW,DK2,DK_2,actual_load,Actual Load,2026-07-28T15:54:14Z
2026-07-28T15:51:12Z,2026-07-28T17:51:12+0200,7f736f6c-1b19-41ae-a117-2d42eccec7d0,2026-07-04T01:00:00Z,2026-07-04T03:00:00+0200,1235.08,MW,DK2,DK_2,actual_load,Actual Load,2026-07-28T15:54:14Z
2026-07-28T15:51:12Z,2026-07-28T17:51:12+0200,7f736f6c-1b19-41ae-a117-2d42eccec7d0,2026-07-04T02:00:00Z,2026-07-04T04:00:00+0200,1228.3825,MW,DK2,DK_2,actual_load,Actual Load,2026-07-28T15:54:14Z
2026-07-28T15:51:12Z,2026-07-28T17:51:12+0200,7f736f6c-1b19-41ae-a117-2d42eccec7d0,2026-07-04T03:00:00Z,2026-07-04T05:00:00+0200,1177.0325,MW,DK2,DK_2,actual_load,Actual Load,2026-07-28T15:54:14Z
2026-07-28T15:51:12Z,2026-07-28T17:51:12+0200,7f736f6c-1b19-41ae-a117-2d42eccec7d0,2026-07-04T04:00:00Z,2026-07-04T06:00:00+0200,1199.1675,MW,DK2,DK_2,actual_load,Actual Load,2026-07-28T15:54:14Z
2026-07-28T15:51:12Z,2026-07-28T17:51:12+0200,7f736f6c-1b19-41ae-a117-2d42eccec7d0,2026-07-04T05:00:00Z,2026-07-04T07:00:00+0200,1313.4225,MW,DK2,DK_2,actual_load,Actual Load,2026-07-28T15:54:14Z
2026-07-28T15:51:12Z,2026-07-28T17:51:12+0200,7f736f6c-1b19-41ae-a117-2d42eccec7d0,2026-07-04T06:00:00Z,2026-07-04T08:00:00+0200,1433.93,MW,DK2,DK_2,actual_load,Actual Load,2026-07-28T15:54:14Z
2026-07-28T15:51:12Z,2026-07-28T17:51:12+0200,7f736f6c-1b19-41ae-a117-2d42eccec7d0,2026-07-04T07:00:00Z,2026-07-04T09:00:00+0200,1633.225,MW,DK2,DK_2,actual_load,Actual Load,2026-07-28T15:54:14Z
2026-07-28T15:51:12Z,2026-07-28T17:51:12+0200,7f736f6c-1b19-41ae-a117-2d42eccec7d0,2026-07-04T08:00:00Z,2026-07-04T10:00:00+0200,1720.685,MW,DK2,DK_2,actual_load,Actual Load,2026-07-28T15:54:14Z
2026-07-28T15:51:12Z,2026-07-28T17:51:12+0200,7f736f6c-1b19-41ae-a117-2d42eccec7d0,2026-07-04T09:00:00Z,2026-07-04T11:00:00+0200,1766.425,MW,DK2,DK_2,actual_load,Actual Load,2026-07-28T15:54:14Z
2026-07-28T15:51:12Z,2026-07-28T17:51:12+0200,7f736f6c-1b19-41ae-a117-2d42eccec7d0,2026-07-04T10:00:00Z,2026-07-04T12:00:00+0200,1776.0475,MW,DK2,DK_2,actual_load,Actual Load,2026-07-28T15:54:14Z
2026-07-28T15:51:12Z,2026-07-28T17:51:12+0200,7f736f6c-1b19-41ae-a117-2d42eccec7d0,2026-07-04T11:00:00Z,2026-07-04T13:00:00+0200,1760.1025,MW,DK2,DK_2,actual_load,Actual Load,2026-07-28T15:54:14Z
2026-07-28T15:51:12Z,2026-07-28T17:51:12+0200,7f736f6c-1b19-41ae-a117-2d42eccec7d0,2026-07-04T12:00:00Z,2026-07-04T14:00:00+0200,1694.8775,MW,DK2,DK_2,actual_load,Actual Load,2026-07-28T15:54:14Z
2026-07-28T15:51:12Z,2026-07-28T17:51:12+0200,7f736f6c-1b19-41ae-a117-2d42eccec7d0,2026-07-04T13:00:00Z,2026-07-04T15:00:00+0200,1655.2925,MW,DK2,DK_2,actual_load,Actual Load,2026-07-28T15:54:14Z
2026-07-28T15:51:12Z,2026-07-28T17:51:12+0200,7f736f6c-1b19-41ae-a117-2d42eccec7d0,2026-07-04T14:00:00Z,2026-07-04T16:00:00+0200,1619.6725,MW,DK2,DK_2,actual_load,Actual Load,2026-07-28T15:54:14Z
2026-07-28T15:51:12Z,2026-07-28T17:51:12+0200,7f736f6c-1b19-41ae-a117-2d42eccec7d0,2026-07-04T15:00:00Z,2026-07-04T17:00:00+0200,1577.2425,MW,DK2,DK_2,actual_load,Actual Load,2026-07-28T15:54:14Z
2026-07-28T15:51:12Z,2026-07-28T17:51:12+0200,7f736f6c-1b19-41ae-a117-2d42eccec7d0,2026-07-04T16:00:00Z,2026-07-04T18:00:00+0200,1556.21,MW,DK2,DK_2,actual_load,Actual Load,2026-07-28T15:54:14Z
2026-07-28T15:51:12Z,2026-07-28T17:51:12+0200,7f736f6c-1b19-41ae-a117-2d42eccec7d0,2026-07-04T17:00:00Z,2026-07-04T19:00:00+0200,1480.275,MW,DK2,DK_2,actual_load,Actual Load,2026-07-28T15:54:14Z
2026-07-28T15:51:12Z,2026-07-28T17:51:12+0200,7f736f6c-1b19-41ae-a117-2d42eccec7d0,2026-07-04T18:00:00Z,2026-07-04T20:00:00+0200,1352.38,MW,DK2,DK_2,actual_load,Actual Load,2026-07-28T15:54:14Z
2026-07-28T15:51:12Z,2026-07-28T17:51:12+0200,7f736f6c-1b19-41ae-a117-2d42eccec7d0,2026-07-04T19:00:00Z,2026-07-04T21:00:00+0200,1316.7225,MW,DK2,DK_2,actual_load,Actual Load,2026-07-28T15:54:14Z
2026-07-28T15:51:12Z,2026-07-28T17:51:12+0200,7f736f6c-1b19-41ae-a117-2d42eccec7d0,2026-07-04T20:00:00Z,2026-07-04T22:00:00+0200,1354.985,MW,DK2,DK_2,actual_load,Actual Load,2026-07-28T15:54:14Z
2026-07-28T15:51:12Z,2026-07-28T17:51:12+0200,7f736f6c-1b19-41ae-a117-2d42eccec7d0,2026-07-04T21:00:00Z,2026-07-04T23:00:00+0200,1296.89,MW,DK2,DK_2,actual_load,Actual Load,2026-07-28T15:54:14Z
2026-07-28T15:51:12Z,2026-07-28T17:51:12+0200,7f736f6c-1b19-41ae-a117-2d42eccec7d0,2026-07-04T22:00:00Z,2026-07-05T00:00:00+0200,1224.125,MW,DK2,DK_2,actual_load,Actual Load,2026-07-28T15:54:14Z
2026-07-28T15:51:12Z,2026-07-28T17:51:12+0200,7f736f6c-1b19-41ae-a117-2d42eccec7d0,2026-07-04T23:00:00Z,2026-07-05T01:00:00+0200,1174.88,MW,DK2,DK_2,actual_load,Actual Load,2026-07-28T15:54:14Z
2026-07-28T15:51:12Z,2026-07-28T17:51:12+0200,7f736f6c-1b19-41ae-a117-2d42eccec7d0,2026-07-05T00:00:00Z,2026-07-05T02:00:00+0200,1141.125,MW,DK2,DK_2,actual_load,Actual Load,2026-07-28T15:54:14Z
2026-07-28T15:51:12Z,2026-07-28T17:51:12+0200,7f736f6c-1b19-41ae-a117-2d42eccec7d0,2026-07-05T01:00:00Z,2026-07-05T03:00:00+0200,1047.195,MW,DK2,DK_2,actual_load,Actual Load,2026-07-28T15:54:14Z
2026-07-28T15:51:12Z,2026-07-28T17:51:12+0200,7f736f6c-1b19-41ae-a117-2d42eccec7d0,2026-07-05T02:00:00Z,2026-07-05T04:00:00+0200,1086.0125,MW,DK2,DK_2,actual_load,Actual Load,2026-07-28T15:54:14Z
2026-07-28T15:51:12Z,2026-07-28T17:51:12+0200,7f736f6c-1b19-41ae-a117-2d42eccec7d0,2026-07-05T03:00:00Z,2026-07-05T05:00:00+0200,1132.3225,MW,DK2,DK_2,actual_load,Actual Load,2026-07-28T15:54:14Z
2026-07-28T15:51:12Z,2026-07-28T17:51:12+0200,7f736f6c-1b19-41ae-a117-2d42eccec7d0,2026-07-05T04:00:00Z,2026-07-05T06:00:00+0200,1196.4125,MW,DK2,DK_2,actual_load,Actual Load,2026-07-28T15:54:14Z
2026-07-28T15:51:12Z,2026-07-28T17:51:12+0200,7f736f6c-1b19-41ae-a117-2d42eccec7d0,2026-07-05T05:00:00Z,2026-07-05T07:00:00+0200,1266.53,MW,DK2,DK_2,actual_load,Actual Load,2026-07-28T15:54:14Z
2026-07-28T15:51:12Z,2026-07-28T17:51:12+0200,7f736f6c-1b19-41ae-a117-2d42eccec7d0,2026-07-05T06:00:00Z,2026-07-05T08:00:00+0200,1313.4925,MW,DK2,DK_2,actual_load,Actual Load,2026-07-28T15:54:14Z
2026-07-28T15:51:12Z,2026-07-28T17:51:12+0200,7f736f6c-1b19-41ae-a117-2d42eccec7d0,2026-07-05T07:00:00Z,2026-07-05T09:00:00+0200,1526.375,MW,DK2,DK_2,actual_load,Actual Load,2026-07-28T15:54:14Z
2026-07-28T15:51:12Z,2026-07-28T17:51:12+0200,7f736f6c-1b19-41ae-a117-2d42eccec7d0,2026-07-05T08:00:00Z,2026-07-05T10:00:00+0200,1649.6825,MW,DK2,DK_2,actual_load,Actual Load,2026-07-28T15:54:14Z
2026-07-28T15:51:12Z,2026-07-28T17:51:12+0200,7f736f6c-1b19-41ae-a117-2d42eccec7d0,2026-07-05T09:00:00Z,2026-07-05T11:00:00+0200,1765.065,MW,DK2,DK_2,actual_load,Actual Load,2026-07-28T15:54:14Z
2026-07-28T15:51:12Z,2026-07-28T17:51:12+0200,7f736f6c-1b19-41ae-a117-2d42eccec7d0,2026-07-05T10:00:00Z,2026-07-05T12:00:00+0200,1771.9275,MW,DK2,DK_2,actual_load,Actual Load,2026-07-28T15:54:14Z
2026-07-28T15:51:12Z,2026-07-28T17:51:12+0200,7f736f6c-1b19-41ae-a117-2d42eccec7d0,2026-07-05T11:00:00Z,2026-07-05T13:00:00+0200,1759.535,MW,DK2,DK_2,actual_load,Actual Load,2026-07-28T15:54:14Z
2026-07-28T15:51:12Z,2026-07-28T17:51:12+0200,7f736f6c-1b19-41ae-a117-2d42eccec7d0,2026-07-05T12:00:00Z,2026-07-05T14:00:00+0200,1763.7275,MW,DK2,DK_2,actual_load,Actual Load,2026-07-28T15:54:14Z
2026-07-28T15:51:12Z,2026-07-28T17:51:12+0200,7f736f6c-1b19-41ae-a117-2d42eccec7d0,2026-07-05T13:00:00Z,2026-07-05T15:00:00+0200,1764.6975,MW,DK2,DK_2,actual_load,Actual Load,2026-07-28T15:54:14Z
2026-07-28T15:51:12Z,2026-07-28T17:51:12+0200,7f736f6c-1b19-41ae-a117-2d42eccec7d0,2026-07-05T14:00:00Z,2026-07-05T16:00:00+0200,1703.9275,MW,DK2,DK_2,actual_load,Actual Load,2026-07-28T15:54:14Z
2026-07-28T15:51:12Z,2026-07-28T17:51:12+0200,7f736f6c-1b19-41ae-a117-2d42eccec7d0,2026-07-05T15:00:00Z,2026-07-05T17:00:00+0200,1724.43,MW,DK2,DK_2,actual_load,Actual Load,2026-07-28T15:54:14Z
2026-07-28T15:51:12Z,2026-07-28T17:51:12+0200,7f736f6c-1b19-41ae-a117-2d42eccec7d0,2026-07-05T16:00:00Z,2026-07-05T18:00:00+0200,1701.5275,MW,DK2,DK_2,actual_load,Actual Load,2026-07-28T15:54:14Z
2026-07-28T15:51:12Z,2026-07-28T17:51:12+0200,7f736f6c-1b19-41ae-a117-2d42eccec7d0,2026-07-05T17:00:00Z,2026-07-05T19:00:00+0200,1585.8325,MW,DK2,DK_2,actual_load,Actual Load,2026-07-28T15:54:14Z
2026-07-28T15:51:12Z,2026-07-28T17:51:12+0200,7f736f6c-1b19-41ae-a117-2d42eccec7d0,2026-07-05T18:00:00Z,2026-07-05T20:00:00+0200,1482.2975,MW,DK2,DK_2,actual_load,Actual Load,2026-07-28T15:54:14Z
2026-07-28T15:51:12Z,2026-07-28T17:51:12+0200,7f736f6c-1b19-41ae-a117-2d42eccec7d0,2026-07-05T19:00:00Z,2026-07-05T21:00:00+0200,1428.8375,MW,DK2,DK_2,actual_load,Actual Load,2026-07-28T15:54:14Z
2026-07-28T15:51:12Z,2026-07-28T17:51:12+0200,7f736f6c-1b19-41ae-a117-2d42eccec7d0,2026-07-05T20:00:00Z,2026-07-05T22:00:00+0200,1375.9125,MW,DK2,DK_2,actual_load,Actual Load,2026-07-28T15:54:14Z
2026-07-28T15:51:12Z,2026-07-28T17:51:12+0200,7f736f6c-1b19-41ae-a117-2d42eccec7d0,2026-07-05T21:00:00Z,2026-07-05T23:00:00+0200,1309.425,MW,DK2,DK_2,actual_load,Actual Load,2026-07-28T15:54:14Z
2026-07-28T15:51:12Z,2026-07-28T17:51:12+0200,7f736f6c-1b19-41ae-a117-2d42eccec7d0,2026-07-05T22:00:00Z,2026-07-06T00:00:00+0200,1305.7675,MW,DK2,DK_2,actual_load,Actual Load,2026-07-28T15:54:14Z
2026-07-28T15:51:12Z,2026-07-28T17:51:12+0200,7f736f6c-1b19-41ae-a117-2d42eccec7d0,2026-07-05T23:00:00Z,2026-07-06T01:00:00+0200,1250.905,MW,DK2,DK_2,actual_load,Actual Load,2026-07-28T15:54:14Z
2026-07-28T15:51:12Z,2026-07-28T17:51:12+0200,7f736f6c-1b19-41ae-a117-2d42eccec7d0,2026-07-06T00:00:00Z,2026-07-06T02:00:00+0200,1204.035,MW,DK2,DK_2,actual_load,Actual Load,2026-07-28T15:54:14Z
2026-07-28T15:51:12Z,2026-07-28T17:51:12+0200,7f736f6c-1b19-41ae-a117-2d42eccec7d0,2026-07-06T01:00:00Z,2026-07-06T03:00:00+0200,1138.7425,MW,DK2,DK_2,actual_load,Actual Load,2026-07-28T15:54:14Z
2026-07-28T15:51:12Z,2026-07-28T17:51:12+0200,7f736f6c-1b19-41ae-a117-2d42eccec7d0,2026-07-06T02:00:00Z,2026-07-06T04:00:00+0200,1091.2225,MW,DK2,DK_2,actual_load,Actual Load,2026-07-28T15:54:14Z
2026-07-28T15:51:12Z,2026-07-28T17:51:12+0200,7f736f6c-1b19-41ae-a117-2d42eccec7d0,2026-07-06T03:00:00Z,2026-07-06T05:00:00+0200,1145.6375,MW,DK2,DK_2,actual_load,Actual Load,2026-07-28T15:54:14Z
2026-07-28T15:51:12Z,2026-07-28T17:51:12+0200,7f736f6c-1b19-41ae-a117-2d42eccec7d0,2026-07-06T04:00:00Z,2026-07-06T06:00:00+0200,1292.1275,MW,DK2,DK_2,actual_load,Actual Load,2026-07-28T15:54:14Z
2026-07-28T15:51:12Z,2026-07-28T17:51:12+0200,7f736f6c-1b19-41ae-a117-2d42eccec7d0,2026-07-06T05:00:00Z,2026-07-06T07:00:00+0200,1453.635,MW,DK2,DK_2,actual_load,Actual Load,2026-07-28T15:54:14Z
2026-07-28T15:51:12Z,2026-07-28T17:51:12+0200,7f736f6c-1b19-41ae-a117-2d42eccec7d0,2026-07-06T06:00:00Z,2026-07-06T08:00:00+0200,1586.9,MW,DK2,DK_2,actual_load,Actual Load,2026-07-28T15:54:14Z
2026-07-28T15:51:12Z,2026-07-28T17:51:12+0200,7f736f6c-1b19-41ae-a117-2d42eccec7d0,2026-07-06T07:00:00Z,2026-07-06T09:00:00+0200,1678.0325,MW,DK2,DK_2,actual_load,Actual Load,2026-07-28T15:54:14Z
2026-07-28T15:51:12Z,2026-07-28T17:51:12+0200,7f736f6c-1b19-41ae-a117-2d42eccec7d0,2026-07-06T08:00:00Z,2026-07-06T10:00:00+0200,1757.71,MW,DK2,DK_2,actual_load,Actual Load,2026-07-28T15:54:14Z
2026-07-28T15:51:12Z,2026-07-28T17:51:12+0200,7f736f6c-1b19-41ae-a117-2d42eccec7d0,2026-07-06T09:00:00Z,2026-07-06T11:00:00+0200,1842.18,MW,DK2,DK_2,actual_load,Actual Load,2026-07-28T15:54:14Z
2026-07-28T15:51:12Z,2026-07-28T17:51:12+0200,7f736f6c-1b19-41ae-a117-2d42eccec7d0,2026-07-06T10:00:00Z,2026-07-06T12:00:00+0200,1875.565,MW,DK2,DK_2,actual_load,Actual Load,2026-07-28T15:54:14Z
2026-07-28T15:51:12Z,2026-07-28T17:51:12+0200,7f736f6c-1b19-41ae-a117-2d42eccec7d0,2026-07-06T11:00:00Z,2026-07-06T13:00:00+0200,1956.1025,MW,DK2,DK_2,actual_load,Actual Load,2026-07-28T15:54:14Z
2026-07-28T15:51:12Z,2026-07-28T17:51:12+0200,7f736f6c-1b19-41ae-a117-2d42eccec7d0,2026-07-06T12:00:00Z,2026-07-06T14:00:00+0200,1968.975,MW,DK2,DK_2,actual_load,Actual Load,2026-07-28T15:54:14Z
2026-07-28T15:51:12Z,2026-07-28T17:51:12+0200,7f736f6c-1b19-41ae-a117-2d42eccec7d0,2026-07-06T13:00:00Z,2026-07-06T15:00:00+0200,1887.3625,MW,DK2,DK_2,actual_load,Actual Load,2026-07-28T15:54:14Z
2026-07-28T15:51:12Z,2026-07-28T17:51:12+0200,7f736f6c-1b19-41ae-a117-2d42eccec7d0,2026-07-06T14:00:00Z,2026-07-06T16:00:00+0200,1859.605,MW,DK2,DK_2,actual_load,Actual Load,2026-07-28T15:54:14Z
2026-07-28T15:51:12Z,2026-07-28T17:51:12+0200,7f736f6c-1b19-41ae-a117-2d42eccec7d0,2026-07-06T15:00:00Z,2026-07-06T17:00:00+0200,1921.2025,MW,DK2,DK_2,actual_load,Actual Load,2026-07-28T15:54:14Z
2026-07-28T15:51:12Z,2026-07-28T17:51:12+0200,7f736f6c-1b19-41ae-a117-2d42eccec7d0,2026-07-06T16:00:00Z,2026-07-06T18:00:00+0200,1893.035,MW,DK2,DK_2,actual_load,Actual Load,2026-07-28T15:54:14Z
2026-07-28T15:51:12Z,2026-07-28T17:51:12+0200,7f736f6c-1b19-41ae-a117-2d42eccec7d0,2026-07-06T17:00:00Z,2026-07-06T19:00:00+0200,1749.1725,MW,DK2,DK_2,actual_load,Actual Load,2026-07-28T15:54:14Z
2026-07-28T15:51:12Z,2026-07-28T17:51:12+0200,7f736f6c-1b19-41ae-a117-2d42eccec7d0,2026-07-06T18:00:00Z,2026-07-06T20:00:00+0200,1586.305,MW,DK2,DK_2,actual_load,Actual Load,2026-07-28T15:54:14Z
2026-07-28T15:51:12Z,2026-07-28T17:51:12+0200,7f736f6c-1b19-41ae-a117-2d42eccec7d0,2026-07-06T19:00:00Z,2026-07-06T21:00:00+0200,1494.1625,MW,DK2,DK_2,actual_load,Actual Load,2026-07-28T15:54:14Z
2026-07-28T15:51:12Z,2026-07-28T17:51:12+0200,7f736f6c-1b19-41ae-a117-2d42eccec7d0,2026-07-06T20:00:00Z,2026-07-06T22:00:00+0200,1392.955,MW,DK2,DK_2,actual_load,Actual Load,2026-07-28T15:54:14Z
2026-07-28T15:51:12Z,2026-07-28T17:51:12+0200,7f736f6c-1b19-41ae-a117-2d42eccec7d0,2026-07-06T21:00:00Z,2026-07-06T23:00:00+0200,1383.625,MW,DK2,DK_2,actual_load,Actual Load,2026-07-28T15:54:14Z
2026-07-28T15:51:12Z,2026-07-28T17:51:12+0200,7f736f6c-1b19-41ae-a117-2d42eccec7d0,2026-07-06T22:00:00Z,2026-07-07T00:00:00+0200,1331.5075,MW,DK2,DK_2,actual_load,Actual Load,2026-07-28T15:54:14Z
2026-07-28T15:51:12Z,2026-07-28T17:51:12+0200,7f736f6c-1b19-41ae-a117-2d42eccec7d0,2026-07-06T23:00:00Z,2026-07-07T01:00:00+0200,1299.55,MW,DK2,DK_2,actual_load,Actual Load,2026-07-28T15:54:14Z
2026-07-28T15:51:12Z,2026-07-28T17:51:12+0200,7f736f6c-1b19-41ae-a117-2d42eccec7d0,2026-07-07T00:00:00Z,2026-07-07T02:00:00+0200,1265.9025,MW,DK2,DK_2,actual_load,Actual Load,2026-07-28T15:54:14Z
2026-07-28T15:51:12Z,2026-07-28T17:51:12+0200,7f736f6c-1b19-41ae-a117-2d42eccec7d0,2026-07-07T01:00:00Z,2026-07-07T03:00:00+0200,1218.96,MW,DK2,DK_2,actual_load,Actual Load,2026-07-28T15:54:14Z
2026-07-28T15:51:12Z,2026-07-28T17:51:12+0200,7f736f6c-1b19-41ae-a117-2d42eccec7d0,2026-07-07T02:00:00Z,2026-07-07T04:00:00+0200,1156.5675,MW,DK2,DK_2,actual_load,Actual Load,2026-07-28T15:54:14Z
2026-07-28T15:51:12Z,2026-07-28T17:51:12+0200,7f736f6c-1b19-41ae-a117-2d42eccec7d0,2026-07-07T03:00:00Z,2026-07-07T05:00:00+0200,1185.8,MW,DK2,DK_2,actual_load,Actual Load,2026-07-28T15:54:14Z
2026-07-28T15:51:12Z,2026-07-28T17:51:12+0200,7f736f6c-1b19-41ae-a117-2d42eccec7d0,2026-07-07T04:00:00Z,2026-07-07T06:00:00+0200,1295.6675,MW,DK2,DK_2,actual_load,Actual Load,2026-07-28T15:54:14Z
2026-07-28T15:51:12Z,2026-07-28T17:51:12+0200,7f736f6c-1b19-41ae-a117-2d42eccec7d0,2026-07-07T05:00:00Z,2026-07-07T07:00:00+0200,1584.02,MW,DK2,DK_2,actual_load,Actual Load,2026-07-28T15:54:14Z
2026-07-28T15:51:12Z,2026-07-28T17:51:12+0200,7f736f6c-1b19-41ae-a117-2d42eccec7d0,2026-07-07T06:00:00Z,2026-07-07T08:00:00+0200,1726.225,MW,DK2,DK_2,actual_load,Actual Load,2026-07-28T15:54:14Z
2026-07-28T15:51:12Z,2026-07-28T17:51:12+0200,7f736f6c-1b19-41ae-a117-2d42eccec7d0,2026-07-07T07:00:00Z,2026-07-07T09:00:00+0200,1830.02,MW,DK2,DK_2,actual_load,Actual Load,2026-07-28T15:54:14Z
2026-07-28T15:51:12Z,2026-07-28T17:51:12+0200,7f736f6c-1b19-41ae-a117-2d42eccec7d0,2026-07-07T08:00:00Z,2026-07-07T10:00:00+0200,1837.6475,MW,DK2,DK_2,actual_load,Actual Load,2026-07-28T15:54:14Z
2026-07-28T15:51:12Z,2026-07-28T17:51:12+0200,7f736f6c-1b19-41ae-a117-2d42eccec7d0,2026-07-07T09:00:00Z,2026-07-07T11:00:00+0200,1946.3925,MW,DK2,DK_2,actual_load,Actual Load,2026-07-28T15:54:14Z
2026-07-28T15:51:12Z,2026-07-28T17:51:12+0200,7f736f6c-1b19-41ae-a117-2d42eccec7d0,2026-07-07T10:00:00Z,2026-07-07T12:00:00+0200,1953.22,MW,DK2,DK_2,actual_load,Actual Load,2026-07-28T15:54:14Z
2026-07-28T15:51:12Z,2026-07-28T17:51:12+0200,7f736f6c-1b19-41ae-a117-2d42eccec7d0,2026-07-07T11:00:00Z,2026-07-07T13:00:00+0200,1949.1025,MW,DK2,DK_2,actual_load,Actual Load,2026-07-28T15:54:14Z
2026-07-28T15:51:12Z,2026-07-28T17:51:12+0200,7f736f6c-1b19-41ae-a117-2d42eccec7d0,2026-07-07T12:00:00Z,2026-07-07T14:00:00+0200,1991.915,MW,DK2,DK_2,actual_load,Actual Load,2026-07-28T15:54:14Z
2026-07-28T15:51:12Z,2026-07-28T17:51:12+0200,7f736f6c-1b19-41ae-a117-2d42eccec7d0,2026-07-07T13:00:00Z,2026-07-07T15:00:00+0200,1943.1175,MW,DK2,DK_2,actual_load,Actual Load,2026-07-28T15:54:14Z
2026-07-28T15:51:12Z,2026-07-28T17:51:12+0200,7f736f6c-1b19-41ae-a117-2d42eccec7d0,2026-07-07T14:00:00Z,2026-07-07T16:00:00+0200,1910.0225,MW,DK2,DK_2,actual_load,Actual Load,2026-07-28T15:54:14Z
2026-07-28T15:51:12Z,2026-07-28T17:51:12+0200,7f736f6c-1b19-41ae-a117-2d42eccec7d0,2026-07-07T15:00:00Z,2026-07-07T17:00:00+0200,1931.5875,MW,DK2,DK_2,actual_load,Actual Load,2026-07-28T15:54:14Z
2026-07-28T15:51:12Z,2026-07-28T17:51:12+0200,7f736f6c-1b19-41ae-a117-2d42eccec7d0,2026-07-07T16:00:00Z,2026-07-07T18:00:00+0200,1859.585,MW,DK2,DK_2,actual_load,Actual Load,2026-07-28T15:54:14Z
2026-07-28T15:51:12Z,2026-07-28T17:51:12+0200,7f736f6c-1b19-41ae-a117-2d42eccec7d0,2026-07-07T17:00:00Z,2026-07-07T19:00:00+0200,1719.6725,MW,DK2,DK_2,actual_load,Actual Load,2026-07-28T15:54:14Z
2026-07-28T15:51:12Z,2026-07-28T17:51:12+0200,7f736f6c-1b19-41ae-a117-2d42eccec7d0,2026-07-07T18:00:00Z,2026-07-07T20:00:00+0200,1560.865,MW,DK2,DK_2,actual_load,Actual Load,2026-07-28T15:54:14Z
2026-07-28T15:51:12Z,2026-07-28T17:51:12+0200,7f736f6c-1b19-41ae-a117-2d42eccec7d0,2026-07-07T19:00:00Z,2026-07-07T21:00:00+0200,1493.02,MW,DK2,DK_2,actual_load,Actual Load,2026-07-28T15:54:14Z
2026-07-28T15:51:12Z,2026-07-28T17:51:12+0200,7f736f6c-1b19-41ae-a117-2d42eccec7d0,2026-07-07T20:00:00Z,2026-07-07T22:00:00+0200,1522.5175,MW,DK2,DK_2,actual_load,Actual Load,2026-07-28T15:54:14Z
2026-07-28T15:51:12Z,2026-07-28T17:51:12+0200,7f736f6c-1b19-41ae-a117-2d42eccec7d0,2026-07-07T21:00:00Z,2026-07-07T23:00:00+0200,1495.0575,MW,DK2,DK_2,actual_load,Actual Load,2026-07-28T15:54:14Z
2026-07-28T15:51:12Z,2026-07-28T17:51:12+0200,7f736f6c-1b19-41ae-a117-2d42eccec7d0,2026-07-07T22:00:00Z,2026-07-08T00:00:00+0200,1299.265,MW,DK2,DK_2,actual_load,Actual Load,2026-07-28T15:54:14Z
2026-07-28T15:51:12Z,2026-07-28T17:51:12+0200,7f736f6c-1b19-41ae-a117-2d42eccec7d0,2026-07-07T23:00:00Z,2026-07-08T01:00:00+0200,1293.8875,MW,DK2,DK_2,actual_load,Actual Load,2026-07-28T15:54:14Z
2026-07-28T15:51:12Z,2026-07-28T17:51:12+0200,7f736f6c-1b19-41ae-a117-2d42eccec7d0,2026-07-08T00:00:00Z,2026-07-08T02:00:00+0200,1235.4425,MW,DK2,DK_2,actual_load,Actual Load,2026-07-28T15:54:14Z
2026-07-28T15:51:12Z,2026-07-28T17:51:12+0200,7f736f6c-1b19-41ae-a117-2d42eccec7d0,2026-07-08T01:00:00Z,2026-07-08T03:00:00+0200,1184.1925,MW,DK2,DK_2,actual_load,Actual Load,2026-07-28T15:54:14Z
2026-07-28T15:51:12Z,2026-07-28T17:51:12+0200,7f736f6c-1b19-41ae-a117-2d42eccec7d0,2026-07-08T02:00:00Z,2026-07-08T04:00:00+0200,1154.63,MW,DK2,DK_2,actual_load,Actual Load,2026-07-28T15:54:14Z
2026-07-28T15:51:12Z,2026-07-28T17:51:12+0200,7f736f6c-1b19-41ae-a117-2d42eccec7d0,2026-07-08T03:00:00Z,2026-07-08T05:00:00+0200,1168.8575,MW,DK2,DK_2,actual_load,Actual Load,2026-07-28T15:54:14Z
2026-07-28T15:51:12Z,2026-07-28T17:51:12+0200,7f736f6c-1b19-41ae-a117-2d42eccec7d0,2026-07-08T04:00:00Z,2026-07-08T06:00:00+0200,1316.42,MW,DK2,DK_2,actual_load,Actual Load,2026-07-28T15:54:14Z
2026-07-28T15:51:12Z,2026-07-28T17:51:12+0200,7f736f6c-1b19-41ae-a117-2d42eccec7d0,2026-07-08T05:00:00Z,2026-07-08T07:00:00+0200,1507.9125,MW,DK2,DK_2,actual_load,Actual Load,2026-07-28T15:54:14Z
2026-07-28T15:51:12Z,2026-07-28T17:51:12+0200,7f736f6c-1b19-41ae-a117-2d42eccec7d0,2026-07-08T06:00:00Z,2026-07-08T08:00:00+0200,1680.73,MW,DK2,DK_2,actual_load,Actual Load,2026-07-28T15:54:14Z
2026-07-28T15:51:12Z,2026-07-28T17:51:12+0200,7f736f6c-1b19-41ae-a117-2d42eccec7d0,2026-07-08T07:00:00Z,2026-07-08T09:00:00+0200,1774.3525,MW,DK2,DK_2,actual_load,Actual Load,2026-07-28T15:54:14Z
2026-07-28T15:51:12Z,2026-07-28T17:51:12+0200,7f736f6c-1b19-41ae-a117-2d42eccec7d0,2026-07-08T08:00:00Z,2026-07-08T10:00:00+0200,1802.98,MW,DK2,DK_2,actual_load,Actual Load,2026-07-28T15:54:14Z
2026-07-28T15:51:12Z,2026-07-28T17:51:12+0200,7f736f6c-1b19-41ae-a117-2d42eccec7d0,2026-07-08T09:00:00Z,2026-07-08T11:00:00+0200,1844.9625,MW,DK2,DK_2,actual_load,Actual Load,2026-07-28T15:54:14Z
2026-07-28T15:51:12Z,2026-07-28T17:51:12+0200,7f736f6c-1b19-41ae-a117-2d42eccec7d0,2026-07-08T10:00:00Z,2026-07-08T12:00:00+0200,1853.1275,MW,DK2,DK_2,actual_load,Actual Load,2026-07-28T15:54:14Z
2026-07-28T15:51:12Z,2026-07-28T17:51:12+0200,7f736f6c-1b19-41ae-a117-2d42eccec7d0,2026-07-08T11:00:00Z,2026-07-08T13:00:00+0200,1915.9625,MW,DK2,DK_2,actual_load,Actual Load,2026-07-28T15:54:14Z
2026-07-28T15:51:12Z,2026-07-28T17:51:12+0200,7f736f6c-1b19-41ae-a117-2d42eccec7d0,2026-07-08T12:00:00Z,2026-07-08T14:00:00+0200,1925.2675,MW,DK2,DK_2,actual_load,Actual Load,2026-07-28T15:54:14Z
2026-07-28T15:51:12Z,2026-07-28T17:51:12+0200,7f736f6c-1b19-41ae-a117-2d42eccec7d0,2026-07-08T13:00:00Z,2026-07-08T15:00:00+0200,1910.6875,MW,DK2,DK_2,actual_load,Actual Load,2026-07-28T15:54:14Z
2026-07-28T15:51:12Z,2026-07-28T17:51:12+0200,7f736f6c-1b19-41ae-a117-2d42eccec7d0,2026-07-08T14:00:00Z,2026-07-08T16:00:00+0200,1821.23,MW,DK2,DK_2,actual_load,Actual Load,2026-07-28T15:54:14Z
2026-07-28T15:51:12Z,2026-07-28T17:51:12+0200,7f736f6c-1b19-41ae-a117-2d42eccec7d0,2026-07-08T15:00:00Z,2026-07-08T17:00:00+0200,1793.825,MW,DK2,DK_2,actual_load,Actual Load,2026-07-28T15:54:14Z
2026-07-28T15:51:12Z,2026-07-28T17:51:12+0200,7f736f6c-1b19-41ae-a117-2d42eccec7d0,2026-07-08T16:00:00Z,2026-07-08T18:00:00+0200,1743.1775,MW,DK2,DK_2,actual_load,Actual Load,2026-07-28T15:54:14Z
2026-07-28T15:51:12Z,2026-07-28T17:51:12+0200,7f736f6c-1b19-41ae-a117-2d42eccec7d0,2026-07-08T17:00:00Z,2026-07-08T19:00:00+0200,1628.5675,MW,DK2,DK_2,actual_load,Actual Load,2026-07-28T15:54:14Z
2026-07-28T15:51:12Z,2026-07-28T17:51:12+0200,7f736f6c-1b19-41ae-a117-2d42eccec7d0,2026-07-08T18:00:00Z,2026-07-08T20:00:00+0200,1498.6975,MW,DK2,DK_2,actual_load,Actual Load,2026-07-28T15:54:14Z
2026-07-28T15:51:12Z,2026-07-28T17:51:12+0200,7f736f6c-1b19-41ae-a117-2d42eccec7d0,2026-07-08T19:00:00Z,2026-07-08T21:00:00+0200,1423.1275,MW,DK2,DK_2,actual_load,Actual Load,2026-07-28T15:54:14Z
2026-07-28T15:51:12Z,2026-07-28T17:51:12+0200,7f736f6c-1b19-41ae-a117-2d42eccec7d0,2026-07-08T20:00:00Z,2026-07-08T22:00:00+0200,1402.0975,MW,DK2,DK_2,actual_load,Actual Load,2026-07-28T15:54:14Z
2026-07-28T15:51:12Z,2026-07-28T17:51:12+0200,7f736f6c-1b19-41ae-a117-2d42eccec7d0,2026-07-08T21:00:00Z,2026-07-08T23:00:00+0200,1326.7275,MW,DK2,DK_2,actual_load,Actual Load,2026-07-28T15:54:14Z
2026-07-28T15:51:12Z,2026-07-28T17:51:12+0200,7f736f6c-1b19-41ae-a117-2d42eccec7d0,2026-07-08T22:00:00Z,2026-07-09T00:00:00+0200,1280.9975,MW,DK2,DK_2,actual_load,Actual Load,2026-07-28T15:54:14Z
2026-07-28T15:51:12Z,2026-07-28T17:51:12+0200,7f736f6c-1b19-41ae-a117-2d42eccec7d0,2026-07-08T23:00:00Z,2026-07-09T01:00:00+0200,1296.7,MW,DK2,DK_2,actual_load,Actual Load,2026-07-28T15:54:14Z
2026-07-28T15:51:12Z,2026-07-28T17:51:12+0200,7f736f6c-1b19-41ae-a117-2d42eccec7d0,2026-07-09T00:00:00Z,2026-07-09T02:00:00+0200,1267.025,MW,DK2,DK_2,actual_load,Actual Load,2026-07-28T15:54:14Z
2026-07-28T15:51:12Z,2026-07-28T17:51:12+0200,7f736f6c-1b19-41ae-a117-2d42eccec7d0,2026-07-09T01:00:00Z,2026-07-09T03:00:00+0200,1202.2825,MW,DK2,DK_2,actual_load,Actual Load,2026-07-28T15:54:14Z
2026-07-28T15:51:12Z,2026-07-28T17:51:12+0200,7f736f6c-1b19-41ae-a117-2d42eccec7d0,2026-07-09T02:00:00Z,2026-07-09T04:00:00+0200,1142.425,MW,DK2,DK_2,actual_load,Actual Load,2026-07-28T15:54:14Z
2026-07-28T15:51:12Z,2026-07-28T17:51:12+0200,7f736f6c-1b19-41ae-a117-2d42eccec7d0,2026-07-09T03:00:00Z,2026-07-09T05:00:00+0200,1161.9975,MW,DK2,DK_2,actual_load,Actual Load,2026-07-28T15:54:14Z
2026-07-28T15:51:12Z,2026-07-28T17:51:12+0200,7f736f6c-1b19-41ae-a117-2d42eccec7d0,2026-07-09T04:00:00Z,2026-07-09T06:00:00+0200,1291.3975,MW,DK2,DK_2,actual_load,Actual Load,2026-07-28T15:54:14Z
2026-07-28T15:51:12Z,2026-07-28T17:51:12+0200,7f736f6c-1b19-41ae-a117-2d42eccec7d0,2026-07-09T05:00:00Z,2026-07-09T07:00:00+0200,1445.2275,MW,DK2,DK_2,actual_load,Actual Load,2026-07-28T15:54:14Z
2026-07-28T15:51:12Z,2026-07-28T17:51:12+0200,7f736f6c-1b19-41ae-a117-2d42eccec7d0,2026-07-09T06:00:00Z,2026-07-09T08:00:00+0200,1542.09,MW,DK2,DK_2,actual_load,Actual Load,2026-07-28T15:54:14Z
2026-07-28T15:51:12Z,2026-07-28T17:51:12+0200,7f736f6c-1b19-41ae-a117-2d42eccec7d0,2026-07-09T07:00:00Z,2026-07-09T09:00:00+0200,1668.15,MW,DK2,DK_2,actual_load,Actual Load,2026-07-28T15:54:14Z
2026-07-28T15:51:12Z,2026-07-28T17:51:12+0200,7f736f6c-1b19-41ae-a117-2d42eccec7d0,2026-07-09T08:00:00Z,2026-07-09T10:00:00+0200,1741.0375,MW,DK2,DK_2,actual_load,Actual Load,2026-07-28T15:54:14Z
2026-07-28T15:51:12Z,2026-07-28T17:51:12+0200,7f736f6c-1b19-41ae-a117-2d42eccec7d0,2026-07-09T09:00:00Z,2026-07-09T11:00:00+0200,1786.1225,MW,DK2,DK_2,actual_load,Actual Load,2026-07-28T15:54:14Z
2026-07-28T15:51:12Z,2026-07-28T17:51:12+0200,7f736f6c-1b19-41ae-a117-2d42eccec7d0,2026-07-09T10:00:00Z,2026-07-09T12:00:00+0200,1848.045,MW,DK2,DK_2,actual_load,Actual Load,2026-07-28T15:54:14Z
2026-07-28T15:51:12Z,2026-07-28T17:51:12+0200,7f736f6c-1b19-41ae-a117-2d42eccec7d0,2026-07-09T11:00:00Z,2026-07-09T13:00:00+0200,1912.6825,MW,DK2,DK_2,actual_load,Actual Load,2026-07-28T15:54:14Z
2026-07-28T15:51:12Z,2026-07-28T17:51:12+0200,7f736f6c-1b19-41ae-a117-2d42eccec7d0,2026-07-09T12:00:00Z,2026-07-09T14:00:00+0200,1890.0375,MW,DK2,DK_2,actual_load,Actual Load,2026-07-28T15:54:14Z
2026-07-28T15:51:12Z,2026-07-28T17:51:12+0200,7f736f6c-1b19-41ae-a117-2d42eccec7d0,2026-07-09T13:00:00Z,2026-07-09T15:00:00+0200,1837.5975,MW,DK2,DK_2,actual_load,Actual Load,2026-07-28T15:54:14Z
2026-07-28T15:51:12Z,2026-07-28T17:51:12+0200,7f736f6c-1b19-41ae-a117-2d42eccec7d0,2026-07-09T14:00:00Z,2026-07-09T16:00:00+0200,1779.5125,MW,DK2,DK_2,actual_load,Actual Load,2026-07-28T15:54:14Z
2026-07-28T15:51:12Z,2026-07-28T17:51:12+0200,7f736f6c-1b19-41ae-a117-2d42eccec7d0,2026-07-09T15:00:00Z,2026-07-09T17:00:00+0200,1751.28,MW,DK2,DK_2,actual_load,Actual Load,2026-07-28T15:54:14Z
2026-07-28T15:51:12Z,2026-07-28T17:51:12+0200,7f736f6c-1b19-41ae-a117-2d42eccec7d0,2026-07-09T16:00:00Z,2026-07-09T18:00:00+0200,1709.77,MW,DK2,DK_2,actual_load,Actual Load,2026-07-28T15:54:14Z
2026-07-28T15:51:12Z,2026-07-28T17:51:12+0200,7f736f6c-1b19-41ae-a117-2d42eccec7d0,2026-07-09T17:00:00Z,2026-07-09T19:00:00+0200,1608.945,MW,DK2,DK_2,actual_load,Actual Load,2026-07-28T15:54:14Z
2026-07-28T15:51:12Z,2026-07-28T17:51:12+0200,7f736f6c-1b19-41ae-a117-2d42eccec7d0,2026-07-09T18:00:00Z,2026-07-09T20:00:00+0200,1525.4725,MW,DK2,DK_2,actual_load,Actual Load,2026-07-28T15:54:14Z
2026-07-28T15:51:12Z,2026-07-28T17:51:12+0200,7f736f6c-1b19-41ae-a117-2d42eccec7d0,2026-07-09T19:00:00Z,2026-07-09T21:00:00+0200,1460.05,MW,DK2,DK_2,actual_load,Actual Load,2026-07-28T15:54:14Z
2026-07-28T15:51:12Z,2026-07-28T17:51:12+0200,7f736f6c-1b19-41ae-a117-2d42eccec7d0,2026-07-09T20:00:00Z,2026-07-09T22:00:00+0200,1418.8275,MW,DK2,DK_2,actual_load,Actual Load,2026-07-28T15:54:14Z
2026-07-28T15:51:12Z,2026-07-28T17:51:12+0200,7f736f6c-1b19-41ae-a117-2d42eccec7d0,2026-07-09T21:00:00Z,2026-07-09T23:00:00+0200,1335.235,MW,DK2,DK_2,actual_load,Actual Load,2026-07-28T15:54:14Z
2026-07-28T15:51:12Z,2026-07-28T17:51:12+0200,7f736f6c-1b19-41ae-a117-2d42eccec7d0,2026-07-09T22:00:00Z,2026-07-10T00:00:00+0200,1294.8625,MW,DK2,DK_2,actual_load,Actual Load,2026-07-28T15:54:14Z
2026-07-28T15:51:12Z,2026-07-28T17:51:12+0200,7f736f6c-1b19-41ae-a117-2d42eccec7d0,2026-07-09T23:00:00Z,2026-07-10T01:00:00+0200,1258.9375,MW,DK2,DK_2,actual_load,Actual Load,2026-07-28T15:54:14Z
2026-07-28T15:51:12Z,2026-07-28T17:51:12+0200,7f736f6c-1b19-41ae-a117-2d42eccec7d0,2026-07-10T00:00:00Z,2026-07-10T02:00:00+0200,1245.1325,MW,DK2,DK_2,actual_load,Actual Load,2026-07-28T15:54:14Z
2026-07-28T15:51:12Z,2026-07-28T17:51:12+0200,7f736f6c-1b19-41ae-a117-2d42eccec7d0,2026-07-10T01:00:00Z,2026-07-10T03:00:00+0200,1214.34,MW,DK2,DK_2,actual_load,Actual Load,2026-07-28T15:54:14Z
2026-07-28T15:51:12Z,2026-07-28T17:51:12+0200,7f736f6c-1b19-41ae-a117-2d42eccec7d0,2026-07-10T02:00:00Z,2026-07-10T04:00:00+0200,1145.775,MW,DK2,DK_2,actual_load,Actual Load,2026-07-28T15:54:14Z
2026-07-28T15:51:12Z,2026-07-28T17:51:12+0200,7f736f6c-1b19-41ae-a117-2d42eccec7d0,2026-07-10T03:00:00Z,2026-07-10T05:00:00+0200,1163.13,MW,DK2,DK_2,actual_load,Actual Load,2026-07-28T15:54:14Z
2026-07-28T15:51:12Z,2026-07-28T17:51:12+0200,7f736f6c-1b19-41ae-a117-2d42eccec7d0,2026-07-10T04:00:00Z,2026-07-10T06:00:00+0200,1270.1,MW,DK2,DK_2,actual_load,Actual Load,2026-07-28T15:54:14Z
2026-07-28T15:51:12Z,2026-07-28T17:51:12+0200,7f736f6c-1b19-41ae-a117-2d42eccec7d0,2026-07-10T05:00:00Z,2026-07-10T07:00:00+0200,1472.365,MW,DK2,DK_2,actual_load,Actual Load,2026-07-28T15:54:14Z
2026-07-28T15:51:12Z,2026-07-28T17:51:12+0200,7f736f6c-1b19-41ae-a117-2d42eccec7d0,2026-07-10T06:00:00Z,2026-07-10T08:00:00+0200,1621.65,MW,DK2,DK_2,actual_load,Actual Load,2026-07-28T15:54:14Z
2026-07-28T15:51:12Z,2026-07-28T17:51:12+0200,7f736f6c-1b19-41ae-a117-2d42eccec7d0,2026-07-10T07:00:00Z,2026-07-10T09:00:00+0200,1778.1325,MW,DK2,DK_2,actual_load,Actual Load,2026-07-28T15:54:14Z
2026-07-28T15:51:12Z,2026-07-28T17:51:12+0200,7f736f6c-1b19-41ae-a117-2d42eccec7d0,2026-07-10T08:00:00Z,2026-07-10T10:00:00+0200,1808.1175,MW,DK2,DK_2,actual_load,Actual Load,2026-07-28T15:54:14Z
2026-07-28T15:51:12Z,2026-07-28T17:51:12+0200,7f736f6c-1b19-41ae-a117-2d42eccec7d0,2026-07-10T09:00:00Z,2026-07-10T11:00:00+0200,1889.9375,MW,DK2,DK_2,actual_load,Actual Load,2026-07-28T15:54:14Z
2026-07-28T15:51:12Z,2026-07-28T17:51:12+0200,7f736f6c-1b19-41ae-a117-2d42eccec7d0,2026-07-10T10:00:00Z,2026-07-10T12:00:00+0200,1964.0275,MW,DK2,DK_2,actual_load,Actual Load,2026-07-28T15:54:14Z
2026-07-28T15:51:12Z,2026-07-28T17:51:12+0200,7f736f6c-1b19-41ae-a117-2d42eccec7d0,2026-07-10T11:00:00Z,2026-07-10T13:00:00+0200,2009.55,MW,DK2,DK_2,actual_load,Actual Load,2026-07-28T15:54:14Z
2026-07-28T15:51:12Z,2026-07-28T17:51:12+0200,7f736f6c-1b19-41ae-a117-2d42eccec7d0,2026-07-10T12:00:00Z,2026-07-10T14:00:00+0200,1950.1975,MW,DK2,DK_2,actual_load,Actual Load,2026-07-28T15:54:14Z
2026-07-28T15:51:12Z,2026-07-28T17:51:12+0200,7f736f6c-1b19-41ae-a117-2d42eccec7d0,2026-07-10T13:00:00Z,2026-07-10T15:00:00+0200,1834.645,MW,DK2,DK_2,actual_load,Actual Load,2026-07-28T15:54:14Z
2026-07-28T15:51:12Z,2026-07-28T17:51:12+0200,7f736f6c-1b19-41ae-a117-2d42eccec7d0,2026-07-10T14:00:00Z,2026-07-10T16:00:00+0200,1788.285,MW,DK2,DK_2,actual_load,Actual Load,2026-07-28T15:54:14Z
2026-07-28T15:51:12Z,2026-07-28T17:51:12+0200,7f736f6c-1b19-41ae-a117-2d42eccec7d0,2026-07-10T15:00:00Z,2026-07-10T17:00:00+0200,1766.7375,MW,DK2,DK_2,actual_load,Actual Load,2026-07-28T15:54:14Z
2026-07-28T15:51:12Z,2026-07-28T17:51:12+0200,7f736f6c-1b19-41ae-a117-2d42eccec7d0,2026-07-10T16:00:00Z,2026-07-10T18:00:00+0200,1707.595,MW,DK2,DK_2,actual_load,Actual Load,2026-07-28T15:54:14Z
2026-07-28T15:51:12Z,2026-07-28T17:51:12+0200,7f736f6c-1b19-41ae-a117-2d42eccec7d0,2026-07-10T17:00:00Z,2026-07-10T19:00:00+0200,1621.9725,MW,DK2,DK_2,actual_load,Actual Load,2026-07-28T15:54:14Z
2026-07-28T15:51:12Z,2026-07-28T17:51:12+0200,7f736f6c-1b19-41ae-a117-2d42eccec7d0,2026-07-10T18:00:00Z,2026-07-10T20:00:00+0200,1546.2475,MW,DK2,DK_2,actual_load,Actual Load,2026-07-28T15:54:14Z
2026-07-28T15:51:12Z,2026-07-28T17:51:12+0200,7f736f6c-1b19-41ae-a117-2d42eccec7d0,2026-07-10T19:00:00Z,2026-07-10T21:00:00+0200,1458.7325,MW,DK2,DK_2,actual_load,Actual Load,2026-07-28T15:54:14Z
2026-07-28T15:51:12Z,2026-07-28T17:51:12+0200,7f736f6c-1b19-41ae-a117-2d42eccec7d0,2026-07-10T20:00:00Z,2026-07-10T22:00:00+0200,1381.6325,MW,DK2,DK_2,actual_load,Actual Load,2026-07-28T15:54:14Z
2026-07-28T15:51:12Z,2026-07-28T17:51:12+0200,7f736f6c-1b19-41ae-a117-2d42eccec7d0,2026-07-10T21:00:00Z,2026-07-10T23:00:00+0200,1341.225,MW,DK2,DK_2,actual_load,Actual Load,2026-07-28T15:54:14Z
2026-07-28T15:51:12Z,2026-07-28T17:51:12+0200,7f736f6c-1b19-41ae-a117-2d42eccec7d0,2026-07-10T22:00:00Z,2026-07-11T00:00:00+0200,1295.23,MW,DK2,DK_2,actual_load,Actual Load,2026-07-28T15:54:14Z
2026-07-28T15:51:12Z,2026-07-28T17:51:12+0200,7f736f6c-1b19-41ae-a117-2d42eccec7d0,2026-07-10T23:00:00Z,2026-07-11T01:00:00+0200,1265.645,MW,DK2,DK_2,actual_load,Actual Load,2026-07-28T15:54:14Z
2026-07-28T15:51:12Z,2026-07-28T17:51:12+0200,7f736f6c-1b19-41ae-a117-2d42eccec7d0,2026-07-11T00:00:00Z,2026-07-11T02:00:00+0200,1217.2275,MW,DK2,DK_2,actual_load,Actual Load,2026-07-28T15:54:14Z
2026-07-28T15:51:12Z,2026-07-28T17:51:12+0200,7f736f6c-1b19-41ae-a117-2d42eccec7d0,2026-07-11T01:00:00Z,2026-07-11T03:00:00+0200,1167.535,MW,DK2,DK_2,actual_load,Actual Load,2026-07-28T15:54:14Z
2026-07-28T15:51:12Z,2026-07-28T17:51:12+0200,7f736f6c-1b19-41ae-a117-2d42eccec7d0,2026-07-11T02:00:00Z,2026-07-11T04:00:00+0200,1111.395,MW,DK2,DK_2,actual_load,Actual Load,2026-07-28T15:54:14Z
2026-07-28T15:51:12Z,2026-07-28T17:51:12+0200,7f736f6c-1b19-41ae-a117-2d42eccec7d0,2026-07-11T03:00:00Z,2026-07-11T05:00:00+0200,1094.3775,MW,DK2,DK_2,actual_load,Actual Load,2026-07-28T15:54:14Z
2026-07-28T15:51:12Z,2026-07-28T17:51:12+0200,7f736f6c-1b19-41ae-a117-2d42eccec7d0,2026-07-11T04:00:00Z,2026-07-11T06:00:00+0200,1124.5825,MW,DK2,DK_2,actual_load,Actual Load,2026-07-28T15:54:14Z
2026-07-28T15:51:12Z,2026-07-28T17:51:12+0200,7f736f6c-1b19-41ae-a117-2d42eccec7d0,2026-07-11T05:00:00Z,2026-07-11T07:00:00+0200,1252.3025,MW,DK2,DK_2,actual_load,Actual Load,2026-07-28T15:54:14Z
2026-07-28T15:51:12Z,2026-07-28T17:51:12+0200,7f736f6c-1b19-41ae-a117-2d42eccec7d0,2026-07-11T06:00:00Z,2026-07-11T08:00:00+0200,1380.2775,MW,DK2,DK_2,actual_load,Actual Load,2026-07-28T15:54:14Z
2026-07-28T15:51:12Z,2026-07-28T17:51:12+0200,7f736f6c-1b19-41ae-a117-2d42eccec7d0,2026-07-11T07:00:00Z,2026-07-11T09:00:00+0200,1471.0875,MW,DK2,DK_2,actual_load,Actual Load,2026-07-28T15:54:14Z
2026-07-28T15:51:12Z,2026-07-28T17:51:12+0200,7f736f6c-1b19-41ae-a117-2d42eccec7d0,2026-07-11T08:00:00Z,2026-07-11T10:00:00+0200,1729.3975,MW,DK2,DK_2,actual_load,Actual Load,2026-07-28T15:54:14Z
2026-07-28T15:51:12Z,2026-07-28T17:51:12+0200,7f736f6c-1b19-41ae-a117-2d42eccec7d0,2026-07-11T09:00:00Z,2026-07-11T11:00:00+0200,1882.765,MW,DK2,DK_2,actual_load,Actual Load,2026-07-28T15:54:14Z
2026-07-28T15:51:12Z,2026-07-28T17:51:12+0200,7f736f6c-1b19-41ae-a117-2d42eccec7d0,2026-07-11T10:00:00Z,2026-07-11T12:00:00+0200,1814.735,MW,DK2,DK_2,actual_load,Actual Load,2026-07-28T15:54:14Z
2026-07-28T15:51:12Z,2026-07-28T17:51:12+0200,7f736f6c-1b19-41ae-a117-2d42eccec7d0,2026-07-11T11:00:00Z,2026-07-11T13:00:00+0200,1799.415,MW,DK2,DK_2,actual_load,Actual Load,2026-07-28T15:54:14Z
2026-07-28T15:51:12Z,2026-07-28T17:51:12+0200,7f736f6c-1b19-41ae-a117-2d42eccec7d0,2026-07-11T12:00:00Z,2026-07-11T14:00:00+0200,1746.2625,MW,DK2,DK_2,actual_load,Actual Load,2026-07-28T15:54:14Z
2026-07-28T15:51:12Z,2026-07-28T17:51:12+0200,7f736f6c-1b19-41ae-a117-2d42eccec7d0,2026-07-11T13:00:00Z,2026-07-11T15:00:00+0200,1754.945,MW,DK2,DK_2,actual_load,Actual Load,2026-07-28T15:54:14Z
2026-07-28T15:51:12Z,2026-07-28T17:51:12+0200,7f736f6c-1b19-41ae-a117-2d42eccec7d0,2026-07-11T14:00:00Z,2026-07-11T16:00:00+0200,1654.4,MW,DK2,DK_2,actual_load,Actual Load,2026-07-28T15:54:14Z
2026-07-28T15:51:12Z,2026-07-28T17:51:12+0200,7f736f6c-1b19-41ae-a117-2d42eccec7d0,2026-07-11T15:00:00Z,2026-07-11T17:00:00+0200,1577.5825,MW,DK2,DK_2,actual_load,Actual Load,2026-07-28T15:54:14Z
2026-07-28T15:51:12Z,2026-07-28T17:51:12+0200,7f736f6c-1b19-41ae-a117-2d42eccec7d0,2026-07-11T16:00:00Z,2026-07-11T18:00:00+0200,1584.3275,MW,DK2,DK_2,actual_load,Actual Load,2026-07-28T15:54:14Z
2026-07-28T15:51:12Z,2026-07-28T17:51:12+0200,7f736f6c-1b19-41ae-a117-2d42eccec7d0,2026-07-11T17:00:00Z,2026-07-11T19:00:00+0200,1526.34,MW,DK2,DK_2,actual_load,Actual Load,2026-07-28T15:54:14Z
2026-07-28T15:51:12Z,2026-07-28T17:51:12+0200,7f736f6c-1b19-41ae-a117-2d42eccec7d0,2026-07-11T18:00:00Z,2026-07-11T20:00:00+0200,1437.745,MW,DK2,DK_2,actual_load,Actual Load,2026-07-28T15:54:14Z
2026-07-28T15:51:12Z,2026-07-28T17:51:12+0200,7f736f6c-1b19-41ae-a117-2d42eccec7d0,2026-07-11T19:00:00Z,2026-07-11T21:00:00+0200,1386.985,MW,DK2,DK_2,actual_load,Actual Load,2026-07-28T15:54:14Z
2026-07-28T15:51:12Z,2026-07-28T17:51:12+0200,7f736f6c-1b19-41ae-a117-2d42eccec7d0,2026-07-11T20:00:00Z,2026-07-11T22:00:00+0200,1383.58,MW,DK2,DK_2,actual_load,Actual Load,2026-07-28T15:54:14Z
2026-07-28T15:51:12Z,2026-07-28T17:51:12+0200,7f736f6c-1b19-41ae-a117-2d42eccec7d0,2026-07-11T21:00:00Z,2026-07-11T23:00:00+0200,1305.5,MW,DK2,DK_2,actual_load,Actual Load,2026-07-28T15:54:14Z
2026-07-28T15:51:12Z,2026-07-28T17:51:12+0200,7f736f6c-1b19-41ae-a117-2d42eccec7d0,2026-07-11T22:00:00Z,2026-07-12T00:00:00+0200,1267.305,MW,DK2,DK_2,actual_load,Actual Load,2026-07-28T15:54:14Z
2026-07-28T15:51:12Z,2026-07-28T17:51:12+0200,7f736f6c-1b19-41ae-a117-2d42eccec7d0,2026-07-11T23:00:00Z,2026-07-12T01:00:00+0200,1239.9225,MW,DK2,DK_2,actual_load,Actual Load,2026-07-28T15:54:14Z
2026-07-28T15:51:12Z,2026-07-28T17:51:12+0200,7f736f6c-1b19-41ae-a117-2d42eccec7d0,2026-07-12T00:00:00Z,2026-07-12T02:00:00+0200,1208.7225,MW,DK2,DK_2,actual_load,Actual Load,2026-07-28T15:54:14Z
2026-07-28T15:51:12Z,2026-07-28T17:51:12+0200,7f736f6c-1b19-41ae-a117-2d42eccec7d0,2026-07-12T01:00:00Z,2026-07-12T03:00:00+0200,1160.585,MW,DK2,DK_2,actual_load,Actual Load,2026-07-28T15:54:14Z
2026-07-28T15:51:12Z,2026-07-28T17:51:12+0200,7f736f6c-1b19-41ae-a117-2d42eccec7d0,2026-07-12T02:00:00Z,2026-07-12T04:00:00+0200,1149.1275,MW,DK2,DK_2,actual_load,Actual Load,2026-07-28T15:54:14Z
2026-07-28T15:51:12Z,2026-07-28T17:51:12+0200,7f736f6c-1b19-41ae-a117-2d42eccec7d0,2026-07-12T03:00:00Z,2026-07-12T05:00:00+0200,1113.8825,MW,DK2,DK_2,actual_load,Actual Load,2026-07-28T15:54:14Z
2026-07-28T15:51:12Z,2026-07-28T17:51:12+0200,7f736f6c-1b19-41ae-a117-2d42eccec7d0,2026-07-12T04:00:00Z,2026-07-12T06:00:00+0200,1134.4475,MW,DK2,DK_2,actual_load,Actual Load,2026-07-28T15:54:14Z
2026-07-28T15:51:12Z,2026-07-28T17:51:12+0200,7f736f6c-1b19-41ae-a117-2d42eccec7d0,2026-07-12T05:00:00Z,2026-07-12T07:00:00+0200,1231.93,MW,DK2,DK_2,actual_load,Actual Load,2026-07-28T15:54:14Z
2026-07-28T15:51:12Z,2026-07-28T17:51:12+0200,7f736f6c-1b19-41ae-a117-2d42eccec7d0,2026-07-12T06:00:00Z,2026-07-12T08:00:00+0200,1412.4975,MW,DK2,DK_2,actual_load,Actual Load,2026-07-28T15:54:14Z
2026-07-28T15:51:12Z,2026-07-28T17:51:12+0200,7f736f6c-1b19-41ae-a117-2d42eccec7d0,2026-07-12T07:00:00Z,2026-07-12T09:00:00+0200,1615.605,MW,DK2,DK_2,actual_load,Actual Load,2026-07-28T15:54:14Z
2026-07-28T15:51:12Z,2026-07-28T17:51:12+0200,7f736f6c-1b19-41ae-a117-2d42eccec7d0,2026-07-12T08:00:00Z,2026-07-12T10:00:00+0200,1761.5175,MW,DK2,DK_2,actual_load,Actual Load,2026-07-28T15:54:14Z
2026-07-28T15:51:12Z,2026-07-28T17:51:12+0200,7f736f6c-1b19-41ae-a117-2d42eccec7d0,2026-07-12T09:00:00Z,2026-07-12T11:00:00+0200,1793.51,MW,DK2,DK_2,actual_load,Actual Load,2026-07-28T15:54:14Z
2026-07-28T15:51:12Z,2026-07-28T17:51:12+0200,7f736f6c-1b19-41ae-a117-2d42eccec7d0,2026-07-12T10:00:00Z,2026-07-12T12:00:00+0200,1821.65,MW,DK2,DK_2,actual_load,Actual Load,2026-07-28T15:54:14Z
2026-07-28T15:51:12Z,2026-07-28T17:51:12+0200,7f736f6c-1b19-41ae-a117-2d42eccec7d0,2026-07-12T11:00:00Z,2026-07-12T13:00:00+0200,1793.5525,MW,DK2,DK_2,actual_load,Actual Load,2026-07-28T15:54:14Z
2026-07-28T15:51:12Z,2026-07-28T17:51:12+0200,7f736f6c-1b19-41ae-a117-2d42eccec7d0,2026-07-12T12:00:00Z,2026-07-12T14:00:00+0200,1748.88,MW,DK2,DK_2,actual_load,Actual Load,2026-07-28T15:54:14Z
2026-07-28T15:51:12Z,2026-07-28T17:51:12+0200,7f736f6c-1b19-41ae-a117-2d42eccec7d0,2026-07-12T13:00:00Z,2026-07-12T15:00:00+0200,1687.2975,MW,DK2,DK_2,actual_load,Actual Load,2026-07-28T15:54:14Z
2026-07-28T15:51:12Z,2026-07-28T17:51:12+0200,7f736f6c-1b19-41ae-a117-2d42eccec7d0,2026-07-12T14:00:00Z,2026-07-12T16:00:00+0200,1699.5525,MW,DK2,DK_2,actual_load,Actual Load,2026-07-28T15:54:14Z
2026-07-28T15:51:12Z,2026-07-28T17:51:12+0200,7f736f6c-1b19-41ae-a117-2d42eccec7d0,2026-07-12T15:00:00Z,2026-07-12T17:00:00+0200,1732.8075,MW,DK2,DK_2,actual_load,Actual Load,2026-07-28T15:54:14Z
2026-07-28T15:51:12Z,2026-07-28T17:51:12+0200,7f736f6c-1b19-41ae-a117-2d42eccec7d0,2026-07-12T16:00:00Z,2026-07-12T18:00:00+0200,1681.79,MW,DK2,DK_2,actual_load,Actual Load,2026-07-28T15:54:14Z
2026-07-28T15:51:12Z,2026-07-28T17:51:12+0200,7f736f6c-1b19-41ae-a117-2d42eccec7d0,2026-07-12T17:00:00Z,2026-07-12T19:00:00+0200,1587.1575,MW,DK2,DK_2,actual_load,Actual Load,2026-07-28T15:54:14Z
2026-07-28T15:51:12Z,2026-07-28T17:51:12+0200,7f736f6c-1b19-41ae-a117-2d42eccec7d0,2026-07-12T18:00:00Z,2026-07-12T20:00:00+0200,1510.3525,MW,DK2,DK_2,actual_load,Actual Load,2026-07-28T15:54:14Z
2026-07-28T15:51:12Z,2026-07-28T17:51:12+0200,7f736f6c-1b19-41ae-a117-2d42eccec7d0,2026-07-12T19:00:00Z,2026-07-12T21:00:00+0200,1449.55,MW,DK2,DK_2,actual_load,Actual Load,2026-07-28T15:54:14Z
2026-07-28T15:51:12Z,2026-07-28T17:51:12+0200,7f736f6c-1b19-41ae-a117-2d42eccec7d0,2026-07-12T20:00:00Z,2026-07-12T22:00:00+0200,1407.135,MW,DK2,DK_2,actual_load,Actual Load,2026-07-28T15:54:14Z
2026-07-28T15:51:12Z,2026-07-28T17:51:12+0200,7f736f6c-1b19-41ae-a117-2d42eccec7d0,2026-07-12T21:00:00Z,2026-07-12T23:00:00+0200,1344.0925,MW,DK2,DK_2,actual_load,Actual Load,2026-07-28T15:54:14Z
2026-07-28T15:51:12Z,2026-07-28T17:51:12+0200,7f736f6c-1b19-41ae-a117-2d42eccec7d0,2026-07-12T22:00:00Z,2026-07-13T00:00:00+0200,1310.3525,MW,DK2,DK_2,actual_load,Actual Load,2026-07-28T15:54:14Z
2026-07-28T15:51:12Z,2026-07-28T17:51:12+0200,7f736f6c-1b19-41ae-a117-2d42eccec7d0,2026-07-12T23:00:00Z,2026-07-13T01:00:00+0200,1278.7725,MW,DK2,DK_2,actual_load,Actual Load,2026-07-28T15:54:14Z
2026-07-28T15:51:12Z,2026-07-28T17:51:12+0200,7f736f6c-1b19-41ae-a117-2d42eccec7d0,2026-07-13T00:00:00Z,2026-07-13T02:00:00+0200,1240.9525,MW,DK2,DK_2,actual_load,Actual Load,2026-07-28T15:54:14Z
2026-07-28T15:51:12Z,2026-07-28T17:51:12+0200,7f736f6c-1b19-41ae-a117-2d42eccec7d0,2026-07-13T01:00:00Z,2026-07-13T03:00:00+0200,1186.4275,MW,DK2,DK_2,actual_load,Actual Load,2026-07-28T15:54:14Z
2026-07-28T15:51:12Z,2026-07-28T17:51:12+0200,7f736f6c-1b19-41ae-a117-2d42eccec7d0,2026-07-13T02:00:00Z,2026-07-13T04:00:00+0200,1154.8175,MW,DK2,DK_2,actual_load,Actual Load,2026-07-28T15:54:14Z
2026-07-28T15:51:12Z,2026-07-28T17:51:12+0200,7f736f6c-1b19-41ae-a117-2d42eccec7d0,2026-07-13T03:00:00Z,2026-07-13T05:00:00+0200,1175.3675,MW,DK2,DK_2,actual_load,Actual Load,2026-07-28T15:54:14Z
2026-07-28T15:51:12Z,2026-07-28T17:51:12+0200,7f736f6c-1b19-41ae-a117-2d42eccec7d0,2026-07-13T04:00:00Z,2026-07-13T06:00:00+0200,1308.745,MW,DK2,DK_2,actual_load,Actual Load,2026-07-28T15:54:14Z
2026-07-28T15:51:12Z,2026-07-28T17:51:12+0200,7f736f6c-1b19-41ae-a117-2d42eccec7d0,2026-07-13T05:00:00Z,2026-07-13T07:00:00+0200,1450.9575,MW,DK2,DK_2,actual_load,Actual Load,2026-07-28T15:54:14Z
2026-07-28T15:51:12Z,2026-07-28T17:51:12+0200,7f736f6c-1b19-41ae-a117-2d42eccec7d0,2026-07-13T06:00:00Z,2026-07-13T08:00:00+0200,1627.545,MW,DK2,DK_2,actual_load,Actual Load,2026-07-28T15:54:14Z
2026-07-28T15:51:12Z,2026-07-28T17:51:12+0200,7f736f6c-1b19-41ae-a117-2d42eccec7d0,2026-07-13T07:00:00Z,2026-07-13T09:00:00+0200,1704.9375,MW,DK2,DK_2,actual_load,Actual Load,2026-07-28T15:54:14Z
2026-07-28T15:51:12Z,2026-07-28T17:51:12+0200,7f736f6c-1b19-41ae-a117-2d42eccec7d0,2026-07-13T08:00:00Z,2026-07-13T10:00:00+0200,1884.2125,MW,DK2,DK_2,actual_load,Actual Load,2026-07-28T15:54:14Z
2026-07-28T15:51:12Z,2026-07-28T17:51:12+0200,7f736f6c-1b19-41ae-a117-2d42eccec7d0,2026-07-13T09:00:00Z,2026-07-13T11:00:00+0200,1925.36,MW,DK2,DK_2,actual_load,Actual Load,2026-07-28T15:54:14Z
2026-07-28T15:51:12Z,2026-07-28T17:51:12+0200,7f736f6c-1b19-41ae-a117-2d42eccec7d0,2026-07-13T10:00:00Z,2026-07-13T12:00:00+0200,1911.9925,MW,DK2,DK_2,actual_load,Actual Load,2026-07-28T15:54:14Z
2026-07-28T15:51:12Z,2026-07-28T17:51:12+0200,7f736f6c-1b19-41ae-a117-2d42eccec7d0,2026-07-13T11:00:00Z,2026-07-13T13:00:00+0200,1946.2875,MW,DK2,DK_2,actual_load,Actual Load,2026-07-28T15:54:14Z
2026-07-28T15:51:12Z,2026-07-28T17:51:12+0200,7f736f6c-1b19-41ae-a117-2d42eccec7d0,2026-07-13T12:00:00Z,2026-07-13T14:00:00+0200,1949.7775,MW,DK2,DK_2,actual_load,Actual Load,2026-07-28T15:54:14Z
2026-07-28T15:51:12Z,2026-07-28T17:51:12+0200,7f736f6c-1b19-41ae-a117-2d42eccec7d0,2026-07-13T13:00:00Z,2026-07-13T15:00:00+0200,1888.885,MW,DK2,DK_2,actual_load,Actual Load,2026-07-28T15:54:14Z
2026-07-28T15:51:12Z,2026-07-28T17:51:12+0200,7f736f6c-1b19-41ae-a117-2d42eccec7d0,2026-07-13T14:00:00Z,2026-07-13T16:00:00+0200,1789.8425,MW,DK2,DK_2,actual_load,Actual Load,2026-07-28T15:54:14Z
2026-07-28T15:51:12Z,2026-07-28T17:51:12+0200,7f736f6c-1b19-41ae-a117-2d42eccec7d0,2026-07-13T15:00:00Z,2026-07-13T17:00:00+0200,1774.545,MW,DK2,DK_2,actual_load,Actual Load,2026-07-28T15:54:14Z
2026-07-28T15:51:12Z,2026-07-28T17:51:12+0200,7f736f6c-1b19-41ae-a117-2d42eccec7d0,2026-07-13T16:00:00Z,2026-07-13T18:00:00+0200,1736.45,MW,DK2,DK_2,actual_load,Actual Load,2026-07-28T15:54:14Z
2026-07-28T15:51:12Z,2026-07-28T17:51:12+0200,7f736f6c-1b19-41ae-a117-2d42eccec7d0,2026-07-13T17:00:00Z,2026-07-13T19:00:00+0200,1614.0,MW,DK2,DK_2,actual_load,Actual Load,2026-07-28T15:54:14Z
2026-07-28T15:51:12Z,2026-07-28T17:51:12+0200,7f736f6c-1b19-41ae-a117-2d42eccec7d0,2026-07-13T18:00:00Z,2026-07-13T20:00:00+0200,1505.865,MW,DK2,DK_2,actual_load,Actual Load,2026-07-28T15:54:14Z
2026-07-28T15:51:12Z,2026-07-28T17:51:12+0200,7f736f6c-1b19-41ae-a117-2d42eccec7d0,2026-07-13T19:00:00Z,2026-07-13T21:00:00+0200,1454.7975,MW,DK2,DK_2,actual_load,Actual Load,2026-07-28T15:54:14Z
2026-07-28T15:51:12Z,2026-07-28T17:51:12+0200,7f736f6c-1b19-41ae-a117-2d42eccec7d0,2026-07-13T20:00:00Z,2026-07-13T22:00:00+0200,1407.985,MW,DK2,DK_2,actual_load,Actual Load,2026-07-28T15:54:14Z
2026-07-28T15:51:12Z,2026-07-28T17:51:12+0200,7f736f6c-1b19-41ae-a117-2d42eccec7d0,2026-07-13T21:00:00Z,2026-07-13T23:00:00+0200,1333.57,MW,DK2,DK_2,actual_load,Actual Load,2026-07-28T15:54:14Z
2026-07-28T15:51:12Z,2026-07-28T17:51:12+0200,7f736f6c-1b19-41ae-a117-2d42eccec7d0,2026-07-13T22:00:00Z,2026-07-14T00:00:00+0200,1273.45,MW,DK2,DK_2,actual_load,Actual Load,2026-07-28T15:54:14Z
2026-07-28T15:51:12Z,2026-07-28T17:51:12+0200,7f736f6c-1b19-41ae-a117-2d42eccec7d0,2026-07-13T23:00:00Z,2026-07-14T01:00:00+0200,1244.405,MW,DK2,DK_2,actual_load,Actual Load,2026-07-28T15:54:14Z
2026-07-28T15:51:12Z,2026-07-28T17:51:12+0200,7f736f6c-1b19-41ae-a117-2d42eccec7d0,2026-07-14T00:00:00Z,2026-07-14T02:00:00+0200,1212.95,MW,DK2,DK_2,actual_load,Actual Load,2026-07-28T15:54:14Z
2026-07-28T15:51:12Z,2026-07-28T17:51:12+0200,7f736f6c-1b19-41ae-a117-2d42eccec7d0,2026-07-14T01:00:00Z,2026-07-14T03:00:00+0200,1173.3825,MW,DK2,DK_2,actual_load,Actual Load,2026-07-28T15:54:14Z
2026-07-28T15:51:12Z,2026-07-28T17:51:12+0200,7f736f6c-1b19-41ae-a117-2d42eccec7d0,2026-07-14T02:00:00Z,2026-07-14T04:00:00+0200,1124.4575,MW,DK2,DK_2,actual_load,Actual Load,2026-07-28T15:54:14Z
2026-07-28T15:51:12Z,2026-07-28T17:51:12+0200,7f736f6c-1b19-41ae-a117-2d42eccec7d0,2026-07-14T03:00:00Z,2026-07-14T05:00:00+0200,1147.52,MW,DK2,DK_2,actual_load,Actual Load,2026-07-28T15:54:14Z
2026-07-28T15:51:12Z,2026-07-28T17:51:12+0200,7f736f6c-1b19-41ae-a117-2d42eccec7d0,2026-07-14T04:00:00Z,2026-07-14T06:00:00+0200,1281.4675,MW,DK2,DK_2,actual_load,Actual Load,2026-07-28T15:54:14Z
2026-07-28T15:51:12Z,2026-07-28T17:51:12+0200,7f736f6c-1b19-41ae-a117-2d42eccec7d0,2026-07-14T05:00:00Z,2026-07-14T07:00:00+0200,1452.1525,MW,DK2,DK_2,actual_load,Actual Load,2026-07-28T15:54:14Z
2026-07-28T15:51:12Z,2026-07-28T17:51:12+0200,7f736f6c-1b19-41ae-a117-2d42eccec7d0,2026-07-14T06:00:00Z,2026-07-14T08:00:00+0200,1615.545,MW,DK2,DK_2,actual_load,Actual Load,2026-07-28T15:54:14Z
2026-07-28T15:51:12Z,2026-07-28T17:51:12+0200,7f736f6c-1b19-41ae-a117-2d42eccec7d0,2026-07-14T07:00:00Z,2026-07-14T09:00:00+0200,1709.295,MW,DK2,DK_2,actual_load,Actual Load,2026-07-28T15:54:14Z
2026-07-28T15:51:12Z,2026-07-28T17:51:12+0200,7f736f6c-1b19-41ae-a117-2d42eccec7d0,2026-07-14T08:00:00Z,2026-07-14T10:00:00+0200,1811.5375,MW,DK2,DK_2,actual_load,Actual Load,2026-07-28T15:54:14Z
2026-07-28T15:51:12Z,2026-07-28T17:51:12+0200,7f736f6c-1b19-41ae-a117-2d42eccec7d0,2026-07-14T09:00:00Z,2026-07-14T11:00:00+0200,1798.165,MW,DK2,DK_2,actual_load,Actual Load,2026-07-28T15:54:14Z
2026-07-28T15:51:12Z,2026-07-28T17:51:12+0200,7f736f6c-1b19-41ae-a117-2d42eccec7d0,2026-07-14T10:00:00Z,2026-07-14T12:00:00+0200,1841.095,MW,DK2,DK_2,actual_load,Actual Load,2026-07-28T15:54:14Z
2026-07-28T15:51:12Z,2026-07-28T17:51:12+0200,7f736f6c-1b19-41ae-a117-2d42eccec7d0,2026-07-14T11:00:00Z,2026-07-14T13:00:00+0200,1920.7375,MW,DK2,DK_2,actual_load,Actual Load,2026-07-28T15:54:14Z
2026-07-28T15:51:12Z,2026-07-28T17:51:12+0200,7f736f6c-1b19-41ae-a117-2d42eccec7d0,2026-07-14T12:00:00Z,2026-07-14T14:00:00+0200,1879.5375,MW,DK2,DK_2,actual_load,Actual Load,2026-07-28T15:54:14Z
2026-07-28T15:51:12Z,2026-07-28T17:51:12+0200,7f736f6c-1b19-41ae-a117-2d42eccec7d0,2026-07-14T13:00:00Z,2026-07-14T15:00:00+0200,1799.555,MW,DK2,DK_2,actual_load,Actual Load,2026-07-28T15:54:14Z
2026-07-28T15:51:12Z,2026-07-28T17:51:12+0200,7f736f6c-1b19-41ae-a117-2d42eccec7d0,2026-07-14T14:00:00Z,2026-07-14T16:00:00+0200,1781.4425,MW,DK2,DK_2,actual_load,Actual Load,2026-07-28T15:54:14Z
2026-07-28T15:51:12Z,2026-07-28T17:51:12+0200,7f736f6c-1b19-41ae-a117-2d42eccec7d0,2026-07-14T15:00:00Z,2026-07-14T17:00:00+0200,1756.6775,MW,DK2,DK_2,actual_load,Actual Load,2026-07-28T15:54:14Z
2026-07-28T15:51:12Z,2026-07-28T17:51:12+0200,7f736f6c-1b19-41ae-a117-2d42eccec7d0,2026-07-14T16:00:00Z,2026-07-14T18:00:00+0200,1693.085,MW,DK2,DK_2,actual_load,Actual Load,2026-07-28T15:54:14Z
2026-07-28T15:51:12Z,2026-07-28T17:51:12+0200,7f736f6c-1b19-41ae-a117-2d42eccec7d0,2026-07-14T17:00:00Z,2026-07-14T19:00:00+0200,1602.3475,MW,DK2,DK_2,actual_load,Actual Load,2026-07-28T15:54:14Z
2026-07-28T15:51:12Z,2026-07-28T17:51:12+0200,7f736f6c-1b19-41ae-a117-2d42eccec7d0,2026-07-14T18:00:00Z,2026-07-14T20:00:00+0200,1528.03,MW,DK2,DK_2,actual_load,Actual Load,2026-07-28T15:54:14Z
2026-07-28T15:51:12Z,2026-07-28T17:51:12+0200,7f736f6c-1b19-41ae-a117-2d42eccec7d0,2026-07-14T19:00:00Z,2026-07-14T21:00:00+0200,1457.415,MW,DK2,DK_2,actual_load,Actual Load,2026-07-28T15:54:14Z
2026-07-28T15:51:12Z,2026-07-28T17:51:12+0200,7f736f6c-1b19-41ae-a117-2d42eccec7d0,2026-07-14T20:00:00Z,2026-07-14T22:00:00+0200,1418.505,MW,DK2,DK_2,actual_load,Actual Load,2026-07-28T15:54:14Z
2026-07-28T15:51:12Z,2026-07-28T17:51:12+0200,7f736f6c-1b19-41ae-a117-2d42eccec7d0,2026-07-14T21:00:00Z,2026-07-14T23:00:00+0200,1345.66,MW,DK2,DK_2,actual_load,Actual Load,2026-07-28T15:54:14Z
2026-07-28T15:51:12Z,2026-07-28T17:51:12+0200,7f736f6c-1b19-41ae-a117-2d42eccec7d0,2026-07-14T22:00:00Z,2026-07-15T00:00:00+0200,1296.3,MW,DK2,DK_2,actual_load,Actual Load,2026-07-28T15:54:14Z
2026-07-28T15:51:12Z,2026-07-28T17:51:12+0200,7f736f6c-1b19-41ae-a117-2d42eccec7d0,2026-07-14T23:00:00Z,2026-07-15T01:00:00+0200,1251.6675,MW,DK2,DK_2,actual_load,Actual Load,2026-07-28T15:54:14Z
2026-07-28T15:51:12Z,2026-07-28T17:51:12+0200,7f736f6c-1b19-41ae-a117-2d42eccec7d0,2026-07-15T00:00:00Z,2026-07-15T02:00:00+0200,1224.7125,MW,DK2,DK_2,actual_load,Actual Load,2026-07-28T15:54:14Z
2026-07-28T15:51:12Z,2026-07-28T17:51:12+0200,7f736f6c-1b19-41ae-a117-2d42eccec7d0,2026-07-15T01:00:00Z,2026-07-15T03:00:00+0200,1193.7675,MW,DK2,DK_2,actual_load,Actual Load,2026-07-28T15:54:14Z
2026-07-28T15:51:12Z,2026-07-28T17:51:12+0200,7f736f6c-1b19-41ae-a117-2d42eccec7d0,2026-07-15T02:00:00Z,2026-07-15T04:00:00+0200,1151.7475,MW,DK2,DK_2,actual_load,Actual Load,2026-07-28T15:54:14Z
2026-07-28T15:51:12Z,2026-07-28T17:51:12+0200,7f736f6c-1b19-41ae-a117-2d42eccec7d0,2026-07-15T03:00:00Z,2026-07-15T05:00:00+0200,1148.5875,MW,DK2,DK_2,actual_load,Actual Load,2026-07-28T15:54:14Z
2026-07-28T15:51:12Z,2026-07-28T17:51:12+0200,7f736f6c-1b19-41ae-a117-2d42eccec7d0,2026-07-15T04:00:00Z,2026-07-15T06:00:00+0200,1260.4225,MW,DK2,DK_2,actual_load,Actual Load,2026-07-28T15:54:14Z
2026-07-28T15:51:12Z,2026-07-28T17:51:12+0200,7f736f6c-1b19-41ae-a117-2d42eccec7d0,2026-07-15T05:00:00Z,2026-07-15T07:00:00+0200,1388.0075,MW,DK2,DK_2,actual_load,Actual Load,2026-07-28T15:54:14Z
2026-07-28T15:51:12Z,2026-07-28T17:51:12+0200,7f736f6c-1b19-41ae-a117-2d42eccec7d0,2026-07-15T06:00:00Z,2026-07-15T08:00:00+0200,1579.8275,MW,DK2,DK_2,actual_load,Actual Load,2026-07-28T15:54:14Z
2026-07-28T15:51:12Z,2026-07-28T17:51:12+0200,7f736f6c-1b19-41ae-a117-2d42eccec7d0,2026-07-15T07:00:00Z,2026-07-15T09:00:00+0200,1722.0125,MW,DK2,DK_2,actual_load,Actual Load,2026-07-28T15:54:14Z
2026-07-28T15:51:12Z,2026-07-28T17:51:12+0200,7f736f6c-1b19-41ae-a117-2d42eccec7d0,2026-07-15T08:00:00Z,2026-07-15T10:00:00+0200,1769.16,MW,DK2,DK_2,actual_load,Actual Load,2026-07-28T15:54:14Z
2026-07-28T15:51:12Z,2026-07-28T17:51:12+0200,7f736f6c-1b19-41ae-a117-2d42eccec7d0,2026-07-15T09:00:00Z,2026-07-15T11:00:00+0200,1808.445,MW,DK2,DK_2,actual_load,Actual Load,2026-07-28T15:54:14Z
2026-07-28T15:51:12Z,2026-07-28T17:51:12+0200,7f736f6c-1b19-41ae-a117-2d42eccec7d0,2026-07-15T10:00:00Z,2026-07-15T12:00:00+0200,1892.44,MW,DK2,DK_2,actual_load,Actual Load,2026-07-28T15:54:14Z
2026-07-28T15:51:12Z,2026-07-28T17:51:12+0200,7f736f6c-1b19-41ae-a117-2d42eccec7d0,2026-07-15T11:00:00Z,2026-07-15T13:00:00+0200,1927.6275,MW,DK2,DK_2,actual_load,Actual Load,2026-07-28T15:54:14Z
2026-07-28T15:51:12Z,2026-07-28T17:51:12+0200,7f736f6c-1b19-41ae-a117-2d42eccec7d0,2026-07-15T12:00:00Z,2026-07-15T14:00:00+0200,1881.215,MW,DK2,DK_2,actual_load,Actual Load,2026-07-28T15:54:14Z
2026-07-28T15:51:12Z,2026-07-28T17:51:12+0200,7f736f6c-1b19-41ae-a117-2d42eccec7d0,2026-07-15T13:00:00Z,2026-07-15T15:00:00+0200,1809.1925,MW,DK2,DK_2,actual_load,Actual Load,2026-07-28T15:54:14Z
2026-07-28T15:51:12Z,2026-07-28T17:51:12+0200,7f736f6c-1b19-41ae-a117-2d42eccec7d0,2026-07-15T14:00:00Z,2026-07-15T16:00:00+0200,1815.4325,MW,DK2,DK_2,actual_load,Actual Load,2026-07-28T15:54:14Z
2026-07-28T15:51:12Z,2026-07-28T17:51:12+0200,7f736f6c-1b19-41ae-a117-2d42eccec7d0,2026-07-15T15:00:00Z,2026-07-15T17:00:00+0200,1783.76,MW,DK2,DK_2,actual_load,Actual Load,2026-07-28T15:54:14Z
2026-07-28T15:51:12Z,2026-07-28T17:51:12+0200,7f736f6c-1b19-41ae-a117-2d42eccec7d0,2026-07-15T16:00:00Z,2026-07-15T18:00:00+0200,1737.175,MW,DK2,DK_2,actual_load,Actual Load,2026-07-28T15:54:14Z
2026-07-28T15:51:12Z,2026-07-28T17:51:12+0200,7f736f6c-1b19-41ae-a117-2d42eccec7d0,2026-07-15T17:00:00Z,2026-07-15T19:00:00+0200,1645.7625,MW,DK2,DK_2,actual_load,Actual Load,2026-07-28T15:54:14Z
2026-07-28T15:51:12Z,2026-07-28T17:51:12+0200,7f736f6c-1b19-41ae-a117-2d42eccec7d0,2026-07-15T18:00:00Z,2026-07-15T20:00:00+0200,1503.42,MW,DK2,DK_2,actual_load,Actual Load,2026-07-28T15:54:14Z
2026-07-28T15:51:12Z,2026-07-28T17:51:12+0200,7f736f6c-1b19-41ae-a117-2d42eccec7d0,2026-07-15T19:00:00Z,2026-07-15T21:00:00+0200,1458.7625,MW,DK2,DK_2,actual_load,Actual Load,2026-07-28T15:54:14Z
2026-07-28T15:51:12Z,2026-07-28T17:51:12+0200,7f736f6c-1b19-41ae-a117-2d42eccec7d0,2026-07-15T20:00:00Z,2026-07-15T22:00:00+0200,1451.9175,MW,DK2,DK_2,actual_load,Actual Load,2026-07-28T15:54:14Z
2026-07-28T15:51:12Z,2026-07-28T17:51:12+0200,7f736f6c-1b19-41ae-a117-2d42eccec7d0,2026-07-15T21:00:00Z,2026-07-15T23:00:00+0200,1368.6225,MW,DK2,DK_2,actual_load,Actual Load,2026-07-28T15:54:14Z
2026-07-28T15:51:12Z,2026-07-28T17:51:12+0200,7f736f6c-1b19-41ae-a117-2d42eccec7d0,2026-07-15T22:00:00Z,2026-07-16T00:00:00+0200,1301.97,MW,DK2,DK_2,actual_load,Actual Load,2026-07-28T15:54:14Z
2026-07-28T15:51:12Z,2026-07-28T17:51:12+0200,7f736f6c-1b19-41ae-a117-2d42eccec7d0,2026-07-15T23:00:00Z,2026-07-16T01:00:00+0200,1267.47,MW,DK2,DK_2,actual_load,Actual Load,2026-07-28T15:54:14Z
2026-07-28T15:51:12Z,2026-07-28T17:51:12+0200,7f736f6c-1b19-41ae-a117-2d42eccec7d0,2026-07-16T00:00:00Z,2026-07-16T02:00:00+0200,1235.9025,MW,DK2,DK_2,actual_load,Actual Load,2026-07-28T15:54:14Z
2026-07-28T15:51:12Z,2026-07-28T17:51:12+0200,7f736f6c-1b19-41ae-a117-2d42eccec7d0,2026-07-16T01:00:00Z,2026-07-16T03:00:00+0200,1204.1675,MW,DK2,DK_2,actual_load,Actual Load,2026-07-28T15:54:14Z
2026-07-28T15:51:12Z,2026-07-28T17:51:12+0200,7f736f6c-1b19-41ae-a117-2d42eccec7d0,2026-07-16T02:00:00Z,2026-07-16T04:00:00+0200,1146.6575,MW,DK2,DK_2,actual_load,Actual Load,2026-07-28T15:54:14Z
2026-07-28T15:51:12Z,2026-07-28T17:51:12+0200,7f736f6c-1b19-41ae-a117-2d42eccec7d0,2026-07-16T03:00:00Z,2026-07-16T05:00:00+0200,1159.2025,MW,DK2,DK_2,actual_load,Actual Load,2026-07-28T15:54:14Z
2026-07-28T15:51:12Z,2026-07-28T17:51:12+0200,7f736f6c-1b19-41ae-a117-2d42eccec7d0,2026-07-16T04:00:00Z,2026-07-16T06:00:00+0200,1247.095,MW,DK2,DK_2,actual_load,Actual Load,2026-07-28T15:54:14Z
2026-07-28T15:51:12Z,2026-07-28T17:51:12+0200,7f736f6c-1b19-41ae-a117-2d42eccec7d0,2026-07-16T05:00:00Z,2026-07-16T07:00:00+0200,1444.2475,MW,DK2,DK_2,actual_load,Actual Load,2026-07-28T15:54:14Z
2026-07-28T15:51:12Z,2026-07-28T17:51:12+0200,7f736f6c-1b19-41ae-a117-2d42eccec7d0,2026-07-16T06:00:00Z,2026-07-16T08:00:00+0200,1603.2125,MW,DK2,DK_2,actual_load,Actual Load,2026-07-28T15:54:14Z
2026-07-28T15:51:12Z,2026-07-28T17:51:12+0200,7f736f6c-1b19-41ae-a117-2d42eccec7d0,2026-07-16T07:00:00Z,2026-07-16T09:00:00+0200,1714.055,MW,DK2,DK_2,actual_load,Actual Load,2026-07-28T15:54:14Z
2026-07-28T15:51:12Z,2026-07-28T17:51:12+0200,7f736f6c-1b19-41ae-a117-2d42eccec7d0,2026-07-16T08:00:00Z,2026-07-16T10:00:00+0200,1749.565,MW,DK2,DK_2,actual_load,Actual Load,2026-07-28T15:54:14Z
2026-07-28T15:51:12Z,2026-07-28T17:51:12+0200,7f736f6c-1b19-41ae-a117-2d42eccec7d0,2026-07-16T09:00:00Z,2026-07-16T11:00:00+0200,1823.3025,MW,DK2,DK_2,actual_load,Actual Load,2026-07-28T15:54:14Z
2026-07-28T15:51:12Z,2026-07-28T17:51:12+0200,7f736f6c-1b19-41ae-a117-2d42eccec7d0,2026-07-16T10:00:00Z,2026-07-16T12:00:00+0200,1830.5,MW,DK2,DK_2,actual_load,Actual Load,2026-07-28T15:54:14Z
2026-07-28T15:51:12Z,2026-07-28T17:51:12+0200,7f736f6c-1b19-41ae-a117-2d42eccec7d0,2026-07-16T11:00:00Z,2026-07-16T13:00:00+0200,1842.0175,MW,DK2,DK_2,actual_load,Actual Load,2026-07-28T15:54:14Z
2026-07-28T15:51:12Z,2026-07-28T17:51:12+0200,7f736f6c-1b19-41ae-a117-2d42eccec7d0,2026-07-16T12:00:00Z,2026-07-16T14:00:00+0200,1801.1575,MW,DK2,DK_2,actual_load,Actual Load,2026-07-28T15:54:14Z
2026-07-28T15:51:12Z,2026-07-28T17:51:12+0200,7f736f6c-1b19-41ae-a117-2d42eccec7d0,2026-07-16T13:00:00Z,2026-07-16T15:00:00+0200,1763.8925,MW,DK2,DK_2,actual_load,Actual Load,2026-07-28T15:54:14Z
2026-07-28T15:51:12Z,2026-07-28T17:51:12+0200,7f736f6c-1b19-41ae-a117-2d42eccec7d0,2026-07-16T14:00:00Z,2026-07-16T16:00:00+0200,1730.99,MW,DK2,DK_2,actual_load,Actual Load,2026-07-28T15:54:14Z
2026-07-28T15:51:12Z,2026-07-28T17:51:12+0200,7f736f6c-1b19-41ae-a117-2d42eccec7d0,2026-07-16T15:00:00Z,2026-07-16T17:00:00+0200,1752.95,MW,DK2,DK_2,actual_load,Actual Load,2026-07-28T15:54:14Z
2026-07-28T15:51:12Z,2026-07-28T17:51:12+0200,7f736f6c-1b19-41ae-a117-2d42eccec7d0,2026-07-16T16:00:00Z,2026-07-16T18:00:00+0200,1672.455,MW,DK2,DK_2,actual_load,Actual Load,2026-07-28T15:54:14Z
2026-07-28T15:51:12Z,2026-07-28T17:51:12+0200,7f736f6c-1b19-41ae-a117-2d42eccec7d0,2026-07-16T17:00:00Z,2026-07-16T19:00:00+0200,1548.2975,MW,DK2,DK_2,actual_load,Actual Load,2026-07-28T15:54:14Z
2026-07-28T15:51:12Z,2026-07-28T17:51:12+0200,7f736f6c-1b19-41ae-a117-2d42eccec7d0,2026-07-16T18:00:00Z,2026-07-16T20:00:00+0200,1510.3625,MW,DK2,DK_2,actual_load,Actual Load,2026-07-28T15:54:14Z
2026-07-28T15:51:12Z,2026-07-28T17:51:12+0200,7f736f6c-1b19-41ae-a117-2d42eccec7d0,2026-07-16T19:00:00Z,2026-07-16T21:00:00+0200,1471.82,MW,DK2,DK_2,actual_load,Actual Load,2026-07-28T15:54:14Z
2026-07-28T15:51:12Z,2026-07-28T17:51:12+0200,7f736f6c-1b19-41ae-a117-2d42eccec7d0,2026-07-16T20:00:00Z,2026-07-16T22:00:00+0200,1375.48,MW,DK2,DK_2,actual_load,Actual Load,2026-07-28T15:54:14Z
2026-07-28T15:51:12Z,2026-07-28T17:51:12+0200,7f736f6c-1b19-41ae-a117-2d42eccec7d0,2026-07-16T21:00:00Z,2026-07-16T23:00:00+0200,1323.035,MW,DK2,DK_2,actual_load,Actual Load,2026-07-28T15:54:14Z
2026-07-28T15:51:12Z,2026-07-28T17:51:12+0200,7f736f6c-1b19-41ae-a117-2d42eccec7d0,2026-07-16T22:00:00Z,2026-07-17T00:00:00+0200,1267.6575,MW,DK2,DK_2,actual_load,Actual Load,2026-07-28T15:54:14Z
2026-07-28T15:51:12Z,2026-07-28T17:51:12+0200,7f736f6c-1b19-41ae-a117-2d42eccec7d0,2026-07-16T23:00:00Z,2026-07-17T01:00:00+0200,1259.0825,MW,DK2,DK_2,actual_load,Actual Load,2026-07-28T15:54:14Z
2026-07-28T15:51:12Z,2026-07-28T17:51:12+0200,7f736f6c-1b19-41ae-a117-2d42eccec7d0,2026-07-17T00:00:00Z,2026-07-17T02:00:00+0200,1230.315,MW,DK2,DK_2,actual_load,Actual Load,2026-07-28T15:54:14Z
2026-07-28T15:51:12Z,2026-07-28T17:51:12+0200,7f736f6c-1b19-41ae-a117-2d42eccec7d0,2026-07-17T01:00:00Z,2026-07-17T03:00:00+0200,1195.3825,MW,DK2,DK_2,actual_load,Actual Load,2026-07-28T15:54:14Z
2026-07-28T15:51:12Z,2026-07-28T17:51:12+0200,7f736f6c-1b19-41ae-a117-2d42eccec7d0,2026-07-17T02:00:00Z,2026-07-17T04:00:00+0200,1170.4325,MW,DK2,DK_2,actual_load,Actual Load,2026-07-28T15:54:14Z
2026-07-28T15:51:12Z,2026-07-28T17:51:12+0200,7f736f6c-1b19-41ae-a117-2d42eccec7d0,2026-07-17T03:00:00Z,2026-07-17T05:00:00+0200,1144.055,MW,DK2,DK_2,actual_load,Actual Load,2026-07-28T15:54:14Z
2026-07-28T15:51:12Z,2026-07-28T17:51:12+0200,7f736f6c-1b19-41ae-a117-2d42eccec7d0,2026-07-17T04:00:00Z,2026-07-17T06:00:00+0200,1246.2075,MW,DK2,DK_2,actual_load,Actual Load,2026-07-28T15:54:14Z
2026-07-28T15:51:12Z,2026-07-28T17:51:12+0200,7f736f6c-1b19-41ae-a117-2d42eccec7d0,2026-07-17T05:00:00Z,2026-07-17T07:00:00+0200,1418.8075,MW,DK2,DK_2,actual_load,Actual Load,2026-07-28T15:54:14Z
2026-07-28T15:51:12Z,2026-07-28T17:51:12+0200,7f736f6c-1b19-41ae-a117-2d42eccec7d0,2026-07-17T06:00:00Z,2026-07-17T08:00:00+0200,1586.2625,MW,DK2,DK_2,actual_load,Actual Load,2026-07-28T15:54:14Z
2026-07-28T15:51:12Z,2026-07-28T17:51:12+0200,7f736f6c-1b19-41ae-a117-2d42eccec7d0,2026-07-17T07:00:00Z,2026-07-17T09:00:00+0200,1686.855,MW,DK2,DK_2,actual_load,Actual Load,2026-07-28T15:54:14Z
2026-07-28T15:51:12Z,2026-07-28T17:51:12+0200,7f736f6c-1b19-41ae-a117-2d42eccec7d0,2026-07-17T08:00:00Z,2026-07-17T10:00:00+0200,1758.235,MW,DK2,DK_2,actual_load,Actual Load,2026-07-28T15:54:14Z
2026-07-28T15:51:12Z,2026-07-28T17:51:12+0200,7f736f6c-1b19-41ae-a117-2d42eccec7d0,2026-07-17T09:00:00Z,2026-07-17T11:00:00+0200,1834.3375,MW,DK2,DK_2,actual_load,Actual Load,2026-07-28T15:54:14Z
2026-07-28T15:51:12Z,2026-07-28T17:51:12+0200,7f736f6c-1b19-41ae-a117-2d42eccec7d0,2026-07-17T10:00:00Z,2026-07-17T12:00:00+0200,1931.25,MW,DK2,DK_2,actual_load,Actual Load,2026-07-28T15:54:14Z
2026-07-28T15:51:12Z,2026-07-28T17:51:12+0200,7f736f6c-1b19-41ae-a117-2d42eccec7d0,2026-07-17T11:00:00Z,2026-07-17T13:00:00+0200,1868.455,MW,DK2,DK_2,actual_load,Actual Load,2026-07-28T15:54:14Z
2026-07-28T15:51:12Z,2026-07-28T17:51:12+0200,7f736f6c-1b19-41ae-a117-2d42eccec7d0,2026-07-17T12:00:00Z,2026-07-17T14:00:00+0200,1839.4875,MW,DK2,DK_2,actual_load,Actual Load,2026-07-28T15:54:14Z
2026-07-28T15:51:12Z,2026-07-28T17:51:12+0200,7f736f6c-1b19-41ae-a117-2d42eccec7d0,2026-07-17T13:00:00Z,2026-07-17T15:00:00+0200,1858.0825,MW,DK2,DK_2,actual_load,Actual Load,2026-07-28T15:54:14Z
2026-07-28T15:51:12Z,2026-07-28T17:51:12+0200,7f736f6c-1b19-41ae-a117-2d42eccec7d0,2026-07-17T14:00:00Z,2026-07-17T16:00:00+0200,1802.71,MW,DK2,DK_2,actual_load,Actual Load,2026-07-28T15:54:14Z
2026-07-28T15:51:12Z,2026-07-28T17:51:12+0200,7f736f6c-1b19-41ae-a117-2d42eccec7d0,2026-07-17T15:00:00Z,2026-07-17T17:00:00+0200,1789.32,MW,DK2,DK_2,actual_load,Actual Load,2026-07-28T15:54:14Z
2026-07-28T15:51:12Z,2026-07-28T17:51:12+0200,7f736f6c-1b19-41ae-a117-2d42eccec7d0,2026-07-17T16:00:00Z,2026-07-17T18:00:00+0200,1743.135,MW,DK2,DK_2,actual_load,Actual Load,2026-07-28T15:54:14Z
2026-07-28T15:51:12Z,2026-07-28T17:51:12+0200,7f736f6c-1b19-41ae-a117-2d42eccec7d0,2026-07-17T17:00:00Z,2026-07-17T19:00:00+0200,1666.71,MW,DK2,DK_2,actual_load,Actual Load,2026-07-28T15:54:14Z
2026-07-28T15:51:12Z,2026-07-28T17:51:12+0200,7f736f6c-1b19-41ae-a117-2d42eccec7d0,2026-07-17T18:00:00Z,2026-07-17T20:00:00+0200,1514.1825,MW,DK2,DK_2,actual_load,Actual Load,2026-07-28T15:54:14Z
2026-07-28T15:51:12Z,2026-07-28T17:51:12+0200,7f736f6c-1b19-41ae-a117-2d42eccec7d0,2026-07-17T19:00:00Z,2026-07-17T21:00:00+0200,1440.775,MW,DK2,DK_2,actual_load,Actual Load,2026-07-28T15:54:14Z
2026-07-28T15:51:12Z,2026-07-28T17:51:12+0200,7f736f6c-1b19-41ae-a117-2d42eccec7d0,2026-07-17T20:00:00Z,2026-07-17T22:00:00+0200,1400.4675,MW,DK2,DK_2,actual_load,Actual Load,2026-07-28T15:54:14Z
2026-07-28T15:51:12Z,2026-07-28T17:51:12+0200,7f736f6c-1b19-41ae-a117-2d42eccec7d0,2026-07-17T21:00:00Z,2026-07-17T23:00:00+0200,1343.4975,MW,DK2,DK_2,actual_load,Actual Load,2026-07-28T15:54:14Z
2026-07-28T15:51:12Z,2026-07-28T17:51:12+0200,7f736f6c-1b19-41ae-a117-2d42eccec7d0,2026-07-17T22:00:00Z,2026-07-18T00:00:00+0200,1270.425,MW,DK2,DK_2,actual_load,Actual Load,2026-07-28T15:54:14Z
2026-07-28T15:51:12Z,2026-07-28T17:51:12+0200,7f736f6c-1b19-41ae-a117-2d42eccec7d0,2026-07-17T23:00:00Z,2026-07-18T01:00:00+0200,1248.15,MW,DK2,DK_2,actual_load,Actual Load,2026-07-28T15:54:14Z
2026-07-28T15:51:12Z,2026-07-28T17:51:12+0200,7f736f6c-1b19-41ae-a117-2d42eccec7d0,2026-07-18T00:00:00Z,2026-07-18T02:00:00+0200,1246.8625,MW,DK2,DK_2,actual_load,Actual Load,2026-07-28T15:54:14Z
2026-07-28T15:51:12Z,2026-07-28T17:51:12+0200,7f736f6c-1b19-41ae-a117-2d42eccec7d0,2026-07-18T01:00:00Z,2026-07-18T03:00:00+0200,1222.195,MW,DK2,DK_2,actual_load,Actual Load,2026-07-28T15:54:14Z
2026-07-28T15:51:12Z,2026-07-28T17:51:12+0200,7f736f6c-1b19-41ae-a117-2d42eccec7d0,2026-07-18T02:00:00Z,2026-07-18T04:00:00+0200,1133.43,MW,DK2,DK_2,actual_load,Actual Load,2026-07-28T15:54:14Z
2026-07-28T15:51:12Z,2026-07-28T17:51:12+0200,7f736f6c-1b19-41ae-a117-2d42eccec7d0,2026-07-18T03:00:00Z,2026-07-18T05:00:00+0200,1116.56,MW,DK2,DK_2,actual_load,Actual Load,2026-07-28T15:54:14Z
2026-07-28T15:51:12Z,2026-07-28T17:51:12+0200,7f736f6c-1b19-41ae-a117-2d42eccec7d0,2026-07-18T04:00:00Z,2026-07-18T06:00:00+0200,1145.0,MW,DK2,DK_2,actual_load,Actual Load,2026-07-28T15:54:14Z
2026-07-28T15:51:12Z,2026-07-28T17:51:12+0200,7f736f6c-1b19-41ae-a117-2d42eccec7d0,2026-07-18T05:00:00Z,2026-07-18T07:00:00+0200,1237.21,MW,DK2,DK_2,actual_load,Actual Load,2026-07-28T15:54:14Z
2026-07-28T15:51:12Z,2026-07-28T17:51:12+0200,7f736f6c-1b19-41ae-a117-2d42eccec7d0,2026-07-18T06:00:00Z,2026-07-18T08:00:00+0200,1337.8275,MW,DK2,DK_2,actual_load,Actual Load,2026-07-28T15:54:14Z
2026-07-28T15:51:12Z,2026-07-28T17:51:12+0200,7f736f6c-1b19-41ae-a117-2d42eccec7d0,2026-07-18T07:00:00Z,2026-07-18T09:00:00+0200,1574.255,MW,DK2,DK_2,actual_load,Actual Load,2026-07-28T15:54:14Z
2026-07-28T15:51:12Z,2026-07-28T17:51:12+0200,7f736f6c-1b19-41ae-a117-2d42eccec7d0,2026-07-18T08:00:00Z,2026-07-18T10:00:00+0200,1709.23,MW,DK2,DK_2,actual_load,Actual Load,2026-07-28T15:54:14Z
2026-07-28T15:51:12Z,2026-07-28T17:51:12+0200,7f736f6c-1b19-41ae-a117-2d42eccec7d0,2026-07-18T09:00:00Z,2026-07-18T11:00:00+0200,1796.8975,MW,DK2,DK_2,actual_load,Actual Load,2026-07-28T15:54:14Z
2026-07-28T15:51:12Z,2026-07-28T17:51:12+0200,7f736f6c-1b19-41ae-a117-2d42eccec7d0,2026-07-18T10:00:00Z,2026-07-18T12:00:00+0200,1934.995,MW,DK2,DK_2,actual_load,Actual Load,2026-07-28T15:54:14Z
2026-07-28T15:51:12Z,2026-07-28T17:51:12+0200,7f736f6c-1b19-41ae-a117-2d42eccec7d0,2026-07-18T11:00:00Z,2026-07-18T13:00:00+0200,1916.725,MW,DK2,DK_2,actual_load,Actual Load,2026-07-28T15:54:14Z
2026-07-28T15:51:12Z,2026-07-28T17:51:12+0200,7f736f6c-1b19-41ae-a117-2d42eccec7d0,2026-07-18T12:00:00Z,2026-07-18T14:00:00+0200,1836.25,MW,DK2,DK_2,actual_load,Actual Load,2026-07-28T15:54:14Z
2026-07-28T15:51:12Z,2026-07-28T17:51:12+0200,7f736f6c-1b19-41ae-a117-2d42eccec7d0,2026-07-18T13:00:00Z,2026-07-18T15:00:00+0200,1757.06,MW,DK2,DK_2,actual_load,Actual Load,2026-07-28T15:54:14Z
2026-07-28T15:51:12Z,2026-07-28T17:51:12+0200,7f736f6c-1b19-41ae-a117-2d42eccec7d0,2026-07-18T14:00:00Z,2026-07-18T16:00:00+0200,1705.0275,MW,DK2,DK_2,actual_load,Actual Load,2026-07-28T15:54:14Z
2026-07-28T15:51:12Z,2026-07-28T17:51:12+0200,7f736f6c-1b19-41ae-a117-2d42eccec7d0,2026-07-18T15:00:00Z,2026-07-18T17:00:00+0200,1642.8875,MW,DK2,DK_2,actual_load,Actual Load,2026-07-28T15:54:14Z
2026-07-28T15:51:12Z,2026-07-28T17:51:12+0200,7f736f6c-1b19-41ae-a117-2d42eccec7d0,2026-07-18T16:00:00Z,2026-07-18T18:00:00+0200,1621.3525,MW,DK2,DK_2,actual_load,Actual Load,2026-07-28T15:54:14Z
2026-07-28T15:51:12Z,2026-07-28T17:51:12+0200,7f736f6c-1b19-41ae-a117-2d42eccec7d0,2026-07-18T17:00:00Z,2026-07-18T19:00:00+0200,1528.0075,MW,DK2,DK_2,actual_load,Actual Load,2026-07-28T15:54:14Z
2026-07-28T15:51:12Z,2026-07-28T17:51:12+0200,7f736f6c-1b19-41ae-a117-2d42eccec7d0,2026-07-18T18:00:00Z,2026-07-18T20:00:00+0200,1461.1,MW,DK2,DK_2,actual_load,Actual Load,2026-07-28T15:54:14Z
2026-07-28T15:51:12Z,2026-07-28T17:51:12+0200,7f736f6c-1b19-41ae-a117-2d42eccec7d0,2026-07-18T19:00:00Z,2026-07-18T21:00:00+0200,1400.99,MW,DK2,DK_2,actual_load,Actual Load,2026-07-28T15:54:14Z
2026-07-28T15:51:12Z,2026-07-28T17:51:12+0200,7f736f6c-1b19-41ae-a117-2d42eccec7d0,2026-07-18T20:00:00Z,2026-07-18T22:00:00+0200,1344.72,MW,DK2,DK_2,actual_load,Actual Load,2026-07-28T15:54:14Z
2026-07-28T15:51:12Z,2026-07-28T17:51:12+0200,7f736f6c-1b19-41ae-a117-2d42eccec7d0,2026-07-18T21:00:00Z,2026-07-18T23:00:00+0200,1287.4425,MW,DK2,DK_2,actual_load,Actual Load,2026-07-28T15:54:14Z
2026-07-28T15:51:12Z,2026-07-28T17:51:12+0200,7f736f6c-1b19-41ae-a117-2d42eccec7d0,2026-07-18T22:00:00Z,2026-07-19T00:00:00+0200,1241.465,MW,DK2,DK_2,actual_load,Actual Load,2026-07-28T15:54:14Z
2026-07-28T15:51:12Z,2026-07-28T17:51:12+0200,7f736f6c-1b19-41ae-a117-2d42eccec7d0,2026-07-18T23:00:00Z,2026-07-19T01:00:00+0200,1211.72,MW,DK2,DK_2,actual_load,Actual Load,2026-07-28T15:54:14Z
2026-07-28T15:51:12Z,2026-07-28T17:51:12+0200,7f736f6c-1b19-41ae-a117-2d42eccec7d0,2026-07-19T00:00:00Z,2026-07-19T02:00:00+0200,1164.1425,MW,DK2,DK_2,actual_load,Actual Load,2026-07-28T15:54:14Z
2026-07-28T15:51:12Z,2026-07-28T17:51:12+0200,7f736f6c-1b19-41ae-a117-2d42eccec7d0,2026-07-19T01:00:00Z,2026-07-19T03:00:00+0200,1131.59,MW,DK2,DK_2,actual_load,Actual Load,2026-07-28T15:54:14Z
2026-07-28T15:51:12Z,2026-07-28T17:51:12+0200,7f736f6c-1b19-41ae-a117-2d42eccec7d0,2026-07-19T02:00:00Z,2026-07-19T04:00:00+0200,1085.3125,MW,DK2,DK_2,actual_load,Actual Load,2026-07-28T15:54:14Z
2026-07-28T15:51:12Z,2026-07-28T17:51:12+0200,7f736f6c-1b19-41ae-a117-2d42eccec7d0,2026-07-19T03:00:00Z,2026-07-19T05:00:00+0200,1050.905,MW,DK2,DK_2,actual_load,Actual Load,2026-07-28T15:54:14Z
2026-07-28T15:51:12Z,2026-07-28T17:51:12+0200,7f736f6c-1b19-41ae-a117-2d42eccec7d0,2026-07-19T04:00:00Z,2026-07-19T06:00:00+0200,1084.3325,MW,DK2,DK_2,actual_load,Actual Load,2026-07-28T15:54:14Z
2026-07-28T15:51:12Z,2026-07-28T17:51:12+0200,7f736f6c-1b19-41ae-a117-2d42eccec7d0,2026-07-19T05:00:00Z,2026-07-19T07:00:00+0200,1167.525,MW,DK2,DK_2,actual_load,Actual Load,2026-07-28T15:54:14Z
2026-07-28T15:51:12Z,2026-07-28T17:51:12+0200,7f736f6c-1b19-41ae-a117-2d42eccec7d0,2026-07-19T06:00:00Z,2026-07-19T08:00:00+0200,1320.405,MW,DK2,DK_2,actual_load,Actual Load,2026-07-28T15:54:14Z
2026-07-28T15:51:12Z,2026-07-28T17:51:12+0200,7f736f6c-1b19-41ae-a117-2d42eccec7d0,2026-07-19T07:00:00Z,2026-07-19T09:00:00+0200,1483.3975,MW,DK2,DK_2,actual_load,Actual Load,2026-07-28T15:54:14Z
2026-07-28T15:51:12Z,2026-07-28T17:51:12+0200,7f736f6c-1b19-41ae-a117-2d42eccec7d0,2026-07-19T08:00:00Z,2026-07-19T10:00:00+0200,1647.0625,MW,DK2,DK_2,actual_load,Actual Load,2026-07-28T15:54:14Z
2026-07-28T15:51:12Z,2026-07-28T17:51:12+0200,7f736f6c-1b19-41ae-a117-2d42eccec7d0,2026-07-19T09:00:00Z,2026-07-19T11:00:00+0200,1730.6625,MW,DK2,DK_2,actual_load,Actual Load,2026-07-28T15:54:14Z
2026-07-28T15:51:12Z,2026-07-28T17:51:12+0200,7f736f6c-1b19-41ae-a117-2d42eccec7d0,2026-07-19T10:00:00Z,2026-07-19T12:00:00+0200,1774.015,MW,DK2,DK_2,actual_load,Actual Load,2026-07-28T15:54:14Z
2026-07-28T15:51:12Z,2026-07-28T17:51:12+0200,7f736f6c-1b19-41ae-a117-2d42eccec7d0,2026-07-19T11:00:00Z,2026-07-19T13:00:00+0200,1756.0325,MW,DK2,DK_2,actual_load,Actual Load,2026-07-28T15:54:14Z
2026-07-28T15:51:12Z,2026-07-28T17:51:12+0200,7f736f6c-1b19-41ae-a117-2d42eccec7d0,2026-07-19T12:00:00Z,2026-07-19T14:00:00+0200,1737.7475,MW,DK2,DK_2,actual_load,Actual Load,2026-07-28T15:54:14Z
2026-07-28T15:51:12Z,2026-07-28T17:51:12+0200,7f736f6c-1b19-41ae-a117-2d42eccec7d0,2026-07-19T13:00:00Z,2026-07-19T15:00:00+0200,1731.39,MW,DK2,DK_2,actual_load,Actual Load,2026-07-28T15:54:14Z
2026-07-28T15:51:12Z,2026-07-28T17:51:12+0200,7f736f6c-1b19-41ae-a117-2d42eccec7d0,2026-07-19T14:00:00Z,2026-07-19T16:00:00+0200,1705.4875,MW,DK2,DK_2,actual_load,Actual Load,2026-07-28T15:54:14Z
2026-07-28T15:51:12Z,2026-07-28T17:51:12+0200,7f736f6c-1b19-41ae-a117-2d42eccec7d0,2026-07-19T15:00:00Z,2026-07-19T17:00:00+0200,1719.27,MW,DK2,DK_2,actual_load,Actual Load,2026-07-28T15:54:14Z
2026-07-28T15:51:12Z,2026-07-28T17:51:12+0200,7f736f6c-1b19-41ae-a117-2d42eccec7d0,2026-07-19T16:00:00Z,2026-07-19T18:00:00+0200,1645.7425,MW,DK2,DK_2,actual_load,Actual Load,2026-07-28T15:54:14Z
2026-07-28T15:51:12Z,2026-07-28T17:51:12+0200,7f736f6c-1b19-41ae-a117-2d42eccec7d0,2026-07-19T17:00:00Z,2026-07-19T19:00:00+0200,1524.92,MW,DK2,DK_2,actual_load,Actual Load,2026-07-28T15:54:14Z
2026-07-28T15:51:12Z,2026-07-28T17:51:12+0200,7f736f6c-1b19-41ae-a117-2d42eccec7d0,2026-07-19T18:00:00Z,2026-07-19T20:00:00+0200,1448.855,MW,DK2,DK_2,actual_load,Actual Load,2026-07-28T15:54:14Z
2026-07-28T15:51:12Z,2026-07-28T17:51:12+0200,7f736f6c-1b19-41ae-a117-2d42eccec7d0,2026-07-19T19:00:00Z,2026-07-19T21:00:00+0200,1400.8975,MW,DK2,DK_2,actual_load,Actual Load,2026-07-28T15:54:14Z
2026-07-28T15:51:12Z,2026-07-28T17:51:12+0200,7f736f6c-1b19-41ae-a117-2d42eccec7d0,2026-07-19T20:00:00Z,2026-07-19T22:00:00+0200,1340.9875,MW,DK2,DK_2,actual_load,Actual Load,2026-07-28T15:54:14Z
2026-07-28T15:51:12Z,2026-07-28T17:51:12+0200,7f736f6c-1b19-41ae-a117-2d42eccec7d0,2026-07-19T21:00:00Z,2026-07-19T23:00:00+0200,1294.82,MW,DK2,DK_2,actual_load,Actual Load,2026-07-28T15:54:14Z
2026-07-28T15:51:12Z,2026-07-28T17:51:12+0200,7f736f6c-1b19-41ae-a117-2d42eccec7d0,2026-07-19T22:00:00Z,2026-07-20T00:00:00+0200,1241.4925,MW,DK2,DK_2,actual_load,Actual Load,2026-07-28T15:54:14Z
2026-07-28T15:51:12Z,2026-07-28T17:51:12+0200,7f736f6c-1b19-41ae-a117-2d42eccec7d0,2026-07-19T23:00:00Z,2026-07-20T01:00:00+0200,1219.3675,MW,DK2,DK_2,actual_load,Actual Load,2026-07-28T15:54:14Z
2026-07-28T15:51:12Z,2026-07-28T17:51:12+0200,7f736f6c-1b19-41ae-a117-2d42eccec7d0,2026-07-20T00:00:00Z,2026-07-20T02:00:00+0200,1200.7825,MW,DK2,DK_2,actual_load,Actual Load,2026-07-28T15:54:14Z
2026-07-28T15:51:12Z,2026-07-28T17:51:12+0200,7f736f6c-1b19-41ae-a117-2d42eccec7d0,2026-07-20T01:00:00Z,2026-07-20T03:00:00+0200,1212.0675,MW,DK2,DK_2,actual_load,Actual Load,2026-07-28T15:54:14Z
2026-07-28T15:51:12Z,2026-07-28T17:51:12+0200,7f736f6c-1b19-41ae-a117-2d42eccec7d0,2026-07-20T02:00:00Z,2026-07-20T04:00:00+0200,1130.6225,MW,DK2,DK_2,actual_load,Actual Load,2026-07-28T15:54:14Z
2026-07-28T15:51:12Z,2026-07-28T17:51:12+0200,7f736f6c-1b19-41ae-a117-2d42eccec7d0,2026-07-20T03:00:00Z,2026-07-20T05:00:00+0200,1155.285,MW,DK2,DK_2,actual_load,Actual Load,2026-07-28T15:54:14Z
2026-07-28T15:51:12Z,2026-07-28T17:51:12+0200,7f736f6c-1b19-41ae-a117-2d42eccec7d0,2026-07-20T04:00:00Z,2026-07-20T06:00:00+0200,1253.54,MW,DK2,DK_2,actual_load,Actual Load,2026-07-28T15:54:14Z
2026-07-28T15:51:12Z,2026-07-28T17:51:12+0200,7f736f6c-1b19-41ae-a117-2d42eccec7d0,2026-07-20T05:00:00Z,2026-07-20T07:00:00+0200,1435.56,MW,DK2,DK_2,actual_load,Actual Load,2026-07-28T15:54:14Z
2026-07-28T15:51:12Z,2026-07-28T17:51:12+0200,7f736f6c-1b19-41ae-a117-2d42eccec7d0,2026-07-20T06:00:00Z,2026-07-20T08:00:00+0200,1577.44,MW,DK2,DK_2,actual_load,Actual Load,2026-07-28T15:54:14Z
2026-07-28T15:51:12Z,2026-07-28T17:51:12+0200,7f736f6c-1b19-41ae-a117-2d42eccec7d0,2026-07-20T07:00:00Z,2026-07-20T09:00:00+0200,1673.4125,MW,DK2,DK_2,actual_load,Actual Load,2026-07-28T15:54:14Z
2026-07-28T15:51:12Z,2026-07-28T17:51:12+0200,7f736f6c-1b19-41ae-a117-2d42eccec7d0,2026-07-20T08:00:00Z,2026-07-20T10:00:00+0200,1786.78,MW,DK2,DK_2,actual_load,Actual Load,2026-07-28T15:54:14Z
2026-07-28T15:51:12Z,2026-07-28T17:51:12+0200,7f736f6c-1b19-41ae-a117-2d42eccec7d0,2026-07-20T09:00:00Z,2026-07-20T11:00:00+0200,1880.1175,MW,DK2,DK_2,actual_load,Actual Load,2026-07-28T15:54:14Z
2026-07-28T15:51:12Z,2026-07-28T17:51:12+0200,7f736f6c-1b19-41ae-a117-2d42eccec7d0,2026-07-20T10:00:00Z,2026-07-20T12:00:00+0200,1923.905,MW,DK2,DK_2,actual_load,Actual Load,2026-07-28T15:54:14Z
2026-07-28T15:51:12Z,2026-07-28T17:51:12+0200,7f736f6c-1b19-41ae-a117-2d42eccec7d0,2026-07-20T11:00:00Z,2026-07-20T13:00:00+0200,1951.965,MW,DK2,DK_2,actual_load,Actual Load,2026-07-28T15:54:14Z
2026-07-28T15:51:12Z,2026-07-28T17:51:12+0200,7f736f6c-1b19-41ae-a117-2d42eccec7d0,2026-07-20T12:00:00Z,2026-07-20T14:00:00+0200,1885.6125,MW,DK2,DK_2,actual_load,Actual Load,2026-07-28T15:54:14Z
2026-07-28T15:51:12Z,2026-07-28T17:51:12+0200,7f736f6c-1b19-41ae-a117-2d42eccec7d0,2026-07-20T13:00:00Z,2026-07-20T15:00:00+0200,1785.015,MW,DK2,DK_2,actual_load,Actual Load,2026-07-28T15:54:14Z
2026-07-28T15:51:12Z,2026-07-28T17:51:12+0200,7f736f6c-1b19-41ae-a117-2d42eccec7d0,2026-07-20T14:00:00Z,2026-07-20T16:00:00+0200,1763.0375,MW,DK2,DK_2,actual_load,Actual Load,2026-07-28T15:54:14Z
2026-07-28T15:51:12Z,2026-07-28T17:51:12+0200,7f736f6c-1b19-41ae-a117-2d42eccec7d0,2026-07-20T15:00:00Z,2026-07-20T17:00:00+0200,1746.6375,MW,DK2,DK_2,actual_load,Actual Load,2026-07-28T15:54:14Z
2026-07-28T15:51:12Z,2026-07-28T17:51:12+0200,7f736f6c-1b19-41ae-a117-2d42eccec7d0,2026-07-20T16:00:00Z,2026-07-20T18:00:00+0200,1690.1425,MW,DK2,DK_2,actual_load,Actual Load,2026-07-28T15:54:14Z
2026-07-28T15:51:12Z,2026-07-28T17:51:12+0200,7f736f6c-1b19-41ae-a117-2d42eccec7d0,2026-07-20T17:00:00Z,2026-07-20T19:00:00+0200,1572.17,MW,DK2,DK_2,actual_load,Actual Load,2026-07-28T15:54:14Z
2026-07-28T15:51:12Z,2026-07-28T17:51:12+0200,7f736f6c-1b19-41ae-a117-2d42eccec7d0,2026-07-20T18:00:00Z,2026-07-20T20:00:00+0200,1463.435,MW,DK2,DK_2,actual_load,Actual Load,2026-07-28T15:54:14Z
2026-07-28T15:51:12Z,2026-07-28T17:51:12+0200,7f736f6c-1b19-41ae-a117-2d42eccec7d0,2026-07-20T19:00:00Z,2026-07-20T21:00:00+0200,1426.205,MW,DK2,DK_2,actual_load,Actual Load,2026-07-28T15:54:14Z
2026-07-28T15:51:12Z,2026-07-28T17:51:12+0200,7f736f6c-1b19-41ae-a117-2d42eccec7d0,2026-07-20T20:00:00Z,2026-07-20T22:00:00+0200,1371.01,MW,DK2,DK_2,actual_load,Actual Load,2026-07-28T15:54:14Z
2026-07-28T15:51:12Z,2026-07-28T17:51:12+0200,7f736f6c-1b19-41ae-a117-2d42eccec7d0,2026-07-20T21:00:00Z,2026-07-20T23:00:00+0200,1295.9125,MW,DK2,DK_2,actual_load,Actual Load,2026-07-28T15:54:14Z
2026-07-28T15:51:12Z,2026-07-28T17:51:12+0200,7f736f6c-1b19-41ae-a117-2d42eccec7d0,2026-07-20T22:00:00Z,2026-07-21T00:00:00+0200,1266.8025,MW,DK2,DK_2,actual_load,Actual Load,2026-07-28T15:54:14Z
2026-07-28T15:51:12Z,2026-07-28T17:51:12+0200,7f736f6c-1b19-41ae-a117-2d42eccec7d0,2026-07-20T23:00:00Z,2026-07-21T01:00:00+0200,1213.7,MW,DK2,DK_2,actual_load,Actual Load,2026-07-28T15:54:14Z
2026-07-28T15:51:12Z,2026-07-28T17:51:12+0200,7f736f6c-1b19-41ae-a117-2d42eccec7d0,2026-07-21T00:00:00Z,2026-07-21T02:00:00+0200,1198.21,MW,DK2,DK_2,actual_load,Actual Load,2026-07-28T15:54:14Z
2026-07-28T15:51:12Z,2026-07-28T17:51:12+0200,7f736f6c-1b19-41ae-a117-2d42eccec7d0,2026-07-21T01:00:00Z,2026-07-21T03:00:00+0200,1158.4925,MW,DK2,DK_2,actual_load,Actual Load,2026-07-28T15:54:14Z
2026-07-28T15:51:12Z,2026-07-28T17:51:12+0200,7f736f6c-1b19-41ae-a117-2d42eccec7d0,2026-07-21T02:00:00Z,2026-07-21T04:00:00+0200,1116.995,MW,DK2,DK_2,actual_load,Actual Load,2026-07-28T15:54:14Z
2026-07-28T15:51:12Z,2026-07-28T17:51:12+0200,7f736f6c-1b19-41ae-a117-2d42eccec7d0,2026-07-21T03:00:00Z,2026-07-21T05:00:00+0200,1120.565,MW,DK2,DK_2,actual_load,Actual Load,2026-07-28T15:54:14Z
2026-07-28T15:51:12Z,2026-07-28T17:51:12+0200,7f736f6c-1b19-41ae-a117-2d42eccec7d0,2026-07-21T04:00:00Z,2026-07-21T06:00:00+0200,1233.45,MW,DK2,DK_2,actual_load,Actual Load,2026-07-28T15:54:14Z
2026-07-28T15:51:12Z,2026-07-28T17:51:12+0200,7f736f6c-1b19-41ae-a117-2d42eccec7d0,2026-07-21T05:00:00Z,2026-07-21T07:00:00+0200,1424.8025,MW,DK2,DK_2,actual_load,Actual Load,2026-07-28T15:54:14Z
2026-07-28T15:51:12Z,2026-07-28T17:51:12+0200,7f736f6c-1b19-41ae-a117-2d42eccec7d0,2026-07-21T06:00:00Z,2026-07-21T08:00:00+0200,1588.3875,MW,DK2,DK_2,actual_load,Actual Load,2026-07-28T15:54:14Z
2026-07-28T15:51:12Z,2026-07-28T17:51:12+0200,7f736f6c-1b19-41ae-a117-2d42eccec7d0,2026-07-21T07:00:00Z,2026-07-21T09:00:00+0200,1648.735,MW,DK2,DK_2,actual_load,Actual Load,2026-07-28T15:54:14Z
2026-07-28T15:51:12Z,2026-07-28T17:51:12+0200,7f736f6c-1b19-41ae-a117-2d42eccec7d0,2026-07-21T08:00:00Z,2026-07-21T10:00:00+0200,1711.1325,MW,DK2,DK_2,actual_load,Actual Load,2026-07-28T15:54:14Z
2026-07-28T15:51:12Z,2026-07-28T17:51:12+0200,7f736f6c-1b19-41ae-a117-2d42eccec7d0,2026-07-21T09:00:00Z,2026-07-21T11:00:00+0200,1783.0875,MW,DK2,DK_2,actual_load,Actual Load,2026-07-28T15:54:14Z
2026-07-28T15:51:12Z,2026-07-28T17:51:12+0200,7f736f6c-1b19-41ae-a117-2d42eccec7d0,2026-07-21T10:00:00Z,2026-07-21T12:00:00+0200,1836.715,MW,DK2,DK_2,actual_load,Actual Load,2026-07-28T15:54:14Z
2026-07-28T15:51:12Z,2026-07-28T17:51:12+0200,7f736f6c-1b19-41ae-a117-2d42eccec7d0,2026-07-21T11:00:00Z,2026-07-21T13:00:00+0200,1861.105,MW,DK2,DK_2,actual_load,Actual Load,2026-07-28T15:54:14Z
2026-07-28T15:51:12Z,2026-07-28T17:51:12+0200,7f736f6c-1b19-41ae-a117-2d42eccec7d0,2026-07-21T12:00:00Z,2026-07-21T14:00:00+0200,1848.1025,MW,DK2,DK_2,actual_load,Actual Load,2026-07-28T15:54:14Z
2026-07-28T15:51:12Z,2026-07-28T17:51:12+0200,7f736f6c-1b19-41ae-a117-2d42eccec7d0,2026-07-21T13:00:00Z,2026-07-21T15:00:00+0200,1793.615,MW,DK2,DK_2,actual_load,Actual Load,2026-07-28T15:54:14Z
2026-07-28T15:51:12Z,2026-07-28T17:51:12+0200,7f736f6c-1b19-41ae-a117-2d42eccec7d0,2026-07-21T14:00:00Z,2026-07-21T16:00:00+0200,1731.9875,MW,DK2,DK_2,actual_load,Actual Load,2026-07-28T15:54:14Z
2026-07-28T15:51:12Z,2026-07-28T17:51:12+0200,7f736f6c-1b19-41ae-a117-2d42eccec7d0,2026-07-21T15:00:00Z,2026-07-21T17:00:00+0200,1684.055,MW,DK2,DK_2,actual_load,Actual Load,2026-07-28T15:54:14Z
2026-07-28T15:51:12Z,2026-07-28T17:51:12+0200,7f736f6c-1b19-41ae-a117-2d42eccec7d0,2026-07-21T16:00:00Z,2026-07-21T18:00:00+0200,1670.62,MW,DK2,DK_2,actual_load,Actual Load,2026-07-28T15:54:14Z
2026-07-28T15:51:12Z,2026-07-28T17:51:12+0200,7f736f6c-1b19-41ae-a117-2d42eccec7d0,2026-07-21T17:00:00Z,2026-07-21T19:00:00+0200,1597.7475,MW,DK2,DK_2,actual_load,Actual Load,2026-07-28T15:54:14Z
2026-07-28T15:51:12Z,2026-07-28T17:51:12+0200,7f736f6c-1b19-41ae-a117-2d42eccec7d0,2026-07-21T18:00:00Z,2026-07-21T20:00:00+0200,1539.54,MW,DK2,DK_2,actual_load,Actual Load,2026-07-28T15:54:14Z
2026-07-28T15:51:12Z,2026-07-28T17:51:12+0200,7f736f6c-1b19-41ae-a117-2d42eccec7d0,2026-07-21T19:00:00Z,2026-07-21T21:00:00+0200,1466.1725,MW,DK2,DK_2,actual_load,Actual Load,2026-07-28T15:54:14Z
2026-07-28T15:51:12Z,2026-07-28T17:51:12+0200,7f736f6c-1b19-41ae-a117-2d42eccec7d0,2026-07-21T20:00:00Z,2026-07-21T22:00:00+0200,1442.6025,MW,DK2,DK_2,actual_load,Actual Load,2026-07-28T15:54:14Z
2026-07-28T15:51:12Z,2026-07-28T17:51:12+0200,7f736f6c-1b19-41ae-a117-2d42eccec7d0,2026-07-21T21:00:00Z,2026-07-21T23:00:00+0200,1341.2075,MW,DK2,DK_2,actual_load,Actual Load,2026-07-28T15:54:14Z
2026-07-28T15:51:12Z,2026-07-28T17:51:12+0200,7f736f6c-1b19-41ae-a117-2d42eccec7d0,2026-07-21T22:00:00Z,2026-07-22T00:00:00+0200,1233.57,MW,DK2,DK_2,actual_load,Actual Load,2026-07-28T15:54:14Z
2026-07-28T15:51:12Z,2026-07-28T17:51:12+0200,7f736f6c-1b19-41ae-a117-2d42eccec7d0,2026-07-21T23:00:00Z,2026-07-22T01:00:00+0200,1195.26,MW,DK2,DK_2,actual_load,Actual Load,2026-07-28T15:54:14Z
2026-07-28T15:51:12Z,2026-07-28T17:51:12+0200,7f736f6c-1b19-41ae-a117-2d42eccec7d0,2026-07-22T00:00:00Z,2026-07-22T02:00:00+0200,1173.3175,MW,DK2,DK_2,actual_load,Actual Load,2026-07-28T15:54:14Z
2026-07-28T15:51:12Z,2026-07-28T17:51:12+0200,7f736f6c-1b19-41ae-a117-2d42eccec7d0,2026-07-22T01:00:00Z,2026-07-22T03:00:00+0200,1177.8275,MW,DK2,DK_2,actual_load,Actual Load,2026-07-28T15:54:14Z
2026-07-28T15:51:12Z,2026-07-28T17:51:12+0200,7f736f6c-1b19-41ae-a117-2d42eccec7d0,2026-07-22T02:00:00Z,2026-07-22T04:00:00+0200,1131.0625,MW,DK2,DK_2,actual_load,Actual Load,2026-07-28T15:54:14Z
2026-07-28T15:51:12Z,2026-07-28T17:51:12+0200,7f736f6c-1b19-41ae-a117-2d42eccec7d0,2026-07-22T03:00:00Z,2026-07-22T05:00:00+0200,1183.94,MW,DK2,DK_2,actual_load,Actual Load,2026-07-28T15:54:14Z
2026-07-28T15:51:12Z,2026-07-28T17:51:12+0200,7f736f6c-1b19-41ae-a117-2d42eccec7d0,2026-07-22T04:00:00Z,2026-07-22T06:00:00+0200,1276.0175,MW,DK2,DK_2,actual_load,Actual Load,2026-07-28T15:54:14Z
2026-07-28T15:51:12Z,2026-07-28T17:51:12+0200,7f736f6c-1b19-41ae-a117-2d42eccec7d0,2026-07-22T05:00:00Z,2026-07-22T07:00:00+0200,1395.7825,MW,DK2,DK_2,actual_load,Actual Load,2026-07-28T15:54:14Z
2026-07-28T15:51:12Z,2026-07-28T17:51:12+0200,7f736f6c-1b19-41ae-a117-2d42eccec7d0,2026-07-22T06:00:00Z,2026-07-22T08:00:00+0200,1571.2125,MW,DK2,DK_2,actual_load,Actual Load,2026-07-28T15:54:14Z
2026-07-28T15:51:12Z,2026-07-28T17:51:12+0200,7f736f6c-1b19-41ae-a117-2d42eccec7d0,2026-07-22T07:00:00Z,2026-07-22T09:00:00+0200,1661.9875,MW,DK2,DK_2,actual_load,Actual Load,2026-07-28T15:54:14Z
2026-07-28T15:51:12Z,2026-07-28T17:51:12+0200,7f736f6c-1b19-41ae-a117-2d42eccec7d0,2026-07-22T08:00:00Z,2026-07-22T10:00:00+0200,1752.7825,MW,DK2,DK_2,actual_load,Actual Load,2026-07-28T15:54:14Z
2026-07-28T15:51:12Z,2026-07-28T17:51:12+0200,7f736f6c-1b19-41ae-a117-2d42eccec7d0,2026-07-22T09:00:00Z,2026-07-22T11:00:00+0200,1779.76,MW,DK2,DK_2,actual_load,Actual Load,2026-07-28T15:54:14Z
2026-07-28T15:51:12Z,2026-07-28T17:51:12+0200,7f736f6c-1b19-41ae-a117-2d42eccec7d0,2026-07-22T10:00:00Z,2026-07-22T12:00:00+0200,1879.69,MW,DK2,DK_2,actual_load,Actual Load,2026-07-28T15:54:14Z
2026-07-28T15:51:12Z,2026-07-28T17:51:12+0200,7f736f6c-1b19-41ae-a117-2d42eccec7d0,2026-07-22T11:00:00Z,2026-07-22T13:00:00+0200,1915.4025,MW,DK2,DK_2,actual_load,Actual Load,2026-07-28T15:54:14Z
2026-07-28T15:51:12Z,2026-07-28T17:51:12+0200,7f736f6c-1b19-41ae-a117-2d42eccec7d0,2026-07-22T12:00:00Z,2026-07-22T14:00:00+0200,1919.125,MW,DK2,DK_2,actual_load,Actual Load,2026-07-28T15:54:14Z
2026-07-28T15:51:12Z,2026-07-28T17:51:12+0200,7f736f6c-1b19-41ae-a117-2d42eccec7d0,2026-07-22T13:00:00Z,2026-07-22T15:00:00+0200,1872.25,MW,DK2,DK_2,actual_load,Actual Load,2026-07-28T15:54:14Z
2026-07-28T15:51:12Z,2026-07-28T17:51:12+0200,7f736f6c-1b19-41ae-a117-2d42eccec7d0,2026-07-22T14:00:00Z,2026-07-22T16:00:00+0200,1851.1775,MW,DK2,DK_2,actual_load,Actual Load,2026-07-28T15:54:14Z
2026-07-28T15:51:12Z,2026-07-28T17:51:12+0200,7f736f6c-1b19-41ae-a117-2d42eccec7d0,2026-07-22T15:00:00Z,2026-07-22T17:00:00+0200,1778.5175,MW,DK2,DK_2,actual_load,Actual Load,2026-07-28T15:54:14Z
2026-07-28T15:51:12Z,2026-07-28T17:51:12+0200,7f736f6c-1b19-41ae-a117-2d42eccec7d0,2026-07-22T16:00:00Z,2026-07-22T18:00:00+0200,1699.5775,MW,DK2,DK_2,actual_load,Actual Load,2026-07-28T15:54:14Z
2026-07-28T15:51:12Z,2026-07-28T17:51:12+0200,7f736f6c-1b19-41ae-a117-2d42eccec7d0,2026-07-22T17:00:00Z,2026-07-22T19:00:00+0200,1569.54,MW,DK2,DK_2,actual_load,Actual Load,2026-07-28T15:54:14Z
2026-07-28T15:51:12Z,2026-07-28T17:51:12+0200,7f736f6c-1b19-41ae-a117-2d42eccec7d0,2026-07-22T18:00:00Z,2026-07-22T20:00:00+0200,1532.41,MW,DK2,DK_2,actual_load,Actual Load,2026-07-28T15:54:14Z
2026-07-28T15:51:12Z,2026-07-28T17:51:12+0200,7f736f6c-1b19-41ae-a117-2d42eccec7d0,2026-07-22T19:00:00Z,2026-07-22T21:00:00+0200,1483.02,MW,DK2,DK_2,actual_load,Actual Load,2026-07-28T15:54:14Z
2026-07-28T15:51:12Z,2026-07-28T17:51:12+0200,7f736f6c-1b19-41ae-a117-2d42eccec7d0,2026-07-22T21:00:00Z,2026-07-22T23:00:00+0200,1344.375,MW,DK2,DK_2,actual_load,Actual Load,2026-07-28T15:54:14Z
2026-07-28T15:51:12Z,2026-07-28T17:51:12+0200,7f736f6c-1b19-41ae-a117-2d42eccec7d0,2026-07-22T22:00:00Z,2026-07-23T00:00:00+0200,1286.3125,MW,DK2,DK_2,actual_load,Actual Load,2026-07-28T15:54:14Z
2026-07-28T15:51:12Z,2026-07-28T17:51:12+0200,7f736f6c-1b19-41ae-a117-2d42eccec7d0,2026-07-22T23:00:00Z,2026-07-23T01:00:00+0200,1309.1425,MW,DK2,DK_2,actual_load,Actual Load,2026-07-28T15:54:14Z
2026-07-28T15:51:12Z,2026-07-28T17:51:12+0200,7f736f6c-1b19-41ae-a117-2d42eccec7d0,2026-07-23T00:00:00Z,2026-07-23T02:00:00+0200,1283.2125,MW,DK2,DK_2,actual_load,Actual Load,2026-07-28T15:54:14Z
2026-07-28T15:51:12Z,2026-07-28T17:51:12+0200,7f736f6c-1b19-41ae-a117-2d42eccec7d0,2026-07-23T01:00:00Z,2026-07-23T03:00:00+0200,1210.425,MW,DK2,DK_2,actual_load,Actual Load,2026-07-28T15:54:14Z
2026-07-28T15:51:12Z,2026-07-28T17:51:12+0200,7f736f6c-1b19-41ae-a117-2d42eccec7d0,2026-07-23T02:00:00Z,2026-07-23T04:00:00+0200,1190.9825,MW,DK2,DK_2,actual_load,Actual Load,2026-07-28T15:54:14Z
2026-07-28T15:51:12Z,2026-07-28T17:51:12+0200,7f736f6c-1b19-41ae-a117-2d42eccec7d0,2026-07-23T03:00:00Z,2026-07-23T05:00:00+0200,1169.7725,MW,DK2,DK_2,actual_load,Actual Load,2026-07-28T15:54:14Z
2026-07-28T15:51:12Z,2026-07-28T17:51:12+0200,7f736f6c-1b19-41ae-a117-2d42eccec7d0,2026-07-23T04:00:00Z,2026-07-23T06:00:00+0200,1256.35,MW,DK2,DK_2,actual_load,Actual Load,2026-07-28T15:54:14Z
2026-07-28T15:51:12Z,2026-07-28T17:51:12+0200,7f736f6c-1b19-41ae-a117-2d42eccec7d0,2026-07-23T05:00:00Z,2026-07-23T07:00:00+0200,1432.225,MW,DK2,DK_2,actual_load,Actual Load,2026-07-28T15:54:14Z
2026-07-28T15:51:12Z,2026-07-28T17:51:12+0200,7f736f6c-1b19-41ae-a117-2d42eccec7d0,2026-07-23T06:00:00Z,2026-07-23T08:00:00+0200,1588.5875,MW,DK2,DK_2,actual_load,Actual Load,2026-07-28T15:54:14Z
2026-07-28T15:51:12Z,2026-07-28T17:51:12+0200,7f736f6c-1b19-41ae-a117-2d42eccec7d0,2026-07-23T07:00:00Z,2026-07-23T09:00:00+0200,1706.32,MW,DK2,DK_2,actual_load,Actual Load,2026-07-28T15:54:14Z
2026-07-28T15:51:12Z,2026-07-28T17:51:12+0200,7f736f6c-1b19-41ae-a117-2d42eccec7d0,2026-07-23T08:00:00Z,2026-07-23T10:00:00+0200,1735.135,MW,DK2,DK_2,actual_load,Actual Load,2026-07-28T15:54:14Z
2026-07-28T15:51:12Z,2026-07-28T17:51:12+0200,7f736f6c-1b19-41ae-a117-2d42eccec7d0,2026-07-23T09:00:00Z,2026-07-23T11:00:00+0200,1800.39,MW,DK2,DK_2,actual_load,Actual Load,2026-07-28T15:54:14Z
2026-07-28T15:51:12Z,2026-07-28T17:51:12+0200,7f736f6c-1b19-41ae-a117-2d42eccec7d0,2026-07-23T10:00:00Z,2026-07-23T12:00:00+0200,1809.3475,MW,DK2,DK_2,actual_load,Actual Load,2026-07-28T15:54:14Z
2026-07-28T15:51:12Z,2026-07-28T17:51:12+0200,7f736f6c-1b19-41ae-a117-2d42eccec7d0,2026-07-23T11:00:00Z,2026-07-23T13:00:00+0200,1845.7875,MW,DK2,DK_2,actual_load,Actual Load,2026-07-28T15:54:14Z
2026-07-28T15:51:12Z,2026-07-28T17:51:12+0200,7f736f6c-1b19-41ae-a117-2d42eccec7d0,2026-07-23T12:00:00Z,2026-07-23T14:00:00+0200,1855.37,MW,DK2,DK_2,actual_load,Actual Load,2026-07-28T15:54:14Z
2026-07-28T15:51:12Z,2026-07-28T17:51:12+0200,7f736f6c-1b19-41ae-a117-2d42eccec7d0,2026-07-23T13:00:00Z,2026-07-23T15:00:00+0200,1814.91,MW,DK2,DK_2,actual_load,Actual Load,2026-07-28T15:54:14Z
2026-07-28T15:51:12Z,2026-07-28T17:51:12+0200,7f736f6c-1b19-41ae-a117-2d42eccec7d0,2026-07-23T14:00:00Z,2026-07-23T16:00:00+0200,1776.1275,MW,DK2,DK_2,actual_load,Actual Load,2026-07-28T15:54:14Z
2026-07-28T15:51:12Z,2026-07-28T17:51:12+0200,7f736f6c-1b19-41ae-a117-2d42eccec7d0,2026-07-23T15:00:00Z,2026-07-23T17:00:00+0200,1727.0625,MW,DK2,DK_2,actual_load,Actual Load,2026-07-28T15:54:14Z
2026-07-28T15:51:12Z,2026-07-28T17:51:12+0200,7f736f6c-1b19-41ae-a117-2d42eccec7d0,2026-07-23T16:00:00Z,2026-07-23T18:00:00+0200,1678.8475,MW,DK2,DK_2,actual_load,Actual Load,2026-07-28T15:54:14Z
2026-07-28T15:51:12Z,2026-07-28T17:51:12+0200,7f736f6c-1b19-41ae-a117-2d42eccec7d0,2026-07-23T17:00:00Z,2026-07-23T19:00:00+0200,1564.5125,MW,DK2,DK_2,actual_load,Actual Load,2026-07-28T15:54:14Z
2026-07-28T15:51:12Z,2026-07-28T17:51:12+0200,7f736f6c-1b19-41ae-a117-2d42eccec7d0,2026-07-23T18:00:00Z,2026-07-23T20:00:00+0200,1531.3675,MW,DK2,DK_2,actual_load,Actual Load,2026-07-28T15:54:14Z
2026-07-28T15:51:12Z,2026-07-28T17:51:12+0200,7f736f6c-1b19-41ae-a117-2d42eccec7d0,2026-07-23T19:00:00Z,2026-07-23T21:00:00+0200,1446.5875,MW,DK2,DK_2,actual_load,Actual Load,2026-07-28T15:54:14Z
2026-07-28T15:51:12Z,2026-07-28T17:51:12+0200,7f736f6c-1b19-41ae-a117-2d42eccec7d0,2026-07-23T20:00:00Z,2026-07-23T22:00:00+0200,1387.42,MW,DK2,DK_2,actual_load,Actual Load,2026-07-28T15:54:14Z
2026-07-28T15:51:12Z,2026-07-28T17:51:12+0200,7f736f6c-1b19-41ae-a117-2d42eccec7d0,2026-07-23T21:00:00Z,2026-07-23T23:00:00+0200,1331.8525,MW,DK2,DK_2,actual_load,Actual Load,2026-07-28T15:54:14Z
2026-07-28T15:51:12Z,2026-07-28T17:51:12+0200,7f736f6c-1b19-41ae-a117-2d42eccec7d0,2026-07-23T22:00:00Z,2026-07-24T00:00:00+0200,1267.9675,MW,DK2,DK_2,actual_load,Actual Load,2026-07-28T15:54:14Z
2026-07-28T15:51:12Z,2026-07-28T17:51:12+0200,7f736f6c-1b19-41ae-a117-2d42eccec7d0,2026-07-23T23:00:00Z,2026-07-24T01:00:00+0200,1229.715,MW,DK2,DK_2,actual_load,Actual Load,2026-07-28T15:54:14Z
2026-07-28T15:51:12Z,2026-07-28T17:51:12+0200,7f736f6c-1b19-41ae-a117-2d42eccec7d0,2026-07-24T00:00:00Z,2026-07-24T02:00:00+0200,1204.76,MW,DK2,DK_2,actual_load,Actual Load,2026-07-28T15:54:14Z
2026-07-28T15:51:12Z,2026-07-28T17:51:12+0200,7f736f6c-1b19-41ae-a117-2d42eccec7d0,2026-07-24T01:00:00Z,2026-07-24T03:00:00+0200,1176.67,MW,DK2,DK_2,actual_load,Actual Load,2026-07-28T15:54:14Z
2026-07-28T15:51:12Z,2026-07-28T17:51:12+0200,7f736f6c-1b19-41ae-a117-2d42eccec7d0,2026-07-24T02:00:00Z,2026-07-24T04:00:00+0200,1158.3325,MW,DK2,DK_2,actual_load,Actual Load,2026-07-28T15:54:14Z
2026-07-28T15:51:12Z,2026-07-28T17:51:12+0200,7f736f6c-1b19-41ae-a117-2d42eccec7d0,2026-07-24T03:00:00Z,2026-07-24T05:00:00+0200,1168.895,MW,DK2,DK_2,actual_load,Actual Load,2026-07-28T15:54:14Z
2026-07-28T15:51:12Z,2026-07-28T17:51:12+0200,7f736f6c-1b19-41ae-a117-2d42eccec7d0,2026-07-24T04:00:00Z,2026-07-24T06:00:00+0200,1268.22,MW,DK2,DK_2,actual_load,Actual Load,2026-07-28T15:54:14Z
2026-07-28T15:51:12Z,2026-07-28T17:51:12+0200,7f736f6c-1b19-41ae-a117-2d42eccec7d0,2026-07-24T05:00:00Z,2026-07-24T07:00:00+0200,1409.39,MW,DK2,DK_2,actual_load,Actual Load,2026-07-28T15:54:14Z
2026-07-28T15:51:12Z,2026-07-28T17:51:12+0200,7f736f6c-1b19-41ae-a117-2d42eccec7d0,2026-07-24T06:00:00Z,2026-07-24T08:00:00+0200,1549.355,MW,DK2,DK_2,actual_load,Actual Load,2026-07-28T15:54:14Z
2026-07-28T15:51:12Z,2026-07-28T17:51:12+0200,7f736f6c-1b19-41ae-a117-2d42eccec7d0,2026-07-24T07:00:00Z,2026-07-24T09:00:00+0200,1669.53,MW,DK2,DK_2,actual_load,Actual Load,2026-07-28T15:54:14Z
2026-07-28T15:51:12Z,2026-07-28T17:51:12+0200,7f736f6c-1b19-41ae-a117-2d42eccec7d0,2026-07-24T08:00:00Z,2026-07-24T10:00:00+0200,1722.8975,MW,DK2,DK_2,actual_load,Actual Load,2026-07-28T15:54:14Z
2026-07-28T15:51:12Z,2026-07-28T17:51:12+0200,7f736f6c-1b19-41ae-a117-2d42eccec7d0,2026-07-24T09:00:00Z,2026-07-24T11:00:00+0200,1761.5425,MW,DK2,DK_2,actual_load,Actual Load,2026-07-28T15:54:14Z
2026-07-28T15:51:12Z,2026-07-28T17:51:12+0200,7f736f6c-1b19-41ae-a117-2d42eccec7d0,2026-07-24T10:00:00Z,2026-07-24T12:00:00+0200,1857.1625,MW,DK2,DK_2,actual_load,Actual Load,2026-07-28T15:54:14Z
2026-07-28T15:51:12Z,2026-07-28T17:51:12+0200,7f736f6c-1b19-41ae-a117-2d42eccec7d0,2026-07-24T11:00:00Z,2026-07-24T13:00:00+0200,1910.9175,MW,DK2,DK_2,actual_load,Actual Load,2026-07-28T15:54:14Z
2026-07-28T15:51:12Z,2026-07-28T17:51:12+0200,7f736f6c-1b19-41ae-a117-2d42eccec7d0,2026-07-24T12:00:00Z,2026-07-24T14:00:00+0200,1868.8375,MW,DK2,DK_2,actual_load,Actual Load,2026-07-28T15:54:14Z
2026-07-28T15:51:12Z,2026-07-28T17:51:12+0200,7f736f6c-1b19-41ae-a117-2d42eccec7d0,2026-07-24T13:00:00Z,2026-07-24T15:00:00+0200,1819.665,MW,DK2,DK_2,actual_load,Actual Load,2026-07-28T15:54:14Z
2026-07-28T15:51:12Z,2026-07-28T17:51:12+0200,7f736f6c-1b19-41ae-a117-2d42eccec7d0,2026-07-24T14:00:00Z,2026-07-24T16:00:00+0200,1719.1,MW,DK2,DK_2,actual_load,Actual Load,2026-07-28T15:54:14Z
2026-07-28T15:51:12Z,2026-07-28T17:51:12+0200,7f736f6c-1b19-41ae-a117-2d42eccec7d0,2026-07-24T15:00:00Z,2026-07-24T17:00:00+0200,1692.5775,MW,DK2,DK_2,actual_load,Actual Load,2026-07-28T15:54:14Z
2026-07-28T15:51:12Z,2026-07-28T17:51:12+0200,7f736f6c-1b19-41ae-a117-2d42eccec7d0,2026-07-24T16:00:00Z,2026-07-24T18:00:00+0200,1653.8975,MW,DK2,DK_2,actual_load,Actual Load,2026-07-28T15:54:14Z
2026-07-28T15:51:12Z,2026-07-28T17:51:12+0200,7f736f6c-1b19-41ae-a117-2d42eccec7d0,2026-07-24T17:00:00Z,2026-07-24T19:00:00+0200,1523.0075,MW,DK2,DK_2,actual_load,Actual Load,2026-07-28T15:54:14Z
2026-07-28T15:51:12Z,2026-07-28T17:51:12+0200,7f736f6c-1b19-41ae-a117-2d42eccec7d0,2026-07-24T18:00:00Z,2026-07-24T20:00:00+0200,1416.525,MW,DK2,DK_2,actual_load,Actual Load,2026-07-28T15:54:14Z
2026-07-28T15:51:12Z,2026-07-28T17:51:12+0200,7f736f6c-1b19-41ae-a117-2d42eccec7d0,2026-07-24T19:00:00Z,2026-07-24T21:00:00+0200,1443.595,MW,DK2,DK_2,actual_load,Actual Load,2026-07-28T15:54:14Z
2026-07-28T15:51:12Z,2026-07-28T17:51:12+0200,7f736f6c-1b19-41ae-a117-2d42eccec7d0,2026-07-24T20:00:00Z,2026-07-24T22:00:00+0200,1390.465,MW,DK2,DK_2,actual_load,Actual Load,2026-07-28T15:54:14Z
2026-07-28T15:51:12Z,2026-07-28T17:51:12+0200,7f736f6c-1b19-41ae-a117-2d42eccec7d0,2026-07-24T21:00:00Z,2026-07-24T23:00:00+0200,1308.9275,MW,DK2,DK_2,actual_load,Actual Load,2026-07-28T15:54:14Z
2026-07-28T15:51:12Z,2026-07-28T17:51:12+0200,7f736f6c-1b19-41ae-a117-2d42eccec7d0,2026-07-24T22:00:00Z,2026-07-25T00:00:00+0200,1252.1075,MW,DK2,DK_2,actual_load,Actual Load,2026-07-28T15:54:14Z
2026-07-28T15:51:12Z,2026-07-28T17:51:12+0200,7f736f6c-1b19-41ae-a117-2d42eccec7d0,2026-07-24T23:00:00Z,2026-07-25T01:00:00+0200,1181.99,MW,DK2,DK_2,actual_load,Actual Load,2026-07-28T15:54:14Z
2026-07-28T15:51:12Z,2026-07-28T17:51:12+0200,7f736f6c-1b19-41ae-a117-2d42eccec7d0,2026-07-25T01:00:00Z,2026-07-25T03:00:00+0200,1125.2625,MW,DK2,DK_2,actual_load,Actual Load,2026-07-28T15:54:14Z
2026-07-28T15:51:12Z,2026-07-28T17:51:12+0200,7f736f6c-1b19-41ae-a117-2d42eccec7d0,2026-07-25T02:00:00Z,2026-07-25T04:00:00+0200,1110.575,MW,DK2,DK_2,actual_load,Actual Load,2026-07-28T15:54:14Z
2026-07-28T15:51:12Z,2026-07-28T17:51:12+0200,7f736f6c-1b19-41ae-a117-2d42eccec7d0,2026-07-25T03:00:00Z,2026-07-25T05:00:00+0200,1102.88,MW,DK2,DK_2,actual_load,Actual Load,2026-07-28T15:54:14Z
2026-07-28T15:51:12Z,2026-07-28T17:51:12+0200,7f736f6c-1b19-41ae-a117-2d42eccec7d0,2026-07-25T04:00:00Z,2026-07-25T06:00:00+0200,1151.1125,MW,DK2,DK_2,actual_load,Actual Load,2026-07-28T15:54:14Z
2026-07-28T15:51:12Z,2026-07-28T17:51:12+0200,7f736f6c-1b19-41ae-a117-2d42eccec7d0,2026-07-25T05:00:00Z,2026-07-25T07:00:00+0200,1190.81,MW,DK2,DK_2,actual_load,Actual Load,2026-07-28T15:54:14Z
2026-07-28T15:51:12Z,2026-07-28T17:51:12+0200,7f736f6c-1b19-41ae-a117-2d42eccec7d0,2026-07-25T06:00:00Z,2026-07-25T08:00:00+0200,1327.13,MW,DK2,DK_2,actual_load,Actual Load,2026-07-28T15:54:14Z
2026-07-28T15:51:12Z,2026-07-28T17:51:12+0200,7f736f6c-1b19-41ae-a117-2d42eccec7d0,2026-07-25T07:00:00Z,2026-07-25T09:00:00+0200,1571.49,MW,DK2,DK_2,actual_load,Actual Load,2026-07-28T15:54:14Z
2026-07-28T15:51:12Z,2026-07-28T17:51:12+0200,7f736f6c-1b19-41ae-a117-2d42eccec7d0,2026-07-25T08:00:00Z,2026-07-25T10:00:00+0200,1691.42,MW,DK2,DK_2,actual_load,Actual Load,2026-07-28T15:54:14Z
2026-07-28T15:51:12Z,2026-07-28T17:51:12+0200,7f736f6c-1b19-41ae-a117-2d42eccec7d0,2026-07-25T09:00:00Z,2026-07-25T11:00:00+0200,1760.305,MW,DK2,DK_2,actual_load,Actual Load,2026-07-28T15:54:14Z
2026-07-28T15:51:12Z,2026-07-28T17:51:12+0200,7f736f6c-1b19-41ae-a117-2d42eccec7d0,2026-07-25T10:00:00Z,2026-07-25T12:00:00+0200,1813.24,MW,DK2,DK_2,actual_load,Actual Load,2026-07-28T15:54:14Z
2026-07-28T15:51:12Z,2026-07-28T17:51:12+0200,7f736f6c-1b19-41ae-a117-2d42eccec7d0,2026-07-25T11:00:00Z,2026-07-25T13:00:00+0200,1781.1725,MW,DK2,DK_2,actual_load,Actual Load,2026-07-28T15:54:14Z
2026-07-28T15:51:12Z,2026-07-28T17:51:12+0200,7f736f6c-1b19-41ae-a117-2d42eccec7d0,2026-07-25T12:00:00Z,2026-07-25T14:00:00+0200,1744.8875,MW,DK2,DK_2,actual_load,Actual Load,2026-07-28T15:54:14Z
2026-07-28T15:51:12Z,2026-07-28T17:51:12+0200,7f736f6c-1b19-41ae-a117-2d42eccec7d0,2026-07-25T13:00:00Z,2026-07-25T15:00:00+0200,1643.025,MW,DK2,DK_2,actual_load,Actual Load,2026-07-28T15:54:14Z
2026-07-28T15:51:12Z,2026-07-28T17:51:12+0200,7f736f6c-1b19-41ae-a117-2d42eccec7d0,2026-07-25T14:00:00Z,2026-07-25T16:00:00+0200,1636.06,MW,DK2,DK_2,actual_load,Actual Load,2026-07-28T15:54:14Z
2026-07-28T15:51:12Z,2026-07-28T17:51:12+0200,7f736f6c-1b19-41ae-a117-2d42eccec7d0,2026-07-25T15:00:00Z,2026-07-25T17:00:00+0200,1646.24,MW,DK2,DK_2,actual_load,Actual Load,2026-07-28T15:54:14Z
2026-07-28T15:51:12Z,2026-07-28T17:51:12+0200,7f736f6c-1b19-41ae-a117-2d42eccec7d0,2026-07-25T16:00:00Z,2026-07-25T18:00:00+0200,1617.2375,MW,DK2,DK_2,actual_load,Actual Load,2026-07-28T15:54:14Z
2026-07-28T15:51:12Z,2026-07-28T17:51:12+0200,7f736f6c-1b19-41ae-a117-2d42eccec7d0,2026-07-25T17:00:00Z,2026-07-25T19:00:00+0200,1425.9825,MW,DK2,DK_2,actual_load,Actual Load,2026-07-28T15:54:14Z
2026-07-28T15:51:12Z,2026-07-28T17:51:12+0200,7f736f6c-1b19-41ae-a117-2d42eccec7d0,2026-07-25T18:00:00Z,2026-07-25T20:00:00+0200,1400.105,MW,DK2,DK_2,actual_load,Actual Load,2026-07-28T15:54:14Z
2026-07-28T15:51:12Z,2026-07-28T17:51:12+0200,7f736f6c-1b19-41ae-a117-2d42eccec7d0,2026-07-25T19:00:00Z,2026-07-25T21:00:00+0200,1372.3575,MW,DK2,DK_2,actual_load,Actual Load,2026-07-28T15:54:14Z
2026-07-28T15:51:12Z,2026-07-28T17:51:12+0200,7f736f6c-1b19-41ae-a117-2d42eccec7d0,2026-07-25T20:00:00Z,2026-07-25T22:00:00+0200,1323.49,MW,DK2,DK_2,actual_load,Actual Load,2026-07-28T15:54:14Z
2026-07-28T15:51:12Z,2026-07-28T17:51:12+0200,7f736f6c-1b19-41ae-a117-2d42eccec7d0,2026-07-25T21:00:00Z,2026-07-25T23:00:00+0200,1246.9425,MW,DK2,DK_2,actual_load,Actual Load,2026-07-28T15:54:14Z
2026-07-28T15:51:12Z,2026-07-28T17:51:12+0200,7f736f6c-1b19-41ae-a117-2d42eccec7d0,2026-07-25T22:00:00Z,2026-07-26T00:00:00+0200,1155.2325,MW,DK2,DK_2,actual_load,Actual Load,2026-07-28T15:54:14Z
2026-07-28T15:51:12Z,2026-07-28T17:51:12+0200,7f736f6c-1b19-41ae-a117-2d42eccec7d0,2026-07-25T23:00:00Z,2026-07-26T01:00:00+0200,1151.49,MW,DK2,DK_2,actual_load,Actual Load,2026-07-28T15:54:14Z
2026-07-28T15:51:12Z,2026-07-28T17:51:12+0200,7f736f6c-1b19-41ae-a117-2d42eccec7d0,2026-07-26T00:00:00Z,2026-07-26T02:00:00+0200,1136.345,MW,DK2,DK_2,actual_load,Actual Load,2026-07-28T15:54:14Z
2026-07-28T15:51:12Z,2026-07-28T17:51:12+0200,7f736f6c-1b19-41ae-a117-2d42eccec7d0,2026-07-26T01:00:00Z,2026-07-26T03:00:00+0200,1076.175,MW,DK2,DK_2,actual_load,Actual Load,2026-07-28T15:54:14Z
2026-07-28T15:51:12Z,2026-07-28T17:51:12+0200,7f736f6c-1b19-41ae-a117-2d42eccec7d0,2026-07-26T02:00:00Z,2026-07-26T04:00:00+0200,1056.69,MW,DK2,DK_2,actual_load,Actual Load,2026-07-28T15:54:14Z
2026-07-28T15:51:12Z,2026-07-28T17:51:12+0200,7f736f6c-1b19-41ae-a117-2d42eccec7d0,2026-07-26T03:00:00Z,2026-07-26T05:00:00+0200,1063.8725,MW,DK2,DK_2,actual_load,Actual Load,2026-07-28T15:54:14Z
2026-07-28T15:51:12Z,2026-07-28T17:51:12+0200,7f736f6c-1b19-41ae-a117-2d42eccec7d0,2026-07-26T04:00:00Z,2026-07-26T06:00:00+0200,1037.93,MW,DK2,DK_2,actual_load,Actual Load,2026-07-28T15:54:14Z
2026-07-28T15:51:12Z,2026-07-28T17:51:12+0200,7f736f6c-1b19-41ae-a117-2d42eccec7d0,2026-07-26T05:00:00Z,2026-07-26T07:00:00+0200,1145.31,MW,DK2,DK_2,actual_load,Actual Load,2026-07-28T15:54:14Z
2026-07-28T15:51:12Z,2026-07-28T17:51:12+0200,7f736f6c-1b19-41ae-a117-2d42eccec7d0,2026-07-26T06:00:00Z,2026-07-26T08:00:00+0200,1318.4325,MW,DK2,DK_2,actual_load,Actual Load,2026-07-28T15:54:14Z
2026-07-28T15:51:12Z,2026-07-28T17:51:12+0200,7f736f6c-1b19-41ae-a117-2d42eccec7d0,2026-07-26T07:00:00Z,2026-07-26T09:00:00+0200,1495.01,MW,DK2,DK_2,actual_load,Actual Load,2026-07-28T15:54:14Z
2026-07-28T15:51:12Z,2026-07-28T17:51:12+0200,7f736f6c-1b19-41ae-a117-2d42eccec7d0,2026-07-26T08:00:00Z,2026-07-26T10:00:00+0200,1586.315,MW,DK2,DK_2,actual_load,Actual Load,2026-07-28T15:54:14Z
2026-07-28T15:51:12Z,2026-07-28T17:51:12+0200,7f736f6c-1b19-41ae-a117-2d42eccec7d0,2026-07-26T09:00:00Z,2026-07-26T11:00:00+0200,1676.2825,MW,DK2,DK_2,actual_load,Actual Load,2026-07-28T15:54:14Z
2026-07-28T15:51:12Z,2026-07-28T17:51:12+0200,7f736f6c-1b19-41ae-a117-2d42eccec7d0,2026-07-26T10:00:00Z,2026-07-26T12:00:00+0200,1704.725,MW,DK2,DK_2,actual_load,Actual Load,2026-07-28T15:54:14Z
2026-07-28T15:51:12Z,2026-07-28T17:51:12+0200,7f736f6c-1b19-41ae-a117-2d42eccec7d0,2026-07-26T11:00:00Z,2026-07-26T13:00:00+0200,1742.3525,MW,DK2,DK_2,actual_load,Actual Load,2026-07-28T15:54:14Z
2026-07-28T15:51:12Z,2026-07-28T17:51:12+0200,7f736f6c-1b19-41ae-a117-2d42eccec7d0,2026-07-26T12:00:00Z,2026-07-26T14:00:00+0200,1715.36,MW,DK2,DK_2,actual_load,Actual Load,2026-07-28T15:54:14Z
2026-07-28T15:51:12Z,2026-07-28T17:51:12+0200,7f736f6c-1b19-41ae-a117-2d42eccec7d0,2026-07-26T13:00:00Z,2026-07-26T15:00:00+0200,1697.895,MW,DK2,DK_2,actual_load,Actual Load,2026-07-28T15:54:14Z
2026-07-28T15:51:12Z,2026-07-28T17:51:12+0200,7f736f6c-1b19-41ae-a117-2d42eccec7d0,2026-07-26T14:00:00Z,2026-07-26T16:00:00+0200,1637.0175,MW,DK2,DK_2,actual_load,Actual Load,2026-07-28T15:54:14Z
2026-07-28T15:51:12Z,2026-07-28T17:51:12+0200,7f736f6c-1b19-41ae-a117-2d42eccec7d0,2026-07-26T15:00:00Z,2026-07-26T17:00:00+0200,1588.295,MW,DK2,DK_2,actual_load,Actual Load,2026-07-28T15:54:14Z
2026-07-28T15:51:12Z,2026-07-28T17:51:12+0200,7f736f6c-1b19-41ae-a117-2d42eccec7d0,2026-07-26T16:00:00Z,2026-07-26T18:00:00+0200,1604.3275,MW,DK2,DK_2,actual_load,Actual Load,2026-07-28T15:54:14Z
2026-07-28T15:51:12Z,2026-07-28T17:51:12+0200,7f736f6c-1b19-41ae-a117-2d42eccec7d0,2026-07-26T17:00:00Z,2026-07-26T19:00:00+0200,1501.3375,MW,DK2,DK_2,actual_load,Actual Load,2026-07-28T15:54:14Z
2026-07-28T15:51:12Z,2026-07-28T17:51:12+0200,7f736f6c-1b19-41ae-a117-2d42eccec7d0,2026-07-26T18:00:00Z,2026-07-26T20:00:00+0200,1459.0225,MW,DK2,DK_2,actual_load,Actual Load,2026-07-28T15:54:14Z
2026-07-28T15:51:12Z,2026-07-28T17:51:12+0200,7f736f6c-1b19-41ae-a117-2d42eccec7d0,2026-07-26T19:00:00Z,2026-07-26T21:00:00+0200,1443.355,MW,DK2,DK_2,actual_load,Actual Load,2026-07-28T15:54:14Z
2026-07-28T15:51:12Z,2026-07-28T17:51:12+0200,7f736f6c-1b19-41ae-a117-2d42eccec7d0,2026-07-26T20:00:00Z,2026-07-26T22:00:00+0200,1372.6,MW,DK2,DK_2,actual_load,Actual Load,2026-07-28T15:54:14Z
2026-07-28T15:51:12Z,2026-07-28T17:51:12+0200,7f736f6c-1b19-41ae-a117-2d42eccec7d0,2026-07-26T21:00:00Z,2026-07-26T23:00:00+0200,1313.49,MW,DK2,DK_2,actual_load,Actual Load,2026-07-28T15:54:14Z
2026-07-28T15:51:12Z,2026-07-28T17:51:12+0200,7f736f6c-1b19-41ae-a117-2d42eccec7d0,2026-07-26T22:00:00Z,2026-07-27T00:00:00+0200,1250.8375,MW,DK2,DK_2,actual_load,Actual Load,2026-07-28T15:54:14Z
2026-07-28T15:51:12Z,2026-07-28T17:51:12+0200,7f736f6c-1b19-41ae-a117-2d42eccec7d0,2026-07-26T23:00:00Z,2026-07-27T01:00:00+0200,1187.5625,MW,DK2,DK_2,actual_load,Actual Load,2026-07-28T15:54:14Z
2026-07-28T15:51:12Z,2026-07-28T17:51:12+0200,7f736f6c-1b19-41ae-a117-2d42eccec7d0,2026-07-27T00:00:00Z,2026-07-27T02:00:00+0200,1237.965,MW,DK2,DK_2,actual_load,Actual Load,2026-07-28T15:54:14Z
2026-07-28T15:51:12Z,2026-07-28T17:51:12+0200,7f736f6c-1b19-41ae-a117-2d42eccec7d0,2026-07-27T01:00:00Z,2026-07-27T03:00:00+0200,1240.745,MW,DK2,DK_2,actual_load,Actual Load,2026-07-28T15:54:14Z
2026-07-28T15:51:12Z,2026-07-28T17:51:12+0200,7f736f6c-1b19-41ae-a117-2d42eccec7d0,2026-07-27T02:00:00Z,2026-07-27T04:00:00+0200,1191.93,MW,DK2,DK_2,actual_load,Actual Load,2026-07-28T15:54:14Z
2026-07-28T15:51:12Z,2026-07-28T17:51:12+0200,7f736f6c-1b19-41ae-a117-2d42eccec7d0,2026-07-27T03:00:00Z,2026-07-27T05:00:00+0200,1191.4225,MW,DK2,DK_2,actual_load,Actual Load,2026-07-28T15:54:14Z
2026-07-28T15:51:12Z,2026-07-28T17:51:12+0200,7f736f6c-1b19-41ae-a117-2d42eccec7d0,2026-07-27T04:00:00Z,2026-07-27T06:00:00+0200,1280.2625,MW,DK2,DK_2,actual_load,Actual Load,2026-07-28T15:54:14Z
2026-07-28T15:51:12Z,2026-07-28T17:51:12+0200,7f736f6c-1b19-41ae-a117-2d42eccec7d0,2026-07-27T05:00:00Z,2026-07-27T07:00:00+0200,1431.6075,MW,DK2,DK_2,actual_load,Actual Load,2026-07-28T15:54:14Z
2026-07-28T15:51:12Z,2026-07-28T17:51:12+0200,7f736f6c-1b19-41ae-a117-2d42eccec7d0,2026-07-27T06:00:00Z,2026-07-27T08:00:00+0200,1650.4325,MW,DK2,DK_2,actual_load,Actual Load,2026-07-28T15:54:14Z
2026-07-28T15:51:12Z,2026-07-28T17:51:12+0200,7f736f6c-1b19-41ae-a117-2d42eccec7d0,2026-07-27T07:00:00Z,2026-07-27T09:00:00+0200,1737.1425,MW,DK2,DK_2,actual_load,Actual Load,2026-07-28T15:54:14Z
2026-07-28T15:51:12Z,2026-07-28T17:51:12+0200,7f736f6c-1b19-41ae-a117-2d42eccec7d0,2026-07-27T08:00:00Z,2026-07-27T10:00:00+0200,1834.7825,MW,DK2,DK_2,actual_load,Actual Load,2026-07-28T15:54:14Z
2026-07-28T15:51:12Z,2026-07-28T17:51:12+0200,7f736f6c-1b19-41ae-a117-2d42eccec7d0,2026-07-27T09:00:00Z,2026-07-27T11:00:00+0200,1880.365,MW,DK2,DK_2,actual_load,Actual Load,2026-07-28T15:54:14Z
2026-07-28T15:51:12Z,2026-07-28T17:51:12+0200,7f736f6c-1b19-41ae-a117-2d42eccec7d0,2026-07-27T10:00:00Z,2026-07-27T12:00:00+0200,1934.3275,MW,DK2,DK_2,actual_load,Actual Load,2026-07-28T15:54:14Z
2026-07-28T15:51:12Z,2026-07-28T17:51:12+0200,7f736f6c-1b19-41ae-a117-2d42eccec7d0,2026-07-27T11:00:00Z,2026-07-27T13:00:00+0200,1960.11,MW,DK2,DK_2,actual_load,Actual Load,2026-07-28T15:54:14Z
2026-07-28T15:51:12Z,2026-07-28T17:51:12+0200,7f736f6c-1b19-41ae-a117-2d42eccec7d0,2026-07-27T12:00:00Z,2026-07-27T14:00:00+0200,1919.785,MW,DK2,DK_2,actual_load,Actual Load,2026-07-28T15:54:14Z
2026-07-28T15:51:12Z,2026-07-28T17:51:12+0200,7f736f6c-1b19-41ae-a117-2d42eccec7d0,2026-07-27T13:00:00Z,2026-07-27T15:00:00+0200,1886.42,MW,DK2,DK_2,actual_load,Actual Load,2026-07-28T15:54:14Z
2026-07-28T15:51:12Z,2026-07-28T17:51:12+0200,7f736f6c-1b19-41ae-a117-2d42eccec7d0,2026-07-27T14:00:00Z,2026-07-27T16:00:00+0200,1830.9175,MW,DK2,DK_2,actual_load,Actual Load,2026-07-28T15:54:14Z
2026-07-28T15:51:12Z,2026-07-28T17:51:12+0200,7f736f6c-1b19-41ae-a117-2d42eccec7d0,2026-07-27T15:00:00Z,2026-07-27T17:00:00+0200,1827.93,MW,DK2,DK_2,actual_load,Actual Load,2026-07-28T15:54:14Z
2026-07-28T15:51:12Z,2026-07-28T17:51:12+0200,7f736f6c-1b19-41ae-a117-2d42eccec7d0,2026-07-27T16:00:00Z,2026-07-27T18:00:00+0200,1790.415,MW,DK2,DK_2,actual_load,Actual Load,2026-07-28T15:54:14Z
2026-07-28T15:51:12Z,2026-07-28T17:51:12+0200,7f736f6c-1b19-41ae-a117-2d42eccec7d0,2026-07-27T17:00:00Z,2026-07-27T19:00:00+0200,1667.8475,MW,DK2,DK_2,actual_load,Actual Load,2026-07-28T15:54:14Z
2026-07-28T15:51:12Z,2026-07-28T17:51:12+0200,7f736f6c-1b19-41ae-a117-2d42eccec7d0,2026-07-27T18:00:00Z,2026-07-27T20:00:00+0200,1547.4575,MW,DK2,DK_2,actual_load,Actual Load,2026-07-28T15:54:14Z
2026-07-28T15:51:12Z,2026-07-28T17:51:12+0200,7f736f6c-1b19-41ae-a117-2d42eccec7d0,2026-07-27T19:00:00Z,2026-07-27T21:00:00+0200,1441.39,MW,DK2,DK_2,actual_load,Actual Load,2026-07-28T15:54:14Z
2026-07-28T15:51:12Z,2026-07-28T17:51:12+0200,7f736f6c-1b19-41ae-a117-2d42eccec7d0,2026-07-27T20:00:00Z,2026-07-27T22:00:00+0200,1402.385,MW,DK2,DK_2,actual_load,Actual Load,2026-07-28T15:54:14Z
2026-07-28T15:51:12Z,2026-07-28T17:51:12+0200,7f736f6c-1b19-41ae-a117-2d42eccec7d0,2026-07-27T21:00:00Z,2026-07-27T23:00:00+0200,1313.18,MW,DK2,DK_2,actual_load,Actual Load,2026-07-28T15:54:14Z
2026-07-28T15:51:12Z,2026-07-28T17:51:12+0200,7f736f6c-1b19-41ae-a117-2d42eccec7d0,2026-07-27T22:00:00Z,2026-07-28T00:00:00+0200,1237.57,MW,DK2,DK_2,actual_load,Actual Load,2026-07-28T15:54:14Z
2026-07-28T15:51:12Z,2026-07-28T17:51:12+0200,7f736f6c-1b19-41ae-a117-2d42eccec7d0,2026-07-27T23:00:00Z,2026-07-28T01:00:00+0200,1222.0,MW,DK2,DK_2,actual_load,Actual Load,2026-07-28T15:54:14Z
2026-07-28T15:51:12Z,2026-07-28T17:51:12+0200,7f736f6c-1b19-41ae-a117-2d42eccec7d0,2026-07-28T00:00:00Z,2026-07-28T02:00:00+0200,1195.255,MW,DK2,DK_2,actual_load,Actual Load,2026-07-28T15:54:14Z
2026-07-28T15:51:12Z,2026-07-28T17:51:12+0200,7f736f6c-1b19-41ae-a117-2d42eccec7d0,2026-07-28T01:00:00Z,2026-07-28T03:00:00+0200,1176.23,MW,DK2,DK_2,actual_load,Actual Load,2026-07-28T15:54:14Z
2026-07-28T15:51:12Z,2026-07-28T17:51:12+0200,7f736f6c-1b19-41ae-a117-2d42eccec7d0,2026-07-28T02:00:00Z,2026-07-28T04:00:00+0200,1163.35,MW,DK2,DK_2,actual_load,Actual Load,2026-07-28T15:54:14Z
2026-07-28T15:51:12Z,2026-07-28T17:51:12+0200,7f736f6c-1b19-41ae-a117-2d42eccec7d0,2026-07-28T03:00:00Z,2026-07-28T05:00:00+0200,1163.2325,MW,DK2,DK_2,actual_load,Actual Load,2026-07-28T15:54:14Z
2026-07-28T15:51:12Z,2026-07-28T17:51:12+0200,7f736f6c-1b19-41ae-a117-2d42eccec7d0,2026-07-28T04:00:00Z,2026-07-28T06:00:00+0200,1265.5375,MW,DK2,DK_2,actual_load,Actual Load,2026-07-28T15:54:14Z
2026-07-28T15:51:12Z,2026-07-28T17:51:12+0200,7f736f6c-1b19-41ae-a117-2d42eccec7d0,2026-07-28T05:00:00Z,2026-07-28T07:00:00+0200,1454.8725,MW,DK2,DK_2,actual_load,Actual Load,2026-07-28T15:54:14Z
2026-07-28T15:51:12Z,2026-07-28T17:51:12+0200,7f736f6c-1b19-41ae-a117-2d42eccec7d0,2026-07-28T06:00:00Z,2026-07-28T08:00:00+0200,1583.8725,MW,DK2,DK_2,actual_load,Actual Load,2026-07-28T15:54:14Z
2026-07-28T15:51:12Z,2026-07-28T17:51:12+0200,7f736f6c-1b19-41ae-a117-2d42eccec7d0,2026-07-28T07:00:00Z,2026-07-28T09:00:00+0200,1696.7775,MW,DK2,DK_2,actual_load,Actual Load,2026-07-28T15:54:14Z
2026-07-28T15:51:12Z,2026-07-28T17:51:12+0200,7f736f6c-1b19-41ae-a117-2d42eccec7d0,2026-07-28T08:00:00Z,2026-07-28T10:00:00+0200,1791.395,MW,DK2,DK_2,actual_load,Actual Load,2026-07-28T15:54:14Z
2026-07-28T15:51:12Z,2026-07-28T17:51:12+0200,7f736f6c-1b19-41ae-a117-2d42eccec7d0,2026-07-28T09:00:00Z,2026-07-28T11:00:00+0200,1894.85,MW,DK2,DK_2,actual_load,Actual Load,2026-07-28T15:54:14Z
2026-07-28T15:51:12Z,2026-07-28T17:51:12+0200,7f736f6c-1b19-41ae-a117-2d42eccec7d0,2026-07-28T10:00:00Z,2026-07-28T12:00:00+0200,1859.795,MW,DK2,DK_2,actual_load,Actual Load,2026-07-28T15:54:14Z
2026-07-28T15:51:12Z,2026-07-28T17:51:12+0200,7f736f6c-1b19-41ae-a117-2d42eccec7d0,2026-07-28T11:00:00Z,2026-07-28T13:00:00+0200,1881.775,MW,DK2,DK_2,actual_load,Actual Load,2026-07-28T15:54:14Z
2026-07-28T15:51:12Z,2026-07-28T17:51:12+0200,7f736f6c-1b19-41ae-a117-2d42eccec7d0,2026-07-28T12:00:00Z,2026-07-28T14:00:00+0200,1947.1825,MW,DK2,DK_2,actual_load,Actual Load,2026-07-28T15:54:14Z
2026-07-28T15:51:12Z,2026-07-28T17:51:12+0200,7f736f6c-1b19-41ae-a117-2d42eccec7d0,2026-07-28T13:00:00Z,2026-07-28T15:00:00+0200,1851.2825,MW,DK2,DK_2,actual_load,Actual Load,2026-07-28T15:54:14Z
2026-07-28T15:51:12Z,2026-07-28T17:51:12+0200,7f736f6c-1b19-41ae-a117-2d42eccec7d0,2026-07-28T14:00:00Z,2026-07-28T16:00:00+0200,1829.675,MW,DK2,DK_2,actual_load,Actual Load,2026-07-28T15:54:14Z
