collection_time_utc,collection_time_local,run_id,timestamp_utc,timestamp_local,value,unit,country,entsoe_area,variable,source,updated_at_utc
2026-09-10T05:27:20Z,2026-09-10T07:27:20+0200,e53564bb-6d21-4766-a388-6e59f102773f,2026-09-03T06:00:00Z,2026-09-03T08:00:00+0200,192.46,EUR/MWh,PT,PT,imbalance_price,Long,2026-09-10T05:37:38Z
2026-09-10T05:27:20Z,2026-09-10T07:27:20+0200,e53564bb-6d21-4766-a388-6e59f102773f,2026-09-03T06:00:00Z,2026-09-03T08:00:00+0200,192.46,EUR/MWh,PT,PT,imbalance_price,Short,2026-09-10T05:37:38Z
2026-09-10T05:27:20Z,2026-09-10T07:27:20+0200,e53564bb-6d21-4766-a388-6e59f102773f,2026-09-03T06:15:00Z,2026-09-03T08:15:00+0200,190.56,EUR/MWh,PT,PT,imbalance_price,Long,2026-09-10T05:37:38Z
2026-09-10T05:27:20Z,2026-09-10T07:27:20+0200,e53564bb-6d21-4766-a388-6e59f102773f,2026-09-03T06:15:00Z,2026-09-03T08:15:00+0200,190.56,EUR/MWh,PT,PT,imbalance_price,Short,2026-09-10T05:37:38Z
2026-09-10T05:27:20Z,2026-09-10T07:27:20+0200,e53564bb-6d21-4766-a388-6e59f102773f,2026-09-03T06:30:00Z,2026-09-03T08:30:00+0200,173.58,EUR/MWh,PT,PT,imbalance_price,Long,2026-09-10T05:37:38Z
2026-09-10T05:27:20Z,2026-09-10T07:27:20+0200,e53564bb-6d21-4766-a388-6e59f102773f,2026-09-03T06:30:00Z,2026-09-03T08:30:00+0200,173.58,EUR/MWh,PT,PT,imbalance_price,Short,2026-09-10T05:37:38Z
2026-09-10T05:27:20Z,2026-09-10T07:27:20+0200,e53564bb-6d21-4766-a388-6e59f102773f,2026-09-03T06:45:00Z,2026-09-03T08:45:00+0200,132.43,EUR/MWh,PT,PT,imbalance_price,Long,2026-09-10T05:37:38Z
2026-09-10T05:27:20Z,2026-09-10T07:27:20+0200,e53564bb-6d21-4766-a388-6e59f102773f,2026-09-03T06:45:00Z,2026-09-03T08:45:00+0200,168.82,EUR/MWh,PT,PT,imbalance_price,Short,2026-09-10T05:37:38Z
2026-09-10T05:27:20Z,2026-09-10T07:27:20+0200,e53564bb-6d21-4766-a388-6e59f102773f,2026-09-03T07:00:00Z,2026-09-03T09:00:00+0200,178.21,EUR/MWh,PT,PT,imbalance_price,Long,2026-09-10T05:37:38Z
2026-09-10T05:27:20Z,2026-09-10T07:27:20+0200,e53564bb-6d21-4766-a388-6e59f102773f,2026-09-03T07:00:00Z,2026-09-03T09:00:00+0200,178.21,EUR/MWh,PT,PT,imbalance_price,Short,2026-09-10T05:37:38Z
2026-09-10T05:27:20Z,2026-09-10T07:27:20+0200,e53564bb-6d21-4766-a388-6e59f102773f,2026-09-03T07:15:00Z,2026-09-03T09:15:00+0200,168.8,EUR/MWh,PT,PT,imbalance_price,Long,2026-09-10T05:37:38Z
2026-09-10T05:27:20Z,2026-09-10T07:27:20+0200,e53564bb-6d21-4766-a388-6e59f102773f,2026-09-03T07:15:00Z,2026-09-03T09:15:00+0200,168.8,EUR/MWh,PT,PT,imbalance_price,Short,2026-09-10T05:37:38Z
2026-09-10T05:27:20Z,2026-09-10T07:27:20+0200,e53564bb-6d21-4766-a388-6e59f102773f,2026-09-03T07:30:00Z,2026-09-03T09:30:00+0200,108.0,EUR/MWh,PT,PT,imbalance_price,Long,2026-09-10T05:37:38Z
2026-09-10T05:27:20Z,2026-09-10T07:27:20+0200,e53564bb-6d21-4766-a388-6e59f102773f,2026-09-03T07:30:00Z,2026-09-03T09:30:00+0200,180.0,EUR/MWh,PT,PT,imbalance_price,Short,2026-09-10T05:37:38Z
2026-09-10T05:27:20Z,2026-09-10T07:27:20+0200,e53564bb-6d21-4766-a388-6e59f102773f,2026-09-03T07:45:00Z,2026-09-03T09:45:00+0200,97.2,EUR/MWh,PT,PT,imbalance_price,Long,2026-09-10T05:37:38Z
2026-09-10T05:27:20Z,2026-09-10T07:27:20+0200,e53564bb-6d21-4766-a388-6e59f102773f,2026-09-03T07:45:00Z,2026-09-03T09:45:00+0200,181.0,EUR/MWh,PT,PT,imbalance_price,Short,2026-09-10T05:37:38Z
2026-09-10T05:27:20Z,2026-09-10T07:27:20+0200,e53564bb-6d21-4766-a388-6e59f102773f,2026-09-03T08:00:00Z,2026-09-03T10:00:00+0200,23.3,EUR/MWh,PT,PT,imbalance_price,Long,2026-09-10T05:37:38Z
2026-09-10T05:27:20Z,2026-09-10T07:27:20+0200,e53564bb-6d21-4766-a388-6e59f102773f,2026-09-03T08:00:00Z,2026-09-03T10:00:00+0200,155.15,EUR/MWh,PT,PT,imbalance_price,Short,2026-09-10T05:37:38Z
2026-09-10T05:27:20Z,2026-09-10T07:27:20+0200,e53564bb-6d21-4766-a388-6e59f102773f,2026-09-03T08:15:00Z,2026-09-03T10:15:00+0200,23.3,EUR/MWh,PT,PT,imbalance_price,Long,2026-09-10T05:37:38Z
2026-09-10T05:27:20Z,2026-09-10T07:27:20+0200,e53564bb-6d21-4766-a388-6e59f102773f,2026-09-03T08:15:00Z,2026-09-03T10:15:00+0200,156.6,EUR/MWh,PT,PT,imbalance_price,Short,2026-09-10T05:37:38Z
2026-09-10T05:27:20Z,2026-09-10T07:27:20+0200,e53564bb-6d21-4766-a388-6e59f102773f,2026-09-03T08:30:00Z,2026-09-03T10:30:00+0200,-3.1,EUR/MWh,PT,PT,imbalance_price,Long,2026-09-10T05:37:38Z
2026-09-10T05:27:20Z,2026-09-10T07:27:20+0200,e53564bb-6d21-4766-a388-6e59f102773f,2026-09-03T08:30:00Z,2026-09-03T10:30:00+0200,82.66,EUR/MWh,PT,PT,imbalance_price,Short,2026-09-10T05:37:38Z
2026-09-10T05:27:20Z,2026-09-10T07:27:20+0200,e53564bb-6d21-4766-a388-6e59f102773f,2026-09-03T08:45:00Z,2026-09-03T10:45:00+0200,2.67,EUR/MWh,PT,PT,imbalance_price,Long,2026-09-10T05:37:38Z
2026-09-10T05:27:20Z,2026-09-10T07:27:20+0200,e53564bb-6d21-4766-a388-6e59f102773f,2026-09-03T08:45:00Z,2026-09-03T10:45:00+0200,140.06,EUR/MWh,PT,PT,imbalance_price,Short,2026-09-10T05:37:38Z
2026-09-10T05:27:20Z,2026-09-10T07:27:20+0200,e53564bb-6d21-4766-a388-6e59f102773f,2026-09-03T09:00:00Z,2026-09-03T11:00:00+0200,23.3,EUR/MWh,PT,PT,imbalance_price,Long,2026-09-10T05:37:38Z
2026-09-10T05:27:20Z,2026-09-10T07:27:20+0200,e53564bb-6d21-4766-a388-6e59f102773f,2026-09-03T09:00:00Z,2026-09-03T11:00:00+0200,75.85,EUR/MWh,PT,PT,imbalance_price,Short,2026-09-10T05:37:38Z
2026-09-10T05:27:20Z,2026-09-10T07:27:20+0200,e53564bb-6d21-4766-a388-6e59f102773f,2026-09-03T09:15:00Z,2026-09-03T11:15:00+0200,40.0,EUR/MWh,PT,PT,imbalance_price,Long,2026-09-10T05:37:38Z
2026-09-10T05:27:20Z,2026-09-10T07:27:20+0200,e53564bb-6d21-4766-a388-6e59f102773f,2026-09-03T09:15:00Z,2026-09-03T11:15:00+0200,42.44,EUR/MWh,PT,PT,imbalance_price,Short,2026-09-10T05:37:38Z
2026-09-10T05:27:20Z,2026-09-10T07:27:20+0200,e53564bb-6d21-4766-a388-6e59f102773f,2026-09-03T09:30:00Z,2026-09-03T11:30:00+0200,16.4,EUR/MWh,PT,PT,imbalance_price,Long,2026-09-10T05:37:38Z
2026-09-10T05:27:20Z,2026-09-10T07:27:20+0200,e53564bb-6d21-4766-a388-6e59f102773f,2026-09-03T09:30:00Z,2026-09-03T11:30:00+0200,17.72,EUR/MWh,PT,PT,imbalance_price,Short,2026-09-10T05:37:38Z
2026-09-10T05:27:20Z,2026-09-10T07:27:20+0200,e53564bb-6d21-4766-a388-6e59f102773f,2026-09-03T09:45:00Z,2026-09-03T11:45:00+0200,23.3,EUR/MWh,PT,PT,imbalance_price,Long,2026-09-10T05:37:38Z
2026-09-10T05:27:20Z,2026-09-10T07:27:20+0200,e53564bb-6d21-4766-a388-6e59f102773f,2026-09-03T09:45:00Z,2026-09-03T11:45:00+0200,23.3,EUR/MWh,PT,PT,imbalance_price,Short,2026-09-10T05:37:38Z
2026-09-10T05:27:20Z,2026-09-10T07:27:20+0200,e53564bb-6d21-4766-a388-6e59f102773f,2026-09-03T10:00:00Z,2026-09-03T12:00:00+0200,23.3,EUR/MWh,PT,PT,imbalance_price,Long,2026-09-10T05:37:38Z
2026-09-10T05:27:20Z,2026-09-10T07:27:20+0200,e53564bb-6d21-4766-a388-6e59f102773f,2026-09-03T10:00:00Z,2026-09-03T12:00:00+0200,23.54,EUR/MWh,PT,PT,imbalance_price,Short,2026-09-10T05:37:38Z
2026-09-10T05:27:20Z,2026-09-10T07:27:20+0200,e53564bb-6d21-4766-a388-6e59f102773f,2026-09-03T10:15:00Z,2026-09-03T12:15:00+0200,44.96,EUR/MWh,PT,PT,imbalance_price,Long,2026-09-10T05:37:38Z
2026-09-10T05:27:20Z,2026-09-10T07:27:20+0200,e53564bb-6d21-4766-a388-6e59f102773f,2026-09-03T10:15:00Z,2026-09-03T12:15:00+0200,101.95,EUR/MWh,PT,PT,imbalance_price,Short,2026-09-10T05:37:38Z
2026-09-10T05:27:20Z,2026-09-10T07:27:20+0200,e53564bb-6d21-4766-a388-6e59f102773f,2026-09-03T10:30:00Z,2026-09-03T12:30:00+0200,37.36,EUR/MWh,PT,PT,imbalance_price,Long,2026-09-10T05:37:38Z
2026-09-10T05:27:20Z,2026-09-10T07:27:20+0200,e53564bb-6d21-4766-a388-6e59f102773f,2026-09-03T10:30:00Z,2026-09-03T12:30:00+0200,140.0,EUR/MWh,PT,PT,imbalance_price,Short,2026-09-10T05:37:38Z
2026-09-10T05:27:20Z,2026-09-10T07:27:20+0200,e53564bb-6d21-4766-a388-6e59f102773f,2026-09-03T10:45:00Z,2026-09-03T12:45:00+0200,31.02,EUR/MWh,PT,PT,imbalance_price,Long,2026-09-10T05:37:38Z
2026-09-10T05:27:20Z,2026-09-10T07:27:20+0200,e53564bb-6d21-4766-a388-6e59f102773f,2026-09-03T10:45:00Z,2026-09-03T12:45:00+0200,73.75,EUR/MWh,PT,PT,imbalance_price,Short,2026-09-10T05:37:38Z
2026-09-10T05:27:20Z,2026-09-10T07:27:20+0200,e53564bb-6d21-4766-a388-6e59f102773f,2026-09-03T11:00:00Z,2026-09-03T13:00:00+0200,31.1,EUR/MWh,PT,PT,imbalance_price,Long,2026-09-10T05:37:38Z
2026-09-10T05:27:20Z,2026-09-10T07:27:20+0200,e53564bb-6d21-4766-a388-6e59f102773f,2026-09-03T11:00:00Z,2026-09-03T13:00:00+0200,49.21,EUR/MWh,PT,PT,imbalance_price,Short,2026-09-10T05:37:38Z
2026-09-10T05:27:20Z,2026-09-10T07:27:20+0200,e53564bb-6d21-4766-a388-6e59f102773f,2026-09-03T11:15:00Z,2026-09-03T13:15:00+0200,1.66,EUR/MWh,PT,PT,imbalance_price,Long,2026-09-10T05:37:38Z
2026-09-10T05:27:20Z,2026-09-10T07:27:20+0200,e53564bb-6d21-4766-a388-6e59f102773f,2026-09-03T11:15:00Z,2026-09-03T13:15:00+0200,42.77,EUR/MWh,PT,PT,imbalance_price,Short,2026-09-10T05:37:38Z
2026-09-10T05:27:20Z,2026-09-10T07:27:20+0200,e53564bb-6d21-4766-a388-6e59f102773f,2026-09-03T11:30:00Z,2026-09-03T13:30:00+0200,26.4,EUR/MWh,PT,PT,imbalance_price,Long,2026-09-10T05:37:38Z
2026-09-10T05:27:20Z,2026-09-10T07:27:20+0200,e53564bb-6d21-4766-a388-6e59f102773f,2026-09-03T11:30:00Z,2026-09-03T13:30:00+0200,33.0,EUR/MWh,PT,PT,imbalance_price,Short,2026-09-10T05:37:38Z
2026-09-10T05:27:20Z,2026-09-10T07:27:20+0200,e53564bb-6d21-4766-a388-6e59f102773f,2026-09-03T11:45:00Z,2026-09-03T13:45:00+0200,21.6,EUR/MWh,PT,PT,imbalance_price,Long,2026-09-10T05:37:38Z
2026-09-10T05:27:20Z,2026-09-10T07:27:20+0200,e53564bb-6d21-4766-a388-6e59f102773f,2026-09-03T11:45:00Z,2026-09-03T13:45:00+0200,99.0,EUR/MWh,PT,PT,imbalance_price,Short,2026-09-10T05:37:38Z
2026-09-10T05:27:20Z,2026-09-10T07:27:20+0200,e53564bb-6d21-4766-a388-6e59f102773f,2026-09-03T12:00:00Z,2026-09-03T14:00:00+0200,25.06,EUR/MWh,PT,PT,imbalance_price,Long,2026-09-10T05:37:38Z
2026-09-10T05:27:20Z,2026-09-10T07:27:20+0200,e53564bb-6d21-4766-a388-6e59f102773f,2026-09-03T12:00:00Z,2026-09-03T14:00:00+0200,31.33,EUR/MWh,PT,PT,imbalance_price,Short,2026-09-10T05:37:38Z
2026-09-10T05:27:20Z,2026-09-10T07:27:20+0200,e53564bb-6d21-4766-a388-6e59f102773f,2026-09-03T12:15:00Z,2026-09-03T14:15:00+0200,1.66,EUR/MWh,PT,PT,imbalance_price,Long,2026-09-10T05:37:38Z
2026-09-10T05:27:20Z,2026-09-10T07:27:20+0200,e53564bb-6d21-4766-a388-6e59f102773f,2026-09-03T12:15:00Z,2026-09-03T14:15:00+0200,9.71,EUR/MWh,PT,PT,imbalance_price,Short,2026-09-10T05:37:38Z
2026-09-10T05:27:20Z,2026-09-10T07:27:20+0200,e53564bb-6d21-4766-a388-6e59f102773f,2026-09-03T12:30:00Z,2026-09-03T14:30:00+0200,1.66,EUR/MWh,PT,PT,imbalance_price,Long,2026-09-10T05:37:38Z
2026-09-10T05:27:20Z,2026-09-10T07:27:20+0200,e53564bb-6d21-4766-a388-6e59f102773f,2026-09-03T12:30:00Z,2026-09-03T14:30:00+0200,2.43,EUR/MWh,PT,PT,imbalance_price,Short,2026-09-10T05:37:38Z
2026-09-10T05:27:20Z,2026-09-10T07:27:20+0200,e53564bb-6d21-4766-a388-6e59f102773f,2026-09-03T12:45:00Z,2026-09-03T14:45:00+0200,27.23,EUR/MWh,PT,PT,imbalance_price,Long,2026-09-10T05:37:38Z
2026-09-10T05:27:20Z,2026-09-10T07:27:20+0200,e53564bb-6d21-4766-a388-6e59f102773f,2026-09-03T12:45:00Z,2026-09-03T14:45:00+0200,67.02,EUR/MWh,PT,PT,imbalance_price,Short,2026-09-10T05:37:38Z
2026-09-10T05:27:20Z,2026-09-10T07:27:20+0200,e53564bb-6d21-4766-a388-6e59f102773f,2026-09-03T13:00:00Z,2026-09-03T15:00:00+0200,26.9,EUR/MWh,PT,PT,imbalance_price,Long,2026-09-10T05:37:38Z
2026-09-10T05:27:20Z,2026-09-10T07:27:20+0200,e53564bb-6d21-4766-a388-6e59f102773f,2026-09-03T13:00:00Z,2026-09-03T15:00:00+0200,72.99,EUR/MWh,PT,PT,imbalance_price,Short,2026-09-10T05:37:38Z
2026-09-10T05:27:20Z,2026-09-10T07:27:20+0200,e53564bb-6d21-4766-a388-6e59f102773f,2026-09-03T13:15:00Z,2026-09-03T15:15:00+0200,28.04,EUR/MWh,PT,PT,imbalance_price,Long,2026-09-10T05:37:38Z
2026-09-10T05:27:20Z,2026-09-10T07:27:20+0200,e53564bb-6d21-4766-a388-6e59f102773f,2026-09-03T13:15:00Z,2026-09-03T15:15:00+0200,73.75,EUR/MWh,PT,PT,imbalance_price,Short,2026-09-10T05:37:38Z
2026-09-10T05:27:20Z,2026-09-10T07:27:20+0200,e53564bb-6d21-4766-a388-6e59f102773f,2026-09-03T13:30:00Z,2026-09-03T15:30:00+0200,30.93,EUR/MWh,PT,PT,imbalance_price,Long,2026-09-10T05:37:38Z
2026-09-10T05:27:20Z,2026-09-10T07:27:20+0200,e53564bb-6d21-4766-a388-6e59f102773f,2026-09-03T13:30:00Z,2026-09-03T15:30:00+0200,140.0,EUR/MWh,PT,PT,imbalance_price,Short,2026-09-10T05:37:38Z
2026-09-10T05:27:20Z,2026-09-10T07:27:20+0200,e53564bb-6d21-4766-a388-6e59f102773f,2026-09-03T13:45:00Z,2026-09-03T15:45:00+0200,28.04,EUR/MWh,PT,PT,imbalance_price,Long,2026-09-10T05:37:38Z
2026-09-10T05:27:20Z,2026-09-10T07:27:20+0200,e53564bb-6d21-4766-a388-6e59f102773f,2026-09-03T13:45:00Z,2026-09-03T15:45:00+0200,146.66,EUR/MWh,PT,PT,imbalance_price,Short,2026-09-10T05:37:38Z
2026-09-10T05:27:20Z,2026-09-10T07:27:20+0200,e53564bb-6d21-4766-a388-6e59f102773f,2026-09-03T14:00:00Z,2026-09-03T16:00:00+0200,36.46,EUR/MWh,PT,PT,imbalance_price,Long,2026-09-10T05:37:38Z
2026-09-10T05:27:20Z,2026-09-10T07:27:20+0200,e53564bb-6d21-4766-a388-6e59f102773f,2026-09-03T14:00:00Z,2026-09-03T16:00:00+0200,149.99,EUR/MWh,PT,PT,imbalance_price,Short,2026-09-10T05:37:38Z
2026-09-10T05:27:20Z,2026-09-10T07:27:20+0200,e53564bb-6d21-4766-a388-6e59f102773f,2026-09-03T14:15:00Z,2026-09-03T16:15:00+0200,47.18,EUR/MWh,PT,PT,imbalance_price,Long,2026-09-10T05:37:38Z
2026-09-10T05:27:20Z,2026-09-10T07:27:20+0200,e53564bb-6d21-4766-a388-6e59f102773f,2026-09-03T14:15:00Z,2026-09-03T16:15:00+0200,103.41,EUR/MWh,PT,PT,imbalance_price,Short,2026-09-10T05:37:38Z
2026-09-10T05:27:20Z,2026-09-10T07:27:20+0200,e53564bb-6d21-4766-a388-6e59f102773f,2026-09-03T14:30:00Z,2026-09-03T16:30:00+0200,59.21,EUR/MWh,PT,PT,imbalance_price,Long,2026-09-10T05:37:38Z
2026-09-10T05:27:20Z,2026-09-10T07:27:20+0200,e53564bb-6d21-4766-a388-6e59f102773f,2026-09-03T14:30:00Z,2026-09-03T16:30:00+0200,158.88,EUR/MWh,PT,PT,imbalance_price,Short,2026-09-10T05:37:38Z
2026-09-10T05:27:20Z,2026-09-10T07:27:20+0200,e53564bb-6d21-4766-a388-6e59f102773f,2026-09-03T14:45:00Z,2026-09-03T16:45:00+0200,72.48,EUR/MWh,PT,PT,imbalance_price,Long,2026-09-10T05:37:38Z
2026-09-10T05:27:20Z,2026-09-10T07:27:20+0200,e53564bb-6d21-4766-a388-6e59f102773f,2026-09-03T14:45:00Z,2026-09-03T16:45:00+0200,158.88,EUR/MWh,PT,PT,imbalance_price,Short,2026-09-10T05:37:38Z
2026-09-10T05:27:20Z,2026-09-10T07:27:20+0200,e53564bb-6d21-4766-a388-6e59f102773f,2026-09-03T15:00:00Z,2026-09-03T17:00:00+0200,73.91,EUR/MWh,PT,PT,imbalance_price,Long,2026-09-10T05:37:38Z
2026-09-10T05:27:20Z,2026-09-10T07:27:20+0200,e53564bb-6d21-4766-a388-6e59f102773f,2026-09-03T15:00:00Z,2026-09-03T17:00:00+0200,155.73,EUR/MWh,PT,PT,imbalance_price,Short,2026-09-10T05:37:38Z
2026-09-10T05:27:20Z,2026-09-10T07:27:20+0200,e53564bb-6d21-4766-a388-6e59f102773f,2026-09-03T15:15:00Z,2026-09-03T17:15:00+0200,79.15,EUR/MWh,PT,PT,imbalance_price,Long,2026-09-10T05:37:38Z
2026-09-10T05:27:20Z,2026-09-10T07:27:20+0200,e53564bb-6d21-4766-a388-6e59f102773f,2026-09-03T15:15:00Z,2026-09-03T17:15:00+0200,163.97,EUR/MWh,PT,PT,imbalance_price,Short,2026-09-10T05:37:38Z
2026-09-10T05:27:20Z,2026-09-10T07:27:20+0200,e53564bb-6d21-4766-a388-6e59f102773f,2026-09-03T15:30:00Z,2026-09-03T17:30:00+0200,163.07,EUR/MWh,PT,PT,imbalance_price,Long,2026-09-10T05:37:38Z
2026-09-10T05:27:20Z,2026-09-10T07:27:20+0200,e53564bb-6d21-4766-a388-6e59f102773f,2026-09-03T15:30:00Z,2026-09-03T17:30:00+0200,163.07,EUR/MWh,PT,PT,imbalance_price,Short,2026-09-10T05:37:38Z
2026-09-10T05:27:20Z,2026-09-10T07:27:20+0200,e53564bb-6d21-4766-a388-6e59f102773f,2026-09-03T15:45:00Z,2026-09-03T17:45:00+0200,100.14,EUR/MWh,PT,PT,imbalance_price,Long,2026-09-10T05:37:38Z
2026-09-10T05:27:20Z,2026-09-10T07:27:20+0200,e53564bb-6d21-4766-a388-6e59f102773f,2026-09-03T15:45:00Z,2026-09-03T17:45:00+0200,190.93,EUR/MWh,PT,PT,imbalance_price,Short,2026-09-10T05:37:38Z
2026-09-10T05:27:20Z,2026-09-10T07:27:20+0200,e53564bb-6d21-4766-a388-6e59f102773f,2026-09-03T16:00:00Z,2026-09-03T18:00:00+0200,99.52,EUR/MWh,PT,PT,imbalance_price,Long,2026-09-10T05:37:38Z
2026-09-10T05:27:20Z,2026-09-10T07:27:20+0200,e53564bb-6d21-4766-a388-6e59f102773f,2026-09-03T16:00:00Z,2026-09-03T18:00:00+0200,185.47,EUR/MWh,PT,PT,imbalance_price,Short,2026-09-10T05:37:38Z
2026-09-10T05:27:20Z,2026-09-10T07:27:20+0200,e53564bb-6d21-4766-a388-6e59f102773f,2026-09-03T16:15:00Z,2026-09-03T18:15:00+0200,160.36,EUR/MWh,PT,PT,imbalance_price,Long,2026-09-10T05:37:38Z
2026-09-10T05:27:20Z,2026-09-10T07:27:20+0200,e53564bb-6d21-4766-a388-6e59f102773f,2026-09-03T16:15:00Z,2026-09-03T18:15:00+0200,160.36,EUR/MWh,PT,PT,imbalance_price,Short,2026-09-10T05:37:38Z
2026-09-10T05:27:20Z,2026-09-10T07:27:20+0200,e53564bb-6d21-4766-a388-6e59f102773f,2026-09-03T16:30:00Z,2026-09-03T18:30:00+0200,185.0,EUR/MWh,PT,PT,imbalance_price,Long,2026-09-10T05:37:38Z
2026-09-10T05:27:20Z,2026-09-10T07:27:20+0200,e53564bb-6d21-4766-a388-6e59f102773f,2026-09-03T16:30:00Z,2026-09-03T18:30:00+0200,185.0,EUR/MWh,PT,PT,imbalance_price,Short,2026-09-10T05:37:38Z
2026-09-10T05:27:20Z,2026-09-10T07:27:20+0200,e53564bb-6d21-4766-a388-6e59f102773f,2026-09-03T16:45:00Z,2026-09-03T18:45:00+0200,235.14,EUR/MWh,PT,PT,imbalance_price,Long,2026-09-10T05:37:38Z
2026-09-10T05:27:20Z,2026-09-10T07:27:20+0200,e53564bb-6d21-4766-a388-6e59f102773f,2026-09-03T16:45:00Z,2026-09-03T18:45:00+0200,235.14,EUR/MWh,PT,PT,imbalance_price,Short,2026-09-10T05:37:38Z
2026-09-10T05:27:20Z,2026-09-10T07:27:20+0200,e53564bb-6d21-4766-a388-6e59f102773f,2026-09-03T17:00:00Z,2026-09-03T19:00:00+0200,195.64,EUR/MWh,PT,PT,imbalance_price,Long,2026-09-10T05:37:38Z
2026-09-10T05:27:20Z,2026-09-10T07:27:20+0200,e53564bb-6d21-4766-a388-6e59f102773f,2026-09-03T17:00:00Z,2026-09-03T19:00:00+0200,195.64,EUR/MWh,PT,PT,imbalance_price,Short,2026-09-10T05:37:38Z
2026-09-10T05:27:20Z,2026-09-10T07:27:20+0200,e53564bb-6d21-4766-a388-6e59f102773f,2026-09-03T17:15:00Z,2026-09-03T19:15:00+0200,190.89,EUR/MWh,PT,PT,imbalance_price,Long,2026-09-10T05:37:38Z
2026-09-10T05:27:20Z,2026-09-10T07:27:20+0200,e53564bb-6d21-4766-a388-6e59f102773f,2026-09-03T17:15:00Z,2026-09-03T19:15:00+0200,190.89,EUR/MWh,PT,PT,imbalance_price,Short,2026-09-10T05:37:38Z
2026-09-10T05:27:20Z,2026-09-10T07:27:20+0200,e53564bb-6d21-4766-a388-6e59f102773f,2026-09-03T17:30:00Z,2026-09-03T19:30:00+0200,123.3,EUR/MWh,PT,PT,imbalance_price,Long,2026-09-10T05:37:38Z
2026-09-10T05:27:20Z,2026-09-10T07:27:20+0200,e53564bb-6d21-4766-a388-6e59f102773f,2026-09-03T17:30:00Z,2026-09-03T19:30:00+0200,250.78,EUR/MWh,PT,PT,imbalance_price,Short,2026-09-10T05:37:38Z
2026-09-10T05:27:20Z,2026-09-10T07:27:20+0200,e53564bb-6d21-4766-a388-6e59f102773f,2026-09-03T17:45:00Z,2026-09-03T19:45:00+0200,140.01,EUR/MWh,PT,PT,imbalance_price,Long,2026-09-10T05:37:38Z
2026-09-10T05:27:20Z,2026-09-10T07:27:20+0200,e53564bb-6d21-4766-a388-6e59f102773f,2026-09-03T17:45:00Z,2026-09-03T19:45:00+0200,304.2,EUR/MWh,PT,PT,imbalance_price,Short,2026-09-10T05:37:38Z
2026-09-10T05:27:20Z,2026-09-10T07:27:20+0200,e53564bb-6d21-4766-a388-6e59f102773f,2026-09-03T18:00:00Z,2026-09-03T20:00:00+0200,88.44,EUR/MWh,PT,PT,imbalance_price,Long,2026-09-10T05:37:38Z
2026-09-10T05:27:20Z,2026-09-10T07:27:20+0200,e53564bb-6d21-4766-a388-6e59f102773f,2026-09-03T18:00:00Z,2026-09-03T20:00:00+0200,304.2,EUR/MWh,PT,PT,imbalance_price,Short,2026-09-10T05:37:38Z
2026-09-10T05:27:20Z,2026-09-10T07:27:20+0200,e53564bb-6d21-4766-a388-6e59f102773f,2026-09-03T18:15:00Z,2026-09-03T20:15:00+0200,150.62,EUR/MWh,PT,PT,imbalance_price,Long,2026-09-10T05:37:38Z
2026-09-10T05:27:20Z,2026-09-10T07:27:20+0200,e53564bb-6d21-4766-a388-6e59f102773f,2026-09-03T18:15:00Z,2026-09-03T20:15:00+0200,291.2,EUR/MWh,PT,PT,imbalance_price,Short,2026-09-10T05:37:38Z
2026-09-10T05:27:20Z,2026-09-10T07:27:20+0200,e53564bb-6d21-4766-a388-6e59f102773f,2026-09-03T18:30:00Z,2026-09-03T20:30:00+0200,101.65,EUR/MWh,PT,PT,imbalance_price,Long,2026-09-10T05:37:38Z
2026-09-10T05:27:20Z,2026-09-10T07:27:20+0200,e53564bb-6d21-4766-a388-6e59f102773f,2026-09-03T18:30:00Z,2026-09-03T20:30:00+0200,310.4,EUR/MWh,PT,PT,imbalance_price,Short,2026-09-10T05:37:38Z
2026-09-10T05:27:20Z,2026-09-10T07:27:20+0200,e53564bb-6d21-4766-a388-6e59f102773f,2026-09-03T18:45:00Z,2026-09-03T20:45:00+0200,123.22,EUR/MWh,PT,PT,imbalance_price,Long,2026-09-10T05:37:38Z
2026-09-10T05:27:20Z,2026-09-10T07:27:20+0200,e53564bb-6d21-4766-a388-6e59f102773f,2026-09-03T18:45:00Z,2026-09-03T20:45:00+0200,329.01,EUR/MWh,PT,PT,imbalance_price,Short,2026-09-10T05:37:38Z
2026-09-10T05:27:20Z,2026-09-10T07:27:20+0200,e53564bb-6d21-4766-a388-6e59f102773f,2026-09-03T19:00:00Z,2026-09-03T21:00:00+0200,118.25,EUR/MWh,PT,PT,imbalance_price,Long,2026-09-10T05:37:38Z
2026-09-10T05:27:20Z,2026-09-10T07:27:20+0200,e53564bb-6d21-4766-a388-6e59f102773f,2026-09-03T19:00:00Z,2026-09-03T21:00:00+0200,360.0,EUR/MWh,PT,PT,imbalance_price,Short,2026-09-10T05:37:38Z
2026-09-10T05:27:20Z,2026-09-10T07:27:20+0200,e53564bb-6d21-4766-a388-6e59f102773f,2026-09-03T19:15:00Z,2026-09-03T21:15:00+0200,78.9,EUR/MWh,PT,PT,imbalance_price,Long,2026-09-10T05:37:38Z
2026-09-10T05:27:20Z,2026-09-10T07:27:20+0200,e53564bb-6d21-4766-a388-6e59f102773f,2026-09-03T19:15:00Z,2026-09-03T21:15:00+0200,360.0,EUR/MWh,PT,PT,imbalance_price,Short,2026-09-10T05:37:38Z
2026-09-10T05:27:20Z,2026-09-10T07:27:20+0200,e53564bb-6d21-4766-a388-6e59f102773f,2026-09-03T19:30:00Z,2026-09-03T21:30:00+0200,80.0,EUR/MWh,PT,PT,imbalance_price,Long,2026-09-10T05:37:38Z
2026-09-10T05:27:20Z,2026-09-10T07:27:20+0200,e53564bb-6d21-4766-a388-6e59f102773f,2026-09-03T19:30:00Z,2026-09-03T21:30:00+0200,360.0,EUR/MWh,PT,PT,imbalance_price,Short,2026-09-10T05:37:38Z
2026-09-10T05:27:20Z,2026-09-10T07:27:20+0200,e53564bb-6d21-4766-a388-6e59f102773f,2026-09-03T19:45:00Z,2026-09-03T21:45:00+0200,78.9,EUR/MWh,PT,PT,imbalance_price,Long,2026-09-10T05:37:38Z
2026-09-10T05:27:20Z,2026-09-10T07:27:20+0200,e53564bb-6d21-4766-a388-6e59f102773f,2026-09-03T19:45:00Z,2026-09-03T21:45:00+0200,78.9,EUR/MWh,PT,PT,imbalance_price,Short,2026-09-10T05:37:38Z
2026-09-10T05:27:20Z,2026-09-10T07:27:20+0200,e53564bb-6d21-4766-a388-6e59f102773f,2026-09-03T20:00:00Z,2026-09-03T22:00:00+0200,59.0,EUR/MWh,PT,PT,imbalance_price,Long,2026-09-10T05:37:38Z
2026-09-10T05:27:20Z,2026-09-10T07:27:20+0200,e53564bb-6d21-4766-a388-6e59f102773f,2026-09-03T20:00:00Z,2026-09-03T22:00:00+0200,300.0,EUR/MWh,PT,PT,imbalance_price,Short,2026-09-10T05:37:38Z
2026-09-10T05:27:20Z,2026-09-10T07:27:20+0200,e53564bb-6d21-4766-a388-6e59f102773f,2026-09-03T20:15:00Z,2026-09-03T22:15:00+0200,59.0,EUR/MWh,PT,PT,imbalance_price,Long,2026-09-10T05:37:38Z
2026-09-10T05:27:20Z,2026-09-10T07:27:20+0200,e53564bb-6d21-4766-a388-6e59f102773f,2026-09-03T20:15:00Z,2026-09-03T22:15:00+0200,59.0,EUR/MWh,PT,PT,imbalance_price,Short,2026-09-10T05:37:38Z
2026-09-10T05:27:20Z,2026-09-10T07:27:20+0200,e53564bb-6d21-4766-a388-6e59f102773f,2026-09-03T20:30:00Z,2026-09-03T22:30:00+0200,59.0,EUR/MWh,PT,PT,imbalance_price,Long,2026-09-10T05:37:38Z
2026-09-10T05:27:20Z,2026-09-10T07:27:20+0200,e53564bb-6d21-4766-a388-6e59f102773f,2026-09-03T20:30:00Z,2026-09-03T22:30:00+0200,59.0,EUR/MWh,PT,PT,imbalance_price,Short,2026-09-10T05:37:38Z
2026-09-10T05:27:20Z,2026-09-10T07:27:20+0200,e53564bb-6d21-4766-a388-6e59f102773f,2026-09-03T20:45:00Z,2026-09-03T22:45:00+0200,59.0,EUR/MWh,PT,PT,imbalance_price,Long,2026-09-10T05:37:38Z
2026-09-10T05:27:20Z,2026-09-10T07:27:20+0200,e53564bb-6d21-4766-a388-6e59f102773f,2026-09-03T20:45:00Z,2026-09-03T22:45:00+0200,59.0,EUR/MWh,PT,PT,imbalance_price,Short,2026-09-10T05:37:38Z
2026-09-10T05:27:20Z,2026-09-10T07:27:20+0200,e53564bb-6d21-4766-a388-6e59f102773f,2026-09-03T21:00:00Z,2026-09-03T23:00:00+0200,78.17,EUR/MWh,PT,PT,imbalance_price,Long,2026-09-10T05:37:38Z
2026-09-10T05:27:20Z,2026-09-10T07:27:20+0200,e53564bb-6d21-4766-a388-6e59f102773f,2026-09-03T21:00:00Z,2026-09-03T23:00:00+0200,78.17,EUR/MWh,PT,PT,imbalance_price,Short,2026-09-10T05:37:38Z
2026-09-10T05:27:20Z,2026-09-10T07:27:20+0200,e53564bb-6d21-4766-a388-6e59f102773f,2026-09-03T21:15:00Z,2026-09-03T23:15:00+0200,85.09,EUR/MWh,PT,PT,imbalance_price,Long,2026-09-10T05:37:38Z
2026-09-10T05:27:20Z,2026-09-10T07:27:20+0200,e53564bb-6d21-4766-a388-6e59f102773f,2026-09-03T21:15:00Z,2026-09-03T23:15:00+0200,85.09,EUR/MWh,PT,PT,imbalance_price,Short,2026-09-10T05:37:38Z
2026-09-10T05:27:20Z,2026-09-10T07:27:20+0200,e53564bb-6d21-4766-a388-6e59f102773f,2026-09-03T21:30:00Z,2026-09-03T23:30:00+0200,53.0,EUR/MWh,PT,PT,imbalance_price,Long,2026-09-10T05:37:38Z
2026-09-10T05:27:20Z,2026-09-10T07:27:20+0200,e53564bb-6d21-4766-a388-6e59f102773f,2026-09-03T21:30:00Z,2026-09-03T23:30:00+0200,246.47,EUR/MWh,PT,PT,imbalance_price,Short,2026-09-10T05:37:38Z
2026-09-10T05:27:20Z,2026-09-10T07:27:20+0200,e53564bb-6d21-4766-a388-6e59f102773f,2026-09-03T21:45:00Z,2026-09-03T23:45:00+0200,52.0,EUR/MWh,PT,PT,imbalance_price,Long,2026-09-10T05:37:38Z
2026-09-10T05:27:20Z,2026-09-10T07:27:20+0200,e53564bb-6d21-4766-a388-6e59f102773f,2026-09-03T21:45:00Z,2026-09-03T23:45:00+0200,237.36,EUR/MWh,PT,PT,imbalance_price,Short,2026-09-10T05:37:38Z
2026-09-10T05:27:20Z,2026-09-10T07:27:20+0200,e53564bb-6d21-4766-a388-6e59f102773f,2026-09-03T22:00:00Z,2026-09-04T00:00:00+0200,178.16,EUR/MWh,PT,PT,imbalance_price,Long,2026-09-10T05:37:38Z
2026-09-10T05:27:20Z,2026-09-10T07:27:20+0200,e53564bb-6d21-4766-a388-6e59f102773f,2026-09-03T22:00:00Z,2026-09-04T00:00:00+0200,261.0,EUR/MWh,PT,PT,imbalance_price,Short,2026-09-10T05:37:38Z
2026-09-10T05:27:20Z,2026-09-10T07:27:20+0200,e53564bb-6d21-4766-a388-6e59f102773f,2026-09-03T22:15:00Z,2026-09-04T00:15:00+0200,190.03,EUR/MWh,PT,PT,imbalance_price,Long,2026-09-10T05:37:38Z
2026-09-10T05:27:20Z,2026-09-10T07:27:20+0200,e53564bb-6d21-4766-a388-6e59f102773f,2026-09-03T22:15:00Z,2026-09-04T00:15:00+0200,190.03,EUR/MWh,PT,PT,imbalance_price,Short,2026-09-10T05:37:38Z
2026-09-10T05:27:20Z,2026-09-10T07:27:20+0200,e53564bb-6d21-4766-a388-6e59f102773f,2026-09-03T22:30:00Z,2026-09-04T00:30:00+0200,184.64,EUR/MWh,PT,PT,imbalance_price,Long,2026-09-10T05:37:38Z
2026-09-10T05:27:20Z,2026-09-10T07:27:20+0200,e53564bb-6d21-4766-a388-6e59f102773f,2026-09-03T22:30:00Z,2026-09-04T00:30:00+0200,184.64,EUR/MWh,PT,PT,imbalance_price,Short,2026-09-10T05:37:38Z
2026-09-10T05:27:20Z,2026-09-10T07:27:20+0200,e53564bb-6d21-4766-a388-6e59f102773f,2026-09-03T22:45:00Z,2026-09-04T00:45:00+0200,180.2,EUR/MWh,PT,PT,imbalance_price,Long,2026-09-10T05:37:38Z
2026-09-10T05:27:20Z,2026-09-10T07:27:20+0200,e53564bb-6d21-4766-a388-6e59f102773f,2026-09-03T22:45:00Z,2026-09-04T00:45:00+0200,180.2,EUR/MWh,PT,PT,imbalance_price,Short,2026-09-10T05:37:38Z
2026-09-10T05:27:20Z,2026-09-10T07:27:20+0200,e53564bb-6d21-4766-a388-6e59f102773f,2026-09-03T23:00:00Z,2026-09-04T01:00:00+0200,243.56,EUR/MWh,PT,PT,imbalance_price,Long,2026-09-10T05:37:38Z
2026-09-10T05:27:20Z,2026-09-10T07:27:20+0200,e53564bb-6d21-4766-a388-6e59f102773f,2026-09-03T23:00:00Z,2026-09-04T01:00:00+0200,243.56,EUR/MWh,PT,PT,imbalance_price,Short,2026-09-10T05:37:38Z
2026-09-10T05:27:20Z,2026-09-10T07:27:20+0200,e53564bb-6d21-4766-a388-6e59f102773f,2026-09-03T23:15:00Z,2026-09-04T01:15:00+0200,185.86,EUR/MWh,PT,PT,imbalance_price,Long,2026-09-10T05:37:38Z
2026-09-10T05:27:20Z,2026-09-10T07:27:20+0200,e53564bb-6d21-4766-a388-6e59f102773f,2026-09-03T23:15:00Z,2026-09-04T01:15:00+0200,185.86,EUR/MWh,PT,PT,imbalance_price,Short,2026-09-10T05:37:38Z
2026-09-10T05:27:20Z,2026-09-10T07:27:20+0200,e53564bb-6d21-4766-a388-6e59f102773f,2026-09-03T23:30:00Z,2026-09-04T01:30:00+0200,184.62,EUR/MWh,PT,PT,imbalance_price,Long,2026-09-10T05:37:38Z
2026-09-10T05:27:20Z,2026-09-10T07:27:20+0200,e53564bb-6d21-4766-a388-6e59f102773f,2026-09-03T23:30:00Z,2026-09-04T01:30:00+0200,184.62,EUR/MWh,PT,PT,imbalance_price,Short,2026-09-10T05:37:38Z
2026-09-10T05:27:20Z,2026-09-10T07:27:20+0200,e53564bb-6d21-4766-a388-6e59f102773f,2026-09-03T23:45:00Z,2026-09-04T01:45:00+0200,179.47,EUR/MWh,PT,PT,imbalance_price,Long,2026-09-10T05:37:38Z
2026-09-10T05:27:20Z,2026-09-10T07:27:20+0200,e53564bb-6d21-4766-a388-6e59f102773f,2026-09-03T23:45:00Z,2026-09-04T01:45:00+0200,179.47,EUR/MWh,PT,PT,imbalance_price,Short,2026-09-10T05:37:38Z
2026-09-10T05:27:20Z,2026-09-10T07:27:20+0200,e53564bb-6d21-4766-a388-6e59f102773f,2026-09-04T00:00:00Z,2026-09-04T02:00:00+0200,188.89,EUR/MWh,PT,PT,imbalance_price,Long,2026-09-10T05:37:38Z
2026-09-10T05:27:20Z,2026-09-10T07:27:20+0200,e53564bb-6d21-4766-a388-6e59f102773f,2026-09-04T00:00:00Z,2026-09-04T02:00:00+0200,188.89,EUR/MWh,PT,PT,imbalance_price,Short,2026-09-10T05:37:38Z
2026-09-10T05:27:20Z,2026-09-10T07:27:20+0200,e53564bb-6d21-4766-a388-6e59f102773f,2026-09-04T00:15:00Z,2026-09-04T02:15:00+0200,176.05,EUR/MWh,PT,PT,imbalance_price,Long,2026-09-10T05:37:38Z
2026-09-10T05:27:20Z,2026-09-10T07:27:20+0200,e53564bb-6d21-4766-a388-6e59f102773f,2026-09-04T00:15:00Z,2026-09-04T02:15:00+0200,176.05,EUR/MWh,PT,PT,imbalance_price,Short,2026-09-10T05:37:38Z
2026-09-10T05:27:20Z,2026-09-10T07:27:20+0200,e53564bb-6d21-4766-a388-6e59f102773f,2026-09-04T00:30:00Z,2026-09-04T02:30:00+0200,189.72,EUR/MWh,PT,PT,imbalance_price,Long,2026-09-10T05:37:38Z
2026-09-10T05:27:20Z,2026-09-10T07:27:20+0200,e53564bb-6d21-4766-a388-6e59f102773f,2026-09-04T00:30:00Z,2026-09-04T02:30:00+0200,189.72,EUR/MWh,PT,PT,imbalance_price,Short,2026-09-10T05:37:38Z
2026-09-10T05:27:20Z,2026-09-10T07:27:20+0200,e53564bb-6d21-4766-a388-6e59f102773f,2026-09-04T00:45:00Z,2026-09-04T02:45:00+0200,188.3,EUR/MWh,PT,PT,imbalance_price,Long,2026-09-10T05:37:38Z
2026-09-10T05:27:20Z,2026-09-10T07:27:20+0200,e53564bb-6d21-4766-a388-6e59f102773f,2026-09-04T00:45:00Z,2026-09-04T02:45:00+0200,188.3,EUR/MWh,PT,PT,imbalance_price,Short,2026-09-10T05:37:38Z
2026-09-10T05:27:20Z,2026-09-10T07:27:20+0200,e53564bb-6d21-4766-a388-6e59f102773f,2026-09-04T01:00:00Z,2026-09-04T03:00:00+0200,193.85,EUR/MWh,PT,PT,imbalance_price,Long,2026-09-10T05:37:38Z
2026-09-10T05:27:20Z,2026-09-10T07:27:20+0200,e53564bb-6d21-4766-a388-6e59f102773f,2026-09-04T01:00:00Z,2026-09-04T03:00:00+0200,193.85,EUR/MWh,PT,PT,imbalance_price,Short,2026-09-10T05:37:38Z
2026-09-10T05:27:20Z,2026-09-10T07:27:20+0200,e53564bb-6d21-4766-a388-6e59f102773f,2026-09-04T01:15:00Z,2026-09-04T03:15:00+0200,188.28,EUR/MWh,PT,PT,imbalance_price,Long,2026-09-10T05:37:38Z
2026-09-10T05:27:20Z,2026-09-10T07:27:20+0200,e53564bb-6d21-4766-a388-6e59f102773f,2026-09-04T01:15:00Z,2026-09-04T03:15:00+0200,188.28,EUR/MWh,PT,PT,imbalance_price,Short,2026-09-10T05:37:38Z
2026-09-10T05:27:20Z,2026-09-10T07:27:20+0200,e53564bb-6d21-4766-a388-6e59f102773f,2026-09-04T01:30:00Z,2026-09-04T03:30:00+0200,198.28,EUR/MWh,PT,PT,imbalance_price,Long,2026-09-10T05:37:38Z
2026-09-10T05:27:20Z,2026-09-10T07:27:20+0200,e53564bb-6d21-4766-a388-6e59f102773f,2026-09-04T01:30:00Z,2026-09-04T03:30:00+0200,198.28,EUR/MWh,PT,PT,imbalance_price,Short,2026-09-10T05:37:38Z
2026-09-10T05:27:20Z,2026-09-10T07:27:20+0200,e53564bb-6d21-4766-a388-6e59f102773f,2026-09-04T01:45:00Z,2026-09-04T03:45:00+0200,154.53,EUR/MWh,PT,PT,imbalance_price,Long,2026-09-10T05:37:38Z
2026-09-10T05:27:20Z,2026-09-10T07:27:20+0200,e53564bb-6d21-4766-a388-6e59f102773f,2026-09-04T01:45:00Z,2026-09-04T03:45:00+0200,190.46,EUR/MWh,PT,PT,imbalance_price,Short,2026-09-10T05:37:38Z
2026-09-10T05:27:20Z,2026-09-10T07:27:20+0200,e53564bb-6d21-4766-a388-6e59f102773f,2026-09-04T02:00:00Z,2026-09-04T04:00:00+0200,171.91,EUR/MWh,PT,PT,imbalance_price,Long,2026-09-10T05:37:38Z
2026-09-10T05:27:20Z,2026-09-10T07:27:20+0200,e53564bb-6d21-4766-a388-6e59f102773f,2026-09-04T02:00:00Z,2026-09-04T04:00:00+0200,231.59,EUR/MWh,PT,PT,imbalance_price,Short,2026-09-10T05:37:38Z
2026-09-10T05:27:20Z,2026-09-10T07:27:20+0200,e53564bb-6d21-4766-a388-6e59f102773f,2026-09-04T02:15:00Z,2026-09-04T04:15:00+0200,169.97,EUR/MWh,PT,PT,imbalance_price,Long,2026-09-10T05:37:38Z
2026-09-10T05:27:20Z,2026-09-10T07:27:20+0200,e53564bb-6d21-4766-a388-6e59f102773f,2026-09-04T02:15:00Z,2026-09-04T04:15:00+0200,169.97,EUR/MWh,PT,PT,imbalance_price,Short,2026-09-10T05:37:38Z
2026-09-10T05:27:20Z,2026-09-10T07:27:20+0200,e53564bb-6d21-4766-a388-6e59f102773f,2026-09-04T02:30:00Z,2026-09-04T04:30:00+0200,180.72,EUR/MWh,PT,PT,imbalance_price,Long,2026-09-10T05:37:38Z
2026-09-10T05:27:20Z,2026-09-10T07:27:20+0200,e53564bb-6d21-4766-a388-6e59f102773f,2026-09-04T02:30:00Z,2026-09-04T04:30:00+0200,229.75,EUR/MWh,PT,PT,imbalance_price,Short,2026-09-10T05:37:38Z
2026-09-10T05:27:20Z,2026-09-10T07:27:20+0200,e53564bb-6d21-4766-a388-6e59f102773f,2026-09-04T02:45:00Z,2026-09-04T04:45:00+0200,179.13,EUR/MWh,PT,PT,imbalance_price,Long,2026-09-10T05:37:38Z
2026-09-10T05:27:20Z,2026-09-10T07:27:20+0200,e53564bb-6d21-4766-a388-6e59f102773f,2026-09-04T02:45:00Z,2026-09-04T04:45:00+0200,179.13,EUR/MWh,PT,PT,imbalance_price,Short,2026-09-10T05:37:38Z
2026-09-10T05:27:20Z,2026-09-10T07:27:20+0200,e53564bb-6d21-4766-a388-6e59f102773f,2026-09-04T03:00:00Z,2026-09-04T05:00:00+0200,175.88,EUR/MWh,PT,PT,imbalance_price,Long,2026-09-10T05:37:38Z
2026-09-10T05:27:20Z,2026-09-10T07:27:20+0200,e53564bb-6d21-4766-a388-6e59f102773f,2026-09-04T03:00:00Z,2026-09-04T05:00:00+0200,227.86,EUR/MWh,PT,PT,imbalance_price,Short,2026-09-10T05:37:38Z
2026-09-10T05:27:20Z,2026-09-10T07:27:20+0200,e53564bb-6d21-4766-a388-6e59f102773f,2026-09-04T03:15:00Z,2026-09-04T05:15:00+0200,177.19,EUR/MWh,PT,PT,imbalance_price,Long,2026-09-10T05:37:38Z
2026-09-10T05:27:20Z,2026-09-10T07:27:20+0200,e53564bb-6d21-4766-a388-6e59f102773f,2026-09-04T03:15:00Z,2026-09-04T05:15:00+0200,228.0,EUR/MWh,PT,PT,imbalance_price,Short,2026-09-10T05:37:38Z
2026-09-10T05:27:20Z,2026-09-10T07:27:20+0200,e53564bb-6d21-4766-a388-6e59f102773f,2026-09-04T03:30:00Z,2026-09-04T05:30:00+0200,177.19,EUR/MWh,PT,PT,imbalance_price,Long,2026-09-10T05:37:38Z
2026-09-10T05:27:20Z,2026-09-10T07:27:20+0200,e53564bb-6d21-4766-a388-6e59f102773f,2026-09-04T03:30:00Z,2026-09-04T05:30:00+0200,228.0,EUR/MWh,PT,PT,imbalance_price,Short,2026-09-10T05:37:38Z
2026-09-10T05:27:20Z,2026-09-10T07:27:20+0200,e53564bb-6d21-4766-a388-6e59f102773f,2026-09-04T03:45:00Z,2026-09-04T05:45:00+0200,174.61,EUR/MWh,PT,PT,imbalance_price,Long,2026-09-10T05:37:38Z
2026-09-10T05:27:20Z,2026-09-10T07:27:20+0200,e53564bb-6d21-4766-a388-6e59f102773f,2026-09-04T03:45:00Z,2026-09-04T05:45:00+0200,229.75,EUR/MWh,PT,PT,imbalance_price,Short,2026-09-10T05:37:38Z
2026-09-10T05:27:20Z,2026-09-10T07:27:20+0200,e53564bb-6d21-4766-a388-6e59f102773f,2026-09-04T04:00:00Z,2026-09-04T06:00:00+0200,171.69,EUR/MWh,PT,PT,imbalance_price,Long,2026-09-10T05:37:38Z
2026-09-10T05:27:20Z,2026-09-10T07:27:20+0200,e53564bb-6d21-4766-a388-6e59f102773f,2026-09-04T04:00:00Z,2026-09-04T06:00:00+0200,219.61,EUR/MWh,PT,PT,imbalance_price,Short,2026-09-10T05:37:38Z
2026-09-10T05:27:20Z,2026-09-10T07:27:20+0200,e53564bb-6d21-4766-a388-6e59f102773f,2026-09-04T04:15:00Z,2026-09-04T06:15:00+0200,168.77,EUR/MWh,PT,PT,imbalance_price,Long,2026-09-10T05:37:38Z
2026-09-10T05:27:20Z,2026-09-10T07:27:20+0200,e53564bb-6d21-4766-a388-6e59f102773f,2026-09-04T04:15:00Z,2026-09-04T06:15:00+0200,222.0,EUR/MWh,PT,PT,imbalance_price,Short,2026-09-10T05:37:38Z
2026-09-10T05:27:20Z,2026-09-10T07:27:20+0200,e53564bb-6d21-4766-a388-6e59f102773f,2026-09-04T04:30:00Z,2026-09-04T06:30:00+0200,201.76,EUR/MWh,PT,PT,imbalance_price,Long,2026-09-10T05:37:38Z
2026-09-10T05:27:20Z,2026-09-10T07:27:20+0200,e53564bb-6d21-4766-a388-6e59f102773f,2026-09-04T04:30:00Z,2026-09-04T06:30:00+0200,201.76,EUR/MWh,PT,PT,imbalance_price,Short,2026-09-10T05:37:38Z
2026-09-10T05:27:20Z,2026-09-10T07:27:20+0200,e53564bb-6d21-4766-a388-6e59f102773f,2026-09-04T04:45:00Z,2026-09-04T06:45:00+0200,150.06,EUR/MWh,PT,PT,imbalance_price,Long,2026-09-10T05:37:38Z
2026-09-10T05:27:20Z,2026-09-10T07:27:20+0200,e53564bb-6d21-4766-a388-6e59f102773f,2026-09-04T04:45:00Z,2026-09-04T06:45:00+0200,185.22,EUR/MWh,PT,PT,imbalance_price,Short,2026-09-10T05:37:38Z
2026-09-10T05:27:20Z,2026-09-10T07:27:20+0200,e53564bb-6d21-4766-a388-6e59f102773f,2026-09-04T05:00:00Z,2026-09-04T07:00:00+0200,174.28,EUR/MWh,PT,PT,imbalance_price,Long,2026-09-10T05:37:38Z
2026-09-10T05:27:20Z,2026-09-10T07:27:20+0200,e53564bb-6d21-4766-a388-6e59f102773f,2026-09-04T05:00:00Z,2026-09-04T07:00:00+0200,229.75,EUR/MWh,PT,PT,imbalance_price,Short,2026-09-10T05:37:38Z
2026-09-10T05:27:20Z,2026-09-10T07:27:20+0200,e53564bb-6d21-4766-a388-6e59f102773f,2026-09-04T05:15:00Z,2026-09-04T07:15:00+0200,175.9,EUR/MWh,PT,PT,imbalance_price,Long,2026-09-10T05:37:38Z
2026-09-10T05:27:20Z,2026-09-10T07:27:20+0200,e53564bb-6d21-4766-a388-6e59f102773f,2026-09-04T05:15:00Z,2026-09-04T07:15:00+0200,234.4,EUR/MWh,PT,PT,imbalance_price,Short,2026-09-10T05:37:38Z
2026-09-10T05:27:20Z,2026-09-10T07:27:20+0200,e53564bb-6d21-4766-a388-6e59f102773f,2026-09-04T05:30:00Z,2026-09-04T07:30:00+0200,217.6,EUR/MWh,PT,PT,imbalance_price,Long,2026-09-10T05:37:38Z
2026-09-10T05:27:20Z,2026-09-10T07:27:20+0200,e53564bb-6d21-4766-a388-6e59f102773f,2026-09-04T05:30:00Z,2026-09-04T07:30:00+0200,217.6,EUR/MWh,PT,PT,imbalance_price,Short,2026-09-10T05:37:38Z
2026-09-10T05:27:20Z,2026-09-10T07:27:20+0200,e53564bb-6d21-4766-a388-6e59f102773f,2026-09-04T05:45:00Z,2026-09-04T07:45:00+0200,216.54,EUR/MWh,PT,PT,imbalance_price,Long,2026-09-10T05:37:38Z
2026-09-10T05:27:20Z,2026-09-10T07:27:20+0200,e53564bb-6d21-4766-a388-6e59f102773f,2026-09-04T05:45:00Z,2026-09-04T07:45:00+0200,216.54,EUR/MWh,PT,PT,imbalance_price,Short,2026-09-10T05:37:38Z
2026-09-10T05:27:20Z,2026-09-10T07:27:20+0200,e53564bb-6d21-4766-a388-6e59f102773f,2026-09-04T06:00:00Z,2026-09-04T08:00:00+0200,187.3,EUR/MWh,PT,PT,imbalance_price,Long,2026-09-10T05:37:38Z
2026-09-10T05:27:20Z,2026-09-10T07:27:20+0200,e53564bb-6d21-4766-a388-6e59f102773f,2026-09-04T06:00:00Z,2026-09-04T08:00:00+0200,187.3,EUR/MWh,PT,PT,imbalance_price,Short,2026-09-10T05:37:38Z
2026-09-10T05:27:20Z,2026-09-10T07:27:20+0200,e53564bb-6d21-4766-a388-6e59f102773f,2026-09-04T06:15:00Z,2026-09-04T08:15:00+0200,179.28,EUR/MWh,PT,PT,imbalance_price,Long,2026-09-10T05:37:38Z
2026-09-10T05:27:20Z,2026-09-10T07:27:20+0200,e53564bb-6d21-4766-a388-6e59f102773f,2026-09-04T06:15:00Z,2026-09-04T08:15:00+0200,179.28,EUR/MWh,PT,PT,imbalance_price,Short,2026-09-10T05:37:38Z
2026-09-10T05:27:20Z,2026-09-10T07:27:20+0200,e53564bb-6d21-4766-a388-6e59f102773f,2026-09-04T06:30:00Z,2026-09-04T08:30:00+0200,195.62,EUR/MWh,PT,PT,imbalance_price,Long,2026-09-10T05:37:38Z
2026-09-10T05:27:20Z,2026-09-10T07:27:20+0200,e53564bb-6d21-4766-a388-6e59f102773f,2026-09-04T06:30:00Z,2026-09-04T08:30:00+0200,195.62,EUR/MWh,PT,PT,imbalance_price,Short,2026-09-10T05:37:38Z
2026-09-10T05:27:20Z,2026-09-10T07:27:20+0200,e53564bb-6d21-4766-a388-6e59f102773f,2026-09-04T06:45:00Z,2026-09-04T08:45:00+0200,182.41,EUR/MWh,PT,PT,imbalance_price,Long,2026-09-10T05:37:38Z
2026-09-10T05:27:20Z,2026-09-10T07:27:20+0200,e53564bb-6d21-4766-a388-6e59f102773f,2026-09-04T06:45:00Z,2026-09-04T08:45:00+0200,182.41,EUR/MWh,PT,PT,imbalance_price,Short,2026-09-10T05:37:38Z
2026-09-10T05:27:20Z,2026-09-10T07:27:20+0200,e53564bb-6d21-4766-a388-6e59f102773f,2026-09-04T07:00:00Z,2026-09-04T09:00:00+0200,172.39,EUR/MWh,PT,PT,imbalance_price,Long,2026-09-10T05:37:38Z
2026-09-10T05:27:20Z,2026-09-10T07:27:20+0200,e53564bb-6d21-4766-a388-6e59f102773f,2026-09-04T07:00:00Z,2026-09-04T09:00:00+0200,172.39,EUR/MWh,PT,PT,imbalance_price,Short,2026-09-10T05:37:38Z
2026-09-10T05:27:20Z,2026-09-10T07:27:20+0200,e53564bb-6d21-4766-a388-6e59f102773f,2026-09-04T07:15:00Z,2026-09-04T09:15:00+0200,180.55,EUR/MWh,PT,PT,imbalance_price,Long,2026-09-10T05:37:38Z
2026-09-10T05:27:20Z,2026-09-10T07:27:20+0200,e53564bb-6d21-4766-a388-6e59f102773f,2026-09-04T07:15:00Z,2026-09-04T09:15:00+0200,180.55,EUR/MWh,PT,PT,imbalance_price,Short,2026-09-10T05:37:38Z
2026-09-10T05:27:20Z,2026-09-10T07:27:20+0200,e53564bb-6d21-4766-a388-6e59f102773f,2026-09-04T07:30:00Z,2026-09-04T09:30:00+0200,179.22,EUR/MWh,PT,PT,imbalance_price,Long,2026-09-10T05:37:38Z
2026-09-10T05:27:20Z,2026-09-10T07:27:20+0200,e53564bb-6d21-4766-a388-6e59f102773f,2026-09-04T07:30:00Z,2026-09-04T09:30:00+0200,179.22,EUR/MWh,PT,PT,imbalance_price,Short,2026-09-10T05:37:38Z
2026-09-10T05:27:20Z,2026-09-10T07:27:20+0200,e53564bb-6d21-4766-a388-6e59f102773f,2026-09-04T07:45:00Z,2026-09-04T09:45:00+0200,175.5,EUR/MWh,PT,PT,imbalance_price,Long,2026-09-10T05:37:38Z
2026-09-10T05:27:20Z,2026-09-10T07:27:20+0200,e53564bb-6d21-4766-a388-6e59f102773f,2026-09-04T07:45:00Z,2026-09-04T09:45:00+0200,175.5,EUR/MWh,PT,PT,imbalance_price,Short,2026-09-10T05:37:38Z
2026-09-10T05:27:20Z,2026-09-10T07:27:20+0200,e53564bb-6d21-4766-a388-6e59f102773f,2026-09-04T08:00:00Z,2026-09-04T10:00:00+0200,191.59,EUR/MWh,PT,PT,imbalance_price,Long,2026-09-10T05:37:38Z
2026-09-10T05:27:20Z,2026-09-10T07:27:20+0200,e53564bb-6d21-4766-a388-6e59f102773f,2026-09-04T08:00:00Z,2026-09-04T10:00:00+0200,191.59,EUR/MWh,PT,PT,imbalance_price,Short,2026-09-10T05:37:38Z
2026-09-10T05:27:20Z,2026-09-10T07:27:20+0200,e53564bb-6d21-4766-a388-6e59f102773f,2026-09-04T08:15:00Z,2026-09-04T10:15:00+0200,194.15,EUR/MWh,PT,PT,imbalance_price,Long,2026-09-10T05:37:38Z
2026-09-10T05:27:20Z,2026-09-10T07:27:20+0200,e53564bb-6d21-4766-a388-6e59f102773f,2026-09-04T08:15:00Z,2026-09-04T10:15:00+0200,194.15,EUR/MWh,PT,PT,imbalance_price,Short,2026-09-10T05:37:38Z
2026-09-10T05:27:20Z,2026-09-10T07:27:20+0200,e53564bb-6d21-4766-a388-6e59f102773f,2026-09-04T08:30:00Z,2026-09-04T10:30:00+0200,217.25,EUR/MWh,PT,PT,imbalance_price,Long,2026-09-10T05:37:38Z
2026-09-10T05:27:20Z,2026-09-10T07:27:20+0200,e53564bb-6d21-4766-a388-6e59f102773f,2026-09-04T08:30:00Z,2026-09-04T10:30:00+0200,217.25,EUR/MWh,PT,PT,imbalance_price,Short,2026-09-10T05:37:38Z
2026-09-10T05:27:20Z,2026-09-10T07:27:20+0200,e53564bb-6d21-4766-a388-6e59f102773f,2026-09-04T08:45:00Z,2026-09-04T10:45:00+0200,216.8,EUR/MWh,PT,PT,imbalance_price,Long,2026-09-10T05:37:38Z
2026-09-10T05:27:20Z,2026-09-10T07:27:20+0200,e53564bb-6d21-4766-a388-6e59f102773f,2026-09-04T08:45:00Z,2026-09-04T10:45:00+0200,216.8,EUR/MWh,PT,PT,imbalance_price,Short,2026-09-10T05:37:38Z
2026-09-10T05:27:20Z,2026-09-10T07:27:20+0200,e53564bb-6d21-4766-a388-6e59f102773f,2026-09-04T09:00:00Z,2026-09-04T11:00:00+0200,240.0,EUR/MWh,PT,PT,imbalance_price,Long,2026-09-10T05:37:38Z
2026-09-10T05:27:20Z,2026-09-10T07:27:20+0200,e53564bb-6d21-4766-a388-6e59f102773f,2026-09-04T09:00:00Z,2026-09-04T11:00:00+0200,240.0,EUR/MWh,PT,PT,imbalance_price,Short,2026-09-10T05:37:38Z
2026-09-10T05:27:20Z,2026-09-10T07:27:20+0200,e53564bb-6d21-4766-a388-6e59f102773f,2026-09-04T09:15:00Z,2026-09-04T11:15:00+0200,240.0,EUR/MWh,PT,PT,imbalance_price,Long,2026-09-10T05:37:38Z
2026-09-10T05:27:20Z,2026-09-10T07:27:20+0200,e53564bb-6d21-4766-a388-6e59f102773f,2026-09-04T09:15:00Z,2026-09-04T11:15:00+0200,240.0,EUR/MWh,PT,PT,imbalance_price,Short,2026-09-10T05:37:38Z
2026-09-10T05:27:20Z,2026-09-10T07:27:20+0200,e53564bb-6d21-4766-a388-6e59f102773f,2026-09-04T09:30:00Z,2026-09-04T11:30:00+0200,273.46,EUR/MWh,PT,PT,imbalance_price,Long,2026-09-10T05:37:38Z
2026-09-10T05:27:20Z,2026-09-10T07:27:20+0200,e53564bb-6d21-4766-a388-6e59f102773f,2026-09-04T09:30:00Z,2026-09-04T11:30:00+0200,273.46,EUR/MWh,PT,PT,imbalance_price,Short,2026-09-10T05:37:38Z
2026-09-10T05:27:20Z,2026-09-10T07:27:20+0200,e53564bb-6d21-4766-a388-6e59f102773f,2026-09-04T09:45:00Z,2026-09-04T11:45:00+0200,275.0,EUR/MWh,PT,PT,imbalance_price,Long,2026-09-10T05:37:38Z
2026-09-10T05:27:20Z,2026-09-10T07:27:20+0200,e53564bb-6d21-4766-a388-6e59f102773f,2026-09-04T09:45:00Z,2026-09-04T11:45:00+0200,275.0,EUR/MWh,PT,PT,imbalance_price,Short,2026-09-10T05:37:38Z
2026-09-10T05:27:20Z,2026-09-10T07:27:20+0200,e53564bb-6d21-4766-a388-6e59f102773f,2026-09-04T10:00:00Z,2026-09-04T12:00:00+0200,72.0,EUR/MWh,PT,PT,imbalance_price,Long,2026-09-10T05:37:38Z
2026-09-10T05:27:20Z,2026-09-10T07:27:20+0200,e53564bb-6d21-4766-a388-6e59f102773f,2026-09-04T10:00:00Z,2026-09-04T12:00:00+0200,215.6,EUR/MWh,PT,PT,imbalance_price,Short,2026-09-10T05:37:38Z
2026-09-10T05:27:20Z,2026-09-10T07:27:20+0200,e53564bb-6d21-4766-a388-6e59f102773f,2026-09-04T10:15:00Z,2026-09-04T12:15:00+0200,265.0,EUR/MWh,PT,PT,imbalance_price,Long,2026-09-10T05:37:38Z
2026-09-10T05:27:20Z,2026-09-10T07:27:20+0200,e53564bb-6d21-4766-a388-6e59f102773f,2026-09-04T10:15:00Z,2026-09-04T12:15:00+0200,265.0,EUR/MWh,PT,PT,imbalance_price,Short,2026-09-10T05:37:38Z
2026-09-10T05:27:20Z,2026-09-10T07:27:20+0200,e53564bb-6d21-4766-a388-6e59f102773f,2026-09-04T10:30:00Z,2026-09-04T12:30:00+0200,261.63,EUR/MWh,PT,PT,imbalance_price,Long,2026-09-10T05:37:38Z
2026-09-10T05:27:20Z,2026-09-10T07:27:20+0200,e53564bb-6d21-4766-a388-6e59f102773f,2026-09-04T10:30:00Z,2026-09-04T12:30:00+0200,261.63,EUR/MWh,PT,PT,imbalance_price,Short,2026-09-10T05:37:38Z
2026-09-10T05:27:20Z,2026-09-10T07:27:20+0200,e53564bb-6d21-4766-a388-6e59f102773f,2026-09-04T10:45:00Z,2026-09-04T12:45:00+0200,250.0,EUR/MWh,PT,PT,imbalance_price,Long,2026-09-10T05:37:38Z
2026-09-10T05:27:20Z,2026-09-10T07:27:20+0200,e53564bb-6d21-4766-a388-6e59f102773f,2026-09-04T10:45:00Z,2026-09-04T12:45:00+0200,250.0,EUR/MWh,PT,PT,imbalance_price,Short,2026-09-10T05:37:38Z
2026-09-10T05:27:20Z,2026-09-10T07:27:20+0200,e53564bb-6d21-4766-a388-6e59f102773f,2026-09-04T11:00:00Z,2026-09-04T13:00:00+0200,243.6,EUR/MWh,PT,PT,imbalance_price,Long,2026-09-10T05:37:38Z
2026-09-10T05:27:20Z,2026-09-10T07:27:20+0200,e53564bb-6d21-4766-a388-6e59f102773f,2026-09-04T11:00:00Z,2026-09-04T13:00:00+0200,243.6,EUR/MWh,PT,PT,imbalance_price,Short,2026-09-10T05:37:38Z
2026-09-10T05:27:20Z,2026-09-10T07:27:20+0200,e53564bb-6d21-4766-a388-6e59f102773f,2026-09-04T11:15:00Z,2026-09-04T13:15:00+0200,80.0,EUR/MWh,PT,PT,imbalance_price,Long,2026-09-10T05:37:38Z
2026-09-10T05:27:20Z,2026-09-10T07:27:20+0200,e53564bb-6d21-4766-a388-6e59f102773f,2026-09-04T11:15:00Z,2026-09-04T13:15:00+0200,240.0,EUR/MWh,PT,PT,imbalance_price,Short,2026-09-10T05:37:38Z
2026-09-10T05:27:20Z,2026-09-10T07:27:20+0200,e53564bb-6d21-4766-a388-6e59f102773f,2026-09-04T11:30:00Z,2026-09-04T13:30:00+0200,72.0,EUR/MWh,PT,PT,imbalance_price,Long,2026-09-10T05:37:38Z
2026-09-10T05:27:20Z,2026-09-10T07:27:20+0200,e53564bb-6d21-4766-a388-6e59f102773f,2026-09-04T11:30:00Z,2026-09-04T13:30:00+0200,235.0,EUR/MWh,PT,PT,imbalance_price,Short,2026-09-10T05:37:38Z
2026-09-10T05:27:20Z,2026-09-10T07:27:20+0200,e53564bb-6d21-4766-a388-6e59f102773f,2026-09-04T11:45:00Z,2026-09-04T13:45:00+0200,230.0,EUR/MWh,PT,PT,imbalance_price,Long,2026-09-10T05:37:38Z
2026-09-10T05:27:20Z,2026-09-10T07:27:20+0200,e53564bb-6d21-4766-a388-6e59f102773f,2026-09-04T11:45:00Z,2026-09-04T13:45:00+0200,230.0,EUR/MWh,PT,PT,imbalance_price,Short,2026-09-10T05:37:38Z
2026-09-10T05:27:20Z,2026-09-10T07:27:20+0200,e53564bb-6d21-4766-a388-6e59f102773f,2026-09-04T12:00:00Z,2026-09-04T14:00:00+0200,240.0,EUR/MWh,PT,PT,imbalance_price,Long,2026-09-10T05:37:38Z
2026-09-10T05:27:20Z,2026-09-10T07:27:20+0200,e53564bb-6d21-4766-a388-6e59f102773f,2026-09-04T12:00:00Z,2026-09-04T14:00:00+0200,240.0,EUR/MWh,PT,PT,imbalance_price,Short,2026-09-10T05:37:38Z
2026-09-10T05:27:20Z,2026-09-10T07:27:20+0200,e53564bb-6d21-4766-a388-6e59f102773f,2026-09-04T12:15:00Z,2026-09-04T14:15:00+0200,235.01,EUR/MWh,PT,PT,imbalance_price,Long,2026-09-10T05:37:38Z
2026-09-10T05:27:20Z,2026-09-10T07:27:20+0200,e53564bb-6d21-4766-a388-6e59f102773f,2026-09-04T12:15:00Z,2026-09-04T14:15:00+0200,235.01,EUR/MWh,PT,PT,imbalance_price,Short,2026-09-10T05:37:38Z
2026-09-10T05:27:20Z,2026-09-10T07:27:20+0200,e53564bb-6d21-4766-a388-6e59f102773f,2026-09-04T12:30:00Z,2026-09-04T14:30:00+0200,240.0,EUR/MWh,PT,PT,imbalance_price,Long,2026-09-10T05:37:38Z
2026-09-10T05:27:20Z,2026-09-10T07:27:20+0200,e53564bb-6d21-4766-a388-6e59f102773f,2026-09-04T12:30:00Z,2026-09-04T14:30:00+0200,240.0,EUR/MWh,PT,PT,imbalance_price,Short,2026-09-10T05:37:38Z
2026-09-10T05:27:20Z,2026-09-10T07:27:20+0200,e53564bb-6d21-4766-a388-6e59f102773f,2026-09-04T12:45:00Z,2026-09-04T14:45:00+0200,240.0,EUR/MWh,PT,PT,imbalance_price,Long,2026-09-10T05:37:38Z
2026-09-10T05:27:20Z,2026-09-10T07:27:20+0200,e53564bb-6d21-4766-a388-6e59f102773f,2026-09-04T12:45:00Z,2026-09-04T14:45:00+0200,240.0,EUR/MWh,PT,PT,imbalance_price,Short,2026-09-10T05:37:38Z
2026-09-10T05:27:20Z,2026-09-10T07:27:20+0200,e53564bb-6d21-4766-a388-6e59f102773f,2026-09-04T13:00:00Z,2026-09-04T15:00:00+0200,196.9,EUR/MWh,PT,PT,imbalance_price,Long,2026-09-10T05:37:38Z
2026-09-10T05:27:20Z,2026-09-10T07:27:20+0200,e53564bb-6d21-4766-a388-6e59f102773f,2026-09-04T13:00:00Z,2026-09-04T15:00:00+0200,196.9,EUR/MWh,PT,PT,imbalance_price,Short,2026-09-10T05:37:38Z
2026-09-10T05:27:20Z,2026-09-10T07:27:20+0200,e53564bb-6d21-4766-a388-6e59f102773f,2026-09-04T13:15:00Z,2026-09-04T15:15:00+0200,255.0,EUR/MWh,PT,PT,imbalance_price,Long,2026-09-10T05:37:38Z
2026-09-10T05:27:20Z,2026-09-10T07:27:20+0200,e53564bb-6d21-4766-a388-6e59f102773f,2026-09-04T13:15:00Z,2026-09-04T15:15:00+0200,255.0,EUR/MWh,PT,PT,imbalance_price,Short,2026-09-10T05:37:38Z
2026-09-10T05:27:20Z,2026-09-10T07:27:20+0200,e53564bb-6d21-4766-a388-6e59f102773f,2026-09-04T13:30:00Z,2026-09-04T15:30:00+0200,260.0,EUR/MWh,PT,PT,imbalance_price,Long,2026-09-10T05:37:38Z
2026-09-10T05:27:20Z,2026-09-10T07:27:20+0200,e53564bb-6d21-4766-a388-6e59f102773f,2026-09-04T13:30:00Z,2026-09-04T15:30:00+0200,260.0,EUR/MWh,PT,PT,imbalance_price,Short,2026-09-10T05:37:38Z
2026-09-10T05:27:20Z,2026-09-10T07:27:20+0200,e53564bb-6d21-4766-a388-6e59f102773f,2026-09-04T13:45:00Z,2026-09-04T15:45:00+0200,259.04,EUR/MWh,PT,PT,imbalance_price,Long,2026-09-10T05:37:38Z
2026-09-10T05:27:20Z,2026-09-10T07:27:20+0200,e53564bb-6d21-4766-a388-6e59f102773f,2026-09-04T13:45:00Z,2026-09-04T15:45:00+0200,259.04,EUR/MWh,PT,PT,imbalance_price,Short,2026-09-10T05:37:38Z
2026-09-10T05:27:20Z,2026-09-10T07:27:20+0200,e53564bb-6d21-4766-a388-6e59f102773f,2026-09-04T14:00:00Z,2026-09-04T16:00:00+0200,260.0,EUR/MWh,PT,PT,imbalance_price,Long,2026-09-10T05:37:38Z
2026-09-10T05:27:20Z,2026-09-10T07:27:20+0200,e53564bb-6d21-4766-a388-6e59f102773f,2026-09-04T14:00:00Z,2026-09-04T16:00:00+0200,260.0,EUR/MWh,PT,PT,imbalance_price,Short,2026-09-10T05:37:38Z
2026-09-10T05:27:20Z,2026-09-10T07:27:20+0200,e53564bb-6d21-4766-a388-6e59f102773f,2026-09-04T14:15:00Z,2026-09-04T16:15:00+0200,260.0,EUR/MWh,PT,PT,imbalance_price,Long,2026-09-10T05:37:38Z
2026-09-10T05:27:20Z,2026-09-10T07:27:20+0200,e53564bb-6d21-4766-a388-6e59f102773f,2026-09-04T14:15:00Z,2026-09-04T16:15:00+0200,260.0,EUR/MWh,PT,PT,imbalance_price,Short,2026-09-10T05:37:38Z
2026-09-10T05:27:20Z,2026-09-10T07:27:20+0200,e53564bb-6d21-4766-a388-6e59f102773f,2026-09-04T14:30:00Z,2026-09-04T16:30:00+0200,265.0,EUR/MWh,PT,PT,imbalance_price,Long,2026-09-10T05:37:38Z
2026-09-10T05:27:20Z,2026-09-10T07:27:20+0200,e53564bb-6d21-4766-a388-6e59f102773f,2026-09-04T14:30:00Z,2026-09-04T16:30:00+0200,265.0,EUR/MWh,PT,PT,imbalance_price,Short,2026-09-10T05:37:38Z
2026-09-10T05:27:20Z,2026-09-10T07:27:20+0200,e53564bb-6d21-4766-a388-6e59f102773f,2026-09-04T14:45:00Z,2026-09-04T16:45:00+0200,274.3,EUR/MWh,PT,PT,imbalance_price,Long,2026-09-10T05:37:38Z
2026-09-10T05:27:20Z,2026-09-10T07:27:20+0200,e53564bb-6d21-4766-a388-6e59f102773f,2026-09-04T14:45:00Z,2026-09-04T16:45:00+0200,274.3,EUR/MWh,PT,PT,imbalance_price,Short,2026-09-10T05:37:38Z
2026-09-10T05:27:20Z,2026-09-10T07:27:20+0200,e53564bb-6d21-4766-a388-6e59f102773f,2026-09-04T15:00:00Z,2026-09-04T17:00:00+0200,285.0,EUR/MWh,PT,PT,imbalance_price,Long,2026-09-10T05:37:38Z
2026-09-10T05:27:20Z,2026-09-10T07:27:20+0200,e53564bb-6d21-4766-a388-6e59f102773f,2026-09-04T15:00:00Z,2026-09-04T17:00:00+0200,285.0,EUR/MWh,PT,PT,imbalance_price,Short,2026-09-10T05:37:38Z
2026-09-10T05:27:20Z,2026-09-10T07:27:20+0200,e53564bb-6d21-4766-a388-6e59f102773f,2026-09-04T15:15:00Z,2026-09-04T17:15:00+0200,290.0,EUR/MWh,PT,PT,imbalance_price,Long,2026-09-10T05:37:38Z
2026-09-10T05:27:20Z,2026-09-10T07:27:20+0200,e53564bb-6d21-4766-a388-6e59f102773f,2026-09-04T15:15:00Z,2026-09-04T17:15:00+0200,290.0,EUR/MWh,PT,PT,imbalance_price,Short,2026-09-10T05:37:38Z
2026-09-10T05:27:20Z,2026-09-10T07:27:20+0200,e53564bb-6d21-4766-a388-6e59f102773f,2026-09-04T15:30:00Z,2026-09-04T17:30:00+0200,275.0,EUR/MWh,PT,PT,imbalance_price,Long,2026-09-10T05:37:38Z
2026-09-10T05:27:20Z,2026-09-10T07:27:20+0200,e53564bb-6d21-4766-a388-6e59f102773f,2026-09-04T15:30:00Z,2026-09-04T17:30:00+0200,275.0,EUR/MWh,PT,PT,imbalance_price,Short,2026-09-10T05:37:38Z
2026-09-10T05:27:20Z,2026-09-10T07:27:20+0200,e53564bb-6d21-4766-a388-6e59f102773f,2026-09-04T15:45:00Z,2026-09-04T17:45:00+0200,290.0,EUR/MWh,PT,PT,imbalance_price,Long,2026-09-10T05:37:38Z
2026-09-10T05:27:20Z,2026-09-10T07:27:20+0200,e53564bb-6d21-4766-a388-6e59f102773f,2026-09-04T15:45:00Z,2026-09-04T17:45:00+0200,290.0,EUR/MWh,PT,PT,imbalance_price,Short,2026-09-10T05:37:38Z
2026-09-10T05:27:20Z,2026-09-10T07:27:20+0200,e53564bb-6d21-4766-a388-6e59f102773f,2026-09-04T16:00:00Z,2026-09-04T18:00:00+0200,273.46,EUR/MWh,PT,PT,imbalance_price,Long,2026-09-10T05:37:38Z
2026-09-10T05:27:20Z,2026-09-10T07:27:20+0200,e53564bb-6d21-4766-a388-6e59f102773f,2026-09-04T16:00:00Z,2026-09-04T18:00:00+0200,273.46,EUR/MWh,PT,PT,imbalance_price,Short,2026-09-10T05:37:38Z
2026-09-10T05:27:20Z,2026-09-10T07:27:20+0200,e53564bb-6d21-4766-a388-6e59f102773f,2026-09-04T16:15:00Z,2026-09-04T18:15:00+0200,255.01,EUR/MWh,PT,PT,imbalance_price,Long,2026-09-10T05:37:38Z
2026-09-10T05:27:20Z,2026-09-10T07:27:20+0200,e53564bb-6d21-4766-a388-6e59f102773f,2026-09-04T16:15:00Z,2026-09-04T18:15:00+0200,255.01,EUR/MWh,PT,PT,imbalance_price,Short,2026-09-10T05:37:38Z
2026-09-10T05:27:20Z,2026-09-10T07:27:20+0200,e53564bb-6d21-4766-a388-6e59f102773f,2026-09-04T16:30:00Z,2026-09-04T18:30:00+0200,255.01,EUR/MWh,PT,PT,imbalance_price,Long,2026-09-10T05:37:38Z
2026-09-10T05:27:20Z,2026-09-10T07:27:20+0200,e53564bb-6d21-4766-a388-6e59f102773f,2026-09-04T16:30:00Z,2026-09-04T18:30:00+0200,255.01,EUR/MWh,PT,PT,imbalance_price,Short,2026-09-10T05:37:38Z
2026-09-10T05:27:20Z,2026-09-10T07:27:20+0200,e53564bb-6d21-4766-a388-6e59f102773f,2026-09-04T16:45:00Z,2026-09-04T18:45:00+0200,275.01,EUR/MWh,PT,PT,imbalance_price,Long,2026-09-10T05:37:38Z
2026-09-10T05:27:20Z,2026-09-10T07:27:20+0200,e53564bb-6d21-4766-a388-6e59f102773f,2026-09-04T16:45:00Z,2026-09-04T18:45:00+0200,275.01,EUR/MWh,PT,PT,imbalance_price,Short,2026-09-10T05:37:38Z
2026-09-10T05:27:20Z,2026-09-10T07:27:20+0200,e53564bb-6d21-4766-a388-6e59f102773f,2026-09-04T17:00:00Z,2026-09-04T19:00:00+0200,258.0,EUR/MWh,PT,PT,imbalance_price,Long,2026-09-10T05:37:38Z
2026-09-10T05:27:20Z,2026-09-10T07:27:20+0200,e53564bb-6d21-4766-a388-6e59f102773f,2026-09-04T17:00:00Z,2026-09-04T19:00:00+0200,258.0,EUR/MWh,PT,PT,imbalance_price,Short,2026-09-10T05:37:38Z
2026-09-10T05:27:20Z,2026-09-10T07:27:20+0200,e53564bb-6d21-4766-a388-6e59f102773f,2026-09-04T17:15:00Z,2026-09-04T19:15:00+0200,255.01,EUR/MWh,PT,PT,imbalance_price,Long,2026-09-10T05:37:38Z
2026-09-10T05:27:20Z,2026-09-10T07:27:20+0200,e53564bb-6d21-4766-a388-6e59f102773f,2026-09-04T17:15:00Z,2026-09-04T19:15:00+0200,255.01,EUR/MWh,PT,PT,imbalance_price,Short,2026-09-10T05:37:38Z
2026-09-10T05:27:20Z,2026-09-10T07:27:20+0200,e53564bb-6d21-4766-a388-6e59f102773f,2026-09-04T17:30:00Z,2026-09-04T19:30:00+0200,255.14,EUR/MWh,PT,PT,imbalance_price,Long,2026-09-10T05:37:38Z
2026-09-10T05:27:20Z,2026-09-10T07:27:20+0200,e53564bb-6d21-4766-a388-6e59f102773f,2026-09-04T17:30:00Z,2026-09-04T19:30:00+0200,255.14,EUR/MWh,PT,PT,imbalance_price,Short,2026-09-10T05:37:38Z
2026-09-10T05:27:20Z,2026-09-10T07:27:20+0200,e53564bb-6d21-4766-a388-6e59f102773f,2026-09-04T17:45:00Z,2026-09-04T19:45:00+0200,231.29,EUR/MWh,PT,PT,imbalance_price,Long,2026-09-10T05:37:38Z
2026-09-10T05:27:20Z,2026-09-10T07:27:20+0200,e53564bb-6d21-4766-a388-6e59f102773f,2026-09-04T17:45:00Z,2026-09-04T19:45:00+0200,231.29,EUR/MWh,PT,PT,imbalance_price,Short,2026-09-10T05:37:38Z
2026-09-10T05:27:20Z,2026-09-10T07:27:20+0200,e53564bb-6d21-4766-a388-6e59f102773f,2026-09-04T18:00:00Z,2026-09-04T20:00:00+0200,247.68,EUR/MWh,PT,PT,imbalance_price,Long,2026-09-10T05:37:38Z
2026-09-10T05:27:20Z,2026-09-10T07:27:20+0200,e53564bb-6d21-4766-a388-6e59f102773f,2026-09-04T18:00:00Z,2026-09-04T20:00:00+0200,247.68,EUR/MWh,PT,PT,imbalance_price,Short,2026-09-10T05:37:38Z
2026-09-10T05:27:20Z,2026-09-10T07:27:20+0200,e53564bb-6d21-4766-a388-6e59f102773f,2026-09-04T18:15:00Z,2026-09-04T20:15:00+0200,269.19,EUR/MWh,PT,PT,imbalance_price,Long,2026-09-10T05:37:38Z
2026-09-10T05:27:20Z,2026-09-10T07:27:20+0200,e53564bb-6d21-4766-a388-6e59f102773f,2026-09-04T18:15:00Z,2026-09-04T20:15:00+0200,269.19,EUR/MWh,PT,PT,imbalance_price,Short,2026-09-10T05:37:38Z
2026-09-10T05:27:20Z,2026-09-10T07:27:20+0200,e53564bb-6d21-4766-a388-6e59f102773f,2026-09-04T18:30:00Z,2026-09-04T20:30:00+0200,260.94,EUR/MWh,PT,PT,imbalance_price,Long,2026-09-10T05:37:38Z
2026-09-10T05:27:20Z,2026-09-10T07:27:20+0200,e53564bb-6d21-4766-a388-6e59f102773f,2026-09-04T18:30:00Z,2026-09-04T20:30:00+0200,260.94,EUR/MWh,PT,PT,imbalance_price,Short,2026-09-10T05:37:38Z
2026-09-10T05:27:20Z,2026-09-10T07:27:20+0200,e53564bb-6d21-4766-a388-6e59f102773f,2026-09-04T18:45:00Z,2026-09-04T20:45:00+0200,202.92,EUR/MWh,PT,PT,imbalance_price,Long,2026-09-10T05:37:38Z
2026-09-10T05:27:20Z,2026-09-10T07:27:20+0200,e53564bb-6d21-4766-a388-6e59f102773f,2026-09-04T18:45:00Z,2026-09-04T20:45:00+0200,280.01,EUR/MWh,PT,PT,imbalance_price,Short,2026-09-10T05:37:38Z
2026-09-10T05:27:20Z,2026-09-10T07:27:20+0200,e53564bb-6d21-4766-a388-6e59f102773f,2026-09-04T19:00:00Z,2026-09-04T21:00:00+0200,207.3,EUR/MWh,PT,PT,imbalance_price,Long,2026-09-10T05:37:38Z
2026-09-10T05:27:20Z,2026-09-10T07:27:20+0200,e53564bb-6d21-4766-a388-6e59f102773f,2026-09-04T19:00:00Z,2026-09-04T21:00:00+0200,259.12,EUR/MWh,PT,PT,imbalance_price,Short,2026-09-10T05:37:38Z
2026-09-10T05:27:20Z,2026-09-10T07:27:20+0200,e53564bb-6d21-4766-a388-6e59f102773f,2026-09-04T19:15:00Z,2026-09-04T21:15:00+0200,208.22,EUR/MWh,PT,PT,imbalance_price,Long,2026-09-10T05:37:38Z
2026-09-10T05:27:20Z,2026-09-10T07:27:20+0200,e53564bb-6d21-4766-a388-6e59f102773f,2026-09-04T19:15:00Z,2026-09-04T21:15:00+0200,260.27,EUR/MWh,PT,PT,imbalance_price,Short,2026-09-10T05:37:38Z
2026-09-10T05:27:20Z,2026-09-10T07:27:20+0200,e53564bb-6d21-4766-a388-6e59f102773f,2026-09-04T19:30:00Z,2026-09-04T21:30:00+0200,193.75,EUR/MWh,PT,PT,imbalance_price,Long,2026-09-10T05:37:38Z
2026-09-10T05:27:20Z,2026-09-10T07:27:20+0200,e53564bb-6d21-4766-a388-6e59f102773f,2026-09-04T19:30:00Z,2026-09-04T21:30:00+0200,193.75,EUR/MWh,PT,PT,imbalance_price,Short,2026-09-10T05:37:38Z
2026-09-10T05:27:20Z,2026-09-10T07:27:20+0200,e53564bb-6d21-4766-a388-6e59f102773f,2026-09-04T19:45:00Z,2026-09-04T21:45:00+0200,179.18,EUR/MWh,PT,PT,imbalance_price,Long,2026-09-10T05:37:38Z
2026-09-10T05:27:20Z,2026-09-10T07:27:20+0200,e53564bb-6d21-4766-a388-6e59f102773f,2026-09-04T19:45:00Z,2026-09-04T21:45:00+0200,179.18,EUR/MWh,PT,PT,imbalance_price,Short,2026-09-10T05:37:38Z
2026-09-10T05:27:20Z,2026-09-10T07:27:20+0200,e53564bb-6d21-4766-a388-6e59f102773f,2026-09-04T20:00:00Z,2026-09-04T22:00:00+0200,184.36,EUR/MWh,PT,PT,imbalance_price,Long,2026-09-10T05:37:38Z
2026-09-10T05:27:20Z,2026-09-10T07:27:20+0200,e53564bb-6d21-4766-a388-6e59f102773f,2026-09-04T20:00:00Z,2026-09-04T22:00:00+0200,184.36,EUR/MWh,PT,PT,imbalance_price,Short,2026-09-10T05:37:38Z
2026-09-10T05:27:20Z,2026-09-10T07:27:20+0200,e53564bb-6d21-4766-a388-6e59f102773f,2026-09-04T20:15:00Z,2026-09-04T22:15:00+0200,111.56,EUR/MWh,PT,PT,imbalance_price,Long,2026-09-10T05:37:38Z
2026-09-10T05:27:20Z,2026-09-10T07:27:20+0200,e53564bb-6d21-4766-a388-6e59f102773f,2026-09-04T20:15:00Z,2026-09-04T22:15:00+0200,111.56,EUR/MWh,PT,PT,imbalance_price,Short,2026-09-10T05:37:38Z
2026-09-10T05:27:20Z,2026-09-10T07:27:20+0200,e53564bb-6d21-4766-a388-6e59f102773f,2026-09-04T20:30:00Z,2026-09-04T22:30:00+0200,100.0,EUR/MWh,PT,PT,imbalance_price,Long,2026-09-10T05:37:38Z
2026-09-10T05:27:20Z,2026-09-10T07:27:20+0200,e53564bb-6d21-4766-a388-6e59f102773f,2026-09-04T20:30:00Z,2026-09-04T22:30:00+0200,100.0,EUR/MWh,PT,PT,imbalance_price,Short,2026-09-10T05:37:38Z
2026-09-10T05:27:20Z,2026-09-10T07:27:20+0200,e53564bb-6d21-4766-a388-6e59f102773f,2026-09-04T20:45:00Z,2026-09-04T22:45:00+0200,111.56,EUR/MWh,PT,PT,imbalance_price,Long,2026-09-10T05:37:38Z
2026-09-10T05:27:20Z,2026-09-10T07:27:20+0200,e53564bb-6d21-4766-a388-6e59f102773f,2026-09-04T20:45:00Z,2026-09-04T22:45:00+0200,111.56,EUR/MWh,PT,PT,imbalance_price,Short,2026-09-10T05:37:38Z
2026-09-10T05:27:20Z,2026-09-10T07:27:20+0200,e53564bb-6d21-4766-a388-6e59f102773f,2026-09-04T21:00:00Z,2026-09-04T23:00:00+0200,92.49,EUR/MWh,PT,PT,imbalance_price,Long,2026-09-10T05:37:38Z
2026-09-10T05:27:20Z,2026-09-10T07:27:20+0200,e53564bb-6d21-4766-a388-6e59f102773f,2026-09-04T21:00:00Z,2026-09-04T23:00:00+0200,92.49,EUR/MWh,PT,PT,imbalance_price,Short,2026-09-10T05:37:38Z
2026-09-10T05:27:20Z,2026-09-10T07:27:20+0200,e53564bb-6d21-4766-a388-6e59f102773f,2026-09-04T21:15:00Z,2026-09-04T23:15:00+0200,82.66,EUR/MWh,PT,PT,imbalance_price,Long,2026-09-10T05:37:38Z
2026-09-10T05:27:20Z,2026-09-10T07:27:20+0200,e53564bb-6d21-4766-a388-6e59f102773f,2026-09-04T21:15:00Z,2026-09-04T23:15:00+0200,260.4,EUR/MWh,PT,PT,imbalance_price,Short,2026-09-10T05:37:38Z
2026-09-10T05:27:20Z,2026-09-10T07:27:20+0200,e53564bb-6d21-4766-a388-6e59f102773f,2026-09-04T21:30:00Z,2026-09-04T23:30:00+0200,76.88,EUR/MWh,PT,PT,imbalance_price,Long,2026-09-10T05:37:38Z
2026-09-10T05:27:20Z,2026-09-10T07:27:20+0200,e53564bb-6d21-4766-a388-6e59f102773f,2026-09-04T21:30:00Z,2026-09-04T23:30:00+0200,76.88,EUR/MWh,PT,PT,imbalance_price,Short,2026-09-10T05:37:38Z
2026-09-10T05:27:20Z,2026-09-10T07:27:20+0200,e53564bb-6d21-4766-a388-6e59f102773f,2026-09-04T21:45:00Z,2026-09-04T23:45:00+0200,100.0,EUR/MWh,PT,PT,imbalance_price,Long,2026-09-10T05:37:38Z
2026-09-10T05:27:20Z,2026-09-10T07:27:20+0200,e53564bb-6d21-4766-a388-6e59f102773f,2026-09-04T21:45:00Z,2026-09-04T23:45:00+0200,100.0,EUR/MWh,PT,PT,imbalance_price,Short,2026-09-10T05:37:38Z
2026-09-10T05:27:20Z,2026-09-10T07:27:20+0200,e53564bb-6d21-4766-a388-6e59f102773f,2026-09-04T22:00:00Z,2026-09-05T00:00:00+0200,199.96,EUR/MWh,PT,PT,imbalance_price,Long,2026-09-10T05:37:38Z
2026-09-10T05:27:20Z,2026-09-10T07:27:20+0200,e53564bb-6d21-4766-a388-6e59f102773f,2026-09-04T22:00:00Z,2026-09-05T00:00:00+0200,256.8,EUR/MWh,PT,PT,imbalance_price,Short,2026-09-10T05:37:38Z
2026-09-10T05:27:20Z,2026-09-10T07:27:20+0200,e53564bb-6d21-4766-a388-6e59f102773f,2026-09-04T22:15:00Z,2026-09-05T00:15:00+0200,243.58,EUR/MWh,PT,PT,imbalance_price,Long,2026-09-10T05:37:38Z
2026-09-10T05:27:20Z,2026-09-10T07:27:20+0200,e53564bb-6d21-4766-a388-6e59f102773f,2026-09-04T22:15:00Z,2026-09-05T00:15:00+0200,243.58,EUR/MWh,PT,PT,imbalance_price,Short,2026-09-10T05:37:38Z
2026-09-10T05:27:20Z,2026-09-10T07:27:20+0200,e53564bb-6d21-4766-a388-6e59f102773f,2026-09-04T22:30:00Z,2026-09-05T00:30:00+0200,227.2,EUR/MWh,PT,PT,imbalance_price,Long,2026-09-10T05:37:38Z
2026-09-10T05:27:20Z,2026-09-10T07:27:20+0200,e53564bb-6d21-4766-a388-6e59f102773f,2026-09-04T22:30:00Z,2026-09-05T00:30:00+0200,227.2,EUR/MWh,PT,PT,imbalance_price,Short,2026-09-10T05:37:38Z
2026-09-10T05:27:20Z,2026-09-10T07:27:20+0200,e53564bb-6d21-4766-a388-6e59f102773f,2026-09-04T22:45:00Z,2026-09-05T00:45:00+0200,196.16,EUR/MWh,PT,PT,imbalance_price,Long,2026-09-10T05:37:38Z
2026-09-10T05:27:20Z,2026-09-10T07:27:20+0200,e53564bb-6d21-4766-a388-6e59f102773f,2026-09-04T22:45:00Z,2026-09-05T00:45:00+0200,196.16,EUR/MWh,PT,PT,imbalance_price,Short,2026-09-10T05:37:38Z
2026-09-10T05:27:20Z,2026-09-10T07:27:20+0200,e53564bb-6d21-4766-a388-6e59f102773f,2026-09-04T23:00:00Z,2026-09-05T01:00:00+0200,205.27,EUR/MWh,PT,PT,imbalance_price,Long,2026-09-10T05:37:38Z
2026-09-10T05:27:20Z,2026-09-10T07:27:20+0200,e53564bb-6d21-4766-a388-6e59f102773f,2026-09-04T23:00:00Z,2026-09-05T01:00:00+0200,205.27,EUR/MWh,PT,PT,imbalance_price,Short,2026-09-10T05:37:38Z
2026-09-10T05:27:20Z,2026-09-10T07:27:20+0200,e53564bb-6d21-4766-a388-6e59f102773f,2026-09-04T23:15:00Z,2026-09-05T01:15:00+0200,187.37,EUR/MWh,PT,PT,imbalance_price,Long,2026-09-10T05:37:38Z
2026-09-10T05:27:20Z,2026-09-10T07:27:20+0200,e53564bb-6d21-4766-a388-6e59f102773f,2026-09-04T23:15:00Z,2026-09-05T01:15:00+0200,187.37,EUR/MWh,PT,PT,imbalance_price,Short,2026-09-10T05:37:38Z
2026-09-10T05:27:20Z,2026-09-10T07:27:20+0200,e53564bb-6d21-4766-a388-6e59f102773f,2026-09-04T23:30:00Z,2026-09-05T01:30:00+0200,178.67,EUR/MWh,PT,PT,imbalance_price,Long,2026-09-10T05:37:38Z
2026-09-10T05:27:20Z,2026-09-10T07:27:20+0200,e53564bb-6d21-4766-a388-6e59f102773f,2026-09-04T23:30:00Z,2026-09-05T01:30:00+0200,178.67,EUR/MWh,PT,PT,imbalance_price,Short,2026-09-10T05:37:38Z
2026-09-10T05:27:20Z,2026-09-10T07:27:20+0200,e53564bb-6d21-4766-a388-6e59f102773f,2026-09-04T23:45:00Z,2026-09-05T01:45:00+0200,173.65,EUR/MWh,PT,PT,imbalance_price,Long,2026-09-10T05:37:38Z
2026-09-10T05:27:20Z,2026-09-10T07:27:20+0200,e53564bb-6d21-4766-a388-6e59f102773f,2026-09-04T23:45:00Z,2026-09-05T01:45:00+0200,173.65,EUR/MWh,PT,PT,imbalance_price,Short,2026-09-10T05:37:38Z
2026-09-10T05:27:20Z,2026-09-10T07:27:20+0200,e53564bb-6d21-4766-a388-6e59f102773f,2026-09-05T00:00:00Z,2026-09-05T02:00:00+0200,176.48,EUR/MWh,PT,PT,imbalance_price,Long,2026-09-10T05:37:38Z
2026-09-10T05:27:20Z,2026-09-10T07:27:20+0200,e53564bb-6d21-4766-a388-6e59f102773f,2026-09-05T00:00:00Z,2026-09-05T02:00:00+0200,176.48,EUR/MWh,PT,PT,imbalance_price,Short,2026-09-10T05:37:38Z
2026-09-10T05:27:20Z,2026-09-10T07:27:20+0200,e53564bb-6d21-4766-a388-6e59f102773f,2026-09-05T00:15:00Z,2026-09-05T02:15:00+0200,175.76,EUR/MWh,PT,PT,imbalance_price,Long,2026-09-10T05:37:38Z
2026-09-10T05:27:20Z,2026-09-10T07:27:20+0200,e53564bb-6d21-4766-a388-6e59f102773f,2026-09-05T00:15:00Z,2026-09-05T02:15:00+0200,175.76,EUR/MWh,PT,PT,imbalance_price,Short,2026-09-10T05:37:38Z
2026-09-10T05:27:20Z,2026-09-10T07:27:20+0200,e53564bb-6d21-4766-a388-6e59f102773f,2026-09-05T00:30:00Z,2026-09-05T02:30:00+0200,176.91,EUR/MWh,PT,PT,imbalance_price,Long,2026-09-10T05:37:38Z
2026-09-10T05:27:20Z,2026-09-10T07:27:20+0200,e53564bb-6d21-4766-a388-6e59f102773f,2026-09-05T00:30:00Z,2026-09-05T02:30:00+0200,176.91,EUR/MWh,PT,PT,imbalance_price,Short,2026-09-10T05:37:38Z
2026-09-10T05:27:20Z,2026-09-10T07:27:20+0200,e53564bb-6d21-4766-a388-6e59f102773f,2026-09-05T00:45:00Z,2026-09-05T02:45:00+0200,149.08,EUR/MWh,PT,PT,imbalance_price,Long,2026-09-10T05:37:38Z
2026-09-10T05:27:20Z,2026-09-10T07:27:20+0200,e53564bb-6d21-4766-a388-6e59f102773f,2026-09-05T00:45:00Z,2026-09-05T02:45:00+0200,172.15,EUR/MWh,PT,PT,imbalance_price,Short,2026-09-10T05:37:38Z
2026-09-10T05:27:20Z,2026-09-10T07:27:20+0200,e53564bb-6d21-4766-a388-6e59f102773f,2026-09-05T01:00:00Z,2026-09-05T03:00:00+0200,175.68,EUR/MWh,PT,PT,imbalance_price,Long,2026-09-10T05:37:38Z
2026-09-10T05:27:20Z,2026-09-10T07:27:20+0200,e53564bb-6d21-4766-a388-6e59f102773f,2026-09-05T01:00:00Z,2026-09-05T03:00:00+0200,226.21,EUR/MWh,PT,PT,imbalance_price,Short,2026-09-10T05:37:38Z
2026-09-10T05:27:20Z,2026-09-10T07:27:20+0200,e53564bb-6d21-4766-a388-6e59f102773f,2026-09-05T01:15:00Z,2026-09-05T03:15:00+0200,179.03,EUR/MWh,PT,PT,imbalance_price,Long,2026-09-10T05:37:38Z
2026-09-10T05:27:20Z,2026-09-10T07:27:20+0200,e53564bb-6d21-4766-a388-6e59f102773f,2026-09-05T01:15:00Z,2026-09-05T03:15:00+0200,225.08,EUR/MWh,PT,PT,imbalance_price,Short,2026-09-10T05:37:38Z
2026-09-10T05:27:20Z,2026-09-10T07:27:20+0200,e53564bb-6d21-4766-a388-6e59f102773f,2026-09-05T01:30:00Z,2026-09-05T03:30:00+0200,179.03,EUR/MWh,PT,PT,imbalance_price,Long,2026-09-10T05:37:38Z
2026-09-10T05:27:20Z,2026-09-10T07:27:20+0200,e53564bb-6d21-4766-a388-6e59f102773f,2026-09-05T01:30:00Z,2026-09-05T03:30:00+0200,224.12,EUR/MWh,PT,PT,imbalance_price,Short,2026-09-10T05:37:38Z
2026-09-10T05:27:20Z,2026-09-10T07:27:20+0200,e53564bb-6d21-4766-a388-6e59f102773f,2026-09-05T01:45:00Z,2026-09-05T03:45:00+0200,177.98,EUR/MWh,PT,PT,imbalance_price,Long,2026-09-10T05:37:38Z
2026-09-10T05:27:20Z,2026-09-10T07:27:20+0200,e53564bb-6d21-4766-a388-6e59f102773f,2026-09-05T01:45:00Z,2026-09-05T03:45:00+0200,224.12,EUR/MWh,PT,PT,imbalance_price,Short,2026-09-10T05:37:38Z
2026-09-10T05:27:20Z,2026-09-10T07:27:20+0200,e53564bb-6d21-4766-a388-6e59f102773f,2026-09-05T02:00:00Z,2026-09-05T04:00:00+0200,186.77,EUR/MWh,PT,PT,imbalance_price,Long,2026-09-10T05:37:38Z
2026-09-10T05:27:20Z,2026-09-10T07:27:20+0200,e53564bb-6d21-4766-a388-6e59f102773f,2026-09-05T02:00:00Z,2026-09-05T04:00:00+0200,224.12,EUR/MWh,PT,PT,imbalance_price,Short,2026-09-10T05:37:38Z
2026-09-10T05:27:20Z,2026-09-10T07:27:20+0200,e53564bb-6d21-4766-a388-6e59f102773f,2026-09-05T02:15:00Z,2026-09-05T04:15:00+0200,187.57,EUR/MWh,PT,PT,imbalance_price,Long,2026-09-10T05:37:38Z
2026-09-10T05:27:20Z,2026-09-10T07:27:20+0200,e53564bb-6d21-4766-a388-6e59f102773f,2026-09-05T02:15:00Z,2026-09-05T04:15:00+0200,225.08,EUR/MWh,PT,PT,imbalance_price,Short,2026-09-10T05:37:38Z
2026-09-10T05:27:20Z,2026-09-10T07:27:20+0200,e53564bb-6d21-4766-a388-6e59f102773f,2026-09-05T02:30:00Z,2026-09-05T04:30:00+0200,187.57,EUR/MWh,PT,PT,imbalance_price,Long,2026-09-10T05:37:38Z
2026-09-10T05:27:20Z,2026-09-10T07:27:20+0200,e53564bb-6d21-4766-a388-6e59f102773f,2026-09-05T02:30:00Z,2026-09-05T04:30:00+0200,225.08,EUR/MWh,PT,PT,imbalance_price,Short,2026-09-10T05:37:38Z
2026-09-10T05:27:20Z,2026-09-10T07:27:20+0200,e53564bb-6d21-4766-a388-6e59f102773f,2026-09-05T02:45:00Z,2026-09-05T04:45:00+0200,171.81,EUR/MWh,PT,PT,imbalance_price,Long,2026-09-10T05:37:38Z
2026-09-10T05:27:20Z,2026-09-10T07:27:20+0200,e53564bb-6d21-4766-a388-6e59f102773f,2026-09-05T02:45:00Z,2026-09-05T04:45:00+0200,171.81,EUR/MWh,PT,PT,imbalance_price,Short,2026-09-10T05:37:38Z
2026-09-10T05:27:20Z,2026-09-10T07:27:20+0200,e53564bb-6d21-4766-a388-6e59f102773f,2026-09-05T03:00:00Z,2026-09-05T05:00:00+0200,177.31,EUR/MWh,PT,PT,imbalance_price,Long,2026-09-10T05:37:38Z
2026-09-10T05:27:20Z,2026-09-10T07:27:20+0200,e53564bb-6d21-4766-a388-6e59f102773f,2026-09-05T03:00:00Z,2026-09-05T05:00:00+0200,177.31,EUR/MWh,PT,PT,imbalance_price,Short,2026-09-10T05:37:38Z
2026-09-10T05:27:20Z,2026-09-10T07:27:20+0200,e53564bb-6d21-4766-a388-6e59f102773f,2026-09-05T03:15:00Z,2026-09-05T05:15:00+0200,183.21,EUR/MWh,PT,PT,imbalance_price,Long,2026-09-10T05:37:38Z
2026-09-10T05:27:20Z,2026-09-10T07:27:20+0200,e53564bb-6d21-4766-a388-6e59f102773f,2026-09-05T03:15:00Z,2026-09-05T05:15:00+0200,183.21,EUR/MWh,PT,PT,imbalance_price,Short,2026-09-10T05:37:38Z
2026-09-10T05:27:20Z,2026-09-10T07:27:20+0200,e53564bb-6d21-4766-a388-6e59f102773f,2026-09-05T03:30:00Z,2026-09-05T05:30:00+0200,180.62,EUR/MWh,PT,PT,imbalance_price,Long,2026-09-10T05:37:38Z
2026-09-10T05:27:20Z,2026-09-10T07:27:20+0200,e53564bb-6d21-4766-a388-6e59f102773f,2026-09-05T03:30:00Z,2026-09-05T05:30:00+0200,180.62,EUR/MWh,PT,PT,imbalance_price,Short,2026-09-10T05:37:38Z
2026-09-10T05:27:20Z,2026-09-10T07:27:20+0200,e53564bb-6d21-4766-a388-6e59f102773f,2026-09-05T03:45:00Z,2026-09-05T05:45:00+0200,172.47,EUR/MWh,PT,PT,imbalance_price,Long,2026-09-10T05:37:38Z
2026-09-10T05:27:20Z,2026-09-10T07:27:20+0200,e53564bb-6d21-4766-a388-6e59f102773f,2026-09-05T03:45:00Z,2026-09-05T05:45:00+0200,172.47,EUR/MWh,PT,PT,imbalance_price,Short,2026-09-10T05:37:38Z
2026-09-10T05:27:20Z,2026-09-10T07:27:20+0200,e53564bb-6d21-4766-a388-6e59f102773f,2026-09-05T04:00:00Z,2026-09-05T06:00:00+0200,175.8,EUR/MWh,PT,PT,imbalance_price,Long,2026-09-10T05:37:38Z
2026-09-10T05:27:20Z,2026-09-10T07:27:20+0200,e53564bb-6d21-4766-a388-6e59f102773f,2026-09-05T04:00:00Z,2026-09-05T06:00:00+0200,223.62,EUR/MWh,PT,PT,imbalance_price,Short,2026-09-10T05:37:38Z
2026-09-10T05:27:20Z,2026-09-10T07:27:20+0200,e53564bb-6d21-4766-a388-6e59f102773f,2026-09-05T04:15:00Z,2026-09-05T06:15:00+0200,168.03,EUR/MWh,PT,PT,imbalance_price,Long,2026-09-10T05:37:38Z
2026-09-10T05:27:20Z,2026-09-10T07:27:20+0200,e53564bb-6d21-4766-a388-6e59f102773f,2026-09-05T04:15:00Z,2026-09-05T06:15:00+0200,223.62,EUR/MWh,PT,PT,imbalance_price,Short,2026-09-10T05:37:38Z
2026-09-10T05:27:20Z,2026-09-10T07:27:20+0200,e53564bb-6d21-4766-a388-6e59f102773f,2026-09-05T04:30:00Z,2026-09-05T06:30:00+0200,167.59,EUR/MWh,PT,PT,imbalance_price,Long,2026-09-10T05:37:38Z
2026-09-10T05:27:20Z,2026-09-10T07:27:20+0200,e53564bb-6d21-4766-a388-6e59f102773f,2026-09-05T04:30:00Z,2026-09-05T06:30:00+0200,224.36,EUR/MWh,PT,PT,imbalance_price,Short,2026-09-10T05:37:38Z
2026-09-10T05:27:20Z,2026-09-10T07:27:20+0200,e53564bb-6d21-4766-a388-6e59f102773f,2026-09-05T04:45:00Z,2026-09-05T06:45:00+0200,161.32,EUR/MWh,PT,PT,imbalance_price,Long,2026-09-10T05:37:38Z
2026-09-10T05:27:20Z,2026-09-10T07:27:20+0200,e53564bb-6d21-4766-a388-6e59f102773f,2026-09-05T04:45:00Z,2026-09-05T06:45:00+0200,225.52,EUR/MWh,PT,PT,imbalance_price,Short,2026-09-10T05:37:38Z
2026-09-10T05:27:20Z,2026-09-10T07:27:20+0200,e53564bb-6d21-4766-a388-6e59f102773f,2026-09-05T05:00:00Z,2026-09-05T07:00:00+0200,171.99,EUR/MWh,PT,PT,imbalance_price,Long,2026-09-10T05:37:38Z
2026-09-10T05:27:20Z,2026-09-10T07:27:20+0200,e53564bb-6d21-4766-a388-6e59f102773f,2026-09-05T05:00:00Z,2026-09-05T07:00:00+0200,229.34,EUR/MWh,PT,PT,imbalance_price,Short,2026-09-10T05:37:38Z
2026-09-10T05:27:20Z,2026-09-10T07:27:20+0200,e53564bb-6d21-4766-a388-6e59f102773f,2026-09-05T05:15:00Z,2026-09-05T07:15:00+0200,170.08,EUR/MWh,PT,PT,imbalance_price,Long,2026-09-10T05:37:38Z
2026-09-10T05:27:20Z,2026-09-10T07:27:20+0200,e53564bb-6d21-4766-a388-6e59f102773f,2026-09-05T05:15:00Z,2026-09-05T07:15:00+0200,234.1,EUR/MWh,PT,PT,imbalance_price,Short,2026-09-10T05:37:38Z
2026-09-10T05:27:20Z,2026-09-10T07:27:20+0200,e53564bb-6d21-4766-a388-6e59f102773f,2026-09-05T05:30:00Z,2026-09-05T07:30:00+0200,156.06,EUR/MWh,PT,PT,imbalance_price,Long,2026-09-10T05:37:38Z
2026-09-10T05:27:20Z,2026-09-10T07:27:20+0200,e53564bb-6d21-4766-a388-6e59f102773f,2026-09-05T05:30:00Z,2026-09-05T07:30:00+0200,174.08,EUR/MWh,PT,PT,imbalance_price,Short,2026-09-10T05:37:38Z
2026-09-10T05:27:20Z,2026-09-10T07:27:20+0200,e53564bb-6d21-4766-a388-6e59f102773f,2026-09-05T05:45:00Z,2026-09-05T07:45:00+0200,156.0,EUR/MWh,PT,PT,imbalance_price,Long,2026-09-10T05:37:38Z
2026-09-10T05:27:20Z,2026-09-10T07:27:20+0200,e53564bb-6d21-4766-a388-6e59f102773f,2026-09-05T05:45:00Z,2026-09-05T07:45:00+0200,174.0,EUR/MWh,PT,PT,imbalance_price,Short,2026-09-10T05:37:38Z
2026-09-10T05:27:20Z,2026-09-10T07:27:20+0200,e53564bb-6d21-4766-a388-6e59f102773f,2026-09-05T06:00:00Z,2026-09-05T08:00:00+0200,154.59,EUR/MWh,PT,PT,imbalance_price,Long,2026-09-10T05:37:38Z
2026-09-10T05:27:20Z,2026-09-10T07:27:20+0200,e53564bb-6d21-4766-a388-6e59f102773f,2026-09-05T06:00:00Z,2026-09-05T08:00:00+0200,176.01,EUR/MWh,PT,PT,imbalance_price,Short,2026-09-10T05:37:38Z
2026-09-10T05:27:20Z,2026-09-10T07:27:20+0200,e53564bb-6d21-4766-a388-6e59f102773f,2026-09-05T06:15:00Z,2026-09-05T08:15:00+0200,150.81,EUR/MWh,PT,PT,imbalance_price,Long,2026-09-10T05:37:38Z
2026-09-10T05:27:20Z,2026-09-10T07:27:20+0200,e53564bb-6d21-4766-a388-6e59f102773f,2026-09-05T06:15:00Z,2026-09-05T08:15:00+0200,175.8,EUR/MWh,PT,PT,imbalance_price,Short,2026-09-10T05:37:38Z
2026-09-10T05:27:20Z,2026-09-10T07:27:20+0200,e53564bb-6d21-4766-a388-6e59f102773f,2026-09-05T06:30:00Z,2026-09-05T08:30:00+0200,146.41,EUR/MWh,PT,PT,imbalance_price,Long,2026-09-10T05:37:38Z
2026-09-10T05:27:20Z,2026-09-10T07:27:20+0200,e53564bb-6d21-4766-a388-6e59f102773f,2026-09-05T06:30:00Z,2026-09-05T08:30:00+0200,168.61,EUR/MWh,PT,PT,imbalance_price,Short,2026-09-10T05:37:38Z
2026-09-10T05:27:20Z,2026-09-10T07:27:20+0200,e53564bb-6d21-4766-a388-6e59f102773f,2026-09-05T06:45:00Z,2026-09-05T08:45:00+0200,141.98,EUR/MWh,PT,PT,imbalance_price,Long,2026-09-10T05:37:38Z
2026-09-10T05:27:20Z,2026-09-10T07:27:20+0200,e53564bb-6d21-4766-a388-6e59f102773f,2026-09-05T06:45:00Z,2026-09-05T08:45:00+0200,160.54,EUR/MWh,PT,PT,imbalance_price,Short,2026-09-10T05:37:38Z
2026-09-10T05:27:20Z,2026-09-10T07:27:20+0200,e53564bb-6d21-4766-a388-6e59f102773f,2026-09-05T07:00:00Z,2026-09-05T09:00:00+0200,142.78,EUR/MWh,PT,PT,imbalance_price,Long,2026-09-10T05:37:38Z
2026-09-10T05:27:20Z,2026-09-10T07:27:20+0200,e53564bb-6d21-4766-a388-6e59f102773f,2026-09-05T07:00:00Z,2026-09-05T09:00:00+0200,194.48,EUR/MWh,PT,PT,imbalance_price,Short,2026-09-10T05:37:38Z
2026-09-10T05:27:20Z,2026-09-10T07:27:20+0200,e53564bb-6d21-4766-a388-6e59f102773f,2026-09-05T07:15:00Z,2026-09-05T09:15:00+0200,117.84,EUR/MWh,PT,PT,imbalance_price,Long,2026-09-10T05:37:38Z
2026-09-10T05:27:20Z,2026-09-10T07:27:20+0200,e53564bb-6d21-4766-a388-6e59f102773f,2026-09-05T07:15:00Z,2026-09-05T09:15:00+0200,173.48,EUR/MWh,PT,PT,imbalance_price,Short,2026-09-10T05:37:38Z
2026-09-10T05:27:20Z,2026-09-10T07:27:20+0200,e53564bb-6d21-4766-a388-6e59f102773f,2026-09-05T07:30:00Z,2026-09-05T09:30:00+0200,160.59,EUR/MWh,PT,PT,imbalance_price,Long,2026-09-10T05:37:38Z
2026-09-10T05:27:20Z,2026-09-10T07:27:20+0200,e53564bb-6d21-4766-a388-6e59f102773f,2026-09-05T07:30:00Z,2026-09-05T09:30:00+0200,160.59,EUR/MWh,PT,PT,imbalance_price,Short,2026-09-10T05:37:38Z
2026-09-10T05:27:20Z,2026-09-10T07:27:20+0200,e53564bb-6d21-4766-a388-6e59f102773f,2026-09-05T07:45:00Z,2026-09-05T09:45:00+0200,165.8,EUR/MWh,PT,PT,imbalance_price,Long,2026-09-10T05:37:38Z
2026-09-10T05:27:20Z,2026-09-10T07:27:20+0200,e53564bb-6d21-4766-a388-6e59f102773f,2026-09-05T07:45:00Z,2026-09-05T09:45:00+0200,165.8,EUR/MWh,PT,PT,imbalance_price,Short,2026-09-10T05:37:38Z
2026-09-10T05:27:20Z,2026-09-10T07:27:20+0200,e53564bb-6d21-4766-a388-6e59f102773f,2026-09-05T08:00:00Z,2026-09-05T10:00:00+0200,93.31,EUR/MWh,PT,PT,imbalance_price,Long,2026-09-10T05:37:38Z
2026-09-10T05:27:20Z,2026-09-10T07:27:20+0200,e53564bb-6d21-4766-a388-6e59f102773f,2026-09-05T08:00:00Z,2026-09-05T10:00:00+0200,182.22,EUR/MWh,PT,PT,imbalance_price,Short,2026-09-10T05:37:38Z
2026-09-10T05:27:20Z,2026-09-10T07:27:20+0200,e53564bb-6d21-4766-a388-6e59f102773f,2026-09-05T08:15:00Z,2026-09-05T10:15:00+0200,80.0,EUR/MWh,PT,PT,imbalance_price,Long,2026-09-10T05:37:38Z
2026-09-10T05:27:20Z,2026-09-10T07:27:20+0200,e53564bb-6d21-4766-a388-6e59f102773f,2026-09-05T08:15:00Z,2026-09-05T10:15:00+0200,182.22,EUR/MWh,PT,PT,imbalance_price,Short,2026-09-10T05:37:38Z
2026-09-10T05:27:20Z,2026-09-10T07:27:20+0200,e53564bb-6d21-4766-a388-6e59f102773f,2026-09-05T08:30:00Z,2026-09-05T10:30:00+0200,72.0,EUR/MWh,PT,PT,imbalance_price,Long,2026-09-10T05:37:38Z
2026-09-10T05:27:20Z,2026-09-10T07:27:20+0200,e53564bb-6d21-4766-a388-6e59f102773f,2026-09-05T08:30:00Z,2026-09-05T10:30:00+0200,182.22,EUR/MWh,PT,PT,imbalance_price,Short,2026-09-10T05:37:38Z
2026-09-10T05:27:20Z,2026-09-10T07:27:20+0200,e53564bb-6d21-4766-a388-6e59f102773f,2026-09-05T08:45:00Z,2026-09-05T10:45:00+0200,64.0,EUR/MWh,PT,PT,imbalance_price,Long,2026-09-10T05:37:38Z
2026-09-10T05:27:20Z,2026-09-10T07:27:20+0200,e53564bb-6d21-4766-a388-6e59f102773f,2026-09-05T08:45:00Z,2026-09-05T10:45:00+0200,200.39,EUR/MWh,PT,PT,imbalance_price,Short,2026-09-10T05:37:38Z
2026-09-10T05:27:20Z,2026-09-10T07:27:20+0200,e53564bb-6d21-4766-a388-6e59f102773f,2026-09-05T09:00:00Z,2026-09-05T11:00:00+0200,48.81,EUR/MWh,PT,PT,imbalance_price,Long,2026-09-10T05:37:38Z
2026-09-10T05:27:20Z,2026-09-10T07:27:20+0200,e53564bb-6d21-4766-a388-6e59f102773f,2026-09-05T09:00:00Z,2026-09-05T11:00:00+0200,194.41,EUR/MWh,PT,PT,imbalance_price,Short,2026-09-10T05:37:38Z
2026-09-10T05:27:20Z,2026-09-10T07:27:20+0200,e53564bb-6d21-4766-a388-6e59f102773f,2026-09-05T09:15:00Z,2026-09-05T11:15:00+0200,31.25,EUR/MWh,PT,PT,imbalance_price,Long,2026-09-10T05:37:38Z
2026-09-10T05:27:20Z,2026-09-10T07:27:20+0200,e53564bb-6d21-4766-a388-6e59f102773f,2026-09-05T09:15:00Z,2026-09-05T11:15:00+0200,198.58,EUR/MWh,PT,PT,imbalance_price,Short,2026-09-10T05:37:38Z
2026-09-10T05:27:20Z,2026-09-10T07:27:20+0200,e53564bb-6d21-4766-a388-6e59f102773f,2026-09-05T09:30:00Z,2026-09-05T11:30:00+0200,24.0,EUR/MWh,PT,PT,imbalance_price,Long,2026-09-10T05:37:38Z
2026-09-10T05:27:20Z,2026-09-10T07:27:20+0200,e53564bb-6d21-4766-a388-6e59f102773f,2026-09-05T09:30:00Z,2026-09-05T11:30:00+0200,197.19,EUR/MWh,PT,PT,imbalance_price,Short,2026-09-10T05:37:38Z
2026-09-10T05:27:20Z,2026-09-10T07:27:20+0200,e53564bb-6d21-4766-a388-6e59f102773f,2026-09-05T09:45:00Z,2026-09-05T11:45:00+0200,13.59,EUR/MWh,PT,PT,imbalance_price,Long,2026-09-10T05:37:38Z
2026-09-10T05:27:20Z,2026-09-10T07:27:20+0200,e53564bb-6d21-4766-a388-6e59f102773f,2026-09-05T09:45:00Z,2026-09-05T11:45:00+0200,193.02,EUR/MWh,PT,PT,imbalance_price,Short,2026-09-10T05:37:38Z
2026-09-10T05:27:20Z,2026-09-10T07:27:20+0200,e53564bb-6d21-4766-a388-6e59f102773f,2026-09-05T10:00:00Z,2026-09-05T12:00:00+0200,197.52,EUR/MWh,PT,PT,imbalance_price,Long,2026-09-10T05:37:38Z
2026-09-10T05:27:20Z,2026-09-10T07:27:20+0200,e53564bb-6d21-4766-a388-6e59f102773f,2026-09-05T10:00:00Z,2026-09-05T12:00:00+0200,197.52,EUR/MWh,PT,PT,imbalance_price,Short,2026-09-10T05:37:38Z
2026-09-10T05:27:20Z,2026-09-10T07:27:20+0200,e53564bb-6d21-4766-a388-6e59f102773f,2026-09-05T10:15:00Z,2026-09-05T12:15:00+0200,193.35,EUR/MWh,PT,PT,imbalance_price,Long,2026-09-10T05:37:38Z
2026-09-10T05:27:20Z,2026-09-10T07:27:20+0200,e53564bb-6d21-4766-a388-6e59f102773f,2026-09-05T10:15:00Z,2026-09-05T12:15:00+0200,193.35,EUR/MWh,PT,PT,imbalance_price,Short,2026-09-10T05:37:38Z
2026-09-10T05:27:20Z,2026-09-10T07:27:20+0200,e53564bb-6d21-4766-a388-6e59f102773f,2026-09-05T10:30:00Z,2026-09-05T12:30:00+0200,196.13,EUR/MWh,PT,PT,imbalance_price,Long,2026-09-10T05:37:38Z
2026-09-10T05:27:20Z,2026-09-10T07:27:20+0200,e53564bb-6d21-4766-a388-6e59f102773f,2026-09-05T10:30:00Z,2026-09-05T12:30:00+0200,196.13,EUR/MWh,PT,PT,imbalance_price,Short,2026-09-10T05:37:38Z
2026-09-10T05:27:20Z,2026-09-10T07:27:20+0200,e53564bb-6d21-4766-a388-6e59f102773f,2026-09-05T10:45:00Z,2026-09-05T12:45:00+0200,196.13,EUR/MWh,PT,PT,imbalance_price,Long,2026-09-10T05:37:38Z
2026-09-10T05:27:20Z,2026-09-10T07:27:20+0200,e53564bb-6d21-4766-a388-6e59f102773f,2026-09-05T10:45:00Z,2026-09-05T12:45:00+0200,196.13,EUR/MWh,PT,PT,imbalance_price,Short,2026-09-10T05:37:38Z
2026-09-10T05:27:20Z,2026-09-10T07:27:20+0200,e53564bb-6d21-4766-a388-6e59f102773f,2026-09-05T11:00:00Z,2026-09-05T13:00:00+0200,210.0,EUR/MWh,PT,PT,imbalance_price,Long,2026-09-10T05:37:38Z
2026-09-10T05:27:20Z,2026-09-10T07:27:20+0200,e53564bb-6d21-4766-a388-6e59f102773f,2026-09-05T11:00:00Z,2026-09-05T13:00:00+0200,210.0,EUR/MWh,PT,PT,imbalance_price,Short,2026-09-10T05:37:38Z
2026-09-10T05:27:20Z,2026-09-10T07:27:20+0200,e53564bb-6d21-4766-a388-6e59f102773f,2026-09-05T11:15:00Z,2026-09-05T13:15:00+0200,209.94,EUR/MWh,PT,PT,imbalance_price,Long,2026-09-10T05:37:38Z
2026-09-10T05:27:20Z,2026-09-10T07:27:20+0200,e53564bb-6d21-4766-a388-6e59f102773f,2026-09-05T11:15:00Z,2026-09-05T13:15:00+0200,209.94,EUR/MWh,PT,PT,imbalance_price,Short,2026-09-10T05:37:38Z
2026-09-10T05:27:20Z,2026-09-10T07:27:20+0200,e53564bb-6d21-4766-a388-6e59f102773f,2026-09-05T11:30:00Z,2026-09-05T13:30:00+0200,2.74,EUR/MWh,PT,PT,imbalance_price,Long,2026-09-10T05:37:38Z
2026-09-10T05:27:20Z,2026-09-10T07:27:20+0200,e53564bb-6d21-4766-a388-6e59f102773f,2026-09-05T11:30:00Z,2026-09-05T13:30:00+0200,210.0,EUR/MWh,PT,PT,imbalance_price,Short,2026-09-10T05:37:38Z
2026-09-10T05:27:20Z,2026-09-10T07:27:20+0200,e53564bb-6d21-4766-a388-6e59f102773f,2026-09-05T11:45:00Z,2026-09-05T13:45:00+0200,2.43,EUR/MWh,PT,PT,imbalance_price,Long,2026-09-10T05:37:38Z
2026-09-10T05:27:20Z,2026-09-10T07:27:20+0200,e53564bb-6d21-4766-a388-6e59f102773f,2026-09-05T11:45:00Z,2026-09-05T13:45:00+0200,209.94,EUR/MWh,PT,PT,imbalance_price,Short,2026-09-10T05:37:38Z
2026-09-10T05:27:20Z,2026-09-10T07:27:20+0200,e53564bb-6d21-4766-a388-6e59f102773f,2026-09-05T12:00:00Z,2026-09-05T14:00:00+0200,2.74,EUR/MWh,PT,PT,imbalance_price,Long,2026-09-10T05:37:38Z
2026-09-10T05:27:20Z,2026-09-10T07:27:20+0200,e53564bb-6d21-4766-a388-6e59f102773f,2026-09-05T12:00:00Z,2026-09-05T14:00:00+0200,210.0,EUR/MWh,PT,PT,imbalance_price,Short,2026-09-10T05:37:38Z
2026-09-10T05:27:20Z,2026-09-10T07:27:20+0200,e53564bb-6d21-4766-a388-6e59f102773f,2026-09-05T12:15:00Z,2026-09-05T14:15:00+0200,2.74,EUR/MWh,PT,PT,imbalance_price,Long,2026-09-10T05:37:38Z
2026-09-10T05:27:20Z,2026-09-10T07:27:20+0200,e53564bb-6d21-4766-a388-6e59f102773f,2026-09-05T12:15:00Z,2026-09-05T14:15:00+0200,206.99,EUR/MWh,PT,PT,imbalance_price,Short,2026-09-10T05:37:38Z
2026-09-10T05:27:20Z,2026-09-10T07:27:20+0200,e53564bb-6d21-4766-a388-6e59f102773f,2026-09-05T12:30:00Z,2026-09-05T14:30:00+0200,2.74,EUR/MWh,PT,PT,imbalance_price,Long,2026-09-10T05:37:38Z
2026-09-10T05:27:20Z,2026-09-10T07:27:20+0200,e53564bb-6d21-4766-a388-6e59f102773f,2026-09-05T12:30:00Z,2026-09-05T14:30:00+0200,200.0,EUR/MWh,PT,PT,imbalance_price,Short,2026-09-10T05:37:38Z
2026-09-10T05:27:20Z,2026-09-10T07:27:20+0200,e53564bb-6d21-4766-a388-6e59f102773f,2026-09-05T12:45:00Z,2026-09-05T14:45:00+0200,50.12,EUR/MWh,PT,PT,imbalance_price,Long,2026-09-10T05:37:38Z
2026-09-10T05:27:20Z,2026-09-10T07:27:20+0200,e53564bb-6d21-4766-a388-6e59f102773f,2026-09-05T12:45:00Z,2026-09-05T14:45:00+0200,50.12,EUR/MWh,PT,PT,imbalance_price,Short,2026-09-10T05:37:38Z
2026-09-10T05:27:20Z,2026-09-10T07:27:20+0200,e53564bb-6d21-4766-a388-6e59f102773f,2026-09-05T13:00:00Z,2026-09-05T15:00:00+0200,21.94,EUR/MWh,PT,PT,imbalance_price,Long,2026-09-10T05:37:38Z
2026-09-10T05:27:20Z,2026-09-10T07:27:20+0200,e53564bb-6d21-4766-a388-6e59f102773f,2026-09-05T13:00:00Z,2026-09-05T15:00:00+0200,27.01,EUR/MWh,PT,PT,imbalance_price,Short,2026-09-10T05:37:38Z
2026-09-10T05:27:20Z,2026-09-10T07:27:20+0200,e53564bb-6d21-4766-a388-6e59f102773f,2026-09-05T13:15:00Z,2026-09-05T15:15:00+0200,22.21,EUR/MWh,PT,PT,imbalance_price,Long,2026-09-10T05:37:38Z
2026-09-10T05:27:20Z,2026-09-10T07:27:20+0200,e53564bb-6d21-4766-a388-6e59f102773f,2026-09-05T13:15:00Z,2026-09-05T15:15:00+0200,22.21,EUR/MWh,PT,PT,imbalance_price,Short,2026-09-10T05:37:38Z
2026-09-10T05:27:20Z,2026-09-10T07:27:20+0200,e53564bb-6d21-4766-a388-6e59f102773f,2026-09-05T13:30:00Z,2026-09-05T15:30:00+0200,110.95,EUR/MWh,PT,PT,imbalance_price,Long,2026-09-10T05:37:38Z
2026-09-10T05:27:20Z,2026-09-10T07:27:20+0200,e53564bb-6d21-4766-a388-6e59f102773f,2026-09-05T13:30:00Z,2026-09-05T15:30:00+0200,110.95,EUR/MWh,PT,PT,imbalance_price,Short,2026-09-10T05:37:38Z
2026-09-10T05:27:20Z,2026-09-10T07:27:20+0200,e53564bb-6d21-4766-a388-6e59f102773f,2026-09-05T13:45:00Z,2026-09-05T15:45:00+0200,51.21,EUR/MWh,PT,PT,imbalance_price,Long,2026-09-10T05:37:38Z
2026-09-10T05:27:20Z,2026-09-10T07:27:20+0200,e53564bb-6d21-4766-a388-6e59f102773f,2026-09-05T13:45:00Z,2026-09-05T15:45:00+0200,51.21,EUR/MWh,PT,PT,imbalance_price,Short,2026-09-10T05:37:38Z
2026-09-10T05:27:20Z,2026-09-10T07:27:20+0200,e53564bb-6d21-4766-a388-6e59f102773f,2026-09-05T14:00:00Z,2026-09-05T16:00:00+0200,6.0,EUR/MWh,PT,PT,imbalance_price,Long,2026-09-10T05:37:38Z
2026-09-10T05:27:20Z,2026-09-10T07:27:20+0200,e53564bb-6d21-4766-a388-6e59f102773f,2026-09-05T14:00:00Z,2026-09-05T16:00:00+0200,6.0,EUR/MWh,PT,PT,imbalance_price,Short,2026-09-10T05:37:38Z
2026-09-10T05:27:20Z,2026-09-10T07:27:20+0200,e53564bb-6d21-4766-a388-6e59f102773f,2026-09-05T14:15:00Z,2026-09-05T16:15:00+0200,77.93,EUR/MWh,PT,PT,imbalance_price,Long,2026-09-10T05:37:38Z
2026-09-10T05:27:20Z,2026-09-10T07:27:20+0200,e53564bb-6d21-4766-a388-6e59f102773f,2026-09-05T14:15:00Z,2026-09-05T16:15:00+0200,77.93,EUR/MWh,PT,PT,imbalance_price,Short,2026-09-10T05:37:38Z
2026-09-10T05:27:20Z,2026-09-10T07:27:20+0200,e53564bb-6d21-4766-a388-6e59f102773f,2026-09-05T14:30:00Z,2026-09-05T16:30:00+0200,20.53,EUR/MWh,PT,PT,imbalance_price,Long,2026-09-10T05:37:38Z
2026-09-10T05:27:20Z,2026-09-10T07:27:20+0200,e53564bb-6d21-4766-a388-6e59f102773f,2026-09-05T14:30:00Z,2026-09-05T16:30:00+0200,20.53,EUR/MWh,PT,PT,imbalance_price,Short,2026-09-10T05:37:38Z
2026-09-10T05:27:20Z,2026-09-10T07:27:20+0200,e53564bb-6d21-4766-a388-6e59f102773f,2026-09-05T14:45:00Z,2026-09-05T16:45:00+0200,136.01,EUR/MWh,PT,PT,imbalance_price,Long,2026-09-10T05:37:38Z
2026-09-10T05:27:20Z,2026-09-10T07:27:20+0200,e53564bb-6d21-4766-a388-6e59f102773f,2026-09-05T14:45:00Z,2026-09-05T16:45:00+0200,136.01,EUR/MWh,PT,PT,imbalance_price,Short,2026-09-10T05:37:38Z
2026-09-10T05:27:20Z,2026-09-10T07:27:20+0200,e53564bb-6d21-4766-a388-6e59f102773f,2026-09-05T15:00:00Z,2026-09-05T17:00:00+0200,0.16,EUR/MWh,PT,PT,imbalance_price,Long,2026-09-10T05:37:38Z
2026-09-10T05:27:20Z,2026-09-10T07:27:20+0200,e53564bb-6d21-4766-a388-6e59f102773f,2026-09-05T15:00:00Z,2026-09-05T17:00:00+0200,0.16,EUR/MWh,PT,PT,imbalance_price,Short,2026-09-10T05:37:38Z
2026-09-10T05:27:20Z,2026-09-10T07:27:20+0200,e53564bb-6d21-4766-a388-6e59f102773f,2026-09-05T15:15:00Z,2026-09-05T17:15:00+0200,2.25,EUR/MWh,PT,PT,imbalance_price,Long,2026-09-10T05:37:38Z
2026-09-10T05:27:20Z,2026-09-10T07:27:20+0200,e53564bb-6d21-4766-a388-6e59f102773f,2026-09-05T15:15:00Z,2026-09-05T17:15:00+0200,2.25,EUR/MWh,PT,PT,imbalance_price,Short,2026-09-10T05:37:38Z
2026-09-10T05:27:20Z,2026-09-10T07:27:20+0200,e53564bb-6d21-4766-a388-6e59f102773f,2026-09-05T15:30:00Z,2026-09-05T17:30:00+0200,-3.0,EUR/MWh,PT,PT,imbalance_price,Long,2026-09-10T05:37:38Z
2026-09-10T05:27:20Z,2026-09-10T07:27:20+0200,e53564bb-6d21-4766-a388-6e59f102773f,2026-09-05T15:30:00Z,2026-09-05T17:30:00+0200,-3.0,EUR/MWh,PT,PT,imbalance_price,Short,2026-09-10T05:37:38Z
2026-09-10T05:27:20Z,2026-09-10T07:27:20+0200,e53564bb-6d21-4766-a388-6e59f102773f,2026-09-05T15:45:00Z,2026-09-05T17:45:00+0200,50.0,EUR/MWh,PT,PT,imbalance_price,Long,2026-09-10T05:37:38Z
2026-09-10T05:27:20Z,2026-09-10T07:27:20+0200,e53564bb-6d21-4766-a388-6e59f102773f,2026-09-05T15:45:00Z,2026-09-05T17:45:00+0200,209.0,EUR/MWh,PT,PT,imbalance_price,Short,2026-09-10T05:37:38Z
2026-09-10T05:27:20Z,2026-09-10T07:27:20+0200,e53564bb-6d21-4766-a388-6e59f102773f,2026-09-05T16:00:00Z,2026-09-05T18:00:00+0200,-1.92,EUR/MWh,PT,PT,imbalance_price,Long,2026-09-10T05:37:38Z
2026-09-10T05:27:20Z,2026-09-10T07:27:20+0200,e53564bb-6d21-4766-a388-6e59f102773f,2026-09-05T16:00:00Z,2026-09-05T18:00:00+0200,209.0,EUR/MWh,PT,PT,imbalance_price,Short,2026-09-10T05:37:38Z
2026-09-10T05:27:20Z,2026-09-10T07:27:20+0200,e53564bb-6d21-4766-a388-6e59f102773f,2026-09-05T16:15:00Z,2026-09-05T18:15:00+0200,154.16,EUR/MWh,PT,PT,imbalance_price,Long,2026-09-10T05:37:38Z
2026-09-10T05:27:20Z,2026-09-10T07:27:20+0200,e53564bb-6d21-4766-a388-6e59f102773f,2026-09-05T16:15:00Z,2026-09-05T18:15:00+0200,218.17,EUR/MWh,PT,PT,imbalance_price,Short,2026-09-10T05:37:38Z
2026-09-10T05:27:20Z,2026-09-10T07:27:20+0200,e53564bb-6d21-4766-a388-6e59f102773f,2026-09-05T16:30:00Z,2026-09-05T18:30:00+0200,167.19,EUR/MWh,PT,PT,imbalance_price,Long,2026-09-10T05:37:38Z
2026-09-10T05:27:20Z,2026-09-10T07:27:20+0200,e53564bb-6d21-4766-a388-6e59f102773f,2026-09-05T16:30:00Z,2026-09-05T18:30:00+0200,218.17,EUR/MWh,PT,PT,imbalance_price,Short,2026-09-10T05:37:38Z
2026-09-10T05:27:20Z,2026-09-10T07:27:20+0200,e53564bb-6d21-4766-a388-6e59f102773f,2026-09-05T16:45:00Z,2026-09-05T18:45:00+0200,170.84,EUR/MWh,PT,PT,imbalance_price,Long,2026-09-10T05:37:38Z
2026-09-10T05:27:20Z,2026-09-10T07:27:20+0200,e53564bb-6d21-4766-a388-6e59f102773f,2026-09-05T16:45:00Z,2026-09-05T18:45:00+0200,220.75,EUR/MWh,PT,PT,imbalance_price,Short,2026-09-10T05:37:38Z
2026-09-10T05:27:20Z,2026-09-10T07:27:20+0200,e53564bb-6d21-4766-a388-6e59f102773f,2026-09-05T17:00:00Z,2026-09-05T19:00:00+0200,163.69,EUR/MWh,PT,PT,imbalance_price,Long,2026-09-10T05:37:38Z
2026-09-10T05:27:20Z,2026-09-10T07:27:20+0200,e53564bb-6d21-4766-a388-6e59f102773f,2026-09-05T17:00:00Z,2026-09-05T19:00:00+0200,175.53,EUR/MWh,PT,PT,imbalance_price,Short,2026-09-10T05:37:38Z
2026-09-10T05:27:20Z,2026-09-10T07:27:20+0200,e53564bb-6d21-4766-a388-6e59f102773f,2026-09-05T17:15:00Z,2026-09-05T19:15:00+0200,201.08,EUR/MWh,PT,PT,imbalance_price,Long,2026-09-10T05:37:38Z
2026-09-10T05:27:20Z,2026-09-10T07:27:20+0200,e53564bb-6d21-4766-a388-6e59f102773f,2026-09-05T17:15:00Z,2026-09-05T19:15:00+0200,201.08,EUR/MWh,PT,PT,imbalance_price,Short,2026-09-10T05:37:38Z
2026-09-10T05:27:20Z,2026-09-10T07:27:20+0200,e53564bb-6d21-4766-a388-6e59f102773f,2026-09-05T17:30:00Z,2026-09-05T19:30:00+0200,228.95,EUR/MWh,PT,PT,imbalance_price,Long,2026-09-10T05:37:38Z
2026-09-10T05:27:20Z,2026-09-10T07:27:20+0200,e53564bb-6d21-4766-a388-6e59f102773f,2026-09-05T17:30:00Z,2026-09-05T19:30:00+0200,228.95,EUR/MWh,PT,PT,imbalance_price,Short,2026-09-10T05:37:38Z
2026-09-10T05:27:20Z,2026-09-10T07:27:20+0200,e53564bb-6d21-4766-a388-6e59f102773f,2026-09-05T17:45:00Z,2026-09-05T19:45:00+0200,226.99,EUR/MWh,PT,PT,imbalance_price,Long,2026-09-10T05:37:38Z
2026-09-10T05:27:20Z,2026-09-10T07:27:20+0200,e53564bb-6d21-4766-a388-6e59f102773f,2026-09-05T17:45:00Z,2026-09-05T19:45:00+0200,226.99,EUR/MWh,PT,PT,imbalance_price,Short,2026-09-10T05:37:38Z
2026-09-10T05:27:20Z,2026-09-10T07:27:20+0200,e53564bb-6d21-4766-a388-6e59f102773f,2026-09-05T18:00:00Z,2026-09-05T20:00:00+0200,198.39,EUR/MWh,PT,PT,imbalance_price,Long,2026-09-10T05:37:38Z
2026-09-10T05:27:20Z,2026-09-10T07:27:20+0200,e53564bb-6d21-4766-a388-6e59f102773f,2026-09-05T18:00:00Z,2026-09-05T20:00:00+0200,198.39,EUR/MWh,PT,PT,imbalance_price,Short,2026-09-10T05:37:38Z
2026-09-10T05:27:20Z,2026-09-10T07:27:20+0200,e53564bb-6d21-4766-a388-6e59f102773f,2026-09-05T18:15:00Z,2026-09-05T20:15:00+0200,203.81,EUR/MWh,PT,PT,imbalance_price,Long,2026-09-10T05:37:38Z
2026-09-10T05:27:20Z,2026-09-10T07:27:20+0200,e53564bb-6d21-4766-a388-6e59f102773f,2026-09-05T18:15:00Z,2026-09-05T20:15:00+0200,203.81,EUR/MWh,PT,PT,imbalance_price,Short,2026-09-10T05:37:38Z
2026-09-10T05:27:20Z,2026-09-10T07:27:20+0200,e53564bb-6d21-4766-a388-6e59f102773f,2026-09-05T18:30:00Z,2026-09-05T20:30:00+0200,243.43,EUR/MWh,PT,PT,imbalance_price,Long,2026-09-10T05:37:38Z
2026-09-10T05:27:20Z,2026-09-10T07:27:20+0200,e53564bb-6d21-4766-a388-6e59f102773f,2026-09-05T18:30:00Z,2026-09-05T20:30:00+0200,243.43,EUR/MWh,PT,PT,imbalance_price,Short,2026-09-10T05:37:38Z
2026-09-10T05:27:20Z,2026-09-10T07:27:20+0200,e53564bb-6d21-4766-a388-6e59f102773f,2026-09-05T18:45:00Z,2026-09-05T20:45:00+0200,247.69,EUR/MWh,PT,PT,imbalance_price,Long,2026-09-10T05:37:38Z
2026-09-10T05:27:20Z,2026-09-10T07:27:20+0200,e53564bb-6d21-4766-a388-6e59f102773f,2026-09-05T18:45:00Z,2026-09-05T20:45:00+0200,247.69,EUR/MWh,PT,PT,imbalance_price,Short,2026-09-10T05:37:38Z
2026-09-10T05:27:20Z,2026-09-10T07:27:20+0200,e53564bb-6d21-4766-a388-6e59f102773f,2026-09-05T19:00:00Z,2026-09-05T21:00:00+0200,251.15,EUR/MWh,PT,PT,imbalance_price,Long,2026-09-10T05:37:38Z
2026-09-10T05:27:20Z,2026-09-10T07:27:20+0200,e53564bb-6d21-4766-a388-6e59f102773f,2026-09-05T19:00:00Z,2026-09-05T21:00:00+0200,251.15,EUR/MWh,PT,PT,imbalance_price,Short,2026-09-10T05:37:38Z
2026-09-10T05:27:20Z,2026-09-10T07:27:20+0200,e53564bb-6d21-4766-a388-6e59f102773f,2026-09-05T19:15:00Z,2026-09-05T21:15:00+0200,253.55,EUR/MWh,PT,PT,imbalance_price,Long,2026-09-10T05:37:38Z
2026-09-10T05:27:20Z,2026-09-10T07:27:20+0200,e53564bb-6d21-4766-a388-6e59f102773f,2026-09-05T19:15:00Z,2026-09-05T21:15:00+0200,253.55,EUR/MWh,PT,PT,imbalance_price,Short,2026-09-10T05:37:38Z
2026-09-10T05:27:20Z,2026-09-10T07:27:20+0200,e53564bb-6d21-4766-a388-6e59f102773f,2026-09-05T19:30:00Z,2026-09-05T21:30:00+0200,255.53,EUR/MWh,PT,PT,imbalance_price,Long,2026-09-10T05:37:38Z
2026-09-10T05:27:20Z,2026-09-10T07:27:20+0200,e53564bb-6d21-4766-a388-6e59f102773f,2026-09-05T19:30:00Z,2026-09-05T21:30:00+0200,255.53,EUR/MWh,PT,PT,imbalance_price,Short,2026-09-10T05:37:38Z
2026-09-10T05:27:20Z,2026-09-10T07:27:20+0200,e53564bb-6d21-4766-a388-6e59f102773f,2026-09-05T19:45:00Z,2026-09-05T21:45:00+0200,252.17,EUR/MWh,PT,PT,imbalance_price,Long,2026-09-10T05:37:38Z
2026-09-10T05:27:20Z,2026-09-10T07:27:20+0200,e53564bb-6d21-4766-a388-6e59f102773f,2026-09-05T19:45:00Z,2026-09-05T21:45:00+0200,252.17,EUR/MWh,PT,PT,imbalance_price,Short,2026-09-10T05:37:38Z
2026-09-10T05:27:20Z,2026-09-10T07:27:20+0200,e53564bb-6d21-4766-a388-6e59f102773f,2026-09-05T20:00:00Z,2026-09-05T22:00:00+0200,217.91,EUR/MWh,PT,PT,imbalance_price,Long,2026-09-10T05:37:38Z
2026-09-10T05:27:20Z,2026-09-10T07:27:20+0200,e53564bb-6d21-4766-a388-6e59f102773f,2026-09-05T20:00:00Z,2026-09-05T22:00:00+0200,217.91,EUR/MWh,PT,PT,imbalance_price,Short,2026-09-10T05:37:38Z
2026-09-10T05:27:20Z,2026-09-10T07:27:20+0200,e53564bb-6d21-4766-a388-6e59f102773f,2026-09-05T20:15:00Z,2026-09-05T22:15:00+0200,224.2,EUR/MWh,PT,PT,imbalance_price,Long,2026-09-10T05:37:38Z
2026-09-10T05:27:20Z,2026-09-10T07:27:20+0200,e53564bb-6d21-4766-a388-6e59f102773f,2026-09-05T20:15:00Z,2026-09-05T22:15:00+0200,224.2,EUR/MWh,PT,PT,imbalance_price,Short,2026-09-10T05:37:38Z
2026-09-10T05:27:20Z,2026-09-10T07:27:20+0200,e53564bb-6d21-4766-a388-6e59f102773f,2026-09-05T20:30:00Z,2026-09-05T22:30:00+0200,229.8,EUR/MWh,PT,PT,imbalance_price,Long,2026-09-10T05:37:38Z
2026-09-10T05:27:20Z,2026-09-10T07:27:20+0200,e53564bb-6d21-4766-a388-6e59f102773f,2026-09-05T20:30:00Z,2026-09-05T22:30:00+0200,229.8,EUR/MWh,PT,PT,imbalance_price,Short,2026-09-10T05:37:38Z
2026-09-10T05:27:20Z,2026-09-10T07:27:20+0200,e53564bb-6d21-4766-a388-6e59f102773f,2026-09-05T20:45:00Z,2026-09-05T22:45:00+0200,221.11,EUR/MWh,PT,PT,imbalance_price,Long,2026-09-10T05:37:38Z
2026-09-10T05:27:20Z,2026-09-10T07:27:20+0200,e53564bb-6d21-4766-a388-6e59f102773f,2026-09-05T20:45:00Z,2026-09-05T22:45:00+0200,221.11,EUR/MWh,PT,PT,imbalance_price,Short,2026-09-10T05:37:38Z
2026-09-10T05:27:20Z,2026-09-10T07:27:20+0200,e53564bb-6d21-4766-a388-6e59f102773f,2026-09-05T21:00:00Z,2026-09-05T23:00:00+0200,220.99,EUR/MWh,PT,PT,imbalance_price,Long,2026-09-10T05:37:38Z
2026-09-10T05:27:20Z,2026-09-10T07:27:20+0200,e53564bb-6d21-4766-a388-6e59f102773f,2026-09-05T21:00:00Z,2026-09-05T23:00:00+0200,220.99,EUR/MWh,PT,PT,imbalance_price,Short,2026-09-10T05:37:38Z
2026-09-10T05:27:20Z,2026-09-10T07:27:20+0200,e53564bb-6d21-4766-a388-6e59f102773f,2026-09-05T21:15:00Z,2026-09-05T23:15:00+0200,203.22,EUR/MWh,PT,PT,imbalance_price,Long,2026-09-10T05:37:38Z
2026-09-10T05:27:20Z,2026-09-10T07:27:20+0200,e53564bb-6d21-4766-a388-6e59f102773f,2026-09-05T21:15:00Z,2026-09-05T23:15:00+0200,203.22,EUR/MWh,PT,PT,imbalance_price,Short,2026-09-10T05:37:38Z
2026-09-10T05:27:20Z,2026-09-10T07:27:20+0200,e53564bb-6d21-4766-a388-6e59f102773f,2026-09-05T21:30:00Z,2026-09-05T23:30:00+0200,203.34,EUR/MWh,PT,PT,imbalance_price,Long,2026-09-10T05:37:38Z
2026-09-10T05:27:20Z,2026-09-10T07:27:20+0200,e53564bb-6d21-4766-a388-6e59f102773f,2026-09-05T21:30:00Z,2026-09-05T23:30:00+0200,203.34,EUR/MWh,PT,PT,imbalance_price,Short,2026-09-10T05:37:38Z
2026-09-10T05:27:20Z,2026-09-10T07:27:20+0200,e53564bb-6d21-4766-a388-6e59f102773f,2026-09-05T21:45:00Z,2026-09-05T23:45:00+0200,197.82,EUR/MWh,PT,PT,imbalance_price,Long,2026-09-10T05:37:38Z
2026-09-10T05:27:20Z,2026-09-10T07:27:20+0200,e53564bb-6d21-4766-a388-6e59f102773f,2026-09-05T21:45:00Z,2026-09-05T23:45:00+0200,197.82,EUR/MWh,PT,PT,imbalance_price,Short,2026-09-10T05:37:38Z
2026-09-10T05:27:20Z,2026-09-10T07:27:20+0200,e53564bb-6d21-4766-a388-6e59f102773f,2026-09-05T22:00:00Z,2026-09-06T00:00:00+0200,217.63,EUR/MWh,PT,PT,imbalance_price,Long,2026-09-10T05:37:38Z
2026-09-10T05:27:20Z,2026-09-10T07:27:20+0200,e53564bb-6d21-4766-a388-6e59f102773f,2026-09-05T22:00:00Z,2026-09-06T00:00:00+0200,217.63,EUR/MWh,PT,PT,imbalance_price,Short,2026-09-10T05:37:38Z
2026-09-10T05:27:20Z,2026-09-10T07:27:20+0200,e53564bb-6d21-4766-a388-6e59f102773f,2026-09-05T22:15:00Z,2026-09-06T00:15:00+0200,213.31,EUR/MWh,PT,PT,imbalance_price,Long,2026-09-10T05:37:38Z
2026-09-10T05:27:20Z,2026-09-10T07:27:20+0200,e53564bb-6d21-4766-a388-6e59f102773f,2026-09-05T22:15:00Z,2026-09-06T00:15:00+0200,213.31,EUR/MWh,PT,PT,imbalance_price,Short,2026-09-10T05:37:38Z
2026-09-10T05:27:20Z,2026-09-10T07:27:20+0200,e53564bb-6d21-4766-a388-6e59f102773f,2026-09-05T22:30:00Z,2026-09-06T00:30:00+0200,205.41,EUR/MWh,PT,PT,imbalance_price,Long,2026-09-10T05:37:38Z
2026-09-10T05:27:20Z,2026-09-10T07:27:20+0200,e53564bb-6d21-4766-a388-6e59f102773f,2026-09-05T22:30:00Z,2026-09-06T00:30:00+0200,205.41,EUR/MWh,PT,PT,imbalance_price,Short,2026-09-10T05:37:38Z
2026-09-10T05:27:20Z,2026-09-10T07:27:20+0200,e53564bb-6d21-4766-a388-6e59f102773f,2026-09-05T22:45:00Z,2026-09-06T00:45:00+0200,192.86,EUR/MWh,PT,PT,imbalance_price,Long,2026-09-10T05:37:38Z
2026-09-10T05:27:20Z,2026-09-10T07:27:20+0200,e53564bb-6d21-4766-a388-6e59f102773f,2026-09-05T22:45:00Z,2026-09-06T00:45:00+0200,192.86,EUR/MWh,PT,PT,imbalance_price,Short,2026-09-10T05:37:38Z
2026-09-10T05:27:20Z,2026-09-10T07:27:20+0200,e53564bb-6d21-4766-a388-6e59f102773f,2026-09-05T23:00:00Z,2026-09-06T01:00:00+0200,184.77,EUR/MWh,PT,PT,imbalance_price,Long,2026-09-10T05:37:38Z
2026-09-10T05:27:20Z,2026-09-10T07:27:20+0200,e53564bb-6d21-4766-a388-6e59f102773f,2026-09-05T23:00:00Z,2026-09-06T01:00:00+0200,184.77,EUR/MWh,PT,PT,imbalance_price,Short,2026-09-10T05:37:38Z
2026-09-10T05:27:20Z,2026-09-10T07:27:20+0200,e53564bb-6d21-4766-a388-6e59f102773f,2026-09-05T23:15:00Z,2026-09-06T01:15:00+0200,166.29,EUR/MWh,PT,PT,imbalance_price,Long,2026-09-10T05:37:38Z
2026-09-10T05:27:20Z,2026-09-10T07:27:20+0200,e53564bb-6d21-4766-a388-6e59f102773f,2026-09-05T23:15:00Z,2026-09-06T01:15:00+0200,181.8,EUR/MWh,PT,PT,imbalance_price,Short,2026-09-10T05:37:38Z
2026-09-10T05:27:20Z,2026-09-10T07:27:20+0200,e53564bb-6d21-4766-a388-6e59f102773f,2026-09-05T23:30:00Z,2026-09-06T01:30:00+0200,182.69,EUR/MWh,PT,PT,imbalance_price,Long,2026-09-10T05:37:38Z
2026-09-10T05:27:20Z,2026-09-10T07:27:20+0200,e53564bb-6d21-4766-a388-6e59f102773f,2026-09-05T23:30:00Z,2026-09-06T01:30:00+0200,182.69,EUR/MWh,PT,PT,imbalance_price,Short,2026-09-10T05:37:38Z
2026-09-10T05:27:20Z,2026-09-10T07:27:20+0200,e53564bb-6d21-4766-a388-6e59f102773f,2026-09-05T23:45:00Z,2026-09-06T01:45:00+0200,186.07,EUR/MWh,PT,PT,imbalance_price,Long,2026-09-10T05:37:38Z
2026-09-10T05:27:20Z,2026-09-10T07:27:20+0200,e53564bb-6d21-4766-a388-6e59f102773f,2026-09-05T23:45:00Z,2026-09-06T01:45:00+0200,186.07,EUR/MWh,PT,PT,imbalance_price,Short,2026-09-10T05:37:38Z
2026-09-10T05:27:20Z,2026-09-10T07:27:20+0200,e53564bb-6d21-4766-a388-6e59f102773f,2026-09-06T00:00:00Z,2026-09-06T02:00:00+0200,187.76,EUR/MWh,PT,PT,imbalance_price,Long,2026-09-10T05:37:38Z
2026-09-10T05:27:20Z,2026-09-10T07:27:20+0200,e53564bb-6d21-4766-a388-6e59f102773f,2026-09-06T00:00:00Z,2026-09-06T02:00:00+0200,187.76,EUR/MWh,PT,PT,imbalance_price,Short,2026-09-10T05:37:38Z
2026-09-10T05:27:20Z,2026-09-10T07:27:20+0200,e53564bb-6d21-4766-a388-6e59f102773f,2026-09-06T00:15:00Z,2026-09-06T02:15:00+0200,191.71,EUR/MWh,PT,PT,imbalance_price,Long,2026-09-10T05:37:38Z
2026-09-10T05:27:20Z,2026-09-10T07:27:20+0200,e53564bb-6d21-4766-a388-6e59f102773f,2026-09-06T00:15:00Z,2026-09-06T02:15:00+0200,191.71,EUR/MWh,PT,PT,imbalance_price,Short,2026-09-10T05:37:38Z
2026-09-10T05:27:20Z,2026-09-10T07:27:20+0200,e53564bb-6d21-4766-a388-6e59f102773f,2026-09-06T00:30:00Z,2026-09-06T02:30:00+0200,198.99,EUR/MWh,PT,PT,imbalance_price,Long,2026-09-10T05:37:38Z
2026-09-10T05:27:20Z,2026-09-10T07:27:20+0200,e53564bb-6d21-4766-a388-6e59f102773f,2026-09-06T00:30:00Z,2026-09-06T02:30:00+0200,198.99,EUR/MWh,PT,PT,imbalance_price,Short,2026-09-10T05:37:38Z
2026-09-10T05:27:20Z,2026-09-10T07:27:20+0200,e53564bb-6d21-4766-a388-6e59f102773f,2026-09-06T00:45:00Z,2026-09-06T02:45:00+0200,190.31,EUR/MWh,PT,PT,imbalance_price,Long,2026-09-10T05:37:38Z
2026-09-10T05:27:20Z,2026-09-10T07:27:20+0200,e53564bb-6d21-4766-a388-6e59f102773f,2026-09-06T00:45:00Z,2026-09-06T02:45:00+0200,190.31,EUR/MWh,PT,PT,imbalance_price,Short,2026-09-10T05:37:38Z
2026-09-10T05:27:20Z,2026-09-10T07:27:20+0200,e53564bb-6d21-4766-a388-6e59f102773f,2026-09-06T01:00:00Z,2026-09-06T03:00:00+0200,159.6,EUR/MWh,PT,PT,imbalance_price,Long,2026-09-10T05:37:38Z
2026-09-10T05:27:20Z,2026-09-10T07:27:20+0200,e53564bb-6d21-4766-a388-6e59f102773f,2026-09-06T01:00:00Z,2026-09-06T03:00:00+0200,183.04,EUR/MWh,PT,PT,imbalance_price,Short,2026-09-10T05:37:38Z
2026-09-10T05:27:20Z,2026-09-10T07:27:20+0200,e53564bb-6d21-4766-a388-6e59f102773f,2026-09-06T01:15:00Z,2026-09-06T03:15:00+0200,160.33,EUR/MWh,PT,PT,imbalance_price,Long,2026-09-10T05:37:38Z
2026-09-10T05:27:20Z,2026-09-10T07:27:20+0200,e53564bb-6d21-4766-a388-6e59f102773f,2026-09-06T01:15:00Z,2026-09-06T03:15:00+0200,180.81,EUR/MWh,PT,PT,imbalance_price,Short,2026-09-10T05:37:38Z
2026-09-10T05:27:20Z,2026-09-10T07:27:20+0200,e53564bb-6d21-4766-a388-6e59f102773f,2026-09-06T01:30:00Z,2026-09-06T03:30:00+0200,161.7,EUR/MWh,PT,PT,imbalance_price,Long,2026-09-10T05:37:38Z
2026-09-10T05:27:20Z,2026-09-10T07:27:20+0200,e53564bb-6d21-4766-a388-6e59f102773f,2026-09-06T01:30:00Z,2026-09-06T03:30:00+0200,161.7,EUR/MWh,PT,PT,imbalance_price,Short,2026-09-10T05:37:38Z
2026-09-10T05:27:20Z,2026-09-10T07:27:20+0200,e53564bb-6d21-4766-a388-6e59f102773f,2026-09-06T01:45:00Z,2026-09-06T03:45:00+0200,176.46,EUR/MWh,PT,PT,imbalance_price,Long,2026-09-10T05:37:38Z
2026-09-10T05:27:20Z,2026-09-10T07:27:20+0200,e53564bb-6d21-4766-a388-6e59f102773f,2026-09-06T01:45:00Z,2026-09-06T03:45:00+0200,241.73,EUR/MWh,PT,PT,imbalance_price,Short,2026-09-10T05:37:38Z
2026-09-10T05:27:20Z,2026-09-10T07:27:20+0200,e53564bb-6d21-4766-a388-6e59f102773f,2026-09-06T02:00:00Z,2026-09-06T04:00:00+0200,208.73,EUR/MWh,PT,PT,imbalance_price,Long,2026-09-10T05:37:38Z
2026-09-10T05:27:20Z,2026-09-10T07:27:20+0200,e53564bb-6d21-4766-a388-6e59f102773f,2026-09-06T02:00:00Z,2026-09-06T04:00:00+0200,208.73,EUR/MWh,PT,PT,imbalance_price,Short,2026-09-10T05:37:38Z
2026-09-10T05:27:20Z,2026-09-10T07:27:20+0200,e53564bb-6d21-4766-a388-6e59f102773f,2026-09-06T02:15:00Z,2026-09-06T04:15:00+0200,185.38,EUR/MWh,PT,PT,imbalance_price,Long,2026-09-10T05:37:38Z
2026-09-10T05:27:20Z,2026-09-10T07:27:20+0200,e53564bb-6d21-4766-a388-6e59f102773f,2026-09-06T02:15:00Z,2026-09-06T04:15:00+0200,185.38,EUR/MWh,PT,PT,imbalance_price,Short,2026-09-10T05:37:38Z
2026-09-10T05:27:20Z,2026-09-10T07:27:20+0200,e53564bb-6d21-4766-a388-6e59f102773f,2026-09-06T02:30:00Z,2026-09-06T04:30:00+0200,189.73,EUR/MWh,PT,PT,imbalance_price,Long,2026-09-10T05:37:38Z
2026-09-10T05:27:20Z,2026-09-10T07:27:20+0200,e53564bb-6d21-4766-a388-6e59f102773f,2026-09-06T02:30:00Z,2026-09-06T04:30:00+0200,189.73,EUR/MWh,PT,PT,imbalance_price,Short,2026-09-10T05:37:38Z
2026-09-10T05:27:20Z,2026-09-10T07:27:20+0200,e53564bb-6d21-4766-a388-6e59f102773f,2026-09-06T02:45:00Z,2026-09-06T04:45:00+0200,198.17,EUR/MWh,PT,PT,imbalance_price,Long,2026-09-10T05:37:38Z
2026-09-10T05:27:20Z,2026-09-10T07:27:20+0200,e53564bb-6d21-4766-a388-6e59f102773f,2026-09-06T02:45:00Z,2026-09-06T04:45:00+0200,198.17,EUR/MWh,PT,PT,imbalance_price,Short,2026-09-10T05:37:38Z
2026-09-10T05:27:20Z,2026-09-10T07:27:20+0200,e53564bb-6d21-4766-a388-6e59f102773f,2026-09-06T03:00:00Z,2026-09-06T05:00:00+0200,184.62,EUR/MWh,PT,PT,imbalance_price,Long,2026-09-10T05:37:38Z
2026-09-10T05:27:20Z,2026-09-10T07:27:20+0200,e53564bb-6d21-4766-a388-6e59f102773f,2026-09-06T03:00:00Z,2026-09-06T05:00:00+0200,184.62,EUR/MWh,PT,PT,imbalance_price,Short,2026-09-10T05:37:38Z
2026-09-10T05:27:20Z,2026-09-10T07:27:20+0200,e53564bb-6d21-4766-a388-6e59f102773f,2026-09-06T03:15:00Z,2026-09-06T05:15:00+0200,184.67,EUR/MWh,PT,PT,imbalance_price,Long,2026-09-10T05:37:38Z
2026-09-10T05:27:20Z,2026-09-10T07:27:20+0200,e53564bb-6d21-4766-a388-6e59f102773f,2026-09-06T03:15:00Z,2026-09-06T05:15:00+0200,184.67,EUR/MWh,PT,PT,imbalance_price,Short,2026-09-10T05:37:38Z
2026-09-10T05:27:20Z,2026-09-10T07:27:20+0200,e53564bb-6d21-4766-a388-6e59f102773f,2026-09-06T03:30:00Z,2026-09-06T05:30:00+0200,189.02,EUR/MWh,PT,PT,imbalance_price,Long,2026-09-10T05:37:38Z
2026-09-10T05:27:20Z,2026-09-10T07:27:20+0200,e53564bb-6d21-4766-a388-6e59f102773f,2026-09-06T03:30:00Z,2026-09-06T05:30:00+0200,189.02,EUR/MWh,PT,PT,imbalance_price,Short,2026-09-10T05:37:38Z
2026-09-10T05:27:20Z,2026-09-10T07:27:20+0200,e53564bb-6d21-4766-a388-6e59f102773f,2026-09-06T03:45:00Z,2026-09-06T05:45:00+0200,182.19,EUR/MWh,PT,PT,imbalance_price,Long,2026-09-10T05:37:38Z
2026-09-10T05:27:20Z,2026-09-10T07:27:20+0200,e53564bb-6d21-4766-a388-6e59f102773f,2026-09-06T03:45:00Z,2026-09-06T05:45:00+0200,182.19,EUR/MWh,PT,PT,imbalance_price,Short,2026-09-10T05:37:38Z
2026-09-10T05:27:20Z,2026-09-10T07:27:20+0200,e53564bb-6d21-4766-a388-6e59f102773f,2026-09-06T04:00:00Z,2026-09-06T06:00:00+0200,179.18,EUR/MWh,PT,PT,imbalance_price,Long,2026-09-10T05:37:38Z
2026-09-10T05:27:20Z,2026-09-10T07:27:20+0200,e53564bb-6d21-4766-a388-6e59f102773f,2026-09-06T04:00:00Z,2026-09-06T06:00:00+0200,179.18,EUR/MWh,PT,PT,imbalance_price,Short,2026-09-10T05:37:38Z
2026-09-10T05:27:20Z,2026-09-10T07:27:20+0200,e53564bb-6d21-4766-a388-6e59f102773f,2026-09-06T04:15:00Z,2026-09-06T06:15:00+0200,190.06,EUR/MWh,PT,PT,imbalance_price,Long,2026-09-10T05:37:38Z
2026-09-10T05:27:20Z,2026-09-10T07:27:20+0200,e53564bb-6d21-4766-a388-6e59f102773f,2026-09-06T04:15:00Z,2026-09-06T06:15:00+0200,190.06,EUR/MWh,PT,PT,imbalance_price,Short,2026-09-10T05:37:38Z
2026-09-10T05:27:20Z,2026-09-10T07:27:20+0200,e53564bb-6d21-4766-a388-6e59f102773f,2026-09-06T04:30:00Z,2026-09-06T06:30:00+0200,174.02,EUR/MWh,PT,PT,imbalance_price,Long,2026-09-10T05:37:38Z
2026-09-10T05:27:20Z,2026-09-10T07:27:20+0200,e53564bb-6d21-4766-a388-6e59f102773f,2026-09-06T04:30:00Z,2026-09-06T06:30:00+0200,174.02,EUR/MWh,PT,PT,imbalance_price,Short,2026-09-10T05:37:38Z
2026-09-10T05:27:20Z,2026-09-10T07:27:20+0200,e53564bb-6d21-4766-a388-6e59f102773f,2026-09-06T04:45:00Z,2026-09-06T06:45:00+0200,181.85,EUR/MWh,PT,PT,imbalance_price,Long,2026-09-10T05:37:38Z
2026-09-10T05:27:20Z,2026-09-10T07:27:20+0200,e53564bb-6d21-4766-a388-6e59f102773f,2026-09-06T04:45:00Z,2026-09-06T06:45:00+0200,181.85,EUR/MWh,PT,PT,imbalance_price,Short,2026-09-10T05:37:38Z
2026-09-10T05:27:20Z,2026-09-10T07:27:20+0200,e53564bb-6d21-4766-a388-6e59f102773f,2026-09-06T05:00:00Z,2026-09-06T07:00:00+0200,158.51,EUR/MWh,PT,PT,imbalance_price,Long,2026-09-10T05:37:38Z
2026-09-10T05:27:20Z,2026-09-10T07:27:20+0200,e53564bb-6d21-4766-a388-6e59f102773f,2026-09-06T05:00:00Z,2026-09-06T07:00:00+0200,193.59,EUR/MWh,PT,PT,imbalance_price,Short,2026-09-10T05:37:38Z
2026-09-10T05:27:20Z,2026-09-10T07:27:20+0200,e53564bb-6d21-4766-a388-6e59f102773f,2026-09-06T05:15:00Z,2026-09-06T07:15:00+0200,195.27,EUR/MWh,PT,PT,imbalance_price,Long,2026-09-10T05:37:38Z
2026-09-10T05:27:20Z,2026-09-10T07:27:20+0200,e53564bb-6d21-4766-a388-6e59f102773f,2026-09-06T05:15:00Z,2026-09-06T07:15:00+0200,195.27,EUR/MWh,PT,PT,imbalance_price,Short,2026-09-10T05:37:38Z
2026-09-10T05:27:20Z,2026-09-10T07:27:20+0200,e53564bb-6d21-4766-a388-6e59f102773f,2026-09-06T05:30:00Z,2026-09-06T07:30:00+0200,179.86,EUR/MWh,PT,PT,imbalance_price,Long,2026-09-10T05:37:38Z
2026-09-10T05:27:20Z,2026-09-10T07:27:20+0200,e53564bb-6d21-4766-a388-6e59f102773f,2026-09-06T05:30:00Z,2026-09-06T07:30:00+0200,179.86,EUR/MWh,PT,PT,imbalance_price,Short,2026-09-10T05:37:38Z
2026-09-10T05:27:20Z,2026-09-10T07:27:20+0200,e53564bb-6d21-4766-a388-6e59f102773f,2026-09-06T05:45:00Z,2026-09-06T07:45:00+0200,161.16,EUR/MWh,PT,PT,imbalance_price,Long,2026-09-10T05:37:38Z
2026-09-10T05:27:20Z,2026-09-10T07:27:20+0200,e53564bb-6d21-4766-a388-6e59f102773f,2026-09-06T05:45:00Z,2026-09-06T07:45:00+0200,201.47,EUR/MWh,PT,PT,imbalance_price,Short,2026-09-10T05:37:38Z
2026-09-10T05:27:20Z,2026-09-10T07:27:20+0200,e53564bb-6d21-4766-a388-6e59f102773f,2026-09-06T06:00:00Z,2026-09-06T08:00:00+0200,212.42,EUR/MWh,PT,PT,imbalance_price,Long,2026-09-10T05:37:38Z
2026-09-10T05:27:20Z,2026-09-10T07:27:20+0200,e53564bb-6d21-4766-a388-6e59f102773f,2026-09-06T06:00:00Z,2026-09-06T08:00:00+0200,212.42,EUR/MWh,PT,PT,imbalance_price,Short,2026-09-10T05:37:38Z
2026-09-10T05:27:20Z,2026-09-10T07:27:20+0200,e53564bb-6d21-4766-a388-6e59f102773f,2026-09-06T06:15:00Z,2026-09-06T08:15:00+0200,164.69,EUR/MWh,PT,PT,imbalance_price,Long,2026-09-10T05:37:38Z
2026-09-10T05:27:20Z,2026-09-10T07:27:20+0200,e53564bb-6d21-4766-a388-6e59f102773f,2026-09-06T06:15:00Z,2026-09-06T08:15:00+0200,164.86,EUR/MWh,PT,PT,imbalance_price,Short,2026-09-10T05:37:38Z
2026-09-10T05:27:20Z,2026-09-10T07:27:20+0200,e53564bb-6d21-4766-a388-6e59f102773f,2026-09-06T06:30:00Z,2026-09-06T08:30:00+0200,193.6,EUR/MWh,PT,PT,imbalance_price,Long,2026-09-10T05:37:38Z
2026-09-10T05:27:20Z,2026-09-10T07:27:20+0200,e53564bb-6d21-4766-a388-6e59f102773f,2026-09-06T06:30:00Z,2026-09-06T08:30:00+0200,193.6,EUR/MWh,PT,PT,imbalance_price,Short,2026-09-10T05:37:38Z
2026-09-10T05:27:20Z,2026-09-10T07:27:20+0200,e53564bb-6d21-4766-a388-6e59f102773f,2026-09-06T06:45:00Z,2026-09-06T08:45:00+0200,128.0,EUR/MWh,PT,PT,imbalance_price,Long,2026-09-10T05:37:38Z
2026-09-10T05:27:20Z,2026-09-10T07:27:20+0200,e53564bb-6d21-4766-a388-6e59f102773f,2026-09-06T06:45:00Z,2026-09-06T08:45:00+0200,162.6,EUR/MWh,PT,PT,imbalance_price,Short,2026-09-10T05:37:38Z
2026-09-10T05:27:20Z,2026-09-10T07:27:20+0200,e53564bb-6d21-4766-a388-6e59f102773f,2026-09-06T07:00:00Z,2026-09-06T09:00:00+0200,124.74,EUR/MWh,PT,PT,imbalance_price,Long,2026-09-10T05:37:38Z
2026-09-10T05:27:20Z,2026-09-10T07:27:20+0200,e53564bb-6d21-4766-a388-6e59f102773f,2026-09-06T07:00:00Z,2026-09-06T09:00:00+0200,176.4,EUR/MWh,PT,PT,imbalance_price,Short,2026-09-10T05:37:38Z
2026-09-10T05:27:20Z,2026-09-10T07:27:20+0200,e53564bb-6d21-4766-a388-6e59f102773f,2026-09-06T07:15:00Z,2026-09-06T09:15:00+0200,158.99,EUR/MWh,PT,PT,imbalance_price,Long,2026-09-10T05:37:38Z
2026-09-10T05:27:20Z,2026-09-10T07:27:20+0200,e53564bb-6d21-4766-a388-6e59f102773f,2026-09-06T07:15:00Z,2026-09-06T09:15:00+0200,158.99,EUR/MWh,PT,PT,imbalance_price,Short,2026-09-10T05:37:38Z
2026-09-10T05:27:20Z,2026-09-10T07:27:20+0200,e53564bb-6d21-4766-a388-6e59f102773f,2026-09-06T07:30:00Z,2026-09-06T09:30:00+0200,74.87,EUR/MWh,PT,PT,imbalance_price,Long,2026-09-10T05:37:38Z
2026-09-10T05:27:20Z,2026-09-10T07:27:20+0200,e53564bb-6d21-4766-a388-6e59f102773f,2026-09-06T07:30:00Z,2026-09-06T09:30:00+0200,158.99,EUR/MWh,PT,PT,imbalance_price,Short,2026-09-10T05:37:38Z
2026-09-10T05:27:20Z,2026-09-10T07:27:20+0200,e53564bb-6d21-4766-a388-6e59f102773f,2026-09-06T07:45:00Z,2026-09-06T09:45:00+0200,158.88,EUR/MWh,PT,PT,imbalance_price,Long,2026-09-10T05:37:38Z
2026-09-10T05:27:20Z,2026-09-10T07:27:20+0200,e53564bb-6d21-4766-a388-6e59f102773f,2026-09-06T07:45:00Z,2026-09-06T09:45:00+0200,158.88,EUR/MWh,PT,PT,imbalance_price,Short,2026-09-10T05:37:38Z
2026-09-10T05:27:20Z,2026-09-10T07:27:20+0200,e53564bb-6d21-4766-a388-6e59f102773f,2026-09-06T08:00:00Z,2026-09-06T10:00:00+0200,51.4,EUR/MWh,PT,PT,imbalance_price,Long,2026-09-10T05:37:38Z
2026-09-10T05:27:20Z,2026-09-10T07:27:20+0200,e53564bb-6d21-4766-a388-6e59f102773f,2026-09-06T08:00:00Z,2026-09-06T10:00:00+0200,51.4,EUR/MWh,PT,PT,imbalance_price,Short,2026-09-10T05:37:38Z
2026-09-10T05:27:20Z,2026-09-10T07:27:20+0200,e53564bb-6d21-4766-a388-6e59f102773f,2026-09-06T08:15:00Z,2026-09-06T10:15:00+0200,0.16,EUR/MWh,PT,PT,imbalance_price,Long,2026-09-10T05:37:38Z
2026-09-10T05:27:20Z,2026-09-10T07:27:20+0200,e53564bb-6d21-4766-a388-6e59f102773f,2026-09-06T08:15:00Z,2026-09-06T10:15:00+0200,1.39,EUR/MWh,PT,PT,imbalance_price,Short,2026-09-10T05:37:38Z
2026-09-10T05:27:20Z,2026-09-10T07:27:20+0200,e53564bb-6d21-4766-a388-6e59f102773f,2026-09-06T08:30:00Z,2026-09-06T10:30:00+0200,-0.5,EUR/MWh,PT,PT,imbalance_price,Long,2026-09-10T05:37:38Z
2026-09-10T05:27:20Z,2026-09-10T07:27:20+0200,e53564bb-6d21-4766-a388-6e59f102773f,2026-09-06T08:30:00Z,2026-09-06T10:30:00+0200,12.0,EUR/MWh,PT,PT,imbalance_price,Short,2026-09-10T05:37:38Z
2026-09-10T05:27:20Z,2026-09-10T07:27:20+0200,e53564bb-6d21-4766-a388-6e59f102773f,2026-09-06T08:45:00Z,2026-09-06T10:45:00+0200,-0.72,EUR/MWh,PT,PT,imbalance_price,Long,2026-09-10T05:37:38Z
2026-09-10T05:27:20Z,2026-09-10T07:27:20+0200,e53564bb-6d21-4766-a388-6e59f102773f,2026-09-06T08:45:00Z,2026-09-06T10:45:00+0200,2.17,EUR/MWh,PT,PT,imbalance_price,Short,2026-09-10T05:37:38Z
2026-09-10T05:27:20Z,2026-09-10T07:27:20+0200,e53564bb-6d21-4766-a388-6e59f102773f,2026-09-06T09:00:00Z,2026-09-06T11:00:00+0200,-0.49,EUR/MWh,PT,PT,imbalance_price,Long,2026-09-10T05:37:38Z
2026-09-10T05:27:20Z,2026-09-10T07:27:20+0200,e53564bb-6d21-4766-a388-6e59f102773f,2026-09-06T09:00:00Z,2026-09-06T11:00:00+0200,1.3,EUR/MWh,PT,PT,imbalance_price,Short,2026-09-10T05:37:38Z
2026-09-10T05:27:20Z,2026-09-10T07:27:20+0200,e53564bb-6d21-4766-a388-6e59f102773f,2026-09-06T09:15:00Z,2026-09-06T11:15:00+0200,-0.29,EUR/MWh,PT,PT,imbalance_price,Long,2026-09-10T05:37:38Z
2026-09-10T05:27:20Z,2026-09-10T07:27:20+0200,e53564bb-6d21-4766-a388-6e59f102773f,2026-09-06T09:15:00Z,2026-09-06T11:15:00+0200,-0.29,EUR/MWh,PT,PT,imbalance_price,Short,2026-09-10T05:37:38Z
2026-09-10T05:27:20Z,2026-09-10T07:27:20+0200,e53564bb-6d21-4766-a388-6e59f102773f,2026-09-06T09:30:00Z,2026-09-06T11:30:00+0200,0.01,EUR/MWh,PT,PT,imbalance_price,Long,2026-09-10T05:37:38Z
2026-09-10T05:27:20Z,2026-09-10T07:27:20+0200,e53564bb-6d21-4766-a388-6e59f102773f,2026-09-06T09:30:00Z,2026-09-06T11:30:00+0200,0.12,EUR/MWh,PT,PT,imbalance_price,Short,2026-09-10T05:37:38Z
2026-09-10T05:27:20Z,2026-09-10T07:27:20+0200,e53564bb-6d21-4766-a388-6e59f102773f,2026-09-06T09:45:00Z,2026-09-06T11:45:00+0200,0.0,EUR/MWh,PT,PT,imbalance_price,Long,2026-09-10T05:37:38Z
2026-09-10T05:27:20Z,2026-09-10T07:27:20+0200,e53564bb-6d21-4766-a388-6e59f102773f,2026-09-06T09:45:00Z,2026-09-06T11:45:00+0200,0.0,EUR/MWh,PT,PT,imbalance_price,Short,2026-09-10T05:37:38Z
2026-09-10T05:27:20Z,2026-09-10T07:27:20+0200,e53564bb-6d21-4766-a388-6e59f102773f,2026-09-06T10:00:00Z,2026-09-06T12:00:00+0200,0.0,EUR/MWh,PT,PT,imbalance_price,Long,2026-09-10T05:37:38Z
2026-09-10T05:27:20Z,2026-09-10T07:27:20+0200,e53564bb-6d21-4766-a388-6e59f102773f,2026-09-06T10:00:00Z,2026-09-06T12:00:00+0200,0.0,EUR/MWh,PT,PT,imbalance_price,Short,2026-09-10T05:37:38Z
2026-09-10T05:27:20Z,2026-09-10T07:27:20+0200,e53564bb-6d21-4766-a388-6e59f102773f,2026-09-06T10:15:00Z,2026-09-06T12:15:00+0200,0.0,EUR/MWh,PT,PT,imbalance_price,Long,2026-09-10T05:37:38Z
2026-09-10T05:27:20Z,2026-09-10T07:27:20+0200,e53564bb-6d21-4766-a388-6e59f102773f,2026-09-06T10:15:00Z,2026-09-06T12:15:00+0200,0.0,EUR/MWh,PT,PT,imbalance_price,Short,2026-09-10T05:37:38Z
2026-09-10T05:27:20Z,2026-09-10T07:27:20+0200,e53564bb-6d21-4766-a388-6e59f102773f,2026-09-06T10:30:00Z,2026-09-06T12:30:00+0200,0.0,EUR/MWh,PT,PT,imbalance_price,Long,2026-09-10T05:37:38Z
2026-09-10T05:27:20Z,2026-09-10T07:27:20+0200,e53564bb-6d21-4766-a388-6e59f102773f,2026-09-06T10:30:00Z,2026-09-06T12:30:00+0200,0.0,EUR/MWh,PT,PT,imbalance_price,Short,2026-09-10T05:37:38Z
2026-09-10T05:27:20Z,2026-09-10T07:27:20+0200,e53564bb-6d21-4766-a388-6e59f102773f,2026-09-06T10:45:00Z,2026-09-06T12:45:00+0200,0.0,EUR/MWh,PT,PT,imbalance_price,Long,2026-09-10T05:37:38Z
2026-09-10T05:27:20Z,2026-09-10T07:27:20+0200,e53564bb-6d21-4766-a388-6e59f102773f,2026-09-06T10:45:00Z,2026-09-06T12:45:00+0200,0.0,EUR/MWh,PT,PT,imbalance_price,Short,2026-09-10T05:37:38Z
2026-09-10T05:27:20Z,2026-09-10T07:27:20+0200,e53564bb-6d21-4766-a388-6e59f102773f,2026-09-06T11:00:00Z,2026-09-06T13:00:00+0200,0.0,EUR/MWh,PT,PT,imbalance_price,Long,2026-09-10T05:37:38Z
2026-09-10T05:27:20Z,2026-09-10T07:27:20+0200,e53564bb-6d21-4766-a388-6e59f102773f,2026-09-06T11:00:00Z,2026-09-06T13:00:00+0200,0.0,EUR/MWh,PT,PT,imbalance_price,Short,2026-09-10T05:37:38Z
2026-09-10T05:27:20Z,2026-09-10T07:27:20+0200,e53564bb-6d21-4766-a388-6e59f102773f,2026-09-06T11:15:00Z,2026-09-06T13:15:00+0200,0.0,EUR/MWh,PT,PT,imbalance_price,Long,2026-09-10T05:37:38Z
2026-09-10T05:27:20Z,2026-09-10T07:27:20+0200,e53564bb-6d21-4766-a388-6e59f102773f,2026-09-06T11:15:00Z,2026-09-06T13:15:00+0200,0.0,EUR/MWh,PT,PT,imbalance_price,Short,2026-09-10T05:37:38Z
2026-09-10T05:27:20Z,2026-09-10T07:27:20+0200,e53564bb-6d21-4766-a388-6e59f102773f,2026-09-06T11:30:00Z,2026-09-06T13:30:00+0200,0.0,EUR/MWh,PT,PT,imbalance_price,Long,2026-09-10T05:37:38Z
2026-09-10T05:27:20Z,2026-09-10T07:27:20+0200,e53564bb-6d21-4766-a388-6e59f102773f,2026-09-06T11:30:00Z,2026-09-06T13:30:00+0200,0.0,EUR/MWh,PT,PT,imbalance_price,Short,2026-09-10T05:37:38Z
2026-09-10T05:27:20Z,2026-09-10T07:27:20+0200,e53564bb-6d21-4766-a388-6e59f102773f,2026-09-06T11:45:00Z,2026-09-06T13:45:00+0200,-0.01,EUR/MWh,PT,PT,imbalance_price,Long,2026-09-10T05:37:38Z
2026-09-10T05:27:20Z,2026-09-10T07:27:20+0200,e53564bb-6d21-4766-a388-6e59f102773f,2026-09-06T11:45:00Z,2026-09-06T13:45:00+0200,-0.01,EUR/MWh,PT,PT,imbalance_price,Short,2026-09-10T05:37:38Z
2026-09-10T05:27:20Z,2026-09-10T07:27:20+0200,e53564bb-6d21-4766-a388-6e59f102773f,2026-09-06T12:00:00Z,2026-09-06T14:00:00+0200,-0.21,EUR/MWh,PT,PT,imbalance_price,Long,2026-09-10T05:37:38Z
2026-09-10T05:27:20Z,2026-09-10T07:27:20+0200,e53564bb-6d21-4766-a388-6e59f102773f,2026-09-06T12:00:00Z,2026-09-06T14:00:00+0200,-0.21,EUR/MWh,PT,PT,imbalance_price,Short,2026-09-10T05:37:38Z
2026-09-10T05:27:20Z,2026-09-10T07:27:20+0200,e53564bb-6d21-4766-a388-6e59f102773f,2026-09-06T12:15:00Z,2026-09-06T14:15:00+0200,-0.2,EUR/MWh,PT,PT,imbalance_price,Long,2026-09-10T05:37:38Z
2026-09-10T05:27:20Z,2026-09-10T07:27:20+0200,e53564bb-6d21-4766-a388-6e59f102773f,2026-09-06T12:15:00Z,2026-09-06T14:15:00+0200,-0.2,EUR/MWh,PT,PT,imbalance_price,Short,2026-09-10T05:37:38Z
2026-09-10T05:27:20Z,2026-09-10T07:27:20+0200,e53564bb-6d21-4766-a388-6e59f102773f,2026-09-06T12:30:00Z,2026-09-06T14:30:00+0200,-0.22,EUR/MWh,PT,PT,imbalance_price,Long,2026-09-10T05:37:38Z
2026-09-10T05:27:20Z,2026-09-10T07:27:20+0200,e53564bb-6d21-4766-a388-6e59f102773f,2026-09-06T12:30:00Z,2026-09-06T14:30:00+0200,-0.22,EUR/MWh,PT,PT,imbalance_price,Short,2026-09-10T05:37:38Z
2026-09-10T05:27:20Z,2026-09-10T07:27:20+0200,e53564bb-6d21-4766-a388-6e59f102773f,2026-09-06T12:45:00Z,2026-09-06T14:45:00+0200,-2.5,EUR/MWh,PT,PT,imbalance_price,Long,2026-09-10T05:37:38Z
2026-09-10T05:27:20Z,2026-09-10T07:27:20+0200,e53564bb-6d21-4766-a388-6e59f102773f,2026-09-06T12:45:00Z,2026-09-06T14:45:00+0200,-2.5,EUR/MWh,PT,PT,imbalance_price,Short,2026-09-10T05:37:38Z
2026-09-10T05:27:20Z,2026-09-10T07:27:20+0200,e53564bb-6d21-4766-a388-6e59f102773f,2026-09-06T13:00:00Z,2026-09-06T15:00:00+0200,-0.16,EUR/MWh,PT,PT,imbalance_price,Long,2026-09-10T05:37:38Z
2026-09-10T05:27:20Z,2026-09-10T07:27:20+0200,e53564bb-6d21-4766-a388-6e59f102773f,2026-09-06T13:00:00Z,2026-09-06T15:00:00+0200,-0.16,EUR/MWh,PT,PT,imbalance_price,Short,2026-09-10T05:37:38Z
2026-09-10T05:27:20Z,2026-09-10T07:27:20+0200,e53564bb-6d21-4766-a388-6e59f102773f,2026-09-06T13:15:00Z,2026-09-06T15:15:00+0200,-0.5,EUR/MWh,PT,PT,imbalance_price,Long,2026-09-10T05:37:38Z
2026-09-10T05:27:20Z,2026-09-10T07:27:20+0200,e53564bb-6d21-4766-a388-6e59f102773f,2026-09-06T13:15:00Z,2026-09-06T15:15:00+0200,-0.5,EUR/MWh,PT,PT,imbalance_price,Short,2026-09-10T05:37:38Z
2026-09-10T05:27:20Z,2026-09-10T07:27:20+0200,e53564bb-6d21-4766-a388-6e59f102773f,2026-09-06T13:30:00Z,2026-09-06T15:30:00+0200,-0.5,EUR/MWh,PT,PT,imbalance_price,Long,2026-09-10T05:37:38Z
2026-09-10T05:27:20Z,2026-09-10T07:27:20+0200,e53564bb-6d21-4766-a388-6e59f102773f,2026-09-06T13:30:00Z,2026-09-06T15:30:00+0200,-0.5,EUR/MWh,PT,PT,imbalance_price,Short,2026-09-10T05:37:38Z
2026-09-10T05:27:20Z,2026-09-10T07:27:20+0200,e53564bb-6d21-4766-a388-6e59f102773f,2026-09-06T13:45:00Z,2026-09-06T15:45:00+0200,-2.0,EUR/MWh,PT,PT,imbalance_price,Long,2026-09-10T05:37:38Z
2026-09-10T05:27:20Z,2026-09-10T07:27:20+0200,e53564bb-6d21-4766-a388-6e59f102773f,2026-09-06T13:45:00Z,2026-09-06T15:45:00+0200,-2.0,EUR/MWh,PT,PT,imbalance_price,Short,2026-09-10T05:37:38Z
2026-09-10T05:27:20Z,2026-09-10T07:27:20+0200,e53564bb-6d21-4766-a388-6e59f102773f,2026-09-06T14:00:00Z,2026-09-06T16:00:00+0200,-0.29,EUR/MWh,PT,PT,imbalance_price,Long,2026-09-10T05:37:38Z
2026-09-10T05:27:20Z,2026-09-10T07:27:20+0200,e53564bb-6d21-4766-a388-6e59f102773f,2026-09-06T14:00:00Z,2026-09-06T16:00:00+0200,-0.29,EUR/MWh,PT,PT,imbalance_price,Short,2026-09-10T05:37:38Z
2026-09-10T05:27:20Z,2026-09-10T07:27:20+0200,e53564bb-6d21-4766-a388-6e59f102773f,2026-09-06T14:15:00Z,2026-09-06T16:15:00+0200,-0.25,EUR/MWh,PT,PT,imbalance_price,Long,2026-09-10T05:37:38Z
2026-09-10T05:27:20Z,2026-09-10T07:27:20+0200,e53564bb-6d21-4766-a388-6e59f102773f,2026-09-06T14:15:00Z,2026-09-06T16:15:00+0200,-0.25,EUR/MWh,PT,PT,imbalance_price,Short,2026-09-10T05:37:38Z
2026-09-10T05:27:20Z,2026-09-10T07:27:20+0200,e53564bb-6d21-4766-a388-6e59f102773f,2026-09-06T14:30:00Z,2026-09-06T16:30:00+0200,17.91,EUR/MWh,PT,PT,imbalance_price,Long,2026-09-10T05:37:38Z
2026-09-10T05:27:20Z,2026-09-10T07:27:20+0200,e53564bb-6d21-4766-a388-6e59f102773f,2026-09-06T14:30:00Z,2026-09-06T16:30:00+0200,17.91,EUR/MWh,PT,PT,imbalance_price,Short,2026-09-10T05:37:38Z
2026-09-10T05:27:20Z,2026-09-10T07:27:20+0200,e53564bb-6d21-4766-a388-6e59f102773f,2026-09-06T14:45:00Z,2026-09-06T16:45:00+0200,79.86,EUR/MWh,PT,PT,imbalance_price,Long,2026-09-10T05:37:38Z
2026-09-10T05:27:20Z,2026-09-10T07:27:20+0200,e53564bb-6d21-4766-a388-6e59f102773f,2026-09-06T14:45:00Z,2026-09-06T16:45:00+0200,79.86,EUR/MWh,PT,PT,imbalance_price,Short,2026-09-10T05:37:38Z
2026-09-10T05:27:20Z,2026-09-10T07:27:20+0200,e53564bb-6d21-4766-a388-6e59f102773f,2026-09-06T15:00:00Z,2026-09-06T17:00:00+0200,0.16,EUR/MWh,PT,PT,imbalance_price,Long,2026-09-10T05:37:38Z
2026-09-10T05:27:20Z,2026-09-10T07:27:20+0200,e53564bb-6d21-4766-a388-6e59f102773f,2026-09-06T15:00:00Z,2026-09-06T17:00:00+0200,68.68,EUR/MWh,PT,PT,imbalance_price,Short,2026-09-10T05:37:38Z
2026-09-10T05:27:20Z,2026-09-10T07:27:20+0200,e53564bb-6d21-4766-a388-6e59f102773f,2026-09-06T15:15:00Z,2026-09-06T17:15:00+0200,35.0,EUR/MWh,PT,PT,imbalance_price,Long,2026-09-10T05:37:38Z
2026-09-10T05:27:20Z,2026-09-10T07:27:20+0200,e53564bb-6d21-4766-a388-6e59f102773f,2026-09-06T15:15:00Z,2026-09-06T17:15:00+0200,35.0,EUR/MWh,PT,PT,imbalance_price,Short,2026-09-10T05:37:38Z
2026-09-10T05:27:20Z,2026-09-10T07:27:20+0200,e53564bb-6d21-4766-a388-6e59f102773f,2026-09-06T15:30:00Z,2026-09-06T17:30:00+0200,35.0,EUR/MWh,PT,PT,imbalance_price,Long,2026-09-10T05:37:38Z
2026-09-10T05:27:20Z,2026-09-10T07:27:20+0200,e53564bb-6d21-4766-a388-6e59f102773f,2026-09-06T15:30:00Z,2026-09-06T17:30:00+0200,133.44,EUR/MWh,PT,PT,imbalance_price,Short,2026-09-10T05:37:38Z
2026-09-10T05:27:20Z,2026-09-10T07:27:20+0200,e53564bb-6d21-4766-a388-6e59f102773f,2026-09-06T15:45:00Z,2026-09-06T17:45:00+0200,65.49,EUR/MWh,PT,PT,imbalance_price,Long,2026-09-10T05:37:38Z
2026-09-10T05:27:20Z,2026-09-10T07:27:20+0200,e53564bb-6d21-4766-a388-6e59f102773f,2026-09-06T15:45:00Z,2026-09-06T17:45:00+0200,65.49,EUR/MWh,PT,PT,imbalance_price,Short,2026-09-10T05:37:38Z
2026-09-10T05:27:20Z,2026-09-10T07:27:20+0200,e53564bb-6d21-4766-a388-6e59f102773f,2026-09-06T16:00:00Z,2026-09-06T18:00:00+0200,55.54,EUR/MWh,PT,PT,imbalance_price,Long,2026-09-10T05:37:38Z
2026-09-10T05:27:20Z,2026-09-10T07:27:20+0200,e53564bb-6d21-4766-a388-6e59f102773f,2026-09-06T16:00:00Z,2026-09-06T18:00:00+0200,151.2,EUR/MWh,PT,PT,imbalance_price,Short,2026-09-10T05:37:38Z
2026-09-10T05:27:20Z,2026-09-10T07:27:20+0200,e53564bb-6d21-4766-a388-6e59f102773f,2026-09-06T16:15:00Z,2026-09-06T18:15:00+0200,52.0,EUR/MWh,PT,PT,imbalance_price,Long,2026-09-10T05:37:38Z
2026-09-10T05:27:20Z,2026-09-10T07:27:20+0200,e53564bb-6d21-4766-a388-6e59f102773f,2026-09-06T16:15:00Z,2026-09-06T18:15:00+0200,52.9,EUR/MWh,PT,PT,imbalance_price,Short,2026-09-10T05:37:38Z
2026-09-10T05:27:20Z,2026-09-10T07:27:20+0200,e53564bb-6d21-4766-a388-6e59f102773f,2026-09-06T16:30:00Z,2026-09-06T18:30:00+0200,84.93,EUR/MWh,PT,PT,imbalance_price,Long,2026-09-10T05:37:38Z
2026-09-10T05:27:20Z,2026-09-10T07:27:20+0200,e53564bb-6d21-4766-a388-6e59f102773f,2026-09-06T16:30:00Z,2026-09-06T18:30:00+0200,84.93,EUR/MWh,PT,PT,imbalance_price,Short,2026-09-10T05:37:38Z
2026-09-10T05:27:20Z,2026-09-10T07:27:20+0200,e53564bb-6d21-4766-a388-6e59f102773f,2026-09-06T16:45:00Z,2026-09-06T18:45:00+0200,162.04,EUR/MWh,PT,PT,imbalance_price,Long,2026-09-10T05:37:38Z
2026-09-10T05:27:20Z,2026-09-10T07:27:20+0200,e53564bb-6d21-4766-a388-6e59f102773f,2026-09-06T16:45:00Z,2026-09-06T18:45:00+0200,162.04,EUR/MWh,PT,PT,imbalance_price,Short,2026-09-10T05:37:38Z
2026-09-10T05:27:20Z,2026-09-10T07:27:20+0200,e53564bb-6d21-4766-a388-6e59f102773f,2026-09-06T17:00:00Z,2026-09-06T19:00:00+0200,180.93,EUR/MWh,PT,PT,imbalance_price,Long,2026-09-10T05:37:38Z
2026-09-10T05:27:20Z,2026-09-10T07:27:20+0200,e53564bb-6d21-4766-a388-6e59f102773f,2026-09-06T17:00:00Z,2026-09-06T19:00:00+0200,180.93,EUR/MWh,PT,PT,imbalance_price,Short,2026-09-10T05:37:38Z
2026-09-10T05:27:20Z,2026-09-10T07:27:20+0200,e53564bb-6d21-4766-a388-6e59f102773f,2026-09-06T17:15:00Z,2026-09-06T19:15:00+0200,171.06,EUR/MWh,PT,PT,imbalance_price,Long,2026-09-10T05:37:38Z
2026-09-10T05:27:20Z,2026-09-10T07:27:20+0200,e53564bb-6d21-4766-a388-6e59f102773f,2026-09-06T17:15:00Z,2026-09-06T19:15:00+0200,171.06,EUR/MWh,PT,PT,imbalance_price,Short,2026-09-10T05:37:38Z
2026-09-10T05:27:20Z,2026-09-10T07:27:20+0200,e53564bb-6d21-4766-a388-6e59f102773f,2026-09-06T17:30:00Z,2026-09-06T19:30:00+0200,171.06,EUR/MWh,PT,PT,imbalance_price,Long,2026-09-10T05:37:38Z
2026-09-10T05:27:20Z,2026-09-10T07:27:20+0200,e53564bb-6d21-4766-a388-6e59f102773f,2026-09-06T17:30:00Z,2026-09-06T19:30:00+0200,171.06,EUR/MWh,PT,PT,imbalance_price,Short,2026-09-10T05:37:38Z
2026-09-10T05:27:20Z,2026-09-10T07:27:20+0200,e53564bb-6d21-4766-a388-6e59f102773f,2026-09-06T17:45:00Z,2026-09-06T19:45:00+0200,179.45,EUR/MWh,PT,PT,imbalance_price,Long,2026-09-10T05:37:38Z
2026-09-10T05:27:20Z,2026-09-10T07:27:20+0200,e53564bb-6d21-4766-a388-6e59f102773f,2026-09-06T17:45:00Z,2026-09-06T19:45:00+0200,179.45,EUR/MWh,PT,PT,imbalance_price,Short,2026-09-10T05:37:38Z
2026-09-10T05:27:20Z,2026-09-10T07:27:20+0200,e53564bb-6d21-4766-a388-6e59f102773f,2026-09-06T18:00:00Z,2026-09-06T20:00:00+0200,178.41,EUR/MWh,PT,PT,imbalance_price,Long,2026-09-10T05:37:38Z
2026-09-10T05:27:20Z,2026-09-10T07:27:20+0200,e53564bb-6d21-4766-a388-6e59f102773f,2026-09-06T18:00:00Z,2026-09-06T20:00:00+0200,269.99,EUR/MWh,PT,PT,imbalance_price,Short,2026-09-10T05:37:38Z
2026-09-10T05:27:20Z,2026-09-10T07:27:20+0200,e53564bb-6d21-4766-a388-6e59f102773f,2026-09-06T18:15:00Z,2026-09-06T20:15:00+0200,179.18,EUR/MWh,PT,PT,imbalance_price,Long,2026-09-10T05:37:38Z
2026-09-10T05:27:20Z,2026-09-10T07:27:20+0200,e53564bb-6d21-4766-a388-6e59f102773f,2026-09-06T18:15:00Z,2026-09-06T20:15:00+0200,274.28,EUR/MWh,PT,PT,imbalance_price,Short,2026-09-10T05:37:38Z
2026-09-10T05:27:20Z,2026-09-10T07:27:20+0200,e53564bb-6d21-4766-a388-6e59f102773f,2026-09-06T18:30:00Z,2026-09-06T20:30:00+0200,179.18,EUR/MWh,PT,PT,imbalance_price,Long,2026-09-10T05:37:38Z
2026-09-10T05:27:20Z,2026-09-10T07:27:20+0200,e53564bb-6d21-4766-a388-6e59f102773f,2026-09-06T18:30:00Z,2026-09-06T20:30:00+0200,179.18,EUR/MWh,PT,PT,imbalance_price,Short,2026-09-10T05:37:38Z
2026-09-10T05:27:20Z,2026-09-10T07:27:20+0200,e53564bb-6d21-4766-a388-6e59f102773f,2026-09-06T18:45:00Z,2026-09-06T20:45:00+0200,178.41,EUR/MWh,PT,PT,imbalance_price,Long,2026-09-10T05:37:38Z
2026-09-10T05:27:20Z,2026-09-10T07:27:20+0200,e53564bb-6d21-4766-a388-6e59f102773f,2026-09-06T18:45:00Z,2026-09-06T20:45:00+0200,178.41,EUR/MWh,PT,PT,imbalance_price,Short,2026-09-10T05:37:38Z
2026-09-10T05:27:20Z,2026-09-10T07:27:20+0200,e53564bb-6d21-4766-a388-6e59f102773f,2026-09-06T19:00:00Z,2026-09-06T21:00:00+0200,181.04,EUR/MWh,PT,PT,imbalance_price,Long,2026-09-10T05:37:38Z
2026-09-10T05:27:20Z,2026-09-10T07:27:20+0200,e53564bb-6d21-4766-a388-6e59f102773f,2026-09-06T19:00:00Z,2026-09-06T21:00:00+0200,181.04,EUR/MWh,PT,PT,imbalance_price,Short,2026-09-10T05:37:38Z
2026-09-10T05:27:20Z,2026-09-10T07:27:20+0200,e53564bb-6d21-4766-a388-6e59f102773f,2026-09-06T19:15:00Z,2026-09-06T21:15:00+0200,178.41,EUR/MWh,PT,PT,imbalance_price,Long,2026-09-10T05:37:38Z
2026-09-10T05:27:20Z,2026-09-10T07:27:20+0200,e53564bb-6d21-4766-a388-6e59f102773f,2026-09-06T19:15:00Z,2026-09-06T21:15:00+0200,178.41,EUR/MWh,PT,PT,imbalance_price,Short,2026-09-10T05:37:38Z
2026-09-10T05:27:20Z,2026-09-10T07:27:20+0200,e53564bb-6d21-4766-a388-6e59f102773f,2026-09-06T19:30:00Z,2026-09-06T21:30:00+0200,175.53,EUR/MWh,PT,PT,imbalance_price,Long,2026-09-10T05:37:38Z
2026-09-10T05:27:20Z,2026-09-10T07:27:20+0200,e53564bb-6d21-4766-a388-6e59f102773f,2026-09-06T19:30:00Z,2026-09-06T21:30:00+0200,175.53,EUR/MWh,PT,PT,imbalance_price,Short,2026-09-10T05:37:38Z
2026-09-10T05:27:20Z,2026-09-10T07:27:20+0200,e53564bb-6d21-4766-a388-6e59f102773f,2026-09-06T19:45:00Z,2026-09-06T21:45:00+0200,174.1,EUR/MWh,PT,PT,imbalance_price,Long,2026-09-10T05:37:38Z
2026-09-10T05:27:20Z,2026-09-10T07:27:20+0200,e53564bb-6d21-4766-a388-6e59f102773f,2026-09-06T19:45:00Z,2026-09-06T21:45:00+0200,174.1,EUR/MWh,PT,PT,imbalance_price,Short,2026-09-10T05:37:38Z
2026-09-10T05:27:20Z,2026-09-10T07:27:20+0200,e53564bb-6d21-4766-a388-6e59f102773f,2026-09-06T20:00:00Z,2026-09-06T22:00:00+0200,168.7,EUR/MWh,PT,PT,imbalance_price,Long,2026-09-10T05:37:38Z
2026-09-10T05:27:20Z,2026-09-10T07:27:20+0200,e53564bb-6d21-4766-a388-6e59f102773f,2026-09-06T20:00:00Z,2026-09-06T22:00:00+0200,286.49,EUR/MWh,PT,PT,imbalance_price,Short,2026-09-10T05:37:38Z
2026-09-10T05:27:20Z,2026-09-10T07:27:20+0200,e53564bb-6d21-4766-a388-6e59f102773f,2026-09-06T20:15:00Z,2026-09-06T22:15:00+0200,125.1,EUR/MWh,PT,PT,imbalance_price,Long,2026-09-10T05:37:38Z
2026-09-10T05:27:20Z,2026-09-10T07:27:20+0200,e53564bb-6d21-4766-a388-6e59f102773f,2026-09-06T20:15:00Z,2026-09-06T22:15:00+0200,282.07,EUR/MWh,PT,PT,imbalance_price,Short,2026-09-10T05:37:38Z
2026-09-10T05:27:20Z,2026-09-10T07:27:20+0200,e53564bb-6d21-4766-a388-6e59f102773f,2026-09-06T20:30:00Z,2026-09-06T22:30:00+0200,123.12,EUR/MWh,PT,PT,imbalance_price,Long,2026-09-10T05:37:38Z
2026-09-10T05:27:20Z,2026-09-10T07:27:20+0200,e53564bb-6d21-4766-a388-6e59f102773f,2026-09-06T20:30:00Z,2026-09-06T22:30:00+0200,123.12,EUR/MWh,PT,PT,imbalance_price,Short,2026-09-10T05:37:38Z
2026-09-10T05:27:20Z,2026-09-10T07:27:20+0200,e53564bb-6d21-4766-a388-6e59f102773f,2026-09-06T20:45:00Z,2026-09-06T22:45:00+0200,120.23,EUR/MWh,PT,PT,imbalance_price,Long,2026-09-10T05:37:38Z
2026-09-10T05:27:20Z,2026-09-10T07:27:20+0200,e53564bb-6d21-4766-a388-6e59f102773f,2026-09-06T20:45:00Z,2026-09-06T22:45:00+0200,120.23,EUR/MWh,PT,PT,imbalance_price,Short,2026-09-10T05:37:38Z
2026-09-10T05:27:20Z,2026-09-10T07:27:20+0200,e53564bb-6d21-4766-a388-6e59f102773f,2026-09-06T21:00:00Z,2026-09-06T23:00:00+0200,123.12,EUR/MWh,PT,PT,imbalance_price,Long,2026-09-10T05:37:38Z
2026-09-10T05:27:20Z,2026-09-10T07:27:20+0200,e53564bb-6d21-4766-a388-6e59f102773f,2026-09-06T21:00:00Z,2026-09-06T23:00:00+0200,273.62,EUR/MWh,PT,PT,imbalance_price,Short,2026-09-10T05:37:38Z
2026-09-10T05:27:20Z,2026-09-10T07:27:20+0200,e53564bb-6d21-4766-a388-6e59f102773f,2026-09-06T21:15:00Z,2026-09-06T23:15:00+0200,113.8,EUR/MWh,PT,PT,imbalance_price,Long,2026-09-10T05:37:38Z
2026-09-10T05:27:20Z,2026-09-10T07:27:20+0200,e53564bb-6d21-4766-a388-6e59f102773f,2026-09-06T21:15:00Z,2026-09-06T23:15:00+0200,113.8,EUR/MWh,PT,PT,imbalance_price,Short,2026-09-10T05:37:38Z
2026-09-10T05:27:20Z,2026-09-10T07:27:20+0200,e53564bb-6d21-4766-a388-6e59f102773f,2026-09-06T21:30:00Z,2026-09-06T23:30:00+0200,150.0,EUR/MWh,PT,PT,imbalance_price,Long,2026-09-10T05:37:38Z
2026-09-10T05:27:20Z,2026-09-10T07:27:20+0200,e53564bb-6d21-4766-a388-6e59f102773f,2026-09-06T21:30:00Z,2026-09-06T23:30:00+0200,150.0,EUR/MWh,PT,PT,imbalance_price,Short,2026-09-10T05:37:38Z
2026-09-10T05:27:20Z,2026-09-10T07:27:20+0200,e53564bb-6d21-4766-a388-6e59f102773f,2026-09-06T21:45:00Z,2026-09-06T23:45:00+0200,130.0,EUR/MWh,PT,PT,imbalance_price,Long,2026-09-10T05:37:38Z
2026-09-10T05:27:20Z,2026-09-10T07:27:20+0200,e53564bb-6d21-4766-a388-6e59f102773f,2026-09-06T21:45:00Z,2026-09-06T23:45:00+0200,130.0,EUR/MWh,PT,PT,imbalance_price,Short,2026-09-10T05:37:38Z
2026-09-10T05:27:20Z,2026-09-10T07:27:20+0200,e53564bb-6d21-4766-a388-6e59f102773f,2026-09-06T22:00:00Z,2026-09-07T00:00:00+0200,182.23,EUR/MWh,PT,PT,imbalance_price,Long,2026-09-10T05:37:38Z
2026-09-10T05:27:20Z,2026-09-10T07:27:20+0200,e53564bb-6d21-4766-a388-6e59f102773f,2026-09-06T22:00:00Z,2026-09-07T00:00:00+0200,256.8,EUR/MWh,PT,PT,imbalance_price,Short,2026-09-10T05:37:38Z
2026-09-10T05:27:20Z,2026-09-10T07:27:20+0200,e53564bb-6d21-4766-a388-6e59f102773f,2026-09-06T22:15:00Z,2026-09-07T00:15:00+0200,180.55,EUR/MWh,PT,PT,imbalance_price,Long,2026-09-10T05:37:38Z
2026-09-10T05:27:20Z,2026-09-10T07:27:20+0200,e53564bb-6d21-4766-a388-6e59f102773f,2026-09-06T22:15:00Z,2026-09-07T00:15:00+0200,250.63,EUR/MWh,PT,PT,imbalance_price,Short,2026-09-10T05:37:38Z
2026-09-10T05:27:20Z,2026-09-10T07:27:20+0200,e53564bb-6d21-4766-a388-6e59f102773f,2026-09-06T22:30:00Z,2026-09-07T00:30:00+0200,221.82,EUR/MWh,PT,PT,imbalance_price,Long,2026-09-10T05:37:38Z
2026-09-10T05:27:20Z,2026-09-10T07:27:20+0200,e53564bb-6d21-4766-a388-6e59f102773f,2026-09-06T22:30:00Z,2026-09-07T00:30:00+0200,221.82,EUR/MWh,PT,PT,imbalance_price,Short,2026-09-10T05:37:38Z
2026-09-10T05:27:20Z,2026-09-10T07:27:20+0200,e53564bb-6d21-4766-a388-6e59f102773f,2026-09-06T22:45:00Z,2026-09-07T00:45:00+0200,187.49,EUR/MWh,PT,PT,imbalance_price,Long,2026-09-10T05:37:38Z
2026-09-10T05:27:20Z,2026-09-10T07:27:20+0200,e53564bb-6d21-4766-a388-6e59f102773f,2026-09-06T22:45:00Z,2026-09-07T00:45:00+0200,187.49,EUR/MWh,PT,PT,imbalance_price,Short,2026-09-10T05:37:38Z
2026-09-10T05:27:20Z,2026-09-10T07:27:20+0200,e53564bb-6d21-4766-a388-6e59f102773f,2026-09-06T23:00:00Z,2026-09-07T01:00:00+0200,167.09,EUR/MWh,PT,PT,imbalance_price,Long,2026-09-10T05:37:38Z
2026-09-10T05:27:20Z,2026-09-10T07:27:20+0200,e53564bb-6d21-4766-a388-6e59f102773f,2026-09-06T23:00:00Z,2026-09-07T01:00:00+0200,211.63,EUR/MWh,PT,PT,imbalance_price,Short,2026-09-10T05:37:38Z
2026-09-10T05:27:20Z,2026-09-10T07:27:20+0200,e53564bb-6d21-4766-a388-6e59f102773f,2026-09-06T23:15:00Z,2026-09-07T01:15:00+0200,164.99,EUR/MWh,PT,PT,imbalance_price,Long,2026-09-10T05:37:38Z
2026-09-10T05:27:20Z,2026-09-10T07:27:20+0200,e53564bb-6d21-4766-a388-6e59f102773f,2026-09-06T23:15:00Z,2026-09-07T01:15:00+0200,191.07,EUR/MWh,PT,PT,imbalance_price,Short,2026-09-10T05:37:38Z
2026-09-10T05:27:20Z,2026-09-10T07:27:20+0200,e53564bb-6d21-4766-a388-6e59f102773f,2026-09-06T23:30:00Z,2026-09-07T01:30:00+0200,191.62,EUR/MWh,PT,PT,imbalance_price,Long,2026-09-10T05:37:38Z
2026-09-10T05:27:20Z,2026-09-10T07:27:20+0200,e53564bb-6d21-4766-a388-6e59f102773f,2026-09-06T23:30:00Z,2026-09-07T01:30:00+0200,191.62,EUR/MWh,PT,PT,imbalance_price,Short,2026-09-10T05:37:38Z
2026-09-10T05:27:20Z,2026-09-10T07:27:20+0200,e53564bb-6d21-4766-a388-6e59f102773f,2026-09-06T23:45:00Z,2026-09-07T01:45:00+0200,163.6,EUR/MWh,PT,PT,imbalance_price,Long,2026-09-10T05:37:38Z
2026-09-10T05:27:20Z,2026-09-10T07:27:20+0200,e53564bb-6d21-4766-a388-6e59f102773f,2026-09-06T23:45:00Z,2026-09-07T01:45:00+0200,183.07,EUR/MWh,PT,PT,imbalance_price,Short,2026-09-10T05:37:38Z
2026-09-10T05:27:20Z,2026-09-10T07:27:20+0200,e53564bb-6d21-4766-a388-6e59f102773f,2026-09-07T00:00:00Z,2026-09-07T02:00:00+0200,163.72,EUR/MWh,PT,PT,imbalance_price,Long,2026-09-10T05:37:38Z
2026-09-10T05:27:20Z,2026-09-10T07:27:20+0200,e53564bb-6d21-4766-a388-6e59f102773f,2026-09-07T00:00:00Z,2026-09-07T02:00:00+0200,195.4,EUR/MWh,PT,PT,imbalance_price,Short,2026-09-10T05:37:38Z
2026-09-10T05:27:20Z,2026-09-10T07:27:20+0200,e53564bb-6d21-4766-a388-6e59f102773f,2026-09-07T00:15:00Z,2026-09-07T02:15:00+0200,163.6,EUR/MWh,PT,PT,imbalance_price,Long,2026-09-10T05:37:38Z
2026-09-10T05:27:20Z,2026-09-10T07:27:20+0200,e53564bb-6d21-4766-a388-6e59f102773f,2026-09-07T00:15:00Z,2026-09-07T02:15:00+0200,220.47,EUR/MWh,PT,PT,imbalance_price,Short,2026-09-10T05:37:38Z
2026-09-10T05:27:20Z,2026-09-10T07:27:20+0200,e53564bb-6d21-4766-a388-6e59f102773f,2026-09-07T00:30:00Z,2026-09-07T02:30:00+0200,174.25,EUR/MWh,PT,PT,imbalance_price,Long,2026-09-10T05:37:38Z
2026-09-10T05:27:20Z,2026-09-10T07:27:20+0200,e53564bb-6d21-4766-a388-6e59f102773f,2026-09-07T00:30:00Z,2026-09-07T02:30:00+0200,242.59,EUR/MWh,PT,PT,imbalance_price,Short,2026-09-10T05:37:38Z
2026-09-10T05:27:20Z,2026-09-10T07:27:20+0200,e53564bb-6d21-4766-a388-6e59f102773f,2026-09-07T00:45:00Z,2026-09-07T02:45:00+0200,182.6,EUR/MWh,PT,PT,imbalance_price,Long,2026-09-10T05:37:38Z
2026-09-10T05:27:20Z,2026-09-10T07:27:20+0200,e53564bb-6d21-4766-a388-6e59f102773f,2026-09-07T00:45:00Z,2026-09-07T02:45:00+0200,182.6,EUR/MWh,PT,PT,imbalance_price,Short,2026-09-10T05:37:38Z
2026-09-10T05:27:20Z,2026-09-10T07:27:20+0200,e53564bb-6d21-4766-a388-6e59f102773f,2026-09-07T01:00:00Z,2026-09-07T03:00:00+0200,196.14,EUR/MWh,PT,PT,imbalance_price,Long,2026-09-10T05:37:38Z
2026-09-10T05:27:20Z,2026-09-10T07:27:20+0200,e53564bb-6d21-4766-a388-6e59f102773f,2026-09-07T01:00:00Z,2026-09-07T03:00:00+0200,196.14,EUR/MWh,PT,PT,imbalance_price,Short,2026-09-10T05:37:38Z
2026-09-10T05:27:20Z,2026-09-10T07:27:20+0200,e53564bb-6d21-4766-a388-6e59f102773f,2026-09-07T01:15:00Z,2026-09-07T03:15:00+0200,181.64,EUR/MWh,PT,PT,imbalance_price,Long,2026-09-10T05:37:38Z
2026-09-10T05:27:20Z,2026-09-10T07:27:20+0200,e53564bb-6d21-4766-a388-6e59f102773f,2026-09-07T01:15:00Z,2026-09-07T03:15:00+0200,181.64,EUR/MWh,PT,PT,imbalance_price,Short,2026-09-10T05:37:38Z
2026-09-10T05:27:20Z,2026-09-10T07:27:20+0200,e53564bb-6d21-4766-a388-6e59f102773f,2026-09-07T01:30:00Z,2026-09-07T03:30:00+0200,190.5,EUR/MWh,PT,PT,imbalance_price,Long,2026-09-10T05:37:38Z
2026-09-10T05:27:20Z,2026-09-10T07:27:20+0200,e53564bb-6d21-4766-a388-6e59f102773f,2026-09-07T01:30:00Z,2026-09-07T03:30:00+0200,190.5,EUR/MWh,PT,PT,imbalance_price,Short,2026-09-10T05:37:38Z
2026-09-10T05:27:20Z,2026-09-10T07:27:20+0200,e53564bb-6d21-4766-a388-6e59f102773f,2026-09-07T01:45:00Z,2026-09-07T03:45:00+0200,197.83,EUR/MWh,PT,PT,imbalance_price,Long,2026-09-10T05:37:38Z
2026-09-10T05:27:20Z,2026-09-10T07:27:20+0200,e53564bb-6d21-4766-a388-6e59f102773f,2026-09-07T01:45:00Z,2026-09-07T03:45:00+0200,197.83,EUR/MWh,PT,PT,imbalance_price,Short,2026-09-10T05:37:38Z
2026-09-10T05:27:20Z,2026-09-10T07:27:20+0200,e53564bb-6d21-4766-a388-6e59f102773f,2026-09-07T02:00:00Z,2026-09-07T04:00:00+0200,195.57,EUR/MWh,PT,PT,imbalance_price,Long,2026-09-10T05:37:38Z
2026-09-10T05:27:20Z,2026-09-10T07:27:20+0200,e53564bb-6d21-4766-a388-6e59f102773f,2026-09-07T02:00:00Z,2026-09-07T04:00:00+0200,195.57,EUR/MWh,PT,PT,imbalance_price,Short,2026-09-10T05:37:38Z
2026-09-10T05:27:20Z,2026-09-10T07:27:20+0200,e53564bb-6d21-4766-a388-6e59f102773f,2026-09-07T02:15:00Z,2026-09-07T04:15:00+0200,192.91,EUR/MWh,PT,PT,imbalance_price,Long,2026-09-10T05:37:38Z
2026-09-10T05:27:20Z,2026-09-10T07:27:20+0200,e53564bb-6d21-4766-a388-6e59f102773f,2026-09-07T02:15:00Z,2026-09-07T04:15:00+0200,192.91,EUR/MWh,PT,PT,imbalance_price,Short,2026-09-10T05:37:38Z
2026-09-10T05:27:20Z,2026-09-10T07:27:20+0200,e53564bb-6d21-4766-a388-6e59f102773f,2026-09-07T02:30:00Z,2026-09-07T04:30:00+0200,189.71,EUR/MWh,PT,PT,imbalance_price,Long,2026-09-10T05:37:38Z
2026-09-10T05:27:20Z,2026-09-10T07:27:20+0200,e53564bb-6d21-4766-a388-6e59f102773f,2026-09-07T02:30:00Z,2026-09-07T04:30:00+0200,189.71,EUR/MWh,PT,PT,imbalance_price,Short,2026-09-10T05:37:38Z
2026-09-10T05:27:20Z,2026-09-10T07:27:20+0200,e53564bb-6d21-4766-a388-6e59f102773f,2026-09-07T02:45:00Z,2026-09-07T04:45:00+0200,190.57,EUR/MWh,PT,PT,imbalance_price,Long,2026-09-10T05:37:38Z
2026-09-10T05:27:20Z,2026-09-10T07:27:20+0200,e53564bb-6d21-4766-a388-6e59f102773f,2026-09-07T02:45:00Z,2026-09-07T04:45:00+0200,190.57,EUR/MWh,PT,PT,imbalance_price,Short,2026-09-10T05:37:38Z
2026-09-10T05:27:20Z,2026-09-10T07:27:20+0200,e53564bb-6d21-4766-a388-6e59f102773f,2026-09-07T03:00:00Z,2026-09-07T05:00:00+0200,193.1,EUR/MWh,PT,PT,imbalance_price,Long,2026-09-10T05:37:38Z
2026-09-10T05:27:20Z,2026-09-10T07:27:20+0200,e53564bb-6d21-4766-a388-6e59f102773f,2026-09-07T03:00:00Z,2026-09-07T05:00:00+0200,240.0,EUR/MWh,PT,PT,imbalance_price,Short,2026-09-10T05:37:38Z
2026-09-10T05:27:20Z,2026-09-10T07:27:20+0200,e53564bb-6d21-4766-a388-6e59f102773f,2026-09-07T03:15:00Z,2026-09-07T05:15:00+0200,185.62,EUR/MWh,PT,PT,imbalance_price,Long,2026-09-10T05:37:38Z
2026-09-10T05:27:20Z,2026-09-10T07:27:20+0200,e53564bb-6d21-4766-a388-6e59f102773f,2026-09-07T03:15:00Z,2026-09-07T05:15:00+0200,242.39,EUR/MWh,PT,PT,imbalance_price,Short,2026-09-10T05:37:38Z
2026-09-10T05:27:20Z,2026-09-10T07:27:20+0200,e53564bb-6d21-4766-a388-6e59f102773f,2026-09-07T03:30:00Z,2026-09-07T05:30:00+0200,180.92,EUR/MWh,PT,PT,imbalance_price,Long,2026-09-10T05:37:38Z
2026-09-10T05:27:20Z,2026-09-10T07:27:20+0200,e53564bb-6d21-4766-a388-6e59f102773f,2026-09-07T03:30:00Z,2026-09-07T05:30:00+0200,245.4,EUR/MWh,PT,PT,imbalance_price,Short,2026-09-10T05:37:38Z
2026-09-10T05:27:20Z,2026-09-10T07:27:20+0200,e53564bb-6d21-4766-a388-6e59f102773f,2026-09-07T03:45:00Z,2026-09-07T05:45:00+0200,170.47,EUR/MWh,PT,PT,imbalance_price,Long,2026-09-10T05:37:38Z
2026-09-10T05:27:20Z,2026-09-10T07:27:20+0200,e53564bb-6d21-4766-a388-6e59f102773f,2026-09-07T03:45:00Z,2026-09-07T05:45:00+0200,246.36,EUR/MWh,PT,PT,imbalance_price,Short,2026-09-10T05:37:38Z
2026-09-10T05:27:20Z,2026-09-10T07:27:20+0200,e53564bb-6d21-4766-a388-6e59f102773f,2026-09-07T04:00:00Z,2026-09-07T06:00:00+0200,163.04,EUR/MWh,PT,PT,imbalance_price,Long,2026-09-10T05:37:38Z
2026-09-10T05:27:20Z,2026-09-10T07:27:20+0200,e53564bb-6d21-4766-a388-6e59f102773f,2026-09-07T04:00:00Z,2026-09-07T06:00:00+0200,246.36,EUR/MWh,PT,PT,imbalance_price,Short,2026-09-10T05:37:38Z
2026-09-10T05:27:20Z,2026-09-10T07:27:20+0200,e53564bb-6d21-4766-a388-6e59f102773f,2026-09-07T04:15:00Z,2026-09-07T06:15:00+0200,242.78,EUR/MWh,PT,PT,imbalance_price,Long,2026-09-10T05:37:38Z
2026-09-10T05:27:20Z,2026-09-10T07:27:20+0200,e53564bb-6d21-4766-a388-6e59f102773f,2026-09-07T04:15:00Z,2026-09-07T06:15:00+0200,242.78,EUR/MWh,PT,PT,imbalance_price,Short,2026-09-10T05:37:38Z
2026-09-10T05:27:20Z,2026-09-10T07:27:20+0200,e53564bb-6d21-4766-a388-6e59f102773f,2026-09-07T04:30:00Z,2026-09-07T06:30:00+0200,171.2,EUR/MWh,PT,PT,imbalance_price,Long,2026-09-10T05:37:38Z
2026-09-10T05:27:20Z,2026-09-10T07:27:20+0200,e53564bb-6d21-4766-a388-6e59f102773f,2026-09-07T04:30:00Z,2026-09-07T06:30:00+0200,188.1,EUR/MWh,PT,PT,imbalance_price,Short,2026-09-10T05:37:38Z
2026-09-10T05:27:20Z,2026-09-10T07:27:20+0200,e53564bb-6d21-4766-a388-6e59f102773f,2026-09-07T04:45:00Z,2026-09-07T06:45:00+0200,175.46,EUR/MWh,PT,PT,imbalance_price,Long,2026-09-10T05:37:38Z
2026-09-10T05:27:20Z,2026-09-10T07:27:20+0200,e53564bb-6d21-4766-a388-6e59f102773f,2026-09-07T04:45:00Z,2026-09-07T06:45:00+0200,175.46,EUR/MWh,PT,PT,imbalance_price,Short,2026-09-10T05:37:38Z
2026-09-10T05:27:20Z,2026-09-10T07:27:20+0200,e53564bb-6d21-4766-a388-6e59f102773f,2026-09-07T05:00:00Z,2026-09-07T07:00:00+0200,180.2,EUR/MWh,PT,PT,imbalance_price,Long,2026-09-10T05:37:38Z
2026-09-10T05:27:20Z,2026-09-10T07:27:20+0200,e53564bb-6d21-4766-a388-6e59f102773f,2026-09-07T05:00:00Z,2026-09-07T07:00:00+0200,266.11,EUR/MWh,PT,PT,imbalance_price,Short,2026-09-10T05:37:38Z
2026-09-10T05:27:20Z,2026-09-10T07:27:20+0200,e53564bb-6d21-4766-a388-6e59f102773f,2026-09-07T05:15:00Z,2026-09-07T07:15:00+0200,179.38,EUR/MWh,PT,PT,imbalance_price,Long,2026-09-10T05:37:38Z
2026-09-10T05:27:20Z,2026-09-10T07:27:20+0200,e53564bb-6d21-4766-a388-6e59f102773f,2026-09-07T05:15:00Z,2026-09-07T07:15:00+0200,179.38,EUR/MWh,PT,PT,imbalance_price,Short,2026-09-10T05:37:38Z
2026-09-10T05:27:20Z,2026-09-10T07:27:20+0200,e53564bb-6d21-4766-a388-6e59f102773f,2026-09-07T05:30:00Z,2026-09-07T07:30:00+0200,179.29,EUR/MWh,PT,PT,imbalance_price,Long,2026-09-10T05:37:38Z
2026-09-10T05:27:20Z,2026-09-10T07:27:20+0200,e53564bb-6d21-4766-a388-6e59f102773f,2026-09-07T05:30:00Z,2026-09-07T07:30:00+0200,179.29,EUR/MWh,PT,PT,imbalance_price,Short,2026-09-10T05:37:38Z
2026-09-10T05:27:20Z,2026-09-10T07:27:20+0200,e53564bb-6d21-4766-a388-6e59f102773f,2026-09-07T05:45:00Z,2026-09-07T07:45:00+0200,177.94,EUR/MWh,PT,PT,imbalance_price,Long,2026-09-10T05:37:38Z
2026-09-10T05:27:20Z,2026-09-10T07:27:20+0200,e53564bb-6d21-4766-a388-6e59f102773f,2026-09-07T05:45:00Z,2026-09-07T07:45:00+0200,177.94,EUR/MWh,PT,PT,imbalance_price,Short,2026-09-10T05:37:38Z
2026-09-10T05:27:20Z,2026-09-10T07:27:20+0200,e53564bb-6d21-4766-a388-6e59f102773f,2026-09-07T06:00:00Z,2026-09-07T08:00:00+0200,182.99,EUR/MWh,PT,PT,imbalance_price,Long,2026-09-10T05:37:38Z
2026-09-10T05:27:20Z,2026-09-10T07:27:20+0200,e53564bb-6d21-4766-a388-6e59f102773f,2026-09-07T06:00:00Z,2026-09-07T08:00:00+0200,182.99,EUR/MWh,PT,PT,imbalance_price,Short,2026-09-10T05:37:38Z
2026-09-10T05:27:20Z,2026-09-10T07:27:20+0200,e53564bb-6d21-4766-a388-6e59f102773f,2026-09-07T06:15:00Z,2026-09-07T08:15:00+0200,182.14,EUR/MWh,PT,PT,imbalance_price,Long,2026-09-10T05:37:38Z
2026-09-10T05:27:20Z,2026-09-10T07:27:20+0200,e53564bb-6d21-4766-a388-6e59f102773f,2026-09-07T06:15:00Z,2026-09-07T08:15:00+0200,263.94,EUR/MWh,PT,PT,imbalance_price,Short,2026-09-10T05:37:38Z
2026-09-10T05:27:20Z,2026-09-10T07:27:20+0200,e53564bb-6d21-4766-a388-6e59f102773f,2026-09-07T06:30:00Z,2026-09-07T08:30:00+0200,178.87,EUR/MWh,PT,PT,imbalance_price,Long,2026-09-10T05:37:38Z
2026-09-10T05:27:20Z,2026-09-10T07:27:20+0200,e53564bb-6d21-4766-a388-6e59f102773f,2026-09-07T06:30:00Z,2026-09-07T08:30:00+0200,247.49,EUR/MWh,PT,PT,imbalance_price,Short,2026-09-10T05:37:38Z
2026-09-10T05:27:20Z,2026-09-10T07:27:20+0200,e53564bb-6d21-4766-a388-6e59f102773f,2026-09-07T06:45:00Z,2026-09-07T08:45:00+0200,192.69,EUR/MWh,PT,PT,imbalance_price,Long,2026-09-10T05:37:38Z
2026-09-10T05:27:20Z,2026-09-10T07:27:20+0200,e53564bb-6d21-4766-a388-6e59f102773f,2026-09-07T06:45:00Z,2026-09-07T08:45:00+0200,192.69,EUR/MWh,PT,PT,imbalance_price,Short,2026-09-10T05:37:38Z
2026-09-10T05:27:20Z,2026-09-10T07:27:20+0200,e53564bb-6d21-4766-a388-6e59f102773f,2026-09-07T07:00:00Z,2026-09-07T09:00:00+0200,168.0,EUR/MWh,PT,PT,imbalance_price,Long,2026-09-10T05:37:38Z
2026-09-10T05:27:20Z,2026-09-10T07:27:20+0200,e53564bb-6d21-4766-a388-6e59f102773f,2026-09-07T07:00:00Z,2026-09-07T09:00:00+0200,196.53,EUR/MWh,PT,PT,imbalance_price,Short,2026-09-10T05:37:38Z
2026-09-10T05:27:20Z,2026-09-10T07:27:20+0200,e53564bb-6d21-4766-a388-6e59f102773f,2026-09-07T07:15:00Z,2026-09-07T09:15:00+0200,203.62,EUR/MWh,PT,PT,imbalance_price,Long,2026-09-10T05:37:38Z
2026-09-10T05:27:20Z,2026-09-10T07:27:20+0200,e53564bb-6d21-4766-a388-6e59f102773f,2026-09-07T07:15:00Z,2026-09-07T09:15:00+0200,203.62,EUR/MWh,PT,PT,imbalance_price,Short,2026-09-10T05:37:38Z
2026-09-10T05:27:20Z,2026-09-10T07:27:20+0200,e53564bb-6d21-4766-a388-6e59f102773f,2026-09-07T07:30:00Z,2026-09-07T09:30:00+0200,142.4,EUR/MWh,PT,PT,imbalance_price,Long,2026-09-10T05:37:38Z
2026-09-10T05:27:20Z,2026-09-10T07:27:20+0200,e53564bb-6d21-4766-a388-6e59f102773f,2026-09-07T07:30:00Z,2026-09-07T09:30:00+0200,158.39,EUR/MWh,PT,PT,imbalance_price,Short,2026-09-10T05:37:38Z
2026-09-10T05:27:20Z,2026-09-10T07:27:20+0200,e53564bb-6d21-4766-a388-6e59f102773f,2026-09-07T07:45:00Z,2026-09-07T09:45:00+0200,120.56,EUR/MWh,PT,PT,imbalance_price,Long,2026-09-10T05:37:38Z
2026-09-10T05:27:20Z,2026-09-10T07:27:20+0200,e53564bb-6d21-4766-a388-6e59f102773f,2026-09-07T07:45:00Z,2026-09-07T09:45:00+0200,169.98,EUR/MWh,PT,PT,imbalance_price,Short,2026-09-10T05:37:38Z
2026-09-10T05:27:20Z,2026-09-10T07:27:20+0200,e53564bb-6d21-4766-a388-6e59f102773f,2026-09-07T08:00:00Z,2026-09-07T10:00:00+0200,140.0,EUR/MWh,PT,PT,imbalance_price,Long,2026-09-10T05:37:38Z
2026-09-10T05:27:20Z,2026-09-10T07:27:20+0200,e53564bb-6d21-4766-a388-6e59f102773f,2026-09-07T08:00:00Z,2026-09-07T10:00:00+0200,140.0,EUR/MWh,PT,PT,imbalance_price,Short,2026-09-10T05:37:38Z
2026-09-10T05:27:20Z,2026-09-10T07:27:20+0200,e53564bb-6d21-4766-a388-6e59f102773f,2026-09-07T08:15:00Z,2026-09-07T10:15:00+0200,120.22,EUR/MWh,PT,PT,imbalance_price,Long,2026-09-10T05:37:38Z
2026-09-10T05:27:20Z,2026-09-10T07:27:20+0200,e53564bb-6d21-4766-a388-6e59f102773f,2026-09-07T08:15:00Z,2026-09-07T10:15:00+0200,145.34,EUR/MWh,PT,PT,imbalance_price,Short,2026-09-10T05:37:38Z
2026-09-10T05:27:20Z,2026-09-10T07:27:20+0200,e53564bb-6d21-4766-a388-6e59f102773f,2026-09-07T08:30:00Z,2026-09-07T10:30:00+0200,112.0,EUR/MWh,PT,PT,imbalance_price,Long,2026-09-10T05:37:38Z
2026-09-10T05:27:20Z,2026-09-10T07:27:20+0200,e53564bb-6d21-4766-a388-6e59f102773f,2026-09-07T08:30:00Z,2026-09-07T10:30:00+0200,202.52,EUR/MWh,PT,PT,imbalance_price,Short,2026-09-10T05:37:38Z
2026-09-10T05:27:20Z,2026-09-10T07:27:20+0200,e53564bb-6d21-4766-a388-6e59f102773f,2026-09-07T08:45:00Z,2026-09-07T10:45:00+0200,104.01,EUR/MWh,PT,PT,imbalance_price,Long,2026-09-10T05:37:38Z
2026-09-10T05:27:20Z,2026-09-10T07:27:20+0200,e53564bb-6d21-4766-a388-6e59f102773f,2026-09-07T08:45:00Z,2026-09-07T10:45:00+0200,201.52,EUR/MWh,PT,PT,imbalance_price,Short,2026-09-10T05:37:38Z
2026-09-10T05:27:20Z,2026-09-10T07:27:20+0200,e53564bb-6d21-4766-a388-6e59f102773f,2026-09-07T09:00:00Z,2026-09-07T11:00:00+0200,88.0,EUR/MWh,PT,PT,imbalance_price,Long,2026-09-10T05:37:38Z
2026-09-10T05:27:20Z,2026-09-10T07:27:20+0200,e53564bb-6d21-4766-a388-6e59f102773f,2026-09-07T09:00:00Z,2026-09-07T11:00:00+0200,209.52,EUR/MWh,PT,PT,imbalance_price,Short,2026-09-10T05:37:38Z
2026-09-10T05:27:20Z,2026-09-10T07:27:20+0200,e53564bb-6d21-4766-a388-6e59f102773f,2026-09-07T09:15:00Z,2026-09-07T11:15:00+0200,76.19,EUR/MWh,PT,PT,imbalance_price,Long,2026-09-10T05:37:38Z
2026-09-10T05:27:20Z,2026-09-10T07:27:20+0200,e53564bb-6d21-4766-a388-6e59f102773f,2026-09-07T09:15:00Z,2026-09-07T11:15:00+0200,209.52,EUR/MWh,PT,PT,imbalance_price,Short,2026-09-10T05:37:38Z
2026-09-10T05:27:20Z,2026-09-10T07:27:20+0200,e53564bb-6d21-4766-a388-6e59f102773f,2026-09-07T09:30:00Z,2026-09-07T11:30:00+0200,73.65,EUR/MWh,PT,PT,imbalance_price,Long,2026-09-10T05:37:38Z
2026-09-10T05:27:20Z,2026-09-10T07:27:20+0200,e53564bb-6d21-4766-a388-6e59f102773f,2026-09-07T09:30:00Z,2026-09-07T11:30:00+0200,207.52,EUR/MWh,PT,PT,imbalance_price,Short,2026-09-10T05:37:38Z
2026-09-10T05:27:20Z,2026-09-10T07:27:20+0200,e53564bb-6d21-4766-a388-6e59f102773f,2026-09-07T09:45:00Z,2026-09-07T11:45:00+0200,72.39,EUR/MWh,PT,PT,imbalance_price,Long,2026-09-10T05:37:38Z
2026-09-10T05:27:20Z,2026-09-10T07:27:20+0200,e53564bb-6d21-4766-a388-6e59f102773f,2026-09-07T09:45:00Z,2026-09-07T11:45:00+0200,206.52,EUR/MWh,PT,PT,imbalance_price,Short,2026-09-10T05:37:38Z
2026-09-10T05:27:20Z,2026-09-10T07:27:20+0200,e53564bb-6d21-4766-a388-6e59f102773f,2026-09-07T10:00:00Z,2026-09-07T12:00:00+0200,70.39,EUR/MWh,PT,PT,imbalance_price,Long,2026-09-10T05:37:38Z
2026-09-10T05:27:20Z,2026-09-10T07:27:20+0200,e53564bb-6d21-4766-a388-6e59f102773f,2026-09-07T10:00:00Z,2026-09-07T12:00:00+0200,179.74,EUR/MWh,PT,PT,imbalance_price,Short,2026-09-10T05:37:38Z
2026-09-10T05:27:20Z,2026-09-10T07:27:20+0200,e53564bb-6d21-4766-a388-6e59f102773f,2026-09-07T10:15:00Z,2026-09-07T12:15:00+0200,68.16,EUR/MWh,PT,PT,imbalance_price,Long,2026-09-10T05:37:38Z
2026-09-10T05:27:20Z,2026-09-10T07:27:20+0200,e53564bb-6d21-4766-a388-6e59f102773f,2026-09-07T10:15:00Z,2026-09-07T12:15:00+0200,179.74,EUR/MWh,PT,PT,imbalance_price,Short,2026-09-10T05:37:38Z
2026-09-10T05:27:20Z,2026-09-10T07:27:20+0200,e53564bb-6d21-4766-a388-6e59f102773f,2026-09-07T10:30:00Z,2026-09-07T12:30:00+0200,68.01,EUR/MWh,PT,PT,imbalance_price,Long,2026-09-10T05:37:38Z
2026-09-10T05:27:20Z,2026-09-10T07:27:20+0200,e53564bb-6d21-4766-a388-6e59f102773f,2026-09-07T10:30:00Z,2026-09-07T12:30:00+0200,175.99,EUR/MWh,PT,PT,imbalance_price,Short,2026-09-10T05:37:38Z
2026-09-10T05:27:20Z,2026-09-10T07:27:20+0200,e53564bb-6d21-4766-a388-6e59f102773f,2026-09-07T10:45:00Z,2026-09-07T12:45:00+0200,61.8,EUR/MWh,PT,PT,imbalance_price,Long,2026-09-10T05:37:38Z
2026-09-10T05:27:20Z,2026-09-10T07:27:20+0200,e53564bb-6d21-4766-a388-6e59f102773f,2026-09-07T10:45:00Z,2026-09-07T12:45:00+0200,191.59,EUR/MWh,PT,PT,imbalance_price,Short,2026-09-10T05:37:38Z
2026-09-10T05:27:20Z,2026-09-10T07:27:20+0200,e53564bb-6d21-4766-a388-6e59f102773f,2026-09-07T11:00:00Z,2026-09-07T13:00:00+0200,61.9,EUR/MWh,PT,PT,imbalance_price,Long,2026-09-10T05:37:38Z
2026-09-10T05:27:20Z,2026-09-10T07:27:20+0200,e53564bb-6d21-4766-a388-6e59f102773f,2026-09-07T11:00:00Z,2026-09-07T13:00:00+0200,226.5,EUR/MWh,PT,PT,imbalance_price,Short,2026-09-10T05:37:38Z
2026-09-10T05:27:20Z,2026-09-10T07:27:20+0200,e53564bb-6d21-4766-a388-6e59f102773f,2026-09-07T11:15:00Z,2026-09-07T13:15:00+0200,56.0,EUR/MWh,PT,PT,imbalance_price,Long,2026-09-10T05:37:38Z
2026-09-10T05:27:20Z,2026-09-10T07:27:20+0200,e53564bb-6d21-4766-a388-6e59f102773f,2026-09-07T11:15:00Z,2026-09-07T13:15:00+0200,228.5,EUR/MWh,PT,PT,imbalance_price,Short,2026-09-10T05:37:38Z
2026-09-10T05:27:20Z,2026-09-10T07:27:20+0200,e53564bb-6d21-4766-a388-6e59f102773f,2026-09-07T11:30:00Z,2026-09-07T13:30:00+0200,51.74,EUR/MWh,PT,PT,imbalance_price,Long,2026-09-10T05:37:38Z
2026-09-10T05:27:20Z,2026-09-10T07:27:20+0200,e53564bb-6d21-4766-a388-6e59f102773f,2026-09-07T11:30:00Z,2026-09-07T13:30:00+0200,228.5,EUR/MWh,PT,PT,imbalance_price,Short,2026-09-10T05:37:38Z
2026-09-10T05:27:20Z,2026-09-10T07:27:20+0200,e53564bb-6d21-4766-a388-6e59f102773f,2026-09-07T11:45:00Z,2026-09-07T13:45:00+0200,45.6,EUR/MWh,PT,PT,imbalance_price,Long,2026-09-10T05:37:38Z
2026-09-10T05:27:20Z,2026-09-10T07:27:20+0200,e53564bb-6d21-4766-a388-6e59f102773f,2026-09-07T11:45:00Z,2026-09-07T13:45:00+0200,228.5,EUR/MWh,PT,PT,imbalance_price,Short,2026-09-10T05:37:38Z
2026-09-10T05:27:20Z,2026-09-10T07:27:20+0200,e53564bb-6d21-4766-a388-6e59f102773f,2026-09-07T12:00:00Z,2026-09-07T14:00:00+0200,224.25,EUR/MWh,PT,PT,imbalance_price,Long,2026-09-10T05:37:38Z
2026-09-10T05:27:20Z,2026-09-10T07:27:20+0200,e53564bb-6d21-4766-a388-6e59f102773f,2026-09-07T12:00:00Z,2026-09-07T14:00:00+0200,224.25,EUR/MWh,PT,PT,imbalance_price,Short,2026-09-10T05:37:38Z
2026-09-10T05:27:20Z,2026-09-10T07:27:20+0200,e53564bb-6d21-4766-a388-6e59f102773f,2026-09-07T12:15:00Z,2026-09-07T14:15:00+0200,56.01,EUR/MWh,PT,PT,imbalance_price,Long,2026-09-10T05:37:38Z
2026-09-10T05:27:20Z,2026-09-10T07:27:20+0200,e53564bb-6d21-4766-a388-6e59f102773f,2026-09-07T12:15:00Z,2026-09-07T14:15:00+0200,221.45,EUR/MWh,PT,PT,imbalance_price,Short,2026-09-10T05:37:38Z
2026-09-10T05:27:20Z,2026-09-10T07:27:20+0200,e53564bb-6d21-4766-a388-6e59f102773f,2026-09-07T12:30:00Z,2026-09-07T14:30:00+0200,223.2,EUR/MWh,PT,PT,imbalance_price,Long,2026-09-10T05:37:38Z
2026-09-10T05:27:20Z,2026-09-10T07:27:20+0200,e53564bb-6d21-4766-a388-6e59f102773f,2026-09-07T12:30:00Z,2026-09-07T14:30:00+0200,223.2,EUR/MWh,PT,PT,imbalance_price,Short,2026-09-10T05:37:38Z
2026-09-10T05:27:20Z,2026-09-10T07:27:20+0200,e53564bb-6d21-4766-a388-6e59f102773f,2026-09-07T12:45:00Z,2026-09-07T14:45:00+0200,223.55,EUR/MWh,PT,PT,imbalance_price,Long,2026-09-10T05:37:38Z
2026-09-10T05:27:20Z,2026-09-10T07:27:20+0200,e53564bb-6d21-4766-a388-6e59f102773f,2026-09-07T12:45:00Z,2026-09-07T14:45:00+0200,223.55,EUR/MWh,PT,PT,imbalance_price,Short,2026-09-10T05:37:38Z
2026-09-10T05:27:20Z,2026-09-10T07:27:20+0200,e53564bb-6d21-4766-a388-6e59f102773f,2026-09-07T13:00:00Z,2026-09-07T15:00:00+0200,55.15,EUR/MWh,PT,PT,imbalance_price,Long,2026-09-10T05:37:38Z
2026-09-10T05:27:20Z,2026-09-10T07:27:20+0200,e53564bb-6d21-4766-a388-6e59f102773f,2026-09-07T13:00:00Z,2026-09-07T15:00:00+0200,194.15,EUR/MWh,PT,PT,imbalance_price,Short,2026-09-10T05:37:38Z
2026-09-10T05:27:20Z,2026-09-10T07:27:20+0200,e53564bb-6d21-4766-a388-6e59f102773f,2026-09-07T13:15:00Z,2026-09-07T15:15:00+0200,56.01,EUR/MWh,PT,PT,imbalance_price,Long,2026-09-10T05:37:38Z
2026-09-10T05:27:20Z,2026-09-10T07:27:20+0200,e53564bb-6d21-4766-a388-6e59f102773f,2026-09-07T13:15:00Z,2026-09-07T15:15:00+0200,221.45,EUR/MWh,PT,PT,imbalance_price,Short,2026-09-10T05:37:38Z
2026-09-10T05:27:20Z,2026-09-10T07:27:20+0200,e53564bb-6d21-4766-a388-6e59f102773f,2026-09-07T13:30:00Z,2026-09-07T15:30:00+0200,64.28,EUR/MWh,PT,PT,imbalance_price,Long,2026-09-10T05:37:38Z
2026-09-10T05:27:20Z,2026-09-10T07:27:20+0200,e53564bb-6d21-4766-a388-6e59f102773f,2026-09-07T13:30:00Z,2026-09-07T15:30:00+0200,220.4,EUR/MWh,PT,PT,imbalance_price,Short,2026-09-10T05:37:38Z
2026-09-10T05:27:20Z,2026-09-10T07:27:20+0200,e53564bb-6d21-4766-a388-6e59f102773f,2026-09-07T13:45:00Z,2026-09-07T15:45:00+0200,68.01,EUR/MWh,PT,PT,imbalance_price,Long,2026-09-10T05:37:38Z
2026-09-10T05:27:20Z,2026-09-10T07:27:20+0200,e53564bb-6d21-4766-a388-6e59f102773f,2026-09-07T13:45:00Z,2026-09-07T15:45:00+0200,220.75,EUR/MWh,PT,PT,imbalance_price,Short,2026-09-10T05:37:38Z
2026-09-10T05:27:20Z,2026-09-10T07:27:20+0200,e53564bb-6d21-4766-a388-6e59f102773f,2026-09-07T14:00:00Z,2026-09-07T16:00:00+0200,56.01,EUR/MWh,PT,PT,imbalance_price,Long,2026-09-10T05:37:38Z
2026-09-10T05:27:20Z,2026-09-10T07:27:20+0200,e53564bb-6d21-4766-a388-6e59f102773f,2026-09-07T14:00:00Z,2026-09-07T16:00:00+0200,220.4,EUR/MWh,PT,PT,imbalance_price,Short,2026-09-10T05:37:38Z
2026-09-10T05:27:20Z,2026-09-10T07:27:20+0200,e53564bb-6d21-4766-a388-6e59f102773f,2026-09-07T14:15:00Z,2026-09-07T16:15:00+0200,68.16,EUR/MWh,PT,PT,imbalance_price,Long,2026-09-10T05:37:38Z
2026-09-10T05:27:20Z,2026-09-10T07:27:20+0200,e53564bb-6d21-4766-a388-6e59f102773f,2026-09-07T14:15:00Z,2026-09-07T16:15:00+0200,220.4,EUR/MWh,PT,PT,imbalance_price,Short,2026-09-10T05:37:38Z
2026-09-10T05:27:20Z,2026-09-10T07:27:20+0200,e53564bb-6d21-4766-a388-6e59f102773f,2026-09-07T14:30:00Z,2026-09-07T16:30:00+0200,71.59,EUR/MWh,PT,PT,imbalance_price,Long,2026-09-10T05:37:38Z
2026-09-10T05:27:20Z,2026-09-10T07:27:20+0200,e53564bb-6d21-4766-a388-6e59f102773f,2026-09-07T14:30:00Z,2026-09-07T16:30:00+0200,220.4,EUR/MWh,PT,PT,imbalance_price,Short,2026-09-10T05:37:38Z
2026-09-10T05:27:20Z,2026-09-10T07:27:20+0200,e53564bb-6d21-4766-a388-6e59f102773f,2026-09-07T14:45:00Z,2026-09-07T16:45:00+0200,75.87,EUR/MWh,PT,PT,imbalance_price,Long,2026-09-10T05:37:38Z
2026-09-10T05:27:20Z,2026-09-10T07:27:20+0200,e53564bb-6d21-4766-a388-6e59f102773f,2026-09-07T14:45:00Z,2026-09-07T16:45:00+0200,172.15,EUR/MWh,PT,PT,imbalance_price,Short,2026-09-10T05:37:38Z
2026-09-10T05:27:20Z,2026-09-10T07:27:20+0200,e53564bb-6d21-4766-a388-6e59f102773f,2026-09-07T15:00:00Z,2026-09-07T17:00:00+0200,83.87,EUR/MWh,PT,PT,imbalance_price,Long,2026-09-10T05:37:38Z
2026-09-10T05:27:20Z,2026-09-10T07:27:20+0200,e53564bb-6d21-4766-a388-6e59f102773f,2026-09-07T15:00:00Z,2026-09-07T17:00:00+0200,220.05,EUR/MWh,PT,PT,imbalance_price,Short,2026-09-10T05:37:38Z
2026-09-10T05:27:20Z,2026-09-10T07:27:20+0200,e53564bb-6d21-4766-a388-6e59f102773f,2026-09-07T15:15:00Z,2026-09-07T17:15:00+0200,100.0,EUR/MWh,PT,PT,imbalance_price,Long,2026-09-10T05:37:38Z
2026-09-10T05:27:20Z,2026-09-10T07:27:20+0200,e53564bb-6d21-4766-a388-6e59f102773f,2026-09-07T15:15:00Z,2026-09-07T17:15:00+0200,222.15,EUR/MWh,PT,PT,imbalance_price,Short,2026-09-10T05:37:38Z
2026-09-10T05:27:20Z,2026-09-10T07:27:20+0200,e53564bb-6d21-4766-a388-6e59f102773f,2026-09-07T15:30:00Z,2026-09-07T17:30:00+0200,111.55,EUR/MWh,PT,PT,imbalance_price,Long,2026-09-10T05:37:38Z
2026-09-10T05:27:20Z,2026-09-10T07:27:20+0200,e53564bb-6d21-4766-a388-6e59f102773f,2026-09-07T15:30:00Z,2026-09-07T17:30:00+0200,222.5,EUR/MWh,PT,PT,imbalance_price,Short,2026-09-10T05:37:38Z
2026-09-10T05:27:20Z,2026-09-10T07:27:20+0200,e53564bb-6d21-4766-a388-6e59f102773f,2026-09-07T15:45:00Z,2026-09-07T17:45:00+0200,115.98,EUR/MWh,PT,PT,imbalance_price,Long,2026-09-10T05:37:38Z
2026-09-10T05:27:20Z,2026-09-10T07:27:20+0200,e53564bb-6d21-4766-a388-6e59f102773f,2026-09-07T15:45:00Z,2026-09-07T17:45:00+0200,223.9,EUR/MWh,PT,PT,imbalance_price,Short,2026-09-10T05:37:38Z
2026-09-10T05:27:20Z,2026-09-10T07:27:20+0200,e53564bb-6d21-4766-a388-6e59f102773f,2026-09-07T16:00:00Z,2026-09-07T18:00:00+0200,115.88,EUR/MWh,PT,PT,imbalance_price,Long,2026-09-10T05:37:38Z
2026-09-10T05:27:20Z,2026-09-10T07:27:20+0200,e53564bb-6d21-4766-a388-6e59f102773f,2026-09-07T16:00:00Z,2026-09-07T18:00:00+0200,115.88,EUR/MWh,PT,PT,imbalance_price,Short,2026-09-10T05:37:38Z
2026-09-10T05:27:20Z,2026-09-10T07:27:20+0200,e53564bb-6d21-4766-a388-6e59f102773f,2026-09-07T16:15:00Z,2026-09-07T18:15:00+0200,128.43,EUR/MWh,PT,PT,imbalance_price,Long,2026-09-10T05:37:38Z
2026-09-10T05:27:20Z,2026-09-10T07:27:20+0200,e53564bb-6d21-4766-a388-6e59f102773f,2026-09-07T16:15:00Z,2026-09-07T18:15:00+0200,176.81,EUR/MWh,PT,PT,imbalance_price,Short,2026-09-10T05:37:38Z
2026-09-10T05:27:20Z,2026-09-10T07:27:20+0200,e53564bb-6d21-4766-a388-6e59f102773f,2026-09-07T16:30:00Z,2026-09-07T18:30:00+0200,154.86,EUR/MWh,PT,PT,imbalance_price,Long,2026-09-10T05:37:38Z
2026-09-10T05:27:20Z,2026-09-10T07:27:20+0200,e53564bb-6d21-4766-a388-6e59f102773f,2026-09-07T16:30:00Z,2026-09-07T18:30:00+0200,189.62,EUR/MWh,PT,PT,imbalance_price,Short,2026-09-10T05:37:38Z
2026-09-10T05:27:20Z,2026-09-10T07:27:20+0200,e53564bb-6d21-4766-a388-6e59f102773f,2026-09-07T16:45:00Z,2026-09-07T18:45:00+0200,158.3,EUR/MWh,PT,PT,imbalance_price,Long,2026-09-10T05:37:38Z
2026-09-10T05:27:20Z,2026-09-10T07:27:20+0200,e53564bb-6d21-4766-a388-6e59f102773f,2026-09-07T16:45:00Z,2026-09-07T18:45:00+0200,198.19,EUR/MWh,PT,PT,imbalance_price,Short,2026-09-10T05:37:38Z
2026-09-10T05:27:20Z,2026-09-10T07:27:20+0200,e53564bb-6d21-4766-a388-6e59f102773f,2026-09-07T17:00:00Z,2026-09-07T19:00:00+0200,168.56,EUR/MWh,PT,PT,imbalance_price,Long,2026-09-10T05:37:38Z
2026-09-10T05:27:20Z,2026-09-10T07:27:20+0200,e53564bb-6d21-4766-a388-6e59f102773f,2026-09-07T17:00:00Z,2026-09-07T19:00:00+0200,231.6,EUR/MWh,PT,PT,imbalance_price,Short,2026-09-10T05:37:38Z
2026-09-10T05:27:20Z,2026-09-10T07:27:20+0200,e53564bb-6d21-4766-a388-6e59f102773f,2026-09-07T17:15:00Z,2026-09-07T19:15:00+0200,185.23,EUR/MWh,PT,PT,imbalance_price,Long,2026-09-10T05:37:38Z
2026-09-10T05:27:20Z,2026-09-10T07:27:20+0200,e53564bb-6d21-4766-a388-6e59f102773f,2026-09-07T17:15:00Z,2026-09-07T19:15:00+0200,250.63,EUR/MWh,PT,PT,imbalance_price,Short,2026-09-10T05:37:38Z
2026-09-10T05:27:20Z,2026-09-10T07:27:20+0200,e53564bb-6d21-4766-a388-6e59f102773f,2026-09-07T17:30:00Z,2026-09-07T19:30:00+0200,208.68,EUR/MWh,PT,PT,imbalance_price,Long,2026-09-10T05:37:38Z
2026-09-10T05:27:20Z,2026-09-10T07:27:20+0200,e53564bb-6d21-4766-a388-6e59f102773f,2026-09-07T17:30:00Z,2026-09-07T19:30:00+0200,264.32,EUR/MWh,PT,PT,imbalance_price,Short,2026-09-10T05:37:38Z
2026-09-10T05:27:20Z,2026-09-10T07:27:20+0200,e53564bb-6d21-4766-a388-6e59f102773f,2026-09-07T17:45:00Z,2026-09-07T19:45:00+0200,234.93,EUR/MWh,PT,PT,imbalance_price,Long,2026-09-10T05:37:38Z
2026-09-10T05:27:20Z,2026-09-10T07:27:20+0200,e53564bb-6d21-4766-a388-6e59f102773f,2026-09-07T17:45:00Z,2026-09-07T19:45:00+0200,307.02,EUR/MWh,PT,PT,imbalance_price,Short,2026-09-10T05:37:38Z
2026-09-10T05:27:20Z,2026-09-10T07:27:20+0200,e53564bb-6d21-4766-a388-6e59f102773f,2026-09-07T18:00:00Z,2026-09-07T20:00:00+0200,185.01,EUR/MWh,PT,PT,imbalance_price,Long,2026-09-10T05:37:38Z
2026-09-10T05:27:20Z,2026-09-10T07:27:20+0200,e53564bb-6d21-4766-a388-6e59f102773f,2026-09-07T18:00:00Z,2026-09-07T20:00:00+0200,281.12,EUR/MWh,PT,PT,imbalance_price,Short,2026-09-10T05:37:38Z
2026-09-10T05:27:20Z,2026-09-10T07:27:20+0200,e53564bb-6d21-4766-a388-6e59f102773f,2026-09-07T18:15:00Z,2026-09-07T20:15:00+0200,231.9,EUR/MWh,PT,PT,imbalance_price,Long,2026-09-10T05:37:38Z
2026-09-10T05:27:20Z,2026-09-10T07:27:20+0200,e53564bb-6d21-4766-a388-6e59f102773f,2026-09-07T18:15:00Z,2026-09-07T20:15:00+0200,286.57,EUR/MWh,PT,PT,imbalance_price,Short,2026-09-10T05:37:38Z
2026-09-10T05:27:20Z,2026-09-10T07:27:20+0200,e53564bb-6d21-4766-a388-6e59f102773f,2026-09-07T18:30:00Z,2026-09-07T20:30:00+0200,195.49,EUR/MWh,PT,PT,imbalance_price,Long,2026-09-10T05:37:38Z
2026-09-10T05:27:20Z,2026-09-10T07:27:20+0200,e53564bb-6d21-4766-a388-6e59f102773f,2026-09-07T18:30:00Z,2026-09-07T20:30:00+0200,290.87,EUR/MWh,PT,PT,imbalance_price,Short,2026-09-10T05:37:38Z
2026-09-10T05:27:20Z,2026-09-10T07:27:20+0200,e53564bb-6d21-4766-a388-6e59f102773f,2026-09-07T18:45:00Z,2026-09-07T20:45:00+0200,280.65,EUR/MWh,PT,PT,imbalance_price,Long,2026-09-10T05:37:38Z
2026-09-10T05:27:20Z,2026-09-10T07:27:20+0200,e53564bb-6d21-4766-a388-6e59f102773f,2026-09-07T18:45:00Z,2026-09-07T20:45:00+0200,280.65,EUR/MWh,PT,PT,imbalance_price,Short,2026-09-10T05:37:38Z
2026-09-10T05:27:20Z,2026-09-10T07:27:20+0200,e53564bb-6d21-4766-a388-6e59f102773f,2026-09-07T19:00:00Z,2026-09-07T21:00:00+0200,282.03,EUR/MWh,PT,PT,imbalance_price,Long,2026-09-10T05:37:38Z
2026-09-10T05:27:20Z,2026-09-10T07:27:20+0200,e53564bb-6d21-4766-a388-6e59f102773f,2026-09-07T19:00:00Z,2026-09-07T21:00:00+0200,282.03,EUR/MWh,PT,PT,imbalance_price,Short,2026-09-10T05:37:38Z
2026-09-10T05:27:20Z,2026-09-10T07:27:20+0200,e53564bb-6d21-4766-a388-6e59f102773f,2026-09-07T19:15:00Z,2026-09-07T21:15:00+0200,276.92,EUR/MWh,PT,PT,imbalance_price,Long,2026-09-10T05:37:38Z
2026-09-10T05:27:20Z,2026-09-10T07:27:20+0200,e53564bb-6d21-4766-a388-6e59f102773f,2026-09-07T19:15:00Z,2026-09-07T21:15:00+0200,276.92,EUR/MWh,PT,PT,imbalance_price,Short,2026-09-10T05:37:38Z
2026-09-10T05:27:20Z,2026-09-10T07:27:20+0200,e53564bb-6d21-4766-a388-6e59f102773f,2026-09-07T19:30:00Z,2026-09-07T21:30:00+0200,185.01,EUR/MWh,PT,PT,imbalance_price,Long,2026-09-10T05:37:38Z
2026-09-10T05:27:20Z,2026-09-10T07:27:20+0200,e53564bb-6d21-4766-a388-6e59f102773f,2026-09-07T19:30:00Z,2026-09-07T21:30:00+0200,185.01,EUR/MWh,PT,PT,imbalance_price,Short,2026-09-10T05:37:38Z
2026-09-10T05:27:20Z,2026-09-10T07:27:20+0200,e53564bb-6d21-4766-a388-6e59f102773f,2026-09-07T19:45:00Z,2026-09-07T21:45:00+0200,180.01,EUR/MWh,PT,PT,imbalance_price,Long,2026-09-10T05:37:38Z
2026-09-10T05:27:20Z,2026-09-10T07:27:20+0200,e53564bb-6d21-4766-a388-6e59f102773f,2026-09-07T19:45:00Z,2026-09-07T21:45:00+0200,180.01,EUR/MWh,PT,PT,imbalance_price,Short,2026-09-10T05:37:38Z
2026-09-10T05:27:20Z,2026-09-10T07:27:20+0200,e53564bb-6d21-4766-a388-6e59f102773f,2026-09-07T20:00:00Z,2026-09-07T22:00:00+0200,165.01,EUR/MWh,PT,PT,imbalance_price,Long,2026-09-10T05:37:38Z
2026-09-10T05:27:20Z,2026-09-10T07:27:20+0200,e53564bb-6d21-4766-a388-6e59f102773f,2026-09-07T20:00:00Z,2026-09-07T22:00:00+0200,274.27,EUR/MWh,PT,PT,imbalance_price,Short,2026-09-10T05:37:38Z
2026-09-10T05:27:20Z,2026-09-10T07:27:20+0200,e53564bb-6d21-4766-a388-6e59f102773f,2026-09-07T20:15:00Z,2026-09-07T22:15:00+0200,85.55,EUR/MWh,PT,PT,imbalance_price,Long,2026-09-10T05:37:38Z
2026-09-10T05:27:20Z,2026-09-10T07:27:20+0200,e53564bb-6d21-4766-a388-6e59f102773f,2026-09-07T20:15:00Z,2026-09-07T22:15:00+0200,85.55,EUR/MWh,PT,PT,imbalance_price,Short,2026-09-10T05:37:38Z
2026-09-10T05:27:20Z,2026-09-10T07:27:20+0200,e53564bb-6d21-4766-a388-6e59f102773f,2026-09-07T20:30:00Z,2026-09-07T22:30:00+0200,150.01,EUR/MWh,PT,PT,imbalance_price,Long,2026-09-10T05:37:38Z
2026-09-10T05:27:20Z,2026-09-10T07:27:20+0200,e53564bb-6d21-4766-a388-6e59f102773f,2026-09-07T20:30:00Z,2026-09-07T22:30:00+0200,263.94,EUR/MWh,PT,PT,imbalance_price,Short,2026-09-10T05:37:38Z
2026-09-10T05:27:20Z,2026-09-10T07:27:20+0200,e53564bb-6d21-4766-a388-6e59f102773f,2026-09-07T20:45:00Z,2026-09-07T22:45:00+0200,115.01,EUR/MWh,PT,PT,imbalance_price,Long,2026-09-10T05:37:38Z
2026-09-10T05:27:20Z,2026-09-10T07:27:20+0200,e53564bb-6d21-4766-a388-6e59f102773f,2026-09-07T20:45:00Z,2026-09-07T22:45:00+0200,115.01,EUR/MWh,PT,PT,imbalance_price,Short,2026-09-10T05:37:38Z
2026-09-10T05:27:20Z,2026-09-10T07:27:20+0200,e53564bb-6d21-4766-a388-6e59f102773f,2026-09-07T21:00:00Z,2026-09-07T23:00:00+0200,120.01,EUR/MWh,PT,PT,imbalance_price,Long,2026-09-10T05:37:38Z
2026-09-10T05:27:20Z,2026-09-10T07:27:20+0200,e53564bb-6d21-4766-a388-6e59f102773f,2026-09-07T21:00:00Z,2026-09-07T23:00:00+0200,120.01,EUR/MWh,PT,PT,imbalance_price,Short,2026-09-10T05:37:38Z
2026-09-10T05:27:20Z,2026-09-10T07:27:20+0200,e53564bb-6d21-4766-a388-6e59f102773f,2026-09-07T21:15:00Z,2026-09-07T23:15:00+0200,120.01,EUR/MWh,PT,PT,imbalance_price,Long,2026-09-10T05:37:38Z
2026-09-10T05:27:20Z,2026-09-10T07:27:20+0200,e53564bb-6d21-4766-a388-6e59f102773f,2026-09-07T21:15:00Z,2026-09-07T23:15:00+0200,120.01,EUR/MWh,PT,PT,imbalance_price,Short,2026-09-10T05:37:38Z
2026-09-10T05:27:20Z,2026-09-10T07:27:20+0200,e53564bb-6d21-4766-a388-6e59f102773f,2026-09-07T21:30:00Z,2026-09-07T23:30:00+0200,115.01,EUR/MWh,PT,PT,imbalance_price,Long,2026-09-10T05:37:38Z
2026-09-10T05:27:20Z,2026-09-10T07:27:20+0200,e53564bb-6d21-4766-a388-6e59f102773f,2026-09-07T21:30:00Z,2026-09-07T23:30:00+0200,115.01,EUR/MWh,PT,PT,imbalance_price,Short,2026-09-10T05:37:38Z
2026-09-10T05:27:20Z,2026-09-10T07:27:20+0200,e53564bb-6d21-4766-a388-6e59f102773f,2026-09-07T21:45:00Z,2026-09-07T23:45:00+0200,95.01,EUR/MWh,PT,PT,imbalance_price,Long,2026-09-10T05:37:38Z
2026-09-10T05:27:20Z,2026-09-10T07:27:20+0200,e53564bb-6d21-4766-a388-6e59f102773f,2026-09-07T21:45:00Z,2026-09-07T23:45:00+0200,95.01,EUR/MWh,PT,PT,imbalance_price,Short,2026-09-10T05:37:38Z
