collection_time_utc,collection_time_local,run_id,timestamp_utc,timestamp_local,value,unit,country,entsoe_area,variable,source,updated_at_utc
2026-09-19T08:05:44Z,2026-09-19T10:05:44+0200,d0ccc165-cf88-4955-8f53-a6e7a40a56a9,2026-09-12T08:15:00Z,2026-09-12T10:15:00+0200,-7.83,EUR/MWh,PT,PT,imbalance_price,Long,2026-09-19T08:09:43Z
2026-09-19T08:05:44Z,2026-09-19T10:05:44+0200,d0ccc165-cf88-4955-8f53-a6e7a40a56a9,2026-09-12T08:15:00Z,2026-09-12T10:15:00+0200,-7.83,EUR/MWh,PT,PT,imbalance_price,Short,2026-09-19T08:09:43Z
2026-09-19T08:05:44Z,2026-09-19T10:05:44+0200,d0ccc165-cf88-4955-8f53-a6e7a40a56a9,2026-09-12T08:30:00Z,2026-09-12T10:30:00+0200,-0.32,EUR/MWh,PT,PT,imbalance_price,Long,2026-09-19T08:09:43Z
2026-09-19T08:05:44Z,2026-09-19T10:05:44+0200,d0ccc165-cf88-4955-8f53-a6e7a40a56a9,2026-09-12T08:30:00Z,2026-09-12T10:30:00+0200,-0.32,EUR/MWh,PT,PT,imbalance_price,Short,2026-09-19T08:09:43Z
2026-09-19T08:05:44Z,2026-09-19T10:05:44+0200,d0ccc165-cf88-4955-8f53-a6e7a40a56a9,2026-09-12T08:45:00Z,2026-09-12T10:45:00+0200,-23.46,EUR/MWh,PT,PT,imbalance_price,Long,2026-09-19T08:09:43Z
2026-09-19T08:05:44Z,2026-09-19T10:05:44+0200,d0ccc165-cf88-4955-8f53-a6e7a40a56a9,2026-09-12T08:45:00Z,2026-09-12T10:45:00+0200,0.12,EUR/MWh,PT,PT,imbalance_price,Short,2026-09-19T08:09:43Z
2026-09-19T08:05:44Z,2026-09-19T10:05:44+0200,d0ccc165-cf88-4955-8f53-a6e7a40a56a9,2026-09-12T09:00:00Z,2026-09-12T11:00:00+0200,-14.93,EUR/MWh,PT,PT,imbalance_price,Long,2026-09-19T08:09:43Z
2026-09-19T08:05:44Z,2026-09-19T10:05:44+0200,d0ccc165-cf88-4955-8f53-a6e7a40a56a9,2026-09-12T09:00:00Z,2026-09-12T11:00:00+0200,-14.93,EUR/MWh,PT,PT,imbalance_price,Short,2026-09-19T08:09:43Z
2026-09-19T08:05:44Z,2026-09-19T10:05:44+0200,d0ccc165-cf88-4955-8f53-a6e7a40a56a9,2026-09-12T09:15:00Z,2026-09-12T11:15:00+0200,-0.01,EUR/MWh,PT,PT,imbalance_price,Long,2026-09-19T08:09:43Z
2026-09-19T08:05:44Z,2026-09-19T10:05:44+0200,d0ccc165-cf88-4955-8f53-a6e7a40a56a9,2026-09-12T09:15:00Z,2026-09-12T11:15:00+0200,-0.01,EUR/MWh,PT,PT,imbalance_price,Short,2026-09-19T08:09:43Z
2026-09-19T08:05:44Z,2026-09-19T10:05:44+0200,d0ccc165-cf88-4955-8f53-a6e7a40a56a9,2026-09-12T09:30:00Z,2026-09-12T11:30:00+0200,0.0,EUR/MWh,PT,PT,imbalance_price,Long,2026-09-19T08:09:43Z
2026-09-19T08:05:44Z,2026-09-19T10:05:44+0200,d0ccc165-cf88-4955-8f53-a6e7a40a56a9,2026-09-12T09:30:00Z,2026-09-12T11:30:00+0200,0.0,EUR/MWh,PT,PT,imbalance_price,Short,2026-09-19T08:09:43Z
2026-09-19T08:05:44Z,2026-09-19T10:05:44+0200,d0ccc165-cf88-4955-8f53-a6e7a40a56a9,2026-09-12T09:45:00Z,2026-09-12T11:45:00+0200,-2.5,EUR/MWh,PT,PT,imbalance_price,Long,2026-09-19T08:09:43Z
2026-09-19T08:05:44Z,2026-09-19T10:05:44+0200,d0ccc165-cf88-4955-8f53-a6e7a40a56a9,2026-09-12T09:45:00Z,2026-09-12T11:45:00+0200,-2.5,EUR/MWh,PT,PT,imbalance_price,Short,2026-09-19T08:09:43Z
2026-09-19T08:05:44Z,2026-09-19T10:05:44+0200,d0ccc165-cf88-4955-8f53-a6e7a40a56a9,2026-09-12T10:00:00Z,2026-09-12T12:00:00+0200,0.0,EUR/MWh,PT,PT,imbalance_price,Long,2026-09-19T08:09:43Z
2026-09-19T08:05:44Z,2026-09-19T10:05:44+0200,d0ccc165-cf88-4955-8f53-a6e7a40a56a9,2026-09-12T10:00:00Z,2026-09-12T12:00:00+0200,0.0,EUR/MWh,PT,PT,imbalance_price,Short,2026-09-19T08:09:43Z
2026-09-19T08:05:44Z,2026-09-19T10:05:44+0200,d0ccc165-cf88-4955-8f53-a6e7a40a56a9,2026-09-12T10:15:00Z,2026-09-12T12:15:00+0200,0.0,EUR/MWh,PT,PT,imbalance_price,Long,2026-09-19T08:09:43Z
2026-09-19T08:05:44Z,2026-09-19T10:05:44+0200,d0ccc165-cf88-4955-8f53-a6e7a40a56a9,2026-09-12T10:15:00Z,2026-09-12T12:15:00+0200,0.0,EUR/MWh,PT,PT,imbalance_price,Short,2026-09-19T08:09:43Z
2026-09-19T08:05:44Z,2026-09-19T10:05:44+0200,d0ccc165-cf88-4955-8f53-a6e7a40a56a9,2026-09-12T10:30:00Z,2026-09-12T12:30:00+0200,0.0,EUR/MWh,PT,PT,imbalance_price,Long,2026-09-19T08:09:43Z
2026-09-19T08:05:44Z,2026-09-19T10:05:44+0200,d0ccc165-cf88-4955-8f53-a6e7a40a56a9,2026-09-12T10:30:00Z,2026-09-12T12:30:00+0200,0.0,EUR/MWh,PT,PT,imbalance_price,Short,2026-09-19T08:09:43Z
2026-09-19T08:05:44Z,2026-09-19T10:05:44+0200,d0ccc165-cf88-4955-8f53-a6e7a40a56a9,2026-09-12T10:45:00Z,2026-09-12T12:45:00+0200,0.0,EUR/MWh,PT,PT,imbalance_price,Long,2026-09-19T08:09:43Z
2026-09-19T08:05:44Z,2026-09-19T10:05:44+0200,d0ccc165-cf88-4955-8f53-a6e7a40a56a9,2026-09-12T10:45:00Z,2026-09-12T12:45:00+0200,0.0,EUR/MWh,PT,PT,imbalance_price,Short,2026-09-19T08:09:43Z
2026-09-19T08:05:44Z,2026-09-19T10:05:44+0200,d0ccc165-cf88-4955-8f53-a6e7a40a56a9,2026-09-12T11:00:00Z,2026-09-12T13:00:00+0200,-2.0,EUR/MWh,PT,PT,imbalance_price,Long,2026-09-19T08:09:43Z
2026-09-19T08:05:44Z,2026-09-19T10:05:44+0200,d0ccc165-cf88-4955-8f53-a6e7a40a56a9,2026-09-12T11:00:00Z,2026-09-12T13:00:00+0200,-2.0,EUR/MWh,PT,PT,imbalance_price,Short,2026-09-19T08:09:43Z
2026-09-19T08:05:44Z,2026-09-19T10:05:44+0200,d0ccc165-cf88-4955-8f53-a6e7a40a56a9,2026-09-12T11:15:00Z,2026-09-12T13:15:00+0200,0.0,EUR/MWh,PT,PT,imbalance_price,Long,2026-09-19T08:09:43Z
2026-09-19T08:05:44Z,2026-09-19T10:05:44+0200,d0ccc165-cf88-4955-8f53-a6e7a40a56a9,2026-09-12T11:15:00Z,2026-09-12T13:15:00+0200,0.0,EUR/MWh,PT,PT,imbalance_price,Short,2026-09-19T08:09:43Z
2026-09-19T08:05:44Z,2026-09-19T10:05:44+0200,d0ccc165-cf88-4955-8f53-a6e7a40a56a9,2026-09-12T11:30:00Z,2026-09-12T13:30:00+0200,-2.0,EUR/MWh,PT,PT,imbalance_price,Long,2026-09-19T08:09:43Z
2026-09-19T08:05:44Z,2026-09-19T10:05:44+0200,d0ccc165-cf88-4955-8f53-a6e7a40a56a9,2026-09-12T11:30:00Z,2026-09-12T13:30:00+0200,-2.0,EUR/MWh,PT,PT,imbalance_price,Short,2026-09-19T08:09:43Z
2026-09-19T08:05:44Z,2026-09-19T10:05:44+0200,d0ccc165-cf88-4955-8f53-a6e7a40a56a9,2026-09-12T11:45:00Z,2026-09-12T13:45:00+0200,-2.5,EUR/MWh,PT,PT,imbalance_price,Long,2026-09-19T08:09:43Z
2026-09-19T08:05:44Z,2026-09-19T10:05:44+0200,d0ccc165-cf88-4955-8f53-a6e7a40a56a9,2026-09-12T11:45:00Z,2026-09-12T13:45:00+0200,-2.5,EUR/MWh,PT,PT,imbalance_price,Short,2026-09-19T08:09:43Z
2026-09-19T08:05:44Z,2026-09-19T10:05:44+0200,d0ccc165-cf88-4955-8f53-a6e7a40a56a9,2026-09-12T12:00:00Z,2026-09-12T14:00:00+0200,0.0,EUR/MWh,PT,PT,imbalance_price,Long,2026-09-19T08:09:43Z
2026-09-19T08:05:44Z,2026-09-19T10:05:44+0200,d0ccc165-cf88-4955-8f53-a6e7a40a56a9,2026-09-12T12:00:00Z,2026-09-12T14:00:00+0200,0.0,EUR/MWh,PT,PT,imbalance_price,Short,2026-09-19T08:09:43Z
2026-09-19T08:05:44Z,2026-09-19T10:05:44+0200,d0ccc165-cf88-4955-8f53-a6e7a40a56a9,2026-09-12T12:15:00Z,2026-09-12T14:15:00+0200,0.0,EUR/MWh,PT,PT,imbalance_price,Long,2026-09-19T08:09:43Z
2026-09-19T08:05:44Z,2026-09-19T10:05:44+0200,d0ccc165-cf88-4955-8f53-a6e7a40a56a9,2026-09-12T12:15:00Z,2026-09-12T14:15:00+0200,0.0,EUR/MWh,PT,PT,imbalance_price,Short,2026-09-19T08:09:43Z
2026-09-19T08:05:44Z,2026-09-19T10:05:44+0200,d0ccc165-cf88-4955-8f53-a6e7a40a56a9,2026-09-12T12:30:00Z,2026-09-12T14:30:00+0200,0.0,EUR/MWh,PT,PT,imbalance_price,Long,2026-09-19T08:09:43Z
2026-09-19T08:05:44Z,2026-09-19T10:05:44+0200,d0ccc165-cf88-4955-8f53-a6e7a40a56a9,2026-09-12T12:30:00Z,2026-09-12T14:30:00+0200,0.0,EUR/MWh,PT,PT,imbalance_price,Short,2026-09-19T08:09:43Z
2026-09-19T08:05:44Z,2026-09-19T10:05:44+0200,d0ccc165-cf88-4955-8f53-a6e7a40a56a9,2026-09-12T12:45:00Z,2026-09-12T14:45:00+0200,-0.01,EUR/MWh,PT,PT,imbalance_price,Long,2026-09-19T08:09:43Z
2026-09-19T08:05:44Z,2026-09-19T10:05:44+0200,d0ccc165-cf88-4955-8f53-a6e7a40a56a9,2026-09-12T12:45:00Z,2026-09-12T14:45:00+0200,-0.01,EUR/MWh,PT,PT,imbalance_price,Short,2026-09-19T08:09:43Z
2026-09-19T08:05:44Z,2026-09-19T10:05:44+0200,d0ccc165-cf88-4955-8f53-a6e7a40a56a9,2026-09-12T13:00:00Z,2026-09-12T15:00:00+0200,-0.01,EUR/MWh,PT,PT,imbalance_price,Long,2026-09-19T08:09:43Z
2026-09-19T08:05:44Z,2026-09-19T10:05:44+0200,d0ccc165-cf88-4955-8f53-a6e7a40a56a9,2026-09-12T13:00:00Z,2026-09-12T15:00:00+0200,-0.01,EUR/MWh,PT,PT,imbalance_price,Short,2026-09-19T08:09:43Z
2026-09-19T08:05:44Z,2026-09-19T10:05:44+0200,d0ccc165-cf88-4955-8f53-a6e7a40a56a9,2026-09-12T13:15:00Z,2026-09-12T15:15:00+0200,-0.5,EUR/MWh,PT,PT,imbalance_price,Long,2026-09-19T08:09:43Z
2026-09-19T08:05:44Z,2026-09-19T10:05:44+0200,d0ccc165-cf88-4955-8f53-a6e7a40a56a9,2026-09-12T13:15:00Z,2026-09-12T15:15:00+0200,-0.5,EUR/MWh,PT,PT,imbalance_price,Short,2026-09-19T08:09:43Z
2026-09-19T08:05:44Z,2026-09-19T10:05:44+0200,d0ccc165-cf88-4955-8f53-a6e7a40a56a9,2026-09-12T13:30:00Z,2026-09-12T15:30:00+0200,-2.0,EUR/MWh,PT,PT,imbalance_price,Long,2026-09-19T08:09:43Z
2026-09-19T08:05:44Z,2026-09-19T10:05:44+0200,d0ccc165-cf88-4955-8f53-a6e7a40a56a9,2026-09-12T13:30:00Z,2026-09-12T15:30:00+0200,-2.0,EUR/MWh,PT,PT,imbalance_price,Short,2026-09-19T08:09:43Z
2026-09-19T08:05:44Z,2026-09-19T10:05:44+0200,d0ccc165-cf88-4955-8f53-a6e7a40a56a9,2026-09-12T13:45:00Z,2026-09-12T15:45:00+0200,0.0,EUR/MWh,PT,PT,imbalance_price,Long,2026-09-19T08:09:43Z
2026-09-19T08:05:44Z,2026-09-19T10:05:44+0200,d0ccc165-cf88-4955-8f53-a6e7a40a56a9,2026-09-12T13:45:00Z,2026-09-12T15:45:00+0200,0.0,EUR/MWh,PT,PT,imbalance_price,Short,2026-09-19T08:09:43Z
2026-09-19T08:05:44Z,2026-09-19T10:05:44+0200,d0ccc165-cf88-4955-8f53-a6e7a40a56a9,2026-09-12T14:00:00Z,2026-09-12T16:00:00+0200,0.0,EUR/MWh,PT,PT,imbalance_price,Long,2026-09-19T08:09:43Z
2026-09-19T08:05:44Z,2026-09-19T10:05:44+0200,d0ccc165-cf88-4955-8f53-a6e7a40a56a9,2026-09-12T14:00:00Z,2026-09-12T16:00:00+0200,0.0,EUR/MWh,PT,PT,imbalance_price,Short,2026-09-19T08:09:43Z
2026-09-19T08:05:44Z,2026-09-19T10:05:44+0200,d0ccc165-cf88-4955-8f53-a6e7a40a56a9,2026-09-12T14:15:00Z,2026-09-12T16:15:00+0200,0.0,EUR/MWh,PT,PT,imbalance_price,Long,2026-09-19T08:09:43Z
2026-09-19T08:05:44Z,2026-09-19T10:05:44+0200,d0ccc165-cf88-4955-8f53-a6e7a40a56a9,2026-09-12T14:15:00Z,2026-09-12T16:15:00+0200,0.0,EUR/MWh,PT,PT,imbalance_price,Short,2026-09-19T08:09:43Z
2026-09-19T08:05:44Z,2026-09-19T10:05:44+0200,d0ccc165-cf88-4955-8f53-a6e7a40a56a9,2026-09-12T14:30:00Z,2026-09-12T16:30:00+0200,-0.1,EUR/MWh,PT,PT,imbalance_price,Long,2026-09-19T08:09:43Z
2026-09-19T08:05:44Z,2026-09-19T10:05:44+0200,d0ccc165-cf88-4955-8f53-a6e7a40a56a9,2026-09-12T14:30:00Z,2026-09-12T16:30:00+0200,-0.1,EUR/MWh,PT,PT,imbalance_price,Short,2026-09-19T08:09:43Z
2026-09-19T08:05:44Z,2026-09-19T10:05:44+0200,d0ccc165-cf88-4955-8f53-a6e7a40a56a9,2026-09-12T14:45:00Z,2026-09-12T16:45:00+0200,-0.18,EUR/MWh,PT,PT,imbalance_price,Long,2026-09-19T08:09:43Z
2026-09-19T08:05:44Z,2026-09-19T10:05:44+0200,d0ccc165-cf88-4955-8f53-a6e7a40a56a9,2026-09-12T14:45:00Z,2026-09-12T16:45:00+0200,0.34,EUR/MWh,PT,PT,imbalance_price,Short,2026-09-19T08:09:43Z
2026-09-19T08:05:44Z,2026-09-19T10:05:44+0200,d0ccc165-cf88-4955-8f53-a6e7a40a56a9,2026-09-12T15:00:00Z,2026-09-12T17:00:00+0200,-0.62,EUR/MWh,PT,PT,imbalance_price,Long,2026-09-19T08:09:43Z
2026-09-19T08:05:44Z,2026-09-19T10:05:44+0200,d0ccc165-cf88-4955-8f53-a6e7a40a56a9,2026-09-12T15:00:00Z,2026-09-12T17:00:00+0200,1.2,EUR/MWh,PT,PT,imbalance_price,Short,2026-09-19T08:09:43Z
2026-09-19T08:05:44Z,2026-09-19T10:05:44+0200,d0ccc165-cf88-4955-8f53-a6e7a40a56a9,2026-09-12T15:15:00Z,2026-09-12T17:15:00+0200,-0.49,EUR/MWh,PT,PT,imbalance_price,Long,2026-09-19T08:09:43Z
2026-09-19T08:05:44Z,2026-09-19T10:05:44+0200,d0ccc165-cf88-4955-8f53-a6e7a40a56a9,2026-09-12T15:15:00Z,2026-09-12T17:15:00+0200,1.3,EUR/MWh,PT,PT,imbalance_price,Short,2026-09-19T08:09:43Z
2026-09-19T08:05:44Z,2026-09-19T10:05:44+0200,d0ccc165-cf88-4955-8f53-a6e7a40a56a9,2026-09-12T15:30:00Z,2026-09-12T17:30:00+0200,0.86,EUR/MWh,PT,PT,imbalance_price,Long,2026-09-19T08:09:43Z
2026-09-19T08:05:44Z,2026-09-19T10:05:44+0200,d0ccc165-cf88-4955-8f53-a6e7a40a56a9,2026-09-12T15:30:00Z,2026-09-12T17:30:00+0200,1.01,EUR/MWh,PT,PT,imbalance_price,Short,2026-09-19T08:09:43Z
2026-09-19T08:05:44Z,2026-09-19T10:05:44+0200,d0ccc165-cf88-4955-8f53-a6e7a40a56a9,2026-09-12T15:45:00Z,2026-09-12T17:45:00+0200,2.74,EUR/MWh,PT,PT,imbalance_price,Long,2026-09-19T08:09:43Z
2026-09-19T08:05:44Z,2026-09-19T10:05:44+0200,d0ccc165-cf88-4955-8f53-a6e7a40a56a9,2026-09-12T15:45:00Z,2026-09-12T17:45:00+0200,3.01,EUR/MWh,PT,PT,imbalance_price,Short,2026-09-19T08:09:43Z
2026-09-19T08:05:44Z,2026-09-19T10:05:44+0200,d0ccc165-cf88-4955-8f53-a6e7a40a56a9,2026-09-12T16:00:00Z,2026-09-12T18:00:00+0200,0.71,EUR/MWh,PT,PT,imbalance_price,Long,2026-09-19T08:09:43Z
2026-09-19T08:05:44Z,2026-09-19T10:05:44+0200,d0ccc165-cf88-4955-8f53-a6e7a40a56a9,2026-09-12T16:00:00Z,2026-09-12T18:00:00+0200,1.8,EUR/MWh,PT,PT,imbalance_price,Short,2026-09-19T08:09:43Z
2026-09-19T08:05:44Z,2026-09-19T10:05:44+0200,d0ccc165-cf88-4955-8f53-a6e7a40a56a9,2026-09-12T16:15:00Z,2026-09-12T18:15:00+0200,31.02,EUR/MWh,PT,PT,imbalance_price,Long,2026-09-19T08:09:43Z
2026-09-19T08:05:44Z,2026-09-19T10:05:44+0200,d0ccc165-cf88-4955-8f53-a6e7a40a56a9,2026-09-12T16:15:00Z,2026-09-12T18:15:00+0200,41.94,EUR/MWh,PT,PT,imbalance_price,Short,2026-09-19T08:09:43Z
2026-09-19T08:05:44Z,2026-09-19T10:05:44+0200,d0ccc165-cf88-4955-8f53-a6e7a40a56a9,2026-09-12T16:30:00Z,2026-09-12T18:30:00+0200,64.03,EUR/MWh,PT,PT,imbalance_price,Long,2026-09-19T08:09:43Z
2026-09-19T08:05:44Z,2026-09-19T10:05:44+0200,d0ccc165-cf88-4955-8f53-a6e7a40a56a9,2026-09-12T16:30:00Z,2026-09-12T18:30:00+0200,82.47,EUR/MWh,PT,PT,imbalance_price,Short,2026-09-19T08:09:43Z
2026-09-19T08:05:44Z,2026-09-19T10:05:44+0200,d0ccc165-cf88-4955-8f53-a6e7a40a56a9,2026-09-12T16:45:00Z,2026-09-12T18:45:00+0200,163.97,EUR/MWh,PT,PT,imbalance_price,Long,2026-09-19T08:09:43Z
2026-09-19T08:05:44Z,2026-09-19T10:05:44+0200,d0ccc165-cf88-4955-8f53-a6e7a40a56a9,2026-09-12T16:45:00Z,2026-09-12T18:45:00+0200,163.97,EUR/MWh,PT,PT,imbalance_price,Short,2026-09-19T08:09:43Z
2026-09-19T08:05:44Z,2026-09-19T10:05:44+0200,d0ccc165-cf88-4955-8f53-a6e7a40a56a9,2026-09-12T17:00:00Z,2026-09-12T19:00:00+0200,184.53,EUR/MWh,PT,PT,imbalance_price,Long,2026-09-19T08:09:43Z
2026-09-19T08:05:44Z,2026-09-19T10:05:44+0200,d0ccc165-cf88-4955-8f53-a6e7a40a56a9,2026-09-12T17:00:00Z,2026-09-12T19:00:00+0200,184.53,EUR/MWh,PT,PT,imbalance_price,Short,2026-09-19T08:09:43Z
2026-09-19T08:05:44Z,2026-09-19T10:05:44+0200,d0ccc165-cf88-4955-8f53-a6e7a40a56a9,2026-09-12T17:15:00Z,2026-09-12T19:15:00+0200,190.63,EUR/MWh,PT,PT,imbalance_price,Long,2026-09-19T08:09:43Z
2026-09-19T08:05:44Z,2026-09-19T10:05:44+0200,d0ccc165-cf88-4955-8f53-a6e7a40a56a9,2026-09-12T17:15:00Z,2026-09-12T19:15:00+0200,190.63,EUR/MWh,PT,PT,imbalance_price,Short,2026-09-19T08:09:43Z
2026-09-19T08:05:44Z,2026-09-19T10:05:44+0200,d0ccc165-cf88-4955-8f53-a6e7a40a56a9,2026-09-12T17:30:00Z,2026-09-12T19:30:00+0200,235.79,EUR/MWh,PT,PT,imbalance_price,Long,2026-09-19T08:09:43Z
2026-09-19T08:05:44Z,2026-09-19T10:05:44+0200,d0ccc165-cf88-4955-8f53-a6e7a40a56a9,2026-09-12T17:30:00Z,2026-09-12T19:30:00+0200,235.79,EUR/MWh,PT,PT,imbalance_price,Short,2026-09-19T08:09:43Z
2026-09-19T08:05:44Z,2026-09-19T10:05:44+0200,d0ccc165-cf88-4955-8f53-a6e7a40a56a9,2026-09-12T17:45:00Z,2026-09-12T19:45:00+0200,240.8,EUR/MWh,PT,PT,imbalance_price,Long,2026-09-19T08:09:43Z
2026-09-19T08:05:44Z,2026-09-19T10:05:44+0200,d0ccc165-cf88-4955-8f53-a6e7a40a56a9,2026-09-12T17:45:00Z,2026-09-12T19:45:00+0200,240.8,EUR/MWh,PT,PT,imbalance_price,Short,2026-09-19T08:09:43Z
2026-09-19T08:05:44Z,2026-09-19T10:05:44+0200,d0ccc165-cf88-4955-8f53-a6e7a40a56a9,2026-09-12T18:00:00Z,2026-09-12T20:00:00+0200,217.07,EUR/MWh,PT,PT,imbalance_price,Long,2026-09-19T08:09:43Z
2026-09-19T08:05:44Z,2026-09-19T10:05:44+0200,d0ccc165-cf88-4955-8f53-a6e7a40a56a9,2026-09-12T18:00:00Z,2026-09-12T20:00:00+0200,217.07,EUR/MWh,PT,PT,imbalance_price,Short,2026-09-19T08:09:43Z
2026-09-19T08:05:44Z,2026-09-19T10:05:44+0200,d0ccc165-cf88-4955-8f53-a6e7a40a56a9,2026-09-12T18:15:00Z,2026-09-12T20:15:00+0200,214.3,EUR/MWh,PT,PT,imbalance_price,Long,2026-09-19T08:09:43Z
2026-09-19T08:05:44Z,2026-09-19T10:05:44+0200,d0ccc165-cf88-4955-8f53-a6e7a40a56a9,2026-09-12T18:15:00Z,2026-09-12T20:15:00+0200,214.3,EUR/MWh,PT,PT,imbalance_price,Short,2026-09-19T08:09:43Z
2026-09-19T08:05:44Z,2026-09-19T10:05:44+0200,d0ccc165-cf88-4955-8f53-a6e7a40a56a9,2026-09-12T18:30:00Z,2026-09-12T20:30:00+0200,212.62,EUR/MWh,PT,PT,imbalance_price,Long,2026-09-19T08:09:43Z
2026-09-19T08:05:44Z,2026-09-19T10:05:44+0200,d0ccc165-cf88-4955-8f53-a6e7a40a56a9,2026-09-12T18:30:00Z,2026-09-12T20:30:00+0200,212.62,EUR/MWh,PT,PT,imbalance_price,Short,2026-09-19T08:09:43Z
2026-09-19T08:05:44Z,2026-09-19T10:05:44+0200,d0ccc165-cf88-4955-8f53-a6e7a40a56a9,2026-09-12T18:45:00Z,2026-09-12T20:45:00+0200,206.43,EUR/MWh,PT,PT,imbalance_price,Long,2026-09-19T08:09:43Z
2026-09-19T08:05:44Z,2026-09-19T10:05:44+0200,d0ccc165-cf88-4955-8f53-a6e7a40a56a9,2026-09-12T18:45:00Z,2026-09-12T20:45:00+0200,206.43,EUR/MWh,PT,PT,imbalance_price,Short,2026-09-19T08:09:43Z
2026-09-19T08:05:44Z,2026-09-19T10:05:44+0200,d0ccc165-cf88-4955-8f53-a6e7a40a56a9,2026-09-12T19:00:00Z,2026-09-12T21:00:00+0200,223.97,EUR/MWh,PT,PT,imbalance_price,Long,2026-09-19T08:09:43Z
2026-09-19T08:05:44Z,2026-09-19T10:05:44+0200,d0ccc165-cf88-4955-8f53-a6e7a40a56a9,2026-09-12T19:00:00Z,2026-09-12T21:00:00+0200,223.97,EUR/MWh,PT,PT,imbalance_price,Short,2026-09-19T08:09:43Z
2026-09-19T08:05:44Z,2026-09-19T10:05:44+0200,d0ccc165-cf88-4955-8f53-a6e7a40a56a9,2026-09-12T19:15:00Z,2026-09-12T21:15:00+0200,114.7,EUR/MWh,PT,PT,imbalance_price,Long,2026-09-19T08:09:43Z
2026-09-19T08:05:44Z,2026-09-19T10:05:44+0200,d0ccc165-cf88-4955-8f53-a6e7a40a56a9,2026-09-12T19:15:00Z,2026-09-12T21:15:00+0200,200.36,EUR/MWh,PT,PT,imbalance_price,Short,2026-09-19T08:09:43Z
2026-09-19T08:05:44Z,2026-09-19T10:05:44+0200,d0ccc165-cf88-4955-8f53-a6e7a40a56a9,2026-09-12T19:30:00Z,2026-09-12T21:30:00+0200,161.56,EUR/MWh,PT,PT,imbalance_price,Long,2026-09-19T08:09:43Z
2026-09-19T08:05:44Z,2026-09-19T10:05:44+0200,d0ccc165-cf88-4955-8f53-a6e7a40a56a9,2026-09-12T19:30:00Z,2026-09-12T21:30:00+0200,229.61,EUR/MWh,PT,PT,imbalance_price,Short,2026-09-19T08:09:43Z
2026-09-19T08:05:44Z,2026-09-19T10:05:44+0200,d0ccc165-cf88-4955-8f53-a6e7a40a56a9,2026-09-12T19:45:00Z,2026-09-12T21:45:00+0200,157.74,EUR/MWh,PT,PT,imbalance_price,Long,2026-09-19T08:09:43Z
2026-09-19T08:05:44Z,2026-09-19T10:05:44+0200,d0ccc165-cf88-4955-8f53-a6e7a40a56a9,2026-09-12T19:45:00Z,2026-09-12T21:45:00+0200,227.48,EUR/MWh,PT,PT,imbalance_price,Short,2026-09-19T08:09:43Z
2026-09-19T08:05:44Z,2026-09-19T10:05:44+0200,d0ccc165-cf88-4955-8f53-a6e7a40a56a9,2026-09-12T20:00:00Z,2026-09-12T22:00:00+0200,109.57,EUR/MWh,PT,PT,imbalance_price,Long,2026-09-19T08:09:43Z
2026-09-19T08:05:44Z,2026-09-19T10:05:44+0200,d0ccc165-cf88-4955-8f53-a6e7a40a56a9,2026-09-12T20:00:00Z,2026-09-12T22:00:00+0200,241.13,EUR/MWh,PT,PT,imbalance_price,Short,2026-09-19T08:09:43Z
2026-09-19T08:05:44Z,2026-09-19T10:05:44+0200,d0ccc165-cf88-4955-8f53-a6e7a40a56a9,2026-09-12T20:15:00Z,2026-09-12T22:15:00+0200,99.61,EUR/MWh,PT,PT,imbalance_price,Long,2026-09-19T08:09:43Z
2026-09-19T08:05:44Z,2026-09-19T10:05:44+0200,d0ccc165-cf88-4955-8f53-a6e7a40a56a9,2026-09-12T20:15:00Z,2026-09-12T22:15:00+0200,238.7,EUR/MWh,PT,PT,imbalance_price,Short,2026-09-19T08:09:43Z
2026-09-19T08:05:44Z,2026-09-19T10:05:44+0200,d0ccc165-cf88-4955-8f53-a6e7a40a56a9,2026-09-12T20:30:00Z,2026-09-12T22:30:00+0200,95.28,EUR/MWh,PT,PT,imbalance_price,Long,2026-09-19T08:09:43Z
2026-09-19T08:05:44Z,2026-09-19T10:05:44+0200,d0ccc165-cf88-4955-8f53-a6e7a40a56a9,2026-09-12T20:30:00Z,2026-09-12T22:30:00+0200,239.28,EUR/MWh,PT,PT,imbalance_price,Short,2026-09-19T08:09:43Z
2026-09-19T08:05:44Z,2026-09-19T10:05:44+0200,d0ccc165-cf88-4955-8f53-a6e7a40a56a9,2026-09-12T20:45:00Z,2026-09-12T22:45:00+0200,94.63,EUR/MWh,PT,PT,imbalance_price,Long,2026-09-19T08:09:43Z
2026-09-19T08:05:44Z,2026-09-19T10:05:44+0200,d0ccc165-cf88-4955-8f53-a6e7a40a56a9,2026-09-12T20:45:00Z,2026-09-12T22:45:00+0200,234.12,EUR/MWh,PT,PT,imbalance_price,Short,2026-09-19T08:09:43Z
2026-09-19T08:05:44Z,2026-09-19T10:05:44+0200,d0ccc165-cf88-4955-8f53-a6e7a40a56a9,2026-09-12T21:00:00Z,2026-09-12T23:00:00+0200,114.55,EUR/MWh,PT,PT,imbalance_price,Long,2026-09-19T08:09:43Z
2026-09-19T08:05:44Z,2026-09-19T10:05:44+0200,d0ccc165-cf88-4955-8f53-a6e7a40a56a9,2026-09-12T21:00:00Z,2026-09-12T23:00:00+0200,234.34,EUR/MWh,PT,PT,imbalance_price,Short,2026-09-19T08:09:43Z
2026-09-19T08:05:44Z,2026-09-19T10:05:44+0200,d0ccc165-cf88-4955-8f53-a6e7a40a56a9,2026-09-12T21:15:00Z,2026-09-12T23:15:00+0200,99.61,EUR/MWh,PT,PT,imbalance_price,Long,2026-09-19T08:09:43Z
2026-09-19T08:05:44Z,2026-09-19T10:05:44+0200,d0ccc165-cf88-4955-8f53-a6e7a40a56a9,2026-09-12T21:15:00Z,2026-09-12T23:15:00+0200,229.34,EUR/MWh,PT,PT,imbalance_price,Short,2026-09-19T08:09:43Z
2026-09-19T08:05:44Z,2026-09-19T10:05:44+0200,d0ccc165-cf88-4955-8f53-a6e7a40a56a9,2026-09-12T21:30:00Z,2026-09-12T23:30:00+0200,99.61,EUR/MWh,PT,PT,imbalance_price,Long,2026-09-19T08:09:43Z
2026-09-19T08:05:44Z,2026-09-19T10:05:44+0200,d0ccc165-cf88-4955-8f53-a6e7a40a56a9,2026-09-12T21:30:00Z,2026-09-12T23:30:00+0200,99.61,EUR/MWh,PT,PT,imbalance_price,Short,2026-09-19T08:09:43Z
2026-09-19T08:05:44Z,2026-09-19T10:05:44+0200,d0ccc165-cf88-4955-8f53-a6e7a40a56a9,2026-09-12T21:45:00Z,2026-09-12T23:45:00+0200,99.61,EUR/MWh,PT,PT,imbalance_price,Long,2026-09-19T08:09:43Z
2026-09-19T08:05:44Z,2026-09-19T10:05:44+0200,d0ccc165-cf88-4955-8f53-a6e7a40a56a9,2026-09-12T21:45:00Z,2026-09-12T23:45:00+0200,225.0,EUR/MWh,PT,PT,imbalance_price,Short,2026-09-19T08:09:43Z
2026-09-19T08:05:44Z,2026-09-19T10:05:44+0200,d0ccc165-cf88-4955-8f53-a6e7a40a56a9,2026-09-12T22:00:00Z,2026-09-13T00:00:00+0200,165.87,EUR/MWh,PT,PT,imbalance_price,Long,2026-09-19T08:09:43Z
2026-09-19T08:05:44Z,2026-09-19T10:05:44+0200,d0ccc165-cf88-4955-8f53-a6e7a40a56a9,2026-09-12T22:00:00Z,2026-09-13T00:00:00+0200,245.4,EUR/MWh,PT,PT,imbalance_price,Short,2026-09-19T08:09:43Z
2026-09-19T08:05:44Z,2026-09-19T10:05:44+0200,d0ccc165-cf88-4955-8f53-a6e7a40a56a9,2026-09-12T22:15:00Z,2026-09-13T00:15:00+0200,160.0,EUR/MWh,PT,PT,imbalance_price,Long,2026-09-19T08:09:43Z
2026-09-19T08:05:44Z,2026-09-19T10:05:44+0200,d0ccc165-cf88-4955-8f53-a6e7a40a56a9,2026-09-12T22:15:00Z,2026-09-13T00:15:00+0200,195.12,EUR/MWh,PT,PT,imbalance_price,Short,2026-09-19T08:09:43Z
2026-09-19T08:05:44Z,2026-09-19T10:05:44+0200,d0ccc165-cf88-4955-8f53-a6e7a40a56a9,2026-09-12T22:30:00Z,2026-09-13T00:30:00+0200,159.18,EUR/MWh,PT,PT,imbalance_price,Long,2026-09-19T08:09:43Z
2026-09-19T08:05:44Z,2026-09-19T10:05:44+0200,d0ccc165-cf88-4955-8f53-a6e7a40a56a9,2026-09-12T22:30:00Z,2026-09-13T00:30:00+0200,203.1,EUR/MWh,PT,PT,imbalance_price,Short,2026-09-19T08:09:43Z
2026-09-19T08:05:44Z,2026-09-19T10:05:44+0200,d0ccc165-cf88-4955-8f53-a6e7a40a56a9,2026-09-12T22:45:00Z,2026-09-13T00:45:00+0200,174.03,EUR/MWh,PT,PT,imbalance_price,Long,2026-09-19T08:09:43Z
2026-09-19T08:05:44Z,2026-09-19T10:05:44+0200,d0ccc165-cf88-4955-8f53-a6e7a40a56a9,2026-09-12T22:45:00Z,2026-09-13T00:45:00+0200,174.03,EUR/MWh,PT,PT,imbalance_price,Short,2026-09-19T08:09:43Z
2026-09-19T08:05:44Z,2026-09-19T10:05:44+0200,d0ccc165-cf88-4955-8f53-a6e7a40a56a9,2026-09-12T23:00:00Z,2026-09-13T01:00:00+0200,157.36,EUR/MWh,PT,PT,imbalance_price,Long,2026-09-19T08:09:43Z
2026-09-19T08:05:44Z,2026-09-19T10:05:44+0200,d0ccc165-cf88-4955-8f53-a6e7a40a56a9,2026-09-12T23:00:00Z,2026-09-13T01:00:00+0200,210.56,EUR/MWh,PT,PT,imbalance_price,Short,2026-09-19T08:09:43Z
2026-09-19T08:05:44Z,2026-09-19T10:05:44+0200,d0ccc165-cf88-4955-8f53-a6e7a40a56a9,2026-09-12T23:15:00Z,2026-09-13T01:15:00+0200,156.16,EUR/MWh,PT,PT,imbalance_price,Long,2026-09-19T08:09:43Z
2026-09-19T08:05:44Z,2026-09-19T10:05:44+0200,d0ccc165-cf88-4955-8f53-a6e7a40a56a9,2026-09-12T23:15:00Z,2026-09-13T01:15:00+0200,200.69,EUR/MWh,PT,PT,imbalance_price,Short,2026-09-19T08:09:43Z
2026-09-19T08:05:44Z,2026-09-19T10:05:44+0200,d0ccc165-cf88-4955-8f53-a6e7a40a56a9,2026-09-12T23:30:00Z,2026-09-13T01:30:00+0200,191.19,EUR/MWh,PT,PT,imbalance_price,Long,2026-09-19T08:09:43Z
2026-09-19T08:05:44Z,2026-09-19T10:05:44+0200,d0ccc165-cf88-4955-8f53-a6e7a40a56a9,2026-09-12T23:30:00Z,2026-09-13T01:30:00+0200,234.24,EUR/MWh,PT,PT,imbalance_price,Short,2026-09-19T08:09:43Z
2026-09-19T08:05:44Z,2026-09-19T10:05:44+0200,d0ccc165-cf88-4955-8f53-a6e7a40a56a9,2026-09-12T23:45:00Z,2026-09-13T01:45:00+0200,182.05,EUR/MWh,PT,PT,imbalance_price,Long,2026-09-19T08:09:43Z
2026-09-19T08:05:44Z,2026-09-19T10:05:44+0200,d0ccc165-cf88-4955-8f53-a6e7a40a56a9,2026-09-12T23:45:00Z,2026-09-13T01:45:00+0200,228.0,EUR/MWh,PT,PT,imbalance_price,Short,2026-09-19T08:09:43Z
2026-09-19T08:05:44Z,2026-09-19T10:05:44+0200,d0ccc165-cf88-4955-8f53-a6e7a40a56a9,2026-09-13T00:00:00Z,2026-09-13T02:00:00+0200,156.16,EUR/MWh,PT,PT,imbalance_price,Long,2026-09-19T08:09:43Z
2026-09-19T08:05:44Z,2026-09-19T10:05:44+0200,d0ccc165-cf88-4955-8f53-a6e7a40a56a9,2026-09-13T00:00:00Z,2026-09-13T02:00:00+0200,207.08,EUR/MWh,PT,PT,imbalance_price,Short,2026-09-19T08:09:43Z
2026-09-19T08:05:44Z,2026-09-19T10:05:44+0200,d0ccc165-cf88-4955-8f53-a6e7a40a56a9,2026-09-13T00:15:00Z,2026-09-13T02:15:00+0200,213.8,EUR/MWh,PT,PT,imbalance_price,Long,2026-09-19T08:09:43Z
2026-09-19T08:05:44Z,2026-09-19T10:05:44+0200,d0ccc165-cf88-4955-8f53-a6e7a40a56a9,2026-09-13T00:15:00Z,2026-09-13T02:15:00+0200,213.8,EUR/MWh,PT,PT,imbalance_price,Short,2026-09-19T08:09:43Z
2026-09-19T08:05:44Z,2026-09-19T10:05:44+0200,d0ccc165-cf88-4955-8f53-a6e7a40a56a9,2026-09-13T00:30:00Z,2026-09-13T02:30:00+0200,221.04,EUR/MWh,PT,PT,imbalance_price,Long,2026-09-19T08:09:43Z
2026-09-19T08:05:44Z,2026-09-19T10:05:44+0200,d0ccc165-cf88-4955-8f53-a6e7a40a56a9,2026-09-13T00:30:00Z,2026-09-13T02:30:00+0200,221.04,EUR/MWh,PT,PT,imbalance_price,Short,2026-09-19T08:09:43Z
2026-09-19T08:05:44Z,2026-09-19T10:05:44+0200,d0ccc165-cf88-4955-8f53-a6e7a40a56a9,2026-09-13T00:45:00Z,2026-09-13T02:45:00+0200,211.07,EUR/MWh,PT,PT,imbalance_price,Long,2026-09-19T08:09:43Z
2026-09-19T08:05:44Z,2026-09-19T10:05:44+0200,d0ccc165-cf88-4955-8f53-a6e7a40a56a9,2026-09-13T00:45:00Z,2026-09-13T02:45:00+0200,211.07,EUR/MWh,PT,PT,imbalance_price,Short,2026-09-19T08:09:43Z
2026-09-19T08:05:44Z,2026-09-19T10:05:44+0200,d0ccc165-cf88-4955-8f53-a6e7a40a56a9,2026-09-13T01:00:00Z,2026-09-13T03:00:00+0200,195.37,EUR/MWh,PT,PT,imbalance_price,Long,2026-09-19T08:09:43Z
2026-09-19T08:05:44Z,2026-09-19T10:05:44+0200,d0ccc165-cf88-4955-8f53-a6e7a40a56a9,2026-09-13T01:00:00Z,2026-09-13T03:00:00+0200,195.37,EUR/MWh,PT,PT,imbalance_price,Short,2026-09-19T08:09:43Z
2026-09-19T08:05:44Z,2026-09-19T10:05:44+0200,d0ccc165-cf88-4955-8f53-a6e7a40a56a9,2026-09-13T01:15:00Z,2026-09-13T03:15:00+0200,200.21,EUR/MWh,PT,PT,imbalance_price,Long,2026-09-19T08:09:43Z
2026-09-19T08:05:44Z,2026-09-19T10:05:44+0200,d0ccc165-cf88-4955-8f53-a6e7a40a56a9,2026-09-13T01:15:00Z,2026-09-13T03:15:00+0200,200.21,EUR/MWh,PT,PT,imbalance_price,Short,2026-09-19T08:09:43Z
2026-09-19T08:05:44Z,2026-09-19T10:05:44+0200,d0ccc165-cf88-4955-8f53-a6e7a40a56a9,2026-09-13T01:30:00Z,2026-09-13T03:30:00+0200,190.51,EUR/MWh,PT,PT,imbalance_price,Long,2026-09-19T08:09:43Z
2026-09-19T08:05:44Z,2026-09-19T10:05:44+0200,d0ccc165-cf88-4955-8f53-a6e7a40a56a9,2026-09-13T01:30:00Z,2026-09-13T03:30:00+0200,190.51,EUR/MWh,PT,PT,imbalance_price,Short,2026-09-19T08:09:43Z
2026-09-19T08:05:44Z,2026-09-19T10:05:44+0200,d0ccc165-cf88-4955-8f53-a6e7a40a56a9,2026-09-13T01:45:00Z,2026-09-13T03:45:00+0200,196.65,EUR/MWh,PT,PT,imbalance_price,Long,2026-09-19T08:09:43Z
2026-09-19T08:05:44Z,2026-09-19T10:05:44+0200,d0ccc165-cf88-4955-8f53-a6e7a40a56a9,2026-09-13T01:45:00Z,2026-09-13T03:45:00+0200,196.65,EUR/MWh,PT,PT,imbalance_price,Short,2026-09-19T08:09:43Z
2026-09-19T08:05:44Z,2026-09-19T10:05:44+0200,d0ccc165-cf88-4955-8f53-a6e7a40a56a9,2026-09-13T02:00:00Z,2026-09-13T04:00:00+0200,196.91,EUR/MWh,PT,PT,imbalance_price,Long,2026-09-19T08:09:43Z
2026-09-19T08:05:44Z,2026-09-19T10:05:44+0200,d0ccc165-cf88-4955-8f53-a6e7a40a56a9,2026-09-13T02:00:00Z,2026-09-13T04:00:00+0200,196.91,EUR/MWh,PT,PT,imbalance_price,Short,2026-09-19T08:09:43Z
2026-09-19T08:05:44Z,2026-09-19T10:05:44+0200,d0ccc165-cf88-4955-8f53-a6e7a40a56a9,2026-09-13T02:15:00Z,2026-09-13T04:15:00+0200,199.23,EUR/MWh,PT,PT,imbalance_price,Long,2026-09-19T08:09:43Z
2026-09-19T08:05:44Z,2026-09-19T10:05:44+0200,d0ccc165-cf88-4955-8f53-a6e7a40a56a9,2026-09-13T02:15:00Z,2026-09-13T04:15:00+0200,199.23,EUR/MWh,PT,PT,imbalance_price,Short,2026-09-19T08:09:43Z
2026-09-19T08:05:44Z,2026-09-19T10:05:44+0200,d0ccc165-cf88-4955-8f53-a6e7a40a56a9,2026-09-13T02:30:00Z,2026-09-13T04:30:00+0200,198.15,EUR/MWh,PT,PT,imbalance_price,Long,2026-09-19T08:09:43Z
2026-09-19T08:05:44Z,2026-09-19T10:05:44+0200,d0ccc165-cf88-4955-8f53-a6e7a40a56a9,2026-09-13T02:30:00Z,2026-09-13T04:30:00+0200,198.15,EUR/MWh,PT,PT,imbalance_price,Short,2026-09-19T08:09:43Z
2026-09-19T08:05:44Z,2026-09-19T10:05:44+0200,d0ccc165-cf88-4955-8f53-a6e7a40a56a9,2026-09-13T02:45:00Z,2026-09-13T04:45:00+0200,202.59,EUR/MWh,PT,PT,imbalance_price,Long,2026-09-19T08:09:43Z
2026-09-19T08:05:44Z,2026-09-19T10:05:44+0200,d0ccc165-cf88-4955-8f53-a6e7a40a56a9,2026-09-13T02:45:00Z,2026-09-13T04:45:00+0200,202.59,EUR/MWh,PT,PT,imbalance_price,Short,2026-09-19T08:09:43Z
2026-09-19T08:05:44Z,2026-09-19T10:05:44+0200,d0ccc165-cf88-4955-8f53-a6e7a40a56a9,2026-09-13T03:00:00Z,2026-09-13T05:00:00+0200,204.81,EUR/MWh,PT,PT,imbalance_price,Long,2026-09-19T08:09:43Z
2026-09-19T08:05:44Z,2026-09-19T10:05:44+0200,d0ccc165-cf88-4955-8f53-a6e7a40a56a9,2026-09-13T03:00:00Z,2026-09-13T05:00:00+0200,204.81,EUR/MWh,PT,PT,imbalance_price,Short,2026-09-19T08:09:43Z
2026-09-19T08:05:44Z,2026-09-19T10:05:44+0200,d0ccc165-cf88-4955-8f53-a6e7a40a56a9,2026-09-13T03:15:00Z,2026-09-13T05:15:00+0200,202.84,EUR/MWh,PT,PT,imbalance_price,Long,2026-09-19T08:09:43Z
2026-09-19T08:05:44Z,2026-09-19T10:05:44+0200,d0ccc165-cf88-4955-8f53-a6e7a40a56a9,2026-09-13T03:15:00Z,2026-09-13T05:15:00+0200,202.84,EUR/MWh,PT,PT,imbalance_price,Short,2026-09-19T08:09:43Z
2026-09-19T08:05:44Z,2026-09-19T10:05:44+0200,d0ccc165-cf88-4955-8f53-a6e7a40a56a9,2026-09-13T03:30:00Z,2026-09-13T05:30:00+0200,209.93,EUR/MWh,PT,PT,imbalance_price,Long,2026-09-19T08:09:43Z
2026-09-19T08:05:44Z,2026-09-19T10:05:44+0200,d0ccc165-cf88-4955-8f53-a6e7a40a56a9,2026-09-13T03:30:00Z,2026-09-13T05:30:00+0200,209.93,EUR/MWh,PT,PT,imbalance_price,Short,2026-09-19T08:09:43Z
2026-09-19T08:05:44Z,2026-09-19T10:05:44+0200,d0ccc165-cf88-4955-8f53-a6e7a40a56a9,2026-09-13T03:45:00Z,2026-09-13T05:45:00+0200,204.42,EUR/MWh,PT,PT,imbalance_price,Long,2026-09-19T08:09:43Z
2026-09-19T08:05:44Z,2026-09-19T10:05:44+0200,d0ccc165-cf88-4955-8f53-a6e7a40a56a9,2026-09-13T03:45:00Z,2026-09-13T05:45:00+0200,204.42,EUR/MWh,PT,PT,imbalance_price,Short,2026-09-19T08:09:43Z
2026-09-19T08:05:44Z,2026-09-19T10:05:44+0200,d0ccc165-cf88-4955-8f53-a6e7a40a56a9,2026-09-13T04:00:00Z,2026-09-13T06:00:00+0200,211.37,EUR/MWh,PT,PT,imbalance_price,Long,2026-09-19T08:09:43Z
2026-09-19T08:05:44Z,2026-09-19T10:05:44+0200,d0ccc165-cf88-4955-8f53-a6e7a40a56a9,2026-09-13T04:00:00Z,2026-09-13T06:00:00+0200,211.37,EUR/MWh,PT,PT,imbalance_price,Short,2026-09-19T08:09:43Z
2026-09-19T08:05:44Z,2026-09-19T10:05:44+0200,d0ccc165-cf88-4955-8f53-a6e7a40a56a9,2026-09-13T04:15:00Z,2026-09-13T06:15:00+0200,218.19,EUR/MWh,PT,PT,imbalance_price,Long,2026-09-19T08:09:43Z
2026-09-19T08:05:44Z,2026-09-19T10:05:44+0200,d0ccc165-cf88-4955-8f53-a6e7a40a56a9,2026-09-13T04:15:00Z,2026-09-13T06:15:00+0200,218.19,EUR/MWh,PT,PT,imbalance_price,Short,2026-09-19T08:09:43Z
2026-09-19T08:05:44Z,2026-09-19T10:05:44+0200,d0ccc165-cf88-4955-8f53-a6e7a40a56a9,2026-09-13T04:30:00Z,2026-09-13T06:30:00+0200,222.2,EUR/MWh,PT,PT,imbalance_price,Long,2026-09-19T08:09:43Z
2026-09-19T08:05:44Z,2026-09-19T10:05:44+0200,d0ccc165-cf88-4955-8f53-a6e7a40a56a9,2026-09-13T04:30:00Z,2026-09-13T06:30:00+0200,222.2,EUR/MWh,PT,PT,imbalance_price,Short,2026-09-19T08:09:43Z
2026-09-19T08:05:44Z,2026-09-19T10:05:44+0200,d0ccc165-cf88-4955-8f53-a6e7a40a56a9,2026-09-13T04:45:00Z,2026-09-13T06:45:00+0200,220.71,EUR/MWh,PT,PT,imbalance_price,Long,2026-09-19T08:09:43Z
2026-09-19T08:05:44Z,2026-09-19T10:05:44+0200,d0ccc165-cf88-4955-8f53-a6e7a40a56a9,2026-09-13T04:45:00Z,2026-09-13T06:45:00+0200,220.71,EUR/MWh,PT,PT,imbalance_price,Short,2026-09-19T08:09:43Z
2026-09-19T08:05:44Z,2026-09-19T10:05:44+0200,d0ccc165-cf88-4955-8f53-a6e7a40a56a9,2026-09-13T05:00:00Z,2026-09-13T07:00:00+0200,220.57,EUR/MWh,PT,PT,imbalance_price,Long,2026-09-19T08:09:43Z
2026-09-19T08:05:44Z,2026-09-19T10:05:44+0200,d0ccc165-cf88-4955-8f53-a6e7a40a56a9,2026-09-13T05:00:00Z,2026-09-13T07:00:00+0200,220.57,EUR/MWh,PT,PT,imbalance_price,Short,2026-09-19T08:09:43Z
2026-09-19T08:05:44Z,2026-09-19T10:05:44+0200,d0ccc165-cf88-4955-8f53-a6e7a40a56a9,2026-09-13T05:15:00Z,2026-09-13T07:15:00+0200,211.06,EUR/MWh,PT,PT,imbalance_price,Long,2026-09-19T08:09:43Z
2026-09-19T08:05:44Z,2026-09-19T10:05:44+0200,d0ccc165-cf88-4955-8f53-a6e7a40a56a9,2026-09-13T05:15:00Z,2026-09-13T07:15:00+0200,211.06,EUR/MWh,PT,PT,imbalance_price,Short,2026-09-19T08:09:43Z
2026-09-19T08:05:44Z,2026-09-19T10:05:44+0200,d0ccc165-cf88-4955-8f53-a6e7a40a56a9,2026-09-13T05:30:00Z,2026-09-13T07:30:00+0200,221.47,EUR/MWh,PT,PT,imbalance_price,Long,2026-09-19T08:09:43Z
2026-09-19T08:05:44Z,2026-09-19T10:05:44+0200,d0ccc165-cf88-4955-8f53-a6e7a40a56a9,2026-09-13T05:30:00Z,2026-09-13T07:30:00+0200,221.47,EUR/MWh,PT,PT,imbalance_price,Short,2026-09-19T08:09:43Z
2026-09-19T08:05:44Z,2026-09-19T10:05:44+0200,d0ccc165-cf88-4955-8f53-a6e7a40a56a9,2026-09-13T05:45:00Z,2026-09-13T07:45:00+0200,154.3,EUR/MWh,PT,PT,imbalance_price,Long,2026-09-19T08:09:43Z
2026-09-19T08:05:44Z,2026-09-19T10:05:44+0200,d0ccc165-cf88-4955-8f53-a6e7a40a56a9,2026-09-13T05:45:00Z,2026-09-13T07:45:00+0200,210.85,EUR/MWh,PT,PT,imbalance_price,Short,2026-09-19T08:09:43Z
2026-09-19T08:05:44Z,2026-09-19T10:05:44+0200,d0ccc165-cf88-4955-8f53-a6e7a40a56a9,2026-09-13T06:00:00Z,2026-09-13T08:00:00+0200,220.73,EUR/MWh,PT,PT,imbalance_price,Long,2026-09-19T08:09:43Z
2026-09-19T08:05:44Z,2026-09-19T10:05:44+0200,d0ccc165-cf88-4955-8f53-a6e7a40a56a9,2026-09-13T06:00:00Z,2026-09-13T08:00:00+0200,220.73,EUR/MWh,PT,PT,imbalance_price,Short,2026-09-19T08:09:43Z
2026-09-19T08:05:44Z,2026-09-19T10:05:44+0200,d0ccc165-cf88-4955-8f53-a6e7a40a56a9,2026-09-13T06:15:00Z,2026-09-13T08:15:00+0200,193.81,EUR/MWh,PT,PT,imbalance_price,Long,2026-09-19T08:09:43Z
2026-09-19T08:05:44Z,2026-09-19T10:05:44+0200,d0ccc165-cf88-4955-8f53-a6e7a40a56a9,2026-09-13T06:15:00Z,2026-09-13T08:15:00+0200,193.81,EUR/MWh,PT,PT,imbalance_price,Short,2026-09-19T08:09:43Z
2026-09-19T08:05:44Z,2026-09-19T10:05:44+0200,d0ccc165-cf88-4955-8f53-a6e7a40a56a9,2026-09-13T06:30:00Z,2026-09-13T08:30:00+0200,186.79,EUR/MWh,PT,PT,imbalance_price,Long,2026-09-19T08:09:43Z
2026-09-19T08:05:44Z,2026-09-19T10:05:44+0200,d0ccc165-cf88-4955-8f53-a6e7a40a56a9,2026-09-13T06:30:00Z,2026-09-13T08:30:00+0200,186.79,EUR/MWh,PT,PT,imbalance_price,Short,2026-09-19T08:09:43Z
2026-09-19T08:05:44Z,2026-09-19T10:05:44+0200,d0ccc165-cf88-4955-8f53-a6e7a40a56a9,2026-09-13T06:45:00Z,2026-09-13T08:45:00+0200,153.54,EUR/MWh,PT,PT,imbalance_price,Long,2026-09-19T08:09:43Z
2026-09-19T08:05:44Z,2026-09-19T10:05:44+0200,d0ccc165-cf88-4955-8f53-a6e7a40a56a9,2026-09-13T06:45:00Z,2026-09-13T08:45:00+0200,153.54,EUR/MWh,PT,PT,imbalance_price,Short,2026-09-19T08:09:43Z
2026-09-19T08:05:44Z,2026-09-19T10:05:44+0200,d0ccc165-cf88-4955-8f53-a6e7a40a56a9,2026-09-13T07:00:00Z,2026-09-13T09:00:00+0200,115.12,EUR/MWh,PT,PT,imbalance_price,Long,2026-09-19T08:09:43Z
2026-09-19T08:05:44Z,2026-09-19T10:05:44+0200,d0ccc165-cf88-4955-8f53-a6e7a40a56a9,2026-09-13T07:00:00Z,2026-09-13T09:00:00+0200,162.68,EUR/MWh,PT,PT,imbalance_price,Short,2026-09-19T08:09:43Z
2026-09-19T08:05:44Z,2026-09-19T10:05:44+0200,d0ccc165-cf88-4955-8f53-a6e7a40a56a9,2026-09-13T07:15:00Z,2026-09-13T09:15:00+0200,52.0,EUR/MWh,PT,PT,imbalance_price,Long,2026-09-19T08:09:43Z
2026-09-19T08:05:44Z,2026-09-19T10:05:44+0200,d0ccc165-cf88-4955-8f53-a6e7a40a56a9,2026-09-13T07:15:00Z,2026-09-13T09:15:00+0200,58.92,EUR/MWh,PT,PT,imbalance_price,Short,2026-09-19T08:09:43Z
2026-09-19T08:05:44Z,2026-09-19T10:05:44+0200,d0ccc165-cf88-4955-8f53-a6e7a40a56a9,2026-09-13T07:30:00Z,2026-09-13T09:30:00+0200,42.4,EUR/MWh,PT,PT,imbalance_price,Long,2026-09-19T08:09:43Z
2026-09-19T08:05:44Z,2026-09-19T10:05:44+0200,d0ccc165-cf88-4955-8f53-a6e7a40a56a9,2026-09-13T07:30:00Z,2026-09-13T09:30:00+0200,220.4,EUR/MWh,PT,PT,imbalance_price,Short,2026-09-19T08:09:43Z
2026-09-19T08:05:44Z,2026-09-19T10:05:44+0200,d0ccc165-cf88-4955-8f53-a6e7a40a56a9,2026-09-13T07:45:00Z,2026-09-13T09:45:00+0200,2.74,EUR/MWh,PT,PT,imbalance_price,Long,2026-09-19T08:09:43Z
2026-09-19T08:05:44Z,2026-09-19T10:05:44+0200,d0ccc165-cf88-4955-8f53-a6e7a40a56a9,2026-09-13T07:45:00Z,2026-09-13T09:45:00+0200,220.05,EUR/MWh,PT,PT,imbalance_price,Short,2026-09-19T08:09:43Z
2026-09-19T08:05:44Z,2026-09-19T10:05:44+0200,d0ccc165-cf88-4955-8f53-a6e7a40a56a9,2026-09-13T08:00:00Z,2026-09-13T10:00:00+0200,-0.66,EUR/MWh,PT,PT,imbalance_price,Long,2026-09-19T08:09:43Z
2026-09-19T08:05:44Z,2026-09-19T10:05:44+0200,d0ccc165-cf88-4955-8f53-a6e7a40a56a9,2026-09-13T08:00:00Z,2026-09-13T10:00:00+0200,1.3,EUR/MWh,PT,PT,imbalance_price,Short,2026-09-19T08:09:43Z
2026-09-19T08:05:44Z,2026-09-19T10:05:44+0200,d0ccc165-cf88-4955-8f53-a6e7a40a56a9,2026-09-13T08:15:00Z,2026-09-13T10:15:00+0200,-1.6,EUR/MWh,PT,PT,imbalance_price,Long,2026-09-19T08:09:43Z
2026-09-19T08:05:44Z,2026-09-19T10:05:44+0200,d0ccc165-cf88-4955-8f53-a6e7a40a56a9,2026-09-13T08:15:00Z,2026-09-13T10:15:00+0200,0.25,EUR/MWh,PT,PT,imbalance_price,Short,2026-09-19T08:09:43Z
2026-09-19T08:05:44Z,2026-09-19T10:05:44+0200,d0ccc165-cf88-4955-8f53-a6e7a40a56a9,2026-09-13T08:30:00Z,2026-09-13T10:30:00+0200,0.0,EUR/MWh,PT,PT,imbalance_price,Long,2026-09-19T08:09:43Z
2026-09-19T08:05:44Z,2026-09-19T10:05:44+0200,d0ccc165-cf88-4955-8f53-a6e7a40a56a9,2026-09-13T08:30:00Z,2026-09-13T10:30:00+0200,0.0,EUR/MWh,PT,PT,imbalance_price,Short,2026-09-19T08:09:43Z
2026-09-19T08:05:44Z,2026-09-19T10:05:44+0200,d0ccc165-cf88-4955-8f53-a6e7a40a56a9,2026-09-13T08:45:00Z,2026-09-13T10:45:00+0200,0.0,EUR/MWh,PT,PT,imbalance_price,Long,2026-09-19T08:09:43Z
2026-09-19T08:05:44Z,2026-09-19T10:05:44+0200,d0ccc165-cf88-4955-8f53-a6e7a40a56a9,2026-09-13T08:45:00Z,2026-09-13T10:45:00+0200,0.0,EUR/MWh,PT,PT,imbalance_price,Short,2026-09-19T08:09:43Z
2026-09-19T08:05:44Z,2026-09-19T10:05:44+0200,d0ccc165-cf88-4955-8f53-a6e7a40a56a9,2026-09-13T09:00:00Z,2026-09-13T11:00:00+0200,-0.01,EUR/MWh,PT,PT,imbalance_price,Long,2026-09-19T08:09:43Z
2026-09-19T08:05:44Z,2026-09-19T10:05:44+0200,d0ccc165-cf88-4955-8f53-a6e7a40a56a9,2026-09-13T09:00:00Z,2026-09-13T11:00:00+0200,-0.01,EUR/MWh,PT,PT,imbalance_price,Short,2026-09-19T08:09:43Z
2026-09-19T08:05:44Z,2026-09-19T10:05:44+0200,d0ccc165-cf88-4955-8f53-a6e7a40a56a9,2026-09-13T09:15:00Z,2026-09-13T11:15:00+0200,-0.1,EUR/MWh,PT,PT,imbalance_price,Long,2026-09-19T08:09:43Z
2026-09-19T08:05:44Z,2026-09-19T10:05:44+0200,d0ccc165-cf88-4955-8f53-a6e7a40a56a9,2026-09-13T09:15:00Z,2026-09-13T11:15:00+0200,-0.1,EUR/MWh,PT,PT,imbalance_price,Short,2026-09-19T08:09:43Z
2026-09-19T08:05:44Z,2026-09-19T10:05:44+0200,d0ccc165-cf88-4955-8f53-a6e7a40a56a9,2026-09-13T09:30:00Z,2026-09-13T11:30:00+0200,-0.27,EUR/MWh,PT,PT,imbalance_price,Long,2026-09-19T08:09:43Z
2026-09-19T08:05:44Z,2026-09-19T10:05:44+0200,d0ccc165-cf88-4955-8f53-a6e7a40a56a9,2026-09-13T09:30:00Z,2026-09-13T11:30:00+0200,-0.27,EUR/MWh,PT,PT,imbalance_price,Short,2026-09-19T08:09:43Z
2026-09-19T08:05:44Z,2026-09-19T10:05:44+0200,d0ccc165-cf88-4955-8f53-a6e7a40a56a9,2026-09-13T09:45:00Z,2026-09-13T11:45:00+0200,-0.42,EUR/MWh,PT,PT,imbalance_price,Long,2026-09-19T08:09:43Z
2026-09-19T08:05:44Z,2026-09-19T10:05:44+0200,d0ccc165-cf88-4955-8f53-a6e7a40a56a9,2026-09-13T09:45:00Z,2026-09-13T11:45:00+0200,-0.42,EUR/MWh,PT,PT,imbalance_price,Short,2026-09-19T08:09:43Z
2026-09-19T08:05:44Z,2026-09-19T10:05:44+0200,d0ccc165-cf88-4955-8f53-a6e7a40a56a9,2026-09-13T10:00:00Z,2026-09-13T12:00:00+0200,-0.42,EUR/MWh,PT,PT,imbalance_price,Long,2026-09-19T08:09:43Z
2026-09-19T08:05:44Z,2026-09-19T10:05:44+0200,d0ccc165-cf88-4955-8f53-a6e7a40a56a9,2026-09-13T10:00:00Z,2026-09-13T12:00:00+0200,-0.42,EUR/MWh,PT,PT,imbalance_price,Short,2026-09-19T08:09:43Z
2026-09-19T08:05:44Z,2026-09-19T10:05:44+0200,d0ccc165-cf88-4955-8f53-a6e7a40a56a9,2026-09-13T10:15:00Z,2026-09-13T12:15:00+0200,-0.7,EUR/MWh,PT,PT,imbalance_price,Long,2026-09-19T08:09:43Z
2026-09-19T08:05:44Z,2026-09-19T10:05:44+0200,d0ccc165-cf88-4955-8f53-a6e7a40a56a9,2026-09-13T10:15:00Z,2026-09-13T12:15:00+0200,-0.6,EUR/MWh,PT,PT,imbalance_price,Short,2026-09-19T08:09:43Z
2026-09-19T08:05:44Z,2026-09-19T10:05:44+0200,d0ccc165-cf88-4955-8f53-a6e7a40a56a9,2026-09-13T10:30:00Z,2026-09-13T12:30:00+0200,-0.42,EUR/MWh,PT,PT,imbalance_price,Long,2026-09-19T08:09:43Z
2026-09-19T08:05:44Z,2026-09-19T10:05:44+0200,d0ccc165-cf88-4955-8f53-a6e7a40a56a9,2026-09-13T10:30:00Z,2026-09-13T12:30:00+0200,-0.36,EUR/MWh,PT,PT,imbalance_price,Short,2026-09-19T08:09:43Z
2026-09-19T08:05:44Z,2026-09-19T10:05:44+0200,d0ccc165-cf88-4955-8f53-a6e7a40a56a9,2026-09-13T10:45:00Z,2026-09-13T12:45:00+0200,-0.22,EUR/MWh,PT,PT,imbalance_price,Long,2026-09-19T08:09:43Z
2026-09-19T08:05:44Z,2026-09-19T10:05:44+0200,d0ccc165-cf88-4955-8f53-a6e7a40a56a9,2026-09-13T10:45:00Z,2026-09-13T12:45:00+0200,0.0,EUR/MWh,PT,PT,imbalance_price,Short,2026-09-19T08:09:43Z
2026-09-19T08:05:44Z,2026-09-19T10:05:44+0200,d0ccc165-cf88-4955-8f53-a6e7a40a56a9,2026-09-13T11:00:00Z,2026-09-13T13:00:00+0200,-0.03,EUR/MWh,PT,PT,imbalance_price,Long,2026-09-19T08:09:43Z
2026-09-19T08:05:44Z,2026-09-19T10:05:44+0200,d0ccc165-cf88-4955-8f53-a6e7a40a56a9,2026-09-13T11:00:00Z,2026-09-13T13:00:00+0200,-0.03,EUR/MWh,PT,PT,imbalance_price,Short,2026-09-19T08:09:43Z
2026-09-19T08:05:44Z,2026-09-19T10:05:44+0200,d0ccc165-cf88-4955-8f53-a6e7a40a56a9,2026-09-13T11:15:00Z,2026-09-13T13:15:00+0200,-0.01,EUR/MWh,PT,PT,imbalance_price,Long,2026-09-19T08:09:43Z
2026-09-19T08:05:44Z,2026-09-19T10:05:44+0200,d0ccc165-cf88-4955-8f53-a6e7a40a56a9,2026-09-13T11:15:00Z,2026-09-13T13:15:00+0200,-0.01,EUR/MWh,PT,PT,imbalance_price,Short,2026-09-19T08:09:43Z
2026-09-19T08:05:44Z,2026-09-19T10:05:44+0200,d0ccc165-cf88-4955-8f53-a6e7a40a56a9,2026-09-13T11:30:00Z,2026-09-13T13:30:00+0200,-2.0,EUR/MWh,PT,PT,imbalance_price,Long,2026-09-19T08:09:43Z
2026-09-19T08:05:44Z,2026-09-19T10:05:44+0200,d0ccc165-cf88-4955-8f53-a6e7a40a56a9,2026-09-13T11:30:00Z,2026-09-13T13:30:00+0200,-2.0,EUR/MWh,PT,PT,imbalance_price,Short,2026-09-19T08:09:43Z
2026-09-19T08:05:44Z,2026-09-19T10:05:44+0200,d0ccc165-cf88-4955-8f53-a6e7a40a56a9,2026-09-13T11:45:00Z,2026-09-13T13:45:00+0200,-0.01,EUR/MWh,PT,PT,imbalance_price,Long,2026-09-19T08:09:43Z
2026-09-19T08:05:44Z,2026-09-19T10:05:44+0200,d0ccc165-cf88-4955-8f53-a6e7a40a56a9,2026-09-13T11:45:00Z,2026-09-13T13:45:00+0200,-0.01,EUR/MWh,PT,PT,imbalance_price,Short,2026-09-19T08:09:43Z
2026-09-19T08:05:44Z,2026-09-19T10:05:44+0200,d0ccc165-cf88-4955-8f53-a6e7a40a56a9,2026-09-13T12:00:00Z,2026-09-13T14:00:00+0200,-0.01,EUR/MWh,PT,PT,imbalance_price,Long,2026-09-19T08:09:43Z
2026-09-19T08:05:44Z,2026-09-19T10:05:44+0200,d0ccc165-cf88-4955-8f53-a6e7a40a56a9,2026-09-13T12:00:00Z,2026-09-13T14:00:00+0200,-0.01,EUR/MWh,PT,PT,imbalance_price,Short,2026-09-19T08:09:43Z
2026-09-19T08:05:44Z,2026-09-19T10:05:44+0200,d0ccc165-cf88-4955-8f53-a6e7a40a56a9,2026-09-13T12:15:00Z,2026-09-13T14:15:00+0200,-0.01,EUR/MWh,PT,PT,imbalance_price,Long,2026-09-19T08:09:43Z
2026-09-19T08:05:44Z,2026-09-19T10:05:44+0200,d0ccc165-cf88-4955-8f53-a6e7a40a56a9,2026-09-13T12:15:00Z,2026-09-13T14:15:00+0200,-0.01,EUR/MWh,PT,PT,imbalance_price,Short,2026-09-19T08:09:43Z
2026-09-19T08:05:44Z,2026-09-19T10:05:44+0200,d0ccc165-cf88-4955-8f53-a6e7a40a56a9,2026-09-13T12:30:00Z,2026-09-13T14:30:00+0200,-0.01,EUR/MWh,PT,PT,imbalance_price,Long,2026-09-19T08:09:43Z
2026-09-19T08:05:44Z,2026-09-19T10:05:44+0200,d0ccc165-cf88-4955-8f53-a6e7a40a56a9,2026-09-13T12:30:00Z,2026-09-13T14:30:00+0200,-0.01,EUR/MWh,PT,PT,imbalance_price,Short,2026-09-19T08:09:43Z
2026-09-19T08:05:44Z,2026-09-19T10:05:44+0200,d0ccc165-cf88-4955-8f53-a6e7a40a56a9,2026-09-13T12:45:00Z,2026-09-13T14:45:00+0200,-0.01,EUR/MWh,PT,PT,imbalance_price,Long,2026-09-19T08:09:43Z
2026-09-19T08:05:44Z,2026-09-19T10:05:44+0200,d0ccc165-cf88-4955-8f53-a6e7a40a56a9,2026-09-13T12:45:00Z,2026-09-13T14:45:00+0200,-0.01,EUR/MWh,PT,PT,imbalance_price,Short,2026-09-19T08:09:43Z
2026-09-19T08:05:44Z,2026-09-19T10:05:44+0200,d0ccc165-cf88-4955-8f53-a6e7a40a56a9,2026-09-13T13:00:00Z,2026-09-13T15:00:00+0200,-0.01,EUR/MWh,PT,PT,imbalance_price,Long,2026-09-19T08:09:43Z
2026-09-19T08:05:44Z,2026-09-19T10:05:44+0200,d0ccc165-cf88-4955-8f53-a6e7a40a56a9,2026-09-13T13:00:00Z,2026-09-13T15:00:00+0200,-0.01,EUR/MWh,PT,PT,imbalance_price,Short,2026-09-19T08:09:43Z
2026-09-19T08:05:44Z,2026-09-19T10:05:44+0200,d0ccc165-cf88-4955-8f53-a6e7a40a56a9,2026-09-13T13:15:00Z,2026-09-13T15:15:00+0200,-0.01,EUR/MWh,PT,PT,imbalance_price,Long,2026-09-19T08:09:43Z
2026-09-19T08:05:44Z,2026-09-19T10:05:44+0200,d0ccc165-cf88-4955-8f53-a6e7a40a56a9,2026-09-13T13:15:00Z,2026-09-13T15:15:00+0200,-0.01,EUR/MWh,PT,PT,imbalance_price,Short,2026-09-19T08:09:43Z
2026-09-19T08:05:44Z,2026-09-19T10:05:44+0200,d0ccc165-cf88-4955-8f53-a6e7a40a56a9,2026-09-13T13:30:00Z,2026-09-13T15:30:00+0200,-0.01,EUR/MWh,PT,PT,imbalance_price,Long,2026-09-19T08:09:43Z
2026-09-19T08:05:44Z,2026-09-19T10:05:44+0200,d0ccc165-cf88-4955-8f53-a6e7a40a56a9,2026-09-13T13:30:00Z,2026-09-13T15:30:00+0200,-0.01,EUR/MWh,PT,PT,imbalance_price,Short,2026-09-19T08:09:43Z
2026-09-19T08:05:44Z,2026-09-19T10:05:44+0200,d0ccc165-cf88-4955-8f53-a6e7a40a56a9,2026-09-13T13:45:00Z,2026-09-13T15:45:00+0200,-0.01,EUR/MWh,PT,PT,imbalance_price,Long,2026-09-19T08:09:43Z
2026-09-19T08:05:44Z,2026-09-19T10:05:44+0200,d0ccc165-cf88-4955-8f53-a6e7a40a56a9,2026-09-13T13:45:00Z,2026-09-13T15:45:00+0200,-0.01,EUR/MWh,PT,PT,imbalance_price,Short,2026-09-19T08:09:43Z
2026-09-19T08:05:44Z,2026-09-19T10:05:44+0200,d0ccc165-cf88-4955-8f53-a6e7a40a56a9,2026-09-13T14:00:00Z,2026-09-13T16:00:00+0200,-0.01,EUR/MWh,PT,PT,imbalance_price,Long,2026-09-19T08:09:43Z
2026-09-19T08:05:44Z,2026-09-19T10:05:44+0200,d0ccc165-cf88-4955-8f53-a6e7a40a56a9,2026-09-13T14:00:00Z,2026-09-13T16:00:00+0200,-0.01,EUR/MWh,PT,PT,imbalance_price,Short,2026-09-19T08:09:43Z
2026-09-19T08:05:44Z,2026-09-19T10:05:44+0200,d0ccc165-cf88-4955-8f53-a6e7a40a56a9,2026-09-13T14:15:00Z,2026-09-13T16:15:00+0200,0.0,EUR/MWh,PT,PT,imbalance_price,Long,2026-09-19T08:09:43Z
2026-09-19T08:05:44Z,2026-09-19T10:05:44+0200,d0ccc165-cf88-4955-8f53-a6e7a40a56a9,2026-09-13T14:15:00Z,2026-09-13T16:15:00+0200,0.0,EUR/MWh,PT,PT,imbalance_price,Short,2026-09-19T08:09:43Z
2026-09-19T08:05:44Z,2026-09-19T10:05:44+0200,d0ccc165-cf88-4955-8f53-a6e7a40a56a9,2026-09-13T14:30:00Z,2026-09-13T16:30:00+0200,0.0,EUR/MWh,PT,PT,imbalance_price,Long,2026-09-19T08:09:43Z
2026-09-19T08:05:44Z,2026-09-19T10:05:44+0200,d0ccc165-cf88-4955-8f53-a6e7a40a56a9,2026-09-13T14:30:00Z,2026-09-13T16:30:00+0200,0.0,EUR/MWh,PT,PT,imbalance_price,Short,2026-09-19T08:09:43Z
2026-09-19T08:05:44Z,2026-09-19T10:05:44+0200,d0ccc165-cf88-4955-8f53-a6e7a40a56a9,2026-09-13T14:45:00Z,2026-09-13T16:45:00+0200,0.0,EUR/MWh,PT,PT,imbalance_price,Long,2026-09-19T08:09:43Z
2026-09-19T08:05:44Z,2026-09-19T10:05:44+0200,d0ccc165-cf88-4955-8f53-a6e7a40a56a9,2026-09-13T14:45:00Z,2026-09-13T16:45:00+0200,0.0,EUR/MWh,PT,PT,imbalance_price,Short,2026-09-19T08:09:43Z
2026-09-19T08:05:44Z,2026-09-19T10:05:44+0200,d0ccc165-cf88-4955-8f53-a6e7a40a56a9,2026-09-13T15:00:00Z,2026-09-13T17:00:00+0200,0.0,EUR/MWh,PT,PT,imbalance_price,Long,2026-09-19T08:09:43Z
2026-09-19T08:05:44Z,2026-09-19T10:05:44+0200,d0ccc165-cf88-4955-8f53-a6e7a40a56a9,2026-09-13T15:00:00Z,2026-09-13T17:00:00+0200,0.0,EUR/MWh,PT,PT,imbalance_price,Short,2026-09-19T08:09:43Z
2026-09-19T08:05:44Z,2026-09-19T10:05:44+0200,d0ccc165-cf88-4955-8f53-a6e7a40a56a9,2026-09-13T15:15:00Z,2026-09-13T17:15:00+0200,0.0,EUR/MWh,PT,PT,imbalance_price,Long,2026-09-19T08:09:43Z
2026-09-19T08:05:44Z,2026-09-19T10:05:44+0200,d0ccc165-cf88-4955-8f53-a6e7a40a56a9,2026-09-13T15:15:00Z,2026-09-13T17:15:00+0200,0.01,EUR/MWh,PT,PT,imbalance_price,Short,2026-09-19T08:09:43Z
2026-09-19T08:05:44Z,2026-09-19T10:05:44+0200,d0ccc165-cf88-4955-8f53-a6e7a40a56a9,2026-09-13T15:30:00Z,2026-09-13T17:30:00+0200,0.0,EUR/MWh,PT,PT,imbalance_price,Long,2026-09-19T08:09:43Z
2026-09-19T08:05:44Z,2026-09-19T10:05:44+0200,d0ccc165-cf88-4955-8f53-a6e7a40a56a9,2026-09-13T15:30:00Z,2026-09-13T17:30:00+0200,0.52,EUR/MWh,PT,PT,imbalance_price,Short,2026-09-19T08:09:43Z
2026-09-19T08:05:44Z,2026-09-19T10:05:44+0200,d0ccc165-cf88-4955-8f53-a6e7a40a56a9,2026-09-13T15:45:00Z,2026-09-13T17:45:00+0200,0.96,EUR/MWh,PT,PT,imbalance_price,Long,2026-09-19T08:09:43Z
2026-09-19T08:05:44Z,2026-09-19T10:05:44+0200,d0ccc165-cf88-4955-8f53-a6e7a40a56a9,2026-09-13T15:45:00Z,2026-09-13T17:45:00+0200,41.2,EUR/MWh,PT,PT,imbalance_price,Short,2026-09-19T08:09:43Z
2026-09-19T08:05:44Z,2026-09-19T10:05:44+0200,d0ccc165-cf88-4955-8f53-a6e7a40a56a9,2026-09-13T16:00:00Z,2026-09-13T18:00:00+0200,6.01,EUR/MWh,PT,PT,imbalance_price,Long,2026-09-19T08:09:43Z
2026-09-19T08:05:44Z,2026-09-19T10:05:44+0200,d0ccc165-cf88-4955-8f53-a6e7a40a56a9,2026-09-13T16:00:00Z,2026-09-13T18:00:00+0200,94.15,EUR/MWh,PT,PT,imbalance_price,Short,2026-09-19T08:09:43Z
2026-09-19T08:05:44Z,2026-09-19T10:05:44+0200,d0ccc165-cf88-4955-8f53-a6e7a40a56a9,2026-09-13T16:15:00Z,2026-09-13T18:15:00+0200,52.57,EUR/MWh,PT,PT,imbalance_price,Long,2026-09-19T08:09:43Z
2026-09-19T08:05:44Z,2026-09-19T10:05:44+0200,d0ccc165-cf88-4955-8f53-a6e7a40a56a9,2026-09-13T16:15:00Z,2026-09-13T18:15:00+0200,94.15,EUR/MWh,PT,PT,imbalance_price,Short,2026-09-19T08:09:43Z
2026-09-19T08:05:44Z,2026-09-19T10:05:44+0200,d0ccc165-cf88-4955-8f53-a6e7a40a56a9,2026-09-13T16:30:00Z,2026-09-13T18:30:00+0200,84.32,EUR/MWh,PT,PT,imbalance_price,Long,2026-09-19T08:09:43Z
2026-09-19T08:05:44Z,2026-09-19T10:05:44+0200,d0ccc165-cf88-4955-8f53-a6e7a40a56a9,2026-09-13T16:30:00Z,2026-09-13T18:30:00+0200,177.87,EUR/MWh,PT,PT,imbalance_price,Short,2026-09-19T08:09:43Z
2026-09-19T08:05:44Z,2026-09-19T10:05:44+0200,d0ccc165-cf88-4955-8f53-a6e7a40a56a9,2026-09-13T16:45:00Z,2026-09-13T18:45:00+0200,106.0,EUR/MWh,PT,PT,imbalance_price,Long,2026-09-19T08:09:43Z
2026-09-19T08:05:44Z,2026-09-19T10:05:44+0200,d0ccc165-cf88-4955-8f53-a6e7a40a56a9,2026-09-13T16:45:00Z,2026-09-13T18:45:00+0200,187.71,EUR/MWh,PT,PT,imbalance_price,Short,2026-09-19T08:09:43Z
2026-09-19T08:05:44Z,2026-09-19T10:05:44+0200,d0ccc165-cf88-4955-8f53-a6e7a40a56a9,2026-09-13T17:00:00Z,2026-09-13T19:00:00+0200,186.89,EUR/MWh,PT,PT,imbalance_price,Long,2026-09-19T08:09:43Z
2026-09-19T08:05:44Z,2026-09-19T10:05:44+0200,d0ccc165-cf88-4955-8f53-a6e7a40a56a9,2026-09-13T17:00:00Z,2026-09-13T19:00:00+0200,186.89,EUR/MWh,PT,PT,imbalance_price,Short,2026-09-19T08:09:43Z
2026-09-19T08:05:44Z,2026-09-19T10:05:44+0200,d0ccc165-cf88-4955-8f53-a6e7a40a56a9,2026-09-13T17:15:00Z,2026-09-13T19:15:00+0200,227.72,EUR/MWh,PT,PT,imbalance_price,Long,2026-09-19T08:09:43Z
2026-09-19T08:05:44Z,2026-09-19T10:05:44+0200,d0ccc165-cf88-4955-8f53-a6e7a40a56a9,2026-09-13T17:15:00Z,2026-09-13T19:15:00+0200,227.72,EUR/MWh,PT,PT,imbalance_price,Short,2026-09-19T08:09:43Z
2026-09-19T08:05:44Z,2026-09-19T10:05:44+0200,d0ccc165-cf88-4955-8f53-a6e7a40a56a9,2026-09-13T17:30:00Z,2026-09-13T19:30:00+0200,246.83,EUR/MWh,PT,PT,imbalance_price,Long,2026-09-19T08:09:43Z
2026-09-19T08:05:44Z,2026-09-19T10:05:44+0200,d0ccc165-cf88-4955-8f53-a6e7a40a56a9,2026-09-13T17:30:00Z,2026-09-13T19:30:00+0200,246.83,EUR/MWh,PT,PT,imbalance_price,Short,2026-09-19T08:09:43Z
2026-09-19T08:05:44Z,2026-09-19T10:05:44+0200,d0ccc165-cf88-4955-8f53-a6e7a40a56a9,2026-09-13T17:45:00Z,2026-09-13T19:45:00+0200,253.18,EUR/MWh,PT,PT,imbalance_price,Long,2026-09-19T08:09:43Z
2026-09-19T08:05:44Z,2026-09-19T10:05:44+0200,d0ccc165-cf88-4955-8f53-a6e7a40a56a9,2026-09-13T17:45:00Z,2026-09-13T19:45:00+0200,253.18,EUR/MWh,PT,PT,imbalance_price,Short,2026-09-19T08:09:43Z
2026-09-19T08:05:44Z,2026-09-19T10:05:44+0200,d0ccc165-cf88-4955-8f53-a6e7a40a56a9,2026-09-13T18:00:00Z,2026-09-13T20:00:00+0200,231.84,EUR/MWh,PT,PT,imbalance_price,Long,2026-09-19T08:09:43Z
2026-09-19T08:05:44Z,2026-09-19T10:05:44+0200,d0ccc165-cf88-4955-8f53-a6e7a40a56a9,2026-09-13T18:00:00Z,2026-09-13T20:00:00+0200,231.84,EUR/MWh,PT,PT,imbalance_price,Short,2026-09-19T08:09:43Z
2026-09-19T08:05:44Z,2026-09-19T10:05:44+0200,d0ccc165-cf88-4955-8f53-a6e7a40a56a9,2026-09-13T18:15:00Z,2026-09-13T20:15:00+0200,219.83,EUR/MWh,PT,PT,imbalance_price,Long,2026-09-19T08:09:43Z
2026-09-19T08:05:44Z,2026-09-19T10:05:44+0200,d0ccc165-cf88-4955-8f53-a6e7a40a56a9,2026-09-13T18:15:00Z,2026-09-13T20:15:00+0200,219.83,EUR/MWh,PT,PT,imbalance_price,Short,2026-09-19T08:09:43Z
2026-09-19T08:05:44Z,2026-09-19T10:05:44+0200,d0ccc165-cf88-4955-8f53-a6e7a40a56a9,2026-09-13T18:30:00Z,2026-09-13T20:30:00+0200,177.47,EUR/MWh,PT,PT,imbalance_price,Long,2026-09-19T08:09:43Z
2026-09-19T08:05:44Z,2026-09-19T10:05:44+0200,d0ccc165-cf88-4955-8f53-a6e7a40a56a9,2026-09-13T18:30:00Z,2026-09-13T20:30:00+0200,177.47,EUR/MWh,PT,PT,imbalance_price,Short,2026-09-19T08:09:43Z
2026-09-19T08:05:44Z,2026-09-19T10:05:44+0200,d0ccc165-cf88-4955-8f53-a6e7a40a56a9,2026-09-13T18:45:00Z,2026-09-13T20:45:00+0200,191.75,EUR/MWh,PT,PT,imbalance_price,Long,2026-09-19T08:09:43Z
2026-09-19T08:05:44Z,2026-09-19T10:05:44+0200,d0ccc165-cf88-4955-8f53-a6e7a40a56a9,2026-09-13T18:45:00Z,2026-09-13T20:45:00+0200,191.75,EUR/MWh,PT,PT,imbalance_price,Short,2026-09-19T08:09:43Z
2026-09-19T08:05:44Z,2026-09-19T10:05:44+0200,d0ccc165-cf88-4955-8f53-a6e7a40a56a9,2026-09-13T19:00:00Z,2026-09-13T21:00:00+0200,185.58,EUR/MWh,PT,PT,imbalance_price,Long,2026-09-19T08:09:43Z
2026-09-19T08:05:44Z,2026-09-19T10:05:44+0200,d0ccc165-cf88-4955-8f53-a6e7a40a56a9,2026-09-13T19:00:00Z,2026-09-13T21:00:00+0200,185.58,EUR/MWh,PT,PT,imbalance_price,Short,2026-09-19T08:09:43Z
2026-09-19T08:05:44Z,2026-09-19T10:05:44+0200,d0ccc165-cf88-4955-8f53-a6e7a40a56a9,2026-09-13T19:15:00Z,2026-09-13T21:15:00+0200,180.52,EUR/MWh,PT,PT,imbalance_price,Long,2026-09-19T08:09:43Z
2026-09-19T08:05:44Z,2026-09-19T10:05:44+0200,d0ccc165-cf88-4955-8f53-a6e7a40a56a9,2026-09-13T19:15:00Z,2026-09-13T21:15:00+0200,180.52,EUR/MWh,PT,PT,imbalance_price,Short,2026-09-19T08:09:43Z
2026-09-19T08:05:44Z,2026-09-19T10:05:44+0200,d0ccc165-cf88-4955-8f53-a6e7a40a56a9,2026-09-13T19:30:00Z,2026-09-13T21:30:00+0200,179.27,EUR/MWh,PT,PT,imbalance_price,Long,2026-09-19T08:09:43Z
2026-09-19T08:05:44Z,2026-09-19T10:05:44+0200,d0ccc165-cf88-4955-8f53-a6e7a40a56a9,2026-09-13T19:30:00Z,2026-09-13T21:30:00+0200,179.27,EUR/MWh,PT,PT,imbalance_price,Short,2026-09-19T08:09:43Z
2026-09-19T08:05:44Z,2026-09-19T10:05:44+0200,d0ccc165-cf88-4955-8f53-a6e7a40a56a9,2026-09-13T19:45:00Z,2026-09-13T21:45:00+0200,178.07,EUR/MWh,PT,PT,imbalance_price,Long,2026-09-19T08:09:43Z
2026-09-19T08:05:44Z,2026-09-19T10:05:44+0200,d0ccc165-cf88-4955-8f53-a6e7a40a56a9,2026-09-13T19:45:00Z,2026-09-13T21:45:00+0200,229.38,EUR/MWh,PT,PT,imbalance_price,Short,2026-09-19T08:09:43Z
2026-09-19T08:05:44Z,2026-09-19T10:05:44+0200,d0ccc165-cf88-4955-8f53-a6e7a40a56a9,2026-09-13T20:00:00Z,2026-09-13T22:00:00+0200,278.92,EUR/MWh,PT,PT,imbalance_price,Long,2026-09-19T08:09:43Z
2026-09-19T08:05:44Z,2026-09-19T10:05:44+0200,d0ccc165-cf88-4955-8f53-a6e7a40a56a9,2026-09-13T20:00:00Z,2026-09-13T22:00:00+0200,278.92,EUR/MWh,PT,PT,imbalance_price,Short,2026-09-19T08:09:43Z
2026-09-19T08:05:44Z,2026-09-19T10:05:44+0200,d0ccc165-cf88-4955-8f53-a6e7a40a56a9,2026-09-13T20:15:00Z,2026-09-13T22:15:00+0200,145.01,EUR/MWh,PT,PT,imbalance_price,Long,2026-09-19T08:09:43Z
2026-09-19T08:05:44Z,2026-09-19T10:05:44+0200,d0ccc165-cf88-4955-8f53-a6e7a40a56a9,2026-09-13T20:15:00Z,2026-09-13T22:15:00+0200,273.0,EUR/MWh,PT,PT,imbalance_price,Short,2026-09-19T08:09:43Z
2026-09-19T08:05:44Z,2026-09-19T10:05:44+0200,d0ccc165-cf88-4955-8f53-a6e7a40a56a9,2026-09-13T20:30:00Z,2026-09-13T22:30:00+0200,263.97,EUR/MWh,PT,PT,imbalance_price,Long,2026-09-19T08:09:43Z
2026-09-19T08:05:44Z,2026-09-19T10:05:44+0200,d0ccc165-cf88-4955-8f53-a6e7a40a56a9,2026-09-13T20:30:00Z,2026-09-13T22:30:00+0200,263.97,EUR/MWh,PT,PT,imbalance_price,Short,2026-09-19T08:09:43Z
2026-09-19T08:05:44Z,2026-09-19T10:05:44+0200,d0ccc165-cf88-4955-8f53-a6e7a40a56a9,2026-09-13T20:45:00Z,2026-09-13T22:45:00+0200,257.07,EUR/MWh,PT,PT,imbalance_price,Long,2026-09-19T08:09:43Z
2026-09-19T08:05:44Z,2026-09-19T10:05:44+0200,d0ccc165-cf88-4955-8f53-a6e7a40a56a9,2026-09-13T20:45:00Z,2026-09-13T22:45:00+0200,257.07,EUR/MWh,PT,PT,imbalance_price,Short,2026-09-19T08:09:43Z
2026-09-19T08:05:44Z,2026-09-19T10:05:44+0200,d0ccc165-cf88-4955-8f53-a6e7a40a56a9,2026-09-13T21:00:00Z,2026-09-13T23:00:00+0200,217.95,EUR/MWh,PT,PT,imbalance_price,Long,2026-09-19T08:09:43Z
2026-09-19T08:05:44Z,2026-09-19T10:05:44+0200,d0ccc165-cf88-4955-8f53-a6e7a40a56a9,2026-09-13T21:00:00Z,2026-09-13T23:00:00+0200,217.95,EUR/MWh,PT,PT,imbalance_price,Short,2026-09-19T08:09:43Z
2026-09-19T08:05:44Z,2026-09-19T10:05:44+0200,d0ccc165-cf88-4955-8f53-a6e7a40a56a9,2026-09-13T21:15:00Z,2026-09-13T23:15:00+0200,208.05,EUR/MWh,PT,PT,imbalance_price,Long,2026-09-19T08:09:43Z
2026-09-19T08:05:44Z,2026-09-19T10:05:44+0200,d0ccc165-cf88-4955-8f53-a6e7a40a56a9,2026-09-13T21:15:00Z,2026-09-13T23:15:00+0200,208.05,EUR/MWh,PT,PT,imbalance_price,Short,2026-09-19T08:09:43Z
2026-09-19T08:05:44Z,2026-09-19T10:05:44+0200,d0ccc165-cf88-4955-8f53-a6e7a40a56a9,2026-09-13T21:30:00Z,2026-09-13T23:30:00+0200,250.01,EUR/MWh,PT,PT,imbalance_price,Long,2026-09-19T08:09:43Z
2026-09-19T08:05:44Z,2026-09-19T10:05:44+0200,d0ccc165-cf88-4955-8f53-a6e7a40a56a9,2026-09-13T21:30:00Z,2026-09-13T23:30:00+0200,250.01,EUR/MWh,PT,PT,imbalance_price,Short,2026-09-19T08:09:43Z
2026-09-19T08:05:44Z,2026-09-19T10:05:44+0200,d0ccc165-cf88-4955-8f53-a6e7a40a56a9,2026-09-13T21:45:00Z,2026-09-13T23:45:00+0200,253.01,EUR/MWh,PT,PT,imbalance_price,Long,2026-09-19T08:09:43Z
2026-09-19T08:05:44Z,2026-09-19T10:05:44+0200,d0ccc165-cf88-4955-8f53-a6e7a40a56a9,2026-09-13T21:45:00Z,2026-09-13T23:45:00+0200,253.01,EUR/MWh,PT,PT,imbalance_price,Short,2026-09-19T08:09:43Z
2026-09-19T08:05:44Z,2026-09-19T10:05:44+0200,d0ccc165-cf88-4955-8f53-a6e7a40a56a9,2026-09-13T22:00:00Z,2026-09-14T00:00:00+0200,191.92,EUR/MWh,PT,PT,imbalance_price,Long,2026-09-19T08:09:43Z
2026-09-19T08:05:44Z,2026-09-19T10:05:44+0200,d0ccc165-cf88-4955-8f53-a6e7a40a56a9,2026-09-13T22:00:00Z,2026-09-14T00:00:00+0200,191.92,EUR/MWh,PT,PT,imbalance_price,Short,2026-09-19T08:09:43Z
2026-09-19T08:05:44Z,2026-09-19T10:05:44+0200,d0ccc165-cf88-4955-8f53-a6e7a40a56a9,2026-09-13T22:15:00Z,2026-09-14T00:15:00+0200,169.82,EUR/MWh,PT,PT,imbalance_price,Long,2026-09-19T08:09:43Z
2026-09-19T08:05:44Z,2026-09-19T10:05:44+0200,d0ccc165-cf88-4955-8f53-a6e7a40a56a9,2026-09-13T22:15:00Z,2026-09-14T00:15:00+0200,169.82,EUR/MWh,PT,PT,imbalance_price,Short,2026-09-19T08:09:43Z
2026-09-19T08:05:44Z,2026-09-19T10:05:44+0200,d0ccc165-cf88-4955-8f53-a6e7a40a56a9,2026-09-13T22:30:00Z,2026-09-14T00:30:00+0200,172.4,EUR/MWh,PT,PT,imbalance_price,Long,2026-09-19T08:09:43Z
2026-09-19T08:05:44Z,2026-09-19T10:05:44+0200,d0ccc165-cf88-4955-8f53-a6e7a40a56a9,2026-09-13T22:30:00Z,2026-09-14T00:30:00+0200,270.01,EUR/MWh,PT,PT,imbalance_price,Short,2026-09-19T08:09:43Z
2026-09-19T08:05:44Z,2026-09-19T10:05:44+0200,d0ccc165-cf88-4955-8f53-a6e7a40a56a9,2026-09-13T22:45:00Z,2026-09-14T00:45:00+0200,172.4,EUR/MWh,PT,PT,imbalance_price,Long,2026-09-19T08:09:43Z
2026-09-19T08:05:44Z,2026-09-19T10:05:44+0200,d0ccc165-cf88-4955-8f53-a6e7a40a56a9,2026-09-13T22:45:00Z,2026-09-14T00:45:00+0200,255.01,EUR/MWh,PT,PT,imbalance_price,Short,2026-09-19T08:09:43Z
2026-09-19T08:05:44Z,2026-09-19T10:05:44+0200,d0ccc165-cf88-4955-8f53-a6e7a40a56a9,2026-09-13T23:00:00Z,2026-09-14T01:00:00+0200,280.0,EUR/MWh,PT,PT,imbalance_price,Long,2026-09-19T08:09:43Z
2026-09-19T08:05:44Z,2026-09-19T10:05:44+0200,d0ccc165-cf88-4955-8f53-a6e7a40a56a9,2026-09-13T23:00:00Z,2026-09-14T01:00:00+0200,280.0,EUR/MWh,PT,PT,imbalance_price,Short,2026-09-19T08:09:43Z
2026-09-19T08:05:44Z,2026-09-19T10:05:44+0200,d0ccc165-cf88-4955-8f53-a6e7a40a56a9,2026-09-13T23:15:00Z,2026-09-14T01:15:00+0200,280.0,EUR/MWh,PT,PT,imbalance_price,Long,2026-09-19T08:09:43Z
2026-09-19T08:05:44Z,2026-09-19T10:05:44+0200,d0ccc165-cf88-4955-8f53-a6e7a40a56a9,2026-09-13T23:15:00Z,2026-09-14T01:15:00+0200,280.0,EUR/MWh,PT,PT,imbalance_price,Short,2026-09-19T08:09:43Z
2026-09-19T08:05:44Z,2026-09-19T10:05:44+0200,d0ccc165-cf88-4955-8f53-a6e7a40a56a9,2026-09-13T23:30:00Z,2026-09-14T01:30:00+0200,170.29,EUR/MWh,PT,PT,imbalance_price,Long,2026-09-19T08:09:43Z
2026-09-19T08:05:44Z,2026-09-19T10:05:44+0200,d0ccc165-cf88-4955-8f53-a6e7a40a56a9,2026-09-13T23:30:00Z,2026-09-14T01:30:00+0200,170.29,EUR/MWh,PT,PT,imbalance_price,Short,2026-09-19T08:09:43Z
2026-09-19T08:05:44Z,2026-09-19T10:05:44+0200,d0ccc165-cf88-4955-8f53-a6e7a40a56a9,2026-09-13T23:45:00Z,2026-09-14T01:45:00+0200,163.81,EUR/MWh,PT,PT,imbalance_price,Long,2026-09-19T08:09:43Z
2026-09-19T08:05:44Z,2026-09-19T10:05:44+0200,d0ccc165-cf88-4955-8f53-a6e7a40a56a9,2026-09-13T23:45:00Z,2026-09-14T01:45:00+0200,163.81,EUR/MWh,PT,PT,imbalance_price,Short,2026-09-19T08:09:43Z
2026-09-19T08:05:44Z,2026-09-19T10:05:44+0200,d0ccc165-cf88-4955-8f53-a6e7a40a56a9,2026-09-14T00:00:00Z,2026-09-14T02:00:00+0200,190.37,EUR/MWh,PT,PT,imbalance_price,Long,2026-09-19T08:09:43Z
2026-09-19T08:05:44Z,2026-09-19T10:05:44+0200,d0ccc165-cf88-4955-8f53-a6e7a40a56a9,2026-09-14T00:00:00Z,2026-09-14T02:00:00+0200,190.37,EUR/MWh,PT,PT,imbalance_price,Short,2026-09-19T08:09:43Z
2026-09-19T08:05:44Z,2026-09-19T10:05:44+0200,d0ccc165-cf88-4955-8f53-a6e7a40a56a9,2026-09-14T00:15:00Z,2026-09-14T02:15:00+0200,196.91,EUR/MWh,PT,PT,imbalance_price,Long,2026-09-19T08:09:43Z
2026-09-19T08:05:44Z,2026-09-19T10:05:44+0200,d0ccc165-cf88-4955-8f53-a6e7a40a56a9,2026-09-14T00:15:00Z,2026-09-14T02:15:00+0200,196.91,EUR/MWh,PT,PT,imbalance_price,Short,2026-09-19T08:09:43Z
2026-09-19T08:05:44Z,2026-09-19T10:05:44+0200,d0ccc165-cf88-4955-8f53-a6e7a40a56a9,2026-09-14T00:30:00Z,2026-09-14T02:30:00+0200,188.84,EUR/MWh,PT,PT,imbalance_price,Long,2026-09-19T08:09:43Z
2026-09-19T08:05:44Z,2026-09-19T10:05:44+0200,d0ccc165-cf88-4955-8f53-a6e7a40a56a9,2026-09-14T00:30:00Z,2026-09-14T02:30:00+0200,188.84,EUR/MWh,PT,PT,imbalance_price,Short,2026-09-19T08:09:43Z
2026-09-19T08:05:44Z,2026-09-19T10:05:44+0200,d0ccc165-cf88-4955-8f53-a6e7a40a56a9,2026-09-14T00:45:00Z,2026-09-14T02:45:00+0200,193.33,EUR/MWh,PT,PT,imbalance_price,Long,2026-09-19T08:09:43Z
2026-09-19T08:05:44Z,2026-09-19T10:05:44+0200,d0ccc165-cf88-4955-8f53-a6e7a40a56a9,2026-09-14T00:45:00Z,2026-09-14T02:45:00+0200,193.33,EUR/MWh,PT,PT,imbalance_price,Short,2026-09-19T08:09:43Z
2026-09-19T08:05:44Z,2026-09-19T10:05:44+0200,d0ccc165-cf88-4955-8f53-a6e7a40a56a9,2026-09-14T01:00:00Z,2026-09-14T03:00:00+0200,205.01,EUR/MWh,PT,PT,imbalance_price,Long,2026-09-19T08:09:43Z
2026-09-19T08:05:44Z,2026-09-19T10:05:44+0200,d0ccc165-cf88-4955-8f53-a6e7a40a56a9,2026-09-14T01:00:00Z,2026-09-14T03:00:00+0200,205.01,EUR/MWh,PT,PT,imbalance_price,Short,2026-09-19T08:09:43Z
2026-09-19T08:05:44Z,2026-09-19T10:05:44+0200,d0ccc165-cf88-4955-8f53-a6e7a40a56a9,2026-09-14T01:15:00Z,2026-09-14T03:15:00+0200,203.92,EUR/MWh,PT,PT,imbalance_price,Long,2026-09-19T08:09:43Z
2026-09-19T08:05:44Z,2026-09-19T10:05:44+0200,d0ccc165-cf88-4955-8f53-a6e7a40a56a9,2026-09-14T01:15:00Z,2026-09-14T03:15:00+0200,203.92,EUR/MWh,PT,PT,imbalance_price,Short,2026-09-19T08:09:43Z
2026-09-19T08:05:44Z,2026-09-19T10:05:44+0200,d0ccc165-cf88-4955-8f53-a6e7a40a56a9,2026-09-14T01:30:00Z,2026-09-14T03:30:00+0200,223.79,EUR/MWh,PT,PT,imbalance_price,Long,2026-09-19T08:09:43Z
2026-09-19T08:05:44Z,2026-09-19T10:05:44+0200,d0ccc165-cf88-4955-8f53-a6e7a40a56a9,2026-09-14T01:30:00Z,2026-09-14T03:30:00+0200,223.79,EUR/MWh,PT,PT,imbalance_price,Short,2026-09-19T08:09:43Z
2026-09-19T08:05:44Z,2026-09-19T10:05:44+0200,d0ccc165-cf88-4955-8f53-a6e7a40a56a9,2026-09-14T01:45:00Z,2026-09-14T03:45:00+0200,230.56,EUR/MWh,PT,PT,imbalance_price,Long,2026-09-19T08:09:43Z
2026-09-19T08:05:44Z,2026-09-19T10:05:44+0200,d0ccc165-cf88-4955-8f53-a6e7a40a56a9,2026-09-14T01:45:00Z,2026-09-14T03:45:00+0200,230.56,EUR/MWh,PT,PT,imbalance_price,Short,2026-09-19T08:09:43Z
2026-09-19T08:05:44Z,2026-09-19T10:05:44+0200,d0ccc165-cf88-4955-8f53-a6e7a40a56a9,2026-09-14T02:00:00Z,2026-09-14T04:00:00+0200,228.46,EUR/MWh,PT,PT,imbalance_price,Long,2026-09-19T08:09:43Z
2026-09-19T08:05:44Z,2026-09-19T10:05:44+0200,d0ccc165-cf88-4955-8f53-a6e7a40a56a9,2026-09-14T02:00:00Z,2026-09-14T04:00:00+0200,228.46,EUR/MWh,PT,PT,imbalance_price,Short,2026-09-19T08:09:43Z
2026-09-19T08:05:44Z,2026-09-19T10:05:44+0200,d0ccc165-cf88-4955-8f53-a6e7a40a56a9,2026-09-14T02:15:00Z,2026-09-14T04:15:00+0200,227.63,EUR/MWh,PT,PT,imbalance_price,Long,2026-09-19T08:09:43Z
2026-09-19T08:05:44Z,2026-09-19T10:05:44+0200,d0ccc165-cf88-4955-8f53-a6e7a40a56a9,2026-09-14T02:15:00Z,2026-09-14T04:15:00+0200,227.63,EUR/MWh,PT,PT,imbalance_price,Short,2026-09-19T08:09:43Z
2026-09-19T08:05:44Z,2026-09-19T10:05:44+0200,d0ccc165-cf88-4955-8f53-a6e7a40a56a9,2026-09-14T02:30:00Z,2026-09-14T04:30:00+0200,230.07,EUR/MWh,PT,PT,imbalance_price,Long,2026-09-19T08:09:43Z
2026-09-19T08:05:44Z,2026-09-19T10:05:44+0200,d0ccc165-cf88-4955-8f53-a6e7a40a56a9,2026-09-14T02:30:00Z,2026-09-14T04:30:00+0200,230.07,EUR/MWh,PT,PT,imbalance_price,Short,2026-09-19T08:09:43Z
2026-09-19T08:05:44Z,2026-09-19T10:05:44+0200,d0ccc165-cf88-4955-8f53-a6e7a40a56a9,2026-09-14T02:45:00Z,2026-09-14T04:45:00+0200,227.01,EUR/MWh,PT,PT,imbalance_price,Long,2026-09-19T08:09:43Z
2026-09-19T08:05:44Z,2026-09-19T10:05:44+0200,d0ccc165-cf88-4955-8f53-a6e7a40a56a9,2026-09-14T02:45:00Z,2026-09-14T04:45:00+0200,227.01,EUR/MWh,PT,PT,imbalance_price,Short,2026-09-19T08:09:43Z
2026-09-19T08:05:44Z,2026-09-19T10:05:44+0200,d0ccc165-cf88-4955-8f53-a6e7a40a56a9,2026-09-14T03:00:00Z,2026-09-14T05:00:00+0200,230.0,EUR/MWh,PT,PT,imbalance_price,Long,2026-09-19T08:09:43Z
2026-09-19T08:05:44Z,2026-09-19T10:05:44+0200,d0ccc165-cf88-4955-8f53-a6e7a40a56a9,2026-09-14T03:00:00Z,2026-09-14T05:00:00+0200,230.0,EUR/MWh,PT,PT,imbalance_price,Short,2026-09-19T08:09:43Z
2026-09-19T08:05:44Z,2026-09-19T10:05:44+0200,d0ccc165-cf88-4955-8f53-a6e7a40a56a9,2026-09-14T03:15:00Z,2026-09-14T05:15:00+0200,230.0,EUR/MWh,PT,PT,imbalance_price,Long,2026-09-19T08:09:43Z
2026-09-19T08:05:44Z,2026-09-19T10:05:44+0200,d0ccc165-cf88-4955-8f53-a6e7a40a56a9,2026-09-14T03:15:00Z,2026-09-14T05:15:00+0200,230.0,EUR/MWh,PT,PT,imbalance_price,Short,2026-09-19T08:09:43Z
2026-09-19T08:05:44Z,2026-09-19T10:05:44+0200,d0ccc165-cf88-4955-8f53-a6e7a40a56a9,2026-09-14T03:30:00Z,2026-09-14T05:30:00+0200,194.99,EUR/MWh,PT,PT,imbalance_price,Long,2026-09-19T08:09:43Z
2026-09-19T08:05:44Z,2026-09-19T10:05:44+0200,d0ccc165-cf88-4955-8f53-a6e7a40a56a9,2026-09-14T03:30:00Z,2026-09-14T05:30:00+0200,194.99,EUR/MWh,PT,PT,imbalance_price,Short,2026-09-19T08:09:43Z
2026-09-19T08:05:44Z,2026-09-19T10:05:44+0200,d0ccc165-cf88-4955-8f53-a6e7a40a56a9,2026-09-14T03:45:00Z,2026-09-14T05:45:00+0200,198.12,EUR/MWh,PT,PT,imbalance_price,Long,2026-09-19T08:09:43Z
2026-09-19T08:05:44Z,2026-09-19T10:05:44+0200,d0ccc165-cf88-4955-8f53-a6e7a40a56a9,2026-09-14T03:45:00Z,2026-09-14T05:45:00+0200,198.12,EUR/MWh,PT,PT,imbalance_price,Short,2026-09-19T08:09:43Z
2026-09-19T08:05:44Z,2026-09-19T10:05:44+0200,d0ccc165-cf88-4955-8f53-a6e7a40a56a9,2026-09-14T04:00:00Z,2026-09-14T06:00:00+0200,198.41,EUR/MWh,PT,PT,imbalance_price,Long,2026-09-19T08:09:43Z
2026-09-19T08:05:44Z,2026-09-19T10:05:44+0200,d0ccc165-cf88-4955-8f53-a6e7a40a56a9,2026-09-14T04:00:00Z,2026-09-14T06:00:00+0200,198.41,EUR/MWh,PT,PT,imbalance_price,Short,2026-09-19T08:09:43Z
2026-09-19T08:05:44Z,2026-09-19T10:05:44+0200,d0ccc165-cf88-4955-8f53-a6e7a40a56a9,2026-09-14T04:15:00Z,2026-09-14T06:15:00+0200,201.03,EUR/MWh,PT,PT,imbalance_price,Long,2026-09-19T08:09:43Z
2026-09-19T08:05:44Z,2026-09-19T10:05:44+0200,d0ccc165-cf88-4955-8f53-a6e7a40a56a9,2026-09-14T04:15:00Z,2026-09-14T06:15:00+0200,201.03,EUR/MWh,PT,PT,imbalance_price,Short,2026-09-19T08:09:43Z
2026-09-19T08:05:44Z,2026-09-19T10:05:44+0200,d0ccc165-cf88-4955-8f53-a6e7a40a56a9,2026-09-14T04:30:00Z,2026-09-14T06:30:00+0200,188.93,EUR/MWh,PT,PT,imbalance_price,Long,2026-09-19T08:09:43Z
2026-09-19T08:05:44Z,2026-09-19T10:05:44+0200,d0ccc165-cf88-4955-8f53-a6e7a40a56a9,2026-09-14T04:30:00Z,2026-09-14T06:30:00+0200,273.51,EUR/MWh,PT,PT,imbalance_price,Short,2026-09-19T08:09:43Z
2026-09-19T08:05:44Z,2026-09-19T10:05:44+0200,d0ccc165-cf88-4955-8f53-a6e7a40a56a9,2026-09-14T04:45:00Z,2026-09-14T06:45:00+0200,300.0,EUR/MWh,PT,PT,imbalance_price,Long,2026-09-19T08:09:43Z
2026-09-19T08:05:44Z,2026-09-19T10:05:44+0200,d0ccc165-cf88-4955-8f53-a6e7a40a56a9,2026-09-14T04:45:00Z,2026-09-14T06:45:00+0200,300.0,EUR/MWh,PT,PT,imbalance_price,Short,2026-09-19T08:09:43Z
2026-09-19T08:05:44Z,2026-09-19T10:05:44+0200,d0ccc165-cf88-4955-8f53-a6e7a40a56a9,2026-09-14T05:00:00Z,2026-09-14T07:00:00+0200,237.67,EUR/MWh,PT,PT,imbalance_price,Long,2026-09-19T08:09:43Z
2026-09-19T08:05:44Z,2026-09-19T10:05:44+0200,d0ccc165-cf88-4955-8f53-a6e7a40a56a9,2026-09-14T05:00:00Z,2026-09-14T07:00:00+0200,237.67,EUR/MWh,PT,PT,imbalance_price,Short,2026-09-19T08:09:43Z
2026-09-19T08:05:44Z,2026-09-19T10:05:44+0200,d0ccc165-cf88-4955-8f53-a6e7a40a56a9,2026-09-14T05:15:00Z,2026-09-14T07:15:00+0200,257.85,EUR/MWh,PT,PT,imbalance_price,Long,2026-09-19T08:09:43Z
2026-09-19T08:05:44Z,2026-09-19T10:05:44+0200,d0ccc165-cf88-4955-8f53-a6e7a40a56a9,2026-09-14T05:15:00Z,2026-09-14T07:15:00+0200,257.85,EUR/MWh,PT,PT,imbalance_price,Short,2026-09-19T08:09:43Z
2026-09-19T08:05:44Z,2026-09-19T10:05:44+0200,d0ccc165-cf88-4955-8f53-a6e7a40a56a9,2026-09-14T05:30:00Z,2026-09-14T07:30:00+0200,208.0,EUR/MWh,PT,PT,imbalance_price,Long,2026-09-19T08:09:43Z
2026-09-19T08:05:44Z,2026-09-19T10:05:44+0200,d0ccc165-cf88-4955-8f53-a6e7a40a56a9,2026-09-14T05:30:00Z,2026-09-14T07:30:00+0200,262.8,EUR/MWh,PT,PT,imbalance_price,Short,2026-09-19T08:09:43Z
2026-09-19T08:05:44Z,2026-09-19T10:05:44+0200,d0ccc165-cf88-4955-8f53-a6e7a40a56a9,2026-09-14T05:45:00Z,2026-09-14T07:45:00+0200,212.45,EUR/MWh,PT,PT,imbalance_price,Long,2026-09-19T08:09:43Z
2026-09-19T08:05:44Z,2026-09-19T10:05:44+0200,d0ccc165-cf88-4955-8f53-a6e7a40a56a9,2026-09-14T05:45:00Z,2026-09-14T07:45:00+0200,257.09,EUR/MWh,PT,PT,imbalance_price,Short,2026-09-19T08:09:43Z
2026-09-19T08:05:44Z,2026-09-19T10:05:44+0200,d0ccc165-cf88-4955-8f53-a6e7a40a56a9,2026-09-14T06:00:00Z,2026-09-14T08:00:00+0200,291.14,EUR/MWh,PT,PT,imbalance_price,Long,2026-09-19T08:09:43Z
2026-09-19T08:05:44Z,2026-09-19T10:05:44+0200,d0ccc165-cf88-4955-8f53-a6e7a40a56a9,2026-09-14T06:00:00Z,2026-09-14T08:00:00+0200,291.14,EUR/MWh,PT,PT,imbalance_price,Short,2026-09-19T08:09:43Z
2026-09-19T08:05:44Z,2026-09-19T10:05:44+0200,d0ccc165-cf88-4955-8f53-a6e7a40a56a9,2026-09-14T06:15:00Z,2026-09-14T08:15:00+0200,276.36,EUR/MWh,PT,PT,imbalance_price,Long,2026-09-19T08:09:43Z
2026-09-19T08:05:44Z,2026-09-19T10:05:44+0200,d0ccc165-cf88-4955-8f53-a6e7a40a56a9,2026-09-14T06:15:00Z,2026-09-14T08:15:00+0200,276.36,EUR/MWh,PT,PT,imbalance_price,Short,2026-09-19T08:09:43Z
2026-09-19T08:05:44Z,2026-09-19T10:05:44+0200,d0ccc165-cf88-4955-8f53-a6e7a40a56a9,2026-09-14T06:30:00Z,2026-09-14T08:30:00+0200,208.0,EUR/MWh,PT,PT,imbalance_price,Long,2026-09-19T08:09:43Z
2026-09-19T08:05:44Z,2026-09-19T10:05:44+0200,d0ccc165-cf88-4955-8f53-a6e7a40a56a9,2026-09-14T06:30:00Z,2026-09-14T08:30:00+0200,218.71,EUR/MWh,PT,PT,imbalance_price,Short,2026-09-19T08:09:43Z
2026-09-19T08:05:44Z,2026-09-19T10:05:44+0200,d0ccc165-cf88-4955-8f53-a6e7a40a56a9,2026-09-14T06:45:00Z,2026-09-14T08:45:00+0200,240.57,EUR/MWh,PT,PT,imbalance_price,Long,2026-09-19T08:09:43Z
2026-09-19T08:05:44Z,2026-09-19T10:05:44+0200,d0ccc165-cf88-4955-8f53-a6e7a40a56a9,2026-09-14T06:45:00Z,2026-09-14T08:45:00+0200,240.57,EUR/MWh,PT,PT,imbalance_price,Short,2026-09-19T08:09:43Z
2026-09-19T08:05:44Z,2026-09-19T10:05:44+0200,d0ccc165-cf88-4955-8f53-a6e7a40a56a9,2026-09-14T07:00:00Z,2026-09-14T09:00:00+0200,264.59,EUR/MWh,PT,PT,imbalance_price,Long,2026-09-19T08:09:43Z
2026-09-19T08:05:44Z,2026-09-19T10:05:44+0200,d0ccc165-cf88-4955-8f53-a6e7a40a56a9,2026-09-14T07:00:00Z,2026-09-14T09:00:00+0200,264.59,EUR/MWh,PT,PT,imbalance_price,Short,2026-09-19T08:09:43Z
2026-09-19T08:05:44Z,2026-09-19T10:05:44+0200,d0ccc165-cf88-4955-8f53-a6e7a40a56a9,2026-09-14T07:15:00Z,2026-09-14T09:15:00+0200,182.0,EUR/MWh,PT,PT,imbalance_price,Long,2026-09-19T08:09:43Z
2026-09-19T08:05:44Z,2026-09-19T10:05:44+0200,d0ccc165-cf88-4955-8f53-a6e7a40a56a9,2026-09-14T07:15:00Z,2026-09-14T09:15:00+0200,260.39,EUR/MWh,PT,PT,imbalance_price,Short,2026-09-19T08:09:43Z
2026-09-19T08:05:44Z,2026-09-19T10:05:44+0200,d0ccc165-cf88-4955-8f53-a6e7a40a56a9,2026-09-14T07:30:00Z,2026-09-14T09:30:00+0200,163.15,EUR/MWh,PT,PT,imbalance_price,Long,2026-09-19T08:09:43Z
2026-09-19T08:05:44Z,2026-09-19T10:05:44+0200,d0ccc165-cf88-4955-8f53-a6e7a40a56a9,2026-09-14T07:30:00Z,2026-09-14T09:30:00+0200,260.0,EUR/MWh,PT,PT,imbalance_price,Short,2026-09-19T08:09:43Z
2026-09-19T08:05:44Z,2026-09-19T10:05:44+0200,d0ccc165-cf88-4955-8f53-a6e7a40a56a9,2026-09-14T07:45:00Z,2026-09-14T09:45:00+0200,127.12,EUR/MWh,PT,PT,imbalance_price,Long,2026-09-19T08:09:43Z
2026-09-19T08:05:44Z,2026-09-19T10:05:44+0200,d0ccc165-cf88-4955-8f53-a6e7a40a56a9,2026-09-14T07:45:00Z,2026-09-14T09:45:00+0200,260.0,EUR/MWh,PT,PT,imbalance_price,Short,2026-09-19T08:09:43Z
2026-09-19T08:05:44Z,2026-09-19T10:05:44+0200,d0ccc165-cf88-4955-8f53-a6e7a40a56a9,2026-09-14T08:00:00Z,2026-09-14T10:00:00+0200,105.55,EUR/MWh,PT,PT,imbalance_price,Long,2026-09-19T08:09:43Z
2026-09-19T08:05:44Z,2026-09-19T10:05:44+0200,d0ccc165-cf88-4955-8f53-a6e7a40a56a9,2026-09-14T08:00:00Z,2026-09-14T10:00:00+0200,110.87,EUR/MWh,PT,PT,imbalance_price,Short,2026-09-19T08:09:43Z
2026-09-19T08:05:44Z,2026-09-19T10:05:44+0200,d0ccc165-cf88-4955-8f53-a6e7a40a56a9,2026-09-14T08:15:00Z,2026-09-14T10:15:00+0200,102.62,EUR/MWh,PT,PT,imbalance_price,Long,2026-09-19T08:09:43Z
2026-09-19T08:05:44Z,2026-09-19T10:05:44+0200,d0ccc165-cf88-4955-8f53-a6e7a40a56a9,2026-09-14T08:15:00Z,2026-09-14T10:15:00+0200,111.56,EUR/MWh,PT,PT,imbalance_price,Short,2026-09-19T08:09:43Z
2026-09-19T08:05:44Z,2026-09-19T10:05:44+0200,d0ccc165-cf88-4955-8f53-a6e7a40a56a9,2026-09-14T08:30:00Z,2026-09-14T10:30:00+0200,95.31,EUR/MWh,PT,PT,imbalance_price,Long,2026-09-19T08:09:43Z
2026-09-19T08:05:44Z,2026-09-19T10:05:44+0200,d0ccc165-cf88-4955-8f53-a6e7a40a56a9,2026-09-14T08:30:00Z,2026-09-14T10:30:00+0200,102.15,EUR/MWh,PT,PT,imbalance_price,Short,2026-09-19T08:09:43Z
2026-09-19T08:05:44Z,2026-09-19T10:05:44+0200,d0ccc165-cf88-4955-8f53-a6e7a40a56a9,2026-09-14T08:45:00Z,2026-09-14T10:45:00+0200,81.65,EUR/MWh,PT,PT,imbalance_price,Long,2026-09-19T08:09:43Z
2026-09-19T08:05:44Z,2026-09-19T10:05:44+0200,d0ccc165-cf88-4955-8f53-a6e7a40a56a9,2026-09-14T08:45:00Z,2026-09-14T10:45:00+0200,90.22,EUR/MWh,PT,PT,imbalance_price,Short,2026-09-19T08:09:43Z
2026-09-19T08:05:44Z,2026-09-19T10:05:44+0200,d0ccc165-cf88-4955-8f53-a6e7a40a56a9,2026-09-14T09:00:00Z,2026-09-14T11:00:00+0200,67.4,EUR/MWh,PT,PT,imbalance_price,Long,2026-09-19T08:09:43Z
2026-09-19T08:05:44Z,2026-09-19T10:05:44+0200,d0ccc165-cf88-4955-8f53-a6e7a40a56a9,2026-09-14T09:00:00Z,2026-09-14T11:00:00+0200,220.4,EUR/MWh,PT,PT,imbalance_price,Short,2026-09-19T08:09:43Z
2026-09-19T08:05:44Z,2026-09-19T10:05:44+0200,d0ccc165-cf88-4955-8f53-a6e7a40a56a9,2026-09-14T09:15:00Z,2026-09-14T11:15:00+0200,48.0,EUR/MWh,PT,PT,imbalance_price,Long,2026-09-19T08:09:43Z
2026-09-19T08:05:44Z,2026-09-19T10:05:44+0200,d0ccc165-cf88-4955-8f53-a6e7a40a56a9,2026-09-14T09:15:00Z,2026-09-14T11:15:00+0200,220.4,EUR/MWh,PT,PT,imbalance_price,Short,2026-09-19T08:09:43Z
2026-09-19T08:05:44Z,2026-09-19T10:05:44+0200,d0ccc165-cf88-4955-8f53-a6e7a40a56a9,2026-09-14T09:30:00Z,2026-09-14T11:30:00+0200,40.0,EUR/MWh,PT,PT,imbalance_price,Long,2026-09-19T08:09:43Z
2026-09-19T08:05:44Z,2026-09-19T10:05:44+0200,d0ccc165-cf88-4955-8f53-a6e7a40a56a9,2026-09-14T09:30:00Z,2026-09-14T11:30:00+0200,220.4,EUR/MWh,PT,PT,imbalance_price,Short,2026-09-19T08:09:43Z
2026-09-19T08:05:44Z,2026-09-19T10:05:44+0200,d0ccc165-cf88-4955-8f53-a6e7a40a56a9,2026-09-14T09:45:00Z,2026-09-14T11:45:00+0200,36.01,EUR/MWh,PT,PT,imbalance_price,Long,2026-09-19T08:09:43Z
2026-09-19T08:05:44Z,2026-09-19T10:05:44+0200,d0ccc165-cf88-4955-8f53-a6e7a40a56a9,2026-09-14T09:45:00Z,2026-09-14T11:45:00+0200,220.4,EUR/MWh,PT,PT,imbalance_price,Short,2026-09-19T08:09:43Z
2026-09-19T08:05:44Z,2026-09-19T10:05:44+0200,d0ccc165-cf88-4955-8f53-a6e7a40a56a9,2026-09-14T10:00:00Z,2026-09-14T12:00:00+0200,36.01,EUR/MWh,PT,PT,imbalance_price,Long,2026-09-19T08:09:43Z
2026-09-19T08:05:44Z,2026-09-19T10:05:44+0200,d0ccc165-cf88-4955-8f53-a6e7a40a56a9,2026-09-14T10:00:00Z,2026-09-14T12:00:00+0200,220.4,EUR/MWh,PT,PT,imbalance_price,Short,2026-09-19T08:09:43Z
2026-09-19T08:05:44Z,2026-09-19T10:05:44+0200,d0ccc165-cf88-4955-8f53-a6e7a40a56a9,2026-09-14T10:15:00Z,2026-09-14T12:15:00+0200,36.01,EUR/MWh,PT,PT,imbalance_price,Long,2026-09-19T08:09:43Z
2026-09-19T08:05:44Z,2026-09-19T10:05:44+0200,d0ccc165-cf88-4955-8f53-a6e7a40a56a9,2026-09-14T10:15:00Z,2026-09-14T12:15:00+0200,213.7,EUR/MWh,PT,PT,imbalance_price,Short,2026-09-19T08:09:43Z
2026-09-19T08:05:44Z,2026-09-19T10:05:44+0200,d0ccc165-cf88-4955-8f53-a6e7a40a56a9,2026-09-14T10:30:00Z,2026-09-14T12:30:00+0200,34.48,EUR/MWh,PT,PT,imbalance_price,Long,2026-09-19T08:09:43Z
2026-09-19T08:05:44Z,2026-09-19T10:05:44+0200,d0ccc165-cf88-4955-8f53-a6e7a40a56a9,2026-09-14T10:30:00Z,2026-09-14T12:30:00+0200,227.0,EUR/MWh,PT,PT,imbalance_price,Short,2026-09-19T08:09:43Z
2026-09-19T08:05:44Z,2026-09-19T10:05:44+0200,d0ccc165-cf88-4955-8f53-a6e7a40a56a9,2026-09-14T10:45:00Z,2026-09-14T12:45:00+0200,36.01,EUR/MWh,PT,PT,imbalance_price,Long,2026-09-19T08:09:43Z
2026-09-19T08:05:44Z,2026-09-19T10:05:44+0200,d0ccc165-cf88-4955-8f53-a6e7a40a56a9,2026-09-14T10:45:00Z,2026-09-14T12:45:00+0200,244.44,EUR/MWh,PT,PT,imbalance_price,Short,2026-09-19T08:09:43Z
2026-09-19T08:05:44Z,2026-09-19T10:05:44+0200,d0ccc165-cf88-4955-8f53-a6e7a40a56a9,2026-09-14T11:00:00Z,2026-09-14T13:00:00+0200,40.0,EUR/MWh,PT,PT,imbalance_price,Long,2026-09-19T08:09:43Z
2026-09-19T08:05:44Z,2026-09-19T10:05:44+0200,d0ccc165-cf88-4955-8f53-a6e7a40a56a9,2026-09-14T11:00:00Z,2026-09-14T13:00:00+0200,249.44,EUR/MWh,PT,PT,imbalance_price,Short,2026-09-19T08:09:43Z
2026-09-19T08:05:44Z,2026-09-19T10:05:44+0200,d0ccc165-cf88-4955-8f53-a6e7a40a56a9,2026-09-14T11:15:00Z,2026-09-14T13:15:00+0200,40.0,EUR/MWh,PT,PT,imbalance_price,Long,2026-09-19T08:09:43Z
2026-09-19T08:05:44Z,2026-09-19T10:05:44+0200,d0ccc165-cf88-4955-8f53-a6e7a40a56a9,2026-09-14T11:15:00Z,2026-09-14T13:15:00+0200,213.7,EUR/MWh,PT,PT,imbalance_price,Short,2026-09-19T08:09:43Z
2026-09-19T08:05:44Z,2026-09-19T10:05:44+0200,d0ccc165-cf88-4955-8f53-a6e7a40a56a9,2026-09-14T11:30:00Z,2026-09-14T13:30:00+0200,36.01,EUR/MWh,PT,PT,imbalance_price,Long,2026-09-19T08:09:43Z
2026-09-19T08:05:44Z,2026-09-19T10:05:44+0200,d0ccc165-cf88-4955-8f53-a6e7a40a56a9,2026-09-14T11:30:00Z,2026-09-14T13:30:00+0200,213.7,EUR/MWh,PT,PT,imbalance_price,Short,2026-09-19T08:09:43Z
2026-09-19T08:05:44Z,2026-09-19T10:05:44+0200,d0ccc165-cf88-4955-8f53-a6e7a40a56a9,2026-09-14T11:45:00Z,2026-09-14T13:45:00+0200,36.01,EUR/MWh,PT,PT,imbalance_price,Long,2026-09-19T08:09:43Z
2026-09-19T08:05:44Z,2026-09-19T10:05:44+0200,d0ccc165-cf88-4955-8f53-a6e7a40a56a9,2026-09-14T11:45:00Z,2026-09-14T13:45:00+0200,244.0,EUR/MWh,PT,PT,imbalance_price,Short,2026-09-19T08:09:43Z
2026-09-19T08:05:44Z,2026-09-19T10:05:44+0200,d0ccc165-cf88-4955-8f53-a6e7a40a56a9,2026-09-14T12:00:00Z,2026-09-14T14:00:00+0200,37.26,EUR/MWh,PT,PT,imbalance_price,Long,2026-09-19T08:09:43Z
2026-09-19T08:05:44Z,2026-09-19T10:05:44+0200,d0ccc165-cf88-4955-8f53-a6e7a40a56a9,2026-09-14T12:00:00Z,2026-09-14T14:00:00+0200,227.23,EUR/MWh,PT,PT,imbalance_price,Short,2026-09-19T08:09:43Z
2026-09-19T08:05:44Z,2026-09-19T10:05:44+0200,d0ccc165-cf88-4955-8f53-a6e7a40a56a9,2026-09-14T12:15:00Z,2026-09-14T14:15:00+0200,40.0,EUR/MWh,PT,PT,imbalance_price,Long,2026-09-19T08:09:43Z
2026-09-19T08:05:44Z,2026-09-19T10:05:44+0200,d0ccc165-cf88-4955-8f53-a6e7a40a56a9,2026-09-14T12:15:00Z,2026-09-14T14:15:00+0200,220.4,EUR/MWh,PT,PT,imbalance_price,Short,2026-09-19T08:09:43Z
2026-09-19T08:05:44Z,2026-09-19T10:05:44+0200,d0ccc165-cf88-4955-8f53-a6e7a40a56a9,2026-09-14T12:30:00Z,2026-09-14T14:30:00+0200,40.0,EUR/MWh,PT,PT,imbalance_price,Long,2026-09-19T08:09:43Z
2026-09-19T08:05:44Z,2026-09-19T10:05:44+0200,d0ccc165-cf88-4955-8f53-a6e7a40a56a9,2026-09-14T12:30:00Z,2026-09-14T14:30:00+0200,220.05,EUR/MWh,PT,PT,imbalance_price,Short,2026-09-19T08:09:43Z
2026-09-19T08:05:44Z,2026-09-19T10:05:44+0200,d0ccc165-cf88-4955-8f53-a6e7a40a56a9,2026-09-14T12:45:00Z,2026-09-14T14:45:00+0200,40.0,EUR/MWh,PT,PT,imbalance_price,Long,2026-09-19T08:09:43Z
2026-09-19T08:05:44Z,2026-09-19T10:05:44+0200,d0ccc165-cf88-4955-8f53-a6e7a40a56a9,2026-09-14T12:45:00Z,2026-09-14T14:45:00+0200,220.4,EUR/MWh,PT,PT,imbalance_price,Short,2026-09-19T08:09:43Z
2026-09-19T08:05:44Z,2026-09-19T10:05:44+0200,d0ccc165-cf88-4955-8f53-a6e7a40a56a9,2026-09-14T13:00:00Z,2026-09-14T15:00:00+0200,46.39,EUR/MWh,PT,PT,imbalance_price,Long,2026-09-19T08:09:43Z
2026-09-19T08:05:44Z,2026-09-19T10:05:44+0200,d0ccc165-cf88-4955-8f53-a6e7a40a56a9,2026-09-14T13:00:00Z,2026-09-14T15:00:00+0200,220.4,EUR/MWh,PT,PT,imbalance_price,Short,2026-09-19T08:09:43Z
2026-09-19T08:05:44Z,2026-09-19T10:05:44+0200,d0ccc165-cf88-4955-8f53-a6e7a40a56a9,2026-09-14T13:15:00Z,2026-09-14T15:15:00+0200,48.0,EUR/MWh,PT,PT,imbalance_price,Long,2026-09-19T08:09:43Z
2026-09-19T08:05:44Z,2026-09-19T10:05:44+0200,d0ccc165-cf88-4955-8f53-a6e7a40a56a9,2026-09-14T13:15:00Z,2026-09-14T15:15:00+0200,249.0,EUR/MWh,PT,PT,imbalance_price,Short,2026-09-19T08:09:43Z
2026-09-19T08:05:44Z,2026-09-19T10:05:44+0200,d0ccc165-cf88-4955-8f53-a6e7a40a56a9,2026-09-14T13:30:00Z,2026-09-14T15:30:00+0200,52.0,EUR/MWh,PT,PT,imbalance_price,Long,2026-09-19T08:09:43Z
2026-09-19T08:05:44Z,2026-09-19T10:05:44+0200,d0ccc165-cf88-4955-8f53-a6e7a40a56a9,2026-09-14T13:30:00Z,2026-09-14T15:30:00+0200,247.0,EUR/MWh,PT,PT,imbalance_price,Short,2026-09-19T08:09:43Z
2026-09-19T08:05:44Z,2026-09-19T10:05:44+0200,d0ccc165-cf88-4955-8f53-a6e7a40a56a9,2026-09-14T13:45:00Z,2026-09-14T15:45:00+0200,52.0,EUR/MWh,PT,PT,imbalance_price,Long,2026-09-19T08:09:43Z
2026-09-19T08:05:44Z,2026-09-19T10:05:44+0200,d0ccc165-cf88-4955-8f53-a6e7a40a56a9,2026-09-14T13:45:00Z,2026-09-14T15:45:00+0200,248.0,EUR/MWh,PT,PT,imbalance_price,Short,2026-09-19T08:09:43Z
2026-09-19T08:05:44Z,2026-09-19T10:05:44+0200,d0ccc165-cf88-4955-8f53-a6e7a40a56a9,2026-09-14T14:00:00Z,2026-09-14T16:00:00+0200,56.0,EUR/MWh,PT,PT,imbalance_price,Long,2026-09-19T08:09:43Z
2026-09-19T08:05:44Z,2026-09-19T10:05:44+0200,d0ccc165-cf88-4955-8f53-a6e7a40a56a9,2026-09-14T14:00:00Z,2026-09-14T16:00:00+0200,264.4,EUR/MWh,PT,PT,imbalance_price,Short,2026-09-19T08:09:43Z
2026-09-19T08:05:44Z,2026-09-19T10:05:44+0200,d0ccc165-cf88-4955-8f53-a6e7a40a56a9,2026-09-14T14:15:00Z,2026-09-14T16:15:00+0200,62.4,EUR/MWh,PT,PT,imbalance_price,Long,2026-09-19T08:09:43Z
2026-09-19T08:05:44Z,2026-09-19T10:05:44+0200,d0ccc165-cf88-4955-8f53-a6e7a40a56a9,2026-09-14T14:15:00Z,2026-09-14T16:15:00+0200,260.86,EUR/MWh,PT,PT,imbalance_price,Short,2026-09-19T08:09:43Z
2026-09-19T08:05:44Z,2026-09-19T10:05:44+0200,d0ccc165-cf88-4955-8f53-a6e7a40a56a9,2026-09-14T14:30:00Z,2026-09-14T16:30:00+0200,67.4,EUR/MWh,PT,PT,imbalance_price,Long,2026-09-19T08:09:43Z
2026-09-19T08:05:44Z,2026-09-19T10:05:44+0200,d0ccc165-cf88-4955-8f53-a6e7a40a56a9,2026-09-14T14:30:00Z,2026-09-14T16:30:00+0200,84.17,EUR/MWh,PT,PT,imbalance_price,Short,2026-09-19T08:09:43Z
2026-09-19T08:05:44Z,2026-09-19T10:05:44+0200,d0ccc165-cf88-4955-8f53-a6e7a40a56a9,2026-09-14T14:45:00Z,2026-09-14T16:45:00+0200,72.0,EUR/MWh,PT,PT,imbalance_price,Long,2026-09-19T08:09:43Z
2026-09-19T08:05:44Z,2026-09-19T10:05:44+0200,d0ccc165-cf88-4955-8f53-a6e7a40a56a9,2026-09-14T14:45:00Z,2026-09-14T16:45:00+0200,255.55,EUR/MWh,PT,PT,imbalance_price,Short,2026-09-19T08:09:43Z
2026-09-19T08:05:44Z,2026-09-19T10:05:44+0200,d0ccc165-cf88-4955-8f53-a6e7a40a56a9,2026-09-14T15:00:00Z,2026-09-14T17:00:00+0200,76.01,EUR/MWh,PT,PT,imbalance_price,Long,2026-09-19T08:09:43Z
2026-09-19T08:05:44Z,2026-09-19T10:05:44+0200,d0ccc165-cf88-4955-8f53-a6e7a40a56a9,2026-09-14T15:00:00Z,2026-09-14T17:00:00+0200,135.0,EUR/MWh,PT,PT,imbalance_price,Short,2026-09-19T08:09:43Z
2026-09-19T08:05:44Z,2026-09-19T10:05:44+0200,d0ccc165-cf88-4955-8f53-a6e7a40a56a9,2026-09-14T15:15:00Z,2026-09-14T17:15:00+0200,88.0,EUR/MWh,PT,PT,imbalance_price,Long,2026-09-19T08:09:43Z
2026-09-19T08:05:44Z,2026-09-19T10:05:44+0200,d0ccc165-cf88-4955-8f53-a6e7a40a56a9,2026-09-14T15:15:00Z,2026-09-14T17:15:00+0200,130.5,EUR/MWh,PT,PT,imbalance_price,Short,2026-09-19T08:09:43Z
2026-09-19T08:05:44Z,2026-09-19T10:05:44+0200,d0ccc165-cf88-4955-8f53-a6e7a40a56a9,2026-09-14T15:30:00Z,2026-09-14T17:30:00+0200,95.42,EUR/MWh,PT,PT,imbalance_price,Long,2026-09-19T08:09:43Z
2026-09-19T08:05:44Z,2026-09-19T10:05:44+0200,d0ccc165-cf88-4955-8f53-a6e7a40a56a9,2026-09-14T15:30:00Z,2026-09-14T17:30:00+0200,132.2,EUR/MWh,PT,PT,imbalance_price,Short,2026-09-19T08:09:43Z
2026-09-19T08:05:44Z,2026-09-19T10:05:44+0200,d0ccc165-cf88-4955-8f53-a6e7a40a56a9,2026-09-14T15:45:00Z,2026-09-14T17:45:00+0200,106.0,EUR/MWh,PT,PT,imbalance_price,Long,2026-09-19T08:09:43Z
2026-09-19T08:05:44Z,2026-09-19T10:05:44+0200,d0ccc165-cf88-4955-8f53-a6e7a40a56a9,2026-09-14T15:45:00Z,2026-09-14T17:45:00+0200,167.72,EUR/MWh,PT,PT,imbalance_price,Short,2026-09-19T08:09:43Z
2026-09-19T08:05:44Z,2026-09-19T10:05:44+0200,d0ccc165-cf88-4955-8f53-a6e7a40a56a9,2026-09-14T16:00:00Z,2026-09-14T18:00:00+0200,107.37,EUR/MWh,PT,PT,imbalance_price,Long,2026-09-19T08:09:43Z
2026-09-19T08:05:44Z,2026-09-19T10:05:44+0200,d0ccc165-cf88-4955-8f53-a6e7a40a56a9,2026-09-14T16:00:00Z,2026-09-14T18:00:00+0200,134.22,EUR/MWh,PT,PT,imbalance_price,Short,2026-09-19T08:09:43Z
2026-09-19T08:05:44Z,2026-09-19T10:05:44+0200,d0ccc165-cf88-4955-8f53-a6e7a40a56a9,2026-09-14T16:15:00Z,2026-09-14T18:15:00+0200,91.3,EUR/MWh,PT,PT,imbalance_price,Long,2026-09-19T08:09:43Z
2026-09-19T08:05:44Z,2026-09-19T10:05:44+0200,d0ccc165-cf88-4955-8f53-a6e7a40a56a9,2026-09-14T16:15:00Z,2026-09-14T18:15:00+0200,99.2,EUR/MWh,PT,PT,imbalance_price,Short,2026-09-19T08:09:43Z
2026-09-19T08:05:44Z,2026-09-19T10:05:44+0200,d0ccc165-cf88-4955-8f53-a6e7a40a56a9,2026-09-14T16:30:00Z,2026-09-14T18:30:00+0200,113.8,EUR/MWh,PT,PT,imbalance_price,Long,2026-09-19T08:09:43Z
2026-09-19T08:05:44Z,2026-09-19T10:05:44+0200,d0ccc165-cf88-4955-8f53-a6e7a40a56a9,2026-09-14T16:30:00Z,2026-09-14T18:30:00+0200,113.8,EUR/MWh,PT,PT,imbalance_price,Short,2026-09-19T08:09:43Z
2026-09-19T08:05:44Z,2026-09-19T10:05:44+0200,d0ccc165-cf88-4955-8f53-a6e7a40a56a9,2026-09-14T16:45:00Z,2026-09-14T18:45:00+0200,125.47,EUR/MWh,PT,PT,imbalance_price,Long,2026-09-19T08:09:43Z
2026-09-19T08:05:44Z,2026-09-19T10:05:44+0200,d0ccc165-cf88-4955-8f53-a6e7a40a56a9,2026-09-14T16:45:00Z,2026-09-14T18:45:00+0200,264.32,EUR/MWh,PT,PT,imbalance_price,Short,2026-09-19T08:09:43Z
2026-09-19T08:05:44Z,2026-09-19T10:05:44+0200,d0ccc165-cf88-4955-8f53-a6e7a40a56a9,2026-09-14T17:00:00Z,2026-09-14T19:00:00+0200,114.91,EUR/MWh,PT,PT,imbalance_price,Long,2026-09-19T08:09:43Z
2026-09-19T08:05:44Z,2026-09-19T10:05:44+0200,d0ccc165-cf88-4955-8f53-a6e7a40a56a9,2026-09-14T17:00:00Z,2026-09-14T19:00:00+0200,254.4,EUR/MWh,PT,PT,imbalance_price,Short,2026-09-19T08:09:43Z
2026-09-19T08:05:44Z,2026-09-19T10:05:44+0200,d0ccc165-cf88-4955-8f53-a6e7a40a56a9,2026-09-14T17:15:00Z,2026-09-14T19:15:00+0200,124.47,EUR/MWh,PT,PT,imbalance_price,Long,2026-09-19T08:09:43Z
2026-09-19T08:05:44Z,2026-09-19T10:05:44+0200,d0ccc165-cf88-4955-8f53-a6e7a40a56a9,2026-09-14T17:15:00Z,2026-09-14T19:15:00+0200,268.8,EUR/MWh,PT,PT,imbalance_price,Short,2026-09-19T08:09:43Z
2026-09-19T08:05:44Z,2026-09-19T10:05:44+0200,d0ccc165-cf88-4955-8f53-a6e7a40a56a9,2026-09-14T17:30:00Z,2026-09-14T19:30:00+0200,143.33,EUR/MWh,PT,PT,imbalance_price,Long,2026-09-19T08:09:43Z
2026-09-19T08:05:44Z,2026-09-19T10:05:44+0200,d0ccc165-cf88-4955-8f53-a6e7a40a56a9,2026-09-14T17:30:00Z,2026-09-14T19:30:00+0200,297.96,EUR/MWh,PT,PT,imbalance_price,Short,2026-09-19T08:09:43Z
2026-09-19T08:05:44Z,2026-09-19T10:05:44+0200,d0ccc165-cf88-4955-8f53-a6e7a40a56a9,2026-09-14T17:45:00Z,2026-09-14T19:45:00+0200,160.15,EUR/MWh,PT,PT,imbalance_price,Long,2026-09-19T08:09:43Z
2026-09-19T08:05:44Z,2026-09-19T10:05:44+0200,d0ccc165-cf88-4955-8f53-a6e7a40a56a9,2026-09-14T17:45:00Z,2026-09-14T19:45:00+0200,360.0,EUR/MWh,PT,PT,imbalance_price,Short,2026-09-19T08:09:43Z
2026-09-19T08:05:44Z,2026-09-19T10:05:44+0200,d0ccc165-cf88-4955-8f53-a6e7a40a56a9,2026-09-14T18:00:00Z,2026-09-14T20:00:00+0200,117.73,EUR/MWh,PT,PT,imbalance_price,Long,2026-09-19T08:09:43Z
2026-09-19T08:05:44Z,2026-09-19T10:05:44+0200,d0ccc165-cf88-4955-8f53-a6e7a40a56a9,2026-09-14T18:00:00Z,2026-09-14T20:00:00+0200,342.01,EUR/MWh,PT,PT,imbalance_price,Short,2026-09-19T08:09:43Z
2026-09-19T08:05:44Z,2026-09-19T10:05:44+0200,d0ccc165-cf88-4955-8f53-a6e7a40a56a9,2026-09-14T18:15:00Z,2026-09-14T20:15:00+0200,134.14,EUR/MWh,PT,PT,imbalance_price,Long,2026-09-19T08:09:43Z
2026-09-19T08:05:44Z,2026-09-19T10:05:44+0200,d0ccc165-cf88-4955-8f53-a6e7a40a56a9,2026-09-14T18:15:00Z,2026-09-14T20:15:00+0200,360.0,EUR/MWh,PT,PT,imbalance_price,Short,2026-09-19T08:09:43Z
2026-09-19T08:05:44Z,2026-09-19T10:05:44+0200,d0ccc165-cf88-4955-8f53-a6e7a40a56a9,2026-09-14T18:30:00Z,2026-09-14T20:30:00+0200,166.96,EUR/MWh,PT,PT,imbalance_price,Long,2026-09-19T08:09:43Z
2026-09-19T08:05:44Z,2026-09-19T10:05:44+0200,d0ccc165-cf88-4955-8f53-a6e7a40a56a9,2026-09-14T18:30:00Z,2026-09-14T20:30:00+0200,360.0,EUR/MWh,PT,PT,imbalance_price,Short,2026-09-19T08:09:43Z
2026-09-19T08:05:44Z,2026-09-19T10:05:44+0200,d0ccc165-cf88-4955-8f53-a6e7a40a56a9,2026-09-14T18:45:00Z,2026-09-14T20:45:00+0200,171.62,EUR/MWh,PT,PT,imbalance_price,Long,2026-09-19T08:09:43Z
2026-09-19T08:05:44Z,2026-09-19T10:05:44+0200,d0ccc165-cf88-4955-8f53-a6e7a40a56a9,2026-09-14T18:45:00Z,2026-09-14T20:45:00+0200,171.62,EUR/MWh,PT,PT,imbalance_price,Short,2026-09-19T08:09:43Z
2026-09-19T08:05:44Z,2026-09-19T10:05:44+0200,d0ccc165-cf88-4955-8f53-a6e7a40a56a9,2026-09-14T19:00:00Z,2026-09-14T21:00:00+0200,151.61,EUR/MWh,PT,PT,imbalance_price,Long,2026-09-19T08:09:43Z
2026-09-19T08:05:44Z,2026-09-19T10:05:44+0200,d0ccc165-cf88-4955-8f53-a6e7a40a56a9,2026-09-14T19:00:00Z,2026-09-14T21:00:00+0200,151.61,EUR/MWh,PT,PT,imbalance_price,Short,2026-09-19T08:09:43Z
2026-09-19T08:05:44Z,2026-09-19T10:05:44+0200,d0ccc165-cf88-4955-8f53-a6e7a40a56a9,2026-09-14T19:15:00Z,2026-09-14T21:15:00+0200,151.61,EUR/MWh,PT,PT,imbalance_price,Long,2026-09-19T08:09:43Z
2026-09-19T08:05:44Z,2026-09-19T10:05:44+0200,d0ccc165-cf88-4955-8f53-a6e7a40a56a9,2026-09-14T19:15:00Z,2026-09-14T21:15:00+0200,151.61,EUR/MWh,PT,PT,imbalance_price,Short,2026-09-19T08:09:43Z
2026-09-19T08:05:44Z,2026-09-19T10:05:44+0200,d0ccc165-cf88-4955-8f53-a6e7a40a56a9,2026-09-14T19:30:00Z,2026-09-14T21:30:00+0200,148.14,EUR/MWh,PT,PT,imbalance_price,Long,2026-09-19T08:09:43Z
2026-09-19T08:05:44Z,2026-09-19T10:05:44+0200,d0ccc165-cf88-4955-8f53-a6e7a40a56a9,2026-09-14T19:30:00Z,2026-09-14T21:30:00+0200,148.14,EUR/MWh,PT,PT,imbalance_price,Short,2026-09-19T08:09:43Z
2026-09-19T08:05:44Z,2026-09-19T10:05:44+0200,d0ccc165-cf88-4955-8f53-a6e7a40a56a9,2026-09-14T19:45:00Z,2026-09-14T21:45:00+0200,141.2,EUR/MWh,PT,PT,imbalance_price,Long,2026-09-19T08:09:43Z
2026-09-19T08:05:44Z,2026-09-19T10:05:44+0200,d0ccc165-cf88-4955-8f53-a6e7a40a56a9,2026-09-14T19:45:00Z,2026-09-14T21:45:00+0200,141.2,EUR/MWh,PT,PT,imbalance_price,Short,2026-09-19T08:09:43Z
2026-09-19T08:05:44Z,2026-09-19T10:05:44+0200,d0ccc165-cf88-4955-8f53-a6e7a40a56a9,2026-09-14T20:00:00Z,2026-09-14T22:00:00+0200,159.92,EUR/MWh,PT,PT,imbalance_price,Long,2026-09-19T08:09:43Z
2026-09-19T08:05:44Z,2026-09-19T10:05:44+0200,d0ccc165-cf88-4955-8f53-a6e7a40a56a9,2026-09-14T20:00:00Z,2026-09-14T22:00:00+0200,159.92,EUR/MWh,PT,PT,imbalance_price,Short,2026-09-19T08:09:43Z
2026-09-19T08:05:44Z,2026-09-19T10:05:44+0200,d0ccc165-cf88-4955-8f53-a6e7a40a56a9,2026-09-14T20:15:00Z,2026-09-14T22:15:00+0200,159.92,EUR/MWh,PT,PT,imbalance_price,Long,2026-09-19T08:09:43Z
2026-09-19T08:05:44Z,2026-09-19T10:05:44+0200,d0ccc165-cf88-4955-8f53-a6e7a40a56a9,2026-09-14T20:15:00Z,2026-09-14T22:15:00+0200,300.01,EUR/MWh,PT,PT,imbalance_price,Short,2026-09-19T08:09:43Z
2026-09-19T08:05:44Z,2026-09-19T10:05:44+0200,d0ccc165-cf88-4955-8f53-a6e7a40a56a9,2026-09-14T20:30:00Z,2026-09-14T22:30:00+0200,151.58,EUR/MWh,PT,PT,imbalance_price,Long,2026-09-19T08:09:43Z
2026-09-19T08:05:44Z,2026-09-19T10:05:44+0200,d0ccc165-cf88-4955-8f53-a6e7a40a56a9,2026-09-14T20:30:00Z,2026-09-14T22:30:00+0200,290.58,EUR/MWh,PT,PT,imbalance_price,Short,2026-09-19T08:09:43Z
2026-09-19T08:05:44Z,2026-09-19T10:05:44+0200,d0ccc165-cf88-4955-8f53-a6e7a40a56a9,2026-09-14T20:45:00Z,2026-09-14T22:45:00+0200,126.56,EUR/MWh,PT,PT,imbalance_price,Long,2026-09-19T08:09:43Z
2026-09-19T08:05:44Z,2026-09-19T10:05:44+0200,d0ccc165-cf88-4955-8f53-a6e7a40a56a9,2026-09-14T20:45:00Z,2026-09-14T22:45:00+0200,269.6,EUR/MWh,PT,PT,imbalance_price,Short,2026-09-19T08:09:43Z
2026-09-19T08:05:44Z,2026-09-19T10:05:44+0200,d0ccc165-cf88-4955-8f53-a6e7a40a56a9,2026-09-14T21:00:00Z,2026-09-14T23:00:00+0200,93.74,EUR/MWh,PT,PT,imbalance_price,Long,2026-09-19T08:09:43Z
2026-09-19T08:05:44Z,2026-09-19T10:05:44+0200,d0ccc165-cf88-4955-8f53-a6e7a40a56a9,2026-09-14T21:00:00Z,2026-09-14T23:00:00+0200,285.47,EUR/MWh,PT,PT,imbalance_price,Short,2026-09-19T08:09:43Z
2026-09-19T08:05:44Z,2026-09-19T10:05:44+0200,d0ccc165-cf88-4955-8f53-a6e7a40a56a9,2026-09-14T21:15:00Z,2026-09-14T23:15:00+0200,68.62,EUR/MWh,PT,PT,imbalance_price,Long,2026-09-19T08:09:43Z
2026-09-19T08:05:44Z,2026-09-19T10:05:44+0200,d0ccc165-cf88-4955-8f53-a6e7a40a56a9,2026-09-14T21:15:00Z,2026-09-14T23:15:00+0200,270.0,EUR/MWh,PT,PT,imbalance_price,Short,2026-09-19T08:09:43Z
2026-09-19T08:05:44Z,2026-09-19T10:05:44+0200,d0ccc165-cf88-4955-8f53-a6e7a40a56a9,2026-09-14T21:30:00Z,2026-09-14T23:30:00+0200,87.46,EUR/MWh,PT,PT,imbalance_price,Long,2026-09-19T08:09:43Z
2026-09-19T08:05:44Z,2026-09-19T10:05:44+0200,d0ccc165-cf88-4955-8f53-a6e7a40a56a9,2026-09-14T21:30:00Z,2026-09-14T23:30:00+0200,262.94,EUR/MWh,PT,PT,imbalance_price,Short,2026-09-19T08:09:43Z
2026-09-19T08:05:44Z,2026-09-19T10:05:44+0200,d0ccc165-cf88-4955-8f53-a6e7a40a56a9,2026-09-14T21:45:00Z,2026-09-14T23:45:00+0200,87.46,EUR/MWh,PT,PT,imbalance_price,Long,2026-09-19T08:09:43Z
2026-09-19T08:05:44Z,2026-09-19T10:05:44+0200,d0ccc165-cf88-4955-8f53-a6e7a40a56a9,2026-09-14T21:45:00Z,2026-09-14T23:45:00+0200,258.6,EUR/MWh,PT,PT,imbalance_price,Short,2026-09-19T08:09:43Z
2026-09-19T08:05:44Z,2026-09-19T10:05:44+0200,d0ccc165-cf88-4955-8f53-a6e7a40a56a9,2026-09-14T22:00:00Z,2026-09-15T00:00:00+0200,112.89,EUR/MWh,PT,PT,imbalance_price,Long,2026-09-19T08:09:43Z
2026-09-19T08:05:44Z,2026-09-19T10:05:44+0200,d0ccc165-cf88-4955-8f53-a6e7a40a56a9,2026-09-14T22:00:00Z,2026-09-15T00:00:00+0200,112.89,EUR/MWh,PT,PT,imbalance_price,Short,2026-09-19T08:09:43Z
2026-09-19T08:05:44Z,2026-09-19T10:05:44+0200,d0ccc165-cf88-4955-8f53-a6e7a40a56a9,2026-09-14T22:15:00Z,2026-09-15T00:15:00+0200,193.66,EUR/MWh,PT,PT,imbalance_price,Long,2026-09-19T08:09:43Z
2026-09-19T08:05:44Z,2026-09-19T10:05:44+0200,d0ccc165-cf88-4955-8f53-a6e7a40a56a9,2026-09-14T22:15:00Z,2026-09-15T00:15:00+0200,193.66,EUR/MWh,PT,PT,imbalance_price,Short,2026-09-19T08:09:43Z
2026-09-19T08:05:44Z,2026-09-19T10:05:44+0200,d0ccc165-cf88-4955-8f53-a6e7a40a56a9,2026-09-14T22:30:00Z,2026-09-15T00:30:00+0200,192.9,EUR/MWh,PT,PT,imbalance_price,Long,2026-09-19T08:09:43Z
2026-09-19T08:05:44Z,2026-09-19T10:05:44+0200,d0ccc165-cf88-4955-8f53-a6e7a40a56a9,2026-09-14T22:30:00Z,2026-09-15T00:30:00+0200,270.01,EUR/MWh,PT,PT,imbalance_price,Short,2026-09-19T08:09:43Z
2026-09-19T08:05:44Z,2026-09-19T10:05:44+0200,d0ccc165-cf88-4955-8f53-a6e7a40a56a9,2026-09-14T22:45:00Z,2026-09-15T00:45:00+0200,192.3,EUR/MWh,PT,PT,imbalance_price,Long,2026-09-19T08:09:43Z
2026-09-19T08:05:44Z,2026-09-19T10:05:44+0200,d0ccc165-cf88-4955-8f53-a6e7a40a56a9,2026-09-14T22:45:00Z,2026-09-15T00:45:00+0200,268.8,EUR/MWh,PT,PT,imbalance_price,Short,2026-09-19T08:09:43Z
2026-09-19T08:05:44Z,2026-09-19T10:05:44+0200,d0ccc165-cf88-4955-8f53-a6e7a40a56a9,2026-09-14T23:00:00Z,2026-09-15T01:00:00+0200,259.73,EUR/MWh,PT,PT,imbalance_price,Long,2026-09-19T08:09:43Z
2026-09-19T08:05:44Z,2026-09-19T10:05:44+0200,d0ccc165-cf88-4955-8f53-a6e7a40a56a9,2026-09-14T23:00:00Z,2026-09-15T01:00:00+0200,259.73,EUR/MWh,PT,PT,imbalance_price,Short,2026-09-19T08:09:43Z
2026-09-19T08:05:44Z,2026-09-19T10:05:44+0200,d0ccc165-cf88-4955-8f53-a6e7a40a56a9,2026-09-14T23:15:00Z,2026-09-15T01:15:00+0200,227.34,EUR/MWh,PT,PT,imbalance_price,Long,2026-09-19T08:09:43Z
2026-09-19T08:05:44Z,2026-09-19T10:05:44+0200,d0ccc165-cf88-4955-8f53-a6e7a40a56a9,2026-09-14T23:15:00Z,2026-09-15T01:15:00+0200,227.34,EUR/MWh,PT,PT,imbalance_price,Short,2026-09-19T08:09:43Z
2026-09-19T08:05:44Z,2026-09-19T10:05:44+0200,d0ccc165-cf88-4955-8f53-a6e7a40a56a9,2026-09-14T23:30:00Z,2026-09-15T01:30:00+0200,217.3,EUR/MWh,PT,PT,imbalance_price,Long,2026-09-19T08:09:43Z
2026-09-19T08:05:44Z,2026-09-19T10:05:44+0200,d0ccc165-cf88-4955-8f53-a6e7a40a56a9,2026-09-14T23:30:00Z,2026-09-15T01:30:00+0200,217.3,EUR/MWh,PT,PT,imbalance_price,Short,2026-09-19T08:09:43Z
2026-09-19T08:05:44Z,2026-09-19T10:05:44+0200,d0ccc165-cf88-4955-8f53-a6e7a40a56a9,2026-09-14T23:45:00Z,2026-09-15T01:45:00+0200,218.03,EUR/MWh,PT,PT,imbalance_price,Long,2026-09-19T08:09:43Z
2026-09-19T08:05:44Z,2026-09-19T10:05:44+0200,d0ccc165-cf88-4955-8f53-a6e7a40a56a9,2026-09-14T23:45:00Z,2026-09-15T01:45:00+0200,218.03,EUR/MWh,PT,PT,imbalance_price,Short,2026-09-19T08:09:43Z
2026-09-19T08:05:44Z,2026-09-19T10:05:44+0200,d0ccc165-cf88-4955-8f53-a6e7a40a56a9,2026-09-15T00:00:00Z,2026-09-15T02:00:00+0200,215.4,EUR/MWh,PT,PT,imbalance_price,Long,2026-09-19T08:09:43Z
2026-09-19T08:05:44Z,2026-09-19T10:05:44+0200,d0ccc165-cf88-4955-8f53-a6e7a40a56a9,2026-09-15T00:00:00Z,2026-09-15T02:00:00+0200,215.4,EUR/MWh,PT,PT,imbalance_price,Short,2026-09-19T08:09:43Z
2026-09-19T08:05:44Z,2026-09-19T10:05:44+0200,d0ccc165-cf88-4955-8f53-a6e7a40a56a9,2026-09-15T00:15:00Z,2026-09-15T02:15:00+0200,202.79,EUR/MWh,PT,PT,imbalance_price,Long,2026-09-19T08:09:43Z
2026-09-19T08:05:44Z,2026-09-19T10:05:44+0200,d0ccc165-cf88-4955-8f53-a6e7a40a56a9,2026-09-15T00:15:00Z,2026-09-15T02:15:00+0200,202.79,EUR/MWh,PT,PT,imbalance_price,Short,2026-09-19T08:09:43Z
2026-09-19T08:05:44Z,2026-09-19T10:05:44+0200,d0ccc165-cf88-4955-8f53-a6e7a40a56a9,2026-09-15T00:30:00Z,2026-09-15T02:30:00+0200,201.52,EUR/MWh,PT,PT,imbalance_price,Long,2026-09-19T08:09:43Z
2026-09-19T08:05:44Z,2026-09-19T10:05:44+0200,d0ccc165-cf88-4955-8f53-a6e7a40a56a9,2026-09-15T00:30:00Z,2026-09-15T02:30:00+0200,201.52,EUR/MWh,PT,PT,imbalance_price,Short,2026-09-19T08:09:43Z
2026-09-19T08:05:44Z,2026-09-19T10:05:44+0200,d0ccc165-cf88-4955-8f53-a6e7a40a56a9,2026-09-15T00:45:00Z,2026-09-15T02:45:00+0200,200.7,EUR/MWh,PT,PT,imbalance_price,Long,2026-09-19T08:09:43Z
2026-09-19T08:05:44Z,2026-09-19T10:05:44+0200,d0ccc165-cf88-4955-8f53-a6e7a40a56a9,2026-09-15T00:45:00Z,2026-09-15T02:45:00+0200,200.7,EUR/MWh,PT,PT,imbalance_price,Short,2026-09-19T08:09:43Z
2026-09-19T08:05:44Z,2026-09-19T10:05:44+0200,d0ccc165-cf88-4955-8f53-a6e7a40a56a9,2026-09-15T01:00:00Z,2026-09-15T03:00:00+0200,193.45,EUR/MWh,PT,PT,imbalance_price,Long,2026-09-19T08:09:43Z
2026-09-19T08:05:44Z,2026-09-19T10:05:44+0200,d0ccc165-cf88-4955-8f53-a6e7a40a56a9,2026-09-15T01:00:00Z,2026-09-15T03:00:00+0200,193.45,EUR/MWh,PT,PT,imbalance_price,Short,2026-09-19T08:09:43Z
2026-09-19T08:05:44Z,2026-09-19T10:05:44+0200,d0ccc165-cf88-4955-8f53-a6e7a40a56a9,2026-09-15T01:15:00Z,2026-09-15T03:15:00+0200,200.2,EUR/MWh,PT,PT,imbalance_price,Long,2026-09-19T08:09:43Z
2026-09-19T08:05:44Z,2026-09-19T10:05:44+0200,d0ccc165-cf88-4955-8f53-a6e7a40a56a9,2026-09-15T01:15:00Z,2026-09-15T03:15:00+0200,200.2,EUR/MWh,PT,PT,imbalance_price,Short,2026-09-19T08:09:43Z
2026-09-19T08:05:44Z,2026-09-19T10:05:44+0200,d0ccc165-cf88-4955-8f53-a6e7a40a56a9,2026-09-15T01:30:00Z,2026-09-15T03:30:00+0200,198.77,EUR/MWh,PT,PT,imbalance_price,Long,2026-09-19T08:09:43Z
2026-09-19T08:05:44Z,2026-09-19T10:05:44+0200,d0ccc165-cf88-4955-8f53-a6e7a40a56a9,2026-09-15T01:30:00Z,2026-09-15T03:30:00+0200,198.77,EUR/MWh,PT,PT,imbalance_price,Short,2026-09-19T08:09:43Z
2026-09-19T08:05:44Z,2026-09-19T10:05:44+0200,d0ccc165-cf88-4955-8f53-a6e7a40a56a9,2026-09-15T01:45:00Z,2026-09-15T03:45:00+0200,199.12,EUR/MWh,PT,PT,imbalance_price,Long,2026-09-19T08:09:43Z
2026-09-19T08:05:44Z,2026-09-19T10:05:44+0200,d0ccc165-cf88-4955-8f53-a6e7a40a56a9,2026-09-15T01:45:00Z,2026-09-15T03:45:00+0200,199.12,EUR/MWh,PT,PT,imbalance_price,Short,2026-09-19T08:09:43Z
2026-09-19T08:05:44Z,2026-09-19T10:05:44+0200,d0ccc165-cf88-4955-8f53-a6e7a40a56a9,2026-09-15T02:00:00Z,2026-09-15T04:00:00+0200,223.06,EUR/MWh,PT,PT,imbalance_price,Long,2026-09-19T08:09:43Z
2026-09-19T08:05:44Z,2026-09-19T10:05:44+0200,d0ccc165-cf88-4955-8f53-a6e7a40a56a9,2026-09-15T02:00:00Z,2026-09-15T04:00:00+0200,223.06,EUR/MWh,PT,PT,imbalance_price,Short,2026-09-19T08:09:43Z
2026-09-19T08:05:44Z,2026-09-19T10:05:44+0200,d0ccc165-cf88-4955-8f53-a6e7a40a56a9,2026-09-15T02:15:00Z,2026-09-15T04:15:00+0200,205.87,EUR/MWh,PT,PT,imbalance_price,Long,2026-09-19T08:09:43Z
2026-09-19T08:05:44Z,2026-09-19T10:05:44+0200,d0ccc165-cf88-4955-8f53-a6e7a40a56a9,2026-09-15T02:15:00Z,2026-09-15T04:15:00+0200,205.87,EUR/MWh,PT,PT,imbalance_price,Short,2026-09-19T08:09:43Z
2026-09-19T08:05:44Z,2026-09-19T10:05:44+0200,d0ccc165-cf88-4955-8f53-a6e7a40a56a9,2026-09-15T02:30:00Z,2026-09-15T04:30:00+0200,195.69,EUR/MWh,PT,PT,imbalance_price,Long,2026-09-19T08:09:43Z
2026-09-19T08:05:44Z,2026-09-19T10:05:44+0200,d0ccc165-cf88-4955-8f53-a6e7a40a56a9,2026-09-15T02:30:00Z,2026-09-15T04:30:00+0200,195.69,EUR/MWh,PT,PT,imbalance_price,Short,2026-09-19T08:09:43Z
2026-09-19T08:05:44Z,2026-09-19T10:05:44+0200,d0ccc165-cf88-4955-8f53-a6e7a40a56a9,2026-09-15T02:45:00Z,2026-09-15T04:45:00+0200,170.54,EUR/MWh,PT,PT,imbalance_price,Long,2026-09-19T08:09:43Z
2026-09-19T08:05:44Z,2026-09-19T10:05:44+0200,d0ccc165-cf88-4955-8f53-a6e7a40a56a9,2026-09-15T02:45:00Z,2026-09-15T04:45:00+0200,280.0,EUR/MWh,PT,PT,imbalance_price,Short,2026-09-19T08:09:43Z
2026-09-19T08:05:44Z,2026-09-19T10:05:44+0200,d0ccc165-cf88-4955-8f53-a6e7a40a56a9,2026-09-15T03:00:00Z,2026-09-15T05:00:00+0200,169.79,EUR/MWh,PT,PT,imbalance_price,Long,2026-09-19T08:09:43Z
2026-09-19T08:05:44Z,2026-09-19T10:05:44+0200,d0ccc165-cf88-4955-8f53-a6e7a40a56a9,2026-09-15T03:00:00Z,2026-09-15T05:00:00+0200,280.0,EUR/MWh,PT,PT,imbalance_price,Short,2026-09-19T08:09:43Z
2026-09-19T08:05:44Z,2026-09-19T10:05:44+0200,d0ccc165-cf88-4955-8f53-a6e7a40a56a9,2026-09-15T03:15:00Z,2026-09-15T05:15:00+0200,170.08,EUR/MWh,PT,PT,imbalance_price,Long,2026-09-19T08:09:43Z
2026-09-19T08:05:44Z,2026-09-19T10:05:44+0200,d0ccc165-cf88-4955-8f53-a6e7a40a56a9,2026-09-15T03:15:00Z,2026-09-15T05:15:00+0200,260.0,EUR/MWh,PT,PT,imbalance_price,Short,2026-09-19T08:09:43Z
2026-09-19T08:05:44Z,2026-09-19T10:05:44+0200,d0ccc165-cf88-4955-8f53-a6e7a40a56a9,2026-09-15T03:30:00Z,2026-09-15T05:30:00+0200,130.0,EUR/MWh,PT,PT,imbalance_price,Long,2026-09-19T08:09:43Z
2026-09-19T08:05:44Z,2026-09-19T10:05:44+0200,d0ccc165-cf88-4955-8f53-a6e7a40a56a9,2026-09-15T03:30:00Z,2026-09-15T05:30:00+0200,130.0,EUR/MWh,PT,PT,imbalance_price,Short,2026-09-19T08:09:43Z
2026-09-19T08:05:44Z,2026-09-19T10:05:44+0200,d0ccc165-cf88-4955-8f53-a6e7a40a56a9,2026-09-15T03:45:00Z,2026-09-15T05:45:00+0200,130.0,EUR/MWh,PT,PT,imbalance_price,Long,2026-09-19T08:09:43Z
2026-09-19T08:05:44Z,2026-09-19T10:05:44+0200,d0ccc165-cf88-4955-8f53-a6e7a40a56a9,2026-09-15T03:45:00Z,2026-09-15T05:45:00+0200,130.0,EUR/MWh,PT,PT,imbalance_price,Short,2026-09-19T08:09:43Z
2026-09-19T08:05:44Z,2026-09-19T10:05:44+0200,d0ccc165-cf88-4955-8f53-a6e7a40a56a9,2026-09-15T04:00:00Z,2026-09-15T06:00:00+0200,120.0,EUR/MWh,PT,PT,imbalance_price,Long,2026-09-19T08:09:43Z
2026-09-19T08:05:44Z,2026-09-19T10:05:44+0200,d0ccc165-cf88-4955-8f53-a6e7a40a56a9,2026-09-15T04:00:00Z,2026-09-15T06:00:00+0200,268.06,EUR/MWh,PT,PT,imbalance_price,Short,2026-09-19T08:09:43Z
2026-09-19T08:05:44Z,2026-09-19T10:05:44+0200,d0ccc165-cf88-4955-8f53-a6e7a40a56a9,2026-09-15T04:15:00Z,2026-09-15T06:15:00+0200,120.0,EUR/MWh,PT,PT,imbalance_price,Long,2026-09-19T08:09:43Z
2026-09-19T08:05:44Z,2026-09-19T10:05:44+0200,d0ccc165-cf88-4955-8f53-a6e7a40a56a9,2026-09-15T04:15:00Z,2026-09-15T06:15:00+0200,277.44,EUR/MWh,PT,PT,imbalance_price,Short,2026-09-19T08:09:43Z
2026-09-19T08:05:44Z,2026-09-19T10:05:44+0200,d0ccc165-cf88-4955-8f53-a6e7a40a56a9,2026-09-15T04:30:00Z,2026-09-15T06:30:00+0200,140.0,EUR/MWh,PT,PT,imbalance_price,Long,2026-09-19T08:09:43Z
2026-09-19T08:05:44Z,2026-09-19T10:05:44+0200,d0ccc165-cf88-4955-8f53-a6e7a40a56a9,2026-09-15T04:30:00Z,2026-09-15T06:30:00+0200,280.79,EUR/MWh,PT,PT,imbalance_price,Short,2026-09-19T08:09:43Z
2026-09-19T08:05:44Z,2026-09-19T10:05:44+0200,d0ccc165-cf88-4955-8f53-a6e7a40a56a9,2026-09-15T04:45:00Z,2026-09-15T06:45:00+0200,140.0,EUR/MWh,PT,PT,imbalance_price,Long,2026-09-19T08:09:43Z
2026-09-19T08:05:44Z,2026-09-19T10:05:44+0200,d0ccc165-cf88-4955-8f53-a6e7a40a56a9,2026-09-15T04:45:00Z,2026-09-15T06:45:00+0200,295.2,EUR/MWh,PT,PT,imbalance_price,Short,2026-09-19T08:09:43Z
2026-09-19T08:05:44Z,2026-09-19T10:05:44+0200,d0ccc165-cf88-4955-8f53-a6e7a40a56a9,2026-09-15T05:00:00Z,2026-09-15T07:00:00+0200,113.49,EUR/MWh,PT,PT,imbalance_price,Long,2026-09-19T08:09:43Z
2026-09-19T08:05:44Z,2026-09-19T10:05:44+0200,d0ccc165-cf88-4955-8f53-a6e7a40a56a9,2026-09-15T05:00:00Z,2026-09-15T07:00:00+0200,278.38,EUR/MWh,PT,PT,imbalance_price,Short,2026-09-19T08:09:43Z
2026-09-19T08:05:44Z,2026-09-19T10:05:44+0200,d0ccc165-cf88-4955-8f53-a6e7a40a56a9,2026-09-15T05:15:00Z,2026-09-15T07:15:00+0200,110.0,EUR/MWh,PT,PT,imbalance_price,Long,2026-09-19T08:09:43Z
2026-09-19T08:05:44Z,2026-09-19T10:05:44+0200,d0ccc165-cf88-4955-8f53-a6e7a40a56a9,2026-09-15T05:15:00Z,2026-09-15T07:15:00+0200,284.72,EUR/MWh,PT,PT,imbalance_price,Short,2026-09-19T08:09:43Z
2026-09-19T08:05:44Z,2026-09-19T10:05:44+0200,d0ccc165-cf88-4955-8f53-a6e7a40a56a9,2026-09-15T05:30:00Z,2026-09-15T07:30:00+0200,110.0,EUR/MWh,PT,PT,imbalance_price,Long,2026-09-19T08:09:43Z
2026-09-19T08:05:44Z,2026-09-19T10:05:44+0200,d0ccc165-cf88-4955-8f53-a6e7a40a56a9,2026-09-15T05:30:00Z,2026-09-15T07:30:00+0200,110.0,EUR/MWh,PT,PT,imbalance_price,Short,2026-09-19T08:09:43Z
2026-09-19T08:05:44Z,2026-09-19T10:05:44+0200,d0ccc165-cf88-4955-8f53-a6e7a40a56a9,2026-09-15T05:45:00Z,2026-09-15T07:45:00+0200,110.0,EUR/MWh,PT,PT,imbalance_price,Long,2026-09-19T08:09:43Z
2026-09-19T08:05:44Z,2026-09-19T10:05:44+0200,d0ccc165-cf88-4955-8f53-a6e7a40a56a9,2026-09-15T05:45:00Z,2026-09-15T07:45:00+0200,292.54,EUR/MWh,PT,PT,imbalance_price,Short,2026-09-19T08:09:43Z
2026-09-19T08:05:44Z,2026-09-19T10:05:44+0200,d0ccc165-cf88-4955-8f53-a6e7a40a56a9,2026-09-15T06:00:00Z,2026-09-15T08:00:00+0200,110.0,EUR/MWh,PT,PT,imbalance_price,Long,2026-09-19T08:09:43Z
2026-09-19T08:05:44Z,2026-09-19T10:05:44+0200,d0ccc165-cf88-4955-8f53-a6e7a40a56a9,2026-09-15T06:00:00Z,2026-09-15T08:00:00+0200,321.67,EUR/MWh,PT,PT,imbalance_price,Short,2026-09-19T08:09:43Z
2026-09-19T08:05:44Z,2026-09-19T10:05:44+0200,d0ccc165-cf88-4955-8f53-a6e7a40a56a9,2026-09-15T06:15:00Z,2026-09-15T08:15:00+0200,100.0,EUR/MWh,PT,PT,imbalance_price,Long,2026-09-19T08:09:43Z
2026-09-19T08:05:44Z,2026-09-19T10:05:44+0200,d0ccc165-cf88-4955-8f53-a6e7a40a56a9,2026-09-15T06:15:00Z,2026-09-15T08:15:00+0200,100.0,EUR/MWh,PT,PT,imbalance_price,Short,2026-09-19T08:09:43Z
2026-09-19T08:05:44Z,2026-09-19T10:05:44+0200,d0ccc165-cf88-4955-8f53-a6e7a40a56a9,2026-09-15T06:30:00Z,2026-09-15T08:30:00+0200,120.0,EUR/MWh,PT,PT,imbalance_price,Long,2026-09-19T08:09:43Z
2026-09-19T08:05:44Z,2026-09-19T10:05:44+0200,d0ccc165-cf88-4955-8f53-a6e7a40a56a9,2026-09-15T06:30:00Z,2026-09-15T08:30:00+0200,270.01,EUR/MWh,PT,PT,imbalance_price,Short,2026-09-19T08:09:43Z
2026-09-19T08:05:44Z,2026-09-19T10:05:44+0200,d0ccc165-cf88-4955-8f53-a6e7a40a56a9,2026-09-15T06:45:00Z,2026-09-15T08:45:00+0200,158.3,EUR/MWh,PT,PT,imbalance_price,Long,2026-09-19T08:09:43Z
2026-09-19T08:05:44Z,2026-09-19T10:05:44+0200,d0ccc165-cf88-4955-8f53-a6e7a40a56a9,2026-09-15T06:45:00Z,2026-09-15T08:45:00+0200,228.59,EUR/MWh,PT,PT,imbalance_price,Short,2026-09-19T08:09:43Z
2026-09-19T08:05:44Z,2026-09-19T10:05:44+0200,d0ccc165-cf88-4955-8f53-a6e7a40a56a9,2026-09-15T07:00:00Z,2026-09-15T09:00:00+0200,140.0,EUR/MWh,PT,PT,imbalance_price,Long,2026-09-19T08:09:43Z
2026-09-19T08:05:44Z,2026-09-19T10:05:44+0200,d0ccc165-cf88-4955-8f53-a6e7a40a56a9,2026-09-15T07:00:00Z,2026-09-15T09:00:00+0200,140.0,EUR/MWh,PT,PT,imbalance_price,Short,2026-09-19T08:09:43Z
2026-09-19T08:05:44Z,2026-09-19T10:05:44+0200,d0ccc165-cf88-4955-8f53-a6e7a40a56a9,2026-09-15T07:15:00Z,2026-09-15T09:15:00+0200,150.0,EUR/MWh,PT,PT,imbalance_price,Long,2026-09-19T08:09:43Z
2026-09-19T08:05:44Z,2026-09-19T10:05:44+0200,d0ccc165-cf88-4955-8f53-a6e7a40a56a9,2026-09-15T07:15:00Z,2026-09-15T09:15:00+0200,224.97,EUR/MWh,PT,PT,imbalance_price,Short,2026-09-19T08:09:43Z
2026-09-19T08:05:44Z,2026-09-19T10:05:44+0200,d0ccc165-cf88-4955-8f53-a6e7a40a56a9,2026-09-15T07:30:00Z,2026-09-15T09:30:00+0200,224.96,EUR/MWh,PT,PT,imbalance_price,Long,2026-09-19T08:09:43Z
2026-09-19T08:05:44Z,2026-09-19T10:05:44+0200,d0ccc165-cf88-4955-8f53-a6e7a40a56a9,2026-09-15T07:30:00Z,2026-09-15T09:30:00+0200,224.96,EUR/MWh,PT,PT,imbalance_price,Short,2026-09-19T08:09:43Z
2026-09-19T08:05:44Z,2026-09-19T10:05:44+0200,d0ccc165-cf88-4955-8f53-a6e7a40a56a9,2026-09-15T07:45:00Z,2026-09-15T09:45:00+0200,127.19,EUR/MWh,PT,PT,imbalance_price,Long,2026-09-19T08:09:43Z
2026-09-19T08:05:44Z,2026-09-19T10:05:44+0200,d0ccc165-cf88-4955-8f53-a6e7a40a56a9,2026-09-15T07:45:00Z,2026-09-15T09:45:00+0200,221.1,EUR/MWh,PT,PT,imbalance_price,Short,2026-09-19T08:09:43Z
2026-09-19T08:05:44Z,2026-09-19T10:05:44+0200,d0ccc165-cf88-4955-8f53-a6e7a40a56a9,2026-09-15T08:00:00Z,2026-09-15T10:00:00+0200,201.99,EUR/MWh,PT,PT,imbalance_price,Long,2026-09-19T08:09:43Z
2026-09-19T08:05:44Z,2026-09-19T10:05:44+0200,d0ccc165-cf88-4955-8f53-a6e7a40a56a9,2026-09-15T08:00:00Z,2026-09-15T10:00:00+0200,201.99,EUR/MWh,PT,PT,imbalance_price,Short,2026-09-19T08:09:43Z
2026-09-19T08:05:44Z,2026-09-19T10:05:44+0200,d0ccc165-cf88-4955-8f53-a6e7a40a56a9,2026-09-15T08:15:00Z,2026-09-15T10:15:00+0200,203.97,EUR/MWh,PT,PT,imbalance_price,Long,2026-09-19T08:09:43Z
2026-09-19T08:05:44Z,2026-09-19T10:05:44+0200,d0ccc165-cf88-4955-8f53-a6e7a40a56a9,2026-09-15T08:15:00Z,2026-09-15T10:15:00+0200,203.97,EUR/MWh,PT,PT,imbalance_price,Short,2026-09-19T08:09:43Z
2026-09-19T08:05:44Z,2026-09-19T10:05:44+0200,d0ccc165-cf88-4955-8f53-a6e7a40a56a9,2026-09-15T08:30:00Z,2026-09-15T10:30:00+0200,102.42,EUR/MWh,PT,PT,imbalance_price,Long,2026-09-19T08:09:43Z
2026-09-19T08:05:44Z,2026-09-19T10:05:44+0200,d0ccc165-cf88-4955-8f53-a6e7a40a56a9,2026-09-15T08:30:00Z,2026-09-15T10:30:00+0200,197.07,EUR/MWh,PT,PT,imbalance_price,Short,2026-09-19T08:09:43Z
2026-09-19T08:05:44Z,2026-09-19T10:05:44+0200,d0ccc165-cf88-4955-8f53-a6e7a40a56a9,2026-09-15T08:45:00Z,2026-09-15T10:45:00+0200,89.65,EUR/MWh,PT,PT,imbalance_price,Long,2026-09-19T08:09:43Z
2026-09-19T08:05:44Z,2026-09-19T10:05:44+0200,d0ccc165-cf88-4955-8f53-a6e7a40a56a9,2026-09-15T08:45:00Z,2026-09-15T10:45:00+0200,197.07,EUR/MWh,PT,PT,imbalance_price,Short,2026-09-19T08:09:43Z
2026-09-19T08:05:44Z,2026-09-19T10:05:44+0200,d0ccc165-cf88-4955-8f53-a6e7a40a56a9,2026-09-15T09:00:00Z,2026-09-15T11:00:00+0200,80.0,EUR/MWh,PT,PT,imbalance_price,Long,2026-09-19T08:09:43Z
2026-09-19T08:05:44Z,2026-09-19T10:05:44+0200,d0ccc165-cf88-4955-8f53-a6e7a40a56a9,2026-09-15T09:00:00Z,2026-09-15T11:00:00+0200,232.57,EUR/MWh,PT,PT,imbalance_price,Short,2026-09-19T08:09:43Z
2026-09-19T08:05:44Z,2026-09-19T10:05:44+0200,d0ccc165-cf88-4955-8f53-a6e7a40a56a9,2026-09-15T09:15:00Z,2026-09-15T11:15:00+0200,72.0,EUR/MWh,PT,PT,imbalance_price,Long,2026-09-19T08:09:43Z
2026-09-19T08:05:44Z,2026-09-19T10:05:44+0200,d0ccc165-cf88-4955-8f53-a6e7a40a56a9,2026-09-15T09:15:00Z,2026-09-15T11:15:00+0200,232.57,EUR/MWh,PT,PT,imbalance_price,Short,2026-09-19T08:09:43Z
2026-09-19T08:05:44Z,2026-09-19T10:05:44+0200,d0ccc165-cf88-4955-8f53-a6e7a40a56a9,2026-09-15T09:30:00Z,2026-09-15T11:30:00+0200,68.0,EUR/MWh,PT,PT,imbalance_price,Long,2026-09-19T08:09:43Z
2026-09-19T08:05:44Z,2026-09-19T10:05:44+0200,d0ccc165-cf88-4955-8f53-a6e7a40a56a9,2026-09-15T09:30:00Z,2026-09-15T11:30:00+0200,232.57,EUR/MWh,PT,PT,imbalance_price,Short,2026-09-19T08:09:43Z
2026-09-19T08:05:44Z,2026-09-19T10:05:44+0200,d0ccc165-cf88-4955-8f53-a6e7a40a56a9,2026-09-15T09:45:00Z,2026-09-15T11:45:00+0200,56.95,EUR/MWh,PT,PT,imbalance_price,Long,2026-09-19T08:09:43Z
2026-09-19T08:05:44Z,2026-09-19T10:05:44+0200,d0ccc165-cf88-4955-8f53-a6e7a40a56a9,2026-09-15T09:45:00Z,2026-09-15T11:45:00+0200,231.29,EUR/MWh,PT,PT,imbalance_price,Short,2026-09-19T08:09:43Z
2026-09-19T08:05:44Z,2026-09-19T10:05:44+0200,d0ccc165-cf88-4955-8f53-a6e7a40a56a9,2026-09-15T10:00:00Z,2026-09-15T12:00:00+0200,55.21,EUR/MWh,PT,PT,imbalance_price,Long,2026-09-19T08:09:43Z
2026-09-19T08:05:44Z,2026-09-19T10:05:44+0200,d0ccc165-cf88-4955-8f53-a6e7a40a56a9,2026-09-15T10:00:00Z,2026-09-15T12:00:00+0200,200.01,EUR/MWh,PT,PT,imbalance_price,Short,2026-09-19T08:09:43Z
2026-09-19T08:05:44Z,2026-09-19T10:05:44+0200,d0ccc165-cf88-4955-8f53-a6e7a40a56a9,2026-09-15T10:15:00Z,2026-09-15T12:15:00+0200,43.98,EUR/MWh,PT,PT,imbalance_price,Long,2026-09-19T08:09:43Z
2026-09-19T08:05:44Z,2026-09-19T10:05:44+0200,d0ccc165-cf88-4955-8f53-a6e7a40a56a9,2026-09-15T10:15:00Z,2026-09-15T12:15:00+0200,198.7,EUR/MWh,PT,PT,imbalance_price,Short,2026-09-19T08:09:43Z
2026-09-19T08:05:44Z,2026-09-19T10:05:44+0200,d0ccc165-cf88-4955-8f53-a6e7a40a56a9,2026-09-15T10:30:00Z,2026-09-15T12:30:00+0200,40.01,EUR/MWh,PT,PT,imbalance_price,Long,2026-09-19T08:09:43Z
2026-09-19T08:05:44Z,2026-09-19T10:05:44+0200,d0ccc165-cf88-4955-8f53-a6e7a40a56a9,2026-09-15T10:30:00Z,2026-09-15T12:30:00+0200,200.01,EUR/MWh,PT,PT,imbalance_price,Short,2026-09-19T08:09:43Z
2026-09-19T08:05:44Z,2026-09-19T10:05:44+0200,d0ccc165-cf88-4955-8f53-a6e7a40a56a9,2026-09-15T10:45:00Z,2026-09-15T12:45:00+0200,40.0,EUR/MWh,PT,PT,imbalance_price,Long,2026-09-19T08:09:43Z
2026-09-19T08:05:44Z,2026-09-19T10:05:44+0200,d0ccc165-cf88-4955-8f53-a6e7a40a56a9,2026-09-15T10:45:00Z,2026-09-15T12:45:00+0200,200.01,EUR/MWh,PT,PT,imbalance_price,Short,2026-09-19T08:09:43Z
2026-09-19T08:05:44Z,2026-09-19T10:05:44+0200,d0ccc165-cf88-4955-8f53-a6e7a40a56a9,2026-09-15T11:00:00Z,2026-09-15T13:00:00+0200,32.52,EUR/MWh,PT,PT,imbalance_price,Long,2026-09-19T08:09:43Z
2026-09-19T08:05:44Z,2026-09-19T10:05:44+0200,d0ccc165-cf88-4955-8f53-a6e7a40a56a9,2026-09-15T11:00:00Z,2026-09-15T13:00:00+0200,32.52,EUR/MWh,PT,PT,imbalance_price,Short,2026-09-19T08:09:43Z
2026-09-19T08:05:44Z,2026-09-19T10:05:44+0200,d0ccc165-cf88-4955-8f53-a6e7a40a56a9,2026-09-15T11:15:00Z,2026-09-15T13:15:00+0200,33.42,EUR/MWh,PT,PT,imbalance_price,Long,2026-09-19T08:09:43Z
2026-09-19T08:05:44Z,2026-09-19T10:05:44+0200,d0ccc165-cf88-4955-8f53-a6e7a40a56a9,2026-09-15T11:15:00Z,2026-09-15T13:15:00+0200,33.42,EUR/MWh,PT,PT,imbalance_price,Short,2026-09-19T08:09:43Z
2026-09-19T08:05:44Z,2026-09-19T10:05:44+0200,d0ccc165-cf88-4955-8f53-a6e7a40a56a9,2026-09-15T11:30:00Z,2026-09-15T13:30:00+0200,32.2,EUR/MWh,PT,PT,imbalance_price,Long,2026-09-19T08:09:43Z
2026-09-19T08:05:44Z,2026-09-19T10:05:44+0200,d0ccc165-cf88-4955-8f53-a6e7a40a56a9,2026-09-15T11:30:00Z,2026-09-15T13:30:00+0200,32.2,EUR/MWh,PT,PT,imbalance_price,Short,2026-09-19T08:09:43Z
2026-09-19T08:05:44Z,2026-09-19T10:05:44+0200,d0ccc165-cf88-4955-8f53-a6e7a40a56a9,2026-09-15T11:45:00Z,2026-09-15T13:45:00+0200,29.28,EUR/MWh,PT,PT,imbalance_price,Long,2026-09-19T08:09:43Z
2026-09-19T08:05:44Z,2026-09-19T10:05:44+0200,d0ccc165-cf88-4955-8f53-a6e7a40a56a9,2026-09-15T11:45:00Z,2026-09-15T13:45:00+0200,29.28,EUR/MWh,PT,PT,imbalance_price,Short,2026-09-19T08:09:43Z
2026-09-19T08:05:44Z,2026-09-19T10:05:44+0200,d0ccc165-cf88-4955-8f53-a6e7a40a56a9,2026-09-15T12:00:00Z,2026-09-15T14:00:00+0200,0.16,EUR/MWh,PT,PT,imbalance_price,Long,2026-09-19T08:09:43Z
2026-09-19T08:05:44Z,2026-09-19T10:05:44+0200,d0ccc165-cf88-4955-8f53-a6e7a40a56a9,2026-09-15T12:00:00Z,2026-09-15T14:00:00+0200,0.16,EUR/MWh,PT,PT,imbalance_price,Short,2026-09-19T08:09:43Z
2026-09-19T08:05:44Z,2026-09-19T10:05:44+0200,d0ccc165-cf88-4955-8f53-a6e7a40a56a9,2026-09-15T12:15:00Z,2026-09-15T14:15:00+0200,-0.5,EUR/MWh,PT,PT,imbalance_price,Long,2026-09-19T08:09:43Z
2026-09-19T08:05:44Z,2026-09-19T10:05:44+0200,d0ccc165-cf88-4955-8f53-a6e7a40a56a9,2026-09-15T12:15:00Z,2026-09-15T14:15:00+0200,-0.5,EUR/MWh,PT,PT,imbalance_price,Short,2026-09-19T08:09:43Z
2026-09-19T08:05:44Z,2026-09-19T10:05:44+0200,d0ccc165-cf88-4955-8f53-a6e7a40a56a9,2026-09-15T12:30:00Z,2026-09-15T14:30:00+0200,-0.01,EUR/MWh,PT,PT,imbalance_price,Long,2026-09-19T08:09:43Z
2026-09-19T08:05:44Z,2026-09-19T10:05:44+0200,d0ccc165-cf88-4955-8f53-a6e7a40a56a9,2026-09-15T12:30:00Z,2026-09-15T14:30:00+0200,-0.01,EUR/MWh,PT,PT,imbalance_price,Short,2026-09-19T08:09:43Z
2026-09-19T08:05:44Z,2026-09-19T10:05:44+0200,d0ccc165-cf88-4955-8f53-a6e7a40a56a9,2026-09-15T12:45:00Z,2026-09-15T14:45:00+0200,-0.01,EUR/MWh,PT,PT,imbalance_price,Long,2026-09-19T08:09:43Z
2026-09-19T08:05:44Z,2026-09-19T10:05:44+0200,d0ccc165-cf88-4955-8f53-a6e7a40a56a9,2026-09-15T12:45:00Z,2026-09-15T14:45:00+0200,-0.01,EUR/MWh,PT,PT,imbalance_price,Short,2026-09-19T08:09:43Z
2026-09-19T08:05:44Z,2026-09-19T10:05:44+0200,d0ccc165-cf88-4955-8f53-a6e7a40a56a9,2026-09-15T13:00:00Z,2026-09-15T15:00:00+0200,0.01,EUR/MWh,PT,PT,imbalance_price,Long,2026-09-19T08:09:43Z
2026-09-19T08:05:44Z,2026-09-19T10:05:44+0200,d0ccc165-cf88-4955-8f53-a6e7a40a56a9,2026-09-15T13:00:00Z,2026-09-15T15:00:00+0200,0.01,EUR/MWh,PT,PT,imbalance_price,Short,2026-09-19T08:09:43Z
2026-09-19T08:05:44Z,2026-09-19T10:05:44+0200,d0ccc165-cf88-4955-8f53-a6e7a40a56a9,2026-09-15T13:15:00Z,2026-09-15T15:15:00+0200,0.65,EUR/MWh,PT,PT,imbalance_price,Long,2026-09-19T08:09:43Z
2026-09-19T08:05:44Z,2026-09-19T10:05:44+0200,d0ccc165-cf88-4955-8f53-a6e7a40a56a9,2026-09-15T13:15:00Z,2026-09-15T15:15:00+0200,0.65,EUR/MWh,PT,PT,imbalance_price,Short,2026-09-19T08:09:43Z
2026-09-19T08:05:44Z,2026-09-19T10:05:44+0200,d0ccc165-cf88-4955-8f53-a6e7a40a56a9,2026-09-15T13:30:00Z,2026-09-15T15:30:00+0200,33.43,EUR/MWh,PT,PT,imbalance_price,Long,2026-09-19T08:09:43Z
2026-09-19T08:05:44Z,2026-09-19T10:05:44+0200,d0ccc165-cf88-4955-8f53-a6e7a40a56a9,2026-09-15T13:30:00Z,2026-09-15T15:30:00+0200,33.43,EUR/MWh,PT,PT,imbalance_price,Short,2026-09-19T08:09:43Z
2026-09-19T08:05:44Z,2026-09-19T10:05:44+0200,d0ccc165-cf88-4955-8f53-a6e7a40a56a9,2026-09-15T13:45:00Z,2026-09-15T15:45:00+0200,0.65,EUR/MWh,PT,PT,imbalance_price,Long,2026-09-19T08:09:43Z
2026-09-19T08:05:44Z,2026-09-19T10:05:44+0200,d0ccc165-cf88-4955-8f53-a6e7a40a56a9,2026-09-15T13:45:00Z,2026-09-15T15:45:00+0200,0.65,EUR/MWh,PT,PT,imbalance_price,Short,2026-09-19T08:09:43Z
2026-09-19T08:05:44Z,2026-09-19T10:05:44+0200,d0ccc165-cf88-4955-8f53-a6e7a40a56a9,2026-09-15T14:00:00Z,2026-09-15T16:00:00+0200,51.93,EUR/MWh,PT,PT,imbalance_price,Long,2026-09-19T08:09:43Z
2026-09-19T08:05:44Z,2026-09-19T10:05:44+0200,d0ccc165-cf88-4955-8f53-a6e7a40a56a9,2026-09-15T14:00:00Z,2026-09-15T16:00:00+0200,51.93,EUR/MWh,PT,PT,imbalance_price,Short,2026-09-19T08:09:43Z
2026-09-19T08:05:44Z,2026-09-19T10:05:44+0200,d0ccc165-cf88-4955-8f53-a6e7a40a56a9,2026-09-15T14:15:00Z,2026-09-15T16:15:00+0200,0.0,EUR/MWh,PT,PT,imbalance_price,Long,2026-09-19T08:09:43Z
2026-09-19T08:05:44Z,2026-09-19T10:05:44+0200,d0ccc165-cf88-4955-8f53-a6e7a40a56a9,2026-09-15T14:15:00Z,2026-09-15T16:15:00+0200,0.0,EUR/MWh,PT,PT,imbalance_price,Short,2026-09-19T08:09:43Z
2026-09-19T08:05:44Z,2026-09-19T10:05:44+0200,d0ccc165-cf88-4955-8f53-a6e7a40a56a9,2026-09-15T14:30:00Z,2026-09-15T16:30:00+0200,3.3,EUR/MWh,PT,PT,imbalance_price,Long,2026-09-19T08:09:43Z
2026-09-19T08:05:44Z,2026-09-19T10:05:44+0200,d0ccc165-cf88-4955-8f53-a6e7a40a56a9,2026-09-15T14:30:00Z,2026-09-15T16:30:00+0200,3.3,EUR/MWh,PT,PT,imbalance_price,Short,2026-09-19T08:09:43Z
2026-09-19T08:05:44Z,2026-09-19T10:05:44+0200,d0ccc165-cf88-4955-8f53-a6e7a40a56a9,2026-09-15T14:45:00Z,2026-09-15T16:45:00+0200,5.3,EUR/MWh,PT,PT,imbalance_price,Long,2026-09-19T08:09:43Z
2026-09-19T08:05:44Z,2026-09-19T10:05:44+0200,d0ccc165-cf88-4955-8f53-a6e7a40a56a9,2026-09-15T14:45:00Z,2026-09-15T16:45:00+0200,5.3,EUR/MWh,PT,PT,imbalance_price,Short,2026-09-19T08:09:43Z
2026-09-19T08:05:44Z,2026-09-19T10:05:44+0200,d0ccc165-cf88-4955-8f53-a6e7a40a56a9,2026-09-15T15:00:00Z,2026-09-15T17:00:00+0200,0.2,EUR/MWh,PT,PT,imbalance_price,Long,2026-09-19T08:09:43Z
2026-09-19T08:05:44Z,2026-09-19T10:05:44+0200,d0ccc165-cf88-4955-8f53-a6e7a40a56a9,2026-09-15T15:00:00Z,2026-09-15T17:00:00+0200,0.2,EUR/MWh,PT,PT,imbalance_price,Short,2026-09-19T08:09:43Z
2026-09-19T08:05:44Z,2026-09-19T10:05:44+0200,d0ccc165-cf88-4955-8f53-a6e7a40a56a9,2026-09-15T15:15:00Z,2026-09-15T17:15:00+0200,40.5,EUR/MWh,PT,PT,imbalance_price,Long,2026-09-19T08:09:43Z
2026-09-19T08:05:44Z,2026-09-19T10:05:44+0200,d0ccc165-cf88-4955-8f53-a6e7a40a56a9,2026-09-15T15:15:00Z,2026-09-15T17:15:00+0200,40.5,EUR/MWh,PT,PT,imbalance_price,Short,2026-09-19T08:09:43Z
2026-09-19T08:05:44Z,2026-09-19T10:05:44+0200,d0ccc165-cf88-4955-8f53-a6e7a40a56a9,2026-09-15T15:30:00Z,2026-09-15T17:30:00+0200,40.5,EUR/MWh,PT,PT,imbalance_price,Long,2026-09-19T08:09:43Z
2026-09-19T08:05:44Z,2026-09-19T10:05:44+0200,d0ccc165-cf88-4955-8f53-a6e7a40a56a9,2026-09-15T15:30:00Z,2026-09-15T17:30:00+0200,40.5,EUR/MWh,PT,PT,imbalance_price,Short,2026-09-19T08:09:43Z
2026-09-19T08:05:44Z,2026-09-19T10:05:44+0200,d0ccc165-cf88-4955-8f53-a6e7a40a56a9,2026-09-15T15:45:00Z,2026-09-15T17:45:00+0200,74.03,EUR/MWh,PT,PT,imbalance_price,Long,2026-09-19T08:09:43Z
2026-09-19T08:05:44Z,2026-09-19T10:05:44+0200,d0ccc165-cf88-4955-8f53-a6e7a40a56a9,2026-09-15T15:45:00Z,2026-09-15T17:45:00+0200,74.03,EUR/MWh,PT,PT,imbalance_price,Short,2026-09-19T08:09:43Z
2026-09-19T08:05:44Z,2026-09-19T10:05:44+0200,d0ccc165-cf88-4955-8f53-a6e7a40a56a9,2026-09-15T16:00:00Z,2026-09-15T18:00:00+0200,40.5,EUR/MWh,PT,PT,imbalance_price,Long,2026-09-19T08:09:43Z
2026-09-19T08:05:44Z,2026-09-19T10:05:44+0200,d0ccc165-cf88-4955-8f53-a6e7a40a56a9,2026-09-15T16:00:00Z,2026-09-15T18:00:00+0200,40.5,EUR/MWh,PT,PT,imbalance_price,Short,2026-09-19T08:09:43Z
2026-09-19T08:05:44Z,2026-09-19T10:05:44+0200,d0ccc165-cf88-4955-8f53-a6e7a40a56a9,2026-09-15T16:15:00Z,2026-09-15T18:15:00+0200,112.02,EUR/MWh,PT,PT,imbalance_price,Long,2026-09-19T08:09:43Z
2026-09-19T08:05:44Z,2026-09-19T10:05:44+0200,d0ccc165-cf88-4955-8f53-a6e7a40a56a9,2026-09-15T16:15:00Z,2026-09-15T18:15:00+0200,112.02,EUR/MWh,PT,PT,imbalance_price,Short,2026-09-19T08:09:43Z
2026-09-19T08:05:44Z,2026-09-19T10:05:44+0200,d0ccc165-cf88-4955-8f53-a6e7a40a56a9,2026-09-15T16:30:00Z,2026-09-15T18:30:00+0200,75.5,EUR/MWh,PT,PT,imbalance_price,Long,2026-09-19T08:09:43Z
2026-09-19T08:05:44Z,2026-09-19T10:05:44+0200,d0ccc165-cf88-4955-8f53-a6e7a40a56a9,2026-09-15T16:30:00Z,2026-09-15T18:30:00+0200,192.0,EUR/MWh,PT,PT,imbalance_price,Short,2026-09-19T08:09:43Z
2026-09-19T08:05:44Z,2026-09-19T10:05:44+0200,d0ccc165-cf88-4955-8f53-a6e7a40a56a9,2026-09-15T16:45:00Z,2026-09-15T18:45:00+0200,99.04,EUR/MWh,PT,PT,imbalance_price,Long,2026-09-19T08:09:43Z
2026-09-19T08:05:44Z,2026-09-19T10:05:44+0200,d0ccc165-cf88-4955-8f53-a6e7a40a56a9,2026-09-15T16:45:00Z,2026-09-15T18:45:00+0200,236.04,EUR/MWh,PT,PT,imbalance_price,Short,2026-09-19T08:09:43Z
2026-09-19T08:05:44Z,2026-09-19T10:05:44+0200,d0ccc165-cf88-4955-8f53-a6e7a40a56a9,2026-09-15T17:00:00Z,2026-09-15T19:00:00+0200,154.66,EUR/MWh,PT,PT,imbalance_price,Long,2026-09-19T08:09:43Z
2026-09-19T08:05:44Z,2026-09-19T10:05:44+0200,d0ccc165-cf88-4955-8f53-a6e7a40a56a9,2026-09-15T17:00:00Z,2026-09-15T19:00:00+0200,206.1,EUR/MWh,PT,PT,imbalance_price,Short,2026-09-19T08:09:43Z
2026-09-19T08:05:44Z,2026-09-19T10:05:44+0200,d0ccc165-cf88-4955-8f53-a6e7a40a56a9,2026-09-15T17:15:00Z,2026-09-15T19:15:00+0200,206.0,EUR/MWh,PT,PT,imbalance_price,Long,2026-09-19T08:09:43Z
2026-09-19T08:05:44Z,2026-09-19T10:05:44+0200,d0ccc165-cf88-4955-8f53-a6e7a40a56a9,2026-09-15T17:15:00Z,2026-09-15T19:15:00+0200,253.56,EUR/MWh,PT,PT,imbalance_price,Short,2026-09-19T08:09:43Z
2026-09-19T08:05:44Z,2026-09-19T10:05:44+0200,d0ccc165-cf88-4955-8f53-a6e7a40a56a9,2026-09-15T17:30:00Z,2026-09-15T19:30:00+0200,206.79,EUR/MWh,PT,PT,imbalance_price,Long,2026-09-19T08:09:43Z
2026-09-19T08:05:44Z,2026-09-19T10:05:44+0200,d0ccc165-cf88-4955-8f53-a6e7a40a56a9,2026-09-15T17:30:00Z,2026-09-15T19:30:00+0200,271.2,EUR/MWh,PT,PT,imbalance_price,Short,2026-09-19T08:09:43Z
2026-09-19T08:05:44Z,2026-09-19T10:05:44+0200,d0ccc165-cf88-4955-8f53-a6e7a40a56a9,2026-09-15T17:45:00Z,2026-09-15T19:45:00+0200,231.45,EUR/MWh,PT,PT,imbalance_price,Long,2026-09-19T08:09:43Z
2026-09-19T08:05:44Z,2026-09-19T10:05:44+0200,d0ccc165-cf88-4955-8f53-a6e7a40a56a9,2026-09-15T17:45:00Z,2026-09-15T19:45:00+0200,302.66,EUR/MWh,PT,PT,imbalance_price,Short,2026-09-19T08:09:43Z
2026-09-19T08:05:44Z,2026-09-19T10:05:44+0200,d0ccc165-cf88-4955-8f53-a6e7a40a56a9,2026-09-15T18:00:00Z,2026-09-15T20:00:00+0200,170.2,EUR/MWh,PT,PT,imbalance_price,Long,2026-09-19T08:09:43Z
2026-09-19T08:05:44Z,2026-09-19T10:05:44+0200,d0ccc165-cf88-4955-8f53-a6e7a40a56a9,2026-09-15T18:00:00Z,2026-09-15T20:00:00+0200,300.01,EUR/MWh,PT,PT,imbalance_price,Short,2026-09-19T08:09:43Z
2026-09-19T08:05:44Z,2026-09-19T10:05:44+0200,d0ccc165-cf88-4955-8f53-a6e7a40a56a9,2026-09-15T18:15:00Z,2026-09-15T20:15:00+0200,253.15,EUR/MWh,PT,PT,imbalance_price,Long,2026-09-19T08:09:43Z
2026-09-19T08:05:44Z,2026-09-19T10:05:44+0200,d0ccc165-cf88-4955-8f53-a6e7a40a56a9,2026-09-15T18:15:00Z,2026-09-15T20:15:00+0200,253.15,EUR/MWh,PT,PT,imbalance_price,Short,2026-09-19T08:09:43Z
2026-09-19T08:05:44Z,2026-09-19T10:05:44+0200,d0ccc165-cf88-4955-8f53-a6e7a40a56a9,2026-09-15T18:30:00Z,2026-09-15T20:30:00+0200,247.42,EUR/MWh,PT,PT,imbalance_price,Long,2026-09-19T08:09:43Z
2026-09-19T08:05:44Z,2026-09-19T10:05:44+0200,d0ccc165-cf88-4955-8f53-a6e7a40a56a9,2026-09-15T18:30:00Z,2026-09-15T20:30:00+0200,247.42,EUR/MWh,PT,PT,imbalance_price,Short,2026-09-19T08:09:43Z
2026-09-19T08:05:44Z,2026-09-19T10:05:44+0200,d0ccc165-cf88-4955-8f53-a6e7a40a56a9,2026-09-15T18:45:00Z,2026-09-15T20:45:00+0200,235.19,EUR/MWh,PT,PT,imbalance_price,Long,2026-09-19T08:09:43Z
2026-09-19T08:05:44Z,2026-09-19T10:05:44+0200,d0ccc165-cf88-4955-8f53-a6e7a40a56a9,2026-09-15T18:45:00Z,2026-09-15T20:45:00+0200,235.19,EUR/MWh,PT,PT,imbalance_price,Short,2026-09-19T08:09:43Z
2026-09-19T08:05:44Z,2026-09-19T10:05:44+0200,d0ccc165-cf88-4955-8f53-a6e7a40a56a9,2026-09-15T19:00:00Z,2026-09-15T21:00:00+0200,185.04,EUR/MWh,PT,PT,imbalance_price,Long,2026-09-19T08:09:43Z
2026-09-19T08:05:44Z,2026-09-19T10:05:44+0200,d0ccc165-cf88-4955-8f53-a6e7a40a56a9,2026-09-15T19:00:00Z,2026-09-15T21:00:00+0200,232.07,EUR/MWh,PT,PT,imbalance_price,Short,2026-09-19T08:09:43Z
2026-09-19T08:05:44Z,2026-09-19T10:05:44+0200,d0ccc165-cf88-4955-8f53-a6e7a40a56a9,2026-09-15T19:15:00Z,2026-09-15T21:15:00+0200,181.23,EUR/MWh,PT,PT,imbalance_price,Long,2026-09-19T08:09:43Z
2026-09-19T08:05:44Z,2026-09-19T10:05:44+0200,d0ccc165-cf88-4955-8f53-a6e7a40a56a9,2026-09-15T19:15:00Z,2026-09-15T21:15:00+0200,229.2,EUR/MWh,PT,PT,imbalance_price,Short,2026-09-19T08:09:43Z
2026-09-19T08:05:44Z,2026-09-19T10:05:44+0200,d0ccc165-cf88-4955-8f53-a6e7a40a56a9,2026-09-15T19:30:00Z,2026-09-15T21:30:00+0200,183.63,EUR/MWh,PT,PT,imbalance_price,Long,2026-09-19T08:09:43Z
2026-09-19T08:05:44Z,2026-09-19T10:05:44+0200,d0ccc165-cf88-4955-8f53-a6e7a40a56a9,2026-09-15T19:30:00Z,2026-09-15T21:30:00+0200,183.63,EUR/MWh,PT,PT,imbalance_price,Short,2026-09-19T08:09:43Z
2026-09-19T08:05:44Z,2026-09-19T10:05:44+0200,d0ccc165-cf88-4955-8f53-a6e7a40a56a9,2026-09-15T19:45:00Z,2026-09-15T21:45:00+0200,177.97,EUR/MWh,PT,PT,imbalance_price,Long,2026-09-19T08:09:43Z
2026-09-19T08:05:44Z,2026-09-19T10:05:44+0200,d0ccc165-cf88-4955-8f53-a6e7a40a56a9,2026-09-15T19:45:00Z,2026-09-15T21:45:00+0200,177.97,EUR/MWh,PT,PT,imbalance_price,Short,2026-09-19T08:09:43Z
2026-09-19T08:05:44Z,2026-09-19T10:05:44+0200,d0ccc165-cf88-4955-8f53-a6e7a40a56a9,2026-09-15T20:00:00Z,2026-09-15T22:00:00+0200,194.13,EUR/MWh,PT,PT,imbalance_price,Long,2026-09-19T08:09:43Z
2026-09-19T08:05:44Z,2026-09-19T10:05:44+0200,d0ccc165-cf88-4955-8f53-a6e7a40a56a9,2026-09-15T20:00:00Z,2026-09-15T22:00:00+0200,194.13,EUR/MWh,PT,PT,imbalance_price,Short,2026-09-19T08:09:43Z
2026-09-19T08:05:44Z,2026-09-19T10:05:44+0200,d0ccc165-cf88-4955-8f53-a6e7a40a56a9,2026-09-15T20:15:00Z,2026-09-15T22:15:00+0200,111.13,EUR/MWh,PT,PT,imbalance_price,Long,2026-09-19T08:09:43Z
2026-09-19T08:05:44Z,2026-09-19T10:05:44+0200,d0ccc165-cf88-4955-8f53-a6e7a40a56a9,2026-09-15T20:15:00Z,2026-09-15T22:15:00+0200,111.13,EUR/MWh,PT,PT,imbalance_price,Short,2026-09-19T08:09:43Z
2026-09-19T08:05:44Z,2026-09-19T10:05:44+0200,d0ccc165-cf88-4955-8f53-a6e7a40a56a9,2026-09-15T20:30:00Z,2026-09-15T22:30:00+0200,97.11,EUR/MWh,PT,PT,imbalance_price,Long,2026-09-19T08:09:43Z
2026-09-19T08:05:44Z,2026-09-19T10:05:44+0200,d0ccc165-cf88-4955-8f53-a6e7a40a56a9,2026-09-15T20:30:00Z,2026-09-15T22:30:00+0200,240.0,EUR/MWh,PT,PT,imbalance_price,Short,2026-09-19T08:09:43Z
2026-09-19T08:05:44Z,2026-09-19T10:05:44+0200,d0ccc165-cf88-4955-8f53-a6e7a40a56a9,2026-09-15T20:45:00Z,2026-09-15T22:45:00+0200,76.88,EUR/MWh,PT,PT,imbalance_price,Long,2026-09-19T08:09:43Z
2026-09-19T08:05:44Z,2026-09-19T10:05:44+0200,d0ccc165-cf88-4955-8f53-a6e7a40a56a9,2026-09-15T20:45:00Z,2026-09-15T22:45:00+0200,76.88,EUR/MWh,PT,PT,imbalance_price,Short,2026-09-19T08:09:43Z
2026-09-19T08:05:44Z,2026-09-19T10:05:44+0200,d0ccc165-cf88-4955-8f53-a6e7a40a56a9,2026-09-15T21:00:00Z,2026-09-15T23:00:00+0200,105.5,EUR/MWh,PT,PT,imbalance_price,Long,2026-09-19T08:09:43Z
2026-09-19T08:05:44Z,2026-09-19T10:05:44+0200,d0ccc165-cf88-4955-8f53-a6e7a40a56a9,2026-09-15T21:00:00Z,2026-09-15T23:00:00+0200,105.5,EUR/MWh,PT,PT,imbalance_price,Short,2026-09-19T08:09:43Z
2026-09-19T08:05:44Z,2026-09-19T10:05:44+0200,d0ccc165-cf88-4955-8f53-a6e7a40a56a9,2026-09-15T21:15:00Z,2026-09-15T23:15:00+0200,105.5,EUR/MWh,PT,PT,imbalance_price,Long,2026-09-19T08:09:43Z
2026-09-19T08:05:44Z,2026-09-19T10:05:44+0200,d0ccc165-cf88-4955-8f53-a6e7a40a56a9,2026-09-15T21:15:00Z,2026-09-15T23:15:00+0200,105.5,EUR/MWh,PT,PT,imbalance_price,Short,2026-09-19T08:09:43Z
2026-09-19T08:05:44Z,2026-09-19T10:05:44+0200,d0ccc165-cf88-4955-8f53-a6e7a40a56a9,2026-09-15T21:30:00Z,2026-09-15T23:30:00+0200,97.11,EUR/MWh,PT,PT,imbalance_price,Long,2026-09-19T08:09:43Z
2026-09-19T08:05:44Z,2026-09-19T10:05:44+0200,d0ccc165-cf88-4955-8f53-a6e7a40a56a9,2026-09-15T21:30:00Z,2026-09-15T23:30:00+0200,97.11,EUR/MWh,PT,PT,imbalance_price,Short,2026-09-19T08:09:43Z
2026-09-19T08:05:44Z,2026-09-19T10:05:44+0200,d0ccc165-cf88-4955-8f53-a6e7a40a56a9,2026-09-15T21:45:00Z,2026-09-15T23:45:00+0200,85.55,EUR/MWh,PT,PT,imbalance_price,Long,2026-09-19T08:09:43Z
2026-09-19T08:05:44Z,2026-09-19T10:05:44+0200,d0ccc165-cf88-4955-8f53-a6e7a40a56a9,2026-09-15T21:45:00Z,2026-09-15T23:45:00+0200,205.26,EUR/MWh,PT,PT,imbalance_price,Short,2026-09-19T08:09:43Z
2026-09-19T08:05:44Z,2026-09-19T10:05:44+0200,d0ccc165-cf88-4955-8f53-a6e7a40a56a9,2026-09-15T22:00:00Z,2026-09-16T00:00:00+0200,145.5,EUR/MWh,PT,PT,imbalance_price,Long,2026-09-19T08:09:43Z
2026-09-19T08:05:44Z,2026-09-19T10:05:44+0200,d0ccc165-cf88-4955-8f53-a6e7a40a56a9,2026-09-15T22:00:00Z,2026-09-16T00:00:00+0200,145.5,EUR/MWh,PT,PT,imbalance_price,Short,2026-09-19T08:09:43Z
2026-09-19T08:05:44Z,2026-09-19T10:05:44+0200,d0ccc165-cf88-4955-8f53-a6e7a40a56a9,2026-09-15T22:15:00Z,2026-09-16T00:15:00+0200,135.5,EUR/MWh,PT,PT,imbalance_price,Long,2026-09-19T08:09:43Z
2026-09-19T08:05:44Z,2026-09-19T10:05:44+0200,d0ccc165-cf88-4955-8f53-a6e7a40a56a9,2026-09-15T22:15:00Z,2026-09-16T00:15:00+0200,135.5,EUR/MWh,PT,PT,imbalance_price,Short,2026-09-19T08:09:43Z
2026-09-19T08:05:44Z,2026-09-19T10:05:44+0200,d0ccc165-cf88-4955-8f53-a6e7a40a56a9,2026-09-15T22:30:00Z,2026-09-16T00:30:00+0200,115.4,EUR/MWh,PT,PT,imbalance_price,Long,2026-09-19T08:09:43Z
2026-09-19T08:05:44Z,2026-09-19T10:05:44+0200,d0ccc165-cf88-4955-8f53-a6e7a40a56a9,2026-09-15T22:30:00Z,2026-09-16T00:30:00+0200,115.4,EUR/MWh,PT,PT,imbalance_price,Short,2026-09-19T08:09:43Z
2026-09-19T08:05:44Z,2026-09-19T10:05:44+0200,d0ccc165-cf88-4955-8f53-a6e7a40a56a9,2026-09-15T22:45:00Z,2026-09-16T00:45:00+0200,76.88,EUR/MWh,PT,PT,imbalance_price,Long,2026-09-19T08:09:43Z
2026-09-19T08:05:44Z,2026-09-19T10:05:44+0200,d0ccc165-cf88-4955-8f53-a6e7a40a56a9,2026-09-15T22:45:00Z,2026-09-16T00:45:00+0200,76.88,EUR/MWh,PT,PT,imbalance_price,Short,2026-09-19T08:09:43Z
2026-09-19T08:05:44Z,2026-09-19T10:05:44+0200,d0ccc165-cf88-4955-8f53-a6e7a40a56a9,2026-09-15T23:00:00Z,2026-09-16T01:00:00+0200,95.29,EUR/MWh,PT,PT,imbalance_price,Long,2026-09-19T08:09:43Z
2026-09-19T08:05:44Z,2026-09-19T10:05:44+0200,d0ccc165-cf88-4955-8f53-a6e7a40a56a9,2026-09-15T23:00:00Z,2026-09-16T01:00:00+0200,95.29,EUR/MWh,PT,PT,imbalance_price,Short,2026-09-19T08:09:43Z
2026-09-19T08:05:44Z,2026-09-19T10:05:44+0200,d0ccc165-cf88-4955-8f53-a6e7a40a56a9,2026-09-15T23:15:00Z,2026-09-16T01:15:00+0200,76.88,EUR/MWh,PT,PT,imbalance_price,Long,2026-09-19T08:09:43Z
2026-09-19T08:05:44Z,2026-09-19T10:05:44+0200,d0ccc165-cf88-4955-8f53-a6e7a40a56a9,2026-09-15T23:15:00Z,2026-09-16T01:15:00+0200,76.88,EUR/MWh,PT,PT,imbalance_price,Short,2026-09-19T08:09:43Z
2026-09-19T08:05:44Z,2026-09-19T10:05:44+0200,d0ccc165-cf88-4955-8f53-a6e7a40a56a9,2026-09-15T23:30:00Z,2026-09-16T01:30:00+0200,62.0,EUR/MWh,PT,PT,imbalance_price,Long,2026-09-19T08:09:43Z
2026-09-19T08:05:44Z,2026-09-19T10:05:44+0200,d0ccc165-cf88-4955-8f53-a6e7a40a56a9,2026-09-15T23:30:00Z,2026-09-16T01:30:00+0200,205.06,EUR/MWh,PT,PT,imbalance_price,Short,2026-09-19T08:09:43Z
2026-09-19T08:05:44Z,2026-09-19T10:05:44+0200,d0ccc165-cf88-4955-8f53-a6e7a40a56a9,2026-09-15T23:45:00Z,2026-09-16T01:45:00+0200,57.0,EUR/MWh,PT,PT,imbalance_price,Long,2026-09-19T08:09:43Z
2026-09-19T08:05:44Z,2026-09-19T10:05:44+0200,d0ccc165-cf88-4955-8f53-a6e7a40a56a9,2026-09-15T23:45:00Z,2026-09-16T01:45:00+0200,204.01,EUR/MWh,PT,PT,imbalance_price,Short,2026-09-19T08:09:43Z
2026-09-19T08:05:44Z,2026-09-19T10:05:44+0200,d0ccc165-cf88-4955-8f53-a6e7a40a56a9,2026-09-16T00:00:00Z,2026-09-16T02:00:00+0200,78.84,EUR/MWh,PT,PT,imbalance_price,Long,2026-09-19T08:09:43Z
2026-09-19T08:05:44Z,2026-09-19T10:05:44+0200,d0ccc165-cf88-4955-8f53-a6e7a40a56a9,2026-09-16T00:00:00Z,2026-09-16T02:00:00+0200,201.3,EUR/MWh,PT,PT,imbalance_price,Short,2026-09-19T08:09:43Z
2026-09-19T08:05:44Z,2026-09-19T10:05:44+0200,d0ccc165-cf88-4955-8f53-a6e7a40a56a9,2026-09-16T00:15:00Z,2026-09-16T02:15:00+0200,134.32,EUR/MWh,PT,PT,imbalance_price,Long,2026-09-19T08:09:43Z
2026-09-19T08:05:44Z,2026-09-19T10:05:44+0200,d0ccc165-cf88-4955-8f53-a6e7a40a56a9,2026-09-16T00:15:00Z,2026-09-16T02:15:00+0200,201.48,EUR/MWh,PT,PT,imbalance_price,Short,2026-09-19T08:09:43Z
2026-09-19T08:05:44Z,2026-09-19T10:05:44+0200,d0ccc165-cf88-4955-8f53-a6e7a40a56a9,2026-09-16T00:30:00Z,2026-09-16T02:30:00+0200,136.22,EUR/MWh,PT,PT,imbalance_price,Long,2026-09-19T08:09:43Z
2026-09-19T08:05:44Z,2026-09-19T10:05:44+0200,d0ccc165-cf88-4955-8f53-a6e7a40a56a9,2026-09-16T00:30:00Z,2026-09-16T02:30:00+0200,136.22,EUR/MWh,PT,PT,imbalance_price,Short,2026-09-19T08:09:43Z
2026-09-19T08:05:44Z,2026-09-19T10:05:44+0200,d0ccc165-cf88-4955-8f53-a6e7a40a56a9,2026-09-16T00:45:00Z,2026-09-16T02:45:00+0200,135.36,EUR/MWh,PT,PT,imbalance_price,Long,2026-09-19T08:09:43Z
2026-09-19T08:05:44Z,2026-09-19T10:05:44+0200,d0ccc165-cf88-4955-8f53-a6e7a40a56a9,2026-09-16T00:45:00Z,2026-09-16T02:45:00+0200,135.36,EUR/MWh,PT,PT,imbalance_price,Short,2026-09-19T08:09:43Z
2026-09-19T08:05:44Z,2026-09-19T10:05:44+0200,d0ccc165-cf88-4955-8f53-a6e7a40a56a9,2026-09-16T01:00:00Z,2026-09-16T03:00:00+0200,133.32,EUR/MWh,PT,PT,imbalance_price,Long,2026-09-19T08:09:43Z
2026-09-19T08:05:44Z,2026-09-19T10:05:44+0200,d0ccc165-cf88-4955-8f53-a6e7a40a56a9,2026-09-16T01:00:00Z,2026-09-16T03:00:00+0200,191.97,EUR/MWh,PT,PT,imbalance_price,Short,2026-09-19T08:09:43Z
2026-09-19T08:05:44Z,2026-09-19T10:05:44+0200,d0ccc165-cf88-4955-8f53-a6e7a40a56a9,2026-09-16T01:15:00Z,2026-09-16T03:15:00+0200,145.2,EUR/MWh,PT,PT,imbalance_price,Long,2026-09-19T08:09:43Z
2026-09-19T08:05:44Z,2026-09-19T10:05:44+0200,d0ccc165-cf88-4955-8f53-a6e7a40a56a9,2026-09-16T01:15:00Z,2026-09-16T03:15:00+0200,197.94,EUR/MWh,PT,PT,imbalance_price,Short,2026-09-19T08:09:43Z
2026-09-19T08:05:44Z,2026-09-19T10:05:44+0200,d0ccc165-cf88-4955-8f53-a6e7a40a56a9,2026-09-16T01:30:00Z,2026-09-16T03:30:00+0200,135.08,EUR/MWh,PT,PT,imbalance_price,Long,2026-09-19T08:09:43Z
2026-09-19T08:05:44Z,2026-09-19T10:05:44+0200,d0ccc165-cf88-4955-8f53-a6e7a40a56a9,2026-09-16T01:30:00Z,2026-09-16T03:30:00+0200,135.08,EUR/MWh,PT,PT,imbalance_price,Short,2026-09-19T08:09:43Z
2026-09-19T08:05:44Z,2026-09-19T10:05:44+0200,d0ccc165-cf88-4955-8f53-a6e7a40a56a9,2026-09-16T01:45:00Z,2026-09-16T03:45:00+0200,136.25,EUR/MWh,PT,PT,imbalance_price,Long,2026-09-19T08:09:43Z
2026-09-19T08:05:44Z,2026-09-19T10:05:44+0200,d0ccc165-cf88-4955-8f53-a6e7a40a56a9,2026-09-16T01:45:00Z,2026-09-16T03:45:00+0200,136.25,EUR/MWh,PT,PT,imbalance_price,Short,2026-09-19T08:09:43Z
2026-09-19T08:05:44Z,2026-09-19T10:05:44+0200,d0ccc165-cf88-4955-8f53-a6e7a40a56a9,2026-09-16T02:00:00Z,2026-09-16T04:00:00+0200,139.48,EUR/MWh,PT,PT,imbalance_price,Long,2026-09-19T08:09:43Z
2026-09-19T08:05:44Z,2026-09-19T10:05:44+0200,d0ccc165-cf88-4955-8f53-a6e7a40a56a9,2026-09-16T02:00:00Z,2026-09-16T04:00:00+0200,139.48,EUR/MWh,PT,PT,imbalance_price,Short,2026-09-19T08:09:43Z
2026-09-19T08:05:44Z,2026-09-19T10:05:44+0200,d0ccc165-cf88-4955-8f53-a6e7a40a56a9,2026-09-16T02:15:00Z,2026-09-16T04:15:00+0200,139.5,EUR/MWh,PT,PT,imbalance_price,Long,2026-09-19T08:09:43Z
2026-09-19T08:05:44Z,2026-09-19T10:05:44+0200,d0ccc165-cf88-4955-8f53-a6e7a40a56a9,2026-09-16T02:15:00Z,2026-09-16T04:15:00+0200,139.5,EUR/MWh,PT,PT,imbalance_price,Short,2026-09-19T08:09:43Z
2026-09-19T08:05:44Z,2026-09-19T10:05:44+0200,d0ccc165-cf88-4955-8f53-a6e7a40a56a9,2026-09-16T02:30:00Z,2026-09-16T04:30:00+0200,139.79,EUR/MWh,PT,PT,imbalance_price,Long,2026-09-19T08:09:43Z
2026-09-19T08:05:44Z,2026-09-19T10:05:44+0200,d0ccc165-cf88-4955-8f53-a6e7a40a56a9,2026-09-16T02:30:00Z,2026-09-16T04:30:00+0200,139.79,EUR/MWh,PT,PT,imbalance_price,Short,2026-09-19T08:09:43Z
2026-09-19T08:05:44Z,2026-09-19T10:05:44+0200,d0ccc165-cf88-4955-8f53-a6e7a40a56a9,2026-09-16T02:45:00Z,2026-09-16T04:45:00+0200,191.0,EUR/MWh,PT,PT,imbalance_price,Long,2026-09-19T08:09:43Z
2026-09-19T08:05:44Z,2026-09-19T10:05:44+0200,d0ccc165-cf88-4955-8f53-a6e7a40a56a9,2026-09-16T02:45:00Z,2026-09-16T04:45:00+0200,191.0,EUR/MWh,PT,PT,imbalance_price,Short,2026-09-19T08:09:43Z
2026-09-19T08:05:44Z,2026-09-19T10:05:44+0200,d0ccc165-cf88-4955-8f53-a6e7a40a56a9,2026-09-16T03:00:00Z,2026-09-16T05:00:00+0200,120.23,EUR/MWh,PT,PT,imbalance_price,Long,2026-09-19T08:09:43Z
2026-09-19T08:05:44Z,2026-09-19T10:05:44+0200,d0ccc165-cf88-4955-8f53-a6e7a40a56a9,2026-09-16T03:00:00Z,2026-09-16T05:00:00+0200,120.23,EUR/MWh,PT,PT,imbalance_price,Short,2026-09-19T08:09:43Z
2026-09-19T08:05:44Z,2026-09-19T10:05:44+0200,d0ccc165-cf88-4955-8f53-a6e7a40a56a9,2026-09-16T03:15:00Z,2026-09-16T05:15:00+0200,120.23,EUR/MWh,PT,PT,imbalance_price,Long,2026-09-19T08:09:43Z
2026-09-19T08:05:44Z,2026-09-19T10:05:44+0200,d0ccc165-cf88-4955-8f53-a6e7a40a56a9,2026-09-16T03:15:00Z,2026-09-16T05:15:00+0200,120.23,EUR/MWh,PT,PT,imbalance_price,Short,2026-09-19T08:09:43Z
2026-09-19T08:05:44Z,2026-09-19T10:05:44+0200,d0ccc165-cf88-4955-8f53-a6e7a40a56a9,2026-09-16T03:30:00Z,2026-09-16T05:30:00+0200,97.11,EUR/MWh,PT,PT,imbalance_price,Long,2026-09-19T08:09:43Z
2026-09-19T08:05:44Z,2026-09-19T10:05:44+0200,d0ccc165-cf88-4955-8f53-a6e7a40a56a9,2026-09-16T03:30:00Z,2026-09-16T05:30:00+0200,205.06,EUR/MWh,PT,PT,imbalance_price,Short,2026-09-19T08:09:43Z
2026-09-19T08:05:44Z,2026-09-19T10:05:44+0200,d0ccc165-cf88-4955-8f53-a6e7a40a56a9,2026-09-16T03:45:00Z,2026-09-16T05:45:00+0200,100.0,EUR/MWh,PT,PT,imbalance_price,Long,2026-09-19T08:09:43Z
2026-09-19T08:05:44Z,2026-09-19T10:05:44+0200,d0ccc165-cf88-4955-8f53-a6e7a40a56a9,2026-09-16T03:45:00Z,2026-09-16T05:45:00+0200,205.06,EUR/MWh,PT,PT,imbalance_price,Short,2026-09-19T08:09:43Z
2026-09-19T08:05:44Z,2026-09-19T10:05:44+0200,d0ccc165-cf88-4955-8f53-a6e7a40a56a9,2026-09-16T04:00:00Z,2026-09-16T06:00:00+0200,120.23,EUR/MWh,PT,PT,imbalance_price,Long,2026-09-19T08:09:43Z
2026-09-19T08:05:44Z,2026-09-19T10:05:44+0200,d0ccc165-cf88-4955-8f53-a6e7a40a56a9,2026-09-16T04:00:00Z,2026-09-16T06:00:00+0200,120.23,EUR/MWh,PT,PT,imbalance_price,Short,2026-09-19T08:09:43Z
2026-09-19T08:05:44Z,2026-09-19T10:05:44+0200,d0ccc165-cf88-4955-8f53-a6e7a40a56a9,2026-09-16T04:15:00Z,2026-09-16T06:15:00+0200,97.11,EUR/MWh,PT,PT,imbalance_price,Long,2026-09-19T08:09:43Z
2026-09-19T08:05:44Z,2026-09-19T10:05:44+0200,d0ccc165-cf88-4955-8f53-a6e7a40a56a9,2026-09-16T04:15:00Z,2026-09-16T06:15:00+0200,205.06,EUR/MWh,PT,PT,imbalance_price,Short,2026-09-19T08:09:43Z
2026-09-19T08:05:44Z,2026-09-19T10:05:44+0200,d0ccc165-cf88-4955-8f53-a6e7a40a56a9,2026-09-16T04:30:00Z,2026-09-16T06:30:00+0200,123.12,EUR/MWh,PT,PT,imbalance_price,Long,2026-09-19T08:09:43Z
2026-09-19T08:05:44Z,2026-09-19T10:05:44+0200,d0ccc165-cf88-4955-8f53-a6e7a40a56a9,2026-09-16T04:30:00Z,2026-09-16T06:30:00+0200,123.12,EUR/MWh,PT,PT,imbalance_price,Short,2026-09-19T08:09:43Z
2026-09-19T08:05:44Z,2026-09-19T10:05:44+0200,d0ccc165-cf88-4955-8f53-a6e7a40a56a9,2026-09-16T04:45:00Z,2026-09-16T06:45:00+0200,135.31,EUR/MWh,PT,PT,imbalance_price,Long,2026-09-19T08:09:43Z
2026-09-19T08:05:44Z,2026-09-19T10:05:44+0200,d0ccc165-cf88-4955-8f53-a6e7a40a56a9,2026-09-16T04:45:00Z,2026-09-16T06:45:00+0200,137.56,EUR/MWh,PT,PT,imbalance_price,Short,2026-09-19T08:09:43Z
2026-09-19T08:05:44Z,2026-09-19T10:05:44+0200,d0ccc165-cf88-4955-8f53-a6e7a40a56a9,2026-09-16T05:00:00Z,2026-09-16T07:00:00+0200,101.19,EUR/MWh,PT,PT,imbalance_price,Long,2026-09-19T08:09:43Z
2026-09-19T08:05:44Z,2026-09-19T10:05:44+0200,d0ccc165-cf88-4955-8f53-a6e7a40a56a9,2026-09-16T05:00:00Z,2026-09-16T07:00:00+0200,228.0,EUR/MWh,PT,PT,imbalance_price,Short,2026-09-19T08:09:43Z
2026-09-19T08:05:44Z,2026-09-19T10:05:44+0200,d0ccc165-cf88-4955-8f53-a6e7a40a56a9,2026-09-16T05:15:00Z,2026-09-16T07:15:00+0200,109.83,EUR/MWh,PT,PT,imbalance_price,Long,2026-09-19T08:09:43Z
2026-09-19T08:05:44Z,2026-09-19T10:05:44+0200,d0ccc165-cf88-4955-8f53-a6e7a40a56a9,2026-09-16T05:15:00Z,2026-09-16T07:15:00+0200,233.52,EUR/MWh,PT,PT,imbalance_price,Short,2026-09-19T08:09:43Z
2026-09-19T08:05:44Z,2026-09-19T10:05:44+0200,d0ccc165-cf88-4955-8f53-a6e7a40a56a9,2026-09-16T05:30:00Z,2026-09-16T07:30:00+0200,117.13,EUR/MWh,PT,PT,imbalance_price,Long,2026-09-19T08:09:43Z
2026-09-19T08:05:44Z,2026-09-19T10:05:44+0200,d0ccc165-cf88-4955-8f53-a6e7a40a56a9,2026-09-16T05:30:00Z,2026-09-16T07:30:00+0200,117.13,EUR/MWh,PT,PT,imbalance_price,Short,2026-09-19T08:09:43Z
2026-09-19T08:05:44Z,2026-09-19T10:05:44+0200,d0ccc165-cf88-4955-8f53-a6e7a40a56a9,2026-09-16T05:45:00Z,2026-09-16T07:45:00+0200,111.56,EUR/MWh,PT,PT,imbalance_price,Long,2026-09-19T08:09:43Z
2026-09-19T08:05:44Z,2026-09-19T10:05:44+0200,d0ccc165-cf88-4955-8f53-a6e7a40a56a9,2026-09-16T05:45:00Z,2026-09-16T07:45:00+0200,235.34,EUR/MWh,PT,PT,imbalance_price,Short,2026-09-19T08:09:43Z
2026-09-19T08:05:44Z,2026-09-19T10:05:44+0200,d0ccc165-cf88-4955-8f53-a6e7a40a56a9,2026-09-16T06:00:00Z,2026-09-16T08:00:00+0200,82.66,EUR/MWh,PT,PT,imbalance_price,Long,2026-09-19T08:09:43Z
2026-09-19T08:05:44Z,2026-09-19T10:05:44+0200,d0ccc165-cf88-4955-8f53-a6e7a40a56a9,2026-09-16T06:00:00Z,2026-09-16T08:00:00+0200,235.34,EUR/MWh,PT,PT,imbalance_price,Short,2026-09-19T08:09:43Z
2026-09-19T08:05:44Z,2026-09-19T10:05:44+0200,d0ccc165-cf88-4955-8f53-a6e7a40a56a9,2026-09-16T06:15:00Z,2026-09-16T08:15:00+0200,97.11,EUR/MWh,PT,PT,imbalance_price,Long,2026-09-19T08:09:43Z
2026-09-19T08:05:44Z,2026-09-19T10:05:44+0200,d0ccc165-cf88-4955-8f53-a6e7a40a56a9,2026-09-16T06:15:00Z,2026-09-16T08:15:00+0200,233.09,EUR/MWh,PT,PT,imbalance_price,Short,2026-09-19T08:09:43Z
2026-09-19T08:05:44Z,2026-09-19T10:05:44+0200,d0ccc165-cf88-4955-8f53-a6e7a40a56a9,2026-09-16T06:30:00Z,2026-09-16T08:30:00+0200,120.23,EUR/MWh,PT,PT,imbalance_price,Long,2026-09-19T08:09:43Z
2026-09-19T08:05:44Z,2026-09-19T10:05:44+0200,d0ccc165-cf88-4955-8f53-a6e7a40a56a9,2026-09-16T06:30:00Z,2026-09-16T08:30:00+0200,208.09,EUR/MWh,PT,PT,imbalance_price,Short,2026-09-19T08:09:43Z
2026-09-19T08:05:44Z,2026-09-19T10:05:44+0200,d0ccc165-cf88-4955-8f53-a6e7a40a56a9,2026-09-16T06:45:00Z,2026-09-16T08:45:00+0200,102.13,EUR/MWh,PT,PT,imbalance_price,Long,2026-09-19T08:09:43Z
2026-09-19T08:05:44Z,2026-09-19T10:05:44+0200,d0ccc165-cf88-4955-8f53-a6e7a40a56a9,2026-09-16T06:45:00Z,2026-09-16T08:45:00+0200,223.2,EUR/MWh,PT,PT,imbalance_price,Short,2026-09-19T08:09:43Z
2026-09-19T08:05:44Z,2026-09-19T10:05:44+0200,d0ccc165-cf88-4955-8f53-a6e7a40a56a9,2026-09-16T07:00:00Z,2026-09-16T09:00:00+0200,59.0,EUR/MWh,PT,PT,imbalance_price,Long,2026-09-19T08:09:43Z
2026-09-19T08:05:44Z,2026-09-19T10:05:44+0200,d0ccc165-cf88-4955-8f53-a6e7a40a56a9,2026-09-16T07:00:00Z,2026-09-16T09:00:00+0200,155.21,EUR/MWh,PT,PT,imbalance_price,Short,2026-09-19T08:09:43Z
2026-09-19T08:05:44Z,2026-09-19T10:05:44+0200,d0ccc165-cf88-4955-8f53-a6e7a40a56a9,2026-09-16T07:15:00Z,2026-09-16T09:15:00+0200,59.0,EUR/MWh,PT,PT,imbalance_price,Long,2026-09-19T08:09:43Z
2026-09-19T08:05:44Z,2026-09-19T10:05:44+0200,d0ccc165-cf88-4955-8f53-a6e7a40a56a9,2026-09-16T07:15:00Z,2026-09-16T09:15:00+0200,195.0,EUR/MWh,PT,PT,imbalance_price,Short,2026-09-19T08:09:43Z
2026-09-19T08:05:44Z,2026-09-19T10:05:44+0200,d0ccc165-cf88-4955-8f53-a6e7a40a56a9,2026-09-16T07:30:00Z,2026-09-16T09:30:00+0200,53.0,EUR/MWh,PT,PT,imbalance_price,Long,2026-09-19T08:09:43Z
2026-09-19T08:05:44Z,2026-09-19T10:05:44+0200,d0ccc165-cf88-4955-8f53-a6e7a40a56a9,2026-09-16T07:30:00Z,2026-09-16T09:30:00+0200,96.0,EUR/MWh,PT,PT,imbalance_price,Short,2026-09-19T08:09:43Z
2026-09-19T08:05:44Z,2026-09-19T10:05:44+0200,d0ccc165-cf88-4955-8f53-a6e7a40a56a9,2026-09-16T07:45:00Z,2026-09-16T09:45:00+0200,16.4,EUR/MWh,PT,PT,imbalance_price,Long,2026-09-19T08:09:43Z
2026-09-19T08:05:44Z,2026-09-19T10:05:44+0200,d0ccc165-cf88-4955-8f53-a6e7a40a56a9,2026-09-16T07:45:00Z,2026-09-16T09:45:00+0200,26.0,EUR/MWh,PT,PT,imbalance_price,Short,2026-09-19T08:09:43Z
2026-09-19T08:05:44Z,2026-09-19T10:05:44+0200,d0ccc165-cf88-4955-8f53-a6e7a40a56a9,2026-09-16T08:00:00Z,2026-09-16T10:00:00+0200,21.07,EUR/MWh,PT,PT,imbalance_price,Long,2026-09-19T08:09:43Z
2026-09-19T08:05:44Z,2026-09-19T10:05:44+0200,d0ccc165-cf88-4955-8f53-a6e7a40a56a9,2026-09-16T08:00:00Z,2026-09-16T10:00:00+0200,21.07,EUR/MWh,PT,PT,imbalance_price,Short,2026-09-19T08:09:43Z
2026-09-19T08:05:44Z,2026-09-19T10:05:44+0200,d0ccc165-cf88-4955-8f53-a6e7a40a56a9,2026-09-16T08:15:00Z,2026-09-16T10:15:00+0200,-5.0,EUR/MWh,PT,PT,imbalance_price,Long,2026-09-19T08:09:43Z
2026-09-19T08:05:44Z,2026-09-19T10:05:44+0200,d0ccc165-cf88-4955-8f53-a6e7a40a56a9,2026-09-16T08:15:00Z,2026-09-16T10:15:00+0200,7.06,EUR/MWh,PT,PT,imbalance_price,Short,2026-09-19T08:09:43Z
2026-09-19T08:05:44Z,2026-09-19T10:05:44+0200,d0ccc165-cf88-4955-8f53-a6e7a40a56a9,2026-09-16T08:30:00Z,2026-09-16T10:30:00+0200,-3.0,EUR/MWh,PT,PT,imbalance_price,Long,2026-09-19T08:09:43Z
2026-09-19T08:05:44Z,2026-09-19T10:05:44+0200,d0ccc165-cf88-4955-8f53-a6e7a40a56a9,2026-09-16T08:30:00Z,2026-09-16T10:30:00+0200,-3.0,EUR/MWh,PT,PT,imbalance_price,Short,2026-09-19T08:09:43Z
2026-09-19T08:05:44Z,2026-09-19T10:05:44+0200,d0ccc165-cf88-4955-8f53-a6e7a40a56a9,2026-09-16T08:45:00Z,2026-09-16T10:45:00+0200,-8.0,EUR/MWh,PT,PT,imbalance_price,Long,2026-09-19T08:09:43Z
2026-09-19T08:05:44Z,2026-09-19T10:05:44+0200,d0ccc165-cf88-4955-8f53-a6e7a40a56a9,2026-09-16T08:45:00Z,2026-09-16T10:45:00+0200,-8.0,EUR/MWh,PT,PT,imbalance_price,Short,2026-09-19T08:09:43Z
2026-09-19T08:05:44Z,2026-09-19T10:05:44+0200,d0ccc165-cf88-4955-8f53-a6e7a40a56a9,2026-09-16T09:00:00Z,2026-09-16T11:00:00+0200,-6.0,EUR/MWh,PT,PT,imbalance_price,Long,2026-09-19T08:09:43Z
2026-09-19T08:05:44Z,2026-09-19T10:05:44+0200,d0ccc165-cf88-4955-8f53-a6e7a40a56a9,2026-09-16T09:00:00Z,2026-09-16T11:00:00+0200,1.3,EUR/MWh,PT,PT,imbalance_price,Short,2026-09-19T08:09:43Z
2026-09-19T08:05:44Z,2026-09-19T10:05:44+0200,d0ccc165-cf88-4955-8f53-a6e7a40a56a9,2026-09-16T09:15:00Z,2026-09-16T11:15:00+0200,-6.88,EUR/MWh,PT,PT,imbalance_price,Long,2026-09-19T08:09:43Z
2026-09-19T08:05:44Z,2026-09-19T10:05:44+0200,d0ccc165-cf88-4955-8f53-a6e7a40a56a9,2026-09-16T09:15:00Z,2026-09-16T11:15:00+0200,-6.88,EUR/MWh,PT,PT,imbalance_price,Short,2026-09-19T08:09:43Z
2026-09-19T08:05:44Z,2026-09-19T10:05:44+0200,d0ccc165-cf88-4955-8f53-a6e7a40a56a9,2026-09-16T09:30:00Z,2026-09-16T11:30:00+0200,-8.0,EUR/MWh,PT,PT,imbalance_price,Long,2026-09-19T08:09:43Z
2026-09-19T08:05:44Z,2026-09-19T10:05:44+0200,d0ccc165-cf88-4955-8f53-a6e7a40a56a9,2026-09-16T09:30:00Z,2026-09-16T11:30:00+0200,-8.0,EUR/MWh,PT,PT,imbalance_price,Short,2026-09-19T08:09:43Z
2026-09-19T08:05:44Z,2026-09-19T10:05:44+0200,d0ccc165-cf88-4955-8f53-a6e7a40a56a9,2026-09-16T09:45:00Z,2026-09-16T11:45:00+0200,-23.6,EUR/MWh,PT,PT,imbalance_price,Long,2026-09-19T08:09:43Z
2026-09-19T08:05:44Z,2026-09-19T10:05:44+0200,d0ccc165-cf88-4955-8f53-a6e7a40a56a9,2026-09-16T09:45:00Z,2026-09-16T11:45:00+0200,-23.6,EUR/MWh,PT,PT,imbalance_price,Short,2026-09-19T08:09:43Z
2026-09-19T08:05:44Z,2026-09-19T10:05:44+0200,d0ccc165-cf88-4955-8f53-a6e7a40a56a9,2026-09-16T10:00:00Z,2026-09-16T12:00:00+0200,-30.0,EUR/MWh,PT,PT,imbalance_price,Long,2026-09-19T08:09:43Z
2026-09-19T08:05:44Z,2026-09-19T10:05:44+0200,d0ccc165-cf88-4955-8f53-a6e7a40a56a9,2026-09-16T10:00:00Z,2026-09-16T12:00:00+0200,0.01,EUR/MWh,PT,PT,imbalance_price,Short,2026-09-19T08:09:43Z
2026-09-19T08:05:44Z,2026-09-19T10:05:44+0200,d0ccc165-cf88-4955-8f53-a6e7a40a56a9,2026-09-16T10:15:00Z,2026-09-16T12:15:00+0200,-47.0,EUR/MWh,PT,PT,imbalance_price,Long,2026-09-19T08:09:43Z
2026-09-19T08:05:44Z,2026-09-19T10:05:44+0200,d0ccc165-cf88-4955-8f53-a6e7a40a56a9,2026-09-16T10:15:00Z,2026-09-16T12:15:00+0200,0.01,EUR/MWh,PT,PT,imbalance_price,Short,2026-09-19T08:09:43Z
2026-09-19T08:05:44Z,2026-09-19T10:05:44+0200,d0ccc165-cf88-4955-8f53-a6e7a40a56a9,2026-09-16T10:30:00Z,2026-09-16T12:30:00+0200,-30.0,EUR/MWh,PT,PT,imbalance_price,Long,2026-09-19T08:09:43Z
2026-09-19T08:05:44Z,2026-09-19T10:05:44+0200,d0ccc165-cf88-4955-8f53-a6e7a40a56a9,2026-09-16T10:30:00Z,2026-09-16T12:30:00+0200,-30.0,EUR/MWh,PT,PT,imbalance_price,Short,2026-09-19T08:09:43Z
2026-09-19T08:05:44Z,2026-09-19T10:05:44+0200,d0ccc165-cf88-4955-8f53-a6e7a40a56a9,2026-09-16T10:45:00Z,2026-09-16T12:45:00+0200,-47.0,EUR/MWh,PT,PT,imbalance_price,Long,2026-09-19T08:09:43Z
2026-09-19T08:05:44Z,2026-09-19T10:05:44+0200,d0ccc165-cf88-4955-8f53-a6e7a40a56a9,2026-09-16T10:45:00Z,2026-09-16T12:45:00+0200,-47.0,EUR/MWh,PT,PT,imbalance_price,Short,2026-09-19T08:09:43Z
2026-09-19T08:05:44Z,2026-09-19T10:05:44+0200,d0ccc165-cf88-4955-8f53-a6e7a40a56a9,2026-09-16T11:00:00Z,2026-09-16T13:00:00+0200,-0.01,EUR/MWh,PT,PT,imbalance_price,Long,2026-09-19T08:09:43Z
2026-09-19T08:05:44Z,2026-09-19T10:05:44+0200,d0ccc165-cf88-4955-8f53-a6e7a40a56a9,2026-09-16T11:00:00Z,2026-09-16T13:00:00+0200,-0.01,EUR/MWh,PT,PT,imbalance_price,Short,2026-09-19T08:09:43Z
2026-09-19T08:05:44Z,2026-09-19T10:05:44+0200,d0ccc165-cf88-4955-8f53-a6e7a40a56a9,2026-09-16T11:15:00Z,2026-09-16T13:15:00+0200,-0.01,EUR/MWh,PT,PT,imbalance_price,Long,2026-09-19T08:09:43Z
2026-09-19T08:05:44Z,2026-09-19T10:05:44+0200,d0ccc165-cf88-4955-8f53-a6e7a40a56a9,2026-09-16T11:15:00Z,2026-09-16T13:15:00+0200,-0.01,EUR/MWh,PT,PT,imbalance_price,Short,2026-09-19T08:09:43Z
2026-09-19T08:05:44Z,2026-09-19T10:05:44+0200,d0ccc165-cf88-4955-8f53-a6e7a40a56a9,2026-09-16T11:30:00Z,2026-09-16T13:30:00+0200,0.0,EUR/MWh,PT,PT,imbalance_price,Long,2026-09-19T08:09:43Z
2026-09-19T08:05:44Z,2026-09-19T10:05:44+0200,d0ccc165-cf88-4955-8f53-a6e7a40a56a9,2026-09-16T11:30:00Z,2026-09-16T13:30:00+0200,0.0,EUR/MWh,PT,PT,imbalance_price,Short,2026-09-19T08:09:43Z
2026-09-19T08:05:44Z,2026-09-19T10:05:44+0200,d0ccc165-cf88-4955-8f53-a6e7a40a56a9,2026-09-16T11:45:00Z,2026-09-16T13:45:00+0200,0.0,EUR/MWh,PT,PT,imbalance_price,Long,2026-09-19T08:09:43Z
2026-09-19T08:05:44Z,2026-09-19T10:05:44+0200,d0ccc165-cf88-4955-8f53-a6e7a40a56a9,2026-09-16T11:45:00Z,2026-09-16T13:45:00+0200,0.0,EUR/MWh,PT,PT,imbalance_price,Short,2026-09-19T08:09:43Z
2026-09-19T08:05:44Z,2026-09-19T10:05:44+0200,d0ccc165-cf88-4955-8f53-a6e7a40a56a9,2026-09-16T12:00:00Z,2026-09-16T14:00:00+0200,-0.01,EUR/MWh,PT,PT,imbalance_price,Long,2026-09-19T08:09:43Z
2026-09-19T08:05:44Z,2026-09-19T10:05:44+0200,d0ccc165-cf88-4955-8f53-a6e7a40a56a9,2026-09-16T12:00:00Z,2026-09-16T14:00:00+0200,0.0,EUR/MWh,PT,PT,imbalance_price,Short,2026-09-19T08:09:43Z
2026-09-19T08:05:44Z,2026-09-19T10:05:44+0200,d0ccc165-cf88-4955-8f53-a6e7a40a56a9,2026-09-16T12:15:00Z,2026-09-16T14:15:00+0200,0.0,EUR/MWh,PT,PT,imbalance_price,Long,2026-09-19T08:09:43Z
2026-09-19T08:05:44Z,2026-09-19T10:05:44+0200,d0ccc165-cf88-4955-8f53-a6e7a40a56a9,2026-09-16T12:15:00Z,2026-09-16T14:15:00+0200,0.0,EUR/MWh,PT,PT,imbalance_price,Short,2026-09-19T08:09:43Z
2026-09-19T08:05:44Z,2026-09-19T10:05:44+0200,d0ccc165-cf88-4955-8f53-a6e7a40a56a9,2026-09-16T12:30:00Z,2026-09-16T14:30:00+0200,0.0,EUR/MWh,PT,PT,imbalance_price,Long,2026-09-19T08:09:43Z
2026-09-19T08:05:44Z,2026-09-19T10:05:44+0200,d0ccc165-cf88-4955-8f53-a6e7a40a56a9,2026-09-16T12:30:00Z,2026-09-16T14:30:00+0200,0.0,EUR/MWh,PT,PT,imbalance_price,Short,2026-09-19T08:09:43Z
2026-09-19T08:05:44Z,2026-09-19T10:05:44+0200,d0ccc165-cf88-4955-8f53-a6e7a40a56a9,2026-09-16T12:45:00Z,2026-09-16T14:45:00+0200,0.0,EUR/MWh,PT,PT,imbalance_price,Long,2026-09-19T08:09:43Z
2026-09-19T08:05:44Z,2026-09-19T10:05:44+0200,d0ccc165-cf88-4955-8f53-a6e7a40a56a9,2026-09-16T12:45:00Z,2026-09-16T14:45:00+0200,0.0,EUR/MWh,PT,PT,imbalance_price,Short,2026-09-19T08:09:43Z
2026-09-19T08:05:44Z,2026-09-19T10:05:44+0200,d0ccc165-cf88-4955-8f53-a6e7a40a56a9,2026-09-16T13:00:00Z,2026-09-16T15:00:00+0200,0.0,EUR/MWh,PT,PT,imbalance_price,Long,2026-09-19T08:09:43Z
2026-09-19T08:05:44Z,2026-09-19T10:05:44+0200,d0ccc165-cf88-4955-8f53-a6e7a40a56a9,2026-09-16T13:00:00Z,2026-09-16T15:00:00+0200,0.0,EUR/MWh,PT,PT,imbalance_price,Short,2026-09-19T08:09:43Z
2026-09-19T08:05:44Z,2026-09-19T10:05:44+0200,d0ccc165-cf88-4955-8f53-a6e7a40a56a9,2026-09-16T13:15:00Z,2026-09-16T15:15:00+0200,0.0,EUR/MWh,PT,PT,imbalance_price,Long,2026-09-19T08:09:43Z
2026-09-19T08:05:44Z,2026-09-19T10:05:44+0200,d0ccc165-cf88-4955-8f53-a6e7a40a56a9,2026-09-16T13:15:00Z,2026-09-16T15:15:00+0200,0.0,EUR/MWh,PT,PT,imbalance_price,Short,2026-09-19T08:09:43Z
2026-09-19T08:05:44Z,2026-09-19T10:05:44+0200,d0ccc165-cf88-4955-8f53-a6e7a40a56a9,2026-09-16T13:30:00Z,2026-09-16T15:30:00+0200,0.0,EUR/MWh,PT,PT,imbalance_price,Long,2026-09-19T08:09:43Z
2026-09-19T08:05:44Z,2026-09-19T10:05:44+0200,d0ccc165-cf88-4955-8f53-a6e7a40a56a9,2026-09-16T13:30:00Z,2026-09-16T15:30:00+0200,0.0,EUR/MWh,PT,PT,imbalance_price,Short,2026-09-19T08:09:43Z
2026-09-19T08:05:44Z,2026-09-19T10:05:44+0200,d0ccc165-cf88-4955-8f53-a6e7a40a56a9,2026-09-16T13:45:00Z,2026-09-16T15:45:00+0200,0.01,EUR/MWh,PT,PT,imbalance_price,Long,2026-09-19T08:09:43Z
2026-09-19T08:05:44Z,2026-09-19T10:05:44+0200,d0ccc165-cf88-4955-8f53-a6e7a40a56a9,2026-09-16T13:45:00Z,2026-09-16T15:45:00+0200,0.01,EUR/MWh,PT,PT,imbalance_price,Short,2026-09-19T08:09:43Z
2026-09-19T08:05:44Z,2026-09-19T10:05:44+0200,d0ccc165-cf88-4955-8f53-a6e7a40a56a9,2026-09-16T14:00:00Z,2026-09-16T16:00:00+0200,1.94,EUR/MWh,PT,PT,imbalance_price,Long,2026-09-19T08:09:43Z
2026-09-19T08:05:44Z,2026-09-19T10:05:44+0200,d0ccc165-cf88-4955-8f53-a6e7a40a56a9,2026-09-16T14:00:00Z,2026-09-16T16:00:00+0200,1.94,EUR/MWh,PT,PT,imbalance_price,Short,2026-09-19T08:09:43Z
2026-09-19T08:05:44Z,2026-09-19T10:05:44+0200,d0ccc165-cf88-4955-8f53-a6e7a40a56a9,2026-09-16T14:15:00Z,2026-09-16T16:15:00+0200,-0.01,EUR/MWh,PT,PT,imbalance_price,Long,2026-09-19T08:09:43Z
2026-09-19T08:05:44Z,2026-09-19T10:05:44+0200,d0ccc165-cf88-4955-8f53-a6e7a40a56a9,2026-09-16T14:15:00Z,2026-09-16T16:15:00+0200,0.34,EUR/MWh,PT,PT,imbalance_price,Short,2026-09-19T08:09:43Z
2026-09-19T08:05:44Z,2026-09-19T10:05:44+0200,d0ccc165-cf88-4955-8f53-a6e7a40a56a9,2026-09-16T14:30:00Z,2026-09-16T16:30:00+0200,-0.29,EUR/MWh,PT,PT,imbalance_price,Long,2026-09-19T08:09:43Z
2026-09-19T08:05:44Z,2026-09-19T10:05:44+0200,d0ccc165-cf88-4955-8f53-a6e7a40a56a9,2026-09-16T14:30:00Z,2026-09-16T16:30:00+0200,0.44,EUR/MWh,PT,PT,imbalance_price,Short,2026-09-19T08:09:43Z
2026-09-19T08:05:44Z,2026-09-19T10:05:44+0200,d0ccc165-cf88-4955-8f53-a6e7a40a56a9,2026-09-16T14:45:00Z,2026-09-16T16:45:00+0200,0.8,EUR/MWh,PT,PT,imbalance_price,Long,2026-09-19T08:09:43Z
2026-09-19T08:05:44Z,2026-09-19T10:05:44+0200,d0ccc165-cf88-4955-8f53-a6e7a40a56a9,2026-09-16T14:45:00Z,2026-09-16T16:45:00+0200,5.87,EUR/MWh,PT,PT,imbalance_price,Short,2026-09-19T08:09:43Z
2026-09-19T08:05:44Z,2026-09-19T10:05:44+0200,d0ccc165-cf88-4955-8f53-a6e7a40a56a9,2026-09-16T15:00:00Z,2026-09-16T17:00:00+0200,0.16,EUR/MWh,PT,PT,imbalance_price,Long,2026-09-19T08:09:43Z
2026-09-19T08:05:44Z,2026-09-19T10:05:44+0200,d0ccc165-cf88-4955-8f53-a6e7a40a56a9,2026-09-16T15:00:00Z,2026-09-16T17:00:00+0200,0.16,EUR/MWh,PT,PT,imbalance_price,Short,2026-09-19T08:09:43Z
2026-09-19T08:05:44Z,2026-09-19T10:05:44+0200,d0ccc165-cf88-4955-8f53-a6e7a40a56a9,2026-09-16T15:15:00Z,2026-09-16T17:15:00+0200,1.56,EUR/MWh,PT,PT,imbalance_price,Long,2026-09-19T08:09:43Z
2026-09-19T08:05:44Z,2026-09-19T10:05:44+0200,d0ccc165-cf88-4955-8f53-a6e7a40a56a9,2026-09-16T15:15:00Z,2026-09-16T17:15:00+0200,177.48,EUR/MWh,PT,PT,imbalance_price,Short,2026-09-19T08:09:43Z
2026-09-19T08:05:44Z,2026-09-19T10:05:44+0200,d0ccc165-cf88-4955-8f53-a6e7a40a56a9,2026-09-16T15:30:00Z,2026-09-16T17:30:00+0200,4.08,EUR/MWh,PT,PT,imbalance_price,Long,2026-09-19T08:09:43Z
2026-09-19T08:05:44Z,2026-09-19T10:05:44+0200,d0ccc165-cf88-4955-8f53-a6e7a40a56a9,2026-09-16T15:30:00Z,2026-09-16T17:30:00+0200,179.83,EUR/MWh,PT,PT,imbalance_price,Short,2026-09-19T08:09:43Z
2026-09-19T08:05:44Z,2026-09-19T10:05:44+0200,d0ccc165-cf88-4955-8f53-a6e7a40a56a9,2026-09-16T15:45:00Z,2026-09-16T17:45:00+0200,4.86,EUR/MWh,PT,PT,imbalance_price,Long,2026-09-19T08:09:43Z
2026-09-19T08:05:44Z,2026-09-19T10:05:44+0200,d0ccc165-cf88-4955-8f53-a6e7a40a56a9,2026-09-16T15:45:00Z,2026-09-16T17:45:00+0200,180.87,EUR/MWh,PT,PT,imbalance_price,Short,2026-09-19T08:09:43Z
2026-09-19T08:05:44Z,2026-09-19T10:05:44+0200,d0ccc165-cf88-4955-8f53-a6e7a40a56a9,2026-09-16T16:00:00Z,2026-09-16T18:00:00+0200,1.4,EUR/MWh,PT,PT,imbalance_price,Long,2026-09-19T08:09:43Z
2026-09-19T08:05:44Z,2026-09-19T10:05:44+0200,d0ccc165-cf88-4955-8f53-a6e7a40a56a9,2026-09-16T16:00:00Z,2026-09-16T18:00:00+0200,179.41,EUR/MWh,PT,PT,imbalance_price,Short,2026-09-19T08:09:43Z
2026-09-19T08:05:44Z,2026-09-19T10:05:44+0200,d0ccc165-cf88-4955-8f53-a6e7a40a56a9,2026-09-16T16:15:00Z,2026-09-16T18:15:00+0200,10.04,EUR/MWh,PT,PT,imbalance_price,Long,2026-09-19T08:09:43Z
2026-09-19T08:05:44Z,2026-09-19T10:05:44+0200,d0ccc165-cf88-4955-8f53-a6e7a40a56a9,2026-09-16T16:15:00Z,2026-09-16T18:15:00+0200,190.83,EUR/MWh,PT,PT,imbalance_price,Short,2026-09-19T08:09:43Z
2026-09-19T08:05:44Z,2026-09-19T10:05:44+0200,d0ccc165-cf88-4955-8f53-a6e7a40a56a9,2026-09-16T16:30:00Z,2026-09-16T18:30:00+0200,30.84,EUR/MWh,PT,PT,imbalance_price,Long,2026-09-19T08:09:43Z
2026-09-19T08:05:44Z,2026-09-19T10:05:44+0200,d0ccc165-cf88-4955-8f53-a6e7a40a56a9,2026-09-16T16:30:00Z,2026-09-16T18:30:00+0200,190.0,EUR/MWh,PT,PT,imbalance_price,Short,2026-09-19T08:09:43Z
2026-09-19T08:05:44Z,2026-09-19T10:05:44+0200,d0ccc165-cf88-4955-8f53-a6e7a40a56a9,2026-09-16T16:45:00Z,2026-09-16T18:45:00+0200,195.01,EUR/MWh,PT,PT,imbalance_price,Long,2026-09-19T08:09:43Z
2026-09-19T08:05:44Z,2026-09-19T10:05:44+0200,d0ccc165-cf88-4955-8f53-a6e7a40a56a9,2026-09-16T16:45:00Z,2026-09-16T18:45:00+0200,195.01,EUR/MWh,PT,PT,imbalance_price,Short,2026-09-19T08:09:43Z
2026-09-19T08:05:44Z,2026-09-19T10:05:44+0200,d0ccc165-cf88-4955-8f53-a6e7a40a56a9,2026-09-16T17:00:00Z,2026-09-16T19:00:00+0200,187.96,EUR/MWh,PT,PT,imbalance_price,Long,2026-09-19T08:09:43Z
2026-09-19T08:05:44Z,2026-09-19T10:05:44+0200,d0ccc165-cf88-4955-8f53-a6e7a40a56a9,2026-09-16T17:00:00Z,2026-09-16T19:00:00+0200,187.96,EUR/MWh,PT,PT,imbalance_price,Short,2026-09-19T08:09:43Z
2026-09-19T08:05:44Z,2026-09-19T10:05:44+0200,d0ccc165-cf88-4955-8f53-a6e7a40a56a9,2026-09-16T17:15:00Z,2026-09-16T19:15:00+0200,195.01,EUR/MWh,PT,PT,imbalance_price,Long,2026-09-19T08:09:43Z
2026-09-19T08:05:44Z,2026-09-19T10:05:44+0200,d0ccc165-cf88-4955-8f53-a6e7a40a56a9,2026-09-16T17:15:00Z,2026-09-16T19:15:00+0200,195.01,EUR/MWh,PT,PT,imbalance_price,Short,2026-09-19T08:09:43Z
2026-09-19T08:05:44Z,2026-09-19T10:05:44+0200,d0ccc165-cf88-4955-8f53-a6e7a40a56a9,2026-09-16T17:30:00Z,2026-09-16T19:30:00+0200,195.01,EUR/MWh,PT,PT,imbalance_price,Long,2026-09-19T08:09:43Z
2026-09-19T08:05:44Z,2026-09-19T10:05:44+0200,d0ccc165-cf88-4955-8f53-a6e7a40a56a9,2026-09-16T17:30:00Z,2026-09-16T19:30:00+0200,195.01,EUR/MWh,PT,PT,imbalance_price,Short,2026-09-19T08:09:43Z
2026-09-19T08:05:44Z,2026-09-19T10:05:44+0200,d0ccc165-cf88-4955-8f53-a6e7a40a56a9,2026-09-16T17:45:00Z,2026-09-16T19:45:00+0200,205.13,EUR/MWh,PT,PT,imbalance_price,Long,2026-09-19T08:09:43Z
2026-09-19T08:05:44Z,2026-09-19T10:05:44+0200,d0ccc165-cf88-4955-8f53-a6e7a40a56a9,2026-09-16T17:45:00Z,2026-09-16T19:45:00+0200,205.13,EUR/MWh,PT,PT,imbalance_price,Short,2026-09-19T08:09:43Z
2026-09-19T08:05:44Z,2026-09-19T10:05:44+0200,d0ccc165-cf88-4955-8f53-a6e7a40a56a9,2026-09-16T18:00:00Z,2026-09-16T20:00:00+0200,200.42,EUR/MWh,PT,PT,imbalance_price,Long,2026-09-19T08:09:43Z
2026-09-19T08:05:44Z,2026-09-19T10:05:44+0200,d0ccc165-cf88-4955-8f53-a6e7a40a56a9,2026-09-16T18:00:00Z,2026-09-16T20:00:00+0200,200.42,EUR/MWh,PT,PT,imbalance_price,Short,2026-09-19T08:09:43Z
2026-09-19T08:05:44Z,2026-09-19T10:05:44+0200,d0ccc165-cf88-4955-8f53-a6e7a40a56a9,2026-09-16T18:15:00Z,2026-09-16T20:15:00+0200,229.56,EUR/MWh,PT,PT,imbalance_price,Long,2026-09-19T08:09:43Z
2026-09-19T08:05:44Z,2026-09-19T10:05:44+0200,d0ccc165-cf88-4955-8f53-a6e7a40a56a9,2026-09-16T18:15:00Z,2026-09-16T20:15:00+0200,229.56,EUR/MWh,PT,PT,imbalance_price,Short,2026-09-19T08:09:43Z
2026-09-19T08:05:44Z,2026-09-19T10:05:44+0200,d0ccc165-cf88-4955-8f53-a6e7a40a56a9,2026-09-16T18:30:00Z,2026-09-16T20:30:00+0200,228.52,EUR/MWh,PT,PT,imbalance_price,Long,2026-09-19T08:09:43Z
2026-09-19T08:05:44Z,2026-09-19T10:05:44+0200,d0ccc165-cf88-4955-8f53-a6e7a40a56a9,2026-09-16T18:30:00Z,2026-09-16T20:30:00+0200,228.52,EUR/MWh,PT,PT,imbalance_price,Short,2026-09-19T08:09:43Z
2026-09-19T08:05:44Z,2026-09-19T10:05:44+0200,d0ccc165-cf88-4955-8f53-a6e7a40a56a9,2026-09-16T18:45:00Z,2026-09-16T20:45:00+0200,233.01,EUR/MWh,PT,PT,imbalance_price,Long,2026-09-19T08:09:43Z
2026-09-19T08:05:44Z,2026-09-19T10:05:44+0200,d0ccc165-cf88-4955-8f53-a6e7a40a56a9,2026-09-16T18:45:00Z,2026-09-16T20:45:00+0200,233.01,EUR/MWh,PT,PT,imbalance_price,Short,2026-09-19T08:09:43Z
2026-09-19T08:05:44Z,2026-09-19T10:05:44+0200,d0ccc165-cf88-4955-8f53-a6e7a40a56a9,2026-09-16T19:00:00Z,2026-09-16T21:00:00+0200,237.17,EUR/MWh,PT,PT,imbalance_price,Long,2026-09-19T08:09:43Z
2026-09-19T08:05:44Z,2026-09-19T10:05:44+0200,d0ccc165-cf88-4955-8f53-a6e7a40a56a9,2026-09-16T19:00:00Z,2026-09-16T21:00:00+0200,237.17,EUR/MWh,PT,PT,imbalance_price,Short,2026-09-19T08:09:43Z
2026-09-19T08:05:44Z,2026-09-19T10:05:44+0200,d0ccc165-cf88-4955-8f53-a6e7a40a56a9,2026-09-16T19:15:00Z,2026-09-16T21:15:00+0200,156.14,EUR/MWh,PT,PT,imbalance_price,Long,2026-09-19T08:09:43Z
2026-09-19T08:05:44Z,2026-09-19T10:05:44+0200,d0ccc165-cf88-4955-8f53-a6e7a40a56a9,2026-09-16T19:15:00Z,2026-09-16T21:15:00+0200,243.65,EUR/MWh,PT,PT,imbalance_price,Short,2026-09-19T08:09:43Z
2026-09-19T08:05:44Z,2026-09-19T10:05:44+0200,d0ccc165-cf88-4955-8f53-a6e7a40a56a9,2026-09-16T19:30:00Z,2026-09-16T21:30:00+0200,155.39,EUR/MWh,PT,PT,imbalance_price,Long,2026-09-19T08:09:43Z
2026-09-19T08:05:44Z,2026-09-19T10:05:44+0200,d0ccc165-cf88-4955-8f53-a6e7a40a56a9,2026-09-16T19:30:00Z,2026-09-16T21:30:00+0200,219.6,EUR/MWh,PT,PT,imbalance_price,Short,2026-09-19T08:09:43Z
2026-09-19T08:05:44Z,2026-09-19T10:05:44+0200,d0ccc165-cf88-4955-8f53-a6e7a40a56a9,2026-09-16T19:45:00Z,2026-09-16T21:45:00+0200,151.73,EUR/MWh,PT,PT,imbalance_price,Long,2026-09-19T08:09:43Z
2026-09-19T08:05:44Z,2026-09-19T10:05:44+0200,d0ccc165-cf88-4955-8f53-a6e7a40a56a9,2026-09-16T19:45:00Z,2026-09-16T21:45:00+0200,236.09,EUR/MWh,PT,PT,imbalance_price,Short,2026-09-19T08:09:43Z
2026-09-19T08:05:44Z,2026-09-19T10:05:44+0200,d0ccc165-cf88-4955-8f53-a6e7a40a56a9,2026-09-16T20:00:00Z,2026-09-16T22:00:00+0200,139.78,EUR/MWh,PT,PT,imbalance_price,Long,2026-09-19T08:09:43Z
2026-09-19T08:05:44Z,2026-09-19T10:05:44+0200,d0ccc165-cf88-4955-8f53-a6e7a40a56a9,2026-09-16T20:00:00Z,2026-09-16T22:00:00+0200,152.7,EUR/MWh,PT,PT,imbalance_price,Short,2026-09-19T08:09:43Z
2026-09-19T08:05:44Z,2026-09-19T10:05:44+0200,d0ccc165-cf88-4955-8f53-a6e7a40a56a9,2026-09-16T20:15:00Z,2026-09-16T22:15:00+0200,135.19,EUR/MWh,PT,PT,imbalance_price,Long,2026-09-19T08:09:43Z
2026-09-19T08:05:44Z,2026-09-19T10:05:44+0200,d0ccc165-cf88-4955-8f53-a6e7a40a56a9,2026-09-16T20:15:00Z,2026-09-16T22:15:00+0200,158.63,EUR/MWh,PT,PT,imbalance_price,Short,2026-09-19T08:09:43Z
2026-09-19T08:05:44Z,2026-09-19T10:05:44+0200,d0ccc165-cf88-4955-8f53-a6e7a40a56a9,2026-09-16T20:30:00Z,2026-09-16T22:30:00+0200,103.19,EUR/MWh,PT,PT,imbalance_price,Long,2026-09-19T08:09:43Z
2026-09-19T08:05:44Z,2026-09-19T10:05:44+0200,d0ccc165-cf88-4955-8f53-a6e7a40a56a9,2026-09-16T20:30:00Z,2026-09-16T22:30:00+0200,103.19,EUR/MWh,PT,PT,imbalance_price,Short,2026-09-19T08:09:43Z
2026-09-19T08:05:44Z,2026-09-19T10:05:44+0200,d0ccc165-cf88-4955-8f53-a6e7a40a56a9,2026-09-16T20:45:00Z,2026-09-16T22:45:00+0200,89.71,EUR/MWh,PT,PT,imbalance_price,Long,2026-09-19T08:09:43Z
2026-09-19T08:05:44Z,2026-09-19T10:05:44+0200,d0ccc165-cf88-4955-8f53-a6e7a40a56a9,2026-09-16T20:45:00Z,2026-09-16T22:45:00+0200,89.71,EUR/MWh,PT,PT,imbalance_price,Short,2026-09-19T08:09:43Z
2026-09-19T08:05:44Z,2026-09-19T10:05:44+0200,d0ccc165-cf88-4955-8f53-a6e7a40a56a9,2026-09-16T21:00:00Z,2026-09-16T23:00:00+0200,83.47,EUR/MWh,PT,PT,imbalance_price,Long,2026-09-19T08:09:43Z
2026-09-19T08:05:44Z,2026-09-19T10:05:44+0200,d0ccc165-cf88-4955-8f53-a6e7a40a56a9,2026-09-16T21:00:00Z,2026-09-16T23:00:00+0200,83.47,EUR/MWh,PT,PT,imbalance_price,Short,2026-09-19T08:09:43Z
2026-09-19T08:05:44Z,2026-09-19T10:05:44+0200,d0ccc165-cf88-4955-8f53-a6e7a40a56a9,2026-09-16T21:15:00Z,2026-09-16T23:15:00+0200,79.49,EUR/MWh,PT,PT,imbalance_price,Long,2026-09-19T08:09:43Z
2026-09-19T08:05:44Z,2026-09-19T10:05:44+0200,d0ccc165-cf88-4955-8f53-a6e7a40a56a9,2026-09-16T21:15:00Z,2026-09-16T23:15:00+0200,79.49,EUR/MWh,PT,PT,imbalance_price,Short,2026-09-19T08:09:43Z
2026-09-19T08:05:44Z,2026-09-19T10:05:44+0200,d0ccc165-cf88-4955-8f53-a6e7a40a56a9,2026-09-16T21:30:00Z,2026-09-16T23:30:00+0200,67.55,EUR/MWh,PT,PT,imbalance_price,Long,2026-09-19T08:09:43Z
2026-09-19T08:05:44Z,2026-09-19T10:05:44+0200,d0ccc165-cf88-4955-8f53-a6e7a40a56a9,2026-09-16T21:30:00Z,2026-09-16T23:30:00+0200,67.55,EUR/MWh,PT,PT,imbalance_price,Short,2026-09-19T08:09:43Z
2026-09-19T08:05:44Z,2026-09-19T10:05:44+0200,d0ccc165-cf88-4955-8f53-a6e7a40a56a9,2026-09-16T21:45:00Z,2026-09-16T23:45:00+0200,63.57,EUR/MWh,PT,PT,imbalance_price,Long,2026-09-19T08:09:43Z
2026-09-19T08:05:44Z,2026-09-19T10:05:44+0200,d0ccc165-cf88-4955-8f53-a6e7a40a56a9,2026-09-16T21:45:00Z,2026-09-16T23:45:00+0200,63.57,EUR/MWh,PT,PT,imbalance_price,Short,2026-09-19T08:09:43Z
