collection_time_utc,collection_time_local,run_id,timestamp_utc,timestamp_local,value,unit,country,entsoe_area,variable,source,updated_at_utc
2026-07-18T09:43:03Z,2026-07-18T11:43:03+0200,c4e0902c-5b85-4487-a0df-afe572964363,2026-06-17T09:45:00Z,2026-06-17T11:45:00+0200,70.31,EUR/MWh,DE,DE_LU,day_ahead_price,value,2026-07-18T09:44:31Z
2026-07-18T09:43:03Z,2026-07-18T11:43:03+0200,c4e0902c-5b85-4487-a0df-afe572964363,2026-06-17T10:00:00Z,2026-06-17T12:00:00+0200,78.95,EUR/MWh,DE,DE_LU,day_ahead_price,value,2026-07-18T09:44:31Z
2026-07-18T09:43:03Z,2026-07-18T11:43:03+0200,c4e0902c-5b85-4487-a0df-afe572964363,2026-06-17T10:15:00Z,2026-06-17T12:15:00+0200,72.66,EUR/MWh,DE,DE_LU,day_ahead_price,value,2026-07-18T09:44:31Z
2026-07-18T09:43:03Z,2026-07-18T11:43:03+0200,c4e0902c-5b85-4487-a0df-afe572964363,2026-06-17T10:30:00Z,2026-06-17T12:30:00+0200,70.47,EUR/MWh,DE,DE_LU,day_ahead_price,value,2026-07-18T09:44:31Z
2026-07-18T09:43:03Z,2026-07-18T11:43:03+0200,c4e0902c-5b85-4487-a0df-afe572964363,2026-06-17T10:45:00Z,2026-06-17T12:45:00+0200,66.84,EUR/MWh,DE,DE_LU,day_ahead_price,value,2026-07-18T09:44:31Z
2026-07-18T09:43:03Z,2026-07-18T11:43:03+0200,c4e0902c-5b85-4487-a0df-afe572964363,2026-06-17T11:00:00Z,2026-06-17T13:00:00+0200,69.99,EUR/MWh,DE,DE_LU,day_ahead_price,value,2026-07-18T09:44:31Z
2026-07-18T09:43:03Z,2026-07-18T11:43:03+0200,c4e0902c-5b85-4487-a0df-afe572964363,2026-06-17T11:15:00Z,2026-06-17T13:15:00+0200,65.22,EUR/MWh,DE,DE_LU,day_ahead_price,value,2026-07-18T09:44:31Z
2026-07-18T09:43:03Z,2026-07-18T11:43:03+0200,c4e0902c-5b85-4487-a0df-afe572964363,2026-06-17T11:30:00Z,2026-06-17T13:30:00+0200,60.25,EUR/MWh,DE,DE_LU,day_ahead_price,value,2026-07-18T09:44:31Z
2026-07-18T09:43:03Z,2026-07-18T11:43:03+0200,c4e0902c-5b85-4487-a0df-afe572964363,2026-06-17T11:45:00Z,2026-06-17T13:45:00+0200,55.71,EUR/MWh,DE,DE_LU,day_ahead_price,value,2026-07-18T09:44:31Z
2026-07-18T09:43:03Z,2026-07-18T11:43:03+0200,c4e0902c-5b85-4487-a0df-afe572964363,2026-06-17T12:00:00Z,2026-06-17T14:00:00+0200,62.0,EUR/MWh,DE,DE_LU,day_ahead_price,value,2026-07-18T09:44:31Z
2026-07-18T09:43:03Z,2026-07-18T11:43:03+0200,c4e0902c-5b85-4487-a0df-afe572964363,2026-06-17T12:15:00Z,2026-06-17T14:15:00+0200,65.18,EUR/MWh,DE,DE_LU,day_ahead_price,value,2026-07-18T09:44:31Z
2026-07-18T09:43:03Z,2026-07-18T11:43:03+0200,c4e0902c-5b85-4487-a0df-afe572964363,2026-06-17T12:30:00Z,2026-06-17T14:30:00+0200,65.86,EUR/MWh,DE,DE_LU,day_ahead_price,value,2026-07-18T09:44:31Z
2026-07-18T09:43:03Z,2026-07-18T11:43:03+0200,c4e0902c-5b85-4487-a0df-afe572964363,2026-06-17T12:45:00Z,2026-06-17T14:45:00+0200,71.99,EUR/MWh,DE,DE_LU,day_ahead_price,value,2026-07-18T09:44:31Z
2026-07-18T09:43:03Z,2026-07-18T11:43:03+0200,c4e0902c-5b85-4487-a0df-afe572964363,2026-06-17T13:00:00Z,2026-06-17T15:00:00+0200,67.66,EUR/MWh,DE,DE_LU,day_ahead_price,value,2026-07-18T09:44:31Z
2026-07-18T09:43:03Z,2026-07-18T11:43:03+0200,c4e0902c-5b85-4487-a0df-afe572964363,2026-06-17T13:15:00Z,2026-06-17T15:15:00+0200,73.02,EUR/MWh,DE,DE_LU,day_ahead_price,value,2026-07-18T09:44:31Z
2026-07-18T09:43:03Z,2026-07-18T11:43:03+0200,c4e0902c-5b85-4487-a0df-afe572964363,2026-06-17T13:30:00Z,2026-06-17T15:30:00+0200,78.97,EUR/MWh,DE,DE_LU,day_ahead_price,value,2026-07-18T09:44:31Z
2026-07-18T09:43:03Z,2026-07-18T11:43:03+0200,c4e0902c-5b85-4487-a0df-afe572964363,2026-06-17T13:45:00Z,2026-06-17T15:45:00+0200,84.25,EUR/MWh,DE,DE_LU,day_ahead_price,value,2026-07-18T09:44:31Z
2026-07-18T09:43:03Z,2026-07-18T11:43:03+0200,c4e0902c-5b85-4487-a0df-afe572964363,2026-06-17T14:00:00Z,2026-06-17T16:00:00+0200,74.94,EUR/MWh,DE,DE_LU,day_ahead_price,value,2026-07-18T09:44:31Z
2026-07-18T09:43:03Z,2026-07-18T11:43:03+0200,c4e0902c-5b85-4487-a0df-afe572964363,2026-06-17T14:15:00Z,2026-06-17T16:15:00+0200,82.48,EUR/MWh,DE,DE_LU,day_ahead_price,value,2026-07-18T09:44:31Z
2026-07-18T09:43:03Z,2026-07-18T11:43:03+0200,c4e0902c-5b85-4487-a0df-afe572964363,2026-06-17T14:30:00Z,2026-06-17T16:30:00+0200,94.03,EUR/MWh,DE,DE_LU,day_ahead_price,value,2026-07-18T09:44:31Z
2026-07-18T09:43:03Z,2026-07-18T11:43:03+0200,c4e0902c-5b85-4487-a0df-afe572964363,2026-06-17T14:45:00Z,2026-06-17T16:45:00+0200,100.92,EUR/MWh,DE,DE_LU,day_ahead_price,value,2026-07-18T09:44:31Z
2026-07-18T09:43:03Z,2026-07-18T11:43:03+0200,c4e0902c-5b85-4487-a0df-afe572964363,2026-06-17T15:00:00Z,2026-06-17T17:00:00+0200,87.59,EUR/MWh,DE,DE_LU,day_ahead_price,value,2026-07-18T09:44:31Z
2026-07-18T09:43:03Z,2026-07-18T11:43:03+0200,c4e0902c-5b85-4487-a0df-afe572964363,2026-06-17T15:15:00Z,2026-06-17T17:15:00+0200,105.0,EUR/MWh,DE,DE_LU,day_ahead_price,value,2026-07-18T09:44:31Z
2026-07-18T09:43:03Z,2026-07-18T11:43:03+0200,c4e0902c-5b85-4487-a0df-afe572964363,2026-06-17T15:30:00Z,2026-06-17T17:30:00+0200,112.68,EUR/MWh,DE,DE_LU,day_ahead_price,value,2026-07-18T09:44:31Z
2026-07-18T09:43:03Z,2026-07-18T11:43:03+0200,c4e0902c-5b85-4487-a0df-afe572964363,2026-06-17T15:45:00Z,2026-06-17T17:45:00+0200,120.43,EUR/MWh,DE,DE_LU,day_ahead_price,value,2026-07-18T09:44:31Z
2026-07-18T09:43:03Z,2026-07-18T11:43:03+0200,c4e0902c-5b85-4487-a0df-afe572964363,2026-06-17T16:00:00Z,2026-06-17T18:00:00+0200,110.08,EUR/MWh,DE,DE_LU,day_ahead_price,value,2026-07-18T09:44:31Z
2026-07-18T09:43:03Z,2026-07-18T11:43:03+0200,c4e0902c-5b85-4487-a0df-afe572964363,2026-06-17T16:15:00Z,2026-06-17T18:15:00+0200,115.19,EUR/MWh,DE,DE_LU,day_ahead_price,value,2026-07-18T09:44:31Z
2026-07-18T09:43:03Z,2026-07-18T11:43:03+0200,c4e0902c-5b85-4487-a0df-afe572964363,2026-06-17T16:30:00Z,2026-06-17T18:30:00+0200,124.96,EUR/MWh,DE,DE_LU,day_ahead_price,value,2026-07-18T09:44:31Z
2026-07-18T09:43:03Z,2026-07-18T11:43:03+0200,c4e0902c-5b85-4487-a0df-afe572964363,2026-06-17T16:45:00Z,2026-06-17T18:45:00+0200,132.72,EUR/MWh,DE,DE_LU,day_ahead_price,value,2026-07-18T09:44:31Z
2026-07-18T09:43:03Z,2026-07-18T11:43:03+0200,c4e0902c-5b85-4487-a0df-afe572964363,2026-06-17T17:00:00Z,2026-06-17T19:00:00+0200,129.68,EUR/MWh,DE,DE_LU,day_ahead_price,value,2026-07-18T09:44:31Z
2026-07-18T09:43:03Z,2026-07-18T11:43:03+0200,c4e0902c-5b85-4487-a0df-afe572964363,2026-06-17T17:15:00Z,2026-06-17T19:15:00+0200,136.42,EUR/MWh,DE,DE_LU,day_ahead_price,value,2026-07-18T09:44:31Z
2026-07-18T09:43:03Z,2026-07-18T11:43:03+0200,c4e0902c-5b85-4487-a0df-afe572964363,2026-06-17T17:30:00Z,2026-06-17T19:30:00+0200,148.13,EUR/MWh,DE,DE_LU,day_ahead_price,value,2026-07-18T09:44:31Z
2026-07-18T09:43:03Z,2026-07-18T11:43:03+0200,c4e0902c-5b85-4487-a0df-afe572964363,2026-06-17T17:45:00Z,2026-06-17T19:45:00+0200,156.0,EUR/MWh,DE,DE_LU,day_ahead_price,value,2026-07-18T09:44:31Z
2026-07-18T09:43:03Z,2026-07-18T11:43:03+0200,c4e0902c-5b85-4487-a0df-afe572964363,2026-06-17T18:00:00Z,2026-06-17T20:00:00+0200,146.82,EUR/MWh,DE,DE_LU,day_ahead_price,value,2026-07-18T09:44:31Z
2026-07-18T09:43:03Z,2026-07-18T11:43:03+0200,c4e0902c-5b85-4487-a0df-afe572964363,2026-06-17T18:15:00Z,2026-06-17T20:15:00+0200,155.12,EUR/MWh,DE,DE_LU,day_ahead_price,value,2026-07-18T09:44:31Z
2026-07-18T09:43:03Z,2026-07-18T11:43:03+0200,c4e0902c-5b85-4487-a0df-afe572964363,2026-06-17T18:30:00Z,2026-06-17T20:30:00+0200,172.75,EUR/MWh,DE,DE_LU,day_ahead_price,value,2026-07-18T09:44:31Z
2026-07-18T09:43:03Z,2026-07-18T11:43:03+0200,c4e0902c-5b85-4487-a0df-afe572964363,2026-06-17T18:45:00Z,2026-06-17T20:45:00+0200,174.87,EUR/MWh,DE,DE_LU,day_ahead_price,value,2026-07-18T09:44:31Z
2026-07-18T09:43:03Z,2026-07-18T11:43:03+0200,c4e0902c-5b85-4487-a0df-afe572964363,2026-06-17T19:00:00Z,2026-06-17T21:00:00+0200,173.55,EUR/MWh,DE,DE_LU,day_ahead_price,value,2026-07-18T09:44:31Z
2026-07-18T09:43:03Z,2026-07-18T11:43:03+0200,c4e0902c-5b85-4487-a0df-afe572964363,2026-06-17T19:15:00Z,2026-06-17T21:15:00+0200,169.1,EUR/MWh,DE,DE_LU,day_ahead_price,value,2026-07-18T09:44:31Z
2026-07-18T09:43:03Z,2026-07-18T11:43:03+0200,c4e0902c-5b85-4487-a0df-afe572964363,2026-06-17T19:30:00Z,2026-06-17T21:30:00+0200,161.2,EUR/MWh,DE,DE_LU,day_ahead_price,value,2026-07-18T09:44:31Z
2026-07-18T09:43:03Z,2026-07-18T11:43:03+0200,c4e0902c-5b85-4487-a0df-afe572964363,2026-06-17T19:45:00Z,2026-06-17T21:45:00+0200,152.61,EUR/MWh,DE,DE_LU,day_ahead_price,value,2026-07-18T09:44:31Z
2026-07-18T09:43:03Z,2026-07-18T11:43:03+0200,c4e0902c-5b85-4487-a0df-afe572964363,2026-06-17T20:00:00Z,2026-06-17T22:00:00+0200,172.96,EUR/MWh,DE,DE_LU,day_ahead_price,value,2026-07-18T09:44:31Z
2026-07-18T09:43:03Z,2026-07-18T11:43:03+0200,c4e0902c-5b85-4487-a0df-afe572964363,2026-06-17T20:15:00Z,2026-06-17T22:15:00+0200,160.01,EUR/MWh,DE,DE_LU,day_ahead_price,value,2026-07-18T09:44:31Z
2026-07-18T09:43:03Z,2026-07-18T11:43:03+0200,c4e0902c-5b85-4487-a0df-afe572964363,2026-06-17T20:30:00Z,2026-06-17T22:30:00+0200,154.54,EUR/MWh,DE,DE_LU,day_ahead_price,value,2026-07-18T09:44:31Z
2026-07-18T09:43:03Z,2026-07-18T11:43:03+0200,c4e0902c-5b85-4487-a0df-afe572964363,2026-06-17T20:45:00Z,2026-06-17T22:45:00+0200,146.93,EUR/MWh,DE,DE_LU,day_ahead_price,value,2026-07-18T09:44:31Z
2026-07-18T09:43:03Z,2026-07-18T11:43:03+0200,c4e0902c-5b85-4487-a0df-afe572964363,2026-06-17T21:00:00Z,2026-06-17T23:00:00+0200,152.02,EUR/MWh,DE,DE_LU,day_ahead_price,value,2026-07-18T09:44:31Z
2026-07-18T09:43:03Z,2026-07-18T11:43:03+0200,c4e0902c-5b85-4487-a0df-afe572964363,2026-06-17T21:15:00Z,2026-06-17T23:15:00+0200,145.42,EUR/MWh,DE,DE_LU,day_ahead_price,value,2026-07-18T09:44:31Z
2026-07-18T09:43:03Z,2026-07-18T11:43:03+0200,c4e0902c-5b85-4487-a0df-afe572964363,2026-06-17T21:30:00Z,2026-06-17T23:30:00+0200,138.98,EUR/MWh,DE,DE_LU,day_ahead_price,value,2026-07-18T09:44:31Z
2026-07-18T09:43:03Z,2026-07-18T11:43:03+0200,c4e0902c-5b85-4487-a0df-afe572964363,2026-06-17T21:45:00Z,2026-06-17T23:45:00+0200,134.53,EUR/MWh,DE,DE_LU,day_ahead_price,value,2026-07-18T09:44:31Z
2026-07-18T09:43:03Z,2026-07-18T11:43:03+0200,c4e0902c-5b85-4487-a0df-afe572964363,2026-06-17T22:00:00Z,2026-06-18T00:00:00+0200,143.06,EUR/MWh,DE,DE_LU,day_ahead_price,value,2026-07-18T09:44:31Z
2026-07-18T09:43:03Z,2026-07-18T11:43:03+0200,c4e0902c-5b85-4487-a0df-afe572964363,2026-06-17T22:15:00Z,2026-06-18T00:15:00+0200,135.06,EUR/MWh,DE,DE_LU,day_ahead_price,value,2026-07-18T09:44:31Z
2026-07-18T09:43:03Z,2026-07-18T11:43:03+0200,c4e0902c-5b85-4487-a0df-afe572964363,2026-06-17T22:30:00Z,2026-06-18T00:30:00+0200,134.15,EUR/MWh,DE,DE_LU,day_ahead_price,value,2026-07-18T09:44:31Z
2026-07-18T09:43:03Z,2026-07-18T11:43:03+0200,c4e0902c-5b85-4487-a0df-afe572964363,2026-06-17T22:45:00Z,2026-06-18T00:45:00+0200,128.76,EUR/MWh,DE,DE_LU,day_ahead_price,value,2026-07-18T09:44:31Z
2026-07-18T09:43:03Z,2026-07-18T11:43:03+0200,c4e0902c-5b85-4487-a0df-afe572964363,2026-06-17T23:00:00Z,2026-06-18T01:00:00+0200,129.56,EUR/MWh,DE,DE_LU,day_ahead_price,value,2026-07-18T09:44:31Z
2026-07-18T09:43:03Z,2026-07-18T11:43:03+0200,c4e0902c-5b85-4487-a0df-afe572964363,2026-06-17T23:15:00Z,2026-06-18T01:15:00+0200,126.55,EUR/MWh,DE,DE_LU,day_ahead_price,value,2026-07-18T09:44:31Z
2026-07-18T09:43:03Z,2026-07-18T11:43:03+0200,c4e0902c-5b85-4487-a0df-afe572964363,2026-06-17T23:30:00Z,2026-06-18T01:30:00+0200,124.29,EUR/MWh,DE,DE_LU,day_ahead_price,value,2026-07-18T09:44:31Z
2026-07-18T09:43:03Z,2026-07-18T11:43:03+0200,c4e0902c-5b85-4487-a0df-afe572964363,2026-06-17T23:45:00Z,2026-06-18T01:45:00+0200,122.51,EUR/MWh,DE,DE_LU,day_ahead_price,value,2026-07-18T09:44:31Z
2026-07-18T09:43:03Z,2026-07-18T11:43:03+0200,c4e0902c-5b85-4487-a0df-afe572964363,2026-06-18T00:00:00Z,2026-06-18T02:00:00+0200,123.33,EUR/MWh,DE,DE_LU,day_ahead_price,value,2026-07-18T09:44:31Z
2026-07-18T09:43:03Z,2026-07-18T11:43:03+0200,c4e0902c-5b85-4487-a0df-afe572964363,2026-06-18T00:15:00Z,2026-06-18T02:15:00+0200,121.85,EUR/MWh,DE,DE_LU,day_ahead_price,value,2026-07-18T09:44:31Z
2026-07-18T09:43:03Z,2026-07-18T11:43:03+0200,c4e0902c-5b85-4487-a0df-afe572964363,2026-06-18T00:30:00Z,2026-06-18T02:30:00+0200,121.45,EUR/MWh,DE,DE_LU,day_ahead_price,value,2026-07-18T09:44:31Z
2026-07-18T09:43:03Z,2026-07-18T11:43:03+0200,c4e0902c-5b85-4487-a0df-afe572964363,2026-06-18T00:45:00Z,2026-06-18T02:45:00+0200,120.82,EUR/MWh,DE,DE_LU,day_ahead_price,value,2026-07-18T09:44:31Z
2026-07-18T09:43:03Z,2026-07-18T11:43:03+0200,c4e0902c-5b85-4487-a0df-afe572964363,2026-06-18T01:00:00Z,2026-06-18T03:00:00+0200,120.73,EUR/MWh,DE,DE_LU,day_ahead_price,value,2026-07-18T09:44:31Z
2026-07-18T09:43:03Z,2026-07-18T11:43:03+0200,c4e0902c-5b85-4487-a0df-afe572964363,2026-06-18T01:15:00Z,2026-06-18T03:15:00+0200,119.15,EUR/MWh,DE,DE_LU,day_ahead_price,value,2026-07-18T09:44:31Z
2026-07-18T09:43:03Z,2026-07-18T11:43:03+0200,c4e0902c-5b85-4487-a0df-afe572964363,2026-06-18T01:30:00Z,2026-06-18T03:30:00+0200,119.33,EUR/MWh,DE,DE_LU,day_ahead_price,value,2026-07-18T09:44:31Z
2026-07-18T09:43:03Z,2026-07-18T11:43:03+0200,c4e0902c-5b85-4487-a0df-afe572964363,2026-06-18T01:45:00Z,2026-06-18T03:45:00+0200,119.53,EUR/MWh,DE,DE_LU,day_ahead_price,value,2026-07-18T09:44:31Z
2026-07-18T09:43:03Z,2026-07-18T11:43:03+0200,c4e0902c-5b85-4487-a0df-afe572964363,2026-06-18T02:00:00Z,2026-06-18T04:00:00+0200,117.66,EUR/MWh,DE,DE_LU,day_ahead_price,value,2026-07-18T09:44:31Z
2026-07-18T09:43:03Z,2026-07-18T11:43:03+0200,c4e0902c-5b85-4487-a0df-afe572964363,2026-06-18T02:15:00Z,2026-06-18T04:15:00+0200,118.61,EUR/MWh,DE,DE_LU,day_ahead_price,value,2026-07-18T09:44:31Z
2026-07-18T09:43:03Z,2026-07-18T11:43:03+0200,c4e0902c-5b85-4487-a0df-afe572964363,2026-06-18T02:30:00Z,2026-06-18T04:30:00+0200,119.97,EUR/MWh,DE,DE_LU,day_ahead_price,value,2026-07-18T09:44:31Z
2026-07-18T09:43:03Z,2026-07-18T11:43:03+0200,c4e0902c-5b85-4487-a0df-afe572964363,2026-06-18T02:45:00Z,2026-06-18T04:45:00+0200,121.01,EUR/MWh,DE,DE_LU,day_ahead_price,value,2026-07-18T09:44:31Z
2026-07-18T09:43:03Z,2026-07-18T11:43:03+0200,c4e0902c-5b85-4487-a0df-afe572964363,2026-06-18T03:00:00Z,2026-06-18T05:00:00+0200,124.26,EUR/MWh,DE,DE_LU,day_ahead_price,value,2026-07-18T09:44:31Z
2026-07-18T09:43:03Z,2026-07-18T11:43:03+0200,c4e0902c-5b85-4487-a0df-afe572964363,2026-06-18T03:15:00Z,2026-06-18T05:15:00+0200,124.96,EUR/MWh,DE,DE_LU,day_ahead_price,value,2026-07-18T09:44:31Z
2026-07-18T09:43:03Z,2026-07-18T11:43:03+0200,c4e0902c-5b85-4487-a0df-afe572964363,2026-06-18T03:30:00Z,2026-06-18T05:30:00+0200,128.0,EUR/MWh,DE,DE_LU,day_ahead_price,value,2026-07-18T09:44:31Z
2026-07-18T09:43:03Z,2026-07-18T11:43:03+0200,c4e0902c-5b85-4487-a0df-afe572964363,2026-06-18T03:45:00Z,2026-06-18T05:45:00+0200,131.14,EUR/MWh,DE,DE_LU,day_ahead_price,value,2026-07-18T09:44:31Z
2026-07-18T09:43:03Z,2026-07-18T11:43:03+0200,c4e0902c-5b85-4487-a0df-afe572964363,2026-06-18T04:00:00Z,2026-06-18T06:00:00+0200,133.81,EUR/MWh,DE,DE_LU,day_ahead_price,value,2026-07-18T09:44:31Z
2026-07-18T09:43:03Z,2026-07-18T11:43:03+0200,c4e0902c-5b85-4487-a0df-afe572964363,2026-06-18T04:15:00Z,2026-06-18T06:15:00+0200,137.58,EUR/MWh,DE,DE_LU,day_ahead_price,value,2026-07-18T09:44:31Z
2026-07-18T09:43:03Z,2026-07-18T11:43:03+0200,c4e0902c-5b85-4487-a0df-afe572964363,2026-06-18T04:30:00Z,2026-06-18T06:30:00+0200,135.95,EUR/MWh,DE,DE_LU,day_ahead_price,value,2026-07-18T09:44:31Z
2026-07-18T09:43:03Z,2026-07-18T11:43:03+0200,c4e0902c-5b85-4487-a0df-afe572964363,2026-06-18T04:45:00Z,2026-06-18T06:45:00+0200,133.86,EUR/MWh,DE,DE_LU,day_ahead_price,value,2026-07-18T09:44:31Z
2026-07-18T09:43:03Z,2026-07-18T11:43:03+0200,c4e0902c-5b85-4487-a0df-afe572964363,2026-06-18T05:00:00Z,2026-06-18T07:00:00+0200,143.99,EUR/MWh,DE,DE_LU,day_ahead_price,value,2026-07-18T09:44:31Z
2026-07-18T09:43:03Z,2026-07-18T11:43:03+0200,c4e0902c-5b85-4487-a0df-afe572964363,2026-06-18T05:15:00Z,2026-06-18T07:15:00+0200,137.46,EUR/MWh,DE,DE_LU,day_ahead_price,value,2026-07-18T09:44:31Z
2026-07-18T09:43:03Z,2026-07-18T11:43:03+0200,c4e0902c-5b85-4487-a0df-afe572964363,2026-06-18T05:30:00Z,2026-06-18T07:30:00+0200,136.26,EUR/MWh,DE,DE_LU,day_ahead_price,value,2026-07-18T09:44:31Z
2026-07-18T09:43:03Z,2026-07-18T11:43:03+0200,c4e0902c-5b85-4487-a0df-afe572964363,2026-06-18T05:45:00Z,2026-06-18T07:45:00+0200,123.35,EUR/MWh,DE,DE_LU,day_ahead_price,value,2026-07-18T09:44:31Z
2026-07-18T09:43:03Z,2026-07-18T11:43:03+0200,c4e0902c-5b85-4487-a0df-afe572964363,2026-06-18T06:00:00Z,2026-06-18T08:00:00+0200,131.0,EUR/MWh,DE,DE_LU,day_ahead_price,value,2026-07-18T09:44:31Z
2026-07-18T09:43:03Z,2026-07-18T11:43:03+0200,c4e0902c-5b85-4487-a0df-afe572964363,2026-06-18T06:15:00Z,2026-06-18T08:15:00+0200,123.6,EUR/MWh,DE,DE_LU,day_ahead_price,value,2026-07-18T09:44:31Z
2026-07-18T09:43:03Z,2026-07-18T11:43:03+0200,c4e0902c-5b85-4487-a0df-afe572964363,2026-06-18T06:30:00Z,2026-06-18T08:30:00+0200,117.4,EUR/MWh,DE,DE_LU,day_ahead_price,value,2026-07-18T09:44:31Z
2026-07-18T09:43:03Z,2026-07-18T11:43:03+0200,c4e0902c-5b85-4487-a0df-afe572964363,2026-06-18T06:45:00Z,2026-06-18T08:45:00+0200,102.93,EUR/MWh,DE,DE_LU,day_ahead_price,value,2026-07-18T09:44:31Z
2026-07-18T09:43:03Z,2026-07-18T11:43:03+0200,c4e0902c-5b85-4487-a0df-afe572964363,2026-06-18T07:00:00Z,2026-06-18T09:00:00+0200,117.0,EUR/MWh,DE,DE_LU,day_ahead_price,value,2026-07-18T09:44:31Z
2026-07-18T09:43:03Z,2026-07-18T11:43:03+0200,c4e0902c-5b85-4487-a0df-afe572964363,2026-06-18T07:15:00Z,2026-06-18T09:15:00+0200,104.99,EUR/MWh,DE,DE_LU,day_ahead_price,value,2026-07-18T09:44:31Z
2026-07-18T09:43:03Z,2026-07-18T11:43:03+0200,c4e0902c-5b85-4487-a0df-afe572964363,2026-06-18T07:30:00Z,2026-06-18T09:30:00+0200,98.81,EUR/MWh,DE,DE_LU,day_ahead_price,value,2026-07-18T09:44:31Z
2026-07-18T09:43:03Z,2026-07-18T11:43:03+0200,c4e0902c-5b85-4487-a0df-afe572964363,2026-06-18T07:45:00Z,2026-06-18T09:45:00+0200,86.06,EUR/MWh,DE,DE_LU,day_ahead_price,value,2026-07-18T09:44:31Z
2026-07-18T09:43:03Z,2026-07-18T11:43:03+0200,c4e0902c-5b85-4487-a0df-afe572964363,2026-06-18T08:00:00Z,2026-06-18T10:00:00+0200,99.42,EUR/MWh,DE,DE_LU,day_ahead_price,value,2026-07-18T09:44:31Z
2026-07-18T09:43:03Z,2026-07-18T11:43:03+0200,c4e0902c-5b85-4487-a0df-afe572964363,2026-06-18T08:15:00Z,2026-06-18T10:15:00+0200,83.45,EUR/MWh,DE,DE_LU,day_ahead_price,value,2026-07-18T09:44:31Z
2026-07-18T09:43:03Z,2026-07-18T11:43:03+0200,c4e0902c-5b85-4487-a0df-afe572964363,2026-06-18T08:30:00Z,2026-06-18T10:30:00+0200,71.2,EUR/MWh,DE,DE_LU,day_ahead_price,value,2026-07-18T09:44:31Z
2026-07-18T09:43:03Z,2026-07-18T11:43:03+0200,c4e0902c-5b85-4487-a0df-afe572964363,2026-06-18T08:45:00Z,2026-06-18T10:45:00+0200,46.47,EUR/MWh,DE,DE_LU,day_ahead_price,value,2026-07-18T09:44:31Z
2026-07-18T09:43:03Z,2026-07-18T11:43:03+0200,c4e0902c-5b85-4487-a0df-afe572964363,2026-06-18T09:00:00Z,2026-06-18T11:00:00+0200,65.16,EUR/MWh,DE,DE_LU,day_ahead_price,value,2026-07-18T09:44:31Z
2026-07-18T09:43:03Z,2026-07-18T11:43:03+0200,c4e0902c-5b85-4487-a0df-afe572964363,2026-06-18T09:15:00Z,2026-06-18T11:15:00+0200,50.6,EUR/MWh,DE,DE_LU,day_ahead_price,value,2026-07-18T09:44:31Z
2026-07-18T09:43:03Z,2026-07-18T11:43:03+0200,c4e0902c-5b85-4487-a0df-afe572964363,2026-06-18T09:30:00Z,2026-06-18T11:30:00+0200,35.25,EUR/MWh,DE,DE_LU,day_ahead_price,value,2026-07-18T09:44:31Z
2026-07-18T09:43:03Z,2026-07-18T11:43:03+0200,c4e0902c-5b85-4487-a0df-afe572964363,2026-06-18T09:45:00Z,2026-06-18T11:45:00+0200,25.1,EUR/MWh,DE,DE_LU,day_ahead_price,value,2026-07-18T09:44:31Z
2026-07-18T09:43:03Z,2026-07-18T11:43:03+0200,c4e0902c-5b85-4487-a0df-afe572964363,2026-06-18T10:00:00Z,2026-06-18T12:00:00+0200,39.95,EUR/MWh,DE,DE_LU,day_ahead_price,value,2026-07-18T09:44:31Z
2026-07-18T09:43:03Z,2026-07-18T11:43:03+0200,c4e0902c-5b85-4487-a0df-afe572964363,2026-06-18T10:15:00Z,2026-06-18T12:15:00+0200,28.68,EUR/MWh,DE,DE_LU,day_ahead_price,value,2026-07-18T09:44:31Z
2026-07-18T09:43:03Z,2026-07-18T11:43:03+0200,c4e0902c-5b85-4487-a0df-afe572964363,2026-06-18T10:30:00Z,2026-06-18T12:30:00+0200,24.99,EUR/MWh,DE,DE_LU,day_ahead_price,value,2026-07-18T09:44:31Z
2026-07-18T09:43:03Z,2026-07-18T11:43:03+0200,c4e0902c-5b85-4487-a0df-afe572964363,2026-06-18T10:45:00Z,2026-06-18T12:45:00+0200,19.37,EUR/MWh,DE,DE_LU,day_ahead_price,value,2026-07-18T09:44:31Z
2026-07-18T09:43:03Z,2026-07-18T11:43:03+0200,c4e0902c-5b85-4487-a0df-afe572964363,2026-06-18T11:00:00Z,2026-06-18T13:00:00+0200,26.27,EUR/MWh,DE,DE_LU,day_ahead_price,value,2026-07-18T09:44:31Z
2026-07-18T09:43:03Z,2026-07-18T11:43:03+0200,c4e0902c-5b85-4487-a0df-afe572964363,2026-06-18T11:15:00Z,2026-06-18T13:15:00+0200,21.89,EUR/MWh,DE,DE_LU,day_ahead_price,value,2026-07-18T09:44:31Z
2026-07-18T09:43:03Z,2026-07-18T11:43:03+0200,c4e0902c-5b85-4487-a0df-afe572964363,2026-06-18T11:30:00Z,2026-06-18T13:30:00+0200,15.51,EUR/MWh,DE,DE_LU,day_ahead_price,value,2026-07-18T09:44:31Z
2026-07-18T09:43:03Z,2026-07-18T11:43:03+0200,c4e0902c-5b85-4487-a0df-afe572964363,2026-06-18T11:45:00Z,2026-06-18T13:45:00+0200,11.01,EUR/MWh,DE,DE_LU,day_ahead_price,value,2026-07-18T09:44:31Z
2026-07-18T09:43:03Z,2026-07-18T11:43:03+0200,c4e0902c-5b85-4487-a0df-afe572964363,2026-06-18T12:00:00Z,2026-06-18T14:00:00+0200,21.13,EUR/MWh,DE,DE_LU,day_ahead_price,value,2026-07-18T09:44:31Z
2026-07-18T09:43:03Z,2026-07-18T11:43:03+0200,c4e0902c-5b85-4487-a0df-afe572964363,2026-06-18T12:15:00Z,2026-06-18T14:15:00+0200,23.76,EUR/MWh,DE,DE_LU,day_ahead_price,value,2026-07-18T09:44:31Z
2026-07-18T09:43:03Z,2026-07-18T11:43:03+0200,c4e0902c-5b85-4487-a0df-afe572964363,2026-06-18T12:30:00Z,2026-06-18T14:30:00+0200,26.27,EUR/MWh,DE,DE_LU,day_ahead_price,value,2026-07-18T09:44:31Z
2026-07-18T09:43:03Z,2026-07-18T11:43:03+0200,c4e0902c-5b85-4487-a0df-afe572964363,2026-06-18T12:45:00Z,2026-06-18T14:45:00+0200,32.44,EUR/MWh,DE,DE_LU,day_ahead_price,value,2026-07-18T09:44:31Z
2026-07-18T09:43:03Z,2026-07-18T11:43:03+0200,c4e0902c-5b85-4487-a0df-afe572964363,2026-06-18T13:00:00Z,2026-06-18T15:00:00+0200,25.0,EUR/MWh,DE,DE_LU,day_ahead_price,value,2026-07-18T09:44:31Z
2026-07-18T09:43:03Z,2026-07-18T11:43:03+0200,c4e0902c-5b85-4487-a0df-afe572964363,2026-06-18T13:15:00Z,2026-06-18T15:15:00+0200,42.0,EUR/MWh,DE,DE_LU,day_ahead_price,value,2026-07-18T09:44:31Z
2026-07-18T09:43:03Z,2026-07-18T11:43:03+0200,c4e0902c-5b85-4487-a0df-afe572964363,2026-06-18T13:30:00Z,2026-06-18T15:30:00+0200,54.1,EUR/MWh,DE,DE_LU,day_ahead_price,value,2026-07-18T09:44:31Z
2026-07-18T09:43:03Z,2026-07-18T11:43:03+0200,c4e0902c-5b85-4487-a0df-afe572964363,2026-06-18T13:45:00Z,2026-06-18T15:45:00+0200,71.29,EUR/MWh,DE,DE_LU,day_ahead_price,value,2026-07-18T09:44:31Z
2026-07-18T09:43:03Z,2026-07-18T11:43:03+0200,c4e0902c-5b85-4487-a0df-afe572964363,2026-06-18T14:00:00Z,2026-06-18T16:00:00+0200,46.78,EUR/MWh,DE,DE_LU,day_ahead_price,value,2026-07-18T09:44:31Z
2026-07-18T09:43:03Z,2026-07-18T11:43:03+0200,c4e0902c-5b85-4487-a0df-afe572964363,2026-06-18T14:15:00Z,2026-06-18T16:15:00+0200,74.96,EUR/MWh,DE,DE_LU,day_ahead_price,value,2026-07-18T09:44:31Z
2026-07-18T09:43:03Z,2026-07-18T11:43:03+0200,c4e0902c-5b85-4487-a0df-afe572964363,2026-06-18T14:30:00Z,2026-06-18T16:30:00+0200,89.98,EUR/MWh,DE,DE_LU,day_ahead_price,value,2026-07-18T09:44:31Z
2026-07-18T09:43:03Z,2026-07-18T11:43:03+0200,c4e0902c-5b85-4487-a0df-afe572964363,2026-06-18T14:45:00Z,2026-06-18T16:45:00+0200,104.52,EUR/MWh,DE,DE_LU,day_ahead_price,value,2026-07-18T09:44:31Z
2026-07-18T09:43:03Z,2026-07-18T11:43:03+0200,c4e0902c-5b85-4487-a0df-afe572964363,2026-06-18T15:00:00Z,2026-06-18T17:00:00+0200,80.84,EUR/MWh,DE,DE_LU,day_ahead_price,value,2026-07-18T09:44:31Z
2026-07-18T09:43:03Z,2026-07-18T11:43:03+0200,c4e0902c-5b85-4487-a0df-afe572964363,2026-06-18T15:15:00Z,2026-06-18T17:15:00+0200,100.22,EUR/MWh,DE,DE_LU,day_ahead_price,value,2026-07-18T09:44:31Z
2026-07-18T09:43:03Z,2026-07-18T11:43:03+0200,c4e0902c-5b85-4487-a0df-afe572964363,2026-06-18T15:30:00Z,2026-06-18T17:30:00+0200,114.27,EUR/MWh,DE,DE_LU,day_ahead_price,value,2026-07-18T09:44:31Z
2026-07-18T09:43:03Z,2026-07-18T11:43:03+0200,c4e0902c-5b85-4487-a0df-afe572964363,2026-06-18T15:45:00Z,2026-06-18T17:45:00+0200,126.73,EUR/MWh,DE,DE_LU,day_ahead_price,value,2026-07-18T09:44:31Z
2026-07-18T09:43:03Z,2026-07-18T11:43:03+0200,c4e0902c-5b85-4487-a0df-afe572964363,2026-06-18T16:00:00Z,2026-06-18T18:00:00+0200,102.06,EUR/MWh,DE,DE_LU,day_ahead_price,value,2026-07-18T09:44:31Z
2026-07-18T09:43:03Z,2026-07-18T11:43:03+0200,c4e0902c-5b85-4487-a0df-afe572964363,2026-06-18T16:15:00Z,2026-06-18T18:15:00+0200,127.02,EUR/MWh,DE,DE_LU,day_ahead_price,value,2026-07-18T09:44:31Z
2026-07-18T09:43:03Z,2026-07-18T11:43:03+0200,c4e0902c-5b85-4487-a0df-afe572964363,2026-06-18T16:30:00Z,2026-06-18T18:30:00+0200,144.51,EUR/MWh,DE,DE_LU,day_ahead_price,value,2026-07-18T09:44:31Z
2026-07-18T09:43:03Z,2026-07-18T11:43:03+0200,c4e0902c-5b85-4487-a0df-afe572964363,2026-06-18T16:45:00Z,2026-06-18T18:45:00+0200,169.24,EUR/MWh,DE,DE_LU,day_ahead_price,value,2026-07-18T09:44:31Z
2026-07-18T09:43:03Z,2026-07-18T11:43:03+0200,c4e0902c-5b85-4487-a0df-afe572964363,2026-06-18T17:00:00Z,2026-06-18T19:00:00+0200,148.14,EUR/MWh,DE,DE_LU,day_ahead_price,value,2026-07-18T09:44:31Z
2026-07-18T09:43:03Z,2026-07-18T11:43:03+0200,c4e0902c-5b85-4487-a0df-afe572964363,2026-06-18T17:15:00Z,2026-06-18T19:15:00+0200,174.46,EUR/MWh,DE,DE_LU,day_ahead_price,value,2026-07-18T09:44:31Z
2026-07-18T09:43:03Z,2026-07-18T11:43:03+0200,c4e0902c-5b85-4487-a0df-afe572964363,2026-06-18T17:30:00Z,2026-06-18T19:30:00+0200,277.52,EUR/MWh,DE,DE_LU,day_ahead_price,value,2026-07-18T09:44:31Z
2026-07-18T09:43:03Z,2026-07-18T11:43:03+0200,c4e0902c-5b85-4487-a0df-afe572964363,2026-06-18T17:45:00Z,2026-06-18T19:45:00+0200,413.45,EUR/MWh,DE,DE_LU,day_ahead_price,value,2026-07-18T09:44:31Z
2026-07-18T09:43:03Z,2026-07-18T11:43:03+0200,c4e0902c-5b85-4487-a0df-afe572964363,2026-06-18T18:00:00Z,2026-06-18T20:00:00+0200,319.25,EUR/MWh,DE,DE_LU,day_ahead_price,value,2026-07-18T09:44:31Z
2026-07-18T09:43:03Z,2026-07-18T11:43:03+0200,c4e0902c-5b85-4487-a0df-afe572964363,2026-06-18T18:15:00Z,2026-06-18T20:15:00+0200,382.0,EUR/MWh,DE,DE_LU,day_ahead_price,value,2026-07-18T09:44:31Z
2026-07-18T09:43:03Z,2026-07-18T11:43:03+0200,c4e0902c-5b85-4487-a0df-afe572964363,2026-06-18T18:30:00Z,2026-06-18T20:30:00+0200,494.27,EUR/MWh,DE,DE_LU,day_ahead_price,value,2026-07-18T09:44:31Z
2026-07-18T09:43:03Z,2026-07-18T11:43:03+0200,c4e0902c-5b85-4487-a0df-afe572964363,2026-06-18T18:45:00Z,2026-06-18T20:45:00+0200,544.75,EUR/MWh,DE,DE_LU,day_ahead_price,value,2026-07-18T09:44:31Z
2026-07-18T09:43:03Z,2026-07-18T11:43:03+0200,c4e0902c-5b85-4487-a0df-afe572964363,2026-06-18T19:00:00Z,2026-06-18T21:00:00+0200,529.97,EUR/MWh,DE,DE_LU,day_ahead_price,value,2026-07-18T09:44:31Z
2026-07-18T09:43:03Z,2026-07-18T11:43:03+0200,c4e0902c-5b85-4487-a0df-afe572964363,2026-06-18T19:15:00Z,2026-06-18T21:15:00+0200,501.04,EUR/MWh,DE,DE_LU,day_ahead_price,value,2026-07-18T09:44:31Z
2026-07-18T09:43:03Z,2026-07-18T11:43:03+0200,c4e0902c-5b85-4487-a0df-afe572964363,2026-06-18T19:30:00Z,2026-06-18T21:30:00+0200,390.01,EUR/MWh,DE,DE_LU,day_ahead_price,value,2026-07-18T09:44:31Z
2026-07-18T09:43:03Z,2026-07-18T11:43:03+0200,c4e0902c-5b85-4487-a0df-afe572964363,2026-06-18T19:45:00Z,2026-06-18T21:45:00+0200,346.64,EUR/MWh,DE,DE_LU,day_ahead_price,value,2026-07-18T09:44:31Z
2026-07-18T09:43:03Z,2026-07-18T11:43:03+0200,c4e0902c-5b85-4487-a0df-afe572964363,2026-06-18T20:00:00Z,2026-06-18T22:00:00+0200,400.01,EUR/MWh,DE,DE_LU,day_ahead_price,value,2026-07-18T09:44:31Z
2026-07-18T09:43:03Z,2026-07-18T11:43:03+0200,c4e0902c-5b85-4487-a0df-afe572964363,2026-06-18T20:15:00Z,2026-06-18T22:15:00+0200,296.43,EUR/MWh,DE,DE_LU,day_ahead_price,value,2026-07-18T09:44:31Z
2026-07-18T09:43:03Z,2026-07-18T11:43:03+0200,c4e0902c-5b85-4487-a0df-afe572964363,2026-06-18T20:30:00Z,2026-06-18T22:30:00+0200,196.85,EUR/MWh,DE,DE_LU,day_ahead_price,value,2026-07-18T09:44:31Z
2026-07-18T09:43:03Z,2026-07-18T11:43:03+0200,c4e0902c-5b85-4487-a0df-afe572964363,2026-06-18T20:45:00Z,2026-06-18T22:45:00+0200,163.99,EUR/MWh,DE,DE_LU,day_ahead_price,value,2026-07-18T09:44:31Z
2026-07-18T09:43:03Z,2026-07-18T11:43:03+0200,c4e0902c-5b85-4487-a0df-afe572964363,2026-06-18T21:00:00Z,2026-06-18T23:00:00+0200,187.55,EUR/MWh,DE,DE_LU,day_ahead_price,value,2026-07-18T09:44:31Z
2026-07-18T09:43:03Z,2026-07-18T11:43:03+0200,c4e0902c-5b85-4487-a0df-afe572964363,2026-06-18T21:15:00Z,2026-06-18T23:15:00+0200,163.09,EUR/MWh,DE,DE_LU,day_ahead_price,value,2026-07-18T09:44:31Z
2026-07-18T09:43:03Z,2026-07-18T11:43:03+0200,c4e0902c-5b85-4487-a0df-afe572964363,2026-06-18T21:30:00Z,2026-06-18T23:30:00+0200,155.16,EUR/MWh,DE,DE_LU,day_ahead_price,value,2026-07-18T09:44:31Z
2026-07-18T09:43:03Z,2026-07-18T11:43:03+0200,c4e0902c-5b85-4487-a0df-afe572964363,2026-06-18T21:45:00Z,2026-06-18T23:45:00+0200,146.27,EUR/MWh,DE,DE_LU,day_ahead_price,value,2026-07-18T09:44:31Z
2026-07-18T09:43:03Z,2026-07-18T11:43:03+0200,c4e0902c-5b85-4487-a0df-afe572964363,2026-06-18T22:00:00Z,2026-06-19T00:00:00+0200,154.26,EUR/MWh,DE,DE_LU,day_ahead_price,value,2026-07-18T09:44:31Z
2026-07-18T09:43:03Z,2026-07-18T11:43:03+0200,c4e0902c-5b85-4487-a0df-afe572964363,2026-06-18T22:15:00Z,2026-06-19T00:15:00+0200,148.21,EUR/MWh,DE,DE_LU,day_ahead_price,value,2026-07-18T09:44:31Z
2026-07-18T09:43:03Z,2026-07-18T11:43:03+0200,c4e0902c-5b85-4487-a0df-afe572964363,2026-06-18T22:30:00Z,2026-06-19T00:30:00+0200,143.99,EUR/MWh,DE,DE_LU,day_ahead_price,value,2026-07-18T09:44:31Z
2026-07-18T09:43:03Z,2026-07-18T11:43:03+0200,c4e0902c-5b85-4487-a0df-afe572964363,2026-06-18T22:45:00Z,2026-06-19T00:45:00+0200,140.11,EUR/MWh,DE,DE_LU,day_ahead_price,value,2026-07-18T09:44:31Z
2026-07-18T09:43:03Z,2026-07-18T11:43:03+0200,c4e0902c-5b85-4487-a0df-afe572964363,2026-06-18T23:00:00Z,2026-06-19T01:00:00+0200,142.05,EUR/MWh,DE,DE_LU,day_ahead_price,value,2026-07-18T09:44:31Z
2026-07-18T09:43:03Z,2026-07-18T11:43:03+0200,c4e0902c-5b85-4487-a0df-afe572964363,2026-06-18T23:15:00Z,2026-06-19T01:15:00+0200,135.79,EUR/MWh,DE,DE_LU,day_ahead_price,value,2026-07-18T09:44:31Z
2026-07-18T09:43:03Z,2026-07-18T11:43:03+0200,c4e0902c-5b85-4487-a0df-afe572964363,2026-06-18T23:30:00Z,2026-06-19T01:30:00+0200,128.43,EUR/MWh,DE,DE_LU,day_ahead_price,value,2026-07-18T09:44:31Z
2026-07-18T09:43:03Z,2026-07-18T11:43:03+0200,c4e0902c-5b85-4487-a0df-afe572964363,2026-06-18T23:45:00Z,2026-06-19T01:45:00+0200,123.78,EUR/MWh,DE,DE_LU,day_ahead_price,value,2026-07-18T09:44:31Z
2026-07-18T09:43:03Z,2026-07-18T11:43:03+0200,c4e0902c-5b85-4487-a0df-afe572964363,2026-06-19T00:00:00Z,2026-06-19T02:00:00+0200,130.43,EUR/MWh,DE,DE_LU,day_ahead_price,value,2026-07-18T09:44:31Z
2026-07-18T09:43:03Z,2026-07-18T11:43:03+0200,c4e0902c-5b85-4487-a0df-afe572964363,2026-06-19T00:15:00Z,2026-06-19T02:15:00+0200,124.13,EUR/MWh,DE,DE_LU,day_ahead_price,value,2026-07-18T09:44:31Z
2026-07-18T09:43:03Z,2026-07-18T11:43:03+0200,c4e0902c-5b85-4487-a0df-afe572964363,2026-06-19T00:30:00Z,2026-06-19T02:30:00+0200,122.95,EUR/MWh,DE,DE_LU,day_ahead_price,value,2026-07-18T09:44:31Z
2026-07-18T09:43:03Z,2026-07-18T11:43:03+0200,c4e0902c-5b85-4487-a0df-afe572964363,2026-06-19T00:45:00Z,2026-06-19T02:45:00+0200,121.78,EUR/MWh,DE,DE_LU,day_ahead_price,value,2026-07-18T09:44:31Z
2026-07-18T09:43:03Z,2026-07-18T11:43:03+0200,c4e0902c-5b85-4487-a0df-afe572964363,2026-06-19T01:00:00Z,2026-06-19T03:00:00+0200,121.78,EUR/MWh,DE,DE_LU,day_ahead_price,value,2026-07-18T09:44:31Z
2026-07-18T09:43:03Z,2026-07-18T11:43:03+0200,c4e0902c-5b85-4487-a0df-afe572964363,2026-06-19T01:15:00Z,2026-06-19T03:15:00+0200,121.06,EUR/MWh,DE,DE_LU,day_ahead_price,value,2026-07-18T09:44:31Z
2026-07-18T09:43:03Z,2026-07-18T11:43:03+0200,c4e0902c-5b85-4487-a0df-afe572964363,2026-06-19T01:30:00Z,2026-06-19T03:30:00+0200,120.0,EUR/MWh,DE,DE_LU,day_ahead_price,value,2026-07-18T09:44:31Z
2026-07-18T09:43:03Z,2026-07-18T11:43:03+0200,c4e0902c-5b85-4487-a0df-afe572964363,2026-06-19T01:45:00Z,2026-06-19T03:45:00+0200,119.0,EUR/MWh,DE,DE_LU,day_ahead_price,value,2026-07-18T09:44:31Z
2026-07-18T09:43:03Z,2026-07-18T11:43:03+0200,c4e0902c-5b85-4487-a0df-afe572964363,2026-06-19T02:00:00Z,2026-06-19T04:00:00+0200,117.83,EUR/MWh,DE,DE_LU,day_ahead_price,value,2026-07-18T09:44:31Z
2026-07-18T09:43:03Z,2026-07-18T11:43:03+0200,c4e0902c-5b85-4487-a0df-afe572964363,2026-06-19T02:15:00Z,2026-06-19T04:15:00+0200,118.51,EUR/MWh,DE,DE_LU,day_ahead_price,value,2026-07-18T09:44:31Z
2026-07-18T09:43:03Z,2026-07-18T11:43:03+0200,c4e0902c-5b85-4487-a0df-afe572964363,2026-06-19T02:30:00Z,2026-06-19T04:30:00+0200,118.45,EUR/MWh,DE,DE_LU,day_ahead_price,value,2026-07-18T09:44:31Z
2026-07-18T09:43:03Z,2026-07-18T11:43:03+0200,c4e0902c-5b85-4487-a0df-afe572964363,2026-06-19T02:45:00Z,2026-06-19T04:45:00+0200,119.08,EUR/MWh,DE,DE_LU,day_ahead_price,value,2026-07-18T09:44:31Z
2026-07-18T09:43:03Z,2026-07-18T11:43:03+0200,c4e0902c-5b85-4487-a0df-afe572964363,2026-06-19T03:00:00Z,2026-06-19T05:00:00+0200,118.0,EUR/MWh,DE,DE_LU,day_ahead_price,value,2026-07-18T09:44:31Z
2026-07-18T09:43:03Z,2026-07-18T11:43:03+0200,c4e0902c-5b85-4487-a0df-afe572964363,2026-06-19T03:15:00Z,2026-06-19T05:15:00+0200,119.24,EUR/MWh,DE,DE_LU,day_ahead_price,value,2026-07-18T09:44:31Z
2026-07-18T09:43:03Z,2026-07-18T11:43:03+0200,c4e0902c-5b85-4487-a0df-afe572964363,2026-06-19T03:30:00Z,2026-06-19T05:30:00+0200,120.93,EUR/MWh,DE,DE_LU,day_ahead_price,value,2026-07-18T09:44:31Z
2026-07-18T09:43:03Z,2026-07-18T11:43:03+0200,c4e0902c-5b85-4487-a0df-afe572964363,2026-06-19T03:45:00Z,2026-06-19T05:45:00+0200,124.21,EUR/MWh,DE,DE_LU,day_ahead_price,value,2026-07-18T09:44:31Z
2026-07-18T09:43:03Z,2026-07-18T11:43:03+0200,c4e0902c-5b85-4487-a0df-afe572964363,2026-06-19T04:00:00Z,2026-06-19T06:00:00+0200,142.55,EUR/MWh,DE,DE_LU,day_ahead_price,value,2026-07-18T09:44:31Z
2026-07-18T09:43:03Z,2026-07-18T11:43:03+0200,c4e0902c-5b85-4487-a0df-afe572964363,2026-06-19T04:15:00Z,2026-06-19T06:15:00+0200,141.33,EUR/MWh,DE,DE_LU,day_ahead_price,value,2026-07-18T09:44:31Z
2026-07-18T09:43:03Z,2026-07-18T11:43:03+0200,c4e0902c-5b85-4487-a0df-afe572964363,2026-06-19T04:30:00Z,2026-06-19T06:30:00+0200,140.23,EUR/MWh,DE,DE_LU,day_ahead_price,value,2026-07-18T09:44:31Z
2026-07-18T09:43:03Z,2026-07-18T11:43:03+0200,c4e0902c-5b85-4487-a0df-afe572964363,2026-06-19T04:45:00Z,2026-06-19T06:45:00+0200,130.76,EUR/MWh,DE,DE_LU,day_ahead_price,value,2026-07-18T09:44:31Z
2026-07-18T09:43:03Z,2026-07-18T11:43:03+0200,c4e0902c-5b85-4487-a0df-afe572964363,2026-06-19T05:00:00Z,2026-06-19T07:00:00+0200,139.73,EUR/MWh,DE,DE_LU,day_ahead_price,value,2026-07-18T09:44:31Z
2026-07-18T09:43:03Z,2026-07-18T11:43:03+0200,c4e0902c-5b85-4487-a0df-afe572964363,2026-06-19T05:15:00Z,2026-06-19T07:15:00+0200,136.16,EUR/MWh,DE,DE_LU,day_ahead_price,value,2026-07-18T09:44:31Z
2026-07-18T09:43:03Z,2026-07-18T11:43:03+0200,c4e0902c-5b85-4487-a0df-afe572964363,2026-06-19T05:30:00Z,2026-06-19T07:30:00+0200,123.12,EUR/MWh,DE,DE_LU,day_ahead_price,value,2026-07-18T09:44:31Z
2026-07-18T09:43:03Z,2026-07-18T11:43:03+0200,c4e0902c-5b85-4487-a0df-afe572964363,2026-06-19T05:45:00Z,2026-06-19T07:45:00+0200,110.48,EUR/MWh,DE,DE_LU,day_ahead_price,value,2026-07-18T09:44:31Z
2026-07-18T09:43:03Z,2026-07-18T11:43:03+0200,c4e0902c-5b85-4487-a0df-afe572964363,2026-06-19T06:00:00Z,2026-06-19T08:00:00+0200,123.05,EUR/MWh,DE,DE_LU,day_ahead_price,value,2026-07-18T09:44:31Z
2026-07-18T09:43:03Z,2026-07-18T11:43:03+0200,c4e0902c-5b85-4487-a0df-afe572964363,2026-06-19T06:15:00Z,2026-06-19T08:15:00+0200,114.71,EUR/MWh,DE,DE_LU,day_ahead_price,value,2026-07-18T09:44:31Z
2026-07-18T09:43:03Z,2026-07-18T11:43:03+0200,c4e0902c-5b85-4487-a0df-afe572964363,2026-06-19T06:30:00Z,2026-06-19T08:30:00+0200,109.69,EUR/MWh,DE,DE_LU,day_ahead_price,value,2026-07-18T09:44:31Z
2026-07-18T09:43:03Z,2026-07-18T11:43:03+0200,c4e0902c-5b85-4487-a0df-afe572964363,2026-06-19T06:45:00Z,2026-06-19T08:45:00+0200,100.38,EUR/MWh,DE,DE_LU,day_ahead_price,value,2026-07-18T09:44:31Z
2026-07-18T09:43:03Z,2026-07-18T11:43:03+0200,c4e0902c-5b85-4487-a0df-afe572964363,2026-06-19T07:00:00Z,2026-06-19T09:00:00+0200,112.4,EUR/MWh,DE,DE_LU,day_ahead_price,value,2026-07-18T09:44:31Z
2026-07-18T09:43:03Z,2026-07-18T11:43:03+0200,c4e0902c-5b85-4487-a0df-afe572964363,2026-06-19T07:15:00Z,2026-06-19T09:15:00+0200,103.72,EUR/MWh,DE,DE_LU,day_ahead_price,value,2026-07-18T09:44:31Z
2026-07-18T09:43:03Z,2026-07-18T11:43:03+0200,c4e0902c-5b85-4487-a0df-afe572964363,2026-06-19T07:30:00Z,2026-06-19T09:30:00+0200,89.7,EUR/MWh,DE,DE_LU,day_ahead_price,value,2026-07-18T09:44:31Z
2026-07-18T09:43:03Z,2026-07-18T11:43:03+0200,c4e0902c-5b85-4487-a0df-afe572964363,2026-06-19T07:45:00Z,2026-06-19T09:45:00+0200,75.76,EUR/MWh,DE,DE_LU,day_ahead_price,value,2026-07-18T09:44:31Z
2026-07-18T09:43:03Z,2026-07-18T11:43:03+0200,c4e0902c-5b85-4487-a0df-afe572964363,2026-06-19T08:00:00Z,2026-06-19T10:00:00+0200,90.08,EUR/MWh,DE,DE_LU,day_ahead_price,value,2026-07-18T09:44:31Z
2026-07-18T09:43:03Z,2026-07-18T11:43:03+0200,c4e0902c-5b85-4487-a0df-afe572964363,2026-06-19T08:15:00Z,2026-06-19T10:15:00+0200,80.07,EUR/MWh,DE,DE_LU,day_ahead_price,value,2026-07-18T09:44:31Z
2026-07-18T09:43:03Z,2026-07-18T11:43:03+0200,c4e0902c-5b85-4487-a0df-afe572964363,2026-06-19T08:30:00Z,2026-06-19T10:30:00+0200,65.07,EUR/MWh,DE,DE_LU,day_ahead_price,value,2026-07-18T09:44:31Z
2026-07-18T09:43:03Z,2026-07-18T11:43:03+0200,c4e0902c-5b85-4487-a0df-afe572964363,2026-06-19T08:45:00Z,2026-06-19T10:45:00+0200,44.41,EUR/MWh,DE,DE_LU,day_ahead_price,value,2026-07-18T09:44:31Z
2026-07-18T09:43:03Z,2026-07-18T11:43:03+0200,c4e0902c-5b85-4487-a0df-afe572964363,2026-06-19T09:00:00Z,2026-06-19T11:00:00+0200,53.93,EUR/MWh,DE,DE_LU,day_ahead_price,value,2026-07-18T09:44:31Z
2026-07-18T09:43:03Z,2026-07-18T11:43:03+0200,c4e0902c-5b85-4487-a0df-afe572964363,2026-06-19T09:15:00Z,2026-06-19T11:15:00+0200,38.6,EUR/MWh,DE,DE_LU,day_ahead_price,value,2026-07-18T09:44:31Z
2026-07-18T09:43:03Z,2026-07-18T11:43:03+0200,c4e0902c-5b85-4487-a0df-afe572964363,2026-06-19T09:30:00Z,2026-06-19T11:30:00+0200,24.83,EUR/MWh,DE,DE_LU,day_ahead_price,value,2026-07-18T09:44:31Z
2026-07-18T09:43:03Z,2026-07-18T11:43:03+0200,c4e0902c-5b85-4487-a0df-afe572964363,2026-06-19T09:45:00Z,2026-06-19T11:45:00+0200,11.0,EUR/MWh,DE,DE_LU,day_ahead_price,value,2026-07-18T09:44:31Z
2026-07-18T09:43:03Z,2026-07-18T11:43:03+0200,c4e0902c-5b85-4487-a0df-afe572964363,2026-06-19T10:00:00Z,2026-06-19T12:00:00+0200,21.8,EUR/MWh,DE,DE_LU,day_ahead_price,value,2026-07-18T09:44:31Z
2026-07-18T09:43:03Z,2026-07-18T11:43:03+0200,c4e0902c-5b85-4487-a0df-afe572964363,2026-06-19T10:15:00Z,2026-06-19T12:15:00+0200,14.01,EUR/MWh,DE,DE_LU,day_ahead_price,value,2026-07-18T09:44:31Z
2026-07-18T09:43:03Z,2026-07-18T11:43:03+0200,c4e0902c-5b85-4487-a0df-afe572964363,2026-06-19T10:30:00Z,2026-06-19T12:30:00+0200,14.2,EUR/MWh,DE,DE_LU,day_ahead_price,value,2026-07-18T09:44:31Z
2026-07-18T09:43:03Z,2026-07-18T11:43:03+0200,c4e0902c-5b85-4487-a0df-afe572964363,2026-06-19T10:45:00Z,2026-06-19T12:45:00+0200,9.99,EUR/MWh,DE,DE_LU,day_ahead_price,value,2026-07-18T09:44:31Z
2026-07-18T09:43:03Z,2026-07-18T11:43:03+0200,c4e0902c-5b85-4487-a0df-afe572964363,2026-06-19T11:00:00Z,2026-06-19T13:00:00+0200,12.97,EUR/MWh,DE,DE_LU,day_ahead_price,value,2026-07-18T09:44:31Z
2026-07-18T09:43:03Z,2026-07-18T11:43:03+0200,c4e0902c-5b85-4487-a0df-afe572964363,2026-06-19T11:15:00Z,2026-06-19T13:15:00+0200,10.31,EUR/MWh,DE,DE_LU,day_ahead_price,value,2026-07-18T09:44:31Z
2026-07-18T09:43:03Z,2026-07-18T11:43:03+0200,c4e0902c-5b85-4487-a0df-afe572964363,2026-06-19T11:30:00Z,2026-06-19T13:30:00+0200,12.03,EUR/MWh,DE,DE_LU,day_ahead_price,value,2026-07-18T09:44:31Z
2026-07-18T09:43:03Z,2026-07-18T11:43:03+0200,c4e0902c-5b85-4487-a0df-afe572964363,2026-06-19T11:45:00Z,2026-06-19T13:45:00+0200,9.63,EUR/MWh,DE,DE_LU,day_ahead_price,value,2026-07-18T09:44:31Z
2026-07-18T09:43:03Z,2026-07-18T11:43:03+0200,c4e0902c-5b85-4487-a0df-afe572964363,2026-06-19T12:00:00Z,2026-06-19T14:00:00+0200,10.44,EUR/MWh,DE,DE_LU,day_ahead_price,value,2026-07-18T09:44:31Z
2026-07-18T09:43:03Z,2026-07-18T11:43:03+0200,c4e0902c-5b85-4487-a0df-afe572964363,2026-06-19T12:15:00Z,2026-06-19T14:15:00+0200,13.59,EUR/MWh,DE,DE_LU,day_ahead_price,value,2026-07-18T09:44:31Z
2026-07-18T09:43:03Z,2026-07-18T11:43:03+0200,c4e0902c-5b85-4487-a0df-afe572964363,2026-06-19T12:30:00Z,2026-06-19T14:30:00+0200,16.1,EUR/MWh,DE,DE_LU,day_ahead_price,value,2026-07-18T09:44:31Z
2026-07-18T09:43:03Z,2026-07-18T11:43:03+0200,c4e0902c-5b85-4487-a0df-afe572964363,2026-06-19T12:45:00Z,2026-06-19T14:45:00+0200,25.09,EUR/MWh,DE,DE_LU,day_ahead_price,value,2026-07-18T09:44:31Z
2026-07-18T09:43:03Z,2026-07-18T11:43:03+0200,c4e0902c-5b85-4487-a0df-afe572964363,2026-06-19T13:00:00Z,2026-06-19T15:00:00+0200,18.74,EUR/MWh,DE,DE_LU,day_ahead_price,value,2026-07-18T09:44:31Z
2026-07-18T09:43:03Z,2026-07-18T11:43:03+0200,c4e0902c-5b85-4487-a0df-afe572964363,2026-06-19T13:15:00Z,2026-06-19T15:15:00+0200,32.31,EUR/MWh,DE,DE_LU,day_ahead_price,value,2026-07-18T09:44:31Z
2026-07-18T09:43:03Z,2026-07-18T11:43:03+0200,c4e0902c-5b85-4487-a0df-afe572964363,2026-06-19T13:30:00Z,2026-06-19T15:30:00+0200,49.48,EUR/MWh,DE,DE_LU,day_ahead_price,value,2026-07-18T09:44:31Z
2026-07-18T09:43:03Z,2026-07-18T11:43:03+0200,c4e0902c-5b85-4487-a0df-afe572964363,2026-06-19T13:45:00Z,2026-06-19T15:45:00+0200,70.88,EUR/MWh,DE,DE_LU,day_ahead_price,value,2026-07-18T09:44:31Z
2026-07-18T09:43:03Z,2026-07-18T11:43:03+0200,c4e0902c-5b85-4487-a0df-afe572964363,2026-06-19T14:00:00Z,2026-06-19T16:00:00+0200,50.72,EUR/MWh,DE,DE_LU,day_ahead_price,value,2026-07-18T09:44:31Z
2026-07-18T09:43:03Z,2026-07-18T11:43:03+0200,c4e0902c-5b85-4487-a0df-afe572964363,2026-06-19T14:15:00Z,2026-06-19T16:15:00+0200,78.37,EUR/MWh,DE,DE_LU,day_ahead_price,value,2026-07-18T09:44:31Z
2026-07-18T09:43:03Z,2026-07-18T11:43:03+0200,c4e0902c-5b85-4487-a0df-afe572964363,2026-06-19T14:30:00Z,2026-06-19T16:30:00+0200,89.28,EUR/MWh,DE,DE_LU,day_ahead_price,value,2026-07-18T09:44:31Z
2026-07-18T09:43:03Z,2026-07-18T11:43:03+0200,c4e0902c-5b85-4487-a0df-afe572964363,2026-06-19T14:45:00Z,2026-06-19T16:45:00+0200,104.37,EUR/MWh,DE,DE_LU,day_ahead_price,value,2026-07-18T09:44:31Z
2026-07-18T09:43:03Z,2026-07-18T11:43:03+0200,c4e0902c-5b85-4487-a0df-afe572964363,2026-06-19T15:00:00Z,2026-06-19T17:00:00+0200,90.57,EUR/MWh,DE,DE_LU,day_ahead_price,value,2026-07-18T09:44:31Z
2026-07-18T09:43:03Z,2026-07-18T11:43:03+0200,c4e0902c-5b85-4487-a0df-afe572964363,2026-06-19T15:15:00Z,2026-06-19T17:15:00+0200,106.85,EUR/MWh,DE,DE_LU,day_ahead_price,value,2026-07-18T09:44:31Z
2026-07-18T09:43:03Z,2026-07-18T11:43:03+0200,c4e0902c-5b85-4487-a0df-afe572964363,2026-06-19T15:30:00Z,2026-06-19T17:30:00+0200,114.13,EUR/MWh,DE,DE_LU,day_ahead_price,value,2026-07-18T09:44:31Z
2026-07-18T09:43:03Z,2026-07-18T11:43:03+0200,c4e0902c-5b85-4487-a0df-afe572964363,2026-06-19T15:45:00Z,2026-06-19T17:45:00+0200,121.74,EUR/MWh,DE,DE_LU,day_ahead_price,value,2026-07-18T09:44:31Z
2026-07-18T09:43:03Z,2026-07-18T11:43:03+0200,c4e0902c-5b85-4487-a0df-afe572964363,2026-06-19T16:00:00Z,2026-06-19T18:00:00+0200,110.65,EUR/MWh,DE,DE_LU,day_ahead_price,value,2026-07-18T09:44:31Z
2026-07-18T09:43:03Z,2026-07-18T11:43:03+0200,c4e0902c-5b85-4487-a0df-afe572964363,2026-06-19T16:15:00Z,2026-06-19T18:15:00+0200,121.31,EUR/MWh,DE,DE_LU,day_ahead_price,value,2026-07-18T09:44:31Z
2026-07-18T09:43:03Z,2026-07-18T11:43:03+0200,c4e0902c-5b85-4487-a0df-afe572964363,2026-06-19T16:30:00Z,2026-06-19T18:30:00+0200,135.37,EUR/MWh,DE,DE_LU,day_ahead_price,value,2026-07-18T09:44:31Z
2026-07-18T09:43:03Z,2026-07-18T11:43:03+0200,c4e0902c-5b85-4487-a0df-afe572964363,2026-06-19T16:45:00Z,2026-06-19T18:45:00+0200,151.48,EUR/MWh,DE,DE_LU,day_ahead_price,value,2026-07-18T09:44:31Z
2026-07-18T09:43:03Z,2026-07-18T11:43:03+0200,c4e0902c-5b85-4487-a0df-afe572964363,2026-06-19T17:00:00Z,2026-06-19T19:00:00+0200,143.8,EUR/MWh,DE,DE_LU,day_ahead_price,value,2026-07-18T09:44:31Z
2026-07-18T09:43:03Z,2026-07-18T11:43:03+0200,c4e0902c-5b85-4487-a0df-afe572964363,2026-06-19T17:15:00Z,2026-06-19T19:15:00+0200,153.85,EUR/MWh,DE,DE_LU,day_ahead_price,value,2026-07-18T09:44:31Z
2026-07-18T09:43:03Z,2026-07-18T11:43:03+0200,c4e0902c-5b85-4487-a0df-afe572964363,2026-06-19T17:30:00Z,2026-06-19T19:30:00+0200,179.84,EUR/MWh,DE,DE_LU,day_ahead_price,value,2026-07-18T09:44:31Z
2026-07-18T09:43:03Z,2026-07-18T11:43:03+0200,c4e0902c-5b85-4487-a0df-afe572964363,2026-06-19T17:45:00Z,2026-06-19T19:45:00+0200,205.65,EUR/MWh,DE,DE_LU,day_ahead_price,value,2026-07-18T09:44:31Z
2026-07-18T09:43:03Z,2026-07-18T11:43:03+0200,c4e0902c-5b85-4487-a0df-afe572964363,2026-06-19T18:00:00Z,2026-06-19T20:00:00+0200,186.52,EUR/MWh,DE,DE_LU,day_ahead_price,value,2026-07-18T09:44:31Z
2026-07-18T09:43:03Z,2026-07-18T11:43:03+0200,c4e0902c-5b85-4487-a0df-afe572964363,2026-06-19T18:15:00Z,2026-06-19T20:15:00+0200,199.16,EUR/MWh,DE,DE_LU,day_ahead_price,value,2026-07-18T09:44:31Z
2026-07-18T09:43:03Z,2026-07-18T11:43:03+0200,c4e0902c-5b85-4487-a0df-afe572964363,2026-06-19T18:30:00Z,2026-06-19T20:30:00+0200,207.14,EUR/MWh,DE,DE_LU,day_ahead_price,value,2026-07-18T09:44:31Z
2026-07-18T09:43:03Z,2026-07-18T11:43:03+0200,c4e0902c-5b85-4487-a0df-afe572964363,2026-06-19T18:45:00Z,2026-06-19T20:45:00+0200,212.62,EUR/MWh,DE,DE_LU,day_ahead_price,value,2026-07-18T09:44:31Z
2026-07-18T09:43:03Z,2026-07-18T11:43:03+0200,c4e0902c-5b85-4487-a0df-afe572964363,2026-06-19T19:00:00Z,2026-06-19T21:00:00+0200,201.62,EUR/MWh,DE,DE_LU,day_ahead_price,value,2026-07-18T09:44:31Z
2026-07-18T09:43:03Z,2026-07-18T11:43:03+0200,c4e0902c-5b85-4487-a0df-afe572964363,2026-06-19T19:15:00Z,2026-06-19T21:15:00+0200,195.7,EUR/MWh,DE,DE_LU,day_ahead_price,value,2026-07-18T09:44:31Z
2026-07-18T09:43:03Z,2026-07-18T11:43:03+0200,c4e0902c-5b85-4487-a0df-afe572964363,2026-06-19T19:30:00Z,2026-06-19T21:30:00+0200,183.88,EUR/MWh,DE,DE_LU,day_ahead_price,value,2026-07-18T09:44:31Z
2026-07-18T09:43:03Z,2026-07-18T11:43:03+0200,c4e0902c-5b85-4487-a0df-afe572964363,2026-06-19T19:45:00Z,2026-06-19T21:45:00+0200,160.93,EUR/MWh,DE,DE_LU,day_ahead_price,value,2026-07-18T09:44:31Z
2026-07-18T09:43:03Z,2026-07-18T11:43:03+0200,c4e0902c-5b85-4487-a0df-afe572964363,2026-06-19T20:00:00Z,2026-06-19T22:00:00+0200,173.33,EUR/MWh,DE,DE_LU,day_ahead_price,value,2026-07-18T09:44:31Z
2026-07-18T09:43:03Z,2026-07-18T11:43:03+0200,c4e0902c-5b85-4487-a0df-afe572964363,2026-06-19T20:15:00Z,2026-06-19T22:15:00+0200,162.4,EUR/MWh,DE,DE_LU,day_ahead_price,value,2026-07-18T09:44:31Z
2026-07-18T09:43:03Z,2026-07-18T11:43:03+0200,c4e0902c-5b85-4487-a0df-afe572964363,2026-06-19T20:30:00Z,2026-06-19T22:30:00+0200,150.07,EUR/MWh,DE,DE_LU,day_ahead_price,value,2026-07-18T09:44:31Z
2026-07-18T09:43:03Z,2026-07-18T11:43:03+0200,c4e0902c-5b85-4487-a0df-afe572964363,2026-06-19T20:45:00Z,2026-06-19T22:45:00+0200,145.65,EUR/MWh,DE,DE_LU,day_ahead_price,value,2026-07-18T09:44:31Z
2026-07-18T09:43:03Z,2026-07-18T11:43:03+0200,c4e0902c-5b85-4487-a0df-afe572964363,2026-06-19T21:00:00Z,2026-06-19T23:00:00+0200,148.51,EUR/MWh,DE,DE_LU,day_ahead_price,value,2026-07-18T09:44:31Z
2026-07-18T09:43:03Z,2026-07-18T11:43:03+0200,c4e0902c-5b85-4487-a0df-afe572964363,2026-06-19T21:15:00Z,2026-06-19T23:15:00+0200,142.16,EUR/MWh,DE,DE_LU,day_ahead_price,value,2026-07-18T09:44:31Z
2026-07-18T09:43:03Z,2026-07-18T11:43:03+0200,c4e0902c-5b85-4487-a0df-afe572964363,2026-06-19T21:30:00Z,2026-06-19T23:30:00+0200,133.86,EUR/MWh,DE,DE_LU,day_ahead_price,value,2026-07-18T09:44:31Z
2026-07-18T09:43:03Z,2026-07-18T11:43:03+0200,c4e0902c-5b85-4487-a0df-afe572964363,2026-06-19T21:45:00Z,2026-06-19T23:45:00+0200,126.6,EUR/MWh,DE,DE_LU,day_ahead_price,value,2026-07-18T09:44:31Z
2026-07-18T09:43:03Z,2026-07-18T11:43:03+0200,c4e0902c-5b85-4487-a0df-afe572964363,2026-06-19T22:00:00Z,2026-06-20T00:00:00+0200,142.77,EUR/MWh,DE,DE_LU,day_ahead_price,value,2026-07-18T09:44:31Z
2026-07-18T09:43:03Z,2026-07-18T11:43:03+0200,c4e0902c-5b85-4487-a0df-afe572964363,2026-06-19T22:15:00Z,2026-06-20T00:15:00+0200,133.14,EUR/MWh,DE,DE_LU,day_ahead_price,value,2026-07-18T09:44:31Z
2026-07-18T09:43:03Z,2026-07-18T11:43:03+0200,c4e0902c-5b85-4487-a0df-afe572964363,2026-06-19T22:30:00Z,2026-06-20T00:30:00+0200,123.94,EUR/MWh,DE,DE_LU,day_ahead_price,value,2026-07-18T09:44:31Z
2026-07-18T09:43:03Z,2026-07-18T11:43:03+0200,c4e0902c-5b85-4487-a0df-afe572964363,2026-06-19T22:45:00Z,2026-06-20T00:45:00+0200,121.55,EUR/MWh,DE,DE_LU,day_ahead_price,value,2026-07-18T09:44:31Z
2026-07-18T09:43:03Z,2026-07-18T11:43:03+0200,c4e0902c-5b85-4487-a0df-afe572964363,2026-06-19T23:00:00Z,2026-06-20T01:00:00+0200,123.6,EUR/MWh,DE,DE_LU,day_ahead_price,value,2026-07-18T09:44:31Z
2026-07-18T09:43:03Z,2026-07-18T11:43:03+0200,c4e0902c-5b85-4487-a0df-afe572964363,2026-06-19T23:15:00Z,2026-06-20T01:15:00+0200,120.16,EUR/MWh,DE,DE_LU,day_ahead_price,value,2026-07-18T09:44:31Z
2026-07-18T09:43:03Z,2026-07-18T11:43:03+0200,c4e0902c-5b85-4487-a0df-afe572964363,2026-06-19T23:30:00Z,2026-06-20T01:30:00+0200,120.12,EUR/MWh,DE,DE_LU,day_ahead_price,value,2026-07-18T09:44:31Z
2026-07-18T09:43:03Z,2026-07-18T11:43:03+0200,c4e0902c-5b85-4487-a0df-afe572964363,2026-06-19T23:45:00Z,2026-06-20T01:45:00+0200,120.6,EUR/MWh,DE,DE_LU,day_ahead_price,value,2026-07-18T09:44:31Z
2026-07-18T09:43:03Z,2026-07-18T11:43:03+0200,c4e0902c-5b85-4487-a0df-afe572964363,2026-06-20T00:00:00Z,2026-06-20T02:00:00+0200,120.55,EUR/MWh,DE,DE_LU,day_ahead_price,value,2026-07-18T09:44:31Z
2026-07-18T09:43:03Z,2026-07-18T11:43:03+0200,c4e0902c-5b85-4487-a0df-afe572964363,2026-06-20T00:15:00Z,2026-06-20T02:15:00+0200,119.45,EUR/MWh,DE,DE_LU,day_ahead_price,value,2026-07-18T09:44:31Z
2026-07-18T09:43:03Z,2026-07-18T11:43:03+0200,c4e0902c-5b85-4487-a0df-afe572964363,2026-06-20T00:30:00Z,2026-06-20T02:30:00+0200,117.95,EUR/MWh,DE,DE_LU,day_ahead_price,value,2026-07-18T09:44:31Z
2026-07-18T09:43:03Z,2026-07-18T11:43:03+0200,c4e0902c-5b85-4487-a0df-afe572964363,2026-06-20T00:45:00Z,2026-06-20T02:45:00+0200,116.45,EUR/MWh,DE,DE_LU,day_ahead_price,value,2026-07-18T09:44:31Z
2026-07-18T09:43:03Z,2026-07-18T11:43:03+0200,c4e0902c-5b85-4487-a0df-afe572964363,2026-06-20T01:00:00Z,2026-06-20T03:00:00+0200,118.61,EUR/MWh,DE,DE_LU,day_ahead_price,value,2026-07-18T09:44:31Z
2026-07-18T09:43:03Z,2026-07-18T11:43:03+0200,c4e0902c-5b85-4487-a0df-afe572964363,2026-06-20T01:15:00Z,2026-06-20T03:15:00+0200,116.81,EUR/MWh,DE,DE_LU,day_ahead_price,value,2026-07-18T09:44:31Z
2026-07-18T09:43:03Z,2026-07-18T11:43:03+0200,c4e0902c-5b85-4487-a0df-afe572964363,2026-06-20T01:30:00Z,2026-06-20T03:30:00+0200,116.62,EUR/MWh,DE,DE_LU,day_ahead_price,value,2026-07-18T09:44:31Z
2026-07-18T09:43:03Z,2026-07-18T11:43:03+0200,c4e0902c-5b85-4487-a0df-afe572964363,2026-06-20T01:45:00Z,2026-06-20T03:45:00+0200,115.01,EUR/MWh,DE,DE_LU,day_ahead_price,value,2026-07-18T09:44:31Z
2026-07-18T09:43:03Z,2026-07-18T11:43:03+0200,c4e0902c-5b85-4487-a0df-afe572964363,2026-06-20T02:00:00Z,2026-06-20T04:00:00+0200,113.88,EUR/MWh,DE,DE_LU,day_ahead_price,value,2026-07-18T09:44:31Z
2026-07-18T09:43:03Z,2026-07-18T11:43:03+0200,c4e0902c-5b85-4487-a0df-afe572964363,2026-06-20T02:15:00Z,2026-06-20T04:15:00+0200,114.95,EUR/MWh,DE,DE_LU,day_ahead_price,value,2026-07-18T09:44:31Z
2026-07-18T09:43:03Z,2026-07-18T11:43:03+0200,c4e0902c-5b85-4487-a0df-afe572964363,2026-06-20T02:30:00Z,2026-06-20T04:30:00+0200,114.76,EUR/MWh,DE,DE_LU,day_ahead_price,value,2026-07-18T09:44:31Z
2026-07-18T09:43:03Z,2026-07-18T11:43:03+0200,c4e0902c-5b85-4487-a0df-afe572964363,2026-06-20T02:45:00Z,2026-06-20T04:45:00+0200,115.6,EUR/MWh,DE,DE_LU,day_ahead_price,value,2026-07-18T09:44:31Z
2026-07-18T09:43:03Z,2026-07-18T11:43:03+0200,c4e0902c-5b85-4487-a0df-afe572964363,2026-06-20T03:00:00Z,2026-06-20T05:00:00+0200,116.33,EUR/MWh,DE,DE_LU,day_ahead_price,value,2026-07-18T09:44:31Z
2026-07-18T09:43:03Z,2026-07-18T11:43:03+0200,c4e0902c-5b85-4487-a0df-afe572964363,2026-06-20T03:15:00Z,2026-06-20T05:15:00+0200,115.99,EUR/MWh,DE,DE_LU,day_ahead_price,value,2026-07-18T09:44:31Z
2026-07-18T09:43:03Z,2026-07-18T11:43:03+0200,c4e0902c-5b85-4487-a0df-afe572964363,2026-06-20T03:30:00Z,2026-06-20T05:30:00+0200,113.75,EUR/MWh,DE,DE_LU,day_ahead_price,value,2026-07-18T09:44:31Z
2026-07-18T09:43:03Z,2026-07-18T11:43:03+0200,c4e0902c-5b85-4487-a0df-afe572964363,2026-06-20T03:45:00Z,2026-06-20T05:45:00+0200,111.9,EUR/MWh,DE,DE_LU,day_ahead_price,value,2026-07-18T09:44:31Z
2026-07-18T09:43:03Z,2026-07-18T11:43:03+0200,c4e0902c-5b85-4487-a0df-afe572964363,2026-06-20T04:00:00Z,2026-06-20T06:00:00+0200,116.96,EUR/MWh,DE,DE_LU,day_ahead_price,value,2026-07-18T09:44:31Z
2026-07-18T09:43:03Z,2026-07-18T11:43:03+0200,c4e0902c-5b85-4487-a0df-afe572964363,2026-06-20T04:15:00Z,2026-06-20T06:15:00+0200,112.4,EUR/MWh,DE,DE_LU,day_ahead_price,value,2026-07-18T09:44:31Z
2026-07-18T09:43:03Z,2026-07-18T11:43:03+0200,c4e0902c-5b85-4487-a0df-afe572964363,2026-06-20T04:30:00Z,2026-06-20T06:30:00+0200,109.54,EUR/MWh,DE,DE_LU,day_ahead_price,value,2026-07-18T09:44:31Z
2026-07-18T09:43:03Z,2026-07-18T11:43:03+0200,c4e0902c-5b85-4487-a0df-afe572964363,2026-06-20T04:45:00Z,2026-06-20T06:45:00+0200,100.01,EUR/MWh,DE,DE_LU,day_ahead_price,value,2026-07-18T09:44:31Z
2026-07-18T09:43:03Z,2026-07-18T11:43:03+0200,c4e0902c-5b85-4487-a0df-afe572964363,2026-06-20T05:00:00Z,2026-06-20T07:00:00+0200,114.3,EUR/MWh,DE,DE_LU,day_ahead_price,value,2026-07-18T09:44:31Z
2026-07-18T09:43:03Z,2026-07-18T11:43:03+0200,c4e0902c-5b85-4487-a0df-afe572964363,2026-06-20T05:15:00Z,2026-06-20T07:15:00+0200,108.42,EUR/MWh,DE,DE_LU,day_ahead_price,value,2026-07-18T09:44:31Z
2026-07-18T09:43:03Z,2026-07-18T11:43:03+0200,c4e0902c-5b85-4487-a0df-afe572964363,2026-06-20T05:30:00Z,2026-06-20T07:30:00+0200,98.67,EUR/MWh,DE,DE_LU,day_ahead_price,value,2026-07-18T09:44:31Z
2026-07-18T09:43:03Z,2026-07-18T11:43:03+0200,c4e0902c-5b85-4487-a0df-afe572964363,2026-06-20T05:45:00Z,2026-06-20T07:45:00+0200,85.32,EUR/MWh,DE,DE_LU,day_ahead_price,value,2026-07-18T09:44:31Z
2026-07-18T09:43:03Z,2026-07-18T11:43:03+0200,c4e0902c-5b85-4487-a0df-afe572964363,2026-06-20T06:00:00Z,2026-06-20T08:00:00+0200,115.0,EUR/MWh,DE,DE_LU,day_ahead_price,value,2026-07-18T09:44:31Z
2026-07-18T09:43:03Z,2026-07-18T11:43:03+0200,c4e0902c-5b85-4487-a0df-afe572964363,2026-06-20T06:15:00Z,2026-06-20T08:15:00+0200,99.2,EUR/MWh,DE,DE_LU,day_ahead_price,value,2026-07-18T09:44:31Z
2026-07-18T09:43:03Z,2026-07-18T11:43:03+0200,c4e0902c-5b85-4487-a0df-afe572964363,2026-06-20T06:30:00Z,2026-06-20T08:30:00+0200,82.55,EUR/MWh,DE,DE_LU,day_ahead_price,value,2026-07-18T09:44:31Z
2026-07-18T09:43:03Z,2026-07-18T11:43:03+0200,c4e0902c-5b85-4487-a0df-afe572964363,2026-06-20T06:45:00Z,2026-06-20T08:45:00+0200,63.2,EUR/MWh,DE,DE_LU,day_ahead_price,value,2026-07-18T09:44:31Z
2026-07-18T09:43:03Z,2026-07-18T11:43:03+0200,c4e0902c-5b85-4487-a0df-afe572964363,2026-06-20T07:00:00Z,2026-06-20T09:00:00+0200,83.83,EUR/MWh,DE,DE_LU,day_ahead_price,value,2026-07-18T09:44:31Z
2026-07-18T09:43:03Z,2026-07-18T11:43:03+0200,c4e0902c-5b85-4487-a0df-afe572964363,2026-06-20T07:15:00Z,2026-06-20T09:15:00+0200,53.82,EUR/MWh,DE,DE_LU,day_ahead_price,value,2026-07-18T09:44:31Z
2026-07-18T09:43:03Z,2026-07-18T11:43:03+0200,c4e0902c-5b85-4487-a0df-afe572964363,2026-06-20T07:30:00Z,2026-06-20T09:30:00+0200,23.46,EUR/MWh,DE,DE_LU,day_ahead_price,value,2026-07-18T09:44:31Z
2026-07-18T09:43:03Z,2026-07-18T11:43:03+0200,c4e0902c-5b85-4487-a0df-afe572964363,2026-06-20T07:45:00Z,2026-06-20T09:45:00+0200,4.23,EUR/MWh,DE,DE_LU,day_ahead_price,value,2026-07-18T09:44:31Z
2026-07-18T09:43:03Z,2026-07-18T11:43:03+0200,c4e0902c-5b85-4487-a0df-afe572964363,2026-06-20T08:00:00Z,2026-06-20T10:00:00+0200,11.79,EUR/MWh,DE,DE_LU,day_ahead_price,value,2026-07-18T09:44:31Z
2026-07-18T09:43:03Z,2026-07-18T11:43:03+0200,c4e0902c-5b85-4487-a0df-afe572964363,2026-06-20T08:15:00Z,2026-06-20T10:15:00+0200,3.99,EUR/MWh,DE,DE_LU,day_ahead_price,value,2026-07-18T09:44:31Z
2026-07-18T09:43:03Z,2026-07-18T11:43:03+0200,c4e0902c-5b85-4487-a0df-afe572964363,2026-06-20T08:30:00Z,2026-06-20T10:30:00+0200,0.71,EUR/MWh,DE,DE_LU,day_ahead_price,value,2026-07-18T09:44:31Z
2026-07-18T09:43:03Z,2026-07-18T11:43:03+0200,c4e0902c-5b85-4487-a0df-afe572964363,2026-06-20T08:45:00Z,2026-06-20T10:45:00+0200,0.01,EUR/MWh,DE,DE_LU,day_ahead_price,value,2026-07-18T09:44:31Z
2026-07-18T09:43:03Z,2026-07-18T11:43:03+0200,c4e0902c-5b85-4487-a0df-afe572964363,2026-06-20T09:00:00Z,2026-06-20T11:00:00+0200,0.0,EUR/MWh,DE,DE_LU,day_ahead_price,value,2026-07-18T09:44:31Z
2026-07-18T09:43:03Z,2026-07-18T11:43:03+0200,c4e0902c-5b85-4487-a0df-afe572964363,2026-06-20T09:15:00Z,2026-06-20T11:15:00+0200,0.0,EUR/MWh,DE,DE_LU,day_ahead_price,value,2026-07-18T09:44:31Z
2026-07-18T09:43:03Z,2026-07-18T11:43:03+0200,c4e0902c-5b85-4487-a0df-afe572964363,2026-06-20T09:30:00Z,2026-06-20T11:30:00+0200,0.0,EUR/MWh,DE,DE_LU,day_ahead_price,value,2026-07-18T09:44:31Z
2026-07-18T09:43:03Z,2026-07-18T11:43:03+0200,c4e0902c-5b85-4487-a0df-afe572964363,2026-06-20T09:45:00Z,2026-06-20T11:45:00+0200,-0.01,EUR/MWh,DE,DE_LU,day_ahead_price,value,2026-07-18T09:44:31Z
2026-07-18T09:43:03Z,2026-07-18T11:43:03+0200,c4e0902c-5b85-4487-a0df-afe572964363,2026-06-20T10:00:00Z,2026-06-20T12:00:00+0200,-0.01,EUR/MWh,DE,DE_LU,day_ahead_price,value,2026-07-18T09:44:31Z
2026-07-18T09:43:03Z,2026-07-18T11:43:03+0200,c4e0902c-5b85-4487-a0df-afe572964363,2026-06-20T10:15:00Z,2026-06-20T12:15:00+0200,-0.01,EUR/MWh,DE,DE_LU,day_ahead_price,value,2026-07-18T09:44:31Z
2026-07-18T09:43:03Z,2026-07-18T11:43:03+0200,c4e0902c-5b85-4487-a0df-afe572964363,2026-06-20T10:30:00Z,2026-06-20T12:30:00+0200,-0.01,EUR/MWh,DE,DE_LU,day_ahead_price,value,2026-07-18T09:44:31Z
2026-07-18T09:43:03Z,2026-07-18T11:43:03+0200,c4e0902c-5b85-4487-a0df-afe572964363,2026-06-20T10:45:00Z,2026-06-20T12:45:00+0200,-0.02,EUR/MWh,DE,DE_LU,day_ahead_price,value,2026-07-18T09:44:31Z
2026-07-18T09:43:03Z,2026-07-18T11:43:03+0200,c4e0902c-5b85-4487-a0df-afe572964363,2026-06-20T11:00:00Z,2026-06-20T13:00:00+0200,-0.01,EUR/MWh,DE,DE_LU,day_ahead_price,value,2026-07-18T09:44:31Z
2026-07-18T09:43:03Z,2026-07-18T11:43:03+0200,c4e0902c-5b85-4487-a0df-afe572964363,2026-06-20T11:15:00Z,2026-06-20T13:15:00+0200,-0.02,EUR/MWh,DE,DE_LU,day_ahead_price,value,2026-07-18T09:44:31Z
2026-07-18T09:43:03Z,2026-07-18T11:43:03+0200,c4e0902c-5b85-4487-a0df-afe572964363,2026-06-20T11:30:00Z,2026-06-20T13:30:00+0200,-0.02,EUR/MWh,DE,DE_LU,day_ahead_price,value,2026-07-18T09:44:31Z
2026-07-18T09:43:03Z,2026-07-18T11:43:03+0200,c4e0902c-5b85-4487-a0df-afe572964363,2026-06-20T11:45:00Z,2026-06-20T13:45:00+0200,-0.02,EUR/MWh,DE,DE_LU,day_ahead_price,value,2026-07-18T09:44:31Z
2026-07-18T09:43:03Z,2026-07-18T11:43:03+0200,c4e0902c-5b85-4487-a0df-afe572964363,2026-06-20T12:00:00Z,2026-06-20T14:00:00+0200,-0.02,EUR/MWh,DE,DE_LU,day_ahead_price,value,2026-07-18T09:44:31Z
2026-07-18T09:43:03Z,2026-07-18T11:43:03+0200,c4e0902c-5b85-4487-a0df-afe572964363,2026-06-20T12:15:00Z,2026-06-20T14:15:00+0200,-0.01,EUR/MWh,DE,DE_LU,day_ahead_price,value,2026-07-18T09:44:31Z
2026-07-18T09:43:03Z,2026-07-18T11:43:03+0200,c4e0902c-5b85-4487-a0df-afe572964363,2026-06-20T12:30:00Z,2026-06-20T14:30:00+0200,-0.01,EUR/MWh,DE,DE_LU,day_ahead_price,value,2026-07-18T09:44:31Z
2026-07-18T09:43:03Z,2026-07-18T11:43:03+0200,c4e0902c-5b85-4487-a0df-afe572964363,2026-06-20T12:45:00Z,2026-06-20T14:45:00+0200,-0.01,EUR/MWh,DE,DE_LU,day_ahead_price,value,2026-07-18T09:44:31Z
2026-07-18T09:43:03Z,2026-07-18T11:43:03+0200,c4e0902c-5b85-4487-a0df-afe572964363,2026-06-20T13:00:00Z,2026-06-20T15:00:00+0200,0.0,EUR/MWh,DE,DE_LU,day_ahead_price,value,2026-07-18T09:44:31Z
2026-07-18T09:43:03Z,2026-07-18T11:43:03+0200,c4e0902c-5b85-4487-a0df-afe572964363,2026-06-20T13:15:00Z,2026-06-20T15:15:00+0200,0.0,EUR/MWh,DE,DE_LU,day_ahead_price,value,2026-07-18T09:44:31Z
2026-07-18T09:43:03Z,2026-07-18T11:43:03+0200,c4e0902c-5b85-4487-a0df-afe572964363,2026-06-20T13:30:00Z,2026-06-20T15:30:00+0200,0.0,EUR/MWh,DE,DE_LU,day_ahead_price,value,2026-07-18T09:44:31Z
2026-07-18T09:43:03Z,2026-07-18T11:43:03+0200,c4e0902c-5b85-4487-a0df-afe572964363,2026-06-20T13:45:00Z,2026-06-20T15:45:00+0200,1.0,EUR/MWh,DE,DE_LU,day_ahead_price,value,2026-07-18T09:44:31Z
2026-07-18T09:43:03Z,2026-07-18T11:43:03+0200,c4e0902c-5b85-4487-a0df-afe572964363,2026-06-20T14:00:00Z,2026-06-20T16:00:00+0200,0.15,EUR/MWh,DE,DE_LU,day_ahead_price,value,2026-07-18T09:44:31Z
2026-07-18T09:43:03Z,2026-07-18T11:43:03+0200,c4e0902c-5b85-4487-a0df-afe572964363,2026-06-20T14:15:00Z,2026-06-20T16:15:00+0200,5.11,EUR/MWh,DE,DE_LU,day_ahead_price,value,2026-07-18T09:44:31Z
2026-07-18T09:43:03Z,2026-07-18T11:43:03+0200,c4e0902c-5b85-4487-a0df-afe572964363,2026-06-20T14:30:00Z,2026-06-20T16:30:00+0200,16.18,EUR/MWh,DE,DE_LU,day_ahead_price,value,2026-07-18T09:44:31Z
2026-07-18T09:43:03Z,2026-07-18T11:43:03+0200,c4e0902c-5b85-4487-a0df-afe572964363,2026-06-20T14:45:00Z,2026-06-20T16:45:00+0200,51.79,EUR/MWh,DE,DE_LU,day_ahead_price,value,2026-07-18T09:44:31Z
2026-07-18T09:43:03Z,2026-07-18T11:43:03+0200,c4e0902c-5b85-4487-a0df-afe572964363,2026-06-20T15:00:00Z,2026-06-20T17:00:00+0200,14.0,EUR/MWh,DE,DE_LU,day_ahead_price,value,2026-07-18T09:44:31Z
2026-07-18T09:43:03Z,2026-07-18T11:43:03+0200,c4e0902c-5b85-4487-a0df-afe572964363,2026-06-20T15:15:00Z,2026-06-20T17:15:00+0200,82.87,EUR/MWh,DE,DE_LU,day_ahead_price,value,2026-07-18T09:44:31Z
2026-07-18T09:43:03Z,2026-07-18T11:43:03+0200,c4e0902c-5b85-4487-a0df-afe572964363,2026-06-20T15:30:00Z,2026-06-20T17:30:00+0200,107.79,EUR/MWh,DE,DE_LU,day_ahead_price,value,2026-07-18T09:44:31Z
2026-07-18T09:43:03Z,2026-07-18T11:43:03+0200,c4e0902c-5b85-4487-a0df-afe572964363,2026-06-20T15:45:00Z,2026-06-20T17:45:00+0200,132.22,EUR/MWh,DE,DE_LU,day_ahead_price,value,2026-07-18T09:44:31Z
2026-07-18T09:43:03Z,2026-07-18T11:43:03+0200,c4e0902c-5b85-4487-a0df-afe572964363,2026-06-20T16:00:00Z,2026-06-20T18:00:00+0200,101.29,EUR/MWh,DE,DE_LU,day_ahead_price,value,2026-07-18T09:44:31Z
2026-07-18T09:43:03Z,2026-07-18T11:43:03+0200,c4e0902c-5b85-4487-a0df-afe572964363,2026-06-20T16:15:00Z,2026-06-20T18:15:00+0200,117.45,EUR/MWh,DE,DE_LU,day_ahead_price,value,2026-07-18T09:44:31Z
2026-07-18T09:43:03Z,2026-07-18T11:43:03+0200,c4e0902c-5b85-4487-a0df-afe572964363,2026-06-20T16:30:00Z,2026-06-20T18:30:00+0200,125.49,EUR/MWh,DE,DE_LU,day_ahead_price,value,2026-07-18T09:44:31Z
2026-07-18T09:43:03Z,2026-07-18T11:43:03+0200,c4e0902c-5b85-4487-a0df-afe572964363,2026-06-20T16:45:00Z,2026-06-20T18:45:00+0200,134.9,EUR/MWh,DE,DE_LU,day_ahead_price,value,2026-07-18T09:44:31Z
2026-07-18T09:43:03Z,2026-07-18T11:43:03+0200,c4e0902c-5b85-4487-a0df-afe572964363,2026-06-20T17:00:00Z,2026-06-20T19:00:00+0200,123.08,EUR/MWh,DE,DE_LU,day_ahead_price,value,2026-07-18T09:44:31Z
2026-07-18T09:43:03Z,2026-07-18T11:43:03+0200,c4e0902c-5b85-4487-a0df-afe572964363,2026-06-20T17:15:00Z,2026-06-20T19:15:00+0200,142.11,EUR/MWh,DE,DE_LU,day_ahead_price,value,2026-07-18T09:44:31Z
2026-07-18T09:43:03Z,2026-07-18T11:43:03+0200,c4e0902c-5b85-4487-a0df-afe572964363,2026-06-20T17:30:00Z,2026-06-20T19:30:00+0200,152.61,EUR/MWh,DE,DE_LU,day_ahead_price,value,2026-07-18T09:44:31Z
2026-07-18T09:43:03Z,2026-07-18T11:43:03+0200,c4e0902c-5b85-4487-a0df-afe572964363,2026-06-20T17:45:00Z,2026-06-20T19:45:00+0200,171.79,EUR/MWh,DE,DE_LU,day_ahead_price,value,2026-07-18T09:44:31Z
2026-07-18T09:43:03Z,2026-07-18T11:43:03+0200,c4e0902c-5b85-4487-a0df-afe572964363,2026-06-20T18:00:00Z,2026-06-20T20:00:00+0200,150.75,EUR/MWh,DE,DE_LU,day_ahead_price,value,2026-07-18T09:44:31Z
2026-07-18T09:43:03Z,2026-07-18T11:43:03+0200,c4e0902c-5b85-4487-a0df-afe572964363,2026-06-20T18:15:00Z,2026-06-20T20:15:00+0200,164.14,EUR/MWh,DE,DE_LU,day_ahead_price,value,2026-07-18T09:44:31Z
2026-07-18T09:43:03Z,2026-07-18T11:43:03+0200,c4e0902c-5b85-4487-a0df-afe572964363,2026-06-20T18:30:00Z,2026-06-20T20:30:00+0200,178.89,EUR/MWh,DE,DE_LU,day_ahead_price,value,2026-07-18T09:44:31Z
2026-07-18T09:43:03Z,2026-07-18T11:43:03+0200,c4e0902c-5b85-4487-a0df-afe572964363,2026-06-20T18:45:00Z,2026-06-20T20:45:00+0200,194.17,EUR/MWh,DE,DE_LU,day_ahead_price,value,2026-07-18T09:44:31Z
2026-07-18T09:43:03Z,2026-07-18T11:43:03+0200,c4e0902c-5b85-4487-a0df-afe572964363,2026-06-20T19:00:00Z,2026-06-20T21:00:00+0200,183.51,EUR/MWh,DE,DE_LU,day_ahead_price,value,2026-07-18T09:44:31Z
2026-07-18T09:43:03Z,2026-07-18T11:43:03+0200,c4e0902c-5b85-4487-a0df-afe572964363,2026-06-20T19:15:00Z,2026-06-20T21:15:00+0200,180.25,EUR/MWh,DE,DE_LU,day_ahead_price,value,2026-07-18T09:44:31Z
2026-07-18T09:43:03Z,2026-07-18T11:43:03+0200,c4e0902c-5b85-4487-a0df-afe572964363,2026-06-20T19:30:00Z,2026-06-20T21:30:00+0200,187.83,EUR/MWh,DE,DE_LU,day_ahead_price,value,2026-07-18T09:44:31Z
2026-07-18T09:43:03Z,2026-07-18T11:43:03+0200,c4e0902c-5b85-4487-a0df-afe572964363,2026-06-20T19:45:00Z,2026-06-20T21:45:00+0200,178.61,EUR/MWh,DE,DE_LU,day_ahead_price,value,2026-07-18T09:44:31Z
2026-07-18T09:43:03Z,2026-07-18T11:43:03+0200,c4e0902c-5b85-4487-a0df-afe572964363,2026-06-20T20:00:00Z,2026-06-20T22:00:00+0200,183.89,EUR/MWh,DE,DE_LU,day_ahead_price,value,2026-07-18T09:44:31Z
2026-07-18T09:43:03Z,2026-07-18T11:43:03+0200,c4e0902c-5b85-4487-a0df-afe572964363,2026-06-20T20:15:00Z,2026-06-20T22:15:00+0200,164.82,EUR/MWh,DE,DE_LU,day_ahead_price,value,2026-07-18T09:44:31Z
2026-07-18T09:43:03Z,2026-07-18T11:43:03+0200,c4e0902c-5b85-4487-a0df-afe572964363,2026-06-20T20:30:00Z,2026-06-20T22:30:00+0200,161.56,EUR/MWh,DE,DE_LU,day_ahead_price,value,2026-07-18T09:44:31Z
2026-07-18T09:43:03Z,2026-07-18T11:43:03+0200,c4e0902c-5b85-4487-a0df-afe572964363,2026-06-20T20:45:00Z,2026-06-20T22:45:00+0200,150.0,EUR/MWh,DE,DE_LU,day_ahead_price,value,2026-07-18T09:44:31Z
2026-07-18T09:43:03Z,2026-07-18T11:43:03+0200,c4e0902c-5b85-4487-a0df-afe572964363,2026-06-20T21:00:00Z,2026-06-20T23:00:00+0200,157.28,EUR/MWh,DE,DE_LU,day_ahead_price,value,2026-07-18T09:44:31Z
2026-07-18T09:43:03Z,2026-07-18T11:43:03+0200,c4e0902c-5b85-4487-a0df-afe572964363,2026-06-20T21:15:00Z,2026-06-20T23:15:00+0200,150.02,EUR/MWh,DE,DE_LU,day_ahead_price,value,2026-07-18T09:44:31Z
2026-07-18T09:43:03Z,2026-07-18T11:43:03+0200,c4e0902c-5b85-4487-a0df-afe572964363,2026-06-20T21:30:00Z,2026-06-20T23:30:00+0200,143.05,EUR/MWh,DE,DE_LU,day_ahead_price,value,2026-07-18T09:44:31Z
2026-07-18T09:43:03Z,2026-07-18T11:43:03+0200,c4e0902c-5b85-4487-a0df-afe572964363,2026-06-20T21:45:00Z,2026-06-20T23:45:00+0200,136.88,EUR/MWh,DE,DE_LU,day_ahead_price,value,2026-07-18T09:44:31Z
2026-07-18T09:43:03Z,2026-07-18T11:43:03+0200,c4e0902c-5b85-4487-a0df-afe572964363,2026-06-20T22:00:00Z,2026-06-21T00:00:00+0200,148.17,EUR/MWh,DE,DE_LU,day_ahead_price,value,2026-07-18T09:44:31Z
2026-07-18T09:43:03Z,2026-07-18T11:43:03+0200,c4e0902c-5b85-4487-a0df-afe572964363,2026-06-20T22:15:00Z,2026-06-21T00:15:00+0200,138.76,EUR/MWh,DE,DE_LU,day_ahead_price,value,2026-07-18T09:44:31Z
2026-07-18T09:43:03Z,2026-07-18T11:43:03+0200,c4e0902c-5b85-4487-a0df-afe572964363,2026-06-20T22:30:00Z,2026-06-21T00:30:00+0200,134.02,EUR/MWh,DE,DE_LU,day_ahead_price,value,2026-07-18T09:44:31Z
2026-07-18T09:43:03Z,2026-07-18T11:43:03+0200,c4e0902c-5b85-4487-a0df-afe572964363,2026-06-20T22:45:00Z,2026-06-21T00:45:00+0200,130.71,EUR/MWh,DE,DE_LU,day_ahead_price,value,2026-07-18T09:44:31Z
2026-07-18T09:43:03Z,2026-07-18T11:43:03+0200,c4e0902c-5b85-4487-a0df-afe572964363,2026-06-20T23:00:00Z,2026-06-21T01:00:00+0200,131.6,EUR/MWh,DE,DE_LU,day_ahead_price,value,2026-07-18T09:44:31Z
2026-07-18T09:43:03Z,2026-07-18T11:43:03+0200,c4e0902c-5b85-4487-a0df-afe572964363,2026-06-20T23:15:00Z,2026-06-21T01:15:00+0200,129.38,EUR/MWh,DE,DE_LU,day_ahead_price,value,2026-07-18T09:44:31Z
2026-07-18T09:43:03Z,2026-07-18T11:43:03+0200,c4e0902c-5b85-4487-a0df-afe572964363,2026-06-20T23:30:00Z,2026-06-21T01:30:00+0200,127.65,EUR/MWh,DE,DE_LU,day_ahead_price,value,2026-07-18T09:44:31Z
2026-07-18T09:43:03Z,2026-07-18T11:43:03+0200,c4e0902c-5b85-4487-a0df-afe572964363,2026-06-20T23:45:00Z,2026-06-21T01:45:00+0200,125.63,EUR/MWh,DE,DE_LU,day_ahead_price,value,2026-07-18T09:44:31Z
2026-07-18T09:43:03Z,2026-07-18T11:43:03+0200,c4e0902c-5b85-4487-a0df-afe572964363,2026-06-21T00:00:00Z,2026-06-21T02:00:00+0200,129.18,EUR/MWh,DE,DE_LU,day_ahead_price,value,2026-07-18T09:44:31Z
2026-07-18T09:43:03Z,2026-07-18T11:43:03+0200,c4e0902c-5b85-4487-a0df-afe572964363,2026-06-21T00:15:00Z,2026-06-21T02:15:00+0200,125.92,EUR/MWh,DE,DE_LU,day_ahead_price,value,2026-07-18T09:44:31Z
2026-07-18T09:43:03Z,2026-07-18T11:43:03+0200,c4e0902c-5b85-4487-a0df-afe572964363,2026-06-21T00:30:00Z,2026-06-21T02:30:00+0200,125.65,EUR/MWh,DE,DE_LU,day_ahead_price,value,2026-07-18T09:44:31Z
2026-07-18T09:43:03Z,2026-07-18T11:43:03+0200,c4e0902c-5b85-4487-a0df-afe572964363,2026-06-21T00:45:00Z,2026-06-21T02:45:00+0200,124.91,EUR/MWh,DE,DE_LU,day_ahead_price,value,2026-07-18T09:44:31Z
2026-07-18T09:43:03Z,2026-07-18T11:43:03+0200,c4e0902c-5b85-4487-a0df-afe572964363,2026-06-21T01:00:00Z,2026-06-21T03:00:00+0200,124.99,EUR/MWh,DE,DE_LU,day_ahead_price,value,2026-07-18T09:44:31Z
2026-07-18T09:43:03Z,2026-07-18T11:43:03+0200,c4e0902c-5b85-4487-a0df-afe572964363,2026-06-21T01:15:00Z,2026-06-21T03:15:00+0200,124.95,EUR/MWh,DE,DE_LU,day_ahead_price,value,2026-07-18T09:44:31Z
2026-07-18T09:43:03Z,2026-07-18T11:43:03+0200,c4e0902c-5b85-4487-a0df-afe572964363,2026-06-21T01:30:00Z,2026-06-21T03:30:00+0200,123.94,EUR/MWh,DE,DE_LU,day_ahead_price,value,2026-07-18T09:44:31Z
2026-07-18T09:43:03Z,2026-07-18T11:43:03+0200,c4e0902c-5b85-4487-a0df-afe572964363,2026-06-21T01:45:00Z,2026-06-21T03:45:00+0200,122.8,EUR/MWh,DE,DE_LU,day_ahead_price,value,2026-07-18T09:44:31Z
2026-07-18T09:43:03Z,2026-07-18T11:43:03+0200,c4e0902c-5b85-4487-a0df-afe572964363,2026-06-21T02:00:00Z,2026-06-21T04:00:00+0200,122.79,EUR/MWh,DE,DE_LU,day_ahead_price,value,2026-07-18T09:44:31Z
2026-07-18T09:43:03Z,2026-07-18T11:43:03+0200,c4e0902c-5b85-4487-a0df-afe572964363,2026-06-21T02:15:00Z,2026-06-21T04:15:00+0200,122.51,EUR/MWh,DE,DE_LU,day_ahead_price,value,2026-07-18T09:44:31Z
2026-07-18T09:43:03Z,2026-07-18T11:43:03+0200,c4e0902c-5b85-4487-a0df-afe572964363,2026-06-21T02:30:00Z,2026-06-21T04:30:00+0200,122.18,EUR/MWh,DE,DE_LU,day_ahead_price,value,2026-07-18T09:44:31Z
2026-07-18T09:43:03Z,2026-07-18T11:43:03+0200,c4e0902c-5b85-4487-a0df-afe572964363,2026-06-21T02:45:00Z,2026-06-21T04:45:00+0200,122.25,EUR/MWh,DE,DE_LU,day_ahead_price,value,2026-07-18T09:44:31Z
2026-07-18T09:43:03Z,2026-07-18T11:43:03+0200,c4e0902c-5b85-4487-a0df-afe572964363,2026-06-21T03:00:00Z,2026-06-21T05:00:00+0200,124.34,EUR/MWh,DE,DE_LU,day_ahead_price,value,2026-07-18T09:44:31Z
2026-07-18T09:43:03Z,2026-07-18T11:43:03+0200,c4e0902c-5b85-4487-a0df-afe572964363,2026-06-21T03:15:00Z,2026-06-21T05:15:00+0200,120.23,EUR/MWh,DE,DE_LU,day_ahead_price,value,2026-07-18T09:44:31Z
2026-07-18T09:43:03Z,2026-07-18T11:43:03+0200,c4e0902c-5b85-4487-a0df-afe572964363,2026-06-21T03:30:00Z,2026-06-21T05:30:00+0200,119.66,EUR/MWh,DE,DE_LU,day_ahead_price,value,2026-07-18T09:44:31Z
2026-07-18T09:43:03Z,2026-07-18T11:43:03+0200,c4e0902c-5b85-4487-a0df-afe572964363,2026-06-21T03:45:00Z,2026-06-21T05:45:00+0200,114.12,EUR/MWh,DE,DE_LU,day_ahead_price,value,2026-07-18T09:44:31Z
2026-07-18T09:43:03Z,2026-07-18T11:43:03+0200,c4e0902c-5b85-4487-a0df-afe572964363,2026-06-21T04:00:00Z,2026-06-21T06:00:00+0200,120.01,EUR/MWh,DE,DE_LU,day_ahead_price,value,2026-07-18T09:44:31Z
2026-07-18T09:43:03Z,2026-07-18T11:43:03+0200,c4e0902c-5b85-4487-a0df-afe572964363,2026-06-21T04:15:00Z,2026-06-21T06:15:00+0200,113.45,EUR/MWh,DE,DE_LU,day_ahead_price,value,2026-07-18T09:44:31Z
2026-07-18T09:43:03Z,2026-07-18T11:43:03+0200,c4e0902c-5b85-4487-a0df-afe572964363,2026-06-21T04:30:00Z,2026-06-21T06:30:00+0200,110.18,EUR/MWh,DE,DE_LU,day_ahead_price,value,2026-07-18T09:44:31Z
2026-07-18T09:43:03Z,2026-07-18T11:43:03+0200,c4e0902c-5b85-4487-a0df-afe572964363,2026-06-21T04:45:00Z,2026-06-21T06:45:00+0200,104.76,EUR/MWh,DE,DE_LU,day_ahead_price,value,2026-07-18T09:44:31Z
2026-07-18T09:43:03Z,2026-07-18T11:43:03+0200,c4e0902c-5b85-4487-a0df-afe572964363,2026-06-21T05:00:00Z,2026-06-21T07:00:00+0200,118.1,EUR/MWh,DE,DE_LU,day_ahead_price,value,2026-07-18T09:44:31Z
2026-07-18T09:43:03Z,2026-07-18T11:43:03+0200,c4e0902c-5b85-4487-a0df-afe572964363,2026-06-21T05:15:00Z,2026-06-21T07:15:00+0200,110.11,EUR/MWh,DE,DE_LU,day_ahead_price,value,2026-07-18T09:44:31Z
2026-07-18T09:43:03Z,2026-07-18T11:43:03+0200,c4e0902c-5b85-4487-a0df-afe572964363,2026-06-21T05:30:00Z,2026-06-21T07:30:00+0200,98.3,EUR/MWh,DE,DE_LU,day_ahead_price,value,2026-07-18T09:44:31Z
2026-07-18T09:43:03Z,2026-07-18T11:43:03+0200,c4e0902c-5b85-4487-a0df-afe572964363,2026-06-21T05:45:00Z,2026-06-21T07:45:00+0200,82.91,EUR/MWh,DE,DE_LU,day_ahead_price,value,2026-07-18T09:44:31Z
2026-07-18T09:43:03Z,2026-07-18T11:43:03+0200,c4e0902c-5b85-4487-a0df-afe572964363,2026-06-21T06:00:00Z,2026-06-21T08:00:00+0200,109.94,EUR/MWh,DE,DE_LU,day_ahead_price,value,2026-07-18T09:44:31Z
2026-07-18T09:43:03Z,2026-07-18T11:43:03+0200,c4e0902c-5b85-4487-a0df-afe572964363,2026-06-21T06:15:00Z,2026-06-21T08:15:00+0200,84.68,EUR/MWh,DE,DE_LU,day_ahead_price,value,2026-07-18T09:44:31Z
2026-07-18T09:43:03Z,2026-07-18T11:43:03+0200,c4e0902c-5b85-4487-a0df-afe572964363,2026-06-21T06:30:00Z,2026-06-21T08:30:00+0200,60.0,EUR/MWh,DE,DE_LU,day_ahead_price,value,2026-07-18T09:44:31Z
2026-07-18T09:43:03Z,2026-07-18T11:43:03+0200,c4e0902c-5b85-4487-a0df-afe572964363,2026-06-21T06:45:00Z,2026-06-21T08:45:00+0200,28.64,EUR/MWh,DE,DE_LU,day_ahead_price,value,2026-07-18T09:44:31Z
2026-07-18T09:43:03Z,2026-07-18T11:43:03+0200,c4e0902c-5b85-4487-a0df-afe572964363,2026-06-21T07:00:00Z,2026-06-21T09:00:00+0200,53.06,EUR/MWh,DE,DE_LU,day_ahead_price,value,2026-07-18T09:44:31Z
2026-07-18T09:43:03Z,2026-07-18T11:43:03+0200,c4e0902c-5b85-4487-a0df-afe572964363,2026-06-21T07:15:00Z,2026-06-21T09:15:00+0200,35.25,EUR/MWh,DE,DE_LU,day_ahead_price,value,2026-07-18T09:44:31Z
2026-07-18T09:43:03Z,2026-07-18T11:43:03+0200,c4e0902c-5b85-4487-a0df-afe572964363,2026-06-21T07:30:00Z,2026-06-21T09:30:00+0200,12.54,EUR/MWh,DE,DE_LU,day_ahead_price,value,2026-07-18T09:44:31Z
2026-07-18T09:43:03Z,2026-07-18T11:43:03+0200,c4e0902c-5b85-4487-a0df-afe572964363,2026-06-21T07:45:00Z,2026-06-21T09:45:00+0200,3.08,EUR/MWh,DE,DE_LU,day_ahead_price,value,2026-07-18T09:44:31Z
2026-07-18T09:43:03Z,2026-07-18T11:43:03+0200,c4e0902c-5b85-4487-a0df-afe572964363,2026-06-21T08:00:00Z,2026-06-21T10:00:00+0200,4.1,EUR/MWh,DE,DE_LU,day_ahead_price,value,2026-07-18T09:44:31Z
2026-07-18T09:43:03Z,2026-07-18T11:43:03+0200,c4e0902c-5b85-4487-a0df-afe572964363,2026-06-21T08:15:00Z,2026-06-21T10:15:00+0200,1.31,EUR/MWh,DE,DE_LU,day_ahead_price,value,2026-07-18T09:44:31Z
2026-07-18T09:43:03Z,2026-07-18T11:43:03+0200,c4e0902c-5b85-4487-a0df-afe572964363,2026-06-21T08:30:00Z,2026-06-21T10:30:00+0200,0.04,EUR/MWh,DE,DE_LU,day_ahead_price,value,2026-07-18T09:44:31Z
2026-07-18T09:43:03Z,2026-07-18T11:43:03+0200,c4e0902c-5b85-4487-a0df-afe572964363,2026-06-21T08:45:00Z,2026-06-21T10:45:00+0200,0.0,EUR/MWh,DE,DE_LU,day_ahead_price,value,2026-07-18T09:44:31Z
2026-07-18T09:43:03Z,2026-07-18T11:43:03+0200,c4e0902c-5b85-4487-a0df-afe572964363,2026-06-21T09:00:00Z,2026-06-21T11:00:00+0200,0.0,EUR/MWh,DE,DE_LU,day_ahead_price,value,2026-07-18T09:44:31Z
2026-07-18T09:43:03Z,2026-07-18T11:43:03+0200,c4e0902c-5b85-4487-a0df-afe572964363,2026-06-21T09:15:00Z,2026-06-21T11:15:00+0200,0.0,EUR/MWh,DE,DE_LU,day_ahead_price,value,2026-07-18T09:44:31Z
2026-07-18T09:43:03Z,2026-07-18T11:43:03+0200,c4e0902c-5b85-4487-a0df-afe572964363,2026-06-21T09:30:00Z,2026-06-21T11:30:00+0200,0.0,EUR/MWh,DE,DE_LU,day_ahead_price,value,2026-07-18T09:44:31Z
2026-07-18T09:43:03Z,2026-07-18T11:43:03+0200,c4e0902c-5b85-4487-a0df-afe572964363,2026-06-21T09:45:00Z,2026-06-21T11:45:00+0200,-0.01,EUR/MWh,DE,DE_LU,day_ahead_price,value,2026-07-18T09:44:31Z
2026-07-18T09:43:03Z,2026-07-18T11:43:03+0200,c4e0902c-5b85-4487-a0df-afe572964363,2026-06-21T10:00:00Z,2026-06-21T12:00:00+0200,0.0,EUR/MWh,DE,DE_LU,day_ahead_price,value,2026-07-18T09:44:31Z
2026-07-18T09:43:03Z,2026-07-18T11:43:03+0200,c4e0902c-5b85-4487-a0df-afe572964363,2026-06-21T10:15:00Z,2026-06-21T12:15:00+0200,-0.01,EUR/MWh,DE,DE_LU,day_ahead_price,value,2026-07-18T09:44:31Z
2026-07-18T09:43:03Z,2026-07-18T11:43:03+0200,c4e0902c-5b85-4487-a0df-afe572964363,2026-06-21T10:30:00Z,2026-06-21T12:30:00+0200,-0.01,EUR/MWh,DE,DE_LU,day_ahead_price,value,2026-07-18T09:44:31Z
2026-07-18T09:43:03Z,2026-07-18T11:43:03+0200,c4e0902c-5b85-4487-a0df-afe572964363,2026-06-21T10:45:00Z,2026-06-21T12:45:00+0200,-0.01,EUR/MWh,DE,DE_LU,day_ahead_price,value,2026-07-18T09:44:31Z
2026-07-18T09:43:03Z,2026-07-18T11:43:03+0200,c4e0902c-5b85-4487-a0df-afe572964363,2026-06-21T11:00:00Z,2026-06-21T13:00:00+0200,-0.01,EUR/MWh,DE,DE_LU,day_ahead_price,value,2026-07-18T09:44:31Z
2026-07-18T09:43:03Z,2026-07-18T11:43:03+0200,c4e0902c-5b85-4487-a0df-afe572964363,2026-06-21T11:15:00Z,2026-06-21T13:15:00+0200,-0.01,EUR/MWh,DE,DE_LU,day_ahead_price,value,2026-07-18T09:44:31Z
2026-07-18T09:43:03Z,2026-07-18T11:43:03+0200,c4e0902c-5b85-4487-a0df-afe572964363,2026-06-21T11:30:00Z,2026-06-21T13:30:00+0200,-0.01,EUR/MWh,DE,DE_LU,day_ahead_price,value,2026-07-18T09:44:31Z
2026-07-18T09:43:03Z,2026-07-18T11:43:03+0200,c4e0902c-5b85-4487-a0df-afe572964363,2026-06-21T11:45:00Z,2026-06-21T13:45:00+0200,-0.01,EUR/MWh,DE,DE_LU,day_ahead_price,value,2026-07-18T09:44:31Z
2026-07-18T09:43:03Z,2026-07-18T11:43:03+0200,c4e0902c-5b85-4487-a0df-afe572964363,2026-06-21T12:00:00Z,2026-06-21T14:00:00+0200,-0.01,EUR/MWh,DE,DE_LU,day_ahead_price,value,2026-07-18T09:44:31Z
2026-07-18T09:43:03Z,2026-07-18T11:43:03+0200,c4e0902c-5b85-4487-a0df-afe572964363,2026-06-21T12:15:00Z,2026-06-21T14:15:00+0200,-0.01,EUR/MWh,DE,DE_LU,day_ahead_price,value,2026-07-18T09:44:31Z
2026-07-18T09:43:03Z,2026-07-18T11:43:03+0200,c4e0902c-5b85-4487-a0df-afe572964363,2026-06-21T12:30:00Z,2026-06-21T14:30:00+0200,0.0,EUR/MWh,DE,DE_LU,day_ahead_price,value,2026-07-18T09:44:31Z
2026-07-18T09:43:03Z,2026-07-18T11:43:03+0200,c4e0902c-5b85-4487-a0df-afe572964363,2026-06-21T12:45:00Z,2026-06-21T14:45:00+0200,0.0,EUR/MWh,DE,DE_LU,day_ahead_price,value,2026-07-18T09:44:31Z
2026-07-18T09:43:03Z,2026-07-18T11:43:03+0200,c4e0902c-5b85-4487-a0df-afe572964363,2026-06-21T13:00:00Z,2026-06-21T15:00:00+0200,0.0,EUR/MWh,DE,DE_LU,day_ahead_price,value,2026-07-18T09:44:31Z
2026-07-18T09:43:03Z,2026-07-18T11:43:03+0200,c4e0902c-5b85-4487-a0df-afe572964363,2026-06-21T13:15:00Z,2026-06-21T15:15:00+0200,0.0,EUR/MWh,DE,DE_LU,day_ahead_price,value,2026-07-18T09:44:31Z
2026-07-18T09:43:03Z,2026-07-18T11:43:03+0200,c4e0902c-5b85-4487-a0df-afe572964363,2026-06-21T13:30:00Z,2026-06-21T15:30:00+0200,0.0,EUR/MWh,DE,DE_LU,day_ahead_price,value,2026-07-18T09:44:31Z
2026-07-18T09:43:03Z,2026-07-18T11:43:03+0200,c4e0902c-5b85-4487-a0df-afe572964363,2026-06-21T13:45:00Z,2026-06-21T15:45:00+0200,0.03,EUR/MWh,DE,DE_LU,day_ahead_price,value,2026-07-18T09:44:31Z
2026-07-18T09:43:03Z,2026-07-18T11:43:03+0200,c4e0902c-5b85-4487-a0df-afe572964363,2026-06-21T14:00:00Z,2026-06-21T16:00:00+0200,0.11,EUR/MWh,DE,DE_LU,day_ahead_price,value,2026-07-18T09:44:31Z
2026-07-18T09:43:03Z,2026-07-18T11:43:03+0200,c4e0902c-5b85-4487-a0df-afe572964363,2026-06-21T14:15:00Z,2026-06-21T16:15:00+0200,2.05,EUR/MWh,DE,DE_LU,day_ahead_price,value,2026-07-18T09:44:31Z
2026-07-18T09:43:03Z,2026-07-18T11:43:03+0200,c4e0902c-5b85-4487-a0df-afe572964363,2026-06-21T14:30:00Z,2026-06-21T16:30:00+0200,6.85,EUR/MWh,DE,DE_LU,day_ahead_price,value,2026-07-18T09:44:31Z
2026-07-18T09:43:03Z,2026-07-18T11:43:03+0200,c4e0902c-5b85-4487-a0df-afe572964363,2026-06-21T14:45:00Z,2026-06-21T16:45:00+0200,42.04,EUR/MWh,DE,DE_LU,day_ahead_price,value,2026-07-18T09:44:31Z
2026-07-18T09:43:03Z,2026-07-18T11:43:03+0200,c4e0902c-5b85-4487-a0df-afe572964363,2026-06-21T15:00:00Z,2026-06-21T17:00:00+0200,20.05,EUR/MWh,DE,DE_LU,day_ahead_price,value,2026-07-18T09:44:31Z
2026-07-18T09:43:03Z,2026-07-18T11:43:03+0200,c4e0902c-5b85-4487-a0df-afe572964363,2026-06-21T15:15:00Z,2026-06-21T17:15:00+0200,71.81,EUR/MWh,DE,DE_LU,day_ahead_price,value,2026-07-18T09:44:31Z
2026-07-18T09:43:03Z,2026-07-18T11:43:03+0200,c4e0902c-5b85-4487-a0df-afe572964363,2026-06-21T15:30:00Z,2026-06-21T17:30:00+0200,95.84,EUR/MWh,DE,DE_LU,day_ahead_price,value,2026-07-18T09:44:31Z
2026-07-18T09:43:03Z,2026-07-18T11:43:03+0200,c4e0902c-5b85-4487-a0df-afe572964363,2026-06-21T15:45:00Z,2026-06-21T17:45:00+0200,123.18,EUR/MWh,DE,DE_LU,day_ahead_price,value,2026-07-18T09:44:31Z
2026-07-18T09:43:03Z,2026-07-18T11:43:03+0200,c4e0902c-5b85-4487-a0df-afe572964363,2026-06-21T16:00:00Z,2026-06-21T18:00:00+0200,100.07,EUR/MWh,DE,DE_LU,day_ahead_price,value,2026-07-18T09:44:31Z
2026-07-18T09:43:03Z,2026-07-18T11:43:03+0200,c4e0902c-5b85-4487-a0df-afe572964363,2026-06-21T16:15:00Z,2026-06-21T18:15:00+0200,111.62,EUR/MWh,DE,DE_LU,day_ahead_price,value,2026-07-18T09:44:31Z
2026-07-18T09:43:03Z,2026-07-18T11:43:03+0200,c4e0902c-5b85-4487-a0df-afe572964363,2026-06-21T16:30:00Z,2026-06-21T18:30:00+0200,117.94,EUR/MWh,DE,DE_LU,day_ahead_price,value,2026-07-18T09:44:31Z
2026-07-18T09:43:03Z,2026-07-18T11:43:03+0200,c4e0902c-5b85-4487-a0df-afe572964363,2026-06-21T16:45:00Z,2026-06-21T18:45:00+0200,132.83,EUR/MWh,DE,DE_LU,day_ahead_price,value,2026-07-18T09:44:31Z
2026-07-18T09:43:03Z,2026-07-18T11:43:03+0200,c4e0902c-5b85-4487-a0df-afe572964363,2026-06-21T17:00:00Z,2026-06-21T19:00:00+0200,118.38,EUR/MWh,DE,DE_LU,day_ahead_price,value,2026-07-18T09:44:31Z
2026-07-18T09:43:03Z,2026-07-18T11:43:03+0200,c4e0902c-5b85-4487-a0df-afe572964363,2026-06-21T17:15:00Z,2026-06-21T19:15:00+0200,134.57,EUR/MWh,DE,DE_LU,day_ahead_price,value,2026-07-18T09:44:31Z
2026-07-18T09:43:03Z,2026-07-18T11:43:03+0200,c4e0902c-5b85-4487-a0df-afe572964363,2026-06-21T17:30:00Z,2026-06-21T19:30:00+0200,140.02,EUR/MWh,DE,DE_LU,day_ahead_price,value,2026-07-18T09:44:31Z
2026-07-18T09:43:03Z,2026-07-18T11:43:03+0200,c4e0902c-5b85-4487-a0df-afe572964363,2026-06-21T17:45:00Z,2026-06-21T19:45:00+0200,142.71,EUR/MWh,DE,DE_LU,day_ahead_price,value,2026-07-18T09:44:31Z
2026-07-18T09:43:03Z,2026-07-18T11:43:03+0200,c4e0902c-5b85-4487-a0df-afe572964363,2026-06-21T18:00:00Z,2026-06-21T20:00:00+0200,142.87,EUR/MWh,DE,DE_LU,day_ahead_price,value,2026-07-18T09:44:31Z
2026-07-18T09:43:03Z,2026-07-18T11:43:03+0200,c4e0902c-5b85-4487-a0df-afe572964363,2026-06-21T18:15:00Z,2026-06-21T20:15:00+0200,149.57,EUR/MWh,DE,DE_LU,day_ahead_price,value,2026-07-18T09:44:31Z
2026-07-18T09:43:03Z,2026-07-18T11:43:03+0200,c4e0902c-5b85-4487-a0df-afe572964363,2026-06-21T18:30:00Z,2026-06-21T20:30:00+0200,153.13,EUR/MWh,DE,DE_LU,day_ahead_price,value,2026-07-18T09:44:31Z
2026-07-18T09:43:03Z,2026-07-18T11:43:03+0200,c4e0902c-5b85-4487-a0df-afe572964363,2026-06-21T18:45:00Z,2026-06-21T20:45:00+0200,154.44,EUR/MWh,DE,DE_LU,day_ahead_price,value,2026-07-18T09:44:31Z
2026-07-18T09:43:03Z,2026-07-18T11:43:03+0200,c4e0902c-5b85-4487-a0df-afe572964363,2026-06-21T19:00:00Z,2026-06-21T21:00:00+0200,152.23,EUR/MWh,DE,DE_LU,day_ahead_price,value,2026-07-18T09:44:31Z
2026-07-18T09:43:03Z,2026-07-18T11:43:03+0200,c4e0902c-5b85-4487-a0df-afe572964363,2026-06-21T19:15:00Z,2026-06-21T21:15:00+0200,150.92,EUR/MWh,DE,DE_LU,day_ahead_price,value,2026-07-18T09:44:31Z
2026-07-18T09:43:03Z,2026-07-18T11:43:03+0200,c4e0902c-5b85-4487-a0df-afe572964363,2026-06-21T19:30:00Z,2026-06-21T21:30:00+0200,150.0,EUR/MWh,DE,DE_LU,day_ahead_price,value,2026-07-18T09:44:31Z
2026-07-18T09:43:03Z,2026-07-18T11:43:03+0200,c4e0902c-5b85-4487-a0df-afe572964363,2026-06-21T19:45:00Z,2026-06-21T21:45:00+0200,147.91,EUR/MWh,DE,DE_LU,day_ahead_price,value,2026-07-18T09:44:31Z
2026-07-18T09:43:03Z,2026-07-18T11:43:03+0200,c4e0902c-5b85-4487-a0df-afe572964363,2026-06-21T20:00:00Z,2026-06-21T22:00:00+0200,150.27,EUR/MWh,DE,DE_LU,day_ahead_price,value,2026-07-18T09:44:31Z
2026-07-18T09:43:03Z,2026-07-18T11:43:03+0200,c4e0902c-5b85-4487-a0df-afe572964363,2026-06-21T20:15:00Z,2026-06-21T22:15:00+0200,149.64,EUR/MWh,DE,DE_LU,day_ahead_price,value,2026-07-18T09:44:31Z
2026-07-18T09:43:03Z,2026-07-18T11:43:03+0200,c4e0902c-5b85-4487-a0df-afe572964363,2026-06-21T20:30:00Z,2026-06-21T22:30:00+0200,145.73,EUR/MWh,DE,DE_LU,day_ahead_price,value,2026-07-18T09:44:31Z
2026-07-18T09:43:03Z,2026-07-18T11:43:03+0200,c4e0902c-5b85-4487-a0df-afe572964363,2026-06-21T20:45:00Z,2026-06-21T22:45:00+0200,138.76,EUR/MWh,DE,DE_LU,day_ahead_price,value,2026-07-18T09:44:31Z
2026-07-18T09:43:03Z,2026-07-18T11:43:03+0200,c4e0902c-5b85-4487-a0df-afe572964363,2026-06-21T21:00:00Z,2026-06-21T23:00:00+0200,144.46,EUR/MWh,DE,DE_LU,day_ahead_price,value,2026-07-18T09:44:31Z
2026-07-18T09:43:03Z,2026-07-18T11:43:03+0200,c4e0902c-5b85-4487-a0df-afe572964363,2026-06-21T21:15:00Z,2026-06-21T23:15:00+0200,136.22,EUR/MWh,DE,DE_LU,day_ahead_price,value,2026-07-18T09:44:31Z
2026-07-18T09:43:03Z,2026-07-18T11:43:03+0200,c4e0902c-5b85-4487-a0df-afe572964363,2026-06-21T21:30:00Z,2026-06-21T23:30:00+0200,132.61,EUR/MWh,DE,DE_LU,day_ahead_price,value,2026-07-18T09:44:31Z
2026-07-18T09:43:03Z,2026-07-18T11:43:03+0200,c4e0902c-5b85-4487-a0df-afe572964363,2026-06-21T21:45:00Z,2026-06-21T23:45:00+0200,122.68,EUR/MWh,DE,DE_LU,day_ahead_price,value,2026-07-18T09:44:31Z
2026-07-18T09:43:03Z,2026-07-18T11:43:03+0200,c4e0902c-5b85-4487-a0df-afe572964363,2026-06-21T22:00:00Z,2026-06-22T00:00:00+0200,138.16,EUR/MWh,DE,DE_LU,day_ahead_price,value,2026-07-18T09:44:31Z
2026-07-18T09:43:03Z,2026-07-18T11:43:03+0200,c4e0902c-5b85-4487-a0df-afe572964363,2026-06-21T22:15:00Z,2026-06-22T00:15:00+0200,129.33,EUR/MWh,DE,DE_LU,day_ahead_price,value,2026-07-18T09:44:31Z
2026-07-18T09:43:03Z,2026-07-18T11:43:03+0200,c4e0902c-5b85-4487-a0df-afe572964363,2026-06-21T22:30:00Z,2026-06-22T00:30:00+0200,124.27,EUR/MWh,DE,DE_LU,day_ahead_price,value,2026-07-18T09:44:31Z
2026-07-18T09:43:03Z,2026-07-18T11:43:03+0200,c4e0902c-5b85-4487-a0df-afe572964363,2026-06-21T22:45:00Z,2026-06-22T00:45:00+0200,121.75,EUR/MWh,DE,DE_LU,day_ahead_price,value,2026-07-18T09:44:31Z
2026-07-18T09:43:03Z,2026-07-18T11:43:03+0200,c4e0902c-5b85-4487-a0df-afe572964363,2026-06-21T23:00:00Z,2026-06-22T01:00:00+0200,122.77,EUR/MWh,DE,DE_LU,day_ahead_price,value,2026-07-18T09:44:31Z
2026-07-18T09:43:03Z,2026-07-18T11:43:03+0200,c4e0902c-5b85-4487-a0df-afe572964363,2026-06-21T23:15:00Z,2026-06-22T01:15:00+0200,121.19,EUR/MWh,DE,DE_LU,day_ahead_price,value,2026-07-18T09:44:31Z
2026-07-18T09:43:03Z,2026-07-18T11:43:03+0200,c4e0902c-5b85-4487-a0df-afe572964363,2026-06-21T23:30:00Z,2026-06-22T01:30:00+0200,118.97,EUR/MWh,DE,DE_LU,day_ahead_price,value,2026-07-18T09:44:31Z
2026-07-18T09:43:03Z,2026-07-18T11:43:03+0200,c4e0902c-5b85-4487-a0df-afe572964363,2026-06-21T23:45:00Z,2026-06-22T01:45:00+0200,117.56,EUR/MWh,DE,DE_LU,day_ahead_price,value,2026-07-18T09:44:31Z
2026-07-18T09:43:03Z,2026-07-18T11:43:03+0200,c4e0902c-5b85-4487-a0df-afe572964363,2026-06-22T00:00:00Z,2026-06-22T02:00:00+0200,119.42,EUR/MWh,DE,DE_LU,day_ahead_price,value,2026-07-18T09:44:31Z
2026-07-18T09:43:03Z,2026-07-18T11:43:03+0200,c4e0902c-5b85-4487-a0df-afe572964363,2026-06-22T00:15:00Z,2026-06-22T02:15:00+0200,114.98,EUR/MWh,DE,DE_LU,day_ahead_price,value,2026-07-18T09:44:31Z
2026-07-18T09:43:03Z,2026-07-18T11:43:03+0200,c4e0902c-5b85-4487-a0df-afe572964363,2026-06-22T00:30:00Z,2026-06-22T02:30:00+0200,113.15,EUR/MWh,DE,DE_LU,day_ahead_price,value,2026-07-18T09:44:31Z
2026-07-18T09:43:03Z,2026-07-18T11:43:03+0200,c4e0902c-5b85-4487-a0df-afe572964363,2026-06-22T00:45:00Z,2026-06-22T02:45:00+0200,112.3,EUR/MWh,DE,DE_LU,day_ahead_price,value,2026-07-18T09:44:31Z
2026-07-18T09:43:03Z,2026-07-18T11:43:03+0200,c4e0902c-5b85-4487-a0df-afe572964363,2026-06-22T01:00:00Z,2026-06-22T03:00:00+0200,114.64,EUR/MWh,DE,DE_LU,day_ahead_price,value,2026-07-18T09:44:31Z
2026-07-18T09:43:03Z,2026-07-18T11:43:03+0200,c4e0902c-5b85-4487-a0df-afe572964363,2026-06-22T01:15:00Z,2026-06-22T03:15:00+0200,114.8,EUR/MWh,DE,DE_LU,day_ahead_price,value,2026-07-18T09:44:31Z
2026-07-18T09:43:03Z,2026-07-18T11:43:03+0200,c4e0902c-5b85-4487-a0df-afe572964363,2026-06-22T01:30:00Z,2026-06-22T03:30:00+0200,115.01,EUR/MWh,DE,DE_LU,day_ahead_price,value,2026-07-18T09:44:31Z
2026-07-18T09:43:03Z,2026-07-18T11:43:03+0200,c4e0902c-5b85-4487-a0df-afe572964363,2026-06-22T01:45:00Z,2026-06-22T03:45:00+0200,116.45,EUR/MWh,DE,DE_LU,day_ahead_price,value,2026-07-18T09:44:31Z
2026-07-18T09:43:03Z,2026-07-18T11:43:03+0200,c4e0902c-5b85-4487-a0df-afe572964363,2026-06-22T02:00:00Z,2026-06-22T04:00:00+0200,114.4,EUR/MWh,DE,DE_LU,day_ahead_price,value,2026-07-18T09:44:31Z
2026-07-18T09:43:03Z,2026-07-18T11:43:03+0200,c4e0902c-5b85-4487-a0df-afe572964363,2026-06-22T02:15:00Z,2026-06-22T04:15:00+0200,116.23,EUR/MWh,DE,DE_LU,day_ahead_price,value,2026-07-18T09:44:31Z
2026-07-18T09:43:03Z,2026-07-18T11:43:03+0200,c4e0902c-5b85-4487-a0df-afe572964363,2026-06-22T02:30:00Z,2026-06-22T04:30:00+0200,117.82,EUR/MWh,DE,DE_LU,day_ahead_price,value,2026-07-18T09:44:31Z
2026-07-18T09:43:03Z,2026-07-18T11:43:03+0200,c4e0902c-5b85-4487-a0df-afe572964363,2026-06-22T02:45:00Z,2026-06-22T04:45:00+0200,120.07,EUR/MWh,DE,DE_LU,day_ahead_price,value,2026-07-18T09:44:31Z
2026-07-18T09:43:03Z,2026-07-18T11:43:03+0200,c4e0902c-5b85-4487-a0df-afe572964363,2026-06-22T03:00:00Z,2026-06-22T05:00:00+0200,118.61,EUR/MWh,DE,DE_LU,day_ahead_price,value,2026-07-18T09:44:31Z
2026-07-18T09:43:03Z,2026-07-18T11:43:03+0200,c4e0902c-5b85-4487-a0df-afe572964363,2026-06-22T03:15:00Z,2026-06-22T05:15:00+0200,121.36,EUR/MWh,DE,DE_LU,day_ahead_price,value,2026-07-18T09:44:31Z
2026-07-18T09:43:03Z,2026-07-18T11:43:03+0200,c4e0902c-5b85-4487-a0df-afe572964363,2026-06-22T03:30:00Z,2026-06-22T05:30:00+0200,123.07,EUR/MWh,DE,DE_LU,day_ahead_price,value,2026-07-18T09:44:31Z
2026-07-18T09:43:03Z,2026-07-18T11:43:03+0200,c4e0902c-5b85-4487-a0df-afe572964363,2026-06-22T03:45:00Z,2026-06-22T05:45:00+0200,132.52,EUR/MWh,DE,DE_LU,day_ahead_price,value,2026-07-18T09:44:31Z
2026-07-18T09:43:03Z,2026-07-18T11:43:03+0200,c4e0902c-5b85-4487-a0df-afe572964363,2026-06-22T04:00:00Z,2026-06-22T06:00:00+0200,136.17,EUR/MWh,DE,DE_LU,day_ahead_price,value,2026-07-18T09:44:31Z
2026-07-18T09:43:03Z,2026-07-18T11:43:03+0200,c4e0902c-5b85-4487-a0df-afe572964363,2026-06-22T04:15:00Z,2026-06-22T06:15:00+0200,140.91,EUR/MWh,DE,DE_LU,day_ahead_price,value,2026-07-18T09:44:31Z
2026-07-18T09:43:03Z,2026-07-18T11:43:03+0200,c4e0902c-5b85-4487-a0df-afe572964363,2026-06-22T04:30:00Z,2026-06-22T06:30:00+0200,142.09,EUR/MWh,DE,DE_LU,day_ahead_price,value,2026-07-18T09:44:31Z
2026-07-18T09:43:03Z,2026-07-18T11:43:03+0200,c4e0902c-5b85-4487-a0df-afe572964363,2026-06-22T04:45:00Z,2026-06-22T06:45:00+0200,142.2,EUR/MWh,DE,DE_LU,day_ahead_price,value,2026-07-18T09:44:31Z
2026-07-18T09:43:03Z,2026-07-18T11:43:03+0200,c4e0902c-5b85-4487-a0df-afe572964363,2026-06-22T05:00:00Z,2026-06-22T07:00:00+0200,153.56,EUR/MWh,DE,DE_LU,day_ahead_price,value,2026-07-18T09:44:31Z
2026-07-18T09:43:03Z,2026-07-18T11:43:03+0200,c4e0902c-5b85-4487-a0df-afe572964363,2026-06-22T05:15:00Z,2026-06-22T07:15:00+0200,148.75,EUR/MWh,DE,DE_LU,day_ahead_price,value,2026-07-18T09:44:31Z
2026-07-18T09:43:03Z,2026-07-18T11:43:03+0200,c4e0902c-5b85-4487-a0df-afe572964363,2026-06-22T05:30:00Z,2026-06-22T07:30:00+0200,146.84,EUR/MWh,DE,DE_LU,day_ahead_price,value,2026-07-18T09:44:31Z
2026-07-18T09:43:03Z,2026-07-18T11:43:03+0200,c4e0902c-5b85-4487-a0df-afe572964363,2026-06-22T05:45:00Z,2026-06-22T07:45:00+0200,135.0,EUR/MWh,DE,DE_LU,day_ahead_price,value,2026-07-18T09:44:31Z
2026-07-18T09:43:03Z,2026-07-18T11:43:03+0200,c4e0902c-5b85-4487-a0df-afe572964363,2026-06-22T06:00:00Z,2026-06-22T08:00:00+0200,147.33,EUR/MWh,DE,DE_LU,day_ahead_price,value,2026-07-18T09:44:31Z
2026-07-18T09:43:03Z,2026-07-18T11:43:03+0200,c4e0902c-5b85-4487-a0df-afe572964363,2026-06-22T06:15:00Z,2026-06-22T08:15:00+0200,134.3,EUR/MWh,DE,DE_LU,day_ahead_price,value,2026-07-18T09:44:31Z
2026-07-18T09:43:03Z,2026-07-18T11:43:03+0200,c4e0902c-5b85-4487-a0df-afe572964363,2026-06-22T06:30:00Z,2026-06-22T08:30:00+0200,125.31,EUR/MWh,DE,DE_LU,day_ahead_price,value,2026-07-18T09:44:31Z
2026-07-18T09:43:03Z,2026-07-18T11:43:03+0200,c4e0902c-5b85-4487-a0df-afe572964363,2026-06-22T06:45:00Z,2026-06-22T08:45:00+0200,108.35,EUR/MWh,DE,DE_LU,day_ahead_price,value,2026-07-18T09:44:31Z
2026-07-18T09:43:03Z,2026-07-18T11:43:03+0200,c4e0902c-5b85-4487-a0df-afe572964363,2026-06-22T07:00:00Z,2026-06-22T09:00:00+0200,123.2,EUR/MWh,DE,DE_LU,day_ahead_price,value,2026-07-18T09:44:31Z
2026-07-18T09:43:03Z,2026-07-18T11:43:03+0200,c4e0902c-5b85-4487-a0df-afe572964363,2026-06-22T07:15:00Z,2026-06-22T09:15:00+0200,113.52,EUR/MWh,DE,DE_LU,day_ahead_price,value,2026-07-18T09:44:31Z
2026-07-18T09:43:03Z,2026-07-18T11:43:03+0200,c4e0902c-5b85-4487-a0df-afe572964363,2026-06-22T07:30:00Z,2026-06-22T09:30:00+0200,101.22,EUR/MWh,DE,DE_LU,day_ahead_price,value,2026-07-18T09:44:31Z
2026-07-18T09:43:03Z,2026-07-18T11:43:03+0200,c4e0902c-5b85-4487-a0df-afe572964363,2026-06-22T07:45:00Z,2026-06-22T09:45:00+0200,90.71,EUR/MWh,DE,DE_LU,day_ahead_price,value,2026-07-18T09:44:31Z
2026-07-18T09:43:03Z,2026-07-18T11:43:03+0200,c4e0902c-5b85-4487-a0df-afe572964363,2026-06-22T08:00:00Z,2026-06-22T10:00:00+0200,104.95,EUR/MWh,DE,DE_LU,day_ahead_price,value,2026-07-18T09:44:31Z
2026-07-18T09:43:03Z,2026-07-18T11:43:03+0200,c4e0902c-5b85-4487-a0df-afe572964363,2026-06-22T08:15:00Z,2026-06-22T10:15:00+0200,88.13,EUR/MWh,DE,DE_LU,day_ahead_price,value,2026-07-18T09:44:31Z
2026-07-18T09:43:03Z,2026-07-18T11:43:03+0200,c4e0902c-5b85-4487-a0df-afe572964363,2026-06-22T08:30:00Z,2026-06-22T10:30:00+0200,80.51,EUR/MWh,DE,DE_LU,day_ahead_price,value,2026-07-18T09:44:31Z
2026-07-18T09:43:03Z,2026-07-18T11:43:03+0200,c4e0902c-5b85-4487-a0df-afe572964363,2026-06-22T08:45:00Z,2026-06-22T10:45:00+0200,65.0,EUR/MWh,DE,DE_LU,day_ahead_price,value,2026-07-18T09:44:31Z
2026-07-18T09:43:03Z,2026-07-18T11:43:03+0200,c4e0902c-5b85-4487-a0df-afe572964363,2026-06-22T09:00:00Z,2026-06-22T11:00:00+0200,71.01,EUR/MWh,DE,DE_LU,day_ahead_price,value,2026-07-18T09:44:31Z
2026-07-18T09:43:03Z,2026-07-18T11:43:03+0200,c4e0902c-5b85-4487-a0df-afe572964363,2026-06-22T09:15:00Z,2026-06-22T11:15:00+0200,61.2,EUR/MWh,DE,DE_LU,day_ahead_price,value,2026-07-18T09:44:31Z
2026-07-18T09:43:03Z,2026-07-18T11:43:03+0200,c4e0902c-5b85-4487-a0df-afe572964363,2026-06-22T09:30:00Z,2026-06-22T11:30:00+0200,51.0,EUR/MWh,DE,DE_LU,day_ahead_price,value,2026-07-18T09:44:31Z
2026-07-18T09:43:03Z,2026-07-18T11:43:03+0200,c4e0902c-5b85-4487-a0df-afe572964363,2026-06-22T09:45:00Z,2026-06-22T11:45:00+0200,46.0,EUR/MWh,DE,DE_LU,day_ahead_price,value,2026-07-18T09:44:31Z
2026-07-18T09:43:03Z,2026-07-18T11:43:03+0200,c4e0902c-5b85-4487-a0df-afe572964363,2026-06-22T10:00:00Z,2026-06-22T12:00:00+0200,49.66,EUR/MWh,DE,DE_LU,day_ahead_price,value,2026-07-18T09:44:31Z
2026-07-18T09:43:03Z,2026-07-18T11:43:03+0200,c4e0902c-5b85-4487-a0df-afe572964363,2026-06-22T10:15:00Z,2026-06-22T12:15:00+0200,40.5,EUR/MWh,DE,DE_LU,day_ahead_price,value,2026-07-18T09:44:31Z
2026-07-18T09:43:03Z,2026-07-18T11:43:03+0200,c4e0902c-5b85-4487-a0df-afe572964363,2026-06-22T10:30:00Z,2026-06-22T12:30:00+0200,37.9,EUR/MWh,DE,DE_LU,day_ahead_price,value,2026-07-18T09:44:31Z
2026-07-18T09:43:03Z,2026-07-18T11:43:03+0200,c4e0902c-5b85-4487-a0df-afe572964363,2026-06-22T10:45:00Z,2026-06-22T12:45:00+0200,30.01,EUR/MWh,DE,DE_LU,day_ahead_price,value,2026-07-18T09:44:31Z
2026-07-18T09:43:03Z,2026-07-18T11:43:03+0200,c4e0902c-5b85-4487-a0df-afe572964363,2026-06-22T11:00:00Z,2026-06-22T13:00:00+0200,35.68,EUR/MWh,DE,DE_LU,day_ahead_price,value,2026-07-18T09:44:31Z
2026-07-18T09:43:03Z,2026-07-18T11:43:03+0200,c4e0902c-5b85-4487-a0df-afe572964363,2026-06-22T11:15:00Z,2026-06-22T13:15:00+0200,33.19,EUR/MWh,DE,DE_LU,day_ahead_price,value,2026-07-18T09:44:31Z
2026-07-18T09:43:03Z,2026-07-18T11:43:03+0200,c4e0902c-5b85-4487-a0df-afe572964363,2026-06-22T11:30:00Z,2026-06-22T13:30:00+0200,30.24,EUR/MWh,DE,DE_LU,day_ahead_price,value,2026-07-18T09:44:31Z
2026-07-18T09:43:03Z,2026-07-18T11:43:03+0200,c4e0902c-5b85-4487-a0df-afe572964363,2026-06-22T11:45:00Z,2026-06-22T13:45:00+0200,30.25,EUR/MWh,DE,DE_LU,day_ahead_price,value,2026-07-18T09:44:31Z
2026-07-18T09:43:03Z,2026-07-18T11:43:03+0200,c4e0902c-5b85-4487-a0df-afe572964363,2026-06-22T12:00:00Z,2026-06-22T14:00:00+0200,29.71,EUR/MWh,DE,DE_LU,day_ahead_price,value,2026-07-18T09:44:31Z
2026-07-18T09:43:03Z,2026-07-18T11:43:03+0200,c4e0902c-5b85-4487-a0df-afe572964363,2026-06-22T12:15:00Z,2026-06-22T14:15:00+0200,39.61,EUR/MWh,DE,DE_LU,day_ahead_price,value,2026-07-18T09:44:31Z
2026-07-18T09:43:03Z,2026-07-18T11:43:03+0200,c4e0902c-5b85-4487-a0df-afe572964363,2026-06-22T12:30:00Z,2026-06-22T14:30:00+0200,44.94,EUR/MWh,DE,DE_LU,day_ahead_price,value,2026-07-18T09:44:31Z
2026-07-18T09:43:03Z,2026-07-18T11:43:03+0200,c4e0902c-5b85-4487-a0df-afe572964363,2026-06-22T12:45:00Z,2026-06-22T14:45:00+0200,52.96,EUR/MWh,DE,DE_LU,day_ahead_price,value,2026-07-18T09:44:31Z
2026-07-18T09:43:03Z,2026-07-18T11:43:03+0200,c4e0902c-5b85-4487-a0df-afe572964363,2026-06-22T13:00:00Z,2026-06-22T15:00:00+0200,48.38,EUR/MWh,DE,DE_LU,day_ahead_price,value,2026-07-18T09:44:31Z
2026-07-18T09:43:03Z,2026-07-18T11:43:03+0200,c4e0902c-5b85-4487-a0df-afe572964363,2026-06-22T13:15:00Z,2026-06-22T15:15:00+0200,59.06,EUR/MWh,DE,DE_LU,day_ahead_price,value,2026-07-18T09:44:31Z
2026-07-18T09:43:03Z,2026-07-18T11:43:03+0200,c4e0902c-5b85-4487-a0df-afe572964363,2026-06-22T13:30:00Z,2026-06-22T15:30:00+0200,65.51,EUR/MWh,DE,DE_LU,day_ahead_price,value,2026-07-18T09:44:31Z
2026-07-18T09:43:03Z,2026-07-18T11:43:03+0200,c4e0902c-5b85-4487-a0df-afe572964363,2026-06-22T13:45:00Z,2026-06-22T15:45:00+0200,81.12,EUR/MWh,DE,DE_LU,day_ahead_price,value,2026-07-18T09:44:31Z
2026-07-18T09:43:03Z,2026-07-18T11:43:03+0200,c4e0902c-5b85-4487-a0df-afe572964363,2026-06-22T14:00:00Z,2026-06-22T16:00:00+0200,72.3,EUR/MWh,DE,DE_LU,day_ahead_price,value,2026-07-18T09:44:31Z
2026-07-18T09:43:03Z,2026-07-18T11:43:03+0200,c4e0902c-5b85-4487-a0df-afe572964363,2026-06-22T14:15:00Z,2026-06-22T16:15:00+0200,84.33,EUR/MWh,DE,DE_LU,day_ahead_price,value,2026-07-18T09:44:31Z
2026-07-18T09:43:03Z,2026-07-18T11:43:03+0200,c4e0902c-5b85-4487-a0df-afe572964363,2026-06-22T14:30:00Z,2026-06-22T16:30:00+0200,94.04,EUR/MWh,DE,DE_LU,day_ahead_price,value,2026-07-18T09:44:31Z
2026-07-18T09:43:03Z,2026-07-18T11:43:03+0200,c4e0902c-5b85-4487-a0df-afe572964363,2026-06-22T14:45:00Z,2026-06-22T16:45:00+0200,112.92,EUR/MWh,DE,DE_LU,day_ahead_price,value,2026-07-18T09:44:31Z
2026-07-18T09:43:03Z,2026-07-18T11:43:03+0200,c4e0902c-5b85-4487-a0df-afe572964363,2026-06-22T15:00:00Z,2026-06-22T17:00:00+0200,92.65,EUR/MWh,DE,DE_LU,day_ahead_price,value,2026-07-18T09:44:31Z
2026-07-18T09:43:03Z,2026-07-18T11:43:03+0200,c4e0902c-5b85-4487-a0df-afe572964363,2026-06-22T15:15:00Z,2026-06-22T17:15:00+0200,111.91,EUR/MWh,DE,DE_LU,day_ahead_price,value,2026-07-18T09:44:31Z
2026-07-18T09:43:03Z,2026-07-18T11:43:03+0200,c4e0902c-5b85-4487-a0df-afe572964363,2026-06-22T15:30:00Z,2026-06-22T17:30:00+0200,120.11,EUR/MWh,DE,DE_LU,day_ahead_price,value,2026-07-18T09:44:31Z
2026-07-18T09:43:03Z,2026-07-18T11:43:03+0200,c4e0902c-5b85-4487-a0df-afe572964363,2026-06-22T15:45:00Z,2026-06-22T17:45:00+0200,131.61,EUR/MWh,DE,DE_LU,day_ahead_price,value,2026-07-18T09:44:31Z
2026-07-18T09:43:03Z,2026-07-18T11:43:03+0200,c4e0902c-5b85-4487-a0df-afe572964363,2026-06-22T16:00:00Z,2026-06-22T18:00:00+0200,119.94,EUR/MWh,DE,DE_LU,day_ahead_price,value,2026-07-18T09:44:31Z
2026-07-18T09:43:03Z,2026-07-18T11:43:03+0200,c4e0902c-5b85-4487-a0df-afe572964363,2026-06-22T16:15:00Z,2026-06-22T18:15:00+0200,131.55,EUR/MWh,DE,DE_LU,day_ahead_price,value,2026-07-18T09:44:31Z
2026-07-18T09:43:03Z,2026-07-18T11:43:03+0200,c4e0902c-5b85-4487-a0df-afe572964363,2026-06-22T16:30:00Z,2026-06-22T18:30:00+0200,149.23,EUR/MWh,DE,DE_LU,day_ahead_price,value,2026-07-18T09:44:31Z
2026-07-18T09:43:03Z,2026-07-18T11:43:03+0200,c4e0902c-5b85-4487-a0df-afe572964363,2026-06-22T16:45:00Z,2026-06-22T18:45:00+0200,181.62,EUR/MWh,DE,DE_LU,day_ahead_price,value,2026-07-18T09:44:31Z
2026-07-18T09:43:03Z,2026-07-18T11:43:03+0200,c4e0902c-5b85-4487-a0df-afe572964363,2026-06-22T17:00:00Z,2026-06-22T19:00:00+0200,150.06,EUR/MWh,DE,DE_LU,day_ahead_price,value,2026-07-18T09:44:31Z
2026-07-18T09:43:03Z,2026-07-18T11:43:03+0200,c4e0902c-5b85-4487-a0df-afe572964363,2026-06-22T17:15:00Z,2026-06-22T19:15:00+0200,165.89,EUR/MWh,DE,DE_LU,day_ahead_price,value,2026-07-18T09:44:31Z
2026-07-18T09:43:03Z,2026-07-18T11:43:03+0200,c4e0902c-5b85-4487-a0df-afe572964363,2026-06-22T17:30:00Z,2026-06-22T19:30:00+0200,208.69,EUR/MWh,DE,DE_LU,day_ahead_price,value,2026-07-18T09:44:31Z
2026-07-18T09:43:03Z,2026-07-18T11:43:03+0200,c4e0902c-5b85-4487-a0df-afe572964363,2026-06-22T17:45:00Z,2026-06-22T19:45:00+0200,269.39,EUR/MWh,DE,DE_LU,day_ahead_price,value,2026-07-18T09:44:31Z
2026-07-18T09:43:03Z,2026-07-18T11:43:03+0200,c4e0902c-5b85-4487-a0df-afe572964363,2026-06-22T18:00:00Z,2026-06-22T20:00:00+0200,222.38,EUR/MWh,DE,DE_LU,day_ahead_price,value,2026-07-18T09:44:31Z
2026-07-18T09:43:03Z,2026-07-18T11:43:03+0200,c4e0902c-5b85-4487-a0df-afe572964363,2026-06-22T18:15:00Z,2026-06-22T20:15:00+0200,263.67,EUR/MWh,DE,DE_LU,day_ahead_price,value,2026-07-18T09:44:31Z
2026-07-18T09:43:03Z,2026-07-18T11:43:03+0200,c4e0902c-5b85-4487-a0df-afe572964363,2026-06-22T18:30:00Z,2026-06-22T20:30:00+0200,293.0,EUR/MWh,DE,DE_LU,day_ahead_price,value,2026-07-18T09:44:31Z
2026-07-18T09:43:03Z,2026-07-18T11:43:03+0200,c4e0902c-5b85-4487-a0df-afe572964363,2026-06-22T18:45:00Z,2026-06-22T20:45:00+0200,308.06,EUR/MWh,DE,DE_LU,day_ahead_price,value,2026-07-18T09:44:31Z
2026-07-18T09:43:03Z,2026-07-18T11:43:03+0200,c4e0902c-5b85-4487-a0df-afe572964363,2026-06-22T19:00:00Z,2026-06-22T21:00:00+0200,287.12,EUR/MWh,DE,DE_LU,day_ahead_price,value,2026-07-18T09:44:31Z
2026-07-18T09:43:03Z,2026-07-18T11:43:03+0200,c4e0902c-5b85-4487-a0df-afe572964363,2026-06-22T19:15:00Z,2026-06-22T21:15:00+0200,270.1,EUR/MWh,DE,DE_LU,day_ahead_price,value,2026-07-18T09:44:31Z
2026-07-18T09:43:03Z,2026-07-18T11:43:03+0200,c4e0902c-5b85-4487-a0df-afe572964363,2026-06-22T19:30:00Z,2026-06-22T21:30:00+0200,241.87,EUR/MWh,DE,DE_LU,day_ahead_price,value,2026-07-18T09:44:31Z
2026-07-18T09:43:03Z,2026-07-18T11:43:03+0200,c4e0902c-5b85-4487-a0df-afe572964363,2026-06-22T19:45:00Z,2026-06-22T21:45:00+0200,202.73,EUR/MWh,DE,DE_LU,day_ahead_price,value,2026-07-18T09:44:31Z
2026-07-18T09:43:03Z,2026-07-18T11:43:03+0200,c4e0902c-5b85-4487-a0df-afe572964363,2026-06-22T20:00:00Z,2026-06-22T22:00:00+0200,229.3,EUR/MWh,DE,DE_LU,day_ahead_price,value,2026-07-18T09:44:31Z
2026-07-18T09:43:03Z,2026-07-18T11:43:03+0200,c4e0902c-5b85-4487-a0df-afe572964363,2026-06-22T20:15:00Z,2026-06-22T22:15:00+0200,204.92,EUR/MWh,DE,DE_LU,day_ahead_price,value,2026-07-18T09:44:31Z
2026-07-18T09:43:03Z,2026-07-18T11:43:03+0200,c4e0902c-5b85-4487-a0df-afe572964363,2026-06-22T20:30:00Z,2026-06-22T22:30:00+0200,170.6,EUR/MWh,DE,DE_LU,day_ahead_price,value,2026-07-18T09:44:31Z
2026-07-18T09:43:03Z,2026-07-18T11:43:03+0200,c4e0902c-5b85-4487-a0df-afe572964363,2026-06-22T20:45:00Z,2026-06-22T22:45:00+0200,153.46,EUR/MWh,DE,DE_LU,day_ahead_price,value,2026-07-18T09:44:31Z
2026-07-18T09:43:03Z,2026-07-18T11:43:03+0200,c4e0902c-5b85-4487-a0df-afe572964363,2026-06-22T21:00:00Z,2026-06-22T23:00:00+0200,164.0,EUR/MWh,DE,DE_LU,day_ahead_price,value,2026-07-18T09:44:31Z
2026-07-18T09:43:03Z,2026-07-18T11:43:03+0200,c4e0902c-5b85-4487-a0df-afe572964363,2026-06-22T21:15:00Z,2026-06-22T23:15:00+0200,159.86,EUR/MWh,DE,DE_LU,day_ahead_price,value,2026-07-18T09:44:31Z
2026-07-18T09:43:03Z,2026-07-18T11:43:03+0200,c4e0902c-5b85-4487-a0df-afe572964363,2026-06-22T21:30:00Z,2026-06-22T23:30:00+0200,153.49,EUR/MWh,DE,DE_LU,day_ahead_price,value,2026-07-18T09:44:31Z
2026-07-18T09:43:03Z,2026-07-18T11:43:03+0200,c4e0902c-5b85-4487-a0df-afe572964363,2026-06-22T21:45:00Z,2026-06-22T23:45:00+0200,146.66,EUR/MWh,DE,DE_LU,day_ahead_price,value,2026-07-18T09:44:31Z
2026-07-18T09:43:03Z,2026-07-18T11:43:03+0200,c4e0902c-5b85-4487-a0df-afe572964363,2026-06-22T22:00:00Z,2026-06-23T00:00:00+0200,154.13,EUR/MWh,DE,DE_LU,day_ahead_price,value,2026-07-18T09:44:31Z
2026-07-18T09:43:03Z,2026-07-18T11:43:03+0200,c4e0902c-5b85-4487-a0df-afe572964363,2026-06-22T22:15:00Z,2026-06-23T00:15:00+0200,148.58,EUR/MWh,DE,DE_LU,day_ahead_price,value,2026-07-18T09:44:31Z
2026-07-18T09:43:03Z,2026-07-18T11:43:03+0200,c4e0902c-5b85-4487-a0df-afe572964363,2026-06-22T22:30:00Z,2026-06-23T00:30:00+0200,143.09,EUR/MWh,DE,DE_LU,day_ahead_price,value,2026-07-18T09:44:31Z
2026-07-18T09:43:03Z,2026-07-18T11:43:03+0200,c4e0902c-5b85-4487-a0df-afe572964363,2026-06-22T22:45:00Z,2026-06-23T00:45:00+0200,138.44,EUR/MWh,DE,DE_LU,day_ahead_price,value,2026-07-18T09:44:31Z
2026-07-18T09:43:03Z,2026-07-18T11:43:03+0200,c4e0902c-5b85-4487-a0df-afe572964363,2026-06-22T23:00:00Z,2026-06-23T01:00:00+0200,143.71,EUR/MWh,DE,DE_LU,day_ahead_price,value,2026-07-18T09:44:31Z
2026-07-18T09:43:03Z,2026-07-18T11:43:03+0200,c4e0902c-5b85-4487-a0df-afe572964363,2026-06-22T23:15:00Z,2026-06-23T01:15:00+0200,139.12,EUR/MWh,DE,DE_LU,day_ahead_price,value,2026-07-18T09:44:31Z
2026-07-18T09:43:03Z,2026-07-18T11:43:03+0200,c4e0902c-5b85-4487-a0df-afe572964363,2026-06-22T23:30:00Z,2026-06-23T01:30:00+0200,137.82,EUR/MWh,DE,DE_LU,day_ahead_price,value,2026-07-18T09:44:31Z
2026-07-18T09:43:03Z,2026-07-18T11:43:03+0200,c4e0902c-5b85-4487-a0df-afe572964363,2026-06-22T23:45:00Z,2026-06-23T01:45:00+0200,135.85,EUR/MWh,DE,DE_LU,day_ahead_price,value,2026-07-18T09:44:31Z
2026-07-18T09:43:03Z,2026-07-18T11:43:03+0200,c4e0902c-5b85-4487-a0df-afe572964363,2026-06-23T00:00:00Z,2026-06-23T02:00:00+0200,136.68,EUR/MWh,DE,DE_LU,day_ahead_price,value,2026-07-18T09:44:31Z
2026-07-18T09:43:03Z,2026-07-18T11:43:03+0200,c4e0902c-5b85-4487-a0df-afe572964363,2026-06-23T00:15:00Z,2026-06-23T02:15:00+0200,135.01,EUR/MWh,DE,DE_LU,day_ahead_price,value,2026-07-18T09:44:31Z
2026-07-18T09:43:03Z,2026-07-18T11:43:03+0200,c4e0902c-5b85-4487-a0df-afe572964363,2026-06-23T00:30:00Z,2026-06-23T02:30:00+0200,133.83,EUR/MWh,DE,DE_LU,day_ahead_price,value,2026-07-18T09:44:31Z
2026-07-18T09:43:03Z,2026-07-18T11:43:03+0200,c4e0902c-5b85-4487-a0df-afe572964363,2026-06-23T00:45:00Z,2026-06-23T02:45:00+0200,134.52,EUR/MWh,DE,DE_LU,day_ahead_price,value,2026-07-18T09:44:31Z
2026-07-18T09:43:03Z,2026-07-18T11:43:03+0200,c4e0902c-5b85-4487-a0df-afe572964363,2026-06-23T01:00:00Z,2026-06-23T03:00:00+0200,134.9,EUR/MWh,DE,DE_LU,day_ahead_price,value,2026-07-18T09:44:31Z
2026-07-18T09:43:03Z,2026-07-18T11:43:03+0200,c4e0902c-5b85-4487-a0df-afe572964363,2026-06-23T01:15:00Z,2026-06-23T03:15:00+0200,136.35,EUR/MWh,DE,DE_LU,day_ahead_price,value,2026-07-18T09:44:31Z
2026-07-18T09:43:03Z,2026-07-18T11:43:03+0200,c4e0902c-5b85-4487-a0df-afe572964363,2026-06-23T01:30:00Z,2026-06-23T03:30:00+0200,135.47,EUR/MWh,DE,DE_LU,day_ahead_price,value,2026-07-18T09:44:31Z
2026-07-18T09:43:03Z,2026-07-18T11:43:03+0200,c4e0902c-5b85-4487-a0df-afe572964363,2026-06-23T01:45:00Z,2026-06-23T03:45:00+0200,136.57,EUR/MWh,DE,DE_LU,day_ahead_price,value,2026-07-18T09:44:31Z
2026-07-18T09:43:03Z,2026-07-18T11:43:03+0200,c4e0902c-5b85-4487-a0df-afe572964363,2026-06-23T02:00:00Z,2026-06-23T04:00:00+0200,136.49,EUR/MWh,DE,DE_LU,day_ahead_price,value,2026-07-18T09:44:31Z
2026-07-18T09:43:03Z,2026-07-18T11:43:03+0200,c4e0902c-5b85-4487-a0df-afe572964363,2026-06-23T02:15:00Z,2026-06-23T04:15:00+0200,136.12,EUR/MWh,DE,DE_LU,day_ahead_price,value,2026-07-18T09:44:31Z
2026-07-18T09:43:03Z,2026-07-18T11:43:03+0200,c4e0902c-5b85-4487-a0df-afe572964363,2026-06-23T02:30:00Z,2026-06-23T04:30:00+0200,137.43,EUR/MWh,DE,DE_LU,day_ahead_price,value,2026-07-18T09:44:31Z
2026-07-18T09:43:03Z,2026-07-18T11:43:03+0200,c4e0902c-5b85-4487-a0df-afe572964363,2026-06-23T02:45:00Z,2026-06-23T04:45:00+0200,142.2,EUR/MWh,DE,DE_LU,day_ahead_price,value,2026-07-18T09:44:31Z
2026-07-18T09:43:03Z,2026-07-18T11:43:03+0200,c4e0902c-5b85-4487-a0df-afe572964363,2026-06-23T03:00:00Z,2026-06-23T05:00:00+0200,135.54,EUR/MWh,DE,DE_LU,day_ahead_price,value,2026-07-18T09:44:31Z
2026-07-18T09:43:03Z,2026-07-18T11:43:03+0200,c4e0902c-5b85-4487-a0df-afe572964363,2026-06-23T03:15:00Z,2026-06-23T05:15:00+0200,136.66,EUR/MWh,DE,DE_LU,day_ahead_price,value,2026-07-18T09:44:31Z
2026-07-18T09:43:03Z,2026-07-18T11:43:03+0200,c4e0902c-5b85-4487-a0df-afe572964363,2026-06-23T03:30:00Z,2026-06-23T05:30:00+0200,143.23,EUR/MWh,DE,DE_LU,day_ahead_price,value,2026-07-18T09:44:31Z
2026-07-18T09:43:03Z,2026-07-18T11:43:03+0200,c4e0902c-5b85-4487-a0df-afe572964363,2026-06-23T03:45:00Z,2026-06-23T05:45:00+0200,153.77,EUR/MWh,DE,DE_LU,day_ahead_price,value,2026-07-18T09:44:31Z
2026-07-18T09:43:03Z,2026-07-18T11:43:03+0200,c4e0902c-5b85-4487-a0df-afe572964363,2026-06-23T04:00:00Z,2026-06-23T06:00:00+0200,152.95,EUR/MWh,DE,DE_LU,day_ahead_price,value,2026-07-18T09:44:31Z
2026-07-18T09:43:03Z,2026-07-18T11:43:03+0200,c4e0902c-5b85-4487-a0df-afe572964363,2026-06-23T04:15:00Z,2026-06-23T06:15:00+0200,163.3,EUR/MWh,DE,DE_LU,day_ahead_price,value,2026-07-18T09:44:31Z
2026-07-18T09:43:03Z,2026-07-18T11:43:03+0200,c4e0902c-5b85-4487-a0df-afe572964363,2026-06-23T04:30:00Z,2026-06-23T06:30:00+0200,167.98,EUR/MWh,DE,DE_LU,day_ahead_price,value,2026-07-18T09:44:31Z
2026-07-18T09:43:03Z,2026-07-18T11:43:03+0200,c4e0902c-5b85-4487-a0df-afe572964363,2026-06-23T04:45:00Z,2026-06-23T06:45:00+0200,172.65,EUR/MWh,DE,DE_LU,day_ahead_price,value,2026-07-18T09:44:31Z
2026-07-18T09:43:03Z,2026-07-18T11:43:03+0200,c4e0902c-5b85-4487-a0df-afe572964363,2026-06-23T05:00:00Z,2026-06-23T07:00:00+0200,181.9,EUR/MWh,DE,DE_LU,day_ahead_price,value,2026-07-18T09:44:31Z
2026-07-18T09:43:03Z,2026-07-18T11:43:03+0200,c4e0902c-5b85-4487-a0df-afe572964363,2026-06-23T05:15:00Z,2026-06-23T07:15:00+0200,167.7,EUR/MWh,DE,DE_LU,day_ahead_price,value,2026-07-18T09:44:31Z
2026-07-18T09:43:03Z,2026-07-18T11:43:03+0200,c4e0902c-5b85-4487-a0df-afe572964363,2026-06-23T05:30:00Z,2026-06-23T07:30:00+0200,154.13,EUR/MWh,DE,DE_LU,day_ahead_price,value,2026-07-18T09:44:31Z
2026-07-18T09:43:03Z,2026-07-18T11:43:03+0200,c4e0902c-5b85-4487-a0df-afe572964363,2026-06-23T05:45:00Z,2026-06-23T07:45:00+0200,136.8,EUR/MWh,DE,DE_LU,day_ahead_price,value,2026-07-18T09:44:31Z
2026-07-18T09:43:03Z,2026-07-18T11:43:03+0200,c4e0902c-5b85-4487-a0df-afe572964363,2026-06-23T06:00:00Z,2026-06-23T08:00:00+0200,158.07,EUR/MWh,DE,DE_LU,day_ahead_price,value,2026-07-18T09:44:31Z
2026-07-18T09:43:03Z,2026-07-18T11:43:03+0200,c4e0902c-5b85-4487-a0df-afe572964363,2026-06-23T06:15:00Z,2026-06-23T08:15:00+0200,141.51,EUR/MWh,DE,DE_LU,day_ahead_price,value,2026-07-18T09:44:31Z
2026-07-18T09:43:03Z,2026-07-18T11:43:03+0200,c4e0902c-5b85-4487-a0df-afe572964363,2026-06-23T06:30:00Z,2026-06-23T08:30:00+0200,123.0,EUR/MWh,DE,DE_LU,day_ahead_price,value,2026-07-18T09:44:31Z
2026-07-18T09:43:03Z,2026-07-18T11:43:03+0200,c4e0902c-5b85-4487-a0df-afe572964363,2026-06-23T06:45:00Z,2026-06-23T08:45:00+0200,112.57,EUR/MWh,DE,DE_LU,day_ahead_price,value,2026-07-18T09:44:31Z
2026-07-18T09:43:03Z,2026-07-18T11:43:03+0200,c4e0902c-5b85-4487-a0df-afe572964363,2026-06-23T07:00:00Z,2026-06-23T09:00:00+0200,124.07,EUR/MWh,DE,DE_LU,day_ahead_price,value,2026-07-18T09:44:31Z
2026-07-18T09:43:03Z,2026-07-18T11:43:03+0200,c4e0902c-5b85-4487-a0df-afe572964363,2026-06-23T07:15:00Z,2026-06-23T09:15:00+0200,115.8,EUR/MWh,DE,DE_LU,day_ahead_price,value,2026-07-18T09:44:31Z
2026-07-18T09:43:03Z,2026-07-18T11:43:03+0200,c4e0902c-5b85-4487-a0df-afe572964363,2026-06-23T07:30:00Z,2026-06-23T09:30:00+0200,108.01,EUR/MWh,DE,DE_LU,day_ahead_price,value,2026-07-18T09:44:31Z
2026-07-18T09:43:03Z,2026-07-18T11:43:03+0200,c4e0902c-5b85-4487-a0df-afe572964363,2026-06-23T07:45:00Z,2026-06-23T09:45:00+0200,100.59,EUR/MWh,DE,DE_LU,day_ahead_price,value,2026-07-18T09:44:31Z
2026-07-18T09:43:03Z,2026-07-18T11:43:03+0200,c4e0902c-5b85-4487-a0df-afe572964363,2026-06-23T08:00:00Z,2026-06-23T10:00:00+0200,113.1,EUR/MWh,DE,DE_LU,day_ahead_price,value,2026-07-18T09:44:31Z
2026-07-18T09:43:03Z,2026-07-18T11:43:03+0200,c4e0902c-5b85-4487-a0df-afe572964363,2026-06-23T08:15:00Z,2026-06-23T10:15:00+0200,99.87,EUR/MWh,DE,DE_LU,day_ahead_price,value,2026-07-18T09:44:31Z
2026-07-18T09:43:03Z,2026-07-18T11:43:03+0200,c4e0902c-5b85-4487-a0df-afe572964363,2026-06-23T08:30:00Z,2026-06-23T10:30:00+0200,89.95,EUR/MWh,DE,DE_LU,day_ahead_price,value,2026-07-18T09:44:31Z
2026-07-18T09:43:03Z,2026-07-18T11:43:03+0200,c4e0902c-5b85-4487-a0df-afe572964363,2026-06-23T08:45:00Z,2026-06-23T10:45:00+0200,82.33,EUR/MWh,DE,DE_LU,day_ahead_price,value,2026-07-18T09:44:31Z
2026-07-18T09:43:03Z,2026-07-18T11:43:03+0200,c4e0902c-5b85-4487-a0df-afe572964363,2026-06-23T09:00:00Z,2026-06-23T11:00:00+0200,86.57,EUR/MWh,DE,DE_LU,day_ahead_price,value,2026-07-18T09:44:31Z
2026-07-18T09:43:03Z,2026-07-18T11:43:03+0200,c4e0902c-5b85-4487-a0df-afe572964363,2026-06-23T09:15:00Z,2026-06-23T11:15:00+0200,79.48,EUR/MWh,DE,DE_LU,day_ahead_price,value,2026-07-18T09:44:31Z
2026-07-18T09:43:03Z,2026-07-18T11:43:03+0200,c4e0902c-5b85-4487-a0df-afe572964363,2026-06-23T09:30:00Z,2026-06-23T11:30:00+0200,70.89,EUR/MWh,DE,DE_LU,day_ahead_price,value,2026-07-18T09:44:31Z
2026-07-18T09:43:03Z,2026-07-18T11:43:03+0200,c4e0902c-5b85-4487-a0df-afe572964363,2026-06-23T09:45:00Z,2026-06-23T11:45:00+0200,69.14,EUR/MWh,DE,DE_LU,day_ahead_price,value,2026-07-18T09:44:31Z
2026-07-18T09:43:03Z,2026-07-18T11:43:03+0200,c4e0902c-5b85-4487-a0df-afe572964363,2026-06-23T10:00:00Z,2026-06-23T12:00:00+0200,76.72,EUR/MWh,DE,DE_LU,day_ahead_price,value,2026-07-18T09:44:31Z
2026-07-18T09:43:03Z,2026-07-18T11:43:03+0200,c4e0902c-5b85-4487-a0df-afe572964363,2026-06-23T10:15:00Z,2026-06-23T12:15:00+0200,67.63,EUR/MWh,DE,DE_LU,day_ahead_price,value,2026-07-18T09:44:31Z
2026-07-18T09:43:03Z,2026-07-18T11:43:03+0200,c4e0902c-5b85-4487-a0df-afe572964363,2026-06-23T10:30:00Z,2026-06-23T12:30:00+0200,63.67,EUR/MWh,DE,DE_LU,day_ahead_price,value,2026-07-18T09:44:31Z
2026-07-18T09:43:03Z,2026-07-18T11:43:03+0200,c4e0902c-5b85-4487-a0df-afe572964363,2026-06-23T10:45:00Z,2026-06-23T12:45:00+0200,60.56,EUR/MWh,DE,DE_LU,day_ahead_price,value,2026-07-18T09:44:31Z
2026-07-18T09:43:03Z,2026-07-18T11:43:03+0200,c4e0902c-5b85-4487-a0df-afe572964363,2026-06-23T11:00:00Z,2026-06-23T13:00:00+0200,62.71,EUR/MWh,DE,DE_LU,day_ahead_price,value,2026-07-18T09:44:31Z
2026-07-18T09:43:03Z,2026-07-18T11:43:03+0200,c4e0902c-5b85-4487-a0df-afe572964363,2026-06-23T11:15:00Z,2026-06-23T13:15:00+0200,62.14,EUR/MWh,DE,DE_LU,day_ahead_price,value,2026-07-18T09:44:31Z
2026-07-18T09:43:03Z,2026-07-18T11:43:03+0200,c4e0902c-5b85-4487-a0df-afe572964363,2026-06-23T11:30:00Z,2026-06-23T13:30:00+0200,59.2,EUR/MWh,DE,DE_LU,day_ahead_price,value,2026-07-18T09:44:31Z
2026-07-18T09:43:03Z,2026-07-18T11:43:03+0200,c4e0902c-5b85-4487-a0df-afe572964363,2026-06-23T11:45:00Z,2026-06-23T13:45:00+0200,57.33,EUR/MWh,DE,DE_LU,day_ahead_price,value,2026-07-18T09:44:31Z
2026-07-18T09:43:03Z,2026-07-18T11:43:03+0200,c4e0902c-5b85-4487-a0df-afe572964363,2026-06-23T12:00:00Z,2026-06-23T14:00:00+0200,57.39,EUR/MWh,DE,DE_LU,day_ahead_price,value,2026-07-18T09:44:31Z
2026-07-18T09:43:03Z,2026-07-18T11:43:03+0200,c4e0902c-5b85-4487-a0df-afe572964363,2026-06-23T12:15:00Z,2026-06-23T14:15:00+0200,63.46,EUR/MWh,DE,DE_LU,day_ahead_price,value,2026-07-18T09:44:31Z
2026-07-18T09:43:03Z,2026-07-18T11:43:03+0200,c4e0902c-5b85-4487-a0df-afe572964363,2026-06-23T12:30:00Z,2026-06-23T14:30:00+0200,71.7,EUR/MWh,DE,DE_LU,day_ahead_price,value,2026-07-18T09:44:31Z
2026-07-18T09:43:03Z,2026-07-18T11:43:03+0200,c4e0902c-5b85-4487-a0df-afe572964363,2026-06-23T12:45:00Z,2026-06-23T14:45:00+0200,78.06,EUR/MWh,DE,DE_LU,day_ahead_price,value,2026-07-18T09:44:31Z
2026-07-18T09:43:03Z,2026-07-18T11:43:03+0200,c4e0902c-5b85-4487-a0df-afe572964363,2026-06-23T13:00:00Z,2026-06-23T15:00:00+0200,68.4,EUR/MWh,DE,DE_LU,day_ahead_price,value,2026-07-18T09:44:31Z
2026-07-18T09:43:03Z,2026-07-18T11:43:03+0200,c4e0902c-5b85-4487-a0df-afe572964363,2026-06-23T13:15:00Z,2026-06-23T15:15:00+0200,75.32,EUR/MWh,DE,DE_LU,day_ahead_price,value,2026-07-18T09:44:31Z
2026-07-18T09:43:03Z,2026-07-18T11:43:03+0200,c4e0902c-5b85-4487-a0df-afe572964363,2026-06-23T13:30:00Z,2026-06-23T15:30:00+0200,88.73,EUR/MWh,DE,DE_LU,day_ahead_price,value,2026-07-18T09:44:31Z
2026-07-18T09:43:03Z,2026-07-18T11:43:03+0200,c4e0902c-5b85-4487-a0df-afe572964363,2026-06-23T13:45:00Z,2026-06-23T15:45:00+0200,92.96,EUR/MWh,DE,DE_LU,day_ahead_price,value,2026-07-18T09:44:31Z
2026-07-18T09:43:03Z,2026-07-18T11:43:03+0200,c4e0902c-5b85-4487-a0df-afe572964363,2026-06-23T14:00:00Z,2026-06-23T16:00:00+0200,80.96,EUR/MWh,DE,DE_LU,day_ahead_price,value,2026-07-18T09:44:31Z
2026-07-18T09:43:03Z,2026-07-18T11:43:03+0200,c4e0902c-5b85-4487-a0df-afe572964363,2026-06-23T14:15:00Z,2026-06-23T16:15:00+0200,95.79,EUR/MWh,DE,DE_LU,day_ahead_price,value,2026-07-18T09:44:31Z
2026-07-18T09:43:03Z,2026-07-18T11:43:03+0200,c4e0902c-5b85-4487-a0df-afe572964363,2026-06-23T14:30:00Z,2026-06-23T16:30:00+0200,107.51,EUR/MWh,DE,DE_LU,day_ahead_price,value,2026-07-18T09:44:31Z
2026-07-18T09:43:03Z,2026-07-18T11:43:03+0200,c4e0902c-5b85-4487-a0df-afe572964363,2026-06-23T14:45:00Z,2026-06-23T16:45:00+0200,120.0,EUR/MWh,DE,DE_LU,day_ahead_price,value,2026-07-18T09:44:31Z
2026-07-18T09:43:03Z,2026-07-18T11:43:03+0200,c4e0902c-5b85-4487-a0df-afe572964363,2026-06-23T15:00:00Z,2026-06-23T17:00:00+0200,103.3,EUR/MWh,DE,DE_LU,day_ahead_price,value,2026-07-18T09:44:31Z
2026-07-18T09:43:03Z,2026-07-18T11:43:03+0200,c4e0902c-5b85-4487-a0df-afe572964363,2026-06-23T15:15:00Z,2026-06-23T17:15:00+0200,117.33,EUR/MWh,DE,DE_LU,day_ahead_price,value,2026-07-18T09:44:31Z
2026-07-18T09:43:03Z,2026-07-18T11:43:03+0200,c4e0902c-5b85-4487-a0df-afe572964363,2026-06-23T15:30:00Z,2026-06-23T17:30:00+0200,124.07,EUR/MWh,DE,DE_LU,day_ahead_price,value,2026-07-18T09:44:31Z
2026-07-18T09:43:03Z,2026-07-18T11:43:03+0200,c4e0902c-5b85-4487-a0df-afe572964363,2026-06-23T15:45:00Z,2026-06-23T17:45:00+0200,142.13,EUR/MWh,DE,DE_LU,day_ahead_price,value,2026-07-18T09:44:31Z
2026-07-18T09:43:03Z,2026-07-18T11:43:03+0200,c4e0902c-5b85-4487-a0df-afe572964363,2026-06-23T16:00:00Z,2026-06-23T18:00:00+0200,119.87,EUR/MWh,DE,DE_LU,day_ahead_price,value,2026-07-18T09:44:31Z
2026-07-18T09:43:03Z,2026-07-18T11:43:03+0200,c4e0902c-5b85-4487-a0df-afe572964363,2026-06-23T16:15:00Z,2026-06-23T18:15:00+0200,147.23,EUR/MWh,DE,DE_LU,day_ahead_price,value,2026-07-18T09:44:31Z
2026-07-18T09:43:03Z,2026-07-18T11:43:03+0200,c4e0902c-5b85-4487-a0df-afe572964363,2026-06-23T16:30:00Z,2026-06-23T18:30:00+0200,178.52,EUR/MWh,DE,DE_LU,day_ahead_price,value,2026-07-18T09:44:31Z
2026-07-18T09:43:03Z,2026-07-18T11:43:03+0200,c4e0902c-5b85-4487-a0df-afe572964363,2026-06-23T16:45:00Z,2026-06-23T18:45:00+0200,233.11,EUR/MWh,DE,DE_LU,day_ahead_price,value,2026-07-18T09:44:31Z
2026-07-18T09:43:03Z,2026-07-18T11:43:03+0200,c4e0902c-5b85-4487-a0df-afe572964363,2026-06-23T17:00:00Z,2026-06-23T19:00:00+0200,180.97,EUR/MWh,DE,DE_LU,day_ahead_price,value,2026-07-18T09:44:31Z
2026-07-18T09:43:03Z,2026-07-18T11:43:03+0200,c4e0902c-5b85-4487-a0df-afe572964363,2026-06-23T17:15:00Z,2026-06-23T19:15:00+0200,243.87,EUR/MWh,DE,DE_LU,day_ahead_price,value,2026-07-18T09:44:31Z
2026-07-18T09:43:03Z,2026-07-18T11:43:03+0200,c4e0902c-5b85-4487-a0df-afe572964363,2026-06-23T17:30:00Z,2026-06-23T19:30:00+0200,423.37,EUR/MWh,DE,DE_LU,day_ahead_price,value,2026-07-18T09:44:31Z
2026-07-18T09:43:03Z,2026-07-18T11:43:03+0200,c4e0902c-5b85-4487-a0df-afe572964363,2026-06-23T17:45:00Z,2026-06-23T19:45:00+0200,514.61,EUR/MWh,DE,DE_LU,day_ahead_price,value,2026-07-18T09:44:31Z
2026-07-18T09:43:03Z,2026-07-18T11:43:03+0200,c4e0902c-5b85-4487-a0df-afe572964363,2026-06-23T18:00:00Z,2026-06-23T20:00:00+0200,458.7,EUR/MWh,DE,DE_LU,day_ahead_price,value,2026-07-18T09:44:31Z
2026-07-18T09:43:03Z,2026-07-18T11:43:03+0200,c4e0902c-5b85-4487-a0df-afe572964363,2026-06-23T18:15:00Z,2026-06-23T20:15:00+0200,529.61,EUR/MWh,DE,DE_LU,day_ahead_price,value,2026-07-18T09:44:31Z
2026-07-18T09:43:03Z,2026-07-18T11:43:03+0200,c4e0902c-5b85-4487-a0df-afe572964363,2026-06-23T18:30:00Z,2026-06-23T20:30:00+0200,578.69,EUR/MWh,DE,DE_LU,day_ahead_price,value,2026-07-18T09:44:31Z
2026-07-18T09:43:03Z,2026-07-18T11:43:03+0200,c4e0902c-5b85-4487-a0df-afe572964363,2026-06-23T18:45:00Z,2026-06-23T20:45:00+0200,615.02,EUR/MWh,DE,DE_LU,day_ahead_price,value,2026-07-18T09:44:31Z
2026-07-18T09:43:03Z,2026-07-18T11:43:03+0200,c4e0902c-5b85-4487-a0df-afe572964363,2026-06-23T19:00:00Z,2026-06-23T21:00:00+0200,565.74,EUR/MWh,DE,DE_LU,day_ahead_price,value,2026-07-18T09:44:31Z
2026-07-18T09:43:03Z,2026-07-18T11:43:03+0200,c4e0902c-5b85-4487-a0df-afe572964363,2026-06-23T19:15:00Z,2026-06-23T21:15:00+0200,555.28,EUR/MWh,DE,DE_LU,day_ahead_price,value,2026-07-18T09:44:31Z
2026-07-18T09:43:03Z,2026-07-18T11:43:03+0200,c4e0902c-5b85-4487-a0df-afe572964363,2026-06-23T19:30:00Z,2026-06-23T21:30:00+0200,546.71,EUR/MWh,DE,DE_LU,day_ahead_price,value,2026-07-18T09:44:31Z
2026-07-18T09:43:03Z,2026-07-18T11:43:03+0200,c4e0902c-5b85-4487-a0df-afe572964363,2026-06-23T19:45:00Z,2026-06-23T21:45:00+0200,447.22,EUR/MWh,DE,DE_LU,day_ahead_price,value,2026-07-18T09:44:31Z
2026-07-18T09:43:03Z,2026-07-18T11:43:03+0200,c4e0902c-5b85-4487-a0df-afe572964363,2026-06-23T20:00:00Z,2026-06-23T22:00:00+0200,462.55,EUR/MWh,DE,DE_LU,day_ahead_price,value,2026-07-18T09:44:31Z
2026-07-18T09:43:03Z,2026-07-18T11:43:03+0200,c4e0902c-5b85-4487-a0df-afe572964363,2026-06-23T20:15:00Z,2026-06-23T22:15:00+0200,419.71,EUR/MWh,DE,DE_LU,day_ahead_price,value,2026-07-18T09:44:31Z
2026-07-18T09:43:03Z,2026-07-18T11:43:03+0200,c4e0902c-5b85-4487-a0df-afe572964363,2026-06-23T20:30:00Z,2026-06-23T22:30:00+0200,265.68,EUR/MWh,DE,DE_LU,day_ahead_price,value,2026-07-18T09:44:31Z
2026-07-18T09:43:03Z,2026-07-18T11:43:03+0200,c4e0902c-5b85-4487-a0df-afe572964363,2026-06-23T20:45:00Z,2026-06-23T22:45:00+0200,192.53,EUR/MWh,DE,DE_LU,day_ahead_price,value,2026-07-18T09:44:31Z
2026-07-18T09:43:03Z,2026-07-18T11:43:03+0200,c4e0902c-5b85-4487-a0df-afe572964363,2026-06-23T21:00:00Z,2026-06-23T23:00:00+0200,218.47,EUR/MWh,DE,DE_LU,day_ahead_price,value,2026-07-18T09:44:31Z
2026-07-18T09:43:03Z,2026-07-18T11:43:03+0200,c4e0902c-5b85-4487-a0df-afe572964363,2026-06-23T21:15:00Z,2026-06-23T23:15:00+0200,222.47,EUR/MWh,DE,DE_LU,day_ahead_price,value,2026-07-18T09:44:31Z
2026-07-18T09:43:03Z,2026-07-18T11:43:03+0200,c4e0902c-5b85-4487-a0df-afe572964363,2026-06-23T21:30:00Z,2026-06-23T23:30:00+0200,187.3,EUR/MWh,DE,DE_LU,day_ahead_price,value,2026-07-18T09:44:31Z
2026-07-18T09:43:03Z,2026-07-18T11:43:03+0200,c4e0902c-5b85-4487-a0df-afe572964363,2026-06-23T21:45:00Z,2026-06-23T23:45:00+0200,169.35,EUR/MWh,DE,DE_LU,day_ahead_price,value,2026-07-18T09:44:31Z
2026-07-18T09:43:03Z,2026-07-18T11:43:03+0200,c4e0902c-5b85-4487-a0df-afe572964363,2026-06-23T22:00:00Z,2026-06-24T00:00:00+0200,214.52,EUR/MWh,DE,DE_LU,day_ahead_price,value,2026-07-18T09:44:31Z
2026-07-18T09:43:03Z,2026-07-18T11:43:03+0200,c4e0902c-5b85-4487-a0df-afe572964363,2026-06-23T22:15:00Z,2026-06-24T00:15:00+0200,179.78,EUR/MWh,DE,DE_LU,day_ahead_price,value,2026-07-18T09:44:31Z
2026-07-18T09:43:03Z,2026-07-18T11:43:03+0200,c4e0902c-5b85-4487-a0df-afe572964363,2026-06-23T22:30:00Z,2026-06-24T00:30:00+0200,165.0,EUR/MWh,DE,DE_LU,day_ahead_price,value,2026-07-18T09:44:31Z
2026-07-18T09:43:03Z,2026-07-18T11:43:03+0200,c4e0902c-5b85-4487-a0df-afe572964363,2026-06-23T22:45:00Z,2026-06-24T00:45:00+0200,155.91,EUR/MWh,DE,DE_LU,day_ahead_price,value,2026-07-18T09:44:31Z
2026-07-18T09:43:03Z,2026-07-18T11:43:03+0200,c4e0902c-5b85-4487-a0df-afe572964363,2026-06-23T23:00:00Z,2026-06-24T01:00:00+0200,179.63,EUR/MWh,DE,DE_LU,day_ahead_price,value,2026-07-18T09:44:31Z
2026-07-18T09:43:03Z,2026-07-18T11:43:03+0200,c4e0902c-5b85-4487-a0df-afe572964363,2026-06-23T23:15:00Z,2026-06-24T01:15:00+0200,164.26,EUR/MWh,DE,DE_LU,day_ahead_price,value,2026-07-18T09:44:31Z
2026-07-18T09:43:03Z,2026-07-18T11:43:03+0200,c4e0902c-5b85-4487-a0df-afe572964363,2026-06-23T23:30:00Z,2026-06-24T01:30:00+0200,156.72,EUR/MWh,DE,DE_LU,day_ahead_price,value,2026-07-18T09:44:31Z
2026-07-18T09:43:03Z,2026-07-18T11:43:03+0200,c4e0902c-5b85-4487-a0df-afe572964363,2026-06-23T23:45:00Z,2026-06-24T01:45:00+0200,150.01,EUR/MWh,DE,DE_LU,day_ahead_price,value,2026-07-18T09:44:31Z
2026-07-18T09:43:03Z,2026-07-18T11:43:03+0200,c4e0902c-5b85-4487-a0df-afe572964363,2026-06-24T00:00:00Z,2026-06-24T02:00:00+0200,151.74,EUR/MWh,DE,DE_LU,day_ahead_price,value,2026-07-18T09:44:31Z
2026-07-18T09:43:03Z,2026-07-18T11:43:03+0200,c4e0902c-5b85-4487-a0df-afe572964363,2026-06-24T00:15:00Z,2026-06-24T02:15:00+0200,148.08,EUR/MWh,DE,DE_LU,day_ahead_price,value,2026-07-18T09:44:31Z
2026-07-18T09:43:03Z,2026-07-18T11:43:03+0200,c4e0902c-5b85-4487-a0df-afe572964363,2026-06-24T00:30:00Z,2026-06-24T02:30:00+0200,147.39,EUR/MWh,DE,DE_LU,day_ahead_price,value,2026-07-18T09:44:31Z
2026-07-18T09:43:03Z,2026-07-18T11:43:03+0200,c4e0902c-5b85-4487-a0df-afe572964363,2026-06-24T00:45:00Z,2026-06-24T02:45:00+0200,144.81,EUR/MWh,DE,DE_LU,day_ahead_price,value,2026-07-18T09:44:31Z
2026-07-18T09:43:03Z,2026-07-18T11:43:03+0200,c4e0902c-5b85-4487-a0df-afe572964363,2026-06-24T01:00:00Z,2026-06-24T03:00:00+0200,144.5,EUR/MWh,DE,DE_LU,day_ahead_price,value,2026-07-18T09:44:31Z
2026-07-18T09:43:03Z,2026-07-18T11:43:03+0200,c4e0902c-5b85-4487-a0df-afe572964363,2026-06-24T01:15:00Z,2026-06-24T03:15:00+0200,143.98,EUR/MWh,DE,DE_LU,day_ahead_price,value,2026-07-18T09:44:31Z
2026-07-18T09:43:03Z,2026-07-18T11:43:03+0200,c4e0902c-5b85-4487-a0df-afe572964363,2026-06-24T01:30:00Z,2026-06-24T03:30:00+0200,143.93,EUR/MWh,DE,DE_LU,day_ahead_price,value,2026-07-18T09:44:31Z
2026-07-18T09:43:03Z,2026-07-18T11:43:03+0200,c4e0902c-5b85-4487-a0df-afe572964363,2026-06-24T01:45:00Z,2026-06-24T03:45:00+0200,143.79,EUR/MWh,DE,DE_LU,day_ahead_price,value,2026-07-18T09:44:31Z
2026-07-18T09:43:03Z,2026-07-18T11:43:03+0200,c4e0902c-5b85-4487-a0df-afe572964363,2026-06-24T02:00:00Z,2026-06-24T04:00:00+0200,144.02,EUR/MWh,DE,DE_LU,day_ahead_price,value,2026-07-18T09:44:31Z
2026-07-18T09:43:03Z,2026-07-18T11:43:03+0200,c4e0902c-5b85-4487-a0df-afe572964363,2026-06-24T02:15:00Z,2026-06-24T04:15:00+0200,144.55,EUR/MWh,DE,DE_LU,day_ahead_price,value,2026-07-18T09:44:31Z
2026-07-18T09:43:03Z,2026-07-18T11:43:03+0200,c4e0902c-5b85-4487-a0df-afe572964363,2026-06-24T02:30:00Z,2026-06-24T04:30:00+0200,144.18,EUR/MWh,DE,DE_LU,day_ahead_price,value,2026-07-18T09:44:31Z
2026-07-18T09:43:03Z,2026-07-18T11:43:03+0200,c4e0902c-5b85-4487-a0df-afe572964363,2026-06-24T02:45:00Z,2026-06-24T04:45:00+0200,145.09,EUR/MWh,DE,DE_LU,day_ahead_price,value,2026-07-18T09:44:31Z
2026-07-18T09:43:03Z,2026-07-18T11:43:03+0200,c4e0902c-5b85-4487-a0df-afe572964363,2026-06-24T03:00:00Z,2026-06-24T05:00:00+0200,145.16,EUR/MWh,DE,DE_LU,day_ahead_price,value,2026-07-18T09:44:31Z
2026-07-18T09:43:03Z,2026-07-18T11:43:03+0200,c4e0902c-5b85-4487-a0df-afe572964363,2026-06-24T03:15:00Z,2026-06-24T05:15:00+0200,148.81,EUR/MWh,DE,DE_LU,day_ahead_price,value,2026-07-18T09:44:31Z
2026-07-18T09:43:03Z,2026-07-18T11:43:03+0200,c4e0902c-5b85-4487-a0df-afe572964363,2026-06-24T03:30:00Z,2026-06-24T05:30:00+0200,154.62,EUR/MWh,DE,DE_LU,day_ahead_price,value,2026-07-18T09:44:31Z
2026-07-18T09:43:03Z,2026-07-18T11:43:03+0200,c4e0902c-5b85-4487-a0df-afe572964363,2026-06-24T03:45:00Z,2026-06-24T05:45:00+0200,157.88,EUR/MWh,DE,DE_LU,day_ahead_price,value,2026-07-18T09:44:31Z
2026-07-18T09:43:03Z,2026-07-18T11:43:03+0200,c4e0902c-5b85-4487-a0df-afe572964363,2026-06-24T04:00:00Z,2026-06-24T06:00:00+0200,169.51,EUR/MWh,DE,DE_LU,day_ahead_price,value,2026-07-18T09:44:31Z
2026-07-18T09:43:03Z,2026-07-18T11:43:03+0200,c4e0902c-5b85-4487-a0df-afe572964363,2026-06-24T04:15:00Z,2026-06-24T06:15:00+0200,169.78,EUR/MWh,DE,DE_LU,day_ahead_price,value,2026-07-18T09:44:31Z
2026-07-18T09:43:03Z,2026-07-18T11:43:03+0200,c4e0902c-5b85-4487-a0df-afe572964363,2026-06-24T04:30:00Z,2026-06-24T06:30:00+0200,180.88,EUR/MWh,DE,DE_LU,day_ahead_price,value,2026-07-18T09:44:31Z
2026-07-18T09:43:03Z,2026-07-18T11:43:03+0200,c4e0902c-5b85-4487-a0df-afe572964363,2026-06-24T04:45:00Z,2026-06-24T06:45:00+0200,192.5,EUR/MWh,DE,DE_LU,day_ahead_price,value,2026-07-18T09:44:31Z
2026-07-18T09:43:03Z,2026-07-18T11:43:03+0200,c4e0902c-5b85-4487-a0df-afe572964363,2026-06-24T05:00:00Z,2026-06-24T07:00:00+0200,210.74,EUR/MWh,DE,DE_LU,day_ahead_price,value,2026-07-18T09:44:31Z
2026-07-18T09:43:03Z,2026-07-18T11:43:03+0200,c4e0902c-5b85-4487-a0df-afe572964363,2026-06-24T05:15:00Z,2026-06-24T07:15:00+0200,178.78,EUR/MWh,DE,DE_LU,day_ahead_price,value,2026-07-18T09:44:31Z
2026-07-18T09:43:03Z,2026-07-18T11:43:03+0200,c4e0902c-5b85-4487-a0df-afe572964363,2026-06-24T05:30:00Z,2026-06-24T07:30:00+0200,159.81,EUR/MWh,DE,DE_LU,day_ahead_price,value,2026-07-18T09:44:31Z
2026-07-18T09:43:03Z,2026-07-18T11:43:03+0200,c4e0902c-5b85-4487-a0df-afe572964363,2026-06-24T05:45:00Z,2026-06-24T07:45:00+0200,141.11,EUR/MWh,DE,DE_LU,day_ahead_price,value,2026-07-18T09:44:31Z
2026-07-18T09:43:03Z,2026-07-18T11:43:03+0200,c4e0902c-5b85-4487-a0df-afe572964363,2026-06-24T06:00:00Z,2026-06-24T08:00:00+0200,190.76,EUR/MWh,DE,DE_LU,day_ahead_price,value,2026-07-18T09:44:31Z
2026-07-18T09:43:03Z,2026-07-18T11:43:03+0200,c4e0902c-5b85-4487-a0df-afe572964363,2026-06-24T06:15:00Z,2026-06-24T08:15:00+0200,150.91,EUR/MWh,DE,DE_LU,day_ahead_price,value,2026-07-18T09:44:31Z
2026-07-18T09:43:03Z,2026-07-18T11:43:03+0200,c4e0902c-5b85-4487-a0df-afe572964363,2026-06-24T06:30:00Z,2026-06-24T08:30:00+0200,140.75,EUR/MWh,DE,DE_LU,day_ahead_price,value,2026-07-18T09:44:31Z
2026-07-18T09:43:03Z,2026-07-18T11:43:03+0200,c4e0902c-5b85-4487-a0df-afe572964363,2026-06-24T06:45:00Z,2026-06-24T08:45:00+0200,114.97,EUR/MWh,DE,DE_LU,day_ahead_price,value,2026-07-18T09:44:31Z
2026-07-18T09:43:03Z,2026-07-18T11:43:03+0200,c4e0902c-5b85-4487-a0df-afe572964363,2026-06-24T07:00:00Z,2026-06-24T09:00:00+0200,138.9,EUR/MWh,DE,DE_LU,day_ahead_price,value,2026-07-18T09:44:31Z
2026-07-18T09:43:03Z,2026-07-18T11:43:03+0200,c4e0902c-5b85-4487-a0df-afe572964363,2026-06-24T07:15:00Z,2026-06-24T09:15:00+0200,124.82,EUR/MWh,DE,DE_LU,day_ahead_price,value,2026-07-18T09:44:31Z
2026-07-18T09:43:03Z,2026-07-18T11:43:03+0200,c4e0902c-5b85-4487-a0df-afe572964363,2026-06-24T07:30:00Z,2026-06-24T09:30:00+0200,110.39,EUR/MWh,DE,DE_LU,day_ahead_price,value,2026-07-18T09:44:31Z
2026-07-18T09:43:03Z,2026-07-18T11:43:03+0200,c4e0902c-5b85-4487-a0df-afe572964363,2026-06-24T07:45:00Z,2026-06-24T09:45:00+0200,103.14,EUR/MWh,DE,DE_LU,day_ahead_price,value,2026-07-18T09:44:31Z
2026-07-18T09:43:03Z,2026-07-18T11:43:03+0200,c4e0902c-5b85-4487-a0df-afe572964363,2026-06-24T08:00:00Z,2026-06-24T10:00:00+0200,120.91,EUR/MWh,DE,DE_LU,day_ahead_price,value,2026-07-18T09:44:31Z
2026-07-18T09:43:03Z,2026-07-18T11:43:03+0200,c4e0902c-5b85-4487-a0df-afe572964363,2026-06-24T08:15:00Z,2026-06-24T10:15:00+0200,109.51,EUR/MWh,DE,DE_LU,day_ahead_price,value,2026-07-18T09:44:31Z
2026-07-18T09:43:03Z,2026-07-18T11:43:03+0200,c4e0902c-5b85-4487-a0df-afe572964363,2026-06-24T08:30:00Z,2026-06-24T10:30:00+0200,100.16,EUR/MWh,DE,DE_LU,day_ahead_price,value,2026-07-18T09:44:31Z
2026-07-18T09:43:03Z,2026-07-18T11:43:03+0200,c4e0902c-5b85-4487-a0df-afe572964363,2026-06-24T08:45:00Z,2026-06-24T10:45:00+0200,79.07,EUR/MWh,DE,DE_LU,day_ahead_price,value,2026-07-18T09:44:31Z
2026-07-18T09:43:03Z,2026-07-18T11:43:03+0200,c4e0902c-5b85-4487-a0df-afe572964363,2026-06-24T09:00:00Z,2026-06-24T11:00:00+0200,100.31,EUR/MWh,DE,DE_LU,day_ahead_price,value,2026-07-18T09:44:31Z
2026-07-18T09:43:03Z,2026-07-18T11:43:03+0200,c4e0902c-5b85-4487-a0df-afe572964363,2026-06-24T09:15:00Z,2026-06-24T11:15:00+0200,89.99,EUR/MWh,DE,DE_LU,day_ahead_price,value,2026-07-18T09:44:31Z
2026-07-18T09:43:03Z,2026-07-18T11:43:03+0200,c4e0902c-5b85-4487-a0df-afe572964363,2026-06-24T09:30:00Z,2026-06-24T11:30:00+0200,78.99,EUR/MWh,DE,DE_LU,day_ahead_price,value,2026-07-18T09:44:31Z
2026-07-18T09:43:03Z,2026-07-18T11:43:03+0200,c4e0902c-5b85-4487-a0df-afe572964363,2026-06-24T09:45:00Z,2026-06-24T11:45:00+0200,68.79,EUR/MWh,DE,DE_LU,day_ahead_price,value,2026-07-18T09:44:31Z
2026-07-18T09:43:03Z,2026-07-18T11:43:03+0200,c4e0902c-5b85-4487-a0df-afe572964363,2026-06-24T10:00:00Z,2026-06-24T12:00:00+0200,86.04,EUR/MWh,DE,DE_LU,day_ahead_price,value,2026-07-18T09:44:31Z
2026-07-18T09:43:03Z,2026-07-18T11:43:03+0200,c4e0902c-5b85-4487-a0df-afe572964363,2026-06-24T10:15:00Z,2026-06-24T12:15:00+0200,72.67,EUR/MWh,DE,DE_LU,day_ahead_price,value,2026-07-18T09:44:31Z
2026-07-18T09:43:03Z,2026-07-18T11:43:03+0200,c4e0902c-5b85-4487-a0df-afe572964363,2026-06-24T10:30:00Z,2026-06-24T12:30:00+0200,71.08,EUR/MWh,DE,DE_LU,day_ahead_price,value,2026-07-18T09:44:31Z
2026-07-18T09:43:03Z,2026-07-18T11:43:03+0200,c4e0902c-5b85-4487-a0df-afe572964363,2026-06-24T10:45:00Z,2026-06-24T12:45:00+0200,64.25,EUR/MWh,DE,DE_LU,day_ahead_price,value,2026-07-18T09:44:31Z
2026-07-18T09:43:03Z,2026-07-18T11:43:03+0200,c4e0902c-5b85-4487-a0df-afe572964363,2026-06-24T11:00:00Z,2026-06-24T13:00:00+0200,75.06,EUR/MWh,DE,DE_LU,day_ahead_price,value,2026-07-18T09:44:31Z
2026-07-18T09:43:03Z,2026-07-18T11:43:03+0200,c4e0902c-5b85-4487-a0df-afe572964363,2026-06-24T11:15:00Z,2026-06-24T13:15:00+0200,70.52,EUR/MWh,DE,DE_LU,day_ahead_price,value,2026-07-18T09:44:31Z
2026-07-18T09:43:03Z,2026-07-18T11:43:03+0200,c4e0902c-5b85-4487-a0df-afe572964363,2026-06-24T11:30:00Z,2026-06-24T13:30:00+0200,70.06,EUR/MWh,DE,DE_LU,day_ahead_price,value,2026-07-18T09:44:31Z
2026-07-18T09:43:03Z,2026-07-18T11:43:03+0200,c4e0902c-5b85-4487-a0df-afe572964363,2026-06-24T11:45:00Z,2026-06-24T13:45:00+0200,68.29,EUR/MWh,DE,DE_LU,day_ahead_price,value,2026-07-18T09:44:31Z
2026-07-18T09:43:03Z,2026-07-18T11:43:03+0200,c4e0902c-5b85-4487-a0df-afe572964363,2026-06-24T12:00:00Z,2026-06-24T14:00:00+0200,66.88,EUR/MWh,DE,DE_LU,day_ahead_price,value,2026-07-18T09:44:31Z
2026-07-18T09:43:03Z,2026-07-18T11:43:03+0200,c4e0902c-5b85-4487-a0df-afe572964363,2026-06-24T12:15:00Z,2026-06-24T14:15:00+0200,73.18,EUR/MWh,DE,DE_LU,day_ahead_price,value,2026-07-18T09:44:31Z
2026-07-18T09:43:03Z,2026-07-18T11:43:03+0200,c4e0902c-5b85-4487-a0df-afe572964363,2026-06-24T12:30:00Z,2026-06-24T14:30:00+0200,74.28,EUR/MWh,DE,DE_LU,day_ahead_price,value,2026-07-18T09:44:31Z
2026-07-18T09:43:03Z,2026-07-18T11:43:03+0200,c4e0902c-5b85-4487-a0df-afe572964363,2026-06-24T12:45:00Z,2026-06-24T14:45:00+0200,83.72,EUR/MWh,DE,DE_LU,day_ahead_price,value,2026-07-18T09:44:31Z
2026-07-18T09:43:03Z,2026-07-18T11:43:03+0200,c4e0902c-5b85-4487-a0df-afe572964363,2026-06-24T13:00:00Z,2026-06-24T15:00:00+0200,65.47,EUR/MWh,DE,DE_LU,day_ahead_price,value,2026-07-18T09:44:31Z
2026-07-18T09:43:03Z,2026-07-18T11:43:03+0200,c4e0902c-5b85-4487-a0df-afe572964363,2026-06-24T13:15:00Z,2026-06-24T15:15:00+0200,85.94,EUR/MWh,DE,DE_LU,day_ahead_price,value,2026-07-18T09:44:31Z
2026-07-18T09:43:03Z,2026-07-18T11:43:03+0200,c4e0902c-5b85-4487-a0df-afe572964363,2026-06-24T13:30:00Z,2026-06-24T15:30:00+0200,97.54,EUR/MWh,DE,DE_LU,day_ahead_price,value,2026-07-18T09:44:31Z
2026-07-18T09:43:03Z,2026-07-18T11:43:03+0200,c4e0902c-5b85-4487-a0df-afe572964363,2026-06-24T13:45:00Z,2026-06-24T15:45:00+0200,108.44,EUR/MWh,DE,DE_LU,day_ahead_price,value,2026-07-18T09:44:31Z
2026-07-18T09:43:03Z,2026-07-18T11:43:03+0200,c4e0902c-5b85-4487-a0df-afe572964363,2026-06-24T14:00:00Z,2026-06-24T16:00:00+0200,96.25,EUR/MWh,DE,DE_LU,day_ahead_price,value,2026-07-18T09:44:31Z
2026-07-18T09:43:03Z,2026-07-18T11:43:03+0200,c4e0902c-5b85-4487-a0df-afe572964363,2026-06-24T14:15:00Z,2026-06-24T16:15:00+0200,107.07,EUR/MWh,DE,DE_LU,day_ahead_price,value,2026-07-18T09:44:31Z
2026-07-18T09:43:03Z,2026-07-18T11:43:03+0200,c4e0902c-5b85-4487-a0df-afe572964363,2026-06-24T14:30:00Z,2026-06-24T16:30:00+0200,110.89,EUR/MWh,DE,DE_LU,day_ahead_price,value,2026-07-18T09:44:31Z
2026-07-18T09:43:03Z,2026-07-18T11:43:03+0200,c4e0902c-5b85-4487-a0df-afe572964363,2026-06-24T14:45:00Z,2026-06-24T16:45:00+0200,123.29,EUR/MWh,DE,DE_LU,day_ahead_price,value,2026-07-18T09:44:31Z
2026-07-18T09:43:03Z,2026-07-18T11:43:03+0200,c4e0902c-5b85-4487-a0df-afe572964363,2026-06-24T15:00:00Z,2026-06-24T17:00:00+0200,109.43,EUR/MWh,DE,DE_LU,day_ahead_price,value,2026-07-18T09:44:31Z
2026-07-18T09:43:03Z,2026-07-18T11:43:03+0200,c4e0902c-5b85-4487-a0df-afe572964363,2026-06-24T15:15:00Z,2026-06-24T17:15:00+0200,120.77,EUR/MWh,DE,DE_LU,day_ahead_price,value,2026-07-18T09:44:31Z
2026-07-18T09:43:03Z,2026-07-18T11:43:03+0200,c4e0902c-5b85-4487-a0df-afe572964363,2026-06-24T15:30:00Z,2026-06-24T17:30:00+0200,137.0,EUR/MWh,DE,DE_LU,day_ahead_price,value,2026-07-18T09:44:31Z
2026-07-18T09:43:03Z,2026-07-18T11:43:03+0200,c4e0902c-5b85-4487-a0df-afe572964363,2026-06-24T15:45:00Z,2026-06-24T17:45:00+0200,151.44,EUR/MWh,DE,DE_LU,day_ahead_price,value,2026-07-18T09:44:31Z
2026-07-18T09:43:03Z,2026-07-18T11:43:03+0200,c4e0902c-5b85-4487-a0df-afe572964363,2026-06-24T16:00:00Z,2026-06-24T18:00:00+0200,137.94,EUR/MWh,DE,DE_LU,day_ahead_price,value,2026-07-18T09:44:31Z
2026-07-18T09:43:03Z,2026-07-18T11:43:03+0200,c4e0902c-5b85-4487-a0df-afe572964363,2026-06-24T16:15:00Z,2026-06-24T18:15:00+0200,154.72,EUR/MWh,DE,DE_LU,day_ahead_price,value,2026-07-18T09:44:31Z
2026-07-18T09:43:03Z,2026-07-18T11:43:03+0200,c4e0902c-5b85-4487-a0df-afe572964363,2026-06-24T16:30:00Z,2026-06-24T18:30:00+0200,205.26,EUR/MWh,DE,DE_LU,day_ahead_price,value,2026-07-18T09:44:31Z
2026-07-18T09:43:03Z,2026-07-18T11:43:03+0200,c4e0902c-5b85-4487-a0df-afe572964363,2026-06-24T16:45:00Z,2026-06-24T18:45:00+0200,289.22,EUR/MWh,DE,DE_LU,day_ahead_price,value,2026-07-18T09:44:31Z
2026-07-18T09:43:03Z,2026-07-18T11:43:03+0200,c4e0902c-5b85-4487-a0df-afe572964363,2026-06-24T17:00:00Z,2026-06-24T19:00:00+0200,240.0,EUR/MWh,DE,DE_LU,day_ahead_price,value,2026-07-18T09:44:31Z
2026-07-18T09:43:03Z,2026-07-18T11:43:03+0200,c4e0902c-5b85-4487-a0df-afe572964363,2026-06-24T17:15:00Z,2026-06-24T19:15:00+0200,314.99,EUR/MWh,DE,DE_LU,day_ahead_price,value,2026-07-18T09:44:31Z
2026-07-18T09:43:03Z,2026-07-18T11:43:03+0200,c4e0902c-5b85-4487-a0df-afe572964363,2026-06-24T17:30:00Z,2026-06-24T19:30:00+0200,565.56,EUR/MWh,DE,DE_LU,day_ahead_price,value,2026-07-18T09:44:31Z
2026-07-18T09:43:03Z,2026-07-18T11:43:03+0200,c4e0902c-5b85-4487-a0df-afe572964363,2026-06-24T17:45:00Z,2026-06-24T19:45:00+0200,700.0,EUR/MWh,DE,DE_LU,day_ahead_price,value,2026-07-18T09:44:31Z
2026-07-18T09:43:03Z,2026-07-18T11:43:03+0200,c4e0902c-5b85-4487-a0df-afe572964363,2026-06-24T18:00:00Z,2026-06-24T20:00:00+0200,566.18,EUR/MWh,DE,DE_LU,day_ahead_price,value,2026-07-18T09:44:31Z
2026-07-18T09:43:03Z,2026-07-18T11:43:03+0200,c4e0902c-5b85-4487-a0df-afe572964363,2026-06-24T18:15:00Z,2026-06-24T20:15:00+0200,650.01,EUR/MWh,DE,DE_LU,day_ahead_price,value,2026-07-18T09:44:31Z
2026-07-18T09:43:03Z,2026-07-18T11:43:03+0200,c4e0902c-5b85-4487-a0df-afe572964363,2026-06-24T18:30:00Z,2026-06-24T20:30:00+0200,699.99,EUR/MWh,DE,DE_LU,day_ahead_price,value,2026-07-18T09:44:31Z
2026-07-18T09:43:03Z,2026-07-18T11:43:03+0200,c4e0902c-5b85-4487-a0df-afe572964363,2026-06-24T18:45:00Z,2026-06-24T20:45:00+0200,747.1,EUR/MWh,DE,DE_LU,day_ahead_price,value,2026-07-18T09:44:31Z
2026-07-18T09:43:03Z,2026-07-18T11:43:03+0200,c4e0902c-5b85-4487-a0df-afe572964363,2026-06-24T19:00:00Z,2026-06-24T21:00:00+0200,693.47,EUR/MWh,DE,DE_LU,day_ahead_price,value,2026-07-18T09:44:31Z
2026-07-18T09:43:03Z,2026-07-18T11:43:03+0200,c4e0902c-5b85-4487-a0df-afe572964363,2026-06-24T19:15:00Z,2026-06-24T21:15:00+0200,681.95,EUR/MWh,DE,DE_LU,day_ahead_price,value,2026-07-18T09:44:31Z
2026-07-18T09:43:03Z,2026-07-18T11:43:03+0200,c4e0902c-5b85-4487-a0df-afe572964363,2026-06-24T19:30:00Z,2026-06-24T21:30:00+0200,650.01,EUR/MWh,DE,DE_LU,day_ahead_price,value,2026-07-18T09:44:31Z
2026-07-18T09:43:03Z,2026-07-18T11:43:03+0200,c4e0902c-5b85-4487-a0df-afe572964363,2026-06-24T19:45:00Z,2026-06-24T21:45:00+0200,615.2,EUR/MWh,DE,DE_LU,day_ahead_price,value,2026-07-18T09:44:31Z
2026-07-18T09:43:03Z,2026-07-18T11:43:03+0200,c4e0902c-5b85-4487-a0df-afe572964363,2026-06-24T20:00:00Z,2026-06-24T22:00:00+0200,630.25,EUR/MWh,DE,DE_LU,day_ahead_price,value,2026-07-18T09:44:31Z
2026-07-18T09:43:03Z,2026-07-18T11:43:03+0200,c4e0902c-5b85-4487-a0df-afe572964363,2026-06-24T20:15:00Z,2026-06-24T22:15:00+0200,509.11,EUR/MWh,DE,DE_LU,day_ahead_price,value,2026-07-18T09:44:31Z
2026-07-18T09:43:03Z,2026-07-18T11:43:03+0200,c4e0902c-5b85-4487-a0df-afe572964363,2026-06-24T20:30:00Z,2026-06-24T22:30:00+0200,408.47,EUR/MWh,DE,DE_LU,day_ahead_price,value,2026-07-18T09:44:31Z
2026-07-18T09:43:03Z,2026-07-18T11:43:03+0200,c4e0902c-5b85-4487-a0df-afe572964363,2026-06-24T20:45:00Z,2026-06-24T22:45:00+0200,305.18,EUR/MWh,DE,DE_LU,day_ahead_price,value,2026-07-18T09:44:31Z
2026-07-18T09:43:03Z,2026-07-18T11:43:03+0200,c4e0902c-5b85-4487-a0df-afe572964363,2026-06-24T21:00:00Z,2026-06-24T23:00:00+0200,352.34,EUR/MWh,DE,DE_LU,day_ahead_price,value,2026-07-18T09:44:31Z
2026-07-18T09:43:03Z,2026-07-18T11:43:03+0200,c4e0902c-5b85-4487-a0df-afe572964363,2026-06-24T21:15:00Z,2026-06-24T23:15:00+0200,283.37,EUR/MWh,DE,DE_LU,day_ahead_price,value,2026-07-18T09:44:31Z
2026-07-18T09:43:03Z,2026-07-18T11:43:03+0200,c4e0902c-5b85-4487-a0df-afe572964363,2026-06-24T21:30:00Z,2026-06-24T23:30:00+0200,233.36,EUR/MWh,DE,DE_LU,day_ahead_price,value,2026-07-18T09:44:31Z
2026-07-18T09:43:03Z,2026-07-18T11:43:03+0200,c4e0902c-5b85-4487-a0df-afe572964363,2026-06-24T21:45:00Z,2026-06-24T23:45:00+0200,185.37,EUR/MWh,DE,DE_LU,day_ahead_price,value,2026-07-18T09:44:31Z
2026-07-18T09:43:03Z,2026-07-18T11:43:03+0200,c4e0902c-5b85-4487-a0df-afe572964363,2026-06-24T22:00:00Z,2026-06-25T00:00:00+0200,200.1,EUR/MWh,DE,DE_LU,day_ahead_price,value,2026-07-18T09:44:31Z
2026-07-18T09:43:03Z,2026-07-18T11:43:03+0200,c4e0902c-5b85-4487-a0df-afe572964363,2026-06-24T22:15:00Z,2026-06-25T00:15:00+0200,171.0,EUR/MWh,DE,DE_LU,day_ahead_price,value,2026-07-18T09:44:31Z
2026-07-18T09:43:03Z,2026-07-18T11:43:03+0200,c4e0902c-5b85-4487-a0df-afe572964363,2026-06-24T22:30:00Z,2026-06-25T00:30:00+0200,154.03,EUR/MWh,DE,DE_LU,day_ahead_price,value,2026-07-18T09:44:31Z
2026-07-18T09:43:03Z,2026-07-18T11:43:03+0200,c4e0902c-5b85-4487-a0df-afe572964363,2026-06-24T22:45:00Z,2026-06-25T00:45:00+0200,153.14,EUR/MWh,DE,DE_LU,day_ahead_price,value,2026-07-18T09:44:31Z
2026-07-18T09:43:03Z,2026-07-18T11:43:03+0200,c4e0902c-5b85-4487-a0df-afe572964363,2026-06-24T23:00:00Z,2026-06-25T01:00:00+0200,165.17,EUR/MWh,DE,DE_LU,day_ahead_price,value,2026-07-18T09:44:31Z
2026-07-18T09:43:03Z,2026-07-18T11:43:03+0200,c4e0902c-5b85-4487-a0df-afe572964363,2026-06-24T23:15:00Z,2026-06-25T01:15:00+0200,157.72,EUR/MWh,DE,DE_LU,day_ahead_price,value,2026-07-18T09:44:31Z
2026-07-18T09:43:03Z,2026-07-18T11:43:03+0200,c4e0902c-5b85-4487-a0df-afe572964363,2026-06-24T23:30:00Z,2026-06-25T01:30:00+0200,151.9,EUR/MWh,DE,DE_LU,day_ahead_price,value,2026-07-18T09:44:31Z
2026-07-18T09:43:03Z,2026-07-18T11:43:03+0200,c4e0902c-5b85-4487-a0df-afe572964363,2026-06-24T23:45:00Z,2026-06-25T01:45:00+0200,144.95,EUR/MWh,DE,DE_LU,day_ahead_price,value,2026-07-18T09:44:31Z
2026-07-18T09:43:03Z,2026-07-18T11:43:03+0200,c4e0902c-5b85-4487-a0df-afe572964363,2026-06-25T00:00:00Z,2026-06-25T02:00:00+0200,154.0,EUR/MWh,DE,DE_LU,day_ahead_price,value,2026-07-18T09:44:31Z
2026-07-18T09:43:03Z,2026-07-18T11:43:03+0200,c4e0902c-5b85-4487-a0df-afe572964363,2026-06-25T00:15:00Z,2026-06-25T02:15:00+0200,144.32,EUR/MWh,DE,DE_LU,day_ahead_price,value,2026-07-18T09:44:31Z
2026-07-18T09:43:03Z,2026-07-18T11:43:03+0200,c4e0902c-5b85-4487-a0df-afe572964363,2026-06-25T00:30:00Z,2026-06-25T02:30:00+0200,142.5,EUR/MWh,DE,DE_LU,day_ahead_price,value,2026-07-18T09:44:31Z
2026-07-18T09:43:03Z,2026-07-18T11:43:03+0200,c4e0902c-5b85-4487-a0df-afe572964363,2026-06-25T00:45:00Z,2026-06-25T02:45:00+0200,140.72,EUR/MWh,DE,DE_LU,day_ahead_price,value,2026-07-18T09:44:31Z
2026-07-18T09:43:03Z,2026-07-18T11:43:03+0200,c4e0902c-5b85-4487-a0df-afe572964363,2026-06-25T01:00:00Z,2026-06-25T03:00:00+0200,146.44,EUR/MWh,DE,DE_LU,day_ahead_price,value,2026-07-18T09:44:31Z
2026-07-18T09:43:03Z,2026-07-18T11:43:03+0200,c4e0902c-5b85-4487-a0df-afe572964363,2026-06-25T01:15:00Z,2026-06-25T03:15:00+0200,143.04,EUR/MWh,DE,DE_LU,day_ahead_price,value,2026-07-18T09:44:31Z
2026-07-18T09:43:03Z,2026-07-18T11:43:03+0200,c4e0902c-5b85-4487-a0df-afe572964363,2026-06-25T01:30:00Z,2026-06-25T03:30:00+0200,141.21,EUR/MWh,DE,DE_LU,day_ahead_price,value,2026-07-18T09:44:31Z
2026-07-18T09:43:03Z,2026-07-18T11:43:03+0200,c4e0902c-5b85-4487-a0df-afe572964363,2026-06-25T01:45:00Z,2026-06-25T03:45:00+0200,141.2,EUR/MWh,DE,DE_LU,day_ahead_price,value,2026-07-18T09:44:31Z
2026-07-18T09:43:03Z,2026-07-18T11:43:03+0200,c4e0902c-5b85-4487-a0df-afe572964363,2026-06-25T02:00:00Z,2026-06-25T04:00:00+0200,139.55,EUR/MWh,DE,DE_LU,day_ahead_price,value,2026-07-18T09:44:31Z
2026-07-18T09:43:03Z,2026-07-18T11:43:03+0200,c4e0902c-5b85-4487-a0df-afe572964363,2026-06-25T02:15:00Z,2026-06-25T04:15:00+0200,143.57,EUR/MWh,DE,DE_LU,day_ahead_price,value,2026-07-18T09:44:31Z
2026-07-18T09:43:03Z,2026-07-18T11:43:03+0200,c4e0902c-5b85-4487-a0df-afe572964363,2026-06-25T02:30:00Z,2026-06-25T04:30:00+0200,142.9,EUR/MWh,DE,DE_LU,day_ahead_price,value,2026-07-18T09:44:31Z
2026-07-18T09:43:03Z,2026-07-18T11:43:03+0200,c4e0902c-5b85-4487-a0df-afe572964363,2026-06-25T02:45:00Z,2026-06-25T04:45:00+0200,141.61,EUR/MWh,DE,DE_LU,day_ahead_price,value,2026-07-18T09:44:31Z
2026-07-18T09:43:03Z,2026-07-18T11:43:03+0200,c4e0902c-5b85-4487-a0df-afe572964363,2026-06-25T03:00:00Z,2026-06-25T05:00:00+0200,142.02,EUR/MWh,DE,DE_LU,day_ahead_price,value,2026-07-18T09:44:31Z
2026-07-18T09:43:03Z,2026-07-18T11:43:03+0200,c4e0902c-5b85-4487-a0df-afe572964363,2026-06-25T03:15:00Z,2026-06-25T05:15:00+0200,141.22,EUR/MWh,DE,DE_LU,day_ahead_price,value,2026-07-18T09:44:31Z
2026-07-18T09:43:03Z,2026-07-18T11:43:03+0200,c4e0902c-5b85-4487-a0df-afe572964363,2026-06-25T03:30:00Z,2026-06-25T05:30:00+0200,144.96,EUR/MWh,DE,DE_LU,day_ahead_price,value,2026-07-18T09:44:31Z
2026-07-18T09:43:03Z,2026-07-18T11:43:03+0200,c4e0902c-5b85-4487-a0df-afe572964363,2026-06-25T03:45:00Z,2026-06-25T05:45:00+0200,150.09,EUR/MWh,DE,DE_LU,day_ahead_price,value,2026-07-18T09:44:31Z
2026-07-18T09:43:03Z,2026-07-18T11:43:03+0200,c4e0902c-5b85-4487-a0df-afe572964363,2026-06-25T04:00:00Z,2026-06-25T06:00:00+0200,161.34,EUR/MWh,DE,DE_LU,day_ahead_price,value,2026-07-18T09:44:31Z
2026-07-18T09:43:03Z,2026-07-18T11:43:03+0200,c4e0902c-5b85-4487-a0df-afe572964363,2026-06-25T04:15:00Z,2026-06-25T06:15:00+0200,169.19,EUR/MWh,DE,DE_LU,day_ahead_price,value,2026-07-18T09:44:31Z
2026-07-18T09:43:03Z,2026-07-18T11:43:03+0200,c4e0902c-5b85-4487-a0df-afe572964363,2026-06-25T04:30:00Z,2026-06-25T06:30:00+0200,161.4,EUR/MWh,DE,DE_LU,day_ahead_price,value,2026-07-18T09:44:31Z
2026-07-18T09:43:03Z,2026-07-18T11:43:03+0200,c4e0902c-5b85-4487-a0df-afe572964363,2026-06-25T04:45:00Z,2026-06-25T06:45:00+0200,153.39,EUR/MWh,DE,DE_LU,day_ahead_price,value,2026-07-18T09:44:31Z
2026-07-18T09:43:03Z,2026-07-18T11:43:03+0200,c4e0902c-5b85-4487-a0df-afe572964363,2026-06-25T05:00:00Z,2026-06-25T07:00:00+0200,178.0,EUR/MWh,DE,DE_LU,day_ahead_price,value,2026-07-18T09:44:31Z
2026-07-18T09:43:03Z,2026-07-18T11:43:03+0200,c4e0902c-5b85-4487-a0df-afe572964363,2026-06-25T05:15:00Z,2026-06-25T07:15:00+0200,157.34,EUR/MWh,DE,DE_LU,day_ahead_price,value,2026-07-18T09:44:31Z
2026-07-18T09:43:03Z,2026-07-18T11:43:03+0200,c4e0902c-5b85-4487-a0df-afe572964363,2026-06-25T05:30:00Z,2026-06-25T07:30:00+0200,141.4,EUR/MWh,DE,DE_LU,day_ahead_price,value,2026-07-18T09:44:31Z
2026-07-18T09:43:03Z,2026-07-18T11:43:03+0200,c4e0902c-5b85-4487-a0df-afe572964363,2026-06-25T05:45:00Z,2026-06-25T07:45:00+0200,116.93,EUR/MWh,DE,DE_LU,day_ahead_price,value,2026-07-18T09:44:31Z
2026-07-18T09:43:03Z,2026-07-18T11:43:03+0200,c4e0902c-5b85-4487-a0df-afe572964363,2026-06-25T06:00:00Z,2026-06-25T08:00:00+0200,141.16,EUR/MWh,DE,DE_LU,day_ahead_price,value,2026-07-18T09:44:31Z
2026-07-18T09:43:03Z,2026-07-18T11:43:03+0200,c4e0902c-5b85-4487-a0df-afe572964363,2026-06-25T06:15:00Z,2026-06-25T08:15:00+0200,124.79,EUR/MWh,DE,DE_LU,day_ahead_price,value,2026-07-18T09:44:31Z
2026-07-18T09:43:03Z,2026-07-18T11:43:03+0200,c4e0902c-5b85-4487-a0df-afe572964363,2026-06-25T06:30:00Z,2026-06-25T08:30:00+0200,112.5,EUR/MWh,DE,DE_LU,day_ahead_price,value,2026-07-18T09:44:31Z
2026-07-18T09:43:03Z,2026-07-18T11:43:03+0200,c4e0902c-5b85-4487-a0df-afe572964363,2026-06-25T06:45:00Z,2026-06-25T08:45:00+0200,97.94,EUR/MWh,DE,DE_LU,day_ahead_price,value,2026-07-18T09:44:31Z
2026-07-18T09:43:03Z,2026-07-18T11:43:03+0200,c4e0902c-5b85-4487-a0df-afe572964363,2026-06-25T07:00:00Z,2026-06-25T09:00:00+0200,121.26,EUR/MWh,DE,DE_LU,day_ahead_price,value,2026-07-18T09:44:31Z
2026-07-18T09:43:03Z,2026-07-18T11:43:03+0200,c4e0902c-5b85-4487-a0df-afe572964363,2026-06-25T07:15:00Z,2026-06-25T09:15:00+0200,112.25,EUR/MWh,DE,DE_LU,day_ahead_price,value,2026-07-18T09:44:31Z
2026-07-18T09:43:03Z,2026-07-18T11:43:03+0200,c4e0902c-5b85-4487-a0df-afe572964363,2026-06-25T07:30:00Z,2026-06-25T09:30:00+0200,103.77,EUR/MWh,DE,DE_LU,day_ahead_price,value,2026-07-18T09:44:31Z
2026-07-18T09:43:03Z,2026-07-18T11:43:03+0200,c4e0902c-5b85-4487-a0df-afe572964363,2026-06-25T07:45:00Z,2026-06-25T09:45:00+0200,82.75,EUR/MWh,DE,DE_LU,day_ahead_price,value,2026-07-18T09:44:31Z
2026-07-18T09:43:03Z,2026-07-18T11:43:03+0200,c4e0902c-5b85-4487-a0df-afe572964363,2026-06-25T08:00:00Z,2026-06-25T10:00:00+0200,106.37,EUR/MWh,DE,DE_LU,day_ahead_price,value,2026-07-18T09:44:31Z
2026-07-18T09:43:03Z,2026-07-18T11:43:03+0200,c4e0902c-5b85-4487-a0df-afe572964363,2026-06-25T08:15:00Z,2026-06-25T10:15:00+0200,95.6,EUR/MWh,DE,DE_LU,day_ahead_price,value,2026-07-18T09:44:31Z
2026-07-18T09:43:03Z,2026-07-18T11:43:03+0200,c4e0902c-5b85-4487-a0df-afe572964363,2026-06-25T08:30:00Z,2026-06-25T10:30:00+0200,80.01,EUR/MWh,DE,DE_LU,day_ahead_price,value,2026-07-18T09:44:31Z
2026-07-18T09:43:03Z,2026-07-18T11:43:03+0200,c4e0902c-5b85-4487-a0df-afe572964363,2026-06-25T08:45:00Z,2026-06-25T10:45:00+0200,57.0,EUR/MWh,DE,DE_LU,day_ahead_price,value,2026-07-18T09:44:31Z
2026-07-18T09:43:03Z,2026-07-18T11:43:03+0200,c4e0902c-5b85-4487-a0df-afe572964363,2026-06-25T09:00:00Z,2026-06-25T11:00:00+0200,92.83,EUR/MWh,DE,DE_LU,day_ahead_price,value,2026-07-18T09:44:31Z
2026-07-18T09:43:03Z,2026-07-18T11:43:03+0200,c4e0902c-5b85-4487-a0df-afe572964363,2026-06-25T09:15:00Z,2026-06-25T11:15:00+0200,72.1,EUR/MWh,DE,DE_LU,day_ahead_price,value,2026-07-18T09:44:31Z
2026-07-18T09:43:03Z,2026-07-18T11:43:03+0200,c4e0902c-5b85-4487-a0df-afe572964363,2026-06-25T09:30:00Z,2026-06-25T11:30:00+0200,56.48,EUR/MWh,DE,DE_LU,day_ahead_price,value,2026-07-18T09:44:31Z
2026-07-18T09:43:03Z,2026-07-18T11:43:03+0200,c4e0902c-5b85-4487-a0df-afe572964363,2026-06-25T09:45:00Z,2026-06-25T11:45:00+0200,46.96,EUR/MWh,DE,DE_LU,day_ahead_price,value,2026-07-18T09:44:31Z
2026-07-18T09:43:03Z,2026-07-18T11:43:03+0200,c4e0902c-5b85-4487-a0df-afe572964363,2026-06-25T10:00:00Z,2026-06-25T12:00:00+0200,53.74,EUR/MWh,DE,DE_LU,day_ahead_price,value,2026-07-18T09:44:31Z
2026-07-18T09:43:03Z,2026-07-18T11:43:03+0200,c4e0902c-5b85-4487-a0df-afe572964363,2026-06-25T10:15:00Z,2026-06-25T12:15:00+0200,45.35,EUR/MWh,DE,DE_LU,day_ahead_price,value,2026-07-18T09:44:31Z
2026-07-18T09:43:03Z,2026-07-18T11:43:03+0200,c4e0902c-5b85-4487-a0df-afe572964363,2026-06-25T10:30:00Z,2026-06-25T12:30:00+0200,41.06,EUR/MWh,DE,DE_LU,day_ahead_price,value,2026-07-18T09:44:31Z
2026-07-18T09:43:03Z,2026-07-18T11:43:03+0200,c4e0902c-5b85-4487-a0df-afe572964363,2026-06-25T10:45:00Z,2026-06-25T12:45:00+0200,30.65,EUR/MWh,DE,DE_LU,day_ahead_price,value,2026-07-18T09:44:31Z
2026-07-18T09:43:03Z,2026-07-18T11:43:03+0200,c4e0902c-5b85-4487-a0df-afe572964363,2026-06-25T11:00:00Z,2026-06-25T13:00:00+0200,45.0,EUR/MWh,DE,DE_LU,day_ahead_price,value,2026-07-18T09:44:31Z
2026-07-18T09:43:03Z,2026-07-18T11:43:03+0200,c4e0902c-5b85-4487-a0df-afe572964363,2026-06-25T11:15:00Z,2026-06-25T13:15:00+0200,36.16,EUR/MWh,DE,DE_LU,day_ahead_price,value,2026-07-18T09:44:31Z
2026-07-18T09:43:03Z,2026-07-18T11:43:03+0200,c4e0902c-5b85-4487-a0df-afe572964363,2026-06-25T11:30:00Z,2026-06-25T13:30:00+0200,28.67,EUR/MWh,DE,DE_LU,day_ahead_price,value,2026-07-18T09:44:31Z
2026-07-18T09:43:03Z,2026-07-18T11:43:03+0200,c4e0902c-5b85-4487-a0df-afe572964363,2026-06-25T11:45:00Z,2026-06-25T13:45:00+0200,26.01,EUR/MWh,DE,DE_LU,day_ahead_price,value,2026-07-18T09:44:31Z
2026-07-18T09:43:03Z,2026-07-18T11:43:03+0200,c4e0902c-5b85-4487-a0df-afe572964363,2026-06-25T12:00:00Z,2026-06-25T14:00:00+0200,23.39,EUR/MWh,DE,DE_LU,day_ahead_price,value,2026-07-18T09:44:31Z
2026-07-18T09:43:03Z,2026-07-18T11:43:03+0200,c4e0902c-5b85-4487-a0df-afe572964363,2026-06-25T12:15:00Z,2026-06-25T14:15:00+0200,26.14,EUR/MWh,DE,DE_LU,day_ahead_price,value,2026-07-18T09:44:31Z
2026-07-18T09:43:03Z,2026-07-18T11:43:03+0200,c4e0902c-5b85-4487-a0df-afe572964363,2026-06-25T12:30:00Z,2026-06-25T14:30:00+0200,44.42,EUR/MWh,DE,DE_LU,day_ahead_price,value,2026-07-18T09:44:31Z
2026-07-18T09:43:03Z,2026-07-18T11:43:03+0200,c4e0902c-5b85-4487-a0df-afe572964363,2026-06-25T12:45:00Z,2026-06-25T14:45:00+0200,55.11,EUR/MWh,DE,DE_LU,day_ahead_price,value,2026-07-18T09:44:31Z
2026-07-18T09:43:03Z,2026-07-18T11:43:03+0200,c4e0902c-5b85-4487-a0df-afe572964363,2026-06-25T13:00:00Z,2026-06-25T15:00:00+0200,41.52,EUR/MWh,DE,DE_LU,day_ahead_price,value,2026-07-18T09:44:31Z
2026-07-18T09:43:03Z,2026-07-18T11:43:03+0200,c4e0902c-5b85-4487-a0df-afe572964363,2026-06-25T13:15:00Z,2026-06-25T15:15:00+0200,61.73,EUR/MWh,DE,DE_LU,day_ahead_price,value,2026-07-18T09:44:31Z
2026-07-18T09:43:03Z,2026-07-18T11:43:03+0200,c4e0902c-5b85-4487-a0df-afe572964363,2026-06-25T13:30:00Z,2026-06-25T15:30:00+0200,77.02,EUR/MWh,DE,DE_LU,day_ahead_price,value,2026-07-18T09:44:31Z
2026-07-18T09:43:03Z,2026-07-18T11:43:03+0200,c4e0902c-5b85-4487-a0df-afe572964363,2026-06-25T13:45:00Z,2026-06-25T15:45:00+0200,90.96,EUR/MWh,DE,DE_LU,day_ahead_price,value,2026-07-18T09:44:31Z
2026-07-18T09:43:03Z,2026-07-18T11:43:03+0200,c4e0902c-5b85-4487-a0df-afe572964363,2026-06-25T14:00:00Z,2026-06-25T16:00:00+0200,65.14,EUR/MWh,DE,DE_LU,day_ahead_price,value,2026-07-18T09:44:31Z
2026-07-18T09:43:03Z,2026-07-18T11:43:03+0200,c4e0902c-5b85-4487-a0df-afe572964363,2026-06-25T14:15:00Z,2026-06-25T16:15:00+0200,80.54,EUR/MWh,DE,DE_LU,day_ahead_price,value,2026-07-18T09:44:31Z
2026-07-18T09:43:03Z,2026-07-18T11:43:03+0200,c4e0902c-5b85-4487-a0df-afe572964363,2026-06-25T14:30:00Z,2026-06-25T16:30:00+0200,94.4,EUR/MWh,DE,DE_LU,day_ahead_price,value,2026-07-18T09:44:31Z
2026-07-18T09:43:03Z,2026-07-18T11:43:03+0200,c4e0902c-5b85-4487-a0df-afe572964363,2026-06-25T14:45:00Z,2026-06-25T16:45:00+0200,113.09,EUR/MWh,DE,DE_LU,day_ahead_price,value,2026-07-18T09:44:31Z
2026-07-18T09:43:03Z,2026-07-18T11:43:03+0200,c4e0902c-5b85-4487-a0df-afe572964363,2026-06-25T15:00:00Z,2026-06-25T17:00:00+0200,78.47,EUR/MWh,DE,DE_LU,day_ahead_price,value,2026-07-18T09:44:31Z
2026-07-18T09:43:03Z,2026-07-18T11:43:03+0200,c4e0902c-5b85-4487-a0df-afe572964363,2026-06-25T15:15:00Z,2026-06-25T17:15:00+0200,107.13,EUR/MWh,DE,DE_LU,day_ahead_price,value,2026-07-18T09:44:31Z
2026-07-18T09:43:03Z,2026-07-18T11:43:03+0200,c4e0902c-5b85-4487-a0df-afe572964363,2026-06-25T15:30:00Z,2026-06-25T17:30:00+0200,115.8,EUR/MWh,DE,DE_LU,day_ahead_price,value,2026-07-18T09:44:31Z
2026-07-18T09:43:03Z,2026-07-18T11:43:03+0200,c4e0902c-5b85-4487-a0df-afe572964363,2026-06-25T15:45:00Z,2026-06-25T17:45:00+0200,125.0,EUR/MWh,DE,DE_LU,day_ahead_price,value,2026-07-18T09:44:31Z
2026-07-18T09:43:03Z,2026-07-18T11:43:03+0200,c4e0902c-5b85-4487-a0df-afe572964363,2026-06-25T16:00:00Z,2026-06-25T18:00:00+0200,91.39,EUR/MWh,DE,DE_LU,day_ahead_price,value,2026-07-18T09:44:31Z
2026-07-18T09:43:03Z,2026-07-18T11:43:03+0200,c4e0902c-5b85-4487-a0df-afe572964363,2026-06-25T16:15:00Z,2026-06-25T18:15:00+0200,114.88,EUR/MWh,DE,DE_LU,day_ahead_price,value,2026-07-18T09:44:31Z
2026-07-18T09:43:03Z,2026-07-18T11:43:03+0200,c4e0902c-5b85-4487-a0df-afe572964363,2026-06-25T16:30:00Z,2026-06-25T18:30:00+0200,142.45,EUR/MWh,DE,DE_LU,day_ahead_price,value,2026-07-18T09:44:31Z
2026-07-18T09:43:03Z,2026-07-18T11:43:03+0200,c4e0902c-5b85-4487-a0df-afe572964363,2026-06-25T16:45:00Z,2026-06-25T18:45:00+0200,192.2,EUR/MWh,DE,DE_LU,day_ahead_price,value,2026-07-18T09:44:31Z
2026-07-18T09:43:03Z,2026-07-18T11:43:03+0200,c4e0902c-5b85-4487-a0df-afe572964363,2026-06-25T17:00:00Z,2026-06-25T19:00:00+0200,138.01,EUR/MWh,DE,DE_LU,day_ahead_price,value,2026-07-18T09:44:31Z
2026-07-18T09:43:03Z,2026-07-18T11:43:03+0200,c4e0902c-5b85-4487-a0df-afe572964363,2026-06-25T17:15:00Z,2026-06-25T19:15:00+0200,171.26,EUR/MWh,DE,DE_LU,day_ahead_price,value,2026-07-18T09:44:31Z
2026-07-18T09:43:03Z,2026-07-18T11:43:03+0200,c4e0902c-5b85-4487-a0df-afe572964363,2026-06-25T17:30:00Z,2026-06-25T19:30:00+0200,210.25,EUR/MWh,DE,DE_LU,day_ahead_price,value,2026-07-18T09:44:31Z
2026-07-18T09:43:03Z,2026-07-18T11:43:03+0200,c4e0902c-5b85-4487-a0df-afe572964363,2026-06-25T17:45:00Z,2026-06-25T19:45:00+0200,293.74,EUR/MWh,DE,DE_LU,day_ahead_price,value,2026-07-18T09:44:31Z
2026-07-18T09:43:03Z,2026-07-18T11:43:03+0200,c4e0902c-5b85-4487-a0df-afe572964363,2026-06-25T18:00:00Z,2026-06-25T20:00:00+0200,238.34,EUR/MWh,DE,DE_LU,day_ahead_price,value,2026-07-18T09:44:31Z
2026-07-18T09:43:03Z,2026-07-18T11:43:03+0200,c4e0902c-5b85-4487-a0df-afe572964363,2026-06-25T18:15:00Z,2026-06-25T20:15:00+0200,286.5,EUR/MWh,DE,DE_LU,day_ahead_price,value,2026-07-18T09:44:31Z
2026-07-18T09:43:03Z,2026-07-18T11:43:03+0200,c4e0902c-5b85-4487-a0df-afe572964363,2026-06-25T18:30:00Z,2026-06-25T20:30:00+0200,308.06,EUR/MWh,DE,DE_LU,day_ahead_price,value,2026-07-18T09:44:31Z
2026-07-18T09:43:03Z,2026-07-18T11:43:03+0200,c4e0902c-5b85-4487-a0df-afe572964363,2026-06-25T18:45:00Z,2026-06-25T20:45:00+0200,310.19,EUR/MWh,DE,DE_LU,day_ahead_price,value,2026-07-18T09:44:31Z
2026-07-18T09:43:03Z,2026-07-18T11:43:03+0200,c4e0902c-5b85-4487-a0df-afe572964363,2026-06-25T19:00:00Z,2026-06-25T21:00:00+0200,363.0,EUR/MWh,DE,DE_LU,day_ahead_price,value,2026-07-18T09:44:31Z
2026-07-18T09:43:03Z,2026-07-18T11:43:03+0200,c4e0902c-5b85-4487-a0df-afe572964363,2026-06-25T19:15:00Z,2026-06-25T21:15:00+0200,301.08,EUR/MWh,DE,DE_LU,day_ahead_price,value,2026-07-18T09:44:31Z
2026-07-18T09:43:03Z,2026-07-18T11:43:03+0200,c4e0902c-5b85-4487-a0df-afe572964363,2026-06-25T19:30:00Z,2026-06-25T21:30:00+0200,248.0,EUR/MWh,DE,DE_LU,day_ahead_price,value,2026-07-18T09:44:31Z
2026-07-18T09:43:03Z,2026-07-18T11:43:03+0200,c4e0902c-5b85-4487-a0df-afe572964363,2026-06-25T19:45:00Z,2026-06-25T21:45:00+0200,194.38,EUR/MWh,DE,DE_LU,day_ahead_price,value,2026-07-18T09:44:31Z
2026-07-18T09:43:03Z,2026-07-18T11:43:03+0200,c4e0902c-5b85-4487-a0df-afe572964363,2026-06-25T20:00:00Z,2026-06-25T22:00:00+0200,217.11,EUR/MWh,DE,DE_LU,day_ahead_price,value,2026-07-18T09:44:31Z
2026-07-18T09:43:03Z,2026-07-18T11:43:03+0200,c4e0902c-5b85-4487-a0df-afe572964363,2026-06-25T20:15:00Z,2026-06-25T22:15:00+0200,197.25,EUR/MWh,DE,DE_LU,day_ahead_price,value,2026-07-18T09:44:31Z
2026-07-18T09:43:03Z,2026-07-18T11:43:03+0200,c4e0902c-5b85-4487-a0df-afe572964363,2026-06-25T20:30:00Z,2026-06-25T22:30:00+0200,172.75,EUR/MWh,DE,DE_LU,day_ahead_price,value,2026-07-18T09:44:31Z
2026-07-18T09:43:03Z,2026-07-18T11:43:03+0200,c4e0902c-5b85-4487-a0df-afe572964363,2026-06-25T20:45:00Z,2026-06-25T22:45:00+0200,159.44,EUR/MWh,DE,DE_LU,day_ahead_price,value,2026-07-18T09:44:31Z
2026-07-18T09:43:03Z,2026-07-18T11:43:03+0200,c4e0902c-5b85-4487-a0df-afe572964363,2026-06-25T21:00:00Z,2026-06-25T23:00:00+0200,172.06,EUR/MWh,DE,DE_LU,day_ahead_price,value,2026-07-18T09:44:31Z
2026-07-18T09:43:03Z,2026-07-18T11:43:03+0200,c4e0902c-5b85-4487-a0df-afe572964363,2026-06-25T21:15:00Z,2026-06-25T23:15:00+0200,159.81,EUR/MWh,DE,DE_LU,day_ahead_price,value,2026-07-18T09:44:31Z
2026-07-18T09:43:03Z,2026-07-18T11:43:03+0200,c4e0902c-5b85-4487-a0df-afe572964363,2026-06-25T21:30:00Z,2026-06-25T23:30:00+0200,146.28,EUR/MWh,DE,DE_LU,day_ahead_price,value,2026-07-18T09:44:31Z
2026-07-18T09:43:03Z,2026-07-18T11:43:03+0200,c4e0902c-5b85-4487-a0df-afe572964363,2026-06-25T21:45:00Z,2026-06-25T23:45:00+0200,144.83,EUR/MWh,DE,DE_LU,day_ahead_price,value,2026-07-18T09:44:31Z
2026-07-18T09:43:03Z,2026-07-18T11:43:03+0200,c4e0902c-5b85-4487-a0df-afe572964363,2026-06-25T22:00:00Z,2026-06-26T00:00:00+0200,152.76,EUR/MWh,DE,DE_LU,day_ahead_price,value,2026-07-18T09:44:31Z
2026-07-18T09:43:03Z,2026-07-18T11:43:03+0200,c4e0902c-5b85-4487-a0df-afe572964363,2026-06-25T22:15:00Z,2026-06-26T00:15:00+0200,150.24,EUR/MWh,DE,DE_LU,day_ahead_price,value,2026-07-18T09:44:31Z
2026-07-18T09:43:03Z,2026-07-18T11:43:03+0200,c4e0902c-5b85-4487-a0df-afe572964363,2026-06-25T22:30:00Z,2026-06-26T00:30:00+0200,142.54,EUR/MWh,DE,DE_LU,day_ahead_price,value,2026-07-18T09:44:31Z
2026-07-18T09:43:03Z,2026-07-18T11:43:03+0200,c4e0902c-5b85-4487-a0df-afe572964363,2026-06-25T22:45:00Z,2026-06-26T00:45:00+0200,133.26,EUR/MWh,DE,DE_LU,day_ahead_price,value,2026-07-18T09:44:31Z
2026-07-18T09:43:03Z,2026-07-18T11:43:03+0200,c4e0902c-5b85-4487-a0df-afe572964363,2026-06-25T23:00:00Z,2026-06-26T01:00:00+0200,137.99,EUR/MWh,DE,DE_LU,day_ahead_price,value,2026-07-18T09:44:31Z
2026-07-18T09:43:03Z,2026-07-18T11:43:03+0200,c4e0902c-5b85-4487-a0df-afe572964363,2026-06-25T23:15:00Z,2026-06-26T01:15:00+0200,132.07,EUR/MWh,DE,DE_LU,day_ahead_price,value,2026-07-18T09:44:31Z
2026-07-18T09:43:03Z,2026-07-18T11:43:03+0200,c4e0902c-5b85-4487-a0df-afe572964363,2026-06-25T23:30:00Z,2026-06-26T01:30:00+0200,129.89,EUR/MWh,DE,DE_LU,day_ahead_price,value,2026-07-18T09:44:31Z
2026-07-18T09:43:03Z,2026-07-18T11:43:03+0200,c4e0902c-5b85-4487-a0df-afe572964363,2026-06-25T23:45:00Z,2026-06-26T01:45:00+0200,122.95,EUR/MWh,DE,DE_LU,day_ahead_price,value,2026-07-18T09:44:31Z
2026-07-18T09:43:03Z,2026-07-18T11:43:03+0200,c4e0902c-5b85-4487-a0df-afe572964363,2026-06-26T00:00:00Z,2026-06-26T02:00:00+0200,125.81,EUR/MWh,DE,DE_LU,day_ahead_price,value,2026-07-18T09:44:31Z
2026-07-18T09:43:03Z,2026-07-18T11:43:03+0200,c4e0902c-5b85-4487-a0df-afe572964363,2026-06-26T00:15:00Z,2026-06-26T02:15:00+0200,122.05,EUR/MWh,DE,DE_LU,day_ahead_price,value,2026-07-18T09:44:31Z
2026-07-18T09:43:03Z,2026-07-18T11:43:03+0200,c4e0902c-5b85-4487-a0df-afe572964363,2026-06-26T00:30:00Z,2026-06-26T02:30:00+0200,121.06,EUR/MWh,DE,DE_LU,day_ahead_price,value,2026-07-18T09:44:31Z
2026-07-18T09:43:03Z,2026-07-18T11:43:03+0200,c4e0902c-5b85-4487-a0df-afe572964363,2026-06-26T00:45:00Z,2026-06-26T02:45:00+0200,121.01,EUR/MWh,DE,DE_LU,day_ahead_price,value,2026-07-18T09:44:31Z
2026-07-18T09:43:03Z,2026-07-18T11:43:03+0200,c4e0902c-5b85-4487-a0df-afe572964363,2026-06-26T01:00:00Z,2026-06-26T03:00:00+0200,124.67,EUR/MWh,DE,DE_LU,day_ahead_price,value,2026-07-18T09:44:31Z
2026-07-18T09:43:03Z,2026-07-18T11:43:03+0200,c4e0902c-5b85-4487-a0df-afe572964363,2026-06-26T01:15:00Z,2026-06-26T03:15:00+0200,119.99,EUR/MWh,DE,DE_LU,day_ahead_price,value,2026-07-18T09:44:31Z
2026-07-18T09:43:03Z,2026-07-18T11:43:03+0200,c4e0902c-5b85-4487-a0df-afe572964363,2026-06-26T01:30:00Z,2026-06-26T03:30:00+0200,118.93,EUR/MWh,DE,DE_LU,day_ahead_price,value,2026-07-18T09:44:31Z
2026-07-18T09:43:03Z,2026-07-18T11:43:03+0200,c4e0902c-5b85-4487-a0df-afe572964363,2026-06-26T01:45:00Z,2026-06-26T03:45:00+0200,120.14,EUR/MWh,DE,DE_LU,day_ahead_price,value,2026-07-18T09:44:31Z
2026-07-18T09:43:03Z,2026-07-18T11:43:03+0200,c4e0902c-5b85-4487-a0df-afe572964363,2026-06-26T02:00:00Z,2026-06-26T04:00:00+0200,123.44,EUR/MWh,DE,DE_LU,day_ahead_price,value,2026-07-18T09:44:31Z
2026-07-18T09:43:03Z,2026-07-18T11:43:03+0200,c4e0902c-5b85-4487-a0df-afe572964363,2026-06-26T02:15:00Z,2026-06-26T04:15:00+0200,123.09,EUR/MWh,DE,DE_LU,day_ahead_price,value,2026-07-18T09:44:31Z
2026-07-18T09:43:03Z,2026-07-18T11:43:03+0200,c4e0902c-5b85-4487-a0df-afe572964363,2026-06-26T02:30:00Z,2026-06-26T04:30:00+0200,120.32,EUR/MWh,DE,DE_LU,day_ahead_price,value,2026-07-18T09:44:31Z
2026-07-18T09:43:03Z,2026-07-18T11:43:03+0200,c4e0902c-5b85-4487-a0df-afe572964363,2026-06-26T02:45:00Z,2026-06-26T04:45:00+0200,123.57,EUR/MWh,DE,DE_LU,day_ahead_price,value,2026-07-18T09:44:31Z
2026-07-18T09:43:03Z,2026-07-18T11:43:03+0200,c4e0902c-5b85-4487-a0df-afe572964363,2026-06-26T03:00:00Z,2026-06-26T05:00:00+0200,127.31,EUR/MWh,DE,DE_LU,day_ahead_price,value,2026-07-18T09:44:31Z
2026-07-18T09:43:03Z,2026-07-18T11:43:03+0200,c4e0902c-5b85-4487-a0df-afe572964363,2026-06-26T03:15:00Z,2026-06-26T05:15:00+0200,125.88,EUR/MWh,DE,DE_LU,day_ahead_price,value,2026-07-18T09:44:31Z
2026-07-18T09:43:03Z,2026-07-18T11:43:03+0200,c4e0902c-5b85-4487-a0df-afe572964363,2026-06-26T03:30:00Z,2026-06-26T05:30:00+0200,130.06,EUR/MWh,DE,DE_LU,day_ahead_price,value,2026-07-18T09:44:31Z
2026-07-18T09:43:03Z,2026-07-18T11:43:03+0200,c4e0902c-5b85-4487-a0df-afe572964363,2026-06-26T03:45:00Z,2026-06-26T05:45:00+0200,134.94,EUR/MWh,DE,DE_LU,day_ahead_price,value,2026-07-18T09:44:31Z
2026-07-18T09:43:03Z,2026-07-18T11:43:03+0200,c4e0902c-5b85-4487-a0df-afe572964363,2026-06-26T04:00:00Z,2026-06-26T06:00:00+0200,144.37,EUR/MWh,DE,DE_LU,day_ahead_price,value,2026-07-18T09:44:31Z
2026-07-18T09:43:03Z,2026-07-18T11:43:03+0200,c4e0902c-5b85-4487-a0df-afe572964363,2026-06-26T04:15:00Z,2026-06-26T06:15:00+0200,150.21,EUR/MWh,DE,DE_LU,day_ahead_price,value,2026-07-18T09:44:31Z
2026-07-18T09:43:03Z,2026-07-18T11:43:03+0200,c4e0902c-5b85-4487-a0df-afe572964363,2026-06-26T04:30:00Z,2026-06-26T06:30:00+0200,149.4,EUR/MWh,DE,DE_LU,day_ahead_price,value,2026-07-18T09:44:31Z
2026-07-18T09:43:03Z,2026-07-18T11:43:03+0200,c4e0902c-5b85-4487-a0df-afe572964363,2026-06-26T04:45:00Z,2026-06-26T06:45:00+0200,140.14,EUR/MWh,DE,DE_LU,day_ahead_price,value,2026-07-18T09:44:31Z
2026-07-18T09:43:03Z,2026-07-18T11:43:03+0200,c4e0902c-5b85-4487-a0df-afe572964363,2026-06-26T05:00:00Z,2026-06-26T07:00:00+0200,158.05,EUR/MWh,DE,DE_LU,day_ahead_price,value,2026-07-18T09:44:31Z
2026-07-18T09:43:03Z,2026-07-18T11:43:03+0200,c4e0902c-5b85-4487-a0df-afe572964363,2026-06-26T05:15:00Z,2026-06-26T07:15:00+0200,147.52,EUR/MWh,DE,DE_LU,day_ahead_price,value,2026-07-18T09:44:31Z
2026-07-18T09:43:03Z,2026-07-18T11:43:03+0200,c4e0902c-5b85-4487-a0df-afe572964363,2026-06-26T05:30:00Z,2026-06-26T07:30:00+0200,127.11,EUR/MWh,DE,DE_LU,day_ahead_price,value,2026-07-18T09:44:31Z
2026-07-18T09:43:03Z,2026-07-18T11:43:03+0200,c4e0902c-5b85-4487-a0df-afe572964363,2026-06-26T05:45:00Z,2026-06-26T07:45:00+0200,119.2,EUR/MWh,DE,DE_LU,day_ahead_price,value,2026-07-18T09:44:31Z
2026-07-18T09:43:03Z,2026-07-18T11:43:03+0200,c4e0902c-5b85-4487-a0df-afe572964363,2026-06-26T06:00:00Z,2026-06-26T08:00:00+0200,137.7,EUR/MWh,DE,DE_LU,day_ahead_price,value,2026-07-18T09:44:31Z
2026-07-18T09:43:03Z,2026-07-18T11:43:03+0200,c4e0902c-5b85-4487-a0df-afe572964363,2026-06-26T06:15:00Z,2026-06-26T08:15:00+0200,122.17,EUR/MWh,DE,DE_LU,day_ahead_price,value,2026-07-18T09:44:31Z
2026-07-18T09:43:03Z,2026-07-18T11:43:03+0200,c4e0902c-5b85-4487-a0df-afe572964363,2026-06-26T06:30:00Z,2026-06-26T08:30:00+0200,114.16,EUR/MWh,DE,DE_LU,day_ahead_price,value,2026-07-18T09:44:31Z
2026-07-18T09:43:03Z,2026-07-18T11:43:03+0200,c4e0902c-5b85-4487-a0df-afe572964363,2026-06-26T06:45:00Z,2026-06-26T08:45:00+0200,105.19,EUR/MWh,DE,DE_LU,day_ahead_price,value,2026-07-18T09:44:31Z
2026-07-18T09:43:03Z,2026-07-18T11:43:03+0200,c4e0902c-5b85-4487-a0df-afe572964363,2026-06-26T07:00:00Z,2026-06-26T09:00:00+0200,118.18,EUR/MWh,DE,DE_LU,day_ahead_price,value,2026-07-18T09:44:31Z
2026-07-18T09:43:03Z,2026-07-18T11:43:03+0200,c4e0902c-5b85-4487-a0df-afe572964363,2026-06-26T07:15:00Z,2026-06-26T09:15:00+0200,116.0,EUR/MWh,DE,DE_LU,day_ahead_price,value,2026-07-18T09:44:31Z
2026-07-18T09:43:03Z,2026-07-18T11:43:03+0200,c4e0902c-5b85-4487-a0df-afe572964363,2026-06-26T07:30:00Z,2026-06-26T09:30:00+0200,103.98,EUR/MWh,DE,DE_LU,day_ahead_price,value,2026-07-18T09:44:31Z
2026-07-18T09:43:03Z,2026-07-18T11:43:03+0200,c4e0902c-5b85-4487-a0df-afe572964363,2026-06-26T07:45:00Z,2026-06-26T09:45:00+0200,94.93,EUR/MWh,DE,DE_LU,day_ahead_price,value,2026-07-18T09:44:31Z
2026-07-18T09:43:03Z,2026-07-18T11:43:03+0200,c4e0902c-5b85-4487-a0df-afe572964363,2026-06-26T08:00:00Z,2026-06-26T10:00:00+0200,111.75,EUR/MWh,DE,DE_LU,day_ahead_price,value,2026-07-18T09:44:31Z
2026-07-18T09:43:03Z,2026-07-18T11:43:03+0200,c4e0902c-5b85-4487-a0df-afe572964363,2026-06-26T08:15:00Z,2026-06-26T10:15:00+0200,103.87,EUR/MWh,DE,DE_LU,day_ahead_price,value,2026-07-18T09:44:31Z
2026-07-18T09:43:03Z,2026-07-18T11:43:03+0200,c4e0902c-5b85-4487-a0df-afe572964363,2026-06-26T08:30:00Z,2026-06-26T10:30:00+0200,87.67,EUR/MWh,DE,DE_LU,day_ahead_price,value,2026-07-18T09:44:31Z
2026-07-18T09:43:03Z,2026-07-18T11:43:03+0200,c4e0902c-5b85-4487-a0df-afe572964363,2026-06-26T08:45:00Z,2026-06-26T10:45:00+0200,69.68,EUR/MWh,DE,DE_LU,day_ahead_price,value,2026-07-18T09:44:31Z
2026-07-18T09:43:03Z,2026-07-18T11:43:03+0200,c4e0902c-5b85-4487-a0df-afe572964363,2026-06-26T09:00:00Z,2026-06-26T11:00:00+0200,89.5,EUR/MWh,DE,DE_LU,day_ahead_price,value,2026-07-18T09:44:31Z
2026-07-18T09:43:03Z,2026-07-18T11:43:03+0200,c4e0902c-5b85-4487-a0df-afe572964363,2026-06-26T09:15:00Z,2026-06-26T11:15:00+0200,73.69,EUR/MWh,DE,DE_LU,day_ahead_price,value,2026-07-18T09:44:31Z
2026-07-18T09:43:03Z,2026-07-18T11:43:03+0200,c4e0902c-5b85-4487-a0df-afe572964363,2026-06-26T09:30:00Z,2026-06-26T11:30:00+0200,60.3,EUR/MWh,DE,DE_LU,day_ahead_price,value,2026-07-18T09:44:31Z
2026-07-18T09:43:03Z,2026-07-18T11:43:03+0200,c4e0902c-5b85-4487-a0df-afe572964363,2026-06-26T09:45:00Z,2026-06-26T11:45:00+0200,47.33,EUR/MWh,DE,DE_LU,day_ahead_price,value,2026-07-18T09:44:31Z
2026-07-18T09:43:03Z,2026-07-18T11:43:03+0200,c4e0902c-5b85-4487-a0df-afe572964363,2026-06-26T10:00:00Z,2026-06-26T12:00:00+0200,61.72,EUR/MWh,DE,DE_LU,day_ahead_price,value,2026-07-18T09:44:31Z
2026-07-18T09:43:03Z,2026-07-18T11:43:03+0200,c4e0902c-5b85-4487-a0df-afe572964363,2026-06-26T10:15:00Z,2026-06-26T12:15:00+0200,50.2,EUR/MWh,DE,DE_LU,day_ahead_price,value,2026-07-18T09:44:31Z
2026-07-18T09:43:03Z,2026-07-18T11:43:03+0200,c4e0902c-5b85-4487-a0df-afe572964363,2026-06-26T10:30:00Z,2026-06-26T12:30:00+0200,48.06,EUR/MWh,DE,DE_LU,day_ahead_price,value,2026-07-18T09:44:31Z
2026-07-18T09:43:03Z,2026-07-18T11:43:03+0200,c4e0902c-5b85-4487-a0df-afe572964363,2026-06-26T10:45:00Z,2026-06-26T12:45:00+0200,37.98,EUR/MWh,DE,DE_LU,day_ahead_price,value,2026-07-18T09:44:31Z
2026-07-18T09:43:03Z,2026-07-18T11:43:03+0200,c4e0902c-5b85-4487-a0df-afe572964363,2026-06-26T11:00:00Z,2026-06-26T13:00:00+0200,43.35,EUR/MWh,DE,DE_LU,day_ahead_price,value,2026-07-18T09:44:31Z
2026-07-18T09:43:03Z,2026-07-18T11:43:03+0200,c4e0902c-5b85-4487-a0df-afe572964363,2026-06-26T11:15:00Z,2026-06-26T13:15:00+0200,39.24,EUR/MWh,DE,DE_LU,day_ahead_price,value,2026-07-18T09:44:31Z
2026-07-18T09:43:03Z,2026-07-18T11:43:03+0200,c4e0902c-5b85-4487-a0df-afe572964363,2026-06-26T11:30:00Z,2026-06-26T13:30:00+0200,36.0,EUR/MWh,DE,DE_LU,day_ahead_price,value,2026-07-18T09:44:31Z
2026-07-18T09:43:03Z,2026-07-18T11:43:03+0200,c4e0902c-5b85-4487-a0df-afe572964363,2026-06-26T11:45:00Z,2026-06-26T13:45:00+0200,35.41,EUR/MWh,DE,DE_LU,day_ahead_price,value,2026-07-18T09:44:31Z
2026-07-18T09:43:03Z,2026-07-18T11:43:03+0200,c4e0902c-5b85-4487-a0df-afe572964363,2026-06-26T12:00:00Z,2026-06-26T14:00:00+0200,28.54,EUR/MWh,DE,DE_LU,day_ahead_price,value,2026-07-18T09:44:31Z
2026-07-18T09:43:03Z,2026-07-18T11:43:03+0200,c4e0902c-5b85-4487-a0df-afe572964363,2026-06-26T12:15:00Z,2026-06-26T14:15:00+0200,31.4,EUR/MWh,DE,DE_LU,day_ahead_price,value,2026-07-18T09:44:31Z
2026-07-18T09:43:03Z,2026-07-18T11:43:03+0200,c4e0902c-5b85-4487-a0df-afe572964363,2026-06-26T12:30:00Z,2026-06-26T14:30:00+0200,43.21,EUR/MWh,DE,DE_LU,day_ahead_price,value,2026-07-18T09:44:31Z
2026-07-18T09:43:03Z,2026-07-18T11:43:03+0200,c4e0902c-5b85-4487-a0df-afe572964363,2026-06-26T12:45:00Z,2026-06-26T14:45:00+0200,56.85,EUR/MWh,DE,DE_LU,day_ahead_price,value,2026-07-18T09:44:31Z
2026-07-18T09:43:03Z,2026-07-18T11:43:03+0200,c4e0902c-5b85-4487-a0df-afe572964363,2026-06-26T13:00:00Z,2026-06-26T15:00:00+0200,44.82,EUR/MWh,DE,DE_LU,day_ahead_price,value,2026-07-18T09:44:31Z
2026-07-18T09:43:03Z,2026-07-18T11:43:03+0200,c4e0902c-5b85-4487-a0df-afe572964363,2026-06-26T13:15:00Z,2026-06-26T15:15:00+0200,60.02,EUR/MWh,DE,DE_LU,day_ahead_price,value,2026-07-18T09:44:31Z
2026-07-18T09:43:03Z,2026-07-18T11:43:03+0200,c4e0902c-5b85-4487-a0df-afe572964363,2026-06-26T13:30:00Z,2026-06-26T15:30:00+0200,79.51,EUR/MWh,DE,DE_LU,day_ahead_price,value,2026-07-18T09:44:31Z
2026-07-18T09:43:03Z,2026-07-18T11:43:03+0200,c4e0902c-5b85-4487-a0df-afe572964363,2026-06-26T13:45:00Z,2026-06-26T15:45:00+0200,91.58,EUR/MWh,DE,DE_LU,day_ahead_price,value,2026-07-18T09:44:31Z
2026-07-18T09:43:03Z,2026-07-18T11:43:03+0200,c4e0902c-5b85-4487-a0df-afe572964363,2026-06-26T14:00:00Z,2026-06-26T16:00:00+0200,68.95,EUR/MWh,DE,DE_LU,day_ahead_price,value,2026-07-18T09:44:31Z
2026-07-18T09:43:03Z,2026-07-18T11:43:03+0200,c4e0902c-5b85-4487-a0df-afe572964363,2026-06-26T14:15:00Z,2026-06-26T16:15:00+0200,83.3,EUR/MWh,DE,DE_LU,day_ahead_price,value,2026-07-18T09:44:31Z
2026-07-18T09:43:03Z,2026-07-18T11:43:03+0200,c4e0902c-5b85-4487-a0df-afe572964363,2026-06-26T14:30:00Z,2026-06-26T16:30:00+0200,100.54,EUR/MWh,DE,DE_LU,day_ahead_price,value,2026-07-18T09:44:31Z
2026-07-18T09:43:03Z,2026-07-18T11:43:03+0200,c4e0902c-5b85-4487-a0df-afe572964363,2026-06-26T14:45:00Z,2026-06-26T16:45:00+0200,119.69,EUR/MWh,DE,DE_LU,day_ahead_price,value,2026-07-18T09:44:31Z
2026-07-18T09:43:03Z,2026-07-18T11:43:03+0200,c4e0902c-5b85-4487-a0df-afe572964363,2026-06-26T15:00:00Z,2026-06-26T17:00:00+0200,85.5,EUR/MWh,DE,DE_LU,day_ahead_price,value,2026-07-18T09:44:31Z
2026-07-18T09:43:03Z,2026-07-18T11:43:03+0200,c4e0902c-5b85-4487-a0df-afe572964363,2026-06-26T15:15:00Z,2026-06-26T17:15:00+0200,108.47,EUR/MWh,DE,DE_LU,day_ahead_price,value,2026-07-18T09:44:31Z
2026-07-18T09:43:03Z,2026-07-18T11:43:03+0200,c4e0902c-5b85-4487-a0df-afe572964363,2026-06-26T15:30:00Z,2026-06-26T17:30:00+0200,116.91,EUR/MWh,DE,DE_LU,day_ahead_price,value,2026-07-18T09:44:31Z
2026-07-18T09:43:03Z,2026-07-18T11:43:03+0200,c4e0902c-5b85-4487-a0df-afe572964363,2026-06-26T15:45:00Z,2026-06-26T17:45:00+0200,133.09,EUR/MWh,DE,DE_LU,day_ahead_price,value,2026-07-18T09:44:31Z
2026-07-18T09:43:03Z,2026-07-18T11:43:03+0200,c4e0902c-5b85-4487-a0df-afe572964363,2026-06-26T16:00:00Z,2026-06-26T18:00:00+0200,93.65,EUR/MWh,DE,DE_LU,day_ahead_price,value,2026-07-18T09:44:31Z
2026-07-18T09:43:03Z,2026-07-18T11:43:03+0200,c4e0902c-5b85-4487-a0df-afe572964363,2026-06-26T16:15:00Z,2026-06-26T18:15:00+0200,135.03,EUR/MWh,DE,DE_LU,day_ahead_price,value,2026-07-18T09:44:31Z
2026-07-18T09:43:03Z,2026-07-18T11:43:03+0200,c4e0902c-5b85-4487-a0df-afe572964363,2026-06-26T16:30:00Z,2026-06-26T18:30:00+0200,160.49,EUR/MWh,DE,DE_LU,day_ahead_price,value,2026-07-18T09:44:31Z
2026-07-18T09:43:03Z,2026-07-18T11:43:03+0200,c4e0902c-5b85-4487-a0df-afe572964363,2026-06-26T16:45:00Z,2026-06-26T18:45:00+0200,212.21,EUR/MWh,DE,DE_LU,day_ahead_price,value,2026-07-18T09:44:31Z
2026-07-18T09:43:03Z,2026-07-18T11:43:03+0200,c4e0902c-5b85-4487-a0df-afe572964363,2026-06-26T17:00:00Z,2026-06-26T19:00:00+0200,159.88,EUR/MWh,DE,DE_LU,day_ahead_price,value,2026-07-18T09:44:31Z
2026-07-18T09:43:03Z,2026-07-18T11:43:03+0200,c4e0902c-5b85-4487-a0df-afe572964363,2026-06-26T17:15:00Z,2026-06-26T19:15:00+0200,193.03,EUR/MWh,DE,DE_LU,day_ahead_price,value,2026-07-18T09:44:31Z
2026-07-18T09:43:03Z,2026-07-18T11:43:03+0200,c4e0902c-5b85-4487-a0df-afe572964363,2026-06-26T17:30:00Z,2026-06-26T19:30:00+0200,249.18,EUR/MWh,DE,DE_LU,day_ahead_price,value,2026-07-18T09:44:31Z
2026-07-18T09:43:03Z,2026-07-18T11:43:03+0200,c4e0902c-5b85-4487-a0df-afe572964363,2026-06-26T17:45:00Z,2026-06-26T19:45:00+0200,372.09,EUR/MWh,DE,DE_LU,day_ahead_price,value,2026-07-18T09:44:31Z
2026-07-18T09:43:03Z,2026-07-18T11:43:03+0200,c4e0902c-5b85-4487-a0df-afe572964363,2026-06-26T18:00:00Z,2026-06-26T20:00:00+0200,258.64,EUR/MWh,DE,DE_LU,day_ahead_price,value,2026-07-18T09:44:31Z
2026-07-18T09:43:03Z,2026-07-18T11:43:03+0200,c4e0902c-5b85-4487-a0df-afe572964363,2026-06-26T18:15:00Z,2026-06-26T20:15:00+0200,337.04,EUR/MWh,DE,DE_LU,day_ahead_price,value,2026-07-18T09:44:31Z
2026-07-18T09:43:03Z,2026-07-18T11:43:03+0200,c4e0902c-5b85-4487-a0df-afe572964363,2026-06-26T18:30:00Z,2026-06-26T20:30:00+0200,399.99,EUR/MWh,DE,DE_LU,day_ahead_price,value,2026-07-18T09:44:31Z
2026-07-18T09:43:03Z,2026-07-18T11:43:03+0200,c4e0902c-5b85-4487-a0df-afe572964363,2026-06-26T18:45:00Z,2026-06-26T20:45:00+0200,406.17,EUR/MWh,DE,DE_LU,day_ahead_price,value,2026-07-18T09:44:31Z
2026-07-18T09:43:03Z,2026-07-18T11:43:03+0200,c4e0902c-5b85-4487-a0df-afe572964363,2026-06-26T19:00:00Z,2026-06-26T21:00:00+0200,405.09,EUR/MWh,DE,DE_LU,day_ahead_price,value,2026-07-18T09:44:31Z
2026-07-18T09:43:03Z,2026-07-18T11:43:03+0200,c4e0902c-5b85-4487-a0df-afe572964363,2026-06-26T19:15:00Z,2026-06-26T21:15:00+0200,335.04,EUR/MWh,DE,DE_LU,day_ahead_price,value,2026-07-18T09:44:31Z
2026-07-18T09:43:03Z,2026-07-18T11:43:03+0200,c4e0902c-5b85-4487-a0df-afe572964363,2026-06-26T19:30:00Z,2026-06-26T21:30:00+0200,248.24,EUR/MWh,DE,DE_LU,day_ahead_price,value,2026-07-18T09:44:31Z
2026-07-18T09:43:03Z,2026-07-18T11:43:03+0200,c4e0902c-5b85-4487-a0df-afe572964363,2026-06-26T19:45:00Z,2026-06-26T21:45:00+0200,194.74,EUR/MWh,DE,DE_LU,day_ahead_price,value,2026-07-18T09:44:31Z
2026-07-18T09:43:03Z,2026-07-18T11:43:03+0200,c4e0902c-5b85-4487-a0df-afe572964363,2026-06-26T20:00:00Z,2026-06-26T22:00:00+0200,258.42,EUR/MWh,DE,DE_LU,day_ahead_price,value,2026-07-18T09:44:31Z
2026-07-18T09:43:03Z,2026-07-18T11:43:03+0200,c4e0902c-5b85-4487-a0df-afe572964363,2026-06-26T20:15:00Z,2026-06-26T22:15:00+0200,205.87,EUR/MWh,DE,DE_LU,day_ahead_price,value,2026-07-18T09:44:31Z
2026-07-18T09:43:03Z,2026-07-18T11:43:03+0200,c4e0902c-5b85-4487-a0df-afe572964363,2026-06-26T20:30:00Z,2026-06-26T22:30:00+0200,185.01,EUR/MWh,DE,DE_LU,day_ahead_price,value,2026-07-18T09:44:31Z
2026-07-18T09:43:03Z,2026-07-18T11:43:03+0200,c4e0902c-5b85-4487-a0df-afe572964363,2026-06-26T20:45:00Z,2026-06-26T22:45:00+0200,161.32,EUR/MWh,DE,DE_LU,day_ahead_price,value,2026-07-18T09:44:31Z
2026-07-18T09:43:03Z,2026-07-18T11:43:03+0200,c4e0902c-5b85-4487-a0df-afe572964363,2026-06-26T21:00:00Z,2026-06-26T23:00:00+0200,176.48,EUR/MWh,DE,DE_LU,day_ahead_price,value,2026-07-18T09:44:31Z
2026-07-18T09:43:03Z,2026-07-18T11:43:03+0200,c4e0902c-5b85-4487-a0df-afe572964363,2026-06-26T21:15:00Z,2026-06-26T23:15:00+0200,157.47,EUR/MWh,DE,DE_LU,day_ahead_price,value,2026-07-18T09:44:31Z
2026-07-18T09:43:03Z,2026-07-18T11:43:03+0200,c4e0902c-5b85-4487-a0df-afe572964363,2026-06-26T21:30:00Z,2026-06-26T23:30:00+0200,145.87,EUR/MWh,DE,DE_LU,day_ahead_price,value,2026-07-18T09:44:31Z
2026-07-18T09:43:03Z,2026-07-18T11:43:03+0200,c4e0902c-5b85-4487-a0df-afe572964363,2026-06-26T21:45:00Z,2026-06-26T23:45:00+0200,139.62,EUR/MWh,DE,DE_LU,day_ahead_price,value,2026-07-18T09:44:31Z
2026-07-18T09:43:03Z,2026-07-18T11:43:03+0200,c4e0902c-5b85-4487-a0df-afe572964363,2026-06-26T22:00:00Z,2026-06-27T00:00:00+0200,145.51,EUR/MWh,DE,DE_LU,day_ahead_price,value,2026-07-18T09:44:31Z
2026-07-18T09:43:03Z,2026-07-18T11:43:03+0200,c4e0902c-5b85-4487-a0df-afe572964363,2026-06-26T22:15:00Z,2026-06-27T00:15:00+0200,133.67,EUR/MWh,DE,DE_LU,day_ahead_price,value,2026-07-18T09:44:31Z
2026-07-18T09:43:03Z,2026-07-18T11:43:03+0200,c4e0902c-5b85-4487-a0df-afe572964363,2026-06-26T22:30:00Z,2026-06-27T00:30:00+0200,127.53,EUR/MWh,DE,DE_LU,day_ahead_price,value,2026-07-18T09:44:31Z
2026-07-18T09:43:03Z,2026-07-18T11:43:03+0200,c4e0902c-5b85-4487-a0df-afe572964363,2026-06-26T22:45:00Z,2026-06-27T00:45:00+0200,121.47,EUR/MWh,DE,DE_LU,day_ahead_price,value,2026-07-18T09:44:31Z
2026-07-18T09:43:03Z,2026-07-18T11:43:03+0200,c4e0902c-5b85-4487-a0df-afe572964363,2026-06-26T23:00:00Z,2026-06-27T01:00:00+0200,130.5,EUR/MWh,DE,DE_LU,day_ahead_price,value,2026-07-18T09:44:31Z
2026-07-18T09:43:03Z,2026-07-18T11:43:03+0200,c4e0902c-5b85-4487-a0df-afe572964363,2026-06-26T23:15:00Z,2026-06-27T01:15:00+0200,125.93,EUR/MWh,DE,DE_LU,day_ahead_price,value,2026-07-18T09:44:31Z
2026-07-18T09:43:03Z,2026-07-18T11:43:03+0200,c4e0902c-5b85-4487-a0df-afe572964363,2026-06-26T23:30:00Z,2026-06-27T01:30:00+0200,122.53,EUR/MWh,DE,DE_LU,day_ahead_price,value,2026-07-18T09:44:31Z
2026-07-18T09:43:03Z,2026-07-18T11:43:03+0200,c4e0902c-5b85-4487-a0df-afe572964363,2026-06-26T23:45:00Z,2026-06-27T01:45:00+0200,119.04,EUR/MWh,DE,DE_LU,day_ahead_price,value,2026-07-18T09:44:31Z
2026-07-18T09:43:03Z,2026-07-18T11:43:03+0200,c4e0902c-5b85-4487-a0df-afe572964363,2026-06-27T00:00:00Z,2026-06-27T02:00:00+0200,120.07,EUR/MWh,DE,DE_LU,day_ahead_price,value,2026-07-18T09:44:31Z
2026-07-18T09:43:03Z,2026-07-18T11:43:03+0200,c4e0902c-5b85-4487-a0df-afe572964363,2026-06-27T00:15:00Z,2026-06-27T02:15:00+0200,119.02,EUR/MWh,DE,DE_LU,day_ahead_price,value,2026-07-18T09:44:31Z
2026-07-18T09:43:03Z,2026-07-18T11:43:03+0200,c4e0902c-5b85-4487-a0df-afe572964363,2026-06-27T00:30:00Z,2026-06-27T02:30:00+0200,116.31,EUR/MWh,DE,DE_LU,day_ahead_price,value,2026-07-18T09:44:31Z
2026-07-18T09:43:03Z,2026-07-18T11:43:03+0200,c4e0902c-5b85-4487-a0df-afe572964363,2026-06-27T00:45:00Z,2026-06-27T02:45:00+0200,116.58,EUR/MWh,DE,DE_LU,day_ahead_price,value,2026-07-18T09:44:31Z
2026-07-18T09:43:03Z,2026-07-18T11:43:03+0200,c4e0902c-5b85-4487-a0df-afe572964363,2026-06-27T01:00:00Z,2026-06-27T03:00:00+0200,117.89,EUR/MWh,DE,DE_LU,day_ahead_price,value,2026-07-18T09:44:31Z
2026-07-18T09:43:03Z,2026-07-18T11:43:03+0200,c4e0902c-5b85-4487-a0df-afe572964363,2026-06-27T01:15:00Z,2026-06-27T03:15:00+0200,114.32,EUR/MWh,DE,DE_LU,day_ahead_price,value,2026-07-18T09:44:31Z
2026-07-18T09:43:03Z,2026-07-18T11:43:03+0200,c4e0902c-5b85-4487-a0df-afe572964363,2026-06-27T01:30:00Z,2026-06-27T03:30:00+0200,116.11,EUR/MWh,DE,DE_LU,day_ahead_price,value,2026-07-18T09:44:31Z
2026-07-18T09:43:03Z,2026-07-18T11:43:03+0200,c4e0902c-5b85-4487-a0df-afe572964363,2026-06-27T01:45:00Z,2026-06-27T03:45:00+0200,115.0,EUR/MWh,DE,DE_LU,day_ahead_price,value,2026-07-18T09:44:31Z
2026-07-18T09:43:03Z,2026-07-18T11:43:03+0200,c4e0902c-5b85-4487-a0df-afe572964363,2026-06-27T02:00:00Z,2026-06-27T04:00:00+0200,114.77,EUR/MWh,DE,DE_LU,day_ahead_price,value,2026-07-18T09:44:31Z
2026-07-18T09:43:03Z,2026-07-18T11:43:03+0200,c4e0902c-5b85-4487-a0df-afe572964363,2026-06-27T02:15:00Z,2026-06-27T04:15:00+0200,116.11,EUR/MWh,DE,DE_LU,day_ahead_price,value,2026-07-18T09:44:31Z
2026-07-18T09:43:03Z,2026-07-18T11:43:03+0200,c4e0902c-5b85-4487-a0df-afe572964363,2026-06-27T02:30:00Z,2026-06-27T04:30:00+0200,116.1,EUR/MWh,DE,DE_LU,day_ahead_price,value,2026-07-18T09:44:31Z
2026-07-18T09:43:03Z,2026-07-18T11:43:03+0200,c4e0902c-5b85-4487-a0df-afe572964363,2026-06-27T02:45:00Z,2026-06-27T04:45:00+0200,114.32,EUR/MWh,DE,DE_LU,day_ahead_price,value,2026-07-18T09:44:31Z
2026-07-18T09:43:03Z,2026-07-18T11:43:03+0200,c4e0902c-5b85-4487-a0df-afe572964363,2026-06-27T03:00:00Z,2026-06-27T05:00:00+0200,115.4,EUR/MWh,DE,DE_LU,day_ahead_price,value,2026-07-18T09:44:31Z
2026-07-18T09:43:03Z,2026-07-18T11:43:03+0200,c4e0902c-5b85-4487-a0df-afe572964363,2026-06-27T03:15:00Z,2026-06-27T05:15:00+0200,113.85,EUR/MWh,DE,DE_LU,day_ahead_price,value,2026-07-18T09:44:31Z
2026-07-18T09:43:03Z,2026-07-18T11:43:03+0200,c4e0902c-5b85-4487-a0df-afe572964363,2026-06-27T03:30:00Z,2026-06-27T05:30:00+0200,113.84,EUR/MWh,DE,DE_LU,day_ahead_price,value,2026-07-18T09:44:31Z
2026-07-18T09:43:03Z,2026-07-18T11:43:03+0200,c4e0902c-5b85-4487-a0df-afe572964363,2026-06-27T03:45:00Z,2026-06-27T05:45:00+0200,112.91,EUR/MWh,DE,DE_LU,day_ahead_price,value,2026-07-18T09:44:31Z
2026-07-18T09:43:03Z,2026-07-18T11:43:03+0200,c4e0902c-5b85-4487-a0df-afe572964363,2026-06-27T04:00:00Z,2026-06-27T06:00:00+0200,115.01,EUR/MWh,DE,DE_LU,day_ahead_price,value,2026-07-18T09:44:31Z
2026-07-18T09:43:03Z,2026-07-18T11:43:03+0200,c4e0902c-5b85-4487-a0df-afe572964363,2026-06-27T04:15:00Z,2026-06-27T06:15:00+0200,112.91,EUR/MWh,DE,DE_LU,day_ahead_price,value,2026-07-18T09:44:31Z
2026-07-18T09:43:03Z,2026-07-18T11:43:03+0200,c4e0902c-5b85-4487-a0df-afe572964363,2026-06-27T04:30:00Z,2026-06-27T06:30:00+0200,112.01,EUR/MWh,DE,DE_LU,day_ahead_price,value,2026-07-18T09:44:31Z
2026-07-18T09:43:03Z,2026-07-18T11:43:03+0200,c4e0902c-5b85-4487-a0df-afe572964363,2026-06-27T04:45:00Z,2026-06-27T06:45:00+0200,110.97,EUR/MWh,DE,DE_LU,day_ahead_price,value,2026-07-18T09:44:31Z
2026-07-18T09:43:03Z,2026-07-18T11:43:03+0200,c4e0902c-5b85-4487-a0df-afe572964363,2026-06-27T05:00:00Z,2026-06-27T07:00:00+0200,115.33,EUR/MWh,DE,DE_LU,day_ahead_price,value,2026-07-18T09:44:31Z
2026-07-18T09:43:03Z,2026-07-18T11:43:03+0200,c4e0902c-5b85-4487-a0df-afe572964363,2026-06-27T05:15:00Z,2026-06-27T07:15:00+0200,113.84,EUR/MWh,DE,DE_LU,day_ahead_price,value,2026-07-18T09:44:31Z
2026-07-18T09:43:03Z,2026-07-18T11:43:03+0200,c4e0902c-5b85-4487-a0df-afe572964363,2026-06-27T05:30:00Z,2026-06-27T07:30:00+0200,112.91,EUR/MWh,DE,DE_LU,day_ahead_price,value,2026-07-18T09:44:31Z
2026-07-18T09:43:03Z,2026-07-18T11:43:03+0200,c4e0902c-5b85-4487-a0df-afe572964363,2026-06-27T05:45:00Z,2026-06-27T07:45:00+0200,95.01,EUR/MWh,DE,DE_LU,day_ahead_price,value,2026-07-18T09:44:31Z
2026-07-18T09:43:03Z,2026-07-18T11:43:03+0200,c4e0902c-5b85-4487-a0df-afe572964363,2026-06-27T06:00:00Z,2026-06-27T08:00:00+0200,118.85,EUR/MWh,DE,DE_LU,day_ahead_price,value,2026-07-18T09:44:31Z
2026-07-18T09:43:03Z,2026-07-18T11:43:03+0200,c4e0902c-5b85-4487-a0df-afe572964363,2026-06-27T06:15:00Z,2026-06-27T08:15:00+0200,112.61,EUR/MWh,DE,DE_LU,day_ahead_price,value,2026-07-18T09:44:31Z
2026-07-18T09:43:03Z,2026-07-18T11:43:03+0200,c4e0902c-5b85-4487-a0df-afe572964363,2026-06-27T06:30:00Z,2026-06-27T08:30:00+0200,99.9,EUR/MWh,DE,DE_LU,day_ahead_price,value,2026-07-18T09:44:31Z
2026-07-18T09:43:03Z,2026-07-18T11:43:03+0200,c4e0902c-5b85-4487-a0df-afe572964363,2026-06-27T06:45:00Z,2026-06-27T08:45:00+0200,80.11,EUR/MWh,DE,DE_LU,day_ahead_price,value,2026-07-18T09:44:31Z
2026-07-18T09:43:03Z,2026-07-18T11:43:03+0200,c4e0902c-5b85-4487-a0df-afe572964363,2026-06-27T07:00:00Z,2026-06-27T09:00:00+0200,109.87,EUR/MWh,DE,DE_LU,day_ahead_price,value,2026-07-18T09:44:31Z
2026-07-18T09:43:03Z,2026-07-18T11:43:03+0200,c4e0902c-5b85-4487-a0df-afe572964363,2026-06-27T07:15:00Z,2026-06-27T09:15:00+0200,84.49,EUR/MWh,DE,DE_LU,day_ahead_price,value,2026-07-18T09:44:31Z
2026-07-18T09:43:03Z,2026-07-18T11:43:03+0200,c4e0902c-5b85-4487-a0df-afe572964363,2026-06-27T07:30:00Z,2026-06-27T09:30:00+0200,67.13,EUR/MWh,DE,DE_LU,day_ahead_price,value,2026-07-18T09:44:31Z
2026-07-18T09:43:03Z,2026-07-18T11:43:03+0200,c4e0902c-5b85-4487-a0df-afe572964363,2026-06-27T07:45:00Z,2026-06-27T09:45:00+0200,32.78,EUR/MWh,DE,DE_LU,day_ahead_price,value,2026-07-18T09:44:31Z
2026-07-18T09:43:03Z,2026-07-18T11:43:03+0200,c4e0902c-5b85-4487-a0df-afe572964363,2026-06-27T08:00:00Z,2026-06-27T10:00:00+0200,64.42,EUR/MWh,DE,DE_LU,day_ahead_price,value,2026-07-18T09:44:31Z
2026-07-18T09:43:03Z,2026-07-18T11:43:03+0200,c4e0902c-5b85-4487-a0df-afe572964363,2026-06-27T08:15:00Z,2026-06-27T10:15:00+0200,42.82,EUR/MWh,DE,DE_LU,day_ahead_price,value,2026-07-18T09:44:31Z
2026-07-18T09:43:03Z,2026-07-18T11:43:03+0200,c4e0902c-5b85-4487-a0df-afe572964363,2026-06-27T08:30:00Z,2026-06-27T10:30:00+0200,22.43,EUR/MWh,DE,DE_LU,day_ahead_price,value,2026-07-18T09:44:31Z
2026-07-18T09:43:03Z,2026-07-18T11:43:03+0200,c4e0902c-5b85-4487-a0df-afe572964363,2026-06-27T08:45:00Z,2026-06-27T10:45:00+0200,14.43,EUR/MWh,DE,DE_LU,day_ahead_price,value,2026-07-18T09:44:31Z
2026-07-18T09:43:03Z,2026-07-18T11:43:03+0200,c4e0902c-5b85-4487-a0df-afe572964363,2026-06-27T09:00:00Z,2026-06-27T11:00:00+0200,19.53,EUR/MWh,DE,DE_LU,day_ahead_price,value,2026-07-18T09:44:31Z
2026-07-18T09:43:03Z,2026-07-18T11:43:03+0200,c4e0902c-5b85-4487-a0df-afe572964363,2026-06-27T09:15:00Z,2026-06-27T11:15:00+0200,11.28,EUR/MWh,DE,DE_LU,day_ahead_price,value,2026-07-18T09:44:31Z
2026-07-18T09:43:03Z,2026-07-18T11:43:03+0200,c4e0902c-5b85-4487-a0df-afe572964363,2026-06-27T09:30:00Z,2026-06-27T11:30:00+0200,4.68,EUR/MWh,DE,DE_LU,day_ahead_price,value,2026-07-18T09:44:31Z
2026-07-18T09:43:03Z,2026-07-18T11:43:03+0200,c4e0902c-5b85-4487-a0df-afe572964363,2026-06-27T09:45:00Z,2026-06-27T11:45:00+0200,3.18,EUR/MWh,DE,DE_LU,day_ahead_price,value,2026-07-18T09:44:31Z
2026-07-18T09:43:03Z,2026-07-18T11:43:03+0200,c4e0902c-5b85-4487-a0df-afe572964363,2026-06-27T10:00:00Z,2026-06-27T12:00:00+0200,2.11,EUR/MWh,DE,DE_LU,day_ahead_price,value,2026-07-18T09:44:31Z
2026-07-18T09:43:03Z,2026-07-18T11:43:03+0200,c4e0902c-5b85-4487-a0df-afe572964363,2026-06-27T10:15:00Z,2026-06-27T12:15:00+0200,0.0,EUR/MWh,DE,DE_LU,day_ahead_price,value,2026-07-18T09:44:31Z
2026-07-18T09:43:03Z,2026-07-18T11:43:03+0200,c4e0902c-5b85-4487-a0df-afe572964363,2026-06-27T10:30:00Z,2026-06-27T12:30:00+0200,0.0,EUR/MWh,DE,DE_LU,day_ahead_price,value,2026-07-18T09:44:31Z
2026-07-18T09:43:03Z,2026-07-18T11:43:03+0200,c4e0902c-5b85-4487-a0df-afe572964363,2026-06-27T10:45:00Z,2026-06-27T12:45:00+0200,-0.01,EUR/MWh,DE,DE_LU,day_ahead_price,value,2026-07-18T09:44:31Z
2026-07-18T09:43:03Z,2026-07-18T11:43:03+0200,c4e0902c-5b85-4487-a0df-afe572964363,2026-06-27T11:00:00Z,2026-06-27T13:00:00+0200,0.1,EUR/MWh,DE,DE_LU,day_ahead_price,value,2026-07-18T09:44:31Z
2026-07-18T09:43:03Z,2026-07-18T11:43:03+0200,c4e0902c-5b85-4487-a0df-afe572964363,2026-06-27T11:15:00Z,2026-06-27T13:15:00+0200,0.01,EUR/MWh,DE,DE_LU,day_ahead_price,value,2026-07-18T09:44:31Z
2026-07-18T09:43:03Z,2026-07-18T11:43:03+0200,c4e0902c-5b85-4487-a0df-afe572964363,2026-06-27T11:30:00Z,2026-06-27T13:30:00+0200,0.0,EUR/MWh,DE,DE_LU,day_ahead_price,value,2026-07-18T09:44:31Z
2026-07-18T09:43:03Z,2026-07-18T11:43:03+0200,c4e0902c-5b85-4487-a0df-afe572964363,2026-06-27T11:45:00Z,2026-06-27T13:45:00+0200,0.0,EUR/MWh,DE,DE_LU,day_ahead_price,value,2026-07-18T09:44:31Z
2026-07-18T09:43:03Z,2026-07-18T11:43:03+0200,c4e0902c-5b85-4487-a0df-afe572964363,2026-06-27T12:00:00Z,2026-06-27T14:00:00+0200,0.1,EUR/MWh,DE,DE_LU,day_ahead_price,value,2026-07-18T09:44:31Z
2026-07-18T09:43:03Z,2026-07-18T11:43:03+0200,c4e0902c-5b85-4487-a0df-afe572964363,2026-06-27T12:15:00Z,2026-06-27T14:15:00+0200,1.4,EUR/MWh,DE,DE_LU,day_ahead_price,value,2026-07-18T09:44:31Z
2026-07-18T09:43:03Z,2026-07-18T11:43:03+0200,c4e0902c-5b85-4487-a0df-afe572964363,2026-06-27T12:30:00Z,2026-06-27T14:30:00+0200,4.08,EUR/MWh,DE,DE_LU,day_ahead_price,value,2026-07-18T09:44:31Z
2026-07-18T09:43:03Z,2026-07-18T11:43:03+0200,c4e0902c-5b85-4487-a0df-afe572964363,2026-06-27T12:45:00Z,2026-06-27T14:45:00+0200,7.99,EUR/MWh,DE,DE_LU,day_ahead_price,value,2026-07-18T09:44:31Z
2026-07-18T09:43:03Z,2026-07-18T11:43:03+0200,c4e0902c-5b85-4487-a0df-afe572964363,2026-06-27T13:00:00Z,2026-06-27T15:00:00+0200,2.14,EUR/MWh,DE,DE_LU,day_ahead_price,value,2026-07-18T09:44:31Z
2026-07-18T09:43:03Z,2026-07-18T11:43:03+0200,c4e0902c-5b85-4487-a0df-afe572964363,2026-06-27T13:15:00Z,2026-06-27T15:15:00+0200,4.0,EUR/MWh,DE,DE_LU,day_ahead_price,value,2026-07-18T09:44:31Z
2026-07-18T09:43:03Z,2026-07-18T11:43:03+0200,c4e0902c-5b85-4487-a0df-afe572964363,2026-06-27T13:30:00Z,2026-06-27T15:30:00+0200,12.86,EUR/MWh,DE,DE_LU,day_ahead_price,value,2026-07-18T09:44:31Z
2026-07-18T09:43:03Z,2026-07-18T11:43:03+0200,c4e0902c-5b85-4487-a0df-afe572964363,2026-06-27T13:45:00Z,2026-06-27T15:45:00+0200,32.07,EUR/MWh,DE,DE_LU,day_ahead_price,value,2026-07-18T09:44:31Z
2026-07-18T09:43:03Z,2026-07-18T11:43:03+0200,c4e0902c-5b85-4487-a0df-afe572964363,2026-06-27T14:00:00Z,2026-06-27T16:00:00+0200,9.1,EUR/MWh,DE,DE_LU,day_ahead_price,value,2026-07-18T09:44:31Z
2026-07-18T09:43:03Z,2026-07-18T11:43:03+0200,c4e0902c-5b85-4487-a0df-afe572964363,2026-06-27T14:15:00Z,2026-06-27T16:15:00+0200,35.0,EUR/MWh,DE,DE_LU,day_ahead_price,value,2026-07-18T09:44:31Z
2026-07-18T09:43:03Z,2026-07-18T11:43:03+0200,c4e0902c-5b85-4487-a0df-afe572964363,2026-06-27T14:30:00Z,2026-06-27T16:30:00+0200,66.07,EUR/MWh,DE,DE_LU,day_ahead_price,value,2026-07-18T09:44:31Z
2026-07-18T09:43:03Z,2026-07-18T11:43:03+0200,c4e0902c-5b85-4487-a0df-afe572964363,2026-06-27T14:45:00Z,2026-06-27T16:45:00+0200,93.83,EUR/MWh,DE,DE_LU,day_ahead_price,value,2026-07-18T09:44:31Z
2026-07-18T09:43:03Z,2026-07-18T11:43:03+0200,c4e0902c-5b85-4487-a0df-afe572964363,2026-06-27T15:00:00Z,2026-06-27T17:00:00+0200,61.97,EUR/MWh,DE,DE_LU,day_ahead_price,value,2026-07-18T09:44:31Z
2026-07-18T09:43:03Z,2026-07-18T11:43:03+0200,c4e0902c-5b85-4487-a0df-afe572964363,2026-06-27T15:15:00Z,2026-06-27T17:15:00+0200,98.97,EUR/MWh,DE,DE_LU,day_ahead_price,value,2026-07-18T09:44:31Z
2026-07-18T09:43:03Z,2026-07-18T11:43:03+0200,c4e0902c-5b85-4487-a0df-afe572964363,2026-06-27T15:30:00Z,2026-06-27T17:30:00+0200,112.08,EUR/MWh,DE,DE_LU,day_ahead_price,value,2026-07-18T09:44:31Z
2026-07-18T09:43:03Z,2026-07-18T11:43:03+0200,c4e0902c-5b85-4487-a0df-afe572964363,2026-06-27T15:45:00Z,2026-06-27T17:45:00+0200,129.4,EUR/MWh,DE,DE_LU,day_ahead_price,value,2026-07-18T09:44:31Z
2026-07-18T09:43:03Z,2026-07-18T11:43:03+0200,c4e0902c-5b85-4487-a0df-afe572964363,2026-06-27T16:00:00Z,2026-06-27T18:00:00+0200,107.84,EUR/MWh,DE,DE_LU,day_ahead_price,value,2026-07-18T09:44:31Z
2026-07-18T09:43:03Z,2026-07-18T11:43:03+0200,c4e0902c-5b85-4487-a0df-afe572964363,2026-06-27T16:15:00Z,2026-06-27T18:15:00+0200,117.19,EUR/MWh,DE,DE_LU,day_ahead_price,value,2026-07-18T09:44:31Z
2026-07-18T09:43:03Z,2026-07-18T11:43:03+0200,c4e0902c-5b85-4487-a0df-afe572964363,2026-06-27T16:30:00Z,2026-06-27T18:30:00+0200,134.05,EUR/MWh,DE,DE_LU,day_ahead_price,value,2026-07-18T09:44:31Z
2026-07-18T09:43:03Z,2026-07-18T11:43:03+0200,c4e0902c-5b85-4487-a0df-afe572964363,2026-06-27T16:45:00Z,2026-06-27T18:45:00+0200,149.45,EUR/MWh,DE,DE_LU,day_ahead_price,value,2026-07-18T09:44:31Z
2026-07-18T09:43:03Z,2026-07-18T11:43:03+0200,c4e0902c-5b85-4487-a0df-afe572964363,2026-06-27T17:00:00Z,2026-06-27T19:00:00+0200,133.91,EUR/MWh,DE,DE_LU,day_ahead_price,value,2026-07-18T09:44:31Z
2026-07-18T09:43:03Z,2026-07-18T11:43:03+0200,c4e0902c-5b85-4487-a0df-afe572964363,2026-06-27T17:15:00Z,2026-06-27T19:15:00+0200,149.95,EUR/MWh,DE,DE_LU,day_ahead_price,value,2026-07-18T09:44:31Z
2026-07-18T09:43:03Z,2026-07-18T11:43:03+0200,c4e0902c-5b85-4487-a0df-afe572964363,2026-06-27T17:30:00Z,2026-06-27T19:30:00+0200,182.04,EUR/MWh,DE,DE_LU,day_ahead_price,value,2026-07-18T09:44:31Z
2026-07-18T09:43:03Z,2026-07-18T11:43:03+0200,c4e0902c-5b85-4487-a0df-afe572964363,2026-06-27T17:45:00Z,2026-06-27T19:45:00+0200,221.12,EUR/MWh,DE,DE_LU,day_ahead_price,value,2026-07-18T09:44:31Z
2026-07-18T09:43:03Z,2026-07-18T11:43:03+0200,c4e0902c-5b85-4487-a0df-afe572964363,2026-06-27T18:00:00Z,2026-06-27T20:00:00+0200,198.63,EUR/MWh,DE,DE_LU,day_ahead_price,value,2026-07-18T09:44:31Z
2026-07-18T09:43:03Z,2026-07-18T11:43:03+0200,c4e0902c-5b85-4487-a0df-afe572964363,2026-06-27T18:15:00Z,2026-06-27T20:15:00+0200,207.14,EUR/MWh,DE,DE_LU,day_ahead_price,value,2026-07-18T09:44:31Z
2026-07-18T09:43:03Z,2026-07-18T11:43:03+0200,c4e0902c-5b85-4487-a0df-afe572964363,2026-06-27T18:30:00Z,2026-06-27T20:30:00+0200,226.89,EUR/MWh,DE,DE_LU,day_ahead_price,value,2026-07-18T09:44:31Z
2026-07-18T09:43:03Z,2026-07-18T11:43:03+0200,c4e0902c-5b85-4487-a0df-afe572964363,2026-06-27T18:45:00Z,2026-06-27T20:45:00+0200,252.34,EUR/MWh,DE,DE_LU,day_ahead_price,value,2026-07-18T09:44:31Z
2026-07-18T09:43:03Z,2026-07-18T11:43:03+0200,c4e0902c-5b85-4487-a0df-afe572964363,2026-06-27T19:00:00Z,2026-06-27T21:00:00+0200,223.72,EUR/MWh,DE,DE_LU,day_ahead_price,value,2026-07-18T09:44:31Z
2026-07-18T09:43:03Z,2026-07-18T11:43:03+0200,c4e0902c-5b85-4487-a0df-afe572964363,2026-06-27T19:15:00Z,2026-06-27T21:15:00+0200,212.47,EUR/MWh,DE,DE_LU,day_ahead_price,value,2026-07-18T09:44:31Z
2026-07-18T09:43:03Z,2026-07-18T11:43:03+0200,c4e0902c-5b85-4487-a0df-afe572964363,2026-06-27T19:30:00Z,2026-06-27T21:30:00+0200,210.3,EUR/MWh,DE,DE_LU,day_ahead_price,value,2026-07-18T09:44:31Z
2026-07-18T09:43:03Z,2026-07-18T11:43:03+0200,c4e0902c-5b85-4487-a0df-afe572964363,2026-06-27T19:45:00Z,2026-06-27T21:45:00+0200,210.74,EUR/MWh,DE,DE_LU,day_ahead_price,value,2026-07-18T09:44:31Z
2026-07-18T09:43:03Z,2026-07-18T11:43:03+0200,c4e0902c-5b85-4487-a0df-afe572964363,2026-06-27T20:00:00Z,2026-06-27T22:00:00+0200,204.92,EUR/MWh,DE,DE_LU,day_ahead_price,value,2026-07-18T09:44:31Z
2026-07-18T09:43:03Z,2026-07-18T11:43:03+0200,c4e0902c-5b85-4487-a0df-afe572964363,2026-06-27T20:15:00Z,2026-06-27T22:15:00+0200,173.25,EUR/MWh,DE,DE_LU,day_ahead_price,value,2026-07-18T09:44:31Z
2026-07-18T09:43:03Z,2026-07-18T11:43:03+0200,c4e0902c-5b85-4487-a0df-afe572964363,2026-06-27T20:30:00Z,2026-06-27T22:30:00+0200,167.64,EUR/MWh,DE,DE_LU,day_ahead_price,value,2026-07-18T09:44:31Z
2026-07-18T09:43:03Z,2026-07-18T11:43:03+0200,c4e0902c-5b85-4487-a0df-afe572964363,2026-06-27T20:45:00Z,2026-06-27T22:45:00+0200,154.18,EUR/MWh,DE,DE_LU,day_ahead_price,value,2026-07-18T09:44:31Z
2026-07-18T09:43:03Z,2026-07-18T11:43:03+0200,c4e0902c-5b85-4487-a0df-afe572964363,2026-06-27T21:00:00Z,2026-06-27T23:00:00+0200,157.99,EUR/MWh,DE,DE_LU,day_ahead_price,value,2026-07-18T09:44:31Z
2026-07-18T09:43:03Z,2026-07-18T11:43:03+0200,c4e0902c-5b85-4487-a0df-afe572964363,2026-06-27T21:15:00Z,2026-06-27T23:15:00+0200,145.23,EUR/MWh,DE,DE_LU,day_ahead_price,value,2026-07-18T09:44:31Z
2026-07-18T09:43:03Z,2026-07-18T11:43:03+0200,c4e0902c-5b85-4487-a0df-afe572964363,2026-06-27T21:30:00Z,2026-06-27T23:30:00+0200,139.08,EUR/MWh,DE,DE_LU,day_ahead_price,value,2026-07-18T09:44:31Z
2026-07-18T09:43:03Z,2026-07-18T11:43:03+0200,c4e0902c-5b85-4487-a0df-afe572964363,2026-06-27T21:45:00Z,2026-06-27T23:45:00+0200,136.08,EUR/MWh,DE,DE_LU,day_ahead_price,value,2026-07-18T09:44:31Z
2026-07-18T09:43:03Z,2026-07-18T11:43:03+0200,c4e0902c-5b85-4487-a0df-afe572964363,2026-06-27T22:00:00Z,2026-06-28T00:00:00+0200,145.13,EUR/MWh,DE,DE_LU,day_ahead_price,value,2026-07-18T09:44:31Z
2026-07-18T09:43:03Z,2026-07-18T11:43:03+0200,c4e0902c-5b85-4487-a0df-afe572964363,2026-06-27T22:15:00Z,2026-06-28T00:15:00+0200,140.9,EUR/MWh,DE,DE_LU,day_ahead_price,value,2026-07-18T09:44:31Z
2026-07-18T09:43:03Z,2026-07-18T11:43:03+0200,c4e0902c-5b85-4487-a0df-afe572964363,2026-06-27T22:30:00Z,2026-06-28T00:30:00+0200,135.19,EUR/MWh,DE,DE_LU,day_ahead_price,value,2026-07-18T09:44:31Z
2026-07-18T09:43:03Z,2026-07-18T11:43:03+0200,c4e0902c-5b85-4487-a0df-afe572964363,2026-06-27T22:45:00Z,2026-06-28T00:45:00+0200,124.62,EUR/MWh,DE,DE_LU,day_ahead_price,value,2026-07-18T09:44:31Z
2026-07-18T09:43:03Z,2026-07-18T11:43:03+0200,c4e0902c-5b85-4487-a0df-afe572964363,2026-06-27T23:00:00Z,2026-06-28T01:00:00+0200,130.47,EUR/MWh,DE,DE_LU,day_ahead_price,value,2026-07-18T09:44:31Z
2026-07-18T09:43:03Z,2026-07-18T11:43:03+0200,c4e0902c-5b85-4487-a0df-afe572964363,2026-06-27T23:15:00Z,2026-06-28T01:15:00+0200,128.55,EUR/MWh,DE,DE_LU,day_ahead_price,value,2026-07-18T09:44:31Z
2026-07-18T09:43:03Z,2026-07-18T11:43:03+0200,c4e0902c-5b85-4487-a0df-afe572964363,2026-06-27T23:30:00Z,2026-06-28T01:30:00+0200,124.47,EUR/MWh,DE,DE_LU,day_ahead_price,value,2026-07-18T09:44:31Z
2026-07-18T09:43:03Z,2026-07-18T11:43:03+0200,c4e0902c-5b85-4487-a0df-afe572964363,2026-06-27T23:45:00Z,2026-06-28T01:45:00+0200,120.63,EUR/MWh,DE,DE_LU,day_ahead_price,value,2026-07-18T09:44:31Z
2026-07-18T09:43:03Z,2026-07-18T11:43:03+0200,c4e0902c-5b85-4487-a0df-afe572964363,2026-06-28T00:00:00Z,2026-06-28T02:00:00+0200,122.79,EUR/MWh,DE,DE_LU,day_ahead_price,value,2026-07-18T09:44:31Z
2026-07-18T09:43:03Z,2026-07-18T11:43:03+0200,c4e0902c-5b85-4487-a0df-afe572964363,2026-06-28T00:15:00Z,2026-06-28T02:15:00+0200,120.62,EUR/MWh,DE,DE_LU,day_ahead_price,value,2026-07-18T09:44:31Z
2026-07-18T09:43:03Z,2026-07-18T11:43:03+0200,c4e0902c-5b85-4487-a0df-afe572964363,2026-06-28T00:30:00Z,2026-06-28T02:30:00+0200,118.82,EUR/MWh,DE,DE_LU,day_ahead_price,value,2026-07-18T09:44:31Z
2026-07-18T09:43:03Z,2026-07-18T11:43:03+0200,c4e0902c-5b85-4487-a0df-afe572964363,2026-06-28T00:45:00Z,2026-06-28T02:45:00+0200,116.5,EUR/MWh,DE,DE_LU,day_ahead_price,value,2026-07-18T09:44:31Z
2026-07-18T09:43:03Z,2026-07-18T11:43:03+0200,c4e0902c-5b85-4487-a0df-afe572964363,2026-06-28T01:00:00Z,2026-06-28T03:00:00+0200,116.18,EUR/MWh,DE,DE_LU,day_ahead_price,value,2026-07-18T09:44:31Z
2026-07-18T09:43:03Z,2026-07-18T11:43:03+0200,c4e0902c-5b85-4487-a0df-afe572964363,2026-06-28T01:15:00Z,2026-06-28T03:15:00+0200,115.59,EUR/MWh,DE,DE_LU,day_ahead_price,value,2026-07-18T09:44:31Z
2026-07-18T09:43:03Z,2026-07-18T11:43:03+0200,c4e0902c-5b85-4487-a0df-afe572964363,2026-06-28T01:30:00Z,2026-06-28T03:30:00+0200,115.98,EUR/MWh,DE,DE_LU,day_ahead_price,value,2026-07-18T09:44:31Z
2026-07-18T09:43:03Z,2026-07-18T11:43:03+0200,c4e0902c-5b85-4487-a0df-afe572964363,2026-06-28T01:45:00Z,2026-06-28T03:45:00+0200,115.0,EUR/MWh,DE,DE_LU,day_ahead_price,value,2026-07-18T09:44:31Z
2026-07-18T09:43:03Z,2026-07-18T11:43:03+0200,c4e0902c-5b85-4487-a0df-afe572964363,2026-06-28T02:00:00Z,2026-06-28T04:00:00+0200,114.6,EUR/MWh,DE,DE_LU,day_ahead_price,value,2026-07-18T09:44:31Z
2026-07-18T09:43:03Z,2026-07-18T11:43:03+0200,c4e0902c-5b85-4487-a0df-afe572964363,2026-06-28T02:15:00Z,2026-06-28T04:15:00+0200,114.57,EUR/MWh,DE,DE_LU,day_ahead_price,value,2026-07-18T09:44:31Z
2026-07-18T09:43:03Z,2026-07-18T11:43:03+0200,c4e0902c-5b85-4487-a0df-afe572964363,2026-06-28T02:30:00Z,2026-06-28T04:30:00+0200,115.0,EUR/MWh,DE,DE_LU,day_ahead_price,value,2026-07-18T09:44:31Z
2026-07-18T09:43:03Z,2026-07-18T11:43:03+0200,c4e0902c-5b85-4487-a0df-afe572964363,2026-06-28T02:45:00Z,2026-06-28T04:45:00+0200,114.77,EUR/MWh,DE,DE_LU,day_ahead_price,value,2026-07-18T09:44:31Z
2026-07-18T09:43:03Z,2026-07-18T11:43:03+0200,c4e0902c-5b85-4487-a0df-afe572964363,2026-06-28T03:00:00Z,2026-06-28T05:00:00+0200,115.54,EUR/MWh,DE,DE_LU,day_ahead_price,value,2026-07-18T09:44:31Z
2026-07-18T09:43:03Z,2026-07-18T11:43:03+0200,c4e0902c-5b85-4487-a0df-afe572964363,2026-06-28T03:15:00Z,2026-06-28T05:15:00+0200,115.09,EUR/MWh,DE,DE_LU,day_ahead_price,value,2026-07-18T09:44:31Z
2026-07-18T09:43:03Z,2026-07-18T11:43:03+0200,c4e0902c-5b85-4487-a0df-afe572964363,2026-06-28T03:30:00Z,2026-06-28T05:30:00+0200,115.0,EUR/MWh,DE,DE_LU,day_ahead_price,value,2026-07-18T09:44:31Z
2026-07-18T09:43:03Z,2026-07-18T11:43:03+0200,c4e0902c-5b85-4487-a0df-afe572964363,2026-06-28T03:45:00Z,2026-06-28T05:45:00+0200,114.86,EUR/MWh,DE,DE_LU,day_ahead_price,value,2026-07-18T09:44:31Z
2026-07-18T09:43:03Z,2026-07-18T11:43:03+0200,c4e0902c-5b85-4487-a0df-afe572964363,2026-06-28T04:00:00Z,2026-06-28T06:00:00+0200,116.0,EUR/MWh,DE,DE_LU,day_ahead_price,value,2026-07-18T09:44:31Z
2026-07-18T09:43:03Z,2026-07-18T11:43:03+0200,c4e0902c-5b85-4487-a0df-afe572964363,2026-06-28T04:15:00Z,2026-06-28T06:15:00+0200,115.0,EUR/MWh,DE,DE_LU,day_ahead_price,value,2026-07-18T09:44:31Z
2026-07-18T09:43:03Z,2026-07-18T11:43:03+0200,c4e0902c-5b85-4487-a0df-afe572964363,2026-06-28T04:30:00Z,2026-06-28T06:30:00+0200,110.69,EUR/MWh,DE,DE_LU,day_ahead_price,value,2026-07-18T09:44:31Z
2026-07-18T09:43:03Z,2026-07-18T11:43:03+0200,c4e0902c-5b85-4487-a0df-afe572964363,2026-06-28T04:45:00Z,2026-06-28T06:45:00+0200,106.56,EUR/MWh,DE,DE_LU,day_ahead_price,value,2026-07-18T09:44:31Z
2026-07-18T09:43:03Z,2026-07-18T11:43:03+0200,c4e0902c-5b85-4487-a0df-afe572964363,2026-06-28T05:00:00Z,2026-06-28T07:00:00+0200,114.6,EUR/MWh,DE,DE_LU,day_ahead_price,value,2026-07-18T09:44:31Z
2026-07-18T09:43:03Z,2026-07-18T11:43:03+0200,c4e0902c-5b85-4487-a0df-afe572964363,2026-06-28T05:15:00Z,2026-06-28T07:15:00+0200,112.36,EUR/MWh,DE,DE_LU,day_ahead_price,value,2026-07-18T09:44:31Z
2026-07-18T09:43:03Z,2026-07-18T11:43:03+0200,c4e0902c-5b85-4487-a0df-afe572964363,2026-06-28T05:30:00Z,2026-06-28T07:30:00+0200,104.86,EUR/MWh,DE,DE_LU,day_ahead_price,value,2026-07-18T09:44:31Z
2026-07-18T09:43:03Z,2026-07-18T11:43:03+0200,c4e0902c-5b85-4487-a0df-afe572964363,2026-06-28T05:45:00Z,2026-06-28T07:45:00+0200,85.9,EUR/MWh,DE,DE_LU,day_ahead_price,value,2026-07-18T09:44:31Z
2026-07-18T09:43:03Z,2026-07-18T11:43:03+0200,c4e0902c-5b85-4487-a0df-afe572964363,2026-06-28T06:00:00Z,2026-06-28T08:00:00+0200,108.47,EUR/MWh,DE,DE_LU,day_ahead_price,value,2026-07-18T09:44:31Z
2026-07-18T09:43:03Z,2026-07-18T11:43:03+0200,c4e0902c-5b85-4487-a0df-afe572964363,2026-06-28T06:15:00Z,2026-06-28T08:15:00+0200,82.99,EUR/MWh,DE,DE_LU,day_ahead_price,value,2026-07-18T09:44:31Z
2026-07-18T09:43:03Z,2026-07-18T11:43:03+0200,c4e0902c-5b85-4487-a0df-afe572964363,2026-06-28T06:30:00Z,2026-06-28T08:30:00+0200,70.44,EUR/MWh,DE,DE_LU,day_ahead_price,value,2026-07-18T09:44:31Z
2026-07-18T09:43:03Z,2026-07-18T11:43:03+0200,c4e0902c-5b85-4487-a0df-afe572964363,2026-06-28T06:45:00Z,2026-06-28T08:45:00+0200,44.84,EUR/MWh,DE,DE_LU,day_ahead_price,value,2026-07-18T09:44:31Z
2026-07-18T09:43:03Z,2026-07-18T11:43:03+0200,c4e0902c-5b85-4487-a0df-afe572964363,2026-06-28T07:00:00Z,2026-06-28T09:00:00+0200,67.55,EUR/MWh,DE,DE_LU,day_ahead_price,value,2026-07-18T09:44:31Z
2026-07-18T09:43:03Z,2026-07-18T11:43:03+0200,c4e0902c-5b85-4487-a0df-afe572964363,2026-06-28T07:15:00Z,2026-06-28T09:15:00+0200,37.96,EUR/MWh,DE,DE_LU,day_ahead_price,value,2026-07-18T09:44:31Z
2026-07-18T09:43:03Z,2026-07-18T11:43:03+0200,c4e0902c-5b85-4487-a0df-afe572964363,2026-06-28T07:30:00Z,2026-06-28T09:30:00+0200,18.08,EUR/MWh,DE,DE_LU,day_ahead_price,value,2026-07-18T09:44:31Z
2026-07-18T09:43:03Z,2026-07-18T11:43:03+0200,c4e0902c-5b85-4487-a0df-afe572964363,2026-06-28T07:45:00Z,2026-06-28T09:45:00+0200,7.66,EUR/MWh,DE,DE_LU,day_ahead_price,value,2026-07-18T09:44:31Z
2026-07-18T09:43:03Z,2026-07-18T11:43:03+0200,c4e0902c-5b85-4487-a0df-afe572964363,2026-06-28T08:00:00Z,2026-06-28T10:00:00+0200,14.43,EUR/MWh,DE,DE_LU,day_ahead_price,value,2026-07-18T09:44:31Z
2026-07-18T09:43:03Z,2026-07-18T11:43:03+0200,c4e0902c-5b85-4487-a0df-afe572964363,2026-06-28T08:15:00Z,2026-06-28T10:15:00+0200,4.99,EUR/MWh,DE,DE_LU,day_ahead_price,value,2026-07-18T09:44:31Z
2026-07-18T09:43:03Z,2026-07-18T11:43:03+0200,c4e0902c-5b85-4487-a0df-afe572964363,2026-06-28T08:30:00Z,2026-06-28T10:30:00+0200,0.84,EUR/MWh,DE,DE_LU,day_ahead_price,value,2026-07-18T09:44:31Z
2026-07-18T09:43:03Z,2026-07-18T11:43:03+0200,c4e0902c-5b85-4487-a0df-afe572964363,2026-06-28T08:45:00Z,2026-06-28T10:45:00+0200,0.35,EUR/MWh,DE,DE_LU,day_ahead_price,value,2026-07-18T09:44:31Z
2026-07-18T09:43:03Z,2026-07-18T11:43:03+0200,c4e0902c-5b85-4487-a0df-afe572964363,2026-06-28T09:00:00Z,2026-06-28T11:00:00+0200,0.54,EUR/MWh,DE,DE_LU,day_ahead_price,value,2026-07-18T09:44:31Z
2026-07-18T09:43:03Z,2026-07-18T11:43:03+0200,c4e0902c-5b85-4487-a0df-afe572964363,2026-06-28T09:15:00Z,2026-06-28T11:15:00+0200,0.01,EUR/MWh,DE,DE_LU,day_ahead_price,value,2026-07-18T09:44:31Z
2026-07-18T09:43:03Z,2026-07-18T11:43:03+0200,c4e0902c-5b85-4487-a0df-afe572964363,2026-06-28T09:30:00Z,2026-06-28T11:30:00+0200,0.0,EUR/MWh,DE,DE_LU,day_ahead_price,value,2026-07-18T09:44:31Z
2026-07-18T09:43:03Z,2026-07-18T11:43:03+0200,c4e0902c-5b85-4487-a0df-afe572964363,2026-06-28T09:45:00Z,2026-06-28T11:45:00+0200,-0.07,EUR/MWh,DE,DE_LU,day_ahead_price,value,2026-07-18T09:44:31Z
2026-07-18T09:43:03Z,2026-07-18T11:43:03+0200,c4e0902c-5b85-4487-a0df-afe572964363,2026-06-28T10:00:00Z,2026-06-28T12:00:00+0200,0.0,EUR/MWh,DE,DE_LU,day_ahead_price,value,2026-07-18T09:44:31Z
2026-07-18T09:43:03Z,2026-07-18T11:43:03+0200,c4e0902c-5b85-4487-a0df-afe572964363,2026-06-28T10:15:00Z,2026-06-28T12:15:00+0200,0.0,EUR/MWh,DE,DE_LU,day_ahead_price,value,2026-07-18T09:44:31Z
2026-07-18T09:43:03Z,2026-07-18T11:43:03+0200,c4e0902c-5b85-4487-a0df-afe572964363,2026-06-28T10:30:00Z,2026-06-28T12:30:00+0200,-0.02,EUR/MWh,DE,DE_LU,day_ahead_price,value,2026-07-18T09:44:31Z
2026-07-18T09:43:03Z,2026-07-18T11:43:03+0200,c4e0902c-5b85-4487-a0df-afe572964363,2026-06-28T10:45:00Z,2026-06-28T12:45:00+0200,-0.07,EUR/MWh,DE,DE_LU,day_ahead_price,value,2026-07-18T09:44:31Z
2026-07-18T09:43:03Z,2026-07-18T11:43:03+0200,c4e0902c-5b85-4487-a0df-afe572964363,2026-06-28T11:00:00Z,2026-06-28T13:00:00+0200,-0.92,EUR/MWh,DE,DE_LU,day_ahead_price,value,2026-07-18T09:44:31Z
2026-07-18T09:43:03Z,2026-07-18T11:43:03+0200,c4e0902c-5b85-4487-a0df-afe572964363,2026-06-28T11:15:00Z,2026-06-28T13:15:00+0200,-0.91,EUR/MWh,DE,DE_LU,day_ahead_price,value,2026-07-18T09:44:31Z
2026-07-18T09:43:03Z,2026-07-18T11:43:03+0200,c4e0902c-5b85-4487-a0df-afe572964363,2026-06-28T11:30:00Z,2026-06-28T13:30:00+0200,-0.9,EUR/MWh,DE,DE_LU,day_ahead_price,value,2026-07-18T09:44:31Z
2026-07-18T09:43:03Z,2026-07-18T11:43:03+0200,c4e0902c-5b85-4487-a0df-afe572964363,2026-06-28T11:45:00Z,2026-06-28T13:45:00+0200,-0.89,EUR/MWh,DE,DE_LU,day_ahead_price,value,2026-07-18T09:44:31Z
2026-07-18T09:43:03Z,2026-07-18T11:43:03+0200,c4e0902c-5b85-4487-a0df-afe572964363,2026-06-28T12:00:00Z,2026-06-28T14:00:00+0200,-0.1,EUR/MWh,DE,DE_LU,day_ahead_price,value,2026-07-18T09:44:31Z
2026-07-18T09:43:03Z,2026-07-18T11:43:03+0200,c4e0902c-5b85-4487-a0df-afe572964363,2026-06-28T12:15:00Z,2026-06-28T14:15:00+0200,-0.01,EUR/MWh,DE,DE_LU,day_ahead_price,value,2026-07-18T09:44:31Z
2026-07-18T09:43:03Z,2026-07-18T11:43:03+0200,c4e0902c-5b85-4487-a0df-afe572964363,2026-06-28T12:30:00Z,2026-06-28T14:30:00+0200,0.0,EUR/MWh,DE,DE_LU,day_ahead_price,value,2026-07-18T09:44:31Z
2026-07-18T09:43:03Z,2026-07-18T11:43:03+0200,c4e0902c-5b85-4487-a0df-afe572964363,2026-06-28T12:45:00Z,2026-06-28T14:45:00+0200,0.0,EUR/MWh,DE,DE_LU,day_ahead_price,value,2026-07-18T09:44:31Z
2026-07-18T09:43:03Z,2026-07-18T11:43:03+0200,c4e0902c-5b85-4487-a0df-afe572964363,2026-06-28T13:00:00Z,2026-06-28T15:00:00+0200,0.0,EUR/MWh,DE,DE_LU,day_ahead_price,value,2026-07-18T09:44:31Z
2026-07-18T09:43:03Z,2026-07-18T11:43:03+0200,c4e0902c-5b85-4487-a0df-afe572964363,2026-06-28T13:15:00Z,2026-06-28T15:15:00+0200,0.01,EUR/MWh,DE,DE_LU,day_ahead_price,value,2026-07-18T09:44:31Z
2026-07-18T09:43:03Z,2026-07-18T11:43:03+0200,c4e0902c-5b85-4487-a0df-afe572964363,2026-06-28T13:30:00Z,2026-06-28T15:30:00+0200,0.99,EUR/MWh,DE,DE_LU,day_ahead_price,value,2026-07-18T09:44:31Z
2026-07-18T09:43:03Z,2026-07-18T11:43:03+0200,c4e0902c-5b85-4487-a0df-afe572964363,2026-06-28T13:45:00Z,2026-06-28T15:45:00+0200,5.48,EUR/MWh,DE,DE_LU,day_ahead_price,value,2026-07-18T09:44:31Z
2026-07-18T09:43:03Z,2026-07-18T11:43:03+0200,c4e0902c-5b85-4487-a0df-afe572964363,2026-06-28T14:00:00Z,2026-06-28T16:00:00+0200,0.45,EUR/MWh,DE,DE_LU,day_ahead_price,value,2026-07-18T09:44:31Z
2026-07-18T09:43:03Z,2026-07-18T11:43:03+0200,c4e0902c-5b85-4487-a0df-afe572964363,2026-06-28T14:15:00Z,2026-06-28T16:15:00+0200,8.43,EUR/MWh,DE,DE_LU,day_ahead_price,value,2026-07-18T09:44:31Z
2026-07-18T09:43:03Z,2026-07-18T11:43:03+0200,c4e0902c-5b85-4487-a0df-afe572964363,2026-06-28T14:30:00Z,2026-06-28T16:30:00+0200,29.74,EUR/MWh,DE,DE_LU,day_ahead_price,value,2026-07-18T09:44:31Z
2026-07-18T09:43:03Z,2026-07-18T11:43:03+0200,c4e0902c-5b85-4487-a0df-afe572964363,2026-06-28T14:45:00Z,2026-06-28T16:45:00+0200,72.04,EUR/MWh,DE,DE_LU,day_ahead_price,value,2026-07-18T09:44:31Z
2026-07-18T09:43:03Z,2026-07-18T11:43:03+0200,c4e0902c-5b85-4487-a0df-afe572964363,2026-06-28T15:00:00Z,2026-06-28T17:00:00+0200,27.73,EUR/MWh,DE,DE_LU,day_ahead_price,value,2026-07-18T09:44:31Z
2026-07-18T09:43:03Z,2026-07-18T11:43:03+0200,c4e0902c-5b85-4487-a0df-afe572964363,2026-06-28T15:15:00Z,2026-06-28T17:15:00+0200,78.25,EUR/MWh,DE,DE_LU,day_ahead_price,value,2026-07-18T09:44:31Z
2026-07-18T09:43:03Z,2026-07-18T11:43:03+0200,c4e0902c-5b85-4487-a0df-afe572964363,2026-06-28T15:30:00Z,2026-06-28T17:30:00+0200,107.13,EUR/MWh,DE,DE_LU,day_ahead_price,value,2026-07-18T09:44:31Z
2026-07-18T09:43:03Z,2026-07-18T11:43:03+0200,c4e0902c-5b85-4487-a0df-afe572964363,2026-06-28T15:45:00Z,2026-06-28T17:45:00+0200,125.46,EUR/MWh,DE,DE_LU,day_ahead_price,value,2026-07-18T09:44:31Z
2026-07-18T09:43:03Z,2026-07-18T11:43:03+0200,c4e0902c-5b85-4487-a0df-afe572964363,2026-06-28T16:00:00Z,2026-06-28T18:00:00+0200,105.26,EUR/MWh,DE,DE_LU,day_ahead_price,value,2026-07-18T09:44:31Z
2026-07-18T09:43:03Z,2026-07-18T11:43:03+0200,c4e0902c-5b85-4487-a0df-afe572964363,2026-06-28T16:15:00Z,2026-06-28T18:15:00+0200,111.58,EUR/MWh,DE,DE_LU,day_ahead_price,value,2026-07-18T09:44:31Z
2026-07-18T09:43:03Z,2026-07-18T11:43:03+0200,c4e0902c-5b85-4487-a0df-afe572964363,2026-06-28T16:30:00Z,2026-06-28T18:30:00+0200,115.79,EUR/MWh,DE,DE_LU,day_ahead_price,value,2026-07-18T09:44:31Z
2026-07-18T09:43:03Z,2026-07-18T11:43:03+0200,c4e0902c-5b85-4487-a0df-afe572964363,2026-06-28T16:45:00Z,2026-06-28T18:45:00+0200,125.41,EUR/MWh,DE,DE_LU,day_ahead_price,value,2026-07-18T09:44:31Z
2026-07-18T09:43:03Z,2026-07-18T11:43:03+0200,c4e0902c-5b85-4487-a0df-afe572964363,2026-06-28T17:00:00Z,2026-06-28T19:00:00+0200,115.3,EUR/MWh,DE,DE_LU,day_ahead_price,value,2026-07-18T09:44:31Z
2026-07-18T09:43:03Z,2026-07-18T11:43:03+0200,c4e0902c-5b85-4487-a0df-afe572964363,2026-06-28T17:15:00Z,2026-06-28T19:15:00+0200,136.65,EUR/MWh,DE,DE_LU,day_ahead_price,value,2026-07-18T09:44:31Z
2026-07-18T09:43:03Z,2026-07-18T11:43:03+0200,c4e0902c-5b85-4487-a0df-afe572964363,2026-06-28T17:30:00Z,2026-06-28T19:30:00+0200,143.02,EUR/MWh,DE,DE_LU,day_ahead_price,value,2026-07-18T09:44:31Z
2026-07-18T09:43:03Z,2026-07-18T11:43:03+0200,c4e0902c-5b85-4487-a0df-afe572964363,2026-06-28T17:45:00Z,2026-06-28T19:45:00+0200,156.98,EUR/MWh,DE,DE_LU,day_ahead_price,value,2026-07-18T09:44:31Z
2026-07-18T09:43:03Z,2026-07-18T11:43:03+0200,c4e0902c-5b85-4487-a0df-afe572964363,2026-06-28T18:00:00Z,2026-06-28T20:00:00+0200,147.61,EUR/MWh,DE,DE_LU,day_ahead_price,value,2026-07-18T09:44:31Z
2026-07-18T09:43:03Z,2026-07-18T11:43:03+0200,c4e0902c-5b85-4487-a0df-afe572964363,2026-06-28T18:15:00Z,2026-06-28T20:15:00+0200,152.39,EUR/MWh,DE,DE_LU,day_ahead_price,value,2026-07-18T09:44:31Z
2026-07-18T09:43:03Z,2026-07-18T11:43:03+0200,c4e0902c-5b85-4487-a0df-afe572964363,2026-06-28T18:30:00Z,2026-06-28T20:30:00+0200,155.98,EUR/MWh,DE,DE_LU,day_ahead_price,value,2026-07-18T09:44:31Z
2026-07-18T09:43:03Z,2026-07-18T11:43:03+0200,c4e0902c-5b85-4487-a0df-afe572964363,2026-06-28T18:45:00Z,2026-06-28T20:45:00+0200,156.73,EUR/MWh,DE,DE_LU,day_ahead_price,value,2026-07-18T09:44:31Z
2026-07-18T09:43:03Z,2026-07-18T11:43:03+0200,c4e0902c-5b85-4487-a0df-afe572964363,2026-06-28T19:00:00Z,2026-06-28T21:00:00+0200,161.9,EUR/MWh,DE,DE_LU,day_ahead_price,value,2026-07-18T09:44:31Z
2026-07-18T09:43:03Z,2026-07-18T11:43:03+0200,c4e0902c-5b85-4487-a0df-afe572964363,2026-06-28T19:15:00Z,2026-06-28T21:15:00+0200,159.65,EUR/MWh,DE,DE_LU,day_ahead_price,value,2026-07-18T09:44:31Z
2026-07-18T09:43:03Z,2026-07-18T11:43:03+0200,c4e0902c-5b85-4487-a0df-afe572964363,2026-06-28T19:30:00Z,2026-06-28T21:30:00+0200,155.89,EUR/MWh,DE,DE_LU,day_ahead_price,value,2026-07-18T09:44:31Z
2026-07-18T09:43:03Z,2026-07-18T11:43:03+0200,c4e0902c-5b85-4487-a0df-afe572964363,2026-06-28T19:45:00Z,2026-06-28T21:45:00+0200,166.72,EUR/MWh,DE,DE_LU,day_ahead_price,value,2026-07-18T09:44:31Z
2026-07-18T09:43:03Z,2026-07-18T11:43:03+0200,c4e0902c-5b85-4487-a0df-afe572964363,2026-06-28T20:00:00Z,2026-06-28T22:00:00+0200,161.67,EUR/MWh,DE,DE_LU,day_ahead_price,value,2026-07-18T09:44:31Z
2026-07-18T09:43:03Z,2026-07-18T11:43:03+0200,c4e0902c-5b85-4487-a0df-afe572964363,2026-06-28T20:15:00Z,2026-06-28T22:15:00+0200,161.61,EUR/MWh,DE,DE_LU,day_ahead_price,value,2026-07-18T09:44:31Z
2026-07-18T09:43:03Z,2026-07-18T11:43:03+0200,c4e0902c-5b85-4487-a0df-afe572964363,2026-06-28T20:30:00Z,2026-06-28T22:30:00+0200,154.34,EUR/MWh,DE,DE_LU,day_ahead_price,value,2026-07-18T09:44:31Z
2026-07-18T09:43:03Z,2026-07-18T11:43:03+0200,c4e0902c-5b85-4487-a0df-afe572964363,2026-06-28T20:45:00Z,2026-06-28T22:45:00+0200,151.56,EUR/MWh,DE,DE_LU,day_ahead_price,value,2026-07-18T09:44:31Z
2026-07-18T09:43:03Z,2026-07-18T11:43:03+0200,c4e0902c-5b85-4487-a0df-afe572964363,2026-06-28T21:00:00Z,2026-06-28T23:00:00+0200,152.08,EUR/MWh,DE,DE_LU,day_ahead_price,value,2026-07-18T09:44:31Z
2026-07-18T09:43:03Z,2026-07-18T11:43:03+0200,c4e0902c-5b85-4487-a0df-afe572964363,2026-06-28T21:15:00Z,2026-06-28T23:15:00+0200,145.0,EUR/MWh,DE,DE_LU,day_ahead_price,value,2026-07-18T09:44:31Z
2026-07-18T09:43:03Z,2026-07-18T11:43:03+0200,c4e0902c-5b85-4487-a0df-afe572964363,2026-06-28T21:30:00Z,2026-06-28T23:30:00+0200,142.97,EUR/MWh,DE,DE_LU,day_ahead_price,value,2026-07-18T09:44:31Z
2026-07-18T09:43:03Z,2026-07-18T11:43:03+0200,c4e0902c-5b85-4487-a0df-afe572964363,2026-06-28T21:45:00Z,2026-06-28T23:45:00+0200,136.41,EUR/MWh,DE,DE_LU,day_ahead_price,value,2026-07-18T09:44:31Z
2026-07-18T09:43:03Z,2026-07-18T11:43:03+0200,c4e0902c-5b85-4487-a0df-afe572964363,2026-06-28T22:00:00Z,2026-06-29T00:00:00+0200,132.75,EUR/MWh,DE,DE_LU,day_ahead_price,value,2026-07-18T09:44:31Z
2026-07-18T09:43:03Z,2026-07-18T11:43:03+0200,c4e0902c-5b85-4487-a0df-afe572964363,2026-06-28T22:15:00Z,2026-06-29T00:15:00+0200,125.89,EUR/MWh,DE,DE_LU,day_ahead_price,value,2026-07-18T09:44:31Z
2026-07-18T09:43:03Z,2026-07-18T11:43:03+0200,c4e0902c-5b85-4487-a0df-afe572964363,2026-06-28T22:30:00Z,2026-06-29T00:30:00+0200,119.83,EUR/MWh,DE,DE_LU,day_ahead_price,value,2026-07-18T09:44:31Z
2026-07-18T09:43:03Z,2026-07-18T11:43:03+0200,c4e0902c-5b85-4487-a0df-afe572964363,2026-06-28T22:45:00Z,2026-06-29T00:45:00+0200,114.0,EUR/MWh,DE,DE_LU,day_ahead_price,value,2026-07-18T09:44:31Z
2026-07-18T09:43:03Z,2026-07-18T11:43:03+0200,c4e0902c-5b85-4487-a0df-afe572964363,2026-06-28T23:00:00Z,2026-06-29T01:00:00+0200,115.99,EUR/MWh,DE,DE_LU,day_ahead_price,value,2026-07-18T09:44:31Z
2026-07-18T09:43:03Z,2026-07-18T11:43:03+0200,c4e0902c-5b85-4487-a0df-afe572964363,2026-06-28T23:15:00Z,2026-06-29T01:15:00+0200,113.24,EUR/MWh,DE,DE_LU,day_ahead_price,value,2026-07-18T09:44:31Z
2026-07-18T09:43:03Z,2026-07-18T11:43:03+0200,c4e0902c-5b85-4487-a0df-afe572964363,2026-06-28T23:30:00Z,2026-06-29T01:30:00+0200,114.0,EUR/MWh,DE,DE_LU,day_ahead_price,value,2026-07-18T09:44:31Z
2026-07-18T09:43:03Z,2026-07-18T11:43:03+0200,c4e0902c-5b85-4487-a0df-afe572964363,2026-06-28T23:45:00Z,2026-06-29T01:45:00+0200,111.43,EUR/MWh,DE,DE_LU,day_ahead_price,value,2026-07-18T09:44:31Z
2026-07-18T09:43:03Z,2026-07-18T11:43:03+0200,c4e0902c-5b85-4487-a0df-afe572964363,2026-06-29T00:00:00Z,2026-06-29T02:00:00+0200,115.5,EUR/MWh,DE,DE_LU,day_ahead_price,value,2026-07-18T09:44:31Z
2026-07-18T09:43:03Z,2026-07-18T11:43:03+0200,c4e0902c-5b85-4487-a0df-afe572964363,2026-06-29T00:15:00Z,2026-06-29T02:15:00+0200,114.0,EUR/MWh,DE,DE_LU,day_ahead_price,value,2026-07-18T09:44:31Z
2026-07-18T09:43:03Z,2026-07-18T11:43:03+0200,c4e0902c-5b85-4487-a0df-afe572964363,2026-06-29T00:30:00Z,2026-06-29T02:30:00+0200,111.97,EUR/MWh,DE,DE_LU,day_ahead_price,value,2026-07-18T09:44:31Z
2026-07-18T09:43:03Z,2026-07-18T11:43:03+0200,c4e0902c-5b85-4487-a0df-afe572964363,2026-06-29T00:45:00Z,2026-06-29T02:45:00+0200,110.63,EUR/MWh,DE,DE_LU,day_ahead_price,value,2026-07-18T09:44:31Z
2026-07-18T09:43:03Z,2026-07-18T11:43:03+0200,c4e0902c-5b85-4487-a0df-afe572964363,2026-06-29T01:00:00Z,2026-06-29T03:00:00+0200,110.0,EUR/MWh,DE,DE_LU,day_ahead_price,value,2026-07-18T09:44:31Z
2026-07-18T09:43:03Z,2026-07-18T11:43:03+0200,c4e0902c-5b85-4487-a0df-afe572964363,2026-06-29T01:15:00Z,2026-06-29T03:15:00+0200,109.81,EUR/MWh,DE,DE_LU,day_ahead_price,value,2026-07-18T09:44:31Z
2026-07-18T09:43:03Z,2026-07-18T11:43:03+0200,c4e0902c-5b85-4487-a0df-afe572964363,2026-06-29T01:30:00Z,2026-06-29T03:30:00+0200,109.59,EUR/MWh,DE,DE_LU,day_ahead_price,value,2026-07-18T09:44:31Z
2026-07-18T09:43:03Z,2026-07-18T11:43:03+0200,c4e0902c-5b85-4487-a0df-afe572964363,2026-06-29T01:45:00Z,2026-06-29T03:45:00+0200,109.64,EUR/MWh,DE,DE_LU,day_ahead_price,value,2026-07-18T09:44:31Z
2026-07-18T09:43:03Z,2026-07-18T11:43:03+0200,c4e0902c-5b85-4487-a0df-afe572964363,2026-06-29T02:00:00Z,2026-06-29T04:00:00+0200,111.5,EUR/MWh,DE,DE_LU,day_ahead_price,value,2026-07-18T09:44:31Z
2026-07-18T09:43:03Z,2026-07-18T11:43:03+0200,c4e0902c-5b85-4487-a0df-afe572964363,2026-06-29T02:15:00Z,2026-06-29T04:15:00+0200,111.54,EUR/MWh,DE,DE_LU,day_ahead_price,value,2026-07-18T09:44:31Z
2026-07-18T09:43:03Z,2026-07-18T11:43:03+0200,c4e0902c-5b85-4487-a0df-afe572964363,2026-06-29T02:30:00Z,2026-06-29T04:30:00+0200,115.94,EUR/MWh,DE,DE_LU,day_ahead_price,value,2026-07-18T09:44:31Z
2026-07-18T09:43:03Z,2026-07-18T11:43:03+0200,c4e0902c-5b85-4487-a0df-afe572964363,2026-06-29T02:45:00Z,2026-06-29T04:45:00+0200,120.5,EUR/MWh,DE,DE_LU,day_ahead_price,value,2026-07-18T09:44:31Z
2026-07-18T09:43:03Z,2026-07-18T11:43:03+0200,c4e0902c-5b85-4487-a0df-afe572964363,2026-06-29T03:00:00Z,2026-06-29T05:00:00+0200,118.73,EUR/MWh,DE,DE_LU,day_ahead_price,value,2026-07-18T09:44:31Z
2026-07-18T09:43:03Z,2026-07-18T11:43:03+0200,c4e0902c-5b85-4487-a0df-afe572964363,2026-06-29T03:15:00Z,2026-06-29T05:15:00+0200,125.15,EUR/MWh,DE,DE_LU,day_ahead_price,value,2026-07-18T09:44:31Z
2026-07-18T09:43:03Z,2026-07-18T11:43:03+0200,c4e0902c-5b85-4487-a0df-afe572964363,2026-06-29T03:30:00Z,2026-06-29T05:30:00+0200,130.53,EUR/MWh,DE,DE_LU,day_ahead_price,value,2026-07-18T09:44:31Z
2026-07-18T09:43:03Z,2026-07-18T11:43:03+0200,c4e0902c-5b85-4487-a0df-afe572964363,2026-06-29T03:45:00Z,2026-06-29T05:45:00+0200,134.96,EUR/MWh,DE,DE_LU,day_ahead_price,value,2026-07-18T09:44:31Z
2026-07-18T09:43:03Z,2026-07-18T11:43:03+0200,c4e0902c-5b85-4487-a0df-afe572964363,2026-06-29T04:00:00Z,2026-06-29T06:00:00+0200,148.93,EUR/MWh,DE,DE_LU,day_ahead_price,value,2026-07-18T09:44:31Z
2026-07-18T09:43:03Z,2026-07-18T11:43:03+0200,c4e0902c-5b85-4487-a0df-afe572964363,2026-06-29T04:15:00Z,2026-06-29T06:15:00+0200,152.45,EUR/MWh,DE,DE_LU,day_ahead_price,value,2026-07-18T09:44:31Z
2026-07-18T09:43:03Z,2026-07-18T11:43:03+0200,c4e0902c-5b85-4487-a0df-afe572964363,2026-06-29T04:30:00Z,2026-06-29T06:30:00+0200,150.27,EUR/MWh,DE,DE_LU,day_ahead_price,value,2026-07-18T09:44:31Z
2026-07-18T09:43:03Z,2026-07-18T11:43:03+0200,c4e0902c-5b85-4487-a0df-afe572964363,2026-06-29T04:45:00Z,2026-06-29T06:45:00+0200,147.3,EUR/MWh,DE,DE_LU,day_ahead_price,value,2026-07-18T09:44:31Z
2026-07-18T09:43:03Z,2026-07-18T11:43:03+0200,c4e0902c-5b85-4487-a0df-afe572964363,2026-06-29T05:00:00Z,2026-06-29T07:00:00+0200,159.79,EUR/MWh,DE,DE_LU,day_ahead_price,value,2026-07-18T09:44:31Z
2026-07-18T09:43:03Z,2026-07-18T11:43:03+0200,c4e0902c-5b85-4487-a0df-afe572964363,2026-06-29T05:15:00Z,2026-06-29T07:15:00+0200,154.1,EUR/MWh,DE,DE_LU,day_ahead_price,value,2026-07-18T09:44:31Z
2026-07-18T09:43:03Z,2026-07-18T11:43:03+0200,c4e0902c-5b85-4487-a0df-afe572964363,2026-06-29T05:30:00Z,2026-06-29T07:30:00+0200,152.13,EUR/MWh,DE,DE_LU,day_ahead_price,value,2026-07-18T09:44:31Z
2026-07-18T09:43:03Z,2026-07-18T11:43:03+0200,c4e0902c-5b85-4487-a0df-afe572964363,2026-06-29T05:45:00Z,2026-06-29T07:45:00+0200,142.63,EUR/MWh,DE,DE_LU,day_ahead_price,value,2026-07-18T09:44:31Z
2026-07-18T09:43:03Z,2026-07-18T11:43:03+0200,c4e0902c-5b85-4487-a0df-afe572964363,2026-06-29T06:00:00Z,2026-06-29T08:00:00+0200,161.31,EUR/MWh,DE,DE_LU,day_ahead_price,value,2026-07-18T09:44:31Z
2026-07-18T09:43:03Z,2026-07-18T11:43:03+0200,c4e0902c-5b85-4487-a0df-afe572964363,2026-06-29T06:15:00Z,2026-06-29T08:15:00+0200,150.26,EUR/MWh,DE,DE_LU,day_ahead_price,value,2026-07-18T09:44:31Z
2026-07-18T09:43:03Z,2026-07-18T11:43:03+0200,c4e0902c-5b85-4487-a0df-afe572964363,2026-06-29T06:30:00Z,2026-06-29T08:30:00+0200,139.6,EUR/MWh,DE,DE_LU,day_ahead_price,value,2026-07-18T09:44:31Z
2026-07-18T09:43:03Z,2026-07-18T11:43:03+0200,c4e0902c-5b85-4487-a0df-afe572964363,2026-06-29T06:45:00Z,2026-06-29T08:45:00+0200,122.0,EUR/MWh,DE,DE_LU,day_ahead_price,value,2026-07-18T09:44:31Z
2026-07-18T09:43:03Z,2026-07-18T11:43:03+0200,c4e0902c-5b85-4487-a0df-afe572964363,2026-06-29T07:00:00Z,2026-06-29T09:00:00+0200,132.0,EUR/MWh,DE,DE_LU,day_ahead_price,value,2026-07-18T09:44:31Z
2026-07-18T09:43:03Z,2026-07-18T11:43:03+0200,c4e0902c-5b85-4487-a0df-afe572964363,2026-06-29T07:15:00Z,2026-06-29T09:15:00+0200,124.7,EUR/MWh,DE,DE_LU,day_ahead_price,value,2026-07-18T09:44:31Z
2026-07-18T09:43:03Z,2026-07-18T11:43:03+0200,c4e0902c-5b85-4487-a0df-afe572964363,2026-06-29T07:30:00Z,2026-06-29T09:30:00+0200,117.06,EUR/MWh,DE,DE_LU,day_ahead_price,value,2026-07-18T09:44:31Z
2026-07-18T09:43:03Z,2026-07-18T11:43:03+0200,c4e0902c-5b85-4487-a0df-afe572964363,2026-06-29T07:45:00Z,2026-06-29T09:45:00+0200,110.03,EUR/MWh,DE,DE_LU,day_ahead_price,value,2026-07-18T09:44:31Z
2026-07-18T09:43:03Z,2026-07-18T11:43:03+0200,c4e0902c-5b85-4487-a0df-afe572964363,2026-06-29T08:00:00Z,2026-06-29T10:00:00+0200,117.05,EUR/MWh,DE,DE_LU,day_ahead_price,value,2026-07-18T09:44:31Z
2026-07-18T09:43:03Z,2026-07-18T11:43:03+0200,c4e0902c-5b85-4487-a0df-afe572964363,2026-06-29T08:15:00Z,2026-06-29T10:15:00+0200,108.98,EUR/MWh,DE,DE_LU,day_ahead_price,value,2026-07-18T09:44:31Z
2026-07-18T09:43:03Z,2026-07-18T11:43:03+0200,c4e0902c-5b85-4487-a0df-afe572964363,2026-06-29T08:30:00Z,2026-06-29T10:30:00+0200,104.21,EUR/MWh,DE,DE_LU,day_ahead_price,value,2026-07-18T09:44:31Z
2026-07-18T09:43:03Z,2026-07-18T11:43:03+0200,c4e0902c-5b85-4487-a0df-afe572964363,2026-06-29T08:45:00Z,2026-06-29T10:45:00+0200,97.46,EUR/MWh,DE,DE_LU,day_ahead_price,value,2026-07-18T09:44:31Z
2026-07-18T09:43:03Z,2026-07-18T11:43:03+0200,c4e0902c-5b85-4487-a0df-afe572964363,2026-06-29T09:00:00Z,2026-06-29T11:00:00+0200,108.63,EUR/MWh,DE,DE_LU,day_ahead_price,value,2026-07-18T09:44:31Z
2026-07-18T09:43:03Z,2026-07-18T11:43:03+0200,c4e0902c-5b85-4487-a0df-afe572964363,2026-06-29T09:15:00Z,2026-06-29T11:15:00+0200,99.86,EUR/MWh,DE,DE_LU,day_ahead_price,value,2026-07-18T09:44:31Z
2026-07-18T09:43:03Z,2026-07-18T11:43:03+0200,c4e0902c-5b85-4487-a0df-afe572964363,2026-06-29T09:30:00Z,2026-06-29T11:30:00+0200,97.45,EUR/MWh,DE,DE_LU,day_ahead_price,value,2026-07-18T09:44:31Z
2026-07-18T09:43:03Z,2026-07-18T11:43:03+0200,c4e0902c-5b85-4487-a0df-afe572964363,2026-06-29T09:45:00Z,2026-06-29T11:45:00+0200,90.46,EUR/MWh,DE,DE_LU,day_ahead_price,value,2026-07-18T09:44:31Z
2026-07-18T09:43:03Z,2026-07-18T11:43:03+0200,c4e0902c-5b85-4487-a0df-afe572964363,2026-06-29T10:00:00Z,2026-06-29T12:00:00+0200,93.0,EUR/MWh,DE,DE_LU,day_ahead_price,value,2026-07-18T09:44:31Z
2026-07-18T09:43:03Z,2026-07-18T11:43:03+0200,c4e0902c-5b85-4487-a0df-afe572964363,2026-06-29T10:15:00Z,2026-06-29T12:15:00+0200,92.22,EUR/MWh,DE,DE_LU,day_ahead_price,value,2026-07-18T09:44:31Z
2026-07-18T09:43:03Z,2026-07-18T11:43:03+0200,c4e0902c-5b85-4487-a0df-afe572964363,2026-06-29T10:30:00Z,2026-06-29T12:30:00+0200,90.0,EUR/MWh,DE,DE_LU,day_ahead_price,value,2026-07-18T09:44:31Z
2026-07-18T09:43:03Z,2026-07-18T11:43:03+0200,c4e0902c-5b85-4487-a0df-afe572964363,2026-06-29T10:45:00Z,2026-06-29T12:45:00+0200,82.81,EUR/MWh,DE,DE_LU,day_ahead_price,value,2026-07-18T09:44:31Z
2026-07-18T09:43:03Z,2026-07-18T11:43:03+0200,c4e0902c-5b85-4487-a0df-afe572964363,2026-06-29T11:00:00Z,2026-06-29T13:00:00+0200,89.0,EUR/MWh,DE,DE_LU,day_ahead_price,value,2026-07-18T09:44:31Z
2026-07-18T09:43:03Z,2026-07-18T11:43:03+0200,c4e0902c-5b85-4487-a0df-afe572964363,2026-06-29T11:15:00Z,2026-06-29T13:15:00+0200,82.77,EUR/MWh,DE,DE_LU,day_ahead_price,value,2026-07-18T09:44:31Z
2026-07-18T09:43:03Z,2026-07-18T11:43:03+0200,c4e0902c-5b85-4487-a0df-afe572964363,2026-06-29T11:30:00Z,2026-06-29T13:30:00+0200,79.08,EUR/MWh,DE,DE_LU,day_ahead_price,value,2026-07-18T09:44:31Z
2026-07-18T09:43:03Z,2026-07-18T11:43:03+0200,c4e0902c-5b85-4487-a0df-afe572964363,2026-06-29T11:45:00Z,2026-06-29T13:45:00+0200,77.26,EUR/MWh,DE,DE_LU,day_ahead_price,value,2026-07-18T09:44:31Z
2026-07-18T09:43:03Z,2026-07-18T11:43:03+0200,c4e0902c-5b85-4487-a0df-afe572964363,2026-06-29T12:00:00Z,2026-06-29T14:00:00+0200,81.0,EUR/MWh,DE,DE_LU,day_ahead_price,value,2026-07-18T09:44:31Z
2026-07-18T09:43:03Z,2026-07-18T11:43:03+0200,c4e0902c-5b85-4487-a0df-afe572964363,2026-06-29T12:15:00Z,2026-06-29T14:15:00+0200,84.99,EUR/MWh,DE,DE_LU,day_ahead_price,value,2026-07-18T09:44:31Z
2026-07-18T09:43:03Z,2026-07-18T11:43:03+0200,c4e0902c-5b85-4487-a0df-afe572964363,2026-06-29T12:30:00Z,2026-06-29T14:30:00+0200,88.0,EUR/MWh,DE,DE_LU,day_ahead_price,value,2026-07-18T09:44:31Z
2026-07-18T09:43:03Z,2026-07-18T11:43:03+0200,c4e0902c-5b85-4487-a0df-afe572964363,2026-06-29T12:45:00Z,2026-06-29T14:45:00+0200,91.55,EUR/MWh,DE,DE_LU,day_ahead_price,value,2026-07-18T09:44:31Z
2026-07-18T09:43:03Z,2026-07-18T11:43:03+0200,c4e0902c-5b85-4487-a0df-afe572964363,2026-06-29T13:00:00Z,2026-06-29T15:00:00+0200,88.8,EUR/MWh,DE,DE_LU,day_ahead_price,value,2026-07-18T09:44:31Z
2026-07-18T09:43:03Z,2026-07-18T11:43:03+0200,c4e0902c-5b85-4487-a0df-afe572964363,2026-06-29T13:15:00Z,2026-06-29T15:15:00+0200,92.6,EUR/MWh,DE,DE_LU,day_ahead_price,value,2026-07-18T09:44:31Z
2026-07-18T09:43:03Z,2026-07-18T11:43:03+0200,c4e0902c-5b85-4487-a0df-afe572964363,2026-06-29T13:30:00Z,2026-06-29T15:30:00+0200,98.88,EUR/MWh,DE,DE_LU,day_ahead_price,value,2026-07-18T09:44:31Z
2026-07-18T09:43:03Z,2026-07-18T11:43:03+0200,c4e0902c-5b85-4487-a0df-afe572964363,2026-06-29T13:45:00Z,2026-06-29T15:45:00+0200,106.84,EUR/MWh,DE,DE_LU,day_ahead_price,value,2026-07-18T09:44:31Z
2026-07-18T09:43:03Z,2026-07-18T11:43:03+0200,c4e0902c-5b85-4487-a0df-afe572964363,2026-06-29T14:00:00Z,2026-06-29T16:00:00+0200,93.5,EUR/MWh,DE,DE_LU,day_ahead_price,value,2026-07-18T09:44:31Z
2026-07-18T09:43:03Z,2026-07-18T11:43:03+0200,c4e0902c-5b85-4487-a0df-afe572964363,2026-06-29T14:15:00Z,2026-06-29T16:15:00+0200,101.89,EUR/MWh,DE,DE_LU,day_ahead_price,value,2026-07-18T09:44:31Z
2026-07-18T09:43:03Z,2026-07-18T11:43:03+0200,c4e0902c-5b85-4487-a0df-afe572964363,2026-06-29T14:30:00Z,2026-06-29T16:30:00+0200,107.05,EUR/MWh,DE,DE_LU,day_ahead_price,value,2026-07-18T09:44:31Z
2026-07-18T09:43:03Z,2026-07-18T11:43:03+0200,c4e0902c-5b85-4487-a0df-afe572964363,2026-06-29T14:45:00Z,2026-06-29T16:45:00+0200,112.49,EUR/MWh,DE,DE_LU,day_ahead_price,value,2026-07-18T09:44:31Z
2026-07-18T09:43:03Z,2026-07-18T11:43:03+0200,c4e0902c-5b85-4487-a0df-afe572964363,2026-06-29T15:00:00Z,2026-06-29T17:00:00+0200,89.61,EUR/MWh,DE,DE_LU,day_ahead_price,value,2026-07-18T09:44:31Z
2026-07-18T09:43:03Z,2026-07-18T11:43:03+0200,c4e0902c-5b85-4487-a0df-afe572964363,2026-06-29T15:15:00Z,2026-06-29T17:15:00+0200,106.93,EUR/MWh,DE,DE_LU,day_ahead_price,value,2026-07-18T09:44:31Z
2026-07-18T09:43:03Z,2026-07-18T11:43:03+0200,c4e0902c-5b85-4487-a0df-afe572964363,2026-06-29T15:30:00Z,2026-06-29T17:30:00+0200,125.75,EUR/MWh,DE,DE_LU,day_ahead_price,value,2026-07-18T09:44:31Z
2026-07-18T09:43:03Z,2026-07-18T11:43:03+0200,c4e0902c-5b85-4487-a0df-afe572964363,2026-06-29T15:45:00Z,2026-06-29T17:45:00+0200,138.01,EUR/MWh,DE,DE_LU,day_ahead_price,value,2026-07-18T09:44:31Z
2026-07-18T09:43:03Z,2026-07-18T11:43:03+0200,c4e0902c-5b85-4487-a0df-afe572964363,2026-06-29T16:00:00Z,2026-06-29T18:00:00+0200,99.85,EUR/MWh,DE,DE_LU,day_ahead_price,value,2026-07-18T09:44:31Z
2026-07-18T09:43:03Z,2026-07-18T11:43:03+0200,c4e0902c-5b85-4487-a0df-afe572964363,2026-06-29T16:15:00Z,2026-06-29T18:15:00+0200,120.4,EUR/MWh,DE,DE_LU,day_ahead_price,value,2026-07-18T09:44:31Z
2026-07-18T09:43:03Z,2026-07-18T11:43:03+0200,c4e0902c-5b85-4487-a0df-afe572964363,2026-06-29T16:30:00Z,2026-06-29T18:30:00+0200,138.58,EUR/MWh,DE,DE_LU,day_ahead_price,value,2026-07-18T09:44:31Z
2026-07-18T09:43:03Z,2026-07-18T11:43:03+0200,c4e0902c-5b85-4487-a0df-afe572964363,2026-06-29T16:45:00Z,2026-06-29T18:45:00+0200,180.81,EUR/MWh,DE,DE_LU,day_ahead_price,value,2026-07-18T09:44:31Z
2026-07-18T09:43:03Z,2026-07-18T11:43:03+0200,c4e0902c-5b85-4487-a0df-afe572964363,2026-06-29T17:00:00Z,2026-06-29T19:00:00+0200,144.99,EUR/MWh,DE,DE_LU,day_ahead_price,value,2026-07-18T09:44:31Z
2026-07-18T09:43:03Z,2026-07-18T11:43:03+0200,c4e0902c-5b85-4487-a0df-afe572964363,2026-06-29T17:15:00Z,2026-06-29T19:15:00+0200,171.42,EUR/MWh,DE,DE_LU,day_ahead_price,value,2026-07-18T09:44:31Z
2026-07-18T09:43:03Z,2026-07-18T11:43:03+0200,c4e0902c-5b85-4487-a0df-afe572964363,2026-06-29T17:30:00Z,2026-06-29T19:30:00+0200,202.97,EUR/MWh,DE,DE_LU,day_ahead_price,value,2026-07-18T09:44:31Z
2026-07-18T09:43:03Z,2026-07-18T11:43:03+0200,c4e0902c-5b85-4487-a0df-afe572964363,2026-06-29T17:45:00Z,2026-06-29T19:45:00+0200,271.22,EUR/MWh,DE,DE_LU,day_ahead_price,value,2026-07-18T09:44:31Z
2026-07-18T09:43:03Z,2026-07-18T11:43:03+0200,c4e0902c-5b85-4487-a0df-afe572964363,2026-06-29T18:00:00Z,2026-06-29T20:00:00+0200,211.52,EUR/MWh,DE,DE_LU,day_ahead_price,value,2026-07-18T09:44:31Z
2026-07-18T09:43:03Z,2026-07-18T11:43:03+0200,c4e0902c-5b85-4487-a0df-afe572964363,2026-06-29T18:15:00Z,2026-06-29T20:15:00+0200,265.82,EUR/MWh,DE,DE_LU,day_ahead_price,value,2026-07-18T09:44:31Z
2026-07-18T09:43:03Z,2026-07-18T11:43:03+0200,c4e0902c-5b85-4487-a0df-afe572964363,2026-06-29T18:30:00Z,2026-06-29T20:30:00+0200,318.19,EUR/MWh,DE,DE_LU,day_ahead_price,value,2026-07-18T09:44:31Z
2026-07-18T09:43:03Z,2026-07-18T11:43:03+0200,c4e0902c-5b85-4487-a0df-afe572964363,2026-06-29T18:45:00Z,2026-06-29T20:45:00+0200,341.8,EUR/MWh,DE,DE_LU,day_ahead_price,value,2026-07-18T09:44:31Z
2026-07-18T09:43:03Z,2026-07-18T11:43:03+0200,c4e0902c-5b85-4487-a0df-afe572964363,2026-06-29T19:00:00Z,2026-06-29T21:00:00+0200,319.07,EUR/MWh,DE,DE_LU,day_ahead_price,value,2026-07-18T09:44:31Z
2026-07-18T09:43:03Z,2026-07-18T11:43:03+0200,c4e0902c-5b85-4487-a0df-afe572964363,2026-06-29T19:15:00Z,2026-06-29T21:15:00+0200,310.2,EUR/MWh,DE,DE_LU,day_ahead_price,value,2026-07-18T09:44:31Z
2026-07-18T09:43:03Z,2026-07-18T11:43:03+0200,c4e0902c-5b85-4487-a0df-afe572964363,2026-06-29T19:30:00Z,2026-06-29T21:30:00+0200,306.09,EUR/MWh,DE,DE_LU,day_ahead_price,value,2026-07-18T09:44:31Z
2026-07-18T09:43:03Z,2026-07-18T11:43:03+0200,c4e0902c-5b85-4487-a0df-afe572964363,2026-06-29T19:45:00Z,2026-06-29T21:45:00+0200,270.1,EUR/MWh,DE,DE_LU,day_ahead_price,value,2026-07-18T09:44:31Z
2026-07-18T09:43:03Z,2026-07-18T11:43:03+0200,c4e0902c-5b85-4487-a0df-afe572964363,2026-06-29T20:00:00Z,2026-06-29T22:00:00+0200,293.07,EUR/MWh,DE,DE_LU,day_ahead_price,value,2026-07-18T09:44:31Z
2026-07-18T09:43:03Z,2026-07-18T11:43:03+0200,c4e0902c-5b85-4487-a0df-afe572964363,2026-06-29T20:15:00Z,2026-06-29T22:15:00+0200,251.99,EUR/MWh,DE,DE_LU,day_ahead_price,value,2026-07-18T09:44:31Z
2026-07-18T09:43:03Z,2026-07-18T11:43:03+0200,c4e0902c-5b85-4487-a0df-afe572964363,2026-06-29T20:30:00Z,2026-06-29T22:30:00+0200,208.21,EUR/MWh,DE,DE_LU,day_ahead_price,value,2026-07-18T09:44:31Z
2026-07-18T09:43:03Z,2026-07-18T11:43:03+0200,c4e0902c-5b85-4487-a0df-afe572964363,2026-06-29T20:45:00Z,2026-06-29T22:45:00+0200,170.29,EUR/MWh,DE,DE_LU,day_ahead_price,value,2026-07-18T09:44:31Z
2026-07-18T09:43:03Z,2026-07-18T11:43:03+0200,c4e0902c-5b85-4487-a0df-afe572964363,2026-06-29T21:00:00Z,2026-06-29T23:00:00+0200,200.6,EUR/MWh,DE,DE_LU,day_ahead_price,value,2026-07-18T09:44:31Z
2026-07-18T09:43:03Z,2026-07-18T11:43:03+0200,c4e0902c-5b85-4487-a0df-afe572964363,2026-06-29T21:15:00Z,2026-06-29T23:15:00+0200,160.91,EUR/MWh,DE,DE_LU,day_ahead_price,value,2026-07-18T09:44:31Z
2026-07-18T09:43:03Z,2026-07-18T11:43:03+0200,c4e0902c-5b85-4487-a0df-afe572964363,2026-06-29T21:30:00Z,2026-06-29T23:30:00+0200,166.44,EUR/MWh,DE,DE_LU,day_ahead_price,value,2026-07-18T09:44:31Z
2026-07-18T09:43:03Z,2026-07-18T11:43:03+0200,c4e0902c-5b85-4487-a0df-afe572964363,2026-06-29T21:45:00Z,2026-06-29T23:45:00+0200,152.05,EUR/MWh,DE,DE_LU,day_ahead_price,value,2026-07-18T09:44:31Z
2026-07-18T09:43:03Z,2026-07-18T11:43:03+0200,c4e0902c-5b85-4487-a0df-afe572964363,2026-06-29T22:00:00Z,2026-06-30T00:00:00+0200,176.39,EUR/MWh,DE,DE_LU,day_ahead_price,value,2026-07-18T09:44:31Z
2026-07-18T09:43:03Z,2026-07-18T11:43:03+0200,c4e0902c-5b85-4487-a0df-afe572964363,2026-06-29T22:15:00Z,2026-06-30T00:15:00+0200,161.09,EUR/MWh,DE,DE_LU,day_ahead_price,value,2026-07-18T09:44:31Z
2026-07-18T09:43:03Z,2026-07-18T11:43:03+0200,c4e0902c-5b85-4487-a0df-afe572964363,2026-06-29T22:30:00Z,2026-06-30T00:30:00+0200,156.31,EUR/MWh,DE,DE_LU,day_ahead_price,value,2026-07-18T09:44:31Z
2026-07-18T09:43:03Z,2026-07-18T11:43:03+0200,c4e0902c-5b85-4487-a0df-afe572964363,2026-06-29T22:45:00Z,2026-06-30T00:45:00+0200,153.15,EUR/MWh,DE,DE_LU,day_ahead_price,value,2026-07-18T09:44:31Z
2026-07-18T09:43:03Z,2026-07-18T11:43:03+0200,c4e0902c-5b85-4487-a0df-afe572964363,2026-06-29T23:00:00Z,2026-06-30T01:00:00+0200,156.66,EUR/MWh,DE,DE_LU,day_ahead_price,value,2026-07-18T09:44:31Z
2026-07-18T09:43:03Z,2026-07-18T11:43:03+0200,c4e0902c-5b85-4487-a0df-afe572964363,2026-06-29T23:15:00Z,2026-06-30T01:15:00+0200,148.17,EUR/MWh,DE,DE_LU,day_ahead_price,value,2026-07-18T09:44:31Z
2026-07-18T09:43:03Z,2026-07-18T11:43:03+0200,c4e0902c-5b85-4487-a0df-afe572964363,2026-06-29T23:30:00Z,2026-06-30T01:30:00+0200,139.84,EUR/MWh,DE,DE_LU,day_ahead_price,value,2026-07-18T09:44:31Z
2026-07-18T09:43:03Z,2026-07-18T11:43:03+0200,c4e0902c-5b85-4487-a0df-afe572964363,2026-06-29T23:45:00Z,2026-06-30T01:45:00+0200,136.81,EUR/MWh,DE,DE_LU,day_ahead_price,value,2026-07-18T09:44:31Z
2026-07-18T09:43:03Z,2026-07-18T11:43:03+0200,c4e0902c-5b85-4487-a0df-afe572964363,2026-06-30T00:00:00Z,2026-06-30T02:00:00+0200,142.23,EUR/MWh,DE,DE_LU,day_ahead_price,value,2026-07-18T09:44:31Z
2026-07-18T09:43:03Z,2026-07-18T11:43:03+0200,c4e0902c-5b85-4487-a0df-afe572964363,2026-06-30T00:15:00Z,2026-06-30T02:15:00+0200,139.44,EUR/MWh,DE,DE_LU,day_ahead_price,value,2026-07-18T09:44:31Z
2026-07-18T09:43:03Z,2026-07-18T11:43:03+0200,c4e0902c-5b85-4487-a0df-afe572964363,2026-06-30T00:30:00Z,2026-06-30T02:30:00+0200,139.96,EUR/MWh,DE,DE_LU,day_ahead_price,value,2026-07-18T09:44:31Z
2026-07-18T09:43:03Z,2026-07-18T11:43:03+0200,c4e0902c-5b85-4487-a0df-afe572964363,2026-06-30T00:45:00Z,2026-06-30T02:45:00+0200,139.19,EUR/MWh,DE,DE_LU,day_ahead_price,value,2026-07-18T09:44:31Z
2026-07-18T09:43:03Z,2026-07-18T11:43:03+0200,c4e0902c-5b85-4487-a0df-afe572964363,2026-06-30T01:00:00Z,2026-06-30T03:00:00+0200,144.99,EUR/MWh,DE,DE_LU,day_ahead_price,value,2026-07-18T09:44:31Z
2026-07-18T09:43:03Z,2026-07-18T11:43:03+0200,c4e0902c-5b85-4487-a0df-afe572964363,2026-06-30T01:15:00Z,2026-06-30T03:15:00+0200,140.47,EUR/MWh,DE,DE_LU,day_ahead_price,value,2026-07-18T09:44:31Z
2026-07-18T09:43:03Z,2026-07-18T11:43:03+0200,c4e0902c-5b85-4487-a0df-afe572964363,2026-06-30T01:30:00Z,2026-06-30T03:30:00+0200,139.03,EUR/MWh,DE,DE_LU,day_ahead_price,value,2026-07-18T09:44:31Z
2026-07-18T09:43:03Z,2026-07-18T11:43:03+0200,c4e0902c-5b85-4487-a0df-afe572964363,2026-06-30T01:45:00Z,2026-06-30T03:45:00+0200,138.4,EUR/MWh,DE,DE_LU,day_ahead_price,value,2026-07-18T09:44:31Z
2026-07-18T09:43:03Z,2026-07-18T11:43:03+0200,c4e0902c-5b85-4487-a0df-afe572964363,2026-06-30T02:00:00Z,2026-06-30T04:00:00+0200,143.22,EUR/MWh,DE,DE_LU,day_ahead_price,value,2026-07-18T09:44:31Z
2026-07-18T09:43:03Z,2026-07-18T11:43:03+0200,c4e0902c-5b85-4487-a0df-afe572964363,2026-06-30T02:15:00Z,2026-06-30T04:15:00+0200,139.44,EUR/MWh,DE,DE_LU,day_ahead_price,value,2026-07-18T09:44:31Z
2026-07-18T09:43:03Z,2026-07-18T11:43:03+0200,c4e0902c-5b85-4487-a0df-afe572964363,2026-06-30T02:30:00Z,2026-06-30T04:30:00+0200,140.62,EUR/MWh,DE,DE_LU,day_ahead_price,value,2026-07-18T09:44:31Z
2026-07-18T09:43:03Z,2026-07-18T11:43:03+0200,c4e0902c-5b85-4487-a0df-afe572964363,2026-06-30T02:45:00Z,2026-06-30T04:45:00+0200,142.19,EUR/MWh,DE,DE_LU,day_ahead_price,value,2026-07-18T09:44:31Z
2026-07-18T09:43:03Z,2026-07-18T11:43:03+0200,c4e0902c-5b85-4487-a0df-afe572964363,2026-06-30T03:00:00Z,2026-06-30T05:00:00+0200,141.77,EUR/MWh,DE,DE_LU,day_ahead_price,value,2026-07-18T09:44:31Z
2026-07-18T09:43:03Z,2026-07-18T11:43:03+0200,c4e0902c-5b85-4487-a0df-afe572964363,2026-06-30T03:15:00Z,2026-06-30T05:15:00+0200,149.11,EUR/MWh,DE,DE_LU,day_ahead_price,value,2026-07-18T09:44:31Z
2026-07-18T09:43:03Z,2026-07-18T11:43:03+0200,c4e0902c-5b85-4487-a0df-afe572964363,2026-06-30T03:30:00Z,2026-06-30T05:30:00+0200,151.71,EUR/MWh,DE,DE_LU,day_ahead_price,value,2026-07-18T09:44:31Z
2026-07-18T09:43:03Z,2026-07-18T11:43:03+0200,c4e0902c-5b85-4487-a0df-afe572964363,2026-06-30T03:45:00Z,2026-06-30T05:45:00+0200,163.43,EUR/MWh,DE,DE_LU,day_ahead_price,value,2026-07-18T09:44:31Z
2026-07-18T09:43:03Z,2026-07-18T11:43:03+0200,c4e0902c-5b85-4487-a0df-afe572964363,2026-06-30T04:00:00Z,2026-06-30T06:00:00+0200,173.22,EUR/MWh,DE,DE_LU,day_ahead_price,value,2026-07-18T09:44:31Z
2026-07-18T09:43:03Z,2026-07-18T11:43:03+0200,c4e0902c-5b85-4487-a0df-afe572964363,2026-06-30T04:15:00Z,2026-06-30T06:15:00+0200,188.35,EUR/MWh,DE,DE_LU,day_ahead_price,value,2026-07-18T09:44:31Z
2026-07-18T09:43:03Z,2026-07-18T11:43:03+0200,c4e0902c-5b85-4487-a0df-afe572964363,2026-06-30T04:30:00Z,2026-06-30T06:30:00+0200,189.42,EUR/MWh,DE,DE_LU,day_ahead_price,value,2026-07-18T09:44:31Z
2026-07-18T09:43:03Z,2026-07-18T11:43:03+0200,c4e0902c-5b85-4487-a0df-afe572964363,2026-06-30T04:45:00Z,2026-06-30T06:45:00+0200,195.63,EUR/MWh,DE,DE_LU,day_ahead_price,value,2026-07-18T09:44:31Z
2026-07-18T09:43:03Z,2026-07-18T11:43:03+0200,c4e0902c-5b85-4487-a0df-afe572964363,2026-06-30T05:00:00Z,2026-06-30T07:00:00+0200,211.84,EUR/MWh,DE,DE_LU,day_ahead_price,value,2026-07-18T09:44:31Z
2026-07-18T09:43:03Z,2026-07-18T11:43:03+0200,c4e0902c-5b85-4487-a0df-afe572964363,2026-06-30T05:15:00Z,2026-06-30T07:15:00+0200,195.02,EUR/MWh,DE,DE_LU,day_ahead_price,value,2026-07-18T09:44:31Z
2026-07-18T09:43:03Z,2026-07-18T11:43:03+0200,c4e0902c-5b85-4487-a0df-afe572964363,2026-06-30T05:30:00Z,2026-06-30T07:30:00+0200,185.24,EUR/MWh,DE,DE_LU,day_ahead_price,value,2026-07-18T09:44:31Z
2026-07-18T09:43:03Z,2026-07-18T11:43:03+0200,c4e0902c-5b85-4487-a0df-afe572964363,2026-06-30T05:45:00Z,2026-06-30T07:45:00+0200,165.14,EUR/MWh,DE,DE_LU,day_ahead_price,value,2026-07-18T09:44:31Z
2026-07-18T09:43:03Z,2026-07-18T11:43:03+0200,c4e0902c-5b85-4487-a0df-afe572964363,2026-06-30T06:00:00Z,2026-06-30T08:00:00+0200,197.12,EUR/MWh,DE,DE_LU,day_ahead_price,value,2026-07-18T09:44:31Z
2026-07-18T09:43:03Z,2026-07-18T11:43:03+0200,c4e0902c-5b85-4487-a0df-afe572964363,2026-06-30T06:15:00Z,2026-06-30T08:15:00+0200,168.11,EUR/MWh,DE,DE_LU,day_ahead_price,value,2026-07-18T09:44:31Z
2026-07-18T09:43:03Z,2026-07-18T11:43:03+0200,c4e0902c-5b85-4487-a0df-afe572964363,2026-06-30T06:30:00Z,2026-06-30T08:30:00+0200,141.44,EUR/MWh,DE,DE_LU,day_ahead_price,value,2026-07-18T09:44:31Z
2026-07-18T09:43:03Z,2026-07-18T11:43:03+0200,c4e0902c-5b85-4487-a0df-afe572964363,2026-06-30T06:45:00Z,2026-06-30T08:45:00+0200,117.4,EUR/MWh,DE,DE_LU,day_ahead_price,value,2026-07-18T09:44:31Z
2026-07-18T09:43:03Z,2026-07-18T11:43:03+0200,c4e0902c-5b85-4487-a0df-afe572964363,2026-06-30T07:00:00Z,2026-06-30T09:00:00+0200,152.4,EUR/MWh,DE,DE_LU,day_ahead_price,value,2026-07-18T09:44:31Z
2026-07-18T09:43:03Z,2026-07-18T11:43:03+0200,c4e0902c-5b85-4487-a0df-afe572964363,2026-06-30T07:15:00Z,2026-06-30T09:15:00+0200,121.87,EUR/MWh,DE,DE_LU,day_ahead_price,value,2026-07-18T09:44:31Z
2026-07-18T09:43:03Z,2026-07-18T11:43:03+0200,c4e0902c-5b85-4487-a0df-afe572964363,2026-06-30T07:30:00Z,2026-06-30T09:30:00+0200,111.01,EUR/MWh,DE,DE_LU,day_ahead_price,value,2026-07-18T09:44:31Z
2026-07-18T09:43:03Z,2026-07-18T11:43:03+0200,c4e0902c-5b85-4487-a0df-afe572964363,2026-06-30T07:45:00Z,2026-06-30T09:45:00+0200,105.1,EUR/MWh,DE,DE_LU,day_ahead_price,value,2026-07-18T09:44:31Z
2026-07-18T09:43:03Z,2026-07-18T11:43:03+0200,c4e0902c-5b85-4487-a0df-afe572964363,2026-06-30T08:00:00Z,2026-06-30T10:00:00+0200,118.1,EUR/MWh,DE,DE_LU,day_ahead_price,value,2026-07-18T09:44:31Z
2026-07-18T09:43:03Z,2026-07-18T11:43:03+0200,c4e0902c-5b85-4487-a0df-afe572964363,2026-06-30T08:15:00Z,2026-06-30T10:15:00+0200,109.57,EUR/MWh,DE,DE_LU,day_ahead_price,value,2026-07-18T09:44:31Z
2026-07-18T09:43:03Z,2026-07-18T11:43:03+0200,c4e0902c-5b85-4487-a0df-afe572964363,2026-06-30T08:30:00Z,2026-06-30T10:30:00+0200,107.8,EUR/MWh,DE,DE_LU,day_ahead_price,value,2026-07-18T09:44:31Z
2026-07-18T09:43:03Z,2026-07-18T11:43:03+0200,c4e0902c-5b85-4487-a0df-afe572964363,2026-06-30T08:45:00Z,2026-06-30T10:45:00+0200,100.0,EUR/MWh,DE,DE_LU,day_ahead_price,value,2026-07-18T09:44:31Z
2026-07-18T09:43:03Z,2026-07-18T11:43:03+0200,c4e0902c-5b85-4487-a0df-afe572964363,2026-06-30T09:00:00Z,2026-06-30T11:00:00+0200,110.48,EUR/MWh,DE,DE_LU,day_ahead_price,value,2026-07-18T09:44:31Z
2026-07-18T09:43:03Z,2026-07-18T11:43:03+0200,c4e0902c-5b85-4487-a0df-afe572964363,2026-06-30T09:15:00Z,2026-06-30T11:15:00+0200,105.95,EUR/MWh,DE,DE_LU,day_ahead_price,value,2026-07-18T09:44:31Z
2026-07-18T09:43:03Z,2026-07-18T11:43:03+0200,c4e0902c-5b85-4487-a0df-afe572964363,2026-06-30T09:30:00Z,2026-06-30T11:30:00+0200,99.4,EUR/MWh,DE,DE_LU,day_ahead_price,value,2026-07-18T09:44:31Z
2026-07-18T09:43:03Z,2026-07-18T11:43:03+0200,c4e0902c-5b85-4487-a0df-afe572964363,2026-06-30T09:45:00Z,2026-06-30T11:45:00+0200,91.35,EUR/MWh,DE,DE_LU,day_ahead_price,value,2026-07-18T09:44:31Z
2026-07-18T09:43:03Z,2026-07-18T11:43:03+0200,c4e0902c-5b85-4487-a0df-afe572964363,2026-06-30T10:00:00Z,2026-06-30T12:00:00+0200,99.71,EUR/MWh,DE,DE_LU,day_ahead_price,value,2026-07-18T09:44:31Z
2026-07-18T09:43:03Z,2026-07-18T11:43:03+0200,c4e0902c-5b85-4487-a0df-afe572964363,2026-06-30T10:15:00Z,2026-06-30T12:15:00+0200,98.9,EUR/MWh,DE,DE_LU,day_ahead_price,value,2026-07-18T09:44:31Z
2026-07-18T09:43:03Z,2026-07-18T11:43:03+0200,c4e0902c-5b85-4487-a0df-afe572964363,2026-06-30T10:30:00Z,2026-06-30T12:30:00+0200,99.28,EUR/MWh,DE,DE_LU,day_ahead_price,value,2026-07-18T09:44:31Z
2026-07-18T09:43:03Z,2026-07-18T11:43:03+0200,c4e0902c-5b85-4487-a0df-afe572964363,2026-06-30T10:45:00Z,2026-06-30T12:45:00+0200,98.41,EUR/MWh,DE,DE_LU,day_ahead_price,value,2026-07-18T09:44:31Z
2026-07-18T09:43:03Z,2026-07-18T11:43:03+0200,c4e0902c-5b85-4487-a0df-afe572964363,2026-06-30T11:00:00Z,2026-06-30T13:00:00+0200,97.43,EUR/MWh,DE,DE_LU,day_ahead_price,value,2026-07-18T09:44:31Z
2026-07-18T09:43:03Z,2026-07-18T11:43:03+0200,c4e0902c-5b85-4487-a0df-afe572964363,2026-06-30T11:15:00Z,2026-06-30T13:15:00+0200,100.41,EUR/MWh,DE,DE_LU,day_ahead_price,value,2026-07-18T09:44:31Z
2026-07-18T09:43:03Z,2026-07-18T11:43:03+0200,c4e0902c-5b85-4487-a0df-afe572964363,2026-06-30T11:30:00Z,2026-06-30T13:30:00+0200,100.51,EUR/MWh,DE,DE_LU,day_ahead_price,value,2026-07-18T09:44:31Z
2026-07-18T09:43:03Z,2026-07-18T11:43:03+0200,c4e0902c-5b85-4487-a0df-afe572964363,2026-06-30T11:45:00Z,2026-06-30T13:45:00+0200,99.33,EUR/MWh,DE,DE_LU,day_ahead_price,value,2026-07-18T09:44:31Z
2026-07-18T09:43:03Z,2026-07-18T11:43:03+0200,c4e0902c-5b85-4487-a0df-afe572964363,2026-06-30T12:00:00Z,2026-06-30T14:00:00+0200,93.55,EUR/MWh,DE,DE_LU,day_ahead_price,value,2026-07-18T09:44:31Z
2026-07-18T09:43:03Z,2026-07-18T11:43:03+0200,c4e0902c-5b85-4487-a0df-afe572964363,2026-06-30T12:15:00Z,2026-06-30T14:15:00+0200,101.98,EUR/MWh,DE,DE_LU,day_ahead_price,value,2026-07-18T09:44:31Z
2026-07-18T09:43:03Z,2026-07-18T11:43:03+0200,c4e0902c-5b85-4487-a0df-afe572964363,2026-06-30T12:30:00Z,2026-06-30T14:30:00+0200,105.26,EUR/MWh,DE,DE_LU,day_ahead_price,value,2026-07-18T09:44:31Z
2026-07-18T09:43:03Z,2026-07-18T11:43:03+0200,c4e0902c-5b85-4487-a0df-afe572964363,2026-06-30T12:45:00Z,2026-06-30T14:45:00+0200,110.77,EUR/MWh,DE,DE_LU,day_ahead_price,value,2026-07-18T09:44:31Z
2026-07-18T09:43:03Z,2026-07-18T11:43:03+0200,c4e0902c-5b85-4487-a0df-afe572964363,2026-06-30T13:00:00Z,2026-06-30T15:00:00+0200,107.35,EUR/MWh,DE,DE_LU,day_ahead_price,value,2026-07-18T09:44:31Z
2026-07-18T09:43:03Z,2026-07-18T11:43:03+0200,c4e0902c-5b85-4487-a0df-afe572964363,2026-06-30T13:15:00Z,2026-06-30T15:15:00+0200,115.76,EUR/MWh,DE,DE_LU,day_ahead_price,value,2026-07-18T09:44:31Z
2026-07-18T09:43:03Z,2026-07-18T11:43:03+0200,c4e0902c-5b85-4487-a0df-afe572964363,2026-06-30T13:30:00Z,2026-06-30T15:30:00+0200,121.37,EUR/MWh,DE,DE_LU,day_ahead_price,value,2026-07-18T09:44:31Z
2026-07-18T09:43:03Z,2026-07-18T11:43:03+0200,c4e0902c-5b85-4487-a0df-afe572964363,2026-06-30T13:45:00Z,2026-06-30T15:45:00+0200,119.94,EUR/MWh,DE,DE_LU,day_ahead_price,value,2026-07-18T09:44:31Z
2026-07-18T09:43:03Z,2026-07-18T11:43:03+0200,c4e0902c-5b85-4487-a0df-afe572964363,2026-06-30T14:00:00Z,2026-06-30T16:00:00+0200,115.05,EUR/MWh,DE,DE_LU,day_ahead_price,value,2026-07-18T09:44:31Z
2026-07-18T09:43:03Z,2026-07-18T11:43:03+0200,c4e0902c-5b85-4487-a0df-afe572964363,2026-06-30T14:15:00Z,2026-06-30T16:15:00+0200,120.21,EUR/MWh,DE,DE_LU,day_ahead_price,value,2026-07-18T09:44:31Z
2026-07-18T09:43:03Z,2026-07-18T11:43:03+0200,c4e0902c-5b85-4487-a0df-afe572964363,2026-06-30T14:30:00Z,2026-06-30T16:30:00+0200,127.82,EUR/MWh,DE,DE_LU,day_ahead_price,value,2026-07-18T09:44:31Z
2026-07-18T09:43:03Z,2026-07-18T11:43:03+0200,c4e0902c-5b85-4487-a0df-afe572964363,2026-06-30T14:45:00Z,2026-06-30T16:45:00+0200,146.52,EUR/MWh,DE,DE_LU,day_ahead_price,value,2026-07-18T09:44:31Z
2026-07-18T09:43:03Z,2026-07-18T11:43:03+0200,c4e0902c-5b85-4487-a0df-afe572964363,2026-06-30T15:00:00Z,2026-06-30T17:00:00+0200,118.59,EUR/MWh,DE,DE_LU,day_ahead_price,value,2026-07-18T09:44:31Z
2026-07-18T09:43:03Z,2026-07-18T11:43:03+0200,c4e0902c-5b85-4487-a0df-afe572964363,2026-06-30T15:15:00Z,2026-06-30T17:15:00+0200,128.23,EUR/MWh,DE,DE_LU,day_ahead_price,value,2026-07-18T09:44:31Z
2026-07-18T09:43:03Z,2026-07-18T11:43:03+0200,c4e0902c-5b85-4487-a0df-afe572964363,2026-06-30T15:30:00Z,2026-06-30T17:30:00+0200,153.0,EUR/MWh,DE,DE_LU,day_ahead_price,value,2026-07-18T09:44:31Z
2026-07-18T09:43:03Z,2026-07-18T11:43:03+0200,c4e0902c-5b85-4487-a0df-afe572964363,2026-06-30T15:45:00Z,2026-06-30T17:45:00+0200,205.11,EUR/MWh,DE,DE_LU,day_ahead_price,value,2026-07-18T09:44:31Z
2026-07-18T09:43:03Z,2026-07-18T11:43:03+0200,c4e0902c-5b85-4487-a0df-afe572964363,2026-06-30T16:00:00Z,2026-06-30T18:00:00+0200,155.27,EUR/MWh,DE,DE_LU,day_ahead_price,value,2026-07-18T09:44:31Z
2026-07-18T09:43:03Z,2026-07-18T11:43:03+0200,c4e0902c-5b85-4487-a0df-afe572964363,2026-06-30T16:15:00Z,2026-06-30T18:15:00+0200,181.63,EUR/MWh,DE,DE_LU,day_ahead_price,value,2026-07-18T09:44:31Z
2026-07-18T09:43:03Z,2026-07-18T11:43:03+0200,c4e0902c-5b85-4487-a0df-afe572964363,2026-06-30T16:30:00Z,2026-06-30T18:30:00+0200,264.01,EUR/MWh,DE,DE_LU,day_ahead_price,value,2026-07-18T09:44:31Z
2026-07-18T09:43:03Z,2026-07-18T11:43:03+0200,c4e0902c-5b85-4487-a0df-afe572964363,2026-06-30T16:45:00Z,2026-06-30T18:45:00+0200,381.0,EUR/MWh,DE,DE_LU,day_ahead_price,value,2026-07-18T09:44:31Z
2026-07-18T09:43:03Z,2026-07-18T11:43:03+0200,c4e0902c-5b85-4487-a0df-afe572964363,2026-06-30T17:00:00Z,2026-06-30T19:00:00+0200,358.76,EUR/MWh,DE,DE_LU,day_ahead_price,value,2026-07-18T09:44:31Z
2026-07-18T09:43:03Z,2026-07-18T11:43:03+0200,c4e0902c-5b85-4487-a0df-afe572964363,2026-06-30T17:15:00Z,2026-06-30T19:15:00+0200,444.19,EUR/MWh,DE,DE_LU,day_ahead_price,value,2026-07-18T09:44:31Z
2026-07-18T09:43:03Z,2026-07-18T11:43:03+0200,c4e0902c-5b85-4487-a0df-afe572964363,2026-06-30T17:30:00Z,2026-06-30T19:30:00+0200,471.19,EUR/MWh,DE,DE_LU,day_ahead_price,value,2026-07-18T09:44:31Z
2026-07-18T09:43:03Z,2026-07-18T11:43:03+0200,c4e0902c-5b85-4487-a0df-afe572964363,2026-06-30T17:45:00Z,2026-06-30T19:45:00+0200,532.18,EUR/MWh,DE,DE_LU,day_ahead_price,value,2026-07-18T09:44:31Z
2026-07-18T09:43:03Z,2026-07-18T11:43:03+0200,c4e0902c-5b85-4487-a0df-afe572964363,2026-06-30T18:00:00Z,2026-06-30T20:00:00+0200,464.99,EUR/MWh,DE,DE_LU,day_ahead_price,value,2026-07-18T09:44:31Z
2026-07-18T09:43:03Z,2026-07-18T11:43:03+0200,c4e0902c-5b85-4487-a0df-afe572964363,2026-06-30T18:15:00Z,2026-06-30T20:15:00+0200,487.11,EUR/MWh,DE,DE_LU,day_ahead_price,value,2026-07-18T09:44:31Z
2026-07-18T09:43:03Z,2026-07-18T11:43:03+0200,c4e0902c-5b85-4487-a0df-afe572964363,2026-06-30T18:30:00Z,2026-06-30T20:30:00+0200,530.25,EUR/MWh,DE,DE_LU,day_ahead_price,value,2026-07-18T09:44:31Z
2026-07-18T09:43:03Z,2026-07-18T11:43:03+0200,c4e0902c-5b85-4487-a0df-afe572964363,2026-06-30T18:45:00Z,2026-06-30T20:45:00+0200,536.72,EUR/MWh,DE,DE_LU,day_ahead_price,value,2026-07-18T09:44:31Z
2026-07-18T09:43:03Z,2026-07-18T11:43:03+0200,c4e0902c-5b85-4487-a0df-afe572964363,2026-06-30T19:00:00Z,2026-06-30T21:00:00+0200,465.31,EUR/MWh,DE,DE_LU,day_ahead_price,value,2026-07-18T09:44:31Z
2026-07-18T09:43:03Z,2026-07-18T11:43:03+0200,c4e0902c-5b85-4487-a0df-afe572964363,2026-06-30T19:15:00Z,2026-06-30T21:15:00+0200,427.03,EUR/MWh,DE,DE_LU,day_ahead_price,value,2026-07-18T09:44:31Z
2026-07-18T09:43:03Z,2026-07-18T11:43:03+0200,c4e0902c-5b85-4487-a0df-afe572964363,2026-06-30T19:30:00Z,2026-06-30T21:30:00+0200,389.57,EUR/MWh,DE,DE_LU,day_ahead_price,value,2026-07-18T09:44:31Z
2026-07-18T09:43:03Z,2026-07-18T11:43:03+0200,c4e0902c-5b85-4487-a0df-afe572964363,2026-06-30T19:45:00Z,2026-06-30T21:45:00+0200,301.06,EUR/MWh,DE,DE_LU,day_ahead_price,value,2026-07-18T09:44:31Z
2026-07-18T09:43:03Z,2026-07-18T11:43:03+0200,c4e0902c-5b85-4487-a0df-afe572964363,2026-06-30T20:00:00Z,2026-06-30T22:00:00+0200,349.15,EUR/MWh,DE,DE_LU,day_ahead_price,value,2026-07-18T09:44:31Z
2026-07-18T09:43:03Z,2026-07-18T11:43:03+0200,c4e0902c-5b85-4487-a0df-afe572964363,2026-06-30T20:15:00Z,2026-06-30T22:15:00+0200,285.01,EUR/MWh,DE,DE_LU,day_ahead_price,value,2026-07-18T09:44:31Z
2026-07-18T09:43:03Z,2026-07-18T11:43:03+0200,c4e0902c-5b85-4487-a0df-afe572964363,2026-06-30T20:30:00Z,2026-06-30T22:30:00+0200,233.59,EUR/MWh,DE,DE_LU,day_ahead_price,value,2026-07-18T09:44:31Z
2026-07-18T09:43:03Z,2026-07-18T11:43:03+0200,c4e0902c-5b85-4487-a0df-afe572964363,2026-06-30T20:45:00Z,2026-06-30T22:45:00+0200,226.38,EUR/MWh,DE,DE_LU,day_ahead_price,value,2026-07-18T09:44:31Z
2026-07-18T09:43:03Z,2026-07-18T11:43:03+0200,c4e0902c-5b85-4487-a0df-afe572964363,2026-06-30T21:00:00Z,2026-06-30T23:00:00+0200,202.79,EUR/MWh,DE,DE_LU,day_ahead_price,value,2026-07-18T09:44:31Z
2026-07-18T09:43:03Z,2026-07-18T11:43:03+0200,c4e0902c-5b85-4487-a0df-afe572964363,2026-06-30T21:15:00Z,2026-06-30T23:15:00+0200,186.85,EUR/MWh,DE,DE_LU,day_ahead_price,value,2026-07-18T09:44:31Z
2026-07-18T09:43:03Z,2026-07-18T11:43:03+0200,c4e0902c-5b85-4487-a0df-afe572964363,2026-06-30T21:30:00Z,2026-06-30T23:30:00+0200,179.53,EUR/MWh,DE,DE_LU,day_ahead_price,value,2026-07-18T09:44:31Z
2026-07-18T09:43:03Z,2026-07-18T11:43:03+0200,c4e0902c-5b85-4487-a0df-afe572964363,2026-06-30T21:45:00Z,2026-06-30T23:45:00+0200,160.75,EUR/MWh,DE,DE_LU,day_ahead_price,value,2026-07-18T09:44:31Z
2026-07-18T09:43:03Z,2026-07-18T11:43:03+0200,c4e0902c-5b85-4487-a0df-afe572964363,2026-06-30T22:00:00Z,2026-07-01T00:00:00+0200,183.66,EUR/MWh,DE,DE_LU,day_ahead_price,value,2026-07-18T09:44:31Z
2026-07-18T09:43:03Z,2026-07-18T11:43:03+0200,c4e0902c-5b85-4487-a0df-afe572964363,2026-06-30T22:15:00Z,2026-07-01T00:15:00+0200,166.3,EUR/MWh,DE,DE_LU,day_ahead_price,value,2026-07-18T09:44:31Z
2026-07-18T09:43:03Z,2026-07-18T11:43:03+0200,c4e0902c-5b85-4487-a0df-afe572964363,2026-06-30T22:30:00Z,2026-07-01T00:30:00+0200,159.4,EUR/MWh,DE,DE_LU,day_ahead_price,value,2026-07-18T09:44:31Z
2026-07-18T09:43:03Z,2026-07-18T11:43:03+0200,c4e0902c-5b85-4487-a0df-afe572964363,2026-06-30T22:45:00Z,2026-07-01T00:45:00+0200,150.24,EUR/MWh,DE,DE_LU,day_ahead_price,value,2026-07-18T09:44:31Z
2026-07-18T09:43:03Z,2026-07-18T11:43:03+0200,c4e0902c-5b85-4487-a0df-afe572964363,2026-06-30T23:00:00Z,2026-07-01T01:00:00+0200,161.57,EUR/MWh,DE,DE_LU,day_ahead_price,value,2026-07-18T09:44:31Z
2026-07-18T09:43:03Z,2026-07-18T11:43:03+0200,c4e0902c-5b85-4487-a0df-afe572964363,2026-06-30T23:15:00Z,2026-07-01T01:15:00+0200,152.86,EUR/MWh,DE,DE_LU,day_ahead_price,value,2026-07-18T09:44:31Z
2026-07-18T09:43:03Z,2026-07-18T11:43:03+0200,c4e0902c-5b85-4487-a0df-afe572964363,2026-06-30T23:30:00Z,2026-07-01T01:30:00+0200,144.99,EUR/MWh,DE,DE_LU,day_ahead_price,value,2026-07-18T09:44:31Z
2026-07-18T09:43:03Z,2026-07-18T11:43:03+0200,c4e0902c-5b85-4487-a0df-afe572964363,2026-06-30T23:45:00Z,2026-07-01T01:45:00+0200,141.81,EUR/MWh,DE,DE_LU,day_ahead_price,value,2026-07-18T09:44:31Z
2026-07-18T09:43:03Z,2026-07-18T11:43:03+0200,c4e0902c-5b85-4487-a0df-afe572964363,2026-07-01T00:00:00Z,2026-07-01T02:00:00+0200,145.5,EUR/MWh,DE,DE_LU,day_ahead_price,value,2026-07-18T09:44:31Z
2026-07-18T09:43:03Z,2026-07-18T11:43:03+0200,c4e0902c-5b85-4487-a0df-afe572964363,2026-07-01T00:15:00Z,2026-07-01T02:15:00+0200,147.07,EUR/MWh,DE,DE_LU,day_ahead_price,value,2026-07-18T09:44:31Z
2026-07-18T09:43:03Z,2026-07-18T11:43:03+0200,c4e0902c-5b85-4487-a0df-afe572964363,2026-07-01T00:30:00Z,2026-07-01T02:30:00+0200,149.01,EUR/MWh,DE,DE_LU,day_ahead_price,value,2026-07-18T09:44:31Z
2026-07-18T09:43:03Z,2026-07-18T11:43:03+0200,c4e0902c-5b85-4487-a0df-afe572964363,2026-07-01T00:45:00Z,2026-07-01T02:45:00+0200,145.54,EUR/MWh,DE,DE_LU,day_ahead_price,value,2026-07-18T09:44:31Z
2026-07-18T09:43:03Z,2026-07-18T11:43:03+0200,c4e0902c-5b85-4487-a0df-afe572964363,2026-07-01T01:00:00Z,2026-07-01T03:00:00+0200,149.0,EUR/MWh,DE,DE_LU,day_ahead_price,value,2026-07-18T09:44:31Z
2026-07-18T09:43:03Z,2026-07-18T11:43:03+0200,c4e0902c-5b85-4487-a0df-afe572964363,2026-07-01T01:15:00Z,2026-07-01T03:15:00+0200,149.68,EUR/MWh,DE,DE_LU,day_ahead_price,value,2026-07-18T09:44:31Z
2026-07-18T09:43:03Z,2026-07-18T11:43:03+0200,c4e0902c-5b85-4487-a0df-afe572964363,2026-07-01T01:30:00Z,2026-07-01T03:30:00+0200,147.08,EUR/MWh,DE,DE_LU,day_ahead_price,value,2026-07-18T09:44:31Z
2026-07-18T09:43:03Z,2026-07-18T11:43:03+0200,c4e0902c-5b85-4487-a0df-afe572964363,2026-07-01T01:45:00Z,2026-07-01T03:45:00+0200,142.22,EUR/MWh,DE,DE_LU,day_ahead_price,value,2026-07-18T09:44:31Z
2026-07-18T09:43:03Z,2026-07-18T11:43:03+0200,c4e0902c-5b85-4487-a0df-afe572964363,2026-07-01T02:00:00Z,2026-07-01T04:00:00+0200,147.92,EUR/MWh,DE,DE_LU,day_ahead_price,value,2026-07-18T09:44:31Z
2026-07-18T09:43:03Z,2026-07-18T11:43:03+0200,c4e0902c-5b85-4487-a0df-afe572964363,2026-07-01T02:15:00Z,2026-07-01T04:15:00+0200,151.21,EUR/MWh,DE,DE_LU,day_ahead_price,value,2026-07-18T09:44:31Z
2026-07-18T09:43:03Z,2026-07-18T11:43:03+0200,c4e0902c-5b85-4487-a0df-afe572964363,2026-07-01T02:30:00Z,2026-07-01T04:30:00+0200,151.12,EUR/MWh,DE,DE_LU,day_ahead_price,value,2026-07-18T09:44:31Z
2026-07-18T09:43:03Z,2026-07-18T11:43:03+0200,c4e0902c-5b85-4487-a0df-afe572964363,2026-07-01T02:45:00Z,2026-07-01T04:45:00+0200,153.9,EUR/MWh,DE,DE_LU,day_ahead_price,value,2026-07-18T09:44:31Z
2026-07-18T09:43:03Z,2026-07-18T11:43:03+0200,c4e0902c-5b85-4487-a0df-afe572964363,2026-07-01T03:00:00Z,2026-07-01T05:00:00+0200,154.79,EUR/MWh,DE,DE_LU,day_ahead_price,value,2026-07-18T09:44:31Z
2026-07-18T09:43:03Z,2026-07-18T11:43:03+0200,c4e0902c-5b85-4487-a0df-afe572964363,2026-07-01T03:15:00Z,2026-07-01T05:15:00+0200,157.0,EUR/MWh,DE,DE_LU,day_ahead_price,value,2026-07-18T09:44:31Z
2026-07-18T09:43:03Z,2026-07-18T11:43:03+0200,c4e0902c-5b85-4487-a0df-afe572964363,2026-07-01T03:30:00Z,2026-07-01T05:30:00+0200,162.61,EUR/MWh,DE,DE_LU,day_ahead_price,value,2026-07-18T09:44:31Z
2026-07-18T09:43:03Z,2026-07-18T11:43:03+0200,c4e0902c-5b85-4487-a0df-afe572964363,2026-07-01T03:45:00Z,2026-07-01T05:45:00+0200,167.02,EUR/MWh,DE,DE_LU,day_ahead_price,value,2026-07-18T09:44:31Z
2026-07-18T09:43:03Z,2026-07-18T11:43:03+0200,c4e0902c-5b85-4487-a0df-afe572964363,2026-07-01T04:00:00Z,2026-07-01T06:00:00+0200,189.66,EUR/MWh,DE,DE_LU,day_ahead_price,value,2026-07-18T09:44:31Z
2026-07-18T09:43:03Z,2026-07-18T11:43:03+0200,c4e0902c-5b85-4487-a0df-afe572964363,2026-07-01T04:15:00Z,2026-07-01T06:15:00+0200,197.4,EUR/MWh,DE,DE_LU,day_ahead_price,value,2026-07-18T09:44:31Z
2026-07-18T09:43:03Z,2026-07-18T11:43:03+0200,c4e0902c-5b85-4487-a0df-afe572964363,2026-07-01T04:30:00Z,2026-07-01T06:30:00+0200,199.89,EUR/MWh,DE,DE_LU,day_ahead_price,value,2026-07-18T09:44:31Z
2026-07-18T09:43:03Z,2026-07-18T11:43:03+0200,c4e0902c-5b85-4487-a0df-afe572964363,2026-07-01T04:45:00Z,2026-07-01T06:45:00+0200,198.36,EUR/MWh,DE,DE_LU,day_ahead_price,value,2026-07-18T09:44:31Z
2026-07-18T09:43:03Z,2026-07-18T11:43:03+0200,c4e0902c-5b85-4487-a0df-afe572964363,2026-07-01T05:00:00Z,2026-07-01T07:00:00+0200,207.14,EUR/MWh,DE,DE_LU,day_ahead_price,value,2026-07-18T09:44:31Z
2026-07-18T09:43:03Z,2026-07-18T11:43:03+0200,c4e0902c-5b85-4487-a0df-afe572964363,2026-07-01T05:15:00Z,2026-07-01T07:15:00+0200,205.91,EUR/MWh,DE,DE_LU,day_ahead_price,value,2026-07-18T09:44:31Z
2026-07-18T09:43:03Z,2026-07-18T11:43:03+0200,c4e0902c-5b85-4487-a0df-afe572964363,2026-07-01T05:30:00Z,2026-07-01T07:30:00+0200,198.5,EUR/MWh,DE,DE_LU,day_ahead_price,value,2026-07-18T09:44:31Z
2026-07-18T09:43:03Z,2026-07-18T11:43:03+0200,c4e0902c-5b85-4487-a0df-afe572964363,2026-07-01T05:45:00Z,2026-07-01T07:45:00+0200,201.64,EUR/MWh,DE,DE_LU,day_ahead_price,value,2026-07-18T09:44:31Z
2026-07-18T09:43:03Z,2026-07-18T11:43:03+0200,c4e0902c-5b85-4487-a0df-afe572964363,2026-07-01T06:00:00Z,2026-07-01T08:00:00+0200,198.54,EUR/MWh,DE,DE_LU,day_ahead_price,value,2026-07-18T09:44:31Z
2026-07-18T09:43:03Z,2026-07-18T11:43:03+0200,c4e0902c-5b85-4487-a0df-afe572964363,2026-07-01T06:15:00Z,2026-07-01T08:15:00+0200,197.92,EUR/MWh,DE,DE_LU,day_ahead_price,value,2026-07-18T09:44:31Z
2026-07-18T09:43:03Z,2026-07-18T11:43:03+0200,c4e0902c-5b85-4487-a0df-afe572964363,2026-07-01T06:30:00Z,2026-07-01T08:30:00+0200,174.39,EUR/MWh,DE,DE_LU,day_ahead_price,value,2026-07-18T09:44:31Z
2026-07-18T09:43:03Z,2026-07-18T11:43:03+0200,c4e0902c-5b85-4487-a0df-afe572964363,2026-07-01T06:45:00Z,2026-07-01T08:45:00+0200,150.12,EUR/MWh,DE,DE_LU,day_ahead_price,value,2026-07-18T09:44:31Z
2026-07-18T09:43:03Z,2026-07-18T11:43:03+0200,c4e0902c-5b85-4487-a0df-afe572964363,2026-07-01T07:00:00Z,2026-07-01T09:00:00+0200,178.08,EUR/MWh,DE,DE_LU,day_ahead_price,value,2026-07-18T09:44:31Z
2026-07-18T09:43:03Z,2026-07-18T11:43:03+0200,c4e0902c-5b85-4487-a0df-afe572964363,2026-07-01T07:15:00Z,2026-07-01T09:15:00+0200,152.99,EUR/MWh,DE,DE_LU,day_ahead_price,value,2026-07-18T09:44:31Z
2026-07-18T09:43:03Z,2026-07-18T11:43:03+0200,c4e0902c-5b85-4487-a0df-afe572964363,2026-07-01T07:30:00Z,2026-07-01T09:30:00+0200,131.12,EUR/MWh,DE,DE_LU,day_ahead_price,value,2026-07-18T09:44:31Z
2026-07-18T09:43:03Z,2026-07-18T11:43:03+0200,c4e0902c-5b85-4487-a0df-afe572964363,2026-07-01T07:45:00Z,2026-07-01T09:45:00+0200,120.61,EUR/MWh,DE,DE_LU,day_ahead_price,value,2026-07-18T09:44:31Z
2026-07-18T09:43:03Z,2026-07-18T11:43:03+0200,c4e0902c-5b85-4487-a0df-afe572964363,2026-07-01T08:00:00Z,2026-07-01T10:00:00+0200,140.53,EUR/MWh,DE,DE_LU,day_ahead_price,value,2026-07-18T09:44:31Z
2026-07-18T09:43:03Z,2026-07-18T11:43:03+0200,c4e0902c-5b85-4487-a0df-afe572964363,2026-07-01T08:15:00Z,2026-07-01T10:15:00+0200,125.43,EUR/MWh,DE,DE_LU,day_ahead_price,value,2026-07-18T09:44:31Z
2026-07-18T09:43:03Z,2026-07-18T11:43:03+0200,c4e0902c-5b85-4487-a0df-afe572964363,2026-07-01T08:30:00Z,2026-07-01T10:30:00+0200,120.51,EUR/MWh,DE,DE_LU,day_ahead_price,value,2026-07-18T09:44:31Z
2026-07-18T09:43:03Z,2026-07-18T11:43:03+0200,c4e0902c-5b85-4487-a0df-afe572964363,2026-07-01T08:45:00Z,2026-07-01T10:45:00+0200,115.17,EUR/MWh,DE,DE_LU,day_ahead_price,value,2026-07-18T09:44:31Z
2026-07-18T09:43:03Z,2026-07-18T11:43:03+0200,c4e0902c-5b85-4487-a0df-afe572964363,2026-07-01T09:00:00Z,2026-07-01T11:00:00+0200,128.02,EUR/MWh,DE,DE_LU,day_ahead_price,value,2026-07-18T09:44:31Z
2026-07-18T09:43:03Z,2026-07-18T11:43:03+0200,c4e0902c-5b85-4487-a0df-afe572964363,2026-07-01T09:15:00Z,2026-07-01T11:15:00+0200,117.99,EUR/MWh,DE,DE_LU,day_ahead_price,value,2026-07-18T09:44:31Z
2026-07-18T09:43:03Z,2026-07-18T11:43:03+0200,c4e0902c-5b85-4487-a0df-afe572964363,2026-07-01T09:30:00Z,2026-07-01T11:30:00+0200,115.85,EUR/MWh,DE,DE_LU,day_ahead_price,value,2026-07-18T09:44:31Z
2026-07-18T09:43:03Z,2026-07-18T11:43:03+0200,c4e0902c-5b85-4487-a0df-afe572964363,2026-07-01T09:45:00Z,2026-07-01T11:45:00+0200,115.93,EUR/MWh,DE,DE_LU,day_ahead_price,value,2026-07-18T09:44:31Z
2026-07-18T09:43:03Z,2026-07-18T11:43:03+0200,c4e0902c-5b85-4487-a0df-afe572964363,2026-07-01T10:00:00Z,2026-07-01T12:00:00+0200,120.22,EUR/MWh,DE,DE_LU,day_ahead_price,value,2026-07-18T09:44:31Z
2026-07-18T09:43:03Z,2026-07-18T11:43:03+0200,c4e0902c-5b85-4487-a0df-afe572964363,2026-07-01T10:15:00Z,2026-07-01T12:15:00+0200,115.58,EUR/MWh,DE,DE_LU,day_ahead_price,value,2026-07-18T09:44:31Z
2026-07-18T09:43:03Z,2026-07-18T11:43:03+0200,c4e0902c-5b85-4487-a0df-afe572964363,2026-07-01T10:30:00Z,2026-07-01T12:30:00+0200,114.69,EUR/MWh,DE,DE_LU,day_ahead_price,value,2026-07-18T09:44:31Z
2026-07-18T09:43:03Z,2026-07-18T11:43:03+0200,c4e0902c-5b85-4487-a0df-afe572964363,2026-07-01T10:45:00Z,2026-07-01T12:45:00+0200,112.94,EUR/MWh,DE,DE_LU,day_ahead_price,value,2026-07-18T09:44:31Z
2026-07-18T09:43:03Z,2026-07-18T11:43:03+0200,c4e0902c-5b85-4487-a0df-afe572964363,2026-07-01T11:00:00Z,2026-07-01T13:00:00+0200,113.85,EUR/MWh,DE,DE_LU,day_ahead_price,value,2026-07-18T09:44:31Z
2026-07-18T09:43:03Z,2026-07-18T11:43:03+0200,c4e0902c-5b85-4487-a0df-afe572964363,2026-07-01T11:15:00Z,2026-07-01T13:15:00+0200,112.06,EUR/MWh,DE,DE_LU,day_ahead_price,value,2026-07-18T09:44:31Z
2026-07-18T09:43:03Z,2026-07-18T11:43:03+0200,c4e0902c-5b85-4487-a0df-afe572964363,2026-07-01T11:30:00Z,2026-07-01T13:30:00+0200,109.96,EUR/MWh,DE,DE_LU,day_ahead_price,value,2026-07-18T09:44:31Z
2026-07-18T09:43:03Z,2026-07-18T11:43:03+0200,c4e0902c-5b85-4487-a0df-afe572964363,2026-07-01T11:45:00Z,2026-07-01T13:45:00+0200,105.7,EUR/MWh,DE,DE_LU,day_ahead_price,value,2026-07-18T09:44:31Z
2026-07-18T09:43:03Z,2026-07-18T11:43:03+0200,c4e0902c-5b85-4487-a0df-afe572964363,2026-07-01T12:00:00Z,2026-07-01T14:00:00+0200,101.61,EUR/MWh,DE,DE_LU,day_ahead_price,value,2026-07-18T09:44:31Z
2026-07-18T09:43:03Z,2026-07-18T11:43:03+0200,c4e0902c-5b85-4487-a0df-afe572964363,2026-07-01T12:15:00Z,2026-07-01T14:15:00+0200,100.69,EUR/MWh,DE,DE_LU,day_ahead_price,value,2026-07-18T09:44:31Z
2026-07-18T09:43:03Z,2026-07-18T11:43:03+0200,c4e0902c-5b85-4487-a0df-afe572964363,2026-07-01T12:30:00Z,2026-07-01T14:30:00+0200,98.04,EUR/MWh,DE,DE_LU,day_ahead_price,value,2026-07-18T09:44:31Z
2026-07-18T09:43:03Z,2026-07-18T11:43:03+0200,c4e0902c-5b85-4487-a0df-afe572964363,2026-07-01T12:45:00Z,2026-07-01T14:45:00+0200,98.52,EUR/MWh,DE,DE_LU,day_ahead_price,value,2026-07-18T09:44:31Z
2026-07-18T09:43:03Z,2026-07-18T11:43:03+0200,c4e0902c-5b85-4487-a0df-afe572964363,2026-07-01T13:00:00Z,2026-07-01T15:00:00+0200,95.02,EUR/MWh,DE,DE_LU,day_ahead_price,value,2026-07-18T09:44:31Z
2026-07-18T09:43:03Z,2026-07-18T11:43:03+0200,c4e0902c-5b85-4487-a0df-afe572964363,2026-07-01T13:15:00Z,2026-07-01T15:15:00+0200,94.82,EUR/MWh,DE,DE_LU,day_ahead_price,value,2026-07-18T09:44:31Z
2026-07-18T09:43:03Z,2026-07-18T11:43:03+0200,c4e0902c-5b85-4487-a0df-afe572964363,2026-07-01T13:30:00Z,2026-07-01T15:30:00+0200,98.46,EUR/MWh,DE,DE_LU,day_ahead_price,value,2026-07-18T09:44:31Z
2026-07-18T09:43:03Z,2026-07-18T11:43:03+0200,c4e0902c-5b85-4487-a0df-afe572964363,2026-07-01T13:45:00Z,2026-07-01T15:45:00+0200,100.8,EUR/MWh,DE,DE_LU,day_ahead_price,value,2026-07-18T09:44:31Z
2026-07-18T09:43:03Z,2026-07-18T11:43:03+0200,c4e0902c-5b85-4487-a0df-afe572964363,2026-07-01T14:00:00Z,2026-07-01T16:00:00+0200,92.71,EUR/MWh,DE,DE_LU,day_ahead_price,value,2026-07-18T09:44:31Z
2026-07-18T09:43:03Z,2026-07-18T11:43:03+0200,c4e0902c-5b85-4487-a0df-afe572964363,2026-07-01T14:15:00Z,2026-07-01T16:15:00+0200,92.93,EUR/MWh,DE,DE_LU,day_ahead_price,value,2026-07-18T09:44:31Z
2026-07-18T09:43:03Z,2026-07-18T11:43:03+0200,c4e0902c-5b85-4487-a0df-afe572964363,2026-07-01T14:30:00Z,2026-07-01T16:30:00+0200,103.0,EUR/MWh,DE,DE_LU,day_ahead_price,value,2026-07-18T09:44:31Z
2026-07-18T09:43:03Z,2026-07-18T11:43:03+0200,c4e0902c-5b85-4487-a0df-afe572964363,2026-07-01T14:45:00Z,2026-07-01T16:45:00+0200,108.92,EUR/MWh,DE,DE_LU,day_ahead_price,value,2026-07-18T09:44:31Z
2026-07-18T09:43:03Z,2026-07-18T11:43:03+0200,c4e0902c-5b85-4487-a0df-afe572964363,2026-07-01T15:00:00Z,2026-07-01T17:00:00+0200,90.39,EUR/MWh,DE,DE_LU,day_ahead_price,value,2026-07-18T09:44:31Z
2026-07-18T09:43:03Z,2026-07-18T11:43:03+0200,c4e0902c-5b85-4487-a0df-afe572964363,2026-07-01T15:15:00Z,2026-07-01T17:15:00+0200,103.5,EUR/MWh,DE,DE_LU,day_ahead_price,value,2026-07-18T09:44:31Z
2026-07-18T09:43:03Z,2026-07-18T11:43:03+0200,c4e0902c-5b85-4487-a0df-afe572964363,2026-07-01T15:30:00Z,2026-07-01T17:30:00+0200,102.38,EUR/MWh,DE,DE_LU,day_ahead_price,value,2026-07-18T09:44:31Z
2026-07-18T09:43:03Z,2026-07-18T11:43:03+0200,c4e0902c-5b85-4487-a0df-afe572964363,2026-07-01T15:45:00Z,2026-07-01T17:45:00+0200,109.37,EUR/MWh,DE,DE_LU,day_ahead_price,value,2026-07-18T09:44:31Z
2026-07-18T09:43:03Z,2026-07-18T11:43:03+0200,c4e0902c-5b85-4487-a0df-afe572964363,2026-07-01T16:00:00Z,2026-07-01T18:00:00+0200,105.12,EUR/MWh,DE,DE_LU,day_ahead_price,value,2026-07-18T09:44:31Z
2026-07-18T09:43:03Z,2026-07-18T11:43:03+0200,c4e0902c-5b85-4487-a0df-afe572964363,2026-07-01T16:15:00Z,2026-07-01T18:15:00+0200,107.94,EUR/MWh,DE,DE_LU,day_ahead_price,value,2026-07-18T09:44:31Z
2026-07-18T09:43:03Z,2026-07-18T11:43:03+0200,c4e0902c-5b85-4487-a0df-afe572964363,2026-07-01T16:30:00Z,2026-07-01T18:30:00+0200,130.03,EUR/MWh,DE,DE_LU,day_ahead_price,value,2026-07-18T09:44:31Z
2026-07-18T09:43:03Z,2026-07-18T11:43:03+0200,c4e0902c-5b85-4487-a0df-afe572964363,2026-07-01T16:45:00Z,2026-07-01T18:45:00+0200,137.99,EUR/MWh,DE,DE_LU,day_ahead_price,value,2026-07-18T09:44:31Z
2026-07-18T09:43:03Z,2026-07-18T11:43:03+0200,c4e0902c-5b85-4487-a0df-afe572964363,2026-07-01T17:00:00Z,2026-07-01T19:00:00+0200,122.96,EUR/MWh,DE,DE_LU,day_ahead_price,value,2026-07-18T09:44:31Z
2026-07-18T09:43:03Z,2026-07-18T11:43:03+0200,c4e0902c-5b85-4487-a0df-afe572964363,2026-07-01T17:15:00Z,2026-07-01T19:15:00+0200,153.11,EUR/MWh,DE,DE_LU,day_ahead_price,value,2026-07-18T09:44:31Z
2026-07-18T09:43:03Z,2026-07-18T11:43:03+0200,c4e0902c-5b85-4487-a0df-afe572964363,2026-07-01T17:30:00Z,2026-07-01T19:30:00+0200,185.23,EUR/MWh,DE,DE_LU,day_ahead_price,value,2026-07-18T09:44:31Z
2026-07-18T09:43:03Z,2026-07-18T11:43:03+0200,c4e0902c-5b85-4487-a0df-afe572964363,2026-07-01T17:45:00Z,2026-07-01T19:45:00+0200,210.69,EUR/MWh,DE,DE_LU,day_ahead_price,value,2026-07-18T09:44:31Z
2026-07-18T09:43:03Z,2026-07-18T11:43:03+0200,c4e0902c-5b85-4487-a0df-afe572964363,2026-07-01T18:00:00Z,2026-07-01T20:00:00+0200,181.22,EUR/MWh,DE,DE_LU,day_ahead_price,value,2026-07-18T09:44:31Z
2026-07-18T09:43:03Z,2026-07-18T11:43:03+0200,c4e0902c-5b85-4487-a0df-afe572964363,2026-07-01T18:15:00Z,2026-07-01T20:15:00+0200,214.96,EUR/MWh,DE,DE_LU,day_ahead_price,value,2026-07-18T09:44:31Z
2026-07-18T09:43:03Z,2026-07-18T11:43:03+0200,c4e0902c-5b85-4487-a0df-afe572964363,2026-07-01T18:30:00Z,2026-07-01T20:30:00+0200,242.28,EUR/MWh,DE,DE_LU,day_ahead_price,value,2026-07-18T09:44:31Z
2026-07-18T09:43:03Z,2026-07-18T11:43:03+0200,c4e0902c-5b85-4487-a0df-afe572964363,2026-07-01T18:45:00Z,2026-07-01T20:45:00+0200,288.28,EUR/MWh,DE,DE_LU,day_ahead_price,value,2026-07-18T09:44:31Z
2026-07-18T09:43:03Z,2026-07-18T11:43:03+0200,c4e0902c-5b85-4487-a0df-afe572964363,2026-07-01T19:00:00Z,2026-07-01T21:00:00+0200,250.94,EUR/MWh,DE,DE_LU,day_ahead_price,value,2026-07-18T09:44:31Z
2026-07-18T09:43:03Z,2026-07-18T11:43:03+0200,c4e0902c-5b85-4487-a0df-afe572964363,2026-07-01T19:15:00Z,2026-07-01T21:15:00+0200,253.69,EUR/MWh,DE,DE_LU,day_ahead_price,value,2026-07-18T09:44:31Z
2026-07-18T09:43:03Z,2026-07-18T11:43:03+0200,c4e0902c-5b85-4487-a0df-afe572964363,2026-07-01T19:30:00Z,2026-07-01T21:30:00+0200,252.96,EUR/MWh,DE,DE_LU,day_ahead_price,value,2026-07-18T09:44:31Z
2026-07-18T09:43:03Z,2026-07-18T11:43:03+0200,c4e0902c-5b85-4487-a0df-afe572964363,2026-07-01T19:45:00Z,2026-07-01T21:45:00+0200,216.23,EUR/MWh,DE,DE_LU,day_ahead_price,value,2026-07-18T09:44:31Z
2026-07-18T09:43:03Z,2026-07-18T11:43:03+0200,c4e0902c-5b85-4487-a0df-afe572964363,2026-07-01T20:00:00Z,2026-07-01T22:00:00+0200,245.45,EUR/MWh,DE,DE_LU,day_ahead_price,value,2026-07-18T09:44:31Z
2026-07-18T09:43:03Z,2026-07-18T11:43:03+0200,c4e0902c-5b85-4487-a0df-afe572964363,2026-07-01T20:15:00Z,2026-07-01T22:15:00+0200,206.55,EUR/MWh,DE,DE_LU,day_ahead_price,value,2026-07-18T09:44:31Z
2026-07-18T09:43:03Z,2026-07-18T11:43:03+0200,c4e0902c-5b85-4487-a0df-afe572964363,2026-07-01T20:30:00Z,2026-07-01T22:30:00+0200,179.1,EUR/MWh,DE,DE_LU,day_ahead_price,value,2026-07-18T09:44:31Z
2026-07-18T09:43:03Z,2026-07-18T11:43:03+0200,c4e0902c-5b85-4487-a0df-afe572964363,2026-07-01T20:45:00Z,2026-07-01T22:45:00+0200,166.76,EUR/MWh,DE,DE_LU,day_ahead_price,value,2026-07-18T09:44:31Z
2026-07-18T09:43:03Z,2026-07-18T11:43:03+0200,c4e0902c-5b85-4487-a0df-afe572964363,2026-07-01T21:00:00Z,2026-07-01T23:00:00+0200,183.3,EUR/MWh,DE,DE_LU,day_ahead_price,value,2026-07-18T09:44:31Z
2026-07-18T09:43:03Z,2026-07-18T11:43:03+0200,c4e0902c-5b85-4487-a0df-afe572964363,2026-07-01T21:15:00Z,2026-07-01T23:15:00+0200,164.36,EUR/MWh,DE,DE_LU,day_ahead_price,value,2026-07-18T09:44:31Z
2026-07-18T09:43:03Z,2026-07-18T11:43:03+0200,c4e0902c-5b85-4487-a0df-afe572964363,2026-07-01T21:30:00Z,2026-07-01T23:30:00+0200,144.99,EUR/MWh,DE,DE_LU,day_ahead_price,value,2026-07-18T09:44:31Z
2026-07-18T09:43:03Z,2026-07-18T11:43:03+0200,c4e0902c-5b85-4487-a0df-afe572964363,2026-07-01T21:45:00Z,2026-07-01T23:45:00+0200,134.01,EUR/MWh,DE,DE_LU,day_ahead_price,value,2026-07-18T09:44:31Z
2026-07-18T09:43:03Z,2026-07-18T11:43:03+0200,c4e0902c-5b85-4487-a0df-afe572964363,2026-07-01T22:00:00Z,2026-07-02T00:00:00+0200,166.6,EUR/MWh,DE,DE_LU,day_ahead_price,value,2026-07-18T09:44:31Z
2026-07-18T09:43:03Z,2026-07-18T11:43:03+0200,c4e0902c-5b85-4487-a0df-afe572964363,2026-07-01T22:15:00Z,2026-07-02T00:15:00+0200,163.16,EUR/MWh,DE,DE_LU,day_ahead_price,value,2026-07-18T09:44:31Z
2026-07-18T09:43:03Z,2026-07-18T11:43:03+0200,c4e0902c-5b85-4487-a0df-afe572964363,2026-07-01T22:30:00Z,2026-07-02T00:30:00+0200,160.7,EUR/MWh,DE,DE_LU,day_ahead_price,value,2026-07-18T09:44:31Z
2026-07-18T09:43:03Z,2026-07-18T11:43:03+0200,c4e0902c-5b85-4487-a0df-afe572964363,2026-07-01T22:45:00Z,2026-07-02T00:45:00+0200,150.2,EUR/MWh,DE,DE_LU,day_ahead_price,value,2026-07-18T09:44:31Z
2026-07-18T09:43:03Z,2026-07-18T11:43:03+0200,c4e0902c-5b85-4487-a0df-afe572964363,2026-07-01T23:00:00Z,2026-07-02T01:00:00+0200,162.5,EUR/MWh,DE,DE_LU,day_ahead_price,value,2026-07-18T09:44:31Z
2026-07-18T09:43:03Z,2026-07-18T11:43:03+0200,c4e0902c-5b85-4487-a0df-afe572964363,2026-07-01T23:15:00Z,2026-07-02T01:15:00+0200,145.88,EUR/MWh,DE,DE_LU,day_ahead_price,value,2026-07-18T09:44:31Z
2026-07-18T09:43:03Z,2026-07-18T11:43:03+0200,c4e0902c-5b85-4487-a0df-afe572964363,2026-07-01T23:30:00Z,2026-07-02T01:30:00+0200,134.49,EUR/MWh,DE,DE_LU,day_ahead_price,value,2026-07-18T09:44:31Z
2026-07-18T09:43:03Z,2026-07-18T11:43:03+0200,c4e0902c-5b85-4487-a0df-afe572964363,2026-07-01T23:45:00Z,2026-07-02T01:45:00+0200,130.77,EUR/MWh,DE,DE_LU,day_ahead_price,value,2026-07-18T09:44:31Z
2026-07-18T09:43:03Z,2026-07-18T11:43:03+0200,c4e0902c-5b85-4487-a0df-afe572964363,2026-07-02T00:00:00Z,2026-07-02T02:00:00+0200,135.9,EUR/MWh,DE,DE_LU,day_ahead_price,value,2026-07-18T09:44:31Z
2026-07-18T09:43:03Z,2026-07-18T11:43:03+0200,c4e0902c-5b85-4487-a0df-afe572964363,2026-07-02T00:15:00Z,2026-07-02T02:15:00+0200,129.89,EUR/MWh,DE,DE_LU,day_ahead_price,value,2026-07-18T09:44:31Z
2026-07-18T09:43:03Z,2026-07-18T11:43:03+0200,c4e0902c-5b85-4487-a0df-afe572964363,2026-07-02T00:30:00Z,2026-07-02T02:30:00+0200,129.14,EUR/MWh,DE,DE_LU,day_ahead_price,value,2026-07-18T09:44:31Z
2026-07-18T09:43:03Z,2026-07-18T11:43:03+0200,c4e0902c-5b85-4487-a0df-afe572964363,2026-07-02T00:45:00Z,2026-07-02T02:45:00+0200,126.5,EUR/MWh,DE,DE_LU,day_ahead_price,value,2026-07-18T09:44:31Z
2026-07-18T09:43:03Z,2026-07-18T11:43:03+0200,c4e0902c-5b85-4487-a0df-afe572964363,2026-07-02T01:00:00Z,2026-07-02T03:00:00+0200,125.0,EUR/MWh,DE,DE_LU,day_ahead_price,value,2026-07-18T09:44:31Z
2026-07-18T09:43:03Z,2026-07-18T11:43:03+0200,c4e0902c-5b85-4487-a0df-afe572964363,2026-07-02T01:15:00Z,2026-07-02T03:15:00+0200,122.52,EUR/MWh,DE,DE_LU,day_ahead_price,value,2026-07-18T09:44:31Z
2026-07-18T09:43:03Z,2026-07-18T11:43:03+0200,c4e0902c-5b85-4487-a0df-afe572964363,2026-07-02T01:30:00Z,2026-07-02T03:30:00+0200,118.61,EUR/MWh,DE,DE_LU,day_ahead_price,value,2026-07-18T09:44:31Z
2026-07-18T09:43:03Z,2026-07-18T11:43:03+0200,c4e0902c-5b85-4487-a0df-afe572964363,2026-07-02T01:45:00Z,2026-07-02T03:45:00+0200,115.18,EUR/MWh,DE,DE_LU,day_ahead_price,value,2026-07-18T09:44:31Z
2026-07-18T09:43:03Z,2026-07-18T11:43:03+0200,c4e0902c-5b85-4487-a0df-afe572964363,2026-07-02T02:00:00Z,2026-07-02T04:00:00+0200,116.1,EUR/MWh,DE,DE_LU,day_ahead_price,value,2026-07-18T09:44:31Z
2026-07-18T09:43:03Z,2026-07-18T11:43:03+0200,c4e0902c-5b85-4487-a0df-afe572964363,2026-07-02T02:15:00Z,2026-07-02T04:15:00+0200,114.9,EUR/MWh,DE,DE_LU,day_ahead_price,value,2026-07-18T09:44:31Z
2026-07-18T09:43:03Z,2026-07-18T11:43:03+0200,c4e0902c-5b85-4487-a0df-afe572964363,2026-07-02T02:30:00Z,2026-07-02T04:30:00+0200,112.89,EUR/MWh,DE,DE_LU,day_ahead_price,value,2026-07-18T09:44:31Z
2026-07-18T09:43:03Z,2026-07-18T11:43:03+0200,c4e0902c-5b85-4487-a0df-afe572964363,2026-07-02T02:45:00Z,2026-07-02T04:45:00+0200,112.48,EUR/MWh,DE,DE_LU,day_ahead_price,value,2026-07-18T09:44:31Z
2026-07-18T09:43:03Z,2026-07-18T11:43:03+0200,c4e0902c-5b85-4487-a0df-afe572964363,2026-07-02T03:00:00Z,2026-07-02T05:00:00+0200,112.75,EUR/MWh,DE,DE_LU,day_ahead_price,value,2026-07-18T09:44:31Z
2026-07-18T09:43:03Z,2026-07-18T11:43:03+0200,c4e0902c-5b85-4487-a0df-afe572964363,2026-07-02T03:15:00Z,2026-07-02T05:15:00+0200,113.0,EUR/MWh,DE,DE_LU,day_ahead_price,value,2026-07-18T09:44:31Z
2026-07-18T09:43:03Z,2026-07-18T11:43:03+0200,c4e0902c-5b85-4487-a0df-afe572964363,2026-07-02T03:30:00Z,2026-07-02T05:30:00+0200,115.06,EUR/MWh,DE,DE_LU,day_ahead_price,value,2026-07-18T09:44:31Z
2026-07-18T09:43:03Z,2026-07-18T11:43:03+0200,c4e0902c-5b85-4487-a0df-afe572964363,2026-07-02T03:45:00Z,2026-07-02T05:45:00+0200,117.0,EUR/MWh,DE,DE_LU,day_ahead_price,value,2026-07-18T09:44:31Z
2026-07-18T09:43:03Z,2026-07-18T11:43:03+0200,c4e0902c-5b85-4487-a0df-afe572964363,2026-07-02T04:00:00Z,2026-07-02T06:00:00+0200,129.18,EUR/MWh,DE,DE_LU,day_ahead_price,value,2026-07-18T09:44:31Z
2026-07-18T09:43:03Z,2026-07-18T11:43:03+0200,c4e0902c-5b85-4487-a0df-afe572964363,2026-07-02T04:15:00Z,2026-07-02T06:15:00+0200,124.88,EUR/MWh,DE,DE_LU,day_ahead_price,value,2026-07-18T09:44:31Z
2026-07-18T09:43:03Z,2026-07-18T11:43:03+0200,c4e0902c-5b85-4487-a0df-afe572964363,2026-07-02T04:30:00Z,2026-07-02T06:30:00+0200,119.07,EUR/MWh,DE,DE_LU,day_ahead_price,value,2026-07-18T09:44:31Z
2026-07-18T09:43:03Z,2026-07-18T11:43:03+0200,c4e0902c-5b85-4487-a0df-afe572964363,2026-07-02T04:45:00Z,2026-07-02T06:45:00+0200,111.13,EUR/MWh,DE,DE_LU,day_ahead_price,value,2026-07-18T09:44:31Z
2026-07-18T09:43:03Z,2026-07-18T11:43:03+0200,c4e0902c-5b85-4487-a0df-afe572964363,2026-07-02T05:00:00Z,2026-07-02T07:00:00+0200,130.57,EUR/MWh,DE,DE_LU,day_ahead_price,value,2026-07-18T09:44:31Z
2026-07-18T09:43:03Z,2026-07-18T11:43:03+0200,c4e0902c-5b85-4487-a0df-afe572964363,2026-07-02T05:15:00Z,2026-07-02T07:15:00+0200,119.25,EUR/MWh,DE,DE_LU,day_ahead_price,value,2026-07-18T09:44:31Z
2026-07-18T09:43:03Z,2026-07-18T11:43:03+0200,c4e0902c-5b85-4487-a0df-afe572964363,2026-07-02T05:30:00Z,2026-07-02T07:30:00+0200,108.87,EUR/MWh,DE,DE_LU,day_ahead_price,value,2026-07-18T09:44:31Z
2026-07-18T09:43:03Z,2026-07-18T11:43:03+0200,c4e0902c-5b85-4487-a0df-afe572964363,2026-07-02T05:45:00Z,2026-07-02T07:45:00+0200,93.02,EUR/MWh,DE,DE_LU,day_ahead_price,value,2026-07-18T09:44:31Z
2026-07-18T09:43:03Z,2026-07-18T11:43:03+0200,c4e0902c-5b85-4487-a0df-afe572964363,2026-07-02T06:00:00Z,2026-07-02T08:00:00+0200,118.89,EUR/MWh,DE,DE_LU,day_ahead_price,value,2026-07-18T09:44:31Z
2026-07-18T09:43:03Z,2026-07-18T11:43:03+0200,c4e0902c-5b85-4487-a0df-afe572964363,2026-07-02T06:15:00Z,2026-07-02T08:15:00+0200,106.68,EUR/MWh,DE,DE_LU,day_ahead_price,value,2026-07-18T09:44:31Z
2026-07-18T09:43:03Z,2026-07-18T11:43:03+0200,c4e0902c-5b85-4487-a0df-afe572964363,2026-07-02T06:30:00Z,2026-07-02T08:30:00+0200,93.8,EUR/MWh,DE,DE_LU,day_ahead_price,value,2026-07-18T09:44:31Z
2026-07-18T09:43:03Z,2026-07-18T11:43:03+0200,c4e0902c-5b85-4487-a0df-afe572964363,2026-07-02T06:45:00Z,2026-07-02T08:45:00+0200,45.89,EUR/MWh,DE,DE_LU,day_ahead_price,value,2026-07-18T09:44:31Z
2026-07-18T09:43:03Z,2026-07-18T11:43:03+0200,c4e0902c-5b85-4487-a0df-afe572964363,2026-07-02T07:00:00Z,2026-07-02T09:00:00+0200,86.52,EUR/MWh,DE,DE_LU,day_ahead_price,value,2026-07-18T09:44:31Z
2026-07-18T09:43:03Z,2026-07-18T11:43:03+0200,c4e0902c-5b85-4487-a0df-afe572964363,2026-07-02T07:15:00Z,2026-07-02T09:15:00+0200,68.74,EUR/MWh,DE,DE_LU,day_ahead_price,value,2026-07-18T09:44:31Z
2026-07-18T09:43:03Z,2026-07-18T11:43:03+0200,c4e0902c-5b85-4487-a0df-afe572964363,2026-07-02T07:30:00Z,2026-07-02T09:30:00+0200,25.05,EUR/MWh,DE,DE_LU,day_ahead_price,value,2026-07-18T09:44:31Z
2026-07-18T09:43:03Z,2026-07-18T11:43:03+0200,c4e0902c-5b85-4487-a0df-afe572964363,2026-07-02T07:45:00Z,2026-07-02T09:45:00+0200,0.06,EUR/MWh,DE,DE_LU,day_ahead_price,value,2026-07-18T09:44:31Z
2026-07-18T09:43:03Z,2026-07-18T11:43:03+0200,c4e0902c-5b85-4487-a0df-afe572964363,2026-07-02T08:00:00Z,2026-07-02T10:00:00+0200,17.58,EUR/MWh,DE,DE_LU,day_ahead_price,value,2026-07-18T09:44:31Z
2026-07-18T09:43:03Z,2026-07-18T11:43:03+0200,c4e0902c-5b85-4487-a0df-afe572964363,2026-07-02T08:15:00Z,2026-07-02T10:15:00+0200,4.5,EUR/MWh,DE,DE_LU,day_ahead_price,value,2026-07-18T09:44:31Z
2026-07-18T09:43:03Z,2026-07-18T11:43:03+0200,c4e0902c-5b85-4487-a0df-afe572964363,2026-07-02T08:30:00Z,2026-07-02T10:30:00+0200,0.06,EUR/MWh,DE,DE_LU,day_ahead_price,value,2026-07-18T09:44:31Z
2026-07-18T09:43:03Z,2026-07-18T11:43:03+0200,c4e0902c-5b85-4487-a0df-afe572964363,2026-07-02T08:45:00Z,2026-07-02T10:45:00+0200,0.0,EUR/MWh,DE,DE_LU,day_ahead_price,value,2026-07-18T09:44:31Z
2026-07-18T09:43:03Z,2026-07-18T11:43:03+0200,c4e0902c-5b85-4487-a0df-afe572964363,2026-07-02T09:00:00Z,2026-07-02T11:00:00+0200,0.0,EUR/MWh,DE,DE_LU,day_ahead_price,value,2026-07-18T09:44:31Z
2026-07-18T09:43:03Z,2026-07-18T11:43:03+0200,c4e0902c-5b85-4487-a0df-afe572964363,2026-07-02T09:15:00Z,2026-07-02T11:15:00+0200,-0.01,EUR/MWh,DE,DE_LU,day_ahead_price,value,2026-07-18T09:44:31Z
2026-07-18T09:43:03Z,2026-07-18T11:43:03+0200,c4e0902c-5b85-4487-a0df-afe572964363,2026-07-02T09:30:00Z,2026-07-02T11:30:00+0200,-0.09,EUR/MWh,DE,DE_LU,day_ahead_price,value,2026-07-18T09:44:31Z
2026-07-18T09:43:03Z,2026-07-18T11:43:03+0200,c4e0902c-5b85-4487-a0df-afe572964363,2026-07-02T09:45:00Z,2026-07-02T11:45:00+0200,-0.19,EUR/MWh,DE,DE_LU,day_ahead_price,value,2026-07-18T09:44:31Z
2026-07-18T09:43:03Z,2026-07-18T11:43:03+0200,c4e0902c-5b85-4487-a0df-afe572964363,2026-07-02T10:00:00Z,2026-07-02T12:00:00+0200,-1.37,EUR/MWh,DE,DE_LU,day_ahead_price,value,2026-07-18T09:44:31Z
2026-07-18T09:43:03Z,2026-07-18T11:43:03+0200,c4e0902c-5b85-4487-a0df-afe572964363,2026-07-02T10:15:00Z,2026-07-02T12:15:00+0200,-1.19,EUR/MWh,DE,DE_LU,day_ahead_price,value,2026-07-18T09:44:31Z
2026-07-18T09:43:03Z,2026-07-18T11:43:03+0200,c4e0902c-5b85-4487-a0df-afe572964363,2026-07-02T10:30:00Z,2026-07-02T12:30:00+0200,-2.01,EUR/MWh,DE,DE_LU,day_ahead_price,value,2026-07-18T09:44:31Z
2026-07-18T09:43:03Z,2026-07-18T11:43:03+0200,c4e0902c-5b85-4487-a0df-afe572964363,2026-07-02T10:45:00Z,2026-07-02T12:45:00+0200,-2.02,EUR/MWh,DE,DE_LU,day_ahead_price,value,2026-07-18T09:44:31Z
2026-07-18T09:43:03Z,2026-07-18T11:43:03+0200,c4e0902c-5b85-4487-a0df-afe572964363,2026-07-02T11:00:00Z,2026-07-02T13:00:00+0200,-1.99,EUR/MWh,DE,DE_LU,day_ahead_price,value,2026-07-18T09:44:31Z
2026-07-18T09:43:03Z,2026-07-18T11:43:03+0200,c4e0902c-5b85-4487-a0df-afe572964363,2026-07-02T11:15:00Z,2026-07-02T13:15:00+0200,-1.84,EUR/MWh,DE,DE_LU,day_ahead_price,value,2026-07-18T09:44:31Z
2026-07-18T09:43:03Z,2026-07-18T11:43:03+0200,c4e0902c-5b85-4487-a0df-afe572964363,2026-07-02T11:30:00Z,2026-07-02T13:30:00+0200,-2.01,EUR/MWh,DE,DE_LU,day_ahead_price,value,2026-07-18T09:44:31Z
2026-07-18T09:43:03Z,2026-07-18T11:43:03+0200,c4e0902c-5b85-4487-a0df-afe572964363,2026-07-02T11:45:00Z,2026-07-02T13:45:00+0200,-2.02,EUR/MWh,DE,DE_LU,day_ahead_price,value,2026-07-18T09:44:31Z
2026-07-18T09:43:03Z,2026-07-18T11:43:03+0200,c4e0902c-5b85-4487-a0df-afe572964363,2026-07-02T12:00:00Z,2026-07-02T14:00:00+0200,-2.32,EUR/MWh,DE,DE_LU,day_ahead_price,value,2026-07-18T09:44:31Z
2026-07-18T09:43:03Z,2026-07-18T11:43:03+0200,c4e0902c-5b85-4487-a0df-afe572964363,2026-07-02T12:15:00Z,2026-07-02T14:15:00+0200,-2.02,EUR/MWh,DE,DE_LU,day_ahead_price,value,2026-07-18T09:44:31Z
2026-07-18T09:43:03Z,2026-07-18T11:43:03+0200,c4e0902c-5b85-4487-a0df-afe572964363,2026-07-02T12:30:00Z,2026-07-02T14:30:00+0200,-3.38,EUR/MWh,DE,DE_LU,day_ahead_price,value,2026-07-18T09:44:31Z
2026-07-18T09:43:03Z,2026-07-18T11:43:03+0200,c4e0902c-5b85-4487-a0df-afe572964363,2026-07-02T12:45:00Z,2026-07-02T14:45:00+0200,-4.29,EUR/MWh,DE,DE_LU,day_ahead_price,value,2026-07-18T09:44:31Z
2026-07-18T09:43:03Z,2026-07-18T11:43:03+0200,c4e0902c-5b85-4487-a0df-afe572964363,2026-07-02T13:00:00Z,2026-07-02T15:00:00+0200,-2.02,EUR/MWh,DE,DE_LU,day_ahead_price,value,2026-07-18T09:44:31Z
2026-07-18T09:43:03Z,2026-07-18T11:43:03+0200,c4e0902c-5b85-4487-a0df-afe572964363,2026-07-02T13:15:00Z,2026-07-02T15:15:00+0200,-2.07,EUR/MWh,DE,DE_LU,day_ahead_price,value,2026-07-18T09:44:31Z
2026-07-18T09:43:03Z,2026-07-18T11:43:03+0200,c4e0902c-5b85-4487-a0df-afe572964363,2026-07-02T13:30:00Z,2026-07-02T15:30:00+0200,-1.99,EUR/MWh,DE,DE_LU,day_ahead_price,value,2026-07-18T09:44:31Z
2026-07-18T09:43:03Z,2026-07-18T11:43:03+0200,c4e0902c-5b85-4487-a0df-afe572964363,2026-07-02T13:45:00Z,2026-07-02T15:45:00+0200,-1.91,EUR/MWh,DE,DE_LU,day_ahead_price,value,2026-07-18T09:44:31Z
2026-07-18T09:43:03Z,2026-07-18T11:43:03+0200,c4e0902c-5b85-4487-a0df-afe572964363,2026-07-02T14:00:00Z,2026-07-02T16:00:00+0200,-1.01,EUR/MWh,DE,DE_LU,day_ahead_price,value,2026-07-18T09:44:31Z
2026-07-18T09:43:03Z,2026-07-18T11:43:03+0200,c4e0902c-5b85-4487-a0df-afe572964363,2026-07-02T14:15:00Z,2026-07-02T16:15:00+0200,-0.93,EUR/MWh,DE,DE_LU,day_ahead_price,value,2026-07-18T09:44:31Z
2026-07-18T09:43:03Z,2026-07-18T11:43:03+0200,c4e0902c-5b85-4487-a0df-afe572964363,2026-07-02T14:30:00Z,2026-07-02T16:30:00+0200,-0.08,EUR/MWh,DE,DE_LU,day_ahead_price,value,2026-07-18T09:44:31Z
2026-07-18T09:43:03Z,2026-07-18T11:43:03+0200,c4e0902c-5b85-4487-a0df-afe572964363,2026-07-02T14:45:00Z,2026-07-02T16:45:00+0200,0.0,EUR/MWh,DE,DE_LU,day_ahead_price,value,2026-07-18T09:44:31Z
2026-07-18T09:43:03Z,2026-07-18T11:43:03+0200,c4e0902c-5b85-4487-a0df-afe572964363,2026-07-02T15:00:00Z,2026-07-02T17:00:00+0200,0.0,EUR/MWh,DE,DE_LU,day_ahead_price,value,2026-07-18T09:44:31Z
2026-07-18T09:43:03Z,2026-07-18T11:43:03+0200,c4e0902c-5b85-4487-a0df-afe572964363,2026-07-02T15:15:00Z,2026-07-02T17:15:00+0200,0.05,EUR/MWh,DE,DE_LU,day_ahead_price,value,2026-07-18T09:44:31Z
2026-07-18T09:43:03Z,2026-07-18T11:43:03+0200,c4e0902c-5b85-4487-a0df-afe572964363,2026-07-02T15:30:00Z,2026-07-02T17:30:00+0200,1.53,EUR/MWh,DE,DE_LU,day_ahead_price,value,2026-07-18T09:44:31Z
2026-07-18T09:43:03Z,2026-07-18T11:43:03+0200,c4e0902c-5b85-4487-a0df-afe572964363,2026-07-02T15:45:00Z,2026-07-02T17:45:00+0200,10.0,EUR/MWh,DE,DE_LU,day_ahead_price,value,2026-07-18T09:44:31Z
2026-07-18T09:43:03Z,2026-07-18T11:43:03+0200,c4e0902c-5b85-4487-a0df-afe572964363,2026-07-02T16:00:00Z,2026-07-02T18:00:00+0200,14.01,EUR/MWh,DE,DE_LU,day_ahead_price,value,2026-07-18T09:44:31Z
2026-07-18T09:43:03Z,2026-07-18T11:43:03+0200,c4e0902c-5b85-4487-a0df-afe572964363,2026-07-02T16:15:00Z,2026-07-02T18:15:00+0200,24.25,EUR/MWh,DE,DE_LU,day_ahead_price,value,2026-07-18T09:44:31Z
2026-07-18T09:43:03Z,2026-07-18T11:43:03+0200,c4e0902c-5b85-4487-a0df-afe572964363,2026-07-02T16:30:00Z,2026-07-02T18:30:00+0200,64.17,EUR/MWh,DE,DE_LU,day_ahead_price,value,2026-07-18T09:44:31Z
2026-07-18T09:43:03Z,2026-07-18T11:43:03+0200,c4e0902c-5b85-4487-a0df-afe572964363,2026-07-02T16:45:00Z,2026-07-02T18:45:00+0200,84.92,EUR/MWh,DE,DE_LU,day_ahead_price,value,2026-07-18T09:44:31Z
2026-07-18T09:43:03Z,2026-07-18T11:43:03+0200,c4e0902c-5b85-4487-a0df-afe572964363,2026-07-02T17:00:00Z,2026-07-02T19:00:00+0200,66.22,EUR/MWh,DE,DE_LU,day_ahead_price,value,2026-07-18T09:44:31Z
2026-07-18T09:43:03Z,2026-07-18T11:43:03+0200,c4e0902c-5b85-4487-a0df-afe572964363,2026-07-02T17:15:00Z,2026-07-02T19:15:00+0200,87.45,EUR/MWh,DE,DE_LU,day_ahead_price,value,2026-07-18T09:44:31Z
2026-07-18T09:43:03Z,2026-07-18T11:43:03+0200,c4e0902c-5b85-4487-a0df-afe572964363,2026-07-02T17:30:00Z,2026-07-02T19:30:00+0200,95.08,EUR/MWh,DE,DE_LU,day_ahead_price,value,2026-07-18T09:44:31Z
2026-07-18T09:43:03Z,2026-07-18T11:43:03+0200,c4e0902c-5b85-4487-a0df-afe572964363,2026-07-02T17:45:00Z,2026-07-02T19:45:00+0200,113.09,EUR/MWh,DE,DE_LU,day_ahead_price,value,2026-07-18T09:44:31Z
2026-07-18T09:43:03Z,2026-07-18T11:43:03+0200,c4e0902c-5b85-4487-a0df-afe572964363,2026-07-02T18:00:00Z,2026-07-02T20:00:00+0200,88.99,EUR/MWh,DE,DE_LU,day_ahead_price,value,2026-07-18T09:44:31Z
2026-07-18T09:43:03Z,2026-07-18T11:43:03+0200,c4e0902c-5b85-4487-a0df-afe572964363,2026-07-02T18:15:00Z,2026-07-02T20:15:00+0200,100.27,EUR/MWh,DE,DE_LU,day_ahead_price,value,2026-07-18T09:44:31Z
2026-07-18T09:43:03Z,2026-07-18T11:43:03+0200,c4e0902c-5b85-4487-a0df-afe572964363,2026-07-02T18:30:00Z,2026-07-02T20:30:00+0200,114.18,EUR/MWh,DE,DE_LU,day_ahead_price,value,2026-07-18T09:44:31Z
2026-07-18T09:43:03Z,2026-07-18T11:43:03+0200,c4e0902c-5b85-4487-a0df-afe572964363,2026-07-02T18:45:00Z,2026-07-02T20:45:00+0200,125.57,EUR/MWh,DE,DE_LU,day_ahead_price,value,2026-07-18T09:44:31Z
2026-07-18T09:43:03Z,2026-07-18T11:43:03+0200,c4e0902c-5b85-4487-a0df-afe572964363,2026-07-02T19:00:00Z,2026-07-02T21:00:00+0200,106.43,EUR/MWh,DE,DE_LU,day_ahead_price,value,2026-07-18T09:44:31Z
2026-07-18T09:43:03Z,2026-07-18T11:43:03+0200,c4e0902c-5b85-4487-a0df-afe572964363,2026-07-02T19:15:00Z,2026-07-02T21:15:00+0200,112.1,EUR/MWh,DE,DE_LU,day_ahead_price,value,2026-07-18T09:44:31Z
2026-07-18T09:43:03Z,2026-07-18T11:43:03+0200,c4e0902c-5b85-4487-a0df-afe572964363,2026-07-02T19:30:00Z,2026-07-02T21:30:00+0200,124.56,EUR/MWh,DE,DE_LU,day_ahead_price,value,2026-07-18T09:44:31Z
2026-07-18T09:43:03Z,2026-07-18T11:43:03+0200,c4e0902c-5b85-4487-a0df-afe572964363,2026-07-02T19:45:00Z,2026-07-02T21:45:00+0200,128.6,EUR/MWh,DE,DE_LU,day_ahead_price,value,2026-07-18T09:44:31Z
2026-07-18T09:43:03Z,2026-07-18T11:43:03+0200,c4e0902c-5b85-4487-a0df-afe572964363,2026-07-02T20:00:00Z,2026-07-02T22:00:00+0200,131.49,EUR/MWh,DE,DE_LU,day_ahead_price,value,2026-07-18T09:44:31Z
2026-07-18T09:43:03Z,2026-07-18T11:43:03+0200,c4e0902c-5b85-4487-a0df-afe572964363,2026-07-02T20:15:00Z,2026-07-02T22:15:00+0200,127.99,EUR/MWh,DE,DE_LU,day_ahead_price,value,2026-07-18T09:44:31Z
2026-07-18T09:43:03Z,2026-07-18T11:43:03+0200,c4e0902c-5b85-4487-a0df-afe572964363,2026-07-02T20:30:00Z,2026-07-02T22:30:00+0200,132.45,EUR/MWh,DE,DE_LU,day_ahead_price,value,2026-07-18T09:44:31Z
2026-07-18T09:43:03Z,2026-07-18T11:43:03+0200,c4e0902c-5b85-4487-a0df-afe572964363,2026-07-02T20:45:00Z,2026-07-02T22:45:00+0200,115.67,EUR/MWh,DE,DE_LU,day_ahead_price,value,2026-07-18T09:44:31Z
2026-07-18T09:43:03Z,2026-07-18T11:43:03+0200,c4e0902c-5b85-4487-a0df-afe572964363,2026-07-02T21:00:00Z,2026-07-02T23:00:00+0200,126.69,EUR/MWh,DE,DE_LU,day_ahead_price,value,2026-07-18T09:44:31Z
2026-07-18T09:43:03Z,2026-07-18T11:43:03+0200,c4e0902c-5b85-4487-a0df-afe572964363,2026-07-02T21:15:00Z,2026-07-02T23:15:00+0200,113.32,EUR/MWh,DE,DE_LU,day_ahead_price,value,2026-07-18T09:44:31Z
2026-07-18T09:43:03Z,2026-07-18T11:43:03+0200,c4e0902c-5b85-4487-a0df-afe572964363,2026-07-02T21:30:00Z,2026-07-02T23:30:00+0200,119.34,EUR/MWh,DE,DE_LU,day_ahead_price,value,2026-07-18T09:44:31Z
2026-07-18T09:43:03Z,2026-07-18T11:43:03+0200,c4e0902c-5b85-4487-a0df-afe572964363,2026-07-02T21:45:00Z,2026-07-02T23:45:00+0200,111.08,EUR/MWh,DE,DE_LU,day_ahead_price,value,2026-07-18T09:44:31Z
2026-07-18T09:43:03Z,2026-07-18T11:43:03+0200,c4e0902c-5b85-4487-a0df-afe572964363,2026-07-02T22:00:00Z,2026-07-03T00:00:00+0200,95.01,EUR/MWh,DE,DE_LU,day_ahead_price,value,2026-07-18T09:44:31Z
2026-07-18T09:43:03Z,2026-07-18T11:43:03+0200,c4e0902c-5b85-4487-a0df-afe572964363,2026-07-02T22:15:00Z,2026-07-03T00:15:00+0200,90.85,EUR/MWh,DE,DE_LU,day_ahead_price,value,2026-07-18T09:44:31Z
2026-07-18T09:43:03Z,2026-07-18T11:43:03+0200,c4e0902c-5b85-4487-a0df-afe572964363,2026-07-02T22:30:00Z,2026-07-03T00:30:00+0200,89.99,EUR/MWh,DE,DE_LU,day_ahead_price,value,2026-07-18T09:44:31Z
2026-07-18T09:43:03Z,2026-07-18T11:43:03+0200,c4e0902c-5b85-4487-a0df-afe572964363,2026-07-02T22:45:00Z,2026-07-03T00:45:00+0200,89.2,EUR/MWh,DE,DE_LU,day_ahead_price,value,2026-07-18T09:44:31Z
2026-07-18T09:43:03Z,2026-07-18T11:43:03+0200,c4e0902c-5b85-4487-a0df-afe572964363,2026-07-02T23:00:00Z,2026-07-03T01:00:00+0200,87.85,EUR/MWh,DE,DE_LU,day_ahead_price,value,2026-07-18T09:44:31Z
2026-07-18T09:43:03Z,2026-07-18T11:43:03+0200,c4e0902c-5b85-4487-a0df-afe572964363,2026-07-02T23:15:00Z,2026-07-03T01:15:00+0200,86.76,EUR/MWh,DE,DE_LU,day_ahead_price,value,2026-07-18T09:44:31Z
2026-07-18T09:43:03Z,2026-07-18T11:43:03+0200,c4e0902c-5b85-4487-a0df-afe572964363,2026-07-02T23:30:00Z,2026-07-03T01:30:00+0200,88.08,EUR/MWh,DE,DE_LU,day_ahead_price,value,2026-07-18T09:44:31Z
2026-07-18T09:43:03Z,2026-07-18T11:43:03+0200,c4e0902c-5b85-4487-a0df-afe572964363,2026-07-02T23:45:00Z,2026-07-03T01:45:00+0200,85.29,EUR/MWh,DE,DE_LU,day_ahead_price,value,2026-07-18T09:44:31Z
2026-07-18T09:43:03Z,2026-07-18T11:43:03+0200,c4e0902c-5b85-4487-a0df-afe572964363,2026-07-03T00:00:00Z,2026-07-03T02:00:00+0200,84.83,EUR/MWh,DE,DE_LU,day_ahead_price,value,2026-07-18T09:44:31Z
2026-07-18T09:43:03Z,2026-07-18T11:43:03+0200,c4e0902c-5b85-4487-a0df-afe572964363,2026-07-03T00:15:00Z,2026-07-03T02:15:00+0200,82.04,EUR/MWh,DE,DE_LU,day_ahead_price,value,2026-07-18T09:44:31Z
2026-07-18T09:43:03Z,2026-07-18T11:43:03+0200,c4e0902c-5b85-4487-a0df-afe572964363,2026-07-03T00:30:00Z,2026-07-03T02:30:00+0200,82.86,EUR/MWh,DE,DE_LU,day_ahead_price,value,2026-07-18T09:44:31Z
2026-07-18T09:43:03Z,2026-07-18T11:43:03+0200,c4e0902c-5b85-4487-a0df-afe572964363,2026-07-03T00:45:00Z,2026-07-03T02:45:00+0200,81.0,EUR/MWh,DE,DE_LU,day_ahead_price,value,2026-07-18T09:44:31Z
2026-07-18T09:43:03Z,2026-07-18T11:43:03+0200,c4e0902c-5b85-4487-a0df-afe572964363,2026-07-03T01:00:00Z,2026-07-03T03:00:00+0200,88.18,EUR/MWh,DE,DE_LU,day_ahead_price,value,2026-07-18T09:44:31Z
2026-07-18T09:43:03Z,2026-07-18T11:43:03+0200,c4e0902c-5b85-4487-a0df-afe572964363,2026-07-03T01:15:00Z,2026-07-03T03:15:00+0200,86.35,EUR/MWh,DE,DE_LU,day_ahead_price,value,2026-07-18T09:44:31Z
2026-07-18T09:43:03Z,2026-07-18T11:43:03+0200,c4e0902c-5b85-4487-a0df-afe572964363,2026-07-03T01:30:00Z,2026-07-03T03:30:00+0200,86.35,EUR/MWh,DE,DE_LU,day_ahead_price,value,2026-07-18T09:44:31Z
2026-07-18T09:43:03Z,2026-07-18T11:43:03+0200,c4e0902c-5b85-4487-a0df-afe572964363,2026-07-03T01:45:00Z,2026-07-03T03:45:00+0200,82.76,EUR/MWh,DE,DE_LU,day_ahead_price,value,2026-07-18T09:44:31Z
2026-07-18T09:43:03Z,2026-07-18T11:43:03+0200,c4e0902c-5b85-4487-a0df-afe572964363,2026-07-03T02:00:00Z,2026-07-03T04:00:00+0200,86.67,EUR/MWh,DE,DE_LU,day_ahead_price,value,2026-07-18T09:44:31Z
2026-07-18T09:43:03Z,2026-07-18T11:43:03+0200,c4e0902c-5b85-4487-a0df-afe572964363,2026-07-03T02:15:00Z,2026-07-03T04:15:00+0200,84.64,EUR/MWh,DE,DE_LU,day_ahead_price,value,2026-07-18T09:44:31Z
2026-07-18T09:43:03Z,2026-07-18T11:43:03+0200,c4e0902c-5b85-4487-a0df-afe572964363,2026-07-03T02:30:00Z,2026-07-03T04:30:00+0200,81.46,EUR/MWh,DE,DE_LU,day_ahead_price,value,2026-07-18T09:44:31Z
2026-07-18T09:43:03Z,2026-07-18T11:43:03+0200,c4e0902c-5b85-4487-a0df-afe572964363,2026-07-03T02:45:00Z,2026-07-03T04:45:00+0200,85.06,EUR/MWh,DE,DE_LU,day_ahead_price,value,2026-07-18T09:44:31Z
2026-07-18T09:43:03Z,2026-07-18T11:43:03+0200,c4e0902c-5b85-4487-a0df-afe572964363,2026-07-03T03:00:00Z,2026-07-03T05:00:00+0200,84.25,EUR/MWh,DE,DE_LU,day_ahead_price,value,2026-07-18T09:44:31Z
2026-07-18T09:43:03Z,2026-07-18T11:43:03+0200,c4e0902c-5b85-4487-a0df-afe572964363,2026-07-03T03:15:00Z,2026-07-03T05:15:00+0200,83.23,EUR/MWh,DE,DE_LU,day_ahead_price,value,2026-07-18T09:44:31Z
2026-07-18T09:43:03Z,2026-07-18T11:43:03+0200,c4e0902c-5b85-4487-a0df-afe572964363,2026-07-03T03:30:00Z,2026-07-03T05:30:00+0200,87.0,EUR/MWh,DE,DE_LU,day_ahead_price,value,2026-07-18T09:44:31Z
2026-07-18T09:43:03Z,2026-07-18T11:43:03+0200,c4e0902c-5b85-4487-a0df-afe572964363,2026-07-03T03:45:00Z,2026-07-03T05:45:00+0200,92.8,EUR/MWh,DE,DE_LU,day_ahead_price,value,2026-07-18T09:44:31Z
2026-07-18T09:43:03Z,2026-07-18T11:43:03+0200,c4e0902c-5b85-4487-a0df-afe572964363,2026-07-03T04:00:00Z,2026-07-03T06:00:00+0200,94.64,EUR/MWh,DE,DE_LU,day_ahead_price,value,2026-07-18T09:44:31Z
2026-07-18T09:43:03Z,2026-07-18T11:43:03+0200,c4e0902c-5b85-4487-a0df-afe572964363,2026-07-03T04:15:00Z,2026-07-03T06:15:00+0200,101.99,EUR/MWh,DE,DE_LU,day_ahead_price,value,2026-07-18T09:44:31Z
2026-07-18T09:43:03Z,2026-07-18T11:43:03+0200,c4e0902c-5b85-4487-a0df-afe572964363,2026-07-03T04:30:00Z,2026-07-03T06:30:00+0200,103.18,EUR/MWh,DE,DE_LU,day_ahead_price,value,2026-07-18T09:44:31Z
2026-07-18T09:43:03Z,2026-07-18T11:43:03+0200,c4e0902c-5b85-4487-a0df-afe572964363,2026-07-03T04:45:00Z,2026-07-03T06:45:00+0200,98.16,EUR/MWh,DE,DE_LU,day_ahead_price,value,2026-07-18T09:44:31Z
2026-07-18T09:43:03Z,2026-07-18T11:43:03+0200,c4e0902c-5b85-4487-a0df-afe572964363,2026-07-03T05:00:00Z,2026-07-03T07:00:00+0200,125.97,EUR/MWh,DE,DE_LU,day_ahead_price,value,2026-07-18T09:44:31Z
2026-07-18T09:43:03Z,2026-07-18T11:43:03+0200,c4e0902c-5b85-4487-a0df-afe572964363,2026-07-03T05:15:00Z,2026-07-03T07:15:00+0200,110.63,EUR/MWh,DE,DE_LU,day_ahead_price,value,2026-07-18T09:44:31Z
2026-07-18T09:43:03Z,2026-07-18T11:43:03+0200,c4e0902c-5b85-4487-a0df-afe572964363,2026-07-03T05:30:00Z,2026-07-03T07:30:00+0200,101.81,EUR/MWh,DE,DE_LU,day_ahead_price,value,2026-07-18T09:44:31Z
2026-07-18T09:43:03Z,2026-07-18T11:43:03+0200,c4e0902c-5b85-4487-a0df-afe572964363,2026-07-03T05:45:00Z,2026-07-03T07:45:00+0200,79.46,EUR/MWh,DE,DE_LU,day_ahead_price,value,2026-07-18T09:44:31Z
2026-07-18T09:43:03Z,2026-07-18T11:43:03+0200,c4e0902c-5b85-4487-a0df-afe572964363,2026-07-03T06:00:00Z,2026-07-03T08:00:00+0200,97.69,EUR/MWh,DE,DE_LU,day_ahead_price,value,2026-07-18T09:44:31Z
2026-07-18T09:43:03Z,2026-07-18T11:43:03+0200,c4e0902c-5b85-4487-a0df-afe572964363,2026-07-03T06:15:00Z,2026-07-03T08:15:00+0200,82.14,EUR/MWh,DE,DE_LU,day_ahead_price,value,2026-07-18T09:44:31Z
2026-07-18T09:43:03Z,2026-07-18T11:43:03+0200,c4e0902c-5b85-4487-a0df-afe572964363,2026-07-03T06:30:00Z,2026-07-03T08:30:00+0200,56.0,EUR/MWh,DE,DE_LU,day_ahead_price,value,2026-07-18T09:44:31Z
2026-07-18T09:43:03Z,2026-07-18T11:43:03+0200,c4e0902c-5b85-4487-a0df-afe572964363,2026-07-03T06:45:00Z,2026-07-03T08:45:00+0200,16.28,EUR/MWh,DE,DE_LU,day_ahead_price,value,2026-07-18T09:44:31Z
2026-07-18T09:43:03Z,2026-07-18T11:43:03+0200,c4e0902c-5b85-4487-a0df-afe572964363,2026-07-03T07:00:00Z,2026-07-03T09:00:00+0200,33.75,EUR/MWh,DE,DE_LU,day_ahead_price,value,2026-07-18T09:44:31Z
2026-07-18T09:43:03Z,2026-07-18T11:43:03+0200,c4e0902c-5b85-4487-a0df-afe572964363,2026-07-03T07:15:00Z,2026-07-03T09:15:00+0200,4.5,EUR/MWh,DE,DE_LU,day_ahead_price,value,2026-07-18T09:44:31Z
2026-07-18T09:43:03Z,2026-07-18T11:43:03+0200,c4e0902c-5b85-4487-a0df-afe572964363,2026-07-03T07:30:00Z,2026-07-03T09:30:00+0200,0.01,EUR/MWh,DE,DE_LU,day_ahead_price,value,2026-07-18T09:44:31Z
2026-07-18T09:43:03Z,2026-07-18T11:43:03+0200,c4e0902c-5b85-4487-a0df-afe572964363,2026-07-03T07:45:00Z,2026-07-03T09:45:00+0200,0.0,EUR/MWh,DE,DE_LU,day_ahead_price,value,2026-07-18T09:44:31Z
2026-07-18T09:43:03Z,2026-07-18T11:43:03+0200,c4e0902c-5b85-4487-a0df-afe572964363,2026-07-03T08:00:00Z,2026-07-03T10:00:00+0200,0.01,EUR/MWh,DE,DE_LU,day_ahead_price,value,2026-07-18T09:44:31Z
2026-07-18T09:43:03Z,2026-07-18T11:43:03+0200,c4e0902c-5b85-4487-a0df-afe572964363,2026-07-03T08:15:00Z,2026-07-03T10:15:00+0200,0.0,EUR/MWh,DE,DE_LU,day_ahead_price,value,2026-07-18T09:44:31Z
2026-07-18T09:43:03Z,2026-07-18T11:43:03+0200,c4e0902c-5b85-4487-a0df-afe572964363,2026-07-03T08:30:00Z,2026-07-03T10:30:00+0200,-0.02,EUR/MWh,DE,DE_LU,day_ahead_price,value,2026-07-18T09:44:31Z
2026-07-18T09:43:03Z,2026-07-18T11:43:03+0200,c4e0902c-5b85-4487-a0df-afe572964363,2026-07-03T08:45:00Z,2026-07-03T10:45:00+0200,-0.39,EUR/MWh,DE,DE_LU,day_ahead_price,value,2026-07-18T09:44:31Z
2026-07-18T09:43:03Z,2026-07-18T11:43:03+0200,c4e0902c-5b85-4487-a0df-afe572964363,2026-07-03T09:00:00Z,2026-07-03T11:00:00+0200,-0.7,EUR/MWh,DE,DE_LU,day_ahead_price,value,2026-07-18T09:44:31Z
2026-07-18T09:43:03Z,2026-07-18T11:43:03+0200,c4e0902c-5b85-4487-a0df-afe572964363,2026-07-03T09:15:00Z,2026-07-03T11:15:00+0200,-1.0,EUR/MWh,DE,DE_LU,day_ahead_price,value,2026-07-18T09:44:31Z
2026-07-18T09:43:03Z,2026-07-18T11:43:03+0200,c4e0902c-5b85-4487-a0df-afe572964363,2026-07-03T09:30:00Z,2026-07-03T11:30:00+0200,-1.03,EUR/MWh,DE,DE_LU,day_ahead_price,value,2026-07-18T09:44:31Z
2026-07-18T09:43:03Z,2026-07-18T11:43:03+0200,c4e0902c-5b85-4487-a0df-afe572964363,2026-07-03T09:45:00Z,2026-07-03T11:45:00+0200,-1.49,EUR/MWh,DE,DE_LU,day_ahead_price,value,2026-07-18T09:44:31Z
2026-07-18T09:43:03Z,2026-07-18T11:43:03+0200,c4e0902c-5b85-4487-a0df-afe572964363,2026-07-03T10:00:00Z,2026-07-03T12:00:00+0200,-1.68,EUR/MWh,DE,DE_LU,day_ahead_price,value,2026-07-18T09:44:31Z
2026-07-18T09:43:03Z,2026-07-18T11:43:03+0200,c4e0902c-5b85-4487-a0df-afe572964363,2026-07-03T10:15:00Z,2026-07-03T12:15:00+0200,-1.92,EUR/MWh,DE,DE_LU,day_ahead_price,value,2026-07-18T09:44:31Z
2026-07-18T09:43:03Z,2026-07-18T11:43:03+0200,c4e0902c-5b85-4487-a0df-afe572964363,2026-07-03T10:30:00Z,2026-07-03T12:30:00+0200,-1.88,EUR/MWh,DE,DE_LU,day_ahead_price,value,2026-07-18T09:44:31Z
2026-07-18T09:43:03Z,2026-07-18T11:43:03+0200,c4e0902c-5b85-4487-a0df-afe572964363,2026-07-03T10:45:00Z,2026-07-03T12:45:00+0200,-2.06,EUR/MWh,DE,DE_LU,day_ahead_price,value,2026-07-18T09:44:31Z
2026-07-18T09:43:03Z,2026-07-18T11:43:03+0200,c4e0902c-5b85-4487-a0df-afe572964363,2026-07-03T11:00:00Z,2026-07-03T13:00:00+0200,-2.61,EUR/MWh,DE,DE_LU,day_ahead_price,value,2026-07-18T09:44:31Z
2026-07-18T09:43:03Z,2026-07-18T11:43:03+0200,c4e0902c-5b85-4487-a0df-afe572964363,2026-07-03T11:15:00Z,2026-07-03T13:15:00+0200,-3.0,EUR/MWh,DE,DE_LU,day_ahead_price,value,2026-07-18T09:44:31Z
2026-07-18T09:43:03Z,2026-07-18T11:43:03+0200,c4e0902c-5b85-4487-a0df-afe572964363,2026-07-03T11:30:00Z,2026-07-03T13:30:00+0200,-3.63,EUR/MWh,DE,DE_LU,day_ahead_price,value,2026-07-18T09:44:31Z
2026-07-18T09:43:03Z,2026-07-18T11:43:03+0200,c4e0902c-5b85-4487-a0df-afe572964363,2026-07-03T11:45:00Z,2026-07-03T13:45:00+0200,-4.77,EUR/MWh,DE,DE_LU,day_ahead_price,value,2026-07-18T09:44:31Z
2026-07-18T09:43:03Z,2026-07-18T11:43:03+0200,c4e0902c-5b85-4487-a0df-afe572964363,2026-07-03T12:00:00Z,2026-07-03T14:00:00+0200,-4.51,EUR/MWh,DE,DE_LU,day_ahead_price,value,2026-07-18T09:44:31Z
2026-07-18T09:43:03Z,2026-07-18T11:43:03+0200,c4e0902c-5b85-4487-a0df-afe572964363,2026-07-03T12:15:00Z,2026-07-03T14:15:00+0200,-4.81,EUR/MWh,DE,DE_LU,day_ahead_price,value,2026-07-18T09:44:31Z
2026-07-18T09:43:03Z,2026-07-18T11:43:03+0200,c4e0902c-5b85-4487-a0df-afe572964363,2026-07-03T12:30:00Z,2026-07-03T14:30:00+0200,-4.68,EUR/MWh,DE,DE_LU,day_ahead_price,value,2026-07-18T09:44:31Z
2026-07-18T09:43:03Z,2026-07-18T11:43:03+0200,c4e0902c-5b85-4487-a0df-afe572964363,2026-07-03T12:45:00Z,2026-07-03T14:45:00+0200,-5.95,EUR/MWh,DE,DE_LU,day_ahead_price,value,2026-07-18T09:44:31Z
2026-07-18T09:43:03Z,2026-07-18T11:43:03+0200,c4e0902c-5b85-4487-a0df-afe572964363,2026-07-03T13:00:00Z,2026-07-03T15:00:00+0200,-5.22,EUR/MWh,DE,DE_LU,day_ahead_price,value,2026-07-18T09:44:31Z
2026-07-18T09:43:03Z,2026-07-18T11:43:03+0200,c4e0902c-5b85-4487-a0df-afe572964363,2026-07-03T13:15:00Z,2026-07-03T15:15:00+0200,-5.32,EUR/MWh,DE,DE_LU,day_ahead_price,value,2026-07-18T09:44:31Z
2026-07-18T09:43:03Z,2026-07-18T11:43:03+0200,c4e0902c-5b85-4487-a0df-afe572964363,2026-07-03T13:30:00Z,2026-07-03T15:30:00+0200,-2.02,EUR/MWh,DE,DE_LU,day_ahead_price,value,2026-07-18T09:44:31Z
2026-07-18T09:43:03Z,2026-07-18T11:43:03+0200,c4e0902c-5b85-4487-a0df-afe572964363,2026-07-03T13:45:00Z,2026-07-03T15:45:00+0200,-3.66,EUR/MWh,DE,DE_LU,day_ahead_price,value,2026-07-18T09:44:31Z
2026-07-18T09:43:03Z,2026-07-18T11:43:03+0200,c4e0902c-5b85-4487-a0df-afe572964363,2026-07-03T14:00:00Z,2026-07-03T16:00:00+0200,-1.2,EUR/MWh,DE,DE_LU,day_ahead_price,value,2026-07-18T09:44:31Z
2026-07-18T09:43:03Z,2026-07-18T11:43:03+0200,c4e0902c-5b85-4487-a0df-afe572964363,2026-07-03T14:15:00Z,2026-07-03T16:15:00+0200,-2.25,EUR/MWh,DE,DE_LU,day_ahead_price,value,2026-07-18T09:44:31Z
2026-07-18T09:43:03Z,2026-07-18T11:43:03+0200,c4e0902c-5b85-4487-a0df-afe572964363,2026-07-03T14:30:00Z,2026-07-03T16:30:00+0200,-4.96,EUR/MWh,DE,DE_LU,day_ahead_price,value,2026-07-18T09:44:31Z
2026-07-18T09:43:03Z,2026-07-18T11:43:03+0200,c4e0902c-5b85-4487-a0df-afe572964363,2026-07-03T14:45:00Z,2026-07-03T16:45:00+0200,-2.01,EUR/MWh,DE,DE_LU,day_ahead_price,value,2026-07-18T09:44:31Z
2026-07-18T09:43:03Z,2026-07-18T11:43:03+0200,c4e0902c-5b85-4487-a0df-afe572964363,2026-07-03T15:00:00Z,2026-07-03T17:00:00+0200,-1.16,EUR/MWh,DE,DE_LU,day_ahead_price,value,2026-07-18T09:44:31Z
2026-07-18T09:43:03Z,2026-07-18T11:43:03+0200,c4e0902c-5b85-4487-a0df-afe572964363,2026-07-03T15:15:00Z,2026-07-03T17:15:00+0200,-0.08,EUR/MWh,DE,DE_LU,day_ahead_price,value,2026-07-18T09:44:31Z
2026-07-18T09:43:03Z,2026-07-18T11:43:03+0200,c4e0902c-5b85-4487-a0df-afe572964363,2026-07-03T15:30:00Z,2026-07-03T17:30:00+0200,0.0,EUR/MWh,DE,DE_LU,day_ahead_price,value,2026-07-18T09:44:31Z
2026-07-18T09:43:03Z,2026-07-18T11:43:03+0200,c4e0902c-5b85-4487-a0df-afe572964363,2026-07-03T15:45:00Z,2026-07-03T17:45:00+0200,1.05,EUR/MWh,DE,DE_LU,day_ahead_price,value,2026-07-18T09:44:31Z
2026-07-18T09:43:03Z,2026-07-18T11:43:03+0200,c4e0902c-5b85-4487-a0df-afe572964363,2026-07-03T16:00:00Z,2026-07-03T18:00:00+0200,1.0,EUR/MWh,DE,DE_LU,day_ahead_price,value,2026-07-18T09:44:31Z
2026-07-18T09:43:03Z,2026-07-18T11:43:03+0200,c4e0902c-5b85-4487-a0df-afe572964363,2026-07-03T16:15:00Z,2026-07-03T18:15:00+0200,12.68,EUR/MWh,DE,DE_LU,day_ahead_price,value,2026-07-18T09:44:31Z
2026-07-18T09:43:03Z,2026-07-18T11:43:03+0200,c4e0902c-5b85-4487-a0df-afe572964363,2026-07-03T16:30:00Z,2026-07-03T18:30:00+0200,51.86,EUR/MWh,DE,DE_LU,day_ahead_price,value,2026-07-18T09:44:31Z
2026-07-18T09:43:03Z,2026-07-18T11:43:03+0200,c4e0902c-5b85-4487-a0df-afe572964363,2026-07-03T16:45:00Z,2026-07-03T18:45:00+0200,76.0,EUR/MWh,DE,DE_LU,day_ahead_price,value,2026-07-18T09:44:31Z
2026-07-18T09:43:03Z,2026-07-18T11:43:03+0200,c4e0902c-5b85-4487-a0df-afe572964363,2026-07-03T17:00:00Z,2026-07-03T19:00:00+0200,71.05,EUR/MWh,DE,DE_LU,day_ahead_price,value,2026-07-18T09:44:31Z
2026-07-18T09:43:03Z,2026-07-18T11:43:03+0200,c4e0902c-5b85-4487-a0df-afe572964363,2026-07-03T17:15:00Z,2026-07-03T19:15:00+0200,97.03,EUR/MWh,DE,DE_LU,day_ahead_price,value,2026-07-18T09:44:31Z
2026-07-18T09:43:03Z,2026-07-18T11:43:03+0200,c4e0902c-5b85-4487-a0df-afe572964363,2026-07-03T17:30:00Z,2026-07-03T19:30:00+0200,117.37,EUR/MWh,DE,DE_LU,day_ahead_price,value,2026-07-18T09:44:31Z
2026-07-18T09:43:03Z,2026-07-18T11:43:03+0200,c4e0902c-5b85-4487-a0df-afe572964363,2026-07-03T17:45:00Z,2026-07-03T19:45:00+0200,125.13,EUR/MWh,DE,DE_LU,day_ahead_price,value,2026-07-18T09:44:31Z
2026-07-18T09:43:03Z,2026-07-18T11:43:03+0200,c4e0902c-5b85-4487-a0df-afe572964363,2026-07-03T18:00:00Z,2026-07-03T20:00:00+0200,110.48,EUR/MWh,DE,DE_LU,day_ahead_price,value,2026-07-18T09:44:31Z
2026-07-18T09:43:03Z,2026-07-18T11:43:03+0200,c4e0902c-5b85-4487-a0df-afe572964363,2026-07-03T18:15:00Z,2026-07-03T20:15:00+0200,118.1,EUR/MWh,DE,DE_LU,day_ahead_price,value,2026-07-18T09:44:31Z
2026-07-18T09:43:03Z,2026-07-18T11:43:03+0200,c4e0902c-5b85-4487-a0df-afe572964363,2026-07-03T18:30:00Z,2026-07-03T20:30:00+0200,127.0,EUR/MWh,DE,DE_LU,day_ahead_price,value,2026-07-18T09:44:31Z
2026-07-18T09:43:03Z,2026-07-18T11:43:03+0200,c4e0902c-5b85-4487-a0df-afe572964363,2026-07-03T18:45:00Z,2026-07-03T20:45:00+0200,142.19,EUR/MWh,DE,DE_LU,day_ahead_price,value,2026-07-18T09:44:31Z
2026-07-18T09:43:03Z,2026-07-18T11:43:03+0200,c4e0902c-5b85-4487-a0df-afe572964363,2026-07-03T19:00:00Z,2026-07-03T21:00:00+0200,122.9,EUR/MWh,DE,DE_LU,day_ahead_price,value,2026-07-18T09:44:31Z
2026-07-18T09:43:03Z,2026-07-18T11:43:03+0200,c4e0902c-5b85-4487-a0df-afe572964363,2026-07-03T19:15:00Z,2026-07-03T21:15:00+0200,129.04,EUR/MWh,DE,DE_LU,day_ahead_price,value,2026-07-18T09:44:31Z
2026-07-18T09:43:03Z,2026-07-18T11:43:03+0200,c4e0902c-5b85-4487-a0df-afe572964363,2026-07-03T19:30:00Z,2026-07-03T21:30:00+0200,133.85,EUR/MWh,DE,DE_LU,day_ahead_price,value,2026-07-18T09:44:31Z
2026-07-18T09:43:03Z,2026-07-18T11:43:03+0200,c4e0902c-5b85-4487-a0df-afe572964363,2026-07-03T19:45:00Z,2026-07-03T21:45:00+0200,134.32,EUR/MWh,DE,DE_LU,day_ahead_price,value,2026-07-18T09:44:31Z
2026-07-18T09:43:03Z,2026-07-18T11:43:03+0200,c4e0902c-5b85-4487-a0df-afe572964363,2026-07-03T20:00:00Z,2026-07-03T22:00:00+0200,141.36,EUR/MWh,DE,DE_LU,day_ahead_price,value,2026-07-18T09:44:31Z
2026-07-18T09:43:03Z,2026-07-18T11:43:03+0200,c4e0902c-5b85-4487-a0df-afe572964363,2026-07-03T20:15:00Z,2026-07-03T22:15:00+0200,137.7,EUR/MWh,DE,DE_LU,day_ahead_price,value,2026-07-18T09:44:31Z
2026-07-18T09:43:03Z,2026-07-18T11:43:03+0200,c4e0902c-5b85-4487-a0df-afe572964363,2026-07-03T20:30:00Z,2026-07-03T22:30:00+0200,134.96,EUR/MWh,DE,DE_LU,day_ahead_price,value,2026-07-18T09:44:31Z
2026-07-18T09:43:03Z,2026-07-18T11:43:03+0200,c4e0902c-5b85-4487-a0df-afe572964363,2026-07-03T20:45:00Z,2026-07-03T22:45:00+0200,129.2,EUR/MWh,DE,DE_LU,day_ahead_price,value,2026-07-18T09:44:31Z
2026-07-18T09:43:03Z,2026-07-18T11:43:03+0200,c4e0902c-5b85-4487-a0df-afe572964363,2026-07-03T21:00:00Z,2026-07-03T23:00:00+0200,128.69,EUR/MWh,DE,DE_LU,day_ahead_price,value,2026-07-18T09:44:31Z
2026-07-18T09:43:03Z,2026-07-18T11:43:03+0200,c4e0902c-5b85-4487-a0df-afe572964363,2026-07-03T21:15:00Z,2026-07-03T23:15:00+0200,125.48,EUR/MWh,DE,DE_LU,day_ahead_price,value,2026-07-18T09:44:31Z
2026-07-18T09:43:03Z,2026-07-18T11:43:03+0200,c4e0902c-5b85-4487-a0df-afe572964363,2026-07-03T21:30:00Z,2026-07-03T23:30:00+0200,124.59,EUR/MWh,DE,DE_LU,day_ahead_price,value,2026-07-18T09:44:31Z
2026-07-18T09:43:03Z,2026-07-18T11:43:03+0200,c4e0902c-5b85-4487-a0df-afe572964363,2026-07-03T21:45:00Z,2026-07-03T23:45:00+0200,118.34,EUR/MWh,DE,DE_LU,day_ahead_price,value,2026-07-18T09:44:31Z
2026-07-18T09:43:03Z,2026-07-18T11:43:03+0200,c4e0902c-5b85-4487-a0df-afe572964363,2026-07-03T22:00:00Z,2026-07-04T00:00:00+0200,137.1,EUR/MWh,DE,DE_LU,day_ahead_price,value,2026-07-18T09:44:31Z
2026-07-18T09:43:03Z,2026-07-18T11:43:03+0200,c4e0902c-5b85-4487-a0df-afe572964363,2026-07-03T22:15:00Z,2026-07-04T00:15:00+0200,126.5,EUR/MWh,DE,DE_LU,day_ahead_price,value,2026-07-18T09:44:31Z
2026-07-18T09:43:03Z,2026-07-18T11:43:03+0200,c4e0902c-5b85-4487-a0df-afe572964363,2026-07-03T22:30:00Z,2026-07-04T00:30:00+0200,121.85,EUR/MWh,DE,DE_LU,day_ahead_price,value,2026-07-18T09:44:31Z
2026-07-18T09:43:03Z,2026-07-18T11:43:03+0200,c4e0902c-5b85-4487-a0df-afe572964363,2026-07-03T22:45:00Z,2026-07-04T00:45:00+0200,114.55,EUR/MWh,DE,DE_LU,day_ahead_price,value,2026-07-18T09:44:31Z
2026-07-18T09:43:03Z,2026-07-18T11:43:03+0200,c4e0902c-5b85-4487-a0df-afe572964363,2026-07-03T23:00:00Z,2026-07-04T01:00:00+0200,128.58,EUR/MWh,DE,DE_LU,day_ahead_price,value,2026-07-18T09:44:31Z
2026-07-18T09:43:03Z,2026-07-18T11:43:03+0200,c4e0902c-5b85-4487-a0df-afe572964363,2026-07-03T23:15:00Z,2026-07-04T01:15:00+0200,119.57,EUR/MWh,DE,DE_LU,day_ahead_price,value,2026-07-18T09:44:31Z
2026-07-18T09:43:03Z,2026-07-18T11:43:03+0200,c4e0902c-5b85-4487-a0df-afe572964363,2026-07-03T23:30:00Z,2026-07-04T01:30:00+0200,116.7,EUR/MWh,DE,DE_LU,day_ahead_price,value,2026-07-18T09:44:31Z
2026-07-18T09:43:03Z,2026-07-18T11:43:03+0200,c4e0902c-5b85-4487-a0df-afe572964363,2026-07-03T23:45:00Z,2026-07-04T01:45:00+0200,115.5,EUR/MWh,DE,DE_LU,day_ahead_price,value,2026-07-18T09:44:31Z
2026-07-18T09:43:03Z,2026-07-18T11:43:03+0200,c4e0902c-5b85-4487-a0df-afe572964363,2026-07-04T00:00:00Z,2026-07-04T02:00:00+0200,117.14,EUR/MWh,DE,DE_LU,day_ahead_price,value,2026-07-18T09:44:31Z
2026-07-18T09:43:03Z,2026-07-18T11:43:03+0200,c4e0902c-5b85-4487-a0df-afe572964363,2026-07-04T00:15:00Z,2026-07-04T02:15:00+0200,116.05,EUR/MWh,DE,DE_LU,day_ahead_price,value,2026-07-18T09:44:31Z
2026-07-18T09:43:03Z,2026-07-18T11:43:03+0200,c4e0902c-5b85-4487-a0df-afe572964363,2026-07-04T00:30:00Z,2026-07-04T02:30:00+0200,116.83,EUR/MWh,DE,DE_LU,day_ahead_price,value,2026-07-18T09:44:31Z
2026-07-18T09:43:03Z,2026-07-18T11:43:03+0200,c4e0902c-5b85-4487-a0df-afe572964363,2026-07-04T00:45:00Z,2026-07-04T02:45:00+0200,115.72,EUR/MWh,DE,DE_LU,day_ahead_price,value,2026-07-18T09:44:31Z
2026-07-18T09:43:03Z,2026-07-18T11:43:03+0200,c4e0902c-5b85-4487-a0df-afe572964363,2026-07-04T01:00:00Z,2026-07-04T03:00:00+0200,117.14,EUR/MWh,DE,DE_LU,day_ahead_price,value,2026-07-18T09:44:31Z
2026-07-18T09:43:03Z,2026-07-18T11:43:03+0200,c4e0902c-5b85-4487-a0df-afe572964363,2026-07-04T01:15:00Z,2026-07-04T03:15:00+0200,115.08,EUR/MWh,DE,DE_LU,day_ahead_price,value,2026-07-18T09:44:31Z
2026-07-18T09:43:03Z,2026-07-18T11:43:03+0200,c4e0902c-5b85-4487-a0df-afe572964363,2026-07-04T01:30:00Z,2026-07-04T03:30:00+0200,112.56,EUR/MWh,DE,DE_LU,day_ahead_price,value,2026-07-18T09:44:31Z
2026-07-18T09:43:03Z,2026-07-18T11:43:03+0200,c4e0902c-5b85-4487-a0df-afe572964363,2026-07-04T01:45:00Z,2026-07-04T03:45:00+0200,110.51,EUR/MWh,DE,DE_LU,day_ahead_price,value,2026-07-18T09:44:31Z
2026-07-18T09:43:03Z,2026-07-18T11:43:03+0200,c4e0902c-5b85-4487-a0df-afe572964363,2026-07-04T02:00:00Z,2026-07-04T04:00:00+0200,107.42,EUR/MWh,DE,DE_LU,day_ahead_price,value,2026-07-18T09:44:31Z
2026-07-18T09:43:03Z,2026-07-18T11:43:03+0200,c4e0902c-5b85-4487-a0df-afe572964363,2026-07-04T02:15:00Z,2026-07-04T04:15:00+0200,107.41,EUR/MWh,DE,DE_LU,day_ahead_price,value,2026-07-18T09:44:31Z
2026-07-18T09:43:03Z,2026-07-18T11:43:03+0200,c4e0902c-5b85-4487-a0df-afe572964363,2026-07-04T02:30:00Z,2026-07-04T04:30:00+0200,105.31,EUR/MWh,DE,DE_LU,day_ahead_price,value,2026-07-18T09:44:31Z
2026-07-18T09:43:03Z,2026-07-18T11:43:03+0200,c4e0902c-5b85-4487-a0df-afe572964363,2026-07-04T02:45:00Z,2026-07-04T04:45:00+0200,105.21,EUR/MWh,DE,DE_LU,day_ahead_price,value,2026-07-18T09:44:31Z
2026-07-18T09:43:03Z,2026-07-18T11:43:03+0200,c4e0902c-5b85-4487-a0df-afe572964363,2026-07-04T03:00:00Z,2026-07-04T05:00:00+0200,103.42,EUR/MWh,DE,DE_LU,day_ahead_price,value,2026-07-18T09:44:31Z
2026-07-18T09:43:03Z,2026-07-18T11:43:03+0200,c4e0902c-5b85-4487-a0df-afe572964363,2026-07-04T03:15:00Z,2026-07-04T05:15:00+0200,103.92,EUR/MWh,DE,DE_LU,day_ahead_price,value,2026-07-18T09:44:31Z
2026-07-18T09:43:03Z,2026-07-18T11:43:03+0200,c4e0902c-5b85-4487-a0df-afe572964363,2026-07-04T03:30:00Z,2026-07-04T05:30:00+0200,98.97,EUR/MWh,DE,DE_LU,day_ahead_price,value,2026-07-18T09:44:31Z
2026-07-18T09:43:03Z,2026-07-18T11:43:03+0200,c4e0902c-5b85-4487-a0df-afe572964363,2026-07-04T03:45:00Z,2026-07-04T05:45:00+0200,92.38,EUR/MWh,DE,DE_LU,day_ahead_price,value,2026-07-18T09:44:31Z
2026-07-18T09:43:03Z,2026-07-18T11:43:03+0200,c4e0902c-5b85-4487-a0df-afe572964363,2026-07-04T04:00:00Z,2026-07-04T06:00:00+0200,105.0,EUR/MWh,DE,DE_LU,day_ahead_price,value,2026-07-18T09:44:31Z
2026-07-18T09:43:03Z,2026-07-18T11:43:03+0200,c4e0902c-5b85-4487-a0df-afe572964363,2026-07-04T04:15:00Z,2026-07-04T06:15:00+0200,100.51,EUR/MWh,DE,DE_LU,day_ahead_price,value,2026-07-18T09:44:31Z
2026-07-18T09:43:03Z,2026-07-18T11:43:03+0200,c4e0902c-5b85-4487-a0df-afe572964363,2026-07-04T04:30:00Z,2026-07-04T06:30:00+0200,89.33,EUR/MWh,DE,DE_LU,day_ahead_price,value,2026-07-18T09:44:31Z
2026-07-18T09:43:03Z,2026-07-18T11:43:03+0200,c4e0902c-5b85-4487-a0df-afe572964363,2026-07-04T04:45:00Z,2026-07-04T06:45:00+0200,74.16,EUR/MWh,DE,DE_LU,day_ahead_price,value,2026-07-18T09:44:31Z
2026-07-18T09:43:03Z,2026-07-18T11:43:03+0200,c4e0902c-5b85-4487-a0df-afe572964363,2026-07-04T05:00:00Z,2026-07-04T07:00:00+0200,101.72,EUR/MWh,DE,DE_LU,day_ahead_price,value,2026-07-18T09:44:31Z
2026-07-18T09:43:03Z,2026-07-18T11:43:03+0200,c4e0902c-5b85-4487-a0df-afe572964363,2026-07-04T05:15:00Z,2026-07-04T07:15:00+0200,83.07,EUR/MWh,DE,DE_LU,day_ahead_price,value,2026-07-18T09:44:31Z
2026-07-18T09:43:03Z,2026-07-18T11:43:03+0200,c4e0902c-5b85-4487-a0df-afe572964363,2026-07-04T05:30:00Z,2026-07-04T07:30:00+0200,61.06,EUR/MWh,DE,DE_LU,day_ahead_price,value,2026-07-18T09:44:31Z
2026-07-18T09:43:03Z,2026-07-18T11:43:03+0200,c4e0902c-5b85-4487-a0df-afe572964363,2026-07-04T05:45:00Z,2026-07-04T07:45:00+0200,44.76,EUR/MWh,DE,DE_LU,day_ahead_price,value,2026-07-18T09:44:31Z
2026-07-18T09:43:03Z,2026-07-18T11:43:03+0200,c4e0902c-5b85-4487-a0df-afe572964363,2026-07-04T06:00:00Z,2026-07-04T08:00:00+0200,63.4,EUR/MWh,DE,DE_LU,day_ahead_price,value,2026-07-18T09:44:31Z
2026-07-18T09:43:03Z,2026-07-18T11:43:03+0200,c4e0902c-5b85-4487-a0df-afe572964363,2026-07-04T06:15:00Z,2026-07-04T08:15:00+0200,32.9,EUR/MWh,DE,DE_LU,day_ahead_price,value,2026-07-18T09:44:31Z
2026-07-18T09:43:03Z,2026-07-18T11:43:03+0200,c4e0902c-5b85-4487-a0df-afe572964363,2026-07-04T06:30:00Z,2026-07-04T08:30:00+0200,14.63,EUR/MWh,DE,DE_LU,day_ahead_price,value,2026-07-18T09:44:31Z
2026-07-18T09:43:03Z,2026-07-18T11:43:03+0200,c4e0902c-5b85-4487-a0df-afe572964363,2026-07-04T06:45:00Z,2026-07-04T08:45:00+0200,4.79,EUR/MWh,DE,DE_LU,day_ahead_price,value,2026-07-18T09:44:31Z
2026-07-18T09:43:03Z,2026-07-18T11:43:03+0200,c4e0902c-5b85-4487-a0df-afe572964363,2026-07-04T07:00:00Z,2026-07-04T09:00:00+0200,3.91,EUR/MWh,DE,DE_LU,day_ahead_price,value,2026-07-18T09:44:31Z
2026-07-18T09:43:03Z,2026-07-18T11:43:03+0200,c4e0902c-5b85-4487-a0df-afe572964363,2026-07-04T07:15:00Z,2026-07-04T09:15:00+0200,0.06,EUR/MWh,DE,DE_LU,day_ahead_price,value,2026-07-18T09:44:31Z
2026-07-18T09:43:03Z,2026-07-18T11:43:03+0200,c4e0902c-5b85-4487-a0df-afe572964363,2026-07-04T07:30:00Z,2026-07-04T09:30:00+0200,0.0,EUR/MWh,DE,DE_LU,day_ahead_price,value,2026-07-18T09:44:31Z
2026-07-18T09:43:03Z,2026-07-18T11:43:03+0200,c4e0902c-5b85-4487-a0df-afe572964363,2026-07-04T07:45:00Z,2026-07-04T09:45:00+0200,0.0,EUR/MWh,DE,DE_LU,day_ahead_price,value,2026-07-18T09:44:31Z
2026-07-18T09:43:03Z,2026-07-18T11:43:03+0200,c4e0902c-5b85-4487-a0df-afe572964363,2026-07-04T08:00:00Z,2026-07-04T10:00:00+0200,0.0,EUR/MWh,DE,DE_LU,day_ahead_price,value,2026-07-18T09:44:31Z
2026-07-18T09:43:03Z,2026-07-18T11:43:03+0200,c4e0902c-5b85-4487-a0df-afe572964363,2026-07-04T08:15:00Z,2026-07-04T10:15:00+0200,0.0,EUR/MWh,DE,DE_LU,day_ahead_price,value,2026-07-18T09:44:31Z
2026-07-18T09:43:03Z,2026-07-18T11:43:03+0200,c4e0902c-5b85-4487-a0df-afe572964363,2026-07-04T08:30:00Z,2026-07-04T10:30:00+0200,-0.01,EUR/MWh,DE,DE_LU,day_ahead_price,value,2026-07-18T09:44:31Z
2026-07-18T09:43:03Z,2026-07-18T11:43:03+0200,c4e0902c-5b85-4487-a0df-afe572964363,2026-07-04T08:45:00Z,2026-07-04T10:45:00+0200,-0.03,EUR/MWh,DE,DE_LU,day_ahead_price,value,2026-07-18T09:44:31Z
2026-07-18T09:43:03Z,2026-07-18T11:43:03+0200,c4e0902c-5b85-4487-a0df-afe572964363,2026-07-04T09:00:00Z,2026-07-04T11:00:00+0200,-0.12,EUR/MWh,DE,DE_LU,day_ahead_price,value,2026-07-18T09:44:31Z
2026-07-18T09:43:03Z,2026-07-18T11:43:03+0200,c4e0902c-5b85-4487-a0df-afe572964363,2026-07-04T09:15:00Z,2026-07-04T11:15:00+0200,-0.13,EUR/MWh,DE,DE_LU,day_ahead_price,value,2026-07-18T09:44:31Z
2026-07-18T09:43:03Z,2026-07-18T11:43:03+0200,c4e0902c-5b85-4487-a0df-afe572964363,2026-07-04T09:30:00Z,2026-07-04T11:30:00+0200,-1.01,EUR/MWh,DE,DE_LU,day_ahead_price,value,2026-07-18T09:44:31Z
2026-07-18T09:43:03Z,2026-07-18T11:43:03+0200,c4e0902c-5b85-4487-a0df-afe572964363,2026-07-04T09:45:00Z,2026-07-04T11:45:00+0200,-1.94,EUR/MWh,DE,DE_LU,day_ahead_price,value,2026-07-18T09:44:31Z
2026-07-18T09:43:03Z,2026-07-18T11:43:03+0200,c4e0902c-5b85-4487-a0df-afe572964363,2026-07-04T10:00:00Z,2026-07-04T12:00:00+0200,-1.65,EUR/MWh,DE,DE_LU,day_ahead_price,value,2026-07-18T09:44:31Z
2026-07-18T09:43:03Z,2026-07-18T11:43:03+0200,c4e0902c-5b85-4487-a0df-afe572964363,2026-07-04T10:15:00Z,2026-07-04T12:15:00+0200,-2.35,EUR/MWh,DE,DE_LU,day_ahead_price,value,2026-07-18T09:44:31Z
2026-07-18T09:43:03Z,2026-07-18T11:43:03+0200,c4e0902c-5b85-4487-a0df-afe572964363,2026-07-04T10:30:00Z,2026-07-04T12:30:00+0200,-3.42,EUR/MWh,DE,DE_LU,day_ahead_price,value,2026-07-18T09:44:31Z
2026-07-18T09:43:03Z,2026-07-18T11:43:03+0200,c4e0902c-5b85-4487-a0df-afe572964363,2026-07-04T10:45:00Z,2026-07-04T12:45:00+0200,-4.99,EUR/MWh,DE,DE_LU,day_ahead_price,value,2026-07-18T09:44:31Z
2026-07-18T09:43:03Z,2026-07-18T11:43:03+0200,c4e0902c-5b85-4487-a0df-afe572964363,2026-07-04T11:00:00Z,2026-07-04T13:00:00+0200,-6.41,EUR/MWh,DE,DE_LU,day_ahead_price,value,2026-07-18T09:44:31Z
2026-07-18T09:43:03Z,2026-07-18T11:43:03+0200,c4e0902c-5b85-4487-a0df-afe572964363,2026-07-04T11:15:00Z,2026-07-04T13:15:00+0200,-7.91,EUR/MWh,DE,DE_LU,day_ahead_price,value,2026-07-18T09:44:31Z
2026-07-18T09:43:03Z,2026-07-18T11:43:03+0200,c4e0902c-5b85-4487-a0df-afe572964363,2026-07-04T11:30:00Z,2026-07-04T13:30:00+0200,-8.67,EUR/MWh,DE,DE_LU,day_ahead_price,value,2026-07-18T09:44:31Z
2026-07-18T09:43:03Z,2026-07-18T11:43:03+0200,c4e0902c-5b85-4487-a0df-afe572964363,2026-07-04T11:45:00Z,2026-07-04T13:45:00+0200,-10.01,EUR/MWh,DE,DE_LU,day_ahead_price,value,2026-07-18T09:44:31Z
2026-07-18T09:43:03Z,2026-07-18T11:43:03+0200,c4e0902c-5b85-4487-a0df-afe572964363,2026-07-04T12:00:00Z,2026-07-04T14:00:00+0200,-11.8,EUR/MWh,DE,DE_LU,day_ahead_price,value,2026-07-18T09:44:31Z
2026-07-18T09:43:03Z,2026-07-18T11:43:03+0200,c4e0902c-5b85-4487-a0df-afe572964363,2026-07-04T12:15:00Z,2026-07-04T14:15:00+0200,-10.81,EUR/MWh,DE,DE_LU,day_ahead_price,value,2026-07-18T09:44:31Z
2026-07-18T09:43:03Z,2026-07-18T11:43:03+0200,c4e0902c-5b85-4487-a0df-afe572964363,2026-07-04T12:30:00Z,2026-07-04T14:30:00+0200,-9.99,EUR/MWh,DE,DE_LU,day_ahead_price,value,2026-07-18T09:44:31Z
2026-07-18T09:43:03Z,2026-07-18T11:43:03+0200,c4e0902c-5b85-4487-a0df-afe572964363,2026-07-04T12:45:00Z,2026-07-04T14:45:00+0200,-8.64,EUR/MWh,DE,DE_LU,day_ahead_price,value,2026-07-18T09:44:31Z
2026-07-18T09:43:03Z,2026-07-18T11:43:03+0200,c4e0902c-5b85-4487-a0df-afe572964363,2026-07-04T13:00:00Z,2026-07-04T15:00:00+0200,-5.98,EUR/MWh,DE,DE_LU,day_ahead_price,value,2026-07-18T09:44:31Z
2026-07-18T09:43:03Z,2026-07-18T11:43:03+0200,c4e0902c-5b85-4487-a0df-afe572964363,2026-07-04T13:15:00Z,2026-07-04T15:15:00+0200,-4.99,EUR/MWh,DE,DE_LU,day_ahead_price,value,2026-07-18T09:44:31Z
2026-07-18T09:43:03Z,2026-07-18T11:43:03+0200,c4e0902c-5b85-4487-a0df-afe572964363,2026-07-04T13:30:00Z,2026-07-04T15:30:00+0200,-3.69,EUR/MWh,DE,DE_LU,day_ahead_price,value,2026-07-18T09:44:31Z
2026-07-18T09:43:03Z,2026-07-18T11:43:03+0200,c4e0902c-5b85-4487-a0df-afe572964363,2026-07-04T13:45:00Z,2026-07-04T15:45:00+0200,-2.4,EUR/MWh,DE,DE_LU,day_ahead_price,value,2026-07-18T09:44:31Z
2026-07-18T09:43:03Z,2026-07-18T11:43:03+0200,c4e0902c-5b85-4487-a0df-afe572964363,2026-07-04T14:00:00Z,2026-07-04T16:00:00+0200,-1.01,EUR/MWh,DE,DE_LU,day_ahead_price,value,2026-07-18T09:44:31Z
2026-07-18T09:43:03Z,2026-07-18T11:43:03+0200,c4e0902c-5b85-4487-a0df-afe572964363,2026-07-04T14:15:00Z,2026-07-04T16:15:00+0200,-0.14,EUR/MWh,DE,DE_LU,day_ahead_price,value,2026-07-18T09:44:31Z
2026-07-18T09:43:03Z,2026-07-18T11:43:03+0200,c4e0902c-5b85-4487-a0df-afe572964363,2026-07-04T14:30:00Z,2026-07-04T16:30:00+0200,-0.12,EUR/MWh,DE,DE_LU,day_ahead_price,value,2026-07-18T09:44:31Z
2026-07-18T09:43:03Z,2026-07-18T11:43:03+0200,c4e0902c-5b85-4487-a0df-afe572964363,2026-07-04T14:45:00Z,2026-07-04T16:45:00+0200,-0.09,EUR/MWh,DE,DE_LU,day_ahead_price,value,2026-07-18T09:44:31Z
2026-07-18T09:43:03Z,2026-07-18T11:43:03+0200,c4e0902c-5b85-4487-a0df-afe572964363,2026-07-04T15:00:00Z,2026-07-04T17:00:00+0200,-0.09,EUR/MWh,DE,DE_LU,day_ahead_price,value,2026-07-18T09:44:31Z
2026-07-18T09:43:03Z,2026-07-18T11:43:03+0200,c4e0902c-5b85-4487-a0df-afe572964363,2026-07-04T15:15:00Z,2026-07-04T17:15:00+0200,0.0,EUR/MWh,DE,DE_LU,day_ahead_price,value,2026-07-18T09:44:31Z
2026-07-18T09:43:03Z,2026-07-18T11:43:03+0200,c4e0902c-5b85-4487-a0df-afe572964363,2026-07-04T15:30:00Z,2026-07-04T17:30:00+0200,0.08,EUR/MWh,DE,DE_LU,day_ahead_price,value,2026-07-18T09:44:31Z
2026-07-18T09:43:03Z,2026-07-18T11:43:03+0200,c4e0902c-5b85-4487-a0df-afe572964363,2026-07-04T15:45:00Z,2026-07-04T17:45:00+0200,17.18,EUR/MWh,DE,DE_LU,day_ahead_price,value,2026-07-18T09:44:31Z
2026-07-18T09:43:03Z,2026-07-18T11:43:03+0200,c4e0902c-5b85-4487-a0df-afe572964363,2026-07-04T16:00:00Z,2026-07-04T18:00:00+0200,11.44,EUR/MWh,DE,DE_LU,day_ahead_price,value,2026-07-18T09:44:31Z
2026-07-18T09:43:03Z,2026-07-18T11:43:03+0200,c4e0902c-5b85-4487-a0df-afe572964363,2026-07-04T16:15:00Z,2026-07-04T18:15:00+0200,49.97,EUR/MWh,DE,DE_LU,day_ahead_price,value,2026-07-18T09:44:31Z
2026-07-18T09:43:03Z,2026-07-18T11:43:03+0200,c4e0902c-5b85-4487-a0df-afe572964363,2026-07-04T16:30:00Z,2026-07-04T18:30:00+0200,74.74,EUR/MWh,DE,DE_LU,day_ahead_price,value,2026-07-18T09:44:31Z
2026-07-18T09:43:03Z,2026-07-18T11:43:03+0200,c4e0902c-5b85-4487-a0df-afe572964363,2026-07-04T16:45:00Z,2026-07-04T18:45:00+0200,94.78,EUR/MWh,DE,DE_LU,day_ahead_price,value,2026-07-18T09:44:31Z
2026-07-18T09:43:03Z,2026-07-18T11:43:03+0200,c4e0902c-5b85-4487-a0df-afe572964363,2026-07-04T17:00:00Z,2026-07-04T19:00:00+0200,83.56,EUR/MWh,DE,DE_LU,day_ahead_price,value,2026-07-18T09:44:31Z
2026-07-18T09:43:03Z,2026-07-18T11:43:03+0200,c4e0902c-5b85-4487-a0df-afe572964363,2026-07-04T17:15:00Z,2026-07-04T19:15:00+0200,98.57,EUR/MWh,DE,DE_LU,day_ahead_price,value,2026-07-18T09:44:31Z
2026-07-18T09:43:03Z,2026-07-18T11:43:03+0200,c4e0902c-5b85-4487-a0df-afe572964363,2026-07-04T17:30:00Z,2026-07-04T19:30:00+0200,120.89,EUR/MWh,DE,DE_LU,day_ahead_price,value,2026-07-18T09:44:31Z
2026-07-18T09:43:03Z,2026-07-18T11:43:03+0200,c4e0902c-5b85-4487-a0df-afe572964363,2026-07-04T17:45:00Z,2026-07-04T19:45:00+0200,125.75,EUR/MWh,DE,DE_LU,day_ahead_price,value,2026-07-18T09:44:31Z
2026-07-18T09:43:03Z,2026-07-18T11:43:03+0200,c4e0902c-5b85-4487-a0df-afe572964363,2026-07-04T18:00:00Z,2026-07-04T20:00:00+0200,116.79,EUR/MWh,DE,DE_LU,day_ahead_price,value,2026-07-18T09:44:31Z
2026-07-18T09:43:03Z,2026-07-18T11:43:03+0200,c4e0902c-5b85-4487-a0df-afe572964363,2026-07-04T18:15:00Z,2026-07-04T20:15:00+0200,120.84,EUR/MWh,DE,DE_LU,day_ahead_price,value,2026-07-18T09:44:31Z
2026-07-18T09:43:03Z,2026-07-18T11:43:03+0200,c4e0902c-5b85-4487-a0df-afe572964363,2026-07-04T18:30:00Z,2026-07-04T20:30:00+0200,127.45,EUR/MWh,DE,DE_LU,day_ahead_price,value,2026-07-18T09:44:31Z
2026-07-18T09:43:03Z,2026-07-18T11:43:03+0200,c4e0902c-5b85-4487-a0df-afe572964363,2026-07-04T18:45:00Z,2026-07-04T20:45:00+0200,137.48,EUR/MWh,DE,DE_LU,day_ahead_price,value,2026-07-18T09:44:31Z
2026-07-18T09:43:03Z,2026-07-18T11:43:03+0200,c4e0902c-5b85-4487-a0df-afe572964363,2026-07-04T19:00:00Z,2026-07-04T21:00:00+0200,128.97,EUR/MWh,DE,DE_LU,day_ahead_price,value,2026-07-18T09:44:31Z
2026-07-18T09:43:03Z,2026-07-18T11:43:03+0200,c4e0902c-5b85-4487-a0df-afe572964363,2026-07-04T19:15:00Z,2026-07-04T21:15:00+0200,130.19,EUR/MWh,DE,DE_LU,day_ahead_price,value,2026-07-18T09:44:31Z
2026-07-18T09:43:03Z,2026-07-18T11:43:03+0200,c4e0902c-5b85-4487-a0df-afe572964363,2026-07-04T19:30:00Z,2026-07-04T21:30:00+0200,133.51,EUR/MWh,DE,DE_LU,day_ahead_price,value,2026-07-18T09:44:31Z
2026-07-18T09:43:03Z,2026-07-18T11:43:03+0200,c4e0902c-5b85-4487-a0df-afe572964363,2026-07-04T19:45:00Z,2026-07-04T21:45:00+0200,131.45,EUR/MWh,DE,DE_LU,day_ahead_price,value,2026-07-18T09:44:31Z
2026-07-18T09:43:03Z,2026-07-18T11:43:03+0200,c4e0902c-5b85-4487-a0df-afe572964363,2026-07-04T20:00:00Z,2026-07-04T22:00:00+0200,136.51,EUR/MWh,DE,DE_LU,day_ahead_price,value,2026-07-18T09:44:31Z
2026-07-18T09:43:03Z,2026-07-18T11:43:03+0200,c4e0902c-5b85-4487-a0df-afe572964363,2026-07-04T20:15:00Z,2026-07-04T22:15:00+0200,128.68,EUR/MWh,DE,DE_LU,day_ahead_price,value,2026-07-18T09:44:31Z
2026-07-18T09:43:03Z,2026-07-18T11:43:03+0200,c4e0902c-5b85-4487-a0df-afe572964363,2026-07-04T20:30:00Z,2026-07-04T22:30:00+0200,127.84,EUR/MWh,DE,DE_LU,day_ahead_price,value,2026-07-18T09:44:31Z
2026-07-18T09:43:03Z,2026-07-18T11:43:03+0200,c4e0902c-5b85-4487-a0df-afe572964363,2026-07-04T20:45:00Z,2026-07-04T22:45:00+0200,119.08,EUR/MWh,DE,DE_LU,day_ahead_price,value,2026-07-18T09:44:31Z
2026-07-18T09:43:03Z,2026-07-18T11:43:03+0200,c4e0902c-5b85-4487-a0df-afe572964363,2026-07-04T21:00:00Z,2026-07-04T23:00:00+0200,126.46,EUR/MWh,DE,DE_LU,day_ahead_price,value,2026-07-18T09:44:31Z
2026-07-18T09:43:03Z,2026-07-18T11:43:03+0200,c4e0902c-5b85-4487-a0df-afe572964363,2026-07-04T21:15:00Z,2026-07-04T23:15:00+0200,117.93,EUR/MWh,DE,DE_LU,day_ahead_price,value,2026-07-18T09:44:31Z
2026-07-18T09:43:03Z,2026-07-18T11:43:03+0200,c4e0902c-5b85-4487-a0df-afe572964363,2026-07-04T21:30:00Z,2026-07-04T23:30:00+0200,115.85,EUR/MWh,DE,DE_LU,day_ahead_price,value,2026-07-18T09:44:31Z
2026-07-18T09:43:03Z,2026-07-18T11:43:03+0200,c4e0902c-5b85-4487-a0df-afe572964363,2026-07-04T21:45:00Z,2026-07-04T23:45:00+0200,114.24,EUR/MWh,DE,DE_LU,day_ahead_price,value,2026-07-18T09:44:31Z
2026-07-18T09:43:03Z,2026-07-18T11:43:03+0200,c4e0902c-5b85-4487-a0df-afe572964363,2026-07-04T22:00:00Z,2026-07-05T00:00:00+0200,134.57,EUR/MWh,DE,DE_LU,day_ahead_price,value,2026-07-18T09:44:31Z
2026-07-18T09:43:03Z,2026-07-18T11:43:03+0200,c4e0902c-5b85-4487-a0df-afe572964363,2026-07-04T22:15:00Z,2026-07-05T00:15:00+0200,129.55,EUR/MWh,DE,DE_LU,day_ahead_price,value,2026-07-18T09:44:31Z
2026-07-18T09:43:03Z,2026-07-18T11:43:03+0200,c4e0902c-5b85-4487-a0df-afe572964363,2026-07-04T22:30:00Z,2026-07-05T00:30:00+0200,117.65,EUR/MWh,DE,DE_LU,day_ahead_price,value,2026-07-18T09:44:31Z
2026-07-18T09:43:03Z,2026-07-18T11:43:03+0200,c4e0902c-5b85-4487-a0df-afe572964363,2026-07-04T22:45:00Z,2026-07-05T00:45:00+0200,109.72,EUR/MWh,DE,DE_LU,day_ahead_price,value,2026-07-18T09:44:31Z
2026-07-18T09:43:03Z,2026-07-18T11:43:03+0200,c4e0902c-5b85-4487-a0df-afe572964363,2026-07-04T23:00:00Z,2026-07-05T01:00:00+0200,135.0,EUR/MWh,DE,DE_LU,day_ahead_price,value,2026-07-18T09:44:31Z
2026-07-18T09:43:03Z,2026-07-18T11:43:03+0200,c4e0902c-5b85-4487-a0df-afe572964363,2026-07-04T23:15:00Z,2026-07-05T01:15:00+0200,115.8,EUR/MWh,DE,DE_LU,day_ahead_price,value,2026-07-18T09:44:31Z
2026-07-18T09:43:03Z,2026-07-18T11:43:03+0200,c4e0902c-5b85-4487-a0df-afe572964363,2026-07-04T23:30:00Z,2026-07-05T01:30:00+0200,110.04,EUR/MWh,DE,DE_LU,day_ahead_price,value,2026-07-18T09:44:31Z
2026-07-18T09:43:03Z,2026-07-18T11:43:03+0200,c4e0902c-5b85-4487-a0df-afe572964363,2026-07-04T23:45:00Z,2026-07-05T01:45:00+0200,102.85,EUR/MWh,DE,DE_LU,day_ahead_price,value,2026-07-18T09:44:31Z
2026-07-18T09:43:03Z,2026-07-18T11:43:03+0200,c4e0902c-5b85-4487-a0df-afe572964363,2026-07-05T00:00:00Z,2026-07-05T02:00:00+0200,116.64,EUR/MWh,DE,DE_LU,day_ahead_price,value,2026-07-18T09:44:31Z
2026-07-18T09:43:03Z,2026-07-18T11:43:03+0200,c4e0902c-5b85-4487-a0df-afe572964363,2026-07-05T00:15:00Z,2026-07-05T02:15:00+0200,112.81,EUR/MWh,DE,DE_LU,day_ahead_price,value,2026-07-18T09:44:31Z
2026-07-18T09:43:03Z,2026-07-18T11:43:03+0200,c4e0902c-5b85-4487-a0df-afe572964363,2026-07-05T00:30:00Z,2026-07-05T02:30:00+0200,109.36,EUR/MWh,DE,DE_LU,day_ahead_price,value,2026-07-18T09:44:31Z
2026-07-18T09:43:03Z,2026-07-18T11:43:03+0200,c4e0902c-5b85-4487-a0df-afe572964363,2026-07-05T00:45:00Z,2026-07-05T02:45:00+0200,103.18,EUR/MWh,DE,DE_LU,day_ahead_price,value,2026-07-18T09:44:31Z
2026-07-18T09:43:03Z,2026-07-18T11:43:03+0200,c4e0902c-5b85-4487-a0df-afe572964363,2026-07-05T01:00:00Z,2026-07-05T03:00:00+0200,108.99,EUR/MWh,DE,DE_LU,day_ahead_price,value,2026-07-18T09:44:31Z
2026-07-18T09:43:03Z,2026-07-18T11:43:03+0200,c4e0902c-5b85-4487-a0df-afe572964363,2026-07-05T01:15:00Z,2026-07-05T03:15:00+0200,107.44,EUR/MWh,DE,DE_LU,day_ahead_price,value,2026-07-18T09:44:31Z
2026-07-18T09:43:03Z,2026-07-18T11:43:03+0200,c4e0902c-5b85-4487-a0df-afe572964363,2026-07-05T01:30:00Z,2026-07-05T03:30:00+0200,105.54,EUR/MWh,DE,DE_LU,day_ahead_price,value,2026-07-18T09:44:31Z
2026-07-18T09:43:03Z,2026-07-18T11:43:03+0200,c4e0902c-5b85-4487-a0df-afe572964363,2026-07-05T01:45:00Z,2026-07-05T03:45:00+0200,101.84,EUR/MWh,DE,DE_LU,day_ahead_price,value,2026-07-18T09:44:31Z
2026-07-18T09:43:03Z,2026-07-18T11:43:03+0200,c4e0902c-5b85-4487-a0df-afe572964363,2026-07-05T02:00:00Z,2026-07-05T04:00:00+0200,103.24,EUR/MWh,DE,DE_LU,day_ahead_price,value,2026-07-18T09:44:31Z
2026-07-18T09:43:03Z,2026-07-18T11:43:03+0200,c4e0902c-5b85-4487-a0df-afe572964363,2026-07-05T02:15:00Z,2026-07-05T04:15:00+0200,101.42,EUR/MWh,DE,DE_LU,day_ahead_price,value,2026-07-18T09:44:31Z
2026-07-18T09:43:03Z,2026-07-18T11:43:03+0200,c4e0902c-5b85-4487-a0df-afe572964363,2026-07-05T02:30:00Z,2026-07-05T04:30:00+0200,101.47,EUR/MWh,DE,DE_LU,day_ahead_price,value,2026-07-18T09:44:31Z
2026-07-18T09:43:03Z,2026-07-18T11:43:03+0200,c4e0902c-5b85-4487-a0df-afe572964363,2026-07-05T02:45:00Z,2026-07-05T04:45:00+0200,99.51,EUR/MWh,DE,DE_LU,day_ahead_price,value,2026-07-18T09:44:31Z
2026-07-18T09:43:03Z,2026-07-18T11:43:03+0200,c4e0902c-5b85-4487-a0df-afe572964363,2026-07-05T03:00:00Z,2026-07-05T05:00:00+0200,103.14,EUR/MWh,DE,DE_LU,day_ahead_price,value,2026-07-18T09:44:31Z
2026-07-18T09:43:03Z,2026-07-18T11:43:03+0200,c4e0902c-5b85-4487-a0df-afe572964363,2026-07-05T03:15:00Z,2026-07-05T05:15:00+0200,103.1,EUR/MWh,DE,DE_LU,day_ahead_price,value,2026-07-18T09:44:31Z
2026-07-18T09:43:03Z,2026-07-18T11:43:03+0200,c4e0902c-5b85-4487-a0df-afe572964363,2026-07-05T03:30:00Z,2026-07-05T05:30:00+0200,96.95,EUR/MWh,DE,DE_LU,day_ahead_price,value,2026-07-18T09:44:31Z
2026-07-18T09:43:03Z,2026-07-18T11:43:03+0200,c4e0902c-5b85-4487-a0df-afe572964363,2026-07-05T03:45:00Z,2026-07-05T05:45:00+0200,85.17,EUR/MWh,DE,DE_LU,day_ahead_price,value,2026-07-18T09:44:31Z
2026-07-18T09:43:03Z,2026-07-18T11:43:03+0200,c4e0902c-5b85-4487-a0df-afe572964363,2026-07-05T04:00:00Z,2026-07-05T06:00:00+0200,108.44,EUR/MWh,DE,DE_LU,day_ahead_price,value,2026-07-18T09:44:31Z
2026-07-18T09:43:03Z,2026-07-18T11:43:03+0200,c4e0902c-5b85-4487-a0df-afe572964363,2026-07-05T04:15:00Z,2026-07-05T06:15:00+0200,96.96,EUR/MWh,DE,DE_LU,day_ahead_price,value,2026-07-18T09:44:31Z
2026-07-18T09:43:03Z,2026-07-18T11:43:03+0200,c4e0902c-5b85-4487-a0df-afe572964363,2026-07-05T04:30:00Z,2026-07-05T06:30:00+0200,77.93,EUR/MWh,DE,DE_LU,day_ahead_price,value,2026-07-18T09:44:31Z
2026-07-18T09:43:03Z,2026-07-18T11:43:03+0200,c4e0902c-5b85-4487-a0df-afe572964363,2026-07-05T04:45:00Z,2026-07-05T06:45:00+0200,56.68,EUR/MWh,DE,DE_LU,day_ahead_price,value,2026-07-18T09:44:31Z
2026-07-18T09:43:03Z,2026-07-18T11:43:03+0200,c4e0902c-5b85-4487-a0df-afe572964363,2026-07-05T05:00:00Z,2026-07-05T07:00:00+0200,76.36,EUR/MWh,DE,DE_LU,day_ahead_price,value,2026-07-18T09:44:31Z
2026-07-18T09:43:03Z,2026-07-18T11:43:03+0200,c4e0902c-5b85-4487-a0df-afe572964363,2026-07-05T05:15:00Z,2026-07-05T07:15:00+0200,47.4,EUR/MWh,DE,DE_LU,day_ahead_price,value,2026-07-18T09:44:31Z
2026-07-18T09:43:03Z,2026-07-18T11:43:03+0200,c4e0902c-5b85-4487-a0df-afe572964363,2026-07-05T05:30:00Z,2026-07-05T07:30:00+0200,31.58,EUR/MWh,DE,DE_LU,day_ahead_price,value,2026-07-18T09:44:31Z
2026-07-18T09:43:03Z,2026-07-18T11:43:03+0200,c4e0902c-5b85-4487-a0df-afe572964363,2026-07-05T05:45:00Z,2026-07-05T07:45:00+0200,21.31,EUR/MWh,DE,DE_LU,day_ahead_price,value,2026-07-18T09:44:31Z
2026-07-18T09:43:03Z,2026-07-18T11:43:03+0200,c4e0902c-5b85-4487-a0df-afe572964363,2026-07-05T06:00:00Z,2026-07-05T08:00:00+0200,31.17,EUR/MWh,DE,DE_LU,day_ahead_price,value,2026-07-18T09:44:31Z
2026-07-18T09:43:03Z,2026-07-18T11:43:03+0200,c4e0902c-5b85-4487-a0df-afe572964363,2026-07-05T06:15:00Z,2026-07-05T08:15:00+0200,16.55,EUR/MWh,DE,DE_LU,day_ahead_price,value,2026-07-18T09:44:31Z
2026-07-18T09:43:03Z,2026-07-18T11:43:03+0200,c4e0902c-5b85-4487-a0df-afe572964363,2026-07-05T06:30:00Z,2026-07-05T08:30:00+0200,7.24,EUR/MWh,DE,DE_LU,day_ahead_price,value,2026-07-18T09:44:31Z
2026-07-18T09:43:03Z,2026-07-18T11:43:03+0200,c4e0902c-5b85-4487-a0df-afe572964363,2026-07-05T06:45:00Z,2026-07-05T08:45:00+0200,4.22,EUR/MWh,DE,DE_LU,day_ahead_price,value,2026-07-18T09:44:31Z
2026-07-18T09:43:03Z,2026-07-18T11:43:03+0200,c4e0902c-5b85-4487-a0df-afe572964363,2026-07-05T07:00:00Z,2026-07-05T09:00:00+0200,4.25,EUR/MWh,DE,DE_LU,day_ahead_price,value,2026-07-18T09:44:31Z
2026-07-18T09:43:03Z,2026-07-18T11:43:03+0200,c4e0902c-5b85-4487-a0df-afe572964363,2026-07-05T07:15:00Z,2026-07-05T09:15:00+0200,1.26,EUR/MWh,DE,DE_LU,day_ahead_price,value,2026-07-18T09:44:31Z
2026-07-18T09:43:03Z,2026-07-18T11:43:03+0200,c4e0902c-5b85-4487-a0df-afe572964363,2026-07-05T07:30:00Z,2026-07-05T09:30:00+0200,0.02,EUR/MWh,DE,DE_LU,day_ahead_price,value,2026-07-18T09:44:31Z
2026-07-18T09:43:03Z,2026-07-18T11:43:03+0200,c4e0902c-5b85-4487-a0df-afe572964363,2026-07-05T07:45:00Z,2026-07-05T09:45:00+0200,0.0,EUR/MWh,DE,DE_LU,day_ahead_price,value,2026-07-18T09:44:31Z
2026-07-18T09:43:03Z,2026-07-18T11:43:03+0200,c4e0902c-5b85-4487-a0df-afe572964363,2026-07-05T08:00:00Z,2026-07-05T10:00:00+0200,0.0,EUR/MWh,DE,DE_LU,day_ahead_price,value,2026-07-18T09:44:31Z
2026-07-18T09:43:03Z,2026-07-18T11:43:03+0200,c4e0902c-5b85-4487-a0df-afe572964363,2026-07-05T08:15:00Z,2026-07-05T10:15:00+0200,0.0,EUR/MWh,DE,DE_LU,day_ahead_price,value,2026-07-18T09:44:31Z
2026-07-18T09:43:03Z,2026-07-18T11:43:03+0200,c4e0902c-5b85-4487-a0df-afe572964363,2026-07-05T08:30:00Z,2026-07-05T10:30:00+0200,-0.01,EUR/MWh,DE,DE_LU,day_ahead_price,value,2026-07-18T09:44:31Z
2026-07-18T09:43:03Z,2026-07-18T11:43:03+0200,c4e0902c-5b85-4487-a0df-afe572964363,2026-07-05T08:45:00Z,2026-07-05T10:45:00+0200,-0.02,EUR/MWh,DE,DE_LU,day_ahead_price,value,2026-07-18T09:44:31Z
2026-07-18T09:43:03Z,2026-07-18T11:43:03+0200,c4e0902c-5b85-4487-a0df-afe572964363,2026-07-05T09:00:00Z,2026-07-05T11:00:00+0200,-0.03,EUR/MWh,DE,DE_LU,day_ahead_price,value,2026-07-18T09:44:31Z
2026-07-18T09:43:03Z,2026-07-18T11:43:03+0200,c4e0902c-5b85-4487-a0df-afe572964363,2026-07-05T09:15:00Z,2026-07-05T11:15:00+0200,-0.02,EUR/MWh,DE,DE_LU,day_ahead_price,value,2026-07-18T09:44:31Z
2026-07-18T09:43:03Z,2026-07-18T11:43:03+0200,c4e0902c-5b85-4487-a0df-afe572964363,2026-07-05T09:30:00Z,2026-07-05T11:30:00+0200,-0.03,EUR/MWh,DE,DE_LU,day_ahead_price,value,2026-07-18T09:44:31Z
2026-07-18T09:43:03Z,2026-07-18T11:43:03+0200,c4e0902c-5b85-4487-a0df-afe572964363,2026-07-05T09:45:00Z,2026-07-05T11:45:00+0200,-0.04,EUR/MWh,DE,DE_LU,day_ahead_price,value,2026-07-18T09:44:31Z
2026-07-18T09:43:03Z,2026-07-18T11:43:03+0200,c4e0902c-5b85-4487-a0df-afe572964363,2026-07-05T10:00:00Z,2026-07-05T12:00:00+0200,-0.09,EUR/MWh,DE,DE_LU,day_ahead_price,value,2026-07-18T09:44:31Z
2026-07-18T09:43:03Z,2026-07-18T11:43:03+0200,c4e0902c-5b85-4487-a0df-afe572964363,2026-07-05T10:15:00Z,2026-07-05T12:15:00+0200,-0.1,EUR/MWh,DE,DE_LU,day_ahead_price,value,2026-07-18T09:44:31Z
2026-07-18T09:43:03Z,2026-07-18T11:43:03+0200,c4e0902c-5b85-4487-a0df-afe572964363,2026-07-05T10:30:00Z,2026-07-05T12:30:00+0200,-0.11,EUR/MWh,DE,DE_LU,day_ahead_price,value,2026-07-18T09:44:31Z
2026-07-18T09:43:03Z,2026-07-18T11:43:03+0200,c4e0902c-5b85-4487-a0df-afe572964363,2026-07-05T10:45:00Z,2026-07-05T12:45:00+0200,-0.12,EUR/MWh,DE,DE_LU,day_ahead_price,value,2026-07-18T09:44:31Z
2026-07-18T09:43:03Z,2026-07-18T11:43:03+0200,c4e0902c-5b85-4487-a0df-afe572964363,2026-07-05T11:00:00Z,2026-07-05T13:00:00+0200,-0.17,EUR/MWh,DE,DE_LU,day_ahead_price,value,2026-07-18T09:44:31Z
2026-07-18T09:43:03Z,2026-07-18T11:43:03+0200,c4e0902c-5b85-4487-a0df-afe572964363,2026-07-05T11:15:00Z,2026-07-05T13:15:00+0200,-0.21,EUR/MWh,DE,DE_LU,day_ahead_price,value,2026-07-18T09:44:31Z
2026-07-18T09:43:03Z,2026-07-18T11:43:03+0200,c4e0902c-5b85-4487-a0df-afe572964363,2026-07-05T11:30:00Z,2026-07-05T13:30:00+0200,-1.01,EUR/MWh,DE,DE_LU,day_ahead_price,value,2026-07-18T09:44:31Z
2026-07-18T09:43:03Z,2026-07-18T11:43:03+0200,c4e0902c-5b85-4487-a0df-afe572964363,2026-07-05T11:45:00Z,2026-07-05T13:45:00+0200,-1.08,EUR/MWh,DE,DE_LU,day_ahead_price,value,2026-07-18T09:44:31Z
2026-07-18T09:43:03Z,2026-07-18T11:43:03+0200,c4e0902c-5b85-4487-a0df-afe572964363,2026-07-05T12:00:00Z,2026-07-05T14:00:00+0200,-1.31,EUR/MWh,DE,DE_LU,day_ahead_price,value,2026-07-18T09:44:31Z
2026-07-18T09:43:03Z,2026-07-18T11:43:03+0200,c4e0902c-5b85-4487-a0df-afe572964363,2026-07-05T12:15:00Z,2026-07-05T14:15:00+0200,-1.2,EUR/MWh,DE,DE_LU,day_ahead_price,value,2026-07-18T09:44:31Z
2026-07-18T09:43:03Z,2026-07-18T11:43:03+0200,c4e0902c-5b85-4487-a0df-afe572964363,2026-07-05T12:30:00Z,2026-07-05T14:30:00+0200,-1.1,EUR/MWh,DE,DE_LU,day_ahead_price,value,2026-07-18T09:44:31Z
2026-07-18T09:43:03Z,2026-07-18T11:43:03+0200,c4e0902c-5b85-4487-a0df-afe572964363,2026-07-05T12:45:00Z,2026-07-05T14:45:00+0200,-1.05,EUR/MWh,DE,DE_LU,day_ahead_price,value,2026-07-18T09:44:31Z
2026-07-18T09:43:03Z,2026-07-18T11:43:03+0200,c4e0902c-5b85-4487-a0df-afe572964363,2026-07-05T13:00:00Z,2026-07-05T15:00:00+0200,-1.02,EUR/MWh,DE,DE_LU,day_ahead_price,value,2026-07-18T09:44:31Z
2026-07-18T09:43:03Z,2026-07-18T11:43:03+0200,c4e0902c-5b85-4487-a0df-afe572964363,2026-07-05T13:15:00Z,2026-07-05T15:15:00+0200,-1.05,EUR/MWh,DE,DE_LU,day_ahead_price,value,2026-07-18T09:44:31Z
2026-07-18T09:43:03Z,2026-07-18T11:43:03+0200,c4e0902c-5b85-4487-a0df-afe572964363,2026-07-05T13:30:00Z,2026-07-05T15:30:00+0200,-1.02,EUR/MWh,DE,DE_LU,day_ahead_price,value,2026-07-18T09:44:31Z
2026-07-18T09:43:03Z,2026-07-18T11:43:03+0200,c4e0902c-5b85-4487-a0df-afe572964363,2026-07-05T13:45:00Z,2026-07-05T15:45:00+0200,-1.0,EUR/MWh,DE,DE_LU,day_ahead_price,value,2026-07-18T09:44:31Z
2026-07-18T09:43:03Z,2026-07-18T11:43:03+0200,c4e0902c-5b85-4487-a0df-afe572964363,2026-07-05T14:00:00Z,2026-07-05T16:00:00+0200,-0.09,EUR/MWh,DE,DE_LU,day_ahead_price,value,2026-07-18T09:44:31Z
2026-07-18T09:43:03Z,2026-07-18T11:43:03+0200,c4e0902c-5b85-4487-a0df-afe572964363,2026-07-05T14:15:00Z,2026-07-05T16:15:00+0200,-0.08,EUR/MWh,DE,DE_LU,day_ahead_price,value,2026-07-18T09:44:31Z
2026-07-18T09:43:03Z,2026-07-18T11:43:03+0200,c4e0902c-5b85-4487-a0df-afe572964363,2026-07-05T14:30:00Z,2026-07-05T16:30:00+0200,-0.07,EUR/MWh,DE,DE_LU,day_ahead_price,value,2026-07-18T09:44:31Z
2026-07-18T09:43:03Z,2026-07-18T11:43:03+0200,c4e0902c-5b85-4487-a0df-afe572964363,2026-07-05T14:45:00Z,2026-07-05T16:45:00+0200,0.0,EUR/MWh,DE,DE_LU,day_ahead_price,value,2026-07-18T09:44:31Z
2026-07-18T09:43:03Z,2026-07-18T11:43:03+0200,c4e0902c-5b85-4487-a0df-afe572964363,2026-07-05T15:00:00Z,2026-07-05T17:00:00+0200,-0.01,EUR/MWh,DE,DE_LU,day_ahead_price,value,2026-07-18T09:44:31Z
2026-07-18T09:43:03Z,2026-07-18T11:43:03+0200,c4e0902c-5b85-4487-a0df-afe572964363,2026-07-05T15:15:00Z,2026-07-05T17:15:00+0200,0.14,EUR/MWh,DE,DE_LU,day_ahead_price,value,2026-07-18T09:44:31Z
2026-07-18T09:43:03Z,2026-07-18T11:43:03+0200,c4e0902c-5b85-4487-a0df-afe572964363,2026-07-05T15:30:00Z,2026-07-05T17:30:00+0200,3.78,EUR/MWh,DE,DE_LU,day_ahead_price,value,2026-07-18T09:44:31Z
2026-07-18T09:43:03Z,2026-07-18T11:43:03+0200,c4e0902c-5b85-4487-a0df-afe572964363,2026-07-05T15:45:00Z,2026-07-05T17:45:00+0200,15.69,EUR/MWh,DE,DE_LU,day_ahead_price,value,2026-07-18T09:44:31Z
2026-07-18T09:43:03Z,2026-07-18T11:43:03+0200,c4e0902c-5b85-4487-a0df-afe572964363,2026-07-05T16:00:00Z,2026-07-05T18:00:00+0200,20.06,EUR/MWh,DE,DE_LU,day_ahead_price,value,2026-07-18T09:44:31Z
2026-07-18T09:43:03Z,2026-07-18T11:43:03+0200,c4e0902c-5b85-4487-a0df-afe572964363,2026-07-05T16:15:00Z,2026-07-05T18:15:00+0200,41.94,EUR/MWh,DE,DE_LU,day_ahead_price,value,2026-07-18T09:44:31Z
2026-07-18T09:43:03Z,2026-07-18T11:43:03+0200,c4e0902c-5b85-4487-a0df-afe572964363,2026-07-05T16:30:00Z,2026-07-05T18:30:00+0200,82.04,EUR/MWh,DE,DE_LU,day_ahead_price,value,2026-07-18T09:44:31Z
2026-07-18T09:43:03Z,2026-07-18T11:43:03+0200,c4e0902c-5b85-4487-a0df-afe572964363,2026-07-05T16:45:00Z,2026-07-05T18:45:00+0200,111.96,EUR/MWh,DE,DE_LU,day_ahead_price,value,2026-07-18T09:44:31Z
2026-07-18T09:43:03Z,2026-07-18T11:43:03+0200,c4e0902c-5b85-4487-a0df-afe572964363,2026-07-05T17:00:00Z,2026-07-05T19:00:00+0200,69.67,EUR/MWh,DE,DE_LU,day_ahead_price,value,2026-07-18T09:44:31Z
2026-07-18T09:43:03Z,2026-07-18T11:43:03+0200,c4e0902c-5b85-4487-a0df-afe572964363,2026-07-05T17:15:00Z,2026-07-05T19:15:00+0200,100.28,EUR/MWh,DE,DE_LU,day_ahead_price,value,2026-07-18T09:44:31Z
2026-07-18T09:43:03Z,2026-07-18T11:43:03+0200,c4e0902c-5b85-4487-a0df-afe572964363,2026-07-05T17:30:00Z,2026-07-05T19:30:00+0200,125.07,EUR/MWh,DE,DE_LU,day_ahead_price,value,2026-07-18T09:44:31Z
2026-07-18T09:43:03Z,2026-07-18T11:43:03+0200,c4e0902c-5b85-4487-a0df-afe572964363,2026-07-05T17:45:00Z,2026-07-05T19:45:00+0200,135.0,EUR/MWh,DE,DE_LU,day_ahead_price,value,2026-07-18T09:44:31Z
2026-07-18T09:43:03Z,2026-07-18T11:43:03+0200,c4e0902c-5b85-4487-a0df-afe572964363,2026-07-05T18:00:00Z,2026-07-05T20:00:00+0200,115.65,EUR/MWh,DE,DE_LU,day_ahead_price,value,2026-07-18T09:44:31Z
2026-07-18T09:43:03Z,2026-07-18T11:43:03+0200,c4e0902c-5b85-4487-a0df-afe572964363,2026-07-05T18:15:00Z,2026-07-05T20:15:00+0200,122.54,EUR/MWh,DE,DE_LU,day_ahead_price,value,2026-07-18T09:44:31Z
2026-07-18T09:43:03Z,2026-07-18T11:43:03+0200,c4e0902c-5b85-4487-a0df-afe572964363,2026-07-05T18:30:00Z,2026-07-05T20:30:00+0200,134.01,EUR/MWh,DE,DE_LU,day_ahead_price,value,2026-07-18T09:44:31Z
2026-07-18T09:43:03Z,2026-07-18T11:43:03+0200,c4e0902c-5b85-4487-a0df-afe572964363,2026-07-05T18:45:00Z,2026-07-05T20:45:00+0200,144.99,EUR/MWh,DE,DE_LU,day_ahead_price,value,2026-07-18T09:44:31Z
2026-07-18T09:43:03Z,2026-07-18T11:43:03+0200,c4e0902c-5b85-4487-a0df-afe572964363,2026-07-05T19:00:00Z,2026-07-05T21:00:00+0200,129.95,EUR/MWh,DE,DE_LU,day_ahead_price,value,2026-07-18T09:44:31Z
2026-07-18T09:43:03Z,2026-07-18T11:43:03+0200,c4e0902c-5b85-4487-a0df-afe572964363,2026-07-05T19:15:00Z,2026-07-05T21:15:00+0200,133.15,EUR/MWh,DE,DE_LU,day_ahead_price,value,2026-07-18T09:44:31Z
2026-07-18T09:43:03Z,2026-07-18T11:43:03+0200,c4e0902c-5b85-4487-a0df-afe572964363,2026-07-05T19:30:00Z,2026-07-05T21:30:00+0200,136.63,EUR/MWh,DE,DE_LU,day_ahead_price,value,2026-07-18T09:44:31Z
2026-07-18T09:43:03Z,2026-07-18T11:43:03+0200,c4e0902c-5b85-4487-a0df-afe572964363,2026-07-05T19:45:00Z,2026-07-05T21:45:00+0200,146.43,EUR/MWh,DE,DE_LU,day_ahead_price,value,2026-07-18T09:44:31Z
2026-07-18T09:43:03Z,2026-07-18T11:43:03+0200,c4e0902c-5b85-4487-a0df-afe572964363,2026-07-05T20:00:00Z,2026-07-05T22:00:00+0200,144.99,EUR/MWh,DE,DE_LU,day_ahead_price,value,2026-07-18T09:44:31Z
2026-07-18T09:43:03Z,2026-07-18T11:43:03+0200,c4e0902c-5b85-4487-a0df-afe572964363,2026-07-05T20:15:00Z,2026-07-05T22:15:00+0200,143.59,EUR/MWh,DE,DE_LU,day_ahead_price,value,2026-07-18T09:44:31Z
2026-07-18T09:43:03Z,2026-07-18T11:43:03+0200,c4e0902c-5b85-4487-a0df-afe572964363,2026-07-05T20:30:00Z,2026-07-05T22:30:00+0200,137.68,EUR/MWh,DE,DE_LU,day_ahead_price,value,2026-07-18T09:44:31Z
2026-07-18T09:43:03Z,2026-07-18T11:43:03+0200,c4e0902c-5b85-4487-a0df-afe572964363,2026-07-05T20:45:00Z,2026-07-05T22:45:00+0200,133.31,EUR/MWh,DE,DE_LU,day_ahead_price,value,2026-07-18T09:44:31Z
2026-07-18T09:43:03Z,2026-07-18T11:43:03+0200,c4e0902c-5b85-4487-a0df-afe572964363,2026-07-05T21:00:00Z,2026-07-05T23:00:00+0200,134.51,EUR/MWh,DE,DE_LU,day_ahead_price,value,2026-07-18T09:44:31Z
2026-07-18T09:43:03Z,2026-07-18T11:43:03+0200,c4e0902c-5b85-4487-a0df-afe572964363,2026-07-05T21:15:00Z,2026-07-05T23:15:00+0200,124.6,EUR/MWh,DE,DE_LU,day_ahead_price,value,2026-07-18T09:44:31Z
2026-07-18T09:43:03Z,2026-07-18T11:43:03+0200,c4e0902c-5b85-4487-a0df-afe572964363,2026-07-05T21:30:00Z,2026-07-05T23:30:00+0200,129.06,EUR/MWh,DE,DE_LU,day_ahead_price,value,2026-07-18T09:44:31Z
2026-07-18T09:43:03Z,2026-07-18T11:43:03+0200,c4e0902c-5b85-4487-a0df-afe572964363,2026-07-05T21:45:00Z,2026-07-05T23:45:00+0200,123.41,EUR/MWh,DE,DE_LU,day_ahead_price,value,2026-07-18T09:44:31Z
2026-07-18T09:43:03Z,2026-07-18T11:43:03+0200,c4e0902c-5b85-4487-a0df-afe572964363,2026-07-05T22:00:00Z,2026-07-06T00:00:00+0200,149.55,EUR/MWh,DE,DE_LU,day_ahead_price,value,2026-07-18T09:44:31Z
2026-07-18T09:43:03Z,2026-07-18T11:43:03+0200,c4e0902c-5b85-4487-a0df-afe572964363,2026-07-05T22:15:00Z,2026-07-06T00:15:00+0200,145.0,EUR/MWh,DE,DE_LU,day_ahead_price,value,2026-07-18T09:44:31Z
2026-07-18T09:43:03Z,2026-07-18T11:43:03+0200,c4e0902c-5b85-4487-a0df-afe572964363,2026-07-05T22:30:00Z,2026-07-06T00:30:00+0200,136.0,EUR/MWh,DE,DE_LU,day_ahead_price,value,2026-07-18T09:44:31Z
2026-07-18T09:43:03Z,2026-07-18T11:43:03+0200,c4e0902c-5b85-4487-a0df-afe572964363,2026-07-05T22:45:00Z,2026-07-06T00:45:00+0200,123.67,EUR/MWh,DE,DE_LU,day_ahead_price,value,2026-07-18T09:44:31Z
2026-07-18T09:43:03Z,2026-07-18T11:43:03+0200,c4e0902c-5b85-4487-a0df-afe572964363,2026-07-05T23:00:00Z,2026-07-06T01:00:00+0200,130.57,EUR/MWh,DE,DE_LU,day_ahead_price,value,2026-07-18T09:44:31Z
2026-07-18T09:43:03Z,2026-07-18T11:43:03+0200,c4e0902c-5b85-4487-a0df-afe572964363,2026-07-05T23:15:00Z,2026-07-06T01:15:00+0200,124.75,EUR/MWh,DE,DE_LU,day_ahead_price,value,2026-07-18T09:44:31Z
2026-07-18T09:43:03Z,2026-07-18T11:43:03+0200,c4e0902c-5b85-4487-a0df-afe572964363,2026-07-05T23:30:00Z,2026-07-06T01:30:00+0200,122.84,EUR/MWh,DE,DE_LU,day_ahead_price,value,2026-07-18T09:44:31Z
2026-07-18T09:43:03Z,2026-07-18T11:43:03+0200,c4e0902c-5b85-4487-a0df-afe572964363,2026-07-05T23:45:00Z,2026-07-06T01:45:00+0200,119.99,EUR/MWh,DE,DE_LU,day_ahead_price,value,2026-07-18T09:44:31Z
2026-07-18T09:43:03Z,2026-07-18T11:43:03+0200,c4e0902c-5b85-4487-a0df-afe572964363,2026-07-06T00:00:00Z,2026-07-06T02:00:00+0200,124.91,EUR/MWh,DE,DE_LU,day_ahead_price,value,2026-07-18T09:44:31Z
2026-07-18T09:43:03Z,2026-07-18T11:43:03+0200,c4e0902c-5b85-4487-a0df-afe572964363,2026-07-06T00:15:00Z,2026-07-06T02:15:00+0200,119.57,EUR/MWh,DE,DE_LU,day_ahead_price,value,2026-07-18T09:44:31Z
2026-07-18T09:43:03Z,2026-07-18T11:43:03+0200,c4e0902c-5b85-4487-a0df-afe572964363,2026-07-06T00:30:00Z,2026-07-06T02:30:00+0200,118.21,EUR/MWh,DE,DE_LU,day_ahead_price,value,2026-07-18T09:44:31Z
2026-07-18T09:43:03Z,2026-07-18T11:43:03+0200,c4e0902c-5b85-4487-a0df-afe572964363,2026-07-06T00:45:00Z,2026-07-06T02:45:00+0200,116.36,EUR/MWh,DE,DE_LU,day_ahead_price,value,2026-07-18T09:44:31Z
2026-07-18T09:43:03Z,2026-07-18T11:43:03+0200,c4e0902c-5b85-4487-a0df-afe572964363,2026-07-06T01:00:00Z,2026-07-06T03:00:00+0200,115.42,EUR/MWh,DE,DE_LU,day_ahead_price,value,2026-07-18T09:44:31Z
2026-07-18T09:43:03Z,2026-07-18T11:43:03+0200,c4e0902c-5b85-4487-a0df-afe572964363,2026-07-06T01:15:00Z,2026-07-06T03:15:00+0200,114.72,EUR/MWh,DE,DE_LU,day_ahead_price,value,2026-07-18T09:44:31Z
2026-07-18T09:43:03Z,2026-07-18T11:43:03+0200,c4e0902c-5b85-4487-a0df-afe572964363,2026-07-06T01:30:00Z,2026-07-06T03:30:00+0200,115.95,EUR/MWh,DE,DE_LU,day_ahead_price,value,2026-07-18T09:44:31Z
2026-07-18T09:43:03Z,2026-07-18T11:43:03+0200,c4e0902c-5b85-4487-a0df-afe572964363,2026-07-06T01:45:00Z,2026-07-06T03:45:00+0200,116.11,EUR/MWh,DE,DE_LU,day_ahead_price,value,2026-07-18T09:44:31Z
2026-07-18T09:43:03Z,2026-07-18T11:43:03+0200,c4e0902c-5b85-4487-a0df-afe572964363,2026-07-06T02:00:00Z,2026-07-06T04:00:00+0200,114.39,EUR/MWh,DE,DE_LU,day_ahead_price,value,2026-07-18T09:44:31Z
2026-07-18T09:43:03Z,2026-07-18T11:43:03+0200,c4e0902c-5b85-4487-a0df-afe572964363,2026-07-06T02:15:00Z,2026-07-06T04:15:00+0200,114.13,EUR/MWh,DE,DE_LU,day_ahead_price,value,2026-07-18T09:44:31Z
2026-07-18T09:43:03Z,2026-07-18T11:43:03+0200,c4e0902c-5b85-4487-a0df-afe572964363,2026-07-06T02:30:00Z,2026-07-06T04:30:00+0200,117.9,EUR/MWh,DE,DE_LU,day_ahead_price,value,2026-07-18T09:44:31Z
2026-07-18T09:43:03Z,2026-07-18T11:43:03+0200,c4e0902c-5b85-4487-a0df-afe572964363,2026-07-06T02:45:00Z,2026-07-06T04:45:00+0200,117.28,EUR/MWh,DE,DE_LU,day_ahead_price,value,2026-07-18T09:44:31Z
2026-07-18T09:43:03Z,2026-07-18T11:43:03+0200,c4e0902c-5b85-4487-a0df-afe572964363,2026-07-06T03:00:00Z,2026-07-06T05:00:00+0200,116.41,EUR/MWh,DE,DE_LU,day_ahead_price,value,2026-07-18T09:44:31Z
2026-07-18T09:43:03Z,2026-07-18T11:43:03+0200,c4e0902c-5b85-4487-a0df-afe572964363,2026-07-06T03:15:00Z,2026-07-06T05:15:00+0200,117.05,EUR/MWh,DE,DE_LU,day_ahead_price,value,2026-07-18T09:44:31Z
2026-07-18T09:43:03Z,2026-07-18T11:43:03+0200,c4e0902c-5b85-4487-a0df-afe572964363,2026-07-06T03:30:00Z,2026-07-06T05:30:00+0200,120.0,EUR/MWh,DE,DE_LU,day_ahead_price,value,2026-07-18T09:44:31Z
2026-07-18T09:43:03Z,2026-07-18T11:43:03+0200,c4e0902c-5b85-4487-a0df-afe572964363,2026-07-06T03:45:00Z,2026-07-06T05:45:00+0200,129.98,EUR/MWh,DE,DE_LU,day_ahead_price,value,2026-07-18T09:44:31Z
2026-07-18T09:43:03Z,2026-07-18T11:43:03+0200,c4e0902c-5b85-4487-a0df-afe572964363,2026-07-06T04:00:00Z,2026-07-06T06:00:00+0200,129.64,EUR/MWh,DE,DE_LU,day_ahead_price,value,2026-07-18T09:44:31Z
2026-07-18T09:43:03Z,2026-07-18T11:43:03+0200,c4e0902c-5b85-4487-a0df-afe572964363,2026-07-06T04:15:00Z,2026-07-06T06:15:00+0200,138.53,EUR/MWh,DE,DE_LU,day_ahead_price,value,2026-07-18T09:44:31Z
2026-07-18T09:43:03Z,2026-07-18T11:43:03+0200,c4e0902c-5b85-4487-a0df-afe572964363,2026-07-06T04:30:00Z,2026-07-06T06:30:00+0200,139.33,EUR/MWh,DE,DE_LU,day_ahead_price,value,2026-07-18T09:44:31Z
2026-07-18T09:43:03Z,2026-07-18T11:43:03+0200,c4e0902c-5b85-4487-a0df-afe572964363,2026-07-06T04:45:00Z,2026-07-06T06:45:00+0200,136.63,EUR/MWh,DE,DE_LU,day_ahead_price,value,2026-07-18T09:44:31Z
2026-07-18T09:43:03Z,2026-07-18T11:43:03+0200,c4e0902c-5b85-4487-a0df-afe572964363,2026-07-06T05:00:00Z,2026-07-06T07:00:00+0200,148.93,EUR/MWh,DE,DE_LU,day_ahead_price,value,2026-07-18T09:44:31Z
2026-07-18T09:43:03Z,2026-07-18T11:43:03+0200,c4e0902c-5b85-4487-a0df-afe572964363,2026-07-06T05:15:00Z,2026-07-06T07:15:00+0200,143.75,EUR/MWh,DE,DE_LU,day_ahead_price,value,2026-07-18T09:44:31Z
2026-07-18T09:43:03Z,2026-07-18T11:43:03+0200,c4e0902c-5b85-4487-a0df-afe572964363,2026-07-06T05:30:00Z,2026-07-06T07:30:00+0200,133.79,EUR/MWh,DE,DE_LU,day_ahead_price,value,2026-07-18T09:44:31Z
2026-07-18T09:43:03Z,2026-07-18T11:43:03+0200,c4e0902c-5b85-4487-a0df-afe572964363,2026-07-06T05:45:00Z,2026-07-06T07:45:00+0200,131.77,EUR/MWh,DE,DE_LU,day_ahead_price,value,2026-07-18T09:44:31Z
2026-07-18T09:43:03Z,2026-07-18T11:43:03+0200,c4e0902c-5b85-4487-a0df-afe572964363,2026-07-06T06:00:00Z,2026-07-06T08:00:00+0200,155.93,EUR/MWh,DE,DE_LU,day_ahead_price,value,2026-07-18T09:44:31Z
2026-07-18T09:43:03Z,2026-07-18T11:43:03+0200,c4e0902c-5b85-4487-a0df-afe572964363,2026-07-06T06:15:00Z,2026-07-06T08:15:00+0200,135.18,EUR/MWh,DE,DE_LU,day_ahead_price,value,2026-07-18T09:44:31Z
2026-07-18T09:43:03Z,2026-07-18T11:43:03+0200,c4e0902c-5b85-4487-a0df-afe572964363,2026-07-06T06:30:00Z,2026-07-06T08:30:00+0200,127.45,EUR/MWh,DE,DE_LU,day_ahead_price,value,2026-07-18T09:44:31Z
2026-07-18T09:43:03Z,2026-07-18T11:43:03+0200,c4e0902c-5b85-4487-a0df-afe572964363,2026-07-06T06:45:00Z,2026-07-06T08:45:00+0200,116.9,EUR/MWh,DE,DE_LU,day_ahead_price,value,2026-07-18T09:44:31Z
2026-07-18T09:43:03Z,2026-07-18T11:43:03+0200,c4e0902c-5b85-4487-a0df-afe572964363,2026-07-06T07:00:00Z,2026-07-06T09:00:00+0200,127.87,EUR/MWh,DE,DE_LU,day_ahead_price,value,2026-07-18T09:44:31Z
2026-07-18T09:43:03Z,2026-07-18T11:43:03+0200,c4e0902c-5b85-4487-a0df-afe572964363,2026-07-06T07:15:00Z,2026-07-06T09:15:00+0200,115.55,EUR/MWh,DE,DE_LU,day_ahead_price,value,2026-07-18T09:44:31Z
2026-07-18T09:43:03Z,2026-07-18T11:43:03+0200,c4e0902c-5b85-4487-a0df-afe572964363,2026-07-06T07:30:00Z,2026-07-06T09:30:00+0200,105.08,EUR/MWh,DE,DE_LU,day_ahead_price,value,2026-07-18T09:44:31Z
2026-07-18T09:43:03Z,2026-07-18T11:43:03+0200,c4e0902c-5b85-4487-a0df-afe572964363,2026-07-06T07:45:00Z,2026-07-06T09:45:00+0200,93.96,EUR/MWh,DE,DE_LU,day_ahead_price,value,2026-07-18T09:44:31Z
2026-07-18T09:43:03Z,2026-07-18T11:43:03+0200,c4e0902c-5b85-4487-a0df-afe572964363,2026-07-06T08:00:00Z,2026-07-06T10:00:00+0200,114.77,EUR/MWh,DE,DE_LU,day_ahead_price,value,2026-07-18T09:44:31Z
2026-07-18T09:43:03Z,2026-07-18T11:43:03+0200,c4e0902c-5b85-4487-a0df-afe572964363,2026-07-06T08:15:00Z,2026-07-06T10:15:00+0200,94.99,EUR/MWh,DE,DE_LU,day_ahead_price,value,2026-07-18T09:44:31Z
2026-07-18T09:43:03Z,2026-07-18T11:43:03+0200,c4e0902c-5b85-4487-a0df-afe572964363,2026-07-06T08:30:00Z,2026-07-06T10:30:00+0200,81.4,EUR/MWh,DE,DE_LU,day_ahead_price,value,2026-07-18T09:44:31Z
2026-07-18T09:43:03Z,2026-07-18T11:43:03+0200,c4e0902c-5b85-4487-a0df-afe572964363,2026-07-06T08:45:00Z,2026-07-06T10:45:00+0200,69.94,EUR/MWh,DE,DE_LU,day_ahead_price,value,2026-07-18T09:44:31Z
2026-07-18T09:43:03Z,2026-07-18T11:43:03+0200,c4e0902c-5b85-4487-a0df-afe572964363,2026-07-06T09:00:00Z,2026-07-06T11:00:00+0200,87.0,EUR/MWh,DE,DE_LU,day_ahead_price,value,2026-07-18T09:44:31Z
2026-07-18T09:43:03Z,2026-07-18T11:43:03+0200,c4e0902c-5b85-4487-a0df-afe572964363,2026-07-06T09:15:00Z,2026-07-06T11:15:00+0200,79.52,EUR/MWh,DE,DE_LU,day_ahead_price,value,2026-07-18T09:44:31Z
2026-07-18T09:43:03Z,2026-07-18T11:43:03+0200,c4e0902c-5b85-4487-a0df-afe572964363,2026-07-06T09:30:00Z,2026-07-06T11:30:00+0200,64.74,EUR/MWh,DE,DE_LU,day_ahead_price,value,2026-07-18T09:44:31Z
2026-07-18T09:43:03Z,2026-07-18T11:43:03+0200,c4e0902c-5b85-4487-a0df-afe572964363,2026-07-06T09:45:00Z,2026-07-06T11:45:00+0200,57.0,EUR/MWh,DE,DE_LU,day_ahead_price,value,2026-07-18T09:44:31Z
2026-07-18T09:43:03Z,2026-07-18T11:43:03+0200,c4e0902c-5b85-4487-a0df-afe572964363,2026-07-06T10:00:00Z,2026-07-06T12:00:00+0200,59.95,EUR/MWh,DE,DE_LU,day_ahead_price,value,2026-07-18T09:44:31Z
2026-07-18T09:43:03Z,2026-07-18T11:43:03+0200,c4e0902c-5b85-4487-a0df-afe572964363,2026-07-06T10:15:00Z,2026-07-06T12:15:00+0200,47.22,EUR/MWh,DE,DE_LU,day_ahead_price,value,2026-07-18T09:44:31Z
2026-07-18T09:43:03Z,2026-07-18T11:43:03+0200,c4e0902c-5b85-4487-a0df-afe572964363,2026-07-06T10:30:00Z,2026-07-06T12:30:00+0200,38.33,EUR/MWh,DE,DE_LU,day_ahead_price,value,2026-07-18T09:44:31Z
2026-07-18T09:43:03Z,2026-07-18T11:43:03+0200,c4e0902c-5b85-4487-a0df-afe572964363,2026-07-06T10:45:00Z,2026-07-06T12:45:00+0200,26.56,EUR/MWh,DE,DE_LU,day_ahead_price,value,2026-07-18T09:44:31Z
2026-07-18T09:43:03Z,2026-07-18T11:43:03+0200,c4e0902c-5b85-4487-a0df-afe572964363,2026-07-06T11:00:00Z,2026-07-06T13:00:00+0200,39.51,EUR/MWh,DE,DE_LU,day_ahead_price,value,2026-07-18T09:44:31Z
2026-07-18T09:43:03Z,2026-07-18T11:43:03+0200,c4e0902c-5b85-4487-a0df-afe572964363,2026-07-06T11:15:00Z,2026-07-06T13:15:00+0200,25.02,EUR/MWh,DE,DE_LU,day_ahead_price,value,2026-07-18T09:44:31Z
2026-07-18T09:43:03Z,2026-07-18T11:43:03+0200,c4e0902c-5b85-4487-a0df-afe572964363,2026-07-06T11:30:00Z,2026-07-06T13:30:00+0200,14.16,EUR/MWh,DE,DE_LU,day_ahead_price,value,2026-07-18T09:44:31Z
2026-07-18T09:43:03Z,2026-07-18T11:43:03+0200,c4e0902c-5b85-4487-a0df-afe572964363,2026-07-06T11:45:00Z,2026-07-06T13:45:00+0200,3.09,EUR/MWh,DE,DE_LU,day_ahead_price,value,2026-07-18T09:44:31Z
2026-07-18T09:43:03Z,2026-07-18T11:43:03+0200,c4e0902c-5b85-4487-a0df-afe572964363,2026-07-06T12:00:00Z,2026-07-06T14:00:00+0200,19.2,EUR/MWh,DE,DE_LU,day_ahead_price,value,2026-07-18T09:44:31Z
2026-07-18T09:43:03Z,2026-07-18T11:43:03+0200,c4e0902c-5b85-4487-a0df-afe572964363,2026-07-06T12:15:00Z,2026-07-06T14:15:00+0200,10.24,EUR/MWh,DE,DE_LU,day_ahead_price,value,2026-07-18T09:44:31Z
2026-07-18T09:43:03Z,2026-07-18T11:43:03+0200,c4e0902c-5b85-4487-a0df-afe572964363,2026-07-06T12:30:00Z,2026-07-06T14:30:00+0200,8.76,EUR/MWh,DE,DE_LU,day_ahead_price,value,2026-07-18T09:44:31Z
2026-07-18T09:43:03Z,2026-07-18T11:43:03+0200,c4e0902c-5b85-4487-a0df-afe572964363,2026-07-06T12:45:00Z,2026-07-06T14:45:00+0200,1.03,EUR/MWh,DE,DE_LU,day_ahead_price,value,2026-07-18T09:44:31Z
2026-07-18T09:43:03Z,2026-07-18T11:43:03+0200,c4e0902c-5b85-4487-a0df-afe572964363,2026-07-06T13:00:00Z,2026-07-06T15:00:00+0200,4.51,EUR/MWh,DE,DE_LU,day_ahead_price,value,2026-07-18T09:44:31Z
2026-07-18T09:43:03Z,2026-07-18T11:43:03+0200,c4e0902c-5b85-4487-a0df-afe572964363,2026-07-06T13:15:00Z,2026-07-06T15:15:00+0200,2.86,EUR/MWh,DE,DE_LU,day_ahead_price,value,2026-07-18T09:44:31Z
2026-07-18T09:43:03Z,2026-07-18T11:43:03+0200,c4e0902c-5b85-4487-a0df-afe572964363,2026-07-06T13:30:00Z,2026-07-06T15:30:00+0200,4.99,EUR/MWh,DE,DE_LU,day_ahead_price,value,2026-07-18T09:44:31Z
2026-07-18T09:43:03Z,2026-07-18T11:43:03+0200,c4e0902c-5b85-4487-a0df-afe572964363,2026-07-06T13:45:00Z,2026-07-06T15:45:00+0200,7.64,EUR/MWh,DE,DE_LU,day_ahead_price,value,2026-07-18T09:44:31Z
2026-07-18T09:43:03Z,2026-07-18T11:43:03+0200,c4e0902c-5b85-4487-a0df-afe572964363,2026-07-06T14:00:00Z,2026-07-06T16:00:00+0200,2.46,EUR/MWh,DE,DE_LU,day_ahead_price,value,2026-07-18T09:44:31Z
2026-07-18T09:43:03Z,2026-07-18T11:43:03+0200,c4e0902c-5b85-4487-a0df-afe572964363,2026-07-06T14:15:00Z,2026-07-06T16:15:00+0200,11.06,EUR/MWh,DE,DE_LU,day_ahead_price,value,2026-07-18T09:44:31Z
2026-07-18T09:43:03Z,2026-07-18T11:43:03+0200,c4e0902c-5b85-4487-a0df-afe572964363,2026-07-06T14:30:00Z,2026-07-06T16:30:00+0200,26.52,EUR/MWh,DE,DE_LU,day_ahead_price,value,2026-07-18T09:44:31Z
2026-07-18T09:43:03Z,2026-07-18T11:43:03+0200,c4e0902c-5b85-4487-a0df-afe572964363,2026-07-06T14:45:00Z,2026-07-06T16:45:00+0200,42.0,EUR/MWh,DE,DE_LU,day_ahead_price,value,2026-07-18T09:44:31Z
2026-07-18T09:43:03Z,2026-07-18T11:43:03+0200,c4e0902c-5b85-4487-a0df-afe572964363,2026-07-06T15:00:00Z,2026-07-06T17:00:00+0200,28.86,EUR/MWh,DE,DE_LU,day_ahead_price,value,2026-07-18T09:44:31Z
2026-07-18T09:43:03Z,2026-07-18T11:43:03+0200,c4e0902c-5b85-4487-a0df-afe572964363,2026-07-06T15:15:00Z,2026-07-06T17:15:00+0200,64.14,EUR/MWh,DE,DE_LU,day_ahead_price,value,2026-07-18T09:44:31Z
2026-07-18T09:43:03Z,2026-07-18T11:43:03+0200,c4e0902c-5b85-4487-a0df-afe572964363,2026-07-06T15:30:00Z,2026-07-06T17:30:00+0200,81.21,EUR/MWh,DE,DE_LU,day_ahead_price,value,2026-07-18T09:44:31Z
2026-07-18T09:43:03Z,2026-07-18T11:43:03+0200,c4e0902c-5b85-4487-a0df-afe572964363,2026-07-06T15:45:00Z,2026-07-06T17:45:00+0200,92.12,EUR/MWh,DE,DE_LU,day_ahead_price,value,2026-07-18T09:44:31Z
2026-07-18T09:43:03Z,2026-07-18T11:43:03+0200,c4e0902c-5b85-4487-a0df-afe572964363,2026-07-06T16:00:00Z,2026-07-06T18:00:00+0200,79.74,EUR/MWh,DE,DE_LU,day_ahead_price,value,2026-07-18T09:44:31Z
2026-07-18T09:43:03Z,2026-07-18T11:43:03+0200,c4e0902c-5b85-4487-a0df-afe572964363,2026-07-06T16:15:00Z,2026-07-06T18:15:00+0200,92.6,EUR/MWh,DE,DE_LU,day_ahead_price,value,2026-07-18T09:44:31Z
2026-07-18T09:43:03Z,2026-07-18T11:43:03+0200,c4e0902c-5b85-4487-a0df-afe572964363,2026-07-06T16:30:00Z,2026-07-06T18:30:00+0200,108.23,EUR/MWh,DE,DE_LU,day_ahead_price,value,2026-07-18T09:44:31Z
2026-07-18T09:43:03Z,2026-07-18T11:43:03+0200,c4e0902c-5b85-4487-a0df-afe572964363,2026-07-06T16:45:00Z,2026-07-06T18:45:00+0200,116.78,EUR/MWh,DE,DE_LU,day_ahead_price,value,2026-07-18T09:44:31Z
2026-07-18T09:43:03Z,2026-07-18T11:43:03+0200,c4e0902c-5b85-4487-a0df-afe572964363,2026-07-06T17:00:00Z,2026-07-06T19:00:00+0200,101.23,EUR/MWh,DE,DE_LU,day_ahead_price,value,2026-07-18T09:44:31Z
2026-07-18T09:43:03Z,2026-07-18T11:43:03+0200,c4e0902c-5b85-4487-a0df-afe572964363,2026-07-06T17:15:00Z,2026-07-06T19:15:00+0200,111.12,EUR/MWh,DE,DE_LU,day_ahead_price,value,2026-07-18T09:44:31Z
2026-07-18T09:43:03Z,2026-07-18T11:43:03+0200,c4e0902c-5b85-4487-a0df-afe572964363,2026-07-06T17:30:00Z,2026-07-06T19:30:00+0200,125.26,EUR/MWh,DE,DE_LU,day_ahead_price,value,2026-07-18T09:44:31Z
2026-07-18T09:43:03Z,2026-07-18T11:43:03+0200,c4e0902c-5b85-4487-a0df-afe572964363,2026-07-06T17:45:00Z,2026-07-06T19:45:00+0200,133.85,EUR/MWh,DE,DE_LU,day_ahead_price,value,2026-07-18T09:44:31Z
2026-07-18T09:43:03Z,2026-07-18T11:43:03+0200,c4e0902c-5b85-4487-a0df-afe572964363,2026-07-06T18:00:00Z,2026-07-06T20:00:00+0200,124.27,EUR/MWh,DE,DE_LU,day_ahead_price,value,2026-07-18T09:44:31Z
2026-07-18T09:43:03Z,2026-07-18T11:43:03+0200,c4e0902c-5b85-4487-a0df-afe572964363,2026-07-06T18:15:00Z,2026-07-06T20:15:00+0200,135.21,EUR/MWh,DE,DE_LU,day_ahead_price,value,2026-07-18T09:44:31Z
2026-07-18T09:43:03Z,2026-07-18T11:43:03+0200,c4e0902c-5b85-4487-a0df-afe572964363,2026-07-06T18:30:00Z,2026-07-06T20:30:00+0200,140.83,EUR/MWh,DE,DE_LU,day_ahead_price,value,2026-07-18T09:44:31Z
2026-07-18T09:43:03Z,2026-07-18T11:43:03+0200,c4e0902c-5b85-4487-a0df-afe572964363,2026-07-06T18:45:00Z,2026-07-06T20:45:00+0200,153.01,EUR/MWh,DE,DE_LU,day_ahead_price,value,2026-07-18T09:44:31Z
2026-07-18T09:43:03Z,2026-07-18T11:43:03+0200,c4e0902c-5b85-4487-a0df-afe572964363,2026-07-06T19:00:00Z,2026-07-06T21:00:00+0200,151.64,EUR/MWh,DE,DE_LU,day_ahead_price,value,2026-07-18T09:44:31Z
2026-07-18T09:43:03Z,2026-07-18T11:43:03+0200,c4e0902c-5b85-4487-a0df-afe572964363,2026-07-06T19:15:00Z,2026-07-06T21:15:00+0200,155.18,EUR/MWh,DE,DE_LU,day_ahead_price,value,2026-07-18T09:44:31Z
2026-07-18T09:43:03Z,2026-07-18T11:43:03+0200,c4e0902c-5b85-4487-a0df-afe572964363,2026-07-06T19:30:00Z,2026-07-06T21:30:00+0200,153.19,EUR/MWh,DE,DE_LU,day_ahead_price,value,2026-07-18T09:44:31Z
2026-07-18T09:43:03Z,2026-07-18T11:43:03+0200,c4e0902c-5b85-4487-a0df-afe572964363,2026-07-06T19:45:00Z,2026-07-06T21:45:00+0200,144.8,EUR/MWh,DE,DE_LU,day_ahead_price,value,2026-07-18T09:44:31Z
2026-07-18T09:43:03Z,2026-07-18T11:43:03+0200,c4e0902c-5b85-4487-a0df-afe572964363,2026-07-06T20:00:00Z,2026-07-06T22:00:00+0200,152.61,EUR/MWh,DE,DE_LU,day_ahead_price,value,2026-07-18T09:44:31Z
2026-07-18T09:43:03Z,2026-07-18T11:43:03+0200,c4e0902c-5b85-4487-a0df-afe572964363,2026-07-06T20:15:00Z,2026-07-06T22:15:00+0200,143.82,EUR/MWh,DE,DE_LU,day_ahead_price,value,2026-07-18T09:44:31Z
2026-07-18T09:43:03Z,2026-07-18T11:43:03+0200,c4e0902c-5b85-4487-a0df-afe572964363,2026-07-06T20:30:00Z,2026-07-06T22:30:00+0200,150.67,EUR/MWh,DE,DE_LU,day_ahead_price,value,2026-07-18T09:44:31Z
2026-07-18T09:43:03Z,2026-07-18T11:43:03+0200,c4e0902c-5b85-4487-a0df-afe572964363,2026-07-06T20:45:00Z,2026-07-06T22:45:00+0200,141.52,EUR/MWh,DE,DE_LU,day_ahead_price,value,2026-07-18T09:44:31Z
2026-07-18T09:43:03Z,2026-07-18T11:43:03+0200,c4e0902c-5b85-4487-a0df-afe572964363,2026-07-06T21:00:00Z,2026-07-06T23:00:00+0200,145.38,EUR/MWh,DE,DE_LU,day_ahead_price,value,2026-07-18T09:44:31Z
2026-07-18T09:43:03Z,2026-07-18T11:43:03+0200,c4e0902c-5b85-4487-a0df-afe572964363,2026-07-06T21:15:00Z,2026-07-06T23:15:00+0200,135.27,EUR/MWh,DE,DE_LU,day_ahead_price,value,2026-07-18T09:44:31Z
2026-07-18T09:43:03Z,2026-07-18T11:43:03+0200,c4e0902c-5b85-4487-a0df-afe572964363,2026-07-06T21:30:00Z,2026-07-06T23:30:00+0200,132.58,EUR/MWh,DE,DE_LU,day_ahead_price,value,2026-07-18T09:44:31Z
2026-07-18T09:43:03Z,2026-07-18T11:43:03+0200,c4e0902c-5b85-4487-a0df-afe572964363,2026-07-06T21:45:00Z,2026-07-06T23:45:00+0200,126.77,EUR/MWh,DE,DE_LU,day_ahead_price,value,2026-07-18T09:44:31Z
2026-07-18T09:43:03Z,2026-07-18T11:43:03+0200,c4e0902c-5b85-4487-a0df-afe572964363,2026-07-06T22:00:00Z,2026-07-07T00:00:00+0200,129.03,EUR/MWh,DE,DE_LU,day_ahead_price,value,2026-07-18T09:44:31Z
2026-07-18T09:43:03Z,2026-07-18T11:43:03+0200,c4e0902c-5b85-4487-a0df-afe572964363,2026-07-06T22:15:00Z,2026-07-07T00:15:00+0200,127.28,EUR/MWh,DE,DE_LU,day_ahead_price,value,2026-07-18T09:44:31Z
2026-07-18T09:43:03Z,2026-07-18T11:43:03+0200,c4e0902c-5b85-4487-a0df-afe572964363,2026-07-06T22:30:00Z,2026-07-07T00:30:00+0200,116.08,EUR/MWh,DE,DE_LU,day_ahead_price,value,2026-07-18T09:44:31Z
2026-07-18T09:43:03Z,2026-07-18T11:43:03+0200,c4e0902c-5b85-4487-a0df-afe572964363,2026-07-06T22:45:00Z,2026-07-07T00:45:00+0200,111.53,EUR/MWh,DE,DE_LU,day_ahead_price,value,2026-07-18T09:44:31Z
2026-07-18T09:43:03Z,2026-07-18T11:43:03+0200,c4e0902c-5b85-4487-a0df-afe572964363,2026-07-06T23:00:00Z,2026-07-07T01:00:00+0200,121.75,EUR/MWh,DE,DE_LU,day_ahead_price,value,2026-07-18T09:44:31Z
2026-07-18T09:43:03Z,2026-07-18T11:43:03+0200,c4e0902c-5b85-4487-a0df-afe572964363,2026-07-06T23:15:00Z,2026-07-07T01:15:00+0200,114.02,EUR/MWh,DE,DE_LU,day_ahead_price,value,2026-07-18T09:44:31Z
2026-07-18T09:43:03Z,2026-07-18T11:43:03+0200,c4e0902c-5b85-4487-a0df-afe572964363,2026-07-06T23:30:00Z,2026-07-07T01:30:00+0200,112.85,EUR/MWh,DE,DE_LU,day_ahead_price,value,2026-07-18T09:44:31Z
2026-07-18T09:43:03Z,2026-07-18T11:43:03+0200,c4e0902c-5b85-4487-a0df-afe572964363,2026-07-06T23:45:00Z,2026-07-07T01:45:00+0200,109.99,EUR/MWh,DE,DE_LU,day_ahead_price,value,2026-07-18T09:44:31Z
2026-07-18T09:43:03Z,2026-07-18T11:43:03+0200,c4e0902c-5b85-4487-a0df-afe572964363,2026-07-07T00:00:00Z,2026-07-07T02:00:00+0200,113.0,EUR/MWh,DE,DE_LU,day_ahead_price,value,2026-07-18T09:44:31Z
2026-07-18T09:43:03Z,2026-07-18T11:43:03+0200,c4e0902c-5b85-4487-a0df-afe572964363,2026-07-07T00:15:00Z,2026-07-07T02:15:00+0200,109.28,EUR/MWh,DE,DE_LU,day_ahead_price,value,2026-07-18T09:44:31Z
2026-07-18T09:43:03Z,2026-07-18T11:43:03+0200,c4e0902c-5b85-4487-a0df-afe572964363,2026-07-07T00:30:00Z,2026-07-07T02:30:00+0200,106.29,EUR/MWh,DE,DE_LU,day_ahead_price,value,2026-07-18T09:44:31Z
2026-07-18T09:43:03Z,2026-07-18T11:43:03+0200,c4e0902c-5b85-4487-a0df-afe572964363,2026-07-07T00:45:00Z,2026-07-07T02:45:00+0200,103.38,EUR/MWh,DE,DE_LU,day_ahead_price,value,2026-07-18T09:44:31Z
2026-07-18T09:43:03Z,2026-07-18T11:43:03+0200,c4e0902c-5b85-4487-a0df-afe572964363,2026-07-07T01:00:00Z,2026-07-07T03:00:00+0200,103.36,EUR/MWh,DE,DE_LU,day_ahead_price,value,2026-07-18T09:44:31Z
2026-07-18T09:43:03Z,2026-07-18T11:43:03+0200,c4e0902c-5b85-4487-a0df-afe572964363,2026-07-07T01:15:00Z,2026-07-07T03:15:00+0200,100.07,EUR/MWh,DE,DE_LU,day_ahead_price,value,2026-07-18T09:44:31Z
2026-07-18T09:43:03Z,2026-07-18T11:43:03+0200,c4e0902c-5b85-4487-a0df-afe572964363,2026-07-07T01:30:00Z,2026-07-07T03:30:00+0200,101.0,EUR/MWh,DE,DE_LU,day_ahead_price,value,2026-07-18T09:44:31Z
2026-07-18T09:43:03Z,2026-07-18T11:43:03+0200,c4e0902c-5b85-4487-a0df-afe572964363,2026-07-07T01:45:00Z,2026-07-07T03:45:00+0200,99.58,EUR/MWh,DE,DE_LU,day_ahead_price,value,2026-07-18T09:44:31Z
2026-07-18T09:43:03Z,2026-07-18T11:43:03+0200,c4e0902c-5b85-4487-a0df-afe572964363,2026-07-07T02:00:00Z,2026-07-07T04:00:00+0200,98.9,EUR/MWh,DE,DE_LU,day_ahead_price,value,2026-07-18T09:44:31Z
2026-07-18T09:43:03Z,2026-07-18T11:43:03+0200,c4e0902c-5b85-4487-a0df-afe572964363,2026-07-07T02:15:00Z,2026-07-07T04:15:00+0200,97.27,EUR/MWh,DE,DE_LU,day_ahead_price,value,2026-07-18T09:44:31Z
2026-07-18T09:43:03Z,2026-07-18T11:43:03+0200,c4e0902c-5b85-4487-a0df-afe572964363,2026-07-07T02:30:00Z,2026-07-07T04:30:00+0200,98.19,EUR/MWh,DE,DE_LU,day_ahead_price,value,2026-07-18T09:44:31Z
2026-07-18T09:43:03Z,2026-07-18T11:43:03+0200,c4e0902c-5b85-4487-a0df-afe572964363,2026-07-07T02:45:00Z,2026-07-07T04:45:00+0200,99.17,EUR/MWh,DE,DE_LU,day_ahead_price,value,2026-07-18T09:44:31Z
2026-07-18T09:43:03Z,2026-07-18T11:43:03+0200,c4e0902c-5b85-4487-a0df-afe572964363,2026-07-07T03:00:00Z,2026-07-07T05:00:00+0200,100.0,EUR/MWh,DE,DE_LU,day_ahead_price,value,2026-07-18T09:44:31Z
2026-07-18T09:43:03Z,2026-07-18T11:43:03+0200,c4e0902c-5b85-4487-a0df-afe572964363,2026-07-07T03:15:00Z,2026-07-07T05:15:00+0200,100.57,EUR/MWh,DE,DE_LU,day_ahead_price,value,2026-07-18T09:44:31Z
2026-07-18T09:43:03Z,2026-07-18T11:43:03+0200,c4e0902c-5b85-4487-a0df-afe572964363,2026-07-07T03:30:00Z,2026-07-07T05:30:00+0200,102.72,EUR/MWh,DE,DE_LU,day_ahead_price,value,2026-07-18T09:44:31Z
2026-07-18T09:43:03Z,2026-07-18T11:43:03+0200,c4e0902c-5b85-4487-a0df-afe572964363,2026-07-07T03:45:00Z,2026-07-07T05:45:00+0200,106.34,EUR/MWh,DE,DE_LU,day_ahead_price,value,2026-07-18T09:44:31Z
2026-07-18T09:43:03Z,2026-07-18T11:43:03+0200,c4e0902c-5b85-4487-a0df-afe572964363,2026-07-07T04:00:00Z,2026-07-07T06:00:00+0200,111.14,EUR/MWh,DE,DE_LU,day_ahead_price,value,2026-07-18T09:44:31Z
2026-07-18T09:43:03Z,2026-07-18T11:43:03+0200,c4e0902c-5b85-4487-a0df-afe572964363,2026-07-07T04:15:00Z,2026-07-07T06:15:00+0200,117.33,EUR/MWh,DE,DE_LU,day_ahead_price,value,2026-07-18T09:44:31Z
2026-07-18T09:43:03Z,2026-07-18T11:43:03+0200,c4e0902c-5b85-4487-a0df-afe572964363,2026-07-07T04:30:00Z,2026-07-07T06:30:00+0200,116.82,EUR/MWh,DE,DE_LU,day_ahead_price,value,2026-07-18T09:44:31Z
2026-07-18T09:43:03Z,2026-07-18T11:43:03+0200,c4e0902c-5b85-4487-a0df-afe572964363,2026-07-07T04:45:00Z,2026-07-07T06:45:00+0200,117.11,EUR/MWh,DE,DE_LU,day_ahead_price,value,2026-07-18T09:44:31Z
2026-07-18T09:43:03Z,2026-07-18T11:43:03+0200,c4e0902c-5b85-4487-a0df-afe572964363,2026-07-07T05:00:00Z,2026-07-07T07:00:00+0200,124.01,EUR/MWh,DE,DE_LU,day_ahead_price,value,2026-07-18T09:44:31Z
2026-07-18T09:43:03Z,2026-07-18T11:43:03+0200,c4e0902c-5b85-4487-a0df-afe572964363,2026-07-07T05:15:00Z,2026-07-07T07:15:00+0200,121.0,EUR/MWh,DE,DE_LU,day_ahead_price,value,2026-07-18T09:44:31Z
2026-07-18T09:43:03Z,2026-07-18T11:43:03+0200,c4e0902c-5b85-4487-a0df-afe572964363,2026-07-07T05:30:00Z,2026-07-07T07:30:00+0200,117.95,EUR/MWh,DE,DE_LU,day_ahead_price,value,2026-07-18T09:44:31Z
2026-07-18T09:43:03Z,2026-07-18T11:43:03+0200,c4e0902c-5b85-4487-a0df-afe572964363,2026-07-07T05:45:00Z,2026-07-07T07:45:00+0200,111.61,EUR/MWh,DE,DE_LU,day_ahead_price,value,2026-07-18T09:44:31Z
2026-07-18T09:43:03Z,2026-07-18T11:43:03+0200,c4e0902c-5b85-4487-a0df-afe572964363,2026-07-07T06:00:00Z,2026-07-07T08:00:00+0200,128.69,EUR/MWh,DE,DE_LU,day_ahead_price,value,2026-07-18T09:44:31Z
2026-07-18T09:43:03Z,2026-07-18T11:43:03+0200,c4e0902c-5b85-4487-a0df-afe572964363,2026-07-07T06:15:00Z,2026-07-07T08:15:00+0200,114.3,EUR/MWh,DE,DE_LU,day_ahead_price,value,2026-07-18T09:44:31Z
2026-07-18T09:43:03Z,2026-07-18T11:43:03+0200,c4e0902c-5b85-4487-a0df-afe572964363,2026-07-07T06:30:00Z,2026-07-07T08:30:00+0200,112.34,EUR/MWh,DE,DE_LU,day_ahead_price,value,2026-07-18T09:44:31Z
2026-07-18T09:43:03Z,2026-07-18T11:43:03+0200,c4e0902c-5b85-4487-a0df-afe572964363,2026-07-07T06:45:00Z,2026-07-07T08:45:00+0200,104.23,EUR/MWh,DE,DE_LU,day_ahead_price,value,2026-07-18T09:44:31Z
2026-07-18T09:43:03Z,2026-07-18T11:43:03+0200,c4e0902c-5b85-4487-a0df-afe572964363,2026-07-07T07:00:00Z,2026-07-07T09:00:00+0200,121.97,EUR/MWh,DE,DE_LU,day_ahead_price,value,2026-07-18T09:44:31Z
2026-07-18T09:43:03Z,2026-07-18T11:43:03+0200,c4e0902c-5b85-4487-a0df-afe572964363,2026-07-07T07:15:00Z,2026-07-07T09:15:00+0200,106.62,EUR/MWh,DE,DE_LU,day_ahead_price,value,2026-07-18T09:44:31Z
2026-07-18T09:43:03Z,2026-07-18T11:43:03+0200,c4e0902c-5b85-4487-a0df-afe572964363,2026-07-07T07:30:00Z,2026-07-07T09:30:00+0200,89.96,EUR/MWh,DE,DE_LU,day_ahead_price,value,2026-07-18T09:44:31Z
2026-07-18T09:43:03Z,2026-07-18T11:43:03+0200,c4e0902c-5b85-4487-a0df-afe572964363,2026-07-07T07:45:00Z,2026-07-07T09:45:00+0200,60.04,EUR/MWh,DE,DE_LU,day_ahead_price,value,2026-07-18T09:44:31Z
2026-07-18T09:43:03Z,2026-07-18T11:43:03+0200,c4e0902c-5b85-4487-a0df-afe572964363,2026-07-07T08:00:00Z,2026-07-07T10:00:00+0200,82.67,EUR/MWh,DE,DE_LU,day_ahead_price,value,2026-07-18T09:44:31Z
2026-07-18T09:43:03Z,2026-07-18T11:43:03+0200,c4e0902c-5b85-4487-a0df-afe572964363,2026-07-07T08:15:00Z,2026-07-07T10:15:00+0200,54.52,EUR/MWh,DE,DE_LU,day_ahead_price,value,2026-07-18T09:44:31Z
2026-07-18T09:43:03Z,2026-07-18T11:43:03+0200,c4e0902c-5b85-4487-a0df-afe572964363,2026-07-07T08:30:00Z,2026-07-07T10:30:00+0200,32.22,EUR/MWh,DE,DE_LU,day_ahead_price,value,2026-07-18T09:44:31Z
2026-07-18T09:43:03Z,2026-07-18T11:43:03+0200,c4e0902c-5b85-4487-a0df-afe572964363,2026-07-07T08:45:00Z,2026-07-07T10:45:00+0200,4.15,EUR/MWh,DE,DE_LU,day_ahead_price,value,2026-07-18T09:44:31Z
2026-07-18T09:43:03Z,2026-07-18T11:43:03+0200,c4e0902c-5b85-4487-a0df-afe572964363,2026-07-07T09:00:00Z,2026-07-07T11:00:00+0200,18.22,EUR/MWh,DE,DE_LU,day_ahead_price,value,2026-07-18T09:44:31Z
2026-07-18T09:43:03Z,2026-07-18T11:43:03+0200,c4e0902c-5b85-4487-a0df-afe572964363,2026-07-07T09:15:00Z,2026-07-07T11:15:00+0200,1.48,EUR/MWh,DE,DE_LU,day_ahead_price,value,2026-07-18T09:44:31Z
2026-07-18T09:43:03Z,2026-07-18T11:43:03+0200,c4e0902c-5b85-4487-a0df-afe572964363,2026-07-07T09:30:00Z,2026-07-07T11:30:00+0200,0.0,EUR/MWh,DE,DE_LU,day_ahead_price,value,2026-07-18T09:44:31Z
2026-07-18T09:43:03Z,2026-07-18T11:43:03+0200,c4e0902c-5b85-4487-a0df-afe572964363,2026-07-07T09:45:00Z,2026-07-07T11:45:00+0200,-0.01,EUR/MWh,DE,DE_LU,day_ahead_price,value,2026-07-18T09:44:31Z
2026-07-18T09:43:03Z,2026-07-18T11:43:03+0200,c4e0902c-5b85-4487-a0df-afe572964363,2026-07-07T10:00:00Z,2026-07-07T12:00:00+0200,-0.02,EUR/MWh,DE,DE_LU,day_ahead_price,value,2026-07-18T09:44:31Z
2026-07-18T09:43:03Z,2026-07-18T11:43:03+0200,c4e0902c-5b85-4487-a0df-afe572964363,2026-07-07T10:15:00Z,2026-07-07T12:15:00+0200,-0.33,EUR/MWh,DE,DE_LU,day_ahead_price,value,2026-07-18T09:44:31Z
2026-07-18T09:43:03Z,2026-07-18T11:43:03+0200,c4e0902c-5b85-4487-a0df-afe572964363,2026-07-07T10:30:00Z,2026-07-07T12:30:00+0200,-1.1,EUR/MWh,DE,DE_LU,day_ahead_price,value,2026-07-18T09:44:31Z
2026-07-18T09:43:03Z,2026-07-18T11:43:03+0200,c4e0902c-5b85-4487-a0df-afe572964363,2026-07-07T10:45:00Z,2026-07-07T12:45:00+0200,-1.87,EUR/MWh,DE,DE_LU,day_ahead_price,value,2026-07-18T09:44:31Z
2026-07-18T09:43:03Z,2026-07-18T11:43:03+0200,c4e0902c-5b85-4487-a0df-afe572964363,2026-07-07T11:00:00Z,2026-07-07T13:00:00+0200,-3.65,EUR/MWh,DE,DE_LU,day_ahead_price,value,2026-07-18T09:44:31Z
2026-07-18T09:43:03Z,2026-07-18T11:43:03+0200,c4e0902c-5b85-4487-a0df-afe572964363,2026-07-07T11:15:00Z,2026-07-07T13:15:00+0200,-2.02,EUR/MWh,DE,DE_LU,day_ahead_price,value,2026-07-18T09:44:31Z
2026-07-18T09:43:03Z,2026-07-18T11:43:03+0200,c4e0902c-5b85-4487-a0df-afe572964363,2026-07-07T11:30:00Z,2026-07-07T13:30:00+0200,-2.17,EUR/MWh,DE,DE_LU,day_ahead_price,value,2026-07-18T09:44:31Z
2026-07-18T09:43:03Z,2026-07-18T11:43:03+0200,c4e0902c-5b85-4487-a0df-afe572964363,2026-07-07T11:45:00Z,2026-07-07T13:45:00+0200,-2.98,EUR/MWh,DE,DE_LU,day_ahead_price,value,2026-07-18T09:44:31Z
2026-07-18T09:43:03Z,2026-07-18T11:43:03+0200,c4e0902c-5b85-4487-a0df-afe572964363,2026-07-07T12:00:00Z,2026-07-07T14:00:00+0200,-3.02,EUR/MWh,DE,DE_LU,day_ahead_price,value,2026-07-18T09:44:31Z
2026-07-18T09:43:03Z,2026-07-18T11:43:03+0200,c4e0902c-5b85-4487-a0df-afe572964363,2026-07-07T12:15:00Z,2026-07-07T14:15:00+0200,-2.71,EUR/MWh,DE,DE_LU,day_ahead_price,value,2026-07-18T09:44:31Z
2026-07-18T09:43:03Z,2026-07-18T11:43:03+0200,c4e0902c-5b85-4487-a0df-afe572964363,2026-07-07T12:30:00Z,2026-07-07T14:30:00+0200,-3.07,EUR/MWh,DE,DE_LU,day_ahead_price,value,2026-07-18T09:44:31Z
2026-07-18T09:43:03Z,2026-07-18T11:43:03+0200,c4e0902c-5b85-4487-a0df-afe572964363,2026-07-07T12:45:00Z,2026-07-07T14:45:00+0200,-2.54,EUR/MWh,DE,DE_LU,day_ahead_price,value,2026-07-18T09:44:31Z
2026-07-18T09:43:03Z,2026-07-18T11:43:03+0200,c4e0902c-5b85-4487-a0df-afe572964363,2026-07-07T13:00:00Z,2026-07-07T15:00:00+0200,-1.77,EUR/MWh,DE,DE_LU,day_ahead_price,value,2026-07-18T09:44:31Z
2026-07-18T09:43:03Z,2026-07-18T11:43:03+0200,c4e0902c-5b85-4487-a0df-afe572964363,2026-07-07T13:15:00Z,2026-07-07T15:15:00+0200,-1.63,EUR/MWh,DE,DE_LU,day_ahead_price,value,2026-07-18T09:44:31Z
2026-07-18T09:43:03Z,2026-07-18T11:43:03+0200,c4e0902c-5b85-4487-a0df-afe572964363,2026-07-07T13:30:00Z,2026-07-07T15:30:00+0200,-1.33,EUR/MWh,DE,DE_LU,day_ahead_price,value,2026-07-18T09:44:31Z
2026-07-18T09:43:03Z,2026-07-18T11:43:03+0200,c4e0902c-5b85-4487-a0df-afe572964363,2026-07-07T13:45:00Z,2026-07-07T15:45:00+0200,-1.21,EUR/MWh,DE,DE_LU,day_ahead_price,value,2026-07-18T09:44:31Z
2026-07-18T09:43:03Z,2026-07-18T11:43:03+0200,c4e0902c-5b85-4487-a0df-afe572964363,2026-07-07T14:00:00Z,2026-07-07T16:00:00+0200,-1.02,EUR/MWh,DE,DE_LU,day_ahead_price,value,2026-07-18T09:44:31Z
2026-07-18T09:43:03Z,2026-07-18T11:43:03+0200,c4e0902c-5b85-4487-a0df-afe572964363,2026-07-07T14:15:00Z,2026-07-07T16:15:00+0200,-1.0,EUR/MWh,DE,DE_LU,day_ahead_price,value,2026-07-18T09:44:31Z
2026-07-18T09:43:03Z,2026-07-18T11:43:03+0200,c4e0902c-5b85-4487-a0df-afe572964363,2026-07-07T14:30:00Z,2026-07-07T16:30:00+0200,-0.05,EUR/MWh,DE,DE_LU,day_ahead_price,value,2026-07-18T09:44:31Z
2026-07-18T09:43:03Z,2026-07-18T11:43:03+0200,c4e0902c-5b85-4487-a0df-afe572964363,2026-07-07T14:45:00Z,2026-07-07T16:45:00+0200,-0.01,EUR/MWh,DE,DE_LU,day_ahead_price,value,2026-07-18T09:44:31Z
2026-07-18T09:43:03Z,2026-07-18T11:43:03+0200,c4e0902c-5b85-4487-a0df-afe572964363,2026-07-07T15:00:00Z,2026-07-07T17:00:00+0200,0.0,EUR/MWh,DE,DE_LU,day_ahead_price,value,2026-07-18T09:44:31Z
2026-07-18T09:43:03Z,2026-07-18T11:43:03+0200,c4e0902c-5b85-4487-a0df-afe572964363,2026-07-07T15:15:00Z,2026-07-07T17:15:00+0200,0.01,EUR/MWh,DE,DE_LU,day_ahead_price,value,2026-07-18T09:44:31Z
2026-07-18T09:43:03Z,2026-07-18T11:43:03+0200,c4e0902c-5b85-4487-a0df-afe572964363,2026-07-07T15:30:00Z,2026-07-07T17:30:00+0200,7.85,EUR/MWh,DE,DE_LU,day_ahead_price,value,2026-07-18T09:44:31Z
2026-07-18T09:43:03Z,2026-07-18T11:43:03+0200,c4e0902c-5b85-4487-a0df-afe572964363,2026-07-07T15:45:00Z,2026-07-07T17:45:00+0200,20.21,EUR/MWh,DE,DE_LU,day_ahead_price,value,2026-07-18T09:44:31Z
2026-07-18T09:43:03Z,2026-07-18T11:43:03+0200,c4e0902c-5b85-4487-a0df-afe572964363,2026-07-07T16:00:00Z,2026-07-07T18:00:00+0200,25.18,EUR/MWh,DE,DE_LU,day_ahead_price,value,2026-07-18T09:44:31Z
2026-07-18T09:43:03Z,2026-07-18T11:43:03+0200,c4e0902c-5b85-4487-a0df-afe572964363,2026-07-07T16:15:00Z,2026-07-07T18:15:00+0200,58.86,EUR/MWh,DE,DE_LU,day_ahead_price,value,2026-07-18T09:44:31Z
2026-07-18T09:43:03Z,2026-07-18T11:43:03+0200,c4e0902c-5b85-4487-a0df-afe572964363,2026-07-07T16:30:00Z,2026-07-07T18:30:00+0200,71.01,EUR/MWh,DE,DE_LU,day_ahead_price,value,2026-07-18T09:44:31Z
2026-07-18T09:43:03Z,2026-07-18T11:43:03+0200,c4e0902c-5b85-4487-a0df-afe572964363,2026-07-07T16:45:00Z,2026-07-07T18:45:00+0200,87.8,EUR/MWh,DE,DE_LU,day_ahead_price,value,2026-07-18T09:44:31Z
2026-07-18T09:43:03Z,2026-07-18T11:43:03+0200,c4e0902c-5b85-4487-a0df-afe572964363,2026-07-07T17:00:00Z,2026-07-07T19:00:00+0200,67.53,EUR/MWh,DE,DE_LU,day_ahead_price,value,2026-07-18T09:44:31Z
2026-07-18T09:43:03Z,2026-07-18T11:43:03+0200,c4e0902c-5b85-4487-a0df-afe572964363,2026-07-07T17:15:00Z,2026-07-07T19:15:00+0200,84.19,EUR/MWh,DE,DE_LU,day_ahead_price,value,2026-07-18T09:44:31Z
2026-07-18T09:43:03Z,2026-07-18T11:43:03+0200,c4e0902c-5b85-4487-a0df-afe572964363,2026-07-07T17:30:00Z,2026-07-07T19:30:00+0200,92.01,EUR/MWh,DE,DE_LU,day_ahead_price,value,2026-07-18T09:44:31Z
2026-07-18T09:43:03Z,2026-07-18T11:43:03+0200,c4e0902c-5b85-4487-a0df-afe572964363,2026-07-07T17:45:00Z,2026-07-07T19:45:00+0200,101.0,EUR/MWh,DE,DE_LU,day_ahead_price,value,2026-07-18T09:44:31Z
2026-07-18T09:43:03Z,2026-07-18T11:43:03+0200,c4e0902c-5b85-4487-a0df-afe572964363,2026-07-07T18:00:00Z,2026-07-07T20:00:00+0200,102.91,EUR/MWh,DE,DE_LU,day_ahead_price,value,2026-07-18T09:44:31Z
2026-07-18T09:43:03Z,2026-07-18T11:43:03+0200,c4e0902c-5b85-4487-a0df-afe572964363,2026-07-07T18:15:00Z,2026-07-07T20:15:00+0200,104.17,EUR/MWh,DE,DE_LU,day_ahead_price,value,2026-07-18T09:44:31Z
2026-07-18T09:43:03Z,2026-07-18T11:43:03+0200,c4e0902c-5b85-4487-a0df-afe572964363,2026-07-07T18:30:00Z,2026-07-07T20:30:00+0200,112.9,EUR/MWh,DE,DE_LU,day_ahead_price,value,2026-07-18T09:44:31Z
2026-07-18T09:43:03Z,2026-07-18T11:43:03+0200,c4e0902c-5b85-4487-a0df-afe572964363,2026-07-07T18:45:00Z,2026-07-07T20:45:00+0200,111.91,EUR/MWh,DE,DE_LU,day_ahead_price,value,2026-07-18T09:44:31Z
2026-07-18T09:43:03Z,2026-07-18T11:43:03+0200,c4e0902c-5b85-4487-a0df-afe572964363,2026-07-07T19:00:00Z,2026-07-07T21:00:00+0200,118.09,EUR/MWh,DE,DE_LU,day_ahead_price,value,2026-07-18T09:44:31Z
2026-07-18T09:43:03Z,2026-07-18T11:43:03+0200,c4e0902c-5b85-4487-a0df-afe572964363,2026-07-07T19:15:00Z,2026-07-07T21:15:00+0200,117.0,EUR/MWh,DE,DE_LU,day_ahead_price,value,2026-07-18T09:44:31Z
2026-07-18T09:43:03Z,2026-07-18T11:43:03+0200,c4e0902c-5b85-4487-a0df-afe572964363,2026-07-07T19:30:00Z,2026-07-07T21:30:00+0200,118.88,EUR/MWh,DE,DE_LU,day_ahead_price,value,2026-07-18T09:44:31Z
2026-07-18T09:43:03Z,2026-07-18T11:43:03+0200,c4e0902c-5b85-4487-a0df-afe572964363,2026-07-07T19:45:00Z,2026-07-07T21:45:00+0200,119.64,EUR/MWh,DE,DE_LU,day_ahead_price,value,2026-07-18T09:44:31Z
2026-07-18T09:43:03Z,2026-07-18T11:43:03+0200,c4e0902c-5b85-4487-a0df-afe572964363,2026-07-07T20:00:00Z,2026-07-07T22:00:00+0200,124.54,EUR/MWh,DE,DE_LU,day_ahead_price,value,2026-07-18T09:44:31Z
2026-07-18T09:43:03Z,2026-07-18T11:43:03+0200,c4e0902c-5b85-4487-a0df-afe572964363,2026-07-07T20:15:00Z,2026-07-07T22:15:00+0200,122.0,EUR/MWh,DE,DE_LU,day_ahead_price,value,2026-07-18T09:44:31Z
2026-07-18T09:43:03Z,2026-07-18T11:43:03+0200,c4e0902c-5b85-4487-a0df-afe572964363,2026-07-07T20:30:00Z,2026-07-07T22:30:00+0200,121.03,EUR/MWh,DE,DE_LU,day_ahead_price,value,2026-07-18T09:44:31Z
2026-07-18T09:43:03Z,2026-07-18T11:43:03+0200,c4e0902c-5b85-4487-a0df-afe572964363,2026-07-07T20:45:00Z,2026-07-07T22:45:00+0200,115.45,EUR/MWh,DE,DE_LU,day_ahead_price,value,2026-07-18T09:44:31Z
2026-07-18T09:43:03Z,2026-07-18T11:43:03+0200,c4e0902c-5b85-4487-a0df-afe572964363,2026-07-07T21:00:00Z,2026-07-07T23:00:00+0200,121.24,EUR/MWh,DE,DE_LU,day_ahead_price,value,2026-07-18T09:44:31Z
2026-07-18T09:43:03Z,2026-07-18T11:43:03+0200,c4e0902c-5b85-4487-a0df-afe572964363,2026-07-07T21:15:00Z,2026-07-07T23:15:00+0200,118.8,EUR/MWh,DE,DE_LU,day_ahead_price,value,2026-07-18T09:44:31Z
2026-07-18T09:43:03Z,2026-07-18T11:43:03+0200,c4e0902c-5b85-4487-a0df-afe572964363,2026-07-07T21:30:00Z,2026-07-07T23:30:00+0200,115.36,EUR/MWh,DE,DE_LU,day_ahead_price,value,2026-07-18T09:44:31Z
2026-07-18T09:43:03Z,2026-07-18T11:43:03+0200,c4e0902c-5b85-4487-a0df-afe572964363,2026-07-07T21:45:00Z,2026-07-07T23:45:00+0200,112.93,EUR/MWh,DE,DE_LU,day_ahead_price,value,2026-07-18T09:44:31Z
2026-07-18T09:43:03Z,2026-07-18T11:43:03+0200,c4e0902c-5b85-4487-a0df-afe572964363,2026-07-07T22:00:00Z,2026-07-08T00:00:00+0200,119.71,EUR/MWh,DE,DE_LU,day_ahead_price,value,2026-07-18T09:44:31Z
2026-07-18T09:43:03Z,2026-07-18T11:43:03+0200,c4e0902c-5b85-4487-a0df-afe572964363,2026-07-07T22:15:00Z,2026-07-08T00:15:00+0200,116.96,EUR/MWh,DE,DE_LU,day_ahead_price,value,2026-07-18T09:44:31Z
2026-07-18T09:43:03Z,2026-07-18T11:43:03+0200,c4e0902c-5b85-4487-a0df-afe572964363,2026-07-07T22:30:00Z,2026-07-08T00:30:00+0200,112.03,EUR/MWh,DE,DE_LU,day_ahead_price,value,2026-07-18T09:44:31Z
2026-07-18T09:43:03Z,2026-07-18T11:43:03+0200,c4e0902c-5b85-4487-a0df-afe572964363,2026-07-07T22:45:00Z,2026-07-08T00:45:00+0200,110.99,EUR/MWh,DE,DE_LU,day_ahead_price,value,2026-07-18T09:44:31Z
2026-07-18T09:43:03Z,2026-07-18T11:43:03+0200,c4e0902c-5b85-4487-a0df-afe572964363,2026-07-07T23:00:00Z,2026-07-08T01:00:00+0200,120.96,EUR/MWh,DE,DE_LU,day_ahead_price,value,2026-07-18T09:44:31Z
2026-07-18T09:43:03Z,2026-07-18T11:43:03+0200,c4e0902c-5b85-4487-a0df-afe572964363,2026-07-07T23:15:00Z,2026-07-08T01:15:00+0200,116.9,EUR/MWh,DE,DE_LU,day_ahead_price,value,2026-07-18T09:44:31Z
2026-07-18T09:43:03Z,2026-07-18T11:43:03+0200,c4e0902c-5b85-4487-a0df-afe572964363,2026-07-07T23:30:00Z,2026-07-08T01:30:00+0200,115.3,EUR/MWh,DE,DE_LU,day_ahead_price,value,2026-07-18T09:44:31Z
2026-07-18T09:43:03Z,2026-07-18T11:43:03+0200,c4e0902c-5b85-4487-a0df-afe572964363,2026-07-07T23:45:00Z,2026-07-08T01:45:00+0200,110.22,EUR/MWh,DE,DE_LU,day_ahead_price,value,2026-07-18T09:44:31Z
2026-07-18T09:43:03Z,2026-07-18T11:43:03+0200,c4e0902c-5b85-4487-a0df-afe572964363,2026-07-08T00:00:00Z,2026-07-08T02:00:00+0200,116.05,EUR/MWh,DE,DE_LU,day_ahead_price,value,2026-07-18T09:44:31Z
2026-07-18T09:43:03Z,2026-07-18T11:43:03+0200,c4e0902c-5b85-4487-a0df-afe572964363,2026-07-08T00:15:00Z,2026-07-08T02:15:00+0200,111.3,EUR/MWh,DE,DE_LU,day_ahead_price,value,2026-07-18T09:44:31Z
2026-07-18T09:43:03Z,2026-07-18T11:43:03+0200,c4e0902c-5b85-4487-a0df-afe572964363,2026-07-08T00:30:00Z,2026-07-08T02:30:00+0200,111.07,EUR/MWh,DE,DE_LU,day_ahead_price,value,2026-07-18T09:44:31Z
2026-07-18T09:43:03Z,2026-07-18T11:43:03+0200,c4e0902c-5b85-4487-a0df-afe572964363,2026-07-08T00:45:00Z,2026-07-08T02:45:00+0200,108.61,EUR/MWh,DE,DE_LU,day_ahead_price,value,2026-07-18T09:44:31Z
2026-07-18T09:43:03Z,2026-07-18T11:43:03+0200,c4e0902c-5b85-4487-a0df-afe572964363,2026-07-08T01:00:00Z,2026-07-08T03:00:00+0200,107.31,EUR/MWh,DE,DE_LU,day_ahead_price,value,2026-07-18T09:44:31Z
2026-07-18T09:43:03Z,2026-07-18T11:43:03+0200,c4e0902c-5b85-4487-a0df-afe572964363,2026-07-08T01:15:00Z,2026-07-08T03:15:00+0200,109.0,EUR/MWh,DE,DE_LU,day_ahead_price,value,2026-07-18T09:44:31Z
2026-07-18T09:43:03Z,2026-07-18T11:43:03+0200,c4e0902c-5b85-4487-a0df-afe572964363,2026-07-08T01:30:00Z,2026-07-08T03:30:00+0200,107.18,EUR/MWh,DE,DE_LU,day_ahead_price,value,2026-07-18T09:44:31Z
2026-07-18T09:43:03Z,2026-07-18T11:43:03+0200,c4e0902c-5b85-4487-a0df-afe572964363,2026-07-08T01:45:00Z,2026-07-08T03:45:00+0200,109.19,EUR/MWh,DE,DE_LU,day_ahead_price,value,2026-07-18T09:44:31Z
2026-07-18T09:43:03Z,2026-07-18T11:43:03+0200,c4e0902c-5b85-4487-a0df-afe572964363,2026-07-08T02:00:00Z,2026-07-08T04:00:00+0200,107.84,EUR/MWh,DE,DE_LU,day_ahead_price,value,2026-07-18T09:44:31Z
2026-07-18T09:43:03Z,2026-07-18T11:43:03+0200,c4e0902c-5b85-4487-a0df-afe572964363,2026-07-08T02:15:00Z,2026-07-08T04:15:00+0200,113.32,EUR/MWh,DE,DE_LU,day_ahead_price,value,2026-07-18T09:44:31Z
2026-07-18T09:43:03Z,2026-07-18T11:43:03+0200,c4e0902c-5b85-4487-a0df-afe572964363,2026-07-08T02:30:00Z,2026-07-08T04:30:00+0200,115.14,EUR/MWh,DE,DE_LU,day_ahead_price,value,2026-07-18T09:44:31Z
2026-07-18T09:43:03Z,2026-07-18T11:43:03+0200,c4e0902c-5b85-4487-a0df-afe572964363,2026-07-08T02:45:00Z,2026-07-08T04:45:00+0200,118.03,EUR/MWh,DE,DE_LU,day_ahead_price,value,2026-07-18T09:44:31Z
2026-07-18T09:43:03Z,2026-07-18T11:43:03+0200,c4e0902c-5b85-4487-a0df-afe572964363,2026-07-08T03:00:00Z,2026-07-08T05:00:00+0200,115.22,EUR/MWh,DE,DE_LU,day_ahead_price,value,2026-07-18T09:44:31Z
2026-07-18T09:43:03Z,2026-07-18T11:43:03+0200,c4e0902c-5b85-4487-a0df-afe572964363,2026-07-08T03:15:00Z,2026-07-08T05:15:00+0200,118.91,EUR/MWh,DE,DE_LU,day_ahead_price,value,2026-07-18T09:44:31Z
2026-07-18T09:43:03Z,2026-07-18T11:43:03+0200,c4e0902c-5b85-4487-a0df-afe572964363,2026-07-08T03:30:00Z,2026-07-08T05:30:00+0200,121.19,EUR/MWh,DE,DE_LU,day_ahead_price,value,2026-07-18T09:44:31Z
2026-07-18T09:43:03Z,2026-07-18T11:43:03+0200,c4e0902c-5b85-4487-a0df-afe572964363,2026-07-08T03:45:00Z,2026-07-08T05:45:00+0200,123.5,EUR/MWh,DE,DE_LU,day_ahead_price,value,2026-07-18T09:44:31Z
2026-07-18T09:43:03Z,2026-07-18T11:43:03+0200,c4e0902c-5b85-4487-a0df-afe572964363,2026-07-08T04:00:00Z,2026-07-08T06:00:00+0200,125.23,EUR/MWh,DE,DE_LU,day_ahead_price,value,2026-07-18T09:44:31Z
2026-07-18T09:43:03Z,2026-07-18T11:43:03+0200,c4e0902c-5b85-4487-a0df-afe572964363,2026-07-08T04:15:00Z,2026-07-08T06:15:00+0200,131.6,EUR/MWh,DE,DE_LU,day_ahead_price,value,2026-07-18T09:44:31Z
2026-07-18T09:43:03Z,2026-07-18T11:43:03+0200,c4e0902c-5b85-4487-a0df-afe572964363,2026-07-08T04:30:00Z,2026-07-08T06:30:00+0200,132.5,EUR/MWh,DE,DE_LU,day_ahead_price,value,2026-07-18T09:44:31Z
2026-07-18T09:43:03Z,2026-07-18T11:43:03+0200,c4e0902c-5b85-4487-a0df-afe572964363,2026-07-08T04:45:00Z,2026-07-08T06:45:00+0200,133.67,EUR/MWh,DE,DE_LU,day_ahead_price,value,2026-07-18T09:44:31Z
2026-07-18T09:43:03Z,2026-07-18T11:43:03+0200,c4e0902c-5b85-4487-a0df-afe572964363,2026-07-08T05:00:00Z,2026-07-08T07:00:00+0200,136.17,EUR/MWh,DE,DE_LU,day_ahead_price,value,2026-07-18T09:44:31Z
2026-07-18T09:43:03Z,2026-07-18T11:43:03+0200,c4e0902c-5b85-4487-a0df-afe572964363,2026-07-08T05:15:00Z,2026-07-08T07:15:00+0200,134.45,EUR/MWh,DE,DE_LU,day_ahead_price,value,2026-07-18T09:44:31Z
2026-07-18T09:43:03Z,2026-07-18T11:43:03+0200,c4e0902c-5b85-4487-a0df-afe572964363,2026-07-08T05:30:00Z,2026-07-08T07:30:00+0200,132.02,EUR/MWh,DE,DE_LU,day_ahead_price,value,2026-07-18T09:44:31Z
2026-07-18T09:43:03Z,2026-07-18T11:43:03+0200,c4e0902c-5b85-4487-a0df-afe572964363,2026-07-08T05:45:00Z,2026-07-08T07:45:00+0200,125.0,EUR/MWh,DE,DE_LU,day_ahead_price,value,2026-07-18T09:44:31Z
2026-07-18T09:43:03Z,2026-07-18T11:43:03+0200,c4e0902c-5b85-4487-a0df-afe572964363,2026-07-08T06:00:00Z,2026-07-08T08:00:00+0200,139.68,EUR/MWh,DE,DE_LU,day_ahead_price,value,2026-07-18T09:44:31Z
2026-07-18T09:43:03Z,2026-07-18T11:43:03+0200,c4e0902c-5b85-4487-a0df-afe572964363,2026-07-08T06:15:00Z,2026-07-08T08:15:00+0200,130.92,EUR/MWh,DE,DE_LU,day_ahead_price,value,2026-07-18T09:44:31Z
2026-07-18T09:43:03Z,2026-07-18T11:43:03+0200,c4e0902c-5b85-4487-a0df-afe572964363,2026-07-08T06:30:00Z,2026-07-08T08:30:00+0200,121.17,EUR/MWh,DE,DE_LU,day_ahead_price,value,2026-07-18T09:44:31Z
2026-07-18T09:43:03Z,2026-07-18T11:43:03+0200,c4e0902c-5b85-4487-a0df-afe572964363,2026-07-08T06:45:00Z,2026-07-08T08:45:00+0200,111.4,EUR/MWh,DE,DE_LU,day_ahead_price,value,2026-07-18T09:44:31Z
2026-07-18T09:43:03Z,2026-07-18T11:43:03+0200,c4e0902c-5b85-4487-a0df-afe572964363,2026-07-08T07:00:00Z,2026-07-08T09:00:00+0200,122.91,EUR/MWh,DE,DE_LU,day_ahead_price,value,2026-07-18T09:44:31Z
2026-07-18T09:43:03Z,2026-07-18T11:43:03+0200,c4e0902c-5b85-4487-a0df-afe572964363,2026-07-08T07:15:00Z,2026-07-08T09:15:00+0200,110.85,EUR/MWh,DE,DE_LU,day_ahead_price,value,2026-07-18T09:44:31Z
2026-07-18T09:43:03Z,2026-07-18T11:43:03+0200,c4e0902c-5b85-4487-a0df-afe572964363,2026-07-08T07:30:00Z,2026-07-08T09:30:00+0200,89.22,EUR/MWh,DE,DE_LU,day_ahead_price,value,2026-07-18T09:44:31Z
2026-07-18T09:43:03Z,2026-07-18T11:43:03+0200,c4e0902c-5b85-4487-a0df-afe572964363,2026-07-08T07:45:00Z,2026-07-08T09:45:00+0200,78.71,EUR/MWh,DE,DE_LU,day_ahead_price,value,2026-07-18T09:44:31Z
2026-07-18T09:43:03Z,2026-07-18T11:43:03+0200,c4e0902c-5b85-4487-a0df-afe572964363,2026-07-08T08:00:00Z,2026-07-08T10:00:00+0200,90.05,EUR/MWh,DE,DE_LU,day_ahead_price,value,2026-07-18T09:44:31Z
2026-07-18T09:43:03Z,2026-07-18T11:43:03+0200,c4e0902c-5b85-4487-a0df-afe572964363,2026-07-08T08:15:00Z,2026-07-08T10:15:00+0200,79.47,EUR/MWh,DE,DE_LU,day_ahead_price,value,2026-07-18T09:44:31Z
2026-07-18T09:43:03Z,2026-07-18T11:43:03+0200,c4e0902c-5b85-4487-a0df-afe572964363,2026-07-08T08:30:00Z,2026-07-08T10:30:00+0200,78.8,EUR/MWh,DE,DE_LU,day_ahead_price,value,2026-07-18T09:44:31Z
2026-07-18T09:43:03Z,2026-07-18T11:43:03+0200,c4e0902c-5b85-4487-a0df-afe572964363,2026-07-08T08:45:00Z,2026-07-08T10:45:00+0200,70.01,EUR/MWh,DE,DE_LU,day_ahead_price,value,2026-07-18T09:44:31Z
2026-07-18T09:43:03Z,2026-07-18T11:43:03+0200,c4e0902c-5b85-4487-a0df-afe572964363,2026-07-08T09:00:00Z,2026-07-08T11:00:00+0200,85.0,EUR/MWh,DE,DE_LU,day_ahead_price,value,2026-07-18T09:44:31Z
2026-07-18T09:43:03Z,2026-07-18T11:43:03+0200,c4e0902c-5b85-4487-a0df-afe572964363,2026-07-08T09:15:00Z,2026-07-08T11:15:00+0200,74.26,EUR/MWh,DE,DE_LU,day_ahead_price,value,2026-07-18T09:44:31Z
2026-07-18T09:43:03Z,2026-07-18T11:43:03+0200,c4e0902c-5b85-4487-a0df-afe572964363,2026-07-08T09:30:00Z,2026-07-08T11:30:00+0200,71.2,EUR/MWh,DE,DE_LU,day_ahead_price,value,2026-07-18T09:44:31Z
2026-07-18T09:43:03Z,2026-07-18T11:43:03+0200,c4e0902c-5b85-4487-a0df-afe572964363,2026-07-08T09:45:00Z,2026-07-08T11:45:00+0200,53.84,EUR/MWh,DE,DE_LU,day_ahead_price,value,2026-07-18T09:44:31Z
2026-07-18T09:43:03Z,2026-07-18T11:43:03+0200,c4e0902c-5b85-4487-a0df-afe572964363,2026-07-08T10:00:00Z,2026-07-08T12:00:00+0200,56.9,EUR/MWh,DE,DE_LU,day_ahead_price,value,2026-07-18T09:44:31Z
2026-07-18T09:43:03Z,2026-07-18T11:43:03+0200,c4e0902c-5b85-4487-a0df-afe572964363,2026-07-08T10:15:00Z,2026-07-08T12:15:00+0200,56.19,EUR/MWh,DE,DE_LU,day_ahead_price,value,2026-07-18T09:44:31Z
2026-07-18T09:43:03Z,2026-07-18T11:43:03+0200,c4e0902c-5b85-4487-a0df-afe572964363,2026-07-08T10:30:00Z,2026-07-08T12:30:00+0200,47.95,EUR/MWh,DE,DE_LU,day_ahead_price,value,2026-07-18T09:44:31Z
2026-07-18T09:43:03Z,2026-07-18T11:43:03+0200,c4e0902c-5b85-4487-a0df-afe572964363,2026-07-08T10:45:00Z,2026-07-08T12:45:00+0200,34.99,EUR/MWh,DE,DE_LU,day_ahead_price,value,2026-07-18T09:44:31Z
2026-07-18T09:43:03Z,2026-07-18T11:43:03+0200,c4e0902c-5b85-4487-a0df-afe572964363,2026-07-08T11:00:00Z,2026-07-08T13:00:00+0200,30.73,EUR/MWh,DE,DE_LU,day_ahead_price,value,2026-07-18T09:44:31Z
2026-07-18T09:43:03Z,2026-07-18T11:43:03+0200,c4e0902c-5b85-4487-a0df-afe572964363,2026-07-08T11:15:00Z,2026-07-08T13:15:00+0200,20.06,EUR/MWh,DE,DE_LU,day_ahead_price,value,2026-07-18T09:44:31Z
2026-07-18T09:43:03Z,2026-07-18T11:43:03+0200,c4e0902c-5b85-4487-a0df-afe572964363,2026-07-08T11:30:00Z,2026-07-08T13:30:00+0200,9.87,EUR/MWh,DE,DE_LU,day_ahead_price,value,2026-07-18T09:44:31Z
2026-07-18T09:43:03Z,2026-07-18T11:43:03+0200,c4e0902c-5b85-4487-a0df-afe572964363,2026-07-08T11:45:00Z,2026-07-08T13:45:00+0200,8.32,EUR/MWh,DE,DE_LU,day_ahead_price,value,2026-07-18T09:44:31Z
2026-07-18T09:43:03Z,2026-07-18T11:43:03+0200,c4e0902c-5b85-4487-a0df-afe572964363,2026-07-08T12:00:00Z,2026-07-08T14:00:00+0200,6.86,EUR/MWh,DE,DE_LU,day_ahead_price,value,2026-07-18T09:44:31Z
2026-07-18T09:43:03Z,2026-07-18T11:43:03+0200,c4e0902c-5b85-4487-a0df-afe572964363,2026-07-08T12:15:00Z,2026-07-08T14:15:00+0200,8.25,EUR/MWh,DE,DE_LU,day_ahead_price,value,2026-07-18T09:44:31Z
2026-07-18T09:43:03Z,2026-07-18T11:43:03+0200,c4e0902c-5b85-4487-a0df-afe572964363,2026-07-08T12:30:00Z,2026-07-08T14:30:00+0200,8.89,EUR/MWh,DE,DE_LU,day_ahead_price,value,2026-07-18T09:44:31Z
2026-07-18T09:43:03Z,2026-07-18T11:43:03+0200,c4e0902c-5b85-4487-a0df-afe572964363,2026-07-08T12:45:00Z,2026-07-08T14:45:00+0200,7.61,EUR/MWh,DE,DE_LU,day_ahead_price,value,2026-07-18T09:44:31Z
2026-07-18T09:43:03Z,2026-07-18T11:43:03+0200,c4e0902c-5b85-4487-a0df-afe572964363,2026-07-08T13:00:00Z,2026-07-08T15:00:00+0200,5.72,EUR/MWh,DE,DE_LU,day_ahead_price,value,2026-07-18T09:44:31Z
2026-07-18T09:43:03Z,2026-07-18T11:43:03+0200,c4e0902c-5b85-4487-a0df-afe572964363,2026-07-08T13:15:00Z,2026-07-08T15:15:00+0200,4.62,EUR/MWh,DE,DE_LU,day_ahead_price,value,2026-07-18T09:44:31Z
2026-07-18T09:43:03Z,2026-07-18T11:43:03+0200,c4e0902c-5b85-4487-a0df-afe572964363,2026-07-08T13:30:00Z,2026-07-08T15:30:00+0200,10.0,EUR/MWh,DE,DE_LU,day_ahead_price,value,2026-07-18T09:44:31Z
2026-07-18T09:43:03Z,2026-07-18T11:43:03+0200,c4e0902c-5b85-4487-a0df-afe572964363,2026-07-08T13:45:00Z,2026-07-08T15:45:00+0200,18.82,EUR/MWh,DE,DE_LU,day_ahead_price,value,2026-07-18T09:44:31Z
2026-07-18T09:43:03Z,2026-07-18T11:43:03+0200,c4e0902c-5b85-4487-a0df-afe572964363,2026-07-08T14:00:00Z,2026-07-08T16:00:00+0200,8.21,EUR/MWh,DE,DE_LU,day_ahead_price,value,2026-07-18T09:44:31Z
2026-07-18T09:43:03Z,2026-07-18T11:43:03+0200,c4e0902c-5b85-4487-a0df-afe572964363,2026-07-08T14:15:00Z,2026-07-08T16:15:00+0200,16.45,EUR/MWh,DE,DE_LU,day_ahead_price,value,2026-07-18T09:44:31Z
2026-07-18T09:43:03Z,2026-07-18T11:43:03+0200,c4e0902c-5b85-4487-a0df-afe572964363,2026-07-08T14:30:00Z,2026-07-08T16:30:00+0200,47.32,EUR/MWh,DE,DE_LU,day_ahead_price,value,2026-07-18T09:44:31Z
2026-07-18T09:43:03Z,2026-07-18T11:43:03+0200,c4e0902c-5b85-4487-a0df-afe572964363,2026-07-08T14:45:00Z,2026-07-08T16:45:00+0200,68.1,EUR/MWh,DE,DE_LU,day_ahead_price,value,2026-07-18T09:44:31Z
2026-07-18T09:43:03Z,2026-07-18T11:43:03+0200,c4e0902c-5b85-4487-a0df-afe572964363,2026-07-08T15:00:00Z,2026-07-08T17:00:00+0200,60.43,EUR/MWh,DE,DE_LU,day_ahead_price,value,2026-07-18T09:44:31Z
2026-07-18T09:43:03Z,2026-07-18T11:43:03+0200,c4e0902c-5b85-4487-a0df-afe572964363,2026-07-08T15:15:00Z,2026-07-08T17:15:00+0200,79.42,EUR/MWh,DE,DE_LU,day_ahead_price,value,2026-07-18T09:44:31Z
2026-07-18T09:43:03Z,2026-07-18T11:43:03+0200,c4e0902c-5b85-4487-a0df-afe572964363,2026-07-08T15:30:00Z,2026-07-08T17:30:00+0200,82.16,EUR/MWh,DE,DE_LU,day_ahead_price,value,2026-07-18T09:44:31Z
2026-07-18T09:43:03Z,2026-07-18T11:43:03+0200,c4e0902c-5b85-4487-a0df-afe572964363,2026-07-08T15:45:00Z,2026-07-08T17:45:00+0200,87.22,EUR/MWh,DE,DE_LU,day_ahead_price,value,2026-07-18T09:44:31Z
2026-07-18T09:43:03Z,2026-07-18T11:43:03+0200,c4e0902c-5b85-4487-a0df-afe572964363,2026-07-08T16:00:00Z,2026-07-08T18:00:00+0200,85.09,EUR/MWh,DE,DE_LU,day_ahead_price,value,2026-07-18T09:44:31Z
2026-07-18T09:43:03Z,2026-07-18T11:43:03+0200,c4e0902c-5b85-4487-a0df-afe572964363,2026-07-08T16:15:00Z,2026-07-08T18:15:00+0200,91.76,EUR/MWh,DE,DE_LU,day_ahead_price,value,2026-07-18T09:44:31Z
2026-07-18T09:43:03Z,2026-07-18T11:43:03+0200,c4e0902c-5b85-4487-a0df-afe572964363,2026-07-08T16:30:00Z,2026-07-08T18:30:00+0200,112.88,EUR/MWh,DE,DE_LU,day_ahead_price,value,2026-07-18T09:44:31Z
2026-07-18T09:43:03Z,2026-07-18T11:43:03+0200,c4e0902c-5b85-4487-a0df-afe572964363,2026-07-08T16:45:00Z,2026-07-08T18:45:00+0200,127.99,EUR/MWh,DE,DE_LU,day_ahead_price,value,2026-07-18T09:44:31Z
2026-07-18T09:43:03Z,2026-07-18T11:43:03+0200,c4e0902c-5b85-4487-a0df-afe572964363,2026-07-08T17:00:00Z,2026-07-08T19:00:00+0200,120.1,EUR/MWh,DE,DE_LU,day_ahead_price,value,2026-07-18T09:44:31Z
2026-07-18T09:43:03Z,2026-07-18T11:43:03+0200,c4e0902c-5b85-4487-a0df-afe572964363,2026-07-08T17:15:00Z,2026-07-08T19:15:00+0200,133.01,EUR/MWh,DE,DE_LU,day_ahead_price,value,2026-07-18T09:44:31Z
2026-07-18T09:43:03Z,2026-07-18T11:43:03+0200,c4e0902c-5b85-4487-a0df-afe572964363,2026-07-08T17:30:00Z,2026-07-08T19:30:00+0200,137.08,EUR/MWh,DE,DE_LU,day_ahead_price,value,2026-07-18T09:44:31Z
2026-07-18T09:43:03Z,2026-07-18T11:43:03+0200,c4e0902c-5b85-4487-a0df-afe572964363,2026-07-08T17:45:00Z,2026-07-08T19:45:00+0200,150.0,EUR/MWh,DE,DE_LU,day_ahead_price,value,2026-07-18T09:44:31Z
2026-07-18T09:43:03Z,2026-07-18T11:43:03+0200,c4e0902c-5b85-4487-a0df-afe572964363,2026-07-08T18:00:00Z,2026-07-08T20:00:00+0200,133.1,EUR/MWh,DE,DE_LU,day_ahead_price,value,2026-07-18T09:44:31Z
2026-07-18T09:43:03Z,2026-07-18T11:43:03+0200,c4e0902c-5b85-4487-a0df-afe572964363,2026-07-08T18:15:00Z,2026-07-08T20:15:00+0200,146.12,EUR/MWh,DE,DE_LU,day_ahead_price,value,2026-07-18T09:44:31Z
2026-07-18T09:43:03Z,2026-07-18T11:43:03+0200,c4e0902c-5b85-4487-a0df-afe572964363,2026-07-08T18:30:00Z,2026-07-08T20:30:00+0200,155.06,EUR/MWh,DE,DE_LU,day_ahead_price,value,2026-07-18T09:44:31Z
2026-07-18T09:43:03Z,2026-07-18T11:43:03+0200,c4e0902c-5b85-4487-a0df-afe572964363,2026-07-08T18:45:00Z,2026-07-08T20:45:00+0200,169.11,EUR/MWh,DE,DE_LU,day_ahead_price,value,2026-07-18T09:44:31Z
2026-07-18T09:43:03Z,2026-07-18T11:43:03+0200,c4e0902c-5b85-4487-a0df-afe572964363,2026-07-08T19:00:00Z,2026-07-08T21:00:00+0200,161.19,EUR/MWh,DE,DE_LU,day_ahead_price,value,2026-07-18T09:44:31Z
2026-07-18T09:43:03Z,2026-07-18T11:43:03+0200,c4e0902c-5b85-4487-a0df-afe572964363,2026-07-08T19:15:00Z,2026-07-08T21:15:00+0200,161.05,EUR/MWh,DE,DE_LU,day_ahead_price,value,2026-07-18T09:44:31Z
2026-07-18T09:43:03Z,2026-07-18T11:43:03+0200,c4e0902c-5b85-4487-a0df-afe572964363,2026-07-08T19:30:00Z,2026-07-08T21:30:00+0200,163.14,EUR/MWh,DE,DE_LU,day_ahead_price,value,2026-07-18T09:44:31Z
2026-07-18T09:43:03Z,2026-07-18T11:43:03+0200,c4e0902c-5b85-4487-a0df-afe572964363,2026-07-08T19:45:00Z,2026-07-08T21:45:00+0200,157.1,EUR/MWh,DE,DE_LU,day_ahead_price,value,2026-07-18T09:44:31Z
2026-07-18T09:43:03Z,2026-07-18T11:43:03+0200,c4e0902c-5b85-4487-a0df-afe572964363,2026-07-08T20:00:00Z,2026-07-08T22:00:00+0200,167.11,EUR/MWh,DE,DE_LU,day_ahead_price,value,2026-07-18T09:44:31Z
2026-07-18T09:43:03Z,2026-07-18T11:43:03+0200,c4e0902c-5b85-4487-a0df-afe572964363,2026-07-08T20:15:00Z,2026-07-08T22:15:00+0200,163.15,EUR/MWh,DE,DE_LU,day_ahead_price,value,2026-07-18T09:44:31Z
2026-07-18T09:43:03Z,2026-07-18T11:43:03+0200,c4e0902c-5b85-4487-a0df-afe572964363,2026-07-08T20:30:00Z,2026-07-08T22:30:00+0200,159.44,EUR/MWh,DE,DE_LU,day_ahead_price,value,2026-07-18T09:44:31Z
2026-07-18T09:43:03Z,2026-07-18T11:43:03+0200,c4e0902c-5b85-4487-a0df-afe572964363,2026-07-08T20:45:00Z,2026-07-08T22:45:00+0200,147.1,EUR/MWh,DE,DE_LU,day_ahead_price,value,2026-07-18T09:44:31Z
2026-07-18T09:43:03Z,2026-07-18T11:43:03+0200,c4e0902c-5b85-4487-a0df-afe572964363,2026-07-08T21:00:00Z,2026-07-08T23:00:00+0200,153.65,EUR/MWh,DE,DE_LU,day_ahead_price,value,2026-07-18T09:44:31Z
2026-07-18T09:43:03Z,2026-07-18T11:43:03+0200,c4e0902c-5b85-4487-a0df-afe572964363,2026-07-08T21:15:00Z,2026-07-08T23:15:00+0200,144.99,EUR/MWh,DE,DE_LU,day_ahead_price,value,2026-07-18T09:44:31Z
2026-07-18T09:43:03Z,2026-07-18T11:43:03+0200,c4e0902c-5b85-4487-a0df-afe572964363,2026-07-08T21:30:00Z,2026-07-08T23:30:00+0200,144.01,EUR/MWh,DE,DE_LU,day_ahead_price,value,2026-07-18T09:44:31Z
2026-07-18T09:43:03Z,2026-07-18T11:43:03+0200,c4e0902c-5b85-4487-a0df-afe572964363,2026-07-08T21:45:00Z,2026-07-08T23:45:00+0200,137.54,EUR/MWh,DE,DE_LU,day_ahead_price,value,2026-07-18T09:44:31Z
2026-07-18T09:43:03Z,2026-07-18T11:43:03+0200,c4e0902c-5b85-4487-a0df-afe572964363,2026-07-08T22:00:00Z,2026-07-09T00:00:00+0200,149.97,EUR/MWh,DE,DE_LU,day_ahead_price,value,2026-07-18T09:44:31Z
2026-07-18T09:43:03Z,2026-07-18T11:43:03+0200,c4e0902c-5b85-4487-a0df-afe572964363,2026-07-08T22:15:00Z,2026-07-09T00:15:00+0200,143.98,EUR/MWh,DE,DE_LU,day_ahead_price,value,2026-07-18T09:44:31Z
2026-07-18T09:43:03Z,2026-07-18T11:43:03+0200,c4e0902c-5b85-4487-a0df-afe572964363,2026-07-08T22:30:00Z,2026-07-09T00:30:00+0200,136.93,EUR/MWh,DE,DE_LU,day_ahead_price,value,2026-07-18T09:44:31Z
2026-07-18T09:43:03Z,2026-07-18T11:43:03+0200,c4e0902c-5b85-4487-a0df-afe572964363,2026-07-08T22:45:00Z,2026-07-09T00:45:00+0200,130.43,EUR/MWh,DE,DE_LU,day_ahead_price,value,2026-07-18T09:44:31Z
2026-07-18T09:43:03Z,2026-07-18T11:43:03+0200,c4e0902c-5b85-4487-a0df-afe572964363,2026-07-08T23:00:00Z,2026-07-09T01:00:00+0200,140.32,EUR/MWh,DE,DE_LU,day_ahead_price,value,2026-07-18T09:44:31Z
2026-07-18T09:43:03Z,2026-07-18T11:43:03+0200,c4e0902c-5b85-4487-a0df-afe572964363,2026-07-08T23:15:00Z,2026-07-09T01:15:00+0200,133.19,EUR/MWh,DE,DE_LU,day_ahead_price,value,2026-07-18T09:44:31Z
2026-07-18T09:43:03Z,2026-07-18T11:43:03+0200,c4e0902c-5b85-4487-a0df-afe572964363,2026-07-08T23:30:00Z,2026-07-09T01:30:00+0200,130.89,EUR/MWh,DE,DE_LU,day_ahead_price,value,2026-07-18T09:44:31Z
2026-07-18T09:43:03Z,2026-07-18T11:43:03+0200,c4e0902c-5b85-4487-a0df-afe572964363,2026-07-08T23:45:00Z,2026-07-09T01:45:00+0200,128.43,EUR/MWh,DE,DE_LU,day_ahead_price,value,2026-07-18T09:44:31Z
2026-07-18T09:43:03Z,2026-07-18T11:43:03+0200,c4e0902c-5b85-4487-a0df-afe572964363,2026-07-09T00:00:00Z,2026-07-09T02:00:00+0200,128.44,EUR/MWh,DE,DE_LU,day_ahead_price,value,2026-07-18T09:44:31Z
2026-07-18T09:43:03Z,2026-07-18T11:43:03+0200,c4e0902c-5b85-4487-a0df-afe572964363,2026-07-09T00:15:00Z,2026-07-09T02:15:00+0200,127.48,EUR/MWh,DE,DE_LU,day_ahead_price,value,2026-07-18T09:44:31Z
2026-07-18T09:43:03Z,2026-07-18T11:43:03+0200,c4e0902c-5b85-4487-a0df-afe572964363,2026-07-09T00:30:00Z,2026-07-09T02:30:00+0200,127.0,EUR/MWh,DE,DE_LU,day_ahead_price,value,2026-07-18T09:44:31Z
2026-07-18T09:43:03Z,2026-07-18T11:43:03+0200,c4e0902c-5b85-4487-a0df-afe572964363,2026-07-09T00:45:00Z,2026-07-09T02:45:00+0200,126.37,EUR/MWh,DE,DE_LU,day_ahead_price,value,2026-07-18T09:44:31Z
2026-07-18T09:43:03Z,2026-07-18T11:43:03+0200,c4e0902c-5b85-4487-a0df-afe572964363,2026-07-09T01:00:00Z,2026-07-09T03:00:00+0200,124.96,EUR/MWh,DE,DE_LU,day_ahead_price,value,2026-07-18T09:44:31Z
2026-07-18T09:43:03Z,2026-07-18T11:43:03+0200,c4e0902c-5b85-4487-a0df-afe572964363,2026-07-09T01:15:00Z,2026-07-09T03:15:00+0200,124.85,EUR/MWh,DE,DE_LU,day_ahead_price,value,2026-07-18T09:44:31Z
2026-07-18T09:43:03Z,2026-07-18T11:43:03+0200,c4e0902c-5b85-4487-a0df-afe572964363,2026-07-09T01:30:00Z,2026-07-09T03:30:00+0200,124.61,EUR/MWh,DE,DE_LU,day_ahead_price,value,2026-07-18T09:44:31Z
2026-07-18T09:43:03Z,2026-07-18T11:43:03+0200,c4e0902c-5b85-4487-a0df-afe572964363,2026-07-09T01:45:00Z,2026-07-09T03:45:00+0200,124.97,EUR/MWh,DE,DE_LU,day_ahead_price,value,2026-07-18T09:44:31Z
2026-07-18T09:43:03Z,2026-07-18T11:43:03+0200,c4e0902c-5b85-4487-a0df-afe572964363,2026-07-09T02:00:00Z,2026-07-09T04:00:00+0200,121.12,EUR/MWh,DE,DE_LU,day_ahead_price,value,2026-07-18T09:44:31Z
2026-07-18T09:43:03Z,2026-07-18T11:43:03+0200,c4e0902c-5b85-4487-a0df-afe572964363,2026-07-09T02:15:00Z,2026-07-09T04:15:00+0200,124.01,EUR/MWh,DE,DE_LU,day_ahead_price,value,2026-07-18T09:44:31Z
2026-07-18T09:43:03Z,2026-07-18T11:43:03+0200,c4e0902c-5b85-4487-a0df-afe572964363,2026-07-09T02:30:00Z,2026-07-09T04:30:00+0200,126.59,EUR/MWh,DE,DE_LU,day_ahead_price,value,2026-07-18T09:44:31Z
2026-07-18T09:43:03Z,2026-07-18T11:43:03+0200,c4e0902c-5b85-4487-a0df-afe572964363,2026-07-09T02:45:00Z,2026-07-09T04:45:00+0200,130.05,EUR/MWh,DE,DE_LU,day_ahead_price,value,2026-07-18T09:44:31Z
2026-07-18T09:43:03Z,2026-07-18T11:43:03+0200,c4e0902c-5b85-4487-a0df-afe572964363,2026-07-09T03:00:00Z,2026-07-09T05:00:00+0200,127.86,EUR/MWh,DE,DE_LU,day_ahead_price,value,2026-07-18T09:44:31Z
2026-07-18T09:43:03Z,2026-07-18T11:43:03+0200,c4e0902c-5b85-4487-a0df-afe572964363,2026-07-09T03:15:00Z,2026-07-09T05:15:00+0200,131.66,EUR/MWh,DE,DE_LU,day_ahead_price,value,2026-07-18T09:44:31Z
2026-07-18T09:43:03Z,2026-07-18T11:43:03+0200,c4e0902c-5b85-4487-a0df-afe572964363,2026-07-09T03:30:00Z,2026-07-09T05:30:00+0200,135.0,EUR/MWh,DE,DE_LU,day_ahead_price,value,2026-07-18T09:44:31Z
2026-07-18T09:43:03Z,2026-07-18T11:43:03+0200,c4e0902c-5b85-4487-a0df-afe572964363,2026-07-09T03:45:00Z,2026-07-09T05:45:00+0200,141.3,EUR/MWh,DE,DE_LU,day_ahead_price,value,2026-07-18T09:44:31Z
2026-07-18T09:43:03Z,2026-07-18T11:43:03+0200,c4e0902c-5b85-4487-a0df-afe572964363,2026-07-09T04:00:00Z,2026-07-09T06:00:00+0200,142.51,EUR/MWh,DE,DE_LU,day_ahead_price,value,2026-07-18T09:44:31Z
2026-07-18T09:43:03Z,2026-07-18T11:43:03+0200,c4e0902c-5b85-4487-a0df-afe572964363,2026-07-09T04:15:00Z,2026-07-09T06:15:00+0200,152.43,EUR/MWh,DE,DE_LU,day_ahead_price,value,2026-07-18T09:44:31Z
2026-07-18T09:43:03Z,2026-07-18T11:43:03+0200,c4e0902c-5b85-4487-a0df-afe572964363,2026-07-09T04:30:00Z,2026-07-09T06:30:00+0200,153.73,EUR/MWh,DE,DE_LU,day_ahead_price,value,2026-07-18T09:44:31Z
2026-07-18T09:43:03Z,2026-07-18T11:43:03+0200,c4e0902c-5b85-4487-a0df-afe572964363,2026-07-09T04:45:00Z,2026-07-09T06:45:00+0200,147.93,EUR/MWh,DE,DE_LU,day_ahead_price,value,2026-07-18T09:44:31Z
2026-07-18T09:43:03Z,2026-07-18T11:43:03+0200,c4e0902c-5b85-4487-a0df-afe572964363,2026-07-09T05:00:00Z,2026-07-09T07:00:00+0200,164.44,EUR/MWh,DE,DE_LU,day_ahead_price,value,2026-07-18T09:44:31Z
2026-07-18T09:43:03Z,2026-07-18T11:43:03+0200,c4e0902c-5b85-4487-a0df-afe572964363,2026-07-09T05:15:00Z,2026-07-09T07:15:00+0200,151.41,EUR/MWh,DE,DE_LU,day_ahead_price,value,2026-07-18T09:44:31Z
2026-07-18T09:43:03Z,2026-07-18T11:43:03+0200,c4e0902c-5b85-4487-a0df-afe572964363,2026-07-09T05:30:00Z,2026-07-09T07:30:00+0200,143.06,EUR/MWh,DE,DE_LU,day_ahead_price,value,2026-07-18T09:44:31Z
2026-07-18T09:43:03Z,2026-07-18T11:43:03+0200,c4e0902c-5b85-4487-a0df-afe572964363,2026-07-09T05:45:00Z,2026-07-09T07:45:00+0200,131.73,EUR/MWh,DE,DE_LU,day_ahead_price,value,2026-07-18T09:44:31Z
2026-07-18T09:43:03Z,2026-07-18T11:43:03+0200,c4e0902c-5b85-4487-a0df-afe572964363,2026-07-09T06:00:00Z,2026-07-09T08:00:00+0200,154.08,EUR/MWh,DE,DE_LU,day_ahead_price,value,2026-07-18T09:44:31Z
2026-07-18T09:43:03Z,2026-07-18T11:43:03+0200,c4e0902c-5b85-4487-a0df-afe572964363,2026-07-09T06:15:00Z,2026-07-09T08:15:00+0200,140.0,EUR/MWh,DE,DE_LU,day_ahead_price,value,2026-07-18T09:44:31Z
2026-07-18T09:43:03Z,2026-07-18T11:43:03+0200,c4e0902c-5b85-4487-a0df-afe572964363,2026-07-09T06:30:00Z,2026-07-09T08:30:00+0200,134.92,EUR/MWh,DE,DE_LU,day_ahead_price,value,2026-07-18T09:44:31Z
2026-07-18T09:43:03Z,2026-07-18T11:43:03+0200,c4e0902c-5b85-4487-a0df-afe572964363,2026-07-09T06:45:00Z,2026-07-09T08:45:00+0200,124.19,EUR/MWh,DE,DE_LU,day_ahead_price,value,2026-07-18T09:44:31Z
2026-07-18T09:43:03Z,2026-07-18T11:43:03+0200,c4e0902c-5b85-4487-a0df-afe572964363,2026-07-09T07:00:00Z,2026-07-09T09:00:00+0200,132.6,EUR/MWh,DE,DE_LU,day_ahead_price,value,2026-07-18T09:44:31Z
2026-07-18T09:43:03Z,2026-07-18T11:43:03+0200,c4e0902c-5b85-4487-a0df-afe572964363,2026-07-09T07:15:00Z,2026-07-09T09:15:00+0200,120.33,EUR/MWh,DE,DE_LU,day_ahead_price,value,2026-07-18T09:44:31Z
2026-07-18T09:43:03Z,2026-07-18T11:43:03+0200,c4e0902c-5b85-4487-a0df-afe572964363,2026-07-09T07:30:00Z,2026-07-09T09:30:00+0200,113.25,EUR/MWh,DE,DE_LU,day_ahead_price,value,2026-07-18T09:44:31Z
2026-07-18T09:43:03Z,2026-07-18T11:43:03+0200,c4e0902c-5b85-4487-a0df-afe572964363,2026-07-09T07:45:00Z,2026-07-09T09:45:00+0200,105.94,EUR/MWh,DE,DE_LU,day_ahead_price,value,2026-07-18T09:44:31Z
2026-07-18T09:43:03Z,2026-07-18T11:43:03+0200,c4e0902c-5b85-4487-a0df-afe572964363,2026-07-09T08:00:00Z,2026-07-09T10:00:00+0200,109.06,EUR/MWh,DE,DE_LU,day_ahead_price,value,2026-07-18T09:44:31Z
2026-07-18T09:43:03Z,2026-07-18T11:43:03+0200,c4e0902c-5b85-4487-a0df-afe572964363,2026-07-09T08:15:00Z,2026-07-09T10:15:00+0200,104.01,EUR/MWh,DE,DE_LU,day_ahead_price,value,2026-07-18T09:44:31Z
2026-07-18T09:43:03Z,2026-07-18T11:43:03+0200,c4e0902c-5b85-4487-a0df-afe572964363,2026-07-09T08:30:00Z,2026-07-09T10:30:00+0200,98.51,EUR/MWh,DE,DE_LU,day_ahead_price,value,2026-07-18T09:44:31Z
2026-07-18T09:43:03Z,2026-07-18T11:43:03+0200,c4e0902c-5b85-4487-a0df-afe572964363,2026-07-09T08:45:00Z,2026-07-09T10:45:00+0200,86.94,EUR/MWh,DE,DE_LU,day_ahead_price,value,2026-07-18T09:44:31Z
2026-07-18T09:43:03Z,2026-07-18T11:43:03+0200,c4e0902c-5b85-4487-a0df-afe572964363,2026-07-09T09:00:00Z,2026-07-09T11:00:00+0200,100.0,EUR/MWh,DE,DE_LU,day_ahead_price,value,2026-07-18T09:44:31Z
2026-07-18T09:43:03Z,2026-07-18T11:43:03+0200,c4e0902c-5b85-4487-a0df-afe572964363,2026-07-09T09:15:00Z,2026-07-09T11:15:00+0200,90.1,EUR/MWh,DE,DE_LU,day_ahead_price,value,2026-07-18T09:44:31Z
2026-07-18T09:43:03Z,2026-07-18T11:43:03+0200,c4e0902c-5b85-4487-a0df-afe572964363,2026-07-09T09:30:00Z,2026-07-09T11:30:00+0200,81.76,EUR/MWh,DE,DE_LU,day_ahead_price,value,2026-07-18T09:44:31Z
2026-07-18T09:43:03Z,2026-07-18T11:43:03+0200,c4e0902c-5b85-4487-a0df-afe572964363,2026-07-09T09:45:00Z,2026-07-09T11:45:00+0200,75.46,EUR/MWh,DE,DE_LU,day_ahead_price,value,2026-07-18T09:44:31Z
2026-07-18T09:43:03Z,2026-07-18T11:43:03+0200,c4e0902c-5b85-4487-a0df-afe572964363,2026-07-09T10:00:00Z,2026-07-09T12:00:00+0200,82.36,EUR/MWh,DE,DE_LU,day_ahead_price,value,2026-07-18T09:44:31Z
2026-07-18T09:43:03Z,2026-07-18T11:43:03+0200,c4e0902c-5b85-4487-a0df-afe572964363,2026-07-09T10:15:00Z,2026-07-09T12:15:00+0200,69.09,EUR/MWh,DE,DE_LU,day_ahead_price,value,2026-07-18T09:44:31Z
2026-07-18T09:43:03Z,2026-07-18T11:43:03+0200,c4e0902c-5b85-4487-a0df-afe572964363,2026-07-09T10:30:00Z,2026-07-09T12:30:00+0200,61.0,EUR/MWh,DE,DE_LU,day_ahead_price,value,2026-07-18T09:44:31Z
2026-07-18T09:43:03Z,2026-07-18T11:43:03+0200,c4e0902c-5b85-4487-a0df-afe572964363,2026-07-09T10:45:00Z,2026-07-09T12:45:00+0200,54.31,EUR/MWh,DE,DE_LU,day_ahead_price,value,2026-07-18T09:44:31Z
2026-07-18T09:43:03Z,2026-07-18T11:43:03+0200,c4e0902c-5b85-4487-a0df-afe572964363,2026-07-09T11:00:00Z,2026-07-09T13:00:00+0200,58.7,EUR/MWh,DE,DE_LU,day_ahead_price,value,2026-07-18T09:44:31Z
2026-07-18T09:43:03Z,2026-07-18T11:43:03+0200,c4e0902c-5b85-4487-a0df-afe572964363,2026-07-09T11:15:00Z,2026-07-09T13:15:00+0200,51.67,EUR/MWh,DE,DE_LU,day_ahead_price,value,2026-07-18T09:44:31Z
2026-07-18T09:43:03Z,2026-07-18T11:43:03+0200,c4e0902c-5b85-4487-a0df-afe572964363,2026-07-09T11:30:00Z,2026-07-09T13:30:00+0200,39.06,EUR/MWh,DE,DE_LU,day_ahead_price,value,2026-07-18T09:44:31Z
2026-07-18T09:43:03Z,2026-07-18T11:43:03+0200,c4e0902c-5b85-4487-a0df-afe572964363,2026-07-09T11:45:00Z,2026-07-09T13:45:00+0200,25.07,EUR/MWh,DE,DE_LU,day_ahead_price,value,2026-07-18T09:44:31Z
2026-07-18T09:43:03Z,2026-07-18T11:43:03+0200,c4e0902c-5b85-4487-a0df-afe572964363,2026-07-09T12:00:00Z,2026-07-09T14:00:00+0200,33.61,EUR/MWh,DE,DE_LU,day_ahead_price,value,2026-07-18T09:44:31Z
2026-07-18T09:43:03Z,2026-07-18T11:43:03+0200,c4e0902c-5b85-4487-a0df-afe572964363,2026-07-09T12:15:00Z,2026-07-09T14:15:00+0200,35.94,EUR/MWh,DE,DE_LU,day_ahead_price,value,2026-07-18T09:44:31Z
2026-07-18T09:43:03Z,2026-07-18T11:43:03+0200,c4e0902c-5b85-4487-a0df-afe572964363,2026-07-09T12:30:00Z,2026-07-09T14:30:00+0200,38.9,EUR/MWh,DE,DE_LU,day_ahead_price,value,2026-07-18T09:44:31Z
2026-07-18T09:43:03Z,2026-07-18T11:43:03+0200,c4e0902c-5b85-4487-a0df-afe572964363,2026-07-09T12:45:00Z,2026-07-09T14:45:00+0200,43.57,EUR/MWh,DE,DE_LU,day_ahead_price,value,2026-07-18T09:44:31Z
2026-07-18T09:43:03Z,2026-07-18T11:43:03+0200,c4e0902c-5b85-4487-a0df-afe572964363,2026-07-09T13:00:00Z,2026-07-09T15:00:00+0200,33.37,EUR/MWh,DE,DE_LU,day_ahead_price,value,2026-07-18T09:44:31Z
2026-07-18T09:43:03Z,2026-07-18T11:43:03+0200,c4e0902c-5b85-4487-a0df-afe572964363,2026-07-09T13:15:00Z,2026-07-09T15:15:00+0200,43.22,EUR/MWh,DE,DE_LU,day_ahead_price,value,2026-07-18T09:44:31Z
2026-07-18T09:43:03Z,2026-07-18T11:43:03+0200,c4e0902c-5b85-4487-a0df-afe572964363,2026-07-09T13:30:00Z,2026-07-09T15:30:00+0200,55.16,EUR/MWh,DE,DE_LU,day_ahead_price,value,2026-07-18T09:44:31Z
2026-07-18T09:43:03Z,2026-07-18T11:43:03+0200,c4e0902c-5b85-4487-a0df-afe572964363,2026-07-09T13:45:00Z,2026-07-09T15:45:00+0200,72.41,EUR/MWh,DE,DE_LU,day_ahead_price,value,2026-07-18T09:44:31Z
2026-07-18T09:43:03Z,2026-07-18T11:43:03+0200,c4e0902c-5b85-4487-a0df-afe572964363,2026-07-09T14:00:00Z,2026-07-09T16:00:00+0200,62.14,EUR/MWh,DE,DE_LU,day_ahead_price,value,2026-07-18T09:44:31Z
2026-07-18T09:43:03Z,2026-07-18T11:43:03+0200,c4e0902c-5b85-4487-a0df-afe572964363,2026-07-09T14:15:00Z,2026-07-09T16:15:00+0200,77.0,EUR/MWh,DE,DE_LU,day_ahead_price,value,2026-07-18T09:44:31Z
2026-07-18T09:43:03Z,2026-07-18T11:43:03+0200,c4e0902c-5b85-4487-a0df-afe572964363,2026-07-09T14:30:00Z,2026-07-09T16:30:00+0200,86.53,EUR/MWh,DE,DE_LU,day_ahead_price,value,2026-07-18T09:44:31Z
2026-07-18T09:43:03Z,2026-07-18T11:43:03+0200,c4e0902c-5b85-4487-a0df-afe572964363,2026-07-09T14:45:00Z,2026-07-09T16:45:00+0200,98.37,EUR/MWh,DE,DE_LU,day_ahead_price,value,2026-07-18T09:44:31Z
2026-07-18T09:43:03Z,2026-07-18T11:43:03+0200,c4e0902c-5b85-4487-a0df-afe572964363,2026-07-09T15:00:00Z,2026-07-09T17:00:00+0200,85.15,EUR/MWh,DE,DE_LU,day_ahead_price,value,2026-07-18T09:44:31Z
2026-07-18T09:43:03Z,2026-07-18T11:43:03+0200,c4e0902c-5b85-4487-a0df-afe572964363,2026-07-09T15:15:00Z,2026-07-09T17:15:00+0200,104.06,EUR/MWh,DE,DE_LU,day_ahead_price,value,2026-07-18T09:44:31Z
2026-07-18T09:43:03Z,2026-07-18T11:43:03+0200,c4e0902c-5b85-4487-a0df-afe572964363,2026-07-09T15:30:00Z,2026-07-09T17:30:00+0200,114.41,EUR/MWh,DE,DE_LU,day_ahead_price,value,2026-07-18T09:44:31Z
2026-07-18T09:43:03Z,2026-07-18T11:43:03+0200,c4e0902c-5b85-4487-a0df-afe572964363,2026-07-09T15:45:00Z,2026-07-09T17:45:00+0200,130.03,EUR/MWh,DE,DE_LU,day_ahead_price,value,2026-07-18T09:44:31Z
2026-07-18T09:43:03Z,2026-07-18T11:43:03+0200,c4e0902c-5b85-4487-a0df-afe572964363,2026-07-09T16:00:00Z,2026-07-09T18:00:00+0200,114.4,EUR/MWh,DE,DE_LU,day_ahead_price,value,2026-07-18T09:44:31Z
2026-07-18T09:43:03Z,2026-07-18T11:43:03+0200,c4e0902c-5b85-4487-a0df-afe572964363,2026-07-09T16:15:00Z,2026-07-09T18:15:00+0200,123.36,EUR/MWh,DE,DE_LU,day_ahead_price,value,2026-07-18T09:44:31Z
2026-07-18T09:43:03Z,2026-07-18T11:43:03+0200,c4e0902c-5b85-4487-a0df-afe572964363,2026-07-09T16:30:00Z,2026-07-09T18:30:00+0200,136.05,EUR/MWh,DE,DE_LU,day_ahead_price,value,2026-07-18T09:44:31Z
2026-07-18T09:43:03Z,2026-07-18T11:43:03+0200,c4e0902c-5b85-4487-a0df-afe572964363,2026-07-09T16:45:00Z,2026-07-09T18:45:00+0200,147.82,EUR/MWh,DE,DE_LU,day_ahead_price,value,2026-07-18T09:44:31Z
2026-07-18T09:43:03Z,2026-07-18T11:43:03+0200,c4e0902c-5b85-4487-a0df-afe572964363,2026-07-09T17:00:00Z,2026-07-09T19:00:00+0200,142.83,EUR/MWh,DE,DE_LU,day_ahead_price,value,2026-07-18T09:44:31Z
2026-07-18T09:43:03Z,2026-07-18T11:43:03+0200,c4e0902c-5b85-4487-a0df-afe572964363,2026-07-09T17:15:00Z,2026-07-09T19:15:00+0200,152.09,EUR/MWh,DE,DE_LU,day_ahead_price,value,2026-07-18T09:44:31Z
2026-07-18T09:43:03Z,2026-07-18T11:43:03+0200,c4e0902c-5b85-4487-a0df-afe572964363,2026-07-09T17:30:00Z,2026-07-09T19:30:00+0200,170.16,EUR/MWh,DE,DE_LU,day_ahead_price,value,2026-07-18T09:44:31Z
2026-07-18T09:43:03Z,2026-07-18T11:43:03+0200,c4e0902c-5b85-4487-a0df-afe572964363,2026-07-09T17:45:00Z,2026-07-09T19:45:00+0200,200.92,EUR/MWh,DE,DE_LU,day_ahead_price,value,2026-07-18T09:44:31Z
2026-07-18T09:43:03Z,2026-07-18T11:43:03+0200,c4e0902c-5b85-4487-a0df-afe572964363,2026-07-09T18:00:00Z,2026-07-09T20:00:00+0200,185.06,EUR/MWh,DE,DE_LU,day_ahead_price,value,2026-07-18T09:44:31Z
2026-07-18T09:43:03Z,2026-07-18T11:43:03+0200,c4e0902c-5b85-4487-a0df-afe572964363,2026-07-09T18:15:00Z,2026-07-09T20:15:00+0200,199.67,EUR/MWh,DE,DE_LU,day_ahead_price,value,2026-07-18T09:44:31Z
2026-07-18T09:43:03Z,2026-07-18T11:43:03+0200,c4e0902c-5b85-4487-a0df-afe572964363,2026-07-09T18:30:00Z,2026-07-09T20:30:00+0200,223.16,EUR/MWh,DE,DE_LU,day_ahead_price,value,2026-07-18T09:44:31Z
2026-07-18T09:43:03Z,2026-07-18T11:43:03+0200,c4e0902c-5b85-4487-a0df-afe572964363,2026-07-09T18:45:00Z,2026-07-09T20:45:00+0200,234.91,EUR/MWh,DE,DE_LU,day_ahead_price,value,2026-07-18T09:44:31Z
2026-07-18T09:43:03Z,2026-07-18T11:43:03+0200,c4e0902c-5b85-4487-a0df-afe572964363,2026-07-09T19:00:00Z,2026-07-09T21:00:00+0200,231.36,EUR/MWh,DE,DE_LU,day_ahead_price,value,2026-07-18T09:44:31Z
2026-07-18T09:43:03Z,2026-07-18T11:43:03+0200,c4e0902c-5b85-4487-a0df-afe572964363,2026-07-09T19:15:00Z,2026-07-09T21:15:00+0200,223.78,EUR/MWh,DE,DE_LU,day_ahead_price,value,2026-07-18T09:44:31Z
2026-07-18T09:43:03Z,2026-07-18T11:43:03+0200,c4e0902c-5b85-4487-a0df-afe572964363,2026-07-09T19:30:00Z,2026-07-09T21:30:00+0200,206.85,EUR/MWh,DE,DE_LU,day_ahead_price,value,2026-07-18T09:44:31Z
2026-07-18T09:43:03Z,2026-07-18T11:43:03+0200,c4e0902c-5b85-4487-a0df-afe572964363,2026-07-09T19:45:00Z,2026-07-09T21:45:00+0200,191.26,EUR/MWh,DE,DE_LU,day_ahead_price,value,2026-07-18T09:44:31Z
2026-07-18T09:43:03Z,2026-07-18T11:43:03+0200,c4e0902c-5b85-4487-a0df-afe572964363,2026-07-09T20:00:00Z,2026-07-09T22:00:00+0200,208.4,EUR/MWh,DE,DE_LU,day_ahead_price,value,2026-07-18T09:44:31Z
2026-07-18T09:43:03Z,2026-07-18T11:43:03+0200,c4e0902c-5b85-4487-a0df-afe572964363,2026-07-09T20:15:00Z,2026-07-09T22:15:00+0200,187.95,EUR/MWh,DE,DE_LU,day_ahead_price,value,2026-07-18T09:44:31Z
2026-07-18T09:43:03Z,2026-07-18T11:43:03+0200,c4e0902c-5b85-4487-a0df-afe572964363,2026-07-09T20:30:00Z,2026-07-09T22:30:00+0200,174.8,EUR/MWh,DE,DE_LU,day_ahead_price,value,2026-07-18T09:44:31Z
2026-07-18T09:43:03Z,2026-07-18T11:43:03+0200,c4e0902c-5b85-4487-a0df-afe572964363,2026-07-09T20:45:00Z,2026-07-09T22:45:00+0200,164.71,EUR/MWh,DE,DE_LU,day_ahead_price,value,2026-07-18T09:44:31Z
2026-07-18T09:43:03Z,2026-07-18T11:43:03+0200,c4e0902c-5b85-4487-a0df-afe572964363,2026-07-09T21:00:00Z,2026-07-09T23:00:00+0200,172.66,EUR/MWh,DE,DE_LU,day_ahead_price,value,2026-07-18T09:44:31Z
2026-07-18T09:43:03Z,2026-07-18T11:43:03+0200,c4e0902c-5b85-4487-a0df-afe572964363,2026-07-09T21:15:00Z,2026-07-09T23:15:00+0200,165.09,EUR/MWh,DE,DE_LU,day_ahead_price,value,2026-07-18T09:44:31Z
2026-07-18T09:43:03Z,2026-07-18T11:43:03+0200,c4e0902c-5b85-4487-a0df-afe572964363,2026-07-09T21:30:00Z,2026-07-09T23:30:00+0200,156.21,EUR/MWh,DE,DE_LU,day_ahead_price,value,2026-07-18T09:44:31Z
2026-07-18T09:43:03Z,2026-07-18T11:43:03+0200,c4e0902c-5b85-4487-a0df-afe572964363,2026-07-09T21:45:00Z,2026-07-09T23:45:00+0200,157.02,EUR/MWh,DE,DE_LU,day_ahead_price,value,2026-07-18T09:44:31Z
2026-07-18T09:43:03Z,2026-07-18T11:43:03+0200,c4e0902c-5b85-4487-a0df-afe572964363,2026-07-09T22:00:00Z,2026-07-10T00:00:00+0200,167.73,EUR/MWh,DE,DE_LU,day_ahead_price,value,2026-07-18T09:44:31Z
2026-07-18T09:43:03Z,2026-07-18T11:43:03+0200,c4e0902c-5b85-4487-a0df-afe572964363,2026-07-09T22:15:00Z,2026-07-10T00:15:00+0200,154.65,EUR/MWh,DE,DE_LU,day_ahead_price,value,2026-07-18T09:44:31Z
2026-07-18T09:43:03Z,2026-07-18T11:43:03+0200,c4e0902c-5b85-4487-a0df-afe572964363,2026-07-09T22:30:00Z,2026-07-10T00:30:00+0200,149.56,EUR/MWh,DE,DE_LU,day_ahead_price,value,2026-07-18T09:44:31Z
2026-07-18T09:43:03Z,2026-07-18T11:43:03+0200,c4e0902c-5b85-4487-a0df-afe572964363,2026-07-09T22:45:00Z,2026-07-10T00:45:00+0200,142.29,EUR/MWh,DE,DE_LU,day_ahead_price,value,2026-07-18T09:44:31Z
2026-07-18T09:43:03Z,2026-07-18T11:43:03+0200,c4e0902c-5b85-4487-a0df-afe572964363,2026-07-09T23:00:00Z,2026-07-10T01:00:00+0200,149.61,EUR/MWh,DE,DE_LU,day_ahead_price,value,2026-07-18T09:44:31Z
2026-07-18T09:43:03Z,2026-07-18T11:43:03+0200,c4e0902c-5b85-4487-a0df-afe572964363,2026-07-09T23:15:00Z,2026-07-10T01:15:00+0200,143.85,EUR/MWh,DE,DE_LU,day_ahead_price,value,2026-07-18T09:44:31Z
2026-07-18T09:43:03Z,2026-07-18T11:43:03+0200,c4e0902c-5b85-4487-a0df-afe572964363,2026-07-09T23:30:00Z,2026-07-10T01:30:00+0200,142.3,EUR/MWh,DE,DE_LU,day_ahead_price,value,2026-07-18T09:44:31Z
2026-07-18T09:43:03Z,2026-07-18T11:43:03+0200,c4e0902c-5b85-4487-a0df-afe572964363,2026-07-09T23:45:00Z,2026-07-10T01:45:00+0200,137.97,EUR/MWh,DE,DE_LU,day_ahead_price,value,2026-07-18T09:44:31Z
2026-07-18T09:43:03Z,2026-07-18T11:43:03+0200,c4e0902c-5b85-4487-a0df-afe572964363,2026-07-10T00:00:00Z,2026-07-10T02:00:00+0200,141.98,EUR/MWh,DE,DE_LU,day_ahead_price,value,2026-07-18T09:44:31Z
2026-07-18T09:43:03Z,2026-07-18T11:43:03+0200,c4e0902c-5b85-4487-a0df-afe572964363,2026-07-10T00:15:00Z,2026-07-10T02:15:00+0200,141.16,EUR/MWh,DE,DE_LU,day_ahead_price,value,2026-07-18T09:44:31Z
2026-07-18T09:43:03Z,2026-07-18T11:43:03+0200,c4e0902c-5b85-4487-a0df-afe572964363,2026-07-10T00:30:00Z,2026-07-10T02:30:00+0200,137.71,EUR/MWh,DE,DE_LU,day_ahead_price,value,2026-07-18T09:44:31Z
2026-07-18T09:43:03Z,2026-07-18T11:43:03+0200,c4e0902c-5b85-4487-a0df-afe572964363,2026-07-10T00:45:00Z,2026-07-10T02:45:00+0200,137.95,EUR/MWh,DE,DE_LU,day_ahead_price,value,2026-07-18T09:44:31Z
2026-07-18T09:43:03Z,2026-07-18T11:43:03+0200,c4e0902c-5b85-4487-a0df-afe572964363,2026-07-10T01:00:00Z,2026-07-10T03:00:00+0200,138.55,EUR/MWh,DE,DE_LU,day_ahead_price,value,2026-07-18T09:44:31Z
2026-07-18T09:43:03Z,2026-07-18T11:43:03+0200,c4e0902c-5b85-4487-a0df-afe572964363,2026-07-10T01:15:00Z,2026-07-10T03:15:00+0200,137.87,EUR/MWh,DE,DE_LU,day_ahead_price,value,2026-07-18T09:44:31Z
2026-07-18T09:43:03Z,2026-07-18T11:43:03+0200,c4e0902c-5b85-4487-a0df-afe572964363,2026-07-10T01:30:00Z,2026-07-10T03:30:00+0200,137.7,EUR/MWh,DE,DE_LU,day_ahead_price,value,2026-07-18T09:44:31Z
2026-07-18T09:43:03Z,2026-07-18T11:43:03+0200,c4e0902c-5b85-4487-a0df-afe572964363,2026-07-10T01:45:00Z,2026-07-10T03:45:00+0200,137.59,EUR/MWh,DE,DE_LU,day_ahead_price,value,2026-07-18T09:44:31Z
2026-07-18T09:43:03Z,2026-07-18T11:43:03+0200,c4e0902c-5b85-4487-a0df-afe572964363,2026-07-10T02:00:00Z,2026-07-10T04:00:00+0200,137.37,EUR/MWh,DE,DE_LU,day_ahead_price,value,2026-07-18T09:44:31Z
2026-07-18T09:43:03Z,2026-07-18T11:43:03+0200,c4e0902c-5b85-4487-a0df-afe572964363,2026-07-10T02:15:00Z,2026-07-10T04:15:00+0200,138.0,EUR/MWh,DE,DE_LU,day_ahead_price,value,2026-07-18T09:44:31Z
2026-07-18T09:43:03Z,2026-07-18T11:43:03+0200,c4e0902c-5b85-4487-a0df-afe572964363,2026-07-10T02:30:00Z,2026-07-10T04:30:00+0200,137.71,EUR/MWh,DE,DE_LU,day_ahead_price,value,2026-07-18T09:44:31Z
2026-07-18T09:43:03Z,2026-07-18T11:43:03+0200,c4e0902c-5b85-4487-a0df-afe572964363,2026-07-10T02:45:00Z,2026-07-10T04:45:00+0200,140.0,EUR/MWh,DE,DE_LU,day_ahead_price,value,2026-07-18T09:44:31Z
2026-07-18T09:43:03Z,2026-07-18T11:43:03+0200,c4e0902c-5b85-4487-a0df-afe572964363,2026-07-10T03:00:00Z,2026-07-10T05:00:00+0200,140.01,EUR/MWh,DE,DE_LU,day_ahead_price,value,2026-07-18T09:44:31Z
2026-07-18T09:43:03Z,2026-07-18T11:43:03+0200,c4e0902c-5b85-4487-a0df-afe572964363,2026-07-10T03:15:00Z,2026-07-10T05:15:00+0200,141.61,EUR/MWh,DE,DE_LU,day_ahead_price,value,2026-07-18T09:44:31Z
2026-07-18T09:43:03Z,2026-07-18T11:43:03+0200,c4e0902c-5b85-4487-a0df-afe572964363,2026-07-10T03:30:00Z,2026-07-10T05:30:00+0200,142.43,EUR/MWh,DE,DE_LU,day_ahead_price,value,2026-07-18T09:44:31Z
2026-07-18T09:43:03Z,2026-07-18T11:43:03+0200,c4e0902c-5b85-4487-a0df-afe572964363,2026-07-10T03:45:00Z,2026-07-10T05:45:00+0200,145.76,EUR/MWh,DE,DE_LU,day_ahead_price,value,2026-07-18T09:44:31Z
2026-07-18T09:43:03Z,2026-07-18T11:43:03+0200,c4e0902c-5b85-4487-a0df-afe572964363,2026-07-10T04:00:00Z,2026-07-10T06:00:00+0200,146.74,EUR/MWh,DE,DE_LU,day_ahead_price,value,2026-07-18T09:44:31Z
2026-07-18T09:43:03Z,2026-07-18T11:43:03+0200,c4e0902c-5b85-4487-a0df-afe572964363,2026-07-10T04:15:00Z,2026-07-10T06:15:00+0200,155.45,EUR/MWh,DE,DE_LU,day_ahead_price,value,2026-07-18T09:44:31Z
2026-07-18T09:43:03Z,2026-07-18T11:43:03+0200,c4e0902c-5b85-4487-a0df-afe572964363,2026-07-10T04:30:00Z,2026-07-10T06:30:00+0200,152.29,EUR/MWh,DE,DE_LU,day_ahead_price,value,2026-07-18T09:44:31Z
2026-07-18T09:43:03Z,2026-07-18T11:43:03+0200,c4e0902c-5b85-4487-a0df-afe572964363,2026-07-10T04:45:00Z,2026-07-10T06:45:00+0200,150.08,EUR/MWh,DE,DE_LU,day_ahead_price,value,2026-07-18T09:44:31Z
2026-07-18T09:43:03Z,2026-07-18T11:43:03+0200,c4e0902c-5b85-4487-a0df-afe572964363,2026-07-10T05:00:00Z,2026-07-10T07:00:00+0200,160.54,EUR/MWh,DE,DE_LU,day_ahead_price,value,2026-07-18T09:44:31Z
2026-07-18T09:43:03Z,2026-07-18T11:43:03+0200,c4e0902c-5b85-4487-a0df-afe572964363,2026-07-10T05:15:00Z,2026-07-10T07:15:00+0200,153.35,EUR/MWh,DE,DE_LU,day_ahead_price,value,2026-07-18T09:44:31Z
2026-07-18T09:43:03Z,2026-07-18T11:43:03+0200,c4e0902c-5b85-4487-a0df-afe572964363,2026-07-10T05:30:00Z,2026-07-10T07:30:00+0200,144.96,EUR/MWh,DE,DE_LU,day_ahead_price,value,2026-07-18T09:44:31Z
2026-07-18T09:43:03Z,2026-07-18T11:43:03+0200,c4e0902c-5b85-4487-a0df-afe572964363,2026-07-10T05:45:00Z,2026-07-10T07:45:00+0200,131.92,EUR/MWh,DE,DE_LU,day_ahead_price,value,2026-07-18T09:44:31Z
2026-07-18T09:43:03Z,2026-07-18T11:43:03+0200,c4e0902c-5b85-4487-a0df-afe572964363,2026-07-10T06:00:00Z,2026-07-10T08:00:00+0200,154.77,EUR/MWh,DE,DE_LU,day_ahead_price,value,2026-07-18T09:44:31Z
2026-07-18T09:43:03Z,2026-07-18T11:43:03+0200,c4e0902c-5b85-4487-a0df-afe572964363,2026-07-10T06:15:00Z,2026-07-10T08:15:00+0200,141.08,EUR/MWh,DE,DE_LU,day_ahead_price,value,2026-07-18T09:44:31Z
2026-07-18T09:43:03Z,2026-07-18T11:43:03+0200,c4e0902c-5b85-4487-a0df-afe572964363,2026-07-10T06:30:00Z,2026-07-10T08:30:00+0200,131.42,EUR/MWh,DE,DE_LU,day_ahead_price,value,2026-07-18T09:44:31Z
2026-07-18T09:43:03Z,2026-07-18T11:43:03+0200,c4e0902c-5b85-4487-a0df-afe572964363,2026-07-10T06:45:00Z,2026-07-10T08:45:00+0200,112.34,EUR/MWh,DE,DE_LU,day_ahead_price,value,2026-07-18T09:44:31Z
2026-07-18T09:43:03Z,2026-07-18T11:43:03+0200,c4e0902c-5b85-4487-a0df-afe572964363,2026-07-10T07:00:00Z,2026-07-10T09:00:00+0200,138.13,EUR/MWh,DE,DE_LU,day_ahead_price,value,2026-07-18T09:44:31Z
2026-07-18T09:43:03Z,2026-07-18T11:43:03+0200,c4e0902c-5b85-4487-a0df-afe572964363,2026-07-10T07:15:00Z,2026-07-10T09:15:00+0200,130.77,EUR/MWh,DE,DE_LU,day_ahead_price,value,2026-07-18T09:44:31Z
2026-07-18T09:43:03Z,2026-07-18T11:43:03+0200,c4e0902c-5b85-4487-a0df-afe572964363,2026-07-10T07:30:00Z,2026-07-10T09:30:00+0200,115.23,EUR/MWh,DE,DE_LU,day_ahead_price,value,2026-07-18T09:44:31Z
2026-07-18T09:43:03Z,2026-07-18T11:43:03+0200,c4e0902c-5b85-4487-a0df-afe572964363,2026-07-10T07:45:00Z,2026-07-10T09:45:00+0200,103.77,EUR/MWh,DE,DE_LU,day_ahead_price,value,2026-07-18T09:44:31Z
2026-07-18T09:43:03Z,2026-07-18T11:43:03+0200,c4e0902c-5b85-4487-a0df-afe572964363,2026-07-10T08:00:00Z,2026-07-10T10:00:00+0200,112.71,EUR/MWh,DE,DE_LU,day_ahead_price,value,2026-07-18T09:44:31Z
2026-07-18T09:43:03Z,2026-07-18T11:43:03+0200,c4e0902c-5b85-4487-a0df-afe572964363,2026-07-10T08:15:00Z,2026-07-10T10:15:00+0200,108.28,EUR/MWh,DE,DE_LU,day_ahead_price,value,2026-07-18T09:44:31Z
2026-07-18T09:43:03Z,2026-07-18T11:43:03+0200,c4e0902c-5b85-4487-a0df-afe572964363,2026-07-10T08:30:00Z,2026-07-10T10:30:00+0200,94.0,EUR/MWh,DE,DE_LU,day_ahead_price,value,2026-07-18T09:44:31Z
2026-07-18T09:43:03Z,2026-07-18T11:43:03+0200,c4e0902c-5b85-4487-a0df-afe572964363,2026-07-10T08:45:00Z,2026-07-10T10:45:00+0200,84.59,EUR/MWh,DE,DE_LU,day_ahead_price,value,2026-07-18T09:44:31Z
2026-07-18T09:43:03Z,2026-07-18T11:43:03+0200,c4e0902c-5b85-4487-a0df-afe572964363,2026-07-10T09:00:00Z,2026-07-10T11:00:00+0200,89.7,EUR/MWh,DE,DE_LU,day_ahead_price,value,2026-07-18T09:44:31Z
2026-07-18T09:43:03Z,2026-07-18T11:43:03+0200,c4e0902c-5b85-4487-a0df-afe572964363,2026-07-10T09:15:00Z,2026-07-10T11:15:00+0200,82.55,EUR/MWh,DE,DE_LU,day_ahead_price,value,2026-07-18T09:44:31Z
2026-07-18T09:43:03Z,2026-07-18T11:43:03+0200,c4e0902c-5b85-4487-a0df-afe572964363,2026-07-10T09:30:00Z,2026-07-10T11:30:00+0200,75.0,EUR/MWh,DE,DE_LU,day_ahead_price,value,2026-07-18T09:44:31Z
2026-07-18T09:43:03Z,2026-07-18T11:43:03+0200,c4e0902c-5b85-4487-a0df-afe572964363,2026-07-10T09:45:00Z,2026-07-10T11:45:00+0200,65.99,EUR/MWh,DE,DE_LU,day_ahead_price,value,2026-07-18T09:44:31Z
2026-07-18T09:43:03Z,2026-07-18T11:43:03+0200,c4e0902c-5b85-4487-a0df-afe572964363,2026-07-10T10:00:00Z,2026-07-10T12:00:00+0200,69.94,EUR/MWh,DE,DE_LU,day_ahead_price,value,2026-07-18T09:44:31Z
2026-07-18T09:43:03Z,2026-07-18T11:43:03+0200,c4e0902c-5b85-4487-a0df-afe572964363,2026-07-10T10:15:00Z,2026-07-10T12:15:00+0200,64.54,EUR/MWh,DE,DE_LU,day_ahead_price,value,2026-07-18T09:44:31Z
2026-07-18T09:43:03Z,2026-07-18T11:43:03+0200,c4e0902c-5b85-4487-a0df-afe572964363,2026-07-10T10:30:00Z,2026-07-10T12:30:00+0200,52.74,EUR/MWh,DE,DE_LU,day_ahead_price,value,2026-07-18T09:44:31Z
2026-07-18T09:43:03Z,2026-07-18T11:43:03+0200,c4e0902c-5b85-4487-a0df-afe572964363,2026-07-10T10:45:00Z,2026-07-10T12:45:00+0200,40.0,EUR/MWh,DE,DE_LU,day_ahead_price,value,2026-07-18T09:44:31Z
2026-07-18T09:43:03Z,2026-07-18T11:43:03+0200,c4e0902c-5b85-4487-a0df-afe572964363,2026-07-10T11:00:00Z,2026-07-10T13:00:00+0200,43.44,EUR/MWh,DE,DE_LU,day_ahead_price,value,2026-07-18T09:44:31Z
2026-07-18T09:43:03Z,2026-07-18T11:43:03+0200,c4e0902c-5b85-4487-a0df-afe572964363,2026-07-10T11:15:00Z,2026-07-10T13:15:00+0200,39.0,EUR/MWh,DE,DE_LU,day_ahead_price,value,2026-07-18T09:44:31Z
2026-07-18T09:43:03Z,2026-07-18T11:43:03+0200,c4e0902c-5b85-4487-a0df-afe572964363,2026-07-10T11:30:00Z,2026-07-10T13:30:00+0200,37.0,EUR/MWh,DE,DE_LU,day_ahead_price,value,2026-07-18T09:44:31Z
2026-07-18T09:43:03Z,2026-07-18T11:43:03+0200,c4e0902c-5b85-4487-a0df-afe572964363,2026-07-10T11:45:00Z,2026-07-10T13:45:00+0200,30.0,EUR/MWh,DE,DE_LU,day_ahead_price,value,2026-07-18T09:44:31Z
2026-07-18T09:43:03Z,2026-07-18T11:43:03+0200,c4e0902c-5b85-4487-a0df-afe572964363,2026-07-10T12:00:00Z,2026-07-10T14:00:00+0200,38.9,EUR/MWh,DE,DE_LU,day_ahead_price,value,2026-07-18T09:44:31Z
2026-07-18T09:43:03Z,2026-07-18T11:43:03+0200,c4e0902c-5b85-4487-a0df-afe572964363,2026-07-10T12:15:00Z,2026-07-10T14:15:00+0200,40.0,EUR/MWh,DE,DE_LU,day_ahead_price,value,2026-07-18T09:44:31Z
2026-07-18T09:43:03Z,2026-07-18T11:43:03+0200,c4e0902c-5b85-4487-a0df-afe572964363,2026-07-10T12:30:00Z,2026-07-10T14:30:00+0200,42.91,EUR/MWh,DE,DE_LU,day_ahead_price,value,2026-07-18T09:44:31Z
2026-07-18T09:43:03Z,2026-07-18T11:43:03+0200,c4e0902c-5b85-4487-a0df-afe572964363,2026-07-10T12:45:00Z,2026-07-10T14:45:00+0200,41.99,EUR/MWh,DE,DE_LU,day_ahead_price,value,2026-07-18T09:44:31Z
2026-07-18T09:43:03Z,2026-07-18T11:43:03+0200,c4e0902c-5b85-4487-a0df-afe572964363,2026-07-10T13:00:00Z,2026-07-10T15:00:00+0200,46.23,EUR/MWh,DE,DE_LU,day_ahead_price,value,2026-07-18T09:44:31Z
2026-07-18T09:43:03Z,2026-07-18T11:43:03+0200,c4e0902c-5b85-4487-a0df-afe572964363,2026-07-10T13:15:00Z,2026-07-10T15:15:00+0200,55.83,EUR/MWh,DE,DE_LU,day_ahead_price,value,2026-07-18T09:44:31Z
2026-07-18T09:43:03Z,2026-07-18T11:43:03+0200,c4e0902c-5b85-4487-a0df-afe572964363,2026-07-10T13:30:00Z,2026-07-10T15:30:00+0200,65.81,EUR/MWh,DE,DE_LU,day_ahead_price,value,2026-07-18T09:44:31Z
2026-07-18T09:43:03Z,2026-07-18T11:43:03+0200,c4e0902c-5b85-4487-a0df-afe572964363,2026-07-10T13:45:00Z,2026-07-10T15:45:00+0200,80.53,EUR/MWh,DE,DE_LU,day_ahead_price,value,2026-07-18T09:44:31Z
2026-07-18T09:43:03Z,2026-07-18T11:43:03+0200,c4e0902c-5b85-4487-a0df-afe572964363,2026-07-10T14:00:00Z,2026-07-10T16:00:00+0200,61.2,EUR/MWh,DE,DE_LU,day_ahead_price,value,2026-07-18T09:44:31Z
2026-07-18T09:43:03Z,2026-07-18T11:43:03+0200,c4e0902c-5b85-4487-a0df-afe572964363,2026-07-10T14:15:00Z,2026-07-10T16:15:00+0200,83.11,EUR/MWh,DE,DE_LU,day_ahead_price,value,2026-07-18T09:44:31Z
2026-07-18T09:43:03Z,2026-07-18T11:43:03+0200,c4e0902c-5b85-4487-a0df-afe572964363,2026-07-10T14:30:00Z,2026-07-10T16:30:00+0200,97.1,EUR/MWh,DE,DE_LU,day_ahead_price,value,2026-07-18T09:44:31Z
2026-07-18T09:43:03Z,2026-07-18T11:43:03+0200,c4e0902c-5b85-4487-a0df-afe572964363,2026-07-10T14:45:00Z,2026-07-10T16:45:00+0200,112.24,EUR/MWh,DE,DE_LU,day_ahead_price,value,2026-07-18T09:44:31Z
2026-07-18T09:43:03Z,2026-07-18T11:43:03+0200,c4e0902c-5b85-4487-a0df-afe572964363,2026-07-10T15:00:00Z,2026-07-10T17:00:00+0200,103.63,EUR/MWh,DE,DE_LU,day_ahead_price,value,2026-07-18T09:44:31Z
2026-07-18T09:43:03Z,2026-07-18T11:43:03+0200,c4e0902c-5b85-4487-a0df-afe572964363,2026-07-10T15:15:00Z,2026-07-10T17:15:00+0200,106.17,EUR/MWh,DE,DE_LU,day_ahead_price,value,2026-07-18T09:44:31Z
2026-07-18T09:43:03Z,2026-07-18T11:43:03+0200,c4e0902c-5b85-4487-a0df-afe572964363,2026-07-10T15:30:00Z,2026-07-10T17:30:00+0200,117.19,EUR/MWh,DE,DE_LU,day_ahead_price,value,2026-07-18T09:44:31Z
2026-07-18T09:43:03Z,2026-07-18T11:43:03+0200,c4e0902c-5b85-4487-a0df-afe572964363,2026-07-10T15:45:00Z,2026-07-10T17:45:00+0200,128.29,EUR/MWh,DE,DE_LU,day_ahead_price,value,2026-07-18T09:44:31Z
2026-07-18T09:43:03Z,2026-07-18T11:43:03+0200,c4e0902c-5b85-4487-a0df-afe572964363,2026-07-10T16:00:00Z,2026-07-10T18:00:00+0200,108.97,EUR/MWh,DE,DE_LU,day_ahead_price,value,2026-07-18T09:44:31Z
2026-07-18T09:43:03Z,2026-07-18T11:43:03+0200,c4e0902c-5b85-4487-a0df-afe572964363,2026-07-10T16:15:00Z,2026-07-10T18:15:00+0200,120.83,EUR/MWh,DE,DE_LU,day_ahead_price,value,2026-07-18T09:44:31Z
2026-07-18T09:43:03Z,2026-07-18T11:43:03+0200,c4e0902c-5b85-4487-a0df-afe572964363,2026-07-10T16:30:00Z,2026-07-10T18:30:00+0200,138.66,EUR/MWh,DE,DE_LU,day_ahead_price,value,2026-07-18T09:44:31Z
2026-07-18T09:43:03Z,2026-07-18T11:43:03+0200,c4e0902c-5b85-4487-a0df-afe572964363,2026-07-10T16:45:00Z,2026-07-10T18:45:00+0200,145.28,EUR/MWh,DE,DE_LU,day_ahead_price,value,2026-07-18T09:44:31Z
2026-07-18T09:43:03Z,2026-07-18T11:43:03+0200,c4e0902c-5b85-4487-a0df-afe572964363,2026-07-10T17:00:00Z,2026-07-10T19:00:00+0200,142.95,EUR/MWh,DE,DE_LU,day_ahead_price,value,2026-07-18T09:44:31Z
2026-07-18T09:43:03Z,2026-07-18T11:43:03+0200,c4e0902c-5b85-4487-a0df-afe572964363,2026-07-10T17:15:00Z,2026-07-10T19:15:00+0200,150.82,EUR/MWh,DE,DE_LU,day_ahead_price,value,2026-07-18T09:44:31Z
2026-07-18T09:43:03Z,2026-07-18T11:43:03+0200,c4e0902c-5b85-4487-a0df-afe572964363,2026-07-10T17:30:00Z,2026-07-10T19:30:00+0200,174.69,EUR/MWh,DE,DE_LU,day_ahead_price,value,2026-07-18T09:44:31Z
2026-07-18T09:43:03Z,2026-07-18T11:43:03+0200,c4e0902c-5b85-4487-a0df-afe572964363,2026-07-10T17:45:00Z,2026-07-10T19:45:00+0200,191.62,EUR/MWh,DE,DE_LU,day_ahead_price,value,2026-07-18T09:44:31Z
2026-07-18T09:43:03Z,2026-07-18T11:43:03+0200,c4e0902c-5b85-4487-a0df-afe572964363,2026-07-10T18:00:00Z,2026-07-10T20:00:00+0200,176.0,EUR/MWh,DE,DE_LU,day_ahead_price,value,2026-07-18T09:44:31Z
2026-07-18T09:43:03Z,2026-07-18T11:43:03+0200,c4e0902c-5b85-4487-a0df-afe572964363,2026-07-10T18:15:00Z,2026-07-10T20:15:00+0200,183.49,EUR/MWh,DE,DE_LU,day_ahead_price,value,2026-07-18T09:44:31Z
2026-07-18T09:43:03Z,2026-07-18T11:43:03+0200,c4e0902c-5b85-4487-a0df-afe572964363,2026-07-10T18:30:00Z,2026-07-10T20:30:00+0200,192.63,EUR/MWh,DE,DE_LU,day_ahead_price,value,2026-07-18T09:44:31Z
2026-07-18T09:43:03Z,2026-07-18T11:43:03+0200,c4e0902c-5b85-4487-a0df-afe572964363,2026-07-10T18:45:00Z,2026-07-10T20:45:00+0200,194.59,EUR/MWh,DE,DE_LU,day_ahead_price,value,2026-07-18T09:44:31Z
2026-07-18T09:43:03Z,2026-07-18T11:43:03+0200,c4e0902c-5b85-4487-a0df-afe572964363,2026-07-10T19:00:00Z,2026-07-10T21:00:00+0200,189.88,EUR/MWh,DE,DE_LU,day_ahead_price,value,2026-07-18T09:44:31Z
2026-07-18T09:43:03Z,2026-07-18T11:43:03+0200,c4e0902c-5b85-4487-a0df-afe572964363,2026-07-10T19:15:00Z,2026-07-10T21:15:00+0200,179.1,EUR/MWh,DE,DE_LU,day_ahead_price,value,2026-07-18T09:44:31Z
2026-07-18T09:43:03Z,2026-07-18T11:43:03+0200,c4e0902c-5b85-4487-a0df-afe572964363,2026-07-10T19:30:00Z,2026-07-10T21:30:00+0200,170.0,EUR/MWh,DE,DE_LU,day_ahead_price,value,2026-07-18T09:44:31Z
2026-07-18T09:43:03Z,2026-07-18T11:43:03+0200,c4e0902c-5b85-4487-a0df-afe572964363,2026-07-10T19:45:00Z,2026-07-10T21:45:00+0200,168.56,EUR/MWh,DE,DE_LU,day_ahead_price,value,2026-07-18T09:44:31Z
2026-07-18T09:43:03Z,2026-07-18T11:43:03+0200,c4e0902c-5b85-4487-a0df-afe572964363,2026-07-10T20:00:00Z,2026-07-10T22:00:00+0200,172.7,EUR/MWh,DE,DE_LU,day_ahead_price,value,2026-07-18T09:44:31Z
2026-07-18T09:43:03Z,2026-07-18T11:43:03+0200,c4e0902c-5b85-4487-a0df-afe572964363,2026-07-10T20:15:00Z,2026-07-10T22:15:00+0200,169.16,EUR/MWh,DE,DE_LU,day_ahead_price,value,2026-07-18T09:44:31Z
2026-07-18T09:43:03Z,2026-07-18T11:43:03+0200,c4e0902c-5b85-4487-a0df-afe572964363,2026-07-10T20:30:00Z,2026-07-10T22:30:00+0200,168.55,EUR/MWh,DE,DE_LU,day_ahead_price,value,2026-07-18T09:44:31Z
2026-07-18T09:43:03Z,2026-07-18T11:43:03+0200,c4e0902c-5b85-4487-a0df-afe572964363,2026-07-10T20:45:00Z,2026-07-10T22:45:00+0200,161.59,EUR/MWh,DE,DE_LU,day_ahead_price,value,2026-07-18T09:44:31Z
2026-07-18T09:43:03Z,2026-07-18T11:43:03+0200,c4e0902c-5b85-4487-a0df-afe572964363,2026-07-10T21:00:00Z,2026-07-10T23:00:00+0200,162.26,EUR/MWh,DE,DE_LU,day_ahead_price,value,2026-07-18T09:44:31Z
2026-07-18T09:43:03Z,2026-07-18T11:43:03+0200,c4e0902c-5b85-4487-a0df-afe572964363,2026-07-10T21:15:00Z,2026-07-10T23:15:00+0200,156.32,EUR/MWh,DE,DE_LU,day_ahead_price,value,2026-07-18T09:44:31Z
2026-07-18T09:43:03Z,2026-07-18T11:43:03+0200,c4e0902c-5b85-4487-a0df-afe572964363,2026-07-10T21:30:00Z,2026-07-10T23:30:00+0200,153.37,EUR/MWh,DE,DE_LU,day_ahead_price,value,2026-07-18T09:44:31Z
2026-07-18T09:43:03Z,2026-07-18T11:43:03+0200,c4e0902c-5b85-4487-a0df-afe572964363,2026-07-10T21:45:00Z,2026-07-10T23:45:00+0200,145.9,EUR/MWh,DE,DE_LU,day_ahead_price,value,2026-07-18T09:44:31Z
2026-07-18T09:43:03Z,2026-07-18T11:43:03+0200,c4e0902c-5b85-4487-a0df-afe572964363,2026-07-10T22:00:00Z,2026-07-11T00:00:00+0200,160.31,EUR/MWh,DE,DE_LU,day_ahead_price,value,2026-07-18T09:44:31Z
2026-07-18T09:43:03Z,2026-07-18T11:43:03+0200,c4e0902c-5b85-4487-a0df-afe572964363,2026-07-10T22:15:00Z,2026-07-11T00:15:00+0200,153.81,EUR/MWh,DE,DE_LU,day_ahead_price,value,2026-07-18T09:44:31Z
2026-07-18T09:43:03Z,2026-07-18T11:43:03+0200,c4e0902c-5b85-4487-a0df-afe572964363,2026-07-10T22:30:00Z,2026-07-11T00:30:00+0200,146.24,EUR/MWh,DE,DE_LU,day_ahead_price,value,2026-07-18T09:44:31Z
2026-07-18T09:43:03Z,2026-07-18T11:43:03+0200,c4e0902c-5b85-4487-a0df-afe572964363,2026-07-10T22:45:00Z,2026-07-11T00:45:00+0200,141.63,EUR/MWh,DE,DE_LU,day_ahead_price,value,2026-07-18T09:44:31Z
2026-07-18T09:43:03Z,2026-07-18T11:43:03+0200,c4e0902c-5b85-4487-a0df-afe572964363,2026-07-10T23:00:00Z,2026-07-11T01:00:00+0200,145.41,EUR/MWh,DE,DE_LU,day_ahead_price,value,2026-07-18T09:44:31Z
2026-07-18T09:43:03Z,2026-07-18T11:43:03+0200,c4e0902c-5b85-4487-a0df-afe572964363,2026-07-10T23:15:00Z,2026-07-11T01:15:00+0200,145.0,EUR/MWh,DE,DE_LU,day_ahead_price,value,2026-07-18T09:44:31Z
2026-07-18T09:43:03Z,2026-07-18T11:43:03+0200,c4e0902c-5b85-4487-a0df-afe572964363,2026-07-10T23:30:00Z,2026-07-11T01:30:00+0200,144.98,EUR/MWh,DE,DE_LU,day_ahead_price,value,2026-07-18T09:44:31Z
2026-07-18T09:43:03Z,2026-07-18T11:43:03+0200,c4e0902c-5b85-4487-a0df-afe572964363,2026-07-10T23:45:00Z,2026-07-11T01:45:00+0200,140.41,EUR/MWh,DE,DE_LU,day_ahead_price,value,2026-07-18T09:44:31Z
2026-07-18T09:43:03Z,2026-07-18T11:43:03+0200,c4e0902c-5b85-4487-a0df-afe572964363,2026-07-11T00:00:00Z,2026-07-11T02:00:00+0200,143.42,EUR/MWh,DE,DE_LU,day_ahead_price,value,2026-07-18T09:44:31Z
2026-07-18T09:43:03Z,2026-07-18T11:43:03+0200,c4e0902c-5b85-4487-a0df-afe572964363,2026-07-11T00:15:00Z,2026-07-11T02:15:00+0200,140.71,EUR/MWh,DE,DE_LU,day_ahead_price,value,2026-07-18T09:44:31Z
2026-07-18T09:43:03Z,2026-07-18T11:43:03+0200,c4e0902c-5b85-4487-a0df-afe572964363,2026-07-11T00:30:00Z,2026-07-11T02:30:00+0200,140.0,EUR/MWh,DE,DE_LU,day_ahead_price,value,2026-07-18T09:44:31Z
2026-07-18T09:43:03Z,2026-07-18T11:43:03+0200,c4e0902c-5b85-4487-a0df-afe572964363,2026-07-11T00:45:00Z,2026-07-11T02:45:00+0200,140.3,EUR/MWh,DE,DE_LU,day_ahead_price,value,2026-07-18T09:44:31Z
2026-07-18T09:43:03Z,2026-07-18T11:43:03+0200,c4e0902c-5b85-4487-a0df-afe572964363,2026-07-11T01:00:00Z,2026-07-11T03:00:00+0200,141.15,EUR/MWh,DE,DE_LU,day_ahead_price,value,2026-07-18T09:44:31Z
2026-07-18T09:43:03Z,2026-07-18T11:43:03+0200,c4e0902c-5b85-4487-a0df-afe572964363,2026-07-11T01:15:00Z,2026-07-11T03:15:00+0200,141.88,EUR/MWh,DE,DE_LU,day_ahead_price,value,2026-07-18T09:44:31Z
2026-07-18T09:43:03Z,2026-07-18T11:43:03+0200,c4e0902c-5b85-4487-a0df-afe572964363,2026-07-11T01:30:00Z,2026-07-11T03:30:00+0200,140.8,EUR/MWh,DE,DE_LU,day_ahead_price,value,2026-07-18T09:44:31Z
2026-07-18T09:43:03Z,2026-07-18T11:43:03+0200,c4e0902c-5b85-4487-a0df-afe572964363,2026-07-11T01:45:00Z,2026-07-11T03:45:00+0200,138.86,EUR/MWh,DE,DE_LU,day_ahead_price,value,2026-07-18T09:44:31Z
2026-07-18T09:43:03Z,2026-07-18T11:43:03+0200,c4e0902c-5b85-4487-a0df-afe572964363,2026-07-11T02:00:00Z,2026-07-11T04:00:00+0200,142.48,EUR/MWh,DE,DE_LU,day_ahead_price,value,2026-07-18T09:44:31Z
2026-07-18T09:43:03Z,2026-07-18T11:43:03+0200,c4e0902c-5b85-4487-a0df-afe572964363,2026-07-11T02:15:00Z,2026-07-11T04:15:00+0200,144.68,EUR/MWh,DE,DE_LU,day_ahead_price,value,2026-07-18T09:44:31Z
2026-07-18T09:43:03Z,2026-07-18T11:43:03+0200,c4e0902c-5b85-4487-a0df-afe572964363,2026-07-11T02:30:00Z,2026-07-11T04:30:00+0200,137.61,EUR/MWh,DE,DE_LU,day_ahead_price,value,2026-07-18T09:44:31Z
2026-07-18T09:43:03Z,2026-07-18T11:43:03+0200,c4e0902c-5b85-4487-a0df-afe572964363,2026-07-11T02:45:00Z,2026-07-11T04:45:00+0200,137.08,EUR/MWh,DE,DE_LU,day_ahead_price,value,2026-07-18T09:44:31Z
2026-07-18T09:43:03Z,2026-07-18T11:43:03+0200,c4e0902c-5b85-4487-a0df-afe572964363,2026-07-11T03:00:00Z,2026-07-11T05:00:00+0200,141.4,EUR/MWh,DE,DE_LU,day_ahead_price,value,2026-07-18T09:44:31Z
2026-07-18T09:43:03Z,2026-07-18T11:43:03+0200,c4e0902c-5b85-4487-a0df-afe572964363,2026-07-11T03:15:00Z,2026-07-11T05:15:00+0200,138.6,EUR/MWh,DE,DE_LU,day_ahead_price,value,2026-07-18T09:44:31Z
2026-07-18T09:43:03Z,2026-07-18T11:43:03+0200,c4e0902c-5b85-4487-a0df-afe572964363,2026-07-11T03:30:00Z,2026-07-11T05:30:00+0200,139.82,EUR/MWh,DE,DE_LU,day_ahead_price,value,2026-07-18T09:44:31Z
2026-07-18T09:43:03Z,2026-07-18T11:43:03+0200,c4e0902c-5b85-4487-a0df-afe572964363,2026-07-11T03:45:00Z,2026-07-11T05:45:00+0200,135.63,EUR/MWh,DE,DE_LU,day_ahead_price,value,2026-07-18T09:44:31Z
2026-07-18T09:43:03Z,2026-07-18T11:43:03+0200,c4e0902c-5b85-4487-a0df-afe572964363,2026-07-11T04:00:00Z,2026-07-11T06:00:00+0200,146.42,EUR/MWh,DE,DE_LU,day_ahead_price,value,2026-07-18T09:44:31Z
2026-07-18T09:43:03Z,2026-07-18T11:43:03+0200,c4e0902c-5b85-4487-a0df-afe572964363,2026-07-11T04:15:00Z,2026-07-11T06:15:00+0200,141.11,EUR/MWh,DE,DE_LU,day_ahead_price,value,2026-07-18T09:44:31Z
2026-07-18T09:43:03Z,2026-07-18T11:43:03+0200,c4e0902c-5b85-4487-a0df-afe572964363,2026-07-11T04:30:00Z,2026-07-11T06:30:00+0200,131.6,EUR/MWh,DE,DE_LU,day_ahead_price,value,2026-07-18T09:44:31Z
2026-07-18T09:43:03Z,2026-07-18T11:43:03+0200,c4e0902c-5b85-4487-a0df-afe572964363,2026-07-11T04:45:00Z,2026-07-11T06:45:00+0200,126.21,EUR/MWh,DE,DE_LU,day_ahead_price,value,2026-07-18T09:44:31Z
2026-07-18T09:43:03Z,2026-07-18T11:43:03+0200,c4e0902c-5b85-4487-a0df-afe572964363,2026-07-11T05:00:00Z,2026-07-11T07:00:00+0200,131.69,EUR/MWh,DE,DE_LU,day_ahead_price,value,2026-07-18T09:44:31Z
2026-07-18T09:43:03Z,2026-07-18T11:43:03+0200,c4e0902c-5b85-4487-a0df-afe572964363,2026-07-11T05:15:00Z,2026-07-11T07:15:00+0200,126.93,EUR/MWh,DE,DE_LU,day_ahead_price,value,2026-07-18T09:44:31Z
2026-07-18T09:43:03Z,2026-07-18T11:43:03+0200,c4e0902c-5b85-4487-a0df-afe572964363,2026-07-11T05:30:00Z,2026-07-11T07:30:00+0200,122.13,EUR/MWh,DE,DE_LU,day_ahead_price,value,2026-07-18T09:44:31Z
2026-07-18T09:43:03Z,2026-07-18T11:43:03+0200,c4e0902c-5b85-4487-a0df-afe572964363,2026-07-11T05:45:00Z,2026-07-11T07:45:00+0200,116.38,EUR/MWh,DE,DE_LU,day_ahead_price,value,2026-07-18T09:44:31Z
2026-07-18T09:43:03Z,2026-07-18T11:43:03+0200,c4e0902c-5b85-4487-a0df-afe572964363,2026-07-11T06:00:00Z,2026-07-11T08:00:00+0200,142.16,EUR/MWh,DE,DE_LU,day_ahead_price,value,2026-07-18T09:44:31Z
2026-07-18T09:43:03Z,2026-07-18T11:43:03+0200,c4e0902c-5b85-4487-a0df-afe572964363,2026-07-11T06:15:00Z,2026-07-11T08:15:00+0200,123.95,EUR/MWh,DE,DE_LU,day_ahead_price,value,2026-07-18T09:44:31Z
2026-07-18T09:43:03Z,2026-07-18T11:43:03+0200,c4e0902c-5b85-4487-a0df-afe572964363,2026-07-11T06:30:00Z,2026-07-11T08:30:00+0200,105.75,EUR/MWh,DE,DE_LU,day_ahead_price,value,2026-07-18T09:44:31Z
2026-07-18T09:43:03Z,2026-07-18T11:43:03+0200,c4e0902c-5b85-4487-a0df-afe572964363,2026-07-11T06:45:00Z,2026-07-11T08:45:00+0200,89.55,EUR/MWh,DE,DE_LU,day_ahead_price,value,2026-07-18T09:44:31Z
2026-07-18T09:43:03Z,2026-07-18T11:43:03+0200,c4e0902c-5b85-4487-a0df-afe572964363,2026-07-11T07:00:00Z,2026-07-11T09:00:00+0200,107.07,EUR/MWh,DE,DE_LU,day_ahead_price,value,2026-07-18T09:44:31Z
2026-07-18T09:43:03Z,2026-07-18T11:43:03+0200,c4e0902c-5b85-4487-a0df-afe572964363,2026-07-11T07:15:00Z,2026-07-11T09:15:00+0200,91.35,EUR/MWh,DE,DE_LU,day_ahead_price,value,2026-07-18T09:44:31Z
2026-07-18T09:43:03Z,2026-07-18T11:43:03+0200,c4e0902c-5b85-4487-a0df-afe572964363,2026-07-11T07:30:00Z,2026-07-11T09:30:00+0200,67.51,EUR/MWh,DE,DE_LU,day_ahead_price,value,2026-07-18T09:44:31Z
2026-07-18T09:43:03Z,2026-07-18T11:43:03+0200,c4e0902c-5b85-4487-a0df-afe572964363,2026-07-11T07:45:00Z,2026-07-11T09:45:00+0200,29.51,EUR/MWh,DE,DE_LU,day_ahead_price,value,2026-07-18T09:44:31Z
2026-07-18T09:43:03Z,2026-07-18T11:43:03+0200,c4e0902c-5b85-4487-a0df-afe572964363,2026-07-11T08:00:00Z,2026-07-11T10:00:00+0200,40.0,EUR/MWh,DE,DE_LU,day_ahead_price,value,2026-07-18T09:44:31Z
2026-07-18T09:43:03Z,2026-07-18T11:43:03+0200,c4e0902c-5b85-4487-a0df-afe572964363,2026-07-11T08:15:00Z,2026-07-11T10:15:00+0200,18.09,EUR/MWh,DE,DE_LU,day_ahead_price,value,2026-07-18T09:44:31Z
2026-07-18T09:43:03Z,2026-07-18T11:43:03+0200,c4e0902c-5b85-4487-a0df-afe572964363,2026-07-11T08:30:00Z,2026-07-11T10:30:00+0200,5.18,EUR/MWh,DE,DE_LU,day_ahead_price,value,2026-07-18T09:44:31Z
2026-07-18T09:43:03Z,2026-07-18T11:43:03+0200,c4e0902c-5b85-4487-a0df-afe572964363,2026-07-11T08:45:00Z,2026-07-11T10:45:00+0200,1.08,EUR/MWh,DE,DE_LU,day_ahead_price,value,2026-07-18T09:44:31Z
2026-07-18T09:43:03Z,2026-07-18T11:43:03+0200,c4e0902c-5b85-4487-a0df-afe572964363,2026-07-11T09:00:00Z,2026-07-11T11:00:00+0200,1.0,EUR/MWh,DE,DE_LU,day_ahead_price,value,2026-07-18T09:44:31Z
2026-07-18T09:43:03Z,2026-07-18T11:43:03+0200,c4e0902c-5b85-4487-a0df-afe572964363,2026-07-11T09:15:00Z,2026-07-11T11:15:00+0200,0.29,EUR/MWh,DE,DE_LU,day_ahead_price,value,2026-07-18T09:44:31Z
2026-07-18T09:43:03Z,2026-07-18T11:43:03+0200,c4e0902c-5b85-4487-a0df-afe572964363,2026-07-11T09:30:00Z,2026-07-11T11:30:00+0200,0.02,EUR/MWh,DE,DE_LU,day_ahead_price,value,2026-07-18T09:44:31Z
2026-07-18T09:43:03Z,2026-07-18T11:43:03+0200,c4e0902c-5b85-4487-a0df-afe572964363,2026-07-11T09:45:00Z,2026-07-11T11:45:00+0200,0.0,EUR/MWh,DE,DE_LU,day_ahead_price,value,2026-07-18T09:44:31Z
2026-07-18T09:43:03Z,2026-07-18T11:43:03+0200,c4e0902c-5b85-4487-a0df-afe572964363,2026-07-11T10:00:00Z,2026-07-11T12:00:00+0200,0.0,EUR/MWh,DE,DE_LU,day_ahead_price,value,2026-07-18T09:44:31Z
2026-07-18T09:43:03Z,2026-07-18T11:43:03+0200,c4e0902c-5b85-4487-a0df-afe572964363,2026-07-11T10:15:00Z,2026-07-11T12:15:00+0200,0.0,EUR/MWh,DE,DE_LU,day_ahead_price,value,2026-07-18T09:44:31Z
2026-07-18T09:43:03Z,2026-07-18T11:43:03+0200,c4e0902c-5b85-4487-a0df-afe572964363,2026-07-11T10:30:00Z,2026-07-11T12:30:00+0200,-0.01,EUR/MWh,DE,DE_LU,day_ahead_price,value,2026-07-18T09:44:31Z
2026-07-18T09:43:03Z,2026-07-18T11:43:03+0200,c4e0902c-5b85-4487-a0df-afe572964363,2026-07-11T10:45:00Z,2026-07-11T12:45:00+0200,-0.02,EUR/MWh,DE,DE_LU,day_ahead_price,value,2026-07-18T09:44:31Z
2026-07-18T09:43:03Z,2026-07-18T11:43:03+0200,c4e0902c-5b85-4487-a0df-afe572964363,2026-07-11T11:00:00Z,2026-07-11T13:00:00+0200,-0.07,EUR/MWh,DE,DE_LU,day_ahead_price,value,2026-07-18T09:44:31Z
2026-07-18T09:43:03Z,2026-07-18T11:43:03+0200,c4e0902c-5b85-4487-a0df-afe572964363,2026-07-11T11:15:00Z,2026-07-11T13:15:00+0200,-0.8,EUR/MWh,DE,DE_LU,day_ahead_price,value,2026-07-18T09:44:31Z
2026-07-18T09:43:03Z,2026-07-18T11:43:03+0200,c4e0902c-5b85-4487-a0df-afe572964363,2026-07-11T11:30:00Z,2026-07-11T13:30:00+0200,-0.9,EUR/MWh,DE,DE_LU,day_ahead_price,value,2026-07-18T09:44:31Z
2026-07-18T09:43:03Z,2026-07-18T11:43:03+0200,c4e0902c-5b85-4487-a0df-afe572964363,2026-07-11T11:45:00Z,2026-07-11T13:45:00+0200,-1.01,EUR/MWh,DE,DE_LU,day_ahead_price,value,2026-07-18T09:44:31Z
2026-07-18T09:43:03Z,2026-07-18T11:43:03+0200,c4e0902c-5b85-4487-a0df-afe572964363,2026-07-11T12:00:00Z,2026-07-11T14:00:00+0200,-1.01,EUR/MWh,DE,DE_LU,day_ahead_price,value,2026-07-18T09:44:31Z
2026-07-18T09:43:03Z,2026-07-18T11:43:03+0200,c4e0902c-5b85-4487-a0df-afe572964363,2026-07-11T12:15:00Z,2026-07-11T14:15:00+0200,-1.01,EUR/MWh,DE,DE_LU,day_ahead_price,value,2026-07-18T09:44:31Z
2026-07-18T09:43:03Z,2026-07-18T11:43:03+0200,c4e0902c-5b85-4487-a0df-afe572964363,2026-07-11T12:30:00Z,2026-07-11T14:30:00+0200,-1.0,EUR/MWh,DE,DE_LU,day_ahead_price,value,2026-07-18T09:44:31Z
2026-07-18T09:43:03Z,2026-07-18T11:43:03+0200,c4e0902c-5b85-4487-a0df-afe572964363,2026-07-11T12:45:00Z,2026-07-11T14:45:00+0200,-0.88,EUR/MWh,DE,DE_LU,day_ahead_price,value,2026-07-18T09:44:31Z
2026-07-18T09:43:03Z,2026-07-18T11:43:03+0200,c4e0902c-5b85-4487-a0df-afe572964363,2026-07-11T13:00:00Z,2026-07-11T15:00:00+0200,-0.92,EUR/MWh,DE,DE_LU,day_ahead_price,value,2026-07-18T09:44:31Z
2026-07-18T09:43:03Z,2026-07-18T11:43:03+0200,c4e0902c-5b85-4487-a0df-afe572964363,2026-07-11T13:15:00Z,2026-07-11T15:15:00+0200,-0.53,EUR/MWh,DE,DE_LU,day_ahead_price,value,2026-07-18T09:44:31Z
2026-07-18T09:43:03Z,2026-07-18T11:43:03+0200,c4e0902c-5b85-4487-a0df-afe572964363,2026-07-11T13:30:00Z,2026-07-11T15:30:00+0200,-0.11,EUR/MWh,DE,DE_LU,day_ahead_price,value,2026-07-18T09:44:31Z
2026-07-18T09:43:03Z,2026-07-18T11:43:03+0200,c4e0902c-5b85-4487-a0df-afe572964363,2026-07-11T13:45:00Z,2026-07-11T15:45:00+0200,-0.45,EUR/MWh,DE,DE_LU,day_ahead_price,value,2026-07-18T09:44:31Z
2026-07-18T09:43:03Z,2026-07-18T11:43:03+0200,c4e0902c-5b85-4487-a0df-afe572964363,2026-07-11T14:00:00Z,2026-07-11T16:00:00+0200,-0.04,EUR/MWh,DE,DE_LU,day_ahead_price,value,2026-07-18T09:44:31Z
2026-07-18T09:43:03Z,2026-07-18T11:43:03+0200,c4e0902c-5b85-4487-a0df-afe572964363,2026-07-11T14:15:00Z,2026-07-11T16:15:00+0200,-0.04,EUR/MWh,DE,DE_LU,day_ahead_price,value,2026-07-18T09:44:31Z
2026-07-18T09:43:03Z,2026-07-18T11:43:03+0200,c4e0902c-5b85-4487-a0df-afe572964363,2026-07-11T14:30:00Z,2026-07-11T16:30:00+0200,0.01,EUR/MWh,DE,DE_LU,day_ahead_price,value,2026-07-18T09:44:31Z
2026-07-18T09:43:03Z,2026-07-18T11:43:03+0200,c4e0902c-5b85-4487-a0df-afe572964363,2026-07-11T14:45:00Z,2026-07-11T16:45:00+0200,24.76,EUR/MWh,DE,DE_LU,day_ahead_price,value,2026-07-18T09:44:31Z
2026-07-18T09:43:03Z,2026-07-18T11:43:03+0200,c4e0902c-5b85-4487-a0df-afe572964363,2026-07-11T15:00:00Z,2026-07-11T17:00:00+0200,14.58,EUR/MWh,DE,DE_LU,day_ahead_price,value,2026-07-18T09:44:31Z
2026-07-18T09:43:03Z,2026-07-18T11:43:03+0200,c4e0902c-5b85-4487-a0df-afe572964363,2026-07-11T15:15:00Z,2026-07-11T17:15:00+0200,66.85,EUR/MWh,DE,DE_LU,day_ahead_price,value,2026-07-18T09:44:31Z
2026-07-18T09:43:03Z,2026-07-18T11:43:03+0200,c4e0902c-5b85-4487-a0df-afe572964363,2026-07-11T15:30:00Z,2026-07-11T17:30:00+0200,94.19,EUR/MWh,DE,DE_LU,day_ahead_price,value,2026-07-18T09:44:31Z
2026-07-18T09:43:03Z,2026-07-18T11:43:03+0200,c4e0902c-5b85-4487-a0df-afe572964363,2026-07-11T15:45:00Z,2026-07-11T17:45:00+0200,123.16,EUR/MWh,DE,DE_LU,day_ahead_price,value,2026-07-18T09:44:31Z
2026-07-18T09:43:03Z,2026-07-18T11:43:03+0200,c4e0902c-5b85-4487-a0df-afe572964363,2026-07-11T16:00:00Z,2026-07-11T18:00:00+0200,97.43,EUR/MWh,DE,DE_LU,day_ahead_price,value,2026-07-18T09:44:31Z
2026-07-18T09:43:03Z,2026-07-18T11:43:03+0200,c4e0902c-5b85-4487-a0df-afe572964363,2026-07-11T16:15:00Z,2026-07-11T18:15:00+0200,113.36,EUR/MWh,DE,DE_LU,day_ahead_price,value,2026-07-18T09:44:31Z
2026-07-18T09:43:03Z,2026-07-18T11:43:03+0200,c4e0902c-5b85-4487-a0df-afe572964363,2026-07-11T16:30:00Z,2026-07-11T18:30:00+0200,130.99,EUR/MWh,DE,DE_LU,day_ahead_price,value,2026-07-18T09:44:31Z
2026-07-18T09:43:03Z,2026-07-18T11:43:03+0200,c4e0902c-5b85-4487-a0df-afe572964363,2026-07-11T16:45:00Z,2026-07-11T18:45:00+0200,139.63,EUR/MWh,DE,DE_LU,day_ahead_price,value,2026-07-18T09:44:31Z
2026-07-18T09:43:03Z,2026-07-18T11:43:03+0200,c4e0902c-5b85-4487-a0df-afe572964363,2026-07-11T17:00:00Z,2026-07-11T19:00:00+0200,130.04,EUR/MWh,DE,DE_LU,day_ahead_price,value,2026-07-18T09:44:31Z
2026-07-18T09:43:03Z,2026-07-18T11:43:03+0200,c4e0902c-5b85-4487-a0df-afe572964363,2026-07-11T17:15:00Z,2026-07-11T19:15:00+0200,140.92,EUR/MWh,DE,DE_LU,day_ahead_price,value,2026-07-18T09:44:31Z
2026-07-18T09:43:03Z,2026-07-18T11:43:03+0200,c4e0902c-5b85-4487-a0df-afe572964363,2026-07-11T17:30:00Z,2026-07-11T19:30:00+0200,144.1,EUR/MWh,DE,DE_LU,day_ahead_price,value,2026-07-18T09:44:31Z
2026-07-18T09:43:03Z,2026-07-18T11:43:03+0200,c4e0902c-5b85-4487-a0df-afe572964363,2026-07-11T17:45:00Z,2026-07-11T19:45:00+0200,148.94,EUR/MWh,DE,DE_LU,day_ahead_price,value,2026-07-18T09:44:31Z
2026-07-18T09:43:03Z,2026-07-18T11:43:03+0200,c4e0902c-5b85-4487-a0df-afe572964363,2026-07-11T18:00:00Z,2026-07-11T20:00:00+0200,148.14,EUR/MWh,DE,DE_LU,day_ahead_price,value,2026-07-18T09:44:31Z
2026-07-18T09:43:03Z,2026-07-18T11:43:03+0200,c4e0902c-5b85-4487-a0df-afe572964363,2026-07-11T18:15:00Z,2026-07-11T20:15:00+0200,151.26,EUR/MWh,DE,DE_LU,day_ahead_price,value,2026-07-18T09:44:31Z
2026-07-18T09:43:03Z,2026-07-18T11:43:03+0200,c4e0902c-5b85-4487-a0df-afe572964363,2026-07-11T18:30:00Z,2026-07-11T20:30:00+0200,153.35,EUR/MWh,DE,DE_LU,day_ahead_price,value,2026-07-18T09:44:31Z
2026-07-18T09:43:03Z,2026-07-18T11:43:03+0200,c4e0902c-5b85-4487-a0df-afe572964363,2026-07-11T18:45:00Z,2026-07-11T20:45:00+0200,154.53,EUR/MWh,DE,DE_LU,day_ahead_price,value,2026-07-18T09:44:31Z
2026-07-18T09:43:03Z,2026-07-18T11:43:03+0200,c4e0902c-5b85-4487-a0df-afe572964363,2026-07-11T19:00:00Z,2026-07-11T21:00:00+0200,156.38,EUR/MWh,DE,DE_LU,day_ahead_price,value,2026-07-18T09:44:31Z
2026-07-18T09:43:03Z,2026-07-18T11:43:03+0200,c4e0902c-5b85-4487-a0df-afe572964363,2026-07-11T19:15:00Z,2026-07-11T21:15:00+0200,154.63,EUR/MWh,DE,DE_LU,day_ahead_price,value,2026-07-18T09:44:31Z
2026-07-18T09:43:03Z,2026-07-18T11:43:03+0200,c4e0902c-5b85-4487-a0df-afe572964363,2026-07-11T19:30:00Z,2026-07-11T21:30:00+0200,157.95,EUR/MWh,DE,DE_LU,day_ahead_price,value,2026-07-18T09:44:31Z
2026-07-18T09:43:03Z,2026-07-18T11:43:03+0200,c4e0902c-5b85-4487-a0df-afe572964363,2026-07-11T19:45:00Z,2026-07-11T21:45:00+0200,156.54,EUR/MWh,DE,DE_LU,day_ahead_price,value,2026-07-18T09:44:31Z
2026-07-18T09:43:03Z,2026-07-18T11:43:03+0200,c4e0902c-5b85-4487-a0df-afe572964363,2026-07-11T20:00:00Z,2026-07-11T22:00:00+0200,160.01,EUR/MWh,DE,DE_LU,day_ahead_price,value,2026-07-18T09:44:31Z
2026-07-18T09:43:03Z,2026-07-18T11:43:03+0200,c4e0902c-5b85-4487-a0df-afe572964363,2026-07-11T20:15:00Z,2026-07-11T22:15:00+0200,155.31,EUR/MWh,DE,DE_LU,day_ahead_price,value,2026-07-18T09:44:31Z
2026-07-18T09:43:03Z,2026-07-18T11:43:03+0200,c4e0902c-5b85-4487-a0df-afe572964363,2026-07-11T20:30:00Z,2026-07-11T22:30:00+0200,155.28,EUR/MWh,DE,DE_LU,day_ahead_price,value,2026-07-18T09:44:31Z
2026-07-18T09:43:03Z,2026-07-18T11:43:03+0200,c4e0902c-5b85-4487-a0df-afe572964363,2026-07-11T20:45:00Z,2026-07-11T22:45:00+0200,148.95,EUR/MWh,DE,DE_LU,day_ahead_price,value,2026-07-18T09:44:31Z
2026-07-18T09:43:03Z,2026-07-18T11:43:03+0200,c4e0902c-5b85-4487-a0df-afe572964363,2026-07-11T21:00:00Z,2026-07-11T23:00:00+0200,151.35,EUR/MWh,DE,DE_LU,day_ahead_price,value,2026-07-18T09:44:31Z
2026-07-18T09:43:03Z,2026-07-18T11:43:03+0200,c4e0902c-5b85-4487-a0df-afe572964363,2026-07-11T21:15:00Z,2026-07-11T23:15:00+0200,145.2,EUR/MWh,DE,DE_LU,day_ahead_price,value,2026-07-18T09:44:31Z
2026-07-18T09:43:03Z,2026-07-18T11:43:03+0200,c4e0902c-5b85-4487-a0df-afe572964363,2026-07-11T21:30:00Z,2026-07-11T23:30:00+0200,145.0,EUR/MWh,DE,DE_LU,day_ahead_price,value,2026-07-18T09:44:31Z
2026-07-18T09:43:03Z,2026-07-18T11:43:03+0200,c4e0902c-5b85-4487-a0df-afe572964363,2026-07-11T21:45:00Z,2026-07-11T23:45:00+0200,140.78,EUR/MWh,DE,DE_LU,day_ahead_price,value,2026-07-18T09:44:31Z
2026-07-18T09:43:03Z,2026-07-18T11:43:03+0200,c4e0902c-5b85-4487-a0df-afe572964363,2026-07-11T22:00:00Z,2026-07-12T00:00:00+0200,140.51,EUR/MWh,DE,DE_LU,day_ahead_price,value,2026-07-18T09:44:31Z
2026-07-18T09:43:03Z,2026-07-18T11:43:03+0200,c4e0902c-5b85-4487-a0df-afe572964363,2026-07-11T22:15:00Z,2026-07-12T00:15:00+0200,140.0,EUR/MWh,DE,DE_LU,day_ahead_price,value,2026-07-18T09:44:31Z
2026-07-18T09:43:03Z,2026-07-18T11:43:03+0200,c4e0902c-5b85-4487-a0df-afe572964363,2026-07-11T22:30:00Z,2026-07-12T00:30:00+0200,138.76,EUR/MWh,DE,DE_LU,day_ahead_price,value,2026-07-18T09:44:31Z
2026-07-18T09:43:03Z,2026-07-18T11:43:03+0200,c4e0902c-5b85-4487-a0df-afe572964363,2026-07-11T22:45:00Z,2026-07-12T00:45:00+0200,130.5,EUR/MWh,DE,DE_LU,day_ahead_price,value,2026-07-18T09:44:31Z
2026-07-18T09:43:03Z,2026-07-18T11:43:03+0200,c4e0902c-5b85-4487-a0df-afe572964363,2026-07-11T23:00:00Z,2026-07-12T01:00:00+0200,135.2,EUR/MWh,DE,DE_LU,day_ahead_price,value,2026-07-18T09:44:31Z
2026-07-18T09:43:03Z,2026-07-18T11:43:03+0200,c4e0902c-5b85-4487-a0df-afe572964363,2026-07-11T23:15:00Z,2026-07-12T01:15:00+0200,135.0,EUR/MWh,DE,DE_LU,day_ahead_price,value,2026-07-18T09:44:31Z
2026-07-18T09:43:03Z,2026-07-18T11:43:03+0200,c4e0902c-5b85-4487-a0df-afe572964363,2026-07-11T23:30:00Z,2026-07-12T01:30:00+0200,131.34,EUR/MWh,DE,DE_LU,day_ahead_price,value,2026-07-18T09:44:31Z
2026-07-18T09:43:03Z,2026-07-18T11:43:03+0200,c4e0902c-5b85-4487-a0df-afe572964363,2026-07-11T23:45:00Z,2026-07-12T01:45:00+0200,126.0,EUR/MWh,DE,DE_LU,day_ahead_price,value,2026-07-18T09:44:31Z
2026-07-18T09:43:03Z,2026-07-18T11:43:03+0200,c4e0902c-5b85-4487-a0df-afe572964363,2026-07-12T00:00:00Z,2026-07-12T02:00:00+0200,127.94,EUR/MWh,DE,DE_LU,day_ahead_price,value,2026-07-18T09:44:31Z
2026-07-18T09:43:03Z,2026-07-18T11:43:03+0200,c4e0902c-5b85-4487-a0df-afe572964363,2026-07-12T00:15:00Z,2026-07-12T02:15:00+0200,126.04,EUR/MWh,DE,DE_LU,day_ahead_price,value,2026-07-18T09:44:31Z
2026-07-18T09:43:03Z,2026-07-18T11:43:03+0200,c4e0902c-5b85-4487-a0df-afe572964363,2026-07-12T00:30:00Z,2026-07-12T02:30:00+0200,124.8,EUR/MWh,DE,DE_LU,day_ahead_price,value,2026-07-18T09:44:31Z
2026-07-18T09:43:03Z,2026-07-18T11:43:03+0200,c4e0902c-5b85-4487-a0df-afe572964363,2026-07-12T00:45:00Z,2026-07-12T02:45:00+0200,123.5,EUR/MWh,DE,DE_LU,day_ahead_price,value,2026-07-18T09:44:31Z
2026-07-18T09:43:03Z,2026-07-18T11:43:03+0200,c4e0902c-5b85-4487-a0df-afe572964363,2026-07-12T01:00:00Z,2026-07-12T03:00:00+0200,127.93,EUR/MWh,DE,DE_LU,day_ahead_price,value,2026-07-18T09:44:31Z
2026-07-18T09:43:03Z,2026-07-18T11:43:03+0200,c4e0902c-5b85-4487-a0df-afe572964363,2026-07-12T01:15:00Z,2026-07-12T03:15:00+0200,127.92,EUR/MWh,DE,DE_LU,day_ahead_price,value,2026-07-18T09:44:31Z
2026-07-18T09:43:03Z,2026-07-18T11:43:03+0200,c4e0902c-5b85-4487-a0df-afe572964363,2026-07-12T01:30:00Z,2026-07-12T03:30:00+0200,122.85,EUR/MWh,DE,DE_LU,day_ahead_price,value,2026-07-18T09:44:31Z
2026-07-18T09:43:03Z,2026-07-18T11:43:03+0200,c4e0902c-5b85-4487-a0df-afe572964363,2026-07-12T01:45:00Z,2026-07-12T03:45:00+0200,121.7,EUR/MWh,DE,DE_LU,day_ahead_price,value,2026-07-18T09:44:31Z
2026-07-18T09:43:03Z,2026-07-18T11:43:03+0200,c4e0902c-5b85-4487-a0df-afe572964363,2026-07-12T02:00:00Z,2026-07-12T04:00:00+0200,127.0,EUR/MWh,DE,DE_LU,day_ahead_price,value,2026-07-18T09:44:31Z
2026-07-18T09:43:03Z,2026-07-18T11:43:03+0200,c4e0902c-5b85-4487-a0df-afe572964363,2026-07-12T02:15:00Z,2026-07-12T04:15:00+0200,123.23,EUR/MWh,DE,DE_LU,day_ahead_price,value,2026-07-18T09:44:31Z
2026-07-18T09:43:03Z,2026-07-18T11:43:03+0200,c4e0902c-5b85-4487-a0df-afe572964363,2026-07-12T02:30:00Z,2026-07-12T04:30:00+0200,121.11,EUR/MWh,DE,DE_LU,day_ahead_price,value,2026-07-18T09:44:31Z
2026-07-18T09:43:03Z,2026-07-18T11:43:03+0200,c4e0902c-5b85-4487-a0df-afe572964363,2026-07-12T02:45:00Z,2026-07-12T04:45:00+0200,120.19,EUR/MWh,DE,DE_LU,day_ahead_price,value,2026-07-18T09:44:31Z
2026-07-18T09:43:03Z,2026-07-18T11:43:03+0200,c4e0902c-5b85-4487-a0df-afe572964363,2026-07-12T03:00:00Z,2026-07-12T05:00:00+0200,124.0,EUR/MWh,DE,DE_LU,day_ahead_price,value,2026-07-18T09:44:31Z
2026-07-18T09:43:03Z,2026-07-18T11:43:03+0200,c4e0902c-5b85-4487-a0df-afe572964363,2026-07-12T03:15:00Z,2026-07-12T05:15:00+0200,122.18,EUR/MWh,DE,DE_LU,day_ahead_price,value,2026-07-18T09:44:31Z
2026-07-18T09:43:03Z,2026-07-18T11:43:03+0200,c4e0902c-5b85-4487-a0df-afe572964363,2026-07-12T03:30:00Z,2026-07-12T05:30:00+0200,120.54,EUR/MWh,DE,DE_LU,day_ahead_price,value,2026-07-18T09:44:31Z
2026-07-18T09:43:03Z,2026-07-18T11:43:03+0200,c4e0902c-5b85-4487-a0df-afe572964363,2026-07-12T03:45:00Z,2026-07-12T05:45:00+0200,112.94,EUR/MWh,DE,DE_LU,day_ahead_price,value,2026-07-18T09:44:31Z
2026-07-18T09:43:03Z,2026-07-18T11:43:03+0200,c4e0902c-5b85-4487-a0df-afe572964363,2026-07-12T04:00:00Z,2026-07-12T06:00:00+0200,118.64,EUR/MWh,DE,DE_LU,day_ahead_price,value,2026-07-18T09:44:31Z
2026-07-18T09:43:03Z,2026-07-18T11:43:03+0200,c4e0902c-5b85-4487-a0df-afe572964363,2026-07-12T04:15:00Z,2026-07-12T06:15:00+0200,112.33,EUR/MWh,DE,DE_LU,day_ahead_price,value,2026-07-18T09:44:31Z
2026-07-18T09:43:03Z,2026-07-18T11:43:03+0200,c4e0902c-5b85-4487-a0df-afe572964363,2026-07-12T04:30:00Z,2026-07-12T06:30:00+0200,110.0,EUR/MWh,DE,DE_LU,day_ahead_price,value,2026-07-18T09:44:31Z
2026-07-18T09:43:03Z,2026-07-18T11:43:03+0200,c4e0902c-5b85-4487-a0df-afe572964363,2026-07-12T04:45:00Z,2026-07-12T06:45:00+0200,105.48,EUR/MWh,DE,DE_LU,day_ahead_price,value,2026-07-18T09:44:31Z
2026-07-18T09:43:03Z,2026-07-18T11:43:03+0200,c4e0902c-5b85-4487-a0df-afe572964363,2026-07-12T05:00:00Z,2026-07-12T07:00:00+0200,112.31,EUR/MWh,DE,DE_LU,day_ahead_price,value,2026-07-18T09:44:31Z
2026-07-18T09:43:03Z,2026-07-18T11:43:03+0200,c4e0902c-5b85-4487-a0df-afe572964363,2026-07-12T05:15:00Z,2026-07-12T07:15:00+0200,108.3,EUR/MWh,DE,DE_LU,day_ahead_price,value,2026-07-18T09:44:31Z
2026-07-18T09:43:03Z,2026-07-18T11:43:03+0200,c4e0902c-5b85-4487-a0df-afe572964363,2026-07-12T05:30:00Z,2026-07-12T07:30:00+0200,101.21,EUR/MWh,DE,DE_LU,day_ahead_price,value,2026-07-18T09:44:31Z
2026-07-18T09:43:03Z,2026-07-18T11:43:03+0200,c4e0902c-5b85-4487-a0df-afe572964363,2026-07-12T05:45:00Z,2026-07-12T07:45:00+0200,77.28,EUR/MWh,DE,DE_LU,day_ahead_price,value,2026-07-18T09:44:31Z
2026-07-18T09:43:03Z,2026-07-18T11:43:03+0200,c4e0902c-5b85-4487-a0df-afe572964363,2026-07-12T06:00:00Z,2026-07-12T08:00:00+0200,103.56,EUR/MWh,DE,DE_LU,day_ahead_price,value,2026-07-18T09:44:31Z
2026-07-18T09:43:03Z,2026-07-18T11:43:03+0200,c4e0902c-5b85-4487-a0df-afe572964363,2026-07-12T06:15:00Z,2026-07-12T08:15:00+0200,79.42,EUR/MWh,DE,DE_LU,day_ahead_price,value,2026-07-18T09:44:31Z
2026-07-18T09:43:03Z,2026-07-18T11:43:03+0200,c4e0902c-5b85-4487-a0df-afe572964363,2026-07-12T06:30:00Z,2026-07-12T08:30:00+0200,52.3,EUR/MWh,DE,DE_LU,day_ahead_price,value,2026-07-18T09:44:31Z
2026-07-18T09:43:03Z,2026-07-18T11:43:03+0200,c4e0902c-5b85-4487-a0df-afe572964363,2026-07-12T06:45:00Z,2026-07-12T08:45:00+0200,13.19,EUR/MWh,DE,DE_LU,day_ahead_price,value,2026-07-18T09:44:31Z
2026-07-18T09:43:03Z,2026-07-18T11:43:03+0200,c4e0902c-5b85-4487-a0df-afe572964363,2026-07-12T07:00:00Z,2026-07-12T09:00:00+0200,20.0,EUR/MWh,DE,DE_LU,day_ahead_price,value,2026-07-18T09:44:31Z
2026-07-18T09:43:03Z,2026-07-18T11:43:03+0200,c4e0902c-5b85-4487-a0df-afe572964363,2026-07-12T07:15:00Z,2026-07-12T09:15:00+0200,1.54,EUR/MWh,DE,DE_LU,day_ahead_price,value,2026-07-18T09:44:31Z
2026-07-18T09:43:03Z,2026-07-18T11:43:03+0200,c4e0902c-5b85-4487-a0df-afe572964363,2026-07-12T07:30:00Z,2026-07-12T09:30:00+0200,0.0,EUR/MWh,DE,DE_LU,day_ahead_price,value,2026-07-18T09:44:31Z
2026-07-18T09:43:03Z,2026-07-18T11:43:03+0200,c4e0902c-5b85-4487-a0df-afe572964363,2026-07-12T07:45:00Z,2026-07-12T09:45:00+0200,0.0,EUR/MWh,DE,DE_LU,day_ahead_price,value,2026-07-18T09:44:31Z
2026-07-18T09:43:03Z,2026-07-18T11:43:03+0200,c4e0902c-5b85-4487-a0df-afe572964363,2026-07-12T08:00:00Z,2026-07-12T10:00:00+0200,-0.01,EUR/MWh,DE,DE_LU,day_ahead_price,value,2026-07-18T09:44:31Z
2026-07-18T09:43:03Z,2026-07-18T11:43:03+0200,c4e0902c-5b85-4487-a0df-afe572964363,2026-07-12T08:15:00Z,2026-07-12T10:15:00+0200,-0.01,EUR/MWh,DE,DE_LU,day_ahead_price,value,2026-07-18T09:44:31Z
2026-07-18T09:43:03Z,2026-07-18T11:43:03+0200,c4e0902c-5b85-4487-a0df-afe572964363,2026-07-12T08:30:00Z,2026-07-12T10:30:00+0200,-0.05,EUR/MWh,DE,DE_LU,day_ahead_price,value,2026-07-18T09:44:31Z
2026-07-18T09:43:03Z,2026-07-18T11:43:03+0200,c4e0902c-5b85-4487-a0df-afe572964363,2026-07-12T08:45:00Z,2026-07-12T10:45:00+0200,-0.11,EUR/MWh,DE,DE_LU,day_ahead_price,value,2026-07-18T09:44:31Z
2026-07-18T09:43:03Z,2026-07-18T11:43:03+0200,c4e0902c-5b85-4487-a0df-afe572964363,2026-07-12T09:00:00Z,2026-07-12T11:00:00+0200,-1.01,EUR/MWh,DE,DE_LU,day_ahead_price,value,2026-07-18T09:44:31Z
2026-07-18T09:43:03Z,2026-07-18T11:43:03+0200,c4e0902c-5b85-4487-a0df-afe572964363,2026-07-12T09:15:00Z,2026-07-12T11:15:00+0200,-1.68,EUR/MWh,DE,DE_LU,day_ahead_price,value,2026-07-18T09:44:31Z
2026-07-18T09:43:03Z,2026-07-18T11:43:03+0200,c4e0902c-5b85-4487-a0df-afe572964363,2026-07-12T09:30:00Z,2026-07-12T11:30:00+0200,-2.33,EUR/MWh,DE,DE_LU,day_ahead_price,value,2026-07-18T09:44:31Z
2026-07-18T09:43:03Z,2026-07-18T11:43:03+0200,c4e0902c-5b85-4487-a0df-afe572964363,2026-07-12T09:45:00Z,2026-07-12T11:45:00+0200,-3.64,EUR/MWh,DE,DE_LU,day_ahead_price,value,2026-07-18T09:44:31Z
2026-07-18T09:43:03Z,2026-07-18T11:43:03+0200,c4e0902c-5b85-4487-a0df-afe572964363,2026-07-12T10:00:00Z,2026-07-12T12:00:00+0200,-5.0,EUR/MWh,DE,DE_LU,day_ahead_price,value,2026-07-18T09:44:31Z
2026-07-18T09:43:03Z,2026-07-18T11:43:03+0200,c4e0902c-5b85-4487-a0df-afe572964363,2026-07-12T10:15:00Z,2026-07-12T12:15:00+0200,-6.35,EUR/MWh,DE,DE_LU,day_ahead_price,value,2026-07-18T09:44:31Z
2026-07-18T09:43:03Z,2026-07-18T11:43:03+0200,c4e0902c-5b85-4487-a0df-afe572964363,2026-07-12T10:30:00Z,2026-07-12T12:30:00+0200,-8.0,EUR/MWh,DE,DE_LU,day_ahead_price,value,2026-07-18T09:44:31Z
2026-07-18T09:43:03Z,2026-07-18T11:43:03+0200,c4e0902c-5b85-4487-a0df-afe572964363,2026-07-12T10:45:00Z,2026-07-12T12:45:00+0200,-9.28,EUR/MWh,DE,DE_LU,day_ahead_price,value,2026-07-18T09:44:31Z
2026-07-18T09:43:03Z,2026-07-18T11:43:03+0200,c4e0902c-5b85-4487-a0df-afe572964363,2026-07-12T11:00:00Z,2026-07-12T13:00:00+0200,-9.5,EUR/MWh,DE,DE_LU,day_ahead_price,value,2026-07-18T09:44:31Z
2026-07-18T09:43:03Z,2026-07-18T11:43:03+0200,c4e0902c-5b85-4487-a0df-afe572964363,2026-07-12T11:15:00Z,2026-07-12T13:15:00+0200,-10.01,EUR/MWh,DE,DE_LU,day_ahead_price,value,2026-07-18T09:44:31Z
2026-07-18T09:43:03Z,2026-07-18T11:43:03+0200,c4e0902c-5b85-4487-a0df-afe572964363,2026-07-12T11:30:00Z,2026-07-12T13:30:00+0200,-11.51,EUR/MWh,DE,DE_LU,day_ahead_price,value,2026-07-18T09:44:31Z
2026-07-18T09:43:03Z,2026-07-18T11:43:03+0200,c4e0902c-5b85-4487-a0df-afe572964363,2026-07-12T11:45:00Z,2026-07-12T13:45:00+0200,-11.83,EUR/MWh,DE,DE_LU,day_ahead_price,value,2026-07-18T09:44:31Z
2026-07-18T09:43:03Z,2026-07-18T11:43:03+0200,c4e0902c-5b85-4487-a0df-afe572964363,2026-07-12T12:00:00Z,2026-07-12T14:00:00+0200,-10.4,EUR/MWh,DE,DE_LU,day_ahead_price,value,2026-07-18T09:44:31Z
2026-07-18T09:43:03Z,2026-07-18T11:43:03+0200,c4e0902c-5b85-4487-a0df-afe572964363,2026-07-12T12:15:00Z,2026-07-12T14:15:00+0200,-10.19,EUR/MWh,DE,DE_LU,day_ahead_price,value,2026-07-18T09:44:31Z
2026-07-18T09:43:03Z,2026-07-18T11:43:03+0200,c4e0902c-5b85-4487-a0df-afe572964363,2026-07-12T12:30:00Z,2026-07-12T14:30:00+0200,-9.99,EUR/MWh,DE,DE_LU,day_ahead_price,value,2026-07-18T09:44:31Z
2026-07-18T09:43:03Z,2026-07-18T11:43:03+0200,c4e0902c-5b85-4487-a0df-afe572964363,2026-07-12T12:45:00Z,2026-07-12T14:45:00+0200,-9.64,EUR/MWh,DE,DE_LU,day_ahead_price,value,2026-07-18T09:44:31Z
2026-07-18T09:43:03Z,2026-07-18T11:43:03+0200,c4e0902c-5b85-4487-a0df-afe572964363,2026-07-12T13:00:00Z,2026-07-12T15:00:00+0200,-8.72,EUR/MWh,DE,DE_LU,day_ahead_price,value,2026-07-18T09:44:31Z
2026-07-18T09:43:03Z,2026-07-18T11:43:03+0200,c4e0902c-5b85-4487-a0df-afe572964363,2026-07-12T13:15:00Z,2026-07-12T15:15:00+0200,-6.39,EUR/MWh,DE,DE_LU,day_ahead_price,value,2026-07-18T09:44:31Z
2026-07-18T09:43:03Z,2026-07-18T11:43:03+0200,c4e0902c-5b85-4487-a0df-afe572964363,2026-07-12T13:30:00Z,2026-07-12T15:30:00+0200,-4.99,EUR/MWh,DE,DE_LU,day_ahead_price,value,2026-07-18T09:44:31Z
2026-07-18T09:43:03Z,2026-07-18T11:43:03+0200,c4e0902c-5b85-4487-a0df-afe572964363,2026-07-12T13:45:00Z,2026-07-12T15:45:00+0200,-3.53,EUR/MWh,DE,DE_LU,day_ahead_price,value,2026-07-18T09:44:31Z
2026-07-18T09:43:03Z,2026-07-18T11:43:03+0200,c4e0902c-5b85-4487-a0df-afe572964363,2026-07-12T14:00:00Z,2026-07-12T16:00:00+0200,-2.02,EUR/MWh,DE,DE_LU,day_ahead_price,value,2026-07-18T09:44:31Z
2026-07-18T09:43:03Z,2026-07-18T11:43:03+0200,c4e0902c-5b85-4487-a0df-afe572964363,2026-07-12T14:15:00Z,2026-07-12T16:15:00+0200,-1.89,EUR/MWh,DE,DE_LU,day_ahead_price,value,2026-07-18T09:44:31Z
2026-07-18T09:43:03Z,2026-07-18T11:43:03+0200,c4e0902c-5b85-4487-a0df-afe572964363,2026-07-12T14:30:00Z,2026-07-12T16:30:00+0200,-2.01,EUR/MWh,DE,DE_LU,day_ahead_price,value,2026-07-18T09:44:31Z
2026-07-18T09:43:03Z,2026-07-18T11:43:03+0200,c4e0902c-5b85-4487-a0df-afe572964363,2026-07-12T14:45:00Z,2026-07-12T16:45:00+0200,-4.85,EUR/MWh,DE,DE_LU,day_ahead_price,value,2026-07-18T09:44:31Z
2026-07-18T09:43:03Z,2026-07-18T11:43:03+0200,c4e0902c-5b85-4487-a0df-afe572964363,2026-07-12T15:00:00Z,2026-07-12T17:00:00+0200,-1.61,EUR/MWh,DE,DE_LU,day_ahead_price,value,2026-07-18T09:44:31Z
2026-07-18T09:43:03Z,2026-07-18T11:43:03+0200,c4e0902c-5b85-4487-a0df-afe572964363,2026-07-12T15:15:00Z,2026-07-12T17:15:00+0200,-1.2,EUR/MWh,DE,DE_LU,day_ahead_price,value,2026-07-18T09:44:31Z
2026-07-18T09:43:03Z,2026-07-18T11:43:03+0200,c4e0902c-5b85-4487-a0df-afe572964363,2026-07-12T15:30:00Z,2026-07-12T17:30:00+0200,-0.01,EUR/MWh,DE,DE_LU,day_ahead_price,value,2026-07-18T09:44:31Z
2026-07-18T09:43:03Z,2026-07-18T11:43:03+0200,c4e0902c-5b85-4487-a0df-afe572964363,2026-07-12T15:45:00Z,2026-07-12T17:45:00+0200,33.34,EUR/MWh,DE,DE_LU,day_ahead_price,value,2026-07-18T09:44:31Z
2026-07-18T09:43:03Z,2026-07-18T11:43:03+0200,c4e0902c-5b85-4487-a0df-afe572964363,2026-07-12T16:00:00Z,2026-07-12T18:00:00+0200,25.33,EUR/MWh,DE,DE_LU,day_ahead_price,value,2026-07-18T09:44:31Z
2026-07-18T09:43:03Z,2026-07-18T11:43:03+0200,c4e0902c-5b85-4487-a0df-afe572964363,2026-07-12T16:15:00Z,2026-07-12T18:15:00+0200,99.54,EUR/MWh,DE,DE_LU,day_ahead_price,value,2026-07-18T09:44:31Z
2026-07-18T09:43:03Z,2026-07-18T11:43:03+0200,c4e0902c-5b85-4487-a0df-afe572964363,2026-07-12T16:30:00Z,2026-07-12T18:30:00+0200,116.25,EUR/MWh,DE,DE_LU,day_ahead_price,value,2026-07-18T09:44:31Z
2026-07-18T09:43:03Z,2026-07-18T11:43:03+0200,c4e0902c-5b85-4487-a0df-afe572964363,2026-07-12T16:45:00Z,2026-07-12T18:45:00+0200,132.61,EUR/MWh,DE,DE_LU,day_ahead_price,value,2026-07-18T09:44:31Z
2026-07-18T09:43:03Z,2026-07-18T11:43:03+0200,c4e0902c-5b85-4487-a0df-afe572964363,2026-07-12T17:00:00Z,2026-07-12T19:00:00+0200,111.51,EUR/MWh,DE,DE_LU,day_ahead_price,value,2026-07-18T09:44:31Z
2026-07-18T09:43:03Z,2026-07-18T11:43:03+0200,c4e0902c-5b85-4487-a0df-afe572964363,2026-07-12T17:15:00Z,2026-07-12T19:15:00+0200,133.75,EUR/MWh,DE,DE_LU,day_ahead_price,value,2026-07-18T09:44:31Z
2026-07-18T09:43:03Z,2026-07-18T11:43:03+0200,c4e0902c-5b85-4487-a0df-afe572964363,2026-07-12T17:30:00Z,2026-07-12T19:30:00+0200,136.97,EUR/MWh,DE,DE_LU,day_ahead_price,value,2026-07-18T09:44:31Z
2026-07-18T09:43:03Z,2026-07-18T11:43:03+0200,c4e0902c-5b85-4487-a0df-afe572964363,2026-07-12T17:45:00Z,2026-07-12T19:45:00+0200,145.0,EUR/MWh,DE,DE_LU,day_ahead_price,value,2026-07-18T09:44:31Z
2026-07-18T09:43:03Z,2026-07-18T11:43:03+0200,c4e0902c-5b85-4487-a0df-afe572964363,2026-07-12T18:00:00Z,2026-07-12T20:00:00+0200,137.21,EUR/MWh,DE,DE_LU,day_ahead_price,value,2026-07-18T09:44:31Z
2026-07-18T09:43:03Z,2026-07-18T11:43:03+0200,c4e0902c-5b85-4487-a0df-afe572964363,2026-07-12T18:15:00Z,2026-07-12T20:15:00+0200,140.89,EUR/MWh,DE,DE_LU,day_ahead_price,value,2026-07-18T09:44:31Z
2026-07-18T09:43:03Z,2026-07-18T11:43:03+0200,c4e0902c-5b85-4487-a0df-afe572964363,2026-07-12T18:30:00Z,2026-07-12T20:30:00+0200,141.37,EUR/MWh,DE,DE_LU,day_ahead_price,value,2026-07-18T09:44:31Z
2026-07-18T09:43:03Z,2026-07-18T11:43:03+0200,c4e0902c-5b85-4487-a0df-afe572964363,2026-07-12T18:45:00Z,2026-07-12T20:45:00+0200,144.12,EUR/MWh,DE,DE_LU,day_ahead_price,value,2026-07-18T09:44:31Z
2026-07-18T09:43:03Z,2026-07-18T11:43:03+0200,c4e0902c-5b85-4487-a0df-afe572964363,2026-07-12T19:00:00Z,2026-07-12T21:00:00+0200,140.1,EUR/MWh,DE,DE_LU,day_ahead_price,value,2026-07-18T09:44:31Z
2026-07-18T09:43:03Z,2026-07-18T11:43:03+0200,c4e0902c-5b85-4487-a0df-afe572964363,2026-07-12T19:15:00Z,2026-07-12T21:15:00+0200,144.94,EUR/MWh,DE,DE_LU,day_ahead_price,value,2026-07-18T09:44:31Z
2026-07-18T09:43:03Z,2026-07-18T11:43:03+0200,c4e0902c-5b85-4487-a0df-afe572964363,2026-07-12T19:30:00Z,2026-07-12T21:30:00+0200,145.93,EUR/MWh,DE,DE_LU,day_ahead_price,value,2026-07-18T09:44:31Z
2026-07-18T09:43:03Z,2026-07-18T11:43:03+0200,c4e0902c-5b85-4487-a0df-afe572964363,2026-07-12T19:45:00Z,2026-07-12T21:45:00+0200,146.98,EUR/MWh,DE,DE_LU,day_ahead_price,value,2026-07-18T09:44:31Z
2026-07-18T09:43:03Z,2026-07-18T11:43:03+0200,c4e0902c-5b85-4487-a0df-afe572964363,2026-07-12T20:00:00Z,2026-07-12T22:00:00+0200,149.7,EUR/MWh,DE,DE_LU,day_ahead_price,value,2026-07-18T09:44:31Z
2026-07-18T09:43:03Z,2026-07-18T11:43:03+0200,c4e0902c-5b85-4487-a0df-afe572964363,2026-07-12T20:15:00Z,2026-07-12T22:15:00+0200,145.0,EUR/MWh,DE,DE_LU,day_ahead_price,value,2026-07-18T09:44:31Z
2026-07-18T09:43:03Z,2026-07-18T11:43:03+0200,c4e0902c-5b85-4487-a0df-afe572964363,2026-07-12T20:30:00Z,2026-07-12T22:30:00+0200,144.94,EUR/MWh,DE,DE_LU,day_ahead_price,value,2026-07-18T09:44:31Z
2026-07-18T09:43:03Z,2026-07-18T11:43:03+0200,c4e0902c-5b85-4487-a0df-afe572964363,2026-07-12T20:45:00Z,2026-07-12T22:45:00+0200,140.08,EUR/MWh,DE,DE_LU,day_ahead_price,value,2026-07-18T09:44:31Z
2026-07-18T09:43:03Z,2026-07-18T11:43:03+0200,c4e0902c-5b85-4487-a0df-afe572964363,2026-07-12T21:00:00Z,2026-07-12T23:00:00+0200,144.97,EUR/MWh,DE,DE_LU,day_ahead_price,value,2026-07-18T09:44:31Z
2026-07-18T09:43:03Z,2026-07-18T11:43:03+0200,c4e0902c-5b85-4487-a0df-afe572964363,2026-07-12T21:15:00Z,2026-07-12T23:15:00+0200,137.9,EUR/MWh,DE,DE_LU,day_ahead_price,value,2026-07-18T09:44:31Z
2026-07-18T09:43:03Z,2026-07-18T11:43:03+0200,c4e0902c-5b85-4487-a0df-afe572964363,2026-07-12T21:30:00Z,2026-07-12T23:30:00+0200,138.47,EUR/MWh,DE,DE_LU,day_ahead_price,value,2026-07-18T09:44:31Z
2026-07-18T09:43:03Z,2026-07-18T11:43:03+0200,c4e0902c-5b85-4487-a0df-afe572964363,2026-07-12T21:45:00Z,2026-07-12T23:45:00+0200,135.93,EUR/MWh,DE,DE_LU,day_ahead_price,value,2026-07-18T09:44:31Z
2026-07-18T09:43:03Z,2026-07-18T11:43:03+0200,c4e0902c-5b85-4487-a0df-afe572964363,2026-07-12T22:00:00Z,2026-07-13T00:00:00+0200,131.94,EUR/MWh,DE,DE_LU,day_ahead_price,value,2026-07-18T09:44:31Z
2026-07-18T09:43:03Z,2026-07-18T11:43:03+0200,c4e0902c-5b85-4487-a0df-afe572964363,2026-07-12T22:15:00Z,2026-07-13T00:15:00+0200,130.0,EUR/MWh,DE,DE_LU,day_ahead_price,value,2026-07-18T09:44:31Z
2026-07-18T09:43:03Z,2026-07-18T11:43:03+0200,c4e0902c-5b85-4487-a0df-afe572964363,2026-07-12T22:30:00Z,2026-07-13T00:30:00+0200,129.41,EUR/MWh,DE,DE_LU,day_ahead_price,value,2026-07-18T09:44:31Z
2026-07-18T09:43:03Z,2026-07-18T11:43:03+0200,c4e0902c-5b85-4487-a0df-afe572964363,2026-07-12T22:45:00Z,2026-07-13T00:45:00+0200,127.57,EUR/MWh,DE,DE_LU,day_ahead_price,value,2026-07-18T09:44:31Z
2026-07-18T09:43:03Z,2026-07-18T11:43:03+0200,c4e0902c-5b85-4487-a0df-afe572964363,2026-07-12T23:00:00Z,2026-07-13T01:00:00+0200,128.42,EUR/MWh,DE,DE_LU,day_ahead_price,value,2026-07-18T09:44:31Z
2026-07-18T09:43:03Z,2026-07-18T11:43:03+0200,c4e0902c-5b85-4487-a0df-afe572964363,2026-07-12T23:15:00Z,2026-07-13T01:15:00+0200,124.17,EUR/MWh,DE,DE_LU,day_ahead_price,value,2026-07-18T09:44:31Z
2026-07-18T09:43:03Z,2026-07-18T11:43:03+0200,c4e0902c-5b85-4487-a0df-afe572964363,2026-07-12T23:30:00Z,2026-07-13T01:30:00+0200,123.7,EUR/MWh,DE,DE_LU,day_ahead_price,value,2026-07-18T09:44:31Z
2026-07-18T09:43:03Z,2026-07-18T11:43:03+0200,c4e0902c-5b85-4487-a0df-afe572964363,2026-07-12T23:45:00Z,2026-07-13T01:45:00+0200,122.13,EUR/MWh,DE,DE_LU,day_ahead_price,value,2026-07-18T09:44:31Z
2026-07-18T09:43:03Z,2026-07-18T11:43:03+0200,c4e0902c-5b85-4487-a0df-afe572964363,2026-07-13T00:00:00Z,2026-07-13T02:00:00+0200,122.93,EUR/MWh,DE,DE_LU,day_ahead_price,value,2026-07-18T09:44:31Z
2026-07-18T09:43:03Z,2026-07-18T11:43:03+0200,c4e0902c-5b85-4487-a0df-afe572964363,2026-07-13T00:15:00Z,2026-07-13T02:15:00+0200,119.39,EUR/MWh,DE,DE_LU,day_ahead_price,value,2026-07-18T09:44:31Z
2026-07-18T09:43:03Z,2026-07-18T11:43:03+0200,c4e0902c-5b85-4487-a0df-afe572964363,2026-07-13T00:30:00Z,2026-07-13T02:30:00+0200,119.45,EUR/MWh,DE,DE_LU,day_ahead_price,value,2026-07-18T09:44:31Z
2026-07-18T09:43:03Z,2026-07-18T11:43:03+0200,c4e0902c-5b85-4487-a0df-afe572964363,2026-07-13T00:45:00Z,2026-07-13T02:45:00+0200,120.5,EUR/MWh,DE,DE_LU,day_ahead_price,value,2026-07-18T09:44:31Z
2026-07-18T09:43:03Z,2026-07-18T11:43:03+0200,c4e0902c-5b85-4487-a0df-afe572964363,2026-07-13T01:00:00Z,2026-07-13T03:00:00+0200,120.0,EUR/MWh,DE,DE_LU,day_ahead_price,value,2026-07-18T09:44:31Z
2026-07-18T09:43:03Z,2026-07-18T11:43:03+0200,c4e0902c-5b85-4487-a0df-afe572964363,2026-07-13T01:15:00Z,2026-07-13T03:15:00+0200,120.3,EUR/MWh,DE,DE_LU,day_ahead_price,value,2026-07-18T09:44:31Z
2026-07-18T09:43:03Z,2026-07-18T11:43:03+0200,c4e0902c-5b85-4487-a0df-afe572964363,2026-07-13T01:30:00Z,2026-07-13T03:30:00+0200,121.92,EUR/MWh,DE,DE_LU,day_ahead_price,value,2026-07-18T09:44:31Z
2026-07-18T09:43:03Z,2026-07-18T11:43:03+0200,c4e0902c-5b85-4487-a0df-afe572964363,2026-07-13T01:45:00Z,2026-07-13T03:45:00+0200,123.68,EUR/MWh,DE,DE_LU,day_ahead_price,value,2026-07-18T09:44:31Z
2026-07-18T09:43:03Z,2026-07-18T11:43:03+0200,c4e0902c-5b85-4487-a0df-afe572964363,2026-07-13T02:00:00Z,2026-07-13T04:00:00+0200,118.68,EUR/MWh,DE,DE_LU,day_ahead_price,value,2026-07-18T09:44:31Z
2026-07-18T09:43:03Z,2026-07-18T11:43:03+0200,c4e0902c-5b85-4487-a0df-afe572964363,2026-07-13T02:15:00Z,2026-07-13T04:15:00+0200,122.74,EUR/MWh,DE,DE_LU,day_ahead_price,value,2026-07-18T09:44:31Z
2026-07-18T09:43:03Z,2026-07-18T11:43:03+0200,c4e0902c-5b85-4487-a0df-afe572964363,2026-07-13T02:30:00Z,2026-07-13T04:30:00+0200,125.75,EUR/MWh,DE,DE_LU,day_ahead_price,value,2026-07-18T09:44:31Z
2026-07-18T09:43:03Z,2026-07-18T11:43:03+0200,c4e0902c-5b85-4487-a0df-afe572964363,2026-07-13T02:45:00Z,2026-07-13T04:45:00+0200,127.0,EUR/MWh,DE,DE_LU,day_ahead_price,value,2026-07-18T09:44:31Z
2026-07-18T09:43:03Z,2026-07-18T11:43:03+0200,c4e0902c-5b85-4487-a0df-afe572964363,2026-07-13T03:00:00Z,2026-07-13T05:00:00+0200,126.51,EUR/MWh,DE,DE_LU,day_ahead_price,value,2026-07-18T09:44:31Z
2026-07-18T09:43:03Z,2026-07-18T11:43:03+0200,c4e0902c-5b85-4487-a0df-afe572964363,2026-07-13T03:15:00Z,2026-07-13T05:15:00+0200,130.46,EUR/MWh,DE,DE_LU,day_ahead_price,value,2026-07-18T09:44:31Z
2026-07-18T09:43:03Z,2026-07-18T11:43:03+0200,c4e0902c-5b85-4487-a0df-afe572964363,2026-07-13T03:30:00Z,2026-07-13T05:30:00+0200,137.14,EUR/MWh,DE,DE_LU,day_ahead_price,value,2026-07-18T09:44:31Z
2026-07-18T09:43:03Z,2026-07-18T11:43:03+0200,c4e0902c-5b85-4487-a0df-afe572964363,2026-07-13T03:45:00Z,2026-07-13T05:45:00+0200,142.86,EUR/MWh,DE,DE_LU,day_ahead_price,value,2026-07-18T09:44:31Z
2026-07-18T09:43:03Z,2026-07-18T11:43:03+0200,c4e0902c-5b85-4487-a0df-afe572964363,2026-07-13T04:00:00Z,2026-07-13T06:00:00+0200,145.27,EUR/MWh,DE,DE_LU,day_ahead_price,value,2026-07-18T09:44:31Z
2026-07-18T09:43:03Z,2026-07-18T11:43:03+0200,c4e0902c-5b85-4487-a0df-afe572964363,2026-07-13T04:15:00Z,2026-07-13T06:15:00+0200,152.18,EUR/MWh,DE,DE_LU,day_ahead_price,value,2026-07-18T09:44:31Z
2026-07-18T09:43:03Z,2026-07-18T11:43:03+0200,c4e0902c-5b85-4487-a0df-afe572964363,2026-07-13T04:30:00Z,2026-07-13T06:30:00+0200,151.4,EUR/MWh,DE,DE_LU,day_ahead_price,value,2026-07-18T09:44:31Z
2026-07-18T09:43:03Z,2026-07-18T11:43:03+0200,c4e0902c-5b85-4487-a0df-afe572964363,2026-07-13T04:45:00Z,2026-07-13T06:45:00+0200,150.52,EUR/MWh,DE,DE_LU,day_ahead_price,value,2026-07-18T09:44:31Z
2026-07-18T09:43:03Z,2026-07-18T11:43:03+0200,c4e0902c-5b85-4487-a0df-afe572964363,2026-07-13T05:00:00Z,2026-07-13T07:00:00+0200,171.08,EUR/MWh,DE,DE_LU,day_ahead_price,value,2026-07-18T09:44:31Z
2026-07-18T09:43:03Z,2026-07-18T11:43:03+0200,c4e0902c-5b85-4487-a0df-afe572964363,2026-07-13T05:15:00Z,2026-07-13T07:15:00+0200,166.72,EUR/MWh,DE,DE_LU,day_ahead_price,value,2026-07-18T09:44:31Z
2026-07-18T09:43:03Z,2026-07-18T11:43:03+0200,c4e0902c-5b85-4487-a0df-afe572964363,2026-07-13T05:30:00Z,2026-07-13T07:30:00+0200,154.33,EUR/MWh,DE,DE_LU,day_ahead_price,value,2026-07-18T09:44:31Z
2026-07-18T09:43:03Z,2026-07-18T11:43:03+0200,c4e0902c-5b85-4487-a0df-afe572964363,2026-07-13T05:45:00Z,2026-07-13T07:45:00+0200,145.59,EUR/MWh,DE,DE_LU,day_ahead_price,value,2026-07-18T09:44:31Z
2026-07-18T09:43:03Z,2026-07-18T11:43:03+0200,c4e0902c-5b85-4487-a0df-afe572964363,2026-07-13T06:00:00Z,2026-07-13T08:00:00+0200,151.81,EUR/MWh,DE,DE_LU,day_ahead_price,value,2026-07-18T09:44:31Z
2026-07-18T09:43:03Z,2026-07-18T11:43:03+0200,c4e0902c-5b85-4487-a0df-afe572964363,2026-07-13T06:15:00Z,2026-07-13T08:15:00+0200,146.22,EUR/MWh,DE,DE_LU,day_ahead_price,value,2026-07-18T09:44:31Z
2026-07-18T09:43:03Z,2026-07-18T11:43:03+0200,c4e0902c-5b85-4487-a0df-afe572964363,2026-07-13T06:30:00Z,2026-07-13T08:30:00+0200,130.86,EUR/MWh,DE,DE_LU,day_ahead_price,value,2026-07-18T09:44:31Z
2026-07-18T09:43:03Z,2026-07-18T11:43:03+0200,c4e0902c-5b85-4487-a0df-afe572964363,2026-07-13T06:45:00Z,2026-07-13T08:45:00+0200,127.06,EUR/MWh,DE,DE_LU,day_ahead_price,value,2026-07-18T09:44:31Z
2026-07-18T09:43:03Z,2026-07-18T11:43:03+0200,c4e0902c-5b85-4487-a0df-afe572964363,2026-07-13T07:00:00Z,2026-07-13T09:00:00+0200,142.94,EUR/MWh,DE,DE_LU,day_ahead_price,value,2026-07-18T09:44:31Z
2026-07-18T09:43:03Z,2026-07-18T11:43:03+0200,c4e0902c-5b85-4487-a0df-afe572964363,2026-07-13T07:15:00Z,2026-07-13T09:15:00+0200,130.01,EUR/MWh,DE,DE_LU,day_ahead_price,value,2026-07-18T09:44:31Z
2026-07-18T09:43:03Z,2026-07-18T11:43:03+0200,c4e0902c-5b85-4487-a0df-afe572964363,2026-07-13T07:30:00Z,2026-07-13T09:30:00+0200,114.41,EUR/MWh,DE,DE_LU,day_ahead_price,value,2026-07-18T09:44:31Z
2026-07-18T09:43:03Z,2026-07-18T11:43:03+0200,c4e0902c-5b85-4487-a0df-afe572964363,2026-07-13T07:45:00Z,2026-07-13T09:45:00+0200,103.07,EUR/MWh,DE,DE_LU,day_ahead_price,value,2026-07-18T09:44:31Z
2026-07-18T09:43:03Z,2026-07-18T11:43:03+0200,c4e0902c-5b85-4487-a0df-afe572964363,2026-07-13T08:00:00Z,2026-07-13T10:00:00+0200,119.03,EUR/MWh,DE,DE_LU,day_ahead_price,value,2026-07-18T09:44:31Z
2026-07-18T09:43:03Z,2026-07-18T11:43:03+0200,c4e0902c-5b85-4487-a0df-afe572964363,2026-07-13T08:15:00Z,2026-07-13T10:15:00+0200,103.92,EUR/MWh,DE,DE_LU,day_ahead_price,value,2026-07-18T09:44:31Z
2026-07-18T09:43:03Z,2026-07-18T11:43:03+0200,c4e0902c-5b85-4487-a0df-afe572964363,2026-07-13T08:30:00Z,2026-07-13T10:30:00+0200,95.83,EUR/MWh,DE,DE_LU,day_ahead_price,value,2026-07-18T09:44:31Z
2026-07-18T09:43:03Z,2026-07-18T11:43:03+0200,c4e0902c-5b85-4487-a0df-afe572964363,2026-07-13T08:45:00Z,2026-07-13T10:45:00+0200,81.29,EUR/MWh,DE,DE_LU,day_ahead_price,value,2026-07-18T09:44:31Z
2026-07-18T09:43:03Z,2026-07-18T11:43:03+0200,c4e0902c-5b85-4487-a0df-afe572964363,2026-07-13T09:00:00Z,2026-07-13T11:00:00+0200,87.38,EUR/MWh,DE,DE_LU,day_ahead_price,value,2026-07-18T09:44:31Z
2026-07-18T09:43:03Z,2026-07-18T11:43:03+0200,c4e0902c-5b85-4487-a0df-afe572964363,2026-07-13T09:15:00Z,2026-07-13T11:15:00+0200,78.66,EUR/MWh,DE,DE_LU,day_ahead_price,value,2026-07-18T09:44:31Z
2026-07-18T09:43:03Z,2026-07-18T11:43:03+0200,c4e0902c-5b85-4487-a0df-afe572964363,2026-07-13T09:30:00Z,2026-07-13T11:30:00+0200,70.0,EUR/MWh,DE,DE_LU,day_ahead_price,value,2026-07-18T09:44:31Z
2026-07-18T09:43:03Z,2026-07-18T11:43:03+0200,c4e0902c-5b85-4487-a0df-afe572964363,2026-07-13T09:45:00Z,2026-07-13T11:45:00+0200,60.45,EUR/MWh,DE,DE_LU,day_ahead_price,value,2026-07-18T09:44:31Z
2026-07-18T09:43:03Z,2026-07-18T11:43:03+0200,c4e0902c-5b85-4487-a0df-afe572964363,2026-07-13T10:00:00Z,2026-07-13T12:00:00+0200,63.97,EUR/MWh,DE,DE_LU,day_ahead_price,value,2026-07-18T09:44:31Z
2026-07-18T09:43:03Z,2026-07-18T11:43:03+0200,c4e0902c-5b85-4487-a0df-afe572964363,2026-07-13T10:15:00Z,2026-07-13T12:15:00+0200,52.2,EUR/MWh,DE,DE_LU,day_ahead_price,value,2026-07-18T09:44:31Z
2026-07-18T09:43:03Z,2026-07-18T11:43:03+0200,c4e0902c-5b85-4487-a0df-afe572964363,2026-07-13T10:30:00Z,2026-07-13T12:30:00+0200,45.01,EUR/MWh,DE,DE_LU,day_ahead_price,value,2026-07-18T09:44:31Z
2026-07-18T09:43:03Z,2026-07-18T11:43:03+0200,c4e0902c-5b85-4487-a0df-afe572964363,2026-07-13T10:45:00Z,2026-07-13T12:45:00+0200,41.31,EUR/MWh,DE,DE_LU,day_ahead_price,value,2026-07-18T09:44:31Z
2026-07-18T09:43:03Z,2026-07-18T11:43:03+0200,c4e0902c-5b85-4487-a0df-afe572964363,2026-07-13T11:00:00Z,2026-07-13T13:00:00+0200,40.45,EUR/MWh,DE,DE_LU,day_ahead_price,value,2026-07-18T09:44:31Z
2026-07-18T09:43:03Z,2026-07-18T11:43:03+0200,c4e0902c-5b85-4487-a0df-afe572964363,2026-07-13T11:15:00Z,2026-07-13T13:15:00+0200,34.67,EUR/MWh,DE,DE_LU,day_ahead_price,value,2026-07-18T09:44:31Z
2026-07-18T09:43:03Z,2026-07-18T11:43:03+0200,c4e0902c-5b85-4487-a0df-afe572964363,2026-07-13T11:30:00Z,2026-07-13T13:30:00+0200,33.63,EUR/MWh,DE,DE_LU,day_ahead_price,value,2026-07-18T09:44:31Z
2026-07-18T09:43:03Z,2026-07-18T11:43:03+0200,c4e0902c-5b85-4487-a0df-afe572964363,2026-07-13T11:45:00Z,2026-07-13T13:45:00+0200,22.85,EUR/MWh,DE,DE_LU,day_ahead_price,value,2026-07-18T09:44:31Z
2026-07-18T09:43:03Z,2026-07-18T11:43:03+0200,c4e0902c-5b85-4487-a0df-afe572964363,2026-07-13T12:00:00Z,2026-07-13T14:00:00+0200,34.08,EUR/MWh,DE,DE_LU,day_ahead_price,value,2026-07-18T09:44:31Z
2026-07-18T09:43:03Z,2026-07-18T11:43:03+0200,c4e0902c-5b85-4487-a0df-afe572964363,2026-07-13T12:15:00Z,2026-07-13T14:15:00+0200,34.23,EUR/MWh,DE,DE_LU,day_ahead_price,value,2026-07-18T09:44:31Z
2026-07-18T09:43:03Z,2026-07-18T11:43:03+0200,c4e0902c-5b85-4487-a0df-afe572964363,2026-07-13T12:30:00Z,2026-07-13T14:30:00+0200,40.72,EUR/MWh,DE,DE_LU,day_ahead_price,value,2026-07-18T09:44:31Z
2026-07-18T09:43:03Z,2026-07-18T11:43:03+0200,c4e0902c-5b85-4487-a0df-afe572964363,2026-07-13T12:45:00Z,2026-07-13T14:45:00+0200,45.12,EUR/MWh,DE,DE_LU,day_ahead_price,value,2026-07-18T09:44:31Z
2026-07-18T09:43:03Z,2026-07-18T11:43:03+0200,c4e0902c-5b85-4487-a0df-afe572964363,2026-07-13T13:00:00Z,2026-07-13T15:00:00+0200,45.0,EUR/MWh,DE,DE_LU,day_ahead_price,value,2026-07-18T09:44:31Z
2026-07-18T09:43:03Z,2026-07-18T11:43:03+0200,c4e0902c-5b85-4487-a0df-afe572964363,2026-07-13T13:15:00Z,2026-07-13T15:15:00+0200,56.1,EUR/MWh,DE,DE_LU,day_ahead_price,value,2026-07-18T09:44:31Z
2026-07-18T09:43:03Z,2026-07-18T11:43:03+0200,c4e0902c-5b85-4487-a0df-afe572964363,2026-07-13T13:30:00Z,2026-07-13T15:30:00+0200,68.79,EUR/MWh,DE,DE_LU,day_ahead_price,value,2026-07-18T09:44:31Z
2026-07-18T09:43:03Z,2026-07-18T11:43:03+0200,c4e0902c-5b85-4487-a0df-afe572964363,2026-07-13T13:45:00Z,2026-07-13T15:45:00+0200,86.01,EUR/MWh,DE,DE_LU,day_ahead_price,value,2026-07-18T09:44:31Z
2026-07-18T09:43:03Z,2026-07-18T11:43:03+0200,c4e0902c-5b85-4487-a0df-afe572964363,2026-07-13T14:00:00Z,2026-07-13T16:00:00+0200,68.8,EUR/MWh,DE,DE_LU,day_ahead_price,value,2026-07-18T09:44:31Z
2026-07-18T09:43:03Z,2026-07-18T11:43:03+0200,c4e0902c-5b85-4487-a0df-afe572964363,2026-07-13T14:15:00Z,2026-07-13T16:15:00+0200,91.85,EUR/MWh,DE,DE_LU,day_ahead_price,value,2026-07-18T09:44:31Z
2026-07-18T09:43:03Z,2026-07-18T11:43:03+0200,c4e0902c-5b85-4487-a0df-afe572964363,2026-07-13T14:30:00Z,2026-07-13T16:30:00+0200,95.69,EUR/MWh,DE,DE_LU,day_ahead_price,value,2026-07-18T09:44:31Z
2026-07-18T09:43:03Z,2026-07-18T11:43:03+0200,c4e0902c-5b85-4487-a0df-afe572964363,2026-07-13T14:45:00Z,2026-07-13T16:45:00+0200,107.46,EUR/MWh,DE,DE_LU,day_ahead_price,value,2026-07-18T09:44:31Z
2026-07-18T09:43:03Z,2026-07-18T11:43:03+0200,c4e0902c-5b85-4487-a0df-afe572964363,2026-07-13T15:00:00Z,2026-07-13T17:00:00+0200,98.37,EUR/MWh,DE,DE_LU,day_ahead_price,value,2026-07-18T09:44:31Z
2026-07-18T09:43:03Z,2026-07-18T11:43:03+0200,c4e0902c-5b85-4487-a0df-afe572964363,2026-07-13T15:15:00Z,2026-07-13T17:15:00+0200,115.87,EUR/MWh,DE,DE_LU,day_ahead_price,value,2026-07-18T09:44:31Z
2026-07-18T09:43:03Z,2026-07-18T11:43:03+0200,c4e0902c-5b85-4487-a0df-afe572964363,2026-07-13T15:30:00Z,2026-07-13T17:30:00+0200,132.69,EUR/MWh,DE,DE_LU,day_ahead_price,value,2026-07-18T09:44:31Z
2026-07-18T09:43:03Z,2026-07-18T11:43:03+0200,c4e0902c-5b85-4487-a0df-afe572964363,2026-07-13T15:45:00Z,2026-07-13T17:45:00+0200,139.18,EUR/MWh,DE,DE_LU,day_ahead_price,value,2026-07-18T09:44:31Z
2026-07-18T09:43:03Z,2026-07-18T11:43:03+0200,c4e0902c-5b85-4487-a0df-afe572964363,2026-07-13T16:00:00Z,2026-07-13T18:00:00+0200,125.68,EUR/MWh,DE,DE_LU,day_ahead_price,value,2026-07-18T09:44:31Z
2026-07-18T09:43:03Z,2026-07-18T11:43:03+0200,c4e0902c-5b85-4487-a0df-afe572964363,2026-07-13T16:15:00Z,2026-07-13T18:15:00+0200,137.75,EUR/MWh,DE,DE_LU,day_ahead_price,value,2026-07-18T09:44:31Z
2026-07-18T09:43:03Z,2026-07-18T11:43:03+0200,c4e0902c-5b85-4487-a0df-afe572964363,2026-07-13T16:30:00Z,2026-07-13T18:30:00+0200,144.06,EUR/MWh,DE,DE_LU,day_ahead_price,value,2026-07-18T09:44:31Z
2026-07-18T09:43:03Z,2026-07-18T11:43:03+0200,c4e0902c-5b85-4487-a0df-afe572964363,2026-07-13T16:45:00Z,2026-07-13T18:45:00+0200,152.51,EUR/MWh,DE,DE_LU,day_ahead_price,value,2026-07-18T09:44:31Z
2026-07-18T09:43:03Z,2026-07-18T11:43:03+0200,c4e0902c-5b85-4487-a0df-afe572964363,2026-07-13T17:00:00Z,2026-07-13T19:00:00+0200,149.92,EUR/MWh,DE,DE_LU,day_ahead_price,value,2026-07-18T09:44:31Z
2026-07-18T09:43:03Z,2026-07-18T11:43:03+0200,c4e0902c-5b85-4487-a0df-afe572964363,2026-07-13T17:15:00Z,2026-07-13T19:15:00+0200,153.0,EUR/MWh,DE,DE_LU,day_ahead_price,value,2026-07-18T09:44:31Z
2026-07-18T09:43:03Z,2026-07-18T11:43:03+0200,c4e0902c-5b85-4487-a0df-afe572964363,2026-07-13T17:30:00Z,2026-07-13T19:30:00+0200,166.0,EUR/MWh,DE,DE_LU,day_ahead_price,value,2026-07-18T09:44:31Z
2026-07-18T09:43:03Z,2026-07-18T11:43:03+0200,c4e0902c-5b85-4487-a0df-afe572964363,2026-07-13T17:45:00Z,2026-07-13T19:45:00+0200,194.93,EUR/MWh,DE,DE_LU,day_ahead_price,value,2026-07-18T09:44:31Z
2026-07-18T09:43:03Z,2026-07-18T11:43:03+0200,c4e0902c-5b85-4487-a0df-afe572964363,2026-07-13T18:00:00Z,2026-07-13T20:00:00+0200,184.53,EUR/MWh,DE,DE_LU,day_ahead_price,value,2026-07-18T09:44:31Z
2026-07-18T09:43:03Z,2026-07-18T11:43:03+0200,c4e0902c-5b85-4487-a0df-afe572964363,2026-07-13T18:15:00Z,2026-07-13T20:15:00+0200,184.98,EUR/MWh,DE,DE_LU,day_ahead_price,value,2026-07-18T09:44:31Z
2026-07-18T09:43:03Z,2026-07-18T11:43:03+0200,c4e0902c-5b85-4487-a0df-afe572964363,2026-07-13T18:30:00Z,2026-07-13T20:30:00+0200,182.22,EUR/MWh,DE,DE_LU,day_ahead_price,value,2026-07-18T09:44:31Z
2026-07-18T09:43:03Z,2026-07-18T11:43:03+0200,c4e0902c-5b85-4487-a0df-afe572964363,2026-07-13T18:45:00Z,2026-07-13T20:45:00+0200,180.26,EUR/MWh,DE,DE_LU,day_ahead_price,value,2026-07-18T09:44:31Z
2026-07-18T09:43:03Z,2026-07-18T11:43:03+0200,c4e0902c-5b85-4487-a0df-afe572964363,2026-07-13T19:00:00Z,2026-07-13T21:00:00+0200,181.44,EUR/MWh,DE,DE_LU,day_ahead_price,value,2026-07-18T09:44:31Z
2026-07-18T09:43:03Z,2026-07-18T11:43:03+0200,c4e0902c-5b85-4487-a0df-afe572964363,2026-07-13T19:15:00Z,2026-07-13T21:15:00+0200,177.45,EUR/MWh,DE,DE_LU,day_ahead_price,value,2026-07-18T09:44:31Z
2026-07-18T09:43:03Z,2026-07-18T11:43:03+0200,c4e0902c-5b85-4487-a0df-afe572964363,2026-07-13T19:30:00Z,2026-07-13T21:30:00+0200,163.0,EUR/MWh,DE,DE_LU,day_ahead_price,value,2026-07-18T09:44:31Z
2026-07-18T09:43:03Z,2026-07-18T11:43:03+0200,c4e0902c-5b85-4487-a0df-afe572964363,2026-07-13T19:45:00Z,2026-07-13T21:45:00+0200,153.31,EUR/MWh,DE,DE_LU,day_ahead_price,value,2026-07-18T09:44:31Z
2026-07-18T09:43:03Z,2026-07-18T11:43:03+0200,c4e0902c-5b85-4487-a0df-afe572964363,2026-07-13T20:00:00Z,2026-07-13T22:00:00+0200,172.84,EUR/MWh,DE,DE_LU,day_ahead_price,value,2026-07-18T09:44:31Z
2026-07-18T09:43:03Z,2026-07-18T11:43:03+0200,c4e0902c-5b85-4487-a0df-afe572964363,2026-07-13T20:15:00Z,2026-07-13T22:15:00+0200,155.98,EUR/MWh,DE,DE_LU,day_ahead_price,value,2026-07-18T09:44:31Z
2026-07-18T09:43:03Z,2026-07-18T11:43:03+0200,c4e0902c-5b85-4487-a0df-afe572964363,2026-07-13T20:30:00Z,2026-07-13T22:30:00+0200,157.0,EUR/MWh,DE,DE_LU,day_ahead_price,value,2026-07-18T09:44:31Z
2026-07-18T09:43:03Z,2026-07-18T11:43:03+0200,c4e0902c-5b85-4487-a0df-afe572964363,2026-07-13T20:45:00Z,2026-07-13T22:45:00+0200,150.47,EUR/MWh,DE,DE_LU,day_ahead_price,value,2026-07-18T09:44:31Z
2026-07-18T09:43:03Z,2026-07-18T11:43:03+0200,c4e0902c-5b85-4487-a0df-afe572964363,2026-07-13T21:00:00Z,2026-07-13T23:00:00+0200,149.9,EUR/MWh,DE,DE_LU,day_ahead_price,value,2026-07-18T09:44:31Z
2026-07-18T09:43:03Z,2026-07-18T11:43:03+0200,c4e0902c-5b85-4487-a0df-afe572964363,2026-07-13T21:15:00Z,2026-07-13T23:15:00+0200,144.58,EUR/MWh,DE,DE_LU,day_ahead_price,value,2026-07-18T09:44:31Z
2026-07-18T09:43:03Z,2026-07-18T11:43:03+0200,c4e0902c-5b85-4487-a0df-afe572964363,2026-07-13T21:30:00Z,2026-07-13T23:30:00+0200,142.81,EUR/MWh,DE,DE_LU,day_ahead_price,value,2026-07-18T09:44:31Z
2026-07-18T09:43:03Z,2026-07-18T11:43:03+0200,c4e0902c-5b85-4487-a0df-afe572964363,2026-07-13T21:45:00Z,2026-07-13T23:45:00+0200,138.99,EUR/MWh,DE,DE_LU,day_ahead_price,value,2026-07-18T09:44:31Z
2026-07-18T09:43:03Z,2026-07-18T11:43:03+0200,c4e0902c-5b85-4487-a0df-afe572964363,2026-07-13T22:00:00Z,2026-07-14T00:00:00+0200,148.37,EUR/MWh,DE,DE_LU,day_ahead_price,value,2026-07-18T09:44:31Z
2026-07-18T09:43:03Z,2026-07-18T11:43:03+0200,c4e0902c-5b85-4487-a0df-afe572964363,2026-07-13T22:15:00Z,2026-07-14T00:15:00+0200,141.21,EUR/MWh,DE,DE_LU,day_ahead_price,value,2026-07-18T09:44:31Z
2026-07-18T09:43:03Z,2026-07-18T11:43:03+0200,c4e0902c-5b85-4487-a0df-afe572964363,2026-07-13T22:30:00Z,2026-07-14T00:30:00+0200,137.07,EUR/MWh,DE,DE_LU,day_ahead_price,value,2026-07-18T09:44:31Z
2026-07-18T09:43:03Z,2026-07-18T11:43:03+0200,c4e0902c-5b85-4487-a0df-afe572964363,2026-07-13T22:45:00Z,2026-07-14T00:45:00+0200,131.91,EUR/MWh,DE,DE_LU,day_ahead_price,value,2026-07-18T09:44:31Z
2026-07-18T09:43:03Z,2026-07-18T11:43:03+0200,c4e0902c-5b85-4487-a0df-afe572964363,2026-07-13T23:00:00Z,2026-07-14T01:00:00+0200,138.79,EUR/MWh,DE,DE_LU,day_ahead_price,value,2026-07-18T09:44:31Z
2026-07-18T09:43:03Z,2026-07-18T11:43:03+0200,c4e0902c-5b85-4487-a0df-afe572964363,2026-07-13T23:15:00Z,2026-07-14T01:15:00+0200,134.5,EUR/MWh,DE,DE_LU,day_ahead_price,value,2026-07-18T09:44:31Z
2026-07-18T09:43:03Z,2026-07-18T11:43:03+0200,c4e0902c-5b85-4487-a0df-afe572964363,2026-07-13T23:30:00Z,2026-07-14T01:30:00+0200,132.99,EUR/MWh,DE,DE_LU,day_ahead_price,value,2026-07-18T09:44:31Z
2026-07-18T09:43:03Z,2026-07-18T11:43:03+0200,c4e0902c-5b85-4487-a0df-afe572964363,2026-07-13T23:45:00Z,2026-07-14T01:45:00+0200,129.27,EUR/MWh,DE,DE_LU,day_ahead_price,value,2026-07-18T09:44:31Z
2026-07-18T09:43:03Z,2026-07-18T11:43:03+0200,c4e0902c-5b85-4487-a0df-afe572964363,2026-07-14T00:00:00Z,2026-07-14T02:00:00+0200,129.55,EUR/MWh,DE,DE_LU,day_ahead_price,value,2026-07-18T09:44:31Z
2026-07-18T09:43:03Z,2026-07-18T11:43:03+0200,c4e0902c-5b85-4487-a0df-afe572964363,2026-07-14T00:15:00Z,2026-07-14T02:15:00+0200,126.71,EUR/MWh,DE,DE_LU,day_ahead_price,value,2026-07-18T09:44:31Z
2026-07-18T09:43:03Z,2026-07-18T11:43:03+0200,c4e0902c-5b85-4487-a0df-afe572964363,2026-07-14T00:30:00Z,2026-07-14T02:30:00+0200,127.44,EUR/MWh,DE,DE_LU,day_ahead_price,value,2026-07-18T09:44:31Z
2026-07-18T09:43:03Z,2026-07-18T11:43:03+0200,c4e0902c-5b85-4487-a0df-afe572964363,2026-07-14T00:45:00Z,2026-07-14T02:45:00+0200,125.7,EUR/MWh,DE,DE_LU,day_ahead_price,value,2026-07-18T09:44:31Z
2026-07-18T09:43:03Z,2026-07-18T11:43:03+0200,c4e0902c-5b85-4487-a0df-afe572964363,2026-07-14T01:00:00Z,2026-07-14T03:00:00+0200,128.0,EUR/MWh,DE,DE_LU,day_ahead_price,value,2026-07-18T09:44:31Z
2026-07-18T09:43:03Z,2026-07-18T11:43:03+0200,c4e0902c-5b85-4487-a0df-afe572964363,2026-07-14T01:15:00Z,2026-07-14T03:15:00+0200,127.28,EUR/MWh,DE,DE_LU,day_ahead_price,value,2026-07-18T09:44:31Z
2026-07-18T09:43:03Z,2026-07-18T11:43:03+0200,c4e0902c-5b85-4487-a0df-afe572964363,2026-07-14T01:30:00Z,2026-07-14T03:30:00+0200,127.09,EUR/MWh,DE,DE_LU,day_ahead_price,value,2026-07-18T09:44:31Z
2026-07-18T09:43:03Z,2026-07-18T11:43:03+0200,c4e0902c-5b85-4487-a0df-afe572964363,2026-07-14T01:45:00Z,2026-07-14T03:45:00+0200,126.5,EUR/MWh,DE,DE_LU,day_ahead_price,value,2026-07-18T09:44:31Z
2026-07-18T09:43:03Z,2026-07-18T11:43:03+0200,c4e0902c-5b85-4487-a0df-afe572964363,2026-07-14T02:00:00Z,2026-07-14T04:00:00+0200,125.62,EUR/MWh,DE,DE_LU,day_ahead_price,value,2026-07-18T09:44:31Z
2026-07-18T09:43:03Z,2026-07-18T11:43:03+0200,c4e0902c-5b85-4487-a0df-afe572964363,2026-07-14T02:15:00Z,2026-07-14T04:15:00+0200,125.87,EUR/MWh,DE,DE_LU,day_ahead_price,value,2026-07-18T09:44:31Z
2026-07-18T09:43:03Z,2026-07-18T11:43:03+0200,c4e0902c-5b85-4487-a0df-afe572964363,2026-07-14T02:30:00Z,2026-07-14T04:30:00+0200,128.23,EUR/MWh,DE,DE_LU,day_ahead_price,value,2026-07-18T09:44:31Z
2026-07-18T09:43:03Z,2026-07-18T11:43:03+0200,c4e0902c-5b85-4487-a0df-afe572964363,2026-07-14T02:45:00Z,2026-07-14T04:45:00+0200,130.88,EUR/MWh,DE,DE_LU,day_ahead_price,value,2026-07-18T09:44:31Z
2026-07-18T09:43:03Z,2026-07-18T11:43:03+0200,c4e0902c-5b85-4487-a0df-afe572964363,2026-07-14T03:00:00Z,2026-07-14T05:00:00+0200,130.27,EUR/MWh,DE,DE_LU,day_ahead_price,value,2026-07-18T09:44:31Z
2026-07-18T09:43:03Z,2026-07-18T11:43:03+0200,c4e0902c-5b85-4487-a0df-afe572964363,2026-07-14T03:15:00Z,2026-07-14T05:15:00+0200,133.28,EUR/MWh,DE,DE_LU,day_ahead_price,value,2026-07-18T09:44:31Z
2026-07-18T09:43:03Z,2026-07-18T11:43:03+0200,c4e0902c-5b85-4487-a0df-afe572964363,2026-07-14T03:30:00Z,2026-07-14T05:30:00+0200,136.93,EUR/MWh,DE,DE_LU,day_ahead_price,value,2026-07-18T09:44:31Z
2026-07-18T09:43:03Z,2026-07-18T11:43:03+0200,c4e0902c-5b85-4487-a0df-afe572964363,2026-07-14T03:45:00Z,2026-07-14T05:45:00+0200,139.6,EUR/MWh,DE,DE_LU,day_ahead_price,value,2026-07-18T09:44:31Z
2026-07-18T09:43:03Z,2026-07-18T11:43:03+0200,c4e0902c-5b85-4487-a0df-afe572964363,2026-07-14T04:00:00Z,2026-07-14T06:00:00+0200,144.85,EUR/MWh,DE,DE_LU,day_ahead_price,value,2026-07-18T09:44:31Z
2026-07-18T09:43:03Z,2026-07-18T11:43:03+0200,c4e0902c-5b85-4487-a0df-afe572964363,2026-07-14T04:15:00Z,2026-07-14T06:15:00+0200,142.87,EUR/MWh,DE,DE_LU,day_ahead_price,value,2026-07-18T09:44:31Z
2026-07-18T09:43:03Z,2026-07-18T11:43:03+0200,c4e0902c-5b85-4487-a0df-afe572964363,2026-07-14T04:30:00Z,2026-07-14T06:30:00+0200,148.51,EUR/MWh,DE,DE_LU,day_ahead_price,value,2026-07-18T09:44:31Z
2026-07-18T09:43:03Z,2026-07-18T11:43:03+0200,c4e0902c-5b85-4487-a0df-afe572964363,2026-07-14T04:45:00Z,2026-07-14T06:45:00+0200,146.99,EUR/MWh,DE,DE_LU,day_ahead_price,value,2026-07-18T09:44:31Z
2026-07-18T09:43:03Z,2026-07-18T11:43:03+0200,c4e0902c-5b85-4487-a0df-afe572964363,2026-07-14T05:00:00Z,2026-07-14T07:00:00+0200,153.8,EUR/MWh,DE,DE_LU,day_ahead_price,value,2026-07-18T09:44:31Z
2026-07-18T09:43:03Z,2026-07-18T11:43:03+0200,c4e0902c-5b85-4487-a0df-afe572964363,2026-07-14T05:15:00Z,2026-07-14T07:15:00+0200,152.35,EUR/MWh,DE,DE_LU,day_ahead_price,value,2026-07-18T09:44:31Z
2026-07-18T09:43:03Z,2026-07-18T11:43:03+0200,c4e0902c-5b85-4487-a0df-afe572964363,2026-07-14T05:30:00Z,2026-07-14T07:30:00+0200,154.96,EUR/MWh,DE,DE_LU,day_ahead_price,value,2026-07-18T09:44:31Z
2026-07-18T09:43:03Z,2026-07-18T11:43:03+0200,c4e0902c-5b85-4487-a0df-afe572964363,2026-07-14T05:45:00Z,2026-07-14T07:45:00+0200,147.95,EUR/MWh,DE,DE_LU,day_ahead_price,value,2026-07-18T09:44:31Z
2026-07-18T09:43:03Z,2026-07-18T11:43:03+0200,c4e0902c-5b85-4487-a0df-afe572964363,2026-07-14T06:00:00Z,2026-07-14T08:00:00+0200,148.37,EUR/MWh,DE,DE_LU,day_ahead_price,value,2026-07-18T09:44:31Z
2026-07-18T09:43:03Z,2026-07-18T11:43:03+0200,c4e0902c-5b85-4487-a0df-afe572964363,2026-07-14T06:15:00Z,2026-07-14T08:15:00+0200,140.6,EUR/MWh,DE,DE_LU,day_ahead_price,value,2026-07-18T09:44:31Z
2026-07-18T09:43:03Z,2026-07-18T11:43:03+0200,c4e0902c-5b85-4487-a0df-afe572964363,2026-07-14T06:30:00Z,2026-07-14T08:30:00+0200,132.15,EUR/MWh,DE,DE_LU,day_ahead_price,value,2026-07-18T09:44:31Z
2026-07-18T09:43:03Z,2026-07-18T11:43:03+0200,c4e0902c-5b85-4487-a0df-afe572964363,2026-07-14T06:45:00Z,2026-07-14T08:45:00+0200,121.56,EUR/MWh,DE,DE_LU,day_ahead_price,value,2026-07-18T09:44:31Z
2026-07-18T09:43:03Z,2026-07-18T11:43:03+0200,c4e0902c-5b85-4487-a0df-afe572964363,2026-07-14T07:00:00Z,2026-07-14T09:00:00+0200,135.28,EUR/MWh,DE,DE_LU,day_ahead_price,value,2026-07-18T09:44:31Z
2026-07-18T09:43:03Z,2026-07-18T11:43:03+0200,c4e0902c-5b85-4487-a0df-afe572964363,2026-07-14T07:15:00Z,2026-07-14T09:15:00+0200,125.01,EUR/MWh,DE,DE_LU,day_ahead_price,value,2026-07-18T09:44:31Z
2026-07-18T09:43:03Z,2026-07-18T11:43:03+0200,c4e0902c-5b85-4487-a0df-afe572964363,2026-07-14T07:30:00Z,2026-07-14T09:30:00+0200,116.41,EUR/MWh,DE,DE_LU,day_ahead_price,value,2026-07-18T09:44:31Z
2026-07-18T09:43:03Z,2026-07-18T11:43:03+0200,c4e0902c-5b85-4487-a0df-afe572964363,2026-07-14T07:45:00Z,2026-07-14T09:45:00+0200,110.87,EUR/MWh,DE,DE_LU,day_ahead_price,value,2026-07-18T09:44:31Z
2026-07-18T09:43:03Z,2026-07-18T11:43:03+0200,c4e0902c-5b85-4487-a0df-afe572964363,2026-07-14T08:00:00Z,2026-07-14T10:00:00+0200,123.34,EUR/MWh,DE,DE_LU,day_ahead_price,value,2026-07-18T09:44:31Z
2026-07-18T09:43:03Z,2026-07-18T11:43:03+0200,c4e0902c-5b85-4487-a0df-afe572964363,2026-07-14T08:15:00Z,2026-07-14T10:15:00+0200,107.29,EUR/MWh,DE,DE_LU,day_ahead_price,value,2026-07-18T09:44:31Z
2026-07-18T09:43:03Z,2026-07-18T11:43:03+0200,c4e0902c-5b85-4487-a0df-afe572964363,2026-07-14T08:30:00Z,2026-07-14T10:30:00+0200,103.67,EUR/MWh,DE,DE_LU,day_ahead_price,value,2026-07-18T09:44:31Z
2026-07-18T09:43:03Z,2026-07-18T11:43:03+0200,c4e0902c-5b85-4487-a0df-afe572964363,2026-07-14T08:45:00Z,2026-07-14T10:45:00+0200,95.61,EUR/MWh,DE,DE_LU,day_ahead_price,value,2026-07-18T09:44:31Z
2026-07-18T09:43:03Z,2026-07-18T11:43:03+0200,c4e0902c-5b85-4487-a0df-afe572964363,2026-07-14T09:00:00Z,2026-07-14T11:00:00+0200,101.59,EUR/MWh,DE,DE_LU,day_ahead_price,value,2026-07-18T09:44:31Z
2026-07-18T09:43:03Z,2026-07-18T11:43:03+0200,c4e0902c-5b85-4487-a0df-afe572964363,2026-07-14T09:15:00Z,2026-07-14T11:15:00+0200,97.38,EUR/MWh,DE,DE_LU,day_ahead_price,value,2026-07-18T09:44:31Z
2026-07-18T09:43:03Z,2026-07-18T11:43:03+0200,c4e0902c-5b85-4487-a0df-afe572964363,2026-07-14T09:30:00Z,2026-07-14T11:30:00+0200,94.0,EUR/MWh,DE,DE_LU,day_ahead_price,value,2026-07-18T09:44:31Z
2026-07-18T09:43:03Z,2026-07-18T11:43:03+0200,c4e0902c-5b85-4487-a0df-afe572964363,2026-07-14T09:45:00Z,2026-07-14T11:45:00+0200,73.78,EUR/MWh,DE,DE_LU,day_ahead_price,value,2026-07-18T09:44:31Z
2026-07-18T09:43:03Z,2026-07-18T11:43:03+0200,c4e0902c-5b85-4487-a0df-afe572964363,2026-07-14T10:00:00Z,2026-07-14T12:00:00+0200,82.29,EUR/MWh,DE,DE_LU,day_ahead_price,value,2026-07-18T09:44:31Z
2026-07-18T09:43:03Z,2026-07-18T11:43:03+0200,c4e0902c-5b85-4487-a0df-afe572964363,2026-07-14T10:15:00Z,2026-07-14T12:15:00+0200,65.78,EUR/MWh,DE,DE_LU,day_ahead_price,value,2026-07-18T09:44:31Z
2026-07-18T09:43:03Z,2026-07-18T11:43:03+0200,c4e0902c-5b85-4487-a0df-afe572964363,2026-07-14T10:30:00Z,2026-07-14T12:30:00+0200,58.1,EUR/MWh,DE,DE_LU,day_ahead_price,value,2026-07-18T09:44:31Z
2026-07-18T09:43:03Z,2026-07-18T11:43:03+0200,c4e0902c-5b85-4487-a0df-afe572964363,2026-07-14T10:45:00Z,2026-07-14T12:45:00+0200,50.0,EUR/MWh,DE,DE_LU,day_ahead_price,value,2026-07-18T09:44:31Z
2026-07-18T09:43:03Z,2026-07-18T11:43:03+0200,c4e0902c-5b85-4487-a0df-afe572964363,2026-07-14T11:00:00Z,2026-07-14T13:00:00+0200,55.72,EUR/MWh,DE,DE_LU,day_ahead_price,value,2026-07-18T09:44:31Z
2026-07-18T09:43:03Z,2026-07-18T11:43:03+0200,c4e0902c-5b85-4487-a0df-afe572964363,2026-07-14T11:15:00Z,2026-07-14T13:15:00+0200,54.04,EUR/MWh,DE,DE_LU,day_ahead_price,value,2026-07-18T09:44:31Z
2026-07-18T09:43:03Z,2026-07-18T11:43:03+0200,c4e0902c-5b85-4487-a0df-afe572964363,2026-07-14T11:30:00Z,2026-07-14T13:30:00+0200,52.53,EUR/MWh,DE,DE_LU,day_ahead_price,value,2026-07-18T09:44:31Z
2026-07-18T09:43:03Z,2026-07-18T11:43:03+0200,c4e0902c-5b85-4487-a0df-afe572964363,2026-07-14T11:45:00Z,2026-07-14T13:45:00+0200,45.01,EUR/MWh,DE,DE_LU,day_ahead_price,value,2026-07-18T09:44:31Z
2026-07-18T09:43:03Z,2026-07-18T11:43:03+0200,c4e0902c-5b85-4487-a0df-afe572964363,2026-07-14T12:00:00Z,2026-07-14T14:00:00+0200,48.17,EUR/MWh,DE,DE_LU,day_ahead_price,value,2026-07-18T09:44:31Z
2026-07-18T09:43:03Z,2026-07-18T11:43:03+0200,c4e0902c-5b85-4487-a0df-afe572964363,2026-07-14T12:15:00Z,2026-07-14T14:15:00+0200,55.0,EUR/MWh,DE,DE_LU,day_ahead_price,value,2026-07-18T09:44:31Z
2026-07-18T09:43:03Z,2026-07-18T11:43:03+0200,c4e0902c-5b85-4487-a0df-afe572964363,2026-07-14T12:30:00Z,2026-07-14T14:30:00+0200,59.89,EUR/MWh,DE,DE_LU,day_ahead_price,value,2026-07-18T09:44:31Z
2026-07-18T09:43:03Z,2026-07-18T11:43:03+0200,c4e0902c-5b85-4487-a0df-afe572964363,2026-07-14T12:45:00Z,2026-07-14T14:45:00+0200,67.86,EUR/MWh,DE,DE_LU,day_ahead_price,value,2026-07-18T09:44:31Z
2026-07-18T09:43:03Z,2026-07-18T11:43:03+0200,c4e0902c-5b85-4487-a0df-afe572964363,2026-07-14T13:00:00Z,2026-07-14T15:00:00+0200,54.18,EUR/MWh,DE,DE_LU,day_ahead_price,value,2026-07-18T09:44:31Z
2026-07-18T09:43:03Z,2026-07-18T11:43:03+0200,c4e0902c-5b85-4487-a0df-afe572964363,2026-07-14T13:15:00Z,2026-07-14T15:15:00+0200,64.87,EUR/MWh,DE,DE_LU,day_ahead_price,value,2026-07-18T09:44:31Z
2026-07-18T09:43:03Z,2026-07-18T11:43:03+0200,c4e0902c-5b85-4487-a0df-afe572964363,2026-07-14T13:30:00Z,2026-07-14T15:30:00+0200,75.37,EUR/MWh,DE,DE_LU,day_ahead_price,value,2026-07-18T09:44:31Z
2026-07-18T09:43:03Z,2026-07-18T11:43:03+0200,c4e0902c-5b85-4487-a0df-afe572964363,2026-07-14T13:45:00Z,2026-07-14T15:45:00+0200,85.58,EUR/MWh,DE,DE_LU,day_ahead_price,value,2026-07-18T09:44:31Z
2026-07-18T09:43:03Z,2026-07-18T11:43:03+0200,c4e0902c-5b85-4487-a0df-afe572964363,2026-07-14T14:00:00Z,2026-07-14T16:00:00+0200,69.4,EUR/MWh,DE,DE_LU,day_ahead_price,value,2026-07-18T09:44:31Z
2026-07-18T09:43:03Z,2026-07-18T11:43:03+0200,c4e0902c-5b85-4487-a0df-afe572964363,2026-07-14T14:15:00Z,2026-07-14T16:15:00+0200,91.8,EUR/MWh,DE,DE_LU,day_ahead_price,value,2026-07-18T09:44:31Z
2026-07-18T09:43:03Z,2026-07-18T11:43:03+0200,c4e0902c-5b85-4487-a0df-afe572964363,2026-07-14T14:30:00Z,2026-07-14T16:30:00+0200,104.3,EUR/MWh,DE,DE_LU,day_ahead_price,value,2026-07-18T09:44:31Z
2026-07-18T09:43:03Z,2026-07-18T11:43:03+0200,c4e0902c-5b85-4487-a0df-afe572964363,2026-07-14T14:45:00Z,2026-07-14T16:45:00+0200,107.53,EUR/MWh,DE,DE_LU,day_ahead_price,value,2026-07-18T09:44:31Z
2026-07-18T09:43:03Z,2026-07-18T11:43:03+0200,c4e0902c-5b85-4487-a0df-afe572964363,2026-07-14T15:00:00Z,2026-07-14T17:00:00+0200,105.48,EUR/MWh,DE,DE_LU,day_ahead_price,value,2026-07-18T09:44:31Z
2026-07-18T09:43:03Z,2026-07-18T11:43:03+0200,c4e0902c-5b85-4487-a0df-afe572964363,2026-07-14T15:15:00Z,2026-07-14T17:15:00+0200,109.99,EUR/MWh,DE,DE_LU,day_ahead_price,value,2026-07-18T09:44:31Z
2026-07-18T09:43:03Z,2026-07-18T11:43:03+0200,c4e0902c-5b85-4487-a0df-afe572964363,2026-07-14T15:30:00Z,2026-07-14T17:30:00+0200,124.12,EUR/MWh,DE,DE_LU,day_ahead_price,value,2026-07-18T09:44:31Z
2026-07-18T09:43:03Z,2026-07-18T11:43:03+0200,c4e0902c-5b85-4487-a0df-afe572964363,2026-07-14T15:45:00Z,2026-07-14T17:45:00+0200,130.17,EUR/MWh,DE,DE_LU,day_ahead_price,value,2026-07-18T09:44:31Z
2026-07-18T09:43:03Z,2026-07-18T11:43:03+0200,c4e0902c-5b85-4487-a0df-afe572964363,2026-07-14T16:00:00Z,2026-07-14T18:00:00+0200,123.56,EUR/MWh,DE,DE_LU,day_ahead_price,value,2026-07-18T09:44:31Z
2026-07-18T09:43:03Z,2026-07-18T11:43:03+0200,c4e0902c-5b85-4487-a0df-afe572964363,2026-07-14T16:15:00Z,2026-07-14T18:15:00+0200,131.59,EUR/MWh,DE,DE_LU,day_ahead_price,value,2026-07-18T09:44:31Z
2026-07-18T09:43:03Z,2026-07-18T11:43:03+0200,c4e0902c-5b85-4487-a0df-afe572964363,2026-07-14T16:30:00Z,2026-07-14T18:30:00+0200,142.04,EUR/MWh,DE,DE_LU,day_ahead_price,value,2026-07-18T09:44:31Z
2026-07-18T09:43:03Z,2026-07-18T11:43:03+0200,c4e0902c-5b85-4487-a0df-afe572964363,2026-07-14T16:45:00Z,2026-07-14T18:45:00+0200,156.0,EUR/MWh,DE,DE_LU,day_ahead_price,value,2026-07-18T09:44:31Z
2026-07-18T09:43:03Z,2026-07-18T11:43:03+0200,c4e0902c-5b85-4487-a0df-afe572964363,2026-07-14T17:00:00Z,2026-07-14T19:00:00+0200,143.92,EUR/MWh,DE,DE_LU,day_ahead_price,value,2026-07-18T09:44:31Z
2026-07-18T09:43:03Z,2026-07-18T11:43:03+0200,c4e0902c-5b85-4487-a0df-afe572964363,2026-07-14T17:15:00Z,2026-07-14T19:15:00+0200,152.08,EUR/MWh,DE,DE_LU,day_ahead_price,value,2026-07-18T09:44:31Z
2026-07-18T09:43:03Z,2026-07-18T11:43:03+0200,c4e0902c-5b85-4487-a0df-afe572964363,2026-07-14T17:30:00Z,2026-07-14T19:30:00+0200,161.92,EUR/MWh,DE,DE_LU,day_ahead_price,value,2026-07-18T09:44:31Z
2026-07-18T09:43:03Z,2026-07-18T11:43:03+0200,c4e0902c-5b85-4487-a0df-afe572964363,2026-07-14T17:45:00Z,2026-07-14T19:45:00+0200,178.1,EUR/MWh,DE,DE_LU,day_ahead_price,value,2026-07-18T09:44:31Z
2026-07-18T09:43:03Z,2026-07-18T11:43:03+0200,c4e0902c-5b85-4487-a0df-afe572964363,2026-07-14T18:00:00Z,2026-07-14T20:00:00+0200,177.95,EUR/MWh,DE,DE_LU,day_ahead_price,value,2026-07-18T09:44:31Z
2026-07-18T09:43:03Z,2026-07-18T11:43:03+0200,c4e0902c-5b85-4487-a0df-afe572964363,2026-07-14T18:15:00Z,2026-07-14T20:15:00+0200,181.72,EUR/MWh,DE,DE_LU,day_ahead_price,value,2026-07-18T09:44:31Z
2026-07-18T09:43:03Z,2026-07-18T11:43:03+0200,c4e0902c-5b85-4487-a0df-afe572964363,2026-07-14T18:30:00Z,2026-07-14T20:30:00+0200,184.75,EUR/MWh,DE,DE_LU,day_ahead_price,value,2026-07-18T09:44:31Z
2026-07-18T09:43:03Z,2026-07-18T11:43:03+0200,c4e0902c-5b85-4487-a0df-afe572964363,2026-07-14T18:45:00Z,2026-07-14T20:45:00+0200,185.5,EUR/MWh,DE,DE_LU,day_ahead_price,value,2026-07-18T09:44:31Z
2026-07-18T09:43:03Z,2026-07-18T11:43:03+0200,c4e0902c-5b85-4487-a0df-afe572964363,2026-07-14T19:00:00Z,2026-07-14T21:00:00+0200,180.96,EUR/MWh,DE,DE_LU,day_ahead_price,value,2026-07-18T09:44:31Z
2026-07-18T09:43:03Z,2026-07-18T11:43:03+0200,c4e0902c-5b85-4487-a0df-afe572964363,2026-07-14T19:15:00Z,2026-07-14T21:15:00+0200,174.32,EUR/MWh,DE,DE_LU,day_ahead_price,value,2026-07-18T09:44:31Z
2026-07-18T09:43:03Z,2026-07-18T11:43:03+0200,c4e0902c-5b85-4487-a0df-afe572964363,2026-07-14T19:30:00Z,2026-07-14T21:30:00+0200,174.02,EUR/MWh,DE,DE_LU,day_ahead_price,value,2026-07-18T09:44:31Z
2026-07-18T09:43:03Z,2026-07-18T11:43:03+0200,c4e0902c-5b85-4487-a0df-afe572964363,2026-07-14T19:45:00Z,2026-07-14T21:45:00+0200,171.96,EUR/MWh,DE,DE_LU,day_ahead_price,value,2026-07-18T09:44:31Z
2026-07-18T09:43:03Z,2026-07-18T11:43:03+0200,c4e0902c-5b85-4487-a0df-afe572964363,2026-07-14T20:00:00Z,2026-07-14T22:00:00+0200,178.44,EUR/MWh,DE,DE_LU,day_ahead_price,value,2026-07-18T09:44:31Z
2026-07-18T09:43:03Z,2026-07-18T11:43:03+0200,c4e0902c-5b85-4487-a0df-afe572964363,2026-07-14T20:15:00Z,2026-07-14T22:15:00+0200,170.58,EUR/MWh,DE,DE_LU,day_ahead_price,value,2026-07-18T09:44:31Z
2026-07-18T09:43:03Z,2026-07-18T11:43:03+0200,c4e0902c-5b85-4487-a0df-afe572964363,2026-07-14T20:30:00Z,2026-07-14T22:30:00+0200,167.11,EUR/MWh,DE,DE_LU,day_ahead_price,value,2026-07-18T09:44:31Z
2026-07-18T09:43:03Z,2026-07-18T11:43:03+0200,c4e0902c-5b85-4487-a0df-afe572964363,2026-07-14T20:45:00Z,2026-07-14T22:45:00+0200,158.93,EUR/MWh,DE,DE_LU,day_ahead_price,value,2026-07-18T09:44:31Z
2026-07-18T09:43:03Z,2026-07-18T11:43:03+0200,c4e0902c-5b85-4487-a0df-afe572964363,2026-07-14T21:00:00Z,2026-07-14T23:00:00+0200,158.51,EUR/MWh,DE,DE_LU,day_ahead_price,value,2026-07-18T09:44:31Z
2026-07-18T09:43:03Z,2026-07-18T11:43:03+0200,c4e0902c-5b85-4487-a0df-afe572964363,2026-07-14T21:15:00Z,2026-07-14T23:15:00+0200,153.0,EUR/MWh,DE,DE_LU,day_ahead_price,value,2026-07-18T09:44:31Z
2026-07-18T09:43:03Z,2026-07-18T11:43:03+0200,c4e0902c-5b85-4487-a0df-afe572964363,2026-07-14T21:30:00Z,2026-07-14T23:30:00+0200,150.31,EUR/MWh,DE,DE_LU,day_ahead_price,value,2026-07-18T09:44:31Z
2026-07-18T09:43:03Z,2026-07-18T11:43:03+0200,c4e0902c-5b85-4487-a0df-afe572964363,2026-07-14T21:45:00Z,2026-07-14T23:45:00+0200,144.26,EUR/MWh,DE,DE_LU,day_ahead_price,value,2026-07-18T09:44:31Z
2026-07-18T09:43:03Z,2026-07-18T11:43:03+0200,c4e0902c-5b85-4487-a0df-afe572964363,2026-07-14T22:00:00Z,2026-07-15T00:00:00+0200,158.34,EUR/MWh,DE,DE_LU,day_ahead_price,value,2026-07-18T09:44:31Z
2026-07-18T09:43:03Z,2026-07-18T11:43:03+0200,c4e0902c-5b85-4487-a0df-afe572964363,2026-07-14T22:15:00Z,2026-07-15T00:15:00+0200,154.5,EUR/MWh,DE,DE_LU,day_ahead_price,value,2026-07-18T09:44:31Z
2026-07-18T09:43:03Z,2026-07-18T11:43:03+0200,c4e0902c-5b85-4487-a0df-afe572964363,2026-07-14T22:30:00Z,2026-07-15T00:30:00+0200,154.43,EUR/MWh,DE,DE_LU,day_ahead_price,value,2026-07-18T09:44:31Z
2026-07-18T09:43:03Z,2026-07-18T11:43:03+0200,c4e0902c-5b85-4487-a0df-afe572964363,2026-07-14T22:45:00Z,2026-07-15T00:45:00+0200,146.8,EUR/MWh,DE,DE_LU,day_ahead_price,value,2026-07-18T09:44:31Z
2026-07-18T09:43:03Z,2026-07-18T11:43:03+0200,c4e0902c-5b85-4487-a0df-afe572964363,2026-07-14T23:00:00Z,2026-07-15T01:00:00+0200,150.45,EUR/MWh,DE,DE_LU,day_ahead_price,value,2026-07-18T09:44:31Z
2026-07-18T09:43:03Z,2026-07-18T11:43:03+0200,c4e0902c-5b85-4487-a0df-afe572964363,2026-07-14T23:15:00Z,2026-07-15T01:15:00+0200,145.0,EUR/MWh,DE,DE_LU,day_ahead_price,value,2026-07-18T09:44:31Z
2026-07-18T09:43:03Z,2026-07-18T11:43:03+0200,c4e0902c-5b85-4487-a0df-afe572964363,2026-07-14T23:30:00Z,2026-07-15T01:30:00+0200,142.9,EUR/MWh,DE,DE_LU,day_ahead_price,value,2026-07-18T09:44:31Z
2026-07-18T09:43:03Z,2026-07-18T11:43:03+0200,c4e0902c-5b85-4487-a0df-afe572964363,2026-07-14T23:45:00Z,2026-07-15T01:45:00+0200,139.44,EUR/MWh,DE,DE_LU,day_ahead_price,value,2026-07-18T09:44:31Z
2026-07-18T09:43:03Z,2026-07-18T11:43:03+0200,c4e0902c-5b85-4487-a0df-afe572964363,2026-07-15T00:00:00Z,2026-07-15T02:00:00+0200,141.39,EUR/MWh,DE,DE_LU,day_ahead_price,value,2026-07-18T09:44:31Z
2026-07-18T09:43:03Z,2026-07-18T11:43:03+0200,c4e0902c-5b85-4487-a0df-afe572964363,2026-07-15T00:15:00Z,2026-07-15T02:15:00+0200,138.28,EUR/MWh,DE,DE_LU,day_ahead_price,value,2026-07-18T09:44:31Z
2026-07-18T09:43:03Z,2026-07-18T11:43:03+0200,c4e0902c-5b85-4487-a0df-afe572964363,2026-07-15T00:30:00Z,2026-07-15T02:30:00+0200,138.73,EUR/MWh,DE,DE_LU,day_ahead_price,value,2026-07-18T09:44:31Z
2026-07-18T09:43:03Z,2026-07-18T11:43:03+0200,c4e0902c-5b85-4487-a0df-afe572964363,2026-07-15T00:45:00Z,2026-07-15T02:45:00+0200,137.75,EUR/MWh,DE,DE_LU,day_ahead_price,value,2026-07-18T09:44:31Z
2026-07-18T09:43:03Z,2026-07-18T11:43:03+0200,c4e0902c-5b85-4487-a0df-afe572964363,2026-07-15T01:00:00Z,2026-07-15T03:00:00+0200,136.5,EUR/MWh,DE,DE_LU,day_ahead_price,value,2026-07-18T09:44:31Z
2026-07-18T09:43:03Z,2026-07-18T11:43:03+0200,c4e0902c-5b85-4487-a0df-afe572964363,2026-07-15T01:15:00Z,2026-07-15T03:15:00+0200,137.63,EUR/MWh,DE,DE_LU,day_ahead_price,value,2026-07-18T09:44:31Z
2026-07-18T09:43:03Z,2026-07-18T11:43:03+0200,c4e0902c-5b85-4487-a0df-afe572964363,2026-07-15T01:30:00Z,2026-07-15T03:30:00+0200,135.94,EUR/MWh,DE,DE_LU,day_ahead_price,value,2026-07-18T09:44:31Z
2026-07-18T09:43:03Z,2026-07-18T11:43:03+0200,c4e0902c-5b85-4487-a0df-afe572964363,2026-07-15T01:45:00Z,2026-07-15T03:45:00+0200,136.4,EUR/MWh,DE,DE_LU,day_ahead_price,value,2026-07-18T09:44:31Z
2026-07-18T09:43:03Z,2026-07-18T11:43:03+0200,c4e0902c-5b85-4487-a0df-afe572964363,2026-07-15T02:00:00Z,2026-07-15T04:00:00+0200,136.5,EUR/MWh,DE,DE_LU,day_ahead_price,value,2026-07-18T09:44:31Z
2026-07-18T09:43:03Z,2026-07-18T11:43:03+0200,c4e0902c-5b85-4487-a0df-afe572964363,2026-07-15T02:15:00Z,2026-07-15T04:15:00+0200,138.93,EUR/MWh,DE,DE_LU,day_ahead_price,value,2026-07-18T09:44:31Z
2026-07-18T09:43:03Z,2026-07-18T11:43:03+0200,c4e0902c-5b85-4487-a0df-afe572964363,2026-07-15T02:30:00Z,2026-07-15T04:30:00+0200,141.98,EUR/MWh,DE,DE_LU,day_ahead_price,value,2026-07-18T09:44:31Z
2026-07-18T09:43:03Z,2026-07-18T11:43:03+0200,c4e0902c-5b85-4487-a0df-afe572964363,2026-07-15T02:45:00Z,2026-07-15T04:45:00+0200,146.05,EUR/MWh,DE,DE_LU,day_ahead_price,value,2026-07-18T09:44:31Z
2026-07-18T09:43:03Z,2026-07-18T11:43:03+0200,c4e0902c-5b85-4487-a0df-afe572964363,2026-07-15T03:00:00Z,2026-07-15T05:00:00+0200,142.19,EUR/MWh,DE,DE_LU,day_ahead_price,value,2026-07-18T09:44:31Z
2026-07-18T09:43:03Z,2026-07-18T11:43:03+0200,c4e0902c-5b85-4487-a0df-afe572964363,2026-07-15T03:15:00Z,2026-07-15T05:15:00+0200,148.59,EUR/MWh,DE,DE_LU,day_ahead_price,value,2026-07-18T09:44:31Z
2026-07-18T09:43:03Z,2026-07-18T11:43:03+0200,c4e0902c-5b85-4487-a0df-afe572964363,2026-07-15T03:30:00Z,2026-07-15T05:30:00+0200,151.16,EUR/MWh,DE,DE_LU,day_ahead_price,value,2026-07-18T09:44:31Z
2026-07-18T09:43:03Z,2026-07-18T11:43:03+0200,c4e0902c-5b85-4487-a0df-afe572964363,2026-07-15T03:45:00Z,2026-07-15T05:45:00+0200,159.19,EUR/MWh,DE,DE_LU,day_ahead_price,value,2026-07-18T09:44:31Z
2026-07-18T09:43:03Z,2026-07-18T11:43:03+0200,c4e0902c-5b85-4487-a0df-afe572964363,2026-07-15T04:00:00Z,2026-07-15T06:00:00+0200,165.87,EUR/MWh,DE,DE_LU,day_ahead_price,value,2026-07-18T09:44:31Z
2026-07-18T09:43:03Z,2026-07-18T11:43:03+0200,c4e0902c-5b85-4487-a0df-afe572964363,2026-07-15T04:15:00Z,2026-07-15T06:15:00+0200,171.16,EUR/MWh,DE,DE_LU,day_ahead_price,value,2026-07-18T09:44:31Z
2026-07-18T09:43:03Z,2026-07-18T11:43:03+0200,c4e0902c-5b85-4487-a0df-afe572964363,2026-07-15T04:30:00Z,2026-07-15T06:30:00+0200,166.34,EUR/MWh,DE,DE_LU,day_ahead_price,value,2026-07-18T09:44:31Z
2026-07-18T09:43:03Z,2026-07-18T11:43:03+0200,c4e0902c-5b85-4487-a0df-afe572964363,2026-07-15T04:45:00Z,2026-07-15T06:45:00+0200,163.4,EUR/MWh,DE,DE_LU,day_ahead_price,value,2026-07-18T09:44:31Z
2026-07-18T09:43:03Z,2026-07-18T11:43:03+0200,c4e0902c-5b85-4487-a0df-afe572964363,2026-07-15T05:00:00Z,2026-07-15T07:00:00+0200,173.09,EUR/MWh,DE,DE_LU,day_ahead_price,value,2026-07-18T09:44:31Z
2026-07-18T09:43:03Z,2026-07-18T11:43:03+0200,c4e0902c-5b85-4487-a0df-afe572964363,2026-07-15T05:15:00Z,2026-07-15T07:15:00+0200,167.0,EUR/MWh,DE,DE_LU,day_ahead_price,value,2026-07-18T09:44:31Z
2026-07-18T09:43:03Z,2026-07-18T11:43:03+0200,c4e0902c-5b85-4487-a0df-afe572964363,2026-07-15T05:30:00Z,2026-07-15T07:30:00+0200,164.39,EUR/MWh,DE,DE_LU,day_ahead_price,value,2026-07-18T09:44:31Z
2026-07-18T09:43:03Z,2026-07-18T11:43:03+0200,c4e0902c-5b85-4487-a0df-afe572964363,2026-07-15T05:45:00Z,2026-07-15T07:45:00+0200,159.04,EUR/MWh,DE,DE_LU,day_ahead_price,value,2026-07-18T09:44:31Z
2026-07-18T09:43:03Z,2026-07-18T11:43:03+0200,c4e0902c-5b85-4487-a0df-afe572964363,2026-07-15T06:00:00Z,2026-07-15T08:00:00+0200,167.28,EUR/MWh,DE,DE_LU,day_ahead_price,value,2026-07-18T09:44:31Z
2026-07-18T09:43:03Z,2026-07-18T11:43:03+0200,c4e0902c-5b85-4487-a0df-afe572964363,2026-07-15T06:15:00Z,2026-07-15T08:15:00+0200,163.43,EUR/MWh,DE,DE_LU,day_ahead_price,value,2026-07-18T09:44:31Z
2026-07-18T09:43:03Z,2026-07-18T11:43:03+0200,c4e0902c-5b85-4487-a0df-afe572964363,2026-07-15T06:30:00Z,2026-07-15T08:30:00+0200,153.01,EUR/MWh,DE,DE_LU,day_ahead_price,value,2026-07-18T09:44:31Z
2026-07-18T09:43:03Z,2026-07-18T11:43:03+0200,c4e0902c-5b85-4487-a0df-afe572964363,2026-07-15T06:45:00Z,2026-07-15T08:45:00+0200,140.01,EUR/MWh,DE,DE_LU,day_ahead_price,value,2026-07-18T09:44:31Z
2026-07-18T09:43:03Z,2026-07-18T11:43:03+0200,c4e0902c-5b85-4487-a0df-afe572964363,2026-07-15T07:00:00Z,2026-07-15T09:00:00+0200,150.0,EUR/MWh,DE,DE_LU,day_ahead_price,value,2026-07-18T09:44:31Z
2026-07-18T09:43:03Z,2026-07-18T11:43:03+0200,c4e0902c-5b85-4487-a0df-afe572964363,2026-07-15T07:15:00Z,2026-07-15T09:15:00+0200,139.62,EUR/MWh,DE,DE_LU,day_ahead_price,value,2026-07-18T09:44:31Z
2026-07-18T09:43:03Z,2026-07-18T11:43:03+0200,c4e0902c-5b85-4487-a0df-afe572964363,2026-07-15T07:30:00Z,2026-07-15T09:30:00+0200,130.36,EUR/MWh,DE,DE_LU,day_ahead_price,value,2026-07-18T09:44:31Z
2026-07-18T09:43:03Z,2026-07-18T11:43:03+0200,c4e0902c-5b85-4487-a0df-afe572964363,2026-07-15T07:45:00Z,2026-07-15T09:45:00+0200,120.43,EUR/MWh,DE,DE_LU,day_ahead_price,value,2026-07-18T09:44:31Z
2026-07-18T09:43:03Z,2026-07-18T11:43:03+0200,c4e0902c-5b85-4487-a0df-afe572964363,2026-07-15T08:00:00Z,2026-07-15T10:00:00+0200,130.15,EUR/MWh,DE,DE_LU,day_ahead_price,value,2026-07-18T09:44:31Z
2026-07-18T09:43:03Z,2026-07-18T11:43:03+0200,c4e0902c-5b85-4487-a0df-afe572964363,2026-07-15T08:15:00Z,2026-07-15T10:15:00+0200,115.44,EUR/MWh,DE,DE_LU,day_ahead_price,value,2026-07-18T09:44:31Z
2026-07-18T09:43:03Z,2026-07-18T11:43:03+0200,c4e0902c-5b85-4487-a0df-afe572964363,2026-07-15T08:30:00Z,2026-07-15T10:30:00+0200,102.0,EUR/MWh,DE,DE_LU,day_ahead_price,value,2026-07-18T09:44:31Z
2026-07-18T09:43:03Z,2026-07-18T11:43:03+0200,c4e0902c-5b85-4487-a0df-afe572964363,2026-07-15T08:45:00Z,2026-07-15T10:45:00+0200,98.08,EUR/MWh,DE,DE_LU,day_ahead_price,value,2026-07-18T09:44:31Z
2026-07-18T09:43:03Z,2026-07-18T11:43:03+0200,c4e0902c-5b85-4487-a0df-afe572964363,2026-07-15T09:00:00Z,2026-07-15T11:00:00+0200,105.23,EUR/MWh,DE,DE_LU,day_ahead_price,value,2026-07-18T09:44:31Z
2026-07-18T09:43:03Z,2026-07-18T11:43:03+0200,c4e0902c-5b85-4487-a0df-afe572964363,2026-07-15T09:15:00Z,2026-07-15T11:15:00+0200,101.0,EUR/MWh,DE,DE_LU,day_ahead_price,value,2026-07-18T09:44:31Z
2026-07-18T09:43:03Z,2026-07-18T11:43:03+0200,c4e0902c-5b85-4487-a0df-afe572964363,2026-07-15T09:30:00Z,2026-07-15T11:30:00+0200,97.04,EUR/MWh,DE,DE_LU,day_ahead_price,value,2026-07-18T09:44:31Z
2026-07-18T09:43:03Z,2026-07-18T11:43:03+0200,c4e0902c-5b85-4487-a0df-afe572964363,2026-07-15T09:45:00Z,2026-07-15T11:45:00+0200,81.74,EUR/MWh,DE,DE_LU,day_ahead_price,value,2026-07-18T09:44:31Z
2026-07-18T09:43:03Z,2026-07-18T11:43:03+0200,c4e0902c-5b85-4487-a0df-afe572964363,2026-07-15T10:00:00Z,2026-07-15T12:00:00+0200,89.39,EUR/MWh,DE,DE_LU,day_ahead_price,value,2026-07-18T09:44:31Z
2026-07-18T09:43:03Z,2026-07-18T11:43:03+0200,c4e0902c-5b85-4487-a0df-afe572964363,2026-07-15T10:15:00Z,2026-07-15T12:15:00+0200,75.14,EUR/MWh,DE,DE_LU,day_ahead_price,value,2026-07-18T09:44:31Z
2026-07-18T09:43:03Z,2026-07-18T11:43:03+0200,c4e0902c-5b85-4487-a0df-afe572964363,2026-07-15T10:30:00Z,2026-07-15T12:30:00+0200,68.17,EUR/MWh,DE,DE_LU,day_ahead_price,value,2026-07-18T09:44:31Z
2026-07-18T09:43:03Z,2026-07-18T11:43:03+0200,c4e0902c-5b85-4487-a0df-afe572964363,2026-07-15T10:45:00Z,2026-07-15T12:45:00+0200,64.68,EUR/MWh,DE,DE_LU,day_ahead_price,value,2026-07-18T09:44:31Z
2026-07-18T09:43:03Z,2026-07-18T11:43:03+0200,c4e0902c-5b85-4487-a0df-afe572964363,2026-07-15T11:00:00Z,2026-07-15T13:00:00+0200,67.27,EUR/MWh,DE,DE_LU,day_ahead_price,value,2026-07-18T09:44:31Z
2026-07-18T09:43:03Z,2026-07-18T11:43:03+0200,c4e0902c-5b85-4487-a0df-afe572964363,2026-07-15T11:15:00Z,2026-07-15T13:15:00+0200,67.24,EUR/MWh,DE,DE_LU,day_ahead_price,value,2026-07-18T09:44:31Z
2026-07-18T09:43:03Z,2026-07-18T11:43:03+0200,c4e0902c-5b85-4487-a0df-afe572964363,2026-07-15T11:30:00Z,2026-07-15T13:30:00+0200,60.9,EUR/MWh,DE,DE_LU,day_ahead_price,value,2026-07-18T09:44:31Z
2026-07-18T09:43:03Z,2026-07-18T11:43:03+0200,c4e0902c-5b85-4487-a0df-afe572964363,2026-07-15T11:45:00Z,2026-07-15T13:45:00+0200,58.98,EUR/MWh,DE,DE_LU,day_ahead_price,value,2026-07-18T09:44:31Z
2026-07-18T09:43:03Z,2026-07-18T11:43:03+0200,c4e0902c-5b85-4487-a0df-afe572964363,2026-07-15T12:00:00Z,2026-07-15T14:00:00+0200,61.06,EUR/MWh,DE,DE_LU,day_ahead_price,value,2026-07-18T09:44:31Z
2026-07-18T09:43:03Z,2026-07-18T11:43:03+0200,c4e0902c-5b85-4487-a0df-afe572964363,2026-07-15T12:15:00Z,2026-07-15T14:15:00+0200,60.24,EUR/MWh,DE,DE_LU,day_ahead_price,value,2026-07-18T09:44:31Z
2026-07-18T09:43:03Z,2026-07-18T11:43:03+0200,c4e0902c-5b85-4487-a0df-afe572964363,2026-07-15T12:30:00Z,2026-07-15T14:30:00+0200,63.12,EUR/MWh,DE,DE_LU,day_ahead_price,value,2026-07-18T09:44:31Z
2026-07-18T09:43:03Z,2026-07-18T11:43:03+0200,c4e0902c-5b85-4487-a0df-afe572964363,2026-07-15T12:45:00Z,2026-07-15T14:45:00+0200,67.25,EUR/MWh,DE,DE_LU,day_ahead_price,value,2026-07-18T09:44:31Z
2026-07-18T09:43:03Z,2026-07-18T11:43:03+0200,c4e0902c-5b85-4487-a0df-afe572964363,2026-07-15T13:00:00Z,2026-07-15T15:00:00+0200,60.77,EUR/MWh,DE,DE_LU,day_ahead_price,value,2026-07-18T09:44:31Z
2026-07-18T09:43:03Z,2026-07-18T11:43:03+0200,c4e0902c-5b85-4487-a0df-afe572964363,2026-07-15T13:15:00Z,2026-07-15T15:15:00+0200,66.93,EUR/MWh,DE,DE_LU,day_ahead_price,value,2026-07-18T09:44:31Z
2026-07-18T09:43:03Z,2026-07-18T11:43:03+0200,c4e0902c-5b85-4487-a0df-afe572964363,2026-07-15T13:30:00Z,2026-07-15T15:30:00+0200,76.82,EUR/MWh,DE,DE_LU,day_ahead_price,value,2026-07-18T09:44:31Z
2026-07-18T09:43:03Z,2026-07-18T11:43:03+0200,c4e0902c-5b85-4487-a0df-afe572964363,2026-07-15T13:45:00Z,2026-07-15T15:45:00+0200,87.78,EUR/MWh,DE,DE_LU,day_ahead_price,value,2026-07-18T09:44:31Z
2026-07-18T09:43:03Z,2026-07-18T11:43:03+0200,c4e0902c-5b85-4487-a0df-afe572964363,2026-07-15T14:00:00Z,2026-07-15T16:00:00+0200,80.34,EUR/MWh,DE,DE_LU,day_ahead_price,value,2026-07-18T09:44:31Z
2026-07-18T09:43:03Z,2026-07-18T11:43:03+0200,c4e0902c-5b85-4487-a0df-afe572964363,2026-07-15T14:15:00Z,2026-07-15T16:15:00+0200,89.58,EUR/MWh,DE,DE_LU,day_ahead_price,value,2026-07-18T09:44:31Z
2026-07-18T09:43:03Z,2026-07-18T11:43:03+0200,c4e0902c-5b85-4487-a0df-afe572964363,2026-07-15T14:30:00Z,2026-07-15T16:30:00+0200,105.29,EUR/MWh,DE,DE_LU,day_ahead_price,value,2026-07-18T09:44:31Z
2026-07-18T09:43:03Z,2026-07-18T11:43:03+0200,c4e0902c-5b85-4487-a0df-afe572964363,2026-07-15T14:45:00Z,2026-07-15T16:45:00+0200,113.38,EUR/MWh,DE,DE_LU,day_ahead_price,value,2026-07-18T09:44:31Z
2026-07-18T09:43:03Z,2026-07-18T11:43:03+0200,c4e0902c-5b85-4487-a0df-afe572964363,2026-07-15T15:00:00Z,2026-07-15T17:00:00+0200,101.0,EUR/MWh,DE,DE_LU,day_ahead_price,value,2026-07-18T09:44:31Z
2026-07-18T09:43:03Z,2026-07-18T11:43:03+0200,c4e0902c-5b85-4487-a0df-afe572964363,2026-07-15T15:15:00Z,2026-07-15T17:15:00+0200,108.54,EUR/MWh,DE,DE_LU,day_ahead_price,value,2026-07-18T09:44:31Z
2026-07-18T09:43:03Z,2026-07-18T11:43:03+0200,c4e0902c-5b85-4487-a0df-afe572964363,2026-07-15T15:30:00Z,2026-07-15T17:30:00+0200,123.63,EUR/MWh,DE,DE_LU,day_ahead_price,value,2026-07-18T09:44:31Z
2026-07-18T09:43:03Z,2026-07-18T11:43:03+0200,c4e0902c-5b85-4487-a0df-afe572964363,2026-07-15T15:45:00Z,2026-07-15T17:45:00+0200,139.56,EUR/MWh,DE,DE_LU,day_ahead_price,value,2026-07-18T09:44:31Z
2026-07-18T09:43:03Z,2026-07-18T11:43:03+0200,c4e0902c-5b85-4487-a0df-afe572964363,2026-07-15T16:00:00Z,2026-07-15T18:00:00+0200,128.64,EUR/MWh,DE,DE_LU,day_ahead_price,value,2026-07-18T09:44:31Z
2026-07-18T09:43:03Z,2026-07-18T11:43:03+0200,c4e0902c-5b85-4487-a0df-afe572964363,2026-07-15T16:15:00Z,2026-07-15T18:15:00+0200,142.01,EUR/MWh,DE,DE_LU,day_ahead_price,value,2026-07-18T09:44:31Z
2026-07-18T09:43:03Z,2026-07-18T11:43:03+0200,c4e0902c-5b85-4487-a0df-afe572964363,2026-07-15T16:30:00Z,2026-07-15T18:30:00+0200,147.58,EUR/MWh,DE,DE_LU,day_ahead_price,value,2026-07-18T09:44:31Z
2026-07-18T09:43:03Z,2026-07-18T11:43:03+0200,c4e0902c-5b85-4487-a0df-afe572964363,2026-07-15T16:45:00Z,2026-07-15T18:45:00+0200,164.02,EUR/MWh,DE,DE_LU,day_ahead_price,value,2026-07-18T09:44:31Z
2026-07-18T09:43:03Z,2026-07-18T11:43:03+0200,c4e0902c-5b85-4487-a0df-afe572964363,2026-07-15T17:00:00Z,2026-07-15T19:00:00+0200,147.92,EUR/MWh,DE,DE_LU,day_ahead_price,value,2026-07-18T09:44:31Z
2026-07-18T09:43:03Z,2026-07-18T11:43:03+0200,c4e0902c-5b85-4487-a0df-afe572964363,2026-07-15T17:15:00Z,2026-07-15T19:15:00+0200,163.77,EUR/MWh,DE,DE_LU,day_ahead_price,value,2026-07-18T09:44:31Z
2026-07-18T09:43:03Z,2026-07-18T11:43:03+0200,c4e0902c-5b85-4487-a0df-afe572964363,2026-07-15T17:30:00Z,2026-07-15T19:30:00+0200,183.98,EUR/MWh,DE,DE_LU,day_ahead_price,value,2026-07-18T09:44:31Z
2026-07-18T09:43:03Z,2026-07-18T11:43:03+0200,c4e0902c-5b85-4487-a0df-afe572964363,2026-07-15T17:45:00Z,2026-07-15T19:45:00+0200,207.88,EUR/MWh,DE,DE_LU,day_ahead_price,value,2026-07-18T09:44:31Z
2026-07-18T09:43:03Z,2026-07-18T11:43:03+0200,c4e0902c-5b85-4487-a0df-afe572964363,2026-07-15T18:00:00Z,2026-07-15T20:00:00+0200,197.96,EUR/MWh,DE,DE_LU,day_ahead_price,value,2026-07-18T09:44:31Z
2026-07-18T09:43:03Z,2026-07-18T11:43:03+0200,c4e0902c-5b85-4487-a0df-afe572964363,2026-07-15T18:15:00Z,2026-07-15T20:15:00+0200,199.64,EUR/MWh,DE,DE_LU,day_ahead_price,value,2026-07-18T09:44:31Z
2026-07-18T09:43:03Z,2026-07-18T11:43:03+0200,c4e0902c-5b85-4487-a0df-afe572964363,2026-07-15T18:30:00Z,2026-07-15T20:30:00+0200,208.25,EUR/MWh,DE,DE_LU,day_ahead_price,value,2026-07-18T09:44:31Z
2026-07-18T09:43:03Z,2026-07-18T11:43:03+0200,c4e0902c-5b85-4487-a0df-afe572964363,2026-07-15T18:45:00Z,2026-07-15T20:45:00+0200,218.05,EUR/MWh,DE,DE_LU,day_ahead_price,value,2026-07-18T09:44:31Z
2026-07-18T09:43:03Z,2026-07-18T11:43:03+0200,c4e0902c-5b85-4487-a0df-afe572964363,2026-07-15T19:00:00Z,2026-07-15T21:00:00+0200,221.06,EUR/MWh,DE,DE_LU,day_ahead_price,value,2026-07-18T09:44:31Z
2026-07-18T09:43:03Z,2026-07-18T11:43:03+0200,c4e0902c-5b85-4487-a0df-afe572964363,2026-07-15T19:15:00Z,2026-07-15T21:15:00+0200,196.12,EUR/MWh,DE,DE_LU,day_ahead_price,value,2026-07-18T09:44:31Z
2026-07-18T09:43:03Z,2026-07-18T11:43:03+0200,c4e0902c-5b85-4487-a0df-afe572964363,2026-07-15T19:30:00Z,2026-07-15T21:30:00+0200,197.13,EUR/MWh,DE,DE_LU,day_ahead_price,value,2026-07-18T09:44:31Z
2026-07-18T09:43:03Z,2026-07-18T11:43:03+0200,c4e0902c-5b85-4487-a0df-afe572964363,2026-07-15T19:45:00Z,2026-07-15T21:45:00+0200,192.29,EUR/MWh,DE,DE_LU,day_ahead_price,value,2026-07-18T09:44:31Z
2026-07-18T09:43:03Z,2026-07-18T11:43:03+0200,c4e0902c-5b85-4487-a0df-afe572964363,2026-07-15T20:00:00Z,2026-07-15T22:00:00+0200,199.99,EUR/MWh,DE,DE_LU,day_ahead_price,value,2026-07-18T09:44:31Z
2026-07-18T09:43:03Z,2026-07-18T11:43:03+0200,c4e0902c-5b85-4487-a0df-afe572964363,2026-07-15T20:15:00Z,2026-07-15T22:15:00+0200,190.0,EUR/MWh,DE,DE_LU,day_ahead_price,value,2026-07-18T09:44:31Z
2026-07-18T09:43:03Z,2026-07-18T11:43:03+0200,c4e0902c-5b85-4487-a0df-afe572964363,2026-07-15T20:30:00Z,2026-07-15T22:30:00+0200,187.9,EUR/MWh,DE,DE_LU,day_ahead_price,value,2026-07-18T09:44:31Z
2026-07-18T09:43:03Z,2026-07-18T11:43:03+0200,c4e0902c-5b85-4487-a0df-afe572964363,2026-07-15T20:45:00Z,2026-07-15T22:45:00+0200,175.63,EUR/MWh,DE,DE_LU,day_ahead_price,value,2026-07-18T09:44:31Z
2026-07-18T09:43:03Z,2026-07-18T11:43:03+0200,c4e0902c-5b85-4487-a0df-afe572964363,2026-07-15T21:00:00Z,2026-07-15T23:00:00+0200,179.14,EUR/MWh,DE,DE_LU,day_ahead_price,value,2026-07-18T09:44:31Z
2026-07-18T09:43:03Z,2026-07-18T11:43:03+0200,c4e0902c-5b85-4487-a0df-afe572964363,2026-07-15T21:15:00Z,2026-07-15T23:15:00+0200,171.94,EUR/MWh,DE,DE_LU,day_ahead_price,value,2026-07-18T09:44:31Z
2026-07-18T09:43:03Z,2026-07-18T11:43:03+0200,c4e0902c-5b85-4487-a0df-afe572964363,2026-07-15T21:30:00Z,2026-07-15T23:30:00+0200,169.62,EUR/MWh,DE,DE_LU,day_ahead_price,value,2026-07-18T09:44:31Z
2026-07-18T09:43:03Z,2026-07-18T11:43:03+0200,c4e0902c-5b85-4487-a0df-afe572964363,2026-07-15T21:45:00Z,2026-07-15T23:45:00+0200,164.96,EUR/MWh,DE,DE_LU,day_ahead_price,value,2026-07-18T09:44:31Z
2026-07-18T09:43:03Z,2026-07-18T11:43:03+0200,c4e0902c-5b85-4487-a0df-afe572964363,2026-07-15T22:00:00Z,2026-07-16T00:00:00+0200,173.58,EUR/MWh,DE,DE_LU,day_ahead_price,value,2026-07-18T09:44:31Z
2026-07-18T09:43:03Z,2026-07-18T11:43:03+0200,c4e0902c-5b85-4487-a0df-afe572964363,2026-07-15T22:15:00Z,2026-07-16T00:15:00+0200,169.04,EUR/MWh,DE,DE_LU,day_ahead_price,value,2026-07-18T09:44:31Z
2026-07-18T09:43:03Z,2026-07-18T11:43:03+0200,c4e0902c-5b85-4487-a0df-afe572964363,2026-07-15T22:30:00Z,2026-07-16T00:30:00+0200,163.51,EUR/MWh,DE,DE_LU,day_ahead_price,value,2026-07-18T09:44:31Z
2026-07-18T09:43:03Z,2026-07-18T11:43:03+0200,c4e0902c-5b85-4487-a0df-afe572964363,2026-07-15T22:45:00Z,2026-07-16T00:45:00+0200,158.0,EUR/MWh,DE,DE_LU,day_ahead_price,value,2026-07-18T09:44:31Z
2026-07-18T09:43:03Z,2026-07-18T11:43:03+0200,c4e0902c-5b85-4487-a0df-afe572964363,2026-07-15T23:00:00Z,2026-07-16T01:00:00+0200,162.03,EUR/MWh,DE,DE_LU,day_ahead_price,value,2026-07-18T09:44:31Z
2026-07-18T09:43:03Z,2026-07-18T11:43:03+0200,c4e0902c-5b85-4487-a0df-afe572964363,2026-07-15T23:15:00Z,2026-07-16T01:15:00+0200,158.0,EUR/MWh,DE,DE_LU,day_ahead_price,value,2026-07-18T09:44:31Z
2026-07-18T09:43:03Z,2026-07-18T11:43:03+0200,c4e0902c-5b85-4487-a0df-afe572964363,2026-07-15T23:30:00Z,2026-07-16T01:30:00+0200,158.97,EUR/MWh,DE,DE_LU,day_ahead_price,value,2026-07-18T09:44:31Z
2026-07-18T09:43:03Z,2026-07-18T11:43:03+0200,c4e0902c-5b85-4487-a0df-afe572964363,2026-07-15T23:45:00Z,2026-07-16T01:45:00+0200,157.8,EUR/MWh,DE,DE_LU,day_ahead_price,value,2026-07-18T09:44:31Z
2026-07-18T09:43:03Z,2026-07-18T11:43:03+0200,c4e0902c-5b85-4487-a0df-afe572964363,2026-07-16T00:00:00Z,2026-07-16T02:00:00+0200,157.62,EUR/MWh,DE,DE_LU,day_ahead_price,value,2026-07-18T09:44:31Z
2026-07-18T09:43:03Z,2026-07-18T11:43:03+0200,c4e0902c-5b85-4487-a0df-afe572964363,2026-07-16T00:15:00Z,2026-07-16T02:15:00+0200,154.67,EUR/MWh,DE,DE_LU,day_ahead_price,value,2026-07-18T09:44:31Z
2026-07-18T09:43:03Z,2026-07-18T11:43:03+0200,c4e0902c-5b85-4487-a0df-afe572964363,2026-07-16T00:30:00Z,2026-07-16T02:30:00+0200,150.92,EUR/MWh,DE,DE_LU,day_ahead_price,value,2026-07-18T09:44:31Z
2026-07-18T09:43:03Z,2026-07-18T11:43:03+0200,c4e0902c-5b85-4487-a0df-afe572964363,2026-07-16T00:45:00Z,2026-07-16T02:45:00+0200,148.42,EUR/MWh,DE,DE_LU,day_ahead_price,value,2026-07-18T09:44:31Z
2026-07-18T09:43:03Z,2026-07-18T11:43:03+0200,c4e0902c-5b85-4487-a0df-afe572964363,2026-07-16T01:00:00Z,2026-07-16T03:00:00+0200,152.09,EUR/MWh,DE,DE_LU,day_ahead_price,value,2026-07-18T09:44:31Z
2026-07-18T09:43:03Z,2026-07-18T11:43:03+0200,c4e0902c-5b85-4487-a0df-afe572964363,2026-07-16T01:15:00Z,2026-07-16T03:15:00+0200,147.56,EUR/MWh,DE,DE_LU,day_ahead_price,value,2026-07-18T09:44:31Z
2026-07-18T09:43:03Z,2026-07-18T11:43:03+0200,c4e0902c-5b85-4487-a0df-afe572964363,2026-07-16T01:30:00Z,2026-07-16T03:30:00+0200,148.08,EUR/MWh,DE,DE_LU,day_ahead_price,value,2026-07-18T09:44:31Z
2026-07-18T09:43:03Z,2026-07-18T11:43:03+0200,c4e0902c-5b85-4487-a0df-afe572964363,2026-07-16T01:45:00Z,2026-07-16T03:45:00+0200,148.18,EUR/MWh,DE,DE_LU,day_ahead_price,value,2026-07-18T09:44:31Z
2026-07-18T09:43:03Z,2026-07-18T11:43:03+0200,c4e0902c-5b85-4487-a0df-afe572964363,2026-07-16T02:00:00Z,2026-07-16T04:00:00+0200,148.9,EUR/MWh,DE,DE_LU,day_ahead_price,value,2026-07-18T09:44:31Z
2026-07-18T09:43:03Z,2026-07-18T11:43:03+0200,c4e0902c-5b85-4487-a0df-afe572964363,2026-07-16T02:15:00Z,2026-07-16T04:15:00+0200,150.4,EUR/MWh,DE,DE_LU,day_ahead_price,value,2026-07-18T09:44:31Z
2026-07-18T09:43:03Z,2026-07-18T11:43:03+0200,c4e0902c-5b85-4487-a0df-afe572964363,2026-07-16T02:30:00Z,2026-07-16T04:30:00+0200,154.25,EUR/MWh,DE,DE_LU,day_ahead_price,value,2026-07-18T09:44:31Z
2026-07-18T09:43:03Z,2026-07-18T11:43:03+0200,c4e0902c-5b85-4487-a0df-afe572964363,2026-07-16T02:45:00Z,2026-07-16T04:45:00+0200,155.2,EUR/MWh,DE,DE_LU,day_ahead_price,value,2026-07-18T09:44:31Z
2026-07-18T09:43:03Z,2026-07-18T11:43:03+0200,c4e0902c-5b85-4487-a0df-afe572964363,2026-07-16T03:00:00Z,2026-07-16T05:00:00+0200,156.76,EUR/MWh,DE,DE_LU,day_ahead_price,value,2026-07-18T09:44:31Z
2026-07-18T09:43:03Z,2026-07-18T11:43:03+0200,c4e0902c-5b85-4487-a0df-afe572964363,2026-07-16T03:15:00Z,2026-07-16T05:15:00+0200,159.44,EUR/MWh,DE,DE_LU,day_ahead_price,value,2026-07-18T09:44:31Z
2026-07-18T09:43:03Z,2026-07-18T11:43:03+0200,c4e0902c-5b85-4487-a0df-afe572964363,2026-07-16T03:30:00Z,2026-07-16T05:30:00+0200,160.3,EUR/MWh,DE,DE_LU,day_ahead_price,value,2026-07-18T09:44:31Z
2026-07-18T09:43:03Z,2026-07-18T11:43:03+0200,c4e0902c-5b85-4487-a0df-afe572964363,2026-07-16T03:45:00Z,2026-07-16T05:45:00+0200,163.28,EUR/MWh,DE,DE_LU,day_ahead_price,value,2026-07-18T09:44:31Z
2026-07-18T09:43:03Z,2026-07-18T11:43:03+0200,c4e0902c-5b85-4487-a0df-afe572964363,2026-07-16T04:00:00Z,2026-07-16T06:00:00+0200,175.0,EUR/MWh,DE,DE_LU,day_ahead_price,value,2026-07-18T09:44:31Z
2026-07-18T09:43:03Z,2026-07-18T11:43:03+0200,c4e0902c-5b85-4487-a0df-afe572964363,2026-07-16T04:15:00Z,2026-07-16T06:15:00+0200,175.68,EUR/MWh,DE,DE_LU,day_ahead_price,value,2026-07-18T09:44:31Z
2026-07-18T09:43:03Z,2026-07-18T11:43:03+0200,c4e0902c-5b85-4487-a0df-afe572964363,2026-07-16T04:30:00Z,2026-07-16T06:30:00+0200,176.35,EUR/MWh,DE,DE_LU,day_ahead_price,value,2026-07-18T09:44:31Z
2026-07-18T09:43:03Z,2026-07-18T11:43:03+0200,c4e0902c-5b85-4487-a0df-afe572964363,2026-07-16T04:45:00Z,2026-07-16T06:45:00+0200,174.77,EUR/MWh,DE,DE_LU,day_ahead_price,value,2026-07-18T09:44:31Z
2026-07-18T09:43:03Z,2026-07-18T11:43:03+0200,c4e0902c-5b85-4487-a0df-afe572964363,2026-07-16T05:00:00Z,2026-07-16T07:00:00+0200,180.58,EUR/MWh,DE,DE_LU,day_ahead_price,value,2026-07-18T09:44:31Z
2026-07-18T09:43:03Z,2026-07-18T11:43:03+0200,c4e0902c-5b85-4487-a0df-afe572964363,2026-07-16T05:15:00Z,2026-07-16T07:15:00+0200,177.84,EUR/MWh,DE,DE_LU,day_ahead_price,value,2026-07-18T09:44:31Z
2026-07-18T09:43:03Z,2026-07-18T11:43:03+0200,c4e0902c-5b85-4487-a0df-afe572964363,2026-07-16T05:30:00Z,2026-07-16T07:30:00+0200,171.47,EUR/MWh,DE,DE_LU,day_ahead_price,value,2026-07-18T09:44:31Z
2026-07-18T09:43:03Z,2026-07-18T11:43:03+0200,c4e0902c-5b85-4487-a0df-afe572964363,2026-07-16T05:45:00Z,2026-07-16T07:45:00+0200,161.15,EUR/MWh,DE,DE_LU,day_ahead_price,value,2026-07-18T09:44:31Z
2026-07-18T09:43:03Z,2026-07-18T11:43:03+0200,c4e0902c-5b85-4487-a0df-afe572964363,2026-07-16T06:00:00Z,2026-07-16T08:00:00+0200,169.65,EUR/MWh,DE,DE_LU,day_ahead_price,value,2026-07-18T09:44:31Z
2026-07-18T09:43:03Z,2026-07-18T11:43:03+0200,c4e0902c-5b85-4487-a0df-afe572964363,2026-07-16T06:15:00Z,2026-07-16T08:15:00+0200,166.12,EUR/MWh,DE,DE_LU,day_ahead_price,value,2026-07-18T09:44:31Z
2026-07-18T09:43:03Z,2026-07-18T11:43:03+0200,c4e0902c-5b85-4487-a0df-afe572964363,2026-07-16T06:30:00Z,2026-07-16T08:30:00+0200,159.55,EUR/MWh,DE,DE_LU,day_ahead_price,value,2026-07-18T09:44:31Z
2026-07-18T09:43:03Z,2026-07-18T11:43:03+0200,c4e0902c-5b85-4487-a0df-afe572964363,2026-07-16T06:45:00Z,2026-07-16T08:45:00+0200,138.73,EUR/MWh,DE,DE_LU,day_ahead_price,value,2026-07-18T09:44:31Z
2026-07-18T09:43:03Z,2026-07-18T11:43:03+0200,c4e0902c-5b85-4487-a0df-afe572964363,2026-07-16T07:00:00Z,2026-07-16T09:00:00+0200,152.98,EUR/MWh,DE,DE_LU,day_ahead_price,value,2026-07-18T09:44:31Z
2026-07-18T09:43:03Z,2026-07-18T11:43:03+0200,c4e0902c-5b85-4487-a0df-afe572964363,2026-07-16T07:15:00Z,2026-07-16T09:15:00+0200,138.29,EUR/MWh,DE,DE_LU,day_ahead_price,value,2026-07-18T09:44:31Z
2026-07-18T09:43:03Z,2026-07-18T11:43:03+0200,c4e0902c-5b85-4487-a0df-afe572964363,2026-07-16T07:30:00Z,2026-07-16T09:30:00+0200,133.08,EUR/MWh,DE,DE_LU,day_ahead_price,value,2026-07-18T09:44:31Z
2026-07-18T09:43:03Z,2026-07-18T11:43:03+0200,c4e0902c-5b85-4487-a0df-afe572964363,2026-07-16T07:45:00Z,2026-07-16T09:45:00+0200,124.22,EUR/MWh,DE,DE_LU,day_ahead_price,value,2026-07-18T09:44:31Z
2026-07-18T09:43:03Z,2026-07-18T11:43:03+0200,c4e0902c-5b85-4487-a0df-afe572964363,2026-07-16T08:00:00Z,2026-07-16T10:00:00+0200,140.04,EUR/MWh,DE,DE_LU,day_ahead_price,value,2026-07-18T09:44:31Z
2026-07-18T09:43:03Z,2026-07-18T11:43:03+0200,c4e0902c-5b85-4487-a0df-afe572964363,2026-07-16T08:15:00Z,2026-07-16T10:15:00+0200,122.66,EUR/MWh,DE,DE_LU,day_ahead_price,value,2026-07-18T09:44:31Z
2026-07-18T09:43:03Z,2026-07-18T11:43:03+0200,c4e0902c-5b85-4487-a0df-afe572964363,2026-07-16T08:30:00Z,2026-07-16T10:30:00+0200,110.32,EUR/MWh,DE,DE_LU,day_ahead_price,value,2026-07-18T09:44:31Z
2026-07-18T09:43:03Z,2026-07-18T11:43:03+0200,c4e0902c-5b85-4487-a0df-afe572964363,2026-07-16T08:45:00Z,2026-07-16T10:45:00+0200,100.21,EUR/MWh,DE,DE_LU,day_ahead_price,value,2026-07-18T09:44:31Z
2026-07-18T09:43:03Z,2026-07-18T11:43:03+0200,c4e0902c-5b85-4487-a0df-afe572964363,2026-07-16T09:00:00Z,2026-07-16T11:00:00+0200,113.34,EUR/MWh,DE,DE_LU,day_ahead_price,value,2026-07-18T09:44:31Z
2026-07-18T09:43:03Z,2026-07-18T11:43:03+0200,c4e0902c-5b85-4487-a0df-afe572964363,2026-07-16T09:15:00Z,2026-07-16T11:15:00+0200,109.25,EUR/MWh,DE,DE_LU,day_ahead_price,value,2026-07-18T09:44:31Z
2026-07-18T09:43:03Z,2026-07-18T11:43:03+0200,c4e0902c-5b85-4487-a0df-afe572964363,2026-07-16T09:30:00Z,2026-07-16T11:30:00+0200,105.98,EUR/MWh,DE,DE_LU,day_ahead_price,value,2026-07-18T09:44:31Z
2026-07-18T09:43:03Z,2026-07-18T11:43:03+0200,c4e0902c-5b85-4487-a0df-afe572964363,2026-07-16T09:45:00Z,2026-07-16T11:45:00+0200,100.36,EUR/MWh,DE,DE_LU,day_ahead_price,value,2026-07-18T09:44:31Z
2026-07-18T09:43:03Z,2026-07-18T11:43:03+0200,c4e0902c-5b85-4487-a0df-afe572964363,2026-07-16T10:00:00Z,2026-07-16T12:00:00+0200,100.35,EUR/MWh,DE,DE_LU,day_ahead_price,value,2026-07-18T09:44:31Z
2026-07-18T09:43:03Z,2026-07-18T11:43:03+0200,c4e0902c-5b85-4487-a0df-afe572964363,2026-07-16T10:15:00Z,2026-07-16T12:15:00+0200,93.84,EUR/MWh,DE,DE_LU,day_ahead_price,value,2026-07-18T09:44:31Z
2026-07-18T09:43:03Z,2026-07-18T11:43:03+0200,c4e0902c-5b85-4487-a0df-afe572964363,2026-07-16T10:30:00Z,2026-07-16T12:30:00+0200,93.02,EUR/MWh,DE,DE_LU,day_ahead_price,value,2026-07-18T09:44:31Z
2026-07-18T09:43:03Z,2026-07-18T11:43:03+0200,c4e0902c-5b85-4487-a0df-afe572964363,2026-07-16T10:45:00Z,2026-07-16T12:45:00+0200,91.55,EUR/MWh,DE,DE_LU,day_ahead_price,value,2026-07-18T09:44:31Z
2026-07-18T09:43:03Z,2026-07-18T11:43:03+0200,c4e0902c-5b85-4487-a0df-afe572964363,2026-07-16T11:00:00Z,2026-07-16T13:00:00+0200,92.38,EUR/MWh,DE,DE_LU,day_ahead_price,value,2026-07-18T09:44:31Z
2026-07-18T09:43:03Z,2026-07-18T11:43:03+0200,c4e0902c-5b85-4487-a0df-afe572964363,2026-07-16T11:15:00Z,2026-07-16T13:15:00+0200,91.74,EUR/MWh,DE,DE_LU,day_ahead_price,value,2026-07-18T09:44:31Z
2026-07-18T09:43:03Z,2026-07-18T11:43:03+0200,c4e0902c-5b85-4487-a0df-afe572964363,2026-07-16T11:30:00Z,2026-07-16T13:30:00+0200,83.79,EUR/MWh,DE,DE_LU,day_ahead_price,value,2026-07-18T09:44:31Z
2026-07-18T09:43:03Z,2026-07-18T11:43:03+0200,c4e0902c-5b85-4487-a0df-afe572964363,2026-07-16T11:45:00Z,2026-07-16T13:45:00+0200,81.99,EUR/MWh,DE,DE_LU,day_ahead_price,value,2026-07-18T09:44:31Z
2026-07-18T09:43:03Z,2026-07-18T11:43:03+0200,c4e0902c-5b85-4487-a0df-afe572964363,2026-07-16T12:00:00Z,2026-07-16T14:00:00+0200,91.77,EUR/MWh,DE,DE_LU,day_ahead_price,value,2026-07-18T09:44:31Z
2026-07-18T09:43:03Z,2026-07-18T11:43:03+0200,c4e0902c-5b85-4487-a0df-afe572964363,2026-07-16T12:15:00Z,2026-07-16T14:15:00+0200,94.01,EUR/MWh,DE,DE_LU,day_ahead_price,value,2026-07-18T09:44:31Z
2026-07-18T09:43:03Z,2026-07-18T11:43:03+0200,c4e0902c-5b85-4487-a0df-afe572964363,2026-07-16T12:30:00Z,2026-07-16T14:30:00+0200,97.05,EUR/MWh,DE,DE_LU,day_ahead_price,value,2026-07-18T09:44:31Z
2026-07-18T09:43:03Z,2026-07-18T11:43:03+0200,c4e0902c-5b85-4487-a0df-afe572964363,2026-07-16T12:45:00Z,2026-07-16T14:45:00+0200,103.01,EUR/MWh,DE,DE_LU,day_ahead_price,value,2026-07-18T09:44:31Z
2026-07-18T09:43:03Z,2026-07-18T11:43:03+0200,c4e0902c-5b85-4487-a0df-afe572964363,2026-07-16T13:00:00Z,2026-07-16T15:00:00+0200,105.43,EUR/MWh,DE,DE_LU,day_ahead_price,value,2026-07-18T09:44:31Z
2026-07-18T09:43:03Z,2026-07-18T11:43:03+0200,c4e0902c-5b85-4487-a0df-afe572964363,2026-07-16T13:15:00Z,2026-07-16T15:15:00+0200,108.71,EUR/MWh,DE,DE_LU,day_ahead_price,value,2026-07-18T09:44:31Z
2026-07-18T09:43:03Z,2026-07-18T11:43:03+0200,c4e0902c-5b85-4487-a0df-afe572964363,2026-07-16T13:30:00Z,2026-07-16T15:30:00+0200,109.36,EUR/MWh,DE,DE_LU,day_ahead_price,value,2026-07-18T09:44:31Z
2026-07-18T09:43:03Z,2026-07-18T11:43:03+0200,c4e0902c-5b85-4487-a0df-afe572964363,2026-07-16T13:45:00Z,2026-07-16T15:45:00+0200,114.91,EUR/MWh,DE,DE_LU,day_ahead_price,value,2026-07-18T09:44:31Z
2026-07-18T09:43:03Z,2026-07-18T11:43:03+0200,c4e0902c-5b85-4487-a0df-afe572964363,2026-07-16T14:00:00Z,2026-07-16T16:00:00+0200,105.78,EUR/MWh,DE,DE_LU,day_ahead_price,value,2026-07-18T09:44:31Z
2026-07-18T09:43:03Z,2026-07-18T11:43:03+0200,c4e0902c-5b85-4487-a0df-afe572964363,2026-07-16T14:15:00Z,2026-07-16T16:15:00+0200,112.67,EUR/MWh,DE,DE_LU,day_ahead_price,value,2026-07-18T09:44:31Z
2026-07-18T09:43:03Z,2026-07-18T11:43:03+0200,c4e0902c-5b85-4487-a0df-afe572964363,2026-07-16T14:30:00Z,2026-07-16T16:30:00+0200,127.74,EUR/MWh,DE,DE_LU,day_ahead_price,value,2026-07-18T09:44:31Z
2026-07-18T09:43:03Z,2026-07-18T11:43:03+0200,c4e0902c-5b85-4487-a0df-afe572964363,2026-07-16T14:45:00Z,2026-07-16T16:45:00+0200,132.36,EUR/MWh,DE,DE_LU,day_ahead_price,value,2026-07-18T09:44:31Z
2026-07-18T09:43:03Z,2026-07-18T11:43:03+0200,c4e0902c-5b85-4487-a0df-afe572964363,2026-07-16T15:00:00Z,2026-07-16T17:00:00+0200,124.5,EUR/MWh,DE,DE_LU,day_ahead_price,value,2026-07-18T09:44:31Z
2026-07-18T09:43:03Z,2026-07-18T11:43:03+0200,c4e0902c-5b85-4487-a0df-afe572964363,2026-07-16T15:15:00Z,2026-07-16T17:15:00+0200,135.4,EUR/MWh,DE,DE_LU,day_ahead_price,value,2026-07-18T09:44:31Z
2026-07-18T09:43:03Z,2026-07-18T11:43:03+0200,c4e0902c-5b85-4487-a0df-afe572964363,2026-07-16T15:30:00Z,2026-07-16T17:30:00+0200,143.19,EUR/MWh,DE,DE_LU,day_ahead_price,value,2026-07-18T09:44:31Z
2026-07-18T09:43:03Z,2026-07-18T11:43:03+0200,c4e0902c-5b85-4487-a0df-afe572964363,2026-07-16T15:45:00Z,2026-07-16T17:45:00+0200,156.65,EUR/MWh,DE,DE_LU,day_ahead_price,value,2026-07-18T09:44:31Z
2026-07-18T09:43:03Z,2026-07-18T11:43:03+0200,c4e0902c-5b85-4487-a0df-afe572964363,2026-07-16T16:00:00Z,2026-07-16T18:00:00+0200,146.38,EUR/MWh,DE,DE_LU,day_ahead_price,value,2026-07-18T09:44:31Z
2026-07-18T09:43:03Z,2026-07-18T11:43:03+0200,c4e0902c-5b85-4487-a0df-afe572964363,2026-07-16T16:15:00Z,2026-07-16T18:15:00+0200,176.08,EUR/MWh,DE,DE_LU,day_ahead_price,value,2026-07-18T09:44:31Z
2026-07-18T09:43:03Z,2026-07-18T11:43:03+0200,c4e0902c-5b85-4487-a0df-afe572964363,2026-07-16T16:30:00Z,2026-07-16T18:30:00+0200,181.59,EUR/MWh,DE,DE_LU,day_ahead_price,value,2026-07-18T09:44:31Z
2026-07-18T09:43:03Z,2026-07-18T11:43:03+0200,c4e0902c-5b85-4487-a0df-afe572964363,2026-07-16T16:45:00Z,2026-07-16T18:45:00+0200,206.74,EUR/MWh,DE,DE_LU,day_ahead_price,value,2026-07-18T09:44:31Z
2026-07-18T09:43:03Z,2026-07-18T11:43:03+0200,c4e0902c-5b85-4487-a0df-afe572964363,2026-07-16T17:00:00Z,2026-07-16T19:00:00+0200,184.35,EUR/MWh,DE,DE_LU,day_ahead_price,value,2026-07-18T09:44:31Z
2026-07-18T09:43:03Z,2026-07-18T11:43:03+0200,c4e0902c-5b85-4487-a0df-afe572964363,2026-07-16T17:15:00Z,2026-07-16T19:15:00+0200,217.92,EUR/MWh,DE,DE_LU,day_ahead_price,value,2026-07-18T09:44:31Z
2026-07-18T09:43:03Z,2026-07-18T11:43:03+0200,c4e0902c-5b85-4487-a0df-afe572964363,2026-07-16T17:30:00Z,2026-07-16T19:30:00+0200,257.87,EUR/MWh,DE,DE_LU,day_ahead_price,value,2026-07-18T09:44:31Z
2026-07-18T09:43:03Z,2026-07-18T11:43:03+0200,c4e0902c-5b85-4487-a0df-afe572964363,2026-07-16T17:45:00Z,2026-07-16T19:45:00+0200,304.27,EUR/MWh,DE,DE_LU,day_ahead_price,value,2026-07-18T09:44:31Z
2026-07-18T09:43:03Z,2026-07-18T11:43:03+0200,c4e0902c-5b85-4487-a0df-afe572964363,2026-07-16T18:00:00Z,2026-07-16T20:00:00+0200,284.85,EUR/MWh,DE,DE_LU,day_ahead_price,value,2026-07-18T09:44:31Z
2026-07-18T09:43:03Z,2026-07-18T11:43:03+0200,c4e0902c-5b85-4487-a0df-afe572964363,2026-07-16T18:15:00Z,2026-07-16T20:15:00+0200,304.44,EUR/MWh,DE,DE_LU,day_ahead_price,value,2026-07-18T09:44:31Z
2026-07-18T09:43:03Z,2026-07-18T11:43:03+0200,c4e0902c-5b85-4487-a0df-afe572964363,2026-07-16T18:30:00Z,2026-07-16T20:30:00+0200,329.15,EUR/MWh,DE,DE_LU,day_ahead_price,value,2026-07-18T09:44:31Z
2026-07-18T09:43:03Z,2026-07-18T11:43:03+0200,c4e0902c-5b85-4487-a0df-afe572964363,2026-07-16T18:45:00Z,2026-07-16T20:45:00+0200,328.3,EUR/MWh,DE,DE_LU,day_ahead_price,value,2026-07-18T09:44:31Z
2026-07-18T09:43:03Z,2026-07-18T11:43:03+0200,c4e0902c-5b85-4487-a0df-afe572964363,2026-07-16T19:00:00Z,2026-07-16T21:00:00+0200,339.65,EUR/MWh,DE,DE_LU,day_ahead_price,value,2026-07-18T09:44:31Z
2026-07-18T09:43:03Z,2026-07-18T11:43:03+0200,c4e0902c-5b85-4487-a0df-afe572964363,2026-07-16T19:15:00Z,2026-07-16T21:15:00+0200,277.83,EUR/MWh,DE,DE_LU,day_ahead_price,value,2026-07-18T09:44:31Z
2026-07-18T09:43:03Z,2026-07-18T11:43:03+0200,c4e0902c-5b85-4487-a0df-afe572964363,2026-07-16T19:30:00Z,2026-07-16T21:30:00+0200,229.17,EUR/MWh,DE,DE_LU,day_ahead_price,value,2026-07-18T09:44:31Z
2026-07-18T09:43:03Z,2026-07-18T11:43:03+0200,c4e0902c-5b85-4487-a0df-afe572964363,2026-07-16T19:45:00Z,2026-07-16T21:45:00+0200,203.75,EUR/MWh,DE,DE_LU,day_ahead_price,value,2026-07-18T09:44:31Z
2026-07-18T09:43:03Z,2026-07-18T11:43:03+0200,c4e0902c-5b85-4487-a0df-afe572964363,2026-07-16T20:00:00Z,2026-07-16T22:00:00+0200,228.77,EUR/MWh,DE,DE_LU,day_ahead_price,value,2026-07-18T09:44:31Z
2026-07-18T09:43:03Z,2026-07-18T11:43:03+0200,c4e0902c-5b85-4487-a0df-afe572964363,2026-07-16T20:15:00Z,2026-07-16T22:15:00+0200,203.75,EUR/MWh,DE,DE_LU,day_ahead_price,value,2026-07-18T09:44:31Z
2026-07-18T09:43:03Z,2026-07-18T11:43:03+0200,c4e0902c-5b85-4487-a0df-afe572964363,2026-07-16T20:30:00Z,2026-07-16T22:30:00+0200,205.0,EUR/MWh,DE,DE_LU,day_ahead_price,value,2026-07-18T09:44:31Z
2026-07-18T09:43:03Z,2026-07-18T11:43:03+0200,c4e0902c-5b85-4487-a0df-afe572964363,2026-07-16T20:45:00Z,2026-07-16T22:45:00+0200,189.84,EUR/MWh,DE,DE_LU,day_ahead_price,value,2026-07-18T09:44:31Z
2026-07-18T09:43:03Z,2026-07-18T11:43:03+0200,c4e0902c-5b85-4487-a0df-afe572964363,2026-07-16T21:00:00Z,2026-07-16T23:00:00+0200,196.03,EUR/MWh,DE,DE_LU,day_ahead_price,value,2026-07-18T09:44:31Z
2026-07-18T09:43:03Z,2026-07-18T11:43:03+0200,c4e0902c-5b85-4487-a0df-afe572964363,2026-07-16T21:15:00Z,2026-07-16T23:15:00+0200,180.6,EUR/MWh,DE,DE_LU,day_ahead_price,value,2026-07-18T09:44:31Z
2026-07-18T09:43:03Z,2026-07-18T11:43:03+0200,c4e0902c-5b85-4487-a0df-afe572964363,2026-07-16T21:30:00Z,2026-07-16T23:30:00+0200,175.1,EUR/MWh,DE,DE_LU,day_ahead_price,value,2026-07-18T09:44:31Z
2026-07-18T09:43:03Z,2026-07-18T11:43:03+0200,c4e0902c-5b85-4487-a0df-afe572964363,2026-07-16T21:45:00Z,2026-07-16T23:45:00+0200,169.52,EUR/MWh,DE,DE_LU,day_ahead_price,value,2026-07-18T09:44:31Z
2026-07-18T09:43:03Z,2026-07-18T11:43:03+0200,c4e0902c-5b85-4487-a0df-afe572964363,2026-07-16T22:00:00Z,2026-07-17T00:00:00+0200,175.0,EUR/MWh,DE,DE_LU,day_ahead_price,value,2026-07-18T09:44:31Z
2026-07-18T09:43:03Z,2026-07-18T11:43:03+0200,c4e0902c-5b85-4487-a0df-afe572964363,2026-07-16T22:15:00Z,2026-07-17T00:15:00+0200,171.31,EUR/MWh,DE,DE_LU,day_ahead_price,value,2026-07-18T09:44:31Z
2026-07-18T09:43:03Z,2026-07-18T11:43:03+0200,c4e0902c-5b85-4487-a0df-afe572964363,2026-07-16T22:30:00Z,2026-07-17T00:30:00+0200,169.45,EUR/MWh,DE,DE_LU,day_ahead_price,value,2026-07-18T09:44:31Z
2026-07-18T09:43:03Z,2026-07-18T11:43:03+0200,c4e0902c-5b85-4487-a0df-afe572964363,2026-07-16T22:45:00Z,2026-07-17T00:45:00+0200,166.5,EUR/MWh,DE,DE_LU,day_ahead_price,value,2026-07-18T09:44:31Z
2026-07-18T09:43:03Z,2026-07-18T11:43:03+0200,c4e0902c-5b85-4487-a0df-afe572964363,2026-07-16T23:00:00Z,2026-07-17T01:00:00+0200,167.0,EUR/MWh,DE,DE_LU,day_ahead_price,value,2026-07-18T09:44:31Z
2026-07-18T09:43:03Z,2026-07-18T11:43:03+0200,c4e0902c-5b85-4487-a0df-afe572964363,2026-07-16T23:15:00Z,2026-07-17T01:15:00+0200,162.88,EUR/MWh,DE,DE_LU,day_ahead_price,value,2026-07-18T09:44:31Z
2026-07-18T09:43:03Z,2026-07-18T11:43:03+0200,c4e0902c-5b85-4487-a0df-afe572964363,2026-07-16T23:30:00Z,2026-07-17T01:30:00+0200,160.64,EUR/MWh,DE,DE_LU,day_ahead_price,value,2026-07-18T09:44:31Z
2026-07-18T09:43:03Z,2026-07-18T11:43:03+0200,c4e0902c-5b85-4487-a0df-afe572964363,2026-07-16T23:45:00Z,2026-07-17T01:45:00+0200,155.28,EUR/MWh,DE,DE_LU,day_ahead_price,value,2026-07-18T09:44:31Z
2026-07-18T09:43:03Z,2026-07-18T11:43:03+0200,c4e0902c-5b85-4487-a0df-afe572964363,2026-07-17T00:00:00Z,2026-07-17T02:00:00+0200,156.97,EUR/MWh,DE,DE_LU,day_ahead_price,value,2026-07-18T09:44:31Z
2026-07-18T09:43:03Z,2026-07-18T11:43:03+0200,c4e0902c-5b85-4487-a0df-afe572964363,2026-07-17T00:15:00Z,2026-07-17T02:15:00+0200,153.0,EUR/MWh,DE,DE_LU,day_ahead_price,value,2026-07-18T09:44:31Z
2026-07-18T09:43:03Z,2026-07-18T11:43:03+0200,c4e0902c-5b85-4487-a0df-afe572964363,2026-07-17T00:30:00Z,2026-07-17T02:30:00+0200,151.91,EUR/MWh,DE,DE_LU,day_ahead_price,value,2026-07-18T09:44:31Z
2026-07-18T09:43:03Z,2026-07-18T11:43:03+0200,c4e0902c-5b85-4487-a0df-afe572964363,2026-07-17T00:45:00Z,2026-07-17T02:45:00+0200,146.02,EUR/MWh,DE,DE_LU,day_ahead_price,value,2026-07-18T09:44:31Z
2026-07-18T09:43:03Z,2026-07-18T11:43:03+0200,c4e0902c-5b85-4487-a0df-afe572964363,2026-07-17T01:00:00Z,2026-07-17T03:00:00+0200,148.0,EUR/MWh,DE,DE_LU,day_ahead_price,value,2026-07-18T09:44:31Z
2026-07-18T09:43:03Z,2026-07-18T11:43:03+0200,c4e0902c-5b85-4487-a0df-afe572964363,2026-07-17T01:15:00Z,2026-07-17T03:15:00+0200,145.0,EUR/MWh,DE,DE_LU,day_ahead_price,value,2026-07-18T09:44:31Z
2026-07-18T09:43:03Z,2026-07-18T11:43:03+0200,c4e0902c-5b85-4487-a0df-afe572964363,2026-07-17T01:30:00Z,2026-07-17T03:30:00+0200,142.0,EUR/MWh,DE,DE_LU,day_ahead_price,value,2026-07-18T09:44:31Z
2026-07-18T09:43:03Z,2026-07-18T11:43:03+0200,c4e0902c-5b85-4487-a0df-afe572964363,2026-07-17T01:45:00Z,2026-07-17T03:45:00+0200,140.76,EUR/MWh,DE,DE_LU,day_ahead_price,value,2026-07-18T09:44:31Z
2026-07-18T09:43:03Z,2026-07-18T11:43:03+0200,c4e0902c-5b85-4487-a0df-afe572964363,2026-07-17T02:00:00Z,2026-07-17T04:00:00+0200,141.04,EUR/MWh,DE,DE_LU,day_ahead_price,value,2026-07-18T09:44:31Z
2026-07-18T09:43:03Z,2026-07-18T11:43:03+0200,c4e0902c-5b85-4487-a0df-afe572964363,2026-07-17T02:15:00Z,2026-07-17T04:15:00+0200,142.2,EUR/MWh,DE,DE_LU,day_ahead_price,value,2026-07-18T09:44:31Z
2026-07-18T09:43:03Z,2026-07-18T11:43:03+0200,c4e0902c-5b85-4487-a0df-afe572964363,2026-07-17T02:30:00Z,2026-07-17T04:30:00+0200,142.35,EUR/MWh,DE,DE_LU,day_ahead_price,value,2026-07-18T09:44:31Z
2026-07-18T09:43:03Z,2026-07-18T11:43:03+0200,c4e0902c-5b85-4487-a0df-afe572964363,2026-07-17T02:45:00Z,2026-07-17T04:45:00+0200,146.01,EUR/MWh,DE,DE_LU,day_ahead_price,value,2026-07-18T09:44:31Z
2026-07-18T09:43:03Z,2026-07-18T11:43:03+0200,c4e0902c-5b85-4487-a0df-afe572964363,2026-07-17T03:00:00Z,2026-07-17T05:00:00+0200,150.92,EUR/MWh,DE,DE_LU,day_ahead_price,value,2026-07-18T09:44:31Z
2026-07-18T09:43:03Z,2026-07-18T11:43:03+0200,c4e0902c-5b85-4487-a0df-afe572964363,2026-07-17T03:15:00Z,2026-07-17T05:15:00+0200,151.2,EUR/MWh,DE,DE_LU,day_ahead_price,value,2026-07-18T09:44:31Z
2026-07-18T09:43:03Z,2026-07-18T11:43:03+0200,c4e0902c-5b85-4487-a0df-afe572964363,2026-07-17T03:30:00Z,2026-07-17T05:30:00+0200,153.03,EUR/MWh,DE,DE_LU,day_ahead_price,value,2026-07-18T09:44:31Z
2026-07-18T09:43:03Z,2026-07-18T11:43:03+0200,c4e0902c-5b85-4487-a0df-afe572964363,2026-07-17T03:45:00Z,2026-07-17T05:45:00+0200,158.8,EUR/MWh,DE,DE_LU,day_ahead_price,value,2026-07-18T09:44:31Z
2026-07-18T09:43:03Z,2026-07-18T11:43:03+0200,c4e0902c-5b85-4487-a0df-afe572964363,2026-07-17T04:00:00Z,2026-07-17T06:00:00+0200,162.67,EUR/MWh,DE,DE_LU,day_ahead_price,value,2026-07-18T09:44:31Z
2026-07-18T09:43:03Z,2026-07-18T11:43:03+0200,c4e0902c-5b85-4487-a0df-afe572964363,2026-07-17T04:15:00Z,2026-07-17T06:15:00+0200,168.5,EUR/MWh,DE,DE_LU,day_ahead_price,value,2026-07-18T09:44:31Z
2026-07-18T09:43:03Z,2026-07-18T11:43:03+0200,c4e0902c-5b85-4487-a0df-afe572964363,2026-07-17T04:30:00Z,2026-07-17T06:30:00+0200,167.88,EUR/MWh,DE,DE_LU,day_ahead_price,value,2026-07-18T09:44:31Z
2026-07-18T09:43:03Z,2026-07-18T11:43:03+0200,c4e0902c-5b85-4487-a0df-afe572964363,2026-07-17T04:45:00Z,2026-07-17T06:45:00+0200,161.39,EUR/MWh,DE,DE_LU,day_ahead_price,value,2026-07-18T09:44:31Z
2026-07-18T09:43:03Z,2026-07-18T11:43:03+0200,c4e0902c-5b85-4487-a0df-afe572964363,2026-07-17T05:00:00Z,2026-07-17T07:00:00+0200,176.95,EUR/MWh,DE,DE_LU,day_ahead_price,value,2026-07-18T09:44:31Z
2026-07-18T09:43:03Z,2026-07-18T11:43:03+0200,c4e0902c-5b85-4487-a0df-afe572964363,2026-07-17T05:15:00Z,2026-07-17T07:15:00+0200,171.42,EUR/MWh,DE,DE_LU,day_ahead_price,value,2026-07-18T09:44:31Z
2026-07-18T09:43:03Z,2026-07-18T11:43:03+0200,c4e0902c-5b85-4487-a0df-afe572964363,2026-07-17T05:30:00Z,2026-07-17T07:30:00+0200,163.68,EUR/MWh,DE,DE_LU,day_ahead_price,value,2026-07-18T09:44:31Z
2026-07-18T09:43:03Z,2026-07-18T11:43:03+0200,c4e0902c-5b85-4487-a0df-afe572964363,2026-07-17T05:45:00Z,2026-07-17T07:45:00+0200,150.96,EUR/MWh,DE,DE_LU,day_ahead_price,value,2026-07-18T09:44:31Z
2026-07-18T09:43:03Z,2026-07-18T11:43:03+0200,c4e0902c-5b85-4487-a0df-afe572964363,2026-07-17T06:00:00Z,2026-07-17T08:00:00+0200,174.77,EUR/MWh,DE,DE_LU,day_ahead_price,value,2026-07-18T09:44:31Z
2026-07-18T09:43:03Z,2026-07-18T11:43:03+0200,c4e0902c-5b85-4487-a0df-afe572964363,2026-07-17T06:15:00Z,2026-07-17T08:15:00+0200,165.12,EUR/MWh,DE,DE_LU,day_ahead_price,value,2026-07-18T09:44:31Z
2026-07-18T09:43:03Z,2026-07-18T11:43:03+0200,c4e0902c-5b85-4487-a0df-afe572964363,2026-07-17T06:30:00Z,2026-07-17T08:30:00+0200,154.73,EUR/MWh,DE,DE_LU,day_ahead_price,value,2026-07-18T09:44:31Z
2026-07-18T09:43:03Z,2026-07-18T11:43:03+0200,c4e0902c-5b85-4487-a0df-afe572964363,2026-07-17T06:45:00Z,2026-07-17T08:45:00+0200,133.8,EUR/MWh,DE,DE_LU,day_ahead_price,value,2026-07-18T09:44:31Z
2026-07-18T09:43:03Z,2026-07-18T11:43:03+0200,c4e0902c-5b85-4487-a0df-afe572964363,2026-07-17T07:00:00Z,2026-07-17T09:00:00+0200,150.0,EUR/MWh,DE,DE_LU,day_ahead_price,value,2026-07-18T09:44:31Z
2026-07-18T09:43:03Z,2026-07-18T11:43:03+0200,c4e0902c-5b85-4487-a0df-afe572964363,2026-07-17T07:15:00Z,2026-07-17T09:15:00+0200,138.62,EUR/MWh,DE,DE_LU,day_ahead_price,value,2026-07-18T09:44:31Z
2026-07-18T09:43:03Z,2026-07-18T11:43:03+0200,c4e0902c-5b85-4487-a0df-afe572964363,2026-07-17T07:30:00Z,2026-07-17T09:30:00+0200,134.25,EUR/MWh,DE,DE_LU,day_ahead_price,value,2026-07-18T09:44:31Z
2026-07-18T09:43:03Z,2026-07-18T11:43:03+0200,c4e0902c-5b85-4487-a0df-afe572964363,2026-07-17T07:45:00Z,2026-07-17T09:45:00+0200,118.81,EUR/MWh,DE,DE_LU,day_ahead_price,value,2026-07-18T09:44:31Z
2026-07-18T09:43:03Z,2026-07-18T11:43:03+0200,c4e0902c-5b85-4487-a0df-afe572964363,2026-07-17T08:00:00Z,2026-07-17T10:00:00+0200,148.62,EUR/MWh,DE,DE_LU,day_ahead_price,value,2026-07-18T09:44:31Z
2026-07-18T09:43:03Z,2026-07-18T11:43:03+0200,c4e0902c-5b85-4487-a0df-afe572964363,2026-07-17T08:15:00Z,2026-07-17T10:15:00+0200,130.95,EUR/MWh,DE,DE_LU,day_ahead_price,value,2026-07-18T09:44:31Z
2026-07-18T09:43:03Z,2026-07-18T11:43:03+0200,c4e0902c-5b85-4487-a0df-afe572964363,2026-07-17T08:30:00Z,2026-07-17T10:30:00+0200,118.61,EUR/MWh,DE,DE_LU,day_ahead_price,value,2026-07-18T09:44:31Z
2026-07-18T09:43:03Z,2026-07-18T11:43:03+0200,c4e0902c-5b85-4487-a0df-afe572964363,2026-07-17T08:45:00Z,2026-07-17T10:45:00+0200,111.63,EUR/MWh,DE,DE_LU,day_ahead_price,value,2026-07-18T09:44:31Z
2026-07-18T09:43:03Z,2026-07-18T11:43:03+0200,c4e0902c-5b85-4487-a0df-afe572964363,2026-07-17T09:00:00Z,2026-07-17T11:00:00+0200,120.7,EUR/MWh,DE,DE_LU,day_ahead_price,value,2026-07-18T09:44:31Z
2026-07-18T09:43:03Z,2026-07-18T11:43:03+0200,c4e0902c-5b85-4487-a0df-afe572964363,2026-07-17T09:15:00Z,2026-07-17T11:15:00+0200,112.02,EUR/MWh,DE,DE_LU,day_ahead_price,value,2026-07-18T09:44:31Z
2026-07-18T09:43:03Z,2026-07-18T11:43:03+0200,c4e0902c-5b85-4487-a0df-afe572964363,2026-07-17T09:30:00Z,2026-07-17T11:30:00+0200,111.61,EUR/MWh,DE,DE_LU,day_ahead_price,value,2026-07-18T09:44:31Z
2026-07-18T09:43:03Z,2026-07-18T11:43:03+0200,c4e0902c-5b85-4487-a0df-afe572964363,2026-07-17T09:45:00Z,2026-07-17T11:45:00+0200,110.8,EUR/MWh,DE,DE_LU,day_ahead_price,value,2026-07-18T09:44:31Z
2026-07-18T09:43:03Z,2026-07-18T11:43:03+0200,c4e0902c-5b85-4487-a0df-afe572964363,2026-07-17T10:00:00Z,2026-07-17T12:00:00+0200,112.25,EUR/MWh,DE,DE_LU,day_ahead_price,value,2026-07-18T09:44:31Z
2026-07-18T09:43:03Z,2026-07-18T11:43:03+0200,c4e0902c-5b85-4487-a0df-afe572964363,2026-07-17T10:15:00Z,2026-07-17T12:15:00+0200,105.0,EUR/MWh,DE,DE_LU,day_ahead_price,value,2026-07-18T09:44:31Z
2026-07-18T09:43:03Z,2026-07-18T11:43:03+0200,c4e0902c-5b85-4487-a0df-afe572964363,2026-07-17T10:30:00Z,2026-07-17T12:30:00+0200,100.0,EUR/MWh,DE,DE_LU,day_ahead_price,value,2026-07-18T09:44:31Z
2026-07-18T09:43:03Z,2026-07-18T11:43:03+0200,c4e0902c-5b85-4487-a0df-afe572964363,2026-07-17T10:45:00Z,2026-07-17T12:45:00+0200,98.3,EUR/MWh,DE,DE_LU,day_ahead_price,value,2026-07-18T09:44:31Z
2026-07-18T09:43:03Z,2026-07-18T11:43:03+0200,c4e0902c-5b85-4487-a0df-afe572964363,2026-07-17T11:00:00Z,2026-07-17T13:00:00+0200,98.96,EUR/MWh,DE,DE_LU,day_ahead_price,value,2026-07-18T09:44:31Z
2026-07-18T09:43:03Z,2026-07-18T11:43:03+0200,c4e0902c-5b85-4487-a0df-afe572964363,2026-07-17T11:15:00Z,2026-07-17T13:15:00+0200,98.35,EUR/MWh,DE,DE_LU,day_ahead_price,value,2026-07-18T09:44:31Z
2026-07-18T09:43:03Z,2026-07-18T11:43:03+0200,c4e0902c-5b85-4487-a0df-afe572964363,2026-07-17T11:30:00Z,2026-07-17T13:30:00+0200,97.81,EUR/MWh,DE,DE_LU,day_ahead_price,value,2026-07-18T09:44:31Z
2026-07-18T09:43:03Z,2026-07-18T11:43:03+0200,c4e0902c-5b85-4487-a0df-afe572964363,2026-07-17T11:45:00Z,2026-07-17T13:45:00+0200,97.68,EUR/MWh,DE,DE_LU,day_ahead_price,value,2026-07-18T09:44:31Z
2026-07-18T09:43:03Z,2026-07-18T11:43:03+0200,c4e0902c-5b85-4487-a0df-afe572964363,2026-07-17T12:00:00Z,2026-07-17T14:00:00+0200,97.94,EUR/MWh,DE,DE_LU,day_ahead_price,value,2026-07-18T09:44:31Z
2026-07-18T09:43:03Z,2026-07-18T11:43:03+0200,c4e0902c-5b85-4487-a0df-afe572964363,2026-07-17T12:15:00Z,2026-07-17T14:15:00+0200,98.09,EUR/MWh,DE,DE_LU,day_ahead_price,value,2026-07-18T09:44:31Z
2026-07-18T09:43:03Z,2026-07-18T11:43:03+0200,c4e0902c-5b85-4487-a0df-afe572964363,2026-07-17T12:30:00Z,2026-07-17T14:30:00+0200,98.41,EUR/MWh,DE,DE_LU,day_ahead_price,value,2026-07-18T09:44:31Z
2026-07-18T09:43:03Z,2026-07-18T11:43:03+0200,c4e0902c-5b85-4487-a0df-afe572964363,2026-07-17T12:45:00Z,2026-07-17T14:45:00+0200,99.27,EUR/MWh,DE,DE_LU,day_ahead_price,value,2026-07-18T09:44:31Z
2026-07-18T09:43:03Z,2026-07-18T11:43:03+0200,c4e0902c-5b85-4487-a0df-afe572964363,2026-07-17T13:00:00Z,2026-07-17T15:00:00+0200,99.7,EUR/MWh,DE,DE_LU,day_ahead_price,value,2026-07-18T09:44:31Z
2026-07-18T09:43:03Z,2026-07-18T11:43:03+0200,c4e0902c-5b85-4487-a0df-afe572964363,2026-07-17T13:15:00Z,2026-07-17T15:15:00+0200,105.3,EUR/MWh,DE,DE_LU,day_ahead_price,value,2026-07-18T09:44:31Z
2026-07-18T09:43:03Z,2026-07-18T11:43:03+0200,c4e0902c-5b85-4487-a0df-afe572964363,2026-07-17T13:30:00Z,2026-07-17T15:30:00+0200,108.98,EUR/MWh,DE,DE_LU,day_ahead_price,value,2026-07-18T09:44:31Z
2026-07-18T09:43:03Z,2026-07-18T11:43:03+0200,c4e0902c-5b85-4487-a0df-afe572964363,2026-07-17T13:45:00Z,2026-07-17T15:45:00+0200,109.94,EUR/MWh,DE,DE_LU,day_ahead_price,value,2026-07-18T09:44:31Z
2026-07-18T09:43:03Z,2026-07-18T11:43:03+0200,c4e0902c-5b85-4487-a0df-afe572964363,2026-07-17T14:00:00Z,2026-07-17T16:00:00+0200,105.0,EUR/MWh,DE,DE_LU,day_ahead_price,value,2026-07-18T09:44:31Z
2026-07-18T09:43:03Z,2026-07-18T11:43:03+0200,c4e0902c-5b85-4487-a0df-afe572964363,2026-07-17T14:15:00Z,2026-07-17T16:15:00+0200,111.5,EUR/MWh,DE,DE_LU,day_ahead_price,value,2026-07-18T09:44:31Z
2026-07-18T09:43:03Z,2026-07-18T11:43:03+0200,c4e0902c-5b85-4487-a0df-afe572964363,2026-07-17T14:30:00Z,2026-07-17T16:30:00+0200,116.86,EUR/MWh,DE,DE_LU,day_ahead_price,value,2026-07-18T09:44:31Z
2026-07-18T09:43:03Z,2026-07-18T11:43:03+0200,c4e0902c-5b85-4487-a0df-afe572964363,2026-07-17T14:45:00Z,2026-07-17T16:45:00+0200,125.44,EUR/MWh,DE,DE_LU,day_ahead_price,value,2026-07-18T09:44:31Z
2026-07-18T09:43:03Z,2026-07-18T11:43:03+0200,c4e0902c-5b85-4487-a0df-afe572964363,2026-07-17T15:00:00Z,2026-07-17T17:00:00+0200,114.66,EUR/MWh,DE,DE_LU,day_ahead_price,value,2026-07-18T09:44:31Z
2026-07-18T09:43:03Z,2026-07-18T11:43:03+0200,c4e0902c-5b85-4487-a0df-afe572964363,2026-07-17T15:15:00Z,2026-07-17T17:15:00+0200,122.57,EUR/MWh,DE,DE_LU,day_ahead_price,value,2026-07-18T09:44:31Z
2026-07-18T09:43:03Z,2026-07-18T11:43:03+0200,c4e0902c-5b85-4487-a0df-afe572964363,2026-07-17T15:30:00Z,2026-07-17T17:30:00+0200,130.51,EUR/MWh,DE,DE_LU,day_ahead_price,value,2026-07-18T09:44:31Z
2026-07-18T09:43:03Z,2026-07-18T11:43:03+0200,c4e0902c-5b85-4487-a0df-afe572964363,2026-07-17T15:45:00Z,2026-07-17T17:45:00+0200,141.96,EUR/MWh,DE,DE_LU,day_ahead_price,value,2026-07-18T09:44:31Z
2026-07-18T09:43:03Z,2026-07-18T11:43:03+0200,c4e0902c-5b85-4487-a0df-afe572964363,2026-07-17T16:00:00Z,2026-07-17T18:00:00+0200,122.92,EUR/MWh,DE,DE_LU,day_ahead_price,value,2026-07-18T09:44:31Z
2026-07-18T09:43:03Z,2026-07-18T11:43:03+0200,c4e0902c-5b85-4487-a0df-afe572964363,2026-07-17T16:15:00Z,2026-07-17T18:15:00+0200,137.9,EUR/MWh,DE,DE_LU,day_ahead_price,value,2026-07-18T09:44:31Z
2026-07-18T09:43:03Z,2026-07-18T11:43:03+0200,c4e0902c-5b85-4487-a0df-afe572964363,2026-07-17T16:30:00Z,2026-07-17T18:30:00+0200,141.12,EUR/MWh,DE,DE_LU,day_ahead_price,value,2026-07-18T09:44:31Z
2026-07-18T09:43:03Z,2026-07-18T11:43:03+0200,c4e0902c-5b85-4487-a0df-afe572964363,2026-07-17T16:45:00Z,2026-07-17T18:45:00+0200,148.38,EUR/MWh,DE,DE_LU,day_ahead_price,value,2026-07-18T09:44:31Z
2026-07-18T09:43:03Z,2026-07-18T11:43:03+0200,c4e0902c-5b85-4487-a0df-afe572964363,2026-07-17T17:00:00Z,2026-07-17T19:00:00+0200,144.82,EUR/MWh,DE,DE_LU,day_ahead_price,value,2026-07-18T09:44:31Z
2026-07-18T09:43:03Z,2026-07-18T11:43:03+0200,c4e0902c-5b85-4487-a0df-afe572964363,2026-07-17T17:15:00Z,2026-07-17T19:15:00+0200,152.97,EUR/MWh,DE,DE_LU,day_ahead_price,value,2026-07-18T09:44:31Z
2026-07-18T09:43:03Z,2026-07-18T11:43:03+0200,c4e0902c-5b85-4487-a0df-afe572964363,2026-07-17T17:30:00Z,2026-07-17T19:30:00+0200,151.79,EUR/MWh,DE,DE_LU,day_ahead_price,value,2026-07-18T09:44:31Z
2026-07-18T09:43:03Z,2026-07-18T11:43:03+0200,c4e0902c-5b85-4487-a0df-afe572964363,2026-07-17T17:45:00Z,2026-07-17T19:45:00+0200,154.55,EUR/MWh,DE,DE_LU,day_ahead_price,value,2026-07-18T09:44:31Z
2026-07-18T09:43:03Z,2026-07-18T11:43:03+0200,c4e0902c-5b85-4487-a0df-afe572964363,2026-07-17T18:00:00Z,2026-07-17T20:00:00+0200,148.35,EUR/MWh,DE,DE_LU,day_ahead_price,value,2026-07-18T09:44:31Z
2026-07-18T09:43:03Z,2026-07-18T11:43:03+0200,c4e0902c-5b85-4487-a0df-afe572964363,2026-07-17T18:15:00Z,2026-07-17T20:15:00+0200,155.75,EUR/MWh,DE,DE_LU,day_ahead_price,value,2026-07-18T09:44:31Z
2026-07-18T09:43:03Z,2026-07-18T11:43:03+0200,c4e0902c-5b85-4487-a0df-afe572964363,2026-07-17T18:30:00Z,2026-07-17T20:30:00+0200,161.92,EUR/MWh,DE,DE_LU,day_ahead_price,value,2026-07-18T09:44:31Z
2026-07-18T09:43:03Z,2026-07-18T11:43:03+0200,c4e0902c-5b85-4487-a0df-afe572964363,2026-07-17T18:45:00Z,2026-07-17T20:45:00+0200,170.24,EUR/MWh,DE,DE_LU,day_ahead_price,value,2026-07-18T09:44:31Z
2026-07-18T09:43:03Z,2026-07-18T11:43:03+0200,c4e0902c-5b85-4487-a0df-afe572964363,2026-07-17T19:00:00Z,2026-07-17T21:00:00+0200,165.0,EUR/MWh,DE,DE_LU,day_ahead_price,value,2026-07-18T09:44:31Z
2026-07-18T09:43:03Z,2026-07-18T11:43:03+0200,c4e0902c-5b85-4487-a0df-afe572964363,2026-07-17T19:15:00Z,2026-07-17T21:15:00+0200,165.36,EUR/MWh,DE,DE_LU,day_ahead_price,value,2026-07-18T09:44:31Z
2026-07-18T09:43:03Z,2026-07-18T11:43:03+0200,c4e0902c-5b85-4487-a0df-afe572964363,2026-07-17T19:30:00Z,2026-07-17T21:30:00+0200,168.84,EUR/MWh,DE,DE_LU,day_ahead_price,value,2026-07-18T09:44:31Z
2026-07-18T09:43:03Z,2026-07-18T11:43:03+0200,c4e0902c-5b85-4487-a0df-afe572964363,2026-07-17T19:45:00Z,2026-07-17T21:45:00+0200,168.25,EUR/MWh,DE,DE_LU,day_ahead_price,value,2026-07-18T09:44:31Z
2026-07-18T09:43:03Z,2026-07-18T11:43:03+0200,c4e0902c-5b85-4487-a0df-afe572964363,2026-07-17T20:00:00Z,2026-07-17T22:00:00+0200,168.71,EUR/MWh,DE,DE_LU,day_ahead_price,value,2026-07-18T09:44:31Z
2026-07-18T09:43:03Z,2026-07-18T11:43:03+0200,c4e0902c-5b85-4487-a0df-afe572964363,2026-07-17T20:15:00Z,2026-07-17T22:15:00+0200,165.47,EUR/MWh,DE,DE_LU,day_ahead_price,value,2026-07-18T09:44:31Z
2026-07-18T09:43:03Z,2026-07-18T11:43:03+0200,c4e0902c-5b85-4487-a0df-afe572964363,2026-07-17T20:30:00Z,2026-07-17T22:30:00+0200,164.55,EUR/MWh,DE,DE_LU,day_ahead_price,value,2026-07-18T09:44:31Z
2026-07-18T09:43:03Z,2026-07-18T11:43:03+0200,c4e0902c-5b85-4487-a0df-afe572964363,2026-07-17T20:45:00Z,2026-07-17T22:45:00+0200,159.97,EUR/MWh,DE,DE_LU,day_ahead_price,value,2026-07-18T09:44:31Z
2026-07-18T09:43:03Z,2026-07-18T11:43:03+0200,c4e0902c-5b85-4487-a0df-afe572964363,2026-07-17T21:00:00Z,2026-07-17T23:00:00+0200,162.97,EUR/MWh,DE,DE_LU,day_ahead_price,value,2026-07-18T09:44:31Z
2026-07-18T09:43:03Z,2026-07-18T11:43:03+0200,c4e0902c-5b85-4487-a0df-afe572964363,2026-07-17T21:15:00Z,2026-07-17T23:15:00+0200,160.71,EUR/MWh,DE,DE_LU,day_ahead_price,value,2026-07-18T09:44:31Z
2026-07-18T09:43:03Z,2026-07-18T11:43:03+0200,c4e0902c-5b85-4487-a0df-afe572964363,2026-07-17T21:30:00Z,2026-07-17T23:30:00+0200,159.04,EUR/MWh,DE,DE_LU,day_ahead_price,value,2026-07-18T09:44:31Z
2026-07-18T09:43:03Z,2026-07-18T11:43:03+0200,c4e0902c-5b85-4487-a0df-afe572964363,2026-07-17T21:45:00Z,2026-07-17T23:45:00+0200,150.48,EUR/MWh,DE,DE_LU,day_ahead_price,value,2026-07-18T09:44:31Z
2026-07-18T09:43:03Z,2026-07-18T11:43:03+0200,c4e0902c-5b85-4487-a0df-afe572964363,2026-07-17T22:00:00Z,2026-07-18T00:00:00+0200,168.41,EUR/MWh,DE,DE_LU,day_ahead_price,value,2026-07-18T09:44:31Z
2026-07-18T09:43:03Z,2026-07-18T11:43:03+0200,c4e0902c-5b85-4487-a0df-afe572964363,2026-07-17T22:15:00Z,2026-07-18T00:15:00+0200,160.15,EUR/MWh,DE,DE_LU,day_ahead_price,value,2026-07-18T09:44:31Z
2026-07-18T09:43:03Z,2026-07-18T11:43:03+0200,c4e0902c-5b85-4487-a0df-afe572964363,2026-07-17T22:30:00Z,2026-07-18T00:30:00+0200,151.24,EUR/MWh,DE,DE_LU,day_ahead_price,value,2026-07-18T09:44:31Z
2026-07-18T09:43:03Z,2026-07-18T11:43:03+0200,c4e0902c-5b85-4487-a0df-afe572964363,2026-07-17T22:45:00Z,2026-07-18T00:45:00+0200,145.0,EUR/MWh,DE,DE_LU,day_ahead_price,value,2026-07-18T09:44:31Z
2026-07-18T09:43:03Z,2026-07-18T11:43:03+0200,c4e0902c-5b85-4487-a0df-afe572964363,2026-07-17T23:00:00Z,2026-07-18T01:00:00+0200,152.94,EUR/MWh,DE,DE_LU,day_ahead_price,value,2026-07-18T09:44:31Z
2026-07-18T09:43:03Z,2026-07-18T11:43:03+0200,c4e0902c-5b85-4487-a0df-afe572964363,2026-07-17T23:15:00Z,2026-07-18T01:15:00+0200,146.81,EUR/MWh,DE,DE_LU,day_ahead_price,value,2026-07-18T09:44:31Z
2026-07-18T09:43:03Z,2026-07-18T11:43:03+0200,c4e0902c-5b85-4487-a0df-afe572964363,2026-07-17T23:30:00Z,2026-07-18T01:30:00+0200,143.38,EUR/MWh,DE,DE_LU,day_ahead_price,value,2026-07-18T09:44:31Z
2026-07-18T09:43:03Z,2026-07-18T11:43:03+0200,c4e0902c-5b85-4487-a0df-afe572964363,2026-07-17T23:45:00Z,2026-07-18T01:45:00+0200,138.39,EUR/MWh,DE,DE_LU,day_ahead_price,value,2026-07-18T09:44:31Z
2026-07-18T09:43:03Z,2026-07-18T11:43:03+0200,c4e0902c-5b85-4487-a0df-afe572964363,2026-07-18T00:00:00Z,2026-07-18T02:00:00+0200,146.13,EUR/MWh,DE,DE_LU,day_ahead_price,value,2026-07-18T09:44:31Z
2026-07-18T09:43:03Z,2026-07-18T11:43:03+0200,c4e0902c-5b85-4487-a0df-afe572964363,2026-07-18T00:15:00Z,2026-07-18T02:15:00+0200,142.61,EUR/MWh,DE,DE_LU,day_ahead_price,value,2026-07-18T09:44:31Z
2026-07-18T09:43:03Z,2026-07-18T11:43:03+0200,c4e0902c-5b85-4487-a0df-afe572964363,2026-07-18T00:30:00Z,2026-07-18T02:30:00+0200,139.09,EUR/MWh,DE,DE_LU,day_ahead_price,value,2026-07-18T09:44:31Z
2026-07-18T09:43:03Z,2026-07-18T11:43:03+0200,c4e0902c-5b85-4487-a0df-afe572964363,2026-07-18T00:45:00Z,2026-07-18T02:45:00+0200,140.17,EUR/MWh,DE,DE_LU,day_ahead_price,value,2026-07-18T09:44:31Z
2026-07-18T09:43:03Z,2026-07-18T11:43:03+0200,c4e0902c-5b85-4487-a0df-afe572964363,2026-07-18T01:00:00Z,2026-07-18T03:00:00+0200,137.21,EUR/MWh,DE,DE_LU,day_ahead_price,value,2026-07-18T09:44:31Z
2026-07-18T09:43:03Z,2026-07-18T11:43:03+0200,c4e0902c-5b85-4487-a0df-afe572964363,2026-07-18T01:15:00Z,2026-07-18T03:15:00+0200,135.55,EUR/MWh,DE,DE_LU,day_ahead_price,value,2026-07-18T09:44:31Z
2026-07-18T09:43:03Z,2026-07-18T11:43:03+0200,c4e0902c-5b85-4487-a0df-afe572964363,2026-07-18T01:30:00Z,2026-07-18T03:30:00+0200,135.0,EUR/MWh,DE,DE_LU,day_ahead_price,value,2026-07-18T09:44:31Z
2026-07-18T09:43:03Z,2026-07-18T11:43:03+0200,c4e0902c-5b85-4487-a0df-afe572964363,2026-07-18T01:45:00Z,2026-07-18T03:45:00+0200,133.44,EUR/MWh,DE,DE_LU,day_ahead_price,value,2026-07-18T09:44:31Z
2026-07-18T09:43:03Z,2026-07-18T11:43:03+0200,c4e0902c-5b85-4487-a0df-afe572964363,2026-07-18T02:00:00Z,2026-07-18T04:00:00+0200,137.22,EUR/MWh,DE,DE_LU,day_ahead_price,value,2026-07-18T09:44:31Z
2026-07-18T09:43:03Z,2026-07-18T11:43:03+0200,c4e0902c-5b85-4487-a0df-afe572964363,2026-07-18T02:15:00Z,2026-07-18T04:15:00+0200,136.92,EUR/MWh,DE,DE_LU,day_ahead_price,value,2026-07-18T09:44:31Z
2026-07-18T09:43:03Z,2026-07-18T11:43:03+0200,c4e0902c-5b85-4487-a0df-afe572964363,2026-07-18T02:30:00Z,2026-07-18T04:30:00+0200,134.72,EUR/MWh,DE,DE_LU,day_ahead_price,value,2026-07-18T09:44:31Z
2026-07-18T09:43:03Z,2026-07-18T11:43:03+0200,c4e0902c-5b85-4487-a0df-afe572964363,2026-07-18T02:45:00Z,2026-07-18T04:45:00+0200,130.38,EUR/MWh,DE,DE_LU,day_ahead_price,value,2026-07-18T09:44:31Z
2026-07-18T09:43:03Z,2026-07-18T11:43:03+0200,c4e0902c-5b85-4487-a0df-afe572964363,2026-07-18T03:00:00Z,2026-07-18T05:00:00+0200,141.07,EUR/MWh,DE,DE_LU,day_ahead_price,value,2026-07-18T09:44:31Z
2026-07-18T09:43:03Z,2026-07-18T11:43:03+0200,c4e0902c-5b85-4487-a0df-afe572964363,2026-07-18T03:15:00Z,2026-07-18T05:15:00+0200,134.01,EUR/MWh,DE,DE_LU,day_ahead_price,value,2026-07-18T09:44:31Z
2026-07-18T09:43:03Z,2026-07-18T11:43:03+0200,c4e0902c-5b85-4487-a0df-afe572964363,2026-07-18T03:30:00Z,2026-07-18T05:30:00+0200,130.45,EUR/MWh,DE,DE_LU,day_ahead_price,value,2026-07-18T09:44:31Z
2026-07-18T09:43:03Z,2026-07-18T11:43:03+0200,c4e0902c-5b85-4487-a0df-afe572964363,2026-07-18T03:45:00Z,2026-07-18T05:45:00+0200,123.41,EUR/MWh,DE,DE_LU,day_ahead_price,value,2026-07-18T09:44:31Z
2026-07-18T09:43:03Z,2026-07-18T11:43:03+0200,c4e0902c-5b85-4487-a0df-afe572964363,2026-07-18T04:00:00Z,2026-07-18T06:00:00+0200,131.63,EUR/MWh,DE,DE_LU,day_ahead_price,value,2026-07-18T09:44:31Z
2026-07-18T09:43:03Z,2026-07-18T11:43:03+0200,c4e0902c-5b85-4487-a0df-afe572964363,2026-07-18T04:15:00Z,2026-07-18T06:15:00+0200,129.26,EUR/MWh,DE,DE_LU,day_ahead_price,value,2026-07-18T09:44:31Z
2026-07-18T09:43:03Z,2026-07-18T11:43:03+0200,c4e0902c-5b85-4487-a0df-afe572964363,2026-07-18T04:30:00Z,2026-07-18T06:30:00+0200,127.13,EUR/MWh,DE,DE_LU,day_ahead_price,value,2026-07-18T09:44:31Z
2026-07-18T09:43:03Z,2026-07-18T11:43:03+0200,c4e0902c-5b85-4487-a0df-afe572964363,2026-07-18T04:45:00Z,2026-07-18T06:45:00+0200,118.01,EUR/MWh,DE,DE_LU,day_ahead_price,value,2026-07-18T09:44:31Z
2026-07-18T09:43:03Z,2026-07-18T11:43:03+0200,c4e0902c-5b85-4487-a0df-afe572964363,2026-07-18T05:00:00Z,2026-07-18T07:00:00+0200,150.08,EUR/MWh,DE,DE_LU,day_ahead_price,value,2026-07-18T09:44:31Z
2026-07-18T09:43:03Z,2026-07-18T11:43:03+0200,c4e0902c-5b85-4487-a0df-afe572964363,2026-07-18T05:15:00Z,2026-07-18T07:15:00+0200,120.72,EUR/MWh,DE,DE_LU,day_ahead_price,value,2026-07-18T09:44:31Z
2026-07-18T09:43:03Z,2026-07-18T11:43:03+0200,c4e0902c-5b85-4487-a0df-afe572964363,2026-07-18T05:30:00Z,2026-07-18T07:30:00+0200,109.52,EUR/MWh,DE,DE_LU,day_ahead_price,value,2026-07-18T09:44:31Z
2026-07-18T09:43:03Z,2026-07-18T11:43:03+0200,c4e0902c-5b85-4487-a0df-afe572964363,2026-07-18T05:45:00Z,2026-07-18T07:45:00+0200,96.88,EUR/MWh,DE,DE_LU,day_ahead_price,value,2026-07-18T09:44:31Z
2026-07-18T09:43:03Z,2026-07-18T11:43:03+0200,c4e0902c-5b85-4487-a0df-afe572964363,2026-07-18T06:00:00Z,2026-07-18T08:00:00+0200,119.62,EUR/MWh,DE,DE_LU,day_ahead_price,value,2026-07-18T09:44:31Z
2026-07-18T09:43:03Z,2026-07-18T11:43:03+0200,c4e0902c-5b85-4487-a0df-afe572964363,2026-07-18T06:15:00Z,2026-07-18T08:15:00+0200,106.87,EUR/MWh,DE,DE_LU,day_ahead_price,value,2026-07-18T09:44:31Z
2026-07-18T09:43:03Z,2026-07-18T11:43:03+0200,c4e0902c-5b85-4487-a0df-afe572964363,2026-07-18T06:30:00Z,2026-07-18T08:30:00+0200,91.03,EUR/MWh,DE,DE_LU,day_ahead_price,value,2026-07-18T09:44:31Z
2026-07-18T09:43:03Z,2026-07-18T11:43:03+0200,c4e0902c-5b85-4487-a0df-afe572964363,2026-07-18T06:45:00Z,2026-07-18T08:45:00+0200,72.65,EUR/MWh,DE,DE_LU,day_ahead_price,value,2026-07-18T09:44:31Z
2026-07-18T09:43:03Z,2026-07-18T11:43:03+0200,c4e0902c-5b85-4487-a0df-afe572964363,2026-07-18T07:00:00Z,2026-07-18T09:00:00+0200,82.67,EUR/MWh,DE,DE_LU,day_ahead_price,value,2026-07-18T09:44:31Z
2026-07-18T09:43:03Z,2026-07-18T11:43:03+0200,c4e0902c-5b85-4487-a0df-afe572964363,2026-07-18T07:15:00Z,2026-07-18T09:15:00+0200,58.07,EUR/MWh,DE,DE_LU,day_ahead_price,value,2026-07-18T09:44:31Z
2026-07-18T09:43:03Z,2026-07-18T11:43:03+0200,c4e0902c-5b85-4487-a0df-afe572964363,2026-07-18T07:30:00Z,2026-07-18T09:30:00+0200,27.97,EUR/MWh,DE,DE_LU,day_ahead_price,value,2026-07-18T09:44:31Z
2026-07-18T09:43:03Z,2026-07-18T11:43:03+0200,c4e0902c-5b85-4487-a0df-afe572964363,2026-07-18T07:45:00Z,2026-07-18T09:45:00+0200,11.0,EUR/MWh,DE,DE_LU,day_ahead_price,value,2026-07-18T09:44:31Z
2026-07-18T09:43:03Z,2026-07-18T11:43:03+0200,c4e0902c-5b85-4487-a0df-afe572964363,2026-07-18T08:00:00Z,2026-07-18T10:00:00+0200,21.82,EUR/MWh,DE,DE_LU,day_ahead_price,value,2026-07-18T09:44:31Z
2026-07-18T09:43:03Z,2026-07-18T11:43:03+0200,c4e0902c-5b85-4487-a0df-afe572964363,2026-07-18T08:15:00Z,2026-07-18T10:15:00+0200,11.96,EUR/MWh,DE,DE_LU,day_ahead_price,value,2026-07-18T09:44:31Z
2026-07-18T09:43:03Z,2026-07-18T11:43:03+0200,c4e0902c-5b85-4487-a0df-afe572964363,2026-07-18T08:30:00Z,2026-07-18T10:30:00+0200,4.99,EUR/MWh,DE,DE_LU,day_ahead_price,value,2026-07-18T09:44:31Z
2026-07-18T09:43:03Z,2026-07-18T11:43:03+0200,c4e0902c-5b85-4487-a0df-afe572964363,2026-07-18T08:45:00Z,2026-07-18T10:45:00+0200,1.1,EUR/MWh,DE,DE_LU,day_ahead_price,value,2026-07-18T09:44:31Z
2026-07-18T09:43:03Z,2026-07-18T11:43:03+0200,c4e0902c-5b85-4487-a0df-afe572964363,2026-07-18T09:00:00Z,2026-07-18T11:00:00+0200,0.06,EUR/MWh,DE,DE_LU,day_ahead_price,value,2026-07-18T09:44:31Z
2026-07-18T09:43:03Z,2026-07-18T11:43:03+0200,c4e0902c-5b85-4487-a0df-afe572964363,2026-07-18T09:15:00Z,2026-07-18T11:15:00+0200,0.0,EUR/MWh,DE,DE_LU,day_ahead_price,value,2026-07-18T09:44:31Z
2026-07-18T09:43:03Z,2026-07-18T11:43:03+0200,c4e0902c-5b85-4487-a0df-afe572964363,2026-07-18T09:30:00Z,2026-07-18T11:30:00+0200,-0.01,EUR/MWh,DE,DE_LU,day_ahead_price,value,2026-07-18T09:44:31Z
2026-07-18T09:43:03Z,2026-07-18T11:43:03+0200,c4e0902c-5b85-4487-a0df-afe572964363,2026-07-18T09:45:00Z,2026-07-18T11:45:00+0200,-0.07,EUR/MWh,DE,DE_LU,day_ahead_price,value,2026-07-18T09:44:31Z
