collection_time_utc,collection_time_local,run_id,timestamp_utc,timestamp_local,value,unit,country,entsoe_area,variable,source,updated_at_utc
2026-08-26T15:27:09Z,2026-08-26T17:27:09+0200,ec44fe02-3364-422b-92bd-0daf191e06d6,2026-07-26T16:00:00Z,2026-07-26T18:00:00+0200,5042.035,MW,DE,DE_LU,actual_offshore_wind_generation,Wind Offshore,2026-08-26T15:33:13Z
2026-08-26T15:27:09Z,2026-08-26T17:27:09+0200,ec44fe02-3364-422b-92bd-0daf191e06d6,2026-07-26T16:15:00Z,2026-07-26T18:15:00+0200,4640.187,MW,DE,DE_LU,actual_offshore_wind_generation,Wind Offshore,2026-08-26T15:33:13Z
2026-08-26T15:27:09Z,2026-08-26T17:27:09+0200,ec44fe02-3364-422b-92bd-0daf191e06d6,2026-07-26T16:30:00Z,2026-07-26T18:30:00+0200,4387.233,MW,DE,DE_LU,actual_offshore_wind_generation,Wind Offshore,2026-08-26T15:33:13Z
2026-08-26T15:27:09Z,2026-08-26T17:27:09+0200,ec44fe02-3364-422b-92bd-0daf191e06d6,2026-07-26T16:45:00Z,2026-07-26T18:45:00+0200,4271.243,MW,DE,DE_LU,actual_offshore_wind_generation,Wind Offshore,2026-08-26T15:33:13Z
2026-08-26T15:27:09Z,2026-08-26T17:27:09+0200,ec44fe02-3364-422b-92bd-0daf191e06d6,2026-07-26T17:00:00Z,2026-07-26T19:00:00+0200,4621.089,MW,DE,DE_LU,actual_offshore_wind_generation,Wind Offshore,2026-08-26T15:33:13Z
2026-08-26T15:27:09Z,2026-08-26T17:27:09+0200,ec44fe02-3364-422b-92bd-0daf191e06d6,2026-07-26T17:15:00Z,2026-07-26T19:15:00+0200,4735.608,MW,DE,DE_LU,actual_offshore_wind_generation,Wind Offshore,2026-08-26T15:33:13Z
2026-08-26T15:27:09Z,2026-08-26T17:27:09+0200,ec44fe02-3364-422b-92bd-0daf191e06d6,2026-07-26T17:30:00Z,2026-07-26T19:30:00+0200,4850.398,MW,DE,DE_LU,actual_offshore_wind_generation,Wind Offshore,2026-08-26T15:33:13Z
2026-08-26T15:27:09Z,2026-08-26T17:27:09+0200,ec44fe02-3364-422b-92bd-0daf191e06d6,2026-07-26T17:45:00Z,2026-07-26T19:45:00+0200,4806.351,MW,DE,DE_LU,actual_offshore_wind_generation,Wind Offshore,2026-08-26T15:33:13Z
2026-08-26T15:27:09Z,2026-08-26T17:27:09+0200,ec44fe02-3364-422b-92bd-0daf191e06d6,2026-07-26T18:00:00Z,2026-07-26T20:00:00+0200,5051.209,MW,DE,DE_LU,actual_offshore_wind_generation,Wind Offshore,2026-08-26T15:33:13Z
2026-08-26T15:27:09Z,2026-08-26T17:27:09+0200,ec44fe02-3364-422b-92bd-0daf191e06d6,2026-07-26T18:15:00Z,2026-07-26T20:15:00+0200,5091.536,MW,DE,DE_LU,actual_offshore_wind_generation,Wind Offshore,2026-08-26T15:33:13Z
2026-08-26T15:27:09Z,2026-08-26T17:27:09+0200,ec44fe02-3364-422b-92bd-0daf191e06d6,2026-07-26T18:30:00Z,2026-07-26T20:30:00+0200,4957.584,MW,DE,DE_LU,actual_offshore_wind_generation,Wind Offshore,2026-08-26T15:33:13Z
2026-08-26T15:27:09Z,2026-08-26T17:27:09+0200,ec44fe02-3364-422b-92bd-0daf191e06d6,2026-07-26T18:45:00Z,2026-07-26T20:45:00+0200,4827.572,MW,DE,DE_LU,actual_offshore_wind_generation,Wind Offshore,2026-08-26T15:33:13Z
2026-08-26T15:27:09Z,2026-08-26T17:27:09+0200,ec44fe02-3364-422b-92bd-0daf191e06d6,2026-07-26T19:00:00Z,2026-07-26T21:00:00+0200,4889.861,MW,DE,DE_LU,actual_offshore_wind_generation,Wind Offshore,2026-08-26T15:33:13Z
2026-08-26T15:27:09Z,2026-08-26T17:27:09+0200,ec44fe02-3364-422b-92bd-0daf191e06d6,2026-07-26T19:15:00Z,2026-07-26T21:15:00+0200,4967.625,MW,DE,DE_LU,actual_offshore_wind_generation,Wind Offshore,2026-08-26T15:33:13Z
2026-08-26T15:27:09Z,2026-08-26T17:27:09+0200,ec44fe02-3364-422b-92bd-0daf191e06d6,2026-07-26T19:30:00Z,2026-07-26T21:30:00+0200,5294.305,MW,DE,DE_LU,actual_offshore_wind_generation,Wind Offshore,2026-08-26T15:33:13Z
2026-08-26T15:27:09Z,2026-08-26T17:27:09+0200,ec44fe02-3364-422b-92bd-0daf191e06d6,2026-07-26T19:45:00Z,2026-07-26T21:45:00+0200,5243.181,MW,DE,DE_LU,actual_offshore_wind_generation,Wind Offshore,2026-08-26T15:33:13Z
2026-08-26T15:27:09Z,2026-08-26T17:27:09+0200,ec44fe02-3364-422b-92bd-0daf191e06d6,2026-07-26T20:00:00Z,2026-07-26T22:00:00+0200,5340.191,MW,DE,DE_LU,actual_offshore_wind_generation,Wind Offshore,2026-08-26T15:33:13Z
2026-08-26T15:27:09Z,2026-08-26T17:27:09+0200,ec44fe02-3364-422b-92bd-0daf191e06d6,2026-07-26T20:15:00Z,2026-07-26T22:15:00+0200,5229.856,MW,DE,DE_LU,actual_offshore_wind_generation,Wind Offshore,2026-08-26T15:33:13Z
2026-08-26T15:27:09Z,2026-08-26T17:27:09+0200,ec44fe02-3364-422b-92bd-0daf191e06d6,2026-07-26T20:30:00Z,2026-07-26T22:30:00+0200,5117.25,MW,DE,DE_LU,actual_offshore_wind_generation,Wind Offshore,2026-08-26T15:33:13Z
2026-08-26T15:27:09Z,2026-08-26T17:27:09+0200,ec44fe02-3364-422b-92bd-0daf191e06d6,2026-07-26T20:45:00Z,2026-07-26T22:45:00+0200,5285.391,MW,DE,DE_LU,actual_offshore_wind_generation,Wind Offshore,2026-08-26T15:33:13Z
2026-08-26T15:27:09Z,2026-08-26T17:27:09+0200,ec44fe02-3364-422b-92bd-0daf191e06d6,2026-07-26T21:00:00Z,2026-07-26T23:00:00+0200,5504.871,MW,DE,DE_LU,actual_offshore_wind_generation,Wind Offshore,2026-08-26T15:33:13Z
2026-08-26T15:27:09Z,2026-08-26T17:27:09+0200,ec44fe02-3364-422b-92bd-0daf191e06d6,2026-07-26T21:15:00Z,2026-07-26T23:15:00+0200,5775.922,MW,DE,DE_LU,actual_offshore_wind_generation,Wind Offshore,2026-08-26T15:33:13Z
2026-08-26T15:27:09Z,2026-08-26T17:27:09+0200,ec44fe02-3364-422b-92bd-0daf191e06d6,2026-07-26T21:30:00Z,2026-07-26T23:30:00+0200,6080.394,MW,DE,DE_LU,actual_offshore_wind_generation,Wind Offshore,2026-08-26T15:33:13Z
2026-08-26T15:27:09Z,2026-08-26T17:27:09+0200,ec44fe02-3364-422b-92bd-0daf191e06d6,2026-07-26T21:45:00Z,2026-07-26T23:45:00+0200,6146.582,MW,DE,DE_LU,actual_offshore_wind_generation,Wind Offshore,2026-08-26T15:33:13Z
2026-08-26T15:27:09Z,2026-08-26T17:27:09+0200,ec44fe02-3364-422b-92bd-0daf191e06d6,2026-07-26T22:00:00Z,2026-07-27T00:00:00+0200,6020.235,MW,DE,DE_LU,actual_offshore_wind_generation,Wind Offshore,2026-08-26T15:33:13Z
2026-08-26T15:27:09Z,2026-08-26T17:27:09+0200,ec44fe02-3364-422b-92bd-0daf191e06d6,2026-07-26T22:15:00Z,2026-07-27T00:15:00+0200,6206.812,MW,DE,DE_LU,actual_offshore_wind_generation,Wind Offshore,2026-08-26T15:33:13Z
2026-08-26T15:27:09Z,2026-08-26T17:27:09+0200,ec44fe02-3364-422b-92bd-0daf191e06d6,2026-07-26T22:30:00Z,2026-07-27T00:30:00+0200,6431.096,MW,DE,DE_LU,actual_offshore_wind_generation,Wind Offshore,2026-08-26T15:33:13Z
2026-08-26T15:27:09Z,2026-08-26T17:27:09+0200,ec44fe02-3364-422b-92bd-0daf191e06d6,2026-07-26T22:45:00Z,2026-07-27T00:45:00+0200,6449.785,MW,DE,DE_LU,actual_offshore_wind_generation,Wind Offshore,2026-08-26T15:33:13Z
2026-08-26T15:27:09Z,2026-08-26T17:27:09+0200,ec44fe02-3364-422b-92bd-0daf191e06d6,2026-07-26T23:00:00Z,2026-07-27T01:00:00+0200,6098.168,MW,DE,DE_LU,actual_offshore_wind_generation,Wind Offshore,2026-08-26T15:33:13Z
2026-08-26T15:27:09Z,2026-08-26T17:27:09+0200,ec44fe02-3364-422b-92bd-0daf191e06d6,2026-07-26T23:15:00Z,2026-07-27T01:15:00+0200,6341.206,MW,DE,DE_LU,actual_offshore_wind_generation,Wind Offshore,2026-08-26T15:33:13Z
2026-08-26T15:27:09Z,2026-08-26T17:27:09+0200,ec44fe02-3364-422b-92bd-0daf191e06d6,2026-07-26T23:30:00Z,2026-07-27T01:30:00+0200,6388.962,MW,DE,DE_LU,actual_offshore_wind_generation,Wind Offshore,2026-08-26T15:33:13Z
2026-08-26T15:27:09Z,2026-08-26T17:27:09+0200,ec44fe02-3364-422b-92bd-0daf191e06d6,2026-07-26T23:45:00Z,2026-07-27T01:45:00+0200,6471.324,MW,DE,DE_LU,actual_offshore_wind_generation,Wind Offshore,2026-08-26T15:33:13Z
2026-08-26T15:27:09Z,2026-08-26T17:27:09+0200,ec44fe02-3364-422b-92bd-0daf191e06d6,2026-07-27T00:00:00Z,2026-07-27T02:00:00+0200,6375.114,MW,DE,DE_LU,actual_offshore_wind_generation,Wind Offshore,2026-08-26T15:33:13Z
2026-08-26T15:27:09Z,2026-08-26T17:27:09+0200,ec44fe02-3364-422b-92bd-0daf191e06d6,2026-07-27T00:15:00Z,2026-07-27T02:15:00+0200,6331.36,MW,DE,DE_LU,actual_offshore_wind_generation,Wind Offshore,2026-08-26T15:33:13Z
2026-08-26T15:27:09Z,2026-08-26T17:27:09+0200,ec44fe02-3364-422b-92bd-0daf191e06d6,2026-07-27T00:30:00Z,2026-07-27T02:30:00+0200,6299.892,MW,DE,DE_LU,actual_offshore_wind_generation,Wind Offshore,2026-08-26T15:33:13Z
2026-08-26T15:27:09Z,2026-08-26T17:27:09+0200,ec44fe02-3364-422b-92bd-0daf191e06d6,2026-07-27T00:45:00Z,2026-07-27T02:45:00+0200,6238.362,MW,DE,DE_LU,actual_offshore_wind_generation,Wind Offshore,2026-08-26T15:33:13Z
2026-08-26T15:27:09Z,2026-08-26T17:27:09+0200,ec44fe02-3364-422b-92bd-0daf191e06d6,2026-07-27T01:00:00Z,2026-07-27T03:00:00+0200,6110.865,MW,DE,DE_LU,actual_offshore_wind_generation,Wind Offshore,2026-08-26T15:33:13Z
2026-08-26T15:27:09Z,2026-08-26T17:27:09+0200,ec44fe02-3364-422b-92bd-0daf191e06d6,2026-07-27T01:15:00Z,2026-07-27T03:15:00+0200,5976.181,MW,DE,DE_LU,actual_offshore_wind_generation,Wind Offshore,2026-08-26T15:33:13Z
2026-08-26T15:27:09Z,2026-08-26T17:27:09+0200,ec44fe02-3364-422b-92bd-0daf191e06d6,2026-07-27T01:30:00Z,2026-07-27T03:30:00+0200,5819.626,MW,DE,DE_LU,actual_offshore_wind_generation,Wind Offshore,2026-08-26T15:33:13Z
2026-08-26T15:27:09Z,2026-08-26T17:27:09+0200,ec44fe02-3364-422b-92bd-0daf191e06d6,2026-07-27T01:45:00Z,2026-07-27T03:45:00+0200,5758.265,MW,DE,DE_LU,actual_offshore_wind_generation,Wind Offshore,2026-08-26T15:33:13Z
2026-08-26T15:27:09Z,2026-08-26T17:27:09+0200,ec44fe02-3364-422b-92bd-0daf191e06d6,2026-07-27T02:00:00Z,2026-07-27T04:00:00+0200,5512.124,MW,DE,DE_LU,actual_offshore_wind_generation,Wind Offshore,2026-08-26T15:33:13Z
2026-08-26T15:27:09Z,2026-08-26T17:27:09+0200,ec44fe02-3364-422b-92bd-0daf191e06d6,2026-07-27T02:15:00Z,2026-07-27T04:15:00+0200,5352.572,MW,DE,DE_LU,actual_offshore_wind_generation,Wind Offshore,2026-08-26T15:33:13Z
2026-08-26T15:27:09Z,2026-08-26T17:27:09+0200,ec44fe02-3364-422b-92bd-0daf191e06d6,2026-07-27T02:30:00Z,2026-07-27T04:30:00+0200,5250.94,MW,DE,DE_LU,actual_offshore_wind_generation,Wind Offshore,2026-08-26T15:33:13Z
2026-08-26T15:27:09Z,2026-08-26T17:27:09+0200,ec44fe02-3364-422b-92bd-0daf191e06d6,2026-07-27T02:45:00Z,2026-07-27T04:45:00+0200,4980.486,MW,DE,DE_LU,actual_offshore_wind_generation,Wind Offshore,2026-08-26T15:33:13Z
2026-08-26T15:27:09Z,2026-08-26T17:27:09+0200,ec44fe02-3364-422b-92bd-0daf191e06d6,2026-07-27T03:00:00Z,2026-07-27T05:00:00+0200,5604.73,MW,DE,DE_LU,actual_offshore_wind_generation,Wind Offshore,2026-08-26T15:33:13Z
2026-08-26T15:27:09Z,2026-08-26T17:27:09+0200,ec44fe02-3364-422b-92bd-0daf191e06d6,2026-07-27T03:15:00Z,2026-07-27T05:15:00+0200,5626.373,MW,DE,DE_LU,actual_offshore_wind_generation,Wind Offshore,2026-08-26T15:33:13Z
2026-08-26T15:27:09Z,2026-08-26T17:27:09+0200,ec44fe02-3364-422b-92bd-0daf191e06d6,2026-07-27T03:30:00Z,2026-07-27T05:30:00+0200,5483.089,MW,DE,DE_LU,actual_offshore_wind_generation,Wind Offshore,2026-08-26T15:33:13Z
2026-08-26T15:27:09Z,2026-08-26T17:27:09+0200,ec44fe02-3364-422b-92bd-0daf191e06d6,2026-07-27T03:45:00Z,2026-07-27T05:45:00+0200,5256.889,MW,DE,DE_LU,actual_offshore_wind_generation,Wind Offshore,2026-08-26T15:33:13Z
2026-08-26T15:27:09Z,2026-08-26T17:27:09+0200,ec44fe02-3364-422b-92bd-0daf191e06d6,2026-07-27T04:00:00Z,2026-07-27T06:00:00+0200,5586.799,MW,DE,DE_LU,actual_offshore_wind_generation,Wind Offshore,2026-08-26T15:33:13Z
2026-08-26T15:27:09Z,2026-08-26T17:27:09+0200,ec44fe02-3364-422b-92bd-0daf191e06d6,2026-07-27T04:15:00Z,2026-07-27T06:15:00+0200,5409.85,MW,DE,DE_LU,actual_offshore_wind_generation,Wind Offshore,2026-08-26T15:33:13Z
2026-08-26T15:27:09Z,2026-08-26T17:27:09+0200,ec44fe02-3364-422b-92bd-0daf191e06d6,2026-07-27T04:30:00Z,2026-07-27T06:30:00+0200,5222.17,MW,DE,DE_LU,actual_offshore_wind_generation,Wind Offshore,2026-08-26T15:33:13Z
2026-08-26T15:27:09Z,2026-08-26T17:27:09+0200,ec44fe02-3364-422b-92bd-0daf191e06d6,2026-07-27T04:45:00Z,2026-07-27T06:45:00+0200,4760.708,MW,DE,DE_LU,actual_offshore_wind_generation,Wind Offshore,2026-08-26T15:33:13Z
2026-08-26T15:27:09Z,2026-08-26T17:27:09+0200,ec44fe02-3364-422b-92bd-0daf191e06d6,2026-07-27T05:00:00Z,2026-07-27T07:00:00+0200,4841.628,MW,DE,DE_LU,actual_offshore_wind_generation,Wind Offshore,2026-08-26T15:33:13Z
2026-08-26T15:27:09Z,2026-08-26T17:27:09+0200,ec44fe02-3364-422b-92bd-0daf191e06d6,2026-07-27T05:15:00Z,2026-07-27T07:15:00+0200,4691.634,MW,DE,DE_LU,actual_offshore_wind_generation,Wind Offshore,2026-08-26T15:33:13Z
2026-08-26T15:27:09Z,2026-08-26T17:27:09+0200,ec44fe02-3364-422b-92bd-0daf191e06d6,2026-07-27T05:30:00Z,2026-07-27T07:30:00+0200,4554.707,MW,DE,DE_LU,actual_offshore_wind_generation,Wind Offshore,2026-08-26T15:33:13Z
2026-08-26T15:27:09Z,2026-08-26T17:27:09+0200,ec44fe02-3364-422b-92bd-0daf191e06d6,2026-07-27T05:45:00Z,2026-07-27T07:45:00+0200,4581.092,MW,DE,DE_LU,actual_offshore_wind_generation,Wind Offshore,2026-08-26T15:33:13Z
2026-08-26T15:27:09Z,2026-08-26T17:27:09+0200,ec44fe02-3364-422b-92bd-0daf191e06d6,2026-07-27T06:00:00Z,2026-07-27T08:00:00+0200,4725.348,MW,DE,DE_LU,actual_offshore_wind_generation,Wind Offshore,2026-08-26T15:33:13Z
2026-08-26T15:27:09Z,2026-08-26T17:27:09+0200,ec44fe02-3364-422b-92bd-0daf191e06d6,2026-07-27T06:15:00Z,2026-07-27T08:15:00+0200,4640.144,MW,DE,DE_LU,actual_offshore_wind_generation,Wind Offshore,2026-08-26T15:33:13Z
2026-08-26T15:27:09Z,2026-08-26T17:27:09+0200,ec44fe02-3364-422b-92bd-0daf191e06d6,2026-07-27T06:30:00Z,2026-07-27T08:30:00+0200,4490.697,MW,DE,DE_LU,actual_offshore_wind_generation,Wind Offshore,2026-08-26T15:33:13Z
2026-08-26T15:27:09Z,2026-08-26T17:27:09+0200,ec44fe02-3364-422b-92bd-0daf191e06d6,2026-07-27T06:45:00Z,2026-07-27T08:45:00+0200,4278.474,MW,DE,DE_LU,actual_offshore_wind_generation,Wind Offshore,2026-08-26T15:33:13Z
2026-08-26T15:27:09Z,2026-08-26T17:27:09+0200,ec44fe02-3364-422b-92bd-0daf191e06d6,2026-07-27T07:00:00Z,2026-07-27T09:00:00+0200,3720.934,MW,DE,DE_LU,actual_offshore_wind_generation,Wind Offshore,2026-08-26T15:33:13Z
2026-08-26T15:27:09Z,2026-08-26T17:27:09+0200,ec44fe02-3364-422b-92bd-0daf191e06d6,2026-07-27T07:15:00Z,2026-07-27T09:15:00+0200,3522.478,MW,DE,DE_LU,actual_offshore_wind_generation,Wind Offshore,2026-08-26T15:33:13Z
2026-08-26T15:27:09Z,2026-08-26T17:27:09+0200,ec44fe02-3364-422b-92bd-0daf191e06d6,2026-07-27T07:30:00Z,2026-07-27T09:30:00+0200,3476.311,MW,DE,DE_LU,actual_offshore_wind_generation,Wind Offshore,2026-08-26T15:33:13Z
2026-08-26T15:27:09Z,2026-08-26T17:27:09+0200,ec44fe02-3364-422b-92bd-0daf191e06d6,2026-07-27T07:45:00Z,2026-07-27T09:45:00+0200,3346.184,MW,DE,DE_LU,actual_offshore_wind_generation,Wind Offshore,2026-08-26T15:33:13Z
2026-08-26T15:27:09Z,2026-08-26T17:27:09+0200,ec44fe02-3364-422b-92bd-0daf191e06d6,2026-07-27T08:00:00Z,2026-07-27T10:00:00+0200,2185.763,MW,DE,DE_LU,actual_offshore_wind_generation,Wind Offshore,2026-08-26T15:33:13Z
2026-08-26T15:27:09Z,2026-08-26T17:27:09+0200,ec44fe02-3364-422b-92bd-0daf191e06d6,2026-07-27T08:15:00Z,2026-07-27T10:15:00+0200,2009.652,MW,DE,DE_LU,actual_offshore_wind_generation,Wind Offshore,2026-08-26T15:33:13Z
2026-08-26T15:27:09Z,2026-08-26T17:27:09+0200,ec44fe02-3364-422b-92bd-0daf191e06d6,2026-07-27T08:30:00Z,2026-07-27T10:30:00+0200,2103.458,MW,DE,DE_LU,actual_offshore_wind_generation,Wind Offshore,2026-08-26T15:33:13Z
2026-08-26T15:27:09Z,2026-08-26T17:27:09+0200,ec44fe02-3364-422b-92bd-0daf191e06d6,2026-07-27T08:45:00Z,2026-07-27T10:45:00+0200,2186.867,MW,DE,DE_LU,actual_offshore_wind_generation,Wind Offshore,2026-08-26T15:33:13Z
2026-08-26T15:27:09Z,2026-08-26T17:27:09+0200,ec44fe02-3364-422b-92bd-0daf191e06d6,2026-07-27T09:00:00Z,2026-07-27T11:00:00+0200,2726.146,MW,DE,DE_LU,actual_offshore_wind_generation,Wind Offshore,2026-08-26T15:33:13Z
2026-08-26T15:27:09Z,2026-08-26T17:27:09+0200,ec44fe02-3364-422b-92bd-0daf191e06d6,2026-07-27T09:15:00Z,2026-07-27T11:15:00+0200,3199.078,MW,DE,DE_LU,actual_offshore_wind_generation,Wind Offshore,2026-08-26T15:33:13Z
2026-08-26T15:27:09Z,2026-08-26T17:27:09+0200,ec44fe02-3364-422b-92bd-0daf191e06d6,2026-07-27T09:30:00Z,2026-07-27T11:30:00+0200,3367.473,MW,DE,DE_LU,actual_offshore_wind_generation,Wind Offshore,2026-08-26T15:33:13Z
2026-08-26T15:27:09Z,2026-08-26T17:27:09+0200,ec44fe02-3364-422b-92bd-0daf191e06d6,2026-07-27T09:45:00Z,2026-07-27T11:45:00+0200,3541.402,MW,DE,DE_LU,actual_offshore_wind_generation,Wind Offshore,2026-08-26T15:33:13Z
2026-08-26T15:27:09Z,2026-08-26T17:27:09+0200,ec44fe02-3364-422b-92bd-0daf191e06d6,2026-07-27T10:00:00Z,2026-07-27T12:00:00+0200,4040.372,MW,DE,DE_LU,actual_offshore_wind_generation,Wind Offshore,2026-08-26T15:33:13Z
2026-08-26T15:27:09Z,2026-08-26T17:27:09+0200,ec44fe02-3364-422b-92bd-0daf191e06d6,2026-07-27T10:15:00Z,2026-07-27T12:15:00+0200,4060.116,MW,DE,DE_LU,actual_offshore_wind_generation,Wind Offshore,2026-08-26T15:33:13Z
2026-08-26T15:27:09Z,2026-08-26T17:27:09+0200,ec44fe02-3364-422b-92bd-0daf191e06d6,2026-07-27T10:30:00Z,2026-07-27T12:30:00+0200,4091.271,MW,DE,DE_LU,actual_offshore_wind_generation,Wind Offshore,2026-08-26T15:33:13Z
2026-08-26T15:27:09Z,2026-08-26T17:27:09+0200,ec44fe02-3364-422b-92bd-0daf191e06d6,2026-07-27T10:45:00Z,2026-07-27T12:45:00+0200,4094.848,MW,DE,DE_LU,actual_offshore_wind_generation,Wind Offshore,2026-08-26T15:33:13Z
2026-08-26T15:27:09Z,2026-08-26T17:27:09+0200,ec44fe02-3364-422b-92bd-0daf191e06d6,2026-07-27T11:00:00Z,2026-07-27T13:00:00+0200,4017.827,MW,DE,DE_LU,actual_offshore_wind_generation,Wind Offshore,2026-08-26T15:33:13Z
2026-08-26T15:27:09Z,2026-08-26T17:27:09+0200,ec44fe02-3364-422b-92bd-0daf191e06d6,2026-07-27T11:15:00Z,2026-07-27T13:15:00+0200,4027.447,MW,DE,DE_LU,actual_offshore_wind_generation,Wind Offshore,2026-08-26T15:33:13Z
2026-08-26T15:27:09Z,2026-08-26T17:27:09+0200,ec44fe02-3364-422b-92bd-0daf191e06d6,2026-07-27T11:30:00Z,2026-07-27T13:30:00+0200,4080.376,MW,DE,DE_LU,actual_offshore_wind_generation,Wind Offshore,2026-08-26T15:33:13Z
2026-08-26T15:27:09Z,2026-08-26T17:27:09+0200,ec44fe02-3364-422b-92bd-0daf191e06d6,2026-07-27T11:45:00Z,2026-07-27T13:45:00+0200,4132.723,MW,DE,DE_LU,actual_offshore_wind_generation,Wind Offshore,2026-08-26T15:33:13Z
2026-08-26T15:27:09Z,2026-08-26T17:27:09+0200,ec44fe02-3364-422b-92bd-0daf191e06d6,2026-07-27T12:00:00Z,2026-07-27T14:00:00+0200,4087.843,MW,DE,DE_LU,actual_offshore_wind_generation,Wind Offshore,2026-08-26T15:33:13Z
2026-08-26T15:27:09Z,2026-08-26T17:27:09+0200,ec44fe02-3364-422b-92bd-0daf191e06d6,2026-07-27T12:15:00Z,2026-07-27T14:15:00+0200,4180.584,MW,DE,DE_LU,actual_offshore_wind_generation,Wind Offshore,2026-08-26T15:33:13Z
2026-08-26T15:27:09Z,2026-08-26T17:27:09+0200,ec44fe02-3364-422b-92bd-0daf191e06d6,2026-07-27T12:30:00Z,2026-07-27T14:30:00+0200,4264.858,MW,DE,DE_LU,actual_offshore_wind_generation,Wind Offshore,2026-08-26T15:33:13Z
2026-08-26T15:27:09Z,2026-08-26T17:27:09+0200,ec44fe02-3364-422b-92bd-0daf191e06d6,2026-07-27T12:45:00Z,2026-07-27T14:45:00+0200,4294.861,MW,DE,DE_LU,actual_offshore_wind_generation,Wind Offshore,2026-08-26T15:33:13Z
2026-08-26T15:27:09Z,2026-08-26T17:27:09+0200,ec44fe02-3364-422b-92bd-0daf191e06d6,2026-07-27T13:00:00Z,2026-07-27T15:00:00+0200,4103.271,MW,DE,DE_LU,actual_offshore_wind_generation,Wind Offshore,2026-08-26T15:33:13Z
2026-08-26T15:27:09Z,2026-08-26T17:27:09+0200,ec44fe02-3364-422b-92bd-0daf191e06d6,2026-07-27T13:15:00Z,2026-07-27T15:15:00+0200,4055.527,MW,DE,DE_LU,actual_offshore_wind_generation,Wind Offshore,2026-08-26T15:33:13Z
2026-08-26T15:27:09Z,2026-08-26T17:27:09+0200,ec44fe02-3364-422b-92bd-0daf191e06d6,2026-07-27T13:30:00Z,2026-07-27T15:30:00+0200,3970.185,MW,DE,DE_LU,actual_offshore_wind_generation,Wind Offshore,2026-08-26T15:33:13Z
2026-08-26T15:27:09Z,2026-08-26T17:27:09+0200,ec44fe02-3364-422b-92bd-0daf191e06d6,2026-07-27T13:45:00Z,2026-07-27T15:45:00+0200,3946.065,MW,DE,DE_LU,actual_offshore_wind_generation,Wind Offshore,2026-08-26T15:33:13Z
2026-08-26T15:27:09Z,2026-08-26T17:27:09+0200,ec44fe02-3364-422b-92bd-0daf191e06d6,2026-07-27T14:00:00Z,2026-07-27T16:00:00+0200,3906.246,MW,DE,DE_LU,actual_offshore_wind_generation,Wind Offshore,2026-08-26T15:33:13Z
2026-08-26T15:27:09Z,2026-08-26T17:27:09+0200,ec44fe02-3364-422b-92bd-0daf191e06d6,2026-07-27T14:15:00Z,2026-07-27T16:15:00+0200,3785.431,MW,DE,DE_LU,actual_offshore_wind_generation,Wind Offshore,2026-08-26T15:33:13Z
2026-08-26T15:27:09Z,2026-08-26T17:27:09+0200,ec44fe02-3364-422b-92bd-0daf191e06d6,2026-07-27T14:30:00Z,2026-07-27T16:30:00+0200,3703.89,MW,DE,DE_LU,actual_offshore_wind_generation,Wind Offshore,2026-08-26T15:33:13Z
2026-08-26T15:27:09Z,2026-08-26T17:27:09+0200,ec44fe02-3364-422b-92bd-0daf191e06d6,2026-07-27T14:45:00Z,2026-07-27T16:45:00+0200,3761.121,MW,DE,DE_LU,actual_offshore_wind_generation,Wind Offshore,2026-08-26T15:33:13Z
2026-08-26T15:27:09Z,2026-08-26T17:27:09+0200,ec44fe02-3364-422b-92bd-0daf191e06d6,2026-07-27T15:00:00Z,2026-07-27T17:00:00+0200,3506.194,MW,DE,DE_LU,actual_offshore_wind_generation,Wind Offshore,2026-08-26T15:33:13Z
2026-08-26T15:27:09Z,2026-08-26T17:27:09+0200,ec44fe02-3364-422b-92bd-0daf191e06d6,2026-07-27T15:15:00Z,2026-07-27T17:15:00+0200,3437.778,MW,DE,DE_LU,actual_offshore_wind_generation,Wind Offshore,2026-08-26T15:33:13Z
2026-08-26T15:27:09Z,2026-08-26T17:27:09+0200,ec44fe02-3364-422b-92bd-0daf191e06d6,2026-07-27T15:30:00Z,2026-07-27T17:30:00+0200,3497.244,MW,DE,DE_LU,actual_offshore_wind_generation,Wind Offshore,2026-08-26T15:33:13Z
2026-08-26T15:27:09Z,2026-08-26T17:27:09+0200,ec44fe02-3364-422b-92bd-0daf191e06d6,2026-07-27T15:45:00Z,2026-07-27T17:45:00+0200,3547.609,MW,DE,DE_LU,actual_offshore_wind_generation,Wind Offshore,2026-08-26T15:33:13Z
2026-08-26T15:27:09Z,2026-08-26T17:27:09+0200,ec44fe02-3364-422b-92bd-0daf191e06d6,2026-07-27T16:00:00Z,2026-07-27T18:00:00+0200,4054.581,MW,DE,DE_LU,actual_offshore_wind_generation,Wind Offshore,2026-08-26T15:33:13Z
2026-08-26T15:27:09Z,2026-08-26T17:27:09+0200,ec44fe02-3364-422b-92bd-0daf191e06d6,2026-07-27T16:15:00Z,2026-07-27T18:15:00+0200,4315.59,MW,DE,DE_LU,actual_offshore_wind_generation,Wind Offshore,2026-08-26T15:33:13Z
2026-08-26T15:27:09Z,2026-08-26T17:27:09+0200,ec44fe02-3364-422b-92bd-0daf191e06d6,2026-07-27T16:30:00Z,2026-07-27T18:30:00+0200,4218.64,MW,DE,DE_LU,actual_offshore_wind_generation,Wind Offshore,2026-08-26T15:33:13Z
2026-08-26T15:27:09Z,2026-08-26T17:27:09+0200,ec44fe02-3364-422b-92bd-0daf191e06d6,2026-07-27T16:45:00Z,2026-07-27T18:45:00+0200,4146.118,MW,DE,DE_LU,actual_offshore_wind_generation,Wind Offshore,2026-08-26T15:33:13Z
2026-08-26T15:27:09Z,2026-08-26T17:27:09+0200,ec44fe02-3364-422b-92bd-0daf191e06d6,2026-07-27T17:00:00Z,2026-07-27T19:00:00+0200,4259.797,MW,DE,DE_LU,actual_offshore_wind_generation,Wind Offshore,2026-08-26T15:33:13Z
2026-08-26T15:27:09Z,2026-08-26T17:27:09+0200,ec44fe02-3364-422b-92bd-0daf191e06d6,2026-07-27T17:15:00Z,2026-07-27T19:15:00+0200,4258.747,MW,DE,DE_LU,actual_offshore_wind_generation,Wind Offshore,2026-08-26T15:33:13Z
2026-08-26T15:27:09Z,2026-08-26T17:27:09+0200,ec44fe02-3364-422b-92bd-0daf191e06d6,2026-07-27T17:30:00Z,2026-07-27T19:30:00+0200,4209.376,MW,DE,DE_LU,actual_offshore_wind_generation,Wind Offshore,2026-08-26T15:33:13Z
2026-08-26T15:27:09Z,2026-08-26T17:27:09+0200,ec44fe02-3364-422b-92bd-0daf191e06d6,2026-07-27T17:45:00Z,2026-07-27T19:45:00+0200,4192.149,MW,DE,DE_LU,actual_offshore_wind_generation,Wind Offshore,2026-08-26T15:33:13Z
2026-08-26T15:27:09Z,2026-08-26T17:27:09+0200,ec44fe02-3364-422b-92bd-0daf191e06d6,2026-07-27T18:00:00Z,2026-07-27T20:00:00+0200,4790.559,MW,DE,DE_LU,actual_offshore_wind_generation,Wind Offshore,2026-08-26T15:33:13Z
2026-08-26T15:27:09Z,2026-08-26T17:27:09+0200,ec44fe02-3364-422b-92bd-0daf191e06d6,2026-07-27T18:15:00Z,2026-07-27T20:15:00+0200,4841.324,MW,DE,DE_LU,actual_offshore_wind_generation,Wind Offshore,2026-08-26T15:33:13Z
2026-08-26T15:27:09Z,2026-08-26T17:27:09+0200,ec44fe02-3364-422b-92bd-0daf191e06d6,2026-07-27T18:30:00Z,2026-07-27T20:30:00+0200,4836.398,MW,DE,DE_LU,actual_offshore_wind_generation,Wind Offshore,2026-08-26T15:33:13Z
2026-08-26T15:27:09Z,2026-08-26T17:27:09+0200,ec44fe02-3364-422b-92bd-0daf191e06d6,2026-07-27T18:45:00Z,2026-07-27T20:45:00+0200,4924.704,MW,DE,DE_LU,actual_offshore_wind_generation,Wind Offshore,2026-08-26T15:33:13Z
2026-08-26T15:27:09Z,2026-08-26T17:27:09+0200,ec44fe02-3364-422b-92bd-0daf191e06d6,2026-07-27T19:00:00Z,2026-07-27T21:00:00+0200,4956.266,MW,DE,DE_LU,actual_offshore_wind_generation,Wind Offshore,2026-08-26T15:33:13Z
2026-08-26T15:27:09Z,2026-08-26T17:27:09+0200,ec44fe02-3364-422b-92bd-0daf191e06d6,2026-07-27T19:15:00Z,2026-07-27T21:15:00+0200,4951.511,MW,DE,DE_LU,actual_offshore_wind_generation,Wind Offshore,2026-08-26T15:33:13Z
2026-08-26T15:27:09Z,2026-08-26T17:27:09+0200,ec44fe02-3364-422b-92bd-0daf191e06d6,2026-07-27T19:30:00Z,2026-07-27T21:30:00+0200,4984.249,MW,DE,DE_LU,actual_offshore_wind_generation,Wind Offshore,2026-08-26T15:33:13Z
2026-08-26T15:27:09Z,2026-08-26T17:27:09+0200,ec44fe02-3364-422b-92bd-0daf191e06d6,2026-07-27T19:45:00Z,2026-07-27T21:45:00+0200,5050.722,MW,DE,DE_LU,actual_offshore_wind_generation,Wind Offshore,2026-08-26T15:33:13Z
2026-08-26T15:27:09Z,2026-08-26T17:27:09+0200,ec44fe02-3364-422b-92bd-0daf191e06d6,2026-07-27T20:00:00Z,2026-07-27T22:00:00+0200,4898.805,MW,DE,DE_LU,actual_offshore_wind_generation,Wind Offshore,2026-08-26T15:33:13Z
2026-08-26T15:27:09Z,2026-08-26T17:27:09+0200,ec44fe02-3364-422b-92bd-0daf191e06d6,2026-07-27T20:15:00Z,2026-07-27T22:15:00+0200,4873.796,MW,DE,DE_LU,actual_offshore_wind_generation,Wind Offshore,2026-08-26T15:33:13Z
2026-08-26T15:27:09Z,2026-08-26T17:27:09+0200,ec44fe02-3364-422b-92bd-0daf191e06d6,2026-07-27T20:30:00Z,2026-07-27T22:30:00+0200,4975.675,MW,DE,DE_LU,actual_offshore_wind_generation,Wind Offshore,2026-08-26T15:33:13Z
2026-08-26T15:27:09Z,2026-08-26T17:27:09+0200,ec44fe02-3364-422b-92bd-0daf191e06d6,2026-07-27T20:45:00Z,2026-07-27T22:45:00+0200,5156.029,MW,DE,DE_LU,actual_offshore_wind_generation,Wind Offshore,2026-08-26T15:33:13Z
2026-08-26T15:27:09Z,2026-08-26T17:27:09+0200,ec44fe02-3364-422b-92bd-0daf191e06d6,2026-07-27T21:00:00Z,2026-07-27T23:00:00+0200,5197.976,MW,DE,DE_LU,actual_offshore_wind_generation,Wind Offshore,2026-08-26T15:33:13Z
2026-08-26T15:27:09Z,2026-08-26T17:27:09+0200,ec44fe02-3364-422b-92bd-0daf191e06d6,2026-07-27T21:15:00Z,2026-07-27T23:15:00+0200,5239.466,MW,DE,DE_LU,actual_offshore_wind_generation,Wind Offshore,2026-08-26T15:33:13Z
2026-08-26T15:27:09Z,2026-08-26T17:27:09+0200,ec44fe02-3364-422b-92bd-0daf191e06d6,2026-07-27T21:30:00Z,2026-07-27T23:30:00+0200,5109.541,MW,DE,DE_LU,actual_offshore_wind_generation,Wind Offshore,2026-08-26T15:33:13Z
2026-08-26T15:27:09Z,2026-08-26T17:27:09+0200,ec44fe02-3364-422b-92bd-0daf191e06d6,2026-07-27T21:45:00Z,2026-07-27T23:45:00+0200,4909.958,MW,DE,DE_LU,actual_offshore_wind_generation,Wind Offshore,2026-08-26T15:33:13Z
2026-08-26T15:27:09Z,2026-08-26T17:27:09+0200,ec44fe02-3364-422b-92bd-0daf191e06d6,2026-07-27T22:00:00Z,2026-07-28T00:00:00+0200,4940.559,MW,DE,DE_LU,actual_offshore_wind_generation,Wind Offshore,2026-08-26T15:33:13Z
2026-08-26T15:27:09Z,2026-08-26T17:27:09+0200,ec44fe02-3364-422b-92bd-0daf191e06d6,2026-07-27T22:15:00Z,2026-07-28T00:15:00+0200,4848.202,MW,DE,DE_LU,actual_offshore_wind_generation,Wind Offshore,2026-08-26T15:33:13Z
2026-08-26T15:27:09Z,2026-08-26T17:27:09+0200,ec44fe02-3364-422b-92bd-0daf191e06d6,2026-07-27T22:30:00Z,2026-07-28T00:30:00+0200,4631.783,MW,DE,DE_LU,actual_offshore_wind_generation,Wind Offshore,2026-08-26T15:33:13Z
2026-08-26T15:27:09Z,2026-08-26T17:27:09+0200,ec44fe02-3364-422b-92bd-0daf191e06d6,2026-07-27T22:45:00Z,2026-07-28T00:45:00+0200,4518.468,MW,DE,DE_LU,actual_offshore_wind_generation,Wind Offshore,2026-08-26T15:33:13Z
2026-08-26T15:27:09Z,2026-08-26T17:27:09+0200,ec44fe02-3364-422b-92bd-0daf191e06d6,2026-07-27T23:00:00Z,2026-07-28T01:00:00+0200,4379.04,MW,DE,DE_LU,actual_offshore_wind_generation,Wind Offshore,2026-08-26T15:33:13Z
2026-08-26T15:27:09Z,2026-08-26T17:27:09+0200,ec44fe02-3364-422b-92bd-0daf191e06d6,2026-07-27T23:15:00Z,2026-07-28T01:15:00+0200,4217.971,MW,DE,DE_LU,actual_offshore_wind_generation,Wind Offshore,2026-08-26T15:33:13Z
2026-08-26T15:27:09Z,2026-08-26T17:27:09+0200,ec44fe02-3364-422b-92bd-0daf191e06d6,2026-07-27T23:30:00Z,2026-07-28T01:30:00+0200,4114.669,MW,DE,DE_LU,actual_offshore_wind_generation,Wind Offshore,2026-08-26T15:33:13Z
2026-08-26T15:27:09Z,2026-08-26T17:27:09+0200,ec44fe02-3364-422b-92bd-0daf191e06d6,2026-07-27T23:45:00Z,2026-07-28T01:45:00+0200,3999.209,MW,DE,DE_LU,actual_offshore_wind_generation,Wind Offshore,2026-08-26T15:33:13Z
2026-08-26T15:27:09Z,2026-08-26T17:27:09+0200,ec44fe02-3364-422b-92bd-0daf191e06d6,2026-07-28T00:00:00Z,2026-07-28T02:00:00+0200,3880.41,MW,DE,DE_LU,actual_offshore_wind_generation,Wind Offshore,2026-08-26T15:33:13Z
2026-08-26T15:27:09Z,2026-08-26T17:27:09+0200,ec44fe02-3364-422b-92bd-0daf191e06d6,2026-07-28T00:15:00Z,2026-07-28T02:15:00+0200,3836.453,MW,DE,DE_LU,actual_offshore_wind_generation,Wind Offshore,2026-08-26T15:33:13Z
2026-08-26T15:27:09Z,2026-08-26T17:27:09+0200,ec44fe02-3364-422b-92bd-0daf191e06d6,2026-07-28T00:30:00Z,2026-07-28T02:30:00+0200,3778.546,MW,DE,DE_LU,actual_offshore_wind_generation,Wind Offshore,2026-08-26T15:33:13Z
2026-08-26T15:27:09Z,2026-08-26T17:27:09+0200,ec44fe02-3364-422b-92bd-0daf191e06d6,2026-07-28T00:45:00Z,2026-07-28T02:45:00+0200,3885.109,MW,DE,DE_LU,actual_offshore_wind_generation,Wind Offshore,2026-08-26T15:33:13Z
2026-08-26T15:27:09Z,2026-08-26T17:27:09+0200,ec44fe02-3364-422b-92bd-0daf191e06d6,2026-07-28T01:00:00Z,2026-07-28T03:00:00+0200,3869.204,MW,DE,DE_LU,actual_offshore_wind_generation,Wind Offshore,2026-08-26T15:33:13Z
2026-08-26T15:27:09Z,2026-08-26T17:27:09+0200,ec44fe02-3364-422b-92bd-0daf191e06d6,2026-07-28T01:15:00Z,2026-07-28T03:15:00+0200,3780.433,MW,DE,DE_LU,actual_offshore_wind_generation,Wind Offshore,2026-08-26T15:33:13Z
2026-08-26T15:27:09Z,2026-08-26T17:27:09+0200,ec44fe02-3364-422b-92bd-0daf191e06d6,2026-07-28T01:30:00Z,2026-07-28T03:30:00+0200,3692.319,MW,DE,DE_LU,actual_offshore_wind_generation,Wind Offshore,2026-08-26T15:33:13Z
2026-08-26T15:27:09Z,2026-08-26T17:27:09+0200,ec44fe02-3364-422b-92bd-0daf191e06d6,2026-07-28T01:45:00Z,2026-07-28T03:45:00+0200,3560.517,MW,DE,DE_LU,actual_offshore_wind_generation,Wind Offshore,2026-08-26T15:33:13Z
2026-08-26T15:27:09Z,2026-08-26T17:27:09+0200,ec44fe02-3364-422b-92bd-0daf191e06d6,2026-07-28T02:00:00Z,2026-07-28T04:00:00+0200,3375.881,MW,DE,DE_LU,actual_offshore_wind_generation,Wind Offshore,2026-08-26T15:33:13Z
2026-08-26T15:27:09Z,2026-08-26T17:27:09+0200,ec44fe02-3364-422b-92bd-0daf191e06d6,2026-07-28T02:15:00Z,2026-07-28T04:15:00+0200,3281.373,MW,DE,DE_LU,actual_offshore_wind_generation,Wind Offshore,2026-08-26T15:33:13Z
2026-08-26T15:27:09Z,2026-08-26T17:27:09+0200,ec44fe02-3364-422b-92bd-0daf191e06d6,2026-07-28T02:30:00Z,2026-07-28T04:30:00+0200,3171.289,MW,DE,DE_LU,actual_offshore_wind_generation,Wind Offshore,2026-08-26T15:33:13Z
2026-08-26T15:27:09Z,2026-08-26T17:27:09+0200,ec44fe02-3364-422b-92bd-0daf191e06d6,2026-07-28T02:45:00Z,2026-07-28T04:45:00+0200,3190.605,MW,DE,DE_LU,actual_offshore_wind_generation,Wind Offshore,2026-08-26T15:33:13Z
2026-08-26T15:27:09Z,2026-08-26T17:27:09+0200,ec44fe02-3364-422b-92bd-0daf191e06d6,2026-07-28T03:00:00Z,2026-07-28T05:00:00+0200,3096.803,MW,DE,DE_LU,actual_offshore_wind_generation,Wind Offshore,2026-08-26T15:33:13Z
2026-08-26T15:27:09Z,2026-08-26T17:27:09+0200,ec44fe02-3364-422b-92bd-0daf191e06d6,2026-07-28T03:15:00Z,2026-07-28T05:15:00+0200,3045.079,MW,DE,DE_LU,actual_offshore_wind_generation,Wind Offshore,2026-08-26T15:33:13Z
2026-08-26T15:27:09Z,2026-08-26T17:27:09+0200,ec44fe02-3364-422b-92bd-0daf191e06d6,2026-07-28T03:30:00Z,2026-07-28T05:30:00+0200,3016.038,MW,DE,DE_LU,actual_offshore_wind_generation,Wind Offshore,2026-08-26T15:33:13Z
2026-08-26T15:27:09Z,2026-08-26T17:27:09+0200,ec44fe02-3364-422b-92bd-0daf191e06d6,2026-07-28T03:45:00Z,2026-07-28T05:45:00+0200,2998.664,MW,DE,DE_LU,actual_offshore_wind_generation,Wind Offshore,2026-08-26T15:33:13Z
2026-08-26T15:27:09Z,2026-08-26T17:27:09+0200,ec44fe02-3364-422b-92bd-0daf191e06d6,2026-07-28T04:00:00Z,2026-07-28T06:00:00+0200,2968.067,MW,DE,DE_LU,actual_offshore_wind_generation,Wind Offshore,2026-08-26T15:33:13Z
2026-08-26T15:27:09Z,2026-08-26T17:27:09+0200,ec44fe02-3364-422b-92bd-0daf191e06d6,2026-07-28T04:15:00Z,2026-07-28T06:15:00+0200,2972.481,MW,DE,DE_LU,actual_offshore_wind_generation,Wind Offshore,2026-08-26T15:33:13Z
2026-08-26T15:27:09Z,2026-08-26T17:27:09+0200,ec44fe02-3364-422b-92bd-0daf191e06d6,2026-07-28T04:30:00Z,2026-07-28T06:30:00+0200,3019.254,MW,DE,DE_LU,actual_offshore_wind_generation,Wind Offshore,2026-08-26T15:33:13Z
2026-08-26T15:27:09Z,2026-08-26T17:27:09+0200,ec44fe02-3364-422b-92bd-0daf191e06d6,2026-07-28T04:45:00Z,2026-07-28T06:45:00+0200,3034.059,MW,DE,DE_LU,actual_offshore_wind_generation,Wind Offshore,2026-08-26T15:33:13Z
2026-08-26T15:27:09Z,2026-08-26T17:27:09+0200,ec44fe02-3364-422b-92bd-0daf191e06d6,2026-07-28T05:00:00Z,2026-07-28T07:00:00+0200,3101.984,MW,DE,DE_LU,actual_offshore_wind_generation,Wind Offshore,2026-08-26T15:33:13Z
2026-08-26T15:27:09Z,2026-08-26T17:27:09+0200,ec44fe02-3364-422b-92bd-0daf191e06d6,2026-07-28T05:15:00Z,2026-07-28T07:15:00+0200,3145.284,MW,DE,DE_LU,actual_offshore_wind_generation,Wind Offshore,2026-08-26T15:33:13Z
2026-08-26T15:27:09Z,2026-08-26T17:27:09+0200,ec44fe02-3364-422b-92bd-0daf191e06d6,2026-07-28T05:30:00Z,2026-07-28T07:30:00+0200,3079.089,MW,DE,DE_LU,actual_offshore_wind_generation,Wind Offshore,2026-08-26T15:33:13Z
2026-08-26T15:27:09Z,2026-08-26T17:27:09+0200,ec44fe02-3364-422b-92bd-0daf191e06d6,2026-07-28T05:45:00Z,2026-07-28T07:45:00+0200,2980.625,MW,DE,DE_LU,actual_offshore_wind_generation,Wind Offshore,2026-08-26T15:33:13Z
2026-08-26T15:27:09Z,2026-08-26T17:27:09+0200,ec44fe02-3364-422b-92bd-0daf191e06d6,2026-07-28T06:00:00Z,2026-07-28T08:00:00+0200,2782.162,MW,DE,DE_LU,actual_offshore_wind_generation,Wind Offshore,2026-08-26T15:33:13Z
2026-08-26T15:27:09Z,2026-08-26T17:27:09+0200,ec44fe02-3364-422b-92bd-0daf191e06d6,2026-07-28T06:15:00Z,2026-07-28T08:15:00+0200,2540.756,MW,DE,DE_LU,actual_offshore_wind_generation,Wind Offshore,2026-08-26T15:33:13Z
2026-08-26T15:27:09Z,2026-08-26T17:27:09+0200,ec44fe02-3364-422b-92bd-0daf191e06d6,2026-07-28T06:30:00Z,2026-07-28T08:30:00+0200,2246.014,MW,DE,DE_LU,actual_offshore_wind_generation,Wind Offshore,2026-08-26T15:33:13Z
2026-08-26T15:27:09Z,2026-08-26T17:27:09+0200,ec44fe02-3364-422b-92bd-0daf191e06d6,2026-07-28T06:45:00Z,2026-07-28T08:45:00+0200,2053.658,MW,DE,DE_LU,actual_offshore_wind_generation,Wind Offshore,2026-08-26T15:33:13Z
2026-08-26T15:27:09Z,2026-08-26T17:27:09+0200,ec44fe02-3364-422b-92bd-0daf191e06d6,2026-07-28T07:00:00Z,2026-07-28T09:00:00+0200,2000.497,MW,DE,DE_LU,actual_offshore_wind_generation,Wind Offshore,2026-08-26T15:33:13Z
2026-08-26T15:27:09Z,2026-08-26T17:27:09+0200,ec44fe02-3364-422b-92bd-0daf191e06d6,2026-07-28T07:15:00Z,2026-07-28T09:15:00+0200,2041.157,MW,DE,DE_LU,actual_offshore_wind_generation,Wind Offshore,2026-08-26T15:33:13Z
2026-08-26T15:27:09Z,2026-08-26T17:27:09+0200,ec44fe02-3364-422b-92bd-0daf191e06d6,2026-07-28T07:30:00Z,2026-07-28T09:30:00+0200,2021.852,MW,DE,DE_LU,actual_offshore_wind_generation,Wind Offshore,2026-08-26T15:33:13Z
2026-08-26T15:27:09Z,2026-08-26T17:27:09+0200,ec44fe02-3364-422b-92bd-0daf191e06d6,2026-07-28T07:45:00Z,2026-07-28T09:45:00+0200,2010.226,MW,DE,DE_LU,actual_offshore_wind_generation,Wind Offshore,2026-08-26T15:33:13Z
2026-08-26T15:27:09Z,2026-08-26T17:27:09+0200,ec44fe02-3364-422b-92bd-0daf191e06d6,2026-07-28T08:00:00Z,2026-07-28T10:00:00+0200,1986.468,MW,DE,DE_LU,actual_offshore_wind_generation,Wind Offshore,2026-08-26T15:33:13Z
2026-08-26T15:27:09Z,2026-08-26T17:27:09+0200,ec44fe02-3364-422b-92bd-0daf191e06d6,2026-07-28T08:15:00Z,2026-07-28T10:15:00+0200,1993.094,MW,DE,DE_LU,actual_offshore_wind_generation,Wind Offshore,2026-08-26T15:33:13Z
2026-08-26T15:27:09Z,2026-08-26T17:27:09+0200,ec44fe02-3364-422b-92bd-0daf191e06d6,2026-07-28T08:30:00Z,2026-07-28T10:30:00+0200,1978.899,MW,DE,DE_LU,actual_offshore_wind_generation,Wind Offshore,2026-08-26T15:33:13Z
2026-08-26T15:27:09Z,2026-08-26T17:27:09+0200,ec44fe02-3364-422b-92bd-0daf191e06d6,2026-07-28T08:45:00Z,2026-07-28T10:45:00+0200,2021.181,MW,DE,DE_LU,actual_offshore_wind_generation,Wind Offshore,2026-08-26T15:33:13Z
2026-08-26T15:27:09Z,2026-08-26T17:27:09+0200,ec44fe02-3364-422b-92bd-0daf191e06d6,2026-07-28T09:00:00Z,2026-07-28T11:00:00+0200,2071.761,MW,DE,DE_LU,actual_offshore_wind_generation,Wind Offshore,2026-08-26T15:33:13Z
2026-08-26T15:27:09Z,2026-08-26T17:27:09+0200,ec44fe02-3364-422b-92bd-0daf191e06d6,2026-07-28T09:15:00Z,2026-07-28T11:15:00+0200,2104.944,MW,DE,DE_LU,actual_offshore_wind_generation,Wind Offshore,2026-08-26T15:33:13Z
2026-08-26T15:27:09Z,2026-08-26T17:27:09+0200,ec44fe02-3364-422b-92bd-0daf191e06d6,2026-07-28T09:30:00Z,2026-07-28T11:30:00+0200,2214.065,MW,DE,DE_LU,actual_offshore_wind_generation,Wind Offshore,2026-08-26T15:33:13Z
2026-08-26T15:27:09Z,2026-08-26T17:27:09+0200,ec44fe02-3364-422b-92bd-0daf191e06d6,2026-07-28T09:45:00Z,2026-07-28T11:45:00+0200,2305.878,MW,DE,DE_LU,actual_offshore_wind_generation,Wind Offshore,2026-08-26T15:33:13Z
2026-08-26T15:27:09Z,2026-08-26T17:27:09+0200,ec44fe02-3364-422b-92bd-0daf191e06d6,2026-07-28T10:00:00Z,2026-07-28T12:00:00+0200,2328.514,MW,DE,DE_LU,actual_offshore_wind_generation,Wind Offshore,2026-08-26T15:33:13Z
2026-08-26T15:27:09Z,2026-08-26T17:27:09+0200,ec44fe02-3364-422b-92bd-0daf191e06d6,2026-07-28T10:15:00Z,2026-07-28T12:15:00+0200,2315.987,MW,DE,DE_LU,actual_offshore_wind_generation,Wind Offshore,2026-08-26T15:33:13Z
2026-08-26T15:27:09Z,2026-08-26T17:27:09+0200,ec44fe02-3364-422b-92bd-0daf191e06d6,2026-07-28T10:30:00Z,2026-07-28T12:30:00+0200,2396.226,MW,DE,DE_LU,actual_offshore_wind_generation,Wind Offshore,2026-08-26T15:33:13Z
2026-08-26T15:27:09Z,2026-08-26T17:27:09+0200,ec44fe02-3364-422b-92bd-0daf191e06d6,2026-07-28T10:45:00Z,2026-07-28T12:45:00+0200,2466.445,MW,DE,DE_LU,actual_offshore_wind_generation,Wind Offshore,2026-08-26T15:33:13Z
2026-08-26T15:27:09Z,2026-08-26T17:27:09+0200,ec44fe02-3364-422b-92bd-0daf191e06d6,2026-07-28T11:00:00Z,2026-07-28T13:00:00+0200,2424.521,MW,DE,DE_LU,actual_offshore_wind_generation,Wind Offshore,2026-08-26T15:33:13Z
2026-08-26T15:27:09Z,2026-08-26T17:27:09+0200,ec44fe02-3364-422b-92bd-0daf191e06d6,2026-07-28T11:15:00Z,2026-07-28T13:15:00+0200,2413.226,MW,DE,DE_LU,actual_offshore_wind_generation,Wind Offshore,2026-08-26T15:33:13Z
2026-08-26T15:27:09Z,2026-08-26T17:27:09+0200,ec44fe02-3364-422b-92bd-0daf191e06d6,2026-07-28T11:30:00Z,2026-07-28T13:30:00+0200,2522.962,MW,DE,DE_LU,actual_offshore_wind_generation,Wind Offshore,2026-08-26T15:33:13Z
2026-08-26T15:27:09Z,2026-08-26T17:27:09+0200,ec44fe02-3364-422b-92bd-0daf191e06d6,2026-07-28T11:45:00Z,2026-07-28T13:45:00+0200,2656.976,MW,DE,DE_LU,actual_offshore_wind_generation,Wind Offshore,2026-08-26T15:33:13Z
2026-08-26T15:27:09Z,2026-08-26T17:27:09+0200,ec44fe02-3364-422b-92bd-0daf191e06d6,2026-07-28T12:00:00Z,2026-07-28T14:00:00+0200,2686.082,MW,DE,DE_LU,actual_offshore_wind_generation,Wind Offshore,2026-08-26T15:33:13Z
2026-08-26T15:27:09Z,2026-08-26T17:27:09+0200,ec44fe02-3364-422b-92bd-0daf191e06d6,2026-07-28T12:15:00Z,2026-07-28T14:15:00+0200,2732.436,MW,DE,DE_LU,actual_offshore_wind_generation,Wind Offshore,2026-08-26T15:33:13Z
2026-08-26T15:27:09Z,2026-08-26T17:27:09+0200,ec44fe02-3364-422b-92bd-0daf191e06d6,2026-07-28T12:30:00Z,2026-07-28T14:30:00+0200,2790.745,MW,DE,DE_LU,actual_offshore_wind_generation,Wind Offshore,2026-08-26T15:33:13Z
2026-08-26T15:27:09Z,2026-08-26T17:27:09+0200,ec44fe02-3364-422b-92bd-0daf191e06d6,2026-07-28T12:45:00Z,2026-07-28T14:45:00+0200,2871.172,MW,DE,DE_LU,actual_offshore_wind_generation,Wind Offshore,2026-08-26T15:33:13Z
2026-08-26T15:27:09Z,2026-08-26T17:27:09+0200,ec44fe02-3364-422b-92bd-0daf191e06d6,2026-07-28T13:00:00Z,2026-07-28T15:00:00+0200,3070.606,MW,DE,DE_LU,actual_offshore_wind_generation,Wind Offshore,2026-08-26T15:33:13Z
2026-08-26T15:27:09Z,2026-08-26T17:27:09+0200,ec44fe02-3364-422b-92bd-0daf191e06d6,2026-07-28T13:15:00Z,2026-07-28T15:15:00+0200,3243.504,MW,DE,DE_LU,actual_offshore_wind_generation,Wind Offshore,2026-08-26T15:33:13Z
2026-08-26T15:27:09Z,2026-08-26T17:27:09+0200,ec44fe02-3364-422b-92bd-0daf191e06d6,2026-07-28T13:30:00Z,2026-07-28T15:30:00+0200,3370.895,MW,DE,DE_LU,actual_offshore_wind_generation,Wind Offshore,2026-08-26T15:33:13Z
2026-08-26T15:27:09Z,2026-08-26T17:27:09+0200,ec44fe02-3364-422b-92bd-0daf191e06d6,2026-07-28T13:45:00Z,2026-07-28T15:45:00+0200,3507.179,MW,DE,DE_LU,actual_offshore_wind_generation,Wind Offshore,2026-08-26T15:33:13Z
2026-08-26T15:27:09Z,2026-08-26T17:27:09+0200,ec44fe02-3364-422b-92bd-0daf191e06d6,2026-07-28T14:00:00Z,2026-07-28T16:00:00+0200,3636.036,MW,DE,DE_LU,actual_offshore_wind_generation,Wind Offshore,2026-08-26T15:33:13Z
2026-08-26T15:27:09Z,2026-08-26T17:27:09+0200,ec44fe02-3364-422b-92bd-0daf191e06d6,2026-07-28T14:15:00Z,2026-07-28T16:15:00+0200,3994.416,MW,DE,DE_LU,actual_offshore_wind_generation,Wind Offshore,2026-08-26T15:33:13Z
2026-08-26T15:27:09Z,2026-08-26T17:27:09+0200,ec44fe02-3364-422b-92bd-0daf191e06d6,2026-07-28T14:30:00Z,2026-07-28T16:30:00+0200,3969.257,MW,DE,DE_LU,actual_offshore_wind_generation,Wind Offshore,2026-08-26T15:33:13Z
2026-08-26T15:27:09Z,2026-08-26T17:27:09+0200,ec44fe02-3364-422b-92bd-0daf191e06d6,2026-07-28T14:45:00Z,2026-07-28T16:45:00+0200,4255.731,MW,DE,DE_LU,actual_offshore_wind_generation,Wind Offshore,2026-08-26T15:33:13Z
2026-08-26T15:27:09Z,2026-08-26T17:27:09+0200,ec44fe02-3364-422b-92bd-0daf191e06d6,2026-07-28T15:00:00Z,2026-07-28T17:00:00+0200,4141.76,MW,DE,DE_LU,actual_offshore_wind_generation,Wind Offshore,2026-08-26T15:33:13Z
2026-08-26T15:27:09Z,2026-08-26T17:27:09+0200,ec44fe02-3364-422b-92bd-0daf191e06d6,2026-07-28T15:15:00Z,2026-07-28T17:15:00+0200,4049.249,MW,DE,DE_LU,actual_offshore_wind_generation,Wind Offshore,2026-08-26T15:33:13Z
2026-08-26T15:27:09Z,2026-08-26T17:27:09+0200,ec44fe02-3364-422b-92bd-0daf191e06d6,2026-07-28T15:30:00Z,2026-07-28T17:30:00+0200,3912.565,MW,DE,DE_LU,actual_offshore_wind_generation,Wind Offshore,2026-08-26T15:33:13Z
2026-08-26T15:27:09Z,2026-08-26T17:27:09+0200,ec44fe02-3364-422b-92bd-0daf191e06d6,2026-07-28T15:45:00Z,2026-07-28T17:45:00+0200,3908.553,MW,DE,DE_LU,actual_offshore_wind_generation,Wind Offshore,2026-08-26T15:33:13Z
2026-08-26T15:27:09Z,2026-08-26T17:27:09+0200,ec44fe02-3364-422b-92bd-0daf191e06d6,2026-07-28T16:00:00Z,2026-07-28T18:00:00+0200,4036.187,MW,DE,DE_LU,actual_offshore_wind_generation,Wind Offshore,2026-08-26T15:33:13Z
2026-08-26T15:27:09Z,2026-08-26T17:27:09+0200,ec44fe02-3364-422b-92bd-0daf191e06d6,2026-07-28T16:15:00Z,2026-07-28T18:15:00+0200,4199.699,MW,DE,DE_LU,actual_offshore_wind_generation,Wind Offshore,2026-08-26T15:33:13Z
2026-08-26T15:27:09Z,2026-08-26T17:27:09+0200,ec44fe02-3364-422b-92bd-0daf191e06d6,2026-07-28T16:30:00Z,2026-07-28T18:30:00+0200,4244.009,MW,DE,DE_LU,actual_offshore_wind_generation,Wind Offshore,2026-08-26T15:33:13Z
2026-08-26T15:27:09Z,2026-08-26T17:27:09+0200,ec44fe02-3364-422b-92bd-0daf191e06d6,2026-07-28T16:45:00Z,2026-07-28T18:45:00+0200,4278.399,MW,DE,DE_LU,actual_offshore_wind_generation,Wind Offshore,2026-08-26T15:33:13Z
2026-08-26T15:27:09Z,2026-08-26T17:27:09+0200,ec44fe02-3364-422b-92bd-0daf191e06d6,2026-07-28T17:00:00Z,2026-07-28T19:00:00+0200,4320.355,MW,DE,DE_LU,actual_offshore_wind_generation,Wind Offshore,2026-08-26T15:33:13Z
2026-08-26T15:27:09Z,2026-08-26T17:27:09+0200,ec44fe02-3364-422b-92bd-0daf191e06d6,2026-07-28T17:15:00Z,2026-07-28T19:15:00+0200,4358.76,MW,DE,DE_LU,actual_offshore_wind_generation,Wind Offshore,2026-08-26T15:33:13Z
2026-08-26T15:27:09Z,2026-08-26T17:27:09+0200,ec44fe02-3364-422b-92bd-0daf191e06d6,2026-07-28T17:30:00Z,2026-07-28T19:30:00+0200,4360.191,MW,DE,DE_LU,actual_offshore_wind_generation,Wind Offshore,2026-08-26T15:33:13Z
2026-08-26T15:27:09Z,2026-08-26T17:27:09+0200,ec44fe02-3364-422b-92bd-0daf191e06d6,2026-07-28T17:45:00Z,2026-07-28T19:45:00+0200,4149.016,MW,DE,DE_LU,actual_offshore_wind_generation,Wind Offshore,2026-08-26T15:33:13Z
2026-08-26T15:27:09Z,2026-08-26T17:27:09+0200,ec44fe02-3364-422b-92bd-0daf191e06d6,2026-07-28T18:00:00Z,2026-07-28T20:00:00+0200,3859.157,MW,DE,DE_LU,actual_offshore_wind_generation,Wind Offshore,2026-08-26T15:33:13Z
2026-08-26T15:27:09Z,2026-08-26T17:27:09+0200,ec44fe02-3364-422b-92bd-0daf191e06d6,2026-07-28T18:15:00Z,2026-07-28T20:15:00+0200,3670.014,MW,DE,DE_LU,actual_offshore_wind_generation,Wind Offshore,2026-08-26T15:33:13Z
2026-08-26T15:27:09Z,2026-08-26T17:27:09+0200,ec44fe02-3364-422b-92bd-0daf191e06d6,2026-07-28T18:30:00Z,2026-07-28T20:30:00+0200,3604.671,MW,DE,DE_LU,actual_offshore_wind_generation,Wind Offshore,2026-08-26T15:33:13Z
2026-08-26T15:27:09Z,2026-08-26T17:27:09+0200,ec44fe02-3364-422b-92bd-0daf191e06d6,2026-07-28T18:45:00Z,2026-07-28T20:45:00+0200,3423.069,MW,DE,DE_LU,actual_offshore_wind_generation,Wind Offshore,2026-08-26T15:33:13Z
2026-08-26T15:27:09Z,2026-08-26T17:27:09+0200,ec44fe02-3364-422b-92bd-0daf191e06d6,2026-07-28T19:00:00Z,2026-07-28T21:00:00+0200,3324.287,MW,DE,DE_LU,actual_offshore_wind_generation,Wind Offshore,2026-08-26T15:33:13Z
2026-08-26T15:27:09Z,2026-08-26T17:27:09+0200,ec44fe02-3364-422b-92bd-0daf191e06d6,2026-07-28T19:15:00Z,2026-07-28T21:15:00+0200,3145.94,MW,DE,DE_LU,actual_offshore_wind_generation,Wind Offshore,2026-08-26T15:33:13Z
2026-08-26T15:27:09Z,2026-08-26T17:27:09+0200,ec44fe02-3364-422b-92bd-0daf191e06d6,2026-07-28T19:30:00Z,2026-07-28T21:30:00+0200,2893.93,MW,DE,DE_LU,actual_offshore_wind_generation,Wind Offshore,2026-08-26T15:33:13Z
2026-08-26T15:27:09Z,2026-08-26T17:27:09+0200,ec44fe02-3364-422b-92bd-0daf191e06d6,2026-07-28T19:45:00Z,2026-07-28T21:45:00+0200,2590.572,MW,DE,DE_LU,actual_offshore_wind_generation,Wind Offshore,2026-08-26T15:33:13Z
2026-08-26T15:27:09Z,2026-08-26T17:27:09+0200,ec44fe02-3364-422b-92bd-0daf191e06d6,2026-07-28T20:00:00Z,2026-07-28T22:00:00+0200,2482.742,MW,DE,DE_LU,actual_offshore_wind_generation,Wind Offshore,2026-08-26T15:33:13Z
2026-08-26T15:27:09Z,2026-08-26T17:27:09+0200,ec44fe02-3364-422b-92bd-0daf191e06d6,2026-07-28T20:15:00Z,2026-07-28T22:15:00+0200,2400.137,MW,DE,DE_LU,actual_offshore_wind_generation,Wind Offshore,2026-08-26T15:33:13Z
2026-08-26T15:27:09Z,2026-08-26T17:27:09+0200,ec44fe02-3364-422b-92bd-0daf191e06d6,2026-07-28T20:30:00Z,2026-07-28T22:30:00+0200,2316.609,MW,DE,DE_LU,actual_offshore_wind_generation,Wind Offshore,2026-08-26T15:33:13Z
2026-08-26T15:27:09Z,2026-08-26T17:27:09+0200,ec44fe02-3364-422b-92bd-0daf191e06d6,2026-07-28T20:45:00Z,2026-07-28T22:45:00+0200,2288.947,MW,DE,DE_LU,actual_offshore_wind_generation,Wind Offshore,2026-08-26T15:33:13Z
2026-08-26T15:27:09Z,2026-08-26T17:27:09+0200,ec44fe02-3364-422b-92bd-0daf191e06d6,2026-07-28T21:00:00Z,2026-07-28T23:00:00+0200,2234.587,MW,DE,DE_LU,actual_offshore_wind_generation,Wind Offshore,2026-08-26T15:33:13Z
2026-08-26T15:27:09Z,2026-08-26T17:27:09+0200,ec44fe02-3364-422b-92bd-0daf191e06d6,2026-07-28T21:15:00Z,2026-07-28T23:15:00+0200,2215.21,MW,DE,DE_LU,actual_offshore_wind_generation,Wind Offshore,2026-08-26T15:33:13Z
2026-08-26T15:27:09Z,2026-08-26T17:27:09+0200,ec44fe02-3364-422b-92bd-0daf191e06d6,2026-07-28T21:30:00Z,2026-07-28T23:30:00+0200,2158.18,MW,DE,DE_LU,actual_offshore_wind_generation,Wind Offshore,2026-08-26T15:33:13Z
2026-08-26T15:27:09Z,2026-08-26T17:27:09+0200,ec44fe02-3364-422b-92bd-0daf191e06d6,2026-07-28T21:45:00Z,2026-07-28T23:45:00+0200,2044.814,MW,DE,DE_LU,actual_offshore_wind_generation,Wind Offshore,2026-08-26T15:33:13Z
2026-08-26T15:27:09Z,2026-08-26T17:27:09+0200,ec44fe02-3364-422b-92bd-0daf191e06d6,2026-07-28T22:00:00Z,2026-07-29T00:00:00+0200,2102.993,MW,DE,DE_LU,actual_offshore_wind_generation,Wind Offshore,2026-08-26T15:33:13Z
2026-08-26T15:27:09Z,2026-08-26T17:27:09+0200,ec44fe02-3364-422b-92bd-0daf191e06d6,2026-07-28T22:15:00Z,2026-07-29T00:15:00+0200,2116.445,MW,DE,DE_LU,actual_offshore_wind_generation,Wind Offshore,2026-08-26T15:33:13Z
2026-08-26T15:27:09Z,2026-08-26T17:27:09+0200,ec44fe02-3364-422b-92bd-0daf191e06d6,2026-07-28T22:30:00Z,2026-07-29T00:30:00+0200,2075.821,MW,DE,DE_LU,actual_offshore_wind_generation,Wind Offshore,2026-08-26T15:33:13Z
2026-08-26T15:27:09Z,2026-08-26T17:27:09+0200,ec44fe02-3364-422b-92bd-0daf191e06d6,2026-07-28T22:45:00Z,2026-07-29T00:45:00+0200,2006.758,MW,DE,DE_LU,actual_offshore_wind_generation,Wind Offshore,2026-08-26T15:33:13Z
2026-08-26T15:27:09Z,2026-08-26T17:27:09+0200,ec44fe02-3364-422b-92bd-0daf191e06d6,2026-07-28T23:00:00Z,2026-07-29T01:00:00+0200,2004.643,MW,DE,DE_LU,actual_offshore_wind_generation,Wind Offshore,2026-08-26T15:33:13Z
2026-08-26T15:27:09Z,2026-08-26T17:27:09+0200,ec44fe02-3364-422b-92bd-0daf191e06d6,2026-07-28T23:15:00Z,2026-07-29T01:15:00+0200,2073.774,MW,DE,DE_LU,actual_offshore_wind_generation,Wind Offshore,2026-08-26T15:33:13Z
2026-08-26T15:27:09Z,2026-08-26T17:27:09+0200,ec44fe02-3364-422b-92bd-0daf191e06d6,2026-07-28T23:30:00Z,2026-07-29T01:30:00+0200,2192.707,MW,DE,DE_LU,actual_offshore_wind_generation,Wind Offshore,2026-08-26T15:33:13Z
2026-08-26T15:27:09Z,2026-08-26T17:27:09+0200,ec44fe02-3364-422b-92bd-0daf191e06d6,2026-07-28T23:45:00Z,2026-07-29T01:45:00+0200,2210.386,MW,DE,DE_LU,actual_offshore_wind_generation,Wind Offshore,2026-08-26T15:33:13Z
2026-08-26T15:27:09Z,2026-08-26T17:27:09+0200,ec44fe02-3364-422b-92bd-0daf191e06d6,2026-07-29T00:00:00Z,2026-07-29T02:00:00+0200,2185.467,MW,DE,DE_LU,actual_offshore_wind_generation,Wind Offshore,2026-08-26T15:33:13Z
2026-08-26T15:27:09Z,2026-08-26T17:27:09+0200,ec44fe02-3364-422b-92bd-0daf191e06d6,2026-07-29T00:15:00Z,2026-07-29T02:15:00+0200,2273.965,MW,DE,DE_LU,actual_offshore_wind_generation,Wind Offshore,2026-08-26T15:33:13Z
2026-08-26T15:27:09Z,2026-08-26T17:27:09+0200,ec44fe02-3364-422b-92bd-0daf191e06d6,2026-07-29T00:30:00Z,2026-07-29T02:30:00+0200,2395.859,MW,DE,DE_LU,actual_offshore_wind_generation,Wind Offshore,2026-08-26T15:33:13Z
2026-08-26T15:27:09Z,2026-08-26T17:27:09+0200,ec44fe02-3364-422b-92bd-0daf191e06d6,2026-07-29T00:45:00Z,2026-07-29T02:45:00+0200,2449.181,MW,DE,DE_LU,actual_offshore_wind_generation,Wind Offshore,2026-08-26T15:33:13Z
2026-08-26T15:27:09Z,2026-08-26T17:27:09+0200,ec44fe02-3364-422b-92bd-0daf191e06d6,2026-07-29T01:00:00Z,2026-07-29T03:00:00+0200,2411.69,MW,DE,DE_LU,actual_offshore_wind_generation,Wind Offshore,2026-08-26T15:33:13Z
2026-08-26T15:27:09Z,2026-08-26T17:27:09+0200,ec44fe02-3364-422b-92bd-0daf191e06d6,2026-07-29T01:15:00Z,2026-07-29T03:15:00+0200,2270.551,MW,DE,DE_LU,actual_offshore_wind_generation,Wind Offshore,2026-08-26T15:33:13Z
2026-08-26T15:27:09Z,2026-08-26T17:27:09+0200,ec44fe02-3364-422b-92bd-0daf191e06d6,2026-07-29T01:30:00Z,2026-07-29T03:30:00+0200,2123.372,MW,DE,DE_LU,actual_offshore_wind_generation,Wind Offshore,2026-08-26T15:33:13Z
2026-08-26T15:27:09Z,2026-08-26T17:27:09+0200,ec44fe02-3364-422b-92bd-0daf191e06d6,2026-07-29T01:45:00Z,2026-07-29T03:45:00+0200,2086.932,MW,DE,DE_LU,actual_offshore_wind_generation,Wind Offshore,2026-08-26T15:33:13Z
2026-08-26T15:27:09Z,2026-08-26T17:27:09+0200,ec44fe02-3364-422b-92bd-0daf191e06d6,2026-07-29T02:00:00Z,2026-07-29T04:00:00+0200,2183.043,MW,DE,DE_LU,actual_offshore_wind_generation,Wind Offshore,2026-08-26T15:33:13Z
2026-08-26T15:27:09Z,2026-08-26T17:27:09+0200,ec44fe02-3364-422b-92bd-0daf191e06d6,2026-07-29T02:15:00Z,2026-07-29T04:15:00+0200,2317.569,MW,DE,DE_LU,actual_offshore_wind_generation,Wind Offshore,2026-08-26T15:33:13Z
2026-08-26T15:27:09Z,2026-08-26T17:27:09+0200,ec44fe02-3364-422b-92bd-0daf191e06d6,2026-07-29T02:30:00Z,2026-07-29T04:30:00+0200,2375.847,MW,DE,DE_LU,actual_offshore_wind_generation,Wind Offshore,2026-08-26T15:33:13Z
2026-08-26T15:27:09Z,2026-08-26T17:27:09+0200,ec44fe02-3364-422b-92bd-0daf191e06d6,2026-07-29T02:45:00Z,2026-07-29T04:45:00+0200,2390.706,MW,DE,DE_LU,actual_offshore_wind_generation,Wind Offshore,2026-08-26T15:33:13Z
2026-08-26T15:27:09Z,2026-08-26T17:27:09+0200,ec44fe02-3364-422b-92bd-0daf191e06d6,2026-07-29T03:00:00Z,2026-07-29T05:00:00+0200,2424.873,MW,DE,DE_LU,actual_offshore_wind_generation,Wind Offshore,2026-08-26T15:33:13Z
2026-08-26T15:27:09Z,2026-08-26T17:27:09+0200,ec44fe02-3364-422b-92bd-0daf191e06d6,2026-07-29T03:15:00Z,2026-07-29T05:15:00+0200,2456.396,MW,DE,DE_LU,actual_offshore_wind_generation,Wind Offshore,2026-08-26T15:33:13Z
2026-08-26T15:27:09Z,2026-08-26T17:27:09+0200,ec44fe02-3364-422b-92bd-0daf191e06d6,2026-07-29T03:30:00Z,2026-07-29T05:30:00+0200,2530.327,MW,DE,DE_LU,actual_offshore_wind_generation,Wind Offshore,2026-08-26T15:33:13Z
2026-08-26T15:27:09Z,2026-08-26T17:27:09+0200,ec44fe02-3364-422b-92bd-0daf191e06d6,2026-07-29T03:45:00Z,2026-07-29T05:45:00+0200,2577.893,MW,DE,DE_LU,actual_offshore_wind_generation,Wind Offshore,2026-08-26T15:33:13Z
2026-08-26T15:27:09Z,2026-08-26T17:27:09+0200,ec44fe02-3364-422b-92bd-0daf191e06d6,2026-07-29T04:00:00Z,2026-07-29T06:00:00+0200,2551.734,MW,DE,DE_LU,actual_offshore_wind_generation,Wind Offshore,2026-08-26T15:33:13Z
2026-08-26T15:27:09Z,2026-08-26T17:27:09+0200,ec44fe02-3364-422b-92bd-0daf191e06d6,2026-07-29T04:15:00Z,2026-07-29T06:15:00+0200,2499.766,MW,DE,DE_LU,actual_offshore_wind_generation,Wind Offshore,2026-08-26T15:33:13Z
2026-08-26T15:27:09Z,2026-08-26T17:27:09+0200,ec44fe02-3364-422b-92bd-0daf191e06d6,2026-07-29T04:30:00Z,2026-07-29T06:30:00+0200,2458.123,MW,DE,DE_LU,actual_offshore_wind_generation,Wind Offshore,2026-08-26T15:33:13Z
2026-08-26T15:27:09Z,2026-08-26T17:27:09+0200,ec44fe02-3364-422b-92bd-0daf191e06d6,2026-07-29T04:45:00Z,2026-07-29T06:45:00+0200,2454.743,MW,DE,DE_LU,actual_offshore_wind_generation,Wind Offshore,2026-08-26T15:33:13Z
2026-08-26T15:27:09Z,2026-08-26T17:27:09+0200,ec44fe02-3364-422b-92bd-0daf191e06d6,2026-07-29T05:00:00Z,2026-07-29T07:00:00+0200,2175.84,MW,DE,DE_LU,actual_offshore_wind_generation,Wind Offshore,2026-08-26T15:33:13Z
2026-08-26T15:27:09Z,2026-08-26T17:27:09+0200,ec44fe02-3364-422b-92bd-0daf191e06d6,2026-07-29T05:15:00Z,2026-07-29T07:15:00+0200,2191.95,MW,DE,DE_LU,actual_offshore_wind_generation,Wind Offshore,2026-08-26T15:33:13Z
2026-08-26T15:27:09Z,2026-08-26T17:27:09+0200,ec44fe02-3364-422b-92bd-0daf191e06d6,2026-07-29T05:30:00Z,2026-07-29T07:30:00+0200,2250.769,MW,DE,DE_LU,actual_offshore_wind_generation,Wind Offshore,2026-08-26T15:33:13Z
2026-08-26T15:27:09Z,2026-08-26T17:27:09+0200,ec44fe02-3364-422b-92bd-0daf191e06d6,2026-07-29T05:45:00Z,2026-07-29T07:45:00+0200,2281.298,MW,DE,DE_LU,actual_offshore_wind_generation,Wind Offshore,2026-08-26T15:33:13Z
2026-08-26T15:27:09Z,2026-08-26T17:27:09+0200,ec44fe02-3364-422b-92bd-0daf191e06d6,2026-07-29T06:00:00Z,2026-07-29T08:00:00+0200,2299.416,MW,DE,DE_LU,actual_offshore_wind_generation,Wind Offshore,2026-08-26T15:33:13Z
2026-08-26T15:27:09Z,2026-08-26T17:27:09+0200,ec44fe02-3364-422b-92bd-0daf191e06d6,2026-07-29T06:15:00Z,2026-07-29T08:15:00+0200,2303.404,MW,DE,DE_LU,actual_offshore_wind_generation,Wind Offshore,2026-08-26T15:33:13Z
2026-08-26T15:27:09Z,2026-08-26T17:27:09+0200,ec44fe02-3364-422b-92bd-0daf191e06d6,2026-07-29T06:30:00Z,2026-07-29T08:30:00+0200,2268.593,MW,DE,DE_LU,actual_offshore_wind_generation,Wind Offshore,2026-08-26T15:33:13Z
2026-08-26T15:27:09Z,2026-08-26T17:27:09+0200,ec44fe02-3364-422b-92bd-0daf191e06d6,2026-07-29T06:45:00Z,2026-07-29T08:45:00+0200,2170.928,MW,DE,DE_LU,actual_offshore_wind_generation,Wind Offshore,2026-08-26T15:33:13Z
2026-08-26T15:27:09Z,2026-08-26T17:27:09+0200,ec44fe02-3364-422b-92bd-0daf191e06d6,2026-07-29T07:00:00Z,2026-07-29T09:00:00+0200,2197.538,MW,DE,DE_LU,actual_offshore_wind_generation,Wind Offshore,2026-08-26T15:33:13Z
2026-08-26T15:27:09Z,2026-08-26T17:27:09+0200,ec44fe02-3364-422b-92bd-0daf191e06d6,2026-07-29T07:15:00Z,2026-07-29T09:15:00+0200,2118.324,MW,DE,DE_LU,actual_offshore_wind_generation,Wind Offshore,2026-08-26T15:33:13Z
2026-08-26T15:27:09Z,2026-08-26T17:27:09+0200,ec44fe02-3364-422b-92bd-0daf191e06d6,2026-07-29T07:30:00Z,2026-07-29T09:30:00+0200,1934.041,MW,DE,DE_LU,actual_offshore_wind_generation,Wind Offshore,2026-08-26T15:33:13Z
2026-08-26T15:27:09Z,2026-08-26T17:27:09+0200,ec44fe02-3364-422b-92bd-0daf191e06d6,2026-07-29T07:45:00Z,2026-07-29T09:45:00+0200,1780.62,MW,DE,DE_LU,actual_offshore_wind_generation,Wind Offshore,2026-08-26T15:33:13Z
2026-08-26T15:27:09Z,2026-08-26T17:27:09+0200,ec44fe02-3364-422b-92bd-0daf191e06d6,2026-07-29T08:00:00Z,2026-07-29T10:00:00+0200,1631.62,MW,DE,DE_LU,actual_offshore_wind_generation,Wind Offshore,2026-08-26T15:33:13Z
2026-08-26T15:27:09Z,2026-08-26T17:27:09+0200,ec44fe02-3364-422b-92bd-0daf191e06d6,2026-07-29T08:15:00Z,2026-07-29T10:15:00+0200,1526.275,MW,DE,DE_LU,actual_offshore_wind_generation,Wind Offshore,2026-08-26T15:33:13Z
2026-08-26T15:27:09Z,2026-08-26T17:27:09+0200,ec44fe02-3364-422b-92bd-0daf191e06d6,2026-07-29T08:30:00Z,2026-07-29T10:30:00+0200,1408.936,MW,DE,DE_LU,actual_offshore_wind_generation,Wind Offshore,2026-08-26T15:33:13Z
2026-08-26T15:27:09Z,2026-08-26T17:27:09+0200,ec44fe02-3364-422b-92bd-0daf191e06d6,2026-07-29T08:45:00Z,2026-07-29T10:45:00+0200,1257.558,MW,DE,DE_LU,actual_offshore_wind_generation,Wind Offshore,2026-08-26T15:33:13Z
2026-08-26T15:27:09Z,2026-08-26T17:27:09+0200,ec44fe02-3364-422b-92bd-0daf191e06d6,2026-07-29T09:00:00Z,2026-07-29T11:00:00+0200,1175.647,MW,DE,DE_LU,actual_offshore_wind_generation,Wind Offshore,2026-08-26T15:33:13Z
2026-08-26T15:27:09Z,2026-08-26T17:27:09+0200,ec44fe02-3364-422b-92bd-0daf191e06d6,2026-07-29T09:15:00Z,2026-07-29T11:15:00+0200,1100.567,MW,DE,DE_LU,actual_offshore_wind_generation,Wind Offshore,2026-08-26T15:33:13Z
2026-08-26T15:27:09Z,2026-08-26T17:27:09+0200,ec44fe02-3364-422b-92bd-0daf191e06d6,2026-07-29T09:30:00Z,2026-07-29T11:30:00+0200,936.291,MW,DE,DE_LU,actual_offshore_wind_generation,Wind Offshore,2026-08-26T15:33:13Z
2026-08-26T15:27:09Z,2026-08-26T17:27:09+0200,ec44fe02-3364-422b-92bd-0daf191e06d6,2026-07-29T09:45:00Z,2026-07-29T11:45:00+0200,834.821,MW,DE,DE_LU,actual_offshore_wind_generation,Wind Offshore,2026-08-26T15:33:13Z
2026-08-26T15:27:09Z,2026-08-26T17:27:09+0200,ec44fe02-3364-422b-92bd-0daf191e06d6,2026-07-29T10:00:00Z,2026-07-29T12:00:00+0200,730.769,MW,DE,DE_LU,actual_offshore_wind_generation,Wind Offshore,2026-08-26T15:33:13Z
2026-08-26T15:27:09Z,2026-08-26T17:27:09+0200,ec44fe02-3364-422b-92bd-0daf191e06d6,2026-07-29T10:15:00Z,2026-07-29T12:15:00+0200,597.76,MW,DE,DE_LU,actual_offshore_wind_generation,Wind Offshore,2026-08-26T15:33:13Z
2026-08-26T15:27:09Z,2026-08-26T17:27:09+0200,ec44fe02-3364-422b-92bd-0daf191e06d6,2026-07-29T10:30:00Z,2026-07-29T12:30:00+0200,487.41,MW,DE,DE_LU,actual_offshore_wind_generation,Wind Offshore,2026-08-26T15:33:13Z
2026-08-26T15:27:09Z,2026-08-26T17:27:09+0200,ec44fe02-3364-422b-92bd-0daf191e06d6,2026-07-29T10:45:00Z,2026-07-29T12:45:00+0200,395.651,MW,DE,DE_LU,actual_offshore_wind_generation,Wind Offshore,2026-08-26T15:33:13Z
2026-08-26T15:27:09Z,2026-08-26T17:27:09+0200,ec44fe02-3364-422b-92bd-0daf191e06d6,2026-07-29T11:00:00Z,2026-07-29T13:00:00+0200,415.126,MW,DE,DE_LU,actual_offshore_wind_generation,Wind Offshore,2026-08-26T15:33:13Z
2026-08-26T15:27:09Z,2026-08-26T17:27:09+0200,ec44fe02-3364-422b-92bd-0daf191e06d6,2026-07-29T11:15:00Z,2026-07-29T13:15:00+0200,404.623,MW,DE,DE_LU,actual_offshore_wind_generation,Wind Offshore,2026-08-26T15:33:13Z
2026-08-26T15:27:09Z,2026-08-26T17:27:09+0200,ec44fe02-3364-422b-92bd-0daf191e06d6,2026-07-29T11:30:00Z,2026-07-29T13:30:00+0200,345.321,MW,DE,DE_LU,actual_offshore_wind_generation,Wind Offshore,2026-08-26T15:33:13Z
2026-08-26T15:27:09Z,2026-08-26T17:27:09+0200,ec44fe02-3364-422b-92bd-0daf191e06d6,2026-07-29T11:45:00Z,2026-07-29T13:45:00+0200,367.855,MW,DE,DE_LU,actual_offshore_wind_generation,Wind Offshore,2026-08-26T15:33:13Z
2026-08-26T15:27:09Z,2026-08-26T17:27:09+0200,ec44fe02-3364-422b-92bd-0daf191e06d6,2026-07-29T12:00:00Z,2026-07-29T14:00:00+0200,350.069,MW,DE,DE_LU,actual_offshore_wind_generation,Wind Offshore,2026-08-26T15:33:13Z
2026-08-26T15:27:09Z,2026-08-26T17:27:09+0200,ec44fe02-3364-422b-92bd-0daf191e06d6,2026-07-29T12:15:00Z,2026-07-29T14:15:00+0200,325.859,MW,DE,DE_LU,actual_offshore_wind_generation,Wind Offshore,2026-08-26T15:33:13Z
2026-08-26T15:27:09Z,2026-08-26T17:27:09+0200,ec44fe02-3364-422b-92bd-0daf191e06d6,2026-07-29T12:30:00Z,2026-07-29T14:30:00+0200,299.055,MW,DE,DE_LU,actual_offshore_wind_generation,Wind Offshore,2026-08-26T15:33:13Z
2026-08-26T15:27:09Z,2026-08-26T17:27:09+0200,ec44fe02-3364-422b-92bd-0daf191e06d6,2026-07-29T12:45:00Z,2026-07-29T14:45:00+0200,268.03,MW,DE,DE_LU,actual_offshore_wind_generation,Wind Offshore,2026-08-26T15:33:13Z
2026-08-26T15:27:09Z,2026-08-26T17:27:09+0200,ec44fe02-3364-422b-92bd-0daf191e06d6,2026-07-29T13:00:00Z,2026-07-29T15:00:00+0200,184.892,MW,DE,DE_LU,actual_offshore_wind_generation,Wind Offshore,2026-08-26T15:33:13Z
2026-08-26T15:27:09Z,2026-08-26T17:27:09+0200,ec44fe02-3364-422b-92bd-0daf191e06d6,2026-07-29T13:15:00Z,2026-07-29T15:15:00+0200,277.459,MW,DE,DE_LU,actual_offshore_wind_generation,Wind Offshore,2026-08-26T15:33:13Z
2026-08-26T15:27:09Z,2026-08-26T17:27:09+0200,ec44fe02-3364-422b-92bd-0daf191e06d6,2026-07-29T13:30:00Z,2026-07-29T15:30:00+0200,252.699,MW,DE,DE_LU,actual_offshore_wind_generation,Wind Offshore,2026-08-26T15:33:13Z
2026-08-26T15:27:09Z,2026-08-26T17:27:09+0200,ec44fe02-3364-422b-92bd-0daf191e06d6,2026-07-29T13:45:00Z,2026-07-29T15:45:00+0200,214.601,MW,DE,DE_LU,actual_offshore_wind_generation,Wind Offshore,2026-08-26T15:33:13Z
2026-08-26T15:27:09Z,2026-08-26T17:27:09+0200,ec44fe02-3364-422b-92bd-0daf191e06d6,2026-07-29T14:00:00Z,2026-07-29T16:00:00+0200,264.316,MW,DE,DE_LU,actual_offshore_wind_generation,Wind Offshore,2026-08-26T15:33:13Z
2026-08-26T15:27:09Z,2026-08-26T17:27:09+0200,ec44fe02-3364-422b-92bd-0daf191e06d6,2026-07-29T14:15:00Z,2026-07-29T16:15:00+0200,335.387,MW,DE,DE_LU,actual_offshore_wind_generation,Wind Offshore,2026-08-26T15:33:13Z
2026-08-26T15:27:09Z,2026-08-26T17:27:09+0200,ec44fe02-3364-422b-92bd-0daf191e06d6,2026-07-29T14:30:00Z,2026-07-29T16:30:00+0200,338.3,MW,DE,DE_LU,actual_offshore_wind_generation,Wind Offshore,2026-08-26T15:33:13Z
2026-08-26T15:27:09Z,2026-08-26T17:27:09+0200,ec44fe02-3364-422b-92bd-0daf191e06d6,2026-07-29T14:45:00Z,2026-07-29T16:45:00+0200,339.785,MW,DE,DE_LU,actual_offshore_wind_generation,Wind Offshore,2026-08-26T15:33:13Z
2026-08-26T15:27:09Z,2026-08-26T17:27:09+0200,ec44fe02-3364-422b-92bd-0daf191e06d6,2026-07-29T15:00:00Z,2026-07-29T17:00:00+0200,366.477,MW,DE,DE_LU,actual_offshore_wind_generation,Wind Offshore,2026-08-26T15:33:13Z
2026-08-26T15:27:09Z,2026-08-26T17:27:09+0200,ec44fe02-3364-422b-92bd-0daf191e06d6,2026-07-29T15:15:00Z,2026-07-29T17:15:00+0200,390.186,MW,DE,DE_LU,actual_offshore_wind_generation,Wind Offshore,2026-08-26T15:33:13Z
2026-08-26T15:27:09Z,2026-08-26T17:27:09+0200,ec44fe02-3364-422b-92bd-0daf191e06d6,2026-07-29T15:30:00Z,2026-07-29T17:30:00+0200,410.348,MW,DE,DE_LU,actual_offshore_wind_generation,Wind Offshore,2026-08-26T15:33:13Z
2026-08-26T15:27:09Z,2026-08-26T17:27:09+0200,ec44fe02-3364-422b-92bd-0daf191e06d6,2026-07-29T15:45:00Z,2026-07-29T17:45:00+0200,481.899,MW,DE,DE_LU,actual_offshore_wind_generation,Wind Offshore,2026-08-26T15:33:13Z
2026-08-26T15:27:09Z,2026-08-26T17:27:09+0200,ec44fe02-3364-422b-92bd-0daf191e06d6,2026-07-29T16:00:00Z,2026-07-29T18:00:00+0200,732.192,MW,DE,DE_LU,actual_offshore_wind_generation,Wind Offshore,2026-08-26T15:33:13Z
2026-08-26T15:27:09Z,2026-08-26T17:27:09+0200,ec44fe02-3364-422b-92bd-0daf191e06d6,2026-07-29T16:15:00Z,2026-07-29T18:15:00+0200,763.398,MW,DE,DE_LU,actual_offshore_wind_generation,Wind Offshore,2026-08-26T15:33:13Z
2026-08-26T15:27:09Z,2026-08-26T17:27:09+0200,ec44fe02-3364-422b-92bd-0daf191e06d6,2026-07-29T16:30:00Z,2026-07-29T18:30:00+0200,853.408,MW,DE,DE_LU,actual_offshore_wind_generation,Wind Offshore,2026-08-26T15:33:13Z
2026-08-26T15:27:09Z,2026-08-26T17:27:09+0200,ec44fe02-3364-422b-92bd-0daf191e06d6,2026-07-29T16:45:00Z,2026-07-29T18:45:00+0200,877.869,MW,DE,DE_LU,actual_offshore_wind_generation,Wind Offshore,2026-08-26T15:33:13Z
2026-08-26T15:27:09Z,2026-08-26T17:27:09+0200,ec44fe02-3364-422b-92bd-0daf191e06d6,2026-07-29T17:00:00Z,2026-07-29T19:00:00+0200,890.474,MW,DE,DE_LU,actual_offshore_wind_generation,Wind Offshore,2026-08-26T15:33:13Z
2026-08-26T15:27:09Z,2026-08-26T17:27:09+0200,ec44fe02-3364-422b-92bd-0daf191e06d6,2026-07-29T17:15:00Z,2026-07-29T19:15:00+0200,864.61,MW,DE,DE_LU,actual_offshore_wind_generation,Wind Offshore,2026-08-26T15:33:13Z
2026-08-26T15:27:09Z,2026-08-26T17:27:09+0200,ec44fe02-3364-422b-92bd-0daf191e06d6,2026-07-29T17:30:00Z,2026-07-29T19:30:00+0200,833.97,MW,DE,DE_LU,actual_offshore_wind_generation,Wind Offshore,2026-08-26T15:33:13Z
2026-08-26T15:27:09Z,2026-08-26T17:27:09+0200,ec44fe02-3364-422b-92bd-0daf191e06d6,2026-07-29T17:45:00Z,2026-07-29T19:45:00+0200,827.395,MW,DE,DE_LU,actual_offshore_wind_generation,Wind Offshore,2026-08-26T15:33:13Z
2026-08-26T15:27:09Z,2026-08-26T17:27:09+0200,ec44fe02-3364-422b-92bd-0daf191e06d6,2026-07-29T18:00:00Z,2026-07-29T20:00:00+0200,860.925,MW,DE,DE_LU,actual_offshore_wind_generation,Wind Offshore,2026-08-26T15:33:13Z
2026-08-26T15:27:09Z,2026-08-26T17:27:09+0200,ec44fe02-3364-422b-92bd-0daf191e06d6,2026-07-29T18:15:00Z,2026-07-29T20:15:00+0200,849.049,MW,DE,DE_LU,actual_offshore_wind_generation,Wind Offshore,2026-08-26T15:33:13Z
2026-08-26T15:27:09Z,2026-08-26T17:27:09+0200,ec44fe02-3364-422b-92bd-0daf191e06d6,2026-07-29T18:30:00Z,2026-07-29T20:30:00+0200,833.468,MW,DE,DE_LU,actual_offshore_wind_generation,Wind Offshore,2026-08-26T15:33:13Z
2026-08-26T15:27:09Z,2026-08-26T17:27:09+0200,ec44fe02-3364-422b-92bd-0daf191e06d6,2026-07-29T18:45:00Z,2026-07-29T20:45:00+0200,845.366,MW,DE,DE_LU,actual_offshore_wind_generation,Wind Offshore,2026-08-26T15:33:13Z
2026-08-26T15:27:09Z,2026-08-26T17:27:09+0200,ec44fe02-3364-422b-92bd-0daf191e06d6,2026-07-29T19:00:00Z,2026-07-29T21:00:00+0200,898.798,MW,DE,DE_LU,actual_offshore_wind_generation,Wind Offshore,2026-08-26T15:33:13Z
2026-08-26T15:27:09Z,2026-08-26T17:27:09+0200,ec44fe02-3364-422b-92bd-0daf191e06d6,2026-07-29T19:15:00Z,2026-07-29T21:15:00+0200,889.111,MW,DE,DE_LU,actual_offshore_wind_generation,Wind Offshore,2026-08-26T15:33:13Z
2026-08-26T15:27:09Z,2026-08-26T17:27:09+0200,ec44fe02-3364-422b-92bd-0daf191e06d6,2026-07-29T19:30:00Z,2026-07-29T21:30:00+0200,926.726,MW,DE,DE_LU,actual_offshore_wind_generation,Wind Offshore,2026-08-26T15:33:13Z
2026-08-26T15:27:09Z,2026-08-26T17:27:09+0200,ec44fe02-3364-422b-92bd-0daf191e06d6,2026-07-29T19:45:00Z,2026-07-29T21:45:00+0200,945.524,MW,DE,DE_LU,actual_offshore_wind_generation,Wind Offshore,2026-08-26T15:33:13Z
2026-08-26T15:27:09Z,2026-08-26T17:27:09+0200,ec44fe02-3364-422b-92bd-0daf191e06d6,2026-07-29T20:00:00Z,2026-07-29T22:00:00+0200,928.451,MW,DE,DE_LU,actual_offshore_wind_generation,Wind Offshore,2026-08-26T15:33:13Z
2026-08-26T15:27:09Z,2026-08-26T17:27:09+0200,ec44fe02-3364-422b-92bd-0daf191e06d6,2026-07-29T20:15:00Z,2026-07-29T22:15:00+0200,955.38,MW,DE,DE_LU,actual_offshore_wind_generation,Wind Offshore,2026-08-26T15:33:13Z
2026-08-26T15:27:09Z,2026-08-26T17:27:09+0200,ec44fe02-3364-422b-92bd-0daf191e06d6,2026-07-29T20:30:00Z,2026-07-29T22:30:00+0200,1000.642,MW,DE,DE_LU,actual_offshore_wind_generation,Wind Offshore,2026-08-26T15:33:13Z
2026-08-26T15:27:09Z,2026-08-26T17:27:09+0200,ec44fe02-3364-422b-92bd-0daf191e06d6,2026-07-29T20:45:00Z,2026-07-29T22:45:00+0200,994.026,MW,DE,DE_LU,actual_offshore_wind_generation,Wind Offshore,2026-08-26T15:33:13Z
2026-08-26T15:27:09Z,2026-08-26T17:27:09+0200,ec44fe02-3364-422b-92bd-0daf191e06d6,2026-07-29T21:00:00Z,2026-07-29T23:00:00+0200,1017.294,MW,DE,DE_LU,actual_offshore_wind_generation,Wind Offshore,2026-08-26T15:33:13Z
2026-08-26T15:27:09Z,2026-08-26T17:27:09+0200,ec44fe02-3364-422b-92bd-0daf191e06d6,2026-07-29T21:15:00Z,2026-07-29T23:15:00+0200,1110.268,MW,DE,DE_LU,actual_offshore_wind_generation,Wind Offshore,2026-08-26T15:33:13Z
2026-08-26T15:27:09Z,2026-08-26T17:27:09+0200,ec44fe02-3364-422b-92bd-0daf191e06d6,2026-07-29T21:30:00Z,2026-07-29T23:30:00+0200,1139.286,MW,DE,DE_LU,actual_offshore_wind_generation,Wind Offshore,2026-08-26T15:33:13Z
2026-08-26T15:27:09Z,2026-08-26T17:27:09+0200,ec44fe02-3364-422b-92bd-0daf191e06d6,2026-07-29T21:45:00Z,2026-07-29T23:45:00+0200,1128.798,MW,DE,DE_LU,actual_offshore_wind_generation,Wind Offshore,2026-08-26T15:33:13Z
2026-08-26T15:27:09Z,2026-08-26T17:27:09+0200,ec44fe02-3364-422b-92bd-0daf191e06d6,2026-07-29T22:00:00Z,2026-07-30T00:00:00+0200,1119.62,MW,DE,DE_LU,actual_offshore_wind_generation,Wind Offshore,2026-08-26T15:33:13Z
2026-08-26T15:27:09Z,2026-08-26T17:27:09+0200,ec44fe02-3364-422b-92bd-0daf191e06d6,2026-07-29T22:15:00Z,2026-07-30T00:15:00+0200,1128.852,MW,DE,DE_LU,actual_offshore_wind_generation,Wind Offshore,2026-08-26T15:33:13Z
2026-08-26T15:27:09Z,2026-08-26T17:27:09+0200,ec44fe02-3364-422b-92bd-0daf191e06d6,2026-07-29T22:30:00Z,2026-07-30T00:30:00+0200,1189.089,MW,DE,DE_LU,actual_offshore_wind_generation,Wind Offshore,2026-08-26T15:33:13Z
2026-08-26T15:27:09Z,2026-08-26T17:27:09+0200,ec44fe02-3364-422b-92bd-0daf191e06d6,2026-07-29T22:45:00Z,2026-07-30T00:45:00+0200,1282.904,MW,DE,DE_LU,actual_offshore_wind_generation,Wind Offshore,2026-08-26T15:33:13Z
2026-08-26T15:27:09Z,2026-08-26T17:27:09+0200,ec44fe02-3364-422b-92bd-0daf191e06d6,2026-07-29T23:00:00Z,2026-07-30T01:00:00+0200,1375.336,MW,DE,DE_LU,actual_offshore_wind_generation,Wind Offshore,2026-08-26T15:33:13Z
2026-08-26T15:27:09Z,2026-08-26T17:27:09+0200,ec44fe02-3364-422b-92bd-0daf191e06d6,2026-07-29T23:15:00Z,2026-07-30T01:15:00+0200,1506.743,MW,DE,DE_LU,actual_offshore_wind_generation,Wind Offshore,2026-08-26T15:33:13Z
2026-08-26T15:27:09Z,2026-08-26T17:27:09+0200,ec44fe02-3364-422b-92bd-0daf191e06d6,2026-07-29T23:30:00Z,2026-07-30T01:30:00+0200,1697.288,MW,DE,DE_LU,actual_offshore_wind_generation,Wind Offshore,2026-08-26T15:33:13Z
2026-08-26T15:27:09Z,2026-08-26T17:27:09+0200,ec44fe02-3364-422b-92bd-0daf191e06d6,2026-07-29T23:45:00Z,2026-07-30T01:45:00+0200,1940.405,MW,DE,DE_LU,actual_offshore_wind_generation,Wind Offshore,2026-08-26T15:33:13Z
2026-08-26T15:27:09Z,2026-08-26T17:27:09+0200,ec44fe02-3364-422b-92bd-0daf191e06d6,2026-07-30T00:00:00Z,2026-07-30T02:00:00+0200,2113.28,MW,DE,DE_LU,actual_offshore_wind_generation,Wind Offshore,2026-08-26T15:33:13Z
2026-08-26T15:27:09Z,2026-08-26T17:27:09+0200,ec44fe02-3364-422b-92bd-0daf191e06d6,2026-07-30T00:15:00Z,2026-07-30T02:15:00+0200,2263.801,MW,DE,DE_LU,actual_offshore_wind_generation,Wind Offshore,2026-08-26T15:33:13Z
2026-08-26T15:27:09Z,2026-08-26T17:27:09+0200,ec44fe02-3364-422b-92bd-0daf191e06d6,2026-07-30T00:30:00Z,2026-07-30T02:30:00+0200,2434.192,MW,DE,DE_LU,actual_offshore_wind_generation,Wind Offshore,2026-08-26T15:33:13Z
2026-08-26T15:27:09Z,2026-08-26T17:27:09+0200,ec44fe02-3364-422b-92bd-0daf191e06d6,2026-07-30T00:45:00Z,2026-07-30T02:45:00+0200,2608.192,MW,DE,DE_LU,actual_offshore_wind_generation,Wind Offshore,2026-08-26T15:33:13Z
2026-08-26T15:27:09Z,2026-08-26T17:27:09+0200,ec44fe02-3364-422b-92bd-0daf191e06d6,2026-07-30T01:00:00Z,2026-07-30T03:00:00+0200,2718.164,MW,DE,DE_LU,actual_offshore_wind_generation,Wind Offshore,2026-08-26T15:33:13Z
2026-08-26T15:27:09Z,2026-08-26T17:27:09+0200,ec44fe02-3364-422b-92bd-0daf191e06d6,2026-07-30T01:15:00Z,2026-07-30T03:15:00+0200,2802.637,MW,DE,DE_LU,actual_offshore_wind_generation,Wind Offshore,2026-08-26T15:33:13Z
2026-08-26T15:27:09Z,2026-08-26T17:27:09+0200,ec44fe02-3364-422b-92bd-0daf191e06d6,2026-07-30T01:30:00Z,2026-07-30T03:30:00+0200,2841.735,MW,DE,DE_LU,actual_offshore_wind_generation,Wind Offshore,2026-08-26T15:33:13Z
2026-08-26T15:27:09Z,2026-08-26T17:27:09+0200,ec44fe02-3364-422b-92bd-0daf191e06d6,2026-07-30T01:45:00Z,2026-07-30T03:45:00+0200,2949.498,MW,DE,DE_LU,actual_offshore_wind_generation,Wind Offshore,2026-08-26T15:33:13Z
2026-08-26T15:27:09Z,2026-08-26T17:27:09+0200,ec44fe02-3364-422b-92bd-0daf191e06d6,2026-07-30T02:00:00Z,2026-07-30T04:00:00+0200,3115.153,MW,DE,DE_LU,actual_offshore_wind_generation,Wind Offshore,2026-08-26T15:33:13Z
2026-08-26T15:27:09Z,2026-08-26T17:27:09+0200,ec44fe02-3364-422b-92bd-0daf191e06d6,2026-07-30T02:15:00Z,2026-07-30T04:15:00+0200,3308.412,MW,DE,DE_LU,actual_offshore_wind_generation,Wind Offshore,2026-08-26T15:33:13Z
2026-08-26T15:27:09Z,2026-08-26T17:27:09+0200,ec44fe02-3364-422b-92bd-0daf191e06d6,2026-07-30T02:30:00Z,2026-07-30T04:30:00+0200,3499.508,MW,DE,DE_LU,actual_offshore_wind_generation,Wind Offshore,2026-08-26T15:33:13Z
2026-08-26T15:27:09Z,2026-08-26T17:27:09+0200,ec44fe02-3364-422b-92bd-0daf191e06d6,2026-07-30T02:45:00Z,2026-07-30T04:45:00+0200,3794.386,MW,DE,DE_LU,actual_offshore_wind_generation,Wind Offshore,2026-08-26T15:33:13Z
2026-08-26T15:27:09Z,2026-08-26T17:27:09+0200,ec44fe02-3364-422b-92bd-0daf191e06d6,2026-07-30T03:00:00Z,2026-07-30T05:00:00+0200,4057.725,MW,DE,DE_LU,actual_offshore_wind_generation,Wind Offshore,2026-08-26T15:33:13Z
2026-08-26T15:27:09Z,2026-08-26T17:27:09+0200,ec44fe02-3364-422b-92bd-0daf191e06d6,2026-07-30T03:15:00Z,2026-07-30T05:15:00+0200,4356.115,MW,DE,DE_LU,actual_offshore_wind_generation,Wind Offshore,2026-08-26T15:33:13Z
2026-08-26T15:27:09Z,2026-08-26T17:27:09+0200,ec44fe02-3364-422b-92bd-0daf191e06d6,2026-07-30T03:30:00Z,2026-07-30T05:30:00+0200,4519.184,MW,DE,DE_LU,actual_offshore_wind_generation,Wind Offshore,2026-08-26T15:33:13Z
2026-08-26T15:27:09Z,2026-08-26T17:27:09+0200,ec44fe02-3364-422b-92bd-0daf191e06d6,2026-07-30T03:45:00Z,2026-07-30T05:45:00+0200,4636.469,MW,DE,DE_LU,actual_offshore_wind_generation,Wind Offshore,2026-08-26T15:33:13Z
2026-08-26T15:27:09Z,2026-08-26T17:27:09+0200,ec44fe02-3364-422b-92bd-0daf191e06d6,2026-07-30T04:00:00Z,2026-07-30T06:00:00+0200,4767.569,MW,DE,DE_LU,actual_offshore_wind_generation,Wind Offshore,2026-08-26T15:33:13Z
2026-08-26T15:27:09Z,2026-08-26T17:27:09+0200,ec44fe02-3364-422b-92bd-0daf191e06d6,2026-07-30T04:15:00Z,2026-07-30T06:15:00+0200,4843.615,MW,DE,DE_LU,actual_offshore_wind_generation,Wind Offshore,2026-08-26T15:33:13Z
2026-08-26T15:27:09Z,2026-08-26T17:27:09+0200,ec44fe02-3364-422b-92bd-0daf191e06d6,2026-07-30T04:30:00Z,2026-07-30T06:30:00+0200,4833.761,MW,DE,DE_LU,actual_offshore_wind_generation,Wind Offshore,2026-08-26T15:33:13Z
2026-08-26T15:27:09Z,2026-08-26T17:27:09+0200,ec44fe02-3364-422b-92bd-0daf191e06d6,2026-07-30T04:45:00Z,2026-07-30T06:45:00+0200,4367.03,MW,DE,DE_LU,actual_offshore_wind_generation,Wind Offshore,2026-08-26T15:33:13Z
2026-08-26T15:27:09Z,2026-08-26T17:27:09+0200,ec44fe02-3364-422b-92bd-0daf191e06d6,2026-07-30T05:00:00Z,2026-07-30T07:00:00+0200,4065.569,MW,DE,DE_LU,actual_offshore_wind_generation,Wind Offshore,2026-08-26T15:33:13Z
2026-08-26T15:27:09Z,2026-08-26T17:27:09+0200,ec44fe02-3364-422b-92bd-0daf191e06d6,2026-07-30T05:15:00Z,2026-07-30T07:15:00+0200,3951.478,MW,DE,DE_LU,actual_offshore_wind_generation,Wind Offshore,2026-08-26T15:33:13Z
2026-08-26T15:27:09Z,2026-08-26T17:27:09+0200,ec44fe02-3364-422b-92bd-0daf191e06d6,2026-07-30T05:30:00Z,2026-07-30T07:30:00+0200,3653.515,MW,DE,DE_LU,actual_offshore_wind_generation,Wind Offshore,2026-08-26T15:33:13Z
2026-08-26T15:27:09Z,2026-08-26T17:27:09+0200,ec44fe02-3364-422b-92bd-0daf191e06d6,2026-07-30T05:45:00Z,2026-07-30T07:45:00+0200,3427.914,MW,DE,DE_LU,actual_offshore_wind_generation,Wind Offshore,2026-08-26T15:33:13Z
2026-08-26T15:27:09Z,2026-08-26T17:27:09+0200,ec44fe02-3364-422b-92bd-0daf191e06d6,2026-07-30T06:00:00Z,2026-07-30T08:00:00+0200,3589.715,MW,DE,DE_LU,actual_offshore_wind_generation,Wind Offshore,2026-08-26T15:33:13Z
2026-08-26T15:27:09Z,2026-08-26T17:27:09+0200,ec44fe02-3364-422b-92bd-0daf191e06d6,2026-07-30T06:15:00Z,2026-07-30T08:15:00+0200,3642.788,MW,DE,DE_LU,actual_offshore_wind_generation,Wind Offshore,2026-08-26T15:33:13Z
2026-08-26T15:27:09Z,2026-08-26T17:27:09+0200,ec44fe02-3364-422b-92bd-0daf191e06d6,2026-07-30T06:30:00Z,2026-07-30T08:30:00+0200,3705.15,MW,DE,DE_LU,actual_offshore_wind_generation,Wind Offshore,2026-08-26T15:33:13Z
2026-08-26T15:27:09Z,2026-08-26T17:27:09+0200,ec44fe02-3364-422b-92bd-0daf191e06d6,2026-07-30T06:45:00Z,2026-07-30T08:45:00+0200,3618.049,MW,DE,DE_LU,actual_offshore_wind_generation,Wind Offshore,2026-08-26T15:33:13Z
2026-08-26T15:27:09Z,2026-08-26T17:27:09+0200,ec44fe02-3364-422b-92bd-0daf191e06d6,2026-07-30T07:00:00Z,2026-07-30T09:00:00+0200,3540.226,MW,DE,DE_LU,actual_offshore_wind_generation,Wind Offshore,2026-08-26T15:33:13Z
2026-08-26T15:27:09Z,2026-08-26T17:27:09+0200,ec44fe02-3364-422b-92bd-0daf191e06d6,2026-07-30T07:15:00Z,2026-07-30T09:15:00+0200,3418.212,MW,DE,DE_LU,actual_offshore_wind_generation,Wind Offshore,2026-08-26T15:33:13Z
2026-08-26T15:27:09Z,2026-08-26T17:27:09+0200,ec44fe02-3364-422b-92bd-0daf191e06d6,2026-07-30T07:30:00Z,2026-07-30T09:30:00+0200,3207.901,MW,DE,DE_LU,actual_offshore_wind_generation,Wind Offshore,2026-08-26T15:33:13Z
2026-08-26T15:27:09Z,2026-08-26T17:27:09+0200,ec44fe02-3364-422b-92bd-0daf191e06d6,2026-07-30T07:45:00Z,2026-07-30T09:45:00+0200,2959.655,MW,DE,DE_LU,actual_offshore_wind_generation,Wind Offshore,2026-08-26T15:33:13Z
2026-08-26T15:27:09Z,2026-08-26T17:27:09+0200,ec44fe02-3364-422b-92bd-0daf191e06d6,2026-07-30T08:00:00Z,2026-07-30T10:00:00+0200,2614.603,MW,DE,DE_LU,actual_offshore_wind_generation,Wind Offshore,2026-08-26T15:33:13Z
2026-08-26T15:27:09Z,2026-08-26T17:27:09+0200,ec44fe02-3364-422b-92bd-0daf191e06d6,2026-07-30T08:15:00Z,2026-07-30T10:15:00+0200,2643.025,MW,DE,DE_LU,actual_offshore_wind_generation,Wind Offshore,2026-08-26T15:33:13Z
2026-08-26T15:27:09Z,2026-08-26T17:27:09+0200,ec44fe02-3364-422b-92bd-0daf191e06d6,2026-07-30T08:30:00Z,2026-07-30T10:30:00+0200,2690.631,MW,DE,DE_LU,actual_offshore_wind_generation,Wind Offshore,2026-08-26T15:33:13Z
2026-08-26T15:27:09Z,2026-08-26T17:27:09+0200,ec44fe02-3364-422b-92bd-0daf191e06d6,2026-07-30T08:45:00Z,2026-07-30T10:45:00+0200,2571.422,MW,DE,DE_LU,actual_offshore_wind_generation,Wind Offshore,2026-08-26T15:33:13Z
2026-08-26T15:27:09Z,2026-08-26T17:27:09+0200,ec44fe02-3364-422b-92bd-0daf191e06d6,2026-07-30T09:00:00Z,2026-07-30T11:00:00+0200,2494.304,MW,DE,DE_LU,actual_offshore_wind_generation,Wind Offshore,2026-08-26T15:33:13Z
2026-08-26T15:27:09Z,2026-08-26T17:27:09+0200,ec44fe02-3364-422b-92bd-0daf191e06d6,2026-07-30T09:15:00Z,2026-07-30T11:15:00+0200,2428.339,MW,DE,DE_LU,actual_offshore_wind_generation,Wind Offshore,2026-08-26T15:33:13Z
2026-08-26T15:27:09Z,2026-08-26T17:27:09+0200,ec44fe02-3364-422b-92bd-0daf191e06d6,2026-07-30T09:30:00Z,2026-07-30T11:30:00+0200,2369.203,MW,DE,DE_LU,actual_offshore_wind_generation,Wind Offshore,2026-08-26T15:33:13Z
2026-08-26T15:27:09Z,2026-08-26T17:27:09+0200,ec44fe02-3364-422b-92bd-0daf191e06d6,2026-07-30T09:45:00Z,2026-07-30T11:45:00+0200,2327.577,MW,DE,DE_LU,actual_offshore_wind_generation,Wind Offshore,2026-08-26T15:33:13Z
2026-08-26T15:27:09Z,2026-08-26T17:27:09+0200,ec44fe02-3364-422b-92bd-0daf191e06d6,2026-07-30T10:00:00Z,2026-07-30T12:00:00+0200,2322.128,MW,DE,DE_LU,actual_offshore_wind_generation,Wind Offshore,2026-08-26T15:33:13Z
2026-08-26T15:27:09Z,2026-08-26T17:27:09+0200,ec44fe02-3364-422b-92bd-0daf191e06d6,2026-07-30T10:15:00Z,2026-07-30T12:15:00+0200,2337.171,MW,DE,DE_LU,actual_offshore_wind_generation,Wind Offshore,2026-08-26T15:33:13Z
2026-08-26T15:27:09Z,2026-08-26T17:27:09+0200,ec44fe02-3364-422b-92bd-0daf191e06d6,2026-07-30T10:30:00Z,2026-07-30T12:30:00+0200,2306.487,MW,DE,DE_LU,actual_offshore_wind_generation,Wind Offshore,2026-08-26T15:33:13Z
2026-08-26T15:27:09Z,2026-08-26T17:27:09+0200,ec44fe02-3364-422b-92bd-0daf191e06d6,2026-07-30T10:45:00Z,2026-07-30T12:45:00+0200,2205.954,MW,DE,DE_LU,actual_offshore_wind_generation,Wind Offshore,2026-08-26T15:33:13Z
2026-08-26T15:27:09Z,2026-08-26T17:27:09+0200,ec44fe02-3364-422b-92bd-0daf191e06d6,2026-07-30T11:00:00Z,2026-07-30T13:00:00+0200,2257.142,MW,DE,DE_LU,actual_offshore_wind_generation,Wind Offshore,2026-08-26T15:33:13Z
2026-08-26T15:27:09Z,2026-08-26T17:27:09+0200,ec44fe02-3364-422b-92bd-0daf191e06d6,2026-07-30T11:15:00Z,2026-07-30T13:15:00+0200,2158.282,MW,DE,DE_LU,actual_offshore_wind_generation,Wind Offshore,2026-08-26T15:33:13Z
2026-08-26T15:27:09Z,2026-08-26T17:27:09+0200,ec44fe02-3364-422b-92bd-0daf191e06d6,2026-07-30T11:30:00Z,2026-07-30T13:30:00+0200,2239.786,MW,DE,DE_LU,actual_offshore_wind_generation,Wind Offshore,2026-08-26T15:33:13Z
2026-08-26T15:27:09Z,2026-08-26T17:27:09+0200,ec44fe02-3364-422b-92bd-0daf191e06d6,2026-07-30T11:45:00Z,2026-07-30T13:45:00+0200,2366.44,MW,DE,DE_LU,actual_offshore_wind_generation,Wind Offshore,2026-08-26T15:33:13Z
2026-08-26T15:27:09Z,2026-08-26T17:27:09+0200,ec44fe02-3364-422b-92bd-0daf191e06d6,2026-07-30T12:00:00Z,2026-07-30T14:00:00+0200,2515.18,MW,DE,DE_LU,actual_offshore_wind_generation,Wind Offshore,2026-08-26T15:33:13Z
2026-08-26T15:27:09Z,2026-08-26T17:27:09+0200,ec44fe02-3364-422b-92bd-0daf191e06d6,2026-07-30T12:15:00Z,2026-07-30T14:15:00+0200,2662.289,MW,DE,DE_LU,actual_offshore_wind_generation,Wind Offshore,2026-08-26T15:33:13Z
2026-08-26T15:27:09Z,2026-08-26T17:27:09+0200,ec44fe02-3364-422b-92bd-0daf191e06d6,2026-07-30T12:30:00Z,2026-07-30T14:30:00+0200,2667.337,MW,DE,DE_LU,actual_offshore_wind_generation,Wind Offshore,2026-08-26T15:33:13Z
2026-08-26T15:27:09Z,2026-08-26T17:27:09+0200,ec44fe02-3364-422b-92bd-0daf191e06d6,2026-07-30T12:45:00Z,2026-07-30T14:45:00+0200,2773.676,MW,DE,DE_LU,actual_offshore_wind_generation,Wind Offshore,2026-08-26T15:33:13Z
2026-08-26T15:27:09Z,2026-08-26T17:27:09+0200,ec44fe02-3364-422b-92bd-0daf191e06d6,2026-07-30T13:00:00Z,2026-07-30T15:00:00+0200,2713.81,MW,DE,DE_LU,actual_offshore_wind_generation,Wind Offshore,2026-08-26T15:33:13Z
2026-08-26T15:27:09Z,2026-08-26T17:27:09+0200,ec44fe02-3364-422b-92bd-0daf191e06d6,2026-07-30T13:15:00Z,2026-07-30T15:15:00+0200,2550.922,MW,DE,DE_LU,actual_offshore_wind_generation,Wind Offshore,2026-08-26T15:33:13Z
2026-08-26T15:27:09Z,2026-08-26T17:27:09+0200,ec44fe02-3364-422b-92bd-0daf191e06d6,2026-07-30T13:30:00Z,2026-07-30T15:30:00+0200,2489.348,MW,DE,DE_LU,actual_offshore_wind_generation,Wind Offshore,2026-08-26T15:33:13Z
2026-08-26T15:27:09Z,2026-08-26T17:27:09+0200,ec44fe02-3364-422b-92bd-0daf191e06d6,2026-07-30T13:45:00Z,2026-07-30T15:45:00+0200,2377.834,MW,DE,DE_LU,actual_offshore_wind_generation,Wind Offshore,2026-08-26T15:33:13Z
2026-08-26T15:27:09Z,2026-08-26T17:27:09+0200,ec44fe02-3364-422b-92bd-0daf191e06d6,2026-07-30T14:00:00Z,2026-07-30T16:00:00+0200,2212.055,MW,DE,DE_LU,actual_offshore_wind_generation,Wind Offshore,2026-08-26T15:33:13Z
2026-08-26T15:27:09Z,2026-08-26T17:27:09+0200,ec44fe02-3364-422b-92bd-0daf191e06d6,2026-07-30T14:15:00Z,2026-07-30T16:15:00+0200,2142.816,MW,DE,DE_LU,actual_offshore_wind_generation,Wind Offshore,2026-08-26T15:33:13Z
2026-08-26T15:27:09Z,2026-08-26T17:27:09+0200,ec44fe02-3364-422b-92bd-0daf191e06d6,2026-07-30T14:30:00Z,2026-07-30T16:30:00+0200,2087.707,MW,DE,DE_LU,actual_offshore_wind_generation,Wind Offshore,2026-08-26T15:33:13Z
2026-08-26T15:27:09Z,2026-08-26T17:27:09+0200,ec44fe02-3364-422b-92bd-0daf191e06d6,2026-07-30T14:45:00Z,2026-07-30T16:45:00+0200,1915.521,MW,DE,DE_LU,actual_offshore_wind_generation,Wind Offshore,2026-08-26T15:33:13Z
2026-08-26T15:27:09Z,2026-08-26T17:27:09+0200,ec44fe02-3364-422b-92bd-0daf191e06d6,2026-07-30T15:00:00Z,2026-07-30T17:00:00+0200,1726.802,MW,DE,DE_LU,actual_offshore_wind_generation,Wind Offshore,2026-08-26T15:33:13Z
2026-08-26T15:27:09Z,2026-08-26T17:27:09+0200,ec44fe02-3364-422b-92bd-0daf191e06d6,2026-07-30T15:15:00Z,2026-07-30T17:15:00+0200,1532.242,MW,DE,DE_LU,actual_offshore_wind_generation,Wind Offshore,2026-08-26T15:33:13Z
2026-08-26T15:27:09Z,2026-08-26T17:27:09+0200,ec44fe02-3364-422b-92bd-0daf191e06d6,2026-07-30T15:30:00Z,2026-07-30T17:30:00+0200,1262.376,MW,DE,DE_LU,actual_offshore_wind_generation,Wind Offshore,2026-08-26T15:33:13Z
2026-08-26T15:27:09Z,2026-08-26T17:27:09+0200,ec44fe02-3364-422b-92bd-0daf191e06d6,2026-07-30T15:45:00Z,2026-07-30T17:45:00+0200,1151.624,MW,DE,DE_LU,actual_offshore_wind_generation,Wind Offshore,2026-08-26T15:33:13Z
2026-08-26T15:27:09Z,2026-08-26T17:27:09+0200,ec44fe02-3364-422b-92bd-0daf191e06d6,2026-07-30T16:00:00Z,2026-07-30T18:00:00+0200,1013.187,MW,DE,DE_LU,actual_offshore_wind_generation,Wind Offshore,2026-08-26T15:33:13Z
2026-08-26T15:27:09Z,2026-08-26T17:27:09+0200,ec44fe02-3364-422b-92bd-0daf191e06d6,2026-07-30T16:15:00Z,2026-07-30T18:15:00+0200,927.812,MW,DE,DE_LU,actual_offshore_wind_generation,Wind Offshore,2026-08-26T15:33:13Z
2026-08-26T15:27:09Z,2026-08-26T17:27:09+0200,ec44fe02-3364-422b-92bd-0daf191e06d6,2026-07-30T16:30:00Z,2026-07-30T18:30:00+0200,897.159,MW,DE,DE_LU,actual_offshore_wind_generation,Wind Offshore,2026-08-26T15:33:13Z
2026-08-26T15:27:09Z,2026-08-26T17:27:09+0200,ec44fe02-3364-422b-92bd-0daf191e06d6,2026-07-30T16:45:00Z,2026-07-30T18:45:00+0200,873.527,MW,DE,DE_LU,actual_offshore_wind_generation,Wind Offshore,2026-08-26T15:33:13Z
2026-08-26T15:27:09Z,2026-08-26T17:27:09+0200,ec44fe02-3364-422b-92bd-0daf191e06d6,2026-07-30T17:00:00Z,2026-07-30T19:00:00+0200,652.924,MW,DE,DE_LU,actual_offshore_wind_generation,Wind Offshore,2026-08-26T15:33:13Z
2026-08-26T15:27:09Z,2026-08-26T17:27:09+0200,ec44fe02-3364-422b-92bd-0daf191e06d6,2026-07-30T17:15:00Z,2026-07-30T19:15:00+0200,618.719,MW,DE,DE_LU,actual_offshore_wind_generation,Wind Offshore,2026-08-26T15:33:13Z
2026-08-26T15:27:09Z,2026-08-26T17:27:09+0200,ec44fe02-3364-422b-92bd-0daf191e06d6,2026-07-30T17:30:00Z,2026-07-30T19:30:00+0200,648.954,MW,DE,DE_LU,actual_offshore_wind_generation,Wind Offshore,2026-08-26T15:33:13Z
2026-08-26T15:27:09Z,2026-08-26T17:27:09+0200,ec44fe02-3364-422b-92bd-0daf191e06d6,2026-07-30T17:45:00Z,2026-07-30T19:45:00+0200,681.17,MW,DE,DE_LU,actual_offshore_wind_generation,Wind Offshore,2026-08-26T15:33:13Z
2026-08-26T15:27:09Z,2026-08-26T17:27:09+0200,ec44fe02-3364-422b-92bd-0daf191e06d6,2026-07-30T18:00:00Z,2026-07-30T20:00:00+0200,1024.991,MW,DE,DE_LU,actual_offshore_wind_generation,Wind Offshore,2026-08-26T15:33:13Z
2026-08-26T15:27:09Z,2026-08-26T17:27:09+0200,ec44fe02-3364-422b-92bd-0daf191e06d6,2026-07-30T18:15:00Z,2026-07-30T20:15:00+0200,1110.926,MW,DE,DE_LU,actual_offshore_wind_generation,Wind Offshore,2026-08-26T15:33:13Z
2026-08-26T15:27:09Z,2026-08-26T17:27:09+0200,ec44fe02-3364-422b-92bd-0daf191e06d6,2026-07-30T18:30:00Z,2026-07-30T20:30:00+0200,1199.633,MW,DE,DE_LU,actual_offshore_wind_generation,Wind Offshore,2026-08-26T15:33:13Z
2026-08-26T15:27:09Z,2026-08-26T17:27:09+0200,ec44fe02-3364-422b-92bd-0daf191e06d6,2026-07-30T18:45:00Z,2026-07-30T20:45:00+0200,1229.866,MW,DE,DE_LU,actual_offshore_wind_generation,Wind Offshore,2026-08-26T15:33:13Z
2026-08-26T15:27:09Z,2026-08-26T17:27:09+0200,ec44fe02-3364-422b-92bd-0daf191e06d6,2026-07-30T19:00:00Z,2026-07-30T21:00:00+0200,1349.934,MW,DE,DE_LU,actual_offshore_wind_generation,Wind Offshore,2026-08-26T15:33:13Z
2026-08-26T15:27:09Z,2026-08-26T17:27:09+0200,ec44fe02-3364-422b-92bd-0daf191e06d6,2026-07-30T19:15:00Z,2026-07-30T21:15:00+0200,1738.813,MW,DE,DE_LU,actual_offshore_wind_generation,Wind Offshore,2026-08-26T15:33:13Z
2026-08-26T15:27:09Z,2026-08-26T17:27:09+0200,ec44fe02-3364-422b-92bd-0daf191e06d6,2026-07-30T19:30:00Z,2026-07-30T21:30:00+0200,2036.667,MW,DE,DE_LU,actual_offshore_wind_generation,Wind Offshore,2026-08-26T15:33:13Z
2026-08-26T15:27:09Z,2026-08-26T17:27:09+0200,ec44fe02-3364-422b-92bd-0daf191e06d6,2026-07-30T19:45:00Z,2026-07-30T21:45:00+0200,2048.605,MW,DE,DE_LU,actual_offshore_wind_generation,Wind Offshore,2026-08-26T15:33:13Z
2026-08-26T15:27:09Z,2026-08-26T17:27:09+0200,ec44fe02-3364-422b-92bd-0daf191e06d6,2026-07-30T20:00:00Z,2026-07-30T22:00:00+0200,2007.559,MW,DE,DE_LU,actual_offshore_wind_generation,Wind Offshore,2026-08-26T15:33:13Z
2026-08-26T15:27:09Z,2026-08-26T17:27:09+0200,ec44fe02-3364-422b-92bd-0daf191e06d6,2026-07-30T20:15:00Z,2026-07-30T22:15:00+0200,1790.153,MW,DE,DE_LU,actual_offshore_wind_generation,Wind Offshore,2026-08-26T15:33:13Z
2026-08-26T15:27:09Z,2026-08-26T17:27:09+0200,ec44fe02-3364-422b-92bd-0daf191e06d6,2026-07-30T20:30:00Z,2026-07-30T22:30:00+0200,1653.568,MW,DE,DE_LU,actual_offshore_wind_generation,Wind Offshore,2026-08-26T15:33:13Z
2026-08-26T15:27:09Z,2026-08-26T17:27:09+0200,ec44fe02-3364-422b-92bd-0daf191e06d6,2026-07-30T20:45:00Z,2026-07-30T22:45:00+0200,1656.261,MW,DE,DE_LU,actual_offshore_wind_generation,Wind Offshore,2026-08-26T15:33:13Z
2026-08-26T15:27:09Z,2026-08-26T17:27:09+0200,ec44fe02-3364-422b-92bd-0daf191e06d6,2026-07-30T21:00:00Z,2026-07-30T23:00:00+0200,1515.234,MW,DE,DE_LU,actual_offshore_wind_generation,Wind Offshore,2026-08-26T15:33:13Z
2026-08-26T15:27:09Z,2026-08-26T17:27:09+0200,ec44fe02-3364-422b-92bd-0daf191e06d6,2026-07-30T21:15:00Z,2026-07-30T23:15:00+0200,1199.572,MW,DE,DE_LU,actual_offshore_wind_generation,Wind Offshore,2026-08-26T15:33:13Z
2026-08-26T15:27:09Z,2026-08-26T17:27:09+0200,ec44fe02-3364-422b-92bd-0daf191e06d6,2026-07-30T21:30:00Z,2026-07-30T23:30:00+0200,1011.993,MW,DE,DE_LU,actual_offshore_wind_generation,Wind Offshore,2026-08-26T15:33:13Z
2026-08-26T15:27:09Z,2026-08-26T17:27:09+0200,ec44fe02-3364-422b-92bd-0daf191e06d6,2026-07-30T21:45:00Z,2026-07-30T23:45:00+0200,879.015,MW,DE,DE_LU,actual_offshore_wind_generation,Wind Offshore,2026-08-26T15:33:13Z
2026-08-26T15:27:09Z,2026-08-26T17:27:09+0200,ec44fe02-3364-422b-92bd-0daf191e06d6,2026-07-30T22:00:00Z,2026-07-31T00:00:00+0200,672.973,MW,DE,DE_LU,actual_offshore_wind_generation,Wind Offshore,2026-08-26T15:33:13Z
2026-08-26T15:27:09Z,2026-08-26T17:27:09+0200,ec44fe02-3364-422b-92bd-0daf191e06d6,2026-07-30T22:15:00Z,2026-07-31T00:15:00+0200,551.987,MW,DE,DE_LU,actual_offshore_wind_generation,Wind Offshore,2026-08-26T15:33:13Z
2026-08-26T15:27:09Z,2026-08-26T17:27:09+0200,ec44fe02-3364-422b-92bd-0daf191e06d6,2026-07-30T22:30:00Z,2026-07-31T00:30:00+0200,509.0,MW,DE,DE_LU,actual_offshore_wind_generation,Wind Offshore,2026-08-26T15:33:13Z
2026-08-26T15:27:09Z,2026-08-26T17:27:09+0200,ec44fe02-3364-422b-92bd-0daf191e06d6,2026-07-30T22:45:00Z,2026-07-31T00:45:00+0200,769.336,MW,DE,DE_LU,actual_offshore_wind_generation,Wind Offshore,2026-08-26T15:33:13Z
2026-08-26T15:27:09Z,2026-08-26T17:27:09+0200,ec44fe02-3364-422b-92bd-0daf191e06d6,2026-07-30T23:00:00Z,2026-07-31T01:00:00+0200,676.515,MW,DE,DE_LU,actual_offshore_wind_generation,Wind Offshore,2026-08-26T15:33:13Z
2026-08-26T15:27:09Z,2026-08-26T17:27:09+0200,ec44fe02-3364-422b-92bd-0daf191e06d6,2026-07-30T23:15:00Z,2026-07-31T01:15:00+0200,700.027,MW,DE,DE_LU,actual_offshore_wind_generation,Wind Offshore,2026-08-26T15:33:13Z
2026-08-26T15:27:09Z,2026-08-26T17:27:09+0200,ec44fe02-3364-422b-92bd-0daf191e06d6,2026-07-30T23:30:00Z,2026-07-31T01:30:00+0200,637.26,MW,DE,DE_LU,actual_offshore_wind_generation,Wind Offshore,2026-08-26T15:33:13Z
2026-08-26T15:27:09Z,2026-08-26T17:27:09+0200,ec44fe02-3364-422b-92bd-0daf191e06d6,2026-07-30T23:45:00Z,2026-07-31T01:45:00+0200,570.576,MW,DE,DE_LU,actual_offshore_wind_generation,Wind Offshore,2026-08-26T15:33:13Z
2026-08-26T15:27:09Z,2026-08-26T17:27:09+0200,ec44fe02-3364-422b-92bd-0daf191e06d6,2026-07-31T00:00:00Z,2026-07-31T02:00:00+0200,436.977,MW,DE,DE_LU,actual_offshore_wind_generation,Wind Offshore,2026-08-26T15:33:13Z
2026-08-26T15:27:09Z,2026-08-26T17:27:09+0200,ec44fe02-3364-422b-92bd-0daf191e06d6,2026-07-31T00:15:00Z,2026-07-31T02:15:00+0200,404.417,MW,DE,DE_LU,actual_offshore_wind_generation,Wind Offshore,2026-08-26T15:33:13Z
2026-08-26T15:27:09Z,2026-08-26T17:27:09+0200,ec44fe02-3364-422b-92bd-0daf191e06d6,2026-07-31T00:30:00Z,2026-07-31T02:30:00+0200,419.208,MW,DE,DE_LU,actual_offshore_wind_generation,Wind Offshore,2026-08-26T15:33:13Z
2026-08-26T15:27:09Z,2026-08-26T17:27:09+0200,ec44fe02-3364-422b-92bd-0daf191e06d6,2026-07-31T00:45:00Z,2026-07-31T02:45:00+0200,441.647,MW,DE,DE_LU,actual_offshore_wind_generation,Wind Offshore,2026-08-26T15:33:13Z
2026-08-26T15:27:09Z,2026-08-26T17:27:09+0200,ec44fe02-3364-422b-92bd-0daf191e06d6,2026-07-31T01:00:00Z,2026-07-31T03:00:00+0200,339.589,MW,DE,DE_LU,actual_offshore_wind_generation,Wind Offshore,2026-08-26T15:33:13Z
2026-08-26T15:27:09Z,2026-08-26T17:27:09+0200,ec44fe02-3364-422b-92bd-0daf191e06d6,2026-07-31T01:15:00Z,2026-07-31T03:15:00+0200,289.89,MW,DE,DE_LU,actual_offshore_wind_generation,Wind Offshore,2026-08-26T15:33:13Z
2026-08-26T15:27:09Z,2026-08-26T17:27:09+0200,ec44fe02-3364-422b-92bd-0daf191e06d6,2026-07-31T01:30:00Z,2026-07-31T03:30:00+0200,318.619,MW,DE,DE_LU,actual_offshore_wind_generation,Wind Offshore,2026-08-26T15:33:13Z
2026-08-26T15:27:09Z,2026-08-26T17:27:09+0200,ec44fe02-3364-422b-92bd-0daf191e06d6,2026-07-31T01:45:00Z,2026-07-31T03:45:00+0200,369.31,MW,DE,DE_LU,actual_offshore_wind_generation,Wind Offshore,2026-08-26T15:33:13Z
2026-08-26T15:27:09Z,2026-08-26T17:27:09+0200,ec44fe02-3364-422b-92bd-0daf191e06d6,2026-07-31T02:00:00Z,2026-07-31T04:00:00+0200,415.631,MW,DE,DE_LU,actual_offshore_wind_generation,Wind Offshore,2026-08-26T15:33:13Z
2026-08-26T15:27:09Z,2026-08-26T17:27:09+0200,ec44fe02-3364-422b-92bd-0daf191e06d6,2026-07-31T02:15:00Z,2026-07-31T04:15:00+0200,399.505,MW,DE,DE_LU,actual_offshore_wind_generation,Wind Offshore,2026-08-26T15:33:13Z
2026-08-26T15:27:09Z,2026-08-26T17:27:09+0200,ec44fe02-3364-422b-92bd-0daf191e06d6,2026-07-31T02:30:00Z,2026-07-31T04:30:00+0200,240.9,MW,DE,DE_LU,actual_offshore_wind_generation,Wind Offshore,2026-08-26T15:33:13Z
2026-08-26T15:27:09Z,2026-08-26T17:27:09+0200,ec44fe02-3364-422b-92bd-0daf191e06d6,2026-07-31T02:45:00Z,2026-07-31T04:45:00+0200,215.257,MW,DE,DE_LU,actual_offshore_wind_generation,Wind Offshore,2026-08-26T15:33:13Z
2026-08-26T15:27:09Z,2026-08-26T17:27:09+0200,ec44fe02-3364-422b-92bd-0daf191e06d6,2026-07-31T03:00:00Z,2026-07-31T05:00:00+0200,244.226,MW,DE,DE_LU,actual_offshore_wind_generation,Wind Offshore,2026-08-26T15:33:13Z
2026-08-26T15:27:09Z,2026-08-26T17:27:09+0200,ec44fe02-3364-422b-92bd-0daf191e06d6,2026-07-31T03:15:00Z,2026-07-31T05:15:00+0200,321.647,MW,DE,DE_LU,actual_offshore_wind_generation,Wind Offshore,2026-08-26T15:33:13Z
2026-08-26T15:27:09Z,2026-08-26T17:27:09+0200,ec44fe02-3364-422b-92bd-0daf191e06d6,2026-07-31T03:30:00Z,2026-07-31T05:30:00+0200,458.804,MW,DE,DE_LU,actual_offshore_wind_generation,Wind Offshore,2026-08-26T15:33:13Z
2026-08-26T15:27:09Z,2026-08-26T17:27:09+0200,ec44fe02-3364-422b-92bd-0daf191e06d6,2026-07-31T03:45:00Z,2026-07-31T05:45:00+0200,593.776,MW,DE,DE_LU,actual_offshore_wind_generation,Wind Offshore,2026-08-26T15:33:13Z
2026-08-26T15:27:09Z,2026-08-26T17:27:09+0200,ec44fe02-3364-422b-92bd-0daf191e06d6,2026-07-31T04:00:00Z,2026-07-31T06:00:00+0200,673.98,MW,DE,DE_LU,actual_offshore_wind_generation,Wind Offshore,2026-08-26T15:33:13Z
2026-08-26T15:27:09Z,2026-08-26T17:27:09+0200,ec44fe02-3364-422b-92bd-0daf191e06d6,2026-07-31T04:15:00Z,2026-07-31T06:15:00+0200,792.322,MW,DE,DE_LU,actual_offshore_wind_generation,Wind Offshore,2026-08-26T15:33:13Z
2026-08-26T15:27:09Z,2026-08-26T17:27:09+0200,ec44fe02-3364-422b-92bd-0daf191e06d6,2026-07-31T04:30:00Z,2026-07-31T06:30:00+0200,1038.166,MW,DE,DE_LU,actual_offshore_wind_generation,Wind Offshore,2026-08-26T15:33:13Z
2026-08-26T15:27:09Z,2026-08-26T17:27:09+0200,ec44fe02-3364-422b-92bd-0daf191e06d6,2026-07-31T04:45:00Z,2026-07-31T06:45:00+0200,1245.458,MW,DE,DE_LU,actual_offshore_wind_generation,Wind Offshore,2026-08-26T15:33:13Z
2026-08-26T15:27:09Z,2026-08-26T17:27:09+0200,ec44fe02-3364-422b-92bd-0daf191e06d6,2026-07-31T05:00:00Z,2026-07-31T07:00:00+0200,1392.567,MW,DE,DE_LU,actual_offshore_wind_generation,Wind Offshore,2026-08-26T15:33:13Z
2026-08-26T15:27:09Z,2026-08-26T17:27:09+0200,ec44fe02-3364-422b-92bd-0daf191e06d6,2026-07-31T05:15:00Z,2026-07-31T07:15:00+0200,1400.07,MW,DE,DE_LU,actual_offshore_wind_generation,Wind Offshore,2026-08-26T15:33:13Z
2026-08-26T15:27:09Z,2026-08-26T17:27:09+0200,ec44fe02-3364-422b-92bd-0daf191e06d6,2026-07-31T05:30:00Z,2026-07-31T07:30:00+0200,1270.198,MW,DE,DE_LU,actual_offshore_wind_generation,Wind Offshore,2026-08-26T15:33:13Z
2026-08-26T15:27:09Z,2026-08-26T17:27:09+0200,ec44fe02-3364-422b-92bd-0daf191e06d6,2026-07-31T05:45:00Z,2026-07-31T07:45:00+0200,1224.877,MW,DE,DE_LU,actual_offshore_wind_generation,Wind Offshore,2026-08-26T15:33:13Z
2026-08-26T15:27:09Z,2026-08-26T17:27:09+0200,ec44fe02-3364-422b-92bd-0daf191e06d6,2026-07-31T06:00:00Z,2026-07-31T08:00:00+0200,1209.822,MW,DE,DE_LU,actual_offshore_wind_generation,Wind Offshore,2026-08-26T15:33:13Z
2026-08-26T15:27:09Z,2026-08-26T17:27:09+0200,ec44fe02-3364-422b-92bd-0daf191e06d6,2026-07-31T06:15:00Z,2026-07-31T08:15:00+0200,1271.11,MW,DE,DE_LU,actual_offshore_wind_generation,Wind Offshore,2026-08-26T15:33:13Z
2026-08-26T15:27:09Z,2026-08-26T17:27:09+0200,ec44fe02-3364-422b-92bd-0daf191e06d6,2026-07-31T06:30:00Z,2026-07-31T08:30:00+0200,1376.219,MW,DE,DE_LU,actual_offshore_wind_generation,Wind Offshore,2026-08-26T15:33:13Z
2026-08-26T15:27:09Z,2026-08-26T17:27:09+0200,ec44fe02-3364-422b-92bd-0daf191e06d6,2026-07-31T06:45:00Z,2026-07-31T08:45:00+0200,1397.506,MW,DE,DE_LU,actual_offshore_wind_generation,Wind Offshore,2026-08-26T15:33:13Z
2026-08-26T15:27:09Z,2026-08-26T17:27:09+0200,ec44fe02-3364-422b-92bd-0daf191e06d6,2026-07-31T07:00:00Z,2026-07-31T09:00:00+0200,1305.177,MW,DE,DE_LU,actual_offshore_wind_generation,Wind Offshore,2026-08-26T15:33:13Z
2026-08-26T15:27:09Z,2026-08-26T17:27:09+0200,ec44fe02-3364-422b-92bd-0daf191e06d6,2026-07-31T07:15:00Z,2026-07-31T09:15:00+0200,1258.969,MW,DE,DE_LU,actual_offshore_wind_generation,Wind Offshore,2026-08-26T15:33:13Z
2026-08-26T15:27:09Z,2026-08-26T17:27:09+0200,ec44fe02-3364-422b-92bd-0daf191e06d6,2026-07-31T07:30:00Z,2026-07-31T09:30:00+0200,1330.995,MW,DE,DE_LU,actual_offshore_wind_generation,Wind Offshore,2026-08-26T15:33:13Z
2026-08-26T15:27:09Z,2026-08-26T17:27:09+0200,ec44fe02-3364-422b-92bd-0daf191e06d6,2026-07-31T07:45:00Z,2026-07-31T09:45:00+0200,1212.128,MW,DE,DE_LU,actual_offshore_wind_generation,Wind Offshore,2026-08-26T15:33:13Z
2026-08-26T15:27:09Z,2026-08-26T17:27:09+0200,ec44fe02-3364-422b-92bd-0daf191e06d6,2026-07-31T08:00:00Z,2026-07-31T10:00:00+0200,1180.934,MW,DE,DE_LU,actual_offshore_wind_generation,Wind Offshore,2026-08-26T15:33:13Z
2026-08-26T15:27:09Z,2026-08-26T17:27:09+0200,ec44fe02-3364-422b-92bd-0daf191e06d6,2026-07-31T08:15:00Z,2026-07-31T10:15:00+0200,1072.761,MW,DE,DE_LU,actual_offshore_wind_generation,Wind Offshore,2026-08-26T15:33:13Z
2026-08-26T15:27:09Z,2026-08-26T17:27:09+0200,ec44fe02-3364-422b-92bd-0daf191e06d6,2026-07-31T08:30:00Z,2026-07-31T10:30:00+0200,1133.422,MW,DE,DE_LU,actual_offshore_wind_generation,Wind Offshore,2026-08-26T15:33:13Z
2026-08-26T15:27:09Z,2026-08-26T17:27:09+0200,ec44fe02-3364-422b-92bd-0daf191e06d6,2026-07-31T08:45:00Z,2026-07-31T10:45:00+0200,998.803,MW,DE,DE_LU,actual_offshore_wind_generation,Wind Offshore,2026-08-26T15:33:13Z
2026-08-26T15:27:09Z,2026-08-26T17:27:09+0200,ec44fe02-3364-422b-92bd-0daf191e06d6,2026-07-31T09:00:00Z,2026-07-31T11:00:00+0200,1024.421,MW,DE,DE_LU,actual_offshore_wind_generation,Wind Offshore,2026-08-26T15:33:13Z
2026-08-26T15:27:09Z,2026-08-26T17:27:09+0200,ec44fe02-3364-422b-92bd-0daf191e06d6,2026-07-31T09:15:00Z,2026-07-31T11:15:00+0200,1068.694,MW,DE,DE_LU,actual_offshore_wind_generation,Wind Offshore,2026-08-26T15:33:13Z
2026-08-26T15:27:09Z,2026-08-26T17:27:09+0200,ec44fe02-3364-422b-92bd-0daf191e06d6,2026-07-31T09:30:00Z,2026-07-31T11:30:00+0200,1089.535,MW,DE,DE_LU,actual_offshore_wind_generation,Wind Offshore,2026-08-26T15:33:13Z
2026-08-26T15:27:09Z,2026-08-26T17:27:09+0200,ec44fe02-3364-422b-92bd-0daf191e06d6,2026-07-31T09:45:00Z,2026-07-31T11:45:00+0200,1016.791,MW,DE,DE_LU,actual_offshore_wind_generation,Wind Offshore,2026-08-26T15:33:13Z
2026-08-26T15:27:09Z,2026-08-26T17:27:09+0200,ec44fe02-3364-422b-92bd-0daf191e06d6,2026-07-31T10:00:00Z,2026-07-31T12:00:00+0200,924.958,MW,DE,DE_LU,actual_offshore_wind_generation,Wind Offshore,2026-08-26T15:33:13Z
2026-08-26T15:27:09Z,2026-08-26T17:27:09+0200,ec44fe02-3364-422b-92bd-0daf191e06d6,2026-07-31T10:15:00Z,2026-07-31T12:15:00+0200,877.557,MW,DE,DE_LU,actual_offshore_wind_generation,Wind Offshore,2026-08-26T15:33:13Z
2026-08-26T15:27:09Z,2026-08-26T17:27:09+0200,ec44fe02-3364-422b-92bd-0daf191e06d6,2026-07-31T10:30:00Z,2026-07-31T12:30:00+0200,851.608,MW,DE,DE_LU,actual_offshore_wind_generation,Wind Offshore,2026-08-26T15:33:13Z
2026-08-26T15:27:09Z,2026-08-26T17:27:09+0200,ec44fe02-3364-422b-92bd-0daf191e06d6,2026-07-31T10:45:00Z,2026-07-31T12:45:00+0200,787.992,MW,DE,DE_LU,actual_offshore_wind_generation,Wind Offshore,2026-08-26T15:33:13Z
2026-08-26T15:27:09Z,2026-08-26T17:27:09+0200,ec44fe02-3364-422b-92bd-0daf191e06d6,2026-07-31T11:00:00Z,2026-07-31T13:00:00+0200,795.717,MW,DE,DE_LU,actual_offshore_wind_generation,Wind Offshore,2026-08-26T15:33:13Z
2026-08-26T15:27:09Z,2026-08-26T17:27:09+0200,ec44fe02-3364-422b-92bd-0daf191e06d6,2026-07-31T11:15:00Z,2026-07-31T13:15:00+0200,833.69,MW,DE,DE_LU,actual_offshore_wind_generation,Wind Offshore,2026-08-26T15:33:13Z
2026-08-26T15:27:09Z,2026-08-26T17:27:09+0200,ec44fe02-3364-422b-92bd-0daf191e06d6,2026-07-31T11:30:00Z,2026-07-31T13:30:00+0200,913.376,MW,DE,DE_LU,actual_offshore_wind_generation,Wind Offshore,2026-08-26T15:33:13Z
2026-08-26T15:27:09Z,2026-08-26T17:27:09+0200,ec44fe02-3364-422b-92bd-0daf191e06d6,2026-07-31T11:45:00Z,2026-07-31T13:45:00+0200,852.614,MW,DE,DE_LU,actual_offshore_wind_generation,Wind Offshore,2026-08-26T15:33:13Z
2026-08-26T15:27:09Z,2026-08-26T17:27:09+0200,ec44fe02-3364-422b-92bd-0daf191e06d6,2026-07-31T12:00:00Z,2026-07-31T14:00:00+0200,741.344,MW,DE,DE_LU,actual_offshore_wind_generation,Wind Offshore,2026-08-26T15:33:13Z
2026-08-26T15:27:09Z,2026-08-26T17:27:09+0200,ec44fe02-3364-422b-92bd-0daf191e06d6,2026-07-31T12:15:00Z,2026-07-31T14:15:00+0200,694.924,MW,DE,DE_LU,actual_offshore_wind_generation,Wind Offshore,2026-08-26T15:33:13Z
2026-08-26T15:27:09Z,2026-08-26T17:27:09+0200,ec44fe02-3364-422b-92bd-0daf191e06d6,2026-07-31T12:30:00Z,2026-07-31T14:30:00+0200,662.888,MW,DE,DE_LU,actual_offshore_wind_generation,Wind Offshore,2026-08-26T15:33:13Z
2026-08-26T15:27:09Z,2026-08-26T17:27:09+0200,ec44fe02-3364-422b-92bd-0daf191e06d6,2026-07-31T12:45:00Z,2026-07-31T14:45:00+0200,611.739,MW,DE,DE_LU,actual_offshore_wind_generation,Wind Offshore,2026-08-26T15:33:13Z
2026-08-26T15:27:09Z,2026-08-26T17:27:09+0200,ec44fe02-3364-422b-92bd-0daf191e06d6,2026-07-31T13:00:00Z,2026-07-31T15:00:00+0200,577.629,MW,DE,DE_LU,actual_offshore_wind_generation,Wind Offshore,2026-08-26T15:33:13Z
2026-08-26T15:27:09Z,2026-08-26T17:27:09+0200,ec44fe02-3364-422b-92bd-0daf191e06d6,2026-07-31T13:15:00Z,2026-07-31T15:15:00+0200,494.299,MW,DE,DE_LU,actual_offshore_wind_generation,Wind Offshore,2026-08-26T15:33:13Z
2026-08-26T15:27:09Z,2026-08-26T17:27:09+0200,ec44fe02-3364-422b-92bd-0daf191e06d6,2026-07-31T13:30:00Z,2026-07-31T15:30:00+0200,403.025,MW,DE,DE_LU,actual_offshore_wind_generation,Wind Offshore,2026-08-26T15:33:13Z
2026-08-26T15:27:09Z,2026-08-26T17:27:09+0200,ec44fe02-3364-422b-92bd-0daf191e06d6,2026-07-31T13:45:00Z,2026-07-31T15:45:00+0200,324.405,MW,DE,DE_LU,actual_offshore_wind_generation,Wind Offshore,2026-08-26T15:33:13Z
2026-08-26T15:27:09Z,2026-08-26T17:27:09+0200,ec44fe02-3364-422b-92bd-0daf191e06d6,2026-07-31T14:00:00Z,2026-07-31T16:00:00+0200,291.134,MW,DE,DE_LU,actual_offshore_wind_generation,Wind Offshore,2026-08-26T15:33:13Z
2026-08-26T15:27:09Z,2026-08-26T17:27:09+0200,ec44fe02-3364-422b-92bd-0daf191e06d6,2026-07-31T14:15:00Z,2026-07-31T16:15:00+0200,292.125,MW,DE,DE_LU,actual_offshore_wind_generation,Wind Offshore,2026-08-26T15:33:13Z
2026-08-26T15:27:09Z,2026-08-26T17:27:09+0200,ec44fe02-3364-422b-92bd-0daf191e06d6,2026-07-31T14:30:00Z,2026-07-31T16:30:00+0200,269.547,MW,DE,DE_LU,actual_offshore_wind_generation,Wind Offshore,2026-08-26T15:33:13Z
2026-08-26T15:27:09Z,2026-08-26T17:27:09+0200,ec44fe02-3364-422b-92bd-0daf191e06d6,2026-07-31T14:45:00Z,2026-07-31T16:45:00+0200,260.902,MW,DE,DE_LU,actual_offshore_wind_generation,Wind Offshore,2026-08-26T15:33:13Z
2026-08-26T15:27:09Z,2026-08-26T17:27:09+0200,ec44fe02-3364-422b-92bd-0daf191e06d6,2026-07-31T15:00:00Z,2026-07-31T17:00:00+0200,232.188,MW,DE,DE_LU,actual_offshore_wind_generation,Wind Offshore,2026-08-26T15:33:13Z
2026-08-26T15:27:09Z,2026-08-26T17:27:09+0200,ec44fe02-3364-422b-92bd-0daf191e06d6,2026-07-31T15:15:00Z,2026-07-31T17:15:00+0200,206.987,MW,DE,DE_LU,actual_offshore_wind_generation,Wind Offshore,2026-08-26T15:33:13Z
2026-08-26T15:27:09Z,2026-08-26T17:27:09+0200,ec44fe02-3364-422b-92bd-0daf191e06d6,2026-07-31T15:30:00Z,2026-07-31T17:30:00+0200,197.081,MW,DE,DE_LU,actual_offshore_wind_generation,Wind Offshore,2026-08-26T15:33:13Z
2026-08-26T15:27:09Z,2026-08-26T17:27:09+0200,ec44fe02-3364-422b-92bd-0daf191e06d6,2026-07-31T15:45:00Z,2026-07-31T17:45:00+0200,197.025,MW,DE,DE_LU,actual_offshore_wind_generation,Wind Offshore,2026-08-26T15:33:13Z
2026-08-26T15:27:09Z,2026-08-26T17:27:09+0200,ec44fe02-3364-422b-92bd-0daf191e06d6,2026-07-31T16:00:00Z,2026-07-31T18:00:00+0200,195.059,MW,DE,DE_LU,actual_offshore_wind_generation,Wind Offshore,2026-08-26T15:33:13Z
2026-08-26T15:27:09Z,2026-08-26T17:27:09+0200,ec44fe02-3364-422b-92bd-0daf191e06d6,2026-07-31T16:15:00Z,2026-07-31T18:15:00+0200,184.895,MW,DE,DE_LU,actual_offshore_wind_generation,Wind Offshore,2026-08-26T15:33:13Z
2026-08-26T15:27:09Z,2026-08-26T17:27:09+0200,ec44fe02-3364-422b-92bd-0daf191e06d6,2026-07-31T16:30:00Z,2026-07-31T18:30:00+0200,182.021,MW,DE,DE_LU,actual_offshore_wind_generation,Wind Offshore,2026-08-26T15:33:13Z
2026-08-26T15:27:09Z,2026-08-26T17:27:09+0200,ec44fe02-3364-422b-92bd-0daf191e06d6,2026-07-31T16:45:00Z,2026-07-31T18:45:00+0200,174.661,MW,DE,DE_LU,actual_offshore_wind_generation,Wind Offshore,2026-08-26T15:33:13Z
2026-08-26T15:27:09Z,2026-08-26T17:27:09+0200,ec44fe02-3364-422b-92bd-0daf191e06d6,2026-07-31T17:00:00Z,2026-07-31T19:00:00+0200,176.358,MW,DE,DE_LU,actual_offshore_wind_generation,Wind Offshore,2026-08-26T15:33:13Z
2026-08-26T15:27:09Z,2026-08-26T17:27:09+0200,ec44fe02-3364-422b-92bd-0daf191e06d6,2026-07-31T17:15:00Z,2026-07-31T19:15:00+0200,222.897,MW,DE,DE_LU,actual_offshore_wind_generation,Wind Offshore,2026-08-26T15:33:13Z
2026-08-26T15:27:09Z,2026-08-26T17:27:09+0200,ec44fe02-3364-422b-92bd-0daf191e06d6,2026-07-31T17:30:00Z,2026-07-31T19:30:00+0200,227.137,MW,DE,DE_LU,actual_offshore_wind_generation,Wind Offshore,2026-08-26T15:33:13Z
2026-08-26T15:27:09Z,2026-08-26T17:27:09+0200,ec44fe02-3364-422b-92bd-0daf191e06d6,2026-07-31T17:45:00Z,2026-07-31T19:45:00+0200,224.305,MW,DE,DE_LU,actual_offshore_wind_generation,Wind Offshore,2026-08-26T15:33:13Z
2026-08-26T15:27:09Z,2026-08-26T17:27:09+0200,ec44fe02-3364-422b-92bd-0daf191e06d6,2026-07-31T18:00:00Z,2026-07-31T20:00:00+0200,260.877,MW,DE,DE_LU,actual_offshore_wind_generation,Wind Offshore,2026-08-26T15:33:13Z
2026-08-26T15:27:09Z,2026-08-26T17:27:09+0200,ec44fe02-3364-422b-92bd-0daf191e06d6,2026-07-31T18:15:00Z,2026-07-31T20:15:00+0200,269.504,MW,DE,DE_LU,actual_offshore_wind_generation,Wind Offshore,2026-08-26T15:33:13Z
2026-08-26T15:27:09Z,2026-08-26T17:27:09+0200,ec44fe02-3364-422b-92bd-0daf191e06d6,2026-07-31T18:30:00Z,2026-07-31T20:30:00+0200,199.722,MW,DE,DE_LU,actual_offshore_wind_generation,Wind Offshore,2026-08-26T15:33:13Z
2026-08-26T15:27:09Z,2026-08-26T17:27:09+0200,ec44fe02-3364-422b-92bd-0daf191e06d6,2026-07-31T18:45:00Z,2026-07-31T20:45:00+0200,192.961,MW,DE,DE_LU,actual_offshore_wind_generation,Wind Offshore,2026-08-26T15:33:13Z
2026-08-26T15:27:09Z,2026-08-26T17:27:09+0200,ec44fe02-3364-422b-92bd-0daf191e06d6,2026-07-31T19:00:00Z,2026-07-31T21:00:00+0200,189.575,MW,DE,DE_LU,actual_offshore_wind_generation,Wind Offshore,2026-08-26T15:33:13Z
2026-08-26T15:27:09Z,2026-08-26T17:27:09+0200,ec44fe02-3364-422b-92bd-0daf191e06d6,2026-07-31T19:15:00Z,2026-07-31T21:15:00+0200,162.698,MW,DE,DE_LU,actual_offshore_wind_generation,Wind Offshore,2026-08-26T15:33:13Z
2026-08-26T15:27:09Z,2026-08-26T17:27:09+0200,ec44fe02-3364-422b-92bd-0daf191e06d6,2026-07-31T19:30:00Z,2026-07-31T21:30:00+0200,144.73,MW,DE,DE_LU,actual_offshore_wind_generation,Wind Offshore,2026-08-26T15:33:13Z
2026-08-26T15:27:09Z,2026-08-26T17:27:09+0200,ec44fe02-3364-422b-92bd-0daf191e06d6,2026-07-31T19:45:00Z,2026-07-31T21:45:00+0200,148.504,MW,DE,DE_LU,actual_offshore_wind_generation,Wind Offshore,2026-08-26T15:33:13Z
2026-08-26T15:27:09Z,2026-08-26T17:27:09+0200,ec44fe02-3364-422b-92bd-0daf191e06d6,2026-07-31T20:00:00Z,2026-07-31T22:00:00+0200,156.722,MW,DE,DE_LU,actual_offshore_wind_generation,Wind Offshore,2026-08-26T15:33:13Z
2026-08-26T15:27:09Z,2026-08-26T17:27:09+0200,ec44fe02-3364-422b-92bd-0daf191e06d6,2026-07-31T20:15:00Z,2026-07-31T22:15:00+0200,144.469,MW,DE,DE_LU,actual_offshore_wind_generation,Wind Offshore,2026-08-26T15:33:13Z
2026-08-26T15:27:09Z,2026-08-26T17:27:09+0200,ec44fe02-3364-422b-92bd-0daf191e06d6,2026-07-31T20:30:00Z,2026-07-31T22:30:00+0200,134.199,MW,DE,DE_LU,actual_offshore_wind_generation,Wind Offshore,2026-08-26T15:33:13Z
2026-08-26T15:27:09Z,2026-08-26T17:27:09+0200,ec44fe02-3364-422b-92bd-0daf191e06d6,2026-07-31T20:45:00Z,2026-07-31T22:45:00+0200,131.086,MW,DE,DE_LU,actual_offshore_wind_generation,Wind Offshore,2026-08-26T15:33:13Z
2026-08-26T15:27:09Z,2026-08-26T17:27:09+0200,ec44fe02-3364-422b-92bd-0daf191e06d6,2026-07-31T21:00:00Z,2026-07-31T23:00:00+0200,122.331,MW,DE,DE_LU,actual_offshore_wind_generation,Wind Offshore,2026-08-26T15:33:13Z
2026-08-26T15:27:09Z,2026-08-26T17:27:09+0200,ec44fe02-3364-422b-92bd-0daf191e06d6,2026-07-31T21:15:00Z,2026-07-31T23:15:00+0200,110.923,MW,DE,DE_LU,actual_offshore_wind_generation,Wind Offshore,2026-08-26T15:33:13Z
2026-08-26T15:27:09Z,2026-08-26T17:27:09+0200,ec44fe02-3364-422b-92bd-0daf191e06d6,2026-07-31T21:30:00Z,2026-07-31T23:30:00+0200,111.41,MW,DE,DE_LU,actual_offshore_wind_generation,Wind Offshore,2026-08-26T15:33:13Z
2026-08-26T15:27:09Z,2026-08-26T17:27:09+0200,ec44fe02-3364-422b-92bd-0daf191e06d6,2026-07-31T21:45:00Z,2026-07-31T23:45:00+0200,122.943,MW,DE,DE_LU,actual_offshore_wind_generation,Wind Offshore,2026-08-26T15:33:13Z
2026-08-26T15:27:09Z,2026-08-26T17:27:09+0200,ec44fe02-3364-422b-92bd-0daf191e06d6,2026-07-31T22:00:00Z,2026-08-01T00:00:00+0200,138.858,MW,DE,DE_LU,actual_offshore_wind_generation,Wind Offshore,2026-08-26T15:33:13Z
2026-08-26T15:27:09Z,2026-08-26T17:27:09+0200,ec44fe02-3364-422b-92bd-0daf191e06d6,2026-07-31T22:15:00Z,2026-08-01T00:15:00+0200,147.559,MW,DE,DE_LU,actual_offshore_wind_generation,Wind Offshore,2026-08-26T15:33:13Z
2026-08-26T15:27:09Z,2026-08-26T17:27:09+0200,ec44fe02-3364-422b-92bd-0daf191e06d6,2026-07-31T22:30:00Z,2026-08-01T00:30:00+0200,161.716,MW,DE,DE_LU,actual_offshore_wind_generation,Wind Offshore,2026-08-26T15:33:13Z
2026-08-26T15:27:09Z,2026-08-26T17:27:09+0200,ec44fe02-3364-422b-92bd-0daf191e06d6,2026-07-31T22:45:00Z,2026-08-01T00:45:00+0200,176.192,MW,DE,DE_LU,actual_offshore_wind_generation,Wind Offshore,2026-08-26T15:33:13Z
2026-08-26T15:27:09Z,2026-08-26T17:27:09+0200,ec44fe02-3364-422b-92bd-0daf191e06d6,2026-07-31T23:00:00Z,2026-08-01T01:00:00+0200,182.211,MW,DE,DE_LU,actual_offshore_wind_generation,Wind Offshore,2026-08-26T15:33:13Z
2026-08-26T15:27:09Z,2026-08-26T17:27:09+0200,ec44fe02-3364-422b-92bd-0daf191e06d6,2026-07-31T23:15:00Z,2026-08-01T01:15:00+0200,180.329,MW,DE,DE_LU,actual_offshore_wind_generation,Wind Offshore,2026-08-26T15:33:13Z
2026-08-26T15:27:09Z,2026-08-26T17:27:09+0200,ec44fe02-3364-422b-92bd-0daf191e06d6,2026-07-31T23:30:00Z,2026-08-01T01:30:00+0200,191.051,MW,DE,DE_LU,actual_offshore_wind_generation,Wind Offshore,2026-08-26T15:33:13Z
2026-08-26T15:27:09Z,2026-08-26T17:27:09+0200,ec44fe02-3364-422b-92bd-0daf191e06d6,2026-07-31T23:45:00Z,2026-08-01T01:45:00+0200,228.831,MW,DE,DE_LU,actual_offshore_wind_generation,Wind Offshore,2026-08-26T15:33:13Z
2026-08-26T15:27:09Z,2026-08-26T17:27:09+0200,ec44fe02-3364-422b-92bd-0daf191e06d6,2026-08-01T00:00:00Z,2026-08-01T02:00:00+0200,274.026,MW,DE,DE_LU,actual_offshore_wind_generation,Wind Offshore,2026-08-26T15:33:13Z
2026-08-26T15:27:09Z,2026-08-26T17:27:09+0200,ec44fe02-3364-422b-92bd-0daf191e06d6,2026-08-01T00:15:00Z,2026-08-01T02:15:00+0200,319.312,MW,DE,DE_LU,actual_offshore_wind_generation,Wind Offshore,2026-08-26T15:33:13Z
2026-08-26T15:27:09Z,2026-08-26T17:27:09+0200,ec44fe02-3364-422b-92bd-0daf191e06d6,2026-08-01T00:30:00Z,2026-08-01T02:30:00+0200,330.977,MW,DE,DE_LU,actual_offshore_wind_generation,Wind Offshore,2026-08-26T15:33:13Z
2026-08-26T15:27:09Z,2026-08-26T17:27:09+0200,ec44fe02-3364-422b-92bd-0daf191e06d6,2026-08-01T00:45:00Z,2026-08-01T02:45:00+0200,383.955,MW,DE,DE_LU,actual_offshore_wind_generation,Wind Offshore,2026-08-26T15:33:13Z
2026-08-26T15:27:09Z,2026-08-26T17:27:09+0200,ec44fe02-3364-422b-92bd-0daf191e06d6,2026-08-01T01:00:00Z,2026-08-01T03:00:00+0200,390.523,MW,DE,DE_LU,actual_offshore_wind_generation,Wind Offshore,2026-08-26T15:33:13Z
2026-08-26T15:27:09Z,2026-08-26T17:27:09+0200,ec44fe02-3364-422b-92bd-0daf191e06d6,2026-08-01T01:15:00Z,2026-08-01T03:15:00+0200,437.064,MW,DE,DE_LU,actual_offshore_wind_generation,Wind Offshore,2026-08-26T15:33:13Z
2026-08-26T15:27:09Z,2026-08-26T17:27:09+0200,ec44fe02-3364-422b-92bd-0daf191e06d6,2026-08-01T01:30:00Z,2026-08-01T03:30:00+0200,497.63,MW,DE,DE_LU,actual_offshore_wind_generation,Wind Offshore,2026-08-26T15:33:13Z
2026-08-26T15:27:09Z,2026-08-26T17:27:09+0200,ec44fe02-3364-422b-92bd-0daf191e06d6,2026-08-01T01:45:00Z,2026-08-01T03:45:00+0200,484.718,MW,DE,DE_LU,actual_offshore_wind_generation,Wind Offshore,2026-08-26T15:33:13Z
2026-08-26T15:27:09Z,2026-08-26T17:27:09+0200,ec44fe02-3364-422b-92bd-0daf191e06d6,2026-08-01T02:00:00Z,2026-08-01T04:00:00+0200,516.777,MW,DE,DE_LU,actual_offshore_wind_generation,Wind Offshore,2026-08-26T15:33:13Z
2026-08-26T15:27:09Z,2026-08-26T17:27:09+0200,ec44fe02-3364-422b-92bd-0daf191e06d6,2026-08-01T02:15:00Z,2026-08-01T04:15:00+0200,550.105,MW,DE,DE_LU,actual_offshore_wind_generation,Wind Offshore,2026-08-26T15:33:13Z
2026-08-26T15:27:09Z,2026-08-26T17:27:09+0200,ec44fe02-3364-422b-92bd-0daf191e06d6,2026-08-01T02:30:00Z,2026-08-01T04:30:00+0200,563.239,MW,DE,DE_LU,actual_offshore_wind_generation,Wind Offshore,2026-08-26T15:33:13Z
2026-08-26T15:27:09Z,2026-08-26T17:27:09+0200,ec44fe02-3364-422b-92bd-0daf191e06d6,2026-08-01T02:45:00Z,2026-08-01T04:45:00+0200,626.302,MW,DE,DE_LU,actual_offshore_wind_generation,Wind Offshore,2026-08-26T15:33:13Z
2026-08-26T15:27:09Z,2026-08-26T17:27:09+0200,ec44fe02-3364-422b-92bd-0daf191e06d6,2026-08-01T03:00:00Z,2026-08-01T05:00:00+0200,700.705,MW,DE,DE_LU,actual_offshore_wind_generation,Wind Offshore,2026-08-26T15:33:13Z
2026-08-26T15:27:09Z,2026-08-26T17:27:09+0200,ec44fe02-3364-422b-92bd-0daf191e06d6,2026-08-01T03:15:00Z,2026-08-01T05:15:00+0200,776.175,MW,DE,DE_LU,actual_offshore_wind_generation,Wind Offshore,2026-08-26T15:33:13Z
2026-08-26T15:27:09Z,2026-08-26T17:27:09+0200,ec44fe02-3364-422b-92bd-0daf191e06d6,2026-08-01T03:30:00Z,2026-08-01T05:30:00+0200,875.365,MW,DE,DE_LU,actual_offshore_wind_generation,Wind Offshore,2026-08-26T15:33:13Z
2026-08-26T15:27:09Z,2026-08-26T17:27:09+0200,ec44fe02-3364-422b-92bd-0daf191e06d6,2026-08-01T03:45:00Z,2026-08-01T05:45:00+0200,956.945,MW,DE,DE_LU,actual_offshore_wind_generation,Wind Offshore,2026-08-26T15:33:13Z
2026-08-26T15:27:09Z,2026-08-26T17:27:09+0200,ec44fe02-3364-422b-92bd-0daf191e06d6,2026-08-01T04:00:00Z,2026-08-01T06:00:00+0200,1067.281,MW,DE,DE_LU,actual_offshore_wind_generation,Wind Offshore,2026-08-26T15:33:13Z
2026-08-26T15:27:09Z,2026-08-26T17:27:09+0200,ec44fe02-3364-422b-92bd-0daf191e06d6,2026-08-01T04:15:00Z,2026-08-01T06:15:00+0200,1126.005,MW,DE,DE_LU,actual_offshore_wind_generation,Wind Offshore,2026-08-26T15:33:13Z
2026-08-26T15:27:09Z,2026-08-26T17:27:09+0200,ec44fe02-3364-422b-92bd-0daf191e06d6,2026-08-01T04:30:00Z,2026-08-01T06:30:00+0200,1077.348,MW,DE,DE_LU,actual_offshore_wind_generation,Wind Offshore,2026-08-26T15:33:13Z
2026-08-26T15:27:09Z,2026-08-26T17:27:09+0200,ec44fe02-3364-422b-92bd-0daf191e06d6,2026-08-01T04:45:00Z,2026-08-01T06:45:00+0200,1014.761,MW,DE,DE_LU,actual_offshore_wind_generation,Wind Offshore,2026-08-26T15:33:13Z
2026-08-26T15:27:09Z,2026-08-26T17:27:09+0200,ec44fe02-3364-422b-92bd-0daf191e06d6,2026-08-01T05:00:00Z,2026-08-01T07:00:00+0200,921.027,MW,DE,DE_LU,actual_offshore_wind_generation,Wind Offshore,2026-08-26T15:33:13Z
2026-08-26T15:27:09Z,2026-08-26T17:27:09+0200,ec44fe02-3364-422b-92bd-0daf191e06d6,2026-08-01T05:15:00Z,2026-08-01T07:15:00+0200,854.776,MW,DE,DE_LU,actual_offshore_wind_generation,Wind Offshore,2026-08-26T15:33:13Z
2026-08-26T15:27:09Z,2026-08-26T17:27:09+0200,ec44fe02-3364-422b-92bd-0daf191e06d6,2026-08-01T05:30:00Z,2026-08-01T07:30:00+0200,811.846,MW,DE,DE_LU,actual_offshore_wind_generation,Wind Offshore,2026-08-26T15:33:13Z
2026-08-26T15:27:09Z,2026-08-26T17:27:09+0200,ec44fe02-3364-422b-92bd-0daf191e06d6,2026-08-01T05:45:00Z,2026-08-01T07:45:00+0200,782.872,MW,DE,DE_LU,actual_offshore_wind_generation,Wind Offshore,2026-08-26T15:33:13Z
2026-08-26T15:27:09Z,2026-08-26T17:27:09+0200,ec44fe02-3364-422b-92bd-0daf191e06d6,2026-08-01T06:00:00Z,2026-08-01T08:00:00+0200,719.737,MW,DE,DE_LU,actual_offshore_wind_generation,Wind Offshore,2026-08-26T15:33:13Z
2026-08-26T15:27:09Z,2026-08-26T17:27:09+0200,ec44fe02-3364-422b-92bd-0daf191e06d6,2026-08-01T06:15:00Z,2026-08-01T08:15:00+0200,615.808,MW,DE,DE_LU,actual_offshore_wind_generation,Wind Offshore,2026-08-26T15:33:13Z
2026-08-26T15:27:09Z,2026-08-26T17:27:09+0200,ec44fe02-3364-422b-92bd-0daf191e06d6,2026-08-01T06:30:00Z,2026-08-01T08:30:00+0200,543.785,MW,DE,DE_LU,actual_offshore_wind_generation,Wind Offshore,2026-08-26T15:33:13Z
2026-08-26T15:27:09Z,2026-08-26T17:27:09+0200,ec44fe02-3364-422b-92bd-0daf191e06d6,2026-08-01T06:45:00Z,2026-08-01T08:45:00+0200,486.422,MW,DE,DE_LU,actual_offshore_wind_generation,Wind Offshore,2026-08-26T15:33:13Z
2026-08-26T15:27:09Z,2026-08-26T17:27:09+0200,ec44fe02-3364-422b-92bd-0daf191e06d6,2026-08-01T07:00:00Z,2026-08-01T09:00:00+0200,455.947,MW,DE,DE_LU,actual_offshore_wind_generation,Wind Offshore,2026-08-26T15:33:13Z
2026-08-26T15:27:09Z,2026-08-26T17:27:09+0200,ec44fe02-3364-422b-92bd-0daf191e06d6,2026-08-01T07:15:00Z,2026-08-01T09:15:00+0200,392.058,MW,DE,DE_LU,actual_offshore_wind_generation,Wind Offshore,2026-08-26T15:33:13Z
2026-08-26T15:27:09Z,2026-08-26T17:27:09+0200,ec44fe02-3364-422b-92bd-0daf191e06d6,2026-08-01T07:30:00Z,2026-08-01T09:30:00+0200,348.59,MW,DE,DE_LU,actual_offshore_wind_generation,Wind Offshore,2026-08-26T15:33:13Z
2026-08-26T15:27:09Z,2026-08-26T17:27:09+0200,ec44fe02-3364-422b-92bd-0daf191e06d6,2026-08-01T07:45:00Z,2026-08-01T09:45:00+0200,330.871,MW,DE,DE_LU,actual_offshore_wind_generation,Wind Offshore,2026-08-26T15:33:13Z
2026-08-26T15:27:09Z,2026-08-26T17:27:09+0200,ec44fe02-3364-422b-92bd-0daf191e06d6,2026-08-01T08:00:00Z,2026-08-01T10:00:00+0200,318.171,MW,DE,DE_LU,actual_offshore_wind_generation,Wind Offshore,2026-08-26T15:33:13Z
2026-08-26T15:27:09Z,2026-08-26T17:27:09+0200,ec44fe02-3364-422b-92bd-0daf191e06d6,2026-08-01T08:15:00Z,2026-08-01T10:15:00+0200,321.644,MW,DE,DE_LU,actual_offshore_wind_generation,Wind Offshore,2026-08-26T15:33:13Z
2026-08-26T15:27:09Z,2026-08-26T17:27:09+0200,ec44fe02-3364-422b-92bd-0daf191e06d6,2026-08-01T08:30:00Z,2026-08-01T10:30:00+0200,340.024,MW,DE,DE_LU,actual_offshore_wind_generation,Wind Offshore,2026-08-26T15:33:13Z
2026-08-26T15:27:09Z,2026-08-26T17:27:09+0200,ec44fe02-3364-422b-92bd-0daf191e06d6,2026-08-01T08:45:00Z,2026-08-01T10:45:00+0200,358.392,MW,DE,DE_LU,actual_offshore_wind_generation,Wind Offshore,2026-08-26T15:33:13Z
2026-08-26T15:27:09Z,2026-08-26T17:27:09+0200,ec44fe02-3364-422b-92bd-0daf191e06d6,2026-08-01T09:00:00Z,2026-08-01T11:00:00+0200,392.763,MW,DE,DE_LU,actual_offshore_wind_generation,Wind Offshore,2026-08-26T15:33:13Z
2026-08-26T15:27:09Z,2026-08-26T17:27:09+0200,ec44fe02-3364-422b-92bd-0daf191e06d6,2026-08-01T09:15:00Z,2026-08-01T11:15:00+0200,510.096,MW,DE,DE_LU,actual_offshore_wind_generation,Wind Offshore,2026-08-26T15:33:13Z
2026-08-26T15:27:09Z,2026-08-26T17:27:09+0200,ec44fe02-3364-422b-92bd-0daf191e06d6,2026-08-01T09:30:00Z,2026-08-01T11:30:00+0200,561.328,MW,DE,DE_LU,actual_offshore_wind_generation,Wind Offshore,2026-08-26T15:33:13Z
2026-08-26T15:27:09Z,2026-08-26T17:27:09+0200,ec44fe02-3364-422b-92bd-0daf191e06d6,2026-08-01T09:45:00Z,2026-08-01T11:45:00+0200,611.869,MW,DE,DE_LU,actual_offshore_wind_generation,Wind Offshore,2026-08-26T15:33:13Z
2026-08-26T15:27:09Z,2026-08-26T17:27:09+0200,ec44fe02-3364-422b-92bd-0daf191e06d6,2026-08-01T10:00:00Z,2026-08-01T12:00:00+0200,727.374,MW,DE,DE_LU,actual_offshore_wind_generation,Wind Offshore,2026-08-26T15:33:13Z
2026-08-26T15:27:09Z,2026-08-26T17:27:09+0200,ec44fe02-3364-422b-92bd-0daf191e06d6,2026-08-01T10:15:00Z,2026-08-01T12:15:00+0200,881.481,MW,DE,DE_LU,actual_offshore_wind_generation,Wind Offshore,2026-08-26T15:33:13Z
2026-08-26T15:27:09Z,2026-08-26T17:27:09+0200,ec44fe02-3364-422b-92bd-0daf191e06d6,2026-08-01T10:30:00Z,2026-08-01T12:30:00+0200,1100.07,MW,DE,DE_LU,actual_offshore_wind_generation,Wind Offshore,2026-08-26T15:33:13Z
2026-08-26T15:27:09Z,2026-08-26T17:27:09+0200,ec44fe02-3364-422b-92bd-0daf191e06d6,2026-08-01T10:45:00Z,2026-08-01T12:45:00+0200,1296.868,MW,DE,DE_LU,actual_offshore_wind_generation,Wind Offshore,2026-08-26T15:33:13Z
2026-08-26T15:27:09Z,2026-08-26T17:27:09+0200,ec44fe02-3364-422b-92bd-0daf191e06d6,2026-08-01T11:00:00Z,2026-08-01T13:00:00+0200,1207.662,MW,DE,DE_LU,actual_offshore_wind_generation,Wind Offshore,2026-08-26T15:33:13Z
2026-08-26T15:27:09Z,2026-08-26T17:27:09+0200,ec44fe02-3364-422b-92bd-0daf191e06d6,2026-08-01T11:15:00Z,2026-08-01T13:15:00+0200,1247.958,MW,DE,DE_LU,actual_offshore_wind_generation,Wind Offshore,2026-08-26T15:33:13Z
2026-08-26T15:27:09Z,2026-08-26T17:27:09+0200,ec44fe02-3364-422b-92bd-0daf191e06d6,2026-08-01T11:30:00Z,2026-08-01T13:30:00+0200,1172.623,MW,DE,DE_LU,actual_offshore_wind_generation,Wind Offshore,2026-08-26T15:33:13Z
2026-08-26T15:27:09Z,2026-08-26T17:27:09+0200,ec44fe02-3364-422b-92bd-0daf191e06d6,2026-08-01T11:45:00Z,2026-08-01T13:45:00+0200,1326.982,MW,DE,DE_LU,actual_offshore_wind_generation,Wind Offshore,2026-08-26T15:33:13Z
2026-08-26T15:27:09Z,2026-08-26T17:27:09+0200,ec44fe02-3364-422b-92bd-0daf191e06d6,2026-08-01T12:00:00Z,2026-08-01T14:00:00+0200,1354.154,MW,DE,DE_LU,actual_offshore_wind_generation,Wind Offshore,2026-08-26T15:33:13Z
2026-08-26T15:27:09Z,2026-08-26T17:27:09+0200,ec44fe02-3364-422b-92bd-0daf191e06d6,2026-08-01T12:15:00Z,2026-08-01T14:15:00+0200,1394.164,MW,DE,DE_LU,actual_offshore_wind_generation,Wind Offshore,2026-08-26T15:33:13Z
2026-08-26T15:27:09Z,2026-08-26T17:27:09+0200,ec44fe02-3364-422b-92bd-0daf191e06d6,2026-08-01T12:30:00Z,2026-08-01T14:30:00+0200,1408.07,MW,DE,DE_LU,actual_offshore_wind_generation,Wind Offshore,2026-08-26T15:33:13Z
2026-08-26T15:27:09Z,2026-08-26T17:27:09+0200,ec44fe02-3364-422b-92bd-0daf191e06d6,2026-08-01T12:45:00Z,2026-08-01T14:45:00+0200,1569.278,MW,DE,DE_LU,actual_offshore_wind_generation,Wind Offshore,2026-08-26T15:33:13Z
2026-08-26T15:27:09Z,2026-08-26T17:27:09+0200,ec44fe02-3364-422b-92bd-0daf191e06d6,2026-08-01T13:00:00Z,2026-08-01T15:00:00+0200,1317.77,MW,DE,DE_LU,actual_offshore_wind_generation,Wind Offshore,2026-08-26T15:33:13Z
2026-08-26T15:27:09Z,2026-08-26T17:27:09+0200,ec44fe02-3364-422b-92bd-0daf191e06d6,2026-08-01T13:15:00Z,2026-08-01T15:15:00+0200,1285.718,MW,DE,DE_LU,actual_offshore_wind_generation,Wind Offshore,2026-08-26T15:33:13Z
2026-08-26T15:27:09Z,2026-08-26T17:27:09+0200,ec44fe02-3364-422b-92bd-0daf191e06d6,2026-08-01T13:30:00Z,2026-08-01T15:30:00+0200,1347.391,MW,DE,DE_LU,actual_offshore_wind_generation,Wind Offshore,2026-08-26T15:33:13Z
2026-08-26T15:27:09Z,2026-08-26T17:27:09+0200,ec44fe02-3364-422b-92bd-0daf191e06d6,2026-08-01T13:45:00Z,2026-08-01T15:45:00+0200,1406.42,MW,DE,DE_LU,actual_offshore_wind_generation,Wind Offshore,2026-08-26T15:33:13Z
2026-08-26T15:27:09Z,2026-08-26T17:27:09+0200,ec44fe02-3364-422b-92bd-0daf191e06d6,2026-08-01T14:00:00Z,2026-08-01T16:00:00+0200,1233.293,MW,DE,DE_LU,actual_offshore_wind_generation,Wind Offshore,2026-08-26T15:33:13Z
2026-08-26T15:27:09Z,2026-08-26T17:27:09+0200,ec44fe02-3364-422b-92bd-0daf191e06d6,2026-08-01T14:15:00Z,2026-08-01T16:15:00+0200,1165.372,MW,DE,DE_LU,actual_offshore_wind_generation,Wind Offshore,2026-08-26T15:33:13Z
2026-08-26T15:27:09Z,2026-08-26T17:27:09+0200,ec44fe02-3364-422b-92bd-0daf191e06d6,2026-08-01T14:30:00Z,2026-08-01T16:30:00+0200,1115.416,MW,DE,DE_LU,actual_offshore_wind_generation,Wind Offshore,2026-08-26T15:33:13Z
2026-08-26T15:27:09Z,2026-08-26T17:27:09+0200,ec44fe02-3364-422b-92bd-0daf191e06d6,2026-08-01T14:45:00Z,2026-08-01T16:45:00+0200,1152.493,MW,DE,DE_LU,actual_offshore_wind_generation,Wind Offshore,2026-08-26T15:33:13Z
2026-08-26T15:27:09Z,2026-08-26T17:27:09+0200,ec44fe02-3364-422b-92bd-0daf191e06d6,2026-08-01T15:00:00Z,2026-08-01T17:00:00+0200,1203.623,MW,DE,DE_LU,actual_offshore_wind_generation,Wind Offshore,2026-08-26T15:33:13Z
2026-08-26T15:27:09Z,2026-08-26T17:27:09+0200,ec44fe02-3364-422b-92bd-0daf191e06d6,2026-08-01T15:15:00Z,2026-08-01T17:15:00+0200,1190.7,MW,DE,DE_LU,actual_offshore_wind_generation,Wind Offshore,2026-08-26T15:33:13Z
2026-08-26T15:27:09Z,2026-08-26T17:27:09+0200,ec44fe02-3364-422b-92bd-0daf191e06d6,2026-08-01T15:30:00Z,2026-08-01T17:30:00+0200,1229.932,MW,DE,DE_LU,actual_offshore_wind_generation,Wind Offshore,2026-08-26T15:33:13Z
2026-08-26T15:27:09Z,2026-08-26T17:27:09+0200,ec44fe02-3364-422b-92bd-0daf191e06d6,2026-08-01T15:45:00Z,2026-08-01T17:45:00+0200,1347.457,MW,DE,DE_LU,actual_offshore_wind_generation,Wind Offshore,2026-08-26T15:33:13Z
2026-08-26T15:27:09Z,2026-08-26T17:27:09+0200,ec44fe02-3364-422b-92bd-0daf191e06d6,2026-08-01T16:00:00Z,2026-08-01T18:00:00+0200,1440.847,MW,DE,DE_LU,actual_offshore_wind_generation,Wind Offshore,2026-08-26T15:33:13Z
2026-08-26T15:27:09Z,2026-08-26T17:27:09+0200,ec44fe02-3364-422b-92bd-0daf191e06d6,2026-08-01T16:15:00Z,2026-08-01T18:15:00+0200,1425.908,MW,DE,DE_LU,actual_offshore_wind_generation,Wind Offshore,2026-08-26T15:33:13Z
2026-08-26T15:27:09Z,2026-08-26T17:27:09+0200,ec44fe02-3364-422b-92bd-0daf191e06d6,2026-08-01T16:30:00Z,2026-08-01T18:30:00+0200,1389.895,MW,DE,DE_LU,actual_offshore_wind_generation,Wind Offshore,2026-08-26T15:33:13Z
2026-08-26T15:27:09Z,2026-08-26T17:27:09+0200,ec44fe02-3364-422b-92bd-0daf191e06d6,2026-08-01T16:45:00Z,2026-08-01T18:45:00+0200,1311.872,MW,DE,DE_LU,actual_offshore_wind_generation,Wind Offshore,2026-08-26T15:33:13Z
2026-08-26T15:27:09Z,2026-08-26T17:27:09+0200,ec44fe02-3364-422b-92bd-0daf191e06d6,2026-08-01T17:00:00Z,2026-08-01T19:00:00+0200,1230.155,MW,DE,DE_LU,actual_offshore_wind_generation,Wind Offshore,2026-08-26T15:33:13Z
2026-08-26T15:27:09Z,2026-08-26T17:27:09+0200,ec44fe02-3364-422b-92bd-0daf191e06d6,2026-08-01T17:15:00Z,2026-08-01T19:15:00+0200,1209.652,MW,DE,DE_LU,actual_offshore_wind_generation,Wind Offshore,2026-08-26T15:33:13Z
2026-08-26T15:27:09Z,2026-08-26T17:27:09+0200,ec44fe02-3364-422b-92bd-0daf191e06d6,2026-08-01T17:30:00Z,2026-08-01T19:30:00+0200,1179.528,MW,DE,DE_LU,actual_offshore_wind_generation,Wind Offshore,2026-08-26T15:33:13Z
2026-08-26T15:27:09Z,2026-08-26T17:27:09+0200,ec44fe02-3364-422b-92bd-0daf191e06d6,2026-08-01T17:45:00Z,2026-08-01T19:45:00+0200,1184.616,MW,DE,DE_LU,actual_offshore_wind_generation,Wind Offshore,2026-08-26T15:33:13Z
2026-08-26T15:27:09Z,2026-08-26T17:27:09+0200,ec44fe02-3364-422b-92bd-0daf191e06d6,2026-08-01T18:00:00Z,2026-08-01T20:00:00+0200,1148.935,MW,DE,DE_LU,actual_offshore_wind_generation,Wind Offshore,2026-08-26T15:33:13Z
2026-08-26T15:27:09Z,2026-08-26T17:27:09+0200,ec44fe02-3364-422b-92bd-0daf191e06d6,2026-08-01T18:15:00Z,2026-08-01T20:15:00+0200,1105.734,MW,DE,DE_LU,actual_offshore_wind_generation,Wind Offshore,2026-08-26T15:33:13Z
2026-08-26T15:27:09Z,2026-08-26T17:27:09+0200,ec44fe02-3364-422b-92bd-0daf191e06d6,2026-08-01T18:30:00Z,2026-08-01T20:30:00+0200,1057.862,MW,DE,DE_LU,actual_offshore_wind_generation,Wind Offshore,2026-08-26T15:33:13Z
2026-08-26T15:27:09Z,2026-08-26T17:27:09+0200,ec44fe02-3364-422b-92bd-0daf191e06d6,2026-08-01T18:45:00Z,2026-08-01T20:45:00+0200,1072.726,MW,DE,DE_LU,actual_offshore_wind_generation,Wind Offshore,2026-08-26T15:33:13Z
2026-08-26T15:27:09Z,2026-08-26T17:27:09+0200,ec44fe02-3364-422b-92bd-0daf191e06d6,2026-08-01T19:00:00Z,2026-08-01T21:00:00+0200,1075.088,MW,DE,DE_LU,actual_offshore_wind_generation,Wind Offshore,2026-08-26T15:33:13Z
2026-08-26T15:27:09Z,2026-08-26T17:27:09+0200,ec44fe02-3364-422b-92bd-0daf191e06d6,2026-08-01T19:15:00Z,2026-08-01T21:15:00+0200,1059.016,MW,DE,DE_LU,actual_offshore_wind_generation,Wind Offshore,2026-08-26T15:33:13Z
2026-08-26T15:27:09Z,2026-08-26T17:27:09+0200,ec44fe02-3364-422b-92bd-0daf191e06d6,2026-08-01T19:30:00Z,2026-08-01T21:30:00+0200,1073.671,MW,DE,DE_LU,actual_offshore_wind_generation,Wind Offshore,2026-08-26T15:33:13Z
2026-08-26T15:27:09Z,2026-08-26T17:27:09+0200,ec44fe02-3364-422b-92bd-0daf191e06d6,2026-08-01T19:45:00Z,2026-08-01T21:45:00+0200,1153.143,MW,DE,DE_LU,actual_offshore_wind_generation,Wind Offshore,2026-08-26T15:33:13Z
2026-08-26T15:27:09Z,2026-08-26T17:27:09+0200,ec44fe02-3364-422b-92bd-0daf191e06d6,2026-08-01T20:00:00Z,2026-08-01T22:00:00+0200,1213.919,MW,DE,DE_LU,actual_offshore_wind_generation,Wind Offshore,2026-08-26T15:33:13Z
2026-08-26T15:27:09Z,2026-08-26T17:27:09+0200,ec44fe02-3364-422b-92bd-0daf191e06d6,2026-08-01T20:15:00Z,2026-08-01T22:15:00+0200,1254.623,MW,DE,DE_LU,actual_offshore_wind_generation,Wind Offshore,2026-08-26T15:33:13Z
2026-08-26T15:27:09Z,2026-08-26T17:27:09+0200,ec44fe02-3364-422b-92bd-0daf191e06d6,2026-08-01T20:30:00Z,2026-08-01T22:30:00+0200,1345.745,MW,DE,DE_LU,actual_offshore_wind_generation,Wind Offshore,2026-08-26T15:33:13Z
2026-08-26T15:27:09Z,2026-08-26T17:27:09+0200,ec44fe02-3364-422b-92bd-0daf191e06d6,2026-08-01T20:45:00Z,2026-08-01T22:45:00+0200,1434.567,MW,DE,DE_LU,actual_offshore_wind_generation,Wind Offshore,2026-08-26T15:33:13Z
2026-08-26T15:27:09Z,2026-08-26T17:27:09+0200,ec44fe02-3364-422b-92bd-0daf191e06d6,2026-08-01T21:00:00Z,2026-08-01T23:00:00+0200,1334.231,MW,DE,DE_LU,actual_offshore_wind_generation,Wind Offshore,2026-08-26T15:33:13Z
2026-08-26T15:27:09Z,2026-08-26T17:27:09+0200,ec44fe02-3364-422b-92bd-0daf191e06d6,2026-08-01T21:15:00Z,2026-08-01T23:15:00+0200,1290.389,MW,DE,DE_LU,actual_offshore_wind_generation,Wind Offshore,2026-08-26T15:33:13Z
2026-08-26T15:27:09Z,2026-08-26T17:27:09+0200,ec44fe02-3364-422b-92bd-0daf191e06d6,2026-08-01T21:30:00Z,2026-08-01T23:30:00+0200,1342.235,MW,DE,DE_LU,actual_offshore_wind_generation,Wind Offshore,2026-08-26T15:33:13Z
2026-08-26T15:27:09Z,2026-08-26T17:27:09+0200,ec44fe02-3364-422b-92bd-0daf191e06d6,2026-08-01T21:45:00Z,2026-08-01T23:45:00+0200,1340.478,MW,DE,DE_LU,actual_offshore_wind_generation,Wind Offshore,2026-08-26T15:33:13Z
2026-08-26T15:27:09Z,2026-08-26T17:27:09+0200,ec44fe02-3364-422b-92bd-0daf191e06d6,2026-08-01T22:00:00Z,2026-08-02T00:00:00+0200,1286.315,MW,DE,DE_LU,actual_offshore_wind_generation,Wind Offshore,2026-08-26T15:33:13Z
2026-08-26T15:27:09Z,2026-08-26T17:27:09+0200,ec44fe02-3364-422b-92bd-0daf191e06d6,2026-08-01T22:15:00Z,2026-08-02T00:15:00+0200,1280.272,MW,DE,DE_LU,actual_offshore_wind_generation,Wind Offshore,2026-08-26T15:33:13Z
2026-08-26T15:27:09Z,2026-08-26T17:27:09+0200,ec44fe02-3364-422b-92bd-0daf191e06d6,2026-08-01T22:30:00Z,2026-08-02T00:30:00+0200,1277.999,MW,DE,DE_LU,actual_offshore_wind_generation,Wind Offshore,2026-08-26T15:33:13Z
2026-08-26T15:27:09Z,2026-08-26T17:27:09+0200,ec44fe02-3364-422b-92bd-0daf191e06d6,2026-08-01T22:45:00Z,2026-08-02T00:45:00+0200,1239.343,MW,DE,DE_LU,actual_offshore_wind_generation,Wind Offshore,2026-08-26T15:33:13Z
2026-08-26T15:27:09Z,2026-08-26T17:27:09+0200,ec44fe02-3364-422b-92bd-0daf191e06d6,2026-08-01T23:00:00Z,2026-08-02T01:00:00+0200,1261.648,MW,DE,DE_LU,actual_offshore_wind_generation,Wind Offshore,2026-08-26T15:33:13Z
2026-08-26T15:27:09Z,2026-08-26T17:27:09+0200,ec44fe02-3364-422b-92bd-0daf191e06d6,2026-08-01T23:15:00Z,2026-08-02T01:15:00+0200,1267.792,MW,DE,DE_LU,actual_offshore_wind_generation,Wind Offshore,2026-08-26T15:33:13Z
2026-08-26T15:27:09Z,2026-08-26T17:27:09+0200,ec44fe02-3364-422b-92bd-0daf191e06d6,2026-08-01T23:30:00Z,2026-08-02T01:30:00+0200,1218.234,MW,DE,DE_LU,actual_offshore_wind_generation,Wind Offshore,2026-08-26T15:33:13Z
2026-08-26T15:27:09Z,2026-08-26T17:27:09+0200,ec44fe02-3364-422b-92bd-0daf191e06d6,2026-08-01T23:45:00Z,2026-08-02T01:45:00+0200,1219.976,MW,DE,DE_LU,actual_offshore_wind_generation,Wind Offshore,2026-08-26T15:33:13Z
2026-08-26T15:27:09Z,2026-08-26T17:27:09+0200,ec44fe02-3364-422b-92bd-0daf191e06d6,2026-08-02T00:00:00Z,2026-08-02T02:00:00+0200,1216.897,MW,DE,DE_LU,actual_offshore_wind_generation,Wind Offshore,2026-08-26T15:33:13Z
2026-08-26T15:27:09Z,2026-08-26T17:27:09+0200,ec44fe02-3364-422b-92bd-0daf191e06d6,2026-08-02T00:15:00Z,2026-08-02T02:15:00+0200,1242.331,MW,DE,DE_LU,actual_offshore_wind_generation,Wind Offshore,2026-08-26T15:33:13Z
2026-08-26T15:27:09Z,2026-08-26T17:27:09+0200,ec44fe02-3364-422b-92bd-0daf191e06d6,2026-08-02T00:30:00Z,2026-08-02T02:30:00+0200,1295.496,MW,DE,DE_LU,actual_offshore_wind_generation,Wind Offshore,2026-08-26T15:33:13Z
2026-08-26T15:27:09Z,2026-08-26T17:27:09+0200,ec44fe02-3364-422b-92bd-0daf191e06d6,2026-08-02T00:45:00Z,2026-08-02T02:45:00+0200,1222.555,MW,DE,DE_LU,actual_offshore_wind_generation,Wind Offshore,2026-08-26T15:33:13Z
2026-08-26T15:27:09Z,2026-08-26T17:27:09+0200,ec44fe02-3364-422b-92bd-0daf191e06d6,2026-08-02T01:00:00Z,2026-08-02T03:00:00+0200,1153.602,MW,DE,DE_LU,actual_offshore_wind_generation,Wind Offshore,2026-08-26T15:33:13Z
2026-08-26T15:27:09Z,2026-08-26T17:27:09+0200,ec44fe02-3364-422b-92bd-0daf191e06d6,2026-08-02T01:15:00Z,2026-08-02T03:15:00+0200,1110.864,MW,DE,DE_LU,actual_offshore_wind_generation,Wind Offshore,2026-08-26T15:33:13Z
2026-08-26T15:27:09Z,2026-08-26T17:27:09+0200,ec44fe02-3364-422b-92bd-0daf191e06d6,2026-08-02T01:30:00Z,2026-08-02T03:30:00+0200,1075.021,MW,DE,DE_LU,actual_offshore_wind_generation,Wind Offshore,2026-08-26T15:33:13Z
2026-08-26T15:27:09Z,2026-08-26T17:27:09+0200,ec44fe02-3364-422b-92bd-0daf191e06d6,2026-08-02T01:45:00Z,2026-08-02T03:45:00+0200,1066.645,MW,DE,DE_LU,actual_offshore_wind_generation,Wind Offshore,2026-08-26T15:33:13Z
2026-08-26T15:27:09Z,2026-08-26T17:27:09+0200,ec44fe02-3364-422b-92bd-0daf191e06d6,2026-08-02T02:00:00Z,2026-08-02T04:00:00+0200,1005.567,MW,DE,DE_LU,actual_offshore_wind_generation,Wind Offshore,2026-08-26T15:33:13Z
2026-08-26T15:27:09Z,2026-08-26T17:27:09+0200,ec44fe02-3364-422b-92bd-0daf191e06d6,2026-08-02T02:15:00Z,2026-08-02T04:15:00+0200,947.463,MW,DE,DE_LU,actual_offshore_wind_generation,Wind Offshore,2026-08-26T15:33:13Z
2026-08-26T15:27:09Z,2026-08-26T17:27:09+0200,ec44fe02-3364-422b-92bd-0daf191e06d6,2026-08-02T02:30:00Z,2026-08-02T04:30:00+0200,903.244,MW,DE,DE_LU,actual_offshore_wind_generation,Wind Offshore,2026-08-26T15:33:13Z
2026-08-26T15:27:09Z,2026-08-26T17:27:09+0200,ec44fe02-3364-422b-92bd-0daf191e06d6,2026-08-02T02:45:00Z,2026-08-02T04:45:00+0200,855.039,MW,DE,DE_LU,actual_offshore_wind_generation,Wind Offshore,2026-08-26T15:33:13Z
2026-08-26T15:27:09Z,2026-08-26T17:27:09+0200,ec44fe02-3364-422b-92bd-0daf191e06d6,2026-08-02T03:00:00Z,2026-08-02T05:00:00+0200,883.497,MW,DE,DE_LU,actual_offshore_wind_generation,Wind Offshore,2026-08-26T15:33:13Z
2026-08-26T15:27:09Z,2026-08-26T17:27:09+0200,ec44fe02-3364-422b-92bd-0daf191e06d6,2026-08-02T03:15:00Z,2026-08-02T05:15:00+0200,879.341,MW,DE,DE_LU,actual_offshore_wind_generation,Wind Offshore,2026-08-26T15:33:13Z
2026-08-26T15:27:09Z,2026-08-26T17:27:09+0200,ec44fe02-3364-422b-92bd-0daf191e06d6,2026-08-02T03:30:00Z,2026-08-02T05:30:00+0200,864.756,MW,DE,DE_LU,actual_offshore_wind_generation,Wind Offshore,2026-08-26T15:33:13Z
2026-08-26T15:27:09Z,2026-08-26T17:27:09+0200,ec44fe02-3364-422b-92bd-0daf191e06d6,2026-08-02T03:45:00Z,2026-08-02T05:45:00+0200,828.275,MW,DE,DE_LU,actual_offshore_wind_generation,Wind Offshore,2026-08-26T15:33:13Z
2026-08-26T15:27:09Z,2026-08-26T17:27:09+0200,ec44fe02-3364-422b-92bd-0daf191e06d6,2026-08-02T04:00:00Z,2026-08-02T06:00:00+0200,849.987,MW,DE,DE_LU,actual_offshore_wind_generation,Wind Offshore,2026-08-26T15:33:13Z
2026-08-26T15:27:09Z,2026-08-26T17:27:09+0200,ec44fe02-3364-422b-92bd-0daf191e06d6,2026-08-02T04:15:00Z,2026-08-02T06:15:00+0200,873.793,MW,DE,DE_LU,actual_offshore_wind_generation,Wind Offshore,2026-08-26T15:33:13Z
2026-08-26T15:27:09Z,2026-08-26T17:27:09+0200,ec44fe02-3364-422b-92bd-0daf191e06d6,2026-08-02T04:30:00Z,2026-08-02T06:30:00+0200,832.837,MW,DE,DE_LU,actual_offshore_wind_generation,Wind Offshore,2026-08-26T15:33:13Z
2026-08-26T15:27:09Z,2026-08-26T17:27:09+0200,ec44fe02-3364-422b-92bd-0daf191e06d6,2026-08-02T04:45:00Z,2026-08-02T06:45:00+0200,818.091,MW,DE,DE_LU,actual_offshore_wind_generation,Wind Offshore,2026-08-26T15:33:13Z
2026-08-26T15:27:09Z,2026-08-26T17:27:09+0200,ec44fe02-3364-422b-92bd-0daf191e06d6,2026-08-02T05:00:00Z,2026-08-02T07:00:00+0200,808.742,MW,DE,DE_LU,actual_offshore_wind_generation,Wind Offshore,2026-08-26T15:33:13Z
2026-08-26T15:27:09Z,2026-08-26T17:27:09+0200,ec44fe02-3364-422b-92bd-0daf191e06d6,2026-08-02T05:15:00Z,2026-08-02T07:15:00+0200,794.774,MW,DE,DE_LU,actual_offshore_wind_generation,Wind Offshore,2026-08-26T15:33:13Z
2026-08-26T15:27:09Z,2026-08-26T17:27:09+0200,ec44fe02-3364-422b-92bd-0daf191e06d6,2026-08-02T05:30:00Z,2026-08-02T07:30:00+0200,796.924,MW,DE,DE_LU,actual_offshore_wind_generation,Wind Offshore,2026-08-26T15:33:13Z
2026-08-26T15:27:09Z,2026-08-26T17:27:09+0200,ec44fe02-3364-422b-92bd-0daf191e06d6,2026-08-02T05:45:00Z,2026-08-02T07:45:00+0200,777.759,MW,DE,DE_LU,actual_offshore_wind_generation,Wind Offshore,2026-08-26T15:33:13Z
2026-08-26T15:27:09Z,2026-08-26T17:27:09+0200,ec44fe02-3364-422b-92bd-0daf191e06d6,2026-08-02T06:00:00Z,2026-08-02T08:00:00+0200,729.833,MW,DE,DE_LU,actual_offshore_wind_generation,Wind Offshore,2026-08-26T15:33:13Z
2026-08-26T15:27:09Z,2026-08-26T17:27:09+0200,ec44fe02-3364-422b-92bd-0daf191e06d6,2026-08-02T06:15:00Z,2026-08-02T08:15:00+0200,748.198,MW,DE,DE_LU,actual_offshore_wind_generation,Wind Offshore,2026-08-26T15:33:13Z
2026-08-26T15:27:09Z,2026-08-26T17:27:09+0200,ec44fe02-3364-422b-92bd-0daf191e06d6,2026-08-02T06:30:00Z,2026-08-02T08:30:00+0200,705.862,MW,DE,DE_LU,actual_offshore_wind_generation,Wind Offshore,2026-08-26T15:33:13Z
2026-08-26T15:27:09Z,2026-08-26T17:27:09+0200,ec44fe02-3364-422b-92bd-0daf191e06d6,2026-08-02T06:45:00Z,2026-08-02T08:45:00+0200,653.994,MW,DE,DE_LU,actual_offshore_wind_generation,Wind Offshore,2026-08-26T15:33:13Z
2026-08-26T15:27:09Z,2026-08-26T17:27:09+0200,ec44fe02-3364-422b-92bd-0daf191e06d6,2026-08-02T07:00:00Z,2026-08-02T09:00:00+0200,626.064,MW,DE,DE_LU,actual_offshore_wind_generation,Wind Offshore,2026-08-26T15:33:13Z
2026-08-26T15:27:09Z,2026-08-26T17:27:09+0200,ec44fe02-3364-422b-92bd-0daf191e06d6,2026-08-02T07:15:00Z,2026-08-02T09:15:00+0200,591.698,MW,DE,DE_LU,actual_offshore_wind_generation,Wind Offshore,2026-08-26T15:33:13Z
2026-08-26T15:27:09Z,2026-08-26T17:27:09+0200,ec44fe02-3364-422b-92bd-0daf191e06d6,2026-08-02T07:30:00Z,2026-08-02T09:30:00+0200,538.536,MW,DE,DE_LU,actual_offshore_wind_generation,Wind Offshore,2026-08-26T15:33:13Z
2026-08-26T15:27:09Z,2026-08-26T17:27:09+0200,ec44fe02-3364-422b-92bd-0daf191e06d6,2026-08-02T07:45:00Z,2026-08-02T09:45:00+0200,485.056,MW,DE,DE_LU,actual_offshore_wind_generation,Wind Offshore,2026-08-26T15:33:13Z
2026-08-26T15:27:09Z,2026-08-26T17:27:09+0200,ec44fe02-3364-422b-92bd-0daf191e06d6,2026-08-02T08:00:00Z,2026-08-02T10:00:00+0200,463.951,MW,DE,DE_LU,actual_offshore_wind_generation,Wind Offshore,2026-08-26T15:33:13Z
2026-08-26T15:27:09Z,2026-08-26T17:27:09+0200,ec44fe02-3364-422b-92bd-0daf191e06d6,2026-08-02T08:15:00Z,2026-08-02T10:15:00+0200,455.11,MW,DE,DE_LU,actual_offshore_wind_generation,Wind Offshore,2026-08-26T15:33:13Z
2026-08-26T15:27:09Z,2026-08-26T17:27:09+0200,ec44fe02-3364-422b-92bd-0daf191e06d6,2026-08-02T08:30:00Z,2026-08-02T10:30:00+0200,449.516,MW,DE,DE_LU,actual_offshore_wind_generation,Wind Offshore,2026-08-26T15:33:13Z
2026-08-26T15:27:09Z,2026-08-26T17:27:09+0200,ec44fe02-3364-422b-92bd-0daf191e06d6,2026-08-02T08:45:00Z,2026-08-02T10:45:00+0200,407.906,MW,DE,DE_LU,actual_offshore_wind_generation,Wind Offshore,2026-08-26T15:33:13Z
2026-08-26T15:27:09Z,2026-08-26T17:27:09+0200,ec44fe02-3364-422b-92bd-0daf191e06d6,2026-08-02T09:00:00Z,2026-08-02T11:00:00+0200,399.93,MW,DE,DE_LU,actual_offshore_wind_generation,Wind Offshore,2026-08-26T15:33:13Z
2026-08-26T15:27:09Z,2026-08-26T17:27:09+0200,ec44fe02-3364-422b-92bd-0daf191e06d6,2026-08-02T09:15:00Z,2026-08-02T11:15:00+0200,393.958,MW,DE,DE_LU,actual_offshore_wind_generation,Wind Offshore,2026-08-26T15:33:13Z
2026-08-26T15:27:09Z,2026-08-26T17:27:09+0200,ec44fe02-3364-422b-92bd-0daf191e06d6,2026-08-02T09:30:00Z,2026-08-02T11:30:00+0200,379.297,MW,DE,DE_LU,actual_offshore_wind_generation,Wind Offshore,2026-08-26T15:33:13Z
2026-08-26T15:27:09Z,2026-08-26T17:27:09+0200,ec44fe02-3364-422b-92bd-0daf191e06d6,2026-08-02T09:45:00Z,2026-08-02T11:45:00+0200,362.695,MW,DE,DE_LU,actual_offshore_wind_generation,Wind Offshore,2026-08-26T15:33:13Z
2026-08-26T15:27:09Z,2026-08-26T17:27:09+0200,ec44fe02-3364-422b-92bd-0daf191e06d6,2026-08-02T10:00:00Z,2026-08-02T12:00:00+0200,323.548,MW,DE,DE_LU,actual_offshore_wind_generation,Wind Offshore,2026-08-26T15:33:13Z
2026-08-26T15:27:09Z,2026-08-26T17:27:09+0200,ec44fe02-3364-422b-92bd-0daf191e06d6,2026-08-02T10:15:00Z,2026-08-02T12:15:00+0200,306.074,MW,DE,DE_LU,actual_offshore_wind_generation,Wind Offshore,2026-08-26T15:33:13Z
2026-08-26T15:27:09Z,2026-08-26T17:27:09+0200,ec44fe02-3364-422b-92bd-0daf191e06d6,2026-08-02T10:30:00Z,2026-08-02T12:30:00+0200,296.187,MW,DE,DE_LU,actual_offshore_wind_generation,Wind Offshore,2026-08-26T15:33:13Z
2026-08-26T15:27:09Z,2026-08-26T17:27:09+0200,ec44fe02-3364-422b-92bd-0daf191e06d6,2026-08-02T10:45:00Z,2026-08-02T12:45:00+0200,265.289,MW,DE,DE_LU,actual_offshore_wind_generation,Wind Offshore,2026-08-26T15:33:13Z
2026-08-26T15:27:09Z,2026-08-26T17:27:09+0200,ec44fe02-3364-422b-92bd-0daf191e06d6,2026-08-02T11:00:00Z,2026-08-02T13:00:00+0200,237.411,MW,DE,DE_LU,actual_offshore_wind_generation,Wind Offshore,2026-08-26T15:33:13Z
2026-08-26T15:27:09Z,2026-08-26T17:27:09+0200,ec44fe02-3364-422b-92bd-0daf191e06d6,2026-08-02T11:15:00Z,2026-08-02T13:15:00+0200,235.327,MW,DE,DE_LU,actual_offshore_wind_generation,Wind Offshore,2026-08-26T15:33:13Z
2026-08-26T15:27:09Z,2026-08-26T17:27:09+0200,ec44fe02-3364-422b-92bd-0daf191e06d6,2026-08-02T11:30:00Z,2026-08-02T13:30:00+0200,230.372,MW,DE,DE_LU,actual_offshore_wind_generation,Wind Offshore,2026-08-26T15:33:13Z
2026-08-26T15:27:09Z,2026-08-26T17:27:09+0200,ec44fe02-3364-422b-92bd-0daf191e06d6,2026-08-02T11:45:00Z,2026-08-02T13:45:00+0200,211.172,MW,DE,DE_LU,actual_offshore_wind_generation,Wind Offshore,2026-08-26T15:33:13Z
2026-08-26T15:27:09Z,2026-08-26T17:27:09+0200,ec44fe02-3364-422b-92bd-0daf191e06d6,2026-08-02T12:00:00Z,2026-08-02T14:00:00+0200,196.897,MW,DE,DE_LU,actual_offshore_wind_generation,Wind Offshore,2026-08-26T15:33:13Z
2026-08-26T15:27:09Z,2026-08-26T17:27:09+0200,ec44fe02-3364-422b-92bd-0daf191e06d6,2026-08-02T12:15:00Z,2026-08-02T14:15:00+0200,192.297,MW,DE,DE_LU,actual_offshore_wind_generation,Wind Offshore,2026-08-26T15:33:13Z
2026-08-26T15:27:09Z,2026-08-26T17:27:09+0200,ec44fe02-3364-422b-92bd-0daf191e06d6,2026-08-02T12:30:00Z,2026-08-02T14:30:00+0200,171.727,MW,DE,DE_LU,actual_offshore_wind_generation,Wind Offshore,2026-08-26T15:33:13Z
2026-08-26T15:27:09Z,2026-08-26T17:27:09+0200,ec44fe02-3364-422b-92bd-0daf191e06d6,2026-08-02T12:45:00Z,2026-08-02T14:45:00+0200,156.244,MW,DE,DE_LU,actual_offshore_wind_generation,Wind Offshore,2026-08-26T15:33:13Z
2026-08-26T15:27:09Z,2026-08-26T17:27:09+0200,ec44fe02-3364-422b-92bd-0daf191e06d6,2026-08-02T13:00:00Z,2026-08-02T15:00:00+0200,149.987,MW,DE,DE_LU,actual_offshore_wind_generation,Wind Offshore,2026-08-26T15:33:13Z
2026-08-26T15:27:09Z,2026-08-26T17:27:09+0200,ec44fe02-3364-422b-92bd-0daf191e06d6,2026-08-02T13:15:00Z,2026-08-02T15:15:00+0200,148.828,MW,DE,DE_LU,actual_offshore_wind_generation,Wind Offshore,2026-08-26T15:33:13Z
2026-08-26T15:27:09Z,2026-08-26T17:27:09+0200,ec44fe02-3364-422b-92bd-0daf191e06d6,2026-08-02T13:30:00Z,2026-08-02T15:30:00+0200,145.222,MW,DE,DE_LU,actual_offshore_wind_generation,Wind Offshore,2026-08-26T15:33:13Z
2026-08-26T15:27:09Z,2026-08-26T17:27:09+0200,ec44fe02-3364-422b-92bd-0daf191e06d6,2026-08-02T13:45:00Z,2026-08-02T15:45:00+0200,135.954,MW,DE,DE_LU,actual_offshore_wind_generation,Wind Offshore,2026-08-26T15:33:13Z
2026-08-26T15:27:09Z,2026-08-26T17:27:09+0200,ec44fe02-3364-422b-92bd-0daf191e06d6,2026-08-02T14:00:00Z,2026-08-02T16:00:00+0200,140.344,MW,DE,DE_LU,actual_offshore_wind_generation,Wind Offshore,2026-08-26T15:33:13Z
2026-08-26T15:27:09Z,2026-08-26T17:27:09+0200,ec44fe02-3364-422b-92bd-0daf191e06d6,2026-08-02T14:15:00Z,2026-08-02T16:15:00+0200,137.501,MW,DE,DE_LU,actual_offshore_wind_generation,Wind Offshore,2026-08-26T15:33:13Z
2026-08-26T15:27:09Z,2026-08-26T17:27:09+0200,ec44fe02-3364-422b-92bd-0daf191e06d6,2026-08-02T14:30:00Z,2026-08-02T16:30:00+0200,130.369,MW,DE,DE_LU,actual_offshore_wind_generation,Wind Offshore,2026-08-26T15:33:13Z
2026-08-26T15:27:09Z,2026-08-26T17:27:09+0200,ec44fe02-3364-422b-92bd-0daf191e06d6,2026-08-02T14:45:00Z,2026-08-02T16:45:00+0200,67.775,MW,DE,DE_LU,actual_offshore_wind_generation,Wind Offshore,2026-08-26T15:33:13Z
2026-08-26T15:27:09Z,2026-08-26T17:27:09+0200,ec44fe02-3364-422b-92bd-0daf191e06d6,2026-08-02T15:00:00Z,2026-08-02T17:00:00+0200,36.623,MW,DE,DE_LU,actual_offshore_wind_generation,Wind Offshore,2026-08-26T15:33:13Z
2026-08-26T15:27:09Z,2026-08-26T17:27:09+0200,ec44fe02-3364-422b-92bd-0daf191e06d6,2026-08-02T15:15:00Z,2026-08-02T17:15:00+0200,40.41,MW,DE,DE_LU,actual_offshore_wind_generation,Wind Offshore,2026-08-26T15:33:13Z
2026-08-26T15:27:09Z,2026-08-26T17:27:09+0200,ec44fe02-3364-422b-92bd-0daf191e06d6,2026-08-02T15:30:00Z,2026-08-02T17:30:00+0200,46.919,MW,DE,DE_LU,actual_offshore_wind_generation,Wind Offshore,2026-08-26T15:33:13Z
2026-08-26T15:27:09Z,2026-08-26T17:27:09+0200,ec44fe02-3364-422b-92bd-0daf191e06d6,2026-08-02T15:45:00Z,2026-08-02T17:45:00+0200,68.53,MW,DE,DE_LU,actual_offshore_wind_generation,Wind Offshore,2026-08-26T15:33:13Z
2026-08-26T15:27:09Z,2026-08-26T17:27:09+0200,ec44fe02-3364-422b-92bd-0daf191e06d6,2026-08-02T16:00:00Z,2026-08-02T18:00:00+0200,78.271,MW,DE,DE_LU,actual_offshore_wind_generation,Wind Offshore,2026-08-26T15:33:13Z
2026-08-26T15:27:09Z,2026-08-26T17:27:09+0200,ec44fe02-3364-422b-92bd-0daf191e06d6,2026-08-02T16:15:00Z,2026-08-02T18:15:00+0200,98.655,MW,DE,DE_LU,actual_offshore_wind_generation,Wind Offshore,2026-08-26T15:33:13Z
2026-08-26T15:27:09Z,2026-08-26T17:27:09+0200,ec44fe02-3364-422b-92bd-0daf191e06d6,2026-08-02T16:30:00Z,2026-08-02T18:30:00+0200,124.559,MW,DE,DE_LU,actual_offshore_wind_generation,Wind Offshore,2026-08-26T15:33:13Z
2026-08-26T15:27:09Z,2026-08-26T17:27:09+0200,ec44fe02-3364-422b-92bd-0daf191e06d6,2026-08-02T16:45:00Z,2026-08-02T18:45:00+0200,164.018,MW,DE,DE_LU,actual_offshore_wind_generation,Wind Offshore,2026-08-26T15:33:13Z
2026-08-26T15:27:09Z,2026-08-26T17:27:09+0200,ec44fe02-3364-422b-92bd-0daf191e06d6,2026-08-02T17:00:00Z,2026-08-02T19:00:00+0200,198.667,MW,DE,DE_LU,actual_offshore_wind_generation,Wind Offshore,2026-08-26T15:33:13Z
2026-08-26T15:27:09Z,2026-08-26T17:27:09+0200,ec44fe02-3364-422b-92bd-0daf191e06d6,2026-08-02T17:15:00Z,2026-08-02T19:15:00+0200,242.355,MW,DE,DE_LU,actual_offshore_wind_generation,Wind Offshore,2026-08-26T15:33:13Z
2026-08-26T15:27:09Z,2026-08-26T17:27:09+0200,ec44fe02-3364-422b-92bd-0daf191e06d6,2026-08-02T17:30:00Z,2026-08-02T19:30:00+0200,278.496,MW,DE,DE_LU,actual_offshore_wind_generation,Wind Offshore,2026-08-26T15:33:13Z
2026-08-26T15:27:09Z,2026-08-26T17:27:09+0200,ec44fe02-3364-422b-92bd-0daf191e06d6,2026-08-02T17:45:00Z,2026-08-02T19:45:00+0200,307.093,MW,DE,DE_LU,actual_offshore_wind_generation,Wind Offshore,2026-08-26T15:33:13Z
2026-08-26T15:27:09Z,2026-08-26T17:27:09+0200,ec44fe02-3364-422b-92bd-0daf191e06d6,2026-08-02T18:00:00Z,2026-08-02T20:00:00+0200,346.428,MW,DE,DE_LU,actual_offshore_wind_generation,Wind Offshore,2026-08-26T15:33:13Z
2026-08-26T15:27:09Z,2026-08-26T17:27:09+0200,ec44fe02-3364-422b-92bd-0daf191e06d6,2026-08-02T18:15:00Z,2026-08-02T20:15:00+0200,349.137,MW,DE,DE_LU,actual_offshore_wind_generation,Wind Offshore,2026-08-26T15:33:13Z
2026-08-26T15:27:09Z,2026-08-26T17:27:09+0200,ec44fe02-3364-422b-92bd-0daf191e06d6,2026-08-02T18:30:00Z,2026-08-02T20:30:00+0200,350.685,MW,DE,DE_LU,actual_offshore_wind_generation,Wind Offshore,2026-08-26T15:33:13Z
2026-08-26T15:27:09Z,2026-08-26T17:27:09+0200,ec44fe02-3364-422b-92bd-0daf191e06d6,2026-08-02T18:45:00Z,2026-08-02T20:45:00+0200,369.528,MW,DE,DE_LU,actual_offshore_wind_generation,Wind Offshore,2026-08-26T15:33:13Z
2026-08-26T15:27:09Z,2026-08-26T17:27:09+0200,ec44fe02-3364-422b-92bd-0daf191e06d6,2026-08-02T19:00:00Z,2026-08-02T21:00:00+0200,367.016,MW,DE,DE_LU,actual_offshore_wind_generation,Wind Offshore,2026-08-26T15:33:13Z
2026-08-26T15:27:09Z,2026-08-26T17:27:09+0200,ec44fe02-3364-422b-92bd-0daf191e06d6,2026-08-02T19:15:00Z,2026-08-02T21:15:00+0200,357.312,MW,DE,DE_LU,actual_offshore_wind_generation,Wind Offshore,2026-08-26T15:33:13Z
2026-08-26T15:27:09Z,2026-08-26T17:27:09+0200,ec44fe02-3364-422b-92bd-0daf191e06d6,2026-08-02T19:30:00Z,2026-08-02T21:30:00+0200,398.608,MW,DE,DE_LU,actual_offshore_wind_generation,Wind Offshore,2026-08-26T15:33:13Z
2026-08-26T15:27:09Z,2026-08-26T17:27:09+0200,ec44fe02-3364-422b-92bd-0daf191e06d6,2026-08-02T19:45:00Z,2026-08-02T21:45:00+0200,418.792,MW,DE,DE_LU,actual_offshore_wind_generation,Wind Offshore,2026-08-26T15:33:13Z
2026-08-26T15:27:09Z,2026-08-26T17:27:09+0200,ec44fe02-3364-422b-92bd-0daf191e06d6,2026-08-02T20:00:00Z,2026-08-02T22:00:00+0200,426.314,MW,DE,DE_LU,actual_offshore_wind_generation,Wind Offshore,2026-08-26T15:33:13Z
2026-08-26T15:27:09Z,2026-08-26T17:27:09+0200,ec44fe02-3364-422b-92bd-0daf191e06d6,2026-08-02T20:15:00Z,2026-08-02T22:15:00+0200,446.544,MW,DE,DE_LU,actual_offshore_wind_generation,Wind Offshore,2026-08-26T15:33:13Z
2026-08-26T15:27:09Z,2026-08-26T17:27:09+0200,ec44fe02-3364-422b-92bd-0daf191e06d6,2026-08-02T20:30:00Z,2026-08-02T22:30:00+0200,533.963,MW,DE,DE_LU,actual_offshore_wind_generation,Wind Offshore,2026-08-26T15:33:13Z
2026-08-26T15:27:09Z,2026-08-26T17:27:09+0200,ec44fe02-3364-422b-92bd-0daf191e06d6,2026-08-02T20:45:00Z,2026-08-02T22:45:00+0200,578.736,MW,DE,DE_LU,actual_offshore_wind_generation,Wind Offshore,2026-08-26T15:33:13Z
2026-08-26T15:27:09Z,2026-08-26T17:27:09+0200,ec44fe02-3364-422b-92bd-0daf191e06d6,2026-08-02T21:00:00Z,2026-08-02T23:00:00+0200,611.497,MW,DE,DE_LU,actual_offshore_wind_generation,Wind Offshore,2026-08-26T15:33:13Z
2026-08-26T15:27:09Z,2026-08-26T17:27:09+0200,ec44fe02-3364-422b-92bd-0daf191e06d6,2026-08-02T21:15:00Z,2026-08-02T23:15:00+0200,647.206,MW,DE,DE_LU,actual_offshore_wind_generation,Wind Offshore,2026-08-26T15:33:13Z
2026-08-26T15:27:09Z,2026-08-26T17:27:09+0200,ec44fe02-3364-422b-92bd-0daf191e06d6,2026-08-02T21:30:00Z,2026-08-02T23:30:00+0200,692.95,MW,DE,DE_LU,actual_offshore_wind_generation,Wind Offshore,2026-08-26T15:33:13Z
2026-08-26T15:27:09Z,2026-08-26T17:27:09+0200,ec44fe02-3364-422b-92bd-0daf191e06d6,2026-08-02T21:45:00Z,2026-08-02T23:45:00+0200,699.748,MW,DE,DE_LU,actual_offshore_wind_generation,Wind Offshore,2026-08-26T15:33:13Z
2026-08-26T15:27:09Z,2026-08-26T17:27:09+0200,ec44fe02-3364-422b-92bd-0daf191e06d6,2026-08-02T22:00:00Z,2026-08-03T00:00:00+0200,716.639,MW,DE,DE_LU,actual_offshore_wind_generation,Wind Offshore,2026-08-26T15:33:13Z
2026-08-26T15:27:09Z,2026-08-26T17:27:09+0200,ec44fe02-3364-422b-92bd-0daf191e06d6,2026-08-02T22:15:00Z,2026-08-03T00:15:00+0200,761.441,MW,DE,DE_LU,actual_offshore_wind_generation,Wind Offshore,2026-08-26T15:33:13Z
2026-08-26T15:27:09Z,2026-08-26T17:27:09+0200,ec44fe02-3364-422b-92bd-0daf191e06d6,2026-08-02T22:30:00Z,2026-08-03T00:30:00+0200,800.082,MW,DE,DE_LU,actual_offshore_wind_generation,Wind Offshore,2026-08-26T15:33:13Z
2026-08-26T15:27:09Z,2026-08-26T17:27:09+0200,ec44fe02-3364-422b-92bd-0daf191e06d6,2026-08-02T22:45:00Z,2026-08-03T00:45:00+0200,873.089,MW,DE,DE_LU,actual_offshore_wind_generation,Wind Offshore,2026-08-26T15:33:13Z
2026-08-26T15:27:09Z,2026-08-26T17:27:09+0200,ec44fe02-3364-422b-92bd-0daf191e06d6,2026-08-02T23:00:00Z,2026-08-03T01:00:00+0200,950.089,MW,DE,DE_LU,actual_offshore_wind_generation,Wind Offshore,2026-08-26T15:33:13Z
2026-08-26T15:27:09Z,2026-08-26T17:27:09+0200,ec44fe02-3364-422b-92bd-0daf191e06d6,2026-08-02T23:15:00Z,2026-08-03T01:15:00+0200,993.547,MW,DE,DE_LU,actual_offshore_wind_generation,Wind Offshore,2026-08-26T15:33:13Z
2026-08-26T15:27:09Z,2026-08-26T17:27:09+0200,ec44fe02-3364-422b-92bd-0daf191e06d6,2026-08-02T23:30:00Z,2026-08-03T01:30:00+0200,1024.106,MW,DE,DE_LU,actual_offshore_wind_generation,Wind Offshore,2026-08-26T15:33:13Z
2026-08-26T15:27:09Z,2026-08-26T17:27:09+0200,ec44fe02-3364-422b-92bd-0daf191e06d6,2026-08-02T23:45:00Z,2026-08-03T01:45:00+0200,1088.092,MW,DE,DE_LU,actual_offshore_wind_generation,Wind Offshore,2026-08-26T15:33:13Z
2026-08-26T15:27:09Z,2026-08-26T17:27:09+0200,ec44fe02-3364-422b-92bd-0daf191e06d6,2026-08-03T00:00:00Z,2026-08-03T02:00:00+0200,1184.969,MW,DE,DE_LU,actual_offshore_wind_generation,Wind Offshore,2026-08-26T15:33:13Z
2026-08-26T15:27:09Z,2026-08-26T17:27:09+0200,ec44fe02-3364-422b-92bd-0daf191e06d6,2026-08-03T00:15:00Z,2026-08-03T02:15:00+0200,1255.884,MW,DE,DE_LU,actual_offshore_wind_generation,Wind Offshore,2026-08-26T15:33:13Z
2026-08-26T15:27:09Z,2026-08-26T17:27:09+0200,ec44fe02-3364-422b-92bd-0daf191e06d6,2026-08-03T00:30:00Z,2026-08-03T02:30:00+0200,1358.987,MW,DE,DE_LU,actual_offshore_wind_generation,Wind Offshore,2026-08-26T15:33:13Z
2026-08-26T15:27:09Z,2026-08-26T17:27:09+0200,ec44fe02-3364-422b-92bd-0daf191e06d6,2026-08-03T00:45:00Z,2026-08-03T02:45:00+0200,1379.038,MW,DE,DE_LU,actual_offshore_wind_generation,Wind Offshore,2026-08-26T15:33:13Z
2026-08-26T15:27:09Z,2026-08-26T17:27:09+0200,ec44fe02-3364-422b-92bd-0daf191e06d6,2026-08-03T01:00:00Z,2026-08-03T03:00:00+0200,1398.442,MW,DE,DE_LU,actual_offshore_wind_generation,Wind Offshore,2026-08-26T15:33:13Z
2026-08-26T15:27:09Z,2026-08-26T17:27:09+0200,ec44fe02-3364-422b-92bd-0daf191e06d6,2026-08-03T01:15:00Z,2026-08-03T03:15:00+0200,1505.908,MW,DE,DE_LU,actual_offshore_wind_generation,Wind Offshore,2026-08-26T15:33:13Z
2026-08-26T15:27:09Z,2026-08-26T17:27:09+0200,ec44fe02-3364-422b-92bd-0daf191e06d6,2026-08-03T01:30:00Z,2026-08-03T03:30:00+0200,1628.372,MW,DE,DE_LU,actual_offshore_wind_generation,Wind Offshore,2026-08-26T15:33:13Z
2026-08-26T15:27:09Z,2026-08-26T17:27:09+0200,ec44fe02-3364-422b-92bd-0daf191e06d6,2026-08-03T01:45:00Z,2026-08-03T03:45:00+0200,1702.796,MW,DE,DE_LU,actual_offshore_wind_generation,Wind Offshore,2026-08-26T15:33:13Z
2026-08-26T15:27:09Z,2026-08-26T17:27:09+0200,ec44fe02-3364-422b-92bd-0daf191e06d6,2026-08-03T02:00:00Z,2026-08-03T04:00:00+0200,1698.163,MW,DE,DE_LU,actual_offshore_wind_generation,Wind Offshore,2026-08-26T15:33:13Z
2026-08-26T15:27:09Z,2026-08-26T17:27:09+0200,ec44fe02-3364-422b-92bd-0daf191e06d6,2026-08-03T02:15:00Z,2026-08-03T04:15:00+0200,1758.865,MW,DE,DE_LU,actual_offshore_wind_generation,Wind Offshore,2026-08-26T15:33:13Z
2026-08-26T15:27:09Z,2026-08-26T17:27:09+0200,ec44fe02-3364-422b-92bd-0daf191e06d6,2026-08-03T02:30:00Z,2026-08-03T04:30:00+0200,1813.943,MW,DE,DE_LU,actual_offshore_wind_generation,Wind Offshore,2026-08-26T15:33:13Z
2026-08-26T15:27:09Z,2026-08-26T17:27:09+0200,ec44fe02-3364-422b-92bd-0daf191e06d6,2026-08-03T02:45:00Z,2026-08-03T04:45:00+0200,1880.273,MW,DE,DE_LU,actual_offshore_wind_generation,Wind Offshore,2026-08-26T15:33:13Z
2026-08-26T15:27:09Z,2026-08-26T17:27:09+0200,ec44fe02-3364-422b-92bd-0daf191e06d6,2026-08-03T03:00:00Z,2026-08-03T05:00:00+0200,1988.0,MW,DE,DE_LU,actual_offshore_wind_generation,Wind Offshore,2026-08-26T15:33:13Z
2026-08-26T15:27:09Z,2026-08-26T17:27:09+0200,ec44fe02-3364-422b-92bd-0daf191e06d6,2026-08-03T03:15:00Z,2026-08-03T05:15:00+0200,2168.759,MW,DE,DE_LU,actual_offshore_wind_generation,Wind Offshore,2026-08-26T15:33:13Z
2026-08-26T15:27:09Z,2026-08-26T17:27:09+0200,ec44fe02-3364-422b-92bd-0daf191e06d6,2026-08-03T03:30:00Z,2026-08-03T05:30:00+0200,2324.368,MW,DE,DE_LU,actual_offshore_wind_generation,Wind Offshore,2026-08-26T15:33:13Z
2026-08-26T15:27:09Z,2026-08-26T17:27:09+0200,ec44fe02-3364-422b-92bd-0daf191e06d6,2026-08-03T03:45:00Z,2026-08-03T05:45:00+0200,2522.631,MW,DE,DE_LU,actual_offshore_wind_generation,Wind Offshore,2026-08-26T15:33:13Z
2026-08-26T15:27:09Z,2026-08-26T17:27:09+0200,ec44fe02-3364-422b-92bd-0daf191e06d6,2026-08-03T04:00:00Z,2026-08-03T06:00:00+0200,2614.528,MW,DE,DE_LU,actual_offshore_wind_generation,Wind Offshore,2026-08-26T15:33:13Z
2026-08-26T15:27:09Z,2026-08-26T17:27:09+0200,ec44fe02-3364-422b-92bd-0daf191e06d6,2026-08-03T04:15:00Z,2026-08-03T06:15:00+0200,2673.972,MW,DE,DE_LU,actual_offshore_wind_generation,Wind Offshore,2026-08-26T15:33:13Z
2026-08-26T15:27:09Z,2026-08-26T17:27:09+0200,ec44fe02-3364-422b-92bd-0daf191e06d6,2026-08-03T04:30:00Z,2026-08-03T06:30:00+0200,2779.389,MW,DE,DE_LU,actual_offshore_wind_generation,Wind Offshore,2026-08-26T15:33:13Z
2026-08-26T15:27:09Z,2026-08-26T17:27:09+0200,ec44fe02-3364-422b-92bd-0daf191e06d6,2026-08-03T04:45:00Z,2026-08-03T06:45:00+0200,2791.486,MW,DE,DE_LU,actual_offshore_wind_generation,Wind Offshore,2026-08-26T15:33:13Z
2026-08-26T15:27:09Z,2026-08-26T17:27:09+0200,ec44fe02-3364-422b-92bd-0daf191e06d6,2026-08-03T05:00:00Z,2026-08-03T07:00:00+0200,2797.469,MW,DE,DE_LU,actual_offshore_wind_generation,Wind Offshore,2026-08-26T15:33:13Z
2026-08-26T15:27:09Z,2026-08-26T17:27:09+0200,ec44fe02-3364-422b-92bd-0daf191e06d6,2026-08-03T05:15:00Z,2026-08-03T07:15:00+0200,2878.202,MW,DE,DE_LU,actual_offshore_wind_generation,Wind Offshore,2026-08-26T15:33:13Z
2026-08-26T15:27:09Z,2026-08-26T17:27:09+0200,ec44fe02-3364-422b-92bd-0daf191e06d6,2026-08-03T05:30:00Z,2026-08-03T07:30:00+0200,2963.188,MW,DE,DE_LU,actual_offshore_wind_generation,Wind Offshore,2026-08-26T15:33:13Z
2026-08-26T15:27:09Z,2026-08-26T17:27:09+0200,ec44fe02-3364-422b-92bd-0daf191e06d6,2026-08-03T05:45:00Z,2026-08-03T07:45:00+0200,3045.934,MW,DE,DE_LU,actual_offshore_wind_generation,Wind Offshore,2026-08-26T15:33:13Z
2026-08-26T15:27:09Z,2026-08-26T17:27:09+0200,ec44fe02-3364-422b-92bd-0daf191e06d6,2026-08-03T06:00:00Z,2026-08-03T08:00:00+0200,3086.409,MW,DE,DE_LU,actual_offshore_wind_generation,Wind Offshore,2026-08-26T15:33:13Z
2026-08-26T15:27:09Z,2026-08-26T17:27:09+0200,ec44fe02-3364-422b-92bd-0daf191e06d6,2026-08-03T06:15:00Z,2026-08-03T08:15:00+0200,3080.205,MW,DE,DE_LU,actual_offshore_wind_generation,Wind Offshore,2026-08-26T15:33:13Z
2026-08-26T15:27:09Z,2026-08-26T17:27:09+0200,ec44fe02-3364-422b-92bd-0daf191e06d6,2026-08-03T06:30:00Z,2026-08-03T08:30:00+0200,3053.028,MW,DE,DE_LU,actual_offshore_wind_generation,Wind Offshore,2026-08-26T15:33:13Z
2026-08-26T15:27:09Z,2026-08-26T17:27:09+0200,ec44fe02-3364-422b-92bd-0daf191e06d6,2026-08-03T06:45:00Z,2026-08-03T08:45:00+0200,3035.746,MW,DE,DE_LU,actual_offshore_wind_generation,Wind Offshore,2026-08-26T15:33:13Z
2026-08-26T15:27:09Z,2026-08-26T17:27:09+0200,ec44fe02-3364-422b-92bd-0daf191e06d6,2026-08-03T07:00:00Z,2026-08-03T09:00:00+0200,3086.945,MW,DE,DE_LU,actual_offshore_wind_generation,Wind Offshore,2026-08-26T15:33:13Z
2026-08-26T15:27:09Z,2026-08-26T17:27:09+0200,ec44fe02-3364-422b-92bd-0daf191e06d6,2026-08-03T07:15:00Z,2026-08-03T09:15:00+0200,3088.417,MW,DE,DE_LU,actual_offshore_wind_generation,Wind Offshore,2026-08-26T15:33:13Z
2026-08-26T15:27:09Z,2026-08-26T17:27:09+0200,ec44fe02-3364-422b-92bd-0daf191e06d6,2026-08-03T07:30:00Z,2026-08-03T09:30:00+0200,3073.891,MW,DE,DE_LU,actual_offshore_wind_generation,Wind Offshore,2026-08-26T15:33:13Z
2026-08-26T15:27:09Z,2026-08-26T17:27:09+0200,ec44fe02-3364-422b-92bd-0daf191e06d6,2026-08-03T07:45:00Z,2026-08-03T09:45:00+0200,2998.919,MW,DE,DE_LU,actual_offshore_wind_generation,Wind Offshore,2026-08-26T15:33:13Z
2026-08-26T15:27:09Z,2026-08-26T17:27:09+0200,ec44fe02-3364-422b-92bd-0daf191e06d6,2026-08-03T08:00:00Z,2026-08-03T10:00:00+0200,2909.813,MW,DE,DE_LU,actual_offshore_wind_generation,Wind Offshore,2026-08-26T15:33:13Z
2026-08-26T15:27:09Z,2026-08-26T17:27:09+0200,ec44fe02-3364-422b-92bd-0daf191e06d6,2026-08-03T08:15:00Z,2026-08-03T10:15:00+0200,2835.288,MW,DE,DE_LU,actual_offshore_wind_generation,Wind Offshore,2026-08-26T15:33:13Z
2026-08-26T15:27:09Z,2026-08-26T17:27:09+0200,ec44fe02-3364-422b-92bd-0daf191e06d6,2026-08-03T08:30:00Z,2026-08-03T10:30:00+0200,2795.153,MW,DE,DE_LU,actual_offshore_wind_generation,Wind Offshore,2026-08-26T15:33:13Z
2026-08-26T15:27:09Z,2026-08-26T17:27:09+0200,ec44fe02-3364-422b-92bd-0daf191e06d6,2026-08-03T08:45:00Z,2026-08-03T10:45:00+0200,2740.356,MW,DE,DE_LU,actual_offshore_wind_generation,Wind Offshore,2026-08-26T15:33:13Z
2026-08-26T15:27:09Z,2026-08-26T17:27:09+0200,ec44fe02-3364-422b-92bd-0daf191e06d6,2026-08-03T09:00:00Z,2026-08-03T11:00:00+0200,2440.021,MW,DE,DE_LU,actual_offshore_wind_generation,Wind Offshore,2026-08-26T15:33:13Z
2026-08-26T15:27:09Z,2026-08-26T17:27:09+0200,ec44fe02-3364-422b-92bd-0daf191e06d6,2026-08-03T09:15:00Z,2026-08-03T11:15:00+0200,2261.501,MW,DE,DE_LU,actual_offshore_wind_generation,Wind Offshore,2026-08-26T15:33:13Z
2026-08-26T15:27:09Z,2026-08-26T17:27:09+0200,ec44fe02-3364-422b-92bd-0daf191e06d6,2026-08-03T09:30:00Z,2026-08-03T11:30:00+0200,2182.785,MW,DE,DE_LU,actual_offshore_wind_generation,Wind Offshore,2026-08-26T15:33:13Z
2026-08-26T15:27:09Z,2026-08-26T17:27:09+0200,ec44fe02-3364-422b-92bd-0daf191e06d6,2026-08-03T09:45:00Z,2026-08-03T11:45:00+0200,2102.361,MW,DE,DE_LU,actual_offshore_wind_generation,Wind Offshore,2026-08-26T15:33:13Z
2026-08-26T15:27:09Z,2026-08-26T17:27:09+0200,ec44fe02-3364-422b-92bd-0daf191e06d6,2026-08-03T10:00:00Z,2026-08-03T12:00:00+0200,2281.912,MW,DE,DE_LU,actual_offshore_wind_generation,Wind Offshore,2026-08-26T15:33:13Z
2026-08-26T15:27:09Z,2026-08-26T17:27:09+0200,ec44fe02-3364-422b-92bd-0daf191e06d6,2026-08-03T10:15:00Z,2026-08-03T12:15:00+0200,2156.178,MW,DE,DE_LU,actual_offshore_wind_generation,Wind Offshore,2026-08-26T15:33:13Z
2026-08-26T15:27:09Z,2026-08-26T17:27:09+0200,ec44fe02-3364-422b-92bd-0daf191e06d6,2026-08-03T10:30:00Z,2026-08-03T12:30:00+0200,2200.576,MW,DE,DE_LU,actual_offshore_wind_generation,Wind Offshore,2026-08-26T15:33:13Z
2026-08-26T15:27:09Z,2026-08-26T17:27:09+0200,ec44fe02-3364-422b-92bd-0daf191e06d6,2026-08-03T10:45:00Z,2026-08-03T12:45:00+0200,2169.972,MW,DE,DE_LU,actual_offshore_wind_generation,Wind Offshore,2026-08-26T15:33:13Z
2026-08-26T15:27:09Z,2026-08-26T17:27:09+0200,ec44fe02-3364-422b-92bd-0daf191e06d6,2026-08-03T11:00:00Z,2026-08-03T13:00:00+0200,2486.606,MW,DE,DE_LU,actual_offshore_wind_generation,Wind Offshore,2026-08-26T15:33:13Z
2026-08-26T15:27:09Z,2026-08-26T17:27:09+0200,ec44fe02-3364-422b-92bd-0daf191e06d6,2026-08-03T11:15:00Z,2026-08-03T13:15:00+0200,2588.669,MW,DE,DE_LU,actual_offshore_wind_generation,Wind Offshore,2026-08-26T15:33:13Z
2026-08-26T15:27:09Z,2026-08-26T17:27:09+0200,ec44fe02-3364-422b-92bd-0daf191e06d6,2026-08-03T11:30:00Z,2026-08-03T13:30:00+0200,2638.604,MW,DE,DE_LU,actual_offshore_wind_generation,Wind Offshore,2026-08-26T15:33:13Z
2026-08-26T15:27:09Z,2026-08-26T17:27:09+0200,ec44fe02-3364-422b-92bd-0daf191e06d6,2026-08-03T11:45:00Z,2026-08-03T13:45:00+0200,2670.618,MW,DE,DE_LU,actual_offshore_wind_generation,Wind Offshore,2026-08-26T15:33:13Z
2026-08-26T15:27:09Z,2026-08-26T17:27:09+0200,ec44fe02-3364-422b-92bd-0daf191e06d6,2026-08-03T12:00:00Z,2026-08-03T14:00:00+0200,3142.436,MW,DE,DE_LU,actual_offshore_wind_generation,Wind Offshore,2026-08-26T15:33:13Z
2026-08-26T15:27:09Z,2026-08-26T17:27:09+0200,ec44fe02-3364-422b-92bd-0daf191e06d6,2026-08-03T12:15:00Z,2026-08-03T14:15:00+0200,3336.766,MW,DE,DE_LU,actual_offshore_wind_generation,Wind Offshore,2026-08-26T15:33:13Z
2026-08-26T15:27:09Z,2026-08-26T17:27:09+0200,ec44fe02-3364-422b-92bd-0daf191e06d6,2026-08-03T12:30:00Z,2026-08-03T14:30:00+0200,3393.169,MW,DE,DE_LU,actual_offshore_wind_generation,Wind Offshore,2026-08-26T15:33:13Z
2026-08-26T15:27:09Z,2026-08-26T17:27:09+0200,ec44fe02-3364-422b-92bd-0daf191e06d6,2026-08-03T12:45:00Z,2026-08-03T14:45:00+0200,3527.894,MW,DE,DE_LU,actual_offshore_wind_generation,Wind Offshore,2026-08-26T15:33:13Z
2026-08-26T15:27:09Z,2026-08-26T17:27:09+0200,ec44fe02-3364-422b-92bd-0daf191e06d6,2026-08-03T13:00:00Z,2026-08-03T15:00:00+0200,3405.474,MW,DE,DE_LU,actual_offshore_wind_generation,Wind Offshore,2026-08-26T15:33:13Z
2026-08-26T15:27:09Z,2026-08-26T17:27:09+0200,ec44fe02-3364-422b-92bd-0daf191e06d6,2026-08-03T13:15:00Z,2026-08-03T15:15:00+0200,3407.888,MW,DE,DE_LU,actual_offshore_wind_generation,Wind Offshore,2026-08-26T15:33:13Z
2026-08-26T15:27:09Z,2026-08-26T17:27:09+0200,ec44fe02-3364-422b-92bd-0daf191e06d6,2026-08-03T13:30:00Z,2026-08-03T15:30:00+0200,3421.676,MW,DE,DE_LU,actual_offshore_wind_generation,Wind Offshore,2026-08-26T15:33:13Z
2026-08-26T15:27:09Z,2026-08-26T17:27:09+0200,ec44fe02-3364-422b-92bd-0daf191e06d6,2026-08-03T13:45:00Z,2026-08-03T15:45:00+0200,3497.43,MW,DE,DE_LU,actual_offshore_wind_generation,Wind Offshore,2026-08-26T15:33:13Z
2026-08-26T15:27:09Z,2026-08-26T17:27:09+0200,ec44fe02-3364-422b-92bd-0daf191e06d6,2026-08-03T14:00:00Z,2026-08-03T16:00:00+0200,3195.78,MW,DE,DE_LU,actual_offshore_wind_generation,Wind Offshore,2026-08-26T15:33:13Z
2026-08-26T15:27:09Z,2026-08-26T17:27:09+0200,ec44fe02-3364-422b-92bd-0daf191e06d6,2026-08-03T14:15:00Z,2026-08-03T16:15:00+0200,3832.198,MW,DE,DE_LU,actual_offshore_wind_generation,Wind Offshore,2026-08-26T15:33:13Z
2026-08-26T15:27:09Z,2026-08-26T17:27:09+0200,ec44fe02-3364-422b-92bd-0daf191e06d6,2026-08-03T14:30:00Z,2026-08-03T16:30:00+0200,4063.188,MW,DE,DE_LU,actual_offshore_wind_generation,Wind Offshore,2026-08-26T15:33:13Z
2026-08-26T15:27:09Z,2026-08-26T17:27:09+0200,ec44fe02-3364-422b-92bd-0daf191e06d6,2026-08-03T14:45:00Z,2026-08-03T16:45:00+0200,4070.924,MW,DE,DE_LU,actual_offshore_wind_generation,Wind Offshore,2026-08-26T15:33:13Z
2026-08-26T15:27:09Z,2026-08-26T17:27:09+0200,ec44fe02-3364-422b-92bd-0daf191e06d6,2026-08-03T15:00:00Z,2026-08-03T17:00:00+0200,4234.168,MW,DE,DE_LU,actual_offshore_wind_generation,Wind Offshore,2026-08-26T15:33:13Z
2026-08-26T15:27:09Z,2026-08-26T17:27:09+0200,ec44fe02-3364-422b-92bd-0daf191e06d6,2026-08-03T15:15:00Z,2026-08-03T17:15:00+0200,4273.978,MW,DE,DE_LU,actual_offshore_wind_generation,Wind Offshore,2026-08-26T15:33:13Z
2026-08-26T15:27:09Z,2026-08-26T17:27:09+0200,ec44fe02-3364-422b-92bd-0daf191e06d6,2026-08-03T15:30:00Z,2026-08-03T17:30:00+0200,4320.407,MW,DE,DE_LU,actual_offshore_wind_generation,Wind Offshore,2026-08-26T15:33:13Z
2026-08-26T15:27:09Z,2026-08-26T17:27:09+0200,ec44fe02-3364-422b-92bd-0daf191e06d6,2026-08-03T15:45:00Z,2026-08-03T17:45:00+0200,4195.326,MW,DE,DE_LU,actual_offshore_wind_generation,Wind Offshore,2026-08-26T15:33:13Z
2026-08-26T15:27:09Z,2026-08-26T17:27:09+0200,ec44fe02-3364-422b-92bd-0daf191e06d6,2026-08-03T16:00:00Z,2026-08-03T18:00:00+0200,4667.452,MW,DE,DE_LU,actual_offshore_wind_generation,Wind Offshore,2026-08-26T15:33:13Z
2026-08-26T15:27:09Z,2026-08-26T17:27:09+0200,ec44fe02-3364-422b-92bd-0daf191e06d6,2026-08-03T16:15:00Z,2026-08-03T18:15:00+0200,4798.14,MW,DE,DE_LU,actual_offshore_wind_generation,Wind Offshore,2026-08-26T15:33:13Z
2026-08-26T15:27:09Z,2026-08-26T17:27:09+0200,ec44fe02-3364-422b-92bd-0daf191e06d6,2026-08-03T16:30:00Z,2026-08-03T18:30:00+0200,4864.725,MW,DE,DE_LU,actual_offshore_wind_generation,Wind Offshore,2026-08-26T15:33:13Z
2026-08-26T15:27:09Z,2026-08-26T17:27:09+0200,ec44fe02-3364-422b-92bd-0daf191e06d6,2026-08-03T16:45:00Z,2026-08-03T18:45:00+0200,4869.603,MW,DE,DE_LU,actual_offshore_wind_generation,Wind Offshore,2026-08-26T15:33:13Z
2026-08-26T15:27:09Z,2026-08-26T17:27:09+0200,ec44fe02-3364-422b-92bd-0daf191e06d6,2026-08-03T17:00:00Z,2026-08-03T19:00:00+0200,5238.399,MW,DE,DE_LU,actual_offshore_wind_generation,Wind Offshore,2026-08-26T15:33:13Z
2026-08-26T15:27:09Z,2026-08-26T17:27:09+0200,ec44fe02-3364-422b-92bd-0daf191e06d6,2026-08-03T17:15:00Z,2026-08-03T19:15:00+0200,5452.378,MW,DE,DE_LU,actual_offshore_wind_generation,Wind Offshore,2026-08-26T15:33:13Z
2026-08-26T15:27:09Z,2026-08-26T17:27:09+0200,ec44fe02-3364-422b-92bd-0daf191e06d6,2026-08-03T17:30:00Z,2026-08-03T19:30:00+0200,5730.606,MW,DE,DE_LU,actual_offshore_wind_generation,Wind Offshore,2026-08-26T15:33:13Z
2026-08-26T15:27:09Z,2026-08-26T17:27:09+0200,ec44fe02-3364-422b-92bd-0daf191e06d6,2026-08-03T17:45:00Z,2026-08-03T19:45:00+0200,5824.836,MW,DE,DE_LU,actual_offshore_wind_generation,Wind Offshore,2026-08-26T15:33:13Z
2026-08-26T15:27:09Z,2026-08-26T17:27:09+0200,ec44fe02-3364-422b-92bd-0daf191e06d6,2026-08-03T18:00:00Z,2026-08-03T20:00:00+0200,6452.48,MW,DE,DE_LU,actual_offshore_wind_generation,Wind Offshore,2026-08-26T15:33:13Z
2026-08-26T15:27:09Z,2026-08-26T17:27:09+0200,ec44fe02-3364-422b-92bd-0daf191e06d6,2026-08-03T18:15:00Z,2026-08-03T20:15:00+0200,6544.014,MW,DE,DE_LU,actual_offshore_wind_generation,Wind Offshore,2026-08-26T15:33:13Z
2026-08-26T15:27:09Z,2026-08-26T17:27:09+0200,ec44fe02-3364-422b-92bd-0daf191e06d6,2026-08-03T18:30:00Z,2026-08-03T20:30:00+0200,6640.026,MW,DE,DE_LU,actual_offshore_wind_generation,Wind Offshore,2026-08-26T15:33:13Z
2026-08-26T15:27:09Z,2026-08-26T17:27:09+0200,ec44fe02-3364-422b-92bd-0daf191e06d6,2026-08-03T18:45:00Z,2026-08-03T20:45:00+0200,6860.935,MW,DE,DE_LU,actual_offshore_wind_generation,Wind Offshore,2026-08-26T15:33:13Z
2026-08-26T15:27:09Z,2026-08-26T17:27:09+0200,ec44fe02-3364-422b-92bd-0daf191e06d6,2026-08-03T19:00:00Z,2026-08-03T21:00:00+0200,6092.513,MW,DE,DE_LU,actual_offshore_wind_generation,Wind Offshore,2026-08-26T15:33:13Z
2026-08-26T15:27:09Z,2026-08-26T17:27:09+0200,ec44fe02-3364-422b-92bd-0daf191e06d6,2026-08-03T19:15:00Z,2026-08-03T21:15:00+0200,6334.817,MW,DE,DE_LU,actual_offshore_wind_generation,Wind Offshore,2026-08-26T15:33:13Z
2026-08-26T15:27:09Z,2026-08-26T17:27:09+0200,ec44fe02-3364-422b-92bd-0daf191e06d6,2026-08-03T19:30:00Z,2026-08-03T21:30:00+0200,6533.026,MW,DE,DE_LU,actual_offshore_wind_generation,Wind Offshore,2026-08-26T15:33:13Z
2026-08-26T15:27:09Z,2026-08-26T17:27:09+0200,ec44fe02-3364-422b-92bd-0daf191e06d6,2026-08-03T19:45:00Z,2026-08-03T21:45:00+0200,6614.039,MW,DE,DE_LU,actual_offshore_wind_generation,Wind Offshore,2026-08-26T15:33:13Z
2026-08-26T15:27:09Z,2026-08-26T17:27:09+0200,ec44fe02-3364-422b-92bd-0daf191e06d6,2026-08-03T20:00:00Z,2026-08-03T22:00:00+0200,6308.385,MW,DE,DE_LU,actual_offshore_wind_generation,Wind Offshore,2026-08-26T15:33:13Z
2026-08-26T15:27:09Z,2026-08-26T17:27:09+0200,ec44fe02-3364-422b-92bd-0daf191e06d6,2026-08-03T20:15:00Z,2026-08-03T22:15:00+0200,6196.196,MW,DE,DE_LU,actual_offshore_wind_generation,Wind Offshore,2026-08-26T15:33:13Z
2026-08-26T15:27:09Z,2026-08-26T17:27:09+0200,ec44fe02-3364-422b-92bd-0daf191e06d6,2026-08-03T20:30:00Z,2026-08-03T22:30:00+0200,6189.621,MW,DE,DE_LU,actual_offshore_wind_generation,Wind Offshore,2026-08-26T15:33:13Z
2026-08-26T15:27:09Z,2026-08-26T17:27:09+0200,ec44fe02-3364-422b-92bd-0daf191e06d6,2026-08-03T20:45:00Z,2026-08-03T22:45:00+0200,6179.902,MW,DE,DE_LU,actual_offshore_wind_generation,Wind Offshore,2026-08-26T15:33:13Z
2026-08-26T15:27:09Z,2026-08-26T17:27:09+0200,ec44fe02-3364-422b-92bd-0daf191e06d6,2026-08-03T21:00:00Z,2026-08-03T23:00:00+0200,6143.058,MW,DE,DE_LU,actual_offshore_wind_generation,Wind Offshore,2026-08-26T15:33:13Z
2026-08-26T15:27:09Z,2026-08-26T17:27:09+0200,ec44fe02-3364-422b-92bd-0daf191e06d6,2026-08-03T21:15:00Z,2026-08-03T23:15:00+0200,6083.068,MW,DE,DE_LU,actual_offshore_wind_generation,Wind Offshore,2026-08-26T15:33:13Z
2026-08-26T15:27:09Z,2026-08-26T17:27:09+0200,ec44fe02-3364-422b-92bd-0daf191e06d6,2026-08-03T21:30:00Z,2026-08-03T23:30:00+0200,6006.662,MW,DE,DE_LU,actual_offshore_wind_generation,Wind Offshore,2026-08-26T15:33:13Z
2026-08-26T15:27:09Z,2026-08-26T17:27:09+0200,ec44fe02-3364-422b-92bd-0daf191e06d6,2026-08-03T21:45:00Z,2026-08-03T23:45:00+0200,5997.63,MW,DE,DE_LU,actual_offshore_wind_generation,Wind Offshore,2026-08-26T15:33:13Z
2026-08-26T15:27:09Z,2026-08-26T17:27:09+0200,ec44fe02-3364-422b-92bd-0daf191e06d6,2026-08-03T22:00:00Z,2026-08-04T00:00:00+0200,6269.269,MW,DE,DE_LU,actual_offshore_wind_generation,Wind Offshore,2026-08-26T15:33:13Z
2026-08-26T15:27:09Z,2026-08-26T17:27:09+0200,ec44fe02-3364-422b-92bd-0daf191e06d6,2026-08-03T22:15:00Z,2026-08-04T00:15:00+0200,6222.147,MW,DE,DE_LU,actual_offshore_wind_generation,Wind Offshore,2026-08-26T15:33:13Z
2026-08-26T15:27:09Z,2026-08-26T17:27:09+0200,ec44fe02-3364-422b-92bd-0daf191e06d6,2026-08-03T22:30:00Z,2026-08-04T00:30:00+0200,6170.877,MW,DE,DE_LU,actual_offshore_wind_generation,Wind Offshore,2026-08-26T15:33:13Z
2026-08-26T15:27:09Z,2026-08-26T17:27:09+0200,ec44fe02-3364-422b-92bd-0daf191e06d6,2026-08-03T22:45:00Z,2026-08-04T00:45:00+0200,6139.922,MW,DE,DE_LU,actual_offshore_wind_generation,Wind Offshore,2026-08-26T15:33:13Z
2026-08-26T15:27:09Z,2026-08-26T17:27:09+0200,ec44fe02-3364-422b-92bd-0daf191e06d6,2026-08-03T23:00:00Z,2026-08-04T01:00:00+0200,6433.416,MW,DE,DE_LU,actual_offshore_wind_generation,Wind Offshore,2026-08-26T15:33:13Z
2026-08-26T15:27:09Z,2026-08-26T17:27:09+0200,ec44fe02-3364-422b-92bd-0daf191e06d6,2026-08-03T23:15:00Z,2026-08-04T01:15:00+0200,6401.708,MW,DE,DE_LU,actual_offshore_wind_generation,Wind Offshore,2026-08-26T15:33:13Z
2026-08-26T15:27:09Z,2026-08-26T17:27:09+0200,ec44fe02-3364-422b-92bd-0daf191e06d6,2026-08-03T23:30:00Z,2026-08-04T01:30:00+0200,6331.532,MW,DE,DE_LU,actual_offshore_wind_generation,Wind Offshore,2026-08-26T15:33:13Z
2026-08-26T15:27:09Z,2026-08-26T17:27:09+0200,ec44fe02-3364-422b-92bd-0daf191e06d6,2026-08-03T23:45:00Z,2026-08-04T01:45:00+0200,6268.41,MW,DE,DE_LU,actual_offshore_wind_generation,Wind Offshore,2026-08-26T15:33:13Z
2026-08-26T15:27:09Z,2026-08-26T17:27:09+0200,ec44fe02-3364-422b-92bd-0daf191e06d6,2026-08-04T00:00:00Z,2026-08-04T02:00:00+0200,6562.838,MW,DE,DE_LU,actual_offshore_wind_generation,Wind Offshore,2026-08-26T15:33:13Z
2026-08-26T15:27:09Z,2026-08-26T17:27:09+0200,ec44fe02-3364-422b-92bd-0daf191e06d6,2026-08-04T00:15:00Z,2026-08-04T02:15:00+0200,6434.186,MW,DE,DE_LU,actual_offshore_wind_generation,Wind Offshore,2026-08-26T15:33:13Z
2026-08-26T15:27:09Z,2026-08-26T17:27:09+0200,ec44fe02-3364-422b-92bd-0daf191e06d6,2026-08-04T00:30:00Z,2026-08-04T02:30:00+0200,6290.781,MW,DE,DE_LU,actual_offshore_wind_generation,Wind Offshore,2026-08-26T15:33:13Z
2026-08-26T15:27:09Z,2026-08-26T17:27:09+0200,ec44fe02-3364-422b-92bd-0daf191e06d6,2026-08-04T00:45:00Z,2026-08-04T02:45:00+0200,6104.075,MW,DE,DE_LU,actual_offshore_wind_generation,Wind Offshore,2026-08-26T15:33:13Z
2026-08-26T15:27:09Z,2026-08-26T17:27:09+0200,ec44fe02-3364-422b-92bd-0daf191e06d6,2026-08-04T01:00:00Z,2026-08-04T03:00:00+0200,5745.488,MW,DE,DE_LU,actual_offshore_wind_generation,Wind Offshore,2026-08-26T15:33:13Z
2026-08-26T15:27:09Z,2026-08-26T17:27:09+0200,ec44fe02-3364-422b-92bd-0daf191e06d6,2026-08-04T01:15:00Z,2026-08-04T03:15:00+0200,5535.817,MW,DE,DE_LU,actual_offshore_wind_generation,Wind Offshore,2026-08-26T15:33:13Z
2026-08-26T15:27:09Z,2026-08-26T17:27:09+0200,ec44fe02-3364-422b-92bd-0daf191e06d6,2026-08-04T01:30:00Z,2026-08-04T03:30:00+0200,5311.302,MW,DE,DE_LU,actual_offshore_wind_generation,Wind Offshore,2026-08-26T15:33:13Z
2026-08-26T15:27:09Z,2026-08-26T17:27:09+0200,ec44fe02-3364-422b-92bd-0daf191e06d6,2026-08-04T01:45:00Z,2026-08-04T03:45:00+0200,5103.585,MW,DE,DE_LU,actual_offshore_wind_generation,Wind Offshore,2026-08-26T15:33:13Z
2026-08-26T15:27:09Z,2026-08-26T17:27:09+0200,ec44fe02-3364-422b-92bd-0daf191e06d6,2026-08-04T02:00:00Z,2026-08-04T04:00:00+0200,4765.685,MW,DE,DE_LU,actual_offshore_wind_generation,Wind Offshore,2026-08-26T15:33:13Z
2026-08-26T15:27:09Z,2026-08-26T17:27:09+0200,ec44fe02-3364-422b-92bd-0daf191e06d6,2026-08-04T02:15:00Z,2026-08-04T04:15:00+0200,4408.521,MW,DE,DE_LU,actual_offshore_wind_generation,Wind Offshore,2026-08-26T15:33:13Z
2026-08-26T15:27:09Z,2026-08-26T17:27:09+0200,ec44fe02-3364-422b-92bd-0daf191e06d6,2026-08-04T02:30:00Z,2026-08-04T04:30:00+0200,4000.858,MW,DE,DE_LU,actual_offshore_wind_generation,Wind Offshore,2026-08-26T15:33:13Z
2026-08-26T15:27:09Z,2026-08-26T17:27:09+0200,ec44fe02-3364-422b-92bd-0daf191e06d6,2026-08-04T02:45:00Z,2026-08-04T04:45:00+0200,3521.907,MW,DE,DE_LU,actual_offshore_wind_generation,Wind Offshore,2026-08-26T15:33:13Z
2026-08-26T15:27:09Z,2026-08-26T17:27:09+0200,ec44fe02-3364-422b-92bd-0daf191e06d6,2026-08-04T03:00:00Z,2026-08-04T05:00:00+0200,3107.879,MW,DE,DE_LU,actual_offshore_wind_generation,Wind Offshore,2026-08-26T15:33:13Z
2026-08-26T15:27:09Z,2026-08-26T17:27:09+0200,ec44fe02-3364-422b-92bd-0daf191e06d6,2026-08-04T03:15:00Z,2026-08-04T05:15:00+0200,2886.961,MW,DE,DE_LU,actual_offshore_wind_generation,Wind Offshore,2026-08-26T15:33:13Z
2026-08-26T15:27:09Z,2026-08-26T17:27:09+0200,ec44fe02-3364-422b-92bd-0daf191e06d6,2026-08-04T03:30:00Z,2026-08-04T05:30:00+0200,2597.031,MW,DE,DE_LU,actual_offshore_wind_generation,Wind Offshore,2026-08-26T15:33:13Z
2026-08-26T15:27:09Z,2026-08-26T17:27:09+0200,ec44fe02-3364-422b-92bd-0daf191e06d6,2026-08-04T03:45:00Z,2026-08-04T05:45:00+0200,2348.905,MW,DE,DE_LU,actual_offshore_wind_generation,Wind Offshore,2026-08-26T15:33:13Z
2026-08-26T15:27:09Z,2026-08-26T17:27:09+0200,ec44fe02-3364-422b-92bd-0daf191e06d6,2026-08-04T04:00:00Z,2026-08-04T06:00:00+0200,2208.688,MW,DE,DE_LU,actual_offshore_wind_generation,Wind Offshore,2026-08-26T15:33:13Z
2026-08-26T15:27:09Z,2026-08-26T17:27:09+0200,ec44fe02-3364-422b-92bd-0daf191e06d6,2026-08-04T04:15:00Z,2026-08-04T06:15:00+0200,2217.857,MW,DE,DE_LU,actual_offshore_wind_generation,Wind Offshore,2026-08-26T15:33:13Z
2026-08-26T15:27:09Z,2026-08-26T17:27:09+0200,ec44fe02-3364-422b-92bd-0daf191e06d6,2026-08-04T04:30:00Z,2026-08-04T06:30:00+0200,2192.989,MW,DE,DE_LU,actual_offshore_wind_generation,Wind Offshore,2026-08-26T15:33:13Z
2026-08-26T15:27:09Z,2026-08-26T17:27:09+0200,ec44fe02-3364-422b-92bd-0daf191e06d6,2026-08-04T04:45:00Z,2026-08-04T06:45:00+0200,2190.252,MW,DE,DE_LU,actual_offshore_wind_generation,Wind Offshore,2026-08-26T15:33:13Z
2026-08-26T15:27:09Z,2026-08-26T17:27:09+0200,ec44fe02-3364-422b-92bd-0daf191e06d6,2026-08-04T05:00:00Z,2026-08-04T07:00:00+0200,2055.575,MW,DE,DE_LU,actual_offshore_wind_generation,Wind Offshore,2026-08-26T15:33:13Z
2026-08-26T15:27:09Z,2026-08-26T17:27:09+0200,ec44fe02-3364-422b-92bd-0daf191e06d6,2026-08-04T05:15:00Z,2026-08-04T07:15:00+0200,2143.511,MW,DE,DE_LU,actual_offshore_wind_generation,Wind Offshore,2026-08-26T15:33:13Z
2026-08-26T15:27:09Z,2026-08-26T17:27:09+0200,ec44fe02-3364-422b-92bd-0daf191e06d6,2026-08-04T05:30:00Z,2026-08-04T07:30:00+0200,2149.582,MW,DE,DE_LU,actual_offshore_wind_generation,Wind Offshore,2026-08-26T15:33:13Z
2026-08-26T15:27:09Z,2026-08-26T17:27:09+0200,ec44fe02-3364-422b-92bd-0daf191e06d6,2026-08-04T05:45:00Z,2026-08-04T07:45:00+0200,2033.44,MW,DE,DE_LU,actual_offshore_wind_generation,Wind Offshore,2026-08-26T15:33:13Z
2026-08-26T15:27:09Z,2026-08-26T17:27:09+0200,ec44fe02-3364-422b-92bd-0daf191e06d6,2026-08-04T06:00:00Z,2026-08-04T08:00:00+0200,2061.271,MW,DE,DE_LU,actual_offshore_wind_generation,Wind Offshore,2026-08-26T15:33:13Z
2026-08-26T15:27:09Z,2026-08-26T17:27:09+0200,ec44fe02-3364-422b-92bd-0daf191e06d6,2026-08-04T06:15:00Z,2026-08-04T08:15:00+0200,2117.263,MW,DE,DE_LU,actual_offshore_wind_generation,Wind Offshore,2026-08-26T15:33:13Z
2026-08-26T15:27:09Z,2026-08-26T17:27:09+0200,ec44fe02-3364-422b-92bd-0daf191e06d6,2026-08-04T06:30:00Z,2026-08-04T08:30:00+0200,2173.742,MW,DE,DE_LU,actual_offshore_wind_generation,Wind Offshore,2026-08-26T15:33:13Z
2026-08-26T15:27:09Z,2026-08-26T17:27:09+0200,ec44fe02-3364-422b-92bd-0daf191e06d6,2026-08-04T06:45:00Z,2026-08-04T08:45:00+0200,2244.44,MW,DE,DE_LU,actual_offshore_wind_generation,Wind Offshore,2026-08-26T15:33:13Z
2026-08-26T15:27:09Z,2026-08-26T17:27:09+0200,ec44fe02-3364-422b-92bd-0daf191e06d6,2026-08-04T07:00:00Z,2026-08-04T09:00:00+0200,2557.453,MW,DE,DE_LU,actual_offshore_wind_generation,Wind Offshore,2026-08-26T15:33:13Z
2026-08-26T15:27:09Z,2026-08-26T17:27:09+0200,ec44fe02-3364-422b-92bd-0daf191e06d6,2026-08-04T07:15:00Z,2026-08-04T09:15:00+0200,2708.655,MW,DE,DE_LU,actual_offshore_wind_generation,Wind Offshore,2026-08-26T15:33:13Z
2026-08-26T15:27:09Z,2026-08-26T17:27:09+0200,ec44fe02-3364-422b-92bd-0daf191e06d6,2026-08-04T07:30:00Z,2026-08-04T09:30:00+0200,2737.806,MW,DE,DE_LU,actual_offshore_wind_generation,Wind Offshore,2026-08-26T15:33:13Z
2026-08-26T15:27:09Z,2026-08-26T17:27:09+0200,ec44fe02-3364-422b-92bd-0daf191e06d6,2026-08-04T07:45:00Z,2026-08-04T09:45:00+0200,2907.01,MW,DE,DE_LU,actual_offshore_wind_generation,Wind Offshore,2026-08-26T15:33:13Z
2026-08-26T15:27:09Z,2026-08-26T17:27:09+0200,ec44fe02-3364-422b-92bd-0daf191e06d6,2026-08-04T08:00:00Z,2026-08-04T10:00:00+0200,3093.278,MW,DE,DE_LU,actual_offshore_wind_generation,Wind Offshore,2026-08-26T15:33:13Z
2026-08-26T15:27:09Z,2026-08-26T17:27:09+0200,ec44fe02-3364-422b-92bd-0daf191e06d6,2026-08-04T08:15:00Z,2026-08-04T10:15:00+0200,3128.41,MW,DE,DE_LU,actual_offshore_wind_generation,Wind Offshore,2026-08-26T15:33:13Z
2026-08-26T15:27:09Z,2026-08-26T17:27:09+0200,ec44fe02-3364-422b-92bd-0daf191e06d6,2026-08-04T08:30:00Z,2026-08-04T10:30:00+0200,2977.507,MW,DE,DE_LU,actual_offshore_wind_generation,Wind Offshore,2026-08-26T15:33:13Z
2026-08-26T15:27:09Z,2026-08-26T17:27:09+0200,ec44fe02-3364-422b-92bd-0daf191e06d6,2026-08-04T08:45:00Z,2026-08-04T10:45:00+0200,2800.438,MW,DE,DE_LU,actual_offshore_wind_generation,Wind Offshore,2026-08-26T15:33:13Z
2026-08-26T15:27:09Z,2026-08-26T17:27:09+0200,ec44fe02-3364-422b-92bd-0daf191e06d6,2026-08-04T09:00:00Z,2026-08-04T11:00:00+0200,2754.781,MW,DE,DE_LU,actual_offshore_wind_generation,Wind Offshore,2026-08-26T15:33:13Z
2026-08-26T15:27:09Z,2026-08-26T17:27:09+0200,ec44fe02-3364-422b-92bd-0daf191e06d6,2026-08-04T09:15:00Z,2026-08-04T11:15:00+0200,2602.916,MW,DE,DE_LU,actual_offshore_wind_generation,Wind Offshore,2026-08-26T15:33:13Z
2026-08-26T15:27:09Z,2026-08-26T17:27:09+0200,ec44fe02-3364-422b-92bd-0daf191e06d6,2026-08-04T09:30:00Z,2026-08-04T11:30:00+0200,2385.452,MW,DE,DE_LU,actual_offshore_wind_generation,Wind Offshore,2026-08-26T15:33:13Z
2026-08-26T15:27:09Z,2026-08-26T17:27:09+0200,ec44fe02-3364-422b-92bd-0daf191e06d6,2026-08-04T09:45:00Z,2026-08-04T11:45:00+0200,2198.909,MW,DE,DE_LU,actual_offshore_wind_generation,Wind Offshore,2026-08-26T15:33:13Z
2026-08-26T15:27:09Z,2026-08-26T17:27:09+0200,ec44fe02-3364-422b-92bd-0daf191e06d6,2026-08-04T10:00:00Z,2026-08-04T12:00:00+0200,2015.581,MW,DE,DE_LU,actual_offshore_wind_generation,Wind Offshore,2026-08-26T15:33:13Z
2026-08-26T15:27:09Z,2026-08-26T17:27:09+0200,ec44fe02-3364-422b-92bd-0daf191e06d6,2026-08-04T10:15:00Z,2026-08-04T12:15:00+0200,1956.722,MW,DE,DE_LU,actual_offshore_wind_generation,Wind Offshore,2026-08-26T15:33:13Z
2026-08-26T15:27:09Z,2026-08-26T17:27:09+0200,ec44fe02-3364-422b-92bd-0daf191e06d6,2026-08-04T10:30:00Z,2026-08-04T12:30:00+0200,1794.964,MW,DE,DE_LU,actual_offshore_wind_generation,Wind Offshore,2026-08-26T15:33:13Z
2026-08-26T15:27:09Z,2026-08-26T17:27:09+0200,ec44fe02-3364-422b-92bd-0daf191e06d6,2026-08-04T10:45:00Z,2026-08-04T12:45:00+0200,1790.77,MW,DE,DE_LU,actual_offshore_wind_generation,Wind Offshore,2026-08-26T15:33:13Z
2026-08-26T15:27:09Z,2026-08-26T17:27:09+0200,ec44fe02-3364-422b-92bd-0daf191e06d6,2026-08-04T11:00:00Z,2026-08-04T13:00:00+0200,1782.241,MW,DE,DE_LU,actual_offshore_wind_generation,Wind Offshore,2026-08-26T15:33:13Z
2026-08-26T15:27:09Z,2026-08-26T17:27:09+0200,ec44fe02-3364-422b-92bd-0daf191e06d6,2026-08-04T11:15:00Z,2026-08-04T13:15:00+0200,1748.226,MW,DE,DE_LU,actual_offshore_wind_generation,Wind Offshore,2026-08-26T15:33:13Z
2026-08-26T15:27:09Z,2026-08-26T17:27:09+0200,ec44fe02-3364-422b-92bd-0daf191e06d6,2026-08-04T11:30:00Z,2026-08-04T13:30:00+0200,1540.517,MW,DE,DE_LU,actual_offshore_wind_generation,Wind Offshore,2026-08-26T15:33:13Z
2026-08-26T15:27:09Z,2026-08-26T17:27:09+0200,ec44fe02-3364-422b-92bd-0daf191e06d6,2026-08-04T11:45:00Z,2026-08-04T13:45:00+0200,1656.87,MW,DE,DE_LU,actual_offshore_wind_generation,Wind Offshore,2026-08-26T15:33:13Z
2026-08-26T15:27:09Z,2026-08-26T17:27:09+0200,ec44fe02-3364-422b-92bd-0daf191e06d6,2026-08-04T12:00:00Z,2026-08-04T14:00:00+0200,1663.013,MW,DE,DE_LU,actual_offshore_wind_generation,Wind Offshore,2026-08-26T15:33:13Z
2026-08-26T15:27:09Z,2026-08-26T17:27:09+0200,ec44fe02-3364-422b-92bd-0daf191e06d6,2026-08-04T12:15:00Z,2026-08-04T14:15:00+0200,1671.39,MW,DE,DE_LU,actual_offshore_wind_generation,Wind Offshore,2026-08-26T15:33:13Z
2026-08-26T15:27:09Z,2026-08-26T17:27:09+0200,ec44fe02-3364-422b-92bd-0daf191e06d6,2026-08-04T12:30:00Z,2026-08-04T14:30:00+0200,1647.982,MW,DE,DE_LU,actual_offshore_wind_generation,Wind Offshore,2026-08-26T15:33:13Z
2026-08-26T15:27:09Z,2026-08-26T17:27:09+0200,ec44fe02-3364-422b-92bd-0daf191e06d6,2026-08-04T12:45:00Z,2026-08-04T14:45:00+0200,1544.468,MW,DE,DE_LU,actual_offshore_wind_generation,Wind Offshore,2026-08-26T15:33:13Z
2026-08-26T15:27:09Z,2026-08-26T17:27:09+0200,ec44fe02-3364-422b-92bd-0daf191e06d6,2026-08-04T13:00:00Z,2026-08-04T15:00:00+0200,1511.92,MW,DE,DE_LU,actual_offshore_wind_generation,Wind Offshore,2026-08-26T15:33:13Z
2026-08-26T15:27:09Z,2026-08-26T17:27:09+0200,ec44fe02-3364-422b-92bd-0daf191e06d6,2026-08-04T13:15:00Z,2026-08-04T15:15:00+0200,1503.022,MW,DE,DE_LU,actual_offshore_wind_generation,Wind Offshore,2026-08-26T15:33:13Z
2026-08-26T15:27:09Z,2026-08-26T17:27:09+0200,ec44fe02-3364-422b-92bd-0daf191e06d6,2026-08-04T13:30:00Z,2026-08-04T15:30:00+0200,1492.396,MW,DE,DE_LU,actual_offshore_wind_generation,Wind Offshore,2026-08-26T15:33:13Z
2026-08-26T15:27:09Z,2026-08-26T17:27:09+0200,ec44fe02-3364-422b-92bd-0daf191e06d6,2026-08-04T13:45:00Z,2026-08-04T15:45:00+0200,1393.39,MW,DE,DE_LU,actual_offshore_wind_generation,Wind Offshore,2026-08-26T15:33:13Z
2026-08-26T15:27:09Z,2026-08-26T17:27:09+0200,ec44fe02-3364-422b-92bd-0daf191e06d6,2026-08-04T14:00:00Z,2026-08-04T16:00:00+0200,1254.218,MW,DE,DE_LU,actual_offshore_wind_generation,Wind Offshore,2026-08-26T15:33:13Z
2026-08-26T15:27:09Z,2026-08-26T17:27:09+0200,ec44fe02-3364-422b-92bd-0daf191e06d6,2026-08-04T14:15:00Z,2026-08-04T16:15:00+0200,1250.528,MW,DE,DE_LU,actual_offshore_wind_generation,Wind Offshore,2026-08-26T15:33:13Z
2026-08-26T15:27:09Z,2026-08-26T17:27:09+0200,ec44fe02-3364-422b-92bd-0daf191e06d6,2026-08-04T14:30:00Z,2026-08-04T16:30:00+0200,1292.961,MW,DE,DE_LU,actual_offshore_wind_generation,Wind Offshore,2026-08-26T15:33:13Z
2026-08-26T15:27:09Z,2026-08-26T17:27:09+0200,ec44fe02-3364-422b-92bd-0daf191e06d6,2026-08-04T14:45:00Z,2026-08-04T16:45:00+0200,1156.954,MW,DE,DE_LU,actual_offshore_wind_generation,Wind Offshore,2026-08-26T15:33:13Z
2026-08-26T15:27:09Z,2026-08-26T17:27:09+0200,ec44fe02-3364-422b-92bd-0daf191e06d6,2026-08-04T15:00:00Z,2026-08-04T17:00:00+0200,1096.068,MW,DE,DE_LU,actual_offshore_wind_generation,Wind Offshore,2026-08-26T15:33:13Z
2026-08-26T15:27:09Z,2026-08-26T17:27:09+0200,ec44fe02-3364-422b-92bd-0daf191e06d6,2026-08-04T15:15:00Z,2026-08-04T17:15:00+0200,1147.268,MW,DE,DE_LU,actual_offshore_wind_generation,Wind Offshore,2026-08-26T15:33:13Z
2026-08-26T15:27:09Z,2026-08-26T17:27:09+0200,ec44fe02-3364-422b-92bd-0daf191e06d6,2026-08-04T15:30:00Z,2026-08-04T17:30:00+0200,1165.291,MW,DE,DE_LU,actual_offshore_wind_generation,Wind Offshore,2026-08-26T15:33:13Z
2026-08-26T15:27:09Z,2026-08-26T17:27:09+0200,ec44fe02-3364-422b-92bd-0daf191e06d6,2026-08-04T15:45:00Z,2026-08-04T17:45:00+0200,1321.703,MW,DE,DE_LU,actual_offshore_wind_generation,Wind Offshore,2026-08-26T15:33:13Z
2026-08-26T15:27:09Z,2026-08-26T17:27:09+0200,ec44fe02-3364-422b-92bd-0daf191e06d6,2026-08-04T16:00:00Z,2026-08-04T18:00:00+0200,1435.354,MW,DE,DE_LU,actual_offshore_wind_generation,Wind Offshore,2026-08-26T15:33:13Z
2026-08-26T15:27:09Z,2026-08-26T17:27:09+0200,ec44fe02-3364-422b-92bd-0daf191e06d6,2026-08-04T16:15:00Z,2026-08-04T18:15:00+0200,1445.999,MW,DE,DE_LU,actual_offshore_wind_generation,Wind Offshore,2026-08-26T15:33:13Z
2026-08-26T15:27:09Z,2026-08-26T17:27:09+0200,ec44fe02-3364-422b-92bd-0daf191e06d6,2026-08-04T16:30:00Z,2026-08-04T18:30:00+0200,1376.319,MW,DE,DE_LU,actual_offshore_wind_generation,Wind Offshore,2026-08-26T15:33:13Z
2026-08-26T15:27:09Z,2026-08-26T17:27:09+0200,ec44fe02-3364-422b-92bd-0daf191e06d6,2026-08-04T16:45:00Z,2026-08-04T18:45:00+0200,1380.49,MW,DE,DE_LU,actual_offshore_wind_generation,Wind Offshore,2026-08-26T15:33:13Z
2026-08-26T15:27:09Z,2026-08-26T17:27:09+0200,ec44fe02-3364-422b-92bd-0daf191e06d6,2026-08-04T17:00:00Z,2026-08-04T19:00:00+0200,1321.054,MW,DE,DE_LU,actual_offshore_wind_generation,Wind Offshore,2026-08-26T15:33:13Z
2026-08-26T15:27:09Z,2026-08-26T17:27:09+0200,ec44fe02-3364-422b-92bd-0daf191e06d6,2026-08-04T17:15:00Z,2026-08-04T19:15:00+0200,1342.48,MW,DE,DE_LU,actual_offshore_wind_generation,Wind Offshore,2026-08-26T15:33:13Z
2026-08-26T15:27:09Z,2026-08-26T17:27:09+0200,ec44fe02-3364-422b-92bd-0daf191e06d6,2026-08-04T17:30:00Z,2026-08-04T19:30:00+0200,1378.022,MW,DE,DE_LU,actual_offshore_wind_generation,Wind Offshore,2026-08-26T15:33:13Z
2026-08-26T15:27:09Z,2026-08-26T17:27:09+0200,ec44fe02-3364-422b-92bd-0daf191e06d6,2026-08-04T17:45:00Z,2026-08-04T19:45:00+0200,1422.69,MW,DE,DE_LU,actual_offshore_wind_generation,Wind Offshore,2026-08-26T15:33:13Z
2026-08-26T15:27:09Z,2026-08-26T17:27:09+0200,ec44fe02-3364-422b-92bd-0daf191e06d6,2026-08-04T18:00:00Z,2026-08-04T20:00:00+0200,1397.412,MW,DE,DE_LU,actual_offshore_wind_generation,Wind Offshore,2026-08-26T15:33:13Z
2026-08-26T15:27:09Z,2026-08-26T17:27:09+0200,ec44fe02-3364-422b-92bd-0daf191e06d6,2026-08-04T18:15:00Z,2026-08-04T20:15:00+0200,1398.953,MW,DE,DE_LU,actual_offshore_wind_generation,Wind Offshore,2026-08-26T15:33:13Z
2026-08-26T15:27:09Z,2026-08-26T17:27:09+0200,ec44fe02-3364-422b-92bd-0daf191e06d6,2026-08-04T18:30:00Z,2026-08-04T20:30:00+0200,1351.119,MW,DE,DE_LU,actual_offshore_wind_generation,Wind Offshore,2026-08-26T15:33:13Z
2026-08-26T15:27:09Z,2026-08-26T17:27:09+0200,ec44fe02-3364-422b-92bd-0daf191e06d6,2026-08-04T18:45:00Z,2026-08-04T20:45:00+0200,1576.297,MW,DE,DE_LU,actual_offshore_wind_generation,Wind Offshore,2026-08-26T15:33:13Z
2026-08-26T15:27:09Z,2026-08-26T17:27:09+0200,ec44fe02-3364-422b-92bd-0daf191e06d6,2026-08-04T19:00:00Z,2026-08-04T21:00:00+0200,1866.688,MW,DE,DE_LU,actual_offshore_wind_generation,Wind Offshore,2026-08-26T15:33:13Z
2026-08-26T15:27:09Z,2026-08-26T17:27:09+0200,ec44fe02-3364-422b-92bd-0daf191e06d6,2026-08-04T19:15:00Z,2026-08-04T21:15:00+0200,2174.312,MW,DE,DE_LU,actual_offshore_wind_generation,Wind Offshore,2026-08-26T15:33:13Z
2026-08-26T15:27:09Z,2026-08-26T17:27:09+0200,ec44fe02-3364-422b-92bd-0daf191e06d6,2026-08-04T19:30:00Z,2026-08-04T21:30:00+0200,2186.196,MW,DE,DE_LU,actual_offshore_wind_generation,Wind Offshore,2026-08-26T15:33:13Z
2026-08-26T15:27:09Z,2026-08-26T17:27:09+0200,ec44fe02-3364-422b-92bd-0daf191e06d6,2026-08-04T19:45:00Z,2026-08-04T21:45:00+0200,1821.76,MW,DE,DE_LU,actual_offshore_wind_generation,Wind Offshore,2026-08-26T15:33:13Z
2026-08-26T15:27:09Z,2026-08-26T17:27:09+0200,ec44fe02-3364-422b-92bd-0daf191e06d6,2026-08-04T20:00:00Z,2026-08-04T22:00:00+0200,1755.992,MW,DE,DE_LU,actual_offshore_wind_generation,Wind Offshore,2026-08-26T15:33:13Z
2026-08-26T15:27:09Z,2026-08-26T17:27:09+0200,ec44fe02-3364-422b-92bd-0daf191e06d6,2026-08-04T20:15:00Z,2026-08-04T22:15:00+0200,1876.571,MW,DE,DE_LU,actual_offshore_wind_generation,Wind Offshore,2026-08-26T15:33:13Z
2026-08-26T15:27:09Z,2026-08-26T17:27:09+0200,ec44fe02-3364-422b-92bd-0daf191e06d6,2026-08-04T20:30:00Z,2026-08-04T22:30:00+0200,1964.07,MW,DE,DE_LU,actual_offshore_wind_generation,Wind Offshore,2026-08-26T15:33:13Z
2026-08-26T15:27:09Z,2026-08-26T17:27:09+0200,ec44fe02-3364-422b-92bd-0daf191e06d6,2026-08-04T20:45:00Z,2026-08-04T22:45:00+0200,2007.235,MW,DE,DE_LU,actual_offshore_wind_generation,Wind Offshore,2026-08-26T15:33:13Z
2026-08-26T15:27:09Z,2026-08-26T17:27:09+0200,ec44fe02-3364-422b-92bd-0daf191e06d6,2026-08-04T21:00:00Z,2026-08-04T23:00:00+0200,2032.242,MW,DE,DE_LU,actual_offshore_wind_generation,Wind Offshore,2026-08-26T15:33:13Z
2026-08-26T15:27:09Z,2026-08-26T17:27:09+0200,ec44fe02-3364-422b-92bd-0daf191e06d6,2026-08-04T21:15:00Z,2026-08-04T23:15:00+0200,1792.324,MW,DE,DE_LU,actual_offshore_wind_generation,Wind Offshore,2026-08-26T15:33:13Z
2026-08-26T15:27:09Z,2026-08-26T17:27:09+0200,ec44fe02-3364-422b-92bd-0daf191e06d6,2026-08-04T21:30:00Z,2026-08-04T23:30:00+0200,1825.248,MW,DE,DE_LU,actual_offshore_wind_generation,Wind Offshore,2026-08-26T15:33:13Z
2026-08-26T15:27:09Z,2026-08-26T17:27:09+0200,ec44fe02-3364-422b-92bd-0daf191e06d6,2026-08-04T21:45:00Z,2026-08-04T23:45:00+0200,2057.873,MW,DE,DE_LU,actual_offshore_wind_generation,Wind Offshore,2026-08-26T15:33:13Z
2026-08-26T15:27:09Z,2026-08-26T17:27:09+0200,ec44fe02-3364-422b-92bd-0daf191e06d6,2026-08-04T22:00:00Z,2026-08-05T00:00:00+0200,2088.407,MW,DE,DE_LU,actual_offshore_wind_generation,Wind Offshore,2026-08-26T15:33:13Z
2026-08-26T15:27:09Z,2026-08-26T17:27:09+0200,ec44fe02-3364-422b-92bd-0daf191e06d6,2026-08-04T22:15:00Z,2026-08-05T00:15:00+0200,2148.792,MW,DE,DE_LU,actual_offshore_wind_generation,Wind Offshore,2026-08-26T15:33:13Z
2026-08-26T15:27:09Z,2026-08-26T17:27:09+0200,ec44fe02-3364-422b-92bd-0daf191e06d6,2026-08-04T22:30:00Z,2026-08-05T00:30:00+0200,2353.36,MW,DE,DE_LU,actual_offshore_wind_generation,Wind Offshore,2026-08-26T15:33:13Z
2026-08-26T15:27:09Z,2026-08-26T17:27:09+0200,ec44fe02-3364-422b-92bd-0daf191e06d6,2026-08-04T22:45:00Z,2026-08-05T00:45:00+0200,2653.702,MW,DE,DE_LU,actual_offshore_wind_generation,Wind Offshore,2026-08-26T15:33:13Z
2026-08-26T15:27:09Z,2026-08-26T17:27:09+0200,ec44fe02-3364-422b-92bd-0daf191e06d6,2026-08-04T23:00:00Z,2026-08-05T01:00:00+0200,2808.715,MW,DE,DE_LU,actual_offshore_wind_generation,Wind Offshore,2026-08-26T15:33:13Z
2026-08-26T15:27:09Z,2026-08-26T17:27:09+0200,ec44fe02-3364-422b-92bd-0daf191e06d6,2026-08-04T23:15:00Z,2026-08-05T01:15:00+0200,2926.116,MW,DE,DE_LU,actual_offshore_wind_generation,Wind Offshore,2026-08-26T15:33:13Z
2026-08-26T15:27:09Z,2026-08-26T17:27:09+0200,ec44fe02-3364-422b-92bd-0daf191e06d6,2026-08-04T23:30:00Z,2026-08-05T01:30:00+0200,3192.771,MW,DE,DE_LU,actual_offshore_wind_generation,Wind Offshore,2026-08-26T15:33:13Z
2026-08-26T15:27:09Z,2026-08-26T17:27:09+0200,ec44fe02-3364-422b-92bd-0daf191e06d6,2026-08-04T23:45:00Z,2026-08-05T01:45:00+0200,3513.487,MW,DE,DE_LU,actual_offshore_wind_generation,Wind Offshore,2026-08-26T15:33:13Z
2026-08-26T15:27:09Z,2026-08-26T17:27:09+0200,ec44fe02-3364-422b-92bd-0daf191e06d6,2026-08-05T00:00:00Z,2026-08-05T02:00:00+0200,3827.158,MW,DE,DE_LU,actual_offshore_wind_generation,Wind Offshore,2026-08-26T15:33:13Z
2026-08-26T15:27:09Z,2026-08-26T17:27:09+0200,ec44fe02-3364-422b-92bd-0daf191e06d6,2026-08-05T00:15:00Z,2026-08-05T02:15:00+0200,4220.502,MW,DE,DE_LU,actual_offshore_wind_generation,Wind Offshore,2026-08-26T15:33:13Z
2026-08-26T15:27:09Z,2026-08-26T17:27:09+0200,ec44fe02-3364-422b-92bd-0daf191e06d6,2026-08-05T00:30:00Z,2026-08-05T02:30:00+0200,4479.82,MW,DE,DE_LU,actual_offshore_wind_generation,Wind Offshore,2026-08-26T15:33:13Z
2026-08-26T15:27:09Z,2026-08-26T17:27:09+0200,ec44fe02-3364-422b-92bd-0daf191e06d6,2026-08-05T00:45:00Z,2026-08-05T02:45:00+0200,4729.74,MW,DE,DE_LU,actual_offshore_wind_generation,Wind Offshore,2026-08-26T15:33:13Z
2026-08-26T15:27:09Z,2026-08-26T17:27:09+0200,ec44fe02-3364-422b-92bd-0daf191e06d6,2026-08-05T01:00:00Z,2026-08-05T03:00:00+0200,5029.707,MW,DE,DE_LU,actual_offshore_wind_generation,Wind Offshore,2026-08-26T15:33:13Z
2026-08-26T15:27:09Z,2026-08-26T17:27:09+0200,ec44fe02-3364-422b-92bd-0daf191e06d6,2026-08-05T01:15:00Z,2026-08-05T03:15:00+0200,5243.236,MW,DE,DE_LU,actual_offshore_wind_generation,Wind Offshore,2026-08-26T15:33:13Z
2026-08-26T15:27:09Z,2026-08-26T17:27:09+0200,ec44fe02-3364-422b-92bd-0daf191e06d6,2026-08-05T01:30:00Z,2026-08-05T03:30:00+0200,5238.264,MW,DE,DE_LU,actual_offshore_wind_generation,Wind Offshore,2026-08-26T15:33:13Z
2026-08-26T15:27:09Z,2026-08-26T17:27:09+0200,ec44fe02-3364-422b-92bd-0daf191e06d6,2026-08-05T01:45:00Z,2026-08-05T03:45:00+0200,5341.435,MW,DE,DE_LU,actual_offshore_wind_generation,Wind Offshore,2026-08-26T15:33:13Z
2026-08-26T15:27:09Z,2026-08-26T17:27:09+0200,ec44fe02-3364-422b-92bd-0daf191e06d6,2026-08-05T02:00:00Z,2026-08-05T04:00:00+0200,5589.585,MW,DE,DE_LU,actual_offshore_wind_generation,Wind Offshore,2026-08-26T15:33:13Z
2026-08-26T15:27:09Z,2026-08-26T17:27:09+0200,ec44fe02-3364-422b-92bd-0daf191e06d6,2026-08-05T02:15:00Z,2026-08-05T04:15:00+0200,5913.207,MW,DE,DE_LU,actual_offshore_wind_generation,Wind Offshore,2026-08-26T15:33:13Z
2026-08-26T15:27:09Z,2026-08-26T17:27:09+0200,ec44fe02-3364-422b-92bd-0daf191e06d6,2026-08-05T02:30:00Z,2026-08-05T04:30:00+0200,6067.249,MW,DE,DE_LU,actual_offshore_wind_generation,Wind Offshore,2026-08-26T15:33:13Z
2026-08-26T15:27:09Z,2026-08-26T17:27:09+0200,ec44fe02-3364-422b-92bd-0daf191e06d6,2026-08-05T02:45:00Z,2026-08-05T04:45:00+0200,6114.032,MW,DE,DE_LU,actual_offshore_wind_generation,Wind Offshore,2026-08-26T15:33:13Z
2026-08-26T15:27:09Z,2026-08-26T17:27:09+0200,ec44fe02-3364-422b-92bd-0daf191e06d6,2026-08-05T03:00:00Z,2026-08-05T05:00:00+0200,6073.315,MW,DE,DE_LU,actual_offshore_wind_generation,Wind Offshore,2026-08-26T15:33:13Z
2026-08-26T15:27:09Z,2026-08-26T17:27:09+0200,ec44fe02-3364-422b-92bd-0daf191e06d6,2026-08-05T03:15:00Z,2026-08-05T05:15:00+0200,6048.539,MW,DE,DE_LU,actual_offshore_wind_generation,Wind Offshore,2026-08-26T15:33:13Z
2026-08-26T15:27:09Z,2026-08-26T17:27:09+0200,ec44fe02-3364-422b-92bd-0daf191e06d6,2026-08-05T03:30:00Z,2026-08-05T05:30:00+0200,6019.066,MW,DE,DE_LU,actual_offshore_wind_generation,Wind Offshore,2026-08-26T15:33:13Z
2026-08-26T15:27:09Z,2026-08-26T17:27:09+0200,ec44fe02-3364-422b-92bd-0daf191e06d6,2026-08-05T03:45:00Z,2026-08-05T05:45:00+0200,5974.421,MW,DE,DE_LU,actual_offshore_wind_generation,Wind Offshore,2026-08-26T15:33:13Z
2026-08-26T15:27:09Z,2026-08-26T17:27:09+0200,ec44fe02-3364-422b-92bd-0daf191e06d6,2026-08-05T04:00:00Z,2026-08-05T06:00:00+0200,6208.346,MW,DE,DE_LU,actual_offshore_wind_generation,Wind Offshore,2026-08-26T15:33:13Z
2026-08-26T15:27:09Z,2026-08-26T17:27:09+0200,ec44fe02-3364-422b-92bd-0daf191e06d6,2026-08-05T04:15:00Z,2026-08-05T06:15:00+0200,6046.297,MW,DE,DE_LU,actual_offshore_wind_generation,Wind Offshore,2026-08-26T15:33:13Z
2026-08-26T15:27:09Z,2026-08-26T17:27:09+0200,ec44fe02-3364-422b-92bd-0daf191e06d6,2026-08-05T04:30:00Z,2026-08-05T06:30:00+0200,6006.247,MW,DE,DE_LU,actual_offshore_wind_generation,Wind Offshore,2026-08-26T15:33:13Z
2026-08-26T15:27:09Z,2026-08-26T17:27:09+0200,ec44fe02-3364-422b-92bd-0daf191e06d6,2026-08-05T04:45:00Z,2026-08-05T06:45:00+0200,6031.664,MW,DE,DE_LU,actual_offshore_wind_generation,Wind Offshore,2026-08-26T15:33:13Z
2026-08-26T15:27:09Z,2026-08-26T17:27:09+0200,ec44fe02-3364-422b-92bd-0daf191e06d6,2026-08-05T05:00:00Z,2026-08-05T07:00:00+0200,5955.351,MW,DE,DE_LU,actual_offshore_wind_generation,Wind Offshore,2026-08-26T15:33:13Z
2026-08-26T15:27:09Z,2026-08-26T17:27:09+0200,ec44fe02-3364-422b-92bd-0daf191e06d6,2026-08-05T05:15:00Z,2026-08-05T07:15:00+0200,5930.726,MW,DE,DE_LU,actual_offshore_wind_generation,Wind Offshore,2026-08-26T15:33:13Z
2026-08-26T15:27:09Z,2026-08-26T17:27:09+0200,ec44fe02-3364-422b-92bd-0daf191e06d6,2026-08-05T05:30:00Z,2026-08-05T07:30:00+0200,5766.689,MW,DE,DE_LU,actual_offshore_wind_generation,Wind Offshore,2026-08-26T15:33:13Z
2026-08-26T15:27:09Z,2026-08-26T17:27:09+0200,ec44fe02-3364-422b-92bd-0daf191e06d6,2026-08-05T05:45:00Z,2026-08-05T07:45:00+0200,5630.978,MW,DE,DE_LU,actual_offshore_wind_generation,Wind Offshore,2026-08-26T15:33:13Z
2026-08-26T15:27:09Z,2026-08-26T17:27:09+0200,ec44fe02-3364-422b-92bd-0daf191e06d6,2026-08-05T06:00:00Z,2026-08-05T08:00:00+0200,5642.326,MW,DE,DE_LU,actual_offshore_wind_generation,Wind Offshore,2026-08-26T15:33:13Z
2026-08-26T15:27:09Z,2026-08-26T17:27:09+0200,ec44fe02-3364-422b-92bd-0daf191e06d6,2026-08-05T06:15:00Z,2026-08-05T08:15:00+0200,5706.927,MW,DE,DE_LU,actual_offshore_wind_generation,Wind Offshore,2026-08-26T15:33:13Z
2026-08-26T15:27:09Z,2026-08-26T17:27:09+0200,ec44fe02-3364-422b-92bd-0daf191e06d6,2026-08-05T06:30:00Z,2026-08-05T08:30:00+0200,5765.58,MW,DE,DE_LU,actual_offshore_wind_generation,Wind Offshore,2026-08-26T15:33:13Z
2026-08-26T15:27:09Z,2026-08-26T17:27:09+0200,ec44fe02-3364-422b-92bd-0daf191e06d6,2026-08-05T06:45:00Z,2026-08-05T08:45:00+0200,5907.012,MW,DE,DE_LU,actual_offshore_wind_generation,Wind Offshore,2026-08-26T15:33:13Z
2026-08-26T15:27:09Z,2026-08-26T17:27:09+0200,ec44fe02-3364-422b-92bd-0daf191e06d6,2026-08-05T07:00:00Z,2026-08-05T09:00:00+0200,5752.874,MW,DE,DE_LU,actual_offshore_wind_generation,Wind Offshore,2026-08-26T15:33:13Z
2026-08-26T15:27:09Z,2026-08-26T17:27:09+0200,ec44fe02-3364-422b-92bd-0daf191e06d6,2026-08-05T07:15:00Z,2026-08-05T09:15:00+0200,5789.026,MW,DE,DE_LU,actual_offshore_wind_generation,Wind Offshore,2026-08-26T15:33:13Z
2026-08-26T15:27:09Z,2026-08-26T17:27:09+0200,ec44fe02-3364-422b-92bd-0daf191e06d6,2026-08-05T07:30:00Z,2026-08-05T09:30:00+0200,5847.128,MW,DE,DE_LU,actual_offshore_wind_generation,Wind Offshore,2026-08-26T15:33:13Z
2026-08-26T15:27:09Z,2026-08-26T17:27:09+0200,ec44fe02-3364-422b-92bd-0daf191e06d6,2026-08-05T07:45:00Z,2026-08-05T09:45:00+0200,5773.534,MW,DE,DE_LU,actual_offshore_wind_generation,Wind Offshore,2026-08-26T15:33:13Z
2026-08-26T15:27:09Z,2026-08-26T17:27:09+0200,ec44fe02-3364-422b-92bd-0daf191e06d6,2026-08-05T08:00:00Z,2026-08-05T10:00:00+0200,5414.094,MW,DE,DE_LU,actual_offshore_wind_generation,Wind Offshore,2026-08-26T15:33:13Z
2026-08-26T15:27:09Z,2026-08-26T17:27:09+0200,ec44fe02-3364-422b-92bd-0daf191e06d6,2026-08-05T08:15:00Z,2026-08-05T10:15:00+0200,5485.55,MW,DE,DE_LU,actual_offshore_wind_generation,Wind Offshore,2026-08-26T15:33:13Z
2026-08-26T15:27:09Z,2026-08-26T17:27:09+0200,ec44fe02-3364-422b-92bd-0daf191e06d6,2026-08-05T08:30:00Z,2026-08-05T10:30:00+0200,5662.433,MW,DE,DE_LU,actual_offshore_wind_generation,Wind Offshore,2026-08-26T15:33:13Z
2026-08-26T15:27:09Z,2026-08-26T17:27:09+0200,ec44fe02-3364-422b-92bd-0daf191e06d6,2026-08-05T08:45:00Z,2026-08-05T10:45:00+0200,5704.925,MW,DE,DE_LU,actual_offshore_wind_generation,Wind Offshore,2026-08-26T15:33:13Z
2026-08-26T15:27:09Z,2026-08-26T17:27:09+0200,ec44fe02-3364-422b-92bd-0daf191e06d6,2026-08-05T09:00:00Z,2026-08-05T11:00:00+0200,6094.267,MW,DE,DE_LU,actual_offshore_wind_generation,Wind Offshore,2026-08-26T15:33:13Z
2026-08-26T15:27:09Z,2026-08-26T17:27:09+0200,ec44fe02-3364-422b-92bd-0daf191e06d6,2026-08-05T09:15:00Z,2026-08-05T11:15:00+0200,6104.254,MW,DE,DE_LU,actual_offshore_wind_generation,Wind Offshore,2026-08-26T15:33:13Z
2026-08-26T15:27:09Z,2026-08-26T17:27:09+0200,ec44fe02-3364-422b-92bd-0daf191e06d6,2026-08-05T09:30:00Z,2026-08-05T11:30:00+0200,6024.99,MW,DE,DE_LU,actual_offshore_wind_generation,Wind Offshore,2026-08-26T15:33:13Z
2026-08-26T15:27:09Z,2026-08-26T17:27:09+0200,ec44fe02-3364-422b-92bd-0daf191e06d6,2026-08-05T09:45:00Z,2026-08-05T11:45:00+0200,5829.754,MW,DE,DE_LU,actual_offshore_wind_generation,Wind Offshore,2026-08-26T15:33:13Z
2026-08-26T15:27:09Z,2026-08-26T17:27:09+0200,ec44fe02-3364-422b-92bd-0daf191e06d6,2026-08-05T10:00:00Z,2026-08-05T12:00:00+0200,5672.105,MW,DE,DE_LU,actual_offshore_wind_generation,Wind Offshore,2026-08-26T15:33:13Z
2026-08-26T15:27:09Z,2026-08-26T17:27:09+0200,ec44fe02-3364-422b-92bd-0daf191e06d6,2026-08-05T10:15:00Z,2026-08-05T12:15:00+0200,5862.086,MW,DE,DE_LU,actual_offshore_wind_generation,Wind Offshore,2026-08-26T15:33:13Z
2026-08-26T15:27:09Z,2026-08-26T17:27:09+0200,ec44fe02-3364-422b-92bd-0daf191e06d6,2026-08-05T10:30:00Z,2026-08-05T12:30:00+0200,5863.157,MW,DE,DE_LU,actual_offshore_wind_generation,Wind Offshore,2026-08-26T15:33:13Z
2026-08-26T15:27:09Z,2026-08-26T17:27:09+0200,ec44fe02-3364-422b-92bd-0daf191e06d6,2026-08-05T10:45:00Z,2026-08-05T12:45:00+0200,5846.025,MW,DE,DE_LU,actual_offshore_wind_generation,Wind Offshore,2026-08-26T15:33:13Z
2026-08-26T15:27:09Z,2026-08-26T17:27:09+0200,ec44fe02-3364-422b-92bd-0daf191e06d6,2026-08-05T11:00:00Z,2026-08-05T13:00:00+0200,5471.891,MW,DE,DE_LU,actual_offshore_wind_generation,Wind Offshore,2026-08-26T15:33:13Z
2026-08-26T15:27:09Z,2026-08-26T17:27:09+0200,ec44fe02-3364-422b-92bd-0daf191e06d6,2026-08-05T11:15:00Z,2026-08-05T13:15:00+0200,5504.503,MW,DE,DE_LU,actual_offshore_wind_generation,Wind Offshore,2026-08-26T15:33:13Z
2026-08-26T15:27:09Z,2026-08-26T17:27:09+0200,ec44fe02-3364-422b-92bd-0daf191e06d6,2026-08-05T11:30:00Z,2026-08-05T13:30:00+0200,5507.003,MW,DE,DE_LU,actual_offshore_wind_generation,Wind Offshore,2026-08-26T15:33:13Z
2026-08-26T15:27:09Z,2026-08-26T17:27:09+0200,ec44fe02-3364-422b-92bd-0daf191e06d6,2026-08-05T11:45:00Z,2026-08-05T13:45:00+0200,5489.795,MW,DE,DE_LU,actual_offshore_wind_generation,Wind Offshore,2026-08-26T15:33:13Z
2026-08-26T15:27:09Z,2026-08-26T17:27:09+0200,ec44fe02-3364-422b-92bd-0daf191e06d6,2026-08-05T12:00:00Z,2026-08-05T14:00:00+0200,5430.566,MW,DE,DE_LU,actual_offshore_wind_generation,Wind Offshore,2026-08-26T15:33:13Z
2026-08-26T15:27:09Z,2026-08-26T17:27:09+0200,ec44fe02-3364-422b-92bd-0daf191e06d6,2026-08-05T12:15:00Z,2026-08-05T14:15:00+0200,5348.815,MW,DE,DE_LU,actual_offshore_wind_generation,Wind Offshore,2026-08-26T15:33:13Z
2026-08-26T15:27:09Z,2026-08-26T17:27:09+0200,ec44fe02-3364-422b-92bd-0daf191e06d6,2026-08-05T12:30:00Z,2026-08-05T14:30:00+0200,5255.338,MW,DE,DE_LU,actual_offshore_wind_generation,Wind Offshore,2026-08-26T15:33:13Z
2026-08-26T15:27:09Z,2026-08-26T17:27:09+0200,ec44fe02-3364-422b-92bd-0daf191e06d6,2026-08-05T12:45:00Z,2026-08-05T14:45:00+0200,5317.518,MW,DE,DE_LU,actual_offshore_wind_generation,Wind Offshore,2026-08-26T15:33:13Z
2026-08-26T15:27:09Z,2026-08-26T17:27:09+0200,ec44fe02-3364-422b-92bd-0daf191e06d6,2026-08-05T13:00:00Z,2026-08-05T15:00:00+0200,5203.874,MW,DE,DE_LU,actual_offshore_wind_generation,Wind Offshore,2026-08-26T15:33:13Z
2026-08-26T15:27:09Z,2026-08-26T17:27:09+0200,ec44fe02-3364-422b-92bd-0daf191e06d6,2026-08-05T13:15:00Z,2026-08-05T15:15:00+0200,5215.711,MW,DE,DE_LU,actual_offshore_wind_generation,Wind Offshore,2026-08-26T15:33:13Z
2026-08-26T15:27:09Z,2026-08-26T17:27:09+0200,ec44fe02-3364-422b-92bd-0daf191e06d6,2026-08-05T13:30:00Z,2026-08-05T15:30:00+0200,5205.72,MW,DE,DE_LU,actual_offshore_wind_generation,Wind Offshore,2026-08-26T15:33:13Z
2026-08-26T15:27:09Z,2026-08-26T17:27:09+0200,ec44fe02-3364-422b-92bd-0daf191e06d6,2026-08-05T13:45:00Z,2026-08-05T15:45:00+0200,5126.082,MW,DE,DE_LU,actual_offshore_wind_generation,Wind Offshore,2026-08-26T15:33:13Z
2026-08-26T15:27:09Z,2026-08-26T17:27:09+0200,ec44fe02-3364-422b-92bd-0daf191e06d6,2026-08-05T14:00:00Z,2026-08-05T16:00:00+0200,4452.531,MW,DE,DE_LU,actual_offshore_wind_generation,Wind Offshore,2026-08-26T15:33:13Z
2026-08-26T15:27:09Z,2026-08-26T17:27:09+0200,ec44fe02-3364-422b-92bd-0daf191e06d6,2026-08-05T14:15:00Z,2026-08-05T16:15:00+0200,4286.744,MW,DE,DE_LU,actual_offshore_wind_generation,Wind Offshore,2026-08-26T15:33:13Z
2026-08-26T15:27:09Z,2026-08-26T17:27:09+0200,ec44fe02-3364-422b-92bd-0daf191e06d6,2026-08-05T14:30:00Z,2026-08-05T16:30:00+0200,4250.137,MW,DE,DE_LU,actual_offshore_wind_generation,Wind Offshore,2026-08-26T15:33:13Z
2026-08-26T15:27:09Z,2026-08-26T17:27:09+0200,ec44fe02-3364-422b-92bd-0daf191e06d6,2026-08-05T14:45:00Z,2026-08-05T16:45:00+0200,4115.062,MW,DE,DE_LU,actual_offshore_wind_generation,Wind Offshore,2026-08-26T15:33:13Z
2026-08-26T15:27:09Z,2026-08-26T17:27:09+0200,ec44fe02-3364-422b-92bd-0daf191e06d6,2026-08-05T15:00:00Z,2026-08-05T17:00:00+0200,4016.778,MW,DE,DE_LU,actual_offshore_wind_generation,Wind Offshore,2026-08-26T15:33:13Z
2026-08-26T15:27:09Z,2026-08-26T17:27:09+0200,ec44fe02-3364-422b-92bd-0daf191e06d6,2026-08-05T15:15:00Z,2026-08-05T17:15:00+0200,3848.864,MW,DE,DE_LU,actual_offshore_wind_generation,Wind Offshore,2026-08-26T15:33:13Z
2026-08-26T15:27:09Z,2026-08-26T17:27:09+0200,ec44fe02-3364-422b-92bd-0daf191e06d6,2026-08-05T15:30:00Z,2026-08-05T17:30:00+0200,3678.911,MW,DE,DE_LU,actual_offshore_wind_generation,Wind Offshore,2026-08-26T15:33:13Z
2026-08-26T15:27:09Z,2026-08-26T17:27:09+0200,ec44fe02-3364-422b-92bd-0daf191e06d6,2026-08-05T15:45:00Z,2026-08-05T17:45:00+0200,3536.087,MW,DE,DE_LU,actual_offshore_wind_generation,Wind Offshore,2026-08-26T15:33:13Z
2026-08-26T15:27:09Z,2026-08-26T17:27:09+0200,ec44fe02-3364-422b-92bd-0daf191e06d6,2026-08-05T16:00:00Z,2026-08-05T18:00:00+0200,4006.924,MW,DE,DE_LU,actual_offshore_wind_generation,Wind Offshore,2026-08-26T15:33:13Z
2026-08-26T15:27:09Z,2026-08-26T17:27:09+0200,ec44fe02-3364-422b-92bd-0daf191e06d6,2026-08-05T16:15:00Z,2026-08-05T18:15:00+0200,4123.193,MW,DE,DE_LU,actual_offshore_wind_generation,Wind Offshore,2026-08-26T15:33:13Z
2026-08-26T15:27:09Z,2026-08-26T17:27:09+0200,ec44fe02-3364-422b-92bd-0daf191e06d6,2026-08-05T16:30:00Z,2026-08-05T18:30:00+0200,3933.846,MW,DE,DE_LU,actual_offshore_wind_generation,Wind Offshore,2026-08-26T15:33:13Z
2026-08-26T15:27:09Z,2026-08-26T17:27:09+0200,ec44fe02-3364-422b-92bd-0daf191e06d6,2026-08-05T16:45:00Z,2026-08-05T18:45:00+0200,3810.343,MW,DE,DE_LU,actual_offshore_wind_generation,Wind Offshore,2026-08-26T15:33:13Z
2026-08-26T15:27:09Z,2026-08-26T17:27:09+0200,ec44fe02-3364-422b-92bd-0daf191e06d6,2026-08-05T17:00:00Z,2026-08-05T19:00:00+0200,3760.746,MW,DE,DE_LU,actual_offshore_wind_generation,Wind Offshore,2026-08-26T15:33:13Z
2026-08-26T15:27:09Z,2026-08-26T17:27:09+0200,ec44fe02-3364-422b-92bd-0daf191e06d6,2026-08-05T17:15:00Z,2026-08-05T19:15:00+0200,3826.903,MW,DE,DE_LU,actual_offshore_wind_generation,Wind Offshore,2026-08-26T15:33:13Z
2026-08-26T15:27:09Z,2026-08-26T17:27:09+0200,ec44fe02-3364-422b-92bd-0daf191e06d6,2026-08-05T17:30:00Z,2026-08-05T19:30:00+0200,3768.037,MW,DE,DE_LU,actual_offshore_wind_generation,Wind Offshore,2026-08-26T15:33:13Z
2026-08-26T15:27:09Z,2026-08-26T17:27:09+0200,ec44fe02-3364-422b-92bd-0daf191e06d6,2026-08-05T17:45:00Z,2026-08-05T19:45:00+0200,3635.167,MW,DE,DE_LU,actual_offshore_wind_generation,Wind Offshore,2026-08-26T15:33:13Z
2026-08-26T15:27:09Z,2026-08-26T17:27:09+0200,ec44fe02-3364-422b-92bd-0daf191e06d6,2026-08-05T18:00:00Z,2026-08-05T20:00:00+0200,3630.517,MW,DE,DE_LU,actual_offshore_wind_generation,Wind Offshore,2026-08-26T15:33:13Z
2026-08-26T15:27:09Z,2026-08-26T17:27:09+0200,ec44fe02-3364-422b-92bd-0daf191e06d6,2026-08-05T18:15:00Z,2026-08-05T20:15:00+0200,3731.543,MW,DE,DE_LU,actual_offshore_wind_generation,Wind Offshore,2026-08-26T15:33:13Z
2026-08-26T15:27:09Z,2026-08-26T17:27:09+0200,ec44fe02-3364-422b-92bd-0daf191e06d6,2026-08-05T18:30:00Z,2026-08-05T20:30:00+0200,3247.947,MW,DE,DE_LU,actual_offshore_wind_generation,Wind Offshore,2026-08-26T15:33:13Z
2026-08-26T15:27:09Z,2026-08-26T17:27:09+0200,ec44fe02-3364-422b-92bd-0daf191e06d6,2026-08-05T18:45:00Z,2026-08-05T20:45:00+0200,2820.276,MW,DE,DE_LU,actual_offshore_wind_generation,Wind Offshore,2026-08-26T15:33:13Z
2026-08-26T15:27:09Z,2026-08-26T17:27:09+0200,ec44fe02-3364-422b-92bd-0daf191e06d6,2026-08-05T19:00:00Z,2026-08-05T21:00:00+0200,2755.571,MW,DE,DE_LU,actual_offshore_wind_generation,Wind Offshore,2026-08-26T15:33:13Z
2026-08-26T15:27:09Z,2026-08-26T17:27:09+0200,ec44fe02-3364-422b-92bd-0daf191e06d6,2026-08-05T19:15:00Z,2026-08-05T21:15:00+0200,2607.625,MW,DE,DE_LU,actual_offshore_wind_generation,Wind Offshore,2026-08-26T15:33:13Z
2026-08-26T15:27:09Z,2026-08-26T17:27:09+0200,ec44fe02-3364-422b-92bd-0daf191e06d6,2026-08-05T19:30:00Z,2026-08-05T21:30:00+0200,2470.548,MW,DE,DE_LU,actual_offshore_wind_generation,Wind Offshore,2026-08-26T15:33:13Z
2026-08-26T15:27:09Z,2026-08-26T17:27:09+0200,ec44fe02-3364-422b-92bd-0daf191e06d6,2026-08-05T19:45:00Z,2026-08-05T21:45:00+0200,2253.098,MW,DE,DE_LU,actual_offshore_wind_generation,Wind Offshore,2026-08-26T15:33:13Z
2026-08-26T15:27:09Z,2026-08-26T17:27:09+0200,ec44fe02-3364-422b-92bd-0daf191e06d6,2026-08-05T20:00:00Z,2026-08-05T22:00:00+0200,1461.969,MW,DE,DE_LU,actual_offshore_wind_generation,Wind Offshore,2026-08-26T15:33:13Z
2026-08-26T15:27:09Z,2026-08-26T17:27:09+0200,ec44fe02-3364-422b-92bd-0daf191e06d6,2026-08-05T20:15:00Z,2026-08-05T22:15:00+0200,1278.485,MW,DE,DE_LU,actual_offshore_wind_generation,Wind Offshore,2026-08-26T15:33:13Z
2026-08-26T15:27:09Z,2026-08-26T17:27:09+0200,ec44fe02-3364-422b-92bd-0daf191e06d6,2026-08-05T20:30:00Z,2026-08-05T22:30:00+0200,1205.263,MW,DE,DE_LU,actual_offshore_wind_generation,Wind Offshore,2026-08-26T15:33:13Z
2026-08-26T15:27:09Z,2026-08-26T17:27:09+0200,ec44fe02-3364-422b-92bd-0daf191e06d6,2026-08-05T20:45:00Z,2026-08-05T22:45:00+0200,1087.881,MW,DE,DE_LU,actual_offshore_wind_generation,Wind Offshore,2026-08-26T15:33:13Z
2026-08-26T15:27:09Z,2026-08-26T17:27:09+0200,ec44fe02-3364-422b-92bd-0daf191e06d6,2026-08-05T21:00:00Z,2026-08-05T23:00:00+0200,960.033,MW,DE,DE_LU,actual_offshore_wind_generation,Wind Offshore,2026-08-26T15:33:13Z
2026-08-26T15:27:09Z,2026-08-26T17:27:09+0200,ec44fe02-3364-422b-92bd-0daf191e06d6,2026-08-05T21:15:00Z,2026-08-05T23:15:00+0200,967.8,MW,DE,DE_LU,actual_offshore_wind_generation,Wind Offshore,2026-08-26T15:33:13Z
2026-08-26T15:27:09Z,2026-08-26T17:27:09+0200,ec44fe02-3364-422b-92bd-0daf191e06d6,2026-08-05T21:30:00Z,2026-08-05T23:30:00+0200,967.61,MW,DE,DE_LU,actual_offshore_wind_generation,Wind Offshore,2026-08-26T15:33:13Z
2026-08-26T15:27:09Z,2026-08-26T17:27:09+0200,ec44fe02-3364-422b-92bd-0daf191e06d6,2026-08-05T21:45:00Z,2026-08-05T23:45:00+0200,996.622,MW,DE,DE_LU,actual_offshore_wind_generation,Wind Offshore,2026-08-26T15:33:13Z
2026-08-26T15:27:09Z,2026-08-26T17:27:09+0200,ec44fe02-3364-422b-92bd-0daf191e06d6,2026-08-05T22:00:00Z,2026-08-06T00:00:00+0200,1284.502,MW,DE,DE_LU,actual_offshore_wind_generation,Wind Offshore,2026-08-26T15:33:13Z
2026-08-26T15:27:09Z,2026-08-26T17:27:09+0200,ec44fe02-3364-422b-92bd-0daf191e06d6,2026-08-05T22:15:00Z,2026-08-06T00:15:00+0200,1344.632,MW,DE,DE_LU,actual_offshore_wind_generation,Wind Offshore,2026-08-26T15:33:13Z
2026-08-26T15:27:09Z,2026-08-26T17:27:09+0200,ec44fe02-3364-422b-92bd-0daf191e06d6,2026-08-05T22:30:00Z,2026-08-06T00:30:00+0200,1308.556,MW,DE,DE_LU,actual_offshore_wind_generation,Wind Offshore,2026-08-26T15:33:13Z
2026-08-26T15:27:09Z,2026-08-26T17:27:09+0200,ec44fe02-3364-422b-92bd-0daf191e06d6,2026-08-05T22:45:00Z,2026-08-06T00:45:00+0200,1375.963,MW,DE,DE_LU,actual_offshore_wind_generation,Wind Offshore,2026-08-26T15:33:13Z
2026-08-26T15:27:09Z,2026-08-26T17:27:09+0200,ec44fe02-3364-422b-92bd-0daf191e06d6,2026-08-05T23:00:00Z,2026-08-06T01:00:00+0200,1496.152,MW,DE,DE_LU,actual_offshore_wind_generation,Wind Offshore,2026-08-26T15:33:13Z
2026-08-26T15:27:09Z,2026-08-26T17:27:09+0200,ec44fe02-3364-422b-92bd-0daf191e06d6,2026-08-05T23:15:00Z,2026-08-06T01:15:00+0200,1623.565,MW,DE,DE_LU,actual_offshore_wind_generation,Wind Offshore,2026-08-26T15:33:13Z
2026-08-26T15:27:09Z,2026-08-26T17:27:09+0200,ec44fe02-3364-422b-92bd-0daf191e06d6,2026-08-05T23:30:00Z,2026-08-06T01:30:00+0200,1865.713,MW,DE,DE_LU,actual_offshore_wind_generation,Wind Offshore,2026-08-26T15:33:13Z
2026-08-26T15:27:09Z,2026-08-26T17:27:09+0200,ec44fe02-3364-422b-92bd-0daf191e06d6,2026-08-05T23:45:00Z,2026-08-06T01:45:00+0200,2176.275,MW,DE,DE_LU,actual_offshore_wind_generation,Wind Offshore,2026-08-26T15:33:13Z
2026-08-26T15:27:09Z,2026-08-26T17:27:09+0200,ec44fe02-3364-422b-92bd-0daf191e06d6,2026-08-06T00:00:00Z,2026-08-06T02:00:00+0200,2598.939,MW,DE,DE_LU,actual_offshore_wind_generation,Wind Offshore,2026-08-26T15:33:13Z
2026-08-26T15:27:09Z,2026-08-26T17:27:09+0200,ec44fe02-3364-422b-92bd-0daf191e06d6,2026-08-06T00:15:00Z,2026-08-06T02:15:00+0200,2855.594,MW,DE,DE_LU,actual_offshore_wind_generation,Wind Offshore,2026-08-26T15:33:13Z
2026-08-26T15:27:09Z,2026-08-26T17:27:09+0200,ec44fe02-3364-422b-92bd-0daf191e06d6,2026-08-06T00:30:00Z,2026-08-06T02:30:00+0200,3142.551,MW,DE,DE_LU,actual_offshore_wind_generation,Wind Offshore,2026-08-26T15:33:13Z
2026-08-26T15:27:09Z,2026-08-26T17:27:09+0200,ec44fe02-3364-422b-92bd-0daf191e06d6,2026-08-06T00:45:00Z,2026-08-06T02:45:00+0200,3319.599,MW,DE,DE_LU,actual_offshore_wind_generation,Wind Offshore,2026-08-26T15:33:13Z
2026-08-26T15:27:09Z,2026-08-26T17:27:09+0200,ec44fe02-3364-422b-92bd-0daf191e06d6,2026-08-06T01:00:00Z,2026-08-06T03:00:00+0200,3548.662,MW,DE,DE_LU,actual_offshore_wind_generation,Wind Offshore,2026-08-26T15:33:13Z
2026-08-26T15:27:09Z,2026-08-26T17:27:09+0200,ec44fe02-3364-422b-92bd-0daf191e06d6,2026-08-06T01:15:00Z,2026-08-06T03:15:00+0200,3687.933,MW,DE,DE_LU,actual_offshore_wind_generation,Wind Offshore,2026-08-26T15:33:13Z
2026-08-26T15:27:09Z,2026-08-26T17:27:09+0200,ec44fe02-3364-422b-92bd-0daf191e06d6,2026-08-06T01:30:00Z,2026-08-06T03:30:00+0200,4108.809,MW,DE,DE_LU,actual_offshore_wind_generation,Wind Offshore,2026-08-26T15:33:13Z
2026-08-26T15:27:09Z,2026-08-26T17:27:09+0200,ec44fe02-3364-422b-92bd-0daf191e06d6,2026-08-06T01:45:00Z,2026-08-06T03:45:00+0200,4599.973,MW,DE,DE_LU,actual_offshore_wind_generation,Wind Offshore,2026-08-26T15:33:13Z
2026-08-26T15:27:09Z,2026-08-26T17:27:09+0200,ec44fe02-3364-422b-92bd-0daf191e06d6,2026-08-06T02:00:00Z,2026-08-06T04:00:00+0200,4894.456,MW,DE,DE_LU,actual_offshore_wind_generation,Wind Offshore,2026-08-26T15:33:13Z
2026-08-26T15:27:09Z,2026-08-26T17:27:09+0200,ec44fe02-3364-422b-92bd-0daf191e06d6,2026-08-06T02:15:00Z,2026-08-06T04:15:00+0200,5096.235,MW,DE,DE_LU,actual_offshore_wind_generation,Wind Offshore,2026-08-26T15:33:13Z
2026-08-26T15:27:09Z,2026-08-26T17:27:09+0200,ec44fe02-3364-422b-92bd-0daf191e06d6,2026-08-06T02:30:00Z,2026-08-06T04:30:00+0200,5307.45,MW,DE,DE_LU,actual_offshore_wind_generation,Wind Offshore,2026-08-26T15:33:13Z
2026-08-26T15:27:09Z,2026-08-26T17:27:09+0200,ec44fe02-3364-422b-92bd-0daf191e06d6,2026-08-06T02:45:00Z,2026-08-06T04:45:00+0200,5521.03,MW,DE,DE_LU,actual_offshore_wind_generation,Wind Offshore,2026-08-26T15:33:13Z
2026-08-26T15:27:09Z,2026-08-26T17:27:09+0200,ec44fe02-3364-422b-92bd-0daf191e06d6,2026-08-06T03:00:00Z,2026-08-06T05:00:00+0200,5683.903,MW,DE,DE_LU,actual_offshore_wind_generation,Wind Offshore,2026-08-26T15:33:13Z
2026-08-26T15:27:09Z,2026-08-26T17:27:09+0200,ec44fe02-3364-422b-92bd-0daf191e06d6,2026-08-06T03:15:00Z,2026-08-06T05:15:00+0200,5740.689,MW,DE,DE_LU,actual_offshore_wind_generation,Wind Offshore,2026-08-26T15:33:13Z
2026-08-26T15:27:09Z,2026-08-26T17:27:09+0200,ec44fe02-3364-422b-92bd-0daf191e06d6,2026-08-06T03:30:00Z,2026-08-06T05:30:00+0200,5835.998,MW,DE,DE_LU,actual_offshore_wind_generation,Wind Offshore,2026-08-26T15:33:13Z
2026-08-26T15:27:09Z,2026-08-26T17:27:09+0200,ec44fe02-3364-422b-92bd-0daf191e06d6,2026-08-06T03:45:00Z,2026-08-06T05:45:00+0200,5776.265,MW,DE,DE_LU,actual_offshore_wind_generation,Wind Offshore,2026-08-26T15:33:13Z
2026-08-26T15:27:09Z,2026-08-26T17:27:09+0200,ec44fe02-3364-422b-92bd-0daf191e06d6,2026-08-06T04:00:00Z,2026-08-06T06:00:00+0200,6359.56,MW,DE,DE_LU,actual_offshore_wind_generation,Wind Offshore,2026-08-26T15:33:13Z
2026-08-26T15:27:09Z,2026-08-26T17:27:09+0200,ec44fe02-3364-422b-92bd-0daf191e06d6,2026-08-06T04:15:00Z,2026-08-06T06:15:00+0200,6327.981,MW,DE,DE_LU,actual_offshore_wind_generation,Wind Offshore,2026-08-26T15:33:13Z
2026-08-26T15:27:09Z,2026-08-26T17:27:09+0200,ec44fe02-3364-422b-92bd-0daf191e06d6,2026-08-06T04:30:00Z,2026-08-06T06:30:00+0200,6402.218,MW,DE,DE_LU,actual_offshore_wind_generation,Wind Offshore,2026-08-26T15:33:13Z
2026-08-26T15:27:09Z,2026-08-26T17:27:09+0200,ec44fe02-3364-422b-92bd-0daf191e06d6,2026-08-06T04:45:00Z,2026-08-06T06:45:00+0200,6355.548,MW,DE,DE_LU,actual_offshore_wind_generation,Wind Offshore,2026-08-26T15:33:13Z
2026-08-26T15:27:09Z,2026-08-26T17:27:09+0200,ec44fe02-3364-422b-92bd-0daf191e06d6,2026-08-06T05:00:00Z,2026-08-06T07:00:00+0200,6311.124,MW,DE,DE_LU,actual_offshore_wind_generation,Wind Offshore,2026-08-26T15:33:13Z
2026-08-26T15:27:09Z,2026-08-26T17:27:09+0200,ec44fe02-3364-422b-92bd-0daf191e06d6,2026-08-06T05:15:00Z,2026-08-06T07:15:00+0200,6323.016,MW,DE,DE_LU,actual_offshore_wind_generation,Wind Offshore,2026-08-26T15:33:13Z
2026-08-26T15:27:09Z,2026-08-26T17:27:09+0200,ec44fe02-3364-422b-92bd-0daf191e06d6,2026-08-06T05:30:00Z,2026-08-06T07:30:00+0200,6301.539,MW,DE,DE_LU,actual_offshore_wind_generation,Wind Offshore,2026-08-26T15:33:13Z
2026-08-26T15:27:09Z,2026-08-26T17:27:09+0200,ec44fe02-3364-422b-92bd-0daf191e06d6,2026-08-06T05:45:00Z,2026-08-06T07:45:00+0200,6255.178,MW,DE,DE_LU,actual_offshore_wind_generation,Wind Offshore,2026-08-26T15:33:13Z
2026-08-26T15:27:09Z,2026-08-26T17:27:09+0200,ec44fe02-3364-422b-92bd-0daf191e06d6,2026-08-06T06:00:00Z,2026-08-06T08:00:00+0200,6285.865,MW,DE,DE_LU,actual_offshore_wind_generation,Wind Offshore,2026-08-26T15:33:13Z
2026-08-26T15:27:09Z,2026-08-26T17:27:09+0200,ec44fe02-3364-422b-92bd-0daf191e06d6,2026-08-06T06:15:00Z,2026-08-06T08:15:00+0200,6391.324,MW,DE,DE_LU,actual_offshore_wind_generation,Wind Offshore,2026-08-26T15:33:13Z
2026-08-26T15:27:09Z,2026-08-26T17:27:09+0200,ec44fe02-3364-422b-92bd-0daf191e06d6,2026-08-06T06:30:00Z,2026-08-06T08:30:00+0200,6505.544,MW,DE,DE_LU,actual_offshore_wind_generation,Wind Offshore,2026-08-26T15:33:13Z
2026-08-26T15:27:09Z,2026-08-26T17:27:09+0200,ec44fe02-3364-422b-92bd-0daf191e06d6,2026-08-06T06:45:00Z,2026-08-06T08:45:00+0200,6481.393,MW,DE,DE_LU,actual_offshore_wind_generation,Wind Offshore,2026-08-26T15:33:13Z
2026-08-26T15:27:09Z,2026-08-26T17:27:09+0200,ec44fe02-3364-422b-92bd-0daf191e06d6,2026-08-06T07:00:00Z,2026-08-06T09:00:00+0200,6017.658,MW,DE,DE_LU,actual_offshore_wind_generation,Wind Offshore,2026-08-26T15:33:13Z
2026-08-26T15:27:09Z,2026-08-26T17:27:09+0200,ec44fe02-3364-422b-92bd-0daf191e06d6,2026-08-06T07:15:00Z,2026-08-06T09:15:00+0200,6073.19,MW,DE,DE_LU,actual_offshore_wind_generation,Wind Offshore,2026-08-26T15:33:13Z
2026-08-26T15:27:09Z,2026-08-26T17:27:09+0200,ec44fe02-3364-422b-92bd-0daf191e06d6,2026-08-06T07:30:00Z,2026-08-06T09:30:00+0200,5751.86,MW,DE,DE_LU,actual_offshore_wind_generation,Wind Offshore,2026-08-26T15:33:13Z
2026-08-26T15:27:09Z,2026-08-26T17:27:09+0200,ec44fe02-3364-422b-92bd-0daf191e06d6,2026-08-06T07:45:00Z,2026-08-06T09:45:00+0200,5470.499,MW,DE,DE_LU,actual_offshore_wind_generation,Wind Offshore,2026-08-26T15:33:13Z
2026-08-26T15:27:09Z,2026-08-26T17:27:09+0200,ec44fe02-3364-422b-92bd-0daf191e06d6,2026-08-06T08:00:00Z,2026-08-06T10:00:00+0200,4952.569,MW,DE,DE_LU,actual_offshore_wind_generation,Wind Offshore,2026-08-26T15:33:13Z
2026-08-26T15:27:09Z,2026-08-26T17:27:09+0200,ec44fe02-3364-422b-92bd-0daf191e06d6,2026-08-06T08:15:00Z,2026-08-06T10:15:00+0200,4576.537,MW,DE,DE_LU,actual_offshore_wind_generation,Wind Offshore,2026-08-26T15:33:13Z
2026-08-26T15:27:09Z,2026-08-26T17:27:09+0200,ec44fe02-3364-422b-92bd-0daf191e06d6,2026-08-06T08:30:00Z,2026-08-06T10:30:00+0200,4083.359,MW,DE,DE_LU,actual_offshore_wind_generation,Wind Offshore,2026-08-26T15:33:13Z
2026-08-26T15:27:09Z,2026-08-26T17:27:09+0200,ec44fe02-3364-422b-92bd-0daf191e06d6,2026-08-06T08:45:00Z,2026-08-06T10:45:00+0200,4085.782,MW,DE,DE_LU,actual_offshore_wind_generation,Wind Offshore,2026-08-26T15:33:13Z
2026-08-26T15:27:09Z,2026-08-26T17:27:09+0200,ec44fe02-3364-422b-92bd-0daf191e06d6,2026-08-06T09:00:00Z,2026-08-06T11:00:00+0200,4921.68,MW,DE,DE_LU,actual_offshore_wind_generation,Wind Offshore,2026-08-26T15:33:13Z
2026-08-26T15:27:09Z,2026-08-26T17:27:09+0200,ec44fe02-3364-422b-92bd-0daf191e06d6,2026-08-06T09:15:00Z,2026-08-06T11:15:00+0200,4979.222,MW,DE,DE_LU,actual_offshore_wind_generation,Wind Offshore,2026-08-26T15:33:13Z
2026-08-26T15:27:09Z,2026-08-26T17:27:09+0200,ec44fe02-3364-422b-92bd-0daf191e06d6,2026-08-06T09:30:00Z,2026-08-06T11:30:00+0200,5258.859,MW,DE,DE_LU,actual_offshore_wind_generation,Wind Offshore,2026-08-26T15:33:13Z
2026-08-26T15:27:09Z,2026-08-26T17:27:09+0200,ec44fe02-3364-422b-92bd-0daf191e06d6,2026-08-06T09:45:00Z,2026-08-06T11:45:00+0200,5541.399,MW,DE,DE_LU,actual_offshore_wind_generation,Wind Offshore,2026-08-26T15:33:13Z
2026-08-26T15:27:09Z,2026-08-26T17:27:09+0200,ec44fe02-3364-422b-92bd-0daf191e06d6,2026-08-06T10:00:00Z,2026-08-06T12:00:00+0200,5945.919,MW,DE,DE_LU,actual_offshore_wind_generation,Wind Offshore,2026-08-26T15:33:13Z
2026-08-26T15:27:09Z,2026-08-26T17:27:09+0200,ec44fe02-3364-422b-92bd-0daf191e06d6,2026-08-06T10:15:00Z,2026-08-06T12:15:00+0200,6350.525,MW,DE,DE_LU,actual_offshore_wind_generation,Wind Offshore,2026-08-26T15:33:13Z
2026-08-26T15:27:09Z,2026-08-26T17:27:09+0200,ec44fe02-3364-422b-92bd-0daf191e06d6,2026-08-06T10:30:00Z,2026-08-06T12:30:00+0200,6401.663,MW,DE,DE_LU,actual_offshore_wind_generation,Wind Offshore,2026-08-26T15:33:13Z
2026-08-26T15:27:09Z,2026-08-26T17:27:09+0200,ec44fe02-3364-422b-92bd-0daf191e06d6,2026-08-06T10:45:00Z,2026-08-06T12:45:00+0200,6393.512,MW,DE,DE_LU,actual_offshore_wind_generation,Wind Offshore,2026-08-26T15:33:13Z
2026-08-26T15:27:09Z,2026-08-26T17:27:09+0200,ec44fe02-3364-422b-92bd-0daf191e06d6,2026-08-06T11:00:00Z,2026-08-06T13:00:00+0200,6138.687,MW,DE,DE_LU,actual_offshore_wind_generation,Wind Offshore,2026-08-26T15:33:13Z
2026-08-26T15:27:09Z,2026-08-26T17:27:09+0200,ec44fe02-3364-422b-92bd-0daf191e06d6,2026-08-06T11:15:00Z,2026-08-06T13:15:00+0200,6273.914,MW,DE,DE_LU,actual_offshore_wind_generation,Wind Offshore,2026-08-26T15:33:13Z
2026-08-26T15:27:09Z,2026-08-26T17:27:09+0200,ec44fe02-3364-422b-92bd-0daf191e06d6,2026-08-06T11:30:00Z,2026-08-06T13:30:00+0200,6327.017,MW,DE,DE_LU,actual_offshore_wind_generation,Wind Offshore,2026-08-26T15:33:13Z
2026-08-26T15:27:09Z,2026-08-26T17:27:09+0200,ec44fe02-3364-422b-92bd-0daf191e06d6,2026-08-06T11:45:00Z,2026-08-06T13:45:00+0200,6170.877,MW,DE,DE_LU,actual_offshore_wind_generation,Wind Offshore,2026-08-26T15:33:13Z
2026-08-26T15:27:09Z,2026-08-26T17:27:09+0200,ec44fe02-3364-422b-92bd-0daf191e06d6,2026-08-06T12:00:00Z,2026-08-06T14:00:00+0200,6490.393,MW,DE,DE_LU,actual_offshore_wind_generation,Wind Offshore,2026-08-26T15:33:13Z
2026-08-26T15:27:09Z,2026-08-26T17:27:09+0200,ec44fe02-3364-422b-92bd-0daf191e06d6,2026-08-06T12:15:00Z,2026-08-06T14:15:00+0200,6460.652,MW,DE,DE_LU,actual_offshore_wind_generation,Wind Offshore,2026-08-26T15:33:13Z
2026-08-26T15:27:09Z,2026-08-26T17:27:09+0200,ec44fe02-3364-422b-92bd-0daf191e06d6,2026-08-06T12:30:00Z,2026-08-06T14:30:00+0200,6461.522,MW,DE,DE_LU,actual_offshore_wind_generation,Wind Offshore,2026-08-26T15:33:13Z
2026-08-26T15:27:09Z,2026-08-26T17:27:09+0200,ec44fe02-3364-422b-92bd-0daf191e06d6,2026-08-06T12:45:00Z,2026-08-06T14:45:00+0200,6338.973,MW,DE,DE_LU,actual_offshore_wind_generation,Wind Offshore,2026-08-26T15:33:13Z
2026-08-26T15:27:09Z,2026-08-26T17:27:09+0200,ec44fe02-3364-422b-92bd-0daf191e06d6,2026-08-06T13:00:00Z,2026-08-06T15:00:00+0200,6013.367,MW,DE,DE_LU,actual_offshore_wind_generation,Wind Offshore,2026-08-26T15:33:13Z
2026-08-26T15:27:09Z,2026-08-26T17:27:09+0200,ec44fe02-3364-422b-92bd-0daf191e06d6,2026-08-06T13:15:00Z,2026-08-06T15:15:00+0200,5856.012,MW,DE,DE_LU,actual_offshore_wind_generation,Wind Offshore,2026-08-26T15:33:13Z
2026-08-26T15:27:09Z,2026-08-26T17:27:09+0200,ec44fe02-3364-422b-92bd-0daf191e06d6,2026-08-06T13:30:00Z,2026-08-06T15:30:00+0200,5688.094,MW,DE,DE_LU,actual_offshore_wind_generation,Wind Offshore,2026-08-26T15:33:13Z
2026-08-26T15:27:09Z,2026-08-26T17:27:09+0200,ec44fe02-3364-422b-92bd-0daf191e06d6,2026-08-06T13:45:00Z,2026-08-06T15:45:00+0200,5540.876,MW,DE,DE_LU,actual_offshore_wind_generation,Wind Offshore,2026-08-26T15:33:13Z
2026-08-26T15:27:09Z,2026-08-26T17:27:09+0200,ec44fe02-3364-422b-92bd-0daf191e06d6,2026-08-06T14:00:00Z,2026-08-06T16:00:00+0200,4827.868,MW,DE,DE_LU,actual_offshore_wind_generation,Wind Offshore,2026-08-26T15:33:13Z
2026-08-26T15:27:09Z,2026-08-26T17:27:09+0200,ec44fe02-3364-422b-92bd-0daf191e06d6,2026-08-06T14:15:00Z,2026-08-06T16:15:00+0200,4715.747,MW,DE,DE_LU,actual_offshore_wind_generation,Wind Offshore,2026-08-26T15:33:13Z
2026-08-26T15:27:09Z,2026-08-26T17:27:09+0200,ec44fe02-3364-422b-92bd-0daf191e06d6,2026-08-06T14:30:00Z,2026-08-06T16:30:00+0200,4748.186,MW,DE,DE_LU,actual_offshore_wind_generation,Wind Offshore,2026-08-26T15:33:13Z
2026-08-26T15:27:09Z,2026-08-26T17:27:09+0200,ec44fe02-3364-422b-92bd-0daf191e06d6,2026-08-06T14:45:00Z,2026-08-06T16:45:00+0200,5089.014,MW,DE,DE_LU,actual_offshore_wind_generation,Wind Offshore,2026-08-26T15:33:13Z
2026-08-26T15:27:09Z,2026-08-26T17:27:09+0200,ec44fe02-3364-422b-92bd-0daf191e06d6,2026-08-06T15:00:00Z,2026-08-06T17:00:00+0200,5328.518,MW,DE,DE_LU,actual_offshore_wind_generation,Wind Offshore,2026-08-26T15:33:13Z
2026-08-26T15:27:09Z,2026-08-26T17:27:09+0200,ec44fe02-3364-422b-92bd-0daf191e06d6,2026-08-06T15:15:00Z,2026-08-06T17:15:00+0200,5025.679,MW,DE,DE_LU,actual_offshore_wind_generation,Wind Offshore,2026-08-26T15:33:13Z
2026-08-26T15:27:09Z,2026-08-26T17:27:09+0200,ec44fe02-3364-422b-92bd-0daf191e06d6,2026-08-06T15:30:00Z,2026-08-06T17:30:00+0200,4529.482,MW,DE,DE_LU,actual_offshore_wind_generation,Wind Offshore,2026-08-26T15:33:13Z
2026-08-26T15:27:09Z,2026-08-26T17:27:09+0200,ec44fe02-3364-422b-92bd-0daf191e06d6,2026-08-06T15:45:00Z,2026-08-06T17:45:00+0200,4419.48,MW,DE,DE_LU,actual_offshore_wind_generation,Wind Offshore,2026-08-26T15:33:13Z
2026-08-26T15:27:09Z,2026-08-26T17:27:09+0200,ec44fe02-3364-422b-92bd-0daf191e06d6,2026-08-06T16:00:00Z,2026-08-06T18:00:00+0200,5848.567,MW,DE,DE_LU,actual_offshore_wind_generation,Wind Offshore,2026-08-26T15:33:13Z
2026-08-26T15:27:09Z,2026-08-26T17:27:09+0200,ec44fe02-3364-422b-92bd-0daf191e06d6,2026-08-06T16:15:00Z,2026-08-06T18:15:00+0200,5756.281,MW,DE,DE_LU,actual_offshore_wind_generation,Wind Offshore,2026-08-26T15:33:13Z
2026-08-26T15:27:09Z,2026-08-26T17:27:09+0200,ec44fe02-3364-422b-92bd-0daf191e06d6,2026-08-06T16:30:00Z,2026-08-06T18:30:00+0200,5627.417,MW,DE,DE_LU,actual_offshore_wind_generation,Wind Offshore,2026-08-26T15:33:13Z
2026-08-26T15:27:09Z,2026-08-26T17:27:09+0200,ec44fe02-3364-422b-92bd-0daf191e06d6,2026-08-06T16:45:00Z,2026-08-06T18:45:00+0200,5314.855,MW,DE,DE_LU,actual_offshore_wind_generation,Wind Offshore,2026-08-26T15:33:13Z
2026-08-26T15:27:09Z,2026-08-26T17:27:09+0200,ec44fe02-3364-422b-92bd-0daf191e06d6,2026-08-06T17:00:00Z,2026-08-06T19:00:00+0200,5364.884,MW,DE,DE_LU,actual_offshore_wind_generation,Wind Offshore,2026-08-26T15:33:13Z
2026-08-26T15:27:09Z,2026-08-26T17:27:09+0200,ec44fe02-3364-422b-92bd-0daf191e06d6,2026-08-06T17:15:00Z,2026-08-06T19:15:00+0200,5595.782,MW,DE,DE_LU,actual_offshore_wind_generation,Wind Offshore,2026-08-26T15:33:13Z
2026-08-26T15:27:09Z,2026-08-26T17:27:09+0200,ec44fe02-3364-422b-92bd-0daf191e06d6,2026-08-06T17:30:00Z,2026-08-06T19:30:00+0200,5776.438,MW,DE,DE_LU,actual_offshore_wind_generation,Wind Offshore,2026-08-26T15:33:13Z
2026-08-26T15:27:09Z,2026-08-26T17:27:09+0200,ec44fe02-3364-422b-92bd-0daf191e06d6,2026-08-06T17:45:00Z,2026-08-06T19:45:00+0200,5791.748,MW,DE,DE_LU,actual_offshore_wind_generation,Wind Offshore,2026-08-26T15:33:13Z
2026-08-26T15:27:09Z,2026-08-26T17:27:09+0200,ec44fe02-3364-422b-92bd-0daf191e06d6,2026-08-06T18:00:00Z,2026-08-06T20:00:00+0200,5661.727,MW,DE,DE_LU,actual_offshore_wind_generation,Wind Offshore,2026-08-26T15:33:13Z
2026-08-26T15:27:09Z,2026-08-26T17:27:09+0200,ec44fe02-3364-422b-92bd-0daf191e06d6,2026-08-06T18:15:00Z,2026-08-06T20:15:00+0200,5708.798,MW,DE,DE_LU,actual_offshore_wind_generation,Wind Offshore,2026-08-26T15:33:13Z
2026-08-26T15:27:09Z,2026-08-26T17:27:09+0200,ec44fe02-3364-422b-92bd-0daf191e06d6,2026-08-06T18:30:00Z,2026-08-06T20:30:00+0200,5734.291,MW,DE,DE_LU,actual_offshore_wind_generation,Wind Offshore,2026-08-26T15:33:13Z
2026-08-26T15:27:09Z,2026-08-26T17:27:09+0200,ec44fe02-3364-422b-92bd-0daf191e06d6,2026-08-06T18:45:00Z,2026-08-06T20:45:00+0200,5809.115,MW,DE,DE_LU,actual_offshore_wind_generation,Wind Offshore,2026-08-26T15:33:13Z
2026-08-26T15:27:09Z,2026-08-26T17:27:09+0200,ec44fe02-3364-422b-92bd-0daf191e06d6,2026-08-06T19:00:00Z,2026-08-06T21:00:00+0200,5513.888,MW,DE,DE_LU,actual_offshore_wind_generation,Wind Offshore,2026-08-26T15:33:13Z
2026-08-26T15:27:09Z,2026-08-26T17:27:09+0200,ec44fe02-3364-422b-92bd-0daf191e06d6,2026-08-06T19:15:00Z,2026-08-06T21:15:00+0200,5665.461,MW,DE,DE_LU,actual_offshore_wind_generation,Wind Offshore,2026-08-26T15:33:13Z
2026-08-26T15:27:09Z,2026-08-26T17:27:09+0200,ec44fe02-3364-422b-92bd-0daf191e06d6,2026-08-06T19:30:00Z,2026-08-06T21:30:00+0200,5634.359,MW,DE,DE_LU,actual_offshore_wind_generation,Wind Offshore,2026-08-26T15:33:13Z
2026-08-26T15:27:09Z,2026-08-26T17:27:09+0200,ec44fe02-3364-422b-92bd-0daf191e06d6,2026-08-06T19:45:00Z,2026-08-06T21:45:00+0200,5614.426,MW,DE,DE_LU,actual_offshore_wind_generation,Wind Offshore,2026-08-26T15:33:13Z
2026-08-26T15:27:09Z,2026-08-26T17:27:09+0200,ec44fe02-3364-422b-92bd-0daf191e06d6,2026-08-06T20:00:00Z,2026-08-06T22:00:00+0200,5547.151,MW,DE,DE_LU,actual_offshore_wind_generation,Wind Offshore,2026-08-26T15:33:13Z
2026-08-26T15:27:09Z,2026-08-26T17:27:09+0200,ec44fe02-3364-422b-92bd-0daf191e06d6,2026-08-06T20:15:00Z,2026-08-06T22:15:00+0200,5531.959,MW,DE,DE_LU,actual_offshore_wind_generation,Wind Offshore,2026-08-26T15:33:13Z
2026-08-26T15:27:09Z,2026-08-26T17:27:09+0200,ec44fe02-3364-422b-92bd-0daf191e06d6,2026-08-06T20:30:00Z,2026-08-06T22:30:00+0200,5376.142,MW,DE,DE_LU,actual_offshore_wind_generation,Wind Offshore,2026-08-26T15:33:13Z
2026-08-26T15:27:09Z,2026-08-26T17:27:09+0200,ec44fe02-3364-422b-92bd-0daf191e06d6,2026-08-06T20:45:00Z,2026-08-06T22:45:00+0200,5406.322,MW,DE,DE_LU,actual_offshore_wind_generation,Wind Offshore,2026-08-26T15:33:13Z
2026-08-26T15:27:09Z,2026-08-26T17:27:09+0200,ec44fe02-3364-422b-92bd-0daf191e06d6,2026-08-06T21:00:00Z,2026-08-06T23:00:00+0200,5311.614,MW,DE,DE_LU,actual_offshore_wind_generation,Wind Offshore,2026-08-26T15:33:13Z
2026-08-26T15:27:09Z,2026-08-26T17:27:09+0200,ec44fe02-3364-422b-92bd-0daf191e06d6,2026-08-06T21:15:00Z,2026-08-06T23:15:00+0200,5150.157,MW,DE,DE_LU,actual_offshore_wind_generation,Wind Offshore,2026-08-26T15:33:13Z
2026-08-26T15:27:09Z,2026-08-26T17:27:09+0200,ec44fe02-3364-422b-92bd-0daf191e06d6,2026-08-06T21:30:00Z,2026-08-06T23:30:00+0200,4992.264,MW,DE,DE_LU,actual_offshore_wind_generation,Wind Offshore,2026-08-26T15:33:13Z
2026-08-26T15:27:09Z,2026-08-26T17:27:09+0200,ec44fe02-3364-422b-92bd-0daf191e06d6,2026-08-06T21:45:00Z,2026-08-06T23:45:00+0200,4949.61,MW,DE,DE_LU,actual_offshore_wind_generation,Wind Offshore,2026-08-26T15:33:13Z
2026-08-26T15:27:09Z,2026-08-26T17:27:09+0200,ec44fe02-3364-422b-92bd-0daf191e06d6,2026-08-06T22:00:00Z,2026-08-07T00:00:00+0200,4795.327,MW,DE,DE_LU,actual_offshore_wind_generation,Wind Offshore,2026-08-26T15:33:13Z
2026-08-26T15:27:09Z,2026-08-26T17:27:09+0200,ec44fe02-3364-422b-92bd-0daf191e06d6,2026-08-06T22:15:00Z,2026-08-07T00:15:00+0200,4582.96,MW,DE,DE_LU,actual_offshore_wind_generation,Wind Offshore,2026-08-26T15:33:13Z
2026-08-26T15:27:09Z,2026-08-26T17:27:09+0200,ec44fe02-3364-422b-92bd-0daf191e06d6,2026-08-06T22:30:00Z,2026-08-07T00:30:00+0200,4690.327,MW,DE,DE_LU,actual_offshore_wind_generation,Wind Offshore,2026-08-26T15:33:13Z
2026-08-26T15:27:09Z,2026-08-26T17:27:09+0200,ec44fe02-3364-422b-92bd-0daf191e06d6,2026-08-06T22:45:00Z,2026-08-07T00:45:00+0200,4552.559,MW,DE,DE_LU,actual_offshore_wind_generation,Wind Offshore,2026-08-26T15:33:13Z
2026-08-26T15:27:09Z,2026-08-26T17:27:09+0200,ec44fe02-3364-422b-92bd-0daf191e06d6,2026-08-06T23:00:00Z,2026-08-07T01:00:00+0200,4638.554,MW,DE,DE_LU,actual_offshore_wind_generation,Wind Offshore,2026-08-26T15:33:13Z
2026-08-26T15:27:09Z,2026-08-26T17:27:09+0200,ec44fe02-3364-422b-92bd-0daf191e06d6,2026-08-06T23:15:00Z,2026-08-07T01:15:00+0200,4766.793,MW,DE,DE_LU,actual_offshore_wind_generation,Wind Offshore,2026-08-26T15:33:13Z
2026-08-26T15:27:09Z,2026-08-26T17:27:09+0200,ec44fe02-3364-422b-92bd-0daf191e06d6,2026-08-06T23:30:00Z,2026-08-07T01:30:00+0200,4714.85,MW,DE,DE_LU,actual_offshore_wind_generation,Wind Offshore,2026-08-26T15:33:13Z
2026-08-26T15:27:09Z,2026-08-26T17:27:09+0200,ec44fe02-3364-422b-92bd-0daf191e06d6,2026-08-06T23:45:00Z,2026-08-07T01:45:00+0200,4732.21,MW,DE,DE_LU,actual_offshore_wind_generation,Wind Offshore,2026-08-26T15:33:13Z
2026-08-26T15:27:09Z,2026-08-26T17:27:09+0200,ec44fe02-3364-422b-92bd-0daf191e06d6,2026-08-07T00:00:00Z,2026-08-07T02:00:00+0200,4692.918,MW,DE,DE_LU,actual_offshore_wind_generation,Wind Offshore,2026-08-26T15:33:13Z
2026-08-26T15:27:09Z,2026-08-26T17:27:09+0200,ec44fe02-3364-422b-92bd-0daf191e06d6,2026-08-07T00:15:00Z,2026-08-07T02:15:00+0200,4441.796,MW,DE,DE_LU,actual_offshore_wind_generation,Wind Offshore,2026-08-26T15:33:13Z
2026-08-26T15:27:09Z,2026-08-26T17:27:09+0200,ec44fe02-3364-422b-92bd-0daf191e06d6,2026-08-07T00:30:00Z,2026-08-07T02:30:00+0200,4285.574,MW,DE,DE_LU,actual_offshore_wind_generation,Wind Offshore,2026-08-26T15:33:13Z
2026-08-26T15:27:09Z,2026-08-26T17:27:09+0200,ec44fe02-3364-422b-92bd-0daf191e06d6,2026-08-07T00:45:00Z,2026-08-07T02:45:00+0200,4298.188,MW,DE,DE_LU,actual_offshore_wind_generation,Wind Offshore,2026-08-26T15:33:13Z
2026-08-26T15:27:09Z,2026-08-26T17:27:09+0200,ec44fe02-3364-422b-92bd-0daf191e06d6,2026-08-07T01:00:00Z,2026-08-07T03:00:00+0200,4404.055,MW,DE,DE_LU,actual_offshore_wind_generation,Wind Offshore,2026-08-26T15:33:13Z
2026-08-26T15:27:09Z,2026-08-26T17:27:09+0200,ec44fe02-3364-422b-92bd-0daf191e06d6,2026-08-07T01:15:00Z,2026-08-07T03:15:00+0200,4424.613,MW,DE,DE_LU,actual_offshore_wind_generation,Wind Offshore,2026-08-26T15:33:13Z
2026-08-26T15:27:09Z,2026-08-26T17:27:09+0200,ec44fe02-3364-422b-92bd-0daf191e06d6,2026-08-07T01:30:00Z,2026-08-07T03:30:00+0200,4365.451,MW,DE,DE_LU,actual_offshore_wind_generation,Wind Offshore,2026-08-26T15:33:13Z
2026-08-26T15:27:09Z,2026-08-26T17:27:09+0200,ec44fe02-3364-422b-92bd-0daf191e06d6,2026-08-07T01:45:00Z,2026-08-07T03:45:00+0200,4379.835,MW,DE,DE_LU,actual_offshore_wind_generation,Wind Offshore,2026-08-26T15:33:13Z
2026-08-26T15:27:09Z,2026-08-26T17:27:09+0200,ec44fe02-3364-422b-92bd-0daf191e06d6,2026-08-07T02:00:00Z,2026-08-07T04:00:00+0200,4389.354,MW,DE,DE_LU,actual_offshore_wind_generation,Wind Offshore,2026-08-26T15:33:13Z
2026-08-26T15:27:09Z,2026-08-26T17:27:09+0200,ec44fe02-3364-422b-92bd-0daf191e06d6,2026-08-07T02:15:00Z,2026-08-07T04:15:00+0200,4262.635,MW,DE,DE_LU,actual_offshore_wind_generation,Wind Offshore,2026-08-26T15:33:13Z
2026-08-26T15:27:09Z,2026-08-26T17:27:09+0200,ec44fe02-3364-422b-92bd-0daf191e06d6,2026-08-07T02:30:00Z,2026-08-07T04:30:00+0200,4102.018,MW,DE,DE_LU,actual_offshore_wind_generation,Wind Offshore,2026-08-26T15:33:13Z
2026-08-26T15:27:09Z,2026-08-26T17:27:09+0200,ec44fe02-3364-422b-92bd-0daf191e06d6,2026-08-07T02:45:00Z,2026-08-07T04:45:00+0200,3970.903,MW,DE,DE_LU,actual_offshore_wind_generation,Wind Offshore,2026-08-26T15:33:13Z
2026-08-26T15:27:09Z,2026-08-26T17:27:09+0200,ec44fe02-3364-422b-92bd-0daf191e06d6,2026-08-07T03:00:00Z,2026-08-07T05:00:00+0200,4024.766,MW,DE,DE_LU,actual_offshore_wind_generation,Wind Offshore,2026-08-26T15:33:13Z
2026-08-26T15:27:09Z,2026-08-26T17:27:09+0200,ec44fe02-3364-422b-92bd-0daf191e06d6,2026-08-07T03:15:00Z,2026-08-07T05:15:00+0200,4084.858,MW,DE,DE_LU,actual_offshore_wind_generation,Wind Offshore,2026-08-26T15:33:13Z
2026-08-26T15:27:09Z,2026-08-26T17:27:09+0200,ec44fe02-3364-422b-92bd-0daf191e06d6,2026-08-07T03:30:00Z,2026-08-07T05:30:00+0200,4043.0,MW,DE,DE_LU,actual_offshore_wind_generation,Wind Offshore,2026-08-26T15:33:13Z
2026-08-26T15:27:09Z,2026-08-26T17:27:09+0200,ec44fe02-3364-422b-92bd-0daf191e06d6,2026-08-07T03:45:00Z,2026-08-07T05:45:00+0200,4011.111,MW,DE,DE_LU,actual_offshore_wind_generation,Wind Offshore,2026-08-26T15:33:13Z
2026-08-26T15:27:09Z,2026-08-26T17:27:09+0200,ec44fe02-3364-422b-92bd-0daf191e06d6,2026-08-07T04:00:00Z,2026-08-07T06:00:00+0200,4061.689,MW,DE,DE_LU,actual_offshore_wind_generation,Wind Offshore,2026-08-26T15:33:13Z
2026-08-26T15:27:09Z,2026-08-26T17:27:09+0200,ec44fe02-3364-422b-92bd-0daf191e06d6,2026-08-07T04:15:00Z,2026-08-07T06:15:00+0200,4144.222,MW,DE,DE_LU,actual_offshore_wind_generation,Wind Offshore,2026-08-26T15:33:13Z
2026-08-26T15:27:09Z,2026-08-26T17:27:09+0200,ec44fe02-3364-422b-92bd-0daf191e06d6,2026-08-07T04:30:00Z,2026-08-07T06:30:00+0200,4170.478,MW,DE,DE_LU,actual_offshore_wind_generation,Wind Offshore,2026-08-26T15:33:13Z
2026-08-26T15:27:09Z,2026-08-26T17:27:09+0200,ec44fe02-3364-422b-92bd-0daf191e06d6,2026-08-07T04:45:00Z,2026-08-07T06:45:00+0200,4255.342,MW,DE,DE_LU,actual_offshore_wind_generation,Wind Offshore,2026-08-26T15:33:13Z
2026-08-26T15:27:09Z,2026-08-26T17:27:09+0200,ec44fe02-3364-422b-92bd-0daf191e06d6,2026-08-07T05:00:00Z,2026-08-07T07:00:00+0200,4178.579,MW,DE,DE_LU,actual_offshore_wind_generation,Wind Offshore,2026-08-26T15:33:13Z
2026-08-26T15:27:09Z,2026-08-26T17:27:09+0200,ec44fe02-3364-422b-92bd-0daf191e06d6,2026-08-07T05:15:00Z,2026-08-07T07:15:00+0200,3939.356,MW,DE,DE_LU,actual_offshore_wind_generation,Wind Offshore,2026-08-26T15:33:13Z
2026-08-26T15:27:09Z,2026-08-26T17:27:09+0200,ec44fe02-3364-422b-92bd-0daf191e06d6,2026-08-07T05:30:00Z,2026-08-07T07:30:00+0200,3515.588,MW,DE,DE_LU,actual_offshore_wind_generation,Wind Offshore,2026-08-26T15:33:13Z
2026-08-26T15:27:09Z,2026-08-26T17:27:09+0200,ec44fe02-3364-422b-92bd-0daf191e06d6,2026-08-07T05:45:00Z,2026-08-07T07:45:00+0200,3190.217,MW,DE,DE_LU,actual_offshore_wind_generation,Wind Offshore,2026-08-26T15:33:13Z
2026-08-26T15:27:09Z,2026-08-26T17:27:09+0200,ec44fe02-3364-422b-92bd-0daf191e06d6,2026-08-07T06:00:00Z,2026-08-07T08:00:00+0200,3002.089,MW,DE,DE_LU,actual_offshore_wind_generation,Wind Offshore,2026-08-26T15:33:13Z
2026-08-26T15:27:09Z,2026-08-26T17:27:09+0200,ec44fe02-3364-422b-92bd-0daf191e06d6,2026-08-07T06:15:00Z,2026-08-07T08:15:00+0200,2823.286,MW,DE,DE_LU,actual_offshore_wind_generation,Wind Offshore,2026-08-26T15:33:13Z
2026-08-26T15:27:09Z,2026-08-26T17:27:09+0200,ec44fe02-3364-422b-92bd-0daf191e06d6,2026-08-07T06:30:00Z,2026-08-07T08:30:00+0200,2717.579,MW,DE,DE_LU,actual_offshore_wind_generation,Wind Offshore,2026-08-26T15:33:13Z
2026-08-26T15:27:09Z,2026-08-26T17:27:09+0200,ec44fe02-3364-422b-92bd-0daf191e06d6,2026-08-07T06:45:00Z,2026-08-07T08:45:00+0200,2652.767,MW,DE,DE_LU,actual_offshore_wind_generation,Wind Offshore,2026-08-26T15:33:13Z
2026-08-26T15:27:09Z,2026-08-26T17:27:09+0200,ec44fe02-3364-422b-92bd-0daf191e06d6,2026-08-07T07:00:00Z,2026-08-07T09:00:00+0200,2649.682,MW,DE,DE_LU,actual_offshore_wind_generation,Wind Offshore,2026-08-26T15:33:13Z
2026-08-26T15:27:09Z,2026-08-26T17:27:09+0200,ec44fe02-3364-422b-92bd-0daf191e06d6,2026-08-07T07:15:00Z,2026-08-07T09:15:00+0200,2530.803,MW,DE,DE_LU,actual_offshore_wind_generation,Wind Offshore,2026-08-26T15:33:13Z
2026-08-26T15:27:09Z,2026-08-26T17:27:09+0200,ec44fe02-3364-422b-92bd-0daf191e06d6,2026-08-07T07:30:00Z,2026-08-07T09:30:00+0200,2431.828,MW,DE,DE_LU,actual_offshore_wind_generation,Wind Offshore,2026-08-26T15:33:13Z
2026-08-26T15:27:09Z,2026-08-26T17:27:09+0200,ec44fe02-3364-422b-92bd-0daf191e06d6,2026-08-07T07:45:00Z,2026-08-07T09:45:00+0200,2283.905,MW,DE,DE_LU,actual_offshore_wind_generation,Wind Offshore,2026-08-26T15:33:13Z
2026-08-26T15:27:09Z,2026-08-26T17:27:09+0200,ec44fe02-3364-422b-92bd-0daf191e06d6,2026-08-07T08:00:00Z,2026-08-07T10:00:00+0200,2401.65,MW,DE,DE_LU,actual_offshore_wind_generation,Wind Offshore,2026-08-26T15:33:13Z
2026-08-26T15:27:09Z,2026-08-26T17:27:09+0200,ec44fe02-3364-422b-92bd-0daf191e06d6,2026-08-07T08:15:00Z,2026-08-07T10:15:00+0200,2337.133,MW,DE,DE_LU,actual_offshore_wind_generation,Wind Offshore,2026-08-26T15:33:13Z
2026-08-26T15:27:09Z,2026-08-26T17:27:09+0200,ec44fe02-3364-422b-92bd-0daf191e06d6,2026-08-07T08:30:00Z,2026-08-07T10:30:00+0200,2165.396,MW,DE,DE_LU,actual_offshore_wind_generation,Wind Offshore,2026-08-26T15:33:13Z
2026-08-26T15:27:09Z,2026-08-26T17:27:09+0200,ec44fe02-3364-422b-92bd-0daf191e06d6,2026-08-07T08:45:00Z,2026-08-07T10:45:00+0200,2065.666,MW,DE,DE_LU,actual_offshore_wind_generation,Wind Offshore,2026-08-26T15:33:13Z
2026-08-26T15:27:09Z,2026-08-26T17:27:09+0200,ec44fe02-3364-422b-92bd-0daf191e06d6,2026-08-07T09:00:00Z,2026-08-07T11:00:00+0200,2117.006,MW,DE,DE_LU,actual_offshore_wind_generation,Wind Offshore,2026-08-26T15:33:13Z
2026-08-26T15:27:09Z,2026-08-26T17:27:09+0200,ec44fe02-3364-422b-92bd-0daf191e06d6,2026-08-07T09:15:00Z,2026-08-07T11:15:00+0200,1946.435,MW,DE,DE_LU,actual_offshore_wind_generation,Wind Offshore,2026-08-26T15:33:13Z
2026-08-26T15:27:09Z,2026-08-26T17:27:09+0200,ec44fe02-3364-422b-92bd-0daf191e06d6,2026-08-07T09:30:00Z,2026-08-07T11:30:00+0200,1909.652,MW,DE,DE_LU,actual_offshore_wind_generation,Wind Offshore,2026-08-26T15:33:13Z
2026-08-26T15:27:09Z,2026-08-26T17:27:09+0200,ec44fe02-3364-422b-92bd-0daf191e06d6,2026-08-07T09:45:00Z,2026-08-07T11:45:00+0200,1897.676,MW,DE,DE_LU,actual_offshore_wind_generation,Wind Offshore,2026-08-26T15:33:13Z
2026-08-26T15:27:09Z,2026-08-26T17:27:09+0200,ec44fe02-3364-422b-92bd-0daf191e06d6,2026-08-07T10:00:00Z,2026-08-07T12:00:00+0200,1818.236,MW,DE,DE_LU,actual_offshore_wind_generation,Wind Offshore,2026-08-26T15:33:13Z
2026-08-26T15:27:09Z,2026-08-26T17:27:09+0200,ec44fe02-3364-422b-92bd-0daf191e06d6,2026-08-07T10:15:00Z,2026-08-07T12:15:00+0200,1686.328,MW,DE,DE_LU,actual_offshore_wind_generation,Wind Offshore,2026-08-26T15:33:13Z
2026-08-26T15:27:09Z,2026-08-26T17:27:09+0200,ec44fe02-3364-422b-92bd-0daf191e06d6,2026-08-07T10:30:00Z,2026-08-07T12:30:00+0200,1687.049,MW,DE,DE_LU,actual_offshore_wind_generation,Wind Offshore,2026-08-26T15:33:13Z
2026-08-26T15:27:09Z,2026-08-26T17:27:09+0200,ec44fe02-3364-422b-92bd-0daf191e06d6,2026-08-07T10:45:00Z,2026-08-07T12:45:00+0200,1650.283,MW,DE,DE_LU,actual_offshore_wind_generation,Wind Offshore,2026-08-26T15:33:13Z
2026-08-26T15:27:09Z,2026-08-26T17:27:09+0200,ec44fe02-3364-422b-92bd-0daf191e06d6,2026-08-07T11:00:00Z,2026-08-07T13:00:00+0200,1628.993,MW,DE,DE_LU,actual_offshore_wind_generation,Wind Offshore,2026-08-26T15:33:13Z
2026-08-26T15:27:09Z,2026-08-26T17:27:09+0200,ec44fe02-3364-422b-92bd-0daf191e06d6,2026-08-07T11:15:00Z,2026-08-07T13:15:00+0200,1642.655,MW,DE,DE_LU,actual_offshore_wind_generation,Wind Offshore,2026-08-26T15:33:13Z
2026-08-26T15:27:09Z,2026-08-26T17:27:09+0200,ec44fe02-3364-422b-92bd-0daf191e06d6,2026-08-07T11:30:00Z,2026-08-07T13:30:00+0200,1699.553,MW,DE,DE_LU,actual_offshore_wind_generation,Wind Offshore,2026-08-26T15:33:13Z
2026-08-26T15:27:09Z,2026-08-26T17:27:09+0200,ec44fe02-3364-422b-92bd-0daf191e06d6,2026-08-07T11:45:00Z,2026-08-07T13:45:00+0200,1783.609,MW,DE,DE_LU,actual_offshore_wind_generation,Wind Offshore,2026-08-26T15:33:13Z
2026-08-26T15:27:09Z,2026-08-26T17:27:09+0200,ec44fe02-3364-422b-92bd-0daf191e06d6,2026-08-07T12:00:00Z,2026-08-07T14:00:00+0200,1725.369,MW,DE,DE_LU,actual_offshore_wind_generation,Wind Offshore,2026-08-26T15:33:13Z
2026-08-26T15:27:09Z,2026-08-26T17:27:09+0200,ec44fe02-3364-422b-92bd-0daf191e06d6,2026-08-07T12:15:00Z,2026-08-07T14:15:00+0200,1734.555,MW,DE,DE_LU,actual_offshore_wind_generation,Wind Offshore,2026-08-26T15:33:13Z
2026-08-26T15:27:09Z,2026-08-26T17:27:09+0200,ec44fe02-3364-422b-92bd-0daf191e06d6,2026-08-07T12:30:00Z,2026-08-07T14:30:00+0200,1666.096,MW,DE,DE_LU,actual_offshore_wind_generation,Wind Offshore,2026-08-26T15:33:13Z
2026-08-26T15:27:09Z,2026-08-26T17:27:09+0200,ec44fe02-3364-422b-92bd-0daf191e06d6,2026-08-07T12:45:00Z,2026-08-07T14:45:00+0200,1722.538,MW,DE,DE_LU,actual_offshore_wind_generation,Wind Offshore,2026-08-26T15:33:13Z
2026-08-26T15:27:09Z,2026-08-26T17:27:09+0200,ec44fe02-3364-422b-92bd-0daf191e06d6,2026-08-07T13:00:00Z,2026-08-07T15:00:00+0200,1649.135,MW,DE,DE_LU,actual_offshore_wind_generation,Wind Offshore,2026-08-26T15:33:13Z
2026-08-26T15:27:09Z,2026-08-26T17:27:09+0200,ec44fe02-3364-422b-92bd-0daf191e06d6,2026-08-07T13:15:00Z,2026-08-07T15:15:00+0200,1524.933,MW,DE,DE_LU,actual_offshore_wind_generation,Wind Offshore,2026-08-26T15:33:13Z
2026-08-26T15:27:09Z,2026-08-26T17:27:09+0200,ec44fe02-3364-422b-92bd-0daf191e06d6,2026-08-07T13:30:00Z,2026-08-07T15:30:00+0200,1464.652,MW,DE,DE_LU,actual_offshore_wind_generation,Wind Offshore,2026-08-26T15:33:13Z
2026-08-26T15:27:09Z,2026-08-26T17:27:09+0200,ec44fe02-3364-422b-92bd-0daf191e06d6,2026-08-07T13:45:00Z,2026-08-07T15:45:00+0200,1410.588,MW,DE,DE_LU,actual_offshore_wind_generation,Wind Offshore,2026-08-26T15:33:13Z
2026-08-26T15:27:09Z,2026-08-26T17:27:09+0200,ec44fe02-3364-422b-92bd-0daf191e06d6,2026-08-07T14:00:00Z,2026-08-07T16:00:00+0200,1446.654,MW,DE,DE_LU,actual_offshore_wind_generation,Wind Offshore,2026-08-26T15:33:13Z
2026-08-26T15:27:09Z,2026-08-26T17:27:09+0200,ec44fe02-3364-422b-92bd-0daf191e06d6,2026-08-07T14:15:00Z,2026-08-07T16:15:00+0200,1374.166,MW,DE,DE_LU,actual_offshore_wind_generation,Wind Offshore,2026-08-26T15:33:13Z
2026-08-26T15:27:09Z,2026-08-26T17:27:09+0200,ec44fe02-3364-422b-92bd-0daf191e06d6,2026-08-07T14:30:00Z,2026-08-07T16:30:00+0200,1442.447,MW,DE,DE_LU,actual_offshore_wind_generation,Wind Offshore,2026-08-26T15:33:13Z
2026-08-26T15:27:09Z,2026-08-26T17:27:09+0200,ec44fe02-3364-422b-92bd-0daf191e06d6,2026-08-07T14:45:00Z,2026-08-07T16:45:00+0200,1478.69,MW,DE,DE_LU,actual_offshore_wind_generation,Wind Offshore,2026-08-26T15:33:13Z
2026-08-26T15:27:09Z,2026-08-26T17:27:09+0200,ec44fe02-3364-422b-92bd-0daf191e06d6,2026-08-07T15:00:00Z,2026-08-07T17:00:00+0200,1497.582,MW,DE,DE_LU,actual_offshore_wind_generation,Wind Offshore,2026-08-26T15:33:13Z
2026-08-26T15:27:09Z,2026-08-26T17:27:09+0200,ec44fe02-3364-422b-92bd-0daf191e06d6,2026-08-07T15:15:00Z,2026-08-07T17:15:00+0200,1464.194,MW,DE,DE_LU,actual_offshore_wind_generation,Wind Offshore,2026-08-26T15:33:13Z
2026-08-26T15:27:09Z,2026-08-26T17:27:09+0200,ec44fe02-3364-422b-92bd-0daf191e06d6,2026-08-07T15:30:00Z,2026-08-07T17:30:00+0200,1376.745,MW,DE,DE_LU,actual_offshore_wind_generation,Wind Offshore,2026-08-26T15:33:13Z
2026-08-26T15:27:09Z,2026-08-26T17:27:09+0200,ec44fe02-3364-422b-92bd-0daf191e06d6,2026-08-07T15:45:00Z,2026-08-07T17:45:00+0200,1283.451,MW,DE,DE_LU,actual_offshore_wind_generation,Wind Offshore,2026-08-26T15:33:13Z
2026-08-26T15:27:09Z,2026-08-26T17:27:09+0200,ec44fe02-3364-422b-92bd-0daf191e06d6,2026-08-07T16:00:00Z,2026-08-07T18:00:00+0200,1198.31,MW,DE,DE_LU,actual_offshore_wind_generation,Wind Offshore,2026-08-26T15:33:13Z
2026-08-26T15:27:09Z,2026-08-26T17:27:09+0200,ec44fe02-3364-422b-92bd-0daf191e06d6,2026-08-07T16:15:00Z,2026-08-07T18:15:00+0200,1195.287,MW,DE,DE_LU,actual_offshore_wind_generation,Wind Offshore,2026-08-26T15:33:13Z
2026-08-26T15:27:09Z,2026-08-26T17:27:09+0200,ec44fe02-3364-422b-92bd-0daf191e06d6,2026-08-07T16:30:00Z,2026-08-07T18:30:00+0200,1269.864,MW,DE,DE_LU,actual_offshore_wind_generation,Wind Offshore,2026-08-26T15:33:13Z
2026-08-26T15:27:09Z,2026-08-26T17:27:09+0200,ec44fe02-3364-422b-92bd-0daf191e06d6,2026-08-07T16:45:00Z,2026-08-07T18:45:00+0200,1387.893,MW,DE,DE_LU,actual_offshore_wind_generation,Wind Offshore,2026-08-26T15:33:13Z
2026-08-26T15:27:09Z,2026-08-26T17:27:09+0200,ec44fe02-3364-422b-92bd-0daf191e06d6,2026-08-07T17:00:00Z,2026-08-07T19:00:00+0200,1430.702,MW,DE,DE_LU,actual_offshore_wind_generation,Wind Offshore,2026-08-26T15:33:13Z
2026-08-26T15:27:09Z,2026-08-26T17:27:09+0200,ec44fe02-3364-422b-92bd-0daf191e06d6,2026-08-07T17:15:00Z,2026-08-07T19:15:00+0200,1422.702,MW,DE,DE_LU,actual_offshore_wind_generation,Wind Offshore,2026-08-26T15:33:13Z
2026-08-26T15:27:09Z,2026-08-26T17:27:09+0200,ec44fe02-3364-422b-92bd-0daf191e06d6,2026-08-07T17:30:00Z,2026-08-07T19:30:00+0200,1333.702,MW,DE,DE_LU,actual_offshore_wind_generation,Wind Offshore,2026-08-26T15:33:13Z
2026-08-26T15:27:09Z,2026-08-26T17:27:09+0200,ec44fe02-3364-422b-92bd-0daf191e06d6,2026-08-07T17:45:00Z,2026-08-07T19:45:00+0200,1268.703,MW,DE,DE_LU,actual_offshore_wind_generation,Wind Offshore,2026-08-26T15:33:13Z
2026-08-26T15:27:09Z,2026-08-26T17:27:09+0200,ec44fe02-3364-422b-92bd-0daf191e06d6,2026-08-07T18:00:00Z,2026-08-07T20:00:00+0200,1195.206,MW,DE,DE_LU,actual_offshore_wind_generation,Wind Offshore,2026-08-26T15:33:13Z
2026-08-26T15:27:09Z,2026-08-26T17:27:09+0200,ec44fe02-3364-422b-92bd-0daf191e06d6,2026-08-07T18:15:00Z,2026-08-07T20:15:00+0200,1148.577,MW,DE,DE_LU,actual_offshore_wind_generation,Wind Offshore,2026-08-26T15:33:13Z
2026-08-26T15:27:09Z,2026-08-26T17:27:09+0200,ec44fe02-3364-422b-92bd-0daf191e06d6,2026-08-07T18:30:00Z,2026-08-07T20:30:00+0200,1056.878,MW,DE,DE_LU,actual_offshore_wind_generation,Wind Offshore,2026-08-26T15:33:13Z
2026-08-26T15:27:09Z,2026-08-26T17:27:09+0200,ec44fe02-3364-422b-92bd-0daf191e06d6,2026-08-07T18:45:00Z,2026-08-07T20:45:00+0200,958.201,MW,DE,DE_LU,actual_offshore_wind_generation,Wind Offshore,2026-08-26T15:33:13Z
2026-08-26T15:27:09Z,2026-08-26T17:27:09+0200,ec44fe02-3364-422b-92bd-0daf191e06d6,2026-08-07T19:00:00Z,2026-08-07T21:00:00+0200,869.122,MW,DE,DE_LU,actual_offshore_wind_generation,Wind Offshore,2026-08-26T15:33:13Z
2026-08-26T15:27:09Z,2026-08-26T17:27:09+0200,ec44fe02-3364-422b-92bd-0daf191e06d6,2026-08-07T19:15:00Z,2026-08-07T21:15:00+0200,760.968,MW,DE,DE_LU,actual_offshore_wind_generation,Wind Offshore,2026-08-26T15:33:13Z
2026-08-26T15:27:09Z,2026-08-26T17:27:09+0200,ec44fe02-3364-422b-92bd-0daf191e06d6,2026-08-07T19:30:00Z,2026-08-07T21:30:00+0200,679.771,MW,DE,DE_LU,actual_offshore_wind_generation,Wind Offshore,2026-08-26T15:33:13Z
2026-08-26T15:27:09Z,2026-08-26T17:27:09+0200,ec44fe02-3364-422b-92bd-0daf191e06d6,2026-08-07T19:45:00Z,2026-08-07T21:45:00+0200,602.704,MW,DE,DE_LU,actual_offshore_wind_generation,Wind Offshore,2026-08-26T15:33:13Z
2026-08-26T15:27:09Z,2026-08-26T17:27:09+0200,ec44fe02-3364-422b-92bd-0daf191e06d6,2026-08-07T20:00:00Z,2026-08-07T22:00:00+0200,572.165,MW,DE,DE_LU,actual_offshore_wind_generation,Wind Offshore,2026-08-26T15:33:13Z
2026-08-26T15:27:09Z,2026-08-26T17:27:09+0200,ec44fe02-3364-422b-92bd-0daf191e06d6,2026-08-07T20:15:00Z,2026-08-07T22:15:00+0200,551.982,MW,DE,DE_LU,actual_offshore_wind_generation,Wind Offshore,2026-08-26T15:33:13Z
2026-08-26T15:27:09Z,2026-08-26T17:27:09+0200,ec44fe02-3364-422b-92bd-0daf191e06d6,2026-08-07T20:30:00Z,2026-08-07T22:30:00+0200,542.189,MW,DE,DE_LU,actual_offshore_wind_generation,Wind Offshore,2026-08-26T15:33:13Z
2026-08-26T15:27:09Z,2026-08-26T17:27:09+0200,ec44fe02-3364-422b-92bd-0daf191e06d6,2026-08-07T20:45:00Z,2026-08-07T22:45:00+0200,538.119,MW,DE,DE_LU,actual_offshore_wind_generation,Wind Offshore,2026-08-26T15:33:13Z
2026-08-26T15:27:09Z,2026-08-26T17:27:09+0200,ec44fe02-3364-422b-92bd-0daf191e06d6,2026-08-07T21:00:00Z,2026-08-07T23:00:00+0200,531.524,MW,DE,DE_LU,actual_offshore_wind_generation,Wind Offshore,2026-08-26T15:33:13Z
2026-08-26T15:27:09Z,2026-08-26T17:27:09+0200,ec44fe02-3364-422b-92bd-0daf191e06d6,2026-08-07T21:15:00Z,2026-08-07T23:15:00+0200,549.402,MW,DE,DE_LU,actual_offshore_wind_generation,Wind Offshore,2026-08-26T15:33:13Z
2026-08-26T15:27:09Z,2026-08-26T17:27:09+0200,ec44fe02-3364-422b-92bd-0daf191e06d6,2026-08-07T21:30:00Z,2026-08-07T23:30:00+0200,610.996,MW,DE,DE_LU,actual_offshore_wind_generation,Wind Offshore,2026-08-26T15:33:13Z
2026-08-26T15:27:09Z,2026-08-26T17:27:09+0200,ec44fe02-3364-422b-92bd-0daf191e06d6,2026-08-07T21:45:00Z,2026-08-07T23:45:00+0200,623.52,MW,DE,DE_LU,actual_offshore_wind_generation,Wind Offshore,2026-08-26T15:33:13Z
2026-08-26T15:27:09Z,2026-08-26T17:27:09+0200,ec44fe02-3364-422b-92bd-0daf191e06d6,2026-08-07T22:00:00Z,2026-08-08T00:00:00+0200,615.805,MW,DE,DE_LU,actual_offshore_wind_generation,Wind Offshore,2026-08-26T15:33:13Z
2026-08-26T15:27:09Z,2026-08-26T17:27:09+0200,ec44fe02-3364-422b-92bd-0daf191e06d6,2026-08-07T22:15:00Z,2026-08-08T00:15:00+0200,613.559,MW,DE,DE_LU,actual_offshore_wind_generation,Wind Offshore,2026-08-26T15:33:13Z
2026-08-26T15:27:09Z,2026-08-26T17:27:09+0200,ec44fe02-3364-422b-92bd-0daf191e06d6,2026-08-07T22:30:00Z,2026-08-08T00:30:00+0200,603.205,MW,DE,DE_LU,actual_offshore_wind_generation,Wind Offshore,2026-08-26T15:33:13Z
2026-08-26T15:27:09Z,2026-08-26T17:27:09+0200,ec44fe02-3364-422b-92bd-0daf191e06d6,2026-08-07T22:45:00Z,2026-08-08T00:45:00+0200,595.218,MW,DE,DE_LU,actual_offshore_wind_generation,Wind Offshore,2026-08-26T15:33:13Z
2026-08-26T15:27:09Z,2026-08-26T17:27:09+0200,ec44fe02-3364-422b-92bd-0daf191e06d6,2026-08-07T23:00:00Z,2026-08-08T01:00:00+0200,606.832,MW,DE,DE_LU,actual_offshore_wind_generation,Wind Offshore,2026-08-26T15:33:13Z
2026-08-26T15:27:09Z,2026-08-26T17:27:09+0200,ec44fe02-3364-422b-92bd-0daf191e06d6,2026-08-07T23:15:00Z,2026-08-08T01:15:00+0200,638.487,MW,DE,DE_LU,actual_offshore_wind_generation,Wind Offshore,2026-08-26T15:33:13Z
2026-08-26T15:27:09Z,2026-08-26T17:27:09+0200,ec44fe02-3364-422b-92bd-0daf191e06d6,2026-08-07T23:30:00Z,2026-08-08T01:30:00+0200,694.82,MW,DE,DE_LU,actual_offshore_wind_generation,Wind Offshore,2026-08-26T15:33:13Z
2026-08-26T15:27:09Z,2026-08-26T17:27:09+0200,ec44fe02-3364-422b-92bd-0daf191e06d6,2026-08-07T23:45:00Z,2026-08-08T01:45:00+0200,766.473,MW,DE,DE_LU,actual_offshore_wind_generation,Wind Offshore,2026-08-26T15:33:13Z
2026-08-26T15:27:09Z,2026-08-26T17:27:09+0200,ec44fe02-3364-422b-92bd-0daf191e06d6,2026-08-08T00:00:00Z,2026-08-08T02:00:00+0200,770.158,MW,DE,DE_LU,actual_offshore_wind_generation,Wind Offshore,2026-08-26T15:33:13Z
2026-08-26T15:27:09Z,2026-08-26T17:27:09+0200,ec44fe02-3364-422b-92bd-0daf191e06d6,2026-08-08T00:15:00Z,2026-08-08T02:15:00+0200,766.483,MW,DE,DE_LU,actual_offshore_wind_generation,Wind Offshore,2026-08-26T15:33:13Z
2026-08-26T15:27:09Z,2026-08-26T17:27:09+0200,ec44fe02-3364-422b-92bd-0daf191e06d6,2026-08-08T00:30:00Z,2026-08-08T02:30:00+0200,749.964,MW,DE,DE_LU,actual_offshore_wind_generation,Wind Offshore,2026-08-26T15:33:13Z
2026-08-26T15:27:09Z,2026-08-26T17:27:09+0200,ec44fe02-3364-422b-92bd-0daf191e06d6,2026-08-08T00:45:00Z,2026-08-08T02:45:00+0200,786.363,MW,DE,DE_LU,actual_offshore_wind_generation,Wind Offshore,2026-08-26T15:33:13Z
2026-08-26T15:27:09Z,2026-08-26T17:27:09+0200,ec44fe02-3364-422b-92bd-0daf191e06d6,2026-08-08T01:00:00Z,2026-08-08T03:00:00+0200,760.326,MW,DE,DE_LU,actual_offshore_wind_generation,Wind Offshore,2026-08-26T15:33:13Z
2026-08-26T15:27:09Z,2026-08-26T17:27:09+0200,ec44fe02-3364-422b-92bd-0daf191e06d6,2026-08-08T01:15:00Z,2026-08-08T03:15:00+0200,726.168,MW,DE,DE_LU,actual_offshore_wind_generation,Wind Offshore,2026-08-26T15:33:13Z
2026-08-26T15:27:09Z,2026-08-26T17:27:09+0200,ec44fe02-3364-422b-92bd-0daf191e06d6,2026-08-08T01:30:00Z,2026-08-08T03:30:00+0200,702.816,MW,DE,DE_LU,actual_offshore_wind_generation,Wind Offshore,2026-08-26T15:33:13Z
2026-08-26T15:27:09Z,2026-08-26T17:27:09+0200,ec44fe02-3364-422b-92bd-0daf191e06d6,2026-08-08T01:45:00Z,2026-08-08T03:45:00+0200,700.309,MW,DE,DE_LU,actual_offshore_wind_generation,Wind Offshore,2026-08-26T15:33:13Z
2026-08-26T15:27:09Z,2026-08-26T17:27:09+0200,ec44fe02-3364-422b-92bd-0daf191e06d6,2026-08-08T02:00:00Z,2026-08-08T04:00:00+0200,670.909,MW,DE,DE_LU,actual_offshore_wind_generation,Wind Offshore,2026-08-26T15:33:13Z
2026-08-26T15:27:09Z,2026-08-26T17:27:09+0200,ec44fe02-3364-422b-92bd-0daf191e06d6,2026-08-08T02:15:00Z,2026-08-08T04:15:00+0200,663.552,MW,DE,DE_LU,actual_offshore_wind_generation,Wind Offshore,2026-08-26T15:33:13Z
2026-08-26T15:27:09Z,2026-08-26T17:27:09+0200,ec44fe02-3364-422b-92bd-0daf191e06d6,2026-08-08T02:30:00Z,2026-08-08T04:30:00+0200,714.02,MW,DE,DE_LU,actual_offshore_wind_generation,Wind Offshore,2026-08-26T15:33:13Z
2026-08-26T15:27:09Z,2026-08-26T17:27:09+0200,ec44fe02-3364-422b-92bd-0daf191e06d6,2026-08-08T02:45:00Z,2026-08-08T04:45:00+0200,736.325,MW,DE,DE_LU,actual_offshore_wind_generation,Wind Offshore,2026-08-26T15:33:13Z
2026-08-26T15:27:09Z,2026-08-26T17:27:09+0200,ec44fe02-3364-422b-92bd-0daf191e06d6,2026-08-08T03:00:00Z,2026-08-08T05:00:00+0200,708.933,MW,DE,DE_LU,actual_offshore_wind_generation,Wind Offshore,2026-08-26T15:33:13Z
2026-08-26T15:27:09Z,2026-08-26T17:27:09+0200,ec44fe02-3364-422b-92bd-0daf191e06d6,2026-08-08T03:15:00Z,2026-08-08T05:15:00+0200,674.463,MW,DE,DE_LU,actual_offshore_wind_generation,Wind Offshore,2026-08-26T15:33:13Z
2026-08-26T15:27:09Z,2026-08-26T17:27:09+0200,ec44fe02-3364-422b-92bd-0daf191e06d6,2026-08-08T03:30:00Z,2026-08-08T05:30:00+0200,654.662,MW,DE,DE_LU,actual_offshore_wind_generation,Wind Offshore,2026-08-26T15:33:13Z
2026-08-26T15:27:09Z,2026-08-26T17:27:09+0200,ec44fe02-3364-422b-92bd-0daf191e06d6,2026-08-08T03:45:00Z,2026-08-08T05:45:00+0200,642.835,MW,DE,DE_LU,actual_offshore_wind_generation,Wind Offshore,2026-08-26T15:33:13Z
2026-08-26T15:27:09Z,2026-08-26T17:27:09+0200,ec44fe02-3364-422b-92bd-0daf191e06d6,2026-08-08T04:00:00Z,2026-08-08T06:00:00+0200,593.496,MW,DE,DE_LU,actual_offshore_wind_generation,Wind Offshore,2026-08-26T15:33:13Z
2026-08-26T15:27:09Z,2026-08-26T17:27:09+0200,ec44fe02-3364-422b-92bd-0daf191e06d6,2026-08-08T04:15:00Z,2026-08-08T06:15:00+0200,601.273,MW,DE,DE_LU,actual_offshore_wind_generation,Wind Offshore,2026-08-26T15:33:13Z
2026-08-26T15:27:09Z,2026-08-26T17:27:09+0200,ec44fe02-3364-422b-92bd-0daf191e06d6,2026-08-08T04:30:00Z,2026-08-08T06:30:00+0200,653.242,MW,DE,DE_LU,actual_offshore_wind_generation,Wind Offshore,2026-08-26T15:33:13Z
2026-08-26T15:27:09Z,2026-08-26T17:27:09+0200,ec44fe02-3364-422b-92bd-0daf191e06d6,2026-08-08T04:45:00Z,2026-08-08T06:45:00+0200,617.445,MW,DE,DE_LU,actual_offshore_wind_generation,Wind Offshore,2026-08-26T15:33:13Z
2026-08-26T15:27:09Z,2026-08-26T17:27:09+0200,ec44fe02-3364-422b-92bd-0daf191e06d6,2026-08-08T05:00:00Z,2026-08-08T07:00:00+0200,549.371,MW,DE,DE_LU,actual_offshore_wind_generation,Wind Offshore,2026-08-26T15:33:13Z
2026-08-26T15:27:09Z,2026-08-26T17:27:09+0200,ec44fe02-3364-422b-92bd-0daf191e06d6,2026-08-08T05:15:00Z,2026-08-08T07:15:00+0200,508.765,MW,DE,DE_LU,actual_offshore_wind_generation,Wind Offshore,2026-08-26T15:33:13Z
2026-08-26T15:27:09Z,2026-08-26T17:27:09+0200,ec44fe02-3364-422b-92bd-0daf191e06d6,2026-08-08T05:30:00Z,2026-08-08T07:30:00+0200,485.366,MW,DE,DE_LU,actual_offshore_wind_generation,Wind Offshore,2026-08-26T15:33:13Z
2026-08-26T15:27:09Z,2026-08-26T17:27:09+0200,ec44fe02-3364-422b-92bd-0daf191e06d6,2026-08-08T05:45:00Z,2026-08-08T07:45:00+0200,465.369,MW,DE,DE_LU,actual_offshore_wind_generation,Wind Offshore,2026-08-26T15:33:13Z
2026-08-26T15:27:09Z,2026-08-26T17:27:09+0200,ec44fe02-3364-422b-92bd-0daf191e06d6,2026-08-08T06:00:00Z,2026-08-08T08:00:00+0200,451.634,MW,DE,DE_LU,actual_offshore_wind_generation,Wind Offshore,2026-08-26T15:33:13Z
2026-08-26T15:27:09Z,2026-08-26T17:27:09+0200,ec44fe02-3364-422b-92bd-0daf191e06d6,2026-08-08T06:15:00Z,2026-08-08T08:15:00+0200,485.126,MW,DE,DE_LU,actual_offshore_wind_generation,Wind Offshore,2026-08-26T15:33:13Z
2026-08-26T15:27:09Z,2026-08-26T17:27:09+0200,ec44fe02-3364-422b-92bd-0daf191e06d6,2026-08-08T06:30:00Z,2026-08-08T08:30:00+0200,489.709,MW,DE,DE_LU,actual_offshore_wind_generation,Wind Offshore,2026-08-26T15:33:13Z
2026-08-26T15:27:09Z,2026-08-26T17:27:09+0200,ec44fe02-3364-422b-92bd-0daf191e06d6,2026-08-08T06:45:00Z,2026-08-08T08:45:00+0200,478.252,MW,DE,DE_LU,actual_offshore_wind_generation,Wind Offshore,2026-08-26T15:33:13Z
2026-08-26T15:27:09Z,2026-08-26T17:27:09+0200,ec44fe02-3364-422b-92bd-0daf191e06d6,2026-08-08T07:00:00Z,2026-08-08T09:00:00+0200,461.599,MW,DE,DE_LU,actual_offshore_wind_generation,Wind Offshore,2026-08-26T15:33:13Z
2026-08-26T15:27:09Z,2026-08-26T17:27:09+0200,ec44fe02-3364-422b-92bd-0daf191e06d6,2026-08-08T07:15:00Z,2026-08-08T09:15:00+0200,438.621,MW,DE,DE_LU,actual_offshore_wind_generation,Wind Offshore,2026-08-26T15:33:13Z
2026-08-26T15:27:09Z,2026-08-26T17:27:09+0200,ec44fe02-3364-422b-92bd-0daf191e06d6,2026-08-08T07:30:00Z,2026-08-08T09:30:00+0200,443.497,MW,DE,DE_LU,actual_offshore_wind_generation,Wind Offshore,2026-08-26T15:33:13Z
2026-08-26T15:27:09Z,2026-08-26T17:27:09+0200,ec44fe02-3364-422b-92bd-0daf191e06d6,2026-08-08T07:45:00Z,2026-08-08T09:45:00+0200,471.909,MW,DE,DE_LU,actual_offshore_wind_generation,Wind Offshore,2026-08-26T15:33:13Z
2026-08-26T15:27:09Z,2026-08-26T17:27:09+0200,ec44fe02-3364-422b-92bd-0daf191e06d6,2026-08-08T08:00:00Z,2026-08-08T10:00:00+0200,458.136,MW,DE,DE_LU,actual_offshore_wind_generation,Wind Offshore,2026-08-26T15:33:13Z
2026-08-26T15:27:09Z,2026-08-26T17:27:09+0200,ec44fe02-3364-422b-92bd-0daf191e06d6,2026-08-08T08:15:00Z,2026-08-08T10:15:00+0200,455.641,MW,DE,DE_LU,actual_offshore_wind_generation,Wind Offshore,2026-08-26T15:33:13Z
2026-08-26T15:27:09Z,2026-08-26T17:27:09+0200,ec44fe02-3364-422b-92bd-0daf191e06d6,2026-08-08T08:30:00Z,2026-08-08T10:30:00+0200,470.649,MW,DE,DE_LU,actual_offshore_wind_generation,Wind Offshore,2026-08-26T15:33:13Z
2026-08-26T15:27:09Z,2026-08-26T17:27:09+0200,ec44fe02-3364-422b-92bd-0daf191e06d6,2026-08-08T08:45:00Z,2026-08-08T10:45:00+0200,475.126,MW,DE,DE_LU,actual_offshore_wind_generation,Wind Offshore,2026-08-26T15:33:13Z
2026-08-26T15:27:09Z,2026-08-26T17:27:09+0200,ec44fe02-3364-422b-92bd-0daf191e06d6,2026-08-08T09:00:00Z,2026-08-08T11:00:00+0200,255.545,MW,DE,DE_LU,actual_offshore_wind_generation,Wind Offshore,2026-08-26T15:33:13Z
2026-08-26T15:27:09Z,2026-08-26T17:27:09+0200,ec44fe02-3364-422b-92bd-0daf191e06d6,2026-08-08T09:15:00Z,2026-08-08T11:15:00+0200,216.174,MW,DE,DE_LU,actual_offshore_wind_generation,Wind Offshore,2026-08-26T15:33:13Z
2026-08-26T15:27:09Z,2026-08-26T17:27:09+0200,ec44fe02-3364-422b-92bd-0daf191e06d6,2026-08-08T09:30:00Z,2026-08-08T11:30:00+0200,169.393,MW,DE,DE_LU,actual_offshore_wind_generation,Wind Offshore,2026-08-26T15:33:13Z
2026-08-26T15:27:09Z,2026-08-26T17:27:09+0200,ec44fe02-3364-422b-92bd-0daf191e06d6,2026-08-08T09:45:00Z,2026-08-08T11:45:00+0200,165.797,MW,DE,DE_LU,actual_offshore_wind_generation,Wind Offshore,2026-08-26T15:33:13Z
2026-08-26T15:27:09Z,2026-08-26T17:27:09+0200,ec44fe02-3364-422b-92bd-0daf191e06d6,2026-08-08T10:00:00Z,2026-08-08T12:00:00+0200,161.904,MW,DE,DE_LU,actual_offshore_wind_generation,Wind Offshore,2026-08-26T15:33:13Z
2026-08-26T15:27:09Z,2026-08-26T17:27:09+0200,ec44fe02-3364-422b-92bd-0daf191e06d6,2026-08-08T10:15:00Z,2026-08-08T12:15:00+0200,145.344,MW,DE,DE_LU,actual_offshore_wind_generation,Wind Offshore,2026-08-26T15:33:13Z
2026-08-26T15:27:09Z,2026-08-26T17:27:09+0200,ec44fe02-3364-422b-92bd-0daf191e06d6,2026-08-08T10:30:00Z,2026-08-08T12:30:00+0200,134.897,MW,DE,DE_LU,actual_offshore_wind_generation,Wind Offshore,2026-08-26T15:33:13Z
2026-08-26T15:27:09Z,2026-08-26T17:27:09+0200,ec44fe02-3364-422b-92bd-0daf191e06d6,2026-08-08T10:45:00Z,2026-08-08T12:45:00+0200,110.261,MW,DE,DE_LU,actual_offshore_wind_generation,Wind Offshore,2026-08-26T15:33:13Z
2026-08-26T15:27:09Z,2026-08-26T17:27:09+0200,ec44fe02-3364-422b-92bd-0daf191e06d6,2026-08-08T11:00:00Z,2026-08-08T13:00:00+0200,112.106,MW,DE,DE_LU,actual_offshore_wind_generation,Wind Offshore,2026-08-26T15:33:13Z
2026-08-26T15:27:09Z,2026-08-26T17:27:09+0200,ec44fe02-3364-422b-92bd-0daf191e06d6,2026-08-08T11:15:00Z,2026-08-08T13:15:00+0200,135.37,MW,DE,DE_LU,actual_offshore_wind_generation,Wind Offshore,2026-08-26T15:33:13Z
2026-08-26T15:27:09Z,2026-08-26T17:27:09+0200,ec44fe02-3364-422b-92bd-0daf191e06d6,2026-08-08T11:30:00Z,2026-08-08T13:30:00+0200,135.024,MW,DE,DE_LU,actual_offshore_wind_generation,Wind Offshore,2026-08-26T15:33:13Z
2026-08-26T15:27:09Z,2026-08-26T17:27:09+0200,ec44fe02-3364-422b-92bd-0daf191e06d6,2026-08-08T11:45:00Z,2026-08-08T13:45:00+0200,144.846,MW,DE,DE_LU,actual_offshore_wind_generation,Wind Offshore,2026-08-26T15:33:13Z
2026-08-26T15:27:09Z,2026-08-26T17:27:09+0200,ec44fe02-3364-422b-92bd-0daf191e06d6,2026-08-08T12:00:00Z,2026-08-08T14:00:00+0200,151.979,MW,DE,DE_LU,actual_offshore_wind_generation,Wind Offshore,2026-08-26T15:33:13Z
2026-08-26T15:27:09Z,2026-08-26T17:27:09+0200,ec44fe02-3364-422b-92bd-0daf191e06d6,2026-08-08T12:15:00Z,2026-08-08T14:15:00+0200,136.718,MW,DE,DE_LU,actual_offshore_wind_generation,Wind Offshore,2026-08-26T15:33:13Z
2026-08-26T15:27:09Z,2026-08-26T17:27:09+0200,ec44fe02-3364-422b-92bd-0daf191e06d6,2026-08-08T12:30:00Z,2026-08-08T14:30:00+0200,134.228,MW,DE,DE_LU,actual_offshore_wind_generation,Wind Offshore,2026-08-26T15:33:13Z
2026-08-26T15:27:09Z,2026-08-26T17:27:09+0200,ec44fe02-3364-422b-92bd-0daf191e06d6,2026-08-08T12:45:00Z,2026-08-08T14:45:00+0200,151.438,MW,DE,DE_LU,actual_offshore_wind_generation,Wind Offshore,2026-08-26T15:33:13Z
2026-08-26T15:27:09Z,2026-08-26T17:27:09+0200,ec44fe02-3364-422b-92bd-0daf191e06d6,2026-08-08T13:00:00Z,2026-08-08T15:00:00+0200,147.498,MW,DE,DE_LU,actual_offshore_wind_generation,Wind Offshore,2026-08-26T15:33:13Z
2026-08-26T15:27:09Z,2026-08-26T17:27:09+0200,ec44fe02-3364-422b-92bd-0daf191e06d6,2026-08-08T13:15:00Z,2026-08-08T15:15:00+0200,164.551,MW,DE,DE_LU,actual_offshore_wind_generation,Wind Offshore,2026-08-26T15:33:13Z
2026-08-26T15:27:09Z,2026-08-26T17:27:09+0200,ec44fe02-3364-422b-92bd-0daf191e06d6,2026-08-08T13:30:00Z,2026-08-08T15:30:00+0200,181.378,MW,DE,DE_LU,actual_offshore_wind_generation,Wind Offshore,2026-08-26T15:33:13Z
2026-08-26T15:27:09Z,2026-08-26T17:27:09+0200,ec44fe02-3364-422b-92bd-0daf191e06d6,2026-08-08T13:45:00Z,2026-08-08T15:45:00+0200,136.924,MW,DE,DE_LU,actual_offshore_wind_generation,Wind Offshore,2026-08-26T15:33:13Z
2026-08-26T15:27:09Z,2026-08-26T17:27:09+0200,ec44fe02-3364-422b-92bd-0daf191e06d6,2026-08-08T14:00:00Z,2026-08-08T16:00:00+0200,193.329,MW,DE,DE_LU,actual_offshore_wind_generation,Wind Offshore,2026-08-26T15:33:13Z
2026-08-26T15:27:09Z,2026-08-26T17:27:09+0200,ec44fe02-3364-422b-92bd-0daf191e06d6,2026-08-08T14:15:00Z,2026-08-08T16:15:00+0200,179.534,MW,DE,DE_LU,actual_offshore_wind_generation,Wind Offshore,2026-08-26T15:33:13Z
2026-08-26T15:27:09Z,2026-08-26T17:27:09+0200,ec44fe02-3364-422b-92bd-0daf191e06d6,2026-08-08T14:30:00Z,2026-08-08T16:30:00+0200,188.946,MW,DE,DE_LU,actual_offshore_wind_generation,Wind Offshore,2026-08-26T15:33:13Z
2026-08-26T15:27:09Z,2026-08-26T17:27:09+0200,ec44fe02-3364-422b-92bd-0daf191e06d6,2026-08-08T14:45:00Z,2026-08-08T16:45:00+0200,183.612,MW,DE,DE_LU,actual_offshore_wind_generation,Wind Offshore,2026-08-26T15:33:13Z
2026-08-26T15:27:09Z,2026-08-26T17:27:09+0200,ec44fe02-3364-422b-92bd-0daf191e06d6,2026-08-08T15:00:00Z,2026-08-08T17:00:00+0200,231.681,MW,DE,DE_LU,actual_offshore_wind_generation,Wind Offshore,2026-08-26T15:33:13Z
2026-08-26T15:27:09Z,2026-08-26T17:27:09+0200,ec44fe02-3364-422b-92bd-0daf191e06d6,2026-08-08T15:15:00Z,2026-08-08T17:15:00+0200,203.73,MW,DE,DE_LU,actual_offshore_wind_generation,Wind Offshore,2026-08-26T15:33:13Z
2026-08-26T15:27:09Z,2026-08-26T17:27:09+0200,ec44fe02-3364-422b-92bd-0daf191e06d6,2026-08-08T15:30:00Z,2026-08-08T17:30:00+0200,171.794,MW,DE,DE_LU,actual_offshore_wind_generation,Wind Offshore,2026-08-26T15:33:13Z
2026-08-26T15:27:09Z,2026-08-26T17:27:09+0200,ec44fe02-3364-422b-92bd-0daf191e06d6,2026-08-08T15:45:00Z,2026-08-08T17:45:00+0200,150.768,MW,DE,DE_LU,actual_offshore_wind_generation,Wind Offshore,2026-08-26T15:33:13Z
2026-08-26T15:27:09Z,2026-08-26T17:27:09+0200,ec44fe02-3364-422b-92bd-0daf191e06d6,2026-08-08T16:00:00Z,2026-08-08T18:00:00+0200,128.741,MW,DE,DE_LU,actual_offshore_wind_generation,Wind Offshore,2026-08-26T15:33:13Z
2026-08-26T15:27:09Z,2026-08-26T17:27:09+0200,ec44fe02-3364-422b-92bd-0daf191e06d6,2026-08-08T16:15:00Z,2026-08-08T18:15:00+0200,112.554,MW,DE,DE_LU,actual_offshore_wind_generation,Wind Offshore,2026-08-26T15:33:13Z
2026-08-26T15:27:09Z,2026-08-26T17:27:09+0200,ec44fe02-3364-422b-92bd-0daf191e06d6,2026-08-08T16:30:00Z,2026-08-08T18:30:00+0200,99.083,MW,DE,DE_LU,actual_offshore_wind_generation,Wind Offshore,2026-08-26T15:33:13Z
2026-08-26T15:27:09Z,2026-08-26T17:27:09+0200,ec44fe02-3364-422b-92bd-0daf191e06d6,2026-08-08T16:45:00Z,2026-08-08T18:45:00+0200,88.751,MW,DE,DE_LU,actual_offshore_wind_generation,Wind Offshore,2026-08-26T15:33:13Z
2026-08-26T15:27:09Z,2026-08-26T17:27:09+0200,ec44fe02-3364-422b-92bd-0daf191e06d6,2026-08-08T17:00:00Z,2026-08-08T19:00:00+0200,77.335,MW,DE,DE_LU,actual_offshore_wind_generation,Wind Offshore,2026-08-26T15:33:13Z
2026-08-26T15:27:09Z,2026-08-26T17:27:09+0200,ec44fe02-3364-422b-92bd-0daf191e06d6,2026-08-08T17:15:00Z,2026-08-08T19:15:00+0200,75.417,MW,DE,DE_LU,actual_offshore_wind_generation,Wind Offshore,2026-08-26T15:33:13Z
2026-08-26T15:27:09Z,2026-08-26T17:27:09+0200,ec44fe02-3364-422b-92bd-0daf191e06d6,2026-08-08T17:30:00Z,2026-08-08T19:30:00+0200,74.492,MW,DE,DE_LU,actual_offshore_wind_generation,Wind Offshore,2026-08-26T15:33:13Z
2026-08-26T15:27:09Z,2026-08-26T17:27:09+0200,ec44fe02-3364-422b-92bd-0daf191e06d6,2026-08-08T17:45:00Z,2026-08-08T19:45:00+0200,95.156,MW,DE,DE_LU,actual_offshore_wind_generation,Wind Offshore,2026-08-26T15:33:13Z
2026-08-26T15:27:09Z,2026-08-26T17:27:09+0200,ec44fe02-3364-422b-92bd-0daf191e06d6,2026-08-08T18:00:00Z,2026-08-08T20:00:00+0200,106.09,MW,DE,DE_LU,actual_offshore_wind_generation,Wind Offshore,2026-08-26T15:33:13Z
2026-08-26T15:27:09Z,2026-08-26T17:27:09+0200,ec44fe02-3364-422b-92bd-0daf191e06d6,2026-08-08T18:15:00Z,2026-08-08T20:15:00+0200,115.524,MW,DE,DE_LU,actual_offshore_wind_generation,Wind Offshore,2026-08-26T15:33:13Z
2026-08-26T15:27:09Z,2026-08-26T17:27:09+0200,ec44fe02-3364-422b-92bd-0daf191e06d6,2026-08-08T18:30:00Z,2026-08-08T20:30:00+0200,130.557,MW,DE,DE_LU,actual_offshore_wind_generation,Wind Offshore,2026-08-26T15:33:13Z
2026-08-26T15:27:09Z,2026-08-26T17:27:09+0200,ec44fe02-3364-422b-92bd-0daf191e06d6,2026-08-08T18:45:00Z,2026-08-08T20:45:00+0200,150.043,MW,DE,DE_LU,actual_offshore_wind_generation,Wind Offshore,2026-08-26T15:33:13Z
2026-08-26T15:27:09Z,2026-08-26T17:27:09+0200,ec44fe02-3364-422b-92bd-0daf191e06d6,2026-08-08T19:00:00Z,2026-08-08T21:00:00+0200,154.846,MW,DE,DE_LU,actual_offshore_wind_generation,Wind Offshore,2026-08-26T15:33:13Z
2026-08-26T15:27:09Z,2026-08-26T17:27:09+0200,ec44fe02-3364-422b-92bd-0daf191e06d6,2026-08-08T19:15:00Z,2026-08-08T21:15:00+0200,156.78,MW,DE,DE_LU,actual_offshore_wind_generation,Wind Offshore,2026-08-26T15:33:13Z
2026-08-26T15:27:09Z,2026-08-26T17:27:09+0200,ec44fe02-3364-422b-92bd-0daf191e06d6,2026-08-08T19:30:00Z,2026-08-08T21:30:00+0200,164.948,MW,DE,DE_LU,actual_offshore_wind_generation,Wind Offshore,2026-08-26T15:33:13Z
2026-08-26T15:27:09Z,2026-08-26T17:27:09+0200,ec44fe02-3364-422b-92bd-0daf191e06d6,2026-08-08T19:45:00Z,2026-08-08T21:45:00+0200,163.469,MW,DE,DE_LU,actual_offshore_wind_generation,Wind Offshore,2026-08-26T15:33:13Z
2026-08-26T15:27:09Z,2026-08-26T17:27:09+0200,ec44fe02-3364-422b-92bd-0daf191e06d6,2026-08-08T20:00:00Z,2026-08-08T22:00:00+0200,203.046,MW,DE,DE_LU,actual_offshore_wind_generation,Wind Offshore,2026-08-26T15:33:13Z
2026-08-26T15:27:09Z,2026-08-26T17:27:09+0200,ec44fe02-3364-422b-92bd-0daf191e06d6,2026-08-08T20:15:00Z,2026-08-08T22:15:00+0200,262.722,MW,DE,DE_LU,actual_offshore_wind_generation,Wind Offshore,2026-08-26T15:33:13Z
2026-08-26T15:27:09Z,2026-08-26T17:27:09+0200,ec44fe02-3364-422b-92bd-0daf191e06d6,2026-08-08T20:30:00Z,2026-08-08T22:30:00+0200,316.119,MW,DE,DE_LU,actual_offshore_wind_generation,Wind Offshore,2026-08-26T15:33:13Z
2026-08-26T15:27:09Z,2026-08-26T17:27:09+0200,ec44fe02-3364-422b-92bd-0daf191e06d6,2026-08-08T20:45:00Z,2026-08-08T22:45:00+0200,360.026,MW,DE,DE_LU,actual_offshore_wind_generation,Wind Offshore,2026-08-26T15:33:13Z
2026-08-26T15:27:09Z,2026-08-26T17:27:09+0200,ec44fe02-3364-422b-92bd-0daf191e06d6,2026-08-08T21:00:00Z,2026-08-08T23:00:00+0200,417.022,MW,DE,DE_LU,actual_offshore_wind_generation,Wind Offshore,2026-08-26T15:33:13Z
2026-08-26T15:27:09Z,2026-08-26T17:27:09+0200,ec44fe02-3364-422b-92bd-0daf191e06d6,2026-08-08T21:15:00Z,2026-08-08T23:15:00+0200,429.248,MW,DE,DE_LU,actual_offshore_wind_generation,Wind Offshore,2026-08-26T15:33:13Z
2026-08-26T15:27:09Z,2026-08-26T17:27:09+0200,ec44fe02-3364-422b-92bd-0daf191e06d6,2026-08-08T21:30:00Z,2026-08-08T23:30:00+0200,484.565,MW,DE,DE_LU,actual_offshore_wind_generation,Wind Offshore,2026-08-26T15:33:13Z
2026-08-26T15:27:09Z,2026-08-26T17:27:09+0200,ec44fe02-3364-422b-92bd-0daf191e06d6,2026-08-08T21:45:00Z,2026-08-08T23:45:00+0200,534.142,MW,DE,DE_LU,actual_offshore_wind_generation,Wind Offshore,2026-08-26T15:33:13Z
2026-08-26T15:27:09Z,2026-08-26T17:27:09+0200,ec44fe02-3364-422b-92bd-0daf191e06d6,2026-08-08T22:00:00Z,2026-08-09T00:00:00+0200,610.455,MW,DE,DE_LU,actual_offshore_wind_generation,Wind Offshore,2026-08-26T15:33:13Z
2026-08-26T15:27:09Z,2026-08-26T17:27:09+0200,ec44fe02-3364-422b-92bd-0daf191e06d6,2026-08-08T22:15:00Z,2026-08-09T00:15:00+0200,642.862,MW,DE,DE_LU,actual_offshore_wind_generation,Wind Offshore,2026-08-26T15:33:13Z
2026-08-26T15:27:09Z,2026-08-26T17:27:09+0200,ec44fe02-3364-422b-92bd-0daf191e06d6,2026-08-08T22:30:00Z,2026-08-09T00:30:00+0200,664.641,MW,DE,DE_LU,actual_offshore_wind_generation,Wind Offshore,2026-08-26T15:33:13Z
2026-08-26T15:27:09Z,2026-08-26T17:27:09+0200,ec44fe02-3364-422b-92bd-0daf191e06d6,2026-08-08T22:45:00Z,2026-08-09T00:45:00+0200,736.902,MW,DE,DE_LU,actual_offshore_wind_generation,Wind Offshore,2026-08-26T15:33:13Z
2026-08-26T15:27:09Z,2026-08-26T17:27:09+0200,ec44fe02-3364-422b-92bd-0daf191e06d6,2026-08-08T23:00:00Z,2026-08-09T01:00:00+0200,832.524,MW,DE,DE_LU,actual_offshore_wind_generation,Wind Offshore,2026-08-26T15:33:13Z
2026-08-26T15:27:09Z,2026-08-26T17:27:09+0200,ec44fe02-3364-422b-92bd-0daf191e06d6,2026-08-08T23:15:00Z,2026-08-09T01:15:00+0200,853.388,MW,DE,DE_LU,actual_offshore_wind_generation,Wind Offshore,2026-08-26T15:33:13Z
2026-08-26T15:27:09Z,2026-08-26T17:27:09+0200,ec44fe02-3364-422b-92bd-0daf191e06d6,2026-08-08T23:30:00Z,2026-08-09T01:30:00+0200,888.699,MW,DE,DE_LU,actual_offshore_wind_generation,Wind Offshore,2026-08-26T15:33:13Z
2026-08-26T15:27:09Z,2026-08-26T17:27:09+0200,ec44fe02-3364-422b-92bd-0daf191e06d6,2026-08-08T23:45:00Z,2026-08-09T01:45:00+0200,947.893,MW,DE,DE_LU,actual_offshore_wind_generation,Wind Offshore,2026-08-26T15:33:13Z
2026-08-26T15:27:09Z,2026-08-26T17:27:09+0200,ec44fe02-3364-422b-92bd-0daf191e06d6,2026-08-09T00:00:00Z,2026-08-09T02:00:00+0200,1009.578,MW,DE,DE_LU,actual_offshore_wind_generation,Wind Offshore,2026-08-26T15:33:13Z
2026-08-26T15:27:09Z,2026-08-26T17:27:09+0200,ec44fe02-3364-422b-92bd-0daf191e06d6,2026-08-09T00:15:00Z,2026-08-09T02:15:00+0200,1074.208,MW,DE,DE_LU,actual_offshore_wind_generation,Wind Offshore,2026-08-26T15:33:13Z
2026-08-26T15:27:09Z,2026-08-26T17:27:09+0200,ec44fe02-3364-422b-92bd-0daf191e06d6,2026-08-09T00:30:00Z,2026-08-09T02:30:00+0200,1139.202,MW,DE,DE_LU,actual_offshore_wind_generation,Wind Offshore,2026-08-26T15:33:13Z
2026-08-26T15:27:09Z,2026-08-26T17:27:09+0200,ec44fe02-3364-422b-92bd-0daf191e06d6,2026-08-09T00:45:00Z,2026-08-09T02:45:00+0200,1154.911,MW,DE,DE_LU,actual_offshore_wind_generation,Wind Offshore,2026-08-26T15:33:13Z
2026-08-26T15:27:09Z,2026-08-26T17:27:09+0200,ec44fe02-3364-422b-92bd-0daf191e06d6,2026-08-09T01:00:00Z,2026-08-09T03:00:00+0200,1195.286,MW,DE,DE_LU,actual_offshore_wind_generation,Wind Offshore,2026-08-26T15:33:13Z
2026-08-26T15:27:09Z,2026-08-26T17:27:09+0200,ec44fe02-3364-422b-92bd-0daf191e06d6,2026-08-09T01:15:00Z,2026-08-09T03:15:00+0200,1227.378,MW,DE,DE_LU,actual_offshore_wind_generation,Wind Offshore,2026-08-26T15:33:13Z
2026-08-26T15:27:09Z,2026-08-26T17:27:09+0200,ec44fe02-3364-422b-92bd-0daf191e06d6,2026-08-09T01:30:00Z,2026-08-09T03:30:00+0200,1191.374,MW,DE,DE_LU,actual_offshore_wind_generation,Wind Offshore,2026-08-26T15:33:13Z
2026-08-26T15:27:09Z,2026-08-26T17:27:09+0200,ec44fe02-3364-422b-92bd-0daf191e06d6,2026-08-09T01:45:00Z,2026-08-09T03:45:00+0200,1145.043,MW,DE,DE_LU,actual_offshore_wind_generation,Wind Offshore,2026-08-26T15:33:13Z
2026-08-26T15:27:09Z,2026-08-26T17:27:09+0200,ec44fe02-3364-422b-92bd-0daf191e06d6,2026-08-09T02:00:00Z,2026-08-09T04:00:00+0200,1103.995,MW,DE,DE_LU,actual_offshore_wind_generation,Wind Offshore,2026-08-26T15:33:13Z
2026-08-26T15:27:09Z,2026-08-26T17:27:09+0200,ec44fe02-3364-422b-92bd-0daf191e06d6,2026-08-09T02:15:00Z,2026-08-09T04:15:00+0200,1072.687,MW,DE,DE_LU,actual_offshore_wind_generation,Wind Offshore,2026-08-26T15:33:13Z
2026-08-26T15:27:09Z,2026-08-26T17:27:09+0200,ec44fe02-3364-422b-92bd-0daf191e06d6,2026-08-09T02:30:00Z,2026-08-09T04:30:00+0200,1071.509,MW,DE,DE_LU,actual_offshore_wind_generation,Wind Offshore,2026-08-26T15:33:13Z
2026-08-26T15:27:09Z,2026-08-26T17:27:09+0200,ec44fe02-3364-422b-92bd-0daf191e06d6,2026-08-09T02:45:00Z,2026-08-09T04:45:00+0200,1068.587,MW,DE,DE_LU,actual_offshore_wind_generation,Wind Offshore,2026-08-26T15:33:13Z
2026-08-26T15:27:09Z,2026-08-26T17:27:09+0200,ec44fe02-3364-422b-92bd-0daf191e06d6,2026-08-09T03:00:00Z,2026-08-09T05:00:00+0200,1041.596,MW,DE,DE_LU,actual_offshore_wind_generation,Wind Offshore,2026-08-26T15:33:13Z
2026-08-26T15:27:09Z,2026-08-26T17:27:09+0200,ec44fe02-3364-422b-92bd-0daf191e06d6,2026-08-09T03:15:00Z,2026-08-09T05:15:00+0200,995.577,MW,DE,DE_LU,actual_offshore_wind_generation,Wind Offshore,2026-08-26T15:33:13Z
2026-08-26T15:27:09Z,2026-08-26T17:27:09+0200,ec44fe02-3364-422b-92bd-0daf191e06d6,2026-08-09T03:30:00Z,2026-08-09T05:30:00+0200,910.25,MW,DE,DE_LU,actual_offshore_wind_generation,Wind Offshore,2026-08-26T15:33:13Z
2026-08-26T15:27:09Z,2026-08-26T17:27:09+0200,ec44fe02-3364-422b-92bd-0daf191e06d6,2026-08-09T03:45:00Z,2026-08-09T05:45:00+0200,827.411,MW,DE,DE_LU,actual_offshore_wind_generation,Wind Offshore,2026-08-26T15:33:13Z
2026-08-26T15:27:09Z,2026-08-26T17:27:09+0200,ec44fe02-3364-422b-92bd-0daf191e06d6,2026-08-09T04:00:00Z,2026-08-09T06:00:00+0200,765.097,MW,DE,DE_LU,actual_offshore_wind_generation,Wind Offshore,2026-08-26T15:33:13Z
2026-08-26T15:27:09Z,2026-08-26T17:27:09+0200,ec44fe02-3364-422b-92bd-0daf191e06d6,2026-08-09T04:15:00Z,2026-08-09T06:15:00+0200,684.093,MW,DE,DE_LU,actual_offshore_wind_generation,Wind Offshore,2026-08-26T15:33:13Z
2026-08-26T15:27:09Z,2026-08-26T17:27:09+0200,ec44fe02-3364-422b-92bd-0daf191e06d6,2026-08-09T04:30:00Z,2026-08-09T06:30:00+0200,645.509,MW,DE,DE_LU,actual_offshore_wind_generation,Wind Offshore,2026-08-26T15:33:13Z
2026-08-26T15:27:09Z,2026-08-26T17:27:09+0200,ec44fe02-3364-422b-92bd-0daf191e06d6,2026-08-09T04:45:00Z,2026-08-09T06:45:00+0200,627.973,MW,DE,DE_LU,actual_offshore_wind_generation,Wind Offshore,2026-08-26T15:33:13Z
2026-08-26T15:27:09Z,2026-08-26T17:27:09+0200,ec44fe02-3364-422b-92bd-0daf191e06d6,2026-08-09T05:00:00Z,2026-08-09T07:00:00+0200,620.508,MW,DE,DE_LU,actual_offshore_wind_generation,Wind Offshore,2026-08-26T15:33:13Z
2026-08-26T15:27:09Z,2026-08-26T17:27:09+0200,ec44fe02-3364-422b-92bd-0daf191e06d6,2026-08-09T05:15:00Z,2026-08-09T07:15:00+0200,652.51,MW,DE,DE_LU,actual_offshore_wind_generation,Wind Offshore,2026-08-26T15:33:13Z
2026-08-26T15:27:09Z,2026-08-26T17:27:09+0200,ec44fe02-3364-422b-92bd-0daf191e06d6,2026-08-09T05:30:00Z,2026-08-09T07:30:00+0200,669.019,MW,DE,DE_LU,actual_offshore_wind_generation,Wind Offshore,2026-08-26T15:33:13Z
2026-08-26T15:27:09Z,2026-08-26T17:27:09+0200,ec44fe02-3364-422b-92bd-0daf191e06d6,2026-08-09T05:45:00Z,2026-08-09T07:45:00+0200,661.278,MW,DE,DE_LU,actual_offshore_wind_generation,Wind Offshore,2026-08-26T15:33:13Z
2026-08-26T15:27:09Z,2026-08-26T17:27:09+0200,ec44fe02-3364-422b-92bd-0daf191e06d6,2026-08-09T06:00:00Z,2026-08-09T08:00:00+0200,619.881,MW,DE,DE_LU,actual_offshore_wind_generation,Wind Offshore,2026-08-26T15:33:13Z
2026-08-26T15:27:09Z,2026-08-26T17:27:09+0200,ec44fe02-3364-422b-92bd-0daf191e06d6,2026-08-09T06:15:00Z,2026-08-09T08:15:00+0200,582.017,MW,DE,DE_LU,actual_offshore_wind_generation,Wind Offshore,2026-08-26T15:33:13Z
2026-08-26T15:27:09Z,2026-08-26T17:27:09+0200,ec44fe02-3364-422b-92bd-0daf191e06d6,2026-08-09T06:30:00Z,2026-08-09T08:30:00+0200,598.014,MW,DE,DE_LU,actual_offshore_wind_generation,Wind Offshore,2026-08-26T15:33:13Z
2026-08-26T15:27:09Z,2026-08-26T17:27:09+0200,ec44fe02-3364-422b-92bd-0daf191e06d6,2026-08-09T06:45:00Z,2026-08-09T08:45:00+0200,634.844,MW,DE,DE_LU,actual_offshore_wind_generation,Wind Offshore,2026-08-26T15:33:13Z
2026-08-26T15:27:09Z,2026-08-26T17:27:09+0200,ec44fe02-3364-422b-92bd-0daf191e06d6,2026-08-09T07:00:00Z,2026-08-09T09:00:00+0200,666.102,MW,DE,DE_LU,actual_offshore_wind_generation,Wind Offshore,2026-08-26T15:33:13Z
2026-08-26T15:27:09Z,2026-08-26T17:27:09+0200,ec44fe02-3364-422b-92bd-0daf191e06d6,2026-08-09T07:15:00Z,2026-08-09T09:15:00+0200,634.444,MW,DE,DE_LU,actual_offshore_wind_generation,Wind Offshore,2026-08-26T15:33:13Z
2026-08-26T15:27:09Z,2026-08-26T17:27:09+0200,ec44fe02-3364-422b-92bd-0daf191e06d6,2026-08-09T07:30:00Z,2026-08-09T09:30:00+0200,644.393,MW,DE,DE_LU,actual_offshore_wind_generation,Wind Offshore,2026-08-26T15:33:13Z
2026-08-26T15:27:09Z,2026-08-26T17:27:09+0200,ec44fe02-3364-422b-92bd-0daf191e06d6,2026-08-09T07:45:00Z,2026-08-09T09:45:00+0200,624.704,MW,DE,DE_LU,actual_offshore_wind_generation,Wind Offshore,2026-08-26T15:33:13Z
2026-08-26T15:27:09Z,2026-08-26T17:27:09+0200,ec44fe02-3364-422b-92bd-0daf191e06d6,2026-08-09T08:00:00Z,2026-08-09T10:00:00+0200,601.692,MW,DE,DE_LU,actual_offshore_wind_generation,Wind Offshore,2026-08-26T15:33:13Z
2026-08-26T15:27:09Z,2026-08-26T17:27:09+0200,ec44fe02-3364-422b-92bd-0daf191e06d6,2026-08-09T08:15:00Z,2026-08-09T10:15:00+0200,529.544,MW,DE,DE_LU,actual_offshore_wind_generation,Wind Offshore,2026-08-26T15:33:13Z
2026-08-26T15:27:09Z,2026-08-26T17:27:09+0200,ec44fe02-3364-422b-92bd-0daf191e06d6,2026-08-09T08:30:00Z,2026-08-09T10:30:00+0200,439.718,MW,DE,DE_LU,actual_offshore_wind_generation,Wind Offshore,2026-08-26T15:33:13Z
2026-08-26T15:27:09Z,2026-08-26T17:27:09+0200,ec44fe02-3364-422b-92bd-0daf191e06d6,2026-08-09T08:45:00Z,2026-08-09T10:45:00+0200,424.281,MW,DE,DE_LU,actual_offshore_wind_generation,Wind Offshore,2026-08-26T15:33:13Z
2026-08-26T15:27:09Z,2026-08-26T17:27:09+0200,ec44fe02-3364-422b-92bd-0daf191e06d6,2026-08-09T09:00:00Z,2026-08-09T11:00:00+0200,440.884,MW,DE,DE_LU,actual_offshore_wind_generation,Wind Offshore,2026-08-26T15:33:13Z
2026-08-26T15:27:09Z,2026-08-26T17:27:09+0200,ec44fe02-3364-422b-92bd-0daf191e06d6,2026-08-09T09:15:00Z,2026-08-09T11:15:00+0200,462.519,MW,DE,DE_LU,actual_offshore_wind_generation,Wind Offshore,2026-08-26T15:33:13Z
2026-08-26T15:27:09Z,2026-08-26T17:27:09+0200,ec44fe02-3364-422b-92bd-0daf191e06d6,2026-08-09T09:30:00Z,2026-08-09T11:30:00+0200,427.688,MW,DE,DE_LU,actual_offshore_wind_generation,Wind Offshore,2026-08-26T15:33:13Z
2026-08-26T15:27:09Z,2026-08-26T17:27:09+0200,ec44fe02-3364-422b-92bd-0daf191e06d6,2026-08-09T09:45:00Z,2026-08-09T11:45:00+0200,407.007,MW,DE,DE_LU,actual_offshore_wind_generation,Wind Offshore,2026-08-26T15:33:13Z
2026-08-26T15:27:09Z,2026-08-26T17:27:09+0200,ec44fe02-3364-422b-92bd-0daf191e06d6,2026-08-09T10:00:00Z,2026-08-09T12:00:00+0200,437.091,MW,DE,DE_LU,actual_offshore_wind_generation,Wind Offshore,2026-08-26T15:33:13Z
2026-08-26T15:27:09Z,2026-08-26T17:27:09+0200,ec44fe02-3364-422b-92bd-0daf191e06d6,2026-08-09T10:15:00Z,2026-08-09T12:15:00+0200,445.185,MW,DE,DE_LU,actual_offshore_wind_generation,Wind Offshore,2026-08-26T15:33:13Z
2026-08-26T15:27:09Z,2026-08-26T17:27:09+0200,ec44fe02-3364-422b-92bd-0daf191e06d6,2026-08-09T10:30:00Z,2026-08-09T12:30:00+0200,470.888,MW,DE,DE_LU,actual_offshore_wind_generation,Wind Offshore,2026-08-26T15:33:13Z
2026-08-26T15:27:09Z,2026-08-26T17:27:09+0200,ec44fe02-3364-422b-92bd-0daf191e06d6,2026-08-09T10:45:00Z,2026-08-09T12:45:00+0200,485.486,MW,DE,DE_LU,actual_offshore_wind_generation,Wind Offshore,2026-08-26T15:33:13Z
2026-08-26T15:27:09Z,2026-08-26T17:27:09+0200,ec44fe02-3364-422b-92bd-0daf191e06d6,2026-08-09T11:00:00Z,2026-08-09T13:00:00+0200,503.464,MW,DE,DE_LU,actual_offshore_wind_generation,Wind Offshore,2026-08-26T15:33:13Z
2026-08-26T15:27:09Z,2026-08-26T17:27:09+0200,ec44fe02-3364-422b-92bd-0daf191e06d6,2026-08-09T11:15:00Z,2026-08-09T13:15:00+0200,548.609,MW,DE,DE_LU,actual_offshore_wind_generation,Wind Offshore,2026-08-26T15:33:13Z
2026-08-26T15:27:09Z,2026-08-26T17:27:09+0200,ec44fe02-3364-422b-92bd-0daf191e06d6,2026-08-09T11:30:00Z,2026-08-09T13:30:00+0200,594.918,MW,DE,DE_LU,actual_offshore_wind_generation,Wind Offshore,2026-08-26T15:33:13Z
2026-08-26T15:27:09Z,2026-08-26T17:27:09+0200,ec44fe02-3364-422b-92bd-0daf191e06d6,2026-08-09T11:45:00Z,2026-08-09T13:45:00+0200,641.014,MW,DE,DE_LU,actual_offshore_wind_generation,Wind Offshore,2026-08-26T15:33:13Z
2026-08-26T15:27:09Z,2026-08-26T17:27:09+0200,ec44fe02-3364-422b-92bd-0daf191e06d6,2026-08-09T12:00:00Z,2026-08-09T14:00:00+0200,687.389,MW,DE,DE_LU,actual_offshore_wind_generation,Wind Offshore,2026-08-26T15:33:13Z
2026-08-26T15:27:09Z,2026-08-26T17:27:09+0200,ec44fe02-3364-422b-92bd-0daf191e06d6,2026-08-09T12:15:00Z,2026-08-09T14:15:00+0200,721.903,MW,DE,DE_LU,actual_offshore_wind_generation,Wind Offshore,2026-08-26T15:33:13Z
2026-08-26T15:27:09Z,2026-08-26T17:27:09+0200,ec44fe02-3364-422b-92bd-0daf191e06d6,2026-08-09T12:30:00Z,2026-08-09T14:30:00+0200,761.538,MW,DE,DE_LU,actual_offshore_wind_generation,Wind Offshore,2026-08-26T15:33:13Z
2026-08-26T15:27:09Z,2026-08-26T17:27:09+0200,ec44fe02-3364-422b-92bd-0daf191e06d6,2026-08-09T12:45:00Z,2026-08-09T14:45:00+0200,774.437,MW,DE,DE_LU,actual_offshore_wind_generation,Wind Offshore,2026-08-26T15:33:13Z
2026-08-26T15:27:09Z,2026-08-26T17:27:09+0200,ec44fe02-3364-422b-92bd-0daf191e06d6,2026-08-09T13:00:00Z,2026-08-09T15:00:00+0200,817.149,MW,DE,DE_LU,actual_offshore_wind_generation,Wind Offshore,2026-08-26T15:33:13Z
2026-08-26T15:27:09Z,2026-08-26T17:27:09+0200,ec44fe02-3364-422b-92bd-0daf191e06d6,2026-08-09T13:15:00Z,2026-08-09T15:15:00+0200,838.944,MW,DE,DE_LU,actual_offshore_wind_generation,Wind Offshore,2026-08-26T15:33:13Z
2026-08-26T15:27:09Z,2026-08-26T17:27:09+0200,ec44fe02-3364-422b-92bd-0daf191e06d6,2026-08-09T13:30:00Z,2026-08-09T15:30:00+0200,806.922,MW,DE,DE_LU,actual_offshore_wind_generation,Wind Offshore,2026-08-26T15:33:13Z
2026-08-26T15:27:09Z,2026-08-26T17:27:09+0200,ec44fe02-3364-422b-92bd-0daf191e06d6,2026-08-09T13:45:00Z,2026-08-09T15:45:00+0200,792.231,MW,DE,DE_LU,actual_offshore_wind_generation,Wind Offshore,2026-08-26T15:33:13Z
2026-08-26T15:27:09Z,2026-08-26T17:27:09+0200,ec44fe02-3364-422b-92bd-0daf191e06d6,2026-08-09T14:00:00Z,2026-08-09T16:00:00+0200,794.612,MW,DE,DE_LU,actual_offshore_wind_generation,Wind Offshore,2026-08-26T15:33:13Z
2026-08-26T15:27:09Z,2026-08-26T17:27:09+0200,ec44fe02-3364-422b-92bd-0daf191e06d6,2026-08-09T14:15:00Z,2026-08-09T16:15:00+0200,826.107,MW,DE,DE_LU,actual_offshore_wind_generation,Wind Offshore,2026-08-26T15:33:13Z
2026-08-26T15:27:09Z,2026-08-26T17:27:09+0200,ec44fe02-3364-422b-92bd-0daf191e06d6,2026-08-09T14:30:00Z,2026-08-09T16:30:00+0200,859.969,MW,DE,DE_LU,actual_offshore_wind_generation,Wind Offshore,2026-08-26T15:33:13Z
2026-08-26T15:27:09Z,2026-08-26T17:27:09+0200,ec44fe02-3364-422b-92bd-0daf191e06d6,2026-08-09T14:45:00Z,2026-08-09T16:45:00+0200,886.645,MW,DE,DE_LU,actual_offshore_wind_generation,Wind Offshore,2026-08-26T15:33:13Z
2026-08-26T15:27:09Z,2026-08-26T17:27:09+0200,ec44fe02-3364-422b-92bd-0daf191e06d6,2026-08-09T15:00:00Z,2026-08-09T17:00:00+0200,984.745,MW,DE,DE_LU,actual_offshore_wind_generation,Wind Offshore,2026-08-26T15:33:13Z
2026-08-26T15:27:09Z,2026-08-26T17:27:09+0200,ec44fe02-3364-422b-92bd-0daf191e06d6,2026-08-09T15:15:00Z,2026-08-09T17:15:00+0200,1094.168,MW,DE,DE_LU,actual_offshore_wind_generation,Wind Offshore,2026-08-26T15:33:13Z
2026-08-26T15:27:09Z,2026-08-26T17:27:09+0200,ec44fe02-3364-422b-92bd-0daf191e06d6,2026-08-09T15:30:00Z,2026-08-09T17:30:00+0200,1153.765,MW,DE,DE_LU,actual_offshore_wind_generation,Wind Offshore,2026-08-26T15:33:13Z
2026-08-26T15:27:09Z,2026-08-26T17:27:09+0200,ec44fe02-3364-422b-92bd-0daf191e06d6,2026-08-09T15:45:00Z,2026-08-09T17:45:00+0200,1188.789,MW,DE,DE_LU,actual_offshore_wind_generation,Wind Offshore,2026-08-26T15:33:13Z
2026-08-26T15:27:09Z,2026-08-26T17:27:09+0200,ec44fe02-3364-422b-92bd-0daf191e06d6,2026-08-09T16:00:00Z,2026-08-09T18:00:00+0200,1278.718,MW,DE,DE_LU,actual_offshore_wind_generation,Wind Offshore,2026-08-26T15:33:13Z
2026-08-26T15:27:09Z,2026-08-26T17:27:09+0200,ec44fe02-3364-422b-92bd-0daf191e06d6,2026-08-09T16:15:00Z,2026-08-09T18:15:00+0200,1316.618,MW,DE,DE_LU,actual_offshore_wind_generation,Wind Offshore,2026-08-26T15:33:13Z
2026-08-26T15:27:09Z,2026-08-26T17:27:09+0200,ec44fe02-3364-422b-92bd-0daf191e06d6,2026-08-09T16:30:00Z,2026-08-09T18:30:00+0200,1354.092,MW,DE,DE_LU,actual_offshore_wind_generation,Wind Offshore,2026-08-26T15:33:13Z
2026-08-26T15:27:09Z,2026-08-26T17:27:09+0200,ec44fe02-3364-422b-92bd-0daf191e06d6,2026-08-09T16:45:00Z,2026-08-09T18:45:00+0200,1396.667,MW,DE,DE_LU,actual_offshore_wind_generation,Wind Offshore,2026-08-26T15:33:13Z
2026-08-26T15:27:09Z,2026-08-26T17:27:09+0200,ec44fe02-3364-422b-92bd-0daf191e06d6,2026-08-09T17:00:00Z,2026-08-09T19:00:00+0200,1424.004,MW,DE,DE_LU,actual_offshore_wind_generation,Wind Offshore,2026-08-26T15:33:13Z
2026-08-26T15:27:09Z,2026-08-26T17:27:09+0200,ec44fe02-3364-422b-92bd-0daf191e06d6,2026-08-09T17:15:00Z,2026-08-09T19:15:00+0200,1487.149,MW,DE,DE_LU,actual_offshore_wind_generation,Wind Offshore,2026-08-26T15:33:13Z
2026-08-26T15:27:09Z,2026-08-26T17:27:09+0200,ec44fe02-3364-422b-92bd-0daf191e06d6,2026-08-09T17:30:00Z,2026-08-09T19:30:00+0200,1596.107,MW,DE,DE_LU,actual_offshore_wind_generation,Wind Offshore,2026-08-26T15:33:13Z
2026-08-26T15:27:09Z,2026-08-26T17:27:09+0200,ec44fe02-3364-422b-92bd-0daf191e06d6,2026-08-09T17:45:00Z,2026-08-09T19:45:00+0200,1743.598,MW,DE,DE_LU,actual_offshore_wind_generation,Wind Offshore,2026-08-26T15:33:13Z
2026-08-26T15:27:09Z,2026-08-26T17:27:09+0200,ec44fe02-3364-422b-92bd-0daf191e06d6,2026-08-09T18:00:00Z,2026-08-09T20:00:00+0200,1738.885,MW,DE,DE_LU,actual_offshore_wind_generation,Wind Offshore,2026-08-26T15:33:13Z
2026-08-26T15:27:09Z,2026-08-26T17:27:09+0200,ec44fe02-3364-422b-92bd-0daf191e06d6,2026-08-09T18:15:00Z,2026-08-09T20:15:00+0200,1717.084,MW,DE,DE_LU,actual_offshore_wind_generation,Wind Offshore,2026-08-26T15:33:13Z
2026-08-26T15:27:09Z,2026-08-26T17:27:09+0200,ec44fe02-3364-422b-92bd-0daf191e06d6,2026-08-09T18:30:00Z,2026-08-09T20:30:00+0200,1741.124,MW,DE,DE_LU,actual_offshore_wind_generation,Wind Offshore,2026-08-26T15:33:13Z
2026-08-26T15:27:09Z,2026-08-26T17:27:09+0200,ec44fe02-3364-422b-92bd-0daf191e06d6,2026-08-09T18:45:00Z,2026-08-09T20:45:00+0200,1621.658,MW,DE,DE_LU,actual_offshore_wind_generation,Wind Offshore,2026-08-26T15:33:13Z
2026-08-26T15:27:09Z,2026-08-26T17:27:09+0200,ec44fe02-3364-422b-92bd-0daf191e06d6,2026-08-09T19:00:00Z,2026-08-09T21:00:00+0200,1541.949,MW,DE,DE_LU,actual_offshore_wind_generation,Wind Offshore,2026-08-26T15:33:13Z
2026-08-26T15:27:09Z,2026-08-26T17:27:09+0200,ec44fe02-3364-422b-92bd-0daf191e06d6,2026-08-09T19:15:00Z,2026-08-09T21:15:00+0200,1467.89,MW,DE,DE_LU,actual_offshore_wind_generation,Wind Offshore,2026-08-26T15:33:13Z
2026-08-26T15:27:09Z,2026-08-26T17:27:09+0200,ec44fe02-3364-422b-92bd-0daf191e06d6,2026-08-09T19:30:00Z,2026-08-09T21:30:00+0200,1416.965,MW,DE,DE_LU,actual_offshore_wind_generation,Wind Offshore,2026-08-26T15:33:13Z
2026-08-26T15:27:09Z,2026-08-26T17:27:09+0200,ec44fe02-3364-422b-92bd-0daf191e06d6,2026-08-09T19:45:00Z,2026-08-09T21:45:00+0200,1434.593,MW,DE,DE_LU,actual_offshore_wind_generation,Wind Offshore,2026-08-26T15:33:13Z
2026-08-26T15:27:09Z,2026-08-26T17:27:09+0200,ec44fe02-3364-422b-92bd-0daf191e06d6,2026-08-09T20:00:00Z,2026-08-09T22:00:00+0200,1438.882,MW,DE,DE_LU,actual_offshore_wind_generation,Wind Offshore,2026-08-26T15:33:13Z
2026-08-26T15:27:09Z,2026-08-26T17:27:09+0200,ec44fe02-3364-422b-92bd-0daf191e06d6,2026-08-09T20:15:00Z,2026-08-09T22:15:00+0200,1410.946,MW,DE,DE_LU,actual_offshore_wind_generation,Wind Offshore,2026-08-26T15:33:13Z
2026-08-26T15:27:09Z,2026-08-26T17:27:09+0200,ec44fe02-3364-422b-92bd-0daf191e06d6,2026-08-09T20:30:00Z,2026-08-09T22:30:00+0200,1412.136,MW,DE,DE_LU,actual_offshore_wind_generation,Wind Offshore,2026-08-26T15:33:13Z
2026-08-26T15:27:09Z,2026-08-26T17:27:09+0200,ec44fe02-3364-422b-92bd-0daf191e06d6,2026-08-09T20:45:00Z,2026-08-09T22:45:00+0200,1461.522,MW,DE,DE_LU,actual_offshore_wind_generation,Wind Offshore,2026-08-26T15:33:13Z
2026-08-26T15:27:09Z,2026-08-26T17:27:09+0200,ec44fe02-3364-422b-92bd-0daf191e06d6,2026-08-09T21:00:00Z,2026-08-09T23:00:00+0200,1505.17,MW,DE,DE_LU,actual_offshore_wind_generation,Wind Offshore,2026-08-26T15:33:13Z
2026-08-26T15:27:09Z,2026-08-26T17:27:09+0200,ec44fe02-3364-422b-92bd-0daf191e06d6,2026-08-09T21:15:00Z,2026-08-09T23:15:00+0200,1599.674,MW,DE,DE_LU,actual_offshore_wind_generation,Wind Offshore,2026-08-26T15:33:13Z
2026-08-26T15:27:09Z,2026-08-26T17:27:09+0200,ec44fe02-3364-422b-92bd-0daf191e06d6,2026-08-09T21:30:00Z,2026-08-09T23:30:00+0200,1655.787,MW,DE,DE_LU,actual_offshore_wind_generation,Wind Offshore,2026-08-26T15:33:13Z
2026-08-26T15:27:09Z,2026-08-26T17:27:09+0200,ec44fe02-3364-422b-92bd-0daf191e06d6,2026-08-09T21:45:00Z,2026-08-09T23:45:00+0200,1740.068,MW,DE,DE_LU,actual_offshore_wind_generation,Wind Offshore,2026-08-26T15:33:13Z
2026-08-26T15:27:09Z,2026-08-26T17:27:09+0200,ec44fe02-3364-422b-92bd-0daf191e06d6,2026-08-09T22:00:00Z,2026-08-10T00:00:00+0200,1779.783,MW,DE,DE_LU,actual_offshore_wind_generation,Wind Offshore,2026-08-26T15:33:13Z
2026-08-26T15:27:09Z,2026-08-26T17:27:09+0200,ec44fe02-3364-422b-92bd-0daf191e06d6,2026-08-09T22:15:00Z,2026-08-10T00:15:00+0200,1823.275,MW,DE,DE_LU,actual_offshore_wind_generation,Wind Offshore,2026-08-26T15:33:13Z
2026-08-26T15:27:09Z,2026-08-26T17:27:09+0200,ec44fe02-3364-422b-92bd-0daf191e06d6,2026-08-09T22:30:00Z,2026-08-10T00:30:00+0200,1755.486,MW,DE,DE_LU,actual_offshore_wind_generation,Wind Offshore,2026-08-26T15:33:13Z
2026-08-26T15:27:09Z,2026-08-26T17:27:09+0200,ec44fe02-3364-422b-92bd-0daf191e06d6,2026-08-09T22:45:00Z,2026-08-10T00:45:00+0200,1614.252,MW,DE,DE_LU,actual_offshore_wind_generation,Wind Offshore,2026-08-26T15:33:13Z
2026-08-26T15:27:09Z,2026-08-26T17:27:09+0200,ec44fe02-3364-422b-92bd-0daf191e06d6,2026-08-09T23:00:00Z,2026-08-10T01:00:00+0200,1347.995,MW,DE,DE_LU,actual_offshore_wind_generation,Wind Offshore,2026-08-26T15:33:13Z
2026-08-26T15:27:09Z,2026-08-26T17:27:09+0200,ec44fe02-3364-422b-92bd-0daf191e06d6,2026-08-09T23:15:00Z,2026-08-10T01:15:00+0200,1208.582,MW,DE,DE_LU,actual_offshore_wind_generation,Wind Offshore,2026-08-26T15:33:13Z
2026-08-26T15:27:09Z,2026-08-26T17:27:09+0200,ec44fe02-3364-422b-92bd-0daf191e06d6,2026-08-09T23:30:00Z,2026-08-10T01:30:00+0200,945.773,MW,DE,DE_LU,actual_offshore_wind_generation,Wind Offshore,2026-08-26T15:33:13Z
2026-08-26T15:27:09Z,2026-08-26T17:27:09+0200,ec44fe02-3364-422b-92bd-0daf191e06d6,2026-08-09T23:45:00Z,2026-08-10T01:45:00+0200,753.546,MW,DE,DE_LU,actual_offshore_wind_generation,Wind Offshore,2026-08-26T15:33:13Z
2026-08-26T15:27:09Z,2026-08-26T17:27:09+0200,ec44fe02-3364-422b-92bd-0daf191e06d6,2026-08-10T00:00:00Z,2026-08-10T02:00:00+0200,662.395,MW,DE,DE_LU,actual_offshore_wind_generation,Wind Offshore,2026-08-26T15:33:13Z
2026-08-26T15:27:09Z,2026-08-26T17:27:09+0200,ec44fe02-3364-422b-92bd-0daf191e06d6,2026-08-10T00:15:00Z,2026-08-10T02:15:00+0200,660.072,MW,DE,DE_LU,actual_offshore_wind_generation,Wind Offshore,2026-08-26T15:33:13Z
2026-08-26T15:27:09Z,2026-08-26T17:27:09+0200,ec44fe02-3364-422b-92bd-0daf191e06d6,2026-08-10T00:30:00Z,2026-08-10T02:30:00+0200,689.831,MW,DE,DE_LU,actual_offshore_wind_generation,Wind Offshore,2026-08-26T15:33:13Z
2026-08-26T15:27:09Z,2026-08-26T17:27:09+0200,ec44fe02-3364-422b-92bd-0daf191e06d6,2026-08-10T00:45:00Z,2026-08-10T02:45:00+0200,676.184,MW,DE,DE_LU,actual_offshore_wind_generation,Wind Offshore,2026-08-26T15:33:13Z
2026-08-26T15:27:09Z,2026-08-26T17:27:09+0200,ec44fe02-3364-422b-92bd-0daf191e06d6,2026-08-10T01:00:00Z,2026-08-10T03:00:00+0200,701.836,MW,DE,DE_LU,actual_offshore_wind_generation,Wind Offshore,2026-08-26T15:33:13Z
2026-08-26T15:27:09Z,2026-08-26T17:27:09+0200,ec44fe02-3364-422b-92bd-0daf191e06d6,2026-08-10T01:15:00Z,2026-08-10T03:15:00+0200,711.091,MW,DE,DE_LU,actual_offshore_wind_generation,Wind Offshore,2026-08-26T15:33:13Z
2026-08-26T15:27:09Z,2026-08-26T17:27:09+0200,ec44fe02-3364-422b-92bd-0daf191e06d6,2026-08-10T01:30:00Z,2026-08-10T03:30:00+0200,615.209,MW,DE,DE_LU,actual_offshore_wind_generation,Wind Offshore,2026-08-26T15:33:13Z
2026-08-26T15:27:09Z,2026-08-26T17:27:09+0200,ec44fe02-3364-422b-92bd-0daf191e06d6,2026-08-10T01:45:00Z,2026-08-10T03:45:00+0200,476.251,MW,DE,DE_LU,actual_offshore_wind_generation,Wind Offshore,2026-08-26T15:33:13Z
2026-08-26T15:27:09Z,2026-08-26T17:27:09+0200,ec44fe02-3364-422b-92bd-0daf191e06d6,2026-08-10T02:00:00Z,2026-08-10T04:00:00+0200,416.692,MW,DE,DE_LU,actual_offshore_wind_generation,Wind Offshore,2026-08-26T15:33:13Z
2026-08-26T15:27:09Z,2026-08-26T17:27:09+0200,ec44fe02-3364-422b-92bd-0daf191e06d6,2026-08-10T02:15:00Z,2026-08-10T04:15:00+0200,453.313,MW,DE,DE_LU,actual_offshore_wind_generation,Wind Offshore,2026-08-26T15:33:13Z
2026-08-26T15:27:09Z,2026-08-26T17:27:09+0200,ec44fe02-3364-422b-92bd-0daf191e06d6,2026-08-10T02:30:00Z,2026-08-10T04:30:00+0200,547.737,MW,DE,DE_LU,actual_offshore_wind_generation,Wind Offshore,2026-08-26T15:33:13Z
2026-08-26T15:27:09Z,2026-08-26T17:27:09+0200,ec44fe02-3364-422b-92bd-0daf191e06d6,2026-08-10T02:45:00Z,2026-08-10T04:45:00+0200,598.307,MW,DE,DE_LU,actual_offshore_wind_generation,Wind Offshore,2026-08-26T15:33:13Z
2026-08-26T15:27:09Z,2026-08-26T17:27:09+0200,ec44fe02-3364-422b-92bd-0daf191e06d6,2026-08-10T03:00:00Z,2026-08-10T05:00:00+0200,641.475,MW,DE,DE_LU,actual_offshore_wind_generation,Wind Offshore,2026-08-26T15:33:13Z
2026-08-26T15:27:09Z,2026-08-26T17:27:09+0200,ec44fe02-3364-422b-92bd-0daf191e06d6,2026-08-10T03:15:00Z,2026-08-10T05:15:00+0200,652.444,MW,DE,DE_LU,actual_offshore_wind_generation,Wind Offshore,2026-08-26T15:33:13Z
2026-08-26T15:27:09Z,2026-08-26T17:27:09+0200,ec44fe02-3364-422b-92bd-0daf191e06d6,2026-08-10T03:30:00Z,2026-08-10T05:30:00+0200,573.022,MW,DE,DE_LU,actual_offshore_wind_generation,Wind Offshore,2026-08-26T15:33:13Z
2026-08-26T15:27:09Z,2026-08-26T17:27:09+0200,ec44fe02-3364-422b-92bd-0daf191e06d6,2026-08-10T03:45:00Z,2026-08-10T05:45:00+0200,593.221,MW,DE,DE_LU,actual_offshore_wind_generation,Wind Offshore,2026-08-26T15:33:13Z
2026-08-26T15:27:09Z,2026-08-26T17:27:09+0200,ec44fe02-3364-422b-92bd-0daf191e06d6,2026-08-10T04:00:00Z,2026-08-10T06:00:00+0200,665.493,MW,DE,DE_LU,actual_offshore_wind_generation,Wind Offshore,2026-08-26T15:33:13Z
2026-08-26T15:27:09Z,2026-08-26T17:27:09+0200,ec44fe02-3364-422b-92bd-0daf191e06d6,2026-08-10T04:15:00Z,2026-08-10T06:15:00+0200,698.02,MW,DE,DE_LU,actual_offshore_wind_generation,Wind Offshore,2026-08-26T15:33:13Z
2026-08-26T15:27:09Z,2026-08-26T17:27:09+0200,ec44fe02-3364-422b-92bd-0daf191e06d6,2026-08-10T04:30:00Z,2026-08-10T06:30:00+0200,628.259,MW,DE,DE_LU,actual_offshore_wind_generation,Wind Offshore,2026-08-26T15:33:13Z
2026-08-26T15:27:09Z,2026-08-26T17:27:09+0200,ec44fe02-3364-422b-92bd-0daf191e06d6,2026-08-10T04:45:00Z,2026-08-10T06:45:00+0200,608.764,MW,DE,DE_LU,actual_offshore_wind_generation,Wind Offshore,2026-08-26T15:33:13Z
2026-08-26T15:27:09Z,2026-08-26T17:27:09+0200,ec44fe02-3364-422b-92bd-0daf191e06d6,2026-08-10T05:00:00Z,2026-08-10T07:00:00+0200,630.788,MW,DE,DE_LU,actual_offshore_wind_generation,Wind Offshore,2026-08-26T15:33:13Z
2026-08-26T15:27:09Z,2026-08-26T17:27:09+0200,ec44fe02-3364-422b-92bd-0daf191e06d6,2026-08-10T05:15:00Z,2026-08-10T07:15:00+0200,622.878,MW,DE,DE_LU,actual_offshore_wind_generation,Wind Offshore,2026-08-26T15:33:13Z
2026-08-26T15:27:09Z,2026-08-26T17:27:09+0200,ec44fe02-3364-422b-92bd-0daf191e06d6,2026-08-10T05:30:00Z,2026-08-10T07:30:00+0200,558.222,MW,DE,DE_LU,actual_offshore_wind_generation,Wind Offshore,2026-08-26T15:33:13Z
2026-08-26T15:27:09Z,2026-08-26T17:27:09+0200,ec44fe02-3364-422b-92bd-0daf191e06d6,2026-08-10T05:45:00Z,2026-08-10T07:45:00+0200,529.268,MW,DE,DE_LU,actual_offshore_wind_generation,Wind Offshore,2026-08-26T15:33:13Z
2026-08-26T15:27:09Z,2026-08-26T17:27:09+0200,ec44fe02-3364-422b-92bd-0daf191e06d6,2026-08-10T06:00:00Z,2026-08-10T08:00:00+0200,550.668,MW,DE,DE_LU,actual_offshore_wind_generation,Wind Offshore,2026-08-26T15:33:13Z
2026-08-26T15:27:09Z,2026-08-26T17:27:09+0200,ec44fe02-3364-422b-92bd-0daf191e06d6,2026-08-10T06:15:00Z,2026-08-10T08:15:00+0200,565.543,MW,DE,DE_LU,actual_offshore_wind_generation,Wind Offshore,2026-08-26T15:33:13Z
2026-08-26T15:27:09Z,2026-08-26T17:27:09+0200,ec44fe02-3364-422b-92bd-0daf191e06d6,2026-08-10T06:30:00Z,2026-08-10T08:30:00+0200,620.664,MW,DE,DE_LU,actual_offshore_wind_generation,Wind Offshore,2026-08-26T15:33:13Z
2026-08-26T15:27:09Z,2026-08-26T17:27:09+0200,ec44fe02-3364-422b-92bd-0daf191e06d6,2026-08-10T06:45:00Z,2026-08-10T08:45:00+0200,728.237,MW,DE,DE_LU,actual_offshore_wind_generation,Wind Offshore,2026-08-26T15:33:13Z
2026-08-26T15:27:09Z,2026-08-26T17:27:09+0200,ec44fe02-3364-422b-92bd-0daf191e06d6,2026-08-10T07:00:00Z,2026-08-10T09:00:00+0200,959.229,MW,DE,DE_LU,actual_offshore_wind_generation,Wind Offshore,2026-08-26T15:33:13Z
2026-08-26T15:27:09Z,2026-08-26T17:27:09+0200,ec44fe02-3364-422b-92bd-0daf191e06d6,2026-08-10T07:15:00Z,2026-08-10T09:15:00+0200,1223.191,MW,DE,DE_LU,actual_offshore_wind_generation,Wind Offshore,2026-08-26T15:33:13Z
2026-08-26T15:27:09Z,2026-08-26T17:27:09+0200,ec44fe02-3364-422b-92bd-0daf191e06d6,2026-08-10T07:30:00Z,2026-08-10T09:30:00+0200,1346.478,MW,DE,DE_LU,actual_offshore_wind_generation,Wind Offshore,2026-08-26T15:33:13Z
2026-08-26T15:27:09Z,2026-08-26T17:27:09+0200,ec44fe02-3364-422b-92bd-0daf191e06d6,2026-08-10T07:45:00Z,2026-08-10T09:45:00+0200,1668.482,MW,DE,DE_LU,actual_offshore_wind_generation,Wind Offshore,2026-08-26T15:33:13Z
2026-08-26T15:27:09Z,2026-08-26T17:27:09+0200,ec44fe02-3364-422b-92bd-0daf191e06d6,2026-08-10T08:00:00Z,2026-08-10T10:00:00+0200,1962.32,MW,DE,DE_LU,actual_offshore_wind_generation,Wind Offshore,2026-08-26T15:33:13Z
2026-08-26T15:27:09Z,2026-08-26T17:27:09+0200,ec44fe02-3364-422b-92bd-0daf191e06d6,2026-08-10T08:15:00Z,2026-08-10T10:15:00+0200,2375.121,MW,DE,DE_LU,actual_offshore_wind_generation,Wind Offshore,2026-08-26T15:33:13Z
2026-08-26T15:27:09Z,2026-08-26T17:27:09+0200,ec44fe02-3364-422b-92bd-0daf191e06d6,2026-08-10T08:30:00Z,2026-08-10T10:30:00+0200,2696.787,MW,DE,DE_LU,actual_offshore_wind_generation,Wind Offshore,2026-08-26T15:33:13Z
2026-08-26T15:27:09Z,2026-08-26T17:27:09+0200,ec44fe02-3364-422b-92bd-0daf191e06d6,2026-08-10T08:45:00Z,2026-08-10T10:45:00+0200,2885.324,MW,DE,DE_LU,actual_offshore_wind_generation,Wind Offshore,2026-08-26T15:33:13Z
2026-08-26T15:27:09Z,2026-08-26T17:27:09+0200,ec44fe02-3364-422b-92bd-0daf191e06d6,2026-08-10T09:00:00Z,2026-08-10T11:00:00+0200,2658.457,MW,DE,DE_LU,actual_offshore_wind_generation,Wind Offshore,2026-08-26T15:33:13Z
2026-08-26T15:27:09Z,2026-08-26T17:27:09+0200,ec44fe02-3364-422b-92bd-0daf191e06d6,2026-08-10T09:15:00Z,2026-08-10T11:15:00+0200,2922.958,MW,DE,DE_LU,actual_offshore_wind_generation,Wind Offshore,2026-08-26T15:33:13Z
2026-08-26T15:27:09Z,2026-08-26T17:27:09+0200,ec44fe02-3364-422b-92bd-0daf191e06d6,2026-08-10T09:30:00Z,2026-08-10T11:30:00+0200,2794.082,MW,DE,DE_LU,actual_offshore_wind_generation,Wind Offshore,2026-08-26T15:33:13Z
2026-08-26T15:27:09Z,2026-08-26T17:27:09+0200,ec44fe02-3364-422b-92bd-0daf191e06d6,2026-08-10T09:45:00Z,2026-08-10T11:45:00+0200,2730.277,MW,DE,DE_LU,actual_offshore_wind_generation,Wind Offshore,2026-08-26T15:33:13Z
2026-08-26T15:27:09Z,2026-08-26T17:27:09+0200,ec44fe02-3364-422b-92bd-0daf191e06d6,2026-08-10T10:00:00Z,2026-08-10T12:00:00+0200,2621.277,MW,DE,DE_LU,actual_offshore_wind_generation,Wind Offshore,2026-08-26T15:33:13Z
2026-08-26T15:27:09Z,2026-08-26T17:27:09+0200,ec44fe02-3364-422b-92bd-0daf191e06d6,2026-08-10T10:15:00Z,2026-08-10T12:15:00+0200,2754.161,MW,DE,DE_LU,actual_offshore_wind_generation,Wind Offshore,2026-08-26T15:33:13Z
2026-08-26T15:27:09Z,2026-08-26T17:27:09+0200,ec44fe02-3364-422b-92bd-0daf191e06d6,2026-08-10T10:30:00Z,2026-08-10T12:30:00+0200,2469.611,MW,DE,DE_LU,actual_offshore_wind_generation,Wind Offshore,2026-08-26T15:33:13Z
2026-08-26T15:27:09Z,2026-08-26T17:27:09+0200,ec44fe02-3364-422b-92bd-0daf191e06d6,2026-08-10T10:45:00Z,2026-08-10T12:45:00+0200,2565.521,MW,DE,DE_LU,actual_offshore_wind_generation,Wind Offshore,2026-08-26T15:33:13Z
2026-08-26T15:27:09Z,2026-08-26T17:27:09+0200,ec44fe02-3364-422b-92bd-0daf191e06d6,2026-08-10T11:00:00Z,2026-08-10T13:00:00+0200,2375.496,MW,DE,DE_LU,actual_offshore_wind_generation,Wind Offshore,2026-08-26T15:33:13Z
2026-08-26T15:27:09Z,2026-08-26T17:27:09+0200,ec44fe02-3364-422b-92bd-0daf191e06d6,2026-08-10T11:15:00Z,2026-08-10T13:15:00+0200,2476.213,MW,DE,DE_LU,actual_offshore_wind_generation,Wind Offshore,2026-08-26T15:33:13Z
2026-08-26T15:27:09Z,2026-08-26T17:27:09+0200,ec44fe02-3364-422b-92bd-0daf191e06d6,2026-08-10T11:30:00Z,2026-08-10T13:30:00+0200,2438.166,MW,DE,DE_LU,actual_offshore_wind_generation,Wind Offshore,2026-08-26T15:33:13Z
2026-08-26T15:27:09Z,2026-08-26T17:27:09+0200,ec44fe02-3364-422b-92bd-0daf191e06d6,2026-08-10T11:45:00Z,2026-08-10T13:45:00+0200,2490.272,MW,DE,DE_LU,actual_offshore_wind_generation,Wind Offshore,2026-08-26T15:33:13Z
2026-08-26T15:27:09Z,2026-08-26T17:27:09+0200,ec44fe02-3364-422b-92bd-0daf191e06d6,2026-08-10T12:00:00Z,2026-08-10T14:00:00+0200,2291.551,MW,DE,DE_LU,actual_offshore_wind_generation,Wind Offshore,2026-08-26T15:33:13Z
2026-08-26T15:27:09Z,2026-08-26T17:27:09+0200,ec44fe02-3364-422b-92bd-0daf191e06d6,2026-08-10T12:15:00Z,2026-08-10T14:15:00+0200,2252.797,MW,DE,DE_LU,actual_offshore_wind_generation,Wind Offshore,2026-08-26T15:33:13Z
2026-08-26T15:27:09Z,2026-08-26T17:27:09+0200,ec44fe02-3364-422b-92bd-0daf191e06d6,2026-08-10T12:30:00Z,2026-08-10T14:30:00+0200,2403.708,MW,DE,DE_LU,actual_offshore_wind_generation,Wind Offshore,2026-08-26T15:33:13Z
2026-08-26T15:27:09Z,2026-08-26T17:27:09+0200,ec44fe02-3364-422b-92bd-0daf191e06d6,2026-08-10T12:45:00Z,2026-08-10T14:45:00+0200,2783.018,MW,DE,DE_LU,actual_offshore_wind_generation,Wind Offshore,2026-08-26T15:33:13Z
2026-08-26T15:27:09Z,2026-08-26T17:27:09+0200,ec44fe02-3364-422b-92bd-0daf191e06d6,2026-08-10T13:00:00Z,2026-08-10T15:00:00+0200,3310.032,MW,DE,DE_LU,actual_offshore_wind_generation,Wind Offshore,2026-08-26T15:33:13Z
2026-08-26T15:27:09Z,2026-08-26T17:27:09+0200,ec44fe02-3364-422b-92bd-0daf191e06d6,2026-08-10T13:15:00Z,2026-08-10T15:15:00+0200,3508.789,MW,DE,DE_LU,actual_offshore_wind_generation,Wind Offshore,2026-08-26T15:33:13Z
2026-08-26T15:27:09Z,2026-08-26T17:27:09+0200,ec44fe02-3364-422b-92bd-0daf191e06d6,2026-08-10T13:30:00Z,2026-08-10T15:30:00+0200,3665.208,MW,DE,DE_LU,actual_offshore_wind_generation,Wind Offshore,2026-08-26T15:33:13Z
2026-08-26T15:27:09Z,2026-08-26T17:27:09+0200,ec44fe02-3364-422b-92bd-0daf191e06d6,2026-08-10T13:45:00Z,2026-08-10T15:45:00+0200,3640.433,MW,DE,DE_LU,actual_offshore_wind_generation,Wind Offshore,2026-08-26T15:33:13Z
2026-08-26T15:27:09Z,2026-08-26T17:27:09+0200,ec44fe02-3364-422b-92bd-0daf191e06d6,2026-08-10T14:00:00Z,2026-08-10T16:00:00+0200,3254.941,MW,DE,DE_LU,actual_offshore_wind_generation,Wind Offshore,2026-08-26T15:33:13Z
2026-08-26T15:27:09Z,2026-08-26T17:27:09+0200,ec44fe02-3364-422b-92bd-0daf191e06d6,2026-08-10T14:15:00Z,2026-08-10T16:15:00+0200,3161.345,MW,DE,DE_LU,actual_offshore_wind_generation,Wind Offshore,2026-08-26T15:33:13Z
2026-08-26T15:27:09Z,2026-08-26T17:27:09+0200,ec44fe02-3364-422b-92bd-0daf191e06d6,2026-08-10T14:30:00Z,2026-08-10T16:30:00+0200,3071.091,MW,DE,DE_LU,actual_offshore_wind_generation,Wind Offshore,2026-08-26T15:33:13Z
2026-08-26T15:27:09Z,2026-08-26T17:27:09+0200,ec44fe02-3364-422b-92bd-0daf191e06d6,2026-08-10T14:45:00Z,2026-08-10T16:45:00+0200,3042.235,MW,DE,DE_LU,actual_offshore_wind_generation,Wind Offshore,2026-08-26T15:33:13Z
2026-08-26T15:27:09Z,2026-08-26T17:27:09+0200,ec44fe02-3364-422b-92bd-0daf191e06d6,2026-08-10T15:00:00Z,2026-08-10T17:00:00+0200,4281.432,MW,DE,DE_LU,actual_offshore_wind_generation,Wind Offshore,2026-08-26T15:33:13Z
2026-08-26T15:27:09Z,2026-08-26T17:27:09+0200,ec44fe02-3364-422b-92bd-0daf191e06d6,2026-08-10T15:15:00Z,2026-08-10T17:15:00+0200,4506.639,MW,DE,DE_LU,actual_offshore_wind_generation,Wind Offshore,2026-08-26T15:33:13Z
2026-08-26T15:27:09Z,2026-08-26T17:27:09+0200,ec44fe02-3364-422b-92bd-0daf191e06d6,2026-08-10T15:30:00Z,2026-08-10T17:30:00+0200,3855.642,MW,DE,DE_LU,actual_offshore_wind_generation,Wind Offshore,2026-08-26T15:33:13Z
2026-08-26T15:27:09Z,2026-08-26T17:27:09+0200,ec44fe02-3364-422b-92bd-0daf191e06d6,2026-08-10T15:45:00Z,2026-08-10T17:45:00+0200,3409.129,MW,DE,DE_LU,actual_offshore_wind_generation,Wind Offshore,2026-08-26T15:33:13Z
2026-08-26T15:27:09Z,2026-08-26T17:27:09+0200,ec44fe02-3364-422b-92bd-0daf191e06d6,2026-08-10T16:00:00Z,2026-08-10T18:00:00+0200,3701.563,MW,DE,DE_LU,actual_offshore_wind_generation,Wind Offshore,2026-08-26T15:33:13Z
2026-08-26T15:27:09Z,2026-08-26T17:27:09+0200,ec44fe02-3364-422b-92bd-0daf191e06d6,2026-08-10T16:15:00Z,2026-08-10T18:15:00+0200,3810.835,MW,DE,DE_LU,actual_offshore_wind_generation,Wind Offshore,2026-08-26T15:33:13Z
2026-08-26T15:27:09Z,2026-08-26T17:27:09+0200,ec44fe02-3364-422b-92bd-0daf191e06d6,2026-08-10T16:30:00Z,2026-08-10T18:30:00+0200,3973.918,MW,DE,DE_LU,actual_offshore_wind_generation,Wind Offshore,2026-08-26T15:33:13Z
2026-08-26T15:27:09Z,2026-08-26T17:27:09+0200,ec44fe02-3364-422b-92bd-0daf191e06d6,2026-08-10T16:45:00Z,2026-08-10T18:45:00+0200,3913.057,MW,DE,DE_LU,actual_offshore_wind_generation,Wind Offshore,2026-08-26T15:33:13Z
2026-08-26T15:27:09Z,2026-08-26T17:27:09+0200,ec44fe02-3364-422b-92bd-0daf191e06d6,2026-08-10T17:00:00Z,2026-08-10T19:00:00+0200,4047.81,MW,DE,DE_LU,actual_offshore_wind_generation,Wind Offshore,2026-08-26T15:33:13Z
2026-08-26T15:27:09Z,2026-08-26T17:27:09+0200,ec44fe02-3364-422b-92bd-0daf191e06d6,2026-08-10T17:15:00Z,2026-08-10T19:15:00+0200,4093.862,MW,DE,DE_LU,actual_offshore_wind_generation,Wind Offshore,2026-08-26T15:33:13Z
2026-08-26T15:27:09Z,2026-08-26T17:27:09+0200,ec44fe02-3364-422b-92bd-0daf191e06d6,2026-08-10T17:30:00Z,2026-08-10T19:30:00+0200,3943.346,MW,DE,DE_LU,actual_offshore_wind_generation,Wind Offshore,2026-08-26T15:33:13Z
2026-08-26T15:27:09Z,2026-08-26T17:27:09+0200,ec44fe02-3364-422b-92bd-0daf191e06d6,2026-08-10T17:45:00Z,2026-08-10T19:45:00+0200,3849.107,MW,DE,DE_LU,actual_offshore_wind_generation,Wind Offshore,2026-08-26T15:33:13Z
2026-08-26T15:27:09Z,2026-08-26T17:27:09+0200,ec44fe02-3364-422b-92bd-0daf191e06d6,2026-08-10T18:00:00Z,2026-08-10T20:00:00+0200,3924.919,MW,DE,DE_LU,actual_offshore_wind_generation,Wind Offshore,2026-08-26T15:33:13Z
2026-08-26T15:27:09Z,2026-08-26T17:27:09+0200,ec44fe02-3364-422b-92bd-0daf191e06d6,2026-08-10T18:15:00Z,2026-08-10T20:15:00+0200,3942.705,MW,DE,DE_LU,actual_offshore_wind_generation,Wind Offshore,2026-08-26T15:33:13Z
2026-08-26T15:27:09Z,2026-08-26T17:27:09+0200,ec44fe02-3364-422b-92bd-0daf191e06d6,2026-08-10T18:30:00Z,2026-08-10T20:30:00+0200,4049.744,MW,DE,DE_LU,actual_offshore_wind_generation,Wind Offshore,2026-08-26T15:33:13Z
2026-08-26T15:27:09Z,2026-08-26T17:27:09+0200,ec44fe02-3364-422b-92bd-0daf191e06d6,2026-08-10T18:45:00Z,2026-08-10T20:45:00+0200,4204.611,MW,DE,DE_LU,actual_offshore_wind_generation,Wind Offshore,2026-08-26T15:33:13Z
2026-08-26T15:27:09Z,2026-08-26T17:27:09+0200,ec44fe02-3364-422b-92bd-0daf191e06d6,2026-08-10T19:00:00Z,2026-08-10T21:00:00+0200,4154.015,MW,DE,DE_LU,actual_offshore_wind_generation,Wind Offshore,2026-08-26T15:33:13Z
2026-08-26T15:27:09Z,2026-08-26T17:27:09+0200,ec44fe02-3364-422b-92bd-0daf191e06d6,2026-08-10T19:15:00Z,2026-08-10T21:15:00+0200,4116.115,MW,DE,DE_LU,actual_offshore_wind_generation,Wind Offshore,2026-08-26T15:33:13Z
2026-08-26T15:27:09Z,2026-08-26T17:27:09+0200,ec44fe02-3364-422b-92bd-0daf191e06d6,2026-08-10T19:30:00Z,2026-08-10T21:30:00+0200,4243.654,MW,DE,DE_LU,actual_offshore_wind_generation,Wind Offshore,2026-08-26T15:33:13Z
2026-08-26T15:27:09Z,2026-08-26T17:27:09+0200,ec44fe02-3364-422b-92bd-0daf191e06d6,2026-08-10T19:45:00Z,2026-08-10T21:45:00+0200,4405.367,MW,DE,DE_LU,actual_offshore_wind_generation,Wind Offshore,2026-08-26T15:33:13Z
2026-08-26T15:27:09Z,2026-08-26T17:27:09+0200,ec44fe02-3364-422b-92bd-0daf191e06d6,2026-08-10T20:00:00Z,2026-08-10T22:00:00+0200,5063.242,MW,DE,DE_LU,actual_offshore_wind_generation,Wind Offshore,2026-08-26T15:33:13Z
2026-08-26T15:27:09Z,2026-08-26T17:27:09+0200,ec44fe02-3364-422b-92bd-0daf191e06d6,2026-08-10T20:15:00Z,2026-08-10T22:15:00+0200,5325.162,MW,DE,DE_LU,actual_offshore_wind_generation,Wind Offshore,2026-08-26T15:33:13Z
2026-08-26T15:27:09Z,2026-08-26T17:27:09+0200,ec44fe02-3364-422b-92bd-0daf191e06d6,2026-08-10T20:30:00Z,2026-08-10T22:30:00+0200,5613.035,MW,DE,DE_LU,actual_offshore_wind_generation,Wind Offshore,2026-08-26T15:33:13Z
2026-08-26T15:27:09Z,2026-08-26T17:27:09+0200,ec44fe02-3364-422b-92bd-0daf191e06d6,2026-08-10T20:45:00Z,2026-08-10T22:45:00+0200,5794.128,MW,DE,DE_LU,actual_offshore_wind_generation,Wind Offshore,2026-08-26T15:33:13Z
2026-08-26T15:27:09Z,2026-08-26T17:27:09+0200,ec44fe02-3364-422b-92bd-0daf191e06d6,2026-08-10T21:00:00Z,2026-08-10T23:00:00+0200,5421.664,MW,DE,DE_LU,actual_offshore_wind_generation,Wind Offshore,2026-08-26T15:33:13Z
2026-08-26T15:27:09Z,2026-08-26T17:27:09+0200,ec44fe02-3364-422b-92bd-0daf191e06d6,2026-08-10T21:15:00Z,2026-08-10T23:15:00+0200,5541.403,MW,DE,DE_LU,actual_offshore_wind_generation,Wind Offshore,2026-08-26T15:33:13Z
2026-08-26T15:27:09Z,2026-08-26T17:27:09+0200,ec44fe02-3364-422b-92bd-0daf191e06d6,2026-08-10T21:30:00Z,2026-08-10T23:30:00+0200,5633.274,MW,DE,DE_LU,actual_offshore_wind_generation,Wind Offshore,2026-08-26T15:33:13Z
2026-08-26T15:27:09Z,2026-08-26T17:27:09+0200,ec44fe02-3364-422b-92bd-0daf191e06d6,2026-08-10T21:45:00Z,2026-08-10T23:45:00+0200,5770.374,MW,DE,DE_LU,actual_offshore_wind_generation,Wind Offshore,2026-08-26T15:33:13Z
2026-08-26T15:27:09Z,2026-08-26T17:27:09+0200,ec44fe02-3364-422b-92bd-0daf191e06d6,2026-08-10T22:00:00Z,2026-08-11T00:00:00+0200,6141.492,MW,DE,DE_LU,actual_offshore_wind_generation,Wind Offshore,2026-08-26T15:33:13Z
2026-08-26T15:27:09Z,2026-08-26T17:27:09+0200,ec44fe02-3364-422b-92bd-0daf191e06d6,2026-08-10T22:15:00Z,2026-08-11T00:15:00+0200,6192.723,MW,DE,DE_LU,actual_offshore_wind_generation,Wind Offshore,2026-08-26T15:33:13Z
2026-08-26T15:27:09Z,2026-08-26T17:27:09+0200,ec44fe02-3364-422b-92bd-0daf191e06d6,2026-08-10T22:30:00Z,2026-08-11T00:30:00+0200,6312.446,MW,DE,DE_LU,actual_offshore_wind_generation,Wind Offshore,2026-08-26T15:33:13Z
2026-08-26T15:27:09Z,2026-08-26T17:27:09+0200,ec44fe02-3364-422b-92bd-0daf191e06d6,2026-08-10T22:45:00Z,2026-08-11T00:45:00+0200,6442.304,MW,DE,DE_LU,actual_offshore_wind_generation,Wind Offshore,2026-08-26T15:33:13Z
2026-08-26T15:27:09Z,2026-08-26T17:27:09+0200,ec44fe02-3364-422b-92bd-0daf191e06d6,2026-08-10T23:00:00Z,2026-08-11T01:00:00+0200,6313.165,MW,DE,DE_LU,actual_offshore_wind_generation,Wind Offshore,2026-08-26T15:33:13Z
2026-08-26T15:27:09Z,2026-08-26T17:27:09+0200,ec44fe02-3364-422b-92bd-0daf191e06d6,2026-08-10T23:15:00Z,2026-08-11T01:15:00+0200,6244.245,MW,DE,DE_LU,actual_offshore_wind_generation,Wind Offshore,2026-08-26T15:33:13Z
2026-08-26T15:27:09Z,2026-08-26T17:27:09+0200,ec44fe02-3364-422b-92bd-0daf191e06d6,2026-08-10T23:30:00Z,2026-08-11T01:30:00+0200,6277.179,MW,DE,DE_LU,actual_offshore_wind_generation,Wind Offshore,2026-08-26T15:33:13Z
2026-08-26T15:27:09Z,2026-08-26T17:27:09+0200,ec44fe02-3364-422b-92bd-0daf191e06d6,2026-08-10T23:45:00Z,2026-08-11T01:45:00+0200,6264.826,MW,DE,DE_LU,actual_offshore_wind_generation,Wind Offshore,2026-08-26T15:33:13Z
2026-08-26T15:27:09Z,2026-08-26T17:27:09+0200,ec44fe02-3364-422b-92bd-0daf191e06d6,2026-08-11T00:00:00Z,2026-08-11T02:00:00+0200,6224.213,MW,DE,DE_LU,actual_offshore_wind_generation,Wind Offshore,2026-08-26T15:33:13Z
2026-08-26T15:27:09Z,2026-08-26T17:27:09+0200,ec44fe02-3364-422b-92bd-0daf191e06d6,2026-08-11T00:15:00Z,2026-08-11T02:15:00+0200,6216.239,MW,DE,DE_LU,actual_offshore_wind_generation,Wind Offshore,2026-08-26T15:33:13Z
2026-08-26T15:27:09Z,2026-08-26T17:27:09+0200,ec44fe02-3364-422b-92bd-0daf191e06d6,2026-08-11T00:30:00Z,2026-08-11T02:30:00+0200,6119.551,MW,DE,DE_LU,actual_offshore_wind_generation,Wind Offshore,2026-08-26T15:33:13Z
2026-08-26T15:27:09Z,2026-08-26T17:27:09+0200,ec44fe02-3364-422b-92bd-0daf191e06d6,2026-08-11T00:45:00Z,2026-08-11T02:45:00+0200,5995.74,MW,DE,DE_LU,actual_offshore_wind_generation,Wind Offshore,2026-08-26T15:33:13Z
2026-08-26T15:27:09Z,2026-08-26T17:27:09+0200,ec44fe02-3364-422b-92bd-0daf191e06d6,2026-08-11T01:00:00Z,2026-08-11T03:00:00+0200,5886.944,MW,DE,DE_LU,actual_offshore_wind_generation,Wind Offshore,2026-08-26T15:33:13Z
2026-08-26T15:27:09Z,2026-08-26T17:27:09+0200,ec44fe02-3364-422b-92bd-0daf191e06d6,2026-08-11T01:15:00Z,2026-08-11T03:15:00+0200,5809.457,MW,DE,DE_LU,actual_offshore_wind_generation,Wind Offshore,2026-08-26T15:33:13Z
2026-08-26T15:27:09Z,2026-08-26T17:27:09+0200,ec44fe02-3364-422b-92bd-0daf191e06d6,2026-08-11T01:30:00Z,2026-08-11T03:30:00+0200,5744.471,MW,DE,DE_LU,actual_offshore_wind_generation,Wind Offshore,2026-08-26T15:33:13Z
2026-08-26T15:27:09Z,2026-08-26T17:27:09+0200,ec44fe02-3364-422b-92bd-0daf191e06d6,2026-08-11T01:45:00Z,2026-08-11T03:45:00+0200,5727.695,MW,DE,DE_LU,actual_offshore_wind_generation,Wind Offshore,2026-08-26T15:33:13Z
2026-08-26T15:27:09Z,2026-08-26T17:27:09+0200,ec44fe02-3364-422b-92bd-0daf191e06d6,2026-08-11T02:00:00Z,2026-08-11T04:00:00+0200,5818.91,MW,DE,DE_LU,actual_offshore_wind_generation,Wind Offshore,2026-08-26T15:33:13Z
2026-08-26T15:27:09Z,2026-08-26T17:27:09+0200,ec44fe02-3364-422b-92bd-0daf191e06d6,2026-08-11T02:15:00Z,2026-08-11T04:15:00+0200,5891.656,MW,DE,DE_LU,actual_offshore_wind_generation,Wind Offshore,2026-08-26T15:33:13Z
2026-08-26T15:27:09Z,2026-08-26T17:27:09+0200,ec44fe02-3364-422b-92bd-0daf191e06d6,2026-08-11T02:30:00Z,2026-08-11T04:30:00+0200,5810.126,MW,DE,DE_LU,actual_offshore_wind_generation,Wind Offshore,2026-08-26T15:33:13Z
2026-08-26T15:27:09Z,2026-08-26T17:27:09+0200,ec44fe02-3364-422b-92bd-0daf191e06d6,2026-08-11T02:45:00Z,2026-08-11T04:45:00+0200,5790.943,MW,DE,DE_LU,actual_offshore_wind_generation,Wind Offshore,2026-08-26T15:33:13Z
2026-08-26T15:27:09Z,2026-08-26T17:27:09+0200,ec44fe02-3364-422b-92bd-0daf191e06d6,2026-08-11T03:00:00Z,2026-08-11T05:00:00+0200,5738.224,MW,DE,DE_LU,actual_offshore_wind_generation,Wind Offshore,2026-08-26T15:33:13Z
2026-08-26T15:27:09Z,2026-08-26T17:27:09+0200,ec44fe02-3364-422b-92bd-0daf191e06d6,2026-08-11T03:15:00Z,2026-08-11T05:15:00+0200,5557.915,MW,DE,DE_LU,actual_offshore_wind_generation,Wind Offshore,2026-08-26T15:33:13Z
2026-08-26T15:27:09Z,2026-08-26T17:27:09+0200,ec44fe02-3364-422b-92bd-0daf191e06d6,2026-08-11T03:30:00Z,2026-08-11T05:30:00+0200,5619.935,MW,DE,DE_LU,actual_offshore_wind_generation,Wind Offshore,2026-08-26T15:33:13Z
2026-08-26T15:27:09Z,2026-08-26T17:27:09+0200,ec44fe02-3364-422b-92bd-0daf191e06d6,2026-08-11T03:45:00Z,2026-08-11T05:45:00+0200,5609.628,MW,DE,DE_LU,actual_offshore_wind_generation,Wind Offshore,2026-08-26T15:33:13Z
2026-08-26T15:27:09Z,2026-08-26T17:27:09+0200,ec44fe02-3364-422b-92bd-0daf191e06d6,2026-08-11T04:00:00Z,2026-08-11T06:00:00+0200,5432.156,MW,DE,DE_LU,actual_offshore_wind_generation,Wind Offshore,2026-08-26T15:33:13Z
2026-08-26T15:27:09Z,2026-08-26T17:27:09+0200,ec44fe02-3364-422b-92bd-0daf191e06d6,2026-08-11T04:15:00Z,2026-08-11T06:15:00+0200,5424.711,MW,DE,DE_LU,actual_offshore_wind_generation,Wind Offshore,2026-08-26T15:33:13Z
2026-08-26T15:27:09Z,2026-08-26T17:27:09+0200,ec44fe02-3364-422b-92bd-0daf191e06d6,2026-08-11T04:30:00Z,2026-08-11T06:30:00+0200,5353.635,MW,DE,DE_LU,actual_offshore_wind_generation,Wind Offshore,2026-08-26T15:33:13Z
2026-08-26T15:27:09Z,2026-08-26T17:27:09+0200,ec44fe02-3364-422b-92bd-0daf191e06d6,2026-08-11T04:45:00Z,2026-08-11T06:45:00+0200,5374.79,MW,DE,DE_LU,actual_offshore_wind_generation,Wind Offshore,2026-08-26T15:33:13Z
2026-08-26T15:27:09Z,2026-08-26T17:27:09+0200,ec44fe02-3364-422b-92bd-0daf191e06d6,2026-08-11T05:00:00Z,2026-08-11T07:00:00+0200,5599.648,MW,DE,DE_LU,actual_offshore_wind_generation,Wind Offshore,2026-08-26T15:33:13Z
2026-08-26T15:27:09Z,2026-08-26T17:27:09+0200,ec44fe02-3364-422b-92bd-0daf191e06d6,2026-08-11T05:15:00Z,2026-08-11T07:15:00+0200,5480.849,MW,DE,DE_LU,actual_offshore_wind_generation,Wind Offshore,2026-08-26T15:33:13Z
2026-08-26T15:27:09Z,2026-08-26T17:27:09+0200,ec44fe02-3364-422b-92bd-0daf191e06d6,2026-08-11T05:30:00Z,2026-08-11T07:30:00+0200,5309.764,MW,DE,DE_LU,actual_offshore_wind_generation,Wind Offshore,2026-08-26T15:33:13Z
2026-08-26T15:27:09Z,2026-08-26T17:27:09+0200,ec44fe02-3364-422b-92bd-0daf191e06d6,2026-08-11T05:45:00Z,2026-08-11T07:45:00+0200,5163.045,MW,DE,DE_LU,actual_offshore_wind_generation,Wind Offshore,2026-08-26T15:33:13Z
2026-08-26T15:27:09Z,2026-08-26T17:27:09+0200,ec44fe02-3364-422b-92bd-0daf191e06d6,2026-08-11T06:00:00Z,2026-08-11T08:00:00+0200,5455.213,MW,DE,DE_LU,actual_offshore_wind_generation,Wind Offshore,2026-08-26T15:33:13Z
2026-08-26T15:27:09Z,2026-08-26T17:27:09+0200,ec44fe02-3364-422b-92bd-0daf191e06d6,2026-08-11T06:15:00Z,2026-08-11T08:15:00+0200,5379.446,MW,DE,DE_LU,actual_offshore_wind_generation,Wind Offshore,2026-08-26T15:33:13Z
2026-08-26T15:27:09Z,2026-08-26T17:27:09+0200,ec44fe02-3364-422b-92bd-0daf191e06d6,2026-08-11T06:30:00Z,2026-08-11T08:30:00+0200,5183.356,MW,DE,DE_LU,actual_offshore_wind_generation,Wind Offshore,2026-08-26T15:33:13Z
2026-08-26T15:27:09Z,2026-08-26T17:27:09+0200,ec44fe02-3364-422b-92bd-0daf191e06d6,2026-08-11T06:45:00Z,2026-08-11T08:45:00+0200,4934.152,MW,DE,DE_LU,actual_offshore_wind_generation,Wind Offshore,2026-08-26T15:33:13Z
2026-08-26T15:27:09Z,2026-08-26T17:27:09+0200,ec44fe02-3364-422b-92bd-0daf191e06d6,2026-08-11T07:00:00Z,2026-08-11T09:00:00+0200,4509.274,MW,DE,DE_LU,actual_offshore_wind_generation,Wind Offshore,2026-08-26T15:33:13Z
2026-08-26T15:27:09Z,2026-08-26T17:27:09+0200,ec44fe02-3364-422b-92bd-0daf191e06d6,2026-08-11T07:15:00Z,2026-08-11T09:15:00+0200,4220.742,MW,DE,DE_LU,actual_offshore_wind_generation,Wind Offshore,2026-08-26T15:33:13Z
2026-08-26T15:27:09Z,2026-08-26T17:27:09+0200,ec44fe02-3364-422b-92bd-0daf191e06d6,2026-08-11T07:30:00Z,2026-08-11T09:30:00+0200,3958.92,MW,DE,DE_LU,actual_offshore_wind_generation,Wind Offshore,2026-08-26T15:33:13Z
2026-08-26T15:27:09Z,2026-08-26T17:27:09+0200,ec44fe02-3364-422b-92bd-0daf191e06d6,2026-08-11T07:45:00Z,2026-08-11T09:45:00+0200,3654.756,MW,DE,DE_LU,actual_offshore_wind_generation,Wind Offshore,2026-08-26T15:33:13Z
2026-08-26T15:27:09Z,2026-08-26T17:27:09+0200,ec44fe02-3364-422b-92bd-0daf191e06d6,2026-08-11T08:00:00Z,2026-08-11T10:00:00+0200,3105.977,MW,DE,DE_LU,actual_offshore_wind_generation,Wind Offshore,2026-08-26T15:33:13Z
2026-08-26T15:27:09Z,2026-08-26T17:27:09+0200,ec44fe02-3364-422b-92bd-0daf191e06d6,2026-08-11T08:15:00Z,2026-08-11T10:15:00+0200,3017.81,MW,DE,DE_LU,actual_offshore_wind_generation,Wind Offshore,2026-08-26T15:33:13Z
2026-08-26T15:27:09Z,2026-08-26T17:27:09+0200,ec44fe02-3364-422b-92bd-0daf191e06d6,2026-08-11T08:30:00Z,2026-08-11T10:30:00+0200,2936.346,MW,DE,DE_LU,actual_offshore_wind_generation,Wind Offshore,2026-08-26T15:33:13Z
2026-08-26T15:27:09Z,2026-08-26T17:27:09+0200,ec44fe02-3364-422b-92bd-0daf191e06d6,2026-08-11T08:45:00Z,2026-08-11T10:45:00+0200,2869.808,MW,DE,DE_LU,actual_offshore_wind_generation,Wind Offshore,2026-08-26T15:33:13Z
2026-08-26T15:27:09Z,2026-08-26T17:27:09+0200,ec44fe02-3364-422b-92bd-0daf191e06d6,2026-08-11T09:00:00Z,2026-08-11T11:00:00+0200,2574.311,MW,DE,DE_LU,actual_offshore_wind_generation,Wind Offshore,2026-08-26T15:33:13Z
2026-08-26T15:27:09Z,2026-08-26T17:27:09+0200,ec44fe02-3364-422b-92bd-0daf191e06d6,2026-08-11T09:15:00Z,2026-08-11T11:15:00+0200,2317.247,MW,DE,DE_LU,actual_offshore_wind_generation,Wind Offshore,2026-08-26T15:33:13Z
2026-08-26T15:27:09Z,2026-08-26T17:27:09+0200,ec44fe02-3364-422b-92bd-0daf191e06d6,2026-08-11T09:30:00Z,2026-08-11T11:30:00+0200,2209.838,MW,DE,DE_LU,actual_offshore_wind_generation,Wind Offshore,2026-08-26T15:33:13Z
2026-08-26T15:27:09Z,2026-08-26T17:27:09+0200,ec44fe02-3364-422b-92bd-0daf191e06d6,2026-08-11T09:45:00Z,2026-08-11T11:45:00+0200,2120.804,MW,DE,DE_LU,actual_offshore_wind_generation,Wind Offshore,2026-08-26T15:33:13Z
2026-08-26T15:27:09Z,2026-08-26T17:27:09+0200,ec44fe02-3364-422b-92bd-0daf191e06d6,2026-08-11T10:00:00Z,2026-08-11T12:00:00+0200,2028.541,MW,DE,DE_LU,actual_offshore_wind_generation,Wind Offshore,2026-08-26T15:33:13Z
2026-08-26T15:27:09Z,2026-08-26T17:27:09+0200,ec44fe02-3364-422b-92bd-0daf191e06d6,2026-08-11T10:15:00Z,2026-08-11T12:15:00+0200,2030.143,MW,DE,DE_LU,actual_offshore_wind_generation,Wind Offshore,2026-08-26T15:33:13Z
2026-08-26T15:27:09Z,2026-08-26T17:27:09+0200,ec44fe02-3364-422b-92bd-0daf191e06d6,2026-08-11T10:30:00Z,2026-08-11T12:30:00+0200,1994.913,MW,DE,DE_LU,actual_offshore_wind_generation,Wind Offshore,2026-08-26T15:33:13Z
2026-08-26T15:27:09Z,2026-08-26T17:27:09+0200,ec44fe02-3364-422b-92bd-0daf191e06d6,2026-08-11T10:45:00Z,2026-08-11T12:45:00+0200,1868.12,MW,DE,DE_LU,actual_offshore_wind_generation,Wind Offshore,2026-08-26T15:33:13Z
2026-08-26T15:27:09Z,2026-08-26T17:27:09+0200,ec44fe02-3364-422b-92bd-0daf191e06d6,2026-08-11T11:00:00Z,2026-08-11T13:00:00+0200,1734.267,MW,DE,DE_LU,actual_offshore_wind_generation,Wind Offshore,2026-08-26T15:33:13Z
2026-08-26T15:27:09Z,2026-08-26T17:27:09+0200,ec44fe02-3364-422b-92bd-0daf191e06d6,2026-08-11T11:15:00Z,2026-08-11T13:15:00+0200,1657.167,MW,DE,DE_LU,actual_offshore_wind_generation,Wind Offshore,2026-08-26T15:33:13Z
2026-08-26T15:27:09Z,2026-08-26T17:27:09+0200,ec44fe02-3364-422b-92bd-0daf191e06d6,2026-08-11T11:30:00Z,2026-08-11T13:30:00+0200,1610.039,MW,DE,DE_LU,actual_offshore_wind_generation,Wind Offshore,2026-08-26T15:33:13Z
2026-08-26T15:27:09Z,2026-08-26T17:27:09+0200,ec44fe02-3364-422b-92bd-0daf191e06d6,2026-08-11T11:45:00Z,2026-08-11T13:45:00+0200,1565.833,MW,DE,DE_LU,actual_offshore_wind_generation,Wind Offshore,2026-08-26T15:33:13Z
2026-08-26T15:27:09Z,2026-08-26T17:27:09+0200,ec44fe02-3364-422b-92bd-0daf191e06d6,2026-08-11T12:00:00Z,2026-08-11T14:00:00+0200,1455.39,MW,DE,DE_LU,actual_offshore_wind_generation,Wind Offshore,2026-08-26T15:33:13Z
2026-08-26T15:27:09Z,2026-08-26T17:27:09+0200,ec44fe02-3364-422b-92bd-0daf191e06d6,2026-08-11T12:15:00Z,2026-08-11T14:15:00+0200,1317.091,MW,DE,DE_LU,actual_offshore_wind_generation,Wind Offshore,2026-08-26T15:33:13Z
2026-08-26T15:27:09Z,2026-08-26T17:27:09+0200,ec44fe02-3364-422b-92bd-0daf191e06d6,2026-08-11T12:30:00Z,2026-08-11T14:30:00+0200,1274.07,MW,DE,DE_LU,actual_offshore_wind_generation,Wind Offshore,2026-08-26T15:33:13Z
2026-08-26T15:27:09Z,2026-08-26T17:27:09+0200,ec44fe02-3364-422b-92bd-0daf191e06d6,2026-08-11T12:45:00Z,2026-08-11T14:45:00+0200,1286.377,MW,DE,DE_LU,actual_offshore_wind_generation,Wind Offshore,2026-08-26T15:33:13Z
2026-08-26T15:27:09Z,2026-08-26T17:27:09+0200,ec44fe02-3364-422b-92bd-0daf191e06d6,2026-08-11T13:00:00Z,2026-08-11T15:00:00+0200,1252.472,MW,DE,DE_LU,actual_offshore_wind_generation,Wind Offshore,2026-08-26T15:33:13Z
2026-08-26T15:27:09Z,2026-08-26T17:27:09+0200,ec44fe02-3364-422b-92bd-0daf191e06d6,2026-08-11T13:15:00Z,2026-08-11T15:15:00+0200,1221.455,MW,DE,DE_LU,actual_offshore_wind_generation,Wind Offshore,2026-08-26T15:33:13Z
2026-08-26T15:27:09Z,2026-08-26T17:27:09+0200,ec44fe02-3364-422b-92bd-0daf191e06d6,2026-08-11T13:30:00Z,2026-08-11T15:30:00+0200,1196.494,MW,DE,DE_LU,actual_offshore_wind_generation,Wind Offshore,2026-08-26T15:33:13Z
2026-08-26T15:27:09Z,2026-08-26T17:27:09+0200,ec44fe02-3364-422b-92bd-0daf191e06d6,2026-08-11T13:45:00Z,2026-08-11T15:45:00+0200,1280.261,MW,DE,DE_LU,actual_offshore_wind_generation,Wind Offshore,2026-08-26T15:33:13Z
2026-08-26T15:27:09Z,2026-08-26T17:27:09+0200,ec44fe02-3364-422b-92bd-0daf191e06d6,2026-08-11T14:00:00Z,2026-08-11T16:00:00+0200,1448.146,MW,DE,DE_LU,actual_offshore_wind_generation,Wind Offshore,2026-08-26T15:33:13Z
2026-08-26T15:27:09Z,2026-08-26T17:27:09+0200,ec44fe02-3364-422b-92bd-0daf191e06d6,2026-08-11T14:15:00Z,2026-08-11T16:15:00+0200,1304.435,MW,DE,DE_LU,actual_offshore_wind_generation,Wind Offshore,2026-08-26T15:33:13Z
2026-08-26T15:27:09Z,2026-08-26T17:27:09+0200,ec44fe02-3364-422b-92bd-0daf191e06d6,2026-08-11T14:30:00Z,2026-08-11T16:30:00+0200,1161.267,MW,DE,DE_LU,actual_offshore_wind_generation,Wind Offshore,2026-08-26T15:33:13Z
2026-08-26T15:27:09Z,2026-08-26T17:27:09+0200,ec44fe02-3364-422b-92bd-0daf191e06d6,2026-08-11T14:45:00Z,2026-08-11T16:45:00+0200,1113.585,MW,DE,DE_LU,actual_offshore_wind_generation,Wind Offshore,2026-08-26T15:33:13Z
2026-08-26T15:27:09Z,2026-08-26T17:27:09+0200,ec44fe02-3364-422b-92bd-0daf191e06d6,2026-08-11T15:00:00Z,2026-08-11T17:00:00+0200,1381.698,MW,DE,DE_LU,actual_offshore_wind_generation,Wind Offshore,2026-08-26T15:33:13Z
2026-08-26T15:27:09Z,2026-08-26T17:27:09+0200,ec44fe02-3364-422b-92bd-0daf191e06d6,2026-08-11T15:15:00Z,2026-08-11T17:15:00+0200,1300.941,MW,DE,DE_LU,actual_offshore_wind_generation,Wind Offshore,2026-08-26T15:33:13Z
2026-08-26T15:27:09Z,2026-08-26T17:27:09+0200,ec44fe02-3364-422b-92bd-0daf191e06d6,2026-08-11T15:30:00Z,2026-08-11T17:30:00+0200,1275.089,MW,DE,DE_LU,actual_offshore_wind_generation,Wind Offshore,2026-08-26T15:33:13Z
2026-08-26T15:27:09Z,2026-08-26T17:27:09+0200,ec44fe02-3364-422b-92bd-0daf191e06d6,2026-08-11T15:45:00Z,2026-08-11T17:45:00+0200,1208.137,MW,DE,DE_LU,actual_offshore_wind_generation,Wind Offshore,2026-08-26T15:33:13Z
2026-08-26T15:27:09Z,2026-08-26T17:27:09+0200,ec44fe02-3364-422b-92bd-0daf191e06d6,2026-08-11T16:00:00Z,2026-08-11T18:00:00+0200,1126.558,MW,DE,DE_LU,actual_offshore_wind_generation,Wind Offshore,2026-08-26T15:33:13Z
2026-08-26T15:27:09Z,2026-08-26T17:27:09+0200,ec44fe02-3364-422b-92bd-0daf191e06d6,2026-08-11T16:15:00Z,2026-08-11T18:15:00+0200,1051.859,MW,DE,DE_LU,actual_offshore_wind_generation,Wind Offshore,2026-08-26T15:33:13Z
2026-08-26T15:27:09Z,2026-08-26T17:27:09+0200,ec44fe02-3364-422b-92bd-0daf191e06d6,2026-08-11T16:30:00Z,2026-08-11T18:30:00+0200,976.55,MW,DE,DE_LU,actual_offshore_wind_generation,Wind Offshore,2026-08-26T15:33:13Z
2026-08-26T15:27:09Z,2026-08-26T17:27:09+0200,ec44fe02-3364-422b-92bd-0daf191e06d6,2026-08-11T16:45:00Z,2026-08-11T18:45:00+0200,923.199,MW,DE,DE_LU,actual_offshore_wind_generation,Wind Offshore,2026-08-26T15:33:13Z
2026-08-26T15:27:09Z,2026-08-26T17:27:09+0200,ec44fe02-3364-422b-92bd-0daf191e06d6,2026-08-11T17:00:00Z,2026-08-11T19:00:00+0200,888.662,MW,DE,DE_LU,actual_offshore_wind_generation,Wind Offshore,2026-08-26T15:33:13Z
2026-08-26T15:27:09Z,2026-08-26T17:27:09+0200,ec44fe02-3364-422b-92bd-0daf191e06d6,2026-08-11T17:15:00Z,2026-08-11T19:15:00+0200,839.999,MW,DE,DE_LU,actual_offshore_wind_generation,Wind Offshore,2026-08-26T15:33:13Z
2026-08-26T15:27:09Z,2026-08-26T17:27:09+0200,ec44fe02-3364-422b-92bd-0daf191e06d6,2026-08-11T17:30:00Z,2026-08-11T19:30:00+0200,800.12,MW,DE,DE_LU,actual_offshore_wind_generation,Wind Offshore,2026-08-26T15:33:13Z
2026-08-26T15:27:09Z,2026-08-26T17:27:09+0200,ec44fe02-3364-422b-92bd-0daf191e06d6,2026-08-11T17:45:00Z,2026-08-11T19:45:00+0200,720.057,MW,DE,DE_LU,actual_offshore_wind_generation,Wind Offshore,2026-08-26T15:33:13Z
2026-08-26T15:27:09Z,2026-08-26T17:27:09+0200,ec44fe02-3364-422b-92bd-0daf191e06d6,2026-08-11T18:00:00Z,2026-08-11T20:00:00+0200,634.444,MW,DE,DE_LU,actual_offshore_wind_generation,Wind Offshore,2026-08-26T15:33:13Z
2026-08-26T15:27:09Z,2026-08-26T17:27:09+0200,ec44fe02-3364-422b-92bd-0daf191e06d6,2026-08-11T18:15:00Z,2026-08-11T20:15:00+0200,623.863,MW,DE,DE_LU,actual_offshore_wind_generation,Wind Offshore,2026-08-26T15:33:13Z
2026-08-26T15:27:09Z,2026-08-26T17:27:09+0200,ec44fe02-3364-422b-92bd-0daf191e06d6,2026-08-11T18:30:00Z,2026-08-11T20:30:00+0200,592.688,MW,DE,DE_LU,actual_offshore_wind_generation,Wind Offshore,2026-08-26T15:33:13Z
2026-08-26T15:27:09Z,2026-08-26T17:27:09+0200,ec44fe02-3364-422b-92bd-0daf191e06d6,2026-08-11T18:45:00Z,2026-08-11T20:45:00+0200,536.465,MW,DE,DE_LU,actual_offshore_wind_generation,Wind Offshore,2026-08-26T15:33:13Z
2026-08-26T15:27:09Z,2026-08-26T17:27:09+0200,ec44fe02-3364-422b-92bd-0daf191e06d6,2026-08-11T19:00:00Z,2026-08-11T21:00:00+0200,512.63,MW,DE,DE_LU,actual_offshore_wind_generation,Wind Offshore,2026-08-26T15:33:13Z
2026-08-26T15:27:09Z,2026-08-26T17:27:09+0200,ec44fe02-3364-422b-92bd-0daf191e06d6,2026-08-11T19:15:00Z,2026-08-11T21:15:00+0200,486.0,MW,DE,DE_LU,actual_offshore_wind_generation,Wind Offshore,2026-08-26T15:33:13Z
2026-08-26T15:27:09Z,2026-08-26T17:27:09+0200,ec44fe02-3364-422b-92bd-0daf191e06d6,2026-08-11T19:30:00Z,2026-08-11T21:30:00+0200,464.697,MW,DE,DE_LU,actual_offshore_wind_generation,Wind Offshore,2026-08-26T15:33:13Z
2026-08-26T15:27:09Z,2026-08-26T17:27:09+0200,ec44fe02-3364-422b-92bd-0daf191e06d6,2026-08-11T19:45:00Z,2026-08-11T21:45:00+0200,473.826,MW,DE,DE_LU,actual_offshore_wind_generation,Wind Offshore,2026-08-26T15:33:13Z
2026-08-26T15:27:09Z,2026-08-26T17:27:09+0200,ec44fe02-3364-422b-92bd-0daf191e06d6,2026-08-11T20:00:00Z,2026-08-11T22:00:00+0200,457.751,MW,DE,DE_LU,actual_offshore_wind_generation,Wind Offshore,2026-08-26T15:33:13Z
2026-08-26T15:27:09Z,2026-08-26T17:27:09+0200,ec44fe02-3364-422b-92bd-0daf191e06d6,2026-08-11T20:15:00Z,2026-08-11T22:15:00+0200,504.028,MW,DE,DE_LU,actual_offshore_wind_generation,Wind Offshore,2026-08-26T15:33:13Z
2026-08-26T15:27:09Z,2026-08-26T17:27:09+0200,ec44fe02-3364-422b-92bd-0daf191e06d6,2026-08-11T20:30:00Z,2026-08-11T22:30:00+0200,543.866,MW,DE,DE_LU,actual_offshore_wind_generation,Wind Offshore,2026-08-26T15:33:13Z
2026-08-26T15:27:09Z,2026-08-26T17:27:09+0200,ec44fe02-3364-422b-92bd-0daf191e06d6,2026-08-11T20:45:00Z,2026-08-11T22:45:00+0200,583.376,MW,DE,DE_LU,actual_offshore_wind_generation,Wind Offshore,2026-08-26T15:33:13Z
2026-08-26T15:27:09Z,2026-08-26T17:27:09+0200,ec44fe02-3364-422b-92bd-0daf191e06d6,2026-08-11T21:00:00Z,2026-08-11T23:00:00+0200,608.2,MW,DE,DE_LU,actual_offshore_wind_generation,Wind Offshore,2026-08-26T15:33:13Z
2026-08-26T15:27:09Z,2026-08-26T17:27:09+0200,ec44fe02-3364-422b-92bd-0daf191e06d6,2026-08-11T21:15:00Z,2026-08-11T23:15:00+0200,580.167,MW,DE,DE_LU,actual_offshore_wind_generation,Wind Offshore,2026-08-26T15:33:13Z
2026-08-26T15:27:09Z,2026-08-26T17:27:09+0200,ec44fe02-3364-422b-92bd-0daf191e06d6,2026-08-11T21:30:00Z,2026-08-11T23:30:00+0200,526.856,MW,DE,DE_LU,actual_offshore_wind_generation,Wind Offshore,2026-08-26T15:33:13Z
2026-08-26T15:27:09Z,2026-08-26T17:27:09+0200,ec44fe02-3364-422b-92bd-0daf191e06d6,2026-08-11T21:45:00Z,2026-08-11T23:45:00+0200,468.121,MW,DE,DE_LU,actual_offshore_wind_generation,Wind Offshore,2026-08-26T15:33:13Z
2026-08-26T15:27:09Z,2026-08-26T17:27:09+0200,ec44fe02-3364-422b-92bd-0daf191e06d6,2026-08-11T22:00:00Z,2026-08-12T00:00:00+0200,415.23,MW,DE,DE_LU,actual_offshore_wind_generation,Wind Offshore,2026-08-26T15:33:13Z
2026-08-26T15:27:09Z,2026-08-26T17:27:09+0200,ec44fe02-3364-422b-92bd-0daf191e06d6,2026-08-11T22:15:00Z,2026-08-12T00:15:00+0200,369.409,MW,DE,DE_LU,actual_offshore_wind_generation,Wind Offshore,2026-08-26T15:33:13Z
2026-08-26T15:27:09Z,2026-08-26T17:27:09+0200,ec44fe02-3364-422b-92bd-0daf191e06d6,2026-08-11T22:30:00Z,2026-08-12T00:30:00+0200,321.229,MW,DE,DE_LU,actual_offshore_wind_generation,Wind Offshore,2026-08-26T15:33:13Z
2026-08-26T15:27:09Z,2026-08-26T17:27:09+0200,ec44fe02-3364-422b-92bd-0daf191e06d6,2026-08-11T22:45:00Z,2026-08-12T00:45:00+0200,287.519,MW,DE,DE_LU,actual_offshore_wind_generation,Wind Offshore,2026-08-26T15:33:13Z
2026-08-26T15:27:09Z,2026-08-26T17:27:09+0200,ec44fe02-3364-422b-92bd-0daf191e06d6,2026-08-11T23:00:00Z,2026-08-12T01:00:00+0200,236.244,MW,DE,DE_LU,actual_offshore_wind_generation,Wind Offshore,2026-08-26T15:33:13Z
2026-08-26T15:27:09Z,2026-08-26T17:27:09+0200,ec44fe02-3364-422b-92bd-0daf191e06d6,2026-08-11T23:15:00Z,2026-08-12T01:15:00+0200,200.945,MW,DE,DE_LU,actual_offshore_wind_generation,Wind Offshore,2026-08-26T15:33:13Z
2026-08-26T15:27:09Z,2026-08-26T17:27:09+0200,ec44fe02-3364-422b-92bd-0daf191e06d6,2026-08-11T23:30:00Z,2026-08-12T01:30:00+0200,187.283,MW,DE,DE_LU,actual_offshore_wind_generation,Wind Offshore,2026-08-26T15:33:13Z
2026-08-26T15:27:09Z,2026-08-26T17:27:09+0200,ec44fe02-3364-422b-92bd-0daf191e06d6,2026-08-11T23:45:00Z,2026-08-12T01:45:00+0200,167.569,MW,DE,DE_LU,actual_offshore_wind_generation,Wind Offshore,2026-08-26T15:33:13Z
2026-08-26T15:27:09Z,2026-08-26T17:27:09+0200,ec44fe02-3364-422b-92bd-0daf191e06d6,2026-08-12T00:00:00Z,2026-08-12T02:00:00+0200,157.796,MW,DE,DE_LU,actual_offshore_wind_generation,Wind Offshore,2026-08-26T15:33:13Z
2026-08-26T15:27:09Z,2026-08-26T17:27:09+0200,ec44fe02-3364-422b-92bd-0daf191e06d6,2026-08-12T00:15:00Z,2026-08-12T02:15:00+0200,158.737,MW,DE,DE_LU,actual_offshore_wind_generation,Wind Offshore,2026-08-26T15:33:13Z
2026-08-26T15:27:09Z,2026-08-26T17:27:09+0200,ec44fe02-3364-422b-92bd-0daf191e06d6,2026-08-12T00:30:00Z,2026-08-12T02:30:00+0200,152.63,MW,DE,DE_LU,actual_offshore_wind_generation,Wind Offshore,2026-08-26T15:33:13Z
2026-08-26T15:27:09Z,2026-08-26T17:27:09+0200,ec44fe02-3364-422b-92bd-0daf191e06d6,2026-08-12T00:45:00Z,2026-08-12T02:45:00+0200,150.96,MW,DE,DE_LU,actual_offshore_wind_generation,Wind Offshore,2026-08-26T15:33:13Z
2026-08-26T15:27:09Z,2026-08-26T17:27:09+0200,ec44fe02-3364-422b-92bd-0daf191e06d6,2026-08-12T01:00:00Z,2026-08-12T03:00:00+0200,139.96,MW,DE,DE_LU,actual_offshore_wind_generation,Wind Offshore,2026-08-26T15:33:13Z
2026-08-26T15:27:09Z,2026-08-26T17:27:09+0200,ec44fe02-3364-422b-92bd-0daf191e06d6,2026-08-12T01:15:00Z,2026-08-12T03:15:00+0200,131.82,MW,DE,DE_LU,actual_offshore_wind_generation,Wind Offshore,2026-08-26T15:33:13Z
2026-08-26T15:27:09Z,2026-08-26T17:27:09+0200,ec44fe02-3364-422b-92bd-0daf191e06d6,2026-08-12T01:30:00Z,2026-08-12T03:30:00+0200,120.52,MW,DE,DE_LU,actual_offshore_wind_generation,Wind Offshore,2026-08-26T15:33:13Z
2026-08-26T15:27:09Z,2026-08-26T17:27:09+0200,ec44fe02-3364-422b-92bd-0daf191e06d6,2026-08-12T01:45:00Z,2026-08-12T03:45:00+0200,104.7,MW,DE,DE_LU,actual_offshore_wind_generation,Wind Offshore,2026-08-26T15:33:13Z
2026-08-26T15:27:09Z,2026-08-26T17:27:09+0200,ec44fe02-3364-422b-92bd-0daf191e06d6,2026-08-12T02:00:00Z,2026-08-12T04:00:00+0200,85.57,MW,DE,DE_LU,actual_offshore_wind_generation,Wind Offshore,2026-08-26T15:33:13Z
2026-08-26T15:27:09Z,2026-08-26T17:27:09+0200,ec44fe02-3364-422b-92bd-0daf191e06d6,2026-08-12T02:15:00Z,2026-08-12T04:15:00+0200,76.26,MW,DE,DE_LU,actual_offshore_wind_generation,Wind Offshore,2026-08-26T15:33:13Z
2026-08-26T15:27:09Z,2026-08-26T17:27:09+0200,ec44fe02-3364-422b-92bd-0daf191e06d6,2026-08-12T02:30:00Z,2026-08-12T04:30:00+0200,67.32,MW,DE,DE_LU,actual_offshore_wind_generation,Wind Offshore,2026-08-26T15:33:13Z
2026-08-26T15:27:09Z,2026-08-26T17:27:09+0200,ec44fe02-3364-422b-92bd-0daf191e06d6,2026-08-12T02:45:00Z,2026-08-12T04:45:00+0200,60.79,MW,DE,DE_LU,actual_offshore_wind_generation,Wind Offshore,2026-08-26T15:33:13Z
2026-08-26T15:27:09Z,2026-08-26T17:27:09+0200,ec44fe02-3364-422b-92bd-0daf191e06d6,2026-08-12T03:00:00Z,2026-08-12T05:00:00+0200,61.17,MW,DE,DE_LU,actual_offshore_wind_generation,Wind Offshore,2026-08-26T15:33:13Z
2026-08-26T15:27:09Z,2026-08-26T17:27:09+0200,ec44fe02-3364-422b-92bd-0daf191e06d6,2026-08-12T03:15:00Z,2026-08-12T05:15:00+0200,51.72,MW,DE,DE_LU,actual_offshore_wind_generation,Wind Offshore,2026-08-26T15:33:13Z
2026-08-26T15:27:09Z,2026-08-26T17:27:09+0200,ec44fe02-3364-422b-92bd-0daf191e06d6,2026-08-12T03:30:00Z,2026-08-12T05:30:00+0200,43.852,MW,DE,DE_LU,actual_offshore_wind_generation,Wind Offshore,2026-08-26T15:33:13Z
2026-08-26T15:27:09Z,2026-08-26T17:27:09+0200,ec44fe02-3364-422b-92bd-0daf191e06d6,2026-08-12T03:45:00Z,2026-08-12T05:45:00+0200,42.362,MW,DE,DE_LU,actual_offshore_wind_generation,Wind Offshore,2026-08-26T15:33:13Z
2026-08-26T15:27:09Z,2026-08-26T17:27:09+0200,ec44fe02-3364-422b-92bd-0daf191e06d6,2026-08-12T04:00:00Z,2026-08-12T06:00:00+0200,44.787,MW,DE,DE_LU,actual_offshore_wind_generation,Wind Offshore,2026-08-26T15:33:13Z
2026-08-26T15:27:09Z,2026-08-26T17:27:09+0200,ec44fe02-3364-422b-92bd-0daf191e06d6,2026-08-12T04:15:00Z,2026-08-12T06:15:00+0200,41.481,MW,DE,DE_LU,actual_offshore_wind_generation,Wind Offshore,2026-08-26T15:33:13Z
2026-08-26T15:27:09Z,2026-08-26T17:27:09+0200,ec44fe02-3364-422b-92bd-0daf191e06d6,2026-08-12T04:30:00Z,2026-08-12T06:30:00+0200,36.765,MW,DE,DE_LU,actual_offshore_wind_generation,Wind Offshore,2026-08-26T15:33:13Z
2026-08-26T15:27:09Z,2026-08-26T17:27:09+0200,ec44fe02-3364-422b-92bd-0daf191e06d6,2026-08-12T04:45:00Z,2026-08-12T06:45:00+0200,29.306,MW,DE,DE_LU,actual_offshore_wind_generation,Wind Offshore,2026-08-26T15:33:13Z
2026-08-26T15:27:09Z,2026-08-26T17:27:09+0200,ec44fe02-3364-422b-92bd-0daf191e06d6,2026-08-12T05:00:00Z,2026-08-12T07:00:00+0200,16.019,MW,DE,DE_LU,actual_offshore_wind_generation,Wind Offshore,2026-08-26T15:33:13Z
2026-08-26T15:27:09Z,2026-08-26T17:27:09+0200,ec44fe02-3364-422b-92bd-0daf191e06d6,2026-08-12T05:15:00Z,2026-08-12T07:15:00+0200,10.968,MW,DE,DE_LU,actual_offshore_wind_generation,Wind Offshore,2026-08-26T15:33:13Z
2026-08-26T15:27:09Z,2026-08-26T17:27:09+0200,ec44fe02-3364-422b-92bd-0daf191e06d6,2026-08-12T05:30:00Z,2026-08-12T07:30:00+0200,7.324,MW,DE,DE_LU,actual_offshore_wind_generation,Wind Offshore,2026-08-26T15:33:13Z
2026-08-26T15:27:09Z,2026-08-26T17:27:09+0200,ec44fe02-3364-422b-92bd-0daf191e06d6,2026-08-12T05:45:00Z,2026-08-12T07:45:00+0200,9.523,MW,DE,DE_LU,actual_offshore_wind_generation,Wind Offshore,2026-08-26T15:33:13Z
2026-08-26T15:27:09Z,2026-08-26T17:27:09+0200,ec44fe02-3364-422b-92bd-0daf191e06d6,2026-08-12T06:00:00Z,2026-08-12T08:00:00+0200,12.542,MW,DE,DE_LU,actual_offshore_wind_generation,Wind Offshore,2026-08-26T15:33:13Z
2026-08-26T15:27:09Z,2026-08-26T17:27:09+0200,ec44fe02-3364-422b-92bd-0daf191e06d6,2026-08-12T06:15:00Z,2026-08-12T08:15:00+0200,13.89,MW,DE,DE_LU,actual_offshore_wind_generation,Wind Offshore,2026-08-26T15:33:13Z
2026-08-26T15:27:09Z,2026-08-26T17:27:09+0200,ec44fe02-3364-422b-92bd-0daf191e06d6,2026-08-12T06:30:00Z,2026-08-12T08:30:00+0200,32.924,MW,DE,DE_LU,actual_offshore_wind_generation,Wind Offshore,2026-08-26T15:33:13Z
2026-08-26T15:27:09Z,2026-08-26T17:27:09+0200,ec44fe02-3364-422b-92bd-0daf191e06d6,2026-08-12T06:45:00Z,2026-08-12T08:45:00+0200,30.648,MW,DE,DE_LU,actual_offshore_wind_generation,Wind Offshore,2026-08-26T15:33:13Z
2026-08-26T15:27:09Z,2026-08-26T17:27:09+0200,ec44fe02-3364-422b-92bd-0daf191e06d6,2026-08-12T07:00:00Z,2026-08-12T09:00:00+0200,35.605,MW,DE,DE_LU,actual_offshore_wind_generation,Wind Offshore,2026-08-26T15:33:13Z
2026-08-26T15:27:09Z,2026-08-26T17:27:09+0200,ec44fe02-3364-422b-92bd-0daf191e06d6,2026-08-12T07:15:00Z,2026-08-12T09:15:00+0200,29.516,MW,DE,DE_LU,actual_offshore_wind_generation,Wind Offshore,2026-08-26T15:33:13Z
2026-08-26T15:27:09Z,2026-08-26T17:27:09+0200,ec44fe02-3364-422b-92bd-0daf191e06d6,2026-08-12T07:30:00Z,2026-08-12T09:30:00+0200,34.496,MW,DE,DE_LU,actual_offshore_wind_generation,Wind Offshore,2026-08-26T15:33:13Z
2026-08-26T15:27:09Z,2026-08-26T17:27:09+0200,ec44fe02-3364-422b-92bd-0daf191e06d6,2026-08-12T07:45:00Z,2026-08-12T09:45:00+0200,29.643,MW,DE,DE_LU,actual_offshore_wind_generation,Wind Offshore,2026-08-26T15:33:13Z
2026-08-26T15:27:09Z,2026-08-26T17:27:09+0200,ec44fe02-3364-422b-92bd-0daf191e06d6,2026-08-12T08:00:00Z,2026-08-12T10:00:00+0200,36.313,MW,DE,DE_LU,actual_offshore_wind_generation,Wind Offshore,2026-08-26T15:33:13Z
2026-08-26T15:27:09Z,2026-08-26T17:27:09+0200,ec44fe02-3364-422b-92bd-0daf191e06d6,2026-08-12T08:15:00Z,2026-08-12T10:15:00+0200,47.582,MW,DE,DE_LU,actual_offshore_wind_generation,Wind Offshore,2026-08-26T15:33:13Z
2026-08-26T15:27:09Z,2026-08-26T17:27:09+0200,ec44fe02-3364-422b-92bd-0daf191e06d6,2026-08-12T08:30:00Z,2026-08-12T10:30:00+0200,60.247,MW,DE,DE_LU,actual_offshore_wind_generation,Wind Offshore,2026-08-26T15:33:13Z
2026-08-26T15:27:09Z,2026-08-26T17:27:09+0200,ec44fe02-3364-422b-92bd-0daf191e06d6,2026-08-12T08:45:00Z,2026-08-12T10:45:00+0200,78.43,MW,DE,DE_LU,actual_offshore_wind_generation,Wind Offshore,2026-08-26T15:33:13Z
2026-08-26T15:27:09Z,2026-08-26T17:27:09+0200,ec44fe02-3364-422b-92bd-0daf191e06d6,2026-08-12T09:00:00Z,2026-08-12T11:00:00+0200,88.753,MW,DE,DE_LU,actual_offshore_wind_generation,Wind Offshore,2026-08-26T15:33:13Z
2026-08-26T15:27:09Z,2026-08-26T17:27:09+0200,ec44fe02-3364-422b-92bd-0daf191e06d6,2026-08-12T09:15:00Z,2026-08-12T11:15:00+0200,96.391,MW,DE,DE_LU,actual_offshore_wind_generation,Wind Offshore,2026-08-26T15:33:13Z
2026-08-26T15:27:09Z,2026-08-26T17:27:09+0200,ec44fe02-3364-422b-92bd-0daf191e06d6,2026-08-12T09:30:00Z,2026-08-12T11:30:00+0200,108.382,MW,DE,DE_LU,actual_offshore_wind_generation,Wind Offshore,2026-08-26T15:33:13Z
2026-08-26T15:27:09Z,2026-08-26T17:27:09+0200,ec44fe02-3364-422b-92bd-0daf191e06d6,2026-08-12T09:45:00Z,2026-08-12T11:45:00+0200,120.698,MW,DE,DE_LU,actual_offshore_wind_generation,Wind Offshore,2026-08-26T15:33:13Z
2026-08-26T15:27:09Z,2026-08-26T17:27:09+0200,ec44fe02-3364-422b-92bd-0daf191e06d6,2026-08-12T10:00:00Z,2026-08-12T12:00:00+0200,98.032,MW,DE,DE_LU,actual_offshore_wind_generation,Wind Offshore,2026-08-26T15:33:13Z
2026-08-26T15:27:09Z,2026-08-26T17:27:09+0200,ec44fe02-3364-422b-92bd-0daf191e06d6,2026-08-12T10:15:00Z,2026-08-12T12:15:00+0200,111.986,MW,DE,DE_LU,actual_offshore_wind_generation,Wind Offshore,2026-08-26T15:33:13Z
2026-08-26T15:27:09Z,2026-08-26T17:27:09+0200,ec44fe02-3364-422b-92bd-0daf191e06d6,2026-08-12T10:30:00Z,2026-08-12T12:30:00+0200,131.599,MW,DE,DE_LU,actual_offshore_wind_generation,Wind Offshore,2026-08-26T15:33:13Z
2026-08-26T15:27:09Z,2026-08-26T17:27:09+0200,ec44fe02-3364-422b-92bd-0daf191e06d6,2026-08-12T10:45:00Z,2026-08-12T12:45:00+0200,161.143,MW,DE,DE_LU,actual_offshore_wind_generation,Wind Offshore,2026-08-26T15:33:13Z
2026-08-26T15:27:09Z,2026-08-26T17:27:09+0200,ec44fe02-3364-422b-92bd-0daf191e06d6,2026-08-12T11:00:00Z,2026-08-12T13:00:00+0200,175.074,MW,DE,DE_LU,actual_offshore_wind_generation,Wind Offshore,2026-08-26T15:33:13Z
2026-08-26T15:27:09Z,2026-08-26T17:27:09+0200,ec44fe02-3364-422b-92bd-0daf191e06d6,2026-08-12T11:15:00Z,2026-08-12T13:15:00+0200,193.738,MW,DE,DE_LU,actual_offshore_wind_generation,Wind Offshore,2026-08-26T15:33:13Z
2026-08-26T15:27:09Z,2026-08-26T17:27:09+0200,ec44fe02-3364-422b-92bd-0daf191e06d6,2026-08-12T11:30:00Z,2026-08-12T13:30:00+0200,218.181,MW,DE,DE_LU,actual_offshore_wind_generation,Wind Offshore,2026-08-26T15:33:13Z
2026-08-26T15:27:09Z,2026-08-26T17:27:09+0200,ec44fe02-3364-422b-92bd-0daf191e06d6,2026-08-12T11:45:00Z,2026-08-12T13:45:00+0200,217.38,MW,DE,DE_LU,actual_offshore_wind_generation,Wind Offshore,2026-08-26T15:33:13Z
2026-08-26T15:27:09Z,2026-08-26T17:27:09+0200,ec44fe02-3364-422b-92bd-0daf191e06d6,2026-08-12T12:00:00Z,2026-08-12T14:00:00+0200,273.905,MW,DE,DE_LU,actual_offshore_wind_generation,Wind Offshore,2026-08-26T15:33:13Z
2026-08-26T15:27:09Z,2026-08-26T17:27:09+0200,ec44fe02-3364-422b-92bd-0daf191e06d6,2026-08-12T12:15:00Z,2026-08-12T14:15:00+0200,270.455,MW,DE,DE_LU,actual_offshore_wind_generation,Wind Offshore,2026-08-26T15:33:13Z
2026-08-26T15:27:09Z,2026-08-26T17:27:09+0200,ec44fe02-3364-422b-92bd-0daf191e06d6,2026-08-12T12:30:00Z,2026-08-12T14:30:00+0200,275.388,MW,DE,DE_LU,actual_offshore_wind_generation,Wind Offshore,2026-08-26T15:33:13Z
2026-08-26T15:27:09Z,2026-08-26T17:27:09+0200,ec44fe02-3364-422b-92bd-0daf191e06d6,2026-08-12T12:45:00Z,2026-08-12T14:45:00+0200,280.929,MW,DE,DE_LU,actual_offshore_wind_generation,Wind Offshore,2026-08-26T15:33:13Z
2026-08-26T15:27:09Z,2026-08-26T17:27:09+0200,ec44fe02-3364-422b-92bd-0daf191e06d6,2026-08-12T13:00:00Z,2026-08-12T15:00:00+0200,329.754,MW,DE,DE_LU,actual_offshore_wind_generation,Wind Offshore,2026-08-26T15:33:13Z
2026-08-26T15:27:09Z,2026-08-26T17:27:09+0200,ec44fe02-3364-422b-92bd-0daf191e06d6,2026-08-12T13:15:00Z,2026-08-12T15:15:00+0200,392.902,MW,DE,DE_LU,actual_offshore_wind_generation,Wind Offshore,2026-08-26T15:33:13Z
2026-08-26T15:27:09Z,2026-08-26T17:27:09+0200,ec44fe02-3364-422b-92bd-0daf191e06d6,2026-08-12T13:30:00Z,2026-08-12T15:30:00+0200,410.986,MW,DE,DE_LU,actual_offshore_wind_generation,Wind Offshore,2026-08-26T15:33:13Z
2026-08-26T15:27:09Z,2026-08-26T17:27:09+0200,ec44fe02-3364-422b-92bd-0daf191e06d6,2026-08-12T13:45:00Z,2026-08-12T15:45:00+0200,438.836,MW,DE,DE_LU,actual_offshore_wind_generation,Wind Offshore,2026-08-26T15:33:13Z
2026-08-26T15:27:09Z,2026-08-26T17:27:09+0200,ec44fe02-3364-422b-92bd-0daf191e06d6,2026-08-12T14:00:00Z,2026-08-12T16:00:00+0200,445.355,MW,DE,DE_LU,actual_offshore_wind_generation,Wind Offshore,2026-08-26T15:33:13Z
2026-08-26T15:27:09Z,2026-08-26T17:27:09+0200,ec44fe02-3364-422b-92bd-0daf191e06d6,2026-08-12T14:15:00Z,2026-08-12T16:15:00+0200,420.387,MW,DE,DE_LU,actual_offshore_wind_generation,Wind Offshore,2026-08-26T15:33:13Z
2026-08-26T15:27:09Z,2026-08-26T17:27:09+0200,ec44fe02-3364-422b-92bd-0daf191e06d6,2026-08-12T14:30:00Z,2026-08-12T16:30:00+0200,399.292,MW,DE,DE_LU,actual_offshore_wind_generation,Wind Offshore,2026-08-26T15:33:13Z
2026-08-26T15:27:09Z,2026-08-26T17:27:09+0200,ec44fe02-3364-422b-92bd-0daf191e06d6,2026-08-12T14:45:00Z,2026-08-12T16:45:00+0200,387.169,MW,DE,DE_LU,actual_offshore_wind_generation,Wind Offshore,2026-08-26T15:33:13Z
2026-08-26T15:27:09Z,2026-08-26T17:27:09+0200,ec44fe02-3364-422b-92bd-0daf191e06d6,2026-08-12T15:00:00Z,2026-08-12T17:00:00+0200,427.333,MW,DE,DE_LU,actual_offshore_wind_generation,Wind Offshore,2026-08-26T15:33:13Z
2026-08-26T15:27:09Z,2026-08-26T17:27:09+0200,ec44fe02-3364-422b-92bd-0daf191e06d6,2026-08-12T15:15:00Z,2026-08-12T17:15:00+0200,463.244,MW,DE,DE_LU,actual_offshore_wind_generation,Wind Offshore,2026-08-26T15:33:13Z
2026-08-26T15:27:09Z,2026-08-26T17:27:09+0200,ec44fe02-3364-422b-92bd-0daf191e06d6,2026-08-12T15:30:00Z,2026-08-12T17:30:00+0200,481.687,MW,DE,DE_LU,actual_offshore_wind_generation,Wind Offshore,2026-08-26T15:33:13Z
2026-08-26T15:27:09Z,2026-08-26T17:27:09+0200,ec44fe02-3364-422b-92bd-0daf191e06d6,2026-08-12T15:45:00Z,2026-08-12T17:45:00+0200,503.086,MW,DE,DE_LU,actual_offshore_wind_generation,Wind Offshore,2026-08-26T15:33:13Z
2026-08-26T15:27:09Z,2026-08-26T17:27:09+0200,ec44fe02-3364-422b-92bd-0daf191e06d6,2026-08-12T16:00:00Z,2026-08-12T18:00:00+0200,543.387,MW,DE,DE_LU,actual_offshore_wind_generation,Wind Offshore,2026-08-26T15:33:13Z
2026-08-26T15:27:09Z,2026-08-26T17:27:09+0200,ec44fe02-3364-422b-92bd-0daf191e06d6,2026-08-12T16:15:00Z,2026-08-12T18:15:00+0200,551.221,MW,DE,DE_LU,actual_offshore_wind_generation,Wind Offshore,2026-08-26T15:33:13Z
2026-08-26T15:27:09Z,2026-08-26T17:27:09+0200,ec44fe02-3364-422b-92bd-0daf191e06d6,2026-08-12T16:30:00Z,2026-08-12T18:30:00+0200,557.138,MW,DE,DE_LU,actual_offshore_wind_generation,Wind Offshore,2026-08-26T15:33:13Z
2026-08-26T15:27:09Z,2026-08-26T17:27:09+0200,ec44fe02-3364-422b-92bd-0daf191e06d6,2026-08-12T16:45:00Z,2026-08-12T18:45:00+0200,588.255,MW,DE,DE_LU,actual_offshore_wind_generation,Wind Offshore,2026-08-26T15:33:13Z
2026-08-26T15:27:09Z,2026-08-26T17:27:09+0200,ec44fe02-3364-422b-92bd-0daf191e06d6,2026-08-12T17:00:00Z,2026-08-12T19:00:00+0200,622.436,MW,DE,DE_LU,actual_offshore_wind_generation,Wind Offshore,2026-08-26T15:33:13Z
2026-08-26T15:27:09Z,2026-08-26T17:27:09+0200,ec44fe02-3364-422b-92bd-0daf191e06d6,2026-08-12T17:15:00Z,2026-08-12T19:15:00+0200,646.878,MW,DE,DE_LU,actual_offshore_wind_generation,Wind Offshore,2026-08-26T15:33:13Z
2026-08-26T15:27:09Z,2026-08-26T17:27:09+0200,ec44fe02-3364-422b-92bd-0daf191e06d6,2026-08-12T17:30:00Z,2026-08-12T19:30:00+0200,697.427,MW,DE,DE_LU,actual_offshore_wind_generation,Wind Offshore,2026-08-26T15:33:13Z
2026-08-26T15:27:09Z,2026-08-26T17:27:09+0200,ec44fe02-3364-422b-92bd-0daf191e06d6,2026-08-12T17:45:00Z,2026-08-12T19:45:00+0200,733.275,MW,DE,DE_LU,actual_offshore_wind_generation,Wind Offshore,2026-08-26T15:33:13Z
2026-08-26T15:27:09Z,2026-08-26T17:27:09+0200,ec44fe02-3364-422b-92bd-0daf191e06d6,2026-08-12T18:00:00Z,2026-08-12T20:00:00+0200,778.175,MW,DE,DE_LU,actual_offshore_wind_generation,Wind Offshore,2026-08-26T15:33:13Z
2026-08-26T15:27:09Z,2026-08-26T17:27:09+0200,ec44fe02-3364-422b-92bd-0daf191e06d6,2026-08-12T18:15:00Z,2026-08-12T20:15:00+0200,837.233,MW,DE,DE_LU,actual_offshore_wind_generation,Wind Offshore,2026-08-26T15:33:13Z
2026-08-26T15:27:09Z,2026-08-26T17:27:09+0200,ec44fe02-3364-422b-92bd-0daf191e06d6,2026-08-12T18:30:00Z,2026-08-12T20:30:00+0200,891.693,MW,DE,DE_LU,actual_offshore_wind_generation,Wind Offshore,2026-08-26T15:33:13Z
2026-08-26T15:27:09Z,2026-08-26T17:27:09+0200,ec44fe02-3364-422b-92bd-0daf191e06d6,2026-08-12T18:45:00Z,2026-08-12T20:45:00+0200,899.078,MW,DE,DE_LU,actual_offshore_wind_generation,Wind Offshore,2026-08-26T15:33:13Z
2026-08-26T15:27:09Z,2026-08-26T17:27:09+0200,ec44fe02-3364-422b-92bd-0daf191e06d6,2026-08-12T19:00:00Z,2026-08-12T21:00:00+0200,949.427,MW,DE,DE_LU,actual_offshore_wind_generation,Wind Offshore,2026-08-26T15:33:13Z
2026-08-26T15:27:09Z,2026-08-26T17:27:09+0200,ec44fe02-3364-422b-92bd-0daf191e06d6,2026-08-12T19:15:00Z,2026-08-12T21:15:00+0200,981.648,MW,DE,DE_LU,actual_offshore_wind_generation,Wind Offshore,2026-08-26T15:33:13Z
2026-08-26T15:27:09Z,2026-08-26T17:27:09+0200,ec44fe02-3364-422b-92bd-0daf191e06d6,2026-08-12T19:30:00Z,2026-08-12T21:30:00+0200,1016.414,MW,DE,DE_LU,actual_offshore_wind_generation,Wind Offshore,2026-08-26T15:33:13Z
2026-08-26T15:27:09Z,2026-08-26T17:27:09+0200,ec44fe02-3364-422b-92bd-0daf191e06d6,2026-08-12T19:45:00Z,2026-08-12T21:45:00+0200,1031.38,MW,DE,DE_LU,actual_offshore_wind_generation,Wind Offshore,2026-08-26T15:33:13Z
2026-08-26T15:27:09Z,2026-08-26T17:27:09+0200,ec44fe02-3364-422b-92bd-0daf191e06d6,2026-08-12T20:00:00Z,2026-08-12T22:00:00+0200,1008.282,MW,DE,DE_LU,actual_offshore_wind_generation,Wind Offshore,2026-08-26T15:33:13Z
2026-08-26T15:27:09Z,2026-08-26T17:27:09+0200,ec44fe02-3364-422b-92bd-0daf191e06d6,2026-08-12T20:15:00Z,2026-08-12T22:15:00+0200,1068.757,MW,DE,DE_LU,actual_offshore_wind_generation,Wind Offshore,2026-08-26T15:33:13Z
2026-08-26T15:27:09Z,2026-08-26T17:27:09+0200,ec44fe02-3364-422b-92bd-0daf191e06d6,2026-08-12T20:30:00Z,2026-08-12T22:30:00+0200,1134.773,MW,DE,DE_LU,actual_offshore_wind_generation,Wind Offshore,2026-08-26T15:33:13Z
2026-08-26T15:27:09Z,2026-08-26T17:27:09+0200,ec44fe02-3364-422b-92bd-0daf191e06d6,2026-08-12T20:45:00Z,2026-08-12T22:45:00+0200,1200.089,MW,DE,DE_LU,actual_offshore_wind_generation,Wind Offshore,2026-08-26T15:33:13Z
2026-08-26T15:27:09Z,2026-08-26T17:27:09+0200,ec44fe02-3364-422b-92bd-0daf191e06d6,2026-08-12T21:00:00Z,2026-08-12T23:00:00+0200,1263.223,MW,DE,DE_LU,actual_offshore_wind_generation,Wind Offshore,2026-08-26T15:33:13Z
2026-08-26T15:27:09Z,2026-08-26T17:27:09+0200,ec44fe02-3364-422b-92bd-0daf191e06d6,2026-08-12T21:15:00Z,2026-08-12T23:15:00+0200,1354.257,MW,DE,DE_LU,actual_offshore_wind_generation,Wind Offshore,2026-08-26T15:33:13Z
2026-08-26T15:27:09Z,2026-08-26T17:27:09+0200,ec44fe02-3364-422b-92bd-0daf191e06d6,2026-08-12T21:30:00Z,2026-08-12T23:30:00+0200,1483.418,MW,DE,DE_LU,actual_offshore_wind_generation,Wind Offshore,2026-08-26T15:33:13Z
2026-08-26T15:27:09Z,2026-08-26T17:27:09+0200,ec44fe02-3364-422b-92bd-0daf191e06d6,2026-08-12T21:45:00Z,2026-08-12T23:45:00+0200,1607.614,MW,DE,DE_LU,actual_offshore_wind_generation,Wind Offshore,2026-08-26T15:33:13Z
2026-08-26T15:27:09Z,2026-08-26T17:27:09+0200,ec44fe02-3364-422b-92bd-0daf191e06d6,2026-08-12T22:00:00Z,2026-08-13T00:00:00+0200,1710.458,MW,DE,DE_LU,actual_offshore_wind_generation,Wind Offshore,2026-08-26T15:33:13Z
2026-08-26T15:27:09Z,2026-08-26T17:27:09+0200,ec44fe02-3364-422b-92bd-0daf191e06d6,2026-08-12T22:15:00Z,2026-08-13T00:15:00+0200,1699.282,MW,DE,DE_LU,actual_offshore_wind_generation,Wind Offshore,2026-08-26T15:33:13Z
2026-08-26T15:27:09Z,2026-08-26T17:27:09+0200,ec44fe02-3364-422b-92bd-0daf191e06d6,2026-08-12T22:30:00Z,2026-08-13T00:30:00+0200,1689.81,MW,DE,DE_LU,actual_offshore_wind_generation,Wind Offshore,2026-08-26T15:33:13Z
2026-08-26T15:27:09Z,2026-08-26T17:27:09+0200,ec44fe02-3364-422b-92bd-0daf191e06d6,2026-08-12T22:45:00Z,2026-08-13T00:45:00+0200,1713.327,MW,DE,DE_LU,actual_offshore_wind_generation,Wind Offshore,2026-08-26T15:33:13Z
2026-08-26T15:27:09Z,2026-08-26T17:27:09+0200,ec44fe02-3364-422b-92bd-0daf191e06d6,2026-08-12T23:00:00Z,2026-08-13T01:00:00+0200,1750.984,MW,DE,DE_LU,actual_offshore_wind_generation,Wind Offshore,2026-08-26T15:33:13Z
2026-08-26T15:27:09Z,2026-08-26T17:27:09+0200,ec44fe02-3364-422b-92bd-0daf191e06d6,2026-08-12T23:15:00Z,2026-08-13T01:15:00+0200,1757.586,MW,DE,DE_LU,actual_offshore_wind_generation,Wind Offshore,2026-08-26T15:33:13Z
2026-08-26T15:27:09Z,2026-08-26T17:27:09+0200,ec44fe02-3364-422b-92bd-0daf191e06d6,2026-08-12T23:30:00Z,2026-08-13T01:30:00+0200,1733.682,MW,DE,DE_LU,actual_offshore_wind_generation,Wind Offshore,2026-08-26T15:33:13Z
2026-08-26T15:27:09Z,2026-08-26T17:27:09+0200,ec44fe02-3364-422b-92bd-0daf191e06d6,2026-08-12T23:45:00Z,2026-08-13T01:45:00+0200,1704.461,MW,DE,DE_LU,actual_offshore_wind_generation,Wind Offshore,2026-08-26T15:33:13Z
2026-08-26T15:27:09Z,2026-08-26T17:27:09+0200,ec44fe02-3364-422b-92bd-0daf191e06d6,2026-08-13T00:00:00Z,2026-08-13T02:00:00+0200,1629.753,MW,DE,DE_LU,actual_offshore_wind_generation,Wind Offshore,2026-08-26T15:33:13Z
2026-08-26T15:27:09Z,2026-08-26T17:27:09+0200,ec44fe02-3364-422b-92bd-0daf191e06d6,2026-08-13T00:15:00Z,2026-08-13T02:15:00+0200,1504.3,MW,DE,DE_LU,actual_offshore_wind_generation,Wind Offshore,2026-08-26T15:33:13Z
2026-08-26T15:27:09Z,2026-08-26T17:27:09+0200,ec44fe02-3364-422b-92bd-0daf191e06d6,2026-08-13T00:30:00Z,2026-08-13T02:30:00+0200,1485.242,MW,DE,DE_LU,actual_offshore_wind_generation,Wind Offshore,2026-08-26T15:33:13Z
2026-08-26T15:27:09Z,2026-08-26T17:27:09+0200,ec44fe02-3364-422b-92bd-0daf191e06d6,2026-08-13T00:45:00Z,2026-08-13T02:45:00+0200,1490.884,MW,DE,DE_LU,actual_offshore_wind_generation,Wind Offshore,2026-08-26T15:33:13Z
2026-08-26T15:27:09Z,2026-08-26T17:27:09+0200,ec44fe02-3364-422b-92bd-0daf191e06d6,2026-08-13T01:00:00Z,2026-08-13T03:00:00+0200,1479.792,MW,DE,DE_LU,actual_offshore_wind_generation,Wind Offshore,2026-08-26T15:33:13Z
2026-08-26T15:27:09Z,2026-08-26T17:27:09+0200,ec44fe02-3364-422b-92bd-0daf191e06d6,2026-08-13T01:15:00Z,2026-08-13T03:15:00+0200,1460.878,MW,DE,DE_LU,actual_offshore_wind_generation,Wind Offshore,2026-08-26T15:33:13Z
2026-08-26T15:27:09Z,2026-08-26T17:27:09+0200,ec44fe02-3364-422b-92bd-0daf191e06d6,2026-08-13T01:30:00Z,2026-08-13T03:30:00+0200,1427.882,MW,DE,DE_LU,actual_offshore_wind_generation,Wind Offshore,2026-08-26T15:33:13Z
2026-08-26T15:27:09Z,2026-08-26T17:27:09+0200,ec44fe02-3364-422b-92bd-0daf191e06d6,2026-08-13T01:45:00Z,2026-08-13T03:45:00+0200,1439.456,MW,DE,DE_LU,actual_offshore_wind_generation,Wind Offshore,2026-08-26T15:33:13Z
2026-08-26T15:27:09Z,2026-08-26T17:27:09+0200,ec44fe02-3364-422b-92bd-0daf191e06d6,2026-08-13T02:00:00Z,2026-08-13T04:00:00+0200,1421.765,MW,DE,DE_LU,actual_offshore_wind_generation,Wind Offshore,2026-08-26T15:33:13Z
2026-08-26T15:27:09Z,2026-08-26T17:27:09+0200,ec44fe02-3364-422b-92bd-0daf191e06d6,2026-08-13T02:15:00Z,2026-08-13T04:15:00+0200,1325.387,MW,DE,DE_LU,actual_offshore_wind_generation,Wind Offshore,2026-08-26T15:33:13Z
2026-08-26T15:27:09Z,2026-08-26T17:27:09+0200,ec44fe02-3364-422b-92bd-0daf191e06d6,2026-08-13T02:30:00Z,2026-08-13T04:30:00+0200,1261.078,MW,DE,DE_LU,actual_offshore_wind_generation,Wind Offshore,2026-08-26T15:33:13Z
2026-08-26T15:27:09Z,2026-08-26T17:27:09+0200,ec44fe02-3364-422b-92bd-0daf191e06d6,2026-08-13T02:45:00Z,2026-08-13T04:45:00+0200,1227.658,MW,DE,DE_LU,actual_offshore_wind_generation,Wind Offshore,2026-08-26T15:33:13Z
2026-08-26T15:27:09Z,2026-08-26T17:27:09+0200,ec44fe02-3364-422b-92bd-0daf191e06d6,2026-08-13T03:00:00Z,2026-08-13T05:00:00+0200,1165.57,MW,DE,DE_LU,actual_offshore_wind_generation,Wind Offshore,2026-08-26T15:33:13Z
2026-08-26T15:27:09Z,2026-08-26T17:27:09+0200,ec44fe02-3364-422b-92bd-0daf191e06d6,2026-08-13T03:15:00Z,2026-08-13T05:15:00+0200,1101.16,MW,DE,DE_LU,actual_offshore_wind_generation,Wind Offshore,2026-08-26T15:33:13Z
2026-08-26T15:27:09Z,2026-08-26T17:27:09+0200,ec44fe02-3364-422b-92bd-0daf191e06d6,2026-08-13T03:30:00Z,2026-08-13T05:30:00+0200,1069.547,MW,DE,DE_LU,actual_offshore_wind_generation,Wind Offshore,2026-08-26T15:33:13Z
2026-08-26T15:27:09Z,2026-08-26T17:27:09+0200,ec44fe02-3364-422b-92bd-0daf191e06d6,2026-08-13T03:45:00Z,2026-08-13T05:45:00+0200,1032.424,MW,DE,DE_LU,actual_offshore_wind_generation,Wind Offshore,2026-08-26T15:33:13Z
2026-08-26T15:27:09Z,2026-08-26T17:27:09+0200,ec44fe02-3364-422b-92bd-0daf191e06d6,2026-08-13T04:00:00Z,2026-08-13T06:00:00+0200,987.631,MW,DE,DE_LU,actual_offshore_wind_generation,Wind Offshore,2026-08-26T15:33:13Z
2026-08-26T15:27:09Z,2026-08-26T17:27:09+0200,ec44fe02-3364-422b-92bd-0daf191e06d6,2026-08-13T04:15:00Z,2026-08-13T06:15:00+0200,945.702,MW,DE,DE_LU,actual_offshore_wind_generation,Wind Offshore,2026-08-26T15:33:13Z
2026-08-26T15:27:09Z,2026-08-26T17:27:09+0200,ec44fe02-3364-422b-92bd-0daf191e06d6,2026-08-13T04:30:00Z,2026-08-13T06:30:00+0200,885.719,MW,DE,DE_LU,actual_offshore_wind_generation,Wind Offshore,2026-08-26T15:33:13Z
2026-08-26T15:27:09Z,2026-08-26T17:27:09+0200,ec44fe02-3364-422b-92bd-0daf191e06d6,2026-08-13T04:45:00Z,2026-08-13T06:45:00+0200,846.024,MW,DE,DE_LU,actual_offshore_wind_generation,Wind Offshore,2026-08-26T15:33:13Z
2026-08-26T15:27:09Z,2026-08-26T17:27:09+0200,ec44fe02-3364-422b-92bd-0daf191e06d6,2026-08-13T05:00:00Z,2026-08-13T07:00:00+0200,816.416,MW,DE,DE_LU,actual_offshore_wind_generation,Wind Offshore,2026-08-26T15:33:13Z
2026-08-26T15:27:09Z,2026-08-26T17:27:09+0200,ec44fe02-3364-422b-92bd-0daf191e06d6,2026-08-13T05:15:00Z,2026-08-13T07:15:00+0200,747.012,MW,DE,DE_LU,actual_offshore_wind_generation,Wind Offshore,2026-08-26T15:33:13Z
2026-08-26T15:27:09Z,2026-08-26T17:27:09+0200,ec44fe02-3364-422b-92bd-0daf191e06d6,2026-08-13T05:30:00Z,2026-08-13T07:30:00+0200,687.867,MW,DE,DE_LU,actual_offshore_wind_generation,Wind Offshore,2026-08-26T15:33:13Z
2026-08-26T15:27:09Z,2026-08-26T17:27:09+0200,ec44fe02-3364-422b-92bd-0daf191e06d6,2026-08-13T05:45:00Z,2026-08-13T07:45:00+0200,671.836,MW,DE,DE_LU,actual_offshore_wind_generation,Wind Offshore,2026-08-26T15:33:13Z
2026-08-26T15:27:09Z,2026-08-26T17:27:09+0200,ec44fe02-3364-422b-92bd-0daf191e06d6,2026-08-13T06:00:00Z,2026-08-13T08:00:00+0200,680.604,MW,DE,DE_LU,actual_offshore_wind_generation,Wind Offshore,2026-08-26T15:33:13Z
2026-08-26T15:27:09Z,2026-08-26T17:27:09+0200,ec44fe02-3364-422b-92bd-0daf191e06d6,2026-08-13T06:15:00Z,2026-08-13T08:15:00+0200,690.872,MW,DE,DE_LU,actual_offshore_wind_generation,Wind Offshore,2026-08-26T15:33:13Z
2026-08-26T15:27:09Z,2026-08-26T17:27:09+0200,ec44fe02-3364-422b-92bd-0daf191e06d6,2026-08-13T06:30:00Z,2026-08-13T08:30:00+0200,677.61,MW,DE,DE_LU,actual_offshore_wind_generation,Wind Offshore,2026-08-26T15:33:13Z
2026-08-26T15:27:09Z,2026-08-26T17:27:09+0200,ec44fe02-3364-422b-92bd-0daf191e06d6,2026-08-13T06:45:00Z,2026-08-13T08:45:00+0200,635.32,MW,DE,DE_LU,actual_offshore_wind_generation,Wind Offshore,2026-08-26T15:33:13Z
2026-08-26T15:27:09Z,2026-08-26T17:27:09+0200,ec44fe02-3364-422b-92bd-0daf191e06d6,2026-08-13T07:00:00Z,2026-08-13T09:00:00+0200,596.899,MW,DE,DE_LU,actual_offshore_wind_generation,Wind Offshore,2026-08-26T15:33:13Z
2026-08-26T15:27:09Z,2026-08-26T17:27:09+0200,ec44fe02-3364-422b-92bd-0daf191e06d6,2026-08-13T07:15:00Z,2026-08-13T09:15:00+0200,572.319,MW,DE,DE_LU,actual_offshore_wind_generation,Wind Offshore,2026-08-26T15:33:13Z
2026-08-26T15:27:09Z,2026-08-26T17:27:09+0200,ec44fe02-3364-422b-92bd-0daf191e06d6,2026-08-13T07:30:00Z,2026-08-13T09:30:00+0200,556.068,MW,DE,DE_LU,actual_offshore_wind_generation,Wind Offshore,2026-08-26T15:33:13Z
2026-08-26T15:27:09Z,2026-08-26T17:27:09+0200,ec44fe02-3364-422b-92bd-0daf191e06d6,2026-08-13T07:45:00Z,2026-08-13T09:45:00+0200,522.047,MW,DE,DE_LU,actual_offshore_wind_generation,Wind Offshore,2026-08-26T15:33:13Z
2026-08-26T15:27:09Z,2026-08-26T17:27:09+0200,ec44fe02-3364-422b-92bd-0daf191e06d6,2026-08-13T08:00:00Z,2026-08-13T10:00:00+0200,479.72,MW,DE,DE_LU,actual_offshore_wind_generation,Wind Offshore,2026-08-26T15:33:13Z
2026-08-26T15:27:09Z,2026-08-26T17:27:09+0200,ec44fe02-3364-422b-92bd-0daf191e06d6,2026-08-13T08:15:00Z,2026-08-13T10:15:00+0200,478.898,MW,DE,DE_LU,actual_offshore_wind_generation,Wind Offshore,2026-08-26T15:33:13Z
2026-08-26T15:27:09Z,2026-08-26T17:27:09+0200,ec44fe02-3364-422b-92bd-0daf191e06d6,2026-08-13T08:30:00Z,2026-08-13T10:30:00+0200,469.842,MW,DE,DE_LU,actual_offshore_wind_generation,Wind Offshore,2026-08-26T15:33:13Z
2026-08-26T15:27:09Z,2026-08-26T17:27:09+0200,ec44fe02-3364-422b-92bd-0daf191e06d6,2026-08-13T08:45:00Z,2026-08-13T10:45:00+0200,473.024,MW,DE,DE_LU,actual_offshore_wind_generation,Wind Offshore,2026-08-26T15:33:13Z
2026-08-26T15:27:09Z,2026-08-26T17:27:09+0200,ec44fe02-3364-422b-92bd-0daf191e06d6,2026-08-13T09:00:00Z,2026-08-13T11:00:00+0200,492.96,MW,DE,DE_LU,actual_offshore_wind_generation,Wind Offshore,2026-08-26T15:33:13Z
2026-08-26T15:27:09Z,2026-08-26T17:27:09+0200,ec44fe02-3364-422b-92bd-0daf191e06d6,2026-08-13T09:15:00Z,2026-08-13T11:15:00+0200,547.982,MW,DE,DE_LU,actual_offshore_wind_generation,Wind Offshore,2026-08-26T15:33:13Z
2026-08-26T15:27:09Z,2026-08-26T17:27:09+0200,ec44fe02-3364-422b-92bd-0daf191e06d6,2026-08-13T09:30:00Z,2026-08-13T11:30:00+0200,598.638,MW,DE,DE_LU,actual_offshore_wind_generation,Wind Offshore,2026-08-26T15:33:13Z
2026-08-26T15:27:09Z,2026-08-26T17:27:09+0200,ec44fe02-3364-422b-92bd-0daf191e06d6,2026-08-13T09:45:00Z,2026-08-13T11:45:00+0200,632.212,MW,DE,DE_LU,actual_offshore_wind_generation,Wind Offshore,2026-08-26T15:33:13Z
2026-08-26T15:27:09Z,2026-08-26T17:27:09+0200,ec44fe02-3364-422b-92bd-0daf191e06d6,2026-08-13T10:00:00Z,2026-08-13T12:00:00+0200,633.904,MW,DE,DE_LU,actual_offshore_wind_generation,Wind Offshore,2026-08-26T15:33:13Z
2026-08-26T15:27:09Z,2026-08-26T17:27:09+0200,ec44fe02-3364-422b-92bd-0daf191e06d6,2026-08-13T10:15:00Z,2026-08-13T12:15:00+0200,670.846,MW,DE,DE_LU,actual_offshore_wind_generation,Wind Offshore,2026-08-26T15:33:13Z
2026-08-26T15:27:09Z,2026-08-26T17:27:09+0200,ec44fe02-3364-422b-92bd-0daf191e06d6,2026-08-13T10:30:00Z,2026-08-13T12:30:00+0200,707.866,MW,DE,DE_LU,actual_offshore_wind_generation,Wind Offshore,2026-08-26T15:33:13Z
2026-08-26T15:27:09Z,2026-08-26T17:27:09+0200,ec44fe02-3364-422b-92bd-0daf191e06d6,2026-08-13T10:45:00Z,2026-08-13T12:45:00+0200,701.003,MW,DE,DE_LU,actual_offshore_wind_generation,Wind Offshore,2026-08-26T15:33:13Z
2026-08-26T15:27:09Z,2026-08-26T17:27:09+0200,ec44fe02-3364-422b-92bd-0daf191e06d6,2026-08-13T11:00:00Z,2026-08-13T13:00:00+0200,569.56,MW,DE,DE_LU,actual_offshore_wind_generation,Wind Offshore,2026-08-26T15:33:13Z
2026-08-26T15:27:09Z,2026-08-26T17:27:09+0200,ec44fe02-3364-422b-92bd-0daf191e06d6,2026-08-13T11:15:00Z,2026-08-13T13:15:00+0200,569.779,MW,DE,DE_LU,actual_offshore_wind_generation,Wind Offshore,2026-08-26T15:33:13Z
2026-08-26T15:27:09Z,2026-08-26T17:27:09+0200,ec44fe02-3364-422b-92bd-0daf191e06d6,2026-08-13T11:30:00Z,2026-08-13T13:30:00+0200,630.031,MW,DE,DE_LU,actual_offshore_wind_generation,Wind Offshore,2026-08-26T15:33:13Z
2026-08-26T15:27:09Z,2026-08-26T17:27:09+0200,ec44fe02-3364-422b-92bd-0daf191e06d6,2026-08-13T11:45:00Z,2026-08-13T13:45:00+0200,707.344,MW,DE,DE_LU,actual_offshore_wind_generation,Wind Offshore,2026-08-26T15:33:13Z
2026-08-26T15:27:09Z,2026-08-26T17:27:09+0200,ec44fe02-3364-422b-92bd-0daf191e06d6,2026-08-13T12:00:00Z,2026-08-13T14:00:00+0200,810.214,MW,DE,DE_LU,actual_offshore_wind_generation,Wind Offshore,2026-08-26T15:33:13Z
2026-08-26T15:27:09Z,2026-08-26T17:27:09+0200,ec44fe02-3364-422b-92bd-0daf191e06d6,2026-08-13T12:15:00Z,2026-08-13T14:15:00+0200,814.75,MW,DE,DE_LU,actual_offshore_wind_generation,Wind Offshore,2026-08-26T15:33:13Z
2026-08-26T15:27:09Z,2026-08-26T17:27:09+0200,ec44fe02-3364-422b-92bd-0daf191e06d6,2026-08-13T12:30:00Z,2026-08-13T14:30:00+0200,842.539,MW,DE,DE_LU,actual_offshore_wind_generation,Wind Offshore,2026-08-26T15:33:13Z
2026-08-26T15:27:09Z,2026-08-26T17:27:09+0200,ec44fe02-3364-422b-92bd-0daf191e06d6,2026-08-13T12:45:00Z,2026-08-13T14:45:00+0200,882.914,MW,DE,DE_LU,actual_offshore_wind_generation,Wind Offshore,2026-08-26T15:33:13Z
2026-08-26T15:27:09Z,2026-08-26T17:27:09+0200,ec44fe02-3364-422b-92bd-0daf191e06d6,2026-08-13T13:00:00Z,2026-08-13T15:00:00+0200,945.995,MW,DE,DE_LU,actual_offshore_wind_generation,Wind Offshore,2026-08-26T15:33:13Z
2026-08-26T15:27:09Z,2026-08-26T17:27:09+0200,ec44fe02-3364-422b-92bd-0daf191e06d6,2026-08-13T13:15:00Z,2026-08-13T15:15:00+0200,1009.716,MW,DE,DE_LU,actual_offshore_wind_generation,Wind Offshore,2026-08-26T15:33:13Z
2026-08-26T15:27:09Z,2026-08-26T17:27:09+0200,ec44fe02-3364-422b-92bd-0daf191e06d6,2026-08-13T13:30:00Z,2026-08-13T15:30:00+0200,1086.435,MW,DE,DE_LU,actual_offshore_wind_generation,Wind Offshore,2026-08-26T15:33:13Z
2026-08-26T15:27:09Z,2026-08-26T17:27:09+0200,ec44fe02-3364-422b-92bd-0daf191e06d6,2026-08-13T13:45:00Z,2026-08-13T15:45:00+0200,1134.422,MW,DE,DE_LU,actual_offshore_wind_generation,Wind Offshore,2026-08-26T15:33:13Z
2026-08-26T15:27:09Z,2026-08-26T17:27:09+0200,ec44fe02-3364-422b-92bd-0daf191e06d6,2026-08-13T14:00:00Z,2026-08-13T16:00:00+0200,1179.206,MW,DE,DE_LU,actual_offshore_wind_generation,Wind Offshore,2026-08-26T15:33:13Z
2026-08-26T15:27:09Z,2026-08-26T17:27:09+0200,ec44fe02-3364-422b-92bd-0daf191e06d6,2026-08-13T14:15:00Z,2026-08-13T16:15:00+0200,1241.814,MW,DE,DE_LU,actual_offshore_wind_generation,Wind Offshore,2026-08-26T15:33:13Z
2026-08-26T15:27:09Z,2026-08-26T17:27:09+0200,ec44fe02-3364-422b-92bd-0daf191e06d6,2026-08-13T14:30:00Z,2026-08-13T16:30:00+0200,1313.559,MW,DE,DE_LU,actual_offshore_wind_generation,Wind Offshore,2026-08-26T15:33:13Z
2026-08-26T15:27:09Z,2026-08-26T17:27:09+0200,ec44fe02-3364-422b-92bd-0daf191e06d6,2026-08-13T14:45:00Z,2026-08-13T16:45:00+0200,1356.385,MW,DE,DE_LU,actual_offshore_wind_generation,Wind Offshore,2026-08-26T15:33:13Z
2026-08-26T15:27:09Z,2026-08-26T17:27:09+0200,ec44fe02-3364-422b-92bd-0daf191e06d6,2026-08-13T15:00:00Z,2026-08-13T17:00:00+0200,1397.965,MW,DE,DE_LU,actual_offshore_wind_generation,Wind Offshore,2026-08-26T15:33:13Z
2026-08-26T15:27:09Z,2026-08-26T17:27:09+0200,ec44fe02-3364-422b-92bd-0daf191e06d6,2026-08-13T15:15:00Z,2026-08-13T17:15:00+0200,1465.559,MW,DE,DE_LU,actual_offshore_wind_generation,Wind Offshore,2026-08-26T15:33:13Z
2026-08-26T15:27:09Z,2026-08-26T17:27:09+0200,ec44fe02-3364-422b-92bd-0daf191e06d6,2026-08-13T15:30:00Z,2026-08-13T17:30:00+0200,1492.427,MW,DE,DE_LU,actual_offshore_wind_generation,Wind Offshore,2026-08-26T15:33:13Z
2026-08-26T15:27:09Z,2026-08-26T17:27:09+0200,ec44fe02-3364-422b-92bd-0daf191e06d6,2026-08-13T15:45:00Z,2026-08-13T17:45:00+0200,1498.264,MW,DE,DE_LU,actual_offshore_wind_generation,Wind Offshore,2026-08-26T15:33:13Z
2026-08-26T15:27:09Z,2026-08-26T17:27:09+0200,ec44fe02-3364-422b-92bd-0daf191e06d6,2026-08-13T16:00:00Z,2026-08-13T18:00:00+0200,1523.294,MW,DE,DE_LU,actual_offshore_wind_generation,Wind Offshore,2026-08-26T15:33:13Z
2026-08-26T15:27:09Z,2026-08-26T17:27:09+0200,ec44fe02-3364-422b-92bd-0daf191e06d6,2026-08-13T16:15:00Z,2026-08-13T18:15:00+0200,1573.767,MW,DE,DE_LU,actual_offshore_wind_generation,Wind Offshore,2026-08-26T15:33:13Z
2026-08-26T15:27:09Z,2026-08-26T17:27:09+0200,ec44fe02-3364-422b-92bd-0daf191e06d6,2026-08-13T16:30:00Z,2026-08-13T18:30:00+0200,1617.276,MW,DE,DE_LU,actual_offshore_wind_generation,Wind Offshore,2026-08-26T15:33:13Z
2026-08-26T15:27:09Z,2026-08-26T17:27:09+0200,ec44fe02-3364-422b-92bd-0daf191e06d6,2026-08-13T16:45:00Z,2026-08-13T18:45:00+0200,1651.177,MW,DE,DE_LU,actual_offshore_wind_generation,Wind Offshore,2026-08-26T15:33:13Z
2026-08-26T15:27:09Z,2026-08-26T17:27:09+0200,ec44fe02-3364-422b-92bd-0daf191e06d6,2026-08-13T17:00:00Z,2026-08-13T19:00:00+0200,1664.796,MW,DE,DE_LU,actual_offshore_wind_generation,Wind Offshore,2026-08-26T15:33:13Z
2026-08-26T15:27:09Z,2026-08-26T17:27:09+0200,ec44fe02-3364-422b-92bd-0daf191e06d6,2026-08-13T17:15:00Z,2026-08-13T19:15:00+0200,1674.502,MW,DE,DE_LU,actual_offshore_wind_generation,Wind Offshore,2026-08-26T15:33:13Z
2026-08-26T15:27:09Z,2026-08-26T17:27:09+0200,ec44fe02-3364-422b-92bd-0daf191e06d6,2026-08-13T17:30:00Z,2026-08-13T19:30:00+0200,1697.093,MW,DE,DE_LU,actual_offshore_wind_generation,Wind Offshore,2026-08-26T15:33:13Z
2026-08-26T15:27:09Z,2026-08-26T17:27:09+0200,ec44fe02-3364-422b-92bd-0daf191e06d6,2026-08-13T17:45:00Z,2026-08-13T19:45:00+0200,1734.699,MW,DE,DE_LU,actual_offshore_wind_generation,Wind Offshore,2026-08-26T15:33:13Z
2026-08-26T15:27:09Z,2026-08-26T17:27:09+0200,ec44fe02-3364-422b-92bd-0daf191e06d6,2026-08-13T18:00:00Z,2026-08-13T20:00:00+0200,1820.66,MW,DE,DE_LU,actual_offshore_wind_generation,Wind Offshore,2026-08-26T15:33:13Z
2026-08-26T15:27:09Z,2026-08-26T17:27:09+0200,ec44fe02-3364-422b-92bd-0daf191e06d6,2026-08-13T18:15:00Z,2026-08-13T20:15:00+0200,1869.535,MW,DE,DE_LU,actual_offshore_wind_generation,Wind Offshore,2026-08-26T15:33:13Z
2026-08-26T15:27:09Z,2026-08-26T17:27:09+0200,ec44fe02-3364-422b-92bd-0daf191e06d6,2026-08-13T18:30:00Z,2026-08-13T20:30:00+0200,1895.849,MW,DE,DE_LU,actual_offshore_wind_generation,Wind Offshore,2026-08-26T15:33:13Z
2026-08-26T15:27:09Z,2026-08-26T17:27:09+0200,ec44fe02-3364-422b-92bd-0daf191e06d6,2026-08-13T18:45:00Z,2026-08-13T20:45:00+0200,1950.128,MW,DE,DE_LU,actual_offshore_wind_generation,Wind Offshore,2026-08-26T15:33:13Z
2026-08-26T15:27:09Z,2026-08-26T17:27:09+0200,ec44fe02-3364-422b-92bd-0daf191e06d6,2026-08-13T19:00:00Z,2026-08-13T21:00:00+0200,2046.336,MW,DE,DE_LU,actual_offshore_wind_generation,Wind Offshore,2026-08-26T15:33:13Z
2026-08-26T15:27:09Z,2026-08-26T17:27:09+0200,ec44fe02-3364-422b-92bd-0daf191e06d6,2026-08-13T19:15:00Z,2026-08-13T21:15:00+0200,2154.248,MW,DE,DE_LU,actual_offshore_wind_generation,Wind Offshore,2026-08-26T15:33:13Z
2026-08-26T15:27:09Z,2026-08-26T17:27:09+0200,ec44fe02-3364-422b-92bd-0daf191e06d6,2026-08-13T19:30:00Z,2026-08-13T21:30:00+0200,2238.508,MW,DE,DE_LU,actual_offshore_wind_generation,Wind Offshore,2026-08-26T15:33:13Z
2026-08-26T15:27:09Z,2026-08-26T17:27:09+0200,ec44fe02-3364-422b-92bd-0daf191e06d6,2026-08-13T19:45:00Z,2026-08-13T21:45:00+0200,2360.558,MW,DE,DE_LU,actual_offshore_wind_generation,Wind Offshore,2026-08-26T15:33:13Z
2026-08-26T15:27:09Z,2026-08-26T17:27:09+0200,ec44fe02-3364-422b-92bd-0daf191e06d6,2026-08-13T20:00:00Z,2026-08-13T22:00:00+0200,2481.281,MW,DE,DE_LU,actual_offshore_wind_generation,Wind Offshore,2026-08-26T15:33:13Z
2026-08-26T15:27:09Z,2026-08-26T17:27:09+0200,ec44fe02-3364-422b-92bd-0daf191e06d6,2026-08-13T20:15:00Z,2026-08-13T22:15:00+0200,2642.713,MW,DE,DE_LU,actual_offshore_wind_generation,Wind Offshore,2026-08-26T15:33:13Z
2026-08-26T15:27:09Z,2026-08-26T17:27:09+0200,ec44fe02-3364-422b-92bd-0daf191e06d6,2026-08-13T20:30:00Z,2026-08-13T22:30:00+0200,2738.493,MW,DE,DE_LU,actual_offshore_wind_generation,Wind Offshore,2026-08-26T15:33:13Z
2026-08-26T15:27:09Z,2026-08-26T17:27:09+0200,ec44fe02-3364-422b-92bd-0daf191e06d6,2026-08-13T20:45:00Z,2026-08-13T22:45:00+0200,2789.665,MW,DE,DE_LU,actual_offshore_wind_generation,Wind Offshore,2026-08-26T15:33:13Z
2026-08-26T15:27:09Z,2026-08-26T17:27:09+0200,ec44fe02-3364-422b-92bd-0daf191e06d6,2026-08-13T21:00:00Z,2026-08-13T23:00:00+0200,2885.682,MW,DE,DE_LU,actual_offshore_wind_generation,Wind Offshore,2026-08-26T15:33:13Z
2026-08-26T15:27:09Z,2026-08-26T17:27:09+0200,ec44fe02-3364-422b-92bd-0daf191e06d6,2026-08-13T21:15:00Z,2026-08-13T23:15:00+0200,3020.477,MW,DE,DE_LU,actual_offshore_wind_generation,Wind Offshore,2026-08-26T15:33:13Z
2026-08-26T15:27:09Z,2026-08-26T17:27:09+0200,ec44fe02-3364-422b-92bd-0daf191e06d6,2026-08-13T21:30:00Z,2026-08-13T23:30:00+0200,3210.892,MW,DE,DE_LU,actual_offshore_wind_generation,Wind Offshore,2026-08-26T15:33:13Z
2026-08-26T15:27:09Z,2026-08-26T17:27:09+0200,ec44fe02-3364-422b-92bd-0daf191e06d6,2026-08-13T21:45:00Z,2026-08-13T23:45:00+0200,3376.538,MW,DE,DE_LU,actual_offshore_wind_generation,Wind Offshore,2026-08-26T15:33:13Z
2026-08-26T15:27:09Z,2026-08-26T17:27:09+0200,ec44fe02-3364-422b-92bd-0daf191e06d6,2026-08-13T22:00:00Z,2026-08-14T00:00:00+0200,3508.216,MW,DE,DE_LU,actual_offshore_wind_generation,Wind Offshore,2026-08-26T15:33:13Z
2026-08-26T15:27:09Z,2026-08-26T17:27:09+0200,ec44fe02-3364-422b-92bd-0daf191e06d6,2026-08-13T22:15:00Z,2026-08-14T00:15:00+0200,3614.824,MW,DE,DE_LU,actual_offshore_wind_generation,Wind Offshore,2026-08-26T15:33:13Z
2026-08-26T15:27:09Z,2026-08-26T17:27:09+0200,ec44fe02-3364-422b-92bd-0daf191e06d6,2026-08-13T22:30:00Z,2026-08-14T00:30:00+0200,3682.596,MW,DE,DE_LU,actual_offshore_wind_generation,Wind Offshore,2026-08-26T15:33:13Z
2026-08-26T15:27:09Z,2026-08-26T17:27:09+0200,ec44fe02-3364-422b-92bd-0daf191e06d6,2026-08-13T22:45:00Z,2026-08-14T00:45:00+0200,3767.6,MW,DE,DE_LU,actual_offshore_wind_generation,Wind Offshore,2026-08-26T15:33:13Z
2026-08-26T15:27:09Z,2026-08-26T17:27:09+0200,ec44fe02-3364-422b-92bd-0daf191e06d6,2026-08-13T23:00:00Z,2026-08-14T01:00:00+0200,3870.41,MW,DE,DE_LU,actual_offshore_wind_generation,Wind Offshore,2026-08-26T15:33:13Z
2026-08-26T15:27:09Z,2026-08-26T17:27:09+0200,ec44fe02-3364-422b-92bd-0daf191e06d6,2026-08-13T23:15:00Z,2026-08-14T01:15:00+0200,3857.978,MW,DE,DE_LU,actual_offshore_wind_generation,Wind Offshore,2026-08-26T15:33:13Z
2026-08-26T15:27:09Z,2026-08-26T17:27:09+0200,ec44fe02-3364-422b-92bd-0daf191e06d6,2026-08-13T23:30:00Z,2026-08-14T01:30:00+0200,3837.257,MW,DE,DE_LU,actual_offshore_wind_generation,Wind Offshore,2026-08-26T15:33:13Z
2026-08-26T15:27:09Z,2026-08-26T17:27:09+0200,ec44fe02-3364-422b-92bd-0daf191e06d6,2026-08-13T23:45:00Z,2026-08-14T01:45:00+0200,3772.801,MW,DE,DE_LU,actual_offshore_wind_generation,Wind Offshore,2026-08-26T15:33:13Z
2026-08-26T15:27:09Z,2026-08-26T17:27:09+0200,ec44fe02-3364-422b-92bd-0daf191e06d6,2026-08-14T00:00:00Z,2026-08-14T02:00:00+0200,3685.726,MW,DE,DE_LU,actual_offshore_wind_generation,Wind Offshore,2026-08-26T15:33:13Z
2026-08-26T15:27:09Z,2026-08-26T17:27:09+0200,ec44fe02-3364-422b-92bd-0daf191e06d6,2026-08-14T00:15:00Z,2026-08-14T02:15:00+0200,3551.846,MW,DE,DE_LU,actual_offshore_wind_generation,Wind Offshore,2026-08-26T15:33:13Z
2026-08-26T15:27:09Z,2026-08-26T17:27:09+0200,ec44fe02-3364-422b-92bd-0daf191e06d6,2026-08-14T00:30:00Z,2026-08-14T02:30:00+0200,3364.698,MW,DE,DE_LU,actual_offshore_wind_generation,Wind Offshore,2026-08-26T15:33:13Z
2026-08-26T15:27:09Z,2026-08-26T17:27:09+0200,ec44fe02-3364-422b-92bd-0daf191e06d6,2026-08-14T00:45:00Z,2026-08-14T02:45:00+0200,3228.113,MW,DE,DE_LU,actual_offshore_wind_generation,Wind Offshore,2026-08-26T15:33:13Z
2026-08-26T15:27:09Z,2026-08-26T17:27:09+0200,ec44fe02-3364-422b-92bd-0daf191e06d6,2026-08-14T01:00:00Z,2026-08-14T03:00:00+0200,3104.784,MW,DE,DE_LU,actual_offshore_wind_generation,Wind Offshore,2026-08-26T15:33:13Z
2026-08-26T15:27:09Z,2026-08-26T17:27:09+0200,ec44fe02-3364-422b-92bd-0daf191e06d6,2026-08-14T01:15:00Z,2026-08-14T03:15:00+0200,2980.838,MW,DE,DE_LU,actual_offshore_wind_generation,Wind Offshore,2026-08-26T15:33:13Z
2026-08-26T15:27:09Z,2026-08-26T17:27:09+0200,ec44fe02-3364-422b-92bd-0daf191e06d6,2026-08-14T01:30:00Z,2026-08-14T03:30:00+0200,2730.233,MW,DE,DE_LU,actual_offshore_wind_generation,Wind Offshore,2026-08-26T15:33:13Z
2026-08-26T15:27:09Z,2026-08-26T17:27:09+0200,ec44fe02-3364-422b-92bd-0daf191e06d6,2026-08-14T01:45:00Z,2026-08-14T03:45:00+0200,2557.513,MW,DE,DE_LU,actual_offshore_wind_generation,Wind Offshore,2026-08-26T15:33:13Z
2026-08-26T15:27:09Z,2026-08-26T17:27:09+0200,ec44fe02-3364-422b-92bd-0daf191e06d6,2026-08-14T02:00:00Z,2026-08-14T04:00:00+0200,2444.02,MW,DE,DE_LU,actual_offshore_wind_generation,Wind Offshore,2026-08-26T15:33:13Z
2026-08-26T15:27:09Z,2026-08-26T17:27:09+0200,ec44fe02-3364-422b-92bd-0daf191e06d6,2026-08-14T02:15:00Z,2026-08-14T04:15:00+0200,2306.926,MW,DE,DE_LU,actual_offshore_wind_generation,Wind Offshore,2026-08-26T15:33:13Z
2026-08-26T15:27:09Z,2026-08-26T17:27:09+0200,ec44fe02-3364-422b-92bd-0daf191e06d6,2026-08-14T02:30:00Z,2026-08-14T04:30:00+0200,2143.447,MW,DE,DE_LU,actual_offshore_wind_generation,Wind Offshore,2026-08-26T15:33:13Z
2026-08-26T15:27:09Z,2026-08-26T17:27:09+0200,ec44fe02-3364-422b-92bd-0daf191e06d6,2026-08-14T02:45:00Z,2026-08-14T04:45:00+0200,2005.193,MW,DE,DE_LU,actual_offshore_wind_generation,Wind Offshore,2026-08-26T15:33:13Z
2026-08-26T15:27:09Z,2026-08-26T17:27:09+0200,ec44fe02-3364-422b-92bd-0daf191e06d6,2026-08-14T03:00:00Z,2026-08-14T05:00:00+0200,1866.195,MW,DE,DE_LU,actual_offshore_wind_generation,Wind Offshore,2026-08-26T15:33:13Z
2026-08-26T15:27:09Z,2026-08-26T17:27:09+0200,ec44fe02-3364-422b-92bd-0daf191e06d6,2026-08-14T03:15:00Z,2026-08-14T05:15:00+0200,1743.012,MW,DE,DE_LU,actual_offshore_wind_generation,Wind Offshore,2026-08-26T15:33:13Z
2026-08-26T15:27:09Z,2026-08-26T17:27:09+0200,ec44fe02-3364-422b-92bd-0daf191e06d6,2026-08-14T03:30:00Z,2026-08-14T05:30:00+0200,1634.987,MW,DE,DE_LU,actual_offshore_wind_generation,Wind Offshore,2026-08-26T15:33:13Z
2026-08-26T15:27:09Z,2026-08-26T17:27:09+0200,ec44fe02-3364-422b-92bd-0daf191e06d6,2026-08-14T03:45:00Z,2026-08-14T05:45:00+0200,1586.461,MW,DE,DE_LU,actual_offshore_wind_generation,Wind Offshore,2026-08-26T15:33:13Z
2026-08-26T15:27:09Z,2026-08-26T17:27:09+0200,ec44fe02-3364-422b-92bd-0daf191e06d6,2026-08-14T04:00:00Z,2026-08-14T06:00:00+0200,1539.527,MW,DE,DE_LU,actual_offshore_wind_generation,Wind Offshore,2026-08-26T15:33:13Z
2026-08-26T15:27:09Z,2026-08-26T17:27:09+0200,ec44fe02-3364-422b-92bd-0daf191e06d6,2026-08-14T04:15:00Z,2026-08-14T06:15:00+0200,1457.161,MW,DE,DE_LU,actual_offshore_wind_generation,Wind Offshore,2026-08-26T15:33:13Z
2026-08-26T15:27:09Z,2026-08-26T17:27:09+0200,ec44fe02-3364-422b-92bd-0daf191e06d6,2026-08-14T04:30:00Z,2026-08-14T06:30:00+0200,1406.363,MW,DE,DE_LU,actual_offshore_wind_generation,Wind Offshore,2026-08-26T15:33:13Z
2026-08-26T15:27:09Z,2026-08-26T17:27:09+0200,ec44fe02-3364-422b-92bd-0daf191e06d6,2026-08-14T04:45:00Z,2026-08-14T06:45:00+0200,1324.509,MW,DE,DE_LU,actual_offshore_wind_generation,Wind Offshore,2026-08-26T15:33:13Z
2026-08-26T15:27:09Z,2026-08-26T17:27:09+0200,ec44fe02-3364-422b-92bd-0daf191e06d6,2026-08-14T05:00:00Z,2026-08-14T07:00:00+0200,1254.097,MW,DE,DE_LU,actual_offshore_wind_generation,Wind Offshore,2026-08-26T15:33:13Z
2026-08-26T15:27:09Z,2026-08-26T17:27:09+0200,ec44fe02-3364-422b-92bd-0daf191e06d6,2026-08-14T05:15:00Z,2026-08-14T07:15:00+0200,1178.96,MW,DE,DE_LU,actual_offshore_wind_generation,Wind Offshore,2026-08-26T15:33:13Z
2026-08-26T15:27:09Z,2026-08-26T17:27:09+0200,ec44fe02-3364-422b-92bd-0daf191e06d6,2026-08-14T05:30:00Z,2026-08-14T07:30:00+0200,1099.397,MW,DE,DE_LU,actual_offshore_wind_generation,Wind Offshore,2026-08-26T15:33:13Z
2026-08-26T15:27:09Z,2026-08-26T17:27:09+0200,ec44fe02-3364-422b-92bd-0daf191e06d6,2026-08-14T05:45:00Z,2026-08-14T07:45:00+0200,1044.671,MW,DE,DE_LU,actual_offshore_wind_generation,Wind Offshore,2026-08-26T15:33:13Z
2026-08-26T15:27:09Z,2026-08-26T17:27:09+0200,ec44fe02-3364-422b-92bd-0daf191e06d6,2026-08-14T06:00:00Z,2026-08-14T08:00:00+0200,987.184,MW,DE,DE_LU,actual_offshore_wind_generation,Wind Offshore,2026-08-26T15:33:13Z
2026-08-26T15:27:09Z,2026-08-26T17:27:09+0200,ec44fe02-3364-422b-92bd-0daf191e06d6,2026-08-14T06:15:00Z,2026-08-14T08:15:00+0200,920.771,MW,DE,DE_LU,actual_offshore_wind_generation,Wind Offshore,2026-08-26T15:33:13Z
2026-08-26T15:27:09Z,2026-08-26T17:27:09+0200,ec44fe02-3364-422b-92bd-0daf191e06d6,2026-08-14T06:30:00Z,2026-08-14T08:30:00+0200,858.192,MW,DE,DE_LU,actual_offshore_wind_generation,Wind Offshore,2026-08-26T15:33:13Z
2026-08-26T15:27:09Z,2026-08-26T17:27:09+0200,ec44fe02-3364-422b-92bd-0daf191e06d6,2026-08-14T06:45:00Z,2026-08-14T08:45:00+0200,796.031,MW,DE,DE_LU,actual_offshore_wind_generation,Wind Offshore,2026-08-26T15:33:13Z
2026-08-26T15:27:09Z,2026-08-26T17:27:09+0200,ec44fe02-3364-422b-92bd-0daf191e06d6,2026-08-14T07:00:00Z,2026-08-14T09:00:00+0200,761.786,MW,DE,DE_LU,actual_offshore_wind_generation,Wind Offshore,2026-08-26T15:33:13Z
2026-08-26T15:27:09Z,2026-08-26T17:27:09+0200,ec44fe02-3364-422b-92bd-0daf191e06d6,2026-08-14T07:15:00Z,2026-08-14T09:15:00+0200,701.205,MW,DE,DE_LU,actual_offshore_wind_generation,Wind Offshore,2026-08-26T15:33:13Z
2026-08-26T15:27:09Z,2026-08-26T17:27:09+0200,ec44fe02-3364-422b-92bd-0daf191e06d6,2026-08-14T07:30:00Z,2026-08-14T09:30:00+0200,628.597,MW,DE,DE_LU,actual_offshore_wind_generation,Wind Offshore,2026-08-26T15:33:13Z
2026-08-26T15:27:09Z,2026-08-26T17:27:09+0200,ec44fe02-3364-422b-92bd-0daf191e06d6,2026-08-14T07:45:00Z,2026-08-14T09:45:00+0200,592.727,MW,DE,DE_LU,actual_offshore_wind_generation,Wind Offshore,2026-08-26T15:33:13Z
2026-08-26T15:27:09Z,2026-08-26T17:27:09+0200,ec44fe02-3364-422b-92bd-0daf191e06d6,2026-08-14T08:00:00Z,2026-08-14T10:00:00+0200,486.647,MW,DE,DE_LU,actual_offshore_wind_generation,Wind Offshore,2026-08-26T15:33:13Z
2026-08-26T15:27:09Z,2026-08-26T17:27:09+0200,ec44fe02-3364-422b-92bd-0daf191e06d6,2026-08-14T08:15:00Z,2026-08-14T10:15:00+0200,445.611,MW,DE,DE_LU,actual_offshore_wind_generation,Wind Offshore,2026-08-26T15:33:13Z
2026-08-26T15:27:09Z,2026-08-26T17:27:09+0200,ec44fe02-3364-422b-92bd-0daf191e06d6,2026-08-14T08:30:00Z,2026-08-14T10:30:00+0200,446.956,MW,DE,DE_LU,actual_offshore_wind_generation,Wind Offshore,2026-08-26T15:33:13Z
2026-08-26T15:27:09Z,2026-08-26T17:27:09+0200,ec44fe02-3364-422b-92bd-0daf191e06d6,2026-08-14T08:45:00Z,2026-08-14T10:45:00+0200,417.812,MW,DE,DE_LU,actual_offshore_wind_generation,Wind Offshore,2026-08-26T15:33:13Z
2026-08-26T15:27:09Z,2026-08-26T17:27:09+0200,ec44fe02-3364-422b-92bd-0daf191e06d6,2026-08-14T09:00:00Z,2026-08-14T11:00:00+0200,398.8,MW,DE,DE_LU,actual_offshore_wind_generation,Wind Offshore,2026-08-26T15:33:13Z
2026-08-26T15:27:09Z,2026-08-26T17:27:09+0200,ec44fe02-3364-422b-92bd-0daf191e06d6,2026-08-14T09:15:00Z,2026-08-14T11:15:00+0200,356.927,MW,DE,DE_LU,actual_offshore_wind_generation,Wind Offshore,2026-08-26T15:33:13Z
2026-08-26T15:27:09Z,2026-08-26T17:27:09+0200,ec44fe02-3364-422b-92bd-0daf191e06d6,2026-08-14T09:30:00Z,2026-08-14T11:30:00+0200,318.695,MW,DE,DE_LU,actual_offshore_wind_generation,Wind Offshore,2026-08-26T15:33:13Z
2026-08-26T15:27:09Z,2026-08-26T17:27:09+0200,ec44fe02-3364-422b-92bd-0daf191e06d6,2026-08-14T09:45:00Z,2026-08-14T11:45:00+0200,278.724,MW,DE,DE_LU,actual_offshore_wind_generation,Wind Offshore,2026-08-26T15:33:13Z
2026-08-26T15:27:09Z,2026-08-26T17:27:09+0200,ec44fe02-3364-422b-92bd-0daf191e06d6,2026-08-14T10:00:00Z,2026-08-14T12:00:00+0200,233.407,MW,DE,DE_LU,actual_offshore_wind_generation,Wind Offshore,2026-08-26T15:33:13Z
2026-08-26T15:27:09Z,2026-08-26T17:27:09+0200,ec44fe02-3364-422b-92bd-0daf191e06d6,2026-08-14T10:15:00Z,2026-08-14T12:15:00+0200,228.605,MW,DE,DE_LU,actual_offshore_wind_generation,Wind Offshore,2026-08-26T15:33:13Z
2026-08-26T15:27:09Z,2026-08-26T17:27:09+0200,ec44fe02-3364-422b-92bd-0daf191e06d6,2026-08-14T10:30:00Z,2026-08-14T12:30:00+0200,226.437,MW,DE,DE_LU,actual_offshore_wind_generation,Wind Offshore,2026-08-26T15:33:13Z
2026-08-26T15:27:09Z,2026-08-26T17:27:09+0200,ec44fe02-3364-422b-92bd-0daf191e06d6,2026-08-14T10:45:00Z,2026-08-14T12:45:00+0200,193.268,MW,DE,DE_LU,actual_offshore_wind_generation,Wind Offshore,2026-08-26T15:33:13Z
2026-08-26T15:27:09Z,2026-08-26T17:27:09+0200,ec44fe02-3364-422b-92bd-0daf191e06d6,2026-08-14T11:00:00Z,2026-08-14T13:00:00+0200,315.494,MW,DE,DE_LU,actual_offshore_wind_generation,Wind Offshore,2026-08-26T15:33:13Z
2026-08-26T15:27:09Z,2026-08-26T17:27:09+0200,ec44fe02-3364-422b-92bd-0daf191e06d6,2026-08-14T11:15:00Z,2026-08-14T13:15:00+0200,307.878,MW,DE,DE_LU,actual_offshore_wind_generation,Wind Offshore,2026-08-26T15:33:13Z
2026-08-26T15:27:09Z,2026-08-26T17:27:09+0200,ec44fe02-3364-422b-92bd-0daf191e06d6,2026-08-14T11:30:00Z,2026-08-14T13:30:00+0200,304.159,MW,DE,DE_LU,actual_offshore_wind_generation,Wind Offshore,2026-08-26T15:33:13Z
2026-08-26T15:27:09Z,2026-08-26T17:27:09+0200,ec44fe02-3364-422b-92bd-0daf191e06d6,2026-08-14T11:45:00Z,2026-08-14T13:45:00+0200,343.64,MW,DE,DE_LU,actual_offshore_wind_generation,Wind Offshore,2026-08-26T15:33:13Z
2026-08-26T15:27:09Z,2026-08-26T17:27:09+0200,ec44fe02-3364-422b-92bd-0daf191e06d6,2026-08-14T12:00:00Z,2026-08-14T14:00:00+0200,217.827,MW,DE,DE_LU,actual_offshore_wind_generation,Wind Offshore,2026-08-26T15:33:13Z
2026-08-26T15:27:09Z,2026-08-26T17:27:09+0200,ec44fe02-3364-422b-92bd-0daf191e06d6,2026-08-14T12:15:00Z,2026-08-14T14:15:00+0200,232.021,MW,DE,DE_LU,actual_offshore_wind_generation,Wind Offshore,2026-08-26T15:33:13Z
2026-08-26T15:27:09Z,2026-08-26T17:27:09+0200,ec44fe02-3364-422b-92bd-0daf191e06d6,2026-08-14T12:30:00Z,2026-08-14T14:30:00+0200,245.902,MW,DE,DE_LU,actual_offshore_wind_generation,Wind Offshore,2026-08-26T15:33:13Z
2026-08-26T15:27:09Z,2026-08-26T17:27:09+0200,ec44fe02-3364-422b-92bd-0daf191e06d6,2026-08-14T12:45:00Z,2026-08-14T14:45:00+0200,274.618,MW,DE,DE_LU,actual_offshore_wind_generation,Wind Offshore,2026-08-26T15:33:13Z
2026-08-26T15:27:09Z,2026-08-26T17:27:09+0200,ec44fe02-3364-422b-92bd-0daf191e06d6,2026-08-14T13:00:00Z,2026-08-14T15:00:00+0200,314.854,MW,DE,DE_LU,actual_offshore_wind_generation,Wind Offshore,2026-08-26T15:33:13Z
2026-08-26T15:27:09Z,2026-08-26T17:27:09+0200,ec44fe02-3364-422b-92bd-0daf191e06d6,2026-08-14T13:15:00Z,2026-08-14T15:15:00+0200,356.031,MW,DE,DE_LU,actual_offshore_wind_generation,Wind Offshore,2026-08-26T15:33:13Z
2026-08-26T15:27:09Z,2026-08-26T17:27:09+0200,ec44fe02-3364-422b-92bd-0daf191e06d6,2026-08-14T13:30:00Z,2026-08-14T15:30:00+0200,398.827,MW,DE,DE_LU,actual_offshore_wind_generation,Wind Offshore,2026-08-26T15:33:13Z
2026-08-26T15:27:09Z,2026-08-26T17:27:09+0200,ec44fe02-3364-422b-92bd-0daf191e06d6,2026-08-14T13:45:00Z,2026-08-14T15:45:00+0200,463.968,MW,DE,DE_LU,actual_offshore_wind_generation,Wind Offshore,2026-08-26T15:33:13Z
2026-08-26T15:27:09Z,2026-08-26T17:27:09+0200,ec44fe02-3364-422b-92bd-0daf191e06d6,2026-08-14T14:00:00Z,2026-08-14T16:00:00+0200,765.48,MW,DE,DE_LU,actual_offshore_wind_generation,Wind Offshore,2026-08-26T15:33:13Z
2026-08-26T15:27:09Z,2026-08-26T17:27:09+0200,ec44fe02-3364-422b-92bd-0daf191e06d6,2026-08-14T14:15:00Z,2026-08-14T16:15:00+0200,816.981,MW,DE,DE_LU,actual_offshore_wind_generation,Wind Offshore,2026-08-26T15:33:13Z
2026-08-26T15:27:09Z,2026-08-26T17:27:09+0200,ec44fe02-3364-422b-92bd-0daf191e06d6,2026-08-14T14:30:00Z,2026-08-14T16:30:00+0200,893.838,MW,DE,DE_LU,actual_offshore_wind_generation,Wind Offshore,2026-08-26T15:33:13Z
2026-08-26T15:27:09Z,2026-08-26T17:27:09+0200,ec44fe02-3364-422b-92bd-0daf191e06d6,2026-08-14T14:45:00Z,2026-08-14T16:45:00+0200,948.497,MW,DE,DE_LU,actual_offshore_wind_generation,Wind Offshore,2026-08-26T15:33:13Z
2026-08-26T15:27:09Z,2026-08-26T17:27:09+0200,ec44fe02-3364-422b-92bd-0daf191e06d6,2026-08-14T15:00:00Z,2026-08-14T17:00:00+0200,1011.094,MW,DE,DE_LU,actual_offshore_wind_generation,Wind Offshore,2026-08-26T15:33:13Z
2026-08-26T15:27:09Z,2026-08-26T17:27:09+0200,ec44fe02-3364-422b-92bd-0daf191e06d6,2026-08-14T15:15:00Z,2026-08-14T17:15:00+0200,1090.73,MW,DE,DE_LU,actual_offshore_wind_generation,Wind Offshore,2026-08-26T15:33:13Z
2026-08-26T15:27:09Z,2026-08-26T17:27:09+0200,ec44fe02-3364-422b-92bd-0daf191e06d6,2026-08-14T15:30:00Z,2026-08-14T17:30:00+0200,1164.58,MW,DE,DE_LU,actual_offshore_wind_generation,Wind Offshore,2026-08-26T15:33:13Z
2026-08-26T15:27:09Z,2026-08-26T17:27:09+0200,ec44fe02-3364-422b-92bd-0daf191e06d6,2026-08-14T15:45:00Z,2026-08-14T17:45:00+0200,1227.671,MW,DE,DE_LU,actual_offshore_wind_generation,Wind Offshore,2026-08-26T15:33:13Z
2026-08-26T15:27:09Z,2026-08-26T17:27:09+0200,ec44fe02-3364-422b-92bd-0daf191e06d6,2026-08-14T16:00:00Z,2026-08-14T18:00:00+0200,1250.905,MW,DE,DE_LU,actual_offshore_wind_generation,Wind Offshore,2026-08-26T15:33:13Z
2026-08-26T15:27:09Z,2026-08-26T17:27:09+0200,ec44fe02-3364-422b-92bd-0daf191e06d6,2026-08-14T16:15:00Z,2026-08-14T18:15:00+0200,1271.627,MW,DE,DE_LU,actual_offshore_wind_generation,Wind Offshore,2026-08-26T15:33:13Z
2026-08-26T15:27:09Z,2026-08-26T17:27:09+0200,ec44fe02-3364-422b-92bd-0daf191e06d6,2026-08-14T16:30:00Z,2026-08-14T18:30:00+0200,1251.355,MW,DE,DE_LU,actual_offshore_wind_generation,Wind Offshore,2026-08-26T15:33:13Z
2026-08-26T15:27:09Z,2026-08-26T17:27:09+0200,ec44fe02-3364-422b-92bd-0daf191e06d6,2026-08-14T16:45:00Z,2026-08-14T18:45:00+0200,1302.524,MW,DE,DE_LU,actual_offshore_wind_generation,Wind Offshore,2026-08-26T15:33:13Z
2026-08-26T15:27:09Z,2026-08-26T17:27:09+0200,ec44fe02-3364-422b-92bd-0daf191e06d6,2026-08-14T17:00:00Z,2026-08-14T19:00:00+0200,1328.962,MW,DE,DE_LU,actual_offshore_wind_generation,Wind Offshore,2026-08-26T15:33:13Z
2026-08-26T15:27:09Z,2026-08-26T17:27:09+0200,ec44fe02-3364-422b-92bd-0daf191e06d6,2026-08-14T17:15:00Z,2026-08-14T19:15:00+0200,1356.924,MW,DE,DE_LU,actual_offshore_wind_generation,Wind Offshore,2026-08-26T15:33:13Z
2026-08-26T15:27:09Z,2026-08-26T17:27:09+0200,ec44fe02-3364-422b-92bd-0daf191e06d6,2026-08-14T17:30:00Z,2026-08-14T19:30:00+0200,1425.31,MW,DE,DE_LU,actual_offshore_wind_generation,Wind Offshore,2026-08-26T15:33:13Z
2026-08-26T15:27:09Z,2026-08-26T17:27:09+0200,ec44fe02-3364-422b-92bd-0daf191e06d6,2026-08-14T17:45:00Z,2026-08-14T19:45:00+0200,1412.619,MW,DE,DE_LU,actual_offshore_wind_generation,Wind Offshore,2026-08-26T15:33:13Z
2026-08-26T15:27:09Z,2026-08-26T17:27:09+0200,ec44fe02-3364-422b-92bd-0daf191e06d6,2026-08-14T18:00:00Z,2026-08-14T20:00:00+0200,1428.147,MW,DE,DE_LU,actual_offshore_wind_generation,Wind Offshore,2026-08-26T15:33:13Z
2026-08-26T15:27:09Z,2026-08-26T17:27:09+0200,ec44fe02-3364-422b-92bd-0daf191e06d6,2026-08-14T18:15:00Z,2026-08-14T20:15:00+0200,1466.663,MW,DE,DE_LU,actual_offshore_wind_generation,Wind Offshore,2026-08-26T15:33:13Z
2026-08-26T15:27:09Z,2026-08-26T17:27:09+0200,ec44fe02-3364-422b-92bd-0daf191e06d6,2026-08-14T18:30:00Z,2026-08-14T20:30:00+0200,1495.107,MW,DE,DE_LU,actual_offshore_wind_generation,Wind Offshore,2026-08-26T15:33:13Z
2026-08-26T15:27:09Z,2026-08-26T17:27:09+0200,ec44fe02-3364-422b-92bd-0daf191e06d6,2026-08-14T18:45:00Z,2026-08-14T20:45:00+0200,1573.763,MW,DE,DE_LU,actual_offshore_wind_generation,Wind Offshore,2026-08-26T15:33:13Z
2026-08-26T15:27:09Z,2026-08-26T17:27:09+0200,ec44fe02-3364-422b-92bd-0daf191e06d6,2026-08-14T19:00:00Z,2026-08-14T21:00:00+0200,1624.945,MW,DE,DE_LU,actual_offshore_wind_generation,Wind Offshore,2026-08-26T15:33:13Z
2026-08-26T15:27:09Z,2026-08-26T17:27:09+0200,ec44fe02-3364-422b-92bd-0daf191e06d6,2026-08-14T19:15:00Z,2026-08-14T21:15:00+0200,1631.499,MW,DE,DE_LU,actual_offshore_wind_generation,Wind Offshore,2026-08-26T15:33:13Z
2026-08-26T15:27:09Z,2026-08-26T17:27:09+0200,ec44fe02-3364-422b-92bd-0daf191e06d6,2026-08-14T19:30:00Z,2026-08-14T21:30:00+0200,1694.659,MW,DE,DE_LU,actual_offshore_wind_generation,Wind Offshore,2026-08-26T15:33:13Z
2026-08-26T15:27:09Z,2026-08-26T17:27:09+0200,ec44fe02-3364-422b-92bd-0daf191e06d6,2026-08-14T19:45:00Z,2026-08-14T21:45:00+0200,1695.117,MW,DE,DE_LU,actual_offshore_wind_generation,Wind Offshore,2026-08-26T15:33:13Z
2026-08-26T15:27:09Z,2026-08-26T17:27:09+0200,ec44fe02-3364-422b-92bd-0daf191e06d6,2026-08-14T20:00:00Z,2026-08-14T22:00:00+0200,1792.166,MW,DE,DE_LU,actual_offshore_wind_generation,Wind Offshore,2026-08-26T15:33:13Z
2026-08-26T15:27:09Z,2026-08-26T17:27:09+0200,ec44fe02-3364-422b-92bd-0daf191e06d6,2026-08-14T20:15:00Z,2026-08-14T22:15:00+0200,1850.189,MW,DE,DE_LU,actual_offshore_wind_generation,Wind Offshore,2026-08-26T15:33:13Z
2026-08-26T15:27:09Z,2026-08-26T17:27:09+0200,ec44fe02-3364-422b-92bd-0daf191e06d6,2026-08-14T20:30:00Z,2026-08-14T22:30:00+0200,1863.889,MW,DE,DE_LU,actual_offshore_wind_generation,Wind Offshore,2026-08-26T15:33:13Z
2026-08-26T15:27:09Z,2026-08-26T17:27:09+0200,ec44fe02-3364-422b-92bd-0daf191e06d6,2026-08-14T20:45:00Z,2026-08-14T22:45:00+0200,1895.856,MW,DE,DE_LU,actual_offshore_wind_generation,Wind Offshore,2026-08-26T15:33:13Z
2026-08-26T15:27:09Z,2026-08-26T17:27:09+0200,ec44fe02-3364-422b-92bd-0daf191e06d6,2026-08-14T21:00:00Z,2026-08-14T23:00:00+0200,1993.17,MW,DE,DE_LU,actual_offshore_wind_generation,Wind Offshore,2026-08-26T15:33:13Z
2026-08-26T15:27:09Z,2026-08-26T17:27:09+0200,ec44fe02-3364-422b-92bd-0daf191e06d6,2026-08-14T21:15:00Z,2026-08-14T23:15:00+0200,2162.671,MW,DE,DE_LU,actual_offshore_wind_generation,Wind Offshore,2026-08-26T15:33:13Z
2026-08-26T15:27:09Z,2026-08-26T17:27:09+0200,ec44fe02-3364-422b-92bd-0daf191e06d6,2026-08-14T21:30:00Z,2026-08-14T23:30:00+0200,2195.386,MW,DE,DE_LU,actual_offshore_wind_generation,Wind Offshore,2026-08-26T15:33:13Z
2026-08-26T15:27:09Z,2026-08-26T17:27:09+0200,ec44fe02-3364-422b-92bd-0daf191e06d6,2026-08-14T21:45:00Z,2026-08-14T23:45:00+0200,2276.933,MW,DE,DE_LU,actual_offshore_wind_generation,Wind Offshore,2026-08-26T15:33:13Z
2026-08-26T15:27:09Z,2026-08-26T17:27:09+0200,ec44fe02-3364-422b-92bd-0daf191e06d6,2026-08-14T22:00:00Z,2026-08-15T00:00:00+0200,2335.488,MW,DE,DE_LU,actual_offshore_wind_generation,Wind Offshore,2026-08-26T15:33:13Z
2026-08-26T15:27:09Z,2026-08-26T17:27:09+0200,ec44fe02-3364-422b-92bd-0daf191e06d6,2026-08-14T22:15:00Z,2026-08-15T00:15:00+0200,2434.67,MW,DE,DE_LU,actual_offshore_wind_generation,Wind Offshore,2026-08-26T15:33:13Z
2026-08-26T15:27:09Z,2026-08-26T17:27:09+0200,ec44fe02-3364-422b-92bd-0daf191e06d6,2026-08-14T22:30:00Z,2026-08-15T00:30:00+0200,2486.623,MW,DE,DE_LU,actual_offshore_wind_generation,Wind Offshore,2026-08-26T15:33:13Z
2026-08-26T15:27:09Z,2026-08-26T17:27:09+0200,ec44fe02-3364-422b-92bd-0daf191e06d6,2026-08-14T22:45:00Z,2026-08-15T00:45:00+0200,2621.706,MW,DE,DE_LU,actual_offshore_wind_generation,Wind Offshore,2026-08-26T15:33:13Z
2026-08-26T15:27:09Z,2026-08-26T17:27:09+0200,ec44fe02-3364-422b-92bd-0daf191e06d6,2026-08-14T23:00:00Z,2026-08-15T01:00:00+0200,2819.151,MW,DE,DE_LU,actual_offshore_wind_generation,Wind Offshore,2026-08-26T15:33:13Z
2026-08-26T15:27:09Z,2026-08-26T17:27:09+0200,ec44fe02-3364-422b-92bd-0daf191e06d6,2026-08-14T23:15:00Z,2026-08-15T01:15:00+0200,2919.733,MW,DE,DE_LU,actual_offshore_wind_generation,Wind Offshore,2026-08-26T15:33:13Z
2026-08-26T15:27:09Z,2026-08-26T17:27:09+0200,ec44fe02-3364-422b-92bd-0daf191e06d6,2026-08-14T23:30:00Z,2026-08-15T01:30:00+0200,2829.6,MW,DE,DE_LU,actual_offshore_wind_generation,Wind Offshore,2026-08-26T15:33:13Z
2026-08-26T15:27:09Z,2026-08-26T17:27:09+0200,ec44fe02-3364-422b-92bd-0daf191e06d6,2026-08-14T23:45:00Z,2026-08-15T01:45:00+0200,2701.426,MW,DE,DE_LU,actual_offshore_wind_generation,Wind Offshore,2026-08-26T15:33:13Z
2026-08-26T15:27:09Z,2026-08-26T17:27:09+0200,ec44fe02-3364-422b-92bd-0daf191e06d6,2026-08-15T00:00:00Z,2026-08-15T02:00:00+0200,2693.35,MW,DE,DE_LU,actual_offshore_wind_generation,Wind Offshore,2026-08-26T15:33:13Z
2026-08-26T15:27:09Z,2026-08-26T17:27:09+0200,ec44fe02-3364-422b-92bd-0daf191e06d6,2026-08-15T00:15:00Z,2026-08-15T02:15:00+0200,2647.384,MW,DE,DE_LU,actual_offshore_wind_generation,Wind Offshore,2026-08-26T15:33:13Z
2026-08-26T15:27:09Z,2026-08-26T17:27:09+0200,ec44fe02-3364-422b-92bd-0daf191e06d6,2026-08-15T00:30:00Z,2026-08-15T02:30:00+0200,2515.971,MW,DE,DE_LU,actual_offshore_wind_generation,Wind Offshore,2026-08-26T15:33:13Z
2026-08-26T15:27:09Z,2026-08-26T17:27:09+0200,ec44fe02-3364-422b-92bd-0daf191e06d6,2026-08-15T00:45:00Z,2026-08-15T02:45:00+0200,2493.554,MW,DE,DE_LU,actual_offshore_wind_generation,Wind Offshore,2026-08-26T15:33:13Z
2026-08-26T15:27:09Z,2026-08-26T17:27:09+0200,ec44fe02-3364-422b-92bd-0daf191e06d6,2026-08-15T01:00:00Z,2026-08-15T03:00:00+0200,2419.655,MW,DE,DE_LU,actual_offshore_wind_generation,Wind Offshore,2026-08-26T15:33:13Z
2026-08-26T15:27:09Z,2026-08-26T17:27:09+0200,ec44fe02-3364-422b-92bd-0daf191e06d6,2026-08-15T01:15:00Z,2026-08-15T03:15:00+0200,2315.965,MW,DE,DE_LU,actual_offshore_wind_generation,Wind Offshore,2026-08-26T15:33:13Z
2026-08-26T15:27:09Z,2026-08-26T17:27:09+0200,ec44fe02-3364-422b-92bd-0daf191e06d6,2026-08-15T01:30:00Z,2026-08-15T03:30:00+0200,2200.737,MW,DE,DE_LU,actual_offshore_wind_generation,Wind Offshore,2026-08-26T15:33:13Z
2026-08-26T15:27:09Z,2026-08-26T17:27:09+0200,ec44fe02-3364-422b-92bd-0daf191e06d6,2026-08-15T01:45:00Z,2026-08-15T03:45:00+0200,2219.203,MW,DE,DE_LU,actual_offshore_wind_generation,Wind Offshore,2026-08-26T15:33:13Z
2026-08-26T15:27:09Z,2026-08-26T17:27:09+0200,ec44fe02-3364-422b-92bd-0daf191e06d6,2026-08-15T02:00:00Z,2026-08-15T04:00:00+0200,2311.138,MW,DE,DE_LU,actual_offshore_wind_generation,Wind Offshore,2026-08-26T15:33:13Z
2026-08-26T15:27:09Z,2026-08-26T17:27:09+0200,ec44fe02-3364-422b-92bd-0daf191e06d6,2026-08-15T02:15:00Z,2026-08-15T04:15:00+0200,2337.13,MW,DE,DE_LU,actual_offshore_wind_generation,Wind Offshore,2026-08-26T15:33:13Z
2026-08-26T15:27:09Z,2026-08-26T17:27:09+0200,ec44fe02-3364-422b-92bd-0daf191e06d6,2026-08-15T02:30:00Z,2026-08-15T04:30:00+0200,2304.814,MW,DE,DE_LU,actual_offshore_wind_generation,Wind Offshore,2026-08-26T15:33:13Z
2026-08-26T15:27:09Z,2026-08-26T17:27:09+0200,ec44fe02-3364-422b-92bd-0daf191e06d6,2026-08-15T02:45:00Z,2026-08-15T04:45:00+0200,2277.442,MW,DE,DE_LU,actual_offshore_wind_generation,Wind Offshore,2026-08-26T15:33:13Z
2026-08-26T15:27:09Z,2026-08-26T17:27:09+0200,ec44fe02-3364-422b-92bd-0daf191e06d6,2026-08-15T03:00:00Z,2026-08-15T05:00:00+0200,2228.947,MW,DE,DE_LU,actual_offshore_wind_generation,Wind Offshore,2026-08-26T15:33:13Z
2026-08-26T15:27:09Z,2026-08-26T17:27:09+0200,ec44fe02-3364-422b-92bd-0daf191e06d6,2026-08-15T03:15:00Z,2026-08-15T05:15:00+0200,2225.336,MW,DE,DE_LU,actual_offshore_wind_generation,Wind Offshore,2026-08-26T15:33:13Z
2026-08-26T15:27:09Z,2026-08-26T17:27:09+0200,ec44fe02-3364-422b-92bd-0daf191e06d6,2026-08-15T03:30:00Z,2026-08-15T05:30:00+0200,2415.028,MW,DE,DE_LU,actual_offshore_wind_generation,Wind Offshore,2026-08-26T15:33:13Z
2026-08-26T15:27:09Z,2026-08-26T17:27:09+0200,ec44fe02-3364-422b-92bd-0daf191e06d6,2026-08-15T03:45:00Z,2026-08-15T05:45:00+0200,2597.626,MW,DE,DE_LU,actual_offshore_wind_generation,Wind Offshore,2026-08-26T15:33:13Z
2026-08-26T15:27:09Z,2026-08-26T17:27:09+0200,ec44fe02-3364-422b-92bd-0daf191e06d6,2026-08-15T04:00:00Z,2026-08-15T06:00:00+0200,2694.635,MW,DE,DE_LU,actual_offshore_wind_generation,Wind Offshore,2026-08-26T15:33:13Z
2026-08-26T15:27:09Z,2026-08-26T17:27:09+0200,ec44fe02-3364-422b-92bd-0daf191e06d6,2026-08-15T04:15:00Z,2026-08-15T06:15:00+0200,2798.624,MW,DE,DE_LU,actual_offshore_wind_generation,Wind Offshore,2026-08-26T15:33:13Z
2026-08-26T15:27:09Z,2026-08-26T17:27:09+0200,ec44fe02-3364-422b-92bd-0daf191e06d6,2026-08-15T04:30:00Z,2026-08-15T06:30:00+0200,2752.462,MW,DE,DE_LU,actual_offshore_wind_generation,Wind Offshore,2026-08-26T15:33:13Z
2026-08-26T15:27:09Z,2026-08-26T17:27:09+0200,ec44fe02-3364-422b-92bd-0daf191e06d6,2026-08-15T04:45:00Z,2026-08-15T06:45:00+0200,2723.695,MW,DE,DE_LU,actual_offshore_wind_generation,Wind Offshore,2026-08-26T15:33:13Z
2026-08-26T15:27:09Z,2026-08-26T17:27:09+0200,ec44fe02-3364-422b-92bd-0daf191e06d6,2026-08-15T05:00:00Z,2026-08-15T07:00:00+0200,2680.855,MW,DE,DE_LU,actual_offshore_wind_generation,Wind Offshore,2026-08-26T15:33:13Z
2026-08-26T15:27:09Z,2026-08-26T17:27:09+0200,ec44fe02-3364-422b-92bd-0daf191e06d6,2026-08-15T05:15:00Z,2026-08-15T07:15:00+0200,2669.327,MW,DE,DE_LU,actual_offshore_wind_generation,Wind Offshore,2026-08-26T15:33:13Z
2026-08-26T15:27:09Z,2026-08-26T17:27:09+0200,ec44fe02-3364-422b-92bd-0daf191e06d6,2026-08-15T05:30:00Z,2026-08-15T07:30:00+0200,2697.274,MW,DE,DE_LU,actual_offshore_wind_generation,Wind Offshore,2026-08-26T15:33:13Z
2026-08-26T15:27:09Z,2026-08-26T17:27:09+0200,ec44fe02-3364-422b-92bd-0daf191e06d6,2026-08-15T05:45:00Z,2026-08-15T07:45:00+0200,2576.567,MW,DE,DE_LU,actual_offshore_wind_generation,Wind Offshore,2026-08-26T15:33:13Z
2026-08-26T15:27:09Z,2026-08-26T17:27:09+0200,ec44fe02-3364-422b-92bd-0daf191e06d6,2026-08-15T06:00:00Z,2026-08-15T08:00:00+0200,2500.302,MW,DE,DE_LU,actual_offshore_wind_generation,Wind Offshore,2026-08-26T15:33:13Z
2026-08-26T15:27:09Z,2026-08-26T17:27:09+0200,ec44fe02-3364-422b-92bd-0daf191e06d6,2026-08-15T06:15:00Z,2026-08-15T08:15:00+0200,2390.69,MW,DE,DE_LU,actual_offshore_wind_generation,Wind Offshore,2026-08-26T15:33:13Z
2026-08-26T15:27:09Z,2026-08-26T17:27:09+0200,ec44fe02-3364-422b-92bd-0daf191e06d6,2026-08-15T06:30:00Z,2026-08-15T08:30:00+0200,2219.081,MW,DE,DE_LU,actual_offshore_wind_generation,Wind Offshore,2026-08-26T15:33:13Z
2026-08-26T15:27:09Z,2026-08-26T17:27:09+0200,ec44fe02-3364-422b-92bd-0daf191e06d6,2026-08-15T06:45:00Z,2026-08-15T08:45:00+0200,1931.419,MW,DE,DE_LU,actual_offshore_wind_generation,Wind Offshore,2026-08-26T15:33:13Z
2026-08-26T15:27:09Z,2026-08-26T17:27:09+0200,ec44fe02-3364-422b-92bd-0daf191e06d6,2026-08-15T07:00:00Z,2026-08-15T09:00:00+0200,1395.767,MW,DE,DE_LU,actual_offshore_wind_generation,Wind Offshore,2026-08-26T15:33:13Z
2026-08-26T15:27:09Z,2026-08-26T17:27:09+0200,ec44fe02-3364-422b-92bd-0daf191e06d6,2026-08-15T07:15:00Z,2026-08-15T09:15:00+0200,1249.395,MW,DE,DE_LU,actual_offshore_wind_generation,Wind Offshore,2026-08-26T15:33:13Z
2026-08-26T15:27:09Z,2026-08-26T17:27:09+0200,ec44fe02-3364-422b-92bd-0daf191e06d6,2026-08-15T07:30:00Z,2026-08-15T09:30:00+0200,1173.81,MW,DE,DE_LU,actual_offshore_wind_generation,Wind Offshore,2026-08-26T15:33:13Z
2026-08-26T15:27:09Z,2026-08-26T17:27:09+0200,ec44fe02-3364-422b-92bd-0daf191e06d6,2026-08-15T07:45:00Z,2026-08-15T09:45:00+0200,1119.939,MW,DE,DE_LU,actual_offshore_wind_generation,Wind Offshore,2026-08-26T15:33:13Z
2026-08-26T15:27:09Z,2026-08-26T17:27:09+0200,ec44fe02-3364-422b-92bd-0daf191e06d6,2026-08-15T08:00:00Z,2026-08-15T10:00:00+0200,1177.993,MW,DE,DE_LU,actual_offshore_wind_generation,Wind Offshore,2026-08-26T15:33:13Z
2026-08-26T15:27:09Z,2026-08-26T17:27:09+0200,ec44fe02-3364-422b-92bd-0daf191e06d6,2026-08-15T08:15:00Z,2026-08-15T10:15:00+0200,1210.943,MW,DE,DE_LU,actual_offshore_wind_generation,Wind Offshore,2026-08-26T15:33:13Z
2026-08-26T15:27:09Z,2026-08-26T17:27:09+0200,ec44fe02-3364-422b-92bd-0daf191e06d6,2026-08-15T08:30:00Z,2026-08-15T10:30:00+0200,1166.017,MW,DE,DE_LU,actual_offshore_wind_generation,Wind Offshore,2026-08-26T15:33:13Z
2026-08-26T15:27:09Z,2026-08-26T17:27:09+0200,ec44fe02-3364-422b-92bd-0daf191e06d6,2026-08-15T08:45:00Z,2026-08-15T10:45:00+0200,1227.215,MW,DE,DE_LU,actual_offshore_wind_generation,Wind Offshore,2026-08-26T15:33:13Z
2026-08-26T15:27:09Z,2026-08-26T17:27:09+0200,ec44fe02-3364-422b-92bd-0daf191e06d6,2026-08-15T09:00:00Z,2026-08-15T11:00:00+0200,912.712,MW,DE,DE_LU,actual_offshore_wind_generation,Wind Offshore,2026-08-26T15:33:13Z
2026-08-26T15:27:09Z,2026-08-26T17:27:09+0200,ec44fe02-3364-422b-92bd-0daf191e06d6,2026-08-15T09:15:00Z,2026-08-15T11:15:00+0200,884.631,MW,DE,DE_LU,actual_offshore_wind_generation,Wind Offshore,2026-08-26T15:33:13Z
2026-08-26T15:27:09Z,2026-08-26T17:27:09+0200,ec44fe02-3364-422b-92bd-0daf191e06d6,2026-08-15T09:30:00Z,2026-08-15T11:30:00+0200,995.558,MW,DE,DE_LU,actual_offshore_wind_generation,Wind Offshore,2026-08-26T15:33:13Z
2026-08-26T15:27:09Z,2026-08-26T17:27:09+0200,ec44fe02-3364-422b-92bd-0daf191e06d6,2026-08-15T09:45:00Z,2026-08-15T11:45:00+0200,902.274,MW,DE,DE_LU,actual_offshore_wind_generation,Wind Offshore,2026-08-26T15:33:13Z
2026-08-26T15:27:09Z,2026-08-26T17:27:09+0200,ec44fe02-3364-422b-92bd-0daf191e06d6,2026-08-15T10:00:00Z,2026-08-15T12:00:00+0200,759.014,MW,DE,DE_LU,actual_offshore_wind_generation,Wind Offshore,2026-08-26T15:33:13Z
2026-08-26T15:27:09Z,2026-08-26T17:27:09+0200,ec44fe02-3364-422b-92bd-0daf191e06d6,2026-08-15T10:15:00Z,2026-08-15T12:15:00+0200,997.421,MW,DE,DE_LU,actual_offshore_wind_generation,Wind Offshore,2026-08-26T15:33:13Z
2026-08-26T15:27:09Z,2026-08-26T17:27:09+0200,ec44fe02-3364-422b-92bd-0daf191e06d6,2026-08-15T10:30:00Z,2026-08-15T12:30:00+0200,768.82,MW,DE,DE_LU,actual_offshore_wind_generation,Wind Offshore,2026-08-26T15:33:13Z
2026-08-26T15:27:09Z,2026-08-26T17:27:09+0200,ec44fe02-3364-422b-92bd-0daf191e06d6,2026-08-15T10:45:00Z,2026-08-15T12:45:00+0200,799.77,MW,DE,DE_LU,actual_offshore_wind_generation,Wind Offshore,2026-08-26T15:33:13Z
2026-08-26T15:27:09Z,2026-08-26T17:27:09+0200,ec44fe02-3364-422b-92bd-0daf191e06d6,2026-08-15T11:00:00Z,2026-08-15T13:00:00+0200,1374.954,MW,DE,DE_LU,actual_offshore_wind_generation,Wind Offshore,2026-08-26T15:33:13Z
2026-08-26T15:27:09Z,2026-08-26T17:27:09+0200,ec44fe02-3364-422b-92bd-0daf191e06d6,2026-08-15T11:15:00Z,2026-08-15T13:15:00+0200,1628.95,MW,DE,DE_LU,actual_offshore_wind_generation,Wind Offshore,2026-08-26T15:33:13Z
2026-08-26T15:27:09Z,2026-08-26T17:27:09+0200,ec44fe02-3364-422b-92bd-0daf191e06d6,2026-08-15T11:30:00Z,2026-08-15T13:30:00+0200,1671.59,MW,DE,DE_LU,actual_offshore_wind_generation,Wind Offshore,2026-08-26T15:33:13Z
2026-08-26T15:27:09Z,2026-08-26T17:27:09+0200,ec44fe02-3364-422b-92bd-0daf191e06d6,2026-08-15T11:45:00Z,2026-08-15T13:45:00+0200,1638.641,MW,DE,DE_LU,actual_offshore_wind_generation,Wind Offshore,2026-08-26T15:33:13Z
2026-08-26T15:27:09Z,2026-08-26T17:27:09+0200,ec44fe02-3364-422b-92bd-0daf191e06d6,2026-08-15T12:00:00Z,2026-08-15T14:00:00+0200,1383.992,MW,DE,DE_LU,actual_offshore_wind_generation,Wind Offshore,2026-08-26T15:33:13Z
2026-08-26T15:27:09Z,2026-08-26T17:27:09+0200,ec44fe02-3364-422b-92bd-0daf191e06d6,2026-08-15T12:15:00Z,2026-08-15T14:15:00+0200,1224.77,MW,DE,DE_LU,actual_offshore_wind_generation,Wind Offshore,2026-08-26T15:33:13Z
2026-08-26T15:27:09Z,2026-08-26T17:27:09+0200,ec44fe02-3364-422b-92bd-0daf191e06d6,2026-08-15T12:30:00Z,2026-08-15T14:30:00+0200,1159.753,MW,DE,DE_LU,actual_offshore_wind_generation,Wind Offshore,2026-08-26T15:33:13Z
2026-08-26T15:27:09Z,2026-08-26T17:27:09+0200,ec44fe02-3364-422b-92bd-0daf191e06d6,2026-08-15T12:45:00Z,2026-08-15T14:45:00+0200,1053.73,MW,DE,DE_LU,actual_offshore_wind_generation,Wind Offshore,2026-08-26T15:33:13Z
2026-08-26T15:27:09Z,2026-08-26T17:27:09+0200,ec44fe02-3364-422b-92bd-0daf191e06d6,2026-08-15T13:00:00Z,2026-08-15T15:00:00+0200,684.755,MW,DE,DE_LU,actual_offshore_wind_generation,Wind Offshore,2026-08-26T15:33:13Z
2026-08-26T15:27:09Z,2026-08-26T17:27:09+0200,ec44fe02-3364-422b-92bd-0daf191e06d6,2026-08-15T13:15:00Z,2026-08-15T15:15:00+0200,598.867,MW,DE,DE_LU,actual_offshore_wind_generation,Wind Offshore,2026-08-26T15:33:13Z
2026-08-26T15:27:09Z,2026-08-26T17:27:09+0200,ec44fe02-3364-422b-92bd-0daf191e06d6,2026-08-15T13:30:00Z,2026-08-15T15:30:00+0200,511.009,MW,DE,DE_LU,actual_offshore_wind_generation,Wind Offshore,2026-08-26T15:33:13Z
2026-08-26T15:27:09Z,2026-08-26T17:27:09+0200,ec44fe02-3364-422b-92bd-0daf191e06d6,2026-08-15T13:45:00Z,2026-08-15T15:45:00+0200,498.411,MW,DE,DE_LU,actual_offshore_wind_generation,Wind Offshore,2026-08-26T15:33:13Z
2026-08-26T15:27:09Z,2026-08-26T17:27:09+0200,ec44fe02-3364-422b-92bd-0daf191e06d6,2026-08-15T14:00:00Z,2026-08-15T16:00:00+0200,702.69,MW,DE,DE_LU,actual_offshore_wind_generation,Wind Offshore,2026-08-26T15:33:13Z
2026-08-26T15:27:09Z,2026-08-26T17:27:09+0200,ec44fe02-3364-422b-92bd-0daf191e06d6,2026-08-15T14:15:00Z,2026-08-15T16:15:00+0200,777.628,MW,DE,DE_LU,actual_offshore_wind_generation,Wind Offshore,2026-08-26T15:33:13Z
2026-08-26T15:27:09Z,2026-08-26T17:27:09+0200,ec44fe02-3364-422b-92bd-0daf191e06d6,2026-08-15T14:30:00Z,2026-08-15T16:30:00+0200,988.402,MW,DE,DE_LU,actual_offshore_wind_generation,Wind Offshore,2026-08-26T15:33:13Z
2026-08-26T15:27:09Z,2026-08-26T17:27:09+0200,ec44fe02-3364-422b-92bd-0daf191e06d6,2026-08-15T14:45:00Z,2026-08-15T16:45:00+0200,1172.561,MW,DE,DE_LU,actual_offshore_wind_generation,Wind Offshore,2026-08-26T15:33:13Z
2026-08-26T15:27:09Z,2026-08-26T17:27:09+0200,ec44fe02-3364-422b-92bd-0daf191e06d6,2026-08-15T15:00:00Z,2026-08-15T17:00:00+0200,1552.454,MW,DE,DE_LU,actual_offshore_wind_generation,Wind Offshore,2026-08-26T15:33:13Z
2026-08-26T15:27:09Z,2026-08-26T17:27:09+0200,ec44fe02-3364-422b-92bd-0daf191e06d6,2026-08-15T15:15:00Z,2026-08-15T17:15:00+0200,1279.462,MW,DE,DE_LU,actual_offshore_wind_generation,Wind Offshore,2026-08-26T15:33:13Z
2026-08-26T15:27:09Z,2026-08-26T17:27:09+0200,ec44fe02-3364-422b-92bd-0daf191e06d6,2026-08-15T15:30:00Z,2026-08-15T17:30:00+0200,1106.447,MW,DE,DE_LU,actual_offshore_wind_generation,Wind Offshore,2026-08-26T15:33:13Z
2026-08-26T15:27:09Z,2026-08-26T17:27:09+0200,ec44fe02-3364-422b-92bd-0daf191e06d6,2026-08-15T15:45:00Z,2026-08-15T17:45:00+0200,1152.014,MW,DE,DE_LU,actual_offshore_wind_generation,Wind Offshore,2026-08-26T15:33:13Z
2026-08-26T15:27:09Z,2026-08-26T17:27:09+0200,ec44fe02-3364-422b-92bd-0daf191e06d6,2026-08-15T16:00:00Z,2026-08-15T18:00:00+0200,1092.974,MW,DE,DE_LU,actual_offshore_wind_generation,Wind Offshore,2026-08-26T15:33:13Z
2026-08-26T15:27:09Z,2026-08-26T17:27:09+0200,ec44fe02-3364-422b-92bd-0daf191e06d6,2026-08-15T16:15:00Z,2026-08-15T18:15:00+0200,973.016,MW,DE,DE_LU,actual_offshore_wind_generation,Wind Offshore,2026-08-26T15:33:13Z
2026-08-26T15:27:09Z,2026-08-26T17:27:09+0200,ec44fe02-3364-422b-92bd-0daf191e06d6,2026-08-15T16:30:00Z,2026-08-15T18:30:00+0200,904.722,MW,DE,DE_LU,actual_offshore_wind_generation,Wind Offshore,2026-08-26T15:33:13Z
2026-08-26T15:27:09Z,2026-08-26T17:27:09+0200,ec44fe02-3364-422b-92bd-0daf191e06d6,2026-08-15T16:45:00Z,2026-08-15T18:45:00+0200,891.343,MW,DE,DE_LU,actual_offshore_wind_generation,Wind Offshore,2026-08-26T15:33:13Z
2026-08-26T15:27:09Z,2026-08-26T17:27:09+0200,ec44fe02-3364-422b-92bd-0daf191e06d6,2026-08-15T17:00:00Z,2026-08-15T19:00:00+0200,921.636,MW,DE,DE_LU,actual_offshore_wind_generation,Wind Offshore,2026-08-26T15:33:13Z
2026-08-26T15:27:09Z,2026-08-26T17:27:09+0200,ec44fe02-3364-422b-92bd-0daf191e06d6,2026-08-15T17:15:00Z,2026-08-15T19:15:00+0200,864.81,MW,DE,DE_LU,actual_offshore_wind_generation,Wind Offshore,2026-08-26T15:33:13Z
2026-08-26T15:27:09Z,2026-08-26T17:27:09+0200,ec44fe02-3364-422b-92bd-0daf191e06d6,2026-08-15T17:30:00Z,2026-08-15T19:30:00+0200,879.098,MW,DE,DE_LU,actual_offshore_wind_generation,Wind Offshore,2026-08-26T15:33:13Z
2026-08-26T15:27:09Z,2026-08-26T17:27:09+0200,ec44fe02-3364-422b-92bd-0daf191e06d6,2026-08-15T17:45:00Z,2026-08-15T19:45:00+0200,881.089,MW,DE,DE_LU,actual_offshore_wind_generation,Wind Offshore,2026-08-26T15:33:13Z
2026-08-26T15:27:09Z,2026-08-26T17:27:09+0200,ec44fe02-3364-422b-92bd-0daf191e06d6,2026-08-15T18:00:00Z,2026-08-15T20:00:00+0200,890.523,MW,DE,DE_LU,actual_offshore_wind_generation,Wind Offshore,2026-08-26T15:33:13Z
2026-08-26T15:27:09Z,2026-08-26T17:27:09+0200,ec44fe02-3364-422b-92bd-0daf191e06d6,2026-08-15T18:15:00Z,2026-08-15T20:15:00+0200,877.263,MW,DE,DE_LU,actual_offshore_wind_generation,Wind Offshore,2026-08-26T15:33:13Z
2026-08-26T15:27:09Z,2026-08-26T17:27:09+0200,ec44fe02-3364-422b-92bd-0daf191e06d6,2026-08-15T18:30:00Z,2026-08-15T20:30:00+0200,829.789,MW,DE,DE_LU,actual_offshore_wind_generation,Wind Offshore,2026-08-26T15:33:13Z
2026-08-26T15:27:09Z,2026-08-26T17:27:09+0200,ec44fe02-3364-422b-92bd-0daf191e06d6,2026-08-15T18:45:00Z,2026-08-15T20:45:00+0200,794.095,MW,DE,DE_LU,actual_offshore_wind_generation,Wind Offshore,2026-08-26T15:33:13Z
2026-08-26T15:27:09Z,2026-08-26T17:27:09+0200,ec44fe02-3364-422b-92bd-0daf191e06d6,2026-08-15T19:00:00Z,2026-08-15T21:00:00+0200,820.276,MW,DE,DE_LU,actual_offshore_wind_generation,Wind Offshore,2026-08-26T15:33:13Z
2026-08-26T15:27:09Z,2026-08-26T17:27:09+0200,ec44fe02-3364-422b-92bd-0daf191e06d6,2026-08-15T19:15:00Z,2026-08-15T21:15:00+0200,875.069,MW,DE,DE_LU,actual_offshore_wind_generation,Wind Offshore,2026-08-26T15:33:13Z
2026-08-26T15:27:09Z,2026-08-26T17:27:09+0200,ec44fe02-3364-422b-92bd-0daf191e06d6,2026-08-15T19:30:00Z,2026-08-15T21:30:00+0200,947.388,MW,DE,DE_LU,actual_offshore_wind_generation,Wind Offshore,2026-08-26T15:33:13Z
2026-08-26T15:27:09Z,2026-08-26T17:27:09+0200,ec44fe02-3364-422b-92bd-0daf191e06d6,2026-08-15T19:45:00Z,2026-08-15T21:45:00+0200,1015.95,MW,DE,DE_LU,actual_offshore_wind_generation,Wind Offshore,2026-08-26T15:33:13Z
2026-08-26T15:27:09Z,2026-08-26T17:27:09+0200,ec44fe02-3364-422b-92bd-0daf191e06d6,2026-08-15T20:00:00Z,2026-08-15T22:00:00+0200,1046.033,MW,DE,DE_LU,actual_offshore_wind_generation,Wind Offshore,2026-08-26T15:33:13Z
2026-08-26T15:27:09Z,2026-08-26T17:27:09+0200,ec44fe02-3364-422b-92bd-0daf191e06d6,2026-08-15T20:15:00Z,2026-08-15T22:15:00+0200,1125.784,MW,DE,DE_LU,actual_offshore_wind_generation,Wind Offshore,2026-08-26T15:33:13Z
2026-08-26T15:27:09Z,2026-08-26T17:27:09+0200,ec44fe02-3364-422b-92bd-0daf191e06d6,2026-08-15T20:30:00Z,2026-08-15T22:30:00+0200,1172.333,MW,DE,DE_LU,actual_offshore_wind_generation,Wind Offshore,2026-08-26T15:33:13Z
2026-08-26T15:27:09Z,2026-08-26T17:27:09+0200,ec44fe02-3364-422b-92bd-0daf191e06d6,2026-08-15T20:45:00Z,2026-08-15T22:45:00+0200,1186.292,MW,DE,DE_LU,actual_offshore_wind_generation,Wind Offshore,2026-08-26T15:33:13Z
2026-08-26T15:27:09Z,2026-08-26T17:27:09+0200,ec44fe02-3364-422b-92bd-0daf191e06d6,2026-08-15T21:00:00Z,2026-08-15T23:00:00+0200,1207.948,MW,DE,DE_LU,actual_offshore_wind_generation,Wind Offshore,2026-08-26T15:33:13Z
2026-08-26T15:27:09Z,2026-08-26T17:27:09+0200,ec44fe02-3364-422b-92bd-0daf191e06d6,2026-08-15T21:15:00Z,2026-08-15T23:15:00+0200,1244.388,MW,DE,DE_LU,actual_offshore_wind_generation,Wind Offshore,2026-08-26T15:33:13Z
2026-08-26T15:27:09Z,2026-08-26T17:27:09+0200,ec44fe02-3364-422b-92bd-0daf191e06d6,2026-08-15T21:30:00Z,2026-08-15T23:30:00+0200,1361.462,MW,DE,DE_LU,actual_offshore_wind_generation,Wind Offshore,2026-08-26T15:33:13Z
2026-08-26T15:27:09Z,2026-08-26T17:27:09+0200,ec44fe02-3364-422b-92bd-0daf191e06d6,2026-08-15T21:45:00Z,2026-08-15T23:45:00+0200,1358.968,MW,DE,DE_LU,actual_offshore_wind_generation,Wind Offshore,2026-08-26T15:33:13Z
2026-08-26T15:27:09Z,2026-08-26T17:27:09+0200,ec44fe02-3364-422b-92bd-0daf191e06d6,2026-08-15T22:00:00Z,2026-08-16T00:00:00+0200,1317.497,MW,DE,DE_LU,actual_offshore_wind_generation,Wind Offshore,2026-08-26T15:33:13Z
2026-08-26T15:27:09Z,2026-08-26T17:27:09+0200,ec44fe02-3364-422b-92bd-0daf191e06d6,2026-08-15T22:15:00Z,2026-08-16T00:15:00+0200,1228.501,MW,DE,DE_LU,actual_offshore_wind_generation,Wind Offshore,2026-08-26T15:33:13Z
2026-08-26T15:27:09Z,2026-08-26T17:27:09+0200,ec44fe02-3364-422b-92bd-0daf191e06d6,2026-08-15T22:30:00Z,2026-08-16T00:30:00+0200,1228.195,MW,DE,DE_LU,actual_offshore_wind_generation,Wind Offshore,2026-08-26T15:33:13Z
2026-08-26T15:27:09Z,2026-08-26T17:27:09+0200,ec44fe02-3364-422b-92bd-0daf191e06d6,2026-08-15T22:45:00Z,2026-08-16T00:45:00+0200,1210.362,MW,DE,DE_LU,actual_offshore_wind_generation,Wind Offshore,2026-08-26T15:33:13Z
2026-08-26T15:27:09Z,2026-08-26T17:27:09+0200,ec44fe02-3364-422b-92bd-0daf191e06d6,2026-08-15T23:00:00Z,2026-08-16T01:00:00+0200,1286.835,MW,DE,DE_LU,actual_offshore_wind_generation,Wind Offshore,2026-08-26T15:33:13Z
2026-08-26T15:27:09Z,2026-08-26T17:27:09+0200,ec44fe02-3364-422b-92bd-0daf191e06d6,2026-08-15T23:15:00Z,2026-08-16T01:15:00+0200,1337.931,MW,DE,DE_LU,actual_offshore_wind_generation,Wind Offshore,2026-08-26T15:33:13Z
2026-08-26T15:27:09Z,2026-08-26T17:27:09+0200,ec44fe02-3364-422b-92bd-0daf191e06d6,2026-08-15T23:30:00Z,2026-08-16T01:30:00+0200,1320.514,MW,DE,DE_LU,actual_offshore_wind_generation,Wind Offshore,2026-08-26T15:33:13Z
2026-08-26T15:27:09Z,2026-08-26T17:27:09+0200,ec44fe02-3364-422b-92bd-0daf191e06d6,2026-08-15T23:45:00Z,2026-08-16T01:45:00+0200,1334.421,MW,DE,DE_LU,actual_offshore_wind_generation,Wind Offshore,2026-08-26T15:33:13Z
2026-08-26T15:27:09Z,2026-08-26T17:27:09+0200,ec44fe02-3364-422b-92bd-0daf191e06d6,2026-08-16T00:00:00Z,2026-08-16T02:00:00+0200,1343.619,MW,DE,DE_LU,actual_offshore_wind_generation,Wind Offshore,2026-08-26T15:33:13Z
2026-08-26T15:27:09Z,2026-08-26T17:27:09+0200,ec44fe02-3364-422b-92bd-0daf191e06d6,2026-08-16T00:15:00Z,2026-08-16T02:15:00+0200,1353.419,MW,DE,DE_LU,actual_offshore_wind_generation,Wind Offshore,2026-08-26T15:33:13Z
2026-08-26T15:27:09Z,2026-08-26T17:27:09+0200,ec44fe02-3364-422b-92bd-0daf191e06d6,2026-08-16T00:30:00Z,2026-08-16T02:30:00+0200,1341.466,MW,DE,DE_LU,actual_offshore_wind_generation,Wind Offshore,2026-08-26T15:33:13Z
2026-08-26T15:27:09Z,2026-08-26T17:27:09+0200,ec44fe02-3364-422b-92bd-0daf191e06d6,2026-08-16T00:45:00Z,2026-08-16T02:45:00+0200,1409.814,MW,DE,DE_LU,actual_offshore_wind_generation,Wind Offshore,2026-08-26T15:33:13Z
2026-08-26T15:27:09Z,2026-08-26T17:27:09+0200,ec44fe02-3364-422b-92bd-0daf191e06d6,2026-08-16T01:00:00Z,2026-08-16T03:00:00+0200,1449.998,MW,DE,DE_LU,actual_offshore_wind_generation,Wind Offshore,2026-08-26T15:33:13Z
2026-08-26T15:27:09Z,2026-08-26T17:27:09+0200,ec44fe02-3364-422b-92bd-0daf191e06d6,2026-08-16T01:15:00Z,2026-08-16T03:15:00+0200,1453.04,MW,DE,DE_LU,actual_offshore_wind_generation,Wind Offshore,2026-08-26T15:33:13Z
2026-08-26T15:27:09Z,2026-08-26T17:27:09+0200,ec44fe02-3364-422b-92bd-0daf191e06d6,2026-08-16T01:30:00Z,2026-08-16T03:30:00+0200,1478.058,MW,DE,DE_LU,actual_offshore_wind_generation,Wind Offshore,2026-08-26T15:33:13Z
2026-08-26T15:27:09Z,2026-08-26T17:27:09+0200,ec44fe02-3364-422b-92bd-0daf191e06d6,2026-08-16T01:45:00Z,2026-08-16T03:45:00+0200,1460.852,MW,DE,DE_LU,actual_offshore_wind_generation,Wind Offshore,2026-08-26T15:33:13Z
2026-08-26T15:27:09Z,2026-08-26T17:27:09+0200,ec44fe02-3364-422b-92bd-0daf191e06d6,2026-08-16T02:00:00Z,2026-08-16T04:00:00+0200,1500.649,MW,DE,DE_LU,actual_offshore_wind_generation,Wind Offshore,2026-08-26T15:33:13Z
2026-08-26T15:27:09Z,2026-08-26T17:27:09+0200,ec44fe02-3364-422b-92bd-0daf191e06d6,2026-08-16T02:15:00Z,2026-08-16T04:15:00+0200,1509.732,MW,DE,DE_LU,actual_offshore_wind_generation,Wind Offshore,2026-08-26T15:33:13Z
2026-08-26T15:27:09Z,2026-08-26T17:27:09+0200,ec44fe02-3364-422b-92bd-0daf191e06d6,2026-08-16T02:30:00Z,2026-08-16T04:30:00+0200,1530.868,MW,DE,DE_LU,actual_offshore_wind_generation,Wind Offshore,2026-08-26T15:33:13Z
2026-08-26T15:27:09Z,2026-08-26T17:27:09+0200,ec44fe02-3364-422b-92bd-0daf191e06d6,2026-08-16T02:45:00Z,2026-08-16T04:45:00+0200,1609.748,MW,DE,DE_LU,actual_offshore_wind_generation,Wind Offshore,2026-08-26T15:33:13Z
2026-08-26T15:27:09Z,2026-08-26T17:27:09+0200,ec44fe02-3364-422b-92bd-0daf191e06d6,2026-08-16T03:00:00Z,2026-08-16T05:00:00+0200,1718.597,MW,DE,DE_LU,actual_offshore_wind_generation,Wind Offshore,2026-08-26T15:33:13Z
2026-08-26T15:27:09Z,2026-08-26T17:27:09+0200,ec44fe02-3364-422b-92bd-0daf191e06d6,2026-08-16T03:15:00Z,2026-08-16T05:15:00+0200,1814.633,MW,DE,DE_LU,actual_offshore_wind_generation,Wind Offshore,2026-08-26T15:33:13Z
2026-08-26T15:27:09Z,2026-08-26T17:27:09+0200,ec44fe02-3364-422b-92bd-0daf191e06d6,2026-08-16T03:30:00Z,2026-08-16T05:30:00+0200,1846.624,MW,DE,DE_LU,actual_offshore_wind_generation,Wind Offshore,2026-08-26T15:33:13Z
2026-08-26T15:27:09Z,2026-08-26T17:27:09+0200,ec44fe02-3364-422b-92bd-0daf191e06d6,2026-08-16T03:45:00Z,2026-08-16T05:45:00+0200,1832.403,MW,DE,DE_LU,actual_offshore_wind_generation,Wind Offshore,2026-08-26T15:33:13Z
2026-08-26T15:27:09Z,2026-08-26T17:27:09+0200,ec44fe02-3364-422b-92bd-0daf191e06d6,2026-08-16T04:00:00Z,2026-08-16T06:00:00+0200,1832.038,MW,DE,DE_LU,actual_offshore_wind_generation,Wind Offshore,2026-08-26T15:33:13Z
2026-08-26T15:27:09Z,2026-08-26T17:27:09+0200,ec44fe02-3364-422b-92bd-0daf191e06d6,2026-08-16T04:15:00Z,2026-08-16T06:15:00+0200,1826.362,MW,DE,DE_LU,actual_offshore_wind_generation,Wind Offshore,2026-08-26T15:33:13Z
2026-08-26T15:27:09Z,2026-08-26T17:27:09+0200,ec44fe02-3364-422b-92bd-0daf191e06d6,2026-08-16T04:30:00Z,2026-08-16T06:30:00+0200,1871.986,MW,DE,DE_LU,actual_offshore_wind_generation,Wind Offshore,2026-08-26T15:33:13Z
2026-08-26T15:27:09Z,2026-08-26T17:27:09+0200,ec44fe02-3364-422b-92bd-0daf191e06d6,2026-08-16T04:45:00Z,2026-08-16T06:45:00+0200,1848.79,MW,DE,DE_LU,actual_offshore_wind_generation,Wind Offshore,2026-08-26T15:33:13Z
2026-08-26T15:27:09Z,2026-08-26T17:27:09+0200,ec44fe02-3364-422b-92bd-0daf191e06d6,2026-08-16T05:00:00Z,2026-08-16T07:00:00+0200,1836.555,MW,DE,DE_LU,actual_offshore_wind_generation,Wind Offshore,2026-08-26T15:33:13Z
2026-08-26T15:27:09Z,2026-08-26T17:27:09+0200,ec44fe02-3364-422b-92bd-0daf191e06d6,2026-08-16T05:15:00Z,2026-08-16T07:15:00+0200,1835.882,MW,DE,DE_LU,actual_offshore_wind_generation,Wind Offshore,2026-08-26T15:33:13Z
2026-08-26T15:27:09Z,2026-08-26T17:27:09+0200,ec44fe02-3364-422b-92bd-0daf191e06d6,2026-08-16T05:30:00Z,2026-08-16T07:30:00+0200,1794.696,MW,DE,DE_LU,actual_offshore_wind_generation,Wind Offshore,2026-08-26T15:33:13Z
2026-08-26T15:27:09Z,2026-08-26T17:27:09+0200,ec44fe02-3364-422b-92bd-0daf191e06d6,2026-08-16T05:45:00Z,2026-08-16T07:45:00+0200,1740.633,MW,DE,DE_LU,actual_offshore_wind_generation,Wind Offshore,2026-08-26T15:33:13Z
2026-08-26T15:27:09Z,2026-08-26T17:27:09+0200,ec44fe02-3364-422b-92bd-0daf191e06d6,2026-08-16T06:00:00Z,2026-08-16T08:00:00+0200,1669.235,MW,DE,DE_LU,actual_offshore_wind_generation,Wind Offshore,2026-08-26T15:33:13Z
2026-08-26T15:27:09Z,2026-08-26T17:27:09+0200,ec44fe02-3364-422b-92bd-0daf191e06d6,2026-08-16T06:15:00Z,2026-08-16T08:15:00+0200,1589.057,MW,DE,DE_LU,actual_offshore_wind_generation,Wind Offshore,2026-08-26T15:33:13Z
2026-08-26T15:27:09Z,2026-08-26T17:27:09+0200,ec44fe02-3364-422b-92bd-0daf191e06d6,2026-08-16T06:30:00Z,2026-08-16T08:30:00+0200,1477.903,MW,DE,DE_LU,actual_offshore_wind_generation,Wind Offshore,2026-08-26T15:33:13Z
2026-08-26T15:27:09Z,2026-08-26T17:27:09+0200,ec44fe02-3364-422b-92bd-0daf191e06d6,2026-08-16T06:45:00Z,2026-08-16T08:45:00+0200,1439.371,MW,DE,DE_LU,actual_offshore_wind_generation,Wind Offshore,2026-08-26T15:33:13Z
2026-08-26T15:27:09Z,2026-08-26T17:27:09+0200,ec44fe02-3364-422b-92bd-0daf191e06d6,2026-08-16T07:00:00Z,2026-08-16T09:00:00+0200,1409.804,MW,DE,DE_LU,actual_offshore_wind_generation,Wind Offshore,2026-08-26T15:33:13Z
2026-08-26T15:27:09Z,2026-08-26T17:27:09+0200,ec44fe02-3364-422b-92bd-0daf191e06d6,2026-08-16T07:15:00Z,2026-08-16T09:15:00+0200,1326.813,MW,DE,DE_LU,actual_offshore_wind_generation,Wind Offshore,2026-08-26T15:33:13Z
2026-08-26T15:27:09Z,2026-08-26T17:27:09+0200,ec44fe02-3364-422b-92bd-0daf191e06d6,2026-08-16T07:30:00Z,2026-08-16T09:30:00+0200,1314.955,MW,DE,DE_LU,actual_offshore_wind_generation,Wind Offshore,2026-08-26T15:33:13Z
2026-08-26T15:27:09Z,2026-08-26T17:27:09+0200,ec44fe02-3364-422b-92bd-0daf191e06d6,2026-08-16T07:45:00Z,2026-08-16T09:45:00+0200,1351.803,MW,DE,DE_LU,actual_offshore_wind_generation,Wind Offshore,2026-08-26T15:33:13Z
2026-08-26T15:27:09Z,2026-08-26T17:27:09+0200,ec44fe02-3364-422b-92bd-0daf191e06d6,2026-08-16T08:00:00Z,2026-08-16T10:00:00+0200,1349.532,MW,DE,DE_LU,actual_offshore_wind_generation,Wind Offshore,2026-08-26T15:33:13Z
2026-08-26T15:27:09Z,2026-08-26T17:27:09+0200,ec44fe02-3364-422b-92bd-0daf191e06d6,2026-08-16T08:15:00Z,2026-08-16T10:15:00+0200,1365.414,MW,DE,DE_LU,actual_offshore_wind_generation,Wind Offshore,2026-08-26T15:33:13Z
2026-08-26T15:27:09Z,2026-08-26T17:27:09+0200,ec44fe02-3364-422b-92bd-0daf191e06d6,2026-08-16T08:30:00Z,2026-08-16T10:30:00+0200,1387.47,MW,DE,DE_LU,actual_offshore_wind_generation,Wind Offshore,2026-08-26T15:33:13Z
2026-08-26T15:27:09Z,2026-08-26T17:27:09+0200,ec44fe02-3364-422b-92bd-0daf191e06d6,2026-08-16T08:45:00Z,2026-08-16T10:45:00+0200,1316.612,MW,DE,DE_LU,actual_offshore_wind_generation,Wind Offshore,2026-08-26T15:33:13Z
2026-08-26T15:27:09Z,2026-08-26T17:27:09+0200,ec44fe02-3364-422b-92bd-0daf191e06d6,2026-08-16T09:00:00Z,2026-08-16T11:00:00+0200,1291.177,MW,DE,DE_LU,actual_offshore_wind_generation,Wind Offshore,2026-08-26T15:33:13Z
2026-08-26T15:27:09Z,2026-08-26T17:27:09+0200,ec44fe02-3364-422b-92bd-0daf191e06d6,2026-08-16T09:15:00Z,2026-08-16T11:15:00+0200,1250.64,MW,DE,DE_LU,actual_offshore_wind_generation,Wind Offshore,2026-08-26T15:33:13Z
2026-08-26T15:27:09Z,2026-08-26T17:27:09+0200,ec44fe02-3364-422b-92bd-0daf191e06d6,2026-08-16T09:30:00Z,2026-08-16T11:30:00+0200,1195.328,MW,DE,DE_LU,actual_offshore_wind_generation,Wind Offshore,2026-08-26T15:33:13Z
2026-08-26T15:27:09Z,2026-08-26T17:27:09+0200,ec44fe02-3364-422b-92bd-0daf191e06d6,2026-08-16T09:45:00Z,2026-08-16T11:45:00+0200,1172.234,MW,DE,DE_LU,actual_offshore_wind_generation,Wind Offshore,2026-08-26T15:33:13Z
2026-08-26T15:27:09Z,2026-08-26T17:27:09+0200,ec44fe02-3364-422b-92bd-0daf191e06d6,2026-08-16T10:00:00Z,2026-08-16T12:00:00+0200,1155.658,MW,DE,DE_LU,actual_offshore_wind_generation,Wind Offshore,2026-08-26T15:33:13Z
2026-08-26T15:27:09Z,2026-08-26T17:27:09+0200,ec44fe02-3364-422b-92bd-0daf191e06d6,2026-08-16T10:15:00Z,2026-08-16T12:15:00+0200,1127.628,MW,DE,DE_LU,actual_offshore_wind_generation,Wind Offshore,2026-08-26T15:33:13Z
2026-08-26T15:27:09Z,2026-08-26T17:27:09+0200,ec44fe02-3364-422b-92bd-0daf191e06d6,2026-08-16T10:30:00Z,2026-08-16T12:30:00+0200,1106.678,MW,DE,DE_LU,actual_offshore_wind_generation,Wind Offshore,2026-08-26T15:33:13Z
2026-08-26T15:27:09Z,2026-08-26T17:27:09+0200,ec44fe02-3364-422b-92bd-0daf191e06d6,2026-08-16T10:45:00Z,2026-08-16T12:45:00+0200,1174.185,MW,DE,DE_LU,actual_offshore_wind_generation,Wind Offshore,2026-08-26T15:33:13Z
2026-08-26T15:27:09Z,2026-08-26T17:27:09+0200,ec44fe02-3364-422b-92bd-0daf191e06d6,2026-08-16T11:00:00Z,2026-08-16T13:00:00+0200,1248.154,MW,DE,DE_LU,actual_offshore_wind_generation,Wind Offshore,2026-08-26T15:33:13Z
2026-08-26T15:27:09Z,2026-08-26T17:27:09+0200,ec44fe02-3364-422b-92bd-0daf191e06d6,2026-08-16T11:15:00Z,2026-08-16T13:15:00+0200,1347.525,MW,DE,DE_LU,actual_offshore_wind_generation,Wind Offshore,2026-08-26T15:33:13Z
2026-08-26T15:27:09Z,2026-08-26T17:27:09+0200,ec44fe02-3364-422b-92bd-0daf191e06d6,2026-08-16T11:30:00Z,2026-08-16T13:30:00+0200,1369.359,MW,DE,DE_LU,actual_offshore_wind_generation,Wind Offshore,2026-08-26T15:33:13Z
2026-08-26T15:27:09Z,2026-08-26T17:27:09+0200,ec44fe02-3364-422b-92bd-0daf191e06d6,2026-08-16T11:45:00Z,2026-08-16T13:45:00+0200,1361.157,MW,DE,DE_LU,actual_offshore_wind_generation,Wind Offshore,2026-08-26T15:33:13Z
2026-08-26T15:27:09Z,2026-08-26T17:27:09+0200,ec44fe02-3364-422b-92bd-0daf191e06d6,2026-08-16T12:00:00Z,2026-08-16T14:00:00+0200,1334.956,MW,DE,DE_LU,actual_offshore_wind_generation,Wind Offshore,2026-08-26T15:33:13Z
2026-08-26T15:27:09Z,2026-08-26T17:27:09+0200,ec44fe02-3364-422b-92bd-0daf191e06d6,2026-08-16T12:15:00Z,2026-08-16T14:15:00+0200,1319.786,MW,DE,DE_LU,actual_offshore_wind_generation,Wind Offshore,2026-08-26T15:33:13Z
2026-08-26T15:27:09Z,2026-08-26T17:27:09+0200,ec44fe02-3364-422b-92bd-0daf191e06d6,2026-08-16T12:30:00Z,2026-08-16T14:30:00+0200,1252.09,MW,DE,DE_LU,actual_offshore_wind_generation,Wind Offshore,2026-08-26T15:33:13Z
2026-08-26T15:27:09Z,2026-08-26T17:27:09+0200,ec44fe02-3364-422b-92bd-0daf191e06d6,2026-08-16T12:45:00Z,2026-08-16T14:45:00+0200,1271.035,MW,DE,DE_LU,actual_offshore_wind_generation,Wind Offshore,2026-08-26T15:33:13Z
2026-08-26T15:27:09Z,2026-08-26T17:27:09+0200,ec44fe02-3364-422b-92bd-0daf191e06d6,2026-08-16T13:00:00Z,2026-08-16T15:00:00+0200,1316.768,MW,DE,DE_LU,actual_offshore_wind_generation,Wind Offshore,2026-08-26T15:33:13Z
2026-08-26T15:27:09Z,2026-08-26T17:27:09+0200,ec44fe02-3364-422b-92bd-0daf191e06d6,2026-08-16T13:15:00Z,2026-08-16T15:15:00+0200,1307.013,MW,DE,DE_LU,actual_offshore_wind_generation,Wind Offshore,2026-08-26T15:33:13Z
2026-08-26T15:27:09Z,2026-08-26T17:27:09+0200,ec44fe02-3364-422b-92bd-0daf191e06d6,2026-08-16T13:30:00Z,2026-08-16T15:30:00+0200,1336.904,MW,DE,DE_LU,actual_offshore_wind_generation,Wind Offshore,2026-08-26T15:33:13Z
2026-08-26T15:27:09Z,2026-08-26T17:27:09+0200,ec44fe02-3364-422b-92bd-0daf191e06d6,2026-08-16T13:45:00Z,2026-08-16T15:45:00+0200,1251.41,MW,DE,DE_LU,actual_offshore_wind_generation,Wind Offshore,2026-08-26T15:33:13Z
2026-08-26T15:27:09Z,2026-08-26T17:27:09+0200,ec44fe02-3364-422b-92bd-0daf191e06d6,2026-08-16T14:00:00Z,2026-08-16T16:00:00+0200,1089.405,MW,DE,DE_LU,actual_offshore_wind_generation,Wind Offshore,2026-08-26T15:33:13Z
2026-08-26T15:27:09Z,2026-08-26T17:27:09+0200,ec44fe02-3364-422b-92bd-0daf191e06d6,2026-08-16T14:15:00Z,2026-08-16T16:15:00+0200,974.099,MW,DE,DE_LU,actual_offshore_wind_generation,Wind Offshore,2026-08-26T15:33:13Z
2026-08-26T15:27:09Z,2026-08-26T17:27:09+0200,ec44fe02-3364-422b-92bd-0daf191e06d6,2026-08-16T14:30:00Z,2026-08-16T16:30:00+0200,965.362,MW,DE,DE_LU,actual_offshore_wind_generation,Wind Offshore,2026-08-26T15:33:13Z
2026-08-26T15:27:09Z,2026-08-26T17:27:09+0200,ec44fe02-3364-422b-92bd-0daf191e06d6,2026-08-16T14:45:00Z,2026-08-16T16:45:00+0200,925.322,MW,DE,DE_LU,actual_offshore_wind_generation,Wind Offshore,2026-08-26T15:33:13Z
2026-08-26T15:27:09Z,2026-08-26T17:27:09+0200,ec44fe02-3364-422b-92bd-0daf191e06d6,2026-08-16T15:00:00Z,2026-08-16T17:00:00+0200,917.212,MW,DE,DE_LU,actual_offshore_wind_generation,Wind Offshore,2026-08-26T15:33:13Z
2026-08-26T15:27:09Z,2026-08-26T17:27:09+0200,ec44fe02-3364-422b-92bd-0daf191e06d6,2026-08-16T15:15:00Z,2026-08-16T17:15:00+0200,932.296,MW,DE,DE_LU,actual_offshore_wind_generation,Wind Offshore,2026-08-26T15:33:13Z
2026-08-26T15:27:09Z,2026-08-26T17:27:09+0200,ec44fe02-3364-422b-92bd-0daf191e06d6,2026-08-16T15:30:00Z,2026-08-16T17:30:00+0200,945.972,MW,DE,DE_LU,actual_offshore_wind_generation,Wind Offshore,2026-08-26T15:33:13Z
2026-08-26T15:27:09Z,2026-08-26T17:27:09+0200,ec44fe02-3364-422b-92bd-0daf191e06d6,2026-08-16T15:45:00Z,2026-08-16T17:45:00+0200,925.421,MW,DE,DE_LU,actual_offshore_wind_generation,Wind Offshore,2026-08-26T15:33:13Z
2026-08-26T15:27:09Z,2026-08-26T17:27:09+0200,ec44fe02-3364-422b-92bd-0daf191e06d6,2026-08-16T16:00:00Z,2026-08-16T18:00:00+0200,991.185,MW,DE,DE_LU,actual_offshore_wind_generation,Wind Offshore,2026-08-26T15:33:13Z
2026-08-26T15:27:09Z,2026-08-26T17:27:09+0200,ec44fe02-3364-422b-92bd-0daf191e06d6,2026-08-16T16:15:00Z,2026-08-16T18:15:00+0200,1027.183,MW,DE,DE_LU,actual_offshore_wind_generation,Wind Offshore,2026-08-26T15:33:13Z
2026-08-26T15:27:09Z,2026-08-26T17:27:09+0200,ec44fe02-3364-422b-92bd-0daf191e06d6,2026-08-16T16:30:00Z,2026-08-16T18:30:00+0200,999.053,MW,DE,DE_LU,actual_offshore_wind_generation,Wind Offshore,2026-08-26T15:33:13Z
2026-08-26T15:27:09Z,2026-08-26T17:27:09+0200,ec44fe02-3364-422b-92bd-0daf191e06d6,2026-08-16T16:45:00Z,2026-08-16T18:45:00+0200,928.543,MW,DE,DE_LU,actual_offshore_wind_generation,Wind Offshore,2026-08-26T15:33:13Z
2026-08-26T15:27:09Z,2026-08-26T17:27:09+0200,ec44fe02-3364-422b-92bd-0daf191e06d6,2026-08-16T17:00:00Z,2026-08-16T19:00:00+0200,927.132,MW,DE,DE_LU,actual_offshore_wind_generation,Wind Offshore,2026-08-26T15:33:13Z
2026-08-26T15:27:09Z,2026-08-26T17:27:09+0200,ec44fe02-3364-422b-92bd-0daf191e06d6,2026-08-16T17:15:00Z,2026-08-16T19:15:00+0200,849.376,MW,DE,DE_LU,actual_offshore_wind_generation,Wind Offshore,2026-08-26T15:33:13Z
2026-08-26T15:27:09Z,2026-08-26T17:27:09+0200,ec44fe02-3364-422b-92bd-0daf191e06d6,2026-08-16T17:30:00Z,2026-08-16T19:30:00+0200,770.929,MW,DE,DE_LU,actual_offshore_wind_generation,Wind Offshore,2026-08-26T15:33:13Z
2026-08-26T15:27:09Z,2026-08-26T17:27:09+0200,ec44fe02-3364-422b-92bd-0daf191e06d6,2026-08-16T17:45:00Z,2026-08-16T19:45:00+0200,691.629,MW,DE,DE_LU,actual_offshore_wind_generation,Wind Offshore,2026-08-26T15:33:13Z
2026-08-26T15:27:09Z,2026-08-26T17:27:09+0200,ec44fe02-3364-422b-92bd-0daf191e06d6,2026-08-16T18:00:00Z,2026-08-16T20:00:00+0200,635.275,MW,DE,DE_LU,actual_offshore_wind_generation,Wind Offshore,2026-08-26T15:33:13Z
2026-08-26T15:27:09Z,2026-08-26T17:27:09+0200,ec44fe02-3364-422b-92bd-0daf191e06d6,2026-08-16T18:15:00Z,2026-08-16T20:15:00+0200,622.659,MW,DE,DE_LU,actual_offshore_wind_generation,Wind Offshore,2026-08-26T15:33:13Z
2026-08-26T15:27:09Z,2026-08-26T17:27:09+0200,ec44fe02-3364-422b-92bd-0daf191e06d6,2026-08-16T18:30:00Z,2026-08-16T20:30:00+0200,580.953,MW,DE,DE_LU,actual_offshore_wind_generation,Wind Offshore,2026-08-26T15:33:13Z
2026-08-26T15:27:09Z,2026-08-26T17:27:09+0200,ec44fe02-3364-422b-92bd-0daf191e06d6,2026-08-16T18:45:00Z,2026-08-16T20:45:00+0200,585.655,MW,DE,DE_LU,actual_offshore_wind_generation,Wind Offshore,2026-08-26T15:33:13Z
2026-08-26T15:27:09Z,2026-08-26T17:27:09+0200,ec44fe02-3364-422b-92bd-0daf191e06d6,2026-08-16T19:00:00Z,2026-08-16T21:00:00+0200,570.293,MW,DE,DE_LU,actual_offshore_wind_generation,Wind Offshore,2026-08-26T15:33:13Z
2026-08-26T15:27:09Z,2026-08-26T17:27:09+0200,ec44fe02-3364-422b-92bd-0daf191e06d6,2026-08-16T19:15:00Z,2026-08-16T21:15:00+0200,548.395,MW,DE,DE_LU,actual_offshore_wind_generation,Wind Offshore,2026-08-26T15:33:13Z
2026-08-26T15:27:09Z,2026-08-26T17:27:09+0200,ec44fe02-3364-422b-92bd-0daf191e06d6,2026-08-16T19:30:00Z,2026-08-16T21:30:00+0200,527.587,MW,DE,DE_LU,actual_offshore_wind_generation,Wind Offshore,2026-08-26T15:33:13Z
2026-08-26T15:27:09Z,2026-08-26T17:27:09+0200,ec44fe02-3364-422b-92bd-0daf191e06d6,2026-08-16T19:45:00Z,2026-08-16T21:45:00+0200,483.164,MW,DE,DE_LU,actual_offshore_wind_generation,Wind Offshore,2026-08-26T15:33:13Z
2026-08-26T15:27:09Z,2026-08-26T17:27:09+0200,ec44fe02-3364-422b-92bd-0daf191e06d6,2026-08-16T20:00:00Z,2026-08-16T22:00:00+0200,493.198,MW,DE,DE_LU,actual_offshore_wind_generation,Wind Offshore,2026-08-26T15:33:13Z
2026-08-26T15:27:09Z,2026-08-26T17:27:09+0200,ec44fe02-3364-422b-92bd-0daf191e06d6,2026-08-16T20:15:00Z,2026-08-16T22:15:00+0200,545.269,MW,DE,DE_LU,actual_offshore_wind_generation,Wind Offshore,2026-08-26T15:33:13Z
2026-08-26T15:27:09Z,2026-08-26T17:27:09+0200,ec44fe02-3364-422b-92bd-0daf191e06d6,2026-08-16T20:30:00Z,2026-08-16T22:30:00+0200,565.68,MW,DE,DE_LU,actual_offshore_wind_generation,Wind Offshore,2026-08-26T15:33:13Z
2026-08-26T15:27:09Z,2026-08-26T17:27:09+0200,ec44fe02-3364-422b-92bd-0daf191e06d6,2026-08-16T20:45:00Z,2026-08-16T22:45:00+0200,523.423,MW,DE,DE_LU,actual_offshore_wind_generation,Wind Offshore,2026-08-26T15:33:13Z
2026-08-26T15:27:09Z,2026-08-26T17:27:09+0200,ec44fe02-3364-422b-92bd-0daf191e06d6,2026-08-16T21:00:00Z,2026-08-16T23:00:00+0200,476.905,MW,DE,DE_LU,actual_offshore_wind_generation,Wind Offshore,2026-08-26T15:33:13Z
2026-08-26T15:27:09Z,2026-08-26T17:27:09+0200,ec44fe02-3364-422b-92bd-0daf191e06d6,2026-08-16T21:15:00Z,2026-08-16T23:15:00+0200,572.249,MW,DE,DE_LU,actual_offshore_wind_generation,Wind Offshore,2026-08-26T15:33:13Z
2026-08-26T15:27:09Z,2026-08-26T17:27:09+0200,ec44fe02-3364-422b-92bd-0daf191e06d6,2026-08-16T21:30:00Z,2026-08-16T23:30:00+0200,583.908,MW,DE,DE_LU,actual_offshore_wind_generation,Wind Offshore,2026-08-26T15:33:13Z
2026-08-26T15:27:09Z,2026-08-26T17:27:09+0200,ec44fe02-3364-422b-92bd-0daf191e06d6,2026-08-16T21:45:00Z,2026-08-16T23:45:00+0200,490.162,MW,DE,DE_LU,actual_offshore_wind_generation,Wind Offshore,2026-08-26T15:33:13Z
2026-08-26T15:27:09Z,2026-08-26T17:27:09+0200,ec44fe02-3364-422b-92bd-0daf191e06d6,2026-08-16T22:00:00Z,2026-08-17T00:00:00+0200,679.353,MW,DE,DE_LU,actual_offshore_wind_generation,Wind Offshore,2026-08-26T15:33:13Z
2026-08-26T15:27:09Z,2026-08-26T17:27:09+0200,ec44fe02-3364-422b-92bd-0daf191e06d6,2026-08-16T22:15:00Z,2026-08-17T00:15:00+0200,843.906,MW,DE,DE_LU,actual_offshore_wind_generation,Wind Offshore,2026-08-26T15:33:13Z
2026-08-26T15:27:09Z,2026-08-26T17:27:09+0200,ec44fe02-3364-422b-92bd-0daf191e06d6,2026-08-16T22:30:00Z,2026-08-17T00:30:00+0200,754.429,MW,DE,DE_LU,actual_offshore_wind_generation,Wind Offshore,2026-08-26T15:33:13Z
2026-08-26T15:27:09Z,2026-08-26T17:27:09+0200,ec44fe02-3364-422b-92bd-0daf191e06d6,2026-08-16T22:45:00Z,2026-08-17T00:45:00+0200,807.764,MW,DE,DE_LU,actual_offshore_wind_generation,Wind Offshore,2026-08-26T15:33:13Z
2026-08-26T15:27:09Z,2026-08-26T17:27:09+0200,ec44fe02-3364-422b-92bd-0daf191e06d6,2026-08-16T23:00:00Z,2026-08-17T01:00:00+0200,870.46,MW,DE,DE_LU,actual_offshore_wind_generation,Wind Offshore,2026-08-26T15:33:13Z
2026-08-26T15:27:09Z,2026-08-26T17:27:09+0200,ec44fe02-3364-422b-92bd-0daf191e06d6,2026-08-16T23:15:00Z,2026-08-17T01:15:00+0200,930.187,MW,DE,DE_LU,actual_offshore_wind_generation,Wind Offshore,2026-08-26T15:33:13Z
2026-08-26T15:27:09Z,2026-08-26T17:27:09+0200,ec44fe02-3364-422b-92bd-0daf191e06d6,2026-08-16T23:30:00Z,2026-08-17T01:30:00+0200,814.419,MW,DE,DE_LU,actual_offshore_wind_generation,Wind Offshore,2026-08-26T15:33:13Z
2026-08-26T15:27:09Z,2026-08-26T17:27:09+0200,ec44fe02-3364-422b-92bd-0daf191e06d6,2026-08-16T23:45:00Z,2026-08-17T01:45:00+0200,652.052,MW,DE,DE_LU,actual_offshore_wind_generation,Wind Offshore,2026-08-26T15:33:13Z
2026-08-26T15:27:09Z,2026-08-26T17:27:09+0200,ec44fe02-3364-422b-92bd-0daf191e06d6,2026-08-17T00:00:00Z,2026-08-17T02:00:00+0200,607.703,MW,DE,DE_LU,actual_offshore_wind_generation,Wind Offshore,2026-08-26T15:33:13Z
2026-08-26T15:27:09Z,2026-08-26T17:27:09+0200,ec44fe02-3364-422b-92bd-0daf191e06d6,2026-08-17T00:15:00Z,2026-08-17T02:15:00+0200,641.236,MW,DE,DE_LU,actual_offshore_wind_generation,Wind Offshore,2026-08-26T15:33:13Z
2026-08-26T15:27:09Z,2026-08-26T17:27:09+0200,ec44fe02-3364-422b-92bd-0daf191e06d6,2026-08-17T00:30:00Z,2026-08-17T02:30:00+0200,694.934,MW,DE,DE_LU,actual_offshore_wind_generation,Wind Offshore,2026-08-26T15:33:13Z
2026-08-26T15:27:09Z,2026-08-26T17:27:09+0200,ec44fe02-3364-422b-92bd-0daf191e06d6,2026-08-17T00:45:00Z,2026-08-17T02:45:00+0200,708.125,MW,DE,DE_LU,actual_offshore_wind_generation,Wind Offshore,2026-08-26T15:33:13Z
2026-08-26T15:27:09Z,2026-08-26T17:27:09+0200,ec44fe02-3364-422b-92bd-0daf191e06d6,2026-08-17T01:00:00Z,2026-08-17T03:00:00+0200,718.631,MW,DE,DE_LU,actual_offshore_wind_generation,Wind Offshore,2026-08-26T15:33:13Z
2026-08-26T15:27:09Z,2026-08-26T17:27:09+0200,ec44fe02-3364-422b-92bd-0daf191e06d6,2026-08-17T01:15:00Z,2026-08-17T03:15:00+0200,644.724,MW,DE,DE_LU,actual_offshore_wind_generation,Wind Offshore,2026-08-26T15:33:13Z
2026-08-26T15:27:09Z,2026-08-26T17:27:09+0200,ec44fe02-3364-422b-92bd-0daf191e06d6,2026-08-17T01:30:00Z,2026-08-17T03:30:00+0200,545.379,MW,DE,DE_LU,actual_offshore_wind_generation,Wind Offshore,2026-08-26T15:33:13Z
2026-08-26T15:27:09Z,2026-08-26T17:27:09+0200,ec44fe02-3364-422b-92bd-0daf191e06d6,2026-08-17T01:45:00Z,2026-08-17T03:45:00+0200,489.385,MW,DE,DE_LU,actual_offshore_wind_generation,Wind Offshore,2026-08-26T15:33:13Z
2026-08-26T15:27:09Z,2026-08-26T17:27:09+0200,ec44fe02-3364-422b-92bd-0daf191e06d6,2026-08-17T02:00:00Z,2026-08-17T04:00:00+0200,519.838,MW,DE,DE_LU,actual_offshore_wind_generation,Wind Offshore,2026-08-26T15:33:13Z
2026-08-26T15:27:09Z,2026-08-26T17:27:09+0200,ec44fe02-3364-422b-92bd-0daf191e06d6,2026-08-17T02:15:00Z,2026-08-17T04:15:00+0200,580.739,MW,DE,DE_LU,actual_offshore_wind_generation,Wind Offshore,2026-08-26T15:33:13Z
2026-08-26T15:27:09Z,2026-08-26T17:27:09+0200,ec44fe02-3364-422b-92bd-0daf191e06d6,2026-08-17T02:30:00Z,2026-08-17T04:30:00+0200,665.797,MW,DE,DE_LU,actual_offshore_wind_generation,Wind Offshore,2026-08-26T15:33:13Z
2026-08-26T15:27:09Z,2026-08-26T17:27:09+0200,ec44fe02-3364-422b-92bd-0daf191e06d6,2026-08-17T02:45:00Z,2026-08-17T04:45:00+0200,774.916,MW,DE,DE_LU,actual_offshore_wind_generation,Wind Offshore,2026-08-26T15:33:13Z
2026-08-26T15:27:09Z,2026-08-26T17:27:09+0200,ec44fe02-3364-422b-92bd-0daf191e06d6,2026-08-17T03:00:00Z,2026-08-17T05:00:00+0200,859.707,MW,DE,DE_LU,actual_offshore_wind_generation,Wind Offshore,2026-08-26T15:33:13Z
2026-08-26T15:27:09Z,2026-08-26T17:27:09+0200,ec44fe02-3364-422b-92bd-0daf191e06d6,2026-08-17T03:15:00Z,2026-08-17T05:15:00+0200,1001.672,MW,DE,DE_LU,actual_offshore_wind_generation,Wind Offshore,2026-08-26T15:33:13Z
2026-08-26T15:27:09Z,2026-08-26T17:27:09+0200,ec44fe02-3364-422b-92bd-0daf191e06d6,2026-08-17T03:30:00Z,2026-08-17T05:30:00+0200,990.851,MW,DE,DE_LU,actual_offshore_wind_generation,Wind Offshore,2026-08-26T15:33:13Z
2026-08-26T15:27:09Z,2026-08-26T17:27:09+0200,ec44fe02-3364-422b-92bd-0daf191e06d6,2026-08-17T03:45:00Z,2026-08-17T05:45:00+0200,893.267,MW,DE,DE_LU,actual_offshore_wind_generation,Wind Offshore,2026-08-26T15:33:13Z
2026-08-26T15:27:09Z,2026-08-26T17:27:09+0200,ec44fe02-3364-422b-92bd-0daf191e06d6,2026-08-17T04:00:00Z,2026-08-17T06:00:00+0200,770.345,MW,DE,DE_LU,actual_offshore_wind_generation,Wind Offshore,2026-08-26T15:33:13Z
2026-08-26T15:27:09Z,2026-08-26T17:27:09+0200,ec44fe02-3364-422b-92bd-0daf191e06d6,2026-08-17T04:15:00Z,2026-08-17T06:15:00+0200,927.865,MW,DE,DE_LU,actual_offshore_wind_generation,Wind Offshore,2026-08-26T15:33:13Z
2026-08-26T15:27:09Z,2026-08-26T17:27:09+0200,ec44fe02-3364-422b-92bd-0daf191e06d6,2026-08-17T04:30:00Z,2026-08-17T06:30:00+0200,1150.155,MW,DE,DE_LU,actual_offshore_wind_generation,Wind Offshore,2026-08-26T15:33:13Z
2026-08-26T15:27:09Z,2026-08-26T17:27:09+0200,ec44fe02-3364-422b-92bd-0daf191e06d6,2026-08-17T04:45:00Z,2026-08-17T06:45:00+0200,1154.639,MW,DE,DE_LU,actual_offshore_wind_generation,Wind Offshore,2026-08-26T15:33:13Z
2026-08-26T15:27:09Z,2026-08-26T17:27:09+0200,ec44fe02-3364-422b-92bd-0daf191e06d6,2026-08-17T05:00:00Z,2026-08-17T07:00:00+0200,1150.35,MW,DE,DE_LU,actual_offshore_wind_generation,Wind Offshore,2026-08-26T15:33:13Z
2026-08-26T15:27:09Z,2026-08-26T17:27:09+0200,ec44fe02-3364-422b-92bd-0daf191e06d6,2026-08-17T05:15:00Z,2026-08-17T07:15:00+0200,1134.137,MW,DE,DE_LU,actual_offshore_wind_generation,Wind Offshore,2026-08-26T15:33:13Z
2026-08-26T15:27:09Z,2026-08-26T17:27:09+0200,ec44fe02-3364-422b-92bd-0daf191e06d6,2026-08-17T05:30:00Z,2026-08-17T07:30:00+0200,1179.554,MW,DE,DE_LU,actual_offshore_wind_generation,Wind Offshore,2026-08-26T15:33:13Z
2026-08-26T15:27:09Z,2026-08-26T17:27:09+0200,ec44fe02-3364-422b-92bd-0daf191e06d6,2026-08-17T05:45:00Z,2026-08-17T07:45:00+0200,1199.419,MW,DE,DE_LU,actual_offshore_wind_generation,Wind Offshore,2026-08-26T15:33:13Z
2026-08-26T15:27:09Z,2026-08-26T17:27:09+0200,ec44fe02-3364-422b-92bd-0daf191e06d6,2026-08-17T06:00:00Z,2026-08-17T08:00:00+0200,1319.259,MW,DE,DE_LU,actual_offshore_wind_generation,Wind Offshore,2026-08-26T15:33:13Z
2026-08-26T15:27:09Z,2026-08-26T17:27:09+0200,ec44fe02-3364-422b-92bd-0daf191e06d6,2026-08-17T06:15:00Z,2026-08-17T08:15:00+0200,1326.493,MW,DE,DE_LU,actual_offshore_wind_generation,Wind Offshore,2026-08-26T15:33:13Z
2026-08-26T15:27:09Z,2026-08-26T17:27:09+0200,ec44fe02-3364-422b-92bd-0daf191e06d6,2026-08-17T06:30:00Z,2026-08-17T08:30:00+0200,1358.568,MW,DE,DE_LU,actual_offshore_wind_generation,Wind Offshore,2026-08-26T15:33:13Z
2026-08-26T15:27:09Z,2026-08-26T17:27:09+0200,ec44fe02-3364-422b-92bd-0daf191e06d6,2026-08-17T06:45:00Z,2026-08-17T08:45:00+0200,1281.975,MW,DE,DE_LU,actual_offshore_wind_generation,Wind Offshore,2026-08-26T15:33:13Z
2026-08-26T15:27:09Z,2026-08-26T17:27:09+0200,ec44fe02-3364-422b-92bd-0daf191e06d6,2026-08-17T07:00:00Z,2026-08-17T09:00:00+0200,1269.121,MW,DE,DE_LU,actual_offshore_wind_generation,Wind Offshore,2026-08-26T15:33:13Z
2026-08-26T15:27:09Z,2026-08-26T17:27:09+0200,ec44fe02-3364-422b-92bd-0daf191e06d6,2026-08-17T07:15:00Z,2026-08-17T09:15:00+0200,1387.49,MW,DE,DE_LU,actual_offshore_wind_generation,Wind Offshore,2026-08-26T15:33:13Z
2026-08-26T15:27:09Z,2026-08-26T17:27:09+0200,ec44fe02-3364-422b-92bd-0daf191e06d6,2026-08-17T07:30:00Z,2026-08-17T09:30:00+0200,1429.436,MW,DE,DE_LU,actual_offshore_wind_generation,Wind Offshore,2026-08-26T15:33:13Z
2026-08-26T15:27:09Z,2026-08-26T17:27:09+0200,ec44fe02-3364-422b-92bd-0daf191e06d6,2026-08-17T07:45:00Z,2026-08-17T09:45:00+0200,1310.804,MW,DE,DE_LU,actual_offshore_wind_generation,Wind Offshore,2026-08-26T15:33:13Z
2026-08-26T15:27:09Z,2026-08-26T17:27:09+0200,ec44fe02-3364-422b-92bd-0daf191e06d6,2026-08-17T08:00:00Z,2026-08-17T10:00:00+0200,1341.159,MW,DE,DE_LU,actual_offshore_wind_generation,Wind Offshore,2026-08-26T15:33:13Z
2026-08-26T15:27:09Z,2026-08-26T17:27:09+0200,ec44fe02-3364-422b-92bd-0daf191e06d6,2026-08-17T08:15:00Z,2026-08-17T10:15:00+0200,1446.318,MW,DE,DE_LU,actual_offshore_wind_generation,Wind Offshore,2026-08-26T15:33:13Z
2026-08-26T15:27:09Z,2026-08-26T17:27:09+0200,ec44fe02-3364-422b-92bd-0daf191e06d6,2026-08-17T08:30:00Z,2026-08-17T10:30:00+0200,1520.865,MW,DE,DE_LU,actual_offshore_wind_generation,Wind Offshore,2026-08-26T15:33:13Z
2026-08-26T15:27:09Z,2026-08-26T17:27:09+0200,ec44fe02-3364-422b-92bd-0daf191e06d6,2026-08-17T08:45:00Z,2026-08-17T10:45:00+0200,1499.141,MW,DE,DE_LU,actual_offshore_wind_generation,Wind Offshore,2026-08-26T15:33:13Z
2026-08-26T15:27:09Z,2026-08-26T17:27:09+0200,ec44fe02-3364-422b-92bd-0daf191e06d6,2026-08-17T09:00:00Z,2026-08-17T11:00:00+0200,1371.06,MW,DE,DE_LU,actual_offshore_wind_generation,Wind Offshore,2026-08-26T15:33:13Z
2026-08-26T15:27:09Z,2026-08-26T17:27:09+0200,ec44fe02-3364-422b-92bd-0daf191e06d6,2026-08-17T09:15:00Z,2026-08-17T11:15:00+0200,1468.004,MW,DE,DE_LU,actual_offshore_wind_generation,Wind Offshore,2026-08-26T15:33:13Z
2026-08-26T15:27:09Z,2026-08-26T17:27:09+0200,ec44fe02-3364-422b-92bd-0daf191e06d6,2026-08-17T09:30:00Z,2026-08-17T11:30:00+0200,1424.639,MW,DE,DE_LU,actual_offshore_wind_generation,Wind Offshore,2026-08-26T15:33:13Z
2026-08-26T15:27:09Z,2026-08-26T17:27:09+0200,ec44fe02-3364-422b-92bd-0daf191e06d6,2026-08-17T09:45:00Z,2026-08-17T11:45:00+0200,1456.441,MW,DE,DE_LU,actual_offshore_wind_generation,Wind Offshore,2026-08-26T15:33:13Z
2026-08-26T15:27:09Z,2026-08-26T17:27:09+0200,ec44fe02-3364-422b-92bd-0daf191e06d6,2026-08-17T10:00:00Z,2026-08-17T12:00:00+0200,1480.882,MW,DE,DE_LU,actual_offshore_wind_generation,Wind Offshore,2026-08-26T15:33:13Z
2026-08-26T15:27:09Z,2026-08-26T17:27:09+0200,ec44fe02-3364-422b-92bd-0daf191e06d6,2026-08-17T10:15:00Z,2026-08-17T12:15:00+0200,1724.068,MW,DE,DE_LU,actual_offshore_wind_generation,Wind Offshore,2026-08-26T15:33:13Z
2026-08-26T15:27:09Z,2026-08-26T17:27:09+0200,ec44fe02-3364-422b-92bd-0daf191e06d6,2026-08-17T10:30:00Z,2026-08-17T12:30:00+0200,1754.534,MW,DE,DE_LU,actual_offshore_wind_generation,Wind Offshore,2026-08-26T15:33:13Z
2026-08-26T15:27:09Z,2026-08-26T17:27:09+0200,ec44fe02-3364-422b-92bd-0daf191e06d6,2026-08-17T10:45:00Z,2026-08-17T12:45:00+0200,1716.31,MW,DE,DE_LU,actual_offshore_wind_generation,Wind Offshore,2026-08-26T15:33:13Z
2026-08-26T15:27:09Z,2026-08-26T17:27:09+0200,ec44fe02-3364-422b-92bd-0daf191e06d6,2026-08-17T11:00:00Z,2026-08-17T13:00:00+0200,1782.516,MW,DE,DE_LU,actual_offshore_wind_generation,Wind Offshore,2026-08-26T15:33:13Z
2026-08-26T15:27:09Z,2026-08-26T17:27:09+0200,ec44fe02-3364-422b-92bd-0daf191e06d6,2026-08-17T11:15:00Z,2026-08-17T13:15:00+0200,1854.053,MW,DE,DE_LU,actual_offshore_wind_generation,Wind Offshore,2026-08-26T15:33:13Z
2026-08-26T15:27:09Z,2026-08-26T17:27:09+0200,ec44fe02-3364-422b-92bd-0daf191e06d6,2026-08-17T11:30:00Z,2026-08-17T13:30:00+0200,1938.025,MW,DE,DE_LU,actual_offshore_wind_generation,Wind Offshore,2026-08-26T15:33:13Z
2026-08-26T15:27:09Z,2026-08-26T17:27:09+0200,ec44fe02-3364-422b-92bd-0daf191e06d6,2026-08-17T11:45:00Z,2026-08-17T13:45:00+0200,2012.025,MW,DE,DE_LU,actual_offshore_wind_generation,Wind Offshore,2026-08-26T15:33:13Z
2026-08-26T15:27:09Z,2026-08-26T17:27:09+0200,ec44fe02-3364-422b-92bd-0daf191e06d6,2026-08-17T12:00:00Z,2026-08-17T14:00:00+0200,2045.005,MW,DE,DE_LU,actual_offshore_wind_generation,Wind Offshore,2026-08-26T15:33:13Z
2026-08-26T15:27:09Z,2026-08-26T17:27:09+0200,ec44fe02-3364-422b-92bd-0daf191e06d6,2026-08-17T12:15:00Z,2026-08-17T14:15:00+0200,2146.751,MW,DE,DE_LU,actual_offshore_wind_generation,Wind Offshore,2026-08-26T15:33:13Z
2026-08-26T15:27:09Z,2026-08-26T17:27:09+0200,ec44fe02-3364-422b-92bd-0daf191e06d6,2026-08-17T12:30:00Z,2026-08-17T14:30:00+0200,2142.46,MW,DE,DE_LU,actual_offshore_wind_generation,Wind Offshore,2026-08-26T15:33:13Z
2026-08-26T15:27:09Z,2026-08-26T17:27:09+0200,ec44fe02-3364-422b-92bd-0daf191e06d6,2026-08-17T12:45:00Z,2026-08-17T14:45:00+0200,2133.956,MW,DE,DE_LU,actual_offshore_wind_generation,Wind Offshore,2026-08-26T15:33:13Z
2026-08-26T15:27:09Z,2026-08-26T17:27:09+0200,ec44fe02-3364-422b-92bd-0daf191e06d6,2026-08-17T13:00:00Z,2026-08-17T15:00:00+0200,2119.565,MW,DE,DE_LU,actual_offshore_wind_generation,Wind Offshore,2026-08-26T15:33:13Z
2026-08-26T15:27:09Z,2026-08-26T17:27:09+0200,ec44fe02-3364-422b-92bd-0daf191e06d6,2026-08-17T13:15:00Z,2026-08-17T15:15:00+0200,2269.475,MW,DE,DE_LU,actual_offshore_wind_generation,Wind Offshore,2026-08-26T15:33:13Z
2026-08-26T15:27:09Z,2026-08-26T17:27:09+0200,ec44fe02-3364-422b-92bd-0daf191e06d6,2026-08-17T13:30:00Z,2026-08-17T15:30:00+0200,2299.386,MW,DE,DE_LU,actual_offshore_wind_generation,Wind Offshore,2026-08-26T15:33:13Z
2026-08-26T15:27:09Z,2026-08-26T17:27:09+0200,ec44fe02-3364-422b-92bd-0daf191e06d6,2026-08-17T13:45:00Z,2026-08-17T15:45:00+0200,2411.257,MW,DE,DE_LU,actual_offshore_wind_generation,Wind Offshore,2026-08-26T15:33:13Z
2026-08-26T15:27:09Z,2026-08-26T17:27:09+0200,ec44fe02-3364-422b-92bd-0daf191e06d6,2026-08-17T14:00:00Z,2026-08-17T16:00:00+0200,2518.039,MW,DE,DE_LU,actual_offshore_wind_generation,Wind Offshore,2026-08-26T15:33:13Z
2026-08-26T15:27:09Z,2026-08-26T17:27:09+0200,ec44fe02-3364-422b-92bd-0daf191e06d6,2026-08-17T14:15:00Z,2026-08-17T16:15:00+0200,2661.708,MW,DE,DE_LU,actual_offshore_wind_generation,Wind Offshore,2026-08-26T15:33:13Z
2026-08-26T15:27:09Z,2026-08-26T17:27:09+0200,ec44fe02-3364-422b-92bd-0daf191e06d6,2026-08-17T14:30:00Z,2026-08-17T16:30:00+0200,2624.243,MW,DE,DE_LU,actual_offshore_wind_generation,Wind Offshore,2026-08-26T15:33:13Z
2026-08-26T15:27:09Z,2026-08-26T17:27:09+0200,ec44fe02-3364-422b-92bd-0daf191e06d6,2026-08-17T14:45:00Z,2026-08-17T16:45:00+0200,2695.061,MW,DE,DE_LU,actual_offshore_wind_generation,Wind Offshore,2026-08-26T15:33:13Z
2026-08-26T15:27:09Z,2026-08-26T17:27:09+0200,ec44fe02-3364-422b-92bd-0daf191e06d6,2026-08-17T15:00:00Z,2026-08-17T17:00:00+0200,2669.095,MW,DE,DE_LU,actual_offshore_wind_generation,Wind Offshore,2026-08-26T15:33:13Z
2026-08-26T15:27:09Z,2026-08-26T17:27:09+0200,ec44fe02-3364-422b-92bd-0daf191e06d6,2026-08-17T15:15:00Z,2026-08-17T17:15:00+0200,2712.52,MW,DE,DE_LU,actual_offshore_wind_generation,Wind Offshore,2026-08-26T15:33:13Z
2026-08-26T15:27:09Z,2026-08-26T17:27:09+0200,ec44fe02-3364-422b-92bd-0daf191e06d6,2026-08-17T15:30:00Z,2026-08-17T17:30:00+0200,2851.395,MW,DE,DE_LU,actual_offshore_wind_generation,Wind Offshore,2026-08-26T15:33:13Z
2026-08-26T15:27:09Z,2026-08-26T17:27:09+0200,ec44fe02-3364-422b-92bd-0daf191e06d6,2026-08-17T15:45:00Z,2026-08-17T17:45:00+0200,2844.177,MW,DE,DE_LU,actual_offshore_wind_generation,Wind Offshore,2026-08-26T15:33:13Z
2026-08-26T15:27:09Z,2026-08-26T17:27:09+0200,ec44fe02-3364-422b-92bd-0daf191e06d6,2026-08-17T16:00:00Z,2026-08-17T18:00:00+0200,2801.185,MW,DE,DE_LU,actual_offshore_wind_generation,Wind Offshore,2026-08-26T15:33:13Z
2026-08-26T15:27:09Z,2026-08-26T17:27:09+0200,ec44fe02-3364-422b-92bd-0daf191e06d6,2026-08-17T16:15:00Z,2026-08-17T18:15:00+0200,2867.771,MW,DE,DE_LU,actual_offshore_wind_generation,Wind Offshore,2026-08-26T15:33:13Z
2026-08-26T15:27:09Z,2026-08-26T17:27:09+0200,ec44fe02-3364-422b-92bd-0daf191e06d6,2026-08-17T16:30:00Z,2026-08-17T18:30:00+0200,2951.777,MW,DE,DE_LU,actual_offshore_wind_generation,Wind Offshore,2026-08-26T15:33:13Z
2026-08-26T15:27:09Z,2026-08-26T17:27:09+0200,ec44fe02-3364-422b-92bd-0daf191e06d6,2026-08-17T16:45:00Z,2026-08-17T18:45:00+0200,2806.875,MW,DE,DE_LU,actual_offshore_wind_generation,Wind Offshore,2026-08-26T15:33:13Z
2026-08-26T15:27:09Z,2026-08-26T17:27:09+0200,ec44fe02-3364-422b-92bd-0daf191e06d6,2026-08-17T17:00:00Z,2026-08-17T19:00:00+0200,2685.79,MW,DE,DE_LU,actual_offshore_wind_generation,Wind Offshore,2026-08-26T15:33:13Z
2026-08-26T15:27:09Z,2026-08-26T17:27:09+0200,ec44fe02-3364-422b-92bd-0daf191e06d6,2026-08-17T17:15:00Z,2026-08-17T19:15:00+0200,2753.416,MW,DE,DE_LU,actual_offshore_wind_generation,Wind Offshore,2026-08-26T15:33:13Z
2026-08-26T15:27:09Z,2026-08-26T17:27:09+0200,ec44fe02-3364-422b-92bd-0daf191e06d6,2026-08-17T17:30:00Z,2026-08-17T19:30:00+0200,2667.243,MW,DE,DE_LU,actual_offshore_wind_generation,Wind Offshore,2026-08-26T15:33:13Z
2026-08-26T15:27:09Z,2026-08-26T17:27:09+0200,ec44fe02-3364-422b-92bd-0daf191e06d6,2026-08-17T17:45:00Z,2026-08-17T19:45:00+0200,2403.932,MW,DE,DE_LU,actual_offshore_wind_generation,Wind Offshore,2026-08-26T15:33:13Z
2026-08-26T15:27:09Z,2026-08-26T17:27:09+0200,ec44fe02-3364-422b-92bd-0daf191e06d6,2026-08-17T18:00:00Z,2026-08-17T20:00:00+0200,2315.154,MW,DE,DE_LU,actual_offshore_wind_generation,Wind Offshore,2026-08-26T15:33:13Z
2026-08-26T15:27:09Z,2026-08-26T17:27:09+0200,ec44fe02-3364-422b-92bd-0daf191e06d6,2026-08-17T18:15:00Z,2026-08-17T20:15:00+0200,2225.26,MW,DE,DE_LU,actual_offshore_wind_generation,Wind Offshore,2026-08-26T15:33:13Z
2026-08-26T15:27:09Z,2026-08-26T17:27:09+0200,ec44fe02-3364-422b-92bd-0daf191e06d6,2026-08-17T18:30:00Z,2026-08-17T20:30:00+0200,2071.652,MW,DE,DE_LU,actual_offshore_wind_generation,Wind Offshore,2026-08-26T15:33:13Z
2026-08-26T15:27:09Z,2026-08-26T17:27:09+0200,ec44fe02-3364-422b-92bd-0daf191e06d6,2026-08-17T18:45:00Z,2026-08-17T20:45:00+0200,2022.528,MW,DE,DE_LU,actual_offshore_wind_generation,Wind Offshore,2026-08-26T15:33:13Z
2026-08-26T15:27:09Z,2026-08-26T17:27:09+0200,ec44fe02-3364-422b-92bd-0daf191e06d6,2026-08-17T19:00:00Z,2026-08-17T21:00:00+0200,2107.58,MW,DE,DE_LU,actual_offshore_wind_generation,Wind Offshore,2026-08-26T15:33:13Z
2026-08-26T15:27:09Z,2026-08-26T17:27:09+0200,ec44fe02-3364-422b-92bd-0daf191e06d6,2026-08-17T19:15:00Z,2026-08-17T21:15:00+0200,1838.981,MW,DE,DE_LU,actual_offshore_wind_generation,Wind Offshore,2026-08-26T15:33:13Z
2026-08-26T15:27:09Z,2026-08-26T17:27:09+0200,ec44fe02-3364-422b-92bd-0daf191e06d6,2026-08-17T19:30:00Z,2026-08-17T21:30:00+0200,1753.861,MW,DE,DE_LU,actual_offshore_wind_generation,Wind Offshore,2026-08-26T15:33:13Z
2026-08-26T15:27:09Z,2026-08-26T17:27:09+0200,ec44fe02-3364-422b-92bd-0daf191e06d6,2026-08-17T19:45:00Z,2026-08-17T21:45:00+0200,1751.07,MW,DE,DE_LU,actual_offshore_wind_generation,Wind Offshore,2026-08-26T15:33:13Z
2026-08-26T15:27:09Z,2026-08-26T17:27:09+0200,ec44fe02-3364-422b-92bd-0daf191e06d6,2026-08-17T20:00:00Z,2026-08-17T22:00:00+0200,1881.133,MW,DE,DE_LU,actual_offshore_wind_generation,Wind Offshore,2026-08-26T15:33:13Z
2026-08-26T15:27:09Z,2026-08-26T17:27:09+0200,ec44fe02-3364-422b-92bd-0daf191e06d6,2026-08-17T20:15:00Z,2026-08-17T22:15:00+0200,2028.22,MW,DE,DE_LU,actual_offshore_wind_generation,Wind Offshore,2026-08-26T15:33:13Z
2026-08-26T15:27:09Z,2026-08-26T17:27:09+0200,ec44fe02-3364-422b-92bd-0daf191e06d6,2026-08-17T20:30:00Z,2026-08-17T22:30:00+0200,2073.201,MW,DE,DE_LU,actual_offshore_wind_generation,Wind Offshore,2026-08-26T15:33:13Z
2026-08-26T15:27:09Z,2026-08-26T17:27:09+0200,ec44fe02-3364-422b-92bd-0daf191e06d6,2026-08-17T20:45:00Z,2026-08-17T22:45:00+0200,2054.532,MW,DE,DE_LU,actual_offshore_wind_generation,Wind Offshore,2026-08-26T15:33:13Z
2026-08-26T15:27:09Z,2026-08-26T17:27:09+0200,ec44fe02-3364-422b-92bd-0daf191e06d6,2026-08-17T21:00:00Z,2026-08-17T23:00:00+0200,2131.779,MW,DE,DE_LU,actual_offshore_wind_generation,Wind Offshore,2026-08-26T15:33:13Z
2026-08-26T15:27:09Z,2026-08-26T17:27:09+0200,ec44fe02-3364-422b-92bd-0daf191e06d6,2026-08-17T21:15:00Z,2026-08-17T23:15:00+0200,2178.25,MW,DE,DE_LU,actual_offshore_wind_generation,Wind Offshore,2026-08-26T15:33:13Z
2026-08-26T15:27:09Z,2026-08-26T17:27:09+0200,ec44fe02-3364-422b-92bd-0daf191e06d6,2026-08-17T21:30:00Z,2026-08-17T23:30:00+0200,2047.524,MW,DE,DE_LU,actual_offshore_wind_generation,Wind Offshore,2026-08-26T15:33:13Z
2026-08-26T15:27:09Z,2026-08-26T17:27:09+0200,ec44fe02-3364-422b-92bd-0daf191e06d6,2026-08-17T21:45:00Z,2026-08-17T23:45:00+0200,1927.078,MW,DE,DE_LU,actual_offshore_wind_generation,Wind Offshore,2026-08-26T15:33:13Z
2026-08-26T15:27:09Z,2026-08-26T17:27:09+0200,ec44fe02-3364-422b-92bd-0daf191e06d6,2026-08-17T22:00:00Z,2026-08-18T00:00:00+0200,1865.941,MW,DE,DE_LU,actual_offshore_wind_generation,Wind Offshore,2026-08-26T15:33:13Z
2026-08-26T15:27:09Z,2026-08-26T17:27:09+0200,ec44fe02-3364-422b-92bd-0daf191e06d6,2026-08-17T22:15:00Z,2026-08-18T00:15:00+0200,1838.362,MW,DE,DE_LU,actual_offshore_wind_generation,Wind Offshore,2026-08-26T15:33:13Z
2026-08-26T15:27:09Z,2026-08-26T17:27:09+0200,ec44fe02-3364-422b-92bd-0daf191e06d6,2026-08-17T22:30:00Z,2026-08-18T00:30:00+0200,1849.926,MW,DE,DE_LU,actual_offshore_wind_generation,Wind Offshore,2026-08-26T15:33:13Z
2026-08-26T15:27:09Z,2026-08-26T17:27:09+0200,ec44fe02-3364-422b-92bd-0daf191e06d6,2026-08-17T22:45:00Z,2026-08-18T00:45:00+0200,1970.681,MW,DE,DE_LU,actual_offshore_wind_generation,Wind Offshore,2026-08-26T15:33:13Z
2026-08-26T15:27:09Z,2026-08-26T17:27:09+0200,ec44fe02-3364-422b-92bd-0daf191e06d6,2026-08-17T23:00:00Z,2026-08-18T01:00:00+0200,2011.882,MW,DE,DE_LU,actual_offshore_wind_generation,Wind Offshore,2026-08-26T15:33:13Z
2026-08-26T15:27:09Z,2026-08-26T17:27:09+0200,ec44fe02-3364-422b-92bd-0daf191e06d6,2026-08-17T23:15:00Z,2026-08-18T01:15:00+0200,2036.214,MW,DE,DE_LU,actual_offshore_wind_generation,Wind Offshore,2026-08-26T15:33:13Z
2026-08-26T15:27:09Z,2026-08-26T17:27:09+0200,ec44fe02-3364-422b-92bd-0daf191e06d6,2026-08-17T23:30:00Z,2026-08-18T01:30:00+0200,2023.675,MW,DE,DE_LU,actual_offshore_wind_generation,Wind Offshore,2026-08-26T15:33:13Z
2026-08-26T15:27:09Z,2026-08-26T17:27:09+0200,ec44fe02-3364-422b-92bd-0daf191e06d6,2026-08-17T23:45:00Z,2026-08-18T01:45:00+0200,1959.946,MW,DE,DE_LU,actual_offshore_wind_generation,Wind Offshore,2026-08-26T15:33:13Z
2026-08-26T15:27:09Z,2026-08-26T17:27:09+0200,ec44fe02-3364-422b-92bd-0daf191e06d6,2026-08-18T00:00:00Z,2026-08-18T02:00:00+0200,1825.911,MW,DE,DE_LU,actual_offshore_wind_generation,Wind Offshore,2026-08-26T15:33:13Z
2026-08-26T15:27:09Z,2026-08-26T17:27:09+0200,ec44fe02-3364-422b-92bd-0daf191e06d6,2026-08-18T00:15:00Z,2026-08-18T02:15:00+0200,1741.829,MW,DE,DE_LU,actual_offshore_wind_generation,Wind Offshore,2026-08-26T15:33:13Z
2026-08-26T15:27:09Z,2026-08-26T17:27:09+0200,ec44fe02-3364-422b-92bd-0daf191e06d6,2026-08-18T00:30:00Z,2026-08-18T02:30:00+0200,1637.398,MW,DE,DE_LU,actual_offshore_wind_generation,Wind Offshore,2026-08-26T15:33:13Z
2026-08-26T15:27:09Z,2026-08-26T17:27:09+0200,ec44fe02-3364-422b-92bd-0daf191e06d6,2026-08-18T00:45:00Z,2026-08-18T02:45:00+0200,1537.766,MW,DE,DE_LU,actual_offshore_wind_generation,Wind Offshore,2026-08-26T15:33:13Z
2026-08-26T15:27:09Z,2026-08-26T17:27:09+0200,ec44fe02-3364-422b-92bd-0daf191e06d6,2026-08-18T01:00:00Z,2026-08-18T03:00:00+0200,1481.782,MW,DE,DE_LU,actual_offshore_wind_generation,Wind Offshore,2026-08-26T15:33:13Z
2026-08-26T15:27:09Z,2026-08-26T17:27:09+0200,ec44fe02-3364-422b-92bd-0daf191e06d6,2026-08-18T01:15:00Z,2026-08-18T03:15:00+0200,1473.665,MW,DE,DE_LU,actual_offshore_wind_generation,Wind Offshore,2026-08-26T15:33:13Z
2026-08-26T15:27:09Z,2026-08-26T17:27:09+0200,ec44fe02-3364-422b-92bd-0daf191e06d6,2026-08-18T01:30:00Z,2026-08-18T03:30:00+0200,1437.937,MW,DE,DE_LU,actual_offshore_wind_generation,Wind Offshore,2026-08-26T15:33:13Z
2026-08-26T15:27:09Z,2026-08-26T17:27:09+0200,ec44fe02-3364-422b-92bd-0daf191e06d6,2026-08-18T01:45:00Z,2026-08-18T03:45:00+0200,1318.926,MW,DE,DE_LU,actual_offshore_wind_generation,Wind Offshore,2026-08-26T15:33:13Z
2026-08-26T15:27:09Z,2026-08-26T17:27:09+0200,ec44fe02-3364-422b-92bd-0daf191e06d6,2026-08-18T02:00:00Z,2026-08-18T04:00:00+0200,1199.946,MW,DE,DE_LU,actual_offshore_wind_generation,Wind Offshore,2026-08-26T15:33:13Z
2026-08-26T15:27:09Z,2026-08-26T17:27:09+0200,ec44fe02-3364-422b-92bd-0daf191e06d6,2026-08-18T02:15:00Z,2026-08-18T04:15:00+0200,1111.966,MW,DE,DE_LU,actual_offshore_wind_generation,Wind Offshore,2026-08-26T15:33:13Z
2026-08-26T15:27:09Z,2026-08-26T17:27:09+0200,ec44fe02-3364-422b-92bd-0daf191e06d6,2026-08-18T02:30:00Z,2026-08-18T04:30:00+0200,1045.04,MW,DE,DE_LU,actual_offshore_wind_generation,Wind Offshore,2026-08-26T15:33:13Z
2026-08-26T15:27:09Z,2026-08-26T17:27:09+0200,ec44fe02-3364-422b-92bd-0daf191e06d6,2026-08-18T02:45:00Z,2026-08-18T04:45:00+0200,1003.488,MW,DE,DE_LU,actual_offshore_wind_generation,Wind Offshore,2026-08-26T15:33:13Z
2026-08-26T15:27:09Z,2026-08-26T17:27:09+0200,ec44fe02-3364-422b-92bd-0daf191e06d6,2026-08-18T03:00:00Z,2026-08-18T05:00:00+0200,952.967,MW,DE,DE_LU,actual_offshore_wind_generation,Wind Offshore,2026-08-26T15:33:13Z
2026-08-26T15:27:09Z,2026-08-26T17:27:09+0200,ec44fe02-3364-422b-92bd-0daf191e06d6,2026-08-18T03:15:00Z,2026-08-18T05:15:00+0200,907.085,MW,DE,DE_LU,actual_offshore_wind_generation,Wind Offshore,2026-08-26T15:33:13Z
2026-08-26T15:27:09Z,2026-08-26T17:27:09+0200,ec44fe02-3364-422b-92bd-0daf191e06d6,2026-08-18T03:30:00Z,2026-08-18T05:30:00+0200,865.923,MW,DE,DE_LU,actual_offshore_wind_generation,Wind Offshore,2026-08-26T15:33:13Z
2026-08-26T15:27:09Z,2026-08-26T17:27:09+0200,ec44fe02-3364-422b-92bd-0daf191e06d6,2026-08-18T03:45:00Z,2026-08-18T05:45:00+0200,808.548,MW,DE,DE_LU,actual_offshore_wind_generation,Wind Offshore,2026-08-26T15:33:13Z
2026-08-26T15:27:09Z,2026-08-26T17:27:09+0200,ec44fe02-3364-422b-92bd-0daf191e06d6,2026-08-18T04:00:00Z,2026-08-18T06:00:00+0200,743.904,MW,DE,DE_LU,actual_offshore_wind_generation,Wind Offshore,2026-08-26T15:33:13Z
2026-08-26T15:27:09Z,2026-08-26T17:27:09+0200,ec44fe02-3364-422b-92bd-0daf191e06d6,2026-08-18T04:15:00Z,2026-08-18T06:15:00+0200,710.937,MW,DE,DE_LU,actual_offshore_wind_generation,Wind Offshore,2026-08-26T15:33:13Z
2026-08-26T15:27:09Z,2026-08-26T17:27:09+0200,ec44fe02-3364-422b-92bd-0daf191e06d6,2026-08-18T04:30:00Z,2026-08-18T06:30:00+0200,698.289,MW,DE,DE_LU,actual_offshore_wind_generation,Wind Offshore,2026-08-26T15:33:13Z
2026-08-26T15:27:09Z,2026-08-26T17:27:09+0200,ec44fe02-3364-422b-92bd-0daf191e06d6,2026-08-18T04:45:00Z,2026-08-18T06:45:00+0200,721.626,MW,DE,DE_LU,actual_offshore_wind_generation,Wind Offshore,2026-08-26T15:33:13Z
2026-08-26T15:27:09Z,2026-08-26T17:27:09+0200,ec44fe02-3364-422b-92bd-0daf191e06d6,2026-08-18T05:00:00Z,2026-08-18T07:00:00+0200,744.565,MW,DE,DE_LU,actual_offshore_wind_generation,Wind Offshore,2026-08-26T15:33:13Z
2026-08-26T15:27:09Z,2026-08-26T17:27:09+0200,ec44fe02-3364-422b-92bd-0daf191e06d6,2026-08-18T05:15:00Z,2026-08-18T07:15:00+0200,712.905,MW,DE,DE_LU,actual_offshore_wind_generation,Wind Offshore,2026-08-26T15:33:13Z
2026-08-26T15:27:09Z,2026-08-26T17:27:09+0200,ec44fe02-3364-422b-92bd-0daf191e06d6,2026-08-18T05:30:00Z,2026-08-18T07:30:00+0200,659.901,MW,DE,DE_LU,actual_offshore_wind_generation,Wind Offshore,2026-08-26T15:33:13Z
2026-08-26T15:27:09Z,2026-08-26T17:27:09+0200,ec44fe02-3364-422b-92bd-0daf191e06d6,2026-08-18T05:45:00Z,2026-08-18T07:45:00+0200,594.448,MW,DE,DE_LU,actual_offshore_wind_generation,Wind Offshore,2026-08-26T15:33:13Z
2026-08-26T15:27:09Z,2026-08-26T17:27:09+0200,ec44fe02-3364-422b-92bd-0daf191e06d6,2026-08-18T06:00:00Z,2026-08-18T08:00:00+0200,575.096,MW,DE,DE_LU,actual_offshore_wind_generation,Wind Offshore,2026-08-26T15:33:13Z
2026-08-26T15:27:09Z,2026-08-26T17:27:09+0200,ec44fe02-3364-422b-92bd-0daf191e06d6,2026-08-18T06:15:00Z,2026-08-18T08:15:00+0200,552.884,MW,DE,DE_LU,actual_offshore_wind_generation,Wind Offshore,2026-08-26T15:33:13Z
2026-08-26T15:27:09Z,2026-08-26T17:27:09+0200,ec44fe02-3364-422b-92bd-0daf191e06d6,2026-08-18T06:30:00Z,2026-08-18T08:30:00+0200,566.746,MW,DE,DE_LU,actual_offshore_wind_generation,Wind Offshore,2026-08-26T15:33:13Z
2026-08-26T15:27:09Z,2026-08-26T17:27:09+0200,ec44fe02-3364-422b-92bd-0daf191e06d6,2026-08-18T06:45:00Z,2026-08-18T08:45:00+0200,624.658,MW,DE,DE_LU,actual_offshore_wind_generation,Wind Offshore,2026-08-26T15:33:13Z
2026-08-26T15:27:09Z,2026-08-26T17:27:09+0200,ec44fe02-3364-422b-92bd-0daf191e06d6,2026-08-18T07:00:00Z,2026-08-18T09:00:00+0200,642.0,MW,DE,DE_LU,actual_offshore_wind_generation,Wind Offshore,2026-08-26T15:33:13Z
2026-08-26T15:27:09Z,2026-08-26T17:27:09+0200,ec44fe02-3364-422b-92bd-0daf191e06d6,2026-08-18T07:15:00Z,2026-08-18T09:15:00+0200,634.654,MW,DE,DE_LU,actual_offshore_wind_generation,Wind Offshore,2026-08-26T15:33:13Z
2026-08-26T15:27:09Z,2026-08-26T17:27:09+0200,ec44fe02-3364-422b-92bd-0daf191e06d6,2026-08-18T07:30:00Z,2026-08-18T09:30:00+0200,647.412,MW,DE,DE_LU,actual_offshore_wind_generation,Wind Offshore,2026-08-26T15:33:13Z
2026-08-26T15:27:09Z,2026-08-26T17:27:09+0200,ec44fe02-3364-422b-92bd-0daf191e06d6,2026-08-18T07:45:00Z,2026-08-18T09:45:00+0200,696.172,MW,DE,DE_LU,actual_offshore_wind_generation,Wind Offshore,2026-08-26T15:33:13Z
2026-08-26T15:27:09Z,2026-08-26T17:27:09+0200,ec44fe02-3364-422b-92bd-0daf191e06d6,2026-08-18T08:00:00Z,2026-08-18T10:00:00+0200,739.301,MW,DE,DE_LU,actual_offshore_wind_generation,Wind Offshore,2026-08-26T15:33:13Z
2026-08-26T15:27:09Z,2026-08-26T17:27:09+0200,ec44fe02-3364-422b-92bd-0daf191e06d6,2026-08-18T08:15:00Z,2026-08-18T10:15:00+0200,779.27,MW,DE,DE_LU,actual_offshore_wind_generation,Wind Offshore,2026-08-26T15:33:13Z
2026-08-26T15:27:09Z,2026-08-26T17:27:09+0200,ec44fe02-3364-422b-92bd-0daf191e06d6,2026-08-18T08:30:00Z,2026-08-18T10:30:00+0200,759.397,MW,DE,DE_LU,actual_offshore_wind_generation,Wind Offshore,2026-08-26T15:33:13Z
2026-08-26T15:27:09Z,2026-08-26T17:27:09+0200,ec44fe02-3364-422b-92bd-0daf191e06d6,2026-08-18T08:45:00Z,2026-08-18T10:45:00+0200,701.833,MW,DE,DE_LU,actual_offshore_wind_generation,Wind Offshore,2026-08-26T15:33:13Z
2026-08-26T15:27:09Z,2026-08-26T17:27:09+0200,ec44fe02-3364-422b-92bd-0daf191e06d6,2026-08-18T09:00:00Z,2026-08-18T11:00:00+0200,695.126,MW,DE,DE_LU,actual_offshore_wind_generation,Wind Offshore,2026-08-26T15:33:13Z
2026-08-26T15:27:09Z,2026-08-26T17:27:09+0200,ec44fe02-3364-422b-92bd-0daf191e06d6,2026-08-18T09:15:00Z,2026-08-18T11:15:00+0200,698.551,MW,DE,DE_LU,actual_offshore_wind_generation,Wind Offshore,2026-08-26T15:33:13Z
2026-08-26T15:27:09Z,2026-08-26T17:27:09+0200,ec44fe02-3364-422b-92bd-0daf191e06d6,2026-08-18T09:30:00Z,2026-08-18T11:30:00+0200,822.695,MW,DE,DE_LU,actual_offshore_wind_generation,Wind Offshore,2026-08-26T15:33:13Z
2026-08-26T15:27:09Z,2026-08-26T17:27:09+0200,ec44fe02-3364-422b-92bd-0daf191e06d6,2026-08-18T09:45:00Z,2026-08-18T11:45:00+0200,970.233,MW,DE,DE_LU,actual_offshore_wind_generation,Wind Offshore,2026-08-26T15:33:13Z
2026-08-26T15:27:09Z,2026-08-26T17:27:09+0200,ec44fe02-3364-422b-92bd-0daf191e06d6,2026-08-18T10:00:00Z,2026-08-18T12:00:00+0200,1024.066,MW,DE,DE_LU,actual_offshore_wind_generation,Wind Offshore,2026-08-26T15:33:13Z
2026-08-26T15:27:09Z,2026-08-26T17:27:09+0200,ec44fe02-3364-422b-92bd-0daf191e06d6,2026-08-18T10:15:00Z,2026-08-18T12:15:00+0200,1051.763,MW,DE,DE_LU,actual_offshore_wind_generation,Wind Offshore,2026-08-26T15:33:13Z
2026-08-26T15:27:09Z,2026-08-26T17:27:09+0200,ec44fe02-3364-422b-92bd-0daf191e06d6,2026-08-18T10:30:00Z,2026-08-18T12:30:00+0200,1187.84,MW,DE,DE_LU,actual_offshore_wind_generation,Wind Offshore,2026-08-26T15:33:13Z
2026-08-26T15:27:09Z,2026-08-26T17:27:09+0200,ec44fe02-3364-422b-92bd-0daf191e06d6,2026-08-18T10:45:00Z,2026-08-18T12:45:00+0200,1333.308,MW,DE,DE_LU,actual_offshore_wind_generation,Wind Offshore,2026-08-26T15:33:13Z
2026-08-26T15:27:09Z,2026-08-26T17:27:09+0200,ec44fe02-3364-422b-92bd-0daf191e06d6,2026-08-18T11:00:00Z,2026-08-18T13:00:00+0200,1538.062,MW,DE,DE_LU,actual_offshore_wind_generation,Wind Offshore,2026-08-26T15:33:13Z
2026-08-26T15:27:09Z,2026-08-26T17:27:09+0200,ec44fe02-3364-422b-92bd-0daf191e06d6,2026-08-18T11:15:00Z,2026-08-18T13:15:00+0200,1464.384,MW,DE,DE_LU,actual_offshore_wind_generation,Wind Offshore,2026-08-26T15:33:13Z
2026-08-26T15:27:09Z,2026-08-26T17:27:09+0200,ec44fe02-3364-422b-92bd-0daf191e06d6,2026-08-18T11:30:00Z,2026-08-18T13:30:00+0200,1451.571,MW,DE,DE_LU,actual_offshore_wind_generation,Wind Offshore,2026-08-26T15:33:13Z
2026-08-26T15:27:09Z,2026-08-26T17:27:09+0200,ec44fe02-3364-422b-92bd-0daf191e06d6,2026-08-18T11:45:00Z,2026-08-18T13:45:00+0200,1480.221,MW,DE,DE_LU,actual_offshore_wind_generation,Wind Offshore,2026-08-26T15:33:13Z
2026-08-26T15:27:09Z,2026-08-26T17:27:09+0200,ec44fe02-3364-422b-92bd-0daf191e06d6,2026-08-18T12:00:00Z,2026-08-18T14:00:00+0200,1608.184,MW,DE,DE_LU,actual_offshore_wind_generation,Wind Offshore,2026-08-26T15:33:13Z
2026-08-26T15:27:09Z,2026-08-26T17:27:09+0200,ec44fe02-3364-422b-92bd-0daf191e06d6,2026-08-18T12:15:00Z,2026-08-18T14:15:00+0200,1693.526,MW,DE,DE_LU,actual_offshore_wind_generation,Wind Offshore,2026-08-26T15:33:13Z
2026-08-26T15:27:09Z,2026-08-26T17:27:09+0200,ec44fe02-3364-422b-92bd-0daf191e06d6,2026-08-18T12:30:00Z,2026-08-18T14:30:00+0200,1741.688,MW,DE,DE_LU,actual_offshore_wind_generation,Wind Offshore,2026-08-26T15:33:13Z
2026-08-26T15:27:09Z,2026-08-26T17:27:09+0200,ec44fe02-3364-422b-92bd-0daf191e06d6,2026-08-18T12:45:00Z,2026-08-18T14:45:00+0200,1705.451,MW,DE,DE_LU,actual_offshore_wind_generation,Wind Offshore,2026-08-26T15:33:13Z
2026-08-26T15:27:09Z,2026-08-26T17:27:09+0200,ec44fe02-3364-422b-92bd-0daf191e06d6,2026-08-18T13:00:00Z,2026-08-18T15:00:00+0200,1589.374,MW,DE,DE_LU,actual_offshore_wind_generation,Wind Offshore,2026-08-26T15:33:13Z
2026-08-26T15:27:09Z,2026-08-26T17:27:09+0200,ec44fe02-3364-422b-92bd-0daf191e06d6,2026-08-18T13:15:00Z,2026-08-18T15:15:00+0200,1467.284,MW,DE,DE_LU,actual_offshore_wind_generation,Wind Offshore,2026-08-26T15:33:13Z
2026-08-26T15:27:09Z,2026-08-26T17:27:09+0200,ec44fe02-3364-422b-92bd-0daf191e06d6,2026-08-18T13:30:00Z,2026-08-18T15:30:00+0200,1395.231,MW,DE,DE_LU,actual_offshore_wind_generation,Wind Offshore,2026-08-26T15:33:13Z
2026-08-26T15:27:09Z,2026-08-26T17:27:09+0200,ec44fe02-3364-422b-92bd-0daf191e06d6,2026-08-18T13:45:00Z,2026-08-18T15:45:00+0200,1370.184,MW,DE,DE_LU,actual_offshore_wind_generation,Wind Offshore,2026-08-26T15:33:13Z
2026-08-26T15:27:09Z,2026-08-26T17:27:09+0200,ec44fe02-3364-422b-92bd-0daf191e06d6,2026-08-18T14:00:00Z,2026-08-18T16:00:00+0200,1402.573,MW,DE,DE_LU,actual_offshore_wind_generation,Wind Offshore,2026-08-26T15:33:13Z
2026-08-26T15:27:09Z,2026-08-26T17:27:09+0200,ec44fe02-3364-422b-92bd-0daf191e06d6,2026-08-18T14:15:00Z,2026-08-18T16:15:00+0200,1388.08,MW,DE,DE_LU,actual_offshore_wind_generation,Wind Offshore,2026-08-26T15:33:13Z
2026-08-26T15:27:09Z,2026-08-26T17:27:09+0200,ec44fe02-3364-422b-92bd-0daf191e06d6,2026-08-18T14:30:00Z,2026-08-18T16:30:00+0200,1554.115,MW,DE,DE_LU,actual_offshore_wind_generation,Wind Offshore,2026-08-26T15:33:13Z
2026-08-26T15:27:09Z,2026-08-26T17:27:09+0200,ec44fe02-3364-422b-92bd-0daf191e06d6,2026-08-18T14:45:00Z,2026-08-18T16:45:00+0200,1754.961,MW,DE,DE_LU,actual_offshore_wind_generation,Wind Offshore,2026-08-26T15:33:13Z
2026-08-26T15:27:09Z,2026-08-26T17:27:09+0200,ec44fe02-3364-422b-92bd-0daf191e06d6,2026-08-18T15:00:00Z,2026-08-18T17:00:00+0200,1781.256,MW,DE,DE_LU,actual_offshore_wind_generation,Wind Offshore,2026-08-26T15:33:13Z
2026-08-26T15:27:09Z,2026-08-26T17:27:09+0200,ec44fe02-3364-422b-92bd-0daf191e06d6,2026-08-18T15:15:00Z,2026-08-18T17:15:00+0200,1869.134,MW,DE,DE_LU,actual_offshore_wind_generation,Wind Offshore,2026-08-26T15:33:13Z
2026-08-26T15:27:09Z,2026-08-26T17:27:09+0200,ec44fe02-3364-422b-92bd-0daf191e06d6,2026-08-18T15:30:00Z,2026-08-18T17:30:00+0200,2093.299,MW,DE,DE_LU,actual_offshore_wind_generation,Wind Offshore,2026-08-26T15:33:13Z
2026-08-26T15:27:09Z,2026-08-26T17:27:09+0200,ec44fe02-3364-422b-92bd-0daf191e06d6,2026-08-18T15:45:00Z,2026-08-18T17:45:00+0200,2391.987,MW,DE,DE_LU,actual_offshore_wind_generation,Wind Offshore,2026-08-26T15:33:13Z
2026-08-26T15:27:09Z,2026-08-26T17:27:09+0200,ec44fe02-3364-422b-92bd-0daf191e06d6,2026-08-18T16:00:00Z,2026-08-18T18:00:00+0200,2623.304,MW,DE,DE_LU,actual_offshore_wind_generation,Wind Offshore,2026-08-26T15:33:13Z
2026-08-26T15:27:09Z,2026-08-26T17:27:09+0200,ec44fe02-3364-422b-92bd-0daf191e06d6,2026-08-18T16:15:00Z,2026-08-18T18:15:00+0200,2695.46,MW,DE,DE_LU,actual_offshore_wind_generation,Wind Offshore,2026-08-26T15:33:13Z
2026-08-26T15:27:09Z,2026-08-26T17:27:09+0200,ec44fe02-3364-422b-92bd-0daf191e06d6,2026-08-18T16:30:00Z,2026-08-18T18:30:00+0200,2620.654,MW,DE,DE_LU,actual_offshore_wind_generation,Wind Offshore,2026-08-26T15:33:13Z
2026-08-26T15:27:09Z,2026-08-26T17:27:09+0200,ec44fe02-3364-422b-92bd-0daf191e06d6,2026-08-18T16:45:00Z,2026-08-18T18:45:00+0200,2707.396,MW,DE,DE_LU,actual_offshore_wind_generation,Wind Offshore,2026-08-26T15:33:13Z
2026-08-26T15:27:09Z,2026-08-26T17:27:09+0200,ec44fe02-3364-422b-92bd-0daf191e06d6,2026-08-18T17:00:00Z,2026-08-18T19:00:00+0200,2711.199,MW,DE,DE_LU,actual_offshore_wind_generation,Wind Offshore,2026-08-26T15:33:13Z
2026-08-26T15:27:09Z,2026-08-26T17:27:09+0200,ec44fe02-3364-422b-92bd-0daf191e06d6,2026-08-18T17:15:00Z,2026-08-18T19:15:00+0200,2544.204,MW,DE,DE_LU,actual_offshore_wind_generation,Wind Offshore,2026-08-26T15:33:13Z
2026-08-26T15:27:09Z,2026-08-26T17:27:09+0200,ec44fe02-3364-422b-92bd-0daf191e06d6,2026-08-18T17:30:00Z,2026-08-18T19:30:00+0200,2361.157,MW,DE,DE_LU,actual_offshore_wind_generation,Wind Offshore,2026-08-26T15:33:13Z
2026-08-26T15:27:09Z,2026-08-26T17:27:09+0200,ec44fe02-3364-422b-92bd-0daf191e06d6,2026-08-18T17:45:00Z,2026-08-18T19:45:00+0200,2176.85,MW,DE,DE_LU,actual_offshore_wind_generation,Wind Offshore,2026-08-26T15:33:13Z
2026-08-26T15:27:09Z,2026-08-26T17:27:09+0200,ec44fe02-3364-422b-92bd-0daf191e06d6,2026-08-18T18:00:00Z,2026-08-18T20:00:00+0200,1987.962,MW,DE,DE_LU,actual_offshore_wind_generation,Wind Offshore,2026-08-26T15:33:13Z
2026-08-26T15:27:09Z,2026-08-26T17:27:09+0200,ec44fe02-3364-422b-92bd-0daf191e06d6,2026-08-18T18:15:00Z,2026-08-18T20:15:00+0200,1820.001,MW,DE,DE_LU,actual_offshore_wind_generation,Wind Offshore,2026-08-26T15:33:13Z
2026-08-26T15:27:09Z,2026-08-26T17:27:09+0200,ec44fe02-3364-422b-92bd-0daf191e06d6,2026-08-18T18:30:00Z,2026-08-18T20:30:00+0200,1691.125,MW,DE,DE_LU,actual_offshore_wind_generation,Wind Offshore,2026-08-26T15:33:13Z
2026-08-26T15:27:09Z,2026-08-26T17:27:09+0200,ec44fe02-3364-422b-92bd-0daf191e06d6,2026-08-18T18:45:00Z,2026-08-18T20:45:00+0200,1703.826,MW,DE,DE_LU,actual_offshore_wind_generation,Wind Offshore,2026-08-26T15:33:13Z
2026-08-26T15:27:09Z,2026-08-26T17:27:09+0200,ec44fe02-3364-422b-92bd-0daf191e06d6,2026-08-18T19:00:00Z,2026-08-18T21:00:00+0200,1883.257,MW,DE,DE_LU,actual_offshore_wind_generation,Wind Offshore,2026-08-26T15:33:13Z
2026-08-26T15:27:09Z,2026-08-26T17:27:09+0200,ec44fe02-3364-422b-92bd-0daf191e06d6,2026-08-18T19:15:00Z,2026-08-18T21:15:00+0200,2109.794,MW,DE,DE_LU,actual_offshore_wind_generation,Wind Offshore,2026-08-26T15:33:13Z
2026-08-26T15:27:09Z,2026-08-26T17:27:09+0200,ec44fe02-3364-422b-92bd-0daf191e06d6,2026-08-18T19:30:00Z,2026-08-18T21:30:00+0200,2338.073,MW,DE,DE_LU,actual_offshore_wind_generation,Wind Offshore,2026-08-26T15:33:13Z
2026-08-26T15:27:09Z,2026-08-26T17:27:09+0200,ec44fe02-3364-422b-92bd-0daf191e06d6,2026-08-18T19:45:00Z,2026-08-18T21:45:00+0200,2384.177,MW,DE,DE_LU,actual_offshore_wind_generation,Wind Offshore,2026-08-26T15:33:13Z
2026-08-26T15:27:09Z,2026-08-26T17:27:09+0200,ec44fe02-3364-422b-92bd-0daf191e06d6,2026-08-18T20:00:00Z,2026-08-18T22:00:00+0200,2246.377,MW,DE,DE_LU,actual_offshore_wind_generation,Wind Offshore,2026-08-26T15:33:13Z
2026-08-26T15:27:09Z,2026-08-26T17:27:09+0200,ec44fe02-3364-422b-92bd-0daf191e06d6,2026-08-18T20:15:00Z,2026-08-18T22:15:00+0200,2218.53,MW,DE,DE_LU,actual_offshore_wind_generation,Wind Offshore,2026-08-26T15:33:13Z
2026-08-26T15:27:09Z,2026-08-26T17:27:09+0200,ec44fe02-3364-422b-92bd-0daf191e06d6,2026-08-18T20:30:00Z,2026-08-18T22:30:00+0200,2158.165,MW,DE,DE_LU,actual_offshore_wind_generation,Wind Offshore,2026-08-26T15:33:13Z
2026-08-26T15:27:09Z,2026-08-26T17:27:09+0200,ec44fe02-3364-422b-92bd-0daf191e06d6,2026-08-18T20:45:00Z,2026-08-18T22:45:00+0200,2089.197,MW,DE,DE_LU,actual_offshore_wind_generation,Wind Offshore,2026-08-26T15:33:13Z
2026-08-26T15:27:09Z,2026-08-26T17:27:09+0200,ec44fe02-3364-422b-92bd-0daf191e06d6,2026-08-18T21:00:00Z,2026-08-18T23:00:00+0200,2173.123,MW,DE,DE_LU,actual_offshore_wind_generation,Wind Offshore,2026-08-26T15:33:13Z
2026-08-26T15:27:09Z,2026-08-26T17:27:09+0200,ec44fe02-3364-422b-92bd-0daf191e06d6,2026-08-18T21:15:00Z,2026-08-18T23:15:00+0200,2232.883,MW,DE,DE_LU,actual_offshore_wind_generation,Wind Offshore,2026-08-26T15:33:13Z
2026-08-26T15:27:09Z,2026-08-26T17:27:09+0200,ec44fe02-3364-422b-92bd-0daf191e06d6,2026-08-18T21:30:00Z,2026-08-18T23:30:00+0200,2276.454,MW,DE,DE_LU,actual_offshore_wind_generation,Wind Offshore,2026-08-26T15:33:13Z
2026-08-26T15:27:09Z,2026-08-26T17:27:09+0200,ec44fe02-3364-422b-92bd-0daf191e06d6,2026-08-18T21:45:00Z,2026-08-18T23:45:00+0200,2290.037,MW,DE,DE_LU,actual_offshore_wind_generation,Wind Offshore,2026-08-26T15:33:13Z
2026-08-26T15:27:09Z,2026-08-26T17:27:09+0200,ec44fe02-3364-422b-92bd-0daf191e06d6,2026-08-18T22:00:00Z,2026-08-19T00:00:00+0200,2132.763,MW,DE,DE_LU,actual_offshore_wind_generation,Wind Offshore,2026-08-26T15:33:13Z
2026-08-26T15:27:09Z,2026-08-26T17:27:09+0200,ec44fe02-3364-422b-92bd-0daf191e06d6,2026-08-18T22:15:00Z,2026-08-19T00:15:00+0200,1970.205,MW,DE,DE_LU,actual_offshore_wind_generation,Wind Offshore,2026-08-26T15:33:13Z
2026-08-26T15:27:09Z,2026-08-26T17:27:09+0200,ec44fe02-3364-422b-92bd-0daf191e06d6,2026-08-18T22:30:00Z,2026-08-19T00:30:00+0200,2113.055,MW,DE,DE_LU,actual_offshore_wind_generation,Wind Offshore,2026-08-26T15:33:13Z
2026-08-26T15:27:09Z,2026-08-26T17:27:09+0200,ec44fe02-3364-422b-92bd-0daf191e06d6,2026-08-18T22:45:00Z,2026-08-19T00:45:00+0200,2426.264,MW,DE,DE_LU,actual_offshore_wind_generation,Wind Offshore,2026-08-26T15:33:13Z
2026-08-26T15:27:09Z,2026-08-26T17:27:09+0200,ec44fe02-3364-422b-92bd-0daf191e06d6,2026-08-18T23:00:00Z,2026-08-19T01:00:00+0200,2766.153,MW,DE,DE_LU,actual_offshore_wind_generation,Wind Offshore,2026-08-26T15:33:13Z
2026-08-26T15:27:09Z,2026-08-26T17:27:09+0200,ec44fe02-3364-422b-92bd-0daf191e06d6,2026-08-18T23:15:00Z,2026-08-19T01:15:00+0200,2688.946,MW,DE,DE_LU,actual_offshore_wind_generation,Wind Offshore,2026-08-26T15:33:13Z
2026-08-26T15:27:09Z,2026-08-26T17:27:09+0200,ec44fe02-3364-422b-92bd-0daf191e06d6,2026-08-18T23:30:00Z,2026-08-19T01:30:00+0200,2561.241,MW,DE,DE_LU,actual_offshore_wind_generation,Wind Offshore,2026-08-26T15:33:13Z
2026-08-26T15:27:09Z,2026-08-26T17:27:09+0200,ec44fe02-3364-422b-92bd-0daf191e06d6,2026-08-18T23:45:00Z,2026-08-19T01:45:00+0200,2581.623,MW,DE,DE_LU,actual_offshore_wind_generation,Wind Offshore,2026-08-26T15:33:13Z
2026-08-26T15:27:09Z,2026-08-26T17:27:09+0200,ec44fe02-3364-422b-92bd-0daf191e06d6,2026-08-19T00:00:00Z,2026-08-19T02:00:00+0200,2561.455,MW,DE,DE_LU,actual_offshore_wind_generation,Wind Offshore,2026-08-26T15:33:13Z
2026-08-26T15:27:09Z,2026-08-26T17:27:09+0200,ec44fe02-3364-422b-92bd-0daf191e06d6,2026-08-19T00:15:00Z,2026-08-19T02:15:00+0200,2667.959,MW,DE,DE_LU,actual_offshore_wind_generation,Wind Offshore,2026-08-26T15:33:13Z
2026-08-26T15:27:09Z,2026-08-26T17:27:09+0200,ec44fe02-3364-422b-92bd-0daf191e06d6,2026-08-19T00:30:00Z,2026-08-19T02:30:00+0200,2912.62,MW,DE,DE_LU,actual_offshore_wind_generation,Wind Offshore,2026-08-26T15:33:13Z
2026-08-26T15:27:09Z,2026-08-26T17:27:09+0200,ec44fe02-3364-422b-92bd-0daf191e06d6,2026-08-19T00:45:00Z,2026-08-19T02:45:00+0200,2943.443,MW,DE,DE_LU,actual_offshore_wind_generation,Wind Offshore,2026-08-26T15:33:13Z
2026-08-26T15:27:09Z,2026-08-26T17:27:09+0200,ec44fe02-3364-422b-92bd-0daf191e06d6,2026-08-19T01:00:00Z,2026-08-19T03:00:00+0200,2994.764,MW,DE,DE_LU,actual_offshore_wind_generation,Wind Offshore,2026-08-26T15:33:13Z
2026-08-26T15:27:09Z,2026-08-26T17:27:09+0200,ec44fe02-3364-422b-92bd-0daf191e06d6,2026-08-19T01:15:00Z,2026-08-19T03:15:00+0200,2892.891,MW,DE,DE_LU,actual_offshore_wind_generation,Wind Offshore,2026-08-26T15:33:13Z
2026-08-26T15:27:09Z,2026-08-26T17:27:09+0200,ec44fe02-3364-422b-92bd-0daf191e06d6,2026-08-19T01:30:00Z,2026-08-19T03:30:00+0200,2839.425,MW,DE,DE_LU,actual_offshore_wind_generation,Wind Offshore,2026-08-26T15:33:13Z
2026-08-26T15:27:09Z,2026-08-26T17:27:09+0200,ec44fe02-3364-422b-92bd-0daf191e06d6,2026-08-19T01:45:00Z,2026-08-19T03:45:00+0200,2705.244,MW,DE,DE_LU,actual_offshore_wind_generation,Wind Offshore,2026-08-26T15:33:13Z
2026-08-26T15:27:09Z,2026-08-26T17:27:09+0200,ec44fe02-3364-422b-92bd-0daf191e06d6,2026-08-19T02:00:00Z,2026-08-19T04:00:00+0200,2555.145,MW,DE,DE_LU,actual_offshore_wind_generation,Wind Offshore,2026-08-26T15:33:13Z
2026-08-26T15:27:09Z,2026-08-26T17:27:09+0200,ec44fe02-3364-422b-92bd-0daf191e06d6,2026-08-19T02:15:00Z,2026-08-19T04:15:00+0200,2644.771,MW,DE,DE_LU,actual_offshore_wind_generation,Wind Offshore,2026-08-26T15:33:13Z
2026-08-26T15:27:09Z,2026-08-26T17:27:09+0200,ec44fe02-3364-422b-92bd-0daf191e06d6,2026-08-19T02:30:00Z,2026-08-19T04:30:00+0200,3056.196,MW,DE,DE_LU,actual_offshore_wind_generation,Wind Offshore,2026-08-26T15:33:13Z
2026-08-26T15:27:09Z,2026-08-26T17:27:09+0200,ec44fe02-3364-422b-92bd-0daf191e06d6,2026-08-19T02:45:00Z,2026-08-19T04:45:00+0200,3281.184,MW,DE,DE_LU,actual_offshore_wind_generation,Wind Offshore,2026-08-26T15:33:13Z
2026-08-26T15:27:09Z,2026-08-26T17:27:09+0200,ec44fe02-3364-422b-92bd-0daf191e06d6,2026-08-19T03:00:00Z,2026-08-19T05:00:00+0200,3315.755,MW,DE,DE_LU,actual_offshore_wind_generation,Wind Offshore,2026-08-26T15:33:13Z
2026-08-26T15:27:09Z,2026-08-26T17:27:09+0200,ec44fe02-3364-422b-92bd-0daf191e06d6,2026-08-19T03:15:00Z,2026-08-19T05:15:00+0200,3271.842,MW,DE,DE_LU,actual_offshore_wind_generation,Wind Offshore,2026-08-26T15:33:13Z
2026-08-26T15:27:09Z,2026-08-26T17:27:09+0200,ec44fe02-3364-422b-92bd-0daf191e06d6,2026-08-19T03:30:00Z,2026-08-19T05:30:00+0200,3495.736,MW,DE,DE_LU,actual_offshore_wind_generation,Wind Offshore,2026-08-26T15:33:13Z
2026-08-26T15:27:09Z,2026-08-26T17:27:09+0200,ec44fe02-3364-422b-92bd-0daf191e06d6,2026-08-19T03:45:00Z,2026-08-19T05:45:00+0200,3702.805,MW,DE,DE_LU,actual_offshore_wind_generation,Wind Offshore,2026-08-26T15:33:13Z
2026-08-26T15:27:09Z,2026-08-26T17:27:09+0200,ec44fe02-3364-422b-92bd-0daf191e06d6,2026-08-19T04:00:00Z,2026-08-19T06:00:00+0200,3736.09,MW,DE,DE_LU,actual_offshore_wind_generation,Wind Offshore,2026-08-26T15:33:13Z
2026-08-26T15:27:09Z,2026-08-26T17:27:09+0200,ec44fe02-3364-422b-92bd-0daf191e06d6,2026-08-19T04:15:00Z,2026-08-19T06:15:00+0200,3839.322,MW,DE,DE_LU,actual_offshore_wind_generation,Wind Offshore,2026-08-26T15:33:13Z
2026-08-26T15:27:09Z,2026-08-26T17:27:09+0200,ec44fe02-3364-422b-92bd-0daf191e06d6,2026-08-19T04:30:00Z,2026-08-19T06:30:00+0200,3936.655,MW,DE,DE_LU,actual_offshore_wind_generation,Wind Offshore,2026-08-26T15:33:13Z
2026-08-26T15:27:09Z,2026-08-26T17:27:09+0200,ec44fe02-3364-422b-92bd-0daf191e06d6,2026-08-19T04:45:00Z,2026-08-19T06:45:00+0200,3880.42,MW,DE,DE_LU,actual_offshore_wind_generation,Wind Offshore,2026-08-26T15:33:13Z
2026-08-26T15:27:09Z,2026-08-26T17:27:09+0200,ec44fe02-3364-422b-92bd-0daf191e06d6,2026-08-19T05:00:00Z,2026-08-19T07:00:00+0200,4096.838,MW,DE,DE_LU,actual_offshore_wind_generation,Wind Offshore,2026-08-26T15:33:13Z
2026-08-26T15:27:09Z,2026-08-26T17:27:09+0200,ec44fe02-3364-422b-92bd-0daf191e06d6,2026-08-19T05:15:00Z,2026-08-19T07:15:00+0200,3736.436,MW,DE,DE_LU,actual_offshore_wind_generation,Wind Offshore,2026-08-26T15:33:13Z
2026-08-26T15:27:09Z,2026-08-26T17:27:09+0200,ec44fe02-3364-422b-92bd-0daf191e06d6,2026-08-19T05:30:00Z,2026-08-19T07:30:00+0200,3964.887,MW,DE,DE_LU,actual_offshore_wind_generation,Wind Offshore,2026-08-26T15:33:13Z
2026-08-26T15:27:09Z,2026-08-26T17:27:09+0200,ec44fe02-3364-422b-92bd-0daf191e06d6,2026-08-19T05:45:00Z,2026-08-19T07:45:00+0200,4257.688,MW,DE,DE_LU,actual_offshore_wind_generation,Wind Offshore,2026-08-26T15:33:13Z
2026-08-26T15:27:09Z,2026-08-26T17:27:09+0200,ec44fe02-3364-422b-92bd-0daf191e06d6,2026-08-19T06:00:00Z,2026-08-19T08:00:00+0200,4187.451,MW,DE,DE_LU,actual_offshore_wind_generation,Wind Offshore,2026-08-26T15:33:13Z
2026-08-26T15:27:09Z,2026-08-26T17:27:09+0200,ec44fe02-3364-422b-92bd-0daf191e06d6,2026-08-19T06:15:00Z,2026-08-19T08:15:00+0200,4578.739,MW,DE,DE_LU,actual_offshore_wind_generation,Wind Offshore,2026-08-26T15:33:13Z
2026-08-26T15:27:09Z,2026-08-26T17:27:09+0200,ec44fe02-3364-422b-92bd-0daf191e06d6,2026-08-19T06:30:00Z,2026-08-19T08:30:00+0200,4486.359,MW,DE,DE_LU,actual_offshore_wind_generation,Wind Offshore,2026-08-26T15:33:13Z
2026-08-26T15:27:09Z,2026-08-26T17:27:09+0200,ec44fe02-3364-422b-92bd-0daf191e06d6,2026-08-19T06:45:00Z,2026-08-19T08:45:00+0200,4301.646,MW,DE,DE_LU,actual_offshore_wind_generation,Wind Offshore,2026-08-26T15:33:13Z
2026-08-26T15:27:09Z,2026-08-26T17:27:09+0200,ec44fe02-3364-422b-92bd-0daf191e06d6,2026-08-19T07:00:00Z,2026-08-19T09:00:00+0200,4207.537,MW,DE,DE_LU,actual_offshore_wind_generation,Wind Offshore,2026-08-26T15:33:13Z
2026-08-26T15:27:09Z,2026-08-26T17:27:09+0200,ec44fe02-3364-422b-92bd-0daf191e06d6,2026-08-19T07:15:00Z,2026-08-19T09:15:00+0200,4397.171,MW,DE,DE_LU,actual_offshore_wind_generation,Wind Offshore,2026-08-26T15:33:13Z
2026-08-26T15:27:09Z,2026-08-26T17:27:09+0200,ec44fe02-3364-422b-92bd-0daf191e06d6,2026-08-19T07:30:00Z,2026-08-19T09:30:00+0200,4288.386,MW,DE,DE_LU,actual_offshore_wind_generation,Wind Offshore,2026-08-26T15:33:13Z
2026-08-26T15:27:09Z,2026-08-26T17:27:09+0200,ec44fe02-3364-422b-92bd-0daf191e06d6,2026-08-19T07:45:00Z,2026-08-19T09:45:00+0200,4251.915,MW,DE,DE_LU,actual_offshore_wind_generation,Wind Offshore,2026-08-26T15:33:13Z
2026-08-26T15:27:09Z,2026-08-26T17:27:09+0200,ec44fe02-3364-422b-92bd-0daf191e06d6,2026-08-19T08:00:00Z,2026-08-19T10:00:00+0200,4265.618,MW,DE,DE_LU,actual_offshore_wind_generation,Wind Offshore,2026-08-26T15:33:13Z
2026-08-26T15:27:09Z,2026-08-26T17:27:09+0200,ec44fe02-3364-422b-92bd-0daf191e06d6,2026-08-19T08:15:00Z,2026-08-19T10:15:00+0200,4270.439,MW,DE,DE_LU,actual_offshore_wind_generation,Wind Offshore,2026-08-26T15:33:13Z
2026-08-26T15:27:09Z,2026-08-26T17:27:09+0200,ec44fe02-3364-422b-92bd-0daf191e06d6,2026-08-19T08:30:00Z,2026-08-19T10:30:00+0200,3786.993,MW,DE,DE_LU,actual_offshore_wind_generation,Wind Offshore,2026-08-26T15:33:13Z
2026-08-26T15:27:09Z,2026-08-26T17:27:09+0200,ec44fe02-3364-422b-92bd-0daf191e06d6,2026-08-19T08:45:00Z,2026-08-19T10:45:00+0200,3389.709,MW,DE,DE_LU,actual_offshore_wind_generation,Wind Offshore,2026-08-26T15:33:13Z
2026-08-26T15:27:09Z,2026-08-26T17:27:09+0200,ec44fe02-3364-422b-92bd-0daf191e06d6,2026-08-19T09:00:00Z,2026-08-19T11:00:00+0200,3004.819,MW,DE,DE_LU,actual_offshore_wind_generation,Wind Offshore,2026-08-26T15:33:13Z
2026-08-26T15:27:09Z,2026-08-26T17:27:09+0200,ec44fe02-3364-422b-92bd-0daf191e06d6,2026-08-19T09:15:00Z,2026-08-19T11:15:00+0200,2889.208,MW,DE,DE_LU,actual_offshore_wind_generation,Wind Offshore,2026-08-26T15:33:13Z
2026-08-26T15:27:09Z,2026-08-26T17:27:09+0200,ec44fe02-3364-422b-92bd-0daf191e06d6,2026-08-19T09:30:00Z,2026-08-19T11:30:00+0200,3034.165,MW,DE,DE_LU,actual_offshore_wind_generation,Wind Offshore,2026-08-26T15:33:13Z
2026-08-26T15:27:09Z,2026-08-26T17:27:09+0200,ec44fe02-3364-422b-92bd-0daf191e06d6,2026-08-19T09:45:00Z,2026-08-19T11:45:00+0200,3099.782,MW,DE,DE_LU,actual_offshore_wind_generation,Wind Offshore,2026-08-26T15:33:13Z
2026-08-26T15:27:09Z,2026-08-26T17:27:09+0200,ec44fe02-3364-422b-92bd-0daf191e06d6,2026-08-19T10:00:00Z,2026-08-19T12:00:00+0200,3004.159,MW,DE,DE_LU,actual_offshore_wind_generation,Wind Offshore,2026-08-26T15:33:13Z
2026-08-26T15:27:09Z,2026-08-26T17:27:09+0200,ec44fe02-3364-422b-92bd-0daf191e06d6,2026-08-19T10:15:00Z,2026-08-19T12:15:00+0200,3131.181,MW,DE,DE_LU,actual_offshore_wind_generation,Wind Offshore,2026-08-26T15:33:13Z
2026-08-26T15:27:09Z,2026-08-26T17:27:09+0200,ec44fe02-3364-422b-92bd-0daf191e06d6,2026-08-19T10:30:00Z,2026-08-19T12:30:00+0200,3221.926,MW,DE,DE_LU,actual_offshore_wind_generation,Wind Offshore,2026-08-26T15:33:13Z
2026-08-26T15:27:09Z,2026-08-26T17:27:09+0200,ec44fe02-3364-422b-92bd-0daf191e06d6,2026-08-19T10:45:00Z,2026-08-19T12:45:00+0200,3440.633,MW,DE,DE_LU,actual_offshore_wind_generation,Wind Offshore,2026-08-26T15:33:13Z
2026-08-26T15:27:09Z,2026-08-26T17:27:09+0200,ec44fe02-3364-422b-92bd-0daf191e06d6,2026-08-19T11:00:00Z,2026-08-19T13:00:00+0200,3514.297,MW,DE,DE_LU,actual_offshore_wind_generation,Wind Offshore,2026-08-26T15:33:13Z
2026-08-26T15:27:09Z,2026-08-26T17:27:09+0200,ec44fe02-3364-422b-92bd-0daf191e06d6,2026-08-19T11:15:00Z,2026-08-19T13:15:00+0200,3442.105,MW,DE,DE_LU,actual_offshore_wind_generation,Wind Offshore,2026-08-26T15:33:13Z
2026-08-26T15:27:09Z,2026-08-26T17:27:09+0200,ec44fe02-3364-422b-92bd-0daf191e06d6,2026-08-19T11:30:00Z,2026-08-19T13:30:00+0200,3364.397,MW,DE,DE_LU,actual_offshore_wind_generation,Wind Offshore,2026-08-26T15:33:13Z
2026-08-26T15:27:09Z,2026-08-26T17:27:09+0200,ec44fe02-3364-422b-92bd-0daf191e06d6,2026-08-19T11:45:00Z,2026-08-19T13:45:00+0200,3338.868,MW,DE,DE_LU,actual_offshore_wind_generation,Wind Offshore,2026-08-26T15:33:13Z
2026-08-26T15:27:09Z,2026-08-26T17:27:09+0200,ec44fe02-3364-422b-92bd-0daf191e06d6,2026-08-19T12:00:00Z,2026-08-19T14:00:00+0200,3265.569,MW,DE,DE_LU,actual_offshore_wind_generation,Wind Offshore,2026-08-26T15:33:13Z
2026-08-26T15:27:09Z,2026-08-26T17:27:09+0200,ec44fe02-3364-422b-92bd-0daf191e06d6,2026-08-19T12:15:00Z,2026-08-19T14:15:00+0200,2980.739,MW,DE,DE_LU,actual_offshore_wind_generation,Wind Offshore,2026-08-26T15:33:13Z
2026-08-26T15:27:09Z,2026-08-26T17:27:09+0200,ec44fe02-3364-422b-92bd-0daf191e06d6,2026-08-19T12:30:00Z,2026-08-19T14:30:00+0200,2759.207,MW,DE,DE_LU,actual_offshore_wind_generation,Wind Offshore,2026-08-26T15:33:13Z
2026-08-26T15:27:09Z,2026-08-26T17:27:09+0200,ec44fe02-3364-422b-92bd-0daf191e06d6,2026-08-19T12:45:00Z,2026-08-19T14:45:00+0200,2656.985,MW,DE,DE_LU,actual_offshore_wind_generation,Wind Offshore,2026-08-26T15:33:13Z
2026-08-26T15:27:09Z,2026-08-26T17:27:09+0200,ec44fe02-3364-422b-92bd-0daf191e06d6,2026-08-19T13:00:00Z,2026-08-19T15:00:00+0200,2719.294,MW,DE,DE_LU,actual_offshore_wind_generation,Wind Offshore,2026-08-26T15:33:13Z
2026-08-26T15:27:09Z,2026-08-26T17:27:09+0200,ec44fe02-3364-422b-92bd-0daf191e06d6,2026-08-19T13:15:00Z,2026-08-19T15:15:00+0200,2797.87,MW,DE,DE_LU,actual_offshore_wind_generation,Wind Offshore,2026-08-26T15:33:13Z
2026-08-26T15:27:09Z,2026-08-26T17:27:09+0200,ec44fe02-3364-422b-92bd-0daf191e06d6,2026-08-19T13:30:00Z,2026-08-19T15:30:00+0200,2827.349,MW,DE,DE_LU,actual_offshore_wind_generation,Wind Offshore,2026-08-26T15:33:13Z
2026-08-26T15:27:09Z,2026-08-26T17:27:09+0200,ec44fe02-3364-422b-92bd-0daf191e06d6,2026-08-19T13:45:00Z,2026-08-19T15:45:00+0200,2825.561,MW,DE,DE_LU,actual_offshore_wind_generation,Wind Offshore,2026-08-26T15:33:13Z
2026-08-26T15:27:09Z,2026-08-26T17:27:09+0200,ec44fe02-3364-422b-92bd-0daf191e06d6,2026-08-19T14:00:00Z,2026-08-19T16:00:00+0200,2796.241,MW,DE,DE_LU,actual_offshore_wind_generation,Wind Offshore,2026-08-26T15:33:13Z
2026-08-26T15:27:09Z,2026-08-26T17:27:09+0200,ec44fe02-3364-422b-92bd-0daf191e06d6,2026-08-19T14:15:00Z,2026-08-19T16:15:00+0200,2846.282,MW,DE,DE_LU,actual_offshore_wind_generation,Wind Offshore,2026-08-26T15:33:13Z
2026-08-26T15:27:09Z,2026-08-26T17:27:09+0200,ec44fe02-3364-422b-92bd-0daf191e06d6,2026-08-19T14:30:00Z,2026-08-19T16:30:00+0200,2799.985,MW,DE,DE_LU,actual_offshore_wind_generation,Wind Offshore,2026-08-26T15:33:13Z
2026-08-26T15:27:09Z,2026-08-26T17:27:09+0200,ec44fe02-3364-422b-92bd-0daf191e06d6,2026-08-19T14:45:00Z,2026-08-19T16:45:00+0200,2694.701,MW,DE,DE_LU,actual_offshore_wind_generation,Wind Offshore,2026-08-26T15:33:13Z
2026-08-26T15:27:09Z,2026-08-26T17:27:09+0200,ec44fe02-3364-422b-92bd-0daf191e06d6,2026-08-19T15:00:00Z,2026-08-19T17:00:00+0200,2588.328,MW,DE,DE_LU,actual_offshore_wind_generation,Wind Offshore,2026-08-26T15:33:13Z
2026-08-26T15:27:09Z,2026-08-26T17:27:09+0200,ec44fe02-3364-422b-92bd-0daf191e06d6,2026-08-19T15:15:00Z,2026-08-19T17:15:00+0200,2490.901,MW,DE,DE_LU,actual_offshore_wind_generation,Wind Offshore,2026-08-26T15:33:13Z
2026-08-26T15:27:09Z,2026-08-26T17:27:09+0200,ec44fe02-3364-422b-92bd-0daf191e06d6,2026-08-19T15:30:00Z,2026-08-19T17:30:00+0200,2511.265,MW,DE,DE_LU,actual_offshore_wind_generation,Wind Offshore,2026-08-26T15:33:13Z
2026-08-26T15:27:09Z,2026-08-26T17:27:09+0200,ec44fe02-3364-422b-92bd-0daf191e06d6,2026-08-19T15:45:00Z,2026-08-19T17:45:00+0200,2527.052,MW,DE,DE_LU,actual_offshore_wind_generation,Wind Offshore,2026-08-26T15:33:13Z
2026-08-26T15:27:09Z,2026-08-26T17:27:09+0200,ec44fe02-3364-422b-92bd-0daf191e06d6,2026-08-19T16:00:00Z,2026-08-19T18:00:00+0200,2461.768,MW,DE,DE_LU,actual_offshore_wind_generation,Wind Offshore,2026-08-26T15:33:13Z
2026-08-26T15:27:09Z,2026-08-26T17:27:09+0200,ec44fe02-3364-422b-92bd-0daf191e06d6,2026-08-19T16:15:00Z,2026-08-19T18:15:00+0200,2392.094,MW,DE,DE_LU,actual_offshore_wind_generation,Wind Offshore,2026-08-26T15:33:13Z
2026-08-26T15:27:09Z,2026-08-26T17:27:09+0200,ec44fe02-3364-422b-92bd-0daf191e06d6,2026-08-19T16:30:00Z,2026-08-19T18:30:00+0200,2353.146,MW,DE,DE_LU,actual_offshore_wind_generation,Wind Offshore,2026-08-26T15:33:13Z
2026-08-26T15:27:09Z,2026-08-26T17:27:09+0200,ec44fe02-3364-422b-92bd-0daf191e06d6,2026-08-19T16:45:00Z,2026-08-19T18:45:00+0200,2381.04,MW,DE,DE_LU,actual_offshore_wind_generation,Wind Offshore,2026-08-26T15:33:13Z
2026-08-26T15:27:09Z,2026-08-26T17:27:09+0200,ec44fe02-3364-422b-92bd-0daf191e06d6,2026-08-19T17:00:00Z,2026-08-19T19:00:00+0200,2308.773,MW,DE,DE_LU,actual_offshore_wind_generation,Wind Offshore,2026-08-26T15:33:13Z
2026-08-26T15:27:09Z,2026-08-26T17:27:09+0200,ec44fe02-3364-422b-92bd-0daf191e06d6,2026-08-19T17:15:00Z,2026-08-19T19:15:00+0200,2009.985,MW,DE,DE_LU,actual_offshore_wind_generation,Wind Offshore,2026-08-26T15:33:13Z
2026-08-26T15:27:09Z,2026-08-26T17:27:09+0200,ec44fe02-3364-422b-92bd-0daf191e06d6,2026-08-19T17:30:00Z,2026-08-19T19:30:00+0200,1957.157,MW,DE,DE_LU,actual_offshore_wind_generation,Wind Offshore,2026-08-26T15:33:13Z
2026-08-26T15:27:09Z,2026-08-26T17:27:09+0200,ec44fe02-3364-422b-92bd-0daf191e06d6,2026-08-19T17:45:00Z,2026-08-19T19:45:00+0200,1947.69,MW,DE,DE_LU,actual_offshore_wind_generation,Wind Offshore,2026-08-26T15:33:13Z
2026-08-26T15:27:09Z,2026-08-26T17:27:09+0200,ec44fe02-3364-422b-92bd-0daf191e06d6,2026-08-19T18:00:00Z,2026-08-19T20:00:00+0200,1886.694,MW,DE,DE_LU,actual_offshore_wind_generation,Wind Offshore,2026-08-26T15:33:13Z
2026-08-26T15:27:09Z,2026-08-26T17:27:09+0200,ec44fe02-3364-422b-92bd-0daf191e06d6,2026-08-19T18:15:00Z,2026-08-19T20:15:00+0200,1763.899,MW,DE,DE_LU,actual_offshore_wind_generation,Wind Offshore,2026-08-26T15:33:13Z
2026-08-26T15:27:09Z,2026-08-26T17:27:09+0200,ec44fe02-3364-422b-92bd-0daf191e06d6,2026-08-19T18:30:00Z,2026-08-19T20:30:00+0200,1580.627,MW,DE,DE_LU,actual_offshore_wind_generation,Wind Offshore,2026-08-26T15:33:13Z
2026-08-26T15:27:09Z,2026-08-26T17:27:09+0200,ec44fe02-3364-422b-92bd-0daf191e06d6,2026-08-19T18:45:00Z,2026-08-19T20:45:00+0200,1434.258,MW,DE,DE_LU,actual_offshore_wind_generation,Wind Offshore,2026-08-26T15:33:13Z
2026-08-26T15:27:09Z,2026-08-26T17:27:09+0200,ec44fe02-3364-422b-92bd-0daf191e06d6,2026-08-19T19:00:00Z,2026-08-19T21:00:00+0200,1380.645,MW,DE,DE_LU,actual_offshore_wind_generation,Wind Offshore,2026-08-26T15:33:13Z
2026-08-26T15:27:09Z,2026-08-26T17:27:09+0200,ec44fe02-3364-422b-92bd-0daf191e06d6,2026-08-19T19:15:00Z,2026-08-19T21:15:00+0200,1297.878,MW,DE,DE_LU,actual_offshore_wind_generation,Wind Offshore,2026-08-26T15:33:13Z
2026-08-26T15:27:09Z,2026-08-26T17:27:09+0200,ec44fe02-3364-422b-92bd-0daf191e06d6,2026-08-19T19:30:00Z,2026-08-19T21:30:00+0200,1225.604,MW,DE,DE_LU,actual_offshore_wind_generation,Wind Offshore,2026-08-26T15:33:13Z
2026-08-26T15:27:09Z,2026-08-26T17:27:09+0200,ec44fe02-3364-422b-92bd-0daf191e06d6,2026-08-19T19:45:00Z,2026-08-19T21:45:00+0200,1281.305,MW,DE,DE_LU,actual_offshore_wind_generation,Wind Offshore,2026-08-26T15:33:13Z
2026-08-26T15:27:09Z,2026-08-26T17:27:09+0200,ec44fe02-3364-422b-92bd-0daf191e06d6,2026-08-19T20:00:00Z,2026-08-19T22:00:00+0200,1290.723,MW,DE,DE_LU,actual_offshore_wind_generation,Wind Offshore,2026-08-26T15:33:13Z
2026-08-26T15:27:09Z,2026-08-26T17:27:09+0200,ec44fe02-3364-422b-92bd-0daf191e06d6,2026-08-19T20:15:00Z,2026-08-19T22:15:00+0200,1318.962,MW,DE,DE_LU,actual_offshore_wind_generation,Wind Offshore,2026-08-26T15:33:13Z
2026-08-26T15:27:09Z,2026-08-26T17:27:09+0200,ec44fe02-3364-422b-92bd-0daf191e06d6,2026-08-19T20:30:00Z,2026-08-19T22:30:00+0200,1289.395,MW,DE,DE_LU,actual_offshore_wind_generation,Wind Offshore,2026-08-26T15:33:13Z
2026-08-26T15:27:09Z,2026-08-26T17:27:09+0200,ec44fe02-3364-422b-92bd-0daf191e06d6,2026-08-19T20:45:00Z,2026-08-19T22:45:00+0200,1198.906,MW,DE,DE_LU,actual_offshore_wind_generation,Wind Offshore,2026-08-26T15:33:13Z
2026-08-26T15:27:09Z,2026-08-26T17:27:09+0200,ec44fe02-3364-422b-92bd-0daf191e06d6,2026-08-19T21:00:00Z,2026-08-19T23:00:00+0200,1156.401,MW,DE,DE_LU,actual_offshore_wind_generation,Wind Offshore,2026-08-26T15:33:13Z
2026-08-26T15:27:09Z,2026-08-26T17:27:09+0200,ec44fe02-3364-422b-92bd-0daf191e06d6,2026-08-19T21:15:00Z,2026-08-19T23:15:00+0200,1104.778,MW,DE,DE_LU,actual_offshore_wind_generation,Wind Offshore,2026-08-26T15:33:13Z
2026-08-26T15:27:09Z,2026-08-26T17:27:09+0200,ec44fe02-3364-422b-92bd-0daf191e06d6,2026-08-19T21:30:00Z,2026-08-19T23:30:00+0200,993.098,MW,DE,DE_LU,actual_offshore_wind_generation,Wind Offshore,2026-08-26T15:33:13Z
2026-08-26T15:27:09Z,2026-08-26T17:27:09+0200,ec44fe02-3364-422b-92bd-0daf191e06d6,2026-08-19T21:45:00Z,2026-08-19T23:45:00+0200,879.047,MW,DE,DE_LU,actual_offshore_wind_generation,Wind Offshore,2026-08-26T15:33:13Z
2026-08-26T15:27:09Z,2026-08-26T17:27:09+0200,ec44fe02-3364-422b-92bd-0daf191e06d6,2026-08-19T22:00:00Z,2026-08-20T00:00:00+0200,818.456,MW,DE,DE_LU,actual_offshore_wind_generation,Wind Offshore,2026-08-26T15:33:13Z
2026-08-26T15:27:09Z,2026-08-26T17:27:09+0200,ec44fe02-3364-422b-92bd-0daf191e06d6,2026-08-19T22:15:00Z,2026-08-20T00:15:00+0200,757.74,MW,DE,DE_LU,actual_offshore_wind_generation,Wind Offshore,2026-08-26T15:33:13Z
2026-08-26T15:27:09Z,2026-08-26T17:27:09+0200,ec44fe02-3364-422b-92bd-0daf191e06d6,2026-08-19T22:30:00Z,2026-08-20T00:30:00+0200,717.331,MW,DE,DE_LU,actual_offshore_wind_generation,Wind Offshore,2026-08-26T15:33:13Z
2026-08-26T15:27:09Z,2026-08-26T17:27:09+0200,ec44fe02-3364-422b-92bd-0daf191e06d6,2026-08-19T22:45:00Z,2026-08-20T00:45:00+0200,690.235,MW,DE,DE_LU,actual_offshore_wind_generation,Wind Offshore,2026-08-26T15:33:13Z
2026-08-26T15:27:09Z,2026-08-26T17:27:09+0200,ec44fe02-3364-422b-92bd-0daf191e06d6,2026-08-19T23:00:00Z,2026-08-20T01:00:00+0200,653.614,MW,DE,DE_LU,actual_offshore_wind_generation,Wind Offshore,2026-08-26T15:33:13Z
2026-08-26T15:27:09Z,2026-08-26T17:27:09+0200,ec44fe02-3364-422b-92bd-0daf191e06d6,2026-08-19T23:15:00Z,2026-08-20T01:15:00+0200,645.466,MW,DE,DE_LU,actual_offshore_wind_generation,Wind Offshore,2026-08-26T15:33:13Z
2026-08-26T15:27:09Z,2026-08-26T17:27:09+0200,ec44fe02-3364-422b-92bd-0daf191e06d6,2026-08-19T23:30:00Z,2026-08-20T01:30:00+0200,649.644,MW,DE,DE_LU,actual_offshore_wind_generation,Wind Offshore,2026-08-26T15:33:13Z
2026-08-26T15:27:09Z,2026-08-26T17:27:09+0200,ec44fe02-3364-422b-92bd-0daf191e06d6,2026-08-19T23:45:00Z,2026-08-20T01:45:00+0200,712.881,MW,DE,DE_LU,actual_offshore_wind_generation,Wind Offshore,2026-08-26T15:33:13Z
2026-08-26T15:27:09Z,2026-08-26T17:27:09+0200,ec44fe02-3364-422b-92bd-0daf191e06d6,2026-08-20T00:00:00Z,2026-08-20T02:00:00+0200,826.891,MW,DE,DE_LU,actual_offshore_wind_generation,Wind Offshore,2026-08-26T15:33:13Z
2026-08-26T15:27:09Z,2026-08-26T17:27:09+0200,ec44fe02-3364-422b-92bd-0daf191e06d6,2026-08-20T00:15:00Z,2026-08-20T02:15:00+0200,940.922,MW,DE,DE_LU,actual_offshore_wind_generation,Wind Offshore,2026-08-26T15:33:13Z
2026-08-26T15:27:09Z,2026-08-26T17:27:09+0200,ec44fe02-3364-422b-92bd-0daf191e06d6,2026-08-20T00:30:00Z,2026-08-20T02:30:00+0200,936.543,MW,DE,DE_LU,actual_offshore_wind_generation,Wind Offshore,2026-08-26T15:33:13Z
2026-08-26T15:27:09Z,2026-08-26T17:27:09+0200,ec44fe02-3364-422b-92bd-0daf191e06d6,2026-08-20T00:45:00Z,2026-08-20T02:45:00+0200,867.599,MW,DE,DE_LU,actual_offshore_wind_generation,Wind Offshore,2026-08-26T15:33:13Z
2026-08-26T15:27:09Z,2026-08-26T17:27:09+0200,ec44fe02-3364-422b-92bd-0daf191e06d6,2026-08-20T01:00:00Z,2026-08-20T03:00:00+0200,674.321,MW,DE,DE_LU,actual_offshore_wind_generation,Wind Offshore,2026-08-26T15:33:13Z
2026-08-26T15:27:09Z,2026-08-26T17:27:09+0200,ec44fe02-3364-422b-92bd-0daf191e06d6,2026-08-20T01:15:00Z,2026-08-20T03:15:00+0200,600.775,MW,DE,DE_LU,actual_offshore_wind_generation,Wind Offshore,2026-08-26T15:33:13Z
2026-08-26T15:27:09Z,2026-08-26T17:27:09+0200,ec44fe02-3364-422b-92bd-0daf191e06d6,2026-08-20T01:30:00Z,2026-08-20T03:30:00+0200,604.926,MW,DE,DE_LU,actual_offshore_wind_generation,Wind Offshore,2026-08-26T15:33:13Z
2026-08-26T15:27:09Z,2026-08-26T17:27:09+0200,ec44fe02-3364-422b-92bd-0daf191e06d6,2026-08-20T01:45:00Z,2026-08-20T03:45:00+0200,721.034,MW,DE,DE_LU,actual_offshore_wind_generation,Wind Offshore,2026-08-26T15:33:13Z
2026-08-26T15:27:09Z,2026-08-26T17:27:09+0200,ec44fe02-3364-422b-92bd-0daf191e06d6,2026-08-20T02:00:00Z,2026-08-20T04:00:00+0200,878.74,MW,DE,DE_LU,actual_offshore_wind_generation,Wind Offshore,2026-08-26T15:33:13Z
2026-08-26T15:27:09Z,2026-08-26T17:27:09+0200,ec44fe02-3364-422b-92bd-0daf191e06d6,2026-08-20T02:15:00Z,2026-08-20T04:15:00+0200,1006.532,MW,DE,DE_LU,actual_offshore_wind_generation,Wind Offshore,2026-08-26T15:33:13Z
2026-08-26T15:27:09Z,2026-08-26T17:27:09+0200,ec44fe02-3364-422b-92bd-0daf191e06d6,2026-08-20T02:30:00Z,2026-08-20T04:30:00+0200,1040.693,MW,DE,DE_LU,actual_offshore_wind_generation,Wind Offshore,2026-08-26T15:33:13Z
2026-08-26T15:27:09Z,2026-08-26T17:27:09+0200,ec44fe02-3364-422b-92bd-0daf191e06d6,2026-08-20T02:45:00Z,2026-08-20T04:45:00+0200,1059.172,MW,DE,DE_LU,actual_offshore_wind_generation,Wind Offshore,2026-08-26T15:33:13Z
2026-08-26T15:27:09Z,2026-08-26T17:27:09+0200,ec44fe02-3364-422b-92bd-0daf191e06d6,2026-08-20T03:00:00Z,2026-08-20T05:00:00+0200,1009.115,MW,DE,DE_LU,actual_offshore_wind_generation,Wind Offshore,2026-08-26T15:33:13Z
2026-08-26T15:27:09Z,2026-08-26T17:27:09+0200,ec44fe02-3364-422b-92bd-0daf191e06d6,2026-08-20T03:15:00Z,2026-08-20T05:15:00+0200,1036.103,MW,DE,DE_LU,actual_offshore_wind_generation,Wind Offshore,2026-08-26T15:33:13Z
2026-08-26T15:27:09Z,2026-08-26T17:27:09+0200,ec44fe02-3364-422b-92bd-0daf191e06d6,2026-08-20T03:30:00Z,2026-08-20T05:30:00+0200,986.429,MW,DE,DE_LU,actual_offshore_wind_generation,Wind Offshore,2026-08-26T15:33:13Z
2026-08-26T15:27:09Z,2026-08-26T17:27:09+0200,ec44fe02-3364-422b-92bd-0daf191e06d6,2026-08-20T03:45:00Z,2026-08-20T05:45:00+0200,846.637,MW,DE,DE_LU,actual_offshore_wind_generation,Wind Offshore,2026-08-26T15:33:13Z
2026-08-26T15:27:09Z,2026-08-26T17:27:09+0200,ec44fe02-3364-422b-92bd-0daf191e06d6,2026-08-20T04:00:00Z,2026-08-20T06:00:00+0200,758.95,MW,DE,DE_LU,actual_offshore_wind_generation,Wind Offshore,2026-08-26T15:33:13Z
2026-08-26T15:27:09Z,2026-08-26T17:27:09+0200,ec44fe02-3364-422b-92bd-0daf191e06d6,2026-08-20T04:15:00Z,2026-08-20T06:15:00+0200,797.139,MW,DE,DE_LU,actual_offshore_wind_generation,Wind Offshore,2026-08-26T15:33:13Z
2026-08-26T15:27:09Z,2026-08-26T17:27:09+0200,ec44fe02-3364-422b-92bd-0daf191e06d6,2026-08-20T04:30:00Z,2026-08-20T06:30:00+0200,849.314,MW,DE,DE_LU,actual_offshore_wind_generation,Wind Offshore,2026-08-26T15:33:13Z
2026-08-26T15:27:09Z,2026-08-26T17:27:09+0200,ec44fe02-3364-422b-92bd-0daf191e06d6,2026-08-20T04:45:00Z,2026-08-20T06:45:00+0200,793.815,MW,DE,DE_LU,actual_offshore_wind_generation,Wind Offshore,2026-08-26T15:33:13Z
2026-08-26T15:27:09Z,2026-08-26T17:27:09+0200,ec44fe02-3364-422b-92bd-0daf191e06d6,2026-08-20T05:00:00Z,2026-08-20T07:00:00+0200,675.883,MW,DE,DE_LU,actual_offshore_wind_generation,Wind Offshore,2026-08-26T15:33:13Z
2026-08-26T15:27:09Z,2026-08-26T17:27:09+0200,ec44fe02-3364-422b-92bd-0daf191e06d6,2026-08-20T05:15:00Z,2026-08-20T07:15:00+0200,598.474,MW,DE,DE_LU,actual_offshore_wind_generation,Wind Offshore,2026-08-26T15:33:13Z
2026-08-26T15:27:09Z,2026-08-26T17:27:09+0200,ec44fe02-3364-422b-92bd-0daf191e06d6,2026-08-20T05:30:00Z,2026-08-20T07:30:00+0200,679.009,MW,DE,DE_LU,actual_offshore_wind_generation,Wind Offshore,2026-08-26T15:33:13Z
2026-08-26T15:27:09Z,2026-08-26T17:27:09+0200,ec44fe02-3364-422b-92bd-0daf191e06d6,2026-08-20T05:45:00Z,2026-08-20T07:45:00+0200,892.518,MW,DE,DE_LU,actual_offshore_wind_generation,Wind Offshore,2026-08-26T15:33:13Z
2026-08-26T15:27:09Z,2026-08-26T17:27:09+0200,ec44fe02-3364-422b-92bd-0daf191e06d6,2026-08-20T06:00:00Z,2026-08-20T08:00:00+0200,777.601,MW,DE,DE_LU,actual_offshore_wind_generation,Wind Offshore,2026-08-26T15:33:13Z
2026-08-26T15:27:09Z,2026-08-26T17:27:09+0200,ec44fe02-3364-422b-92bd-0daf191e06d6,2026-08-20T06:15:00Z,2026-08-20T08:15:00+0200,866.028,MW,DE,DE_LU,actual_offshore_wind_generation,Wind Offshore,2026-08-26T15:33:13Z
2026-08-26T15:27:09Z,2026-08-26T17:27:09+0200,ec44fe02-3364-422b-92bd-0daf191e06d6,2026-08-20T06:30:00Z,2026-08-20T08:30:00+0200,1178.095,MW,DE,DE_LU,actual_offshore_wind_generation,Wind Offshore,2026-08-26T15:33:13Z
2026-08-26T15:27:09Z,2026-08-26T17:27:09+0200,ec44fe02-3364-422b-92bd-0daf191e06d6,2026-08-20T06:45:00Z,2026-08-20T08:45:00+0200,1073.713,MW,DE,DE_LU,actual_offshore_wind_generation,Wind Offshore,2026-08-26T15:33:13Z
2026-08-26T15:27:09Z,2026-08-26T17:27:09+0200,ec44fe02-3364-422b-92bd-0daf191e06d6,2026-08-20T07:00:00Z,2026-08-20T09:00:00+0200,1070.476,MW,DE,DE_LU,actual_offshore_wind_generation,Wind Offshore,2026-08-26T15:33:13Z
2026-08-26T15:27:09Z,2026-08-26T17:27:09+0200,ec44fe02-3364-422b-92bd-0daf191e06d6,2026-08-20T07:15:00Z,2026-08-20T09:15:00+0200,1193.116,MW,DE,DE_LU,actual_offshore_wind_generation,Wind Offshore,2026-08-26T15:33:13Z
2026-08-26T15:27:09Z,2026-08-26T17:27:09+0200,ec44fe02-3364-422b-92bd-0daf191e06d6,2026-08-20T07:30:00Z,2026-08-20T09:30:00+0200,1492.63,MW,DE,DE_LU,actual_offshore_wind_generation,Wind Offshore,2026-08-26T15:33:13Z
2026-08-26T15:27:09Z,2026-08-26T17:27:09+0200,ec44fe02-3364-422b-92bd-0daf191e06d6,2026-08-20T07:45:00Z,2026-08-20T09:45:00+0200,1781.722,MW,DE,DE_LU,actual_offshore_wind_generation,Wind Offshore,2026-08-26T15:33:13Z
2026-08-26T15:27:09Z,2026-08-26T17:27:09+0200,ec44fe02-3364-422b-92bd-0daf191e06d6,2026-08-20T08:00:00Z,2026-08-20T10:00:00+0200,2053.596,MW,DE,DE_LU,actual_offshore_wind_generation,Wind Offshore,2026-08-26T15:33:13Z
2026-08-26T15:27:09Z,2026-08-26T17:27:09+0200,ec44fe02-3364-422b-92bd-0daf191e06d6,2026-08-20T08:15:00Z,2026-08-20T10:15:00+0200,2118.475,MW,DE,DE_LU,actual_offshore_wind_generation,Wind Offshore,2026-08-26T15:33:13Z
2026-08-26T15:27:09Z,2026-08-26T17:27:09+0200,ec44fe02-3364-422b-92bd-0daf191e06d6,2026-08-20T08:30:00Z,2026-08-20T10:30:00+0200,2287.546,MW,DE,DE_LU,actual_offshore_wind_generation,Wind Offshore,2026-08-26T15:33:13Z
2026-08-26T15:27:09Z,2026-08-26T17:27:09+0200,ec44fe02-3364-422b-92bd-0daf191e06d6,2026-08-20T08:45:00Z,2026-08-20T10:45:00+0200,2335.746,MW,DE,DE_LU,actual_offshore_wind_generation,Wind Offshore,2026-08-26T15:33:13Z
2026-08-26T15:27:09Z,2026-08-26T17:27:09+0200,ec44fe02-3364-422b-92bd-0daf191e06d6,2026-08-20T09:00:00Z,2026-08-20T11:00:00+0200,2133.12,MW,DE,DE_LU,actual_offshore_wind_generation,Wind Offshore,2026-08-26T15:33:13Z
2026-08-26T15:27:09Z,2026-08-26T17:27:09+0200,ec44fe02-3364-422b-92bd-0daf191e06d6,2026-08-20T09:15:00Z,2026-08-20T11:15:00+0200,2106.18,MW,DE,DE_LU,actual_offshore_wind_generation,Wind Offshore,2026-08-26T15:33:13Z
2026-08-26T15:27:09Z,2026-08-26T17:27:09+0200,ec44fe02-3364-422b-92bd-0daf191e06d6,2026-08-20T09:30:00Z,2026-08-20T11:30:00+0200,1923.062,MW,DE,DE_LU,actual_offshore_wind_generation,Wind Offshore,2026-08-26T15:33:13Z
2026-08-26T15:27:09Z,2026-08-26T17:27:09+0200,ec44fe02-3364-422b-92bd-0daf191e06d6,2026-08-20T09:45:00Z,2026-08-20T11:45:00+0200,1942.293,MW,DE,DE_LU,actual_offshore_wind_generation,Wind Offshore,2026-08-26T15:33:13Z
2026-08-26T15:27:09Z,2026-08-26T17:27:09+0200,ec44fe02-3364-422b-92bd-0daf191e06d6,2026-08-20T10:00:00Z,2026-08-20T12:00:00+0200,1934.831,MW,DE,DE_LU,actual_offshore_wind_generation,Wind Offshore,2026-08-26T15:33:13Z
2026-08-26T15:27:09Z,2026-08-26T17:27:09+0200,ec44fe02-3364-422b-92bd-0daf191e06d6,2026-08-20T10:15:00Z,2026-08-20T12:15:00+0200,1812.859,MW,DE,DE_LU,actual_offshore_wind_generation,Wind Offshore,2026-08-26T15:33:13Z
2026-08-26T15:27:09Z,2026-08-26T17:27:09+0200,ec44fe02-3364-422b-92bd-0daf191e06d6,2026-08-20T10:30:00Z,2026-08-20T12:30:00+0200,1727.171,MW,DE,DE_LU,actual_offshore_wind_generation,Wind Offshore,2026-08-26T15:33:13Z
2026-08-26T15:27:09Z,2026-08-26T17:27:09+0200,ec44fe02-3364-422b-92bd-0daf191e06d6,2026-08-20T10:45:00Z,2026-08-20T12:45:00+0200,1625.601,MW,DE,DE_LU,actual_offshore_wind_generation,Wind Offshore,2026-08-26T15:33:13Z
2026-08-26T15:27:09Z,2026-08-26T17:27:09+0200,ec44fe02-3364-422b-92bd-0daf191e06d6,2026-08-20T11:00:00Z,2026-08-20T13:00:00+0200,1526.286,MW,DE,DE_LU,actual_offshore_wind_generation,Wind Offshore,2026-08-26T15:33:13Z
2026-08-26T15:27:09Z,2026-08-26T17:27:09+0200,ec44fe02-3364-422b-92bd-0daf191e06d6,2026-08-20T11:15:00Z,2026-08-20T13:15:00+0200,1462.33,MW,DE,DE_LU,actual_offshore_wind_generation,Wind Offshore,2026-08-26T15:33:13Z
2026-08-26T15:27:09Z,2026-08-26T17:27:09+0200,ec44fe02-3364-422b-92bd-0daf191e06d6,2026-08-20T11:30:00Z,2026-08-20T13:30:00+0200,1513.061,MW,DE,DE_LU,actual_offshore_wind_generation,Wind Offshore,2026-08-26T15:33:13Z
2026-08-26T15:27:09Z,2026-08-26T17:27:09+0200,ec44fe02-3364-422b-92bd-0daf191e06d6,2026-08-20T11:45:00Z,2026-08-20T13:45:00+0200,1340.818,MW,DE,DE_LU,actual_offshore_wind_generation,Wind Offshore,2026-08-26T15:33:13Z
2026-08-26T15:27:09Z,2026-08-26T17:27:09+0200,ec44fe02-3364-422b-92bd-0daf191e06d6,2026-08-20T12:00:00Z,2026-08-20T14:00:00+0200,1333.979,MW,DE,DE_LU,actual_offshore_wind_generation,Wind Offshore,2026-08-26T15:33:13Z
2026-08-26T15:27:09Z,2026-08-26T17:27:09+0200,ec44fe02-3364-422b-92bd-0daf191e06d6,2026-08-20T12:15:00Z,2026-08-20T14:15:00+0200,1517.779,MW,DE,DE_LU,actual_offshore_wind_generation,Wind Offshore,2026-08-26T15:33:13Z
2026-08-26T15:27:09Z,2026-08-26T17:27:09+0200,ec44fe02-3364-422b-92bd-0daf191e06d6,2026-08-20T12:30:00Z,2026-08-20T14:30:00+0200,1626.9,MW,DE,DE_LU,actual_offshore_wind_generation,Wind Offshore,2026-08-26T15:33:13Z
2026-08-26T15:27:09Z,2026-08-26T17:27:09+0200,ec44fe02-3364-422b-92bd-0daf191e06d6,2026-08-20T12:45:00Z,2026-08-20T14:45:00+0200,1750.433,MW,DE,DE_LU,actual_offshore_wind_generation,Wind Offshore,2026-08-26T15:33:13Z
2026-08-26T15:27:09Z,2026-08-26T17:27:09+0200,ec44fe02-3364-422b-92bd-0daf191e06d6,2026-08-20T13:00:00Z,2026-08-20T15:00:00+0200,1695.376,MW,DE,DE_LU,actual_offshore_wind_generation,Wind Offshore,2026-08-26T15:33:13Z
2026-08-26T15:27:09Z,2026-08-26T17:27:09+0200,ec44fe02-3364-422b-92bd-0daf191e06d6,2026-08-20T13:15:00Z,2026-08-20T15:15:00+0200,1629.217,MW,DE,DE_LU,actual_offshore_wind_generation,Wind Offshore,2026-08-26T15:33:13Z
2026-08-26T15:27:09Z,2026-08-26T17:27:09+0200,ec44fe02-3364-422b-92bd-0daf191e06d6,2026-08-20T13:30:00Z,2026-08-20T15:30:00+0200,1518.471,MW,DE,DE_LU,actual_offshore_wind_generation,Wind Offshore,2026-08-26T15:33:13Z
2026-08-26T15:27:09Z,2026-08-26T17:27:09+0200,ec44fe02-3364-422b-92bd-0daf191e06d6,2026-08-20T13:45:00Z,2026-08-20T15:45:00+0200,1586.301,MW,DE,DE_LU,actual_offshore_wind_generation,Wind Offshore,2026-08-26T15:33:13Z
2026-08-26T15:27:09Z,2026-08-26T17:27:09+0200,ec44fe02-3364-422b-92bd-0daf191e06d6,2026-08-20T14:00:00Z,2026-08-20T16:00:00+0200,1514.521,MW,DE,DE_LU,actual_offshore_wind_generation,Wind Offshore,2026-08-26T15:33:13Z
2026-08-26T15:27:09Z,2026-08-26T17:27:09+0200,ec44fe02-3364-422b-92bd-0daf191e06d6,2026-08-20T14:15:00Z,2026-08-20T16:15:00+0200,1398.297,MW,DE,DE_LU,actual_offshore_wind_generation,Wind Offshore,2026-08-26T15:33:13Z
2026-08-26T15:27:09Z,2026-08-26T17:27:09+0200,ec44fe02-3364-422b-92bd-0daf191e06d6,2026-08-20T14:30:00Z,2026-08-20T16:30:00+0200,1255.586,MW,DE,DE_LU,actual_offshore_wind_generation,Wind Offshore,2026-08-26T15:33:13Z
2026-08-26T15:27:09Z,2026-08-26T17:27:09+0200,ec44fe02-3364-422b-92bd-0daf191e06d6,2026-08-20T14:45:00Z,2026-08-20T16:45:00+0200,1337.393,MW,DE,DE_LU,actual_offshore_wind_generation,Wind Offshore,2026-08-26T15:33:13Z
2026-08-26T15:27:09Z,2026-08-26T17:27:09+0200,ec44fe02-3364-422b-92bd-0daf191e06d6,2026-08-20T15:00:00Z,2026-08-20T17:00:00+0200,1492.452,MW,DE,DE_LU,actual_offshore_wind_generation,Wind Offshore,2026-08-26T15:33:13Z
2026-08-26T15:27:09Z,2026-08-26T17:27:09+0200,ec44fe02-3364-422b-92bd-0daf191e06d6,2026-08-20T15:15:00Z,2026-08-20T17:15:00+0200,1443.267,MW,DE,DE_LU,actual_offshore_wind_generation,Wind Offshore,2026-08-26T15:33:13Z
2026-08-26T15:27:09Z,2026-08-26T17:27:09+0200,ec44fe02-3364-422b-92bd-0daf191e06d6,2026-08-20T15:30:00Z,2026-08-20T17:30:00+0200,1359.154,MW,DE,DE_LU,actual_offshore_wind_generation,Wind Offshore,2026-08-26T15:33:13Z
2026-08-26T15:27:09Z,2026-08-26T17:27:09+0200,ec44fe02-3364-422b-92bd-0daf191e06d6,2026-08-20T15:45:00Z,2026-08-20T17:45:00+0200,1381.325,MW,DE,DE_LU,actual_offshore_wind_generation,Wind Offshore,2026-08-26T15:33:13Z
2026-08-26T15:27:09Z,2026-08-26T17:27:09+0200,ec44fe02-3364-422b-92bd-0daf191e06d6,2026-08-20T16:00:00Z,2026-08-20T18:00:00+0200,1398.378,MW,DE,DE_LU,actual_offshore_wind_generation,Wind Offshore,2026-08-26T15:33:13Z
2026-08-26T15:27:09Z,2026-08-26T17:27:09+0200,ec44fe02-3364-422b-92bd-0daf191e06d6,2026-08-20T16:15:00Z,2026-08-20T18:15:00+0200,1347.649,MW,DE,DE_LU,actual_offshore_wind_generation,Wind Offshore,2026-08-26T15:33:13Z
2026-08-26T15:27:09Z,2026-08-26T17:27:09+0200,ec44fe02-3364-422b-92bd-0daf191e06d6,2026-08-20T16:30:00Z,2026-08-20T18:30:00+0200,1057.925,MW,DE,DE_LU,actual_offshore_wind_generation,Wind Offshore,2026-08-26T15:33:13Z
2026-08-26T15:27:09Z,2026-08-26T17:27:09+0200,ec44fe02-3364-422b-92bd-0daf191e06d6,2026-08-20T16:45:00Z,2026-08-20T18:45:00+0200,773.765,MW,DE,DE_LU,actual_offshore_wind_generation,Wind Offshore,2026-08-26T15:33:13Z
2026-08-26T15:27:09Z,2026-08-26T17:27:09+0200,ec44fe02-3364-422b-92bd-0daf191e06d6,2026-08-20T17:00:00Z,2026-08-20T19:00:00+0200,629.819,MW,DE,DE_LU,actual_offshore_wind_generation,Wind Offshore,2026-08-26T15:33:13Z
2026-08-26T15:27:09Z,2026-08-26T17:27:09+0200,ec44fe02-3364-422b-92bd-0daf191e06d6,2026-08-20T17:15:00Z,2026-08-20T19:15:00+0200,484.12,MW,DE,DE_LU,actual_offshore_wind_generation,Wind Offshore,2026-08-26T15:33:13Z
2026-08-26T15:27:09Z,2026-08-26T17:27:09+0200,ec44fe02-3364-422b-92bd-0daf191e06d6,2026-08-20T17:30:00Z,2026-08-20T19:30:00+0200,383.003,MW,DE,DE_LU,actual_offshore_wind_generation,Wind Offshore,2026-08-26T15:33:13Z
2026-08-26T15:27:09Z,2026-08-26T17:27:09+0200,ec44fe02-3364-422b-92bd-0daf191e06d6,2026-08-20T17:45:00Z,2026-08-20T19:45:00+0200,310.189,MW,DE,DE_LU,actual_offshore_wind_generation,Wind Offshore,2026-08-26T15:33:13Z
2026-08-26T15:27:09Z,2026-08-26T17:27:09+0200,ec44fe02-3364-422b-92bd-0daf191e06d6,2026-08-20T18:00:00Z,2026-08-20T20:00:00+0200,345.92,MW,DE,DE_LU,actual_offshore_wind_generation,Wind Offshore,2026-08-26T15:33:13Z
2026-08-26T15:27:09Z,2026-08-26T17:27:09+0200,ec44fe02-3364-422b-92bd-0daf191e06d6,2026-08-20T18:15:00Z,2026-08-20T20:15:00+0200,463.156,MW,DE,DE_LU,actual_offshore_wind_generation,Wind Offshore,2026-08-26T15:33:13Z
2026-08-26T15:27:09Z,2026-08-26T17:27:09+0200,ec44fe02-3364-422b-92bd-0daf191e06d6,2026-08-20T18:30:00Z,2026-08-20T20:30:00+0200,430.244,MW,DE,DE_LU,actual_offshore_wind_generation,Wind Offshore,2026-08-26T15:33:13Z
2026-08-26T15:27:09Z,2026-08-26T17:27:09+0200,ec44fe02-3364-422b-92bd-0daf191e06d6,2026-08-20T18:45:00Z,2026-08-20T20:45:00+0200,281.076,MW,DE,DE_LU,actual_offshore_wind_generation,Wind Offshore,2026-08-26T15:33:13Z
2026-08-26T15:27:09Z,2026-08-26T17:27:09+0200,ec44fe02-3364-422b-92bd-0daf191e06d6,2026-08-20T19:00:00Z,2026-08-20T21:00:00+0200,312.991,MW,DE,DE_LU,actual_offshore_wind_generation,Wind Offshore,2026-08-26T15:33:13Z
2026-08-26T15:27:09Z,2026-08-26T17:27:09+0200,ec44fe02-3364-422b-92bd-0daf191e06d6,2026-08-20T19:15:00Z,2026-08-20T21:15:00+0200,401.305,MW,DE,DE_LU,actual_offshore_wind_generation,Wind Offshore,2026-08-26T15:33:13Z
2026-08-26T15:27:09Z,2026-08-26T17:27:09+0200,ec44fe02-3364-422b-92bd-0daf191e06d6,2026-08-20T19:30:00Z,2026-08-20T21:30:00+0200,474.513,MW,DE,DE_LU,actual_offshore_wind_generation,Wind Offshore,2026-08-26T15:33:13Z
2026-08-26T15:27:09Z,2026-08-26T17:27:09+0200,ec44fe02-3364-422b-92bd-0daf191e06d6,2026-08-20T19:45:00Z,2026-08-20T21:45:00+0200,578.238,MW,DE,DE_LU,actual_offshore_wind_generation,Wind Offshore,2026-08-26T15:33:13Z
2026-08-26T15:27:09Z,2026-08-26T17:27:09+0200,ec44fe02-3364-422b-92bd-0daf191e06d6,2026-08-20T20:00:00Z,2026-08-20T22:00:00+0200,716.083,MW,DE,DE_LU,actual_offshore_wind_generation,Wind Offshore,2026-08-26T15:33:13Z
2026-08-26T15:27:09Z,2026-08-26T17:27:09+0200,ec44fe02-3364-422b-92bd-0daf191e06d6,2026-08-20T20:15:00Z,2026-08-20T22:15:00+0200,867.892,MW,DE,DE_LU,actual_offshore_wind_generation,Wind Offshore,2026-08-26T15:33:13Z
2026-08-26T15:27:09Z,2026-08-26T17:27:09+0200,ec44fe02-3364-422b-92bd-0daf191e06d6,2026-08-20T20:30:00Z,2026-08-20T22:30:00+0200,1002.831,MW,DE,DE_LU,actual_offshore_wind_generation,Wind Offshore,2026-08-26T15:33:13Z
2026-08-26T15:27:09Z,2026-08-26T17:27:09+0200,ec44fe02-3364-422b-92bd-0daf191e06d6,2026-08-20T20:45:00Z,2026-08-20T22:45:00+0200,937.588,MW,DE,DE_LU,actual_offshore_wind_generation,Wind Offshore,2026-08-26T15:33:13Z
2026-08-26T15:27:09Z,2026-08-26T17:27:09+0200,ec44fe02-3364-422b-92bd-0daf191e06d6,2026-08-20T21:00:00Z,2026-08-20T23:00:00+0200,776.282,MW,DE,DE_LU,actual_offshore_wind_generation,Wind Offshore,2026-08-26T15:33:13Z
2026-08-26T15:27:09Z,2026-08-26T17:27:09+0200,ec44fe02-3364-422b-92bd-0daf191e06d6,2026-08-20T21:15:00Z,2026-08-20T23:15:00+0200,611.94,MW,DE,DE_LU,actual_offshore_wind_generation,Wind Offshore,2026-08-26T15:33:13Z
2026-08-26T15:27:09Z,2026-08-26T17:27:09+0200,ec44fe02-3364-422b-92bd-0daf191e06d6,2026-08-20T21:30:00Z,2026-08-20T23:30:00+0200,636.118,MW,DE,DE_LU,actual_offshore_wind_generation,Wind Offshore,2026-08-26T15:33:13Z
2026-08-26T15:27:09Z,2026-08-26T17:27:09+0200,ec44fe02-3364-422b-92bd-0daf191e06d6,2026-08-20T21:45:00Z,2026-08-20T23:45:00+0200,703.755,MW,DE,DE_LU,actual_offshore_wind_generation,Wind Offshore,2026-08-26T15:33:13Z
2026-08-26T15:27:09Z,2026-08-26T17:27:09+0200,ec44fe02-3364-422b-92bd-0daf191e06d6,2026-08-20T22:00:00Z,2026-08-21T00:00:00+0200,770.367,MW,DE,DE_LU,actual_offshore_wind_generation,Wind Offshore,2026-08-26T15:33:13Z
2026-08-26T15:27:09Z,2026-08-26T17:27:09+0200,ec44fe02-3364-422b-92bd-0daf191e06d6,2026-08-20T22:15:00Z,2026-08-21T00:15:00+0200,796.902,MW,DE,DE_LU,actual_offshore_wind_generation,Wind Offshore,2026-08-26T15:33:13Z
2026-08-26T15:27:09Z,2026-08-26T17:27:09+0200,ec44fe02-3364-422b-92bd-0daf191e06d6,2026-08-20T22:30:00Z,2026-08-21T00:30:00+0200,748.375,MW,DE,DE_LU,actual_offshore_wind_generation,Wind Offshore,2026-08-26T15:33:13Z
2026-08-26T15:27:09Z,2026-08-26T17:27:09+0200,ec44fe02-3364-422b-92bd-0daf191e06d6,2026-08-20T22:45:00Z,2026-08-21T00:45:00+0200,744.102,MW,DE,DE_LU,actual_offshore_wind_generation,Wind Offshore,2026-08-26T15:33:13Z
2026-08-26T15:27:09Z,2026-08-26T17:27:09+0200,ec44fe02-3364-422b-92bd-0daf191e06d6,2026-08-20T23:00:00Z,2026-08-21T01:00:00+0200,800.175,MW,DE,DE_LU,actual_offshore_wind_generation,Wind Offshore,2026-08-26T15:33:13Z
2026-08-26T15:27:09Z,2026-08-26T17:27:09+0200,ec44fe02-3364-422b-92bd-0daf191e06d6,2026-08-20T23:15:00Z,2026-08-21T01:15:00+0200,843.056,MW,DE,DE_LU,actual_offshore_wind_generation,Wind Offshore,2026-08-26T15:33:13Z
2026-08-26T15:27:09Z,2026-08-26T17:27:09+0200,ec44fe02-3364-422b-92bd-0daf191e06d6,2026-08-20T23:30:00Z,2026-08-21T01:30:00+0200,750.222,MW,DE,DE_LU,actual_offshore_wind_generation,Wind Offshore,2026-08-26T15:33:13Z
2026-08-26T15:27:09Z,2026-08-26T17:27:09+0200,ec44fe02-3364-422b-92bd-0daf191e06d6,2026-08-20T23:45:00Z,2026-08-21T01:45:00+0200,684.356,MW,DE,DE_LU,actual_offshore_wind_generation,Wind Offshore,2026-08-26T15:33:13Z
2026-08-26T15:27:09Z,2026-08-26T17:27:09+0200,ec44fe02-3364-422b-92bd-0daf191e06d6,2026-08-21T00:00:00Z,2026-08-21T02:00:00+0200,684.521,MW,DE,DE_LU,actual_offshore_wind_generation,Wind Offshore,2026-08-26T15:33:13Z
2026-08-26T15:27:09Z,2026-08-26T17:27:09+0200,ec44fe02-3364-422b-92bd-0daf191e06d6,2026-08-21T00:15:00Z,2026-08-21T02:15:00+0200,693.459,MW,DE,DE_LU,actual_offshore_wind_generation,Wind Offshore,2026-08-26T15:33:13Z
2026-08-26T15:27:09Z,2026-08-26T17:27:09+0200,ec44fe02-3364-422b-92bd-0daf191e06d6,2026-08-21T00:30:00Z,2026-08-21T02:30:00+0200,732.28,MW,DE,DE_LU,actual_offshore_wind_generation,Wind Offshore,2026-08-26T15:33:13Z
2026-08-26T15:27:09Z,2026-08-26T17:27:09+0200,ec44fe02-3364-422b-92bd-0daf191e06d6,2026-08-21T00:45:00Z,2026-08-21T02:45:00+0200,786.041,MW,DE,DE_LU,actual_offshore_wind_generation,Wind Offshore,2026-08-26T15:33:13Z
2026-08-26T15:27:09Z,2026-08-26T17:27:09+0200,ec44fe02-3364-422b-92bd-0daf191e06d6,2026-08-21T01:00:00Z,2026-08-21T03:00:00+0200,766.278,MW,DE,DE_LU,actual_offshore_wind_generation,Wind Offshore,2026-08-26T15:33:13Z
2026-08-26T15:27:09Z,2026-08-26T17:27:09+0200,ec44fe02-3364-422b-92bd-0daf191e06d6,2026-08-21T01:15:00Z,2026-08-21T03:15:00+0200,692.689,MW,DE,DE_LU,actual_offshore_wind_generation,Wind Offshore,2026-08-26T15:33:13Z
2026-08-26T15:27:09Z,2026-08-26T17:27:09+0200,ec44fe02-3364-422b-92bd-0daf191e06d6,2026-08-21T01:30:00Z,2026-08-21T03:30:00+0200,674.219,MW,DE,DE_LU,actual_offshore_wind_generation,Wind Offshore,2026-08-26T15:33:13Z
2026-08-26T15:27:09Z,2026-08-26T17:27:09+0200,ec44fe02-3364-422b-92bd-0daf191e06d6,2026-08-21T01:45:00Z,2026-08-21T03:45:00+0200,701.47,MW,DE,DE_LU,actual_offshore_wind_generation,Wind Offshore,2026-08-26T15:33:13Z
2026-08-26T15:27:09Z,2026-08-26T17:27:09+0200,ec44fe02-3364-422b-92bd-0daf191e06d6,2026-08-21T02:00:00Z,2026-08-21T04:00:00+0200,783.095,MW,DE,DE_LU,actual_offshore_wind_generation,Wind Offshore,2026-08-26T15:33:13Z
2026-08-26T15:27:09Z,2026-08-26T17:27:09+0200,ec44fe02-3364-422b-92bd-0daf191e06d6,2026-08-21T02:15:00Z,2026-08-21T04:15:00+0200,976.686,MW,DE,DE_LU,actual_offshore_wind_generation,Wind Offshore,2026-08-26T15:33:13Z
2026-08-26T15:27:09Z,2026-08-26T17:27:09+0200,ec44fe02-3364-422b-92bd-0daf191e06d6,2026-08-21T02:30:00Z,2026-08-21T04:30:00+0200,1116.471,MW,DE,DE_LU,actual_offshore_wind_generation,Wind Offshore,2026-08-26T15:33:13Z
2026-08-26T15:27:09Z,2026-08-26T17:27:09+0200,ec44fe02-3364-422b-92bd-0daf191e06d6,2026-08-21T02:45:00Z,2026-08-21T04:45:00+0200,1239.537,MW,DE,DE_LU,actual_offshore_wind_generation,Wind Offshore,2026-08-26T15:33:13Z
2026-08-26T15:27:09Z,2026-08-26T17:27:09+0200,ec44fe02-3364-422b-92bd-0daf191e06d6,2026-08-21T03:00:00Z,2026-08-21T05:00:00+0200,1252.026,MW,DE,DE_LU,actual_offshore_wind_generation,Wind Offshore,2026-08-26T15:33:13Z
2026-08-26T15:27:09Z,2026-08-26T17:27:09+0200,ec44fe02-3364-422b-92bd-0daf191e06d6,2026-08-21T03:15:00Z,2026-08-21T05:15:00+0200,1305.251,MW,DE,DE_LU,actual_offshore_wind_generation,Wind Offshore,2026-08-26T15:33:13Z
2026-08-26T15:27:09Z,2026-08-26T17:27:09+0200,ec44fe02-3364-422b-92bd-0daf191e06d6,2026-08-21T03:30:00Z,2026-08-21T05:30:00+0200,1291.805,MW,DE,DE_LU,actual_offshore_wind_generation,Wind Offshore,2026-08-26T15:33:13Z
2026-08-26T15:27:09Z,2026-08-26T17:27:09+0200,ec44fe02-3364-422b-92bd-0daf191e06d6,2026-08-21T03:45:00Z,2026-08-21T05:45:00+0200,1352.843,MW,DE,DE_LU,actual_offshore_wind_generation,Wind Offshore,2026-08-26T15:33:13Z
2026-08-26T15:27:09Z,2026-08-26T17:27:09+0200,ec44fe02-3364-422b-92bd-0daf191e06d6,2026-08-21T04:00:00Z,2026-08-21T06:00:00+0200,1531.304,MW,DE,DE_LU,actual_offshore_wind_generation,Wind Offshore,2026-08-26T15:33:13Z
2026-08-26T15:27:09Z,2026-08-26T17:27:09+0200,ec44fe02-3364-422b-92bd-0daf191e06d6,2026-08-21T04:15:00Z,2026-08-21T06:15:00+0200,1717.025,MW,DE,DE_LU,actual_offshore_wind_generation,Wind Offshore,2026-08-26T15:33:13Z
2026-08-26T15:27:09Z,2026-08-26T17:27:09+0200,ec44fe02-3364-422b-92bd-0daf191e06d6,2026-08-21T04:30:00Z,2026-08-21T06:30:00+0200,1930.032,MW,DE,DE_LU,actual_offshore_wind_generation,Wind Offshore,2026-08-26T15:33:13Z
2026-08-26T15:27:09Z,2026-08-26T17:27:09+0200,ec44fe02-3364-422b-92bd-0daf191e06d6,2026-08-21T04:45:00Z,2026-08-21T06:45:00+0200,2092.988,MW,DE,DE_LU,actual_offshore_wind_generation,Wind Offshore,2026-08-26T15:33:13Z
2026-08-26T15:27:09Z,2026-08-26T17:27:09+0200,ec44fe02-3364-422b-92bd-0daf191e06d6,2026-08-21T05:00:00Z,2026-08-21T07:00:00+0200,2115.09,MW,DE,DE_LU,actual_offshore_wind_generation,Wind Offshore,2026-08-26T15:33:13Z
2026-08-26T15:27:09Z,2026-08-26T17:27:09+0200,ec44fe02-3364-422b-92bd-0daf191e06d6,2026-08-21T05:15:00Z,2026-08-21T07:15:00+0200,2194.31,MW,DE,DE_LU,actual_offshore_wind_generation,Wind Offshore,2026-08-26T15:33:13Z
2026-08-26T15:27:09Z,2026-08-26T17:27:09+0200,ec44fe02-3364-422b-92bd-0daf191e06d6,2026-08-21T05:30:00Z,2026-08-21T07:30:00+0200,2491.711,MW,DE,DE_LU,actual_offshore_wind_generation,Wind Offshore,2026-08-26T15:33:13Z
2026-08-26T15:27:09Z,2026-08-26T17:27:09+0200,ec44fe02-3364-422b-92bd-0daf191e06d6,2026-08-21T05:45:00Z,2026-08-21T07:45:00+0200,2400.809,MW,DE,DE_LU,actual_offshore_wind_generation,Wind Offshore,2026-08-26T15:33:13Z
2026-08-26T15:27:09Z,2026-08-26T17:27:09+0200,ec44fe02-3364-422b-92bd-0daf191e06d6,2026-08-21T06:00:00Z,2026-08-21T08:00:00+0200,2286.348,MW,DE,DE_LU,actual_offshore_wind_generation,Wind Offshore,2026-08-26T15:33:13Z
2026-08-26T15:27:09Z,2026-08-26T17:27:09+0200,ec44fe02-3364-422b-92bd-0daf191e06d6,2026-08-21T06:15:00Z,2026-08-21T08:15:00+0200,2277.98,MW,DE,DE_LU,actual_offshore_wind_generation,Wind Offshore,2026-08-26T15:33:13Z
2026-08-26T15:27:09Z,2026-08-26T17:27:09+0200,ec44fe02-3364-422b-92bd-0daf191e06d6,2026-08-21T06:30:00Z,2026-08-21T08:30:00+0200,2181.071,MW,DE,DE_LU,actual_offshore_wind_generation,Wind Offshore,2026-08-26T15:33:13Z
2026-08-26T15:27:09Z,2026-08-26T17:27:09+0200,ec44fe02-3364-422b-92bd-0daf191e06d6,2026-08-21T06:45:00Z,2026-08-21T08:45:00+0200,2061.948,MW,DE,DE_LU,actual_offshore_wind_generation,Wind Offshore,2026-08-26T15:33:13Z
2026-08-26T15:27:09Z,2026-08-26T17:27:09+0200,ec44fe02-3364-422b-92bd-0daf191e06d6,2026-08-21T07:00:00Z,2026-08-21T09:00:00+0200,1838.314,MW,DE,DE_LU,actual_offshore_wind_generation,Wind Offshore,2026-08-26T15:33:13Z
2026-08-26T15:27:09Z,2026-08-26T17:27:09+0200,ec44fe02-3364-422b-92bd-0daf191e06d6,2026-08-21T07:15:00Z,2026-08-21T09:15:00+0200,1546.165,MW,DE,DE_LU,actual_offshore_wind_generation,Wind Offshore,2026-08-26T15:33:13Z
2026-08-26T15:27:09Z,2026-08-26T17:27:09+0200,ec44fe02-3364-422b-92bd-0daf191e06d6,2026-08-21T07:30:00Z,2026-08-21T09:30:00+0200,1415.091,MW,DE,DE_LU,actual_offshore_wind_generation,Wind Offshore,2026-08-26T15:33:13Z
2026-08-26T15:27:09Z,2026-08-26T17:27:09+0200,ec44fe02-3364-422b-92bd-0daf191e06d6,2026-08-21T07:45:00Z,2026-08-21T09:45:00+0200,1304.499,MW,DE,DE_LU,actual_offshore_wind_generation,Wind Offshore,2026-08-26T15:33:13Z
2026-08-26T15:27:09Z,2026-08-26T17:27:09+0200,ec44fe02-3364-422b-92bd-0daf191e06d6,2026-08-21T08:00:00Z,2026-08-21T10:00:00+0200,1170.211,MW,DE,DE_LU,actual_offshore_wind_generation,Wind Offshore,2026-08-26T15:33:13Z
2026-08-26T15:27:09Z,2026-08-26T17:27:09+0200,ec44fe02-3364-422b-92bd-0daf191e06d6,2026-08-21T08:15:00Z,2026-08-21T10:15:00+0200,1058.789,MW,DE,DE_LU,actual_offshore_wind_generation,Wind Offshore,2026-08-26T15:33:13Z
2026-08-26T15:27:09Z,2026-08-26T17:27:09+0200,ec44fe02-3364-422b-92bd-0daf191e06d6,2026-08-21T08:30:00Z,2026-08-21T10:30:00+0200,935.835,MW,DE,DE_LU,actual_offshore_wind_generation,Wind Offshore,2026-08-26T15:33:13Z
2026-08-26T15:27:09Z,2026-08-26T17:27:09+0200,ec44fe02-3364-422b-92bd-0daf191e06d6,2026-08-21T08:45:00Z,2026-08-21T10:45:00+0200,847.816,MW,DE,DE_LU,actual_offshore_wind_generation,Wind Offshore,2026-08-26T15:33:13Z
2026-08-26T15:27:09Z,2026-08-26T17:27:09+0200,ec44fe02-3364-422b-92bd-0daf191e06d6,2026-08-21T09:00:00Z,2026-08-21T11:00:00+0200,799.7,MW,DE,DE_LU,actual_offshore_wind_generation,Wind Offshore,2026-08-26T15:33:13Z
2026-08-26T15:27:09Z,2026-08-26T17:27:09+0200,ec44fe02-3364-422b-92bd-0daf191e06d6,2026-08-21T09:15:00Z,2026-08-21T11:15:00+0200,684.264,MW,DE,DE_LU,actual_offshore_wind_generation,Wind Offshore,2026-08-26T15:33:13Z
2026-08-26T15:27:09Z,2026-08-26T17:27:09+0200,ec44fe02-3364-422b-92bd-0daf191e06d6,2026-08-21T09:30:00Z,2026-08-21T11:30:00+0200,640.063,MW,DE,DE_LU,actual_offshore_wind_generation,Wind Offshore,2026-08-26T15:33:13Z
2026-08-26T15:27:09Z,2026-08-26T17:27:09+0200,ec44fe02-3364-422b-92bd-0daf191e06d6,2026-08-21T09:45:00Z,2026-08-21T11:45:00+0200,710.752,MW,DE,DE_LU,actual_offshore_wind_generation,Wind Offshore,2026-08-26T15:33:13Z
2026-08-26T15:27:09Z,2026-08-26T17:27:09+0200,ec44fe02-3364-422b-92bd-0daf191e06d6,2026-08-21T10:00:00Z,2026-08-21T12:00:00+0200,884.706,MW,DE,DE_LU,actual_offshore_wind_generation,Wind Offshore,2026-08-26T15:33:13Z
2026-08-26T15:27:09Z,2026-08-26T17:27:09+0200,ec44fe02-3364-422b-92bd-0daf191e06d6,2026-08-21T10:15:00Z,2026-08-21T12:15:00+0200,933.025,MW,DE,DE_LU,actual_offshore_wind_generation,Wind Offshore,2026-08-26T15:33:13Z
2026-08-26T15:27:09Z,2026-08-26T17:27:09+0200,ec44fe02-3364-422b-92bd-0daf191e06d6,2026-08-21T10:30:00Z,2026-08-21T12:30:00+0200,985.676,MW,DE,DE_LU,actual_offshore_wind_generation,Wind Offshore,2026-08-26T15:33:13Z
2026-08-26T15:27:09Z,2026-08-26T17:27:09+0200,ec44fe02-3364-422b-92bd-0daf191e06d6,2026-08-21T10:45:00Z,2026-08-21T12:45:00+0200,1033.66,MW,DE,DE_LU,actual_offshore_wind_generation,Wind Offshore,2026-08-26T15:33:13Z
2026-08-26T15:27:09Z,2026-08-26T17:27:09+0200,ec44fe02-3364-422b-92bd-0daf191e06d6,2026-08-21T11:00:00Z,2026-08-21T13:00:00+0200,1051.611,MW,DE,DE_LU,actual_offshore_wind_generation,Wind Offshore,2026-08-26T15:33:13Z
2026-08-26T15:27:09Z,2026-08-26T17:27:09+0200,ec44fe02-3364-422b-92bd-0daf191e06d6,2026-08-21T11:15:00Z,2026-08-21T13:15:00+0200,1032.351,MW,DE,DE_LU,actual_offshore_wind_generation,Wind Offshore,2026-08-26T15:33:13Z
2026-08-26T15:27:09Z,2026-08-26T17:27:09+0200,ec44fe02-3364-422b-92bd-0daf191e06d6,2026-08-21T11:30:00Z,2026-08-21T13:30:00+0200,1074.063,MW,DE,DE_LU,actual_offshore_wind_generation,Wind Offshore,2026-08-26T15:33:13Z
2026-08-26T15:27:09Z,2026-08-26T17:27:09+0200,ec44fe02-3364-422b-92bd-0daf191e06d6,2026-08-21T11:45:00Z,2026-08-21T13:45:00+0200,1028.157,MW,DE,DE_LU,actual_offshore_wind_generation,Wind Offshore,2026-08-26T15:33:13Z
2026-08-26T15:27:09Z,2026-08-26T17:27:09+0200,ec44fe02-3364-422b-92bd-0daf191e06d6,2026-08-21T12:00:00Z,2026-08-21T14:00:00+0200,967.79,MW,DE,DE_LU,actual_offshore_wind_generation,Wind Offshore,2026-08-26T15:33:13Z
2026-08-26T15:27:09Z,2026-08-26T17:27:09+0200,ec44fe02-3364-422b-92bd-0daf191e06d6,2026-08-21T12:15:00Z,2026-08-21T14:15:00+0200,896.054,MW,DE,DE_LU,actual_offshore_wind_generation,Wind Offshore,2026-08-26T15:33:13Z
2026-08-26T15:27:09Z,2026-08-26T17:27:09+0200,ec44fe02-3364-422b-92bd-0daf191e06d6,2026-08-21T12:30:00Z,2026-08-21T14:30:00+0200,907.533,MW,DE,DE_LU,actual_offshore_wind_generation,Wind Offshore,2026-08-26T15:33:13Z
2026-08-26T15:27:09Z,2026-08-26T17:27:09+0200,ec44fe02-3364-422b-92bd-0daf191e06d6,2026-08-21T12:45:00Z,2026-08-21T14:45:00+0200,896.402,MW,DE,DE_LU,actual_offshore_wind_generation,Wind Offshore,2026-08-26T15:33:13Z
2026-08-26T15:27:09Z,2026-08-26T17:27:09+0200,ec44fe02-3364-422b-92bd-0daf191e06d6,2026-08-21T13:00:00Z,2026-08-21T15:00:00+0200,953.655,MW,DE,DE_LU,actual_offshore_wind_generation,Wind Offshore,2026-08-26T15:33:13Z
2026-08-26T15:27:09Z,2026-08-26T17:27:09+0200,ec44fe02-3364-422b-92bd-0daf191e06d6,2026-08-21T13:15:00Z,2026-08-21T15:15:00+0200,1037.44,MW,DE,DE_LU,actual_offshore_wind_generation,Wind Offshore,2026-08-26T15:33:13Z
2026-08-26T15:27:09Z,2026-08-26T17:27:09+0200,ec44fe02-3364-422b-92bd-0daf191e06d6,2026-08-21T13:30:00Z,2026-08-21T15:30:00+0200,1149.076,MW,DE,DE_LU,actual_offshore_wind_generation,Wind Offshore,2026-08-26T15:33:13Z
2026-08-26T15:27:09Z,2026-08-26T17:27:09+0200,ec44fe02-3364-422b-92bd-0daf191e06d6,2026-08-21T13:45:00Z,2026-08-21T15:45:00+0200,1233.775,MW,DE,DE_LU,actual_offshore_wind_generation,Wind Offshore,2026-08-26T15:33:13Z
2026-08-26T15:27:09Z,2026-08-26T17:27:09+0200,ec44fe02-3364-422b-92bd-0daf191e06d6,2026-08-21T14:00:00Z,2026-08-21T16:00:00+0200,1248.413,MW,DE,DE_LU,actual_offshore_wind_generation,Wind Offshore,2026-08-26T15:33:13Z
2026-08-26T15:27:09Z,2026-08-26T17:27:09+0200,ec44fe02-3364-422b-92bd-0daf191e06d6,2026-08-21T14:15:00Z,2026-08-21T16:15:00+0200,1290.437,MW,DE,DE_LU,actual_offshore_wind_generation,Wind Offshore,2026-08-26T15:33:13Z
2026-08-26T15:27:09Z,2026-08-26T17:27:09+0200,ec44fe02-3364-422b-92bd-0daf191e06d6,2026-08-21T14:30:00Z,2026-08-21T16:30:00+0200,1321.888,MW,DE,DE_LU,actual_offshore_wind_generation,Wind Offshore,2026-08-26T15:33:13Z
2026-08-26T15:27:09Z,2026-08-26T17:27:09+0200,ec44fe02-3364-422b-92bd-0daf191e06d6,2026-08-21T14:45:00Z,2026-08-21T16:45:00+0200,1351.328,MW,DE,DE_LU,actual_offshore_wind_generation,Wind Offshore,2026-08-26T15:33:13Z
2026-08-26T15:27:09Z,2026-08-26T17:27:09+0200,ec44fe02-3364-422b-92bd-0daf191e06d6,2026-08-21T15:00:00Z,2026-08-21T17:00:00+0200,1343.066,MW,DE,DE_LU,actual_offshore_wind_generation,Wind Offshore,2026-08-26T15:33:13Z
2026-08-26T15:27:09Z,2026-08-26T17:27:09+0200,ec44fe02-3364-422b-92bd-0daf191e06d6,2026-08-21T15:15:00Z,2026-08-21T17:15:00+0200,1334.637,MW,DE,DE_LU,actual_offshore_wind_generation,Wind Offshore,2026-08-26T15:33:13Z
2026-08-26T15:27:09Z,2026-08-26T17:27:09+0200,ec44fe02-3364-422b-92bd-0daf191e06d6,2026-08-21T15:30:00Z,2026-08-21T17:30:00+0200,1214.079,MW,DE,DE_LU,actual_offshore_wind_generation,Wind Offshore,2026-08-26T15:33:13Z
2026-08-26T15:27:09Z,2026-08-26T17:27:09+0200,ec44fe02-3364-422b-92bd-0daf191e06d6,2026-08-21T15:45:00Z,2026-08-21T17:45:00+0200,1115.423,MW,DE,DE_LU,actual_offshore_wind_generation,Wind Offshore,2026-08-26T15:33:13Z
2026-08-26T15:27:09Z,2026-08-26T17:27:09+0200,ec44fe02-3364-422b-92bd-0daf191e06d6,2026-08-21T16:00:00Z,2026-08-21T18:00:00+0200,1138.584,MW,DE,DE_LU,actual_offshore_wind_generation,Wind Offshore,2026-08-26T15:33:13Z
2026-08-26T15:27:09Z,2026-08-26T17:27:09+0200,ec44fe02-3364-422b-92bd-0daf191e06d6,2026-08-21T16:15:00Z,2026-08-21T18:15:00+0200,1158.013,MW,DE,DE_LU,actual_offshore_wind_generation,Wind Offshore,2026-08-26T15:33:13Z
2026-08-26T15:27:09Z,2026-08-26T17:27:09+0200,ec44fe02-3364-422b-92bd-0daf191e06d6,2026-08-21T16:30:00Z,2026-08-21T18:30:00+0200,1192.046,MW,DE,DE_LU,actual_offshore_wind_generation,Wind Offshore,2026-08-26T15:33:13Z
2026-08-26T15:27:09Z,2026-08-26T17:27:09+0200,ec44fe02-3364-422b-92bd-0daf191e06d6,2026-08-21T16:45:00Z,2026-08-21T18:45:00+0200,1260.32,MW,DE,DE_LU,actual_offshore_wind_generation,Wind Offshore,2026-08-26T15:33:13Z
2026-08-26T15:27:09Z,2026-08-26T17:27:09+0200,ec44fe02-3364-422b-92bd-0daf191e06d6,2026-08-21T17:00:00Z,2026-08-21T19:00:00+0200,1268.466,MW,DE,DE_LU,actual_offshore_wind_generation,Wind Offshore,2026-08-26T15:33:13Z
2026-08-26T15:27:09Z,2026-08-26T17:27:09+0200,ec44fe02-3364-422b-92bd-0daf191e06d6,2026-08-21T17:15:00Z,2026-08-21T19:15:00+0200,1281.102,MW,DE,DE_LU,actual_offshore_wind_generation,Wind Offshore,2026-08-26T15:33:13Z
2026-08-26T15:27:09Z,2026-08-26T17:27:09+0200,ec44fe02-3364-422b-92bd-0daf191e06d6,2026-08-21T17:30:00Z,2026-08-21T19:30:00+0200,1208.441,MW,DE,DE_LU,actual_offshore_wind_generation,Wind Offshore,2026-08-26T15:33:13Z
2026-08-26T15:27:09Z,2026-08-26T17:27:09+0200,ec44fe02-3364-422b-92bd-0daf191e06d6,2026-08-21T17:45:00Z,2026-08-21T19:45:00+0200,1270.58,MW,DE,DE_LU,actual_offshore_wind_generation,Wind Offshore,2026-08-26T15:33:13Z
2026-08-26T15:27:09Z,2026-08-26T17:27:09+0200,ec44fe02-3364-422b-92bd-0daf191e06d6,2026-08-21T18:00:00Z,2026-08-21T20:00:00+0200,1452.021,MW,DE,DE_LU,actual_offshore_wind_generation,Wind Offshore,2026-08-26T15:33:13Z
2026-08-26T15:27:09Z,2026-08-26T17:27:09+0200,ec44fe02-3364-422b-92bd-0daf191e06d6,2026-08-21T18:15:00Z,2026-08-21T20:15:00+0200,1443.377,MW,DE,DE_LU,actual_offshore_wind_generation,Wind Offshore,2026-08-26T15:33:13Z
2026-08-26T15:27:09Z,2026-08-26T17:27:09+0200,ec44fe02-3364-422b-92bd-0daf191e06d6,2026-08-21T18:30:00Z,2026-08-21T20:30:00+0200,1511.982,MW,DE,DE_LU,actual_offshore_wind_generation,Wind Offshore,2026-08-26T15:33:13Z
2026-08-26T15:27:09Z,2026-08-26T17:27:09+0200,ec44fe02-3364-422b-92bd-0daf191e06d6,2026-08-21T18:45:00Z,2026-08-21T20:45:00+0200,1631.103,MW,DE,DE_LU,actual_offshore_wind_generation,Wind Offshore,2026-08-26T15:33:13Z
2026-08-26T15:27:09Z,2026-08-26T17:27:09+0200,ec44fe02-3364-422b-92bd-0daf191e06d6,2026-08-21T19:00:00Z,2026-08-21T21:00:00+0200,1936.39,MW,DE,DE_LU,actual_offshore_wind_generation,Wind Offshore,2026-08-26T15:33:13Z
2026-08-26T15:27:09Z,2026-08-26T17:27:09+0200,ec44fe02-3364-422b-92bd-0daf191e06d6,2026-08-21T19:15:00Z,2026-08-21T21:15:00+0200,2037.179,MW,DE,DE_LU,actual_offshore_wind_generation,Wind Offshore,2026-08-26T15:33:13Z
2026-08-26T15:27:09Z,2026-08-26T17:27:09+0200,ec44fe02-3364-422b-92bd-0daf191e06d6,2026-08-21T19:30:00Z,2026-08-21T21:30:00+0200,2153.379,MW,DE,DE_LU,actual_offshore_wind_generation,Wind Offshore,2026-08-26T15:33:13Z
2026-08-26T15:27:09Z,2026-08-26T17:27:09+0200,ec44fe02-3364-422b-92bd-0daf191e06d6,2026-08-21T19:45:00Z,2026-08-21T21:45:00+0200,2217.967,MW,DE,DE_LU,actual_offshore_wind_generation,Wind Offshore,2026-08-26T15:33:13Z
2026-08-26T15:27:09Z,2026-08-26T17:27:09+0200,ec44fe02-3364-422b-92bd-0daf191e06d6,2026-08-21T20:00:00Z,2026-08-21T22:00:00+0200,2049.59,MW,DE,DE_LU,actual_offshore_wind_generation,Wind Offshore,2026-08-26T15:33:13Z
2026-08-26T15:27:09Z,2026-08-26T17:27:09+0200,ec44fe02-3364-422b-92bd-0daf191e06d6,2026-08-21T20:15:00Z,2026-08-21T22:15:00+0200,1957.73,MW,DE,DE_LU,actual_offshore_wind_generation,Wind Offshore,2026-08-26T15:33:13Z
2026-08-26T15:27:09Z,2026-08-26T17:27:09+0200,ec44fe02-3364-422b-92bd-0daf191e06d6,2026-08-21T20:30:00Z,2026-08-21T22:30:00+0200,2055.838,MW,DE,DE_LU,actual_offshore_wind_generation,Wind Offshore,2026-08-26T15:33:13Z
2026-08-26T15:27:09Z,2026-08-26T17:27:09+0200,ec44fe02-3364-422b-92bd-0daf191e06d6,2026-08-21T20:45:00Z,2026-08-21T22:45:00+0200,2280.328,MW,DE,DE_LU,actual_offshore_wind_generation,Wind Offshore,2026-08-26T15:33:13Z
2026-08-26T15:27:09Z,2026-08-26T17:27:09+0200,ec44fe02-3364-422b-92bd-0daf191e06d6,2026-08-21T21:00:00Z,2026-08-21T23:00:00+0200,2410.746,MW,DE,DE_LU,actual_offshore_wind_generation,Wind Offshore,2026-08-26T15:33:13Z
2026-08-26T15:27:09Z,2026-08-26T17:27:09+0200,ec44fe02-3364-422b-92bd-0daf191e06d6,2026-08-21T21:15:00Z,2026-08-21T23:15:00+0200,2441.178,MW,DE,DE_LU,actual_offshore_wind_generation,Wind Offshore,2026-08-26T15:33:13Z
2026-08-26T15:27:09Z,2026-08-26T17:27:09+0200,ec44fe02-3364-422b-92bd-0daf191e06d6,2026-08-21T21:30:00Z,2026-08-21T23:30:00+0200,2645.946,MW,DE,DE_LU,actual_offshore_wind_generation,Wind Offshore,2026-08-26T15:33:13Z
2026-08-26T15:27:09Z,2026-08-26T17:27:09+0200,ec44fe02-3364-422b-92bd-0daf191e06d6,2026-08-21T21:45:00Z,2026-08-21T23:45:00+0200,2666.143,MW,DE,DE_LU,actual_offshore_wind_generation,Wind Offshore,2026-08-26T15:33:13Z
2026-08-26T15:27:09Z,2026-08-26T17:27:09+0200,ec44fe02-3364-422b-92bd-0daf191e06d6,2026-08-21T22:00:00Z,2026-08-22T00:00:00+0200,2613.69,MW,DE,DE_LU,actual_offshore_wind_generation,Wind Offshore,2026-08-26T15:33:13Z
2026-08-26T15:27:09Z,2026-08-26T17:27:09+0200,ec44fe02-3364-422b-92bd-0daf191e06d6,2026-08-21T22:15:00Z,2026-08-22T00:15:00+0200,2638.648,MW,DE,DE_LU,actual_offshore_wind_generation,Wind Offshore,2026-08-26T15:33:13Z
2026-08-26T15:27:09Z,2026-08-26T17:27:09+0200,ec44fe02-3364-422b-92bd-0daf191e06d6,2026-08-21T22:30:00Z,2026-08-22T00:30:00+0200,2723.945,MW,DE,DE_LU,actual_offshore_wind_generation,Wind Offshore,2026-08-26T15:33:13Z
2026-08-26T15:27:09Z,2026-08-26T17:27:09+0200,ec44fe02-3364-422b-92bd-0daf191e06d6,2026-08-21T22:45:00Z,2026-08-22T00:45:00+0200,3000.649,MW,DE,DE_LU,actual_offshore_wind_generation,Wind Offshore,2026-08-26T15:33:13Z
2026-08-26T15:27:09Z,2026-08-26T17:27:09+0200,ec44fe02-3364-422b-92bd-0daf191e06d6,2026-08-21T23:00:00Z,2026-08-22T01:00:00+0200,3496.12,MW,DE,DE_LU,actual_offshore_wind_generation,Wind Offshore,2026-08-26T15:33:13Z
2026-08-26T15:27:09Z,2026-08-26T17:27:09+0200,ec44fe02-3364-422b-92bd-0daf191e06d6,2026-08-21T23:15:00Z,2026-08-22T01:15:00+0200,3688.817,MW,DE,DE_LU,actual_offshore_wind_generation,Wind Offshore,2026-08-26T15:33:13Z
2026-08-26T15:27:09Z,2026-08-26T17:27:09+0200,ec44fe02-3364-422b-92bd-0daf191e06d6,2026-08-21T23:30:00Z,2026-08-22T01:30:00+0200,3655.637,MW,DE,DE_LU,actual_offshore_wind_generation,Wind Offshore,2026-08-26T15:33:13Z
2026-08-26T15:27:09Z,2026-08-26T17:27:09+0200,ec44fe02-3364-422b-92bd-0daf191e06d6,2026-08-21T23:45:00Z,2026-08-22T01:45:00+0200,3921.46,MW,DE,DE_LU,actual_offshore_wind_generation,Wind Offshore,2026-08-26T15:33:13Z
2026-08-26T15:27:09Z,2026-08-26T17:27:09+0200,ec44fe02-3364-422b-92bd-0daf191e06d6,2026-08-22T00:00:00Z,2026-08-22T02:00:00+0200,4120.415,MW,DE,DE_LU,actual_offshore_wind_generation,Wind Offshore,2026-08-26T15:33:13Z
2026-08-26T15:27:09Z,2026-08-26T17:27:09+0200,ec44fe02-3364-422b-92bd-0daf191e06d6,2026-08-22T00:15:00Z,2026-08-22T02:15:00+0200,4375.985,MW,DE,DE_LU,actual_offshore_wind_generation,Wind Offshore,2026-08-26T15:33:13Z
2026-08-26T15:27:09Z,2026-08-26T17:27:09+0200,ec44fe02-3364-422b-92bd-0daf191e06d6,2026-08-22T00:30:00Z,2026-08-22T02:30:00+0200,4543.659,MW,DE,DE_LU,actual_offshore_wind_generation,Wind Offshore,2026-08-26T15:33:13Z
2026-08-26T15:27:09Z,2026-08-26T17:27:09+0200,ec44fe02-3364-422b-92bd-0daf191e06d6,2026-08-22T00:45:00Z,2026-08-22T02:45:00+0200,4809.864,MW,DE,DE_LU,actual_offshore_wind_generation,Wind Offshore,2026-08-26T15:33:13Z
2026-08-26T15:27:09Z,2026-08-26T17:27:09+0200,ec44fe02-3364-422b-92bd-0daf191e06d6,2026-08-22T01:00:00Z,2026-08-22T03:00:00+0200,4628.762,MW,DE,DE_LU,actual_offshore_wind_generation,Wind Offshore,2026-08-26T15:33:13Z
2026-08-26T15:27:09Z,2026-08-26T17:27:09+0200,ec44fe02-3364-422b-92bd-0daf191e06d6,2026-08-22T01:15:00Z,2026-08-22T03:15:00+0200,4597.978,MW,DE,DE_LU,actual_offshore_wind_generation,Wind Offshore,2026-08-26T15:33:13Z
2026-08-26T15:27:09Z,2026-08-26T17:27:09+0200,ec44fe02-3364-422b-92bd-0daf191e06d6,2026-08-22T01:30:00Z,2026-08-22T03:30:00+0200,4592.591,MW,DE,DE_LU,actual_offshore_wind_generation,Wind Offshore,2026-08-26T15:33:13Z
2026-08-26T15:27:09Z,2026-08-26T17:27:09+0200,ec44fe02-3364-422b-92bd-0daf191e06d6,2026-08-22T01:45:00Z,2026-08-22T03:45:00+0200,4599.057,MW,DE,DE_LU,actual_offshore_wind_generation,Wind Offshore,2026-08-26T15:33:13Z
2026-08-26T15:27:09Z,2026-08-26T17:27:09+0200,ec44fe02-3364-422b-92bd-0daf191e06d6,2026-08-22T02:00:00Z,2026-08-22T04:00:00+0200,4423.505,MW,DE,DE_LU,actual_offshore_wind_generation,Wind Offshore,2026-08-26T15:33:13Z
2026-08-26T15:27:09Z,2026-08-26T17:27:09+0200,ec44fe02-3364-422b-92bd-0daf191e06d6,2026-08-22T02:15:00Z,2026-08-22T04:15:00+0200,4476.295,MW,DE,DE_LU,actual_offshore_wind_generation,Wind Offshore,2026-08-26T15:33:13Z
2026-08-26T15:27:09Z,2026-08-26T17:27:09+0200,ec44fe02-3364-422b-92bd-0daf191e06d6,2026-08-22T02:30:00Z,2026-08-22T04:30:00+0200,4928.267,MW,DE,DE_LU,actual_offshore_wind_generation,Wind Offshore,2026-08-26T15:33:13Z
2026-08-26T15:27:09Z,2026-08-26T17:27:09+0200,ec44fe02-3364-422b-92bd-0daf191e06d6,2026-08-22T02:45:00Z,2026-08-22T04:45:00+0200,5356.857,MW,DE,DE_LU,actual_offshore_wind_generation,Wind Offshore,2026-08-26T15:33:13Z
2026-08-26T15:27:09Z,2026-08-26T17:27:09+0200,ec44fe02-3364-422b-92bd-0daf191e06d6,2026-08-22T03:00:00Z,2026-08-22T05:00:00+0200,5436.343,MW,DE,DE_LU,actual_offshore_wind_generation,Wind Offshore,2026-08-26T15:33:13Z
2026-08-26T15:27:09Z,2026-08-26T17:27:09+0200,ec44fe02-3364-422b-92bd-0daf191e06d6,2026-08-22T03:15:00Z,2026-08-22T05:15:00+0200,5433.641,MW,DE,DE_LU,actual_offshore_wind_generation,Wind Offshore,2026-08-26T15:33:13Z
2026-08-26T15:27:09Z,2026-08-26T17:27:09+0200,ec44fe02-3364-422b-92bd-0daf191e06d6,2026-08-22T03:30:00Z,2026-08-22T05:30:00+0200,5454.107,MW,DE,DE_LU,actual_offshore_wind_generation,Wind Offshore,2026-08-26T15:33:13Z
2026-08-26T15:27:09Z,2026-08-26T17:27:09+0200,ec44fe02-3364-422b-92bd-0daf191e06d6,2026-08-22T03:45:00Z,2026-08-22T05:45:00+0200,5845.431,MW,DE,DE_LU,actual_offshore_wind_generation,Wind Offshore,2026-08-26T15:33:13Z
2026-08-26T15:27:09Z,2026-08-26T17:27:09+0200,ec44fe02-3364-422b-92bd-0daf191e06d6,2026-08-22T04:00:00Z,2026-08-22T06:00:00+0200,6158.694,MW,DE,DE_LU,actual_offshore_wind_generation,Wind Offshore,2026-08-26T15:33:13Z
2026-08-26T15:27:09Z,2026-08-26T17:27:09+0200,ec44fe02-3364-422b-92bd-0daf191e06d6,2026-08-22T04:15:00Z,2026-08-22T06:15:00+0200,6299.025,MW,DE,DE_LU,actual_offshore_wind_generation,Wind Offshore,2026-08-26T15:33:13Z
2026-08-26T15:27:09Z,2026-08-26T17:27:09+0200,ec44fe02-3364-422b-92bd-0daf191e06d6,2026-08-22T04:30:00Z,2026-08-22T06:30:00+0200,6390.181,MW,DE,DE_LU,actual_offshore_wind_generation,Wind Offshore,2026-08-26T15:33:13Z
2026-08-26T15:27:09Z,2026-08-26T17:27:09+0200,ec44fe02-3364-422b-92bd-0daf191e06d6,2026-08-22T04:45:00Z,2026-08-22T06:45:00+0200,6299.786,MW,DE,DE_LU,actual_offshore_wind_generation,Wind Offshore,2026-08-26T15:33:13Z
2026-08-26T15:27:09Z,2026-08-26T17:27:09+0200,ec44fe02-3364-422b-92bd-0daf191e06d6,2026-08-22T05:00:00Z,2026-08-22T07:00:00+0200,6210.874,MW,DE,DE_LU,actual_offshore_wind_generation,Wind Offshore,2026-08-26T15:33:13Z
2026-08-26T15:27:09Z,2026-08-26T17:27:09+0200,ec44fe02-3364-422b-92bd-0daf191e06d6,2026-08-22T05:15:00Z,2026-08-22T07:15:00+0200,6680.458,MW,DE,DE_LU,actual_offshore_wind_generation,Wind Offshore,2026-08-26T15:33:13Z
2026-08-26T15:27:09Z,2026-08-26T17:27:09+0200,ec44fe02-3364-422b-92bd-0daf191e06d6,2026-08-22T05:30:00Z,2026-08-22T07:30:00+0200,6900.69,MW,DE,DE_LU,actual_offshore_wind_generation,Wind Offshore,2026-08-26T15:33:13Z
2026-08-26T15:27:09Z,2026-08-26T17:27:09+0200,ec44fe02-3364-422b-92bd-0daf191e06d6,2026-08-22T05:45:00Z,2026-08-22T07:45:00+0200,7067.979,MW,DE,DE_LU,actual_offshore_wind_generation,Wind Offshore,2026-08-26T15:33:13Z
2026-08-26T15:27:09Z,2026-08-26T17:27:09+0200,ec44fe02-3364-422b-92bd-0daf191e06d6,2026-08-22T06:00:00Z,2026-08-22T08:00:00+0200,7036.615,MW,DE,DE_LU,actual_offshore_wind_generation,Wind Offshore,2026-08-26T15:33:13Z
2026-08-26T15:27:09Z,2026-08-26T17:27:09+0200,ec44fe02-3364-422b-92bd-0daf191e06d6,2026-08-22T06:15:00Z,2026-08-22T08:15:00+0200,6510.954,MW,DE,DE_LU,actual_offshore_wind_generation,Wind Offshore,2026-08-26T15:33:13Z
2026-08-26T15:27:09Z,2026-08-26T17:27:09+0200,ec44fe02-3364-422b-92bd-0daf191e06d6,2026-08-22T06:30:00Z,2026-08-22T08:30:00+0200,6546.377,MW,DE,DE_LU,actual_offshore_wind_generation,Wind Offshore,2026-08-26T15:33:13Z
2026-08-26T15:27:09Z,2026-08-26T17:27:09+0200,ec44fe02-3364-422b-92bd-0daf191e06d6,2026-08-22T06:45:00Z,2026-08-22T08:45:00+0200,6291.555,MW,DE,DE_LU,actual_offshore_wind_generation,Wind Offshore,2026-08-26T15:33:13Z
2026-08-26T15:27:09Z,2026-08-26T17:27:09+0200,ec44fe02-3364-422b-92bd-0daf191e06d6,2026-08-22T07:00:00Z,2026-08-22T09:00:00+0200,6173.555,MW,DE,DE_LU,actual_offshore_wind_generation,Wind Offshore,2026-08-26T15:33:13Z
2026-08-26T15:27:09Z,2026-08-26T17:27:09+0200,ec44fe02-3364-422b-92bd-0daf191e06d6,2026-08-22T07:15:00Z,2026-08-22T09:15:00+0200,6430.108,MW,DE,DE_LU,actual_offshore_wind_generation,Wind Offshore,2026-08-26T15:33:13Z
2026-08-26T15:27:09Z,2026-08-26T17:27:09+0200,ec44fe02-3364-422b-92bd-0daf191e06d6,2026-08-22T07:30:00Z,2026-08-22T09:30:00+0200,6766.028,MW,DE,DE_LU,actual_offshore_wind_generation,Wind Offshore,2026-08-26T15:33:13Z
2026-08-26T15:27:09Z,2026-08-26T17:27:09+0200,ec44fe02-3364-422b-92bd-0daf191e06d6,2026-08-22T07:45:00Z,2026-08-22T09:45:00+0200,6555.91,MW,DE,DE_LU,actual_offshore_wind_generation,Wind Offshore,2026-08-26T15:33:13Z
2026-08-26T15:27:09Z,2026-08-26T17:27:09+0200,ec44fe02-3364-422b-92bd-0daf191e06d6,2026-08-22T08:00:00Z,2026-08-22T10:00:00+0200,6063.372,MW,DE,DE_LU,actual_offshore_wind_generation,Wind Offshore,2026-08-26T15:33:13Z
2026-08-26T15:27:09Z,2026-08-26T17:27:09+0200,ec44fe02-3364-422b-92bd-0daf191e06d6,2026-08-22T08:15:00Z,2026-08-22T10:15:00+0200,5459.925,MW,DE,DE_LU,actual_offshore_wind_generation,Wind Offshore,2026-08-26T15:33:13Z
2026-08-26T15:27:09Z,2026-08-26T17:27:09+0200,ec44fe02-3364-422b-92bd-0daf191e06d6,2026-08-22T08:30:00Z,2026-08-22T10:30:00+0200,6012.226,MW,DE,DE_LU,actual_offshore_wind_generation,Wind Offshore,2026-08-26T15:33:13Z
2026-08-26T15:27:09Z,2026-08-26T17:27:09+0200,ec44fe02-3364-422b-92bd-0daf191e06d6,2026-08-22T08:45:00Z,2026-08-22T10:45:00+0200,6278.557,MW,DE,DE_LU,actual_offshore_wind_generation,Wind Offshore,2026-08-26T15:33:13Z
2026-08-26T15:27:09Z,2026-08-26T17:27:09+0200,ec44fe02-3364-422b-92bd-0daf191e06d6,2026-08-22T09:00:00Z,2026-08-22T11:00:00+0200,5713.374,MW,DE,DE_LU,actual_offshore_wind_generation,Wind Offshore,2026-08-26T15:33:13Z
2026-08-26T15:27:09Z,2026-08-26T17:27:09+0200,ec44fe02-3364-422b-92bd-0daf191e06d6,2026-08-22T09:15:00Z,2026-08-22T11:15:00+0200,5772.951,MW,DE,DE_LU,actual_offshore_wind_generation,Wind Offshore,2026-08-26T15:33:13Z
2026-08-26T15:27:09Z,2026-08-26T17:27:09+0200,ec44fe02-3364-422b-92bd-0daf191e06d6,2026-08-22T09:30:00Z,2026-08-22T11:30:00+0200,5849.237,MW,DE,DE_LU,actual_offshore_wind_generation,Wind Offshore,2026-08-26T15:33:13Z
2026-08-26T15:27:09Z,2026-08-26T17:27:09+0200,ec44fe02-3364-422b-92bd-0daf191e06d6,2026-08-22T09:45:00Z,2026-08-22T11:45:00+0200,5627.246,MW,DE,DE_LU,actual_offshore_wind_generation,Wind Offshore,2026-08-26T15:33:13Z
2026-08-26T15:27:09Z,2026-08-26T17:27:09+0200,ec44fe02-3364-422b-92bd-0daf191e06d6,2026-08-22T10:00:00Z,2026-08-22T12:00:00+0200,5598.888,MW,DE,DE_LU,actual_offshore_wind_generation,Wind Offshore,2026-08-26T15:33:13Z
2026-08-26T15:27:09Z,2026-08-26T17:27:09+0200,ec44fe02-3364-422b-92bd-0daf191e06d6,2026-08-22T10:15:00Z,2026-08-22T12:15:00+0200,5339.784,MW,DE,DE_LU,actual_offshore_wind_generation,Wind Offshore,2026-08-26T15:33:13Z
2026-08-26T15:27:09Z,2026-08-26T17:27:09+0200,ec44fe02-3364-422b-92bd-0daf191e06d6,2026-08-22T10:30:00Z,2026-08-22T12:30:00+0200,5219.35,MW,DE,DE_LU,actual_offshore_wind_generation,Wind Offshore,2026-08-26T15:33:13Z
2026-08-26T15:27:09Z,2026-08-26T17:27:09+0200,ec44fe02-3364-422b-92bd-0daf191e06d6,2026-08-22T10:45:00Z,2026-08-22T12:45:00+0200,5427.406,MW,DE,DE_LU,actual_offshore_wind_generation,Wind Offshore,2026-08-26T15:33:13Z
2026-08-26T15:27:09Z,2026-08-26T17:27:09+0200,ec44fe02-3364-422b-92bd-0daf191e06d6,2026-08-22T11:00:00Z,2026-08-22T13:00:00+0200,5503.885,MW,DE,DE_LU,actual_offshore_wind_generation,Wind Offshore,2026-08-26T15:33:13Z
2026-08-26T15:27:09Z,2026-08-26T17:27:09+0200,ec44fe02-3364-422b-92bd-0daf191e06d6,2026-08-22T11:15:00Z,2026-08-22T13:15:00+0200,5502.953,MW,DE,DE_LU,actual_offshore_wind_generation,Wind Offshore,2026-08-26T15:33:13Z
2026-08-26T15:27:09Z,2026-08-26T17:27:09+0200,ec44fe02-3364-422b-92bd-0daf191e06d6,2026-08-22T11:30:00Z,2026-08-22T13:30:00+0200,5571.037,MW,DE,DE_LU,actual_offshore_wind_generation,Wind Offshore,2026-08-26T15:33:13Z
2026-08-26T15:27:09Z,2026-08-26T17:27:09+0200,ec44fe02-3364-422b-92bd-0daf191e06d6,2026-08-22T11:45:00Z,2026-08-22T13:45:00+0200,5654.531,MW,DE,DE_LU,actual_offshore_wind_generation,Wind Offshore,2026-08-26T15:33:13Z
2026-08-26T15:27:09Z,2026-08-26T17:27:09+0200,ec44fe02-3364-422b-92bd-0daf191e06d6,2026-08-22T12:00:00Z,2026-08-22T14:00:00+0200,5795.421,MW,DE,DE_LU,actual_offshore_wind_generation,Wind Offshore,2026-08-26T15:33:13Z
2026-08-26T15:27:09Z,2026-08-26T17:27:09+0200,ec44fe02-3364-422b-92bd-0daf191e06d6,2026-08-22T12:15:00Z,2026-08-22T14:15:00+0200,5548.736,MW,DE,DE_LU,actual_offshore_wind_generation,Wind Offshore,2026-08-26T15:33:13Z
2026-08-26T15:27:09Z,2026-08-26T17:27:09+0200,ec44fe02-3364-422b-92bd-0daf191e06d6,2026-08-22T12:30:00Z,2026-08-22T14:30:00+0200,5507.446,MW,DE,DE_LU,actual_offshore_wind_generation,Wind Offshore,2026-08-26T15:33:13Z
2026-08-26T15:27:09Z,2026-08-26T17:27:09+0200,ec44fe02-3364-422b-92bd-0daf191e06d6,2026-08-22T12:45:00Z,2026-08-22T14:45:00+0200,5619.114,MW,DE,DE_LU,actual_offshore_wind_generation,Wind Offshore,2026-08-26T15:33:13Z
2026-08-26T15:27:09Z,2026-08-26T17:27:09+0200,ec44fe02-3364-422b-92bd-0daf191e06d6,2026-08-22T13:00:00Z,2026-08-22T15:00:00+0200,5611.36,MW,DE,DE_LU,actual_offshore_wind_generation,Wind Offshore,2026-08-26T15:33:13Z
2026-08-26T15:27:09Z,2026-08-26T17:27:09+0200,ec44fe02-3364-422b-92bd-0daf191e06d6,2026-08-22T13:15:00Z,2026-08-22T15:15:00+0200,5512.407,MW,DE,DE_LU,actual_offshore_wind_generation,Wind Offshore,2026-08-26T15:33:13Z
2026-08-26T15:27:09Z,2026-08-26T17:27:09+0200,ec44fe02-3364-422b-92bd-0daf191e06d6,2026-08-22T13:30:00Z,2026-08-22T15:30:00+0200,5773.859,MW,DE,DE_LU,actual_offshore_wind_generation,Wind Offshore,2026-08-26T15:33:13Z
2026-08-26T15:27:09Z,2026-08-26T17:27:09+0200,ec44fe02-3364-422b-92bd-0daf191e06d6,2026-08-22T13:45:00Z,2026-08-22T15:45:00+0200,5916.519,MW,DE,DE_LU,actual_offshore_wind_generation,Wind Offshore,2026-08-26T15:33:13Z
2026-08-26T15:27:09Z,2026-08-26T17:27:09+0200,ec44fe02-3364-422b-92bd-0daf191e06d6,2026-08-22T14:00:00Z,2026-08-22T16:00:00+0200,5794.671,MW,DE,DE_LU,actual_offshore_wind_generation,Wind Offshore,2026-08-26T15:33:13Z
2026-08-26T15:27:09Z,2026-08-26T17:27:09+0200,ec44fe02-3364-422b-92bd-0daf191e06d6,2026-08-22T14:15:00Z,2026-08-22T16:15:00+0200,5574.859,MW,DE,DE_LU,actual_offshore_wind_generation,Wind Offshore,2026-08-26T15:33:13Z
2026-08-26T15:27:09Z,2026-08-26T17:27:09+0200,ec44fe02-3364-422b-92bd-0daf191e06d6,2026-08-22T14:30:00Z,2026-08-22T16:30:00+0200,5575.372,MW,DE,DE_LU,actual_offshore_wind_generation,Wind Offshore,2026-08-26T15:33:13Z
2026-08-26T15:27:09Z,2026-08-26T17:27:09+0200,ec44fe02-3364-422b-92bd-0daf191e06d6,2026-08-22T14:45:00Z,2026-08-22T16:45:00+0200,5597.033,MW,DE,DE_LU,actual_offshore_wind_generation,Wind Offshore,2026-08-26T15:33:13Z
2026-08-26T15:27:09Z,2026-08-26T17:27:09+0200,ec44fe02-3364-422b-92bd-0daf191e06d6,2026-08-22T15:00:00Z,2026-08-22T17:00:00+0200,6229.596,MW,DE,DE_LU,actual_offshore_wind_generation,Wind Offshore,2026-08-26T15:33:13Z
2026-08-26T15:27:09Z,2026-08-26T17:27:09+0200,ec44fe02-3364-422b-92bd-0daf191e06d6,2026-08-22T15:15:00Z,2026-08-22T17:15:00+0200,6512.914,MW,DE,DE_LU,actual_offshore_wind_generation,Wind Offshore,2026-08-26T15:33:13Z
2026-08-26T15:27:09Z,2026-08-26T17:27:09+0200,ec44fe02-3364-422b-92bd-0daf191e06d6,2026-08-22T15:30:00Z,2026-08-22T17:30:00+0200,6294.075,MW,DE,DE_LU,actual_offshore_wind_generation,Wind Offshore,2026-08-26T15:33:13Z
2026-08-26T15:27:09Z,2026-08-26T17:27:09+0200,ec44fe02-3364-422b-92bd-0daf191e06d6,2026-08-22T15:45:00Z,2026-08-22T17:45:00+0200,6599.629,MW,DE,DE_LU,actual_offshore_wind_generation,Wind Offshore,2026-08-26T15:33:13Z
2026-08-26T15:27:09Z,2026-08-26T17:27:09+0200,ec44fe02-3364-422b-92bd-0daf191e06d6,2026-08-22T16:00:00Z,2026-08-22T18:00:00+0200,7330.779,MW,DE,DE_LU,actual_offshore_wind_generation,Wind Offshore,2026-08-26T15:33:13Z
2026-08-26T15:27:09Z,2026-08-26T17:27:09+0200,ec44fe02-3364-422b-92bd-0daf191e06d6,2026-08-22T16:15:00Z,2026-08-22T18:15:00+0200,6715.506,MW,DE,DE_LU,actual_offshore_wind_generation,Wind Offshore,2026-08-26T15:33:13Z
2026-08-26T15:27:09Z,2026-08-26T17:27:09+0200,ec44fe02-3364-422b-92bd-0daf191e06d6,2026-08-22T16:30:00Z,2026-08-22T18:30:00+0200,6450.462,MW,DE,DE_LU,actual_offshore_wind_generation,Wind Offshore,2026-08-26T15:33:13Z
2026-08-26T15:27:09Z,2026-08-26T17:27:09+0200,ec44fe02-3364-422b-92bd-0daf191e06d6,2026-08-22T16:45:00Z,2026-08-22T18:45:00+0200,6110.771,MW,DE,DE_LU,actual_offshore_wind_generation,Wind Offshore,2026-08-26T15:33:13Z
2026-08-26T15:27:09Z,2026-08-26T17:27:09+0200,ec44fe02-3364-422b-92bd-0daf191e06d6,2026-08-22T17:00:00Z,2026-08-22T19:00:00+0200,6630.946,MW,DE,DE_LU,actual_offshore_wind_generation,Wind Offshore,2026-08-26T15:33:13Z
2026-08-26T15:27:09Z,2026-08-26T17:27:09+0200,ec44fe02-3364-422b-92bd-0daf191e06d6,2026-08-22T17:15:00Z,2026-08-22T19:15:00+0200,6328.561,MW,DE,DE_LU,actual_offshore_wind_generation,Wind Offshore,2026-08-26T15:33:13Z
2026-08-26T15:27:09Z,2026-08-26T17:27:09+0200,ec44fe02-3364-422b-92bd-0daf191e06d6,2026-08-22T17:30:00Z,2026-08-22T19:30:00+0200,6213.057,MW,DE,DE_LU,actual_offshore_wind_generation,Wind Offshore,2026-08-26T15:33:13Z
2026-08-26T15:27:09Z,2026-08-26T17:27:09+0200,ec44fe02-3364-422b-92bd-0daf191e06d6,2026-08-22T17:45:00Z,2026-08-22T19:45:00+0200,6131.38,MW,DE,DE_LU,actual_offshore_wind_generation,Wind Offshore,2026-08-26T15:33:13Z
2026-08-26T15:27:09Z,2026-08-26T17:27:09+0200,ec44fe02-3364-422b-92bd-0daf191e06d6,2026-08-22T18:00:00Z,2026-08-22T20:00:00+0200,6359.118,MW,DE,DE_LU,actual_offshore_wind_generation,Wind Offshore,2026-08-26T15:33:13Z
2026-08-26T15:27:09Z,2026-08-26T17:27:09+0200,ec44fe02-3364-422b-92bd-0daf191e06d6,2026-08-22T18:15:00Z,2026-08-22T20:15:00+0200,6419.731,MW,DE,DE_LU,actual_offshore_wind_generation,Wind Offshore,2026-08-26T15:33:13Z
2026-08-26T15:27:09Z,2026-08-26T17:27:09+0200,ec44fe02-3364-422b-92bd-0daf191e06d6,2026-08-22T18:30:00Z,2026-08-22T20:30:00+0200,6359.681,MW,DE,DE_LU,actual_offshore_wind_generation,Wind Offshore,2026-08-26T15:33:13Z
2026-08-26T15:27:09Z,2026-08-26T17:27:09+0200,ec44fe02-3364-422b-92bd-0daf191e06d6,2026-08-22T18:45:00Z,2026-08-22T20:45:00+0200,6226.877,MW,DE,DE_LU,actual_offshore_wind_generation,Wind Offshore,2026-08-26T15:33:13Z
2026-08-26T15:27:09Z,2026-08-26T17:27:09+0200,ec44fe02-3364-422b-92bd-0daf191e06d6,2026-08-22T19:00:00Z,2026-08-22T21:00:00+0200,6301.984,MW,DE,DE_LU,actual_offshore_wind_generation,Wind Offshore,2026-08-26T15:33:13Z
2026-08-26T15:27:09Z,2026-08-26T17:27:09+0200,ec44fe02-3364-422b-92bd-0daf191e06d6,2026-08-22T19:15:00Z,2026-08-22T21:15:00+0200,6384.246,MW,DE,DE_LU,actual_offshore_wind_generation,Wind Offshore,2026-08-26T15:33:13Z
2026-08-26T15:27:09Z,2026-08-26T17:27:09+0200,ec44fe02-3364-422b-92bd-0daf191e06d6,2026-08-22T19:30:00Z,2026-08-22T21:30:00+0200,6044.362,MW,DE,DE_LU,actual_offshore_wind_generation,Wind Offshore,2026-08-26T15:33:13Z
2026-08-26T15:27:09Z,2026-08-26T17:27:09+0200,ec44fe02-3364-422b-92bd-0daf191e06d6,2026-08-22T19:45:00Z,2026-08-22T21:45:00+0200,6003.955,MW,DE,DE_LU,actual_offshore_wind_generation,Wind Offshore,2026-08-26T15:33:13Z
2026-08-26T15:27:09Z,2026-08-26T17:27:09+0200,ec44fe02-3364-422b-92bd-0daf191e06d6,2026-08-22T20:00:00Z,2026-08-22T22:00:00+0200,5874.279,MW,DE,DE_LU,actual_offshore_wind_generation,Wind Offshore,2026-08-26T15:33:13Z
2026-08-26T15:27:09Z,2026-08-26T17:27:09+0200,ec44fe02-3364-422b-92bd-0daf191e06d6,2026-08-22T20:15:00Z,2026-08-22T22:15:00+0200,5826.733,MW,DE,DE_LU,actual_offshore_wind_generation,Wind Offshore,2026-08-26T15:33:13Z
2026-08-26T15:27:09Z,2026-08-26T17:27:09+0200,ec44fe02-3364-422b-92bd-0daf191e06d6,2026-08-22T20:30:00Z,2026-08-22T22:30:00+0200,5743.679,MW,DE,DE_LU,actual_offshore_wind_generation,Wind Offshore,2026-08-26T15:33:13Z
2026-08-26T15:27:09Z,2026-08-26T17:27:09+0200,ec44fe02-3364-422b-92bd-0daf191e06d6,2026-08-22T20:45:00Z,2026-08-22T22:45:00+0200,5643.429,MW,DE,DE_LU,actual_offshore_wind_generation,Wind Offshore,2026-08-26T15:33:13Z
2026-08-26T15:27:09Z,2026-08-26T17:27:09+0200,ec44fe02-3364-422b-92bd-0daf191e06d6,2026-08-22T21:00:00Z,2026-08-22T23:00:00+0200,5505.068,MW,DE,DE_LU,actual_offshore_wind_generation,Wind Offshore,2026-08-26T15:33:13Z
2026-08-26T15:27:09Z,2026-08-26T17:27:09+0200,ec44fe02-3364-422b-92bd-0daf191e06d6,2026-08-22T21:15:00Z,2026-08-22T23:15:00+0200,5651.276,MW,DE,DE_LU,actual_offshore_wind_generation,Wind Offshore,2026-08-26T15:33:13Z
2026-08-26T15:27:09Z,2026-08-26T17:27:09+0200,ec44fe02-3364-422b-92bd-0daf191e06d6,2026-08-22T21:30:00Z,2026-08-22T23:30:00+0200,5581.524,MW,DE,DE_LU,actual_offshore_wind_generation,Wind Offshore,2026-08-26T15:33:13Z
2026-08-26T15:27:09Z,2026-08-26T17:27:09+0200,ec44fe02-3364-422b-92bd-0daf191e06d6,2026-08-22T21:45:00Z,2026-08-22T23:45:00+0200,5514.183,MW,DE,DE_LU,actual_offshore_wind_generation,Wind Offshore,2026-08-26T15:33:13Z
2026-08-26T15:27:09Z,2026-08-26T17:27:09+0200,ec44fe02-3364-422b-92bd-0daf191e06d6,2026-08-22T22:00:00Z,2026-08-23T00:00:00+0200,5284.427,MW,DE,DE_LU,actual_offshore_wind_generation,Wind Offshore,2026-08-26T15:33:13Z
2026-08-26T15:27:09Z,2026-08-26T17:27:09+0200,ec44fe02-3364-422b-92bd-0daf191e06d6,2026-08-22T22:15:00Z,2026-08-23T00:15:00+0200,5296.503,MW,DE,DE_LU,actual_offshore_wind_generation,Wind Offshore,2026-08-26T15:33:13Z
2026-08-26T15:27:09Z,2026-08-26T17:27:09+0200,ec44fe02-3364-422b-92bd-0daf191e06d6,2026-08-22T22:30:00Z,2026-08-23T00:30:00+0200,5595.31,MW,DE,DE_LU,actual_offshore_wind_generation,Wind Offshore,2026-08-26T15:33:13Z
2026-08-26T15:27:09Z,2026-08-26T17:27:09+0200,ec44fe02-3364-422b-92bd-0daf191e06d6,2026-08-22T22:45:00Z,2026-08-23T00:45:00+0200,5563.706,MW,DE,DE_LU,actual_offshore_wind_generation,Wind Offshore,2026-08-26T15:33:13Z
2026-08-26T15:27:09Z,2026-08-26T17:27:09+0200,ec44fe02-3364-422b-92bd-0daf191e06d6,2026-08-22T23:00:00Z,2026-08-23T01:00:00+0200,5535.399,MW,DE,DE_LU,actual_offshore_wind_generation,Wind Offshore,2026-08-26T15:33:13Z
2026-08-26T15:27:09Z,2026-08-26T17:27:09+0200,ec44fe02-3364-422b-92bd-0daf191e06d6,2026-08-22T23:15:00Z,2026-08-23T01:15:00+0200,5619.014,MW,DE,DE_LU,actual_offshore_wind_generation,Wind Offshore,2026-08-26T15:33:13Z
2026-08-26T15:27:09Z,2026-08-26T17:27:09+0200,ec44fe02-3364-422b-92bd-0daf191e06d6,2026-08-22T23:30:00Z,2026-08-23T01:30:00+0200,5671.252,MW,DE,DE_LU,actual_offshore_wind_generation,Wind Offshore,2026-08-26T15:33:13Z
2026-08-26T15:27:09Z,2026-08-26T17:27:09+0200,ec44fe02-3364-422b-92bd-0daf191e06d6,2026-08-22T23:45:00Z,2026-08-23T01:45:00+0200,5926.136,MW,DE,DE_LU,actual_offshore_wind_generation,Wind Offshore,2026-08-26T15:33:13Z
2026-08-26T15:27:09Z,2026-08-26T17:27:09+0200,ec44fe02-3364-422b-92bd-0daf191e06d6,2026-08-23T00:00:00Z,2026-08-23T02:00:00+0200,5813.748,MW,DE,DE_LU,actual_offshore_wind_generation,Wind Offshore,2026-08-26T15:33:13Z
2026-08-26T15:27:09Z,2026-08-26T17:27:09+0200,ec44fe02-3364-422b-92bd-0daf191e06d6,2026-08-23T00:15:00Z,2026-08-23T02:15:00+0200,6322.942,MW,DE,DE_LU,actual_offshore_wind_generation,Wind Offshore,2026-08-26T15:33:13Z
2026-08-26T15:27:09Z,2026-08-26T17:27:09+0200,ec44fe02-3364-422b-92bd-0daf191e06d6,2026-08-23T00:30:00Z,2026-08-23T02:30:00+0200,6255.965,MW,DE,DE_LU,actual_offshore_wind_generation,Wind Offshore,2026-08-26T15:33:13Z
2026-08-26T15:27:09Z,2026-08-26T17:27:09+0200,ec44fe02-3364-422b-92bd-0daf191e06d6,2026-08-23T00:45:00Z,2026-08-23T02:45:00+0200,5973.66,MW,DE,DE_LU,actual_offshore_wind_generation,Wind Offshore,2026-08-26T15:33:13Z
2026-08-26T15:27:09Z,2026-08-26T17:27:09+0200,ec44fe02-3364-422b-92bd-0daf191e06d6,2026-08-23T01:00:00Z,2026-08-23T03:00:00+0200,6486.681,MW,DE,DE_LU,actual_offshore_wind_generation,Wind Offshore,2026-08-26T15:33:13Z
2026-08-26T15:27:09Z,2026-08-26T17:27:09+0200,ec44fe02-3364-422b-92bd-0daf191e06d6,2026-08-23T01:15:00Z,2026-08-23T03:15:00+0200,6911.717,MW,DE,DE_LU,actual_offshore_wind_generation,Wind Offshore,2026-08-26T15:33:13Z
2026-08-26T15:27:09Z,2026-08-26T17:27:09+0200,ec44fe02-3364-422b-92bd-0daf191e06d6,2026-08-23T01:30:00Z,2026-08-23T03:30:00+0200,6972.428,MW,DE,DE_LU,actual_offshore_wind_generation,Wind Offshore,2026-08-26T15:33:13Z
2026-08-26T15:27:09Z,2026-08-26T17:27:09+0200,ec44fe02-3364-422b-92bd-0daf191e06d6,2026-08-23T01:45:00Z,2026-08-23T03:45:00+0200,6871.778,MW,DE,DE_LU,actual_offshore_wind_generation,Wind Offshore,2026-08-26T15:33:13Z
2026-08-26T15:27:09Z,2026-08-26T17:27:09+0200,ec44fe02-3364-422b-92bd-0daf191e06d6,2026-08-23T02:00:00Z,2026-08-23T04:00:00+0200,6827.462,MW,DE,DE_LU,actual_offshore_wind_generation,Wind Offshore,2026-08-26T15:33:13Z
2026-08-26T15:27:09Z,2026-08-26T17:27:09+0200,ec44fe02-3364-422b-92bd-0daf191e06d6,2026-08-23T02:15:00Z,2026-08-23T04:15:00+0200,6914.031,MW,DE,DE_LU,actual_offshore_wind_generation,Wind Offshore,2026-08-26T15:33:13Z
2026-08-26T15:27:09Z,2026-08-26T17:27:09+0200,ec44fe02-3364-422b-92bd-0daf191e06d6,2026-08-23T02:30:00Z,2026-08-23T04:30:00+0200,6995.884,MW,DE,DE_LU,actual_offshore_wind_generation,Wind Offshore,2026-08-26T15:33:13Z
2026-08-26T15:27:09Z,2026-08-26T17:27:09+0200,ec44fe02-3364-422b-92bd-0daf191e06d6,2026-08-23T02:45:00Z,2026-08-23T04:45:00+0200,6943.042,MW,DE,DE_LU,actual_offshore_wind_generation,Wind Offshore,2026-08-26T15:33:13Z
2026-08-26T15:27:09Z,2026-08-26T17:27:09+0200,ec44fe02-3364-422b-92bd-0daf191e06d6,2026-08-23T03:00:00Z,2026-08-23T05:00:00+0200,6658.417,MW,DE,DE_LU,actual_offshore_wind_generation,Wind Offshore,2026-08-26T15:33:13Z
2026-08-26T15:27:09Z,2026-08-26T17:27:09+0200,ec44fe02-3364-422b-92bd-0daf191e06d6,2026-08-23T03:15:00Z,2026-08-23T05:15:00+0200,6597.787,MW,DE,DE_LU,actual_offshore_wind_generation,Wind Offshore,2026-08-26T15:33:13Z
2026-08-26T15:27:09Z,2026-08-26T17:27:09+0200,ec44fe02-3364-422b-92bd-0daf191e06d6,2026-08-23T03:30:00Z,2026-08-23T05:30:00+0200,6398.646,MW,DE,DE_LU,actual_offshore_wind_generation,Wind Offshore,2026-08-26T15:33:13Z
2026-08-26T15:27:09Z,2026-08-26T17:27:09+0200,ec44fe02-3364-422b-92bd-0daf191e06d6,2026-08-23T03:45:00Z,2026-08-23T05:45:00+0200,6330.112,MW,DE,DE_LU,actual_offshore_wind_generation,Wind Offshore,2026-08-26T15:33:13Z
2026-08-26T15:27:09Z,2026-08-26T17:27:09+0200,ec44fe02-3364-422b-92bd-0daf191e06d6,2026-08-23T04:00:00Z,2026-08-23T06:00:00+0200,6273.378,MW,DE,DE_LU,actual_offshore_wind_generation,Wind Offshore,2026-08-26T15:33:13Z
2026-08-26T15:27:09Z,2026-08-26T17:27:09+0200,ec44fe02-3364-422b-92bd-0daf191e06d6,2026-08-23T04:15:00Z,2026-08-23T06:15:00+0200,6212.665,MW,DE,DE_LU,actual_offshore_wind_generation,Wind Offshore,2026-08-26T15:33:13Z
2026-08-26T15:27:09Z,2026-08-26T17:27:09+0200,ec44fe02-3364-422b-92bd-0daf191e06d6,2026-08-23T04:30:00Z,2026-08-23T06:30:00+0200,6029.378,MW,DE,DE_LU,actual_offshore_wind_generation,Wind Offshore,2026-08-26T15:33:13Z
2026-08-26T15:27:09Z,2026-08-26T17:27:09+0200,ec44fe02-3364-422b-92bd-0daf191e06d6,2026-08-23T04:45:00Z,2026-08-23T06:45:00+0200,5844.705,MW,DE,DE_LU,actual_offshore_wind_generation,Wind Offshore,2026-08-26T15:33:13Z
2026-08-26T15:27:09Z,2026-08-26T17:27:09+0200,ec44fe02-3364-422b-92bd-0daf191e06d6,2026-08-23T05:00:00Z,2026-08-23T07:00:00+0200,5747.537,MW,DE,DE_LU,actual_offshore_wind_generation,Wind Offshore,2026-08-26T15:33:13Z
2026-08-26T15:27:09Z,2026-08-26T17:27:09+0200,ec44fe02-3364-422b-92bd-0daf191e06d6,2026-08-23T05:15:00Z,2026-08-23T07:15:00+0200,6119.345,MW,DE,DE_LU,actual_offshore_wind_generation,Wind Offshore,2026-08-26T15:33:13Z
2026-08-26T15:27:09Z,2026-08-26T17:27:09+0200,ec44fe02-3364-422b-92bd-0daf191e06d6,2026-08-23T05:30:00Z,2026-08-23T07:30:00+0200,5836.71,MW,DE,DE_LU,actual_offshore_wind_generation,Wind Offshore,2026-08-26T15:33:13Z
2026-08-26T15:27:09Z,2026-08-26T17:27:09+0200,ec44fe02-3364-422b-92bd-0daf191e06d6,2026-08-23T05:45:00Z,2026-08-23T07:45:00+0200,6246.969,MW,DE,DE_LU,actual_offshore_wind_generation,Wind Offshore,2026-08-26T15:33:13Z
2026-08-26T15:27:09Z,2026-08-26T17:27:09+0200,ec44fe02-3364-422b-92bd-0daf191e06d6,2026-08-23T06:00:00Z,2026-08-23T08:00:00+0200,5239.728,MW,DE,DE_LU,actual_offshore_wind_generation,Wind Offshore,2026-08-26T15:33:13Z
2026-08-26T15:27:09Z,2026-08-26T17:27:09+0200,ec44fe02-3364-422b-92bd-0daf191e06d6,2026-08-23T06:15:00Z,2026-08-23T08:15:00+0200,5390.03,MW,DE,DE_LU,actual_offshore_wind_generation,Wind Offshore,2026-08-26T15:33:13Z
2026-08-26T15:27:09Z,2026-08-26T17:27:09+0200,ec44fe02-3364-422b-92bd-0daf191e06d6,2026-08-23T06:30:00Z,2026-08-23T08:30:00+0200,5436.488,MW,DE,DE_LU,actual_offshore_wind_generation,Wind Offshore,2026-08-26T15:33:13Z
2026-08-26T15:27:09Z,2026-08-26T17:27:09+0200,ec44fe02-3364-422b-92bd-0daf191e06d6,2026-08-23T06:45:00Z,2026-08-23T08:45:00+0200,5676.826,MW,DE,DE_LU,actual_offshore_wind_generation,Wind Offshore,2026-08-26T15:33:13Z
2026-08-26T15:27:09Z,2026-08-26T17:27:09+0200,ec44fe02-3364-422b-92bd-0daf191e06d6,2026-08-23T07:00:00Z,2026-08-23T09:00:00+0200,5815.882,MW,DE,DE_LU,actual_offshore_wind_generation,Wind Offshore,2026-08-26T15:33:13Z
2026-08-26T15:27:09Z,2026-08-26T17:27:09+0200,ec44fe02-3364-422b-92bd-0daf191e06d6,2026-08-23T07:15:00Z,2026-08-23T09:15:00+0200,5574.278,MW,DE,DE_LU,actual_offshore_wind_generation,Wind Offshore,2026-08-26T15:33:13Z
2026-08-26T15:27:09Z,2026-08-26T17:27:09+0200,ec44fe02-3364-422b-92bd-0daf191e06d6,2026-08-23T07:30:00Z,2026-08-23T09:30:00+0200,5429.537,MW,DE,DE_LU,actual_offshore_wind_generation,Wind Offshore,2026-08-26T15:33:13Z
2026-08-26T15:27:09Z,2026-08-26T17:27:09+0200,ec44fe02-3364-422b-92bd-0daf191e06d6,2026-08-23T07:45:00Z,2026-08-23T09:45:00+0200,5474.329,MW,DE,DE_LU,actual_offshore_wind_generation,Wind Offshore,2026-08-26T15:33:13Z
2026-08-26T15:27:09Z,2026-08-26T17:27:09+0200,ec44fe02-3364-422b-92bd-0daf191e06d6,2026-08-23T08:00:00Z,2026-08-23T10:00:00+0200,4517.915,MW,DE,DE_LU,actual_offshore_wind_generation,Wind Offshore,2026-08-26T15:33:13Z
2026-08-26T15:27:09Z,2026-08-26T17:27:09+0200,ec44fe02-3364-422b-92bd-0daf191e06d6,2026-08-23T08:15:00Z,2026-08-23T10:15:00+0200,4308.124,MW,DE,DE_LU,actual_offshore_wind_generation,Wind Offshore,2026-08-26T15:33:13Z
2026-08-26T15:27:09Z,2026-08-26T17:27:09+0200,ec44fe02-3364-422b-92bd-0daf191e06d6,2026-08-23T08:30:00Z,2026-08-23T10:30:00+0200,3998.395,MW,DE,DE_LU,actual_offshore_wind_generation,Wind Offshore,2026-08-26T15:33:13Z
2026-08-26T15:27:09Z,2026-08-26T17:27:09+0200,ec44fe02-3364-422b-92bd-0daf191e06d6,2026-08-23T08:45:00Z,2026-08-23T10:45:00+0200,3934.622,MW,DE,DE_LU,actual_offshore_wind_generation,Wind Offshore,2026-08-26T15:33:13Z
2026-08-26T15:27:09Z,2026-08-26T17:27:09+0200,ec44fe02-3364-422b-92bd-0daf191e06d6,2026-08-23T09:00:00Z,2026-08-23T11:00:00+0200,3418.308,MW,DE,DE_LU,actual_offshore_wind_generation,Wind Offshore,2026-08-26T15:33:13Z
2026-08-26T15:27:09Z,2026-08-26T17:27:09+0200,ec44fe02-3364-422b-92bd-0daf191e06d6,2026-08-23T09:15:00Z,2026-08-23T11:15:00+0200,3299.143,MW,DE,DE_LU,actual_offshore_wind_generation,Wind Offshore,2026-08-26T15:33:13Z
2026-08-26T15:27:09Z,2026-08-26T17:27:09+0200,ec44fe02-3364-422b-92bd-0daf191e06d6,2026-08-23T09:30:00Z,2026-08-23T11:30:00+0200,3115.756,MW,DE,DE_LU,actual_offshore_wind_generation,Wind Offshore,2026-08-26T15:33:13Z
2026-08-26T15:27:09Z,2026-08-26T17:27:09+0200,ec44fe02-3364-422b-92bd-0daf191e06d6,2026-08-23T09:45:00Z,2026-08-23T11:45:00+0200,3175.437,MW,DE,DE_LU,actual_offshore_wind_generation,Wind Offshore,2026-08-26T15:33:13Z
2026-08-26T15:27:09Z,2026-08-26T17:27:09+0200,ec44fe02-3364-422b-92bd-0daf191e06d6,2026-08-23T10:00:00Z,2026-08-23T12:00:00+0200,3188.497,MW,DE,DE_LU,actual_offshore_wind_generation,Wind Offshore,2026-08-26T15:33:13Z
2026-08-26T15:27:09Z,2026-08-26T17:27:09+0200,ec44fe02-3364-422b-92bd-0daf191e06d6,2026-08-23T10:15:00Z,2026-08-23T12:15:00+0200,3011.135,MW,DE,DE_LU,actual_offshore_wind_generation,Wind Offshore,2026-08-26T15:33:13Z
2026-08-26T15:27:09Z,2026-08-26T17:27:09+0200,ec44fe02-3364-422b-92bd-0daf191e06d6,2026-08-23T10:30:00Z,2026-08-23T12:30:00+0200,3021.494,MW,DE,DE_LU,actual_offshore_wind_generation,Wind Offshore,2026-08-26T15:33:13Z
2026-08-26T15:27:09Z,2026-08-26T17:27:09+0200,ec44fe02-3364-422b-92bd-0daf191e06d6,2026-08-23T10:45:00Z,2026-08-23T12:45:00+0200,2844.06,MW,DE,DE_LU,actual_offshore_wind_generation,Wind Offshore,2026-08-26T15:33:13Z
2026-08-26T15:27:09Z,2026-08-26T17:27:09+0200,ec44fe02-3364-422b-92bd-0daf191e06d6,2026-08-23T11:00:00Z,2026-08-23T13:00:00+0200,2089.675,MW,DE,DE_LU,actual_offshore_wind_generation,Wind Offshore,2026-08-26T15:33:13Z
2026-08-26T15:27:09Z,2026-08-26T17:27:09+0200,ec44fe02-3364-422b-92bd-0daf191e06d6,2026-08-23T11:15:00Z,2026-08-23T13:15:00+0200,2062.422,MW,DE,DE_LU,actual_offshore_wind_generation,Wind Offshore,2026-08-26T15:33:13Z
2026-08-26T15:27:09Z,2026-08-26T17:27:09+0200,ec44fe02-3364-422b-92bd-0daf191e06d6,2026-08-23T11:30:00Z,2026-08-23T13:30:00+0200,2154.572,MW,DE,DE_LU,actual_offshore_wind_generation,Wind Offshore,2026-08-26T15:33:13Z
2026-08-26T15:27:09Z,2026-08-26T17:27:09+0200,ec44fe02-3364-422b-92bd-0daf191e06d6,2026-08-23T11:45:00Z,2026-08-23T13:45:00+0200,2072.356,MW,DE,DE_LU,actual_offshore_wind_generation,Wind Offshore,2026-08-26T15:33:13Z
2026-08-26T15:27:09Z,2026-08-26T17:27:09+0200,ec44fe02-3364-422b-92bd-0daf191e06d6,2026-08-23T12:00:00Z,2026-08-23T14:00:00+0200,1849.289,MW,DE,DE_LU,actual_offshore_wind_generation,Wind Offshore,2026-08-26T15:33:13Z
2026-08-26T15:27:09Z,2026-08-26T17:27:09+0200,ec44fe02-3364-422b-92bd-0daf191e06d6,2026-08-23T12:15:00Z,2026-08-23T14:15:00+0200,1514.707,MW,DE,DE_LU,actual_offshore_wind_generation,Wind Offshore,2026-08-26T15:33:13Z
2026-08-26T15:27:09Z,2026-08-26T17:27:09+0200,ec44fe02-3364-422b-92bd-0daf191e06d6,2026-08-23T12:30:00Z,2026-08-23T14:30:00+0200,1406.572,MW,DE,DE_LU,actual_offshore_wind_generation,Wind Offshore,2026-08-26T15:33:13Z
2026-08-26T15:27:09Z,2026-08-26T17:27:09+0200,ec44fe02-3364-422b-92bd-0daf191e06d6,2026-08-23T12:45:00Z,2026-08-23T14:45:00+0200,1239.784,MW,DE,DE_LU,actual_offshore_wind_generation,Wind Offshore,2026-08-26T15:33:13Z
2026-08-26T15:27:09Z,2026-08-26T17:27:09+0200,ec44fe02-3364-422b-92bd-0daf191e06d6,2026-08-23T13:00:00Z,2026-08-23T15:00:00+0200,1504.876,MW,DE,DE_LU,actual_offshore_wind_generation,Wind Offshore,2026-08-26T15:33:13Z
2026-08-26T15:27:09Z,2026-08-26T17:27:09+0200,ec44fe02-3364-422b-92bd-0daf191e06d6,2026-08-23T13:15:00Z,2026-08-23T15:15:00+0200,1674.226,MW,DE,DE_LU,actual_offshore_wind_generation,Wind Offshore,2026-08-26T15:33:13Z
2026-08-26T15:27:09Z,2026-08-26T17:27:09+0200,ec44fe02-3364-422b-92bd-0daf191e06d6,2026-08-23T13:30:00Z,2026-08-23T15:30:00+0200,1994.283,MW,DE,DE_LU,actual_offshore_wind_generation,Wind Offshore,2026-08-26T15:33:13Z
2026-08-26T15:27:09Z,2026-08-26T17:27:09+0200,ec44fe02-3364-422b-92bd-0daf191e06d6,2026-08-23T13:45:00Z,2026-08-23T15:45:00+0200,1841.803,MW,DE,DE_LU,actual_offshore_wind_generation,Wind Offshore,2026-08-26T15:33:13Z
2026-08-26T15:27:09Z,2026-08-26T17:27:09+0200,ec44fe02-3364-422b-92bd-0daf191e06d6,2026-08-23T14:00:00Z,2026-08-23T16:00:00+0200,1910.636,MW,DE,DE_LU,actual_offshore_wind_generation,Wind Offshore,2026-08-26T15:33:13Z
2026-08-26T15:27:09Z,2026-08-26T17:27:09+0200,ec44fe02-3364-422b-92bd-0daf191e06d6,2026-08-23T14:15:00Z,2026-08-23T16:15:00+0200,2107.44,MW,DE,DE_LU,actual_offshore_wind_generation,Wind Offshore,2026-08-26T15:33:13Z
2026-08-26T15:27:09Z,2026-08-26T17:27:09+0200,ec44fe02-3364-422b-92bd-0daf191e06d6,2026-08-23T14:30:00Z,2026-08-23T16:30:00+0200,2519.904,MW,DE,DE_LU,actual_offshore_wind_generation,Wind Offshore,2026-08-26T15:33:13Z
2026-08-26T15:27:09Z,2026-08-26T17:27:09+0200,ec44fe02-3364-422b-92bd-0daf191e06d6,2026-08-23T14:45:00Z,2026-08-23T16:45:00+0200,2842.179,MW,DE,DE_LU,actual_offshore_wind_generation,Wind Offshore,2026-08-26T15:33:13Z
2026-08-26T15:27:09Z,2026-08-26T17:27:09+0200,ec44fe02-3364-422b-92bd-0daf191e06d6,2026-08-23T15:00:00Z,2026-08-23T17:00:00+0200,3896.234,MW,DE,DE_LU,actual_offshore_wind_generation,Wind Offshore,2026-08-26T15:33:13Z
2026-08-26T15:27:09Z,2026-08-26T17:27:09+0200,ec44fe02-3364-422b-92bd-0daf191e06d6,2026-08-23T15:15:00Z,2026-08-23T17:15:00+0200,4491.152,MW,DE,DE_LU,actual_offshore_wind_generation,Wind Offshore,2026-08-26T15:33:13Z
2026-08-26T15:27:09Z,2026-08-26T17:27:09+0200,ec44fe02-3364-422b-92bd-0daf191e06d6,2026-08-23T15:30:00Z,2026-08-23T17:30:00+0200,4410.137,MW,DE,DE_LU,actual_offshore_wind_generation,Wind Offshore,2026-08-26T15:33:13Z
2026-08-26T15:27:09Z,2026-08-26T17:27:09+0200,ec44fe02-3364-422b-92bd-0daf191e06d6,2026-08-23T15:45:00Z,2026-08-23T17:45:00+0200,4249.742,MW,DE,DE_LU,actual_offshore_wind_generation,Wind Offshore,2026-08-26T15:33:13Z
2026-08-26T15:27:09Z,2026-08-26T17:27:09+0200,ec44fe02-3364-422b-92bd-0daf191e06d6,2026-08-23T16:00:00Z,2026-08-23T18:00:00+0200,4145.855,MW,DE,DE_LU,actual_offshore_wind_generation,Wind Offshore,2026-08-26T15:33:13Z
2026-08-26T15:27:09Z,2026-08-26T17:27:09+0200,ec44fe02-3364-422b-92bd-0daf191e06d6,2026-08-23T16:15:00Z,2026-08-23T18:15:00+0200,4269.829,MW,DE,DE_LU,actual_offshore_wind_generation,Wind Offshore,2026-08-26T15:33:13Z
2026-08-26T15:27:09Z,2026-08-26T17:27:09+0200,ec44fe02-3364-422b-92bd-0daf191e06d6,2026-08-23T16:30:00Z,2026-08-23T18:30:00+0200,4242.286,MW,DE,DE_LU,actual_offshore_wind_generation,Wind Offshore,2026-08-26T15:33:13Z
2026-08-26T15:27:09Z,2026-08-26T17:27:09+0200,ec44fe02-3364-422b-92bd-0daf191e06d6,2026-08-23T16:45:00Z,2026-08-23T18:45:00+0200,4164.527,MW,DE,DE_LU,actual_offshore_wind_generation,Wind Offshore,2026-08-26T15:33:13Z
2026-08-26T15:27:09Z,2026-08-26T17:27:09+0200,ec44fe02-3364-422b-92bd-0daf191e06d6,2026-08-23T17:00:00Z,2026-08-23T19:00:00+0200,3948.64,MW,DE,DE_LU,actual_offshore_wind_generation,Wind Offshore,2026-08-26T15:33:13Z
2026-08-26T15:27:09Z,2026-08-26T17:27:09+0200,ec44fe02-3364-422b-92bd-0daf191e06d6,2026-08-23T17:15:00Z,2026-08-23T19:15:00+0200,3691.943,MW,DE,DE_LU,actual_offshore_wind_generation,Wind Offshore,2026-08-26T15:33:13Z
2026-08-26T15:27:09Z,2026-08-26T17:27:09+0200,ec44fe02-3364-422b-92bd-0daf191e06d6,2026-08-23T17:30:00Z,2026-08-23T19:30:00+0200,3486.289,MW,DE,DE_LU,actual_offshore_wind_generation,Wind Offshore,2026-08-26T15:33:13Z
2026-08-26T15:27:09Z,2026-08-26T17:27:09+0200,ec44fe02-3364-422b-92bd-0daf191e06d6,2026-08-23T17:45:00Z,2026-08-23T19:45:00+0200,3517.869,MW,DE,DE_LU,actual_offshore_wind_generation,Wind Offshore,2026-08-26T15:33:13Z
2026-08-26T15:27:09Z,2026-08-26T17:27:09+0200,ec44fe02-3364-422b-92bd-0daf191e06d6,2026-08-23T18:00:00Z,2026-08-23T20:00:00+0200,3468.576,MW,DE,DE_LU,actual_offshore_wind_generation,Wind Offshore,2026-08-26T15:33:13Z
2026-08-26T15:27:09Z,2026-08-26T17:27:09+0200,ec44fe02-3364-422b-92bd-0daf191e06d6,2026-08-23T18:15:00Z,2026-08-23T20:15:00+0200,3557.38,MW,DE,DE_LU,actual_offshore_wind_generation,Wind Offshore,2026-08-26T15:33:13Z
2026-08-26T15:27:09Z,2026-08-26T17:27:09+0200,ec44fe02-3364-422b-92bd-0daf191e06d6,2026-08-23T18:30:00Z,2026-08-23T20:30:00+0200,3475.265,MW,DE,DE_LU,actual_offshore_wind_generation,Wind Offshore,2026-08-26T15:33:13Z
2026-08-26T15:27:09Z,2026-08-26T17:27:09+0200,ec44fe02-3364-422b-92bd-0daf191e06d6,2026-08-23T18:45:00Z,2026-08-23T20:45:00+0200,3188.788,MW,DE,DE_LU,actual_offshore_wind_generation,Wind Offshore,2026-08-26T15:33:13Z
2026-08-26T15:27:09Z,2026-08-26T17:27:09+0200,ec44fe02-3364-422b-92bd-0daf191e06d6,2026-08-23T19:00:00Z,2026-08-23T21:00:00+0200,2867.508,MW,DE,DE_LU,actual_offshore_wind_generation,Wind Offshore,2026-08-26T15:33:13Z
2026-08-26T15:27:09Z,2026-08-26T17:27:09+0200,ec44fe02-3364-422b-92bd-0daf191e06d6,2026-08-23T19:15:00Z,2026-08-23T21:15:00+0200,2851.154,MW,DE,DE_LU,actual_offshore_wind_generation,Wind Offshore,2026-08-26T15:33:13Z
2026-08-26T15:27:09Z,2026-08-26T17:27:09+0200,ec44fe02-3364-422b-92bd-0daf191e06d6,2026-08-23T19:30:00Z,2026-08-23T21:30:00+0200,2953.515,MW,DE,DE_LU,actual_offshore_wind_generation,Wind Offshore,2026-08-26T15:33:13Z
2026-08-26T15:27:09Z,2026-08-26T17:27:09+0200,ec44fe02-3364-422b-92bd-0daf191e06d6,2026-08-23T19:45:00Z,2026-08-23T21:45:00+0200,3113.605,MW,DE,DE_LU,actual_offshore_wind_generation,Wind Offshore,2026-08-26T15:33:13Z
2026-08-26T15:27:09Z,2026-08-26T17:27:09+0200,ec44fe02-3364-422b-92bd-0daf191e06d6,2026-08-23T20:00:00Z,2026-08-23T22:00:00+0200,3126.508,MW,DE,DE_LU,actual_offshore_wind_generation,Wind Offshore,2026-08-26T15:33:13Z
2026-08-26T15:27:09Z,2026-08-26T17:27:09+0200,ec44fe02-3364-422b-92bd-0daf191e06d6,2026-08-23T20:15:00Z,2026-08-23T22:15:00+0200,2923.726,MW,DE,DE_LU,actual_offshore_wind_generation,Wind Offshore,2026-08-26T15:33:13Z
2026-08-26T15:27:09Z,2026-08-26T17:27:09+0200,ec44fe02-3364-422b-92bd-0daf191e06d6,2026-08-23T20:30:00Z,2026-08-23T22:30:00+0200,2694.668,MW,DE,DE_LU,actual_offshore_wind_generation,Wind Offshore,2026-08-26T15:33:13Z
2026-08-26T15:27:09Z,2026-08-26T17:27:09+0200,ec44fe02-3364-422b-92bd-0daf191e06d6,2026-08-23T20:45:00Z,2026-08-23T22:45:00+0200,2484.756,MW,DE,DE_LU,actual_offshore_wind_generation,Wind Offshore,2026-08-26T15:33:13Z
2026-08-26T15:27:09Z,2026-08-26T17:27:09+0200,ec44fe02-3364-422b-92bd-0daf191e06d6,2026-08-23T21:00:00Z,2026-08-23T23:00:00+0200,2576.739,MW,DE,DE_LU,actual_offshore_wind_generation,Wind Offshore,2026-08-26T15:33:13Z
2026-08-26T15:27:09Z,2026-08-26T17:27:09+0200,ec44fe02-3364-422b-92bd-0daf191e06d6,2026-08-23T21:15:00Z,2026-08-23T23:15:00+0200,2781.709,MW,DE,DE_LU,actual_offshore_wind_generation,Wind Offshore,2026-08-26T15:33:13Z
2026-08-26T15:27:09Z,2026-08-26T17:27:09+0200,ec44fe02-3364-422b-92bd-0daf191e06d6,2026-08-23T21:30:00Z,2026-08-23T23:30:00+0200,3054.809,MW,DE,DE_LU,actual_offshore_wind_generation,Wind Offshore,2026-08-26T15:33:13Z
2026-08-26T15:27:09Z,2026-08-26T17:27:09+0200,ec44fe02-3364-422b-92bd-0daf191e06d6,2026-08-23T21:45:00Z,2026-08-23T23:45:00+0200,3165.436,MW,DE,DE_LU,actual_offshore_wind_generation,Wind Offshore,2026-08-26T15:33:13Z
2026-08-26T15:27:09Z,2026-08-26T17:27:09+0200,ec44fe02-3364-422b-92bd-0daf191e06d6,2026-08-23T22:00:00Z,2026-08-24T00:00:00+0200,3055.811,MW,DE,DE_LU,actual_offshore_wind_generation,Wind Offshore,2026-08-26T15:33:13Z
2026-08-26T15:27:09Z,2026-08-26T17:27:09+0200,ec44fe02-3364-422b-92bd-0daf191e06d6,2026-08-23T22:15:00Z,2026-08-24T00:15:00+0200,2848.472,MW,DE,DE_LU,actual_offshore_wind_generation,Wind Offshore,2026-08-26T15:33:13Z
2026-08-26T15:27:09Z,2026-08-26T17:27:09+0200,ec44fe02-3364-422b-92bd-0daf191e06d6,2026-08-23T22:30:00Z,2026-08-24T00:30:00+0200,2553.039,MW,DE,DE_LU,actual_offshore_wind_generation,Wind Offshore,2026-08-26T15:33:13Z
2026-08-26T15:27:09Z,2026-08-26T17:27:09+0200,ec44fe02-3364-422b-92bd-0daf191e06d6,2026-08-23T22:45:00Z,2026-08-24T00:45:00+0200,2391.985,MW,DE,DE_LU,actual_offshore_wind_generation,Wind Offshore,2026-08-26T15:33:13Z
2026-08-26T15:27:09Z,2026-08-26T17:27:09+0200,ec44fe02-3364-422b-92bd-0daf191e06d6,2026-08-23T23:00:00Z,2026-08-24T01:00:00+0200,2394.265,MW,DE,DE_LU,actual_offshore_wind_generation,Wind Offshore,2026-08-26T15:33:13Z
2026-08-26T15:27:09Z,2026-08-26T17:27:09+0200,ec44fe02-3364-422b-92bd-0daf191e06d6,2026-08-23T23:15:00Z,2026-08-24T01:15:00+0200,2371.482,MW,DE,DE_LU,actual_offshore_wind_generation,Wind Offshore,2026-08-26T15:33:13Z
2026-08-26T15:27:09Z,2026-08-26T17:27:09+0200,ec44fe02-3364-422b-92bd-0daf191e06d6,2026-08-23T23:30:00Z,2026-08-24T01:30:00+0200,2402.079,MW,DE,DE_LU,actual_offshore_wind_generation,Wind Offshore,2026-08-26T15:33:13Z
2026-08-26T15:27:09Z,2026-08-26T17:27:09+0200,ec44fe02-3364-422b-92bd-0daf191e06d6,2026-08-23T23:45:00Z,2026-08-24T01:45:00+0200,2384.972,MW,DE,DE_LU,actual_offshore_wind_generation,Wind Offshore,2026-08-26T15:33:13Z
2026-08-26T15:27:09Z,2026-08-26T17:27:09+0200,ec44fe02-3364-422b-92bd-0daf191e06d6,2026-08-24T00:00:00Z,2026-08-24T02:00:00+0200,2346.498,MW,DE,DE_LU,actual_offshore_wind_generation,Wind Offshore,2026-08-26T15:33:13Z
2026-08-26T15:27:09Z,2026-08-26T17:27:09+0200,ec44fe02-3364-422b-92bd-0daf191e06d6,2026-08-24T00:15:00Z,2026-08-24T02:15:00+0200,2250.05,MW,DE,DE_LU,actual_offshore_wind_generation,Wind Offshore,2026-08-26T15:33:13Z
2026-08-26T15:27:09Z,2026-08-26T17:27:09+0200,ec44fe02-3364-422b-92bd-0daf191e06d6,2026-08-24T00:30:00Z,2026-08-24T02:30:00+0200,2073.785,MW,DE,DE_LU,actual_offshore_wind_generation,Wind Offshore,2026-08-26T15:33:13Z
2026-08-26T15:27:09Z,2026-08-26T17:27:09+0200,ec44fe02-3364-422b-92bd-0daf191e06d6,2026-08-24T00:45:00Z,2026-08-24T02:45:00+0200,2080.208,MW,DE,DE_LU,actual_offshore_wind_generation,Wind Offshore,2026-08-26T15:33:13Z
2026-08-26T15:27:09Z,2026-08-26T17:27:09+0200,ec44fe02-3364-422b-92bd-0daf191e06d6,2026-08-24T01:00:00Z,2026-08-24T03:00:00+0200,2040.476,MW,DE,DE_LU,actual_offshore_wind_generation,Wind Offshore,2026-08-26T15:33:13Z
2026-08-26T15:27:09Z,2026-08-26T17:27:09+0200,ec44fe02-3364-422b-92bd-0daf191e06d6,2026-08-24T01:15:00Z,2026-08-24T03:15:00+0200,1914.881,MW,DE,DE_LU,actual_offshore_wind_generation,Wind Offshore,2026-08-26T15:33:13Z
2026-08-26T15:27:09Z,2026-08-26T17:27:09+0200,ec44fe02-3364-422b-92bd-0daf191e06d6,2026-08-24T01:30:00Z,2026-08-24T03:30:00+0200,1779.823,MW,DE,DE_LU,actual_offshore_wind_generation,Wind Offshore,2026-08-26T15:33:13Z
2026-08-26T15:27:09Z,2026-08-26T17:27:09+0200,ec44fe02-3364-422b-92bd-0daf191e06d6,2026-08-24T01:45:00Z,2026-08-24T03:45:00+0200,1632.322,MW,DE,DE_LU,actual_offshore_wind_generation,Wind Offshore,2026-08-26T15:33:13Z
2026-08-26T15:27:09Z,2026-08-26T17:27:09+0200,ec44fe02-3364-422b-92bd-0daf191e06d6,2026-08-24T02:00:00Z,2026-08-24T04:00:00+0200,1500.139,MW,DE,DE_LU,actual_offshore_wind_generation,Wind Offshore,2026-08-26T15:33:13Z
2026-08-26T15:27:09Z,2026-08-26T17:27:09+0200,ec44fe02-3364-422b-92bd-0daf191e06d6,2026-08-24T02:15:00Z,2026-08-24T04:15:00+0200,1481.051,MW,DE,DE_LU,actual_offshore_wind_generation,Wind Offshore,2026-08-26T15:33:13Z
2026-08-26T15:27:09Z,2026-08-26T17:27:09+0200,ec44fe02-3364-422b-92bd-0daf191e06d6,2026-08-24T02:30:00Z,2026-08-24T04:30:00+0200,1488.891,MW,DE,DE_LU,actual_offshore_wind_generation,Wind Offshore,2026-08-26T15:33:13Z
2026-08-26T15:27:09Z,2026-08-26T17:27:09+0200,ec44fe02-3364-422b-92bd-0daf191e06d6,2026-08-24T02:45:00Z,2026-08-24T04:45:00+0200,1449.348,MW,DE,DE_LU,actual_offshore_wind_generation,Wind Offshore,2026-08-26T15:33:13Z
2026-08-26T15:27:09Z,2026-08-26T17:27:09+0200,ec44fe02-3364-422b-92bd-0daf191e06d6,2026-08-24T03:00:00Z,2026-08-24T05:00:00+0200,1374.045,MW,DE,DE_LU,actual_offshore_wind_generation,Wind Offshore,2026-08-26T15:33:13Z
2026-08-26T15:27:09Z,2026-08-26T17:27:09+0200,ec44fe02-3364-422b-92bd-0daf191e06d6,2026-08-24T03:15:00Z,2026-08-24T05:15:00+0200,1306.388,MW,DE,DE_LU,actual_offshore_wind_generation,Wind Offshore,2026-08-26T15:33:13Z
2026-08-26T15:27:09Z,2026-08-26T17:27:09+0200,ec44fe02-3364-422b-92bd-0daf191e06d6,2026-08-24T03:30:00Z,2026-08-24T05:30:00+0200,1193.03,MW,DE,DE_LU,actual_offshore_wind_generation,Wind Offshore,2026-08-26T15:33:13Z
2026-08-26T15:27:09Z,2026-08-26T17:27:09+0200,ec44fe02-3364-422b-92bd-0daf191e06d6,2026-08-24T03:45:00Z,2026-08-24T05:45:00+0200,1060.355,MW,DE,DE_LU,actual_offshore_wind_generation,Wind Offshore,2026-08-26T15:33:13Z
2026-08-26T15:27:09Z,2026-08-26T17:27:09+0200,ec44fe02-3364-422b-92bd-0daf191e06d6,2026-08-24T04:00:00Z,2026-08-24T06:00:00+0200,1076.337,MW,DE,DE_LU,actual_offshore_wind_generation,Wind Offshore,2026-08-26T15:33:13Z
2026-08-26T15:27:09Z,2026-08-26T17:27:09+0200,ec44fe02-3364-422b-92bd-0daf191e06d6,2026-08-24T04:15:00Z,2026-08-24T06:15:00+0200,1107.026,MW,DE,DE_LU,actual_offshore_wind_generation,Wind Offshore,2026-08-26T15:33:13Z
2026-08-26T15:27:09Z,2026-08-26T17:27:09+0200,ec44fe02-3364-422b-92bd-0daf191e06d6,2026-08-24T04:30:00Z,2026-08-24T06:30:00+0200,1066.544,MW,DE,DE_LU,actual_offshore_wind_generation,Wind Offshore,2026-08-26T15:33:13Z
2026-08-26T15:27:09Z,2026-08-26T17:27:09+0200,ec44fe02-3364-422b-92bd-0daf191e06d6,2026-08-24T04:45:00Z,2026-08-24T06:45:00+0200,1041.445,MW,DE,DE_LU,actual_offshore_wind_generation,Wind Offshore,2026-08-26T15:33:13Z
2026-08-26T15:27:09Z,2026-08-26T17:27:09+0200,ec44fe02-3364-422b-92bd-0daf191e06d6,2026-08-24T05:00:00Z,2026-08-24T07:00:00+0200,1023.5,MW,DE,DE_LU,actual_offshore_wind_generation,Wind Offshore,2026-08-26T15:33:13Z
2026-08-26T15:27:09Z,2026-08-26T17:27:09+0200,ec44fe02-3364-422b-92bd-0daf191e06d6,2026-08-24T05:15:00Z,2026-08-24T07:15:00+0200,980.754,MW,DE,DE_LU,actual_offshore_wind_generation,Wind Offshore,2026-08-26T15:33:13Z
2026-08-26T15:27:09Z,2026-08-26T17:27:09+0200,ec44fe02-3364-422b-92bd-0daf191e06d6,2026-08-24T05:30:00Z,2026-08-24T07:30:00+0200,898.252,MW,DE,DE_LU,actual_offshore_wind_generation,Wind Offshore,2026-08-26T15:33:13Z
2026-08-26T15:27:09Z,2026-08-26T17:27:09+0200,ec44fe02-3364-422b-92bd-0daf191e06d6,2026-08-24T05:45:00Z,2026-08-24T07:45:00+0200,808.656,MW,DE,DE_LU,actual_offshore_wind_generation,Wind Offshore,2026-08-26T15:33:13Z
2026-08-26T15:27:09Z,2026-08-26T17:27:09+0200,ec44fe02-3364-422b-92bd-0daf191e06d6,2026-08-24T06:00:00Z,2026-08-24T08:00:00+0200,770.959,MW,DE,DE_LU,actual_offshore_wind_generation,Wind Offshore,2026-08-26T15:33:13Z
2026-08-26T15:27:09Z,2026-08-26T17:27:09+0200,ec44fe02-3364-422b-92bd-0daf191e06d6,2026-08-24T06:15:00Z,2026-08-24T08:15:00+0200,671.292,MW,DE,DE_LU,actual_offshore_wind_generation,Wind Offshore,2026-08-26T15:33:13Z
2026-08-26T15:27:09Z,2026-08-26T17:27:09+0200,ec44fe02-3364-422b-92bd-0daf191e06d6,2026-08-24T06:30:00Z,2026-08-24T08:30:00+0200,556.535,MW,DE,DE_LU,actual_offshore_wind_generation,Wind Offshore,2026-08-26T15:33:13Z
2026-08-26T15:27:09Z,2026-08-26T17:27:09+0200,ec44fe02-3364-422b-92bd-0daf191e06d6,2026-08-24T06:45:00Z,2026-08-24T08:45:00+0200,490.211,MW,DE,DE_LU,actual_offshore_wind_generation,Wind Offshore,2026-08-26T15:33:13Z
2026-08-26T15:27:09Z,2026-08-26T17:27:09+0200,ec44fe02-3364-422b-92bd-0daf191e06d6,2026-08-24T07:00:00Z,2026-08-24T09:00:00+0200,476.57,MW,DE,DE_LU,actual_offshore_wind_generation,Wind Offshore,2026-08-26T15:33:13Z
2026-08-26T15:27:09Z,2026-08-26T17:27:09+0200,ec44fe02-3364-422b-92bd-0daf191e06d6,2026-08-24T07:15:00Z,2026-08-24T09:15:00+0200,438.76,MW,DE,DE_LU,actual_offshore_wind_generation,Wind Offshore,2026-08-26T15:33:13Z
2026-08-26T15:27:09Z,2026-08-26T17:27:09+0200,ec44fe02-3364-422b-92bd-0daf191e06d6,2026-08-24T07:30:00Z,2026-08-24T09:30:00+0200,385.279,MW,DE,DE_LU,actual_offshore_wind_generation,Wind Offshore,2026-08-26T15:33:13Z
2026-08-26T15:27:09Z,2026-08-26T17:27:09+0200,ec44fe02-3364-422b-92bd-0daf191e06d6,2026-08-24T07:45:00Z,2026-08-24T09:45:00+0200,357.335,MW,DE,DE_LU,actual_offshore_wind_generation,Wind Offshore,2026-08-26T15:33:13Z
2026-08-26T15:27:09Z,2026-08-26T17:27:09+0200,ec44fe02-3364-422b-92bd-0daf191e06d6,2026-08-24T08:00:00Z,2026-08-24T10:00:00+0200,358.788,MW,DE,DE_LU,actual_offshore_wind_generation,Wind Offshore,2026-08-26T15:33:13Z
2026-08-26T15:27:09Z,2026-08-26T17:27:09+0200,ec44fe02-3364-422b-92bd-0daf191e06d6,2026-08-24T08:15:00Z,2026-08-24T10:15:00+0200,366.263,MW,DE,DE_LU,actual_offshore_wind_generation,Wind Offshore,2026-08-26T15:33:13Z
2026-08-26T15:27:09Z,2026-08-26T17:27:09+0200,ec44fe02-3364-422b-92bd-0daf191e06d6,2026-08-24T08:30:00Z,2026-08-24T10:30:00+0200,395.986,MW,DE,DE_LU,actual_offshore_wind_generation,Wind Offshore,2026-08-26T15:33:13Z
2026-08-26T15:27:09Z,2026-08-26T17:27:09+0200,ec44fe02-3364-422b-92bd-0daf191e06d6,2026-08-24T08:45:00Z,2026-08-24T10:45:00+0200,384.609,MW,DE,DE_LU,actual_offshore_wind_generation,Wind Offshore,2026-08-26T15:33:13Z
2026-08-26T15:27:09Z,2026-08-26T17:27:09+0200,ec44fe02-3364-422b-92bd-0daf191e06d6,2026-08-24T09:00:00Z,2026-08-24T11:00:00+0200,316.122,MW,DE,DE_LU,actual_offshore_wind_generation,Wind Offshore,2026-08-26T15:33:13Z
2026-08-26T15:27:09Z,2026-08-26T17:27:09+0200,ec44fe02-3364-422b-92bd-0daf191e06d6,2026-08-24T09:15:00Z,2026-08-24T11:15:00+0200,376.046,MW,DE,DE_LU,actual_offshore_wind_generation,Wind Offshore,2026-08-26T15:33:13Z
2026-08-26T15:27:09Z,2026-08-26T17:27:09+0200,ec44fe02-3364-422b-92bd-0daf191e06d6,2026-08-24T09:30:00Z,2026-08-24T11:30:00+0200,384.549,MW,DE,DE_LU,actual_offshore_wind_generation,Wind Offshore,2026-08-26T15:33:13Z
2026-08-26T15:27:09Z,2026-08-26T17:27:09+0200,ec44fe02-3364-422b-92bd-0daf191e06d6,2026-08-24T09:45:00Z,2026-08-24T11:45:00+0200,355.379,MW,DE,DE_LU,actual_offshore_wind_generation,Wind Offshore,2026-08-26T15:33:13Z
2026-08-26T15:27:09Z,2026-08-26T17:27:09+0200,ec44fe02-3364-422b-92bd-0daf191e06d6,2026-08-24T10:00:00Z,2026-08-24T12:00:00+0200,306.922,MW,DE,DE_LU,actual_offshore_wind_generation,Wind Offshore,2026-08-26T15:33:13Z
2026-08-26T15:27:09Z,2026-08-26T17:27:09+0200,ec44fe02-3364-422b-92bd-0daf191e06d6,2026-08-24T10:15:00Z,2026-08-24T12:15:00+0200,272.986,MW,DE,DE_LU,actual_offshore_wind_generation,Wind Offshore,2026-08-26T15:33:13Z
2026-08-26T15:27:09Z,2026-08-26T17:27:09+0200,ec44fe02-3364-422b-92bd-0daf191e06d6,2026-08-24T10:30:00Z,2026-08-24T12:30:00+0200,258.609,MW,DE,DE_LU,actual_offshore_wind_generation,Wind Offshore,2026-08-26T15:33:13Z
2026-08-26T15:27:09Z,2026-08-26T17:27:09+0200,ec44fe02-3364-422b-92bd-0daf191e06d6,2026-08-24T10:45:00Z,2026-08-24T12:45:00+0200,270.157,MW,DE,DE_LU,actual_offshore_wind_generation,Wind Offshore,2026-08-26T15:33:13Z
2026-08-26T15:27:09Z,2026-08-26T17:27:09+0200,ec44fe02-3364-422b-92bd-0daf191e06d6,2026-08-24T11:00:00Z,2026-08-24T13:00:00+0200,280.409,MW,DE,DE_LU,actual_offshore_wind_generation,Wind Offshore,2026-08-26T15:33:13Z
2026-08-26T15:27:09Z,2026-08-26T17:27:09+0200,ec44fe02-3364-422b-92bd-0daf191e06d6,2026-08-24T11:15:00Z,2026-08-24T13:15:00+0200,274.585,MW,DE,DE_LU,actual_offshore_wind_generation,Wind Offshore,2026-08-26T15:33:13Z
2026-08-26T15:27:09Z,2026-08-26T17:27:09+0200,ec44fe02-3364-422b-92bd-0daf191e06d6,2026-08-24T11:30:00Z,2026-08-24T13:30:00+0200,273.588,MW,DE,DE_LU,actual_offshore_wind_generation,Wind Offshore,2026-08-26T15:33:13Z
2026-08-26T15:27:09Z,2026-08-26T17:27:09+0200,ec44fe02-3364-422b-92bd-0daf191e06d6,2026-08-24T11:45:00Z,2026-08-24T13:45:00+0200,275.056,MW,DE,DE_LU,actual_offshore_wind_generation,Wind Offshore,2026-08-26T15:33:13Z
2026-08-26T15:27:09Z,2026-08-26T17:27:09+0200,ec44fe02-3364-422b-92bd-0daf191e06d6,2026-08-24T12:00:00Z,2026-08-24T14:00:00+0200,287.117,MW,DE,DE_LU,actual_offshore_wind_generation,Wind Offshore,2026-08-26T15:33:13Z
2026-08-26T15:27:09Z,2026-08-26T17:27:09+0200,ec44fe02-3364-422b-92bd-0daf191e06d6,2026-08-24T12:15:00Z,2026-08-24T14:15:00+0200,302.665,MW,DE,DE_LU,actual_offshore_wind_generation,Wind Offshore,2026-08-26T15:33:13Z
2026-08-26T15:27:09Z,2026-08-26T17:27:09+0200,ec44fe02-3364-422b-92bd-0daf191e06d6,2026-08-24T12:30:00Z,2026-08-24T14:30:00+0200,330.738,MW,DE,DE_LU,actual_offshore_wind_generation,Wind Offshore,2026-08-26T15:33:13Z
2026-08-26T15:27:09Z,2026-08-26T17:27:09+0200,ec44fe02-3364-422b-92bd-0daf191e06d6,2026-08-24T12:45:00Z,2026-08-24T14:45:00+0200,368.661,MW,DE,DE_LU,actual_offshore_wind_generation,Wind Offshore,2026-08-26T15:33:13Z
2026-08-26T15:27:09Z,2026-08-26T17:27:09+0200,ec44fe02-3364-422b-92bd-0daf191e06d6,2026-08-24T13:00:00Z,2026-08-24T15:00:00+0200,352.781,MW,DE,DE_LU,actual_offshore_wind_generation,Wind Offshore,2026-08-26T15:33:13Z
2026-08-26T15:27:09Z,2026-08-26T17:27:09+0200,ec44fe02-3364-422b-92bd-0daf191e06d6,2026-08-24T13:15:00Z,2026-08-24T15:15:00+0200,345.298,MW,DE,DE_LU,actual_offshore_wind_generation,Wind Offshore,2026-08-26T15:33:13Z
2026-08-26T15:27:09Z,2026-08-26T17:27:09+0200,ec44fe02-3364-422b-92bd-0daf191e06d6,2026-08-24T13:30:00Z,2026-08-24T15:30:00+0200,344.631,MW,DE,DE_LU,actual_offshore_wind_generation,Wind Offshore,2026-08-26T15:33:13Z
2026-08-26T15:27:09Z,2026-08-26T17:27:09+0200,ec44fe02-3364-422b-92bd-0daf191e06d6,2026-08-24T13:45:00Z,2026-08-24T15:45:00+0200,369.622,MW,DE,DE_LU,actual_offshore_wind_generation,Wind Offshore,2026-08-26T15:33:13Z
2026-08-26T15:27:09Z,2026-08-26T17:27:09+0200,ec44fe02-3364-422b-92bd-0daf191e06d6,2026-08-24T14:00:00Z,2026-08-24T16:00:00+0200,383.46,MW,DE,DE_LU,actual_offshore_wind_generation,Wind Offshore,2026-08-26T15:33:13Z
2026-08-26T15:27:09Z,2026-08-26T17:27:09+0200,ec44fe02-3364-422b-92bd-0daf191e06d6,2026-08-24T14:15:00Z,2026-08-24T16:15:00+0200,381.309,MW,DE,DE_LU,actual_offshore_wind_generation,Wind Offshore,2026-08-26T15:33:13Z
2026-08-26T15:27:09Z,2026-08-26T17:27:09+0200,ec44fe02-3364-422b-92bd-0daf191e06d6,2026-08-24T14:30:00Z,2026-08-24T16:30:00+0200,383.815,MW,DE,DE_LU,actual_offshore_wind_generation,Wind Offshore,2026-08-26T15:33:13Z
2026-08-26T15:27:09Z,2026-08-26T17:27:09+0200,ec44fe02-3364-422b-92bd-0daf191e06d6,2026-08-24T14:45:00Z,2026-08-24T16:45:00+0200,389.207,MW,DE,DE_LU,actual_offshore_wind_generation,Wind Offshore,2026-08-26T15:33:13Z
2026-08-26T15:27:09Z,2026-08-26T17:27:09+0200,ec44fe02-3364-422b-92bd-0daf191e06d6,2026-08-24T15:00:00Z,2026-08-24T17:00:00+0200,370.761,MW,DE,DE_LU,actual_offshore_wind_generation,Wind Offshore,2026-08-26T15:33:13Z
2026-08-26T15:27:09Z,2026-08-26T17:27:09+0200,ec44fe02-3364-422b-92bd-0daf191e06d6,2026-08-24T15:15:00Z,2026-08-24T17:15:00+0200,337.642,MW,DE,DE_LU,actual_offshore_wind_generation,Wind Offshore,2026-08-26T15:33:13Z
2026-08-26T15:27:09Z,2026-08-26T17:27:09+0200,ec44fe02-3364-422b-92bd-0daf191e06d6,2026-08-24T15:30:00Z,2026-08-24T17:30:00+0200,329.859,MW,DE,DE_LU,actual_offshore_wind_generation,Wind Offshore,2026-08-26T15:33:13Z
2026-08-26T15:27:09Z,2026-08-26T17:27:09+0200,ec44fe02-3364-422b-92bd-0daf191e06d6,2026-08-24T15:45:00Z,2026-08-24T17:45:00+0200,347.217,MW,DE,DE_LU,actual_offshore_wind_generation,Wind Offshore,2026-08-26T15:33:13Z
2026-08-26T15:27:09Z,2026-08-26T17:27:09+0200,ec44fe02-3364-422b-92bd-0daf191e06d6,2026-08-24T16:00:00Z,2026-08-24T18:00:00+0200,351.777,MW,DE,DE_LU,actual_offshore_wind_generation,Wind Offshore,2026-08-26T15:33:13Z
2026-08-26T15:27:09Z,2026-08-26T17:27:09+0200,ec44fe02-3364-422b-92bd-0daf191e06d6,2026-08-24T16:15:00Z,2026-08-24T18:15:00+0200,328.803,MW,DE,DE_LU,actual_offshore_wind_generation,Wind Offshore,2026-08-26T15:33:13Z
2026-08-26T15:27:09Z,2026-08-26T17:27:09+0200,ec44fe02-3364-422b-92bd-0daf191e06d6,2026-08-24T16:30:00Z,2026-08-24T18:30:00+0200,302.719,MW,DE,DE_LU,actual_offshore_wind_generation,Wind Offshore,2026-08-26T15:33:13Z
2026-08-26T15:27:09Z,2026-08-26T17:27:09+0200,ec44fe02-3364-422b-92bd-0daf191e06d6,2026-08-24T16:45:00Z,2026-08-24T18:45:00+0200,289.477,MW,DE,DE_LU,actual_offshore_wind_generation,Wind Offshore,2026-08-26T15:33:13Z
2026-08-26T15:27:09Z,2026-08-26T17:27:09+0200,ec44fe02-3364-422b-92bd-0daf191e06d6,2026-08-24T17:00:00Z,2026-08-24T19:00:00+0200,300.546,MW,DE,DE_LU,actual_offshore_wind_generation,Wind Offshore,2026-08-26T15:33:13Z
2026-08-26T15:27:09Z,2026-08-26T17:27:09+0200,ec44fe02-3364-422b-92bd-0daf191e06d6,2026-08-24T17:15:00Z,2026-08-24T19:15:00+0200,321.417,MW,DE,DE_LU,actual_offshore_wind_generation,Wind Offshore,2026-08-26T15:33:13Z
2026-08-26T15:27:09Z,2026-08-26T17:27:09+0200,ec44fe02-3364-422b-92bd-0daf191e06d6,2026-08-24T17:30:00Z,2026-08-24T19:30:00+0200,333.658,MW,DE,DE_LU,actual_offshore_wind_generation,Wind Offshore,2026-08-26T15:33:13Z
2026-08-26T15:27:09Z,2026-08-26T17:27:09+0200,ec44fe02-3364-422b-92bd-0daf191e06d6,2026-08-24T17:45:00Z,2026-08-24T19:45:00+0200,340.748,MW,DE,DE_LU,actual_offshore_wind_generation,Wind Offshore,2026-08-26T15:33:13Z
2026-08-26T15:27:09Z,2026-08-26T17:27:09+0200,ec44fe02-3364-422b-92bd-0daf191e06d6,2026-08-24T18:00:00Z,2026-08-24T20:00:00+0200,346.502,MW,DE,DE_LU,actual_offshore_wind_generation,Wind Offshore,2026-08-26T15:33:13Z
2026-08-26T15:27:09Z,2026-08-26T17:27:09+0200,ec44fe02-3364-422b-92bd-0daf191e06d6,2026-08-24T18:15:00Z,2026-08-24T20:15:00+0200,342.009,MW,DE,DE_LU,actual_offshore_wind_generation,Wind Offshore,2026-08-26T15:33:13Z
2026-08-26T15:27:09Z,2026-08-26T17:27:09+0200,ec44fe02-3364-422b-92bd-0daf191e06d6,2026-08-24T18:30:00Z,2026-08-24T20:30:00+0200,355.659,MW,DE,DE_LU,actual_offshore_wind_generation,Wind Offshore,2026-08-26T15:33:13Z
2026-08-26T15:27:09Z,2026-08-26T17:27:09+0200,ec44fe02-3364-422b-92bd-0daf191e06d6,2026-08-24T18:45:00Z,2026-08-24T20:45:00+0200,382.18,MW,DE,DE_LU,actual_offshore_wind_generation,Wind Offshore,2026-08-26T15:33:13Z
2026-08-26T15:27:09Z,2026-08-26T17:27:09+0200,ec44fe02-3364-422b-92bd-0daf191e06d6,2026-08-24T19:00:00Z,2026-08-24T21:00:00+0200,376.543,MW,DE,DE_LU,actual_offshore_wind_generation,Wind Offshore,2026-08-26T15:33:13Z
2026-08-26T15:27:09Z,2026-08-26T17:27:09+0200,ec44fe02-3364-422b-92bd-0daf191e06d6,2026-08-24T19:15:00Z,2026-08-24T21:15:00+0200,415.338,MW,DE,DE_LU,actual_offshore_wind_generation,Wind Offshore,2026-08-26T15:33:13Z
2026-08-26T15:27:09Z,2026-08-26T17:27:09+0200,ec44fe02-3364-422b-92bd-0daf191e06d6,2026-08-24T19:30:00Z,2026-08-24T21:30:00+0200,441.683,MW,DE,DE_LU,actual_offshore_wind_generation,Wind Offshore,2026-08-26T15:33:13Z
2026-08-26T15:27:09Z,2026-08-26T17:27:09+0200,ec44fe02-3364-422b-92bd-0daf191e06d6,2026-08-24T19:45:00Z,2026-08-24T21:45:00+0200,453.187,MW,DE,DE_LU,actual_offshore_wind_generation,Wind Offshore,2026-08-26T15:33:13Z
2026-08-26T15:27:09Z,2026-08-26T17:27:09+0200,ec44fe02-3364-422b-92bd-0daf191e06d6,2026-08-24T20:00:00Z,2026-08-24T22:00:00+0200,454.981,MW,DE,DE_LU,actual_offshore_wind_generation,Wind Offshore,2026-08-26T15:33:13Z
2026-08-26T15:27:09Z,2026-08-26T17:27:09+0200,ec44fe02-3364-422b-92bd-0daf191e06d6,2026-08-24T20:15:00Z,2026-08-24T22:15:00+0200,463.166,MW,DE,DE_LU,actual_offshore_wind_generation,Wind Offshore,2026-08-26T15:33:13Z
2026-08-26T15:27:09Z,2026-08-26T17:27:09+0200,ec44fe02-3364-422b-92bd-0daf191e06d6,2026-08-24T20:30:00Z,2026-08-24T22:30:00+0200,477.526,MW,DE,DE_LU,actual_offshore_wind_generation,Wind Offshore,2026-08-26T15:33:13Z
2026-08-26T15:27:09Z,2026-08-26T17:27:09+0200,ec44fe02-3364-422b-92bd-0daf191e06d6,2026-08-24T20:45:00Z,2026-08-24T22:45:00+0200,489.189,MW,DE,DE_LU,actual_offshore_wind_generation,Wind Offshore,2026-08-26T15:33:13Z
2026-08-26T15:27:09Z,2026-08-26T17:27:09+0200,ec44fe02-3364-422b-92bd-0daf191e06d6,2026-08-24T21:00:00Z,2026-08-24T23:00:00+0200,488.934,MW,DE,DE_LU,actual_offshore_wind_generation,Wind Offshore,2026-08-26T15:33:13Z
2026-08-26T15:27:09Z,2026-08-26T17:27:09+0200,ec44fe02-3364-422b-92bd-0daf191e06d6,2026-08-24T21:15:00Z,2026-08-24T23:15:00+0200,529.597,MW,DE,DE_LU,actual_offshore_wind_generation,Wind Offshore,2026-08-26T15:33:13Z
2026-08-26T15:27:09Z,2026-08-26T17:27:09+0200,ec44fe02-3364-422b-92bd-0daf191e06d6,2026-08-24T21:30:00Z,2026-08-24T23:30:00+0200,578.566,MW,DE,DE_LU,actual_offshore_wind_generation,Wind Offshore,2026-08-26T15:33:13Z
2026-08-26T15:27:09Z,2026-08-26T17:27:09+0200,ec44fe02-3364-422b-92bd-0daf191e06d6,2026-08-24T21:45:00Z,2026-08-24T23:45:00+0200,576.911,MW,DE,DE_LU,actual_offshore_wind_generation,Wind Offshore,2026-08-26T15:33:13Z
2026-08-26T15:27:09Z,2026-08-26T17:27:09+0200,ec44fe02-3364-422b-92bd-0daf191e06d6,2026-08-24T22:00:00Z,2026-08-25T00:00:00+0200,579.504,MW,DE,DE_LU,actual_offshore_wind_generation,Wind Offshore,2026-08-26T15:33:13Z
2026-08-26T15:27:09Z,2026-08-26T17:27:09+0200,ec44fe02-3364-422b-92bd-0daf191e06d6,2026-08-24T22:15:00Z,2026-08-25T00:15:00+0200,597.715,MW,DE,DE_LU,actual_offshore_wind_generation,Wind Offshore,2026-08-26T15:33:13Z
2026-08-26T15:27:09Z,2026-08-26T17:27:09+0200,ec44fe02-3364-422b-92bd-0daf191e06d6,2026-08-24T22:30:00Z,2026-08-25T00:30:00+0200,612.713,MW,DE,DE_LU,actual_offshore_wind_generation,Wind Offshore,2026-08-26T15:33:13Z
2026-08-26T15:27:09Z,2026-08-26T17:27:09+0200,ec44fe02-3364-422b-92bd-0daf191e06d6,2026-08-24T22:45:00Z,2026-08-25T00:45:00+0200,650.944,MW,DE,DE_LU,actual_offshore_wind_generation,Wind Offshore,2026-08-26T15:33:13Z
2026-08-26T15:27:09Z,2026-08-26T17:27:09+0200,ec44fe02-3364-422b-92bd-0daf191e06d6,2026-08-24T23:00:00Z,2026-08-25T01:00:00+0200,595.24,MW,DE,DE_LU,actual_offshore_wind_generation,Wind Offshore,2026-08-26T15:33:13Z
2026-08-26T15:27:09Z,2026-08-26T17:27:09+0200,ec44fe02-3364-422b-92bd-0daf191e06d6,2026-08-24T23:15:00Z,2026-08-25T01:15:00+0200,609.684,MW,DE,DE_LU,actual_offshore_wind_generation,Wind Offshore,2026-08-26T15:33:13Z
2026-08-26T15:27:09Z,2026-08-26T17:27:09+0200,ec44fe02-3364-422b-92bd-0daf191e06d6,2026-08-24T23:30:00Z,2026-08-25T01:30:00+0200,604.727,MW,DE,DE_LU,actual_offshore_wind_generation,Wind Offshore,2026-08-26T15:33:13Z
2026-08-26T15:27:09Z,2026-08-26T17:27:09+0200,ec44fe02-3364-422b-92bd-0daf191e06d6,2026-08-24T23:45:00Z,2026-08-25T01:45:00+0200,681.98,MW,DE,DE_LU,actual_offshore_wind_generation,Wind Offshore,2026-08-26T15:33:13Z
2026-08-26T15:27:09Z,2026-08-26T17:27:09+0200,ec44fe02-3364-422b-92bd-0daf191e06d6,2026-08-25T00:00:00Z,2026-08-25T02:00:00+0200,780.284,MW,DE,DE_LU,actual_offshore_wind_generation,Wind Offshore,2026-08-26T15:33:13Z
2026-08-26T15:27:09Z,2026-08-26T17:27:09+0200,ec44fe02-3364-422b-92bd-0daf191e06d6,2026-08-25T00:15:00Z,2026-08-25T02:15:00+0200,859.411,MW,DE,DE_LU,actual_offshore_wind_generation,Wind Offshore,2026-08-26T15:33:13Z
2026-08-26T15:27:09Z,2026-08-26T17:27:09+0200,ec44fe02-3364-422b-92bd-0daf191e06d6,2026-08-25T00:30:00Z,2026-08-25T02:30:00+0200,924.422,MW,DE,DE_LU,actual_offshore_wind_generation,Wind Offshore,2026-08-26T15:33:13Z
2026-08-26T15:27:09Z,2026-08-26T17:27:09+0200,ec44fe02-3364-422b-92bd-0daf191e06d6,2026-08-25T00:45:00Z,2026-08-25T02:45:00+0200,960.695,MW,DE,DE_LU,actual_offshore_wind_generation,Wind Offshore,2026-08-26T15:33:13Z
2026-08-26T15:27:09Z,2026-08-26T17:27:09+0200,ec44fe02-3364-422b-92bd-0daf191e06d6,2026-08-25T01:00:00Z,2026-08-25T03:00:00+0200,1074.137,MW,DE,DE_LU,actual_offshore_wind_generation,Wind Offshore,2026-08-26T15:33:13Z
2026-08-26T15:27:09Z,2026-08-26T17:27:09+0200,ec44fe02-3364-422b-92bd-0daf191e06d6,2026-08-25T01:15:00Z,2026-08-25T03:15:00+0200,1078.061,MW,DE,DE_LU,actual_offshore_wind_generation,Wind Offshore,2026-08-26T15:33:13Z
2026-08-26T15:27:09Z,2026-08-26T17:27:09+0200,ec44fe02-3364-422b-92bd-0daf191e06d6,2026-08-25T01:30:00Z,2026-08-25T03:30:00+0200,1125.361,MW,DE,DE_LU,actual_offshore_wind_generation,Wind Offshore,2026-08-26T15:33:13Z
2026-08-26T15:27:09Z,2026-08-26T17:27:09+0200,ec44fe02-3364-422b-92bd-0daf191e06d6,2026-08-25T01:45:00Z,2026-08-25T03:45:00+0200,1105.898,MW,DE,DE_LU,actual_offshore_wind_generation,Wind Offshore,2026-08-26T15:33:13Z
2026-08-26T15:27:09Z,2026-08-26T17:27:09+0200,ec44fe02-3364-422b-92bd-0daf191e06d6,2026-08-25T02:00:00Z,2026-08-25T04:00:00+0200,1068.199,MW,DE,DE_LU,actual_offshore_wind_generation,Wind Offshore,2026-08-26T15:33:13Z
2026-08-26T15:27:09Z,2026-08-26T17:27:09+0200,ec44fe02-3364-422b-92bd-0daf191e06d6,2026-08-25T02:15:00Z,2026-08-25T04:15:00+0200,1074.446,MW,DE,DE_LU,actual_offshore_wind_generation,Wind Offshore,2026-08-26T15:33:13Z
2026-08-26T15:27:09Z,2026-08-26T17:27:09+0200,ec44fe02-3364-422b-92bd-0daf191e06d6,2026-08-25T02:30:00Z,2026-08-25T04:30:00+0200,1110.399,MW,DE,DE_LU,actual_offshore_wind_generation,Wind Offshore,2026-08-26T15:33:13Z
2026-08-26T15:27:09Z,2026-08-26T17:27:09+0200,ec44fe02-3364-422b-92bd-0daf191e06d6,2026-08-25T02:45:00Z,2026-08-25T04:45:00+0200,1127.332,MW,DE,DE_LU,actual_offshore_wind_generation,Wind Offshore,2026-08-26T15:33:13Z
2026-08-26T15:27:09Z,2026-08-26T17:27:09+0200,ec44fe02-3364-422b-92bd-0daf191e06d6,2026-08-25T03:00:00Z,2026-08-25T05:00:00+0200,1164.913,MW,DE,DE_LU,actual_offshore_wind_generation,Wind Offshore,2026-08-26T15:33:13Z
2026-08-26T15:27:09Z,2026-08-26T17:27:09+0200,ec44fe02-3364-422b-92bd-0daf191e06d6,2026-08-25T03:15:00Z,2026-08-25T05:15:00+0200,1269.607,MW,DE,DE_LU,actual_offshore_wind_generation,Wind Offshore,2026-08-26T15:33:13Z
2026-08-26T15:27:09Z,2026-08-26T17:27:09+0200,ec44fe02-3364-422b-92bd-0daf191e06d6,2026-08-25T03:30:00Z,2026-08-25T05:30:00+0200,1288.95,MW,DE,DE_LU,actual_offshore_wind_generation,Wind Offshore,2026-08-26T15:33:13Z
2026-08-26T15:27:09Z,2026-08-26T17:27:09+0200,ec44fe02-3364-422b-92bd-0daf191e06d6,2026-08-25T03:45:00Z,2026-08-25T05:45:00+0200,1317.041,MW,DE,DE_LU,actual_offshore_wind_generation,Wind Offshore,2026-08-26T15:33:13Z
2026-08-26T15:27:09Z,2026-08-26T17:27:09+0200,ec44fe02-3364-422b-92bd-0daf191e06d6,2026-08-25T04:00:00Z,2026-08-25T06:00:00+0200,1357.516,MW,DE,DE_LU,actual_offshore_wind_generation,Wind Offshore,2026-08-26T15:33:13Z
2026-08-26T15:27:09Z,2026-08-26T17:27:09+0200,ec44fe02-3364-422b-92bd-0daf191e06d6,2026-08-25T04:15:00Z,2026-08-25T06:15:00+0200,1346.21,MW,DE,DE_LU,actual_offshore_wind_generation,Wind Offshore,2026-08-26T15:33:13Z
2026-08-26T15:27:09Z,2026-08-26T17:27:09+0200,ec44fe02-3364-422b-92bd-0daf191e06d6,2026-08-25T04:30:00Z,2026-08-25T06:30:00+0200,1427.717,MW,DE,DE_LU,actual_offshore_wind_generation,Wind Offshore,2026-08-26T15:33:13Z
2026-08-26T15:27:09Z,2026-08-26T17:27:09+0200,ec44fe02-3364-422b-92bd-0daf191e06d6,2026-08-25T04:45:00Z,2026-08-25T06:45:00+0200,1440.437,MW,DE,DE_LU,actual_offshore_wind_generation,Wind Offshore,2026-08-26T15:33:13Z
2026-08-26T15:27:09Z,2026-08-26T17:27:09+0200,ec44fe02-3364-422b-92bd-0daf191e06d6,2026-08-25T05:00:00Z,2026-08-25T07:00:00+0200,1396.575,MW,DE,DE_LU,actual_offshore_wind_generation,Wind Offshore,2026-08-26T15:33:13Z
2026-08-26T15:27:09Z,2026-08-26T17:27:09+0200,ec44fe02-3364-422b-92bd-0daf191e06d6,2026-08-25T05:15:00Z,2026-08-25T07:15:00+0200,1457.929,MW,DE,DE_LU,actual_offshore_wind_generation,Wind Offshore,2026-08-26T15:33:13Z
2026-08-26T15:27:09Z,2026-08-26T17:27:09+0200,ec44fe02-3364-422b-92bd-0daf191e06d6,2026-08-25T05:30:00Z,2026-08-25T07:30:00+0200,1521.712,MW,DE,DE_LU,actual_offshore_wind_generation,Wind Offshore,2026-08-26T15:33:13Z
2026-08-26T15:27:09Z,2026-08-26T17:27:09+0200,ec44fe02-3364-422b-92bd-0daf191e06d6,2026-08-25T05:45:00Z,2026-08-25T07:45:00+0200,1629.971,MW,DE,DE_LU,actual_offshore_wind_generation,Wind Offshore,2026-08-26T15:33:13Z
2026-08-26T15:27:09Z,2026-08-26T17:27:09+0200,ec44fe02-3364-422b-92bd-0daf191e06d6,2026-08-25T06:00:00Z,2026-08-25T08:00:00+0200,1660.365,MW,DE,DE_LU,actual_offshore_wind_generation,Wind Offshore,2026-08-26T15:33:13Z
2026-08-26T15:27:09Z,2026-08-26T17:27:09+0200,ec44fe02-3364-422b-92bd-0daf191e06d6,2026-08-25T06:15:00Z,2026-08-25T08:15:00+0200,1721.099,MW,DE,DE_LU,actual_offshore_wind_generation,Wind Offshore,2026-08-26T15:33:13Z
2026-08-26T15:27:09Z,2026-08-26T17:27:09+0200,ec44fe02-3364-422b-92bd-0daf191e06d6,2026-08-25T06:30:00Z,2026-08-25T08:30:00+0200,1796.908,MW,DE,DE_LU,actual_offshore_wind_generation,Wind Offshore,2026-08-26T15:33:13Z
2026-08-26T15:27:09Z,2026-08-26T17:27:09+0200,ec44fe02-3364-422b-92bd-0daf191e06d6,2026-08-25T06:45:00Z,2026-08-25T08:45:00+0200,1711.217,MW,DE,DE_LU,actual_offshore_wind_generation,Wind Offshore,2026-08-26T15:33:13Z
2026-08-26T15:27:09Z,2026-08-26T17:27:09+0200,ec44fe02-3364-422b-92bd-0daf191e06d6,2026-08-25T07:00:00Z,2026-08-25T09:00:00+0200,1678.528,MW,DE,DE_LU,actual_offshore_wind_generation,Wind Offshore,2026-08-26T15:33:13Z
2026-08-26T15:27:09Z,2026-08-26T17:27:09+0200,ec44fe02-3364-422b-92bd-0daf191e06d6,2026-08-25T07:15:00Z,2026-08-25T09:15:00+0200,1676.623,MW,DE,DE_LU,actual_offshore_wind_generation,Wind Offshore,2026-08-26T15:33:13Z
2026-08-26T15:27:09Z,2026-08-26T17:27:09+0200,ec44fe02-3364-422b-92bd-0daf191e06d6,2026-08-25T07:30:00Z,2026-08-25T09:30:00+0200,1671.989,MW,DE,DE_LU,actual_offshore_wind_generation,Wind Offshore,2026-08-26T15:33:13Z
2026-08-26T15:27:09Z,2026-08-26T17:27:09+0200,ec44fe02-3364-422b-92bd-0daf191e06d6,2026-08-25T07:45:00Z,2026-08-25T09:45:00+0200,1654.37,MW,DE,DE_LU,actual_offshore_wind_generation,Wind Offshore,2026-08-26T15:33:13Z
2026-08-26T15:27:09Z,2026-08-26T17:27:09+0200,ec44fe02-3364-422b-92bd-0daf191e06d6,2026-08-25T08:00:00Z,2026-08-25T10:00:00+0200,1729.419,MW,DE,DE_LU,actual_offshore_wind_generation,Wind Offshore,2026-08-26T15:33:13Z
2026-08-26T15:27:09Z,2026-08-26T17:27:09+0200,ec44fe02-3364-422b-92bd-0daf191e06d6,2026-08-25T08:15:00Z,2026-08-25T10:15:00+0200,1735.872,MW,DE,DE_LU,actual_offshore_wind_generation,Wind Offshore,2026-08-26T15:33:13Z
2026-08-26T15:27:09Z,2026-08-26T17:27:09+0200,ec44fe02-3364-422b-92bd-0daf191e06d6,2026-08-25T08:30:00Z,2026-08-25T10:30:00+0200,1744.659,MW,DE,DE_LU,actual_offshore_wind_generation,Wind Offshore,2026-08-26T15:33:13Z
2026-08-26T15:27:09Z,2026-08-26T17:27:09+0200,ec44fe02-3364-422b-92bd-0daf191e06d6,2026-08-25T08:45:00Z,2026-08-25T10:45:00+0200,1772.606,MW,DE,DE_LU,actual_offshore_wind_generation,Wind Offshore,2026-08-26T15:33:13Z
2026-08-26T15:27:09Z,2026-08-26T17:27:09+0200,ec44fe02-3364-422b-92bd-0daf191e06d6,2026-08-25T09:00:00Z,2026-08-25T11:00:00+0200,1786.601,MW,DE,DE_LU,actual_offshore_wind_generation,Wind Offshore,2026-08-26T15:33:13Z
2026-08-26T15:27:09Z,2026-08-26T17:27:09+0200,ec44fe02-3364-422b-92bd-0daf191e06d6,2026-08-25T09:15:00Z,2026-08-25T11:15:00+0200,1701.177,MW,DE,DE_LU,actual_offshore_wind_generation,Wind Offshore,2026-08-26T15:33:13Z
2026-08-26T15:27:09Z,2026-08-26T17:27:09+0200,ec44fe02-3364-422b-92bd-0daf191e06d6,2026-08-25T09:30:00Z,2026-08-25T11:30:00+0200,1273.938,MW,DE,DE_LU,actual_offshore_wind_generation,Wind Offshore,2026-08-26T15:33:13Z
2026-08-26T15:27:09Z,2026-08-26T17:27:09+0200,ec44fe02-3364-422b-92bd-0daf191e06d6,2026-08-25T09:45:00Z,2026-08-25T11:45:00+0200,986.948,MW,DE,DE_LU,actual_offshore_wind_generation,Wind Offshore,2026-08-26T15:33:13Z
2026-08-26T15:27:09Z,2026-08-26T17:27:09+0200,ec44fe02-3364-422b-92bd-0daf191e06d6,2026-08-25T10:00:00Z,2026-08-25T12:00:00+0200,450.35,MW,DE,DE_LU,actual_offshore_wind_generation,Wind Offshore,2026-08-26T15:33:13Z
2026-08-26T15:27:09Z,2026-08-26T17:27:09+0200,ec44fe02-3364-422b-92bd-0daf191e06d6,2026-08-25T10:15:00Z,2026-08-25T12:15:00+0200,467.851,MW,DE,DE_LU,actual_offshore_wind_generation,Wind Offshore,2026-08-26T15:33:13Z
2026-08-26T15:27:09Z,2026-08-26T17:27:09+0200,ec44fe02-3364-422b-92bd-0daf191e06d6,2026-08-25T10:30:00Z,2026-08-25T12:30:00+0200,629.181,MW,DE,DE_LU,actual_offshore_wind_generation,Wind Offshore,2026-08-26T15:33:13Z
2026-08-26T15:27:09Z,2026-08-26T17:27:09+0200,ec44fe02-3364-422b-92bd-0daf191e06d6,2026-08-25T10:45:00Z,2026-08-25T12:45:00+0200,565.1,MW,DE,DE_LU,actual_offshore_wind_generation,Wind Offshore,2026-08-26T15:33:13Z
2026-08-26T15:27:09Z,2026-08-26T17:27:09+0200,ec44fe02-3364-422b-92bd-0daf191e06d6,2026-08-25T11:00:00Z,2026-08-25T13:00:00+0200,1029.004,MW,DE,DE_LU,actual_offshore_wind_generation,Wind Offshore,2026-08-26T15:33:13Z
2026-08-26T15:27:09Z,2026-08-26T17:27:09+0200,ec44fe02-3364-422b-92bd-0daf191e06d6,2026-08-25T11:15:00Z,2026-08-25T13:15:00+0200,1032.228,MW,DE,DE_LU,actual_offshore_wind_generation,Wind Offshore,2026-08-26T15:33:13Z
2026-08-26T15:27:09Z,2026-08-26T17:27:09+0200,ec44fe02-3364-422b-92bd-0daf191e06d6,2026-08-25T11:30:00Z,2026-08-25T13:30:00+0200,628.56,MW,DE,DE_LU,actual_offshore_wind_generation,Wind Offshore,2026-08-26T15:33:13Z
2026-08-26T15:27:09Z,2026-08-26T17:27:09+0200,ec44fe02-3364-422b-92bd-0daf191e06d6,2026-08-25T11:45:00Z,2026-08-25T13:45:00+0200,626.134,MW,DE,DE_LU,actual_offshore_wind_generation,Wind Offshore,2026-08-26T15:33:13Z
2026-08-26T15:27:09Z,2026-08-26T17:27:09+0200,ec44fe02-3364-422b-92bd-0daf191e06d6,2026-08-25T12:00:00Z,2026-08-25T14:00:00+0200,673.616,MW,DE,DE_LU,actual_offshore_wind_generation,Wind Offshore,2026-08-26T15:33:13Z
2026-08-26T15:27:09Z,2026-08-26T17:27:09+0200,ec44fe02-3364-422b-92bd-0daf191e06d6,2026-08-25T12:15:00Z,2026-08-25T14:15:00+0200,694.756,MW,DE,DE_LU,actual_offshore_wind_generation,Wind Offshore,2026-08-26T15:33:13Z
2026-08-26T15:27:09Z,2026-08-26T17:27:09+0200,ec44fe02-3364-422b-92bd-0daf191e06d6,2026-08-25T12:30:00Z,2026-08-25T14:30:00+0200,690.114,MW,DE,DE_LU,actual_offshore_wind_generation,Wind Offshore,2026-08-26T15:33:13Z
2026-08-26T15:27:09Z,2026-08-26T17:27:09+0200,ec44fe02-3364-422b-92bd-0daf191e06d6,2026-08-25T12:45:00Z,2026-08-25T14:45:00+0200,649.44,MW,DE,DE_LU,actual_offshore_wind_generation,Wind Offshore,2026-08-26T15:33:13Z
2026-08-26T15:27:09Z,2026-08-26T17:27:09+0200,ec44fe02-3364-422b-92bd-0daf191e06d6,2026-08-25T13:00:00Z,2026-08-25T15:00:00+0200,2051.413,MW,DE,DE_LU,actual_offshore_wind_generation,Wind Offshore,2026-08-26T15:33:13Z
2026-08-26T15:27:09Z,2026-08-26T17:27:09+0200,ec44fe02-3364-422b-92bd-0daf191e06d6,2026-08-25T13:15:00Z,2026-08-25T15:15:00+0200,2308.906,MW,DE,DE_LU,actual_offshore_wind_generation,Wind Offshore,2026-08-26T15:33:13Z
2026-08-26T15:27:09Z,2026-08-26T17:27:09+0200,ec44fe02-3364-422b-92bd-0daf191e06d6,2026-08-25T13:30:00Z,2026-08-25T15:30:00+0200,2290.172,MW,DE,DE_LU,actual_offshore_wind_generation,Wind Offshore,2026-08-26T15:33:13Z
2026-08-26T15:27:09Z,2026-08-26T17:27:09+0200,ec44fe02-3364-422b-92bd-0daf191e06d6,2026-08-25T13:45:00Z,2026-08-25T15:45:00+0200,2243.889,MW,DE,DE_LU,actual_offshore_wind_generation,Wind Offshore,2026-08-26T15:33:13Z
2026-08-26T15:27:09Z,2026-08-26T17:27:09+0200,ec44fe02-3364-422b-92bd-0daf191e06d6,2026-08-25T14:00:00Z,2026-08-25T16:00:00+0200,2308.274,MW,DE,DE_LU,actual_offshore_wind_generation,Wind Offshore,2026-08-26T15:33:13Z
2026-08-26T15:27:09Z,2026-08-26T17:27:09+0200,ec44fe02-3364-422b-92bd-0daf191e06d6,2026-08-25T14:15:00Z,2026-08-25T16:15:00+0200,2427.708,MW,DE,DE_LU,actual_offshore_wind_generation,Wind Offshore,2026-08-26T15:33:13Z
2026-08-26T15:27:09Z,2026-08-26T17:27:09+0200,ec44fe02-3364-422b-92bd-0daf191e06d6,2026-08-25T14:30:00Z,2026-08-25T16:30:00+0200,2450.973,MW,DE,DE_LU,actual_offshore_wind_generation,Wind Offshore,2026-08-26T15:33:13Z
2026-08-26T15:27:09Z,2026-08-26T17:27:09+0200,ec44fe02-3364-422b-92bd-0daf191e06d6,2026-08-25T14:45:00Z,2026-08-25T16:45:00+0200,2555.993,MW,DE,DE_LU,actual_offshore_wind_generation,Wind Offshore,2026-08-26T15:33:13Z
2026-08-26T15:27:09Z,2026-08-26T17:27:09+0200,ec44fe02-3364-422b-92bd-0daf191e06d6,2026-08-25T15:00:00Z,2026-08-25T17:00:00+0200,2787.67,MW,DE,DE_LU,actual_offshore_wind_generation,Wind Offshore,2026-08-26T15:33:13Z
2026-08-26T15:27:09Z,2026-08-26T17:27:09+0200,ec44fe02-3364-422b-92bd-0daf191e06d6,2026-08-25T15:15:00Z,2026-08-25T17:15:00+0200,2948.107,MW,DE,DE_LU,actual_offshore_wind_generation,Wind Offshore,2026-08-26T15:33:13Z
2026-08-26T15:27:09Z,2026-08-26T17:27:09+0200,ec44fe02-3364-422b-92bd-0daf191e06d6,2026-08-25T15:30:00Z,2026-08-25T17:30:00+0200,3009.192,MW,DE,DE_LU,actual_offshore_wind_generation,Wind Offshore,2026-08-26T15:33:13Z
2026-08-26T15:27:09Z,2026-08-26T17:27:09+0200,ec44fe02-3364-422b-92bd-0daf191e06d6,2026-08-25T15:45:00Z,2026-08-25T17:45:00+0200,3080.902,MW,DE,DE_LU,actual_offshore_wind_generation,Wind Offshore,2026-08-26T15:33:13Z
2026-08-26T15:27:09Z,2026-08-26T17:27:09+0200,ec44fe02-3364-422b-92bd-0daf191e06d6,2026-08-25T16:00:00Z,2026-08-25T18:00:00+0200,3067.096,MW,DE,DE_LU,actual_offshore_wind_generation,Wind Offshore,2026-08-26T15:33:13Z
2026-08-26T15:27:09Z,2026-08-26T17:27:09+0200,ec44fe02-3364-422b-92bd-0daf191e06d6,2026-08-25T16:15:00Z,2026-08-25T18:15:00+0200,3134.732,MW,DE,DE_LU,actual_offshore_wind_generation,Wind Offshore,2026-08-26T15:33:13Z
2026-08-26T15:27:09Z,2026-08-26T17:27:09+0200,ec44fe02-3364-422b-92bd-0daf191e06d6,2026-08-25T16:30:00Z,2026-08-25T18:30:00+0200,3255.122,MW,DE,DE_LU,actual_offshore_wind_generation,Wind Offshore,2026-08-26T15:33:13Z
2026-08-26T15:27:09Z,2026-08-26T17:27:09+0200,ec44fe02-3364-422b-92bd-0daf191e06d6,2026-08-25T16:45:00Z,2026-08-25T18:45:00+0200,3328.843,MW,DE,DE_LU,actual_offshore_wind_generation,Wind Offshore,2026-08-26T15:33:13Z
2026-08-26T15:27:09Z,2026-08-26T17:27:09+0200,ec44fe02-3364-422b-92bd-0daf191e06d6,2026-08-25T17:00:00Z,2026-08-25T19:00:00+0200,3380.294,MW,DE,DE_LU,actual_offshore_wind_generation,Wind Offshore,2026-08-26T15:33:13Z
2026-08-26T15:27:09Z,2026-08-26T17:27:09+0200,ec44fe02-3364-422b-92bd-0daf191e06d6,2026-08-25T17:15:00Z,2026-08-25T19:15:00+0200,3530.793,MW,DE,DE_LU,actual_offshore_wind_generation,Wind Offshore,2026-08-26T15:33:13Z
2026-08-26T15:27:09Z,2026-08-26T17:27:09+0200,ec44fe02-3364-422b-92bd-0daf191e06d6,2026-08-25T17:30:00Z,2026-08-25T19:30:00+0200,3637.644,MW,DE,DE_LU,actual_offshore_wind_generation,Wind Offshore,2026-08-26T15:33:13Z
2026-08-26T15:27:09Z,2026-08-26T17:27:09+0200,ec44fe02-3364-422b-92bd-0daf191e06d6,2026-08-25T17:45:00Z,2026-08-25T19:45:00+0200,3685.501,MW,DE,DE_LU,actual_offshore_wind_generation,Wind Offshore,2026-08-26T15:33:13Z
2026-08-26T15:27:09Z,2026-08-26T17:27:09+0200,ec44fe02-3364-422b-92bd-0daf191e06d6,2026-08-25T18:00:00Z,2026-08-25T20:00:00+0200,3737.187,MW,DE,DE_LU,actual_offshore_wind_generation,Wind Offshore,2026-08-26T15:33:13Z
2026-08-26T15:27:09Z,2026-08-26T17:27:09+0200,ec44fe02-3364-422b-92bd-0daf191e06d6,2026-08-25T18:15:00Z,2026-08-25T20:15:00+0200,3808.389,MW,DE,DE_LU,actual_offshore_wind_generation,Wind Offshore,2026-08-26T15:33:13Z
2026-08-26T15:27:09Z,2026-08-26T17:27:09+0200,ec44fe02-3364-422b-92bd-0daf191e06d6,2026-08-25T18:30:00Z,2026-08-25T20:30:00+0200,3943.185,MW,DE,DE_LU,actual_offshore_wind_generation,Wind Offshore,2026-08-26T15:33:13Z
2026-08-26T15:27:09Z,2026-08-26T17:27:09+0200,ec44fe02-3364-422b-92bd-0daf191e06d6,2026-08-25T18:45:00Z,2026-08-25T20:45:00+0200,4151.336,MW,DE,DE_LU,actual_offshore_wind_generation,Wind Offshore,2026-08-26T15:33:13Z
2026-08-26T15:27:09Z,2026-08-26T17:27:09+0200,ec44fe02-3364-422b-92bd-0daf191e06d6,2026-08-25T19:00:00Z,2026-08-25T21:00:00+0200,4267.758,MW,DE,DE_LU,actual_offshore_wind_generation,Wind Offshore,2026-08-26T15:33:13Z
2026-08-26T15:27:09Z,2026-08-26T17:27:09+0200,ec44fe02-3364-422b-92bd-0daf191e06d6,2026-08-25T19:15:00Z,2026-08-25T21:15:00+0200,4267.197,MW,DE,DE_LU,actual_offshore_wind_generation,Wind Offshore,2026-08-26T15:33:13Z
2026-08-26T15:27:09Z,2026-08-26T17:27:09+0200,ec44fe02-3364-422b-92bd-0daf191e06d6,2026-08-25T19:30:00Z,2026-08-25T21:30:00+0200,4276.297,MW,DE,DE_LU,actual_offshore_wind_generation,Wind Offshore,2026-08-26T15:33:13Z
2026-08-26T15:27:09Z,2026-08-26T17:27:09+0200,ec44fe02-3364-422b-92bd-0daf191e06d6,2026-08-25T19:45:00Z,2026-08-25T21:45:00+0200,4401.771,MW,DE,DE_LU,actual_offshore_wind_generation,Wind Offshore,2026-08-26T15:33:13Z
2026-08-26T15:27:09Z,2026-08-26T17:27:09+0200,ec44fe02-3364-422b-92bd-0daf191e06d6,2026-08-25T20:00:00Z,2026-08-25T22:00:00+0200,4575.652,MW,DE,DE_LU,actual_offshore_wind_generation,Wind Offshore,2026-08-26T15:33:13Z
2026-08-26T15:27:09Z,2026-08-26T17:27:09+0200,ec44fe02-3364-422b-92bd-0daf191e06d6,2026-08-25T20:15:00Z,2026-08-25T22:15:00+0200,4705.371,MW,DE,DE_LU,actual_offshore_wind_generation,Wind Offshore,2026-08-26T15:33:13Z
2026-08-26T15:27:09Z,2026-08-26T17:27:09+0200,ec44fe02-3364-422b-92bd-0daf191e06d6,2026-08-25T20:30:00Z,2026-08-25T22:30:00+0200,4696.722,MW,DE,DE_LU,actual_offshore_wind_generation,Wind Offshore,2026-08-26T15:33:13Z
2026-08-26T15:27:09Z,2026-08-26T17:27:09+0200,ec44fe02-3364-422b-92bd-0daf191e06d6,2026-08-25T20:45:00Z,2026-08-25T22:45:00+0200,4696.327,MW,DE,DE_LU,actual_offshore_wind_generation,Wind Offshore,2026-08-26T15:33:13Z
2026-08-26T15:27:09Z,2026-08-26T17:27:09+0200,ec44fe02-3364-422b-92bd-0daf191e06d6,2026-08-25T21:00:00Z,2026-08-25T23:00:00+0200,4608.843,MW,DE,DE_LU,actual_offshore_wind_generation,Wind Offshore,2026-08-26T15:33:13Z
2026-08-26T15:27:09Z,2026-08-26T17:27:09+0200,ec44fe02-3364-422b-92bd-0daf191e06d6,2026-08-25T21:15:00Z,2026-08-25T23:15:00+0200,4616.766,MW,DE,DE_LU,actual_offshore_wind_generation,Wind Offshore,2026-08-26T15:33:13Z
2026-08-26T15:27:09Z,2026-08-26T17:27:09+0200,ec44fe02-3364-422b-92bd-0daf191e06d6,2026-08-25T21:30:00Z,2026-08-25T23:30:00+0200,4604.339,MW,DE,DE_LU,actual_offshore_wind_generation,Wind Offshore,2026-08-26T15:33:13Z
2026-08-26T15:27:09Z,2026-08-26T17:27:09+0200,ec44fe02-3364-422b-92bd-0daf191e06d6,2026-08-25T21:45:00Z,2026-08-25T23:45:00+0200,4616.107,MW,DE,DE_LU,actual_offshore_wind_generation,Wind Offshore,2026-08-26T15:33:13Z
2026-08-26T15:27:09Z,2026-08-26T17:27:09+0200,ec44fe02-3364-422b-92bd-0daf191e06d6,2026-08-25T22:00:00Z,2026-08-26T00:00:00+0200,4967.657,MW,DE,DE_LU,actual_offshore_wind_generation,Wind Offshore,2026-08-26T15:33:13Z
2026-08-26T15:27:09Z,2026-08-26T17:27:09+0200,ec44fe02-3364-422b-92bd-0daf191e06d6,2026-08-25T22:15:00Z,2026-08-26T00:15:00+0200,5075.427,MW,DE,DE_LU,actual_offshore_wind_generation,Wind Offshore,2026-08-26T15:33:13Z
2026-08-26T15:27:09Z,2026-08-26T17:27:09+0200,ec44fe02-3364-422b-92bd-0daf191e06d6,2026-08-25T22:30:00Z,2026-08-26T00:30:00+0200,5196.182,MW,DE,DE_LU,actual_offshore_wind_generation,Wind Offshore,2026-08-26T15:33:13Z
2026-08-26T15:27:09Z,2026-08-26T17:27:09+0200,ec44fe02-3364-422b-92bd-0daf191e06d6,2026-08-25T22:45:00Z,2026-08-26T00:45:00+0200,5356.881,MW,DE,DE_LU,actual_offshore_wind_generation,Wind Offshore,2026-08-26T15:33:13Z
2026-08-26T15:27:09Z,2026-08-26T17:27:09+0200,ec44fe02-3364-422b-92bd-0daf191e06d6,2026-08-25T23:00:00Z,2026-08-26T01:00:00+0200,5362.115,MW,DE,DE_LU,actual_offshore_wind_generation,Wind Offshore,2026-08-26T15:33:13Z
2026-08-26T15:27:09Z,2026-08-26T17:27:09+0200,ec44fe02-3364-422b-92bd-0daf191e06d6,2026-08-25T23:15:00Z,2026-08-26T01:15:00+0200,5291.389,MW,DE,DE_LU,actual_offshore_wind_generation,Wind Offshore,2026-08-26T15:33:13Z
2026-08-26T15:27:09Z,2026-08-26T17:27:09+0200,ec44fe02-3364-422b-92bd-0daf191e06d6,2026-08-25T23:30:00Z,2026-08-26T01:30:00+0200,5216.226,MW,DE,DE_LU,actual_offshore_wind_generation,Wind Offshore,2026-08-26T15:33:13Z
2026-08-26T15:27:09Z,2026-08-26T17:27:09+0200,ec44fe02-3364-422b-92bd-0daf191e06d6,2026-08-25T23:45:00Z,2026-08-26T01:45:00+0200,5255.921,MW,DE,DE_LU,actual_offshore_wind_generation,Wind Offshore,2026-08-26T15:33:13Z
2026-08-26T15:27:09Z,2026-08-26T17:27:09+0200,ec44fe02-3364-422b-92bd-0daf191e06d6,2026-08-26T00:00:00Z,2026-08-26T02:00:00+0200,5249.051,MW,DE,DE_LU,actual_offshore_wind_generation,Wind Offshore,2026-08-26T15:33:13Z
2026-08-26T15:27:09Z,2026-08-26T17:27:09+0200,ec44fe02-3364-422b-92bd-0daf191e06d6,2026-08-26T00:15:00Z,2026-08-26T02:15:00+0200,5144.672,MW,DE,DE_LU,actual_offshore_wind_generation,Wind Offshore,2026-08-26T15:33:13Z
2026-08-26T15:27:09Z,2026-08-26T17:27:09+0200,ec44fe02-3364-422b-92bd-0daf191e06d6,2026-08-26T00:30:00Z,2026-08-26T02:30:00+0200,5023.8,MW,DE,DE_LU,actual_offshore_wind_generation,Wind Offshore,2026-08-26T15:33:13Z
2026-08-26T15:27:09Z,2026-08-26T17:27:09+0200,ec44fe02-3364-422b-92bd-0daf191e06d6,2026-08-26T00:45:00Z,2026-08-26T02:45:00+0200,4942.225,MW,DE,DE_LU,actual_offshore_wind_generation,Wind Offshore,2026-08-26T15:33:13Z
2026-08-26T15:27:09Z,2026-08-26T17:27:09+0200,ec44fe02-3364-422b-92bd-0daf191e06d6,2026-08-26T01:00:00Z,2026-08-26T03:00:00+0200,4863.351,MW,DE,DE_LU,actual_offshore_wind_generation,Wind Offshore,2026-08-26T15:33:13Z
2026-08-26T15:27:09Z,2026-08-26T17:27:09+0200,ec44fe02-3364-422b-92bd-0daf191e06d6,2026-08-26T01:15:00Z,2026-08-26T03:15:00+0200,4675.536,MW,DE,DE_LU,actual_offshore_wind_generation,Wind Offshore,2026-08-26T15:33:13Z
2026-08-26T15:27:09Z,2026-08-26T17:27:09+0200,ec44fe02-3364-422b-92bd-0daf191e06d6,2026-08-26T01:30:00Z,2026-08-26T03:30:00+0200,4508.363,MW,DE,DE_LU,actual_offshore_wind_generation,Wind Offshore,2026-08-26T15:33:13Z
2026-08-26T15:27:09Z,2026-08-26T17:27:09+0200,ec44fe02-3364-422b-92bd-0daf191e06d6,2026-08-26T01:45:00Z,2026-08-26T03:45:00+0200,4347.351,MW,DE,DE_LU,actual_offshore_wind_generation,Wind Offshore,2026-08-26T15:33:13Z
2026-08-26T15:27:09Z,2026-08-26T17:27:09+0200,ec44fe02-3364-422b-92bd-0daf191e06d6,2026-08-26T02:00:00Z,2026-08-26T04:00:00+0200,4213.747,MW,DE,DE_LU,actual_offshore_wind_generation,Wind Offshore,2026-08-26T15:33:13Z
2026-08-26T15:27:09Z,2026-08-26T17:27:09+0200,ec44fe02-3364-422b-92bd-0daf191e06d6,2026-08-26T02:15:00Z,2026-08-26T04:15:00+0200,4033.302,MW,DE,DE_LU,actual_offshore_wind_generation,Wind Offshore,2026-08-26T15:33:13Z
2026-08-26T15:27:09Z,2026-08-26T17:27:09+0200,ec44fe02-3364-422b-92bd-0daf191e06d6,2026-08-26T02:30:00Z,2026-08-26T04:30:00+0200,3888.344,MW,DE,DE_LU,actual_offshore_wind_generation,Wind Offshore,2026-08-26T15:33:13Z
2026-08-26T15:27:09Z,2026-08-26T17:27:09+0200,ec44fe02-3364-422b-92bd-0daf191e06d6,2026-08-26T02:45:00Z,2026-08-26T04:45:00+0200,3861.343,MW,DE,DE_LU,actual_offshore_wind_generation,Wind Offshore,2026-08-26T15:33:13Z
2026-08-26T15:27:09Z,2026-08-26T17:27:09+0200,ec44fe02-3364-422b-92bd-0daf191e06d6,2026-08-26T03:00:00Z,2026-08-26T05:00:00+0200,3813.962,MW,DE,DE_LU,actual_offshore_wind_generation,Wind Offshore,2026-08-26T15:33:13Z
2026-08-26T15:27:09Z,2026-08-26T17:27:09+0200,ec44fe02-3364-422b-92bd-0daf191e06d6,2026-08-26T03:15:00Z,2026-08-26T05:15:00+0200,3756.209,MW,DE,DE_LU,actual_offshore_wind_generation,Wind Offshore,2026-08-26T15:33:13Z
2026-08-26T15:27:09Z,2026-08-26T17:27:09+0200,ec44fe02-3364-422b-92bd-0daf191e06d6,2026-08-26T03:30:00Z,2026-08-26T05:30:00+0200,3695.57,MW,DE,DE_LU,actual_offshore_wind_generation,Wind Offshore,2026-08-26T15:33:13Z
2026-08-26T15:27:09Z,2026-08-26T17:27:09+0200,ec44fe02-3364-422b-92bd-0daf191e06d6,2026-08-26T03:45:00Z,2026-08-26T05:45:00+0200,3644.262,MW,DE,DE_LU,actual_offshore_wind_generation,Wind Offshore,2026-08-26T15:33:13Z
2026-08-26T15:27:09Z,2026-08-26T17:27:09+0200,ec44fe02-3364-422b-92bd-0daf191e06d6,2026-08-26T04:00:00Z,2026-08-26T06:00:00+0200,3577.045,MW,DE,DE_LU,actual_offshore_wind_generation,Wind Offshore,2026-08-26T15:33:13Z
2026-08-26T15:27:09Z,2026-08-26T17:27:09+0200,ec44fe02-3364-422b-92bd-0daf191e06d6,2026-08-26T04:15:00Z,2026-08-26T06:15:00+0200,3470.268,MW,DE,DE_LU,actual_offshore_wind_generation,Wind Offshore,2026-08-26T15:33:13Z
2026-08-26T15:27:09Z,2026-08-26T17:27:09+0200,ec44fe02-3364-422b-92bd-0daf191e06d6,2026-08-26T04:30:00Z,2026-08-26T06:30:00+0200,3347.876,MW,DE,DE_LU,actual_offshore_wind_generation,Wind Offshore,2026-08-26T15:33:13Z
2026-08-26T15:27:09Z,2026-08-26T17:27:09+0200,ec44fe02-3364-422b-92bd-0daf191e06d6,2026-08-26T04:45:00Z,2026-08-26T06:45:00+0200,3255.793,MW,DE,DE_LU,actual_offshore_wind_generation,Wind Offshore,2026-08-26T15:33:13Z
2026-08-26T15:27:09Z,2026-08-26T17:27:09+0200,ec44fe02-3364-422b-92bd-0daf191e06d6,2026-08-26T05:00:00Z,2026-08-26T07:00:00+0200,3239.124,MW,DE,DE_LU,actual_offshore_wind_generation,Wind Offshore,2026-08-26T15:33:13Z
2026-08-26T15:27:09Z,2026-08-26T17:27:09+0200,ec44fe02-3364-422b-92bd-0daf191e06d6,2026-08-26T05:15:00Z,2026-08-26T07:15:00+0200,3246.659,MW,DE,DE_LU,actual_offshore_wind_generation,Wind Offshore,2026-08-26T15:33:13Z
2026-08-26T15:27:09Z,2026-08-26T17:27:09+0200,ec44fe02-3364-422b-92bd-0daf191e06d6,2026-08-26T05:30:00Z,2026-08-26T07:30:00+0200,3242.718,MW,DE,DE_LU,actual_offshore_wind_generation,Wind Offshore,2026-08-26T15:33:13Z
2026-08-26T15:27:09Z,2026-08-26T17:27:09+0200,ec44fe02-3364-422b-92bd-0daf191e06d6,2026-08-26T05:45:00Z,2026-08-26T07:45:00+0200,3207.252,MW,DE,DE_LU,actual_offshore_wind_generation,Wind Offshore,2026-08-26T15:33:13Z
2026-08-26T15:27:09Z,2026-08-26T17:27:09+0200,ec44fe02-3364-422b-92bd-0daf191e06d6,2026-08-26T06:00:00Z,2026-08-26T08:00:00+0200,2968.009,MW,DE,DE_LU,actual_offshore_wind_generation,Wind Offshore,2026-08-26T15:33:13Z
2026-08-26T15:27:09Z,2026-08-26T17:27:09+0200,ec44fe02-3364-422b-92bd-0daf191e06d6,2026-08-26T06:15:00Z,2026-08-26T08:15:00+0200,2873.275,MW,DE,DE_LU,actual_offshore_wind_generation,Wind Offshore,2026-08-26T15:33:13Z
2026-08-26T15:27:09Z,2026-08-26T17:27:09+0200,ec44fe02-3364-422b-92bd-0daf191e06d6,2026-08-26T06:30:00Z,2026-08-26T08:30:00+0200,2797.214,MW,DE,DE_LU,actual_offshore_wind_generation,Wind Offshore,2026-08-26T15:33:13Z
2026-08-26T15:27:09Z,2026-08-26T17:27:09+0200,ec44fe02-3364-422b-92bd-0daf191e06d6,2026-08-26T06:45:00Z,2026-08-26T08:45:00+0200,2702.545,MW,DE,DE_LU,actual_offshore_wind_generation,Wind Offshore,2026-08-26T15:33:13Z
2026-08-26T15:27:09Z,2026-08-26T17:27:09+0200,ec44fe02-3364-422b-92bd-0daf191e06d6,2026-08-26T07:00:00Z,2026-08-26T09:00:00+0200,2546.65,MW,DE,DE_LU,actual_offshore_wind_generation,Wind Offshore,2026-08-26T15:33:13Z
2026-08-26T15:27:09Z,2026-08-26T17:27:09+0200,ec44fe02-3364-422b-92bd-0daf191e06d6,2026-08-26T07:15:00Z,2026-08-26T09:15:00+0200,2560.358,MW,DE,DE_LU,actual_offshore_wind_generation,Wind Offshore,2026-08-26T15:33:13Z
2026-08-26T15:27:09Z,2026-08-26T17:27:09+0200,ec44fe02-3364-422b-92bd-0daf191e06d6,2026-08-26T07:30:00Z,2026-08-26T09:30:00+0200,2513.561,MW,DE,DE_LU,actual_offshore_wind_generation,Wind Offshore,2026-08-26T15:33:13Z
2026-08-26T15:27:09Z,2026-08-26T17:27:09+0200,ec44fe02-3364-422b-92bd-0daf191e06d6,2026-08-26T07:45:00Z,2026-08-26T09:45:00+0200,2499.244,MW,DE,DE_LU,actual_offshore_wind_generation,Wind Offshore,2026-08-26T15:33:13Z
2026-08-26T15:27:09Z,2026-08-26T17:27:09+0200,ec44fe02-3364-422b-92bd-0daf191e06d6,2026-08-26T08:00:00Z,2026-08-26T10:00:00+0200,2542.174,MW,DE,DE_LU,actual_offshore_wind_generation,Wind Offshore,2026-08-26T15:33:13Z
2026-08-26T15:27:09Z,2026-08-26T17:27:09+0200,ec44fe02-3364-422b-92bd-0daf191e06d6,2026-08-26T08:15:00Z,2026-08-26T10:15:00+0200,2576.461,MW,DE,DE_LU,actual_offshore_wind_generation,Wind Offshore,2026-08-26T15:33:13Z
2026-08-26T15:27:09Z,2026-08-26T17:27:09+0200,ec44fe02-3364-422b-92bd-0daf191e06d6,2026-08-26T08:30:00Z,2026-08-26T10:30:00+0200,2566.005,MW,DE,DE_LU,actual_offshore_wind_generation,Wind Offshore,2026-08-26T15:33:13Z
2026-08-26T15:27:09Z,2026-08-26T17:27:09+0200,ec44fe02-3364-422b-92bd-0daf191e06d6,2026-08-26T08:45:00Z,2026-08-26T10:45:00+0200,2594.402,MW,DE,DE_LU,actual_offshore_wind_generation,Wind Offshore,2026-08-26T15:33:13Z
2026-08-26T15:27:09Z,2026-08-26T17:27:09+0200,ec44fe02-3364-422b-92bd-0daf191e06d6,2026-08-26T09:00:00Z,2026-08-26T11:00:00+0200,2645.954,MW,DE,DE_LU,actual_offshore_wind_generation,Wind Offshore,2026-08-26T15:33:13Z
2026-08-26T15:27:09Z,2026-08-26T17:27:09+0200,ec44fe02-3364-422b-92bd-0daf191e06d6,2026-08-26T09:15:00Z,2026-08-26T11:15:00+0200,2643.459,MW,DE,DE_LU,actual_offshore_wind_generation,Wind Offshore,2026-08-26T15:33:13Z
2026-08-26T15:27:09Z,2026-08-26T17:27:09+0200,ec44fe02-3364-422b-92bd-0daf191e06d6,2026-08-26T09:30:00Z,2026-08-26T11:30:00+0200,2682.392,MW,DE,DE_LU,actual_offshore_wind_generation,Wind Offshore,2026-08-26T15:33:13Z
2026-08-26T15:27:09Z,2026-08-26T17:27:09+0200,ec44fe02-3364-422b-92bd-0daf191e06d6,2026-08-26T09:45:00Z,2026-08-26T11:45:00+0200,2698.466,MW,DE,DE_LU,actual_offshore_wind_generation,Wind Offshore,2026-08-26T15:33:13Z
2026-08-26T15:27:09Z,2026-08-26T17:27:09+0200,ec44fe02-3364-422b-92bd-0daf191e06d6,2026-08-26T10:00:00Z,2026-08-26T12:00:00+0200,2699.598,MW,DE,DE_LU,actual_offshore_wind_generation,Wind Offshore,2026-08-26T15:33:13Z
2026-08-26T15:27:09Z,2026-08-26T17:27:09+0200,ec44fe02-3364-422b-92bd-0daf191e06d6,2026-08-26T10:15:00Z,2026-08-26T12:15:00+0200,2724.576,MW,DE,DE_LU,actual_offshore_wind_generation,Wind Offshore,2026-08-26T15:33:13Z
2026-08-26T15:27:09Z,2026-08-26T17:27:09+0200,ec44fe02-3364-422b-92bd-0daf191e06d6,2026-08-26T10:30:00Z,2026-08-26T12:30:00+0200,2762.717,MW,DE,DE_LU,actual_offshore_wind_generation,Wind Offshore,2026-08-26T15:33:13Z
2026-08-26T15:27:09Z,2026-08-26T17:27:09+0200,ec44fe02-3364-422b-92bd-0daf191e06d6,2026-08-26T10:45:00Z,2026-08-26T12:45:00+0200,2873.461,MW,DE,DE_LU,actual_offshore_wind_generation,Wind Offshore,2026-08-26T15:33:13Z
2026-08-26T15:27:09Z,2026-08-26T17:27:09+0200,ec44fe02-3364-422b-92bd-0daf191e06d6,2026-08-26T11:00:00Z,2026-08-26T13:00:00+0200,2918.878,MW,DE,DE_LU,actual_offshore_wind_generation,Wind Offshore,2026-08-26T15:33:13Z
2026-08-26T15:27:09Z,2026-08-26T17:27:09+0200,ec44fe02-3364-422b-92bd-0daf191e06d6,2026-08-26T11:15:00Z,2026-08-26T13:15:00+0200,2954.172,MW,DE,DE_LU,actual_offshore_wind_generation,Wind Offshore,2026-08-26T15:33:13Z
2026-08-26T15:27:09Z,2026-08-26T17:27:09+0200,ec44fe02-3364-422b-92bd-0daf191e06d6,2026-08-26T11:30:00Z,2026-08-26T13:30:00+0200,3029.593,MW,DE,DE_LU,actual_offshore_wind_generation,Wind Offshore,2026-08-26T15:33:13Z
2026-08-26T15:27:09Z,2026-08-26T17:27:09+0200,ec44fe02-3364-422b-92bd-0daf191e06d6,2026-08-26T11:45:00Z,2026-08-26T13:45:00+0200,3153.67,MW,DE,DE_LU,actual_offshore_wind_generation,Wind Offshore,2026-08-26T15:33:13Z
2026-08-26T15:27:09Z,2026-08-26T17:27:09+0200,ec44fe02-3364-422b-92bd-0daf191e06d6,2026-08-26T12:00:00Z,2026-08-26T14:00:00+0200,3416.034,MW,DE,DE_LU,actual_offshore_wind_generation,Wind Offshore,2026-08-26T15:33:13Z
2026-08-26T15:27:09Z,2026-08-26T17:27:09+0200,ec44fe02-3364-422b-92bd-0daf191e06d6,2026-08-26T12:15:00Z,2026-08-26T14:15:00+0200,3597.05,MW,DE,DE_LU,actual_offshore_wind_generation,Wind Offshore,2026-08-26T15:33:13Z
2026-08-26T15:27:09Z,2026-08-26T17:27:09+0200,ec44fe02-3364-422b-92bd-0daf191e06d6,2026-08-26T12:30:00Z,2026-08-26T14:30:00+0200,3549.67,MW,DE,DE_LU,actual_offshore_wind_generation,Wind Offshore,2026-08-26T15:33:13Z
2026-08-26T15:27:09Z,2026-08-26T17:27:09+0200,ec44fe02-3364-422b-92bd-0daf191e06d6,2026-08-26T12:45:00Z,2026-08-26T14:45:00+0200,3728.986,MW,DE,DE_LU,actual_offshore_wind_generation,Wind Offshore,2026-08-26T15:33:13Z
2026-08-26T15:27:09Z,2026-08-26T17:27:09+0200,ec44fe02-3364-422b-92bd-0daf191e06d6,2026-08-26T13:00:00Z,2026-08-26T15:00:00+0200,4226.588,MW,DE,DE_LU,actual_offshore_wind_generation,Wind Offshore,2026-08-26T15:33:13Z
2026-08-26T15:27:09Z,2026-08-26T17:27:09+0200,ec44fe02-3364-422b-92bd-0daf191e06d6,2026-08-26T13:15:00Z,2026-08-26T15:15:00+0200,4524.445,MW,DE,DE_LU,actual_offshore_wind_generation,Wind Offshore,2026-08-26T15:33:13Z
2026-08-26T15:27:09Z,2026-08-26T17:27:09+0200,ec44fe02-3364-422b-92bd-0daf191e06d6,2026-08-26T13:30:00Z,2026-08-26T15:30:00+0200,4752.492,MW,DE,DE_LU,actual_offshore_wind_generation,Wind Offshore,2026-08-26T15:33:13Z
2026-08-26T15:27:09Z,2026-08-26T17:27:09+0200,ec44fe02-3364-422b-92bd-0daf191e06d6,2026-08-26T13:45:00Z,2026-08-26T15:45:00+0200,4843.52,MW,DE,DE_LU,actual_offshore_wind_generation,Wind Offshore,2026-08-26T15:33:13Z
2026-08-26T15:27:09Z,2026-08-26T17:27:09+0200,ec44fe02-3364-422b-92bd-0daf191e06d6,2026-08-26T14:00:00Z,2026-08-26T16:00:00+0200,4846.641,MW,DE,DE_LU,actual_offshore_wind_generation,Wind Offshore,2026-08-26T15:33:13Z
2026-08-26T15:27:09Z,2026-08-26T17:27:09+0200,ec44fe02-3364-422b-92bd-0daf191e06d6,2026-08-26T14:15:00Z,2026-08-26T16:15:00+0200,4903.938,MW,DE,DE_LU,actual_offshore_wind_generation,Wind Offshore,2026-08-26T15:33:13Z
2026-08-26T15:27:09Z,2026-08-26T17:27:09+0200,ec44fe02-3364-422b-92bd-0daf191e06d6,2026-08-26T14:30:00Z,2026-08-26T16:30:00+0200,5112.249,MW,DE,DE_LU,actual_offshore_wind_generation,Wind Offshore,2026-08-26T15:33:13Z
2026-08-26T15:27:09Z,2026-08-26T17:27:09+0200,ec44fe02-3364-422b-92bd-0daf191e06d6,2026-08-26T14:45:00Z,2026-08-26T16:45:00+0200,5339.577,MW,DE,DE_LU,actual_offshore_wind_generation,Wind Offshore,2026-08-26T15:33:13Z
