collection_time_utc,collection_time_local,run_id,timestamp_utc,timestamp_local,value,unit,country,entsoe_area,variable,source,updated_at_utc
2026-08-01T08:44:53Z,2026-08-01T10:44:53+0200,ec999b8f-4b0e-4160-bee3-118ddd8c6904,2026-07-01T09:00:00Z,2026-07-01T11:00:00+0200,520.229,MW,DE,DE_LU,actual_offshore_wind_generation,Wind Offshore,2026-08-01T08:46:56Z
2026-08-01T08:44:53Z,2026-08-01T10:44:53+0200,ec999b8f-4b0e-4160-bee3-118ddd8c6904,2026-07-01T09:15:00Z,2026-07-01T11:15:00+0200,506.008,MW,DE,DE_LU,actual_offshore_wind_generation,Wind Offshore,2026-08-01T08:46:56Z
2026-08-01T08:44:53Z,2026-08-01T10:44:53+0200,ec999b8f-4b0e-4160-bee3-118ddd8c6904,2026-07-01T09:30:00Z,2026-07-01T11:30:00+0200,480.44,MW,DE,DE_LU,actual_offshore_wind_generation,Wind Offshore,2026-08-01T08:46:56Z
2026-08-01T08:44:53Z,2026-08-01T10:44:53+0200,ec999b8f-4b0e-4160-bee3-118ddd8c6904,2026-07-01T09:45:00Z,2026-07-01T11:45:00+0200,448.936,MW,DE,DE_LU,actual_offshore_wind_generation,Wind Offshore,2026-08-01T08:46:56Z
2026-08-01T08:44:53Z,2026-08-01T10:44:53+0200,ec999b8f-4b0e-4160-bee3-118ddd8c6904,2026-07-01T10:00:00Z,2026-07-01T12:00:00+0200,432.149,MW,DE,DE_LU,actual_offshore_wind_generation,Wind Offshore,2026-08-01T08:46:56Z
2026-08-01T08:44:53Z,2026-08-01T10:44:53+0200,ec999b8f-4b0e-4160-bee3-118ddd8c6904,2026-07-01T10:15:00Z,2026-07-01T12:15:00+0200,423.696,MW,DE,DE_LU,actual_offshore_wind_generation,Wind Offshore,2026-08-01T08:46:56Z
2026-08-01T08:44:53Z,2026-08-01T10:44:53+0200,ec999b8f-4b0e-4160-bee3-118ddd8c6904,2026-07-01T10:30:00Z,2026-07-01T12:30:00+0200,385.673,MW,DE,DE_LU,actual_offshore_wind_generation,Wind Offshore,2026-08-01T08:46:56Z
2026-08-01T08:44:53Z,2026-08-01T10:44:53+0200,ec999b8f-4b0e-4160-bee3-118ddd8c6904,2026-07-01T10:45:00Z,2026-07-01T12:45:00+0200,325.356,MW,DE,DE_LU,actual_offshore_wind_generation,Wind Offshore,2026-08-01T08:46:56Z
2026-08-01T08:44:53Z,2026-08-01T10:44:53+0200,ec999b8f-4b0e-4160-bee3-118ddd8c6904,2026-07-01T11:00:00Z,2026-07-01T13:00:00+0200,294.096,MW,DE,DE_LU,actual_offshore_wind_generation,Wind Offshore,2026-08-01T08:46:56Z
2026-08-01T08:44:53Z,2026-08-01T10:44:53+0200,ec999b8f-4b0e-4160-bee3-118ddd8c6904,2026-07-01T11:15:00Z,2026-07-01T13:15:00+0200,277.171,MW,DE,DE_LU,actual_offshore_wind_generation,Wind Offshore,2026-08-01T08:46:56Z
2026-08-01T08:44:53Z,2026-08-01T10:44:53+0200,ec999b8f-4b0e-4160-bee3-118ddd8c6904,2026-07-01T11:30:00Z,2026-07-01T13:30:00+0200,339.368,MW,DE,DE_LU,actual_offshore_wind_generation,Wind Offshore,2026-08-01T08:46:56Z
2026-08-01T08:44:53Z,2026-08-01T10:44:53+0200,ec999b8f-4b0e-4160-bee3-118ddd8c6904,2026-07-01T11:45:00Z,2026-07-01T13:45:00+0200,388.844,MW,DE,DE_LU,actual_offshore_wind_generation,Wind Offshore,2026-08-01T08:46:56Z
2026-08-01T08:44:53Z,2026-08-01T10:44:53+0200,ec999b8f-4b0e-4160-bee3-118ddd8c6904,2026-07-01T12:00:00Z,2026-07-01T14:00:00+0200,412.918,MW,DE,DE_LU,actual_offshore_wind_generation,Wind Offshore,2026-08-01T08:46:56Z
2026-08-01T08:44:53Z,2026-08-01T10:44:53+0200,ec999b8f-4b0e-4160-bee3-118ddd8c6904,2026-07-01T12:15:00Z,2026-07-01T14:15:00+0200,401.901,MW,DE,DE_LU,actual_offshore_wind_generation,Wind Offshore,2026-08-01T08:46:56Z
2026-08-01T08:44:53Z,2026-08-01T10:44:53+0200,ec999b8f-4b0e-4160-bee3-118ddd8c6904,2026-07-01T12:30:00Z,2026-07-01T14:30:00+0200,363.388,MW,DE,DE_LU,actual_offshore_wind_generation,Wind Offshore,2026-08-01T08:46:56Z
2026-08-01T08:44:53Z,2026-08-01T10:44:53+0200,ec999b8f-4b0e-4160-bee3-118ddd8c6904,2026-07-01T12:45:00Z,2026-07-01T14:45:00+0200,363.859,MW,DE,DE_LU,actual_offshore_wind_generation,Wind Offshore,2026-08-01T08:46:56Z
2026-08-01T08:44:53Z,2026-08-01T10:44:53+0200,ec999b8f-4b0e-4160-bee3-118ddd8c6904,2026-07-01T13:00:00Z,2026-07-01T15:00:00+0200,367.903,MW,DE,DE_LU,actual_offshore_wind_generation,Wind Offshore,2026-08-01T08:46:56Z
2026-08-01T08:44:53Z,2026-08-01T10:44:53+0200,ec999b8f-4b0e-4160-bee3-118ddd8c6904,2026-07-01T13:15:00Z,2026-07-01T15:15:00+0200,369.977,MW,DE,DE_LU,actual_offshore_wind_generation,Wind Offshore,2026-08-01T08:46:56Z
2026-08-01T08:44:53Z,2026-08-01T10:44:53+0200,ec999b8f-4b0e-4160-bee3-118ddd8c6904,2026-07-01T13:30:00Z,2026-07-01T15:30:00+0200,371.75,MW,DE,DE_LU,actual_offshore_wind_generation,Wind Offshore,2026-08-01T08:46:56Z
2026-08-01T08:44:53Z,2026-08-01T10:44:53+0200,ec999b8f-4b0e-4160-bee3-118ddd8c6904,2026-07-01T13:45:00Z,2026-07-01T15:45:00+0200,359.954,MW,DE,DE_LU,actual_offshore_wind_generation,Wind Offshore,2026-08-01T08:46:56Z
2026-08-01T08:44:53Z,2026-08-01T10:44:53+0200,ec999b8f-4b0e-4160-bee3-118ddd8c6904,2026-07-01T14:00:00Z,2026-07-01T16:00:00+0200,372.022,MW,DE,DE_LU,actual_offshore_wind_generation,Wind Offshore,2026-08-01T08:46:56Z
2026-08-01T08:44:53Z,2026-08-01T10:44:53+0200,ec999b8f-4b0e-4160-bee3-118ddd8c6904,2026-07-01T14:15:00Z,2026-07-01T16:15:00+0200,393.783,MW,DE,DE_LU,actual_offshore_wind_generation,Wind Offshore,2026-08-01T08:46:56Z
2026-08-01T08:44:53Z,2026-08-01T10:44:53+0200,ec999b8f-4b0e-4160-bee3-118ddd8c6904,2026-07-01T14:30:00Z,2026-07-01T16:30:00+0200,415.829,MW,DE,DE_LU,actual_offshore_wind_generation,Wind Offshore,2026-08-01T08:46:56Z
2026-08-01T08:44:53Z,2026-08-01T10:44:53+0200,ec999b8f-4b0e-4160-bee3-118ddd8c6904,2026-07-01T14:45:00Z,2026-07-01T16:45:00+0200,410.654,MW,DE,DE_LU,actual_offshore_wind_generation,Wind Offshore,2026-08-01T08:46:56Z
2026-08-01T08:44:53Z,2026-08-01T10:44:53+0200,ec999b8f-4b0e-4160-bee3-118ddd8c6904,2026-07-01T15:00:00Z,2026-07-01T17:00:00+0200,427.611,MW,DE,DE_LU,actual_offshore_wind_generation,Wind Offshore,2026-08-01T08:46:56Z
2026-08-01T08:44:53Z,2026-08-01T10:44:53+0200,ec999b8f-4b0e-4160-bee3-118ddd8c6904,2026-07-01T15:15:00Z,2026-07-01T17:15:00+0200,438.595,MW,DE,DE_LU,actual_offshore_wind_generation,Wind Offshore,2026-08-01T08:46:56Z
2026-08-01T08:44:53Z,2026-08-01T10:44:53+0200,ec999b8f-4b0e-4160-bee3-118ddd8c6904,2026-07-01T15:30:00Z,2026-07-01T17:30:00+0200,487.768,MW,DE,DE_LU,actual_offshore_wind_generation,Wind Offshore,2026-08-01T08:46:56Z
2026-08-01T08:44:53Z,2026-08-01T10:44:53+0200,ec999b8f-4b0e-4160-bee3-118ddd8c6904,2026-07-01T15:45:00Z,2026-07-01T17:45:00+0200,555.939,MW,DE,DE_LU,actual_offshore_wind_generation,Wind Offshore,2026-08-01T08:46:56Z
2026-08-01T08:44:53Z,2026-08-01T10:44:53+0200,ec999b8f-4b0e-4160-bee3-118ddd8c6904,2026-07-01T16:00:00Z,2026-07-01T18:00:00+0200,555.468,MW,DE,DE_LU,actual_offshore_wind_generation,Wind Offshore,2026-08-01T08:46:56Z
2026-08-01T08:44:53Z,2026-08-01T10:44:53+0200,ec999b8f-4b0e-4160-bee3-118ddd8c6904,2026-07-01T16:15:00Z,2026-07-01T18:15:00+0200,547.036,MW,DE,DE_LU,actual_offshore_wind_generation,Wind Offshore,2026-08-01T08:46:56Z
2026-08-01T08:44:53Z,2026-08-01T10:44:53+0200,ec999b8f-4b0e-4160-bee3-118ddd8c6904,2026-07-01T16:30:00Z,2026-07-01T18:30:00+0200,535.125,MW,DE,DE_LU,actual_offshore_wind_generation,Wind Offshore,2026-08-01T08:46:56Z
2026-08-01T08:44:53Z,2026-08-01T10:44:53+0200,ec999b8f-4b0e-4160-bee3-118ddd8c6904,2026-07-01T16:45:00Z,2026-07-01T18:45:00+0200,507.797,MW,DE,DE_LU,actual_offshore_wind_generation,Wind Offshore,2026-08-01T08:46:56Z
2026-08-01T08:44:53Z,2026-08-01T10:44:53+0200,ec999b8f-4b0e-4160-bee3-118ddd8c6904,2026-07-01T17:00:00Z,2026-07-01T19:00:00+0200,504.107,MW,DE,DE_LU,actual_offshore_wind_generation,Wind Offshore,2026-08-01T08:46:56Z
2026-08-01T08:44:53Z,2026-08-01T10:44:53+0200,ec999b8f-4b0e-4160-bee3-118ddd8c6904,2026-07-01T17:15:00Z,2026-07-01T19:15:00+0200,489.194,MW,DE,DE_LU,actual_offshore_wind_generation,Wind Offshore,2026-08-01T08:46:56Z
2026-08-01T08:44:53Z,2026-08-01T10:44:53+0200,ec999b8f-4b0e-4160-bee3-118ddd8c6904,2026-07-01T17:30:00Z,2026-07-01T19:30:00+0200,467.831,MW,DE,DE_LU,actual_offshore_wind_generation,Wind Offshore,2026-08-01T08:46:56Z
2026-08-01T08:44:53Z,2026-08-01T10:44:53+0200,ec999b8f-4b0e-4160-bee3-118ddd8c6904,2026-07-01T17:45:00Z,2026-07-01T19:45:00+0200,492.957,MW,DE,DE_LU,actual_offshore_wind_generation,Wind Offshore,2026-08-01T08:46:56Z
2026-08-01T08:44:53Z,2026-08-01T10:44:53+0200,ec999b8f-4b0e-4160-bee3-118ddd8c6904,2026-07-01T18:00:00Z,2026-07-01T20:00:00+0200,512.107,MW,DE,DE_LU,actual_offshore_wind_generation,Wind Offshore,2026-08-01T08:46:56Z
2026-08-01T08:44:53Z,2026-08-01T10:44:53+0200,ec999b8f-4b0e-4160-bee3-118ddd8c6904,2026-07-01T18:15:00Z,2026-07-01T20:15:00+0200,583.019,MW,DE,DE_LU,actual_offshore_wind_generation,Wind Offshore,2026-08-01T08:46:56Z
2026-08-01T08:44:53Z,2026-08-01T10:44:53+0200,ec999b8f-4b0e-4160-bee3-118ddd8c6904,2026-07-01T18:30:00Z,2026-07-01T20:30:00+0200,675.178,MW,DE,DE_LU,actual_offshore_wind_generation,Wind Offshore,2026-08-01T08:46:56Z
2026-08-01T08:44:53Z,2026-08-01T10:44:53+0200,ec999b8f-4b0e-4160-bee3-118ddd8c6904,2026-07-01T18:45:00Z,2026-07-01T20:45:00+0200,701.503,MW,DE,DE_LU,actual_offshore_wind_generation,Wind Offshore,2026-08-01T08:46:56Z
2026-08-01T08:44:53Z,2026-08-01T10:44:53+0200,ec999b8f-4b0e-4160-bee3-118ddd8c6904,2026-07-01T19:00:00Z,2026-07-01T21:00:00+0200,719.777,MW,DE,DE_LU,actual_offshore_wind_generation,Wind Offshore,2026-08-01T08:46:56Z
2026-08-01T08:44:53Z,2026-08-01T10:44:53+0200,ec999b8f-4b0e-4160-bee3-118ddd8c6904,2026-07-01T19:15:00Z,2026-07-01T21:15:00+0200,753.069,MW,DE,DE_LU,actual_offshore_wind_generation,Wind Offshore,2026-08-01T08:46:56Z
2026-08-01T08:44:53Z,2026-08-01T10:44:53+0200,ec999b8f-4b0e-4160-bee3-118ddd8c6904,2026-07-01T19:30:00Z,2026-07-01T21:30:00+0200,756.24,MW,DE,DE_LU,actual_offshore_wind_generation,Wind Offshore,2026-08-01T08:46:56Z
2026-08-01T08:44:53Z,2026-08-01T10:44:53+0200,ec999b8f-4b0e-4160-bee3-118ddd8c6904,2026-07-01T19:45:00Z,2026-07-01T21:45:00+0200,671.835,MW,DE,DE_LU,actual_offshore_wind_generation,Wind Offshore,2026-08-01T08:46:56Z
2026-08-01T08:44:53Z,2026-08-01T10:44:53+0200,ec999b8f-4b0e-4160-bee3-118ddd8c6904,2026-07-01T20:00:00Z,2026-07-01T22:00:00+0200,561.125,MW,DE,DE_LU,actual_offshore_wind_generation,Wind Offshore,2026-08-01T08:46:56Z
2026-08-01T08:44:53Z,2026-08-01T10:44:53+0200,ec999b8f-4b0e-4160-bee3-118ddd8c6904,2026-07-01T20:15:00Z,2026-07-01T22:15:00+0200,425.313,MW,DE,DE_LU,actual_offshore_wind_generation,Wind Offshore,2026-08-01T08:46:56Z
2026-08-01T08:44:53Z,2026-08-01T10:44:53+0200,ec999b8f-4b0e-4160-bee3-118ddd8c6904,2026-07-01T20:30:00Z,2026-07-01T22:30:00+0200,363.951,MW,DE,DE_LU,actual_offshore_wind_generation,Wind Offshore,2026-08-01T08:46:56Z
2026-08-01T08:44:53Z,2026-08-01T10:44:53+0200,ec999b8f-4b0e-4160-bee3-118ddd8c6904,2026-07-01T20:45:00Z,2026-07-01T22:45:00+0200,336.164,MW,DE,DE_LU,actual_offshore_wind_generation,Wind Offshore,2026-08-01T08:46:56Z
2026-08-01T08:44:53Z,2026-08-01T10:44:53+0200,ec999b8f-4b0e-4160-bee3-118ddd8c6904,2026-07-01T21:00:00Z,2026-07-01T23:00:00+0200,329.408,MW,DE,DE_LU,actual_offshore_wind_generation,Wind Offshore,2026-08-01T08:46:56Z
2026-08-01T08:44:53Z,2026-08-01T10:44:53+0200,ec999b8f-4b0e-4160-bee3-118ddd8c6904,2026-07-01T21:15:00Z,2026-07-01T23:15:00+0200,337.061,MW,DE,DE_LU,actual_offshore_wind_generation,Wind Offshore,2026-08-01T08:46:56Z
2026-08-01T08:44:53Z,2026-08-01T10:44:53+0200,ec999b8f-4b0e-4160-bee3-118ddd8c6904,2026-07-01T21:30:00Z,2026-07-01T23:30:00+0200,368.922,MW,DE,DE_LU,actual_offshore_wind_generation,Wind Offshore,2026-08-01T08:46:56Z
2026-08-01T08:44:53Z,2026-08-01T10:44:53+0200,ec999b8f-4b0e-4160-bee3-118ddd8c6904,2026-07-01T21:45:00Z,2026-07-01T23:45:00+0200,408.203,MW,DE,DE_LU,actual_offshore_wind_generation,Wind Offshore,2026-08-01T08:46:56Z
2026-08-01T08:44:53Z,2026-08-01T10:44:53+0200,ec999b8f-4b0e-4160-bee3-118ddd8c6904,2026-07-01T22:00:00Z,2026-07-02T00:00:00+0200,480.991,MW,DE,DE_LU,actual_offshore_wind_generation,Wind Offshore,2026-08-01T08:46:56Z
2026-08-01T08:44:53Z,2026-08-01T10:44:53+0200,ec999b8f-4b0e-4160-bee3-118ddd8c6904,2026-07-01T22:15:00Z,2026-07-02T00:15:00+0200,578.076,MW,DE,DE_LU,actual_offshore_wind_generation,Wind Offshore,2026-08-01T08:46:56Z
2026-08-01T08:44:53Z,2026-08-01T10:44:53+0200,ec999b8f-4b0e-4160-bee3-118ddd8c6904,2026-07-01T22:30:00Z,2026-07-02T00:30:00+0200,715.807,MW,DE,DE_LU,actual_offshore_wind_generation,Wind Offshore,2026-08-01T08:46:56Z
2026-08-01T08:44:53Z,2026-08-01T10:44:53+0200,ec999b8f-4b0e-4160-bee3-118ddd8c6904,2026-07-01T22:45:00Z,2026-07-02T00:45:00+0200,900.553,MW,DE,DE_LU,actual_offshore_wind_generation,Wind Offshore,2026-08-01T08:46:56Z
2026-08-01T08:44:53Z,2026-08-01T10:44:53+0200,ec999b8f-4b0e-4160-bee3-118ddd8c6904,2026-07-01T23:00:00Z,2026-07-02T01:00:00+0200,1075.444,MW,DE,DE_LU,actual_offshore_wind_generation,Wind Offshore,2026-08-01T08:46:56Z
2026-08-01T08:44:53Z,2026-08-01T10:44:53+0200,ec999b8f-4b0e-4160-bee3-118ddd8c6904,2026-07-01T23:15:00Z,2026-07-02T01:15:00+0200,1321.678,MW,DE,DE_LU,actual_offshore_wind_generation,Wind Offshore,2026-08-01T08:46:56Z
2026-08-01T08:44:53Z,2026-08-01T10:44:53+0200,ec999b8f-4b0e-4160-bee3-118ddd8c6904,2026-07-01T23:30:00Z,2026-07-02T01:30:00+0200,1585.575,MW,DE,DE_LU,actual_offshore_wind_generation,Wind Offshore,2026-08-01T08:46:56Z
2026-08-01T08:44:53Z,2026-08-01T10:44:53+0200,ec999b8f-4b0e-4160-bee3-118ddd8c6904,2026-07-01T23:45:00Z,2026-07-02T01:45:00+0200,1863.009,MW,DE,DE_LU,actual_offshore_wind_generation,Wind Offshore,2026-08-01T08:46:56Z
2026-08-01T08:44:53Z,2026-08-01T10:44:53+0200,ec999b8f-4b0e-4160-bee3-118ddd8c6904,2026-07-02T00:00:00Z,2026-07-02T02:00:00+0200,2134.796,MW,DE,DE_LU,actual_offshore_wind_generation,Wind Offshore,2026-08-01T08:46:56Z
2026-08-01T08:44:53Z,2026-08-01T10:44:53+0200,ec999b8f-4b0e-4160-bee3-118ddd8c6904,2026-07-02T00:15:00Z,2026-07-02T02:15:00+0200,2400.725,MW,DE,DE_LU,actual_offshore_wind_generation,Wind Offshore,2026-08-01T08:46:56Z
2026-08-01T08:44:53Z,2026-08-01T10:44:53+0200,ec999b8f-4b0e-4160-bee3-118ddd8c6904,2026-07-02T00:30:00Z,2026-07-02T02:30:00+0200,2713.023,MW,DE,DE_LU,actual_offshore_wind_generation,Wind Offshore,2026-08-01T08:46:56Z
2026-08-01T08:44:53Z,2026-08-01T10:44:53+0200,ec999b8f-4b0e-4160-bee3-118ddd8c6904,2026-07-02T00:45:00Z,2026-07-02T02:45:00+0200,3074.568,MW,DE,DE_LU,actual_offshore_wind_generation,Wind Offshore,2026-08-01T08:46:56Z
2026-08-01T08:44:53Z,2026-08-01T10:44:53+0200,ec999b8f-4b0e-4160-bee3-118ddd8c6904,2026-07-02T01:00:00Z,2026-07-02T03:00:00+0200,3458.635,MW,DE,DE_LU,actual_offshore_wind_generation,Wind Offshore,2026-08-01T08:46:56Z
2026-08-01T08:44:53Z,2026-08-01T10:44:53+0200,ec999b8f-4b0e-4160-bee3-118ddd8c6904,2026-07-02T01:15:00Z,2026-07-02T03:15:00+0200,3576.722,MW,DE,DE_LU,actual_offshore_wind_generation,Wind Offshore,2026-08-01T08:46:56Z
2026-08-01T08:44:53Z,2026-08-01T10:44:53+0200,ec999b8f-4b0e-4160-bee3-118ddd8c6904,2026-07-02T01:30:00Z,2026-07-02T03:30:00+0200,3949.366,MW,DE,DE_LU,actual_offshore_wind_generation,Wind Offshore,2026-08-01T08:46:56Z
2026-08-01T08:44:53Z,2026-08-01T10:44:53+0200,ec999b8f-4b0e-4160-bee3-118ddd8c6904,2026-07-02T01:45:00Z,2026-07-02T03:45:00+0200,4157.924,MW,DE,DE_LU,actual_offshore_wind_generation,Wind Offshore,2026-08-01T08:46:56Z
2026-08-01T08:44:53Z,2026-08-01T10:44:53+0200,ec999b8f-4b0e-4160-bee3-118ddd8c6904,2026-07-02T02:00:00Z,2026-07-02T04:00:00+0200,4541.997,MW,DE,DE_LU,actual_offshore_wind_generation,Wind Offshore,2026-08-01T08:46:56Z
2026-08-01T08:44:53Z,2026-08-01T10:44:53+0200,ec999b8f-4b0e-4160-bee3-118ddd8c6904,2026-07-02T02:15:00Z,2026-07-02T04:15:00+0200,4734.833,MW,DE,DE_LU,actual_offshore_wind_generation,Wind Offshore,2026-08-01T08:46:56Z
2026-08-01T08:44:53Z,2026-08-01T10:44:53+0200,ec999b8f-4b0e-4160-bee3-118ddd8c6904,2026-07-02T02:30:00Z,2026-07-02T04:30:00+0200,4950.706,MW,DE,DE_LU,actual_offshore_wind_generation,Wind Offshore,2026-08-01T08:46:56Z
2026-08-01T08:44:53Z,2026-08-01T10:44:53+0200,ec999b8f-4b0e-4160-bee3-118ddd8c6904,2026-07-02T02:45:00Z,2026-07-02T04:45:00+0200,5168.807,MW,DE,DE_LU,actual_offshore_wind_generation,Wind Offshore,2026-08-01T08:46:56Z
2026-08-01T08:44:53Z,2026-08-01T10:44:53+0200,ec999b8f-4b0e-4160-bee3-118ddd8c6904,2026-07-02T03:00:00Z,2026-07-02T05:00:00+0200,5358.623,MW,DE,DE_LU,actual_offshore_wind_generation,Wind Offshore,2026-08-01T08:46:56Z
2026-08-01T08:44:53Z,2026-08-01T10:44:53+0200,ec999b8f-4b0e-4160-bee3-118ddd8c6904,2026-07-02T03:15:00Z,2026-07-02T05:15:00+0200,5694.177,MW,DE,DE_LU,actual_offshore_wind_generation,Wind Offshore,2026-08-01T08:46:56Z
2026-08-01T08:44:53Z,2026-08-01T10:44:53+0200,ec999b8f-4b0e-4160-bee3-118ddd8c6904,2026-07-02T03:30:00Z,2026-07-02T05:30:00+0200,5785.239,MW,DE,DE_LU,actual_offshore_wind_generation,Wind Offshore,2026-08-01T08:46:56Z
2026-08-01T08:44:53Z,2026-08-01T10:44:53+0200,ec999b8f-4b0e-4160-bee3-118ddd8c6904,2026-07-02T03:45:00Z,2026-07-02T05:45:00+0200,5558.715,MW,DE,DE_LU,actual_offshore_wind_generation,Wind Offshore,2026-08-01T08:46:56Z
2026-08-01T08:44:53Z,2026-08-01T10:44:53+0200,ec999b8f-4b0e-4160-bee3-118ddd8c6904,2026-07-02T04:00:00Z,2026-07-02T06:00:00+0200,5361.725,MW,DE,DE_LU,actual_offshore_wind_generation,Wind Offshore,2026-08-01T08:46:56Z
2026-08-01T08:44:53Z,2026-08-01T10:44:53+0200,ec999b8f-4b0e-4160-bee3-118ddd8c6904,2026-07-02T04:15:00Z,2026-07-02T06:15:00+0200,5574.113,MW,DE,DE_LU,actual_offshore_wind_generation,Wind Offshore,2026-08-01T08:46:56Z
2026-08-01T08:44:53Z,2026-08-01T10:44:53+0200,ec999b8f-4b0e-4160-bee3-118ddd8c6904,2026-07-02T04:30:00Z,2026-07-02T06:30:00+0200,5797.109,MW,DE,DE_LU,actual_offshore_wind_generation,Wind Offshore,2026-08-01T08:46:56Z
2026-08-01T08:44:53Z,2026-08-01T10:44:53+0200,ec999b8f-4b0e-4160-bee3-118ddd8c6904,2026-07-02T04:45:00Z,2026-07-02T06:45:00+0200,5341.003,MW,DE,DE_LU,actual_offshore_wind_generation,Wind Offshore,2026-08-01T08:46:56Z
2026-08-01T08:44:53Z,2026-08-01T10:44:53+0200,ec999b8f-4b0e-4160-bee3-118ddd8c6904,2026-07-02T05:00:00Z,2026-07-02T07:00:00+0200,5034.006,MW,DE,DE_LU,actual_offshore_wind_generation,Wind Offshore,2026-08-01T08:46:56Z
2026-08-01T08:44:53Z,2026-08-01T10:44:53+0200,ec999b8f-4b0e-4160-bee3-118ddd8c6904,2026-07-02T05:15:00Z,2026-07-02T07:15:00+0200,4545.803,MW,DE,DE_LU,actual_offshore_wind_generation,Wind Offshore,2026-08-01T08:46:56Z
2026-08-01T08:44:53Z,2026-08-01T10:44:53+0200,ec999b8f-4b0e-4160-bee3-118ddd8c6904,2026-07-02T05:30:00Z,2026-07-02T07:30:00+0200,4544.898,MW,DE,DE_LU,actual_offshore_wind_generation,Wind Offshore,2026-08-01T08:46:56Z
2026-08-01T08:44:53Z,2026-08-01T10:44:53+0200,ec999b8f-4b0e-4160-bee3-118ddd8c6904,2026-07-02T05:45:00Z,2026-07-02T07:45:00+0200,4736.573,MW,DE,DE_LU,actual_offshore_wind_generation,Wind Offshore,2026-08-01T08:46:56Z
2026-08-01T08:44:53Z,2026-08-01T10:44:53+0200,ec999b8f-4b0e-4160-bee3-118ddd8c6904,2026-07-02T06:00:00Z,2026-07-02T08:00:00+0200,3794.44,MW,DE,DE_LU,actual_offshore_wind_generation,Wind Offshore,2026-08-01T08:46:56Z
2026-08-01T08:44:53Z,2026-08-01T10:44:53+0200,ec999b8f-4b0e-4160-bee3-118ddd8c6904,2026-07-02T06:15:00Z,2026-07-02T08:15:00+0200,4303.013,MW,DE,DE_LU,actual_offshore_wind_generation,Wind Offshore,2026-08-01T08:46:56Z
2026-08-01T08:44:53Z,2026-08-01T10:44:53+0200,ec999b8f-4b0e-4160-bee3-118ddd8c6904,2026-07-02T06:30:00Z,2026-07-02T08:30:00+0200,4395.399,MW,DE,DE_LU,actual_offshore_wind_generation,Wind Offshore,2026-08-01T08:46:56Z
2026-08-01T08:44:53Z,2026-08-01T10:44:53+0200,ec999b8f-4b0e-4160-bee3-118ddd8c6904,2026-07-02T06:45:00Z,2026-07-02T08:45:00+0200,4409.662,MW,DE,DE_LU,actual_offshore_wind_generation,Wind Offshore,2026-08-01T08:46:56Z
2026-08-01T08:44:53Z,2026-08-01T10:44:53+0200,ec999b8f-4b0e-4160-bee3-118ddd8c6904,2026-07-02T07:00:00Z,2026-07-02T09:00:00+0200,4280.373,MW,DE,DE_LU,actual_offshore_wind_generation,Wind Offshore,2026-08-01T08:46:56Z
2026-08-01T08:44:53Z,2026-08-01T10:44:53+0200,ec999b8f-4b0e-4160-bee3-118ddd8c6904,2026-07-02T07:15:00Z,2026-07-02T09:15:00+0200,4233.817,MW,DE,DE_LU,actual_offshore_wind_generation,Wind Offshore,2026-08-01T08:46:56Z
2026-08-01T08:44:53Z,2026-08-01T10:44:53+0200,ec999b8f-4b0e-4160-bee3-118ddd8c6904,2026-07-02T07:30:00Z,2026-07-02T09:30:00+0200,4168.454,MW,DE,DE_LU,actual_offshore_wind_generation,Wind Offshore,2026-08-01T08:46:56Z
2026-08-01T08:44:53Z,2026-08-01T10:44:53+0200,ec999b8f-4b0e-4160-bee3-118ddd8c6904,2026-07-02T07:45:00Z,2026-07-02T09:45:00+0200,4063.071,MW,DE,DE_LU,actual_offshore_wind_generation,Wind Offshore,2026-08-01T08:46:56Z
2026-08-01T08:44:53Z,2026-08-01T10:44:53+0200,ec999b8f-4b0e-4160-bee3-118ddd8c6904,2026-07-02T08:00:00Z,2026-07-02T10:00:00+0200,4380.699,MW,DE,DE_LU,actual_offshore_wind_generation,Wind Offshore,2026-08-01T08:46:56Z
2026-08-01T08:44:53Z,2026-08-01T10:44:53+0200,ec999b8f-4b0e-4160-bee3-118ddd8c6904,2026-07-02T08:15:00Z,2026-07-02T10:15:00+0200,4690.245,MW,DE,DE_LU,actual_offshore_wind_generation,Wind Offshore,2026-08-01T08:46:56Z
2026-08-01T08:44:53Z,2026-08-01T10:44:53+0200,ec999b8f-4b0e-4160-bee3-118ddd8c6904,2026-07-02T08:30:00Z,2026-07-02T10:30:00+0200,4787.104,MW,DE,DE_LU,actual_offshore_wind_generation,Wind Offshore,2026-08-01T08:46:56Z
2026-08-01T08:44:53Z,2026-08-01T10:44:53+0200,ec999b8f-4b0e-4160-bee3-118ddd8c6904,2026-07-02T08:45:00Z,2026-07-02T10:45:00+0200,4770.221,MW,DE,DE_LU,actual_offshore_wind_generation,Wind Offshore,2026-08-01T08:46:56Z
2026-08-01T08:44:53Z,2026-08-01T10:44:53+0200,ec999b8f-4b0e-4160-bee3-118ddd8c6904,2026-07-02T09:00:00Z,2026-07-02T11:00:00+0200,3719.243,MW,DE,DE_LU,actual_offshore_wind_generation,Wind Offshore,2026-08-01T08:46:56Z
2026-08-01T08:44:53Z,2026-08-01T10:44:53+0200,ec999b8f-4b0e-4160-bee3-118ddd8c6904,2026-07-02T09:15:00Z,2026-07-02T11:15:00+0200,3731.237,MW,DE,DE_LU,actual_offshore_wind_generation,Wind Offshore,2026-08-01T08:46:56Z
2026-08-01T08:44:53Z,2026-08-01T10:44:53+0200,ec999b8f-4b0e-4160-bee3-118ddd8c6904,2026-07-02T09:30:00Z,2026-07-02T11:30:00+0200,3612.227,MW,DE,DE_LU,actual_offshore_wind_generation,Wind Offshore,2026-08-01T08:46:56Z
2026-08-01T08:44:53Z,2026-08-01T10:44:53+0200,ec999b8f-4b0e-4160-bee3-118ddd8c6904,2026-07-02T09:45:00Z,2026-07-02T11:45:00+0200,3926.352,MW,DE,DE_LU,actual_offshore_wind_generation,Wind Offshore,2026-08-01T08:46:56Z
2026-08-01T08:44:53Z,2026-08-01T10:44:53+0200,ec999b8f-4b0e-4160-bee3-118ddd8c6904,2026-07-02T10:00:00Z,2026-07-02T12:00:00+0200,3597.535,MW,DE,DE_LU,actual_offshore_wind_generation,Wind Offshore,2026-08-01T08:46:56Z
2026-08-01T08:44:53Z,2026-08-01T10:44:53+0200,ec999b8f-4b0e-4160-bee3-118ddd8c6904,2026-07-02T10:15:00Z,2026-07-02T12:15:00+0200,3767.608,MW,DE,DE_LU,actual_offshore_wind_generation,Wind Offshore,2026-08-01T08:46:56Z
2026-08-01T08:44:53Z,2026-08-01T10:44:53+0200,ec999b8f-4b0e-4160-bee3-118ddd8c6904,2026-07-02T10:30:00Z,2026-07-02T12:30:00+0200,3547.036,MW,DE,DE_LU,actual_offshore_wind_generation,Wind Offshore,2026-08-01T08:46:56Z
2026-08-01T08:44:53Z,2026-08-01T10:44:53+0200,ec999b8f-4b0e-4160-bee3-118ddd8c6904,2026-07-02T10:45:00Z,2026-07-02T12:45:00+0200,3259.864,MW,DE,DE_LU,actual_offshore_wind_generation,Wind Offshore,2026-08-01T08:46:56Z
2026-08-01T08:44:53Z,2026-08-01T10:44:53+0200,ec999b8f-4b0e-4160-bee3-118ddd8c6904,2026-07-02T11:00:00Z,2026-07-02T13:00:00+0200,3289.174,MW,DE,DE_LU,actual_offshore_wind_generation,Wind Offshore,2026-08-01T08:46:56Z
2026-08-01T08:44:53Z,2026-08-01T10:44:53+0200,ec999b8f-4b0e-4160-bee3-118ddd8c6904,2026-07-02T11:15:00Z,2026-07-02T13:15:00+0200,3296.549,MW,DE,DE_LU,actual_offshore_wind_generation,Wind Offshore,2026-08-01T08:46:56Z
2026-08-01T08:44:53Z,2026-08-01T10:44:53+0200,ec999b8f-4b0e-4160-bee3-118ddd8c6904,2026-07-02T11:30:00Z,2026-07-02T13:30:00+0200,3422.519,MW,DE,DE_LU,actual_offshore_wind_generation,Wind Offshore,2026-08-01T08:46:56Z
2026-08-01T08:44:53Z,2026-08-01T10:44:53+0200,ec999b8f-4b0e-4160-bee3-118ddd8c6904,2026-07-02T11:45:00Z,2026-07-02T13:45:00+0200,3252.813,MW,DE,DE_LU,actual_offshore_wind_generation,Wind Offshore,2026-08-01T08:46:56Z
2026-08-01T08:44:53Z,2026-08-01T10:44:53+0200,ec999b8f-4b0e-4160-bee3-118ddd8c6904,2026-07-02T12:00:00Z,2026-07-02T14:00:00+0200,2890.001,MW,DE,DE_LU,actual_offshore_wind_generation,Wind Offshore,2026-08-01T08:46:56Z
2026-08-01T08:44:53Z,2026-08-01T10:44:53+0200,ec999b8f-4b0e-4160-bee3-118ddd8c6904,2026-07-02T12:15:00Z,2026-07-02T14:15:00+0200,2869.046,MW,DE,DE_LU,actual_offshore_wind_generation,Wind Offshore,2026-08-01T08:46:56Z
2026-08-01T08:44:53Z,2026-08-01T10:44:53+0200,ec999b8f-4b0e-4160-bee3-118ddd8c6904,2026-07-02T12:30:00Z,2026-07-02T14:30:00+0200,2771.014,MW,DE,DE_LU,actual_offshore_wind_generation,Wind Offshore,2026-08-01T08:46:56Z
2026-08-01T08:44:53Z,2026-08-01T10:44:53+0200,ec999b8f-4b0e-4160-bee3-118ddd8c6904,2026-07-02T12:45:00Z,2026-07-02T14:45:00+0200,2675.91,MW,DE,DE_LU,actual_offshore_wind_generation,Wind Offshore,2026-08-01T08:46:56Z
2026-08-01T08:44:53Z,2026-08-01T10:44:53+0200,ec999b8f-4b0e-4160-bee3-118ddd8c6904,2026-07-02T13:00:00Z,2026-07-02T15:00:00+0200,3115.749,MW,DE,DE_LU,actual_offshore_wind_generation,Wind Offshore,2026-08-01T08:46:56Z
2026-08-01T08:44:53Z,2026-08-01T10:44:53+0200,ec999b8f-4b0e-4160-bee3-118ddd8c6904,2026-07-02T13:15:00Z,2026-07-02T15:15:00+0200,3198.333,MW,DE,DE_LU,actual_offshore_wind_generation,Wind Offshore,2026-08-01T08:46:56Z
2026-08-01T08:44:53Z,2026-08-01T10:44:53+0200,ec999b8f-4b0e-4160-bee3-118ddd8c6904,2026-07-02T13:30:00Z,2026-07-02T15:30:00+0200,3396.213,MW,DE,DE_LU,actual_offshore_wind_generation,Wind Offshore,2026-08-01T08:46:56Z
2026-08-01T08:44:53Z,2026-08-01T10:44:53+0200,ec999b8f-4b0e-4160-bee3-118ddd8c6904,2026-07-02T13:45:00Z,2026-07-02T15:45:00+0200,3547.253,MW,DE,DE_LU,actual_offshore_wind_generation,Wind Offshore,2026-08-01T08:46:56Z
2026-08-01T08:44:53Z,2026-08-01T10:44:53+0200,ec999b8f-4b0e-4160-bee3-118ddd8c6904,2026-07-02T14:00:00Z,2026-07-02T16:00:00+0200,3745.259,MW,DE,DE_LU,actual_offshore_wind_generation,Wind Offshore,2026-08-01T08:46:56Z
2026-08-01T08:44:53Z,2026-08-01T10:44:53+0200,ec999b8f-4b0e-4160-bee3-118ddd8c6904,2026-07-02T14:15:00Z,2026-07-02T16:15:00+0200,3679.207,MW,DE,DE_LU,actual_offshore_wind_generation,Wind Offshore,2026-08-01T08:46:56Z
2026-08-01T08:44:53Z,2026-08-01T10:44:53+0200,ec999b8f-4b0e-4160-bee3-118ddd8c6904,2026-07-02T14:30:00Z,2026-07-02T16:30:00+0200,3831.758,MW,DE,DE_LU,actual_offshore_wind_generation,Wind Offshore,2026-08-01T08:46:56Z
2026-08-01T08:44:53Z,2026-08-01T10:44:53+0200,ec999b8f-4b0e-4160-bee3-118ddd8c6904,2026-07-02T14:45:00Z,2026-07-02T16:45:00+0200,3887.374,MW,DE,DE_LU,actual_offshore_wind_generation,Wind Offshore,2026-08-01T08:46:56Z
2026-08-01T08:44:53Z,2026-08-01T10:44:53+0200,ec999b8f-4b0e-4160-bee3-118ddd8c6904,2026-07-02T15:00:00Z,2026-07-02T17:00:00+0200,4769.958,MW,DE,DE_LU,actual_offshore_wind_generation,Wind Offshore,2026-08-01T08:46:56Z
2026-08-01T08:44:53Z,2026-08-01T10:44:53+0200,ec999b8f-4b0e-4160-bee3-118ddd8c6904,2026-07-02T15:15:00Z,2026-07-02T17:15:00+0200,4961.985,MW,DE,DE_LU,actual_offshore_wind_generation,Wind Offshore,2026-08-01T08:46:56Z
2026-08-01T08:44:53Z,2026-08-01T10:44:53+0200,ec999b8f-4b0e-4160-bee3-118ddd8c6904,2026-07-02T15:30:00Z,2026-07-02T17:30:00+0200,5698.567,MW,DE,DE_LU,actual_offshore_wind_generation,Wind Offshore,2026-08-01T08:46:56Z
2026-08-01T08:44:53Z,2026-08-01T10:44:53+0200,ec999b8f-4b0e-4160-bee3-118ddd8c6904,2026-07-02T15:45:00Z,2026-07-02T17:45:00+0200,5678.564,MW,DE,DE_LU,actual_offshore_wind_generation,Wind Offshore,2026-08-01T08:46:56Z
2026-08-01T08:44:53Z,2026-08-01T10:44:53+0200,ec999b8f-4b0e-4160-bee3-118ddd8c6904,2026-07-02T16:00:00Z,2026-07-02T18:00:00+0200,2850.743,MW,DE,DE_LU,actual_offshore_wind_generation,Wind Offshore,2026-08-01T08:46:56Z
2026-08-01T08:44:53Z,2026-08-01T10:44:53+0200,ec999b8f-4b0e-4160-bee3-118ddd8c6904,2026-07-02T16:15:00Z,2026-07-02T18:15:00+0200,2236.188,MW,DE,DE_LU,actual_offshore_wind_generation,Wind Offshore,2026-08-01T08:46:56Z
2026-08-01T08:44:53Z,2026-08-01T10:44:53+0200,ec999b8f-4b0e-4160-bee3-118ddd8c6904,2026-07-02T16:30:00Z,2026-07-02T18:30:00+0200,2597.694,MW,DE,DE_LU,actual_offshore_wind_generation,Wind Offshore,2026-08-01T08:46:56Z
2026-08-01T08:44:53Z,2026-08-01T10:44:53+0200,ec999b8f-4b0e-4160-bee3-118ddd8c6904,2026-07-02T16:45:00Z,2026-07-02T18:45:00+0200,2463.291,MW,DE,DE_LU,actual_offshore_wind_generation,Wind Offshore,2026-08-01T08:46:56Z
2026-08-01T08:44:53Z,2026-08-01T10:44:53+0200,ec999b8f-4b0e-4160-bee3-118ddd8c6904,2026-07-02T17:00:00Z,2026-07-02T19:00:00+0200,3211.012,MW,DE,DE_LU,actual_offshore_wind_generation,Wind Offshore,2026-08-01T08:46:56Z
2026-08-01T08:44:53Z,2026-08-01T10:44:53+0200,ec999b8f-4b0e-4160-bee3-118ddd8c6904,2026-07-02T17:15:00Z,2026-07-02T19:15:00+0200,3313.067,MW,DE,DE_LU,actual_offshore_wind_generation,Wind Offshore,2026-08-01T08:46:56Z
2026-08-01T08:44:53Z,2026-08-01T10:44:53+0200,ec999b8f-4b0e-4160-bee3-118ddd8c6904,2026-07-02T17:30:00Z,2026-07-02T19:30:00+0200,3288.612,MW,DE,DE_LU,actual_offshore_wind_generation,Wind Offshore,2026-08-01T08:46:56Z
2026-08-01T08:44:53Z,2026-08-01T10:44:53+0200,ec999b8f-4b0e-4160-bee3-118ddd8c6904,2026-07-02T17:45:00Z,2026-07-02T19:45:00+0200,3104.434,MW,DE,DE_LU,actual_offshore_wind_generation,Wind Offshore,2026-08-01T08:46:56Z
2026-08-01T08:44:53Z,2026-08-01T10:44:53+0200,ec999b8f-4b0e-4160-bee3-118ddd8c6904,2026-07-02T18:00:00Z,2026-07-02T20:00:00+0200,3348.186,MW,DE,DE_LU,actual_offshore_wind_generation,Wind Offshore,2026-08-01T08:46:56Z
2026-08-01T08:44:53Z,2026-08-01T10:44:53+0200,ec999b8f-4b0e-4160-bee3-118ddd8c6904,2026-07-02T18:15:00Z,2026-07-02T20:15:00+0200,3368.314,MW,DE,DE_LU,actual_offshore_wind_generation,Wind Offshore,2026-08-01T08:46:56Z
2026-08-01T08:44:53Z,2026-08-01T10:44:53+0200,ec999b8f-4b0e-4160-bee3-118ddd8c6904,2026-07-02T18:30:00Z,2026-07-02T20:30:00+0200,3364.372,MW,DE,DE_LU,actual_offshore_wind_generation,Wind Offshore,2026-08-01T08:46:56Z
2026-08-01T08:44:53Z,2026-08-01T10:44:53+0200,ec999b8f-4b0e-4160-bee3-118ddd8c6904,2026-07-02T18:45:00Z,2026-07-02T20:45:00+0200,3359.971,MW,DE,DE_LU,actual_offshore_wind_generation,Wind Offshore,2026-08-01T08:46:56Z
2026-08-01T08:44:53Z,2026-08-01T10:44:53+0200,ec999b8f-4b0e-4160-bee3-118ddd8c6904,2026-07-02T19:00:00Z,2026-07-02T21:00:00+0200,3342.656,MW,DE,DE_LU,actual_offshore_wind_generation,Wind Offshore,2026-08-01T08:46:56Z
2026-08-01T08:44:53Z,2026-08-01T10:44:53+0200,ec999b8f-4b0e-4160-bee3-118ddd8c6904,2026-07-02T19:15:00Z,2026-07-02T21:15:00+0200,3412.634,MW,DE,DE_LU,actual_offshore_wind_generation,Wind Offshore,2026-08-01T08:46:56Z
2026-08-01T08:44:53Z,2026-08-01T10:44:53+0200,ec999b8f-4b0e-4160-bee3-118ddd8c6904,2026-07-02T19:30:00Z,2026-07-02T21:30:00+0200,3390.929,MW,DE,DE_LU,actual_offshore_wind_generation,Wind Offshore,2026-08-01T08:46:56Z
2026-08-01T08:44:53Z,2026-08-01T10:44:53+0200,ec999b8f-4b0e-4160-bee3-118ddd8c6904,2026-07-02T19:45:00Z,2026-07-02T21:45:00+0200,3351.088,MW,DE,DE_LU,actual_offshore_wind_generation,Wind Offshore,2026-08-01T08:46:56Z
2026-08-01T08:44:53Z,2026-08-01T10:44:53+0200,ec999b8f-4b0e-4160-bee3-118ddd8c6904,2026-07-02T20:00:00Z,2026-07-02T22:00:00+0200,3909.826,MW,DE,DE_LU,actual_offshore_wind_generation,Wind Offshore,2026-08-01T08:46:56Z
2026-08-01T08:44:53Z,2026-08-01T10:44:53+0200,ec999b8f-4b0e-4160-bee3-118ddd8c6904,2026-07-02T20:15:00Z,2026-07-02T22:15:00+0200,4082.832,MW,DE,DE_LU,actual_offshore_wind_generation,Wind Offshore,2026-08-01T08:46:56Z
2026-08-01T08:44:53Z,2026-08-01T10:44:53+0200,ec999b8f-4b0e-4160-bee3-118ddd8c6904,2026-07-02T20:30:00Z,2026-07-02T22:30:00+0200,4161.233,MW,DE,DE_LU,actual_offshore_wind_generation,Wind Offshore,2026-08-01T08:46:56Z
2026-08-01T08:44:53Z,2026-08-01T10:44:53+0200,ec999b8f-4b0e-4160-bee3-118ddd8c6904,2026-07-02T20:45:00Z,2026-07-02T22:45:00+0200,4209.331,MW,DE,DE_LU,actual_offshore_wind_generation,Wind Offshore,2026-08-01T08:46:56Z
2026-08-01T08:44:53Z,2026-08-01T10:44:53+0200,ec999b8f-4b0e-4160-bee3-118ddd8c6904,2026-07-02T21:00:00Z,2026-07-02T23:00:00+0200,4185.02,MW,DE,DE_LU,actual_offshore_wind_generation,Wind Offshore,2026-08-01T08:46:56Z
2026-08-01T08:44:53Z,2026-08-01T10:44:53+0200,ec999b8f-4b0e-4160-bee3-118ddd8c6904,2026-07-02T21:15:00Z,2026-07-02T23:15:00+0200,4211.131,MW,DE,DE_LU,actual_offshore_wind_generation,Wind Offshore,2026-08-01T08:46:56Z
2026-08-01T08:44:53Z,2026-08-01T10:44:53+0200,ec999b8f-4b0e-4160-bee3-118ddd8c6904,2026-07-02T21:30:00Z,2026-07-02T23:30:00+0200,4235.116,MW,DE,DE_LU,actual_offshore_wind_generation,Wind Offshore,2026-08-01T08:46:56Z
2026-08-01T08:44:53Z,2026-08-01T10:44:53+0200,ec999b8f-4b0e-4160-bee3-118ddd8c6904,2026-07-02T21:45:00Z,2026-07-02T23:45:00+0200,4222.717,MW,DE,DE_LU,actual_offshore_wind_generation,Wind Offshore,2026-08-01T08:46:56Z
2026-08-01T08:44:53Z,2026-08-01T10:44:53+0200,ec999b8f-4b0e-4160-bee3-118ddd8c6904,2026-07-02T22:00:00Z,2026-07-03T00:00:00+0200,5423.287,MW,DE,DE_LU,actual_offshore_wind_generation,Wind Offshore,2026-08-01T08:46:56Z
2026-08-01T08:44:53Z,2026-08-01T10:44:53+0200,ec999b8f-4b0e-4160-bee3-118ddd8c6904,2026-07-02T22:15:00Z,2026-07-03T00:15:00+0200,5776.568,MW,DE,DE_LU,actual_offshore_wind_generation,Wind Offshore,2026-08-01T08:46:56Z
2026-08-01T08:44:53Z,2026-08-01T10:44:53+0200,ec999b8f-4b0e-4160-bee3-118ddd8c6904,2026-07-02T22:30:00Z,2026-07-03T00:30:00+0200,5853.324,MW,DE,DE_LU,actual_offshore_wind_generation,Wind Offshore,2026-08-01T08:46:56Z
2026-08-01T08:44:53Z,2026-08-01T10:44:53+0200,ec999b8f-4b0e-4160-bee3-118ddd8c6904,2026-07-02T22:45:00Z,2026-07-03T00:45:00+0200,5863.388,MW,DE,DE_LU,actual_offshore_wind_generation,Wind Offshore,2026-08-01T08:46:56Z
2026-08-01T08:44:53Z,2026-08-01T10:44:53+0200,ec999b8f-4b0e-4160-bee3-118ddd8c6904,2026-07-02T23:00:00Z,2026-07-03T01:00:00+0200,5337.388,MW,DE,DE_LU,actual_offshore_wind_generation,Wind Offshore,2026-08-01T08:46:56Z
2026-08-01T08:44:53Z,2026-08-01T10:44:53+0200,ec999b8f-4b0e-4160-bee3-118ddd8c6904,2026-07-02T23:15:00Z,2026-07-03T01:15:00+0200,5259.371,MW,DE,DE_LU,actual_offshore_wind_generation,Wind Offshore,2026-08-01T08:46:56Z
2026-08-01T08:44:53Z,2026-08-01T10:44:53+0200,ec999b8f-4b0e-4160-bee3-118ddd8c6904,2026-07-02T23:30:00Z,2026-07-03T01:30:00+0200,5194.688,MW,DE,DE_LU,actual_offshore_wind_generation,Wind Offshore,2026-08-01T08:46:56Z
2026-08-01T08:44:53Z,2026-08-01T10:44:53+0200,ec999b8f-4b0e-4160-bee3-118ddd8c6904,2026-07-02T23:45:00Z,2026-07-03T01:45:00+0200,5179.257,MW,DE,DE_LU,actual_offshore_wind_generation,Wind Offshore,2026-08-01T08:46:56Z
2026-08-01T08:44:53Z,2026-08-01T10:44:53+0200,ec999b8f-4b0e-4160-bee3-118ddd8c6904,2026-07-03T00:00:00Z,2026-07-03T02:00:00+0200,5140.876,MW,DE,DE_LU,actual_offshore_wind_generation,Wind Offshore,2026-08-01T08:46:56Z
2026-08-01T08:44:53Z,2026-08-01T10:44:53+0200,ec999b8f-4b0e-4160-bee3-118ddd8c6904,2026-07-03T00:15:00Z,2026-07-03T02:15:00+0200,5199.939,MW,DE,DE_LU,actual_offshore_wind_generation,Wind Offshore,2026-08-01T08:46:56Z
2026-08-01T08:44:53Z,2026-08-01T10:44:53+0200,ec999b8f-4b0e-4160-bee3-118ddd8c6904,2026-07-03T00:30:00Z,2026-07-03T02:30:00+0200,5211.626,MW,DE,DE_LU,actual_offshore_wind_generation,Wind Offshore,2026-08-01T08:46:56Z
2026-08-01T08:44:53Z,2026-08-01T10:44:53+0200,ec999b8f-4b0e-4160-bee3-118ddd8c6904,2026-07-03T00:45:00Z,2026-07-03T02:45:00+0200,5202.955,MW,DE,DE_LU,actual_offshore_wind_generation,Wind Offshore,2026-08-01T08:46:56Z
2026-08-01T08:44:53Z,2026-08-01T10:44:53+0200,ec999b8f-4b0e-4160-bee3-118ddd8c6904,2026-07-03T01:00:00Z,2026-07-03T03:00:00+0200,4992.466,MW,DE,DE_LU,actual_offshore_wind_generation,Wind Offshore,2026-08-01T08:46:56Z
2026-08-01T08:44:53Z,2026-08-01T10:44:53+0200,ec999b8f-4b0e-4160-bee3-118ddd8c6904,2026-07-03T01:15:00Z,2026-07-03T03:15:00+0200,4911.819,MW,DE,DE_LU,actual_offshore_wind_generation,Wind Offshore,2026-08-01T08:46:56Z
2026-08-01T08:44:53Z,2026-08-01T10:44:53+0200,ec999b8f-4b0e-4160-bee3-118ddd8c6904,2026-07-03T01:30:00Z,2026-07-03T03:30:00+0200,5071.976,MW,DE,DE_LU,actual_offshore_wind_generation,Wind Offshore,2026-08-01T08:46:56Z
2026-08-01T08:44:53Z,2026-08-01T10:44:53+0200,ec999b8f-4b0e-4160-bee3-118ddd8c6904,2026-07-03T01:45:00Z,2026-07-03T03:45:00+0200,5075.444,MW,DE,DE_LU,actual_offshore_wind_generation,Wind Offshore,2026-08-01T08:46:56Z
2026-08-01T08:44:53Z,2026-08-01T10:44:53+0200,ec999b8f-4b0e-4160-bee3-118ddd8c6904,2026-07-03T02:00:00Z,2026-07-03T04:00:00+0200,4992.434,MW,DE,DE_LU,actual_offshore_wind_generation,Wind Offshore,2026-08-01T08:46:56Z
2026-08-01T08:44:53Z,2026-08-01T10:44:53+0200,ec999b8f-4b0e-4160-bee3-118ddd8c6904,2026-07-03T02:15:00Z,2026-07-03T04:15:00+0200,4969.723,MW,DE,DE_LU,actual_offshore_wind_generation,Wind Offshore,2026-08-01T08:46:56Z
2026-08-01T08:44:53Z,2026-08-01T10:44:53+0200,ec999b8f-4b0e-4160-bee3-118ddd8c6904,2026-07-03T02:30:00Z,2026-07-03T04:30:00+0200,4946.245,MW,DE,DE_LU,actual_offshore_wind_generation,Wind Offshore,2026-08-01T08:46:56Z
2026-08-01T08:44:53Z,2026-08-01T10:44:53+0200,ec999b8f-4b0e-4160-bee3-118ddd8c6904,2026-07-03T02:45:00Z,2026-07-03T04:45:00+0200,4941.62,MW,DE,DE_LU,actual_offshore_wind_generation,Wind Offshore,2026-08-01T08:46:56Z
2026-08-01T08:44:53Z,2026-08-01T10:44:53+0200,ec999b8f-4b0e-4160-bee3-118ddd8c6904,2026-07-03T03:00:00Z,2026-07-03T05:00:00+0200,5222.512,MW,DE,DE_LU,actual_offshore_wind_generation,Wind Offshore,2026-08-01T08:46:56Z
2026-08-01T08:44:53Z,2026-08-01T10:44:53+0200,ec999b8f-4b0e-4160-bee3-118ddd8c6904,2026-07-03T03:15:00Z,2026-07-03T05:15:00+0200,5555.83,MW,DE,DE_LU,actual_offshore_wind_generation,Wind Offshore,2026-08-01T08:46:56Z
2026-08-01T08:44:53Z,2026-08-01T10:44:53+0200,ec999b8f-4b0e-4160-bee3-118ddd8c6904,2026-07-03T03:30:00Z,2026-07-03T05:30:00+0200,5603.574,MW,DE,DE_LU,actual_offshore_wind_generation,Wind Offshore,2026-08-01T08:46:56Z
2026-08-01T08:44:53Z,2026-08-01T10:44:53+0200,ec999b8f-4b0e-4160-bee3-118ddd8c6904,2026-07-03T03:45:00Z,2026-07-03T05:45:00+0200,5630.248,MW,DE,DE_LU,actual_offshore_wind_generation,Wind Offshore,2026-08-01T08:46:56Z
2026-08-01T08:44:53Z,2026-08-01T10:44:53+0200,ec999b8f-4b0e-4160-bee3-118ddd8c6904,2026-07-03T04:00:00Z,2026-07-03T06:00:00+0200,5150.681,MW,DE,DE_LU,actual_offshore_wind_generation,Wind Offshore,2026-08-01T08:46:56Z
2026-08-01T08:44:53Z,2026-08-01T10:44:53+0200,ec999b8f-4b0e-4160-bee3-118ddd8c6904,2026-07-03T04:15:00Z,2026-07-03T06:15:00+0200,5075.059,MW,DE,DE_LU,actual_offshore_wind_generation,Wind Offshore,2026-08-01T08:46:56Z
2026-08-01T08:44:53Z,2026-08-01T10:44:53+0200,ec999b8f-4b0e-4160-bee3-118ddd8c6904,2026-07-03T04:30:00Z,2026-07-03T06:30:00+0200,5094.152,MW,DE,DE_LU,actual_offshore_wind_generation,Wind Offshore,2026-08-01T08:46:56Z
2026-08-01T08:44:53Z,2026-08-01T10:44:53+0200,ec999b8f-4b0e-4160-bee3-118ddd8c6904,2026-07-03T04:45:00Z,2026-07-03T06:45:00+0200,5051.012,MW,DE,DE_LU,actual_offshore_wind_generation,Wind Offshore,2026-08-01T08:46:56Z
2026-08-01T08:44:53Z,2026-08-01T10:44:53+0200,ec999b8f-4b0e-4160-bee3-118ddd8c6904,2026-07-03T05:00:00Z,2026-07-03T07:00:00+0200,3909.283,MW,DE,DE_LU,actual_offshore_wind_generation,Wind Offshore,2026-08-01T08:46:56Z
2026-08-01T08:44:53Z,2026-08-01T10:44:53+0200,ec999b8f-4b0e-4160-bee3-118ddd8c6904,2026-07-03T05:15:00Z,2026-07-03T07:15:00+0200,3811.473,MW,DE,DE_LU,actual_offshore_wind_generation,Wind Offshore,2026-08-01T08:46:56Z
2026-08-01T08:44:53Z,2026-08-01T10:44:53+0200,ec999b8f-4b0e-4160-bee3-118ddd8c6904,2026-07-03T05:30:00Z,2026-07-03T07:30:00+0200,3751.396,MW,DE,DE_LU,actual_offshore_wind_generation,Wind Offshore,2026-08-01T08:46:56Z
2026-08-01T08:44:53Z,2026-08-01T10:44:53+0200,ec999b8f-4b0e-4160-bee3-118ddd8c6904,2026-07-03T05:45:00Z,2026-07-03T07:45:00+0200,3648.247,MW,DE,DE_LU,actual_offshore_wind_generation,Wind Offshore,2026-08-01T08:46:56Z
2026-08-01T08:44:53Z,2026-08-01T10:44:53+0200,ec999b8f-4b0e-4160-bee3-118ddd8c6904,2026-07-03T06:00:00Z,2026-07-03T08:00:00+0200,3068.174,MW,DE,DE_LU,actual_offshore_wind_generation,Wind Offshore,2026-08-01T08:46:56Z
2026-08-01T08:44:53Z,2026-08-01T10:44:53+0200,ec999b8f-4b0e-4160-bee3-118ddd8c6904,2026-07-03T06:15:00Z,2026-07-03T08:15:00+0200,2685.317,MW,DE,DE_LU,actual_offshore_wind_generation,Wind Offshore,2026-08-01T08:46:56Z
2026-08-01T08:44:53Z,2026-08-01T10:44:53+0200,ec999b8f-4b0e-4160-bee3-118ddd8c6904,2026-07-03T06:30:00Z,2026-07-03T08:30:00+0200,2538.654,MW,DE,DE_LU,actual_offshore_wind_generation,Wind Offshore,2026-08-01T08:46:56Z
2026-08-01T08:44:53Z,2026-08-01T10:44:53+0200,ec999b8f-4b0e-4160-bee3-118ddd8c6904,2026-07-03T06:45:00Z,2026-07-03T08:45:00+0200,2312.41,MW,DE,DE_LU,actual_offshore_wind_generation,Wind Offshore,2026-08-01T08:46:56Z
2026-08-01T08:44:53Z,2026-08-01T10:44:53+0200,ec999b8f-4b0e-4160-bee3-118ddd8c6904,2026-07-03T07:00:00Z,2026-07-03T09:00:00+0200,2672.476,MW,DE,DE_LU,actual_offshore_wind_generation,Wind Offshore,2026-08-01T08:46:56Z
2026-08-01T08:44:53Z,2026-08-01T10:44:53+0200,ec999b8f-4b0e-4160-bee3-118ddd8c6904,2026-07-03T07:15:00Z,2026-07-03T09:15:00+0200,2717.051,MW,DE,DE_LU,actual_offshore_wind_generation,Wind Offshore,2026-08-01T08:46:56Z
2026-08-01T08:44:53Z,2026-08-01T10:44:53+0200,ec999b8f-4b0e-4160-bee3-118ddd8c6904,2026-07-03T07:30:00Z,2026-07-03T09:30:00+0200,2351.826,MW,DE,DE_LU,actual_offshore_wind_generation,Wind Offshore,2026-08-01T08:46:56Z
2026-08-01T08:44:53Z,2026-08-01T10:44:53+0200,ec999b8f-4b0e-4160-bee3-118ddd8c6904,2026-07-03T07:45:00Z,2026-07-03T09:45:00+0200,2335.535,MW,DE,DE_LU,actual_offshore_wind_generation,Wind Offshore,2026-08-01T08:46:56Z
2026-08-01T08:44:53Z,2026-08-01T10:44:53+0200,ec999b8f-4b0e-4160-bee3-118ddd8c6904,2026-07-03T08:00:00Z,2026-07-03T10:00:00+0200,2153.751,MW,DE,DE_LU,actual_offshore_wind_generation,Wind Offshore,2026-08-01T08:46:56Z
2026-08-01T08:44:53Z,2026-08-01T10:44:53+0200,ec999b8f-4b0e-4160-bee3-118ddd8c6904,2026-07-03T08:15:00Z,2026-07-03T10:15:00+0200,2384.163,MW,DE,DE_LU,actual_offshore_wind_generation,Wind Offshore,2026-08-01T08:46:56Z
2026-08-01T08:44:53Z,2026-08-01T10:44:53+0200,ec999b8f-4b0e-4160-bee3-118ddd8c6904,2026-07-03T08:30:00Z,2026-07-03T10:30:00+0200,2447.354,MW,DE,DE_LU,actual_offshore_wind_generation,Wind Offshore,2026-08-01T08:46:56Z
2026-08-01T08:44:53Z,2026-08-01T10:44:53+0200,ec999b8f-4b0e-4160-bee3-118ddd8c6904,2026-07-03T08:45:00Z,2026-07-03T10:45:00+0200,2398.602,MW,DE,DE_LU,actual_offshore_wind_generation,Wind Offshore,2026-08-01T08:46:56Z
2026-08-01T08:44:53Z,2026-08-01T10:44:53+0200,ec999b8f-4b0e-4160-bee3-118ddd8c6904,2026-07-03T09:00:00Z,2026-07-03T11:00:00+0200,2520.032,MW,DE,DE_LU,actual_offshore_wind_generation,Wind Offshore,2026-08-01T08:46:56Z
2026-08-01T08:44:53Z,2026-08-01T10:44:53+0200,ec999b8f-4b0e-4160-bee3-118ddd8c6904,2026-07-03T09:15:00Z,2026-07-03T11:15:00+0200,2626.823,MW,DE,DE_LU,actual_offshore_wind_generation,Wind Offshore,2026-08-01T08:46:56Z
2026-08-01T08:44:53Z,2026-08-01T10:44:53+0200,ec999b8f-4b0e-4160-bee3-118ddd8c6904,2026-07-03T09:30:00Z,2026-07-03T11:30:00+0200,2520.002,MW,DE,DE_LU,actual_offshore_wind_generation,Wind Offshore,2026-08-01T08:46:56Z
2026-08-01T08:44:53Z,2026-08-01T10:44:53+0200,ec999b8f-4b0e-4160-bee3-118ddd8c6904,2026-07-03T09:45:00Z,2026-07-03T11:45:00+0200,2076.032,MW,DE,DE_LU,actual_offshore_wind_generation,Wind Offshore,2026-08-01T08:46:56Z
2026-08-01T08:44:53Z,2026-08-01T10:44:53+0200,ec999b8f-4b0e-4160-bee3-118ddd8c6904,2026-07-03T10:00:00Z,2026-07-03T12:00:00+0200,1742.618,MW,DE,DE_LU,actual_offshore_wind_generation,Wind Offshore,2026-08-01T08:46:56Z
2026-08-01T08:44:53Z,2026-08-01T10:44:53+0200,ec999b8f-4b0e-4160-bee3-118ddd8c6904,2026-07-03T10:15:00Z,2026-07-03T12:15:00+0200,1688.085,MW,DE,DE_LU,actual_offshore_wind_generation,Wind Offshore,2026-08-01T08:46:56Z
2026-08-01T08:44:53Z,2026-08-01T10:44:53+0200,ec999b8f-4b0e-4160-bee3-118ddd8c6904,2026-07-03T10:30:00Z,2026-07-03T12:30:00+0200,1698.777,MW,DE,DE_LU,actual_offshore_wind_generation,Wind Offshore,2026-08-01T08:46:56Z
2026-08-01T08:44:53Z,2026-08-01T10:44:53+0200,ec999b8f-4b0e-4160-bee3-118ddd8c6904,2026-07-03T10:45:00Z,2026-07-03T12:45:00+0200,1522.692,MW,DE,DE_LU,actual_offshore_wind_generation,Wind Offshore,2026-08-01T08:46:56Z
2026-08-01T08:44:53Z,2026-08-01T10:44:53+0200,ec999b8f-4b0e-4160-bee3-118ddd8c6904,2026-07-03T11:00:00Z,2026-07-03T13:00:00+0200,1304.648,MW,DE,DE_LU,actual_offshore_wind_generation,Wind Offshore,2026-08-01T08:46:56Z
2026-08-01T08:44:53Z,2026-08-01T10:44:53+0200,ec999b8f-4b0e-4160-bee3-118ddd8c6904,2026-07-03T11:15:00Z,2026-07-03T13:15:00+0200,1201.773,MW,DE,DE_LU,actual_offshore_wind_generation,Wind Offshore,2026-08-01T08:46:56Z
2026-08-01T08:44:53Z,2026-08-01T10:44:53+0200,ec999b8f-4b0e-4160-bee3-118ddd8c6904,2026-07-03T11:30:00Z,2026-07-03T13:30:00+0200,1226.723,MW,DE,DE_LU,actual_offshore_wind_generation,Wind Offshore,2026-08-01T08:46:56Z
2026-08-01T08:44:53Z,2026-08-01T10:44:53+0200,ec999b8f-4b0e-4160-bee3-118ddd8c6904,2026-07-03T11:45:00Z,2026-07-03T13:45:00+0200,1092.693,MW,DE,DE_LU,actual_offshore_wind_generation,Wind Offshore,2026-08-01T08:46:56Z
2026-08-01T08:44:53Z,2026-08-01T10:44:53+0200,ec999b8f-4b0e-4160-bee3-118ddd8c6904,2026-07-03T12:00:00Z,2026-07-03T14:00:00+0200,853.256,MW,DE,DE_LU,actual_offshore_wind_generation,Wind Offshore,2026-08-01T08:46:56Z
2026-08-01T08:44:53Z,2026-08-01T10:44:53+0200,ec999b8f-4b0e-4160-bee3-118ddd8c6904,2026-07-03T12:15:00Z,2026-07-03T14:15:00+0200,746.914,MW,DE,DE_LU,actual_offshore_wind_generation,Wind Offshore,2026-08-01T08:46:56Z
2026-08-01T08:44:53Z,2026-08-01T10:44:53+0200,ec999b8f-4b0e-4160-bee3-118ddd8c6904,2026-07-03T12:30:00Z,2026-07-03T14:30:00+0200,748.753,MW,DE,DE_LU,actual_offshore_wind_generation,Wind Offshore,2026-08-01T08:46:56Z
2026-08-01T08:44:53Z,2026-08-01T10:44:53+0200,ec999b8f-4b0e-4160-bee3-118ddd8c6904,2026-07-03T12:45:00Z,2026-07-03T14:45:00+0200,852.634,MW,DE,DE_LU,actual_offshore_wind_generation,Wind Offshore,2026-08-01T08:46:56Z
2026-08-01T08:44:53Z,2026-08-01T10:44:53+0200,ec999b8f-4b0e-4160-bee3-118ddd8c6904,2026-07-03T13:00:00Z,2026-07-03T15:00:00+0200,1261.118,MW,DE,DE_LU,actual_offshore_wind_generation,Wind Offshore,2026-08-01T08:46:56Z
2026-08-01T08:44:53Z,2026-08-01T10:44:53+0200,ec999b8f-4b0e-4160-bee3-118ddd8c6904,2026-07-03T13:15:00Z,2026-07-03T15:15:00+0200,1376.904,MW,DE,DE_LU,actual_offshore_wind_generation,Wind Offshore,2026-08-01T08:46:56Z
2026-08-01T08:44:53Z,2026-08-01T10:44:53+0200,ec999b8f-4b0e-4160-bee3-118ddd8c6904,2026-07-03T13:30:00Z,2026-07-03T15:30:00+0200,1514.639,MW,DE,DE_LU,actual_offshore_wind_generation,Wind Offshore,2026-08-01T08:46:56Z
2026-08-01T08:44:53Z,2026-08-01T10:44:53+0200,ec999b8f-4b0e-4160-bee3-118ddd8c6904,2026-07-03T13:45:00Z,2026-07-03T15:45:00+0200,1466.188,MW,DE,DE_LU,actual_offshore_wind_generation,Wind Offshore,2026-08-01T08:46:56Z
2026-08-01T08:44:53Z,2026-08-01T10:44:53+0200,ec999b8f-4b0e-4160-bee3-118ddd8c6904,2026-07-03T14:00:00Z,2026-07-03T16:00:00+0200,1877.956,MW,DE,DE_LU,actual_offshore_wind_generation,Wind Offshore,2026-08-01T08:46:56Z
2026-08-01T08:44:53Z,2026-08-01T10:44:53+0200,ec999b8f-4b0e-4160-bee3-118ddd8c6904,2026-07-03T14:15:00Z,2026-07-03T16:15:00+0200,1801.201,MW,DE,DE_LU,actual_offshore_wind_generation,Wind Offshore,2026-08-01T08:46:56Z
2026-08-01T08:44:53Z,2026-08-01T10:44:53+0200,ec999b8f-4b0e-4160-bee3-118ddd8c6904,2026-07-03T14:30:00Z,2026-07-03T16:30:00+0200,1799.67,MW,DE,DE_LU,actual_offshore_wind_generation,Wind Offshore,2026-08-01T08:46:56Z
2026-08-01T08:44:53Z,2026-08-01T10:44:53+0200,ec999b8f-4b0e-4160-bee3-118ddd8c6904,2026-07-03T14:45:00Z,2026-07-03T16:45:00+0200,1911.23,MW,DE,DE_LU,actual_offshore_wind_generation,Wind Offshore,2026-08-01T08:46:56Z
2026-08-01T08:44:53Z,2026-08-01T10:44:53+0200,ec999b8f-4b0e-4160-bee3-118ddd8c6904,2026-07-03T15:00:00Z,2026-07-03T17:00:00+0200,2210.252,MW,DE,DE_LU,actual_offshore_wind_generation,Wind Offshore,2026-08-01T08:46:56Z
2026-08-01T08:44:53Z,2026-08-01T10:44:53+0200,ec999b8f-4b0e-4160-bee3-118ddd8c6904,2026-07-03T15:15:00Z,2026-07-03T17:15:00+0200,1798.568,MW,DE,DE_LU,actual_offshore_wind_generation,Wind Offshore,2026-08-01T08:46:56Z
2026-08-01T08:44:53Z,2026-08-01T10:44:53+0200,ec999b8f-4b0e-4160-bee3-118ddd8c6904,2026-07-03T15:30:00Z,2026-07-03T17:30:00+0200,1827.53,MW,DE,DE_LU,actual_offshore_wind_generation,Wind Offshore,2026-08-01T08:46:56Z
2026-08-01T08:44:53Z,2026-08-01T10:44:53+0200,ec999b8f-4b0e-4160-bee3-118ddd8c6904,2026-07-03T15:45:00Z,2026-07-03T17:45:00+0200,1802.32,MW,DE,DE_LU,actual_offshore_wind_generation,Wind Offshore,2026-08-01T08:46:56Z
2026-08-01T08:44:53Z,2026-08-01T10:44:53+0200,ec999b8f-4b0e-4160-bee3-118ddd8c6904,2026-07-03T16:00:00Z,2026-07-03T18:00:00+0200,2354.594,MW,DE,DE_LU,actual_offshore_wind_generation,Wind Offshore,2026-08-01T08:46:56Z
2026-08-01T08:44:53Z,2026-08-01T10:44:53+0200,ec999b8f-4b0e-4160-bee3-118ddd8c6904,2026-07-03T16:15:00Z,2026-07-03T18:15:00+0200,2298.283,MW,DE,DE_LU,actual_offshore_wind_generation,Wind Offshore,2026-08-01T08:46:56Z
2026-08-01T08:44:53Z,2026-08-01T10:44:53+0200,ec999b8f-4b0e-4160-bee3-118ddd8c6904,2026-07-03T16:30:00Z,2026-07-03T18:30:00+0200,2038.201,MW,DE,DE_LU,actual_offshore_wind_generation,Wind Offshore,2026-08-01T08:46:56Z
2026-08-01T08:44:53Z,2026-08-01T10:44:53+0200,ec999b8f-4b0e-4160-bee3-118ddd8c6904,2026-07-03T16:45:00Z,2026-07-03T18:45:00+0200,2044.344,MW,DE,DE_LU,actual_offshore_wind_generation,Wind Offshore,2026-08-01T08:46:56Z
2026-08-01T08:44:53Z,2026-08-01T10:44:53+0200,ec999b8f-4b0e-4160-bee3-118ddd8c6904,2026-07-03T17:00:00Z,2026-07-03T19:00:00+0200,3314.956,MW,DE,DE_LU,actual_offshore_wind_generation,Wind Offshore,2026-08-01T08:46:56Z
2026-08-01T08:44:53Z,2026-08-01T10:44:53+0200,ec999b8f-4b0e-4160-bee3-118ddd8c6904,2026-07-03T17:15:00Z,2026-07-03T19:15:00+0200,3032.092,MW,DE,DE_LU,actual_offshore_wind_generation,Wind Offshore,2026-08-01T08:46:56Z
2026-08-01T08:44:53Z,2026-08-01T10:44:53+0200,ec999b8f-4b0e-4160-bee3-118ddd8c6904,2026-07-03T17:30:00Z,2026-07-03T19:30:00+0200,2855.236,MW,DE,DE_LU,actual_offshore_wind_generation,Wind Offshore,2026-08-01T08:46:56Z
2026-08-01T08:44:53Z,2026-08-01T10:44:53+0200,ec999b8f-4b0e-4160-bee3-118ddd8c6904,2026-07-03T17:45:00Z,2026-07-03T19:45:00+0200,2601.747,MW,DE,DE_LU,actual_offshore_wind_generation,Wind Offshore,2026-08-01T08:46:56Z
2026-08-01T08:44:53Z,2026-08-01T10:44:53+0200,ec999b8f-4b0e-4160-bee3-118ddd8c6904,2026-07-03T18:00:00Z,2026-07-03T20:00:00+0200,3032.623,MW,DE,DE_LU,actual_offshore_wind_generation,Wind Offshore,2026-08-01T08:46:56Z
2026-08-01T08:44:53Z,2026-08-01T10:44:53+0200,ec999b8f-4b0e-4160-bee3-118ddd8c6904,2026-07-03T18:15:00Z,2026-07-03T20:15:00+0200,2993.198,MW,DE,DE_LU,actual_offshore_wind_generation,Wind Offshore,2026-08-01T08:46:56Z
2026-08-01T08:44:53Z,2026-08-01T10:44:53+0200,ec999b8f-4b0e-4160-bee3-118ddd8c6904,2026-07-03T18:30:00Z,2026-07-03T20:30:00+0200,2943.659,MW,DE,DE_LU,actual_offshore_wind_generation,Wind Offshore,2026-08-01T08:46:56Z
2026-08-01T08:44:53Z,2026-08-01T10:44:53+0200,ec999b8f-4b0e-4160-bee3-118ddd8c6904,2026-07-03T18:45:00Z,2026-07-03T20:45:00+0200,2794.956,MW,DE,DE_LU,actual_offshore_wind_generation,Wind Offshore,2026-08-01T08:46:56Z
2026-08-01T08:44:53Z,2026-08-01T10:44:53+0200,ec999b8f-4b0e-4160-bee3-118ddd8c6904,2026-07-03T19:00:00Z,2026-07-03T21:00:00+0200,3436.346,MW,DE,DE_LU,actual_offshore_wind_generation,Wind Offshore,2026-08-01T08:46:56Z
2026-08-01T08:44:53Z,2026-08-01T10:44:53+0200,ec999b8f-4b0e-4160-bee3-118ddd8c6904,2026-07-03T19:15:00Z,2026-07-03T21:15:00+0200,3471.048,MW,DE,DE_LU,actual_offshore_wind_generation,Wind Offshore,2026-08-01T08:46:56Z
2026-08-01T08:44:53Z,2026-08-01T10:44:53+0200,ec999b8f-4b0e-4160-bee3-118ddd8c6904,2026-07-03T19:30:00Z,2026-07-03T21:30:00+0200,3358.214,MW,DE,DE_LU,actual_offshore_wind_generation,Wind Offshore,2026-08-01T08:46:56Z
2026-08-01T08:44:53Z,2026-08-01T10:44:53+0200,ec999b8f-4b0e-4160-bee3-118ddd8c6904,2026-07-03T19:45:00Z,2026-07-03T21:45:00+0200,3287.176,MW,DE,DE_LU,actual_offshore_wind_generation,Wind Offshore,2026-08-01T08:46:56Z
2026-08-01T08:44:53Z,2026-08-01T10:44:53+0200,ec999b8f-4b0e-4160-bee3-118ddd8c6904,2026-07-03T20:00:00Z,2026-07-03T22:00:00+0200,3535.849,MW,DE,DE_LU,actual_offshore_wind_generation,Wind Offshore,2026-08-01T08:46:56Z
2026-08-01T08:44:53Z,2026-08-01T10:44:53+0200,ec999b8f-4b0e-4160-bee3-118ddd8c6904,2026-07-03T20:15:00Z,2026-07-03T22:15:00+0200,3490.158,MW,DE,DE_LU,actual_offshore_wind_generation,Wind Offshore,2026-08-01T08:46:56Z
2026-08-01T08:44:53Z,2026-08-01T10:44:53+0200,ec999b8f-4b0e-4160-bee3-118ddd8c6904,2026-07-03T20:30:00Z,2026-07-03T22:30:00+0200,3447.454,MW,DE,DE_LU,actual_offshore_wind_generation,Wind Offshore,2026-08-01T08:46:56Z
2026-08-01T08:44:53Z,2026-08-01T10:44:53+0200,ec999b8f-4b0e-4160-bee3-118ddd8c6904,2026-07-03T20:45:00Z,2026-07-03T22:45:00+0200,3434.516,MW,DE,DE_LU,actual_offshore_wind_generation,Wind Offshore,2026-08-01T08:46:56Z
2026-08-01T08:44:53Z,2026-08-01T10:44:53+0200,ec999b8f-4b0e-4160-bee3-118ddd8c6904,2026-07-03T21:00:00Z,2026-07-03T23:00:00+0200,3457.962,MW,DE,DE_LU,actual_offshore_wind_generation,Wind Offshore,2026-08-01T08:46:56Z
2026-08-01T08:44:53Z,2026-08-01T10:44:53+0200,ec999b8f-4b0e-4160-bee3-118ddd8c6904,2026-07-03T21:15:00Z,2026-07-03T23:15:00+0200,3474.398,MW,DE,DE_LU,actual_offshore_wind_generation,Wind Offshore,2026-08-01T08:46:56Z
2026-08-01T08:44:53Z,2026-08-01T10:44:53+0200,ec999b8f-4b0e-4160-bee3-118ddd8c6904,2026-07-03T21:30:00Z,2026-07-03T23:30:00+0200,3557.304,MW,DE,DE_LU,actual_offshore_wind_generation,Wind Offshore,2026-08-01T08:46:56Z
2026-08-01T08:44:53Z,2026-08-01T10:44:53+0200,ec999b8f-4b0e-4160-bee3-118ddd8c6904,2026-07-03T21:45:00Z,2026-07-03T23:45:00+0200,3670.428,MW,DE,DE_LU,actual_offshore_wind_generation,Wind Offshore,2026-08-01T08:46:56Z
2026-08-01T08:44:53Z,2026-08-01T10:44:53+0200,ec999b8f-4b0e-4160-bee3-118ddd8c6904,2026-07-03T22:00:00Z,2026-07-04T00:00:00+0200,3312.383,MW,DE,DE_LU,actual_offshore_wind_generation,Wind Offshore,2026-08-01T08:46:56Z
2026-08-01T08:44:53Z,2026-08-01T10:44:53+0200,ec999b8f-4b0e-4160-bee3-118ddd8c6904,2026-07-03T22:15:00Z,2026-07-04T00:15:00+0200,3595.798,MW,DE,DE_LU,actual_offshore_wind_generation,Wind Offshore,2026-08-01T08:46:56Z
2026-08-01T08:44:53Z,2026-08-01T10:44:53+0200,ec999b8f-4b0e-4160-bee3-118ddd8c6904,2026-07-03T22:30:00Z,2026-07-04T00:30:00+0200,3858.655,MW,DE,DE_LU,actual_offshore_wind_generation,Wind Offshore,2026-08-01T08:46:56Z
2026-08-01T08:44:53Z,2026-08-01T10:44:53+0200,ec999b8f-4b0e-4160-bee3-118ddd8c6904,2026-07-03T22:45:00Z,2026-07-04T00:45:00+0200,3973.386,MW,DE,DE_LU,actual_offshore_wind_generation,Wind Offshore,2026-08-01T08:46:56Z
2026-08-01T08:44:53Z,2026-08-01T10:44:53+0200,ec999b8f-4b0e-4160-bee3-118ddd8c6904,2026-07-03T23:00:00Z,2026-07-04T01:00:00+0200,4019.054,MW,DE,DE_LU,actual_offshore_wind_generation,Wind Offshore,2026-08-01T08:46:56Z
2026-08-01T08:44:53Z,2026-08-01T10:44:53+0200,ec999b8f-4b0e-4160-bee3-118ddd8c6904,2026-07-03T23:15:00Z,2026-07-04T01:15:00+0200,3968.362,MW,DE,DE_LU,actual_offshore_wind_generation,Wind Offshore,2026-08-01T08:46:56Z
2026-08-01T08:44:53Z,2026-08-01T10:44:53+0200,ec999b8f-4b0e-4160-bee3-118ddd8c6904,2026-07-03T23:30:00Z,2026-07-04T01:30:00+0200,3993.483,MW,DE,DE_LU,actual_offshore_wind_generation,Wind Offshore,2026-08-01T08:46:56Z
2026-08-01T08:44:53Z,2026-08-01T10:44:53+0200,ec999b8f-4b0e-4160-bee3-118ddd8c6904,2026-07-03T23:45:00Z,2026-07-04T01:45:00+0200,4018.632,MW,DE,DE_LU,actual_offshore_wind_generation,Wind Offshore,2026-08-01T08:46:56Z
2026-08-01T08:44:53Z,2026-08-01T10:44:53+0200,ec999b8f-4b0e-4160-bee3-118ddd8c6904,2026-07-04T00:00:00Z,2026-07-04T02:00:00+0200,3916.889,MW,DE,DE_LU,actual_offshore_wind_generation,Wind Offshore,2026-08-01T08:46:56Z
2026-08-01T08:44:53Z,2026-08-01T10:44:53+0200,ec999b8f-4b0e-4160-bee3-118ddd8c6904,2026-07-04T00:15:00Z,2026-07-04T02:15:00+0200,4000.998,MW,DE,DE_LU,actual_offshore_wind_generation,Wind Offshore,2026-08-01T08:46:56Z
2026-08-01T08:44:53Z,2026-08-01T10:44:53+0200,ec999b8f-4b0e-4160-bee3-118ddd8c6904,2026-07-04T00:30:00Z,2026-07-04T02:30:00+0200,3978.592,MW,DE,DE_LU,actual_offshore_wind_generation,Wind Offshore,2026-08-01T08:46:56Z
2026-08-01T08:44:53Z,2026-08-01T10:44:53+0200,ec999b8f-4b0e-4160-bee3-118ddd8c6904,2026-07-04T00:45:00Z,2026-07-04T02:45:00+0200,3947.934,MW,DE,DE_LU,actual_offshore_wind_generation,Wind Offshore,2026-08-01T08:46:56Z
2026-08-01T08:44:53Z,2026-08-01T10:44:53+0200,ec999b8f-4b0e-4160-bee3-118ddd8c6904,2026-07-04T01:00:00Z,2026-07-04T03:00:00+0200,3836.241,MW,DE,DE_LU,actual_offshore_wind_generation,Wind Offshore,2026-08-01T08:46:56Z
2026-08-01T08:44:53Z,2026-08-01T10:44:53+0200,ec999b8f-4b0e-4160-bee3-118ddd8c6904,2026-07-04T01:15:00Z,2026-07-04T03:15:00+0200,3853.013,MW,DE,DE_LU,actual_offshore_wind_generation,Wind Offshore,2026-08-01T08:46:56Z
2026-08-01T08:44:53Z,2026-08-01T10:44:53+0200,ec999b8f-4b0e-4160-bee3-118ddd8c6904,2026-07-04T01:30:00Z,2026-07-04T03:30:00+0200,3957.095,MW,DE,DE_LU,actual_offshore_wind_generation,Wind Offshore,2026-08-01T08:46:56Z
2026-08-01T08:44:53Z,2026-08-01T10:44:53+0200,ec999b8f-4b0e-4160-bee3-118ddd8c6904,2026-07-04T01:45:00Z,2026-07-04T03:45:00+0200,4055.843,MW,DE,DE_LU,actual_offshore_wind_generation,Wind Offshore,2026-08-01T08:46:56Z
2026-08-01T08:44:53Z,2026-08-01T10:44:53+0200,ec999b8f-4b0e-4160-bee3-118ddd8c6904,2026-07-04T02:00:00Z,2026-07-04T04:00:00+0200,4224.752,MW,DE,DE_LU,actual_offshore_wind_generation,Wind Offshore,2026-08-01T08:46:56Z
2026-08-01T08:44:53Z,2026-08-01T10:44:53+0200,ec999b8f-4b0e-4160-bee3-118ddd8c6904,2026-07-04T02:15:00Z,2026-07-04T04:15:00+0200,4237.946,MW,DE,DE_LU,actual_offshore_wind_generation,Wind Offshore,2026-08-01T08:46:56Z
2026-08-01T08:44:53Z,2026-08-01T10:44:53+0200,ec999b8f-4b0e-4160-bee3-118ddd8c6904,2026-07-04T02:30:00Z,2026-07-04T04:30:00+0200,4201.473,MW,DE,DE_LU,actual_offshore_wind_generation,Wind Offshore,2026-08-01T08:46:56Z
2026-08-01T08:44:53Z,2026-08-01T10:44:53+0200,ec999b8f-4b0e-4160-bee3-118ddd8c6904,2026-07-04T02:45:00Z,2026-07-04T04:45:00+0200,4115.355,MW,DE,DE_LU,actual_offshore_wind_generation,Wind Offshore,2026-08-01T08:46:56Z
2026-08-01T08:44:53Z,2026-08-01T10:44:53+0200,ec999b8f-4b0e-4160-bee3-118ddd8c6904,2026-07-04T03:00:00Z,2026-07-04T05:00:00+0200,4047.071,MW,DE,DE_LU,actual_offshore_wind_generation,Wind Offshore,2026-08-01T08:46:56Z
2026-08-01T08:44:53Z,2026-08-01T10:44:53+0200,ec999b8f-4b0e-4160-bee3-118ddd8c6904,2026-07-04T03:15:00Z,2026-07-04T05:15:00+0200,4136.12,MW,DE,DE_LU,actual_offshore_wind_generation,Wind Offshore,2026-08-01T08:46:56Z
2026-08-01T08:44:53Z,2026-08-01T10:44:53+0200,ec999b8f-4b0e-4160-bee3-118ddd8c6904,2026-07-04T03:30:00Z,2026-07-04T05:30:00+0200,4075.974,MW,DE,DE_LU,actual_offshore_wind_generation,Wind Offshore,2026-08-01T08:46:56Z
2026-08-01T08:44:53Z,2026-08-01T10:44:53+0200,ec999b8f-4b0e-4160-bee3-118ddd8c6904,2026-07-04T03:45:00Z,2026-07-04T05:45:00+0200,4133.147,MW,DE,DE_LU,actual_offshore_wind_generation,Wind Offshore,2026-08-01T08:46:56Z
2026-08-01T08:44:53Z,2026-08-01T10:44:53+0200,ec999b8f-4b0e-4160-bee3-118ddd8c6904,2026-07-04T04:00:00Z,2026-07-04T06:00:00+0200,3958.514,MW,DE,DE_LU,actual_offshore_wind_generation,Wind Offshore,2026-08-01T08:46:56Z
2026-08-01T08:44:53Z,2026-08-01T10:44:53+0200,ec999b8f-4b0e-4160-bee3-118ddd8c6904,2026-07-04T04:15:00Z,2026-07-04T06:15:00+0200,3785.064,MW,DE,DE_LU,actual_offshore_wind_generation,Wind Offshore,2026-08-01T08:46:56Z
2026-08-01T08:44:53Z,2026-08-01T10:44:53+0200,ec999b8f-4b0e-4160-bee3-118ddd8c6904,2026-07-04T04:30:00Z,2026-07-04T06:30:00+0200,3585.163,MW,DE,DE_LU,actual_offshore_wind_generation,Wind Offshore,2026-08-01T08:46:56Z
2026-08-01T08:44:53Z,2026-08-01T10:44:53+0200,ec999b8f-4b0e-4160-bee3-118ddd8c6904,2026-07-04T04:45:00Z,2026-07-04T06:45:00+0200,3252.334,MW,DE,DE_LU,actual_offshore_wind_generation,Wind Offshore,2026-08-01T08:46:56Z
2026-08-01T08:44:53Z,2026-08-01T10:44:53+0200,ec999b8f-4b0e-4160-bee3-118ddd8c6904,2026-07-04T05:00:00Z,2026-07-04T07:00:00+0200,2902.97,MW,DE,DE_LU,actual_offshore_wind_generation,Wind Offshore,2026-08-01T08:46:56Z
2026-08-01T08:44:53Z,2026-08-01T10:44:53+0200,ec999b8f-4b0e-4160-bee3-118ddd8c6904,2026-07-04T05:15:00Z,2026-07-04T07:15:00+0200,2611.425,MW,DE,DE_LU,actual_offshore_wind_generation,Wind Offshore,2026-08-01T08:46:56Z
2026-08-01T08:44:53Z,2026-08-01T10:44:53+0200,ec999b8f-4b0e-4160-bee3-118ddd8c6904,2026-07-04T05:30:00Z,2026-07-04T07:30:00+0200,2399.833,MW,DE,DE_LU,actual_offshore_wind_generation,Wind Offshore,2026-08-01T08:46:56Z
2026-08-01T08:44:53Z,2026-08-01T10:44:53+0200,ec999b8f-4b0e-4160-bee3-118ddd8c6904,2026-07-04T05:45:00Z,2026-07-04T07:45:00+0200,2352.793,MW,DE,DE_LU,actual_offshore_wind_generation,Wind Offshore,2026-08-01T08:46:56Z
2026-08-01T08:44:53Z,2026-08-01T10:44:53+0200,ec999b8f-4b0e-4160-bee3-118ddd8c6904,2026-07-04T06:00:00Z,2026-07-04T08:00:00+0200,2214.845,MW,DE,DE_LU,actual_offshore_wind_generation,Wind Offshore,2026-08-01T08:46:56Z
2026-08-01T08:44:53Z,2026-08-01T10:44:53+0200,ec999b8f-4b0e-4160-bee3-118ddd8c6904,2026-07-04T06:15:00Z,2026-07-04T08:15:00+0200,2270.37,MW,DE,DE_LU,actual_offshore_wind_generation,Wind Offshore,2026-08-01T08:46:56Z
2026-08-01T08:44:53Z,2026-08-01T10:44:53+0200,ec999b8f-4b0e-4160-bee3-118ddd8c6904,2026-07-04T06:30:00Z,2026-07-04T08:30:00+0200,2293.247,MW,DE,DE_LU,actual_offshore_wind_generation,Wind Offshore,2026-08-01T08:46:56Z
2026-08-01T08:44:53Z,2026-08-01T10:44:53+0200,ec999b8f-4b0e-4160-bee3-118ddd8c6904,2026-07-04T06:45:00Z,2026-07-04T08:45:00+0200,2252.529,MW,DE,DE_LU,actual_offshore_wind_generation,Wind Offshore,2026-08-01T08:46:56Z
2026-08-01T08:44:53Z,2026-08-01T10:44:53+0200,ec999b8f-4b0e-4160-bee3-118ddd8c6904,2026-07-04T07:00:00Z,2026-07-04T09:00:00+0200,2084.306,MW,DE,DE_LU,actual_offshore_wind_generation,Wind Offshore,2026-08-01T08:46:56Z
2026-08-01T08:44:53Z,2026-08-01T10:44:53+0200,ec999b8f-4b0e-4160-bee3-118ddd8c6904,2026-07-04T07:15:00Z,2026-07-04T09:15:00+0200,1953.0,MW,DE,DE_LU,actual_offshore_wind_generation,Wind Offshore,2026-08-01T08:46:56Z
2026-08-01T08:44:53Z,2026-08-01T10:44:53+0200,ec999b8f-4b0e-4160-bee3-118ddd8c6904,2026-07-04T07:30:00Z,2026-07-04T09:30:00+0200,1700.158,MW,DE,DE_LU,actual_offshore_wind_generation,Wind Offshore,2026-08-01T08:46:56Z
2026-08-01T08:44:53Z,2026-08-01T10:44:53+0200,ec999b8f-4b0e-4160-bee3-118ddd8c6904,2026-07-04T07:45:00Z,2026-07-04T09:45:00+0200,1534.415,MW,DE,DE_LU,actual_offshore_wind_generation,Wind Offshore,2026-08-01T08:46:56Z
2026-08-01T08:44:53Z,2026-08-01T10:44:53+0200,ec999b8f-4b0e-4160-bee3-118ddd8c6904,2026-07-04T08:00:00Z,2026-07-04T10:00:00+0200,850.937,MW,DE,DE_LU,actual_offshore_wind_generation,Wind Offshore,2026-08-01T08:46:56Z
2026-08-01T08:44:53Z,2026-08-01T10:44:53+0200,ec999b8f-4b0e-4160-bee3-118ddd8c6904,2026-07-04T08:15:00Z,2026-07-04T10:15:00+0200,741.35,MW,DE,DE_LU,actual_offshore_wind_generation,Wind Offshore,2026-08-01T08:46:56Z
2026-08-01T08:44:53Z,2026-08-01T10:44:53+0200,ec999b8f-4b0e-4160-bee3-118ddd8c6904,2026-07-04T08:30:00Z,2026-07-04T10:30:00+0200,837.2,MW,DE,DE_LU,actual_offshore_wind_generation,Wind Offshore,2026-08-01T08:46:56Z
2026-08-01T08:44:53Z,2026-08-01T10:44:53+0200,ec999b8f-4b0e-4160-bee3-118ddd8c6904,2026-07-04T08:45:00Z,2026-07-04T10:45:00+0200,861.958,MW,DE,DE_LU,actual_offshore_wind_generation,Wind Offshore,2026-08-01T08:46:56Z
2026-08-01T08:44:53Z,2026-08-01T10:44:53+0200,ec999b8f-4b0e-4160-bee3-118ddd8c6904,2026-07-04T09:00:00Z,2026-07-04T11:00:00+0200,931.707,MW,DE,DE_LU,actual_offshore_wind_generation,Wind Offshore,2026-08-01T08:46:56Z
2026-08-01T08:44:53Z,2026-08-01T10:44:53+0200,ec999b8f-4b0e-4160-bee3-118ddd8c6904,2026-07-04T09:15:00Z,2026-07-04T11:15:00+0200,963.106,MW,DE,DE_LU,actual_offshore_wind_generation,Wind Offshore,2026-08-01T08:46:56Z
2026-08-01T08:44:53Z,2026-08-01T10:44:53+0200,ec999b8f-4b0e-4160-bee3-118ddd8c6904,2026-07-04T09:30:00Z,2026-07-04T11:30:00+0200,978.303,MW,DE,DE_LU,actual_offshore_wind_generation,Wind Offshore,2026-08-01T08:46:56Z
2026-08-01T08:44:53Z,2026-08-01T10:44:53+0200,ec999b8f-4b0e-4160-bee3-118ddd8c6904,2026-07-04T09:45:00Z,2026-07-04T11:45:00+0200,977.699,MW,DE,DE_LU,actual_offshore_wind_generation,Wind Offshore,2026-08-01T08:46:56Z
2026-08-01T08:44:53Z,2026-08-01T10:44:53+0200,ec999b8f-4b0e-4160-bee3-118ddd8c6904,2026-07-04T10:00:00Z,2026-07-04T12:00:00+0200,1122.409,MW,DE,DE_LU,actual_offshore_wind_generation,Wind Offshore,2026-08-01T08:46:56Z
2026-08-01T08:44:53Z,2026-08-01T10:44:53+0200,ec999b8f-4b0e-4160-bee3-118ddd8c6904,2026-07-04T10:15:00Z,2026-07-04T12:15:00+0200,1304.483,MW,DE,DE_LU,actual_offshore_wind_generation,Wind Offshore,2026-08-01T08:46:56Z
2026-08-01T08:44:53Z,2026-08-01T10:44:53+0200,ec999b8f-4b0e-4160-bee3-118ddd8c6904,2026-07-04T10:30:00Z,2026-07-04T12:30:00+0200,1301.391,MW,DE,DE_LU,actual_offshore_wind_generation,Wind Offshore,2026-08-01T08:46:56Z
2026-08-01T08:44:53Z,2026-08-01T10:44:53+0200,ec999b8f-4b0e-4160-bee3-118ddd8c6904,2026-07-04T10:45:00Z,2026-07-04T12:45:00+0200,1253.772,MW,DE,DE_LU,actual_offshore_wind_generation,Wind Offshore,2026-08-01T08:46:56Z
2026-08-01T08:44:53Z,2026-08-01T10:44:53+0200,ec999b8f-4b0e-4160-bee3-118ddd8c6904,2026-07-04T11:00:00Z,2026-07-04T13:00:00+0200,1156.701,MW,DE,DE_LU,actual_offshore_wind_generation,Wind Offshore,2026-08-01T08:46:56Z
2026-08-01T08:44:53Z,2026-08-01T10:44:53+0200,ec999b8f-4b0e-4160-bee3-118ddd8c6904,2026-07-04T11:15:00Z,2026-07-04T13:15:00+0200,1152.418,MW,DE,DE_LU,actual_offshore_wind_generation,Wind Offshore,2026-08-01T08:46:56Z
2026-08-01T08:44:53Z,2026-08-01T10:44:53+0200,ec999b8f-4b0e-4160-bee3-118ddd8c6904,2026-07-04T11:30:00Z,2026-07-04T13:30:00+0200,1259.301,MW,DE,DE_LU,actual_offshore_wind_generation,Wind Offshore,2026-08-01T08:46:56Z
2026-08-01T08:44:53Z,2026-08-01T10:44:53+0200,ec999b8f-4b0e-4160-bee3-118ddd8c6904,2026-07-04T11:45:00Z,2026-07-04T13:45:00+0200,1410.752,MW,DE,DE_LU,actual_offshore_wind_generation,Wind Offshore,2026-08-01T08:46:56Z
2026-08-01T08:44:53Z,2026-08-01T10:44:53+0200,ec999b8f-4b0e-4160-bee3-118ddd8c6904,2026-07-04T12:00:00Z,2026-07-04T14:00:00+0200,1626.981,MW,DE,DE_LU,actual_offshore_wind_generation,Wind Offshore,2026-08-01T08:46:56Z
2026-08-01T08:44:53Z,2026-08-01T10:44:53+0200,ec999b8f-4b0e-4160-bee3-118ddd8c6904,2026-07-04T12:15:00Z,2026-07-04T14:15:00+0200,1714.725,MW,DE,DE_LU,actual_offshore_wind_generation,Wind Offshore,2026-08-01T08:46:56Z
2026-08-01T08:44:53Z,2026-08-01T10:44:53+0200,ec999b8f-4b0e-4160-bee3-118ddd8c6904,2026-07-04T12:30:00Z,2026-07-04T14:30:00+0200,1786.294,MW,DE,DE_LU,actual_offshore_wind_generation,Wind Offshore,2026-08-01T08:46:56Z
2026-08-01T08:44:53Z,2026-08-01T10:44:53+0200,ec999b8f-4b0e-4160-bee3-118ddd8c6904,2026-07-04T12:45:00Z,2026-07-04T14:45:00+0200,1884.027,MW,DE,DE_LU,actual_offshore_wind_generation,Wind Offshore,2026-08-01T08:46:56Z
2026-08-01T08:44:53Z,2026-08-01T10:44:53+0200,ec999b8f-4b0e-4160-bee3-118ddd8c6904,2026-07-04T13:00:00Z,2026-07-04T15:00:00+0200,1834.191,MW,DE,DE_LU,actual_offshore_wind_generation,Wind Offshore,2026-08-01T08:46:56Z
2026-08-01T08:44:53Z,2026-08-01T10:44:53+0200,ec999b8f-4b0e-4160-bee3-118ddd8c6904,2026-07-04T13:15:00Z,2026-07-04T15:15:00+0200,1811.362,MW,DE,DE_LU,actual_offshore_wind_generation,Wind Offshore,2026-08-01T08:46:56Z
2026-08-01T08:44:53Z,2026-08-01T10:44:53+0200,ec999b8f-4b0e-4160-bee3-118ddd8c6904,2026-07-04T13:30:00Z,2026-07-04T15:30:00+0200,1998.832,MW,DE,DE_LU,actual_offshore_wind_generation,Wind Offshore,2026-08-01T08:46:56Z
2026-08-01T08:44:53Z,2026-08-01T10:44:53+0200,ec999b8f-4b0e-4160-bee3-118ddd8c6904,2026-07-04T13:45:00Z,2026-07-04T15:45:00+0200,2283.608,MW,DE,DE_LU,actual_offshore_wind_generation,Wind Offshore,2026-08-01T08:46:56Z
2026-08-01T08:44:53Z,2026-08-01T10:44:53+0200,ec999b8f-4b0e-4160-bee3-118ddd8c6904,2026-07-04T14:00:00Z,2026-07-04T16:00:00+0200,2443.02,MW,DE,DE_LU,actual_offshore_wind_generation,Wind Offshore,2026-08-01T08:46:56Z
2026-08-01T08:44:53Z,2026-08-01T10:44:53+0200,ec999b8f-4b0e-4160-bee3-118ddd8c6904,2026-07-04T14:15:00Z,2026-07-04T16:15:00+0200,2718.972,MW,DE,DE_LU,actual_offshore_wind_generation,Wind Offshore,2026-08-01T08:46:56Z
2026-08-01T08:44:53Z,2026-08-01T10:44:53+0200,ec999b8f-4b0e-4160-bee3-118ddd8c6904,2026-07-04T14:30:00Z,2026-07-04T16:30:00+0200,2750.185,MW,DE,DE_LU,actual_offshore_wind_generation,Wind Offshore,2026-08-01T08:46:56Z
2026-08-01T08:44:53Z,2026-08-01T10:44:53+0200,ec999b8f-4b0e-4160-bee3-118ddd8c6904,2026-07-04T14:45:00Z,2026-07-04T16:45:00+0200,3435.146,MW,DE,DE_LU,actual_offshore_wind_generation,Wind Offshore,2026-08-01T08:46:56Z
2026-08-01T08:44:53Z,2026-08-01T10:44:53+0200,ec999b8f-4b0e-4160-bee3-118ddd8c6904,2026-07-04T15:00:00Z,2026-07-04T17:00:00+0200,4825.486,MW,DE,DE_LU,actual_offshore_wind_generation,Wind Offshore,2026-08-01T08:46:56Z
2026-08-01T08:44:53Z,2026-08-01T10:44:53+0200,ec999b8f-4b0e-4160-bee3-118ddd8c6904,2026-07-04T15:15:00Z,2026-07-04T17:15:00+0200,5270.752,MW,DE,DE_LU,actual_offshore_wind_generation,Wind Offshore,2026-08-01T08:46:56Z
2026-08-01T08:44:53Z,2026-08-01T10:44:53+0200,ec999b8f-4b0e-4160-bee3-118ddd8c6904,2026-07-04T15:30:00Z,2026-07-04T17:30:00+0200,5580.496,MW,DE,DE_LU,actual_offshore_wind_generation,Wind Offshore,2026-08-01T08:46:56Z
2026-08-01T08:44:53Z,2026-08-01T10:44:53+0200,ec999b8f-4b0e-4160-bee3-118ddd8c6904,2026-07-04T15:45:00Z,2026-07-04T17:45:00+0200,6267.715,MW,DE,DE_LU,actual_offshore_wind_generation,Wind Offshore,2026-08-01T08:46:56Z
2026-08-01T08:44:53Z,2026-08-01T10:44:53+0200,ec999b8f-4b0e-4160-bee3-118ddd8c6904,2026-07-04T16:00:00Z,2026-07-04T18:00:00+0200,6556.429,MW,DE,DE_LU,actual_offshore_wind_generation,Wind Offshore,2026-08-01T08:46:56Z
2026-08-01T08:44:53Z,2026-08-01T10:44:53+0200,ec999b8f-4b0e-4160-bee3-118ddd8c6904,2026-07-04T16:15:00Z,2026-07-04T18:15:00+0200,6257.426,MW,DE,DE_LU,actual_offshore_wind_generation,Wind Offshore,2026-08-01T08:46:56Z
2026-08-01T08:44:53Z,2026-08-01T10:44:53+0200,ec999b8f-4b0e-4160-bee3-118ddd8c6904,2026-07-04T16:30:00Z,2026-07-04T18:30:00+0200,6007.859,MW,DE,DE_LU,actual_offshore_wind_generation,Wind Offshore,2026-08-01T08:46:56Z
2026-08-01T08:44:53Z,2026-08-01T10:44:53+0200,ec999b8f-4b0e-4160-bee3-118ddd8c6904,2026-07-04T16:45:00Z,2026-07-04T18:45:00+0200,5758.665,MW,DE,DE_LU,actual_offshore_wind_generation,Wind Offshore,2026-08-01T08:46:56Z
2026-08-01T08:44:53Z,2026-08-01T10:44:53+0200,ec999b8f-4b0e-4160-bee3-118ddd8c6904,2026-07-04T17:00:00Z,2026-07-04T19:00:00+0200,5996.031,MW,DE,DE_LU,actual_offshore_wind_generation,Wind Offshore,2026-08-01T08:46:56Z
2026-08-01T08:44:53Z,2026-08-01T10:44:53+0200,ec999b8f-4b0e-4160-bee3-118ddd8c6904,2026-07-04T17:15:00Z,2026-07-04T19:15:00+0200,5867.967,MW,DE,DE_LU,actual_offshore_wind_generation,Wind Offshore,2026-08-01T08:46:56Z
2026-08-01T08:44:53Z,2026-08-01T10:44:53+0200,ec999b8f-4b0e-4160-bee3-118ddd8c6904,2026-07-04T17:30:00Z,2026-07-04T19:30:00+0200,5938.238,MW,DE,DE_LU,actual_offshore_wind_generation,Wind Offshore,2026-08-01T08:46:56Z
2026-08-01T08:44:53Z,2026-08-01T10:44:53+0200,ec999b8f-4b0e-4160-bee3-118ddd8c6904,2026-07-04T17:45:00Z,2026-07-04T19:45:00+0200,6044.181,MW,DE,DE_LU,actual_offshore_wind_generation,Wind Offshore,2026-08-01T08:46:56Z
2026-08-01T08:44:53Z,2026-08-01T10:44:53+0200,ec999b8f-4b0e-4160-bee3-118ddd8c6904,2026-07-04T18:00:00Z,2026-07-04T20:00:00+0200,5997.998,MW,DE,DE_LU,actual_offshore_wind_generation,Wind Offshore,2026-08-01T08:46:56Z
2026-08-01T08:44:53Z,2026-08-01T10:44:53+0200,ec999b8f-4b0e-4160-bee3-118ddd8c6904,2026-07-04T18:15:00Z,2026-07-04T20:15:00+0200,5870.921,MW,DE,DE_LU,actual_offshore_wind_generation,Wind Offshore,2026-08-01T08:46:56Z
2026-08-01T08:44:53Z,2026-08-01T10:44:53+0200,ec999b8f-4b0e-4160-bee3-118ddd8c6904,2026-07-04T18:30:00Z,2026-07-04T20:30:00+0200,5583.893,MW,DE,DE_LU,actual_offshore_wind_generation,Wind Offshore,2026-08-01T08:46:56Z
2026-08-01T08:44:53Z,2026-08-01T10:44:53+0200,ec999b8f-4b0e-4160-bee3-118ddd8c6904,2026-07-04T18:45:00Z,2026-07-04T20:45:00+0200,5414.509,MW,DE,DE_LU,actual_offshore_wind_generation,Wind Offshore,2026-08-01T08:46:56Z
2026-08-01T08:44:53Z,2026-08-01T10:44:53+0200,ec999b8f-4b0e-4160-bee3-118ddd8c6904,2026-07-04T19:00:00Z,2026-07-04T21:00:00+0200,5178.423,MW,DE,DE_LU,actual_offshore_wind_generation,Wind Offshore,2026-08-01T08:46:56Z
2026-08-01T08:44:53Z,2026-08-01T10:44:53+0200,ec999b8f-4b0e-4160-bee3-118ddd8c6904,2026-07-04T19:15:00Z,2026-07-04T21:15:00+0200,5090.693,MW,DE,DE_LU,actual_offshore_wind_generation,Wind Offshore,2026-08-01T08:46:56Z
2026-08-01T08:44:53Z,2026-08-01T10:44:53+0200,ec999b8f-4b0e-4160-bee3-118ddd8c6904,2026-07-04T19:30:00Z,2026-07-04T21:30:00+0200,5142.064,MW,DE,DE_LU,actual_offshore_wind_generation,Wind Offshore,2026-08-01T08:46:56Z
2026-08-01T08:44:53Z,2026-08-01T10:44:53+0200,ec999b8f-4b0e-4160-bee3-118ddd8c6904,2026-07-04T19:45:00Z,2026-07-04T21:45:00+0200,5271.676,MW,DE,DE_LU,actual_offshore_wind_generation,Wind Offshore,2026-08-01T08:46:56Z
2026-08-01T08:44:53Z,2026-08-01T10:44:53+0200,ec999b8f-4b0e-4160-bee3-118ddd8c6904,2026-07-04T20:00:00Z,2026-07-04T22:00:00+0200,5522.242,MW,DE,DE_LU,actual_offshore_wind_generation,Wind Offshore,2026-08-01T08:46:56Z
2026-08-01T08:44:53Z,2026-08-01T10:44:53+0200,ec999b8f-4b0e-4160-bee3-118ddd8c6904,2026-07-04T20:15:00Z,2026-07-04T22:15:00+0200,5972.528,MW,DE,DE_LU,actual_offshore_wind_generation,Wind Offshore,2026-08-01T08:46:56Z
2026-08-01T08:44:53Z,2026-08-01T10:44:53+0200,ec999b8f-4b0e-4160-bee3-118ddd8c6904,2026-07-04T20:30:00Z,2026-07-04T22:30:00+0200,6369.474,MW,DE,DE_LU,actual_offshore_wind_generation,Wind Offshore,2026-08-01T08:46:56Z
2026-08-01T08:44:53Z,2026-08-01T10:44:53+0200,ec999b8f-4b0e-4160-bee3-118ddd8c6904,2026-07-04T20:45:00Z,2026-07-04T22:45:00+0200,6601.761,MW,DE,DE_LU,actual_offshore_wind_generation,Wind Offshore,2026-08-01T08:46:56Z
2026-08-01T08:44:53Z,2026-08-01T10:44:53+0200,ec999b8f-4b0e-4160-bee3-118ddd8c6904,2026-07-04T21:00:00Z,2026-07-04T23:00:00+0200,6674.44,MW,DE,DE_LU,actual_offshore_wind_generation,Wind Offshore,2026-08-01T08:46:56Z
2026-08-01T08:44:53Z,2026-08-01T10:44:53+0200,ec999b8f-4b0e-4160-bee3-118ddd8c6904,2026-07-04T21:15:00Z,2026-07-04T23:15:00+0200,6924.175,MW,DE,DE_LU,actual_offshore_wind_generation,Wind Offshore,2026-08-01T08:46:56Z
2026-08-01T08:44:53Z,2026-08-01T10:44:53+0200,ec999b8f-4b0e-4160-bee3-118ddd8c6904,2026-07-04T21:30:00Z,2026-07-04T23:30:00+0200,6888.094,MW,DE,DE_LU,actual_offshore_wind_generation,Wind Offshore,2026-08-01T08:46:56Z
2026-08-01T08:44:53Z,2026-08-01T10:44:53+0200,ec999b8f-4b0e-4160-bee3-118ddd8c6904,2026-07-04T21:45:00Z,2026-07-04T23:45:00+0200,6730.101,MW,DE,DE_LU,actual_offshore_wind_generation,Wind Offshore,2026-08-01T08:46:56Z
2026-08-01T08:44:53Z,2026-08-01T10:44:53+0200,ec999b8f-4b0e-4160-bee3-118ddd8c6904,2026-07-04T22:00:00Z,2026-07-05T00:00:00+0200,6300.063,MW,DE,DE_LU,actual_offshore_wind_generation,Wind Offshore,2026-08-01T08:46:56Z
2026-08-01T08:44:53Z,2026-08-01T10:44:53+0200,ec999b8f-4b0e-4160-bee3-118ddd8c6904,2026-07-04T22:15:00Z,2026-07-05T00:15:00+0200,6338.378,MW,DE,DE_LU,actual_offshore_wind_generation,Wind Offshore,2026-08-01T08:46:56Z
2026-08-01T08:44:53Z,2026-08-01T10:44:53+0200,ec999b8f-4b0e-4160-bee3-118ddd8c6904,2026-07-04T22:30:00Z,2026-07-05T00:30:00+0200,6586.531,MW,DE,DE_LU,actual_offshore_wind_generation,Wind Offshore,2026-08-01T08:46:56Z
2026-08-01T08:44:53Z,2026-08-01T10:44:53+0200,ec999b8f-4b0e-4160-bee3-118ddd8c6904,2026-07-04T22:45:00Z,2026-07-05T00:45:00+0200,6596.609,MW,DE,DE_LU,actual_offshore_wind_generation,Wind Offshore,2026-08-01T08:46:56Z
2026-08-01T08:44:53Z,2026-08-01T10:44:53+0200,ec999b8f-4b0e-4160-bee3-118ddd8c6904,2026-07-04T23:00:00Z,2026-07-05T01:00:00+0200,6266.222,MW,DE,DE_LU,actual_offshore_wind_generation,Wind Offshore,2026-08-01T08:46:56Z
2026-08-01T08:44:53Z,2026-08-01T10:44:53+0200,ec999b8f-4b0e-4160-bee3-118ddd8c6904,2026-07-04T23:15:00Z,2026-07-05T01:15:00+0200,6108.033,MW,DE,DE_LU,actual_offshore_wind_generation,Wind Offshore,2026-08-01T08:46:56Z
2026-08-01T08:44:53Z,2026-08-01T10:44:53+0200,ec999b8f-4b0e-4160-bee3-118ddd8c6904,2026-07-04T23:30:00Z,2026-07-05T01:30:00+0200,6068.294,MW,DE,DE_LU,actual_offshore_wind_generation,Wind Offshore,2026-08-01T08:46:56Z
2026-08-01T08:44:53Z,2026-08-01T10:44:53+0200,ec999b8f-4b0e-4160-bee3-118ddd8c6904,2026-07-04T23:45:00Z,2026-07-05T01:45:00+0200,6076.189,MW,DE,DE_LU,actual_offshore_wind_generation,Wind Offshore,2026-08-01T08:46:56Z
2026-08-01T08:44:53Z,2026-08-01T10:44:53+0200,ec999b8f-4b0e-4160-bee3-118ddd8c6904,2026-07-05T00:00:00Z,2026-07-05T02:00:00+0200,5608.599,MW,DE,DE_LU,actual_offshore_wind_generation,Wind Offshore,2026-08-01T08:46:56Z
2026-08-01T08:44:53Z,2026-08-01T10:44:53+0200,ec999b8f-4b0e-4160-bee3-118ddd8c6904,2026-07-05T00:15:00Z,2026-07-05T02:15:00+0200,5632.789,MW,DE,DE_LU,actual_offshore_wind_generation,Wind Offshore,2026-08-01T08:46:56Z
2026-08-01T08:44:53Z,2026-08-01T10:44:53+0200,ec999b8f-4b0e-4160-bee3-118ddd8c6904,2026-07-05T00:30:00Z,2026-07-05T02:30:00+0200,5682.662,MW,DE,DE_LU,actual_offshore_wind_generation,Wind Offshore,2026-08-01T08:46:56Z
2026-08-01T08:44:53Z,2026-08-01T10:44:53+0200,ec999b8f-4b0e-4160-bee3-118ddd8c6904,2026-07-05T00:45:00Z,2026-07-05T02:45:00+0200,5551.932,MW,DE,DE_LU,actual_offshore_wind_generation,Wind Offshore,2026-08-01T08:46:56Z
2026-08-01T08:44:53Z,2026-08-01T10:44:53+0200,ec999b8f-4b0e-4160-bee3-118ddd8c6904,2026-07-05T01:00:00Z,2026-07-05T03:00:00+0200,5333.336,MW,DE,DE_LU,actual_offshore_wind_generation,Wind Offshore,2026-08-01T08:46:56Z
2026-08-01T08:44:53Z,2026-08-01T10:44:53+0200,ec999b8f-4b0e-4160-bee3-118ddd8c6904,2026-07-05T01:15:00Z,2026-07-05T03:15:00+0200,5219.689,MW,DE,DE_LU,actual_offshore_wind_generation,Wind Offshore,2026-08-01T08:46:56Z
2026-08-01T08:44:53Z,2026-08-01T10:44:53+0200,ec999b8f-4b0e-4160-bee3-118ddd8c6904,2026-07-05T01:30:00Z,2026-07-05T03:30:00+0200,4975.358,MW,DE,DE_LU,actual_offshore_wind_generation,Wind Offshore,2026-08-01T08:46:56Z
2026-08-01T08:44:53Z,2026-08-01T10:44:53+0200,ec999b8f-4b0e-4160-bee3-118ddd8c6904,2026-07-05T01:45:00Z,2026-07-05T03:45:00+0200,4835.452,MW,DE,DE_LU,actual_offshore_wind_generation,Wind Offshore,2026-08-01T08:46:56Z
2026-08-01T08:44:53Z,2026-08-01T10:44:53+0200,ec999b8f-4b0e-4160-bee3-118ddd8c6904,2026-07-05T02:00:00Z,2026-07-05T04:00:00+0200,5015.859,MW,DE,DE_LU,actual_offshore_wind_generation,Wind Offshore,2026-08-01T08:46:56Z
2026-08-01T08:44:53Z,2026-08-01T10:44:53+0200,ec999b8f-4b0e-4160-bee3-118ddd8c6904,2026-07-05T02:15:00Z,2026-07-05T04:15:00+0200,4722.732,MW,DE,DE_LU,actual_offshore_wind_generation,Wind Offshore,2026-08-01T08:46:56Z
2026-08-01T08:44:53Z,2026-08-01T10:44:53+0200,ec999b8f-4b0e-4160-bee3-118ddd8c6904,2026-07-05T02:30:00Z,2026-07-05T04:30:00+0200,4350.113,MW,DE,DE_LU,actual_offshore_wind_generation,Wind Offshore,2026-08-01T08:46:56Z
2026-08-01T08:44:53Z,2026-08-01T10:44:53+0200,ec999b8f-4b0e-4160-bee3-118ddd8c6904,2026-07-05T02:45:00Z,2026-07-05T04:45:00+0200,3996.113,MW,DE,DE_LU,actual_offshore_wind_generation,Wind Offshore,2026-08-01T08:46:56Z
2026-08-01T08:44:53Z,2026-08-01T10:44:53+0200,ec999b8f-4b0e-4160-bee3-118ddd8c6904,2026-07-05T03:00:00Z,2026-07-05T05:00:00+0200,3793.177,MW,DE,DE_LU,actual_offshore_wind_generation,Wind Offshore,2026-08-01T08:46:56Z
2026-08-01T08:44:53Z,2026-08-01T10:44:53+0200,ec999b8f-4b0e-4160-bee3-118ddd8c6904,2026-07-05T03:15:00Z,2026-07-05T05:15:00+0200,3672.645,MW,DE,DE_LU,actual_offshore_wind_generation,Wind Offshore,2026-08-01T08:46:56Z
2026-08-01T08:44:53Z,2026-08-01T10:44:53+0200,ec999b8f-4b0e-4160-bee3-118ddd8c6904,2026-07-05T03:30:00Z,2026-07-05T05:30:00+0200,3522.829,MW,DE,DE_LU,actual_offshore_wind_generation,Wind Offshore,2026-08-01T08:46:56Z
2026-08-01T08:44:53Z,2026-08-01T10:44:53+0200,ec999b8f-4b0e-4160-bee3-118ddd8c6904,2026-07-05T03:45:00Z,2026-07-05T05:45:00+0200,3442.164,MW,DE,DE_LU,actual_offshore_wind_generation,Wind Offshore,2026-08-01T08:46:56Z
2026-08-01T08:44:53Z,2026-08-01T10:44:53+0200,ec999b8f-4b0e-4160-bee3-118ddd8c6904,2026-07-05T04:00:00Z,2026-07-05T06:00:00+0200,3161.34,MW,DE,DE_LU,actual_offshore_wind_generation,Wind Offshore,2026-08-01T08:46:56Z
2026-08-01T08:44:53Z,2026-08-01T10:44:53+0200,ec999b8f-4b0e-4160-bee3-118ddd8c6904,2026-07-05T04:15:00Z,2026-07-05T06:15:00+0200,3011.998,MW,DE,DE_LU,actual_offshore_wind_generation,Wind Offshore,2026-08-01T08:46:56Z
2026-08-01T08:44:53Z,2026-08-01T10:44:53+0200,ec999b8f-4b0e-4160-bee3-118ddd8c6904,2026-07-05T04:30:00Z,2026-07-05T06:30:00+0200,2867.578,MW,DE,DE_LU,actual_offshore_wind_generation,Wind Offshore,2026-08-01T08:46:56Z
2026-08-01T08:44:53Z,2026-08-01T10:44:53+0200,ec999b8f-4b0e-4160-bee3-118ddd8c6904,2026-07-05T04:45:00Z,2026-07-05T06:45:00+0200,2461.969,MW,DE,DE_LU,actual_offshore_wind_generation,Wind Offshore,2026-08-01T08:46:56Z
2026-08-01T08:44:53Z,2026-08-01T10:44:53+0200,ec999b8f-4b0e-4160-bee3-118ddd8c6904,2026-07-05T05:00:00Z,2026-07-05T07:00:00+0200,2001.059,MW,DE,DE_LU,actual_offshore_wind_generation,Wind Offshore,2026-08-01T08:46:56Z
2026-08-01T08:44:53Z,2026-08-01T10:44:53+0200,ec999b8f-4b0e-4160-bee3-118ddd8c6904,2026-07-05T05:15:00Z,2026-07-05T07:15:00+0200,2011.823,MW,DE,DE_LU,actual_offshore_wind_generation,Wind Offshore,2026-08-01T08:46:56Z
2026-08-01T08:44:53Z,2026-08-01T10:44:53+0200,ec999b8f-4b0e-4160-bee3-118ddd8c6904,2026-07-05T05:30:00Z,2026-07-05T07:30:00+0200,1906.603,MW,DE,DE_LU,actual_offshore_wind_generation,Wind Offshore,2026-08-01T08:46:56Z
2026-08-01T08:44:53Z,2026-08-01T10:44:53+0200,ec999b8f-4b0e-4160-bee3-118ddd8c6904,2026-07-05T05:45:00Z,2026-07-05T07:45:00+0200,1813.726,MW,DE,DE_LU,actual_offshore_wind_generation,Wind Offshore,2026-08-01T08:46:56Z
2026-08-01T08:44:53Z,2026-08-01T10:44:53+0200,ec999b8f-4b0e-4160-bee3-118ddd8c6904,2026-07-05T06:00:00Z,2026-07-05T08:00:00+0200,2126.018,MW,DE,DE_LU,actual_offshore_wind_generation,Wind Offshore,2026-08-01T08:46:56Z
2026-08-01T08:44:53Z,2026-08-01T10:44:53+0200,ec999b8f-4b0e-4160-bee3-118ddd8c6904,2026-07-05T06:15:00Z,2026-07-05T08:15:00+0200,2361.094,MW,DE,DE_LU,actual_offshore_wind_generation,Wind Offshore,2026-08-01T08:46:56Z
2026-08-01T08:44:53Z,2026-08-01T10:44:53+0200,ec999b8f-4b0e-4160-bee3-118ddd8c6904,2026-07-05T06:30:00Z,2026-07-05T08:30:00+0200,2588.544,MW,DE,DE_LU,actual_offshore_wind_generation,Wind Offshore,2026-08-01T08:46:56Z
2026-08-01T08:44:53Z,2026-08-01T10:44:53+0200,ec999b8f-4b0e-4160-bee3-118ddd8c6904,2026-07-05T06:45:00Z,2026-07-05T08:45:00+0200,2682.441,MW,DE,DE_LU,actual_offshore_wind_generation,Wind Offshore,2026-08-01T08:46:56Z
2026-08-01T08:44:53Z,2026-08-01T10:44:53+0200,ec999b8f-4b0e-4160-bee3-118ddd8c6904,2026-07-05T07:00:00Z,2026-07-05T09:00:00+0200,2859.284,MW,DE,DE_LU,actual_offshore_wind_generation,Wind Offshore,2026-08-01T08:46:56Z
2026-08-01T08:44:53Z,2026-08-01T10:44:53+0200,ec999b8f-4b0e-4160-bee3-118ddd8c6904,2026-07-05T07:15:00Z,2026-07-05T09:15:00+0200,3010.991,MW,DE,DE_LU,actual_offshore_wind_generation,Wind Offshore,2026-08-01T08:46:56Z
2026-08-01T08:44:53Z,2026-08-01T10:44:53+0200,ec999b8f-4b0e-4160-bee3-118ddd8c6904,2026-07-05T07:30:00Z,2026-07-05T09:30:00+0200,3075.35,MW,DE,DE_LU,actual_offshore_wind_generation,Wind Offshore,2026-08-01T08:46:56Z
2026-08-01T08:44:53Z,2026-08-01T10:44:53+0200,ec999b8f-4b0e-4160-bee3-118ddd8c6904,2026-07-05T07:45:00Z,2026-07-05T09:45:00+0200,3135.24,MW,DE,DE_LU,actual_offshore_wind_generation,Wind Offshore,2026-08-01T08:46:56Z
2026-08-01T08:44:53Z,2026-08-01T10:44:53+0200,ec999b8f-4b0e-4160-bee3-118ddd8c6904,2026-07-05T08:00:00Z,2026-07-05T10:00:00+0200,2651.262,MW,DE,DE_LU,actual_offshore_wind_generation,Wind Offshore,2026-08-01T08:46:56Z
2026-08-01T08:44:53Z,2026-08-01T10:44:53+0200,ec999b8f-4b0e-4160-bee3-118ddd8c6904,2026-07-05T08:15:00Z,2026-07-05T10:15:00+0200,2609.876,MW,DE,DE_LU,actual_offshore_wind_generation,Wind Offshore,2026-08-01T08:46:56Z
2026-08-01T08:44:53Z,2026-08-01T10:44:53+0200,ec999b8f-4b0e-4160-bee3-118ddd8c6904,2026-07-05T08:30:00Z,2026-07-05T10:30:00+0200,2554.557,MW,DE,DE_LU,actual_offshore_wind_generation,Wind Offshore,2026-08-01T08:46:56Z
2026-08-01T08:44:53Z,2026-08-01T10:44:53+0200,ec999b8f-4b0e-4160-bee3-118ddd8c6904,2026-07-05T08:45:00Z,2026-07-05T10:45:00+0200,2542.799,MW,DE,DE_LU,actual_offshore_wind_generation,Wind Offshore,2026-08-01T08:46:56Z
2026-08-01T08:44:53Z,2026-08-01T10:44:53+0200,ec999b8f-4b0e-4160-bee3-118ddd8c6904,2026-07-05T09:00:00Z,2026-07-05T11:00:00+0200,2543.565,MW,DE,DE_LU,actual_offshore_wind_generation,Wind Offshore,2026-08-01T08:46:56Z
2026-08-01T08:44:53Z,2026-08-01T10:44:53+0200,ec999b8f-4b0e-4160-bee3-118ddd8c6904,2026-07-05T09:15:00Z,2026-07-05T11:15:00+0200,2430.902,MW,DE,DE_LU,actual_offshore_wind_generation,Wind Offshore,2026-08-01T08:46:56Z
2026-08-01T08:44:53Z,2026-08-01T10:44:53+0200,ec999b8f-4b0e-4160-bee3-118ddd8c6904,2026-07-05T09:30:00Z,2026-07-05T11:30:00+0200,2361.72,MW,DE,DE_LU,actual_offshore_wind_generation,Wind Offshore,2026-08-01T08:46:56Z
2026-08-01T08:44:53Z,2026-08-01T10:44:53+0200,ec999b8f-4b0e-4160-bee3-118ddd8c6904,2026-07-05T09:45:00Z,2026-07-05T11:45:00+0200,2303.169,MW,DE,DE_LU,actual_offshore_wind_generation,Wind Offshore,2026-08-01T08:46:56Z
2026-08-01T08:44:53Z,2026-08-01T10:44:53+0200,ec999b8f-4b0e-4160-bee3-118ddd8c6904,2026-07-05T10:00:00Z,2026-07-05T12:00:00+0200,2181.474,MW,DE,DE_LU,actual_offshore_wind_generation,Wind Offshore,2026-08-01T08:46:56Z
2026-08-01T08:44:53Z,2026-08-01T10:44:53+0200,ec999b8f-4b0e-4160-bee3-118ddd8c6904,2026-07-05T10:15:00Z,2026-07-05T12:15:00+0200,2092.933,MW,DE,DE_LU,actual_offshore_wind_generation,Wind Offshore,2026-08-01T08:46:56Z
2026-08-01T08:44:53Z,2026-08-01T10:44:53+0200,ec999b8f-4b0e-4160-bee3-118ddd8c6904,2026-07-05T10:30:00Z,2026-07-05T12:30:00+0200,2027.411,MW,DE,DE_LU,actual_offshore_wind_generation,Wind Offshore,2026-08-01T08:46:56Z
2026-08-01T08:44:53Z,2026-08-01T10:44:53+0200,ec999b8f-4b0e-4160-bee3-118ddd8c6904,2026-07-05T10:45:00Z,2026-07-05T12:45:00+0200,1984.195,MW,DE,DE_LU,actual_offshore_wind_generation,Wind Offshore,2026-08-01T08:46:56Z
2026-08-01T08:44:53Z,2026-08-01T10:44:53+0200,ec999b8f-4b0e-4160-bee3-118ddd8c6904,2026-07-05T11:00:00Z,2026-07-05T13:00:00+0200,1854.802,MW,DE,DE_LU,actual_offshore_wind_generation,Wind Offshore,2026-08-01T08:46:56Z
2026-08-01T08:44:53Z,2026-08-01T10:44:53+0200,ec999b8f-4b0e-4160-bee3-118ddd8c6904,2026-07-05T11:15:00Z,2026-07-05T13:15:00+0200,2004.954,MW,DE,DE_LU,actual_offshore_wind_generation,Wind Offshore,2026-08-01T08:46:56Z
2026-08-01T08:44:53Z,2026-08-01T10:44:53+0200,ec999b8f-4b0e-4160-bee3-118ddd8c6904,2026-07-05T11:30:00Z,2026-07-05T13:30:00+0200,2011.043,MW,DE,DE_LU,actual_offshore_wind_generation,Wind Offshore,2026-08-01T08:46:56Z
2026-08-01T08:44:53Z,2026-08-01T10:44:53+0200,ec999b8f-4b0e-4160-bee3-118ddd8c6904,2026-07-05T11:45:00Z,2026-07-05T13:45:00+0200,2021.155,MW,DE,DE_LU,actual_offshore_wind_generation,Wind Offshore,2026-08-01T08:46:56Z
2026-08-01T08:44:53Z,2026-08-01T10:44:53+0200,ec999b8f-4b0e-4160-bee3-118ddd8c6904,2026-07-05T12:00:00Z,2026-07-05T14:00:00+0200,1552.505,MW,DE,DE_LU,actual_offshore_wind_generation,Wind Offshore,2026-08-01T08:46:56Z
2026-08-01T08:44:53Z,2026-08-01T10:44:53+0200,ec999b8f-4b0e-4160-bee3-118ddd8c6904,2026-07-05T12:15:00Z,2026-07-05T14:15:00+0200,1549.4,MW,DE,DE_LU,actual_offshore_wind_generation,Wind Offshore,2026-08-01T08:46:56Z
2026-08-01T08:44:53Z,2026-08-01T10:44:53+0200,ec999b8f-4b0e-4160-bee3-118ddd8c6904,2026-07-05T12:30:00Z,2026-07-05T14:30:00+0200,1540.035,MW,DE,DE_LU,actual_offshore_wind_generation,Wind Offshore,2026-08-01T08:46:56Z
2026-08-01T08:44:53Z,2026-08-01T10:44:53+0200,ec999b8f-4b0e-4160-bee3-118ddd8c6904,2026-07-05T12:45:00Z,2026-07-05T14:45:00+0200,1465.099,MW,DE,DE_LU,actual_offshore_wind_generation,Wind Offshore,2026-08-01T08:46:56Z
2026-08-01T08:44:53Z,2026-08-01T10:44:53+0200,ec999b8f-4b0e-4160-bee3-118ddd8c6904,2026-07-05T13:00:00Z,2026-07-05T15:00:00+0200,1657.829,MW,DE,DE_LU,actual_offshore_wind_generation,Wind Offshore,2026-08-01T08:46:56Z
2026-08-01T08:44:53Z,2026-08-01T10:44:53+0200,ec999b8f-4b0e-4160-bee3-118ddd8c6904,2026-07-05T13:15:00Z,2026-07-05T15:15:00+0200,1747.307,MW,DE,DE_LU,actual_offshore_wind_generation,Wind Offshore,2026-08-01T08:46:56Z
2026-08-01T08:44:53Z,2026-08-01T10:44:53+0200,ec999b8f-4b0e-4160-bee3-118ddd8c6904,2026-07-05T13:30:00Z,2026-07-05T15:30:00+0200,1807.547,MW,DE,DE_LU,actual_offshore_wind_generation,Wind Offshore,2026-08-01T08:46:56Z
2026-08-01T08:44:53Z,2026-08-01T10:44:53+0200,ec999b8f-4b0e-4160-bee3-118ddd8c6904,2026-07-05T13:45:00Z,2026-07-05T15:45:00+0200,1856.352,MW,DE,DE_LU,actual_offshore_wind_generation,Wind Offshore,2026-08-01T08:46:56Z
2026-08-01T08:44:53Z,2026-08-01T10:44:53+0200,ec999b8f-4b0e-4160-bee3-118ddd8c6904,2026-07-05T14:00:00Z,2026-07-05T16:00:00+0200,1788.846,MW,DE,DE_LU,actual_offshore_wind_generation,Wind Offshore,2026-08-01T08:46:56Z
2026-08-01T08:44:53Z,2026-08-01T10:44:53+0200,ec999b8f-4b0e-4160-bee3-118ddd8c6904,2026-07-05T14:15:00Z,2026-07-05T16:15:00+0200,1698.71,MW,DE,DE_LU,actual_offshore_wind_generation,Wind Offshore,2026-08-01T08:46:56Z
2026-08-01T08:44:53Z,2026-08-01T10:44:53+0200,ec999b8f-4b0e-4160-bee3-118ddd8c6904,2026-07-05T14:30:00Z,2026-07-05T16:30:00+0200,1707.315,MW,DE,DE_LU,actual_offshore_wind_generation,Wind Offshore,2026-08-01T08:46:56Z
2026-08-01T08:44:53Z,2026-08-01T10:44:53+0200,ec999b8f-4b0e-4160-bee3-118ddd8c6904,2026-07-05T14:45:00Z,2026-07-05T16:45:00+0200,1748.346,MW,DE,DE_LU,actual_offshore_wind_generation,Wind Offshore,2026-08-01T08:46:56Z
2026-08-01T08:44:53Z,2026-08-01T10:44:53+0200,ec999b8f-4b0e-4160-bee3-118ddd8c6904,2026-07-05T15:00:00Z,2026-07-05T17:00:00+0200,2389.985,MW,DE,DE_LU,actual_offshore_wind_generation,Wind Offshore,2026-08-01T08:46:56Z
2026-08-01T08:44:53Z,2026-08-01T10:44:53+0200,ec999b8f-4b0e-4160-bee3-118ddd8c6904,2026-07-05T15:15:00Z,2026-07-05T17:15:00+0200,2452.743,MW,DE,DE_LU,actual_offshore_wind_generation,Wind Offshore,2026-08-01T08:46:56Z
2026-08-01T08:44:53Z,2026-08-01T10:44:53+0200,ec999b8f-4b0e-4160-bee3-118ddd8c6904,2026-07-05T15:30:00Z,2026-07-05T17:30:00+0200,2422.785,MW,DE,DE_LU,actual_offshore_wind_generation,Wind Offshore,2026-08-01T08:46:56Z
2026-08-01T08:44:53Z,2026-08-01T10:44:53+0200,ec999b8f-4b0e-4160-bee3-118ddd8c6904,2026-07-05T15:45:00Z,2026-07-05T17:45:00+0200,2315.068,MW,DE,DE_LU,actual_offshore_wind_generation,Wind Offshore,2026-08-01T08:46:56Z
2026-08-01T08:44:53Z,2026-08-01T10:44:53+0200,ec999b8f-4b0e-4160-bee3-118ddd8c6904,2026-07-05T16:00:00Z,2026-07-05T18:00:00+0200,2230.943,MW,DE,DE_LU,actual_offshore_wind_generation,Wind Offshore,2026-08-01T08:46:56Z
2026-08-01T08:44:53Z,2026-08-01T10:44:53+0200,ec999b8f-4b0e-4160-bee3-118ddd8c6904,2026-07-05T16:15:00Z,2026-07-05T18:15:00+0200,2219.917,MW,DE,DE_LU,actual_offshore_wind_generation,Wind Offshore,2026-08-01T08:46:56Z
2026-08-01T08:44:53Z,2026-08-01T10:44:53+0200,ec999b8f-4b0e-4160-bee3-118ddd8c6904,2026-07-05T16:30:00Z,2026-07-05T18:30:00+0200,2164.283,MW,DE,DE_LU,actual_offshore_wind_generation,Wind Offshore,2026-08-01T08:46:56Z
2026-08-01T08:44:53Z,2026-08-01T10:44:53+0200,ec999b8f-4b0e-4160-bee3-118ddd8c6904,2026-07-05T16:45:00Z,2026-07-05T18:45:00+0200,2120.108,MW,DE,DE_LU,actual_offshore_wind_generation,Wind Offshore,2026-08-01T08:46:56Z
2026-08-01T08:44:53Z,2026-08-01T10:44:53+0200,ec999b8f-4b0e-4160-bee3-118ddd8c6904,2026-07-05T17:00:00Z,2026-07-05T19:00:00+0200,2498.587,MW,DE,DE_LU,actual_offshore_wind_generation,Wind Offshore,2026-08-01T08:46:56Z
2026-08-01T08:44:53Z,2026-08-01T10:44:53+0200,ec999b8f-4b0e-4160-bee3-118ddd8c6904,2026-07-05T17:15:00Z,2026-07-05T19:15:00+0200,2499.825,MW,DE,DE_LU,actual_offshore_wind_generation,Wind Offshore,2026-08-01T08:46:56Z
2026-08-01T08:44:53Z,2026-08-01T10:44:53+0200,ec999b8f-4b0e-4160-bee3-118ddd8c6904,2026-07-05T17:30:00Z,2026-07-05T19:30:00+0200,2445.702,MW,DE,DE_LU,actual_offshore_wind_generation,Wind Offshore,2026-08-01T08:46:56Z
2026-08-01T08:44:53Z,2026-08-01T10:44:53+0200,ec999b8f-4b0e-4160-bee3-118ddd8c6904,2026-07-05T17:45:00Z,2026-07-05T19:45:00+0200,2381.307,MW,DE,DE_LU,actual_offshore_wind_generation,Wind Offshore,2026-08-01T08:46:56Z
2026-08-01T08:44:53Z,2026-08-01T10:44:53+0200,ec999b8f-4b0e-4160-bee3-118ddd8c6904,2026-07-05T18:00:00Z,2026-07-05T20:00:00+0200,2665.194,MW,DE,DE_LU,actual_offshore_wind_generation,Wind Offshore,2026-08-01T08:46:56Z
2026-08-01T08:44:53Z,2026-08-01T10:44:53+0200,ec999b8f-4b0e-4160-bee3-118ddd8c6904,2026-07-05T18:15:00Z,2026-07-05T20:15:00+0200,2719.76,MW,DE,DE_LU,actual_offshore_wind_generation,Wind Offshore,2026-08-01T08:46:56Z
2026-08-01T08:44:53Z,2026-08-01T10:44:53+0200,ec999b8f-4b0e-4160-bee3-118ddd8c6904,2026-07-05T18:30:00Z,2026-07-05T20:30:00+0200,2707.495,MW,DE,DE_LU,actual_offshore_wind_generation,Wind Offshore,2026-08-01T08:46:56Z
2026-08-01T08:44:53Z,2026-08-01T10:44:53+0200,ec999b8f-4b0e-4160-bee3-118ddd8c6904,2026-07-05T18:45:00Z,2026-07-05T20:45:00+0200,2648.764,MW,DE,DE_LU,actual_offshore_wind_generation,Wind Offshore,2026-08-01T08:46:56Z
2026-08-01T08:44:53Z,2026-08-01T10:44:53+0200,ec999b8f-4b0e-4160-bee3-118ddd8c6904,2026-07-05T19:00:00Z,2026-07-05T21:00:00+0200,2602.574,MW,DE,DE_LU,actual_offshore_wind_generation,Wind Offshore,2026-08-01T08:46:56Z
2026-08-01T08:44:53Z,2026-08-01T10:44:53+0200,ec999b8f-4b0e-4160-bee3-118ddd8c6904,2026-07-05T19:15:00Z,2026-07-05T21:15:00+0200,2509.777,MW,DE,DE_LU,actual_offshore_wind_generation,Wind Offshore,2026-08-01T08:46:56Z
2026-08-01T08:44:53Z,2026-08-01T10:44:53+0200,ec999b8f-4b0e-4160-bee3-118ddd8c6904,2026-07-05T19:30:00Z,2026-07-05T21:30:00+0200,2439.173,MW,DE,DE_LU,actual_offshore_wind_generation,Wind Offshore,2026-08-01T08:46:56Z
2026-08-01T08:44:53Z,2026-08-01T10:44:53+0200,ec999b8f-4b0e-4160-bee3-118ddd8c6904,2026-07-05T19:45:00Z,2026-07-05T21:45:00+0200,2382.055,MW,DE,DE_LU,actual_offshore_wind_generation,Wind Offshore,2026-08-01T08:46:56Z
2026-08-01T08:44:53Z,2026-08-01T10:44:53+0200,ec999b8f-4b0e-4160-bee3-118ddd8c6904,2026-07-05T20:00:00Z,2026-07-05T22:00:00+0200,2340.696,MW,DE,DE_LU,actual_offshore_wind_generation,Wind Offshore,2026-08-01T08:46:56Z
2026-08-01T08:44:53Z,2026-08-01T10:44:53+0200,ec999b8f-4b0e-4160-bee3-118ddd8c6904,2026-07-05T20:15:00Z,2026-07-05T22:15:00+0200,2219.34,MW,DE,DE_LU,actual_offshore_wind_generation,Wind Offshore,2026-08-01T08:46:56Z
2026-08-01T08:44:53Z,2026-08-01T10:44:53+0200,ec999b8f-4b0e-4160-bee3-118ddd8c6904,2026-07-05T20:30:00Z,2026-07-05T22:30:00+0200,2237.587,MW,DE,DE_LU,actual_offshore_wind_generation,Wind Offshore,2026-08-01T08:46:56Z
2026-08-01T08:44:53Z,2026-08-01T10:44:53+0200,ec999b8f-4b0e-4160-bee3-118ddd8c6904,2026-07-05T20:45:00Z,2026-07-05T22:45:00+0200,2235.144,MW,DE,DE_LU,actual_offshore_wind_generation,Wind Offshore,2026-08-01T08:46:56Z
2026-08-01T08:44:53Z,2026-08-01T10:44:53+0200,ec999b8f-4b0e-4160-bee3-118ddd8c6904,2026-07-05T21:00:00Z,2026-07-05T23:00:00+0200,2319.048,MW,DE,DE_LU,actual_offshore_wind_generation,Wind Offshore,2026-08-01T08:46:56Z
2026-08-01T08:44:53Z,2026-08-01T10:44:53+0200,ec999b8f-4b0e-4160-bee3-118ddd8c6904,2026-07-05T21:15:00Z,2026-07-05T23:15:00+0200,2317.494,MW,DE,DE_LU,actual_offshore_wind_generation,Wind Offshore,2026-08-01T08:46:56Z
2026-08-01T08:44:53Z,2026-08-01T10:44:53+0200,ec999b8f-4b0e-4160-bee3-118ddd8c6904,2026-07-05T21:30:00Z,2026-07-05T23:30:00+0200,2360.196,MW,DE,DE_LU,actual_offshore_wind_generation,Wind Offshore,2026-08-01T08:46:56Z
2026-08-01T08:44:53Z,2026-08-01T10:44:53+0200,ec999b8f-4b0e-4160-bee3-118ddd8c6904,2026-07-05T21:45:00Z,2026-07-05T23:45:00+0200,2497.244,MW,DE,DE_LU,actual_offshore_wind_generation,Wind Offshore,2026-08-01T08:46:56Z
2026-08-01T08:44:53Z,2026-08-01T10:44:53+0200,ec999b8f-4b0e-4160-bee3-118ddd8c6904,2026-07-05T22:00:00Z,2026-07-06T00:00:00+0200,2643.567,MW,DE,DE_LU,actual_offshore_wind_generation,Wind Offshore,2026-08-01T08:46:56Z
2026-08-01T08:44:53Z,2026-08-01T10:44:53+0200,ec999b8f-4b0e-4160-bee3-118ddd8c6904,2026-07-05T22:15:00Z,2026-07-06T00:15:00+0200,2742.476,MW,DE,DE_LU,actual_offshore_wind_generation,Wind Offshore,2026-08-01T08:46:56Z
2026-08-01T08:44:53Z,2026-08-01T10:44:53+0200,ec999b8f-4b0e-4160-bee3-118ddd8c6904,2026-07-05T22:30:00Z,2026-07-06T00:30:00+0200,2891.906,MW,DE,DE_LU,actual_offshore_wind_generation,Wind Offshore,2026-08-01T08:46:56Z
2026-08-01T08:44:53Z,2026-08-01T10:44:53+0200,ec999b8f-4b0e-4160-bee3-118ddd8c6904,2026-07-05T22:45:00Z,2026-07-06T00:45:00+0200,2984.179,MW,DE,DE_LU,actual_offshore_wind_generation,Wind Offshore,2026-08-01T08:46:56Z
2026-08-01T08:44:53Z,2026-08-01T10:44:53+0200,ec999b8f-4b0e-4160-bee3-118ddd8c6904,2026-07-05T23:00:00Z,2026-07-06T01:00:00+0200,3076.769,MW,DE,DE_LU,actual_offshore_wind_generation,Wind Offshore,2026-08-01T08:46:56Z
2026-08-01T08:44:53Z,2026-08-01T10:44:53+0200,ec999b8f-4b0e-4160-bee3-118ddd8c6904,2026-07-05T23:15:00Z,2026-07-06T01:15:00+0200,3144.475,MW,DE,DE_LU,actual_offshore_wind_generation,Wind Offshore,2026-08-01T08:46:56Z
2026-08-01T08:44:53Z,2026-08-01T10:44:53+0200,ec999b8f-4b0e-4160-bee3-118ddd8c6904,2026-07-05T23:30:00Z,2026-07-06T01:30:00+0200,3339.82,MW,DE,DE_LU,actual_offshore_wind_generation,Wind Offshore,2026-08-01T08:46:56Z
2026-08-01T08:44:53Z,2026-08-01T10:44:53+0200,ec999b8f-4b0e-4160-bee3-118ddd8c6904,2026-07-05T23:45:00Z,2026-07-06T01:45:00+0200,3463.998,MW,DE,DE_LU,actual_offshore_wind_generation,Wind Offshore,2026-08-01T08:46:56Z
2026-08-01T08:44:53Z,2026-08-01T10:44:53+0200,ec999b8f-4b0e-4160-bee3-118ddd8c6904,2026-07-06T00:00:00Z,2026-07-06T02:00:00+0200,3510.192,MW,DE,DE_LU,actual_offshore_wind_generation,Wind Offshore,2026-08-01T08:46:56Z
2026-08-01T08:44:53Z,2026-08-01T10:44:53+0200,ec999b8f-4b0e-4160-bee3-118ddd8c6904,2026-07-06T00:15:00Z,2026-07-06T02:15:00+0200,3543.266,MW,DE,DE_LU,actual_offshore_wind_generation,Wind Offshore,2026-08-01T08:46:56Z
2026-08-01T08:44:53Z,2026-08-01T10:44:53+0200,ec999b8f-4b0e-4160-bee3-118ddd8c6904,2026-07-06T00:30:00Z,2026-07-06T02:30:00+0200,3555.533,MW,DE,DE_LU,actual_offshore_wind_generation,Wind Offshore,2026-08-01T08:46:56Z
2026-08-01T08:44:53Z,2026-08-01T10:44:53+0200,ec999b8f-4b0e-4160-bee3-118ddd8c6904,2026-07-06T00:45:00Z,2026-07-06T02:45:00+0200,3417.107,MW,DE,DE_LU,actual_offshore_wind_generation,Wind Offshore,2026-08-01T08:46:56Z
2026-08-01T08:44:53Z,2026-08-01T10:44:53+0200,ec999b8f-4b0e-4160-bee3-118ddd8c6904,2026-07-06T01:00:00Z,2026-07-06T03:00:00+0200,3357.135,MW,DE,DE_LU,actual_offshore_wind_generation,Wind Offshore,2026-08-01T08:46:56Z
2026-08-01T08:44:53Z,2026-08-01T10:44:53+0200,ec999b8f-4b0e-4160-bee3-118ddd8c6904,2026-07-06T01:15:00Z,2026-07-06T03:15:00+0200,3546.672,MW,DE,DE_LU,actual_offshore_wind_generation,Wind Offshore,2026-08-01T08:46:56Z
2026-08-01T08:44:53Z,2026-08-01T10:44:53+0200,ec999b8f-4b0e-4160-bee3-118ddd8c6904,2026-07-06T01:30:00Z,2026-07-06T03:30:00+0200,3663.555,MW,DE,DE_LU,actual_offshore_wind_generation,Wind Offshore,2026-08-01T08:46:56Z
2026-08-01T08:44:53Z,2026-08-01T10:44:53+0200,ec999b8f-4b0e-4160-bee3-118ddd8c6904,2026-07-06T01:45:00Z,2026-07-06T03:45:00+0200,3709.213,MW,DE,DE_LU,actual_offshore_wind_generation,Wind Offshore,2026-08-01T08:46:56Z
2026-08-01T08:44:53Z,2026-08-01T10:44:53+0200,ec999b8f-4b0e-4160-bee3-118ddd8c6904,2026-07-06T02:00:00Z,2026-07-06T04:00:00+0200,3961.771,MW,DE,DE_LU,actual_offshore_wind_generation,Wind Offshore,2026-08-01T08:46:56Z
2026-08-01T08:44:53Z,2026-08-01T10:44:53+0200,ec999b8f-4b0e-4160-bee3-118ddd8c6904,2026-07-06T02:15:00Z,2026-07-06T04:15:00+0200,4321.784,MW,DE,DE_LU,actual_offshore_wind_generation,Wind Offshore,2026-08-01T08:46:56Z
2026-08-01T08:44:53Z,2026-08-01T10:44:53+0200,ec999b8f-4b0e-4160-bee3-118ddd8c6904,2026-07-06T02:30:00Z,2026-07-06T04:30:00+0200,4676.929,MW,DE,DE_LU,actual_offshore_wind_generation,Wind Offshore,2026-08-01T08:46:56Z
2026-08-01T08:44:53Z,2026-08-01T10:44:53+0200,ec999b8f-4b0e-4160-bee3-118ddd8c6904,2026-07-06T02:45:00Z,2026-07-06T04:45:00+0200,5205.233,MW,DE,DE_LU,actual_offshore_wind_generation,Wind Offshore,2026-08-01T08:46:56Z
2026-08-01T08:44:53Z,2026-08-01T10:44:53+0200,ec999b8f-4b0e-4160-bee3-118ddd8c6904,2026-07-06T03:00:00Z,2026-07-06T05:00:00+0200,5618.502,MW,DE,DE_LU,actual_offshore_wind_generation,Wind Offshore,2026-08-01T08:46:56Z
2026-08-01T08:44:53Z,2026-08-01T10:44:53+0200,ec999b8f-4b0e-4160-bee3-118ddd8c6904,2026-07-06T03:15:00Z,2026-07-06T05:15:00+0200,5986.735,MW,DE,DE_LU,actual_offshore_wind_generation,Wind Offshore,2026-08-01T08:46:56Z
2026-08-01T08:44:53Z,2026-08-01T10:44:53+0200,ec999b8f-4b0e-4160-bee3-118ddd8c6904,2026-07-06T03:30:00Z,2026-07-06T05:30:00+0200,6366.649,MW,DE,DE_LU,actual_offshore_wind_generation,Wind Offshore,2026-08-01T08:46:56Z
2026-08-01T08:44:53Z,2026-08-01T10:44:53+0200,ec999b8f-4b0e-4160-bee3-118ddd8c6904,2026-07-06T03:45:00Z,2026-07-06T05:45:00+0200,6596.758,MW,DE,DE_LU,actual_offshore_wind_generation,Wind Offshore,2026-08-01T08:46:56Z
2026-08-01T08:44:53Z,2026-08-01T10:44:53+0200,ec999b8f-4b0e-4160-bee3-118ddd8c6904,2026-07-06T04:00:00Z,2026-07-06T06:00:00+0200,6402.485,MW,DE,DE_LU,actual_offshore_wind_generation,Wind Offshore,2026-08-01T08:46:56Z
2026-08-01T08:44:53Z,2026-08-01T10:44:53+0200,ec999b8f-4b0e-4160-bee3-118ddd8c6904,2026-07-06T04:15:00Z,2026-07-06T06:15:00+0200,6442.688,MW,DE,DE_LU,actual_offshore_wind_generation,Wind Offshore,2026-08-01T08:46:56Z
2026-08-01T08:44:53Z,2026-08-01T10:44:53+0200,ec999b8f-4b0e-4160-bee3-118ddd8c6904,2026-07-06T04:30:00Z,2026-07-06T06:30:00+0200,6467.609,MW,DE,DE_LU,actual_offshore_wind_generation,Wind Offshore,2026-08-01T08:46:56Z
2026-08-01T08:44:53Z,2026-08-01T10:44:53+0200,ec999b8f-4b0e-4160-bee3-118ddd8c6904,2026-07-06T04:45:00Z,2026-07-06T06:45:00+0200,6509.144,MW,DE,DE_LU,actual_offshore_wind_generation,Wind Offshore,2026-08-01T08:46:56Z
2026-08-01T08:44:53Z,2026-08-01T10:44:53+0200,ec999b8f-4b0e-4160-bee3-118ddd8c6904,2026-07-06T05:00:00Z,2026-07-06T07:00:00+0200,6592.888,MW,DE,DE_LU,actual_offshore_wind_generation,Wind Offshore,2026-08-01T08:46:56Z
2026-08-01T08:44:53Z,2026-08-01T10:44:53+0200,ec999b8f-4b0e-4160-bee3-118ddd8c6904,2026-07-06T05:15:00Z,2026-07-06T07:15:00+0200,6759.802,MW,DE,DE_LU,actual_offshore_wind_generation,Wind Offshore,2026-08-01T08:46:56Z
2026-08-01T08:44:53Z,2026-08-01T10:44:53+0200,ec999b8f-4b0e-4160-bee3-118ddd8c6904,2026-07-06T05:30:00Z,2026-07-06T07:30:00+0200,6773.174,MW,DE,DE_LU,actual_offshore_wind_generation,Wind Offshore,2026-08-01T08:46:56Z
2026-08-01T08:44:53Z,2026-08-01T10:44:53+0200,ec999b8f-4b0e-4160-bee3-118ddd8c6904,2026-07-06T05:45:00Z,2026-07-06T07:45:00+0200,6813.052,MW,DE,DE_LU,actual_offshore_wind_generation,Wind Offshore,2026-08-01T08:46:56Z
2026-08-01T08:44:53Z,2026-08-01T10:44:53+0200,ec999b8f-4b0e-4160-bee3-118ddd8c6904,2026-07-06T06:00:00Z,2026-07-06T08:00:00+0200,6880.444,MW,DE,DE_LU,actual_offshore_wind_generation,Wind Offshore,2026-08-01T08:46:56Z
2026-08-01T08:44:53Z,2026-08-01T10:44:53+0200,ec999b8f-4b0e-4160-bee3-118ddd8c6904,2026-07-06T06:15:00Z,2026-07-06T08:15:00+0200,6953.575,MW,DE,DE_LU,actual_offshore_wind_generation,Wind Offshore,2026-08-01T08:46:56Z
2026-08-01T08:44:53Z,2026-08-01T10:44:53+0200,ec999b8f-4b0e-4160-bee3-118ddd8c6904,2026-07-06T06:30:00Z,2026-07-06T08:30:00+0200,7118.896,MW,DE,DE_LU,actual_offshore_wind_generation,Wind Offshore,2026-08-01T08:46:56Z
2026-08-01T08:44:53Z,2026-08-01T10:44:53+0200,ec999b8f-4b0e-4160-bee3-118ddd8c6904,2026-07-06T06:45:00Z,2026-07-06T08:45:00+0200,7149.686,MW,DE,DE_LU,actual_offshore_wind_generation,Wind Offshore,2026-08-01T08:46:56Z
2026-08-01T08:44:53Z,2026-08-01T10:44:53+0200,ec999b8f-4b0e-4160-bee3-118ddd8c6904,2026-07-06T07:00:00Z,2026-07-06T09:00:00+0200,7089.821,MW,DE,DE_LU,actual_offshore_wind_generation,Wind Offshore,2026-08-01T08:46:56Z
2026-08-01T08:44:53Z,2026-08-01T10:44:53+0200,ec999b8f-4b0e-4160-bee3-118ddd8c6904,2026-07-06T07:15:00Z,2026-07-06T09:15:00+0200,7160.037,MW,DE,DE_LU,actual_offshore_wind_generation,Wind Offshore,2026-08-01T08:46:56Z
2026-08-01T08:44:53Z,2026-08-01T10:44:53+0200,ec999b8f-4b0e-4160-bee3-118ddd8c6904,2026-07-06T07:30:00Z,2026-07-06T09:30:00+0200,7023.057,MW,DE,DE_LU,actual_offshore_wind_generation,Wind Offshore,2026-08-01T08:46:56Z
2026-08-01T08:44:53Z,2026-08-01T10:44:53+0200,ec999b8f-4b0e-4160-bee3-118ddd8c6904,2026-07-06T07:45:00Z,2026-07-06T09:45:00+0200,6942.966,MW,DE,DE_LU,actual_offshore_wind_generation,Wind Offshore,2026-08-01T08:46:56Z
2026-08-01T08:44:53Z,2026-08-01T10:44:53+0200,ec999b8f-4b0e-4160-bee3-118ddd8c6904,2026-07-06T08:00:00Z,2026-07-06T10:00:00+0200,6834.493,MW,DE,DE_LU,actual_offshore_wind_generation,Wind Offshore,2026-08-01T08:46:56Z
2026-08-01T08:44:53Z,2026-08-01T10:44:53+0200,ec999b8f-4b0e-4160-bee3-118ddd8c6904,2026-07-06T08:15:00Z,2026-07-06T10:15:00+0200,7075.153,MW,DE,DE_LU,actual_offshore_wind_generation,Wind Offshore,2026-08-01T08:46:56Z
2026-08-01T08:44:53Z,2026-08-01T10:44:53+0200,ec999b8f-4b0e-4160-bee3-118ddd8c6904,2026-07-06T08:30:00Z,2026-07-06T10:30:00+0200,7127.227,MW,DE,DE_LU,actual_offshore_wind_generation,Wind Offshore,2026-08-01T08:46:56Z
2026-08-01T08:44:53Z,2026-08-01T10:44:53+0200,ec999b8f-4b0e-4160-bee3-118ddd8c6904,2026-07-06T08:45:00Z,2026-07-06T10:45:00+0200,7038.652,MW,DE,DE_LU,actual_offshore_wind_generation,Wind Offshore,2026-08-01T08:46:56Z
2026-08-01T08:44:53Z,2026-08-01T10:44:53+0200,ec999b8f-4b0e-4160-bee3-118ddd8c6904,2026-07-06T09:00:00Z,2026-07-06T11:00:00+0200,7060.718,MW,DE,DE_LU,actual_offshore_wind_generation,Wind Offshore,2026-08-01T08:46:56Z
2026-08-01T08:44:53Z,2026-08-01T10:44:53+0200,ec999b8f-4b0e-4160-bee3-118ddd8c6904,2026-07-06T09:15:00Z,2026-07-06T11:15:00+0200,7014.741,MW,DE,DE_LU,actual_offshore_wind_generation,Wind Offshore,2026-08-01T08:46:56Z
2026-08-01T08:44:53Z,2026-08-01T10:44:53+0200,ec999b8f-4b0e-4160-bee3-118ddd8c6904,2026-07-06T09:30:00Z,2026-07-06T11:30:00+0200,6870.18,MW,DE,DE_LU,actual_offshore_wind_generation,Wind Offshore,2026-08-01T08:46:56Z
2026-08-01T08:44:53Z,2026-08-01T10:44:53+0200,ec999b8f-4b0e-4160-bee3-118ddd8c6904,2026-07-06T09:45:00Z,2026-07-06T11:45:00+0200,6685.922,MW,DE,DE_LU,actual_offshore_wind_generation,Wind Offshore,2026-08-01T08:46:56Z
2026-08-01T08:44:53Z,2026-08-01T10:44:53+0200,ec999b8f-4b0e-4160-bee3-118ddd8c6904,2026-07-06T10:00:00Z,2026-07-06T12:00:00+0200,6115.144,MW,DE,DE_LU,actual_offshore_wind_generation,Wind Offshore,2026-08-01T08:46:56Z
2026-08-01T08:44:53Z,2026-08-01T10:44:53+0200,ec999b8f-4b0e-4160-bee3-118ddd8c6904,2026-07-06T10:15:00Z,2026-07-06T12:15:00+0200,5947.419,MW,DE,DE_LU,actual_offshore_wind_generation,Wind Offshore,2026-08-01T08:46:56Z
2026-08-01T08:44:53Z,2026-08-01T10:44:53+0200,ec999b8f-4b0e-4160-bee3-118ddd8c6904,2026-07-06T10:30:00Z,2026-07-06T12:30:00+0200,5566.791,MW,DE,DE_LU,actual_offshore_wind_generation,Wind Offshore,2026-08-01T08:46:56Z
2026-08-01T08:44:53Z,2026-08-01T10:44:53+0200,ec999b8f-4b0e-4160-bee3-118ddd8c6904,2026-07-06T10:45:00Z,2026-07-06T12:45:00+0200,5342.261,MW,DE,DE_LU,actual_offshore_wind_generation,Wind Offshore,2026-08-01T08:46:56Z
2026-08-01T08:44:53Z,2026-08-01T10:44:53+0200,ec999b8f-4b0e-4160-bee3-118ddd8c6904,2026-07-06T11:00:00Z,2026-07-06T13:00:00+0200,5215.696,MW,DE,DE_LU,actual_offshore_wind_generation,Wind Offshore,2026-08-01T08:46:56Z
2026-08-01T08:44:53Z,2026-08-01T10:44:53+0200,ec999b8f-4b0e-4160-bee3-118ddd8c6904,2026-07-06T11:15:00Z,2026-07-06T13:15:00+0200,5376.737,MW,DE,DE_LU,actual_offshore_wind_generation,Wind Offshore,2026-08-01T08:46:56Z
2026-08-01T08:44:53Z,2026-08-01T10:44:53+0200,ec999b8f-4b0e-4160-bee3-118ddd8c6904,2026-07-06T11:30:00Z,2026-07-06T13:30:00+0200,5336.078,MW,DE,DE_LU,actual_offshore_wind_generation,Wind Offshore,2026-08-01T08:46:56Z
2026-08-01T08:44:53Z,2026-08-01T10:44:53+0200,ec999b8f-4b0e-4160-bee3-118ddd8c6904,2026-07-06T11:45:00Z,2026-07-06T13:45:00+0200,5205.074,MW,DE,DE_LU,actual_offshore_wind_generation,Wind Offshore,2026-08-01T08:46:56Z
2026-08-01T08:44:53Z,2026-08-01T10:44:53+0200,ec999b8f-4b0e-4160-bee3-118ddd8c6904,2026-07-06T12:00:00Z,2026-07-06T14:00:00+0200,4967.449,MW,DE,DE_LU,actual_offshore_wind_generation,Wind Offshore,2026-08-01T08:46:56Z
2026-08-01T08:44:53Z,2026-08-01T10:44:53+0200,ec999b8f-4b0e-4160-bee3-118ddd8c6904,2026-07-06T12:15:00Z,2026-07-06T14:15:00+0200,5288.17,MW,DE,DE_LU,actual_offshore_wind_generation,Wind Offshore,2026-08-01T08:46:56Z
2026-08-01T08:44:53Z,2026-08-01T10:44:53+0200,ec999b8f-4b0e-4160-bee3-118ddd8c6904,2026-07-06T12:30:00Z,2026-07-06T14:30:00+0200,5262.11,MW,DE,DE_LU,actual_offshore_wind_generation,Wind Offshore,2026-08-01T08:46:56Z
2026-08-01T08:44:53Z,2026-08-01T10:44:53+0200,ec999b8f-4b0e-4160-bee3-118ddd8c6904,2026-07-06T12:45:00Z,2026-07-06T14:45:00+0200,5308.394,MW,DE,DE_LU,actual_offshore_wind_generation,Wind Offshore,2026-08-01T08:46:56Z
2026-08-01T08:44:53Z,2026-08-01T10:44:53+0200,ec999b8f-4b0e-4160-bee3-118ddd8c6904,2026-07-06T13:00:00Z,2026-07-06T15:00:00+0200,5302.406,MW,DE,DE_LU,actual_offshore_wind_generation,Wind Offshore,2026-08-01T08:46:56Z
2026-08-01T08:44:53Z,2026-08-01T10:44:53+0200,ec999b8f-4b0e-4160-bee3-118ddd8c6904,2026-07-06T13:15:00Z,2026-07-06T15:15:00+0200,5495.259,MW,DE,DE_LU,actual_offshore_wind_generation,Wind Offshore,2026-08-01T08:46:56Z
2026-08-01T08:44:53Z,2026-08-01T10:44:53+0200,ec999b8f-4b0e-4160-bee3-118ddd8c6904,2026-07-06T13:30:00Z,2026-07-06T15:30:00+0200,5704.672,MW,DE,DE_LU,actual_offshore_wind_generation,Wind Offshore,2026-08-01T08:46:56Z
2026-08-01T08:44:53Z,2026-08-01T10:44:53+0200,ec999b8f-4b0e-4160-bee3-118ddd8c6904,2026-07-06T13:45:00Z,2026-07-06T15:45:00+0200,5426.014,MW,DE,DE_LU,actual_offshore_wind_generation,Wind Offshore,2026-08-01T08:46:56Z
2026-08-01T08:44:53Z,2026-08-01T10:44:53+0200,ec999b8f-4b0e-4160-bee3-118ddd8c6904,2026-07-06T14:00:00Z,2026-07-06T16:00:00+0200,5395.862,MW,DE,DE_LU,actual_offshore_wind_generation,Wind Offshore,2026-08-01T08:46:56Z
2026-08-01T08:44:53Z,2026-08-01T10:44:53+0200,ec999b8f-4b0e-4160-bee3-118ddd8c6904,2026-07-06T14:15:00Z,2026-07-06T16:15:00+0200,5543.629,MW,DE,DE_LU,actual_offshore_wind_generation,Wind Offshore,2026-08-01T08:46:56Z
2026-08-01T08:44:53Z,2026-08-01T10:44:53+0200,ec999b8f-4b0e-4160-bee3-118ddd8c6904,2026-07-06T14:30:00Z,2026-07-06T16:30:00+0200,5807.466,MW,DE,DE_LU,actual_offshore_wind_generation,Wind Offshore,2026-08-01T08:46:56Z
2026-08-01T08:44:53Z,2026-08-01T10:44:53+0200,ec999b8f-4b0e-4160-bee3-118ddd8c6904,2026-07-06T14:45:00Z,2026-07-06T16:45:00+0200,5883.638,MW,DE,DE_LU,actual_offshore_wind_generation,Wind Offshore,2026-08-01T08:46:56Z
2026-08-01T08:44:53Z,2026-08-01T10:44:53+0200,ec999b8f-4b0e-4160-bee3-118ddd8c6904,2026-07-06T15:00:00Z,2026-07-06T17:00:00+0200,6610.243,MW,DE,DE_LU,actual_offshore_wind_generation,Wind Offshore,2026-08-01T08:46:56Z
2026-08-01T08:44:53Z,2026-08-01T10:44:53+0200,ec999b8f-4b0e-4160-bee3-118ddd8c6904,2026-07-06T15:15:00Z,2026-07-06T17:15:00+0200,6475.019,MW,DE,DE_LU,actual_offshore_wind_generation,Wind Offshore,2026-08-01T08:46:56Z
2026-08-01T08:44:53Z,2026-08-01T10:44:53+0200,ec999b8f-4b0e-4160-bee3-118ddd8c6904,2026-07-06T15:30:00Z,2026-07-06T17:30:00+0200,6315.524,MW,DE,DE_LU,actual_offshore_wind_generation,Wind Offshore,2026-08-01T08:46:56Z
2026-08-01T08:44:53Z,2026-08-01T10:44:53+0200,ec999b8f-4b0e-4160-bee3-118ddd8c6904,2026-07-06T15:45:00Z,2026-07-06T17:45:00+0200,6131.744,MW,DE,DE_LU,actual_offshore_wind_generation,Wind Offshore,2026-08-01T08:46:56Z
2026-08-01T08:44:53Z,2026-08-01T10:44:53+0200,ec999b8f-4b0e-4160-bee3-118ddd8c6904,2026-07-06T16:00:00Z,2026-07-06T18:00:00+0200,6791.599,MW,DE,DE_LU,actual_offshore_wind_generation,Wind Offshore,2026-08-01T08:46:56Z
2026-08-01T08:44:53Z,2026-08-01T10:44:53+0200,ec999b8f-4b0e-4160-bee3-118ddd8c6904,2026-07-06T16:15:00Z,2026-07-06T18:15:00+0200,6610.992,MW,DE,DE_LU,actual_offshore_wind_generation,Wind Offshore,2026-08-01T08:46:56Z
2026-08-01T08:44:53Z,2026-08-01T10:44:53+0200,ec999b8f-4b0e-4160-bee3-118ddd8c6904,2026-07-06T16:30:00Z,2026-07-06T18:30:00+0200,6501.818,MW,DE,DE_LU,actual_offshore_wind_generation,Wind Offshore,2026-08-01T08:46:56Z
2026-08-01T08:44:53Z,2026-08-01T10:44:53+0200,ec999b8f-4b0e-4160-bee3-118ddd8c6904,2026-07-06T16:45:00Z,2026-07-06T18:45:00+0200,6292.028,MW,DE,DE_LU,actual_offshore_wind_generation,Wind Offshore,2026-08-01T08:46:56Z
2026-08-01T08:44:53Z,2026-08-01T10:44:53+0200,ec999b8f-4b0e-4160-bee3-118ddd8c6904,2026-07-06T17:00:00Z,2026-07-06T19:00:00+0200,6456.072,MW,DE,DE_LU,actual_offshore_wind_generation,Wind Offshore,2026-08-01T08:46:56Z
2026-08-01T08:44:53Z,2026-08-01T10:44:53+0200,ec999b8f-4b0e-4160-bee3-118ddd8c6904,2026-07-06T17:15:00Z,2026-07-06T19:15:00+0200,6419.248,MW,DE,DE_LU,actual_offshore_wind_generation,Wind Offshore,2026-08-01T08:46:56Z
2026-08-01T08:44:53Z,2026-08-01T10:44:53+0200,ec999b8f-4b0e-4160-bee3-118ddd8c6904,2026-07-06T17:30:00Z,2026-07-06T19:30:00+0200,6191.203,MW,DE,DE_LU,actual_offshore_wind_generation,Wind Offshore,2026-08-01T08:46:56Z
2026-08-01T08:44:53Z,2026-08-01T10:44:53+0200,ec999b8f-4b0e-4160-bee3-118ddd8c6904,2026-07-06T17:45:00Z,2026-07-06T19:45:00+0200,5669.567,MW,DE,DE_LU,actual_offshore_wind_generation,Wind Offshore,2026-08-01T08:46:56Z
2026-08-01T08:44:53Z,2026-08-01T10:44:53+0200,ec999b8f-4b0e-4160-bee3-118ddd8c6904,2026-07-06T18:00:00Z,2026-07-06T20:00:00+0200,5372.087,MW,DE,DE_LU,actual_offshore_wind_generation,Wind Offshore,2026-08-01T08:46:56Z
2026-08-01T08:44:53Z,2026-08-01T10:44:53+0200,ec999b8f-4b0e-4160-bee3-118ddd8c6904,2026-07-06T18:15:00Z,2026-07-06T20:15:00+0200,5078.33,MW,DE,DE_LU,actual_offshore_wind_generation,Wind Offshore,2026-08-01T08:46:56Z
2026-08-01T08:44:53Z,2026-08-01T10:44:53+0200,ec999b8f-4b0e-4160-bee3-118ddd8c6904,2026-07-06T18:30:00Z,2026-07-06T20:30:00+0200,4696.879,MW,DE,DE_LU,actual_offshore_wind_generation,Wind Offshore,2026-08-01T08:46:56Z
2026-08-01T08:44:53Z,2026-08-01T10:44:53+0200,ec999b8f-4b0e-4160-bee3-118ddd8c6904,2026-07-06T18:45:00Z,2026-07-06T20:45:00+0200,4333.288,MW,DE,DE_LU,actual_offshore_wind_generation,Wind Offshore,2026-08-01T08:46:56Z
2026-08-01T08:44:53Z,2026-08-01T10:44:53+0200,ec999b8f-4b0e-4160-bee3-118ddd8c6904,2026-07-06T19:00:00Z,2026-07-06T21:00:00+0200,4476.225,MW,DE,DE_LU,actual_offshore_wind_generation,Wind Offshore,2026-08-01T08:46:56Z
2026-08-01T08:44:53Z,2026-08-01T10:44:53+0200,ec999b8f-4b0e-4160-bee3-118ddd8c6904,2026-07-06T19:15:00Z,2026-07-06T21:15:00+0200,4474.325,MW,DE,DE_LU,actual_offshore_wind_generation,Wind Offshore,2026-08-01T08:46:56Z
2026-08-01T08:44:53Z,2026-08-01T10:44:53+0200,ec999b8f-4b0e-4160-bee3-118ddd8c6904,2026-07-06T19:30:00Z,2026-07-06T21:30:00+0200,4434.569,MW,DE,DE_LU,actual_offshore_wind_generation,Wind Offshore,2026-08-01T08:46:56Z
2026-08-01T08:44:53Z,2026-08-01T10:44:53+0200,ec999b8f-4b0e-4160-bee3-118ddd8c6904,2026-07-06T19:45:00Z,2026-07-06T21:45:00+0200,4381.229,MW,DE,DE_LU,actual_offshore_wind_generation,Wind Offshore,2026-08-01T08:46:56Z
2026-08-01T08:44:53Z,2026-08-01T10:44:53+0200,ec999b8f-4b0e-4160-bee3-118ddd8c6904,2026-07-06T20:00:00Z,2026-07-06T22:00:00+0200,4503.188,MW,DE,DE_LU,actual_offshore_wind_generation,Wind Offshore,2026-08-01T08:46:56Z
2026-08-01T08:44:53Z,2026-08-01T10:44:53+0200,ec999b8f-4b0e-4160-bee3-118ddd8c6904,2026-07-06T20:15:00Z,2026-07-06T22:15:00+0200,4552.783,MW,DE,DE_LU,actual_offshore_wind_generation,Wind Offshore,2026-08-01T08:46:56Z
2026-08-01T08:44:53Z,2026-08-01T10:44:53+0200,ec999b8f-4b0e-4160-bee3-118ddd8c6904,2026-07-06T20:30:00Z,2026-07-06T22:30:00+0200,4749.85,MW,DE,DE_LU,actual_offshore_wind_generation,Wind Offshore,2026-08-01T08:46:56Z
2026-08-01T08:44:53Z,2026-08-01T10:44:53+0200,ec999b8f-4b0e-4160-bee3-118ddd8c6904,2026-07-06T20:45:00Z,2026-07-06T22:45:00+0200,4762.811,MW,DE,DE_LU,actual_offshore_wind_generation,Wind Offshore,2026-08-01T08:46:56Z
2026-08-01T08:44:53Z,2026-08-01T10:44:53+0200,ec999b8f-4b0e-4160-bee3-118ddd8c6904,2026-07-06T21:00:00Z,2026-07-06T23:00:00+0200,4752.382,MW,DE,DE_LU,actual_offshore_wind_generation,Wind Offshore,2026-08-01T08:46:56Z
2026-08-01T08:44:53Z,2026-08-01T10:44:53+0200,ec999b8f-4b0e-4160-bee3-118ddd8c6904,2026-07-06T21:15:00Z,2026-07-06T23:15:00+0200,4594.106,MW,DE,DE_LU,actual_offshore_wind_generation,Wind Offshore,2026-08-01T08:46:56Z
2026-08-01T08:44:53Z,2026-08-01T10:44:53+0200,ec999b8f-4b0e-4160-bee3-118ddd8c6904,2026-07-06T21:30:00Z,2026-07-06T23:30:00+0200,4542.431,MW,DE,DE_LU,actual_offshore_wind_generation,Wind Offshore,2026-08-01T08:46:56Z
2026-08-01T08:44:53Z,2026-08-01T10:44:53+0200,ec999b8f-4b0e-4160-bee3-118ddd8c6904,2026-07-06T21:45:00Z,2026-07-06T23:45:00+0200,4639.44,MW,DE,DE_LU,actual_offshore_wind_generation,Wind Offshore,2026-08-01T08:46:56Z
2026-08-01T08:44:53Z,2026-08-01T10:44:53+0200,ec999b8f-4b0e-4160-bee3-118ddd8c6904,2026-07-06T22:00:00Z,2026-07-07T00:00:00+0200,4887.829,MW,DE,DE_LU,actual_offshore_wind_generation,Wind Offshore,2026-08-01T08:46:56Z
2026-08-01T08:44:53Z,2026-08-01T10:44:53+0200,ec999b8f-4b0e-4160-bee3-118ddd8c6904,2026-07-06T22:15:00Z,2026-07-07T00:15:00+0200,5013.569,MW,DE,DE_LU,actual_offshore_wind_generation,Wind Offshore,2026-08-01T08:46:56Z
2026-08-01T08:44:53Z,2026-08-01T10:44:53+0200,ec999b8f-4b0e-4160-bee3-118ddd8c6904,2026-07-06T22:30:00Z,2026-07-07T00:30:00+0200,5211.432,MW,DE,DE_LU,actual_offshore_wind_generation,Wind Offshore,2026-08-01T08:46:56Z
2026-08-01T08:44:53Z,2026-08-01T10:44:53+0200,ec999b8f-4b0e-4160-bee3-118ddd8c6904,2026-07-06T22:45:00Z,2026-07-07T00:45:00+0200,5487.629,MW,DE,DE_LU,actual_offshore_wind_generation,Wind Offshore,2026-08-01T08:46:56Z
2026-08-01T08:44:53Z,2026-08-01T10:44:53+0200,ec999b8f-4b0e-4160-bee3-118ddd8c6904,2026-07-06T23:00:00Z,2026-07-07T01:00:00+0200,5712.554,MW,DE,DE_LU,actual_offshore_wind_generation,Wind Offshore,2026-08-01T08:46:56Z
2026-08-01T08:44:53Z,2026-08-01T10:44:53+0200,ec999b8f-4b0e-4160-bee3-118ddd8c6904,2026-07-06T23:15:00Z,2026-07-07T01:15:00+0200,6308.82,MW,DE,DE_LU,actual_offshore_wind_generation,Wind Offshore,2026-08-01T08:46:56Z
2026-08-01T08:44:53Z,2026-08-01T10:44:53+0200,ec999b8f-4b0e-4160-bee3-118ddd8c6904,2026-07-06T23:30:00Z,2026-07-07T01:30:00+0200,6669.307,MW,DE,DE_LU,actual_offshore_wind_generation,Wind Offshore,2026-08-01T08:46:56Z
2026-08-01T08:44:53Z,2026-08-01T10:44:53+0200,ec999b8f-4b0e-4160-bee3-118ddd8c6904,2026-07-06T23:45:00Z,2026-07-07T01:45:00+0200,6860.732,MW,DE,DE_LU,actual_offshore_wind_generation,Wind Offshore,2026-08-01T08:46:56Z
2026-08-01T08:44:53Z,2026-08-01T10:44:53+0200,ec999b8f-4b0e-4160-bee3-118ddd8c6904,2026-07-07T00:00:00Z,2026-07-07T02:00:00+0200,6665.244,MW,DE,DE_LU,actual_offshore_wind_generation,Wind Offshore,2026-08-01T08:46:56Z
2026-08-01T08:44:53Z,2026-08-01T10:44:53+0200,ec999b8f-4b0e-4160-bee3-118ddd8c6904,2026-07-07T00:15:00Z,2026-07-07T02:15:00+0200,6550.458,MW,DE,DE_LU,actual_offshore_wind_generation,Wind Offshore,2026-08-01T08:46:56Z
2026-08-01T08:44:53Z,2026-08-01T10:44:53+0200,ec999b8f-4b0e-4160-bee3-118ddd8c6904,2026-07-07T00:30:00Z,2026-07-07T02:30:00+0200,6748.744,MW,DE,DE_LU,actual_offshore_wind_generation,Wind Offshore,2026-08-01T08:46:56Z
2026-08-01T08:44:53Z,2026-08-01T10:44:53+0200,ec999b8f-4b0e-4160-bee3-118ddd8c6904,2026-07-07T00:45:00Z,2026-07-07T02:45:00+0200,6765.843,MW,DE,DE_LU,actual_offshore_wind_generation,Wind Offshore,2026-08-01T08:46:56Z
2026-08-01T08:44:53Z,2026-08-01T10:44:53+0200,ec999b8f-4b0e-4160-bee3-118ddd8c6904,2026-07-07T01:00:00Z,2026-07-07T03:00:00+0200,6706.402,MW,DE,DE_LU,actual_offshore_wind_generation,Wind Offshore,2026-08-01T08:46:56Z
2026-08-01T08:44:53Z,2026-08-01T10:44:53+0200,ec999b8f-4b0e-4160-bee3-118ddd8c6904,2026-07-07T01:15:00Z,2026-07-07T03:15:00+0200,6524.863,MW,DE,DE_LU,actual_offshore_wind_generation,Wind Offshore,2026-08-01T08:46:56Z
2026-08-01T08:44:53Z,2026-08-01T10:44:53+0200,ec999b8f-4b0e-4160-bee3-118ddd8c6904,2026-07-07T01:30:00Z,2026-07-07T03:30:00+0200,6381.016,MW,DE,DE_LU,actual_offshore_wind_generation,Wind Offshore,2026-08-01T08:46:56Z
2026-08-01T08:44:53Z,2026-08-01T10:44:53+0200,ec999b8f-4b0e-4160-bee3-118ddd8c6904,2026-07-07T01:45:00Z,2026-07-07T03:45:00+0200,6167.166,MW,DE,DE_LU,actual_offshore_wind_generation,Wind Offshore,2026-08-01T08:46:56Z
2026-08-01T08:44:53Z,2026-08-01T10:44:53+0200,ec999b8f-4b0e-4160-bee3-118ddd8c6904,2026-07-07T02:00:00Z,2026-07-07T04:00:00+0200,5964.148,MW,DE,DE_LU,actual_offshore_wind_generation,Wind Offshore,2026-08-01T08:46:56Z
2026-08-01T08:44:53Z,2026-08-01T10:44:53+0200,ec999b8f-4b0e-4160-bee3-118ddd8c6904,2026-07-07T02:15:00Z,2026-07-07T04:15:00+0200,5955.669,MW,DE,DE_LU,actual_offshore_wind_generation,Wind Offshore,2026-08-01T08:46:56Z
2026-08-01T08:44:53Z,2026-08-01T10:44:53+0200,ec999b8f-4b0e-4160-bee3-118ddd8c6904,2026-07-07T02:30:00Z,2026-07-07T04:30:00+0200,6066.418,MW,DE,DE_LU,actual_offshore_wind_generation,Wind Offshore,2026-08-01T08:46:56Z
2026-08-01T08:44:53Z,2026-08-01T10:44:53+0200,ec999b8f-4b0e-4160-bee3-118ddd8c6904,2026-07-07T02:45:00Z,2026-07-07T04:45:00+0200,6128.579,MW,DE,DE_LU,actual_offshore_wind_generation,Wind Offshore,2026-08-01T08:46:56Z
2026-08-01T08:44:53Z,2026-08-01T10:44:53+0200,ec999b8f-4b0e-4160-bee3-118ddd8c6904,2026-07-07T03:00:00Z,2026-07-07T05:00:00+0200,5933.587,MW,DE,DE_LU,actual_offshore_wind_generation,Wind Offshore,2026-08-01T08:46:56Z
2026-08-01T08:44:53Z,2026-08-01T10:44:53+0200,ec999b8f-4b0e-4160-bee3-118ddd8c6904,2026-07-07T03:15:00Z,2026-07-07T05:15:00+0200,5856.459,MW,DE,DE_LU,actual_offshore_wind_generation,Wind Offshore,2026-08-01T08:46:56Z
2026-08-01T08:44:53Z,2026-08-01T10:44:53+0200,ec999b8f-4b0e-4160-bee3-118ddd8c6904,2026-07-07T03:30:00Z,2026-07-07T05:30:00+0200,5894.0,MW,DE,DE_LU,actual_offshore_wind_generation,Wind Offshore,2026-08-01T08:46:56Z
2026-08-01T08:44:53Z,2026-08-01T10:44:53+0200,ec999b8f-4b0e-4160-bee3-118ddd8c6904,2026-07-07T03:45:00Z,2026-07-07T05:45:00+0200,5985.652,MW,DE,DE_LU,actual_offshore_wind_generation,Wind Offshore,2026-08-01T08:46:56Z
2026-08-01T08:44:53Z,2026-08-01T10:44:53+0200,ec999b8f-4b0e-4160-bee3-118ddd8c6904,2026-07-07T04:00:00Z,2026-07-07T06:00:00+0200,5482.443,MW,DE,DE_LU,actual_offshore_wind_generation,Wind Offshore,2026-08-01T08:46:56Z
2026-08-01T08:44:53Z,2026-08-01T10:44:53+0200,ec999b8f-4b0e-4160-bee3-118ddd8c6904,2026-07-07T04:15:00Z,2026-07-07T06:15:00+0200,5179.56,MW,DE,DE_LU,actual_offshore_wind_generation,Wind Offshore,2026-08-01T08:46:56Z
2026-08-01T08:44:53Z,2026-08-01T10:44:53+0200,ec999b8f-4b0e-4160-bee3-118ddd8c6904,2026-07-07T04:30:00Z,2026-07-07T06:30:00+0200,5056.471,MW,DE,DE_LU,actual_offshore_wind_generation,Wind Offshore,2026-08-01T08:46:56Z
2026-08-01T08:44:53Z,2026-08-01T10:44:53+0200,ec999b8f-4b0e-4160-bee3-118ddd8c6904,2026-07-07T04:45:00Z,2026-07-07T06:45:00+0200,4932.111,MW,DE,DE_LU,actual_offshore_wind_generation,Wind Offshore,2026-08-01T08:46:56Z
2026-08-01T08:44:53Z,2026-08-01T10:44:53+0200,ec999b8f-4b0e-4160-bee3-118ddd8c6904,2026-07-07T05:00:00Z,2026-07-07T07:00:00+0200,5048.758,MW,DE,DE_LU,actual_offshore_wind_generation,Wind Offshore,2026-08-01T08:46:56Z
2026-08-01T08:44:53Z,2026-08-01T10:44:53+0200,ec999b8f-4b0e-4160-bee3-118ddd8c6904,2026-07-07T05:15:00Z,2026-07-07T07:15:00+0200,5401.651,MW,DE,DE_LU,actual_offshore_wind_generation,Wind Offshore,2026-08-01T08:46:56Z
2026-08-01T08:44:53Z,2026-08-01T10:44:53+0200,ec999b8f-4b0e-4160-bee3-118ddd8c6904,2026-07-07T05:30:00Z,2026-07-07T07:30:00+0200,5752.011,MW,DE,DE_LU,actual_offshore_wind_generation,Wind Offshore,2026-08-01T08:46:56Z
2026-08-01T08:44:53Z,2026-08-01T10:44:53+0200,ec999b8f-4b0e-4160-bee3-118ddd8c6904,2026-07-07T05:45:00Z,2026-07-07T07:45:00+0200,5977.662,MW,DE,DE_LU,actual_offshore_wind_generation,Wind Offshore,2026-08-01T08:46:56Z
2026-08-01T08:44:53Z,2026-08-01T10:44:53+0200,ec999b8f-4b0e-4160-bee3-118ddd8c6904,2026-07-07T06:00:00Z,2026-07-07T08:00:00+0200,5620.145,MW,DE,DE_LU,actual_offshore_wind_generation,Wind Offshore,2026-08-01T08:46:56Z
2026-08-01T08:44:53Z,2026-08-01T10:44:53+0200,ec999b8f-4b0e-4160-bee3-118ddd8c6904,2026-07-07T06:15:00Z,2026-07-07T08:15:00+0200,5775.402,MW,DE,DE_LU,actual_offshore_wind_generation,Wind Offshore,2026-08-01T08:46:56Z
2026-08-01T08:44:53Z,2026-08-01T10:44:53+0200,ec999b8f-4b0e-4160-bee3-118ddd8c6904,2026-07-07T06:30:00Z,2026-07-07T08:30:00+0200,5821.069,MW,DE,DE_LU,actual_offshore_wind_generation,Wind Offshore,2026-08-01T08:46:56Z
2026-08-01T08:44:53Z,2026-08-01T10:44:53+0200,ec999b8f-4b0e-4160-bee3-118ddd8c6904,2026-07-07T06:45:00Z,2026-07-07T08:45:00+0200,6006.193,MW,DE,DE_LU,actual_offshore_wind_generation,Wind Offshore,2026-08-01T08:46:56Z
2026-08-01T08:44:53Z,2026-08-01T10:44:53+0200,ec999b8f-4b0e-4160-bee3-118ddd8c6904,2026-07-07T07:00:00Z,2026-07-07T09:00:00+0200,5800.396,MW,DE,DE_LU,actual_offshore_wind_generation,Wind Offshore,2026-08-01T08:46:56Z
2026-08-01T08:44:53Z,2026-08-01T10:44:53+0200,ec999b8f-4b0e-4160-bee3-118ddd8c6904,2026-07-07T07:15:00Z,2026-07-07T09:15:00+0200,6450.193,MW,DE,DE_LU,actual_offshore_wind_generation,Wind Offshore,2026-08-01T08:46:56Z
2026-08-01T08:44:53Z,2026-08-01T10:44:53+0200,ec999b8f-4b0e-4160-bee3-118ddd8c6904,2026-07-07T07:30:00Z,2026-07-07T09:30:00+0200,6471.264,MW,DE,DE_LU,actual_offshore_wind_generation,Wind Offshore,2026-08-01T08:46:56Z
2026-08-01T08:44:53Z,2026-08-01T10:44:53+0200,ec999b8f-4b0e-4160-bee3-118ddd8c6904,2026-07-07T07:45:00Z,2026-07-07T09:45:00+0200,6606.69,MW,DE,DE_LU,actual_offshore_wind_generation,Wind Offshore,2026-08-01T08:46:56Z
2026-08-01T08:44:53Z,2026-08-01T10:44:53+0200,ec999b8f-4b0e-4160-bee3-118ddd8c6904,2026-07-07T08:00:00Z,2026-07-07T10:00:00+0200,6874.129,MW,DE,DE_LU,actual_offshore_wind_generation,Wind Offshore,2026-08-01T08:46:56Z
2026-08-01T08:44:53Z,2026-08-01T10:44:53+0200,ec999b8f-4b0e-4160-bee3-118ddd8c6904,2026-07-07T08:15:00Z,2026-07-07T10:15:00+0200,7201.891,MW,DE,DE_LU,actual_offshore_wind_generation,Wind Offshore,2026-08-01T08:46:56Z
2026-08-01T08:44:53Z,2026-08-01T10:44:53+0200,ec999b8f-4b0e-4160-bee3-118ddd8c6904,2026-07-07T08:30:00Z,2026-07-07T10:30:00+0200,7529.486,MW,DE,DE_LU,actual_offshore_wind_generation,Wind Offshore,2026-08-01T08:46:56Z
2026-08-01T08:44:53Z,2026-08-01T10:44:53+0200,ec999b8f-4b0e-4160-bee3-118ddd8c6904,2026-07-07T08:45:00Z,2026-07-07T10:45:00+0200,7448.401,MW,DE,DE_LU,actual_offshore_wind_generation,Wind Offshore,2026-08-01T08:46:56Z
2026-08-01T08:44:53Z,2026-08-01T10:44:53+0200,ec999b8f-4b0e-4160-bee3-118ddd8c6904,2026-07-07T09:00:00Z,2026-07-07T11:00:00+0200,6848.71,MW,DE,DE_LU,actual_offshore_wind_generation,Wind Offshore,2026-08-01T08:46:56Z
2026-08-01T08:44:53Z,2026-08-01T10:44:53+0200,ec999b8f-4b0e-4160-bee3-118ddd8c6904,2026-07-07T09:15:00Z,2026-07-07T11:15:00+0200,6585.404,MW,DE,DE_LU,actual_offshore_wind_generation,Wind Offshore,2026-08-01T08:46:56Z
2026-08-01T08:44:53Z,2026-08-01T10:44:53+0200,ec999b8f-4b0e-4160-bee3-118ddd8c6904,2026-07-07T09:30:00Z,2026-07-07T11:30:00+0200,6372.713,MW,DE,DE_LU,actual_offshore_wind_generation,Wind Offshore,2026-08-01T08:46:56Z
2026-08-01T08:44:53Z,2026-08-01T10:44:53+0200,ec999b8f-4b0e-4160-bee3-118ddd8c6904,2026-07-07T09:45:00Z,2026-07-07T11:45:00+0200,6437.382,MW,DE,DE_LU,actual_offshore_wind_generation,Wind Offshore,2026-08-01T08:46:56Z
2026-08-01T08:44:53Z,2026-08-01T10:44:53+0200,ec999b8f-4b0e-4160-bee3-118ddd8c6904,2026-07-07T10:00:00Z,2026-07-07T12:00:00+0200,5826.101,MW,DE,DE_LU,actual_offshore_wind_generation,Wind Offshore,2026-08-01T08:46:56Z
2026-08-01T08:44:53Z,2026-08-01T10:44:53+0200,ec999b8f-4b0e-4160-bee3-118ddd8c6904,2026-07-07T10:15:00Z,2026-07-07T12:15:00+0200,5729.951,MW,DE,DE_LU,actual_offshore_wind_generation,Wind Offshore,2026-08-01T08:46:56Z
2026-08-01T08:44:53Z,2026-08-01T10:44:53+0200,ec999b8f-4b0e-4160-bee3-118ddd8c6904,2026-07-07T10:30:00Z,2026-07-07T12:30:00+0200,5658.107,MW,DE,DE_LU,actual_offshore_wind_generation,Wind Offshore,2026-08-01T08:46:56Z
2026-08-01T08:44:53Z,2026-08-01T10:44:53+0200,ec999b8f-4b0e-4160-bee3-118ddd8c6904,2026-07-07T10:45:00Z,2026-07-07T12:45:00+0200,5395.852,MW,DE,DE_LU,actual_offshore_wind_generation,Wind Offshore,2026-08-01T08:46:56Z
2026-08-01T08:44:53Z,2026-08-01T10:44:53+0200,ec999b8f-4b0e-4160-bee3-118ddd8c6904,2026-07-07T11:00:00Z,2026-07-07T13:00:00+0200,5437.598,MW,DE,DE_LU,actual_offshore_wind_generation,Wind Offshore,2026-08-01T08:46:56Z
2026-08-01T08:44:53Z,2026-08-01T10:44:53+0200,ec999b8f-4b0e-4160-bee3-118ddd8c6904,2026-07-07T11:15:00Z,2026-07-07T13:15:00+0200,5594.558,MW,DE,DE_LU,actual_offshore_wind_generation,Wind Offshore,2026-08-01T08:46:56Z
2026-08-01T08:44:53Z,2026-08-01T10:44:53+0200,ec999b8f-4b0e-4160-bee3-118ddd8c6904,2026-07-07T11:30:00Z,2026-07-07T13:30:00+0200,5730.749,MW,DE,DE_LU,actual_offshore_wind_generation,Wind Offshore,2026-08-01T08:46:56Z
2026-08-01T08:44:53Z,2026-08-01T10:44:53+0200,ec999b8f-4b0e-4160-bee3-118ddd8c6904,2026-07-07T11:45:00Z,2026-07-07T13:45:00+0200,5517.263,MW,DE,DE_LU,actual_offshore_wind_generation,Wind Offshore,2026-08-01T08:46:56Z
2026-08-01T08:44:53Z,2026-08-01T10:44:53+0200,ec999b8f-4b0e-4160-bee3-118ddd8c6904,2026-07-07T12:00:00Z,2026-07-07T14:00:00+0200,5413.149,MW,DE,DE_LU,actual_offshore_wind_generation,Wind Offshore,2026-08-01T08:46:56Z
2026-08-01T08:44:53Z,2026-08-01T10:44:53+0200,ec999b8f-4b0e-4160-bee3-118ddd8c6904,2026-07-07T12:15:00Z,2026-07-07T14:15:00+0200,5356.422,MW,DE,DE_LU,actual_offshore_wind_generation,Wind Offshore,2026-08-01T08:46:56Z
2026-08-01T08:44:53Z,2026-08-01T10:44:53+0200,ec999b8f-4b0e-4160-bee3-118ddd8c6904,2026-07-07T12:30:00Z,2026-07-07T14:30:00+0200,5373.978,MW,DE,DE_LU,actual_offshore_wind_generation,Wind Offshore,2026-08-01T08:46:56Z
2026-08-01T08:44:53Z,2026-08-01T10:44:53+0200,ec999b8f-4b0e-4160-bee3-118ddd8c6904,2026-07-07T12:45:00Z,2026-07-07T14:45:00+0200,5368.115,MW,DE,DE_LU,actual_offshore_wind_generation,Wind Offshore,2026-08-01T08:46:56Z
2026-08-01T08:44:53Z,2026-08-01T10:44:53+0200,ec999b8f-4b0e-4160-bee3-118ddd8c6904,2026-07-07T13:00:00Z,2026-07-07T15:00:00+0200,5551.022,MW,DE,DE_LU,actual_offshore_wind_generation,Wind Offshore,2026-08-01T08:46:56Z
2026-08-01T08:44:53Z,2026-08-01T10:44:53+0200,ec999b8f-4b0e-4160-bee3-118ddd8c6904,2026-07-07T13:15:00Z,2026-07-07T15:15:00+0200,5805.558,MW,DE,DE_LU,actual_offshore_wind_generation,Wind Offshore,2026-08-01T08:46:56Z
2026-08-01T08:44:53Z,2026-08-01T10:44:53+0200,ec999b8f-4b0e-4160-bee3-118ddd8c6904,2026-07-07T13:30:00Z,2026-07-07T15:30:00+0200,5676.139,MW,DE,DE_LU,actual_offshore_wind_generation,Wind Offshore,2026-08-01T08:46:56Z
2026-08-01T08:44:53Z,2026-08-01T10:44:53+0200,ec999b8f-4b0e-4160-bee3-118ddd8c6904,2026-07-07T13:45:00Z,2026-07-07T15:45:00+0200,5608.786,MW,DE,DE_LU,actual_offshore_wind_generation,Wind Offshore,2026-08-01T08:46:56Z
2026-08-01T08:44:53Z,2026-08-01T10:44:53+0200,ec999b8f-4b0e-4160-bee3-118ddd8c6904,2026-07-07T14:00:00Z,2026-07-07T16:00:00+0200,5674.108,MW,DE,DE_LU,actual_offshore_wind_generation,Wind Offshore,2026-08-01T08:46:56Z
2026-08-01T08:44:53Z,2026-08-01T10:44:53+0200,ec999b8f-4b0e-4160-bee3-118ddd8c6904,2026-07-07T14:15:00Z,2026-07-07T16:15:00+0200,5364.609,MW,DE,DE_LU,actual_offshore_wind_generation,Wind Offshore,2026-08-01T08:46:56Z
2026-08-01T08:44:53Z,2026-08-01T10:44:53+0200,ec999b8f-4b0e-4160-bee3-118ddd8c6904,2026-07-07T14:30:00Z,2026-07-07T16:30:00+0200,5084.053,MW,DE,DE_LU,actual_offshore_wind_generation,Wind Offshore,2026-08-01T08:46:56Z
2026-08-01T08:44:53Z,2026-08-01T10:44:53+0200,ec999b8f-4b0e-4160-bee3-118ddd8c6904,2026-07-07T14:45:00Z,2026-07-07T16:45:00+0200,4669.996,MW,DE,DE_LU,actual_offshore_wind_generation,Wind Offshore,2026-08-01T08:46:56Z
2026-08-01T08:44:53Z,2026-08-01T10:44:53+0200,ec999b8f-4b0e-4160-bee3-118ddd8c6904,2026-07-07T15:00:00Z,2026-07-07T17:00:00+0200,4454.76,MW,DE,DE_LU,actual_offshore_wind_generation,Wind Offshore,2026-08-01T08:46:56Z
2026-08-01T08:44:53Z,2026-08-01T10:44:53+0200,ec999b8f-4b0e-4160-bee3-118ddd8c6904,2026-07-07T15:15:00Z,2026-07-07T17:15:00+0200,4221.137,MW,DE,DE_LU,actual_offshore_wind_generation,Wind Offshore,2026-08-01T08:46:56Z
2026-08-01T08:44:53Z,2026-08-01T10:44:53+0200,ec999b8f-4b0e-4160-bee3-118ddd8c6904,2026-07-07T15:30:00Z,2026-07-07T17:30:00+0200,4383.512,MW,DE,DE_LU,actual_offshore_wind_generation,Wind Offshore,2026-08-01T08:46:56Z
2026-08-01T08:44:53Z,2026-08-01T10:44:53+0200,ec999b8f-4b0e-4160-bee3-118ddd8c6904,2026-07-07T15:45:00Z,2026-07-07T17:45:00+0200,3823.134,MW,DE,DE_LU,actual_offshore_wind_generation,Wind Offshore,2026-08-01T08:46:56Z
2026-08-01T08:44:53Z,2026-08-01T10:44:53+0200,ec999b8f-4b0e-4160-bee3-118ddd8c6904,2026-07-07T16:00:00Z,2026-07-07T18:00:00+0200,3004.35,MW,DE,DE_LU,actual_offshore_wind_generation,Wind Offshore,2026-08-01T08:46:56Z
2026-08-01T08:44:53Z,2026-08-01T10:44:53+0200,ec999b8f-4b0e-4160-bee3-118ddd8c6904,2026-07-07T16:15:00Z,2026-07-07T18:15:00+0200,2841.647,MW,DE,DE_LU,actual_offshore_wind_generation,Wind Offshore,2026-08-01T08:46:56Z
2026-08-01T08:44:53Z,2026-08-01T10:44:53+0200,ec999b8f-4b0e-4160-bee3-118ddd8c6904,2026-07-07T16:30:00Z,2026-07-07T18:30:00+0200,2553.422,MW,DE,DE_LU,actual_offshore_wind_generation,Wind Offshore,2026-08-01T08:46:56Z
2026-08-01T08:44:53Z,2026-08-01T10:44:53+0200,ec999b8f-4b0e-4160-bee3-118ddd8c6904,2026-07-07T16:45:00Z,2026-07-07T18:45:00+0200,2558.48,MW,DE,DE_LU,actual_offshore_wind_generation,Wind Offshore,2026-08-01T08:46:56Z
2026-08-01T08:44:53Z,2026-08-01T10:44:53+0200,ec999b8f-4b0e-4160-bee3-118ddd8c6904,2026-07-07T17:00:00Z,2026-07-07T19:00:00+0200,3006.584,MW,DE,DE_LU,actual_offshore_wind_generation,Wind Offshore,2026-08-01T08:46:56Z
2026-08-01T08:44:53Z,2026-08-01T10:44:53+0200,ec999b8f-4b0e-4160-bee3-118ddd8c6904,2026-07-07T17:15:00Z,2026-07-07T19:15:00+0200,3315.579,MW,DE,DE_LU,actual_offshore_wind_generation,Wind Offshore,2026-08-01T08:46:56Z
2026-08-01T08:44:53Z,2026-08-01T10:44:53+0200,ec999b8f-4b0e-4160-bee3-118ddd8c6904,2026-07-07T17:30:00Z,2026-07-07T19:30:00+0200,3171.233,MW,DE,DE_LU,actual_offshore_wind_generation,Wind Offshore,2026-08-01T08:46:56Z
2026-08-01T08:44:53Z,2026-08-01T10:44:53+0200,ec999b8f-4b0e-4160-bee3-118ddd8c6904,2026-07-07T17:45:00Z,2026-07-07T19:45:00+0200,3057.163,MW,DE,DE_LU,actual_offshore_wind_generation,Wind Offshore,2026-08-01T08:46:56Z
2026-08-01T08:44:53Z,2026-08-01T10:44:53+0200,ec999b8f-4b0e-4160-bee3-118ddd8c6904,2026-07-07T18:00:00Z,2026-07-07T20:00:00+0200,3090.884,MW,DE,DE_LU,actual_offshore_wind_generation,Wind Offshore,2026-08-01T08:46:56Z
2026-08-01T08:44:53Z,2026-08-01T10:44:53+0200,ec999b8f-4b0e-4160-bee3-118ddd8c6904,2026-07-07T18:15:00Z,2026-07-07T20:15:00+0200,3057.244,MW,DE,DE_LU,actual_offshore_wind_generation,Wind Offshore,2026-08-01T08:46:56Z
2026-08-01T08:44:53Z,2026-08-01T10:44:53+0200,ec999b8f-4b0e-4160-bee3-118ddd8c6904,2026-07-07T18:30:00Z,2026-07-07T20:30:00+0200,3091.379,MW,DE,DE_LU,actual_offshore_wind_generation,Wind Offshore,2026-08-01T08:46:56Z
2026-08-01T08:44:53Z,2026-08-01T10:44:53+0200,ec999b8f-4b0e-4160-bee3-118ddd8c6904,2026-07-07T18:45:00Z,2026-07-07T20:45:00+0200,3065.113,MW,DE,DE_LU,actual_offshore_wind_generation,Wind Offshore,2026-08-01T08:46:56Z
2026-08-01T08:44:53Z,2026-08-01T10:44:53+0200,ec999b8f-4b0e-4160-bee3-118ddd8c6904,2026-07-07T19:00:00Z,2026-07-07T21:00:00+0200,3316.913,MW,DE,DE_LU,actual_offshore_wind_generation,Wind Offshore,2026-08-01T08:46:56Z
2026-08-01T08:44:53Z,2026-08-01T10:44:53+0200,ec999b8f-4b0e-4160-bee3-118ddd8c6904,2026-07-07T19:15:00Z,2026-07-07T21:15:00+0200,3406.717,MW,DE,DE_LU,actual_offshore_wind_generation,Wind Offshore,2026-08-01T08:46:56Z
2026-08-01T08:44:53Z,2026-08-01T10:44:53+0200,ec999b8f-4b0e-4160-bee3-118ddd8c6904,2026-07-07T19:30:00Z,2026-07-07T21:30:00+0200,3596.415,MW,DE,DE_LU,actual_offshore_wind_generation,Wind Offshore,2026-08-01T08:46:56Z
2026-08-01T08:44:53Z,2026-08-01T10:44:53+0200,ec999b8f-4b0e-4160-bee3-118ddd8c6904,2026-07-07T19:45:00Z,2026-07-07T21:45:00+0200,3568.366,MW,DE,DE_LU,actual_offshore_wind_generation,Wind Offshore,2026-08-01T08:46:56Z
2026-08-01T08:44:53Z,2026-08-01T10:44:53+0200,ec999b8f-4b0e-4160-bee3-118ddd8c6904,2026-07-07T20:00:00Z,2026-07-07T22:00:00+0200,4300.408,MW,DE,DE_LU,actual_offshore_wind_generation,Wind Offshore,2026-08-01T08:46:56Z
2026-08-01T08:44:53Z,2026-08-01T10:44:53+0200,ec999b8f-4b0e-4160-bee3-118ddd8c6904,2026-07-07T20:15:00Z,2026-07-07T22:15:00+0200,4414.919,MW,DE,DE_LU,actual_offshore_wind_generation,Wind Offshore,2026-08-01T08:46:56Z
2026-08-01T08:44:53Z,2026-08-01T10:44:53+0200,ec999b8f-4b0e-4160-bee3-118ddd8c6904,2026-07-07T20:30:00Z,2026-07-07T22:30:00+0200,4273.196,MW,DE,DE_LU,actual_offshore_wind_generation,Wind Offshore,2026-08-01T08:46:56Z
2026-08-01T08:44:53Z,2026-08-01T10:44:53+0200,ec999b8f-4b0e-4160-bee3-118ddd8c6904,2026-07-07T20:45:00Z,2026-07-07T22:45:00+0200,4225.461,MW,DE,DE_LU,actual_offshore_wind_generation,Wind Offshore,2026-08-01T08:46:56Z
2026-08-01T08:44:53Z,2026-08-01T10:44:53+0200,ec999b8f-4b0e-4160-bee3-118ddd8c6904,2026-07-07T21:00:00Z,2026-07-07T23:00:00+0200,4646.758,MW,DE,DE_LU,actual_offshore_wind_generation,Wind Offshore,2026-08-01T08:46:56Z
2026-08-01T08:44:53Z,2026-08-01T10:44:53+0200,ec999b8f-4b0e-4160-bee3-118ddd8c6904,2026-07-07T21:15:00Z,2026-07-07T23:15:00+0200,4591.78,MW,DE,DE_LU,actual_offshore_wind_generation,Wind Offshore,2026-08-01T08:46:56Z
2026-08-01T08:44:53Z,2026-08-01T10:44:53+0200,ec999b8f-4b0e-4160-bee3-118ddd8c6904,2026-07-07T21:30:00Z,2026-07-07T23:30:00+0200,4309.461,MW,DE,DE_LU,actual_offshore_wind_generation,Wind Offshore,2026-08-01T08:46:56Z
2026-08-01T08:44:53Z,2026-08-01T10:44:53+0200,ec999b8f-4b0e-4160-bee3-118ddd8c6904,2026-07-07T21:45:00Z,2026-07-07T23:45:00+0200,4345.558,MW,DE,DE_LU,actual_offshore_wind_generation,Wind Offshore,2026-08-01T08:46:56Z
2026-08-01T08:44:53Z,2026-08-01T10:44:53+0200,ec999b8f-4b0e-4160-bee3-118ddd8c6904,2026-07-07T22:00:00Z,2026-07-08T00:00:00+0200,5228.4,MW,DE,DE_LU,actual_offshore_wind_generation,Wind Offshore,2026-08-01T08:46:56Z
2026-08-01T08:44:53Z,2026-08-01T10:44:53+0200,ec999b8f-4b0e-4160-bee3-118ddd8c6904,2026-07-07T22:15:00Z,2026-07-08T00:15:00+0200,5269.828,MW,DE,DE_LU,actual_offshore_wind_generation,Wind Offshore,2026-08-01T08:46:56Z
2026-08-01T08:44:53Z,2026-08-01T10:44:53+0200,ec999b8f-4b0e-4160-bee3-118ddd8c6904,2026-07-07T22:30:00Z,2026-07-08T00:30:00+0200,5103.906,MW,DE,DE_LU,actual_offshore_wind_generation,Wind Offshore,2026-08-01T08:46:56Z
2026-08-01T08:44:53Z,2026-08-01T10:44:53+0200,ec999b8f-4b0e-4160-bee3-118ddd8c6904,2026-07-07T22:45:00Z,2026-07-08T00:45:00+0200,5042.448,MW,DE,DE_LU,actual_offshore_wind_generation,Wind Offshore,2026-08-01T08:46:56Z
2026-08-01T08:44:53Z,2026-08-01T10:44:53+0200,ec999b8f-4b0e-4160-bee3-118ddd8c6904,2026-07-07T23:00:00Z,2026-07-08T01:00:00+0200,5276.398,MW,DE,DE_LU,actual_offshore_wind_generation,Wind Offshore,2026-08-01T08:46:56Z
2026-08-01T08:44:53Z,2026-08-01T10:44:53+0200,ec999b8f-4b0e-4160-bee3-118ddd8c6904,2026-07-07T23:15:00Z,2026-07-08T01:15:00+0200,5173.275,MW,DE,DE_LU,actual_offshore_wind_generation,Wind Offshore,2026-08-01T08:46:56Z
2026-08-01T08:44:53Z,2026-08-01T10:44:53+0200,ec999b8f-4b0e-4160-bee3-118ddd8c6904,2026-07-07T23:30:00Z,2026-07-08T01:30:00+0200,5050.264,MW,DE,DE_LU,actual_offshore_wind_generation,Wind Offshore,2026-08-01T08:46:56Z
2026-08-01T08:44:53Z,2026-08-01T10:44:53+0200,ec999b8f-4b0e-4160-bee3-118ddd8c6904,2026-07-07T23:45:00Z,2026-07-08T01:45:00+0200,4958.466,MW,DE,DE_LU,actual_offshore_wind_generation,Wind Offshore,2026-08-01T08:46:56Z
2026-08-01T08:44:53Z,2026-08-01T10:44:53+0200,ec999b8f-4b0e-4160-bee3-118ddd8c6904,2026-07-08T00:00:00Z,2026-07-08T02:00:00+0200,4858.701,MW,DE,DE_LU,actual_offshore_wind_generation,Wind Offshore,2026-08-01T08:46:56Z
2026-08-01T08:44:53Z,2026-08-01T10:44:53+0200,ec999b8f-4b0e-4160-bee3-118ddd8c6904,2026-07-08T00:15:00Z,2026-07-08T02:15:00+0200,4822.062,MW,DE,DE_LU,actual_offshore_wind_generation,Wind Offshore,2026-08-01T08:46:56Z
2026-08-01T08:44:53Z,2026-08-01T10:44:53+0200,ec999b8f-4b0e-4160-bee3-118ddd8c6904,2026-07-08T00:30:00Z,2026-07-08T02:30:00+0200,4817.757,MW,DE,DE_LU,actual_offshore_wind_generation,Wind Offshore,2026-08-01T08:46:56Z
2026-08-01T08:44:53Z,2026-08-01T10:44:53+0200,ec999b8f-4b0e-4160-bee3-118ddd8c6904,2026-07-08T00:45:00Z,2026-07-08T02:45:00+0200,4704.364,MW,DE,DE_LU,actual_offshore_wind_generation,Wind Offshore,2026-08-01T08:46:56Z
2026-08-01T08:44:53Z,2026-08-01T10:44:53+0200,ec999b8f-4b0e-4160-bee3-118ddd8c6904,2026-07-08T01:00:00Z,2026-07-08T03:00:00+0200,4721.049,MW,DE,DE_LU,actual_offshore_wind_generation,Wind Offshore,2026-08-01T08:46:56Z
2026-08-01T08:44:53Z,2026-08-01T10:44:53+0200,ec999b8f-4b0e-4160-bee3-118ddd8c6904,2026-07-08T01:15:00Z,2026-07-08T03:15:00+0200,4630.697,MW,DE,DE_LU,actual_offshore_wind_generation,Wind Offshore,2026-08-01T08:46:56Z
2026-08-01T08:44:53Z,2026-08-01T10:44:53+0200,ec999b8f-4b0e-4160-bee3-118ddd8c6904,2026-07-08T01:30:00Z,2026-07-08T03:30:00+0200,4671.806,MW,DE,DE_LU,actual_offshore_wind_generation,Wind Offshore,2026-08-01T08:46:56Z
2026-08-01T08:44:53Z,2026-08-01T10:44:53+0200,ec999b8f-4b0e-4160-bee3-118ddd8c6904,2026-07-08T01:45:00Z,2026-07-08T03:45:00+0200,4705.628,MW,DE,DE_LU,actual_offshore_wind_generation,Wind Offshore,2026-08-01T08:46:56Z
2026-08-01T08:44:53Z,2026-08-01T10:44:53+0200,ec999b8f-4b0e-4160-bee3-118ddd8c6904,2026-07-08T02:00:00Z,2026-07-08T04:00:00+0200,4902.58,MW,DE,DE_LU,actual_offshore_wind_generation,Wind Offshore,2026-08-01T08:46:56Z
2026-08-01T08:44:53Z,2026-08-01T10:44:53+0200,ec999b8f-4b0e-4160-bee3-118ddd8c6904,2026-07-08T02:15:00Z,2026-07-08T04:15:00+0200,4952.752,MW,DE,DE_LU,actual_offshore_wind_generation,Wind Offshore,2026-08-01T08:46:56Z
2026-08-01T08:44:53Z,2026-08-01T10:44:53+0200,ec999b8f-4b0e-4160-bee3-118ddd8c6904,2026-07-08T02:30:00Z,2026-07-08T04:30:00+0200,4969.437,MW,DE,DE_LU,actual_offshore_wind_generation,Wind Offshore,2026-08-01T08:46:56Z
2026-08-01T08:44:53Z,2026-08-01T10:44:53+0200,ec999b8f-4b0e-4160-bee3-118ddd8c6904,2026-07-08T02:45:00Z,2026-07-08T04:45:00+0200,4933.339,MW,DE,DE_LU,actual_offshore_wind_generation,Wind Offshore,2026-08-01T08:46:56Z
2026-08-01T08:44:53Z,2026-08-01T10:44:53+0200,ec999b8f-4b0e-4160-bee3-118ddd8c6904,2026-07-08T03:00:00Z,2026-07-08T05:00:00+0200,4937.922,MW,DE,DE_LU,actual_offshore_wind_generation,Wind Offshore,2026-08-01T08:46:56Z
2026-08-01T08:44:53Z,2026-08-01T10:44:53+0200,ec999b8f-4b0e-4160-bee3-118ddd8c6904,2026-07-08T03:15:00Z,2026-07-08T05:15:00+0200,4849.408,MW,DE,DE_LU,actual_offshore_wind_generation,Wind Offshore,2026-08-01T08:46:56Z
2026-08-01T08:44:53Z,2026-08-01T10:44:53+0200,ec999b8f-4b0e-4160-bee3-118ddd8c6904,2026-07-08T03:30:00Z,2026-07-08T05:30:00+0200,4739.708,MW,DE,DE_LU,actual_offshore_wind_generation,Wind Offshore,2026-08-01T08:46:56Z
2026-08-01T08:44:53Z,2026-08-01T10:44:53+0200,ec999b8f-4b0e-4160-bee3-118ddd8c6904,2026-07-08T03:45:00Z,2026-07-08T05:45:00+0200,4635.111,MW,DE,DE_LU,actual_offshore_wind_generation,Wind Offshore,2026-08-01T08:46:56Z
2026-08-01T08:44:53Z,2026-08-01T10:44:53+0200,ec999b8f-4b0e-4160-bee3-118ddd8c6904,2026-07-08T04:00:00Z,2026-07-08T06:00:00+0200,4393.973,MW,DE,DE_LU,actual_offshore_wind_generation,Wind Offshore,2026-08-01T08:46:56Z
2026-08-01T08:44:53Z,2026-08-01T10:44:53+0200,ec999b8f-4b0e-4160-bee3-118ddd8c6904,2026-07-08T04:15:00Z,2026-07-08T06:15:00+0200,4357.395,MW,DE,DE_LU,actual_offshore_wind_generation,Wind Offshore,2026-08-01T08:46:56Z
2026-08-01T08:44:53Z,2026-08-01T10:44:53+0200,ec999b8f-4b0e-4160-bee3-118ddd8c6904,2026-07-08T04:30:00Z,2026-07-08T06:30:00+0200,4352.473,MW,DE,DE_LU,actual_offshore_wind_generation,Wind Offshore,2026-08-01T08:46:56Z
2026-08-01T08:44:53Z,2026-08-01T10:44:53+0200,ec999b8f-4b0e-4160-bee3-118ddd8c6904,2026-07-08T04:45:00Z,2026-07-08T06:45:00+0200,4278.877,MW,DE,DE_LU,actual_offshore_wind_generation,Wind Offshore,2026-08-01T08:46:56Z
2026-08-01T08:44:53Z,2026-08-01T10:44:53+0200,ec999b8f-4b0e-4160-bee3-118ddd8c6904,2026-07-08T05:00:00Z,2026-07-08T07:00:00+0200,4032.178,MW,DE,DE_LU,actual_offshore_wind_generation,Wind Offshore,2026-08-01T08:46:56Z
2026-08-01T08:44:53Z,2026-08-01T10:44:53+0200,ec999b8f-4b0e-4160-bee3-118ddd8c6904,2026-07-08T05:15:00Z,2026-07-08T07:15:00+0200,3909.218,MW,DE,DE_LU,actual_offshore_wind_generation,Wind Offshore,2026-08-01T08:46:56Z
2026-08-01T08:44:53Z,2026-08-01T10:44:53+0200,ec999b8f-4b0e-4160-bee3-118ddd8c6904,2026-07-08T05:30:00Z,2026-07-08T07:30:00+0200,3635.124,MW,DE,DE_LU,actual_offshore_wind_generation,Wind Offshore,2026-08-01T08:46:56Z
2026-08-01T08:44:53Z,2026-08-01T10:44:53+0200,ec999b8f-4b0e-4160-bee3-118ddd8c6904,2026-07-08T05:45:00Z,2026-07-08T07:45:00+0200,3407.735,MW,DE,DE_LU,actual_offshore_wind_generation,Wind Offshore,2026-08-01T08:46:56Z
2026-08-01T08:44:53Z,2026-08-01T10:44:53+0200,ec999b8f-4b0e-4160-bee3-118ddd8c6904,2026-07-08T06:00:00Z,2026-07-08T08:00:00+0200,3609.988,MW,DE,DE_LU,actual_offshore_wind_generation,Wind Offshore,2026-08-01T08:46:56Z
2026-08-01T08:44:53Z,2026-08-01T10:44:53+0200,ec999b8f-4b0e-4160-bee3-118ddd8c6904,2026-07-08T06:15:00Z,2026-07-08T08:15:00+0200,3438.051,MW,DE,DE_LU,actual_offshore_wind_generation,Wind Offshore,2026-08-01T08:46:56Z
2026-08-01T08:44:53Z,2026-08-01T10:44:53+0200,ec999b8f-4b0e-4160-bee3-118ddd8c6904,2026-07-08T06:30:00Z,2026-07-08T08:30:00+0200,3236.786,MW,DE,DE_LU,actual_offshore_wind_generation,Wind Offshore,2026-08-01T08:46:56Z
2026-08-01T08:44:53Z,2026-08-01T10:44:53+0200,ec999b8f-4b0e-4160-bee3-118ddd8c6904,2026-07-08T06:45:00Z,2026-07-08T08:45:00+0200,3116.117,MW,DE,DE_LU,actual_offshore_wind_generation,Wind Offshore,2026-08-01T08:46:56Z
2026-08-01T08:44:53Z,2026-08-01T10:44:53+0200,ec999b8f-4b0e-4160-bee3-118ddd8c6904,2026-07-08T07:00:00Z,2026-07-08T09:00:00+0200,2317.213,MW,DE,DE_LU,actual_offshore_wind_generation,Wind Offshore,2026-08-01T08:46:56Z
2026-08-01T08:44:53Z,2026-08-01T10:44:53+0200,ec999b8f-4b0e-4160-bee3-118ddd8c6904,2026-07-08T07:15:00Z,2026-07-08T09:15:00+0200,2213.144,MW,DE,DE_LU,actual_offshore_wind_generation,Wind Offshore,2026-08-01T08:46:56Z
2026-08-01T08:44:53Z,2026-08-01T10:44:53+0200,ec999b8f-4b0e-4160-bee3-118ddd8c6904,2026-07-08T07:30:00Z,2026-07-08T09:30:00+0200,2193.317,MW,DE,DE_LU,actual_offshore_wind_generation,Wind Offshore,2026-08-01T08:46:56Z
2026-08-01T08:44:53Z,2026-08-01T10:44:53+0200,ec999b8f-4b0e-4160-bee3-118ddd8c6904,2026-07-08T07:45:00Z,2026-07-08T09:45:00+0200,2086.344,MW,DE,DE_LU,actual_offshore_wind_generation,Wind Offshore,2026-08-01T08:46:56Z
2026-08-01T08:44:53Z,2026-08-01T10:44:53+0200,ec999b8f-4b0e-4160-bee3-118ddd8c6904,2026-07-08T08:00:00Z,2026-07-08T10:00:00+0200,946.222,MW,DE,DE_LU,actual_offshore_wind_generation,Wind Offshore,2026-08-01T08:46:56Z
2026-08-01T08:44:53Z,2026-08-01T10:44:53+0200,ec999b8f-4b0e-4160-bee3-118ddd8c6904,2026-07-08T08:15:00Z,2026-07-08T10:15:00+0200,688.835,MW,DE,DE_LU,actual_offshore_wind_generation,Wind Offshore,2026-08-01T08:46:56Z
2026-08-01T08:44:53Z,2026-08-01T10:44:53+0200,ec999b8f-4b0e-4160-bee3-118ddd8c6904,2026-07-08T08:30:00Z,2026-07-08T10:30:00+0200,688.34,MW,DE,DE_LU,actual_offshore_wind_generation,Wind Offshore,2026-08-01T08:46:56Z
2026-08-01T08:44:53Z,2026-08-01T10:44:53+0200,ec999b8f-4b0e-4160-bee3-118ddd8c6904,2026-07-08T08:45:00Z,2026-07-08T10:45:00+0200,568.349,MW,DE,DE_LU,actual_offshore_wind_generation,Wind Offshore,2026-08-01T08:46:56Z
2026-08-01T08:44:53Z,2026-08-01T10:44:53+0200,ec999b8f-4b0e-4160-bee3-118ddd8c6904,2026-07-08T09:00:00Z,2026-07-08T11:00:00+0200,408.597,MW,DE,DE_LU,actual_offshore_wind_generation,Wind Offshore,2026-08-01T08:46:56Z
2026-08-01T08:44:53Z,2026-08-01T10:44:53+0200,ec999b8f-4b0e-4160-bee3-118ddd8c6904,2026-07-08T09:15:00Z,2026-07-08T11:15:00+0200,385.029,MW,DE,DE_LU,actual_offshore_wind_generation,Wind Offshore,2026-08-01T08:46:56Z
2026-08-01T08:44:53Z,2026-08-01T10:44:53+0200,ec999b8f-4b0e-4160-bee3-118ddd8c6904,2026-07-08T09:30:00Z,2026-07-08T11:30:00+0200,375.097,MW,DE,DE_LU,actual_offshore_wind_generation,Wind Offshore,2026-08-01T08:46:56Z
2026-08-01T08:44:53Z,2026-08-01T10:44:53+0200,ec999b8f-4b0e-4160-bee3-118ddd8c6904,2026-07-08T09:45:00Z,2026-07-08T11:45:00+0200,358.969,MW,DE,DE_LU,actual_offshore_wind_generation,Wind Offshore,2026-08-01T08:46:56Z
2026-08-01T08:44:53Z,2026-08-01T10:44:53+0200,ec999b8f-4b0e-4160-bee3-118ddd8c6904,2026-07-08T10:00:00Z,2026-07-08T12:00:00+0200,234.243,MW,DE,DE_LU,actual_offshore_wind_generation,Wind Offshore,2026-08-01T08:46:56Z
2026-08-01T08:44:53Z,2026-08-01T10:44:53+0200,ec999b8f-4b0e-4160-bee3-118ddd8c6904,2026-07-08T10:15:00Z,2026-07-08T12:15:00+0200,251.993,MW,DE,DE_LU,actual_offshore_wind_generation,Wind Offshore,2026-08-01T08:46:56Z
2026-08-01T08:44:53Z,2026-08-01T10:44:53+0200,ec999b8f-4b0e-4160-bee3-118ddd8c6904,2026-07-08T10:30:00Z,2026-07-08T12:30:00+0200,283.564,MW,DE,DE_LU,actual_offshore_wind_generation,Wind Offshore,2026-08-01T08:46:56Z
2026-08-01T08:44:53Z,2026-08-01T10:44:53+0200,ec999b8f-4b0e-4160-bee3-118ddd8c6904,2026-07-08T10:45:00Z,2026-07-08T12:45:00+0200,235.187,MW,DE,DE_LU,actual_offshore_wind_generation,Wind Offshore,2026-08-01T08:46:56Z
2026-08-01T08:44:53Z,2026-08-01T10:44:53+0200,ec999b8f-4b0e-4160-bee3-118ddd8c6904,2026-07-08T11:00:00Z,2026-07-08T13:00:00+0200,184.634,MW,DE,DE_LU,actual_offshore_wind_generation,Wind Offshore,2026-08-01T08:46:56Z
2026-08-01T08:44:53Z,2026-08-01T10:44:53+0200,ec999b8f-4b0e-4160-bee3-118ddd8c6904,2026-07-08T11:15:00Z,2026-07-08T13:15:00+0200,216.19,MW,DE,DE_LU,actual_offshore_wind_generation,Wind Offshore,2026-08-01T08:46:56Z
2026-08-01T08:44:53Z,2026-08-01T10:44:53+0200,ec999b8f-4b0e-4160-bee3-118ddd8c6904,2026-07-08T11:30:00Z,2026-07-08T13:30:00+0200,226.945,MW,DE,DE_LU,actual_offshore_wind_generation,Wind Offshore,2026-08-01T08:46:56Z
2026-08-01T08:44:53Z,2026-08-01T10:44:53+0200,ec999b8f-4b0e-4160-bee3-118ddd8c6904,2026-07-08T11:45:00Z,2026-07-08T13:45:00+0200,242.175,MW,DE,DE_LU,actual_offshore_wind_generation,Wind Offshore,2026-08-01T08:46:56Z
2026-08-01T08:44:53Z,2026-08-01T10:44:53+0200,ec999b8f-4b0e-4160-bee3-118ddd8c6904,2026-07-08T12:00:00Z,2026-07-08T14:00:00+0200,540.207,MW,DE,DE_LU,actual_offshore_wind_generation,Wind Offshore,2026-08-01T08:46:56Z
2026-08-01T08:44:53Z,2026-08-01T10:44:53+0200,ec999b8f-4b0e-4160-bee3-118ddd8c6904,2026-07-08T12:15:00Z,2026-07-08T14:15:00+0200,577.532,MW,DE,DE_LU,actual_offshore_wind_generation,Wind Offshore,2026-08-01T08:46:56Z
2026-08-01T08:44:53Z,2026-08-01T10:44:53+0200,ec999b8f-4b0e-4160-bee3-118ddd8c6904,2026-07-08T12:30:00Z,2026-07-08T14:30:00+0200,612.599,MW,DE,DE_LU,actual_offshore_wind_generation,Wind Offshore,2026-08-01T08:46:56Z
2026-08-01T08:44:53Z,2026-08-01T10:44:53+0200,ec999b8f-4b0e-4160-bee3-118ddd8c6904,2026-07-08T12:45:00Z,2026-07-08T14:45:00+0200,644.419,MW,DE,DE_LU,actual_offshore_wind_generation,Wind Offshore,2026-08-01T08:46:56Z
2026-08-01T08:44:53Z,2026-08-01T10:44:53+0200,ec999b8f-4b0e-4160-bee3-118ddd8c6904,2026-07-08T13:00:00Z,2026-07-08T15:00:00+0200,830.72,MW,DE,DE_LU,actual_offshore_wind_generation,Wind Offshore,2026-08-01T08:46:56Z
2026-08-01T08:44:53Z,2026-08-01T10:44:53+0200,ec999b8f-4b0e-4160-bee3-118ddd8c6904,2026-07-08T13:15:00Z,2026-07-08T15:15:00+0200,872.403,MW,DE,DE_LU,actual_offshore_wind_generation,Wind Offshore,2026-08-01T08:46:56Z
2026-08-01T08:44:53Z,2026-08-01T10:44:53+0200,ec999b8f-4b0e-4160-bee3-118ddd8c6904,2026-07-08T13:30:00Z,2026-07-08T15:30:00+0200,864.315,MW,DE,DE_LU,actual_offshore_wind_generation,Wind Offshore,2026-08-01T08:46:56Z
2026-08-01T08:44:53Z,2026-08-01T10:44:53+0200,ec999b8f-4b0e-4160-bee3-118ddd8c6904,2026-07-08T13:45:00Z,2026-07-08T15:45:00+0200,902.936,MW,DE,DE_LU,actual_offshore_wind_generation,Wind Offshore,2026-08-01T08:46:56Z
2026-08-01T08:44:53Z,2026-08-01T10:44:53+0200,ec999b8f-4b0e-4160-bee3-118ddd8c6904,2026-07-08T14:00:00Z,2026-07-08T16:00:00+0200,847.585,MW,DE,DE_LU,actual_offshore_wind_generation,Wind Offshore,2026-08-01T08:46:56Z
2026-08-01T08:44:53Z,2026-08-01T10:44:53+0200,ec999b8f-4b0e-4160-bee3-118ddd8c6904,2026-07-08T14:15:00Z,2026-07-08T16:15:00+0200,827.45,MW,DE,DE_LU,actual_offshore_wind_generation,Wind Offshore,2026-08-01T08:46:56Z
2026-08-01T08:44:53Z,2026-08-01T10:44:53+0200,ec999b8f-4b0e-4160-bee3-118ddd8c6904,2026-07-08T14:30:00Z,2026-07-08T16:30:00+0200,803.025,MW,DE,DE_LU,actual_offshore_wind_generation,Wind Offshore,2026-08-01T08:46:56Z
2026-08-01T08:44:53Z,2026-08-01T10:44:53+0200,ec999b8f-4b0e-4160-bee3-118ddd8c6904,2026-07-08T14:45:00Z,2026-07-08T16:45:00+0200,579.969,MW,DE,DE_LU,actual_offshore_wind_generation,Wind Offshore,2026-08-01T08:46:56Z
2026-08-01T08:44:53Z,2026-08-01T10:44:53+0200,ec999b8f-4b0e-4160-bee3-118ddd8c6904,2026-07-08T15:00:00Z,2026-07-08T17:00:00+0200,1146.732,MW,DE,DE_LU,actual_offshore_wind_generation,Wind Offshore,2026-08-01T08:46:56Z
2026-08-01T08:44:53Z,2026-08-01T10:44:53+0200,ec999b8f-4b0e-4160-bee3-118ddd8c6904,2026-07-08T15:15:00Z,2026-07-08T17:15:00+0200,1189.37,MW,DE,DE_LU,actual_offshore_wind_generation,Wind Offshore,2026-08-01T08:46:56Z
2026-08-01T08:44:53Z,2026-08-01T10:44:53+0200,ec999b8f-4b0e-4160-bee3-118ddd8c6904,2026-07-08T15:30:00Z,2026-07-08T17:30:00+0200,1172.897,MW,DE,DE_LU,actual_offshore_wind_generation,Wind Offshore,2026-08-01T08:46:56Z
2026-08-01T08:44:53Z,2026-08-01T10:44:53+0200,ec999b8f-4b0e-4160-bee3-118ddd8c6904,2026-07-08T15:45:00Z,2026-07-08T17:45:00+0200,1369.876,MW,DE,DE_LU,actual_offshore_wind_generation,Wind Offshore,2026-08-01T08:46:56Z
2026-08-01T08:44:53Z,2026-08-01T10:44:53+0200,ec999b8f-4b0e-4160-bee3-118ddd8c6904,2026-07-08T16:00:00Z,2026-07-08T18:00:00+0200,2902.057,MW,DE,DE_LU,actual_offshore_wind_generation,Wind Offshore,2026-08-01T08:46:56Z
2026-08-01T08:44:53Z,2026-08-01T10:44:53+0200,ec999b8f-4b0e-4160-bee3-118ddd8c6904,2026-07-08T16:15:00Z,2026-07-08T18:15:00+0200,3050.37,MW,DE,DE_LU,actual_offshore_wind_generation,Wind Offshore,2026-08-01T08:46:56Z
2026-08-01T08:44:53Z,2026-08-01T10:44:53+0200,ec999b8f-4b0e-4160-bee3-118ddd8c6904,2026-07-08T16:30:00Z,2026-07-08T18:30:00+0200,3061.15,MW,DE,DE_LU,actual_offshore_wind_generation,Wind Offshore,2026-08-01T08:46:56Z
2026-08-01T08:44:53Z,2026-08-01T10:44:53+0200,ec999b8f-4b0e-4160-bee3-118ddd8c6904,2026-07-08T16:45:00Z,2026-07-08T18:45:00+0200,3077.879,MW,DE,DE_LU,actual_offshore_wind_generation,Wind Offshore,2026-08-01T08:46:56Z
2026-08-01T08:44:53Z,2026-08-01T10:44:53+0200,ec999b8f-4b0e-4160-bee3-118ddd8c6904,2026-07-08T17:00:00Z,2026-07-08T19:00:00+0200,3133.655,MW,DE,DE_LU,actual_offshore_wind_generation,Wind Offshore,2026-08-01T08:46:56Z
2026-08-01T08:44:53Z,2026-08-01T10:44:53+0200,ec999b8f-4b0e-4160-bee3-118ddd8c6904,2026-07-08T17:15:00Z,2026-07-08T19:15:00+0200,3192.67,MW,DE,DE_LU,actual_offshore_wind_generation,Wind Offshore,2026-08-01T08:46:56Z
2026-08-01T08:44:53Z,2026-08-01T10:44:53+0200,ec999b8f-4b0e-4160-bee3-118ddd8c6904,2026-07-08T17:30:00Z,2026-07-08T19:30:00+0200,3212.738,MW,DE,DE_LU,actual_offshore_wind_generation,Wind Offshore,2026-08-01T08:46:56Z
2026-08-01T08:44:53Z,2026-08-01T10:44:53+0200,ec999b8f-4b0e-4160-bee3-118ddd8c6904,2026-07-08T17:45:00Z,2026-07-08T19:45:00+0200,3222.502,MW,DE,DE_LU,actual_offshore_wind_generation,Wind Offshore,2026-08-01T08:46:56Z
2026-08-01T08:44:53Z,2026-08-01T10:44:53+0200,ec999b8f-4b0e-4160-bee3-118ddd8c6904,2026-07-08T18:00:00Z,2026-07-08T20:00:00+0200,3141.289,MW,DE,DE_LU,actual_offshore_wind_generation,Wind Offshore,2026-08-01T08:46:56Z
2026-08-01T08:44:53Z,2026-08-01T10:44:53+0200,ec999b8f-4b0e-4160-bee3-118ddd8c6904,2026-07-08T18:15:00Z,2026-07-08T20:15:00+0200,3041.825,MW,DE,DE_LU,actual_offshore_wind_generation,Wind Offshore,2026-08-01T08:46:56Z
2026-08-01T08:44:53Z,2026-08-01T10:44:53+0200,ec999b8f-4b0e-4160-bee3-118ddd8c6904,2026-07-08T18:30:00Z,2026-07-08T20:30:00+0200,3004.563,MW,DE,DE_LU,actual_offshore_wind_generation,Wind Offshore,2026-08-01T08:46:56Z
2026-08-01T08:44:53Z,2026-08-01T10:44:53+0200,ec999b8f-4b0e-4160-bee3-118ddd8c6904,2026-07-08T18:45:00Z,2026-07-08T20:45:00+0200,3032.57,MW,DE,DE_LU,actual_offshore_wind_generation,Wind Offshore,2026-08-01T08:46:56Z
2026-08-01T08:44:53Z,2026-08-01T10:44:53+0200,ec999b8f-4b0e-4160-bee3-118ddd8c6904,2026-07-08T19:00:00Z,2026-07-08T21:00:00+0200,3063.629,MW,DE,DE_LU,actual_offshore_wind_generation,Wind Offshore,2026-08-01T08:46:56Z
2026-08-01T08:44:53Z,2026-08-01T10:44:53+0200,ec999b8f-4b0e-4160-bee3-118ddd8c6904,2026-07-08T19:15:00Z,2026-07-08T21:15:00+0200,3110.308,MW,DE,DE_LU,actual_offshore_wind_generation,Wind Offshore,2026-08-01T08:46:56Z
2026-08-01T08:44:53Z,2026-08-01T10:44:53+0200,ec999b8f-4b0e-4160-bee3-118ddd8c6904,2026-07-08T19:30:00Z,2026-07-08T21:30:00+0200,3147.249,MW,DE,DE_LU,actual_offshore_wind_generation,Wind Offshore,2026-08-01T08:46:56Z
2026-08-01T08:44:53Z,2026-08-01T10:44:53+0200,ec999b8f-4b0e-4160-bee3-118ddd8c6904,2026-07-08T19:45:00Z,2026-07-08T21:45:00+0200,3201.311,MW,DE,DE_LU,actual_offshore_wind_generation,Wind Offshore,2026-08-01T08:46:56Z
2026-08-01T08:44:53Z,2026-08-01T10:44:53+0200,ec999b8f-4b0e-4160-bee3-118ddd8c6904,2026-07-08T20:00:00Z,2026-07-08T22:00:00+0200,3712.022,MW,DE,DE_LU,actual_offshore_wind_generation,Wind Offshore,2026-08-01T08:46:56Z
2026-08-01T08:44:53Z,2026-08-01T10:44:53+0200,ec999b8f-4b0e-4160-bee3-118ddd8c6904,2026-07-08T20:15:00Z,2026-07-08T22:15:00+0200,3917.543,MW,DE,DE_LU,actual_offshore_wind_generation,Wind Offshore,2026-08-01T08:46:56Z
2026-08-01T08:44:53Z,2026-08-01T10:44:53+0200,ec999b8f-4b0e-4160-bee3-118ddd8c6904,2026-07-08T20:30:00Z,2026-07-08T22:30:00+0200,3862.998,MW,DE,DE_LU,actual_offshore_wind_generation,Wind Offshore,2026-08-01T08:46:56Z
2026-08-01T08:44:53Z,2026-08-01T10:44:53+0200,ec999b8f-4b0e-4160-bee3-118ddd8c6904,2026-07-08T20:45:00Z,2026-07-08T22:45:00+0200,3732.07,MW,DE,DE_LU,actual_offshore_wind_generation,Wind Offshore,2026-08-01T08:46:56Z
2026-08-01T08:44:53Z,2026-08-01T10:44:53+0200,ec999b8f-4b0e-4160-bee3-118ddd8c6904,2026-07-08T21:00:00Z,2026-07-08T23:00:00+0200,3493.019,MW,DE,DE_LU,actual_offshore_wind_generation,Wind Offshore,2026-08-01T08:46:56Z
2026-08-01T08:44:53Z,2026-08-01T10:44:53+0200,ec999b8f-4b0e-4160-bee3-118ddd8c6904,2026-07-08T21:15:00Z,2026-07-08T23:15:00+0200,3480.331,MW,DE,DE_LU,actual_offshore_wind_generation,Wind Offshore,2026-08-01T08:46:56Z
2026-08-01T08:44:53Z,2026-08-01T10:44:53+0200,ec999b8f-4b0e-4160-bee3-118ddd8c6904,2026-07-08T21:30:00Z,2026-07-08T23:30:00+0200,3275.378,MW,DE,DE_LU,actual_offshore_wind_generation,Wind Offshore,2026-08-01T08:46:56Z
2026-08-01T08:44:53Z,2026-08-01T10:44:53+0200,ec999b8f-4b0e-4160-bee3-118ddd8c6904,2026-07-08T21:45:00Z,2026-07-08T23:45:00+0200,2976.665,MW,DE,DE_LU,actual_offshore_wind_generation,Wind Offshore,2026-08-01T08:46:56Z
2026-08-01T08:44:53Z,2026-08-01T10:44:53+0200,ec999b8f-4b0e-4160-bee3-118ddd8c6904,2026-07-08T22:00:00Z,2026-07-09T00:00:00+0200,2762.006,MW,DE,DE_LU,actual_offshore_wind_generation,Wind Offshore,2026-08-01T08:46:56Z
2026-08-01T08:44:53Z,2026-08-01T10:44:53+0200,ec999b8f-4b0e-4160-bee3-118ddd8c6904,2026-07-08T22:15:00Z,2026-07-09T00:15:00+0200,2536.676,MW,DE,DE_LU,actual_offshore_wind_generation,Wind Offshore,2026-08-01T08:46:56Z
2026-08-01T08:44:53Z,2026-08-01T10:44:53+0200,ec999b8f-4b0e-4160-bee3-118ddd8c6904,2026-07-08T22:30:00Z,2026-07-09T00:30:00+0200,2374.396,MW,DE,DE_LU,actual_offshore_wind_generation,Wind Offshore,2026-08-01T08:46:56Z
2026-08-01T08:44:53Z,2026-08-01T10:44:53+0200,ec999b8f-4b0e-4160-bee3-118ddd8c6904,2026-07-08T22:45:00Z,2026-07-09T00:45:00+0200,2349.262,MW,DE,DE_LU,actual_offshore_wind_generation,Wind Offshore,2026-08-01T08:46:56Z
2026-08-01T08:44:53Z,2026-08-01T10:44:53+0200,ec999b8f-4b0e-4160-bee3-118ddd8c6904,2026-07-08T23:00:00Z,2026-07-09T01:00:00+0200,2449.467,MW,DE,DE_LU,actual_offshore_wind_generation,Wind Offshore,2026-08-01T08:46:56Z
2026-08-01T08:44:53Z,2026-08-01T10:44:53+0200,ec999b8f-4b0e-4160-bee3-118ddd8c6904,2026-07-08T23:15:00Z,2026-07-09T01:15:00+0200,2527.039,MW,DE,DE_LU,actual_offshore_wind_generation,Wind Offshore,2026-08-01T08:46:56Z
2026-08-01T08:44:53Z,2026-08-01T10:44:53+0200,ec999b8f-4b0e-4160-bee3-118ddd8c6904,2026-07-08T23:30:00Z,2026-07-09T01:30:00+0200,2489.569,MW,DE,DE_LU,actual_offshore_wind_generation,Wind Offshore,2026-08-01T08:46:56Z
2026-08-01T08:44:53Z,2026-08-01T10:44:53+0200,ec999b8f-4b0e-4160-bee3-118ddd8c6904,2026-07-08T23:45:00Z,2026-07-09T01:45:00+0200,2474.48,MW,DE,DE_LU,actual_offshore_wind_generation,Wind Offshore,2026-08-01T08:46:56Z
2026-08-01T08:44:53Z,2026-08-01T10:44:53+0200,ec999b8f-4b0e-4160-bee3-118ddd8c6904,2026-07-09T00:00:00Z,2026-07-09T02:00:00+0200,2747.152,MW,DE,DE_LU,actual_offshore_wind_generation,Wind Offshore,2026-08-01T08:46:56Z
2026-08-01T08:44:53Z,2026-08-01T10:44:53+0200,ec999b8f-4b0e-4160-bee3-118ddd8c6904,2026-07-09T00:15:00Z,2026-07-09T02:15:00+0200,2856.335,MW,DE,DE_LU,actual_offshore_wind_generation,Wind Offshore,2026-08-01T08:46:56Z
2026-08-01T08:44:53Z,2026-08-01T10:44:53+0200,ec999b8f-4b0e-4160-bee3-118ddd8c6904,2026-07-09T00:30:00Z,2026-07-09T02:30:00+0200,2985.779,MW,DE,DE_LU,actual_offshore_wind_generation,Wind Offshore,2026-08-01T08:46:56Z
2026-08-01T08:44:53Z,2026-08-01T10:44:53+0200,ec999b8f-4b0e-4160-bee3-118ddd8c6904,2026-07-09T00:45:00Z,2026-07-09T02:45:00+0200,3030.385,MW,DE,DE_LU,actual_offshore_wind_generation,Wind Offshore,2026-08-01T08:46:56Z
2026-08-01T08:44:53Z,2026-08-01T10:44:53+0200,ec999b8f-4b0e-4160-bee3-118ddd8c6904,2026-07-09T01:00:00Z,2026-07-09T03:00:00+0200,2938.794,MW,DE,DE_LU,actual_offshore_wind_generation,Wind Offshore,2026-08-01T08:46:56Z
2026-08-01T08:44:53Z,2026-08-01T10:44:53+0200,ec999b8f-4b0e-4160-bee3-118ddd8c6904,2026-07-09T01:15:00Z,2026-07-09T03:15:00+0200,2787.659,MW,DE,DE_LU,actual_offshore_wind_generation,Wind Offshore,2026-08-01T08:46:56Z
2026-08-01T08:44:53Z,2026-08-01T10:44:53+0200,ec999b8f-4b0e-4160-bee3-118ddd8c6904,2026-07-09T01:30:00Z,2026-07-09T03:30:00+0200,2712.264,MW,DE,DE_LU,actual_offshore_wind_generation,Wind Offshore,2026-08-01T08:46:56Z
2026-08-01T08:44:53Z,2026-08-01T10:44:53+0200,ec999b8f-4b0e-4160-bee3-118ddd8c6904,2026-07-09T01:45:00Z,2026-07-09T03:45:00+0200,2584.889,MW,DE,DE_LU,actual_offshore_wind_generation,Wind Offshore,2026-08-01T08:46:56Z
2026-08-01T08:44:53Z,2026-08-01T10:44:53+0200,ec999b8f-4b0e-4160-bee3-118ddd8c6904,2026-07-09T02:00:00Z,2026-07-09T04:00:00+0200,2492.602,MW,DE,DE_LU,actual_offshore_wind_generation,Wind Offshore,2026-08-01T08:46:56Z
2026-08-01T08:44:53Z,2026-08-01T10:44:53+0200,ec999b8f-4b0e-4160-bee3-118ddd8c6904,2026-07-09T02:15:00Z,2026-07-09T04:15:00+0200,2468.542,MW,DE,DE_LU,actual_offshore_wind_generation,Wind Offshore,2026-08-01T08:46:56Z
2026-08-01T08:44:53Z,2026-08-01T10:44:53+0200,ec999b8f-4b0e-4160-bee3-118ddd8c6904,2026-07-09T02:30:00Z,2026-07-09T04:30:00+0200,2507.297,MW,DE,DE_LU,actual_offshore_wind_generation,Wind Offshore,2026-08-01T08:46:56Z
2026-08-01T08:44:53Z,2026-08-01T10:44:53+0200,ec999b8f-4b0e-4160-bee3-118ddd8c6904,2026-07-09T02:45:00Z,2026-07-09T04:45:00+0200,2383.153,MW,DE,DE_LU,actual_offshore_wind_generation,Wind Offshore,2026-08-01T08:46:56Z
2026-08-01T08:44:53Z,2026-08-01T10:44:53+0200,ec999b8f-4b0e-4160-bee3-118ddd8c6904,2026-07-09T03:00:00Z,2026-07-09T05:00:00+0200,2434.795,MW,DE,DE_LU,actual_offshore_wind_generation,Wind Offshore,2026-08-01T08:46:56Z
2026-08-01T08:44:53Z,2026-08-01T10:44:53+0200,ec999b8f-4b0e-4160-bee3-118ddd8c6904,2026-07-09T03:15:00Z,2026-07-09T05:15:00+0200,2546.62,MW,DE,DE_LU,actual_offshore_wind_generation,Wind Offshore,2026-08-01T08:46:56Z
2026-08-01T08:44:53Z,2026-08-01T10:44:53+0200,ec999b8f-4b0e-4160-bee3-118ddd8c6904,2026-07-09T03:30:00Z,2026-07-09T05:30:00+0200,2503.167,MW,DE,DE_LU,actual_offshore_wind_generation,Wind Offshore,2026-08-01T08:46:56Z
2026-08-01T08:44:53Z,2026-08-01T10:44:53+0200,ec999b8f-4b0e-4160-bee3-118ddd8c6904,2026-07-09T03:45:00Z,2026-07-09T05:45:00+0200,2393.718,MW,DE,DE_LU,actual_offshore_wind_generation,Wind Offshore,2026-08-01T08:46:56Z
2026-08-01T08:44:53Z,2026-08-01T10:44:53+0200,ec999b8f-4b0e-4160-bee3-118ddd8c6904,2026-07-09T04:00:00Z,2026-07-09T06:00:00+0200,2307.646,MW,DE,DE_LU,actual_offshore_wind_generation,Wind Offshore,2026-08-01T08:46:56Z
2026-08-01T08:44:53Z,2026-08-01T10:44:53+0200,ec999b8f-4b0e-4160-bee3-118ddd8c6904,2026-07-09T04:15:00Z,2026-07-09T06:15:00+0200,2328.13,MW,DE,DE_LU,actual_offshore_wind_generation,Wind Offshore,2026-08-01T08:46:56Z
2026-08-01T08:44:53Z,2026-08-01T10:44:53+0200,ec999b8f-4b0e-4160-bee3-118ddd8c6904,2026-07-09T04:30:00Z,2026-07-09T06:30:00+0200,2341.209,MW,DE,DE_LU,actual_offshore_wind_generation,Wind Offshore,2026-08-01T08:46:56Z
2026-08-01T08:44:53Z,2026-08-01T10:44:53+0200,ec999b8f-4b0e-4160-bee3-118ddd8c6904,2026-07-09T04:45:00Z,2026-07-09T06:45:00+0200,2272.909,MW,DE,DE_LU,actual_offshore_wind_generation,Wind Offshore,2026-08-01T08:46:56Z
2026-08-01T08:44:53Z,2026-08-01T10:44:53+0200,ec999b8f-4b0e-4160-bee3-118ddd8c6904,2026-07-09T05:00:00Z,2026-07-09T07:00:00+0200,2359.797,MW,DE,DE_LU,actual_offshore_wind_generation,Wind Offshore,2026-08-01T08:46:56Z
2026-08-01T08:44:53Z,2026-08-01T10:44:53+0200,ec999b8f-4b0e-4160-bee3-118ddd8c6904,2026-07-09T05:15:00Z,2026-07-09T07:15:00+0200,2298.448,MW,DE,DE_LU,actual_offshore_wind_generation,Wind Offshore,2026-08-01T08:46:56Z
2026-08-01T08:44:53Z,2026-08-01T10:44:53+0200,ec999b8f-4b0e-4160-bee3-118ddd8c6904,2026-07-09T05:30:00Z,2026-07-09T07:30:00+0200,2226.649,MW,DE,DE_LU,actual_offshore_wind_generation,Wind Offshore,2026-08-01T08:46:56Z
2026-08-01T08:44:53Z,2026-08-01T10:44:53+0200,ec999b8f-4b0e-4160-bee3-118ddd8c6904,2026-07-09T05:45:00Z,2026-07-09T07:45:00+0200,2136.937,MW,DE,DE_LU,actual_offshore_wind_generation,Wind Offshore,2026-08-01T08:46:56Z
2026-08-01T08:44:53Z,2026-08-01T10:44:53+0200,ec999b8f-4b0e-4160-bee3-118ddd8c6904,2026-07-09T06:00:00Z,2026-07-09T08:00:00+0200,1945.905,MW,DE,DE_LU,actual_offshore_wind_generation,Wind Offshore,2026-08-01T08:46:56Z
2026-08-01T08:44:53Z,2026-08-01T10:44:53+0200,ec999b8f-4b0e-4160-bee3-118ddd8c6904,2026-07-09T06:15:00Z,2026-07-09T08:15:00+0200,1817.996,MW,DE,DE_LU,actual_offshore_wind_generation,Wind Offshore,2026-08-01T08:46:56Z
2026-08-01T08:44:53Z,2026-08-01T10:44:53+0200,ec999b8f-4b0e-4160-bee3-118ddd8c6904,2026-07-09T06:30:00Z,2026-07-09T08:30:00+0200,1730.545,MW,DE,DE_LU,actual_offshore_wind_generation,Wind Offshore,2026-08-01T08:46:56Z
2026-08-01T08:44:53Z,2026-08-01T10:44:53+0200,ec999b8f-4b0e-4160-bee3-118ddd8c6904,2026-07-09T06:45:00Z,2026-07-09T08:45:00+0200,1679.279,MW,DE,DE_LU,actual_offshore_wind_generation,Wind Offshore,2026-08-01T08:46:56Z
2026-08-01T08:44:53Z,2026-08-01T10:44:53+0200,ec999b8f-4b0e-4160-bee3-118ddd8c6904,2026-07-09T07:00:00Z,2026-07-09T09:00:00+0200,1598.452,MW,DE,DE_LU,actual_offshore_wind_generation,Wind Offshore,2026-08-01T08:46:56Z
2026-08-01T08:44:53Z,2026-08-01T10:44:53+0200,ec999b8f-4b0e-4160-bee3-118ddd8c6904,2026-07-09T07:15:00Z,2026-07-09T09:15:00+0200,1547.528,MW,DE,DE_LU,actual_offshore_wind_generation,Wind Offshore,2026-08-01T08:46:56Z
2026-08-01T08:44:53Z,2026-08-01T10:44:53+0200,ec999b8f-4b0e-4160-bee3-118ddd8c6904,2026-07-09T07:30:00Z,2026-07-09T09:30:00+0200,1524.322,MW,DE,DE_LU,actual_offshore_wind_generation,Wind Offshore,2026-08-01T08:46:56Z
2026-08-01T08:44:53Z,2026-08-01T10:44:53+0200,ec999b8f-4b0e-4160-bee3-118ddd8c6904,2026-07-09T07:45:00Z,2026-07-09T09:45:00+0200,1601.494,MW,DE,DE_LU,actual_offshore_wind_generation,Wind Offshore,2026-08-01T08:46:56Z
2026-08-01T08:44:53Z,2026-08-01T10:44:53+0200,ec999b8f-4b0e-4160-bee3-118ddd8c6904,2026-07-09T08:00:00Z,2026-07-09T10:00:00+0200,1383.159,MW,DE,DE_LU,actual_offshore_wind_generation,Wind Offshore,2026-08-01T08:46:56Z
2026-08-01T08:44:53Z,2026-08-01T10:44:53+0200,ec999b8f-4b0e-4160-bee3-118ddd8c6904,2026-07-09T08:15:00Z,2026-07-09T10:15:00+0200,1290.099,MW,DE,DE_LU,actual_offshore_wind_generation,Wind Offshore,2026-08-01T08:46:56Z
2026-08-01T08:44:53Z,2026-08-01T10:44:53+0200,ec999b8f-4b0e-4160-bee3-118ddd8c6904,2026-07-09T08:30:00Z,2026-07-09T10:30:00+0200,1187.413,MW,DE,DE_LU,actual_offshore_wind_generation,Wind Offshore,2026-08-01T08:46:56Z
2026-08-01T08:44:53Z,2026-08-01T10:44:53+0200,ec999b8f-4b0e-4160-bee3-118ddd8c6904,2026-07-09T08:45:00Z,2026-07-09T10:45:00+0200,1097.577,MW,DE,DE_LU,actual_offshore_wind_generation,Wind Offshore,2026-08-01T08:46:56Z
2026-08-01T08:44:53Z,2026-08-01T10:44:53+0200,ec999b8f-4b0e-4160-bee3-118ddd8c6904,2026-07-09T09:00:00Z,2026-07-09T11:00:00+0200,1153.893,MW,DE,DE_LU,actual_offshore_wind_generation,Wind Offshore,2026-08-01T08:46:56Z
2026-08-01T08:44:53Z,2026-08-01T10:44:53+0200,ec999b8f-4b0e-4160-bee3-118ddd8c6904,2026-07-09T09:15:00Z,2026-07-09T11:15:00+0200,1127.935,MW,DE,DE_LU,actual_offshore_wind_generation,Wind Offshore,2026-08-01T08:46:56Z
2026-08-01T08:44:53Z,2026-08-01T10:44:53+0200,ec999b8f-4b0e-4160-bee3-118ddd8c6904,2026-07-09T09:30:00Z,2026-07-09T11:30:00+0200,1144.325,MW,DE,DE_LU,actual_offshore_wind_generation,Wind Offshore,2026-08-01T08:46:56Z
2026-08-01T08:44:53Z,2026-08-01T10:44:53+0200,ec999b8f-4b0e-4160-bee3-118ddd8c6904,2026-07-09T09:45:00Z,2026-07-09T11:45:00+0200,1129.187,MW,DE,DE_LU,actual_offshore_wind_generation,Wind Offshore,2026-08-01T08:46:56Z
2026-08-01T08:44:53Z,2026-08-01T10:44:53+0200,ec999b8f-4b0e-4160-bee3-118ddd8c6904,2026-07-09T10:00:00Z,2026-07-09T12:00:00+0200,902.633,MW,DE,DE_LU,actual_offshore_wind_generation,Wind Offshore,2026-08-01T08:46:56Z
2026-08-01T08:44:53Z,2026-08-01T10:44:53+0200,ec999b8f-4b0e-4160-bee3-118ddd8c6904,2026-07-09T10:15:00Z,2026-07-09T12:15:00+0200,977.273,MW,DE,DE_LU,actual_offshore_wind_generation,Wind Offshore,2026-08-01T08:46:56Z
2026-08-01T08:44:53Z,2026-08-01T10:44:53+0200,ec999b8f-4b0e-4160-bee3-118ddd8c6904,2026-07-09T10:30:00Z,2026-07-09T12:30:00+0200,1103.093,MW,DE,DE_LU,actual_offshore_wind_generation,Wind Offshore,2026-08-01T08:46:56Z
2026-08-01T08:44:53Z,2026-08-01T10:44:53+0200,ec999b8f-4b0e-4160-bee3-118ddd8c6904,2026-07-09T10:45:00Z,2026-07-09T12:45:00+0200,1221.753,MW,DE,DE_LU,actual_offshore_wind_generation,Wind Offshore,2026-08-01T08:46:56Z
2026-08-01T08:44:53Z,2026-08-01T10:44:53+0200,ec999b8f-4b0e-4160-bee3-118ddd8c6904,2026-07-09T11:00:00Z,2026-07-09T13:00:00+0200,1270.695,MW,DE,DE_LU,actual_offshore_wind_generation,Wind Offshore,2026-08-01T08:46:56Z
2026-08-01T08:44:53Z,2026-08-01T10:44:53+0200,ec999b8f-4b0e-4160-bee3-118ddd8c6904,2026-07-09T11:15:00Z,2026-07-09T13:15:00+0200,1304.58,MW,DE,DE_LU,actual_offshore_wind_generation,Wind Offshore,2026-08-01T08:46:56Z
2026-08-01T08:44:53Z,2026-08-01T10:44:53+0200,ec999b8f-4b0e-4160-bee3-118ddd8c6904,2026-07-09T11:30:00Z,2026-07-09T13:30:00+0200,1371.235,MW,DE,DE_LU,actual_offshore_wind_generation,Wind Offshore,2026-08-01T08:46:56Z
2026-08-01T08:44:53Z,2026-08-01T10:44:53+0200,ec999b8f-4b0e-4160-bee3-118ddd8c6904,2026-07-09T11:45:00Z,2026-07-09T13:45:00+0200,1445.394,MW,DE,DE_LU,actual_offshore_wind_generation,Wind Offshore,2026-08-01T08:46:56Z
2026-08-01T08:44:53Z,2026-08-01T10:44:53+0200,ec999b8f-4b0e-4160-bee3-118ddd8c6904,2026-07-09T12:00:00Z,2026-07-09T14:00:00+0200,1433.861,MW,DE,DE_LU,actual_offshore_wind_generation,Wind Offshore,2026-08-01T08:46:56Z
2026-08-01T08:44:53Z,2026-08-01T10:44:53+0200,ec999b8f-4b0e-4160-bee3-118ddd8c6904,2026-07-09T12:15:00Z,2026-07-09T14:15:00+0200,1366.423,MW,DE,DE_LU,actual_offshore_wind_generation,Wind Offshore,2026-08-01T08:46:56Z
2026-08-01T08:44:53Z,2026-08-01T10:44:53+0200,ec999b8f-4b0e-4160-bee3-118ddd8c6904,2026-07-09T12:30:00Z,2026-07-09T14:30:00+0200,1365.15,MW,DE,DE_LU,actual_offshore_wind_generation,Wind Offshore,2026-08-01T08:46:56Z
2026-08-01T08:44:53Z,2026-08-01T10:44:53+0200,ec999b8f-4b0e-4160-bee3-118ddd8c6904,2026-07-09T12:45:00Z,2026-07-09T14:45:00+0200,1422.889,MW,DE,DE_LU,actual_offshore_wind_generation,Wind Offshore,2026-08-01T08:46:56Z
2026-08-01T08:44:53Z,2026-08-01T10:44:53+0200,ec999b8f-4b0e-4160-bee3-118ddd8c6904,2026-07-09T13:00:00Z,2026-07-09T15:00:00+0200,1338.467,MW,DE,DE_LU,actual_offshore_wind_generation,Wind Offshore,2026-08-01T08:46:56Z
2026-08-01T08:44:53Z,2026-08-01T10:44:53+0200,ec999b8f-4b0e-4160-bee3-118ddd8c6904,2026-07-09T13:15:00Z,2026-07-09T15:15:00+0200,1451.712,MW,DE,DE_LU,actual_offshore_wind_generation,Wind Offshore,2026-08-01T08:46:56Z
2026-08-01T08:44:53Z,2026-08-01T10:44:53+0200,ec999b8f-4b0e-4160-bee3-118ddd8c6904,2026-07-09T13:30:00Z,2026-07-09T15:30:00+0200,1470.358,MW,DE,DE_LU,actual_offshore_wind_generation,Wind Offshore,2026-08-01T08:46:56Z
2026-08-01T08:44:53Z,2026-08-01T10:44:53+0200,ec999b8f-4b0e-4160-bee3-118ddd8c6904,2026-07-09T13:45:00Z,2026-07-09T15:45:00+0200,1454.899,MW,DE,DE_LU,actual_offshore_wind_generation,Wind Offshore,2026-08-01T08:46:56Z
2026-08-01T08:44:53Z,2026-08-01T10:44:53+0200,ec999b8f-4b0e-4160-bee3-118ddd8c6904,2026-07-09T14:00:00Z,2026-07-09T16:00:00+0200,1578.054,MW,DE,DE_LU,actual_offshore_wind_generation,Wind Offshore,2026-08-01T08:46:56Z
2026-08-01T08:44:53Z,2026-08-01T10:44:53+0200,ec999b8f-4b0e-4160-bee3-118ddd8c6904,2026-07-09T14:15:00Z,2026-07-09T16:15:00+0200,1602.059,MW,DE,DE_LU,actual_offshore_wind_generation,Wind Offshore,2026-08-01T08:46:56Z
2026-08-01T08:44:53Z,2026-08-01T10:44:53+0200,ec999b8f-4b0e-4160-bee3-118ddd8c6904,2026-07-09T14:30:00Z,2026-07-09T16:30:00+0200,1559.923,MW,DE,DE_LU,actual_offshore_wind_generation,Wind Offshore,2026-08-01T08:46:56Z
2026-08-01T08:44:53Z,2026-08-01T10:44:53+0200,ec999b8f-4b0e-4160-bee3-118ddd8c6904,2026-07-09T14:45:00Z,2026-07-09T16:45:00+0200,1484.429,MW,DE,DE_LU,actual_offshore_wind_generation,Wind Offshore,2026-08-01T08:46:56Z
2026-08-01T08:44:53Z,2026-08-01T10:44:53+0200,ec999b8f-4b0e-4160-bee3-118ddd8c6904,2026-07-09T15:00:00Z,2026-07-09T17:00:00+0200,1534.895,MW,DE,DE_LU,actual_offshore_wind_generation,Wind Offshore,2026-08-01T08:46:56Z
2026-08-01T08:44:53Z,2026-08-01T10:44:53+0200,ec999b8f-4b0e-4160-bee3-118ddd8c6904,2026-07-09T15:15:00Z,2026-07-09T17:15:00+0200,1518.298,MW,DE,DE_LU,actual_offshore_wind_generation,Wind Offshore,2026-08-01T08:46:56Z
2026-08-01T08:44:53Z,2026-08-01T10:44:53+0200,ec999b8f-4b0e-4160-bee3-118ddd8c6904,2026-07-09T15:30:00Z,2026-07-09T17:30:00+0200,1502.242,MW,DE,DE_LU,actual_offshore_wind_generation,Wind Offshore,2026-08-01T08:46:56Z
2026-08-01T08:44:53Z,2026-08-01T10:44:53+0200,ec999b8f-4b0e-4160-bee3-118ddd8c6904,2026-07-09T15:45:00Z,2026-07-09T17:45:00+0200,1485.288,MW,DE,DE_LU,actual_offshore_wind_generation,Wind Offshore,2026-08-01T08:46:56Z
2026-08-01T08:44:53Z,2026-08-01T10:44:53+0200,ec999b8f-4b0e-4160-bee3-118ddd8c6904,2026-07-09T16:00:00Z,2026-07-09T18:00:00+0200,1475.661,MW,DE,DE_LU,actual_offshore_wind_generation,Wind Offshore,2026-08-01T08:46:56Z
2026-08-01T08:44:53Z,2026-08-01T10:44:53+0200,ec999b8f-4b0e-4160-bee3-118ddd8c6904,2026-07-09T16:15:00Z,2026-07-09T18:15:00+0200,1416.2,MW,DE,DE_LU,actual_offshore_wind_generation,Wind Offshore,2026-08-01T08:46:56Z
2026-08-01T08:44:53Z,2026-08-01T10:44:53+0200,ec999b8f-4b0e-4160-bee3-118ddd8c6904,2026-07-09T16:30:00Z,2026-07-09T18:30:00+0200,1431.88,MW,DE,DE_LU,actual_offshore_wind_generation,Wind Offshore,2026-08-01T08:46:56Z
2026-08-01T08:44:53Z,2026-08-01T10:44:53+0200,ec999b8f-4b0e-4160-bee3-118ddd8c6904,2026-07-09T16:45:00Z,2026-07-09T18:45:00+0200,1406.127,MW,DE,DE_LU,actual_offshore_wind_generation,Wind Offshore,2026-08-01T08:46:56Z
2026-08-01T08:44:53Z,2026-08-01T10:44:53+0200,ec999b8f-4b0e-4160-bee3-118ddd8c6904,2026-07-09T17:00:00Z,2026-07-09T19:00:00+0200,1328.097,MW,DE,DE_LU,actual_offshore_wind_generation,Wind Offshore,2026-08-01T08:46:56Z
2026-08-01T08:44:53Z,2026-08-01T10:44:53+0200,ec999b8f-4b0e-4160-bee3-118ddd8c6904,2026-07-09T17:15:00Z,2026-07-09T19:15:00+0200,1220.116,MW,DE,DE_LU,actual_offshore_wind_generation,Wind Offshore,2026-08-01T08:46:56Z
2026-08-01T08:44:53Z,2026-08-01T10:44:53+0200,ec999b8f-4b0e-4160-bee3-118ddd8c6904,2026-07-09T17:30:00Z,2026-07-09T19:30:00+0200,1112.611,MW,DE,DE_LU,actual_offshore_wind_generation,Wind Offshore,2026-08-01T08:46:56Z
2026-08-01T08:44:53Z,2026-08-01T10:44:53+0200,ec999b8f-4b0e-4160-bee3-118ddd8c6904,2026-07-09T17:45:00Z,2026-07-09T19:45:00+0200,1026.983,MW,DE,DE_LU,actual_offshore_wind_generation,Wind Offshore,2026-08-01T08:46:56Z
2026-08-01T08:44:53Z,2026-08-01T10:44:53+0200,ec999b8f-4b0e-4160-bee3-118ddd8c6904,2026-07-09T18:00:00Z,2026-07-09T20:00:00+0200,982.231,MW,DE,DE_LU,actual_offshore_wind_generation,Wind Offshore,2026-08-01T08:46:56Z
2026-08-01T08:44:53Z,2026-08-01T10:44:53+0200,ec999b8f-4b0e-4160-bee3-118ddd8c6904,2026-07-09T18:15:00Z,2026-07-09T20:15:00+0200,918.711,MW,DE,DE_LU,actual_offshore_wind_generation,Wind Offshore,2026-08-01T08:46:56Z
2026-08-01T08:44:53Z,2026-08-01T10:44:53+0200,ec999b8f-4b0e-4160-bee3-118ddd8c6904,2026-07-09T18:30:00Z,2026-07-09T20:30:00+0200,862.87,MW,DE,DE_LU,actual_offshore_wind_generation,Wind Offshore,2026-08-01T08:46:56Z
2026-08-01T08:44:53Z,2026-08-01T10:44:53+0200,ec999b8f-4b0e-4160-bee3-118ddd8c6904,2026-07-09T18:45:00Z,2026-07-09T20:45:00+0200,802.879,MW,DE,DE_LU,actual_offshore_wind_generation,Wind Offshore,2026-08-01T08:46:56Z
2026-08-01T08:44:53Z,2026-08-01T10:44:53+0200,ec999b8f-4b0e-4160-bee3-118ddd8c6904,2026-07-09T19:00:00Z,2026-07-09T21:00:00+0200,743.236,MW,DE,DE_LU,actual_offshore_wind_generation,Wind Offshore,2026-08-01T08:46:56Z
2026-08-01T08:44:53Z,2026-08-01T10:44:53+0200,ec999b8f-4b0e-4160-bee3-118ddd8c6904,2026-07-09T19:15:00Z,2026-07-09T21:15:00+0200,691.921,MW,DE,DE_LU,actual_offshore_wind_generation,Wind Offshore,2026-08-01T08:46:56Z
2026-08-01T08:44:53Z,2026-08-01T10:44:53+0200,ec999b8f-4b0e-4160-bee3-118ddd8c6904,2026-07-09T19:30:00Z,2026-07-09T21:30:00+0200,659.638,MW,DE,DE_LU,actual_offshore_wind_generation,Wind Offshore,2026-08-01T08:46:56Z
2026-08-01T08:44:53Z,2026-08-01T10:44:53+0200,ec999b8f-4b0e-4160-bee3-118ddd8c6904,2026-07-09T19:45:00Z,2026-07-09T21:45:00+0200,626.869,MW,DE,DE_LU,actual_offshore_wind_generation,Wind Offshore,2026-08-01T08:46:56Z
2026-08-01T08:44:53Z,2026-08-01T10:44:53+0200,ec999b8f-4b0e-4160-bee3-118ddd8c6904,2026-07-09T20:00:00Z,2026-07-09T22:00:00+0200,586.813,MW,DE,DE_LU,actual_offshore_wind_generation,Wind Offshore,2026-08-01T08:46:56Z
2026-08-01T08:44:53Z,2026-08-01T10:44:53+0200,ec999b8f-4b0e-4160-bee3-118ddd8c6904,2026-07-09T20:15:00Z,2026-07-09T22:15:00+0200,570.067,MW,DE,DE_LU,actual_offshore_wind_generation,Wind Offshore,2026-08-01T08:46:56Z
2026-08-01T08:44:53Z,2026-08-01T10:44:53+0200,ec999b8f-4b0e-4160-bee3-118ddd8c6904,2026-07-09T20:30:00Z,2026-07-09T22:30:00+0200,538.093,MW,DE,DE_LU,actual_offshore_wind_generation,Wind Offshore,2026-08-01T08:46:56Z
2026-08-01T08:44:53Z,2026-08-01T10:44:53+0200,ec999b8f-4b0e-4160-bee3-118ddd8c6904,2026-07-09T20:45:00Z,2026-07-09T22:45:00+0200,523.151,MW,DE,DE_LU,actual_offshore_wind_generation,Wind Offshore,2026-08-01T08:46:56Z
2026-08-01T08:44:53Z,2026-08-01T10:44:53+0200,ec999b8f-4b0e-4160-bee3-118ddd8c6904,2026-07-09T21:00:00Z,2026-07-09T23:00:00+0200,552.405,MW,DE,DE_LU,actual_offshore_wind_generation,Wind Offshore,2026-08-01T08:46:56Z
2026-08-01T08:44:53Z,2026-08-01T10:44:53+0200,ec999b8f-4b0e-4160-bee3-118ddd8c6904,2026-07-09T21:15:00Z,2026-07-09T23:15:00+0200,556.247,MW,DE,DE_LU,actual_offshore_wind_generation,Wind Offshore,2026-08-01T08:46:56Z
2026-08-01T08:44:53Z,2026-08-01T10:44:53+0200,ec999b8f-4b0e-4160-bee3-118ddd8c6904,2026-07-09T21:30:00Z,2026-07-09T23:30:00+0200,587.897,MW,DE,DE_LU,actual_offshore_wind_generation,Wind Offshore,2026-08-01T08:46:56Z
2026-08-01T08:44:53Z,2026-08-01T10:44:53+0200,ec999b8f-4b0e-4160-bee3-118ddd8c6904,2026-07-09T21:45:00Z,2026-07-09T23:45:00+0200,612.066,MW,DE,DE_LU,actual_offshore_wind_generation,Wind Offshore,2026-08-01T08:46:56Z
2026-08-01T08:44:53Z,2026-08-01T10:44:53+0200,ec999b8f-4b0e-4160-bee3-118ddd8c6904,2026-07-09T22:00:00Z,2026-07-10T00:00:00+0200,659.57,MW,DE,DE_LU,actual_offshore_wind_generation,Wind Offshore,2026-08-01T08:46:56Z
2026-08-01T08:44:53Z,2026-08-01T10:44:53+0200,ec999b8f-4b0e-4160-bee3-118ddd8c6904,2026-07-09T22:15:00Z,2026-07-10T00:15:00+0200,714.126,MW,DE,DE_LU,actual_offshore_wind_generation,Wind Offshore,2026-08-01T08:46:56Z
2026-08-01T08:44:53Z,2026-08-01T10:44:53+0200,ec999b8f-4b0e-4160-bee3-118ddd8c6904,2026-07-09T22:30:00Z,2026-07-10T00:30:00+0200,749.479,MW,DE,DE_LU,actual_offshore_wind_generation,Wind Offshore,2026-08-01T08:46:56Z
2026-08-01T08:44:53Z,2026-08-01T10:44:53+0200,ec999b8f-4b0e-4160-bee3-118ddd8c6904,2026-07-09T22:45:00Z,2026-07-10T00:45:00+0200,758.824,MW,DE,DE_LU,actual_offshore_wind_generation,Wind Offshore,2026-08-01T08:46:56Z
2026-08-01T08:44:53Z,2026-08-01T10:44:53+0200,ec999b8f-4b0e-4160-bee3-118ddd8c6904,2026-07-09T23:00:00Z,2026-07-10T01:00:00+0200,730.574,MW,DE,DE_LU,actual_offshore_wind_generation,Wind Offshore,2026-08-01T08:46:56Z
2026-08-01T08:44:53Z,2026-08-01T10:44:53+0200,ec999b8f-4b0e-4160-bee3-118ddd8c6904,2026-07-09T23:15:00Z,2026-07-10T01:15:00+0200,727.71,MW,DE,DE_LU,actual_offshore_wind_generation,Wind Offshore,2026-08-01T08:46:56Z
2026-08-01T08:44:53Z,2026-08-01T10:44:53+0200,ec999b8f-4b0e-4160-bee3-118ddd8c6904,2026-07-09T23:30:00Z,2026-07-10T01:30:00+0200,715.625,MW,DE,DE_LU,actual_offshore_wind_generation,Wind Offshore,2026-08-01T08:46:56Z
2026-08-01T08:44:53Z,2026-08-01T10:44:53+0200,ec999b8f-4b0e-4160-bee3-118ddd8c6904,2026-07-09T23:45:00Z,2026-07-10T01:45:00+0200,723.202,MW,DE,DE_LU,actual_offshore_wind_generation,Wind Offshore,2026-08-01T08:46:56Z
2026-08-01T08:44:53Z,2026-08-01T10:44:53+0200,ec999b8f-4b0e-4160-bee3-118ddd8c6904,2026-07-10T00:00:00Z,2026-07-10T02:00:00+0200,705.885,MW,DE,DE_LU,actual_offshore_wind_generation,Wind Offshore,2026-08-01T08:46:56Z
2026-08-01T08:44:53Z,2026-08-01T10:44:53+0200,ec999b8f-4b0e-4160-bee3-118ddd8c6904,2026-07-10T00:15:00Z,2026-07-10T02:15:00+0200,646.704,MW,DE,DE_LU,actual_offshore_wind_generation,Wind Offshore,2026-08-01T08:46:56Z
2026-08-01T08:44:53Z,2026-08-01T10:44:53+0200,ec999b8f-4b0e-4160-bee3-118ddd8c6904,2026-07-10T00:30:00Z,2026-07-10T02:30:00+0200,577.201,MW,DE,DE_LU,actual_offshore_wind_generation,Wind Offshore,2026-08-01T08:46:56Z
2026-08-01T08:44:53Z,2026-08-01T10:44:53+0200,ec999b8f-4b0e-4160-bee3-118ddd8c6904,2026-07-10T00:45:00Z,2026-07-10T02:45:00+0200,459.979,MW,DE,DE_LU,actual_offshore_wind_generation,Wind Offshore,2026-08-01T08:46:56Z
2026-08-01T08:44:53Z,2026-08-01T10:44:53+0200,ec999b8f-4b0e-4160-bee3-118ddd8c6904,2026-07-10T01:00:00Z,2026-07-10T03:00:00+0200,356.177,MW,DE,DE_LU,actual_offshore_wind_generation,Wind Offshore,2026-08-01T08:46:56Z
2026-08-01T08:44:53Z,2026-08-01T10:44:53+0200,ec999b8f-4b0e-4160-bee3-118ddd8c6904,2026-07-10T01:15:00Z,2026-07-10T03:15:00+0200,287.989,MW,DE,DE_LU,actual_offshore_wind_generation,Wind Offshore,2026-08-01T08:46:56Z
2026-08-01T08:44:53Z,2026-08-01T10:44:53+0200,ec999b8f-4b0e-4160-bee3-118ddd8c6904,2026-07-10T01:30:00Z,2026-07-10T03:30:00+0200,287.237,MW,DE,DE_LU,actual_offshore_wind_generation,Wind Offshore,2026-08-01T08:46:56Z
2026-08-01T08:44:53Z,2026-08-01T10:44:53+0200,ec999b8f-4b0e-4160-bee3-118ddd8c6904,2026-07-10T01:45:00Z,2026-07-10T03:45:00+0200,289.86,MW,DE,DE_LU,actual_offshore_wind_generation,Wind Offshore,2026-08-01T08:46:56Z
2026-08-01T08:44:53Z,2026-08-01T10:44:53+0200,ec999b8f-4b0e-4160-bee3-118ddd8c6904,2026-07-10T02:00:00Z,2026-07-10T04:00:00+0200,287.695,MW,DE,DE_LU,actual_offshore_wind_generation,Wind Offshore,2026-08-01T08:46:56Z
2026-08-01T08:44:53Z,2026-08-01T10:44:53+0200,ec999b8f-4b0e-4160-bee3-118ddd8c6904,2026-07-10T02:15:00Z,2026-07-10T04:15:00+0200,311.719,MW,DE,DE_LU,actual_offshore_wind_generation,Wind Offshore,2026-08-01T08:46:56Z
2026-08-01T08:44:53Z,2026-08-01T10:44:53+0200,ec999b8f-4b0e-4160-bee3-118ddd8c6904,2026-07-10T02:30:00Z,2026-07-10T04:30:00+0200,299.233,MW,DE,DE_LU,actual_offshore_wind_generation,Wind Offshore,2026-08-01T08:46:56Z
2026-08-01T08:44:53Z,2026-08-01T10:44:53+0200,ec999b8f-4b0e-4160-bee3-118ddd8c6904,2026-07-10T02:45:00Z,2026-07-10T04:45:00+0200,265.394,MW,DE,DE_LU,actual_offshore_wind_generation,Wind Offshore,2026-08-01T08:46:56Z
2026-08-01T08:44:53Z,2026-08-01T10:44:53+0200,ec999b8f-4b0e-4160-bee3-118ddd8c6904,2026-07-10T03:00:00Z,2026-07-10T05:00:00+0200,212.874,MW,DE,DE_LU,actual_offshore_wind_generation,Wind Offshore,2026-08-01T08:46:56Z
2026-08-01T08:44:53Z,2026-08-01T10:44:53+0200,ec999b8f-4b0e-4160-bee3-118ddd8c6904,2026-07-10T03:15:00Z,2026-07-10T05:15:00+0200,169.364,MW,DE,DE_LU,actual_offshore_wind_generation,Wind Offshore,2026-08-01T08:46:56Z
2026-08-01T08:44:53Z,2026-08-01T10:44:53+0200,ec999b8f-4b0e-4160-bee3-118ddd8c6904,2026-07-10T03:30:00Z,2026-07-10T05:30:00+0200,158.022,MW,DE,DE_LU,actual_offshore_wind_generation,Wind Offshore,2026-08-01T08:46:56Z
2026-08-01T08:44:53Z,2026-08-01T10:44:53+0200,ec999b8f-4b0e-4160-bee3-118ddd8c6904,2026-07-10T03:45:00Z,2026-07-10T05:45:00+0200,143.007,MW,DE,DE_LU,actual_offshore_wind_generation,Wind Offshore,2026-08-01T08:46:56Z
2026-08-01T08:44:53Z,2026-08-01T10:44:53+0200,ec999b8f-4b0e-4160-bee3-118ddd8c6904,2026-07-10T04:00:00Z,2026-07-10T06:00:00+0200,144.895,MW,DE,DE_LU,actual_offshore_wind_generation,Wind Offshore,2026-08-01T08:46:56Z
2026-08-01T08:44:53Z,2026-08-01T10:44:53+0200,ec999b8f-4b0e-4160-bee3-118ddd8c6904,2026-07-10T04:15:00Z,2026-07-10T06:15:00+0200,146.598,MW,DE,DE_LU,actual_offshore_wind_generation,Wind Offshore,2026-08-01T08:46:56Z
2026-08-01T08:44:53Z,2026-08-01T10:44:53+0200,ec999b8f-4b0e-4160-bee3-118ddd8c6904,2026-07-10T04:30:00Z,2026-07-10T06:30:00+0200,151.36,MW,DE,DE_LU,actual_offshore_wind_generation,Wind Offshore,2026-08-01T08:46:56Z
2026-08-01T08:44:53Z,2026-08-01T10:44:53+0200,ec999b8f-4b0e-4160-bee3-118ddd8c6904,2026-07-10T04:45:00Z,2026-07-10T06:45:00+0200,137.712,MW,DE,DE_LU,actual_offshore_wind_generation,Wind Offshore,2026-08-01T08:46:56Z
2026-08-01T08:44:53Z,2026-08-01T10:44:53+0200,ec999b8f-4b0e-4160-bee3-118ddd8c6904,2026-07-10T05:00:00Z,2026-07-10T07:00:00+0200,119.272,MW,DE,DE_LU,actual_offshore_wind_generation,Wind Offshore,2026-08-01T08:46:56Z
2026-08-01T08:44:53Z,2026-08-01T10:44:53+0200,ec999b8f-4b0e-4160-bee3-118ddd8c6904,2026-07-10T05:15:00Z,2026-07-10T07:15:00+0200,120.937,MW,DE,DE_LU,actual_offshore_wind_generation,Wind Offshore,2026-08-01T08:46:56Z
2026-08-01T08:44:53Z,2026-08-01T10:44:53+0200,ec999b8f-4b0e-4160-bee3-118ddd8c6904,2026-07-10T05:30:00Z,2026-07-10T07:30:00+0200,142.084,MW,DE,DE_LU,actual_offshore_wind_generation,Wind Offshore,2026-08-01T08:46:56Z
2026-08-01T08:44:53Z,2026-08-01T10:44:53+0200,ec999b8f-4b0e-4160-bee3-118ddd8c6904,2026-07-10T05:45:00Z,2026-07-10T07:45:00+0200,114.759,MW,DE,DE_LU,actual_offshore_wind_generation,Wind Offshore,2026-08-01T08:46:56Z
2026-08-01T08:44:53Z,2026-08-01T10:44:53+0200,ec999b8f-4b0e-4160-bee3-118ddd8c6904,2026-07-10T06:00:00Z,2026-07-10T08:00:00+0200,92.27,MW,DE,DE_LU,actual_offshore_wind_generation,Wind Offshore,2026-08-01T08:46:56Z
2026-08-01T08:44:53Z,2026-08-01T10:44:53+0200,ec999b8f-4b0e-4160-bee3-118ddd8c6904,2026-07-10T06:15:00Z,2026-07-10T08:15:00+0200,82.59,MW,DE,DE_LU,actual_offshore_wind_generation,Wind Offshore,2026-08-01T08:46:56Z
2026-08-01T08:44:53Z,2026-08-01T10:44:53+0200,ec999b8f-4b0e-4160-bee3-118ddd8c6904,2026-07-10T06:30:00Z,2026-07-10T08:30:00+0200,59.74,MW,DE,DE_LU,actual_offshore_wind_generation,Wind Offshore,2026-08-01T08:46:56Z
2026-08-01T08:44:53Z,2026-08-01T10:44:53+0200,ec999b8f-4b0e-4160-bee3-118ddd8c6904,2026-07-10T06:45:00Z,2026-07-10T08:45:00+0200,52.197,MW,DE,DE_LU,actual_offshore_wind_generation,Wind Offshore,2026-08-01T08:46:56Z
2026-08-01T08:44:53Z,2026-08-01T10:44:53+0200,ec999b8f-4b0e-4160-bee3-118ddd8c6904,2026-07-10T07:00:00Z,2026-07-10T09:00:00+0200,52.979,MW,DE,DE_LU,actual_offshore_wind_generation,Wind Offshore,2026-08-01T08:46:56Z
2026-08-01T08:44:53Z,2026-08-01T10:44:53+0200,ec999b8f-4b0e-4160-bee3-118ddd8c6904,2026-07-10T07:15:00Z,2026-07-10T09:15:00+0200,38.759,MW,DE,DE_LU,actual_offshore_wind_generation,Wind Offshore,2026-08-01T08:46:56Z
2026-08-01T08:44:53Z,2026-08-01T10:44:53+0200,ec999b8f-4b0e-4160-bee3-118ddd8c6904,2026-07-10T07:30:00Z,2026-07-10T09:30:00+0200,35.233,MW,DE,DE_LU,actual_offshore_wind_generation,Wind Offshore,2026-08-01T08:46:56Z
2026-08-01T08:44:53Z,2026-08-01T10:44:53+0200,ec999b8f-4b0e-4160-bee3-118ddd8c6904,2026-07-10T07:45:00Z,2026-07-10T09:45:00+0200,27.56,MW,DE,DE_LU,actual_offshore_wind_generation,Wind Offshore,2026-08-01T08:46:56Z
2026-08-01T08:44:53Z,2026-08-01T10:44:53+0200,ec999b8f-4b0e-4160-bee3-118ddd8c6904,2026-07-10T08:00:00Z,2026-07-10T10:00:00+0200,15.203,MW,DE,DE_LU,actual_offshore_wind_generation,Wind Offshore,2026-08-01T08:46:56Z
2026-08-01T08:44:53Z,2026-08-01T10:44:53+0200,ec999b8f-4b0e-4160-bee3-118ddd8c6904,2026-07-10T08:15:00Z,2026-07-10T10:15:00+0200,14.88,MW,DE,DE_LU,actual_offshore_wind_generation,Wind Offshore,2026-08-01T08:46:56Z
2026-08-01T08:44:53Z,2026-08-01T10:44:53+0200,ec999b8f-4b0e-4160-bee3-118ddd8c6904,2026-07-10T08:30:00Z,2026-07-10T10:30:00+0200,18.501,MW,DE,DE_LU,actual_offshore_wind_generation,Wind Offshore,2026-08-01T08:46:56Z
2026-08-01T08:44:53Z,2026-08-01T10:44:53+0200,ec999b8f-4b0e-4160-bee3-118ddd8c6904,2026-07-10T08:45:00Z,2026-07-10T10:45:00+0200,25.317,MW,DE,DE_LU,actual_offshore_wind_generation,Wind Offshore,2026-08-01T08:46:56Z
2026-08-01T08:44:53Z,2026-08-01T10:44:53+0200,ec999b8f-4b0e-4160-bee3-118ddd8c6904,2026-07-10T09:00:00Z,2026-07-10T11:00:00+0200,21.926,MW,DE,DE_LU,actual_offshore_wind_generation,Wind Offshore,2026-08-01T08:46:56Z
2026-08-01T08:44:53Z,2026-08-01T10:44:53+0200,ec999b8f-4b0e-4160-bee3-118ddd8c6904,2026-07-10T09:15:00Z,2026-07-10T11:15:00+0200,41.857,MW,DE,DE_LU,actual_offshore_wind_generation,Wind Offshore,2026-08-01T08:46:56Z
2026-08-01T08:44:53Z,2026-08-01T10:44:53+0200,ec999b8f-4b0e-4160-bee3-118ddd8c6904,2026-07-10T09:30:00Z,2026-07-10T11:30:00+0200,68.547,MW,DE,DE_LU,actual_offshore_wind_generation,Wind Offshore,2026-08-01T08:46:56Z
2026-08-01T08:44:53Z,2026-08-01T10:44:53+0200,ec999b8f-4b0e-4160-bee3-118ddd8c6904,2026-07-10T09:45:00Z,2026-07-10T11:45:00+0200,92.161,MW,DE,DE_LU,actual_offshore_wind_generation,Wind Offshore,2026-08-01T08:46:56Z
2026-08-01T08:44:53Z,2026-08-01T10:44:53+0200,ec999b8f-4b0e-4160-bee3-118ddd8c6904,2026-07-10T10:00:00Z,2026-07-10T12:00:00+0200,111.758,MW,DE,DE_LU,actual_offshore_wind_generation,Wind Offshore,2026-08-01T08:46:56Z
2026-08-01T08:44:53Z,2026-08-01T10:44:53+0200,ec999b8f-4b0e-4160-bee3-118ddd8c6904,2026-07-10T10:15:00Z,2026-07-10T12:15:00+0200,137.924,MW,DE,DE_LU,actual_offshore_wind_generation,Wind Offshore,2026-08-01T08:46:56Z
2026-08-01T08:44:53Z,2026-08-01T10:44:53+0200,ec999b8f-4b0e-4160-bee3-118ddd8c6904,2026-07-10T10:30:00Z,2026-07-10T12:30:00+0200,139.504,MW,DE,DE_LU,actual_offshore_wind_generation,Wind Offshore,2026-08-01T08:46:56Z
2026-08-01T08:44:53Z,2026-08-01T10:44:53+0200,ec999b8f-4b0e-4160-bee3-118ddd8c6904,2026-07-10T10:45:00Z,2026-07-10T12:45:00+0200,127.034,MW,DE,DE_LU,actual_offshore_wind_generation,Wind Offshore,2026-08-01T08:46:56Z
2026-08-01T08:44:53Z,2026-08-01T10:44:53+0200,ec999b8f-4b0e-4160-bee3-118ddd8c6904,2026-07-10T11:00:00Z,2026-07-10T13:00:00+0200,91.849,MW,DE,DE_LU,actual_offshore_wind_generation,Wind Offshore,2026-08-01T08:46:56Z
2026-08-01T08:44:53Z,2026-08-01T10:44:53+0200,ec999b8f-4b0e-4160-bee3-118ddd8c6904,2026-07-10T11:15:00Z,2026-07-10T13:15:00+0200,69.331,MW,DE,DE_LU,actual_offshore_wind_generation,Wind Offshore,2026-08-01T08:46:56Z
2026-08-01T08:44:53Z,2026-08-01T10:44:53+0200,ec999b8f-4b0e-4160-bee3-118ddd8c6904,2026-07-10T11:30:00Z,2026-07-10T13:30:00+0200,61.752,MW,DE,DE_LU,actual_offshore_wind_generation,Wind Offshore,2026-08-01T08:46:56Z
2026-08-01T08:44:53Z,2026-08-01T10:44:53+0200,ec999b8f-4b0e-4160-bee3-118ddd8c6904,2026-07-10T11:45:00Z,2026-07-10T13:45:00+0200,76.023,MW,DE,DE_LU,actual_offshore_wind_generation,Wind Offshore,2026-08-01T08:46:56Z
2026-08-01T08:44:53Z,2026-08-01T10:44:53+0200,ec999b8f-4b0e-4160-bee3-118ddd8c6904,2026-07-10T12:00:00Z,2026-07-10T14:00:00+0200,67.844,MW,DE,DE_LU,actual_offshore_wind_generation,Wind Offshore,2026-08-01T08:46:56Z
2026-08-01T08:44:53Z,2026-08-01T10:44:53+0200,ec999b8f-4b0e-4160-bee3-118ddd8c6904,2026-07-10T12:15:00Z,2026-07-10T14:15:00+0200,52.94,MW,DE,DE_LU,actual_offshore_wind_generation,Wind Offshore,2026-08-01T08:46:56Z
2026-08-01T08:44:53Z,2026-08-01T10:44:53+0200,ec999b8f-4b0e-4160-bee3-118ddd8c6904,2026-07-10T12:30:00Z,2026-07-10T14:30:00+0200,40.733,MW,DE,DE_LU,actual_offshore_wind_generation,Wind Offshore,2026-08-01T08:46:56Z
2026-08-01T08:44:53Z,2026-08-01T10:44:53+0200,ec999b8f-4b0e-4160-bee3-118ddd8c6904,2026-07-10T12:45:00Z,2026-07-10T14:45:00+0200,38.872,MW,DE,DE_LU,actual_offshore_wind_generation,Wind Offshore,2026-08-01T08:46:56Z
2026-08-01T08:44:53Z,2026-08-01T10:44:53+0200,ec999b8f-4b0e-4160-bee3-118ddd8c6904,2026-07-10T13:00:00Z,2026-07-10T15:00:00+0200,48.762,MW,DE,DE_LU,actual_offshore_wind_generation,Wind Offshore,2026-08-01T08:46:56Z
2026-08-01T08:44:53Z,2026-08-01T10:44:53+0200,ec999b8f-4b0e-4160-bee3-118ddd8c6904,2026-07-10T13:15:00Z,2026-07-10T15:15:00+0200,67.671,MW,DE,DE_LU,actual_offshore_wind_generation,Wind Offshore,2026-08-01T08:46:56Z
2026-08-01T08:44:53Z,2026-08-01T10:44:53+0200,ec999b8f-4b0e-4160-bee3-118ddd8c6904,2026-07-10T13:30:00Z,2026-07-10T15:30:00+0200,81.161,MW,DE,DE_LU,actual_offshore_wind_generation,Wind Offshore,2026-08-01T08:46:56Z
2026-08-01T08:44:53Z,2026-08-01T10:44:53+0200,ec999b8f-4b0e-4160-bee3-118ddd8c6904,2026-07-10T13:45:00Z,2026-07-10T15:45:00+0200,94.5,MW,DE,DE_LU,actual_offshore_wind_generation,Wind Offshore,2026-08-01T08:46:56Z
2026-08-01T08:44:53Z,2026-08-01T10:44:53+0200,ec999b8f-4b0e-4160-bee3-118ddd8c6904,2026-07-10T14:00:00Z,2026-07-10T16:00:00+0200,123.497,MW,DE,DE_LU,actual_offshore_wind_generation,Wind Offshore,2026-08-01T08:46:56Z
2026-08-01T08:44:53Z,2026-08-01T10:44:53+0200,ec999b8f-4b0e-4160-bee3-118ddd8c6904,2026-07-10T14:15:00Z,2026-07-10T16:15:00+0200,134.583,MW,DE,DE_LU,actual_offshore_wind_generation,Wind Offshore,2026-08-01T08:46:56Z
2026-08-01T08:44:53Z,2026-08-01T10:44:53+0200,ec999b8f-4b0e-4160-bee3-118ddd8c6904,2026-07-10T14:30:00Z,2026-07-10T16:30:00+0200,126.974,MW,DE,DE_LU,actual_offshore_wind_generation,Wind Offshore,2026-08-01T08:46:56Z
2026-08-01T08:44:53Z,2026-08-01T10:44:53+0200,ec999b8f-4b0e-4160-bee3-118ddd8c6904,2026-07-10T14:45:00Z,2026-07-10T16:45:00+0200,99.284,MW,DE,DE_LU,actual_offshore_wind_generation,Wind Offshore,2026-08-01T08:46:56Z
2026-08-01T08:44:53Z,2026-08-01T10:44:53+0200,ec999b8f-4b0e-4160-bee3-118ddd8c6904,2026-07-10T15:00:00Z,2026-07-10T17:00:00+0200,105.394,MW,DE,DE_LU,actual_offshore_wind_generation,Wind Offshore,2026-08-01T08:46:56Z
2026-08-01T08:44:53Z,2026-08-01T10:44:53+0200,ec999b8f-4b0e-4160-bee3-118ddd8c6904,2026-07-10T15:15:00Z,2026-07-10T17:15:00+0200,115.493,MW,DE,DE_LU,actual_offshore_wind_generation,Wind Offshore,2026-08-01T08:46:56Z
2026-08-01T08:44:53Z,2026-08-01T10:44:53+0200,ec999b8f-4b0e-4160-bee3-118ddd8c6904,2026-07-10T15:30:00Z,2026-07-10T17:30:00+0200,113.436,MW,DE,DE_LU,actual_offshore_wind_generation,Wind Offshore,2026-08-01T08:46:56Z
2026-08-01T08:44:53Z,2026-08-01T10:44:53+0200,ec999b8f-4b0e-4160-bee3-118ddd8c6904,2026-07-10T15:45:00Z,2026-07-10T17:45:00+0200,96.914,MW,DE,DE_LU,actual_offshore_wind_generation,Wind Offshore,2026-08-01T08:46:56Z
2026-08-01T08:44:53Z,2026-08-01T10:44:53+0200,ec999b8f-4b0e-4160-bee3-118ddd8c6904,2026-07-10T16:00:00Z,2026-07-10T18:00:00+0200,95.718,MW,DE,DE_LU,actual_offshore_wind_generation,Wind Offshore,2026-08-01T08:46:56Z
2026-08-01T08:44:53Z,2026-08-01T10:44:53+0200,ec999b8f-4b0e-4160-bee3-118ddd8c6904,2026-07-10T16:15:00Z,2026-07-10T18:15:00+0200,95.336,MW,DE,DE_LU,actual_offshore_wind_generation,Wind Offshore,2026-08-01T08:46:56Z
2026-08-01T08:44:53Z,2026-08-01T10:44:53+0200,ec999b8f-4b0e-4160-bee3-118ddd8c6904,2026-07-10T16:30:00Z,2026-07-10T18:30:00+0200,82.182,MW,DE,DE_LU,actual_offshore_wind_generation,Wind Offshore,2026-08-01T08:46:56Z
2026-08-01T08:44:53Z,2026-08-01T10:44:53+0200,ec999b8f-4b0e-4160-bee3-118ddd8c6904,2026-07-10T16:45:00Z,2026-07-10T18:45:00+0200,85.934,MW,DE,DE_LU,actual_offshore_wind_generation,Wind Offshore,2026-08-01T08:46:56Z
2026-08-01T08:44:53Z,2026-08-01T10:44:53+0200,ec999b8f-4b0e-4160-bee3-118ddd8c6904,2026-07-10T17:00:00Z,2026-07-10T19:00:00+0200,98.29,MW,DE,DE_LU,actual_offshore_wind_generation,Wind Offshore,2026-08-01T08:46:56Z
2026-08-01T08:44:53Z,2026-08-01T10:44:53+0200,ec999b8f-4b0e-4160-bee3-118ddd8c6904,2026-07-10T17:15:00Z,2026-07-10T19:15:00+0200,139.011,MW,DE,DE_LU,actual_offshore_wind_generation,Wind Offshore,2026-08-01T08:46:56Z
2026-08-01T08:44:53Z,2026-08-01T10:44:53+0200,ec999b8f-4b0e-4160-bee3-118ddd8c6904,2026-07-10T17:30:00Z,2026-07-10T19:30:00+0200,171.082,MW,DE,DE_LU,actual_offshore_wind_generation,Wind Offshore,2026-08-01T08:46:56Z
2026-08-01T08:44:53Z,2026-08-01T10:44:53+0200,ec999b8f-4b0e-4160-bee3-118ddd8c6904,2026-07-10T17:45:00Z,2026-07-10T19:45:00+0200,201.789,MW,DE,DE_LU,actual_offshore_wind_generation,Wind Offshore,2026-08-01T08:46:56Z
2026-08-01T08:44:53Z,2026-08-01T10:44:53+0200,ec999b8f-4b0e-4160-bee3-118ddd8c6904,2026-07-10T18:00:00Z,2026-07-10T20:00:00+0200,213.367,MW,DE,DE_LU,actual_offshore_wind_generation,Wind Offshore,2026-08-01T08:46:56Z
2026-08-01T08:44:53Z,2026-08-01T10:44:53+0200,ec999b8f-4b0e-4160-bee3-118ddd8c6904,2026-07-10T18:15:00Z,2026-07-10T20:15:00+0200,198.86,MW,DE,DE_LU,actual_offshore_wind_generation,Wind Offshore,2026-08-01T08:46:56Z
2026-08-01T08:44:53Z,2026-08-01T10:44:53+0200,ec999b8f-4b0e-4160-bee3-118ddd8c6904,2026-07-10T18:30:00Z,2026-07-10T20:30:00+0200,166.55,MW,DE,DE_LU,actual_offshore_wind_generation,Wind Offshore,2026-08-01T08:46:56Z
2026-08-01T08:44:53Z,2026-08-01T10:44:53+0200,ec999b8f-4b0e-4160-bee3-118ddd8c6904,2026-07-10T18:45:00Z,2026-07-10T20:45:00+0200,156.28,MW,DE,DE_LU,actual_offshore_wind_generation,Wind Offshore,2026-08-01T08:46:56Z
2026-08-01T08:44:53Z,2026-08-01T10:44:53+0200,ec999b8f-4b0e-4160-bee3-118ddd8c6904,2026-07-10T19:00:00Z,2026-07-10T21:00:00+0200,162.223,MW,DE,DE_LU,actual_offshore_wind_generation,Wind Offshore,2026-08-01T08:46:56Z
2026-08-01T08:44:53Z,2026-08-01T10:44:53+0200,ec999b8f-4b0e-4160-bee3-118ddd8c6904,2026-07-10T19:15:00Z,2026-07-10T21:15:00+0200,149.388,MW,DE,DE_LU,actual_offshore_wind_generation,Wind Offshore,2026-08-01T08:46:56Z
2026-08-01T08:44:53Z,2026-08-01T10:44:53+0200,ec999b8f-4b0e-4160-bee3-118ddd8c6904,2026-07-10T19:30:00Z,2026-07-10T21:30:00+0200,123.544,MW,DE,DE_LU,actual_offshore_wind_generation,Wind Offshore,2026-08-01T08:46:56Z
2026-08-01T08:44:53Z,2026-08-01T10:44:53+0200,ec999b8f-4b0e-4160-bee3-118ddd8c6904,2026-07-10T19:45:00Z,2026-07-10T21:45:00+0200,113.643,MW,DE,DE_LU,actual_offshore_wind_generation,Wind Offshore,2026-08-01T08:46:56Z
2026-08-01T08:44:53Z,2026-08-01T10:44:53+0200,ec999b8f-4b0e-4160-bee3-118ddd8c6904,2026-07-10T20:00:00Z,2026-07-10T22:00:00+0200,128.804,MW,DE,DE_LU,actual_offshore_wind_generation,Wind Offshore,2026-08-01T08:46:56Z
2026-08-01T08:44:53Z,2026-08-01T10:44:53+0200,ec999b8f-4b0e-4160-bee3-118ddd8c6904,2026-07-10T20:15:00Z,2026-07-10T22:15:00+0200,156.753,MW,DE,DE_LU,actual_offshore_wind_generation,Wind Offshore,2026-08-01T08:46:56Z
2026-08-01T08:44:53Z,2026-08-01T10:44:53+0200,ec999b8f-4b0e-4160-bee3-118ddd8c6904,2026-07-10T20:30:00Z,2026-07-10T22:30:00+0200,188.886,MW,DE,DE_LU,actual_offshore_wind_generation,Wind Offshore,2026-08-01T08:46:56Z
2026-08-01T08:44:53Z,2026-08-01T10:44:53+0200,ec999b8f-4b0e-4160-bee3-118ddd8c6904,2026-07-10T20:45:00Z,2026-07-10T22:45:00+0200,221.942,MW,DE,DE_LU,actual_offshore_wind_generation,Wind Offshore,2026-08-01T08:46:56Z
2026-08-01T08:44:53Z,2026-08-01T10:44:53+0200,ec999b8f-4b0e-4160-bee3-118ddd8c6904,2026-07-10T21:00:00Z,2026-07-10T23:00:00+0200,253.583,MW,DE,DE_LU,actual_offshore_wind_generation,Wind Offshore,2026-08-01T08:46:56Z
2026-08-01T08:44:53Z,2026-08-01T10:44:53+0200,ec999b8f-4b0e-4160-bee3-118ddd8c6904,2026-07-10T21:15:00Z,2026-07-10T23:15:00+0200,307.058,MW,DE,DE_LU,actual_offshore_wind_generation,Wind Offshore,2026-08-01T08:46:56Z
2026-08-01T08:44:53Z,2026-08-01T10:44:53+0200,ec999b8f-4b0e-4160-bee3-118ddd8c6904,2026-07-10T21:30:00Z,2026-07-10T23:30:00+0200,362.204,MW,DE,DE_LU,actual_offshore_wind_generation,Wind Offshore,2026-08-01T08:46:56Z
2026-08-01T08:44:53Z,2026-08-01T10:44:53+0200,ec999b8f-4b0e-4160-bee3-118ddd8c6904,2026-07-10T21:45:00Z,2026-07-10T23:45:00+0200,440.64,MW,DE,DE_LU,actual_offshore_wind_generation,Wind Offshore,2026-08-01T08:46:56Z
2026-08-01T08:44:53Z,2026-08-01T10:44:53+0200,ec999b8f-4b0e-4160-bee3-118ddd8c6904,2026-07-10T22:00:00Z,2026-07-11T00:00:00+0200,526.846,MW,DE,DE_LU,actual_offshore_wind_generation,Wind Offshore,2026-08-01T08:46:56Z
2026-08-01T08:44:53Z,2026-08-01T10:44:53+0200,ec999b8f-4b0e-4160-bee3-118ddd8c6904,2026-07-10T22:15:00Z,2026-07-11T00:15:00+0200,582.542,MW,DE,DE_LU,actual_offshore_wind_generation,Wind Offshore,2026-08-01T08:46:56Z
2026-08-01T08:44:53Z,2026-08-01T10:44:53+0200,ec999b8f-4b0e-4160-bee3-118ddd8c6904,2026-07-10T22:30:00Z,2026-07-11T00:30:00+0200,590.369,MW,DE,DE_LU,actual_offshore_wind_generation,Wind Offshore,2026-08-01T08:46:56Z
2026-08-01T08:44:53Z,2026-08-01T10:44:53+0200,ec999b8f-4b0e-4160-bee3-118ddd8c6904,2026-07-10T22:45:00Z,2026-07-11T00:45:00+0200,599.403,MW,DE,DE_LU,actual_offshore_wind_generation,Wind Offshore,2026-08-01T08:46:56Z
2026-08-01T08:44:53Z,2026-08-01T10:44:53+0200,ec999b8f-4b0e-4160-bee3-118ddd8c6904,2026-07-10T23:00:00Z,2026-07-11T01:00:00+0200,605.921,MW,DE,DE_LU,actual_offshore_wind_generation,Wind Offshore,2026-08-01T08:46:56Z
2026-08-01T08:44:53Z,2026-08-01T10:44:53+0200,ec999b8f-4b0e-4160-bee3-118ddd8c6904,2026-07-10T23:15:00Z,2026-07-11T01:15:00+0200,544.591,MW,DE,DE_LU,actual_offshore_wind_generation,Wind Offshore,2026-08-01T08:46:56Z
2026-08-01T08:44:53Z,2026-08-01T10:44:53+0200,ec999b8f-4b0e-4160-bee3-118ddd8c6904,2026-07-10T23:30:00Z,2026-07-11T01:30:00+0200,484.533,MW,DE,DE_LU,actual_offshore_wind_generation,Wind Offshore,2026-08-01T08:46:56Z
2026-08-01T08:44:53Z,2026-08-01T10:44:53+0200,ec999b8f-4b0e-4160-bee3-118ddd8c6904,2026-07-10T23:45:00Z,2026-07-11T01:45:00+0200,401.701,MW,DE,DE_LU,actual_offshore_wind_generation,Wind Offshore,2026-08-01T08:46:56Z
2026-08-01T08:44:53Z,2026-08-01T10:44:53+0200,ec999b8f-4b0e-4160-bee3-118ddd8c6904,2026-07-11T00:00:00Z,2026-07-11T02:00:00+0200,327.857,MW,DE,DE_LU,actual_offshore_wind_generation,Wind Offshore,2026-08-01T08:46:56Z
2026-08-01T08:44:53Z,2026-08-01T10:44:53+0200,ec999b8f-4b0e-4160-bee3-118ddd8c6904,2026-07-11T00:15:00Z,2026-07-11T02:15:00+0200,273.379,MW,DE,DE_LU,actual_offshore_wind_generation,Wind Offshore,2026-08-01T08:46:56Z
2026-08-01T08:44:53Z,2026-08-01T10:44:53+0200,ec999b8f-4b0e-4160-bee3-118ddd8c6904,2026-07-11T00:30:00Z,2026-07-11T02:30:00+0200,216.548,MW,DE,DE_LU,actual_offshore_wind_generation,Wind Offshore,2026-08-01T08:46:56Z
2026-08-01T08:44:53Z,2026-08-01T10:44:53+0200,ec999b8f-4b0e-4160-bee3-118ddd8c6904,2026-07-11T00:45:00Z,2026-07-11T02:45:00+0200,150.966,MW,DE,DE_LU,actual_offshore_wind_generation,Wind Offshore,2026-08-01T08:46:56Z
2026-08-01T08:44:53Z,2026-08-01T10:44:53+0200,ec999b8f-4b0e-4160-bee3-118ddd8c6904,2026-07-11T01:00:00Z,2026-07-11T03:00:00+0200,112.272,MW,DE,DE_LU,actual_offshore_wind_generation,Wind Offshore,2026-08-01T08:46:56Z
2026-08-01T08:44:53Z,2026-08-01T10:44:53+0200,ec999b8f-4b0e-4160-bee3-118ddd8c6904,2026-07-11T01:15:00Z,2026-07-11T03:15:00+0200,89.132,MW,DE,DE_LU,actual_offshore_wind_generation,Wind Offshore,2026-08-01T08:46:56Z
2026-08-01T08:44:53Z,2026-08-01T10:44:53+0200,ec999b8f-4b0e-4160-bee3-118ddd8c6904,2026-07-11T01:30:00Z,2026-07-11T03:30:00+0200,57.357,MW,DE,DE_LU,actual_offshore_wind_generation,Wind Offshore,2026-08-01T08:46:56Z
2026-08-01T08:44:53Z,2026-08-01T10:44:53+0200,ec999b8f-4b0e-4160-bee3-118ddd8c6904,2026-07-11T01:45:00Z,2026-07-11T03:45:00+0200,56.855,MW,DE,DE_LU,actual_offshore_wind_generation,Wind Offshore,2026-08-01T08:46:56Z
2026-08-01T08:44:53Z,2026-08-01T10:44:53+0200,ec999b8f-4b0e-4160-bee3-118ddd8c6904,2026-07-11T02:00:00Z,2026-07-11T04:00:00+0200,53.151,MW,DE,DE_LU,actual_offshore_wind_generation,Wind Offshore,2026-08-01T08:46:56Z
2026-08-01T08:44:53Z,2026-08-01T10:44:53+0200,ec999b8f-4b0e-4160-bee3-118ddd8c6904,2026-07-11T02:15:00Z,2026-07-11T04:15:00+0200,60.631,MW,DE,DE_LU,actual_offshore_wind_generation,Wind Offshore,2026-08-01T08:46:56Z
2026-08-01T08:44:53Z,2026-08-01T10:44:53+0200,ec999b8f-4b0e-4160-bee3-118ddd8c6904,2026-07-11T02:30:00Z,2026-07-11T04:30:00+0200,63.612,MW,DE,DE_LU,actual_offshore_wind_generation,Wind Offshore,2026-08-01T08:46:56Z
2026-08-01T08:44:53Z,2026-08-01T10:44:53+0200,ec999b8f-4b0e-4160-bee3-118ddd8c6904,2026-07-11T02:45:00Z,2026-07-11T04:45:00+0200,61.545,MW,DE,DE_LU,actual_offshore_wind_generation,Wind Offshore,2026-08-01T08:46:56Z
2026-08-01T08:44:53Z,2026-08-01T10:44:53+0200,ec999b8f-4b0e-4160-bee3-118ddd8c6904,2026-07-11T03:00:00Z,2026-07-11T05:00:00+0200,55.793,MW,DE,DE_LU,actual_offshore_wind_generation,Wind Offshore,2026-08-01T08:46:56Z
2026-08-01T08:44:53Z,2026-08-01T10:44:53+0200,ec999b8f-4b0e-4160-bee3-118ddd8c6904,2026-07-11T03:15:00Z,2026-07-11T05:15:00+0200,39.051,MW,DE,DE_LU,actual_offshore_wind_generation,Wind Offshore,2026-08-01T08:46:56Z
2026-08-01T08:44:53Z,2026-08-01T10:44:53+0200,ec999b8f-4b0e-4160-bee3-118ddd8c6904,2026-07-11T03:30:00Z,2026-07-11T05:30:00+0200,30.511,MW,DE,DE_LU,actual_offshore_wind_generation,Wind Offshore,2026-08-01T08:46:56Z
2026-08-01T08:44:53Z,2026-08-01T10:44:53+0200,ec999b8f-4b0e-4160-bee3-118ddd8c6904,2026-07-11T03:45:00Z,2026-07-11T05:45:00+0200,39.112,MW,DE,DE_LU,actual_offshore_wind_generation,Wind Offshore,2026-08-01T08:46:56Z
2026-08-01T08:44:53Z,2026-08-01T10:44:53+0200,ec999b8f-4b0e-4160-bee3-118ddd8c6904,2026-07-11T04:00:00Z,2026-07-11T06:00:00+0200,31.233,MW,DE,DE_LU,actual_offshore_wind_generation,Wind Offshore,2026-08-01T08:46:56Z
2026-08-01T08:44:53Z,2026-08-01T10:44:53+0200,ec999b8f-4b0e-4160-bee3-118ddd8c6904,2026-07-11T04:15:00Z,2026-07-11T06:15:00+0200,18.503,MW,DE,DE_LU,actual_offshore_wind_generation,Wind Offshore,2026-08-01T08:46:56Z
2026-08-01T08:44:53Z,2026-08-01T10:44:53+0200,ec999b8f-4b0e-4160-bee3-118ddd8c6904,2026-07-11T04:30:00Z,2026-07-11T06:30:00+0200,9.202,MW,DE,DE_LU,actual_offshore_wind_generation,Wind Offshore,2026-08-01T08:46:56Z
2026-08-01T08:44:53Z,2026-08-01T10:44:53+0200,ec999b8f-4b0e-4160-bee3-118ddd8c6904,2026-07-11T04:45:00Z,2026-07-11T06:45:00+0200,13.669,MW,DE,DE_LU,actual_offshore_wind_generation,Wind Offshore,2026-08-01T08:46:56Z
2026-08-01T08:44:53Z,2026-08-01T10:44:53+0200,ec999b8f-4b0e-4160-bee3-118ddd8c6904,2026-07-11T05:00:00Z,2026-07-11T07:00:00+0200,16.149,MW,DE,DE_LU,actual_offshore_wind_generation,Wind Offshore,2026-08-01T08:46:56Z
2026-08-01T08:44:53Z,2026-08-01T10:44:53+0200,ec999b8f-4b0e-4160-bee3-118ddd8c6904,2026-07-11T05:15:00Z,2026-07-11T07:15:00+0200,14.665,MW,DE,DE_LU,actual_offshore_wind_generation,Wind Offshore,2026-08-01T08:46:56Z
2026-08-01T08:44:53Z,2026-08-01T10:44:53+0200,ec999b8f-4b0e-4160-bee3-118ddd8c6904,2026-07-11T05:30:00Z,2026-07-11T07:30:00+0200,9.613,MW,DE,DE_LU,actual_offshore_wind_generation,Wind Offshore,2026-08-01T08:46:56Z
2026-08-01T08:44:53Z,2026-08-01T10:44:53+0200,ec999b8f-4b0e-4160-bee3-118ddd8c6904,2026-07-11T05:45:00Z,2026-07-11T07:45:00+0200,3.193,MW,DE,DE_LU,actual_offshore_wind_generation,Wind Offshore,2026-08-01T08:46:56Z
2026-08-01T08:44:53Z,2026-08-01T10:44:53+0200,ec999b8f-4b0e-4160-bee3-118ddd8c6904,2026-07-11T06:00:00Z,2026-07-11T08:00:00+0200,5.344,MW,DE,DE_LU,actual_offshore_wind_generation,Wind Offshore,2026-08-01T08:46:56Z
2026-08-01T08:44:53Z,2026-08-01T10:44:53+0200,ec999b8f-4b0e-4160-bee3-118ddd8c6904,2026-07-11T06:15:00Z,2026-07-11T08:15:00+0200,2.55,MW,DE,DE_LU,actual_offshore_wind_generation,Wind Offshore,2026-08-01T08:46:56Z
2026-08-01T08:44:53Z,2026-08-01T10:44:53+0200,ec999b8f-4b0e-4160-bee3-118ddd8c6904,2026-07-11T06:30:00Z,2026-07-11T08:30:00+0200,1.597,MW,DE,DE_LU,actual_offshore_wind_generation,Wind Offshore,2026-08-01T08:46:56Z
2026-08-01T08:44:53Z,2026-08-01T10:44:53+0200,ec999b8f-4b0e-4160-bee3-118ddd8c6904,2026-07-11T06:45:00Z,2026-07-11T08:45:00+0200,2.314,MW,DE,DE_LU,actual_offshore_wind_generation,Wind Offshore,2026-08-01T08:46:56Z
2026-08-01T08:44:53Z,2026-08-01T10:44:53+0200,ec999b8f-4b0e-4160-bee3-118ddd8c6904,2026-07-11T07:00:00Z,2026-07-11T09:00:00+0200,17.098,MW,DE,DE_LU,actual_offshore_wind_generation,Wind Offshore,2026-08-01T08:46:56Z
2026-08-01T08:44:53Z,2026-08-01T10:44:53+0200,ec999b8f-4b0e-4160-bee3-118ddd8c6904,2026-07-11T07:15:00Z,2026-07-11T09:15:00+0200,31.382,MW,DE,DE_LU,actual_offshore_wind_generation,Wind Offshore,2026-08-01T08:46:56Z
2026-08-01T08:44:53Z,2026-08-01T10:44:53+0200,ec999b8f-4b0e-4160-bee3-118ddd8c6904,2026-07-11T07:30:00Z,2026-07-11T09:30:00+0200,16.781,MW,DE,DE_LU,actual_offshore_wind_generation,Wind Offshore,2026-08-01T08:46:56Z
2026-08-01T08:44:53Z,2026-08-01T10:44:53+0200,ec999b8f-4b0e-4160-bee3-118ddd8c6904,2026-07-11T07:45:00Z,2026-07-11T09:45:00+0200,19.127,MW,DE,DE_LU,actual_offshore_wind_generation,Wind Offshore,2026-08-01T08:46:56Z
2026-08-01T08:44:53Z,2026-08-01T10:44:53+0200,ec999b8f-4b0e-4160-bee3-118ddd8c6904,2026-07-11T08:00:00Z,2026-07-11T10:00:00+0200,21.392,MW,DE,DE_LU,actual_offshore_wind_generation,Wind Offshore,2026-08-01T08:46:56Z
2026-08-01T08:44:53Z,2026-08-01T10:44:53+0200,ec999b8f-4b0e-4160-bee3-118ddd8c6904,2026-07-11T08:15:00Z,2026-07-11T10:15:00+0200,30.429,MW,DE,DE_LU,actual_offshore_wind_generation,Wind Offshore,2026-08-01T08:46:56Z
2026-08-01T08:44:53Z,2026-08-01T10:44:53+0200,ec999b8f-4b0e-4160-bee3-118ddd8c6904,2026-07-11T08:30:00Z,2026-07-11T10:30:00+0200,40.067,MW,DE,DE_LU,actual_offshore_wind_generation,Wind Offshore,2026-08-01T08:46:56Z
2026-08-01T08:44:53Z,2026-08-01T10:44:53+0200,ec999b8f-4b0e-4160-bee3-118ddd8c6904,2026-07-11T08:45:00Z,2026-07-11T10:45:00+0200,39.038,MW,DE,DE_LU,actual_offshore_wind_generation,Wind Offshore,2026-08-01T08:46:56Z
2026-08-01T08:44:53Z,2026-08-01T10:44:53+0200,ec999b8f-4b0e-4160-bee3-118ddd8c6904,2026-07-11T09:00:00Z,2026-07-11T11:00:00+0200,27.562,MW,DE,DE_LU,actual_offshore_wind_generation,Wind Offshore,2026-08-01T08:46:56Z
2026-08-01T08:44:53Z,2026-08-01T10:44:53+0200,ec999b8f-4b0e-4160-bee3-118ddd8c6904,2026-07-11T09:15:00Z,2026-07-11T11:15:00+0200,46.767,MW,DE,DE_LU,actual_offshore_wind_generation,Wind Offshore,2026-08-01T08:46:56Z
2026-08-01T08:44:53Z,2026-08-01T10:44:53+0200,ec999b8f-4b0e-4160-bee3-118ddd8c6904,2026-07-11T09:30:00Z,2026-07-11T11:30:00+0200,61.302,MW,DE,DE_LU,actual_offshore_wind_generation,Wind Offshore,2026-08-01T08:46:56Z
2026-08-01T08:44:53Z,2026-08-01T10:44:53+0200,ec999b8f-4b0e-4160-bee3-118ddd8c6904,2026-07-11T09:45:00Z,2026-07-11T11:45:00+0200,44.399,MW,DE,DE_LU,actual_offshore_wind_generation,Wind Offshore,2026-08-01T08:46:56Z
2026-08-01T08:44:53Z,2026-08-01T10:44:53+0200,ec999b8f-4b0e-4160-bee3-118ddd8c6904,2026-07-11T10:00:00Z,2026-07-11T12:00:00+0200,48.857,MW,DE,DE_LU,actual_offshore_wind_generation,Wind Offshore,2026-08-01T08:46:56Z
2026-08-01T08:44:53Z,2026-08-01T10:44:53+0200,ec999b8f-4b0e-4160-bee3-118ddd8c6904,2026-07-11T10:15:00Z,2026-07-11T12:15:00+0200,48.989,MW,DE,DE_LU,actual_offshore_wind_generation,Wind Offshore,2026-08-01T08:46:56Z
2026-08-01T08:44:53Z,2026-08-01T10:44:53+0200,ec999b8f-4b0e-4160-bee3-118ddd8c6904,2026-07-11T10:30:00Z,2026-07-11T12:30:00+0200,48.448,MW,DE,DE_LU,actual_offshore_wind_generation,Wind Offshore,2026-08-01T08:46:56Z
2026-08-01T08:44:53Z,2026-08-01T10:44:53+0200,ec999b8f-4b0e-4160-bee3-118ddd8c6904,2026-07-11T10:45:00Z,2026-07-11T12:45:00+0200,65.397,MW,DE,DE_LU,actual_offshore_wind_generation,Wind Offshore,2026-08-01T08:46:56Z
2026-08-01T08:44:53Z,2026-08-01T10:44:53+0200,ec999b8f-4b0e-4160-bee3-118ddd8c6904,2026-07-11T11:00:00Z,2026-07-11T13:00:00+0200,56.734,MW,DE,DE_LU,actual_offshore_wind_generation,Wind Offshore,2026-08-01T08:46:56Z
2026-08-01T08:44:53Z,2026-08-01T10:44:53+0200,ec999b8f-4b0e-4160-bee3-118ddd8c6904,2026-07-11T11:15:00Z,2026-07-11T13:15:00+0200,71.883,MW,DE,DE_LU,actual_offshore_wind_generation,Wind Offshore,2026-08-01T08:46:56Z
2026-08-01T08:44:53Z,2026-08-01T10:44:53+0200,ec999b8f-4b0e-4160-bee3-118ddd8c6904,2026-07-11T11:30:00Z,2026-07-11T13:30:00+0200,85.192,MW,DE,DE_LU,actual_offshore_wind_generation,Wind Offshore,2026-08-01T08:46:56Z
2026-08-01T08:44:53Z,2026-08-01T10:44:53+0200,ec999b8f-4b0e-4160-bee3-118ddd8c6904,2026-07-11T11:45:00Z,2026-07-11T13:45:00+0200,97.536,MW,DE,DE_LU,actual_offshore_wind_generation,Wind Offshore,2026-08-01T08:46:56Z
2026-08-01T08:44:53Z,2026-08-01T10:44:53+0200,ec999b8f-4b0e-4160-bee3-118ddd8c6904,2026-07-11T12:00:00Z,2026-07-11T14:00:00+0200,115.088,MW,DE,DE_LU,actual_offshore_wind_generation,Wind Offshore,2026-08-01T08:46:56Z
2026-08-01T08:44:53Z,2026-08-01T10:44:53+0200,ec999b8f-4b0e-4160-bee3-118ddd8c6904,2026-07-11T12:15:00Z,2026-07-11T14:15:00+0200,118.971,MW,DE,DE_LU,actual_offshore_wind_generation,Wind Offshore,2026-08-01T08:46:56Z
2026-08-01T08:44:53Z,2026-08-01T10:44:53+0200,ec999b8f-4b0e-4160-bee3-118ddd8c6904,2026-07-11T12:30:00Z,2026-07-11T14:30:00+0200,106.589,MW,DE,DE_LU,actual_offshore_wind_generation,Wind Offshore,2026-08-01T08:46:56Z
2026-08-01T08:44:53Z,2026-08-01T10:44:53+0200,ec999b8f-4b0e-4160-bee3-118ddd8c6904,2026-07-11T12:45:00Z,2026-07-11T14:45:00+0200,98.717,MW,DE,DE_LU,actual_offshore_wind_generation,Wind Offshore,2026-08-01T08:46:56Z
2026-08-01T08:44:53Z,2026-08-01T10:44:53+0200,ec999b8f-4b0e-4160-bee3-118ddd8c6904,2026-07-11T13:00:00Z,2026-07-11T15:00:00+0200,110.337,MW,DE,DE_LU,actual_offshore_wind_generation,Wind Offshore,2026-08-01T08:46:56Z
2026-08-01T08:44:53Z,2026-08-01T10:44:53+0200,ec999b8f-4b0e-4160-bee3-118ddd8c6904,2026-07-11T13:15:00Z,2026-07-11T15:15:00+0200,138.138,MW,DE,DE_LU,actual_offshore_wind_generation,Wind Offshore,2026-08-01T08:46:56Z
2026-08-01T08:44:53Z,2026-08-01T10:44:53+0200,ec999b8f-4b0e-4160-bee3-118ddd8c6904,2026-07-11T13:30:00Z,2026-07-11T15:30:00+0200,147.083,MW,DE,DE_LU,actual_offshore_wind_generation,Wind Offshore,2026-08-01T08:46:56Z
2026-08-01T08:44:53Z,2026-08-01T10:44:53+0200,ec999b8f-4b0e-4160-bee3-118ddd8c6904,2026-07-11T13:45:00Z,2026-07-11T15:45:00+0200,129.005,MW,DE,DE_LU,actual_offshore_wind_generation,Wind Offshore,2026-08-01T08:46:56Z
2026-08-01T08:44:53Z,2026-08-01T10:44:53+0200,ec999b8f-4b0e-4160-bee3-118ddd8c6904,2026-07-11T14:00:00Z,2026-07-11T16:00:00+0200,133.218,MW,DE,DE_LU,actual_offshore_wind_generation,Wind Offshore,2026-08-01T08:46:56Z
2026-08-01T08:44:53Z,2026-08-01T10:44:53+0200,ec999b8f-4b0e-4160-bee3-118ddd8c6904,2026-07-11T14:15:00Z,2026-07-11T16:15:00+0200,175.655,MW,DE,DE_LU,actual_offshore_wind_generation,Wind Offshore,2026-08-01T08:46:56Z
2026-08-01T08:44:53Z,2026-08-01T10:44:53+0200,ec999b8f-4b0e-4160-bee3-118ddd8c6904,2026-07-11T14:30:00Z,2026-07-11T16:30:00+0200,229.193,MW,DE,DE_LU,actual_offshore_wind_generation,Wind Offshore,2026-08-01T08:46:56Z
2026-08-01T08:44:53Z,2026-08-01T10:44:53+0200,ec999b8f-4b0e-4160-bee3-118ddd8c6904,2026-07-11T14:45:00Z,2026-07-11T16:45:00+0200,267.354,MW,DE,DE_LU,actual_offshore_wind_generation,Wind Offshore,2026-08-01T08:46:56Z
2026-08-01T08:44:53Z,2026-08-01T10:44:53+0200,ec999b8f-4b0e-4160-bee3-118ddd8c6904,2026-07-11T15:00:00Z,2026-07-11T17:00:00+0200,330.724,MW,DE,DE_LU,actual_offshore_wind_generation,Wind Offshore,2026-08-01T08:46:56Z
2026-08-01T08:44:53Z,2026-08-01T10:44:53+0200,ec999b8f-4b0e-4160-bee3-118ddd8c6904,2026-07-11T15:15:00Z,2026-07-11T17:15:00+0200,455.841,MW,DE,DE_LU,actual_offshore_wind_generation,Wind Offshore,2026-08-01T08:46:56Z
2026-08-01T08:44:53Z,2026-08-01T10:44:53+0200,ec999b8f-4b0e-4160-bee3-118ddd8c6904,2026-07-11T15:30:00Z,2026-07-11T17:30:00+0200,518.02,MW,DE,DE_LU,actual_offshore_wind_generation,Wind Offshore,2026-08-01T08:46:56Z
2026-08-01T08:44:53Z,2026-08-01T10:44:53+0200,ec999b8f-4b0e-4160-bee3-118ddd8c6904,2026-07-11T15:45:00Z,2026-07-11T17:45:00+0200,574.091,MW,DE,DE_LU,actual_offshore_wind_generation,Wind Offshore,2026-08-01T08:46:56Z
2026-08-01T08:44:53Z,2026-08-01T10:44:53+0200,ec999b8f-4b0e-4160-bee3-118ddd8c6904,2026-07-11T16:00:00Z,2026-07-11T18:00:00+0200,666.657,MW,DE,DE_LU,actual_offshore_wind_generation,Wind Offshore,2026-08-01T08:46:56Z
2026-08-01T08:44:53Z,2026-08-01T10:44:53+0200,ec999b8f-4b0e-4160-bee3-118ddd8c6904,2026-07-11T16:15:00Z,2026-07-11T18:15:00+0200,784.879,MW,DE,DE_LU,actual_offshore_wind_generation,Wind Offshore,2026-08-01T08:46:56Z
2026-08-01T08:44:53Z,2026-08-01T10:44:53+0200,ec999b8f-4b0e-4160-bee3-118ddd8c6904,2026-07-11T16:30:00Z,2026-07-11T18:30:00+0200,900.91,MW,DE,DE_LU,actual_offshore_wind_generation,Wind Offshore,2026-08-01T08:46:56Z
2026-08-01T08:44:53Z,2026-08-01T10:44:53+0200,ec999b8f-4b0e-4160-bee3-118ddd8c6904,2026-07-11T16:45:00Z,2026-07-11T18:45:00+0200,851.87,MW,DE,DE_LU,actual_offshore_wind_generation,Wind Offshore,2026-08-01T08:46:56Z
2026-08-01T08:44:53Z,2026-08-01T10:44:53+0200,ec999b8f-4b0e-4160-bee3-118ddd8c6904,2026-07-11T17:00:00Z,2026-07-11T19:00:00+0200,756.928,MW,DE,DE_LU,actual_offshore_wind_generation,Wind Offshore,2026-08-01T08:46:56Z
2026-08-01T08:44:53Z,2026-08-01T10:44:53+0200,ec999b8f-4b0e-4160-bee3-118ddd8c6904,2026-07-11T17:15:00Z,2026-07-11T19:15:00+0200,775.521,MW,DE,DE_LU,actual_offshore_wind_generation,Wind Offshore,2026-08-01T08:46:56Z
2026-08-01T08:44:53Z,2026-08-01T10:44:53+0200,ec999b8f-4b0e-4160-bee3-118ddd8c6904,2026-07-11T17:30:00Z,2026-07-11T19:30:00+0200,824.66,MW,DE,DE_LU,actual_offshore_wind_generation,Wind Offshore,2026-08-01T08:46:56Z
2026-08-01T08:44:53Z,2026-08-01T10:44:53+0200,ec999b8f-4b0e-4160-bee3-118ddd8c6904,2026-07-11T17:45:00Z,2026-07-11T19:45:00+0200,855.906,MW,DE,DE_LU,actual_offshore_wind_generation,Wind Offshore,2026-08-01T08:46:56Z
2026-08-01T08:44:53Z,2026-08-01T10:44:53+0200,ec999b8f-4b0e-4160-bee3-118ddd8c6904,2026-07-11T18:00:00Z,2026-07-11T20:00:00+0200,835.056,MW,DE,DE_LU,actual_offshore_wind_generation,Wind Offshore,2026-08-01T08:46:56Z
2026-08-01T08:44:53Z,2026-08-01T10:44:53+0200,ec999b8f-4b0e-4160-bee3-118ddd8c6904,2026-07-11T18:15:00Z,2026-07-11T20:15:00+0200,776.437,MW,DE,DE_LU,actual_offshore_wind_generation,Wind Offshore,2026-08-01T08:46:56Z
2026-08-01T08:44:53Z,2026-08-01T10:44:53+0200,ec999b8f-4b0e-4160-bee3-118ddd8c6904,2026-07-11T18:30:00Z,2026-07-11T20:30:00+0200,818.392,MW,DE,DE_LU,actual_offshore_wind_generation,Wind Offshore,2026-08-01T08:46:56Z
2026-08-01T08:44:53Z,2026-08-01T10:44:53+0200,ec999b8f-4b0e-4160-bee3-118ddd8c6904,2026-07-11T18:45:00Z,2026-07-11T20:45:00+0200,912.138,MW,DE,DE_LU,actual_offshore_wind_generation,Wind Offshore,2026-08-01T08:46:56Z
2026-08-01T08:44:53Z,2026-08-01T10:44:53+0200,ec999b8f-4b0e-4160-bee3-118ddd8c6904,2026-07-11T19:00:00Z,2026-07-11T21:00:00+0200,1086.673,MW,DE,DE_LU,actual_offshore_wind_generation,Wind Offshore,2026-08-01T08:46:56Z
2026-08-01T08:44:53Z,2026-08-01T10:44:53+0200,ec999b8f-4b0e-4160-bee3-118ddd8c6904,2026-07-11T19:15:00Z,2026-07-11T21:15:00+0200,1224.946,MW,DE,DE_LU,actual_offshore_wind_generation,Wind Offshore,2026-08-01T08:46:56Z
2026-08-01T08:44:53Z,2026-08-01T10:44:53+0200,ec999b8f-4b0e-4160-bee3-118ddd8c6904,2026-07-11T19:30:00Z,2026-07-11T21:30:00+0200,1342.889,MW,DE,DE_LU,actual_offshore_wind_generation,Wind Offshore,2026-08-01T08:46:56Z
2026-08-01T08:44:53Z,2026-08-01T10:44:53+0200,ec999b8f-4b0e-4160-bee3-118ddd8c6904,2026-07-11T19:45:00Z,2026-07-11T21:45:00+0200,1347.178,MW,DE,DE_LU,actual_offshore_wind_generation,Wind Offshore,2026-08-01T08:46:56Z
2026-08-01T08:44:53Z,2026-08-01T10:44:53+0200,ec999b8f-4b0e-4160-bee3-118ddd8c6904,2026-07-11T20:00:00Z,2026-07-11T22:00:00+0200,1469.811,MW,DE,DE_LU,actual_offshore_wind_generation,Wind Offshore,2026-08-01T08:46:56Z
2026-08-01T08:44:53Z,2026-08-01T10:44:53+0200,ec999b8f-4b0e-4160-bee3-118ddd8c6904,2026-07-11T20:15:00Z,2026-07-11T22:15:00+0200,1548.377,MW,DE,DE_LU,actual_offshore_wind_generation,Wind Offshore,2026-08-01T08:46:56Z
2026-08-01T08:44:53Z,2026-08-01T10:44:53+0200,ec999b8f-4b0e-4160-bee3-118ddd8c6904,2026-07-11T20:30:00Z,2026-07-11T22:30:00+0200,1646.091,MW,DE,DE_LU,actual_offshore_wind_generation,Wind Offshore,2026-08-01T08:46:56Z
2026-08-01T08:44:53Z,2026-08-01T10:44:53+0200,ec999b8f-4b0e-4160-bee3-118ddd8c6904,2026-07-11T20:45:00Z,2026-07-11T22:45:00+0200,1684.197,MW,DE,DE_LU,actual_offshore_wind_generation,Wind Offshore,2026-08-01T08:46:56Z
2026-08-01T08:44:53Z,2026-08-01T10:44:53+0200,ec999b8f-4b0e-4160-bee3-118ddd8c6904,2026-07-11T21:00:00Z,2026-07-11T23:00:00+0200,1744.092,MW,DE,DE_LU,actual_offshore_wind_generation,Wind Offshore,2026-08-01T08:46:56Z
2026-08-01T08:44:53Z,2026-08-01T10:44:53+0200,ec999b8f-4b0e-4160-bee3-118ddd8c6904,2026-07-11T21:15:00Z,2026-07-11T23:15:00+0200,1886.386,MW,DE,DE_LU,actual_offshore_wind_generation,Wind Offshore,2026-08-01T08:46:56Z
2026-08-01T08:44:53Z,2026-08-01T10:44:53+0200,ec999b8f-4b0e-4160-bee3-118ddd8c6904,2026-07-11T21:30:00Z,2026-07-11T23:30:00+0200,1955.826,MW,DE,DE_LU,actual_offshore_wind_generation,Wind Offshore,2026-08-01T08:46:56Z
2026-08-01T08:44:53Z,2026-08-01T10:44:53+0200,ec999b8f-4b0e-4160-bee3-118ddd8c6904,2026-07-11T21:45:00Z,2026-07-11T23:45:00+0200,2086.235,MW,DE,DE_LU,actual_offshore_wind_generation,Wind Offshore,2026-08-01T08:46:56Z
2026-08-01T08:44:53Z,2026-08-01T10:44:53+0200,ec999b8f-4b0e-4160-bee3-118ddd8c6904,2026-07-11T22:00:00Z,2026-07-12T00:00:00+0200,2173.095,MW,DE,DE_LU,actual_offshore_wind_generation,Wind Offshore,2026-08-01T08:46:56Z
2026-08-01T08:44:53Z,2026-08-01T10:44:53+0200,ec999b8f-4b0e-4160-bee3-118ddd8c6904,2026-07-11T22:15:00Z,2026-07-12T00:15:00+0200,2221.997,MW,DE,DE_LU,actual_offshore_wind_generation,Wind Offshore,2026-08-01T08:46:56Z
2026-08-01T08:44:53Z,2026-08-01T10:44:53+0200,ec999b8f-4b0e-4160-bee3-118ddd8c6904,2026-07-11T22:30:00Z,2026-07-12T00:30:00+0200,2297.851,MW,DE,DE_LU,actual_offshore_wind_generation,Wind Offshore,2026-08-01T08:46:56Z
2026-08-01T08:44:53Z,2026-08-01T10:44:53+0200,ec999b8f-4b0e-4160-bee3-118ddd8c6904,2026-07-11T22:45:00Z,2026-07-12T00:45:00+0200,2383.768,MW,DE,DE_LU,actual_offshore_wind_generation,Wind Offshore,2026-08-01T08:46:56Z
2026-08-01T08:44:53Z,2026-08-01T10:44:53+0200,ec999b8f-4b0e-4160-bee3-118ddd8c6904,2026-07-11T23:00:00Z,2026-07-12T01:00:00+0200,2580.366,MW,DE,DE_LU,actual_offshore_wind_generation,Wind Offshore,2026-08-01T08:46:56Z
2026-08-01T08:44:53Z,2026-08-01T10:44:53+0200,ec999b8f-4b0e-4160-bee3-118ddd8c6904,2026-07-11T23:15:00Z,2026-07-12T01:15:00+0200,2644.619,MW,DE,DE_LU,actual_offshore_wind_generation,Wind Offshore,2026-08-01T08:46:56Z
2026-08-01T08:44:53Z,2026-08-01T10:44:53+0200,ec999b8f-4b0e-4160-bee3-118ddd8c6904,2026-07-11T23:30:00Z,2026-07-12T01:30:00+0200,2643.176,MW,DE,DE_LU,actual_offshore_wind_generation,Wind Offshore,2026-08-01T08:46:56Z
2026-08-01T08:44:53Z,2026-08-01T10:44:53+0200,ec999b8f-4b0e-4160-bee3-118ddd8c6904,2026-07-11T23:45:00Z,2026-07-12T01:45:00+0200,2756.373,MW,DE,DE_LU,actual_offshore_wind_generation,Wind Offshore,2026-08-01T08:46:56Z
2026-08-01T08:44:53Z,2026-08-01T10:44:53+0200,ec999b8f-4b0e-4160-bee3-118ddd8c6904,2026-07-12T00:00:00Z,2026-07-12T02:00:00+0200,2837.836,MW,DE,DE_LU,actual_offshore_wind_generation,Wind Offshore,2026-08-01T08:46:56Z
2026-08-01T08:44:53Z,2026-08-01T10:44:53+0200,ec999b8f-4b0e-4160-bee3-118ddd8c6904,2026-07-12T00:15:00Z,2026-07-12T02:15:00+0200,2925.076,MW,DE,DE_LU,actual_offshore_wind_generation,Wind Offshore,2026-08-01T08:46:56Z
2026-08-01T08:44:53Z,2026-08-01T10:44:53+0200,ec999b8f-4b0e-4160-bee3-118ddd8c6904,2026-07-12T00:30:00Z,2026-07-12T02:30:00+0200,2805.871,MW,DE,DE_LU,actual_offshore_wind_generation,Wind Offshore,2026-08-01T08:46:56Z
2026-08-01T08:44:53Z,2026-08-01T10:44:53+0200,ec999b8f-4b0e-4160-bee3-118ddd8c6904,2026-07-12T00:45:00Z,2026-07-12T02:45:00+0200,2728.44,MW,DE,DE_LU,actual_offshore_wind_generation,Wind Offshore,2026-08-01T08:46:56Z
2026-08-01T08:44:53Z,2026-08-01T10:44:53+0200,ec999b8f-4b0e-4160-bee3-118ddd8c6904,2026-07-12T01:00:00Z,2026-07-12T03:00:00+0200,2589.741,MW,DE,DE_LU,actual_offshore_wind_generation,Wind Offshore,2026-08-01T08:46:56Z
2026-08-01T08:44:53Z,2026-08-01T10:44:53+0200,ec999b8f-4b0e-4160-bee3-118ddd8c6904,2026-07-12T01:15:00Z,2026-07-12T03:15:00+0200,2338.861,MW,DE,DE_LU,actual_offshore_wind_generation,Wind Offshore,2026-08-01T08:46:56Z
2026-08-01T08:44:53Z,2026-08-01T10:44:53+0200,ec999b8f-4b0e-4160-bee3-118ddd8c6904,2026-07-12T01:30:00Z,2026-07-12T03:30:00+0200,2210.233,MW,DE,DE_LU,actual_offshore_wind_generation,Wind Offshore,2026-08-01T08:46:56Z
2026-08-01T08:44:53Z,2026-08-01T10:44:53+0200,ec999b8f-4b0e-4160-bee3-118ddd8c6904,2026-07-12T01:45:00Z,2026-07-12T03:45:00+0200,2167.948,MW,DE,DE_LU,actual_offshore_wind_generation,Wind Offshore,2026-08-01T08:46:56Z
2026-08-01T08:44:53Z,2026-08-01T10:44:53+0200,ec999b8f-4b0e-4160-bee3-118ddd8c6904,2026-07-12T02:00:00Z,2026-07-12T04:00:00+0200,2211.376,MW,DE,DE_LU,actual_offshore_wind_generation,Wind Offshore,2026-08-01T08:46:56Z
2026-08-01T08:44:53Z,2026-08-01T10:44:53+0200,ec999b8f-4b0e-4160-bee3-118ddd8c6904,2026-07-12T02:15:00Z,2026-07-12T04:15:00+0200,2238.652,MW,DE,DE_LU,actual_offshore_wind_generation,Wind Offshore,2026-08-01T08:46:56Z
2026-08-01T08:44:53Z,2026-08-01T10:44:53+0200,ec999b8f-4b0e-4160-bee3-118ddd8c6904,2026-07-12T02:30:00Z,2026-07-12T04:30:00+0200,2319.85,MW,DE,DE_LU,actual_offshore_wind_generation,Wind Offshore,2026-08-01T08:46:56Z
2026-08-01T08:44:53Z,2026-08-01T10:44:53+0200,ec999b8f-4b0e-4160-bee3-118ddd8c6904,2026-07-12T02:45:00Z,2026-07-12T04:45:00+0200,2464.213,MW,DE,DE_LU,actual_offshore_wind_generation,Wind Offshore,2026-08-01T08:46:56Z
2026-08-01T08:44:53Z,2026-08-01T10:44:53+0200,ec999b8f-4b0e-4160-bee3-118ddd8c6904,2026-07-12T03:00:00Z,2026-07-12T05:00:00+0200,2531.195,MW,DE,DE_LU,actual_offshore_wind_generation,Wind Offshore,2026-08-01T08:46:56Z
2026-08-01T08:44:53Z,2026-08-01T10:44:53+0200,ec999b8f-4b0e-4160-bee3-118ddd8c6904,2026-07-12T03:15:00Z,2026-07-12T05:15:00+0200,2555.972,MW,DE,DE_LU,actual_offshore_wind_generation,Wind Offshore,2026-08-01T08:46:56Z
2026-08-01T08:44:53Z,2026-08-01T10:44:53+0200,ec999b8f-4b0e-4160-bee3-118ddd8c6904,2026-07-12T03:30:00Z,2026-07-12T05:30:00+0200,2607.167,MW,DE,DE_LU,actual_offshore_wind_generation,Wind Offshore,2026-08-01T08:46:56Z
2026-08-01T08:44:53Z,2026-08-01T10:44:53+0200,ec999b8f-4b0e-4160-bee3-118ddd8c6904,2026-07-12T03:45:00Z,2026-07-12T05:45:00+0200,2490.288,MW,DE,DE_LU,actual_offshore_wind_generation,Wind Offshore,2026-08-01T08:46:56Z
2026-08-01T08:44:53Z,2026-08-01T10:44:53+0200,ec999b8f-4b0e-4160-bee3-118ddd8c6904,2026-07-12T04:00:00Z,2026-07-12T06:00:00+0200,2496.223,MW,DE,DE_LU,actual_offshore_wind_generation,Wind Offshore,2026-08-01T08:46:56Z
2026-08-01T08:44:53Z,2026-08-01T10:44:53+0200,ec999b8f-4b0e-4160-bee3-118ddd8c6904,2026-07-12T04:15:00Z,2026-07-12T06:15:00+0200,2523.567,MW,DE,DE_LU,actual_offshore_wind_generation,Wind Offshore,2026-08-01T08:46:56Z
2026-08-01T08:44:53Z,2026-08-01T10:44:53+0200,ec999b8f-4b0e-4160-bee3-118ddd8c6904,2026-07-12T04:30:00Z,2026-07-12T06:30:00+0200,2560.611,MW,DE,DE_LU,actual_offshore_wind_generation,Wind Offshore,2026-08-01T08:46:56Z
2026-08-01T08:44:53Z,2026-08-01T10:44:53+0200,ec999b8f-4b0e-4160-bee3-118ddd8c6904,2026-07-12T04:45:00Z,2026-07-12T06:45:00+0200,2643.864,MW,DE,DE_LU,actual_offshore_wind_generation,Wind Offshore,2026-08-01T08:46:56Z
2026-08-01T08:44:53Z,2026-08-01T10:44:53+0200,ec999b8f-4b0e-4160-bee3-118ddd8c6904,2026-07-12T05:00:00Z,2026-07-12T07:00:00+0200,2607.123,MW,DE,DE_LU,actual_offshore_wind_generation,Wind Offshore,2026-08-01T08:46:56Z
2026-08-01T08:44:53Z,2026-08-01T10:44:53+0200,ec999b8f-4b0e-4160-bee3-118ddd8c6904,2026-07-12T05:15:00Z,2026-07-12T07:15:00+0200,2608.81,MW,DE,DE_LU,actual_offshore_wind_generation,Wind Offshore,2026-08-01T08:46:56Z
2026-08-01T08:44:53Z,2026-08-01T10:44:53+0200,ec999b8f-4b0e-4160-bee3-118ddd8c6904,2026-07-12T05:30:00Z,2026-07-12T07:30:00+0200,2665.848,MW,DE,DE_LU,actual_offshore_wind_generation,Wind Offshore,2026-08-01T08:46:56Z
2026-08-01T08:44:53Z,2026-08-01T10:44:53+0200,ec999b8f-4b0e-4160-bee3-118ddd8c6904,2026-07-12T05:45:00Z,2026-07-12T07:45:00+0200,2710.737,MW,DE,DE_LU,actual_offshore_wind_generation,Wind Offshore,2026-08-01T08:46:56Z
2026-08-01T08:44:53Z,2026-08-01T10:44:53+0200,ec999b8f-4b0e-4160-bee3-118ddd8c6904,2026-07-12T06:00:00Z,2026-07-12T08:00:00+0200,2748.08,MW,DE,DE_LU,actual_offshore_wind_generation,Wind Offshore,2026-08-01T08:46:56Z
2026-08-01T08:44:53Z,2026-08-01T10:44:53+0200,ec999b8f-4b0e-4160-bee3-118ddd8c6904,2026-07-12T06:15:00Z,2026-07-12T08:15:00+0200,2827.48,MW,DE,DE_LU,actual_offshore_wind_generation,Wind Offshore,2026-08-01T08:46:56Z
2026-08-01T08:44:53Z,2026-08-01T10:44:53+0200,ec999b8f-4b0e-4160-bee3-118ddd8c6904,2026-07-12T06:30:00Z,2026-07-12T08:30:00+0200,2915.981,MW,DE,DE_LU,actual_offshore_wind_generation,Wind Offshore,2026-08-01T08:46:56Z
2026-08-01T08:44:53Z,2026-08-01T10:44:53+0200,ec999b8f-4b0e-4160-bee3-118ddd8c6904,2026-07-12T06:45:00Z,2026-07-12T08:45:00+0200,2863.774,MW,DE,DE_LU,actual_offshore_wind_generation,Wind Offshore,2026-08-01T08:46:56Z
2026-08-01T08:44:53Z,2026-08-01T10:44:53+0200,ec999b8f-4b0e-4160-bee3-118ddd8c6904,2026-07-12T07:00:00Z,2026-07-12T09:00:00+0200,2779.592,MW,DE,DE_LU,actual_offshore_wind_generation,Wind Offshore,2026-08-01T08:46:56Z
2026-08-01T08:44:53Z,2026-08-01T10:44:53+0200,ec999b8f-4b0e-4160-bee3-118ddd8c6904,2026-07-12T07:15:00Z,2026-07-12T09:15:00+0200,2727.758,MW,DE,DE_LU,actual_offshore_wind_generation,Wind Offshore,2026-08-01T08:46:56Z
2026-08-01T08:44:53Z,2026-08-01T10:44:53+0200,ec999b8f-4b0e-4160-bee3-118ddd8c6904,2026-07-12T07:30:00Z,2026-07-12T09:30:00+0200,2742.576,MW,DE,DE_LU,actual_offshore_wind_generation,Wind Offshore,2026-08-01T08:46:56Z
2026-08-01T08:44:53Z,2026-08-01T10:44:53+0200,ec999b8f-4b0e-4160-bee3-118ddd8c6904,2026-07-12T07:45:00Z,2026-07-12T09:45:00+0200,2736.232,MW,DE,DE_LU,actual_offshore_wind_generation,Wind Offshore,2026-08-01T08:46:56Z
2026-08-01T08:44:53Z,2026-08-01T10:44:53+0200,ec999b8f-4b0e-4160-bee3-118ddd8c6904,2026-07-12T08:00:00Z,2026-07-12T10:00:00+0200,2300.498,MW,DE,DE_LU,actual_offshore_wind_generation,Wind Offshore,2026-08-01T08:46:56Z
2026-08-01T08:44:53Z,2026-08-01T10:44:53+0200,ec999b8f-4b0e-4160-bee3-118ddd8c6904,2026-07-12T08:15:00Z,2026-07-12T10:15:00+0200,2179.965,MW,DE,DE_LU,actual_offshore_wind_generation,Wind Offshore,2026-08-01T08:46:56Z
2026-08-01T08:44:53Z,2026-08-01T10:44:53+0200,ec999b8f-4b0e-4160-bee3-118ddd8c6904,2026-07-12T08:30:00Z,2026-07-12T10:30:00+0200,2105.647,MW,DE,DE_LU,actual_offshore_wind_generation,Wind Offshore,2026-08-01T08:46:56Z
2026-08-01T08:44:53Z,2026-08-01T10:44:53+0200,ec999b8f-4b0e-4160-bee3-118ddd8c6904,2026-07-12T08:45:00Z,2026-07-12T10:45:00+0200,1817.091,MW,DE,DE_LU,actual_offshore_wind_generation,Wind Offshore,2026-08-01T08:46:56Z
2026-08-01T08:44:53Z,2026-08-01T10:44:53+0200,ec999b8f-4b0e-4160-bee3-118ddd8c6904,2026-07-12T09:00:00Z,2026-07-12T11:00:00+0200,2084.066,MW,DE,DE_LU,actual_offshore_wind_generation,Wind Offshore,2026-08-01T08:46:56Z
2026-08-01T08:44:53Z,2026-08-01T10:44:53+0200,ec999b8f-4b0e-4160-bee3-118ddd8c6904,2026-07-12T09:15:00Z,2026-07-12T11:15:00+0200,1716.59,MW,DE,DE_LU,actual_offshore_wind_generation,Wind Offshore,2026-08-01T08:46:56Z
2026-08-01T08:44:53Z,2026-08-01T10:44:53+0200,ec999b8f-4b0e-4160-bee3-118ddd8c6904,2026-07-12T09:30:00Z,2026-07-12T11:30:00+0200,1891.822,MW,DE,DE_LU,actual_offshore_wind_generation,Wind Offshore,2026-08-01T08:46:56Z
2026-08-01T08:44:53Z,2026-08-01T10:44:53+0200,ec999b8f-4b0e-4160-bee3-118ddd8c6904,2026-07-12T09:45:00Z,2026-07-12T11:45:00+0200,1742.357,MW,DE,DE_LU,actual_offshore_wind_generation,Wind Offshore,2026-08-01T08:46:56Z
2026-08-01T08:44:53Z,2026-08-01T10:44:53+0200,ec999b8f-4b0e-4160-bee3-118ddd8c6904,2026-07-12T10:00:00Z,2026-07-12T12:00:00+0200,1666.061,MW,DE,DE_LU,actual_offshore_wind_generation,Wind Offshore,2026-08-01T08:46:56Z
2026-08-01T08:44:53Z,2026-08-01T10:44:53+0200,ec999b8f-4b0e-4160-bee3-118ddd8c6904,2026-07-12T10:15:00Z,2026-07-12T12:15:00+0200,1607.427,MW,DE,DE_LU,actual_offshore_wind_generation,Wind Offshore,2026-08-01T08:46:56Z
2026-08-01T08:44:53Z,2026-08-01T10:44:53+0200,ec999b8f-4b0e-4160-bee3-118ddd8c6904,2026-07-12T10:30:00Z,2026-07-12T12:30:00+0200,1605.398,MW,DE,DE_LU,actual_offshore_wind_generation,Wind Offshore,2026-08-01T08:46:56Z
2026-08-01T08:44:53Z,2026-08-01T10:44:53+0200,ec999b8f-4b0e-4160-bee3-118ddd8c6904,2026-07-12T10:45:00Z,2026-07-12T12:45:00+0200,1558.284,MW,DE,DE_LU,actual_offshore_wind_generation,Wind Offshore,2026-08-01T08:46:56Z
2026-08-01T08:44:53Z,2026-08-01T10:44:53+0200,ec999b8f-4b0e-4160-bee3-118ddd8c6904,2026-07-12T11:00:00Z,2026-07-12T13:00:00+0200,1883.531,MW,DE,DE_LU,actual_offshore_wind_generation,Wind Offshore,2026-08-01T08:46:56Z
2026-08-01T08:44:53Z,2026-08-01T10:44:53+0200,ec999b8f-4b0e-4160-bee3-118ddd8c6904,2026-07-12T11:15:00Z,2026-07-12T13:15:00+0200,1891.949,MW,DE,DE_LU,actual_offshore_wind_generation,Wind Offshore,2026-08-01T08:46:56Z
2026-08-01T08:44:53Z,2026-08-01T10:44:53+0200,ec999b8f-4b0e-4160-bee3-118ddd8c6904,2026-07-12T11:30:00Z,2026-07-12T13:30:00+0200,1786.535,MW,DE,DE_LU,actual_offshore_wind_generation,Wind Offshore,2026-08-01T08:46:56Z
2026-08-01T08:44:53Z,2026-08-01T10:44:53+0200,ec999b8f-4b0e-4160-bee3-118ddd8c6904,2026-07-12T11:45:00Z,2026-07-12T13:45:00+0200,1749.371,MW,DE,DE_LU,actual_offshore_wind_generation,Wind Offshore,2026-08-01T08:46:56Z
2026-08-01T08:44:53Z,2026-08-01T10:44:53+0200,ec999b8f-4b0e-4160-bee3-118ddd8c6904,2026-07-12T12:00:00Z,2026-07-12T14:00:00+0200,1835.912,MW,DE,DE_LU,actual_offshore_wind_generation,Wind Offshore,2026-08-01T08:46:56Z
2026-08-01T08:44:53Z,2026-08-01T10:44:53+0200,ec999b8f-4b0e-4160-bee3-118ddd8c6904,2026-07-12T12:15:00Z,2026-07-12T14:15:00+0200,1700.916,MW,DE,DE_LU,actual_offshore_wind_generation,Wind Offshore,2026-08-01T08:46:56Z
2026-08-01T08:44:53Z,2026-08-01T10:44:53+0200,ec999b8f-4b0e-4160-bee3-118ddd8c6904,2026-07-12T12:30:00Z,2026-07-12T14:30:00+0200,1540.087,MW,DE,DE_LU,actual_offshore_wind_generation,Wind Offshore,2026-08-01T08:46:56Z
2026-08-01T08:44:53Z,2026-08-01T10:44:53+0200,ec999b8f-4b0e-4160-bee3-118ddd8c6904,2026-07-12T12:45:00Z,2026-07-12T14:45:00+0200,1557.066,MW,DE,DE_LU,actual_offshore_wind_generation,Wind Offshore,2026-08-01T08:46:56Z
2026-08-01T08:44:53Z,2026-08-01T10:44:53+0200,ec999b8f-4b0e-4160-bee3-118ddd8c6904,2026-07-12T13:00:00Z,2026-07-12T15:00:00+0200,1500.739,MW,DE,DE_LU,actual_offshore_wind_generation,Wind Offshore,2026-08-01T08:46:56Z
2026-08-01T08:44:53Z,2026-08-01T10:44:53+0200,ec999b8f-4b0e-4160-bee3-118ddd8c6904,2026-07-12T13:15:00Z,2026-07-12T15:15:00+0200,1415.197,MW,DE,DE_LU,actual_offshore_wind_generation,Wind Offshore,2026-08-01T08:46:56Z
2026-08-01T08:44:53Z,2026-08-01T10:44:53+0200,ec999b8f-4b0e-4160-bee3-118ddd8c6904,2026-07-12T13:30:00Z,2026-07-12T15:30:00+0200,1426.442,MW,DE,DE_LU,actual_offshore_wind_generation,Wind Offshore,2026-08-01T08:46:56Z
2026-08-01T08:44:53Z,2026-08-01T10:44:53+0200,ec999b8f-4b0e-4160-bee3-118ddd8c6904,2026-07-12T13:45:00Z,2026-07-12T15:45:00+0200,1347.01,MW,DE,DE_LU,actual_offshore_wind_generation,Wind Offshore,2026-08-01T08:46:56Z
2026-08-01T08:44:53Z,2026-08-01T10:44:53+0200,ec999b8f-4b0e-4160-bee3-118ddd8c6904,2026-07-12T14:00:00Z,2026-07-12T16:00:00+0200,1557.839,MW,DE,DE_LU,actual_offshore_wind_generation,Wind Offshore,2026-08-01T08:46:56Z
2026-08-01T08:44:53Z,2026-08-01T10:44:53+0200,ec999b8f-4b0e-4160-bee3-118ddd8c6904,2026-07-12T14:15:00Z,2026-07-12T16:15:00+0200,1372.996,MW,DE,DE_LU,actual_offshore_wind_generation,Wind Offshore,2026-08-01T08:46:56Z
2026-08-01T08:44:53Z,2026-08-01T10:44:53+0200,ec999b8f-4b0e-4160-bee3-118ddd8c6904,2026-07-12T14:30:00Z,2026-07-12T16:30:00+0200,1439.999,MW,DE,DE_LU,actual_offshore_wind_generation,Wind Offshore,2026-08-01T08:46:56Z
2026-08-01T08:44:53Z,2026-08-01T10:44:53+0200,ec999b8f-4b0e-4160-bee3-118ddd8c6904,2026-07-12T14:45:00Z,2026-07-12T16:45:00+0200,1520.732,MW,DE,DE_LU,actual_offshore_wind_generation,Wind Offshore,2026-08-01T08:46:56Z
2026-08-01T08:44:53Z,2026-08-01T10:44:53+0200,ec999b8f-4b0e-4160-bee3-118ddd8c6904,2026-07-12T15:00:00Z,2026-07-12T17:00:00+0200,1922.597,MW,DE,DE_LU,actual_offshore_wind_generation,Wind Offshore,2026-08-01T08:46:56Z
2026-08-01T08:44:53Z,2026-08-01T10:44:53+0200,ec999b8f-4b0e-4160-bee3-118ddd8c6904,2026-07-12T15:15:00Z,2026-07-12T17:15:00+0200,2245.159,MW,DE,DE_LU,actual_offshore_wind_generation,Wind Offshore,2026-08-01T08:46:56Z
2026-08-01T08:44:53Z,2026-08-01T10:44:53+0200,ec999b8f-4b0e-4160-bee3-118ddd8c6904,2026-07-12T15:30:00Z,2026-07-12T17:30:00+0200,2220.288,MW,DE,DE_LU,actual_offshore_wind_generation,Wind Offshore,2026-08-01T08:46:56Z
2026-08-01T08:44:53Z,2026-08-01T10:44:53+0200,ec999b8f-4b0e-4160-bee3-118ddd8c6904,2026-07-12T15:45:00Z,2026-07-12T17:45:00+0200,2357.391,MW,DE,DE_LU,actual_offshore_wind_generation,Wind Offshore,2026-08-01T08:46:56Z
2026-08-01T08:44:53Z,2026-08-01T10:44:53+0200,ec999b8f-4b0e-4160-bee3-118ddd8c6904,2026-07-12T16:00:00Z,2026-07-12T18:00:00+0200,2766.37,MW,DE,DE_LU,actual_offshore_wind_generation,Wind Offshore,2026-08-01T08:46:56Z
2026-08-01T08:44:53Z,2026-08-01T10:44:53+0200,ec999b8f-4b0e-4160-bee3-118ddd8c6904,2026-07-12T16:15:00Z,2026-07-12T18:15:00+0200,2889.011,MW,DE,DE_LU,actual_offshore_wind_generation,Wind Offshore,2026-08-01T08:46:56Z
2026-08-01T08:44:53Z,2026-08-01T10:44:53+0200,ec999b8f-4b0e-4160-bee3-118ddd8c6904,2026-07-12T16:30:00Z,2026-07-12T18:30:00+0200,2867.2,MW,DE,DE_LU,actual_offshore_wind_generation,Wind Offshore,2026-08-01T08:46:56Z
2026-08-01T08:44:53Z,2026-08-01T10:44:53+0200,ec999b8f-4b0e-4160-bee3-118ddd8c6904,2026-07-12T16:45:00Z,2026-07-12T18:45:00+0200,2862.942,MW,DE,DE_LU,actual_offshore_wind_generation,Wind Offshore,2026-08-01T08:46:56Z
2026-08-01T08:44:53Z,2026-08-01T10:44:53+0200,ec999b8f-4b0e-4160-bee3-118ddd8c6904,2026-07-12T17:00:00Z,2026-07-12T19:00:00+0200,2794.85,MW,DE,DE_LU,actual_offshore_wind_generation,Wind Offshore,2026-08-01T08:46:56Z
2026-08-01T08:44:53Z,2026-08-01T10:44:53+0200,ec999b8f-4b0e-4160-bee3-118ddd8c6904,2026-07-12T17:15:00Z,2026-07-12T19:15:00+0200,2794.993,MW,DE,DE_LU,actual_offshore_wind_generation,Wind Offshore,2026-08-01T08:46:56Z
2026-08-01T08:44:53Z,2026-08-01T10:44:53+0200,ec999b8f-4b0e-4160-bee3-118ddd8c6904,2026-07-12T17:30:00Z,2026-07-12T19:30:00+0200,2819.231,MW,DE,DE_LU,actual_offshore_wind_generation,Wind Offshore,2026-08-01T08:46:56Z
2026-08-01T08:44:53Z,2026-08-01T10:44:53+0200,ec999b8f-4b0e-4160-bee3-118ddd8c6904,2026-07-12T17:45:00Z,2026-07-12T19:45:00+0200,2839.213,MW,DE,DE_LU,actual_offshore_wind_generation,Wind Offshore,2026-08-01T08:46:56Z
2026-08-01T08:44:53Z,2026-08-01T10:44:53+0200,ec999b8f-4b0e-4160-bee3-118ddd8c6904,2026-07-12T18:00:00Z,2026-07-12T20:00:00+0200,2815.8,MW,DE,DE_LU,actual_offshore_wind_generation,Wind Offshore,2026-08-01T08:46:56Z
2026-08-01T08:44:53Z,2026-08-01T10:44:53+0200,ec999b8f-4b0e-4160-bee3-118ddd8c6904,2026-07-12T18:15:00Z,2026-07-12T20:15:00+0200,2847.798,MW,DE,DE_LU,actual_offshore_wind_generation,Wind Offshore,2026-08-01T08:46:56Z
2026-08-01T08:44:53Z,2026-08-01T10:44:53+0200,ec999b8f-4b0e-4160-bee3-118ddd8c6904,2026-07-12T18:30:00Z,2026-07-12T20:30:00+0200,2903.99,MW,DE,DE_LU,actual_offshore_wind_generation,Wind Offshore,2026-08-01T08:46:56Z
2026-08-01T08:44:53Z,2026-08-01T10:44:53+0200,ec999b8f-4b0e-4160-bee3-118ddd8c6904,2026-07-12T18:45:00Z,2026-07-12T20:45:00+0200,2977.824,MW,DE,DE_LU,actual_offshore_wind_generation,Wind Offshore,2026-08-01T08:46:56Z
2026-08-01T08:44:53Z,2026-08-01T10:44:53+0200,ec999b8f-4b0e-4160-bee3-118ddd8c6904,2026-07-12T19:00:00Z,2026-07-12T21:00:00+0200,3119.088,MW,DE,DE_LU,actual_offshore_wind_generation,Wind Offshore,2026-08-01T08:46:56Z
2026-08-01T08:44:53Z,2026-08-01T10:44:53+0200,ec999b8f-4b0e-4160-bee3-118ddd8c6904,2026-07-12T19:15:00Z,2026-07-12T21:15:00+0200,3214.273,MW,DE,DE_LU,actual_offshore_wind_generation,Wind Offshore,2026-08-01T08:46:56Z
2026-08-01T08:44:53Z,2026-08-01T10:44:53+0200,ec999b8f-4b0e-4160-bee3-118ddd8c6904,2026-07-12T19:30:00Z,2026-07-12T21:30:00+0200,3273.405,MW,DE,DE_LU,actual_offshore_wind_generation,Wind Offshore,2026-08-01T08:46:56Z
2026-08-01T08:44:53Z,2026-08-01T10:44:53+0200,ec999b8f-4b0e-4160-bee3-118ddd8c6904,2026-07-12T19:45:00Z,2026-07-12T21:45:00+0200,3381.36,MW,DE,DE_LU,actual_offshore_wind_generation,Wind Offshore,2026-08-01T08:46:56Z
2026-08-01T08:44:53Z,2026-08-01T10:44:53+0200,ec999b8f-4b0e-4160-bee3-118ddd8c6904,2026-07-12T20:00:00Z,2026-07-12T22:00:00+0200,3458.615,MW,DE,DE_LU,actual_offshore_wind_generation,Wind Offshore,2026-08-01T08:46:56Z
2026-08-01T08:44:53Z,2026-08-01T10:44:53+0200,ec999b8f-4b0e-4160-bee3-118ddd8c6904,2026-07-12T20:15:00Z,2026-07-12T22:15:00+0200,3538.071,MW,DE,DE_LU,actual_offshore_wind_generation,Wind Offshore,2026-08-01T08:46:56Z
2026-08-01T08:44:53Z,2026-08-01T10:44:53+0200,ec999b8f-4b0e-4160-bee3-118ddd8c6904,2026-07-12T20:30:00Z,2026-07-12T22:30:00+0200,3566.527,MW,DE,DE_LU,actual_offshore_wind_generation,Wind Offshore,2026-08-01T08:46:56Z
2026-08-01T08:44:53Z,2026-08-01T10:44:53+0200,ec999b8f-4b0e-4160-bee3-118ddd8c6904,2026-07-12T20:45:00Z,2026-07-12T22:45:00+0200,3563.58,MW,DE,DE_LU,actual_offshore_wind_generation,Wind Offshore,2026-08-01T08:46:56Z
2026-08-01T08:44:53Z,2026-08-01T10:44:53+0200,ec999b8f-4b0e-4160-bee3-118ddd8c6904,2026-07-12T21:00:00Z,2026-07-12T23:00:00+0200,3570.453,MW,DE,DE_LU,actual_offshore_wind_generation,Wind Offshore,2026-08-01T08:46:56Z
2026-08-01T08:44:53Z,2026-08-01T10:44:53+0200,ec999b8f-4b0e-4160-bee3-118ddd8c6904,2026-07-12T21:15:00Z,2026-07-12T23:15:00+0200,3584.767,MW,DE,DE_LU,actual_offshore_wind_generation,Wind Offshore,2026-08-01T08:46:56Z
2026-08-01T08:44:53Z,2026-08-01T10:44:53+0200,ec999b8f-4b0e-4160-bee3-118ddd8c6904,2026-07-12T21:30:00Z,2026-07-12T23:30:00+0200,3581.589,MW,DE,DE_LU,actual_offshore_wind_generation,Wind Offshore,2026-08-01T08:46:56Z
2026-08-01T08:44:53Z,2026-08-01T10:44:53+0200,ec999b8f-4b0e-4160-bee3-118ddd8c6904,2026-07-12T21:45:00Z,2026-07-12T23:45:00+0200,3560.257,MW,DE,DE_LU,actual_offshore_wind_generation,Wind Offshore,2026-08-01T08:46:56Z
2026-08-01T08:44:53Z,2026-08-01T10:44:53+0200,ec999b8f-4b0e-4160-bee3-118ddd8c6904,2026-07-12T22:00:00Z,2026-07-13T00:00:00+0200,3572.282,MW,DE,DE_LU,actual_offshore_wind_generation,Wind Offshore,2026-08-01T08:46:56Z
2026-08-01T08:44:53Z,2026-08-01T10:44:53+0200,ec999b8f-4b0e-4160-bee3-118ddd8c6904,2026-07-12T22:15:00Z,2026-07-13T00:15:00+0200,3490.304,MW,DE,DE_LU,actual_offshore_wind_generation,Wind Offshore,2026-08-01T08:46:56Z
2026-08-01T08:44:53Z,2026-08-01T10:44:53+0200,ec999b8f-4b0e-4160-bee3-118ddd8c6904,2026-07-12T22:30:00Z,2026-07-13T00:30:00+0200,3410.054,MW,DE,DE_LU,actual_offshore_wind_generation,Wind Offshore,2026-08-01T08:46:56Z
2026-08-01T08:44:53Z,2026-08-01T10:44:53+0200,ec999b8f-4b0e-4160-bee3-118ddd8c6904,2026-07-12T22:45:00Z,2026-07-13T00:45:00+0200,3242.683,MW,DE,DE_LU,actual_offshore_wind_generation,Wind Offshore,2026-08-01T08:46:56Z
2026-08-01T08:44:53Z,2026-08-01T10:44:53+0200,ec999b8f-4b0e-4160-bee3-118ddd8c6904,2026-07-12T23:00:00Z,2026-07-13T01:00:00+0200,3121.744,MW,DE,DE_LU,actual_offshore_wind_generation,Wind Offshore,2026-08-01T08:46:56Z
2026-08-01T08:44:53Z,2026-08-01T10:44:53+0200,ec999b8f-4b0e-4160-bee3-118ddd8c6904,2026-07-12T23:15:00Z,2026-07-13T01:15:00+0200,2994.886,MW,DE,DE_LU,actual_offshore_wind_generation,Wind Offshore,2026-08-01T08:46:56Z
2026-08-01T08:44:53Z,2026-08-01T10:44:53+0200,ec999b8f-4b0e-4160-bee3-118ddd8c6904,2026-07-12T23:30:00Z,2026-07-13T01:30:00+0200,2894.033,MW,DE,DE_LU,actual_offshore_wind_generation,Wind Offshore,2026-08-01T08:46:56Z
2026-08-01T08:44:53Z,2026-08-01T10:44:53+0200,ec999b8f-4b0e-4160-bee3-118ddd8c6904,2026-07-12T23:45:00Z,2026-07-13T01:45:00+0200,2769.923,MW,DE,DE_LU,actual_offshore_wind_generation,Wind Offshore,2026-08-01T08:46:56Z
2026-08-01T08:44:53Z,2026-08-01T10:44:53+0200,ec999b8f-4b0e-4160-bee3-118ddd8c6904,2026-07-13T00:00:00Z,2026-07-13T02:00:00+0200,2650.337,MW,DE,DE_LU,actual_offshore_wind_generation,Wind Offshore,2026-08-01T08:46:56Z
2026-08-01T08:44:53Z,2026-08-01T10:44:53+0200,ec999b8f-4b0e-4160-bee3-118ddd8c6904,2026-07-13T00:15:00Z,2026-07-13T02:15:00+0200,2605.761,MW,DE,DE_LU,actual_offshore_wind_generation,Wind Offshore,2026-08-01T08:46:56Z
2026-08-01T08:44:53Z,2026-08-01T10:44:53+0200,ec999b8f-4b0e-4160-bee3-118ddd8c6904,2026-07-13T00:30:00Z,2026-07-13T02:30:00+0200,2613.03,MW,DE,DE_LU,actual_offshore_wind_generation,Wind Offshore,2026-08-01T08:46:56Z
2026-08-01T08:44:53Z,2026-08-01T10:44:53+0200,ec999b8f-4b0e-4160-bee3-118ddd8c6904,2026-07-13T00:45:00Z,2026-07-13T02:45:00+0200,2584.798,MW,DE,DE_LU,actual_offshore_wind_generation,Wind Offshore,2026-08-01T08:46:56Z
2026-08-01T08:44:53Z,2026-08-01T10:44:53+0200,ec999b8f-4b0e-4160-bee3-118ddd8c6904,2026-07-13T01:00:00Z,2026-07-13T03:00:00+0200,2655.425,MW,DE,DE_LU,actual_offshore_wind_generation,Wind Offshore,2026-08-01T08:46:56Z
2026-08-01T08:44:53Z,2026-08-01T10:44:53+0200,ec999b8f-4b0e-4160-bee3-118ddd8c6904,2026-07-13T01:15:00Z,2026-07-13T03:15:00+0200,2747.447,MW,DE,DE_LU,actual_offshore_wind_generation,Wind Offshore,2026-08-01T08:46:56Z
2026-08-01T08:44:53Z,2026-08-01T10:44:53+0200,ec999b8f-4b0e-4160-bee3-118ddd8c6904,2026-07-13T01:30:00Z,2026-07-13T03:30:00+0200,2792.11,MW,DE,DE_LU,actual_offshore_wind_generation,Wind Offshore,2026-08-01T08:46:56Z
2026-08-01T08:44:53Z,2026-08-01T10:44:53+0200,ec999b8f-4b0e-4160-bee3-118ddd8c6904,2026-07-13T01:45:00Z,2026-07-13T03:45:00+0200,2738.414,MW,DE,DE_LU,actual_offshore_wind_generation,Wind Offshore,2026-08-01T08:46:56Z
2026-08-01T08:44:53Z,2026-08-01T10:44:53+0200,ec999b8f-4b0e-4160-bee3-118ddd8c6904,2026-07-13T02:00:00Z,2026-07-13T04:00:00+0200,2796.108,MW,DE,DE_LU,actual_offshore_wind_generation,Wind Offshore,2026-08-01T08:46:56Z
2026-08-01T08:44:53Z,2026-08-01T10:44:53+0200,ec999b8f-4b0e-4160-bee3-118ddd8c6904,2026-07-13T02:15:00Z,2026-07-13T04:15:00+0200,2822.241,MW,DE,DE_LU,actual_offshore_wind_generation,Wind Offshore,2026-08-01T08:46:56Z
2026-08-01T08:44:53Z,2026-08-01T10:44:53+0200,ec999b8f-4b0e-4160-bee3-118ddd8c6904,2026-07-13T02:30:00Z,2026-07-13T04:30:00+0200,2860.705,MW,DE,DE_LU,actual_offshore_wind_generation,Wind Offshore,2026-08-01T08:46:56Z
2026-08-01T08:44:53Z,2026-08-01T10:44:53+0200,ec999b8f-4b0e-4160-bee3-118ddd8c6904,2026-07-13T02:45:00Z,2026-07-13T04:45:00+0200,2839.492,MW,DE,DE_LU,actual_offshore_wind_generation,Wind Offshore,2026-08-01T08:46:56Z
2026-08-01T08:44:53Z,2026-08-01T10:44:53+0200,ec999b8f-4b0e-4160-bee3-118ddd8c6904,2026-07-13T03:00:00Z,2026-07-13T05:00:00+0200,2714.757,MW,DE,DE_LU,actual_offshore_wind_generation,Wind Offshore,2026-08-01T08:46:56Z
2026-08-01T08:44:53Z,2026-08-01T10:44:53+0200,ec999b8f-4b0e-4160-bee3-118ddd8c6904,2026-07-13T03:15:00Z,2026-07-13T05:15:00+0200,2589.857,MW,DE,DE_LU,actual_offshore_wind_generation,Wind Offshore,2026-08-01T08:46:56Z
2026-08-01T08:44:53Z,2026-08-01T10:44:53+0200,ec999b8f-4b0e-4160-bee3-118ddd8c6904,2026-07-13T03:30:00Z,2026-07-13T05:30:00+0200,2477.58,MW,DE,DE_LU,actual_offshore_wind_generation,Wind Offshore,2026-08-01T08:46:56Z
2026-08-01T08:44:53Z,2026-08-01T10:44:53+0200,ec999b8f-4b0e-4160-bee3-118ddd8c6904,2026-07-13T03:45:00Z,2026-07-13T05:45:00+0200,2378.793,MW,DE,DE_LU,actual_offshore_wind_generation,Wind Offshore,2026-08-01T08:46:56Z
2026-08-01T08:44:53Z,2026-08-01T10:44:53+0200,ec999b8f-4b0e-4160-bee3-118ddd8c6904,2026-07-13T04:00:00Z,2026-07-13T06:00:00+0200,2258.827,MW,DE,DE_LU,actual_offshore_wind_generation,Wind Offshore,2026-08-01T08:46:56Z
2026-08-01T08:44:53Z,2026-08-01T10:44:53+0200,ec999b8f-4b0e-4160-bee3-118ddd8c6904,2026-07-13T04:15:00Z,2026-07-13T06:15:00+0200,2193.775,MW,DE,DE_LU,actual_offshore_wind_generation,Wind Offshore,2026-08-01T08:46:56Z
2026-08-01T08:44:53Z,2026-08-01T10:44:53+0200,ec999b8f-4b0e-4160-bee3-118ddd8c6904,2026-07-13T04:30:00Z,2026-07-13T06:30:00+0200,2070.053,MW,DE,DE_LU,actual_offshore_wind_generation,Wind Offshore,2026-08-01T08:46:56Z
2026-08-01T08:44:53Z,2026-08-01T10:44:53+0200,ec999b8f-4b0e-4160-bee3-118ddd8c6904,2026-07-13T04:45:00Z,2026-07-13T06:45:00+0200,1931.558,MW,DE,DE_LU,actual_offshore_wind_generation,Wind Offshore,2026-08-01T08:46:56Z
2026-08-01T08:44:53Z,2026-08-01T10:44:53+0200,ec999b8f-4b0e-4160-bee3-118ddd8c6904,2026-07-13T05:00:00Z,2026-07-13T07:00:00+0200,1873.709,MW,DE,DE_LU,actual_offshore_wind_generation,Wind Offshore,2026-08-01T08:46:56Z
2026-08-01T08:44:53Z,2026-08-01T10:44:53+0200,ec999b8f-4b0e-4160-bee3-118ddd8c6904,2026-07-13T05:15:00Z,2026-07-13T07:15:00+0200,1759.604,MW,DE,DE_LU,actual_offshore_wind_generation,Wind Offshore,2026-08-01T08:46:56Z
2026-08-01T08:44:53Z,2026-08-01T10:44:53+0200,ec999b8f-4b0e-4160-bee3-118ddd8c6904,2026-07-13T05:30:00Z,2026-07-13T07:30:00+0200,1624.261,MW,DE,DE_LU,actual_offshore_wind_generation,Wind Offshore,2026-08-01T08:46:56Z
2026-08-01T08:44:53Z,2026-08-01T10:44:53+0200,ec999b8f-4b0e-4160-bee3-118ddd8c6904,2026-07-13T05:45:00Z,2026-07-13T07:45:00+0200,1506.387,MW,DE,DE_LU,actual_offshore_wind_generation,Wind Offshore,2026-08-01T08:46:56Z
2026-08-01T08:44:53Z,2026-08-01T10:44:53+0200,ec999b8f-4b0e-4160-bee3-118ddd8c6904,2026-07-13T06:00:00Z,2026-07-13T08:00:00+0200,1420.252,MW,DE,DE_LU,actual_offshore_wind_generation,Wind Offshore,2026-08-01T08:46:56Z
2026-08-01T08:44:53Z,2026-08-01T10:44:53+0200,ec999b8f-4b0e-4160-bee3-118ddd8c6904,2026-07-13T06:15:00Z,2026-07-13T08:15:00+0200,1290.195,MW,DE,DE_LU,actual_offshore_wind_generation,Wind Offshore,2026-08-01T08:46:56Z
2026-08-01T08:44:53Z,2026-08-01T10:44:53+0200,ec999b8f-4b0e-4160-bee3-118ddd8c6904,2026-07-13T06:30:00Z,2026-07-13T08:30:00+0200,1138.415,MW,DE,DE_LU,actual_offshore_wind_generation,Wind Offshore,2026-08-01T08:46:56Z
2026-08-01T08:44:53Z,2026-08-01T10:44:53+0200,ec999b8f-4b0e-4160-bee3-118ddd8c6904,2026-07-13T06:45:00Z,2026-07-13T08:45:00+0200,1005.661,MW,DE,DE_LU,actual_offshore_wind_generation,Wind Offshore,2026-08-01T08:46:56Z
2026-08-01T08:44:53Z,2026-08-01T10:44:53+0200,ec999b8f-4b0e-4160-bee3-118ddd8c6904,2026-07-13T07:00:00Z,2026-07-13T09:00:00+0200,919.08,MW,DE,DE_LU,actual_offshore_wind_generation,Wind Offshore,2026-08-01T08:46:56Z
2026-08-01T08:44:53Z,2026-08-01T10:44:53+0200,ec999b8f-4b0e-4160-bee3-118ddd8c6904,2026-07-13T07:15:00Z,2026-07-13T09:15:00+0200,840.378,MW,DE,DE_LU,actual_offshore_wind_generation,Wind Offshore,2026-08-01T08:46:56Z
2026-08-01T08:44:53Z,2026-08-01T10:44:53+0200,ec999b8f-4b0e-4160-bee3-118ddd8c6904,2026-07-13T07:30:00Z,2026-07-13T09:30:00+0200,771.276,MW,DE,DE_LU,actual_offshore_wind_generation,Wind Offshore,2026-08-01T08:46:56Z
2026-08-01T08:44:53Z,2026-08-01T10:44:53+0200,ec999b8f-4b0e-4160-bee3-118ddd8c6904,2026-07-13T07:45:00Z,2026-07-13T09:45:00+0200,717.485,MW,DE,DE_LU,actual_offshore_wind_generation,Wind Offshore,2026-08-01T08:46:56Z
2026-08-01T08:44:53Z,2026-08-01T10:44:53+0200,ec999b8f-4b0e-4160-bee3-118ddd8c6904,2026-07-13T08:00:00Z,2026-07-13T10:00:00+0200,669.039,MW,DE,DE_LU,actual_offshore_wind_generation,Wind Offshore,2026-08-01T08:46:56Z
2026-08-01T08:44:53Z,2026-08-01T10:44:53+0200,ec999b8f-4b0e-4160-bee3-118ddd8c6904,2026-07-13T08:15:00Z,2026-07-13T10:15:00+0200,668.765,MW,DE,DE_LU,actual_offshore_wind_generation,Wind Offshore,2026-08-01T08:46:56Z
2026-08-01T08:44:53Z,2026-08-01T10:44:53+0200,ec999b8f-4b0e-4160-bee3-118ddd8c6904,2026-07-13T08:30:00Z,2026-07-13T10:30:00+0200,682.34,MW,DE,DE_LU,actual_offshore_wind_generation,Wind Offshore,2026-08-01T08:46:56Z
2026-08-01T08:44:53Z,2026-08-01T10:44:53+0200,ec999b8f-4b0e-4160-bee3-118ddd8c6904,2026-07-13T08:45:00Z,2026-07-13T10:45:00+0200,739.92,MW,DE,DE_LU,actual_offshore_wind_generation,Wind Offshore,2026-08-01T08:46:56Z
2026-08-01T08:44:53Z,2026-08-01T10:44:53+0200,ec999b8f-4b0e-4160-bee3-118ddd8c6904,2026-07-13T09:00:00Z,2026-07-13T11:00:00+0200,750.901,MW,DE,DE_LU,actual_offshore_wind_generation,Wind Offshore,2026-08-01T08:46:56Z
2026-08-01T08:44:53Z,2026-08-01T10:44:53+0200,ec999b8f-4b0e-4160-bee3-118ddd8c6904,2026-07-13T09:15:00Z,2026-07-13T11:15:00+0200,751.894,MW,DE,DE_LU,actual_offshore_wind_generation,Wind Offshore,2026-08-01T08:46:56Z
2026-08-01T08:44:53Z,2026-08-01T10:44:53+0200,ec999b8f-4b0e-4160-bee3-118ddd8c6904,2026-07-13T09:30:00Z,2026-07-13T11:30:00+0200,710.658,MW,DE,DE_LU,actual_offshore_wind_generation,Wind Offshore,2026-08-01T08:46:56Z
2026-08-01T08:44:53Z,2026-08-01T10:44:53+0200,ec999b8f-4b0e-4160-bee3-118ddd8c6904,2026-07-13T09:45:00Z,2026-07-13T11:45:00+0200,632.217,MW,DE,DE_LU,actual_offshore_wind_generation,Wind Offshore,2026-08-01T08:46:56Z
2026-08-01T08:44:53Z,2026-08-01T10:44:53+0200,ec999b8f-4b0e-4160-bee3-118ddd8c6904,2026-07-13T10:00:00Z,2026-07-13T12:00:00+0200,586.22,MW,DE,DE_LU,actual_offshore_wind_generation,Wind Offshore,2026-08-01T08:46:56Z
2026-08-01T08:44:53Z,2026-08-01T10:44:53+0200,ec999b8f-4b0e-4160-bee3-118ddd8c6904,2026-07-13T10:15:00Z,2026-07-13T12:15:00+0200,539.571,MW,DE,DE_LU,actual_offshore_wind_generation,Wind Offshore,2026-08-01T08:46:56Z
2026-08-01T08:44:53Z,2026-08-01T10:44:53+0200,ec999b8f-4b0e-4160-bee3-118ddd8c6904,2026-07-13T10:30:00Z,2026-07-13T12:30:00+0200,516.175,MW,DE,DE_LU,actual_offshore_wind_generation,Wind Offshore,2026-08-01T08:46:56Z
2026-08-01T08:44:53Z,2026-08-01T10:44:53+0200,ec999b8f-4b0e-4160-bee3-118ddd8c6904,2026-07-13T10:45:00Z,2026-07-13T12:45:00+0200,529.281,MW,DE,DE_LU,actual_offshore_wind_generation,Wind Offshore,2026-08-01T08:46:56Z
2026-08-01T08:44:53Z,2026-08-01T10:44:53+0200,ec999b8f-4b0e-4160-bee3-118ddd8c6904,2026-07-13T11:00:00Z,2026-07-13T13:00:00+0200,560.537,MW,DE,DE_LU,actual_offshore_wind_generation,Wind Offshore,2026-08-01T08:46:56Z
2026-08-01T08:44:53Z,2026-08-01T10:44:53+0200,ec999b8f-4b0e-4160-bee3-118ddd8c6904,2026-07-13T11:15:00Z,2026-07-13T13:15:00+0200,563.062,MW,DE,DE_LU,actual_offshore_wind_generation,Wind Offshore,2026-08-01T08:46:56Z
2026-08-01T08:44:53Z,2026-08-01T10:44:53+0200,ec999b8f-4b0e-4160-bee3-118ddd8c6904,2026-07-13T11:30:00Z,2026-07-13T13:30:00+0200,653.793,MW,DE,DE_LU,actual_offshore_wind_generation,Wind Offshore,2026-08-01T08:46:56Z
2026-08-01T08:44:53Z,2026-08-01T10:44:53+0200,ec999b8f-4b0e-4160-bee3-118ddd8c6904,2026-07-13T11:45:00Z,2026-07-13T13:45:00+0200,748.152,MW,DE,DE_LU,actual_offshore_wind_generation,Wind Offshore,2026-08-01T08:46:56Z
2026-08-01T08:44:53Z,2026-08-01T10:44:53+0200,ec999b8f-4b0e-4160-bee3-118ddd8c6904,2026-07-13T12:00:00Z,2026-07-13T14:00:00+0200,847.552,MW,DE,DE_LU,actual_offshore_wind_generation,Wind Offshore,2026-08-01T08:46:56Z
2026-08-01T08:44:53Z,2026-08-01T10:44:53+0200,ec999b8f-4b0e-4160-bee3-118ddd8c6904,2026-07-13T12:15:00Z,2026-07-13T14:15:00+0200,922.878,MW,DE,DE_LU,actual_offshore_wind_generation,Wind Offshore,2026-08-01T08:46:56Z
2026-08-01T08:44:53Z,2026-08-01T10:44:53+0200,ec999b8f-4b0e-4160-bee3-118ddd8c6904,2026-07-13T12:30:00Z,2026-07-13T14:30:00+0200,915.081,MW,DE,DE_LU,actual_offshore_wind_generation,Wind Offshore,2026-08-01T08:46:56Z
2026-08-01T08:44:53Z,2026-08-01T10:44:53+0200,ec999b8f-4b0e-4160-bee3-118ddd8c6904,2026-07-13T12:45:00Z,2026-07-13T14:45:00+0200,905.068,MW,DE,DE_LU,actual_offshore_wind_generation,Wind Offshore,2026-08-01T08:46:56Z
2026-08-01T08:44:53Z,2026-08-01T10:44:53+0200,ec999b8f-4b0e-4160-bee3-118ddd8c6904,2026-07-13T13:00:00Z,2026-07-13T15:00:00+0200,931.865,MW,DE,DE_LU,actual_offshore_wind_generation,Wind Offshore,2026-08-01T08:46:56Z
2026-08-01T08:44:53Z,2026-08-01T10:44:53+0200,ec999b8f-4b0e-4160-bee3-118ddd8c6904,2026-07-13T13:15:00Z,2026-07-13T15:15:00+0200,882.958,MW,DE,DE_LU,actual_offshore_wind_generation,Wind Offshore,2026-08-01T08:46:56Z
2026-08-01T08:44:53Z,2026-08-01T10:44:53+0200,ec999b8f-4b0e-4160-bee3-118ddd8c6904,2026-07-13T13:30:00Z,2026-07-13T15:30:00+0200,796.81,MW,DE,DE_LU,actual_offshore_wind_generation,Wind Offshore,2026-08-01T08:46:56Z
2026-08-01T08:44:53Z,2026-08-01T10:44:53+0200,ec999b8f-4b0e-4160-bee3-118ddd8c6904,2026-07-13T13:45:00Z,2026-07-13T15:45:00+0200,720.083,MW,DE,DE_LU,actual_offshore_wind_generation,Wind Offshore,2026-08-01T08:46:56Z
2026-08-01T08:44:53Z,2026-08-01T10:44:53+0200,ec999b8f-4b0e-4160-bee3-118ddd8c6904,2026-07-13T14:00:00Z,2026-07-13T16:00:00+0200,729.258,MW,DE,DE_LU,actual_offshore_wind_generation,Wind Offshore,2026-08-01T08:46:56Z
2026-08-01T08:44:53Z,2026-08-01T10:44:53+0200,ec999b8f-4b0e-4160-bee3-118ddd8c6904,2026-07-13T14:15:00Z,2026-07-13T16:15:00+0200,708.172,MW,DE,DE_LU,actual_offshore_wind_generation,Wind Offshore,2026-08-01T08:46:56Z
2026-08-01T08:44:53Z,2026-08-01T10:44:53+0200,ec999b8f-4b0e-4160-bee3-118ddd8c6904,2026-07-13T14:30:00Z,2026-07-13T16:30:00+0200,687.433,MW,DE,DE_LU,actual_offshore_wind_generation,Wind Offshore,2026-08-01T08:46:56Z
2026-08-01T08:44:53Z,2026-08-01T10:44:53+0200,ec999b8f-4b0e-4160-bee3-118ddd8c6904,2026-07-13T14:45:00Z,2026-07-13T16:45:00+0200,693.329,MW,DE,DE_LU,actual_offshore_wind_generation,Wind Offshore,2026-08-01T08:46:56Z
2026-08-01T08:44:53Z,2026-08-01T10:44:53+0200,ec999b8f-4b0e-4160-bee3-118ddd8c6904,2026-07-13T15:00:00Z,2026-07-13T17:00:00+0200,774.559,MW,DE,DE_LU,actual_offshore_wind_generation,Wind Offshore,2026-08-01T08:46:56Z
2026-08-01T08:44:53Z,2026-08-01T10:44:53+0200,ec999b8f-4b0e-4160-bee3-118ddd8c6904,2026-07-13T15:15:00Z,2026-07-13T17:15:00+0200,902.186,MW,DE,DE_LU,actual_offshore_wind_generation,Wind Offshore,2026-08-01T08:46:56Z
2026-08-01T08:44:53Z,2026-08-01T10:44:53+0200,ec999b8f-4b0e-4160-bee3-118ddd8c6904,2026-07-13T15:30:00Z,2026-07-13T17:30:00+0200,1063.856,MW,DE,DE_LU,actual_offshore_wind_generation,Wind Offshore,2026-08-01T08:46:56Z
2026-08-01T08:44:53Z,2026-08-01T10:44:53+0200,ec999b8f-4b0e-4160-bee3-118ddd8c6904,2026-07-13T15:45:00Z,2026-07-13T17:45:00+0200,1267.368,MW,DE,DE_LU,actual_offshore_wind_generation,Wind Offshore,2026-08-01T08:46:56Z
2026-08-01T08:44:53Z,2026-08-01T10:44:53+0200,ec999b8f-4b0e-4160-bee3-118ddd8c6904,2026-07-13T16:00:00Z,2026-07-13T18:00:00+0200,1551.766,MW,DE,DE_LU,actual_offshore_wind_generation,Wind Offshore,2026-08-01T08:46:56Z
2026-08-01T08:44:53Z,2026-08-01T10:44:53+0200,ec999b8f-4b0e-4160-bee3-118ddd8c6904,2026-07-13T16:15:00Z,2026-07-13T18:15:00+0200,1703.874,MW,DE,DE_LU,actual_offshore_wind_generation,Wind Offshore,2026-08-01T08:46:56Z
2026-08-01T08:44:53Z,2026-08-01T10:44:53+0200,ec999b8f-4b0e-4160-bee3-118ddd8c6904,2026-07-13T16:30:00Z,2026-07-13T18:30:00+0200,1719.956,MW,DE,DE_LU,actual_offshore_wind_generation,Wind Offshore,2026-08-01T08:46:56Z
2026-08-01T08:44:53Z,2026-08-01T10:44:53+0200,ec999b8f-4b0e-4160-bee3-118ddd8c6904,2026-07-13T16:45:00Z,2026-07-13T18:45:00+0200,1772.09,MW,DE,DE_LU,actual_offshore_wind_generation,Wind Offshore,2026-08-01T08:46:56Z
2026-08-01T08:44:53Z,2026-08-01T10:44:53+0200,ec999b8f-4b0e-4160-bee3-118ddd8c6904,2026-07-13T17:00:00Z,2026-07-13T19:00:00+0200,1917.482,MW,DE,DE_LU,actual_offshore_wind_generation,Wind Offshore,2026-08-01T08:46:56Z
2026-08-01T08:44:53Z,2026-08-01T10:44:53+0200,ec999b8f-4b0e-4160-bee3-118ddd8c6904,2026-07-13T17:15:00Z,2026-07-13T19:15:00+0200,2021.554,MW,DE,DE_LU,actual_offshore_wind_generation,Wind Offshore,2026-08-01T08:46:56Z
2026-08-01T08:44:53Z,2026-08-01T10:44:53+0200,ec999b8f-4b0e-4160-bee3-118ddd8c6904,2026-07-13T17:30:00Z,2026-07-13T19:30:00+0200,2245.475,MW,DE,DE_LU,actual_offshore_wind_generation,Wind Offshore,2026-08-01T08:46:56Z
2026-08-01T08:44:53Z,2026-08-01T10:44:53+0200,ec999b8f-4b0e-4160-bee3-118ddd8c6904,2026-07-13T17:45:00Z,2026-07-13T19:45:00+0200,2376.745,MW,DE,DE_LU,actual_offshore_wind_generation,Wind Offshore,2026-08-01T08:46:56Z
2026-08-01T08:44:53Z,2026-08-01T10:44:53+0200,ec999b8f-4b0e-4160-bee3-118ddd8c6904,2026-07-13T18:00:00Z,2026-07-13T20:00:00+0200,2489.199,MW,DE,DE_LU,actual_offshore_wind_generation,Wind Offshore,2026-08-01T08:46:56Z
2026-08-01T08:44:53Z,2026-08-01T10:44:53+0200,ec999b8f-4b0e-4160-bee3-118ddd8c6904,2026-07-13T18:15:00Z,2026-07-13T20:15:00+0200,2415.742,MW,DE,DE_LU,actual_offshore_wind_generation,Wind Offshore,2026-08-01T08:46:56Z
2026-08-01T08:44:53Z,2026-08-01T10:44:53+0200,ec999b8f-4b0e-4160-bee3-118ddd8c6904,2026-07-13T18:30:00Z,2026-07-13T20:30:00+0200,2447.06,MW,DE,DE_LU,actual_offshore_wind_generation,Wind Offshore,2026-08-01T08:46:56Z
2026-08-01T08:44:53Z,2026-08-01T10:44:53+0200,ec999b8f-4b0e-4160-bee3-118ddd8c6904,2026-07-13T18:45:00Z,2026-07-13T20:45:00+0200,2433.451,MW,DE,DE_LU,actual_offshore_wind_generation,Wind Offshore,2026-08-01T08:46:56Z
2026-08-01T08:44:53Z,2026-08-01T10:44:53+0200,ec999b8f-4b0e-4160-bee3-118ddd8c6904,2026-07-13T19:00:00Z,2026-07-13T21:00:00+0200,2450.346,MW,DE,DE_LU,actual_offshore_wind_generation,Wind Offshore,2026-08-01T08:46:56Z
2026-08-01T08:44:53Z,2026-08-01T10:44:53+0200,ec999b8f-4b0e-4160-bee3-118ddd8c6904,2026-07-13T19:15:00Z,2026-07-13T21:15:00+0200,2401.085,MW,DE,DE_LU,actual_offshore_wind_generation,Wind Offshore,2026-08-01T08:46:56Z
2026-08-01T08:44:53Z,2026-08-01T10:44:53+0200,ec999b8f-4b0e-4160-bee3-118ddd8c6904,2026-07-13T19:30:00Z,2026-07-13T21:30:00+0200,2506.824,MW,DE,DE_LU,actual_offshore_wind_generation,Wind Offshore,2026-08-01T08:46:56Z
2026-08-01T08:44:53Z,2026-08-01T10:44:53+0200,ec999b8f-4b0e-4160-bee3-118ddd8c6904,2026-07-13T19:45:00Z,2026-07-13T21:45:00+0200,2549.894,MW,DE,DE_LU,actual_offshore_wind_generation,Wind Offshore,2026-08-01T08:46:56Z
2026-08-01T08:44:53Z,2026-08-01T10:44:53+0200,ec999b8f-4b0e-4160-bee3-118ddd8c6904,2026-07-13T20:00:00Z,2026-07-13T22:00:00+0200,2538.059,MW,DE,DE_LU,actual_offshore_wind_generation,Wind Offshore,2026-08-01T08:46:56Z
2026-08-01T08:44:53Z,2026-08-01T10:44:53+0200,ec999b8f-4b0e-4160-bee3-118ddd8c6904,2026-07-13T20:15:00Z,2026-07-13T22:15:00+0200,2593.217,MW,DE,DE_LU,actual_offshore_wind_generation,Wind Offshore,2026-08-01T08:46:56Z
2026-08-01T08:44:53Z,2026-08-01T10:44:53+0200,ec999b8f-4b0e-4160-bee3-118ddd8c6904,2026-07-13T20:30:00Z,2026-07-13T22:30:00+0200,2529.25,MW,DE,DE_LU,actual_offshore_wind_generation,Wind Offshore,2026-08-01T08:46:56Z
2026-08-01T08:44:53Z,2026-08-01T10:44:53+0200,ec999b8f-4b0e-4160-bee3-118ddd8c6904,2026-07-13T20:45:00Z,2026-07-13T22:45:00+0200,2365.585,MW,DE,DE_LU,actual_offshore_wind_generation,Wind Offshore,2026-08-01T08:46:56Z
2026-08-01T08:44:53Z,2026-08-01T10:44:53+0200,ec999b8f-4b0e-4160-bee3-118ddd8c6904,2026-07-13T21:00:00Z,2026-07-13T23:00:00+0200,2184.564,MW,DE,DE_LU,actual_offshore_wind_generation,Wind Offshore,2026-08-01T08:46:56Z
2026-08-01T08:44:53Z,2026-08-01T10:44:53+0200,ec999b8f-4b0e-4160-bee3-118ddd8c6904,2026-07-13T21:15:00Z,2026-07-13T23:15:00+0200,1985.635,MW,DE,DE_LU,actual_offshore_wind_generation,Wind Offshore,2026-08-01T08:46:56Z
2026-08-01T08:44:53Z,2026-08-01T10:44:53+0200,ec999b8f-4b0e-4160-bee3-118ddd8c6904,2026-07-13T21:30:00Z,2026-07-13T23:30:00+0200,1862.072,MW,DE,DE_LU,actual_offshore_wind_generation,Wind Offshore,2026-08-01T08:46:56Z
2026-08-01T08:44:53Z,2026-08-01T10:44:53+0200,ec999b8f-4b0e-4160-bee3-118ddd8c6904,2026-07-13T21:45:00Z,2026-07-13T23:45:00+0200,1814.737,MW,DE,DE_LU,actual_offshore_wind_generation,Wind Offshore,2026-08-01T08:46:56Z
2026-08-01T08:44:53Z,2026-08-01T10:44:53+0200,ec999b8f-4b0e-4160-bee3-118ddd8c6904,2026-07-13T22:00:00Z,2026-07-14T00:00:00+0200,1852.904,MW,DE,DE_LU,actual_offshore_wind_generation,Wind Offshore,2026-08-01T08:46:56Z
2026-08-01T08:44:53Z,2026-08-01T10:44:53+0200,ec999b8f-4b0e-4160-bee3-118ddd8c6904,2026-07-13T22:15:00Z,2026-07-14T00:15:00+0200,1835.553,MW,DE,DE_LU,actual_offshore_wind_generation,Wind Offshore,2026-08-01T08:46:56Z
2026-08-01T08:44:53Z,2026-08-01T10:44:53+0200,ec999b8f-4b0e-4160-bee3-118ddd8c6904,2026-07-13T22:30:00Z,2026-07-14T00:30:00+0200,1697.734,MW,DE,DE_LU,actual_offshore_wind_generation,Wind Offshore,2026-08-01T08:46:56Z
2026-08-01T08:44:53Z,2026-08-01T10:44:53+0200,ec999b8f-4b0e-4160-bee3-118ddd8c6904,2026-07-13T22:45:00Z,2026-07-14T00:45:00+0200,1612.509,MW,DE,DE_LU,actual_offshore_wind_generation,Wind Offshore,2026-08-01T08:46:56Z
2026-08-01T08:44:53Z,2026-08-01T10:44:53+0200,ec999b8f-4b0e-4160-bee3-118ddd8c6904,2026-07-13T23:00:00Z,2026-07-14T01:00:00+0200,1597.827,MW,DE,DE_LU,actual_offshore_wind_generation,Wind Offshore,2026-08-01T08:46:56Z
2026-08-01T08:44:53Z,2026-08-01T10:44:53+0200,ec999b8f-4b0e-4160-bee3-118ddd8c6904,2026-07-13T23:15:00Z,2026-07-14T01:15:00+0200,1589.535,MW,DE,DE_LU,actual_offshore_wind_generation,Wind Offshore,2026-08-01T08:46:56Z
2026-08-01T08:44:53Z,2026-08-01T10:44:53+0200,ec999b8f-4b0e-4160-bee3-118ddd8c6904,2026-07-13T23:30:00Z,2026-07-14T01:30:00+0200,1605.623,MW,DE,DE_LU,actual_offshore_wind_generation,Wind Offshore,2026-08-01T08:46:56Z
2026-08-01T08:44:53Z,2026-08-01T10:44:53+0200,ec999b8f-4b0e-4160-bee3-118ddd8c6904,2026-07-13T23:45:00Z,2026-07-14T01:45:00+0200,1591.197,MW,DE,DE_LU,actual_offshore_wind_generation,Wind Offshore,2026-08-01T08:46:56Z
2026-08-01T08:44:53Z,2026-08-01T10:44:53+0200,ec999b8f-4b0e-4160-bee3-118ddd8c6904,2026-07-14T00:00:00Z,2026-07-14T02:00:00+0200,1586.581,MW,DE,DE_LU,actual_offshore_wind_generation,Wind Offshore,2026-08-01T08:46:56Z
2026-08-01T08:44:53Z,2026-08-01T10:44:53+0200,ec999b8f-4b0e-4160-bee3-118ddd8c6904,2026-07-14T00:15:00Z,2026-07-14T02:15:00+0200,1611.079,MW,DE,DE_LU,actual_offshore_wind_generation,Wind Offshore,2026-08-01T08:46:56Z
2026-08-01T08:44:53Z,2026-08-01T10:44:53+0200,ec999b8f-4b0e-4160-bee3-118ddd8c6904,2026-07-14T00:30:00Z,2026-07-14T02:30:00+0200,1614.338,MW,DE,DE_LU,actual_offshore_wind_generation,Wind Offshore,2026-08-01T08:46:56Z
2026-08-01T08:44:53Z,2026-08-01T10:44:53+0200,ec999b8f-4b0e-4160-bee3-118ddd8c6904,2026-07-14T00:45:00Z,2026-07-14T02:45:00+0200,1565.149,MW,DE,DE_LU,actual_offshore_wind_generation,Wind Offshore,2026-08-01T08:46:56Z
2026-08-01T08:44:53Z,2026-08-01T10:44:53+0200,ec999b8f-4b0e-4160-bee3-118ddd8c6904,2026-07-14T01:00:00Z,2026-07-14T03:00:00+0200,1542.742,MW,DE,DE_LU,actual_offshore_wind_generation,Wind Offshore,2026-08-01T08:46:56Z
2026-08-01T08:44:53Z,2026-08-01T10:44:53+0200,ec999b8f-4b0e-4160-bee3-118ddd8c6904,2026-07-14T01:15:00Z,2026-07-14T03:15:00+0200,1516.392,MW,DE,DE_LU,actual_offshore_wind_generation,Wind Offshore,2026-08-01T08:46:56Z
2026-08-01T08:44:53Z,2026-08-01T10:44:53+0200,ec999b8f-4b0e-4160-bee3-118ddd8c6904,2026-07-14T01:30:00Z,2026-07-14T03:30:00+0200,1521.801,MW,DE,DE_LU,actual_offshore_wind_generation,Wind Offshore,2026-08-01T08:46:56Z
2026-08-01T08:44:53Z,2026-08-01T10:44:53+0200,ec999b8f-4b0e-4160-bee3-118ddd8c6904,2026-07-14T01:45:00Z,2026-07-14T03:45:00+0200,1594.572,MW,DE,DE_LU,actual_offshore_wind_generation,Wind Offshore,2026-08-01T08:46:56Z
2026-08-01T08:44:53Z,2026-08-01T10:44:53+0200,ec999b8f-4b0e-4160-bee3-118ddd8c6904,2026-07-14T02:00:00Z,2026-07-14T04:00:00+0200,1639.937,MW,DE,DE_LU,actual_offshore_wind_generation,Wind Offshore,2026-08-01T08:46:56Z
2026-08-01T08:44:53Z,2026-08-01T10:44:53+0200,ec999b8f-4b0e-4160-bee3-118ddd8c6904,2026-07-14T02:15:00Z,2026-07-14T04:15:00+0200,1695.777,MW,DE,DE_LU,actual_offshore_wind_generation,Wind Offshore,2026-08-01T08:46:56Z
2026-08-01T08:44:53Z,2026-08-01T10:44:53+0200,ec999b8f-4b0e-4160-bee3-118ddd8c6904,2026-07-14T02:30:00Z,2026-07-14T04:30:00+0200,1664.833,MW,DE,DE_LU,actual_offshore_wind_generation,Wind Offshore,2026-08-01T08:46:56Z
2026-08-01T08:44:53Z,2026-08-01T10:44:53+0200,ec999b8f-4b0e-4160-bee3-118ddd8c6904,2026-07-14T02:45:00Z,2026-07-14T04:45:00+0200,1580.016,MW,DE,DE_LU,actual_offshore_wind_generation,Wind Offshore,2026-08-01T08:46:56Z
2026-08-01T08:44:53Z,2026-08-01T10:44:53+0200,ec999b8f-4b0e-4160-bee3-118ddd8c6904,2026-07-14T03:00:00Z,2026-07-14T05:00:00+0200,1607.073,MW,DE,DE_LU,actual_offshore_wind_generation,Wind Offshore,2026-08-01T08:46:56Z
2026-08-01T08:44:53Z,2026-08-01T10:44:53+0200,ec999b8f-4b0e-4160-bee3-118ddd8c6904,2026-07-14T03:15:00Z,2026-07-14T05:15:00+0200,1551.968,MW,DE,DE_LU,actual_offshore_wind_generation,Wind Offshore,2026-08-01T08:46:56Z
2026-08-01T08:44:53Z,2026-08-01T10:44:53+0200,ec999b8f-4b0e-4160-bee3-118ddd8c6904,2026-07-14T03:30:00Z,2026-07-14T05:30:00+0200,1575.0,MW,DE,DE_LU,actual_offshore_wind_generation,Wind Offshore,2026-08-01T08:46:56Z
2026-08-01T08:44:53Z,2026-08-01T10:44:53+0200,ec999b8f-4b0e-4160-bee3-118ddd8c6904,2026-07-14T03:45:00Z,2026-07-14T05:45:00+0200,1629.606,MW,DE,DE_LU,actual_offshore_wind_generation,Wind Offshore,2026-08-01T08:46:56Z
2026-08-01T08:44:53Z,2026-08-01T10:44:53+0200,ec999b8f-4b0e-4160-bee3-118ddd8c6904,2026-07-14T04:00:00Z,2026-07-14T06:00:00+0200,1600.303,MW,DE,DE_LU,actual_offshore_wind_generation,Wind Offshore,2026-08-01T08:46:56Z
2026-08-01T08:44:53Z,2026-08-01T10:44:53+0200,ec999b8f-4b0e-4160-bee3-118ddd8c6904,2026-07-14T04:15:00Z,2026-07-14T06:15:00+0200,1476.092,MW,DE,DE_LU,actual_offshore_wind_generation,Wind Offshore,2026-08-01T08:46:56Z
2026-08-01T08:44:53Z,2026-08-01T10:44:53+0200,ec999b8f-4b0e-4160-bee3-118ddd8c6904,2026-07-14T04:30:00Z,2026-07-14T06:30:00+0200,1368.098,MW,DE,DE_LU,actual_offshore_wind_generation,Wind Offshore,2026-08-01T08:46:56Z
2026-08-01T08:44:53Z,2026-08-01T10:44:53+0200,ec999b8f-4b0e-4160-bee3-118ddd8c6904,2026-07-14T04:45:00Z,2026-07-14T06:45:00+0200,1320.486,MW,DE,DE_LU,actual_offshore_wind_generation,Wind Offshore,2026-08-01T08:46:56Z
2026-08-01T08:44:53Z,2026-08-01T10:44:53+0200,ec999b8f-4b0e-4160-bee3-118ddd8c6904,2026-07-14T05:00:00Z,2026-07-14T07:00:00+0200,1367.652,MW,DE,DE_LU,actual_offshore_wind_generation,Wind Offshore,2026-08-01T08:46:56Z
2026-08-01T08:44:53Z,2026-08-01T10:44:53+0200,ec999b8f-4b0e-4160-bee3-118ddd8c6904,2026-07-14T05:15:00Z,2026-07-14T07:15:00+0200,1430.34,MW,DE,DE_LU,actual_offshore_wind_generation,Wind Offshore,2026-08-01T08:46:56Z
2026-08-01T08:44:53Z,2026-08-01T10:44:53+0200,ec999b8f-4b0e-4160-bee3-118ddd8c6904,2026-07-14T05:30:00Z,2026-07-14T07:30:00+0200,1383.129,MW,DE,DE_LU,actual_offshore_wind_generation,Wind Offshore,2026-08-01T08:46:56Z
2026-08-01T08:44:53Z,2026-08-01T10:44:53+0200,ec999b8f-4b0e-4160-bee3-118ddd8c6904,2026-07-14T05:45:00Z,2026-07-14T07:45:00+0200,1334.629,MW,DE,DE_LU,actual_offshore_wind_generation,Wind Offshore,2026-08-01T08:46:56Z
2026-08-01T08:44:53Z,2026-08-01T10:44:53+0200,ec999b8f-4b0e-4160-bee3-118ddd8c6904,2026-07-14T06:00:00Z,2026-07-14T08:00:00+0200,1310.683,MW,DE,DE_LU,actual_offshore_wind_generation,Wind Offshore,2026-08-01T08:46:56Z
2026-08-01T08:44:53Z,2026-08-01T10:44:53+0200,ec999b8f-4b0e-4160-bee3-118ddd8c6904,2026-07-14T06:15:00Z,2026-07-14T08:15:00+0200,1243.45,MW,DE,DE_LU,actual_offshore_wind_generation,Wind Offshore,2026-08-01T08:46:56Z
2026-08-01T08:44:53Z,2026-08-01T10:44:53+0200,ec999b8f-4b0e-4160-bee3-118ddd8c6904,2026-07-14T06:30:00Z,2026-07-14T08:30:00+0200,1210.56,MW,DE,DE_LU,actual_offshore_wind_generation,Wind Offshore,2026-08-01T08:46:56Z
2026-08-01T08:44:53Z,2026-08-01T10:44:53+0200,ec999b8f-4b0e-4160-bee3-118ddd8c6904,2026-07-14T06:45:00Z,2026-07-14T08:45:00+0200,1126.774,MW,DE,DE_LU,actual_offshore_wind_generation,Wind Offshore,2026-08-01T08:46:56Z
2026-08-01T08:44:53Z,2026-08-01T10:44:53+0200,ec999b8f-4b0e-4160-bee3-118ddd8c6904,2026-07-14T07:00:00Z,2026-07-14T09:00:00+0200,1105.227,MW,DE,DE_LU,actual_offshore_wind_generation,Wind Offshore,2026-08-01T08:46:56Z
2026-08-01T08:44:53Z,2026-08-01T10:44:53+0200,ec999b8f-4b0e-4160-bee3-118ddd8c6904,2026-07-14T07:15:00Z,2026-07-14T09:15:00+0200,1078.826,MW,DE,DE_LU,actual_offshore_wind_generation,Wind Offshore,2026-08-01T08:46:56Z
2026-08-01T08:44:53Z,2026-08-01T10:44:53+0200,ec999b8f-4b0e-4160-bee3-118ddd8c6904,2026-07-14T07:30:00Z,2026-07-14T09:30:00+0200,979.946,MW,DE,DE_LU,actual_offshore_wind_generation,Wind Offshore,2026-08-01T08:46:56Z
2026-08-01T08:44:53Z,2026-08-01T10:44:53+0200,ec999b8f-4b0e-4160-bee3-118ddd8c6904,2026-07-14T07:45:00Z,2026-07-14T09:45:00+0200,888.791,MW,DE,DE_LU,actual_offshore_wind_generation,Wind Offshore,2026-08-01T08:46:56Z
2026-08-01T08:44:53Z,2026-08-01T10:44:53+0200,ec999b8f-4b0e-4160-bee3-118ddd8c6904,2026-07-14T08:00:00Z,2026-07-14T10:00:00+0200,808.368,MW,DE,DE_LU,actual_offshore_wind_generation,Wind Offshore,2026-08-01T08:46:56Z
2026-08-01T08:44:53Z,2026-08-01T10:44:53+0200,ec999b8f-4b0e-4160-bee3-118ddd8c6904,2026-07-14T08:15:00Z,2026-07-14T10:15:00+0200,731.779,MW,DE,DE_LU,actual_offshore_wind_generation,Wind Offshore,2026-08-01T08:46:56Z
2026-08-01T08:44:53Z,2026-08-01T10:44:53+0200,ec999b8f-4b0e-4160-bee3-118ddd8c6904,2026-07-14T08:30:00Z,2026-07-14T10:30:00+0200,670.947,MW,DE,DE_LU,actual_offshore_wind_generation,Wind Offshore,2026-08-01T08:46:56Z
2026-08-01T08:44:53Z,2026-08-01T10:44:53+0200,ec999b8f-4b0e-4160-bee3-118ddd8c6904,2026-07-14T08:45:00Z,2026-07-14T10:45:00+0200,651.854,MW,DE,DE_LU,actual_offshore_wind_generation,Wind Offshore,2026-08-01T08:46:56Z
2026-08-01T08:44:53Z,2026-08-01T10:44:53+0200,ec999b8f-4b0e-4160-bee3-118ddd8c6904,2026-07-14T09:00:00Z,2026-07-14T11:00:00+0200,629.673,MW,DE,DE_LU,actual_offshore_wind_generation,Wind Offshore,2026-08-01T08:46:56Z
2026-08-01T08:44:53Z,2026-08-01T10:44:53+0200,ec999b8f-4b0e-4160-bee3-118ddd8c6904,2026-07-14T09:15:00Z,2026-07-14T11:15:00+0200,603.92,MW,DE,DE_LU,actual_offshore_wind_generation,Wind Offshore,2026-08-01T08:46:56Z
2026-08-01T08:44:53Z,2026-08-01T10:44:53+0200,ec999b8f-4b0e-4160-bee3-118ddd8c6904,2026-07-14T09:30:00Z,2026-07-14T11:30:00+0200,528.036,MW,DE,DE_LU,actual_offshore_wind_generation,Wind Offshore,2026-08-01T08:46:56Z
2026-08-01T08:44:53Z,2026-08-01T10:44:53+0200,ec999b8f-4b0e-4160-bee3-118ddd8c6904,2026-07-14T09:45:00Z,2026-07-14T11:45:00+0200,478.58,MW,DE,DE_LU,actual_offshore_wind_generation,Wind Offshore,2026-08-01T08:46:56Z
2026-08-01T08:44:53Z,2026-08-01T10:44:53+0200,ec999b8f-4b0e-4160-bee3-118ddd8c6904,2026-07-14T10:00:00Z,2026-07-14T12:00:00+0200,480.885,MW,DE,DE_LU,actual_offshore_wind_generation,Wind Offshore,2026-08-01T08:46:56Z
2026-08-01T08:44:53Z,2026-08-01T10:44:53+0200,ec999b8f-4b0e-4160-bee3-118ddd8c6904,2026-07-14T10:15:00Z,2026-07-14T12:15:00+0200,516.02,MW,DE,DE_LU,actual_offshore_wind_generation,Wind Offshore,2026-08-01T08:46:56Z
2026-08-01T08:44:53Z,2026-08-01T10:44:53+0200,ec999b8f-4b0e-4160-bee3-118ddd8c6904,2026-07-14T10:30:00Z,2026-07-14T12:30:00+0200,573.518,MW,DE,DE_LU,actual_offshore_wind_generation,Wind Offshore,2026-08-01T08:46:56Z
2026-08-01T08:44:53Z,2026-08-01T10:44:53+0200,ec999b8f-4b0e-4160-bee3-118ddd8c6904,2026-07-14T10:45:00Z,2026-07-14T12:45:00+0200,654.641,MW,DE,DE_LU,actual_offshore_wind_generation,Wind Offshore,2026-08-01T08:46:56Z
2026-08-01T08:44:53Z,2026-08-01T10:44:53+0200,ec999b8f-4b0e-4160-bee3-118ddd8c6904,2026-07-14T11:00:00Z,2026-07-14T13:00:00+0200,724.373,MW,DE,DE_LU,actual_offshore_wind_generation,Wind Offshore,2026-08-01T08:46:56Z
2026-08-01T08:44:53Z,2026-08-01T10:44:53+0200,ec999b8f-4b0e-4160-bee3-118ddd8c6904,2026-07-14T11:15:00Z,2026-07-14T13:15:00+0200,773.52,MW,DE,DE_LU,actual_offshore_wind_generation,Wind Offshore,2026-08-01T08:46:56Z
2026-08-01T08:44:53Z,2026-08-01T10:44:53+0200,ec999b8f-4b0e-4160-bee3-118ddd8c6904,2026-07-14T11:30:00Z,2026-07-14T13:30:00+0200,789.892,MW,DE,DE_LU,actual_offshore_wind_generation,Wind Offshore,2026-08-01T08:46:56Z
2026-08-01T08:44:53Z,2026-08-01T10:44:53+0200,ec999b8f-4b0e-4160-bee3-118ddd8c6904,2026-07-14T11:45:00Z,2026-07-14T13:45:00+0200,840.823,MW,DE,DE_LU,actual_offshore_wind_generation,Wind Offshore,2026-08-01T08:46:56Z
2026-08-01T08:44:53Z,2026-08-01T10:44:53+0200,ec999b8f-4b0e-4160-bee3-118ddd8c6904,2026-07-14T12:00:00Z,2026-07-14T14:00:00+0200,943.506,MW,DE,DE_LU,actual_offshore_wind_generation,Wind Offshore,2026-08-01T08:46:56Z
2026-08-01T08:44:53Z,2026-08-01T10:44:53+0200,ec999b8f-4b0e-4160-bee3-118ddd8c6904,2026-07-14T12:15:00Z,2026-07-14T14:15:00+0200,1038.746,MW,DE,DE_LU,actual_offshore_wind_generation,Wind Offshore,2026-08-01T08:46:56Z
2026-08-01T08:44:53Z,2026-08-01T10:44:53+0200,ec999b8f-4b0e-4160-bee3-118ddd8c6904,2026-07-14T12:30:00Z,2026-07-14T14:30:00+0200,1167.551,MW,DE,DE_LU,actual_offshore_wind_generation,Wind Offshore,2026-08-01T08:46:56Z
2026-08-01T08:44:53Z,2026-08-01T10:44:53+0200,ec999b8f-4b0e-4160-bee3-118ddd8c6904,2026-07-14T12:45:00Z,2026-07-14T14:45:00+0200,1231.253,MW,DE,DE_LU,actual_offshore_wind_generation,Wind Offshore,2026-08-01T08:46:56Z
2026-08-01T08:44:53Z,2026-08-01T10:44:53+0200,ec999b8f-4b0e-4160-bee3-118ddd8c6904,2026-07-14T13:00:00Z,2026-07-14T15:00:00+0200,1327.432,MW,DE,DE_LU,actual_offshore_wind_generation,Wind Offshore,2026-08-01T08:46:56Z
2026-08-01T08:44:53Z,2026-08-01T10:44:53+0200,ec999b8f-4b0e-4160-bee3-118ddd8c6904,2026-07-14T13:15:00Z,2026-07-14T15:15:00+0200,1438.566,MW,DE,DE_LU,actual_offshore_wind_generation,Wind Offshore,2026-08-01T08:46:56Z
2026-08-01T08:44:53Z,2026-08-01T10:44:53+0200,ec999b8f-4b0e-4160-bee3-118ddd8c6904,2026-07-14T13:30:00Z,2026-07-14T15:30:00+0200,1576.62,MW,DE,DE_LU,actual_offshore_wind_generation,Wind Offshore,2026-08-01T08:46:56Z
2026-08-01T08:44:53Z,2026-08-01T10:44:53+0200,ec999b8f-4b0e-4160-bee3-118ddd8c6904,2026-07-14T13:45:00Z,2026-07-14T15:45:00+0200,1658.997,MW,DE,DE_LU,actual_offshore_wind_generation,Wind Offshore,2026-08-01T08:46:56Z
2026-08-01T08:44:53Z,2026-08-01T10:44:53+0200,ec999b8f-4b0e-4160-bee3-118ddd8c6904,2026-07-14T14:00:00Z,2026-07-14T16:00:00+0200,1735.038,MW,DE,DE_LU,actual_offshore_wind_generation,Wind Offshore,2026-08-01T08:46:56Z
2026-08-01T08:44:53Z,2026-08-01T10:44:53+0200,ec999b8f-4b0e-4160-bee3-118ddd8c6904,2026-07-14T14:15:00Z,2026-07-14T16:15:00+0200,1886.809,MW,DE,DE_LU,actual_offshore_wind_generation,Wind Offshore,2026-08-01T08:46:56Z
2026-08-01T08:44:53Z,2026-08-01T10:44:53+0200,ec999b8f-4b0e-4160-bee3-118ddd8c6904,2026-07-14T14:30:00Z,2026-07-14T16:30:00+0200,1906.419,MW,DE,DE_LU,actual_offshore_wind_generation,Wind Offshore,2026-08-01T08:46:56Z
2026-08-01T08:44:53Z,2026-08-01T10:44:53+0200,ec999b8f-4b0e-4160-bee3-118ddd8c6904,2026-07-14T14:45:00Z,2026-07-14T16:45:00+0200,1857.902,MW,DE,DE_LU,actual_offshore_wind_generation,Wind Offshore,2026-08-01T08:46:56Z
2026-08-01T08:44:53Z,2026-08-01T10:44:53+0200,ec999b8f-4b0e-4160-bee3-118ddd8c6904,2026-07-14T15:00:00Z,2026-07-14T17:00:00+0200,1838.538,MW,DE,DE_LU,actual_offshore_wind_generation,Wind Offshore,2026-08-01T08:46:56Z
2026-08-01T08:44:53Z,2026-08-01T10:44:53+0200,ec999b8f-4b0e-4160-bee3-118ddd8c6904,2026-07-14T15:15:00Z,2026-07-14T17:15:00+0200,1774.162,MW,DE,DE_LU,actual_offshore_wind_generation,Wind Offshore,2026-08-01T08:46:56Z
2026-08-01T08:44:53Z,2026-08-01T10:44:53+0200,ec999b8f-4b0e-4160-bee3-118ddd8c6904,2026-07-14T15:30:00Z,2026-07-14T17:30:00+0200,1733.769,MW,DE,DE_LU,actual_offshore_wind_generation,Wind Offshore,2026-08-01T08:46:56Z
2026-08-01T08:44:53Z,2026-08-01T10:44:53+0200,ec999b8f-4b0e-4160-bee3-118ddd8c6904,2026-07-14T15:45:00Z,2026-07-14T17:45:00+0200,1754.322,MW,DE,DE_LU,actual_offshore_wind_generation,Wind Offshore,2026-08-01T08:46:56Z
2026-08-01T08:44:53Z,2026-08-01T10:44:53+0200,ec999b8f-4b0e-4160-bee3-118ddd8c6904,2026-07-14T16:00:00Z,2026-07-14T18:00:00+0200,1737.055,MW,DE,DE_LU,actual_offshore_wind_generation,Wind Offshore,2026-08-01T08:46:56Z
2026-08-01T08:44:53Z,2026-08-01T10:44:53+0200,ec999b8f-4b0e-4160-bee3-118ddd8c6904,2026-07-14T16:15:00Z,2026-07-14T18:15:00+0200,1748.194,MW,DE,DE_LU,actual_offshore_wind_generation,Wind Offshore,2026-08-01T08:46:56Z
2026-08-01T08:44:53Z,2026-08-01T10:44:53+0200,ec999b8f-4b0e-4160-bee3-118ddd8c6904,2026-07-14T16:30:00Z,2026-07-14T18:30:00+0200,1791.417,MW,DE,DE_LU,actual_offshore_wind_generation,Wind Offshore,2026-08-01T08:46:56Z
2026-08-01T08:44:53Z,2026-08-01T10:44:53+0200,ec999b8f-4b0e-4160-bee3-118ddd8c6904,2026-07-14T16:45:00Z,2026-07-14T18:45:00+0200,1746.726,MW,DE,DE_LU,actual_offshore_wind_generation,Wind Offshore,2026-08-01T08:46:56Z
2026-08-01T08:44:53Z,2026-08-01T10:44:53+0200,ec999b8f-4b0e-4160-bee3-118ddd8c6904,2026-07-14T17:00:00Z,2026-07-14T19:00:00+0200,1776.317,MW,DE,DE_LU,actual_offshore_wind_generation,Wind Offshore,2026-08-01T08:46:56Z
2026-08-01T08:44:53Z,2026-08-01T10:44:53+0200,ec999b8f-4b0e-4160-bee3-118ddd8c6904,2026-07-14T17:15:00Z,2026-07-14T19:15:00+0200,1883.964,MW,DE,DE_LU,actual_offshore_wind_generation,Wind Offshore,2026-08-01T08:46:56Z
2026-08-01T08:44:53Z,2026-08-01T10:44:53+0200,ec999b8f-4b0e-4160-bee3-118ddd8c6904,2026-07-14T17:30:00Z,2026-07-14T19:30:00+0200,1950.031,MW,DE,DE_LU,actual_offshore_wind_generation,Wind Offshore,2026-08-01T08:46:56Z
2026-08-01T08:44:53Z,2026-08-01T10:44:53+0200,ec999b8f-4b0e-4160-bee3-118ddd8c6904,2026-07-14T17:45:00Z,2026-07-14T19:45:00+0200,1982.78,MW,DE,DE_LU,actual_offshore_wind_generation,Wind Offshore,2026-08-01T08:46:56Z
2026-08-01T08:44:53Z,2026-08-01T10:44:53+0200,ec999b8f-4b0e-4160-bee3-118ddd8c6904,2026-07-14T18:00:00Z,2026-07-14T20:00:00+0200,1950.708,MW,DE,DE_LU,actual_offshore_wind_generation,Wind Offshore,2026-08-01T08:46:56Z
2026-08-01T08:44:53Z,2026-08-01T10:44:53+0200,ec999b8f-4b0e-4160-bee3-118ddd8c6904,2026-07-14T18:15:00Z,2026-07-14T20:15:00+0200,1976.87,MW,DE,DE_LU,actual_offshore_wind_generation,Wind Offshore,2026-08-01T08:46:56Z
2026-08-01T08:44:53Z,2026-08-01T10:44:53+0200,ec999b8f-4b0e-4160-bee3-118ddd8c6904,2026-07-14T18:30:00Z,2026-07-14T20:30:00+0200,2003.775,MW,DE,DE_LU,actual_offshore_wind_generation,Wind Offshore,2026-08-01T08:46:56Z
2026-08-01T08:44:53Z,2026-08-01T10:44:53+0200,ec999b8f-4b0e-4160-bee3-118ddd8c6904,2026-07-14T18:45:00Z,2026-07-14T20:45:00+0200,2083.004,MW,DE,DE_LU,actual_offshore_wind_generation,Wind Offshore,2026-08-01T08:46:56Z
2026-08-01T08:44:53Z,2026-08-01T10:44:53+0200,ec999b8f-4b0e-4160-bee3-118ddd8c6904,2026-07-14T19:00:00Z,2026-07-14T21:00:00+0200,2189.286,MW,DE,DE_LU,actual_offshore_wind_generation,Wind Offshore,2026-08-01T08:46:56Z
2026-08-01T08:44:53Z,2026-08-01T10:44:53+0200,ec999b8f-4b0e-4160-bee3-118ddd8c6904,2026-07-14T19:15:00Z,2026-07-14T21:15:00+0200,2153.38,MW,DE,DE_LU,actual_offshore_wind_generation,Wind Offshore,2026-08-01T08:46:56Z
2026-08-01T08:44:53Z,2026-08-01T10:44:53+0200,ec999b8f-4b0e-4160-bee3-118ddd8c6904,2026-07-14T19:30:00Z,2026-07-14T21:30:00+0200,2117.751,MW,DE,DE_LU,actual_offshore_wind_generation,Wind Offshore,2026-08-01T08:46:56Z
2026-08-01T08:44:53Z,2026-08-01T10:44:53+0200,ec999b8f-4b0e-4160-bee3-118ddd8c6904,2026-07-14T19:45:00Z,2026-07-14T21:45:00+0200,2097.27,MW,DE,DE_LU,actual_offshore_wind_generation,Wind Offshore,2026-08-01T08:46:56Z
2026-08-01T08:44:53Z,2026-08-01T10:44:53+0200,ec999b8f-4b0e-4160-bee3-118ddd8c6904,2026-07-14T20:00:00Z,2026-07-14T22:00:00+0200,2115.486,MW,DE,DE_LU,actual_offshore_wind_generation,Wind Offshore,2026-08-01T08:46:56Z
2026-08-01T08:44:53Z,2026-08-01T10:44:53+0200,ec999b8f-4b0e-4160-bee3-118ddd8c6904,2026-07-14T20:15:00Z,2026-07-14T22:15:00+0200,2067.224,MW,DE,DE_LU,actual_offshore_wind_generation,Wind Offshore,2026-08-01T08:46:56Z
2026-08-01T08:44:53Z,2026-08-01T10:44:53+0200,ec999b8f-4b0e-4160-bee3-118ddd8c6904,2026-07-14T20:30:00Z,2026-07-14T22:30:00+0200,2034.214,MW,DE,DE_LU,actual_offshore_wind_generation,Wind Offshore,2026-08-01T08:46:56Z
2026-08-01T08:44:53Z,2026-08-01T10:44:53+0200,ec999b8f-4b0e-4160-bee3-118ddd8c6904,2026-07-14T20:45:00Z,2026-07-14T22:45:00+0200,1991.838,MW,DE,DE_LU,actual_offshore_wind_generation,Wind Offshore,2026-08-01T08:46:56Z
2026-08-01T08:44:53Z,2026-08-01T10:44:53+0200,ec999b8f-4b0e-4160-bee3-118ddd8c6904,2026-07-14T21:00:00Z,2026-07-14T23:00:00+0200,1931.242,MW,DE,DE_LU,actual_offshore_wind_generation,Wind Offshore,2026-08-01T08:46:56Z
2026-08-01T08:44:53Z,2026-08-01T10:44:53+0200,ec999b8f-4b0e-4160-bee3-118ddd8c6904,2026-07-14T21:15:00Z,2026-07-14T23:15:00+0200,1809.031,MW,DE,DE_LU,actual_offshore_wind_generation,Wind Offshore,2026-08-01T08:46:56Z
2026-08-01T08:44:53Z,2026-08-01T10:44:53+0200,ec999b8f-4b0e-4160-bee3-118ddd8c6904,2026-07-14T21:30:00Z,2026-07-14T23:30:00+0200,1702.386,MW,DE,DE_LU,actual_offshore_wind_generation,Wind Offshore,2026-08-01T08:46:56Z
2026-08-01T08:44:53Z,2026-08-01T10:44:53+0200,ec999b8f-4b0e-4160-bee3-118ddd8c6904,2026-07-14T21:45:00Z,2026-07-14T23:45:00+0200,1641.488,MW,DE,DE_LU,actual_offshore_wind_generation,Wind Offshore,2026-08-01T08:46:56Z
2026-08-01T08:44:53Z,2026-08-01T10:44:53+0200,ec999b8f-4b0e-4160-bee3-118ddd8c6904,2026-07-14T22:00:00Z,2026-07-15T00:00:00+0200,1555.486,MW,DE,DE_LU,actual_offshore_wind_generation,Wind Offshore,2026-08-01T08:46:56Z
2026-08-01T08:44:53Z,2026-08-01T10:44:53+0200,ec999b8f-4b0e-4160-bee3-118ddd8c6904,2026-07-14T22:15:00Z,2026-07-15T00:15:00+0200,1520.144,MW,DE,DE_LU,actual_offshore_wind_generation,Wind Offshore,2026-08-01T08:46:56Z
2026-08-01T08:44:53Z,2026-08-01T10:44:53+0200,ec999b8f-4b0e-4160-bee3-118ddd8c6904,2026-07-14T22:30:00Z,2026-07-15T00:30:00+0200,1502.863,MW,DE,DE_LU,actual_offshore_wind_generation,Wind Offshore,2026-08-01T08:46:56Z
2026-08-01T08:44:53Z,2026-08-01T10:44:53+0200,ec999b8f-4b0e-4160-bee3-118ddd8c6904,2026-07-14T22:45:00Z,2026-07-15T00:45:00+0200,1472.273,MW,DE,DE_LU,actual_offshore_wind_generation,Wind Offshore,2026-08-01T08:46:56Z
2026-08-01T08:44:53Z,2026-08-01T10:44:53+0200,ec999b8f-4b0e-4160-bee3-118ddd8c6904,2026-07-14T23:00:00Z,2026-07-15T01:00:00+0200,1395.078,MW,DE,DE_LU,actual_offshore_wind_generation,Wind Offshore,2026-08-01T08:46:56Z
2026-08-01T08:44:53Z,2026-08-01T10:44:53+0200,ec999b8f-4b0e-4160-bee3-118ddd8c6904,2026-07-14T23:15:00Z,2026-07-15T01:15:00+0200,1315.984,MW,DE,DE_LU,actual_offshore_wind_generation,Wind Offshore,2026-08-01T08:46:56Z
2026-08-01T08:44:53Z,2026-08-01T10:44:53+0200,ec999b8f-4b0e-4160-bee3-118ddd8c6904,2026-07-14T23:30:00Z,2026-07-15T01:30:00+0200,1207.342,MW,DE,DE_LU,actual_offshore_wind_generation,Wind Offshore,2026-08-01T08:46:56Z
2026-08-01T08:44:53Z,2026-08-01T10:44:53+0200,ec999b8f-4b0e-4160-bee3-118ddd8c6904,2026-07-14T23:45:00Z,2026-07-15T01:45:00+0200,1164.351,MW,DE,DE_LU,actual_offshore_wind_generation,Wind Offshore,2026-08-01T08:46:56Z
2026-08-01T08:44:53Z,2026-08-01T10:44:53+0200,ec999b8f-4b0e-4160-bee3-118ddd8c6904,2026-07-15T00:00:00Z,2026-07-15T02:00:00+0200,1220.157,MW,DE,DE_LU,actual_offshore_wind_generation,Wind Offshore,2026-08-01T08:46:56Z
2026-08-01T08:44:53Z,2026-08-01T10:44:53+0200,ec999b8f-4b0e-4160-bee3-118ddd8c6904,2026-07-15T00:15:00Z,2026-07-15T02:15:00+0200,1306.767,MW,DE,DE_LU,actual_offshore_wind_generation,Wind Offshore,2026-08-01T08:46:56Z
2026-08-01T08:44:53Z,2026-08-01T10:44:53+0200,ec999b8f-4b0e-4160-bee3-118ddd8c6904,2026-07-15T00:30:00Z,2026-07-15T02:30:00+0200,1348.412,MW,DE,DE_LU,actual_offshore_wind_generation,Wind Offshore,2026-08-01T08:46:56Z
2026-08-01T08:44:53Z,2026-08-01T10:44:53+0200,ec999b8f-4b0e-4160-bee3-118ddd8c6904,2026-07-15T00:45:00Z,2026-07-15T02:45:00+0200,1254.003,MW,DE,DE_LU,actual_offshore_wind_generation,Wind Offshore,2026-08-01T08:46:56Z
2026-08-01T08:44:53Z,2026-08-01T10:44:53+0200,ec999b8f-4b0e-4160-bee3-118ddd8c6904,2026-07-15T01:00:00Z,2026-07-15T03:00:00+0200,1212.862,MW,DE,DE_LU,actual_offshore_wind_generation,Wind Offshore,2026-08-01T08:46:56Z
2026-08-01T08:44:53Z,2026-08-01T10:44:53+0200,ec999b8f-4b0e-4160-bee3-118ddd8c6904,2026-07-15T01:15:00Z,2026-07-15T03:15:00+0200,1279.71,MW,DE,DE_LU,actual_offshore_wind_generation,Wind Offshore,2026-08-01T08:46:56Z
2026-08-01T08:44:53Z,2026-08-01T10:44:53+0200,ec999b8f-4b0e-4160-bee3-118ddd8c6904,2026-07-15T01:30:00Z,2026-07-15T03:30:00+0200,1301.207,MW,DE,DE_LU,actual_offshore_wind_generation,Wind Offshore,2026-08-01T08:46:56Z
2026-08-01T08:44:53Z,2026-08-01T10:44:53+0200,ec999b8f-4b0e-4160-bee3-118ddd8c6904,2026-07-15T01:45:00Z,2026-07-15T03:45:00+0200,1324.23,MW,DE,DE_LU,actual_offshore_wind_generation,Wind Offshore,2026-08-01T08:46:56Z
2026-08-01T08:44:53Z,2026-08-01T10:44:53+0200,ec999b8f-4b0e-4160-bee3-118ddd8c6904,2026-07-15T02:00:00Z,2026-07-15T04:00:00+0200,1351.149,MW,DE,DE_LU,actual_offshore_wind_generation,Wind Offshore,2026-08-01T08:46:56Z
2026-08-01T08:44:53Z,2026-08-01T10:44:53+0200,ec999b8f-4b0e-4160-bee3-118ddd8c6904,2026-07-15T02:15:00Z,2026-07-15T04:15:00+0200,1357.328,MW,DE,DE_LU,actual_offshore_wind_generation,Wind Offshore,2026-08-01T08:46:56Z
2026-08-01T08:44:53Z,2026-08-01T10:44:53+0200,ec999b8f-4b0e-4160-bee3-118ddd8c6904,2026-07-15T02:30:00Z,2026-07-15T04:30:00+0200,1249.457,MW,DE,DE_LU,actual_offshore_wind_generation,Wind Offshore,2026-08-01T08:46:56Z
2026-08-01T08:44:53Z,2026-08-01T10:44:53+0200,ec999b8f-4b0e-4160-bee3-118ddd8c6904,2026-07-15T02:45:00Z,2026-07-15T04:45:00+0200,1193.058,MW,DE,DE_LU,actual_offshore_wind_generation,Wind Offshore,2026-08-01T08:46:56Z
2026-08-01T08:44:53Z,2026-08-01T10:44:53+0200,ec999b8f-4b0e-4160-bee3-118ddd8c6904,2026-07-15T03:00:00Z,2026-07-15T05:00:00+0200,1154.845,MW,DE,DE_LU,actual_offshore_wind_generation,Wind Offshore,2026-08-01T08:46:56Z
2026-08-01T08:44:53Z,2026-08-01T10:44:53+0200,ec999b8f-4b0e-4160-bee3-118ddd8c6904,2026-07-15T03:15:00Z,2026-07-15T05:15:00+0200,1156.15,MW,DE,DE_LU,actual_offshore_wind_generation,Wind Offshore,2026-08-01T08:46:56Z
2026-08-01T08:44:53Z,2026-08-01T10:44:53+0200,ec999b8f-4b0e-4160-bee3-118ddd8c6904,2026-07-15T03:30:00Z,2026-07-15T05:30:00+0200,1089.761,MW,DE,DE_LU,actual_offshore_wind_generation,Wind Offshore,2026-08-01T08:46:56Z
2026-08-01T08:44:53Z,2026-08-01T10:44:53+0200,ec999b8f-4b0e-4160-bee3-118ddd8c6904,2026-07-15T03:45:00Z,2026-07-15T05:45:00+0200,966.52,MW,DE,DE_LU,actual_offshore_wind_generation,Wind Offshore,2026-08-01T08:46:56Z
2026-08-01T08:44:53Z,2026-08-01T10:44:53+0200,ec999b8f-4b0e-4160-bee3-118ddd8c6904,2026-07-15T04:00:00Z,2026-07-15T06:00:00+0200,863.727,MW,DE,DE_LU,actual_offshore_wind_generation,Wind Offshore,2026-08-01T08:46:56Z
2026-08-01T08:44:53Z,2026-08-01T10:44:53+0200,ec999b8f-4b0e-4160-bee3-118ddd8c6904,2026-07-15T04:15:00Z,2026-07-15T06:15:00+0200,793.092,MW,DE,DE_LU,actual_offshore_wind_generation,Wind Offshore,2026-08-01T08:46:56Z
2026-08-01T08:44:53Z,2026-08-01T10:44:53+0200,ec999b8f-4b0e-4160-bee3-118ddd8c6904,2026-07-15T04:30:00Z,2026-07-15T06:30:00+0200,735.279,MW,DE,DE_LU,actual_offshore_wind_generation,Wind Offshore,2026-08-01T08:46:56Z
2026-08-01T08:44:53Z,2026-08-01T10:44:53+0200,ec999b8f-4b0e-4160-bee3-118ddd8c6904,2026-07-15T04:45:00Z,2026-07-15T06:45:00+0200,758.775,MW,DE,DE_LU,actual_offshore_wind_generation,Wind Offshore,2026-08-01T08:46:56Z
2026-08-01T08:44:53Z,2026-08-01T10:44:53+0200,ec999b8f-4b0e-4160-bee3-118ddd8c6904,2026-07-15T05:00:00Z,2026-07-15T07:00:00+0200,718.302,MW,DE,DE_LU,actual_offshore_wind_generation,Wind Offshore,2026-08-01T08:46:56Z
2026-08-01T08:44:53Z,2026-08-01T10:44:53+0200,ec999b8f-4b0e-4160-bee3-118ddd8c6904,2026-07-15T05:15:00Z,2026-07-15T07:15:00+0200,697.983,MW,DE,DE_LU,actual_offshore_wind_generation,Wind Offshore,2026-08-01T08:46:56Z
2026-08-01T08:44:53Z,2026-08-01T10:44:53+0200,ec999b8f-4b0e-4160-bee3-118ddd8c6904,2026-07-15T05:30:00Z,2026-07-15T07:30:00+0200,647.335,MW,DE,DE_LU,actual_offshore_wind_generation,Wind Offshore,2026-08-01T08:46:56Z
2026-08-01T08:44:53Z,2026-08-01T10:44:53+0200,ec999b8f-4b0e-4160-bee3-118ddd8c6904,2026-07-15T05:45:00Z,2026-07-15T07:45:00+0200,530.313,MW,DE,DE_LU,actual_offshore_wind_generation,Wind Offshore,2026-08-01T08:46:56Z
2026-08-01T08:44:53Z,2026-08-01T10:44:53+0200,ec999b8f-4b0e-4160-bee3-118ddd8c6904,2026-07-15T06:00:00Z,2026-07-15T08:00:00+0200,421.877,MW,DE,DE_LU,actual_offshore_wind_generation,Wind Offshore,2026-08-01T08:46:56Z
2026-08-01T08:44:53Z,2026-08-01T10:44:53+0200,ec999b8f-4b0e-4160-bee3-118ddd8c6904,2026-07-15T06:15:00Z,2026-07-15T08:15:00+0200,383.632,MW,DE,DE_LU,actual_offshore_wind_generation,Wind Offshore,2026-08-01T08:46:56Z
2026-08-01T08:44:53Z,2026-08-01T10:44:53+0200,ec999b8f-4b0e-4160-bee3-118ddd8c6904,2026-07-15T06:30:00Z,2026-07-15T08:30:00+0200,361.642,MW,DE,DE_LU,actual_offshore_wind_generation,Wind Offshore,2026-08-01T08:46:56Z
2026-08-01T08:44:53Z,2026-08-01T10:44:53+0200,ec999b8f-4b0e-4160-bee3-118ddd8c6904,2026-07-15T06:45:00Z,2026-07-15T08:45:00+0200,303.905,MW,DE,DE_LU,actual_offshore_wind_generation,Wind Offshore,2026-08-01T08:46:56Z
2026-08-01T08:44:53Z,2026-08-01T10:44:53+0200,ec999b8f-4b0e-4160-bee3-118ddd8c6904,2026-07-15T07:00:00Z,2026-07-15T09:00:00+0200,255.203,MW,DE,DE_LU,actual_offshore_wind_generation,Wind Offshore,2026-08-01T08:46:56Z
2026-08-01T08:44:53Z,2026-08-01T10:44:53+0200,ec999b8f-4b0e-4160-bee3-118ddd8c6904,2026-07-15T07:15:00Z,2026-07-15T09:15:00+0200,238.241,MW,DE,DE_LU,actual_offshore_wind_generation,Wind Offshore,2026-08-01T08:46:56Z
2026-08-01T08:44:53Z,2026-08-01T10:44:53+0200,ec999b8f-4b0e-4160-bee3-118ddd8c6904,2026-07-15T07:30:00Z,2026-07-15T09:30:00+0200,221.636,MW,DE,DE_LU,actual_offshore_wind_generation,Wind Offshore,2026-08-01T08:46:56Z
2026-08-01T08:44:53Z,2026-08-01T10:44:53+0200,ec999b8f-4b0e-4160-bee3-118ddd8c6904,2026-07-15T07:45:00Z,2026-07-15T09:45:00+0200,203.687,MW,DE,DE_LU,actual_offshore_wind_generation,Wind Offshore,2026-08-01T08:46:56Z
2026-08-01T08:44:53Z,2026-08-01T10:44:53+0200,ec999b8f-4b0e-4160-bee3-118ddd8c6904,2026-07-15T08:00:00Z,2026-07-15T10:00:00+0200,190.306,MW,DE,DE_LU,actual_offshore_wind_generation,Wind Offshore,2026-08-01T08:46:56Z
2026-08-01T08:44:53Z,2026-08-01T10:44:53+0200,ec999b8f-4b0e-4160-bee3-118ddd8c6904,2026-07-15T08:15:00Z,2026-07-15T10:15:00+0200,192.993,MW,DE,DE_LU,actual_offshore_wind_generation,Wind Offshore,2026-08-01T08:46:56Z
2026-08-01T08:44:53Z,2026-08-01T10:44:53+0200,ec999b8f-4b0e-4160-bee3-118ddd8c6904,2026-07-15T08:30:00Z,2026-07-15T10:30:00+0200,186.681,MW,DE,DE_LU,actual_offshore_wind_generation,Wind Offshore,2026-08-01T08:46:56Z
2026-08-01T08:44:53Z,2026-08-01T10:44:53+0200,ec999b8f-4b0e-4160-bee3-118ddd8c6904,2026-07-15T08:45:00Z,2026-07-15T10:45:00+0200,185.498,MW,DE,DE_LU,actual_offshore_wind_generation,Wind Offshore,2026-08-01T08:46:56Z
2026-08-01T08:44:53Z,2026-08-01T10:44:53+0200,ec999b8f-4b0e-4160-bee3-118ddd8c6904,2026-07-15T09:00:00Z,2026-07-15T11:00:00+0200,226.362,MW,DE,DE_LU,actual_offshore_wind_generation,Wind Offshore,2026-08-01T08:46:56Z
2026-08-01T08:44:53Z,2026-08-01T10:44:53+0200,ec999b8f-4b0e-4160-bee3-118ddd8c6904,2026-07-15T09:15:00Z,2026-07-15T11:15:00+0200,279.403,MW,DE,DE_LU,actual_offshore_wind_generation,Wind Offshore,2026-08-01T08:46:56Z
2026-08-01T08:44:53Z,2026-08-01T10:44:53+0200,ec999b8f-4b0e-4160-bee3-118ddd8c6904,2026-07-15T09:30:00Z,2026-07-15T11:30:00+0200,320.183,MW,DE,DE_LU,actual_offshore_wind_generation,Wind Offshore,2026-08-01T08:46:56Z
2026-08-01T08:44:53Z,2026-08-01T10:44:53+0200,ec999b8f-4b0e-4160-bee3-118ddd8c6904,2026-07-15T09:45:00Z,2026-07-15T11:45:00+0200,350.143,MW,DE,DE_LU,actual_offshore_wind_generation,Wind Offshore,2026-08-01T08:46:56Z
2026-08-01T08:44:53Z,2026-08-01T10:44:53+0200,ec999b8f-4b0e-4160-bee3-118ddd8c6904,2026-07-15T10:00:00Z,2026-07-15T12:00:00+0200,369.458,MW,DE,DE_LU,actual_offshore_wind_generation,Wind Offshore,2026-08-01T08:46:56Z
2026-08-01T08:44:53Z,2026-08-01T10:44:53+0200,ec999b8f-4b0e-4160-bee3-118ddd8c6904,2026-07-15T10:15:00Z,2026-07-15T12:15:00+0200,354.337,MW,DE,DE_LU,actual_offshore_wind_generation,Wind Offshore,2026-08-01T08:46:56Z
2026-08-01T08:44:53Z,2026-08-01T10:44:53+0200,ec999b8f-4b0e-4160-bee3-118ddd8c6904,2026-07-15T10:30:00Z,2026-07-15T12:30:00+0200,402.643,MW,DE,DE_LU,actual_offshore_wind_generation,Wind Offshore,2026-08-01T08:46:56Z
2026-08-01T08:44:53Z,2026-08-01T10:44:53+0200,ec999b8f-4b0e-4160-bee3-118ddd8c6904,2026-07-15T10:45:00Z,2026-07-15T12:45:00+0200,398.903,MW,DE,DE_LU,actual_offshore_wind_generation,Wind Offshore,2026-08-01T08:46:56Z
2026-08-01T08:44:53Z,2026-08-01T10:44:53+0200,ec999b8f-4b0e-4160-bee3-118ddd8c6904,2026-07-15T11:00:00Z,2026-07-15T13:00:00+0200,412.075,MW,DE,DE_LU,actual_offshore_wind_generation,Wind Offshore,2026-08-01T08:46:56Z
2026-08-01T08:44:53Z,2026-08-01T10:44:53+0200,ec999b8f-4b0e-4160-bee3-118ddd8c6904,2026-07-15T11:15:00Z,2026-07-15T13:15:00+0200,441.768,MW,DE,DE_LU,actual_offshore_wind_generation,Wind Offshore,2026-08-01T08:46:56Z
2026-08-01T08:44:53Z,2026-08-01T10:44:53+0200,ec999b8f-4b0e-4160-bee3-118ddd8c6904,2026-07-15T11:30:00Z,2026-07-15T13:30:00+0200,525.408,MW,DE,DE_LU,actual_offshore_wind_generation,Wind Offshore,2026-08-01T08:46:56Z
2026-08-01T08:44:53Z,2026-08-01T10:44:53+0200,ec999b8f-4b0e-4160-bee3-118ddd8c6904,2026-07-15T11:45:00Z,2026-07-15T13:45:00+0200,595.061,MW,DE,DE_LU,actual_offshore_wind_generation,Wind Offshore,2026-08-01T08:46:56Z
2026-08-01T08:44:53Z,2026-08-01T10:44:53+0200,ec999b8f-4b0e-4160-bee3-118ddd8c6904,2026-07-15T12:00:00Z,2026-07-15T14:00:00+0200,671.937,MW,DE,DE_LU,actual_offshore_wind_generation,Wind Offshore,2026-08-01T08:46:56Z
2026-08-01T08:44:53Z,2026-08-01T10:44:53+0200,ec999b8f-4b0e-4160-bee3-118ddd8c6904,2026-07-15T12:15:00Z,2026-07-15T14:15:00+0200,678.081,MW,DE,DE_LU,actual_offshore_wind_generation,Wind Offshore,2026-08-01T08:46:56Z
2026-08-01T08:44:53Z,2026-08-01T10:44:53+0200,ec999b8f-4b0e-4160-bee3-118ddd8c6904,2026-07-15T12:30:00Z,2026-07-15T14:30:00+0200,819.458,MW,DE,DE_LU,actual_offshore_wind_generation,Wind Offshore,2026-08-01T08:46:56Z
2026-08-01T08:44:53Z,2026-08-01T10:44:53+0200,ec999b8f-4b0e-4160-bee3-118ddd8c6904,2026-07-15T12:45:00Z,2026-07-15T14:45:00+0200,969.253,MW,DE,DE_LU,actual_offshore_wind_generation,Wind Offshore,2026-08-01T08:46:56Z
2026-08-01T08:44:53Z,2026-08-01T10:44:53+0200,ec999b8f-4b0e-4160-bee3-118ddd8c6904,2026-07-15T13:00:00Z,2026-07-15T15:00:00+0200,1054.81,MW,DE,DE_LU,actual_offshore_wind_generation,Wind Offshore,2026-08-01T08:46:56Z
2026-08-01T08:44:53Z,2026-08-01T10:44:53+0200,ec999b8f-4b0e-4160-bee3-118ddd8c6904,2026-07-15T13:15:00Z,2026-07-15T15:15:00+0200,1162.211,MW,DE,DE_LU,actual_offshore_wind_generation,Wind Offshore,2026-08-01T08:46:56Z
2026-08-01T08:44:53Z,2026-08-01T10:44:53+0200,ec999b8f-4b0e-4160-bee3-118ddd8c6904,2026-07-15T13:30:00Z,2026-07-15T15:30:00+0200,1246.536,MW,DE,DE_LU,actual_offshore_wind_generation,Wind Offshore,2026-08-01T08:46:56Z
2026-08-01T08:44:53Z,2026-08-01T10:44:53+0200,ec999b8f-4b0e-4160-bee3-118ddd8c6904,2026-07-15T13:45:00Z,2026-07-15T15:45:00+0200,1335.418,MW,DE,DE_LU,actual_offshore_wind_generation,Wind Offshore,2026-08-01T08:46:56Z
2026-08-01T08:44:53Z,2026-08-01T10:44:53+0200,ec999b8f-4b0e-4160-bee3-118ddd8c6904,2026-07-15T14:00:00Z,2026-07-15T16:00:00+0200,1404.267,MW,DE,DE_LU,actual_offshore_wind_generation,Wind Offshore,2026-08-01T08:46:56Z
2026-08-01T08:44:53Z,2026-08-01T10:44:53+0200,ec999b8f-4b0e-4160-bee3-118ddd8c6904,2026-07-15T14:15:00Z,2026-07-15T16:15:00+0200,1619.307,MW,DE,DE_LU,actual_offshore_wind_generation,Wind Offshore,2026-08-01T08:46:56Z
2026-08-01T08:44:53Z,2026-08-01T10:44:53+0200,ec999b8f-4b0e-4160-bee3-118ddd8c6904,2026-07-15T14:30:00Z,2026-07-15T16:30:00+0200,1689.644,MW,DE,DE_LU,actual_offshore_wind_generation,Wind Offshore,2026-08-01T08:46:56Z
2026-08-01T08:44:53Z,2026-08-01T10:44:53+0200,ec999b8f-4b0e-4160-bee3-118ddd8c6904,2026-07-15T14:45:00Z,2026-07-15T16:45:00+0200,1738.948,MW,DE,DE_LU,actual_offshore_wind_generation,Wind Offshore,2026-08-01T08:46:56Z
2026-08-01T08:44:53Z,2026-08-01T10:44:53+0200,ec999b8f-4b0e-4160-bee3-118ddd8c6904,2026-07-15T15:00:00Z,2026-07-15T17:00:00+0200,1749.577,MW,DE,DE_LU,actual_offshore_wind_generation,Wind Offshore,2026-08-01T08:46:56Z
2026-08-01T08:44:53Z,2026-08-01T10:44:53+0200,ec999b8f-4b0e-4160-bee3-118ddd8c6904,2026-07-15T15:15:00Z,2026-07-15T17:15:00+0200,1837.225,MW,DE,DE_LU,actual_offshore_wind_generation,Wind Offshore,2026-08-01T08:46:56Z
2026-08-01T08:44:53Z,2026-08-01T10:44:53+0200,ec999b8f-4b0e-4160-bee3-118ddd8c6904,2026-07-15T15:30:00Z,2026-07-15T17:30:00+0200,1908.98,MW,DE,DE_LU,actual_offshore_wind_generation,Wind Offshore,2026-08-01T08:46:56Z
2026-08-01T08:44:53Z,2026-08-01T10:44:53+0200,ec999b8f-4b0e-4160-bee3-118ddd8c6904,2026-07-15T15:45:00Z,2026-07-15T17:45:00+0200,1935.514,MW,DE,DE_LU,actual_offshore_wind_generation,Wind Offshore,2026-08-01T08:46:56Z
2026-08-01T08:44:53Z,2026-08-01T10:44:53+0200,ec999b8f-4b0e-4160-bee3-118ddd8c6904,2026-07-15T16:00:00Z,2026-07-15T18:00:00+0200,2115.412,MW,DE,DE_LU,actual_offshore_wind_generation,Wind Offshore,2026-08-01T08:46:56Z
2026-08-01T08:44:53Z,2026-08-01T10:44:53+0200,ec999b8f-4b0e-4160-bee3-118ddd8c6904,2026-07-15T16:15:00Z,2026-07-15T18:15:00+0200,2289.246,MW,DE,DE_LU,actual_offshore_wind_generation,Wind Offshore,2026-08-01T08:46:56Z
2026-08-01T08:44:53Z,2026-08-01T10:44:53+0200,ec999b8f-4b0e-4160-bee3-118ddd8c6904,2026-07-15T16:30:00Z,2026-07-15T18:30:00+0200,2271.245,MW,DE,DE_LU,actual_offshore_wind_generation,Wind Offshore,2026-08-01T08:46:56Z
2026-08-01T08:44:53Z,2026-08-01T10:44:53+0200,ec999b8f-4b0e-4160-bee3-118ddd8c6904,2026-07-15T16:45:00Z,2026-07-15T18:45:00+0200,2325.975,MW,DE,DE_LU,actual_offshore_wind_generation,Wind Offshore,2026-08-01T08:46:56Z
2026-08-01T08:44:53Z,2026-08-01T10:44:53+0200,ec999b8f-4b0e-4160-bee3-118ddd8c6904,2026-07-15T17:00:00Z,2026-07-15T19:00:00+0200,2405.48,MW,DE,DE_LU,actual_offshore_wind_generation,Wind Offshore,2026-08-01T08:46:56Z
2026-08-01T08:44:53Z,2026-08-01T10:44:53+0200,ec999b8f-4b0e-4160-bee3-118ddd8c6904,2026-07-15T17:15:00Z,2026-07-15T19:15:00+0200,2485.02,MW,DE,DE_LU,actual_offshore_wind_generation,Wind Offshore,2026-08-01T08:46:56Z
2026-08-01T08:44:53Z,2026-08-01T10:44:53+0200,ec999b8f-4b0e-4160-bee3-118ddd8c6904,2026-07-15T17:30:00Z,2026-07-15T19:30:00+0200,2535.495,MW,DE,DE_LU,actual_offshore_wind_generation,Wind Offshore,2026-08-01T08:46:56Z
2026-08-01T08:44:53Z,2026-08-01T10:44:53+0200,ec999b8f-4b0e-4160-bee3-118ddd8c6904,2026-07-15T17:45:00Z,2026-07-15T19:45:00+0200,2501.609,MW,DE,DE_LU,actual_offshore_wind_generation,Wind Offshore,2026-08-01T08:46:56Z
2026-08-01T08:44:53Z,2026-08-01T10:44:53+0200,ec999b8f-4b0e-4160-bee3-118ddd8c6904,2026-07-15T18:00:00Z,2026-07-15T20:00:00+0200,2494.471,MW,DE,DE_LU,actual_offshore_wind_generation,Wind Offshore,2026-08-01T08:46:56Z
2026-08-01T08:44:53Z,2026-08-01T10:44:53+0200,ec999b8f-4b0e-4160-bee3-118ddd8c6904,2026-07-15T18:15:00Z,2026-07-15T20:15:00+0200,2470.598,MW,DE,DE_LU,actual_offshore_wind_generation,Wind Offshore,2026-08-01T08:46:56Z
2026-08-01T08:44:53Z,2026-08-01T10:44:53+0200,ec999b8f-4b0e-4160-bee3-118ddd8c6904,2026-07-15T18:30:00Z,2026-07-15T20:30:00+0200,2496.033,MW,DE,DE_LU,actual_offshore_wind_generation,Wind Offshore,2026-08-01T08:46:56Z
2026-08-01T08:44:53Z,2026-08-01T10:44:53+0200,ec999b8f-4b0e-4160-bee3-118ddd8c6904,2026-07-15T18:45:00Z,2026-07-15T20:45:00+0200,2501.84,MW,DE,DE_LU,actual_offshore_wind_generation,Wind Offshore,2026-08-01T08:46:56Z
2026-08-01T08:44:53Z,2026-08-01T10:44:53+0200,ec999b8f-4b0e-4160-bee3-118ddd8c6904,2026-07-15T19:00:00Z,2026-07-15T21:00:00+0200,2346.444,MW,DE,DE_LU,actual_offshore_wind_generation,Wind Offshore,2026-08-01T08:46:56Z
2026-08-01T08:44:53Z,2026-08-01T10:44:53+0200,ec999b8f-4b0e-4160-bee3-118ddd8c6904,2026-07-15T19:15:00Z,2026-07-15T21:15:00+0200,2273.356,MW,DE,DE_LU,actual_offshore_wind_generation,Wind Offshore,2026-08-01T08:46:56Z
2026-08-01T08:44:53Z,2026-08-01T10:44:53+0200,ec999b8f-4b0e-4160-bee3-118ddd8c6904,2026-07-15T19:30:00Z,2026-07-15T21:30:00+0200,2174.826,MW,DE,DE_LU,actual_offshore_wind_generation,Wind Offshore,2026-08-01T08:46:56Z
2026-08-01T08:44:53Z,2026-08-01T10:44:53+0200,ec999b8f-4b0e-4160-bee3-118ddd8c6904,2026-07-15T19:45:00Z,2026-07-15T21:45:00+0200,2045.164,MW,DE,DE_LU,actual_offshore_wind_generation,Wind Offshore,2026-08-01T08:46:56Z
2026-08-01T08:44:53Z,2026-08-01T10:44:53+0200,ec999b8f-4b0e-4160-bee3-118ddd8c6904,2026-07-15T20:00:00Z,2026-07-15T22:00:00+0200,1935.881,MW,DE,DE_LU,actual_offshore_wind_generation,Wind Offshore,2026-08-01T08:46:56Z
2026-08-01T08:44:53Z,2026-08-01T10:44:53+0200,ec999b8f-4b0e-4160-bee3-118ddd8c6904,2026-07-15T20:15:00Z,2026-07-15T22:15:00+0200,1930.104,MW,DE,DE_LU,actual_offshore_wind_generation,Wind Offshore,2026-08-01T08:46:56Z
2026-08-01T08:44:53Z,2026-08-01T10:44:53+0200,ec999b8f-4b0e-4160-bee3-118ddd8c6904,2026-07-15T20:30:00Z,2026-07-15T22:30:00+0200,1893.864,MW,DE,DE_LU,actual_offshore_wind_generation,Wind Offshore,2026-08-01T08:46:56Z
2026-08-01T08:44:53Z,2026-08-01T10:44:53+0200,ec999b8f-4b0e-4160-bee3-118ddd8c6904,2026-07-15T20:45:00Z,2026-07-15T22:45:00+0200,1796.308,MW,DE,DE_LU,actual_offshore_wind_generation,Wind Offshore,2026-08-01T08:46:56Z
2026-08-01T08:44:53Z,2026-08-01T10:44:53+0200,ec999b8f-4b0e-4160-bee3-118ddd8c6904,2026-07-15T21:00:00Z,2026-07-15T23:00:00+0200,1732.023,MW,DE,DE_LU,actual_offshore_wind_generation,Wind Offshore,2026-08-01T08:46:56Z
2026-08-01T08:44:53Z,2026-08-01T10:44:53+0200,ec999b8f-4b0e-4160-bee3-118ddd8c6904,2026-07-15T21:15:00Z,2026-07-15T23:15:00+0200,1672.34,MW,DE,DE_LU,actual_offshore_wind_generation,Wind Offshore,2026-08-01T08:46:56Z
2026-08-01T08:44:53Z,2026-08-01T10:44:53+0200,ec999b8f-4b0e-4160-bee3-118ddd8c6904,2026-07-15T21:30:00Z,2026-07-15T23:30:00+0200,1577.668,MW,DE,DE_LU,actual_offshore_wind_generation,Wind Offshore,2026-08-01T08:46:56Z
2026-08-01T08:44:53Z,2026-08-01T10:44:53+0200,ec999b8f-4b0e-4160-bee3-118ddd8c6904,2026-07-15T21:45:00Z,2026-07-15T23:45:00+0200,1388.882,MW,DE,DE_LU,actual_offshore_wind_generation,Wind Offshore,2026-08-01T08:46:56Z
2026-08-01T08:44:53Z,2026-08-01T10:44:53+0200,ec999b8f-4b0e-4160-bee3-118ddd8c6904,2026-07-15T22:00:00Z,2026-07-16T00:00:00+0200,1281.609,MW,DE,DE_LU,actual_offshore_wind_generation,Wind Offshore,2026-08-01T08:46:56Z
2026-08-01T08:44:53Z,2026-08-01T10:44:53+0200,ec999b8f-4b0e-4160-bee3-118ddd8c6904,2026-07-15T22:15:00Z,2026-07-16T00:15:00+0200,1271.301,MW,DE,DE_LU,actual_offshore_wind_generation,Wind Offshore,2026-08-01T08:46:56Z
2026-08-01T08:44:53Z,2026-08-01T10:44:53+0200,ec999b8f-4b0e-4160-bee3-118ddd8c6904,2026-07-15T22:30:00Z,2026-07-16T00:30:00+0200,1246.368,MW,DE,DE_LU,actual_offshore_wind_generation,Wind Offshore,2026-08-01T08:46:56Z
2026-08-01T08:44:53Z,2026-08-01T10:44:53+0200,ec999b8f-4b0e-4160-bee3-118ddd8c6904,2026-07-15T22:45:00Z,2026-07-16T00:45:00+0200,1199.71,MW,DE,DE_LU,actual_offshore_wind_generation,Wind Offshore,2026-08-01T08:46:56Z
2026-08-01T08:44:53Z,2026-08-01T10:44:53+0200,ec999b8f-4b0e-4160-bee3-118ddd8c6904,2026-07-15T23:00:00Z,2026-07-16T01:00:00+0200,1128.855,MW,DE,DE_LU,actual_offshore_wind_generation,Wind Offshore,2026-08-01T08:46:56Z
2026-08-01T08:44:53Z,2026-08-01T10:44:53+0200,ec999b8f-4b0e-4160-bee3-118ddd8c6904,2026-07-15T23:15:00Z,2026-07-16T01:15:00+0200,1032.173,MW,DE,DE_LU,actual_offshore_wind_generation,Wind Offshore,2026-08-01T08:46:56Z
2026-08-01T08:44:53Z,2026-08-01T10:44:53+0200,ec999b8f-4b0e-4160-bee3-118ddd8c6904,2026-07-15T23:30:00Z,2026-07-16T01:30:00+0200,971.234,MW,DE,DE_LU,actual_offshore_wind_generation,Wind Offshore,2026-08-01T08:46:56Z
2026-08-01T08:44:53Z,2026-08-01T10:44:53+0200,ec999b8f-4b0e-4160-bee3-118ddd8c6904,2026-07-15T23:45:00Z,2026-07-16T01:45:00+0200,920.276,MW,DE,DE_LU,actual_offshore_wind_generation,Wind Offshore,2026-08-01T08:46:56Z
2026-08-01T08:44:53Z,2026-08-01T10:44:53+0200,ec999b8f-4b0e-4160-bee3-118ddd8c6904,2026-07-16T00:00:00Z,2026-07-16T02:00:00+0200,870.533,MW,DE,DE_LU,actual_offshore_wind_generation,Wind Offshore,2026-08-01T08:46:56Z
2026-08-01T08:44:53Z,2026-08-01T10:44:53+0200,ec999b8f-4b0e-4160-bee3-118ddd8c6904,2026-07-16T00:15:00Z,2026-07-16T02:15:00+0200,838.745,MW,DE,DE_LU,actual_offshore_wind_generation,Wind Offshore,2026-08-01T08:46:56Z
2026-08-01T08:44:53Z,2026-08-01T10:44:53+0200,ec999b8f-4b0e-4160-bee3-118ddd8c6904,2026-07-16T00:30:00Z,2026-07-16T02:30:00+0200,786.401,MW,DE,DE_LU,actual_offshore_wind_generation,Wind Offshore,2026-08-01T08:46:56Z
2026-08-01T08:44:53Z,2026-08-01T10:44:53+0200,ec999b8f-4b0e-4160-bee3-118ddd8c6904,2026-07-16T00:45:00Z,2026-07-16T02:45:00+0200,728.598,MW,DE,DE_LU,actual_offshore_wind_generation,Wind Offshore,2026-08-01T08:46:56Z
2026-08-01T08:44:53Z,2026-08-01T10:44:53+0200,ec999b8f-4b0e-4160-bee3-118ddd8c6904,2026-07-16T01:00:00Z,2026-07-16T03:00:00+0200,764.598,MW,DE,DE_LU,actual_offshore_wind_generation,Wind Offshore,2026-08-01T08:46:56Z
2026-08-01T08:44:53Z,2026-08-01T10:44:53+0200,ec999b8f-4b0e-4160-bee3-118ddd8c6904,2026-07-16T01:15:00Z,2026-07-16T03:15:00+0200,797.861,MW,DE,DE_LU,actual_offshore_wind_generation,Wind Offshore,2026-08-01T08:46:56Z
2026-08-01T08:44:53Z,2026-08-01T10:44:53+0200,ec999b8f-4b0e-4160-bee3-118ddd8c6904,2026-07-16T01:30:00Z,2026-07-16T03:30:00+0200,809.204,MW,DE,DE_LU,actual_offshore_wind_generation,Wind Offshore,2026-08-01T08:46:56Z
2026-08-01T08:44:53Z,2026-08-01T10:44:53+0200,ec999b8f-4b0e-4160-bee3-118ddd8c6904,2026-07-16T01:45:00Z,2026-07-16T03:45:00+0200,714.641,MW,DE,DE_LU,actual_offshore_wind_generation,Wind Offshore,2026-08-01T08:46:56Z
2026-08-01T08:44:53Z,2026-08-01T10:44:53+0200,ec999b8f-4b0e-4160-bee3-118ddd8c6904,2026-07-16T02:00:00Z,2026-07-16T04:00:00+0200,658.435,MW,DE,DE_LU,actual_offshore_wind_generation,Wind Offshore,2026-08-01T08:46:56Z
2026-08-01T08:44:53Z,2026-08-01T10:44:53+0200,ec999b8f-4b0e-4160-bee3-118ddd8c6904,2026-07-16T02:15:00Z,2026-07-16T04:15:00+0200,597.09,MW,DE,DE_LU,actual_offshore_wind_generation,Wind Offshore,2026-08-01T08:46:56Z
2026-08-01T08:44:53Z,2026-08-01T10:44:53+0200,ec999b8f-4b0e-4160-bee3-118ddd8c6904,2026-07-16T02:30:00Z,2026-07-16T04:30:00+0200,517.201,MW,DE,DE_LU,actual_offshore_wind_generation,Wind Offshore,2026-08-01T08:46:56Z
2026-08-01T08:44:53Z,2026-08-01T10:44:53+0200,ec999b8f-4b0e-4160-bee3-118ddd8c6904,2026-07-16T02:45:00Z,2026-07-16T04:45:00+0200,534.348,MW,DE,DE_LU,actual_offshore_wind_generation,Wind Offshore,2026-08-01T08:46:56Z
2026-08-01T08:44:53Z,2026-08-01T10:44:53+0200,ec999b8f-4b0e-4160-bee3-118ddd8c6904,2026-07-16T03:00:00Z,2026-07-16T05:00:00+0200,554.146,MW,DE,DE_LU,actual_offshore_wind_generation,Wind Offshore,2026-08-01T08:46:56Z
2026-08-01T08:44:53Z,2026-08-01T10:44:53+0200,ec999b8f-4b0e-4160-bee3-118ddd8c6904,2026-07-16T03:15:00Z,2026-07-16T05:15:00+0200,623.172,MW,DE,DE_LU,actual_offshore_wind_generation,Wind Offshore,2026-08-01T08:46:56Z
2026-08-01T08:44:53Z,2026-08-01T10:44:53+0200,ec999b8f-4b0e-4160-bee3-118ddd8c6904,2026-07-16T03:30:00Z,2026-07-16T05:30:00+0200,649.402,MW,DE,DE_LU,actual_offshore_wind_generation,Wind Offshore,2026-08-01T08:46:56Z
2026-08-01T08:44:53Z,2026-08-01T10:44:53+0200,ec999b8f-4b0e-4160-bee3-118ddd8c6904,2026-07-16T03:45:00Z,2026-07-16T05:45:00+0200,633.109,MW,DE,DE_LU,actual_offshore_wind_generation,Wind Offshore,2026-08-01T08:46:56Z
2026-08-01T08:44:53Z,2026-08-01T10:44:53+0200,ec999b8f-4b0e-4160-bee3-118ddd8c6904,2026-07-16T04:00:00Z,2026-07-16T06:00:00+0200,578.944,MW,DE,DE_LU,actual_offshore_wind_generation,Wind Offshore,2026-08-01T08:46:56Z
2026-08-01T08:44:53Z,2026-08-01T10:44:53+0200,ec999b8f-4b0e-4160-bee3-118ddd8c6904,2026-07-16T04:15:00Z,2026-07-16T06:15:00+0200,496.784,MW,DE,DE_LU,actual_offshore_wind_generation,Wind Offshore,2026-08-01T08:46:56Z
2026-08-01T08:44:53Z,2026-08-01T10:44:53+0200,ec999b8f-4b0e-4160-bee3-118ddd8c6904,2026-07-16T04:30:00Z,2026-07-16T06:30:00+0200,450.062,MW,DE,DE_LU,actual_offshore_wind_generation,Wind Offshore,2026-08-01T08:46:56Z
2026-08-01T08:44:53Z,2026-08-01T10:44:53+0200,ec999b8f-4b0e-4160-bee3-118ddd8c6904,2026-07-16T04:45:00Z,2026-07-16T06:45:00+0200,418.104,MW,DE,DE_LU,actual_offshore_wind_generation,Wind Offshore,2026-08-01T08:46:56Z
2026-08-01T08:44:53Z,2026-08-01T10:44:53+0200,ec999b8f-4b0e-4160-bee3-118ddd8c6904,2026-07-16T05:00:00Z,2026-07-16T07:00:00+0200,409.139,MW,DE,DE_LU,actual_offshore_wind_generation,Wind Offshore,2026-08-01T08:46:56Z
2026-08-01T08:44:53Z,2026-08-01T10:44:53+0200,ec999b8f-4b0e-4160-bee3-118ddd8c6904,2026-07-16T05:15:00Z,2026-07-16T07:15:00+0200,449.743,MW,DE,DE_LU,actual_offshore_wind_generation,Wind Offshore,2026-08-01T08:46:56Z
2026-08-01T08:44:53Z,2026-08-01T10:44:53+0200,ec999b8f-4b0e-4160-bee3-118ddd8c6904,2026-07-16T05:30:00Z,2026-07-16T07:30:00+0200,505.792,MW,DE,DE_LU,actual_offshore_wind_generation,Wind Offshore,2026-08-01T08:46:56Z
2026-08-01T08:44:53Z,2026-08-01T10:44:53+0200,ec999b8f-4b0e-4160-bee3-118ddd8c6904,2026-07-16T05:45:00Z,2026-07-16T07:45:00+0200,587.178,MW,DE,DE_LU,actual_offshore_wind_generation,Wind Offshore,2026-08-01T08:46:56Z
2026-08-01T08:44:53Z,2026-08-01T10:44:53+0200,ec999b8f-4b0e-4160-bee3-118ddd8c6904,2026-07-16T06:00:00Z,2026-07-16T08:00:00+0200,668.389,MW,DE,DE_LU,actual_offshore_wind_generation,Wind Offshore,2026-08-01T08:46:56Z
2026-08-01T08:44:53Z,2026-08-01T10:44:53+0200,ec999b8f-4b0e-4160-bee3-118ddd8c6904,2026-07-16T06:15:00Z,2026-07-16T08:15:00+0200,692.754,MW,DE,DE_LU,actual_offshore_wind_generation,Wind Offshore,2026-08-01T08:46:56Z
2026-08-01T08:44:53Z,2026-08-01T10:44:53+0200,ec999b8f-4b0e-4160-bee3-118ddd8c6904,2026-07-16T06:30:00Z,2026-07-16T08:30:00+0200,639.811,MW,DE,DE_LU,actual_offshore_wind_generation,Wind Offshore,2026-08-01T08:46:56Z
2026-08-01T08:44:53Z,2026-08-01T10:44:53+0200,ec999b8f-4b0e-4160-bee3-118ddd8c6904,2026-07-16T06:45:00Z,2026-07-16T08:45:00+0200,570.288,MW,DE,DE_LU,actual_offshore_wind_generation,Wind Offshore,2026-08-01T08:46:56Z
2026-08-01T08:44:53Z,2026-08-01T10:44:53+0200,ec999b8f-4b0e-4160-bee3-118ddd8c6904,2026-07-16T07:00:00Z,2026-07-16T09:00:00+0200,535.502,MW,DE,DE_LU,actual_offshore_wind_generation,Wind Offshore,2026-08-01T08:46:56Z
2026-08-01T08:44:53Z,2026-08-01T10:44:53+0200,ec999b8f-4b0e-4160-bee3-118ddd8c6904,2026-07-16T07:15:00Z,2026-07-16T09:15:00+0200,519.834,MW,DE,DE_LU,actual_offshore_wind_generation,Wind Offshore,2026-08-01T08:46:56Z
2026-08-01T08:44:53Z,2026-08-01T10:44:53+0200,ec999b8f-4b0e-4160-bee3-118ddd8c6904,2026-07-16T07:30:00Z,2026-07-16T09:30:00+0200,499.848,MW,DE,DE_LU,actual_offshore_wind_generation,Wind Offshore,2026-08-01T08:46:56Z
2026-08-01T08:44:53Z,2026-08-01T10:44:53+0200,ec999b8f-4b0e-4160-bee3-118ddd8c6904,2026-07-16T07:45:00Z,2026-07-16T09:45:00+0200,517.408,MW,DE,DE_LU,actual_offshore_wind_generation,Wind Offshore,2026-08-01T08:46:56Z
2026-08-01T08:44:53Z,2026-08-01T10:44:53+0200,ec999b8f-4b0e-4160-bee3-118ddd8c6904,2026-07-16T08:00:00Z,2026-07-16T10:00:00+0200,482.149,MW,DE,DE_LU,actual_offshore_wind_generation,Wind Offshore,2026-08-01T08:46:56Z
2026-08-01T08:44:53Z,2026-08-01T10:44:53+0200,ec999b8f-4b0e-4160-bee3-118ddd8c6904,2026-07-16T08:15:00Z,2026-07-16T10:15:00+0200,420.669,MW,DE,DE_LU,actual_offshore_wind_generation,Wind Offshore,2026-08-01T08:46:56Z
2026-08-01T08:44:53Z,2026-08-01T10:44:53+0200,ec999b8f-4b0e-4160-bee3-118ddd8c6904,2026-07-16T08:30:00Z,2026-07-16T10:30:00+0200,393.612,MW,DE,DE_LU,actual_offshore_wind_generation,Wind Offshore,2026-08-01T08:46:56Z
2026-08-01T08:44:53Z,2026-08-01T10:44:53+0200,ec999b8f-4b0e-4160-bee3-118ddd8c6904,2026-07-16T08:45:00Z,2026-07-16T10:45:00+0200,360.326,MW,DE,DE_LU,actual_offshore_wind_generation,Wind Offshore,2026-08-01T08:46:56Z
2026-08-01T08:44:53Z,2026-08-01T10:44:53+0200,ec999b8f-4b0e-4160-bee3-118ddd8c6904,2026-07-16T09:00:00Z,2026-07-16T11:00:00+0200,338.468,MW,DE,DE_LU,actual_offshore_wind_generation,Wind Offshore,2026-08-01T08:46:56Z
2026-08-01T08:44:53Z,2026-08-01T10:44:53+0200,ec999b8f-4b0e-4160-bee3-118ddd8c6904,2026-07-16T09:15:00Z,2026-07-16T11:15:00+0200,321.231,MW,DE,DE_LU,actual_offshore_wind_generation,Wind Offshore,2026-08-01T08:46:56Z
2026-08-01T08:44:53Z,2026-08-01T10:44:53+0200,ec999b8f-4b0e-4160-bee3-118ddd8c6904,2026-07-16T09:30:00Z,2026-07-16T11:30:00+0200,309.418,MW,DE,DE_LU,actual_offshore_wind_generation,Wind Offshore,2026-08-01T08:46:56Z
2026-08-01T08:44:53Z,2026-08-01T10:44:53+0200,ec999b8f-4b0e-4160-bee3-118ddd8c6904,2026-07-16T09:45:00Z,2026-07-16T11:45:00+0200,274.979,MW,DE,DE_LU,actual_offshore_wind_generation,Wind Offshore,2026-08-01T08:46:56Z
2026-08-01T08:44:53Z,2026-08-01T10:44:53+0200,ec999b8f-4b0e-4160-bee3-118ddd8c6904,2026-07-16T10:00:00Z,2026-07-16T12:00:00+0200,214.356,MW,DE,DE_LU,actual_offshore_wind_generation,Wind Offshore,2026-08-01T08:46:56Z
2026-08-01T08:44:53Z,2026-08-01T10:44:53+0200,ec999b8f-4b0e-4160-bee3-118ddd8c6904,2026-07-16T10:15:00Z,2026-07-16T12:15:00+0200,166.86,MW,DE,DE_LU,actual_offshore_wind_generation,Wind Offshore,2026-08-01T08:46:56Z
2026-08-01T08:44:53Z,2026-08-01T10:44:53+0200,ec999b8f-4b0e-4160-bee3-118ddd8c6904,2026-07-16T10:30:00Z,2026-07-16T12:30:00+0200,131.142,MW,DE,DE_LU,actual_offshore_wind_generation,Wind Offshore,2026-08-01T08:46:56Z
2026-08-01T08:44:53Z,2026-08-01T10:44:53+0200,ec999b8f-4b0e-4160-bee3-118ddd8c6904,2026-07-16T10:45:00Z,2026-07-16T12:45:00+0200,94.762,MW,DE,DE_LU,actual_offshore_wind_generation,Wind Offshore,2026-08-01T08:46:56Z
2026-08-01T08:44:53Z,2026-08-01T10:44:53+0200,ec999b8f-4b0e-4160-bee3-118ddd8c6904,2026-07-16T11:00:00Z,2026-07-16T13:00:00+0200,77.695,MW,DE,DE_LU,actual_offshore_wind_generation,Wind Offshore,2026-08-01T08:46:56Z
2026-08-01T08:44:53Z,2026-08-01T10:44:53+0200,ec999b8f-4b0e-4160-bee3-118ddd8c6904,2026-07-16T11:15:00Z,2026-07-16T13:15:00+0200,72.749,MW,DE,DE_LU,actual_offshore_wind_generation,Wind Offshore,2026-08-01T08:46:56Z
2026-08-01T08:44:53Z,2026-08-01T10:44:53+0200,ec999b8f-4b0e-4160-bee3-118ddd8c6904,2026-07-16T11:30:00Z,2026-07-16T13:30:00+0200,73.613,MW,DE,DE_LU,actual_offshore_wind_generation,Wind Offshore,2026-08-01T08:46:56Z
2026-08-01T08:44:53Z,2026-08-01T10:44:53+0200,ec999b8f-4b0e-4160-bee3-118ddd8c6904,2026-07-16T11:45:00Z,2026-07-16T13:45:00+0200,81.745,MW,DE,DE_LU,actual_offshore_wind_generation,Wind Offshore,2026-08-01T08:46:56Z
2026-08-01T08:44:53Z,2026-08-01T10:44:53+0200,ec999b8f-4b0e-4160-bee3-118ddd8c6904,2026-07-16T12:00:00Z,2026-07-16T14:00:00+0200,84.645,MW,DE,DE_LU,actual_offshore_wind_generation,Wind Offshore,2026-08-01T08:46:56Z
2026-08-01T08:44:53Z,2026-08-01T10:44:53+0200,ec999b8f-4b0e-4160-bee3-118ddd8c6904,2026-07-16T12:15:00Z,2026-07-16T14:15:00+0200,87.499,MW,DE,DE_LU,actual_offshore_wind_generation,Wind Offshore,2026-08-01T08:46:56Z
2026-08-01T08:44:53Z,2026-08-01T10:44:53+0200,ec999b8f-4b0e-4160-bee3-118ddd8c6904,2026-07-16T12:30:00Z,2026-07-16T14:30:00+0200,87.175,MW,DE,DE_LU,actual_offshore_wind_generation,Wind Offshore,2026-08-01T08:46:56Z
2026-08-01T08:44:53Z,2026-08-01T10:44:53+0200,ec999b8f-4b0e-4160-bee3-118ddd8c6904,2026-07-16T12:45:00Z,2026-07-16T14:45:00+0200,77.738,MW,DE,DE_LU,actual_offshore_wind_generation,Wind Offshore,2026-08-01T08:46:56Z
2026-08-01T08:44:53Z,2026-08-01T10:44:53+0200,ec999b8f-4b0e-4160-bee3-118ddd8c6904,2026-07-16T13:00:00Z,2026-07-16T15:00:00+0200,73.57,MW,DE,DE_LU,actual_offshore_wind_generation,Wind Offshore,2026-08-01T08:46:56Z
2026-08-01T08:44:53Z,2026-08-01T10:44:53+0200,ec999b8f-4b0e-4160-bee3-118ddd8c6904,2026-07-16T13:15:00Z,2026-07-16T15:15:00+0200,82.369,MW,DE,DE_LU,actual_offshore_wind_generation,Wind Offshore,2026-08-01T08:46:56Z
2026-08-01T08:44:53Z,2026-08-01T10:44:53+0200,ec999b8f-4b0e-4160-bee3-118ddd8c6904,2026-07-16T13:30:00Z,2026-07-16T15:30:00+0200,97.916,MW,DE,DE_LU,actual_offshore_wind_generation,Wind Offshore,2026-08-01T08:46:56Z
2026-08-01T08:44:53Z,2026-08-01T10:44:53+0200,ec999b8f-4b0e-4160-bee3-118ddd8c6904,2026-07-16T13:45:00Z,2026-07-16T15:45:00+0200,91.508,MW,DE,DE_LU,actual_offshore_wind_generation,Wind Offshore,2026-08-01T08:46:56Z
2026-08-01T08:44:53Z,2026-08-01T10:44:53+0200,ec999b8f-4b0e-4160-bee3-118ddd8c6904,2026-07-16T14:00:00Z,2026-07-16T16:00:00+0200,76.29,MW,DE,DE_LU,actual_offshore_wind_generation,Wind Offshore,2026-08-01T08:46:56Z
2026-08-01T08:44:53Z,2026-08-01T10:44:53+0200,ec999b8f-4b0e-4160-bee3-118ddd8c6904,2026-07-16T14:15:00Z,2026-07-16T16:15:00+0200,105.997,MW,DE,DE_LU,actual_offshore_wind_generation,Wind Offshore,2026-08-01T08:46:56Z
2026-08-01T08:44:53Z,2026-08-01T10:44:53+0200,ec999b8f-4b0e-4160-bee3-118ddd8c6904,2026-07-16T14:30:00Z,2026-07-16T16:30:00+0200,138.417,MW,DE,DE_LU,actual_offshore_wind_generation,Wind Offshore,2026-08-01T08:46:56Z
2026-08-01T08:44:53Z,2026-08-01T10:44:53+0200,ec999b8f-4b0e-4160-bee3-118ddd8c6904,2026-07-16T14:45:00Z,2026-07-16T16:45:00+0200,151.876,MW,DE,DE_LU,actual_offshore_wind_generation,Wind Offshore,2026-08-01T08:46:56Z
2026-08-01T08:44:53Z,2026-08-01T10:44:53+0200,ec999b8f-4b0e-4160-bee3-118ddd8c6904,2026-07-16T15:00:00Z,2026-07-16T17:00:00+0200,175.346,MW,DE,DE_LU,actual_offshore_wind_generation,Wind Offshore,2026-08-01T08:46:56Z
2026-08-01T08:44:53Z,2026-08-01T10:44:53+0200,ec999b8f-4b0e-4160-bee3-118ddd8c6904,2026-07-16T15:15:00Z,2026-07-16T17:15:00+0200,211.441,MW,DE,DE_LU,actual_offshore_wind_generation,Wind Offshore,2026-08-01T08:46:56Z
2026-08-01T08:44:53Z,2026-08-01T10:44:53+0200,ec999b8f-4b0e-4160-bee3-118ddd8c6904,2026-07-16T15:30:00Z,2026-07-16T17:30:00+0200,250.836,MW,DE,DE_LU,actual_offshore_wind_generation,Wind Offshore,2026-08-01T08:46:56Z
2026-08-01T08:44:53Z,2026-08-01T10:44:53+0200,ec999b8f-4b0e-4160-bee3-118ddd8c6904,2026-07-16T15:45:00Z,2026-07-16T17:45:00+0200,327.32,MW,DE,DE_LU,actual_offshore_wind_generation,Wind Offshore,2026-08-01T08:46:56Z
2026-08-01T08:44:53Z,2026-08-01T10:44:53+0200,ec999b8f-4b0e-4160-bee3-118ddd8c6904,2026-07-16T16:00:00Z,2026-07-16T18:00:00+0200,342.977,MW,DE,DE_LU,actual_offshore_wind_generation,Wind Offshore,2026-08-01T08:46:56Z
2026-08-01T08:44:53Z,2026-08-01T10:44:53+0200,ec999b8f-4b0e-4160-bee3-118ddd8c6904,2026-07-16T16:15:00Z,2026-07-16T18:15:00+0200,329.849,MW,DE,DE_LU,actual_offshore_wind_generation,Wind Offshore,2026-08-01T08:46:56Z
2026-08-01T08:44:53Z,2026-08-01T10:44:53+0200,ec999b8f-4b0e-4160-bee3-118ddd8c6904,2026-07-16T16:30:00Z,2026-07-16T18:30:00+0200,284.932,MW,DE,DE_LU,actual_offshore_wind_generation,Wind Offshore,2026-08-01T08:46:56Z
2026-08-01T08:44:53Z,2026-08-01T10:44:53+0200,ec999b8f-4b0e-4160-bee3-118ddd8c6904,2026-07-16T16:45:00Z,2026-07-16T18:45:00+0200,235.934,MW,DE,DE_LU,actual_offshore_wind_generation,Wind Offshore,2026-08-01T08:46:56Z
2026-08-01T08:44:53Z,2026-08-01T10:44:53+0200,ec999b8f-4b0e-4160-bee3-118ddd8c6904,2026-07-16T17:00:00Z,2026-07-16T19:00:00+0200,221.731,MW,DE,DE_LU,actual_offshore_wind_generation,Wind Offshore,2026-08-01T08:46:56Z
2026-08-01T08:44:53Z,2026-08-01T10:44:53+0200,ec999b8f-4b0e-4160-bee3-118ddd8c6904,2026-07-16T17:15:00Z,2026-07-16T19:15:00+0200,205.419,MW,DE,DE_LU,actual_offshore_wind_generation,Wind Offshore,2026-08-01T08:46:56Z
2026-08-01T08:44:53Z,2026-08-01T10:44:53+0200,ec999b8f-4b0e-4160-bee3-118ddd8c6904,2026-07-16T17:30:00Z,2026-07-16T19:30:00+0200,205.438,MW,DE,DE_LU,actual_offshore_wind_generation,Wind Offshore,2026-08-01T08:46:56Z
2026-08-01T08:44:53Z,2026-08-01T10:44:53+0200,ec999b8f-4b0e-4160-bee3-118ddd8c6904,2026-07-16T17:45:00Z,2026-07-16T19:45:00+0200,223.607,MW,DE,DE_LU,actual_offshore_wind_generation,Wind Offshore,2026-08-01T08:46:56Z
2026-08-01T08:44:53Z,2026-08-01T10:44:53+0200,ec999b8f-4b0e-4160-bee3-118ddd8c6904,2026-07-16T18:00:00Z,2026-07-16T20:00:00+0200,276.685,MW,DE,DE_LU,actual_offshore_wind_generation,Wind Offshore,2026-08-01T08:46:56Z
2026-08-01T08:44:53Z,2026-08-01T10:44:53+0200,ec999b8f-4b0e-4160-bee3-118ddd8c6904,2026-07-16T18:15:00Z,2026-07-16T20:15:00+0200,311.397,MW,DE,DE_LU,actual_offshore_wind_generation,Wind Offshore,2026-08-01T08:46:56Z
2026-08-01T08:44:53Z,2026-08-01T10:44:53+0200,ec999b8f-4b0e-4160-bee3-118ddd8c6904,2026-07-16T18:30:00Z,2026-07-16T20:30:00+0200,344.791,MW,DE,DE_LU,actual_offshore_wind_generation,Wind Offshore,2026-08-01T08:46:56Z
2026-08-01T08:44:53Z,2026-08-01T10:44:53+0200,ec999b8f-4b0e-4160-bee3-118ddd8c6904,2026-07-16T18:45:00Z,2026-07-16T20:45:00+0200,358.534,MW,DE,DE_LU,actual_offshore_wind_generation,Wind Offshore,2026-08-01T08:46:56Z
2026-08-01T08:44:53Z,2026-08-01T10:44:53+0200,ec999b8f-4b0e-4160-bee3-118ddd8c6904,2026-07-16T19:00:00Z,2026-07-16T21:00:00+0200,374.526,MW,DE,DE_LU,actual_offshore_wind_generation,Wind Offshore,2026-08-01T08:46:56Z
2026-08-01T08:44:53Z,2026-08-01T10:44:53+0200,ec999b8f-4b0e-4160-bee3-118ddd8c6904,2026-07-16T19:15:00Z,2026-07-16T21:15:00+0200,407.171,MW,DE,DE_LU,actual_offshore_wind_generation,Wind Offshore,2026-08-01T08:46:56Z
2026-08-01T08:44:53Z,2026-08-01T10:44:53+0200,ec999b8f-4b0e-4160-bee3-118ddd8c6904,2026-07-16T19:30:00Z,2026-07-16T21:30:00+0200,419.85,MW,DE,DE_LU,actual_offshore_wind_generation,Wind Offshore,2026-08-01T08:46:56Z
2026-08-01T08:44:53Z,2026-08-01T10:44:53+0200,ec999b8f-4b0e-4160-bee3-118ddd8c6904,2026-07-16T19:45:00Z,2026-07-16T21:45:00+0200,420.967,MW,DE,DE_LU,actual_offshore_wind_generation,Wind Offshore,2026-08-01T08:46:56Z
2026-08-01T08:44:53Z,2026-08-01T10:44:53+0200,ec999b8f-4b0e-4160-bee3-118ddd8c6904,2026-07-16T20:00:00Z,2026-07-16T22:00:00+0200,454.533,MW,DE,DE_LU,actual_offshore_wind_generation,Wind Offshore,2026-08-01T08:46:56Z
2026-08-01T08:44:53Z,2026-08-01T10:44:53+0200,ec999b8f-4b0e-4160-bee3-118ddd8c6904,2026-07-16T20:15:00Z,2026-07-16T22:15:00+0200,472.921,MW,DE,DE_LU,actual_offshore_wind_generation,Wind Offshore,2026-08-01T08:46:56Z
2026-08-01T08:44:53Z,2026-08-01T10:44:53+0200,ec999b8f-4b0e-4160-bee3-118ddd8c6904,2026-07-16T20:30:00Z,2026-07-16T22:30:00+0200,447.928,MW,DE,DE_LU,actual_offshore_wind_generation,Wind Offshore,2026-08-01T08:46:56Z
2026-08-01T08:44:53Z,2026-08-01T10:44:53+0200,ec999b8f-4b0e-4160-bee3-118ddd8c6904,2026-07-16T20:45:00Z,2026-07-16T22:45:00+0200,435.774,MW,DE,DE_LU,actual_offshore_wind_generation,Wind Offshore,2026-08-01T08:46:56Z
2026-08-01T08:44:53Z,2026-08-01T10:44:53+0200,ec999b8f-4b0e-4160-bee3-118ddd8c6904,2026-07-16T21:00:00Z,2026-07-16T23:00:00+0200,458.437,MW,DE,DE_LU,actual_offshore_wind_generation,Wind Offshore,2026-08-01T08:46:56Z
2026-08-01T08:44:53Z,2026-08-01T10:44:53+0200,ec999b8f-4b0e-4160-bee3-118ddd8c6904,2026-07-16T21:15:00Z,2026-07-16T23:15:00+0200,464.576,MW,DE,DE_LU,actual_offshore_wind_generation,Wind Offshore,2026-08-01T08:46:56Z
2026-08-01T08:44:53Z,2026-08-01T10:44:53+0200,ec999b8f-4b0e-4160-bee3-118ddd8c6904,2026-07-16T21:30:00Z,2026-07-16T23:30:00+0200,468.952,MW,DE,DE_LU,actual_offshore_wind_generation,Wind Offshore,2026-08-01T08:46:56Z
2026-08-01T08:44:53Z,2026-08-01T10:44:53+0200,ec999b8f-4b0e-4160-bee3-118ddd8c6904,2026-07-16T21:45:00Z,2026-07-16T23:45:00+0200,525.611,MW,DE,DE_LU,actual_offshore_wind_generation,Wind Offshore,2026-08-01T08:46:56Z
2026-08-01T08:44:53Z,2026-08-01T10:44:53+0200,ec999b8f-4b0e-4160-bee3-118ddd8c6904,2026-07-16T22:00:00Z,2026-07-17T00:00:00+0200,547.282,MW,DE,DE_LU,actual_offshore_wind_generation,Wind Offshore,2026-08-01T08:46:56Z
2026-08-01T08:44:53Z,2026-08-01T10:44:53+0200,ec999b8f-4b0e-4160-bee3-118ddd8c6904,2026-07-16T22:15:00Z,2026-07-17T00:15:00+0200,540.594,MW,DE,DE_LU,actual_offshore_wind_generation,Wind Offshore,2026-08-01T08:46:56Z
2026-08-01T08:44:53Z,2026-08-01T10:44:53+0200,ec999b8f-4b0e-4160-bee3-118ddd8c6904,2026-07-16T22:30:00Z,2026-07-17T00:30:00+0200,554.028,MW,DE,DE_LU,actual_offshore_wind_generation,Wind Offshore,2026-08-01T08:46:56Z
2026-08-01T08:44:53Z,2026-08-01T10:44:53+0200,ec999b8f-4b0e-4160-bee3-118ddd8c6904,2026-07-16T22:45:00Z,2026-07-17T00:45:00+0200,620.675,MW,DE,DE_LU,actual_offshore_wind_generation,Wind Offshore,2026-08-01T08:46:56Z
2026-08-01T08:44:53Z,2026-08-01T10:44:53+0200,ec999b8f-4b0e-4160-bee3-118ddd8c6904,2026-07-16T23:00:00Z,2026-07-17T01:00:00+0200,702.904,MW,DE,DE_LU,actual_offshore_wind_generation,Wind Offshore,2026-08-01T08:46:56Z
2026-08-01T08:44:53Z,2026-08-01T10:44:53+0200,ec999b8f-4b0e-4160-bee3-118ddd8c6904,2026-07-16T23:15:00Z,2026-07-17T01:15:00+0200,750.733,MW,DE,DE_LU,actual_offshore_wind_generation,Wind Offshore,2026-08-01T08:46:56Z
2026-08-01T08:44:53Z,2026-08-01T10:44:53+0200,ec999b8f-4b0e-4160-bee3-118ddd8c6904,2026-07-16T23:30:00Z,2026-07-17T01:30:00+0200,783.102,MW,DE,DE_LU,actual_offshore_wind_generation,Wind Offshore,2026-08-01T08:46:56Z
2026-08-01T08:44:53Z,2026-08-01T10:44:53+0200,ec999b8f-4b0e-4160-bee3-118ddd8c6904,2026-07-16T23:45:00Z,2026-07-17T01:45:00+0200,811.532,MW,DE,DE_LU,actual_offshore_wind_generation,Wind Offshore,2026-08-01T08:46:56Z
2026-08-01T08:44:53Z,2026-08-01T10:44:53+0200,ec999b8f-4b0e-4160-bee3-118ddd8c6904,2026-07-17T00:00:00Z,2026-07-17T02:00:00+0200,766.383,MW,DE,DE_LU,actual_offshore_wind_generation,Wind Offshore,2026-08-01T08:46:56Z
2026-08-01T08:44:53Z,2026-08-01T10:44:53+0200,ec999b8f-4b0e-4160-bee3-118ddd8c6904,2026-07-17T00:15:00Z,2026-07-17T02:15:00+0200,754.63,MW,DE,DE_LU,actual_offshore_wind_generation,Wind Offshore,2026-08-01T08:46:56Z
2026-08-01T08:44:53Z,2026-08-01T10:44:53+0200,ec999b8f-4b0e-4160-bee3-118ddd8c6904,2026-07-17T00:30:00Z,2026-07-17T02:30:00+0200,733.443,MW,DE,DE_LU,actual_offshore_wind_generation,Wind Offshore,2026-08-01T08:46:56Z
2026-08-01T08:44:53Z,2026-08-01T10:44:53+0200,ec999b8f-4b0e-4160-bee3-118ddd8c6904,2026-07-17T00:45:00Z,2026-07-17T02:45:00+0200,773.892,MW,DE,DE_LU,actual_offshore_wind_generation,Wind Offshore,2026-08-01T08:46:56Z
2026-08-01T08:44:53Z,2026-08-01T10:44:53+0200,ec999b8f-4b0e-4160-bee3-118ddd8c6904,2026-07-17T01:00:00Z,2026-07-17T03:00:00+0200,891.763,MW,DE,DE_LU,actual_offshore_wind_generation,Wind Offshore,2026-08-01T08:46:56Z
2026-08-01T08:44:53Z,2026-08-01T10:44:53+0200,ec999b8f-4b0e-4160-bee3-118ddd8c6904,2026-07-17T01:15:00Z,2026-07-17T03:15:00+0200,1051.024,MW,DE,DE_LU,actual_offshore_wind_generation,Wind Offshore,2026-08-01T08:46:56Z
2026-08-01T08:44:53Z,2026-08-01T10:44:53+0200,ec999b8f-4b0e-4160-bee3-118ddd8c6904,2026-07-17T01:30:00Z,2026-07-17T03:30:00+0200,1214.178,MW,DE,DE_LU,actual_offshore_wind_generation,Wind Offshore,2026-08-01T08:46:56Z
2026-08-01T08:44:53Z,2026-08-01T10:44:53+0200,ec999b8f-4b0e-4160-bee3-118ddd8c6904,2026-07-17T01:45:00Z,2026-07-17T03:45:00+0200,1150.291,MW,DE,DE_LU,actual_offshore_wind_generation,Wind Offshore,2026-08-01T08:46:56Z
2026-08-01T08:44:53Z,2026-08-01T10:44:53+0200,ec999b8f-4b0e-4160-bee3-118ddd8c6904,2026-07-17T02:00:00Z,2026-07-17T04:00:00+0200,1101.951,MW,DE,DE_LU,actual_offshore_wind_generation,Wind Offshore,2026-08-01T08:46:56Z
2026-08-01T08:44:53Z,2026-08-01T10:44:53+0200,ec999b8f-4b0e-4160-bee3-118ddd8c6904,2026-07-17T02:15:00Z,2026-07-17T04:15:00+0200,1066.143,MW,DE,DE_LU,actual_offshore_wind_generation,Wind Offshore,2026-08-01T08:46:56Z
2026-08-01T08:44:53Z,2026-08-01T10:44:53+0200,ec999b8f-4b0e-4160-bee3-118ddd8c6904,2026-07-17T02:30:00Z,2026-07-17T04:30:00+0200,1026.792,MW,DE,DE_LU,actual_offshore_wind_generation,Wind Offshore,2026-08-01T08:46:56Z
2026-08-01T08:44:53Z,2026-08-01T10:44:53+0200,ec999b8f-4b0e-4160-bee3-118ddd8c6904,2026-07-17T02:45:00Z,2026-07-17T04:45:00+0200,1004.862,MW,DE,DE_LU,actual_offshore_wind_generation,Wind Offshore,2026-08-01T08:46:56Z
2026-08-01T08:44:53Z,2026-08-01T10:44:53+0200,ec999b8f-4b0e-4160-bee3-118ddd8c6904,2026-07-17T03:00:00Z,2026-07-17T05:00:00+0200,941.776,MW,DE,DE_LU,actual_offshore_wind_generation,Wind Offshore,2026-08-01T08:46:56Z
2026-08-01T08:44:53Z,2026-08-01T10:44:53+0200,ec999b8f-4b0e-4160-bee3-118ddd8c6904,2026-07-17T03:15:00Z,2026-07-17T05:15:00+0200,889.184,MW,DE,DE_LU,actual_offshore_wind_generation,Wind Offshore,2026-08-01T08:46:56Z
2026-08-01T08:44:53Z,2026-08-01T10:44:53+0200,ec999b8f-4b0e-4160-bee3-118ddd8c6904,2026-07-17T03:30:00Z,2026-07-17T05:30:00+0200,741.46,MW,DE,DE_LU,actual_offshore_wind_generation,Wind Offshore,2026-08-01T08:46:56Z
2026-08-01T08:44:53Z,2026-08-01T10:44:53+0200,ec999b8f-4b0e-4160-bee3-118ddd8c6904,2026-07-17T03:45:00Z,2026-07-17T05:45:00+0200,632.965,MW,DE,DE_LU,actual_offshore_wind_generation,Wind Offshore,2026-08-01T08:46:56Z
2026-08-01T08:44:53Z,2026-08-01T10:44:53+0200,ec999b8f-4b0e-4160-bee3-118ddd8c6904,2026-07-17T04:00:00Z,2026-07-17T06:00:00+0200,675.409,MW,DE,DE_LU,actual_offshore_wind_generation,Wind Offshore,2026-08-01T08:46:56Z
2026-08-01T08:44:53Z,2026-08-01T10:44:53+0200,ec999b8f-4b0e-4160-bee3-118ddd8c6904,2026-07-17T04:15:00Z,2026-07-17T06:15:00+0200,682.137,MW,DE,DE_LU,actual_offshore_wind_generation,Wind Offshore,2026-08-01T08:46:56Z
2026-08-01T08:44:53Z,2026-08-01T10:44:53+0200,ec999b8f-4b0e-4160-bee3-118ddd8c6904,2026-07-17T04:30:00Z,2026-07-17T06:30:00+0200,733.526,MW,DE,DE_LU,actual_offshore_wind_generation,Wind Offshore,2026-08-01T08:46:56Z
2026-08-01T08:44:53Z,2026-08-01T10:44:53+0200,ec999b8f-4b0e-4160-bee3-118ddd8c6904,2026-07-17T04:45:00Z,2026-07-17T06:45:00+0200,675.888,MW,DE,DE_LU,actual_offshore_wind_generation,Wind Offshore,2026-08-01T08:46:56Z
2026-08-01T08:44:53Z,2026-08-01T10:44:53+0200,ec999b8f-4b0e-4160-bee3-118ddd8c6904,2026-07-17T05:00:00Z,2026-07-17T07:00:00+0200,544.541,MW,DE,DE_LU,actual_offshore_wind_generation,Wind Offshore,2026-08-01T08:46:56Z
2026-08-01T08:44:53Z,2026-08-01T10:44:53+0200,ec999b8f-4b0e-4160-bee3-118ddd8c6904,2026-07-17T05:15:00Z,2026-07-17T07:15:00+0200,491.456,MW,DE,DE_LU,actual_offshore_wind_generation,Wind Offshore,2026-08-01T08:46:56Z
2026-08-01T08:44:53Z,2026-08-01T10:44:53+0200,ec999b8f-4b0e-4160-bee3-118ddd8c6904,2026-07-17T05:30:00Z,2026-07-17T07:30:00+0200,514.671,MW,DE,DE_LU,actual_offshore_wind_generation,Wind Offshore,2026-08-01T08:46:56Z
2026-08-01T08:44:53Z,2026-08-01T10:44:53+0200,ec999b8f-4b0e-4160-bee3-118ddd8c6904,2026-07-17T05:45:00Z,2026-07-17T07:45:00+0200,499.921,MW,DE,DE_LU,actual_offshore_wind_generation,Wind Offshore,2026-08-01T08:46:56Z
2026-08-01T08:44:53Z,2026-08-01T10:44:53+0200,ec999b8f-4b0e-4160-bee3-118ddd8c6904,2026-07-17T06:00:00Z,2026-07-17T08:00:00+0200,454.199,MW,DE,DE_LU,actual_offshore_wind_generation,Wind Offshore,2026-08-01T08:46:56Z
2026-08-01T08:44:53Z,2026-08-01T10:44:53+0200,ec999b8f-4b0e-4160-bee3-118ddd8c6904,2026-07-17T06:15:00Z,2026-07-17T08:15:00+0200,418.727,MW,DE,DE_LU,actual_offshore_wind_generation,Wind Offshore,2026-08-01T08:46:56Z
2026-08-01T08:44:53Z,2026-08-01T10:44:53+0200,ec999b8f-4b0e-4160-bee3-118ddd8c6904,2026-07-17T06:30:00Z,2026-07-17T08:30:00+0200,383.744,MW,DE,DE_LU,actual_offshore_wind_generation,Wind Offshore,2026-08-01T08:46:56Z
2026-08-01T08:44:53Z,2026-08-01T10:44:53+0200,ec999b8f-4b0e-4160-bee3-118ddd8c6904,2026-07-17T06:45:00Z,2026-07-17T08:45:00+0200,318.068,MW,DE,DE_LU,actual_offshore_wind_generation,Wind Offshore,2026-08-01T08:46:56Z
2026-08-01T08:44:53Z,2026-08-01T10:44:53+0200,ec999b8f-4b0e-4160-bee3-118ddd8c6904,2026-07-17T07:00:00Z,2026-07-17T09:00:00+0200,236.42,MW,DE,DE_LU,actual_offshore_wind_generation,Wind Offshore,2026-08-01T08:46:56Z
2026-08-01T08:44:53Z,2026-08-01T10:44:53+0200,ec999b8f-4b0e-4160-bee3-118ddd8c6904,2026-07-17T07:15:00Z,2026-07-17T09:15:00+0200,162.617,MW,DE,DE_LU,actual_offshore_wind_generation,Wind Offshore,2026-08-01T08:46:56Z
2026-08-01T08:44:53Z,2026-08-01T10:44:53+0200,ec999b8f-4b0e-4160-bee3-118ddd8c6904,2026-07-17T07:30:00Z,2026-07-17T09:30:00+0200,146.258,MW,DE,DE_LU,actual_offshore_wind_generation,Wind Offshore,2026-08-01T08:46:56Z
2026-08-01T08:44:53Z,2026-08-01T10:44:53+0200,ec999b8f-4b0e-4160-bee3-118ddd8c6904,2026-07-17T07:45:00Z,2026-07-17T09:45:00+0200,120.304,MW,DE,DE_LU,actual_offshore_wind_generation,Wind Offshore,2026-08-01T08:46:56Z
2026-08-01T08:44:53Z,2026-08-01T10:44:53+0200,ec999b8f-4b0e-4160-bee3-118ddd8c6904,2026-07-17T08:00:00Z,2026-07-17T10:00:00+0200,125.098,MW,DE,DE_LU,actual_offshore_wind_generation,Wind Offshore,2026-08-01T08:46:56Z
2026-08-01T08:44:53Z,2026-08-01T10:44:53+0200,ec999b8f-4b0e-4160-bee3-118ddd8c6904,2026-07-17T08:15:00Z,2026-07-17T10:15:00+0200,126.257,MW,DE,DE_LU,actual_offshore_wind_generation,Wind Offshore,2026-08-01T08:46:56Z
2026-08-01T08:44:53Z,2026-08-01T10:44:53+0200,ec999b8f-4b0e-4160-bee3-118ddd8c6904,2026-07-17T08:30:00Z,2026-07-17T10:30:00+0200,127.739,MW,DE,DE_LU,actual_offshore_wind_generation,Wind Offshore,2026-08-01T08:46:56Z
2026-08-01T08:44:53Z,2026-08-01T10:44:53+0200,ec999b8f-4b0e-4160-bee3-118ddd8c6904,2026-07-17T08:45:00Z,2026-07-17T10:45:00+0200,156.602,MW,DE,DE_LU,actual_offshore_wind_generation,Wind Offshore,2026-08-01T08:46:56Z
2026-08-01T08:44:53Z,2026-08-01T10:44:53+0200,ec999b8f-4b0e-4160-bee3-118ddd8c6904,2026-07-17T09:00:00Z,2026-07-17T11:00:00+0200,179.377,MW,DE,DE_LU,actual_offshore_wind_generation,Wind Offshore,2026-08-01T08:46:56Z
2026-08-01T08:44:53Z,2026-08-01T10:44:53+0200,ec999b8f-4b0e-4160-bee3-118ddd8c6904,2026-07-17T09:15:00Z,2026-07-17T11:15:00+0200,182.899,MW,DE,DE_LU,actual_offshore_wind_generation,Wind Offshore,2026-08-01T08:46:56Z
2026-08-01T08:44:53Z,2026-08-01T10:44:53+0200,ec999b8f-4b0e-4160-bee3-118ddd8c6904,2026-07-17T09:30:00Z,2026-07-17T11:30:00+0200,243.208,MW,DE,DE_LU,actual_offshore_wind_generation,Wind Offshore,2026-08-01T08:46:56Z
2026-08-01T08:44:53Z,2026-08-01T10:44:53+0200,ec999b8f-4b0e-4160-bee3-118ddd8c6904,2026-07-17T09:45:00Z,2026-07-17T11:45:00+0200,326.66,MW,DE,DE_LU,actual_offshore_wind_generation,Wind Offshore,2026-08-01T08:46:56Z
2026-08-01T08:44:53Z,2026-08-01T10:44:53+0200,ec999b8f-4b0e-4160-bee3-118ddd8c6904,2026-07-17T10:00:00Z,2026-07-17T12:00:00+0200,384.681,MW,DE,DE_LU,actual_offshore_wind_generation,Wind Offshore,2026-08-01T08:46:56Z
2026-08-01T08:44:53Z,2026-08-01T10:44:53+0200,ec999b8f-4b0e-4160-bee3-118ddd8c6904,2026-07-17T10:15:00Z,2026-07-17T12:15:00+0200,402.183,MW,DE,DE_LU,actual_offshore_wind_generation,Wind Offshore,2026-08-01T08:46:56Z
2026-08-01T08:44:53Z,2026-08-01T10:44:53+0200,ec999b8f-4b0e-4160-bee3-118ddd8c6904,2026-07-17T10:30:00Z,2026-07-17T12:30:00+0200,396.259,MW,DE,DE_LU,actual_offshore_wind_generation,Wind Offshore,2026-08-01T08:46:56Z
2026-08-01T08:44:53Z,2026-08-01T10:44:53+0200,ec999b8f-4b0e-4160-bee3-118ddd8c6904,2026-07-17T10:45:00Z,2026-07-17T12:45:00+0200,422.384,MW,DE,DE_LU,actual_offshore_wind_generation,Wind Offshore,2026-08-01T08:46:56Z
2026-08-01T08:44:53Z,2026-08-01T10:44:53+0200,ec999b8f-4b0e-4160-bee3-118ddd8c6904,2026-07-17T11:00:00Z,2026-07-17T13:00:00+0200,407.606,MW,DE,DE_LU,actual_offshore_wind_generation,Wind Offshore,2026-08-01T08:46:56Z
2026-08-01T08:44:53Z,2026-08-01T10:44:53+0200,ec999b8f-4b0e-4160-bee3-118ddd8c6904,2026-07-17T11:15:00Z,2026-07-17T13:15:00+0200,385.108,MW,DE,DE_LU,actual_offshore_wind_generation,Wind Offshore,2026-08-01T08:46:56Z
2026-08-01T08:44:53Z,2026-08-01T10:44:53+0200,ec999b8f-4b0e-4160-bee3-118ddd8c6904,2026-07-17T11:30:00Z,2026-07-17T13:30:00+0200,384.206,MW,DE,DE_LU,actual_offshore_wind_generation,Wind Offshore,2026-08-01T08:46:56Z
2026-08-01T08:44:53Z,2026-08-01T10:44:53+0200,ec999b8f-4b0e-4160-bee3-118ddd8c6904,2026-07-17T11:45:00Z,2026-07-17T13:45:00+0200,359.973,MW,DE,DE_LU,actual_offshore_wind_generation,Wind Offshore,2026-08-01T08:46:56Z
2026-08-01T08:44:53Z,2026-08-01T10:44:53+0200,ec999b8f-4b0e-4160-bee3-118ddd8c6904,2026-07-17T12:00:00Z,2026-07-17T14:00:00+0200,349.686,MW,DE,DE_LU,actual_offshore_wind_generation,Wind Offshore,2026-08-01T08:46:56Z
2026-08-01T08:44:53Z,2026-08-01T10:44:53+0200,ec999b8f-4b0e-4160-bee3-118ddd8c6904,2026-07-17T12:15:00Z,2026-07-17T14:15:00+0200,330.814,MW,DE,DE_LU,actual_offshore_wind_generation,Wind Offshore,2026-08-01T08:46:56Z
2026-08-01T08:44:53Z,2026-08-01T10:44:53+0200,ec999b8f-4b0e-4160-bee3-118ddd8c6904,2026-07-17T12:30:00Z,2026-07-17T14:30:00+0200,358.785,MW,DE,DE_LU,actual_offshore_wind_generation,Wind Offshore,2026-08-01T08:46:56Z
2026-08-01T08:44:53Z,2026-08-01T10:44:53+0200,ec999b8f-4b0e-4160-bee3-118ddd8c6904,2026-07-17T12:45:00Z,2026-07-17T14:45:00+0200,440.447,MW,DE,DE_LU,actual_offshore_wind_generation,Wind Offshore,2026-08-01T08:46:56Z
2026-08-01T08:44:53Z,2026-08-01T10:44:53+0200,ec999b8f-4b0e-4160-bee3-118ddd8c6904,2026-07-17T13:00:00Z,2026-07-17T15:00:00+0200,559.097,MW,DE,DE_LU,actual_offshore_wind_generation,Wind Offshore,2026-08-01T08:46:56Z
2026-08-01T08:44:53Z,2026-08-01T10:44:53+0200,ec999b8f-4b0e-4160-bee3-118ddd8c6904,2026-07-17T13:15:00Z,2026-07-17T15:15:00+0200,663.747,MW,DE,DE_LU,actual_offshore_wind_generation,Wind Offshore,2026-08-01T08:46:56Z
2026-08-01T08:44:53Z,2026-08-01T10:44:53+0200,ec999b8f-4b0e-4160-bee3-118ddd8c6904,2026-07-17T13:30:00Z,2026-07-17T15:30:00+0200,767.157,MW,DE,DE_LU,actual_offshore_wind_generation,Wind Offshore,2026-08-01T08:46:56Z
2026-08-01T08:44:53Z,2026-08-01T10:44:53+0200,ec999b8f-4b0e-4160-bee3-118ddd8c6904,2026-07-17T13:45:00Z,2026-07-17T15:45:00+0200,822.049,MW,DE,DE_LU,actual_offshore_wind_generation,Wind Offshore,2026-08-01T08:46:56Z
2026-08-01T08:44:53Z,2026-08-01T10:44:53+0200,ec999b8f-4b0e-4160-bee3-118ddd8c6904,2026-07-17T14:00:00Z,2026-07-17T16:00:00+0200,871.696,MW,DE,DE_LU,actual_offshore_wind_generation,Wind Offshore,2026-08-01T08:46:56Z
2026-08-01T08:44:53Z,2026-08-01T10:44:53+0200,ec999b8f-4b0e-4160-bee3-118ddd8c6904,2026-07-17T14:15:00Z,2026-07-17T16:15:00+0200,899.704,MW,DE,DE_LU,actual_offshore_wind_generation,Wind Offshore,2026-08-01T08:46:56Z
2026-08-01T08:44:53Z,2026-08-01T10:44:53+0200,ec999b8f-4b0e-4160-bee3-118ddd8c6904,2026-07-17T14:30:00Z,2026-07-17T16:30:00+0200,827.94,MW,DE,DE_LU,actual_offshore_wind_generation,Wind Offshore,2026-08-01T08:46:56Z
2026-08-01T08:44:53Z,2026-08-01T10:44:53+0200,ec999b8f-4b0e-4160-bee3-118ddd8c6904,2026-07-17T14:45:00Z,2026-07-17T16:45:00+0200,852.871,MW,DE,DE_LU,actual_offshore_wind_generation,Wind Offshore,2026-08-01T08:46:56Z
2026-08-01T08:44:53Z,2026-08-01T10:44:53+0200,ec999b8f-4b0e-4160-bee3-118ddd8c6904,2026-07-17T15:00:00Z,2026-07-17T17:00:00+0200,924.923,MW,DE,DE_LU,actual_offshore_wind_generation,Wind Offshore,2026-08-01T08:46:56Z
2026-08-01T08:44:53Z,2026-08-01T10:44:53+0200,ec999b8f-4b0e-4160-bee3-118ddd8c6904,2026-07-17T15:15:00Z,2026-07-17T17:15:00+0200,950.625,MW,DE,DE_LU,actual_offshore_wind_generation,Wind Offshore,2026-08-01T08:46:56Z
2026-08-01T08:44:53Z,2026-08-01T10:44:53+0200,ec999b8f-4b0e-4160-bee3-118ddd8c6904,2026-07-17T15:30:00Z,2026-07-17T17:30:00+0200,998.922,MW,DE,DE_LU,actual_offshore_wind_generation,Wind Offshore,2026-08-01T08:46:56Z
2026-08-01T08:44:53Z,2026-08-01T10:44:53+0200,ec999b8f-4b0e-4160-bee3-118ddd8c6904,2026-07-17T15:45:00Z,2026-07-17T17:45:00+0200,1014.052,MW,DE,DE_LU,actual_offshore_wind_generation,Wind Offshore,2026-08-01T08:46:56Z
2026-08-01T08:44:53Z,2026-08-01T10:44:53+0200,ec999b8f-4b0e-4160-bee3-118ddd8c6904,2026-07-17T16:00:00Z,2026-07-17T18:00:00+0200,1022.339,MW,DE,DE_LU,actual_offshore_wind_generation,Wind Offshore,2026-08-01T08:46:56Z
2026-08-01T08:44:53Z,2026-08-01T10:44:53+0200,ec999b8f-4b0e-4160-bee3-118ddd8c6904,2026-07-17T16:15:00Z,2026-07-17T18:15:00+0200,1116.596,MW,DE,DE_LU,actual_offshore_wind_generation,Wind Offshore,2026-08-01T08:46:56Z
2026-08-01T08:44:53Z,2026-08-01T10:44:53+0200,ec999b8f-4b0e-4160-bee3-118ddd8c6904,2026-07-17T16:30:00Z,2026-07-17T18:30:00+0200,1308.424,MW,DE,DE_LU,actual_offshore_wind_generation,Wind Offshore,2026-08-01T08:46:56Z
2026-08-01T08:44:53Z,2026-08-01T10:44:53+0200,ec999b8f-4b0e-4160-bee3-118ddd8c6904,2026-07-17T16:45:00Z,2026-07-17T18:45:00+0200,1543.517,MW,DE,DE_LU,actual_offshore_wind_generation,Wind Offshore,2026-08-01T08:46:56Z
2026-08-01T08:44:53Z,2026-08-01T10:44:53+0200,ec999b8f-4b0e-4160-bee3-118ddd8c6904,2026-07-17T17:00:00Z,2026-07-17T19:00:00+0200,1889.122,MW,DE,DE_LU,actual_offshore_wind_generation,Wind Offshore,2026-08-01T08:46:56Z
2026-08-01T08:44:53Z,2026-08-01T10:44:53+0200,ec999b8f-4b0e-4160-bee3-118ddd8c6904,2026-07-17T17:15:00Z,2026-07-17T19:15:00+0200,2065.567,MW,DE,DE_LU,actual_offshore_wind_generation,Wind Offshore,2026-08-01T08:46:56Z
2026-08-01T08:44:53Z,2026-08-01T10:44:53+0200,ec999b8f-4b0e-4160-bee3-118ddd8c6904,2026-07-17T17:30:00Z,2026-07-17T19:30:00+0200,2150.9,MW,DE,DE_LU,actual_offshore_wind_generation,Wind Offshore,2026-08-01T08:46:56Z
2026-08-01T08:44:53Z,2026-08-01T10:44:53+0200,ec999b8f-4b0e-4160-bee3-118ddd8c6904,2026-07-17T17:45:00Z,2026-07-17T19:45:00+0200,2287.098,MW,DE,DE_LU,actual_offshore_wind_generation,Wind Offshore,2026-08-01T08:46:56Z
2026-08-01T08:44:53Z,2026-08-01T10:44:53+0200,ec999b8f-4b0e-4160-bee3-118ddd8c6904,2026-07-17T18:00:00Z,2026-07-17T20:00:00+0200,2271.746,MW,DE,DE_LU,actual_offshore_wind_generation,Wind Offshore,2026-08-01T08:46:56Z
2026-08-01T08:44:53Z,2026-08-01T10:44:53+0200,ec999b8f-4b0e-4160-bee3-118ddd8c6904,2026-07-17T18:15:00Z,2026-07-17T20:15:00+0200,2386.355,MW,DE,DE_LU,actual_offshore_wind_generation,Wind Offshore,2026-08-01T08:46:56Z
2026-08-01T08:44:53Z,2026-08-01T10:44:53+0200,ec999b8f-4b0e-4160-bee3-118ddd8c6904,2026-07-17T18:30:00Z,2026-07-17T20:30:00+0200,2539.744,MW,DE,DE_LU,actual_offshore_wind_generation,Wind Offshore,2026-08-01T08:46:56Z
2026-08-01T08:44:53Z,2026-08-01T10:44:53+0200,ec999b8f-4b0e-4160-bee3-118ddd8c6904,2026-07-17T18:45:00Z,2026-07-17T20:45:00+0200,2761.747,MW,DE,DE_LU,actual_offshore_wind_generation,Wind Offshore,2026-08-01T08:46:56Z
2026-08-01T08:44:53Z,2026-08-01T10:44:53+0200,ec999b8f-4b0e-4160-bee3-118ddd8c6904,2026-07-17T19:00:00Z,2026-07-17T21:00:00+0200,2866.352,MW,DE,DE_LU,actual_offshore_wind_generation,Wind Offshore,2026-08-01T08:46:56Z
2026-08-01T08:44:53Z,2026-08-01T10:44:53+0200,ec999b8f-4b0e-4160-bee3-118ddd8c6904,2026-07-17T19:15:00Z,2026-07-17T21:15:00+0200,2880.356,MW,DE,DE_LU,actual_offshore_wind_generation,Wind Offshore,2026-08-01T08:46:56Z
2026-08-01T08:44:53Z,2026-08-01T10:44:53+0200,ec999b8f-4b0e-4160-bee3-118ddd8c6904,2026-07-17T19:30:00Z,2026-07-17T21:30:00+0200,3033.978,MW,DE,DE_LU,actual_offshore_wind_generation,Wind Offshore,2026-08-01T08:46:56Z
2026-08-01T08:44:53Z,2026-08-01T10:44:53+0200,ec999b8f-4b0e-4160-bee3-118ddd8c6904,2026-07-17T19:45:00Z,2026-07-17T21:45:00+0200,3080.824,MW,DE,DE_LU,actual_offshore_wind_generation,Wind Offshore,2026-08-01T08:46:56Z
2026-08-01T08:44:53Z,2026-08-01T10:44:53+0200,ec999b8f-4b0e-4160-bee3-118ddd8c6904,2026-07-17T20:00:00Z,2026-07-17T22:00:00+0200,3139.959,MW,DE,DE_LU,actual_offshore_wind_generation,Wind Offshore,2026-08-01T08:46:56Z
2026-08-01T08:44:53Z,2026-08-01T10:44:53+0200,ec999b8f-4b0e-4160-bee3-118ddd8c6904,2026-07-17T20:15:00Z,2026-07-17T22:15:00+0200,3235.882,MW,DE,DE_LU,actual_offshore_wind_generation,Wind Offshore,2026-08-01T08:46:56Z
2026-08-01T08:44:53Z,2026-08-01T10:44:53+0200,ec999b8f-4b0e-4160-bee3-118ddd8c6904,2026-07-17T20:30:00Z,2026-07-17T22:30:00+0200,3553.993,MW,DE,DE_LU,actual_offshore_wind_generation,Wind Offshore,2026-08-01T08:46:56Z
2026-08-01T08:44:53Z,2026-08-01T10:44:53+0200,ec999b8f-4b0e-4160-bee3-118ddd8c6904,2026-07-17T20:45:00Z,2026-07-17T22:45:00+0200,3917.368,MW,DE,DE_LU,actual_offshore_wind_generation,Wind Offshore,2026-08-01T08:46:56Z
2026-08-01T08:44:53Z,2026-08-01T10:44:53+0200,ec999b8f-4b0e-4160-bee3-118ddd8c6904,2026-07-17T21:00:00Z,2026-07-17T23:00:00+0200,4001.11,MW,DE,DE_LU,actual_offshore_wind_generation,Wind Offshore,2026-08-01T08:46:56Z
2026-08-01T08:44:53Z,2026-08-01T10:44:53+0200,ec999b8f-4b0e-4160-bee3-118ddd8c6904,2026-07-17T21:15:00Z,2026-07-17T23:15:00+0200,4121.864,MW,DE,DE_LU,actual_offshore_wind_generation,Wind Offshore,2026-08-01T08:46:56Z
2026-08-01T08:44:53Z,2026-08-01T10:44:53+0200,ec999b8f-4b0e-4160-bee3-118ddd8c6904,2026-07-17T21:30:00Z,2026-07-17T23:30:00+0200,4111.094,MW,DE,DE_LU,actual_offshore_wind_generation,Wind Offshore,2026-08-01T08:46:56Z
2026-08-01T08:44:53Z,2026-08-01T10:44:53+0200,ec999b8f-4b0e-4160-bee3-118ddd8c6904,2026-07-17T21:45:00Z,2026-07-17T23:45:00+0200,4131.239,MW,DE,DE_LU,actual_offshore_wind_generation,Wind Offshore,2026-08-01T08:46:56Z
2026-08-01T08:44:53Z,2026-08-01T10:44:53+0200,ec999b8f-4b0e-4160-bee3-118ddd8c6904,2026-07-17T22:00:00Z,2026-07-18T00:00:00+0200,4235.87,MW,DE,DE_LU,actual_offshore_wind_generation,Wind Offshore,2026-08-01T08:46:56Z
2026-08-01T08:44:53Z,2026-08-01T10:44:53+0200,ec999b8f-4b0e-4160-bee3-118ddd8c6904,2026-07-17T22:15:00Z,2026-07-18T00:15:00+0200,4275.558,MW,DE,DE_LU,actual_offshore_wind_generation,Wind Offshore,2026-08-01T08:46:56Z
2026-08-01T08:44:53Z,2026-08-01T10:44:53+0200,ec999b8f-4b0e-4160-bee3-118ddd8c6904,2026-07-17T22:30:00Z,2026-07-18T00:30:00+0200,4368.54,MW,DE,DE_LU,actual_offshore_wind_generation,Wind Offshore,2026-08-01T08:46:56Z
2026-08-01T08:44:53Z,2026-08-01T10:44:53+0200,ec999b8f-4b0e-4160-bee3-118ddd8c6904,2026-07-17T22:45:00Z,2026-07-18T00:45:00+0200,4389.599,MW,DE,DE_LU,actual_offshore_wind_generation,Wind Offshore,2026-08-01T08:46:56Z
2026-08-01T08:44:53Z,2026-08-01T10:44:53+0200,ec999b8f-4b0e-4160-bee3-118ddd8c6904,2026-07-17T23:00:00Z,2026-07-18T01:00:00+0200,4515.404,MW,DE,DE_LU,actual_offshore_wind_generation,Wind Offshore,2026-08-01T08:46:56Z
2026-08-01T08:44:53Z,2026-08-01T10:44:53+0200,ec999b8f-4b0e-4160-bee3-118ddd8c6904,2026-07-17T23:15:00Z,2026-07-18T01:15:00+0200,4598.553,MW,DE,DE_LU,actual_offshore_wind_generation,Wind Offshore,2026-08-01T08:46:56Z
2026-08-01T08:44:53Z,2026-08-01T10:44:53+0200,ec999b8f-4b0e-4160-bee3-118ddd8c6904,2026-07-17T23:30:00Z,2026-07-18T01:30:00+0200,4659.394,MW,DE,DE_LU,actual_offshore_wind_generation,Wind Offshore,2026-08-01T08:46:56Z
2026-08-01T08:44:53Z,2026-08-01T10:44:53+0200,ec999b8f-4b0e-4160-bee3-118ddd8c6904,2026-07-17T23:45:00Z,2026-07-18T01:45:00+0200,4694.251,MW,DE,DE_LU,actual_offshore_wind_generation,Wind Offshore,2026-08-01T08:46:56Z
2026-08-01T08:44:53Z,2026-08-01T10:44:53+0200,ec999b8f-4b0e-4160-bee3-118ddd8c6904,2026-07-18T00:00:00Z,2026-07-18T02:00:00+0200,4626.394,MW,DE,DE_LU,actual_offshore_wind_generation,Wind Offshore,2026-08-01T08:46:56Z
2026-08-01T08:44:53Z,2026-08-01T10:44:53+0200,ec999b8f-4b0e-4160-bee3-118ddd8c6904,2026-07-18T00:15:00Z,2026-07-18T02:15:00+0200,4489.181,MW,DE,DE_LU,actual_offshore_wind_generation,Wind Offshore,2026-08-01T08:46:56Z
2026-08-01T08:44:53Z,2026-08-01T10:44:53+0200,ec999b8f-4b0e-4160-bee3-118ddd8c6904,2026-07-18T00:30:00Z,2026-07-18T02:30:00+0200,4723.22,MW,DE,DE_LU,actual_offshore_wind_generation,Wind Offshore,2026-08-01T08:46:56Z
2026-08-01T08:44:53Z,2026-08-01T10:44:53+0200,ec999b8f-4b0e-4160-bee3-118ddd8c6904,2026-07-18T00:45:00Z,2026-07-18T02:45:00+0200,4911.837,MW,DE,DE_LU,actual_offshore_wind_generation,Wind Offshore,2026-08-01T08:46:56Z
2026-08-01T08:44:53Z,2026-08-01T10:44:53+0200,ec999b8f-4b0e-4160-bee3-118ddd8c6904,2026-07-18T01:00:00Z,2026-07-18T03:00:00+0200,5073.404,MW,DE,DE_LU,actual_offshore_wind_generation,Wind Offshore,2026-08-01T08:46:56Z
2026-08-01T08:44:53Z,2026-08-01T10:44:53+0200,ec999b8f-4b0e-4160-bee3-118ddd8c6904,2026-07-18T01:15:00Z,2026-07-18T03:15:00+0200,5364.219,MW,DE,DE_LU,actual_offshore_wind_generation,Wind Offshore,2026-08-01T08:46:56Z
2026-08-01T08:44:53Z,2026-08-01T10:44:53+0200,ec999b8f-4b0e-4160-bee3-118ddd8c6904,2026-07-18T01:30:00Z,2026-07-18T03:30:00+0200,5486.831,MW,DE,DE_LU,actual_offshore_wind_generation,Wind Offshore,2026-08-01T08:46:56Z
2026-08-01T08:44:53Z,2026-08-01T10:44:53+0200,ec999b8f-4b0e-4160-bee3-118ddd8c6904,2026-07-18T01:45:00Z,2026-07-18T03:45:00+0200,5600.956,MW,DE,DE_LU,actual_offshore_wind_generation,Wind Offshore,2026-08-01T08:46:56Z
2026-08-01T08:44:53Z,2026-08-01T10:44:53+0200,ec999b8f-4b0e-4160-bee3-118ddd8c6904,2026-07-18T02:00:00Z,2026-07-18T04:00:00+0200,5783.503,MW,DE,DE_LU,actual_offshore_wind_generation,Wind Offshore,2026-08-01T08:46:56Z
2026-08-01T08:44:53Z,2026-08-01T10:44:53+0200,ec999b8f-4b0e-4160-bee3-118ddd8c6904,2026-07-18T02:15:00Z,2026-07-18T04:15:00+0200,6075.927,MW,DE,DE_LU,actual_offshore_wind_generation,Wind Offshore,2026-08-01T08:46:56Z
2026-08-01T08:44:53Z,2026-08-01T10:44:53+0200,ec999b8f-4b0e-4160-bee3-118ddd8c6904,2026-07-18T02:30:00Z,2026-07-18T04:30:00+0200,6215.098,MW,DE,DE_LU,actual_offshore_wind_generation,Wind Offshore,2026-08-01T08:46:56Z
2026-08-01T08:44:53Z,2026-08-01T10:44:53+0200,ec999b8f-4b0e-4160-bee3-118ddd8c6904,2026-07-18T02:45:00Z,2026-07-18T04:45:00+0200,6518.587,MW,DE,DE_LU,actual_offshore_wind_generation,Wind Offshore,2026-08-01T08:46:56Z
2026-08-01T08:44:53Z,2026-08-01T10:44:53+0200,ec999b8f-4b0e-4160-bee3-118ddd8c6904,2026-07-18T03:00:00Z,2026-07-18T05:00:00+0200,6779.285,MW,DE,DE_LU,actual_offshore_wind_generation,Wind Offshore,2026-08-01T08:46:56Z
2026-08-01T08:44:53Z,2026-08-01T10:44:53+0200,ec999b8f-4b0e-4160-bee3-118ddd8c6904,2026-07-18T03:15:00Z,2026-07-18T05:15:00+0200,6985.205,MW,DE,DE_LU,actual_offshore_wind_generation,Wind Offshore,2026-08-01T08:46:56Z
2026-08-01T08:44:53Z,2026-08-01T10:44:53+0200,ec999b8f-4b0e-4160-bee3-118ddd8c6904,2026-07-18T03:30:00Z,2026-07-18T05:30:00+0200,7089.635,MW,DE,DE_LU,actual_offshore_wind_generation,Wind Offshore,2026-08-01T08:46:56Z
2026-08-01T08:44:53Z,2026-08-01T10:44:53+0200,ec999b8f-4b0e-4160-bee3-118ddd8c6904,2026-07-18T03:45:00Z,2026-07-18T05:45:00+0200,7090.424,MW,DE,DE_LU,actual_offshore_wind_generation,Wind Offshore,2026-08-01T08:46:56Z
2026-08-01T08:44:53Z,2026-08-01T10:44:53+0200,ec999b8f-4b0e-4160-bee3-118ddd8c6904,2026-07-18T04:00:00Z,2026-07-18T06:00:00+0200,6738.971,MW,DE,DE_LU,actual_offshore_wind_generation,Wind Offshore,2026-08-01T08:46:56Z
2026-08-01T08:44:53Z,2026-08-01T10:44:53+0200,ec999b8f-4b0e-4160-bee3-118ddd8c6904,2026-07-18T04:15:00Z,2026-07-18T06:15:00+0200,6658.078,MW,DE,DE_LU,actual_offshore_wind_generation,Wind Offshore,2026-08-01T08:46:56Z
2026-08-01T08:44:53Z,2026-08-01T10:44:53+0200,ec999b8f-4b0e-4160-bee3-118ddd8c6904,2026-07-18T04:30:00Z,2026-07-18T06:30:00+0200,6416.947,MW,DE,DE_LU,actual_offshore_wind_generation,Wind Offshore,2026-08-01T08:46:56Z
2026-08-01T08:44:53Z,2026-08-01T10:44:53+0200,ec999b8f-4b0e-4160-bee3-118ddd8c6904,2026-07-18T04:45:00Z,2026-07-18T06:45:00+0200,6258.121,MW,DE,DE_LU,actual_offshore_wind_generation,Wind Offshore,2026-08-01T08:46:56Z
2026-08-01T08:44:53Z,2026-08-01T10:44:53+0200,ec999b8f-4b0e-4160-bee3-118ddd8c6904,2026-07-18T05:00:00Z,2026-07-18T07:00:00+0200,6440.8,MW,DE,DE_LU,actual_offshore_wind_generation,Wind Offshore,2026-08-01T08:46:56Z
2026-08-01T08:44:53Z,2026-08-01T10:44:53+0200,ec999b8f-4b0e-4160-bee3-118ddd8c6904,2026-07-18T05:15:00Z,2026-07-18T07:15:00+0200,6526.896,MW,DE,DE_LU,actual_offshore_wind_generation,Wind Offshore,2026-08-01T08:46:56Z
2026-08-01T08:44:53Z,2026-08-01T10:44:53+0200,ec999b8f-4b0e-4160-bee3-118ddd8c6904,2026-07-18T05:30:00Z,2026-07-18T07:30:00+0200,6440.462,MW,DE,DE_LU,actual_offshore_wind_generation,Wind Offshore,2026-08-01T08:46:56Z
2026-08-01T08:44:53Z,2026-08-01T10:44:53+0200,ec999b8f-4b0e-4160-bee3-118ddd8c6904,2026-07-18T05:45:00Z,2026-07-18T07:45:00+0200,6076.359,MW,DE,DE_LU,actual_offshore_wind_generation,Wind Offshore,2026-08-01T08:46:56Z
2026-08-01T08:44:53Z,2026-08-01T10:44:53+0200,ec999b8f-4b0e-4160-bee3-118ddd8c6904,2026-07-18T06:00:00Z,2026-07-18T08:00:00+0200,6132.77,MW,DE,DE_LU,actual_offshore_wind_generation,Wind Offshore,2026-08-01T08:46:56Z
2026-08-01T08:44:53Z,2026-08-01T10:44:53+0200,ec999b8f-4b0e-4160-bee3-118ddd8c6904,2026-07-18T06:15:00Z,2026-07-18T08:15:00+0200,6065.746,MW,DE,DE_LU,actual_offshore_wind_generation,Wind Offshore,2026-08-01T08:46:56Z
2026-08-01T08:44:53Z,2026-08-01T10:44:53+0200,ec999b8f-4b0e-4160-bee3-118ddd8c6904,2026-07-18T06:30:00Z,2026-07-18T08:30:00+0200,6124.11,MW,DE,DE_LU,actual_offshore_wind_generation,Wind Offshore,2026-08-01T08:46:56Z
2026-08-01T08:44:53Z,2026-08-01T10:44:53+0200,ec999b8f-4b0e-4160-bee3-118ddd8c6904,2026-07-18T06:45:00Z,2026-07-18T08:45:00+0200,5760.597,MW,DE,DE_LU,actual_offshore_wind_generation,Wind Offshore,2026-08-01T08:46:56Z
2026-08-01T08:44:53Z,2026-08-01T10:44:53+0200,ec999b8f-4b0e-4160-bee3-118ddd8c6904,2026-07-18T07:00:00Z,2026-07-18T09:00:00+0200,5104.418,MW,DE,DE_LU,actual_offshore_wind_generation,Wind Offshore,2026-08-01T08:46:56Z
2026-08-01T08:44:53Z,2026-08-01T10:44:53+0200,ec999b8f-4b0e-4160-bee3-118ddd8c6904,2026-07-18T07:15:00Z,2026-07-18T09:15:00+0200,4787.69,MW,DE,DE_LU,actual_offshore_wind_generation,Wind Offshore,2026-08-01T08:46:56Z
2026-08-01T08:44:53Z,2026-08-01T10:44:53+0200,ec999b8f-4b0e-4160-bee3-118ddd8c6904,2026-07-18T07:30:00Z,2026-07-18T09:30:00+0200,4845.793,MW,DE,DE_LU,actual_offshore_wind_generation,Wind Offshore,2026-08-01T08:46:56Z
2026-08-01T08:44:53Z,2026-08-01T10:44:53+0200,ec999b8f-4b0e-4160-bee3-118ddd8c6904,2026-07-18T07:45:00Z,2026-07-18T09:45:00+0200,5078.987,MW,DE,DE_LU,actual_offshore_wind_generation,Wind Offshore,2026-08-01T08:46:56Z
2026-08-01T08:44:53Z,2026-08-01T10:44:53+0200,ec999b8f-4b0e-4160-bee3-118ddd8c6904,2026-07-18T08:00:00Z,2026-07-18T10:00:00+0200,5577.019,MW,DE,DE_LU,actual_offshore_wind_generation,Wind Offshore,2026-08-01T08:46:56Z
2026-08-01T08:44:53Z,2026-08-01T10:44:53+0200,ec999b8f-4b0e-4160-bee3-118ddd8c6904,2026-07-18T08:15:00Z,2026-07-18T10:15:00+0200,5670.34,MW,DE,DE_LU,actual_offshore_wind_generation,Wind Offshore,2026-08-01T08:46:56Z
2026-08-01T08:44:53Z,2026-08-01T10:44:53+0200,ec999b8f-4b0e-4160-bee3-118ddd8c6904,2026-07-18T08:30:00Z,2026-07-18T10:30:00+0200,5637.357,MW,DE,DE_LU,actual_offshore_wind_generation,Wind Offshore,2026-08-01T08:46:56Z
2026-08-01T08:44:53Z,2026-08-01T10:44:53+0200,ec999b8f-4b0e-4160-bee3-118ddd8c6904,2026-07-18T08:45:00Z,2026-07-18T10:45:00+0200,5699.903,MW,DE,DE_LU,actual_offshore_wind_generation,Wind Offshore,2026-08-01T08:46:56Z
2026-08-01T08:44:53Z,2026-08-01T10:44:53+0200,ec999b8f-4b0e-4160-bee3-118ddd8c6904,2026-07-18T09:00:00Z,2026-07-18T11:00:00+0200,5021.402,MW,DE,DE_LU,actual_offshore_wind_generation,Wind Offshore,2026-08-01T08:46:56Z
2026-08-01T08:44:53Z,2026-08-01T10:44:53+0200,ec999b8f-4b0e-4160-bee3-118ddd8c6904,2026-07-18T09:15:00Z,2026-07-18T11:15:00+0200,5089.302,MW,DE,DE_LU,actual_offshore_wind_generation,Wind Offshore,2026-08-01T08:46:56Z
2026-08-01T08:44:53Z,2026-08-01T10:44:53+0200,ec999b8f-4b0e-4160-bee3-118ddd8c6904,2026-07-18T09:30:00Z,2026-07-18T11:30:00+0200,5085.074,MW,DE,DE_LU,actual_offshore_wind_generation,Wind Offshore,2026-08-01T08:46:56Z
2026-08-01T08:44:53Z,2026-08-01T10:44:53+0200,ec999b8f-4b0e-4160-bee3-118ddd8c6904,2026-07-18T09:45:00Z,2026-07-18T11:45:00+0200,5100.699,MW,DE,DE_LU,actual_offshore_wind_generation,Wind Offshore,2026-08-01T08:46:56Z
2026-08-01T08:44:53Z,2026-08-01T10:44:53+0200,ec999b8f-4b0e-4160-bee3-118ddd8c6904,2026-07-18T10:00:00Z,2026-07-18T12:00:00+0200,4794.098,MW,DE,DE_LU,actual_offshore_wind_generation,Wind Offshore,2026-08-01T08:46:56Z
2026-08-01T08:44:53Z,2026-08-01T10:44:53+0200,ec999b8f-4b0e-4160-bee3-118ddd8c6904,2026-07-18T10:15:00Z,2026-07-18T12:15:00+0200,4739.037,MW,DE,DE_LU,actual_offshore_wind_generation,Wind Offshore,2026-08-01T08:46:56Z
2026-08-01T08:44:53Z,2026-08-01T10:44:53+0200,ec999b8f-4b0e-4160-bee3-118ddd8c6904,2026-07-18T10:30:00Z,2026-07-18T12:30:00+0200,4540.966,MW,DE,DE_LU,actual_offshore_wind_generation,Wind Offshore,2026-08-01T08:46:56Z
2026-08-01T08:44:53Z,2026-08-01T10:44:53+0200,ec999b8f-4b0e-4160-bee3-118ddd8c6904,2026-07-18T10:45:00Z,2026-07-18T12:45:00+0200,4486.575,MW,DE,DE_LU,actual_offshore_wind_generation,Wind Offshore,2026-08-01T08:46:56Z
2026-08-01T08:44:53Z,2026-08-01T10:44:53+0200,ec999b8f-4b0e-4160-bee3-118ddd8c6904,2026-07-18T11:00:00Z,2026-07-18T13:00:00+0200,4609.905,MW,DE,DE_LU,actual_offshore_wind_generation,Wind Offshore,2026-08-01T08:46:56Z
2026-08-01T08:44:53Z,2026-08-01T10:44:53+0200,ec999b8f-4b0e-4160-bee3-118ddd8c6904,2026-07-18T11:15:00Z,2026-07-18T13:15:00+0200,4818.388,MW,DE,DE_LU,actual_offshore_wind_generation,Wind Offshore,2026-08-01T08:46:56Z
2026-08-01T08:44:53Z,2026-08-01T10:44:53+0200,ec999b8f-4b0e-4160-bee3-118ddd8c6904,2026-07-18T11:30:00Z,2026-07-18T13:30:00+0200,4909.63,MW,DE,DE_LU,actual_offshore_wind_generation,Wind Offshore,2026-08-01T08:46:56Z
2026-08-01T08:44:53Z,2026-08-01T10:44:53+0200,ec999b8f-4b0e-4160-bee3-118ddd8c6904,2026-07-18T11:45:00Z,2026-07-18T13:45:00+0200,4837.018,MW,DE,DE_LU,actual_offshore_wind_generation,Wind Offshore,2026-08-01T08:46:56Z
2026-08-01T08:44:53Z,2026-08-01T10:44:53+0200,ec999b8f-4b0e-4160-bee3-118ddd8c6904,2026-07-18T12:00:00Z,2026-07-18T14:00:00+0200,4773.05,MW,DE,DE_LU,actual_offshore_wind_generation,Wind Offshore,2026-08-01T08:46:56Z
2026-08-01T08:44:53Z,2026-08-01T10:44:53+0200,ec999b8f-4b0e-4160-bee3-118ddd8c6904,2026-07-18T12:15:00Z,2026-07-18T14:15:00+0200,4887.341,MW,DE,DE_LU,actual_offshore_wind_generation,Wind Offshore,2026-08-01T08:46:56Z
2026-08-01T08:44:53Z,2026-08-01T10:44:53+0200,ec999b8f-4b0e-4160-bee3-118ddd8c6904,2026-07-18T12:30:00Z,2026-07-18T14:30:00+0200,5124.493,MW,DE,DE_LU,actual_offshore_wind_generation,Wind Offshore,2026-08-01T08:46:56Z
2026-08-01T08:44:53Z,2026-08-01T10:44:53+0200,ec999b8f-4b0e-4160-bee3-118ddd8c6904,2026-07-18T12:45:00Z,2026-07-18T14:45:00+0200,5200.356,MW,DE,DE_LU,actual_offshore_wind_generation,Wind Offshore,2026-08-01T08:46:56Z
2026-08-01T08:44:53Z,2026-08-01T10:44:53+0200,ec999b8f-4b0e-4160-bee3-118ddd8c6904,2026-07-18T13:00:00Z,2026-07-18T15:00:00+0200,5112.331,MW,DE,DE_LU,actual_offshore_wind_generation,Wind Offshore,2026-08-01T08:46:56Z
2026-08-01T08:44:53Z,2026-08-01T10:44:53+0200,ec999b8f-4b0e-4160-bee3-118ddd8c6904,2026-07-18T13:15:00Z,2026-07-18T15:15:00+0200,4927.409,MW,DE,DE_LU,actual_offshore_wind_generation,Wind Offshore,2026-08-01T08:46:56Z
2026-08-01T08:44:53Z,2026-08-01T10:44:53+0200,ec999b8f-4b0e-4160-bee3-118ddd8c6904,2026-07-18T13:30:00Z,2026-07-18T15:30:00+0200,4734.628,MW,DE,DE_LU,actual_offshore_wind_generation,Wind Offshore,2026-08-01T08:46:56Z
2026-08-01T08:44:53Z,2026-08-01T10:44:53+0200,ec999b8f-4b0e-4160-bee3-118ddd8c6904,2026-07-18T13:45:00Z,2026-07-18T15:45:00+0200,4863.284,MW,DE,DE_LU,actual_offshore_wind_generation,Wind Offshore,2026-08-01T08:46:56Z
2026-08-01T08:44:53Z,2026-08-01T10:44:53+0200,ec999b8f-4b0e-4160-bee3-118ddd8c6904,2026-07-18T14:00:00Z,2026-07-18T16:00:00+0200,5175.462,MW,DE,DE_LU,actual_offshore_wind_generation,Wind Offshore,2026-08-01T08:46:56Z
2026-08-01T08:44:53Z,2026-08-01T10:44:53+0200,ec999b8f-4b0e-4160-bee3-118ddd8c6904,2026-07-18T14:15:00Z,2026-07-18T16:15:00+0200,4814.337,MW,DE,DE_LU,actual_offshore_wind_generation,Wind Offshore,2026-08-01T08:46:56Z
2026-08-01T08:44:53Z,2026-08-01T10:44:53+0200,ec999b8f-4b0e-4160-bee3-118ddd8c6904,2026-07-18T14:30:00Z,2026-07-18T16:30:00+0200,4955.347,MW,DE,DE_LU,actual_offshore_wind_generation,Wind Offshore,2026-08-01T08:46:56Z
2026-08-01T08:44:53Z,2026-08-01T10:44:53+0200,ec999b8f-4b0e-4160-bee3-118ddd8c6904,2026-07-18T14:45:00Z,2026-07-18T16:45:00+0200,5285.674,MW,DE,DE_LU,actual_offshore_wind_generation,Wind Offshore,2026-08-01T08:46:56Z
2026-08-01T08:44:53Z,2026-08-01T10:44:53+0200,ec999b8f-4b0e-4160-bee3-118ddd8c6904,2026-07-18T15:00:00Z,2026-07-18T17:00:00+0200,6747.284,MW,DE,DE_LU,actual_offshore_wind_generation,Wind Offshore,2026-08-01T08:46:56Z
2026-08-01T08:44:53Z,2026-08-01T10:44:53+0200,ec999b8f-4b0e-4160-bee3-118ddd8c6904,2026-07-18T15:15:00Z,2026-07-18T17:15:00+0200,7252.669,MW,DE,DE_LU,actual_offshore_wind_generation,Wind Offshore,2026-08-01T08:46:56Z
2026-08-01T08:44:53Z,2026-08-01T10:44:53+0200,ec999b8f-4b0e-4160-bee3-118ddd8c6904,2026-07-18T15:30:00Z,2026-07-18T17:30:00+0200,7490.629,MW,DE,DE_LU,actual_offshore_wind_generation,Wind Offshore,2026-08-01T08:46:56Z
2026-08-01T08:44:53Z,2026-08-01T10:44:53+0200,ec999b8f-4b0e-4160-bee3-118ddd8c6904,2026-07-18T15:45:00Z,2026-07-18T17:45:00+0200,7381.081,MW,DE,DE_LU,actual_offshore_wind_generation,Wind Offshore,2026-08-01T08:46:56Z
2026-08-01T08:44:53Z,2026-08-01T10:44:53+0200,ec999b8f-4b0e-4160-bee3-118ddd8c6904,2026-07-18T16:00:00Z,2026-07-18T18:00:00+0200,7162.37,MW,DE,DE_LU,actual_offshore_wind_generation,Wind Offshore,2026-08-01T08:46:56Z
2026-08-01T08:44:53Z,2026-08-01T10:44:53+0200,ec999b8f-4b0e-4160-bee3-118ddd8c6904,2026-07-18T16:15:00Z,2026-07-18T18:15:00+0200,7076.241,MW,DE,DE_LU,actual_offshore_wind_generation,Wind Offshore,2026-08-01T08:46:56Z
2026-08-01T08:44:53Z,2026-08-01T10:44:53+0200,ec999b8f-4b0e-4160-bee3-118ddd8c6904,2026-07-18T16:30:00Z,2026-07-18T18:30:00+0200,7066.218,MW,DE,DE_LU,actual_offshore_wind_generation,Wind Offshore,2026-08-01T08:46:56Z
2026-08-01T08:44:53Z,2026-08-01T10:44:53+0200,ec999b8f-4b0e-4160-bee3-118ddd8c6904,2026-07-18T16:45:00Z,2026-07-18T18:45:00+0200,6934.006,MW,DE,DE_LU,actual_offshore_wind_generation,Wind Offshore,2026-08-01T08:46:56Z
2026-08-01T08:44:53Z,2026-08-01T10:44:53+0200,ec999b8f-4b0e-4160-bee3-118ddd8c6904,2026-07-18T17:00:00Z,2026-07-18T19:00:00+0200,7241.595,MW,DE,DE_LU,actual_offshore_wind_generation,Wind Offshore,2026-08-01T08:46:56Z
2026-08-01T08:44:53Z,2026-08-01T10:44:53+0200,ec999b8f-4b0e-4160-bee3-118ddd8c6904,2026-07-18T17:15:00Z,2026-07-18T19:15:00+0200,7203.639,MW,DE,DE_LU,actual_offshore_wind_generation,Wind Offshore,2026-08-01T08:46:56Z
2026-08-01T08:44:53Z,2026-08-01T10:44:53+0200,ec999b8f-4b0e-4160-bee3-118ddd8c6904,2026-07-18T17:30:00Z,2026-07-18T19:30:00+0200,7262.627,MW,DE,DE_LU,actual_offshore_wind_generation,Wind Offshore,2026-08-01T08:46:56Z
2026-08-01T08:44:53Z,2026-08-01T10:44:53+0200,ec999b8f-4b0e-4160-bee3-118ddd8c6904,2026-07-18T17:45:00Z,2026-07-18T19:45:00+0200,7091.363,MW,DE,DE_LU,actual_offshore_wind_generation,Wind Offshore,2026-08-01T08:46:56Z
2026-08-01T08:44:53Z,2026-08-01T10:44:53+0200,ec999b8f-4b0e-4160-bee3-118ddd8c6904,2026-07-18T18:00:00Z,2026-07-18T20:00:00+0200,7379.663,MW,DE,DE_LU,actual_offshore_wind_generation,Wind Offshore,2026-08-01T08:46:56Z
2026-08-01T08:44:53Z,2026-08-01T10:44:53+0200,ec999b8f-4b0e-4160-bee3-118ddd8c6904,2026-07-18T18:15:00Z,2026-07-18T20:15:00+0200,7274.672,MW,DE,DE_LU,actual_offshore_wind_generation,Wind Offshore,2026-08-01T08:46:56Z
2026-08-01T08:44:53Z,2026-08-01T10:44:53+0200,ec999b8f-4b0e-4160-bee3-118ddd8c6904,2026-07-18T18:30:00Z,2026-07-18T20:30:00+0200,7087.181,MW,DE,DE_LU,actual_offshore_wind_generation,Wind Offshore,2026-08-01T08:46:56Z
2026-08-01T08:44:53Z,2026-08-01T10:44:53+0200,ec999b8f-4b0e-4160-bee3-118ddd8c6904,2026-07-18T18:45:00Z,2026-07-18T20:45:00+0200,7150.01,MW,DE,DE_LU,actual_offshore_wind_generation,Wind Offshore,2026-08-01T08:46:56Z
2026-08-01T08:44:53Z,2026-08-01T10:44:53+0200,ec999b8f-4b0e-4160-bee3-118ddd8c6904,2026-07-18T19:00:00Z,2026-07-18T21:00:00+0200,7273.667,MW,DE,DE_LU,actual_offshore_wind_generation,Wind Offshore,2026-08-01T08:46:56Z
2026-08-01T08:44:53Z,2026-08-01T10:44:53+0200,ec999b8f-4b0e-4160-bee3-118ddd8c6904,2026-07-18T19:15:00Z,2026-07-18T21:15:00+0200,7252.609,MW,DE,DE_LU,actual_offshore_wind_generation,Wind Offshore,2026-08-01T08:46:56Z
2026-08-01T08:44:53Z,2026-08-01T10:44:53+0200,ec999b8f-4b0e-4160-bee3-118ddd8c6904,2026-07-18T19:30:00Z,2026-07-18T21:30:00+0200,7247.783,MW,DE,DE_LU,actual_offshore_wind_generation,Wind Offshore,2026-08-01T08:46:56Z
2026-08-01T08:44:53Z,2026-08-01T10:44:53+0200,ec999b8f-4b0e-4160-bee3-118ddd8c6904,2026-07-18T19:45:00Z,2026-07-18T21:45:00+0200,7141.249,MW,DE,DE_LU,actual_offshore_wind_generation,Wind Offshore,2026-08-01T08:46:56Z
2026-08-01T08:44:53Z,2026-08-01T10:44:53+0200,ec999b8f-4b0e-4160-bee3-118ddd8c6904,2026-07-18T20:00:00Z,2026-07-18T22:00:00+0200,7726.129,MW,DE,DE_LU,actual_offshore_wind_generation,Wind Offshore,2026-08-01T08:46:56Z
2026-08-01T08:44:53Z,2026-08-01T10:44:53+0200,ec999b8f-4b0e-4160-bee3-118ddd8c6904,2026-07-18T20:15:00Z,2026-07-18T22:15:00+0200,7555.255,MW,DE,DE_LU,actual_offshore_wind_generation,Wind Offshore,2026-08-01T08:46:56Z
2026-08-01T08:44:53Z,2026-08-01T10:44:53+0200,ec999b8f-4b0e-4160-bee3-118ddd8c6904,2026-07-18T20:30:00Z,2026-07-18T22:30:00+0200,7484.056,MW,DE,DE_LU,actual_offshore_wind_generation,Wind Offshore,2026-08-01T08:46:56Z
2026-08-01T08:44:53Z,2026-08-01T10:44:53+0200,ec999b8f-4b0e-4160-bee3-118ddd8c6904,2026-07-18T20:45:00Z,2026-07-18T22:45:00+0200,7887.342,MW,DE,DE_LU,actual_offshore_wind_generation,Wind Offshore,2026-08-01T08:46:56Z
2026-08-01T08:44:53Z,2026-08-01T10:44:53+0200,ec999b8f-4b0e-4160-bee3-118ddd8c6904,2026-07-18T21:00:00Z,2026-07-18T23:00:00+0200,7454.363,MW,DE,DE_LU,actual_offshore_wind_generation,Wind Offshore,2026-08-01T08:46:56Z
2026-08-01T08:44:53Z,2026-08-01T10:44:53+0200,ec999b8f-4b0e-4160-bee3-118ddd8c6904,2026-07-18T21:15:00Z,2026-07-18T23:15:00+0200,7866.802,MW,DE,DE_LU,actual_offshore_wind_generation,Wind Offshore,2026-08-01T08:46:56Z
2026-08-01T08:44:53Z,2026-08-01T10:44:53+0200,ec999b8f-4b0e-4160-bee3-118ddd8c6904,2026-07-18T21:30:00Z,2026-07-18T23:30:00+0200,7810.109,MW,DE,DE_LU,actual_offshore_wind_generation,Wind Offshore,2026-08-01T08:46:56Z
2026-08-01T08:44:53Z,2026-08-01T10:44:53+0200,ec999b8f-4b0e-4160-bee3-118ddd8c6904,2026-07-18T21:45:00Z,2026-07-18T23:45:00+0200,7711.024,MW,DE,DE_LU,actual_offshore_wind_generation,Wind Offshore,2026-08-01T08:46:56Z
2026-08-01T08:44:53Z,2026-08-01T10:44:53+0200,ec999b8f-4b0e-4160-bee3-118ddd8c6904,2026-07-18T22:00:00Z,2026-07-19T00:00:00+0200,7547.675,MW,DE,DE_LU,actual_offshore_wind_generation,Wind Offshore,2026-08-01T08:46:56Z
2026-08-01T08:44:53Z,2026-08-01T10:44:53+0200,ec999b8f-4b0e-4160-bee3-118ddd8c6904,2026-07-18T22:15:00Z,2026-07-19T00:15:00+0200,7405.554,MW,DE,DE_LU,actual_offshore_wind_generation,Wind Offshore,2026-08-01T08:46:56Z
2026-08-01T08:44:53Z,2026-08-01T10:44:53+0200,ec999b8f-4b0e-4160-bee3-118ddd8c6904,2026-07-18T22:30:00Z,2026-07-19T00:30:00+0200,7302.921,MW,DE,DE_LU,actual_offshore_wind_generation,Wind Offshore,2026-08-01T08:46:56Z
2026-08-01T08:44:53Z,2026-08-01T10:44:53+0200,ec999b8f-4b0e-4160-bee3-118ddd8c6904,2026-07-18T22:45:00Z,2026-07-19T00:45:00+0200,7209.617,MW,DE,DE_LU,actual_offshore_wind_generation,Wind Offshore,2026-08-01T08:46:56Z
2026-08-01T08:44:53Z,2026-08-01T10:44:53+0200,ec999b8f-4b0e-4160-bee3-118ddd8c6904,2026-07-18T23:00:00Z,2026-07-19T01:00:00+0200,7150.39,MW,DE,DE_LU,actual_offshore_wind_generation,Wind Offshore,2026-08-01T08:46:56Z
2026-08-01T08:44:53Z,2026-08-01T10:44:53+0200,ec999b8f-4b0e-4160-bee3-118ddd8c6904,2026-07-18T23:15:00Z,2026-07-19T01:15:00+0200,7183.191,MW,DE,DE_LU,actual_offshore_wind_generation,Wind Offshore,2026-08-01T08:46:56Z
2026-08-01T08:44:53Z,2026-08-01T10:44:53+0200,ec999b8f-4b0e-4160-bee3-118ddd8c6904,2026-07-18T23:30:00Z,2026-07-19T01:30:00+0200,7015.625,MW,DE,DE_LU,actual_offshore_wind_generation,Wind Offshore,2026-08-01T08:46:56Z
2026-08-01T08:44:53Z,2026-08-01T10:44:53+0200,ec999b8f-4b0e-4160-bee3-118ddd8c6904,2026-07-18T23:45:00Z,2026-07-19T01:45:00+0200,6802.72,MW,DE,DE_LU,actual_offshore_wind_generation,Wind Offshore,2026-08-01T08:46:56Z
2026-08-01T08:44:53Z,2026-08-01T10:44:53+0200,ec999b8f-4b0e-4160-bee3-118ddd8c6904,2026-07-19T00:00:00Z,2026-07-19T02:00:00+0200,6929.947,MW,DE,DE_LU,actual_offshore_wind_generation,Wind Offshore,2026-08-01T08:46:56Z
2026-08-01T08:44:53Z,2026-08-01T10:44:53+0200,ec999b8f-4b0e-4160-bee3-118ddd8c6904,2026-07-19T00:15:00Z,2026-07-19T02:15:00+0200,7036.873,MW,DE,DE_LU,actual_offshore_wind_generation,Wind Offshore,2026-08-01T08:46:56Z
2026-08-01T08:44:53Z,2026-08-01T10:44:53+0200,ec999b8f-4b0e-4160-bee3-118ddd8c6904,2026-07-19T00:30:00Z,2026-07-19T02:30:00+0200,6865.32,MW,DE,DE_LU,actual_offshore_wind_generation,Wind Offshore,2026-08-01T08:46:56Z
2026-08-01T08:44:53Z,2026-08-01T10:44:53+0200,ec999b8f-4b0e-4160-bee3-118ddd8c6904,2026-07-19T00:45:00Z,2026-07-19T02:45:00+0200,6634.664,MW,DE,DE_LU,actual_offshore_wind_generation,Wind Offshore,2026-08-01T08:46:56Z
2026-08-01T08:44:53Z,2026-08-01T10:44:53+0200,ec999b8f-4b0e-4160-bee3-118ddd8c6904,2026-07-19T01:00:00Z,2026-07-19T03:00:00+0200,6574.578,MW,DE,DE_LU,actual_offshore_wind_generation,Wind Offshore,2026-08-01T08:46:56Z
2026-08-01T08:44:53Z,2026-08-01T10:44:53+0200,ec999b8f-4b0e-4160-bee3-118ddd8c6904,2026-07-19T01:15:00Z,2026-07-19T03:15:00+0200,6689.266,MW,DE,DE_LU,actual_offshore_wind_generation,Wind Offshore,2026-08-01T08:46:56Z
2026-08-01T08:44:53Z,2026-08-01T10:44:53+0200,ec999b8f-4b0e-4160-bee3-118ddd8c6904,2026-07-19T01:30:00Z,2026-07-19T03:30:00+0200,6799.983,MW,DE,DE_LU,actual_offshore_wind_generation,Wind Offshore,2026-08-01T08:46:56Z
2026-08-01T08:44:53Z,2026-08-01T10:44:53+0200,ec999b8f-4b0e-4160-bee3-118ddd8c6904,2026-07-19T01:45:00Z,2026-07-19T03:45:00+0200,6842.175,MW,DE,DE_LU,actual_offshore_wind_generation,Wind Offshore,2026-08-01T08:46:56Z
2026-08-01T08:44:53Z,2026-08-01T10:44:53+0200,ec999b8f-4b0e-4160-bee3-118ddd8c6904,2026-07-19T02:00:00Z,2026-07-19T04:00:00+0200,7109.319,MW,DE,DE_LU,actual_offshore_wind_generation,Wind Offshore,2026-08-01T08:46:56Z
2026-08-01T08:44:53Z,2026-08-01T10:44:53+0200,ec999b8f-4b0e-4160-bee3-118ddd8c6904,2026-07-19T02:15:00Z,2026-07-19T04:15:00+0200,7224.775,MW,DE,DE_LU,actual_offshore_wind_generation,Wind Offshore,2026-08-01T08:46:56Z
2026-08-01T08:44:53Z,2026-08-01T10:44:53+0200,ec999b8f-4b0e-4160-bee3-118ddd8c6904,2026-07-19T02:30:00Z,2026-07-19T04:30:00+0200,7389.375,MW,DE,DE_LU,actual_offshore_wind_generation,Wind Offshore,2026-08-01T08:46:56Z
2026-08-01T08:44:53Z,2026-08-01T10:44:53+0200,ec999b8f-4b0e-4160-bee3-118ddd8c6904,2026-07-19T02:45:00Z,2026-07-19T04:45:00+0200,7480.866,MW,DE,DE_LU,actual_offshore_wind_generation,Wind Offshore,2026-08-01T08:46:56Z
2026-08-01T08:44:53Z,2026-08-01T10:44:53+0200,ec999b8f-4b0e-4160-bee3-118ddd8c6904,2026-07-19T03:00:00Z,2026-07-19T05:00:00+0200,7327.064,MW,DE,DE_LU,actual_offshore_wind_generation,Wind Offshore,2026-08-01T08:46:56Z
2026-08-01T08:44:53Z,2026-08-01T10:44:53+0200,ec999b8f-4b0e-4160-bee3-118ddd8c6904,2026-07-19T03:15:00Z,2026-07-19T05:15:00+0200,7494.628,MW,DE,DE_LU,actual_offshore_wind_generation,Wind Offshore,2026-08-01T08:46:56Z
2026-08-01T08:44:53Z,2026-08-01T10:44:53+0200,ec999b8f-4b0e-4160-bee3-118ddd8c6904,2026-07-19T03:30:00Z,2026-07-19T05:30:00+0200,7701.37,MW,DE,DE_LU,actual_offshore_wind_generation,Wind Offshore,2026-08-01T08:46:56Z
2026-08-01T08:44:53Z,2026-08-01T10:44:53+0200,ec999b8f-4b0e-4160-bee3-118ddd8c6904,2026-07-19T03:45:00Z,2026-07-19T05:45:00+0200,7762.942,MW,DE,DE_LU,actual_offshore_wind_generation,Wind Offshore,2026-08-01T08:46:56Z
2026-08-01T08:44:53Z,2026-08-01T10:44:53+0200,ec999b8f-4b0e-4160-bee3-118ddd8c6904,2026-07-19T04:00:00Z,2026-07-19T06:00:00+0200,8156.899,MW,DE,DE_LU,actual_offshore_wind_generation,Wind Offshore,2026-08-01T08:46:56Z
2026-08-01T08:44:53Z,2026-08-01T10:44:53+0200,ec999b8f-4b0e-4160-bee3-118ddd8c6904,2026-07-19T04:15:00Z,2026-07-19T06:15:00+0200,8361.816,MW,DE,DE_LU,actual_offshore_wind_generation,Wind Offshore,2026-08-01T08:46:56Z
2026-08-01T08:44:53Z,2026-08-01T10:44:53+0200,ec999b8f-4b0e-4160-bee3-118ddd8c6904,2026-07-19T04:30:00Z,2026-07-19T06:30:00+0200,8271.378,MW,DE,DE_LU,actual_offshore_wind_generation,Wind Offshore,2026-08-01T08:46:56Z
2026-08-01T08:44:53Z,2026-08-01T10:44:53+0200,ec999b8f-4b0e-4160-bee3-118ddd8c6904,2026-07-19T04:45:00Z,2026-07-19T06:45:00+0200,8110.932,MW,DE,DE_LU,actual_offshore_wind_generation,Wind Offshore,2026-08-01T08:46:56Z
2026-08-01T08:44:53Z,2026-08-01T10:44:53+0200,ec999b8f-4b0e-4160-bee3-118ddd8c6904,2026-07-19T05:00:00Z,2026-07-19T07:00:00+0200,8088.555,MW,DE,DE_LU,actual_offshore_wind_generation,Wind Offshore,2026-08-01T08:46:56Z
2026-08-01T08:44:53Z,2026-08-01T10:44:53+0200,ec999b8f-4b0e-4160-bee3-118ddd8c6904,2026-07-19T05:15:00Z,2026-07-19T07:15:00+0200,8009.125,MW,DE,DE_LU,actual_offshore_wind_generation,Wind Offshore,2026-08-01T08:46:56Z
2026-08-01T08:44:53Z,2026-08-01T10:44:53+0200,ec999b8f-4b0e-4160-bee3-118ddd8c6904,2026-07-19T05:30:00Z,2026-07-19T07:30:00+0200,7876.965,MW,DE,DE_LU,actual_offshore_wind_generation,Wind Offshore,2026-08-01T08:46:56Z
2026-08-01T08:44:53Z,2026-08-01T10:44:53+0200,ec999b8f-4b0e-4160-bee3-118ddd8c6904,2026-07-19T05:45:00Z,2026-07-19T07:45:00+0200,7708.815,MW,DE,DE_LU,actual_offshore_wind_generation,Wind Offshore,2026-08-01T08:46:56Z
2026-08-01T08:44:53Z,2026-08-01T10:44:53+0200,ec999b8f-4b0e-4160-bee3-118ddd8c6904,2026-07-19T06:00:00Z,2026-07-19T08:00:00+0200,7603.136,MW,DE,DE_LU,actual_offshore_wind_generation,Wind Offshore,2026-08-01T08:46:56Z
2026-08-01T08:44:53Z,2026-08-01T10:44:53+0200,ec999b8f-4b0e-4160-bee3-118ddd8c6904,2026-07-19T06:15:00Z,2026-07-19T08:15:00+0200,7510.51,MW,DE,DE_LU,actual_offshore_wind_generation,Wind Offshore,2026-08-01T08:46:56Z
2026-08-01T08:44:53Z,2026-08-01T10:44:53+0200,ec999b8f-4b0e-4160-bee3-118ddd8c6904,2026-07-19T06:30:00Z,2026-07-19T08:30:00+0200,7438.154,MW,DE,DE_LU,actual_offshore_wind_generation,Wind Offshore,2026-08-01T08:46:56Z
2026-08-01T08:44:53Z,2026-08-01T10:44:53+0200,ec999b8f-4b0e-4160-bee3-118ddd8c6904,2026-07-19T06:45:00Z,2026-07-19T08:45:00+0200,7534.246,MW,DE,DE_LU,actual_offshore_wind_generation,Wind Offshore,2026-08-01T08:46:56Z
2026-08-01T08:44:53Z,2026-08-01T10:44:53+0200,ec999b8f-4b0e-4160-bee3-118ddd8c6904,2026-07-19T07:00:00Z,2026-07-19T09:00:00+0200,7330.457,MW,DE,DE_LU,actual_offshore_wind_generation,Wind Offshore,2026-08-01T08:46:56Z
2026-08-01T08:44:53Z,2026-08-01T10:44:53+0200,ec999b8f-4b0e-4160-bee3-118ddd8c6904,2026-07-19T07:15:00Z,2026-07-19T09:15:00+0200,7031.847,MW,DE,DE_LU,actual_offshore_wind_generation,Wind Offshore,2026-08-01T08:46:56Z
2026-08-01T08:44:53Z,2026-08-01T10:44:53+0200,ec999b8f-4b0e-4160-bee3-118ddd8c6904,2026-07-19T07:30:00Z,2026-07-19T09:30:00+0200,6927.502,MW,DE,DE_LU,actual_offshore_wind_generation,Wind Offshore,2026-08-01T08:46:56Z
2026-08-01T08:44:53Z,2026-08-01T10:44:53+0200,ec999b8f-4b0e-4160-bee3-118ddd8c6904,2026-07-19T07:45:00Z,2026-07-19T09:45:00+0200,6711.18,MW,DE,DE_LU,actual_offshore_wind_generation,Wind Offshore,2026-08-01T08:46:56Z
2026-08-01T08:44:53Z,2026-08-01T10:44:53+0200,ec999b8f-4b0e-4160-bee3-118ddd8c6904,2026-07-19T08:00:00Z,2026-07-19T10:00:00+0200,6295.968,MW,DE,DE_LU,actual_offshore_wind_generation,Wind Offshore,2026-08-01T08:46:56Z
2026-08-01T08:44:53Z,2026-08-01T10:44:53+0200,ec999b8f-4b0e-4160-bee3-118ddd8c6904,2026-07-19T08:15:00Z,2026-07-19T10:15:00+0200,5965.981,MW,DE,DE_LU,actual_offshore_wind_generation,Wind Offshore,2026-08-01T08:46:56Z
2026-08-01T08:44:53Z,2026-08-01T10:44:53+0200,ec999b8f-4b0e-4160-bee3-118ddd8c6904,2026-07-19T08:30:00Z,2026-07-19T10:30:00+0200,5686.133,MW,DE,DE_LU,actual_offshore_wind_generation,Wind Offshore,2026-08-01T08:46:56Z
2026-08-01T08:44:53Z,2026-08-01T10:44:53+0200,ec999b8f-4b0e-4160-bee3-118ddd8c6904,2026-07-19T08:45:00Z,2026-07-19T10:45:00+0200,5523.303,MW,DE,DE_LU,actual_offshore_wind_generation,Wind Offshore,2026-08-01T08:46:56Z
2026-08-01T08:44:53Z,2026-08-01T10:44:53+0200,ec999b8f-4b0e-4160-bee3-118ddd8c6904,2026-07-19T09:00:00Z,2026-07-19T11:00:00+0200,4998.041,MW,DE,DE_LU,actual_offshore_wind_generation,Wind Offshore,2026-08-01T08:46:56Z
2026-08-01T08:44:53Z,2026-08-01T10:44:53+0200,ec999b8f-4b0e-4160-bee3-118ddd8c6904,2026-07-19T09:15:00Z,2026-07-19T11:15:00+0200,4878.078,MW,DE,DE_LU,actual_offshore_wind_generation,Wind Offshore,2026-08-01T08:46:56Z
2026-08-01T08:44:53Z,2026-08-01T10:44:53+0200,ec999b8f-4b0e-4160-bee3-118ddd8c6904,2026-07-19T09:30:00Z,2026-07-19T11:30:00+0200,4679.878,MW,DE,DE_LU,actual_offshore_wind_generation,Wind Offshore,2026-08-01T08:46:56Z
2026-08-01T08:44:53Z,2026-08-01T10:44:53+0200,ec999b8f-4b0e-4160-bee3-118ddd8c6904,2026-07-19T09:45:00Z,2026-07-19T11:45:00+0200,4732.532,MW,DE,DE_LU,actual_offshore_wind_generation,Wind Offshore,2026-08-01T08:46:56Z
2026-08-01T08:44:53Z,2026-08-01T10:44:53+0200,ec999b8f-4b0e-4160-bee3-118ddd8c6904,2026-07-19T10:00:00Z,2026-07-19T12:00:00+0200,4768.643,MW,DE,DE_LU,actual_offshore_wind_generation,Wind Offshore,2026-08-01T08:46:56Z
2026-08-01T08:44:53Z,2026-08-01T10:44:53+0200,ec999b8f-4b0e-4160-bee3-118ddd8c6904,2026-07-19T10:15:00Z,2026-07-19T12:15:00+0200,4865.395,MW,DE,DE_LU,actual_offshore_wind_generation,Wind Offshore,2026-08-01T08:46:56Z
2026-08-01T08:44:53Z,2026-08-01T10:44:53+0200,ec999b8f-4b0e-4160-bee3-118ddd8c6904,2026-07-19T10:30:00Z,2026-07-19T12:30:00+0200,4982.682,MW,DE,DE_LU,actual_offshore_wind_generation,Wind Offshore,2026-08-01T08:46:56Z
2026-08-01T08:44:53Z,2026-08-01T10:44:53+0200,ec999b8f-4b0e-4160-bee3-118ddd8c6904,2026-07-19T10:45:00Z,2026-07-19T12:45:00+0200,4830.948,MW,DE,DE_LU,actual_offshore_wind_generation,Wind Offshore,2026-08-01T08:46:56Z
2026-08-01T08:44:53Z,2026-08-01T10:44:53+0200,ec999b8f-4b0e-4160-bee3-118ddd8c6904,2026-07-19T11:00:00Z,2026-07-19T13:00:00+0200,3853.577,MW,DE,DE_LU,actual_offshore_wind_generation,Wind Offshore,2026-08-01T08:46:56Z
2026-08-01T08:44:53Z,2026-08-01T10:44:53+0200,ec999b8f-4b0e-4160-bee3-118ddd8c6904,2026-07-19T11:15:00Z,2026-07-19T13:15:00+0200,3394.825,MW,DE,DE_LU,actual_offshore_wind_generation,Wind Offshore,2026-08-01T08:46:56Z
2026-08-01T08:44:53Z,2026-08-01T10:44:53+0200,ec999b8f-4b0e-4160-bee3-118ddd8c6904,2026-07-19T11:30:00Z,2026-07-19T13:30:00+0200,3016.354,MW,DE,DE_LU,actual_offshore_wind_generation,Wind Offshore,2026-08-01T08:46:56Z
2026-08-01T08:44:53Z,2026-08-01T10:44:53+0200,ec999b8f-4b0e-4160-bee3-118ddd8c6904,2026-07-19T11:45:00Z,2026-07-19T13:45:00+0200,2565.063,MW,DE,DE_LU,actual_offshore_wind_generation,Wind Offshore,2026-08-01T08:46:56Z
2026-08-01T08:44:53Z,2026-08-01T10:44:53+0200,ec999b8f-4b0e-4160-bee3-118ddd8c6904,2026-07-19T12:00:00Z,2026-07-19T14:00:00+0200,2485.525,MW,DE,DE_LU,actual_offshore_wind_generation,Wind Offshore,2026-08-01T08:46:56Z
2026-08-01T08:44:53Z,2026-08-01T10:44:53+0200,ec999b8f-4b0e-4160-bee3-118ddd8c6904,2026-07-19T12:15:00Z,2026-07-19T14:15:00+0200,2282.435,MW,DE,DE_LU,actual_offshore_wind_generation,Wind Offshore,2026-08-01T08:46:56Z
2026-08-01T08:44:53Z,2026-08-01T10:44:53+0200,ec999b8f-4b0e-4160-bee3-118ddd8c6904,2026-07-19T12:30:00Z,2026-07-19T14:30:00+0200,2243.63,MW,DE,DE_LU,actual_offshore_wind_generation,Wind Offshore,2026-08-01T08:46:56Z
2026-08-01T08:44:53Z,2026-08-01T10:44:53+0200,ec999b8f-4b0e-4160-bee3-118ddd8c6904,2026-07-19T12:45:00Z,2026-07-19T14:45:00+0200,2351.514,MW,DE,DE_LU,actual_offshore_wind_generation,Wind Offshore,2026-08-01T08:46:56Z
2026-08-01T08:44:53Z,2026-08-01T10:44:53+0200,ec999b8f-4b0e-4160-bee3-118ddd8c6904,2026-07-19T13:00:00Z,2026-07-19T15:00:00+0200,2271.474,MW,DE,DE_LU,actual_offshore_wind_generation,Wind Offshore,2026-08-01T08:46:56Z
2026-08-01T08:44:53Z,2026-08-01T10:44:53+0200,ec999b8f-4b0e-4160-bee3-118ddd8c6904,2026-07-19T13:15:00Z,2026-07-19T15:15:00+0200,2278.837,MW,DE,DE_LU,actual_offshore_wind_generation,Wind Offshore,2026-08-01T08:46:56Z
2026-08-01T08:44:53Z,2026-08-01T10:44:53+0200,ec999b8f-4b0e-4160-bee3-118ddd8c6904,2026-07-19T13:30:00Z,2026-07-19T15:30:00+0200,2094.627,MW,DE,DE_LU,actual_offshore_wind_generation,Wind Offshore,2026-08-01T08:46:56Z
2026-08-01T08:44:53Z,2026-08-01T10:44:53+0200,ec999b8f-4b0e-4160-bee3-118ddd8c6904,2026-07-19T13:45:00Z,2026-07-19T15:45:00+0200,2142.566,MW,DE,DE_LU,actual_offshore_wind_generation,Wind Offshore,2026-08-01T08:46:56Z
2026-08-01T08:44:53Z,2026-08-01T10:44:53+0200,ec999b8f-4b0e-4160-bee3-118ddd8c6904,2026-07-19T14:00:00Z,2026-07-19T16:00:00+0200,2342.8,MW,DE,DE_LU,actual_offshore_wind_generation,Wind Offshore,2026-08-01T08:46:56Z
2026-08-01T08:44:53Z,2026-08-01T10:44:53+0200,ec999b8f-4b0e-4160-bee3-118ddd8c6904,2026-07-19T14:15:00Z,2026-07-19T16:15:00+0200,2333.844,MW,DE,DE_LU,actual_offshore_wind_generation,Wind Offshore,2026-08-01T08:46:56Z
2026-08-01T08:44:53Z,2026-08-01T10:44:53+0200,ec999b8f-4b0e-4160-bee3-118ddd8c6904,2026-07-19T14:30:00Z,2026-07-19T16:30:00+0200,2060.331,MW,DE,DE_LU,actual_offshore_wind_generation,Wind Offshore,2026-08-01T08:46:56Z
2026-08-01T08:44:53Z,2026-08-01T10:44:53+0200,ec999b8f-4b0e-4160-bee3-118ddd8c6904,2026-07-19T14:45:00Z,2026-07-19T16:45:00+0200,2317.378,MW,DE,DE_LU,actual_offshore_wind_generation,Wind Offshore,2026-08-01T08:46:56Z
2026-08-01T08:44:53Z,2026-08-01T10:44:53+0200,ec999b8f-4b0e-4160-bee3-118ddd8c6904,2026-07-19T15:00:00Z,2026-07-19T17:00:00+0200,2977.857,MW,DE,DE_LU,actual_offshore_wind_generation,Wind Offshore,2026-08-01T08:46:56Z
2026-08-01T08:44:53Z,2026-08-01T10:44:53+0200,ec999b8f-4b0e-4160-bee3-118ddd8c6904,2026-07-19T15:15:00Z,2026-07-19T17:15:00+0200,3175.905,MW,DE,DE_LU,actual_offshore_wind_generation,Wind Offshore,2026-08-01T08:46:56Z
2026-08-01T08:44:53Z,2026-08-01T10:44:53+0200,ec999b8f-4b0e-4160-bee3-118ddd8c6904,2026-07-19T15:30:00Z,2026-07-19T17:30:00+0200,3024.124,MW,DE,DE_LU,actual_offshore_wind_generation,Wind Offshore,2026-08-01T08:46:56Z
2026-08-01T08:44:53Z,2026-08-01T10:44:53+0200,ec999b8f-4b0e-4160-bee3-118ddd8c6904,2026-07-19T15:45:00Z,2026-07-19T17:45:00+0200,3384.603,MW,DE,DE_LU,actual_offshore_wind_generation,Wind Offshore,2026-08-01T08:46:56Z
2026-08-01T08:44:53Z,2026-08-01T10:44:53+0200,ec999b8f-4b0e-4160-bee3-118ddd8c6904,2026-07-19T16:00:00Z,2026-07-19T18:00:00+0200,4887.138,MW,DE,DE_LU,actual_offshore_wind_generation,Wind Offshore,2026-08-01T08:46:56Z
2026-08-01T08:44:53Z,2026-08-01T10:44:53+0200,ec999b8f-4b0e-4160-bee3-118ddd8c6904,2026-07-19T16:15:00Z,2026-07-19T18:15:00+0200,4817.184,MW,DE,DE_LU,actual_offshore_wind_generation,Wind Offshore,2026-08-01T08:46:56Z
2026-08-01T08:44:53Z,2026-08-01T10:44:53+0200,ec999b8f-4b0e-4160-bee3-118ddd8c6904,2026-07-19T16:30:00Z,2026-07-19T18:30:00+0200,4995.013,MW,DE,DE_LU,actual_offshore_wind_generation,Wind Offshore,2026-08-01T08:46:56Z
2026-08-01T08:44:53Z,2026-08-01T10:44:53+0200,ec999b8f-4b0e-4160-bee3-118ddd8c6904,2026-07-19T16:45:00Z,2026-07-19T18:45:00+0200,5058.003,MW,DE,DE_LU,actual_offshore_wind_generation,Wind Offshore,2026-08-01T08:46:56Z
2026-08-01T08:44:53Z,2026-08-01T10:44:53+0200,ec999b8f-4b0e-4160-bee3-118ddd8c6904,2026-07-19T17:00:00Z,2026-07-19T19:00:00+0200,5091.969,MW,DE,DE_LU,actual_offshore_wind_generation,Wind Offshore,2026-08-01T08:46:56Z
2026-08-01T08:44:53Z,2026-08-01T10:44:53+0200,ec999b8f-4b0e-4160-bee3-118ddd8c6904,2026-07-19T17:15:00Z,2026-07-19T19:15:00+0200,4889.481,MW,DE,DE_LU,actual_offshore_wind_generation,Wind Offshore,2026-08-01T08:46:56Z
2026-08-01T08:44:53Z,2026-08-01T10:44:53+0200,ec999b8f-4b0e-4160-bee3-118ddd8c6904,2026-07-19T17:30:00Z,2026-07-19T19:30:00+0200,4595.273,MW,DE,DE_LU,actual_offshore_wind_generation,Wind Offshore,2026-08-01T08:46:56Z
2026-08-01T08:44:53Z,2026-08-01T10:44:53+0200,ec999b8f-4b0e-4160-bee3-118ddd8c6904,2026-07-19T17:45:00Z,2026-07-19T19:45:00+0200,4471.613,MW,DE,DE_LU,actual_offshore_wind_generation,Wind Offshore,2026-08-01T08:46:56Z
2026-08-01T08:44:53Z,2026-08-01T10:44:53+0200,ec999b8f-4b0e-4160-bee3-118ddd8c6904,2026-07-19T18:00:00Z,2026-07-19T20:00:00+0200,4603.832,MW,DE,DE_LU,actual_offshore_wind_generation,Wind Offshore,2026-08-01T08:46:56Z
2026-08-01T08:44:53Z,2026-08-01T10:44:53+0200,ec999b8f-4b0e-4160-bee3-118ddd8c6904,2026-07-19T18:15:00Z,2026-07-19T20:15:00+0200,4420.23,MW,DE,DE_LU,actual_offshore_wind_generation,Wind Offshore,2026-08-01T08:46:56Z
2026-08-01T08:44:53Z,2026-08-01T10:44:53+0200,ec999b8f-4b0e-4160-bee3-118ddd8c6904,2026-07-19T18:30:00Z,2026-07-19T20:30:00+0200,4297.3,MW,DE,DE_LU,actual_offshore_wind_generation,Wind Offshore,2026-08-01T08:46:56Z
2026-08-01T08:44:53Z,2026-08-01T10:44:53+0200,ec999b8f-4b0e-4160-bee3-118ddd8c6904,2026-07-19T18:45:00Z,2026-07-19T20:45:00+0200,4320.649,MW,DE,DE_LU,actual_offshore_wind_generation,Wind Offshore,2026-08-01T08:46:56Z
2026-08-01T08:44:53Z,2026-08-01T10:44:53+0200,ec999b8f-4b0e-4160-bee3-118ddd8c6904,2026-07-19T19:00:00Z,2026-07-19T21:00:00+0200,4271.706,MW,DE,DE_LU,actual_offshore_wind_generation,Wind Offshore,2026-08-01T08:46:56Z
2026-08-01T08:44:53Z,2026-08-01T10:44:53+0200,ec999b8f-4b0e-4160-bee3-118ddd8c6904,2026-07-19T19:15:00Z,2026-07-19T21:15:00+0200,4212.355,MW,DE,DE_LU,actual_offshore_wind_generation,Wind Offshore,2026-08-01T08:46:56Z
2026-08-01T08:44:53Z,2026-08-01T10:44:53+0200,ec999b8f-4b0e-4160-bee3-118ddd8c6904,2026-07-19T19:30:00Z,2026-07-19T21:30:00+0200,4218.362,MW,DE,DE_LU,actual_offshore_wind_generation,Wind Offshore,2026-08-01T08:46:56Z
2026-08-01T08:44:53Z,2026-08-01T10:44:53+0200,ec999b8f-4b0e-4160-bee3-118ddd8c6904,2026-07-19T19:45:00Z,2026-07-19T21:45:00+0200,4359.696,MW,DE,DE_LU,actual_offshore_wind_generation,Wind Offshore,2026-08-01T08:46:56Z
2026-08-01T08:44:53Z,2026-08-01T10:44:53+0200,ec999b8f-4b0e-4160-bee3-118ddd8c6904,2026-07-19T20:00:00Z,2026-07-19T22:00:00+0200,4416.334,MW,DE,DE_LU,actual_offshore_wind_generation,Wind Offshore,2026-08-01T08:46:56Z
2026-08-01T08:44:53Z,2026-08-01T10:44:53+0200,ec999b8f-4b0e-4160-bee3-118ddd8c6904,2026-07-19T20:15:00Z,2026-07-19T22:15:00+0200,3930.552,MW,DE,DE_LU,actual_offshore_wind_generation,Wind Offshore,2026-08-01T08:46:56Z
2026-08-01T08:44:53Z,2026-08-01T10:44:53+0200,ec999b8f-4b0e-4160-bee3-118ddd8c6904,2026-07-19T20:30:00Z,2026-07-19T22:30:00+0200,3792.018,MW,DE,DE_LU,actual_offshore_wind_generation,Wind Offshore,2026-08-01T08:46:56Z
2026-08-01T08:44:53Z,2026-08-01T10:44:53+0200,ec999b8f-4b0e-4160-bee3-118ddd8c6904,2026-07-19T20:45:00Z,2026-07-19T22:45:00+0200,3923.3,MW,DE,DE_LU,actual_offshore_wind_generation,Wind Offshore,2026-08-01T08:46:56Z
2026-08-01T08:44:53Z,2026-08-01T10:44:53+0200,ec999b8f-4b0e-4160-bee3-118ddd8c6904,2026-07-19T21:00:00Z,2026-07-19T23:00:00+0200,4078.377,MW,DE,DE_LU,actual_offshore_wind_generation,Wind Offshore,2026-08-01T08:46:56Z
2026-08-01T08:44:53Z,2026-08-01T10:44:53+0200,ec999b8f-4b0e-4160-bee3-118ddd8c6904,2026-07-19T21:15:00Z,2026-07-19T23:15:00+0200,4254.235,MW,DE,DE_LU,actual_offshore_wind_generation,Wind Offshore,2026-08-01T08:46:56Z
2026-08-01T08:44:53Z,2026-08-01T10:44:53+0200,ec999b8f-4b0e-4160-bee3-118ddd8c6904,2026-07-19T21:30:00Z,2026-07-19T23:30:00+0200,4316.219,MW,DE,DE_LU,actual_offshore_wind_generation,Wind Offshore,2026-08-01T08:46:56Z
2026-08-01T08:44:53Z,2026-08-01T10:44:53+0200,ec999b8f-4b0e-4160-bee3-118ddd8c6904,2026-07-19T21:45:00Z,2026-07-19T23:45:00+0200,4557.052,MW,DE,DE_LU,actual_offshore_wind_generation,Wind Offshore,2026-08-01T08:46:56Z
2026-08-01T08:44:53Z,2026-08-01T10:44:53+0200,ec999b8f-4b0e-4160-bee3-118ddd8c6904,2026-07-19T22:00:00Z,2026-07-20T00:00:00+0200,4895.061,MW,DE,DE_LU,actual_offshore_wind_generation,Wind Offshore,2026-08-01T08:46:56Z
2026-08-01T08:44:53Z,2026-08-01T10:44:53+0200,ec999b8f-4b0e-4160-bee3-118ddd8c6904,2026-07-19T22:15:00Z,2026-07-20T00:15:00+0200,5181.984,MW,DE,DE_LU,actual_offshore_wind_generation,Wind Offshore,2026-08-01T08:46:56Z
2026-08-01T08:44:53Z,2026-08-01T10:44:53+0200,ec999b8f-4b0e-4160-bee3-118ddd8c6904,2026-07-19T22:30:00Z,2026-07-20T00:30:00+0200,5427.214,MW,DE,DE_LU,actual_offshore_wind_generation,Wind Offshore,2026-08-01T08:46:56Z
2026-08-01T08:44:53Z,2026-08-01T10:44:53+0200,ec999b8f-4b0e-4160-bee3-118ddd8c6904,2026-07-19T22:45:00Z,2026-07-20T00:45:00+0200,5686.644,MW,DE,DE_LU,actual_offshore_wind_generation,Wind Offshore,2026-08-01T08:46:56Z
2026-08-01T08:44:53Z,2026-08-01T10:44:53+0200,ec999b8f-4b0e-4160-bee3-118ddd8c6904,2026-07-19T23:00:00Z,2026-07-20T01:00:00+0200,5781.9,MW,DE,DE_LU,actual_offshore_wind_generation,Wind Offshore,2026-08-01T08:46:56Z
2026-08-01T08:44:53Z,2026-08-01T10:44:53+0200,ec999b8f-4b0e-4160-bee3-118ddd8c6904,2026-07-19T23:15:00Z,2026-07-20T01:15:00+0200,5817.451,MW,DE,DE_LU,actual_offshore_wind_generation,Wind Offshore,2026-08-01T08:46:56Z
2026-08-01T08:44:53Z,2026-08-01T10:44:53+0200,ec999b8f-4b0e-4160-bee3-118ddd8c6904,2026-07-19T23:30:00Z,2026-07-20T01:30:00+0200,5679.976,MW,DE,DE_LU,actual_offshore_wind_generation,Wind Offshore,2026-08-01T08:46:56Z
2026-08-01T08:44:53Z,2026-08-01T10:44:53+0200,ec999b8f-4b0e-4160-bee3-118ddd8c6904,2026-07-19T23:45:00Z,2026-07-20T01:45:00+0200,5657.076,MW,DE,DE_LU,actual_offshore_wind_generation,Wind Offshore,2026-08-01T08:46:56Z
2026-08-01T08:44:53Z,2026-08-01T10:44:53+0200,ec999b8f-4b0e-4160-bee3-118ddd8c6904,2026-07-20T00:00:00Z,2026-07-20T02:00:00+0200,5498.302,MW,DE,DE_LU,actual_offshore_wind_generation,Wind Offshore,2026-08-01T08:46:56Z
2026-08-01T08:44:53Z,2026-08-01T10:44:53+0200,ec999b8f-4b0e-4160-bee3-118ddd8c6904,2026-07-20T00:15:00Z,2026-07-20T02:15:00+0200,5427.461,MW,DE,DE_LU,actual_offshore_wind_generation,Wind Offshore,2026-08-01T08:46:56Z
2026-08-01T08:44:53Z,2026-08-01T10:44:53+0200,ec999b8f-4b0e-4160-bee3-118ddd8c6904,2026-07-20T00:30:00Z,2026-07-20T02:30:00+0200,5305.253,MW,DE,DE_LU,actual_offshore_wind_generation,Wind Offshore,2026-08-01T08:46:56Z
2026-08-01T08:44:53Z,2026-08-01T10:44:53+0200,ec999b8f-4b0e-4160-bee3-118ddd8c6904,2026-07-20T00:45:00Z,2026-07-20T02:45:00+0200,5268.774,MW,DE,DE_LU,actual_offshore_wind_generation,Wind Offshore,2026-08-01T08:46:56Z
2026-08-01T08:44:53Z,2026-08-01T10:44:53+0200,ec999b8f-4b0e-4160-bee3-118ddd8c6904,2026-07-20T01:00:00Z,2026-07-20T03:00:00+0200,5350.21,MW,DE,DE_LU,actual_offshore_wind_generation,Wind Offshore,2026-08-01T08:46:56Z
2026-08-01T08:44:53Z,2026-08-01T10:44:53+0200,ec999b8f-4b0e-4160-bee3-118ddd8c6904,2026-07-20T01:15:00Z,2026-07-20T03:15:00+0200,5269.767,MW,DE,DE_LU,actual_offshore_wind_generation,Wind Offshore,2026-08-01T08:46:56Z
2026-08-01T08:44:53Z,2026-08-01T10:44:53+0200,ec999b8f-4b0e-4160-bee3-118ddd8c6904,2026-07-20T01:30:00Z,2026-07-20T03:30:00+0200,4883.11,MW,DE,DE_LU,actual_offshore_wind_generation,Wind Offshore,2026-08-01T08:46:56Z
2026-08-01T08:44:53Z,2026-08-01T10:44:53+0200,ec999b8f-4b0e-4160-bee3-118ddd8c6904,2026-07-20T01:45:00Z,2026-07-20T03:45:00+0200,4751.071,MW,DE,DE_LU,actual_offshore_wind_generation,Wind Offshore,2026-08-01T08:46:56Z
2026-08-01T08:44:53Z,2026-08-01T10:44:53+0200,ec999b8f-4b0e-4160-bee3-118ddd8c6904,2026-07-20T02:00:00Z,2026-07-20T04:00:00+0200,4500.606,MW,DE,DE_LU,actual_offshore_wind_generation,Wind Offshore,2026-08-01T08:46:56Z
2026-08-01T08:44:53Z,2026-08-01T10:44:53+0200,ec999b8f-4b0e-4160-bee3-118ddd8c6904,2026-07-20T02:15:00Z,2026-07-20T04:15:00+0200,4351.911,MW,DE,DE_LU,actual_offshore_wind_generation,Wind Offshore,2026-08-01T08:46:56Z
2026-08-01T08:44:53Z,2026-08-01T10:44:53+0200,ec999b8f-4b0e-4160-bee3-118ddd8c6904,2026-07-20T02:30:00Z,2026-07-20T04:30:00+0200,4155.175,MW,DE,DE_LU,actual_offshore_wind_generation,Wind Offshore,2026-08-01T08:46:56Z
2026-08-01T08:44:53Z,2026-08-01T10:44:53+0200,ec999b8f-4b0e-4160-bee3-118ddd8c6904,2026-07-20T02:45:00Z,2026-07-20T04:45:00+0200,4194.291,MW,DE,DE_LU,actual_offshore_wind_generation,Wind Offshore,2026-08-01T08:46:56Z
2026-08-01T08:44:53Z,2026-08-01T10:44:53+0200,ec999b8f-4b0e-4160-bee3-118ddd8c6904,2026-07-20T03:00:00Z,2026-07-20T05:00:00+0200,4482.212,MW,DE,DE_LU,actual_offshore_wind_generation,Wind Offshore,2026-08-01T08:46:56Z
2026-08-01T08:44:53Z,2026-08-01T10:44:53+0200,ec999b8f-4b0e-4160-bee3-118ddd8c6904,2026-07-20T03:15:00Z,2026-07-20T05:15:00+0200,4448.412,MW,DE,DE_LU,actual_offshore_wind_generation,Wind Offshore,2026-08-01T08:46:56Z
2026-08-01T08:44:53Z,2026-08-01T10:44:53+0200,ec999b8f-4b0e-4160-bee3-118ddd8c6904,2026-07-20T03:30:00Z,2026-07-20T05:30:00+0200,4365.088,MW,DE,DE_LU,actual_offshore_wind_generation,Wind Offshore,2026-08-01T08:46:56Z
2026-08-01T08:44:53Z,2026-08-01T10:44:53+0200,ec999b8f-4b0e-4160-bee3-118ddd8c6904,2026-07-20T03:45:00Z,2026-07-20T05:45:00+0200,4274.5,MW,DE,DE_LU,actual_offshore_wind_generation,Wind Offshore,2026-08-01T08:46:56Z
2026-08-01T08:44:53Z,2026-08-01T10:44:53+0200,ec999b8f-4b0e-4160-bee3-118ddd8c6904,2026-07-20T04:00:00Z,2026-07-20T06:00:00+0200,3731.169,MW,DE,DE_LU,actual_offshore_wind_generation,Wind Offshore,2026-08-01T08:46:56Z
2026-08-01T08:44:53Z,2026-08-01T10:44:53+0200,ec999b8f-4b0e-4160-bee3-118ddd8c6904,2026-07-20T04:15:00Z,2026-07-20T06:15:00+0200,3659.391,MW,DE,DE_LU,actual_offshore_wind_generation,Wind Offshore,2026-08-01T08:46:56Z
2026-08-01T08:44:53Z,2026-08-01T10:44:53+0200,ec999b8f-4b0e-4160-bee3-118ddd8c6904,2026-07-20T04:30:00Z,2026-07-20T06:30:00+0200,3627.018,MW,DE,DE_LU,actual_offshore_wind_generation,Wind Offshore,2026-08-01T08:46:56Z
2026-08-01T08:44:53Z,2026-08-01T10:44:53+0200,ec999b8f-4b0e-4160-bee3-118ddd8c6904,2026-07-20T04:45:00Z,2026-07-20T06:45:00+0200,3646.949,MW,DE,DE_LU,actual_offshore_wind_generation,Wind Offshore,2026-08-01T08:46:56Z
2026-08-01T08:44:53Z,2026-08-01T10:44:53+0200,ec999b8f-4b0e-4160-bee3-118ddd8c6904,2026-07-20T05:00:00Z,2026-07-20T07:00:00+0200,3935.284,MW,DE,DE_LU,actual_offshore_wind_generation,Wind Offshore,2026-08-01T08:46:56Z
2026-08-01T08:44:53Z,2026-08-01T10:44:53+0200,ec999b8f-4b0e-4160-bee3-118ddd8c6904,2026-07-20T05:15:00Z,2026-07-20T07:15:00+0200,4415.859,MW,DE,DE_LU,actual_offshore_wind_generation,Wind Offshore,2026-08-01T08:46:56Z
2026-08-01T08:44:53Z,2026-08-01T10:44:53+0200,ec999b8f-4b0e-4160-bee3-118ddd8c6904,2026-07-20T05:30:00Z,2026-07-20T07:30:00+0200,4294.718,MW,DE,DE_LU,actual_offshore_wind_generation,Wind Offshore,2026-08-01T08:46:56Z
2026-08-01T08:44:53Z,2026-08-01T10:44:53+0200,ec999b8f-4b0e-4160-bee3-118ddd8c6904,2026-07-20T05:45:00Z,2026-07-20T07:45:00+0200,4204.218,MW,DE,DE_LU,actual_offshore_wind_generation,Wind Offshore,2026-08-01T08:46:56Z
2026-08-01T08:44:53Z,2026-08-01T10:44:53+0200,ec999b8f-4b0e-4160-bee3-118ddd8c6904,2026-07-20T06:00:00Z,2026-07-20T08:00:00+0200,4210.183,MW,DE,DE_LU,actual_offshore_wind_generation,Wind Offshore,2026-08-01T08:46:56Z
2026-08-01T08:44:53Z,2026-08-01T10:44:53+0200,ec999b8f-4b0e-4160-bee3-118ddd8c6904,2026-07-20T06:15:00Z,2026-07-20T08:15:00+0200,4267.285,MW,DE,DE_LU,actual_offshore_wind_generation,Wind Offshore,2026-08-01T08:46:56Z
2026-08-01T08:44:53Z,2026-08-01T10:44:53+0200,ec999b8f-4b0e-4160-bee3-118ddd8c6904,2026-07-20T06:30:00Z,2026-07-20T08:30:00+0200,4190.183,MW,DE,DE_LU,actual_offshore_wind_generation,Wind Offshore,2026-08-01T08:46:56Z
2026-08-01T08:44:53Z,2026-08-01T10:44:53+0200,ec999b8f-4b0e-4160-bee3-118ddd8c6904,2026-07-20T06:45:00Z,2026-07-20T08:45:00+0200,4153.321,MW,DE,DE_LU,actual_offshore_wind_generation,Wind Offshore,2026-08-01T08:46:56Z
2026-08-01T08:44:53Z,2026-08-01T10:44:53+0200,ec999b8f-4b0e-4160-bee3-118ddd8c6904,2026-07-20T07:00:00Z,2026-07-20T09:00:00+0200,3994.207,MW,DE,DE_LU,actual_offshore_wind_generation,Wind Offshore,2026-08-01T08:46:56Z
2026-08-01T08:44:53Z,2026-08-01T10:44:53+0200,ec999b8f-4b0e-4160-bee3-118ddd8c6904,2026-07-20T07:15:00Z,2026-07-20T09:15:00+0200,3935.675,MW,DE,DE_LU,actual_offshore_wind_generation,Wind Offshore,2026-08-01T08:46:56Z
2026-08-01T08:44:53Z,2026-08-01T10:44:53+0200,ec999b8f-4b0e-4160-bee3-118ddd8c6904,2026-07-20T07:30:00Z,2026-07-20T09:30:00+0200,4070.144,MW,DE,DE_LU,actual_offshore_wind_generation,Wind Offshore,2026-08-01T08:46:56Z
2026-08-01T08:44:53Z,2026-08-01T10:44:53+0200,ec999b8f-4b0e-4160-bee3-118ddd8c6904,2026-07-20T07:45:00Z,2026-07-20T09:45:00+0200,4092.736,MW,DE,DE_LU,actual_offshore_wind_generation,Wind Offshore,2026-08-01T08:46:56Z
2026-08-01T08:44:53Z,2026-08-01T10:44:53+0200,ec999b8f-4b0e-4160-bee3-118ddd8c6904,2026-07-20T08:00:00Z,2026-07-20T10:00:00+0200,4058.588,MW,DE,DE_LU,actual_offshore_wind_generation,Wind Offshore,2026-08-01T08:46:56Z
2026-08-01T08:44:53Z,2026-08-01T10:44:53+0200,ec999b8f-4b0e-4160-bee3-118ddd8c6904,2026-07-20T08:15:00Z,2026-07-20T10:15:00+0200,3978.979,MW,DE,DE_LU,actual_offshore_wind_generation,Wind Offshore,2026-08-01T08:46:56Z
2026-08-01T08:44:53Z,2026-08-01T10:44:53+0200,ec999b8f-4b0e-4160-bee3-118ddd8c6904,2026-07-20T08:30:00Z,2026-07-20T10:30:00+0200,3861.324,MW,DE,DE_LU,actual_offshore_wind_generation,Wind Offshore,2026-08-01T08:46:56Z
2026-08-01T08:44:53Z,2026-08-01T10:44:53+0200,ec999b8f-4b0e-4160-bee3-118ddd8c6904,2026-07-20T08:45:00Z,2026-07-20T10:45:00+0200,3858.393,MW,DE,DE_LU,actual_offshore_wind_generation,Wind Offshore,2026-08-01T08:46:56Z
2026-08-01T08:44:53Z,2026-08-01T10:44:53+0200,ec999b8f-4b0e-4160-bee3-118ddd8c6904,2026-07-20T09:00:00Z,2026-07-20T11:00:00+0200,3800.494,MW,DE,DE_LU,actual_offshore_wind_generation,Wind Offshore,2026-08-01T08:46:56Z
2026-08-01T08:44:53Z,2026-08-01T10:44:53+0200,ec999b8f-4b0e-4160-bee3-118ddd8c6904,2026-07-20T09:15:00Z,2026-07-20T11:15:00+0200,3937.534,MW,DE,DE_LU,actual_offshore_wind_generation,Wind Offshore,2026-08-01T08:46:56Z
2026-08-01T08:44:53Z,2026-08-01T10:44:53+0200,ec999b8f-4b0e-4160-bee3-118ddd8c6904,2026-07-20T09:30:00Z,2026-07-20T11:30:00+0200,3876.244,MW,DE,DE_LU,actual_offshore_wind_generation,Wind Offshore,2026-08-01T08:46:56Z
2026-08-01T08:44:53Z,2026-08-01T10:44:53+0200,ec999b8f-4b0e-4160-bee3-118ddd8c6904,2026-07-20T09:45:00Z,2026-07-20T11:45:00+0200,3793.214,MW,DE,DE_LU,actual_offshore_wind_generation,Wind Offshore,2026-08-01T08:46:56Z
2026-08-01T08:44:53Z,2026-08-01T10:44:53+0200,ec999b8f-4b0e-4160-bee3-118ddd8c6904,2026-07-20T10:00:00Z,2026-07-20T12:00:00+0200,3701.466,MW,DE,DE_LU,actual_offshore_wind_generation,Wind Offshore,2026-08-01T08:46:56Z
2026-08-01T08:44:53Z,2026-08-01T10:44:53+0200,ec999b8f-4b0e-4160-bee3-118ddd8c6904,2026-07-20T10:15:00Z,2026-07-20T12:15:00+0200,3659.222,MW,DE,DE_LU,actual_offshore_wind_generation,Wind Offshore,2026-08-01T08:46:56Z
2026-08-01T08:44:53Z,2026-08-01T10:44:53+0200,ec999b8f-4b0e-4160-bee3-118ddd8c6904,2026-07-20T10:30:00Z,2026-07-20T12:30:00+0200,3776.191,MW,DE,DE_LU,actual_offshore_wind_generation,Wind Offshore,2026-08-01T08:46:56Z
2026-08-01T08:44:53Z,2026-08-01T10:44:53+0200,ec999b8f-4b0e-4160-bee3-118ddd8c6904,2026-07-20T10:45:00Z,2026-07-20T12:45:00+0200,3866.02,MW,DE,DE_LU,actual_offshore_wind_generation,Wind Offshore,2026-08-01T08:46:56Z
2026-08-01T08:44:53Z,2026-08-01T10:44:53+0200,ec999b8f-4b0e-4160-bee3-118ddd8c6904,2026-07-20T11:00:00Z,2026-07-20T13:00:00+0200,3865.943,MW,DE,DE_LU,actual_offshore_wind_generation,Wind Offshore,2026-08-01T08:46:56Z
2026-08-01T08:44:53Z,2026-08-01T10:44:53+0200,ec999b8f-4b0e-4160-bee3-118ddd8c6904,2026-07-20T11:15:00Z,2026-07-20T13:15:00+0200,3644.023,MW,DE,DE_LU,actual_offshore_wind_generation,Wind Offshore,2026-08-01T08:46:56Z
2026-08-01T08:44:53Z,2026-08-01T10:44:53+0200,ec999b8f-4b0e-4160-bee3-118ddd8c6904,2026-07-20T11:30:00Z,2026-07-20T13:30:00+0200,3246.582,MW,DE,DE_LU,actual_offshore_wind_generation,Wind Offshore,2026-08-01T08:46:56Z
2026-08-01T08:44:53Z,2026-08-01T10:44:53+0200,ec999b8f-4b0e-4160-bee3-118ddd8c6904,2026-07-20T11:45:00Z,2026-07-20T13:45:00+0200,3093.335,MW,DE,DE_LU,actual_offshore_wind_generation,Wind Offshore,2026-08-01T08:46:56Z
2026-08-01T08:44:53Z,2026-08-01T10:44:53+0200,ec999b8f-4b0e-4160-bee3-118ddd8c6904,2026-07-20T12:00:00Z,2026-07-20T14:00:00+0200,3300.387,MW,DE,DE_LU,actual_offshore_wind_generation,Wind Offshore,2026-08-01T08:46:56Z
2026-08-01T08:44:53Z,2026-08-01T10:44:53+0200,ec999b8f-4b0e-4160-bee3-118ddd8c6904,2026-07-20T12:15:00Z,2026-07-20T14:15:00+0200,3134.713,MW,DE,DE_LU,actual_offshore_wind_generation,Wind Offshore,2026-08-01T08:46:56Z
2026-08-01T08:44:53Z,2026-08-01T10:44:53+0200,ec999b8f-4b0e-4160-bee3-118ddd8c6904,2026-07-20T12:30:00Z,2026-07-20T14:30:00+0200,3121.641,MW,DE,DE_LU,actual_offshore_wind_generation,Wind Offshore,2026-08-01T08:46:56Z
2026-08-01T08:44:53Z,2026-08-01T10:44:53+0200,ec999b8f-4b0e-4160-bee3-118ddd8c6904,2026-07-20T12:45:00Z,2026-07-20T14:45:00+0200,3244.574,MW,DE,DE_LU,actual_offshore_wind_generation,Wind Offshore,2026-08-01T08:46:56Z
2026-08-01T08:44:53Z,2026-08-01T10:44:53+0200,ec999b8f-4b0e-4160-bee3-118ddd8c6904,2026-07-20T13:00:00Z,2026-07-20T15:00:00+0200,3057.811,MW,DE,DE_LU,actual_offshore_wind_generation,Wind Offshore,2026-08-01T08:46:56Z
2026-08-01T08:44:53Z,2026-08-01T10:44:53+0200,ec999b8f-4b0e-4160-bee3-118ddd8c6904,2026-07-20T13:15:00Z,2026-07-20T15:15:00+0200,2989.414,MW,DE,DE_LU,actual_offshore_wind_generation,Wind Offshore,2026-08-01T08:46:56Z
2026-08-01T08:44:53Z,2026-08-01T10:44:53+0200,ec999b8f-4b0e-4160-bee3-118ddd8c6904,2026-07-20T13:30:00Z,2026-07-20T15:30:00+0200,2696.076,MW,DE,DE_LU,actual_offshore_wind_generation,Wind Offshore,2026-08-01T08:46:56Z
2026-08-01T08:44:53Z,2026-08-01T10:44:53+0200,ec999b8f-4b0e-4160-bee3-118ddd8c6904,2026-07-20T13:45:00Z,2026-07-20T15:45:00+0200,2694.421,MW,DE,DE_LU,actual_offshore_wind_generation,Wind Offshore,2026-08-01T08:46:56Z
2026-08-01T08:44:53Z,2026-08-01T10:44:53+0200,ec999b8f-4b0e-4160-bee3-118ddd8c6904,2026-07-20T14:00:00Z,2026-07-20T16:00:00+0200,2627.631,MW,DE,DE_LU,actual_offshore_wind_generation,Wind Offshore,2026-08-01T08:46:56Z
2026-08-01T08:44:53Z,2026-08-01T10:44:53+0200,ec999b8f-4b0e-4160-bee3-118ddd8c6904,2026-07-20T14:15:00Z,2026-07-20T16:15:00+0200,2631.166,MW,DE,DE_LU,actual_offshore_wind_generation,Wind Offshore,2026-08-01T08:46:56Z
2026-08-01T08:44:53Z,2026-08-01T10:44:53+0200,ec999b8f-4b0e-4160-bee3-118ddd8c6904,2026-07-20T14:30:00Z,2026-07-20T16:30:00+0200,2856.397,MW,DE,DE_LU,actual_offshore_wind_generation,Wind Offshore,2026-08-01T08:46:56Z
2026-08-01T08:44:53Z,2026-08-01T10:44:53+0200,ec999b8f-4b0e-4160-bee3-118ddd8c6904,2026-07-20T14:45:00Z,2026-07-20T16:45:00+0200,2818.214,MW,DE,DE_LU,actual_offshore_wind_generation,Wind Offshore,2026-08-01T08:46:56Z
2026-08-01T08:44:53Z,2026-08-01T10:44:53+0200,ec999b8f-4b0e-4160-bee3-118ddd8c6904,2026-07-20T15:00:00Z,2026-07-20T17:00:00+0200,3059.425,MW,DE,DE_LU,actual_offshore_wind_generation,Wind Offshore,2026-08-01T08:46:56Z
2026-08-01T08:44:53Z,2026-08-01T10:44:53+0200,ec999b8f-4b0e-4160-bee3-118ddd8c6904,2026-07-20T15:15:00Z,2026-07-20T17:15:00+0200,3091.858,MW,DE,DE_LU,actual_offshore_wind_generation,Wind Offshore,2026-08-01T08:46:56Z
2026-08-01T08:44:53Z,2026-08-01T10:44:53+0200,ec999b8f-4b0e-4160-bee3-118ddd8c6904,2026-07-20T15:30:00Z,2026-07-20T17:30:00+0200,3047.17,MW,DE,DE_LU,actual_offshore_wind_generation,Wind Offshore,2026-08-01T08:46:56Z
2026-08-01T08:44:53Z,2026-08-01T10:44:53+0200,ec999b8f-4b0e-4160-bee3-118ddd8c6904,2026-07-20T15:45:00Z,2026-07-20T17:45:00+0200,3105.753,MW,DE,DE_LU,actual_offshore_wind_generation,Wind Offshore,2026-08-01T08:46:56Z
2026-08-01T08:44:53Z,2026-08-01T10:44:53+0200,ec999b8f-4b0e-4160-bee3-118ddd8c6904,2026-07-20T16:00:00Z,2026-07-20T18:00:00+0200,3079.293,MW,DE,DE_LU,actual_offshore_wind_generation,Wind Offshore,2026-08-01T08:46:56Z
2026-08-01T08:44:53Z,2026-08-01T10:44:53+0200,ec999b8f-4b0e-4160-bee3-118ddd8c6904,2026-07-20T16:15:00Z,2026-07-20T18:15:00+0200,3056.141,MW,DE,DE_LU,actual_offshore_wind_generation,Wind Offshore,2026-08-01T08:46:56Z
2026-08-01T08:44:53Z,2026-08-01T10:44:53+0200,ec999b8f-4b0e-4160-bee3-118ddd8c6904,2026-07-20T16:30:00Z,2026-07-20T18:30:00+0200,3035.356,MW,DE,DE_LU,actual_offshore_wind_generation,Wind Offshore,2026-08-01T08:46:56Z
2026-08-01T08:44:53Z,2026-08-01T10:44:53+0200,ec999b8f-4b0e-4160-bee3-118ddd8c6904,2026-07-20T16:45:00Z,2026-07-20T18:45:00+0200,3042.169,MW,DE,DE_LU,actual_offshore_wind_generation,Wind Offshore,2026-08-01T08:46:56Z
2026-08-01T08:44:53Z,2026-08-01T10:44:53+0200,ec999b8f-4b0e-4160-bee3-118ddd8c6904,2026-07-20T17:00:00Z,2026-07-20T19:00:00+0200,3122.82,MW,DE,DE_LU,actual_offshore_wind_generation,Wind Offshore,2026-08-01T08:46:56Z
2026-08-01T08:44:53Z,2026-08-01T10:44:53+0200,ec999b8f-4b0e-4160-bee3-118ddd8c6904,2026-07-20T17:15:00Z,2026-07-20T19:15:00+0200,3248.5,MW,DE,DE_LU,actual_offshore_wind_generation,Wind Offshore,2026-08-01T08:46:56Z
2026-08-01T08:44:53Z,2026-08-01T10:44:53+0200,ec999b8f-4b0e-4160-bee3-118ddd8c6904,2026-07-20T17:30:00Z,2026-07-20T19:30:00+0200,3589.267,MW,DE,DE_LU,actual_offshore_wind_generation,Wind Offshore,2026-08-01T08:46:56Z
2026-08-01T08:44:53Z,2026-08-01T10:44:53+0200,ec999b8f-4b0e-4160-bee3-118ddd8c6904,2026-07-20T17:45:00Z,2026-07-20T19:45:00+0200,3780.063,MW,DE,DE_LU,actual_offshore_wind_generation,Wind Offshore,2026-08-01T08:46:56Z
2026-08-01T08:44:53Z,2026-08-01T10:44:53+0200,ec999b8f-4b0e-4160-bee3-118ddd8c6904,2026-07-20T18:00:00Z,2026-07-20T20:00:00+0200,3739.271,MW,DE,DE_LU,actual_offshore_wind_generation,Wind Offshore,2026-08-01T08:46:56Z
2026-08-01T08:44:53Z,2026-08-01T10:44:53+0200,ec999b8f-4b0e-4160-bee3-118ddd8c6904,2026-07-20T18:15:00Z,2026-07-20T20:15:00+0200,3683.605,MW,DE,DE_LU,actual_offshore_wind_generation,Wind Offshore,2026-08-01T08:46:56Z
2026-08-01T08:44:53Z,2026-08-01T10:44:53+0200,ec999b8f-4b0e-4160-bee3-118ddd8c6904,2026-07-20T18:30:00Z,2026-07-20T20:30:00+0200,3522.185,MW,DE,DE_LU,actual_offshore_wind_generation,Wind Offshore,2026-08-01T08:46:56Z
2026-08-01T08:44:53Z,2026-08-01T10:44:53+0200,ec999b8f-4b0e-4160-bee3-118ddd8c6904,2026-07-20T18:45:00Z,2026-07-20T20:45:00+0200,3509.675,MW,DE,DE_LU,actual_offshore_wind_generation,Wind Offshore,2026-08-01T08:46:56Z
2026-08-01T08:44:53Z,2026-08-01T10:44:53+0200,ec999b8f-4b0e-4160-bee3-118ddd8c6904,2026-07-20T19:00:00Z,2026-07-20T21:00:00+0200,3880.223,MW,DE,DE_LU,actual_offshore_wind_generation,Wind Offshore,2026-08-01T08:46:56Z
2026-08-01T08:44:53Z,2026-08-01T10:44:53+0200,ec999b8f-4b0e-4160-bee3-118ddd8c6904,2026-07-20T19:15:00Z,2026-07-20T21:15:00+0200,3946.286,MW,DE,DE_LU,actual_offshore_wind_generation,Wind Offshore,2026-08-01T08:46:56Z
2026-08-01T08:44:53Z,2026-08-01T10:44:53+0200,ec999b8f-4b0e-4160-bee3-118ddd8c6904,2026-07-20T19:30:00Z,2026-07-20T21:30:00+0200,4011.914,MW,DE,DE_LU,actual_offshore_wind_generation,Wind Offshore,2026-08-01T08:46:56Z
2026-08-01T08:44:53Z,2026-08-01T10:44:53+0200,ec999b8f-4b0e-4160-bee3-118ddd8c6904,2026-07-20T19:45:00Z,2026-07-20T21:45:00+0200,3943.816,MW,DE,DE_LU,actual_offshore_wind_generation,Wind Offshore,2026-08-01T08:46:56Z
2026-08-01T08:44:53Z,2026-08-01T10:44:53+0200,ec999b8f-4b0e-4160-bee3-118ddd8c6904,2026-07-20T20:00:00Z,2026-07-20T22:00:00+0200,3789.05,MW,DE,DE_LU,actual_offshore_wind_generation,Wind Offshore,2026-08-01T08:46:56Z
2026-08-01T08:44:53Z,2026-08-01T10:44:53+0200,ec999b8f-4b0e-4160-bee3-118ddd8c6904,2026-07-20T20:15:00Z,2026-07-20T22:15:00+0200,3601.116,MW,DE,DE_LU,actual_offshore_wind_generation,Wind Offshore,2026-08-01T08:46:56Z
2026-08-01T08:44:53Z,2026-08-01T10:44:53+0200,ec999b8f-4b0e-4160-bee3-118ddd8c6904,2026-07-20T20:30:00Z,2026-07-20T22:30:00+0200,3370.288,MW,DE,DE_LU,actual_offshore_wind_generation,Wind Offshore,2026-08-01T08:46:56Z
2026-08-01T08:44:53Z,2026-08-01T10:44:53+0200,ec999b8f-4b0e-4160-bee3-118ddd8c6904,2026-07-20T20:45:00Z,2026-07-20T22:45:00+0200,3329.736,MW,DE,DE_LU,actual_offshore_wind_generation,Wind Offshore,2026-08-01T08:46:56Z
2026-08-01T08:44:53Z,2026-08-01T10:44:53+0200,ec999b8f-4b0e-4160-bee3-118ddd8c6904,2026-07-20T21:00:00Z,2026-07-20T23:00:00+0200,3288.65,MW,DE,DE_LU,actual_offshore_wind_generation,Wind Offshore,2026-08-01T08:46:56Z
2026-08-01T08:44:53Z,2026-08-01T10:44:53+0200,ec999b8f-4b0e-4160-bee3-118ddd8c6904,2026-07-20T21:15:00Z,2026-07-20T23:15:00+0200,3085.088,MW,DE,DE_LU,actual_offshore_wind_generation,Wind Offshore,2026-08-01T08:46:56Z
2026-08-01T08:44:53Z,2026-08-01T10:44:53+0200,ec999b8f-4b0e-4160-bee3-118ddd8c6904,2026-07-20T21:30:00Z,2026-07-20T23:30:00+0200,3006.916,MW,DE,DE_LU,actual_offshore_wind_generation,Wind Offshore,2026-08-01T08:46:56Z
2026-08-01T08:44:53Z,2026-08-01T10:44:53+0200,ec999b8f-4b0e-4160-bee3-118ddd8c6904,2026-07-20T21:45:00Z,2026-07-20T23:45:00+0200,2867.323,MW,DE,DE_LU,actual_offshore_wind_generation,Wind Offshore,2026-08-01T08:46:56Z
2026-08-01T08:44:53Z,2026-08-01T10:44:53+0200,ec999b8f-4b0e-4160-bee3-118ddd8c6904,2026-07-20T22:00:00Z,2026-07-21T00:00:00+0200,2721.652,MW,DE,DE_LU,actual_offshore_wind_generation,Wind Offshore,2026-08-01T08:46:56Z
2026-08-01T08:44:53Z,2026-08-01T10:44:53+0200,ec999b8f-4b0e-4160-bee3-118ddd8c6904,2026-07-20T22:15:00Z,2026-07-21T00:15:00+0200,2498.426,MW,DE,DE_LU,actual_offshore_wind_generation,Wind Offshore,2026-08-01T08:46:56Z
2026-08-01T08:44:53Z,2026-08-01T10:44:53+0200,ec999b8f-4b0e-4160-bee3-118ddd8c6904,2026-07-20T22:30:00Z,2026-07-21T00:30:00+0200,2199.39,MW,DE,DE_LU,actual_offshore_wind_generation,Wind Offshore,2026-08-01T08:46:56Z
2026-08-01T08:44:53Z,2026-08-01T10:44:53+0200,ec999b8f-4b0e-4160-bee3-118ddd8c6904,2026-07-20T22:45:00Z,2026-07-21T00:45:00+0200,2009.363,MW,DE,DE_LU,actual_offshore_wind_generation,Wind Offshore,2026-08-01T08:46:56Z
2026-08-01T08:44:53Z,2026-08-01T10:44:53+0200,ec999b8f-4b0e-4160-bee3-118ddd8c6904,2026-07-20T23:00:00Z,2026-07-21T01:00:00+0200,1969.742,MW,DE,DE_LU,actual_offshore_wind_generation,Wind Offshore,2026-08-01T08:46:56Z
2026-08-01T08:44:53Z,2026-08-01T10:44:53+0200,ec999b8f-4b0e-4160-bee3-118ddd8c6904,2026-07-20T23:15:00Z,2026-07-21T01:15:00+0200,1844.895,MW,DE,DE_LU,actual_offshore_wind_generation,Wind Offshore,2026-08-01T08:46:56Z
2026-08-01T08:44:53Z,2026-08-01T10:44:53+0200,ec999b8f-4b0e-4160-bee3-118ddd8c6904,2026-07-20T23:30:00Z,2026-07-21T01:30:00+0200,1716.553,MW,DE,DE_LU,actual_offshore_wind_generation,Wind Offshore,2026-08-01T08:46:56Z
2026-08-01T08:44:53Z,2026-08-01T10:44:53+0200,ec999b8f-4b0e-4160-bee3-118ddd8c6904,2026-07-20T23:45:00Z,2026-07-21T01:45:00+0200,1574.54,MW,DE,DE_LU,actual_offshore_wind_generation,Wind Offshore,2026-08-01T08:46:56Z
2026-08-01T08:44:53Z,2026-08-01T10:44:53+0200,ec999b8f-4b0e-4160-bee3-118ddd8c6904,2026-07-21T00:00:00Z,2026-07-21T02:00:00+0200,1411.399,MW,DE,DE_LU,actual_offshore_wind_generation,Wind Offshore,2026-08-01T08:46:56Z
2026-08-01T08:44:53Z,2026-08-01T10:44:53+0200,ec999b8f-4b0e-4160-bee3-118ddd8c6904,2026-07-21T00:15:00Z,2026-07-21T02:15:00+0200,1288.578,MW,DE,DE_LU,actual_offshore_wind_generation,Wind Offshore,2026-08-01T08:46:56Z
2026-08-01T08:44:53Z,2026-08-01T10:44:53+0200,ec999b8f-4b0e-4160-bee3-118ddd8c6904,2026-07-21T00:30:00Z,2026-07-21T02:30:00+0200,1260.09,MW,DE,DE_LU,actual_offshore_wind_generation,Wind Offshore,2026-08-01T08:46:56Z
2026-08-01T08:44:53Z,2026-08-01T10:44:53+0200,ec999b8f-4b0e-4160-bee3-118ddd8c6904,2026-07-21T00:45:00Z,2026-07-21T02:45:00+0200,1222.773,MW,DE,DE_LU,actual_offshore_wind_generation,Wind Offshore,2026-08-01T08:46:56Z
2026-08-01T08:44:53Z,2026-08-01T10:44:53+0200,ec999b8f-4b0e-4160-bee3-118ddd8c6904,2026-07-21T01:00:00Z,2026-07-21T03:00:00+0200,1189.411,MW,DE,DE_LU,actual_offshore_wind_generation,Wind Offshore,2026-08-01T08:46:56Z
2026-08-01T08:44:53Z,2026-08-01T10:44:53+0200,ec999b8f-4b0e-4160-bee3-118ddd8c6904,2026-07-21T01:15:00Z,2026-07-21T03:15:00+0200,1224.155,MW,DE,DE_LU,actual_offshore_wind_generation,Wind Offshore,2026-08-01T08:46:56Z
2026-08-01T08:44:53Z,2026-08-01T10:44:53+0200,ec999b8f-4b0e-4160-bee3-118ddd8c6904,2026-07-21T01:30:00Z,2026-07-21T03:30:00+0200,1273.579,MW,DE,DE_LU,actual_offshore_wind_generation,Wind Offshore,2026-08-01T08:46:56Z
2026-08-01T08:44:53Z,2026-08-01T10:44:53+0200,ec999b8f-4b0e-4160-bee3-118ddd8c6904,2026-07-21T01:45:00Z,2026-07-21T03:45:00+0200,1372.569,MW,DE,DE_LU,actual_offshore_wind_generation,Wind Offshore,2026-08-01T08:46:56Z
2026-08-01T08:44:53Z,2026-08-01T10:44:53+0200,ec999b8f-4b0e-4160-bee3-118ddd8c6904,2026-07-21T02:00:00Z,2026-07-21T04:00:00+0200,1429.094,MW,DE,DE_LU,actual_offshore_wind_generation,Wind Offshore,2026-08-01T08:46:56Z
2026-08-01T08:44:53Z,2026-08-01T10:44:53+0200,ec999b8f-4b0e-4160-bee3-118ddd8c6904,2026-07-21T02:15:00Z,2026-07-21T04:15:00+0200,1483.98,MW,DE,DE_LU,actual_offshore_wind_generation,Wind Offshore,2026-08-01T08:46:56Z
2026-08-01T08:44:53Z,2026-08-01T10:44:53+0200,ec999b8f-4b0e-4160-bee3-118ddd8c6904,2026-07-21T02:30:00Z,2026-07-21T04:30:00+0200,1433.098,MW,DE,DE_LU,actual_offshore_wind_generation,Wind Offshore,2026-08-01T08:46:56Z
2026-08-01T08:44:53Z,2026-08-01T10:44:53+0200,ec999b8f-4b0e-4160-bee3-118ddd8c6904,2026-07-21T02:45:00Z,2026-07-21T04:45:00+0200,1404.509,MW,DE,DE_LU,actual_offshore_wind_generation,Wind Offshore,2026-08-01T08:46:56Z
2026-08-01T08:44:53Z,2026-08-01T10:44:53+0200,ec999b8f-4b0e-4160-bee3-118ddd8c6904,2026-07-21T03:00:00Z,2026-07-21T05:00:00+0200,1420.167,MW,DE,DE_LU,actual_offshore_wind_generation,Wind Offshore,2026-08-01T08:46:56Z
2026-08-01T08:44:53Z,2026-08-01T10:44:53+0200,ec999b8f-4b0e-4160-bee3-118ddd8c6904,2026-07-21T03:15:00Z,2026-07-21T05:15:00+0200,1464.532,MW,DE,DE_LU,actual_offshore_wind_generation,Wind Offshore,2026-08-01T08:46:56Z
2026-08-01T08:44:53Z,2026-08-01T10:44:53+0200,ec999b8f-4b0e-4160-bee3-118ddd8c6904,2026-07-21T03:30:00Z,2026-07-21T05:30:00+0200,1475.498,MW,DE,DE_LU,actual_offshore_wind_generation,Wind Offshore,2026-08-01T08:46:56Z
2026-08-01T08:44:53Z,2026-08-01T10:44:53+0200,ec999b8f-4b0e-4160-bee3-118ddd8c6904,2026-07-21T03:45:00Z,2026-07-21T05:45:00+0200,1455.751,MW,DE,DE_LU,actual_offshore_wind_generation,Wind Offshore,2026-08-01T08:46:56Z
2026-08-01T08:44:53Z,2026-08-01T10:44:53+0200,ec999b8f-4b0e-4160-bee3-118ddd8c6904,2026-07-21T04:00:00Z,2026-07-21T06:00:00+0200,1487.78,MW,DE,DE_LU,actual_offshore_wind_generation,Wind Offshore,2026-08-01T08:46:56Z
2026-08-01T08:44:53Z,2026-08-01T10:44:53+0200,ec999b8f-4b0e-4160-bee3-118ddd8c6904,2026-07-21T04:15:00Z,2026-07-21T06:15:00+0200,1539.045,MW,DE,DE_LU,actual_offshore_wind_generation,Wind Offshore,2026-08-01T08:46:56Z
2026-08-01T08:44:53Z,2026-08-01T10:44:53+0200,ec999b8f-4b0e-4160-bee3-118ddd8c6904,2026-07-21T04:30:00Z,2026-07-21T06:30:00+0200,1530.901,MW,DE,DE_LU,actual_offshore_wind_generation,Wind Offshore,2026-08-01T08:46:56Z
2026-08-01T08:44:53Z,2026-08-01T10:44:53+0200,ec999b8f-4b0e-4160-bee3-118ddd8c6904,2026-07-21T04:45:00Z,2026-07-21T06:45:00+0200,1520.551,MW,DE,DE_LU,actual_offshore_wind_generation,Wind Offshore,2026-08-01T08:46:56Z
2026-08-01T08:44:53Z,2026-08-01T10:44:53+0200,ec999b8f-4b0e-4160-bee3-118ddd8c6904,2026-07-21T05:00:00Z,2026-07-21T07:00:00+0200,1445.244,MW,DE,DE_LU,actual_offshore_wind_generation,Wind Offshore,2026-08-01T08:46:56Z
2026-08-01T08:44:53Z,2026-08-01T10:44:53+0200,ec999b8f-4b0e-4160-bee3-118ddd8c6904,2026-07-21T05:15:00Z,2026-07-21T07:15:00+0200,1454.122,MW,DE,DE_LU,actual_offshore_wind_generation,Wind Offshore,2026-08-01T08:46:56Z
2026-08-01T08:44:53Z,2026-08-01T10:44:53+0200,ec999b8f-4b0e-4160-bee3-118ddd8c6904,2026-07-21T05:30:00Z,2026-07-21T07:30:00+0200,1525.368,MW,DE,DE_LU,actual_offshore_wind_generation,Wind Offshore,2026-08-01T08:46:56Z
2026-08-01T08:44:53Z,2026-08-01T10:44:53+0200,ec999b8f-4b0e-4160-bee3-118ddd8c6904,2026-07-21T05:45:00Z,2026-07-21T07:45:00+0200,1470.027,MW,DE,DE_LU,actual_offshore_wind_generation,Wind Offshore,2026-08-01T08:46:56Z
2026-08-01T08:44:53Z,2026-08-01T10:44:53+0200,ec999b8f-4b0e-4160-bee3-118ddd8c6904,2026-07-21T06:00:00Z,2026-07-21T08:00:00+0200,1479.698,MW,DE,DE_LU,actual_offshore_wind_generation,Wind Offshore,2026-08-01T08:46:56Z
2026-08-01T08:44:53Z,2026-08-01T10:44:53+0200,ec999b8f-4b0e-4160-bee3-118ddd8c6904,2026-07-21T06:15:00Z,2026-07-21T08:15:00+0200,1436.338,MW,DE,DE_LU,actual_offshore_wind_generation,Wind Offshore,2026-08-01T08:46:56Z
2026-08-01T08:44:53Z,2026-08-01T10:44:53+0200,ec999b8f-4b0e-4160-bee3-118ddd8c6904,2026-07-21T06:30:00Z,2026-07-21T08:30:00+0200,1411.249,MW,DE,DE_LU,actual_offshore_wind_generation,Wind Offshore,2026-08-01T08:46:56Z
2026-08-01T08:44:53Z,2026-08-01T10:44:53+0200,ec999b8f-4b0e-4160-bee3-118ddd8c6904,2026-07-21T06:45:00Z,2026-07-21T08:45:00+0200,1370.835,MW,DE,DE_LU,actual_offshore_wind_generation,Wind Offshore,2026-08-01T08:46:56Z
2026-08-01T08:44:53Z,2026-08-01T10:44:53+0200,ec999b8f-4b0e-4160-bee3-118ddd8c6904,2026-07-21T07:00:00Z,2026-07-21T09:00:00+0200,1245.571,MW,DE,DE_LU,actual_offshore_wind_generation,Wind Offshore,2026-08-01T08:46:56Z
2026-08-01T08:44:53Z,2026-08-01T10:44:53+0200,ec999b8f-4b0e-4160-bee3-118ddd8c6904,2026-07-21T07:15:00Z,2026-07-21T09:15:00+0200,1160.31,MW,DE,DE_LU,actual_offshore_wind_generation,Wind Offshore,2026-08-01T08:46:56Z
2026-08-01T08:44:53Z,2026-08-01T10:44:53+0200,ec999b8f-4b0e-4160-bee3-118ddd8c6904,2026-07-21T07:30:00Z,2026-07-21T09:30:00+0200,1111.195,MW,DE,DE_LU,actual_offshore_wind_generation,Wind Offshore,2026-08-01T08:46:56Z
2026-08-01T08:44:53Z,2026-08-01T10:44:53+0200,ec999b8f-4b0e-4160-bee3-118ddd8c6904,2026-07-21T07:45:00Z,2026-07-21T09:45:00+0200,1098.053,MW,DE,DE_LU,actual_offshore_wind_generation,Wind Offshore,2026-08-01T08:46:56Z
2026-08-01T08:44:53Z,2026-08-01T10:44:53+0200,ec999b8f-4b0e-4160-bee3-118ddd8c6904,2026-07-21T08:00:00Z,2026-07-21T10:00:00+0200,1132.743,MW,DE,DE_LU,actual_offshore_wind_generation,Wind Offshore,2026-08-01T08:46:56Z
2026-08-01T08:44:53Z,2026-08-01T10:44:53+0200,ec999b8f-4b0e-4160-bee3-118ddd8c6904,2026-07-21T08:15:00Z,2026-07-21T10:15:00+0200,1209.834,MW,DE,DE_LU,actual_offshore_wind_generation,Wind Offshore,2026-08-01T08:46:56Z
2026-08-01T08:44:53Z,2026-08-01T10:44:53+0200,ec999b8f-4b0e-4160-bee3-118ddd8c6904,2026-07-21T08:30:00Z,2026-07-21T10:30:00+0200,1217.09,MW,DE,DE_LU,actual_offshore_wind_generation,Wind Offshore,2026-08-01T08:46:56Z
2026-08-01T08:44:53Z,2026-08-01T10:44:53+0200,ec999b8f-4b0e-4160-bee3-118ddd8c6904,2026-07-21T08:45:00Z,2026-07-21T10:45:00+0200,1185.797,MW,DE,DE_LU,actual_offshore_wind_generation,Wind Offshore,2026-08-01T08:46:56Z
2026-08-01T08:44:53Z,2026-08-01T10:44:53+0200,ec999b8f-4b0e-4160-bee3-118ddd8c6904,2026-07-21T09:00:00Z,2026-07-21T11:00:00+0200,1131.738,MW,DE,DE_LU,actual_offshore_wind_generation,Wind Offshore,2026-08-01T08:46:56Z
2026-08-01T08:44:53Z,2026-08-01T10:44:53+0200,ec999b8f-4b0e-4160-bee3-118ddd8c6904,2026-07-21T09:15:00Z,2026-07-21T11:15:00+0200,1097.949,MW,DE,DE_LU,actual_offshore_wind_generation,Wind Offshore,2026-08-01T08:46:56Z
2026-08-01T08:44:53Z,2026-08-01T10:44:53+0200,ec999b8f-4b0e-4160-bee3-118ddd8c6904,2026-07-21T09:30:00Z,2026-07-21T11:30:00+0200,1075.315,MW,DE,DE_LU,actual_offshore_wind_generation,Wind Offshore,2026-08-01T08:46:56Z
2026-08-01T08:44:53Z,2026-08-01T10:44:53+0200,ec999b8f-4b0e-4160-bee3-118ddd8c6904,2026-07-21T09:45:00Z,2026-07-21T11:45:00+0200,1042.533,MW,DE,DE_LU,actual_offshore_wind_generation,Wind Offshore,2026-08-01T08:46:56Z
2026-08-01T08:44:53Z,2026-08-01T10:44:53+0200,ec999b8f-4b0e-4160-bee3-118ddd8c6904,2026-07-21T10:00:00Z,2026-07-21T12:00:00+0200,897.464,MW,DE,DE_LU,actual_offshore_wind_generation,Wind Offshore,2026-08-01T08:46:56Z
2026-08-01T08:44:53Z,2026-08-01T10:44:53+0200,ec999b8f-4b0e-4160-bee3-118ddd8c6904,2026-07-21T10:15:00Z,2026-07-21T12:15:00+0200,820.638,MW,DE,DE_LU,actual_offshore_wind_generation,Wind Offshore,2026-08-01T08:46:56Z
2026-08-01T08:44:53Z,2026-08-01T10:44:53+0200,ec999b8f-4b0e-4160-bee3-118ddd8c6904,2026-07-21T10:30:00Z,2026-07-21T12:30:00+0200,737.089,MW,DE,DE_LU,actual_offshore_wind_generation,Wind Offshore,2026-08-01T08:46:56Z
2026-08-01T08:44:53Z,2026-08-01T10:44:53+0200,ec999b8f-4b0e-4160-bee3-118ddd8c6904,2026-07-21T10:45:00Z,2026-07-21T12:45:00+0200,665.033,MW,DE,DE_LU,actual_offshore_wind_generation,Wind Offshore,2026-08-01T08:46:56Z
2026-08-01T08:44:53Z,2026-08-01T10:44:53+0200,ec999b8f-4b0e-4160-bee3-118ddd8c6904,2026-07-21T11:00:00Z,2026-07-21T13:00:00+0200,723.14,MW,DE,DE_LU,actual_offshore_wind_generation,Wind Offshore,2026-08-01T08:46:56Z
2026-08-01T08:44:53Z,2026-08-01T10:44:53+0200,ec999b8f-4b0e-4160-bee3-118ddd8c6904,2026-07-21T11:15:00Z,2026-07-21T13:15:00+0200,754.396,MW,DE,DE_LU,actual_offshore_wind_generation,Wind Offshore,2026-08-01T08:46:56Z
2026-08-01T08:44:53Z,2026-08-01T10:44:53+0200,ec999b8f-4b0e-4160-bee3-118ddd8c6904,2026-07-21T11:30:00Z,2026-07-21T13:30:00+0200,845.529,MW,DE,DE_LU,actual_offshore_wind_generation,Wind Offshore,2026-08-01T08:46:56Z
2026-08-01T08:44:53Z,2026-08-01T10:44:53+0200,ec999b8f-4b0e-4160-bee3-118ddd8c6904,2026-07-21T11:45:00Z,2026-07-21T13:45:00+0200,890.432,MW,DE,DE_LU,actual_offshore_wind_generation,Wind Offshore,2026-08-01T08:46:56Z
2026-08-01T08:44:53Z,2026-08-01T10:44:53+0200,ec999b8f-4b0e-4160-bee3-118ddd8c6904,2026-07-21T12:00:00Z,2026-07-21T14:00:00+0200,868.505,MW,DE,DE_LU,actual_offshore_wind_generation,Wind Offshore,2026-08-01T08:46:56Z
2026-08-01T08:44:53Z,2026-08-01T10:44:53+0200,ec999b8f-4b0e-4160-bee3-118ddd8c6904,2026-07-21T12:15:00Z,2026-07-21T14:15:00+0200,902.068,MW,DE,DE_LU,actual_offshore_wind_generation,Wind Offshore,2026-08-01T08:46:56Z
2026-08-01T08:44:53Z,2026-08-01T10:44:53+0200,ec999b8f-4b0e-4160-bee3-118ddd8c6904,2026-07-21T12:30:00Z,2026-07-21T14:30:00+0200,925.689,MW,DE,DE_LU,actual_offshore_wind_generation,Wind Offshore,2026-08-01T08:46:56Z
2026-08-01T08:44:53Z,2026-08-01T10:44:53+0200,ec999b8f-4b0e-4160-bee3-118ddd8c6904,2026-07-21T12:45:00Z,2026-07-21T14:45:00+0200,857.546,MW,DE,DE_LU,actual_offshore_wind_generation,Wind Offshore,2026-08-01T08:46:56Z
2026-08-01T08:44:53Z,2026-08-01T10:44:53+0200,ec999b8f-4b0e-4160-bee3-118ddd8c6904,2026-07-21T13:00:00Z,2026-07-21T15:00:00+0200,943.256,MW,DE,DE_LU,actual_offshore_wind_generation,Wind Offshore,2026-08-01T08:46:56Z
2026-08-01T08:44:53Z,2026-08-01T10:44:53+0200,ec999b8f-4b0e-4160-bee3-118ddd8c6904,2026-07-21T13:15:00Z,2026-07-21T15:15:00+0200,937.549,MW,DE,DE_LU,actual_offshore_wind_generation,Wind Offshore,2026-08-01T08:46:56Z
2026-08-01T08:44:53Z,2026-08-01T10:44:53+0200,ec999b8f-4b0e-4160-bee3-118ddd8c6904,2026-07-21T13:30:00Z,2026-07-21T15:30:00+0200,987.19,MW,DE,DE_LU,actual_offshore_wind_generation,Wind Offshore,2026-08-01T08:46:56Z
2026-08-01T08:44:53Z,2026-08-01T10:44:53+0200,ec999b8f-4b0e-4160-bee3-118ddd8c6904,2026-07-21T13:45:00Z,2026-07-21T15:45:00+0200,1017.801,MW,DE,DE_LU,actual_offshore_wind_generation,Wind Offshore,2026-08-01T08:46:56Z
2026-08-01T08:44:53Z,2026-08-01T10:44:53+0200,ec999b8f-4b0e-4160-bee3-118ddd8c6904,2026-07-21T14:00:00Z,2026-07-21T16:00:00+0200,1254.949,MW,DE,DE_LU,actual_offshore_wind_generation,Wind Offshore,2026-08-01T08:46:56Z
2026-08-01T08:44:53Z,2026-08-01T10:44:53+0200,ec999b8f-4b0e-4160-bee3-118ddd8c6904,2026-07-21T14:15:00Z,2026-07-21T16:15:00+0200,1355.715,MW,DE,DE_LU,actual_offshore_wind_generation,Wind Offshore,2026-08-01T08:46:56Z
2026-08-01T08:44:53Z,2026-08-01T10:44:53+0200,ec999b8f-4b0e-4160-bee3-118ddd8c6904,2026-07-21T14:30:00Z,2026-07-21T16:30:00+0200,1484.851,MW,DE,DE_LU,actual_offshore_wind_generation,Wind Offshore,2026-08-01T08:46:56Z
2026-08-01T08:44:53Z,2026-08-01T10:44:53+0200,ec999b8f-4b0e-4160-bee3-118ddd8c6904,2026-07-21T14:45:00Z,2026-07-21T16:45:00+0200,1781.07,MW,DE,DE_LU,actual_offshore_wind_generation,Wind Offshore,2026-08-01T08:46:56Z
2026-08-01T08:44:53Z,2026-08-01T10:44:53+0200,ec999b8f-4b0e-4160-bee3-118ddd8c6904,2026-07-21T15:00:00Z,2026-07-21T17:00:00+0200,1831.919,MW,DE,DE_LU,actual_offshore_wind_generation,Wind Offshore,2026-08-01T08:46:56Z
2026-08-01T08:44:53Z,2026-08-01T10:44:53+0200,ec999b8f-4b0e-4160-bee3-118ddd8c6904,2026-07-21T15:15:00Z,2026-07-21T17:15:00+0200,2088.511,MW,DE,DE_LU,actual_offshore_wind_generation,Wind Offshore,2026-08-01T08:46:56Z
2026-08-01T08:44:53Z,2026-08-01T10:44:53+0200,ec999b8f-4b0e-4160-bee3-118ddd8c6904,2026-07-21T15:30:00Z,2026-07-21T17:30:00+0200,2342.824,MW,DE,DE_LU,actual_offshore_wind_generation,Wind Offshore,2026-08-01T08:46:56Z
2026-08-01T08:44:53Z,2026-08-01T10:44:53+0200,ec999b8f-4b0e-4160-bee3-118ddd8c6904,2026-07-21T15:45:00Z,2026-07-21T17:45:00+0200,2540.919,MW,DE,DE_LU,actual_offshore_wind_generation,Wind Offshore,2026-08-01T08:46:56Z
2026-08-01T08:44:53Z,2026-08-01T10:44:53+0200,ec999b8f-4b0e-4160-bee3-118ddd8c6904,2026-07-21T16:00:00Z,2026-07-21T18:00:00+0200,2679.729,MW,DE,DE_LU,actual_offshore_wind_generation,Wind Offshore,2026-08-01T08:46:56Z
2026-08-01T08:44:53Z,2026-08-01T10:44:53+0200,ec999b8f-4b0e-4160-bee3-118ddd8c6904,2026-07-21T16:15:00Z,2026-07-21T18:15:00+0200,2676.582,MW,DE,DE_LU,actual_offshore_wind_generation,Wind Offshore,2026-08-01T08:46:56Z
2026-08-01T08:44:53Z,2026-08-01T10:44:53+0200,ec999b8f-4b0e-4160-bee3-118ddd8c6904,2026-07-21T16:30:00Z,2026-07-21T18:30:00+0200,2747.961,MW,DE,DE_LU,actual_offshore_wind_generation,Wind Offshore,2026-08-01T08:46:56Z
2026-08-01T08:44:53Z,2026-08-01T10:44:53+0200,ec999b8f-4b0e-4160-bee3-118ddd8c6904,2026-07-21T16:45:00Z,2026-07-21T18:45:00+0200,3004.184,MW,DE,DE_LU,actual_offshore_wind_generation,Wind Offshore,2026-08-01T08:46:56Z
2026-08-01T08:44:53Z,2026-08-01T10:44:53+0200,ec999b8f-4b0e-4160-bee3-118ddd8c6904,2026-07-21T17:00:00Z,2026-07-21T19:00:00+0200,2976.243,MW,DE,DE_LU,actual_offshore_wind_generation,Wind Offshore,2026-08-01T08:46:56Z
2026-08-01T08:44:53Z,2026-08-01T10:44:53+0200,ec999b8f-4b0e-4160-bee3-118ddd8c6904,2026-07-21T17:15:00Z,2026-07-21T19:15:00+0200,2934.823,MW,DE,DE_LU,actual_offshore_wind_generation,Wind Offshore,2026-08-01T08:46:56Z
2026-08-01T08:44:53Z,2026-08-01T10:44:53+0200,ec999b8f-4b0e-4160-bee3-118ddd8c6904,2026-07-21T17:30:00Z,2026-07-21T19:30:00+0200,2963.791,MW,DE,DE_LU,actual_offshore_wind_generation,Wind Offshore,2026-08-01T08:46:56Z
2026-08-01T08:44:53Z,2026-08-01T10:44:53+0200,ec999b8f-4b0e-4160-bee3-118ddd8c6904,2026-07-21T17:45:00Z,2026-07-21T19:45:00+0200,3128.981,MW,DE,DE_LU,actual_offshore_wind_generation,Wind Offshore,2026-08-01T08:46:56Z
2026-08-01T08:44:53Z,2026-08-01T10:44:53+0200,ec999b8f-4b0e-4160-bee3-118ddd8c6904,2026-07-21T18:00:00Z,2026-07-21T20:00:00+0200,3247.194,MW,DE,DE_LU,actual_offshore_wind_generation,Wind Offshore,2026-08-01T08:46:56Z
2026-08-01T08:44:53Z,2026-08-01T10:44:53+0200,ec999b8f-4b0e-4160-bee3-118ddd8c6904,2026-07-21T18:15:00Z,2026-07-21T20:15:00+0200,3248.765,MW,DE,DE_LU,actual_offshore_wind_generation,Wind Offshore,2026-08-01T08:46:56Z
2026-08-01T08:44:53Z,2026-08-01T10:44:53+0200,ec999b8f-4b0e-4160-bee3-118ddd8c6904,2026-07-21T18:30:00Z,2026-07-21T20:30:00+0200,2906.099,MW,DE,DE_LU,actual_offshore_wind_generation,Wind Offshore,2026-08-01T08:46:56Z
2026-08-01T08:44:53Z,2026-08-01T10:44:53+0200,ec999b8f-4b0e-4160-bee3-118ddd8c6904,2026-07-21T18:45:00Z,2026-07-21T20:45:00+0200,2754.024,MW,DE,DE_LU,actual_offshore_wind_generation,Wind Offshore,2026-08-01T08:46:56Z
2026-08-01T08:44:53Z,2026-08-01T10:44:53+0200,ec999b8f-4b0e-4160-bee3-118ddd8c6904,2026-07-21T19:00:00Z,2026-07-21T21:00:00+0200,2994.083,MW,DE,DE_LU,actual_offshore_wind_generation,Wind Offshore,2026-08-01T08:46:56Z
2026-08-01T08:44:53Z,2026-08-01T10:44:53+0200,ec999b8f-4b0e-4160-bee3-118ddd8c6904,2026-07-21T19:15:00Z,2026-07-21T21:15:00+0200,3344.779,MW,DE,DE_LU,actual_offshore_wind_generation,Wind Offshore,2026-08-01T08:46:56Z
2026-08-01T08:44:53Z,2026-08-01T10:44:53+0200,ec999b8f-4b0e-4160-bee3-118ddd8c6904,2026-07-21T19:30:00Z,2026-07-21T21:30:00+0200,3743.647,MW,DE,DE_LU,actual_offshore_wind_generation,Wind Offshore,2026-08-01T08:46:56Z
2026-08-01T08:44:53Z,2026-08-01T10:44:53+0200,ec999b8f-4b0e-4160-bee3-118ddd8c6904,2026-07-21T19:45:00Z,2026-07-21T21:45:00+0200,3461.075,MW,DE,DE_LU,actual_offshore_wind_generation,Wind Offshore,2026-08-01T08:46:56Z
2026-08-01T08:44:53Z,2026-08-01T10:44:53+0200,ec999b8f-4b0e-4160-bee3-118ddd8c6904,2026-07-21T20:00:00Z,2026-07-21T22:00:00+0200,3344.84,MW,DE,DE_LU,actual_offshore_wind_generation,Wind Offshore,2026-08-01T08:46:56Z
2026-08-01T08:44:53Z,2026-08-01T10:44:53+0200,ec999b8f-4b0e-4160-bee3-118ddd8c6904,2026-07-21T20:15:00Z,2026-07-21T22:15:00+0200,3474.761,MW,DE,DE_LU,actual_offshore_wind_generation,Wind Offshore,2026-08-01T08:46:56Z
2026-08-01T08:44:53Z,2026-08-01T10:44:53+0200,ec999b8f-4b0e-4160-bee3-118ddd8c6904,2026-07-21T20:30:00Z,2026-07-21T22:30:00+0200,3435.861,MW,DE,DE_LU,actual_offshore_wind_generation,Wind Offshore,2026-08-01T08:46:56Z
2026-08-01T08:44:53Z,2026-08-01T10:44:53+0200,ec999b8f-4b0e-4160-bee3-118ddd8c6904,2026-07-21T20:45:00Z,2026-07-21T22:45:00+0200,3224.917,MW,DE,DE_LU,actual_offshore_wind_generation,Wind Offshore,2026-08-01T08:46:56Z
2026-08-01T08:44:53Z,2026-08-01T10:44:53+0200,ec999b8f-4b0e-4160-bee3-118ddd8c6904,2026-07-21T21:00:00Z,2026-07-21T23:00:00+0200,3560.918,MW,DE,DE_LU,actual_offshore_wind_generation,Wind Offshore,2026-08-01T08:46:56Z
2026-08-01T08:44:53Z,2026-08-01T10:44:53+0200,ec999b8f-4b0e-4160-bee3-118ddd8c6904,2026-07-21T21:15:00Z,2026-07-21T23:15:00+0200,3844.571,MW,DE,DE_LU,actual_offshore_wind_generation,Wind Offshore,2026-08-01T08:46:56Z
2026-08-01T08:44:53Z,2026-08-01T10:44:53+0200,ec999b8f-4b0e-4160-bee3-118ddd8c6904,2026-07-21T21:30:00Z,2026-07-21T23:30:00+0200,4340.527,MW,DE,DE_LU,actual_offshore_wind_generation,Wind Offshore,2026-08-01T08:46:56Z
2026-08-01T08:44:53Z,2026-08-01T10:44:53+0200,ec999b8f-4b0e-4160-bee3-118ddd8c6904,2026-07-21T21:45:00Z,2026-07-21T23:45:00+0200,4571.647,MW,DE,DE_LU,actual_offshore_wind_generation,Wind Offshore,2026-08-01T08:46:56Z
2026-08-01T08:44:53Z,2026-08-01T10:44:53+0200,ec999b8f-4b0e-4160-bee3-118ddd8c6904,2026-07-21T22:00:00Z,2026-07-22T00:00:00+0200,4214.853,MW,DE,DE_LU,actual_offshore_wind_generation,Wind Offshore,2026-08-01T08:46:56Z
2026-08-01T08:44:53Z,2026-08-01T10:44:53+0200,ec999b8f-4b0e-4160-bee3-118ddd8c6904,2026-07-21T22:15:00Z,2026-07-22T00:15:00+0200,3999.463,MW,DE,DE_LU,actual_offshore_wind_generation,Wind Offshore,2026-08-01T08:46:56Z
2026-08-01T08:44:53Z,2026-08-01T10:44:53+0200,ec999b8f-4b0e-4160-bee3-118ddd8c6904,2026-07-21T22:30:00Z,2026-07-22T00:30:00+0200,4056.841,MW,DE,DE_LU,actual_offshore_wind_generation,Wind Offshore,2026-08-01T08:46:56Z
2026-08-01T08:44:53Z,2026-08-01T10:44:53+0200,ec999b8f-4b0e-4160-bee3-118ddd8c6904,2026-07-21T22:45:00Z,2026-07-22T00:45:00+0200,3992.863,MW,DE,DE_LU,actual_offshore_wind_generation,Wind Offshore,2026-08-01T08:46:56Z
2026-08-01T08:44:53Z,2026-08-01T10:44:53+0200,ec999b8f-4b0e-4160-bee3-118ddd8c6904,2026-07-21T23:00:00Z,2026-07-22T01:00:00+0200,3688.308,MW,DE,DE_LU,actual_offshore_wind_generation,Wind Offshore,2026-08-01T08:46:56Z
2026-08-01T08:44:53Z,2026-08-01T10:44:53+0200,ec999b8f-4b0e-4160-bee3-118ddd8c6904,2026-07-21T23:15:00Z,2026-07-22T01:15:00+0200,4058.437,MW,DE,DE_LU,actual_offshore_wind_generation,Wind Offshore,2026-08-01T08:46:56Z
2026-08-01T08:44:53Z,2026-08-01T10:44:53+0200,ec999b8f-4b0e-4160-bee3-118ddd8c6904,2026-07-21T23:30:00Z,2026-07-22T01:30:00+0200,4433.846,MW,DE,DE_LU,actual_offshore_wind_generation,Wind Offshore,2026-08-01T08:46:56Z
2026-08-01T08:44:53Z,2026-08-01T10:44:53+0200,ec999b8f-4b0e-4160-bee3-118ddd8c6904,2026-07-21T23:45:00Z,2026-07-22T01:45:00+0200,4781.611,MW,DE,DE_LU,actual_offshore_wind_generation,Wind Offshore,2026-08-01T08:46:56Z
2026-08-01T08:44:53Z,2026-08-01T10:44:53+0200,ec999b8f-4b0e-4160-bee3-118ddd8c6904,2026-07-22T00:00:00Z,2026-07-22T02:00:00+0200,5089.064,MW,DE,DE_LU,actual_offshore_wind_generation,Wind Offshore,2026-08-01T08:46:56Z
2026-08-01T08:44:53Z,2026-08-01T10:44:53+0200,ec999b8f-4b0e-4160-bee3-118ddd8c6904,2026-07-22T00:15:00Z,2026-07-22T02:15:00+0200,5531.649,MW,DE,DE_LU,actual_offshore_wind_generation,Wind Offshore,2026-08-01T08:46:56Z
2026-08-01T08:44:53Z,2026-08-01T10:44:53+0200,ec999b8f-4b0e-4160-bee3-118ddd8c6904,2026-07-22T00:30:00Z,2026-07-22T02:30:00+0200,5671.423,MW,DE,DE_LU,actual_offshore_wind_generation,Wind Offshore,2026-08-01T08:46:56Z
2026-08-01T08:44:53Z,2026-08-01T10:44:53+0200,ec999b8f-4b0e-4160-bee3-118ddd8c6904,2026-07-22T00:45:00Z,2026-07-22T02:45:00+0200,5540.195,MW,DE,DE_LU,actual_offshore_wind_generation,Wind Offshore,2026-08-01T08:46:56Z
2026-08-01T08:44:53Z,2026-08-01T10:44:53+0200,ec999b8f-4b0e-4160-bee3-118ddd8c6904,2026-07-22T01:00:00Z,2026-07-22T03:00:00+0200,5601.523,MW,DE,DE_LU,actual_offshore_wind_generation,Wind Offshore,2026-08-01T08:46:56Z
2026-08-01T08:44:53Z,2026-08-01T10:44:53+0200,ec999b8f-4b0e-4160-bee3-118ddd8c6904,2026-07-22T01:15:00Z,2026-07-22T03:15:00+0200,5732.228,MW,DE,DE_LU,actual_offshore_wind_generation,Wind Offshore,2026-08-01T08:46:56Z
2026-08-01T08:44:53Z,2026-08-01T10:44:53+0200,ec999b8f-4b0e-4160-bee3-118ddd8c6904,2026-07-22T01:30:00Z,2026-07-22T03:30:00+0200,5803.499,MW,DE,DE_LU,actual_offshore_wind_generation,Wind Offshore,2026-08-01T08:46:56Z
2026-08-01T08:44:53Z,2026-08-01T10:44:53+0200,ec999b8f-4b0e-4160-bee3-118ddd8c6904,2026-07-22T01:45:00Z,2026-07-22T03:45:00+0200,5813.044,MW,DE,DE_LU,actual_offshore_wind_generation,Wind Offshore,2026-08-01T08:46:56Z
2026-08-01T08:44:53Z,2026-08-01T10:44:53+0200,ec999b8f-4b0e-4160-bee3-118ddd8c6904,2026-07-22T02:00:00Z,2026-07-22T04:00:00+0200,5639.688,MW,DE,DE_LU,actual_offshore_wind_generation,Wind Offshore,2026-08-01T08:46:56Z
2026-08-01T08:44:53Z,2026-08-01T10:44:53+0200,ec999b8f-4b0e-4160-bee3-118ddd8c6904,2026-07-22T02:15:00Z,2026-07-22T04:15:00+0200,5577.47,MW,DE,DE_LU,actual_offshore_wind_generation,Wind Offshore,2026-08-01T08:46:56Z
2026-08-01T08:44:53Z,2026-08-01T10:44:53+0200,ec999b8f-4b0e-4160-bee3-118ddd8c6904,2026-07-22T02:30:00Z,2026-07-22T04:30:00+0200,6000.57,MW,DE,DE_LU,actual_offshore_wind_generation,Wind Offshore,2026-08-01T08:46:56Z
2026-08-01T08:44:53Z,2026-08-01T10:44:53+0200,ec999b8f-4b0e-4160-bee3-118ddd8c6904,2026-07-22T02:45:00Z,2026-07-22T04:45:00+0200,6215.977,MW,DE,DE_LU,actual_offshore_wind_generation,Wind Offshore,2026-08-01T08:46:56Z
2026-08-01T08:44:53Z,2026-08-01T10:44:53+0200,ec999b8f-4b0e-4160-bee3-118ddd8c6904,2026-07-22T03:00:00Z,2026-07-22T05:00:00+0200,6405.05,MW,DE,DE_LU,actual_offshore_wind_generation,Wind Offshore,2026-08-01T08:46:56Z
2026-08-01T08:44:53Z,2026-08-01T10:44:53+0200,ec999b8f-4b0e-4160-bee3-118ddd8c6904,2026-07-22T03:15:00Z,2026-07-22T05:15:00+0200,6522.6,MW,DE,DE_LU,actual_offshore_wind_generation,Wind Offshore,2026-08-01T08:46:56Z
2026-08-01T08:44:53Z,2026-08-01T10:44:53+0200,ec999b8f-4b0e-4160-bee3-118ddd8c6904,2026-07-22T03:30:00Z,2026-07-22T05:30:00+0200,6701.578,MW,DE,DE_LU,actual_offshore_wind_generation,Wind Offshore,2026-08-01T08:46:56Z
2026-08-01T08:44:53Z,2026-08-01T10:44:53+0200,ec999b8f-4b0e-4160-bee3-118ddd8c6904,2026-07-22T03:45:00Z,2026-07-22T05:45:00+0200,7192.588,MW,DE,DE_LU,actual_offshore_wind_generation,Wind Offshore,2026-08-01T08:46:56Z
2026-08-01T08:44:53Z,2026-08-01T10:44:53+0200,ec999b8f-4b0e-4160-bee3-118ddd8c6904,2026-07-22T04:00:00Z,2026-07-22T06:00:00+0200,7431.343,MW,DE,DE_LU,actual_offshore_wind_generation,Wind Offshore,2026-08-01T08:46:56Z
2026-08-01T08:44:53Z,2026-08-01T10:44:53+0200,ec999b8f-4b0e-4160-bee3-118ddd8c6904,2026-07-22T04:15:00Z,2026-07-22T06:15:00+0200,7630.074,MW,DE,DE_LU,actual_offshore_wind_generation,Wind Offshore,2026-08-01T08:46:56Z
2026-08-01T08:44:53Z,2026-08-01T10:44:53+0200,ec999b8f-4b0e-4160-bee3-118ddd8c6904,2026-07-22T04:30:00Z,2026-07-22T06:30:00+0200,7762.106,MW,DE,DE_LU,actual_offshore_wind_generation,Wind Offshore,2026-08-01T08:46:56Z
2026-08-01T08:44:53Z,2026-08-01T10:44:53+0200,ec999b8f-4b0e-4160-bee3-118ddd8c6904,2026-07-22T04:45:00Z,2026-07-22T06:45:00+0200,7679.659,MW,DE,DE_LU,actual_offshore_wind_generation,Wind Offshore,2026-08-01T08:46:56Z
2026-08-01T08:44:53Z,2026-08-01T10:44:53+0200,ec999b8f-4b0e-4160-bee3-118ddd8c6904,2026-07-22T05:00:00Z,2026-07-22T07:00:00+0200,7447.097,MW,DE,DE_LU,actual_offshore_wind_generation,Wind Offshore,2026-08-01T08:46:56Z
2026-08-01T08:44:53Z,2026-08-01T10:44:53+0200,ec999b8f-4b0e-4160-bee3-118ddd8c6904,2026-07-22T05:15:00Z,2026-07-22T07:15:00+0200,7401.842,MW,DE,DE_LU,actual_offshore_wind_generation,Wind Offshore,2026-08-01T08:46:56Z
2026-08-01T08:44:53Z,2026-08-01T10:44:53+0200,ec999b8f-4b0e-4160-bee3-118ddd8c6904,2026-07-22T05:30:00Z,2026-07-22T07:30:00+0200,7211.147,MW,DE,DE_LU,actual_offshore_wind_generation,Wind Offshore,2026-08-01T08:46:56Z
2026-08-01T08:44:53Z,2026-08-01T10:44:53+0200,ec999b8f-4b0e-4160-bee3-118ddd8c6904,2026-07-22T05:45:00Z,2026-07-22T07:45:00+0200,7039.245,MW,DE,DE_LU,actual_offshore_wind_generation,Wind Offshore,2026-08-01T08:46:56Z
2026-08-01T08:44:53Z,2026-08-01T10:44:53+0200,ec999b8f-4b0e-4160-bee3-118ddd8c6904,2026-07-22T06:00:00Z,2026-07-22T08:00:00+0200,6434.892,MW,DE,DE_LU,actual_offshore_wind_generation,Wind Offshore,2026-08-01T08:46:56Z
2026-08-01T08:44:53Z,2026-08-01T10:44:53+0200,ec999b8f-4b0e-4160-bee3-118ddd8c6904,2026-07-22T06:15:00Z,2026-07-22T08:15:00+0200,6558.165,MW,DE,DE_LU,actual_offshore_wind_generation,Wind Offshore,2026-08-01T08:46:56Z
2026-08-01T08:44:53Z,2026-08-01T10:44:53+0200,ec999b8f-4b0e-4160-bee3-118ddd8c6904,2026-07-22T06:30:00Z,2026-07-22T08:30:00+0200,6487.553,MW,DE,DE_LU,actual_offshore_wind_generation,Wind Offshore,2026-08-01T08:46:56Z
2026-08-01T08:44:53Z,2026-08-01T10:44:53+0200,ec999b8f-4b0e-4160-bee3-118ddd8c6904,2026-07-22T06:45:00Z,2026-07-22T08:45:00+0200,5861.444,MW,DE,DE_LU,actual_offshore_wind_generation,Wind Offshore,2026-08-01T08:46:56Z
2026-08-01T08:44:53Z,2026-08-01T10:44:53+0200,ec999b8f-4b0e-4160-bee3-118ddd8c6904,2026-07-22T07:00:00Z,2026-07-22T09:00:00+0200,6169.196,MW,DE,DE_LU,actual_offshore_wind_generation,Wind Offshore,2026-08-01T08:46:56Z
2026-08-01T08:44:53Z,2026-08-01T10:44:53+0200,ec999b8f-4b0e-4160-bee3-118ddd8c6904,2026-07-22T07:15:00Z,2026-07-22T09:15:00+0200,5845.059,MW,DE,DE_LU,actual_offshore_wind_generation,Wind Offshore,2026-08-01T08:46:56Z
2026-08-01T08:44:53Z,2026-08-01T10:44:53+0200,ec999b8f-4b0e-4160-bee3-118ddd8c6904,2026-07-22T07:30:00Z,2026-07-22T09:30:00+0200,5736.605,MW,DE,DE_LU,actual_offshore_wind_generation,Wind Offshore,2026-08-01T08:46:56Z
2026-08-01T08:44:53Z,2026-08-01T10:44:53+0200,ec999b8f-4b0e-4160-bee3-118ddd8c6904,2026-07-22T07:45:00Z,2026-07-22T09:45:00+0200,5929.506,MW,DE,DE_LU,actual_offshore_wind_generation,Wind Offshore,2026-08-01T08:46:56Z
2026-08-01T08:44:53Z,2026-08-01T10:44:53+0200,ec999b8f-4b0e-4160-bee3-118ddd8c6904,2026-07-22T08:00:00Z,2026-07-22T10:00:00+0200,5142.186,MW,DE,DE_LU,actual_offshore_wind_generation,Wind Offshore,2026-08-01T08:46:56Z
2026-08-01T08:44:53Z,2026-08-01T10:44:53+0200,ec999b8f-4b0e-4160-bee3-118ddd8c6904,2026-07-22T08:15:00Z,2026-07-22T10:15:00+0200,5214.976,MW,DE,DE_LU,actual_offshore_wind_generation,Wind Offshore,2026-08-01T08:46:56Z
2026-08-01T08:44:53Z,2026-08-01T10:44:53+0200,ec999b8f-4b0e-4160-bee3-118ddd8c6904,2026-07-22T08:30:00Z,2026-07-22T10:30:00+0200,5173.732,MW,DE,DE_LU,actual_offshore_wind_generation,Wind Offshore,2026-08-01T08:46:56Z
2026-08-01T08:44:53Z,2026-08-01T10:44:53+0200,ec999b8f-4b0e-4160-bee3-118ddd8c6904,2026-07-22T08:45:00Z,2026-07-22T10:45:00+0200,5077.645,MW,DE,DE_LU,actual_offshore_wind_generation,Wind Offshore,2026-08-01T08:46:56Z
2026-08-01T08:44:53Z,2026-08-01T10:44:53+0200,ec999b8f-4b0e-4160-bee3-118ddd8c6904,2026-07-22T09:00:00Z,2026-07-22T11:00:00+0200,5132.282,MW,DE,DE_LU,actual_offshore_wind_generation,Wind Offshore,2026-08-01T08:46:56Z
2026-08-01T08:44:53Z,2026-08-01T10:44:53+0200,ec999b8f-4b0e-4160-bee3-118ddd8c6904,2026-07-22T09:15:00Z,2026-07-22T11:15:00+0200,5302.557,MW,DE,DE_LU,actual_offshore_wind_generation,Wind Offshore,2026-08-01T08:46:56Z
2026-08-01T08:44:53Z,2026-08-01T10:44:53+0200,ec999b8f-4b0e-4160-bee3-118ddd8c6904,2026-07-22T09:30:00Z,2026-07-22T11:30:00+0200,5483.685,MW,DE,DE_LU,actual_offshore_wind_generation,Wind Offshore,2026-08-01T08:46:56Z
2026-08-01T08:44:53Z,2026-08-01T10:44:53+0200,ec999b8f-4b0e-4160-bee3-118ddd8c6904,2026-07-22T09:45:00Z,2026-07-22T11:45:00+0200,5385.122,MW,DE,DE_LU,actual_offshore_wind_generation,Wind Offshore,2026-08-01T08:46:56Z
2026-08-01T08:44:53Z,2026-08-01T10:44:53+0200,ec999b8f-4b0e-4160-bee3-118ddd8c6904,2026-07-22T10:00:00Z,2026-07-22T12:00:00+0200,5365.923,MW,DE,DE_LU,actual_offshore_wind_generation,Wind Offshore,2026-08-01T08:46:56Z
2026-08-01T08:44:53Z,2026-08-01T10:44:53+0200,ec999b8f-4b0e-4160-bee3-118ddd8c6904,2026-07-22T10:15:00Z,2026-07-22T12:15:00+0200,5329.762,MW,DE,DE_LU,actual_offshore_wind_generation,Wind Offshore,2026-08-01T08:46:56Z
2026-08-01T08:44:53Z,2026-08-01T10:44:53+0200,ec999b8f-4b0e-4160-bee3-118ddd8c6904,2026-07-22T10:30:00Z,2026-07-22T12:30:00+0200,5376.998,MW,DE,DE_LU,actual_offshore_wind_generation,Wind Offshore,2026-08-01T08:46:56Z
2026-08-01T08:44:53Z,2026-08-01T10:44:53+0200,ec999b8f-4b0e-4160-bee3-118ddd8c6904,2026-07-22T10:45:00Z,2026-07-22T12:45:00+0200,5120.43,MW,DE,DE_LU,actual_offshore_wind_generation,Wind Offshore,2026-08-01T08:46:56Z
2026-08-01T08:44:53Z,2026-08-01T10:44:53+0200,ec999b8f-4b0e-4160-bee3-118ddd8c6904,2026-07-22T11:00:00Z,2026-07-22T13:00:00+0200,5609.147,MW,DE,DE_LU,actual_offshore_wind_generation,Wind Offshore,2026-08-01T08:46:56Z
2026-08-01T08:44:53Z,2026-08-01T10:44:53+0200,ec999b8f-4b0e-4160-bee3-118ddd8c6904,2026-07-22T11:15:00Z,2026-07-22T13:15:00+0200,5686.838,MW,DE,DE_LU,actual_offshore_wind_generation,Wind Offshore,2026-08-01T08:46:56Z
2026-08-01T08:44:53Z,2026-08-01T10:44:53+0200,ec999b8f-4b0e-4160-bee3-118ddd8c6904,2026-07-22T11:30:00Z,2026-07-22T13:30:00+0200,5524.986,MW,DE,DE_LU,actual_offshore_wind_generation,Wind Offshore,2026-08-01T08:46:56Z
2026-08-01T08:44:53Z,2026-08-01T10:44:53+0200,ec999b8f-4b0e-4160-bee3-118ddd8c6904,2026-07-22T11:45:00Z,2026-07-22T13:45:00+0200,5384.052,MW,DE,DE_LU,actual_offshore_wind_generation,Wind Offshore,2026-08-01T08:46:56Z
2026-08-01T08:44:53Z,2026-08-01T10:44:53+0200,ec999b8f-4b0e-4160-bee3-118ddd8c6904,2026-07-22T12:00:00Z,2026-07-22T14:00:00+0200,5006.556,MW,DE,DE_LU,actual_offshore_wind_generation,Wind Offshore,2026-08-01T08:46:56Z
2026-08-01T08:44:53Z,2026-08-01T10:44:53+0200,ec999b8f-4b0e-4160-bee3-118ddd8c6904,2026-07-22T12:15:00Z,2026-07-22T14:15:00+0200,5128.105,MW,DE,DE_LU,actual_offshore_wind_generation,Wind Offshore,2026-08-01T08:46:56Z
2026-08-01T08:44:53Z,2026-08-01T10:44:53+0200,ec999b8f-4b0e-4160-bee3-118ddd8c6904,2026-07-22T12:30:00Z,2026-07-22T14:30:00+0200,5240.109,MW,DE,DE_LU,actual_offshore_wind_generation,Wind Offshore,2026-08-01T08:46:56Z
2026-08-01T08:44:53Z,2026-08-01T10:44:53+0200,ec999b8f-4b0e-4160-bee3-118ddd8c6904,2026-07-22T12:45:00Z,2026-07-22T14:45:00+0200,5130.366,MW,DE,DE_LU,actual_offshore_wind_generation,Wind Offshore,2026-08-01T08:46:56Z
2026-08-01T08:44:53Z,2026-08-01T10:44:53+0200,ec999b8f-4b0e-4160-bee3-118ddd8c6904,2026-07-22T13:00:00Z,2026-07-22T15:00:00+0200,5191.699,MW,DE,DE_LU,actual_offshore_wind_generation,Wind Offshore,2026-08-01T08:46:56Z
2026-08-01T08:44:53Z,2026-08-01T10:44:53+0200,ec999b8f-4b0e-4160-bee3-118ddd8c6904,2026-07-22T13:15:00Z,2026-07-22T15:15:00+0200,5376.379,MW,DE,DE_LU,actual_offshore_wind_generation,Wind Offshore,2026-08-01T08:46:56Z
2026-08-01T08:44:53Z,2026-08-01T10:44:53+0200,ec999b8f-4b0e-4160-bee3-118ddd8c6904,2026-07-22T13:30:00Z,2026-07-22T15:30:00+0200,5374.488,MW,DE,DE_LU,actual_offshore_wind_generation,Wind Offshore,2026-08-01T08:46:56Z
2026-08-01T08:44:53Z,2026-08-01T10:44:53+0200,ec999b8f-4b0e-4160-bee3-118ddd8c6904,2026-07-22T13:45:00Z,2026-07-22T15:45:00+0200,5361.035,MW,DE,DE_LU,actual_offshore_wind_generation,Wind Offshore,2026-08-01T08:46:56Z
2026-08-01T08:44:53Z,2026-08-01T10:44:53+0200,ec999b8f-4b0e-4160-bee3-118ddd8c6904,2026-07-22T14:00:00Z,2026-07-22T16:00:00+0200,4902.883,MW,DE,DE_LU,actual_offshore_wind_generation,Wind Offshore,2026-08-01T08:46:56Z
2026-08-01T08:44:53Z,2026-08-01T10:44:53+0200,ec999b8f-4b0e-4160-bee3-118ddd8c6904,2026-07-22T14:15:00Z,2026-07-22T16:15:00+0200,5061.347,MW,DE,DE_LU,actual_offshore_wind_generation,Wind Offshore,2026-08-01T08:46:56Z
2026-08-01T08:44:53Z,2026-08-01T10:44:53+0200,ec999b8f-4b0e-4160-bee3-118ddd8c6904,2026-07-22T14:30:00Z,2026-07-22T16:30:00+0200,5240.539,MW,DE,DE_LU,actual_offshore_wind_generation,Wind Offshore,2026-08-01T08:46:56Z
2026-08-01T08:44:53Z,2026-08-01T10:44:53+0200,ec999b8f-4b0e-4160-bee3-118ddd8c6904,2026-07-22T14:45:00Z,2026-07-22T16:45:00+0200,5094.035,MW,DE,DE_LU,actual_offshore_wind_generation,Wind Offshore,2026-08-01T08:46:56Z
2026-08-01T08:44:53Z,2026-08-01T10:44:53+0200,ec999b8f-4b0e-4160-bee3-118ddd8c6904,2026-07-22T15:00:00Z,2026-07-22T17:00:00+0200,3378.501,MW,DE,DE_LU,actual_offshore_wind_generation,Wind Offshore,2026-08-01T08:46:56Z
2026-08-01T08:44:53Z,2026-08-01T10:44:53+0200,ec999b8f-4b0e-4160-bee3-118ddd8c6904,2026-07-22T15:15:00Z,2026-07-22T17:15:00+0200,3376.085,MW,DE,DE_LU,actual_offshore_wind_generation,Wind Offshore,2026-08-01T08:46:56Z
2026-08-01T08:44:53Z,2026-08-01T10:44:53+0200,ec999b8f-4b0e-4160-bee3-118ddd8c6904,2026-07-22T15:30:00Z,2026-07-22T17:30:00+0200,3202.244,MW,DE,DE_LU,actual_offshore_wind_generation,Wind Offshore,2026-08-01T08:46:56Z
2026-08-01T08:44:53Z,2026-08-01T10:44:53+0200,ec999b8f-4b0e-4160-bee3-118ddd8c6904,2026-07-22T15:45:00Z,2026-07-22T17:45:00+0200,3240.198,MW,DE,DE_LU,actual_offshore_wind_generation,Wind Offshore,2026-08-01T08:46:56Z
2026-08-01T08:44:53Z,2026-08-01T10:44:53+0200,ec999b8f-4b0e-4160-bee3-118ddd8c6904,2026-07-22T16:00:00Z,2026-07-22T18:00:00+0200,3714.1,MW,DE,DE_LU,actual_offshore_wind_generation,Wind Offshore,2026-08-01T08:46:56Z
2026-08-01T08:44:53Z,2026-08-01T10:44:53+0200,ec999b8f-4b0e-4160-bee3-118ddd8c6904,2026-07-22T16:15:00Z,2026-07-22T18:15:00+0200,3642.426,MW,DE,DE_LU,actual_offshore_wind_generation,Wind Offshore,2026-08-01T08:46:56Z
2026-08-01T08:44:53Z,2026-08-01T10:44:53+0200,ec999b8f-4b0e-4160-bee3-118ddd8c6904,2026-07-22T16:30:00Z,2026-07-22T18:30:00+0200,3349.456,MW,DE,DE_LU,actual_offshore_wind_generation,Wind Offshore,2026-08-01T08:46:56Z
2026-08-01T08:44:53Z,2026-08-01T10:44:53+0200,ec999b8f-4b0e-4160-bee3-118ddd8c6904,2026-07-22T16:45:00Z,2026-07-22T18:45:00+0200,3348.075,MW,DE,DE_LU,actual_offshore_wind_generation,Wind Offshore,2026-08-01T08:46:56Z
2026-08-01T08:44:53Z,2026-08-01T10:44:53+0200,ec999b8f-4b0e-4160-bee3-118ddd8c6904,2026-07-22T17:00:00Z,2026-07-22T19:00:00+0200,4468.261,MW,DE,DE_LU,actual_offshore_wind_generation,Wind Offshore,2026-08-01T08:46:56Z
2026-08-01T08:44:53Z,2026-08-01T10:44:53+0200,ec999b8f-4b0e-4160-bee3-118ddd8c6904,2026-07-22T17:15:00Z,2026-07-22T19:15:00+0200,4645.579,MW,DE,DE_LU,actual_offshore_wind_generation,Wind Offshore,2026-08-01T08:46:56Z
2026-08-01T08:44:53Z,2026-08-01T10:44:53+0200,ec999b8f-4b0e-4160-bee3-118ddd8c6904,2026-07-22T17:30:00Z,2026-07-22T19:30:00+0200,4428.235,MW,DE,DE_LU,actual_offshore_wind_generation,Wind Offshore,2026-08-01T08:46:56Z
2026-08-01T08:44:53Z,2026-08-01T10:44:53+0200,ec999b8f-4b0e-4160-bee3-118ddd8c6904,2026-07-22T17:45:00Z,2026-07-22T19:45:00+0200,4042.961,MW,DE,DE_LU,actual_offshore_wind_generation,Wind Offshore,2026-08-01T08:46:56Z
2026-08-01T08:44:53Z,2026-08-01T10:44:53+0200,ec999b8f-4b0e-4160-bee3-118ddd8c6904,2026-07-22T18:00:00Z,2026-07-22T20:00:00+0200,4787.653,MW,DE,DE_LU,actual_offshore_wind_generation,Wind Offshore,2026-08-01T08:46:56Z
2026-08-01T08:44:53Z,2026-08-01T10:44:53+0200,ec999b8f-4b0e-4160-bee3-118ddd8c6904,2026-07-22T18:15:00Z,2026-07-22T20:15:00+0200,4874.463,MW,DE,DE_LU,actual_offshore_wind_generation,Wind Offshore,2026-08-01T08:46:56Z
2026-08-01T08:44:53Z,2026-08-01T10:44:53+0200,ec999b8f-4b0e-4160-bee3-118ddd8c6904,2026-07-22T18:30:00Z,2026-07-22T20:30:00+0200,4852.715,MW,DE,DE_LU,actual_offshore_wind_generation,Wind Offshore,2026-08-01T08:46:56Z
2026-08-01T08:44:53Z,2026-08-01T10:44:53+0200,ec999b8f-4b0e-4160-bee3-118ddd8c6904,2026-07-22T18:45:00Z,2026-07-22T20:45:00+0200,4703.167,MW,DE,DE_LU,actual_offshore_wind_generation,Wind Offshore,2026-08-01T08:46:56Z
2026-08-01T08:44:53Z,2026-08-01T10:44:53+0200,ec999b8f-4b0e-4160-bee3-118ddd8c6904,2026-07-22T19:00:00Z,2026-07-22T21:00:00+0200,5202.161,MW,DE,DE_LU,actual_offshore_wind_generation,Wind Offshore,2026-08-01T08:46:56Z
2026-08-01T08:44:53Z,2026-08-01T10:44:53+0200,ec999b8f-4b0e-4160-bee3-118ddd8c6904,2026-07-22T19:15:00Z,2026-07-22T21:15:00+0200,5005.162,MW,DE,DE_LU,actual_offshore_wind_generation,Wind Offshore,2026-08-01T08:46:56Z
2026-08-01T08:44:53Z,2026-08-01T10:44:53+0200,ec999b8f-4b0e-4160-bee3-118ddd8c6904,2026-07-22T19:30:00Z,2026-07-22T21:30:00+0200,4834.672,MW,DE,DE_LU,actual_offshore_wind_generation,Wind Offshore,2026-08-01T08:46:56Z
2026-08-01T08:44:53Z,2026-08-01T10:44:53+0200,ec999b8f-4b0e-4160-bee3-118ddd8c6904,2026-07-22T19:45:00Z,2026-07-22T21:45:00+0200,4863.541,MW,DE,DE_LU,actual_offshore_wind_generation,Wind Offshore,2026-08-01T08:46:56Z
2026-08-01T08:44:53Z,2026-08-01T10:44:53+0200,ec999b8f-4b0e-4160-bee3-118ddd8c6904,2026-07-22T20:00:00Z,2026-07-22T22:00:00+0200,4740.44,MW,DE,DE_LU,actual_offshore_wind_generation,Wind Offshore,2026-08-01T08:46:56Z
2026-08-01T08:44:53Z,2026-08-01T10:44:53+0200,ec999b8f-4b0e-4160-bee3-118ddd8c6904,2026-07-22T20:15:00Z,2026-07-22T22:15:00+0200,4783.248,MW,DE,DE_LU,actual_offshore_wind_generation,Wind Offshore,2026-08-01T08:46:56Z
2026-08-01T08:44:53Z,2026-08-01T10:44:53+0200,ec999b8f-4b0e-4160-bee3-118ddd8c6904,2026-07-22T20:30:00Z,2026-07-22T22:30:00+0200,4719.655,MW,DE,DE_LU,actual_offshore_wind_generation,Wind Offshore,2026-08-01T08:46:56Z
2026-08-01T08:44:53Z,2026-08-01T10:44:53+0200,ec999b8f-4b0e-4160-bee3-118ddd8c6904,2026-07-22T20:45:00Z,2026-07-22T22:45:00+0200,4793.436,MW,DE,DE_LU,actual_offshore_wind_generation,Wind Offshore,2026-08-01T08:46:56Z
2026-08-01T08:44:53Z,2026-08-01T10:44:53+0200,ec999b8f-4b0e-4160-bee3-118ddd8c6904,2026-07-22T21:00:00Z,2026-07-22T23:00:00+0200,4868.06,MW,DE,DE_LU,actual_offshore_wind_generation,Wind Offshore,2026-08-01T08:46:56Z
2026-08-01T08:44:53Z,2026-08-01T10:44:53+0200,ec999b8f-4b0e-4160-bee3-118ddd8c6904,2026-07-22T21:15:00Z,2026-07-22T23:15:00+0200,4772.938,MW,DE,DE_LU,actual_offshore_wind_generation,Wind Offshore,2026-08-01T08:46:56Z
2026-08-01T08:44:53Z,2026-08-01T10:44:53+0200,ec999b8f-4b0e-4160-bee3-118ddd8c6904,2026-07-22T21:30:00Z,2026-07-22T23:30:00+0200,4508.933,MW,DE,DE_LU,actual_offshore_wind_generation,Wind Offshore,2026-08-01T08:46:56Z
2026-08-01T08:44:53Z,2026-08-01T10:44:53+0200,ec999b8f-4b0e-4160-bee3-118ddd8c6904,2026-07-22T21:45:00Z,2026-07-22T23:45:00+0200,4491.508,MW,DE,DE_LU,actual_offshore_wind_generation,Wind Offshore,2026-08-01T08:46:56Z
2026-08-01T08:44:53Z,2026-08-01T10:44:53+0200,ec999b8f-4b0e-4160-bee3-118ddd8c6904,2026-07-22T22:00:00Z,2026-07-23T00:00:00+0200,5526.937,MW,DE,DE_LU,actual_offshore_wind_generation,Wind Offshore,2026-08-01T08:46:56Z
2026-08-01T08:44:53Z,2026-08-01T10:44:53+0200,ec999b8f-4b0e-4160-bee3-118ddd8c6904,2026-07-22T22:15:00Z,2026-07-23T00:15:00+0200,5948.011,MW,DE,DE_LU,actual_offshore_wind_generation,Wind Offshore,2026-08-01T08:46:56Z
2026-08-01T08:44:53Z,2026-08-01T10:44:53+0200,ec999b8f-4b0e-4160-bee3-118ddd8c6904,2026-07-22T22:30:00Z,2026-07-23T00:30:00+0200,5705.95,MW,DE,DE_LU,actual_offshore_wind_generation,Wind Offshore,2026-08-01T08:46:56Z
2026-08-01T08:44:53Z,2026-08-01T10:44:53+0200,ec999b8f-4b0e-4160-bee3-118ddd8c6904,2026-07-22T22:45:00Z,2026-07-23T00:45:00+0200,5617.943,MW,DE,DE_LU,actual_offshore_wind_generation,Wind Offshore,2026-08-01T08:46:56Z
2026-08-01T08:44:53Z,2026-08-01T10:44:53+0200,ec999b8f-4b0e-4160-bee3-118ddd8c6904,2026-07-22T23:00:00Z,2026-07-23T01:00:00+0200,5903.007,MW,DE,DE_LU,actual_offshore_wind_generation,Wind Offshore,2026-08-01T08:46:56Z
2026-08-01T08:44:53Z,2026-08-01T10:44:53+0200,ec999b8f-4b0e-4160-bee3-118ddd8c6904,2026-07-22T23:15:00Z,2026-07-23T01:15:00+0200,5896.986,MW,DE,DE_LU,actual_offshore_wind_generation,Wind Offshore,2026-08-01T08:46:56Z
2026-08-01T08:44:53Z,2026-08-01T10:44:53+0200,ec999b8f-4b0e-4160-bee3-118ddd8c6904,2026-07-22T23:30:00Z,2026-07-23T01:30:00+0200,5784.893,MW,DE,DE_LU,actual_offshore_wind_generation,Wind Offshore,2026-08-01T08:46:56Z
2026-08-01T08:44:53Z,2026-08-01T10:44:53+0200,ec999b8f-4b0e-4160-bee3-118ddd8c6904,2026-07-22T23:45:00Z,2026-07-23T01:45:00+0200,5714.138,MW,DE,DE_LU,actual_offshore_wind_generation,Wind Offshore,2026-08-01T08:46:56Z
2026-08-01T08:44:53Z,2026-08-01T10:44:53+0200,ec999b8f-4b0e-4160-bee3-118ddd8c6904,2026-07-23T00:00:00Z,2026-07-23T02:00:00+0200,5985.295,MW,DE,DE_LU,actual_offshore_wind_generation,Wind Offshore,2026-08-01T08:46:56Z
2026-08-01T08:44:53Z,2026-08-01T10:44:53+0200,ec999b8f-4b0e-4160-bee3-118ddd8c6904,2026-07-23T00:15:00Z,2026-07-23T02:15:00+0200,6175.15,MW,DE,DE_LU,actual_offshore_wind_generation,Wind Offshore,2026-08-01T08:46:56Z
2026-08-01T08:44:53Z,2026-08-01T10:44:53+0200,ec999b8f-4b0e-4160-bee3-118ddd8c6904,2026-07-23T00:30:00Z,2026-07-23T02:30:00+0200,6403.033,MW,DE,DE_LU,actual_offshore_wind_generation,Wind Offshore,2026-08-01T08:46:56Z
2026-08-01T08:44:53Z,2026-08-01T10:44:53+0200,ec999b8f-4b0e-4160-bee3-118ddd8c6904,2026-07-23T00:45:00Z,2026-07-23T02:45:00+0200,6163.311,MW,DE,DE_LU,actual_offshore_wind_generation,Wind Offshore,2026-08-01T08:46:56Z
2026-08-01T08:44:53Z,2026-08-01T10:44:53+0200,ec999b8f-4b0e-4160-bee3-118ddd8c6904,2026-07-23T01:00:00Z,2026-07-23T03:00:00+0200,6097.758,MW,DE,DE_LU,actual_offshore_wind_generation,Wind Offshore,2026-08-01T08:46:56Z
2026-08-01T08:44:53Z,2026-08-01T10:44:53+0200,ec999b8f-4b0e-4160-bee3-118ddd8c6904,2026-07-23T01:15:00Z,2026-07-23T03:15:00+0200,6143.608,MW,DE,DE_LU,actual_offshore_wind_generation,Wind Offshore,2026-08-01T08:46:56Z
2026-08-01T08:44:53Z,2026-08-01T10:44:53+0200,ec999b8f-4b0e-4160-bee3-118ddd8c6904,2026-07-23T01:30:00Z,2026-07-23T03:30:00+0200,6113.555,MW,DE,DE_LU,actual_offshore_wind_generation,Wind Offshore,2026-08-01T08:46:56Z
2026-08-01T08:44:53Z,2026-08-01T10:44:53+0200,ec999b8f-4b0e-4160-bee3-118ddd8c6904,2026-07-23T01:45:00Z,2026-07-23T03:45:00+0200,6002.461,MW,DE,DE_LU,actual_offshore_wind_generation,Wind Offshore,2026-08-01T08:46:56Z
2026-08-01T08:44:53Z,2026-08-01T10:44:53+0200,ec999b8f-4b0e-4160-bee3-118ddd8c6904,2026-07-23T02:00:00Z,2026-07-23T04:00:00+0200,5742.967,MW,DE,DE_LU,actual_offshore_wind_generation,Wind Offshore,2026-08-01T08:46:56Z
2026-08-01T08:44:53Z,2026-08-01T10:44:53+0200,ec999b8f-4b0e-4160-bee3-118ddd8c6904,2026-07-23T02:15:00Z,2026-07-23T04:15:00+0200,5594.802,MW,DE,DE_LU,actual_offshore_wind_generation,Wind Offshore,2026-08-01T08:46:56Z
2026-08-01T08:44:53Z,2026-08-01T10:44:53+0200,ec999b8f-4b0e-4160-bee3-118ddd8c6904,2026-07-23T02:30:00Z,2026-07-23T04:30:00+0200,5628.518,MW,DE,DE_LU,actual_offshore_wind_generation,Wind Offshore,2026-08-01T08:46:56Z
2026-08-01T08:44:53Z,2026-08-01T10:44:53+0200,ec999b8f-4b0e-4160-bee3-118ddd8c6904,2026-07-23T02:45:00Z,2026-07-23T04:45:00+0200,5942.671,MW,DE,DE_LU,actual_offshore_wind_generation,Wind Offshore,2026-08-01T08:46:56Z
2026-08-01T08:44:53Z,2026-08-01T10:44:53+0200,ec999b8f-4b0e-4160-bee3-118ddd8c6904,2026-07-23T03:00:00Z,2026-07-23T05:00:00+0200,5853.364,MW,DE,DE_LU,actual_offshore_wind_generation,Wind Offshore,2026-08-01T08:46:56Z
2026-08-01T08:44:53Z,2026-08-01T10:44:53+0200,ec999b8f-4b0e-4160-bee3-118ddd8c6904,2026-07-23T03:15:00Z,2026-07-23T05:15:00+0200,5810.556,MW,DE,DE_LU,actual_offshore_wind_generation,Wind Offshore,2026-08-01T08:46:56Z
2026-08-01T08:44:53Z,2026-08-01T10:44:53+0200,ec999b8f-4b0e-4160-bee3-118ddd8c6904,2026-07-23T03:30:00Z,2026-07-23T05:30:00+0200,5919.231,MW,DE,DE_LU,actual_offshore_wind_generation,Wind Offshore,2026-08-01T08:46:56Z
2026-08-01T08:44:53Z,2026-08-01T10:44:53+0200,ec999b8f-4b0e-4160-bee3-118ddd8c6904,2026-07-23T03:45:00Z,2026-07-23T05:45:00+0200,6057.238,MW,DE,DE_LU,actual_offshore_wind_generation,Wind Offshore,2026-08-01T08:46:56Z
2026-08-01T08:44:53Z,2026-08-01T10:44:53+0200,ec999b8f-4b0e-4160-bee3-118ddd8c6904,2026-07-23T04:00:00Z,2026-07-23T06:00:00+0200,5713.779,MW,DE,DE_LU,actual_offshore_wind_generation,Wind Offshore,2026-08-01T08:46:56Z
2026-08-01T08:44:53Z,2026-08-01T10:44:53+0200,ec999b8f-4b0e-4160-bee3-118ddd8c6904,2026-07-23T04:15:00Z,2026-07-23T06:15:00+0200,5402.889,MW,DE,DE_LU,actual_offshore_wind_generation,Wind Offshore,2026-08-01T08:46:56Z
2026-08-01T08:44:53Z,2026-08-01T10:44:53+0200,ec999b8f-4b0e-4160-bee3-118ddd8c6904,2026-07-23T04:30:00Z,2026-07-23T06:30:00+0200,5471.822,MW,DE,DE_LU,actual_offshore_wind_generation,Wind Offshore,2026-08-01T08:46:56Z
2026-08-01T08:44:53Z,2026-08-01T10:44:53+0200,ec999b8f-4b0e-4160-bee3-118ddd8c6904,2026-07-23T04:45:00Z,2026-07-23T06:45:00+0200,5634.354,MW,DE,DE_LU,actual_offshore_wind_generation,Wind Offshore,2026-08-01T08:46:56Z
2026-08-01T08:44:53Z,2026-08-01T10:44:53+0200,ec999b8f-4b0e-4160-bee3-118ddd8c6904,2026-07-23T05:00:00Z,2026-07-23T07:00:00+0200,5296.783,MW,DE,DE_LU,actual_offshore_wind_generation,Wind Offshore,2026-08-01T08:46:56Z
2026-08-01T08:44:53Z,2026-08-01T10:44:53+0200,ec999b8f-4b0e-4160-bee3-118ddd8c6904,2026-07-23T05:15:00Z,2026-07-23T07:15:00+0200,5255.111,MW,DE,DE_LU,actual_offshore_wind_generation,Wind Offshore,2026-08-01T08:46:56Z
2026-08-01T08:44:53Z,2026-08-01T10:44:53+0200,ec999b8f-4b0e-4160-bee3-118ddd8c6904,2026-07-23T05:30:00Z,2026-07-23T07:30:00+0200,5230.26,MW,DE,DE_LU,actual_offshore_wind_generation,Wind Offshore,2026-08-01T08:46:56Z
2026-08-01T08:44:53Z,2026-08-01T10:44:53+0200,ec999b8f-4b0e-4160-bee3-118ddd8c6904,2026-07-23T05:45:00Z,2026-07-23T07:45:00+0200,4997.35,MW,DE,DE_LU,actual_offshore_wind_generation,Wind Offshore,2026-08-01T08:46:56Z
2026-08-01T08:44:53Z,2026-08-01T10:44:53+0200,ec999b8f-4b0e-4160-bee3-118ddd8c6904,2026-07-23T06:00:00Z,2026-07-23T08:00:00+0200,4359.168,MW,DE,DE_LU,actual_offshore_wind_generation,Wind Offshore,2026-08-01T08:46:56Z
2026-08-01T08:44:53Z,2026-08-01T10:44:53+0200,ec999b8f-4b0e-4160-bee3-118ddd8c6904,2026-07-23T06:15:00Z,2026-07-23T08:15:00+0200,4034.372,MW,DE,DE_LU,actual_offshore_wind_generation,Wind Offshore,2026-08-01T08:46:56Z
2026-08-01T08:44:53Z,2026-08-01T10:44:53+0200,ec999b8f-4b0e-4160-bee3-118ddd8c6904,2026-07-23T06:30:00Z,2026-07-23T08:30:00+0200,3873.299,MW,DE,DE_LU,actual_offshore_wind_generation,Wind Offshore,2026-08-01T08:46:56Z
2026-08-01T08:44:53Z,2026-08-01T10:44:53+0200,ec999b8f-4b0e-4160-bee3-118ddd8c6904,2026-07-23T06:45:00Z,2026-07-23T08:45:00+0200,3954.921,MW,DE,DE_LU,actual_offshore_wind_generation,Wind Offshore,2026-08-01T08:46:56Z
2026-08-01T08:44:53Z,2026-08-01T10:44:53+0200,ec999b8f-4b0e-4160-bee3-118ddd8c6904,2026-07-23T07:00:00Z,2026-07-23T09:00:00+0200,3682.673,MW,DE,DE_LU,actual_offshore_wind_generation,Wind Offshore,2026-08-01T08:46:56Z
2026-08-01T08:44:53Z,2026-08-01T10:44:53+0200,ec999b8f-4b0e-4160-bee3-118ddd8c6904,2026-07-23T07:15:00Z,2026-07-23T09:15:00+0200,3349.906,MW,DE,DE_LU,actual_offshore_wind_generation,Wind Offshore,2026-08-01T08:46:56Z
2026-08-01T08:44:53Z,2026-08-01T10:44:53+0200,ec999b8f-4b0e-4160-bee3-118ddd8c6904,2026-07-23T07:30:00Z,2026-07-23T09:30:00+0200,3382.86,MW,DE,DE_LU,actual_offshore_wind_generation,Wind Offshore,2026-08-01T08:46:56Z
2026-08-01T08:44:53Z,2026-08-01T10:44:53+0200,ec999b8f-4b0e-4160-bee3-118ddd8c6904,2026-07-23T07:45:00Z,2026-07-23T09:45:00+0200,3230.977,MW,DE,DE_LU,actual_offshore_wind_generation,Wind Offshore,2026-08-01T08:46:56Z
2026-08-01T08:44:53Z,2026-08-01T10:44:53+0200,ec999b8f-4b0e-4160-bee3-118ddd8c6904,2026-07-23T08:00:00Z,2026-07-23T10:00:00+0200,3106.792,MW,DE,DE_LU,actual_offshore_wind_generation,Wind Offshore,2026-08-01T08:46:56Z
2026-08-01T08:44:53Z,2026-08-01T10:44:53+0200,ec999b8f-4b0e-4160-bee3-118ddd8c6904,2026-07-23T08:15:00Z,2026-07-23T10:15:00+0200,3079.034,MW,DE,DE_LU,actual_offshore_wind_generation,Wind Offshore,2026-08-01T08:46:56Z
2026-08-01T08:44:53Z,2026-08-01T10:44:53+0200,ec999b8f-4b0e-4160-bee3-118ddd8c6904,2026-07-23T08:30:00Z,2026-07-23T10:30:00+0200,2905.324,MW,DE,DE_LU,actual_offshore_wind_generation,Wind Offshore,2026-08-01T08:46:56Z
2026-08-01T08:44:53Z,2026-08-01T10:44:53+0200,ec999b8f-4b0e-4160-bee3-118ddd8c6904,2026-07-23T08:45:00Z,2026-07-23T10:45:00+0200,2889.175,MW,DE,DE_LU,actual_offshore_wind_generation,Wind Offshore,2026-08-01T08:46:56Z
2026-08-01T08:44:53Z,2026-08-01T10:44:53+0200,ec999b8f-4b0e-4160-bee3-118ddd8c6904,2026-07-23T09:00:00Z,2026-07-23T11:00:00+0200,2788.824,MW,DE,DE_LU,actual_offshore_wind_generation,Wind Offshore,2026-08-01T08:46:56Z
2026-08-01T08:44:53Z,2026-08-01T10:44:53+0200,ec999b8f-4b0e-4160-bee3-118ddd8c6904,2026-07-23T09:15:00Z,2026-07-23T11:15:00+0200,2698.554,MW,DE,DE_LU,actual_offshore_wind_generation,Wind Offshore,2026-08-01T08:46:56Z
2026-08-01T08:44:53Z,2026-08-01T10:44:53+0200,ec999b8f-4b0e-4160-bee3-118ddd8c6904,2026-07-23T09:30:00Z,2026-07-23T11:30:00+0200,2580.72,MW,DE,DE_LU,actual_offshore_wind_generation,Wind Offshore,2026-08-01T08:46:56Z
2026-08-01T08:44:53Z,2026-08-01T10:44:53+0200,ec999b8f-4b0e-4160-bee3-118ddd8c6904,2026-07-23T09:45:00Z,2026-07-23T11:45:00+0200,2476.805,MW,DE,DE_LU,actual_offshore_wind_generation,Wind Offshore,2026-08-01T08:46:56Z
2026-08-01T08:44:53Z,2026-08-01T10:44:53+0200,ec999b8f-4b0e-4160-bee3-118ddd8c6904,2026-07-23T10:00:00Z,2026-07-23T12:00:00+0200,2516.461,MW,DE,DE_LU,actual_offshore_wind_generation,Wind Offshore,2026-08-01T08:46:56Z
2026-08-01T08:44:53Z,2026-08-01T10:44:53+0200,ec999b8f-4b0e-4160-bee3-118ddd8c6904,2026-07-23T10:15:00Z,2026-07-23T12:15:00+0200,2564.607,MW,DE,DE_LU,actual_offshore_wind_generation,Wind Offshore,2026-08-01T08:46:56Z
2026-08-01T08:44:53Z,2026-08-01T10:44:53+0200,ec999b8f-4b0e-4160-bee3-118ddd8c6904,2026-07-23T10:30:00Z,2026-07-23T12:30:00+0200,2734.794,MW,DE,DE_LU,actual_offshore_wind_generation,Wind Offshore,2026-08-01T08:46:56Z
2026-08-01T08:44:53Z,2026-08-01T10:44:53+0200,ec999b8f-4b0e-4160-bee3-118ddd8c6904,2026-07-23T10:45:00Z,2026-07-23T12:45:00+0200,2737.176,MW,DE,DE_LU,actual_offshore_wind_generation,Wind Offshore,2026-08-01T08:46:56Z
2026-08-01T08:44:53Z,2026-08-01T10:44:53+0200,ec999b8f-4b0e-4160-bee3-118ddd8c6904,2026-07-23T11:00:00Z,2026-07-23T13:00:00+0200,2692.044,MW,DE,DE_LU,actual_offshore_wind_generation,Wind Offshore,2026-08-01T08:46:56Z
2026-08-01T08:44:53Z,2026-08-01T10:44:53+0200,ec999b8f-4b0e-4160-bee3-118ddd8c6904,2026-07-23T11:15:00Z,2026-07-23T13:15:00+0200,2596.102,MW,DE,DE_LU,actual_offshore_wind_generation,Wind Offshore,2026-08-01T08:46:56Z
2026-08-01T08:44:53Z,2026-08-01T10:44:53+0200,ec999b8f-4b0e-4160-bee3-118ddd8c6904,2026-07-23T11:30:00Z,2026-07-23T13:30:00+0200,2415.04,MW,DE,DE_LU,actual_offshore_wind_generation,Wind Offshore,2026-08-01T08:46:56Z
2026-08-01T08:44:53Z,2026-08-01T10:44:53+0200,ec999b8f-4b0e-4160-bee3-118ddd8c6904,2026-07-23T11:45:00Z,2026-07-23T13:45:00+0200,2389.975,MW,DE,DE_LU,actual_offshore_wind_generation,Wind Offshore,2026-08-01T08:46:56Z
2026-08-01T08:44:53Z,2026-08-01T10:44:53+0200,ec999b8f-4b0e-4160-bee3-118ddd8c6904,2026-07-23T12:00:00Z,2026-07-23T14:00:00+0200,2435.375,MW,DE,DE_LU,actual_offshore_wind_generation,Wind Offshore,2026-08-01T08:46:56Z
2026-08-01T08:44:53Z,2026-08-01T10:44:53+0200,ec999b8f-4b0e-4160-bee3-118ddd8c6904,2026-07-23T12:15:00Z,2026-07-23T14:15:00+0200,2060.548,MW,DE,DE_LU,actual_offshore_wind_generation,Wind Offshore,2026-08-01T08:46:56Z
2026-08-01T08:44:53Z,2026-08-01T10:44:53+0200,ec999b8f-4b0e-4160-bee3-118ddd8c6904,2026-07-23T12:30:00Z,2026-07-23T14:30:00+0200,1940.893,MW,DE,DE_LU,actual_offshore_wind_generation,Wind Offshore,2026-08-01T08:46:56Z
2026-08-01T08:44:53Z,2026-08-01T10:44:53+0200,ec999b8f-4b0e-4160-bee3-118ddd8c6904,2026-07-23T12:45:00Z,2026-07-23T14:45:00+0200,1943.093,MW,DE,DE_LU,actual_offshore_wind_generation,Wind Offshore,2026-08-01T08:46:56Z
2026-08-01T08:44:53Z,2026-08-01T10:44:53+0200,ec999b8f-4b0e-4160-bee3-118ddd8c6904,2026-07-23T13:00:00Z,2026-07-23T15:00:00+0200,1940.541,MW,DE,DE_LU,actual_offshore_wind_generation,Wind Offshore,2026-08-01T08:46:56Z
2026-08-01T08:44:53Z,2026-08-01T10:44:53+0200,ec999b8f-4b0e-4160-bee3-118ddd8c6904,2026-07-23T13:15:00Z,2026-07-23T15:15:00+0200,1968.202,MW,DE,DE_LU,actual_offshore_wind_generation,Wind Offshore,2026-08-01T08:46:56Z
2026-08-01T08:44:53Z,2026-08-01T10:44:53+0200,ec999b8f-4b0e-4160-bee3-118ddd8c6904,2026-07-23T13:30:00Z,2026-07-23T15:30:00+0200,1997.75,MW,DE,DE_LU,actual_offshore_wind_generation,Wind Offshore,2026-08-01T08:46:56Z
2026-08-01T08:44:53Z,2026-08-01T10:44:53+0200,ec999b8f-4b0e-4160-bee3-118ddd8c6904,2026-07-23T13:45:00Z,2026-07-23T15:45:00+0200,1922.699,MW,DE,DE_LU,actual_offshore_wind_generation,Wind Offshore,2026-08-01T08:46:56Z
2026-08-01T08:44:53Z,2026-08-01T10:44:53+0200,ec999b8f-4b0e-4160-bee3-118ddd8c6904,2026-07-23T14:00:00Z,2026-07-23T16:00:00+0200,2066.532,MW,DE,DE_LU,actual_offshore_wind_generation,Wind Offshore,2026-08-01T08:46:56Z
2026-08-01T08:44:53Z,2026-08-01T10:44:53+0200,ec999b8f-4b0e-4160-bee3-118ddd8c6904,2026-07-23T14:15:00Z,2026-07-23T16:15:00+0200,2245.747,MW,DE,DE_LU,actual_offshore_wind_generation,Wind Offshore,2026-08-01T08:46:56Z
2026-08-01T08:44:53Z,2026-08-01T10:44:53+0200,ec999b8f-4b0e-4160-bee3-118ddd8c6904,2026-07-23T14:30:00Z,2026-07-23T16:30:00+0200,2282.166,MW,DE,DE_LU,actual_offshore_wind_generation,Wind Offshore,2026-08-01T08:46:56Z
2026-08-01T08:44:53Z,2026-08-01T10:44:53+0200,ec999b8f-4b0e-4160-bee3-118ddd8c6904,2026-07-23T14:45:00Z,2026-07-23T16:45:00+0200,2252.142,MW,DE,DE_LU,actual_offshore_wind_generation,Wind Offshore,2026-08-01T08:46:56Z
2026-08-01T08:44:53Z,2026-08-01T10:44:53+0200,ec999b8f-4b0e-4160-bee3-118ddd8c6904,2026-07-23T15:00:00Z,2026-07-23T17:00:00+0200,2288.024,MW,DE,DE_LU,actual_offshore_wind_generation,Wind Offshore,2026-08-01T08:46:56Z
2026-08-01T08:44:53Z,2026-08-01T10:44:53+0200,ec999b8f-4b0e-4160-bee3-118ddd8c6904,2026-07-23T15:15:00Z,2026-07-23T17:15:00+0200,2410.895,MW,DE,DE_LU,actual_offshore_wind_generation,Wind Offshore,2026-08-01T08:46:56Z
2026-08-01T08:44:53Z,2026-08-01T10:44:53+0200,ec999b8f-4b0e-4160-bee3-118ddd8c6904,2026-07-23T15:30:00Z,2026-07-23T17:30:00+0200,2503.951,MW,DE,DE_LU,actual_offshore_wind_generation,Wind Offshore,2026-08-01T08:46:56Z
2026-08-01T08:44:53Z,2026-08-01T10:44:53+0200,ec999b8f-4b0e-4160-bee3-118ddd8c6904,2026-07-23T15:45:00Z,2026-07-23T17:45:00+0200,2537.229,MW,DE,DE_LU,actual_offshore_wind_generation,Wind Offshore,2026-08-01T08:46:56Z
2026-08-01T08:44:53Z,2026-08-01T10:44:53+0200,ec999b8f-4b0e-4160-bee3-118ddd8c6904,2026-07-23T16:00:00Z,2026-07-23T18:00:00+0200,2447.384,MW,DE,DE_LU,actual_offshore_wind_generation,Wind Offshore,2026-08-01T08:46:56Z
2026-08-01T08:44:53Z,2026-08-01T10:44:53+0200,ec999b8f-4b0e-4160-bee3-118ddd8c6904,2026-07-23T16:15:00Z,2026-07-23T18:15:00+0200,2366.792,MW,DE,DE_LU,actual_offshore_wind_generation,Wind Offshore,2026-08-01T08:46:56Z
2026-08-01T08:44:53Z,2026-08-01T10:44:53+0200,ec999b8f-4b0e-4160-bee3-118ddd8c6904,2026-07-23T16:30:00Z,2026-07-23T18:30:00+0200,2219.65,MW,DE,DE_LU,actual_offshore_wind_generation,Wind Offshore,2026-08-01T08:46:56Z
2026-08-01T08:44:53Z,2026-08-01T10:44:53+0200,ec999b8f-4b0e-4160-bee3-118ddd8c6904,2026-07-23T16:45:00Z,2026-07-23T18:45:00+0200,2140.209,MW,DE,DE_LU,actual_offshore_wind_generation,Wind Offshore,2026-08-01T08:46:56Z
2026-08-01T08:44:53Z,2026-08-01T10:44:53+0200,ec999b8f-4b0e-4160-bee3-118ddd8c6904,2026-07-23T17:00:00Z,2026-07-23T19:00:00+0200,2168.301,MW,DE,DE_LU,actual_offshore_wind_generation,Wind Offshore,2026-08-01T08:46:56Z
2026-08-01T08:44:53Z,2026-08-01T10:44:53+0200,ec999b8f-4b0e-4160-bee3-118ddd8c6904,2026-07-23T17:15:00Z,2026-07-23T19:15:00+0200,2258.596,MW,DE,DE_LU,actual_offshore_wind_generation,Wind Offshore,2026-08-01T08:46:56Z
2026-08-01T08:44:53Z,2026-08-01T10:44:53+0200,ec999b8f-4b0e-4160-bee3-118ddd8c6904,2026-07-23T17:30:00Z,2026-07-23T19:30:00+0200,2291.057,MW,DE,DE_LU,actual_offshore_wind_generation,Wind Offshore,2026-08-01T08:46:56Z
2026-08-01T08:44:53Z,2026-08-01T10:44:53+0200,ec999b8f-4b0e-4160-bee3-118ddd8c6904,2026-07-23T17:45:00Z,2026-07-23T19:45:00+0200,2277.75,MW,DE,DE_LU,actual_offshore_wind_generation,Wind Offshore,2026-08-01T08:46:56Z
2026-08-01T08:44:53Z,2026-08-01T10:44:53+0200,ec999b8f-4b0e-4160-bee3-118ddd8c6904,2026-07-23T18:00:00Z,2026-07-23T20:00:00+0200,2213.208,MW,DE,DE_LU,actual_offshore_wind_generation,Wind Offshore,2026-08-01T08:46:56Z
2026-08-01T08:44:53Z,2026-08-01T10:44:53+0200,ec999b8f-4b0e-4160-bee3-118ddd8c6904,2026-07-23T18:15:00Z,2026-07-23T20:15:00+0200,2111.248,MW,DE,DE_LU,actual_offshore_wind_generation,Wind Offshore,2026-08-01T08:46:56Z
2026-08-01T08:44:53Z,2026-08-01T10:44:53+0200,ec999b8f-4b0e-4160-bee3-118ddd8c6904,2026-07-23T18:30:00Z,2026-07-23T20:30:00+0200,2121.34,MW,DE,DE_LU,actual_offshore_wind_generation,Wind Offshore,2026-08-01T08:46:56Z
2026-08-01T08:44:53Z,2026-08-01T10:44:53+0200,ec999b8f-4b0e-4160-bee3-118ddd8c6904,2026-07-23T18:45:00Z,2026-07-23T20:45:00+0200,2153.704,MW,DE,DE_LU,actual_offshore_wind_generation,Wind Offshore,2026-08-01T08:46:56Z
2026-08-01T08:44:53Z,2026-08-01T10:44:53+0200,ec999b8f-4b0e-4160-bee3-118ddd8c6904,2026-07-23T19:00:00Z,2026-07-23T21:00:00+0200,2162.486,MW,DE,DE_LU,actual_offshore_wind_generation,Wind Offshore,2026-08-01T08:46:56Z
2026-08-01T08:44:53Z,2026-08-01T10:44:53+0200,ec999b8f-4b0e-4160-bee3-118ddd8c6904,2026-07-23T19:15:00Z,2026-07-23T21:15:00+0200,2100.357,MW,DE,DE_LU,actual_offshore_wind_generation,Wind Offshore,2026-08-01T08:46:56Z
2026-08-01T08:44:53Z,2026-08-01T10:44:53+0200,ec999b8f-4b0e-4160-bee3-118ddd8c6904,2026-07-23T19:30:00Z,2026-07-23T21:30:00+0200,2130.479,MW,DE,DE_LU,actual_offshore_wind_generation,Wind Offshore,2026-08-01T08:46:56Z
2026-08-01T08:44:53Z,2026-08-01T10:44:53+0200,ec999b8f-4b0e-4160-bee3-118ddd8c6904,2026-07-23T19:45:00Z,2026-07-23T21:45:00+0200,2182.047,MW,DE,DE_LU,actual_offshore_wind_generation,Wind Offshore,2026-08-01T08:46:56Z
2026-08-01T08:44:53Z,2026-08-01T10:44:53+0200,ec999b8f-4b0e-4160-bee3-118ddd8c6904,2026-07-23T20:00:00Z,2026-07-23T22:00:00+0200,2249.723,MW,DE,DE_LU,actual_offshore_wind_generation,Wind Offshore,2026-08-01T08:46:56Z
2026-08-01T08:44:53Z,2026-08-01T10:44:53+0200,ec999b8f-4b0e-4160-bee3-118ddd8c6904,2026-07-23T20:15:00Z,2026-07-23T22:15:00+0200,2167.773,MW,DE,DE_LU,actual_offshore_wind_generation,Wind Offshore,2026-08-01T08:46:56Z
2026-08-01T08:44:53Z,2026-08-01T10:44:53+0200,ec999b8f-4b0e-4160-bee3-118ddd8c6904,2026-07-23T20:30:00Z,2026-07-23T22:30:00+0200,2176.234,MW,DE,DE_LU,actual_offshore_wind_generation,Wind Offshore,2026-08-01T08:46:56Z
2026-08-01T08:44:53Z,2026-08-01T10:44:53+0200,ec999b8f-4b0e-4160-bee3-118ddd8c6904,2026-07-23T20:45:00Z,2026-07-23T22:45:00+0200,2277.802,MW,DE,DE_LU,actual_offshore_wind_generation,Wind Offshore,2026-08-01T08:46:56Z
2026-08-01T08:44:53Z,2026-08-01T10:44:53+0200,ec999b8f-4b0e-4160-bee3-118ddd8c6904,2026-07-23T21:00:00Z,2026-07-23T23:00:00+0200,2351.529,MW,DE,DE_LU,actual_offshore_wind_generation,Wind Offshore,2026-08-01T08:46:56Z
2026-08-01T08:44:53Z,2026-08-01T10:44:53+0200,ec999b8f-4b0e-4160-bee3-118ddd8c6904,2026-07-23T21:15:00Z,2026-07-23T23:15:00+0200,2409.103,MW,DE,DE_LU,actual_offshore_wind_generation,Wind Offshore,2026-08-01T08:46:56Z
2026-08-01T08:44:53Z,2026-08-01T10:44:53+0200,ec999b8f-4b0e-4160-bee3-118ddd8c6904,2026-07-23T21:30:00Z,2026-07-23T23:30:00+0200,2477.744,MW,DE,DE_LU,actual_offshore_wind_generation,Wind Offshore,2026-08-01T08:46:56Z
2026-08-01T08:44:53Z,2026-08-01T10:44:53+0200,ec999b8f-4b0e-4160-bee3-118ddd8c6904,2026-07-23T21:45:00Z,2026-07-23T23:45:00+0200,2692.066,MW,DE,DE_LU,actual_offshore_wind_generation,Wind Offshore,2026-08-01T08:46:56Z
2026-08-01T08:44:53Z,2026-08-01T10:44:53+0200,ec999b8f-4b0e-4160-bee3-118ddd8c6904,2026-07-23T22:00:00Z,2026-07-24T00:00:00+0200,2784.901,MW,DE,DE_LU,actual_offshore_wind_generation,Wind Offshore,2026-08-01T08:46:56Z
2026-08-01T08:44:53Z,2026-08-01T10:44:53+0200,ec999b8f-4b0e-4160-bee3-118ddd8c6904,2026-07-23T22:15:00Z,2026-07-24T00:15:00+0200,2768.309,MW,DE,DE_LU,actual_offshore_wind_generation,Wind Offshore,2026-08-01T08:46:56Z
2026-08-01T08:44:53Z,2026-08-01T10:44:53+0200,ec999b8f-4b0e-4160-bee3-118ddd8c6904,2026-07-23T22:30:00Z,2026-07-24T00:30:00+0200,2539.778,MW,DE,DE_LU,actual_offshore_wind_generation,Wind Offshore,2026-08-01T08:46:56Z
2026-08-01T08:44:53Z,2026-08-01T10:44:53+0200,ec999b8f-4b0e-4160-bee3-118ddd8c6904,2026-07-23T22:45:00Z,2026-07-24T00:45:00+0200,2349.643,MW,DE,DE_LU,actual_offshore_wind_generation,Wind Offshore,2026-08-01T08:46:56Z
2026-08-01T08:44:53Z,2026-08-01T10:44:53+0200,ec999b8f-4b0e-4160-bee3-118ddd8c6904,2026-07-23T23:00:00Z,2026-07-24T01:00:00+0200,2222.006,MW,DE,DE_LU,actual_offshore_wind_generation,Wind Offshore,2026-08-01T08:46:56Z
2026-08-01T08:44:53Z,2026-08-01T10:44:53+0200,ec999b8f-4b0e-4160-bee3-118ddd8c6904,2026-07-23T23:15:00Z,2026-07-24T01:15:00+0200,2060.29,MW,DE,DE_LU,actual_offshore_wind_generation,Wind Offshore,2026-08-01T08:46:56Z
2026-08-01T08:44:53Z,2026-08-01T10:44:53+0200,ec999b8f-4b0e-4160-bee3-118ddd8c6904,2026-07-23T23:30:00Z,2026-07-24T01:30:00+0200,1895.171,MW,DE,DE_LU,actual_offshore_wind_generation,Wind Offshore,2026-08-01T08:46:56Z
2026-08-01T08:44:53Z,2026-08-01T10:44:53+0200,ec999b8f-4b0e-4160-bee3-118ddd8c6904,2026-07-23T23:45:00Z,2026-07-24T01:45:00+0200,1802.067,MW,DE,DE_LU,actual_offshore_wind_generation,Wind Offshore,2026-08-01T08:46:56Z
2026-08-01T08:44:53Z,2026-08-01T10:44:53+0200,ec999b8f-4b0e-4160-bee3-118ddd8c6904,2026-07-24T00:00:00Z,2026-07-24T02:00:00+0200,1610.165,MW,DE,DE_LU,actual_offshore_wind_generation,Wind Offshore,2026-08-01T08:46:56Z
2026-08-01T08:44:53Z,2026-08-01T10:44:53+0200,ec999b8f-4b0e-4160-bee3-118ddd8c6904,2026-07-24T00:15:00Z,2026-07-24T02:15:00+0200,1478.119,MW,DE,DE_LU,actual_offshore_wind_generation,Wind Offshore,2026-08-01T08:46:56Z
2026-08-01T08:44:53Z,2026-08-01T10:44:53+0200,ec999b8f-4b0e-4160-bee3-118ddd8c6904,2026-07-24T00:30:00Z,2026-07-24T02:30:00+0200,1414.27,MW,DE,DE_LU,actual_offshore_wind_generation,Wind Offshore,2026-08-01T08:46:56Z
2026-08-01T08:44:53Z,2026-08-01T10:44:53+0200,ec999b8f-4b0e-4160-bee3-118ddd8c6904,2026-07-24T00:45:00Z,2026-07-24T02:45:00+0200,1458.447,MW,DE,DE_LU,actual_offshore_wind_generation,Wind Offshore,2026-08-01T08:46:56Z
2026-08-01T08:44:53Z,2026-08-01T10:44:53+0200,ec999b8f-4b0e-4160-bee3-118ddd8c6904,2026-07-24T01:00:00Z,2026-07-24T03:00:00+0200,1615.282,MW,DE,DE_LU,actual_offshore_wind_generation,Wind Offshore,2026-08-01T08:46:56Z
2026-08-01T08:44:53Z,2026-08-01T10:44:53+0200,ec999b8f-4b0e-4160-bee3-118ddd8c6904,2026-07-24T01:15:00Z,2026-07-24T03:15:00+0200,1902.004,MW,DE,DE_LU,actual_offshore_wind_generation,Wind Offshore,2026-08-01T08:46:56Z
2026-08-01T08:44:53Z,2026-08-01T10:44:53+0200,ec999b8f-4b0e-4160-bee3-118ddd8c6904,2026-07-24T01:30:00Z,2026-07-24T03:30:00+0200,2048.821,MW,DE,DE_LU,actual_offshore_wind_generation,Wind Offshore,2026-08-01T08:46:56Z
2026-08-01T08:44:53Z,2026-08-01T10:44:53+0200,ec999b8f-4b0e-4160-bee3-118ddd8c6904,2026-07-24T01:45:00Z,2026-07-24T03:45:00+0200,2028.338,MW,DE,DE_LU,actual_offshore_wind_generation,Wind Offshore,2026-08-01T08:46:56Z
2026-08-01T08:44:53Z,2026-08-01T10:44:53+0200,ec999b8f-4b0e-4160-bee3-118ddd8c6904,2026-07-24T02:00:00Z,2026-07-24T04:00:00+0200,1942.497,MW,DE,DE_LU,actual_offshore_wind_generation,Wind Offshore,2026-08-01T08:46:56Z
2026-08-01T08:44:53Z,2026-08-01T10:44:53+0200,ec999b8f-4b0e-4160-bee3-118ddd8c6904,2026-07-24T02:15:00Z,2026-07-24T04:15:00+0200,2087.831,MW,DE,DE_LU,actual_offshore_wind_generation,Wind Offshore,2026-08-01T08:46:56Z
2026-08-01T08:44:53Z,2026-08-01T10:44:53+0200,ec999b8f-4b0e-4160-bee3-118ddd8c6904,2026-07-24T02:30:00Z,2026-07-24T04:30:00+0200,2035.332,MW,DE,DE_LU,actual_offshore_wind_generation,Wind Offshore,2026-08-01T08:46:56Z
2026-08-01T08:44:53Z,2026-08-01T10:44:53+0200,ec999b8f-4b0e-4160-bee3-118ddd8c6904,2026-07-24T02:45:00Z,2026-07-24T04:45:00+0200,1901.2,MW,DE,DE_LU,actual_offshore_wind_generation,Wind Offshore,2026-08-01T08:46:56Z
2026-08-01T08:44:53Z,2026-08-01T10:44:53+0200,ec999b8f-4b0e-4160-bee3-118ddd8c6904,2026-07-24T03:00:00Z,2026-07-24T05:00:00+0200,1785.254,MW,DE,DE_LU,actual_offshore_wind_generation,Wind Offshore,2026-08-01T08:46:56Z
2026-08-01T08:44:53Z,2026-08-01T10:44:53+0200,ec999b8f-4b0e-4160-bee3-118ddd8c6904,2026-07-24T03:15:00Z,2026-07-24T05:15:00+0200,1718.325,MW,DE,DE_LU,actual_offshore_wind_generation,Wind Offshore,2026-08-01T08:46:56Z
2026-08-01T08:44:53Z,2026-08-01T10:44:53+0200,ec999b8f-4b0e-4160-bee3-118ddd8c6904,2026-07-24T03:30:00Z,2026-07-24T05:30:00+0200,1652.51,MW,DE,DE_LU,actual_offshore_wind_generation,Wind Offshore,2026-08-01T08:46:56Z
2026-08-01T08:44:53Z,2026-08-01T10:44:53+0200,ec999b8f-4b0e-4160-bee3-118ddd8c6904,2026-07-24T03:45:00Z,2026-07-24T05:45:00+0200,1729.648,MW,DE,DE_LU,actual_offshore_wind_generation,Wind Offshore,2026-08-01T08:46:56Z
2026-08-01T08:44:53Z,2026-08-01T10:44:53+0200,ec999b8f-4b0e-4160-bee3-118ddd8c6904,2026-07-24T04:00:00Z,2026-07-24T06:00:00+0200,1844.319,MW,DE,DE_LU,actual_offshore_wind_generation,Wind Offshore,2026-08-01T08:46:56Z
2026-08-01T08:44:53Z,2026-08-01T10:44:53+0200,ec999b8f-4b0e-4160-bee3-118ddd8c6904,2026-07-24T04:15:00Z,2026-07-24T06:15:00+0200,1700.893,MW,DE,DE_LU,actual_offshore_wind_generation,Wind Offshore,2026-08-01T08:46:56Z
2026-08-01T08:44:53Z,2026-08-01T10:44:53+0200,ec999b8f-4b0e-4160-bee3-118ddd8c6904,2026-07-24T04:30:00Z,2026-07-24T06:30:00+0200,1543.35,MW,DE,DE_LU,actual_offshore_wind_generation,Wind Offshore,2026-08-01T08:46:56Z
2026-08-01T08:44:53Z,2026-08-01T10:44:53+0200,ec999b8f-4b0e-4160-bee3-118ddd8c6904,2026-07-24T04:45:00Z,2026-07-24T06:45:00+0200,1417.836,MW,DE,DE_LU,actual_offshore_wind_generation,Wind Offshore,2026-08-01T08:46:56Z
2026-08-01T08:44:53Z,2026-08-01T10:44:53+0200,ec999b8f-4b0e-4160-bee3-118ddd8c6904,2026-07-24T05:00:00Z,2026-07-24T07:00:00+0200,1253.635,MW,DE,DE_LU,actual_offshore_wind_generation,Wind Offshore,2026-08-01T08:46:56Z
2026-08-01T08:44:53Z,2026-08-01T10:44:53+0200,ec999b8f-4b0e-4160-bee3-118ddd8c6904,2026-07-24T05:15:00Z,2026-07-24T07:15:00+0200,1171.064,MW,DE,DE_LU,actual_offshore_wind_generation,Wind Offshore,2026-08-01T08:46:56Z
2026-08-01T08:44:53Z,2026-08-01T10:44:53+0200,ec999b8f-4b0e-4160-bee3-118ddd8c6904,2026-07-24T05:30:00Z,2026-07-24T07:30:00+0200,1107.95,MW,DE,DE_LU,actual_offshore_wind_generation,Wind Offshore,2026-08-01T08:46:56Z
2026-08-01T08:44:53Z,2026-08-01T10:44:53+0200,ec999b8f-4b0e-4160-bee3-118ddd8c6904,2026-07-24T05:45:00Z,2026-07-24T07:45:00+0200,982.389,MW,DE,DE_LU,actual_offshore_wind_generation,Wind Offshore,2026-08-01T08:46:56Z
2026-08-01T08:44:53Z,2026-08-01T10:44:53+0200,ec999b8f-4b0e-4160-bee3-118ddd8c6904,2026-07-24T06:00:00Z,2026-07-24T08:00:00+0200,946.217,MW,DE,DE_LU,actual_offshore_wind_generation,Wind Offshore,2026-08-01T08:46:56Z
2026-08-01T08:44:53Z,2026-08-01T10:44:53+0200,ec999b8f-4b0e-4160-bee3-118ddd8c6904,2026-07-24T06:15:00Z,2026-07-24T08:15:00+0200,869.935,MW,DE,DE_LU,actual_offshore_wind_generation,Wind Offshore,2026-08-01T08:46:56Z
2026-08-01T08:44:53Z,2026-08-01T10:44:53+0200,ec999b8f-4b0e-4160-bee3-118ddd8c6904,2026-07-24T06:30:00Z,2026-07-24T08:30:00+0200,794.401,MW,DE,DE_LU,actual_offshore_wind_generation,Wind Offshore,2026-08-01T08:46:56Z
2026-08-01T08:44:53Z,2026-08-01T10:44:53+0200,ec999b8f-4b0e-4160-bee3-118ddd8c6904,2026-07-24T06:45:00Z,2026-07-24T08:45:00+0200,718.224,MW,DE,DE_LU,actual_offshore_wind_generation,Wind Offshore,2026-08-01T08:46:56Z
2026-08-01T08:44:53Z,2026-08-01T10:44:53+0200,ec999b8f-4b0e-4160-bee3-118ddd8c6904,2026-07-24T07:00:00Z,2026-07-24T09:00:00+0200,702.399,MW,DE,DE_LU,actual_offshore_wind_generation,Wind Offshore,2026-08-01T08:46:56Z
2026-08-01T08:44:53Z,2026-08-01T10:44:53+0200,ec999b8f-4b0e-4160-bee3-118ddd8c6904,2026-07-24T07:15:00Z,2026-07-24T09:15:00+0200,730.777,MW,DE,DE_LU,actual_offshore_wind_generation,Wind Offshore,2026-08-01T08:46:56Z
2026-08-01T08:44:53Z,2026-08-01T10:44:53+0200,ec999b8f-4b0e-4160-bee3-118ddd8c6904,2026-07-24T07:30:00Z,2026-07-24T09:30:00+0200,819.297,MW,DE,DE_LU,actual_offshore_wind_generation,Wind Offshore,2026-08-01T08:46:56Z
2026-08-01T08:44:53Z,2026-08-01T10:44:53+0200,ec999b8f-4b0e-4160-bee3-118ddd8c6904,2026-07-24T07:45:00Z,2026-07-24T09:45:00+0200,923.349,MW,DE,DE_LU,actual_offshore_wind_generation,Wind Offshore,2026-08-01T08:46:56Z
2026-08-01T08:44:53Z,2026-08-01T10:44:53+0200,ec999b8f-4b0e-4160-bee3-118ddd8c6904,2026-07-24T08:00:00Z,2026-07-24T10:00:00+0200,1046.728,MW,DE,DE_LU,actual_offshore_wind_generation,Wind Offshore,2026-08-01T08:46:56Z
2026-08-01T08:44:53Z,2026-08-01T10:44:53+0200,ec999b8f-4b0e-4160-bee3-118ddd8c6904,2026-07-24T08:15:00Z,2026-07-24T10:15:00+0200,1140.277,MW,DE,DE_LU,actual_offshore_wind_generation,Wind Offshore,2026-08-01T08:46:56Z
2026-08-01T08:44:53Z,2026-08-01T10:44:53+0200,ec999b8f-4b0e-4160-bee3-118ddd8c6904,2026-07-24T08:30:00Z,2026-07-24T10:30:00+0200,1178.28,MW,DE,DE_LU,actual_offshore_wind_generation,Wind Offshore,2026-08-01T08:46:56Z
2026-08-01T08:44:53Z,2026-08-01T10:44:53+0200,ec999b8f-4b0e-4160-bee3-118ddd8c6904,2026-07-24T08:45:00Z,2026-07-24T10:45:00+0200,1224.096,MW,DE,DE_LU,actual_offshore_wind_generation,Wind Offshore,2026-08-01T08:46:56Z
2026-08-01T08:44:53Z,2026-08-01T10:44:53+0200,ec999b8f-4b0e-4160-bee3-118ddd8c6904,2026-07-24T09:00:00Z,2026-07-24T11:00:00+0200,1169.557,MW,DE,DE_LU,actual_offshore_wind_generation,Wind Offshore,2026-08-01T08:46:56Z
2026-08-01T08:44:53Z,2026-08-01T10:44:53+0200,ec999b8f-4b0e-4160-bee3-118ddd8c6904,2026-07-24T09:15:00Z,2026-07-24T11:15:00+0200,1180.602,MW,DE,DE_LU,actual_offshore_wind_generation,Wind Offshore,2026-08-01T08:46:56Z
2026-08-01T08:44:53Z,2026-08-01T10:44:53+0200,ec999b8f-4b0e-4160-bee3-118ddd8c6904,2026-07-24T09:30:00Z,2026-07-24T11:30:00+0200,1210.681,MW,DE,DE_LU,actual_offshore_wind_generation,Wind Offshore,2026-08-01T08:46:56Z
2026-08-01T08:44:53Z,2026-08-01T10:44:53+0200,ec999b8f-4b0e-4160-bee3-118ddd8c6904,2026-07-24T09:45:00Z,2026-07-24T11:45:00+0200,1263.361,MW,DE,DE_LU,actual_offshore_wind_generation,Wind Offshore,2026-08-01T08:46:56Z
2026-08-01T08:44:53Z,2026-08-01T10:44:53+0200,ec999b8f-4b0e-4160-bee3-118ddd8c6904,2026-07-24T10:00:00Z,2026-07-24T12:00:00+0200,1331.229,MW,DE,DE_LU,actual_offshore_wind_generation,Wind Offshore,2026-08-01T08:46:56Z
2026-08-01T08:44:53Z,2026-08-01T10:44:53+0200,ec999b8f-4b0e-4160-bee3-118ddd8c6904,2026-07-24T10:15:00Z,2026-07-24T12:15:00+0200,1452.694,MW,DE,DE_LU,actual_offshore_wind_generation,Wind Offshore,2026-08-01T08:46:56Z
2026-08-01T08:44:53Z,2026-08-01T10:44:53+0200,ec999b8f-4b0e-4160-bee3-118ddd8c6904,2026-07-24T10:30:00Z,2026-07-24T12:30:00+0200,1545.336,MW,DE,DE_LU,actual_offshore_wind_generation,Wind Offshore,2026-08-01T08:46:56Z
2026-08-01T08:44:53Z,2026-08-01T10:44:53+0200,ec999b8f-4b0e-4160-bee3-118ddd8c6904,2026-07-24T10:45:00Z,2026-07-24T12:45:00+0200,1589.033,MW,DE,DE_LU,actual_offshore_wind_generation,Wind Offshore,2026-08-01T08:46:56Z
2026-08-01T08:44:53Z,2026-08-01T10:44:53+0200,ec999b8f-4b0e-4160-bee3-118ddd8c6904,2026-07-24T11:00:00Z,2026-07-24T13:00:00+0200,1729.545,MW,DE,DE_LU,actual_offshore_wind_generation,Wind Offshore,2026-08-01T08:46:56Z
2026-08-01T08:44:53Z,2026-08-01T10:44:53+0200,ec999b8f-4b0e-4160-bee3-118ddd8c6904,2026-07-24T11:15:00Z,2026-07-24T13:15:00+0200,1704.926,MW,DE,DE_LU,actual_offshore_wind_generation,Wind Offshore,2026-08-01T08:46:56Z
2026-08-01T08:44:53Z,2026-08-01T10:44:53+0200,ec999b8f-4b0e-4160-bee3-118ddd8c6904,2026-07-24T11:30:00Z,2026-07-24T13:30:00+0200,1715.693,MW,DE,DE_LU,actual_offshore_wind_generation,Wind Offshore,2026-08-01T08:46:56Z
2026-08-01T08:44:53Z,2026-08-01T10:44:53+0200,ec999b8f-4b0e-4160-bee3-118ddd8c6904,2026-07-24T11:45:00Z,2026-07-24T13:45:00+0200,1643.288,MW,DE,DE_LU,actual_offshore_wind_generation,Wind Offshore,2026-08-01T08:46:56Z
2026-08-01T08:44:53Z,2026-08-01T10:44:53+0200,ec999b8f-4b0e-4160-bee3-118ddd8c6904,2026-07-24T12:00:00Z,2026-07-24T14:00:00+0200,1849.34,MW,DE,DE_LU,actual_offshore_wind_generation,Wind Offshore,2026-08-01T08:46:56Z
2026-08-01T08:44:53Z,2026-08-01T10:44:53+0200,ec999b8f-4b0e-4160-bee3-118ddd8c6904,2026-07-24T12:15:00Z,2026-07-24T14:15:00+0200,1934.889,MW,DE,DE_LU,actual_offshore_wind_generation,Wind Offshore,2026-08-01T08:46:56Z
2026-08-01T08:44:53Z,2026-08-01T10:44:53+0200,ec999b8f-4b0e-4160-bee3-118ddd8c6904,2026-07-24T12:30:00Z,2026-07-24T14:30:00+0200,1933.217,MW,DE,DE_LU,actual_offshore_wind_generation,Wind Offshore,2026-08-01T08:46:56Z
2026-08-01T08:44:53Z,2026-08-01T10:44:53+0200,ec999b8f-4b0e-4160-bee3-118ddd8c6904,2026-07-24T12:45:00Z,2026-07-24T14:45:00+0200,2013.381,MW,DE,DE_LU,actual_offshore_wind_generation,Wind Offshore,2026-08-01T08:46:56Z
2026-08-01T08:44:53Z,2026-08-01T10:44:53+0200,ec999b8f-4b0e-4160-bee3-118ddd8c6904,2026-07-24T13:00:00Z,2026-07-24T15:00:00+0200,2021.611,MW,DE,DE_LU,actual_offshore_wind_generation,Wind Offshore,2026-08-01T08:46:56Z
2026-08-01T08:44:53Z,2026-08-01T10:44:53+0200,ec999b8f-4b0e-4160-bee3-118ddd8c6904,2026-07-24T13:15:00Z,2026-07-24T15:15:00+0200,2081.504,MW,DE,DE_LU,actual_offshore_wind_generation,Wind Offshore,2026-08-01T08:46:56Z
2026-08-01T08:44:53Z,2026-08-01T10:44:53+0200,ec999b8f-4b0e-4160-bee3-118ddd8c6904,2026-07-24T13:30:00Z,2026-07-24T15:30:00+0200,2059.161,MW,DE,DE_LU,actual_offshore_wind_generation,Wind Offshore,2026-08-01T08:46:56Z
2026-08-01T08:44:53Z,2026-08-01T10:44:53+0200,ec999b8f-4b0e-4160-bee3-118ddd8c6904,2026-07-24T13:45:00Z,2026-07-24T15:45:00+0200,1936.029,MW,DE,DE_LU,actual_offshore_wind_generation,Wind Offshore,2026-08-01T08:46:56Z
2026-08-01T08:44:53Z,2026-08-01T10:44:53+0200,ec999b8f-4b0e-4160-bee3-118ddd8c6904,2026-07-24T14:00:00Z,2026-07-24T16:00:00+0200,2133.599,MW,DE,DE_LU,actual_offshore_wind_generation,Wind Offshore,2026-08-01T08:46:56Z
2026-08-01T08:44:53Z,2026-08-01T10:44:53+0200,ec999b8f-4b0e-4160-bee3-118ddd8c6904,2026-07-24T14:15:00Z,2026-07-24T16:15:00+0200,2246.026,MW,DE,DE_LU,actual_offshore_wind_generation,Wind Offshore,2026-08-01T08:46:56Z
2026-08-01T08:44:53Z,2026-08-01T10:44:53+0200,ec999b8f-4b0e-4160-bee3-118ddd8c6904,2026-07-24T14:30:00Z,2026-07-24T16:30:00+0200,2267.209,MW,DE,DE_LU,actual_offshore_wind_generation,Wind Offshore,2026-08-01T08:46:56Z
2026-08-01T08:44:53Z,2026-08-01T10:44:53+0200,ec999b8f-4b0e-4160-bee3-118ddd8c6904,2026-07-24T14:45:00Z,2026-07-24T16:45:00+0200,2167.33,MW,DE,DE_LU,actual_offshore_wind_generation,Wind Offshore,2026-08-01T08:46:56Z
2026-08-01T08:44:53Z,2026-08-01T10:44:53+0200,ec999b8f-4b0e-4160-bee3-118ddd8c6904,2026-07-24T15:00:00Z,2026-07-24T17:00:00+0200,2068.577,MW,DE,DE_LU,actual_offshore_wind_generation,Wind Offshore,2026-08-01T08:46:56Z
2026-08-01T08:44:53Z,2026-08-01T10:44:53+0200,ec999b8f-4b0e-4160-bee3-118ddd8c6904,2026-07-24T15:15:00Z,2026-07-24T17:15:00+0200,2050.544,MW,DE,DE_LU,actual_offshore_wind_generation,Wind Offshore,2026-08-01T08:46:56Z
2026-08-01T08:44:53Z,2026-08-01T10:44:53+0200,ec999b8f-4b0e-4160-bee3-118ddd8c6904,2026-07-24T15:30:00Z,2026-07-24T17:30:00+0200,2077.681,MW,DE,DE_LU,actual_offshore_wind_generation,Wind Offshore,2026-08-01T08:46:56Z
2026-08-01T08:44:53Z,2026-08-01T10:44:53+0200,ec999b8f-4b0e-4160-bee3-118ddd8c6904,2026-07-24T15:45:00Z,2026-07-24T17:45:00+0200,2080.059,MW,DE,DE_LU,actual_offshore_wind_generation,Wind Offshore,2026-08-01T08:46:56Z
2026-08-01T08:44:53Z,2026-08-01T10:44:53+0200,ec999b8f-4b0e-4160-bee3-118ddd8c6904,2026-07-24T16:00:00Z,2026-07-24T18:00:00+0200,2060.004,MW,DE,DE_LU,actual_offshore_wind_generation,Wind Offshore,2026-08-01T08:46:56Z
2026-08-01T08:44:53Z,2026-08-01T10:44:53+0200,ec999b8f-4b0e-4160-bee3-118ddd8c6904,2026-07-24T16:15:00Z,2026-07-24T18:15:00+0200,2024.917,MW,DE,DE_LU,actual_offshore_wind_generation,Wind Offshore,2026-08-01T08:46:56Z
2026-08-01T08:44:53Z,2026-08-01T10:44:53+0200,ec999b8f-4b0e-4160-bee3-118ddd8c6904,2026-07-24T16:30:00Z,2026-07-24T18:30:00+0200,1950.651,MW,DE,DE_LU,actual_offshore_wind_generation,Wind Offshore,2026-08-01T08:46:56Z
2026-08-01T08:44:53Z,2026-08-01T10:44:53+0200,ec999b8f-4b0e-4160-bee3-118ddd8c6904,2026-07-24T16:45:00Z,2026-07-24T18:45:00+0200,1981.813,MW,DE,DE_LU,actual_offshore_wind_generation,Wind Offshore,2026-08-01T08:46:56Z
2026-08-01T08:44:53Z,2026-08-01T10:44:53+0200,ec999b8f-4b0e-4160-bee3-118ddd8c6904,2026-07-24T17:00:00Z,2026-07-24T19:00:00+0200,2017.31,MW,DE,DE_LU,actual_offshore_wind_generation,Wind Offshore,2026-08-01T08:46:56Z
2026-08-01T08:44:53Z,2026-08-01T10:44:53+0200,ec999b8f-4b0e-4160-bee3-118ddd8c6904,2026-07-24T17:15:00Z,2026-07-24T19:15:00+0200,2014.075,MW,DE,DE_LU,actual_offshore_wind_generation,Wind Offshore,2026-08-01T08:46:56Z
2026-08-01T08:44:53Z,2026-08-01T10:44:53+0200,ec999b8f-4b0e-4160-bee3-118ddd8c6904,2026-07-24T17:30:00Z,2026-07-24T19:30:00+0200,1996.447,MW,DE,DE_LU,actual_offshore_wind_generation,Wind Offshore,2026-08-01T08:46:56Z
2026-08-01T08:44:53Z,2026-08-01T10:44:53+0200,ec999b8f-4b0e-4160-bee3-118ddd8c6904,2026-07-24T17:45:00Z,2026-07-24T19:45:00+0200,2097.28,MW,DE,DE_LU,actual_offshore_wind_generation,Wind Offshore,2026-08-01T08:46:56Z
2026-08-01T08:44:53Z,2026-08-01T10:44:53+0200,ec999b8f-4b0e-4160-bee3-118ddd8c6904,2026-07-24T18:00:00Z,2026-07-24T20:00:00+0200,2166.894,MW,DE,DE_LU,actual_offshore_wind_generation,Wind Offshore,2026-08-01T08:46:56Z
2026-08-01T08:44:53Z,2026-08-01T10:44:53+0200,ec999b8f-4b0e-4160-bee3-118ddd8c6904,2026-07-24T18:15:00Z,2026-07-24T20:15:00+0200,2175.618,MW,DE,DE_LU,actual_offshore_wind_generation,Wind Offshore,2026-08-01T08:46:56Z
2026-08-01T08:44:53Z,2026-08-01T10:44:53+0200,ec999b8f-4b0e-4160-bee3-118ddd8c6904,2026-07-24T18:30:00Z,2026-07-24T20:30:00+0200,2268.599,MW,DE,DE_LU,actual_offshore_wind_generation,Wind Offshore,2026-08-01T08:46:56Z
2026-08-01T08:44:53Z,2026-08-01T10:44:53+0200,ec999b8f-4b0e-4160-bee3-118ddd8c6904,2026-07-24T18:45:00Z,2026-07-24T20:45:00+0200,2332.458,MW,DE,DE_LU,actual_offshore_wind_generation,Wind Offshore,2026-08-01T08:46:56Z
2026-08-01T08:44:53Z,2026-08-01T10:44:53+0200,ec999b8f-4b0e-4160-bee3-118ddd8c6904,2026-07-24T19:00:00Z,2026-07-24T21:00:00+0200,2334.669,MW,DE,DE_LU,actual_offshore_wind_generation,Wind Offshore,2026-08-01T08:46:56Z
2026-08-01T08:44:53Z,2026-08-01T10:44:53+0200,ec999b8f-4b0e-4160-bee3-118ddd8c6904,2026-07-24T19:15:00Z,2026-07-24T21:15:00+0200,2350.048,MW,DE,DE_LU,actual_offshore_wind_generation,Wind Offshore,2026-08-01T08:46:56Z
2026-08-01T08:44:53Z,2026-08-01T10:44:53+0200,ec999b8f-4b0e-4160-bee3-118ddd8c6904,2026-07-24T19:30:00Z,2026-07-24T21:30:00+0200,2376.055,MW,DE,DE_LU,actual_offshore_wind_generation,Wind Offshore,2026-08-01T08:46:56Z
2026-08-01T08:44:53Z,2026-08-01T10:44:53+0200,ec999b8f-4b0e-4160-bee3-118ddd8c6904,2026-07-24T19:45:00Z,2026-07-24T21:45:00+0200,2384.069,MW,DE,DE_LU,actual_offshore_wind_generation,Wind Offshore,2026-08-01T08:46:56Z
2026-08-01T08:44:53Z,2026-08-01T10:44:53+0200,ec999b8f-4b0e-4160-bee3-118ddd8c6904,2026-07-24T20:00:00Z,2026-07-24T22:00:00+0200,2395.791,MW,DE,DE_LU,actual_offshore_wind_generation,Wind Offshore,2026-08-01T08:46:56Z
2026-08-01T08:44:53Z,2026-08-01T10:44:53+0200,ec999b8f-4b0e-4160-bee3-118ddd8c6904,2026-07-24T20:15:00Z,2026-07-24T22:15:00+0200,2315.494,MW,DE,DE_LU,actual_offshore_wind_generation,Wind Offshore,2026-08-01T08:46:56Z
2026-08-01T08:44:53Z,2026-08-01T10:44:53+0200,ec999b8f-4b0e-4160-bee3-118ddd8c6904,2026-07-24T20:30:00Z,2026-07-24T22:30:00+0200,2209.889,MW,DE,DE_LU,actual_offshore_wind_generation,Wind Offshore,2026-08-01T08:46:56Z
2026-08-01T08:44:53Z,2026-08-01T10:44:53+0200,ec999b8f-4b0e-4160-bee3-118ddd8c6904,2026-07-24T20:45:00Z,2026-07-24T22:45:00+0200,2058.125,MW,DE,DE_LU,actual_offshore_wind_generation,Wind Offshore,2026-08-01T08:46:56Z
2026-08-01T08:44:53Z,2026-08-01T10:44:53+0200,ec999b8f-4b0e-4160-bee3-118ddd8c6904,2026-07-24T21:00:00Z,2026-07-24T23:00:00+0200,1978.694,MW,DE,DE_LU,actual_offshore_wind_generation,Wind Offshore,2026-08-01T08:46:56Z
2026-08-01T08:44:53Z,2026-08-01T10:44:53+0200,ec999b8f-4b0e-4160-bee3-118ddd8c6904,2026-07-24T21:15:00Z,2026-07-24T23:15:00+0200,2023.707,MW,DE,DE_LU,actual_offshore_wind_generation,Wind Offshore,2026-08-01T08:46:56Z
2026-08-01T08:44:53Z,2026-08-01T10:44:53+0200,ec999b8f-4b0e-4160-bee3-118ddd8c6904,2026-07-24T21:30:00Z,2026-07-24T23:30:00+0200,2142.918,MW,DE,DE_LU,actual_offshore_wind_generation,Wind Offshore,2026-08-01T08:46:56Z
2026-08-01T08:44:53Z,2026-08-01T10:44:53+0200,ec999b8f-4b0e-4160-bee3-118ddd8c6904,2026-07-24T21:45:00Z,2026-07-24T23:45:00+0200,2199.103,MW,DE,DE_LU,actual_offshore_wind_generation,Wind Offshore,2026-08-01T08:46:56Z
2026-08-01T08:44:53Z,2026-08-01T10:44:53+0200,ec999b8f-4b0e-4160-bee3-118ddd8c6904,2026-07-24T22:00:00Z,2026-07-25T00:00:00+0200,2294.345,MW,DE,DE_LU,actual_offshore_wind_generation,Wind Offshore,2026-08-01T08:46:56Z
2026-08-01T08:44:53Z,2026-08-01T10:44:53+0200,ec999b8f-4b0e-4160-bee3-118ddd8c6904,2026-07-24T22:15:00Z,2026-07-25T00:15:00+0200,2419.355,MW,DE,DE_LU,actual_offshore_wind_generation,Wind Offshore,2026-08-01T08:46:56Z
2026-08-01T08:44:53Z,2026-08-01T10:44:53+0200,ec999b8f-4b0e-4160-bee3-118ddd8c6904,2026-07-24T22:30:00Z,2026-07-25T00:30:00+0200,2467.288,MW,DE,DE_LU,actual_offshore_wind_generation,Wind Offshore,2026-08-01T08:46:56Z
2026-08-01T08:44:53Z,2026-08-01T10:44:53+0200,ec999b8f-4b0e-4160-bee3-118ddd8c6904,2026-07-24T22:45:00Z,2026-07-25T00:45:00+0200,2428.305,MW,DE,DE_LU,actual_offshore_wind_generation,Wind Offshore,2026-08-01T08:46:56Z
2026-08-01T08:44:53Z,2026-08-01T10:44:53+0200,ec999b8f-4b0e-4160-bee3-118ddd8c6904,2026-07-24T23:00:00Z,2026-07-25T01:00:00+0200,2449.526,MW,DE,DE_LU,actual_offshore_wind_generation,Wind Offshore,2026-08-01T08:46:56Z
2026-08-01T08:44:53Z,2026-08-01T10:44:53+0200,ec999b8f-4b0e-4160-bee3-118ddd8c6904,2026-07-24T23:15:00Z,2026-07-25T01:15:00+0200,2357.022,MW,DE,DE_LU,actual_offshore_wind_generation,Wind Offshore,2026-08-01T08:46:56Z
2026-08-01T08:44:53Z,2026-08-01T10:44:53+0200,ec999b8f-4b0e-4160-bee3-118ddd8c6904,2026-07-24T23:30:00Z,2026-07-25T01:30:00+0200,2226.467,MW,DE,DE_LU,actual_offshore_wind_generation,Wind Offshore,2026-08-01T08:46:56Z
2026-08-01T08:44:53Z,2026-08-01T10:44:53+0200,ec999b8f-4b0e-4160-bee3-118ddd8c6904,2026-07-24T23:45:00Z,2026-07-25T01:45:00+0200,2178.811,MW,DE,DE_LU,actual_offshore_wind_generation,Wind Offshore,2026-08-01T08:46:56Z
2026-08-01T08:44:53Z,2026-08-01T10:44:53+0200,ec999b8f-4b0e-4160-bee3-118ddd8c6904,2026-07-25T00:00:00Z,2026-07-25T02:00:00+0200,2124.052,MW,DE,DE_LU,actual_offshore_wind_generation,Wind Offshore,2026-08-01T08:46:56Z
2026-08-01T08:44:53Z,2026-08-01T10:44:53+0200,ec999b8f-4b0e-4160-bee3-118ddd8c6904,2026-07-25T00:15:00Z,2026-07-25T02:15:00+0200,2018.995,MW,DE,DE_LU,actual_offshore_wind_generation,Wind Offshore,2026-08-01T08:46:56Z
2026-08-01T08:44:53Z,2026-08-01T10:44:53+0200,ec999b8f-4b0e-4160-bee3-118ddd8c6904,2026-07-25T00:30:00Z,2026-07-25T02:30:00+0200,1919.196,MW,DE,DE_LU,actual_offshore_wind_generation,Wind Offshore,2026-08-01T08:46:56Z
2026-08-01T08:44:53Z,2026-08-01T10:44:53+0200,ec999b8f-4b0e-4160-bee3-118ddd8c6904,2026-07-25T00:45:00Z,2026-07-25T02:45:00+0200,1872.217,MW,DE,DE_LU,actual_offshore_wind_generation,Wind Offshore,2026-08-01T08:46:56Z
2026-08-01T08:44:53Z,2026-08-01T10:44:53+0200,ec999b8f-4b0e-4160-bee3-118ddd8c6904,2026-07-25T01:00:00Z,2026-07-25T03:00:00+0200,1730.425,MW,DE,DE_LU,actual_offshore_wind_generation,Wind Offshore,2026-08-01T08:46:56Z
2026-08-01T08:44:53Z,2026-08-01T10:44:53+0200,ec999b8f-4b0e-4160-bee3-118ddd8c6904,2026-07-25T01:15:00Z,2026-07-25T03:15:00+0200,1560.916,MW,DE,DE_LU,actual_offshore_wind_generation,Wind Offshore,2026-08-01T08:46:56Z
2026-08-01T08:44:53Z,2026-08-01T10:44:53+0200,ec999b8f-4b0e-4160-bee3-118ddd8c6904,2026-07-25T01:30:00Z,2026-07-25T03:30:00+0200,1422.826,MW,DE,DE_LU,actual_offshore_wind_generation,Wind Offshore,2026-08-01T08:46:56Z
2026-08-01T08:44:53Z,2026-08-01T10:44:53+0200,ec999b8f-4b0e-4160-bee3-118ddd8c6904,2026-07-25T01:45:00Z,2026-07-25T03:45:00+0200,1290.105,MW,DE,DE_LU,actual_offshore_wind_generation,Wind Offshore,2026-08-01T08:46:56Z
2026-08-01T08:44:53Z,2026-08-01T10:44:53+0200,ec999b8f-4b0e-4160-bee3-118ddd8c6904,2026-07-25T02:00:00Z,2026-07-25T04:00:00+0200,1160.08,MW,DE,DE_LU,actual_offshore_wind_generation,Wind Offshore,2026-08-01T08:46:56Z
2026-08-01T08:44:53Z,2026-08-01T10:44:53+0200,ec999b8f-4b0e-4160-bee3-118ddd8c6904,2026-07-25T02:15:00Z,2026-07-25T04:15:00+0200,1038.95,MW,DE,DE_LU,actual_offshore_wind_generation,Wind Offshore,2026-08-01T08:46:56Z
2026-08-01T08:44:53Z,2026-08-01T10:44:53+0200,ec999b8f-4b0e-4160-bee3-118ddd8c6904,2026-07-25T02:30:00Z,2026-07-25T04:30:00+0200,997.499,MW,DE,DE_LU,actual_offshore_wind_generation,Wind Offshore,2026-08-01T08:46:56Z
2026-08-01T08:44:53Z,2026-08-01T10:44:53+0200,ec999b8f-4b0e-4160-bee3-118ddd8c6904,2026-07-25T02:45:00Z,2026-07-25T04:45:00+0200,946.388,MW,DE,DE_LU,actual_offshore_wind_generation,Wind Offshore,2026-08-01T08:46:56Z
2026-08-01T08:44:53Z,2026-08-01T10:44:53+0200,ec999b8f-4b0e-4160-bee3-118ddd8c6904,2026-07-25T03:00:00Z,2026-07-25T05:00:00+0200,939.48,MW,DE,DE_LU,actual_offshore_wind_generation,Wind Offshore,2026-08-01T08:46:56Z
2026-08-01T08:44:53Z,2026-08-01T10:44:53+0200,ec999b8f-4b0e-4160-bee3-118ddd8c6904,2026-07-25T03:15:00Z,2026-07-25T05:15:00+0200,975.581,MW,DE,DE_LU,actual_offshore_wind_generation,Wind Offshore,2026-08-01T08:46:56Z
2026-08-01T08:44:53Z,2026-08-01T10:44:53+0200,ec999b8f-4b0e-4160-bee3-118ddd8c6904,2026-07-25T03:30:00Z,2026-07-25T05:30:00+0200,1005.268,MW,DE,DE_LU,actual_offshore_wind_generation,Wind Offshore,2026-08-01T08:46:56Z
2026-08-01T08:44:53Z,2026-08-01T10:44:53+0200,ec999b8f-4b0e-4160-bee3-118ddd8c6904,2026-07-25T03:45:00Z,2026-07-25T05:45:00+0200,1056.496,MW,DE,DE_LU,actual_offshore_wind_generation,Wind Offshore,2026-08-01T08:46:56Z
2026-08-01T08:44:53Z,2026-08-01T10:44:53+0200,ec999b8f-4b0e-4160-bee3-118ddd8c6904,2026-07-25T04:00:00Z,2026-07-25T06:00:00+0200,1145.758,MW,DE,DE_LU,actual_offshore_wind_generation,Wind Offshore,2026-08-01T08:46:56Z
2026-08-01T08:44:53Z,2026-08-01T10:44:53+0200,ec999b8f-4b0e-4160-bee3-118ddd8c6904,2026-07-25T04:15:00Z,2026-07-25T06:15:00+0200,1335.113,MW,DE,DE_LU,actual_offshore_wind_generation,Wind Offshore,2026-08-01T08:46:56Z
2026-08-01T08:44:53Z,2026-08-01T10:44:53+0200,ec999b8f-4b0e-4160-bee3-118ddd8c6904,2026-07-25T04:30:00Z,2026-07-25T06:30:00+0200,1497.908,MW,DE,DE_LU,actual_offshore_wind_generation,Wind Offshore,2026-08-01T08:46:56Z
2026-08-01T08:44:53Z,2026-08-01T10:44:53+0200,ec999b8f-4b0e-4160-bee3-118ddd8c6904,2026-07-25T04:45:00Z,2026-07-25T06:45:00+0200,1527.171,MW,DE,DE_LU,actual_offshore_wind_generation,Wind Offshore,2026-08-01T08:46:56Z
2026-08-01T08:44:53Z,2026-08-01T10:44:53+0200,ec999b8f-4b0e-4160-bee3-118ddd8c6904,2026-07-25T05:00:00Z,2026-07-25T07:00:00+0200,1609.063,MW,DE,DE_LU,actual_offshore_wind_generation,Wind Offshore,2026-08-01T08:46:56Z
2026-08-01T08:44:53Z,2026-08-01T10:44:53+0200,ec999b8f-4b0e-4160-bee3-118ddd8c6904,2026-07-25T05:15:00Z,2026-07-25T07:15:00+0200,1728.52,MW,DE,DE_LU,actual_offshore_wind_generation,Wind Offshore,2026-08-01T08:46:56Z
2026-08-01T08:44:53Z,2026-08-01T10:44:53+0200,ec999b8f-4b0e-4160-bee3-118ddd8c6904,2026-07-25T05:30:00Z,2026-07-25T07:30:00+0200,1841.094,MW,DE,DE_LU,actual_offshore_wind_generation,Wind Offshore,2026-08-01T08:46:56Z
2026-08-01T08:44:53Z,2026-08-01T10:44:53+0200,ec999b8f-4b0e-4160-bee3-118ddd8c6904,2026-07-25T05:45:00Z,2026-07-25T07:45:00+0200,1930.121,MW,DE,DE_LU,actual_offshore_wind_generation,Wind Offshore,2026-08-01T08:46:56Z
2026-08-01T08:44:53Z,2026-08-01T10:44:53+0200,ec999b8f-4b0e-4160-bee3-118ddd8c6904,2026-07-25T06:00:00Z,2026-07-25T08:00:00+0200,2016.42,MW,DE,DE_LU,actual_offshore_wind_generation,Wind Offshore,2026-08-01T08:46:56Z
2026-08-01T08:44:53Z,2026-08-01T10:44:53+0200,ec999b8f-4b0e-4160-bee3-118ddd8c6904,2026-07-25T06:15:00Z,2026-07-25T08:15:00+0200,2134.715,MW,DE,DE_LU,actual_offshore_wind_generation,Wind Offshore,2026-08-01T08:46:56Z
2026-08-01T08:44:53Z,2026-08-01T10:44:53+0200,ec999b8f-4b0e-4160-bee3-118ddd8c6904,2026-07-25T06:30:00Z,2026-07-25T08:30:00+0200,2225.471,MW,DE,DE_LU,actual_offshore_wind_generation,Wind Offshore,2026-08-01T08:46:56Z
2026-08-01T08:44:53Z,2026-08-01T10:44:53+0200,ec999b8f-4b0e-4160-bee3-118ddd8c6904,2026-07-25T06:45:00Z,2026-07-25T08:45:00+0200,2288.423,MW,DE,DE_LU,actual_offshore_wind_generation,Wind Offshore,2026-08-01T08:46:56Z
2026-08-01T08:44:53Z,2026-08-01T10:44:53+0200,ec999b8f-4b0e-4160-bee3-118ddd8c6904,2026-07-25T07:00:00Z,2026-07-25T09:00:00+0200,2443.637,MW,DE,DE_LU,actual_offshore_wind_generation,Wind Offshore,2026-08-01T08:46:56Z
2026-08-01T08:44:53Z,2026-08-01T10:44:53+0200,ec999b8f-4b0e-4160-bee3-118ddd8c6904,2026-07-25T07:15:00Z,2026-07-25T09:15:00+0200,2415.723,MW,DE,DE_LU,actual_offshore_wind_generation,Wind Offshore,2026-08-01T08:46:56Z
2026-08-01T08:44:53Z,2026-08-01T10:44:53+0200,ec999b8f-4b0e-4160-bee3-118ddd8c6904,2026-07-25T07:30:00Z,2026-07-25T09:30:00+0200,2336.749,MW,DE,DE_LU,actual_offshore_wind_generation,Wind Offshore,2026-08-01T08:46:56Z
2026-08-01T08:44:53Z,2026-08-01T10:44:53+0200,ec999b8f-4b0e-4160-bee3-118ddd8c6904,2026-07-25T07:45:00Z,2026-07-25T09:45:00+0200,2421.62,MW,DE,DE_LU,actual_offshore_wind_generation,Wind Offshore,2026-08-01T08:46:56Z
2026-08-01T08:44:53Z,2026-08-01T10:44:53+0200,ec999b8f-4b0e-4160-bee3-118ddd8c6904,2026-07-25T08:00:00Z,2026-07-25T10:00:00+0200,1514.419,MW,DE,DE_LU,actual_offshore_wind_generation,Wind Offshore,2026-08-01T08:46:56Z
2026-08-01T08:44:53Z,2026-08-01T10:44:53+0200,ec999b8f-4b0e-4160-bee3-118ddd8c6904,2026-07-25T08:15:00Z,2026-07-25T10:15:00+0200,1594.617,MW,DE,DE_LU,actual_offshore_wind_generation,Wind Offshore,2026-08-01T08:46:56Z
2026-08-01T08:44:53Z,2026-08-01T10:44:53+0200,ec999b8f-4b0e-4160-bee3-118ddd8c6904,2026-07-25T08:30:00Z,2026-07-25T10:30:00+0200,1701.675,MW,DE,DE_LU,actual_offshore_wind_generation,Wind Offshore,2026-08-01T08:46:56Z
2026-08-01T08:44:53Z,2026-08-01T10:44:53+0200,ec999b8f-4b0e-4160-bee3-118ddd8c6904,2026-07-25T08:45:00Z,2026-07-25T10:45:00+0200,1513.063,MW,DE,DE_LU,actual_offshore_wind_generation,Wind Offshore,2026-08-01T08:46:56Z
2026-08-01T08:44:53Z,2026-08-01T10:44:53+0200,ec999b8f-4b0e-4160-bee3-118ddd8c6904,2026-07-25T09:00:00Z,2026-07-25T11:00:00+0200,1701.039,MW,DE,DE_LU,actual_offshore_wind_generation,Wind Offshore,2026-08-01T08:46:56Z
2026-08-01T08:44:53Z,2026-08-01T10:44:53+0200,ec999b8f-4b0e-4160-bee3-118ddd8c6904,2026-07-25T09:15:00Z,2026-07-25T11:15:00+0200,1711.521,MW,DE,DE_LU,actual_offshore_wind_generation,Wind Offshore,2026-08-01T08:46:56Z
2026-08-01T08:44:53Z,2026-08-01T10:44:53+0200,ec999b8f-4b0e-4160-bee3-118ddd8c6904,2026-07-25T09:30:00Z,2026-07-25T11:30:00+0200,1417.682,MW,DE,DE_LU,actual_offshore_wind_generation,Wind Offshore,2026-08-01T08:46:56Z
2026-08-01T08:44:53Z,2026-08-01T10:44:53+0200,ec999b8f-4b0e-4160-bee3-118ddd8c6904,2026-07-25T09:45:00Z,2026-07-25T11:45:00+0200,1301.773,MW,DE,DE_LU,actual_offshore_wind_generation,Wind Offshore,2026-08-01T08:46:56Z
2026-08-01T08:44:53Z,2026-08-01T10:44:53+0200,ec999b8f-4b0e-4160-bee3-118ddd8c6904,2026-07-25T10:00:00Z,2026-07-25T12:00:00+0200,1302.705,MW,DE,DE_LU,actual_offshore_wind_generation,Wind Offshore,2026-08-01T08:46:56Z
2026-08-01T08:44:53Z,2026-08-01T10:44:53+0200,ec999b8f-4b0e-4160-bee3-118ddd8c6904,2026-07-25T10:15:00Z,2026-07-25T12:15:00+0200,1419.869,MW,DE,DE_LU,actual_offshore_wind_generation,Wind Offshore,2026-08-01T08:46:56Z
2026-08-01T08:44:53Z,2026-08-01T10:44:53+0200,ec999b8f-4b0e-4160-bee3-118ddd8c6904,2026-07-25T10:30:00Z,2026-07-25T12:30:00+0200,1324.21,MW,DE,DE_LU,actual_offshore_wind_generation,Wind Offshore,2026-08-01T08:46:56Z
2026-08-01T08:44:53Z,2026-08-01T10:44:53+0200,ec999b8f-4b0e-4160-bee3-118ddd8c6904,2026-07-25T10:45:00Z,2026-07-25T12:45:00+0200,1348.37,MW,DE,DE_LU,actual_offshore_wind_generation,Wind Offshore,2026-08-01T08:46:56Z
2026-08-01T08:44:53Z,2026-08-01T10:44:53+0200,ec999b8f-4b0e-4160-bee3-118ddd8c6904,2026-07-25T11:00:00Z,2026-07-25T13:00:00+0200,1417.675,MW,DE,DE_LU,actual_offshore_wind_generation,Wind Offshore,2026-08-01T08:46:56Z
2026-08-01T08:44:53Z,2026-08-01T10:44:53+0200,ec999b8f-4b0e-4160-bee3-118ddd8c6904,2026-07-25T11:15:00Z,2026-07-25T13:15:00+0200,1552.124,MW,DE,DE_LU,actual_offshore_wind_generation,Wind Offshore,2026-08-01T08:46:56Z
2026-08-01T08:44:53Z,2026-08-01T10:44:53+0200,ec999b8f-4b0e-4160-bee3-118ddd8c6904,2026-07-25T11:30:00Z,2026-07-25T13:30:00+0200,1614.719,MW,DE,DE_LU,actual_offshore_wind_generation,Wind Offshore,2026-08-01T08:46:56Z
2026-08-01T08:44:53Z,2026-08-01T10:44:53+0200,ec999b8f-4b0e-4160-bee3-118ddd8c6904,2026-07-25T11:45:00Z,2026-07-25T13:45:00+0200,1715.973,MW,DE,DE_LU,actual_offshore_wind_generation,Wind Offshore,2026-08-01T08:46:56Z
2026-08-01T08:44:53Z,2026-08-01T10:44:53+0200,ec999b8f-4b0e-4160-bee3-118ddd8c6904,2026-07-25T12:00:00Z,2026-07-25T14:00:00+0200,1802.504,MW,DE,DE_LU,actual_offshore_wind_generation,Wind Offshore,2026-08-01T08:46:56Z
2026-08-01T08:44:53Z,2026-08-01T10:44:53+0200,ec999b8f-4b0e-4160-bee3-118ddd8c6904,2026-07-25T12:15:00Z,2026-07-25T14:15:00+0200,1835.215,MW,DE,DE_LU,actual_offshore_wind_generation,Wind Offshore,2026-08-01T08:46:56Z
2026-08-01T08:44:53Z,2026-08-01T10:44:53+0200,ec999b8f-4b0e-4160-bee3-118ddd8c6904,2026-07-25T12:30:00Z,2026-07-25T14:30:00+0200,1897.102,MW,DE,DE_LU,actual_offshore_wind_generation,Wind Offshore,2026-08-01T08:46:56Z
2026-08-01T08:44:53Z,2026-08-01T10:44:53+0200,ec999b8f-4b0e-4160-bee3-118ddd8c6904,2026-07-25T12:45:00Z,2026-07-25T14:45:00+0200,1926.926,MW,DE,DE_LU,actual_offshore_wind_generation,Wind Offshore,2026-08-01T08:46:56Z
2026-08-01T08:44:53Z,2026-08-01T10:44:53+0200,ec999b8f-4b0e-4160-bee3-118ddd8c6904,2026-07-25T13:00:00Z,2026-07-25T15:00:00+0200,1964.479,MW,DE,DE_LU,actual_offshore_wind_generation,Wind Offshore,2026-08-01T08:46:56Z
2026-08-01T08:44:53Z,2026-08-01T10:44:53+0200,ec999b8f-4b0e-4160-bee3-118ddd8c6904,2026-07-25T13:15:00Z,2026-07-25T15:15:00+0200,2052.957,MW,DE,DE_LU,actual_offshore_wind_generation,Wind Offshore,2026-08-01T08:46:56Z
2026-08-01T08:44:53Z,2026-08-01T10:44:53+0200,ec999b8f-4b0e-4160-bee3-118ddd8c6904,2026-07-25T13:30:00Z,2026-07-25T15:30:00+0200,2513.517,MW,DE,DE_LU,actual_offshore_wind_generation,Wind Offshore,2026-08-01T08:46:56Z
2026-08-01T08:44:53Z,2026-08-01T10:44:53+0200,ec999b8f-4b0e-4160-bee3-118ddd8c6904,2026-07-25T13:45:00Z,2026-07-25T15:45:00+0200,2749.589,MW,DE,DE_LU,actual_offshore_wind_generation,Wind Offshore,2026-08-01T08:46:56Z
2026-08-01T08:44:53Z,2026-08-01T10:44:53+0200,ec999b8f-4b0e-4160-bee3-118ddd8c6904,2026-07-25T14:00:00Z,2026-07-25T16:00:00+0200,2812.144,MW,DE,DE_LU,actual_offshore_wind_generation,Wind Offshore,2026-08-01T08:46:56Z
2026-08-01T08:44:53Z,2026-08-01T10:44:53+0200,ec999b8f-4b0e-4160-bee3-118ddd8c6904,2026-07-25T14:15:00Z,2026-07-25T16:15:00+0200,3311.064,MW,DE,DE_LU,actual_offshore_wind_generation,Wind Offshore,2026-08-01T08:46:56Z
2026-08-01T08:44:53Z,2026-08-01T10:44:53+0200,ec999b8f-4b0e-4160-bee3-118ddd8c6904,2026-07-25T14:30:00Z,2026-07-25T16:30:00+0200,3568.932,MW,DE,DE_LU,actual_offshore_wind_generation,Wind Offshore,2026-08-01T08:46:56Z
2026-08-01T08:44:53Z,2026-08-01T10:44:53+0200,ec999b8f-4b0e-4160-bee3-118ddd8c6904,2026-07-25T14:45:00Z,2026-07-25T16:45:00+0200,3995.704,MW,DE,DE_LU,actual_offshore_wind_generation,Wind Offshore,2026-08-01T08:46:56Z
2026-08-01T08:44:53Z,2026-08-01T10:44:53+0200,ec999b8f-4b0e-4160-bee3-118ddd8c6904,2026-07-25T15:00:00Z,2026-07-25T17:00:00+0200,5318.616,MW,DE,DE_LU,actual_offshore_wind_generation,Wind Offshore,2026-08-01T08:46:56Z
2026-08-01T08:44:53Z,2026-08-01T10:44:53+0200,ec999b8f-4b0e-4160-bee3-118ddd8c6904,2026-07-25T15:15:00Z,2026-07-25T17:15:00+0200,5438.126,MW,DE,DE_LU,actual_offshore_wind_generation,Wind Offshore,2026-08-01T08:46:56Z
2026-08-01T08:44:53Z,2026-08-01T10:44:53+0200,ec999b8f-4b0e-4160-bee3-118ddd8c6904,2026-07-25T15:30:00Z,2026-07-25T17:30:00+0200,5583.405,MW,DE,DE_LU,actual_offshore_wind_generation,Wind Offshore,2026-08-01T08:46:56Z
2026-08-01T08:44:53Z,2026-08-01T10:44:53+0200,ec999b8f-4b0e-4160-bee3-118ddd8c6904,2026-07-25T15:45:00Z,2026-07-25T17:45:00+0200,6000.645,MW,DE,DE_LU,actual_offshore_wind_generation,Wind Offshore,2026-08-01T08:46:56Z
2026-08-01T08:44:53Z,2026-08-01T10:44:53+0200,ec999b8f-4b0e-4160-bee3-118ddd8c6904,2026-07-25T16:00:00Z,2026-07-25T18:00:00+0200,6256.403,MW,DE,DE_LU,actual_offshore_wind_generation,Wind Offshore,2026-08-01T08:46:56Z
2026-08-01T08:44:53Z,2026-08-01T10:44:53+0200,ec999b8f-4b0e-4160-bee3-118ddd8c6904,2026-07-25T16:15:00Z,2026-07-25T18:15:00+0200,6261.687,MW,DE,DE_LU,actual_offshore_wind_generation,Wind Offshore,2026-08-01T08:46:56Z
2026-08-01T08:44:53Z,2026-08-01T10:44:53+0200,ec999b8f-4b0e-4160-bee3-118ddd8c6904,2026-07-25T16:30:00Z,2026-07-25T18:30:00+0200,6254.059,MW,DE,DE_LU,actual_offshore_wind_generation,Wind Offshore,2026-08-01T08:46:56Z
2026-08-01T08:44:53Z,2026-08-01T10:44:53+0200,ec999b8f-4b0e-4160-bee3-118ddd8c6904,2026-07-25T16:45:00Z,2026-07-25T18:45:00+0200,6276.275,MW,DE,DE_LU,actual_offshore_wind_generation,Wind Offshore,2026-08-01T08:46:56Z
2026-08-01T08:44:53Z,2026-08-01T10:44:53+0200,ec999b8f-4b0e-4160-bee3-118ddd8c6904,2026-07-25T17:00:00Z,2026-07-25T19:00:00+0200,6318.108,MW,DE,DE_LU,actual_offshore_wind_generation,Wind Offshore,2026-08-01T08:46:56Z
2026-08-01T08:44:53Z,2026-08-01T10:44:53+0200,ec999b8f-4b0e-4160-bee3-118ddd8c6904,2026-07-25T17:15:00Z,2026-07-25T19:15:00+0200,6327.444,MW,DE,DE_LU,actual_offshore_wind_generation,Wind Offshore,2026-08-01T08:46:56Z
2026-08-01T08:44:53Z,2026-08-01T10:44:53+0200,ec999b8f-4b0e-4160-bee3-118ddd8c6904,2026-07-25T17:30:00Z,2026-07-25T19:30:00+0200,6128.374,MW,DE,DE_LU,actual_offshore_wind_generation,Wind Offshore,2026-08-01T08:46:56Z
2026-08-01T08:44:53Z,2026-08-01T10:44:53+0200,ec999b8f-4b0e-4160-bee3-118ddd8c6904,2026-07-25T17:45:00Z,2026-07-25T19:45:00+0200,5900.713,MW,DE,DE_LU,actual_offshore_wind_generation,Wind Offshore,2026-08-01T08:46:56Z
2026-08-01T08:44:53Z,2026-08-01T10:44:53+0200,ec999b8f-4b0e-4160-bee3-118ddd8c6904,2026-07-25T18:00:00Z,2026-07-25T20:00:00+0200,5850.892,MW,DE,DE_LU,actual_offshore_wind_generation,Wind Offshore,2026-08-01T08:46:56Z
2026-08-01T08:44:53Z,2026-08-01T10:44:53+0200,ec999b8f-4b0e-4160-bee3-118ddd8c6904,2026-07-25T18:15:00Z,2026-07-25T20:15:00+0200,5635.472,MW,DE,DE_LU,actual_offshore_wind_generation,Wind Offshore,2026-08-01T08:46:56Z
2026-08-01T08:44:53Z,2026-08-01T10:44:53+0200,ec999b8f-4b0e-4160-bee3-118ddd8c6904,2026-07-25T18:30:00Z,2026-07-25T20:30:00+0200,5454.219,MW,DE,DE_LU,actual_offshore_wind_generation,Wind Offshore,2026-08-01T08:46:56Z
2026-08-01T08:44:53Z,2026-08-01T10:44:53+0200,ec999b8f-4b0e-4160-bee3-118ddd8c6904,2026-07-25T18:45:00Z,2026-07-25T20:45:00+0200,5327.106,MW,DE,DE_LU,actual_offshore_wind_generation,Wind Offshore,2026-08-01T08:46:56Z
2026-08-01T08:44:53Z,2026-08-01T10:44:53+0200,ec999b8f-4b0e-4160-bee3-118ddd8c6904,2026-07-25T19:00:00Z,2026-07-25T21:00:00+0200,5126.528,MW,DE,DE_LU,actual_offshore_wind_generation,Wind Offshore,2026-08-01T08:46:56Z
2026-08-01T08:44:53Z,2026-08-01T10:44:53+0200,ec999b8f-4b0e-4160-bee3-118ddd8c6904,2026-07-25T19:15:00Z,2026-07-25T21:15:00+0200,5108.772,MW,DE,DE_LU,actual_offshore_wind_generation,Wind Offshore,2026-08-01T08:46:56Z
2026-08-01T08:44:53Z,2026-08-01T10:44:53+0200,ec999b8f-4b0e-4160-bee3-118ddd8c6904,2026-07-25T19:30:00Z,2026-07-25T21:30:00+0200,5102.671,MW,DE,DE_LU,actual_offshore_wind_generation,Wind Offshore,2026-08-01T08:46:56Z
2026-08-01T08:44:53Z,2026-08-01T10:44:53+0200,ec999b8f-4b0e-4160-bee3-118ddd8c6904,2026-07-25T19:45:00Z,2026-07-25T21:45:00+0200,4670.559,MW,DE,DE_LU,actual_offshore_wind_generation,Wind Offshore,2026-08-01T08:46:56Z
2026-08-01T08:44:53Z,2026-08-01T10:44:53+0200,ec999b8f-4b0e-4160-bee3-118ddd8c6904,2026-07-25T20:00:00Z,2026-07-25T22:00:00+0200,4425.278,MW,DE,DE_LU,actual_offshore_wind_generation,Wind Offshore,2026-08-01T08:46:56Z
2026-08-01T08:44:53Z,2026-08-01T10:44:53+0200,ec999b8f-4b0e-4160-bee3-118ddd8c6904,2026-07-25T20:15:00Z,2026-07-25T22:15:00+0200,4327.205,MW,DE,DE_LU,actual_offshore_wind_generation,Wind Offshore,2026-08-01T08:46:56Z
2026-08-01T08:44:53Z,2026-08-01T10:44:53+0200,ec999b8f-4b0e-4160-bee3-118ddd8c6904,2026-07-25T20:30:00Z,2026-07-25T22:30:00+0200,4147.27,MW,DE,DE_LU,actual_offshore_wind_generation,Wind Offshore,2026-08-01T08:46:56Z
2026-08-01T08:44:53Z,2026-08-01T10:44:53+0200,ec999b8f-4b0e-4160-bee3-118ddd8c6904,2026-07-25T20:45:00Z,2026-07-25T22:45:00+0200,3687.516,MW,DE,DE_LU,actual_offshore_wind_generation,Wind Offshore,2026-08-01T08:46:56Z
2026-08-01T08:44:53Z,2026-08-01T10:44:53+0200,ec999b8f-4b0e-4160-bee3-118ddd8c6904,2026-07-25T21:00:00Z,2026-07-25T23:00:00+0200,3364.248,MW,DE,DE_LU,actual_offshore_wind_generation,Wind Offshore,2026-08-01T08:46:56Z
2026-08-01T08:44:53Z,2026-08-01T10:44:53+0200,ec999b8f-4b0e-4160-bee3-118ddd8c6904,2026-07-25T21:15:00Z,2026-07-25T23:15:00+0200,2898.923,MW,DE,DE_LU,actual_offshore_wind_generation,Wind Offshore,2026-08-01T08:46:56Z
2026-08-01T08:44:53Z,2026-08-01T10:44:53+0200,ec999b8f-4b0e-4160-bee3-118ddd8c6904,2026-07-25T21:30:00Z,2026-07-25T23:30:00+0200,2421.16,MW,DE,DE_LU,actual_offshore_wind_generation,Wind Offshore,2026-08-01T08:46:56Z
2026-08-01T08:44:53Z,2026-08-01T10:44:53+0200,ec999b8f-4b0e-4160-bee3-118ddd8c6904,2026-07-25T21:45:00Z,2026-07-25T23:45:00+0200,2075.326,MW,DE,DE_LU,actual_offshore_wind_generation,Wind Offshore,2026-08-01T08:46:56Z
2026-08-01T08:44:53Z,2026-08-01T10:44:53+0200,ec999b8f-4b0e-4160-bee3-118ddd8c6904,2026-07-25T22:00:00Z,2026-07-26T00:00:00+0200,1869.336,MW,DE,DE_LU,actual_offshore_wind_generation,Wind Offshore,2026-08-01T08:46:56Z
2026-08-01T08:44:53Z,2026-08-01T10:44:53+0200,ec999b8f-4b0e-4160-bee3-118ddd8c6904,2026-07-25T22:15:00Z,2026-07-26T00:15:00+0200,1745.611,MW,DE,DE_LU,actual_offshore_wind_generation,Wind Offshore,2026-08-01T08:46:56Z
2026-08-01T08:44:53Z,2026-08-01T10:44:53+0200,ec999b8f-4b0e-4160-bee3-118ddd8c6904,2026-07-25T22:30:00Z,2026-07-26T00:30:00+0200,1682.986,MW,DE,DE_LU,actual_offshore_wind_generation,Wind Offshore,2026-08-01T08:46:56Z
2026-08-01T08:44:53Z,2026-08-01T10:44:53+0200,ec999b8f-4b0e-4160-bee3-118ddd8c6904,2026-07-25T22:45:00Z,2026-07-26T00:45:00+0200,1655.941,MW,DE,DE_LU,actual_offshore_wind_generation,Wind Offshore,2026-08-01T08:46:56Z
2026-08-01T08:44:53Z,2026-08-01T10:44:53+0200,ec999b8f-4b0e-4160-bee3-118ddd8c6904,2026-07-25T23:00:00Z,2026-07-26T01:00:00+0200,1646.138,MW,DE,DE_LU,actual_offshore_wind_generation,Wind Offshore,2026-08-01T08:46:56Z
2026-08-01T08:44:53Z,2026-08-01T10:44:53+0200,ec999b8f-4b0e-4160-bee3-118ddd8c6904,2026-07-25T23:15:00Z,2026-07-26T01:15:00+0200,1608.03,MW,DE,DE_LU,actual_offshore_wind_generation,Wind Offshore,2026-08-01T08:46:56Z
2026-08-01T08:44:53Z,2026-08-01T10:44:53+0200,ec999b8f-4b0e-4160-bee3-118ddd8c6904,2026-07-25T23:30:00Z,2026-07-26T01:30:00+0200,1561.615,MW,DE,DE_LU,actual_offshore_wind_generation,Wind Offshore,2026-08-01T08:46:56Z
2026-08-01T08:44:53Z,2026-08-01T10:44:53+0200,ec999b8f-4b0e-4160-bee3-118ddd8c6904,2026-07-25T23:45:00Z,2026-07-26T01:45:00+0200,1498.342,MW,DE,DE_LU,actual_offshore_wind_generation,Wind Offshore,2026-08-01T08:46:56Z
2026-08-01T08:44:53Z,2026-08-01T10:44:53+0200,ec999b8f-4b0e-4160-bee3-118ddd8c6904,2026-07-26T00:00:00Z,2026-07-26T02:00:00+0200,1474.218,MW,DE,DE_LU,actual_offshore_wind_generation,Wind Offshore,2026-08-01T08:46:56Z
2026-08-01T08:44:53Z,2026-08-01T10:44:53+0200,ec999b8f-4b0e-4160-bee3-118ddd8c6904,2026-07-26T00:15:00Z,2026-07-26T02:15:00+0200,1350.379,MW,DE,DE_LU,actual_offshore_wind_generation,Wind Offshore,2026-08-01T08:46:56Z
2026-08-01T08:44:53Z,2026-08-01T10:44:53+0200,ec999b8f-4b0e-4160-bee3-118ddd8c6904,2026-07-26T00:30:00Z,2026-07-26T02:30:00+0200,1266.791,MW,DE,DE_LU,actual_offshore_wind_generation,Wind Offshore,2026-08-01T08:46:56Z
2026-08-01T08:44:53Z,2026-08-01T10:44:53+0200,ec999b8f-4b0e-4160-bee3-118ddd8c6904,2026-07-26T00:45:00Z,2026-07-26T02:45:00+0200,1205.027,MW,DE,DE_LU,actual_offshore_wind_generation,Wind Offshore,2026-08-01T08:46:56Z
2026-08-01T08:44:53Z,2026-08-01T10:44:53+0200,ec999b8f-4b0e-4160-bee3-118ddd8c6904,2026-07-26T01:00:00Z,2026-07-26T03:00:00+0200,1138.652,MW,DE,DE_LU,actual_offshore_wind_generation,Wind Offshore,2026-08-01T08:46:56Z
2026-08-01T08:44:53Z,2026-08-01T10:44:53+0200,ec999b8f-4b0e-4160-bee3-118ddd8c6904,2026-07-26T01:15:00Z,2026-07-26T03:15:00+0200,1250.309,MW,DE,DE_LU,actual_offshore_wind_generation,Wind Offshore,2026-08-01T08:46:56Z
2026-08-01T08:44:53Z,2026-08-01T10:44:53+0200,ec999b8f-4b0e-4160-bee3-118ddd8c6904,2026-07-26T01:30:00Z,2026-07-26T03:30:00+0200,1287.446,MW,DE,DE_LU,actual_offshore_wind_generation,Wind Offshore,2026-08-01T08:46:56Z
2026-08-01T08:44:53Z,2026-08-01T10:44:53+0200,ec999b8f-4b0e-4160-bee3-118ddd8c6904,2026-07-26T01:45:00Z,2026-07-26T03:45:00+0200,1218.302,MW,DE,DE_LU,actual_offshore_wind_generation,Wind Offshore,2026-08-01T08:46:56Z
2026-08-01T08:44:53Z,2026-08-01T10:44:53+0200,ec999b8f-4b0e-4160-bee3-118ddd8c6904,2026-07-26T02:00:00Z,2026-07-26T04:00:00+0200,1129.711,MW,DE,DE_LU,actual_offshore_wind_generation,Wind Offshore,2026-08-01T08:46:56Z
2026-08-01T08:44:53Z,2026-08-01T10:44:53+0200,ec999b8f-4b0e-4160-bee3-118ddd8c6904,2026-07-26T02:15:00Z,2026-07-26T04:15:00+0200,1037.954,MW,DE,DE_LU,actual_offshore_wind_generation,Wind Offshore,2026-08-01T08:46:56Z
2026-08-01T08:44:53Z,2026-08-01T10:44:53+0200,ec999b8f-4b0e-4160-bee3-118ddd8c6904,2026-07-26T02:30:00Z,2026-07-26T04:30:00+0200,1022.464,MW,DE,DE_LU,actual_offshore_wind_generation,Wind Offshore,2026-08-01T08:46:56Z
2026-08-01T08:44:53Z,2026-08-01T10:44:53+0200,ec999b8f-4b0e-4160-bee3-118ddd8c6904,2026-07-26T02:45:00Z,2026-07-26T04:45:00+0200,949.459,MW,DE,DE_LU,actual_offshore_wind_generation,Wind Offshore,2026-08-01T08:46:56Z
2026-08-01T08:44:53Z,2026-08-01T10:44:53+0200,ec999b8f-4b0e-4160-bee3-118ddd8c6904,2026-07-26T03:00:00Z,2026-07-26T05:00:00+0200,952.231,MW,DE,DE_LU,actual_offshore_wind_generation,Wind Offshore,2026-08-01T08:46:56Z
2026-08-01T08:44:53Z,2026-08-01T10:44:53+0200,ec999b8f-4b0e-4160-bee3-118ddd8c6904,2026-07-26T03:15:00Z,2026-07-26T05:15:00+0200,911.278,MW,DE,DE_LU,actual_offshore_wind_generation,Wind Offshore,2026-08-01T08:46:56Z
2026-08-01T08:44:53Z,2026-08-01T10:44:53+0200,ec999b8f-4b0e-4160-bee3-118ddd8c6904,2026-07-26T03:30:00Z,2026-07-26T05:30:00+0200,927.489,MW,DE,DE_LU,actual_offshore_wind_generation,Wind Offshore,2026-08-01T08:46:56Z
2026-08-01T08:44:53Z,2026-08-01T10:44:53+0200,ec999b8f-4b0e-4160-bee3-118ddd8c6904,2026-07-26T03:45:00Z,2026-07-26T05:45:00+0200,988.848,MW,DE,DE_LU,actual_offshore_wind_generation,Wind Offshore,2026-08-01T08:46:56Z
2026-08-01T08:44:53Z,2026-08-01T10:44:53+0200,ec999b8f-4b0e-4160-bee3-118ddd8c6904,2026-07-26T04:00:00Z,2026-07-26T06:00:00+0200,1000.188,MW,DE,DE_LU,actual_offshore_wind_generation,Wind Offshore,2026-08-01T08:46:56Z
2026-08-01T08:44:53Z,2026-08-01T10:44:53+0200,ec999b8f-4b0e-4160-bee3-118ddd8c6904,2026-07-26T04:15:00Z,2026-07-26T06:15:00+0200,1086.681,MW,DE,DE_LU,actual_offshore_wind_generation,Wind Offshore,2026-08-01T08:46:56Z
2026-08-01T08:44:53Z,2026-08-01T10:44:53+0200,ec999b8f-4b0e-4160-bee3-118ddd8c6904,2026-07-26T04:30:00Z,2026-07-26T06:30:00+0200,1168.454,MW,DE,DE_LU,actual_offshore_wind_generation,Wind Offshore,2026-08-01T08:46:56Z
2026-08-01T08:44:53Z,2026-08-01T10:44:53+0200,ec999b8f-4b0e-4160-bee3-118ddd8c6904,2026-07-26T04:45:00Z,2026-07-26T06:45:00+0200,1186.017,MW,DE,DE_LU,actual_offshore_wind_generation,Wind Offshore,2026-08-01T08:46:56Z
2026-08-01T08:44:53Z,2026-08-01T10:44:53+0200,ec999b8f-4b0e-4160-bee3-118ddd8c6904,2026-07-26T05:00:00Z,2026-07-26T07:00:00+0200,1121.797,MW,DE,DE_LU,actual_offshore_wind_generation,Wind Offshore,2026-08-01T08:46:56Z
2026-08-01T08:44:53Z,2026-08-01T10:44:53+0200,ec999b8f-4b0e-4160-bee3-118ddd8c6904,2026-07-26T05:15:00Z,2026-07-26T07:15:00+0200,1163.006,MW,DE,DE_LU,actual_offshore_wind_generation,Wind Offshore,2026-08-01T08:46:56Z
2026-08-01T08:44:53Z,2026-08-01T10:44:53+0200,ec999b8f-4b0e-4160-bee3-118ddd8c6904,2026-07-26T05:30:00Z,2026-07-26T07:30:00+0200,1196.453,MW,DE,DE_LU,actual_offshore_wind_generation,Wind Offshore,2026-08-01T08:46:56Z
2026-08-01T08:44:53Z,2026-08-01T10:44:53+0200,ec999b8f-4b0e-4160-bee3-118ddd8c6904,2026-07-26T05:45:00Z,2026-07-26T07:45:00+0200,1105.011,MW,DE,DE_LU,actual_offshore_wind_generation,Wind Offshore,2026-08-01T08:46:56Z
2026-08-01T08:44:53Z,2026-08-01T10:44:53+0200,ec999b8f-4b0e-4160-bee3-118ddd8c6904,2026-07-26T06:00:00Z,2026-07-26T08:00:00+0200,992.82,MW,DE,DE_LU,actual_offshore_wind_generation,Wind Offshore,2026-08-01T08:46:56Z
2026-08-01T08:44:53Z,2026-08-01T10:44:53+0200,ec999b8f-4b0e-4160-bee3-118ddd8c6904,2026-07-26T06:15:00Z,2026-07-26T08:15:00+0200,989.306,MW,DE,DE_LU,actual_offshore_wind_generation,Wind Offshore,2026-08-01T08:46:56Z
2026-08-01T08:44:53Z,2026-08-01T10:44:53+0200,ec999b8f-4b0e-4160-bee3-118ddd8c6904,2026-07-26T06:30:00Z,2026-07-26T08:30:00+0200,958.23,MW,DE,DE_LU,actual_offshore_wind_generation,Wind Offshore,2026-08-01T08:46:56Z
2026-08-01T08:44:53Z,2026-08-01T10:44:53+0200,ec999b8f-4b0e-4160-bee3-118ddd8c6904,2026-07-26T06:45:00Z,2026-07-26T08:45:00+0200,990.748,MW,DE,DE_LU,actual_offshore_wind_generation,Wind Offshore,2026-08-01T08:46:56Z
2026-08-01T08:44:53Z,2026-08-01T10:44:53+0200,ec999b8f-4b0e-4160-bee3-118ddd8c6904,2026-07-26T07:00:00Z,2026-07-26T09:00:00+0200,1057.706,MW,DE,DE_LU,actual_offshore_wind_generation,Wind Offshore,2026-08-01T08:46:56Z
2026-08-01T08:44:53Z,2026-08-01T10:44:53+0200,ec999b8f-4b0e-4160-bee3-118ddd8c6904,2026-07-26T07:15:00Z,2026-07-26T09:15:00+0200,1078.399,MW,DE,DE_LU,actual_offshore_wind_generation,Wind Offshore,2026-08-01T08:46:56Z
2026-08-01T08:44:53Z,2026-08-01T10:44:53+0200,ec999b8f-4b0e-4160-bee3-118ddd8c6904,2026-07-26T07:30:00Z,2026-07-26T09:30:00+0200,1105.906,MW,DE,DE_LU,actual_offshore_wind_generation,Wind Offshore,2026-08-01T08:46:56Z
2026-08-01T08:44:53Z,2026-08-01T10:44:53+0200,ec999b8f-4b0e-4160-bee3-118ddd8c6904,2026-07-26T07:45:00Z,2026-07-26T09:45:00+0200,1136.548,MW,DE,DE_LU,actual_offshore_wind_generation,Wind Offshore,2026-08-01T08:46:56Z
2026-08-01T08:44:53Z,2026-08-01T10:44:53+0200,ec999b8f-4b0e-4160-bee3-118ddd8c6904,2026-07-26T08:00:00Z,2026-07-26T10:00:00+0200,1131.617,MW,DE,DE_LU,actual_offshore_wind_generation,Wind Offshore,2026-08-01T08:46:56Z
2026-08-01T08:44:53Z,2026-08-01T10:44:53+0200,ec999b8f-4b0e-4160-bee3-118ddd8c6904,2026-07-26T08:15:00Z,2026-07-26T10:15:00+0200,1236.08,MW,DE,DE_LU,actual_offshore_wind_generation,Wind Offshore,2026-08-01T08:46:56Z
2026-08-01T08:44:53Z,2026-08-01T10:44:53+0200,ec999b8f-4b0e-4160-bee3-118ddd8c6904,2026-07-26T08:30:00Z,2026-07-26T10:30:00+0200,1213.343,MW,DE,DE_LU,actual_offshore_wind_generation,Wind Offshore,2026-08-01T08:46:56Z
2026-08-01T08:44:53Z,2026-08-01T10:44:53+0200,ec999b8f-4b0e-4160-bee3-118ddd8c6904,2026-07-26T08:45:00Z,2026-07-26T10:45:00+0200,1229.474,MW,DE,DE_LU,actual_offshore_wind_generation,Wind Offshore,2026-08-01T08:46:56Z
2026-08-01T08:44:53Z,2026-08-01T10:44:53+0200,ec999b8f-4b0e-4160-bee3-118ddd8c6904,2026-07-26T09:00:00Z,2026-07-26T11:00:00+0200,1362.177,MW,DE,DE_LU,actual_offshore_wind_generation,Wind Offshore,2026-08-01T08:46:56Z
2026-08-01T08:44:53Z,2026-08-01T10:44:53+0200,ec999b8f-4b0e-4160-bee3-118ddd8c6904,2026-07-26T09:15:00Z,2026-07-26T11:15:00+0200,1364.096,MW,DE,DE_LU,actual_offshore_wind_generation,Wind Offshore,2026-08-01T08:46:56Z
2026-08-01T08:44:53Z,2026-08-01T10:44:53+0200,ec999b8f-4b0e-4160-bee3-118ddd8c6904,2026-07-26T09:30:00Z,2026-07-26T11:30:00+0200,1341.579,MW,DE,DE_LU,actual_offshore_wind_generation,Wind Offshore,2026-08-01T08:46:56Z
2026-08-01T08:44:53Z,2026-08-01T10:44:53+0200,ec999b8f-4b0e-4160-bee3-118ddd8c6904,2026-07-26T09:45:00Z,2026-07-26T11:45:00+0200,1508.525,MW,DE,DE_LU,actual_offshore_wind_generation,Wind Offshore,2026-08-01T08:46:56Z
2026-08-01T08:44:53Z,2026-08-01T10:44:53+0200,ec999b8f-4b0e-4160-bee3-118ddd8c6904,2026-07-26T10:00:00Z,2026-07-26T12:00:00+0200,2042.328,MW,DE,DE_LU,actual_offshore_wind_generation,Wind Offshore,2026-08-01T08:46:56Z
2026-08-01T08:44:53Z,2026-08-01T10:44:53+0200,ec999b8f-4b0e-4160-bee3-118ddd8c6904,2026-07-26T10:15:00Z,2026-07-26T12:15:00+0200,2388.257,MW,DE,DE_LU,actual_offshore_wind_generation,Wind Offshore,2026-08-01T08:46:56Z
2026-08-01T08:44:53Z,2026-08-01T10:44:53+0200,ec999b8f-4b0e-4160-bee3-118ddd8c6904,2026-07-26T10:30:00Z,2026-07-26T12:30:00+0200,2436.72,MW,DE,DE_LU,actual_offshore_wind_generation,Wind Offshore,2026-08-01T08:46:56Z
2026-08-01T08:44:53Z,2026-08-01T10:44:53+0200,ec999b8f-4b0e-4160-bee3-118ddd8c6904,2026-07-26T10:45:00Z,2026-07-26T12:45:00+0200,2581.125,MW,DE,DE_LU,actual_offshore_wind_generation,Wind Offshore,2026-08-01T08:46:56Z
2026-08-01T08:44:53Z,2026-08-01T10:44:53+0200,ec999b8f-4b0e-4160-bee3-118ddd8c6904,2026-07-26T11:00:00Z,2026-07-26T13:00:00+0200,2666.83,MW,DE,DE_LU,actual_offshore_wind_generation,Wind Offshore,2026-08-01T08:46:56Z
2026-08-01T08:44:53Z,2026-08-01T10:44:53+0200,ec999b8f-4b0e-4160-bee3-118ddd8c6904,2026-07-26T11:15:00Z,2026-07-26T13:15:00+0200,2877.741,MW,DE,DE_LU,actual_offshore_wind_generation,Wind Offshore,2026-08-01T08:46:56Z
2026-08-01T08:44:53Z,2026-08-01T10:44:53+0200,ec999b8f-4b0e-4160-bee3-118ddd8c6904,2026-07-26T11:30:00Z,2026-07-26T13:30:00+0200,3334.29,MW,DE,DE_LU,actual_offshore_wind_generation,Wind Offshore,2026-08-01T08:46:56Z
2026-08-01T08:44:53Z,2026-08-01T10:44:53+0200,ec999b8f-4b0e-4160-bee3-118ddd8c6904,2026-07-26T11:45:00Z,2026-07-26T13:45:00+0200,3657.289,MW,DE,DE_LU,actual_offshore_wind_generation,Wind Offshore,2026-08-01T08:46:56Z
2026-08-01T08:44:53Z,2026-08-01T10:44:53+0200,ec999b8f-4b0e-4160-bee3-118ddd8c6904,2026-07-26T12:00:00Z,2026-07-26T14:00:00+0200,3897.727,MW,DE,DE_LU,actual_offshore_wind_generation,Wind Offshore,2026-08-01T08:46:56Z
2026-08-01T08:44:53Z,2026-08-01T10:44:53+0200,ec999b8f-4b0e-4160-bee3-118ddd8c6904,2026-07-26T12:15:00Z,2026-07-26T14:15:00+0200,4068.918,MW,DE,DE_LU,actual_offshore_wind_generation,Wind Offshore,2026-08-01T08:46:56Z
2026-08-01T08:44:53Z,2026-08-01T10:44:53+0200,ec999b8f-4b0e-4160-bee3-118ddd8c6904,2026-07-26T12:30:00Z,2026-07-26T14:30:00+0200,4086.506,MW,DE,DE_LU,actual_offshore_wind_generation,Wind Offshore,2026-08-01T08:46:56Z
2026-08-01T08:44:53Z,2026-08-01T10:44:53+0200,ec999b8f-4b0e-4160-bee3-118ddd8c6904,2026-07-26T12:45:00Z,2026-07-26T14:45:00+0200,4291.255,MW,DE,DE_LU,actual_offshore_wind_generation,Wind Offshore,2026-08-01T08:46:56Z
2026-08-01T08:44:53Z,2026-08-01T10:44:53+0200,ec999b8f-4b0e-4160-bee3-118ddd8c6904,2026-07-26T13:00:00Z,2026-07-26T15:00:00+0200,4516.283,MW,DE,DE_LU,actual_offshore_wind_generation,Wind Offshore,2026-08-01T08:46:56Z
2026-08-01T08:44:53Z,2026-08-01T10:44:53+0200,ec999b8f-4b0e-4160-bee3-118ddd8c6904,2026-07-26T13:15:00Z,2026-07-26T15:15:00+0200,4603.044,MW,DE,DE_LU,actual_offshore_wind_generation,Wind Offshore,2026-08-01T08:46:56Z
2026-08-01T08:44:53Z,2026-08-01T10:44:53+0200,ec999b8f-4b0e-4160-bee3-118ddd8c6904,2026-07-26T13:30:00Z,2026-07-26T15:30:00+0200,4479.328,MW,DE,DE_LU,actual_offshore_wind_generation,Wind Offshore,2026-08-01T08:46:56Z
2026-08-01T08:44:53Z,2026-08-01T10:44:53+0200,ec999b8f-4b0e-4160-bee3-118ddd8c6904,2026-07-26T13:45:00Z,2026-07-26T15:45:00+0200,4173.99,MW,DE,DE_LU,actual_offshore_wind_generation,Wind Offshore,2026-08-01T08:46:56Z
2026-08-01T08:44:53Z,2026-08-01T10:44:53+0200,ec999b8f-4b0e-4160-bee3-118ddd8c6904,2026-07-26T14:00:00Z,2026-07-26T16:00:00+0200,3869.554,MW,DE,DE_LU,actual_offshore_wind_generation,Wind Offshore,2026-08-01T08:46:56Z
2026-08-01T08:44:53Z,2026-08-01T10:44:53+0200,ec999b8f-4b0e-4160-bee3-118ddd8c6904,2026-07-26T14:15:00Z,2026-07-26T16:15:00+0200,3947.245,MW,DE,DE_LU,actual_offshore_wind_generation,Wind Offshore,2026-08-01T08:46:56Z
2026-08-01T08:44:53Z,2026-08-01T10:44:53+0200,ec999b8f-4b0e-4160-bee3-118ddd8c6904,2026-07-26T14:30:00Z,2026-07-26T16:30:00+0200,4022.598,MW,DE,DE_LU,actual_offshore_wind_generation,Wind Offshore,2026-08-01T08:46:56Z
2026-08-01T08:44:53Z,2026-08-01T10:44:53+0200,ec999b8f-4b0e-4160-bee3-118ddd8c6904,2026-07-26T14:45:00Z,2026-07-26T16:45:00+0200,4291.051,MW,DE,DE_LU,actual_offshore_wind_generation,Wind Offshore,2026-08-01T08:46:56Z
2026-08-01T08:44:53Z,2026-08-01T10:44:53+0200,ec999b8f-4b0e-4160-bee3-118ddd8c6904,2026-07-26T15:00:00Z,2026-07-26T17:00:00+0200,4279.425,MW,DE,DE_LU,actual_offshore_wind_generation,Wind Offshore,2026-08-01T08:46:56Z
2026-08-01T08:44:53Z,2026-08-01T10:44:53+0200,ec999b8f-4b0e-4160-bee3-118ddd8c6904,2026-07-26T15:15:00Z,2026-07-26T17:15:00+0200,4568.392,MW,DE,DE_LU,actual_offshore_wind_generation,Wind Offshore,2026-08-01T08:46:56Z
2026-08-01T08:44:53Z,2026-08-01T10:44:53+0200,ec999b8f-4b0e-4160-bee3-118ddd8c6904,2026-07-26T15:30:00Z,2026-07-26T17:30:00+0200,4415.082,MW,DE,DE_LU,actual_offshore_wind_generation,Wind Offshore,2026-08-01T08:46:56Z
2026-08-01T08:44:53Z,2026-08-01T10:44:53+0200,ec999b8f-4b0e-4160-bee3-118ddd8c6904,2026-07-26T15:45:00Z,2026-07-26T17:45:00+0200,4444.811,MW,DE,DE_LU,actual_offshore_wind_generation,Wind Offshore,2026-08-01T08:46:56Z
2026-08-01T08:44:53Z,2026-08-01T10:44:53+0200,ec999b8f-4b0e-4160-bee3-118ddd8c6904,2026-07-26T16:00:00Z,2026-07-26T18:00:00+0200,5042.035,MW,DE,DE_LU,actual_offshore_wind_generation,Wind Offshore,2026-08-01T08:46:56Z
2026-08-01T08:44:53Z,2026-08-01T10:44:53+0200,ec999b8f-4b0e-4160-bee3-118ddd8c6904,2026-07-26T16:15:00Z,2026-07-26T18:15:00+0200,4640.187,MW,DE,DE_LU,actual_offshore_wind_generation,Wind Offshore,2026-08-01T08:46:56Z
2026-08-01T08:44:53Z,2026-08-01T10:44:53+0200,ec999b8f-4b0e-4160-bee3-118ddd8c6904,2026-07-26T16:30:00Z,2026-07-26T18:30:00+0200,4387.233,MW,DE,DE_LU,actual_offshore_wind_generation,Wind Offshore,2026-08-01T08:46:56Z
2026-08-01T08:44:53Z,2026-08-01T10:44:53+0200,ec999b8f-4b0e-4160-bee3-118ddd8c6904,2026-07-26T16:45:00Z,2026-07-26T18:45:00+0200,4271.243,MW,DE,DE_LU,actual_offshore_wind_generation,Wind Offshore,2026-08-01T08:46:56Z
2026-08-01T08:44:53Z,2026-08-01T10:44:53+0200,ec999b8f-4b0e-4160-bee3-118ddd8c6904,2026-07-26T17:00:00Z,2026-07-26T19:00:00+0200,4621.089,MW,DE,DE_LU,actual_offshore_wind_generation,Wind Offshore,2026-08-01T08:46:56Z
2026-08-01T08:44:53Z,2026-08-01T10:44:53+0200,ec999b8f-4b0e-4160-bee3-118ddd8c6904,2026-07-26T17:15:00Z,2026-07-26T19:15:00+0200,4735.608,MW,DE,DE_LU,actual_offshore_wind_generation,Wind Offshore,2026-08-01T08:46:56Z
2026-08-01T08:44:53Z,2026-08-01T10:44:53+0200,ec999b8f-4b0e-4160-bee3-118ddd8c6904,2026-07-26T17:30:00Z,2026-07-26T19:30:00+0200,4850.398,MW,DE,DE_LU,actual_offshore_wind_generation,Wind Offshore,2026-08-01T08:46:56Z
2026-08-01T08:44:53Z,2026-08-01T10:44:53+0200,ec999b8f-4b0e-4160-bee3-118ddd8c6904,2026-07-26T17:45:00Z,2026-07-26T19:45:00+0200,4806.351,MW,DE,DE_LU,actual_offshore_wind_generation,Wind Offshore,2026-08-01T08:46:56Z
2026-08-01T08:44:53Z,2026-08-01T10:44:53+0200,ec999b8f-4b0e-4160-bee3-118ddd8c6904,2026-07-26T18:00:00Z,2026-07-26T20:00:00+0200,5051.209,MW,DE,DE_LU,actual_offshore_wind_generation,Wind Offshore,2026-08-01T08:46:56Z
2026-08-01T08:44:53Z,2026-08-01T10:44:53+0200,ec999b8f-4b0e-4160-bee3-118ddd8c6904,2026-07-26T18:15:00Z,2026-07-26T20:15:00+0200,5091.536,MW,DE,DE_LU,actual_offshore_wind_generation,Wind Offshore,2026-08-01T08:46:56Z
2026-08-01T08:44:53Z,2026-08-01T10:44:53+0200,ec999b8f-4b0e-4160-bee3-118ddd8c6904,2026-07-26T18:30:00Z,2026-07-26T20:30:00+0200,4957.584,MW,DE,DE_LU,actual_offshore_wind_generation,Wind Offshore,2026-08-01T08:46:56Z
2026-08-01T08:44:53Z,2026-08-01T10:44:53+0200,ec999b8f-4b0e-4160-bee3-118ddd8c6904,2026-07-26T18:45:00Z,2026-07-26T20:45:00+0200,4827.572,MW,DE,DE_LU,actual_offshore_wind_generation,Wind Offshore,2026-08-01T08:46:56Z
2026-08-01T08:44:53Z,2026-08-01T10:44:53+0200,ec999b8f-4b0e-4160-bee3-118ddd8c6904,2026-07-26T19:00:00Z,2026-07-26T21:00:00+0200,4889.861,MW,DE,DE_LU,actual_offshore_wind_generation,Wind Offshore,2026-08-01T08:46:56Z
2026-08-01T08:44:53Z,2026-08-01T10:44:53+0200,ec999b8f-4b0e-4160-bee3-118ddd8c6904,2026-07-26T19:15:00Z,2026-07-26T21:15:00+0200,4967.625,MW,DE,DE_LU,actual_offshore_wind_generation,Wind Offshore,2026-08-01T08:46:56Z
2026-08-01T08:44:53Z,2026-08-01T10:44:53+0200,ec999b8f-4b0e-4160-bee3-118ddd8c6904,2026-07-26T19:30:00Z,2026-07-26T21:30:00+0200,5294.305,MW,DE,DE_LU,actual_offshore_wind_generation,Wind Offshore,2026-08-01T08:46:56Z
2026-08-01T08:44:53Z,2026-08-01T10:44:53+0200,ec999b8f-4b0e-4160-bee3-118ddd8c6904,2026-07-26T19:45:00Z,2026-07-26T21:45:00+0200,5243.181,MW,DE,DE_LU,actual_offshore_wind_generation,Wind Offshore,2026-08-01T08:46:56Z
2026-08-01T08:44:53Z,2026-08-01T10:44:53+0200,ec999b8f-4b0e-4160-bee3-118ddd8c6904,2026-07-26T20:00:00Z,2026-07-26T22:00:00+0200,5340.191,MW,DE,DE_LU,actual_offshore_wind_generation,Wind Offshore,2026-08-01T08:46:56Z
2026-08-01T08:44:53Z,2026-08-01T10:44:53+0200,ec999b8f-4b0e-4160-bee3-118ddd8c6904,2026-07-26T20:15:00Z,2026-07-26T22:15:00+0200,5229.856,MW,DE,DE_LU,actual_offshore_wind_generation,Wind Offshore,2026-08-01T08:46:56Z
2026-08-01T08:44:53Z,2026-08-01T10:44:53+0200,ec999b8f-4b0e-4160-bee3-118ddd8c6904,2026-07-26T20:30:00Z,2026-07-26T22:30:00+0200,5117.25,MW,DE,DE_LU,actual_offshore_wind_generation,Wind Offshore,2026-08-01T08:46:56Z
2026-08-01T08:44:53Z,2026-08-01T10:44:53+0200,ec999b8f-4b0e-4160-bee3-118ddd8c6904,2026-07-26T20:45:00Z,2026-07-26T22:45:00+0200,5285.391,MW,DE,DE_LU,actual_offshore_wind_generation,Wind Offshore,2026-08-01T08:46:56Z
2026-08-01T08:44:53Z,2026-08-01T10:44:53+0200,ec999b8f-4b0e-4160-bee3-118ddd8c6904,2026-07-26T21:00:00Z,2026-07-26T23:00:00+0200,5504.871,MW,DE,DE_LU,actual_offshore_wind_generation,Wind Offshore,2026-08-01T08:46:56Z
2026-08-01T08:44:53Z,2026-08-01T10:44:53+0200,ec999b8f-4b0e-4160-bee3-118ddd8c6904,2026-07-26T21:15:00Z,2026-07-26T23:15:00+0200,5775.922,MW,DE,DE_LU,actual_offshore_wind_generation,Wind Offshore,2026-08-01T08:46:56Z
2026-08-01T08:44:53Z,2026-08-01T10:44:53+0200,ec999b8f-4b0e-4160-bee3-118ddd8c6904,2026-07-26T21:30:00Z,2026-07-26T23:30:00+0200,6080.394,MW,DE,DE_LU,actual_offshore_wind_generation,Wind Offshore,2026-08-01T08:46:56Z
2026-08-01T08:44:53Z,2026-08-01T10:44:53+0200,ec999b8f-4b0e-4160-bee3-118ddd8c6904,2026-07-26T21:45:00Z,2026-07-26T23:45:00+0200,6146.582,MW,DE,DE_LU,actual_offshore_wind_generation,Wind Offshore,2026-08-01T08:46:56Z
2026-08-01T08:44:53Z,2026-08-01T10:44:53+0200,ec999b8f-4b0e-4160-bee3-118ddd8c6904,2026-07-26T22:00:00Z,2026-07-27T00:00:00+0200,6020.235,MW,DE,DE_LU,actual_offshore_wind_generation,Wind Offshore,2026-08-01T08:46:56Z
2026-08-01T08:44:53Z,2026-08-01T10:44:53+0200,ec999b8f-4b0e-4160-bee3-118ddd8c6904,2026-07-26T22:15:00Z,2026-07-27T00:15:00+0200,6206.812,MW,DE,DE_LU,actual_offshore_wind_generation,Wind Offshore,2026-08-01T08:46:56Z
2026-08-01T08:44:53Z,2026-08-01T10:44:53+0200,ec999b8f-4b0e-4160-bee3-118ddd8c6904,2026-07-26T22:30:00Z,2026-07-27T00:30:00+0200,6431.096,MW,DE,DE_LU,actual_offshore_wind_generation,Wind Offshore,2026-08-01T08:46:56Z
2026-08-01T08:44:53Z,2026-08-01T10:44:53+0200,ec999b8f-4b0e-4160-bee3-118ddd8c6904,2026-07-26T22:45:00Z,2026-07-27T00:45:00+0200,6449.785,MW,DE,DE_LU,actual_offshore_wind_generation,Wind Offshore,2026-08-01T08:46:56Z
2026-08-01T08:44:53Z,2026-08-01T10:44:53+0200,ec999b8f-4b0e-4160-bee3-118ddd8c6904,2026-07-26T23:00:00Z,2026-07-27T01:00:00+0200,6098.168,MW,DE,DE_LU,actual_offshore_wind_generation,Wind Offshore,2026-08-01T08:46:56Z
2026-08-01T08:44:53Z,2026-08-01T10:44:53+0200,ec999b8f-4b0e-4160-bee3-118ddd8c6904,2026-07-26T23:15:00Z,2026-07-27T01:15:00+0200,6341.206,MW,DE,DE_LU,actual_offshore_wind_generation,Wind Offshore,2026-08-01T08:46:56Z
2026-08-01T08:44:53Z,2026-08-01T10:44:53+0200,ec999b8f-4b0e-4160-bee3-118ddd8c6904,2026-07-26T23:30:00Z,2026-07-27T01:30:00+0200,6388.962,MW,DE,DE_LU,actual_offshore_wind_generation,Wind Offshore,2026-08-01T08:46:56Z
2026-08-01T08:44:53Z,2026-08-01T10:44:53+0200,ec999b8f-4b0e-4160-bee3-118ddd8c6904,2026-07-26T23:45:00Z,2026-07-27T01:45:00+0200,6471.324,MW,DE,DE_LU,actual_offshore_wind_generation,Wind Offshore,2026-08-01T08:46:56Z
2026-08-01T08:44:53Z,2026-08-01T10:44:53+0200,ec999b8f-4b0e-4160-bee3-118ddd8c6904,2026-07-27T00:00:00Z,2026-07-27T02:00:00+0200,6375.114,MW,DE,DE_LU,actual_offshore_wind_generation,Wind Offshore,2026-08-01T08:46:56Z
2026-08-01T08:44:53Z,2026-08-01T10:44:53+0200,ec999b8f-4b0e-4160-bee3-118ddd8c6904,2026-07-27T00:15:00Z,2026-07-27T02:15:00+0200,6331.36,MW,DE,DE_LU,actual_offshore_wind_generation,Wind Offshore,2026-08-01T08:46:56Z
2026-08-01T08:44:53Z,2026-08-01T10:44:53+0200,ec999b8f-4b0e-4160-bee3-118ddd8c6904,2026-07-27T00:30:00Z,2026-07-27T02:30:00+0200,6299.892,MW,DE,DE_LU,actual_offshore_wind_generation,Wind Offshore,2026-08-01T08:46:56Z
2026-08-01T08:44:53Z,2026-08-01T10:44:53+0200,ec999b8f-4b0e-4160-bee3-118ddd8c6904,2026-07-27T00:45:00Z,2026-07-27T02:45:00+0200,6238.362,MW,DE,DE_LU,actual_offshore_wind_generation,Wind Offshore,2026-08-01T08:46:56Z
2026-08-01T08:44:53Z,2026-08-01T10:44:53+0200,ec999b8f-4b0e-4160-bee3-118ddd8c6904,2026-07-27T01:00:00Z,2026-07-27T03:00:00+0200,6110.865,MW,DE,DE_LU,actual_offshore_wind_generation,Wind Offshore,2026-08-01T08:46:56Z
2026-08-01T08:44:53Z,2026-08-01T10:44:53+0200,ec999b8f-4b0e-4160-bee3-118ddd8c6904,2026-07-27T01:15:00Z,2026-07-27T03:15:00+0200,5976.181,MW,DE,DE_LU,actual_offshore_wind_generation,Wind Offshore,2026-08-01T08:46:56Z
2026-08-01T08:44:53Z,2026-08-01T10:44:53+0200,ec999b8f-4b0e-4160-bee3-118ddd8c6904,2026-07-27T01:30:00Z,2026-07-27T03:30:00+0200,5819.626,MW,DE,DE_LU,actual_offshore_wind_generation,Wind Offshore,2026-08-01T08:46:56Z
2026-08-01T08:44:53Z,2026-08-01T10:44:53+0200,ec999b8f-4b0e-4160-bee3-118ddd8c6904,2026-07-27T01:45:00Z,2026-07-27T03:45:00+0200,5758.265,MW,DE,DE_LU,actual_offshore_wind_generation,Wind Offshore,2026-08-01T08:46:56Z
2026-08-01T08:44:53Z,2026-08-01T10:44:53+0200,ec999b8f-4b0e-4160-bee3-118ddd8c6904,2026-07-27T02:00:00Z,2026-07-27T04:00:00+0200,5512.124,MW,DE,DE_LU,actual_offshore_wind_generation,Wind Offshore,2026-08-01T08:46:56Z
2026-08-01T08:44:53Z,2026-08-01T10:44:53+0200,ec999b8f-4b0e-4160-bee3-118ddd8c6904,2026-07-27T02:15:00Z,2026-07-27T04:15:00+0200,5352.572,MW,DE,DE_LU,actual_offshore_wind_generation,Wind Offshore,2026-08-01T08:46:56Z
2026-08-01T08:44:53Z,2026-08-01T10:44:53+0200,ec999b8f-4b0e-4160-bee3-118ddd8c6904,2026-07-27T02:30:00Z,2026-07-27T04:30:00+0200,5250.94,MW,DE,DE_LU,actual_offshore_wind_generation,Wind Offshore,2026-08-01T08:46:56Z
2026-08-01T08:44:53Z,2026-08-01T10:44:53+0200,ec999b8f-4b0e-4160-bee3-118ddd8c6904,2026-07-27T02:45:00Z,2026-07-27T04:45:00+0200,4980.486,MW,DE,DE_LU,actual_offshore_wind_generation,Wind Offshore,2026-08-01T08:46:56Z
2026-08-01T08:44:53Z,2026-08-01T10:44:53+0200,ec999b8f-4b0e-4160-bee3-118ddd8c6904,2026-07-27T03:00:00Z,2026-07-27T05:00:00+0200,5604.73,MW,DE,DE_LU,actual_offshore_wind_generation,Wind Offshore,2026-08-01T08:46:56Z
2026-08-01T08:44:53Z,2026-08-01T10:44:53+0200,ec999b8f-4b0e-4160-bee3-118ddd8c6904,2026-07-27T03:15:00Z,2026-07-27T05:15:00+0200,5626.373,MW,DE,DE_LU,actual_offshore_wind_generation,Wind Offshore,2026-08-01T08:46:56Z
2026-08-01T08:44:53Z,2026-08-01T10:44:53+0200,ec999b8f-4b0e-4160-bee3-118ddd8c6904,2026-07-27T03:30:00Z,2026-07-27T05:30:00+0200,5483.089,MW,DE,DE_LU,actual_offshore_wind_generation,Wind Offshore,2026-08-01T08:46:56Z
2026-08-01T08:44:53Z,2026-08-01T10:44:53+0200,ec999b8f-4b0e-4160-bee3-118ddd8c6904,2026-07-27T03:45:00Z,2026-07-27T05:45:00+0200,5256.889,MW,DE,DE_LU,actual_offshore_wind_generation,Wind Offshore,2026-08-01T08:46:56Z
2026-08-01T08:44:53Z,2026-08-01T10:44:53+0200,ec999b8f-4b0e-4160-bee3-118ddd8c6904,2026-07-27T04:00:00Z,2026-07-27T06:00:00+0200,5586.799,MW,DE,DE_LU,actual_offshore_wind_generation,Wind Offshore,2026-08-01T08:46:56Z
2026-08-01T08:44:53Z,2026-08-01T10:44:53+0200,ec999b8f-4b0e-4160-bee3-118ddd8c6904,2026-07-27T04:15:00Z,2026-07-27T06:15:00+0200,5409.85,MW,DE,DE_LU,actual_offshore_wind_generation,Wind Offshore,2026-08-01T08:46:56Z
2026-08-01T08:44:53Z,2026-08-01T10:44:53+0200,ec999b8f-4b0e-4160-bee3-118ddd8c6904,2026-07-27T04:30:00Z,2026-07-27T06:30:00+0200,5222.17,MW,DE,DE_LU,actual_offshore_wind_generation,Wind Offshore,2026-08-01T08:46:56Z
2026-08-01T08:44:53Z,2026-08-01T10:44:53+0200,ec999b8f-4b0e-4160-bee3-118ddd8c6904,2026-07-27T04:45:00Z,2026-07-27T06:45:00+0200,4760.708,MW,DE,DE_LU,actual_offshore_wind_generation,Wind Offshore,2026-08-01T08:46:56Z
2026-08-01T08:44:53Z,2026-08-01T10:44:53+0200,ec999b8f-4b0e-4160-bee3-118ddd8c6904,2026-07-27T05:00:00Z,2026-07-27T07:00:00+0200,4841.628,MW,DE,DE_LU,actual_offshore_wind_generation,Wind Offshore,2026-08-01T08:46:56Z
2026-08-01T08:44:53Z,2026-08-01T10:44:53+0200,ec999b8f-4b0e-4160-bee3-118ddd8c6904,2026-07-27T05:15:00Z,2026-07-27T07:15:00+0200,4691.634,MW,DE,DE_LU,actual_offshore_wind_generation,Wind Offshore,2026-08-01T08:46:56Z
2026-08-01T08:44:53Z,2026-08-01T10:44:53+0200,ec999b8f-4b0e-4160-bee3-118ddd8c6904,2026-07-27T05:30:00Z,2026-07-27T07:30:00+0200,4554.707,MW,DE,DE_LU,actual_offshore_wind_generation,Wind Offshore,2026-08-01T08:46:56Z
2026-08-01T08:44:53Z,2026-08-01T10:44:53+0200,ec999b8f-4b0e-4160-bee3-118ddd8c6904,2026-07-27T05:45:00Z,2026-07-27T07:45:00+0200,4581.092,MW,DE,DE_LU,actual_offshore_wind_generation,Wind Offshore,2026-08-01T08:46:56Z
2026-08-01T08:44:53Z,2026-08-01T10:44:53+0200,ec999b8f-4b0e-4160-bee3-118ddd8c6904,2026-07-27T06:00:00Z,2026-07-27T08:00:00+0200,4725.348,MW,DE,DE_LU,actual_offshore_wind_generation,Wind Offshore,2026-08-01T08:46:56Z
2026-08-01T08:44:53Z,2026-08-01T10:44:53+0200,ec999b8f-4b0e-4160-bee3-118ddd8c6904,2026-07-27T06:15:00Z,2026-07-27T08:15:00+0200,4640.144,MW,DE,DE_LU,actual_offshore_wind_generation,Wind Offshore,2026-08-01T08:46:56Z
2026-08-01T08:44:53Z,2026-08-01T10:44:53+0200,ec999b8f-4b0e-4160-bee3-118ddd8c6904,2026-07-27T06:30:00Z,2026-07-27T08:30:00+0200,4490.697,MW,DE,DE_LU,actual_offshore_wind_generation,Wind Offshore,2026-08-01T08:46:56Z
2026-08-01T08:44:53Z,2026-08-01T10:44:53+0200,ec999b8f-4b0e-4160-bee3-118ddd8c6904,2026-07-27T06:45:00Z,2026-07-27T08:45:00+0200,4278.474,MW,DE,DE_LU,actual_offshore_wind_generation,Wind Offshore,2026-08-01T08:46:56Z
2026-08-01T08:44:53Z,2026-08-01T10:44:53+0200,ec999b8f-4b0e-4160-bee3-118ddd8c6904,2026-07-27T07:00:00Z,2026-07-27T09:00:00+0200,3720.934,MW,DE,DE_LU,actual_offshore_wind_generation,Wind Offshore,2026-08-01T08:46:56Z
2026-08-01T08:44:53Z,2026-08-01T10:44:53+0200,ec999b8f-4b0e-4160-bee3-118ddd8c6904,2026-07-27T07:15:00Z,2026-07-27T09:15:00+0200,3522.478,MW,DE,DE_LU,actual_offshore_wind_generation,Wind Offshore,2026-08-01T08:46:56Z
2026-08-01T08:44:53Z,2026-08-01T10:44:53+0200,ec999b8f-4b0e-4160-bee3-118ddd8c6904,2026-07-27T07:30:00Z,2026-07-27T09:30:00+0200,3476.311,MW,DE,DE_LU,actual_offshore_wind_generation,Wind Offshore,2026-08-01T08:46:56Z
2026-08-01T08:44:53Z,2026-08-01T10:44:53+0200,ec999b8f-4b0e-4160-bee3-118ddd8c6904,2026-07-27T07:45:00Z,2026-07-27T09:45:00+0200,3346.184,MW,DE,DE_LU,actual_offshore_wind_generation,Wind Offshore,2026-08-01T08:46:56Z
2026-08-01T08:44:53Z,2026-08-01T10:44:53+0200,ec999b8f-4b0e-4160-bee3-118ddd8c6904,2026-07-27T08:00:00Z,2026-07-27T10:00:00+0200,2185.763,MW,DE,DE_LU,actual_offshore_wind_generation,Wind Offshore,2026-08-01T08:46:56Z
2026-08-01T08:44:53Z,2026-08-01T10:44:53+0200,ec999b8f-4b0e-4160-bee3-118ddd8c6904,2026-07-27T08:15:00Z,2026-07-27T10:15:00+0200,2009.652,MW,DE,DE_LU,actual_offshore_wind_generation,Wind Offshore,2026-08-01T08:46:56Z
2026-08-01T08:44:53Z,2026-08-01T10:44:53+0200,ec999b8f-4b0e-4160-bee3-118ddd8c6904,2026-07-27T08:30:00Z,2026-07-27T10:30:00+0200,2103.458,MW,DE,DE_LU,actual_offshore_wind_generation,Wind Offshore,2026-08-01T08:46:56Z
2026-08-01T08:44:53Z,2026-08-01T10:44:53+0200,ec999b8f-4b0e-4160-bee3-118ddd8c6904,2026-07-27T08:45:00Z,2026-07-27T10:45:00+0200,2186.867,MW,DE,DE_LU,actual_offshore_wind_generation,Wind Offshore,2026-08-01T08:46:56Z
2026-08-01T08:44:53Z,2026-08-01T10:44:53+0200,ec999b8f-4b0e-4160-bee3-118ddd8c6904,2026-07-27T09:00:00Z,2026-07-27T11:00:00+0200,2726.146,MW,DE,DE_LU,actual_offshore_wind_generation,Wind Offshore,2026-08-01T08:46:56Z
2026-08-01T08:44:53Z,2026-08-01T10:44:53+0200,ec999b8f-4b0e-4160-bee3-118ddd8c6904,2026-07-27T09:15:00Z,2026-07-27T11:15:00+0200,3199.078,MW,DE,DE_LU,actual_offshore_wind_generation,Wind Offshore,2026-08-01T08:46:56Z
2026-08-01T08:44:53Z,2026-08-01T10:44:53+0200,ec999b8f-4b0e-4160-bee3-118ddd8c6904,2026-07-27T09:30:00Z,2026-07-27T11:30:00+0200,3367.473,MW,DE,DE_LU,actual_offshore_wind_generation,Wind Offshore,2026-08-01T08:46:56Z
2026-08-01T08:44:53Z,2026-08-01T10:44:53+0200,ec999b8f-4b0e-4160-bee3-118ddd8c6904,2026-07-27T09:45:00Z,2026-07-27T11:45:00+0200,3541.402,MW,DE,DE_LU,actual_offshore_wind_generation,Wind Offshore,2026-08-01T08:46:56Z
2026-08-01T08:44:53Z,2026-08-01T10:44:53+0200,ec999b8f-4b0e-4160-bee3-118ddd8c6904,2026-07-27T10:00:00Z,2026-07-27T12:00:00+0200,4040.372,MW,DE,DE_LU,actual_offshore_wind_generation,Wind Offshore,2026-08-01T08:46:56Z
2026-08-01T08:44:53Z,2026-08-01T10:44:53+0200,ec999b8f-4b0e-4160-bee3-118ddd8c6904,2026-07-27T10:15:00Z,2026-07-27T12:15:00+0200,4060.116,MW,DE,DE_LU,actual_offshore_wind_generation,Wind Offshore,2026-08-01T08:46:56Z
2026-08-01T08:44:53Z,2026-08-01T10:44:53+0200,ec999b8f-4b0e-4160-bee3-118ddd8c6904,2026-07-27T10:30:00Z,2026-07-27T12:30:00+0200,4091.271,MW,DE,DE_LU,actual_offshore_wind_generation,Wind Offshore,2026-08-01T08:46:56Z
2026-08-01T08:44:53Z,2026-08-01T10:44:53+0200,ec999b8f-4b0e-4160-bee3-118ddd8c6904,2026-07-27T10:45:00Z,2026-07-27T12:45:00+0200,4094.848,MW,DE,DE_LU,actual_offshore_wind_generation,Wind Offshore,2026-08-01T08:46:56Z
2026-08-01T08:44:53Z,2026-08-01T10:44:53+0200,ec999b8f-4b0e-4160-bee3-118ddd8c6904,2026-07-27T11:00:00Z,2026-07-27T13:00:00+0200,4017.827,MW,DE,DE_LU,actual_offshore_wind_generation,Wind Offshore,2026-08-01T08:46:56Z
2026-08-01T08:44:53Z,2026-08-01T10:44:53+0200,ec999b8f-4b0e-4160-bee3-118ddd8c6904,2026-07-27T11:15:00Z,2026-07-27T13:15:00+0200,4027.447,MW,DE,DE_LU,actual_offshore_wind_generation,Wind Offshore,2026-08-01T08:46:56Z
2026-08-01T08:44:53Z,2026-08-01T10:44:53+0200,ec999b8f-4b0e-4160-bee3-118ddd8c6904,2026-07-27T11:30:00Z,2026-07-27T13:30:00+0200,4080.376,MW,DE,DE_LU,actual_offshore_wind_generation,Wind Offshore,2026-08-01T08:46:56Z
2026-08-01T08:44:53Z,2026-08-01T10:44:53+0200,ec999b8f-4b0e-4160-bee3-118ddd8c6904,2026-07-27T11:45:00Z,2026-07-27T13:45:00+0200,4132.723,MW,DE,DE_LU,actual_offshore_wind_generation,Wind Offshore,2026-08-01T08:46:56Z
2026-08-01T08:44:53Z,2026-08-01T10:44:53+0200,ec999b8f-4b0e-4160-bee3-118ddd8c6904,2026-07-27T12:00:00Z,2026-07-27T14:00:00+0200,4087.843,MW,DE,DE_LU,actual_offshore_wind_generation,Wind Offshore,2026-08-01T08:46:56Z
2026-08-01T08:44:53Z,2026-08-01T10:44:53+0200,ec999b8f-4b0e-4160-bee3-118ddd8c6904,2026-07-27T12:15:00Z,2026-07-27T14:15:00+0200,4180.584,MW,DE,DE_LU,actual_offshore_wind_generation,Wind Offshore,2026-08-01T08:46:56Z
2026-08-01T08:44:53Z,2026-08-01T10:44:53+0200,ec999b8f-4b0e-4160-bee3-118ddd8c6904,2026-07-27T12:30:00Z,2026-07-27T14:30:00+0200,4264.858,MW,DE,DE_LU,actual_offshore_wind_generation,Wind Offshore,2026-08-01T08:46:56Z
2026-08-01T08:44:53Z,2026-08-01T10:44:53+0200,ec999b8f-4b0e-4160-bee3-118ddd8c6904,2026-07-27T12:45:00Z,2026-07-27T14:45:00+0200,4294.861,MW,DE,DE_LU,actual_offshore_wind_generation,Wind Offshore,2026-08-01T08:46:56Z
2026-08-01T08:44:53Z,2026-08-01T10:44:53+0200,ec999b8f-4b0e-4160-bee3-118ddd8c6904,2026-07-27T13:00:00Z,2026-07-27T15:00:00+0200,4103.271,MW,DE,DE_LU,actual_offshore_wind_generation,Wind Offshore,2026-08-01T08:46:56Z
2026-08-01T08:44:53Z,2026-08-01T10:44:53+0200,ec999b8f-4b0e-4160-bee3-118ddd8c6904,2026-07-27T13:15:00Z,2026-07-27T15:15:00+0200,4055.527,MW,DE,DE_LU,actual_offshore_wind_generation,Wind Offshore,2026-08-01T08:46:56Z
2026-08-01T08:44:53Z,2026-08-01T10:44:53+0200,ec999b8f-4b0e-4160-bee3-118ddd8c6904,2026-07-27T13:30:00Z,2026-07-27T15:30:00+0200,3970.185,MW,DE,DE_LU,actual_offshore_wind_generation,Wind Offshore,2026-08-01T08:46:56Z
2026-08-01T08:44:53Z,2026-08-01T10:44:53+0200,ec999b8f-4b0e-4160-bee3-118ddd8c6904,2026-07-27T13:45:00Z,2026-07-27T15:45:00+0200,3946.065,MW,DE,DE_LU,actual_offshore_wind_generation,Wind Offshore,2026-08-01T08:46:56Z
2026-08-01T08:44:53Z,2026-08-01T10:44:53+0200,ec999b8f-4b0e-4160-bee3-118ddd8c6904,2026-07-27T14:00:00Z,2026-07-27T16:00:00+0200,3906.246,MW,DE,DE_LU,actual_offshore_wind_generation,Wind Offshore,2026-08-01T08:46:56Z
2026-08-01T08:44:53Z,2026-08-01T10:44:53+0200,ec999b8f-4b0e-4160-bee3-118ddd8c6904,2026-07-27T14:15:00Z,2026-07-27T16:15:00+0200,3785.431,MW,DE,DE_LU,actual_offshore_wind_generation,Wind Offshore,2026-08-01T08:46:56Z
2026-08-01T08:44:53Z,2026-08-01T10:44:53+0200,ec999b8f-4b0e-4160-bee3-118ddd8c6904,2026-07-27T14:30:00Z,2026-07-27T16:30:00+0200,3703.89,MW,DE,DE_LU,actual_offshore_wind_generation,Wind Offshore,2026-08-01T08:46:56Z
2026-08-01T08:44:53Z,2026-08-01T10:44:53+0200,ec999b8f-4b0e-4160-bee3-118ddd8c6904,2026-07-27T14:45:00Z,2026-07-27T16:45:00+0200,3761.121,MW,DE,DE_LU,actual_offshore_wind_generation,Wind Offshore,2026-08-01T08:46:56Z
2026-08-01T08:44:53Z,2026-08-01T10:44:53+0200,ec999b8f-4b0e-4160-bee3-118ddd8c6904,2026-07-27T15:00:00Z,2026-07-27T17:00:00+0200,3506.194,MW,DE,DE_LU,actual_offshore_wind_generation,Wind Offshore,2026-08-01T08:46:56Z
2026-08-01T08:44:53Z,2026-08-01T10:44:53+0200,ec999b8f-4b0e-4160-bee3-118ddd8c6904,2026-07-27T15:15:00Z,2026-07-27T17:15:00+0200,3437.778,MW,DE,DE_LU,actual_offshore_wind_generation,Wind Offshore,2026-08-01T08:46:56Z
2026-08-01T08:44:53Z,2026-08-01T10:44:53+0200,ec999b8f-4b0e-4160-bee3-118ddd8c6904,2026-07-27T15:30:00Z,2026-07-27T17:30:00+0200,3497.244,MW,DE,DE_LU,actual_offshore_wind_generation,Wind Offshore,2026-08-01T08:46:56Z
2026-08-01T08:44:53Z,2026-08-01T10:44:53+0200,ec999b8f-4b0e-4160-bee3-118ddd8c6904,2026-07-27T15:45:00Z,2026-07-27T17:45:00+0200,3547.609,MW,DE,DE_LU,actual_offshore_wind_generation,Wind Offshore,2026-08-01T08:46:56Z
2026-08-01T08:44:53Z,2026-08-01T10:44:53+0200,ec999b8f-4b0e-4160-bee3-118ddd8c6904,2026-07-27T16:00:00Z,2026-07-27T18:00:00+0200,4054.581,MW,DE,DE_LU,actual_offshore_wind_generation,Wind Offshore,2026-08-01T08:46:56Z
2026-08-01T08:44:53Z,2026-08-01T10:44:53+0200,ec999b8f-4b0e-4160-bee3-118ddd8c6904,2026-07-27T16:15:00Z,2026-07-27T18:15:00+0200,4315.59,MW,DE,DE_LU,actual_offshore_wind_generation,Wind Offshore,2026-08-01T08:46:56Z
2026-08-01T08:44:53Z,2026-08-01T10:44:53+0200,ec999b8f-4b0e-4160-bee3-118ddd8c6904,2026-07-27T16:30:00Z,2026-07-27T18:30:00+0200,4218.64,MW,DE,DE_LU,actual_offshore_wind_generation,Wind Offshore,2026-08-01T08:46:56Z
2026-08-01T08:44:53Z,2026-08-01T10:44:53+0200,ec999b8f-4b0e-4160-bee3-118ddd8c6904,2026-07-27T16:45:00Z,2026-07-27T18:45:00+0200,4146.118,MW,DE,DE_LU,actual_offshore_wind_generation,Wind Offshore,2026-08-01T08:46:56Z
2026-08-01T08:44:53Z,2026-08-01T10:44:53+0200,ec999b8f-4b0e-4160-bee3-118ddd8c6904,2026-07-27T17:00:00Z,2026-07-27T19:00:00+0200,4259.797,MW,DE,DE_LU,actual_offshore_wind_generation,Wind Offshore,2026-08-01T08:46:56Z
2026-08-01T08:44:53Z,2026-08-01T10:44:53+0200,ec999b8f-4b0e-4160-bee3-118ddd8c6904,2026-07-27T17:15:00Z,2026-07-27T19:15:00+0200,4258.747,MW,DE,DE_LU,actual_offshore_wind_generation,Wind Offshore,2026-08-01T08:46:56Z
2026-08-01T08:44:53Z,2026-08-01T10:44:53+0200,ec999b8f-4b0e-4160-bee3-118ddd8c6904,2026-07-27T17:30:00Z,2026-07-27T19:30:00+0200,4209.376,MW,DE,DE_LU,actual_offshore_wind_generation,Wind Offshore,2026-08-01T08:46:56Z
2026-08-01T08:44:53Z,2026-08-01T10:44:53+0200,ec999b8f-4b0e-4160-bee3-118ddd8c6904,2026-07-27T17:45:00Z,2026-07-27T19:45:00+0200,4192.149,MW,DE,DE_LU,actual_offshore_wind_generation,Wind Offshore,2026-08-01T08:46:56Z
2026-08-01T08:44:53Z,2026-08-01T10:44:53+0200,ec999b8f-4b0e-4160-bee3-118ddd8c6904,2026-07-27T18:00:00Z,2026-07-27T20:00:00+0200,4790.559,MW,DE,DE_LU,actual_offshore_wind_generation,Wind Offshore,2026-08-01T08:46:56Z
2026-08-01T08:44:53Z,2026-08-01T10:44:53+0200,ec999b8f-4b0e-4160-bee3-118ddd8c6904,2026-07-27T18:15:00Z,2026-07-27T20:15:00+0200,4841.324,MW,DE,DE_LU,actual_offshore_wind_generation,Wind Offshore,2026-08-01T08:46:56Z
2026-08-01T08:44:53Z,2026-08-01T10:44:53+0200,ec999b8f-4b0e-4160-bee3-118ddd8c6904,2026-07-27T18:30:00Z,2026-07-27T20:30:00+0200,4836.398,MW,DE,DE_LU,actual_offshore_wind_generation,Wind Offshore,2026-08-01T08:46:56Z
2026-08-01T08:44:53Z,2026-08-01T10:44:53+0200,ec999b8f-4b0e-4160-bee3-118ddd8c6904,2026-07-27T18:45:00Z,2026-07-27T20:45:00+0200,4924.704,MW,DE,DE_LU,actual_offshore_wind_generation,Wind Offshore,2026-08-01T08:46:56Z
2026-08-01T08:44:53Z,2026-08-01T10:44:53+0200,ec999b8f-4b0e-4160-bee3-118ddd8c6904,2026-07-27T19:00:00Z,2026-07-27T21:00:00+0200,4956.266,MW,DE,DE_LU,actual_offshore_wind_generation,Wind Offshore,2026-08-01T08:46:56Z
2026-08-01T08:44:53Z,2026-08-01T10:44:53+0200,ec999b8f-4b0e-4160-bee3-118ddd8c6904,2026-07-27T19:15:00Z,2026-07-27T21:15:00+0200,4951.511,MW,DE,DE_LU,actual_offshore_wind_generation,Wind Offshore,2026-08-01T08:46:56Z
2026-08-01T08:44:53Z,2026-08-01T10:44:53+0200,ec999b8f-4b0e-4160-bee3-118ddd8c6904,2026-07-27T19:30:00Z,2026-07-27T21:30:00+0200,4984.249,MW,DE,DE_LU,actual_offshore_wind_generation,Wind Offshore,2026-08-01T08:46:56Z
2026-08-01T08:44:53Z,2026-08-01T10:44:53+0200,ec999b8f-4b0e-4160-bee3-118ddd8c6904,2026-07-27T19:45:00Z,2026-07-27T21:45:00+0200,5050.722,MW,DE,DE_LU,actual_offshore_wind_generation,Wind Offshore,2026-08-01T08:46:56Z
2026-08-01T08:44:53Z,2026-08-01T10:44:53+0200,ec999b8f-4b0e-4160-bee3-118ddd8c6904,2026-07-27T20:00:00Z,2026-07-27T22:00:00+0200,4898.805,MW,DE,DE_LU,actual_offshore_wind_generation,Wind Offshore,2026-08-01T08:46:56Z
2026-08-01T08:44:53Z,2026-08-01T10:44:53+0200,ec999b8f-4b0e-4160-bee3-118ddd8c6904,2026-07-27T20:15:00Z,2026-07-27T22:15:00+0200,4873.796,MW,DE,DE_LU,actual_offshore_wind_generation,Wind Offshore,2026-08-01T08:46:56Z
2026-08-01T08:44:53Z,2026-08-01T10:44:53+0200,ec999b8f-4b0e-4160-bee3-118ddd8c6904,2026-07-27T20:30:00Z,2026-07-27T22:30:00+0200,4975.675,MW,DE,DE_LU,actual_offshore_wind_generation,Wind Offshore,2026-08-01T08:46:56Z
2026-08-01T08:44:53Z,2026-08-01T10:44:53+0200,ec999b8f-4b0e-4160-bee3-118ddd8c6904,2026-07-27T20:45:00Z,2026-07-27T22:45:00+0200,5156.029,MW,DE,DE_LU,actual_offshore_wind_generation,Wind Offshore,2026-08-01T08:46:56Z
2026-08-01T08:44:53Z,2026-08-01T10:44:53+0200,ec999b8f-4b0e-4160-bee3-118ddd8c6904,2026-07-27T21:00:00Z,2026-07-27T23:00:00+0200,5197.976,MW,DE,DE_LU,actual_offshore_wind_generation,Wind Offshore,2026-08-01T08:46:56Z
2026-08-01T08:44:53Z,2026-08-01T10:44:53+0200,ec999b8f-4b0e-4160-bee3-118ddd8c6904,2026-07-27T21:15:00Z,2026-07-27T23:15:00+0200,5239.466,MW,DE,DE_LU,actual_offshore_wind_generation,Wind Offshore,2026-08-01T08:46:56Z
2026-08-01T08:44:53Z,2026-08-01T10:44:53+0200,ec999b8f-4b0e-4160-bee3-118ddd8c6904,2026-07-27T21:30:00Z,2026-07-27T23:30:00+0200,5109.541,MW,DE,DE_LU,actual_offshore_wind_generation,Wind Offshore,2026-08-01T08:46:56Z
2026-08-01T08:44:53Z,2026-08-01T10:44:53+0200,ec999b8f-4b0e-4160-bee3-118ddd8c6904,2026-07-27T21:45:00Z,2026-07-27T23:45:00+0200,4909.958,MW,DE,DE_LU,actual_offshore_wind_generation,Wind Offshore,2026-08-01T08:46:56Z
2026-08-01T08:44:53Z,2026-08-01T10:44:53+0200,ec999b8f-4b0e-4160-bee3-118ddd8c6904,2026-07-27T22:00:00Z,2026-07-28T00:00:00+0200,4940.559,MW,DE,DE_LU,actual_offshore_wind_generation,Wind Offshore,2026-08-01T08:46:56Z
2026-08-01T08:44:53Z,2026-08-01T10:44:53+0200,ec999b8f-4b0e-4160-bee3-118ddd8c6904,2026-07-27T22:15:00Z,2026-07-28T00:15:00+0200,4848.202,MW,DE,DE_LU,actual_offshore_wind_generation,Wind Offshore,2026-08-01T08:46:56Z
2026-08-01T08:44:53Z,2026-08-01T10:44:53+0200,ec999b8f-4b0e-4160-bee3-118ddd8c6904,2026-07-27T22:30:00Z,2026-07-28T00:30:00+0200,4631.783,MW,DE,DE_LU,actual_offshore_wind_generation,Wind Offshore,2026-08-01T08:46:56Z
2026-08-01T08:44:53Z,2026-08-01T10:44:53+0200,ec999b8f-4b0e-4160-bee3-118ddd8c6904,2026-07-27T22:45:00Z,2026-07-28T00:45:00+0200,4518.468,MW,DE,DE_LU,actual_offshore_wind_generation,Wind Offshore,2026-08-01T08:46:56Z
2026-08-01T08:44:53Z,2026-08-01T10:44:53+0200,ec999b8f-4b0e-4160-bee3-118ddd8c6904,2026-07-27T23:00:00Z,2026-07-28T01:00:00+0200,4379.04,MW,DE,DE_LU,actual_offshore_wind_generation,Wind Offshore,2026-08-01T08:46:56Z
2026-08-01T08:44:53Z,2026-08-01T10:44:53+0200,ec999b8f-4b0e-4160-bee3-118ddd8c6904,2026-07-27T23:15:00Z,2026-07-28T01:15:00+0200,4217.971,MW,DE,DE_LU,actual_offshore_wind_generation,Wind Offshore,2026-08-01T08:46:56Z
2026-08-01T08:44:53Z,2026-08-01T10:44:53+0200,ec999b8f-4b0e-4160-bee3-118ddd8c6904,2026-07-27T23:30:00Z,2026-07-28T01:30:00+0200,4114.669,MW,DE,DE_LU,actual_offshore_wind_generation,Wind Offshore,2026-08-01T08:46:56Z
2026-08-01T08:44:53Z,2026-08-01T10:44:53+0200,ec999b8f-4b0e-4160-bee3-118ddd8c6904,2026-07-27T23:45:00Z,2026-07-28T01:45:00+0200,3999.209,MW,DE,DE_LU,actual_offshore_wind_generation,Wind Offshore,2026-08-01T08:46:56Z
2026-08-01T08:44:53Z,2026-08-01T10:44:53+0200,ec999b8f-4b0e-4160-bee3-118ddd8c6904,2026-07-28T00:00:00Z,2026-07-28T02:00:00+0200,3880.41,MW,DE,DE_LU,actual_offshore_wind_generation,Wind Offshore,2026-08-01T08:46:56Z
2026-08-01T08:44:53Z,2026-08-01T10:44:53+0200,ec999b8f-4b0e-4160-bee3-118ddd8c6904,2026-07-28T00:15:00Z,2026-07-28T02:15:00+0200,3836.453,MW,DE,DE_LU,actual_offshore_wind_generation,Wind Offshore,2026-08-01T08:46:56Z
2026-08-01T08:44:53Z,2026-08-01T10:44:53+0200,ec999b8f-4b0e-4160-bee3-118ddd8c6904,2026-07-28T00:30:00Z,2026-07-28T02:30:00+0200,3778.546,MW,DE,DE_LU,actual_offshore_wind_generation,Wind Offshore,2026-08-01T08:46:56Z
2026-08-01T08:44:53Z,2026-08-01T10:44:53+0200,ec999b8f-4b0e-4160-bee3-118ddd8c6904,2026-07-28T00:45:00Z,2026-07-28T02:45:00+0200,3885.109,MW,DE,DE_LU,actual_offshore_wind_generation,Wind Offshore,2026-08-01T08:46:56Z
2026-08-01T08:44:53Z,2026-08-01T10:44:53+0200,ec999b8f-4b0e-4160-bee3-118ddd8c6904,2026-07-28T01:00:00Z,2026-07-28T03:00:00+0200,3869.204,MW,DE,DE_LU,actual_offshore_wind_generation,Wind Offshore,2026-08-01T08:46:56Z
2026-08-01T08:44:53Z,2026-08-01T10:44:53+0200,ec999b8f-4b0e-4160-bee3-118ddd8c6904,2026-07-28T01:15:00Z,2026-07-28T03:15:00+0200,3780.433,MW,DE,DE_LU,actual_offshore_wind_generation,Wind Offshore,2026-08-01T08:46:56Z
2026-08-01T08:44:53Z,2026-08-01T10:44:53+0200,ec999b8f-4b0e-4160-bee3-118ddd8c6904,2026-07-28T01:30:00Z,2026-07-28T03:30:00+0200,3692.319,MW,DE,DE_LU,actual_offshore_wind_generation,Wind Offshore,2026-08-01T08:46:56Z
2026-08-01T08:44:53Z,2026-08-01T10:44:53+0200,ec999b8f-4b0e-4160-bee3-118ddd8c6904,2026-07-28T01:45:00Z,2026-07-28T03:45:00+0200,3560.517,MW,DE,DE_LU,actual_offshore_wind_generation,Wind Offshore,2026-08-01T08:46:56Z
2026-08-01T08:44:53Z,2026-08-01T10:44:53+0200,ec999b8f-4b0e-4160-bee3-118ddd8c6904,2026-07-28T02:00:00Z,2026-07-28T04:00:00+0200,3375.881,MW,DE,DE_LU,actual_offshore_wind_generation,Wind Offshore,2026-08-01T08:46:56Z
2026-08-01T08:44:53Z,2026-08-01T10:44:53+0200,ec999b8f-4b0e-4160-bee3-118ddd8c6904,2026-07-28T02:15:00Z,2026-07-28T04:15:00+0200,3281.373,MW,DE,DE_LU,actual_offshore_wind_generation,Wind Offshore,2026-08-01T08:46:56Z
2026-08-01T08:44:53Z,2026-08-01T10:44:53+0200,ec999b8f-4b0e-4160-bee3-118ddd8c6904,2026-07-28T02:30:00Z,2026-07-28T04:30:00+0200,3171.289,MW,DE,DE_LU,actual_offshore_wind_generation,Wind Offshore,2026-08-01T08:46:56Z
2026-08-01T08:44:53Z,2026-08-01T10:44:53+0200,ec999b8f-4b0e-4160-bee3-118ddd8c6904,2026-07-28T02:45:00Z,2026-07-28T04:45:00+0200,3190.605,MW,DE,DE_LU,actual_offshore_wind_generation,Wind Offshore,2026-08-01T08:46:56Z
2026-08-01T08:44:53Z,2026-08-01T10:44:53+0200,ec999b8f-4b0e-4160-bee3-118ddd8c6904,2026-07-28T03:00:00Z,2026-07-28T05:00:00+0200,3096.803,MW,DE,DE_LU,actual_offshore_wind_generation,Wind Offshore,2026-08-01T08:46:56Z
2026-08-01T08:44:53Z,2026-08-01T10:44:53+0200,ec999b8f-4b0e-4160-bee3-118ddd8c6904,2026-07-28T03:15:00Z,2026-07-28T05:15:00+0200,3045.079,MW,DE,DE_LU,actual_offshore_wind_generation,Wind Offshore,2026-08-01T08:46:56Z
2026-08-01T08:44:53Z,2026-08-01T10:44:53+0200,ec999b8f-4b0e-4160-bee3-118ddd8c6904,2026-07-28T03:30:00Z,2026-07-28T05:30:00+0200,3016.038,MW,DE,DE_LU,actual_offshore_wind_generation,Wind Offshore,2026-08-01T08:46:56Z
2026-08-01T08:44:53Z,2026-08-01T10:44:53+0200,ec999b8f-4b0e-4160-bee3-118ddd8c6904,2026-07-28T03:45:00Z,2026-07-28T05:45:00+0200,2998.664,MW,DE,DE_LU,actual_offshore_wind_generation,Wind Offshore,2026-08-01T08:46:56Z
2026-08-01T08:44:53Z,2026-08-01T10:44:53+0200,ec999b8f-4b0e-4160-bee3-118ddd8c6904,2026-07-28T04:00:00Z,2026-07-28T06:00:00+0200,2968.067,MW,DE,DE_LU,actual_offshore_wind_generation,Wind Offshore,2026-08-01T08:46:56Z
2026-08-01T08:44:53Z,2026-08-01T10:44:53+0200,ec999b8f-4b0e-4160-bee3-118ddd8c6904,2026-07-28T04:15:00Z,2026-07-28T06:15:00+0200,2972.481,MW,DE,DE_LU,actual_offshore_wind_generation,Wind Offshore,2026-08-01T08:46:56Z
2026-08-01T08:44:53Z,2026-08-01T10:44:53+0200,ec999b8f-4b0e-4160-bee3-118ddd8c6904,2026-07-28T04:30:00Z,2026-07-28T06:30:00+0200,3019.254,MW,DE,DE_LU,actual_offshore_wind_generation,Wind Offshore,2026-08-01T08:46:56Z
2026-08-01T08:44:53Z,2026-08-01T10:44:53+0200,ec999b8f-4b0e-4160-bee3-118ddd8c6904,2026-07-28T04:45:00Z,2026-07-28T06:45:00+0200,3034.059,MW,DE,DE_LU,actual_offshore_wind_generation,Wind Offshore,2026-08-01T08:46:56Z
2026-08-01T08:44:53Z,2026-08-01T10:44:53+0200,ec999b8f-4b0e-4160-bee3-118ddd8c6904,2026-07-28T05:00:00Z,2026-07-28T07:00:00+0200,3101.984,MW,DE,DE_LU,actual_offshore_wind_generation,Wind Offshore,2026-08-01T08:46:56Z
2026-08-01T08:44:53Z,2026-08-01T10:44:53+0200,ec999b8f-4b0e-4160-bee3-118ddd8c6904,2026-07-28T05:15:00Z,2026-07-28T07:15:00+0200,3145.284,MW,DE,DE_LU,actual_offshore_wind_generation,Wind Offshore,2026-08-01T08:46:56Z
2026-08-01T08:44:53Z,2026-08-01T10:44:53+0200,ec999b8f-4b0e-4160-bee3-118ddd8c6904,2026-07-28T05:30:00Z,2026-07-28T07:30:00+0200,3079.089,MW,DE,DE_LU,actual_offshore_wind_generation,Wind Offshore,2026-08-01T08:46:56Z
2026-08-01T08:44:53Z,2026-08-01T10:44:53+0200,ec999b8f-4b0e-4160-bee3-118ddd8c6904,2026-07-28T05:45:00Z,2026-07-28T07:45:00+0200,2980.625,MW,DE,DE_LU,actual_offshore_wind_generation,Wind Offshore,2026-08-01T08:46:56Z
2026-08-01T08:44:53Z,2026-08-01T10:44:53+0200,ec999b8f-4b0e-4160-bee3-118ddd8c6904,2026-07-28T06:00:00Z,2026-07-28T08:00:00+0200,2782.162,MW,DE,DE_LU,actual_offshore_wind_generation,Wind Offshore,2026-08-01T08:46:56Z
2026-08-01T08:44:53Z,2026-08-01T10:44:53+0200,ec999b8f-4b0e-4160-bee3-118ddd8c6904,2026-07-28T06:15:00Z,2026-07-28T08:15:00+0200,2540.756,MW,DE,DE_LU,actual_offshore_wind_generation,Wind Offshore,2026-08-01T08:46:56Z
2026-08-01T08:44:53Z,2026-08-01T10:44:53+0200,ec999b8f-4b0e-4160-bee3-118ddd8c6904,2026-07-28T06:30:00Z,2026-07-28T08:30:00+0200,2246.014,MW,DE,DE_LU,actual_offshore_wind_generation,Wind Offshore,2026-08-01T08:46:56Z
2026-08-01T08:44:53Z,2026-08-01T10:44:53+0200,ec999b8f-4b0e-4160-bee3-118ddd8c6904,2026-07-28T06:45:00Z,2026-07-28T08:45:00+0200,2053.658,MW,DE,DE_LU,actual_offshore_wind_generation,Wind Offshore,2026-08-01T08:46:56Z
2026-08-01T08:44:53Z,2026-08-01T10:44:53+0200,ec999b8f-4b0e-4160-bee3-118ddd8c6904,2026-07-28T07:00:00Z,2026-07-28T09:00:00+0200,2000.497,MW,DE,DE_LU,actual_offshore_wind_generation,Wind Offshore,2026-08-01T08:46:56Z
2026-08-01T08:44:53Z,2026-08-01T10:44:53+0200,ec999b8f-4b0e-4160-bee3-118ddd8c6904,2026-07-28T07:15:00Z,2026-07-28T09:15:00+0200,2041.157,MW,DE,DE_LU,actual_offshore_wind_generation,Wind Offshore,2026-08-01T08:46:56Z
2026-08-01T08:44:53Z,2026-08-01T10:44:53+0200,ec999b8f-4b0e-4160-bee3-118ddd8c6904,2026-07-28T07:30:00Z,2026-07-28T09:30:00+0200,2021.852,MW,DE,DE_LU,actual_offshore_wind_generation,Wind Offshore,2026-08-01T08:46:56Z
2026-08-01T08:44:53Z,2026-08-01T10:44:53+0200,ec999b8f-4b0e-4160-bee3-118ddd8c6904,2026-07-28T07:45:00Z,2026-07-28T09:45:00+0200,2010.226,MW,DE,DE_LU,actual_offshore_wind_generation,Wind Offshore,2026-08-01T08:46:56Z
2026-08-01T08:44:53Z,2026-08-01T10:44:53+0200,ec999b8f-4b0e-4160-bee3-118ddd8c6904,2026-07-28T08:00:00Z,2026-07-28T10:00:00+0200,1986.468,MW,DE,DE_LU,actual_offshore_wind_generation,Wind Offshore,2026-08-01T08:46:56Z
2026-08-01T08:44:53Z,2026-08-01T10:44:53+0200,ec999b8f-4b0e-4160-bee3-118ddd8c6904,2026-07-28T08:15:00Z,2026-07-28T10:15:00+0200,1993.094,MW,DE,DE_LU,actual_offshore_wind_generation,Wind Offshore,2026-08-01T08:46:56Z
2026-08-01T08:44:53Z,2026-08-01T10:44:53+0200,ec999b8f-4b0e-4160-bee3-118ddd8c6904,2026-07-28T08:30:00Z,2026-07-28T10:30:00+0200,1978.899,MW,DE,DE_LU,actual_offshore_wind_generation,Wind Offshore,2026-08-01T08:46:56Z
2026-08-01T08:44:53Z,2026-08-01T10:44:53+0200,ec999b8f-4b0e-4160-bee3-118ddd8c6904,2026-07-28T08:45:00Z,2026-07-28T10:45:00+0200,2021.181,MW,DE,DE_LU,actual_offshore_wind_generation,Wind Offshore,2026-08-01T08:46:56Z
2026-08-01T08:44:53Z,2026-08-01T10:44:53+0200,ec999b8f-4b0e-4160-bee3-118ddd8c6904,2026-07-28T09:00:00Z,2026-07-28T11:00:00+0200,2071.761,MW,DE,DE_LU,actual_offshore_wind_generation,Wind Offshore,2026-08-01T08:46:56Z
2026-08-01T08:44:53Z,2026-08-01T10:44:53+0200,ec999b8f-4b0e-4160-bee3-118ddd8c6904,2026-07-28T09:15:00Z,2026-07-28T11:15:00+0200,2104.944,MW,DE,DE_LU,actual_offshore_wind_generation,Wind Offshore,2026-08-01T08:46:56Z
2026-08-01T08:44:53Z,2026-08-01T10:44:53+0200,ec999b8f-4b0e-4160-bee3-118ddd8c6904,2026-07-28T09:30:00Z,2026-07-28T11:30:00+0200,2214.065,MW,DE,DE_LU,actual_offshore_wind_generation,Wind Offshore,2026-08-01T08:46:56Z
2026-08-01T08:44:53Z,2026-08-01T10:44:53+0200,ec999b8f-4b0e-4160-bee3-118ddd8c6904,2026-07-28T09:45:00Z,2026-07-28T11:45:00+0200,2305.878,MW,DE,DE_LU,actual_offshore_wind_generation,Wind Offshore,2026-08-01T08:46:56Z
2026-08-01T08:44:53Z,2026-08-01T10:44:53+0200,ec999b8f-4b0e-4160-bee3-118ddd8c6904,2026-07-28T10:00:00Z,2026-07-28T12:00:00+0200,2328.514,MW,DE,DE_LU,actual_offshore_wind_generation,Wind Offshore,2026-08-01T08:46:56Z
2026-08-01T08:44:53Z,2026-08-01T10:44:53+0200,ec999b8f-4b0e-4160-bee3-118ddd8c6904,2026-07-28T10:15:00Z,2026-07-28T12:15:00+0200,2315.987,MW,DE,DE_LU,actual_offshore_wind_generation,Wind Offshore,2026-08-01T08:46:56Z
2026-08-01T08:44:53Z,2026-08-01T10:44:53+0200,ec999b8f-4b0e-4160-bee3-118ddd8c6904,2026-07-28T10:30:00Z,2026-07-28T12:30:00+0200,2396.226,MW,DE,DE_LU,actual_offshore_wind_generation,Wind Offshore,2026-08-01T08:46:56Z
2026-08-01T08:44:53Z,2026-08-01T10:44:53+0200,ec999b8f-4b0e-4160-bee3-118ddd8c6904,2026-07-28T10:45:00Z,2026-07-28T12:45:00+0200,2466.445,MW,DE,DE_LU,actual_offshore_wind_generation,Wind Offshore,2026-08-01T08:46:56Z
2026-08-01T08:44:53Z,2026-08-01T10:44:53+0200,ec999b8f-4b0e-4160-bee3-118ddd8c6904,2026-07-28T11:00:00Z,2026-07-28T13:00:00+0200,2424.521,MW,DE,DE_LU,actual_offshore_wind_generation,Wind Offshore,2026-08-01T08:46:56Z
2026-08-01T08:44:53Z,2026-08-01T10:44:53+0200,ec999b8f-4b0e-4160-bee3-118ddd8c6904,2026-07-28T11:15:00Z,2026-07-28T13:15:00+0200,2413.226,MW,DE,DE_LU,actual_offshore_wind_generation,Wind Offshore,2026-08-01T08:46:56Z
2026-08-01T08:44:53Z,2026-08-01T10:44:53+0200,ec999b8f-4b0e-4160-bee3-118ddd8c6904,2026-07-28T11:30:00Z,2026-07-28T13:30:00+0200,2522.962,MW,DE,DE_LU,actual_offshore_wind_generation,Wind Offshore,2026-08-01T08:46:56Z
2026-08-01T08:44:53Z,2026-08-01T10:44:53+0200,ec999b8f-4b0e-4160-bee3-118ddd8c6904,2026-07-28T11:45:00Z,2026-07-28T13:45:00+0200,2656.976,MW,DE,DE_LU,actual_offshore_wind_generation,Wind Offshore,2026-08-01T08:46:56Z
2026-08-01T08:44:53Z,2026-08-01T10:44:53+0200,ec999b8f-4b0e-4160-bee3-118ddd8c6904,2026-07-28T12:00:00Z,2026-07-28T14:00:00+0200,2686.082,MW,DE,DE_LU,actual_offshore_wind_generation,Wind Offshore,2026-08-01T08:46:56Z
2026-08-01T08:44:53Z,2026-08-01T10:44:53+0200,ec999b8f-4b0e-4160-bee3-118ddd8c6904,2026-07-28T12:15:00Z,2026-07-28T14:15:00+0200,2732.436,MW,DE,DE_LU,actual_offshore_wind_generation,Wind Offshore,2026-08-01T08:46:56Z
2026-08-01T08:44:53Z,2026-08-01T10:44:53+0200,ec999b8f-4b0e-4160-bee3-118ddd8c6904,2026-07-28T12:30:00Z,2026-07-28T14:30:00+0200,2790.745,MW,DE,DE_LU,actual_offshore_wind_generation,Wind Offshore,2026-08-01T08:46:56Z
2026-08-01T08:44:53Z,2026-08-01T10:44:53+0200,ec999b8f-4b0e-4160-bee3-118ddd8c6904,2026-07-28T12:45:00Z,2026-07-28T14:45:00+0200,2871.172,MW,DE,DE_LU,actual_offshore_wind_generation,Wind Offshore,2026-08-01T08:46:56Z
2026-08-01T08:44:53Z,2026-08-01T10:44:53+0200,ec999b8f-4b0e-4160-bee3-118ddd8c6904,2026-07-28T13:00:00Z,2026-07-28T15:00:00+0200,3070.606,MW,DE,DE_LU,actual_offshore_wind_generation,Wind Offshore,2026-08-01T08:46:56Z
2026-08-01T08:44:53Z,2026-08-01T10:44:53+0200,ec999b8f-4b0e-4160-bee3-118ddd8c6904,2026-07-28T13:15:00Z,2026-07-28T15:15:00+0200,3243.504,MW,DE,DE_LU,actual_offshore_wind_generation,Wind Offshore,2026-08-01T08:46:56Z
2026-08-01T08:44:53Z,2026-08-01T10:44:53+0200,ec999b8f-4b0e-4160-bee3-118ddd8c6904,2026-07-28T13:30:00Z,2026-07-28T15:30:00+0200,3370.895,MW,DE,DE_LU,actual_offshore_wind_generation,Wind Offshore,2026-08-01T08:46:56Z
2026-08-01T08:44:53Z,2026-08-01T10:44:53+0200,ec999b8f-4b0e-4160-bee3-118ddd8c6904,2026-07-28T13:45:00Z,2026-07-28T15:45:00+0200,3507.179,MW,DE,DE_LU,actual_offshore_wind_generation,Wind Offshore,2026-08-01T08:46:56Z
2026-08-01T08:44:53Z,2026-08-01T10:44:53+0200,ec999b8f-4b0e-4160-bee3-118ddd8c6904,2026-07-28T14:00:00Z,2026-07-28T16:00:00+0200,3636.036,MW,DE,DE_LU,actual_offshore_wind_generation,Wind Offshore,2026-08-01T08:46:56Z
2026-08-01T08:44:53Z,2026-08-01T10:44:53+0200,ec999b8f-4b0e-4160-bee3-118ddd8c6904,2026-07-28T14:15:00Z,2026-07-28T16:15:00+0200,3994.416,MW,DE,DE_LU,actual_offshore_wind_generation,Wind Offshore,2026-08-01T08:46:56Z
2026-08-01T08:44:53Z,2026-08-01T10:44:53+0200,ec999b8f-4b0e-4160-bee3-118ddd8c6904,2026-07-28T14:30:00Z,2026-07-28T16:30:00+0200,3969.257,MW,DE,DE_LU,actual_offshore_wind_generation,Wind Offshore,2026-08-01T08:46:56Z
2026-08-01T08:44:53Z,2026-08-01T10:44:53+0200,ec999b8f-4b0e-4160-bee3-118ddd8c6904,2026-07-28T14:45:00Z,2026-07-28T16:45:00+0200,4255.731,MW,DE,DE_LU,actual_offshore_wind_generation,Wind Offshore,2026-08-01T08:46:56Z
2026-08-01T08:44:53Z,2026-08-01T10:44:53+0200,ec999b8f-4b0e-4160-bee3-118ddd8c6904,2026-07-28T15:00:00Z,2026-07-28T17:00:00+0200,4141.76,MW,DE,DE_LU,actual_offshore_wind_generation,Wind Offshore,2026-08-01T08:46:56Z
2026-08-01T08:44:53Z,2026-08-01T10:44:53+0200,ec999b8f-4b0e-4160-bee3-118ddd8c6904,2026-07-28T15:15:00Z,2026-07-28T17:15:00+0200,4049.249,MW,DE,DE_LU,actual_offshore_wind_generation,Wind Offshore,2026-08-01T08:46:56Z
2026-08-01T08:44:53Z,2026-08-01T10:44:53+0200,ec999b8f-4b0e-4160-bee3-118ddd8c6904,2026-07-28T15:30:00Z,2026-07-28T17:30:00+0200,3912.565,MW,DE,DE_LU,actual_offshore_wind_generation,Wind Offshore,2026-08-01T08:46:56Z
2026-08-01T08:44:53Z,2026-08-01T10:44:53+0200,ec999b8f-4b0e-4160-bee3-118ddd8c6904,2026-07-28T15:45:00Z,2026-07-28T17:45:00+0200,3908.553,MW,DE,DE_LU,actual_offshore_wind_generation,Wind Offshore,2026-08-01T08:46:56Z
2026-08-01T08:44:53Z,2026-08-01T10:44:53+0200,ec999b8f-4b0e-4160-bee3-118ddd8c6904,2026-07-28T16:00:00Z,2026-07-28T18:00:00+0200,4036.187,MW,DE,DE_LU,actual_offshore_wind_generation,Wind Offshore,2026-08-01T08:46:56Z
2026-08-01T08:44:53Z,2026-08-01T10:44:53+0200,ec999b8f-4b0e-4160-bee3-118ddd8c6904,2026-07-28T16:15:00Z,2026-07-28T18:15:00+0200,4199.699,MW,DE,DE_LU,actual_offshore_wind_generation,Wind Offshore,2026-08-01T08:46:56Z
2026-08-01T08:44:53Z,2026-08-01T10:44:53+0200,ec999b8f-4b0e-4160-bee3-118ddd8c6904,2026-07-28T16:30:00Z,2026-07-28T18:30:00+0200,4244.009,MW,DE,DE_LU,actual_offshore_wind_generation,Wind Offshore,2026-08-01T08:46:56Z
2026-08-01T08:44:53Z,2026-08-01T10:44:53+0200,ec999b8f-4b0e-4160-bee3-118ddd8c6904,2026-07-28T16:45:00Z,2026-07-28T18:45:00+0200,4278.399,MW,DE,DE_LU,actual_offshore_wind_generation,Wind Offshore,2026-08-01T08:46:56Z
2026-08-01T08:44:53Z,2026-08-01T10:44:53+0200,ec999b8f-4b0e-4160-bee3-118ddd8c6904,2026-07-28T17:00:00Z,2026-07-28T19:00:00+0200,4320.355,MW,DE,DE_LU,actual_offshore_wind_generation,Wind Offshore,2026-08-01T08:46:56Z
2026-08-01T08:44:53Z,2026-08-01T10:44:53+0200,ec999b8f-4b0e-4160-bee3-118ddd8c6904,2026-07-28T17:15:00Z,2026-07-28T19:15:00+0200,4358.76,MW,DE,DE_LU,actual_offshore_wind_generation,Wind Offshore,2026-08-01T08:46:56Z
2026-08-01T08:44:53Z,2026-08-01T10:44:53+0200,ec999b8f-4b0e-4160-bee3-118ddd8c6904,2026-07-28T17:30:00Z,2026-07-28T19:30:00+0200,4360.191,MW,DE,DE_LU,actual_offshore_wind_generation,Wind Offshore,2026-08-01T08:46:56Z
2026-08-01T08:44:53Z,2026-08-01T10:44:53+0200,ec999b8f-4b0e-4160-bee3-118ddd8c6904,2026-07-28T17:45:00Z,2026-07-28T19:45:00+0200,4149.016,MW,DE,DE_LU,actual_offshore_wind_generation,Wind Offshore,2026-08-01T08:46:56Z
2026-08-01T08:44:53Z,2026-08-01T10:44:53+0200,ec999b8f-4b0e-4160-bee3-118ddd8c6904,2026-07-28T18:00:00Z,2026-07-28T20:00:00+0200,3859.157,MW,DE,DE_LU,actual_offshore_wind_generation,Wind Offshore,2026-08-01T08:46:56Z
2026-08-01T08:44:53Z,2026-08-01T10:44:53+0200,ec999b8f-4b0e-4160-bee3-118ddd8c6904,2026-07-28T18:15:00Z,2026-07-28T20:15:00+0200,3670.014,MW,DE,DE_LU,actual_offshore_wind_generation,Wind Offshore,2026-08-01T08:46:56Z
2026-08-01T08:44:53Z,2026-08-01T10:44:53+0200,ec999b8f-4b0e-4160-bee3-118ddd8c6904,2026-07-28T18:30:00Z,2026-07-28T20:30:00+0200,3604.671,MW,DE,DE_LU,actual_offshore_wind_generation,Wind Offshore,2026-08-01T08:46:56Z
2026-08-01T08:44:53Z,2026-08-01T10:44:53+0200,ec999b8f-4b0e-4160-bee3-118ddd8c6904,2026-07-28T18:45:00Z,2026-07-28T20:45:00+0200,3423.069,MW,DE,DE_LU,actual_offshore_wind_generation,Wind Offshore,2026-08-01T08:46:56Z
2026-08-01T08:44:53Z,2026-08-01T10:44:53+0200,ec999b8f-4b0e-4160-bee3-118ddd8c6904,2026-07-28T19:00:00Z,2026-07-28T21:00:00+0200,3324.287,MW,DE,DE_LU,actual_offshore_wind_generation,Wind Offshore,2026-08-01T08:46:56Z
2026-08-01T08:44:53Z,2026-08-01T10:44:53+0200,ec999b8f-4b0e-4160-bee3-118ddd8c6904,2026-07-28T19:15:00Z,2026-07-28T21:15:00+0200,3145.94,MW,DE,DE_LU,actual_offshore_wind_generation,Wind Offshore,2026-08-01T08:46:56Z
2026-08-01T08:44:53Z,2026-08-01T10:44:53+0200,ec999b8f-4b0e-4160-bee3-118ddd8c6904,2026-07-28T19:30:00Z,2026-07-28T21:30:00+0200,2893.93,MW,DE,DE_LU,actual_offshore_wind_generation,Wind Offshore,2026-08-01T08:46:56Z
2026-08-01T08:44:53Z,2026-08-01T10:44:53+0200,ec999b8f-4b0e-4160-bee3-118ddd8c6904,2026-07-28T19:45:00Z,2026-07-28T21:45:00+0200,2590.572,MW,DE,DE_LU,actual_offshore_wind_generation,Wind Offshore,2026-08-01T08:46:56Z
2026-08-01T08:44:53Z,2026-08-01T10:44:53+0200,ec999b8f-4b0e-4160-bee3-118ddd8c6904,2026-07-28T20:00:00Z,2026-07-28T22:00:00+0200,2482.742,MW,DE,DE_LU,actual_offshore_wind_generation,Wind Offshore,2026-08-01T08:46:56Z
2026-08-01T08:44:53Z,2026-08-01T10:44:53+0200,ec999b8f-4b0e-4160-bee3-118ddd8c6904,2026-07-28T20:15:00Z,2026-07-28T22:15:00+0200,2400.137,MW,DE,DE_LU,actual_offshore_wind_generation,Wind Offshore,2026-08-01T08:46:56Z
2026-08-01T08:44:53Z,2026-08-01T10:44:53+0200,ec999b8f-4b0e-4160-bee3-118ddd8c6904,2026-07-28T20:30:00Z,2026-07-28T22:30:00+0200,2316.609,MW,DE,DE_LU,actual_offshore_wind_generation,Wind Offshore,2026-08-01T08:46:56Z
2026-08-01T08:44:53Z,2026-08-01T10:44:53+0200,ec999b8f-4b0e-4160-bee3-118ddd8c6904,2026-07-28T20:45:00Z,2026-07-28T22:45:00+0200,2288.947,MW,DE,DE_LU,actual_offshore_wind_generation,Wind Offshore,2026-08-01T08:46:56Z
2026-08-01T08:44:53Z,2026-08-01T10:44:53+0200,ec999b8f-4b0e-4160-bee3-118ddd8c6904,2026-07-28T21:00:00Z,2026-07-28T23:00:00+0200,2234.587,MW,DE,DE_LU,actual_offshore_wind_generation,Wind Offshore,2026-08-01T08:46:56Z
2026-08-01T08:44:53Z,2026-08-01T10:44:53+0200,ec999b8f-4b0e-4160-bee3-118ddd8c6904,2026-07-28T21:15:00Z,2026-07-28T23:15:00+0200,2215.21,MW,DE,DE_LU,actual_offshore_wind_generation,Wind Offshore,2026-08-01T08:46:56Z
2026-08-01T08:44:53Z,2026-08-01T10:44:53+0200,ec999b8f-4b0e-4160-bee3-118ddd8c6904,2026-07-28T21:30:00Z,2026-07-28T23:30:00+0200,2158.18,MW,DE,DE_LU,actual_offshore_wind_generation,Wind Offshore,2026-08-01T08:46:56Z
2026-08-01T08:44:53Z,2026-08-01T10:44:53+0200,ec999b8f-4b0e-4160-bee3-118ddd8c6904,2026-07-28T21:45:00Z,2026-07-28T23:45:00+0200,2044.814,MW,DE,DE_LU,actual_offshore_wind_generation,Wind Offshore,2026-08-01T08:46:56Z
2026-08-01T08:44:53Z,2026-08-01T10:44:53+0200,ec999b8f-4b0e-4160-bee3-118ddd8c6904,2026-07-28T22:00:00Z,2026-07-29T00:00:00+0200,2102.993,MW,DE,DE_LU,actual_offshore_wind_generation,Wind Offshore,2026-08-01T08:46:56Z
2026-08-01T08:44:53Z,2026-08-01T10:44:53+0200,ec999b8f-4b0e-4160-bee3-118ddd8c6904,2026-07-28T22:15:00Z,2026-07-29T00:15:00+0200,2116.445,MW,DE,DE_LU,actual_offshore_wind_generation,Wind Offshore,2026-08-01T08:46:56Z
2026-08-01T08:44:53Z,2026-08-01T10:44:53+0200,ec999b8f-4b0e-4160-bee3-118ddd8c6904,2026-07-28T22:30:00Z,2026-07-29T00:30:00+0200,2075.821,MW,DE,DE_LU,actual_offshore_wind_generation,Wind Offshore,2026-08-01T08:46:56Z
2026-08-01T08:44:53Z,2026-08-01T10:44:53+0200,ec999b8f-4b0e-4160-bee3-118ddd8c6904,2026-07-28T22:45:00Z,2026-07-29T00:45:00+0200,2006.758,MW,DE,DE_LU,actual_offshore_wind_generation,Wind Offshore,2026-08-01T08:46:56Z
2026-08-01T08:44:53Z,2026-08-01T10:44:53+0200,ec999b8f-4b0e-4160-bee3-118ddd8c6904,2026-07-28T23:00:00Z,2026-07-29T01:00:00+0200,2004.643,MW,DE,DE_LU,actual_offshore_wind_generation,Wind Offshore,2026-08-01T08:46:56Z
2026-08-01T08:44:53Z,2026-08-01T10:44:53+0200,ec999b8f-4b0e-4160-bee3-118ddd8c6904,2026-07-28T23:15:00Z,2026-07-29T01:15:00+0200,2073.774,MW,DE,DE_LU,actual_offshore_wind_generation,Wind Offshore,2026-08-01T08:46:56Z
2026-08-01T08:44:53Z,2026-08-01T10:44:53+0200,ec999b8f-4b0e-4160-bee3-118ddd8c6904,2026-07-28T23:30:00Z,2026-07-29T01:30:00+0200,2192.707,MW,DE,DE_LU,actual_offshore_wind_generation,Wind Offshore,2026-08-01T08:46:56Z
2026-08-01T08:44:53Z,2026-08-01T10:44:53+0200,ec999b8f-4b0e-4160-bee3-118ddd8c6904,2026-07-28T23:45:00Z,2026-07-29T01:45:00+0200,2210.386,MW,DE,DE_LU,actual_offshore_wind_generation,Wind Offshore,2026-08-01T08:46:56Z
2026-08-01T08:44:53Z,2026-08-01T10:44:53+0200,ec999b8f-4b0e-4160-bee3-118ddd8c6904,2026-07-29T00:00:00Z,2026-07-29T02:00:00+0200,2185.467,MW,DE,DE_LU,actual_offshore_wind_generation,Wind Offshore,2026-08-01T08:46:56Z
2026-08-01T08:44:53Z,2026-08-01T10:44:53+0200,ec999b8f-4b0e-4160-bee3-118ddd8c6904,2026-07-29T00:15:00Z,2026-07-29T02:15:00+0200,2273.965,MW,DE,DE_LU,actual_offshore_wind_generation,Wind Offshore,2026-08-01T08:46:56Z
2026-08-01T08:44:53Z,2026-08-01T10:44:53+0200,ec999b8f-4b0e-4160-bee3-118ddd8c6904,2026-07-29T00:30:00Z,2026-07-29T02:30:00+0200,2395.859,MW,DE,DE_LU,actual_offshore_wind_generation,Wind Offshore,2026-08-01T08:46:56Z
2026-08-01T08:44:53Z,2026-08-01T10:44:53+0200,ec999b8f-4b0e-4160-bee3-118ddd8c6904,2026-07-29T00:45:00Z,2026-07-29T02:45:00+0200,2449.181,MW,DE,DE_LU,actual_offshore_wind_generation,Wind Offshore,2026-08-01T08:46:56Z
2026-08-01T08:44:53Z,2026-08-01T10:44:53+0200,ec999b8f-4b0e-4160-bee3-118ddd8c6904,2026-07-29T01:00:00Z,2026-07-29T03:00:00+0200,2411.69,MW,DE,DE_LU,actual_offshore_wind_generation,Wind Offshore,2026-08-01T08:46:56Z
2026-08-01T08:44:53Z,2026-08-01T10:44:53+0200,ec999b8f-4b0e-4160-bee3-118ddd8c6904,2026-07-29T01:15:00Z,2026-07-29T03:15:00+0200,2270.551,MW,DE,DE_LU,actual_offshore_wind_generation,Wind Offshore,2026-08-01T08:46:56Z
2026-08-01T08:44:53Z,2026-08-01T10:44:53+0200,ec999b8f-4b0e-4160-bee3-118ddd8c6904,2026-07-29T01:30:00Z,2026-07-29T03:30:00+0200,2123.372,MW,DE,DE_LU,actual_offshore_wind_generation,Wind Offshore,2026-08-01T08:46:56Z
2026-08-01T08:44:53Z,2026-08-01T10:44:53+0200,ec999b8f-4b0e-4160-bee3-118ddd8c6904,2026-07-29T01:45:00Z,2026-07-29T03:45:00+0200,2086.932,MW,DE,DE_LU,actual_offshore_wind_generation,Wind Offshore,2026-08-01T08:46:56Z
2026-08-01T08:44:53Z,2026-08-01T10:44:53+0200,ec999b8f-4b0e-4160-bee3-118ddd8c6904,2026-07-29T02:00:00Z,2026-07-29T04:00:00+0200,2183.043,MW,DE,DE_LU,actual_offshore_wind_generation,Wind Offshore,2026-08-01T08:46:56Z
2026-08-01T08:44:53Z,2026-08-01T10:44:53+0200,ec999b8f-4b0e-4160-bee3-118ddd8c6904,2026-07-29T02:15:00Z,2026-07-29T04:15:00+0200,2317.569,MW,DE,DE_LU,actual_offshore_wind_generation,Wind Offshore,2026-08-01T08:46:56Z
2026-08-01T08:44:53Z,2026-08-01T10:44:53+0200,ec999b8f-4b0e-4160-bee3-118ddd8c6904,2026-07-29T02:30:00Z,2026-07-29T04:30:00+0200,2375.847,MW,DE,DE_LU,actual_offshore_wind_generation,Wind Offshore,2026-08-01T08:46:56Z
2026-08-01T08:44:53Z,2026-08-01T10:44:53+0200,ec999b8f-4b0e-4160-bee3-118ddd8c6904,2026-07-29T02:45:00Z,2026-07-29T04:45:00+0200,2390.706,MW,DE,DE_LU,actual_offshore_wind_generation,Wind Offshore,2026-08-01T08:46:56Z
2026-08-01T08:44:53Z,2026-08-01T10:44:53+0200,ec999b8f-4b0e-4160-bee3-118ddd8c6904,2026-07-29T03:00:00Z,2026-07-29T05:00:00+0200,2424.873,MW,DE,DE_LU,actual_offshore_wind_generation,Wind Offshore,2026-08-01T08:46:56Z
2026-08-01T08:44:53Z,2026-08-01T10:44:53+0200,ec999b8f-4b0e-4160-bee3-118ddd8c6904,2026-07-29T03:15:00Z,2026-07-29T05:15:00+0200,2456.396,MW,DE,DE_LU,actual_offshore_wind_generation,Wind Offshore,2026-08-01T08:46:56Z
2026-08-01T08:44:53Z,2026-08-01T10:44:53+0200,ec999b8f-4b0e-4160-bee3-118ddd8c6904,2026-07-29T03:30:00Z,2026-07-29T05:30:00+0200,2530.327,MW,DE,DE_LU,actual_offshore_wind_generation,Wind Offshore,2026-08-01T08:46:56Z
2026-08-01T08:44:53Z,2026-08-01T10:44:53+0200,ec999b8f-4b0e-4160-bee3-118ddd8c6904,2026-07-29T03:45:00Z,2026-07-29T05:45:00+0200,2577.893,MW,DE,DE_LU,actual_offshore_wind_generation,Wind Offshore,2026-08-01T08:46:56Z
2026-08-01T08:44:53Z,2026-08-01T10:44:53+0200,ec999b8f-4b0e-4160-bee3-118ddd8c6904,2026-07-29T04:00:00Z,2026-07-29T06:00:00+0200,2551.734,MW,DE,DE_LU,actual_offshore_wind_generation,Wind Offshore,2026-08-01T08:46:56Z
2026-08-01T08:44:53Z,2026-08-01T10:44:53+0200,ec999b8f-4b0e-4160-bee3-118ddd8c6904,2026-07-29T04:15:00Z,2026-07-29T06:15:00+0200,2499.766,MW,DE,DE_LU,actual_offshore_wind_generation,Wind Offshore,2026-08-01T08:46:56Z
2026-08-01T08:44:53Z,2026-08-01T10:44:53+0200,ec999b8f-4b0e-4160-bee3-118ddd8c6904,2026-07-29T04:30:00Z,2026-07-29T06:30:00+0200,2458.123,MW,DE,DE_LU,actual_offshore_wind_generation,Wind Offshore,2026-08-01T08:46:56Z
2026-08-01T08:44:53Z,2026-08-01T10:44:53+0200,ec999b8f-4b0e-4160-bee3-118ddd8c6904,2026-07-29T04:45:00Z,2026-07-29T06:45:00+0200,2454.743,MW,DE,DE_LU,actual_offshore_wind_generation,Wind Offshore,2026-08-01T08:46:56Z
2026-08-01T08:44:53Z,2026-08-01T10:44:53+0200,ec999b8f-4b0e-4160-bee3-118ddd8c6904,2026-07-29T05:00:00Z,2026-07-29T07:00:00+0200,2175.84,MW,DE,DE_LU,actual_offshore_wind_generation,Wind Offshore,2026-08-01T08:46:56Z
2026-08-01T08:44:53Z,2026-08-01T10:44:53+0200,ec999b8f-4b0e-4160-bee3-118ddd8c6904,2026-07-29T05:15:00Z,2026-07-29T07:15:00+0200,2191.95,MW,DE,DE_LU,actual_offshore_wind_generation,Wind Offshore,2026-08-01T08:46:56Z
2026-08-01T08:44:53Z,2026-08-01T10:44:53+0200,ec999b8f-4b0e-4160-bee3-118ddd8c6904,2026-07-29T05:30:00Z,2026-07-29T07:30:00+0200,2250.769,MW,DE,DE_LU,actual_offshore_wind_generation,Wind Offshore,2026-08-01T08:46:56Z
2026-08-01T08:44:53Z,2026-08-01T10:44:53+0200,ec999b8f-4b0e-4160-bee3-118ddd8c6904,2026-07-29T05:45:00Z,2026-07-29T07:45:00+0200,2281.298,MW,DE,DE_LU,actual_offshore_wind_generation,Wind Offshore,2026-08-01T08:46:56Z
2026-08-01T08:44:53Z,2026-08-01T10:44:53+0200,ec999b8f-4b0e-4160-bee3-118ddd8c6904,2026-07-29T06:00:00Z,2026-07-29T08:00:00+0200,2299.416,MW,DE,DE_LU,actual_offshore_wind_generation,Wind Offshore,2026-08-01T08:46:56Z
2026-08-01T08:44:53Z,2026-08-01T10:44:53+0200,ec999b8f-4b0e-4160-bee3-118ddd8c6904,2026-07-29T06:15:00Z,2026-07-29T08:15:00+0200,2303.404,MW,DE,DE_LU,actual_offshore_wind_generation,Wind Offshore,2026-08-01T08:46:56Z
2026-08-01T08:44:53Z,2026-08-01T10:44:53+0200,ec999b8f-4b0e-4160-bee3-118ddd8c6904,2026-07-29T06:30:00Z,2026-07-29T08:30:00+0200,2268.593,MW,DE,DE_LU,actual_offshore_wind_generation,Wind Offshore,2026-08-01T08:46:56Z
2026-08-01T08:44:53Z,2026-08-01T10:44:53+0200,ec999b8f-4b0e-4160-bee3-118ddd8c6904,2026-07-29T06:45:00Z,2026-07-29T08:45:00+0200,2170.928,MW,DE,DE_LU,actual_offshore_wind_generation,Wind Offshore,2026-08-01T08:46:56Z
2026-08-01T08:44:53Z,2026-08-01T10:44:53+0200,ec999b8f-4b0e-4160-bee3-118ddd8c6904,2026-07-29T07:00:00Z,2026-07-29T09:00:00+0200,2197.538,MW,DE,DE_LU,actual_offshore_wind_generation,Wind Offshore,2026-08-01T08:46:56Z
2026-08-01T08:44:53Z,2026-08-01T10:44:53+0200,ec999b8f-4b0e-4160-bee3-118ddd8c6904,2026-07-29T07:15:00Z,2026-07-29T09:15:00+0200,2118.324,MW,DE,DE_LU,actual_offshore_wind_generation,Wind Offshore,2026-08-01T08:46:56Z
2026-08-01T08:44:53Z,2026-08-01T10:44:53+0200,ec999b8f-4b0e-4160-bee3-118ddd8c6904,2026-07-29T07:30:00Z,2026-07-29T09:30:00+0200,1934.041,MW,DE,DE_LU,actual_offshore_wind_generation,Wind Offshore,2026-08-01T08:46:56Z
2026-08-01T08:44:53Z,2026-08-01T10:44:53+0200,ec999b8f-4b0e-4160-bee3-118ddd8c6904,2026-07-29T07:45:00Z,2026-07-29T09:45:00+0200,1780.62,MW,DE,DE_LU,actual_offshore_wind_generation,Wind Offshore,2026-08-01T08:46:56Z
2026-08-01T08:44:53Z,2026-08-01T10:44:53+0200,ec999b8f-4b0e-4160-bee3-118ddd8c6904,2026-07-29T08:00:00Z,2026-07-29T10:00:00+0200,1631.62,MW,DE,DE_LU,actual_offshore_wind_generation,Wind Offshore,2026-08-01T08:46:56Z
2026-08-01T08:44:53Z,2026-08-01T10:44:53+0200,ec999b8f-4b0e-4160-bee3-118ddd8c6904,2026-07-29T08:15:00Z,2026-07-29T10:15:00+0200,1526.275,MW,DE,DE_LU,actual_offshore_wind_generation,Wind Offshore,2026-08-01T08:46:56Z
2026-08-01T08:44:53Z,2026-08-01T10:44:53+0200,ec999b8f-4b0e-4160-bee3-118ddd8c6904,2026-07-29T08:30:00Z,2026-07-29T10:30:00+0200,1408.936,MW,DE,DE_LU,actual_offshore_wind_generation,Wind Offshore,2026-08-01T08:46:56Z
2026-08-01T08:44:53Z,2026-08-01T10:44:53+0200,ec999b8f-4b0e-4160-bee3-118ddd8c6904,2026-07-29T08:45:00Z,2026-07-29T10:45:00+0200,1257.558,MW,DE,DE_LU,actual_offshore_wind_generation,Wind Offshore,2026-08-01T08:46:56Z
2026-08-01T08:44:53Z,2026-08-01T10:44:53+0200,ec999b8f-4b0e-4160-bee3-118ddd8c6904,2026-07-29T09:00:00Z,2026-07-29T11:00:00+0200,1175.647,MW,DE,DE_LU,actual_offshore_wind_generation,Wind Offshore,2026-08-01T08:46:56Z
2026-08-01T08:44:53Z,2026-08-01T10:44:53+0200,ec999b8f-4b0e-4160-bee3-118ddd8c6904,2026-07-29T09:15:00Z,2026-07-29T11:15:00+0200,1100.567,MW,DE,DE_LU,actual_offshore_wind_generation,Wind Offshore,2026-08-01T08:46:56Z
2026-08-01T08:44:53Z,2026-08-01T10:44:53+0200,ec999b8f-4b0e-4160-bee3-118ddd8c6904,2026-07-29T09:30:00Z,2026-07-29T11:30:00+0200,936.291,MW,DE,DE_LU,actual_offshore_wind_generation,Wind Offshore,2026-08-01T08:46:56Z
2026-08-01T08:44:53Z,2026-08-01T10:44:53+0200,ec999b8f-4b0e-4160-bee3-118ddd8c6904,2026-07-29T09:45:00Z,2026-07-29T11:45:00+0200,834.821,MW,DE,DE_LU,actual_offshore_wind_generation,Wind Offshore,2026-08-01T08:46:56Z
2026-08-01T08:44:53Z,2026-08-01T10:44:53+0200,ec999b8f-4b0e-4160-bee3-118ddd8c6904,2026-07-29T10:00:00Z,2026-07-29T12:00:00+0200,730.769,MW,DE,DE_LU,actual_offshore_wind_generation,Wind Offshore,2026-08-01T08:46:56Z
2026-08-01T08:44:53Z,2026-08-01T10:44:53+0200,ec999b8f-4b0e-4160-bee3-118ddd8c6904,2026-07-29T10:15:00Z,2026-07-29T12:15:00+0200,597.76,MW,DE,DE_LU,actual_offshore_wind_generation,Wind Offshore,2026-08-01T08:46:56Z
2026-08-01T08:44:53Z,2026-08-01T10:44:53+0200,ec999b8f-4b0e-4160-bee3-118ddd8c6904,2026-07-29T10:30:00Z,2026-07-29T12:30:00+0200,487.41,MW,DE,DE_LU,actual_offshore_wind_generation,Wind Offshore,2026-08-01T08:46:56Z
2026-08-01T08:44:53Z,2026-08-01T10:44:53+0200,ec999b8f-4b0e-4160-bee3-118ddd8c6904,2026-07-29T10:45:00Z,2026-07-29T12:45:00+0200,395.651,MW,DE,DE_LU,actual_offshore_wind_generation,Wind Offshore,2026-08-01T08:46:56Z
2026-08-01T08:44:53Z,2026-08-01T10:44:53+0200,ec999b8f-4b0e-4160-bee3-118ddd8c6904,2026-07-29T11:00:00Z,2026-07-29T13:00:00+0200,415.126,MW,DE,DE_LU,actual_offshore_wind_generation,Wind Offshore,2026-08-01T08:46:56Z
2026-08-01T08:44:53Z,2026-08-01T10:44:53+0200,ec999b8f-4b0e-4160-bee3-118ddd8c6904,2026-07-29T11:15:00Z,2026-07-29T13:15:00+0200,404.623,MW,DE,DE_LU,actual_offshore_wind_generation,Wind Offshore,2026-08-01T08:46:56Z
2026-08-01T08:44:53Z,2026-08-01T10:44:53+0200,ec999b8f-4b0e-4160-bee3-118ddd8c6904,2026-07-29T11:30:00Z,2026-07-29T13:30:00+0200,345.321,MW,DE,DE_LU,actual_offshore_wind_generation,Wind Offshore,2026-08-01T08:46:56Z
2026-08-01T08:44:53Z,2026-08-01T10:44:53+0200,ec999b8f-4b0e-4160-bee3-118ddd8c6904,2026-07-29T11:45:00Z,2026-07-29T13:45:00+0200,367.855,MW,DE,DE_LU,actual_offshore_wind_generation,Wind Offshore,2026-08-01T08:46:56Z
2026-08-01T08:44:53Z,2026-08-01T10:44:53+0200,ec999b8f-4b0e-4160-bee3-118ddd8c6904,2026-07-29T12:00:00Z,2026-07-29T14:00:00+0200,350.069,MW,DE,DE_LU,actual_offshore_wind_generation,Wind Offshore,2026-08-01T08:46:56Z
2026-08-01T08:44:53Z,2026-08-01T10:44:53+0200,ec999b8f-4b0e-4160-bee3-118ddd8c6904,2026-07-29T12:15:00Z,2026-07-29T14:15:00+0200,325.859,MW,DE,DE_LU,actual_offshore_wind_generation,Wind Offshore,2026-08-01T08:46:56Z
2026-08-01T08:44:53Z,2026-08-01T10:44:53+0200,ec999b8f-4b0e-4160-bee3-118ddd8c6904,2026-07-29T12:30:00Z,2026-07-29T14:30:00+0200,299.055,MW,DE,DE_LU,actual_offshore_wind_generation,Wind Offshore,2026-08-01T08:46:56Z
2026-08-01T08:44:53Z,2026-08-01T10:44:53+0200,ec999b8f-4b0e-4160-bee3-118ddd8c6904,2026-07-29T12:45:00Z,2026-07-29T14:45:00+0200,268.03,MW,DE,DE_LU,actual_offshore_wind_generation,Wind Offshore,2026-08-01T08:46:56Z
2026-08-01T08:44:53Z,2026-08-01T10:44:53+0200,ec999b8f-4b0e-4160-bee3-118ddd8c6904,2026-07-29T13:00:00Z,2026-07-29T15:00:00+0200,184.892,MW,DE,DE_LU,actual_offshore_wind_generation,Wind Offshore,2026-08-01T08:46:56Z
2026-08-01T08:44:53Z,2026-08-01T10:44:53+0200,ec999b8f-4b0e-4160-bee3-118ddd8c6904,2026-07-29T13:15:00Z,2026-07-29T15:15:00+0200,277.459,MW,DE,DE_LU,actual_offshore_wind_generation,Wind Offshore,2026-08-01T08:46:56Z
2026-08-01T08:44:53Z,2026-08-01T10:44:53+0200,ec999b8f-4b0e-4160-bee3-118ddd8c6904,2026-07-29T13:30:00Z,2026-07-29T15:30:00+0200,252.699,MW,DE,DE_LU,actual_offshore_wind_generation,Wind Offshore,2026-08-01T08:46:56Z
2026-08-01T08:44:53Z,2026-08-01T10:44:53+0200,ec999b8f-4b0e-4160-bee3-118ddd8c6904,2026-07-29T13:45:00Z,2026-07-29T15:45:00+0200,214.601,MW,DE,DE_LU,actual_offshore_wind_generation,Wind Offshore,2026-08-01T08:46:56Z
2026-08-01T08:44:53Z,2026-08-01T10:44:53+0200,ec999b8f-4b0e-4160-bee3-118ddd8c6904,2026-07-29T14:00:00Z,2026-07-29T16:00:00+0200,264.316,MW,DE,DE_LU,actual_offshore_wind_generation,Wind Offshore,2026-08-01T08:46:56Z
2026-08-01T08:44:53Z,2026-08-01T10:44:53+0200,ec999b8f-4b0e-4160-bee3-118ddd8c6904,2026-07-29T14:15:00Z,2026-07-29T16:15:00+0200,335.387,MW,DE,DE_LU,actual_offshore_wind_generation,Wind Offshore,2026-08-01T08:46:56Z
2026-08-01T08:44:53Z,2026-08-01T10:44:53+0200,ec999b8f-4b0e-4160-bee3-118ddd8c6904,2026-07-29T14:30:00Z,2026-07-29T16:30:00+0200,338.3,MW,DE,DE_LU,actual_offshore_wind_generation,Wind Offshore,2026-08-01T08:46:56Z
2026-08-01T08:44:53Z,2026-08-01T10:44:53+0200,ec999b8f-4b0e-4160-bee3-118ddd8c6904,2026-07-29T14:45:00Z,2026-07-29T16:45:00+0200,339.785,MW,DE,DE_LU,actual_offshore_wind_generation,Wind Offshore,2026-08-01T08:46:56Z
2026-08-01T08:44:53Z,2026-08-01T10:44:53+0200,ec999b8f-4b0e-4160-bee3-118ddd8c6904,2026-07-29T15:00:00Z,2026-07-29T17:00:00+0200,366.477,MW,DE,DE_LU,actual_offshore_wind_generation,Wind Offshore,2026-08-01T08:46:56Z
2026-08-01T08:44:53Z,2026-08-01T10:44:53+0200,ec999b8f-4b0e-4160-bee3-118ddd8c6904,2026-07-29T15:15:00Z,2026-07-29T17:15:00+0200,390.186,MW,DE,DE_LU,actual_offshore_wind_generation,Wind Offshore,2026-08-01T08:46:56Z
2026-08-01T08:44:53Z,2026-08-01T10:44:53+0200,ec999b8f-4b0e-4160-bee3-118ddd8c6904,2026-07-29T15:30:00Z,2026-07-29T17:30:00+0200,410.348,MW,DE,DE_LU,actual_offshore_wind_generation,Wind Offshore,2026-08-01T08:46:56Z
2026-08-01T08:44:53Z,2026-08-01T10:44:53+0200,ec999b8f-4b0e-4160-bee3-118ddd8c6904,2026-07-29T15:45:00Z,2026-07-29T17:45:00+0200,481.899,MW,DE,DE_LU,actual_offshore_wind_generation,Wind Offshore,2026-08-01T08:46:56Z
2026-08-01T08:44:53Z,2026-08-01T10:44:53+0200,ec999b8f-4b0e-4160-bee3-118ddd8c6904,2026-07-29T16:00:00Z,2026-07-29T18:00:00+0200,732.192,MW,DE,DE_LU,actual_offshore_wind_generation,Wind Offshore,2026-08-01T08:46:56Z
2026-08-01T08:44:53Z,2026-08-01T10:44:53+0200,ec999b8f-4b0e-4160-bee3-118ddd8c6904,2026-07-29T16:15:00Z,2026-07-29T18:15:00+0200,763.398,MW,DE,DE_LU,actual_offshore_wind_generation,Wind Offshore,2026-08-01T08:46:56Z
2026-08-01T08:44:53Z,2026-08-01T10:44:53+0200,ec999b8f-4b0e-4160-bee3-118ddd8c6904,2026-07-29T16:30:00Z,2026-07-29T18:30:00+0200,853.408,MW,DE,DE_LU,actual_offshore_wind_generation,Wind Offshore,2026-08-01T08:46:56Z
2026-08-01T08:44:53Z,2026-08-01T10:44:53+0200,ec999b8f-4b0e-4160-bee3-118ddd8c6904,2026-07-29T16:45:00Z,2026-07-29T18:45:00+0200,877.869,MW,DE,DE_LU,actual_offshore_wind_generation,Wind Offshore,2026-08-01T08:46:56Z
2026-08-01T08:44:53Z,2026-08-01T10:44:53+0200,ec999b8f-4b0e-4160-bee3-118ddd8c6904,2026-07-29T17:00:00Z,2026-07-29T19:00:00+0200,890.474,MW,DE,DE_LU,actual_offshore_wind_generation,Wind Offshore,2026-08-01T08:46:56Z
2026-08-01T08:44:53Z,2026-08-01T10:44:53+0200,ec999b8f-4b0e-4160-bee3-118ddd8c6904,2026-07-29T17:15:00Z,2026-07-29T19:15:00+0200,864.61,MW,DE,DE_LU,actual_offshore_wind_generation,Wind Offshore,2026-08-01T08:46:56Z
2026-08-01T08:44:53Z,2026-08-01T10:44:53+0200,ec999b8f-4b0e-4160-bee3-118ddd8c6904,2026-07-29T17:30:00Z,2026-07-29T19:30:00+0200,833.97,MW,DE,DE_LU,actual_offshore_wind_generation,Wind Offshore,2026-08-01T08:46:56Z
2026-08-01T08:44:53Z,2026-08-01T10:44:53+0200,ec999b8f-4b0e-4160-bee3-118ddd8c6904,2026-07-29T17:45:00Z,2026-07-29T19:45:00+0200,827.395,MW,DE,DE_LU,actual_offshore_wind_generation,Wind Offshore,2026-08-01T08:46:56Z
2026-08-01T08:44:53Z,2026-08-01T10:44:53+0200,ec999b8f-4b0e-4160-bee3-118ddd8c6904,2026-07-29T18:00:00Z,2026-07-29T20:00:00+0200,860.925,MW,DE,DE_LU,actual_offshore_wind_generation,Wind Offshore,2026-08-01T08:46:56Z
2026-08-01T08:44:53Z,2026-08-01T10:44:53+0200,ec999b8f-4b0e-4160-bee3-118ddd8c6904,2026-07-29T18:15:00Z,2026-07-29T20:15:00+0200,849.049,MW,DE,DE_LU,actual_offshore_wind_generation,Wind Offshore,2026-08-01T08:46:56Z
2026-08-01T08:44:53Z,2026-08-01T10:44:53+0200,ec999b8f-4b0e-4160-bee3-118ddd8c6904,2026-07-29T18:30:00Z,2026-07-29T20:30:00+0200,833.468,MW,DE,DE_LU,actual_offshore_wind_generation,Wind Offshore,2026-08-01T08:46:56Z
2026-08-01T08:44:53Z,2026-08-01T10:44:53+0200,ec999b8f-4b0e-4160-bee3-118ddd8c6904,2026-07-29T18:45:00Z,2026-07-29T20:45:00+0200,845.366,MW,DE,DE_LU,actual_offshore_wind_generation,Wind Offshore,2026-08-01T08:46:56Z
2026-08-01T08:44:53Z,2026-08-01T10:44:53+0200,ec999b8f-4b0e-4160-bee3-118ddd8c6904,2026-07-29T19:00:00Z,2026-07-29T21:00:00+0200,898.798,MW,DE,DE_LU,actual_offshore_wind_generation,Wind Offshore,2026-08-01T08:46:56Z
2026-08-01T08:44:53Z,2026-08-01T10:44:53+0200,ec999b8f-4b0e-4160-bee3-118ddd8c6904,2026-07-29T19:15:00Z,2026-07-29T21:15:00+0200,889.111,MW,DE,DE_LU,actual_offshore_wind_generation,Wind Offshore,2026-08-01T08:46:56Z
2026-08-01T08:44:53Z,2026-08-01T10:44:53+0200,ec999b8f-4b0e-4160-bee3-118ddd8c6904,2026-07-29T19:30:00Z,2026-07-29T21:30:00+0200,926.726,MW,DE,DE_LU,actual_offshore_wind_generation,Wind Offshore,2026-08-01T08:46:56Z
2026-08-01T08:44:53Z,2026-08-01T10:44:53+0200,ec999b8f-4b0e-4160-bee3-118ddd8c6904,2026-07-29T19:45:00Z,2026-07-29T21:45:00+0200,945.524,MW,DE,DE_LU,actual_offshore_wind_generation,Wind Offshore,2026-08-01T08:46:56Z
2026-08-01T08:44:53Z,2026-08-01T10:44:53+0200,ec999b8f-4b0e-4160-bee3-118ddd8c6904,2026-07-29T20:00:00Z,2026-07-29T22:00:00+0200,928.451,MW,DE,DE_LU,actual_offshore_wind_generation,Wind Offshore,2026-08-01T08:46:56Z
2026-08-01T08:44:53Z,2026-08-01T10:44:53+0200,ec999b8f-4b0e-4160-bee3-118ddd8c6904,2026-07-29T20:15:00Z,2026-07-29T22:15:00+0200,955.38,MW,DE,DE_LU,actual_offshore_wind_generation,Wind Offshore,2026-08-01T08:46:56Z
2026-08-01T08:44:53Z,2026-08-01T10:44:53+0200,ec999b8f-4b0e-4160-bee3-118ddd8c6904,2026-07-29T20:30:00Z,2026-07-29T22:30:00+0200,1000.642,MW,DE,DE_LU,actual_offshore_wind_generation,Wind Offshore,2026-08-01T08:46:56Z
2026-08-01T08:44:53Z,2026-08-01T10:44:53+0200,ec999b8f-4b0e-4160-bee3-118ddd8c6904,2026-07-29T20:45:00Z,2026-07-29T22:45:00+0200,994.026,MW,DE,DE_LU,actual_offshore_wind_generation,Wind Offshore,2026-08-01T08:46:56Z
2026-08-01T08:44:53Z,2026-08-01T10:44:53+0200,ec999b8f-4b0e-4160-bee3-118ddd8c6904,2026-07-29T21:00:00Z,2026-07-29T23:00:00+0200,1017.294,MW,DE,DE_LU,actual_offshore_wind_generation,Wind Offshore,2026-08-01T08:46:56Z
2026-08-01T08:44:53Z,2026-08-01T10:44:53+0200,ec999b8f-4b0e-4160-bee3-118ddd8c6904,2026-07-29T21:15:00Z,2026-07-29T23:15:00+0200,1110.268,MW,DE,DE_LU,actual_offshore_wind_generation,Wind Offshore,2026-08-01T08:46:56Z
2026-08-01T08:44:53Z,2026-08-01T10:44:53+0200,ec999b8f-4b0e-4160-bee3-118ddd8c6904,2026-07-29T21:30:00Z,2026-07-29T23:30:00+0200,1139.286,MW,DE,DE_LU,actual_offshore_wind_generation,Wind Offshore,2026-08-01T08:46:56Z
2026-08-01T08:44:53Z,2026-08-01T10:44:53+0200,ec999b8f-4b0e-4160-bee3-118ddd8c6904,2026-07-29T21:45:00Z,2026-07-29T23:45:00+0200,1128.798,MW,DE,DE_LU,actual_offshore_wind_generation,Wind Offshore,2026-08-01T08:46:56Z
2026-08-01T08:44:53Z,2026-08-01T10:44:53+0200,ec999b8f-4b0e-4160-bee3-118ddd8c6904,2026-07-29T22:00:00Z,2026-07-30T00:00:00+0200,1119.62,MW,DE,DE_LU,actual_offshore_wind_generation,Wind Offshore,2026-08-01T08:46:56Z
2026-08-01T08:44:53Z,2026-08-01T10:44:53+0200,ec999b8f-4b0e-4160-bee3-118ddd8c6904,2026-07-29T22:15:00Z,2026-07-30T00:15:00+0200,1128.852,MW,DE,DE_LU,actual_offshore_wind_generation,Wind Offshore,2026-08-01T08:46:56Z
2026-08-01T08:44:53Z,2026-08-01T10:44:53+0200,ec999b8f-4b0e-4160-bee3-118ddd8c6904,2026-07-29T22:30:00Z,2026-07-30T00:30:00+0200,1189.089,MW,DE,DE_LU,actual_offshore_wind_generation,Wind Offshore,2026-08-01T08:46:56Z
2026-08-01T08:44:53Z,2026-08-01T10:44:53+0200,ec999b8f-4b0e-4160-bee3-118ddd8c6904,2026-07-29T22:45:00Z,2026-07-30T00:45:00+0200,1282.904,MW,DE,DE_LU,actual_offshore_wind_generation,Wind Offshore,2026-08-01T08:46:56Z
2026-08-01T08:44:53Z,2026-08-01T10:44:53+0200,ec999b8f-4b0e-4160-bee3-118ddd8c6904,2026-07-29T23:00:00Z,2026-07-30T01:00:00+0200,1375.336,MW,DE,DE_LU,actual_offshore_wind_generation,Wind Offshore,2026-08-01T08:46:56Z
2026-08-01T08:44:53Z,2026-08-01T10:44:53+0200,ec999b8f-4b0e-4160-bee3-118ddd8c6904,2026-07-29T23:15:00Z,2026-07-30T01:15:00+0200,1506.743,MW,DE,DE_LU,actual_offshore_wind_generation,Wind Offshore,2026-08-01T08:46:56Z
2026-08-01T08:44:53Z,2026-08-01T10:44:53+0200,ec999b8f-4b0e-4160-bee3-118ddd8c6904,2026-07-29T23:30:00Z,2026-07-30T01:30:00+0200,1697.288,MW,DE,DE_LU,actual_offshore_wind_generation,Wind Offshore,2026-08-01T08:46:56Z
2026-08-01T08:44:53Z,2026-08-01T10:44:53+0200,ec999b8f-4b0e-4160-bee3-118ddd8c6904,2026-07-29T23:45:00Z,2026-07-30T01:45:00+0200,1940.405,MW,DE,DE_LU,actual_offshore_wind_generation,Wind Offshore,2026-08-01T08:46:56Z
2026-08-01T08:44:53Z,2026-08-01T10:44:53+0200,ec999b8f-4b0e-4160-bee3-118ddd8c6904,2026-07-30T00:00:00Z,2026-07-30T02:00:00+0200,2113.28,MW,DE,DE_LU,actual_offshore_wind_generation,Wind Offshore,2026-08-01T08:46:56Z
2026-08-01T08:44:53Z,2026-08-01T10:44:53+0200,ec999b8f-4b0e-4160-bee3-118ddd8c6904,2026-07-30T00:15:00Z,2026-07-30T02:15:00+0200,2263.801,MW,DE,DE_LU,actual_offshore_wind_generation,Wind Offshore,2026-08-01T08:46:56Z
2026-08-01T08:44:53Z,2026-08-01T10:44:53+0200,ec999b8f-4b0e-4160-bee3-118ddd8c6904,2026-07-30T00:30:00Z,2026-07-30T02:30:00+0200,2434.192,MW,DE,DE_LU,actual_offshore_wind_generation,Wind Offshore,2026-08-01T08:46:56Z
2026-08-01T08:44:53Z,2026-08-01T10:44:53+0200,ec999b8f-4b0e-4160-bee3-118ddd8c6904,2026-07-30T00:45:00Z,2026-07-30T02:45:00+0200,2608.192,MW,DE,DE_LU,actual_offshore_wind_generation,Wind Offshore,2026-08-01T08:46:56Z
2026-08-01T08:44:53Z,2026-08-01T10:44:53+0200,ec999b8f-4b0e-4160-bee3-118ddd8c6904,2026-07-30T01:00:00Z,2026-07-30T03:00:00+0200,2718.164,MW,DE,DE_LU,actual_offshore_wind_generation,Wind Offshore,2026-08-01T08:46:56Z
2026-08-01T08:44:53Z,2026-08-01T10:44:53+0200,ec999b8f-4b0e-4160-bee3-118ddd8c6904,2026-07-30T01:15:00Z,2026-07-30T03:15:00+0200,2802.637,MW,DE,DE_LU,actual_offshore_wind_generation,Wind Offshore,2026-08-01T08:46:56Z
2026-08-01T08:44:53Z,2026-08-01T10:44:53+0200,ec999b8f-4b0e-4160-bee3-118ddd8c6904,2026-07-30T01:30:00Z,2026-07-30T03:30:00+0200,2841.735,MW,DE,DE_LU,actual_offshore_wind_generation,Wind Offshore,2026-08-01T08:46:56Z
2026-08-01T08:44:53Z,2026-08-01T10:44:53+0200,ec999b8f-4b0e-4160-bee3-118ddd8c6904,2026-07-30T01:45:00Z,2026-07-30T03:45:00+0200,2949.498,MW,DE,DE_LU,actual_offshore_wind_generation,Wind Offshore,2026-08-01T08:46:56Z
2026-08-01T08:44:53Z,2026-08-01T10:44:53+0200,ec999b8f-4b0e-4160-bee3-118ddd8c6904,2026-07-30T02:00:00Z,2026-07-30T04:00:00+0200,3115.153,MW,DE,DE_LU,actual_offshore_wind_generation,Wind Offshore,2026-08-01T08:46:56Z
2026-08-01T08:44:53Z,2026-08-01T10:44:53+0200,ec999b8f-4b0e-4160-bee3-118ddd8c6904,2026-07-30T02:15:00Z,2026-07-30T04:15:00+0200,3308.412,MW,DE,DE_LU,actual_offshore_wind_generation,Wind Offshore,2026-08-01T08:46:56Z
2026-08-01T08:44:53Z,2026-08-01T10:44:53+0200,ec999b8f-4b0e-4160-bee3-118ddd8c6904,2026-07-30T02:30:00Z,2026-07-30T04:30:00+0200,3499.508,MW,DE,DE_LU,actual_offshore_wind_generation,Wind Offshore,2026-08-01T08:46:56Z
2026-08-01T08:44:53Z,2026-08-01T10:44:53+0200,ec999b8f-4b0e-4160-bee3-118ddd8c6904,2026-07-30T02:45:00Z,2026-07-30T04:45:00+0200,3794.386,MW,DE,DE_LU,actual_offshore_wind_generation,Wind Offshore,2026-08-01T08:46:56Z
2026-08-01T08:44:53Z,2026-08-01T10:44:53+0200,ec999b8f-4b0e-4160-bee3-118ddd8c6904,2026-07-30T03:00:00Z,2026-07-30T05:00:00+0200,4057.725,MW,DE,DE_LU,actual_offshore_wind_generation,Wind Offshore,2026-08-01T08:46:56Z
2026-08-01T08:44:53Z,2026-08-01T10:44:53+0200,ec999b8f-4b0e-4160-bee3-118ddd8c6904,2026-07-30T03:15:00Z,2026-07-30T05:15:00+0200,4356.115,MW,DE,DE_LU,actual_offshore_wind_generation,Wind Offshore,2026-08-01T08:46:56Z
2026-08-01T08:44:53Z,2026-08-01T10:44:53+0200,ec999b8f-4b0e-4160-bee3-118ddd8c6904,2026-07-30T03:30:00Z,2026-07-30T05:30:00+0200,4519.184,MW,DE,DE_LU,actual_offshore_wind_generation,Wind Offshore,2026-08-01T08:46:56Z
2026-08-01T08:44:53Z,2026-08-01T10:44:53+0200,ec999b8f-4b0e-4160-bee3-118ddd8c6904,2026-07-30T03:45:00Z,2026-07-30T05:45:00+0200,4636.469,MW,DE,DE_LU,actual_offshore_wind_generation,Wind Offshore,2026-08-01T08:46:56Z
2026-08-01T08:44:53Z,2026-08-01T10:44:53+0200,ec999b8f-4b0e-4160-bee3-118ddd8c6904,2026-07-30T04:00:00Z,2026-07-30T06:00:00+0200,4767.569,MW,DE,DE_LU,actual_offshore_wind_generation,Wind Offshore,2026-08-01T08:46:56Z
2026-08-01T08:44:53Z,2026-08-01T10:44:53+0200,ec999b8f-4b0e-4160-bee3-118ddd8c6904,2026-07-30T04:15:00Z,2026-07-30T06:15:00+0200,4843.615,MW,DE,DE_LU,actual_offshore_wind_generation,Wind Offshore,2026-08-01T08:46:56Z
2026-08-01T08:44:53Z,2026-08-01T10:44:53+0200,ec999b8f-4b0e-4160-bee3-118ddd8c6904,2026-07-30T04:30:00Z,2026-07-30T06:30:00+0200,4833.761,MW,DE,DE_LU,actual_offshore_wind_generation,Wind Offshore,2026-08-01T08:46:56Z
2026-08-01T08:44:53Z,2026-08-01T10:44:53+0200,ec999b8f-4b0e-4160-bee3-118ddd8c6904,2026-07-30T04:45:00Z,2026-07-30T06:45:00+0200,4367.03,MW,DE,DE_LU,actual_offshore_wind_generation,Wind Offshore,2026-08-01T08:46:56Z
2026-08-01T08:44:53Z,2026-08-01T10:44:53+0200,ec999b8f-4b0e-4160-bee3-118ddd8c6904,2026-07-30T05:00:00Z,2026-07-30T07:00:00+0200,4065.569,MW,DE,DE_LU,actual_offshore_wind_generation,Wind Offshore,2026-08-01T08:46:56Z
2026-08-01T08:44:53Z,2026-08-01T10:44:53+0200,ec999b8f-4b0e-4160-bee3-118ddd8c6904,2026-07-30T05:15:00Z,2026-07-30T07:15:00+0200,3951.478,MW,DE,DE_LU,actual_offshore_wind_generation,Wind Offshore,2026-08-01T08:46:56Z
2026-08-01T08:44:53Z,2026-08-01T10:44:53+0200,ec999b8f-4b0e-4160-bee3-118ddd8c6904,2026-07-30T05:30:00Z,2026-07-30T07:30:00+0200,3653.515,MW,DE,DE_LU,actual_offshore_wind_generation,Wind Offshore,2026-08-01T08:46:56Z
2026-08-01T08:44:53Z,2026-08-01T10:44:53+0200,ec999b8f-4b0e-4160-bee3-118ddd8c6904,2026-07-30T05:45:00Z,2026-07-30T07:45:00+0200,3427.914,MW,DE,DE_LU,actual_offshore_wind_generation,Wind Offshore,2026-08-01T08:46:56Z
2026-08-01T08:44:53Z,2026-08-01T10:44:53+0200,ec999b8f-4b0e-4160-bee3-118ddd8c6904,2026-07-30T06:00:00Z,2026-07-30T08:00:00+0200,3589.715,MW,DE,DE_LU,actual_offshore_wind_generation,Wind Offshore,2026-08-01T08:46:56Z
2026-08-01T08:44:53Z,2026-08-01T10:44:53+0200,ec999b8f-4b0e-4160-bee3-118ddd8c6904,2026-07-30T06:15:00Z,2026-07-30T08:15:00+0200,3642.788,MW,DE,DE_LU,actual_offshore_wind_generation,Wind Offshore,2026-08-01T08:46:56Z
2026-08-01T08:44:53Z,2026-08-01T10:44:53+0200,ec999b8f-4b0e-4160-bee3-118ddd8c6904,2026-07-30T06:30:00Z,2026-07-30T08:30:00+0200,3705.15,MW,DE,DE_LU,actual_offshore_wind_generation,Wind Offshore,2026-08-01T08:46:56Z
2026-08-01T08:44:53Z,2026-08-01T10:44:53+0200,ec999b8f-4b0e-4160-bee3-118ddd8c6904,2026-07-30T06:45:00Z,2026-07-30T08:45:00+0200,3618.049,MW,DE,DE_LU,actual_offshore_wind_generation,Wind Offshore,2026-08-01T08:46:56Z
2026-08-01T08:44:53Z,2026-08-01T10:44:53+0200,ec999b8f-4b0e-4160-bee3-118ddd8c6904,2026-07-30T07:00:00Z,2026-07-30T09:00:00+0200,3540.226,MW,DE,DE_LU,actual_offshore_wind_generation,Wind Offshore,2026-08-01T08:46:56Z
2026-08-01T08:44:53Z,2026-08-01T10:44:53+0200,ec999b8f-4b0e-4160-bee3-118ddd8c6904,2026-07-30T07:15:00Z,2026-07-30T09:15:00+0200,3418.212,MW,DE,DE_LU,actual_offshore_wind_generation,Wind Offshore,2026-08-01T08:46:56Z
2026-08-01T08:44:53Z,2026-08-01T10:44:53+0200,ec999b8f-4b0e-4160-bee3-118ddd8c6904,2026-07-30T07:30:00Z,2026-07-30T09:30:00+0200,3207.901,MW,DE,DE_LU,actual_offshore_wind_generation,Wind Offshore,2026-08-01T08:46:56Z
2026-08-01T08:44:53Z,2026-08-01T10:44:53+0200,ec999b8f-4b0e-4160-bee3-118ddd8c6904,2026-07-30T07:45:00Z,2026-07-30T09:45:00+0200,2959.655,MW,DE,DE_LU,actual_offshore_wind_generation,Wind Offshore,2026-08-01T08:46:56Z
2026-08-01T08:44:53Z,2026-08-01T10:44:53+0200,ec999b8f-4b0e-4160-bee3-118ddd8c6904,2026-07-30T08:00:00Z,2026-07-30T10:00:00+0200,2614.603,MW,DE,DE_LU,actual_offshore_wind_generation,Wind Offshore,2026-08-01T08:46:56Z
2026-08-01T08:44:53Z,2026-08-01T10:44:53+0200,ec999b8f-4b0e-4160-bee3-118ddd8c6904,2026-07-30T08:15:00Z,2026-07-30T10:15:00+0200,2643.025,MW,DE,DE_LU,actual_offshore_wind_generation,Wind Offshore,2026-08-01T08:46:56Z
2026-08-01T08:44:53Z,2026-08-01T10:44:53+0200,ec999b8f-4b0e-4160-bee3-118ddd8c6904,2026-07-30T08:30:00Z,2026-07-30T10:30:00+0200,2690.631,MW,DE,DE_LU,actual_offshore_wind_generation,Wind Offshore,2026-08-01T08:46:56Z
2026-08-01T08:44:53Z,2026-08-01T10:44:53+0200,ec999b8f-4b0e-4160-bee3-118ddd8c6904,2026-07-30T08:45:00Z,2026-07-30T10:45:00+0200,2571.422,MW,DE,DE_LU,actual_offshore_wind_generation,Wind Offshore,2026-08-01T08:46:56Z
2026-08-01T08:44:53Z,2026-08-01T10:44:53+0200,ec999b8f-4b0e-4160-bee3-118ddd8c6904,2026-07-30T09:00:00Z,2026-07-30T11:00:00+0200,2494.304,MW,DE,DE_LU,actual_offshore_wind_generation,Wind Offshore,2026-08-01T08:46:56Z
2026-08-01T08:44:53Z,2026-08-01T10:44:53+0200,ec999b8f-4b0e-4160-bee3-118ddd8c6904,2026-07-30T09:15:00Z,2026-07-30T11:15:00+0200,2428.339,MW,DE,DE_LU,actual_offshore_wind_generation,Wind Offshore,2026-08-01T08:46:56Z
2026-08-01T08:44:53Z,2026-08-01T10:44:53+0200,ec999b8f-4b0e-4160-bee3-118ddd8c6904,2026-07-30T09:30:00Z,2026-07-30T11:30:00+0200,2369.203,MW,DE,DE_LU,actual_offshore_wind_generation,Wind Offshore,2026-08-01T08:46:56Z
2026-08-01T08:44:53Z,2026-08-01T10:44:53+0200,ec999b8f-4b0e-4160-bee3-118ddd8c6904,2026-07-30T09:45:00Z,2026-07-30T11:45:00+0200,2327.577,MW,DE,DE_LU,actual_offshore_wind_generation,Wind Offshore,2026-08-01T08:46:56Z
2026-08-01T08:44:53Z,2026-08-01T10:44:53+0200,ec999b8f-4b0e-4160-bee3-118ddd8c6904,2026-07-30T10:00:00Z,2026-07-30T12:00:00+0200,2322.128,MW,DE,DE_LU,actual_offshore_wind_generation,Wind Offshore,2026-08-01T08:46:56Z
2026-08-01T08:44:53Z,2026-08-01T10:44:53+0200,ec999b8f-4b0e-4160-bee3-118ddd8c6904,2026-07-30T10:15:00Z,2026-07-30T12:15:00+0200,2337.171,MW,DE,DE_LU,actual_offshore_wind_generation,Wind Offshore,2026-08-01T08:46:56Z
2026-08-01T08:44:53Z,2026-08-01T10:44:53+0200,ec999b8f-4b0e-4160-bee3-118ddd8c6904,2026-07-30T10:30:00Z,2026-07-30T12:30:00+0200,2306.487,MW,DE,DE_LU,actual_offshore_wind_generation,Wind Offshore,2026-08-01T08:46:56Z
2026-08-01T08:44:53Z,2026-08-01T10:44:53+0200,ec999b8f-4b0e-4160-bee3-118ddd8c6904,2026-07-30T10:45:00Z,2026-07-30T12:45:00+0200,2205.954,MW,DE,DE_LU,actual_offshore_wind_generation,Wind Offshore,2026-08-01T08:46:56Z
2026-08-01T08:44:53Z,2026-08-01T10:44:53+0200,ec999b8f-4b0e-4160-bee3-118ddd8c6904,2026-07-30T11:00:00Z,2026-07-30T13:00:00+0200,2257.142,MW,DE,DE_LU,actual_offshore_wind_generation,Wind Offshore,2026-08-01T08:46:56Z
2026-08-01T08:44:53Z,2026-08-01T10:44:53+0200,ec999b8f-4b0e-4160-bee3-118ddd8c6904,2026-07-30T11:15:00Z,2026-07-30T13:15:00+0200,2158.282,MW,DE,DE_LU,actual_offshore_wind_generation,Wind Offshore,2026-08-01T08:46:56Z
2026-08-01T08:44:53Z,2026-08-01T10:44:53+0200,ec999b8f-4b0e-4160-bee3-118ddd8c6904,2026-07-30T11:30:00Z,2026-07-30T13:30:00+0200,2239.786,MW,DE,DE_LU,actual_offshore_wind_generation,Wind Offshore,2026-08-01T08:46:56Z
2026-08-01T08:44:53Z,2026-08-01T10:44:53+0200,ec999b8f-4b0e-4160-bee3-118ddd8c6904,2026-07-30T11:45:00Z,2026-07-30T13:45:00+0200,2366.44,MW,DE,DE_LU,actual_offshore_wind_generation,Wind Offshore,2026-08-01T08:46:56Z
2026-08-01T08:44:53Z,2026-08-01T10:44:53+0200,ec999b8f-4b0e-4160-bee3-118ddd8c6904,2026-07-30T12:00:00Z,2026-07-30T14:00:00+0200,2515.18,MW,DE,DE_LU,actual_offshore_wind_generation,Wind Offshore,2026-08-01T08:46:56Z
2026-08-01T08:44:53Z,2026-08-01T10:44:53+0200,ec999b8f-4b0e-4160-bee3-118ddd8c6904,2026-07-30T12:15:00Z,2026-07-30T14:15:00+0200,2662.289,MW,DE,DE_LU,actual_offshore_wind_generation,Wind Offshore,2026-08-01T08:46:56Z
2026-08-01T08:44:53Z,2026-08-01T10:44:53+0200,ec999b8f-4b0e-4160-bee3-118ddd8c6904,2026-07-30T12:30:00Z,2026-07-30T14:30:00+0200,2667.337,MW,DE,DE_LU,actual_offshore_wind_generation,Wind Offshore,2026-08-01T08:46:56Z
2026-08-01T08:44:53Z,2026-08-01T10:44:53+0200,ec999b8f-4b0e-4160-bee3-118ddd8c6904,2026-07-30T12:45:00Z,2026-07-30T14:45:00+0200,2773.676,MW,DE,DE_LU,actual_offshore_wind_generation,Wind Offshore,2026-08-01T08:46:56Z
2026-08-01T08:44:53Z,2026-08-01T10:44:53+0200,ec999b8f-4b0e-4160-bee3-118ddd8c6904,2026-07-30T13:00:00Z,2026-07-30T15:00:00+0200,2713.81,MW,DE,DE_LU,actual_offshore_wind_generation,Wind Offshore,2026-08-01T08:46:56Z
2026-08-01T08:44:53Z,2026-08-01T10:44:53+0200,ec999b8f-4b0e-4160-bee3-118ddd8c6904,2026-07-30T13:15:00Z,2026-07-30T15:15:00+0200,2550.922,MW,DE,DE_LU,actual_offshore_wind_generation,Wind Offshore,2026-08-01T08:46:56Z
2026-08-01T08:44:53Z,2026-08-01T10:44:53+0200,ec999b8f-4b0e-4160-bee3-118ddd8c6904,2026-07-30T13:30:00Z,2026-07-30T15:30:00+0200,2489.348,MW,DE,DE_LU,actual_offshore_wind_generation,Wind Offshore,2026-08-01T08:46:56Z
2026-08-01T08:44:53Z,2026-08-01T10:44:53+0200,ec999b8f-4b0e-4160-bee3-118ddd8c6904,2026-07-30T13:45:00Z,2026-07-30T15:45:00+0200,2377.834,MW,DE,DE_LU,actual_offshore_wind_generation,Wind Offshore,2026-08-01T08:46:56Z
2026-08-01T08:44:53Z,2026-08-01T10:44:53+0200,ec999b8f-4b0e-4160-bee3-118ddd8c6904,2026-07-30T14:00:00Z,2026-07-30T16:00:00+0200,2212.055,MW,DE,DE_LU,actual_offshore_wind_generation,Wind Offshore,2026-08-01T08:46:56Z
2026-08-01T08:44:53Z,2026-08-01T10:44:53+0200,ec999b8f-4b0e-4160-bee3-118ddd8c6904,2026-07-30T14:15:00Z,2026-07-30T16:15:00+0200,2142.816,MW,DE,DE_LU,actual_offshore_wind_generation,Wind Offshore,2026-08-01T08:46:56Z
2026-08-01T08:44:53Z,2026-08-01T10:44:53+0200,ec999b8f-4b0e-4160-bee3-118ddd8c6904,2026-07-30T14:30:00Z,2026-07-30T16:30:00+0200,2087.707,MW,DE,DE_LU,actual_offshore_wind_generation,Wind Offshore,2026-08-01T08:46:56Z
2026-08-01T08:44:53Z,2026-08-01T10:44:53+0200,ec999b8f-4b0e-4160-bee3-118ddd8c6904,2026-07-30T14:45:00Z,2026-07-30T16:45:00+0200,1915.521,MW,DE,DE_LU,actual_offshore_wind_generation,Wind Offshore,2026-08-01T08:46:56Z
2026-08-01T08:44:53Z,2026-08-01T10:44:53+0200,ec999b8f-4b0e-4160-bee3-118ddd8c6904,2026-07-30T15:00:00Z,2026-07-30T17:00:00+0200,1726.802,MW,DE,DE_LU,actual_offshore_wind_generation,Wind Offshore,2026-08-01T08:46:56Z
2026-08-01T08:44:53Z,2026-08-01T10:44:53+0200,ec999b8f-4b0e-4160-bee3-118ddd8c6904,2026-07-30T15:15:00Z,2026-07-30T17:15:00+0200,1532.242,MW,DE,DE_LU,actual_offshore_wind_generation,Wind Offshore,2026-08-01T08:46:56Z
2026-08-01T08:44:53Z,2026-08-01T10:44:53+0200,ec999b8f-4b0e-4160-bee3-118ddd8c6904,2026-07-30T15:30:00Z,2026-07-30T17:30:00+0200,1262.376,MW,DE,DE_LU,actual_offshore_wind_generation,Wind Offshore,2026-08-01T08:46:56Z
2026-08-01T08:44:53Z,2026-08-01T10:44:53+0200,ec999b8f-4b0e-4160-bee3-118ddd8c6904,2026-07-30T15:45:00Z,2026-07-30T17:45:00+0200,1151.624,MW,DE,DE_LU,actual_offshore_wind_generation,Wind Offshore,2026-08-01T08:46:56Z
2026-08-01T08:44:53Z,2026-08-01T10:44:53+0200,ec999b8f-4b0e-4160-bee3-118ddd8c6904,2026-07-30T16:00:00Z,2026-07-30T18:00:00+0200,1013.187,MW,DE,DE_LU,actual_offshore_wind_generation,Wind Offshore,2026-08-01T08:46:56Z
2026-08-01T08:44:53Z,2026-08-01T10:44:53+0200,ec999b8f-4b0e-4160-bee3-118ddd8c6904,2026-07-30T16:15:00Z,2026-07-30T18:15:00+0200,927.812,MW,DE,DE_LU,actual_offshore_wind_generation,Wind Offshore,2026-08-01T08:46:56Z
2026-08-01T08:44:53Z,2026-08-01T10:44:53+0200,ec999b8f-4b0e-4160-bee3-118ddd8c6904,2026-07-30T16:30:00Z,2026-07-30T18:30:00+0200,897.159,MW,DE,DE_LU,actual_offshore_wind_generation,Wind Offshore,2026-08-01T08:46:56Z
2026-08-01T08:44:53Z,2026-08-01T10:44:53+0200,ec999b8f-4b0e-4160-bee3-118ddd8c6904,2026-07-30T16:45:00Z,2026-07-30T18:45:00+0200,873.527,MW,DE,DE_LU,actual_offshore_wind_generation,Wind Offshore,2026-08-01T08:46:56Z
2026-08-01T08:44:53Z,2026-08-01T10:44:53+0200,ec999b8f-4b0e-4160-bee3-118ddd8c6904,2026-07-30T17:00:00Z,2026-07-30T19:00:00+0200,652.924,MW,DE,DE_LU,actual_offshore_wind_generation,Wind Offshore,2026-08-01T08:46:56Z
2026-08-01T08:44:53Z,2026-08-01T10:44:53+0200,ec999b8f-4b0e-4160-bee3-118ddd8c6904,2026-07-30T17:15:00Z,2026-07-30T19:15:00+0200,618.719,MW,DE,DE_LU,actual_offshore_wind_generation,Wind Offshore,2026-08-01T08:46:56Z
2026-08-01T08:44:53Z,2026-08-01T10:44:53+0200,ec999b8f-4b0e-4160-bee3-118ddd8c6904,2026-07-30T17:30:00Z,2026-07-30T19:30:00+0200,648.954,MW,DE,DE_LU,actual_offshore_wind_generation,Wind Offshore,2026-08-01T08:46:56Z
2026-08-01T08:44:53Z,2026-08-01T10:44:53+0200,ec999b8f-4b0e-4160-bee3-118ddd8c6904,2026-07-30T17:45:00Z,2026-07-30T19:45:00+0200,681.17,MW,DE,DE_LU,actual_offshore_wind_generation,Wind Offshore,2026-08-01T08:46:56Z
2026-08-01T08:44:53Z,2026-08-01T10:44:53+0200,ec999b8f-4b0e-4160-bee3-118ddd8c6904,2026-07-30T18:00:00Z,2026-07-30T20:00:00+0200,1024.991,MW,DE,DE_LU,actual_offshore_wind_generation,Wind Offshore,2026-08-01T08:46:56Z
2026-08-01T08:44:53Z,2026-08-01T10:44:53+0200,ec999b8f-4b0e-4160-bee3-118ddd8c6904,2026-07-30T18:15:00Z,2026-07-30T20:15:00+0200,1110.926,MW,DE,DE_LU,actual_offshore_wind_generation,Wind Offshore,2026-08-01T08:46:56Z
2026-08-01T08:44:53Z,2026-08-01T10:44:53+0200,ec999b8f-4b0e-4160-bee3-118ddd8c6904,2026-07-30T18:30:00Z,2026-07-30T20:30:00+0200,1199.633,MW,DE,DE_LU,actual_offshore_wind_generation,Wind Offshore,2026-08-01T08:46:56Z
2026-08-01T08:44:53Z,2026-08-01T10:44:53+0200,ec999b8f-4b0e-4160-bee3-118ddd8c6904,2026-07-30T18:45:00Z,2026-07-30T20:45:00+0200,1229.866,MW,DE,DE_LU,actual_offshore_wind_generation,Wind Offshore,2026-08-01T08:46:56Z
2026-08-01T08:44:53Z,2026-08-01T10:44:53+0200,ec999b8f-4b0e-4160-bee3-118ddd8c6904,2026-07-30T19:00:00Z,2026-07-30T21:00:00+0200,1349.934,MW,DE,DE_LU,actual_offshore_wind_generation,Wind Offshore,2026-08-01T08:46:56Z
2026-08-01T08:44:53Z,2026-08-01T10:44:53+0200,ec999b8f-4b0e-4160-bee3-118ddd8c6904,2026-07-30T19:15:00Z,2026-07-30T21:15:00+0200,1738.813,MW,DE,DE_LU,actual_offshore_wind_generation,Wind Offshore,2026-08-01T08:46:56Z
2026-08-01T08:44:53Z,2026-08-01T10:44:53+0200,ec999b8f-4b0e-4160-bee3-118ddd8c6904,2026-07-30T19:30:00Z,2026-07-30T21:30:00+0200,2036.667,MW,DE,DE_LU,actual_offshore_wind_generation,Wind Offshore,2026-08-01T08:46:56Z
2026-08-01T08:44:53Z,2026-08-01T10:44:53+0200,ec999b8f-4b0e-4160-bee3-118ddd8c6904,2026-07-30T19:45:00Z,2026-07-30T21:45:00+0200,2048.605,MW,DE,DE_LU,actual_offshore_wind_generation,Wind Offshore,2026-08-01T08:46:56Z
2026-08-01T08:44:53Z,2026-08-01T10:44:53+0200,ec999b8f-4b0e-4160-bee3-118ddd8c6904,2026-07-30T20:00:00Z,2026-07-30T22:00:00+0200,2007.559,MW,DE,DE_LU,actual_offshore_wind_generation,Wind Offshore,2026-08-01T08:46:56Z
2026-08-01T08:44:53Z,2026-08-01T10:44:53+0200,ec999b8f-4b0e-4160-bee3-118ddd8c6904,2026-07-30T20:15:00Z,2026-07-30T22:15:00+0200,1790.153,MW,DE,DE_LU,actual_offshore_wind_generation,Wind Offshore,2026-08-01T08:46:56Z
2026-08-01T08:44:53Z,2026-08-01T10:44:53+0200,ec999b8f-4b0e-4160-bee3-118ddd8c6904,2026-07-30T20:30:00Z,2026-07-30T22:30:00+0200,1653.568,MW,DE,DE_LU,actual_offshore_wind_generation,Wind Offshore,2026-08-01T08:46:56Z
2026-08-01T08:44:53Z,2026-08-01T10:44:53+0200,ec999b8f-4b0e-4160-bee3-118ddd8c6904,2026-07-30T20:45:00Z,2026-07-30T22:45:00+0200,1656.261,MW,DE,DE_LU,actual_offshore_wind_generation,Wind Offshore,2026-08-01T08:46:56Z
2026-08-01T08:44:53Z,2026-08-01T10:44:53+0200,ec999b8f-4b0e-4160-bee3-118ddd8c6904,2026-07-30T21:00:00Z,2026-07-30T23:00:00+0200,1515.234,MW,DE,DE_LU,actual_offshore_wind_generation,Wind Offshore,2026-08-01T08:46:56Z
2026-08-01T08:44:53Z,2026-08-01T10:44:53+0200,ec999b8f-4b0e-4160-bee3-118ddd8c6904,2026-07-30T21:15:00Z,2026-07-30T23:15:00+0200,1199.572,MW,DE,DE_LU,actual_offshore_wind_generation,Wind Offshore,2026-08-01T08:46:56Z
2026-08-01T08:44:53Z,2026-08-01T10:44:53+0200,ec999b8f-4b0e-4160-bee3-118ddd8c6904,2026-07-30T21:30:00Z,2026-07-30T23:30:00+0200,1011.993,MW,DE,DE_LU,actual_offshore_wind_generation,Wind Offshore,2026-08-01T08:46:56Z
2026-08-01T08:44:53Z,2026-08-01T10:44:53+0200,ec999b8f-4b0e-4160-bee3-118ddd8c6904,2026-07-30T21:45:00Z,2026-07-30T23:45:00+0200,879.015,MW,DE,DE_LU,actual_offshore_wind_generation,Wind Offshore,2026-08-01T08:46:56Z
2026-08-01T08:44:53Z,2026-08-01T10:44:53+0200,ec999b8f-4b0e-4160-bee3-118ddd8c6904,2026-07-30T22:00:00Z,2026-07-31T00:00:00+0200,672.973,MW,DE,DE_LU,actual_offshore_wind_generation,Wind Offshore,2026-08-01T08:46:56Z
2026-08-01T08:44:53Z,2026-08-01T10:44:53+0200,ec999b8f-4b0e-4160-bee3-118ddd8c6904,2026-07-30T22:15:00Z,2026-07-31T00:15:00+0200,551.987,MW,DE,DE_LU,actual_offshore_wind_generation,Wind Offshore,2026-08-01T08:46:56Z
2026-08-01T08:44:53Z,2026-08-01T10:44:53+0200,ec999b8f-4b0e-4160-bee3-118ddd8c6904,2026-07-30T22:30:00Z,2026-07-31T00:30:00+0200,509.0,MW,DE,DE_LU,actual_offshore_wind_generation,Wind Offshore,2026-08-01T08:46:56Z
2026-08-01T08:44:53Z,2026-08-01T10:44:53+0200,ec999b8f-4b0e-4160-bee3-118ddd8c6904,2026-07-30T22:45:00Z,2026-07-31T00:45:00+0200,769.336,MW,DE,DE_LU,actual_offshore_wind_generation,Wind Offshore,2026-08-01T08:46:56Z
2026-08-01T08:44:53Z,2026-08-01T10:44:53+0200,ec999b8f-4b0e-4160-bee3-118ddd8c6904,2026-07-30T23:00:00Z,2026-07-31T01:00:00+0200,676.515,MW,DE,DE_LU,actual_offshore_wind_generation,Wind Offshore,2026-08-01T08:46:56Z
2026-08-01T08:44:53Z,2026-08-01T10:44:53+0200,ec999b8f-4b0e-4160-bee3-118ddd8c6904,2026-07-30T23:15:00Z,2026-07-31T01:15:00+0200,700.027,MW,DE,DE_LU,actual_offshore_wind_generation,Wind Offshore,2026-08-01T08:46:56Z
2026-08-01T08:44:53Z,2026-08-01T10:44:53+0200,ec999b8f-4b0e-4160-bee3-118ddd8c6904,2026-07-30T23:30:00Z,2026-07-31T01:30:00+0200,637.26,MW,DE,DE_LU,actual_offshore_wind_generation,Wind Offshore,2026-08-01T08:46:56Z
2026-08-01T08:44:53Z,2026-08-01T10:44:53+0200,ec999b8f-4b0e-4160-bee3-118ddd8c6904,2026-07-30T23:45:00Z,2026-07-31T01:45:00+0200,570.576,MW,DE,DE_LU,actual_offshore_wind_generation,Wind Offshore,2026-08-01T08:46:56Z
2026-08-01T08:44:53Z,2026-08-01T10:44:53+0200,ec999b8f-4b0e-4160-bee3-118ddd8c6904,2026-07-31T00:00:00Z,2026-07-31T02:00:00+0200,436.977,MW,DE,DE_LU,actual_offshore_wind_generation,Wind Offshore,2026-08-01T08:46:56Z
2026-08-01T08:44:53Z,2026-08-01T10:44:53+0200,ec999b8f-4b0e-4160-bee3-118ddd8c6904,2026-07-31T00:15:00Z,2026-07-31T02:15:00+0200,404.417,MW,DE,DE_LU,actual_offshore_wind_generation,Wind Offshore,2026-08-01T08:46:56Z
2026-08-01T08:44:53Z,2026-08-01T10:44:53+0200,ec999b8f-4b0e-4160-bee3-118ddd8c6904,2026-07-31T00:30:00Z,2026-07-31T02:30:00+0200,419.208,MW,DE,DE_LU,actual_offshore_wind_generation,Wind Offshore,2026-08-01T08:46:56Z
2026-08-01T08:44:53Z,2026-08-01T10:44:53+0200,ec999b8f-4b0e-4160-bee3-118ddd8c6904,2026-07-31T00:45:00Z,2026-07-31T02:45:00+0200,441.647,MW,DE,DE_LU,actual_offshore_wind_generation,Wind Offshore,2026-08-01T08:46:56Z
2026-08-01T08:44:53Z,2026-08-01T10:44:53+0200,ec999b8f-4b0e-4160-bee3-118ddd8c6904,2026-07-31T01:00:00Z,2026-07-31T03:00:00+0200,339.589,MW,DE,DE_LU,actual_offshore_wind_generation,Wind Offshore,2026-08-01T08:46:56Z
2026-08-01T08:44:53Z,2026-08-01T10:44:53+0200,ec999b8f-4b0e-4160-bee3-118ddd8c6904,2026-07-31T01:15:00Z,2026-07-31T03:15:00+0200,289.89,MW,DE,DE_LU,actual_offshore_wind_generation,Wind Offshore,2026-08-01T08:46:56Z
2026-08-01T08:44:53Z,2026-08-01T10:44:53+0200,ec999b8f-4b0e-4160-bee3-118ddd8c6904,2026-07-31T01:30:00Z,2026-07-31T03:30:00+0200,318.619,MW,DE,DE_LU,actual_offshore_wind_generation,Wind Offshore,2026-08-01T08:46:56Z
2026-08-01T08:44:53Z,2026-08-01T10:44:53+0200,ec999b8f-4b0e-4160-bee3-118ddd8c6904,2026-07-31T01:45:00Z,2026-07-31T03:45:00+0200,369.31,MW,DE,DE_LU,actual_offshore_wind_generation,Wind Offshore,2026-08-01T08:46:56Z
2026-08-01T08:44:53Z,2026-08-01T10:44:53+0200,ec999b8f-4b0e-4160-bee3-118ddd8c6904,2026-07-31T02:00:00Z,2026-07-31T04:00:00+0200,415.631,MW,DE,DE_LU,actual_offshore_wind_generation,Wind Offshore,2026-08-01T08:46:56Z
2026-08-01T08:44:53Z,2026-08-01T10:44:53+0200,ec999b8f-4b0e-4160-bee3-118ddd8c6904,2026-07-31T02:15:00Z,2026-07-31T04:15:00+0200,399.505,MW,DE,DE_LU,actual_offshore_wind_generation,Wind Offshore,2026-08-01T08:46:56Z
2026-08-01T08:44:53Z,2026-08-01T10:44:53+0200,ec999b8f-4b0e-4160-bee3-118ddd8c6904,2026-07-31T02:30:00Z,2026-07-31T04:30:00+0200,240.9,MW,DE,DE_LU,actual_offshore_wind_generation,Wind Offshore,2026-08-01T08:46:56Z
2026-08-01T08:44:53Z,2026-08-01T10:44:53+0200,ec999b8f-4b0e-4160-bee3-118ddd8c6904,2026-07-31T02:45:00Z,2026-07-31T04:45:00+0200,215.257,MW,DE,DE_LU,actual_offshore_wind_generation,Wind Offshore,2026-08-01T08:46:56Z
2026-08-01T08:44:53Z,2026-08-01T10:44:53+0200,ec999b8f-4b0e-4160-bee3-118ddd8c6904,2026-07-31T03:00:00Z,2026-07-31T05:00:00+0200,244.226,MW,DE,DE_LU,actual_offshore_wind_generation,Wind Offshore,2026-08-01T08:46:56Z
2026-08-01T08:44:53Z,2026-08-01T10:44:53+0200,ec999b8f-4b0e-4160-bee3-118ddd8c6904,2026-07-31T03:15:00Z,2026-07-31T05:15:00+0200,321.647,MW,DE,DE_LU,actual_offshore_wind_generation,Wind Offshore,2026-08-01T08:46:56Z
2026-08-01T08:44:53Z,2026-08-01T10:44:53+0200,ec999b8f-4b0e-4160-bee3-118ddd8c6904,2026-07-31T03:30:00Z,2026-07-31T05:30:00+0200,458.804,MW,DE,DE_LU,actual_offshore_wind_generation,Wind Offshore,2026-08-01T08:46:56Z
2026-08-01T08:44:53Z,2026-08-01T10:44:53+0200,ec999b8f-4b0e-4160-bee3-118ddd8c6904,2026-07-31T03:45:00Z,2026-07-31T05:45:00+0200,593.776,MW,DE,DE_LU,actual_offshore_wind_generation,Wind Offshore,2026-08-01T08:46:56Z
2026-08-01T08:44:53Z,2026-08-01T10:44:53+0200,ec999b8f-4b0e-4160-bee3-118ddd8c6904,2026-07-31T04:00:00Z,2026-07-31T06:00:00+0200,673.98,MW,DE,DE_LU,actual_offshore_wind_generation,Wind Offshore,2026-08-01T08:46:56Z
2026-08-01T08:44:53Z,2026-08-01T10:44:53+0200,ec999b8f-4b0e-4160-bee3-118ddd8c6904,2026-07-31T04:15:00Z,2026-07-31T06:15:00+0200,792.322,MW,DE,DE_LU,actual_offshore_wind_generation,Wind Offshore,2026-08-01T08:46:56Z
2026-08-01T08:44:53Z,2026-08-01T10:44:53+0200,ec999b8f-4b0e-4160-bee3-118ddd8c6904,2026-07-31T04:30:00Z,2026-07-31T06:30:00+0200,1038.166,MW,DE,DE_LU,actual_offshore_wind_generation,Wind Offshore,2026-08-01T08:46:56Z
2026-08-01T08:44:53Z,2026-08-01T10:44:53+0200,ec999b8f-4b0e-4160-bee3-118ddd8c6904,2026-07-31T04:45:00Z,2026-07-31T06:45:00+0200,1245.458,MW,DE,DE_LU,actual_offshore_wind_generation,Wind Offshore,2026-08-01T08:46:56Z
2026-08-01T08:44:53Z,2026-08-01T10:44:53+0200,ec999b8f-4b0e-4160-bee3-118ddd8c6904,2026-07-31T05:00:00Z,2026-07-31T07:00:00+0200,1392.567,MW,DE,DE_LU,actual_offshore_wind_generation,Wind Offshore,2026-08-01T08:46:56Z
2026-08-01T08:44:53Z,2026-08-01T10:44:53+0200,ec999b8f-4b0e-4160-bee3-118ddd8c6904,2026-07-31T05:15:00Z,2026-07-31T07:15:00+0200,1400.07,MW,DE,DE_LU,actual_offshore_wind_generation,Wind Offshore,2026-08-01T08:46:56Z
2026-08-01T08:44:53Z,2026-08-01T10:44:53+0200,ec999b8f-4b0e-4160-bee3-118ddd8c6904,2026-07-31T05:30:00Z,2026-07-31T07:30:00+0200,1270.198,MW,DE,DE_LU,actual_offshore_wind_generation,Wind Offshore,2026-08-01T08:46:56Z
2026-08-01T08:44:53Z,2026-08-01T10:44:53+0200,ec999b8f-4b0e-4160-bee3-118ddd8c6904,2026-07-31T05:45:00Z,2026-07-31T07:45:00+0200,1224.877,MW,DE,DE_LU,actual_offshore_wind_generation,Wind Offshore,2026-08-01T08:46:56Z
2026-08-01T08:44:53Z,2026-08-01T10:44:53+0200,ec999b8f-4b0e-4160-bee3-118ddd8c6904,2026-07-31T06:00:00Z,2026-07-31T08:00:00+0200,1209.822,MW,DE,DE_LU,actual_offshore_wind_generation,Wind Offshore,2026-08-01T08:46:56Z
2026-08-01T08:44:53Z,2026-08-01T10:44:53+0200,ec999b8f-4b0e-4160-bee3-118ddd8c6904,2026-07-31T06:15:00Z,2026-07-31T08:15:00+0200,1271.11,MW,DE,DE_LU,actual_offshore_wind_generation,Wind Offshore,2026-08-01T08:46:56Z
2026-08-01T08:44:53Z,2026-08-01T10:44:53+0200,ec999b8f-4b0e-4160-bee3-118ddd8c6904,2026-07-31T06:30:00Z,2026-07-31T08:30:00+0200,1376.219,MW,DE,DE_LU,actual_offshore_wind_generation,Wind Offshore,2026-08-01T08:46:56Z
2026-08-01T08:44:53Z,2026-08-01T10:44:53+0200,ec999b8f-4b0e-4160-bee3-118ddd8c6904,2026-07-31T06:45:00Z,2026-07-31T08:45:00+0200,1397.506,MW,DE,DE_LU,actual_offshore_wind_generation,Wind Offshore,2026-08-01T08:46:56Z
2026-08-01T08:44:53Z,2026-08-01T10:44:53+0200,ec999b8f-4b0e-4160-bee3-118ddd8c6904,2026-07-31T07:00:00Z,2026-07-31T09:00:00+0200,1305.177,MW,DE,DE_LU,actual_offshore_wind_generation,Wind Offshore,2026-08-01T08:46:56Z
2026-08-01T08:44:53Z,2026-08-01T10:44:53+0200,ec999b8f-4b0e-4160-bee3-118ddd8c6904,2026-07-31T07:15:00Z,2026-07-31T09:15:00+0200,1258.969,MW,DE,DE_LU,actual_offshore_wind_generation,Wind Offshore,2026-08-01T08:46:56Z
2026-08-01T08:44:53Z,2026-08-01T10:44:53+0200,ec999b8f-4b0e-4160-bee3-118ddd8c6904,2026-07-31T07:30:00Z,2026-07-31T09:30:00+0200,1330.995,MW,DE,DE_LU,actual_offshore_wind_generation,Wind Offshore,2026-08-01T08:46:56Z
2026-08-01T08:44:53Z,2026-08-01T10:44:53+0200,ec999b8f-4b0e-4160-bee3-118ddd8c6904,2026-07-31T07:45:00Z,2026-07-31T09:45:00+0200,1212.128,MW,DE,DE_LU,actual_offshore_wind_generation,Wind Offshore,2026-08-01T08:46:56Z
2026-08-01T08:44:53Z,2026-08-01T10:44:53+0200,ec999b8f-4b0e-4160-bee3-118ddd8c6904,2026-07-31T08:00:00Z,2026-07-31T10:00:00+0200,1180.934,MW,DE,DE_LU,actual_offshore_wind_generation,Wind Offshore,2026-08-01T08:46:56Z
2026-08-01T08:44:53Z,2026-08-01T10:44:53+0200,ec999b8f-4b0e-4160-bee3-118ddd8c6904,2026-07-31T08:15:00Z,2026-07-31T10:15:00+0200,1072.761,MW,DE,DE_LU,actual_offshore_wind_generation,Wind Offshore,2026-08-01T08:46:56Z
2026-08-01T08:44:53Z,2026-08-01T10:44:53+0200,ec999b8f-4b0e-4160-bee3-118ddd8c6904,2026-07-31T08:30:00Z,2026-07-31T10:30:00+0200,1133.422,MW,DE,DE_LU,actual_offshore_wind_generation,Wind Offshore,2026-08-01T08:46:56Z
2026-08-01T08:44:53Z,2026-08-01T10:44:53+0200,ec999b8f-4b0e-4160-bee3-118ddd8c6904,2026-07-31T08:45:00Z,2026-07-31T10:45:00+0200,998.803,MW,DE,DE_LU,actual_offshore_wind_generation,Wind Offshore,2026-08-01T08:46:56Z
2026-08-01T08:44:53Z,2026-08-01T10:44:53+0200,ec999b8f-4b0e-4160-bee3-118ddd8c6904,2026-07-31T09:00:00Z,2026-07-31T11:00:00+0200,1024.421,MW,DE,DE_LU,actual_offshore_wind_generation,Wind Offshore,2026-08-01T08:46:56Z
2026-08-01T08:44:53Z,2026-08-01T10:44:53+0200,ec999b8f-4b0e-4160-bee3-118ddd8c6904,2026-07-31T09:15:00Z,2026-07-31T11:15:00+0200,1068.694,MW,DE,DE_LU,actual_offshore_wind_generation,Wind Offshore,2026-08-01T08:46:56Z
2026-08-01T08:44:53Z,2026-08-01T10:44:53+0200,ec999b8f-4b0e-4160-bee3-118ddd8c6904,2026-07-31T09:30:00Z,2026-07-31T11:30:00+0200,1089.535,MW,DE,DE_LU,actual_offshore_wind_generation,Wind Offshore,2026-08-01T08:46:56Z
2026-08-01T08:44:53Z,2026-08-01T10:44:53+0200,ec999b8f-4b0e-4160-bee3-118ddd8c6904,2026-07-31T09:45:00Z,2026-07-31T11:45:00+0200,1016.791,MW,DE,DE_LU,actual_offshore_wind_generation,Wind Offshore,2026-08-01T08:46:56Z
2026-08-01T08:44:53Z,2026-08-01T10:44:53+0200,ec999b8f-4b0e-4160-bee3-118ddd8c6904,2026-07-31T10:00:00Z,2026-07-31T12:00:00+0200,924.958,MW,DE,DE_LU,actual_offshore_wind_generation,Wind Offshore,2026-08-01T08:46:56Z
2026-08-01T08:44:53Z,2026-08-01T10:44:53+0200,ec999b8f-4b0e-4160-bee3-118ddd8c6904,2026-07-31T10:15:00Z,2026-07-31T12:15:00+0200,877.557,MW,DE,DE_LU,actual_offshore_wind_generation,Wind Offshore,2026-08-01T08:46:56Z
2026-08-01T08:44:53Z,2026-08-01T10:44:53+0200,ec999b8f-4b0e-4160-bee3-118ddd8c6904,2026-07-31T10:30:00Z,2026-07-31T12:30:00+0200,851.608,MW,DE,DE_LU,actual_offshore_wind_generation,Wind Offshore,2026-08-01T08:46:56Z
2026-08-01T08:44:53Z,2026-08-01T10:44:53+0200,ec999b8f-4b0e-4160-bee3-118ddd8c6904,2026-07-31T10:45:00Z,2026-07-31T12:45:00+0200,787.992,MW,DE,DE_LU,actual_offshore_wind_generation,Wind Offshore,2026-08-01T08:46:56Z
2026-08-01T08:44:53Z,2026-08-01T10:44:53+0200,ec999b8f-4b0e-4160-bee3-118ddd8c6904,2026-07-31T11:00:00Z,2026-07-31T13:00:00+0200,795.717,MW,DE,DE_LU,actual_offshore_wind_generation,Wind Offshore,2026-08-01T08:46:56Z
2026-08-01T08:44:53Z,2026-08-01T10:44:53+0200,ec999b8f-4b0e-4160-bee3-118ddd8c6904,2026-07-31T11:15:00Z,2026-07-31T13:15:00+0200,833.69,MW,DE,DE_LU,actual_offshore_wind_generation,Wind Offshore,2026-08-01T08:46:56Z
2026-08-01T08:44:53Z,2026-08-01T10:44:53+0200,ec999b8f-4b0e-4160-bee3-118ddd8c6904,2026-07-31T11:30:00Z,2026-07-31T13:30:00+0200,913.376,MW,DE,DE_LU,actual_offshore_wind_generation,Wind Offshore,2026-08-01T08:46:56Z
2026-08-01T08:44:53Z,2026-08-01T10:44:53+0200,ec999b8f-4b0e-4160-bee3-118ddd8c6904,2026-07-31T11:45:00Z,2026-07-31T13:45:00+0200,852.614,MW,DE,DE_LU,actual_offshore_wind_generation,Wind Offshore,2026-08-01T08:46:56Z
2026-08-01T08:44:53Z,2026-08-01T10:44:53+0200,ec999b8f-4b0e-4160-bee3-118ddd8c6904,2026-07-31T12:00:00Z,2026-07-31T14:00:00+0200,741.344,MW,DE,DE_LU,actual_offshore_wind_generation,Wind Offshore,2026-08-01T08:46:56Z
2026-08-01T08:44:53Z,2026-08-01T10:44:53+0200,ec999b8f-4b0e-4160-bee3-118ddd8c6904,2026-07-31T12:15:00Z,2026-07-31T14:15:00+0200,694.924,MW,DE,DE_LU,actual_offshore_wind_generation,Wind Offshore,2026-08-01T08:46:56Z
2026-08-01T08:44:53Z,2026-08-01T10:44:53+0200,ec999b8f-4b0e-4160-bee3-118ddd8c6904,2026-07-31T12:30:00Z,2026-07-31T14:30:00+0200,662.888,MW,DE,DE_LU,actual_offshore_wind_generation,Wind Offshore,2026-08-01T08:46:56Z
2026-08-01T08:44:53Z,2026-08-01T10:44:53+0200,ec999b8f-4b0e-4160-bee3-118ddd8c6904,2026-07-31T12:45:00Z,2026-07-31T14:45:00+0200,611.739,MW,DE,DE_LU,actual_offshore_wind_generation,Wind Offshore,2026-08-01T08:46:56Z
2026-08-01T08:44:53Z,2026-08-01T10:44:53+0200,ec999b8f-4b0e-4160-bee3-118ddd8c6904,2026-07-31T13:00:00Z,2026-07-31T15:00:00+0200,577.629,MW,DE,DE_LU,actual_offshore_wind_generation,Wind Offshore,2026-08-01T08:46:56Z
2026-08-01T08:44:53Z,2026-08-01T10:44:53+0200,ec999b8f-4b0e-4160-bee3-118ddd8c6904,2026-07-31T13:15:00Z,2026-07-31T15:15:00+0200,494.299,MW,DE,DE_LU,actual_offshore_wind_generation,Wind Offshore,2026-08-01T08:46:56Z
2026-08-01T08:44:53Z,2026-08-01T10:44:53+0200,ec999b8f-4b0e-4160-bee3-118ddd8c6904,2026-07-31T13:30:00Z,2026-07-31T15:30:00+0200,403.025,MW,DE,DE_LU,actual_offshore_wind_generation,Wind Offshore,2026-08-01T08:46:56Z
2026-08-01T08:44:53Z,2026-08-01T10:44:53+0200,ec999b8f-4b0e-4160-bee3-118ddd8c6904,2026-07-31T13:45:00Z,2026-07-31T15:45:00+0200,324.405,MW,DE,DE_LU,actual_offshore_wind_generation,Wind Offshore,2026-08-01T08:46:56Z
2026-08-01T08:44:53Z,2026-08-01T10:44:53+0200,ec999b8f-4b0e-4160-bee3-118ddd8c6904,2026-07-31T14:00:00Z,2026-07-31T16:00:00+0200,291.134,MW,DE,DE_LU,actual_offshore_wind_generation,Wind Offshore,2026-08-01T08:46:56Z
2026-08-01T08:44:53Z,2026-08-01T10:44:53+0200,ec999b8f-4b0e-4160-bee3-118ddd8c6904,2026-07-31T14:15:00Z,2026-07-31T16:15:00+0200,292.125,MW,DE,DE_LU,actual_offshore_wind_generation,Wind Offshore,2026-08-01T08:46:56Z
2026-08-01T08:44:53Z,2026-08-01T10:44:53+0200,ec999b8f-4b0e-4160-bee3-118ddd8c6904,2026-07-31T14:30:00Z,2026-07-31T16:30:00+0200,269.547,MW,DE,DE_LU,actual_offshore_wind_generation,Wind Offshore,2026-08-01T08:46:56Z
2026-08-01T08:44:53Z,2026-08-01T10:44:53+0200,ec999b8f-4b0e-4160-bee3-118ddd8c6904,2026-07-31T14:45:00Z,2026-07-31T16:45:00+0200,260.902,MW,DE,DE_LU,actual_offshore_wind_generation,Wind Offshore,2026-08-01T08:46:56Z
2026-08-01T08:44:53Z,2026-08-01T10:44:53+0200,ec999b8f-4b0e-4160-bee3-118ddd8c6904,2026-07-31T15:00:00Z,2026-07-31T17:00:00+0200,232.188,MW,DE,DE_LU,actual_offshore_wind_generation,Wind Offshore,2026-08-01T08:46:56Z
2026-08-01T08:44:53Z,2026-08-01T10:44:53+0200,ec999b8f-4b0e-4160-bee3-118ddd8c6904,2026-07-31T15:15:00Z,2026-07-31T17:15:00+0200,206.987,MW,DE,DE_LU,actual_offshore_wind_generation,Wind Offshore,2026-08-01T08:46:56Z
2026-08-01T08:44:53Z,2026-08-01T10:44:53+0200,ec999b8f-4b0e-4160-bee3-118ddd8c6904,2026-07-31T15:30:00Z,2026-07-31T17:30:00+0200,197.081,MW,DE,DE_LU,actual_offshore_wind_generation,Wind Offshore,2026-08-01T08:46:56Z
2026-08-01T08:44:53Z,2026-08-01T10:44:53+0200,ec999b8f-4b0e-4160-bee3-118ddd8c6904,2026-07-31T15:45:00Z,2026-07-31T17:45:00+0200,197.025,MW,DE,DE_LU,actual_offshore_wind_generation,Wind Offshore,2026-08-01T08:46:56Z
2026-08-01T08:44:53Z,2026-08-01T10:44:53+0200,ec999b8f-4b0e-4160-bee3-118ddd8c6904,2026-07-31T16:00:00Z,2026-07-31T18:00:00+0200,195.059,MW,DE,DE_LU,actual_offshore_wind_generation,Wind Offshore,2026-08-01T08:46:56Z
2026-08-01T08:44:53Z,2026-08-01T10:44:53+0200,ec999b8f-4b0e-4160-bee3-118ddd8c6904,2026-07-31T16:15:00Z,2026-07-31T18:15:00+0200,184.895,MW,DE,DE_LU,actual_offshore_wind_generation,Wind Offshore,2026-08-01T08:46:56Z
2026-08-01T08:44:53Z,2026-08-01T10:44:53+0200,ec999b8f-4b0e-4160-bee3-118ddd8c6904,2026-07-31T16:30:00Z,2026-07-31T18:30:00+0200,182.021,MW,DE,DE_LU,actual_offshore_wind_generation,Wind Offshore,2026-08-01T08:46:56Z
2026-08-01T08:44:53Z,2026-08-01T10:44:53+0200,ec999b8f-4b0e-4160-bee3-118ddd8c6904,2026-07-31T16:45:00Z,2026-07-31T18:45:00+0200,174.661,MW,DE,DE_LU,actual_offshore_wind_generation,Wind Offshore,2026-08-01T08:46:56Z
2026-08-01T08:44:53Z,2026-08-01T10:44:53+0200,ec999b8f-4b0e-4160-bee3-118ddd8c6904,2026-07-31T17:00:00Z,2026-07-31T19:00:00+0200,176.358,MW,DE,DE_LU,actual_offshore_wind_generation,Wind Offshore,2026-08-01T08:46:56Z
2026-08-01T08:44:53Z,2026-08-01T10:44:53+0200,ec999b8f-4b0e-4160-bee3-118ddd8c6904,2026-07-31T17:15:00Z,2026-07-31T19:15:00+0200,222.897,MW,DE,DE_LU,actual_offshore_wind_generation,Wind Offshore,2026-08-01T08:46:56Z
2026-08-01T08:44:53Z,2026-08-01T10:44:53+0200,ec999b8f-4b0e-4160-bee3-118ddd8c6904,2026-07-31T17:30:00Z,2026-07-31T19:30:00+0200,227.137,MW,DE,DE_LU,actual_offshore_wind_generation,Wind Offshore,2026-08-01T08:46:56Z
2026-08-01T08:44:53Z,2026-08-01T10:44:53+0200,ec999b8f-4b0e-4160-bee3-118ddd8c6904,2026-07-31T17:45:00Z,2026-07-31T19:45:00+0200,224.305,MW,DE,DE_LU,actual_offshore_wind_generation,Wind Offshore,2026-08-01T08:46:56Z
2026-08-01T08:44:53Z,2026-08-01T10:44:53+0200,ec999b8f-4b0e-4160-bee3-118ddd8c6904,2026-07-31T18:00:00Z,2026-07-31T20:00:00+0200,260.877,MW,DE,DE_LU,actual_offshore_wind_generation,Wind Offshore,2026-08-01T08:46:56Z
2026-08-01T08:44:53Z,2026-08-01T10:44:53+0200,ec999b8f-4b0e-4160-bee3-118ddd8c6904,2026-07-31T18:15:00Z,2026-07-31T20:15:00+0200,269.504,MW,DE,DE_LU,actual_offshore_wind_generation,Wind Offshore,2026-08-01T08:46:56Z
2026-08-01T08:44:53Z,2026-08-01T10:44:53+0200,ec999b8f-4b0e-4160-bee3-118ddd8c6904,2026-07-31T18:30:00Z,2026-07-31T20:30:00+0200,199.722,MW,DE,DE_LU,actual_offshore_wind_generation,Wind Offshore,2026-08-01T08:46:56Z
2026-08-01T08:44:53Z,2026-08-01T10:44:53+0200,ec999b8f-4b0e-4160-bee3-118ddd8c6904,2026-07-31T18:45:00Z,2026-07-31T20:45:00+0200,192.961,MW,DE,DE_LU,actual_offshore_wind_generation,Wind Offshore,2026-08-01T08:46:56Z
2026-08-01T08:44:53Z,2026-08-01T10:44:53+0200,ec999b8f-4b0e-4160-bee3-118ddd8c6904,2026-07-31T19:00:00Z,2026-07-31T21:00:00+0200,189.575,MW,DE,DE_LU,actual_offshore_wind_generation,Wind Offshore,2026-08-01T08:46:56Z
2026-08-01T08:44:53Z,2026-08-01T10:44:53+0200,ec999b8f-4b0e-4160-bee3-118ddd8c6904,2026-07-31T19:15:00Z,2026-07-31T21:15:00+0200,162.698,MW,DE,DE_LU,actual_offshore_wind_generation,Wind Offshore,2026-08-01T08:46:56Z
2026-08-01T08:44:53Z,2026-08-01T10:44:53+0200,ec999b8f-4b0e-4160-bee3-118ddd8c6904,2026-07-31T19:30:00Z,2026-07-31T21:30:00+0200,144.73,MW,DE,DE_LU,actual_offshore_wind_generation,Wind Offshore,2026-08-01T08:46:56Z
2026-08-01T08:44:53Z,2026-08-01T10:44:53+0200,ec999b8f-4b0e-4160-bee3-118ddd8c6904,2026-07-31T19:45:00Z,2026-07-31T21:45:00+0200,148.504,MW,DE,DE_LU,actual_offshore_wind_generation,Wind Offshore,2026-08-01T08:46:56Z
2026-08-01T08:44:53Z,2026-08-01T10:44:53+0200,ec999b8f-4b0e-4160-bee3-118ddd8c6904,2026-07-31T20:00:00Z,2026-07-31T22:00:00+0200,156.722,MW,DE,DE_LU,actual_offshore_wind_generation,Wind Offshore,2026-08-01T08:46:56Z
2026-08-01T08:44:53Z,2026-08-01T10:44:53+0200,ec999b8f-4b0e-4160-bee3-118ddd8c6904,2026-07-31T20:15:00Z,2026-07-31T22:15:00+0200,144.469,MW,DE,DE_LU,actual_offshore_wind_generation,Wind Offshore,2026-08-01T08:46:56Z
2026-08-01T08:44:53Z,2026-08-01T10:44:53+0200,ec999b8f-4b0e-4160-bee3-118ddd8c6904,2026-07-31T20:30:00Z,2026-07-31T22:30:00+0200,134.199,MW,DE,DE_LU,actual_offshore_wind_generation,Wind Offshore,2026-08-01T08:46:56Z
2026-08-01T08:44:53Z,2026-08-01T10:44:53+0200,ec999b8f-4b0e-4160-bee3-118ddd8c6904,2026-07-31T20:45:00Z,2026-07-31T22:45:00+0200,131.086,MW,DE,DE_LU,actual_offshore_wind_generation,Wind Offshore,2026-08-01T08:46:56Z
2026-08-01T08:44:53Z,2026-08-01T10:44:53+0200,ec999b8f-4b0e-4160-bee3-118ddd8c6904,2026-07-31T21:00:00Z,2026-07-31T23:00:00+0200,122.331,MW,DE,DE_LU,actual_offshore_wind_generation,Wind Offshore,2026-08-01T08:46:56Z
2026-08-01T08:44:53Z,2026-08-01T10:44:53+0200,ec999b8f-4b0e-4160-bee3-118ddd8c6904,2026-07-31T21:15:00Z,2026-07-31T23:15:00+0200,110.923,MW,DE,DE_LU,actual_offshore_wind_generation,Wind Offshore,2026-08-01T08:46:56Z
2026-08-01T08:44:53Z,2026-08-01T10:44:53+0200,ec999b8f-4b0e-4160-bee3-118ddd8c6904,2026-07-31T21:30:00Z,2026-07-31T23:30:00+0200,111.41,MW,DE,DE_LU,actual_offshore_wind_generation,Wind Offshore,2026-08-01T08:46:56Z
2026-08-01T08:44:53Z,2026-08-01T10:44:53+0200,ec999b8f-4b0e-4160-bee3-118ddd8c6904,2026-07-31T21:45:00Z,2026-07-31T23:45:00+0200,122.943,MW,DE,DE_LU,actual_offshore_wind_generation,Wind Offshore,2026-08-01T08:46:56Z
2026-08-01T08:44:53Z,2026-08-01T10:44:53+0200,ec999b8f-4b0e-4160-bee3-118ddd8c6904,2026-07-31T22:00:00Z,2026-08-01T00:00:00+0200,138.858,MW,DE,DE_LU,actual_offshore_wind_generation,Wind Offshore,2026-08-01T08:46:56Z
2026-08-01T08:44:53Z,2026-08-01T10:44:53+0200,ec999b8f-4b0e-4160-bee3-118ddd8c6904,2026-07-31T22:15:00Z,2026-08-01T00:15:00+0200,147.559,MW,DE,DE_LU,actual_offshore_wind_generation,Wind Offshore,2026-08-01T08:46:56Z
2026-08-01T08:44:53Z,2026-08-01T10:44:53+0200,ec999b8f-4b0e-4160-bee3-118ddd8c6904,2026-07-31T22:30:00Z,2026-08-01T00:30:00+0200,161.716,MW,DE,DE_LU,actual_offshore_wind_generation,Wind Offshore,2026-08-01T08:46:56Z
2026-08-01T08:44:53Z,2026-08-01T10:44:53+0200,ec999b8f-4b0e-4160-bee3-118ddd8c6904,2026-07-31T22:45:00Z,2026-08-01T00:45:00+0200,176.192,MW,DE,DE_LU,actual_offshore_wind_generation,Wind Offshore,2026-08-01T08:46:56Z
2026-08-01T08:44:53Z,2026-08-01T10:44:53+0200,ec999b8f-4b0e-4160-bee3-118ddd8c6904,2026-07-31T23:00:00Z,2026-08-01T01:00:00+0200,182.211,MW,DE,DE_LU,actual_offshore_wind_generation,Wind Offshore,2026-08-01T08:46:56Z
2026-08-01T08:44:53Z,2026-08-01T10:44:53+0200,ec999b8f-4b0e-4160-bee3-118ddd8c6904,2026-07-31T23:15:00Z,2026-08-01T01:15:00+0200,180.329,MW,DE,DE_LU,actual_offshore_wind_generation,Wind Offshore,2026-08-01T08:46:56Z
2026-08-01T08:44:53Z,2026-08-01T10:44:53+0200,ec999b8f-4b0e-4160-bee3-118ddd8c6904,2026-07-31T23:30:00Z,2026-08-01T01:30:00+0200,191.051,MW,DE,DE_LU,actual_offshore_wind_generation,Wind Offshore,2026-08-01T08:46:56Z
2026-08-01T08:44:53Z,2026-08-01T10:44:53+0200,ec999b8f-4b0e-4160-bee3-118ddd8c6904,2026-07-31T23:45:00Z,2026-08-01T01:45:00+0200,228.831,MW,DE,DE_LU,actual_offshore_wind_generation,Wind Offshore,2026-08-01T08:46:56Z
2026-08-01T08:44:53Z,2026-08-01T10:44:53+0200,ec999b8f-4b0e-4160-bee3-118ddd8c6904,2026-08-01T00:00:00Z,2026-08-01T02:00:00+0200,274.026,MW,DE,DE_LU,actual_offshore_wind_generation,Wind Offshore,2026-08-01T08:46:56Z
2026-08-01T08:44:53Z,2026-08-01T10:44:53+0200,ec999b8f-4b0e-4160-bee3-118ddd8c6904,2026-08-01T00:15:00Z,2026-08-01T02:15:00+0200,319.312,MW,DE,DE_LU,actual_offshore_wind_generation,Wind Offshore,2026-08-01T08:46:56Z
2026-08-01T08:44:53Z,2026-08-01T10:44:53+0200,ec999b8f-4b0e-4160-bee3-118ddd8c6904,2026-08-01T00:30:00Z,2026-08-01T02:30:00+0200,330.977,MW,DE,DE_LU,actual_offshore_wind_generation,Wind Offshore,2026-08-01T08:46:56Z
2026-08-01T08:44:53Z,2026-08-01T10:44:53+0200,ec999b8f-4b0e-4160-bee3-118ddd8c6904,2026-08-01T00:45:00Z,2026-08-01T02:45:00+0200,383.955,MW,DE,DE_LU,actual_offshore_wind_generation,Wind Offshore,2026-08-01T08:46:56Z
2026-08-01T08:44:53Z,2026-08-01T10:44:53+0200,ec999b8f-4b0e-4160-bee3-118ddd8c6904,2026-08-01T01:00:00Z,2026-08-01T03:00:00+0200,390.523,MW,DE,DE_LU,actual_offshore_wind_generation,Wind Offshore,2026-08-01T08:46:56Z
2026-08-01T08:44:53Z,2026-08-01T10:44:53+0200,ec999b8f-4b0e-4160-bee3-118ddd8c6904,2026-08-01T01:15:00Z,2026-08-01T03:15:00+0200,437.064,MW,DE,DE_LU,actual_offshore_wind_generation,Wind Offshore,2026-08-01T08:46:56Z
2026-08-01T08:44:53Z,2026-08-01T10:44:53+0200,ec999b8f-4b0e-4160-bee3-118ddd8c6904,2026-08-01T01:30:00Z,2026-08-01T03:30:00+0200,497.63,MW,DE,DE_LU,actual_offshore_wind_generation,Wind Offshore,2026-08-01T08:46:56Z
2026-08-01T08:44:53Z,2026-08-01T10:44:53+0200,ec999b8f-4b0e-4160-bee3-118ddd8c6904,2026-08-01T01:45:00Z,2026-08-01T03:45:00+0200,484.718,MW,DE,DE_LU,actual_offshore_wind_generation,Wind Offshore,2026-08-01T08:46:56Z
2026-08-01T08:44:53Z,2026-08-01T10:44:53+0200,ec999b8f-4b0e-4160-bee3-118ddd8c6904,2026-08-01T02:00:00Z,2026-08-01T04:00:00+0200,516.777,MW,DE,DE_LU,actual_offshore_wind_generation,Wind Offshore,2026-08-01T08:46:56Z
2026-08-01T08:44:53Z,2026-08-01T10:44:53+0200,ec999b8f-4b0e-4160-bee3-118ddd8c6904,2026-08-01T02:15:00Z,2026-08-01T04:15:00+0200,550.105,MW,DE,DE_LU,actual_offshore_wind_generation,Wind Offshore,2026-08-01T08:46:56Z
2026-08-01T08:44:53Z,2026-08-01T10:44:53+0200,ec999b8f-4b0e-4160-bee3-118ddd8c6904,2026-08-01T02:30:00Z,2026-08-01T04:30:00+0200,563.239,MW,DE,DE_LU,actual_offshore_wind_generation,Wind Offshore,2026-08-01T08:46:56Z
2026-08-01T08:44:53Z,2026-08-01T10:44:53+0200,ec999b8f-4b0e-4160-bee3-118ddd8c6904,2026-08-01T02:45:00Z,2026-08-01T04:45:00+0200,626.302,MW,DE,DE_LU,actual_offshore_wind_generation,Wind Offshore,2026-08-01T08:46:56Z
2026-08-01T08:44:53Z,2026-08-01T10:44:53+0200,ec999b8f-4b0e-4160-bee3-118ddd8c6904,2026-08-01T03:00:00Z,2026-08-01T05:00:00+0200,700.705,MW,DE,DE_LU,actual_offshore_wind_generation,Wind Offshore,2026-08-01T08:46:56Z
2026-08-01T08:44:53Z,2026-08-01T10:44:53+0200,ec999b8f-4b0e-4160-bee3-118ddd8c6904,2026-08-01T03:15:00Z,2026-08-01T05:15:00+0200,776.175,MW,DE,DE_LU,actual_offshore_wind_generation,Wind Offshore,2026-08-01T08:46:56Z
2026-08-01T08:44:53Z,2026-08-01T10:44:53+0200,ec999b8f-4b0e-4160-bee3-118ddd8c6904,2026-08-01T03:30:00Z,2026-08-01T05:30:00+0200,875.365,MW,DE,DE_LU,actual_offshore_wind_generation,Wind Offshore,2026-08-01T08:46:56Z
2026-08-01T08:44:53Z,2026-08-01T10:44:53+0200,ec999b8f-4b0e-4160-bee3-118ddd8c6904,2026-08-01T03:45:00Z,2026-08-01T05:45:00+0200,956.945,MW,DE,DE_LU,actual_offshore_wind_generation,Wind Offshore,2026-08-01T08:46:56Z
2026-08-01T08:44:53Z,2026-08-01T10:44:53+0200,ec999b8f-4b0e-4160-bee3-118ddd8c6904,2026-08-01T04:00:00Z,2026-08-01T06:00:00+0200,1067.281,MW,DE,DE_LU,actual_offshore_wind_generation,Wind Offshore,2026-08-01T08:46:56Z
2026-08-01T08:44:53Z,2026-08-01T10:44:53+0200,ec999b8f-4b0e-4160-bee3-118ddd8c6904,2026-08-01T04:15:00Z,2026-08-01T06:15:00+0200,1126.005,MW,DE,DE_LU,actual_offshore_wind_generation,Wind Offshore,2026-08-01T08:46:56Z
2026-08-01T08:44:53Z,2026-08-01T10:44:53+0200,ec999b8f-4b0e-4160-bee3-118ddd8c6904,2026-08-01T04:30:00Z,2026-08-01T06:30:00+0200,1077.348,MW,DE,DE_LU,actual_offshore_wind_generation,Wind Offshore,2026-08-01T08:46:56Z
2026-08-01T08:44:53Z,2026-08-01T10:44:53+0200,ec999b8f-4b0e-4160-bee3-118ddd8c6904,2026-08-01T04:45:00Z,2026-08-01T06:45:00+0200,1014.761,MW,DE,DE_LU,actual_offshore_wind_generation,Wind Offshore,2026-08-01T08:46:56Z
2026-08-01T08:44:53Z,2026-08-01T10:44:53+0200,ec999b8f-4b0e-4160-bee3-118ddd8c6904,2026-08-01T05:00:00Z,2026-08-01T07:00:00+0200,921.027,MW,DE,DE_LU,actual_offshore_wind_generation,Wind Offshore,2026-08-01T08:46:56Z
2026-08-01T08:44:53Z,2026-08-01T10:44:53+0200,ec999b8f-4b0e-4160-bee3-118ddd8c6904,2026-08-01T05:15:00Z,2026-08-01T07:15:00+0200,854.776,MW,DE,DE_LU,actual_offshore_wind_generation,Wind Offshore,2026-08-01T08:46:56Z
2026-08-01T08:44:53Z,2026-08-01T10:44:53+0200,ec999b8f-4b0e-4160-bee3-118ddd8c6904,2026-08-01T05:30:00Z,2026-08-01T07:30:00+0200,811.846,MW,DE,DE_LU,actual_offshore_wind_generation,Wind Offshore,2026-08-01T08:46:56Z
2026-08-01T08:44:53Z,2026-08-01T10:44:53+0200,ec999b8f-4b0e-4160-bee3-118ddd8c6904,2026-08-01T05:45:00Z,2026-08-01T07:45:00+0200,782.872,MW,DE,DE_LU,actual_offshore_wind_generation,Wind Offshore,2026-08-01T08:46:56Z
2026-08-01T08:44:53Z,2026-08-01T10:44:53+0200,ec999b8f-4b0e-4160-bee3-118ddd8c6904,2026-08-01T06:00:00Z,2026-08-01T08:00:00+0200,719.737,MW,DE,DE_LU,actual_offshore_wind_generation,Wind Offshore,2026-08-01T08:46:56Z
2026-08-01T08:44:53Z,2026-08-01T10:44:53+0200,ec999b8f-4b0e-4160-bee3-118ddd8c6904,2026-08-01T06:15:00Z,2026-08-01T08:15:00+0200,615.808,MW,DE,DE_LU,actual_offshore_wind_generation,Wind Offshore,2026-08-01T08:46:56Z
2026-08-01T08:44:53Z,2026-08-01T10:44:53+0200,ec999b8f-4b0e-4160-bee3-118ddd8c6904,2026-08-01T06:30:00Z,2026-08-01T08:30:00+0200,543.785,MW,DE,DE_LU,actual_offshore_wind_generation,Wind Offshore,2026-08-01T08:46:56Z
2026-08-01T08:44:53Z,2026-08-01T10:44:53+0200,ec999b8f-4b0e-4160-bee3-118ddd8c6904,2026-08-01T06:45:00Z,2026-08-01T08:45:00+0200,486.422,MW,DE,DE_LU,actual_offshore_wind_generation,Wind Offshore,2026-08-01T08:46:56Z
2026-08-01T08:44:53Z,2026-08-01T10:44:53+0200,ec999b8f-4b0e-4160-bee3-118ddd8c6904,2026-08-01T07:00:00Z,2026-08-01T09:00:00+0200,455.947,MW,DE,DE_LU,actual_offshore_wind_generation,Wind Offshore,2026-08-01T08:46:56Z
2026-08-01T08:44:53Z,2026-08-01T10:44:53+0200,ec999b8f-4b0e-4160-bee3-118ddd8c6904,2026-08-01T07:15:00Z,2026-08-01T09:15:00+0200,392.058,MW,DE,DE_LU,actual_offshore_wind_generation,Wind Offshore,2026-08-01T08:46:56Z
2026-08-01T08:44:53Z,2026-08-01T10:44:53+0200,ec999b8f-4b0e-4160-bee3-118ddd8c6904,2026-08-01T07:30:00Z,2026-08-01T09:30:00+0200,348.59,MW,DE,DE_LU,actual_offshore_wind_generation,Wind Offshore,2026-08-01T08:46:56Z
2026-08-01T08:44:53Z,2026-08-01T10:44:53+0200,ec999b8f-4b0e-4160-bee3-118ddd8c6904,2026-08-01T07:45:00Z,2026-08-01T09:45:00+0200,330.871,MW,DE,DE_LU,actual_offshore_wind_generation,Wind Offshore,2026-08-01T08:46:56Z
2026-08-01T08:44:53Z,2026-08-01T10:44:53+0200,ec999b8f-4b0e-4160-bee3-118ddd8c6904,2026-08-01T08:00:00Z,2026-08-01T10:00:00+0200,318.171,MW,DE,DE_LU,actual_offshore_wind_generation,Wind Offshore,2026-08-01T08:46:56Z
