collection_time_utc,collection_time_local,run_id,timestamp_utc,timestamp_local,value,unit,country,entsoe_area,variable,source,updated_at_utc
2026-09-05T13:13:37Z,2026-09-05T15:13:37+0200,f4a4df33-2f11-42fa-9163-dab973f5a049,2026-08-29T13:15:00Z,2026-08-29T15:15:00+0200,232.0,MW,DK2,DK_2,forecast_onshore_wind_generation,Wind Onshore,2026-09-05T13:14:58Z
2026-09-05T13:13:37Z,2026-09-05T15:13:37+0200,f4a4df33-2f11-42fa-9163-dab973f5a049,2026-08-29T13:30:00Z,2026-08-29T15:30:00+0200,228.5,MW,DK2,DK_2,forecast_onshore_wind_generation,Wind Onshore,2026-09-05T13:14:58Z
2026-09-05T13:13:37Z,2026-09-05T15:13:37+0200,f4a4df33-2f11-42fa-9163-dab973f5a049,2026-08-29T13:45:00Z,2026-08-29T15:45:00+0200,245.166666,MW,DK2,DK_2,forecast_onshore_wind_generation,Wind Onshore,2026-09-05T13:14:58Z
2026-09-05T13:13:37Z,2026-09-05T15:13:37+0200,f4a4df33-2f11-42fa-9163-dab973f5a049,2026-08-29T14:00:00Z,2026-08-29T16:00:00+0200,258.166666,MW,DK2,DK_2,forecast_onshore_wind_generation,Wind Onshore,2026-09-05T13:14:58Z
2026-09-05T13:13:37Z,2026-09-05T15:13:37+0200,f4a4df33-2f11-42fa-9163-dab973f5a049,2026-08-29T14:15:00Z,2026-08-29T16:15:00+0200,264.5,MW,DK2,DK_2,forecast_onshore_wind_generation,Wind Onshore,2026-09-05T13:14:58Z
2026-09-05T13:13:37Z,2026-09-05T15:13:37+0200,f4a4df33-2f11-42fa-9163-dab973f5a049,2026-08-29T14:30:00Z,2026-08-29T16:30:00+0200,285.666666,MW,DK2,DK_2,forecast_onshore_wind_generation,Wind Onshore,2026-09-05T13:14:58Z
2026-09-05T13:13:37Z,2026-09-05T15:13:37+0200,f4a4df33-2f11-42fa-9163-dab973f5a049,2026-08-29T14:45:00Z,2026-08-29T16:45:00+0200,278.833333,MW,DK2,DK_2,forecast_onshore_wind_generation,Wind Onshore,2026-09-05T13:14:58Z
2026-09-05T13:13:37Z,2026-09-05T15:13:37+0200,f4a4df33-2f11-42fa-9163-dab973f5a049,2026-08-29T15:00:00Z,2026-08-29T17:00:00+0200,274.833333,MW,DK2,DK_2,forecast_onshore_wind_generation,Wind Onshore,2026-09-05T13:14:58Z
2026-09-05T13:13:37Z,2026-09-05T15:13:37+0200,f4a4df33-2f11-42fa-9163-dab973f5a049,2026-08-29T15:15:00Z,2026-08-29T17:15:00+0200,266.666666,MW,DK2,DK_2,forecast_onshore_wind_generation,Wind Onshore,2026-09-05T13:14:58Z
2026-09-05T13:13:37Z,2026-09-05T15:13:37+0200,f4a4df33-2f11-42fa-9163-dab973f5a049,2026-08-29T15:30:00Z,2026-08-29T17:30:00+0200,258.833333,MW,DK2,DK_2,forecast_onshore_wind_generation,Wind Onshore,2026-09-05T13:14:58Z
2026-09-05T13:13:37Z,2026-09-05T15:13:37+0200,f4a4df33-2f11-42fa-9163-dab973f5a049,2026-08-29T15:45:00Z,2026-08-29T17:45:00+0200,251.833333,MW,DK2,DK_2,forecast_onshore_wind_generation,Wind Onshore,2026-09-05T13:14:58Z
2026-09-05T13:13:37Z,2026-09-05T15:13:37+0200,f4a4df33-2f11-42fa-9163-dab973f5a049,2026-08-29T16:00:00Z,2026-08-29T18:00:00+0200,242.0,MW,DK2,DK_2,forecast_onshore_wind_generation,Wind Onshore,2026-09-05T13:14:58Z
2026-09-05T13:13:37Z,2026-09-05T15:13:37+0200,f4a4df33-2f11-42fa-9163-dab973f5a049,2026-08-29T16:15:00Z,2026-08-29T18:15:00+0200,228.5,MW,DK2,DK_2,forecast_onshore_wind_generation,Wind Onshore,2026-09-05T13:14:58Z
2026-09-05T13:13:37Z,2026-09-05T15:13:37+0200,f4a4df33-2f11-42fa-9163-dab973f5a049,2026-08-29T16:30:00Z,2026-08-29T18:30:00+0200,213.666666,MW,DK2,DK_2,forecast_onshore_wind_generation,Wind Onshore,2026-09-05T13:14:58Z
2026-09-05T13:13:37Z,2026-09-05T15:13:37+0200,f4a4df33-2f11-42fa-9163-dab973f5a049,2026-08-29T16:45:00Z,2026-08-29T18:45:00+0200,200.0,MW,DK2,DK_2,forecast_onshore_wind_generation,Wind Onshore,2026-09-05T13:14:58Z
2026-09-05T13:13:37Z,2026-09-05T15:13:37+0200,f4a4df33-2f11-42fa-9163-dab973f5a049,2026-08-29T17:00:00Z,2026-08-29T19:00:00+0200,185.333333,MW,DK2,DK_2,forecast_onshore_wind_generation,Wind Onshore,2026-09-05T13:14:58Z
2026-09-05T13:13:37Z,2026-09-05T15:13:37+0200,f4a4df33-2f11-42fa-9163-dab973f5a049,2026-08-29T17:15:00Z,2026-08-29T19:15:00+0200,169.0,MW,DK2,DK_2,forecast_onshore_wind_generation,Wind Onshore,2026-09-05T13:14:58Z
2026-09-05T13:13:37Z,2026-09-05T15:13:37+0200,f4a4df33-2f11-42fa-9163-dab973f5a049,2026-08-29T17:30:00Z,2026-08-29T19:30:00+0200,154.166666,MW,DK2,DK_2,forecast_onshore_wind_generation,Wind Onshore,2026-09-05T13:14:58Z
2026-09-05T13:13:37Z,2026-09-05T15:13:37+0200,f4a4df33-2f11-42fa-9163-dab973f5a049,2026-08-29T17:45:00Z,2026-08-29T19:45:00+0200,144.833333,MW,DK2,DK_2,forecast_onshore_wind_generation,Wind Onshore,2026-09-05T13:14:58Z
2026-09-05T13:13:37Z,2026-09-05T15:13:37+0200,f4a4df33-2f11-42fa-9163-dab973f5a049,2026-08-29T18:00:00Z,2026-08-29T20:00:00+0200,142.333333,MW,DK2,DK_2,forecast_onshore_wind_generation,Wind Onshore,2026-09-05T13:14:58Z
2026-09-05T13:13:37Z,2026-09-05T15:13:37+0200,f4a4df33-2f11-42fa-9163-dab973f5a049,2026-08-29T18:15:00Z,2026-08-29T20:15:00+0200,142.833333,MW,DK2,DK_2,forecast_onshore_wind_generation,Wind Onshore,2026-09-05T13:14:58Z
2026-09-05T13:13:37Z,2026-09-05T15:13:37+0200,f4a4df33-2f11-42fa-9163-dab973f5a049,2026-08-29T18:30:00Z,2026-08-29T20:30:00+0200,140.5,MW,DK2,DK_2,forecast_onshore_wind_generation,Wind Onshore,2026-09-05T13:14:58Z
2026-09-05T13:13:37Z,2026-09-05T15:13:37+0200,f4a4df33-2f11-42fa-9163-dab973f5a049,2026-08-29T18:45:00Z,2026-08-29T20:45:00+0200,138.833333,MW,DK2,DK_2,forecast_onshore_wind_generation,Wind Onshore,2026-09-05T13:14:58Z
2026-09-05T13:13:37Z,2026-09-05T15:13:37+0200,f4a4df33-2f11-42fa-9163-dab973f5a049,2026-08-29T19:00:00Z,2026-08-29T21:00:00+0200,137.166666,MW,DK2,DK_2,forecast_onshore_wind_generation,Wind Onshore,2026-09-05T13:14:58Z
2026-09-05T13:13:37Z,2026-09-05T15:13:37+0200,f4a4df33-2f11-42fa-9163-dab973f5a049,2026-08-29T19:15:00Z,2026-08-29T21:15:00+0200,133.333333,MW,DK2,DK_2,forecast_onshore_wind_generation,Wind Onshore,2026-09-05T13:14:58Z
2026-09-05T13:13:37Z,2026-09-05T15:13:37+0200,f4a4df33-2f11-42fa-9163-dab973f5a049,2026-08-29T19:30:00Z,2026-08-29T21:30:00+0200,130.5,MW,DK2,DK_2,forecast_onshore_wind_generation,Wind Onshore,2026-09-05T13:14:58Z
2026-09-05T13:13:37Z,2026-09-05T15:13:37+0200,f4a4df33-2f11-42fa-9163-dab973f5a049,2026-08-29T19:45:00Z,2026-08-29T21:45:00+0200,130.0,MW,DK2,DK_2,forecast_onshore_wind_generation,Wind Onshore,2026-09-05T13:14:58Z
2026-09-05T13:13:37Z,2026-09-05T15:13:37+0200,f4a4df33-2f11-42fa-9163-dab973f5a049,2026-08-29T20:00:00Z,2026-08-29T22:00:00+0200,130.0,MW,DK2,DK_2,forecast_onshore_wind_generation,Wind Onshore,2026-09-05T13:14:58Z
2026-09-05T13:13:37Z,2026-09-05T15:13:37+0200,f4a4df33-2f11-42fa-9163-dab973f5a049,2026-08-29T20:15:00Z,2026-08-29T22:15:00+0200,128.666666,MW,DK2,DK_2,forecast_onshore_wind_generation,Wind Onshore,2026-09-05T13:14:58Z
2026-09-05T13:13:37Z,2026-09-05T15:13:37+0200,f4a4df33-2f11-42fa-9163-dab973f5a049,2026-08-29T20:30:00Z,2026-08-29T22:30:00+0200,127.0,MW,DK2,DK_2,forecast_onshore_wind_generation,Wind Onshore,2026-09-05T13:14:58Z
2026-09-05T13:13:37Z,2026-09-05T15:13:37+0200,f4a4df33-2f11-42fa-9163-dab973f5a049,2026-08-29T20:45:00Z,2026-08-29T22:45:00+0200,125.333333,MW,DK2,DK_2,forecast_onshore_wind_generation,Wind Onshore,2026-09-05T13:14:58Z
2026-09-05T13:13:37Z,2026-09-05T15:13:37+0200,f4a4df33-2f11-42fa-9163-dab973f5a049,2026-08-29T21:00:00Z,2026-08-29T23:00:00+0200,121.0,MW,DK2,DK_2,forecast_onshore_wind_generation,Wind Onshore,2026-09-05T13:14:58Z
2026-09-05T13:13:37Z,2026-09-05T15:13:37+0200,f4a4df33-2f11-42fa-9163-dab973f5a049,2026-08-29T21:15:00Z,2026-08-29T23:15:00+0200,114.833333,MW,DK2,DK_2,forecast_onshore_wind_generation,Wind Onshore,2026-09-05T13:14:58Z
2026-09-05T13:13:37Z,2026-09-05T15:13:37+0200,f4a4df33-2f11-42fa-9163-dab973f5a049,2026-08-29T21:30:00Z,2026-08-29T23:30:00+0200,108.5,MW,DK2,DK_2,forecast_onshore_wind_generation,Wind Onshore,2026-09-05T13:14:58Z
2026-09-05T13:13:37Z,2026-09-05T15:13:37+0200,f4a4df33-2f11-42fa-9163-dab973f5a049,2026-08-29T21:45:00Z,2026-08-29T23:45:00+0200,104.166666,MW,DK2,DK_2,forecast_onshore_wind_generation,Wind Onshore,2026-09-05T13:14:58Z
2026-09-05T13:13:37Z,2026-09-05T15:13:37+0200,f4a4df33-2f11-42fa-9163-dab973f5a049,2026-08-29T22:00:00Z,2026-08-30T00:00:00+0200,82.0,MW,DK2,DK_2,forecast_onshore_wind_generation,Wind Onshore,2026-09-05T13:14:58Z
2026-09-05T13:13:37Z,2026-09-05T15:13:37+0200,f4a4df33-2f11-42fa-9163-dab973f5a049,2026-08-29T22:15:00Z,2026-08-30T00:15:00+0200,81.5,MW,DK2,DK_2,forecast_onshore_wind_generation,Wind Onshore,2026-09-05T13:14:58Z
2026-09-05T13:13:37Z,2026-09-05T15:13:37+0200,f4a4df33-2f11-42fa-9163-dab973f5a049,2026-08-29T22:30:00Z,2026-08-30T00:30:00+0200,83.666666,MW,DK2,DK_2,forecast_onshore_wind_generation,Wind Onshore,2026-09-05T13:14:58Z
2026-09-05T13:13:37Z,2026-09-05T15:13:37+0200,f4a4df33-2f11-42fa-9163-dab973f5a049,2026-08-29T22:45:00Z,2026-08-30T00:45:00+0200,86.833333,MW,DK2,DK_2,forecast_onshore_wind_generation,Wind Onshore,2026-09-05T13:14:58Z
2026-09-05T13:13:37Z,2026-09-05T15:13:37+0200,f4a4df33-2f11-42fa-9163-dab973f5a049,2026-08-29T23:00:00Z,2026-08-30T01:00:00+0200,87.666666,MW,DK2,DK_2,forecast_onshore_wind_generation,Wind Onshore,2026-09-05T13:14:58Z
2026-09-05T13:13:37Z,2026-09-05T15:13:37+0200,f4a4df33-2f11-42fa-9163-dab973f5a049,2026-08-29T23:15:00Z,2026-08-30T01:15:00+0200,87.0,MW,DK2,DK_2,forecast_onshore_wind_generation,Wind Onshore,2026-09-05T13:14:58Z
2026-09-05T13:13:37Z,2026-09-05T15:13:37+0200,f4a4df33-2f11-42fa-9163-dab973f5a049,2026-08-29T23:30:00Z,2026-08-30T01:30:00+0200,87.166666,MW,DK2,DK_2,forecast_onshore_wind_generation,Wind Onshore,2026-09-05T13:14:58Z
2026-09-05T13:13:37Z,2026-09-05T15:13:37+0200,f4a4df33-2f11-42fa-9163-dab973f5a049,2026-08-29T23:45:00Z,2026-08-30T01:45:00+0200,88.0,MW,DK2,DK_2,forecast_onshore_wind_generation,Wind Onshore,2026-09-05T13:14:58Z
2026-09-05T13:13:37Z,2026-09-05T15:13:37+0200,f4a4df33-2f11-42fa-9163-dab973f5a049,2026-08-30T00:00:00Z,2026-08-30T02:00:00+0200,89.0,MW,DK2,DK_2,forecast_onshore_wind_generation,Wind Onshore,2026-09-05T13:14:58Z
2026-09-05T13:13:37Z,2026-09-05T15:13:37+0200,f4a4df33-2f11-42fa-9163-dab973f5a049,2026-08-30T00:15:00Z,2026-08-30T02:15:00+0200,91.5,MW,DK2,DK_2,forecast_onshore_wind_generation,Wind Onshore,2026-09-05T13:14:58Z
2026-09-05T13:13:37Z,2026-09-05T15:13:37+0200,f4a4df33-2f11-42fa-9163-dab973f5a049,2026-08-30T00:30:00Z,2026-08-30T02:30:00+0200,95.0,MW,DK2,DK_2,forecast_onshore_wind_generation,Wind Onshore,2026-09-05T13:14:58Z
2026-09-05T13:13:37Z,2026-09-05T15:13:37+0200,f4a4df33-2f11-42fa-9163-dab973f5a049,2026-08-30T00:45:00Z,2026-08-30T02:45:00+0200,98.5,MW,DK2,DK_2,forecast_onshore_wind_generation,Wind Onshore,2026-09-05T13:14:58Z
2026-09-05T13:13:37Z,2026-09-05T15:13:37+0200,f4a4df33-2f11-42fa-9163-dab973f5a049,2026-08-30T01:00:00Z,2026-08-30T03:00:00+0200,102.5,MW,DK2,DK_2,forecast_onshore_wind_generation,Wind Onshore,2026-09-05T13:14:58Z
2026-09-05T13:13:37Z,2026-09-05T15:13:37+0200,f4a4df33-2f11-42fa-9163-dab973f5a049,2026-08-30T01:15:00Z,2026-08-30T03:15:00+0200,107.166666,MW,DK2,DK_2,forecast_onshore_wind_generation,Wind Onshore,2026-09-05T13:14:58Z
2026-09-05T13:13:37Z,2026-09-05T15:13:37+0200,f4a4df33-2f11-42fa-9163-dab973f5a049,2026-08-30T01:30:00Z,2026-08-30T03:30:00+0200,113.0,MW,DK2,DK_2,forecast_onshore_wind_generation,Wind Onshore,2026-09-05T13:14:58Z
2026-09-05T13:13:37Z,2026-09-05T15:13:37+0200,f4a4df33-2f11-42fa-9163-dab973f5a049,2026-08-30T01:45:00Z,2026-08-30T03:45:00+0200,119.166666,MW,DK2,DK_2,forecast_onshore_wind_generation,Wind Onshore,2026-09-05T13:14:58Z
2026-09-05T13:13:37Z,2026-09-05T15:13:37+0200,f4a4df33-2f11-42fa-9163-dab973f5a049,2026-08-30T02:00:00Z,2026-08-30T04:00:00+0200,127.166666,MW,DK2,DK_2,forecast_onshore_wind_generation,Wind Onshore,2026-09-05T13:14:58Z
2026-09-05T13:13:37Z,2026-09-05T15:13:37+0200,f4a4df33-2f11-42fa-9163-dab973f5a049,2026-08-30T02:15:00Z,2026-08-30T04:15:00+0200,138.0,MW,DK2,DK_2,forecast_onshore_wind_generation,Wind Onshore,2026-09-05T13:14:58Z
2026-09-05T13:13:37Z,2026-09-05T15:13:37+0200,f4a4df33-2f11-42fa-9163-dab973f5a049,2026-08-30T02:30:00Z,2026-08-30T04:30:00+0200,149.0,MW,DK2,DK_2,forecast_onshore_wind_generation,Wind Onshore,2026-09-05T13:14:58Z
2026-09-05T13:13:37Z,2026-09-05T15:13:37+0200,f4a4df33-2f11-42fa-9163-dab973f5a049,2026-08-30T02:45:00Z,2026-08-30T04:45:00+0200,158.333333,MW,DK2,DK_2,forecast_onshore_wind_generation,Wind Onshore,2026-09-05T13:14:58Z
2026-09-05T13:13:37Z,2026-09-05T15:13:37+0200,f4a4df33-2f11-42fa-9163-dab973f5a049,2026-08-30T03:00:00Z,2026-08-30T05:00:00+0200,165.0,MW,DK2,DK_2,forecast_onshore_wind_generation,Wind Onshore,2026-09-05T13:14:58Z
2026-09-05T13:13:37Z,2026-09-05T15:13:37+0200,f4a4df33-2f11-42fa-9163-dab973f5a049,2026-08-30T03:15:00Z,2026-08-30T05:15:00+0200,171.666666,MW,DK2,DK_2,forecast_onshore_wind_generation,Wind Onshore,2026-09-05T13:14:58Z
2026-09-05T13:13:37Z,2026-09-05T15:13:37+0200,f4a4df33-2f11-42fa-9163-dab973f5a049,2026-08-30T03:30:00Z,2026-08-30T05:30:00+0200,181.5,MW,DK2,DK_2,forecast_onshore_wind_generation,Wind Onshore,2026-09-05T13:14:58Z
2026-09-05T13:13:37Z,2026-09-05T15:13:37+0200,f4a4df33-2f11-42fa-9163-dab973f5a049,2026-08-30T03:45:00Z,2026-08-30T05:45:00+0200,192.166666,MW,DK2,DK_2,forecast_onshore_wind_generation,Wind Onshore,2026-09-05T13:14:58Z
2026-09-05T13:13:37Z,2026-09-05T15:13:37+0200,f4a4df33-2f11-42fa-9163-dab973f5a049,2026-08-30T04:00:00Z,2026-08-30T06:00:00+0200,204.833333,MW,DK2,DK_2,forecast_onshore_wind_generation,Wind Onshore,2026-09-05T13:14:58Z
2026-09-05T13:13:37Z,2026-09-05T15:13:37+0200,f4a4df33-2f11-42fa-9163-dab973f5a049,2026-08-30T04:15:00Z,2026-08-30T06:15:00+0200,216.166666,MW,DK2,DK_2,forecast_onshore_wind_generation,Wind Onshore,2026-09-05T13:14:58Z
2026-09-05T13:13:37Z,2026-09-05T15:13:37+0200,f4a4df33-2f11-42fa-9163-dab973f5a049,2026-08-30T04:30:00Z,2026-08-30T06:30:00+0200,223.0,MW,DK2,DK_2,forecast_onshore_wind_generation,Wind Onshore,2026-09-05T13:14:58Z
2026-09-05T13:13:37Z,2026-09-05T15:13:37+0200,f4a4df33-2f11-42fa-9163-dab973f5a049,2026-08-30T04:45:00Z,2026-08-30T06:45:00+0200,228.333333,MW,DK2,DK_2,forecast_onshore_wind_generation,Wind Onshore,2026-09-05T13:14:58Z
2026-09-05T13:13:37Z,2026-09-05T15:13:37+0200,f4a4df33-2f11-42fa-9163-dab973f5a049,2026-08-30T05:00:00Z,2026-08-30T07:00:00+0200,230.5,MW,DK2,DK_2,forecast_onshore_wind_generation,Wind Onshore,2026-09-05T13:14:58Z
2026-09-05T13:13:37Z,2026-09-05T15:13:37+0200,f4a4df33-2f11-42fa-9163-dab973f5a049,2026-08-30T05:15:00Z,2026-08-30T07:15:00+0200,231.0,MW,DK2,DK_2,forecast_onshore_wind_generation,Wind Onshore,2026-09-05T13:14:58Z
2026-09-05T13:13:37Z,2026-09-05T15:13:37+0200,f4a4df33-2f11-42fa-9163-dab973f5a049,2026-08-30T05:30:00Z,2026-08-30T07:30:00+0200,230.5,MW,DK2,DK_2,forecast_onshore_wind_generation,Wind Onshore,2026-09-05T13:14:58Z
2026-09-05T13:13:37Z,2026-09-05T15:13:37+0200,f4a4df33-2f11-42fa-9163-dab973f5a049,2026-08-30T05:45:00Z,2026-08-30T07:45:00+0200,228.5,MW,DK2,DK_2,forecast_onshore_wind_generation,Wind Onshore,2026-09-05T13:14:58Z
2026-09-05T13:13:37Z,2026-09-05T15:13:37+0200,f4a4df33-2f11-42fa-9163-dab973f5a049,2026-08-30T06:00:00Z,2026-08-30T08:00:00+0200,228.0,MW,DK2,DK_2,forecast_onshore_wind_generation,Wind Onshore,2026-09-05T13:14:58Z
2026-09-05T13:13:37Z,2026-09-05T15:13:37+0200,f4a4df33-2f11-42fa-9163-dab973f5a049,2026-08-30T06:15:00Z,2026-08-30T08:15:00+0200,229.166666,MW,DK2,DK_2,forecast_onshore_wind_generation,Wind Onshore,2026-09-05T13:14:58Z
2026-09-05T13:13:37Z,2026-09-05T15:13:37+0200,f4a4df33-2f11-42fa-9163-dab973f5a049,2026-08-30T06:30:00Z,2026-08-30T08:30:00+0200,233.166666,MW,DK2,DK_2,forecast_onshore_wind_generation,Wind Onshore,2026-09-05T13:14:58Z
2026-09-05T13:13:37Z,2026-09-05T15:13:37+0200,f4a4df33-2f11-42fa-9163-dab973f5a049,2026-08-30T06:45:00Z,2026-08-30T08:45:00+0200,244.333333,MW,DK2,DK_2,forecast_onshore_wind_generation,Wind Onshore,2026-09-05T13:14:58Z
2026-09-05T13:13:37Z,2026-09-05T15:13:37+0200,f4a4df33-2f11-42fa-9163-dab973f5a049,2026-08-30T07:00:00Z,2026-08-30T09:00:00+0200,263.166666,MW,DK2,DK_2,forecast_onshore_wind_generation,Wind Onshore,2026-09-05T13:14:58Z
2026-09-05T13:13:37Z,2026-09-05T15:13:37+0200,f4a4df33-2f11-42fa-9163-dab973f5a049,2026-08-30T07:15:00Z,2026-08-30T09:15:00+0200,277.166666,MW,DK2,DK_2,forecast_onshore_wind_generation,Wind Onshore,2026-09-05T13:14:58Z
2026-09-05T13:13:37Z,2026-09-05T15:13:37+0200,f4a4df33-2f11-42fa-9163-dab973f5a049,2026-08-30T07:30:00Z,2026-08-30T09:30:00+0200,288.833333,MW,DK2,DK_2,forecast_onshore_wind_generation,Wind Onshore,2026-09-05T13:14:58Z
2026-09-05T13:13:37Z,2026-09-05T15:13:37+0200,f4a4df33-2f11-42fa-9163-dab973f5a049,2026-08-30T07:45:00Z,2026-08-30T09:45:00+0200,299.0,MW,DK2,DK_2,forecast_onshore_wind_generation,Wind Onshore,2026-09-05T13:14:58Z
2026-09-05T13:13:37Z,2026-09-05T15:13:37+0200,f4a4df33-2f11-42fa-9163-dab973f5a049,2026-08-30T08:00:00Z,2026-08-30T10:00:00+0200,310.166666,MW,DK2,DK_2,forecast_onshore_wind_generation,Wind Onshore,2026-09-05T13:14:58Z
2026-09-05T13:13:37Z,2026-09-05T15:13:37+0200,f4a4df33-2f11-42fa-9163-dab973f5a049,2026-08-30T08:15:00Z,2026-08-30T10:15:00+0200,318.5,MW,DK2,DK_2,forecast_onshore_wind_generation,Wind Onshore,2026-09-05T13:14:58Z
2026-09-05T13:13:37Z,2026-09-05T15:13:37+0200,f4a4df33-2f11-42fa-9163-dab973f5a049,2026-08-30T08:30:00Z,2026-08-30T10:30:00+0200,321.666666,MW,DK2,DK_2,forecast_onshore_wind_generation,Wind Onshore,2026-09-05T13:14:58Z
2026-09-05T13:13:37Z,2026-09-05T15:13:37+0200,f4a4df33-2f11-42fa-9163-dab973f5a049,2026-08-30T08:45:00Z,2026-08-30T10:45:00+0200,327.0,MW,DK2,DK_2,forecast_onshore_wind_generation,Wind Onshore,2026-09-05T13:14:58Z
2026-09-05T13:13:37Z,2026-09-05T15:13:37+0200,f4a4df33-2f11-42fa-9163-dab973f5a049,2026-08-30T09:00:00Z,2026-08-30T11:00:00+0200,334.0,MW,DK2,DK_2,forecast_onshore_wind_generation,Wind Onshore,2026-09-05T13:14:58Z
2026-09-05T13:13:37Z,2026-09-05T15:13:37+0200,f4a4df33-2f11-42fa-9163-dab973f5a049,2026-08-30T09:15:00Z,2026-08-30T11:15:00+0200,342.5,MW,DK2,DK_2,forecast_onshore_wind_generation,Wind Onshore,2026-09-05T13:14:58Z
2026-09-05T13:13:37Z,2026-09-05T15:13:37+0200,f4a4df33-2f11-42fa-9163-dab973f5a049,2026-08-30T09:30:00Z,2026-08-30T11:30:00+0200,352.333333,MW,DK2,DK_2,forecast_onshore_wind_generation,Wind Onshore,2026-09-05T13:14:58Z
2026-09-05T13:13:37Z,2026-09-05T15:13:37+0200,f4a4df33-2f11-42fa-9163-dab973f5a049,2026-08-30T09:45:00Z,2026-08-30T11:45:00+0200,362.666666,MW,DK2,DK_2,forecast_onshore_wind_generation,Wind Onshore,2026-09-05T13:14:58Z
2026-09-05T13:13:37Z,2026-09-05T15:13:37+0200,f4a4df33-2f11-42fa-9163-dab973f5a049,2026-08-30T10:00:00Z,2026-08-30T12:00:00+0200,371.333333,MW,DK2,DK_2,forecast_onshore_wind_generation,Wind Onshore,2026-09-05T13:14:58Z
2026-09-05T13:13:37Z,2026-09-05T15:13:37+0200,f4a4df33-2f11-42fa-9163-dab973f5a049,2026-08-30T10:15:00Z,2026-08-30T12:15:00+0200,379.333333,MW,DK2,DK_2,forecast_onshore_wind_generation,Wind Onshore,2026-09-05T13:14:58Z
2026-09-05T13:13:37Z,2026-09-05T15:13:37+0200,f4a4df33-2f11-42fa-9163-dab973f5a049,2026-08-30T10:30:00Z,2026-08-30T12:30:00+0200,386.0,MW,DK2,DK_2,forecast_onshore_wind_generation,Wind Onshore,2026-09-05T13:14:58Z
2026-09-05T13:13:37Z,2026-09-05T15:13:37+0200,f4a4df33-2f11-42fa-9163-dab973f5a049,2026-08-30T10:45:00Z,2026-08-30T12:45:00+0200,391.5,MW,DK2,DK_2,forecast_onshore_wind_generation,Wind Onshore,2026-09-05T13:14:58Z
2026-09-05T13:13:37Z,2026-09-05T15:13:37+0200,f4a4df33-2f11-42fa-9163-dab973f5a049,2026-08-30T11:00:00Z,2026-08-30T13:00:00+0200,396.333333,MW,DK2,DK_2,forecast_onshore_wind_generation,Wind Onshore,2026-09-05T13:14:58Z
2026-09-05T13:13:37Z,2026-09-05T15:13:37+0200,f4a4df33-2f11-42fa-9163-dab973f5a049,2026-08-30T11:15:00Z,2026-08-30T13:15:00+0200,401.5,MW,DK2,DK_2,forecast_onshore_wind_generation,Wind Onshore,2026-09-05T13:14:58Z
2026-09-05T13:13:37Z,2026-09-05T15:13:37+0200,f4a4df33-2f11-42fa-9163-dab973f5a049,2026-08-30T11:30:00Z,2026-08-30T13:30:00+0200,408.166666,MW,DK2,DK_2,forecast_onshore_wind_generation,Wind Onshore,2026-09-05T13:14:58Z
2026-09-05T13:13:37Z,2026-09-05T15:13:37+0200,f4a4df33-2f11-42fa-9163-dab973f5a049,2026-08-30T11:45:00Z,2026-08-30T13:45:00+0200,410.666666,MW,DK2,DK_2,forecast_onshore_wind_generation,Wind Onshore,2026-09-05T13:14:58Z
2026-09-05T13:13:37Z,2026-09-05T15:13:37+0200,f4a4df33-2f11-42fa-9163-dab973f5a049,2026-08-30T12:00:00Z,2026-08-30T14:00:00+0200,407.833333,MW,DK2,DK_2,forecast_onshore_wind_generation,Wind Onshore,2026-09-05T13:14:58Z
2026-09-05T13:13:37Z,2026-09-05T15:13:37+0200,f4a4df33-2f11-42fa-9163-dab973f5a049,2026-08-30T12:15:00Z,2026-08-30T14:15:00+0200,403.5,MW,DK2,DK_2,forecast_onshore_wind_generation,Wind Onshore,2026-09-05T13:14:58Z
2026-09-05T13:13:37Z,2026-09-05T15:13:37+0200,f4a4df33-2f11-42fa-9163-dab973f5a049,2026-08-30T12:30:00Z,2026-08-30T14:30:00+0200,395.833333,MW,DK2,DK_2,forecast_onshore_wind_generation,Wind Onshore,2026-09-05T13:14:58Z
2026-09-05T13:13:37Z,2026-09-05T15:13:37+0200,f4a4df33-2f11-42fa-9163-dab973f5a049,2026-08-30T12:45:00Z,2026-08-30T14:45:00+0200,383.166666,MW,DK2,DK_2,forecast_onshore_wind_generation,Wind Onshore,2026-09-05T13:14:58Z
2026-09-05T13:13:37Z,2026-09-05T15:13:37+0200,f4a4df33-2f11-42fa-9163-dab973f5a049,2026-08-30T13:00:00Z,2026-08-30T15:00:00+0200,360.833333,MW,DK2,DK_2,forecast_onshore_wind_generation,Wind Onshore,2026-09-05T13:14:58Z
2026-09-05T13:13:37Z,2026-09-05T15:13:37+0200,f4a4df33-2f11-42fa-9163-dab973f5a049,2026-08-30T13:15:00Z,2026-08-30T15:15:00+0200,346.666666,MW,DK2,DK_2,forecast_onshore_wind_generation,Wind Onshore,2026-09-05T13:14:58Z
2026-09-05T13:13:37Z,2026-09-05T15:13:37+0200,f4a4df33-2f11-42fa-9163-dab973f5a049,2026-08-30T13:30:00Z,2026-08-30T15:30:00+0200,339.0,MW,DK2,DK_2,forecast_onshore_wind_generation,Wind Onshore,2026-09-05T13:14:58Z
2026-09-05T13:13:37Z,2026-09-05T15:13:37+0200,f4a4df33-2f11-42fa-9163-dab973f5a049,2026-08-30T13:45:00Z,2026-08-30T15:45:00+0200,338.166666,MW,DK2,DK_2,forecast_onshore_wind_generation,Wind Onshore,2026-09-05T13:14:58Z
2026-09-05T13:13:37Z,2026-09-05T15:13:37+0200,f4a4df33-2f11-42fa-9163-dab973f5a049,2026-08-30T14:00:00Z,2026-08-30T16:00:00+0200,334.0,MW,DK2,DK_2,forecast_onshore_wind_generation,Wind Onshore,2026-09-05T13:14:58Z
2026-09-05T13:13:37Z,2026-09-05T15:13:37+0200,f4a4df33-2f11-42fa-9163-dab973f5a049,2026-08-30T14:15:00Z,2026-08-30T16:15:00+0200,346.333333,MW,DK2,DK_2,forecast_onshore_wind_generation,Wind Onshore,2026-09-05T13:14:58Z
2026-09-05T13:13:37Z,2026-09-05T15:13:37+0200,f4a4df33-2f11-42fa-9163-dab973f5a049,2026-08-30T14:30:00Z,2026-08-30T16:30:00+0200,367.0,MW,DK2,DK_2,forecast_onshore_wind_generation,Wind Onshore,2026-09-05T13:14:58Z
2026-09-05T13:13:37Z,2026-09-05T15:13:37+0200,f4a4df33-2f11-42fa-9163-dab973f5a049,2026-08-30T14:45:00Z,2026-08-30T16:45:00+0200,395.5,MW,DK2,DK_2,forecast_onshore_wind_generation,Wind Onshore,2026-09-05T13:14:58Z
2026-09-05T13:13:37Z,2026-09-05T15:13:37+0200,f4a4df33-2f11-42fa-9163-dab973f5a049,2026-08-30T15:00:00Z,2026-08-30T17:00:00+0200,378.833333,MW,DK2,DK_2,forecast_onshore_wind_generation,Wind Onshore,2026-09-05T13:14:58Z
2026-09-05T13:13:37Z,2026-09-05T15:13:37+0200,f4a4df33-2f11-42fa-9163-dab973f5a049,2026-08-30T15:15:00Z,2026-08-30T17:15:00+0200,390.666666,MW,DK2,DK_2,forecast_onshore_wind_generation,Wind Onshore,2026-09-05T13:14:58Z
2026-09-05T13:13:37Z,2026-09-05T15:13:37+0200,f4a4df33-2f11-42fa-9163-dab973f5a049,2026-08-30T15:30:00Z,2026-08-30T17:30:00+0200,378.833333,MW,DK2,DK_2,forecast_onshore_wind_generation,Wind Onshore,2026-09-05T13:14:58Z
2026-09-05T13:13:37Z,2026-09-05T15:13:37+0200,f4a4df33-2f11-42fa-9163-dab973f5a049,2026-08-30T15:45:00Z,2026-08-30T17:45:00+0200,367.5,MW,DK2,DK_2,forecast_onshore_wind_generation,Wind Onshore,2026-09-05T13:14:58Z
2026-09-05T13:13:37Z,2026-09-05T15:13:37+0200,f4a4df33-2f11-42fa-9163-dab973f5a049,2026-08-30T16:00:00Z,2026-08-30T18:00:00+0200,354.5,MW,DK2,DK_2,forecast_onshore_wind_generation,Wind Onshore,2026-09-05T13:14:58Z
2026-09-05T13:13:37Z,2026-09-05T15:13:37+0200,f4a4df33-2f11-42fa-9163-dab973f5a049,2026-08-30T16:15:00Z,2026-08-30T18:15:00+0200,337.166666,MW,DK2,DK_2,forecast_onshore_wind_generation,Wind Onshore,2026-09-05T13:14:58Z
2026-09-05T13:13:37Z,2026-09-05T15:13:37+0200,f4a4df33-2f11-42fa-9163-dab973f5a049,2026-08-30T16:30:00Z,2026-08-30T18:30:00+0200,319.666666,MW,DK2,DK_2,forecast_onshore_wind_generation,Wind Onshore,2026-09-05T13:14:58Z
2026-09-05T13:13:37Z,2026-09-05T15:13:37+0200,f4a4df33-2f11-42fa-9163-dab973f5a049,2026-08-30T16:45:00Z,2026-08-30T18:45:00+0200,305.0,MW,DK2,DK_2,forecast_onshore_wind_generation,Wind Onshore,2026-09-05T13:14:58Z
2026-09-05T13:13:37Z,2026-09-05T15:13:37+0200,f4a4df33-2f11-42fa-9163-dab973f5a049,2026-08-30T17:00:00Z,2026-08-30T19:00:00+0200,290.333333,MW,DK2,DK_2,forecast_onshore_wind_generation,Wind Onshore,2026-09-05T13:14:58Z
2026-09-05T13:13:37Z,2026-09-05T15:13:37+0200,f4a4df33-2f11-42fa-9163-dab973f5a049,2026-08-30T17:15:00Z,2026-08-30T19:15:00+0200,273.166666,MW,DK2,DK_2,forecast_onshore_wind_generation,Wind Onshore,2026-09-05T13:14:58Z
2026-09-05T13:13:37Z,2026-09-05T15:13:37+0200,f4a4df33-2f11-42fa-9163-dab973f5a049,2026-08-30T17:30:00Z,2026-08-30T19:30:00+0200,258.333333,MW,DK2,DK_2,forecast_onshore_wind_generation,Wind Onshore,2026-09-05T13:14:58Z
2026-09-05T13:13:37Z,2026-09-05T15:13:37+0200,f4a4df33-2f11-42fa-9163-dab973f5a049,2026-08-30T17:45:00Z,2026-08-30T19:45:00+0200,247.833333,MW,DK2,DK_2,forecast_onshore_wind_generation,Wind Onshore,2026-09-05T13:14:58Z
2026-09-05T13:13:37Z,2026-09-05T15:13:37+0200,f4a4df33-2f11-42fa-9163-dab973f5a049,2026-08-30T18:00:00Z,2026-08-30T20:00:00+0200,239.5,MW,DK2,DK_2,forecast_onshore_wind_generation,Wind Onshore,2026-09-05T13:14:58Z
2026-09-05T13:13:37Z,2026-09-05T15:13:37+0200,f4a4df33-2f11-42fa-9163-dab973f5a049,2026-08-30T18:15:00Z,2026-08-30T20:15:00+0200,229.166666,MW,DK2,DK_2,forecast_onshore_wind_generation,Wind Onshore,2026-09-05T13:14:58Z
2026-09-05T13:13:37Z,2026-09-05T15:13:37+0200,f4a4df33-2f11-42fa-9163-dab973f5a049,2026-08-30T18:30:00Z,2026-08-30T20:30:00+0200,218.166666,MW,DK2,DK_2,forecast_onshore_wind_generation,Wind Onshore,2026-09-05T13:14:58Z
2026-09-05T13:13:37Z,2026-09-05T15:13:37+0200,f4a4df33-2f11-42fa-9163-dab973f5a049,2026-08-30T18:45:00Z,2026-08-30T20:45:00+0200,208.833333,MW,DK2,DK_2,forecast_onshore_wind_generation,Wind Onshore,2026-09-05T13:14:58Z
2026-09-05T13:13:37Z,2026-09-05T15:13:37+0200,f4a4df33-2f11-42fa-9163-dab973f5a049,2026-08-30T19:00:00Z,2026-08-30T21:00:00+0200,199.166666,MW,DK2,DK_2,forecast_onshore_wind_generation,Wind Onshore,2026-09-05T13:14:58Z
2026-09-05T13:13:37Z,2026-09-05T15:13:37+0200,f4a4df33-2f11-42fa-9163-dab973f5a049,2026-08-30T19:15:00Z,2026-08-30T21:15:00+0200,187.833333,MW,DK2,DK_2,forecast_onshore_wind_generation,Wind Onshore,2026-09-05T13:14:58Z
2026-09-05T13:13:37Z,2026-09-05T15:13:37+0200,f4a4df33-2f11-42fa-9163-dab973f5a049,2026-08-30T19:30:00Z,2026-08-30T21:30:00+0200,177.5,MW,DK2,DK_2,forecast_onshore_wind_generation,Wind Onshore,2026-09-05T13:14:58Z
2026-09-05T13:13:37Z,2026-09-05T15:13:37+0200,f4a4df33-2f11-42fa-9163-dab973f5a049,2026-08-30T19:45:00Z,2026-08-30T21:45:00+0200,169.166666,MW,DK2,DK_2,forecast_onshore_wind_generation,Wind Onshore,2026-09-05T13:14:58Z
2026-09-05T13:13:37Z,2026-09-05T15:13:37+0200,f4a4df33-2f11-42fa-9163-dab973f5a049,2026-08-30T20:00:00Z,2026-08-30T22:00:00+0200,161.5,MW,DK2,DK_2,forecast_onshore_wind_generation,Wind Onshore,2026-09-05T13:14:58Z
2026-09-05T13:13:37Z,2026-09-05T15:13:37+0200,f4a4df33-2f11-42fa-9163-dab973f5a049,2026-08-30T20:15:00Z,2026-08-30T22:15:00+0200,151.0,MW,DK2,DK_2,forecast_onshore_wind_generation,Wind Onshore,2026-09-05T13:14:58Z
2026-09-05T13:13:37Z,2026-09-05T15:13:37+0200,f4a4df33-2f11-42fa-9163-dab973f5a049,2026-08-30T20:30:00Z,2026-08-30T22:30:00+0200,139.666666,MW,DK2,DK_2,forecast_onshore_wind_generation,Wind Onshore,2026-09-05T13:14:58Z
2026-09-05T13:13:37Z,2026-09-05T15:13:37+0200,f4a4df33-2f11-42fa-9163-dab973f5a049,2026-08-30T20:45:00Z,2026-08-30T22:45:00+0200,130.166666,MW,DK2,DK_2,forecast_onshore_wind_generation,Wind Onshore,2026-09-05T13:14:58Z
2026-09-05T13:13:37Z,2026-09-05T15:13:37+0200,f4a4df33-2f11-42fa-9163-dab973f5a049,2026-08-30T21:00:00Z,2026-08-30T23:00:00+0200,121.5,MW,DK2,DK_2,forecast_onshore_wind_generation,Wind Onshore,2026-09-05T13:14:58Z
2026-09-05T13:13:37Z,2026-09-05T15:13:37+0200,f4a4df33-2f11-42fa-9163-dab973f5a049,2026-08-30T21:15:00Z,2026-08-30T23:15:00+0200,112.5,MW,DK2,DK_2,forecast_onshore_wind_generation,Wind Onshore,2026-09-05T13:14:58Z
2026-09-05T13:13:37Z,2026-09-05T15:13:37+0200,f4a4df33-2f11-42fa-9163-dab973f5a049,2026-08-30T21:30:00Z,2026-08-30T23:30:00+0200,104.5,MW,DK2,DK_2,forecast_onshore_wind_generation,Wind Onshore,2026-09-05T13:14:58Z
2026-09-05T13:13:37Z,2026-09-05T15:13:37+0200,f4a4df33-2f11-42fa-9163-dab973f5a049,2026-08-30T21:45:00Z,2026-08-30T23:45:00+0200,98.0,MW,DK2,DK_2,forecast_onshore_wind_generation,Wind Onshore,2026-09-05T13:14:58Z
2026-09-05T13:13:37Z,2026-09-05T15:13:37+0200,f4a4df33-2f11-42fa-9163-dab973f5a049,2026-08-30T22:00:00Z,2026-08-31T00:00:00+0200,61.0,MW,DK2,DK_2,forecast_onshore_wind_generation,Wind Onshore,2026-09-05T13:14:58Z
2026-09-05T13:13:37Z,2026-09-05T15:13:37+0200,f4a4df33-2f11-42fa-9163-dab973f5a049,2026-08-30T22:15:00Z,2026-08-31T00:15:00+0200,57.0,MW,DK2,DK_2,forecast_onshore_wind_generation,Wind Onshore,2026-09-05T13:14:58Z
2026-09-05T13:13:37Z,2026-09-05T15:13:37+0200,f4a4df33-2f11-42fa-9163-dab973f5a049,2026-08-30T22:30:00Z,2026-08-31T00:30:00+0200,53.5,MW,DK2,DK_2,forecast_onshore_wind_generation,Wind Onshore,2026-09-05T13:14:58Z
2026-09-05T13:13:37Z,2026-09-05T15:13:37+0200,f4a4df33-2f11-42fa-9163-dab973f5a049,2026-08-30T22:45:00Z,2026-08-31T00:45:00+0200,50.0,MW,DK2,DK_2,forecast_onshore_wind_generation,Wind Onshore,2026-09-05T13:14:58Z
2026-09-05T13:13:37Z,2026-09-05T15:13:37+0200,f4a4df33-2f11-42fa-9163-dab973f5a049,2026-08-30T23:00:00Z,2026-08-31T01:00:00+0200,46.5,MW,DK2,DK_2,forecast_onshore_wind_generation,Wind Onshore,2026-09-05T13:14:58Z
2026-09-05T13:13:37Z,2026-09-05T15:13:37+0200,f4a4df33-2f11-42fa-9163-dab973f5a049,2026-08-30T23:15:00Z,2026-08-31T01:15:00+0200,43.666666,MW,DK2,DK_2,forecast_onshore_wind_generation,Wind Onshore,2026-09-05T13:14:58Z
2026-09-05T13:13:37Z,2026-09-05T15:13:37+0200,f4a4df33-2f11-42fa-9163-dab973f5a049,2026-08-30T23:30:00Z,2026-08-31T01:30:00+0200,42.166666,MW,DK2,DK_2,forecast_onshore_wind_generation,Wind Onshore,2026-09-05T13:14:58Z
2026-09-05T13:13:37Z,2026-09-05T15:13:37+0200,f4a4df33-2f11-42fa-9163-dab973f5a049,2026-08-30T23:45:00Z,2026-08-31T01:45:00+0200,41.166666,MW,DK2,DK_2,forecast_onshore_wind_generation,Wind Onshore,2026-09-05T13:14:58Z
2026-09-05T13:13:37Z,2026-09-05T15:13:37+0200,f4a4df33-2f11-42fa-9163-dab973f5a049,2026-08-31T00:00:00Z,2026-08-31T02:00:00+0200,40.833333,MW,DK2,DK_2,forecast_onshore_wind_generation,Wind Onshore,2026-09-05T13:14:58Z
2026-09-05T13:13:37Z,2026-09-05T15:13:37+0200,f4a4df33-2f11-42fa-9163-dab973f5a049,2026-08-31T00:15:00Z,2026-08-31T02:15:00+0200,40.0,MW,DK2,DK_2,forecast_onshore_wind_generation,Wind Onshore,2026-09-05T13:14:58Z
2026-09-05T13:13:37Z,2026-09-05T15:13:37+0200,f4a4df33-2f11-42fa-9163-dab973f5a049,2026-08-31T00:30:00Z,2026-08-31T02:30:00+0200,40.0,MW,DK2,DK_2,forecast_onshore_wind_generation,Wind Onshore,2026-09-05T13:14:58Z
2026-09-05T13:13:37Z,2026-09-05T15:13:37+0200,f4a4df33-2f11-42fa-9163-dab973f5a049,2026-08-31T00:45:00Z,2026-08-31T02:45:00+0200,39.166666,MW,DK2,DK_2,forecast_onshore_wind_generation,Wind Onshore,2026-09-05T13:14:58Z
2026-09-05T13:13:37Z,2026-09-05T15:13:37+0200,f4a4df33-2f11-42fa-9163-dab973f5a049,2026-08-31T01:00:00Z,2026-08-31T03:00:00+0200,38.0,MW,DK2,DK_2,forecast_onshore_wind_generation,Wind Onshore,2026-09-05T13:14:58Z
2026-09-05T13:13:37Z,2026-09-05T15:13:37+0200,f4a4df33-2f11-42fa-9163-dab973f5a049,2026-08-31T01:15:00Z,2026-08-31T03:15:00+0200,36.5,MW,DK2,DK_2,forecast_onshore_wind_generation,Wind Onshore,2026-09-05T13:14:58Z
2026-09-05T13:13:37Z,2026-09-05T15:13:37+0200,f4a4df33-2f11-42fa-9163-dab973f5a049,2026-08-31T01:30:00Z,2026-08-31T03:30:00+0200,35.5,MW,DK2,DK_2,forecast_onshore_wind_generation,Wind Onshore,2026-09-05T13:14:58Z
2026-09-05T13:13:37Z,2026-09-05T15:13:37+0200,f4a4df33-2f11-42fa-9163-dab973f5a049,2026-08-31T01:45:00Z,2026-08-31T03:45:00+0200,35.0,MW,DK2,DK_2,forecast_onshore_wind_generation,Wind Onshore,2026-09-05T13:14:58Z
2026-09-05T13:13:37Z,2026-09-05T15:13:37+0200,f4a4df33-2f11-42fa-9163-dab973f5a049,2026-08-31T02:00:00Z,2026-08-31T04:00:00+0200,35.0,MW,DK2,DK_2,forecast_onshore_wind_generation,Wind Onshore,2026-09-05T13:14:58Z
2026-09-05T13:13:37Z,2026-09-05T15:13:37+0200,f4a4df33-2f11-42fa-9163-dab973f5a049,2026-08-31T02:15:00Z,2026-08-31T04:15:00+0200,35.0,MW,DK2,DK_2,forecast_onshore_wind_generation,Wind Onshore,2026-09-05T13:14:58Z
2026-09-05T13:13:37Z,2026-09-05T15:13:37+0200,f4a4df33-2f11-42fa-9163-dab973f5a049,2026-08-31T02:30:00Z,2026-08-31T04:30:00+0200,35.0,MW,DK2,DK_2,forecast_onshore_wind_generation,Wind Onshore,2026-09-05T13:14:58Z
2026-09-05T13:13:37Z,2026-09-05T15:13:37+0200,f4a4df33-2f11-42fa-9163-dab973f5a049,2026-08-31T02:45:00Z,2026-08-31T04:45:00+0200,36.333333,MW,DK2,DK_2,forecast_onshore_wind_generation,Wind Onshore,2026-09-05T13:14:58Z
2026-09-05T13:13:37Z,2026-09-05T15:13:37+0200,f4a4df33-2f11-42fa-9163-dab973f5a049,2026-08-31T03:00:00Z,2026-08-31T05:00:00+0200,38.0,MW,DK2,DK_2,forecast_onshore_wind_generation,Wind Onshore,2026-09-05T13:14:58Z
2026-09-05T13:13:37Z,2026-09-05T15:13:37+0200,f4a4df33-2f11-42fa-9163-dab973f5a049,2026-08-31T03:15:00Z,2026-08-31T05:15:00+0200,39.666666,MW,DK2,DK_2,forecast_onshore_wind_generation,Wind Onshore,2026-09-05T13:14:58Z
2026-09-05T13:13:37Z,2026-09-05T15:13:37+0200,f4a4df33-2f11-42fa-9163-dab973f5a049,2026-08-31T03:30:00Z,2026-08-31T05:30:00+0200,42.5,MW,DK2,DK_2,forecast_onshore_wind_generation,Wind Onshore,2026-09-05T13:14:58Z
2026-09-05T13:13:37Z,2026-09-05T15:13:37+0200,f4a4df33-2f11-42fa-9163-dab973f5a049,2026-08-31T03:45:00Z,2026-08-31T05:45:00+0200,45.5,MW,DK2,DK_2,forecast_onshore_wind_generation,Wind Onshore,2026-09-05T13:14:58Z
2026-09-05T13:13:37Z,2026-09-05T15:13:37+0200,f4a4df33-2f11-42fa-9163-dab973f5a049,2026-08-31T04:00:00Z,2026-08-31T06:00:00+0200,49.5,MW,DK2,DK_2,forecast_onshore_wind_generation,Wind Onshore,2026-09-05T13:14:58Z
2026-09-05T13:13:37Z,2026-09-05T15:13:37+0200,f4a4df33-2f11-42fa-9163-dab973f5a049,2026-08-31T04:15:00Z,2026-08-31T06:15:00+0200,53.666666,MW,DK2,DK_2,forecast_onshore_wind_generation,Wind Onshore,2026-09-05T13:14:58Z
2026-09-05T13:13:37Z,2026-09-05T15:13:37+0200,f4a4df33-2f11-42fa-9163-dab973f5a049,2026-08-31T04:30:00Z,2026-08-31T06:30:00+0200,57.5,MW,DK2,DK_2,forecast_onshore_wind_generation,Wind Onshore,2026-09-05T13:14:58Z
2026-09-05T13:13:37Z,2026-09-05T15:13:37+0200,f4a4df33-2f11-42fa-9163-dab973f5a049,2026-08-31T04:45:00Z,2026-08-31T06:45:00+0200,60.5,MW,DK2,DK_2,forecast_onshore_wind_generation,Wind Onshore,2026-09-05T13:14:58Z
2026-09-05T13:13:37Z,2026-09-05T15:13:37+0200,f4a4df33-2f11-42fa-9163-dab973f5a049,2026-08-31T05:00:00Z,2026-08-31T07:00:00+0200,63.5,MW,DK2,DK_2,forecast_onshore_wind_generation,Wind Onshore,2026-09-05T13:14:58Z
2026-09-05T13:13:37Z,2026-09-05T15:13:37+0200,f4a4df33-2f11-42fa-9163-dab973f5a049,2026-08-31T05:15:00Z,2026-08-31T07:15:00+0200,67.0,MW,DK2,DK_2,forecast_onshore_wind_generation,Wind Onshore,2026-09-05T13:14:58Z
2026-09-05T13:13:37Z,2026-09-05T15:13:37+0200,f4a4df33-2f11-42fa-9163-dab973f5a049,2026-08-31T05:30:00Z,2026-08-31T07:30:00+0200,70.5,MW,DK2,DK_2,forecast_onshore_wind_generation,Wind Onshore,2026-09-05T13:14:58Z
2026-09-05T13:13:37Z,2026-09-05T15:13:37+0200,f4a4df33-2f11-42fa-9163-dab973f5a049,2026-08-31T05:45:00Z,2026-08-31T07:45:00+0200,73.0,MW,DK2,DK_2,forecast_onshore_wind_generation,Wind Onshore,2026-09-05T13:14:58Z
2026-09-05T13:13:37Z,2026-09-05T15:13:37+0200,f4a4df33-2f11-42fa-9163-dab973f5a049,2026-08-31T06:00:00Z,2026-08-31T08:00:00+0200,74.5,MW,DK2,DK_2,forecast_onshore_wind_generation,Wind Onshore,2026-09-05T13:14:58Z
2026-09-05T13:13:37Z,2026-09-05T15:13:37+0200,f4a4df33-2f11-42fa-9163-dab973f5a049,2026-08-31T06:15:00Z,2026-08-31T08:15:00+0200,76.5,MW,DK2,DK_2,forecast_onshore_wind_generation,Wind Onshore,2026-09-05T13:14:58Z
2026-09-05T13:13:37Z,2026-09-05T15:13:37+0200,f4a4df33-2f11-42fa-9163-dab973f5a049,2026-08-31T06:30:00Z,2026-08-31T08:30:00+0200,79.0,MW,DK2,DK_2,forecast_onshore_wind_generation,Wind Onshore,2026-09-05T13:14:58Z
2026-09-05T13:13:37Z,2026-09-05T15:13:37+0200,f4a4df33-2f11-42fa-9163-dab973f5a049,2026-08-31T06:45:00Z,2026-08-31T08:45:00+0200,83.166666,MW,DK2,DK_2,forecast_onshore_wind_generation,Wind Onshore,2026-09-05T13:14:58Z
2026-09-05T13:13:37Z,2026-09-05T15:13:37+0200,f4a4df33-2f11-42fa-9163-dab973f5a049,2026-08-31T07:00:00Z,2026-08-31T09:00:00+0200,92.166666,MW,DK2,DK_2,forecast_onshore_wind_generation,Wind Onshore,2026-09-05T13:14:58Z
2026-09-05T13:13:37Z,2026-09-05T15:13:37+0200,f4a4df33-2f11-42fa-9163-dab973f5a049,2026-08-31T07:15:00Z,2026-08-31T09:15:00+0200,102.0,MW,DK2,DK_2,forecast_onshore_wind_generation,Wind Onshore,2026-09-05T13:14:58Z
2026-09-05T13:13:37Z,2026-09-05T15:13:37+0200,f4a4df33-2f11-42fa-9163-dab973f5a049,2026-08-31T07:30:00Z,2026-08-31T09:30:00+0200,111.0,MW,DK2,DK_2,forecast_onshore_wind_generation,Wind Onshore,2026-09-05T13:14:58Z
2026-09-05T13:13:37Z,2026-09-05T15:13:37+0200,f4a4df33-2f11-42fa-9163-dab973f5a049,2026-08-31T07:45:00Z,2026-08-31T09:45:00+0200,119.0,MW,DK2,DK_2,forecast_onshore_wind_generation,Wind Onshore,2026-09-05T13:14:58Z
2026-09-05T13:13:37Z,2026-09-05T15:13:37+0200,f4a4df33-2f11-42fa-9163-dab973f5a049,2026-08-31T08:00:00Z,2026-08-31T10:00:00+0200,125.0,MW,DK2,DK_2,forecast_onshore_wind_generation,Wind Onshore,2026-09-05T13:14:58Z
2026-09-05T13:13:37Z,2026-09-05T15:13:37+0200,f4a4df33-2f11-42fa-9163-dab973f5a049,2026-08-31T08:15:00Z,2026-08-31T10:15:00+0200,129.5,MW,DK2,DK_2,forecast_onshore_wind_generation,Wind Onshore,2026-09-05T13:14:58Z
2026-09-05T13:13:37Z,2026-09-05T15:13:37+0200,f4a4df33-2f11-42fa-9163-dab973f5a049,2026-08-31T08:30:00Z,2026-08-31T10:30:00+0200,132.0,MW,DK2,DK_2,forecast_onshore_wind_generation,Wind Onshore,2026-09-05T13:14:58Z
2026-09-05T13:13:37Z,2026-09-05T15:13:37+0200,f4a4df33-2f11-42fa-9163-dab973f5a049,2026-08-31T08:45:00Z,2026-08-31T10:45:00+0200,134.0,MW,DK2,DK_2,forecast_onshore_wind_generation,Wind Onshore,2026-09-05T13:14:58Z
2026-09-05T13:13:37Z,2026-09-05T15:13:37+0200,f4a4df33-2f11-42fa-9163-dab973f5a049,2026-08-31T09:00:00Z,2026-08-31T11:00:00+0200,135.666666,MW,DK2,DK_2,forecast_onshore_wind_generation,Wind Onshore,2026-09-05T13:14:58Z
2026-09-05T13:13:37Z,2026-09-05T15:13:37+0200,f4a4df33-2f11-42fa-9163-dab973f5a049,2026-08-31T09:15:00Z,2026-08-31T11:15:00+0200,140.0,MW,DK2,DK_2,forecast_onshore_wind_generation,Wind Onshore,2026-09-05T13:14:58Z
2026-09-05T13:13:37Z,2026-09-05T15:13:37+0200,f4a4df33-2f11-42fa-9163-dab973f5a049,2026-08-31T09:30:00Z,2026-08-31T11:30:00+0200,146.5,MW,DK2,DK_2,forecast_onshore_wind_generation,Wind Onshore,2026-09-05T13:14:58Z
2026-09-05T13:13:37Z,2026-09-05T15:13:37+0200,f4a4df33-2f11-42fa-9163-dab973f5a049,2026-08-31T09:45:00Z,2026-08-31T11:45:00+0200,153.833333,MW,DK2,DK_2,forecast_onshore_wind_generation,Wind Onshore,2026-09-05T13:14:58Z
2026-09-05T13:13:37Z,2026-09-05T15:13:37+0200,f4a4df33-2f11-42fa-9163-dab973f5a049,2026-08-31T10:00:00Z,2026-08-31T12:00:00+0200,159.5,MW,DK2,DK_2,forecast_onshore_wind_generation,Wind Onshore,2026-09-05T13:14:58Z
2026-09-05T13:13:37Z,2026-09-05T15:13:37+0200,f4a4df33-2f11-42fa-9163-dab973f5a049,2026-08-31T10:15:00Z,2026-08-31T12:15:00+0200,164.0,MW,DK2,DK_2,forecast_onshore_wind_generation,Wind Onshore,2026-09-05T13:14:58Z
2026-09-05T13:13:37Z,2026-09-05T15:13:37+0200,f4a4df33-2f11-42fa-9163-dab973f5a049,2026-08-31T10:30:00Z,2026-08-31T12:30:00+0200,166.666666,MW,DK2,DK_2,forecast_onshore_wind_generation,Wind Onshore,2026-09-05T13:14:58Z
2026-09-05T13:13:37Z,2026-09-05T15:13:37+0200,f4a4df33-2f11-42fa-9163-dab973f5a049,2026-08-31T10:45:00Z,2026-08-31T12:45:00+0200,168.5,MW,DK2,DK_2,forecast_onshore_wind_generation,Wind Onshore,2026-09-05T13:14:58Z
2026-09-05T13:13:37Z,2026-09-05T15:13:37+0200,f4a4df33-2f11-42fa-9163-dab973f5a049,2026-08-31T11:00:00Z,2026-08-31T13:00:00+0200,171.333333,MW,DK2,DK_2,forecast_onshore_wind_generation,Wind Onshore,2026-09-05T13:14:58Z
2026-09-05T13:13:37Z,2026-09-05T15:13:37+0200,f4a4df33-2f11-42fa-9163-dab973f5a049,2026-08-31T11:15:00Z,2026-08-31T13:15:00+0200,176.0,MW,DK2,DK_2,forecast_onshore_wind_generation,Wind Onshore,2026-09-05T13:14:58Z
2026-09-05T13:13:37Z,2026-09-05T15:13:37+0200,f4a4df33-2f11-42fa-9163-dab973f5a049,2026-08-31T11:30:00Z,2026-08-31T13:30:00+0200,180.833333,MW,DK2,DK_2,forecast_onshore_wind_generation,Wind Onshore,2026-09-05T13:14:58Z
2026-09-05T13:13:37Z,2026-09-05T15:13:37+0200,f4a4df33-2f11-42fa-9163-dab973f5a049,2026-08-31T11:45:00Z,2026-08-31T13:45:00+0200,183.0,MW,DK2,DK_2,forecast_onshore_wind_generation,Wind Onshore,2026-09-05T13:14:58Z
2026-09-05T13:13:37Z,2026-09-05T15:13:37+0200,f4a4df33-2f11-42fa-9163-dab973f5a049,2026-08-31T12:00:00Z,2026-08-31T14:00:00+0200,184.0,MW,DK2,DK_2,forecast_onshore_wind_generation,Wind Onshore,2026-09-05T13:14:58Z
2026-09-05T13:13:37Z,2026-09-05T15:13:37+0200,f4a4df33-2f11-42fa-9163-dab973f5a049,2026-08-31T12:15:00Z,2026-08-31T14:15:00+0200,184.666666,MW,DK2,DK_2,forecast_onshore_wind_generation,Wind Onshore,2026-09-05T13:14:58Z
2026-09-05T13:13:37Z,2026-09-05T15:13:37+0200,f4a4df33-2f11-42fa-9163-dab973f5a049,2026-08-31T12:30:00Z,2026-08-31T14:30:00+0200,185.666666,MW,DK2,DK_2,forecast_onshore_wind_generation,Wind Onshore,2026-09-05T13:14:58Z
2026-09-05T13:13:37Z,2026-09-05T15:13:37+0200,f4a4df33-2f11-42fa-9163-dab973f5a049,2026-08-31T12:45:00Z,2026-08-31T14:45:00+0200,184.0,MW,DK2,DK_2,forecast_onshore_wind_generation,Wind Onshore,2026-09-05T13:14:58Z
2026-09-05T13:13:37Z,2026-09-05T15:13:37+0200,f4a4df33-2f11-42fa-9163-dab973f5a049,2026-08-31T13:00:00Z,2026-08-31T15:00:00+0200,182.833333,MW,DK2,DK_2,forecast_onshore_wind_generation,Wind Onshore,2026-09-05T13:14:58Z
2026-09-05T13:13:37Z,2026-09-05T15:13:37+0200,f4a4df33-2f11-42fa-9163-dab973f5a049,2026-08-31T13:15:00Z,2026-08-31T15:15:00+0200,178.0,MW,DK2,DK_2,forecast_onshore_wind_generation,Wind Onshore,2026-09-05T13:14:58Z
2026-09-05T13:13:37Z,2026-09-05T15:13:37+0200,f4a4df33-2f11-42fa-9163-dab973f5a049,2026-08-31T13:30:00Z,2026-08-31T15:30:00+0200,173.5,MW,DK2,DK_2,forecast_onshore_wind_generation,Wind Onshore,2026-09-05T13:14:58Z
2026-09-05T13:13:37Z,2026-09-05T15:13:37+0200,f4a4df33-2f11-42fa-9163-dab973f5a049,2026-08-31T13:45:00Z,2026-08-31T15:45:00+0200,172.166666,MW,DK2,DK_2,forecast_onshore_wind_generation,Wind Onshore,2026-09-05T13:14:58Z
2026-09-05T13:13:37Z,2026-09-05T15:13:37+0200,f4a4df33-2f11-42fa-9163-dab973f5a049,2026-08-31T14:00:00Z,2026-08-31T16:00:00+0200,175.166666,MW,DK2,DK_2,forecast_onshore_wind_generation,Wind Onshore,2026-09-05T13:14:58Z
2026-09-05T13:13:37Z,2026-09-05T15:13:37+0200,f4a4df33-2f11-42fa-9163-dab973f5a049,2026-08-31T14:15:00Z,2026-08-31T16:15:00+0200,182.5,MW,DK2,DK_2,forecast_onshore_wind_generation,Wind Onshore,2026-09-05T13:14:58Z
2026-09-05T13:13:37Z,2026-09-05T15:13:37+0200,f4a4df33-2f11-42fa-9163-dab973f5a049,2026-08-31T14:30:00Z,2026-08-31T16:30:00+0200,190.666666,MW,DK2,DK_2,forecast_onshore_wind_generation,Wind Onshore,2026-09-05T13:14:58Z
2026-09-05T13:13:37Z,2026-09-05T15:13:37+0200,f4a4df33-2f11-42fa-9163-dab973f5a049,2026-08-31T14:45:00Z,2026-08-31T16:45:00+0200,193.5,MW,DK2,DK_2,forecast_onshore_wind_generation,Wind Onshore,2026-09-05T13:14:58Z
2026-09-05T13:13:37Z,2026-09-05T15:13:37+0200,f4a4df33-2f11-42fa-9163-dab973f5a049,2026-08-31T15:00:00Z,2026-08-31T17:00:00+0200,192.333333,MW,DK2,DK_2,forecast_onshore_wind_generation,Wind Onshore,2026-09-05T13:14:58Z
2026-09-05T13:13:37Z,2026-09-05T15:13:37+0200,f4a4df33-2f11-42fa-9163-dab973f5a049,2026-08-31T15:15:00Z,2026-08-31T17:15:00+0200,185.0,MW,DK2,DK_2,forecast_onshore_wind_generation,Wind Onshore,2026-09-05T13:14:58Z
2026-09-05T13:13:37Z,2026-09-05T15:13:37+0200,f4a4df33-2f11-42fa-9163-dab973f5a049,2026-08-31T15:30:00Z,2026-08-31T17:30:00+0200,176.0,MW,DK2,DK_2,forecast_onshore_wind_generation,Wind Onshore,2026-09-05T13:14:58Z
2026-09-05T13:13:37Z,2026-09-05T15:13:37+0200,f4a4df33-2f11-42fa-9163-dab973f5a049,2026-08-31T15:45:00Z,2026-08-31T17:45:00+0200,170.0,MW,DK2,DK_2,forecast_onshore_wind_generation,Wind Onshore,2026-09-05T13:14:58Z
2026-09-05T13:13:37Z,2026-09-05T15:13:37+0200,f4a4df33-2f11-42fa-9163-dab973f5a049,2026-08-31T16:00:00Z,2026-08-31T18:00:00+0200,165.0,MW,DK2,DK_2,forecast_onshore_wind_generation,Wind Onshore,2026-09-05T13:14:58Z
2026-09-05T13:13:37Z,2026-09-05T15:13:37+0200,f4a4df33-2f11-42fa-9163-dab973f5a049,2026-08-31T16:15:00Z,2026-08-31T18:15:00+0200,158.166666,MW,DK2,DK_2,forecast_onshore_wind_generation,Wind Onshore,2026-09-05T13:14:58Z
2026-09-05T13:13:37Z,2026-09-05T15:13:37+0200,f4a4df33-2f11-42fa-9163-dab973f5a049,2026-08-31T16:30:00Z,2026-08-31T18:30:00+0200,152.166666,MW,DK2,DK_2,forecast_onshore_wind_generation,Wind Onshore,2026-09-05T13:14:58Z
2026-09-05T13:13:37Z,2026-09-05T15:13:37+0200,f4a4df33-2f11-42fa-9163-dab973f5a049,2026-08-31T16:45:00Z,2026-08-31T18:45:00+0200,147.333333,MW,DK2,DK_2,forecast_onshore_wind_generation,Wind Onshore,2026-09-05T13:14:58Z
2026-09-05T13:13:37Z,2026-09-05T15:13:37+0200,f4a4df33-2f11-42fa-9163-dab973f5a049,2026-08-31T17:00:00Z,2026-08-31T19:00:00+0200,140.333333,MW,DK2,DK_2,forecast_onshore_wind_generation,Wind Onshore,2026-09-05T13:14:58Z
2026-09-05T13:13:37Z,2026-09-05T15:13:37+0200,f4a4df33-2f11-42fa-9163-dab973f5a049,2026-08-31T17:15:00Z,2026-08-31T19:15:00+0200,132.166666,MW,DK2,DK_2,forecast_onshore_wind_generation,Wind Onshore,2026-09-05T13:14:58Z
2026-09-05T13:13:37Z,2026-09-05T15:13:37+0200,f4a4df33-2f11-42fa-9163-dab973f5a049,2026-08-31T17:30:00Z,2026-08-31T19:30:00+0200,125.666666,MW,DK2,DK_2,forecast_onshore_wind_generation,Wind Onshore,2026-09-05T13:14:58Z
2026-09-05T13:13:37Z,2026-09-05T15:13:37+0200,f4a4df33-2f11-42fa-9163-dab973f5a049,2026-08-31T17:45:00Z,2026-08-31T19:45:00+0200,121.666666,MW,DK2,DK_2,forecast_onshore_wind_generation,Wind Onshore,2026-09-05T13:14:58Z
2026-09-05T13:13:37Z,2026-09-05T15:13:37+0200,f4a4df33-2f11-42fa-9163-dab973f5a049,2026-08-31T18:00:00Z,2026-08-31T20:00:00+0200,122.666666,MW,DK2,DK_2,forecast_onshore_wind_generation,Wind Onshore,2026-09-05T13:14:58Z
2026-09-05T13:13:37Z,2026-09-05T15:13:37+0200,f4a4df33-2f11-42fa-9163-dab973f5a049,2026-08-31T18:15:00Z,2026-08-31T20:15:00+0200,128.166666,MW,DK2,DK_2,forecast_onshore_wind_generation,Wind Onshore,2026-09-05T13:14:58Z
2026-09-05T13:13:37Z,2026-09-05T15:13:37+0200,f4a4df33-2f11-42fa-9163-dab973f5a049,2026-08-31T18:30:00Z,2026-08-31T20:30:00+0200,135.0,MW,DK2,DK_2,forecast_onshore_wind_generation,Wind Onshore,2026-09-05T13:14:58Z
2026-09-05T13:13:37Z,2026-09-05T15:13:37+0200,f4a4df33-2f11-42fa-9163-dab973f5a049,2026-08-31T18:45:00Z,2026-08-31T20:45:00+0200,140.333333,MW,DK2,DK_2,forecast_onshore_wind_generation,Wind Onshore,2026-09-05T13:14:58Z
2026-09-05T13:13:37Z,2026-09-05T15:13:37+0200,f4a4df33-2f11-42fa-9163-dab973f5a049,2026-08-31T19:00:00Z,2026-08-31T21:00:00+0200,144.833333,MW,DK2,DK_2,forecast_onshore_wind_generation,Wind Onshore,2026-09-05T13:14:58Z
2026-09-05T13:13:37Z,2026-09-05T15:13:37+0200,f4a4df33-2f11-42fa-9163-dab973f5a049,2026-08-31T19:15:00Z,2026-08-31T21:15:00+0200,150.166666,MW,DK2,DK_2,forecast_onshore_wind_generation,Wind Onshore,2026-09-05T13:14:58Z
2026-09-05T13:13:37Z,2026-09-05T15:13:37+0200,f4a4df33-2f11-42fa-9163-dab973f5a049,2026-08-31T19:30:00Z,2026-08-31T21:30:00+0200,156.833333,MW,DK2,DK_2,forecast_onshore_wind_generation,Wind Onshore,2026-09-05T13:14:58Z
2026-09-05T13:13:37Z,2026-09-05T15:13:37+0200,f4a4df33-2f11-42fa-9163-dab973f5a049,2026-08-31T19:45:00Z,2026-08-31T21:45:00+0200,161.333333,MW,DK2,DK_2,forecast_onshore_wind_generation,Wind Onshore,2026-09-05T13:14:58Z
2026-09-05T13:13:37Z,2026-09-05T15:13:37+0200,f4a4df33-2f11-42fa-9163-dab973f5a049,2026-08-31T20:00:00Z,2026-08-31T22:00:00+0200,165.0,MW,DK2,DK_2,forecast_onshore_wind_generation,Wind Onshore,2026-09-05T13:14:58Z
2026-09-05T13:13:37Z,2026-09-05T15:13:37+0200,f4a4df33-2f11-42fa-9163-dab973f5a049,2026-08-31T20:15:00Z,2026-08-31T22:15:00+0200,167.666666,MW,DK2,DK_2,forecast_onshore_wind_generation,Wind Onshore,2026-09-05T13:14:58Z
2026-09-05T13:13:37Z,2026-09-05T15:13:37+0200,f4a4df33-2f11-42fa-9163-dab973f5a049,2026-08-31T20:30:00Z,2026-08-31T22:30:00+0200,169.666666,MW,DK2,DK_2,forecast_onshore_wind_generation,Wind Onshore,2026-09-05T13:14:58Z
2026-09-05T13:13:37Z,2026-09-05T15:13:37+0200,f4a4df33-2f11-42fa-9163-dab973f5a049,2026-08-31T20:45:00Z,2026-08-31T22:45:00+0200,171.0,MW,DK2,DK_2,forecast_onshore_wind_generation,Wind Onshore,2026-09-05T13:14:58Z
2026-09-05T13:13:37Z,2026-09-05T15:13:37+0200,f4a4df33-2f11-42fa-9163-dab973f5a049,2026-08-31T21:00:00Z,2026-08-31T23:00:00+0200,171.0,MW,DK2,DK_2,forecast_onshore_wind_generation,Wind Onshore,2026-09-05T13:14:58Z
2026-09-05T13:13:37Z,2026-09-05T15:13:37+0200,f4a4df33-2f11-42fa-9163-dab973f5a049,2026-08-31T21:15:00Z,2026-08-31T23:15:00+0200,171.666666,MW,DK2,DK_2,forecast_onshore_wind_generation,Wind Onshore,2026-09-05T13:14:58Z
2026-09-05T13:13:37Z,2026-09-05T15:13:37+0200,f4a4df33-2f11-42fa-9163-dab973f5a049,2026-08-31T21:30:00Z,2026-08-31T23:30:00+0200,173.5,MW,DK2,DK_2,forecast_onshore_wind_generation,Wind Onshore,2026-09-05T13:14:58Z
2026-09-05T13:13:37Z,2026-09-05T15:13:37+0200,f4a4df33-2f11-42fa-9163-dab973f5a049,2026-08-31T21:45:00Z,2026-08-31T23:45:00+0200,176.0,MW,DK2,DK_2,forecast_onshore_wind_generation,Wind Onshore,2026-09-05T13:14:58Z
2026-09-05T13:13:37Z,2026-09-05T15:13:37+0200,f4a4df33-2f11-42fa-9163-dab973f5a049,2026-08-31T22:00:00Z,2026-09-01T00:00:00+0200,78.5,MW,DK2,DK_2,forecast_onshore_wind_generation,Wind Onshore,2026-09-05T13:14:58Z
2026-09-05T13:13:37Z,2026-09-05T15:13:37+0200,f4a4df33-2f11-42fa-9163-dab973f5a049,2026-08-31T22:15:00Z,2026-09-01T00:15:00+0200,77.0,MW,DK2,DK_2,forecast_onshore_wind_generation,Wind Onshore,2026-09-05T13:14:58Z
2026-09-05T13:13:37Z,2026-09-05T15:13:37+0200,f4a4df33-2f11-42fa-9163-dab973f5a049,2026-08-31T22:30:00Z,2026-09-01T00:30:00+0200,75.333333,MW,DK2,DK_2,forecast_onshore_wind_generation,Wind Onshore,2026-09-05T13:14:58Z
2026-09-05T13:13:37Z,2026-09-05T15:13:37+0200,f4a4df33-2f11-42fa-9163-dab973f5a049,2026-08-31T22:45:00Z,2026-09-01T00:45:00+0200,73.5,MW,DK2,DK_2,forecast_onshore_wind_generation,Wind Onshore,2026-09-05T13:14:58Z
2026-09-05T13:13:37Z,2026-09-05T15:13:37+0200,f4a4df33-2f11-42fa-9163-dab973f5a049,2026-08-31T23:00:00Z,2026-09-01T01:00:00+0200,72.166666,MW,DK2,DK_2,forecast_onshore_wind_generation,Wind Onshore,2026-09-05T13:14:58Z
2026-09-05T13:13:37Z,2026-09-05T15:13:37+0200,f4a4df33-2f11-42fa-9163-dab973f5a049,2026-08-31T23:15:00Z,2026-09-01T01:15:00+0200,72.0,MW,DK2,DK_2,forecast_onshore_wind_generation,Wind Onshore,2026-09-05T13:14:58Z
2026-09-05T13:13:37Z,2026-09-05T15:13:37+0200,f4a4df33-2f11-42fa-9163-dab973f5a049,2026-08-31T23:30:00Z,2026-09-01T01:30:00+0200,72.833333,MW,DK2,DK_2,forecast_onshore_wind_generation,Wind Onshore,2026-09-05T13:14:58Z
2026-09-05T13:13:37Z,2026-09-05T15:13:37+0200,f4a4df33-2f11-42fa-9163-dab973f5a049,2026-08-31T23:45:00Z,2026-09-01T01:45:00+0200,74.333333,MW,DK2,DK_2,forecast_onshore_wind_generation,Wind Onshore,2026-09-05T13:14:58Z
2026-09-05T13:13:37Z,2026-09-05T15:13:37+0200,f4a4df33-2f11-42fa-9163-dab973f5a049,2026-09-01T00:00:00Z,2026-09-01T02:00:00+0200,76.0,MW,DK2,DK_2,forecast_onshore_wind_generation,Wind Onshore,2026-09-05T13:14:58Z
2026-09-05T13:13:37Z,2026-09-05T15:13:37+0200,f4a4df33-2f11-42fa-9163-dab973f5a049,2026-09-01T00:15:00Z,2026-09-01T02:15:00+0200,77.0,MW,DK2,DK_2,forecast_onshore_wind_generation,Wind Onshore,2026-09-05T13:14:58Z
2026-09-05T13:13:37Z,2026-09-05T15:13:37+0200,f4a4df33-2f11-42fa-9163-dab973f5a049,2026-09-01T00:30:00Z,2026-09-01T02:30:00+0200,77.833333,MW,DK2,DK_2,forecast_onshore_wind_generation,Wind Onshore,2026-09-05T13:14:58Z
2026-09-05T13:13:37Z,2026-09-05T15:13:37+0200,f4a4df33-2f11-42fa-9163-dab973f5a049,2026-09-01T00:45:00Z,2026-09-01T02:45:00+0200,79.0,MW,DK2,DK_2,forecast_onshore_wind_generation,Wind Onshore,2026-09-05T13:14:58Z
2026-09-05T13:13:37Z,2026-09-05T15:13:37+0200,f4a4df33-2f11-42fa-9163-dab973f5a049,2026-09-01T01:00:00Z,2026-09-01T03:00:00+0200,80.166666,MW,DK2,DK_2,forecast_onshore_wind_generation,Wind Onshore,2026-09-05T13:14:58Z
2026-09-05T13:13:37Z,2026-09-05T15:13:37+0200,f4a4df33-2f11-42fa-9163-dab973f5a049,2026-09-01T01:15:00Z,2026-09-01T03:15:00+0200,81.166666,MW,DK2,DK_2,forecast_onshore_wind_generation,Wind Onshore,2026-09-05T13:14:58Z
2026-09-05T13:13:37Z,2026-09-05T15:13:37+0200,f4a4df33-2f11-42fa-9163-dab973f5a049,2026-09-01T01:30:00Z,2026-09-01T03:30:00+0200,83.0,MW,DK2,DK_2,forecast_onshore_wind_generation,Wind Onshore,2026-09-05T13:14:58Z
2026-09-05T13:13:37Z,2026-09-05T15:13:37+0200,f4a4df33-2f11-42fa-9163-dab973f5a049,2026-09-01T01:45:00Z,2026-09-01T03:45:00+0200,85.5,MW,DK2,DK_2,forecast_onshore_wind_generation,Wind Onshore,2026-09-05T13:14:58Z
2026-09-05T13:13:37Z,2026-09-05T15:13:37+0200,f4a4df33-2f11-42fa-9163-dab973f5a049,2026-09-01T02:00:00Z,2026-09-01T04:00:00+0200,89.5,MW,DK2,DK_2,forecast_onshore_wind_generation,Wind Onshore,2026-09-05T13:14:58Z
2026-09-05T13:13:37Z,2026-09-05T15:13:37+0200,f4a4df33-2f11-42fa-9163-dab973f5a049,2026-09-01T02:15:00Z,2026-09-01T04:15:00+0200,95.0,MW,DK2,DK_2,forecast_onshore_wind_generation,Wind Onshore,2026-09-05T13:14:58Z
2026-09-05T13:13:37Z,2026-09-05T15:13:37+0200,f4a4df33-2f11-42fa-9163-dab973f5a049,2026-09-01T02:30:00Z,2026-09-01T04:30:00+0200,101.0,MW,DK2,DK_2,forecast_onshore_wind_generation,Wind Onshore,2026-09-05T13:14:58Z
2026-09-05T13:13:37Z,2026-09-05T15:13:37+0200,f4a4df33-2f11-42fa-9163-dab973f5a049,2026-09-01T02:45:00Z,2026-09-01T04:45:00+0200,107.0,MW,DK2,DK_2,forecast_onshore_wind_generation,Wind Onshore,2026-09-05T13:14:58Z
2026-09-05T13:13:37Z,2026-09-05T15:13:37+0200,f4a4df33-2f11-42fa-9163-dab973f5a049,2026-09-01T03:00:00Z,2026-09-01T05:00:00+0200,112.166666,MW,DK2,DK_2,forecast_onshore_wind_generation,Wind Onshore,2026-09-05T13:14:58Z
2026-09-05T13:13:37Z,2026-09-05T15:13:37+0200,f4a4df33-2f11-42fa-9163-dab973f5a049,2026-09-01T03:15:00Z,2026-09-01T05:15:00+0200,117.666666,MW,DK2,DK_2,forecast_onshore_wind_generation,Wind Onshore,2026-09-05T13:14:58Z
2026-09-05T13:13:37Z,2026-09-05T15:13:37+0200,f4a4df33-2f11-42fa-9163-dab973f5a049,2026-09-01T03:30:00Z,2026-09-01T05:30:00+0200,124.166666,MW,DK2,DK_2,forecast_onshore_wind_generation,Wind Onshore,2026-09-05T13:14:58Z
2026-09-05T13:13:37Z,2026-09-05T15:13:37+0200,f4a4df33-2f11-42fa-9163-dab973f5a049,2026-09-01T03:45:00Z,2026-09-01T05:45:00+0200,130.5,MW,DK2,DK_2,forecast_onshore_wind_generation,Wind Onshore,2026-09-05T13:14:58Z
2026-09-05T13:13:37Z,2026-09-05T15:13:37+0200,f4a4df33-2f11-42fa-9163-dab973f5a049,2026-09-01T04:00:00Z,2026-09-01T06:00:00+0200,135.833333,MW,DK2,DK_2,forecast_onshore_wind_generation,Wind Onshore,2026-09-05T13:14:58Z
2026-09-05T13:13:37Z,2026-09-05T15:13:37+0200,f4a4df33-2f11-42fa-9163-dab973f5a049,2026-09-01T04:15:00Z,2026-09-01T06:15:00+0200,138.833333,MW,DK2,DK_2,forecast_onshore_wind_generation,Wind Onshore,2026-09-05T13:14:58Z
2026-09-05T13:13:37Z,2026-09-05T15:13:37+0200,f4a4df33-2f11-42fa-9163-dab973f5a049,2026-09-01T04:30:00Z,2026-09-01T06:30:00+0200,138.833333,MW,DK2,DK_2,forecast_onshore_wind_generation,Wind Onshore,2026-09-05T13:14:58Z
2026-09-05T13:13:37Z,2026-09-05T15:13:37+0200,f4a4df33-2f11-42fa-9163-dab973f5a049,2026-09-01T04:45:00Z,2026-09-01T06:45:00+0200,138.333333,MW,DK2,DK_2,forecast_onshore_wind_generation,Wind Onshore,2026-09-05T13:14:58Z
2026-09-05T13:13:37Z,2026-09-05T15:13:37+0200,f4a4df33-2f11-42fa-9163-dab973f5a049,2026-09-01T05:00:00Z,2026-09-01T07:00:00+0200,135.5,MW,DK2,DK_2,forecast_onshore_wind_generation,Wind Onshore,2026-09-05T13:14:58Z
2026-09-05T13:13:37Z,2026-09-05T15:13:37+0200,f4a4df33-2f11-42fa-9163-dab973f5a049,2026-09-01T05:15:00Z,2026-09-01T07:15:00+0200,130.833333,MW,DK2,DK_2,forecast_onshore_wind_generation,Wind Onshore,2026-09-05T13:14:58Z
2026-09-05T13:13:37Z,2026-09-05T15:13:37+0200,f4a4df33-2f11-42fa-9163-dab973f5a049,2026-09-01T05:30:00Z,2026-09-01T07:30:00+0200,125.666666,MW,DK2,DK_2,forecast_onshore_wind_generation,Wind Onshore,2026-09-05T13:14:58Z
2026-09-05T13:13:37Z,2026-09-05T15:13:37+0200,f4a4df33-2f11-42fa-9163-dab973f5a049,2026-09-01T05:45:00Z,2026-09-01T07:45:00+0200,122.5,MW,DK2,DK_2,forecast_onshore_wind_generation,Wind Onshore,2026-09-05T13:14:58Z
2026-09-05T13:13:37Z,2026-09-05T15:13:37+0200,f4a4df33-2f11-42fa-9163-dab973f5a049,2026-09-01T06:00:00Z,2026-09-01T08:00:00+0200,120.5,MW,DK2,DK_2,forecast_onshore_wind_generation,Wind Onshore,2026-09-05T13:14:58Z
2026-09-05T13:13:37Z,2026-09-05T15:13:37+0200,f4a4df33-2f11-42fa-9163-dab973f5a049,2026-09-01T06:15:00Z,2026-09-01T08:15:00+0200,120.0,MW,DK2,DK_2,forecast_onshore_wind_generation,Wind Onshore,2026-09-05T13:14:58Z
2026-09-05T13:13:37Z,2026-09-05T15:13:37+0200,f4a4df33-2f11-42fa-9163-dab973f5a049,2026-09-01T06:30:00Z,2026-09-01T08:30:00+0200,121.5,MW,DK2,DK_2,forecast_onshore_wind_generation,Wind Onshore,2026-09-05T13:14:58Z
2026-09-05T13:13:37Z,2026-09-05T15:13:37+0200,f4a4df33-2f11-42fa-9163-dab973f5a049,2026-09-01T06:45:00Z,2026-09-01T08:45:00+0200,125.333333,MW,DK2,DK_2,forecast_onshore_wind_generation,Wind Onshore,2026-09-05T13:14:58Z
2026-09-05T13:13:37Z,2026-09-05T15:13:37+0200,f4a4df33-2f11-42fa-9163-dab973f5a049,2026-09-01T07:00:00Z,2026-09-01T09:00:00+0200,132.5,MW,DK2,DK_2,forecast_onshore_wind_generation,Wind Onshore,2026-09-05T13:14:58Z
2026-09-05T13:13:37Z,2026-09-05T15:13:37+0200,f4a4df33-2f11-42fa-9163-dab973f5a049,2026-09-01T07:15:00Z,2026-09-01T09:15:00+0200,138.0,MW,DK2,DK_2,forecast_onshore_wind_generation,Wind Onshore,2026-09-05T13:14:58Z
2026-09-05T13:13:37Z,2026-09-05T15:13:37+0200,f4a4df33-2f11-42fa-9163-dab973f5a049,2026-09-01T07:30:00Z,2026-09-01T09:30:00+0200,141.666666,MW,DK2,DK_2,forecast_onshore_wind_generation,Wind Onshore,2026-09-05T13:14:58Z
2026-09-05T13:13:37Z,2026-09-05T15:13:37+0200,f4a4df33-2f11-42fa-9163-dab973f5a049,2026-09-01T07:45:00Z,2026-09-01T09:45:00+0200,146.5,MW,DK2,DK_2,forecast_onshore_wind_generation,Wind Onshore,2026-09-05T13:14:58Z
2026-09-05T13:13:37Z,2026-09-05T15:13:37+0200,f4a4df33-2f11-42fa-9163-dab973f5a049,2026-09-01T08:00:00Z,2026-09-01T10:00:00+0200,152.0,MW,DK2,DK_2,forecast_onshore_wind_generation,Wind Onshore,2026-09-05T13:14:58Z
2026-09-05T13:13:37Z,2026-09-05T15:13:37+0200,f4a4df33-2f11-42fa-9163-dab973f5a049,2026-09-01T08:15:00Z,2026-09-01T10:15:00+0200,155.833333,MW,DK2,DK_2,forecast_onshore_wind_generation,Wind Onshore,2026-09-05T13:14:58Z
2026-09-05T13:13:37Z,2026-09-05T15:13:37+0200,f4a4df33-2f11-42fa-9163-dab973f5a049,2026-09-01T08:30:00Z,2026-09-01T10:30:00+0200,157.0,MW,DK2,DK_2,forecast_onshore_wind_generation,Wind Onshore,2026-09-05T13:14:58Z
2026-09-05T13:13:37Z,2026-09-05T15:13:37+0200,f4a4df33-2f11-42fa-9163-dab973f5a049,2026-09-01T08:45:00Z,2026-09-01T10:45:00+0200,158.666666,MW,DK2,DK_2,forecast_onshore_wind_generation,Wind Onshore,2026-09-05T13:14:58Z
2026-09-05T13:13:37Z,2026-09-05T15:13:37+0200,f4a4df33-2f11-42fa-9163-dab973f5a049,2026-09-01T09:00:00Z,2026-09-01T11:00:00+0200,160.666666,MW,DK2,DK_2,forecast_onshore_wind_generation,Wind Onshore,2026-09-05T13:14:58Z
2026-09-05T13:13:37Z,2026-09-05T15:13:37+0200,f4a4df33-2f11-42fa-9163-dab973f5a049,2026-09-01T09:15:00Z,2026-09-01T11:15:00+0200,164.0,MW,DK2,DK_2,forecast_onshore_wind_generation,Wind Onshore,2026-09-05T13:14:58Z
2026-09-05T13:13:37Z,2026-09-05T15:13:37+0200,f4a4df33-2f11-42fa-9163-dab973f5a049,2026-09-01T09:30:00Z,2026-09-01T11:30:00+0200,169.166666,MW,DK2,DK_2,forecast_onshore_wind_generation,Wind Onshore,2026-09-05T13:14:58Z
2026-09-05T13:13:37Z,2026-09-05T15:13:37+0200,f4a4df33-2f11-42fa-9163-dab973f5a049,2026-09-01T09:45:00Z,2026-09-01T11:45:00+0200,178.0,MW,DK2,DK_2,forecast_onshore_wind_generation,Wind Onshore,2026-09-05T13:14:58Z
2026-09-05T13:13:37Z,2026-09-05T15:13:37+0200,f4a4df33-2f11-42fa-9163-dab973f5a049,2026-09-01T10:00:00Z,2026-09-01T12:00:00+0200,187.666666,MW,DK2,DK_2,forecast_onshore_wind_generation,Wind Onshore,2026-09-05T13:14:58Z
2026-09-05T13:13:37Z,2026-09-05T15:13:37+0200,f4a4df33-2f11-42fa-9163-dab973f5a049,2026-09-01T10:15:00Z,2026-09-01T12:15:00+0200,195.333333,MW,DK2,DK_2,forecast_onshore_wind_generation,Wind Onshore,2026-09-05T13:14:58Z
2026-09-05T13:13:37Z,2026-09-05T15:13:37+0200,f4a4df33-2f11-42fa-9163-dab973f5a049,2026-09-01T10:30:00Z,2026-09-01T12:30:00+0200,201.5,MW,DK2,DK_2,forecast_onshore_wind_generation,Wind Onshore,2026-09-05T13:14:58Z
2026-09-05T13:13:37Z,2026-09-05T15:13:37+0200,f4a4df33-2f11-42fa-9163-dab973f5a049,2026-09-01T10:45:00Z,2026-09-01T12:45:00+0200,204.5,MW,DK2,DK_2,forecast_onshore_wind_generation,Wind Onshore,2026-09-05T13:14:58Z
2026-09-05T13:13:37Z,2026-09-05T15:13:37+0200,f4a4df33-2f11-42fa-9163-dab973f5a049,2026-09-01T11:00:00Z,2026-09-01T13:00:00+0200,205.0,MW,DK2,DK_2,forecast_onshore_wind_generation,Wind Onshore,2026-09-05T13:14:58Z
2026-09-05T13:13:37Z,2026-09-05T15:13:37+0200,f4a4df33-2f11-42fa-9163-dab973f5a049,2026-09-01T11:15:00Z,2026-09-01T13:15:00+0200,205.5,MW,DK2,DK_2,forecast_onshore_wind_generation,Wind Onshore,2026-09-05T13:14:58Z
2026-09-05T13:13:37Z,2026-09-05T15:13:37+0200,f4a4df33-2f11-42fa-9163-dab973f5a049,2026-09-01T11:30:00Z,2026-09-01T13:30:00+0200,206.833333,MW,DK2,DK_2,forecast_onshore_wind_generation,Wind Onshore,2026-09-05T13:14:58Z
2026-09-05T13:13:37Z,2026-09-05T15:13:37+0200,f4a4df33-2f11-42fa-9163-dab973f5a049,2026-09-01T11:45:00Z,2026-09-01T13:45:00+0200,205.5,MW,DK2,DK_2,forecast_onshore_wind_generation,Wind Onshore,2026-09-05T13:14:58Z
2026-09-05T13:13:37Z,2026-09-05T15:13:37+0200,f4a4df33-2f11-42fa-9163-dab973f5a049,2026-09-01T12:00:00Z,2026-09-01T14:00:00+0200,202.5,MW,DK2,DK_2,forecast_onshore_wind_generation,Wind Onshore,2026-09-05T13:14:58Z
2026-09-05T13:13:37Z,2026-09-05T15:13:37+0200,f4a4df33-2f11-42fa-9163-dab973f5a049,2026-09-01T12:15:00Z,2026-09-01T14:15:00+0200,201.5,MW,DK2,DK_2,forecast_onshore_wind_generation,Wind Onshore,2026-09-05T13:14:58Z
2026-09-05T13:13:37Z,2026-09-05T15:13:37+0200,f4a4df33-2f11-42fa-9163-dab973f5a049,2026-09-01T12:30:00Z,2026-09-01T14:30:00+0200,203.166666,MW,DK2,DK_2,forecast_onshore_wind_generation,Wind Onshore,2026-09-05T13:14:58Z
2026-09-05T13:13:37Z,2026-09-05T15:13:37+0200,f4a4df33-2f11-42fa-9163-dab973f5a049,2026-09-01T12:45:00Z,2026-09-01T14:45:00+0200,203.5,MW,DK2,DK_2,forecast_onshore_wind_generation,Wind Onshore,2026-09-05T13:14:58Z
2026-09-05T13:13:37Z,2026-09-05T15:13:37+0200,f4a4df33-2f11-42fa-9163-dab973f5a049,2026-09-01T13:00:00Z,2026-09-01T15:00:00+0200,204.5,MW,DK2,DK_2,forecast_onshore_wind_generation,Wind Onshore,2026-09-05T13:14:58Z
2026-09-05T13:13:37Z,2026-09-05T15:13:37+0200,f4a4df33-2f11-42fa-9163-dab973f5a049,2026-09-01T13:15:00Z,2026-09-01T15:15:00+0200,206.0,MW,DK2,DK_2,forecast_onshore_wind_generation,Wind Onshore,2026-09-05T13:14:58Z
2026-09-05T13:13:37Z,2026-09-05T15:13:37+0200,f4a4df33-2f11-42fa-9163-dab973f5a049,2026-09-01T13:30:00Z,2026-09-01T15:30:00+0200,208.5,MW,DK2,DK_2,forecast_onshore_wind_generation,Wind Onshore,2026-09-05T13:14:58Z
2026-09-05T13:13:37Z,2026-09-05T15:13:37+0200,f4a4df33-2f11-42fa-9163-dab973f5a049,2026-09-01T13:45:00Z,2026-09-01T15:45:00+0200,211.5,MW,DK2,DK_2,forecast_onshore_wind_generation,Wind Onshore,2026-09-05T13:14:58Z
2026-09-05T13:13:37Z,2026-09-05T15:13:37+0200,f4a4df33-2f11-42fa-9163-dab973f5a049,2026-09-01T14:00:00Z,2026-09-01T16:00:00+0200,214.333333,MW,DK2,DK_2,forecast_onshore_wind_generation,Wind Onshore,2026-09-05T13:14:58Z
2026-09-05T13:13:37Z,2026-09-05T15:13:37+0200,f4a4df33-2f11-42fa-9163-dab973f5a049,2026-09-01T14:15:00Z,2026-09-01T16:15:00+0200,216.833333,MW,DK2,DK_2,forecast_onshore_wind_generation,Wind Onshore,2026-09-05T13:14:58Z
2026-09-05T13:13:37Z,2026-09-05T15:13:37+0200,f4a4df33-2f11-42fa-9163-dab973f5a049,2026-09-01T14:30:00Z,2026-09-01T16:30:00+0200,218.5,MW,DK2,DK_2,forecast_onshore_wind_generation,Wind Onshore,2026-09-05T13:14:58Z
2026-09-05T13:13:37Z,2026-09-05T15:13:37+0200,f4a4df33-2f11-42fa-9163-dab973f5a049,2026-09-01T14:45:00Z,2026-09-01T16:45:00+0200,219.666666,MW,DK2,DK_2,forecast_onshore_wind_generation,Wind Onshore,2026-09-05T13:14:58Z
2026-09-05T13:13:37Z,2026-09-05T15:13:37+0200,f4a4df33-2f11-42fa-9163-dab973f5a049,2026-09-01T15:00:00Z,2026-09-01T17:00:00+0200,220.833333,MW,DK2,DK_2,forecast_onshore_wind_generation,Wind Onshore,2026-09-05T13:14:58Z
2026-09-05T13:13:37Z,2026-09-05T15:13:37+0200,f4a4df33-2f11-42fa-9163-dab973f5a049,2026-09-01T15:15:00Z,2026-09-01T17:15:00+0200,218.333333,MW,DK2,DK_2,forecast_onshore_wind_generation,Wind Onshore,2026-09-05T13:14:58Z
2026-09-05T13:13:37Z,2026-09-05T15:13:37+0200,f4a4df33-2f11-42fa-9163-dab973f5a049,2026-09-01T15:30:00Z,2026-09-01T17:30:00+0200,214.5,MW,DK2,DK_2,forecast_onshore_wind_generation,Wind Onshore,2026-09-05T13:14:58Z
2026-09-05T13:13:37Z,2026-09-05T15:13:37+0200,f4a4df33-2f11-42fa-9163-dab973f5a049,2026-09-01T15:45:00Z,2026-09-01T17:45:00+0200,210.666666,MW,DK2,DK_2,forecast_onshore_wind_generation,Wind Onshore,2026-09-05T13:14:58Z
2026-09-05T13:13:37Z,2026-09-05T15:13:37+0200,f4a4df33-2f11-42fa-9163-dab973f5a049,2026-09-01T16:00:00Z,2026-09-01T18:00:00+0200,206.666666,MW,DK2,DK_2,forecast_onshore_wind_generation,Wind Onshore,2026-09-05T13:14:58Z
2026-09-05T13:13:37Z,2026-09-05T15:13:37+0200,f4a4df33-2f11-42fa-9163-dab973f5a049,2026-09-01T16:15:00Z,2026-09-01T18:15:00+0200,202.5,MW,DK2,DK_2,forecast_onshore_wind_generation,Wind Onshore,2026-09-05T13:14:58Z
2026-09-05T13:13:37Z,2026-09-05T15:13:37+0200,f4a4df33-2f11-42fa-9163-dab973f5a049,2026-09-01T16:30:00Z,2026-09-01T18:30:00+0200,197.833333,MW,DK2,DK_2,forecast_onshore_wind_generation,Wind Onshore,2026-09-05T13:14:58Z
2026-09-05T13:13:37Z,2026-09-05T15:13:37+0200,f4a4df33-2f11-42fa-9163-dab973f5a049,2026-09-01T16:45:00Z,2026-09-01T18:45:00+0200,191.833333,MW,DK2,DK_2,forecast_onshore_wind_generation,Wind Onshore,2026-09-05T13:14:58Z
2026-09-05T13:13:37Z,2026-09-05T15:13:37+0200,f4a4df33-2f11-42fa-9163-dab973f5a049,2026-09-01T17:00:00Z,2026-09-01T19:00:00+0200,181.833333,MW,DK2,DK_2,forecast_onshore_wind_generation,Wind Onshore,2026-09-05T13:14:58Z
2026-09-05T13:13:37Z,2026-09-05T15:13:37+0200,f4a4df33-2f11-42fa-9163-dab973f5a049,2026-09-01T17:15:00Z,2026-09-01T19:15:00+0200,169.0,MW,DK2,DK_2,forecast_onshore_wind_generation,Wind Onshore,2026-09-05T13:14:58Z
2026-09-05T13:13:37Z,2026-09-05T15:13:37+0200,f4a4df33-2f11-42fa-9163-dab973f5a049,2026-09-01T17:30:00Z,2026-09-01T19:30:00+0200,158.333333,MW,DK2,DK_2,forecast_onshore_wind_generation,Wind Onshore,2026-09-05T13:14:58Z
2026-09-05T13:13:37Z,2026-09-05T15:13:37+0200,f4a4df33-2f11-42fa-9163-dab973f5a049,2026-09-01T17:45:00Z,2026-09-01T19:45:00+0200,148.666666,MW,DK2,DK_2,forecast_onshore_wind_generation,Wind Onshore,2026-09-05T13:14:58Z
2026-09-05T13:13:37Z,2026-09-05T15:13:37+0200,f4a4df33-2f11-42fa-9163-dab973f5a049,2026-09-01T18:00:00Z,2026-09-01T20:00:00+0200,143.166666,MW,DK2,DK_2,forecast_onshore_wind_generation,Wind Onshore,2026-09-05T13:14:58Z
2026-09-05T13:13:37Z,2026-09-05T15:13:37+0200,f4a4df33-2f11-42fa-9163-dab973f5a049,2026-09-01T18:15:00Z,2026-09-01T20:15:00+0200,144.166666,MW,DK2,DK_2,forecast_onshore_wind_generation,Wind Onshore,2026-09-05T13:14:58Z
2026-09-05T13:13:37Z,2026-09-05T15:13:37+0200,f4a4df33-2f11-42fa-9163-dab973f5a049,2026-09-01T18:30:00Z,2026-09-01T20:30:00+0200,149.833333,MW,DK2,DK_2,forecast_onshore_wind_generation,Wind Onshore,2026-09-05T13:14:58Z
2026-09-05T13:13:37Z,2026-09-05T15:13:37+0200,f4a4df33-2f11-42fa-9163-dab973f5a049,2026-09-01T18:45:00Z,2026-09-01T20:45:00+0200,152.0,MW,DK2,DK_2,forecast_onshore_wind_generation,Wind Onshore,2026-09-05T13:14:58Z
2026-09-05T13:13:37Z,2026-09-05T15:13:37+0200,f4a4df33-2f11-42fa-9163-dab973f5a049,2026-09-01T19:00:00Z,2026-09-01T21:00:00+0200,151.0,MW,DK2,DK_2,forecast_onshore_wind_generation,Wind Onshore,2026-09-05T13:14:58Z
2026-09-05T13:13:37Z,2026-09-05T15:13:37+0200,f4a4df33-2f11-42fa-9163-dab973f5a049,2026-09-01T19:15:00Z,2026-09-01T21:15:00+0200,148.5,MW,DK2,DK_2,forecast_onshore_wind_generation,Wind Onshore,2026-09-05T13:14:58Z
2026-09-05T13:13:37Z,2026-09-05T15:13:37+0200,f4a4df33-2f11-42fa-9163-dab973f5a049,2026-09-01T19:30:00Z,2026-09-01T21:30:00+0200,144.666666,MW,DK2,DK_2,forecast_onshore_wind_generation,Wind Onshore,2026-09-05T13:14:58Z
2026-09-05T13:13:37Z,2026-09-05T15:13:37+0200,f4a4df33-2f11-42fa-9163-dab973f5a049,2026-09-01T19:45:00Z,2026-09-01T21:45:00+0200,142.0,MW,DK2,DK_2,forecast_onshore_wind_generation,Wind Onshore,2026-09-05T13:14:58Z
2026-09-05T13:13:37Z,2026-09-05T15:13:37+0200,f4a4df33-2f11-42fa-9163-dab973f5a049,2026-09-01T20:00:00Z,2026-09-01T22:00:00+0200,140.5,MW,DK2,DK_2,forecast_onshore_wind_generation,Wind Onshore,2026-09-05T13:14:58Z
2026-09-05T13:13:37Z,2026-09-05T15:13:37+0200,f4a4df33-2f11-42fa-9163-dab973f5a049,2026-09-01T20:15:00Z,2026-09-01T22:15:00+0200,139.833333,MW,DK2,DK_2,forecast_onshore_wind_generation,Wind Onshore,2026-09-05T13:14:58Z
2026-09-05T13:13:37Z,2026-09-05T15:13:37+0200,f4a4df33-2f11-42fa-9163-dab973f5a049,2026-09-01T20:30:00Z,2026-09-01T22:30:00+0200,139.0,MW,DK2,DK_2,forecast_onshore_wind_generation,Wind Onshore,2026-09-05T13:14:58Z
2026-09-05T13:13:37Z,2026-09-05T15:13:37+0200,f4a4df33-2f11-42fa-9163-dab973f5a049,2026-09-01T20:45:00Z,2026-09-01T22:45:00+0200,138.333333,MW,DK2,DK_2,forecast_onshore_wind_generation,Wind Onshore,2026-09-05T13:14:58Z
2026-09-05T13:13:37Z,2026-09-05T15:13:37+0200,f4a4df33-2f11-42fa-9163-dab973f5a049,2026-09-01T21:00:00Z,2026-09-01T23:00:00+0200,135.333333,MW,DK2,DK_2,forecast_onshore_wind_generation,Wind Onshore,2026-09-05T13:14:58Z
2026-09-05T13:13:37Z,2026-09-05T15:13:37+0200,f4a4df33-2f11-42fa-9163-dab973f5a049,2026-09-01T21:15:00Z,2026-09-01T23:15:00+0200,130.833333,MW,DK2,DK_2,forecast_onshore_wind_generation,Wind Onshore,2026-09-05T13:14:58Z
2026-09-05T13:13:37Z,2026-09-05T15:13:37+0200,f4a4df33-2f11-42fa-9163-dab973f5a049,2026-09-01T21:30:00Z,2026-09-01T23:30:00+0200,125.5,MW,DK2,DK_2,forecast_onshore_wind_generation,Wind Onshore,2026-09-05T13:14:58Z
2026-09-05T13:13:37Z,2026-09-05T15:13:37+0200,f4a4df33-2f11-42fa-9163-dab973f5a049,2026-09-01T21:45:00Z,2026-09-01T23:45:00+0200,123.0,MW,DK2,DK_2,forecast_onshore_wind_generation,Wind Onshore,2026-09-05T13:14:58Z
2026-09-05T13:13:37Z,2026-09-05T15:13:37+0200,f4a4df33-2f11-42fa-9163-dab973f5a049,2026-09-01T22:00:00Z,2026-09-02T00:00:00+0200,147.5,MW,DK2,DK_2,forecast_onshore_wind_generation,Wind Onshore,2026-09-05T13:14:58Z
2026-09-05T13:13:37Z,2026-09-05T15:13:37+0200,f4a4df33-2f11-42fa-9163-dab973f5a049,2026-09-01T22:15:00Z,2026-09-02T00:15:00+0200,144.833333,MW,DK2,DK_2,forecast_onshore_wind_generation,Wind Onshore,2026-09-05T13:14:58Z
2026-09-05T13:13:37Z,2026-09-05T15:13:37+0200,f4a4df33-2f11-42fa-9163-dab973f5a049,2026-09-01T22:30:00Z,2026-09-02T00:30:00+0200,141.333333,MW,DK2,DK_2,forecast_onshore_wind_generation,Wind Onshore,2026-09-05T13:14:58Z
2026-09-05T13:13:37Z,2026-09-05T15:13:37+0200,f4a4df33-2f11-42fa-9163-dab973f5a049,2026-09-01T22:45:00Z,2026-09-02T00:45:00+0200,136.0,MW,DK2,DK_2,forecast_onshore_wind_generation,Wind Onshore,2026-09-05T13:14:58Z
2026-09-05T13:13:37Z,2026-09-05T15:13:37+0200,f4a4df33-2f11-42fa-9163-dab973f5a049,2026-09-01T23:00:00Z,2026-09-02T01:00:00+0200,129.0,MW,DK2,DK_2,forecast_onshore_wind_generation,Wind Onshore,2026-09-05T13:14:58Z
2026-09-05T13:13:37Z,2026-09-05T15:13:37+0200,f4a4df33-2f11-42fa-9163-dab973f5a049,2026-09-01T23:15:00Z,2026-09-02T01:15:00+0200,120.666666,MW,DK2,DK_2,forecast_onshore_wind_generation,Wind Onshore,2026-09-05T13:14:58Z
2026-09-05T13:13:37Z,2026-09-05T15:13:37+0200,f4a4df33-2f11-42fa-9163-dab973f5a049,2026-09-01T23:30:00Z,2026-09-02T01:30:00+0200,113.166666,MW,DK2,DK_2,forecast_onshore_wind_generation,Wind Onshore,2026-09-05T13:14:58Z
2026-09-05T13:13:37Z,2026-09-05T15:13:37+0200,f4a4df33-2f11-42fa-9163-dab973f5a049,2026-09-01T23:45:00Z,2026-09-02T01:45:00+0200,109.166666,MW,DK2,DK_2,forecast_onshore_wind_generation,Wind Onshore,2026-09-05T13:14:58Z
2026-09-05T13:13:37Z,2026-09-05T15:13:37+0200,f4a4df33-2f11-42fa-9163-dab973f5a049,2026-09-02T00:00:00Z,2026-09-02T02:00:00+0200,108.5,MW,DK2,DK_2,forecast_onshore_wind_generation,Wind Onshore,2026-09-05T13:14:58Z
2026-09-05T13:13:37Z,2026-09-05T15:13:37+0200,f4a4df33-2f11-42fa-9163-dab973f5a049,2026-09-02T00:15:00Z,2026-09-02T02:15:00+0200,107.833333,MW,DK2,DK_2,forecast_onshore_wind_generation,Wind Onshore,2026-09-05T13:14:58Z
2026-09-05T13:13:37Z,2026-09-05T15:13:37+0200,f4a4df33-2f11-42fa-9163-dab973f5a049,2026-09-02T00:30:00Z,2026-09-02T02:30:00+0200,107.0,MW,DK2,DK_2,forecast_onshore_wind_generation,Wind Onshore,2026-09-05T13:14:58Z
2026-09-05T13:13:37Z,2026-09-05T15:13:37+0200,f4a4df33-2f11-42fa-9163-dab973f5a049,2026-09-02T00:45:00Z,2026-09-02T02:45:00+0200,107.0,MW,DK2,DK_2,forecast_onshore_wind_generation,Wind Onshore,2026-09-05T13:14:58Z
2026-09-05T13:13:37Z,2026-09-05T15:13:37+0200,f4a4df33-2f11-42fa-9163-dab973f5a049,2026-09-02T01:00:00Z,2026-09-02T03:00:00+0200,107.0,MW,DK2,DK_2,forecast_onshore_wind_generation,Wind Onshore,2026-09-05T13:14:58Z
2026-09-05T13:13:37Z,2026-09-05T15:13:37+0200,f4a4df33-2f11-42fa-9163-dab973f5a049,2026-09-02T01:15:00Z,2026-09-02T03:15:00+0200,107.166666,MW,DK2,DK_2,forecast_onshore_wind_generation,Wind Onshore,2026-09-05T13:14:58Z
2026-09-05T13:13:37Z,2026-09-05T15:13:37+0200,f4a4df33-2f11-42fa-9163-dab973f5a049,2026-09-02T01:30:00Z,2026-09-02T03:30:00+0200,108.166666,MW,DK2,DK_2,forecast_onshore_wind_generation,Wind Onshore,2026-09-05T13:14:58Z
2026-09-05T13:13:37Z,2026-09-05T15:13:37+0200,f4a4df33-2f11-42fa-9163-dab973f5a049,2026-09-02T01:45:00Z,2026-09-02T03:45:00+0200,109.833333,MW,DK2,DK_2,forecast_onshore_wind_generation,Wind Onshore,2026-09-05T13:14:58Z
2026-09-05T13:13:37Z,2026-09-05T15:13:37+0200,f4a4df33-2f11-42fa-9163-dab973f5a049,2026-09-02T02:00:00Z,2026-09-02T04:00:00+0200,111.333333,MW,DK2,DK_2,forecast_onshore_wind_generation,Wind Onshore,2026-09-05T13:14:58Z
2026-09-05T13:13:37Z,2026-09-05T15:13:37+0200,f4a4df33-2f11-42fa-9163-dab973f5a049,2026-09-02T02:15:00Z,2026-09-02T04:15:00+0200,114.0,MW,DK2,DK_2,forecast_onshore_wind_generation,Wind Onshore,2026-09-05T13:14:58Z
2026-09-05T13:13:37Z,2026-09-05T15:13:37+0200,f4a4df33-2f11-42fa-9163-dab973f5a049,2026-09-02T02:30:00Z,2026-09-02T04:30:00+0200,118.166666,MW,DK2,DK_2,forecast_onshore_wind_generation,Wind Onshore,2026-09-05T13:14:58Z
2026-09-05T13:13:37Z,2026-09-05T15:13:37+0200,f4a4df33-2f11-42fa-9163-dab973f5a049,2026-09-02T02:45:00Z,2026-09-02T04:45:00+0200,125.666666,MW,DK2,DK_2,forecast_onshore_wind_generation,Wind Onshore,2026-09-05T13:14:58Z
2026-09-05T13:13:37Z,2026-09-05T15:13:37+0200,f4a4df33-2f11-42fa-9163-dab973f5a049,2026-09-02T03:00:00Z,2026-09-02T05:00:00+0200,133.5,MW,DK2,DK_2,forecast_onshore_wind_generation,Wind Onshore,2026-09-05T13:14:58Z
2026-09-05T13:13:37Z,2026-09-05T15:13:37+0200,f4a4df33-2f11-42fa-9163-dab973f5a049,2026-09-02T03:15:00Z,2026-09-02T05:15:00+0200,143.0,MW,DK2,DK_2,forecast_onshore_wind_generation,Wind Onshore,2026-09-05T13:14:58Z
2026-09-05T13:13:37Z,2026-09-05T15:13:37+0200,f4a4df33-2f11-42fa-9163-dab973f5a049,2026-09-02T03:30:00Z,2026-09-02T05:30:00+0200,153.333333,MW,DK2,DK_2,forecast_onshore_wind_generation,Wind Onshore,2026-09-05T13:14:58Z
2026-09-05T13:13:37Z,2026-09-05T15:13:37+0200,f4a4df33-2f11-42fa-9163-dab973f5a049,2026-09-02T03:45:00Z,2026-09-02T05:45:00+0200,161.833333,MW,DK2,DK_2,forecast_onshore_wind_generation,Wind Onshore,2026-09-05T13:14:58Z
2026-09-05T13:13:37Z,2026-09-05T15:13:37+0200,f4a4df33-2f11-42fa-9163-dab973f5a049,2026-09-02T04:00:00Z,2026-09-02T06:00:00+0200,167.333333,MW,DK2,DK_2,forecast_onshore_wind_generation,Wind Onshore,2026-09-05T13:14:58Z
2026-09-05T13:13:37Z,2026-09-05T15:13:37+0200,f4a4df33-2f11-42fa-9163-dab973f5a049,2026-09-02T04:15:00Z,2026-09-02T06:15:00+0200,168.5,MW,DK2,DK_2,forecast_onshore_wind_generation,Wind Onshore,2026-09-05T13:14:58Z
2026-09-05T13:13:37Z,2026-09-05T15:13:37+0200,f4a4df33-2f11-42fa-9163-dab973f5a049,2026-09-02T04:30:00Z,2026-09-02T06:30:00+0200,166.5,MW,DK2,DK_2,forecast_onshore_wind_generation,Wind Onshore,2026-09-05T13:14:58Z
2026-09-05T13:13:37Z,2026-09-05T15:13:37+0200,f4a4df33-2f11-42fa-9163-dab973f5a049,2026-09-02T04:45:00Z,2026-09-02T06:45:00+0200,163.5,MW,DK2,DK_2,forecast_onshore_wind_generation,Wind Onshore,2026-09-05T13:14:58Z
2026-09-05T13:13:37Z,2026-09-05T15:13:37+0200,f4a4df33-2f11-42fa-9163-dab973f5a049,2026-09-02T05:00:00Z,2026-09-02T07:00:00+0200,161.666666,MW,DK2,DK_2,forecast_onshore_wind_generation,Wind Onshore,2026-09-05T13:14:58Z
2026-09-05T13:13:37Z,2026-09-05T15:13:37+0200,f4a4df33-2f11-42fa-9163-dab973f5a049,2026-09-02T05:15:00Z,2026-09-02T07:15:00+0200,163.5,MW,DK2,DK_2,forecast_onshore_wind_generation,Wind Onshore,2026-09-05T13:14:58Z
2026-09-05T13:13:37Z,2026-09-05T15:13:37+0200,f4a4df33-2f11-42fa-9163-dab973f5a049,2026-09-02T05:30:00Z,2026-09-02T07:30:00+0200,165.5,MW,DK2,DK_2,forecast_onshore_wind_generation,Wind Onshore,2026-09-05T13:14:58Z
2026-09-05T13:13:37Z,2026-09-05T15:13:37+0200,f4a4df33-2f11-42fa-9163-dab973f5a049,2026-09-02T05:45:00Z,2026-09-02T07:45:00+0200,166.833333,MW,DK2,DK_2,forecast_onshore_wind_generation,Wind Onshore,2026-09-05T13:14:58Z
2026-09-05T13:13:37Z,2026-09-05T15:13:37+0200,f4a4df33-2f11-42fa-9163-dab973f5a049,2026-09-02T06:00:00Z,2026-09-02T08:00:00+0200,168.5,MW,DK2,DK_2,forecast_onshore_wind_generation,Wind Onshore,2026-09-05T13:14:58Z
2026-09-05T13:13:37Z,2026-09-05T15:13:37+0200,f4a4df33-2f11-42fa-9163-dab973f5a049,2026-09-02T06:15:00Z,2026-09-02T08:15:00+0200,172.5,MW,DK2,DK_2,forecast_onshore_wind_generation,Wind Onshore,2026-09-05T13:14:58Z
2026-09-05T13:13:37Z,2026-09-05T15:13:37+0200,f4a4df33-2f11-42fa-9163-dab973f5a049,2026-09-02T06:30:00Z,2026-09-02T08:30:00+0200,178.0,MW,DK2,DK_2,forecast_onshore_wind_generation,Wind Onshore,2026-09-05T13:14:58Z
2026-09-05T13:13:37Z,2026-09-05T15:13:37+0200,f4a4df33-2f11-42fa-9163-dab973f5a049,2026-09-02T06:45:00Z,2026-09-02T08:45:00+0200,186.166666,MW,DK2,DK_2,forecast_onshore_wind_generation,Wind Onshore,2026-09-05T13:14:58Z
2026-09-05T13:13:37Z,2026-09-05T15:13:37+0200,f4a4df33-2f11-42fa-9163-dab973f5a049,2026-09-02T07:00:00Z,2026-09-02T09:00:00+0200,198.0,MW,DK2,DK_2,forecast_onshore_wind_generation,Wind Onshore,2026-09-05T13:14:58Z
2026-09-05T13:13:37Z,2026-09-05T15:13:37+0200,f4a4df33-2f11-42fa-9163-dab973f5a049,2026-09-02T07:15:00Z,2026-09-02T09:15:00+0200,206.5,MW,DK2,DK_2,forecast_onshore_wind_generation,Wind Onshore,2026-09-05T13:14:58Z
2026-09-05T13:13:37Z,2026-09-05T15:13:37+0200,f4a4df33-2f11-42fa-9163-dab973f5a049,2026-09-02T07:30:00Z,2026-09-02T09:30:00+0200,211.5,MW,DK2,DK_2,forecast_onshore_wind_generation,Wind Onshore,2026-09-05T13:14:58Z
2026-09-05T13:13:37Z,2026-09-05T15:13:37+0200,f4a4df33-2f11-42fa-9163-dab973f5a049,2026-09-02T07:45:00Z,2026-09-02T09:45:00+0200,217.0,MW,DK2,DK_2,forecast_onshore_wind_generation,Wind Onshore,2026-09-05T13:14:58Z
2026-09-05T13:13:37Z,2026-09-05T15:13:37+0200,f4a4df33-2f11-42fa-9163-dab973f5a049,2026-09-02T08:00:00Z,2026-09-02T10:00:00+0200,223.833333,MW,DK2,DK_2,forecast_onshore_wind_generation,Wind Onshore,2026-09-05T13:14:58Z
2026-09-05T13:13:37Z,2026-09-05T15:13:37+0200,f4a4df33-2f11-42fa-9163-dab973f5a049,2026-09-02T08:15:00Z,2026-09-02T10:15:00+0200,226.833333,MW,DK2,DK_2,forecast_onshore_wind_generation,Wind Onshore,2026-09-05T13:14:58Z
2026-09-05T13:13:37Z,2026-09-05T15:13:37+0200,f4a4df33-2f11-42fa-9163-dab973f5a049,2026-09-02T08:30:00Z,2026-09-02T10:30:00+0200,226.0,MW,DK2,DK_2,forecast_onshore_wind_generation,Wind Onshore,2026-09-05T13:14:58Z
2026-09-05T13:13:37Z,2026-09-05T15:13:37+0200,f4a4df33-2f11-42fa-9163-dab973f5a049,2026-09-02T08:45:00Z,2026-09-02T10:45:00+0200,227.333333,MW,DK2,DK_2,forecast_onshore_wind_generation,Wind Onshore,2026-09-05T13:14:58Z
2026-09-05T13:13:37Z,2026-09-05T15:13:37+0200,f4a4df33-2f11-42fa-9163-dab973f5a049,2026-09-02T09:00:00Z,2026-09-02T11:00:00+0200,229.0,MW,DK2,DK_2,forecast_onshore_wind_generation,Wind Onshore,2026-09-05T13:14:58Z
2026-09-05T13:13:37Z,2026-09-05T15:13:37+0200,f4a4df33-2f11-42fa-9163-dab973f5a049,2026-09-02T09:15:00Z,2026-09-02T11:15:00+0200,232.0,MW,DK2,DK_2,forecast_onshore_wind_generation,Wind Onshore,2026-09-05T13:14:58Z
2026-09-05T13:13:37Z,2026-09-05T15:13:37+0200,f4a4df33-2f11-42fa-9163-dab973f5a049,2026-09-02T09:30:00Z,2026-09-02T11:30:00+0200,237.0,MW,DK2,DK_2,forecast_onshore_wind_generation,Wind Onshore,2026-09-05T13:14:58Z
2026-09-05T13:13:37Z,2026-09-05T15:13:37+0200,f4a4df33-2f11-42fa-9163-dab973f5a049,2026-09-02T09:45:00Z,2026-09-02T11:45:00+0200,243.0,MW,DK2,DK_2,forecast_onshore_wind_generation,Wind Onshore,2026-09-05T13:14:58Z
2026-09-05T13:13:37Z,2026-09-05T15:13:37+0200,f4a4df33-2f11-42fa-9163-dab973f5a049,2026-09-02T10:00:00Z,2026-09-02T12:00:00+0200,248.166666,MW,DK2,DK_2,forecast_onshore_wind_generation,Wind Onshore,2026-09-05T13:14:58Z
2026-09-05T13:13:37Z,2026-09-05T15:13:37+0200,f4a4df33-2f11-42fa-9163-dab973f5a049,2026-09-02T10:15:00Z,2026-09-02T12:15:00+0200,251.166666,MW,DK2,DK_2,forecast_onshore_wind_generation,Wind Onshore,2026-09-05T13:14:58Z
2026-09-05T13:13:37Z,2026-09-05T15:13:37+0200,f4a4df33-2f11-42fa-9163-dab973f5a049,2026-09-02T10:30:00Z,2026-09-02T12:30:00+0200,253.5,MW,DK2,DK_2,forecast_onshore_wind_generation,Wind Onshore,2026-09-05T13:14:58Z
2026-09-05T13:13:37Z,2026-09-05T15:13:37+0200,f4a4df33-2f11-42fa-9163-dab973f5a049,2026-09-02T10:45:00Z,2026-09-02T12:45:00+0200,255.0,MW,DK2,DK_2,forecast_onshore_wind_generation,Wind Onshore,2026-09-05T13:14:58Z
2026-09-05T13:13:37Z,2026-09-05T15:13:37+0200,f4a4df33-2f11-42fa-9163-dab973f5a049,2026-09-02T11:00:00Z,2026-09-02T13:00:00+0200,254.5,MW,DK2,DK_2,forecast_onshore_wind_generation,Wind Onshore,2026-09-05T13:14:58Z
2026-09-05T13:13:37Z,2026-09-05T15:13:37+0200,f4a4df33-2f11-42fa-9163-dab973f5a049,2026-09-02T11:15:00Z,2026-09-02T13:15:00+0200,254.5,MW,DK2,DK_2,forecast_onshore_wind_generation,Wind Onshore,2026-09-05T13:14:58Z
2026-09-05T13:13:37Z,2026-09-05T15:13:37+0200,f4a4df33-2f11-42fa-9163-dab973f5a049,2026-09-02T11:30:00Z,2026-09-02T13:30:00+0200,256.333333,MW,DK2,DK_2,forecast_onshore_wind_generation,Wind Onshore,2026-09-05T13:14:58Z
2026-09-05T13:13:37Z,2026-09-05T15:13:37+0200,f4a4df33-2f11-42fa-9163-dab973f5a049,2026-09-02T11:45:00Z,2026-09-02T13:45:00+0200,255.5,MW,DK2,DK_2,forecast_onshore_wind_generation,Wind Onshore,2026-09-05T13:14:58Z
2026-09-05T13:13:37Z,2026-09-05T15:13:37+0200,f4a4df33-2f11-42fa-9163-dab973f5a049,2026-09-02T12:00:00Z,2026-09-02T14:00:00+0200,250.166666,MW,DK2,DK_2,forecast_onshore_wind_generation,Wind Onshore,2026-09-05T13:14:58Z
2026-09-05T13:13:37Z,2026-09-05T15:13:37+0200,f4a4df33-2f11-42fa-9163-dab973f5a049,2026-09-02T12:15:00Z,2026-09-02T14:15:00+0200,244.833333,MW,DK2,DK_2,forecast_onshore_wind_generation,Wind Onshore,2026-09-05T13:14:58Z
2026-09-05T13:13:37Z,2026-09-05T15:13:37+0200,f4a4df33-2f11-42fa-9163-dab973f5a049,2026-09-02T12:30:00Z,2026-09-02T14:30:00+0200,240.5,MW,DK2,DK_2,forecast_onshore_wind_generation,Wind Onshore,2026-09-05T13:14:58Z
2026-09-05T13:13:37Z,2026-09-05T15:13:37+0200,f4a4df33-2f11-42fa-9163-dab973f5a049,2026-09-02T12:45:00Z,2026-09-02T14:45:00+0200,237.333333,MW,DK2,DK_2,forecast_onshore_wind_generation,Wind Onshore,2026-09-05T13:14:58Z
2026-09-05T13:13:37Z,2026-09-05T15:13:37+0200,f4a4df33-2f11-42fa-9163-dab973f5a049,2026-09-02T13:00:00Z,2026-09-02T15:00:00+0200,235.833333,MW,DK2,DK_2,forecast_onshore_wind_generation,Wind Onshore,2026-09-05T13:14:58Z
2026-09-05T13:13:37Z,2026-09-05T15:13:37+0200,f4a4df33-2f11-42fa-9163-dab973f5a049,2026-09-02T13:15:00Z,2026-09-02T15:15:00+0200,231.0,MW,DK2,DK_2,forecast_onshore_wind_generation,Wind Onshore,2026-09-05T13:14:58Z
2026-09-05T13:13:37Z,2026-09-05T15:13:37+0200,f4a4df33-2f11-42fa-9163-dab973f5a049,2026-09-02T13:30:00Z,2026-09-02T15:30:00+0200,227.166666,MW,DK2,DK_2,forecast_onshore_wind_generation,Wind Onshore,2026-09-05T13:14:58Z
2026-09-05T13:13:37Z,2026-09-05T15:13:37+0200,f4a4df33-2f11-42fa-9163-dab973f5a049,2026-09-02T13:45:00Z,2026-09-02T15:45:00+0200,227.666666,MW,DK2,DK_2,forecast_onshore_wind_generation,Wind Onshore,2026-09-05T13:14:58Z
2026-09-05T13:13:37Z,2026-09-05T15:13:37+0200,f4a4df33-2f11-42fa-9163-dab973f5a049,2026-09-02T14:00:00Z,2026-09-02T16:00:00+0200,231.0,MW,DK2,DK_2,forecast_onshore_wind_generation,Wind Onshore,2026-09-05T13:14:58Z
2026-09-05T13:13:37Z,2026-09-05T15:13:37+0200,f4a4df33-2f11-42fa-9163-dab973f5a049,2026-09-02T14:15:00Z,2026-09-02T16:15:00+0200,234.666666,MW,DK2,DK_2,forecast_onshore_wind_generation,Wind Onshore,2026-09-05T13:14:58Z
2026-09-05T13:13:37Z,2026-09-05T15:13:37+0200,f4a4df33-2f11-42fa-9163-dab973f5a049,2026-09-02T14:30:00Z,2026-09-02T16:30:00+0200,238.333333,MW,DK2,DK_2,forecast_onshore_wind_generation,Wind Onshore,2026-09-05T13:14:58Z
2026-09-05T13:13:37Z,2026-09-05T15:13:37+0200,f4a4df33-2f11-42fa-9163-dab973f5a049,2026-09-02T14:45:00Z,2026-09-02T16:45:00+0200,238.833333,MW,DK2,DK_2,forecast_onshore_wind_generation,Wind Onshore,2026-09-05T13:14:58Z
2026-09-05T13:13:37Z,2026-09-05T15:13:37+0200,f4a4df33-2f11-42fa-9163-dab973f5a049,2026-09-02T15:00:00Z,2026-09-02T17:00:00+0200,232.666666,MW,DK2,DK_2,forecast_onshore_wind_generation,Wind Onshore,2026-09-05T13:14:58Z
2026-09-05T13:13:37Z,2026-09-05T15:13:37+0200,f4a4df33-2f11-42fa-9163-dab973f5a049,2026-09-02T15:15:00Z,2026-09-02T17:15:00+0200,215.666666,MW,DK2,DK_2,forecast_onshore_wind_generation,Wind Onshore,2026-09-05T13:14:58Z
2026-09-05T13:13:37Z,2026-09-05T15:13:37+0200,f4a4df33-2f11-42fa-9163-dab973f5a049,2026-09-02T15:30:00Z,2026-09-02T17:30:00+0200,199.0,MW,DK2,DK_2,forecast_onshore_wind_generation,Wind Onshore,2026-09-05T13:14:58Z
2026-09-05T13:13:37Z,2026-09-05T15:13:37+0200,f4a4df33-2f11-42fa-9163-dab973f5a049,2026-09-02T15:45:00Z,2026-09-02T17:45:00+0200,186.666666,MW,DK2,DK_2,forecast_onshore_wind_generation,Wind Onshore,2026-09-05T13:14:58Z
2026-09-05T13:13:37Z,2026-09-05T15:13:37+0200,f4a4df33-2f11-42fa-9163-dab973f5a049,2026-09-02T16:00:00Z,2026-09-02T18:00:00+0200,177.666666,MW,DK2,DK_2,forecast_onshore_wind_generation,Wind Onshore,2026-09-05T13:14:58Z
2026-09-05T13:13:37Z,2026-09-05T15:13:37+0200,f4a4df33-2f11-42fa-9163-dab973f5a049,2026-09-02T16:15:00Z,2026-09-02T18:15:00+0200,171.5,MW,DK2,DK_2,forecast_onshore_wind_generation,Wind Onshore,2026-09-05T13:14:58Z
2026-09-05T13:13:37Z,2026-09-05T15:13:37+0200,f4a4df33-2f11-42fa-9163-dab973f5a049,2026-09-02T16:30:00Z,2026-09-02T18:30:00+0200,168.333333,MW,DK2,DK_2,forecast_onshore_wind_generation,Wind Onshore,2026-09-05T13:14:58Z
2026-09-05T13:13:37Z,2026-09-05T15:13:37+0200,f4a4df33-2f11-42fa-9163-dab973f5a049,2026-09-02T16:45:00Z,2026-09-02T18:45:00+0200,164.666666,MW,DK2,DK_2,forecast_onshore_wind_generation,Wind Onshore,2026-09-05T13:14:58Z
2026-09-05T13:13:37Z,2026-09-05T15:13:37+0200,f4a4df33-2f11-42fa-9163-dab973f5a049,2026-09-02T17:00:00Z,2026-09-02T19:00:00+0200,155.0,MW,DK2,DK_2,forecast_onshore_wind_generation,Wind Onshore,2026-09-05T13:14:58Z
2026-09-05T13:13:37Z,2026-09-05T15:13:37+0200,f4a4df33-2f11-42fa-9163-dab973f5a049,2026-09-02T17:15:00Z,2026-09-02T19:15:00+0200,143.833333,MW,DK2,DK_2,forecast_onshore_wind_generation,Wind Onshore,2026-09-05T13:14:58Z
2026-09-05T13:13:37Z,2026-09-05T15:13:37+0200,f4a4df33-2f11-42fa-9163-dab973f5a049,2026-09-02T17:30:00Z,2026-09-02T19:30:00+0200,133.5,MW,DK2,DK_2,forecast_onshore_wind_generation,Wind Onshore,2026-09-05T13:14:58Z
2026-09-05T13:13:37Z,2026-09-05T15:13:37+0200,f4a4df33-2f11-42fa-9163-dab973f5a049,2026-09-02T17:45:00Z,2026-09-02T19:45:00+0200,125.166666,MW,DK2,DK_2,forecast_onshore_wind_generation,Wind Onshore,2026-09-05T13:14:58Z
2026-09-05T13:13:37Z,2026-09-05T15:13:37+0200,f4a4df33-2f11-42fa-9163-dab973f5a049,2026-09-02T18:00:00Z,2026-09-02T20:00:00+0200,120.833333,MW,DK2,DK_2,forecast_onshore_wind_generation,Wind Onshore,2026-09-05T13:14:58Z
2026-09-05T13:13:37Z,2026-09-05T15:13:37+0200,f4a4df33-2f11-42fa-9163-dab973f5a049,2026-09-02T18:15:00Z,2026-09-02T20:15:00+0200,123.166666,MW,DK2,DK_2,forecast_onshore_wind_generation,Wind Onshore,2026-09-05T13:14:58Z
2026-09-05T13:13:37Z,2026-09-05T15:13:37+0200,f4a4df33-2f11-42fa-9163-dab973f5a049,2026-09-02T18:30:00Z,2026-09-02T20:30:00+0200,128.666666,MW,DK2,DK_2,forecast_onshore_wind_generation,Wind Onshore,2026-09-05T13:14:58Z
2026-09-05T13:13:37Z,2026-09-05T15:13:37+0200,f4a4df33-2f11-42fa-9163-dab973f5a049,2026-09-02T18:45:00Z,2026-09-02T20:45:00+0200,130.833333,MW,DK2,DK_2,forecast_onshore_wind_generation,Wind Onshore,2026-09-05T13:14:58Z
2026-09-05T13:13:37Z,2026-09-05T15:13:37+0200,f4a4df33-2f11-42fa-9163-dab973f5a049,2026-09-02T19:00:00Z,2026-09-02T21:00:00+0200,130.5,MW,DK2,DK_2,forecast_onshore_wind_generation,Wind Onshore,2026-09-05T13:14:58Z
2026-09-05T13:13:37Z,2026-09-05T15:13:37+0200,f4a4df33-2f11-42fa-9163-dab973f5a049,2026-09-02T19:15:00Z,2026-09-02T21:15:00+0200,129.666666,MW,DK2,DK_2,forecast_onshore_wind_generation,Wind Onshore,2026-09-05T13:14:58Z
2026-09-05T13:13:37Z,2026-09-05T15:13:37+0200,f4a4df33-2f11-42fa-9163-dab973f5a049,2026-09-02T19:30:00Z,2026-09-02T21:30:00+0200,130.0,MW,DK2,DK_2,forecast_onshore_wind_generation,Wind Onshore,2026-09-05T13:14:58Z
2026-09-05T13:13:37Z,2026-09-05T15:13:37+0200,f4a4df33-2f11-42fa-9163-dab973f5a049,2026-09-02T19:45:00Z,2026-09-02T21:45:00+0200,130.5,MW,DK2,DK_2,forecast_onshore_wind_generation,Wind Onshore,2026-09-05T13:14:58Z
2026-09-05T13:13:37Z,2026-09-05T15:13:37+0200,f4a4df33-2f11-42fa-9163-dab973f5a049,2026-09-02T20:00:00Z,2026-09-02T22:00:00+0200,129.5,MW,DK2,DK_2,forecast_onshore_wind_generation,Wind Onshore,2026-09-05T13:14:58Z
2026-09-05T13:13:37Z,2026-09-05T15:13:37+0200,f4a4df33-2f11-42fa-9163-dab973f5a049,2026-09-02T20:15:00Z,2026-09-02T22:15:00+0200,126.0,MW,DK2,DK_2,forecast_onshore_wind_generation,Wind Onshore,2026-09-05T13:14:58Z
2026-09-05T13:13:37Z,2026-09-05T15:13:37+0200,f4a4df33-2f11-42fa-9163-dab973f5a049,2026-09-02T20:30:00Z,2026-09-02T22:30:00+0200,121.833333,MW,DK2,DK_2,forecast_onshore_wind_generation,Wind Onshore,2026-09-05T13:14:58Z
2026-09-05T13:13:37Z,2026-09-05T15:13:37+0200,f4a4df33-2f11-42fa-9163-dab973f5a049,2026-09-02T20:45:00Z,2026-09-02T22:45:00+0200,119.5,MW,DK2,DK_2,forecast_onshore_wind_generation,Wind Onshore,2026-09-05T13:14:58Z
2026-09-05T13:13:37Z,2026-09-05T15:13:37+0200,f4a4df33-2f11-42fa-9163-dab973f5a049,2026-09-02T21:00:00Z,2026-09-02T23:00:00+0200,116.0,MW,DK2,DK_2,forecast_onshore_wind_generation,Wind Onshore,2026-09-05T13:14:58Z
2026-09-05T13:13:37Z,2026-09-05T15:13:37+0200,f4a4df33-2f11-42fa-9163-dab973f5a049,2026-09-02T21:15:00Z,2026-09-02T23:15:00+0200,111.5,MW,DK2,DK_2,forecast_onshore_wind_generation,Wind Onshore,2026-09-05T13:14:58Z
2026-09-05T13:13:37Z,2026-09-05T15:13:37+0200,f4a4df33-2f11-42fa-9163-dab973f5a049,2026-09-02T21:30:00Z,2026-09-02T23:30:00+0200,107.0,MW,DK2,DK_2,forecast_onshore_wind_generation,Wind Onshore,2026-09-05T13:14:58Z
2026-09-05T13:13:37Z,2026-09-05T15:13:37+0200,f4a4df33-2f11-42fa-9163-dab973f5a049,2026-09-02T21:45:00Z,2026-09-02T23:45:00+0200,104.5,MW,DK2,DK_2,forecast_onshore_wind_generation,Wind Onshore,2026-09-05T13:14:58Z
2026-09-05T13:13:37Z,2026-09-05T15:13:37+0200,f4a4df33-2f11-42fa-9163-dab973f5a049,2026-09-02T22:00:00Z,2026-09-03T00:00:00+0200,139.833333,MW,DK2,DK_2,forecast_onshore_wind_generation,Wind Onshore,2026-09-05T13:14:58Z
2026-09-05T13:13:37Z,2026-09-05T15:13:37+0200,f4a4df33-2f11-42fa-9163-dab973f5a049,2026-09-02T22:15:00Z,2026-09-03T00:15:00+0200,132.833333,MW,DK2,DK_2,forecast_onshore_wind_generation,Wind Onshore,2026-09-05T13:14:58Z
2026-09-05T13:13:37Z,2026-09-05T15:13:37+0200,f4a4df33-2f11-42fa-9163-dab973f5a049,2026-09-02T22:30:00Z,2026-09-03T00:30:00+0200,126.0,MW,DK2,DK_2,forecast_onshore_wind_generation,Wind Onshore,2026-09-05T13:14:58Z
2026-09-05T13:13:37Z,2026-09-05T15:13:37+0200,f4a4df33-2f11-42fa-9163-dab973f5a049,2026-09-02T22:45:00Z,2026-09-03T00:45:00+0200,121.0,MW,DK2,DK_2,forecast_onshore_wind_generation,Wind Onshore,2026-09-05T13:14:58Z
2026-09-05T13:13:37Z,2026-09-05T15:13:37+0200,f4a4df33-2f11-42fa-9163-dab973f5a049,2026-09-02T23:00:00Z,2026-09-03T01:00:00+0200,116.666666,MW,DK2,DK_2,forecast_onshore_wind_generation,Wind Onshore,2026-09-05T13:14:58Z
2026-09-05T13:13:37Z,2026-09-05T15:13:37+0200,f4a4df33-2f11-42fa-9163-dab973f5a049,2026-09-02T23:15:00Z,2026-09-03T01:15:00+0200,113.5,MW,DK2,DK_2,forecast_onshore_wind_generation,Wind Onshore,2026-09-05T13:14:58Z
2026-09-05T13:13:37Z,2026-09-05T15:13:37+0200,f4a4df33-2f11-42fa-9163-dab973f5a049,2026-09-02T23:30:00Z,2026-09-03T01:30:00+0200,111.333333,MW,DK2,DK_2,forecast_onshore_wind_generation,Wind Onshore,2026-09-05T13:14:58Z
2026-09-05T13:13:37Z,2026-09-05T15:13:37+0200,f4a4df33-2f11-42fa-9163-dab973f5a049,2026-09-02T23:45:00Z,2026-09-03T01:45:00+0200,109.166666,MW,DK2,DK_2,forecast_onshore_wind_generation,Wind Onshore,2026-09-05T13:14:58Z
2026-09-05T13:13:37Z,2026-09-05T15:13:37+0200,f4a4df33-2f11-42fa-9163-dab973f5a049,2026-09-03T00:00:00Z,2026-09-03T02:00:00+0200,108.0,MW,DK2,DK_2,forecast_onshore_wind_generation,Wind Onshore,2026-09-05T13:14:58Z
2026-09-05T13:13:37Z,2026-09-05T15:13:37+0200,f4a4df33-2f11-42fa-9163-dab973f5a049,2026-09-03T00:15:00Z,2026-09-03T02:15:00+0200,105.666666,MW,DK2,DK_2,forecast_onshore_wind_generation,Wind Onshore,2026-09-05T13:14:58Z
2026-09-05T13:13:37Z,2026-09-05T15:13:37+0200,f4a4df33-2f11-42fa-9163-dab973f5a049,2026-09-03T00:30:00Z,2026-09-03T02:30:00+0200,103.5,MW,DK2,DK_2,forecast_onshore_wind_generation,Wind Onshore,2026-09-05T13:14:58Z
2026-09-05T13:13:37Z,2026-09-05T15:13:37+0200,f4a4df33-2f11-42fa-9163-dab973f5a049,2026-09-03T00:45:00Z,2026-09-03T02:45:00+0200,101.5,MW,DK2,DK_2,forecast_onshore_wind_generation,Wind Onshore,2026-09-05T13:14:58Z
2026-09-05T13:13:37Z,2026-09-05T15:13:37+0200,f4a4df33-2f11-42fa-9163-dab973f5a049,2026-09-03T01:00:00Z,2026-09-03T03:00:00+0200,101.0,MW,DK2,DK_2,forecast_onshore_wind_generation,Wind Onshore,2026-09-05T13:14:58Z
2026-09-05T13:13:37Z,2026-09-05T15:13:37+0200,f4a4df33-2f11-42fa-9163-dab973f5a049,2026-09-03T01:15:00Z,2026-09-03T03:15:00+0200,101.0,MW,DK2,DK_2,forecast_onshore_wind_generation,Wind Onshore,2026-09-05T13:14:58Z
2026-09-05T13:13:37Z,2026-09-05T15:13:37+0200,f4a4df33-2f11-42fa-9163-dab973f5a049,2026-09-03T01:30:00Z,2026-09-03T03:30:00+0200,101.0,MW,DK2,DK_2,forecast_onshore_wind_generation,Wind Onshore,2026-09-05T13:14:58Z
2026-09-05T13:13:37Z,2026-09-05T15:13:37+0200,f4a4df33-2f11-42fa-9163-dab973f5a049,2026-09-03T01:45:00Z,2026-09-03T03:45:00+0200,101.0,MW,DK2,DK_2,forecast_onshore_wind_generation,Wind Onshore,2026-09-05T13:14:58Z
2026-09-05T13:13:37Z,2026-09-05T15:13:37+0200,f4a4df33-2f11-42fa-9163-dab973f5a049,2026-09-03T02:00:00Z,2026-09-03T04:00:00+0200,102.333333,MW,DK2,DK_2,forecast_onshore_wind_generation,Wind Onshore,2026-09-05T13:14:58Z
2026-09-05T13:13:37Z,2026-09-05T15:13:37+0200,f4a4df33-2f11-42fa-9163-dab973f5a049,2026-09-03T02:15:00Z,2026-09-03T04:15:00+0200,104.333333,MW,DK2,DK_2,forecast_onshore_wind_generation,Wind Onshore,2026-09-05T13:14:58Z
2026-09-05T13:13:37Z,2026-09-05T15:13:37+0200,f4a4df33-2f11-42fa-9163-dab973f5a049,2026-09-03T02:30:00Z,2026-09-03T04:30:00+0200,106.333333,MW,DK2,DK_2,forecast_onshore_wind_generation,Wind Onshore,2026-09-05T13:14:58Z
2026-09-05T13:13:37Z,2026-09-05T15:13:37+0200,f4a4df33-2f11-42fa-9163-dab973f5a049,2026-09-03T02:45:00Z,2026-09-03T04:45:00+0200,108.5,MW,DK2,DK_2,forecast_onshore_wind_generation,Wind Onshore,2026-09-05T13:14:58Z
2026-09-05T13:13:37Z,2026-09-05T15:13:37+0200,f4a4df33-2f11-42fa-9163-dab973f5a049,2026-09-03T03:00:00Z,2026-09-03T05:00:00+0200,110.5,MW,DK2,DK_2,forecast_onshore_wind_generation,Wind Onshore,2026-09-05T13:14:58Z
2026-09-05T13:13:37Z,2026-09-05T15:13:37+0200,f4a4df33-2f11-42fa-9163-dab973f5a049,2026-09-03T03:15:00Z,2026-09-03T05:15:00+0200,112.5,MW,DK2,DK_2,forecast_onshore_wind_generation,Wind Onshore,2026-09-05T13:14:58Z
2026-09-05T13:13:37Z,2026-09-05T15:13:37+0200,f4a4df33-2f11-42fa-9163-dab973f5a049,2026-09-03T03:30:00Z,2026-09-03T05:30:00+0200,116.5,MW,DK2,DK_2,forecast_onshore_wind_generation,Wind Onshore,2026-09-05T13:14:58Z
2026-09-05T13:13:37Z,2026-09-05T15:13:37+0200,f4a4df33-2f11-42fa-9163-dab973f5a049,2026-09-03T03:45:00Z,2026-09-03T05:45:00+0200,120.666666,MW,DK2,DK_2,forecast_onshore_wind_generation,Wind Onshore,2026-09-05T13:14:58Z
2026-09-05T13:13:37Z,2026-09-05T15:13:37+0200,f4a4df33-2f11-42fa-9163-dab973f5a049,2026-09-03T04:00:00Z,2026-09-03T06:00:00+0200,124.666666,MW,DK2,DK_2,forecast_onshore_wind_generation,Wind Onshore,2026-09-05T13:14:58Z
2026-09-05T13:13:37Z,2026-09-05T15:13:37+0200,f4a4df33-2f11-42fa-9163-dab973f5a049,2026-09-03T04:15:00Z,2026-09-03T06:15:00+0200,127.833333,MW,DK2,DK_2,forecast_onshore_wind_generation,Wind Onshore,2026-09-05T13:14:58Z
2026-09-05T13:13:37Z,2026-09-05T15:13:37+0200,f4a4df33-2f11-42fa-9163-dab973f5a049,2026-09-03T04:30:00Z,2026-09-03T06:30:00+0200,128.0,MW,DK2,DK_2,forecast_onshore_wind_generation,Wind Onshore,2026-09-05T13:14:58Z
2026-09-05T13:13:37Z,2026-09-05T15:13:37+0200,f4a4df33-2f11-42fa-9163-dab973f5a049,2026-09-03T04:45:00Z,2026-09-03T06:45:00+0200,127.5,MW,DK2,DK_2,forecast_onshore_wind_generation,Wind Onshore,2026-09-05T13:14:58Z
2026-09-05T13:13:37Z,2026-09-05T15:13:37+0200,f4a4df33-2f11-42fa-9163-dab973f5a049,2026-09-03T05:00:00Z,2026-09-03T07:00:00+0200,127.666666,MW,DK2,DK_2,forecast_onshore_wind_generation,Wind Onshore,2026-09-05T13:14:58Z
2026-09-05T13:13:37Z,2026-09-05T15:13:37+0200,f4a4df33-2f11-42fa-9163-dab973f5a049,2026-09-03T05:15:00Z,2026-09-03T07:15:00+0200,130.5,MW,DK2,DK_2,forecast_onshore_wind_generation,Wind Onshore,2026-09-05T13:14:58Z
2026-09-05T13:13:37Z,2026-09-05T15:13:37+0200,f4a4df33-2f11-42fa-9163-dab973f5a049,2026-09-03T05:30:00Z,2026-09-03T07:30:00+0200,133.0,MW,DK2,DK_2,forecast_onshore_wind_generation,Wind Onshore,2026-09-05T13:14:58Z
2026-09-05T13:13:37Z,2026-09-05T15:13:37+0200,f4a4df33-2f11-42fa-9163-dab973f5a049,2026-09-03T05:45:00Z,2026-09-03T07:45:00+0200,133.333333,MW,DK2,DK_2,forecast_onshore_wind_generation,Wind Onshore,2026-09-05T13:14:58Z
2026-09-05T13:13:37Z,2026-09-05T15:13:37+0200,f4a4df33-2f11-42fa-9163-dab973f5a049,2026-09-03T06:00:00Z,2026-09-03T08:00:00+0200,132.0,MW,DK2,DK_2,forecast_onshore_wind_generation,Wind Onshore,2026-09-05T13:14:58Z
2026-09-05T13:13:37Z,2026-09-05T15:13:37+0200,f4a4df33-2f11-42fa-9163-dab973f5a049,2026-09-03T06:15:00Z,2026-09-03T08:15:00+0200,132.666666,MW,DK2,DK_2,forecast_onshore_wind_generation,Wind Onshore,2026-09-05T13:14:58Z
2026-09-05T13:13:37Z,2026-09-05T15:13:37+0200,f4a4df33-2f11-42fa-9163-dab973f5a049,2026-09-03T06:30:00Z,2026-09-03T08:30:00+0200,136.166666,MW,DK2,DK_2,forecast_onshore_wind_generation,Wind Onshore,2026-09-05T13:14:58Z
2026-09-05T13:13:37Z,2026-09-05T15:13:37+0200,f4a4df33-2f11-42fa-9163-dab973f5a049,2026-09-03T06:45:00Z,2026-09-03T08:45:00+0200,144.333333,MW,DK2,DK_2,forecast_onshore_wind_generation,Wind Onshore,2026-09-05T13:14:58Z
2026-09-05T13:13:37Z,2026-09-05T15:13:37+0200,f4a4df33-2f11-42fa-9163-dab973f5a049,2026-09-03T07:00:00Z,2026-09-03T09:00:00+0200,157.5,MW,DK2,DK_2,forecast_onshore_wind_generation,Wind Onshore,2026-09-05T13:14:58Z
2026-09-05T13:13:37Z,2026-09-05T15:13:37+0200,f4a4df33-2f11-42fa-9163-dab973f5a049,2026-09-03T07:15:00Z,2026-09-03T09:15:00+0200,169.5,MW,DK2,DK_2,forecast_onshore_wind_generation,Wind Onshore,2026-09-05T13:14:58Z
2026-09-05T13:13:37Z,2026-09-05T15:13:37+0200,f4a4df33-2f11-42fa-9163-dab973f5a049,2026-09-03T07:30:00Z,2026-09-03T09:30:00+0200,180.833333,MW,DK2,DK_2,forecast_onshore_wind_generation,Wind Onshore,2026-09-05T13:14:58Z
2026-09-05T13:13:37Z,2026-09-05T15:13:37+0200,f4a4df33-2f11-42fa-9163-dab973f5a049,2026-09-03T07:45:00Z,2026-09-03T09:45:00+0200,190.5,MW,DK2,DK_2,forecast_onshore_wind_generation,Wind Onshore,2026-09-05T13:14:58Z
2026-09-05T13:13:37Z,2026-09-05T15:13:37+0200,f4a4df33-2f11-42fa-9163-dab973f5a049,2026-09-03T08:00:00Z,2026-09-03T10:00:00+0200,201.0,MW,DK2,DK_2,forecast_onshore_wind_generation,Wind Onshore,2026-09-05T13:14:58Z
2026-09-05T13:13:37Z,2026-09-05T15:13:37+0200,f4a4df33-2f11-42fa-9163-dab973f5a049,2026-09-03T08:15:00Z,2026-09-03T10:15:00+0200,210.0,MW,DK2,DK_2,forecast_onshore_wind_generation,Wind Onshore,2026-09-05T13:14:58Z
2026-09-05T13:13:37Z,2026-09-05T15:13:37+0200,f4a4df33-2f11-42fa-9163-dab973f5a049,2026-09-03T08:30:00Z,2026-09-03T10:30:00+0200,215.166666,MW,DK2,DK_2,forecast_onshore_wind_generation,Wind Onshore,2026-09-05T13:14:58Z
2026-09-05T13:13:37Z,2026-09-05T15:13:37+0200,f4a4df33-2f11-42fa-9163-dab973f5a049,2026-09-03T08:45:00Z,2026-09-03T10:45:00+0200,220.833333,MW,DK2,DK_2,forecast_onshore_wind_generation,Wind Onshore,2026-09-05T13:14:58Z
2026-09-05T13:13:37Z,2026-09-05T15:13:37+0200,f4a4df33-2f11-42fa-9163-dab973f5a049,2026-09-03T09:00:00Z,2026-09-03T11:00:00+0200,226.0,MW,DK2,DK_2,forecast_onshore_wind_generation,Wind Onshore,2026-09-05T13:14:58Z
2026-09-05T13:13:37Z,2026-09-05T15:13:37+0200,f4a4df33-2f11-42fa-9163-dab973f5a049,2026-09-03T09:15:00Z,2026-09-03T11:15:00+0200,232.666666,MW,DK2,DK_2,forecast_onshore_wind_generation,Wind Onshore,2026-09-05T13:14:58Z
2026-09-05T13:13:37Z,2026-09-05T15:13:37+0200,f4a4df33-2f11-42fa-9163-dab973f5a049,2026-09-03T09:30:00Z,2026-09-03T11:30:00+0200,241.0,MW,DK2,DK_2,forecast_onshore_wind_generation,Wind Onshore,2026-09-05T13:14:58Z
2026-09-05T13:13:37Z,2026-09-05T15:13:37+0200,f4a4df33-2f11-42fa-9163-dab973f5a049,2026-09-03T09:45:00Z,2026-09-03T11:45:00+0200,248.833333,MW,DK2,DK_2,forecast_onshore_wind_generation,Wind Onshore,2026-09-05T13:14:58Z
2026-09-05T13:13:37Z,2026-09-05T15:13:37+0200,f4a4df33-2f11-42fa-9163-dab973f5a049,2026-09-03T10:00:00Z,2026-09-03T12:00:00+0200,256.333333,MW,DK2,DK_2,forecast_onshore_wind_generation,Wind Onshore,2026-09-05T13:14:58Z
2026-09-05T13:13:37Z,2026-09-05T15:13:37+0200,f4a4df33-2f11-42fa-9163-dab973f5a049,2026-09-03T10:15:00Z,2026-09-03T12:15:00+0200,264.333333,MW,DK2,DK_2,forecast_onshore_wind_generation,Wind Onshore,2026-09-05T13:14:58Z
2026-09-05T13:13:37Z,2026-09-05T15:13:37+0200,f4a4df33-2f11-42fa-9163-dab973f5a049,2026-09-03T10:30:00Z,2026-09-03T12:30:00+0200,271.0,MW,DK2,DK_2,forecast_onshore_wind_generation,Wind Onshore,2026-09-05T13:14:58Z
2026-09-05T13:13:37Z,2026-09-05T15:13:37+0200,f4a4df33-2f11-42fa-9163-dab973f5a049,2026-09-03T10:45:00Z,2026-09-03T12:45:00+0200,276.5,MW,DK2,DK_2,forecast_onshore_wind_generation,Wind Onshore,2026-09-05T13:14:58Z
2026-09-05T13:13:37Z,2026-09-05T15:13:37+0200,f4a4df33-2f11-42fa-9163-dab973f5a049,2026-09-03T11:00:00Z,2026-09-03T13:00:00+0200,282.0,MW,DK2,DK_2,forecast_onshore_wind_generation,Wind Onshore,2026-09-05T13:14:58Z
2026-09-05T13:13:37Z,2026-09-05T15:13:37+0200,f4a4df33-2f11-42fa-9163-dab973f5a049,2026-09-03T11:15:00Z,2026-09-03T13:15:00+0200,290.0,MW,DK2,DK_2,forecast_onshore_wind_generation,Wind Onshore,2026-09-05T13:14:58Z
2026-09-05T13:13:37Z,2026-09-05T15:13:37+0200,f4a4df33-2f11-42fa-9163-dab973f5a049,2026-09-03T11:30:00Z,2026-09-03T13:30:00+0200,299.166666,MW,DK2,DK_2,forecast_onshore_wind_generation,Wind Onshore,2026-09-05T13:14:58Z
2026-09-05T13:13:37Z,2026-09-05T15:13:37+0200,f4a4df33-2f11-42fa-9163-dab973f5a049,2026-09-03T11:45:00Z,2026-09-03T13:45:00+0200,303.333333,MW,DK2,DK_2,forecast_onshore_wind_generation,Wind Onshore,2026-09-05T13:14:58Z
2026-09-05T13:13:37Z,2026-09-05T15:13:37+0200,f4a4df33-2f11-42fa-9163-dab973f5a049,2026-09-03T12:00:00Z,2026-09-03T14:00:00+0200,303.833333,MW,DK2,DK_2,forecast_onshore_wind_generation,Wind Onshore,2026-09-05T13:14:58Z
2026-09-05T13:13:37Z,2026-09-05T15:13:37+0200,f4a4df33-2f11-42fa-9163-dab973f5a049,2026-09-03T12:15:00Z,2026-09-03T14:15:00+0200,304.333333,MW,DK2,DK_2,forecast_onshore_wind_generation,Wind Onshore,2026-09-05T13:14:58Z
2026-09-05T13:13:37Z,2026-09-05T15:13:37+0200,f4a4df33-2f11-42fa-9163-dab973f5a049,2026-09-03T12:30:00Z,2026-09-03T14:30:00+0200,305.5,MW,DK2,DK_2,forecast_onshore_wind_generation,Wind Onshore,2026-09-05T13:14:58Z
2026-09-05T13:13:37Z,2026-09-05T15:13:37+0200,f4a4df33-2f11-42fa-9163-dab973f5a049,2026-09-03T12:45:00Z,2026-09-03T14:45:00+0200,303.333333,MW,DK2,DK_2,forecast_onshore_wind_generation,Wind Onshore,2026-09-05T13:14:58Z
2026-09-05T13:13:37Z,2026-09-05T15:13:37+0200,f4a4df33-2f11-42fa-9163-dab973f5a049,2026-09-03T13:00:00Z,2026-09-03T15:00:00+0200,304.5,MW,DK2,DK_2,forecast_onshore_wind_generation,Wind Onshore,2026-09-05T13:14:58Z
2026-09-05T13:13:37Z,2026-09-05T15:13:37+0200,f4a4df33-2f11-42fa-9163-dab973f5a049,2026-09-03T13:15:00Z,2026-09-03T15:15:00+0200,305.666666,MW,DK2,DK_2,forecast_onshore_wind_generation,Wind Onshore,2026-09-05T13:14:58Z
2026-09-05T13:13:37Z,2026-09-05T15:13:37+0200,f4a4df33-2f11-42fa-9163-dab973f5a049,2026-09-03T13:30:00Z,2026-09-03T15:30:00+0200,307.666666,MW,DK2,DK_2,forecast_onshore_wind_generation,Wind Onshore,2026-09-05T13:14:58Z
2026-09-05T13:13:37Z,2026-09-05T15:13:37+0200,f4a4df33-2f11-42fa-9163-dab973f5a049,2026-09-03T13:45:00Z,2026-09-03T15:45:00+0200,310.666666,MW,DK2,DK_2,forecast_onshore_wind_generation,Wind Onshore,2026-09-05T13:14:58Z
2026-09-05T13:13:37Z,2026-09-05T15:13:37+0200,f4a4df33-2f11-42fa-9163-dab973f5a049,2026-09-03T14:00:00Z,2026-09-03T16:00:00+0200,314.333333,MW,DK2,DK_2,forecast_onshore_wind_generation,Wind Onshore,2026-09-05T13:14:58Z
2026-09-05T13:13:37Z,2026-09-05T15:13:37+0200,f4a4df33-2f11-42fa-9163-dab973f5a049,2026-09-03T14:15:00Z,2026-09-03T16:15:00+0200,315.5,MW,DK2,DK_2,forecast_onshore_wind_generation,Wind Onshore,2026-09-05T13:14:58Z
2026-09-05T13:13:37Z,2026-09-05T15:13:37+0200,f4a4df33-2f11-42fa-9163-dab973f5a049,2026-09-03T14:30:00Z,2026-09-03T16:30:00+0200,316.333333,MW,DK2,DK_2,forecast_onshore_wind_generation,Wind Onshore,2026-09-05T13:14:58Z
2026-09-05T13:13:37Z,2026-09-05T15:13:37+0200,f4a4df33-2f11-42fa-9163-dab973f5a049,2026-09-03T14:45:00Z,2026-09-03T16:45:00+0200,316.833333,MW,DK2,DK_2,forecast_onshore_wind_generation,Wind Onshore,2026-09-05T13:14:58Z
2026-09-05T13:13:37Z,2026-09-05T15:13:37+0200,f4a4df33-2f11-42fa-9163-dab973f5a049,2026-09-03T15:00:00Z,2026-09-03T17:00:00+0200,322.0,MW,DK2,DK_2,forecast_onshore_wind_generation,Wind Onshore,2026-09-05T13:14:58Z
2026-09-05T13:13:37Z,2026-09-05T15:13:37+0200,f4a4df33-2f11-42fa-9163-dab973f5a049,2026-09-03T15:15:00Z,2026-09-03T17:15:00+0200,326.0,MW,DK2,DK_2,forecast_onshore_wind_generation,Wind Onshore,2026-09-05T13:14:58Z
2026-09-05T13:13:37Z,2026-09-05T15:13:37+0200,f4a4df33-2f11-42fa-9163-dab973f5a049,2026-09-03T15:30:00Z,2026-09-03T17:30:00+0200,329.0,MW,DK2,DK_2,forecast_onshore_wind_generation,Wind Onshore,2026-09-05T13:14:58Z
2026-09-05T13:13:37Z,2026-09-05T15:13:37+0200,f4a4df33-2f11-42fa-9163-dab973f5a049,2026-09-03T15:45:00Z,2026-09-03T17:45:00+0200,334.333333,MW,DK2,DK_2,forecast_onshore_wind_generation,Wind Onshore,2026-09-05T13:14:58Z
2026-09-05T13:13:37Z,2026-09-05T15:13:37+0200,f4a4df33-2f11-42fa-9163-dab973f5a049,2026-09-03T16:00:00Z,2026-09-03T18:00:00+0200,338.5,MW,DK2,DK_2,forecast_onshore_wind_generation,Wind Onshore,2026-09-05T13:14:58Z
2026-09-05T13:13:37Z,2026-09-05T15:13:37+0200,f4a4df33-2f11-42fa-9163-dab973f5a049,2026-09-03T16:15:00Z,2026-09-03T18:15:00+0200,338.5,MW,DK2,DK_2,forecast_onshore_wind_generation,Wind Onshore,2026-09-05T13:14:58Z
2026-09-05T13:13:37Z,2026-09-05T15:13:37+0200,f4a4df33-2f11-42fa-9163-dab973f5a049,2026-09-03T16:30:00Z,2026-09-03T18:30:00+0200,336.5,MW,DK2,DK_2,forecast_onshore_wind_generation,Wind Onshore,2026-09-05T13:14:58Z
2026-09-05T13:13:37Z,2026-09-05T15:13:37+0200,f4a4df33-2f11-42fa-9163-dab973f5a049,2026-09-03T16:45:00Z,2026-09-03T18:45:00+0200,335.833333,MW,DK2,DK_2,forecast_onshore_wind_generation,Wind Onshore,2026-09-05T13:14:58Z
2026-09-05T13:13:37Z,2026-09-05T15:13:37+0200,f4a4df33-2f11-42fa-9163-dab973f5a049,2026-09-03T17:00:00Z,2026-09-03T19:00:00+0200,334.166666,MW,DK2,DK_2,forecast_onshore_wind_generation,Wind Onshore,2026-09-05T13:14:58Z
2026-09-05T13:13:37Z,2026-09-05T15:13:37+0200,f4a4df33-2f11-42fa-9163-dab973f5a049,2026-09-03T17:15:00Z,2026-09-03T19:15:00+0200,332.5,MW,DK2,DK_2,forecast_onshore_wind_generation,Wind Onshore,2026-09-05T13:14:58Z
2026-09-05T13:13:37Z,2026-09-05T15:13:37+0200,f4a4df33-2f11-42fa-9163-dab973f5a049,2026-09-03T17:30:00Z,2026-09-03T19:30:00+0200,330.666666,MW,DK2,DK_2,forecast_onshore_wind_generation,Wind Onshore,2026-09-05T13:14:58Z
2026-09-05T13:13:37Z,2026-09-05T15:13:37+0200,f4a4df33-2f11-42fa-9163-dab973f5a049,2026-09-03T17:45:00Z,2026-09-03T19:45:00+0200,331.666666,MW,DK2,DK_2,forecast_onshore_wind_generation,Wind Onshore,2026-09-05T13:14:58Z
2026-09-05T13:13:37Z,2026-09-05T15:13:37+0200,f4a4df33-2f11-42fa-9163-dab973f5a049,2026-09-03T18:00:00Z,2026-09-03T20:00:00+0200,334.0,MW,DK2,DK_2,forecast_onshore_wind_generation,Wind Onshore,2026-09-05T13:14:58Z
2026-09-05T13:13:37Z,2026-09-05T15:13:37+0200,f4a4df33-2f11-42fa-9163-dab973f5a049,2026-09-03T18:15:00Z,2026-09-03T20:15:00+0200,335.5,MW,DK2,DK_2,forecast_onshore_wind_generation,Wind Onshore,2026-09-05T13:14:58Z
2026-09-05T13:13:37Z,2026-09-05T15:13:37+0200,f4a4df33-2f11-42fa-9163-dab973f5a049,2026-09-03T18:30:00Z,2026-09-03T20:30:00+0200,336.166666,MW,DK2,DK_2,forecast_onshore_wind_generation,Wind Onshore,2026-09-05T13:14:58Z
2026-09-05T13:13:37Z,2026-09-05T15:13:37+0200,f4a4df33-2f11-42fa-9163-dab973f5a049,2026-09-03T18:45:00Z,2026-09-03T20:45:00+0200,339.5,MW,DK2,DK_2,forecast_onshore_wind_generation,Wind Onshore,2026-09-05T13:14:58Z
2026-09-05T13:13:37Z,2026-09-05T15:13:37+0200,f4a4df33-2f11-42fa-9163-dab973f5a049,2026-09-03T19:00:00Z,2026-09-03T21:00:00+0200,344.0,MW,DK2,DK_2,forecast_onshore_wind_generation,Wind Onshore,2026-09-05T13:14:58Z
2026-09-05T13:13:37Z,2026-09-05T15:13:37+0200,f4a4df33-2f11-42fa-9163-dab973f5a049,2026-09-03T19:15:00Z,2026-09-03T21:15:00+0200,348.5,MW,DK2,DK_2,forecast_onshore_wind_generation,Wind Onshore,2026-09-05T13:14:58Z
2026-09-05T13:13:37Z,2026-09-05T15:13:37+0200,f4a4df33-2f11-42fa-9163-dab973f5a049,2026-09-03T19:30:00Z,2026-09-03T21:30:00+0200,354.0,MW,DK2,DK_2,forecast_onshore_wind_generation,Wind Onshore,2026-09-05T13:14:58Z
2026-09-05T13:13:37Z,2026-09-05T15:13:37+0200,f4a4df33-2f11-42fa-9163-dab973f5a049,2026-09-03T19:45:00Z,2026-09-03T21:45:00+0200,358.666666,MW,DK2,DK_2,forecast_onshore_wind_generation,Wind Onshore,2026-09-05T13:14:58Z
2026-09-05T13:13:37Z,2026-09-05T15:13:37+0200,f4a4df33-2f11-42fa-9163-dab973f5a049,2026-09-03T20:00:00Z,2026-09-03T22:00:00+0200,362.5,MW,DK2,DK_2,forecast_onshore_wind_generation,Wind Onshore,2026-09-05T13:14:58Z
2026-09-05T13:13:37Z,2026-09-05T15:13:37+0200,f4a4df33-2f11-42fa-9163-dab973f5a049,2026-09-03T20:15:00Z,2026-09-03T22:15:00+0200,364.0,MW,DK2,DK_2,forecast_onshore_wind_generation,Wind Onshore,2026-09-05T13:14:58Z
2026-09-05T13:13:37Z,2026-09-05T15:13:37+0200,f4a4df33-2f11-42fa-9163-dab973f5a049,2026-09-03T20:30:00Z,2026-09-03T22:30:00+0200,364.0,MW,DK2,DK_2,forecast_onshore_wind_generation,Wind Onshore,2026-09-05T13:14:58Z
2026-09-05T13:13:37Z,2026-09-05T15:13:37+0200,f4a4df33-2f11-42fa-9163-dab973f5a049,2026-09-03T20:45:00Z,2026-09-03T22:45:00+0200,363.333333,MW,DK2,DK_2,forecast_onshore_wind_generation,Wind Onshore,2026-09-05T13:14:58Z
2026-09-05T13:13:37Z,2026-09-05T15:13:37+0200,f4a4df33-2f11-42fa-9163-dab973f5a049,2026-09-03T21:00:00Z,2026-09-03T23:00:00+0200,359.833333,MW,DK2,DK_2,forecast_onshore_wind_generation,Wind Onshore,2026-09-05T13:14:58Z
2026-09-05T13:13:37Z,2026-09-05T15:13:37+0200,f4a4df33-2f11-42fa-9163-dab973f5a049,2026-09-03T21:15:00Z,2026-09-03T23:15:00+0200,355.5,MW,DK2,DK_2,forecast_onshore_wind_generation,Wind Onshore,2026-09-05T13:14:58Z
2026-09-05T13:13:37Z,2026-09-05T15:13:37+0200,f4a4df33-2f11-42fa-9163-dab973f5a049,2026-09-03T21:30:00Z,2026-09-03T23:30:00+0200,351.5,MW,DK2,DK_2,forecast_onshore_wind_generation,Wind Onshore,2026-09-05T13:14:58Z
2026-09-05T13:13:37Z,2026-09-05T15:13:37+0200,f4a4df33-2f11-42fa-9163-dab973f5a049,2026-09-03T21:45:00Z,2026-09-03T23:45:00+0200,349.166666,MW,DK2,DK_2,forecast_onshore_wind_generation,Wind Onshore,2026-09-05T13:14:58Z
2026-09-05T13:13:37Z,2026-09-05T15:13:37+0200,f4a4df33-2f11-42fa-9163-dab973f5a049,2026-09-03T22:00:00Z,2026-09-04T00:00:00+0200,369.5,MW,DK2,DK_2,forecast_onshore_wind_generation,Wind Onshore,2026-09-05T13:14:58Z
2026-09-05T13:13:37Z,2026-09-05T15:13:37+0200,f4a4df33-2f11-42fa-9163-dab973f5a049,2026-09-03T22:15:00Z,2026-09-04T00:15:00+0200,365.0,MW,DK2,DK_2,forecast_onshore_wind_generation,Wind Onshore,2026-09-05T13:14:58Z
2026-09-05T13:13:37Z,2026-09-05T15:13:37+0200,f4a4df33-2f11-42fa-9163-dab973f5a049,2026-09-03T22:30:00Z,2026-09-04T00:30:00+0200,358.666666,MW,DK2,DK_2,forecast_onshore_wind_generation,Wind Onshore,2026-09-05T13:14:58Z
2026-09-05T13:13:37Z,2026-09-05T15:13:37+0200,f4a4df33-2f11-42fa-9163-dab973f5a049,2026-09-03T22:45:00Z,2026-09-04T00:45:00+0200,350.0,MW,DK2,DK_2,forecast_onshore_wind_generation,Wind Onshore,2026-09-05T13:14:58Z
2026-09-05T13:13:37Z,2026-09-05T15:13:37+0200,f4a4df33-2f11-42fa-9163-dab973f5a049,2026-09-03T23:00:00Z,2026-09-04T01:00:00+0200,340.666666,MW,DK2,DK_2,forecast_onshore_wind_generation,Wind Onshore,2026-09-05T13:14:58Z
2026-09-05T13:13:37Z,2026-09-05T15:13:37+0200,f4a4df33-2f11-42fa-9163-dab973f5a049,2026-09-03T23:15:00Z,2026-09-04T01:15:00+0200,332.166666,MW,DK2,DK_2,forecast_onshore_wind_generation,Wind Onshore,2026-09-05T13:14:58Z
2026-09-05T13:13:37Z,2026-09-05T15:13:37+0200,f4a4df33-2f11-42fa-9163-dab973f5a049,2026-09-03T23:30:00Z,2026-09-04T01:30:00+0200,326.5,MW,DK2,DK_2,forecast_onshore_wind_generation,Wind Onshore,2026-09-05T13:14:58Z
2026-09-05T13:13:37Z,2026-09-05T15:13:37+0200,f4a4df33-2f11-42fa-9163-dab973f5a049,2026-09-03T23:45:00Z,2026-09-04T01:45:00+0200,322.666666,MW,DK2,DK_2,forecast_onshore_wind_generation,Wind Onshore,2026-09-05T13:14:58Z
2026-09-05T13:13:37Z,2026-09-05T15:13:37+0200,f4a4df33-2f11-42fa-9163-dab973f5a049,2026-09-04T00:00:00Z,2026-09-04T02:00:00+0200,319.833333,MW,DK2,DK_2,forecast_onshore_wind_generation,Wind Onshore,2026-09-05T13:14:58Z
2026-09-05T13:13:37Z,2026-09-05T15:13:37+0200,f4a4df33-2f11-42fa-9163-dab973f5a049,2026-09-04T00:15:00Z,2026-09-04T02:15:00+0200,313.333333,MW,DK2,DK_2,forecast_onshore_wind_generation,Wind Onshore,2026-09-05T13:14:58Z
2026-09-05T13:13:37Z,2026-09-05T15:13:37+0200,f4a4df33-2f11-42fa-9163-dab973f5a049,2026-09-04T00:30:00Z,2026-09-04T02:30:00+0200,305.5,MW,DK2,DK_2,forecast_onshore_wind_generation,Wind Onshore,2026-09-05T13:14:58Z
2026-09-05T13:13:37Z,2026-09-05T15:13:37+0200,f4a4df33-2f11-42fa-9163-dab973f5a049,2026-09-04T00:45:00Z,2026-09-04T02:45:00+0200,299.666666,MW,DK2,DK_2,forecast_onshore_wind_generation,Wind Onshore,2026-09-05T13:14:58Z
2026-09-05T13:13:37Z,2026-09-05T15:13:37+0200,f4a4df33-2f11-42fa-9163-dab973f5a049,2026-09-04T01:00:00Z,2026-09-04T03:00:00+0200,297.333333,MW,DK2,DK_2,forecast_onshore_wind_generation,Wind Onshore,2026-09-05T13:14:58Z
2026-09-05T13:13:37Z,2026-09-05T15:13:37+0200,f4a4df33-2f11-42fa-9163-dab973f5a049,2026-09-04T01:15:00Z,2026-09-04T03:15:00+0200,293.666666,MW,DK2,DK_2,forecast_onshore_wind_generation,Wind Onshore,2026-09-05T13:14:58Z
2026-09-05T13:13:37Z,2026-09-05T15:13:37+0200,f4a4df33-2f11-42fa-9163-dab973f5a049,2026-09-04T01:30:00Z,2026-09-04T03:30:00+0200,290.5,MW,DK2,DK_2,forecast_onshore_wind_generation,Wind Onshore,2026-09-05T13:14:58Z
2026-09-05T13:13:37Z,2026-09-05T15:13:37+0200,f4a4df33-2f11-42fa-9163-dab973f5a049,2026-09-04T01:45:00Z,2026-09-04T03:45:00+0200,287.333333,MW,DK2,DK_2,forecast_onshore_wind_generation,Wind Onshore,2026-09-05T13:14:58Z
2026-09-05T13:13:37Z,2026-09-05T15:13:37+0200,f4a4df33-2f11-42fa-9163-dab973f5a049,2026-09-04T02:00:00Z,2026-09-04T04:00:00+0200,281.333333,MW,DK2,DK_2,forecast_onshore_wind_generation,Wind Onshore,2026-09-05T13:14:58Z
2026-09-05T13:13:37Z,2026-09-05T15:13:37+0200,f4a4df33-2f11-42fa-9163-dab973f5a049,2026-09-04T02:15:00Z,2026-09-04T04:15:00+0200,271.0,MW,DK2,DK_2,forecast_onshore_wind_generation,Wind Onshore,2026-09-05T13:14:58Z
2026-09-05T13:13:37Z,2026-09-05T15:13:37+0200,f4a4df33-2f11-42fa-9163-dab973f5a049,2026-09-04T02:30:00Z,2026-09-04T04:30:00+0200,259.0,MW,DK2,DK_2,forecast_onshore_wind_generation,Wind Onshore,2026-09-05T13:14:58Z
2026-09-05T13:13:37Z,2026-09-05T15:13:37+0200,f4a4df33-2f11-42fa-9163-dab973f5a049,2026-09-04T02:45:00Z,2026-09-04T04:45:00+0200,246.0,MW,DK2,DK_2,forecast_onshore_wind_generation,Wind Onshore,2026-09-05T13:14:58Z
2026-09-05T13:13:37Z,2026-09-05T15:13:37+0200,f4a4df33-2f11-42fa-9163-dab973f5a049,2026-09-04T03:00:00Z,2026-09-04T05:00:00+0200,232.333333,MW,DK2,DK_2,forecast_onshore_wind_generation,Wind Onshore,2026-09-05T13:14:58Z
2026-09-05T13:13:37Z,2026-09-05T15:13:37+0200,f4a4df33-2f11-42fa-9163-dab973f5a049,2026-09-04T03:15:00Z,2026-09-04T05:15:00+0200,217.333333,MW,DK2,DK_2,forecast_onshore_wind_generation,Wind Onshore,2026-09-05T13:14:58Z
2026-09-05T13:13:37Z,2026-09-05T15:13:37+0200,f4a4df33-2f11-42fa-9163-dab973f5a049,2026-09-04T03:30:00Z,2026-09-04T05:30:00+0200,204.0,MW,DK2,DK_2,forecast_onshore_wind_generation,Wind Onshore,2026-09-05T13:14:58Z
2026-09-05T13:13:37Z,2026-09-05T15:13:37+0200,f4a4df33-2f11-42fa-9163-dab973f5a049,2026-09-04T03:45:00Z,2026-09-04T05:45:00+0200,191.0,MW,DK2,DK_2,forecast_onshore_wind_generation,Wind Onshore,2026-09-05T13:14:58Z
2026-09-05T13:13:37Z,2026-09-05T15:13:37+0200,f4a4df33-2f11-42fa-9163-dab973f5a049,2026-09-04T04:00:00Z,2026-09-04T06:00:00+0200,180.0,MW,DK2,DK_2,forecast_onshore_wind_generation,Wind Onshore,2026-09-05T13:14:58Z
2026-09-05T13:13:37Z,2026-09-05T15:13:37+0200,f4a4df33-2f11-42fa-9163-dab973f5a049,2026-09-04T04:15:00Z,2026-09-04T06:15:00+0200,168.833333,MW,DK2,DK_2,forecast_onshore_wind_generation,Wind Onshore,2026-09-05T13:14:58Z
2026-09-05T13:13:37Z,2026-09-05T15:13:37+0200,f4a4df33-2f11-42fa-9163-dab973f5a049,2026-09-04T04:30:00Z,2026-09-04T06:30:00+0200,155.833333,MW,DK2,DK_2,forecast_onshore_wind_generation,Wind Onshore,2026-09-05T13:14:58Z
2026-09-05T13:13:37Z,2026-09-05T15:13:37+0200,f4a4df33-2f11-42fa-9163-dab973f5a049,2026-09-04T04:45:00Z,2026-09-04T06:45:00+0200,143.5,MW,DK2,DK_2,forecast_onshore_wind_generation,Wind Onshore,2026-09-05T13:14:58Z
2026-09-05T13:13:37Z,2026-09-05T15:13:37+0200,f4a4df33-2f11-42fa-9163-dab973f5a049,2026-09-04T05:00:00Z,2026-09-04T07:00:00+0200,131.166666,MW,DK2,DK_2,forecast_onshore_wind_generation,Wind Onshore,2026-09-05T13:14:58Z
2026-09-05T13:13:37Z,2026-09-05T15:13:37+0200,f4a4df33-2f11-42fa-9163-dab973f5a049,2026-09-04T05:15:00Z,2026-09-04T07:15:00+0200,119.166666,MW,DK2,DK_2,forecast_onshore_wind_generation,Wind Onshore,2026-09-05T13:14:58Z
2026-09-05T13:13:37Z,2026-09-05T15:13:37+0200,f4a4df33-2f11-42fa-9163-dab973f5a049,2026-09-04T05:30:00Z,2026-09-04T07:30:00+0200,109.666666,MW,DK2,DK_2,forecast_onshore_wind_generation,Wind Onshore,2026-09-05T13:14:58Z
2026-09-05T13:13:37Z,2026-09-05T15:13:37+0200,f4a4df33-2f11-42fa-9163-dab973f5a049,2026-09-04T05:45:00Z,2026-09-04T07:45:00+0200,103.166666,MW,DK2,DK_2,forecast_onshore_wind_generation,Wind Onshore,2026-09-05T13:14:58Z
2026-09-05T13:13:37Z,2026-09-05T15:13:37+0200,f4a4df33-2f11-42fa-9163-dab973f5a049,2026-09-04T06:00:00Z,2026-09-04T08:00:00+0200,101.166666,MW,DK2,DK_2,forecast_onshore_wind_generation,Wind Onshore,2026-09-05T13:14:58Z
2026-09-05T13:13:37Z,2026-09-05T15:13:37+0200,f4a4df33-2f11-42fa-9163-dab973f5a049,2026-09-04T06:15:00Z,2026-09-04T08:15:00+0200,104.333333,MW,DK2,DK_2,forecast_onshore_wind_generation,Wind Onshore,2026-09-05T13:14:58Z
2026-09-05T13:13:37Z,2026-09-05T15:13:37+0200,f4a4df33-2f11-42fa-9163-dab973f5a049,2026-09-04T06:30:00Z,2026-09-04T08:30:00+0200,111.666666,MW,DK2,DK_2,forecast_onshore_wind_generation,Wind Onshore,2026-09-05T13:14:58Z
2026-09-05T13:13:37Z,2026-09-05T15:13:37+0200,f4a4df33-2f11-42fa-9163-dab973f5a049,2026-09-04T06:45:00Z,2026-09-04T08:45:00+0200,119.666666,MW,DK2,DK_2,forecast_onshore_wind_generation,Wind Onshore,2026-09-05T13:14:58Z
2026-09-05T13:13:37Z,2026-09-05T15:13:37+0200,f4a4df33-2f11-42fa-9163-dab973f5a049,2026-09-04T07:00:00Z,2026-09-04T09:00:00+0200,128.5,MW,DK2,DK_2,forecast_onshore_wind_generation,Wind Onshore,2026-09-05T13:14:58Z
2026-09-05T13:13:37Z,2026-09-05T15:13:37+0200,f4a4df33-2f11-42fa-9163-dab973f5a049,2026-09-04T07:15:00Z,2026-09-04T09:15:00+0200,136.0,MW,DK2,DK_2,forecast_onshore_wind_generation,Wind Onshore,2026-09-05T13:14:58Z
2026-09-05T13:13:37Z,2026-09-05T15:13:37+0200,f4a4df33-2f11-42fa-9163-dab973f5a049,2026-09-04T07:30:00Z,2026-09-04T09:30:00+0200,144.0,MW,DK2,DK_2,forecast_onshore_wind_generation,Wind Onshore,2026-09-05T13:14:58Z
2026-09-05T13:13:37Z,2026-09-05T15:13:37+0200,f4a4df33-2f11-42fa-9163-dab973f5a049,2026-09-04T07:45:00Z,2026-09-04T09:45:00+0200,155.0,MW,DK2,DK_2,forecast_onshore_wind_generation,Wind Onshore,2026-09-05T13:14:58Z
2026-09-05T13:13:37Z,2026-09-05T15:13:37+0200,f4a4df33-2f11-42fa-9163-dab973f5a049,2026-09-04T08:00:00Z,2026-09-04T10:00:00+0200,168.666666,MW,DK2,DK_2,forecast_onshore_wind_generation,Wind Onshore,2026-09-05T13:14:58Z
2026-09-05T13:13:37Z,2026-09-05T15:13:37+0200,f4a4df33-2f11-42fa-9163-dab973f5a049,2026-09-04T08:15:00Z,2026-09-04T10:15:00+0200,183.5,MW,DK2,DK_2,forecast_onshore_wind_generation,Wind Onshore,2026-09-05T13:14:58Z
2026-09-05T13:13:37Z,2026-09-05T15:13:37+0200,f4a4df33-2f11-42fa-9163-dab973f5a049,2026-09-04T08:30:00Z,2026-09-04T10:30:00+0200,196.166666,MW,DK2,DK_2,forecast_onshore_wind_generation,Wind Onshore,2026-09-05T13:14:58Z
2026-09-05T13:13:37Z,2026-09-05T15:13:37+0200,f4a4df33-2f11-42fa-9163-dab973f5a049,2026-09-04T08:45:00Z,2026-09-04T10:45:00+0200,202.5,MW,DK2,DK_2,forecast_onshore_wind_generation,Wind Onshore,2026-09-05T13:14:58Z
2026-09-05T13:13:37Z,2026-09-05T15:13:37+0200,f4a4df33-2f11-42fa-9163-dab973f5a049,2026-09-04T09:00:00Z,2026-09-04T11:00:00+0200,200.666666,MW,DK2,DK_2,forecast_onshore_wind_generation,Wind Onshore,2026-09-05T13:14:58Z
2026-09-05T13:13:37Z,2026-09-05T15:13:37+0200,f4a4df33-2f11-42fa-9163-dab973f5a049,2026-09-04T09:15:00Z,2026-09-04T11:15:00+0200,201.666666,MW,DK2,DK_2,forecast_onshore_wind_generation,Wind Onshore,2026-09-05T13:14:58Z
2026-09-05T13:13:37Z,2026-09-05T15:13:37+0200,f4a4df33-2f11-42fa-9163-dab973f5a049,2026-09-04T09:30:00Z,2026-09-04T11:30:00+0200,206.166666,MW,DK2,DK_2,forecast_onshore_wind_generation,Wind Onshore,2026-09-05T13:14:58Z
2026-09-05T13:13:37Z,2026-09-05T15:13:37+0200,f4a4df33-2f11-42fa-9163-dab973f5a049,2026-09-04T09:45:00Z,2026-09-04T11:45:00+0200,215.666666,MW,DK2,DK_2,forecast_onshore_wind_generation,Wind Onshore,2026-09-05T13:14:58Z
2026-09-05T13:13:37Z,2026-09-05T15:13:37+0200,f4a4df33-2f11-42fa-9163-dab973f5a049,2026-09-04T10:00:00Z,2026-09-04T12:00:00+0200,223.333333,MW,DK2,DK_2,forecast_onshore_wind_generation,Wind Onshore,2026-09-05T13:14:58Z
2026-09-05T13:13:37Z,2026-09-05T15:13:37+0200,f4a4df33-2f11-42fa-9163-dab973f5a049,2026-09-04T10:15:00Z,2026-09-04T12:15:00+0200,224.333333,MW,DK2,DK_2,forecast_onshore_wind_generation,Wind Onshore,2026-09-05T13:14:58Z
2026-09-05T13:13:37Z,2026-09-05T15:13:37+0200,f4a4df33-2f11-42fa-9163-dab973f5a049,2026-09-04T10:30:00Z,2026-09-04T12:30:00+0200,225.666666,MW,DK2,DK_2,forecast_onshore_wind_generation,Wind Onshore,2026-09-05T13:14:58Z
2026-09-05T13:13:37Z,2026-09-05T15:13:37+0200,f4a4df33-2f11-42fa-9163-dab973f5a049,2026-09-04T10:45:00Z,2026-09-04T12:45:00+0200,221.166666,MW,DK2,DK_2,forecast_onshore_wind_generation,Wind Onshore,2026-09-05T13:14:58Z
2026-09-05T13:13:37Z,2026-09-05T15:13:37+0200,f4a4df33-2f11-42fa-9163-dab973f5a049,2026-09-04T11:00:00Z,2026-09-04T13:00:00+0200,215.833333,MW,DK2,DK_2,forecast_onshore_wind_generation,Wind Onshore,2026-09-05T13:14:58Z
2026-09-05T13:13:37Z,2026-09-05T15:13:37+0200,f4a4df33-2f11-42fa-9163-dab973f5a049,2026-09-04T11:15:00Z,2026-09-04T13:15:00+0200,217.5,MW,DK2,DK_2,forecast_onshore_wind_generation,Wind Onshore,2026-09-05T13:14:58Z
2026-09-05T13:13:37Z,2026-09-05T15:13:37+0200,f4a4df33-2f11-42fa-9163-dab973f5a049,2026-09-04T11:30:00Z,2026-09-04T13:30:00+0200,222.166666,MW,DK2,DK_2,forecast_onshore_wind_generation,Wind Onshore,2026-09-05T13:14:58Z
2026-09-05T13:13:37Z,2026-09-05T15:13:37+0200,f4a4df33-2f11-42fa-9163-dab973f5a049,2026-09-04T11:45:00Z,2026-09-04T13:45:00+0200,221.5,MW,DK2,DK_2,forecast_onshore_wind_generation,Wind Onshore,2026-09-05T13:14:58Z
2026-09-05T13:13:37Z,2026-09-05T15:13:37+0200,f4a4df33-2f11-42fa-9163-dab973f5a049,2026-09-04T12:00:00Z,2026-09-04T14:00:00+0200,218.666666,MW,DK2,DK_2,forecast_onshore_wind_generation,Wind Onshore,2026-09-05T13:14:58Z
2026-09-05T13:13:37Z,2026-09-05T15:13:37+0200,f4a4df33-2f11-42fa-9163-dab973f5a049,2026-09-04T12:15:00Z,2026-09-04T14:15:00+0200,218.666666,MW,DK2,DK_2,forecast_onshore_wind_generation,Wind Onshore,2026-09-05T13:14:58Z
2026-09-05T13:13:37Z,2026-09-05T15:13:37+0200,f4a4df33-2f11-42fa-9163-dab973f5a049,2026-09-04T12:30:00Z,2026-09-04T14:30:00+0200,222.666666,MW,DK2,DK_2,forecast_onshore_wind_generation,Wind Onshore,2026-09-05T13:14:58Z
2026-09-05T13:13:37Z,2026-09-05T15:13:37+0200,f4a4df33-2f11-42fa-9163-dab973f5a049,2026-09-04T12:45:00Z,2026-09-04T14:45:00+0200,226.5,MW,DK2,DK_2,forecast_onshore_wind_generation,Wind Onshore,2026-09-05T13:14:58Z
2026-09-05T13:13:37Z,2026-09-05T15:13:37+0200,f4a4df33-2f11-42fa-9163-dab973f5a049,2026-09-04T13:00:00Z,2026-09-04T15:00:00+0200,231.166666,MW,DK2,DK_2,forecast_onshore_wind_generation,Wind Onshore,2026-09-05T13:14:58Z
2026-09-05T13:13:37Z,2026-09-05T15:13:37+0200,f4a4df33-2f11-42fa-9163-dab973f5a049,2026-09-04T13:15:00Z,2026-09-04T15:15:00+0200,237.666666,MW,DK2,DK_2,forecast_onshore_wind_generation,Wind Onshore,2026-09-05T13:14:58Z
2026-09-05T13:13:37Z,2026-09-05T15:13:37+0200,f4a4df33-2f11-42fa-9163-dab973f5a049,2026-09-04T13:30:00Z,2026-09-04T15:30:00+0200,245.5,MW,DK2,DK_2,forecast_onshore_wind_generation,Wind Onshore,2026-09-05T13:14:58Z
2026-09-05T13:13:37Z,2026-09-05T15:13:37+0200,f4a4df33-2f11-42fa-9163-dab973f5a049,2026-09-04T13:45:00Z,2026-09-04T15:45:00+0200,253.833333,MW,DK2,DK_2,forecast_onshore_wind_generation,Wind Onshore,2026-09-05T13:14:58Z
2026-09-05T13:13:37Z,2026-09-05T15:13:37+0200,f4a4df33-2f11-42fa-9163-dab973f5a049,2026-09-04T14:00:00Z,2026-09-04T16:00:00+0200,265.0,MW,DK2,DK_2,forecast_onshore_wind_generation,Wind Onshore,2026-09-05T13:14:58Z
2026-09-05T13:13:37Z,2026-09-05T15:13:37+0200,f4a4df33-2f11-42fa-9163-dab973f5a049,2026-09-04T14:15:00Z,2026-09-04T16:15:00+0200,275.166666,MW,DK2,DK_2,forecast_onshore_wind_generation,Wind Onshore,2026-09-05T13:14:58Z
2026-09-05T13:13:37Z,2026-09-05T15:13:37+0200,f4a4df33-2f11-42fa-9163-dab973f5a049,2026-09-04T14:30:00Z,2026-09-04T16:30:00+0200,281.0,MW,DK2,DK_2,forecast_onshore_wind_generation,Wind Onshore,2026-09-05T13:14:58Z
2026-09-05T13:13:37Z,2026-09-05T15:13:37+0200,f4a4df33-2f11-42fa-9163-dab973f5a049,2026-09-04T14:45:00Z,2026-09-04T16:45:00+0200,284.5,MW,DK2,DK_2,forecast_onshore_wind_generation,Wind Onshore,2026-09-05T13:14:58Z
2026-09-05T13:13:37Z,2026-09-05T15:13:37+0200,f4a4df33-2f11-42fa-9163-dab973f5a049,2026-09-04T15:00:00Z,2026-09-04T17:00:00+0200,285.833333,MW,DK2,DK_2,forecast_onshore_wind_generation,Wind Onshore,2026-09-05T13:14:58Z
2026-09-05T13:13:37Z,2026-09-05T15:13:37+0200,f4a4df33-2f11-42fa-9163-dab973f5a049,2026-09-04T15:15:00Z,2026-09-04T17:15:00+0200,281.833333,MW,DK2,DK_2,forecast_onshore_wind_generation,Wind Onshore,2026-09-05T13:14:58Z
2026-09-05T13:13:37Z,2026-09-05T15:13:37+0200,f4a4df33-2f11-42fa-9163-dab973f5a049,2026-09-04T15:30:00Z,2026-09-04T17:30:00+0200,275.0,MW,DK2,DK_2,forecast_onshore_wind_generation,Wind Onshore,2026-09-05T13:14:58Z
2026-09-05T13:13:37Z,2026-09-05T15:13:37+0200,f4a4df33-2f11-42fa-9163-dab973f5a049,2026-09-04T15:45:00Z,2026-09-04T17:45:00+0200,269.666666,MW,DK2,DK_2,forecast_onshore_wind_generation,Wind Onshore,2026-09-05T13:14:58Z
2026-09-05T13:13:37Z,2026-09-05T15:13:37+0200,f4a4df33-2f11-42fa-9163-dab973f5a049,2026-09-04T16:00:00Z,2026-09-04T18:00:00+0200,265.0,MW,DK2,DK_2,forecast_onshore_wind_generation,Wind Onshore,2026-09-05T13:14:58Z
2026-09-05T13:13:37Z,2026-09-05T15:13:37+0200,f4a4df33-2f11-42fa-9163-dab973f5a049,2026-09-04T16:15:00Z,2026-09-04T18:15:00+0200,258.0,MW,DK2,DK_2,forecast_onshore_wind_generation,Wind Onshore,2026-09-05T13:14:58Z
2026-09-05T13:13:37Z,2026-09-05T15:13:37+0200,f4a4df33-2f11-42fa-9163-dab973f5a049,2026-09-04T16:30:00Z,2026-09-04T18:30:00+0200,251.0,MW,DK2,DK_2,forecast_onshore_wind_generation,Wind Onshore,2026-09-05T13:14:58Z
2026-09-05T13:13:37Z,2026-09-05T15:13:37+0200,f4a4df33-2f11-42fa-9163-dab973f5a049,2026-09-04T16:45:00Z,2026-09-04T18:45:00+0200,246.5,MW,DK2,DK_2,forecast_onshore_wind_generation,Wind Onshore,2026-09-05T13:14:58Z
2026-09-05T13:13:37Z,2026-09-05T15:13:37+0200,f4a4df33-2f11-42fa-9163-dab973f5a049,2026-09-04T17:00:00Z,2026-09-04T19:00:00+0200,244.666666,MW,DK2,DK_2,forecast_onshore_wind_generation,Wind Onshore,2026-09-05T13:14:58Z
2026-09-05T13:13:37Z,2026-09-05T15:13:37+0200,f4a4df33-2f11-42fa-9163-dab973f5a049,2026-09-04T17:15:00Z,2026-09-04T19:15:00+0200,243.0,MW,DK2,DK_2,forecast_onshore_wind_generation,Wind Onshore,2026-09-05T13:14:58Z
2026-09-05T13:13:37Z,2026-09-05T15:13:37+0200,f4a4df33-2f11-42fa-9163-dab973f5a049,2026-09-04T17:30:00Z,2026-09-04T19:30:00+0200,241.333333,MW,DK2,DK_2,forecast_onshore_wind_generation,Wind Onshore,2026-09-05T13:14:58Z
2026-09-05T13:13:37Z,2026-09-05T15:13:37+0200,f4a4df33-2f11-42fa-9163-dab973f5a049,2026-09-04T17:45:00Z,2026-09-04T19:45:00+0200,247.5,MW,DK2,DK_2,forecast_onshore_wind_generation,Wind Onshore,2026-09-05T13:14:58Z
2026-09-05T13:13:37Z,2026-09-05T15:13:37+0200,f4a4df33-2f11-42fa-9163-dab973f5a049,2026-09-04T18:00:00Z,2026-09-04T20:00:00+0200,262.166666,MW,DK2,DK_2,forecast_onshore_wind_generation,Wind Onshore,2026-09-05T13:14:58Z
2026-09-05T13:13:37Z,2026-09-05T15:13:37+0200,f4a4df33-2f11-42fa-9163-dab973f5a049,2026-09-04T18:15:00Z,2026-09-04T20:15:00+0200,277.333333,MW,DK2,DK_2,forecast_onshore_wind_generation,Wind Onshore,2026-09-05T13:14:58Z
2026-09-05T13:13:37Z,2026-09-05T15:13:37+0200,f4a4df33-2f11-42fa-9163-dab973f5a049,2026-09-04T18:30:00Z,2026-09-04T20:30:00+0200,281.666666,MW,DK2,DK_2,forecast_onshore_wind_generation,Wind Onshore,2026-09-05T13:14:58Z
2026-09-05T13:13:37Z,2026-09-05T15:13:37+0200,f4a4df33-2f11-42fa-9163-dab973f5a049,2026-09-04T18:45:00Z,2026-09-04T20:45:00+0200,291.0,MW,DK2,DK_2,forecast_onshore_wind_generation,Wind Onshore,2026-09-05T13:14:58Z
2026-09-05T13:13:37Z,2026-09-05T15:13:37+0200,f4a4df33-2f11-42fa-9163-dab973f5a049,2026-09-04T19:00:00Z,2026-09-04T21:00:00+0200,305.833333,MW,DK2,DK_2,forecast_onshore_wind_generation,Wind Onshore,2026-09-05T13:14:58Z
2026-09-05T13:13:37Z,2026-09-05T15:13:37+0200,f4a4df33-2f11-42fa-9163-dab973f5a049,2026-09-04T19:15:00Z,2026-09-04T21:15:00+0200,323.666666,MW,DK2,DK_2,forecast_onshore_wind_generation,Wind Onshore,2026-09-05T13:14:58Z
2026-09-05T13:13:37Z,2026-09-05T15:13:37+0200,f4a4df33-2f11-42fa-9163-dab973f5a049,2026-09-04T19:30:00Z,2026-09-04T21:30:00+0200,344.5,MW,DK2,DK_2,forecast_onshore_wind_generation,Wind Onshore,2026-09-05T13:14:58Z
2026-09-05T13:13:37Z,2026-09-05T15:13:37+0200,f4a4df33-2f11-42fa-9163-dab973f5a049,2026-09-04T19:45:00Z,2026-09-04T21:45:00+0200,363.0,MW,DK2,DK_2,forecast_onshore_wind_generation,Wind Onshore,2026-09-05T13:14:58Z
2026-09-05T13:13:37Z,2026-09-05T15:13:37+0200,f4a4df33-2f11-42fa-9163-dab973f5a049,2026-09-04T20:00:00Z,2026-09-04T22:00:00+0200,378.166666,MW,DK2,DK_2,forecast_onshore_wind_generation,Wind Onshore,2026-09-05T13:14:58Z
2026-09-05T13:13:37Z,2026-09-05T15:13:37+0200,f4a4df33-2f11-42fa-9163-dab973f5a049,2026-09-04T20:15:00Z,2026-09-04T22:15:00+0200,386.833333,MW,DK2,DK_2,forecast_onshore_wind_generation,Wind Onshore,2026-09-05T13:14:58Z
2026-09-05T13:13:37Z,2026-09-05T15:13:37+0200,f4a4df33-2f11-42fa-9163-dab973f5a049,2026-09-04T20:30:00Z,2026-09-04T22:30:00+0200,390.0,MW,DK2,DK_2,forecast_onshore_wind_generation,Wind Onshore,2026-09-05T13:14:58Z
2026-09-05T13:13:37Z,2026-09-05T15:13:37+0200,f4a4df33-2f11-42fa-9163-dab973f5a049,2026-09-04T20:45:00Z,2026-09-04T22:45:00+0200,391.0,MW,DK2,DK_2,forecast_onshore_wind_generation,Wind Onshore,2026-09-05T13:14:58Z
2026-09-05T13:13:37Z,2026-09-05T15:13:37+0200,f4a4df33-2f11-42fa-9163-dab973f5a049,2026-09-04T21:00:00Z,2026-09-04T23:00:00+0200,389.5,MW,DK2,DK_2,forecast_onshore_wind_generation,Wind Onshore,2026-09-05T13:14:58Z
2026-09-05T13:13:37Z,2026-09-05T15:13:37+0200,f4a4df33-2f11-42fa-9163-dab973f5a049,2026-09-04T21:15:00Z,2026-09-04T23:15:00+0200,387.5,MW,DK2,DK_2,forecast_onshore_wind_generation,Wind Onshore,2026-09-05T13:14:58Z
2026-09-05T13:13:37Z,2026-09-05T15:13:37+0200,f4a4df33-2f11-42fa-9163-dab973f5a049,2026-09-04T21:30:00Z,2026-09-04T23:30:00+0200,386.166666,MW,DK2,DK_2,forecast_onshore_wind_generation,Wind Onshore,2026-09-05T13:14:58Z
2026-09-05T13:13:37Z,2026-09-05T15:13:37+0200,f4a4df33-2f11-42fa-9163-dab973f5a049,2026-09-04T21:45:00Z,2026-09-04T23:45:00+0200,388.333333,MW,DK2,DK_2,forecast_onshore_wind_generation,Wind Onshore,2026-09-05T13:14:58Z
2026-09-05T13:13:37Z,2026-09-05T15:13:37+0200,f4a4df33-2f11-42fa-9163-dab973f5a049,2026-09-04T22:00:00Z,2026-09-05T00:00:00+0200,417.5,MW,DK2,DK_2,forecast_onshore_wind_generation,Wind Onshore,2026-09-05T13:14:58Z
2026-09-05T13:13:37Z,2026-09-05T15:13:37+0200,f4a4df33-2f11-42fa-9163-dab973f5a049,2026-09-04T22:15:00Z,2026-09-05T00:15:00+0200,418.0,MW,DK2,DK_2,forecast_onshore_wind_generation,Wind Onshore,2026-09-05T13:14:58Z
2026-09-05T13:13:37Z,2026-09-05T15:13:37+0200,f4a4df33-2f11-42fa-9163-dab973f5a049,2026-09-04T22:30:00Z,2026-09-05T00:30:00+0200,416.833333,MW,DK2,DK_2,forecast_onshore_wind_generation,Wind Onshore,2026-09-05T13:14:58Z
2026-09-05T13:13:37Z,2026-09-05T15:13:37+0200,f4a4df33-2f11-42fa-9163-dab973f5a049,2026-09-04T22:45:00Z,2026-09-05T00:45:00+0200,412.5,MW,DK2,DK_2,forecast_onshore_wind_generation,Wind Onshore,2026-09-05T13:14:58Z
2026-09-05T13:13:37Z,2026-09-05T15:13:37+0200,f4a4df33-2f11-42fa-9163-dab973f5a049,2026-09-04T23:00:00Z,2026-09-05T01:00:00+0200,408.333333,MW,DK2,DK_2,forecast_onshore_wind_generation,Wind Onshore,2026-09-05T13:14:58Z
2026-09-05T13:13:37Z,2026-09-05T15:13:37+0200,f4a4df33-2f11-42fa-9163-dab973f5a049,2026-09-04T23:15:00Z,2026-09-05T01:15:00+0200,408.166666,MW,DK2,DK_2,forecast_onshore_wind_generation,Wind Onshore,2026-09-05T13:14:58Z
2026-09-05T13:13:37Z,2026-09-05T15:13:37+0200,f4a4df33-2f11-42fa-9163-dab973f5a049,2026-09-04T23:30:00Z,2026-09-05T01:30:00+0200,408.5,MW,DK2,DK_2,forecast_onshore_wind_generation,Wind Onshore,2026-09-05T13:14:58Z
2026-09-05T13:13:37Z,2026-09-05T15:13:37+0200,f4a4df33-2f11-42fa-9163-dab973f5a049,2026-09-04T23:45:00Z,2026-09-05T01:45:00+0200,408.166666,MW,DK2,DK_2,forecast_onshore_wind_generation,Wind Onshore,2026-09-05T13:14:58Z
2026-09-05T13:13:37Z,2026-09-05T15:13:37+0200,f4a4df33-2f11-42fa-9163-dab973f5a049,2026-09-05T00:00:00Z,2026-09-05T02:00:00+0200,409.833333,MW,DK2,DK_2,forecast_onshore_wind_generation,Wind Onshore,2026-09-05T13:14:58Z
2026-09-05T13:13:37Z,2026-09-05T15:13:37+0200,f4a4df33-2f11-42fa-9163-dab973f5a049,2026-09-05T00:15:00Z,2026-09-05T02:15:00+0200,407.0,MW,DK2,DK_2,forecast_onshore_wind_generation,Wind Onshore,2026-09-05T13:14:58Z
2026-09-05T13:13:37Z,2026-09-05T15:13:37+0200,f4a4df33-2f11-42fa-9163-dab973f5a049,2026-09-05T00:30:00Z,2026-09-05T02:30:00+0200,401.5,MW,DK2,DK_2,forecast_onshore_wind_generation,Wind Onshore,2026-09-05T13:14:58Z
2026-09-05T13:13:37Z,2026-09-05T15:13:37+0200,f4a4df33-2f11-42fa-9163-dab973f5a049,2026-09-05T00:45:00Z,2026-09-05T02:45:00+0200,397.5,MW,DK2,DK_2,forecast_onshore_wind_generation,Wind Onshore,2026-09-05T13:14:58Z
2026-09-05T13:13:37Z,2026-09-05T15:13:37+0200,f4a4df33-2f11-42fa-9163-dab973f5a049,2026-09-05T01:00:00Z,2026-09-05T03:00:00+0200,392.833333,MW,DK2,DK_2,forecast_onshore_wind_generation,Wind Onshore,2026-09-05T13:14:58Z
2026-09-05T13:13:37Z,2026-09-05T15:13:37+0200,f4a4df33-2f11-42fa-9163-dab973f5a049,2026-09-05T01:15:00Z,2026-09-05T03:15:00+0200,382.166666,MW,DK2,DK_2,forecast_onshore_wind_generation,Wind Onshore,2026-09-05T13:14:58Z
2026-09-05T13:13:37Z,2026-09-05T15:13:37+0200,f4a4df33-2f11-42fa-9163-dab973f5a049,2026-09-05T01:30:00Z,2026-09-05T03:30:00+0200,370.333333,MW,DK2,DK_2,forecast_onshore_wind_generation,Wind Onshore,2026-09-05T13:14:58Z
2026-09-05T13:13:37Z,2026-09-05T15:13:37+0200,f4a4df33-2f11-42fa-9163-dab973f5a049,2026-09-05T01:45:00Z,2026-09-05T03:45:00+0200,364.666666,MW,DK2,DK_2,forecast_onshore_wind_generation,Wind Onshore,2026-09-05T13:14:58Z
2026-09-05T13:13:37Z,2026-09-05T15:13:37+0200,f4a4df33-2f11-42fa-9163-dab973f5a049,2026-09-05T02:00:00Z,2026-09-05T04:00:00+0200,363.166666,MW,DK2,DK_2,forecast_onshore_wind_generation,Wind Onshore,2026-09-05T13:14:58Z
2026-09-05T13:13:37Z,2026-09-05T15:13:37+0200,f4a4df33-2f11-42fa-9163-dab973f5a049,2026-09-05T02:15:00Z,2026-09-05T04:15:00+0200,358.0,MW,DK2,DK_2,forecast_onshore_wind_generation,Wind Onshore,2026-09-05T13:14:58Z
2026-09-05T13:13:37Z,2026-09-05T15:13:37+0200,f4a4df33-2f11-42fa-9163-dab973f5a049,2026-09-05T02:30:00Z,2026-09-05T04:30:00+0200,353.0,MW,DK2,DK_2,forecast_onshore_wind_generation,Wind Onshore,2026-09-05T13:14:58Z
2026-09-05T13:13:37Z,2026-09-05T15:13:37+0200,f4a4df33-2f11-42fa-9163-dab973f5a049,2026-09-05T02:45:00Z,2026-09-05T04:45:00+0200,357.333333,MW,DK2,DK_2,forecast_onshore_wind_generation,Wind Onshore,2026-09-05T13:14:58Z
2026-09-05T13:13:37Z,2026-09-05T15:13:37+0200,f4a4df33-2f11-42fa-9163-dab973f5a049,2026-09-05T03:00:00Z,2026-09-05T05:00:00+0200,361.333333,MW,DK2,DK_2,forecast_onshore_wind_generation,Wind Onshore,2026-09-05T13:14:58Z
2026-09-05T13:13:37Z,2026-09-05T15:13:37+0200,f4a4df33-2f11-42fa-9163-dab973f5a049,2026-09-05T03:15:00Z,2026-09-05T05:15:00+0200,366.666666,MW,DK2,DK_2,forecast_onshore_wind_generation,Wind Onshore,2026-09-05T13:14:58Z
2026-09-05T13:13:37Z,2026-09-05T15:13:37+0200,f4a4df33-2f11-42fa-9163-dab973f5a049,2026-09-05T03:30:00Z,2026-09-05T05:30:00+0200,374.833333,MW,DK2,DK_2,forecast_onshore_wind_generation,Wind Onshore,2026-09-05T13:14:58Z
2026-09-05T13:13:37Z,2026-09-05T15:13:37+0200,f4a4df33-2f11-42fa-9163-dab973f5a049,2026-09-05T03:45:00Z,2026-09-05T05:45:00+0200,380.833333,MW,DK2,DK_2,forecast_onshore_wind_generation,Wind Onshore,2026-09-05T13:14:58Z
2026-09-05T13:13:37Z,2026-09-05T15:13:37+0200,f4a4df33-2f11-42fa-9163-dab973f5a049,2026-09-05T04:00:00Z,2026-09-05T06:00:00+0200,385.166666,MW,DK2,DK_2,forecast_onshore_wind_generation,Wind Onshore,2026-09-05T13:14:58Z
2026-09-05T13:13:37Z,2026-09-05T15:13:37+0200,f4a4df33-2f11-42fa-9163-dab973f5a049,2026-09-05T04:15:00Z,2026-09-05T06:15:00+0200,385.333333,MW,DK2,DK_2,forecast_onshore_wind_generation,Wind Onshore,2026-09-05T13:14:58Z
2026-09-05T13:13:37Z,2026-09-05T15:13:37+0200,f4a4df33-2f11-42fa-9163-dab973f5a049,2026-09-05T04:30:00Z,2026-09-05T06:30:00+0200,378.333333,MW,DK2,DK_2,forecast_onshore_wind_generation,Wind Onshore,2026-09-05T13:14:58Z
2026-09-05T13:13:37Z,2026-09-05T15:13:37+0200,f4a4df33-2f11-42fa-9163-dab973f5a049,2026-09-05T04:45:00Z,2026-09-05T06:45:00+0200,370.333333,MW,DK2,DK_2,forecast_onshore_wind_generation,Wind Onshore,2026-09-05T13:14:58Z
2026-09-05T13:13:37Z,2026-09-05T15:13:37+0200,f4a4df33-2f11-42fa-9163-dab973f5a049,2026-09-05T05:00:00Z,2026-09-05T07:00:00+0200,360.166666,MW,DK2,DK_2,forecast_onshore_wind_generation,Wind Onshore,2026-09-05T13:14:58Z
2026-09-05T13:13:37Z,2026-09-05T15:13:37+0200,f4a4df33-2f11-42fa-9163-dab973f5a049,2026-09-05T05:15:00Z,2026-09-05T07:15:00+0200,350.0,MW,DK2,DK_2,forecast_onshore_wind_generation,Wind Onshore,2026-09-05T13:14:58Z
2026-09-05T13:13:37Z,2026-09-05T15:13:37+0200,f4a4df33-2f11-42fa-9163-dab973f5a049,2026-09-05T05:30:00Z,2026-09-05T07:30:00+0200,340.0,MW,DK2,DK_2,forecast_onshore_wind_generation,Wind Onshore,2026-09-05T13:14:58Z
2026-09-05T13:13:37Z,2026-09-05T15:13:37+0200,f4a4df33-2f11-42fa-9163-dab973f5a049,2026-09-05T05:45:00Z,2026-09-05T07:45:00+0200,331.166666,MW,DK2,DK_2,forecast_onshore_wind_generation,Wind Onshore,2026-09-05T13:14:58Z
2026-09-05T13:13:37Z,2026-09-05T15:13:37+0200,f4a4df33-2f11-42fa-9163-dab973f5a049,2026-09-05T06:00:00Z,2026-09-05T08:00:00+0200,325.166666,MW,DK2,DK_2,forecast_onshore_wind_generation,Wind Onshore,2026-09-05T13:14:58Z
2026-09-05T13:13:37Z,2026-09-05T15:13:37+0200,f4a4df33-2f11-42fa-9163-dab973f5a049,2026-09-05T06:15:00Z,2026-09-05T08:15:00+0200,322.166666,MW,DK2,DK_2,forecast_onshore_wind_generation,Wind Onshore,2026-09-05T13:14:58Z
2026-09-05T13:13:37Z,2026-09-05T15:13:37+0200,f4a4df33-2f11-42fa-9163-dab973f5a049,2026-09-05T06:30:00Z,2026-09-05T08:30:00+0200,323.666666,MW,DK2,DK_2,forecast_onshore_wind_generation,Wind Onshore,2026-09-05T13:14:58Z
2026-09-05T13:13:37Z,2026-09-05T15:13:37+0200,f4a4df33-2f11-42fa-9163-dab973f5a049,2026-09-05T06:45:00Z,2026-09-05T08:45:00+0200,323.333333,MW,DK2,DK_2,forecast_onshore_wind_generation,Wind Onshore,2026-09-05T13:14:58Z
2026-09-05T13:13:37Z,2026-09-05T15:13:37+0200,f4a4df33-2f11-42fa-9163-dab973f5a049,2026-09-05T07:00:00Z,2026-09-05T09:00:00+0200,288.166666,MW,DK2,DK_2,forecast_onshore_wind_generation,Wind Onshore,2026-09-05T13:14:58Z
2026-09-05T13:13:37Z,2026-09-05T15:13:37+0200,f4a4df33-2f11-42fa-9163-dab973f5a049,2026-09-05T07:15:00Z,2026-09-05T09:15:00+0200,291.333333,MW,DK2,DK_2,forecast_onshore_wind_generation,Wind Onshore,2026-09-05T13:14:58Z
2026-09-05T13:13:37Z,2026-09-05T15:13:37+0200,f4a4df33-2f11-42fa-9163-dab973f5a049,2026-09-05T07:30:00Z,2026-09-05T09:30:00+0200,287.333333,MW,DK2,DK_2,forecast_onshore_wind_generation,Wind Onshore,2026-09-05T13:14:58Z
2026-09-05T13:13:37Z,2026-09-05T15:13:37+0200,f4a4df33-2f11-42fa-9163-dab973f5a049,2026-09-05T07:45:00Z,2026-09-05T09:45:00+0200,298.333333,MW,DK2,DK_2,forecast_onshore_wind_generation,Wind Onshore,2026-09-05T13:14:58Z
2026-09-05T13:13:37Z,2026-09-05T15:13:37+0200,f4a4df33-2f11-42fa-9163-dab973f5a049,2026-09-05T08:00:00Z,2026-09-05T10:00:00+0200,320.833333,MW,DK2,DK_2,forecast_onshore_wind_generation,Wind Onshore,2026-09-05T13:14:58Z
2026-09-05T13:13:37Z,2026-09-05T15:13:37+0200,f4a4df33-2f11-42fa-9163-dab973f5a049,2026-09-05T08:15:00Z,2026-09-05T10:15:00+0200,324.166666,MW,DK2,DK_2,forecast_onshore_wind_generation,Wind Onshore,2026-09-05T13:14:58Z
2026-09-05T13:13:37Z,2026-09-05T15:13:37+0200,f4a4df33-2f11-42fa-9163-dab973f5a049,2026-09-05T08:30:00Z,2026-09-05T10:30:00+0200,322.333333,MW,DK2,DK_2,forecast_onshore_wind_generation,Wind Onshore,2026-09-05T13:14:58Z
2026-09-05T13:13:37Z,2026-09-05T15:13:37+0200,f4a4df33-2f11-42fa-9163-dab973f5a049,2026-09-05T08:45:00Z,2026-09-05T10:45:00+0200,321.0,MW,DK2,DK_2,forecast_onshore_wind_generation,Wind Onshore,2026-09-05T13:14:58Z
2026-09-05T13:13:37Z,2026-09-05T15:13:37+0200,f4a4df33-2f11-42fa-9163-dab973f5a049,2026-09-05T09:00:00Z,2026-09-05T11:00:00+0200,326.0,MW,DK2,DK_2,forecast_onshore_wind_generation,Wind Onshore,2026-09-05T13:14:58Z
2026-09-05T13:13:37Z,2026-09-05T15:13:37+0200,f4a4df33-2f11-42fa-9163-dab973f5a049,2026-09-05T09:15:00Z,2026-09-05T11:15:00+0200,322.833333,MW,DK2,DK_2,forecast_onshore_wind_generation,Wind Onshore,2026-09-05T13:14:58Z
2026-09-05T13:13:37Z,2026-09-05T15:13:37+0200,f4a4df33-2f11-42fa-9163-dab973f5a049,2026-09-05T09:30:00Z,2026-09-05T11:30:00+0200,316.666666,MW,DK2,DK_2,forecast_onshore_wind_generation,Wind Onshore,2026-09-05T13:14:58Z
2026-09-05T13:13:37Z,2026-09-05T15:13:37+0200,f4a4df33-2f11-42fa-9163-dab973f5a049,2026-09-05T09:45:00Z,2026-09-05T11:45:00+0200,327.666666,MW,DK2,DK_2,forecast_onshore_wind_generation,Wind Onshore,2026-09-05T13:14:58Z
2026-09-05T13:13:37Z,2026-09-05T15:13:37+0200,f4a4df33-2f11-42fa-9163-dab973f5a049,2026-09-05T10:00:00Z,2026-09-05T12:00:00+0200,345.166666,MW,DK2,DK_2,forecast_onshore_wind_generation,Wind Onshore,2026-09-05T13:14:58Z
2026-09-05T13:13:37Z,2026-09-05T15:13:37+0200,f4a4df33-2f11-42fa-9163-dab973f5a049,2026-09-05T10:15:00Z,2026-09-05T12:15:00+0200,362.333333,MW,DK2,DK_2,forecast_onshore_wind_generation,Wind Onshore,2026-09-05T13:14:58Z
2026-09-05T13:13:37Z,2026-09-05T15:13:37+0200,f4a4df33-2f11-42fa-9163-dab973f5a049,2026-09-05T10:30:00Z,2026-09-05T12:30:00+0200,363.5,MW,DK2,DK_2,forecast_onshore_wind_generation,Wind Onshore,2026-09-05T13:14:58Z
2026-09-05T13:13:37Z,2026-09-05T15:13:37+0200,f4a4df33-2f11-42fa-9163-dab973f5a049,2026-09-05T10:45:00Z,2026-09-05T12:45:00+0200,364.166666,MW,DK2,DK_2,forecast_onshore_wind_generation,Wind Onshore,2026-09-05T13:14:58Z
2026-09-05T13:13:37Z,2026-09-05T15:13:37+0200,f4a4df33-2f11-42fa-9163-dab973f5a049,2026-09-05T11:00:00Z,2026-09-05T13:00:00+0200,367.166666,MW,DK2,DK_2,forecast_onshore_wind_generation,Wind Onshore,2026-09-05T13:14:58Z
2026-09-05T13:13:37Z,2026-09-05T15:13:37+0200,f4a4df33-2f11-42fa-9163-dab973f5a049,2026-09-05T11:15:00Z,2026-09-05T13:15:00+0200,361.333333,MW,DK2,DK_2,forecast_onshore_wind_generation,Wind Onshore,2026-09-05T13:14:58Z
2026-09-05T13:13:37Z,2026-09-05T15:13:37+0200,f4a4df33-2f11-42fa-9163-dab973f5a049,2026-09-05T11:30:00Z,2026-09-05T13:30:00+0200,362.166666,MW,DK2,DK_2,forecast_onshore_wind_generation,Wind Onshore,2026-09-05T13:14:58Z
2026-09-05T13:13:37Z,2026-09-05T15:13:37+0200,f4a4df33-2f11-42fa-9163-dab973f5a049,2026-09-05T11:45:00Z,2026-09-05T13:45:00+0200,358.833333,MW,DK2,DK_2,forecast_onshore_wind_generation,Wind Onshore,2026-09-05T13:14:58Z
2026-09-05T13:13:37Z,2026-09-05T15:13:37+0200,f4a4df33-2f11-42fa-9163-dab973f5a049,2026-09-05T12:00:00Z,2026-09-05T14:00:00+0200,353.666666,MW,DK2,DK_2,forecast_onshore_wind_generation,Wind Onshore,2026-09-05T13:14:58Z
2026-09-05T13:13:37Z,2026-09-05T15:13:37+0200,f4a4df33-2f11-42fa-9163-dab973f5a049,2026-09-05T12:15:00Z,2026-09-05T14:15:00+0200,353.166666,MW,DK2,DK_2,forecast_onshore_wind_generation,Wind Onshore,2026-09-05T13:14:58Z
2026-09-05T13:13:37Z,2026-09-05T15:13:37+0200,f4a4df33-2f11-42fa-9163-dab973f5a049,2026-09-05T12:30:00Z,2026-09-05T14:30:00+0200,352.166666,MW,DK2,DK_2,forecast_onshore_wind_generation,Wind Onshore,2026-09-05T13:14:58Z
2026-09-05T13:13:37Z,2026-09-05T15:13:37+0200,f4a4df33-2f11-42fa-9163-dab973f5a049,2026-09-05T12:45:00Z,2026-09-05T14:45:00+0200,341.5,MW,DK2,DK_2,forecast_onshore_wind_generation,Wind Onshore,2026-09-05T13:14:58Z
2026-09-05T13:13:37Z,2026-09-05T15:13:37+0200,f4a4df33-2f11-42fa-9163-dab973f5a049,2026-09-05T13:15:00Z,2026-09-05T15:15:00+0200,347.5,MW,DK2,DK_2,forecast_onshore_wind_generation,Wind Onshore,2026-09-05T13:15:09Z
2026-09-05T13:13:37Z,2026-09-05T15:13:37+0200,f4a4df33-2f11-42fa-9163-dab973f5a049,2026-09-05T13:30:00Z,2026-09-05T15:30:00+0200,354.666666,MW,DK2,DK_2,forecast_onshore_wind_generation,Wind Onshore,2026-09-05T13:15:09Z
2026-09-05T13:13:37Z,2026-09-05T15:13:37+0200,f4a4df33-2f11-42fa-9163-dab973f5a049,2026-09-05T13:45:00Z,2026-09-05T15:45:00+0200,371.166666,MW,DK2,DK_2,forecast_onshore_wind_generation,Wind Onshore,2026-09-05T13:15:09Z
2026-09-05T13:13:37Z,2026-09-05T15:13:37+0200,f4a4df33-2f11-42fa-9163-dab973f5a049,2026-09-05T14:00:00Z,2026-09-05T16:00:00+0200,361.5,MW,DK2,DK_2,forecast_onshore_wind_generation,Wind Onshore,2026-09-05T13:15:09Z
2026-09-05T13:13:37Z,2026-09-05T15:13:37+0200,f4a4df33-2f11-42fa-9163-dab973f5a049,2026-09-05T14:15:00Z,2026-09-05T16:15:00+0200,362.833333,MW,DK2,DK_2,forecast_onshore_wind_generation,Wind Onshore,2026-09-05T13:15:09Z
2026-09-05T13:13:37Z,2026-09-05T15:13:37+0200,f4a4df33-2f11-42fa-9163-dab973f5a049,2026-09-05T14:30:00Z,2026-09-05T16:30:00+0200,359.666666,MW,DK2,DK_2,forecast_onshore_wind_generation,Wind Onshore,2026-09-05T13:15:09Z
2026-09-05T13:13:37Z,2026-09-05T15:13:37+0200,f4a4df33-2f11-42fa-9163-dab973f5a049,2026-09-05T14:45:00Z,2026-09-05T16:45:00+0200,358.166666,MW,DK2,DK_2,forecast_onshore_wind_generation,Wind Onshore,2026-09-05T13:15:09Z
2026-09-05T13:13:37Z,2026-09-05T15:13:37+0200,f4a4df33-2f11-42fa-9163-dab973f5a049,2026-09-05T15:00:00Z,2026-09-05T17:00:00+0200,365.833333,MW,DK2,DK_2,forecast_onshore_wind_generation,Wind Onshore,2026-09-05T13:15:09Z
2026-09-05T13:13:37Z,2026-09-05T15:13:37+0200,f4a4df33-2f11-42fa-9163-dab973f5a049,2026-09-05T15:15:00Z,2026-09-05T17:15:00+0200,379.166666,MW,DK2,DK_2,forecast_onshore_wind_generation,Wind Onshore,2026-09-05T13:15:09Z
2026-09-05T13:13:37Z,2026-09-05T15:13:37+0200,f4a4df33-2f11-42fa-9163-dab973f5a049,2026-09-05T15:30:00Z,2026-09-05T17:30:00+0200,405.333333,MW,DK2,DK_2,forecast_onshore_wind_generation,Wind Onshore,2026-09-05T13:15:09Z
2026-09-05T13:13:37Z,2026-09-05T15:13:37+0200,f4a4df33-2f11-42fa-9163-dab973f5a049,2026-09-05T15:45:00Z,2026-09-05T17:45:00+0200,431.166666,MW,DK2,DK_2,forecast_onshore_wind_generation,Wind Onshore,2026-09-05T13:15:09Z
2026-09-05T13:13:37Z,2026-09-05T15:13:37+0200,f4a4df33-2f11-42fa-9163-dab973f5a049,2026-09-05T16:00:00Z,2026-09-05T18:00:00+0200,480.5,MW,DK2,DK_2,forecast_onshore_wind_generation,Wind Onshore,2026-09-05T13:15:09Z
2026-09-05T13:13:37Z,2026-09-05T15:13:37+0200,f4a4df33-2f11-42fa-9163-dab973f5a049,2026-09-05T16:15:00Z,2026-09-05T18:15:00+0200,520.5,MW,DK2,DK_2,forecast_onshore_wind_generation,Wind Onshore,2026-09-05T13:15:09Z
2026-09-05T13:13:37Z,2026-09-05T15:13:37+0200,f4a4df33-2f11-42fa-9163-dab973f5a049,2026-09-05T16:30:00Z,2026-09-05T18:30:00+0200,515.5,MW,DK2,DK_2,forecast_onshore_wind_generation,Wind Onshore,2026-09-05T13:15:09Z
2026-09-05T13:13:37Z,2026-09-05T15:13:37+0200,f4a4df33-2f11-42fa-9163-dab973f5a049,2026-09-05T16:45:00Z,2026-09-05T18:45:00+0200,510.833333,MW,DK2,DK_2,forecast_onshore_wind_generation,Wind Onshore,2026-09-05T13:15:09Z
2026-09-05T13:13:37Z,2026-09-05T15:13:37+0200,f4a4df33-2f11-42fa-9163-dab973f5a049,2026-09-05T17:00:00Z,2026-09-05T19:00:00+0200,502.0,MW,DK2,DK_2,forecast_onshore_wind_generation,Wind Onshore,2026-09-05T13:15:09Z
2026-09-05T13:13:37Z,2026-09-05T15:13:37+0200,f4a4df33-2f11-42fa-9163-dab973f5a049,2026-09-05T17:15:00Z,2026-09-05T19:15:00+0200,488.0,MW,DK2,DK_2,forecast_onshore_wind_generation,Wind Onshore,2026-09-05T13:15:09Z
2026-09-05T13:13:37Z,2026-09-05T15:13:37+0200,f4a4df33-2f11-42fa-9163-dab973f5a049,2026-09-05T17:30:00Z,2026-09-05T19:30:00+0200,474.166666,MW,DK2,DK_2,forecast_onshore_wind_generation,Wind Onshore,2026-09-05T13:15:09Z
2026-09-05T13:13:37Z,2026-09-05T15:13:37+0200,f4a4df33-2f11-42fa-9163-dab973f5a049,2026-09-05T17:45:00Z,2026-09-05T19:45:00+0200,465.833333,MW,DK2,DK_2,forecast_onshore_wind_generation,Wind Onshore,2026-09-05T13:15:09Z
2026-09-05T13:13:37Z,2026-09-05T15:13:37+0200,f4a4df33-2f11-42fa-9163-dab973f5a049,2026-09-05T18:00:00Z,2026-09-05T20:00:00+0200,463.333333,MW,DK2,DK_2,forecast_onshore_wind_generation,Wind Onshore,2026-09-05T13:15:09Z
2026-09-05T13:13:37Z,2026-09-05T15:13:37+0200,f4a4df33-2f11-42fa-9163-dab973f5a049,2026-09-05T18:15:00Z,2026-09-05T20:15:00+0200,466.5,MW,DK2,DK_2,forecast_onshore_wind_generation,Wind Onshore,2026-09-05T13:15:09Z
2026-09-05T13:13:37Z,2026-09-05T15:13:37+0200,f4a4df33-2f11-42fa-9163-dab973f5a049,2026-09-05T18:30:00Z,2026-09-05T20:30:00+0200,470.5,MW,DK2,DK_2,forecast_onshore_wind_generation,Wind Onshore,2026-09-05T13:15:09Z
2026-09-05T13:13:37Z,2026-09-05T15:13:37+0200,f4a4df33-2f11-42fa-9163-dab973f5a049,2026-09-05T18:45:00Z,2026-09-05T20:45:00+0200,474.166666,MW,DK2,DK_2,forecast_onshore_wind_generation,Wind Onshore,2026-09-05T13:15:09Z
2026-09-05T13:13:37Z,2026-09-05T15:13:37+0200,f4a4df33-2f11-42fa-9163-dab973f5a049,2026-09-05T19:00:00Z,2026-09-05T21:00:00+0200,479.666666,MW,DK2,DK_2,forecast_onshore_wind_generation,Wind Onshore,2026-09-05T13:15:09Z
2026-09-05T13:13:37Z,2026-09-05T15:13:37+0200,f4a4df33-2f11-42fa-9163-dab973f5a049,2026-09-05T19:15:00Z,2026-09-05T21:15:00+0200,484.166666,MW,DK2,DK_2,forecast_onshore_wind_generation,Wind Onshore,2026-09-05T13:15:09Z
2026-09-05T13:13:37Z,2026-09-05T15:13:37+0200,f4a4df33-2f11-42fa-9163-dab973f5a049,2026-09-05T19:30:00Z,2026-09-05T21:30:00+0200,491.5,MW,DK2,DK_2,forecast_onshore_wind_generation,Wind Onshore,2026-09-05T13:15:09Z
2026-09-05T13:13:37Z,2026-09-05T15:13:37+0200,f4a4df33-2f11-42fa-9163-dab973f5a049,2026-09-05T19:45:00Z,2026-09-05T21:45:00+0200,498.5,MW,DK2,DK_2,forecast_onshore_wind_generation,Wind Onshore,2026-09-05T13:15:09Z
2026-09-05T13:13:37Z,2026-09-05T15:13:37+0200,f4a4df33-2f11-42fa-9163-dab973f5a049,2026-09-05T20:00:00Z,2026-09-05T22:00:00+0200,503.5,MW,DK2,DK_2,forecast_onshore_wind_generation,Wind Onshore,2026-09-05T13:15:09Z
2026-09-05T13:13:37Z,2026-09-05T15:13:37+0200,f4a4df33-2f11-42fa-9163-dab973f5a049,2026-09-05T20:15:00Z,2026-09-05T22:15:00+0200,502.666666,MW,DK2,DK_2,forecast_onshore_wind_generation,Wind Onshore,2026-09-05T13:15:09Z
2026-09-05T13:13:37Z,2026-09-05T15:13:37+0200,f4a4df33-2f11-42fa-9163-dab973f5a049,2026-09-05T20:30:00Z,2026-09-05T22:30:00+0200,499.166666,MW,DK2,DK_2,forecast_onshore_wind_generation,Wind Onshore,2026-09-05T13:15:09Z
2026-09-05T13:13:37Z,2026-09-05T15:13:37+0200,f4a4df33-2f11-42fa-9163-dab973f5a049,2026-09-05T20:45:00Z,2026-09-05T22:45:00+0200,496.5,MW,DK2,DK_2,forecast_onshore_wind_generation,Wind Onshore,2026-09-05T13:15:09Z
2026-09-05T13:13:37Z,2026-09-05T15:13:37+0200,f4a4df33-2f11-42fa-9163-dab973f5a049,2026-09-05T21:00:00Z,2026-09-05T23:00:00+0200,492.666666,MW,DK2,DK_2,forecast_onshore_wind_generation,Wind Onshore,2026-09-05T13:15:09Z
2026-09-05T13:13:37Z,2026-09-05T15:13:37+0200,f4a4df33-2f11-42fa-9163-dab973f5a049,2026-09-05T21:15:00Z,2026-09-05T23:15:00+0200,490.5,MW,DK2,DK_2,forecast_onshore_wind_generation,Wind Onshore,2026-09-05T13:15:09Z
2026-09-05T13:13:37Z,2026-09-05T15:13:37+0200,f4a4df33-2f11-42fa-9163-dab973f5a049,2026-09-05T21:30:00Z,2026-09-05T23:30:00+0200,489.5,MW,DK2,DK_2,forecast_onshore_wind_generation,Wind Onshore,2026-09-05T13:15:09Z
2026-09-05T13:13:37Z,2026-09-05T15:13:37+0200,f4a4df33-2f11-42fa-9163-dab973f5a049,2026-09-05T21:45:00Z,2026-09-05T23:45:00+0200,490.666666,MW,DK2,DK_2,forecast_onshore_wind_generation,Wind Onshore,2026-09-05T13:15:09Z
