collection_time_utc,collection_time_local,run_id,timestamp_utc,timestamp_local,value,unit,country,entsoe_area,variable,source,updated_at_utc
2026-09-15T16:20:58Z,2026-09-15T18:20:58+0200,6da2bba9-0875-45d5-88b1-1f83d09e3a0a,2026-09-08T16:30:00Z,2026-09-08T18:30:00+0200,123.5,MW,DK2,DK_2,forecast_onshore_wind_generation,Wind Onshore,2026-09-15T16:22:12Z
2026-09-15T16:20:58Z,2026-09-15T18:20:58+0200,6da2bba9-0875-45d5-88b1-1f83d09e3a0a,2026-09-08T16:45:00Z,2026-09-08T18:45:00+0200,123.833333,MW,DK2,DK_2,forecast_onshore_wind_generation,Wind Onshore,2026-09-15T16:22:12Z
2026-09-15T16:20:58Z,2026-09-15T18:20:58+0200,6da2bba9-0875-45d5-88b1-1f83d09e3a0a,2026-09-08T17:00:00Z,2026-09-08T19:00:00+0200,122.333333,MW,DK2,DK_2,forecast_onshore_wind_generation,Wind Onshore,2026-09-15T16:22:12Z
2026-09-15T16:20:58Z,2026-09-15T18:20:58+0200,6da2bba9-0875-45d5-88b1-1f83d09e3a0a,2026-09-08T17:15:00Z,2026-09-08T19:15:00+0200,120.666666,MW,DK2,DK_2,forecast_onshore_wind_generation,Wind Onshore,2026-09-15T16:22:12Z
2026-09-15T16:20:58Z,2026-09-15T18:20:58+0200,6da2bba9-0875-45d5-88b1-1f83d09e3a0a,2026-09-08T17:30:00Z,2026-09-08T19:30:00+0200,120.333333,MW,DK2,DK_2,forecast_onshore_wind_generation,Wind Onshore,2026-09-15T16:22:12Z
2026-09-15T16:20:58Z,2026-09-15T18:20:58+0200,6da2bba9-0875-45d5-88b1-1f83d09e3a0a,2026-09-08T17:45:00Z,2026-09-08T19:45:00+0200,115.833333,MW,DK2,DK_2,forecast_onshore_wind_generation,Wind Onshore,2026-09-15T16:22:12Z
2026-09-15T16:20:58Z,2026-09-15T18:20:58+0200,6da2bba9-0875-45d5-88b1-1f83d09e3a0a,2026-09-08T18:00:00Z,2026-09-08T20:00:00+0200,110.333333,MW,DK2,DK_2,forecast_onshore_wind_generation,Wind Onshore,2026-09-15T16:22:12Z
2026-09-15T16:20:58Z,2026-09-15T18:20:58+0200,6da2bba9-0875-45d5-88b1-1f83d09e3a0a,2026-09-08T18:15:00Z,2026-09-08T20:15:00+0200,114.666666,MW,DK2,DK_2,forecast_onshore_wind_generation,Wind Onshore,2026-09-15T16:22:12Z
2026-09-15T16:20:58Z,2026-09-15T18:20:58+0200,6da2bba9-0875-45d5-88b1-1f83d09e3a0a,2026-09-08T18:30:00Z,2026-09-08T20:30:00+0200,130.5,MW,DK2,DK_2,forecast_onshore_wind_generation,Wind Onshore,2026-09-15T16:22:12Z
2026-09-15T16:20:58Z,2026-09-15T18:20:58+0200,6da2bba9-0875-45d5-88b1-1f83d09e3a0a,2026-09-08T18:45:00Z,2026-09-08T20:45:00+0200,139.333333,MW,DK2,DK_2,forecast_onshore_wind_generation,Wind Onshore,2026-09-15T16:22:12Z
2026-09-15T16:20:58Z,2026-09-15T18:20:58+0200,6da2bba9-0875-45d5-88b1-1f83d09e3a0a,2026-09-08T19:00:00Z,2026-09-08T21:00:00+0200,143.166666,MW,DK2,DK_2,forecast_onshore_wind_generation,Wind Onshore,2026-09-15T16:22:12Z
2026-09-15T16:20:58Z,2026-09-15T18:20:58+0200,6da2bba9-0875-45d5-88b1-1f83d09e3a0a,2026-09-08T19:15:00Z,2026-09-08T21:15:00+0200,145.5,MW,DK2,DK_2,forecast_onshore_wind_generation,Wind Onshore,2026-09-15T16:22:12Z
2026-09-15T16:20:58Z,2026-09-15T18:20:58+0200,6da2bba9-0875-45d5-88b1-1f83d09e3a0a,2026-09-08T19:30:00Z,2026-09-08T21:30:00+0200,146.0,MW,DK2,DK_2,forecast_onshore_wind_generation,Wind Onshore,2026-09-15T16:22:12Z
2026-09-15T16:20:58Z,2026-09-15T18:20:58+0200,6da2bba9-0875-45d5-88b1-1f83d09e3a0a,2026-09-08T19:45:00Z,2026-09-08T21:45:00+0200,143.5,MW,DK2,DK_2,forecast_onshore_wind_generation,Wind Onshore,2026-09-15T16:22:12Z
2026-09-15T16:20:58Z,2026-09-15T18:20:58+0200,6da2bba9-0875-45d5-88b1-1f83d09e3a0a,2026-09-08T20:00:00Z,2026-09-08T22:00:00+0200,142.0,MW,DK2,DK_2,forecast_onshore_wind_generation,Wind Onshore,2026-09-15T16:22:12Z
2026-09-15T16:20:58Z,2026-09-15T18:20:58+0200,6da2bba9-0875-45d5-88b1-1f83d09e3a0a,2026-09-08T20:15:00Z,2026-09-08T22:15:00+0200,143.0,MW,DK2,DK_2,forecast_onshore_wind_generation,Wind Onshore,2026-09-15T16:22:12Z
2026-09-15T16:20:58Z,2026-09-15T18:20:58+0200,6da2bba9-0875-45d5-88b1-1f83d09e3a0a,2026-09-08T20:30:00Z,2026-09-08T22:30:00+0200,144.5,MW,DK2,DK_2,forecast_onshore_wind_generation,Wind Onshore,2026-09-15T16:22:12Z
2026-09-15T16:20:58Z,2026-09-15T18:20:58+0200,6da2bba9-0875-45d5-88b1-1f83d09e3a0a,2026-09-08T20:45:00Z,2026-09-08T22:45:00+0200,144.833333,MW,DK2,DK_2,forecast_onshore_wind_generation,Wind Onshore,2026-09-15T16:22:12Z
2026-09-15T16:20:58Z,2026-09-15T18:20:58+0200,6da2bba9-0875-45d5-88b1-1f83d09e3a0a,2026-09-08T21:00:00Z,2026-09-08T23:00:00+0200,142.5,MW,DK2,DK_2,forecast_onshore_wind_generation,Wind Onshore,2026-09-15T16:22:12Z
2026-09-15T16:20:58Z,2026-09-15T18:20:58+0200,6da2bba9-0875-45d5-88b1-1f83d09e3a0a,2026-09-08T21:15:00Z,2026-09-08T23:15:00+0200,139.5,MW,DK2,DK_2,forecast_onshore_wind_generation,Wind Onshore,2026-09-15T16:22:12Z
2026-09-15T16:20:58Z,2026-09-15T18:20:58+0200,6da2bba9-0875-45d5-88b1-1f83d09e3a0a,2026-09-08T21:30:00Z,2026-09-08T23:30:00+0200,136.0,MW,DK2,DK_2,forecast_onshore_wind_generation,Wind Onshore,2026-09-15T16:22:12Z
2026-09-15T16:20:58Z,2026-09-15T18:20:58+0200,6da2bba9-0875-45d5-88b1-1f83d09e3a0a,2026-09-08T21:45:00Z,2026-09-08T23:45:00+0200,133.666666,MW,DK2,DK_2,forecast_onshore_wind_generation,Wind Onshore,2026-09-15T16:22:12Z
2026-09-15T16:20:58Z,2026-09-15T18:20:58+0200,6da2bba9-0875-45d5-88b1-1f83d09e3a0a,2026-09-08T22:00:00Z,2026-09-09T00:00:00+0200,14.166666,MW,DK2,DK_2,forecast_onshore_wind_generation,Wind Onshore,2026-09-15T16:22:12Z
2026-09-15T16:20:58Z,2026-09-15T18:20:58+0200,6da2bba9-0875-45d5-88b1-1f83d09e3a0a,2026-09-08T22:15:00Z,2026-09-09T00:15:00+0200,14.0,MW,DK2,DK_2,forecast_onshore_wind_generation,Wind Onshore,2026-09-15T16:22:12Z
2026-09-15T16:20:58Z,2026-09-15T18:20:58+0200,6da2bba9-0875-45d5-88b1-1f83d09e3a0a,2026-09-08T22:30:00Z,2026-09-09T00:30:00+0200,14.5,MW,DK2,DK_2,forecast_onshore_wind_generation,Wind Onshore,2026-09-15T16:22:12Z
2026-09-15T16:20:58Z,2026-09-15T18:20:58+0200,6da2bba9-0875-45d5-88b1-1f83d09e3a0a,2026-09-08T22:45:00Z,2026-09-09T00:45:00+0200,15.0,MW,DK2,DK_2,forecast_onshore_wind_generation,Wind Onshore,2026-09-15T16:22:12Z
2026-09-15T16:20:58Z,2026-09-15T18:20:58+0200,6da2bba9-0875-45d5-88b1-1f83d09e3a0a,2026-09-08T23:00:00Z,2026-09-09T01:00:00+0200,14.5,MW,DK2,DK_2,forecast_onshore_wind_generation,Wind Onshore,2026-09-15T16:22:12Z
2026-09-15T16:20:58Z,2026-09-15T18:20:58+0200,6da2bba9-0875-45d5-88b1-1f83d09e3a0a,2026-09-08T23:15:00Z,2026-09-09T01:15:00+0200,14.0,MW,DK2,DK_2,forecast_onshore_wind_generation,Wind Onshore,2026-09-15T16:22:12Z
2026-09-15T16:20:58Z,2026-09-15T18:20:58+0200,6da2bba9-0875-45d5-88b1-1f83d09e3a0a,2026-09-08T23:30:00Z,2026-09-09T01:30:00+0200,14.5,MW,DK2,DK_2,forecast_onshore_wind_generation,Wind Onshore,2026-09-15T16:22:12Z
2026-09-15T16:20:58Z,2026-09-15T18:20:58+0200,6da2bba9-0875-45d5-88b1-1f83d09e3a0a,2026-09-08T23:45:00Z,2026-09-09T01:45:00+0200,15.166666,MW,DK2,DK_2,forecast_onshore_wind_generation,Wind Onshore,2026-09-15T16:22:12Z
2026-09-15T16:20:58Z,2026-09-15T18:20:58+0200,6da2bba9-0875-45d5-88b1-1f83d09e3a0a,2026-09-09T00:00:00Z,2026-09-09T02:00:00+0200,16.0,MW,DK2,DK_2,forecast_onshore_wind_generation,Wind Onshore,2026-09-15T16:22:12Z
2026-09-15T16:20:58Z,2026-09-15T18:20:58+0200,6da2bba9-0875-45d5-88b1-1f83d09e3a0a,2026-09-09T00:15:00Z,2026-09-09T02:15:00+0200,16.0,MW,DK2,DK_2,forecast_onshore_wind_generation,Wind Onshore,2026-09-15T16:22:12Z
2026-09-15T16:20:58Z,2026-09-15T18:20:58+0200,6da2bba9-0875-45d5-88b1-1f83d09e3a0a,2026-09-09T00:30:00Z,2026-09-09T02:30:00+0200,16.5,MW,DK2,DK_2,forecast_onshore_wind_generation,Wind Onshore,2026-09-15T16:22:12Z
2026-09-15T16:20:58Z,2026-09-15T18:20:58+0200,6da2bba9-0875-45d5-88b1-1f83d09e3a0a,2026-09-09T00:45:00Z,2026-09-09T02:45:00+0200,18.0,MW,DK2,DK_2,forecast_onshore_wind_generation,Wind Onshore,2026-09-15T16:22:12Z
2026-09-15T16:20:58Z,2026-09-15T18:20:58+0200,6da2bba9-0875-45d5-88b1-1f83d09e3a0a,2026-09-09T01:00:00Z,2026-09-09T03:00:00+0200,20.0,MW,DK2,DK_2,forecast_onshore_wind_generation,Wind Onshore,2026-09-15T16:22:12Z
2026-09-15T16:20:58Z,2026-09-15T18:20:58+0200,6da2bba9-0875-45d5-88b1-1f83d09e3a0a,2026-09-09T01:15:00Z,2026-09-09T03:15:00+0200,22.5,MW,DK2,DK_2,forecast_onshore_wind_generation,Wind Onshore,2026-09-15T16:22:12Z
2026-09-15T16:20:58Z,2026-09-15T18:20:58+0200,6da2bba9-0875-45d5-88b1-1f83d09e3a0a,2026-09-09T01:30:00Z,2026-09-09T03:30:00+0200,26.0,MW,DK2,DK_2,forecast_onshore_wind_generation,Wind Onshore,2026-09-15T16:22:12Z
2026-09-15T16:20:58Z,2026-09-15T18:20:58+0200,6da2bba9-0875-45d5-88b1-1f83d09e3a0a,2026-09-09T01:45:00Z,2026-09-09T03:45:00+0200,29.5,MW,DK2,DK_2,forecast_onshore_wind_generation,Wind Onshore,2026-09-15T16:22:12Z
2026-09-15T16:20:58Z,2026-09-15T18:20:58+0200,6da2bba9-0875-45d5-88b1-1f83d09e3a0a,2026-09-09T02:00:00Z,2026-09-09T04:00:00+0200,32.5,MW,DK2,DK_2,forecast_onshore_wind_generation,Wind Onshore,2026-09-15T16:22:12Z
2026-09-15T16:20:58Z,2026-09-15T18:20:58+0200,6da2bba9-0875-45d5-88b1-1f83d09e3a0a,2026-09-09T02:15:00Z,2026-09-09T04:15:00+0200,36.333333,MW,DK2,DK_2,forecast_onshore_wind_generation,Wind Onshore,2026-09-15T16:22:12Z
2026-09-15T16:20:58Z,2026-09-15T18:20:58+0200,6da2bba9-0875-45d5-88b1-1f83d09e3a0a,2026-09-09T02:30:00Z,2026-09-09T04:30:00+0200,40.5,MW,DK2,DK_2,forecast_onshore_wind_generation,Wind Onshore,2026-09-15T16:22:12Z
2026-09-15T16:20:58Z,2026-09-15T18:20:58+0200,6da2bba9-0875-45d5-88b1-1f83d09e3a0a,2026-09-09T02:45:00Z,2026-09-09T04:45:00+0200,45.333333,MW,DK2,DK_2,forecast_onshore_wind_generation,Wind Onshore,2026-09-15T16:22:12Z
2026-09-15T16:20:58Z,2026-09-15T18:20:58+0200,6da2bba9-0875-45d5-88b1-1f83d09e3a0a,2026-09-09T03:00:00Z,2026-09-09T05:00:00+0200,49.333333,MW,DK2,DK_2,forecast_onshore_wind_generation,Wind Onshore,2026-09-15T16:22:12Z
2026-09-15T16:20:58Z,2026-09-15T18:20:58+0200,6da2bba9-0875-45d5-88b1-1f83d09e3a0a,2026-09-09T03:15:00Z,2026-09-09T05:15:00+0200,53.0,MW,DK2,DK_2,forecast_onshore_wind_generation,Wind Onshore,2026-09-15T16:22:12Z
2026-09-15T16:20:58Z,2026-09-15T18:20:58+0200,6da2bba9-0875-45d5-88b1-1f83d09e3a0a,2026-09-09T03:30:00Z,2026-09-09T05:30:00+0200,57.333333,MW,DK2,DK_2,forecast_onshore_wind_generation,Wind Onshore,2026-09-15T16:22:12Z
2026-09-15T16:20:58Z,2026-09-15T18:20:58+0200,6da2bba9-0875-45d5-88b1-1f83d09e3a0a,2026-09-09T03:45:00Z,2026-09-09T05:45:00+0200,60.5,MW,DK2,DK_2,forecast_onshore_wind_generation,Wind Onshore,2026-09-15T16:22:12Z
2026-09-15T16:20:58Z,2026-09-15T18:20:58+0200,6da2bba9-0875-45d5-88b1-1f83d09e3a0a,2026-09-09T04:00:00Z,2026-09-09T06:00:00+0200,63.5,MW,DK2,DK_2,forecast_onshore_wind_generation,Wind Onshore,2026-09-15T16:22:12Z
2026-09-15T16:20:58Z,2026-09-15T18:20:58+0200,6da2bba9-0875-45d5-88b1-1f83d09e3a0a,2026-09-09T04:15:00Z,2026-09-09T06:15:00+0200,65.833333,MW,DK2,DK_2,forecast_onshore_wind_generation,Wind Onshore,2026-09-15T16:22:12Z
2026-09-15T16:20:58Z,2026-09-15T18:20:58+0200,6da2bba9-0875-45d5-88b1-1f83d09e3a0a,2026-09-09T04:30:00Z,2026-09-09T06:30:00+0200,66.5,MW,DK2,DK_2,forecast_onshore_wind_generation,Wind Onshore,2026-09-15T16:22:12Z
2026-09-15T16:20:58Z,2026-09-15T18:20:58+0200,6da2bba9-0875-45d5-88b1-1f83d09e3a0a,2026-09-09T04:45:00Z,2026-09-09T06:45:00+0200,67.0,MW,DK2,DK_2,forecast_onshore_wind_generation,Wind Onshore,2026-09-15T16:22:12Z
2026-09-15T16:20:58Z,2026-09-15T18:20:58+0200,6da2bba9-0875-45d5-88b1-1f83d09e3a0a,2026-09-09T05:00:00Z,2026-09-09T07:00:00+0200,68.0,MW,DK2,DK_2,forecast_onshore_wind_generation,Wind Onshore,2026-09-15T16:22:12Z
2026-09-15T16:20:58Z,2026-09-15T18:20:58+0200,6da2bba9-0875-45d5-88b1-1f83d09e3a0a,2026-09-09T05:15:00Z,2026-09-09T07:15:00+0200,69.666666,MW,DK2,DK_2,forecast_onshore_wind_generation,Wind Onshore,2026-09-15T16:22:12Z
2026-09-15T16:20:58Z,2026-09-15T18:20:58+0200,6da2bba9-0875-45d5-88b1-1f83d09e3a0a,2026-09-09T05:30:00Z,2026-09-09T07:30:00+0200,71.666666,MW,DK2,DK_2,forecast_onshore_wind_generation,Wind Onshore,2026-09-15T16:22:12Z
2026-09-15T16:20:58Z,2026-09-15T18:20:58+0200,6da2bba9-0875-45d5-88b1-1f83d09e3a0a,2026-09-09T05:45:00Z,2026-09-09T07:45:00+0200,73.0,MW,DK2,DK_2,forecast_onshore_wind_generation,Wind Onshore,2026-09-15T16:22:12Z
2026-09-15T16:20:58Z,2026-09-15T18:20:58+0200,6da2bba9-0875-45d5-88b1-1f83d09e3a0a,2026-09-09T06:00:00Z,2026-09-09T08:00:00+0200,74.5,MW,DK2,DK_2,forecast_onshore_wind_generation,Wind Onshore,2026-09-15T16:22:12Z
2026-09-15T16:20:58Z,2026-09-15T18:20:58+0200,6da2bba9-0875-45d5-88b1-1f83d09e3a0a,2026-09-09T06:15:00Z,2026-09-09T08:15:00+0200,78.5,MW,DK2,DK_2,forecast_onshore_wind_generation,Wind Onshore,2026-09-15T16:22:12Z
2026-09-15T16:20:58Z,2026-09-15T18:20:58+0200,6da2bba9-0875-45d5-88b1-1f83d09e3a0a,2026-09-09T06:30:00Z,2026-09-09T08:30:00+0200,84.0,MW,DK2,DK_2,forecast_onshore_wind_generation,Wind Onshore,2026-09-15T16:22:12Z
2026-09-15T16:20:58Z,2026-09-15T18:20:58+0200,6da2bba9-0875-45d5-88b1-1f83d09e3a0a,2026-09-09T06:45:00Z,2026-09-09T08:45:00+0200,91.0,MW,DK2,DK_2,forecast_onshore_wind_generation,Wind Onshore,2026-09-15T16:22:12Z
2026-09-15T16:20:58Z,2026-09-15T18:20:58+0200,6da2bba9-0875-45d5-88b1-1f83d09e3a0a,2026-09-09T07:00:00Z,2026-09-09T09:00:00+0200,98.0,MW,DK2,DK_2,forecast_onshore_wind_generation,Wind Onshore,2026-09-15T16:22:12Z
2026-09-15T16:20:58Z,2026-09-15T18:20:58+0200,6da2bba9-0875-45d5-88b1-1f83d09e3a0a,2026-09-09T07:15:00Z,2026-09-09T09:15:00+0200,101.166666,MW,DK2,DK_2,forecast_onshore_wind_generation,Wind Onshore,2026-09-15T16:22:12Z
2026-09-15T16:20:58Z,2026-09-15T18:20:58+0200,6da2bba9-0875-45d5-88b1-1f83d09e3a0a,2026-09-09T07:30:00Z,2026-09-09T09:30:00+0200,104.0,MW,DK2,DK_2,forecast_onshore_wind_generation,Wind Onshore,2026-09-15T16:22:12Z
2026-09-15T16:20:58Z,2026-09-15T18:20:58+0200,6da2bba9-0875-45d5-88b1-1f83d09e3a0a,2026-09-09T07:45:00Z,2026-09-09T09:45:00+0200,108.166666,MW,DK2,DK_2,forecast_onshore_wind_generation,Wind Onshore,2026-09-15T16:22:12Z
2026-09-15T16:20:58Z,2026-09-15T18:20:58+0200,6da2bba9-0875-45d5-88b1-1f83d09e3a0a,2026-09-09T08:00:00Z,2026-09-09T10:00:00+0200,114.0,MW,DK2,DK_2,forecast_onshore_wind_generation,Wind Onshore,2026-09-15T16:22:12Z
2026-09-15T16:20:58Z,2026-09-15T18:20:58+0200,6da2bba9-0875-45d5-88b1-1f83d09e3a0a,2026-09-09T08:15:00Z,2026-09-09T10:15:00+0200,118.0,MW,DK2,DK_2,forecast_onshore_wind_generation,Wind Onshore,2026-09-15T16:22:12Z
2026-09-15T16:20:58Z,2026-09-15T18:20:58+0200,6da2bba9-0875-45d5-88b1-1f83d09e3a0a,2026-09-09T08:30:00Z,2026-09-09T10:30:00+0200,119.833333,MW,DK2,DK_2,forecast_onshore_wind_generation,Wind Onshore,2026-09-15T16:22:12Z
2026-09-15T16:20:58Z,2026-09-15T18:20:58+0200,6da2bba9-0875-45d5-88b1-1f83d09e3a0a,2026-09-09T08:45:00Z,2026-09-09T10:45:00+0200,123.666666,MW,DK2,DK_2,forecast_onshore_wind_generation,Wind Onshore,2026-09-15T16:22:12Z
2026-09-15T16:20:58Z,2026-09-15T18:20:58+0200,6da2bba9-0875-45d5-88b1-1f83d09e3a0a,2026-09-09T09:00:00Z,2026-09-09T11:00:00+0200,127.5,MW,DK2,DK_2,forecast_onshore_wind_generation,Wind Onshore,2026-09-15T16:22:12Z
2026-09-15T16:20:58Z,2026-09-15T18:20:58+0200,6da2bba9-0875-45d5-88b1-1f83d09e3a0a,2026-09-09T09:15:00Z,2026-09-09T11:15:00+0200,131.0,MW,DK2,DK_2,forecast_onshore_wind_generation,Wind Onshore,2026-09-15T16:22:12Z
2026-09-15T16:20:58Z,2026-09-15T18:20:58+0200,6da2bba9-0875-45d5-88b1-1f83d09e3a0a,2026-09-09T09:30:00Z,2026-09-09T11:30:00+0200,135.833333,MW,DK2,DK_2,forecast_onshore_wind_generation,Wind Onshore,2026-09-15T16:22:12Z
2026-09-15T16:20:58Z,2026-09-15T18:20:58+0200,6da2bba9-0875-45d5-88b1-1f83d09e3a0a,2026-09-09T09:45:00Z,2026-09-09T11:45:00+0200,140.333333,MW,DK2,DK_2,forecast_onshore_wind_generation,Wind Onshore,2026-09-15T16:22:12Z
2026-09-15T16:20:58Z,2026-09-15T18:20:58+0200,6da2bba9-0875-45d5-88b1-1f83d09e3a0a,2026-09-09T10:00:00Z,2026-09-09T12:00:00+0200,143.5,MW,DK2,DK_2,forecast_onshore_wind_generation,Wind Onshore,2026-09-15T16:22:12Z
2026-09-15T16:20:58Z,2026-09-15T18:20:58+0200,6da2bba9-0875-45d5-88b1-1f83d09e3a0a,2026-09-09T10:15:00Z,2026-09-09T12:15:00+0200,146.5,MW,DK2,DK_2,forecast_onshore_wind_generation,Wind Onshore,2026-09-15T16:22:12Z
2026-09-15T16:20:58Z,2026-09-15T18:20:58+0200,6da2bba9-0875-45d5-88b1-1f83d09e3a0a,2026-09-09T10:30:00Z,2026-09-09T12:30:00+0200,149.666666,MW,DK2,DK_2,forecast_onshore_wind_generation,Wind Onshore,2026-09-15T16:22:12Z
2026-09-15T16:20:58Z,2026-09-15T18:20:58+0200,6da2bba9-0875-45d5-88b1-1f83d09e3a0a,2026-09-09T10:45:00Z,2026-09-09T12:45:00+0200,155.5,MW,DK2,DK_2,forecast_onshore_wind_generation,Wind Onshore,2026-09-15T16:22:12Z
2026-09-15T16:20:58Z,2026-09-15T18:20:58+0200,6da2bba9-0875-45d5-88b1-1f83d09e3a0a,2026-09-09T11:00:00Z,2026-09-09T13:00:00+0200,162.166666,MW,DK2,DK_2,forecast_onshore_wind_generation,Wind Onshore,2026-09-15T16:22:12Z
2026-09-15T16:20:58Z,2026-09-15T18:20:58+0200,6da2bba9-0875-45d5-88b1-1f83d09e3a0a,2026-09-09T11:15:00Z,2026-09-09T13:15:00+0200,170.166666,MW,DK2,DK_2,forecast_onshore_wind_generation,Wind Onshore,2026-09-15T16:22:12Z
2026-09-15T16:20:58Z,2026-09-15T18:20:58+0200,6da2bba9-0875-45d5-88b1-1f83d09e3a0a,2026-09-09T11:30:00Z,2026-09-09T13:30:00+0200,179.333333,MW,DK2,DK_2,forecast_onshore_wind_generation,Wind Onshore,2026-09-15T16:22:12Z
2026-09-15T16:20:58Z,2026-09-15T18:20:58+0200,6da2bba9-0875-45d5-88b1-1f83d09e3a0a,2026-09-09T11:45:00Z,2026-09-09T13:45:00+0200,186.166666,MW,DK2,DK_2,forecast_onshore_wind_generation,Wind Onshore,2026-09-15T16:22:12Z
2026-09-15T16:20:58Z,2026-09-15T18:20:58+0200,6da2bba9-0875-45d5-88b1-1f83d09e3a0a,2026-09-09T12:00:00Z,2026-09-09T14:00:00+0200,189.0,MW,DK2,DK_2,forecast_onshore_wind_generation,Wind Onshore,2026-09-15T16:22:12Z
2026-09-15T16:20:58Z,2026-09-15T18:20:58+0200,6da2bba9-0875-45d5-88b1-1f83d09e3a0a,2026-09-09T12:15:00Z,2026-09-09T14:15:00+0200,191.833333,MW,DK2,DK_2,forecast_onshore_wind_generation,Wind Onshore,2026-09-15T16:22:12Z
2026-09-15T16:20:58Z,2026-09-15T18:20:58+0200,6da2bba9-0875-45d5-88b1-1f83d09e3a0a,2026-09-09T12:30:00Z,2026-09-09T14:30:00+0200,193.833333,MW,DK2,DK_2,forecast_onshore_wind_generation,Wind Onshore,2026-09-15T16:22:12Z
2026-09-15T16:20:58Z,2026-09-15T18:20:58+0200,6da2bba9-0875-45d5-88b1-1f83d09e3a0a,2026-09-09T12:45:00Z,2026-09-09T14:45:00+0200,194.666666,MW,DK2,DK_2,forecast_onshore_wind_generation,Wind Onshore,2026-09-15T16:22:12Z
2026-09-15T16:20:58Z,2026-09-15T18:20:58+0200,6da2bba9-0875-45d5-88b1-1f83d09e3a0a,2026-09-09T13:00:00Z,2026-09-09T15:00:00+0200,199.5,MW,DK2,DK_2,forecast_onshore_wind_generation,Wind Onshore,2026-09-15T16:22:12Z
2026-09-15T16:20:58Z,2026-09-15T18:20:58+0200,6da2bba9-0875-45d5-88b1-1f83d09e3a0a,2026-09-09T13:15:00Z,2026-09-09T15:15:00+0200,206.0,MW,DK2,DK_2,forecast_onshore_wind_generation,Wind Onshore,2026-09-15T16:22:12Z
2026-09-15T16:20:58Z,2026-09-15T18:20:58+0200,6da2bba9-0875-45d5-88b1-1f83d09e3a0a,2026-09-09T13:30:00Z,2026-09-09T15:30:00+0200,212.5,MW,DK2,DK_2,forecast_onshore_wind_generation,Wind Onshore,2026-09-15T16:22:12Z
2026-09-15T16:20:58Z,2026-09-15T18:20:58+0200,6da2bba9-0875-45d5-88b1-1f83d09e3a0a,2026-09-09T13:45:00Z,2026-09-09T15:45:00+0200,217.5,MW,DK2,DK_2,forecast_onshore_wind_generation,Wind Onshore,2026-09-15T16:22:12Z
2026-09-15T16:20:58Z,2026-09-15T18:20:58+0200,6da2bba9-0875-45d5-88b1-1f83d09e3a0a,2026-09-09T14:00:00Z,2026-09-09T16:00:00+0200,218.833333,MW,DK2,DK_2,forecast_onshore_wind_generation,Wind Onshore,2026-09-15T16:22:12Z
2026-09-15T16:20:58Z,2026-09-15T18:20:58+0200,6da2bba9-0875-45d5-88b1-1f83d09e3a0a,2026-09-09T14:15:00Z,2026-09-09T16:15:00+0200,217.5,MW,DK2,DK_2,forecast_onshore_wind_generation,Wind Onshore,2026-09-15T16:22:12Z
2026-09-15T16:20:58Z,2026-09-15T18:20:58+0200,6da2bba9-0875-45d5-88b1-1f83d09e3a0a,2026-09-09T14:30:00Z,2026-09-09T16:30:00+0200,216.166666,MW,DK2,DK_2,forecast_onshore_wind_generation,Wind Onshore,2026-09-15T16:22:12Z
2026-09-15T16:20:58Z,2026-09-15T18:20:58+0200,6da2bba9-0875-45d5-88b1-1f83d09e3a0a,2026-09-09T14:45:00Z,2026-09-09T16:45:00+0200,215.666666,MW,DK2,DK_2,forecast_onshore_wind_generation,Wind Onshore,2026-09-15T16:22:12Z
2026-09-15T16:20:58Z,2026-09-15T18:20:58+0200,6da2bba9-0875-45d5-88b1-1f83d09e3a0a,2026-09-09T15:00:00Z,2026-09-09T17:00:00+0200,216.0,MW,DK2,DK_2,forecast_onshore_wind_generation,Wind Onshore,2026-09-15T16:22:12Z
2026-09-15T16:20:58Z,2026-09-15T18:20:58+0200,6da2bba9-0875-45d5-88b1-1f83d09e3a0a,2026-09-09T15:15:00Z,2026-09-09T17:15:00+0200,213.666666,MW,DK2,DK_2,forecast_onshore_wind_generation,Wind Onshore,2026-09-15T16:22:12Z
2026-09-15T16:20:58Z,2026-09-15T18:20:58+0200,6da2bba9-0875-45d5-88b1-1f83d09e3a0a,2026-09-09T15:30:00Z,2026-09-09T17:30:00+0200,209.833333,MW,DK2,DK_2,forecast_onshore_wind_generation,Wind Onshore,2026-09-15T16:22:12Z
2026-09-15T16:20:58Z,2026-09-15T18:20:58+0200,6da2bba9-0875-45d5-88b1-1f83d09e3a0a,2026-09-09T15:45:00Z,2026-09-09T17:45:00+0200,204.833333,MW,DK2,DK_2,forecast_onshore_wind_generation,Wind Onshore,2026-09-15T16:22:12Z
2026-09-15T16:20:58Z,2026-09-15T18:20:58+0200,6da2bba9-0875-45d5-88b1-1f83d09e3a0a,2026-09-09T16:00:00Z,2026-09-09T18:00:00+0200,197.5,MW,DK2,DK_2,forecast_onshore_wind_generation,Wind Onshore,2026-09-15T16:22:12Z
2026-09-15T16:20:58Z,2026-09-15T18:20:58+0200,6da2bba9-0875-45d5-88b1-1f83d09e3a0a,2026-09-09T16:15:00Z,2026-09-09T18:15:00+0200,185.5,MW,DK2,DK_2,forecast_onshore_wind_generation,Wind Onshore,2026-09-15T16:22:12Z
2026-09-15T16:20:58Z,2026-09-15T18:20:58+0200,6da2bba9-0875-45d5-88b1-1f83d09e3a0a,2026-09-09T16:30:00Z,2026-09-09T18:30:00+0200,171.166666,MW,DK2,DK_2,forecast_onshore_wind_generation,Wind Onshore,2026-09-15T16:22:12Z
2026-09-15T16:20:58Z,2026-09-15T18:20:58+0200,6da2bba9-0875-45d5-88b1-1f83d09e3a0a,2026-09-09T16:45:00Z,2026-09-09T18:45:00+0200,160.5,MW,DK2,DK_2,forecast_onshore_wind_generation,Wind Onshore,2026-09-15T16:22:12Z
2026-09-15T16:20:58Z,2026-09-15T18:20:58+0200,6da2bba9-0875-45d5-88b1-1f83d09e3a0a,2026-09-09T17:00:00Z,2026-09-09T19:00:00+0200,150.0,MW,DK2,DK_2,forecast_onshore_wind_generation,Wind Onshore,2026-09-15T16:22:12Z
2026-09-15T16:20:58Z,2026-09-15T18:20:58+0200,6da2bba9-0875-45d5-88b1-1f83d09e3a0a,2026-09-09T17:15:00Z,2026-09-09T19:15:00+0200,137.5,MW,DK2,DK_2,forecast_onshore_wind_generation,Wind Onshore,2026-09-15T16:22:12Z
2026-09-15T16:20:58Z,2026-09-15T18:20:58+0200,6da2bba9-0875-45d5-88b1-1f83d09e3a0a,2026-09-09T17:30:00Z,2026-09-09T19:30:00+0200,127.5,MW,DK2,DK_2,forecast_onshore_wind_generation,Wind Onshore,2026-09-15T16:22:12Z
2026-09-15T16:20:58Z,2026-09-15T18:20:58+0200,6da2bba9-0875-45d5-88b1-1f83d09e3a0a,2026-09-09T17:45:00Z,2026-09-09T19:45:00+0200,123.166666,MW,DK2,DK_2,forecast_onshore_wind_generation,Wind Onshore,2026-09-15T16:22:12Z
2026-09-15T16:20:58Z,2026-09-15T18:20:58+0200,6da2bba9-0875-45d5-88b1-1f83d09e3a0a,2026-09-09T18:00:00Z,2026-09-09T20:00:00+0200,124.333333,MW,DK2,DK_2,forecast_onshore_wind_generation,Wind Onshore,2026-09-15T16:22:12Z
2026-09-15T16:20:58Z,2026-09-15T18:20:58+0200,6da2bba9-0875-45d5-88b1-1f83d09e3a0a,2026-09-09T18:15:00Z,2026-09-09T20:15:00+0200,132.0,MW,DK2,DK_2,forecast_onshore_wind_generation,Wind Onshore,2026-09-15T16:22:12Z
2026-09-15T16:20:58Z,2026-09-15T18:20:58+0200,6da2bba9-0875-45d5-88b1-1f83d09e3a0a,2026-09-09T18:30:00Z,2026-09-09T20:30:00+0200,141.333333,MW,DK2,DK_2,forecast_onshore_wind_generation,Wind Onshore,2026-09-15T16:22:12Z
2026-09-15T16:20:58Z,2026-09-15T18:20:58+0200,6da2bba9-0875-45d5-88b1-1f83d09e3a0a,2026-09-09T18:45:00Z,2026-09-09T20:45:00+0200,148.833333,MW,DK2,DK_2,forecast_onshore_wind_generation,Wind Onshore,2026-09-15T16:22:12Z
2026-09-15T16:20:58Z,2026-09-15T18:20:58+0200,6da2bba9-0875-45d5-88b1-1f83d09e3a0a,2026-09-09T19:00:00Z,2026-09-09T21:00:00+0200,155.5,MW,DK2,DK_2,forecast_onshore_wind_generation,Wind Onshore,2026-09-15T16:22:12Z
2026-09-15T16:20:58Z,2026-09-15T18:20:58+0200,6da2bba9-0875-45d5-88b1-1f83d09e3a0a,2026-09-09T19:15:00Z,2026-09-09T21:15:00+0200,163.5,MW,DK2,DK_2,forecast_onshore_wind_generation,Wind Onshore,2026-09-15T16:22:12Z
2026-09-15T16:20:58Z,2026-09-15T18:20:58+0200,6da2bba9-0875-45d5-88b1-1f83d09e3a0a,2026-09-09T19:30:00Z,2026-09-09T21:30:00+0200,173.833333,MW,DK2,DK_2,forecast_onshore_wind_generation,Wind Onshore,2026-09-15T16:22:12Z
2026-09-15T16:20:58Z,2026-09-15T18:20:58+0200,6da2bba9-0875-45d5-88b1-1f83d09e3a0a,2026-09-09T19:45:00Z,2026-09-09T21:45:00+0200,184.0,MW,DK2,DK_2,forecast_onshore_wind_generation,Wind Onshore,2026-09-15T16:22:12Z
2026-09-15T16:20:58Z,2026-09-15T18:20:58+0200,6da2bba9-0875-45d5-88b1-1f83d09e3a0a,2026-09-09T20:00:00Z,2026-09-09T22:00:00+0200,195.0,MW,DK2,DK_2,forecast_onshore_wind_generation,Wind Onshore,2026-09-15T16:22:12Z
2026-09-15T16:20:58Z,2026-09-15T18:20:58+0200,6da2bba9-0875-45d5-88b1-1f83d09e3a0a,2026-09-09T20:15:00Z,2026-09-09T22:15:00+0200,206.166666,MW,DK2,DK_2,forecast_onshore_wind_generation,Wind Onshore,2026-09-15T16:22:12Z
2026-09-15T16:20:58Z,2026-09-15T18:20:58+0200,6da2bba9-0875-45d5-88b1-1f83d09e3a0a,2026-09-09T20:30:00Z,2026-09-09T22:30:00+0200,216.5,MW,DK2,DK_2,forecast_onshore_wind_generation,Wind Onshore,2026-09-15T16:22:12Z
2026-09-15T16:20:58Z,2026-09-15T18:20:58+0200,6da2bba9-0875-45d5-88b1-1f83d09e3a0a,2026-09-09T20:45:00Z,2026-09-09T22:45:00+0200,223.5,MW,DK2,DK_2,forecast_onshore_wind_generation,Wind Onshore,2026-09-15T16:22:12Z
2026-09-15T16:20:58Z,2026-09-15T18:20:58+0200,6da2bba9-0875-45d5-88b1-1f83d09e3a0a,2026-09-09T21:00:00Z,2026-09-09T23:00:00+0200,227.5,MW,DK2,DK_2,forecast_onshore_wind_generation,Wind Onshore,2026-09-15T16:22:12Z
2026-09-15T16:20:58Z,2026-09-15T18:20:58+0200,6da2bba9-0875-45d5-88b1-1f83d09e3a0a,2026-09-09T21:15:00Z,2026-09-09T23:15:00+0200,230.5,MW,DK2,DK_2,forecast_onshore_wind_generation,Wind Onshore,2026-09-15T16:22:12Z
2026-09-15T16:20:58Z,2026-09-15T18:20:58+0200,6da2bba9-0875-45d5-88b1-1f83d09e3a0a,2026-09-09T21:30:00Z,2026-09-09T23:30:00+0200,233.5,MW,DK2,DK_2,forecast_onshore_wind_generation,Wind Onshore,2026-09-15T16:22:12Z
2026-09-15T16:20:58Z,2026-09-15T18:20:58+0200,6da2bba9-0875-45d5-88b1-1f83d09e3a0a,2026-09-09T21:45:00Z,2026-09-09T23:45:00+0200,238.0,MW,DK2,DK_2,forecast_onshore_wind_generation,Wind Onshore,2026-09-15T16:22:12Z
2026-09-15T16:20:58Z,2026-09-15T18:20:58+0200,6da2bba9-0875-45d5-88b1-1f83d09e3a0a,2026-09-09T22:00:00Z,2026-09-10T00:00:00+0200,292.0,MW,DK2,DK_2,forecast_onshore_wind_generation,Wind Onshore,2026-09-15T16:22:12Z
2026-09-15T16:20:58Z,2026-09-15T18:20:58+0200,6da2bba9-0875-45d5-88b1-1f83d09e3a0a,2026-09-09T22:15:00Z,2026-09-10T00:15:00+0200,297.5,MW,DK2,DK_2,forecast_onshore_wind_generation,Wind Onshore,2026-09-15T16:22:12Z
2026-09-15T16:20:58Z,2026-09-15T18:20:58+0200,6da2bba9-0875-45d5-88b1-1f83d09e3a0a,2026-09-09T22:30:00Z,2026-09-10T00:30:00+0200,300.833333,MW,DK2,DK_2,forecast_onshore_wind_generation,Wind Onshore,2026-09-15T16:22:12Z
2026-09-15T16:20:58Z,2026-09-15T18:20:58+0200,6da2bba9-0875-45d5-88b1-1f83d09e3a0a,2026-09-09T22:45:00Z,2026-09-10T00:45:00+0200,298.5,MW,DK2,DK_2,forecast_onshore_wind_generation,Wind Onshore,2026-09-15T16:22:12Z
2026-09-15T16:20:58Z,2026-09-15T18:20:58+0200,6da2bba9-0875-45d5-88b1-1f83d09e3a0a,2026-09-09T23:00:00Z,2026-09-10T01:00:00+0200,298.833333,MW,DK2,DK_2,forecast_onshore_wind_generation,Wind Onshore,2026-09-15T16:22:12Z
2026-09-15T16:20:58Z,2026-09-15T18:20:58+0200,6da2bba9-0875-45d5-88b1-1f83d09e3a0a,2026-09-09T23:15:00Z,2026-09-10T01:15:00+0200,305.5,MW,DK2,DK_2,forecast_onshore_wind_generation,Wind Onshore,2026-09-15T16:22:12Z
2026-09-15T16:20:58Z,2026-09-15T18:20:58+0200,6da2bba9-0875-45d5-88b1-1f83d09e3a0a,2026-09-09T23:30:00Z,2026-09-10T01:30:00+0200,315.166666,MW,DK2,DK_2,forecast_onshore_wind_generation,Wind Onshore,2026-09-15T16:22:12Z
2026-09-15T16:20:58Z,2026-09-15T18:20:58+0200,6da2bba9-0875-45d5-88b1-1f83d09e3a0a,2026-09-09T23:45:00Z,2026-09-10T01:45:00+0200,323.166666,MW,DK2,DK_2,forecast_onshore_wind_generation,Wind Onshore,2026-09-15T16:22:12Z
2026-09-15T16:20:58Z,2026-09-15T18:20:58+0200,6da2bba9-0875-45d5-88b1-1f83d09e3a0a,2026-09-10T00:00:00Z,2026-09-10T02:00:00+0200,328.333333,MW,DK2,DK_2,forecast_onshore_wind_generation,Wind Onshore,2026-09-15T16:22:12Z
2026-09-15T16:20:58Z,2026-09-15T18:20:58+0200,6da2bba9-0875-45d5-88b1-1f83d09e3a0a,2026-09-10T00:15:00Z,2026-09-10T02:15:00+0200,329.5,MW,DK2,DK_2,forecast_onshore_wind_generation,Wind Onshore,2026-09-15T16:22:12Z
2026-09-15T16:20:58Z,2026-09-15T18:20:58+0200,6da2bba9-0875-45d5-88b1-1f83d09e3a0a,2026-09-10T00:30:00Z,2026-09-10T02:30:00+0200,328.0,MW,DK2,DK_2,forecast_onshore_wind_generation,Wind Onshore,2026-09-15T16:22:12Z
2026-09-15T16:20:58Z,2026-09-15T18:20:58+0200,6da2bba9-0875-45d5-88b1-1f83d09e3a0a,2026-09-10T00:45:00Z,2026-09-10T02:45:00+0200,326.0,MW,DK2,DK_2,forecast_onshore_wind_generation,Wind Onshore,2026-09-15T16:22:12Z
2026-09-15T16:20:58Z,2026-09-15T18:20:58+0200,6da2bba9-0875-45d5-88b1-1f83d09e3a0a,2026-09-10T01:00:00Z,2026-09-10T03:00:00+0200,322.833333,MW,DK2,DK_2,forecast_onshore_wind_generation,Wind Onshore,2026-09-15T16:22:12Z
2026-09-15T16:20:58Z,2026-09-15T18:20:58+0200,6da2bba9-0875-45d5-88b1-1f83d09e3a0a,2026-09-10T01:15:00Z,2026-09-10T03:15:00+0200,316.166666,MW,DK2,DK_2,forecast_onshore_wind_generation,Wind Onshore,2026-09-15T16:22:12Z
2026-09-15T16:20:58Z,2026-09-15T18:20:58+0200,6da2bba9-0875-45d5-88b1-1f83d09e3a0a,2026-09-10T01:30:00Z,2026-09-10T03:30:00+0200,310.166666,MW,DK2,DK_2,forecast_onshore_wind_generation,Wind Onshore,2026-09-15T16:22:12Z
2026-09-15T16:20:58Z,2026-09-15T18:20:58+0200,6da2bba9-0875-45d5-88b1-1f83d09e3a0a,2026-09-10T01:45:00Z,2026-09-10T03:45:00+0200,307.333333,MW,DK2,DK_2,forecast_onshore_wind_generation,Wind Onshore,2026-09-15T16:22:12Z
2026-09-15T16:20:58Z,2026-09-15T18:20:58+0200,6da2bba9-0875-45d5-88b1-1f83d09e3a0a,2026-09-10T02:00:00Z,2026-09-10T04:00:00+0200,303.833333,MW,DK2,DK_2,forecast_onshore_wind_generation,Wind Onshore,2026-09-15T16:22:12Z
2026-09-15T16:20:58Z,2026-09-15T18:20:58+0200,6da2bba9-0875-45d5-88b1-1f83d09e3a0a,2026-09-10T02:15:00Z,2026-09-10T04:15:00+0200,297.333333,MW,DK2,DK_2,forecast_onshore_wind_generation,Wind Onshore,2026-09-15T16:22:12Z
2026-09-15T16:20:58Z,2026-09-15T18:20:58+0200,6da2bba9-0875-45d5-88b1-1f83d09e3a0a,2026-09-10T02:30:00Z,2026-09-10T04:30:00+0200,290.0,MW,DK2,DK_2,forecast_onshore_wind_generation,Wind Onshore,2026-09-15T16:22:12Z
2026-09-15T16:20:58Z,2026-09-15T18:20:58+0200,6da2bba9-0875-45d5-88b1-1f83d09e3a0a,2026-09-10T02:45:00Z,2026-09-10T04:45:00+0200,283.333333,MW,DK2,DK_2,forecast_onshore_wind_generation,Wind Onshore,2026-09-15T16:22:12Z
2026-09-15T16:20:58Z,2026-09-15T18:20:58+0200,6da2bba9-0875-45d5-88b1-1f83d09e3a0a,2026-09-10T03:00:00Z,2026-09-10T05:00:00+0200,274.5,MW,DK2,DK_2,forecast_onshore_wind_generation,Wind Onshore,2026-09-15T16:22:12Z
2026-09-15T16:20:58Z,2026-09-15T18:20:58+0200,6da2bba9-0875-45d5-88b1-1f83d09e3a0a,2026-09-10T03:15:00Z,2026-09-10T05:15:00+0200,265.333333,MW,DK2,DK_2,forecast_onshore_wind_generation,Wind Onshore,2026-09-15T16:22:12Z
2026-09-15T16:20:58Z,2026-09-15T18:20:58+0200,6da2bba9-0875-45d5-88b1-1f83d09e3a0a,2026-09-10T03:30:00Z,2026-09-10T05:30:00+0200,258.5,MW,DK2,DK_2,forecast_onshore_wind_generation,Wind Onshore,2026-09-15T16:22:12Z
2026-09-15T16:20:58Z,2026-09-15T18:20:58+0200,6da2bba9-0875-45d5-88b1-1f83d09e3a0a,2026-09-10T03:45:00Z,2026-09-10T05:45:00+0200,252.5,MW,DK2,DK_2,forecast_onshore_wind_generation,Wind Onshore,2026-09-15T16:22:12Z
2026-09-15T16:20:58Z,2026-09-15T18:20:58+0200,6da2bba9-0875-45d5-88b1-1f83d09e3a0a,2026-09-10T04:00:00Z,2026-09-10T06:00:00+0200,247.5,MW,DK2,DK_2,forecast_onshore_wind_generation,Wind Onshore,2026-09-15T16:22:12Z
2026-09-15T16:20:58Z,2026-09-15T18:20:58+0200,6da2bba9-0875-45d5-88b1-1f83d09e3a0a,2026-09-10T04:15:00Z,2026-09-10T06:15:00+0200,242.166666,MW,DK2,DK_2,forecast_onshore_wind_generation,Wind Onshore,2026-09-15T16:22:12Z
2026-09-15T16:20:58Z,2026-09-15T18:20:58+0200,6da2bba9-0875-45d5-88b1-1f83d09e3a0a,2026-09-10T04:30:00Z,2026-09-10T06:30:00+0200,232.5,MW,DK2,DK_2,forecast_onshore_wind_generation,Wind Onshore,2026-09-15T16:22:12Z
2026-09-15T16:20:58Z,2026-09-15T18:20:58+0200,6da2bba9-0875-45d5-88b1-1f83d09e3a0a,2026-09-10T04:45:00Z,2026-09-10T06:45:00+0200,222.833333,MW,DK2,DK_2,forecast_onshore_wind_generation,Wind Onshore,2026-09-15T16:22:12Z
2026-09-15T16:20:58Z,2026-09-15T18:20:58+0200,6da2bba9-0875-45d5-88b1-1f83d09e3a0a,2026-09-10T05:00:00Z,2026-09-10T07:00:00+0200,212.166666,MW,DK2,DK_2,forecast_onshore_wind_generation,Wind Onshore,2026-09-15T16:22:12Z
2026-09-15T16:20:58Z,2026-09-15T18:20:58+0200,6da2bba9-0875-45d5-88b1-1f83d09e3a0a,2026-09-10T05:15:00Z,2026-09-10T07:15:00+0200,201.833333,MW,DK2,DK_2,forecast_onshore_wind_generation,Wind Onshore,2026-09-15T16:22:12Z
2026-09-15T16:20:58Z,2026-09-15T18:20:58+0200,6da2bba9-0875-45d5-88b1-1f83d09e3a0a,2026-09-10T05:30:00Z,2026-09-10T07:30:00+0200,193.5,MW,DK2,DK_2,forecast_onshore_wind_generation,Wind Onshore,2026-09-15T16:22:12Z
2026-09-15T16:20:58Z,2026-09-15T18:20:58+0200,6da2bba9-0875-45d5-88b1-1f83d09e3a0a,2026-09-10T05:45:00Z,2026-09-10T07:45:00+0200,185.166666,MW,DK2,DK_2,forecast_onshore_wind_generation,Wind Onshore,2026-09-15T16:22:12Z
2026-09-15T16:20:58Z,2026-09-15T18:20:58+0200,6da2bba9-0875-45d5-88b1-1f83d09e3a0a,2026-09-10T06:00:00Z,2026-09-10T08:00:00+0200,179.0,MW,DK2,DK_2,forecast_onshore_wind_generation,Wind Onshore,2026-09-15T16:22:12Z
2026-09-15T16:20:58Z,2026-09-15T18:20:58+0200,6da2bba9-0875-45d5-88b1-1f83d09e3a0a,2026-09-10T06:15:00Z,2026-09-10T08:15:00+0200,173.666666,MW,DK2,DK_2,forecast_onshore_wind_generation,Wind Onshore,2026-09-15T16:22:12Z
2026-09-15T16:20:58Z,2026-09-15T18:20:58+0200,6da2bba9-0875-45d5-88b1-1f83d09e3a0a,2026-09-10T06:30:00Z,2026-09-10T08:30:00+0200,172.0,MW,DK2,DK_2,forecast_onshore_wind_generation,Wind Onshore,2026-09-15T16:22:12Z
2026-09-15T16:20:58Z,2026-09-15T18:20:58+0200,6da2bba9-0875-45d5-88b1-1f83d09e3a0a,2026-09-10T06:45:00Z,2026-09-10T08:45:00+0200,174.333333,MW,DK2,DK_2,forecast_onshore_wind_generation,Wind Onshore,2026-09-15T16:22:12Z
2026-09-15T16:20:58Z,2026-09-15T18:20:58+0200,6da2bba9-0875-45d5-88b1-1f83d09e3a0a,2026-09-10T07:00:00Z,2026-09-10T09:00:00+0200,182.5,MW,DK2,DK_2,forecast_onshore_wind_generation,Wind Onshore,2026-09-15T16:22:12Z
2026-09-15T16:20:58Z,2026-09-15T18:20:58+0200,6da2bba9-0875-45d5-88b1-1f83d09e3a0a,2026-09-10T07:15:00Z,2026-09-10T09:15:00+0200,189.333333,MW,DK2,DK_2,forecast_onshore_wind_generation,Wind Onshore,2026-09-15T16:22:12Z
2026-09-15T16:20:58Z,2026-09-15T18:20:58+0200,6da2bba9-0875-45d5-88b1-1f83d09e3a0a,2026-09-10T07:30:00Z,2026-09-10T09:30:00+0200,193.5,MW,DK2,DK_2,forecast_onshore_wind_generation,Wind Onshore,2026-09-15T16:22:12Z
2026-09-15T16:20:58Z,2026-09-15T18:20:58+0200,6da2bba9-0875-45d5-88b1-1f83d09e3a0a,2026-09-10T07:45:00Z,2026-09-10T09:45:00+0200,198.166666,MW,DK2,DK_2,forecast_onshore_wind_generation,Wind Onshore,2026-09-15T16:22:12Z
2026-09-15T16:20:58Z,2026-09-15T18:20:58+0200,6da2bba9-0875-45d5-88b1-1f83d09e3a0a,2026-09-10T08:00:00Z,2026-09-10T10:00:00+0200,203.166666,MW,DK2,DK_2,forecast_onshore_wind_generation,Wind Onshore,2026-09-15T16:22:12Z
2026-09-15T16:20:58Z,2026-09-15T18:20:58+0200,6da2bba9-0875-45d5-88b1-1f83d09e3a0a,2026-09-10T08:15:00Z,2026-09-10T10:15:00+0200,205.5,MW,DK2,DK_2,forecast_onshore_wind_generation,Wind Onshore,2026-09-15T16:22:12Z
2026-09-15T16:20:58Z,2026-09-15T18:20:58+0200,6da2bba9-0875-45d5-88b1-1f83d09e3a0a,2026-09-10T08:30:00Z,2026-09-10T10:30:00+0200,204.5,MW,DK2,DK_2,forecast_onshore_wind_generation,Wind Onshore,2026-09-15T16:22:12Z
2026-09-15T16:20:58Z,2026-09-15T18:20:58+0200,6da2bba9-0875-45d5-88b1-1f83d09e3a0a,2026-09-10T08:45:00Z,2026-09-10T10:45:00+0200,205.333333,MW,DK2,DK_2,forecast_onshore_wind_generation,Wind Onshore,2026-09-15T16:22:12Z
2026-09-15T16:20:58Z,2026-09-15T18:20:58+0200,6da2bba9-0875-45d5-88b1-1f83d09e3a0a,2026-09-10T09:00:00Z,2026-09-10T11:00:00+0200,205.333333,MW,DK2,DK_2,forecast_onshore_wind_generation,Wind Onshore,2026-09-15T16:22:12Z
2026-09-15T16:20:58Z,2026-09-15T18:20:58+0200,6da2bba9-0875-45d5-88b1-1f83d09e3a0a,2026-09-10T09:15:00Z,2026-09-10T11:15:00+0200,201.5,MW,DK2,DK_2,forecast_onshore_wind_generation,Wind Onshore,2026-09-15T16:22:12Z
2026-09-15T16:20:58Z,2026-09-15T18:20:58+0200,6da2bba9-0875-45d5-88b1-1f83d09e3a0a,2026-09-10T09:30:00Z,2026-09-10T11:30:00+0200,197.0,MW,DK2,DK_2,forecast_onshore_wind_generation,Wind Onshore,2026-09-15T16:22:12Z
2026-09-15T16:20:58Z,2026-09-15T18:20:58+0200,6da2bba9-0875-45d5-88b1-1f83d09e3a0a,2026-09-10T09:45:00Z,2026-09-10T11:45:00+0200,195.166666,MW,DK2,DK_2,forecast_onshore_wind_generation,Wind Onshore,2026-09-15T16:22:12Z
2026-09-15T16:20:58Z,2026-09-15T18:20:58+0200,6da2bba9-0875-45d5-88b1-1f83d09e3a0a,2026-09-10T10:00:00Z,2026-09-10T12:00:00+0200,196.666666,MW,DK2,DK_2,forecast_onshore_wind_generation,Wind Onshore,2026-09-15T16:22:12Z
2026-09-15T16:20:58Z,2026-09-15T18:20:58+0200,6da2bba9-0875-45d5-88b1-1f83d09e3a0a,2026-09-10T10:15:00Z,2026-09-10T12:15:00+0200,196.333333,MW,DK2,DK_2,forecast_onshore_wind_generation,Wind Onshore,2026-09-15T16:22:12Z
2026-09-15T16:20:58Z,2026-09-15T18:20:58+0200,6da2bba9-0875-45d5-88b1-1f83d09e3a0a,2026-09-10T10:30:00Z,2026-09-10T12:30:00+0200,195.5,MW,DK2,DK_2,forecast_onshore_wind_generation,Wind Onshore,2026-09-15T16:22:12Z
2026-09-15T16:20:58Z,2026-09-15T18:20:58+0200,6da2bba9-0875-45d5-88b1-1f83d09e3a0a,2026-09-10T10:45:00Z,2026-09-10T12:45:00+0200,193.5,MW,DK2,DK_2,forecast_onshore_wind_generation,Wind Onshore,2026-09-15T16:22:12Z
2026-09-15T16:20:58Z,2026-09-15T18:20:58+0200,6da2bba9-0875-45d5-88b1-1f83d09e3a0a,2026-09-10T11:00:00Z,2026-09-10T13:00:00+0200,190.5,MW,DK2,DK_2,forecast_onshore_wind_generation,Wind Onshore,2026-09-15T16:22:12Z
2026-09-15T16:20:58Z,2026-09-15T18:20:58+0200,6da2bba9-0875-45d5-88b1-1f83d09e3a0a,2026-09-10T11:15:00Z,2026-09-10T13:15:00+0200,189.333333,MW,DK2,DK_2,forecast_onshore_wind_generation,Wind Onshore,2026-09-15T16:22:12Z
2026-09-15T16:20:58Z,2026-09-15T18:20:58+0200,6da2bba9-0875-45d5-88b1-1f83d09e3a0a,2026-09-10T11:30:00Z,2026-09-10T13:30:00+0200,188.833333,MW,DK2,DK_2,forecast_onshore_wind_generation,Wind Onshore,2026-09-15T16:22:12Z
2026-09-15T16:20:58Z,2026-09-15T18:20:58+0200,6da2bba9-0875-45d5-88b1-1f83d09e3a0a,2026-09-10T11:45:00Z,2026-09-10T13:45:00+0200,186.5,MW,DK2,DK_2,forecast_onshore_wind_generation,Wind Onshore,2026-09-15T16:22:12Z
2026-09-15T16:20:58Z,2026-09-15T18:20:58+0200,6da2bba9-0875-45d5-88b1-1f83d09e3a0a,2026-09-10T12:00:00Z,2026-09-10T14:00:00+0200,182.5,MW,DK2,DK_2,forecast_onshore_wind_generation,Wind Onshore,2026-09-15T16:22:12Z
2026-09-15T16:20:58Z,2026-09-15T18:20:58+0200,6da2bba9-0875-45d5-88b1-1f83d09e3a0a,2026-09-10T12:15:00Z,2026-09-10T14:15:00+0200,178.5,MW,DK2,DK_2,forecast_onshore_wind_generation,Wind Onshore,2026-09-15T16:22:12Z
2026-09-15T16:20:58Z,2026-09-15T18:20:58+0200,6da2bba9-0875-45d5-88b1-1f83d09e3a0a,2026-09-10T12:30:00Z,2026-09-10T14:30:00+0200,175.5,MW,DK2,DK_2,forecast_onshore_wind_generation,Wind Onshore,2026-09-15T16:22:12Z
2026-09-15T16:20:58Z,2026-09-15T18:20:58+0200,6da2bba9-0875-45d5-88b1-1f83d09e3a0a,2026-09-10T12:45:00Z,2026-09-10T14:45:00+0200,172.666666,MW,DK2,DK_2,forecast_onshore_wind_generation,Wind Onshore,2026-09-15T16:22:12Z
2026-09-15T16:20:58Z,2026-09-15T18:20:58+0200,6da2bba9-0875-45d5-88b1-1f83d09e3a0a,2026-09-10T13:00:00Z,2026-09-10T15:00:00+0200,171.0,MW,DK2,DK_2,forecast_onshore_wind_generation,Wind Onshore,2026-09-15T16:22:12Z
2026-09-15T16:20:58Z,2026-09-15T18:20:58+0200,6da2bba9-0875-45d5-88b1-1f83d09e3a0a,2026-09-10T13:15:00Z,2026-09-10T15:15:00+0200,168.5,MW,DK2,DK_2,forecast_onshore_wind_generation,Wind Onshore,2026-09-15T16:22:12Z
2026-09-15T16:20:58Z,2026-09-15T18:20:58+0200,6da2bba9-0875-45d5-88b1-1f83d09e3a0a,2026-09-10T13:30:00Z,2026-09-10T15:30:00+0200,166.0,MW,DK2,DK_2,forecast_onshore_wind_generation,Wind Onshore,2026-09-15T16:22:12Z
2026-09-15T16:20:58Z,2026-09-15T18:20:58+0200,6da2bba9-0875-45d5-88b1-1f83d09e3a0a,2026-09-10T13:45:00Z,2026-09-10T15:45:00+0200,164.5,MW,DK2,DK_2,forecast_onshore_wind_generation,Wind Onshore,2026-09-15T16:22:12Z
2026-09-15T16:20:58Z,2026-09-15T18:20:58+0200,6da2bba9-0875-45d5-88b1-1f83d09e3a0a,2026-09-10T14:00:00Z,2026-09-10T16:00:00+0200,162.333333,MW,DK2,DK_2,forecast_onshore_wind_generation,Wind Onshore,2026-09-15T16:22:12Z
2026-09-15T16:20:58Z,2026-09-15T18:20:58+0200,6da2bba9-0875-45d5-88b1-1f83d09e3a0a,2026-09-10T14:15:00Z,2026-09-10T16:15:00+0200,158.5,MW,DK2,DK_2,forecast_onshore_wind_generation,Wind Onshore,2026-09-15T16:22:12Z
2026-09-15T16:20:58Z,2026-09-15T18:20:58+0200,6da2bba9-0875-45d5-88b1-1f83d09e3a0a,2026-09-10T14:30:00Z,2026-09-10T16:30:00+0200,154.666666,MW,DK2,DK_2,forecast_onshore_wind_generation,Wind Onshore,2026-09-15T16:22:12Z
2026-09-15T16:20:58Z,2026-09-15T18:20:58+0200,6da2bba9-0875-45d5-88b1-1f83d09e3a0a,2026-09-10T14:45:00Z,2026-09-10T16:45:00+0200,150.666666,MW,DK2,DK_2,forecast_onshore_wind_generation,Wind Onshore,2026-09-15T16:22:12Z
2026-09-15T16:20:58Z,2026-09-15T18:20:58+0200,6da2bba9-0875-45d5-88b1-1f83d09e3a0a,2026-09-10T15:00:00Z,2026-09-10T17:00:00+0200,146.666666,MW,DK2,DK_2,forecast_onshore_wind_generation,Wind Onshore,2026-09-15T16:22:12Z
2026-09-15T16:20:58Z,2026-09-15T18:20:58+0200,6da2bba9-0875-45d5-88b1-1f83d09e3a0a,2026-09-10T15:15:00Z,2026-09-10T17:15:00+0200,137.833333,MW,DK2,DK_2,forecast_onshore_wind_generation,Wind Onshore,2026-09-15T16:22:12Z
2026-09-15T16:20:58Z,2026-09-15T18:20:58+0200,6da2bba9-0875-45d5-88b1-1f83d09e3a0a,2026-09-10T15:30:00Z,2026-09-10T17:30:00+0200,126.5,MW,DK2,DK_2,forecast_onshore_wind_generation,Wind Onshore,2026-09-15T16:22:12Z
2026-09-15T16:20:58Z,2026-09-15T18:20:58+0200,6da2bba9-0875-45d5-88b1-1f83d09e3a0a,2026-09-10T15:45:00Z,2026-09-10T17:45:00+0200,116.5,MW,DK2,DK_2,forecast_onshore_wind_generation,Wind Onshore,2026-09-15T16:22:12Z
2026-09-15T16:20:58Z,2026-09-15T18:20:58+0200,6da2bba9-0875-45d5-88b1-1f83d09e3a0a,2026-09-10T16:00:00Z,2026-09-10T18:00:00+0200,106.833333,MW,DK2,DK_2,forecast_onshore_wind_generation,Wind Onshore,2026-09-15T16:22:12Z
2026-09-15T16:20:58Z,2026-09-15T18:20:58+0200,6da2bba9-0875-45d5-88b1-1f83d09e3a0a,2026-09-10T16:15:00Z,2026-09-10T18:15:00+0200,95.5,MW,DK2,DK_2,forecast_onshore_wind_generation,Wind Onshore,2026-09-15T16:22:12Z
2026-09-15T16:20:58Z,2026-09-15T18:20:58+0200,6da2bba9-0875-45d5-88b1-1f83d09e3a0a,2026-09-10T16:30:00Z,2026-09-10T18:30:00+0200,86.0,MW,DK2,DK_2,forecast_onshore_wind_generation,Wind Onshore,2026-09-15T16:22:12Z
2026-09-15T16:20:58Z,2026-09-15T18:20:58+0200,6da2bba9-0875-45d5-88b1-1f83d09e3a0a,2026-09-10T16:45:00Z,2026-09-10T18:45:00+0200,78.833333,MW,DK2,DK_2,forecast_onshore_wind_generation,Wind Onshore,2026-09-15T16:22:12Z
2026-09-15T16:20:58Z,2026-09-15T18:20:58+0200,6da2bba9-0875-45d5-88b1-1f83d09e3a0a,2026-09-10T17:00:00Z,2026-09-10T19:00:00+0200,71.333333,MW,DK2,DK_2,forecast_onshore_wind_generation,Wind Onshore,2026-09-15T16:22:12Z
2026-09-15T16:20:58Z,2026-09-15T18:20:58+0200,6da2bba9-0875-45d5-88b1-1f83d09e3a0a,2026-09-10T17:15:00Z,2026-09-10T19:15:00+0200,64.0,MW,DK2,DK_2,forecast_onshore_wind_generation,Wind Onshore,2026-09-15T16:22:12Z
2026-09-15T16:20:58Z,2026-09-15T18:20:58+0200,6da2bba9-0875-45d5-88b1-1f83d09e3a0a,2026-09-10T17:30:00Z,2026-09-10T19:30:00+0200,58.0,MW,DK2,DK_2,forecast_onshore_wind_generation,Wind Onshore,2026-09-15T16:22:12Z
2026-09-15T16:20:58Z,2026-09-15T18:20:58+0200,6da2bba9-0875-45d5-88b1-1f83d09e3a0a,2026-09-10T17:45:00Z,2026-09-10T19:45:00+0200,53.5,MW,DK2,DK_2,forecast_onshore_wind_generation,Wind Onshore,2026-09-15T16:22:12Z
2026-09-15T16:20:58Z,2026-09-15T18:20:58+0200,6da2bba9-0875-45d5-88b1-1f83d09e3a0a,2026-09-10T18:00:00Z,2026-09-10T20:00:00+0200,51.333333,MW,DK2,DK_2,forecast_onshore_wind_generation,Wind Onshore,2026-09-15T16:22:12Z
2026-09-15T16:20:58Z,2026-09-15T18:20:58+0200,6da2bba9-0875-45d5-88b1-1f83d09e3a0a,2026-09-10T18:15:00Z,2026-09-10T20:15:00+0200,53.5,MW,DK2,DK_2,forecast_onshore_wind_generation,Wind Onshore,2026-09-15T16:22:12Z
2026-09-15T16:20:58Z,2026-09-15T18:20:58+0200,6da2bba9-0875-45d5-88b1-1f83d09e3a0a,2026-09-10T18:30:00Z,2026-09-10T20:30:00+0200,56.333333,MW,DK2,DK_2,forecast_onshore_wind_generation,Wind Onshore,2026-09-15T16:22:12Z
2026-09-15T16:20:58Z,2026-09-15T18:20:58+0200,6da2bba9-0875-45d5-88b1-1f83d09e3a0a,2026-09-10T18:45:00Z,2026-09-10T20:45:00+0200,57.833333,MW,DK2,DK_2,forecast_onshore_wind_generation,Wind Onshore,2026-09-15T16:22:12Z
2026-09-15T16:20:58Z,2026-09-15T18:20:58+0200,6da2bba9-0875-45d5-88b1-1f83d09e3a0a,2026-09-10T19:00:00Z,2026-09-10T21:00:00+0200,58.0,MW,DK2,DK_2,forecast_onshore_wind_generation,Wind Onshore,2026-09-15T16:22:12Z
2026-09-15T16:20:58Z,2026-09-15T18:20:58+0200,6da2bba9-0875-45d5-88b1-1f83d09e3a0a,2026-09-10T19:15:00Z,2026-09-10T21:15:00+0200,58.0,MW,DK2,DK_2,forecast_onshore_wind_generation,Wind Onshore,2026-09-15T16:22:12Z
2026-09-15T16:20:58Z,2026-09-15T18:20:58+0200,6da2bba9-0875-45d5-88b1-1f83d09e3a0a,2026-09-10T19:30:00Z,2026-09-10T21:30:00+0200,58.833333,MW,DK2,DK_2,forecast_onshore_wind_generation,Wind Onshore,2026-09-15T16:22:12Z
2026-09-15T16:20:58Z,2026-09-15T18:20:58+0200,6da2bba9-0875-45d5-88b1-1f83d09e3a0a,2026-09-10T19:45:00Z,2026-09-10T21:45:00+0200,59.0,MW,DK2,DK_2,forecast_onshore_wind_generation,Wind Onshore,2026-09-15T16:22:12Z
2026-09-15T16:20:58Z,2026-09-15T18:20:58+0200,6da2bba9-0875-45d5-88b1-1f83d09e3a0a,2026-09-10T20:00:00Z,2026-09-10T22:00:00+0200,59.0,MW,DK2,DK_2,forecast_onshore_wind_generation,Wind Onshore,2026-09-15T16:22:12Z
2026-09-15T16:20:58Z,2026-09-15T18:20:58+0200,6da2bba9-0875-45d5-88b1-1f83d09e3a0a,2026-09-10T20:15:00Z,2026-09-10T22:15:00+0200,58.5,MW,DK2,DK_2,forecast_onshore_wind_generation,Wind Onshore,2026-09-15T16:22:12Z
2026-09-15T16:20:58Z,2026-09-15T18:20:58+0200,6da2bba9-0875-45d5-88b1-1f83d09e3a0a,2026-09-10T20:30:00Z,2026-09-10T22:30:00+0200,57.833333,MW,DK2,DK_2,forecast_onshore_wind_generation,Wind Onshore,2026-09-15T16:22:12Z
2026-09-15T16:20:58Z,2026-09-15T18:20:58+0200,6da2bba9-0875-45d5-88b1-1f83d09e3a0a,2026-09-10T20:45:00Z,2026-09-10T22:45:00+0200,56.5,MW,DK2,DK_2,forecast_onshore_wind_generation,Wind Onshore,2026-09-15T16:22:12Z
2026-09-15T16:20:58Z,2026-09-15T18:20:58+0200,6da2bba9-0875-45d5-88b1-1f83d09e3a0a,2026-09-10T21:00:00Z,2026-09-10T23:00:00+0200,54.5,MW,DK2,DK_2,forecast_onshore_wind_generation,Wind Onshore,2026-09-15T16:22:12Z
2026-09-15T16:20:58Z,2026-09-15T18:20:58+0200,6da2bba9-0875-45d5-88b1-1f83d09e3a0a,2026-09-10T21:15:00Z,2026-09-10T23:15:00+0200,52.333333,MW,DK2,DK_2,forecast_onshore_wind_generation,Wind Onshore,2026-09-15T16:22:12Z
2026-09-15T16:20:58Z,2026-09-15T18:20:58+0200,6da2bba9-0875-45d5-88b1-1f83d09e3a0a,2026-09-10T21:30:00Z,2026-09-10T23:30:00+0200,49.5,MW,DK2,DK_2,forecast_onshore_wind_generation,Wind Onshore,2026-09-15T16:22:12Z
2026-09-15T16:20:58Z,2026-09-15T18:20:58+0200,6da2bba9-0875-45d5-88b1-1f83d09e3a0a,2026-09-10T21:45:00Z,2026-09-10T23:45:00+0200,47.5,MW,DK2,DK_2,forecast_onshore_wind_generation,Wind Onshore,2026-09-15T16:22:12Z
2026-09-15T16:20:58Z,2026-09-15T18:20:58+0200,6da2bba9-0875-45d5-88b1-1f83d09e3a0a,2026-09-10T22:00:00Z,2026-09-11T00:00:00+0200,43.0,MW,DK2,DK_2,forecast_onshore_wind_generation,Wind Onshore,2026-09-15T16:22:12Z
2026-09-15T16:20:58Z,2026-09-15T18:20:58+0200,6da2bba9-0875-45d5-88b1-1f83d09e3a0a,2026-09-10T22:15:00Z,2026-09-11T00:15:00+0200,43.0,MW,DK2,DK_2,forecast_onshore_wind_generation,Wind Onshore,2026-09-15T16:22:12Z
2026-09-15T16:20:58Z,2026-09-15T18:20:58+0200,6da2bba9-0875-45d5-88b1-1f83d09e3a0a,2026-09-10T22:30:00Z,2026-09-11T00:30:00+0200,43.0,MW,DK2,DK_2,forecast_onshore_wind_generation,Wind Onshore,2026-09-15T16:22:12Z
2026-09-15T16:20:58Z,2026-09-15T18:20:58+0200,6da2bba9-0875-45d5-88b1-1f83d09e3a0a,2026-09-10T22:45:00Z,2026-09-11T00:45:00+0200,43.0,MW,DK2,DK_2,forecast_onshore_wind_generation,Wind Onshore,2026-09-15T16:22:12Z
2026-09-15T16:20:58Z,2026-09-15T18:20:58+0200,6da2bba9-0875-45d5-88b1-1f83d09e3a0a,2026-09-10T23:00:00Z,2026-09-11T01:00:00+0200,43.0,MW,DK2,DK_2,forecast_onshore_wind_generation,Wind Onshore,2026-09-15T16:22:12Z
2026-09-15T16:20:58Z,2026-09-15T18:20:58+0200,6da2bba9-0875-45d5-88b1-1f83d09e3a0a,2026-09-10T23:15:00Z,2026-09-11T01:15:00+0200,43.0,MW,DK2,DK_2,forecast_onshore_wind_generation,Wind Onshore,2026-09-15T16:22:12Z
2026-09-15T16:20:58Z,2026-09-15T18:20:58+0200,6da2bba9-0875-45d5-88b1-1f83d09e3a0a,2026-09-10T23:30:00Z,2026-09-11T01:30:00+0200,43.833333,MW,DK2,DK_2,forecast_onshore_wind_generation,Wind Onshore,2026-09-15T16:22:12Z
2026-09-15T16:20:58Z,2026-09-15T18:20:58+0200,6da2bba9-0875-45d5-88b1-1f83d09e3a0a,2026-09-10T23:45:00Z,2026-09-11T01:45:00+0200,44.166666,MW,DK2,DK_2,forecast_onshore_wind_generation,Wind Onshore,2026-09-15T16:22:12Z
2026-09-15T16:20:58Z,2026-09-15T18:20:58+0200,6da2bba9-0875-45d5-88b1-1f83d09e3a0a,2026-09-11T00:00:00Z,2026-09-11T02:00:00+0200,45.166666,MW,DK2,DK_2,forecast_onshore_wind_generation,Wind Onshore,2026-09-15T16:22:12Z
2026-09-15T16:20:58Z,2026-09-15T18:20:58+0200,6da2bba9-0875-45d5-88b1-1f83d09e3a0a,2026-09-11T00:15:00Z,2026-09-11T02:15:00+0200,46.5,MW,DK2,DK_2,forecast_onshore_wind_generation,Wind Onshore,2026-09-15T16:22:12Z
2026-09-15T16:20:58Z,2026-09-15T18:20:58+0200,6da2bba9-0875-45d5-88b1-1f83d09e3a0a,2026-09-11T00:30:00Z,2026-09-11T02:30:00+0200,48.0,MW,DK2,DK_2,forecast_onshore_wind_generation,Wind Onshore,2026-09-15T16:22:12Z
2026-09-15T16:20:58Z,2026-09-15T18:20:58+0200,6da2bba9-0875-45d5-88b1-1f83d09e3a0a,2026-09-11T00:45:00Z,2026-09-11T02:45:00+0200,49.5,MW,DK2,DK_2,forecast_onshore_wind_generation,Wind Onshore,2026-09-15T16:22:12Z
2026-09-15T16:20:58Z,2026-09-15T18:20:58+0200,6da2bba9-0875-45d5-88b1-1f83d09e3a0a,2026-09-11T01:00:00Z,2026-09-11T03:00:00+0200,50.5,MW,DK2,DK_2,forecast_onshore_wind_generation,Wind Onshore,2026-09-15T16:22:12Z
2026-09-15T16:20:58Z,2026-09-15T18:20:58+0200,6da2bba9-0875-45d5-88b1-1f83d09e3a0a,2026-09-11T01:15:00Z,2026-09-11T03:15:00+0200,52.0,MW,DK2,DK_2,forecast_onshore_wind_generation,Wind Onshore,2026-09-15T16:22:12Z
2026-09-15T16:20:58Z,2026-09-15T18:20:58+0200,6da2bba9-0875-45d5-88b1-1f83d09e3a0a,2026-09-11T01:30:00Z,2026-09-11T03:30:00+0200,54.0,MW,DK2,DK_2,forecast_onshore_wind_generation,Wind Onshore,2026-09-15T16:22:12Z
2026-09-15T16:20:58Z,2026-09-15T18:20:58+0200,6da2bba9-0875-45d5-88b1-1f83d09e3a0a,2026-09-11T01:45:00Z,2026-09-11T03:45:00+0200,55.833333,MW,DK2,DK_2,forecast_onshore_wind_generation,Wind Onshore,2026-09-15T16:22:12Z
2026-09-15T16:20:58Z,2026-09-15T18:20:58+0200,6da2bba9-0875-45d5-88b1-1f83d09e3a0a,2026-09-11T02:00:00Z,2026-09-11T04:00:00+0200,57.5,MW,DK2,DK_2,forecast_onshore_wind_generation,Wind Onshore,2026-09-15T16:22:12Z
2026-09-15T16:20:58Z,2026-09-15T18:20:58+0200,6da2bba9-0875-45d5-88b1-1f83d09e3a0a,2026-09-11T02:15:00Z,2026-09-11T04:15:00+0200,60.5,MW,DK2,DK_2,forecast_onshore_wind_generation,Wind Onshore,2026-09-15T16:22:12Z
2026-09-15T16:20:58Z,2026-09-15T18:20:58+0200,6da2bba9-0875-45d5-88b1-1f83d09e3a0a,2026-09-11T02:30:00Z,2026-09-11T04:30:00+0200,64.333333,MW,DK2,DK_2,forecast_onshore_wind_generation,Wind Onshore,2026-09-15T16:22:12Z
2026-09-15T16:20:58Z,2026-09-15T18:20:58+0200,6da2bba9-0875-45d5-88b1-1f83d09e3a0a,2026-09-11T02:45:00Z,2026-09-11T04:45:00+0200,66.666666,MW,DK2,DK_2,forecast_onshore_wind_generation,Wind Onshore,2026-09-15T16:22:12Z
2026-09-15T16:20:58Z,2026-09-15T18:20:58+0200,6da2bba9-0875-45d5-88b1-1f83d09e3a0a,2026-09-11T03:00:00Z,2026-09-11T05:00:00+0200,68.5,MW,DK2,DK_2,forecast_onshore_wind_generation,Wind Onshore,2026-09-15T16:22:12Z
2026-09-15T16:20:58Z,2026-09-15T18:20:58+0200,6da2bba9-0875-45d5-88b1-1f83d09e3a0a,2026-09-11T03:15:00Z,2026-09-11T05:15:00+0200,70.5,MW,DK2,DK_2,forecast_onshore_wind_generation,Wind Onshore,2026-09-15T16:22:12Z
2026-09-15T16:20:58Z,2026-09-15T18:20:58+0200,6da2bba9-0875-45d5-88b1-1f83d09e3a0a,2026-09-11T03:30:00Z,2026-09-11T05:30:00+0200,73.666666,MW,DK2,DK_2,forecast_onshore_wind_generation,Wind Onshore,2026-09-15T16:22:12Z
2026-09-15T16:20:58Z,2026-09-15T18:20:58+0200,6da2bba9-0875-45d5-88b1-1f83d09e3a0a,2026-09-11T03:45:00Z,2026-09-11T05:45:00+0200,77.666666,MW,DK2,DK_2,forecast_onshore_wind_generation,Wind Onshore,2026-09-15T16:22:12Z
2026-09-15T16:20:58Z,2026-09-15T18:20:58+0200,6da2bba9-0875-45d5-88b1-1f83d09e3a0a,2026-09-11T04:00:00Z,2026-09-11T06:00:00+0200,82.0,MW,DK2,DK_2,forecast_onshore_wind_generation,Wind Onshore,2026-09-15T16:22:12Z
2026-09-15T16:20:58Z,2026-09-15T18:20:58+0200,6da2bba9-0875-45d5-88b1-1f83d09e3a0a,2026-09-11T04:15:00Z,2026-09-11T06:15:00+0200,85.5,MW,DK2,DK_2,forecast_onshore_wind_generation,Wind Onshore,2026-09-15T16:22:12Z
2026-09-15T16:20:58Z,2026-09-15T18:20:58+0200,6da2bba9-0875-45d5-88b1-1f83d09e3a0a,2026-09-11T04:30:00Z,2026-09-11T06:30:00+0200,88.0,MW,DK2,DK_2,forecast_onshore_wind_generation,Wind Onshore,2026-09-15T16:22:12Z
2026-09-15T16:20:58Z,2026-09-15T18:20:58+0200,6da2bba9-0875-45d5-88b1-1f83d09e3a0a,2026-09-11T04:45:00Z,2026-09-11T06:45:00+0200,89.5,MW,DK2,DK_2,forecast_onshore_wind_generation,Wind Onshore,2026-09-15T16:22:12Z
2026-09-15T16:20:58Z,2026-09-15T18:20:58+0200,6da2bba9-0875-45d5-88b1-1f83d09e3a0a,2026-09-11T05:00:00Z,2026-09-11T07:00:00+0200,90.0,MW,DK2,DK_2,forecast_onshore_wind_generation,Wind Onshore,2026-09-15T16:22:12Z
2026-09-15T16:20:58Z,2026-09-15T18:20:58+0200,6da2bba9-0875-45d5-88b1-1f83d09e3a0a,2026-09-11T05:15:00Z,2026-09-11T07:15:00+0200,90.5,MW,DK2,DK_2,forecast_onshore_wind_generation,Wind Onshore,2026-09-15T16:22:12Z
2026-09-15T16:20:58Z,2026-09-15T18:20:58+0200,6da2bba9-0875-45d5-88b1-1f83d09e3a0a,2026-09-11T05:30:00Z,2026-09-11T07:30:00+0200,91.0,MW,DK2,DK_2,forecast_onshore_wind_generation,Wind Onshore,2026-09-15T16:22:12Z
2026-09-15T16:20:58Z,2026-09-15T18:20:58+0200,6da2bba9-0875-45d5-88b1-1f83d09e3a0a,2026-09-11T05:45:00Z,2026-09-11T07:45:00+0200,91.0,MW,DK2,DK_2,forecast_onshore_wind_generation,Wind Onshore,2026-09-15T16:22:12Z
2026-09-15T16:20:58Z,2026-09-15T18:20:58+0200,6da2bba9-0875-45d5-88b1-1f83d09e3a0a,2026-09-11T06:00:00Z,2026-09-11T08:00:00+0200,90.5,MW,DK2,DK_2,forecast_onshore_wind_generation,Wind Onshore,2026-09-15T16:22:12Z
2026-09-15T16:20:58Z,2026-09-15T18:20:58+0200,6da2bba9-0875-45d5-88b1-1f83d09e3a0a,2026-09-11T06:15:00Z,2026-09-11T08:15:00+0200,90.0,MW,DK2,DK_2,forecast_onshore_wind_generation,Wind Onshore,2026-09-15T16:22:12Z
2026-09-15T16:20:58Z,2026-09-15T18:20:58+0200,6da2bba9-0875-45d5-88b1-1f83d09e3a0a,2026-09-11T06:30:00Z,2026-09-11T08:30:00+0200,90.666666,MW,DK2,DK_2,forecast_onshore_wind_generation,Wind Onshore,2026-09-15T16:22:12Z
2026-09-15T16:20:58Z,2026-09-15T18:20:58+0200,6da2bba9-0875-45d5-88b1-1f83d09e3a0a,2026-09-11T06:45:00Z,2026-09-11T08:45:00+0200,95.0,MW,DK2,DK_2,forecast_onshore_wind_generation,Wind Onshore,2026-09-15T16:22:12Z
2026-09-15T16:20:58Z,2026-09-15T18:20:58+0200,6da2bba9-0875-45d5-88b1-1f83d09e3a0a,2026-09-11T07:00:00Z,2026-09-11T09:00:00+0200,101.833333,MW,DK2,DK_2,forecast_onshore_wind_generation,Wind Onshore,2026-09-15T16:22:12Z
2026-09-15T16:20:58Z,2026-09-15T18:20:58+0200,6da2bba9-0875-45d5-88b1-1f83d09e3a0a,2026-09-11T07:15:00Z,2026-09-11T09:15:00+0200,106.5,MW,DK2,DK_2,forecast_onshore_wind_generation,Wind Onshore,2026-09-15T16:22:12Z
2026-09-15T16:20:58Z,2026-09-15T18:20:58+0200,6da2bba9-0875-45d5-88b1-1f83d09e3a0a,2026-09-11T07:30:00Z,2026-09-11T09:30:00+0200,109.666666,MW,DK2,DK_2,forecast_onshore_wind_generation,Wind Onshore,2026-09-15T16:22:12Z
2026-09-15T16:20:58Z,2026-09-15T18:20:58+0200,6da2bba9-0875-45d5-88b1-1f83d09e3a0a,2026-09-11T07:45:00Z,2026-09-11T09:45:00+0200,113.5,MW,DK2,DK_2,forecast_onshore_wind_generation,Wind Onshore,2026-09-15T16:22:12Z
2026-09-15T16:20:58Z,2026-09-15T18:20:58+0200,6da2bba9-0875-45d5-88b1-1f83d09e3a0a,2026-09-11T08:00:00Z,2026-09-11T10:00:00+0200,117.833333,MW,DK2,DK_2,forecast_onshore_wind_generation,Wind Onshore,2026-09-15T16:22:12Z
2026-09-15T16:20:58Z,2026-09-15T18:20:58+0200,6da2bba9-0875-45d5-88b1-1f83d09e3a0a,2026-09-11T08:15:00Z,2026-09-11T10:15:00+0200,121.0,MW,DK2,DK_2,forecast_onshore_wind_generation,Wind Onshore,2026-09-15T16:22:12Z
2026-09-15T16:20:58Z,2026-09-15T18:20:58+0200,6da2bba9-0875-45d5-88b1-1f83d09e3a0a,2026-09-11T08:30:00Z,2026-09-11T10:30:00+0200,122.666666,MW,DK2,DK_2,forecast_onshore_wind_generation,Wind Onshore,2026-09-15T16:22:12Z
2026-09-15T16:20:58Z,2026-09-15T18:20:58+0200,6da2bba9-0875-45d5-88b1-1f83d09e3a0a,2026-09-11T08:45:00Z,2026-09-11T10:45:00+0200,125.5,MW,DK2,DK_2,forecast_onshore_wind_generation,Wind Onshore,2026-09-15T16:22:12Z
2026-09-15T16:20:58Z,2026-09-15T18:20:58+0200,6da2bba9-0875-45d5-88b1-1f83d09e3a0a,2026-09-11T09:00:00Z,2026-09-11T11:00:00+0200,128.333333,MW,DK2,DK_2,forecast_onshore_wind_generation,Wind Onshore,2026-09-15T16:22:12Z
2026-09-15T16:20:58Z,2026-09-15T18:20:58+0200,6da2bba9-0875-45d5-88b1-1f83d09e3a0a,2026-09-11T09:15:00Z,2026-09-11T11:15:00+0200,129.166666,MW,DK2,DK_2,forecast_onshore_wind_generation,Wind Onshore,2026-09-15T16:22:12Z
2026-09-15T16:20:58Z,2026-09-15T18:20:58+0200,6da2bba9-0875-45d5-88b1-1f83d09e3a0a,2026-09-11T09:30:00Z,2026-09-11T11:30:00+0200,130.0,MW,DK2,DK_2,forecast_onshore_wind_generation,Wind Onshore,2026-09-15T16:22:12Z
2026-09-15T16:20:58Z,2026-09-15T18:20:58+0200,6da2bba9-0875-45d5-88b1-1f83d09e3a0a,2026-09-11T09:45:00Z,2026-09-11T11:45:00+0200,130.0,MW,DK2,DK_2,forecast_onshore_wind_generation,Wind Onshore,2026-09-15T16:22:12Z
2026-09-15T16:20:58Z,2026-09-15T18:20:58+0200,6da2bba9-0875-45d5-88b1-1f83d09e3a0a,2026-09-11T10:00:00Z,2026-09-11T12:00:00+0200,129.5,MW,DK2,DK_2,forecast_onshore_wind_generation,Wind Onshore,2026-09-15T16:22:12Z
2026-09-15T16:20:58Z,2026-09-15T18:20:58+0200,6da2bba9-0875-45d5-88b1-1f83d09e3a0a,2026-09-11T10:15:00Z,2026-09-11T12:15:00+0200,128.0,MW,DK2,DK_2,forecast_onshore_wind_generation,Wind Onshore,2026-09-15T16:22:12Z
2026-09-15T16:20:58Z,2026-09-15T18:20:58+0200,6da2bba9-0875-45d5-88b1-1f83d09e3a0a,2026-09-11T10:30:00Z,2026-09-11T12:30:00+0200,126.0,MW,DK2,DK_2,forecast_onshore_wind_generation,Wind Onshore,2026-09-15T16:22:12Z
2026-09-15T16:20:58Z,2026-09-15T18:20:58+0200,6da2bba9-0875-45d5-88b1-1f83d09e3a0a,2026-09-11T10:45:00Z,2026-09-11T12:45:00+0200,124.833333,MW,DK2,DK_2,forecast_onshore_wind_generation,Wind Onshore,2026-09-15T16:22:12Z
2026-09-15T16:20:58Z,2026-09-15T18:20:58+0200,6da2bba9-0875-45d5-88b1-1f83d09e3a0a,2026-09-11T11:00:00Z,2026-09-11T13:00:00+0200,123.333333,MW,DK2,DK_2,forecast_onshore_wind_generation,Wind Onshore,2026-09-15T16:22:12Z
2026-09-15T16:20:58Z,2026-09-15T18:20:58+0200,6da2bba9-0875-45d5-88b1-1f83d09e3a0a,2026-09-11T11:15:00Z,2026-09-11T13:15:00+0200,121.0,MW,DK2,DK_2,forecast_onshore_wind_generation,Wind Onshore,2026-09-15T16:22:12Z
2026-09-15T16:20:58Z,2026-09-15T18:20:58+0200,6da2bba9-0875-45d5-88b1-1f83d09e3a0a,2026-09-11T11:30:00Z,2026-09-11T13:30:00+0200,119.0,MW,DK2,DK_2,forecast_onshore_wind_generation,Wind Onshore,2026-09-15T16:22:12Z
2026-09-15T16:20:58Z,2026-09-15T18:20:58+0200,6da2bba9-0875-45d5-88b1-1f83d09e3a0a,2026-09-11T11:45:00Z,2026-09-11T13:45:00+0200,117.333333,MW,DK2,DK_2,forecast_onshore_wind_generation,Wind Onshore,2026-09-15T16:22:12Z
2026-09-15T16:20:58Z,2026-09-15T18:20:58+0200,6da2bba9-0875-45d5-88b1-1f83d09e3a0a,2026-09-11T12:00:00Z,2026-09-11T14:00:00+0200,114.333333,MW,DK2,DK_2,forecast_onshore_wind_generation,Wind Onshore,2026-09-15T16:22:12Z
2026-09-15T16:20:58Z,2026-09-15T18:20:58+0200,6da2bba9-0875-45d5-88b1-1f83d09e3a0a,2026-09-11T12:15:00Z,2026-09-11T14:15:00+0200,110.5,MW,DK2,DK_2,forecast_onshore_wind_generation,Wind Onshore,2026-09-15T16:22:12Z
2026-09-15T16:20:58Z,2026-09-15T18:20:58+0200,6da2bba9-0875-45d5-88b1-1f83d09e3a0a,2026-09-11T12:30:00Z,2026-09-11T14:30:00+0200,107.333333,MW,DK2,DK_2,forecast_onshore_wind_generation,Wind Onshore,2026-09-15T16:22:12Z
2026-09-15T16:20:58Z,2026-09-15T18:20:58+0200,6da2bba9-0875-45d5-88b1-1f83d09e3a0a,2026-09-11T12:45:00Z,2026-09-11T14:45:00+0200,103.5,MW,DK2,DK_2,forecast_onshore_wind_generation,Wind Onshore,2026-09-15T16:22:12Z
2026-09-15T16:20:58Z,2026-09-15T18:20:58+0200,6da2bba9-0875-45d5-88b1-1f83d09e3a0a,2026-09-11T13:00:00Z,2026-09-11T15:00:00+0200,101.0,MW,DK2,DK_2,forecast_onshore_wind_generation,Wind Onshore,2026-09-15T16:22:12Z
2026-09-15T16:20:58Z,2026-09-15T18:20:58+0200,6da2bba9-0875-45d5-88b1-1f83d09e3a0a,2026-09-11T13:15:00Z,2026-09-11T15:15:00+0200,99.0,MW,DK2,DK_2,forecast_onshore_wind_generation,Wind Onshore,2026-09-15T16:22:12Z
2026-09-15T16:20:58Z,2026-09-15T18:20:58+0200,6da2bba9-0875-45d5-88b1-1f83d09e3a0a,2026-09-11T13:30:00Z,2026-09-11T15:30:00+0200,97.0,MW,DK2,DK_2,forecast_onshore_wind_generation,Wind Onshore,2026-09-15T16:22:12Z
2026-09-15T16:20:58Z,2026-09-15T18:20:58+0200,6da2bba9-0875-45d5-88b1-1f83d09e3a0a,2026-09-11T13:45:00Z,2026-09-11T15:45:00+0200,95.166666,MW,DK2,DK_2,forecast_onshore_wind_generation,Wind Onshore,2026-09-15T16:22:12Z
2026-09-15T16:20:58Z,2026-09-15T18:20:58+0200,6da2bba9-0875-45d5-88b1-1f83d09e3a0a,2026-09-11T14:00:00Z,2026-09-11T16:00:00+0200,90.333333,MW,DK2,DK_2,forecast_onshore_wind_generation,Wind Onshore,2026-09-15T16:22:12Z
2026-09-15T16:20:58Z,2026-09-15T18:20:58+0200,6da2bba9-0875-45d5-88b1-1f83d09e3a0a,2026-09-11T14:15:00Z,2026-09-11T16:15:00+0200,84.5,MW,DK2,DK_2,forecast_onshore_wind_generation,Wind Onshore,2026-09-15T16:22:12Z
2026-09-15T16:20:58Z,2026-09-15T18:20:58+0200,6da2bba9-0875-45d5-88b1-1f83d09e3a0a,2026-09-11T14:30:00Z,2026-09-11T16:30:00+0200,79.5,MW,DK2,DK_2,forecast_onshore_wind_generation,Wind Onshore,2026-09-15T16:22:12Z
2026-09-15T16:20:58Z,2026-09-15T18:20:58+0200,6da2bba9-0875-45d5-88b1-1f83d09e3a0a,2026-09-11T14:45:00Z,2026-09-11T16:45:00+0200,75.666666,MW,DK2,DK_2,forecast_onshore_wind_generation,Wind Onshore,2026-09-15T16:22:12Z
2026-09-15T16:20:58Z,2026-09-15T18:20:58+0200,6da2bba9-0875-45d5-88b1-1f83d09e3a0a,2026-09-11T15:00:00Z,2026-09-11T17:00:00+0200,73.5,MW,DK2,DK_2,forecast_onshore_wind_generation,Wind Onshore,2026-09-15T16:22:12Z
2026-09-15T16:20:58Z,2026-09-15T18:20:58+0200,6da2bba9-0875-45d5-88b1-1f83d09e3a0a,2026-09-11T15:15:00Z,2026-09-11T17:15:00+0200,70.5,MW,DK2,DK_2,forecast_onshore_wind_generation,Wind Onshore,2026-09-15T16:22:12Z
2026-09-15T16:20:58Z,2026-09-15T18:20:58+0200,6da2bba9-0875-45d5-88b1-1f83d09e3a0a,2026-09-11T15:30:00Z,2026-09-11T17:30:00+0200,68.0,MW,DK2,DK_2,forecast_onshore_wind_generation,Wind Onshore,2026-09-15T16:22:12Z
2026-09-15T16:20:58Z,2026-09-15T18:20:58+0200,6da2bba9-0875-45d5-88b1-1f83d09e3a0a,2026-09-11T15:45:00Z,2026-09-11T17:45:00+0200,66.833333,MW,DK2,DK_2,forecast_onshore_wind_generation,Wind Onshore,2026-09-15T16:22:12Z
2026-09-15T16:20:58Z,2026-09-15T18:20:58+0200,6da2bba9-0875-45d5-88b1-1f83d09e3a0a,2026-09-11T16:00:00Z,2026-09-11T18:00:00+0200,65.5,MW,DK2,DK_2,forecast_onshore_wind_generation,Wind Onshore,2026-09-15T16:22:12Z
2026-09-15T16:20:58Z,2026-09-15T18:20:58+0200,6da2bba9-0875-45d5-88b1-1f83d09e3a0a,2026-09-11T16:15:00Z,2026-09-11T18:15:00+0200,64.5,MW,DK2,DK_2,forecast_onshore_wind_generation,Wind Onshore,2026-09-15T16:22:12Z
2026-09-15T16:20:58Z,2026-09-15T18:20:58+0200,6da2bba9-0875-45d5-88b1-1f83d09e3a0a,2026-09-11T16:30:00Z,2026-09-11T18:30:00+0200,64.0,MW,DK2,DK_2,forecast_onshore_wind_generation,Wind Onshore,2026-09-15T16:22:12Z
2026-09-15T16:20:58Z,2026-09-15T18:20:58+0200,6da2bba9-0875-45d5-88b1-1f83d09e3a0a,2026-09-11T16:45:00Z,2026-09-11T18:45:00+0200,63.166666,MW,DK2,DK_2,forecast_onshore_wind_generation,Wind Onshore,2026-09-15T16:22:12Z
2026-09-15T16:20:58Z,2026-09-15T18:20:58+0200,6da2bba9-0875-45d5-88b1-1f83d09e3a0a,2026-09-11T17:00:00Z,2026-09-11T19:00:00+0200,62.833333,MW,DK2,DK_2,forecast_onshore_wind_generation,Wind Onshore,2026-09-15T16:22:12Z
2026-09-15T16:20:58Z,2026-09-15T18:20:58+0200,6da2bba9-0875-45d5-88b1-1f83d09e3a0a,2026-09-11T17:15:00Z,2026-09-11T19:15:00+0200,61.5,MW,DK2,DK_2,forecast_onshore_wind_generation,Wind Onshore,2026-09-15T16:22:12Z
2026-09-15T16:20:58Z,2026-09-15T18:20:58+0200,6da2bba9-0875-45d5-88b1-1f83d09e3a0a,2026-09-11T17:30:00Z,2026-09-11T19:30:00+0200,60.166666,MW,DK2,DK_2,forecast_onshore_wind_generation,Wind Onshore,2026-09-15T16:22:12Z
2026-09-15T16:20:58Z,2026-09-15T18:20:58+0200,6da2bba9-0875-45d5-88b1-1f83d09e3a0a,2026-09-11T17:45:00Z,2026-09-11T19:45:00+0200,60.666666,MW,DK2,DK_2,forecast_onshore_wind_generation,Wind Onshore,2026-09-15T16:22:12Z
2026-09-15T16:20:58Z,2026-09-15T18:20:58+0200,6da2bba9-0875-45d5-88b1-1f83d09e3a0a,2026-09-11T18:00:00Z,2026-09-11T20:00:00+0200,62.666666,MW,DK2,DK_2,forecast_onshore_wind_generation,Wind Onshore,2026-09-15T16:22:12Z
2026-09-15T16:20:58Z,2026-09-15T18:20:58+0200,6da2bba9-0875-45d5-88b1-1f83d09e3a0a,2026-09-11T18:15:00Z,2026-09-11T20:15:00+0200,64.833333,MW,DK2,DK_2,forecast_onshore_wind_generation,Wind Onshore,2026-09-15T16:22:12Z
2026-09-15T16:20:58Z,2026-09-15T18:20:58+0200,6da2bba9-0875-45d5-88b1-1f83d09e3a0a,2026-09-11T18:30:00Z,2026-09-11T20:30:00+0200,64.166666,MW,DK2,DK_2,forecast_onshore_wind_generation,Wind Onshore,2026-09-15T16:22:12Z
2026-09-15T16:20:58Z,2026-09-15T18:20:58+0200,6da2bba9-0875-45d5-88b1-1f83d09e3a0a,2026-09-11T18:45:00Z,2026-09-11T20:45:00+0200,64.5,MW,DK2,DK_2,forecast_onshore_wind_generation,Wind Onshore,2026-09-15T16:22:12Z
2026-09-15T16:20:58Z,2026-09-15T18:20:58+0200,6da2bba9-0875-45d5-88b1-1f83d09e3a0a,2026-09-11T19:00:00Z,2026-09-11T21:00:00+0200,65.5,MW,DK2,DK_2,forecast_onshore_wind_generation,Wind Onshore,2026-09-15T16:22:12Z
2026-09-15T16:20:58Z,2026-09-15T18:20:58+0200,6da2bba9-0875-45d5-88b1-1f83d09e3a0a,2026-09-11T19:15:00Z,2026-09-11T21:15:00+0200,66.5,MW,DK2,DK_2,forecast_onshore_wind_generation,Wind Onshore,2026-09-15T16:22:12Z
2026-09-15T16:20:58Z,2026-09-15T18:20:58+0200,6da2bba9-0875-45d5-88b1-1f83d09e3a0a,2026-09-11T19:30:00Z,2026-09-11T21:30:00+0200,68.5,MW,DK2,DK_2,forecast_onshore_wind_generation,Wind Onshore,2026-09-15T16:22:12Z
2026-09-15T16:20:58Z,2026-09-15T18:20:58+0200,6da2bba9-0875-45d5-88b1-1f83d09e3a0a,2026-09-11T19:45:00Z,2026-09-11T21:45:00+0200,70.666666,MW,DK2,DK_2,forecast_onshore_wind_generation,Wind Onshore,2026-09-15T16:22:12Z
2026-09-15T16:20:58Z,2026-09-15T18:20:58+0200,6da2bba9-0875-45d5-88b1-1f83d09e3a0a,2026-09-11T20:00:00Z,2026-09-11T22:00:00+0200,73.0,MW,DK2,DK_2,forecast_onshore_wind_generation,Wind Onshore,2026-09-15T16:22:12Z
2026-09-15T16:20:58Z,2026-09-15T18:20:58+0200,6da2bba9-0875-45d5-88b1-1f83d09e3a0a,2026-09-11T20:15:00Z,2026-09-11T22:15:00+0200,73.833333,MW,DK2,DK_2,forecast_onshore_wind_generation,Wind Onshore,2026-09-15T16:22:12Z
2026-09-15T16:20:58Z,2026-09-15T18:20:58+0200,6da2bba9-0875-45d5-88b1-1f83d09e3a0a,2026-09-11T20:30:00Z,2026-09-11T22:30:00+0200,73.0,MW,DK2,DK_2,forecast_onshore_wind_generation,Wind Onshore,2026-09-15T16:22:12Z
2026-09-15T16:20:58Z,2026-09-15T18:20:58+0200,6da2bba9-0875-45d5-88b1-1f83d09e3a0a,2026-09-11T20:45:00Z,2026-09-11T22:45:00+0200,72.833333,MW,DK2,DK_2,forecast_onshore_wind_generation,Wind Onshore,2026-09-15T16:22:12Z
2026-09-15T16:20:58Z,2026-09-15T18:20:58+0200,6da2bba9-0875-45d5-88b1-1f83d09e3a0a,2026-09-11T21:00:00Z,2026-09-11T23:00:00+0200,70.5,MW,DK2,DK_2,forecast_onshore_wind_generation,Wind Onshore,2026-09-15T16:22:12Z
2026-09-15T16:20:58Z,2026-09-15T18:20:58+0200,6da2bba9-0875-45d5-88b1-1f83d09e3a0a,2026-09-11T21:15:00Z,2026-09-11T23:15:00+0200,67.833333,MW,DK2,DK_2,forecast_onshore_wind_generation,Wind Onshore,2026-09-15T16:22:12Z
2026-09-15T16:20:58Z,2026-09-15T18:20:58+0200,6da2bba9-0875-45d5-88b1-1f83d09e3a0a,2026-09-11T21:30:00Z,2026-09-11T23:30:00+0200,65.333333,MW,DK2,DK_2,forecast_onshore_wind_generation,Wind Onshore,2026-09-15T16:22:12Z
2026-09-15T16:20:58Z,2026-09-15T18:20:58+0200,6da2bba9-0875-45d5-88b1-1f83d09e3a0a,2026-09-11T21:45:00Z,2026-09-11T23:45:00+0200,62.0,MW,DK2,DK_2,forecast_onshore_wind_generation,Wind Onshore,2026-09-15T16:22:12Z
2026-09-15T16:20:58Z,2026-09-15T18:20:58+0200,6da2bba9-0875-45d5-88b1-1f83d09e3a0a,2026-09-11T22:00:00Z,2026-09-12T00:00:00+0200,60.5,MW,DK2,DK_2,forecast_onshore_wind_generation,Wind Onshore,2026-09-15T16:22:12Z
2026-09-15T16:20:58Z,2026-09-15T18:20:58+0200,6da2bba9-0875-45d5-88b1-1f83d09e3a0a,2026-09-11T22:15:00Z,2026-09-12T00:15:00+0200,58.333333,MW,DK2,DK_2,forecast_onshore_wind_generation,Wind Onshore,2026-09-15T16:22:12Z
2026-09-15T16:20:58Z,2026-09-15T18:20:58+0200,6da2bba9-0875-45d5-88b1-1f83d09e3a0a,2026-09-11T22:30:00Z,2026-09-12T00:30:00+0200,56.333333,MW,DK2,DK_2,forecast_onshore_wind_generation,Wind Onshore,2026-09-15T16:22:12Z
2026-09-15T16:20:58Z,2026-09-15T18:20:58+0200,6da2bba9-0875-45d5-88b1-1f83d09e3a0a,2026-09-11T22:45:00Z,2026-09-12T00:45:00+0200,54.333333,MW,DK2,DK_2,forecast_onshore_wind_generation,Wind Onshore,2026-09-15T16:22:12Z
2026-09-15T16:20:58Z,2026-09-15T18:20:58+0200,6da2bba9-0875-45d5-88b1-1f83d09e3a0a,2026-09-11T23:00:00Z,2026-09-12T01:00:00+0200,51.5,MW,DK2,DK_2,forecast_onshore_wind_generation,Wind Onshore,2026-09-15T16:22:12Z
2026-09-15T16:20:58Z,2026-09-15T18:20:58+0200,6da2bba9-0875-45d5-88b1-1f83d09e3a0a,2026-09-11T23:15:00Z,2026-09-12T01:15:00+0200,48.5,MW,DK2,DK_2,forecast_onshore_wind_generation,Wind Onshore,2026-09-15T16:22:12Z
2026-09-15T16:20:58Z,2026-09-15T18:20:58+0200,6da2bba9-0875-45d5-88b1-1f83d09e3a0a,2026-09-11T23:30:00Z,2026-09-12T01:30:00+0200,45.5,MW,DK2,DK_2,forecast_onshore_wind_generation,Wind Onshore,2026-09-15T16:22:12Z
2026-09-15T16:20:58Z,2026-09-15T18:20:58+0200,6da2bba9-0875-45d5-88b1-1f83d09e3a0a,2026-09-11T23:45:00Z,2026-09-12T01:45:00+0200,43.5,MW,DK2,DK_2,forecast_onshore_wind_generation,Wind Onshore,2026-09-15T16:22:12Z
2026-09-15T16:20:58Z,2026-09-15T18:20:58+0200,6da2bba9-0875-45d5-88b1-1f83d09e3a0a,2026-09-12T00:00:00Z,2026-09-12T02:00:00+0200,42.5,MW,DK2,DK_2,forecast_onshore_wind_generation,Wind Onshore,2026-09-15T16:22:12Z
2026-09-15T16:20:58Z,2026-09-15T18:20:58+0200,6da2bba9-0875-45d5-88b1-1f83d09e3a0a,2026-09-12T00:15:00Z,2026-09-12T02:15:00+0200,41.0,MW,DK2,DK_2,forecast_onshore_wind_generation,Wind Onshore,2026-09-15T16:22:12Z
2026-09-15T16:20:58Z,2026-09-15T18:20:58+0200,6da2bba9-0875-45d5-88b1-1f83d09e3a0a,2026-09-12T00:30:00Z,2026-09-12T02:30:00+0200,39.833333,MW,DK2,DK_2,forecast_onshore_wind_generation,Wind Onshore,2026-09-15T16:22:12Z
2026-09-15T16:20:58Z,2026-09-15T18:20:58+0200,6da2bba9-0875-45d5-88b1-1f83d09e3a0a,2026-09-12T00:45:00Z,2026-09-12T02:45:00+0200,38.833333,MW,DK2,DK_2,forecast_onshore_wind_generation,Wind Onshore,2026-09-15T16:22:12Z
2026-09-15T16:20:58Z,2026-09-15T18:20:58+0200,6da2bba9-0875-45d5-88b1-1f83d09e3a0a,2026-09-12T01:00:00Z,2026-09-12T03:00:00+0200,37.833333,MW,DK2,DK_2,forecast_onshore_wind_generation,Wind Onshore,2026-09-15T16:22:12Z
2026-09-15T16:20:58Z,2026-09-15T18:20:58+0200,6da2bba9-0875-45d5-88b1-1f83d09e3a0a,2026-09-12T01:15:00Z,2026-09-12T03:15:00+0200,36.833333,MW,DK2,DK_2,forecast_onshore_wind_generation,Wind Onshore,2026-09-15T16:22:12Z
2026-09-15T16:20:58Z,2026-09-15T18:20:58+0200,6da2bba9-0875-45d5-88b1-1f83d09e3a0a,2026-09-12T01:30:00Z,2026-09-12T03:30:00+0200,36.0,MW,DK2,DK_2,forecast_onshore_wind_generation,Wind Onshore,2026-09-15T16:22:12Z
2026-09-15T16:20:58Z,2026-09-15T18:20:58+0200,6da2bba9-0875-45d5-88b1-1f83d09e3a0a,2026-09-12T01:45:00Z,2026-09-12T03:45:00+0200,36.0,MW,DK2,DK_2,forecast_onshore_wind_generation,Wind Onshore,2026-09-15T16:22:12Z
2026-09-15T16:20:58Z,2026-09-15T18:20:58+0200,6da2bba9-0875-45d5-88b1-1f83d09e3a0a,2026-09-12T02:00:00Z,2026-09-12T04:00:00+0200,35.166666,MW,DK2,DK_2,forecast_onshore_wind_generation,Wind Onshore,2026-09-15T16:22:12Z
2026-09-15T16:20:58Z,2026-09-15T18:20:58+0200,6da2bba9-0875-45d5-88b1-1f83d09e3a0a,2026-09-12T02:15:00Z,2026-09-12T04:15:00+0200,35.0,MW,DK2,DK_2,forecast_onshore_wind_generation,Wind Onshore,2026-09-15T16:22:12Z
2026-09-15T16:20:58Z,2026-09-15T18:20:58+0200,6da2bba9-0875-45d5-88b1-1f83d09e3a0a,2026-09-12T02:30:00Z,2026-09-12T04:30:00+0200,35.0,MW,DK2,DK_2,forecast_onshore_wind_generation,Wind Onshore,2026-09-15T16:22:12Z
2026-09-15T16:20:58Z,2026-09-15T18:20:58+0200,6da2bba9-0875-45d5-88b1-1f83d09e3a0a,2026-09-12T02:45:00Z,2026-09-12T04:45:00+0200,34.0,MW,DK2,DK_2,forecast_onshore_wind_generation,Wind Onshore,2026-09-15T16:22:12Z
2026-09-15T16:20:58Z,2026-09-15T18:20:58+0200,6da2bba9-0875-45d5-88b1-1f83d09e3a0a,2026-09-12T03:00:00Z,2026-09-12T05:00:00+0200,32.833333,MW,DK2,DK_2,forecast_onshore_wind_generation,Wind Onshore,2026-09-15T16:22:12Z
2026-09-15T16:20:58Z,2026-09-15T18:20:58+0200,6da2bba9-0875-45d5-88b1-1f83d09e3a0a,2026-09-12T03:15:00Z,2026-09-12T05:15:00+0200,31.833333,MW,DK2,DK_2,forecast_onshore_wind_generation,Wind Onshore,2026-09-15T16:22:12Z
2026-09-15T16:20:58Z,2026-09-15T18:20:58+0200,6da2bba9-0875-45d5-88b1-1f83d09e3a0a,2026-09-12T03:30:00Z,2026-09-12T05:30:00+0200,31.0,MW,DK2,DK_2,forecast_onshore_wind_generation,Wind Onshore,2026-09-15T16:22:12Z
2026-09-15T16:20:58Z,2026-09-15T18:20:58+0200,6da2bba9-0875-45d5-88b1-1f83d09e3a0a,2026-09-12T03:45:00Z,2026-09-12T05:45:00+0200,31.0,MW,DK2,DK_2,forecast_onshore_wind_generation,Wind Onshore,2026-09-15T16:22:12Z
2026-09-15T16:20:58Z,2026-09-15T18:20:58+0200,6da2bba9-0875-45d5-88b1-1f83d09e3a0a,2026-09-12T04:00:00Z,2026-09-12T06:00:00+0200,31.166666,MW,DK2,DK_2,forecast_onshore_wind_generation,Wind Onshore,2026-09-15T16:22:12Z
2026-09-15T16:20:58Z,2026-09-15T18:20:58+0200,6da2bba9-0875-45d5-88b1-1f83d09e3a0a,2026-09-12T04:15:00Z,2026-09-12T06:15:00+0200,32.0,MW,DK2,DK_2,forecast_onshore_wind_generation,Wind Onshore,2026-09-15T16:22:12Z
2026-09-15T16:20:58Z,2026-09-15T18:20:58+0200,6da2bba9-0875-45d5-88b1-1f83d09e3a0a,2026-09-12T04:30:00Z,2026-09-12T06:30:00+0200,31.833333,MW,DK2,DK_2,forecast_onshore_wind_generation,Wind Onshore,2026-09-15T16:22:12Z
2026-09-15T16:20:58Z,2026-09-15T18:20:58+0200,6da2bba9-0875-45d5-88b1-1f83d09e3a0a,2026-09-12T04:45:00Z,2026-09-12T06:45:00+0200,31.333333,MW,DK2,DK_2,forecast_onshore_wind_generation,Wind Onshore,2026-09-15T16:22:12Z
2026-09-15T16:20:58Z,2026-09-15T18:20:58+0200,6da2bba9-0875-45d5-88b1-1f83d09e3a0a,2026-09-12T05:00:00Z,2026-09-12T07:00:00+0200,30.5,MW,DK2,DK_2,forecast_onshore_wind_generation,Wind Onshore,2026-09-15T16:22:12Z
2026-09-15T16:20:58Z,2026-09-15T18:20:58+0200,6da2bba9-0875-45d5-88b1-1f83d09e3a0a,2026-09-12T05:15:00Z,2026-09-12T07:15:00+0200,28.666666,MW,DK2,DK_2,forecast_onshore_wind_generation,Wind Onshore,2026-09-15T16:22:12Z
2026-09-15T16:20:58Z,2026-09-15T18:20:58+0200,6da2bba9-0875-45d5-88b1-1f83d09e3a0a,2026-09-12T05:30:00Z,2026-09-12T07:30:00+0200,27.5,MW,DK2,DK_2,forecast_onshore_wind_generation,Wind Onshore,2026-09-15T16:22:12Z
2026-09-15T16:20:58Z,2026-09-15T18:20:58+0200,6da2bba9-0875-45d5-88b1-1f83d09e3a0a,2026-09-12T05:45:00Z,2026-09-12T07:45:00+0200,26.166666,MW,DK2,DK_2,forecast_onshore_wind_generation,Wind Onshore,2026-09-15T16:22:12Z
2026-09-15T16:20:58Z,2026-09-15T18:20:58+0200,6da2bba9-0875-45d5-88b1-1f83d09e3a0a,2026-09-12T06:00:00Z,2026-09-12T08:00:00+0200,26.0,MW,DK2,DK_2,forecast_onshore_wind_generation,Wind Onshore,2026-09-15T16:22:12Z
2026-09-15T16:20:58Z,2026-09-15T18:20:58+0200,6da2bba9-0875-45d5-88b1-1f83d09e3a0a,2026-09-12T06:15:00Z,2026-09-12T08:15:00+0200,26.0,MW,DK2,DK_2,forecast_onshore_wind_generation,Wind Onshore,2026-09-15T16:22:12Z
2026-09-15T16:20:58Z,2026-09-15T18:20:58+0200,6da2bba9-0875-45d5-88b1-1f83d09e3a0a,2026-09-12T06:30:00Z,2026-09-12T08:30:00+0200,26.833333,MW,DK2,DK_2,forecast_onshore_wind_generation,Wind Onshore,2026-09-15T16:22:12Z
2026-09-15T16:20:58Z,2026-09-15T18:20:58+0200,6da2bba9-0875-45d5-88b1-1f83d09e3a0a,2026-09-12T06:45:00Z,2026-09-12T08:45:00+0200,27.5,MW,DK2,DK_2,forecast_onshore_wind_generation,Wind Onshore,2026-09-15T16:22:12Z
2026-09-15T16:20:58Z,2026-09-15T18:20:58+0200,6da2bba9-0875-45d5-88b1-1f83d09e3a0a,2026-09-12T07:00:00Z,2026-09-12T09:00:00+0200,29.0,MW,DK2,DK_2,forecast_onshore_wind_generation,Wind Onshore,2026-09-15T16:22:12Z
2026-09-15T16:20:58Z,2026-09-15T18:20:58+0200,6da2bba9-0875-45d5-88b1-1f83d09e3a0a,2026-09-12T07:15:00Z,2026-09-12T09:15:00+0200,30.166666,MW,DK2,DK_2,forecast_onshore_wind_generation,Wind Onshore,2026-09-15T16:22:12Z
2026-09-15T16:20:58Z,2026-09-15T18:20:58+0200,6da2bba9-0875-45d5-88b1-1f83d09e3a0a,2026-09-12T07:30:00Z,2026-09-12T09:30:00+0200,31.5,MW,DK2,DK_2,forecast_onshore_wind_generation,Wind Onshore,2026-09-15T16:22:12Z
2026-09-15T16:20:58Z,2026-09-15T18:20:58+0200,6da2bba9-0875-45d5-88b1-1f83d09e3a0a,2026-09-12T07:45:00Z,2026-09-12T09:45:00+0200,33.5,MW,DK2,DK_2,forecast_onshore_wind_generation,Wind Onshore,2026-09-15T16:22:12Z
2026-09-15T16:20:58Z,2026-09-15T18:20:58+0200,6da2bba9-0875-45d5-88b1-1f83d09e3a0a,2026-09-12T08:00:00Z,2026-09-12T10:00:00+0200,36.5,MW,DK2,DK_2,forecast_onshore_wind_generation,Wind Onshore,2026-09-15T16:22:12Z
2026-09-15T16:20:58Z,2026-09-15T18:20:58+0200,6da2bba9-0875-45d5-88b1-1f83d09e3a0a,2026-09-12T08:15:00Z,2026-09-12T10:15:00+0200,38.666666,MW,DK2,DK_2,forecast_onshore_wind_generation,Wind Onshore,2026-09-15T16:22:12Z
2026-09-15T16:20:58Z,2026-09-15T18:20:58+0200,6da2bba9-0875-45d5-88b1-1f83d09e3a0a,2026-09-12T08:30:00Z,2026-09-12T10:30:00+0200,40.666666,MW,DK2,DK_2,forecast_onshore_wind_generation,Wind Onshore,2026-09-15T16:22:12Z
2026-09-15T16:20:58Z,2026-09-15T18:20:58+0200,6da2bba9-0875-45d5-88b1-1f83d09e3a0a,2026-09-12T08:45:00Z,2026-09-12T10:45:00+0200,44.333333,MW,DK2,DK_2,forecast_onshore_wind_generation,Wind Onshore,2026-09-15T16:22:12Z
2026-09-15T16:20:58Z,2026-09-15T18:20:58+0200,6da2bba9-0875-45d5-88b1-1f83d09e3a0a,2026-09-12T09:00:00Z,2026-09-12T11:00:00+0200,48.333333,MW,DK2,DK_2,forecast_onshore_wind_generation,Wind Onshore,2026-09-15T16:22:12Z
2026-09-15T16:20:58Z,2026-09-15T18:20:58+0200,6da2bba9-0875-45d5-88b1-1f83d09e3a0a,2026-09-12T09:15:00Z,2026-09-12T11:15:00+0200,51.5,MW,DK2,DK_2,forecast_onshore_wind_generation,Wind Onshore,2026-09-15T16:22:12Z
2026-09-15T16:20:58Z,2026-09-15T18:20:58+0200,6da2bba9-0875-45d5-88b1-1f83d09e3a0a,2026-09-12T09:30:00Z,2026-09-12T11:30:00+0200,54.333333,MW,DK2,DK_2,forecast_onshore_wind_generation,Wind Onshore,2026-09-15T16:22:12Z
2026-09-15T16:20:58Z,2026-09-15T18:20:58+0200,6da2bba9-0875-45d5-88b1-1f83d09e3a0a,2026-09-12T09:45:00Z,2026-09-12T11:45:00+0200,55.0,MW,DK2,DK_2,forecast_onshore_wind_generation,Wind Onshore,2026-09-15T16:22:12Z
2026-09-15T16:20:58Z,2026-09-15T18:20:58+0200,6da2bba9-0875-45d5-88b1-1f83d09e3a0a,2026-09-12T10:00:00Z,2026-09-12T12:00:00+0200,55.166666,MW,DK2,DK_2,forecast_onshore_wind_generation,Wind Onshore,2026-09-15T16:22:12Z
2026-09-15T16:20:58Z,2026-09-15T18:20:58+0200,6da2bba9-0875-45d5-88b1-1f83d09e3a0a,2026-09-12T10:15:00Z,2026-09-12T12:15:00+0200,56.666666,MW,DK2,DK_2,forecast_onshore_wind_generation,Wind Onshore,2026-09-15T16:22:12Z
2026-09-15T16:20:58Z,2026-09-15T18:20:58+0200,6da2bba9-0875-45d5-88b1-1f83d09e3a0a,2026-09-12T10:30:00Z,2026-09-12T12:30:00+0200,59.5,MW,DK2,DK_2,forecast_onshore_wind_generation,Wind Onshore,2026-09-15T16:22:12Z
2026-09-15T16:20:58Z,2026-09-15T18:20:58+0200,6da2bba9-0875-45d5-88b1-1f83d09e3a0a,2026-09-12T10:45:00Z,2026-09-12T12:45:00+0200,63.333333,MW,DK2,DK_2,forecast_onshore_wind_generation,Wind Onshore,2026-09-15T16:22:12Z
2026-09-15T16:20:58Z,2026-09-15T18:20:58+0200,6da2bba9-0875-45d5-88b1-1f83d09e3a0a,2026-09-12T11:00:00Z,2026-09-12T13:00:00+0200,66.333333,MW,DK2,DK_2,forecast_onshore_wind_generation,Wind Onshore,2026-09-15T16:22:12Z
2026-09-15T16:20:58Z,2026-09-15T18:20:58+0200,6da2bba9-0875-45d5-88b1-1f83d09e3a0a,2026-09-12T11:15:00Z,2026-09-12T13:15:00+0200,68.0,MW,DK2,DK_2,forecast_onshore_wind_generation,Wind Onshore,2026-09-15T16:22:12Z
2026-09-15T16:20:58Z,2026-09-15T18:20:58+0200,6da2bba9-0875-45d5-88b1-1f83d09e3a0a,2026-09-12T11:30:00Z,2026-09-12T13:30:00+0200,70.5,MW,DK2,DK_2,forecast_onshore_wind_generation,Wind Onshore,2026-09-15T16:22:12Z
2026-09-15T16:20:58Z,2026-09-15T18:20:58+0200,6da2bba9-0875-45d5-88b1-1f83d09e3a0a,2026-09-12T11:45:00Z,2026-09-12T13:45:00+0200,73.5,MW,DK2,DK_2,forecast_onshore_wind_generation,Wind Onshore,2026-09-15T16:22:12Z
2026-09-15T16:20:58Z,2026-09-15T18:20:58+0200,6da2bba9-0875-45d5-88b1-1f83d09e3a0a,2026-09-12T12:00:00Z,2026-09-12T14:00:00+0200,77.0,MW,DK2,DK_2,forecast_onshore_wind_generation,Wind Onshore,2026-09-15T16:22:12Z
2026-09-15T16:20:58Z,2026-09-15T18:20:58+0200,6da2bba9-0875-45d5-88b1-1f83d09e3a0a,2026-09-12T12:15:00Z,2026-09-12T14:15:00+0200,82.0,MW,DK2,DK_2,forecast_onshore_wind_generation,Wind Onshore,2026-09-15T16:22:12Z
2026-09-15T16:20:58Z,2026-09-15T18:20:58+0200,6da2bba9-0875-45d5-88b1-1f83d09e3a0a,2026-09-12T12:30:00Z,2026-09-12T14:30:00+0200,88.0,MW,DK2,DK_2,forecast_onshore_wind_generation,Wind Onshore,2026-09-15T16:22:12Z
2026-09-15T16:20:58Z,2026-09-15T18:20:58+0200,6da2bba9-0875-45d5-88b1-1f83d09e3a0a,2026-09-12T12:45:00Z,2026-09-12T14:45:00+0200,93.5,MW,DK2,DK_2,forecast_onshore_wind_generation,Wind Onshore,2026-09-15T16:22:12Z
2026-09-15T16:20:58Z,2026-09-15T18:20:58+0200,6da2bba9-0875-45d5-88b1-1f83d09e3a0a,2026-09-12T13:00:00Z,2026-09-12T15:00:00+0200,98.833333,MW,DK2,DK_2,forecast_onshore_wind_generation,Wind Onshore,2026-09-15T16:22:12Z
2026-09-15T16:20:58Z,2026-09-15T18:20:58+0200,6da2bba9-0875-45d5-88b1-1f83d09e3a0a,2026-09-12T13:15:00Z,2026-09-12T15:15:00+0200,102.666666,MW,DK2,DK_2,forecast_onshore_wind_generation,Wind Onshore,2026-09-15T16:22:12Z
2026-09-15T16:20:58Z,2026-09-15T18:20:58+0200,6da2bba9-0875-45d5-88b1-1f83d09e3a0a,2026-09-12T13:30:00Z,2026-09-12T15:30:00+0200,106.5,MW,DK2,DK_2,forecast_onshore_wind_generation,Wind Onshore,2026-09-15T16:22:12Z
2026-09-15T16:20:58Z,2026-09-15T18:20:58+0200,6da2bba9-0875-45d5-88b1-1f83d09e3a0a,2026-09-12T13:45:00Z,2026-09-12T15:45:00+0200,109.5,MW,DK2,DK_2,forecast_onshore_wind_generation,Wind Onshore,2026-09-15T16:22:12Z
2026-09-15T16:20:58Z,2026-09-15T18:20:58+0200,6da2bba9-0875-45d5-88b1-1f83d09e3a0a,2026-09-12T14:00:00Z,2026-09-12T16:00:00+0200,112.666666,MW,DK2,DK_2,forecast_onshore_wind_generation,Wind Onshore,2026-09-15T16:22:12Z
2026-09-15T16:20:58Z,2026-09-15T18:20:58+0200,6da2bba9-0875-45d5-88b1-1f83d09e3a0a,2026-09-12T14:15:00Z,2026-09-12T16:15:00+0200,118.166666,MW,DK2,DK_2,forecast_onshore_wind_generation,Wind Onshore,2026-09-15T16:22:12Z
2026-09-15T16:20:58Z,2026-09-15T18:20:58+0200,6da2bba9-0875-45d5-88b1-1f83d09e3a0a,2026-09-12T14:30:00Z,2026-09-12T16:30:00+0200,125.0,MW,DK2,DK_2,forecast_onshore_wind_generation,Wind Onshore,2026-09-15T16:22:12Z
2026-09-15T16:20:58Z,2026-09-15T18:20:58+0200,6da2bba9-0875-45d5-88b1-1f83d09e3a0a,2026-09-12T14:45:00Z,2026-09-12T16:45:00+0200,129.333333,MW,DK2,DK_2,forecast_onshore_wind_generation,Wind Onshore,2026-09-15T16:22:12Z
2026-09-15T16:20:58Z,2026-09-15T18:20:58+0200,6da2bba9-0875-45d5-88b1-1f83d09e3a0a,2026-09-12T15:00:00Z,2026-09-12T17:00:00+0200,130.833333,MW,DK2,DK_2,forecast_onshore_wind_generation,Wind Onshore,2026-09-15T16:22:12Z
2026-09-15T16:20:58Z,2026-09-15T18:20:58+0200,6da2bba9-0875-45d5-88b1-1f83d09e3a0a,2026-09-12T15:15:00Z,2026-09-12T17:15:00+0200,129.5,MW,DK2,DK_2,forecast_onshore_wind_generation,Wind Onshore,2026-09-15T16:22:12Z
2026-09-15T16:20:58Z,2026-09-15T18:20:58+0200,6da2bba9-0875-45d5-88b1-1f83d09e3a0a,2026-09-12T15:30:00Z,2026-09-12T17:30:00+0200,127.833333,MW,DK2,DK_2,forecast_onshore_wind_generation,Wind Onshore,2026-09-15T16:22:12Z
2026-09-15T16:20:58Z,2026-09-15T18:20:58+0200,6da2bba9-0875-45d5-88b1-1f83d09e3a0a,2026-09-12T15:45:00Z,2026-09-12T17:45:00+0200,126.5,MW,DK2,DK_2,forecast_onshore_wind_generation,Wind Onshore,2026-09-15T16:22:12Z
2026-09-15T16:20:58Z,2026-09-15T18:20:58+0200,6da2bba9-0875-45d5-88b1-1f83d09e3a0a,2026-09-12T16:00:00Z,2026-09-12T18:00:00+0200,124.666666,MW,DK2,DK_2,forecast_onshore_wind_generation,Wind Onshore,2026-09-15T16:22:12Z
2026-09-15T16:20:58Z,2026-09-15T18:20:58+0200,6da2bba9-0875-45d5-88b1-1f83d09e3a0a,2026-09-12T16:15:00Z,2026-09-12T18:15:00+0200,121.666666,MW,DK2,DK_2,forecast_onshore_wind_generation,Wind Onshore,2026-09-15T16:22:12Z
2026-09-15T16:20:58Z,2026-09-15T18:20:58+0200,6da2bba9-0875-45d5-88b1-1f83d09e3a0a,2026-09-12T16:30:00Z,2026-09-12T18:30:00+0200,118.5,MW,DK2,DK_2,forecast_onshore_wind_generation,Wind Onshore,2026-09-15T16:22:12Z
2026-09-15T16:20:58Z,2026-09-15T18:20:58+0200,6da2bba9-0875-45d5-88b1-1f83d09e3a0a,2026-09-12T16:45:00Z,2026-09-12T18:45:00+0200,116.5,MW,DK2,DK_2,forecast_onshore_wind_generation,Wind Onshore,2026-09-15T16:22:12Z
2026-09-15T16:20:58Z,2026-09-15T18:20:58+0200,6da2bba9-0875-45d5-88b1-1f83d09e3a0a,2026-09-12T17:00:00Z,2026-09-12T19:00:00+0200,115.5,MW,DK2,DK_2,forecast_onshore_wind_generation,Wind Onshore,2026-09-15T16:22:12Z
2026-09-15T16:20:58Z,2026-09-15T18:20:58+0200,6da2bba9-0875-45d5-88b1-1f83d09e3a0a,2026-09-12T17:15:00Z,2026-09-12T19:15:00+0200,114.333333,MW,DK2,DK_2,forecast_onshore_wind_generation,Wind Onshore,2026-09-15T16:22:12Z
2026-09-15T16:20:58Z,2026-09-15T18:20:58+0200,6da2bba9-0875-45d5-88b1-1f83d09e3a0a,2026-09-12T17:30:00Z,2026-09-12T19:30:00+0200,113.5,MW,DK2,DK_2,forecast_onshore_wind_generation,Wind Onshore,2026-09-15T16:22:12Z
2026-09-15T16:20:58Z,2026-09-15T18:20:58+0200,6da2bba9-0875-45d5-88b1-1f83d09e3a0a,2026-09-12T17:45:00Z,2026-09-12T19:45:00+0200,116.166666,MW,DK2,DK_2,forecast_onshore_wind_generation,Wind Onshore,2026-09-15T16:22:12Z
2026-09-15T16:20:58Z,2026-09-15T18:20:58+0200,6da2bba9-0875-45d5-88b1-1f83d09e3a0a,2026-09-12T18:00:00Z,2026-09-12T20:00:00+0200,121.5,MW,DK2,DK_2,forecast_onshore_wind_generation,Wind Onshore,2026-09-15T16:22:12Z
2026-09-15T16:20:58Z,2026-09-15T18:20:58+0200,6da2bba9-0875-45d5-88b1-1f83d09e3a0a,2026-09-12T18:15:00Z,2026-09-12T20:15:00+0200,124.666666,MW,DK2,DK_2,forecast_onshore_wind_generation,Wind Onshore,2026-09-15T16:22:12Z
2026-09-15T16:20:58Z,2026-09-15T18:20:58+0200,6da2bba9-0875-45d5-88b1-1f83d09e3a0a,2026-09-12T18:30:00Z,2026-09-12T20:30:00+0200,122.333333,MW,DK2,DK_2,forecast_onshore_wind_generation,Wind Onshore,2026-09-15T16:22:12Z
2026-09-15T16:20:58Z,2026-09-15T18:20:58+0200,6da2bba9-0875-45d5-88b1-1f83d09e3a0a,2026-09-12T18:45:00Z,2026-09-12T20:45:00+0200,123.666666,MW,DK2,DK_2,forecast_onshore_wind_generation,Wind Onshore,2026-09-15T16:22:12Z
2026-09-15T16:20:58Z,2026-09-15T18:20:58+0200,6da2bba9-0875-45d5-88b1-1f83d09e3a0a,2026-09-12T19:00:00Z,2026-09-12T21:00:00+0200,128.0,MW,DK2,DK_2,forecast_onshore_wind_generation,Wind Onshore,2026-09-15T16:22:12Z
2026-09-15T16:20:58Z,2026-09-15T18:20:58+0200,6da2bba9-0875-45d5-88b1-1f83d09e3a0a,2026-09-12T19:15:00Z,2026-09-12T21:15:00+0200,133.0,MW,DK2,DK_2,forecast_onshore_wind_generation,Wind Onshore,2026-09-15T16:22:12Z
2026-09-15T16:20:58Z,2026-09-15T18:20:58+0200,6da2bba9-0875-45d5-88b1-1f83d09e3a0a,2026-09-12T19:30:00Z,2026-09-12T21:30:00+0200,142.0,MW,DK2,DK_2,forecast_onshore_wind_generation,Wind Onshore,2026-09-15T16:22:12Z
2026-09-15T16:20:58Z,2026-09-15T18:20:58+0200,6da2bba9-0875-45d5-88b1-1f83d09e3a0a,2026-09-12T19:45:00Z,2026-09-12T21:45:00+0200,154.166666,MW,DK2,DK_2,forecast_onshore_wind_generation,Wind Onshore,2026-09-15T16:22:12Z
2026-09-15T16:20:58Z,2026-09-15T18:20:58+0200,6da2bba9-0875-45d5-88b1-1f83d09e3a0a,2026-09-12T20:00:00Z,2026-09-12T22:00:00+0200,167.5,MW,DK2,DK_2,forecast_onshore_wind_generation,Wind Onshore,2026-09-15T16:22:12Z
2026-09-15T16:20:58Z,2026-09-15T18:20:58+0200,6da2bba9-0875-45d5-88b1-1f83d09e3a0a,2026-09-12T20:15:00Z,2026-09-12T22:15:00+0200,178.5,MW,DK2,DK_2,forecast_onshore_wind_generation,Wind Onshore,2026-09-15T16:22:12Z
2026-09-15T16:20:58Z,2026-09-15T18:20:58+0200,6da2bba9-0875-45d5-88b1-1f83d09e3a0a,2026-09-12T20:30:00Z,2026-09-12T22:30:00+0200,186.833333,MW,DK2,DK_2,forecast_onshore_wind_generation,Wind Onshore,2026-09-15T16:22:12Z
2026-09-15T16:20:58Z,2026-09-15T18:20:58+0200,6da2bba9-0875-45d5-88b1-1f83d09e3a0a,2026-09-12T20:45:00Z,2026-09-12T22:45:00+0200,192.666666,MW,DK2,DK_2,forecast_onshore_wind_generation,Wind Onshore,2026-09-15T16:22:12Z
2026-09-15T16:20:58Z,2026-09-15T18:20:58+0200,6da2bba9-0875-45d5-88b1-1f83d09e3a0a,2026-09-12T21:00:00Z,2026-09-12T23:00:00+0200,196.666666,MW,DK2,DK_2,forecast_onshore_wind_generation,Wind Onshore,2026-09-15T16:22:12Z
2026-09-15T16:20:58Z,2026-09-15T18:20:58+0200,6da2bba9-0875-45d5-88b1-1f83d09e3a0a,2026-09-12T21:15:00Z,2026-09-12T23:15:00+0200,202.5,MW,DK2,DK_2,forecast_onshore_wind_generation,Wind Onshore,2026-09-15T16:22:12Z
2026-09-15T16:20:58Z,2026-09-15T18:20:58+0200,6da2bba9-0875-45d5-88b1-1f83d09e3a0a,2026-09-12T21:30:00Z,2026-09-12T23:30:00+0200,209.333333,MW,DK2,DK_2,forecast_onshore_wind_generation,Wind Onshore,2026-09-15T16:22:12Z
2026-09-15T16:20:58Z,2026-09-15T18:20:58+0200,6da2bba9-0875-45d5-88b1-1f83d09e3a0a,2026-09-12T21:45:00Z,2026-09-12T23:45:00+0200,216.0,MW,DK2,DK_2,forecast_onshore_wind_generation,Wind Onshore,2026-09-15T16:22:12Z
2026-09-15T16:20:58Z,2026-09-15T18:20:58+0200,6da2bba9-0875-45d5-88b1-1f83d09e3a0a,2026-09-12T22:00:00Z,2026-09-13T00:00:00+0200,212.333333,MW,DK2,DK_2,forecast_onshore_wind_generation,Wind Onshore,2026-09-15T16:22:12Z
2026-09-15T16:20:58Z,2026-09-15T18:20:58+0200,6da2bba9-0875-45d5-88b1-1f83d09e3a0a,2026-09-12T22:15:00Z,2026-09-13T00:15:00+0200,219.666666,MW,DK2,DK_2,forecast_onshore_wind_generation,Wind Onshore,2026-09-15T16:22:12Z
2026-09-15T16:20:58Z,2026-09-15T18:20:58+0200,6da2bba9-0875-45d5-88b1-1f83d09e3a0a,2026-09-12T22:30:00Z,2026-09-13T00:30:00+0200,227.666666,MW,DK2,DK_2,forecast_onshore_wind_generation,Wind Onshore,2026-09-15T16:22:12Z
2026-09-15T16:20:58Z,2026-09-15T18:20:58+0200,6da2bba9-0875-45d5-88b1-1f83d09e3a0a,2026-09-12T22:45:00Z,2026-09-13T00:45:00+0200,234.333333,MW,DK2,DK_2,forecast_onshore_wind_generation,Wind Onshore,2026-09-15T16:22:12Z
2026-09-15T16:20:58Z,2026-09-15T18:20:58+0200,6da2bba9-0875-45d5-88b1-1f83d09e3a0a,2026-09-12T23:00:00Z,2026-09-13T01:00:00+0200,238.0,MW,DK2,DK_2,forecast_onshore_wind_generation,Wind Onshore,2026-09-15T16:22:12Z
2026-09-15T16:20:58Z,2026-09-15T18:20:58+0200,6da2bba9-0875-45d5-88b1-1f83d09e3a0a,2026-09-12T23:15:00Z,2026-09-13T01:15:00+0200,242.333333,MW,DK2,DK_2,forecast_onshore_wind_generation,Wind Onshore,2026-09-15T16:22:12Z
2026-09-15T16:20:58Z,2026-09-15T18:20:58+0200,6da2bba9-0875-45d5-88b1-1f83d09e3a0a,2026-09-12T23:30:00Z,2026-09-13T01:30:00+0200,244.833333,MW,DK2,DK_2,forecast_onshore_wind_generation,Wind Onshore,2026-09-15T16:22:12Z
2026-09-15T16:20:58Z,2026-09-15T18:20:58+0200,6da2bba9-0875-45d5-88b1-1f83d09e3a0a,2026-09-12T23:45:00Z,2026-09-13T01:45:00+0200,245.666666,MW,DK2,DK_2,forecast_onshore_wind_generation,Wind Onshore,2026-09-15T16:22:12Z
2026-09-15T16:20:58Z,2026-09-15T18:20:58+0200,6da2bba9-0875-45d5-88b1-1f83d09e3a0a,2026-09-13T00:00:00Z,2026-09-13T02:00:00+0200,243.333333,MW,DK2,DK_2,forecast_onshore_wind_generation,Wind Onshore,2026-09-15T16:22:12Z
2026-09-15T16:20:58Z,2026-09-15T18:20:58+0200,6da2bba9-0875-45d5-88b1-1f83d09e3a0a,2026-09-13T00:15:00Z,2026-09-13T02:15:00+0200,236.333333,MW,DK2,DK_2,forecast_onshore_wind_generation,Wind Onshore,2026-09-15T16:22:12Z
2026-09-15T16:20:58Z,2026-09-15T18:20:58+0200,6da2bba9-0875-45d5-88b1-1f83d09e3a0a,2026-09-13T00:30:00Z,2026-09-13T02:30:00+0200,227.333333,MW,DK2,DK_2,forecast_onshore_wind_generation,Wind Onshore,2026-09-15T16:22:12Z
2026-09-15T16:20:58Z,2026-09-15T18:20:58+0200,6da2bba9-0875-45d5-88b1-1f83d09e3a0a,2026-09-13T00:45:00Z,2026-09-13T02:45:00+0200,220.166666,MW,DK2,DK_2,forecast_onshore_wind_generation,Wind Onshore,2026-09-15T16:22:12Z
2026-09-15T16:20:58Z,2026-09-15T18:20:58+0200,6da2bba9-0875-45d5-88b1-1f83d09e3a0a,2026-09-13T01:00:00Z,2026-09-13T03:00:00+0200,215.0,MW,DK2,DK_2,forecast_onshore_wind_generation,Wind Onshore,2026-09-15T16:22:12Z
2026-09-15T16:20:58Z,2026-09-15T18:20:58+0200,6da2bba9-0875-45d5-88b1-1f83d09e3a0a,2026-09-13T01:15:00Z,2026-09-13T03:15:00+0200,209.0,MW,DK2,DK_2,forecast_onshore_wind_generation,Wind Onshore,2026-09-15T16:22:12Z
2026-09-15T16:20:58Z,2026-09-15T18:20:58+0200,6da2bba9-0875-45d5-88b1-1f83d09e3a0a,2026-09-13T01:30:00Z,2026-09-13T03:30:00+0200,203.0,MW,DK2,DK_2,forecast_onshore_wind_generation,Wind Onshore,2026-09-15T16:22:12Z
2026-09-15T16:20:58Z,2026-09-15T18:20:58+0200,6da2bba9-0875-45d5-88b1-1f83d09e3a0a,2026-09-13T01:45:00Z,2026-09-13T03:45:00+0200,198.333333,MW,DK2,DK_2,forecast_onshore_wind_generation,Wind Onshore,2026-09-15T16:22:12Z
2026-09-15T16:20:58Z,2026-09-15T18:20:58+0200,6da2bba9-0875-45d5-88b1-1f83d09e3a0a,2026-09-13T02:00:00Z,2026-09-13T04:00:00+0200,193.0,MW,DK2,DK_2,forecast_onshore_wind_generation,Wind Onshore,2026-09-15T16:22:12Z
2026-09-15T16:20:58Z,2026-09-15T18:20:58+0200,6da2bba9-0875-45d5-88b1-1f83d09e3a0a,2026-09-13T02:15:00Z,2026-09-13T04:15:00+0200,185.666666,MW,DK2,DK_2,forecast_onshore_wind_generation,Wind Onshore,2026-09-15T16:22:12Z
2026-09-15T16:20:58Z,2026-09-15T18:20:58+0200,6da2bba9-0875-45d5-88b1-1f83d09e3a0a,2026-09-13T02:30:00Z,2026-09-13T04:30:00+0200,178.166666,MW,DK2,DK_2,forecast_onshore_wind_generation,Wind Onshore,2026-09-15T16:22:12Z
2026-09-15T16:20:58Z,2026-09-15T18:20:58+0200,6da2bba9-0875-45d5-88b1-1f83d09e3a0a,2026-09-13T02:45:00Z,2026-09-13T04:45:00+0200,172.0,MW,DK2,DK_2,forecast_onshore_wind_generation,Wind Onshore,2026-09-15T16:22:12Z
2026-09-15T16:20:58Z,2026-09-15T18:20:58+0200,6da2bba9-0875-45d5-88b1-1f83d09e3a0a,2026-09-13T03:00:00Z,2026-09-13T05:00:00+0200,165.0,MW,DK2,DK_2,forecast_onshore_wind_generation,Wind Onshore,2026-09-15T16:22:12Z
2026-09-15T16:20:58Z,2026-09-15T18:20:58+0200,6da2bba9-0875-45d5-88b1-1f83d09e3a0a,2026-09-13T03:15:00Z,2026-09-13T05:15:00+0200,158.166666,MW,DK2,DK_2,forecast_onshore_wind_generation,Wind Onshore,2026-09-15T16:22:12Z
2026-09-15T16:20:58Z,2026-09-15T18:20:58+0200,6da2bba9-0875-45d5-88b1-1f83d09e3a0a,2026-09-13T03:30:00Z,2026-09-13T05:30:00+0200,153.5,MW,DK2,DK_2,forecast_onshore_wind_generation,Wind Onshore,2026-09-15T16:22:12Z
2026-09-15T16:20:58Z,2026-09-15T18:20:58+0200,6da2bba9-0875-45d5-88b1-1f83d09e3a0a,2026-09-13T03:45:00Z,2026-09-13T05:45:00+0200,149.0,MW,DK2,DK_2,forecast_onshore_wind_generation,Wind Onshore,2026-09-15T16:22:12Z
2026-09-15T16:20:58Z,2026-09-15T18:20:58+0200,6da2bba9-0875-45d5-88b1-1f83d09e3a0a,2026-09-13T04:00:00Z,2026-09-13T06:00:00+0200,145.5,MW,DK2,DK_2,forecast_onshore_wind_generation,Wind Onshore,2026-09-15T16:22:12Z
2026-09-15T16:20:58Z,2026-09-15T18:20:58+0200,6da2bba9-0875-45d5-88b1-1f83d09e3a0a,2026-09-13T04:15:00Z,2026-09-13T06:15:00+0200,141.0,MW,DK2,DK_2,forecast_onshore_wind_generation,Wind Onshore,2026-09-15T16:22:12Z
2026-09-15T16:20:58Z,2026-09-15T18:20:58+0200,6da2bba9-0875-45d5-88b1-1f83d09e3a0a,2026-09-13T04:30:00Z,2026-09-13T06:30:00+0200,134.5,MW,DK2,DK_2,forecast_onshore_wind_generation,Wind Onshore,2026-09-15T16:22:12Z
2026-09-15T16:20:58Z,2026-09-15T18:20:58+0200,6da2bba9-0875-45d5-88b1-1f83d09e3a0a,2026-09-13T04:45:00Z,2026-09-13T06:45:00+0200,128.333333,MW,DK2,DK_2,forecast_onshore_wind_generation,Wind Onshore,2026-09-15T16:22:12Z
2026-09-15T16:20:58Z,2026-09-15T18:20:58+0200,6da2bba9-0875-45d5-88b1-1f83d09e3a0a,2026-09-13T05:00:00Z,2026-09-13T07:00:00+0200,122.0,MW,DK2,DK_2,forecast_onshore_wind_generation,Wind Onshore,2026-09-15T16:22:12Z
2026-09-15T16:20:58Z,2026-09-15T18:20:58+0200,6da2bba9-0875-45d5-88b1-1f83d09e3a0a,2026-09-13T05:15:00Z,2026-09-13T07:15:00+0200,116.0,MW,DK2,DK_2,forecast_onshore_wind_generation,Wind Onshore,2026-09-15T16:22:12Z
2026-09-15T16:20:58Z,2026-09-15T18:20:58+0200,6da2bba9-0875-45d5-88b1-1f83d09e3a0a,2026-09-13T05:30:00Z,2026-09-13T07:30:00+0200,110.0,MW,DK2,DK_2,forecast_onshore_wind_generation,Wind Onshore,2026-09-15T16:22:12Z
2026-09-15T16:20:58Z,2026-09-15T18:20:58+0200,6da2bba9-0875-45d5-88b1-1f83d09e3a0a,2026-09-13T05:45:00Z,2026-09-13T07:45:00+0200,104.0,MW,DK2,DK_2,forecast_onshore_wind_generation,Wind Onshore,2026-09-15T16:22:12Z
2026-09-15T16:20:58Z,2026-09-15T18:20:58+0200,6da2bba9-0875-45d5-88b1-1f83d09e3a0a,2026-09-13T06:00:00Z,2026-09-13T08:00:00+0200,98.833333,MW,DK2,DK_2,forecast_onshore_wind_generation,Wind Onshore,2026-09-15T16:22:12Z
2026-09-15T16:20:58Z,2026-09-15T18:20:58+0200,6da2bba9-0875-45d5-88b1-1f83d09e3a0a,2026-09-13T06:15:00Z,2026-09-13T08:15:00+0200,94.0,MW,DK2,DK_2,forecast_onshore_wind_generation,Wind Onshore,2026-09-15T16:22:12Z
2026-09-15T16:20:58Z,2026-09-15T18:20:58+0200,6da2bba9-0875-45d5-88b1-1f83d09e3a0a,2026-09-13T06:30:00Z,2026-09-13T08:30:00+0200,89.666666,MW,DK2,DK_2,forecast_onshore_wind_generation,Wind Onshore,2026-09-15T16:22:12Z
2026-09-15T16:20:58Z,2026-09-15T18:20:58+0200,6da2bba9-0875-45d5-88b1-1f83d09e3a0a,2026-09-13T06:45:00Z,2026-09-13T08:45:00+0200,87.166666,MW,DK2,DK_2,forecast_onshore_wind_generation,Wind Onshore,2026-09-15T16:22:12Z
2026-09-15T16:20:58Z,2026-09-15T18:20:58+0200,6da2bba9-0875-45d5-88b1-1f83d09e3a0a,2026-09-13T07:00:00Z,2026-09-13T09:00:00+0200,87.0,MW,DK2,DK_2,forecast_onshore_wind_generation,Wind Onshore,2026-09-15T16:22:12Z
2026-09-15T16:20:58Z,2026-09-15T18:20:58+0200,6da2bba9-0875-45d5-88b1-1f83d09e3a0a,2026-09-13T07:15:00Z,2026-09-13T09:15:00+0200,86.5,MW,DK2,DK_2,forecast_onshore_wind_generation,Wind Onshore,2026-09-15T16:22:12Z
2026-09-15T16:20:58Z,2026-09-15T18:20:58+0200,6da2bba9-0875-45d5-88b1-1f83d09e3a0a,2026-09-13T07:30:00Z,2026-09-13T09:30:00+0200,85.5,MW,DK2,DK_2,forecast_onshore_wind_generation,Wind Onshore,2026-09-15T16:22:12Z
2026-09-15T16:20:58Z,2026-09-15T18:20:58+0200,6da2bba9-0875-45d5-88b1-1f83d09e3a0a,2026-09-13T07:45:00Z,2026-09-13T09:45:00+0200,84.666666,MW,DK2,DK_2,forecast_onshore_wind_generation,Wind Onshore,2026-09-15T16:22:12Z
2026-09-15T16:20:58Z,2026-09-15T18:20:58+0200,6da2bba9-0875-45d5-88b1-1f83d09e3a0a,2026-09-13T08:00:00Z,2026-09-13T10:00:00+0200,84.166666,MW,DK2,DK_2,forecast_onshore_wind_generation,Wind Onshore,2026-09-15T16:22:12Z
2026-09-15T16:20:58Z,2026-09-15T18:20:58+0200,6da2bba9-0875-45d5-88b1-1f83d09e3a0a,2026-09-13T08:15:00Z,2026-09-13T10:15:00+0200,82.0,MW,DK2,DK_2,forecast_onshore_wind_generation,Wind Onshore,2026-09-15T16:22:12Z
2026-09-15T16:20:58Z,2026-09-15T18:20:58+0200,6da2bba9-0875-45d5-88b1-1f83d09e3a0a,2026-09-13T08:30:00Z,2026-09-13T10:30:00+0200,78.666666,MW,DK2,DK_2,forecast_onshore_wind_generation,Wind Onshore,2026-09-15T16:22:12Z
2026-09-15T16:20:58Z,2026-09-15T18:20:58+0200,6da2bba9-0875-45d5-88b1-1f83d09e3a0a,2026-09-13T08:45:00Z,2026-09-13T10:45:00+0200,76.5,MW,DK2,DK_2,forecast_onshore_wind_generation,Wind Onshore,2026-09-15T16:22:12Z
2026-09-15T16:20:58Z,2026-09-15T18:20:58+0200,6da2bba9-0875-45d5-88b1-1f83d09e3a0a,2026-09-13T09:00:00Z,2026-09-13T11:00:00+0200,74.0,MW,DK2,DK_2,forecast_onshore_wind_generation,Wind Onshore,2026-09-15T16:22:12Z
2026-09-15T16:20:58Z,2026-09-15T18:20:58+0200,6da2bba9-0875-45d5-88b1-1f83d09e3a0a,2026-09-13T09:15:00Z,2026-09-13T11:15:00+0200,72.0,MW,DK2,DK_2,forecast_onshore_wind_generation,Wind Onshore,2026-09-15T16:22:12Z
2026-09-15T16:20:58Z,2026-09-15T18:20:58+0200,6da2bba9-0875-45d5-88b1-1f83d09e3a0a,2026-09-13T09:30:00Z,2026-09-13T11:30:00+0200,70.5,MW,DK2,DK_2,forecast_onshore_wind_generation,Wind Onshore,2026-09-15T16:22:12Z
2026-09-15T16:20:58Z,2026-09-15T18:20:58+0200,6da2bba9-0875-45d5-88b1-1f83d09e3a0a,2026-09-13T09:45:00Z,2026-09-13T11:45:00+0200,70.833333,MW,DK2,DK_2,forecast_onshore_wind_generation,Wind Onshore,2026-09-15T16:22:12Z
2026-09-15T16:20:58Z,2026-09-15T18:20:58+0200,6da2bba9-0875-45d5-88b1-1f83d09e3a0a,2026-09-13T10:00:00Z,2026-09-13T12:00:00+0200,71.0,MW,DK2,DK_2,forecast_onshore_wind_generation,Wind Onshore,2026-09-15T16:22:12Z
2026-09-15T16:20:58Z,2026-09-15T18:20:58+0200,6da2bba9-0875-45d5-88b1-1f83d09e3a0a,2026-09-13T10:15:00Z,2026-09-13T12:15:00+0200,71.0,MW,DK2,DK_2,forecast_onshore_wind_generation,Wind Onshore,2026-09-15T16:22:12Z
2026-09-15T16:20:58Z,2026-09-15T18:20:58+0200,6da2bba9-0875-45d5-88b1-1f83d09e3a0a,2026-09-13T10:30:00Z,2026-09-13T12:30:00+0200,70.0,MW,DK2,DK_2,forecast_onshore_wind_generation,Wind Onshore,2026-09-15T16:22:12Z
2026-09-15T16:20:58Z,2026-09-15T18:20:58+0200,6da2bba9-0875-45d5-88b1-1f83d09e3a0a,2026-09-13T10:45:00Z,2026-09-13T12:45:00+0200,68.333333,MW,DK2,DK_2,forecast_onshore_wind_generation,Wind Onshore,2026-09-15T16:22:12Z
2026-09-15T16:20:58Z,2026-09-15T18:20:58+0200,6da2bba9-0875-45d5-88b1-1f83d09e3a0a,2026-09-13T11:00:00Z,2026-09-13T13:00:00+0200,66.333333,MW,DK2,DK_2,forecast_onshore_wind_generation,Wind Onshore,2026-09-15T16:22:12Z
2026-09-15T16:20:58Z,2026-09-15T18:20:58+0200,6da2bba9-0875-45d5-88b1-1f83d09e3a0a,2026-09-13T11:15:00Z,2026-09-13T13:15:00+0200,63.5,MW,DK2,DK_2,forecast_onshore_wind_generation,Wind Onshore,2026-09-15T16:22:12Z
2026-09-15T16:20:58Z,2026-09-15T18:20:58+0200,6da2bba9-0875-45d5-88b1-1f83d09e3a0a,2026-09-13T11:30:00Z,2026-09-13T13:30:00+0200,61.5,MW,DK2,DK_2,forecast_onshore_wind_generation,Wind Onshore,2026-09-15T16:22:12Z
2026-09-15T16:20:58Z,2026-09-15T18:20:58+0200,6da2bba9-0875-45d5-88b1-1f83d09e3a0a,2026-09-13T11:45:00Z,2026-09-13T13:45:00+0200,59.666666,MW,DK2,DK_2,forecast_onshore_wind_generation,Wind Onshore,2026-09-15T16:22:12Z
2026-09-15T16:20:58Z,2026-09-15T18:20:58+0200,6da2bba9-0875-45d5-88b1-1f83d09e3a0a,2026-09-13T12:00:00Z,2026-09-13T14:00:00+0200,58.166666,MW,DK2,DK_2,forecast_onshore_wind_generation,Wind Onshore,2026-09-15T16:22:12Z
2026-09-15T16:20:58Z,2026-09-15T18:20:58+0200,6da2bba9-0875-45d5-88b1-1f83d09e3a0a,2026-09-13T12:15:00Z,2026-09-13T14:15:00+0200,58.0,MW,DK2,DK_2,forecast_onshore_wind_generation,Wind Onshore,2026-09-15T16:22:12Z
2026-09-15T16:20:58Z,2026-09-15T18:20:58+0200,6da2bba9-0875-45d5-88b1-1f83d09e3a0a,2026-09-13T12:30:00Z,2026-09-13T14:30:00+0200,58.833333,MW,DK2,DK_2,forecast_onshore_wind_generation,Wind Onshore,2026-09-15T16:22:12Z
2026-09-15T16:20:58Z,2026-09-15T18:20:58+0200,6da2bba9-0875-45d5-88b1-1f83d09e3a0a,2026-09-13T12:45:00Z,2026-09-13T14:45:00+0200,59.5,MW,DK2,DK_2,forecast_onshore_wind_generation,Wind Onshore,2026-09-15T16:22:12Z
2026-09-15T16:20:58Z,2026-09-15T18:20:58+0200,6da2bba9-0875-45d5-88b1-1f83d09e3a0a,2026-09-13T13:00:00Z,2026-09-13T15:00:00+0200,61.5,MW,DK2,DK_2,forecast_onshore_wind_generation,Wind Onshore,2026-09-15T16:22:12Z
2026-09-15T16:20:58Z,2026-09-15T18:20:58+0200,6da2bba9-0875-45d5-88b1-1f83d09e3a0a,2026-09-13T13:15:00Z,2026-09-13T15:15:00+0200,63.666666,MW,DK2,DK_2,forecast_onshore_wind_generation,Wind Onshore,2026-09-15T16:22:12Z
2026-09-15T16:20:58Z,2026-09-15T18:20:58+0200,6da2bba9-0875-45d5-88b1-1f83d09e3a0a,2026-09-13T13:30:00Z,2026-09-13T15:30:00+0200,66.333333,MW,DK2,DK_2,forecast_onshore_wind_generation,Wind Onshore,2026-09-15T16:22:12Z
2026-09-15T16:20:58Z,2026-09-15T18:20:58+0200,6da2bba9-0875-45d5-88b1-1f83d09e3a0a,2026-09-13T13:45:00Z,2026-09-13T15:45:00+0200,68.5,MW,DK2,DK_2,forecast_onshore_wind_generation,Wind Onshore,2026-09-15T16:22:12Z
2026-09-15T16:20:58Z,2026-09-15T18:20:58+0200,6da2bba9-0875-45d5-88b1-1f83d09e3a0a,2026-09-13T14:00:00Z,2026-09-13T16:00:00+0200,71.666666,MW,DK2,DK_2,forecast_onshore_wind_generation,Wind Onshore,2026-09-15T16:22:12Z
2026-09-15T16:20:58Z,2026-09-15T18:20:58+0200,6da2bba9-0875-45d5-88b1-1f83d09e3a0a,2026-09-13T14:15:00Z,2026-09-13T16:15:00+0200,75.5,MW,DK2,DK_2,forecast_onshore_wind_generation,Wind Onshore,2026-09-15T16:22:12Z
2026-09-15T16:20:58Z,2026-09-15T18:20:58+0200,6da2bba9-0875-45d5-88b1-1f83d09e3a0a,2026-09-13T14:30:00Z,2026-09-13T16:30:00+0200,78.5,MW,DK2,DK_2,forecast_onshore_wind_generation,Wind Onshore,2026-09-15T16:22:12Z
2026-09-15T16:20:58Z,2026-09-15T18:20:58+0200,6da2bba9-0875-45d5-88b1-1f83d09e3a0a,2026-09-13T14:45:00Z,2026-09-13T16:45:00+0200,81.5,MW,DK2,DK_2,forecast_onshore_wind_generation,Wind Onshore,2026-09-15T16:22:12Z
2026-09-15T16:20:58Z,2026-09-15T18:20:58+0200,6da2bba9-0875-45d5-88b1-1f83d09e3a0a,2026-09-13T15:00:00Z,2026-09-13T17:00:00+0200,84.333333,MW,DK2,DK_2,forecast_onshore_wind_generation,Wind Onshore,2026-09-15T16:22:12Z
2026-09-15T16:20:58Z,2026-09-15T18:20:58+0200,6da2bba9-0875-45d5-88b1-1f83d09e3a0a,2026-09-13T15:15:00Z,2026-09-13T17:15:00+0200,85.833333,MW,DK2,DK_2,forecast_onshore_wind_generation,Wind Onshore,2026-09-15T16:22:12Z
2026-09-15T16:20:58Z,2026-09-15T18:20:58+0200,6da2bba9-0875-45d5-88b1-1f83d09e3a0a,2026-09-13T15:30:00Z,2026-09-13T17:30:00+0200,87.0,MW,DK2,DK_2,forecast_onshore_wind_generation,Wind Onshore,2026-09-15T16:22:12Z
2026-09-15T16:20:58Z,2026-09-15T18:20:58+0200,6da2bba9-0875-45d5-88b1-1f83d09e3a0a,2026-09-13T15:45:00Z,2026-09-13T17:45:00+0200,87.0,MW,DK2,DK_2,forecast_onshore_wind_generation,Wind Onshore,2026-09-15T16:22:12Z
2026-09-15T16:20:58Z,2026-09-15T18:20:58+0200,6da2bba9-0875-45d5-88b1-1f83d09e3a0a,2026-09-13T16:00:00Z,2026-09-13T18:00:00+0200,85.333333,MW,DK2,DK_2,forecast_onshore_wind_generation,Wind Onshore,2026-09-15T16:22:12Z
2026-09-15T16:20:58Z,2026-09-15T18:20:58+0200,6da2bba9-0875-45d5-88b1-1f83d09e3a0a,2026-09-13T16:15:00Z,2026-09-13T18:15:00+0200,83.5,MW,DK2,DK_2,forecast_onshore_wind_generation,Wind Onshore,2026-09-15T16:22:12Z
2026-09-15T16:20:58Z,2026-09-15T18:20:58+0200,6da2bba9-0875-45d5-88b1-1f83d09e3a0a,2026-09-13T16:30:00Z,2026-09-13T18:30:00+0200,83.0,MW,DK2,DK_2,forecast_onshore_wind_generation,Wind Onshore,2026-09-15T16:22:12Z
2026-09-15T16:20:58Z,2026-09-15T18:20:58+0200,6da2bba9-0875-45d5-88b1-1f83d09e3a0a,2026-09-13T16:45:00Z,2026-09-13T18:45:00+0200,82.166666,MW,DK2,DK_2,forecast_onshore_wind_generation,Wind Onshore,2026-09-15T16:22:12Z
2026-09-15T16:20:58Z,2026-09-15T18:20:58+0200,6da2bba9-0875-45d5-88b1-1f83d09e3a0a,2026-09-13T17:00:00Z,2026-09-13T19:00:00+0200,83.166666,MW,DK2,DK_2,forecast_onshore_wind_generation,Wind Onshore,2026-09-15T16:22:12Z
2026-09-15T16:20:58Z,2026-09-15T18:20:58+0200,6da2bba9-0875-45d5-88b1-1f83d09e3a0a,2026-09-13T17:15:00Z,2026-09-13T19:15:00+0200,87.166666,MW,DK2,DK_2,forecast_onshore_wind_generation,Wind Onshore,2026-09-15T16:22:12Z
2026-09-15T16:20:58Z,2026-09-15T18:20:58+0200,6da2bba9-0875-45d5-88b1-1f83d09e3a0a,2026-09-13T17:30:00Z,2026-09-13T19:30:00+0200,92.833333,MW,DK2,DK_2,forecast_onshore_wind_generation,Wind Onshore,2026-09-15T16:22:12Z
2026-09-15T16:20:58Z,2026-09-15T18:20:58+0200,6da2bba9-0875-45d5-88b1-1f83d09e3a0a,2026-09-13T17:45:00Z,2026-09-13T19:45:00+0200,97.166666,MW,DK2,DK_2,forecast_onshore_wind_generation,Wind Onshore,2026-09-15T16:22:12Z
2026-09-15T16:20:58Z,2026-09-15T18:20:58+0200,6da2bba9-0875-45d5-88b1-1f83d09e3a0a,2026-09-13T18:00:00Z,2026-09-13T20:00:00+0200,99.5,MW,DK2,DK_2,forecast_onshore_wind_generation,Wind Onshore,2026-09-15T16:22:12Z
2026-09-15T16:20:58Z,2026-09-15T18:20:58+0200,6da2bba9-0875-45d5-88b1-1f83d09e3a0a,2026-09-13T18:15:00Z,2026-09-13T20:15:00+0200,102.333333,MW,DK2,DK_2,forecast_onshore_wind_generation,Wind Onshore,2026-09-15T16:22:12Z
2026-09-15T16:20:58Z,2026-09-15T18:20:58+0200,6da2bba9-0875-45d5-88b1-1f83d09e3a0a,2026-09-13T18:30:00Z,2026-09-13T20:30:00+0200,103.166666,MW,DK2,DK_2,forecast_onshore_wind_generation,Wind Onshore,2026-09-15T16:22:12Z
2026-09-15T16:20:58Z,2026-09-15T18:20:58+0200,6da2bba9-0875-45d5-88b1-1f83d09e3a0a,2026-09-13T18:45:00Z,2026-09-13T20:45:00+0200,104.0,MW,DK2,DK_2,forecast_onshore_wind_generation,Wind Onshore,2026-09-15T16:22:12Z
2026-09-15T16:20:58Z,2026-09-15T18:20:58+0200,6da2bba9-0875-45d5-88b1-1f83d09e3a0a,2026-09-13T19:00:00Z,2026-09-13T21:00:00+0200,103.0,MW,DK2,DK_2,forecast_onshore_wind_generation,Wind Onshore,2026-09-15T16:22:12Z
2026-09-15T16:20:58Z,2026-09-15T18:20:58+0200,6da2bba9-0875-45d5-88b1-1f83d09e3a0a,2026-09-13T19:15:00Z,2026-09-13T21:15:00+0200,99.5,MW,DK2,DK_2,forecast_onshore_wind_generation,Wind Onshore,2026-09-15T16:22:12Z
2026-09-15T16:20:58Z,2026-09-15T18:20:58+0200,6da2bba9-0875-45d5-88b1-1f83d09e3a0a,2026-09-13T19:30:00Z,2026-09-13T21:30:00+0200,95.5,MW,DK2,DK_2,forecast_onshore_wind_generation,Wind Onshore,2026-09-15T16:22:12Z
2026-09-15T16:20:58Z,2026-09-15T18:20:58+0200,6da2bba9-0875-45d5-88b1-1f83d09e3a0a,2026-09-13T19:45:00Z,2026-09-13T21:45:00+0200,93.333333,MW,DK2,DK_2,forecast_onshore_wind_generation,Wind Onshore,2026-09-15T16:22:12Z
2026-09-15T16:20:58Z,2026-09-15T18:20:58+0200,6da2bba9-0875-45d5-88b1-1f83d09e3a0a,2026-09-13T20:00:00Z,2026-09-13T22:00:00+0200,94.166666,MW,DK2,DK_2,forecast_onshore_wind_generation,Wind Onshore,2026-09-15T16:22:12Z
2026-09-15T16:20:58Z,2026-09-15T18:20:58+0200,6da2bba9-0875-45d5-88b1-1f83d09e3a0a,2026-09-13T20:15:00Z,2026-09-13T22:15:00+0200,95.5,MW,DK2,DK_2,forecast_onshore_wind_generation,Wind Onshore,2026-09-15T16:22:12Z
2026-09-15T16:20:58Z,2026-09-15T18:20:58+0200,6da2bba9-0875-45d5-88b1-1f83d09e3a0a,2026-09-13T20:30:00Z,2026-09-13T22:30:00+0200,97.0,MW,DK2,DK_2,forecast_onshore_wind_generation,Wind Onshore,2026-09-15T16:22:12Z
2026-09-15T16:20:58Z,2026-09-15T18:20:58+0200,6da2bba9-0875-45d5-88b1-1f83d09e3a0a,2026-09-13T20:45:00Z,2026-09-13T22:45:00+0200,98.0,MW,DK2,DK_2,forecast_onshore_wind_generation,Wind Onshore,2026-09-15T16:22:12Z
2026-09-15T16:20:58Z,2026-09-15T18:20:58+0200,6da2bba9-0875-45d5-88b1-1f83d09e3a0a,2026-09-13T21:00:00Z,2026-09-13T23:00:00+0200,97.166666,MW,DK2,DK_2,forecast_onshore_wind_generation,Wind Onshore,2026-09-15T16:22:12Z
2026-09-15T16:20:58Z,2026-09-15T18:20:58+0200,6da2bba9-0875-45d5-88b1-1f83d09e3a0a,2026-09-13T21:15:00Z,2026-09-13T23:15:00+0200,96.833333,MW,DK2,DK_2,forecast_onshore_wind_generation,Wind Onshore,2026-09-15T16:22:12Z
2026-09-15T16:20:58Z,2026-09-15T18:20:58+0200,6da2bba9-0875-45d5-88b1-1f83d09e3a0a,2026-09-13T21:30:00Z,2026-09-13T23:30:00+0200,96.0,MW,DK2,DK_2,forecast_onshore_wind_generation,Wind Onshore,2026-09-15T16:22:12Z
2026-09-15T16:20:58Z,2026-09-15T18:20:58+0200,6da2bba9-0875-45d5-88b1-1f83d09e3a0a,2026-09-13T21:45:00Z,2026-09-13T23:45:00+0200,96.0,MW,DK2,DK_2,forecast_onshore_wind_generation,Wind Onshore,2026-09-15T16:22:12Z
2026-09-15T16:20:58Z,2026-09-15T18:20:58+0200,6da2bba9-0875-45d5-88b1-1f83d09e3a0a,2026-09-13T22:00:00Z,2026-09-14T00:00:00+0200,96.166666,MW,DK2,DK_2,forecast_onshore_wind_generation,Wind Onshore,2026-09-15T16:22:12Z
2026-09-15T16:20:58Z,2026-09-15T18:20:58+0200,6da2bba9-0875-45d5-88b1-1f83d09e3a0a,2026-09-13T22:15:00Z,2026-09-14T00:15:00+0200,98.333333,MW,DK2,DK_2,forecast_onshore_wind_generation,Wind Onshore,2026-09-15T16:22:12Z
2026-09-15T16:20:58Z,2026-09-15T18:20:58+0200,6da2bba9-0875-45d5-88b1-1f83d09e3a0a,2026-09-13T22:30:00Z,2026-09-14T00:30:00+0200,100.333333,MW,DK2,DK_2,forecast_onshore_wind_generation,Wind Onshore,2026-09-15T16:22:12Z
2026-09-15T16:20:58Z,2026-09-15T18:20:58+0200,6da2bba9-0875-45d5-88b1-1f83d09e3a0a,2026-09-13T22:45:00Z,2026-09-14T00:45:00+0200,101.833333,MW,DK2,DK_2,forecast_onshore_wind_generation,Wind Onshore,2026-09-15T16:22:12Z
2026-09-15T16:20:58Z,2026-09-15T18:20:58+0200,6da2bba9-0875-45d5-88b1-1f83d09e3a0a,2026-09-13T23:00:00Z,2026-09-14T01:00:00+0200,101.833333,MW,DK2,DK_2,forecast_onshore_wind_generation,Wind Onshore,2026-09-15T16:22:12Z
2026-09-15T16:20:58Z,2026-09-15T18:20:58+0200,6da2bba9-0875-45d5-88b1-1f83d09e3a0a,2026-09-13T23:15:00Z,2026-09-14T01:15:00+0200,101.0,MW,DK2,DK_2,forecast_onshore_wind_generation,Wind Onshore,2026-09-15T16:22:12Z
2026-09-15T16:20:58Z,2026-09-15T18:20:58+0200,6da2bba9-0875-45d5-88b1-1f83d09e3a0a,2026-09-13T23:30:00Z,2026-09-14T01:30:00+0200,100.5,MW,DK2,DK_2,forecast_onshore_wind_generation,Wind Onshore,2026-09-15T16:22:12Z
2026-09-15T16:20:58Z,2026-09-15T18:20:58+0200,6da2bba9-0875-45d5-88b1-1f83d09e3a0a,2026-09-13T23:45:00Z,2026-09-14T01:45:00+0200,100.0,MW,DK2,DK_2,forecast_onshore_wind_generation,Wind Onshore,2026-09-15T16:22:12Z
2026-09-15T16:20:58Z,2026-09-15T18:20:58+0200,6da2bba9-0875-45d5-88b1-1f83d09e3a0a,2026-09-14T00:00:00Z,2026-09-14T02:00:00+0200,99.5,MW,DK2,DK_2,forecast_onshore_wind_generation,Wind Onshore,2026-09-15T16:22:12Z
2026-09-15T16:20:58Z,2026-09-15T18:20:58+0200,6da2bba9-0875-45d5-88b1-1f83d09e3a0a,2026-09-14T00:15:00Z,2026-09-14T02:15:00+0200,98.0,MW,DK2,DK_2,forecast_onshore_wind_generation,Wind Onshore,2026-09-15T16:22:12Z
2026-09-15T16:20:58Z,2026-09-15T18:20:58+0200,6da2bba9-0875-45d5-88b1-1f83d09e3a0a,2026-09-14T00:30:00Z,2026-09-14T02:30:00+0200,96.5,MW,DK2,DK_2,forecast_onshore_wind_generation,Wind Onshore,2026-09-15T16:22:12Z
2026-09-15T16:20:58Z,2026-09-15T18:20:58+0200,6da2bba9-0875-45d5-88b1-1f83d09e3a0a,2026-09-14T00:45:00Z,2026-09-14T02:45:00+0200,95.166666,MW,DK2,DK_2,forecast_onshore_wind_generation,Wind Onshore,2026-09-15T16:22:12Z
2026-09-15T16:20:58Z,2026-09-15T18:20:58+0200,6da2bba9-0875-45d5-88b1-1f83d09e3a0a,2026-09-14T01:00:00Z,2026-09-14T03:00:00+0200,95.5,MW,DK2,DK_2,forecast_onshore_wind_generation,Wind Onshore,2026-09-15T16:22:12Z
2026-09-15T16:20:58Z,2026-09-15T18:20:58+0200,6da2bba9-0875-45d5-88b1-1f83d09e3a0a,2026-09-14T01:15:00Z,2026-09-14T03:15:00+0200,96.5,MW,DK2,DK_2,forecast_onshore_wind_generation,Wind Onshore,2026-09-15T16:22:12Z
2026-09-15T16:20:58Z,2026-09-15T18:20:58+0200,6da2bba9-0875-45d5-88b1-1f83d09e3a0a,2026-09-14T01:30:00Z,2026-09-14T03:30:00+0200,97.5,MW,DK2,DK_2,forecast_onshore_wind_generation,Wind Onshore,2026-09-15T16:22:12Z
2026-09-15T16:20:58Z,2026-09-15T18:20:58+0200,6da2bba9-0875-45d5-88b1-1f83d09e3a0a,2026-09-14T01:45:00Z,2026-09-14T03:45:00+0200,98.0,MW,DK2,DK_2,forecast_onshore_wind_generation,Wind Onshore,2026-09-15T16:22:12Z
2026-09-15T16:20:58Z,2026-09-15T18:20:58+0200,6da2bba9-0875-45d5-88b1-1f83d09e3a0a,2026-09-14T02:00:00Z,2026-09-14T04:00:00+0200,98.0,MW,DK2,DK_2,forecast_onshore_wind_generation,Wind Onshore,2026-09-15T16:22:12Z
2026-09-15T16:20:58Z,2026-09-15T18:20:58+0200,6da2bba9-0875-45d5-88b1-1f83d09e3a0a,2026-09-14T02:15:00Z,2026-09-14T04:15:00+0200,97.5,MW,DK2,DK_2,forecast_onshore_wind_generation,Wind Onshore,2026-09-15T16:22:12Z
2026-09-15T16:20:58Z,2026-09-15T18:20:58+0200,6da2bba9-0875-45d5-88b1-1f83d09e3a0a,2026-09-14T02:30:00Z,2026-09-14T04:30:00+0200,97.0,MW,DK2,DK_2,forecast_onshore_wind_generation,Wind Onshore,2026-09-15T16:22:12Z
2026-09-15T16:20:58Z,2026-09-15T18:20:58+0200,6da2bba9-0875-45d5-88b1-1f83d09e3a0a,2026-09-14T02:45:00Z,2026-09-14T04:45:00+0200,96.0,MW,DK2,DK_2,forecast_onshore_wind_generation,Wind Onshore,2026-09-15T16:22:12Z
2026-09-15T16:20:58Z,2026-09-15T18:20:58+0200,6da2bba9-0875-45d5-88b1-1f83d09e3a0a,2026-09-14T03:00:00Z,2026-09-14T05:00:00+0200,94.5,MW,DK2,DK_2,forecast_onshore_wind_generation,Wind Onshore,2026-09-15T16:22:12Z
2026-09-15T16:20:58Z,2026-09-15T18:20:58+0200,6da2bba9-0875-45d5-88b1-1f83d09e3a0a,2026-09-14T03:15:00Z,2026-09-14T05:15:00+0200,93.166666,MW,DK2,DK_2,forecast_onshore_wind_generation,Wind Onshore,2026-09-15T16:22:12Z
2026-09-15T16:20:58Z,2026-09-15T18:20:58+0200,6da2bba9-0875-45d5-88b1-1f83d09e3a0a,2026-09-14T03:30:00Z,2026-09-14T05:30:00+0200,93.166666,MW,DK2,DK_2,forecast_onshore_wind_generation,Wind Onshore,2026-09-15T16:22:12Z
2026-09-15T16:20:58Z,2026-09-15T18:20:58+0200,6da2bba9-0875-45d5-88b1-1f83d09e3a0a,2026-09-14T03:45:00Z,2026-09-14T05:45:00+0200,94.666666,MW,DK2,DK_2,forecast_onshore_wind_generation,Wind Onshore,2026-09-15T16:22:12Z
2026-09-15T16:20:58Z,2026-09-15T18:20:58+0200,6da2bba9-0875-45d5-88b1-1f83d09e3a0a,2026-09-14T04:00:00Z,2026-09-14T06:00:00+0200,97.5,MW,DK2,DK_2,forecast_onshore_wind_generation,Wind Onshore,2026-09-15T16:22:12Z
2026-09-15T16:20:58Z,2026-09-15T18:20:58+0200,6da2bba9-0875-45d5-88b1-1f83d09e3a0a,2026-09-14T04:15:00Z,2026-09-14T06:15:00+0200,100.0,MW,DK2,DK_2,forecast_onshore_wind_generation,Wind Onshore,2026-09-15T16:22:12Z
2026-09-15T16:20:58Z,2026-09-15T18:20:58+0200,6da2bba9-0875-45d5-88b1-1f83d09e3a0a,2026-09-14T04:30:00Z,2026-09-14T06:30:00+0200,101.5,MW,DK2,DK_2,forecast_onshore_wind_generation,Wind Onshore,2026-09-15T16:22:12Z
2026-09-15T16:20:58Z,2026-09-15T18:20:58+0200,6da2bba9-0875-45d5-88b1-1f83d09e3a0a,2026-09-14T04:45:00Z,2026-09-14T06:45:00+0200,102.333333,MW,DK2,DK_2,forecast_onshore_wind_generation,Wind Onshore,2026-09-15T16:22:12Z
2026-09-15T16:20:58Z,2026-09-15T18:20:58+0200,6da2bba9-0875-45d5-88b1-1f83d09e3a0a,2026-09-14T05:00:00Z,2026-09-14T07:00:00+0200,101.5,MW,DK2,DK_2,forecast_onshore_wind_generation,Wind Onshore,2026-09-15T16:22:12Z
2026-09-15T16:20:58Z,2026-09-15T18:20:58+0200,6da2bba9-0875-45d5-88b1-1f83d09e3a0a,2026-09-14T05:15:00Z,2026-09-14T07:15:00+0200,100.0,MW,DK2,DK_2,forecast_onshore_wind_generation,Wind Onshore,2026-09-15T16:22:12Z
2026-09-15T16:20:58Z,2026-09-15T18:20:58+0200,6da2bba9-0875-45d5-88b1-1f83d09e3a0a,2026-09-14T05:30:00Z,2026-09-14T07:30:00+0200,98.5,MW,DK2,DK_2,forecast_onshore_wind_generation,Wind Onshore,2026-09-15T16:22:12Z
2026-09-15T16:20:58Z,2026-09-15T18:20:58+0200,6da2bba9-0875-45d5-88b1-1f83d09e3a0a,2026-09-14T05:45:00Z,2026-09-14T07:45:00+0200,96.666666,MW,DK2,DK_2,forecast_onshore_wind_generation,Wind Onshore,2026-09-15T16:22:12Z
2026-09-15T16:20:58Z,2026-09-15T18:20:58+0200,6da2bba9-0875-45d5-88b1-1f83d09e3a0a,2026-09-14T06:00:00Z,2026-09-14T08:00:00+0200,94.333333,MW,DK2,DK_2,forecast_onshore_wind_generation,Wind Onshore,2026-09-15T16:22:12Z
2026-09-15T16:20:58Z,2026-09-15T18:20:58+0200,6da2bba9-0875-45d5-88b1-1f83d09e3a0a,2026-09-14T06:15:00Z,2026-09-14T08:15:00+0200,90.5,MW,DK2,DK_2,forecast_onshore_wind_generation,Wind Onshore,2026-09-15T16:22:12Z
2026-09-15T16:20:58Z,2026-09-15T18:20:58+0200,6da2bba9-0875-45d5-88b1-1f83d09e3a0a,2026-09-14T06:30:00Z,2026-09-14T08:30:00+0200,89.0,MW,DK2,DK_2,forecast_onshore_wind_generation,Wind Onshore,2026-09-15T16:22:12Z
2026-09-15T16:20:58Z,2026-09-15T18:20:58+0200,6da2bba9-0875-45d5-88b1-1f83d09e3a0a,2026-09-14T06:45:00Z,2026-09-14T08:45:00+0200,90.666666,MW,DK2,DK_2,forecast_onshore_wind_generation,Wind Onshore,2026-09-15T16:22:12Z
2026-09-15T16:20:58Z,2026-09-15T18:20:58+0200,6da2bba9-0875-45d5-88b1-1f83d09e3a0a,2026-09-14T07:00:00Z,2026-09-14T09:00:00+0200,94.333333,MW,DK2,DK_2,forecast_onshore_wind_generation,Wind Onshore,2026-09-15T16:22:12Z
2026-09-15T16:20:58Z,2026-09-15T18:20:58+0200,6da2bba9-0875-45d5-88b1-1f83d09e3a0a,2026-09-14T07:15:00Z,2026-09-14T09:15:00+0200,94.166666,MW,DK2,DK_2,forecast_onshore_wind_generation,Wind Onshore,2026-09-15T16:22:12Z
2026-09-15T16:20:58Z,2026-09-15T18:20:58+0200,6da2bba9-0875-45d5-88b1-1f83d09e3a0a,2026-09-14T07:30:00Z,2026-09-14T09:30:00+0200,93.166666,MW,DK2,DK_2,forecast_onshore_wind_generation,Wind Onshore,2026-09-15T16:22:12Z
2026-09-15T16:20:58Z,2026-09-15T18:20:58+0200,6da2bba9-0875-45d5-88b1-1f83d09e3a0a,2026-09-14T07:45:00Z,2026-09-14T09:45:00+0200,93.0,MW,DK2,DK_2,forecast_onshore_wind_generation,Wind Onshore,2026-09-15T16:22:12Z
2026-09-15T16:20:58Z,2026-09-15T18:20:58+0200,6da2bba9-0875-45d5-88b1-1f83d09e3a0a,2026-09-14T08:00:00Z,2026-09-14T10:00:00+0200,93.833333,MW,DK2,DK_2,forecast_onshore_wind_generation,Wind Onshore,2026-09-15T16:22:12Z
2026-09-15T16:20:58Z,2026-09-15T18:20:58+0200,6da2bba9-0875-45d5-88b1-1f83d09e3a0a,2026-09-14T08:15:00Z,2026-09-14T10:15:00+0200,93.0,MW,DK2,DK_2,forecast_onshore_wind_generation,Wind Onshore,2026-09-15T16:22:12Z
2026-09-15T16:20:58Z,2026-09-15T18:20:58+0200,6da2bba9-0875-45d5-88b1-1f83d09e3a0a,2026-09-14T08:30:00Z,2026-09-14T10:30:00+0200,90.5,MW,DK2,DK_2,forecast_onshore_wind_generation,Wind Onshore,2026-09-15T16:22:12Z
2026-09-15T16:20:58Z,2026-09-15T18:20:58+0200,6da2bba9-0875-45d5-88b1-1f83d09e3a0a,2026-09-14T08:45:00Z,2026-09-14T10:45:00+0200,89.0,MW,DK2,DK_2,forecast_onshore_wind_generation,Wind Onshore,2026-09-15T16:22:12Z
2026-09-15T16:20:58Z,2026-09-15T18:20:58+0200,6da2bba9-0875-45d5-88b1-1f83d09e3a0a,2026-09-14T09:00:00Z,2026-09-14T11:00:00+0200,88.0,MW,DK2,DK_2,forecast_onshore_wind_generation,Wind Onshore,2026-09-15T16:22:12Z
2026-09-15T16:20:58Z,2026-09-15T18:20:58+0200,6da2bba9-0875-45d5-88b1-1f83d09e3a0a,2026-09-14T09:15:00Z,2026-09-14T11:15:00+0200,84.666666,MW,DK2,DK_2,forecast_onshore_wind_generation,Wind Onshore,2026-09-15T16:22:12Z
2026-09-15T16:20:58Z,2026-09-15T18:20:58+0200,6da2bba9-0875-45d5-88b1-1f83d09e3a0a,2026-09-14T09:30:00Z,2026-09-14T11:30:00+0200,82.0,MW,DK2,DK_2,forecast_onshore_wind_generation,Wind Onshore,2026-09-15T16:22:12Z
2026-09-15T16:20:58Z,2026-09-15T18:20:58+0200,6da2bba9-0875-45d5-88b1-1f83d09e3a0a,2026-09-14T09:45:00Z,2026-09-14T11:45:00+0200,80.5,MW,DK2,DK_2,forecast_onshore_wind_generation,Wind Onshore,2026-09-15T16:22:12Z
2026-09-15T16:20:58Z,2026-09-15T18:20:58+0200,6da2bba9-0875-45d5-88b1-1f83d09e3a0a,2026-09-14T10:00:00Z,2026-09-14T12:00:00+0200,80.666666,MW,DK2,DK_2,forecast_onshore_wind_generation,Wind Onshore,2026-09-15T16:22:12Z
2026-09-15T16:20:58Z,2026-09-15T18:20:58+0200,6da2bba9-0875-45d5-88b1-1f83d09e3a0a,2026-09-14T10:15:00Z,2026-09-14T12:15:00+0200,80.5,MW,DK2,DK_2,forecast_onshore_wind_generation,Wind Onshore,2026-09-15T16:22:12Z
2026-09-15T16:20:58Z,2026-09-15T18:20:58+0200,6da2bba9-0875-45d5-88b1-1f83d09e3a0a,2026-09-14T10:30:00Z,2026-09-14T12:30:00+0200,81.0,MW,DK2,DK_2,forecast_onshore_wind_generation,Wind Onshore,2026-09-15T16:22:12Z
2026-09-15T16:20:58Z,2026-09-15T18:20:58+0200,6da2bba9-0875-45d5-88b1-1f83d09e3a0a,2026-09-14T10:45:00Z,2026-09-14T12:45:00+0200,81.833333,MW,DK2,DK_2,forecast_onshore_wind_generation,Wind Onshore,2026-09-15T16:22:12Z
2026-09-15T16:20:58Z,2026-09-15T18:20:58+0200,6da2bba9-0875-45d5-88b1-1f83d09e3a0a,2026-09-14T11:00:00Z,2026-09-14T13:00:00+0200,83.0,MW,DK2,DK_2,forecast_onshore_wind_generation,Wind Onshore,2026-09-15T16:22:12Z
2026-09-15T16:20:58Z,2026-09-15T18:20:58+0200,6da2bba9-0875-45d5-88b1-1f83d09e3a0a,2026-09-14T11:15:00Z,2026-09-14T13:15:00+0200,85.5,MW,DK2,DK_2,forecast_onshore_wind_generation,Wind Onshore,2026-09-15T16:22:12Z
2026-09-15T16:20:58Z,2026-09-15T18:20:58+0200,6da2bba9-0875-45d5-88b1-1f83d09e3a0a,2026-09-14T11:30:00Z,2026-09-14T13:30:00+0200,88.5,MW,DK2,DK_2,forecast_onshore_wind_generation,Wind Onshore,2026-09-15T16:22:12Z
2026-09-15T16:20:58Z,2026-09-15T18:20:58+0200,6da2bba9-0875-45d5-88b1-1f83d09e3a0a,2026-09-14T11:45:00Z,2026-09-14T13:45:00+0200,90.5,MW,DK2,DK_2,forecast_onshore_wind_generation,Wind Onshore,2026-09-15T16:22:12Z
2026-09-15T16:20:58Z,2026-09-15T18:20:58+0200,6da2bba9-0875-45d5-88b1-1f83d09e3a0a,2026-09-14T12:00:00Z,2026-09-14T14:00:00+0200,91.833333,MW,DK2,DK_2,forecast_onshore_wind_generation,Wind Onshore,2026-09-15T16:22:12Z
2026-09-15T16:20:58Z,2026-09-15T18:20:58+0200,6da2bba9-0875-45d5-88b1-1f83d09e3a0a,2026-09-14T12:15:00Z,2026-09-14T14:15:00+0200,92.5,MW,DK2,DK_2,forecast_onshore_wind_generation,Wind Onshore,2026-09-15T16:22:12Z
2026-09-15T16:20:58Z,2026-09-15T18:20:58+0200,6da2bba9-0875-45d5-88b1-1f83d09e3a0a,2026-09-14T12:30:00Z,2026-09-14T14:30:00+0200,92.5,MW,DK2,DK_2,forecast_onshore_wind_generation,Wind Onshore,2026-09-15T16:22:12Z
2026-09-15T16:20:58Z,2026-09-15T18:20:58+0200,6da2bba9-0875-45d5-88b1-1f83d09e3a0a,2026-09-14T12:45:00Z,2026-09-14T14:45:00+0200,90.666666,MW,DK2,DK_2,forecast_onshore_wind_generation,Wind Onshore,2026-09-15T16:22:12Z
2026-09-15T16:20:58Z,2026-09-15T18:20:58+0200,6da2bba9-0875-45d5-88b1-1f83d09e3a0a,2026-09-14T13:00:00Z,2026-09-14T15:00:00+0200,88.5,MW,DK2,DK_2,forecast_onshore_wind_generation,Wind Onshore,2026-09-15T16:22:12Z
2026-09-15T16:20:58Z,2026-09-15T18:20:58+0200,6da2bba9-0875-45d5-88b1-1f83d09e3a0a,2026-09-14T13:15:00Z,2026-09-14T15:15:00+0200,85.0,MW,DK2,DK_2,forecast_onshore_wind_generation,Wind Onshore,2026-09-15T16:22:12Z
2026-09-15T16:20:58Z,2026-09-15T18:20:58+0200,6da2bba9-0875-45d5-88b1-1f83d09e3a0a,2026-09-14T13:30:00Z,2026-09-14T15:30:00+0200,80.666666,MW,DK2,DK_2,forecast_onshore_wind_generation,Wind Onshore,2026-09-15T16:22:12Z
2026-09-15T16:20:58Z,2026-09-15T18:20:58+0200,6da2bba9-0875-45d5-88b1-1f83d09e3a0a,2026-09-14T13:45:00Z,2026-09-14T15:45:00+0200,76.5,MW,DK2,DK_2,forecast_onshore_wind_generation,Wind Onshore,2026-09-15T16:22:12Z
2026-09-15T16:20:58Z,2026-09-15T18:20:58+0200,6da2bba9-0875-45d5-88b1-1f83d09e3a0a,2026-09-14T14:00:00Z,2026-09-14T16:00:00+0200,71.833333,MW,DK2,DK_2,forecast_onshore_wind_generation,Wind Onshore,2026-09-15T16:22:12Z
2026-09-15T16:20:58Z,2026-09-15T18:20:58+0200,6da2bba9-0875-45d5-88b1-1f83d09e3a0a,2026-09-14T14:15:00Z,2026-09-14T16:15:00+0200,67.0,MW,DK2,DK_2,forecast_onshore_wind_generation,Wind Onshore,2026-09-15T16:22:12Z
2026-09-15T16:20:58Z,2026-09-15T18:20:58+0200,6da2bba9-0875-45d5-88b1-1f83d09e3a0a,2026-09-14T14:30:00Z,2026-09-14T16:30:00+0200,63.0,MW,DK2,DK_2,forecast_onshore_wind_generation,Wind Onshore,2026-09-15T16:22:12Z
2026-09-15T16:20:58Z,2026-09-15T18:20:58+0200,6da2bba9-0875-45d5-88b1-1f83d09e3a0a,2026-09-14T14:45:00Z,2026-09-14T16:45:00+0200,58.666666,MW,DK2,DK_2,forecast_onshore_wind_generation,Wind Onshore,2026-09-15T16:22:12Z
2026-09-15T16:20:58Z,2026-09-15T18:20:58+0200,6da2bba9-0875-45d5-88b1-1f83d09e3a0a,2026-09-14T15:00:00Z,2026-09-14T17:00:00+0200,54.666666,MW,DK2,DK_2,forecast_onshore_wind_generation,Wind Onshore,2026-09-15T16:22:12Z
2026-09-15T16:20:58Z,2026-09-15T18:20:58+0200,6da2bba9-0875-45d5-88b1-1f83d09e3a0a,2026-09-14T15:15:00Z,2026-09-14T17:15:00+0200,50.5,MW,DK2,DK_2,forecast_onshore_wind_generation,Wind Onshore,2026-09-15T16:22:12Z
2026-09-15T16:20:58Z,2026-09-15T18:20:58+0200,6da2bba9-0875-45d5-88b1-1f83d09e3a0a,2026-09-14T15:30:00Z,2026-09-14T17:30:00+0200,46.0,MW,DK2,DK_2,forecast_onshore_wind_generation,Wind Onshore,2026-09-15T16:22:12Z
2026-09-15T16:20:58Z,2026-09-15T18:20:58+0200,6da2bba9-0875-45d5-88b1-1f83d09e3a0a,2026-09-14T15:45:00Z,2026-09-14T17:45:00+0200,41.166666,MW,DK2,DK_2,forecast_onshore_wind_generation,Wind Onshore,2026-09-15T16:22:12Z
2026-09-15T16:20:58Z,2026-09-15T18:20:58+0200,6da2bba9-0875-45d5-88b1-1f83d09e3a0a,2026-09-14T16:00:00Z,2026-09-14T18:00:00+0200,36.666666,MW,DK2,DK_2,forecast_onshore_wind_generation,Wind Onshore,2026-09-15T16:22:12Z
2026-09-15T16:20:58Z,2026-09-15T18:20:58+0200,6da2bba9-0875-45d5-88b1-1f83d09e3a0a,2026-09-14T16:15:00Z,2026-09-14T18:15:00+0200,32.5,MW,DK2,DK_2,forecast_onshore_wind_generation,Wind Onshore,2026-09-15T16:22:12Z
2026-09-15T16:20:58Z,2026-09-15T18:20:58+0200,6da2bba9-0875-45d5-88b1-1f83d09e3a0a,2026-09-14T16:30:00Z,2026-09-14T18:30:00+0200,28.5,MW,DK2,DK_2,forecast_onshore_wind_generation,Wind Onshore,2026-09-15T16:22:12Z
2026-09-15T16:20:58Z,2026-09-15T18:20:58+0200,6da2bba9-0875-45d5-88b1-1f83d09e3a0a,2026-09-14T16:45:00Z,2026-09-14T18:45:00+0200,25.666666,MW,DK2,DK_2,forecast_onshore_wind_generation,Wind Onshore,2026-09-15T16:22:12Z
2026-09-15T16:20:58Z,2026-09-15T18:20:58+0200,6da2bba9-0875-45d5-88b1-1f83d09e3a0a,2026-09-14T17:00:00Z,2026-09-14T19:00:00+0200,23.666666,MW,DK2,DK_2,forecast_onshore_wind_generation,Wind Onshore,2026-09-15T16:22:12Z
2026-09-15T16:20:58Z,2026-09-15T18:20:58+0200,6da2bba9-0875-45d5-88b1-1f83d09e3a0a,2026-09-14T17:15:00Z,2026-09-14T19:15:00+0200,22.0,MW,DK2,DK_2,forecast_onshore_wind_generation,Wind Onshore,2026-09-15T16:22:12Z
2026-09-15T16:20:58Z,2026-09-15T18:20:58+0200,6da2bba9-0875-45d5-88b1-1f83d09e3a0a,2026-09-14T17:30:00Z,2026-09-14T19:30:00+0200,20.5,MW,DK2,DK_2,forecast_onshore_wind_generation,Wind Onshore,2026-09-15T16:22:12Z
2026-09-15T16:20:58Z,2026-09-15T18:20:58+0200,6da2bba9-0875-45d5-88b1-1f83d09e3a0a,2026-09-14T17:45:00Z,2026-09-14T19:45:00+0200,20.0,MW,DK2,DK_2,forecast_onshore_wind_generation,Wind Onshore,2026-09-15T16:22:12Z
2026-09-15T16:20:58Z,2026-09-15T18:20:58+0200,6da2bba9-0875-45d5-88b1-1f83d09e3a0a,2026-09-14T18:00:00Z,2026-09-14T20:00:00+0200,20.0,MW,DK2,DK_2,forecast_onshore_wind_generation,Wind Onshore,2026-09-15T16:22:12Z
2026-09-15T16:20:58Z,2026-09-15T18:20:58+0200,6da2bba9-0875-45d5-88b1-1f83d09e3a0a,2026-09-14T18:15:00Z,2026-09-14T20:15:00+0200,19.5,MW,DK2,DK_2,forecast_onshore_wind_generation,Wind Onshore,2026-09-15T16:22:12Z
2026-09-15T16:20:58Z,2026-09-15T18:20:58+0200,6da2bba9-0875-45d5-88b1-1f83d09e3a0a,2026-09-14T18:30:00Z,2026-09-14T20:30:00+0200,19.0,MW,DK2,DK_2,forecast_onshore_wind_generation,Wind Onshore,2026-09-15T16:22:12Z
2026-09-15T16:20:58Z,2026-09-15T18:20:58+0200,6da2bba9-0875-45d5-88b1-1f83d09e3a0a,2026-09-14T18:45:00Z,2026-09-14T20:45:00+0200,18.833333,MW,DK2,DK_2,forecast_onshore_wind_generation,Wind Onshore,2026-09-15T16:22:12Z
2026-09-15T16:20:58Z,2026-09-15T18:20:58+0200,6da2bba9-0875-45d5-88b1-1f83d09e3a0a,2026-09-14T19:00:00Z,2026-09-14T21:00:00+0200,18.0,MW,DK2,DK_2,forecast_onshore_wind_generation,Wind Onshore,2026-09-15T16:22:12Z
2026-09-15T16:20:58Z,2026-09-15T18:20:58+0200,6da2bba9-0875-45d5-88b1-1f83d09e3a0a,2026-09-14T19:15:00Z,2026-09-14T21:15:00+0200,18.0,MW,DK2,DK_2,forecast_onshore_wind_generation,Wind Onshore,2026-09-15T16:22:12Z
2026-09-15T16:20:58Z,2026-09-15T18:20:58+0200,6da2bba9-0875-45d5-88b1-1f83d09e3a0a,2026-09-14T19:30:00Z,2026-09-14T21:30:00+0200,17.166666,MW,DK2,DK_2,forecast_onshore_wind_generation,Wind Onshore,2026-09-15T16:22:12Z
2026-09-15T16:20:58Z,2026-09-15T18:20:58+0200,6da2bba9-0875-45d5-88b1-1f83d09e3a0a,2026-09-14T19:45:00Z,2026-09-14T21:45:00+0200,17.5,MW,DK2,DK_2,forecast_onshore_wind_generation,Wind Onshore,2026-09-15T16:22:12Z
2026-09-15T16:20:58Z,2026-09-15T18:20:58+0200,6da2bba9-0875-45d5-88b1-1f83d09e3a0a,2026-09-14T20:00:00Z,2026-09-14T22:00:00+0200,18.0,MW,DK2,DK_2,forecast_onshore_wind_generation,Wind Onshore,2026-09-15T16:22:12Z
2026-09-15T16:20:58Z,2026-09-15T18:20:58+0200,6da2bba9-0875-45d5-88b1-1f83d09e3a0a,2026-09-14T20:15:00Z,2026-09-14T22:15:00+0200,18.0,MW,DK2,DK_2,forecast_onshore_wind_generation,Wind Onshore,2026-09-15T16:22:12Z
2026-09-15T16:20:58Z,2026-09-15T18:20:58+0200,6da2bba9-0875-45d5-88b1-1f83d09e3a0a,2026-09-14T20:30:00Z,2026-09-14T22:30:00+0200,18.0,MW,DK2,DK_2,forecast_onshore_wind_generation,Wind Onshore,2026-09-15T16:22:12Z
2026-09-15T16:20:58Z,2026-09-15T18:20:58+0200,6da2bba9-0875-45d5-88b1-1f83d09e3a0a,2026-09-14T20:45:00Z,2026-09-14T22:45:00+0200,18.0,MW,DK2,DK_2,forecast_onshore_wind_generation,Wind Onshore,2026-09-15T16:22:12Z
2026-09-15T16:20:58Z,2026-09-15T18:20:58+0200,6da2bba9-0875-45d5-88b1-1f83d09e3a0a,2026-09-14T21:00:00Z,2026-09-14T23:00:00+0200,18.0,MW,DK2,DK_2,forecast_onshore_wind_generation,Wind Onshore,2026-09-15T16:22:12Z
2026-09-15T16:20:58Z,2026-09-15T18:20:58+0200,6da2bba9-0875-45d5-88b1-1f83d09e3a0a,2026-09-14T21:15:00Z,2026-09-14T23:15:00+0200,17.5,MW,DK2,DK_2,forecast_onshore_wind_generation,Wind Onshore,2026-09-15T16:22:12Z
2026-09-15T16:20:58Z,2026-09-15T18:20:58+0200,6da2bba9-0875-45d5-88b1-1f83d09e3a0a,2026-09-14T21:30:00Z,2026-09-14T23:30:00+0200,17.0,MW,DK2,DK_2,forecast_onshore_wind_generation,Wind Onshore,2026-09-15T16:22:12Z
2026-09-15T16:20:58Z,2026-09-15T18:20:58+0200,6da2bba9-0875-45d5-88b1-1f83d09e3a0a,2026-09-14T21:45:00Z,2026-09-14T23:45:00+0200,17.0,MW,DK2,DK_2,forecast_onshore_wind_generation,Wind Onshore,2026-09-15T16:22:12Z
2026-09-15T16:20:58Z,2026-09-15T18:20:58+0200,6da2bba9-0875-45d5-88b1-1f83d09e3a0a,2026-09-14T22:00:00Z,2026-09-15T00:00:00+0200,16.5,MW,DK2,DK_2,forecast_onshore_wind_generation,Wind Onshore,2026-09-15T16:22:12Z
2026-09-15T16:20:58Z,2026-09-15T18:20:58+0200,6da2bba9-0875-45d5-88b1-1f83d09e3a0a,2026-09-14T22:15:00Z,2026-09-15T00:15:00+0200,17.666666,MW,DK2,DK_2,forecast_onshore_wind_generation,Wind Onshore,2026-09-15T16:22:12Z
2026-09-15T16:20:58Z,2026-09-15T18:20:58+0200,6da2bba9-0875-45d5-88b1-1f83d09e3a0a,2026-09-14T22:30:00Z,2026-09-15T00:30:00+0200,19.666666,MW,DK2,DK_2,forecast_onshore_wind_generation,Wind Onshore,2026-09-15T16:22:12Z
2026-09-15T16:20:58Z,2026-09-15T18:20:58+0200,6da2bba9-0875-45d5-88b1-1f83d09e3a0a,2026-09-14T22:45:00Z,2026-09-15T00:45:00+0200,21.5,MW,DK2,DK_2,forecast_onshore_wind_generation,Wind Onshore,2026-09-15T16:22:12Z
2026-09-15T16:20:58Z,2026-09-15T18:20:58+0200,6da2bba9-0875-45d5-88b1-1f83d09e3a0a,2026-09-14T23:00:00Z,2026-09-15T01:00:00+0200,22.666666,MW,DK2,DK_2,forecast_onshore_wind_generation,Wind Onshore,2026-09-15T16:22:12Z
2026-09-15T16:20:58Z,2026-09-15T18:20:58+0200,6da2bba9-0875-45d5-88b1-1f83d09e3a0a,2026-09-14T23:15:00Z,2026-09-15T01:15:00+0200,24.666666,MW,DK2,DK_2,forecast_onshore_wind_generation,Wind Onshore,2026-09-15T16:22:12Z
2026-09-15T16:20:58Z,2026-09-15T18:20:58+0200,6da2bba9-0875-45d5-88b1-1f83d09e3a0a,2026-09-14T23:30:00Z,2026-09-15T01:30:00+0200,26.5,MW,DK2,DK_2,forecast_onshore_wind_generation,Wind Onshore,2026-09-15T16:22:12Z
2026-09-15T16:20:58Z,2026-09-15T18:20:58+0200,6da2bba9-0875-45d5-88b1-1f83d09e3a0a,2026-09-14T23:45:00Z,2026-09-15T01:45:00+0200,28.0,MW,DK2,DK_2,forecast_onshore_wind_generation,Wind Onshore,2026-09-15T16:22:12Z
2026-09-15T16:20:58Z,2026-09-15T18:20:58+0200,6da2bba9-0875-45d5-88b1-1f83d09e3a0a,2026-09-15T00:00:00Z,2026-09-15T02:00:00+0200,29.5,MW,DK2,DK_2,forecast_onshore_wind_generation,Wind Onshore,2026-09-15T16:22:12Z
2026-09-15T16:20:58Z,2026-09-15T18:20:58+0200,6da2bba9-0875-45d5-88b1-1f83d09e3a0a,2026-09-15T00:15:00Z,2026-09-15T02:15:00+0200,31.5,MW,DK2,DK_2,forecast_onshore_wind_generation,Wind Onshore,2026-09-15T16:22:12Z
2026-09-15T16:20:58Z,2026-09-15T18:20:58+0200,6da2bba9-0875-45d5-88b1-1f83d09e3a0a,2026-09-15T00:30:00Z,2026-09-15T02:30:00+0200,34.333333,MW,DK2,DK_2,forecast_onshore_wind_generation,Wind Onshore,2026-09-15T16:22:12Z
2026-09-15T16:20:58Z,2026-09-15T18:20:58+0200,6da2bba9-0875-45d5-88b1-1f83d09e3a0a,2026-09-15T00:45:00Z,2026-09-15T02:45:00+0200,36.5,MW,DK2,DK_2,forecast_onshore_wind_generation,Wind Onshore,2026-09-15T16:22:12Z
2026-09-15T16:20:58Z,2026-09-15T18:20:58+0200,6da2bba9-0875-45d5-88b1-1f83d09e3a0a,2026-09-15T01:00:00Z,2026-09-15T03:00:00+0200,39.333333,MW,DK2,DK_2,forecast_onshore_wind_generation,Wind Onshore,2026-09-15T16:22:12Z
2026-09-15T16:20:58Z,2026-09-15T18:20:58+0200,6da2bba9-0875-45d5-88b1-1f83d09e3a0a,2026-09-15T01:15:00Z,2026-09-15T03:15:00+0200,41.666666,MW,DK2,DK_2,forecast_onshore_wind_generation,Wind Onshore,2026-09-15T16:22:12Z
2026-09-15T16:20:58Z,2026-09-15T18:20:58+0200,6da2bba9-0875-45d5-88b1-1f83d09e3a0a,2026-09-15T01:30:00Z,2026-09-15T03:30:00+0200,45.5,MW,DK2,DK_2,forecast_onshore_wind_generation,Wind Onshore,2026-09-15T16:22:12Z
2026-09-15T16:20:58Z,2026-09-15T18:20:58+0200,6da2bba9-0875-45d5-88b1-1f83d09e3a0a,2026-09-15T01:45:00Z,2026-09-15T03:45:00+0200,48.333333,MW,DK2,DK_2,forecast_onshore_wind_generation,Wind Onshore,2026-09-15T16:22:12Z
2026-09-15T16:20:58Z,2026-09-15T18:20:58+0200,6da2bba9-0875-45d5-88b1-1f83d09e3a0a,2026-09-15T02:00:00Z,2026-09-15T04:00:00+0200,50.5,MW,DK2,DK_2,forecast_onshore_wind_generation,Wind Onshore,2026-09-15T16:22:12Z
2026-09-15T16:20:58Z,2026-09-15T18:20:58+0200,6da2bba9-0875-45d5-88b1-1f83d09e3a0a,2026-09-15T02:15:00Z,2026-09-15T04:15:00+0200,53.5,MW,DK2,DK_2,forecast_onshore_wind_generation,Wind Onshore,2026-09-15T16:22:12Z
2026-09-15T16:20:58Z,2026-09-15T18:20:58+0200,6da2bba9-0875-45d5-88b1-1f83d09e3a0a,2026-09-15T02:30:00Z,2026-09-15T04:30:00+0200,56.333333,MW,DK2,DK_2,forecast_onshore_wind_generation,Wind Onshore,2026-09-15T16:22:12Z
2026-09-15T16:20:58Z,2026-09-15T18:20:58+0200,6da2bba9-0875-45d5-88b1-1f83d09e3a0a,2026-09-15T02:45:00Z,2026-09-15T04:45:00+0200,58.0,MW,DK2,DK_2,forecast_onshore_wind_generation,Wind Onshore,2026-09-15T16:22:12Z
2026-09-15T16:20:58Z,2026-09-15T18:20:58+0200,6da2bba9-0875-45d5-88b1-1f83d09e3a0a,2026-09-15T03:00:00Z,2026-09-15T05:00:00+0200,59.5,MW,DK2,DK_2,forecast_onshore_wind_generation,Wind Onshore,2026-09-15T16:22:12Z
2026-09-15T16:20:58Z,2026-09-15T18:20:58+0200,6da2bba9-0875-45d5-88b1-1f83d09e3a0a,2026-09-15T03:15:00Z,2026-09-15T05:15:00+0200,60.666666,MW,DK2,DK_2,forecast_onshore_wind_generation,Wind Onshore,2026-09-15T16:22:12Z
2026-09-15T16:20:58Z,2026-09-15T18:20:58+0200,6da2bba9-0875-45d5-88b1-1f83d09e3a0a,2026-09-15T03:30:00Z,2026-09-15T05:30:00+0200,63.5,MW,DK2,DK_2,forecast_onshore_wind_generation,Wind Onshore,2026-09-15T16:22:12Z
2026-09-15T16:20:58Z,2026-09-15T18:20:58+0200,6da2bba9-0875-45d5-88b1-1f83d09e3a0a,2026-09-15T03:45:00Z,2026-09-15T05:45:00+0200,66.5,MW,DK2,DK_2,forecast_onshore_wind_generation,Wind Onshore,2026-09-15T16:22:12Z
2026-09-15T16:20:58Z,2026-09-15T18:20:58+0200,6da2bba9-0875-45d5-88b1-1f83d09e3a0a,2026-09-15T04:00:00Z,2026-09-15T06:00:00+0200,70.333333,MW,DK2,DK_2,forecast_onshore_wind_generation,Wind Onshore,2026-09-15T16:22:12Z
2026-09-15T16:20:58Z,2026-09-15T18:20:58+0200,6da2bba9-0875-45d5-88b1-1f83d09e3a0a,2026-09-15T04:15:00Z,2026-09-15T06:15:00+0200,73.5,MW,DK2,DK_2,forecast_onshore_wind_generation,Wind Onshore,2026-09-15T16:22:12Z
2026-09-15T16:20:58Z,2026-09-15T18:20:58+0200,6da2bba9-0875-45d5-88b1-1f83d09e3a0a,2026-09-15T04:30:00Z,2026-09-15T06:30:00+0200,75.5,MW,DK2,DK_2,forecast_onshore_wind_generation,Wind Onshore,2026-09-15T16:22:12Z
2026-09-15T16:20:58Z,2026-09-15T18:20:58+0200,6da2bba9-0875-45d5-88b1-1f83d09e3a0a,2026-09-15T04:45:00Z,2026-09-15T06:45:00+0200,77.166666,MW,DK2,DK_2,forecast_onshore_wind_generation,Wind Onshore,2026-09-15T16:22:12Z
2026-09-15T16:20:58Z,2026-09-15T18:20:58+0200,6da2bba9-0875-45d5-88b1-1f83d09e3a0a,2026-09-15T05:00:00Z,2026-09-15T07:00:00+0200,78.5,MW,DK2,DK_2,forecast_onshore_wind_generation,Wind Onshore,2026-09-15T16:22:12Z
2026-09-15T16:20:58Z,2026-09-15T18:20:58+0200,6da2bba9-0875-45d5-88b1-1f83d09e3a0a,2026-09-15T05:15:00Z,2026-09-15T07:15:00+0200,82.0,MW,DK2,DK_2,forecast_onshore_wind_generation,Wind Onshore,2026-09-15T16:22:12Z
2026-09-15T16:20:58Z,2026-09-15T18:20:58+0200,6da2bba9-0875-45d5-88b1-1f83d09e3a0a,2026-09-15T05:30:00Z,2026-09-15T07:30:00+0200,85.5,MW,DK2,DK_2,forecast_onshore_wind_generation,Wind Onshore,2026-09-15T16:22:12Z
2026-09-15T16:20:58Z,2026-09-15T18:20:58+0200,6da2bba9-0875-45d5-88b1-1f83d09e3a0a,2026-09-15T05:45:00Z,2026-09-15T07:45:00+0200,88.0,MW,DK2,DK_2,forecast_onshore_wind_generation,Wind Onshore,2026-09-15T16:22:12Z
2026-09-15T16:20:58Z,2026-09-15T18:20:58+0200,6da2bba9-0875-45d5-88b1-1f83d09e3a0a,2026-09-15T06:00:00Z,2026-09-15T08:00:00+0200,89.0,MW,DK2,DK_2,forecast_onshore_wind_generation,Wind Onshore,2026-09-15T16:22:12Z
2026-09-15T16:20:58Z,2026-09-15T18:20:58+0200,6da2bba9-0875-45d5-88b1-1f83d09e3a0a,2026-09-15T06:15:00Z,2026-09-15T08:15:00+0200,89.5,MW,DK2,DK_2,forecast_onshore_wind_generation,Wind Onshore,2026-09-15T16:22:12Z
2026-09-15T16:20:58Z,2026-09-15T18:20:58+0200,6da2bba9-0875-45d5-88b1-1f83d09e3a0a,2026-09-15T06:30:00Z,2026-09-15T08:30:00+0200,91.5,MW,DK2,DK_2,forecast_onshore_wind_generation,Wind Onshore,2026-09-15T16:22:12Z
2026-09-15T16:20:58Z,2026-09-15T18:20:58+0200,6da2bba9-0875-45d5-88b1-1f83d09e3a0a,2026-09-15T06:45:00Z,2026-09-15T08:45:00+0200,95.666666,MW,DK2,DK_2,forecast_onshore_wind_generation,Wind Onshore,2026-09-15T16:22:12Z
2026-09-15T16:20:58Z,2026-09-15T18:20:58+0200,6da2bba9-0875-45d5-88b1-1f83d09e3a0a,2026-09-15T07:00:00Z,2026-09-15T09:00:00+0200,101.333333,MW,DK2,DK_2,forecast_onshore_wind_generation,Wind Onshore,2026-09-15T16:22:12Z
2026-09-15T16:20:58Z,2026-09-15T18:20:58+0200,6da2bba9-0875-45d5-88b1-1f83d09e3a0a,2026-09-15T07:15:00Z,2026-09-15T09:15:00+0200,103.0,MW,DK2,DK_2,forecast_onshore_wind_generation,Wind Onshore,2026-09-15T16:22:12Z
2026-09-15T16:20:58Z,2026-09-15T18:20:58+0200,6da2bba9-0875-45d5-88b1-1f83d09e3a0a,2026-09-15T07:30:00Z,2026-09-15T09:30:00+0200,103.0,MW,DK2,DK_2,forecast_onshore_wind_generation,Wind Onshore,2026-09-15T16:22:12Z
2026-09-15T16:20:58Z,2026-09-15T18:20:58+0200,6da2bba9-0875-45d5-88b1-1f83d09e3a0a,2026-09-15T07:45:00Z,2026-09-15T09:45:00+0200,104.333333,MW,DK2,DK_2,forecast_onshore_wind_generation,Wind Onshore,2026-09-15T16:22:12Z
2026-09-15T16:20:58Z,2026-09-15T18:20:58+0200,6da2bba9-0875-45d5-88b1-1f83d09e3a0a,2026-09-15T08:00:00Z,2026-09-15T10:00:00+0200,106.333333,MW,DK2,DK_2,forecast_onshore_wind_generation,Wind Onshore,2026-09-15T16:22:12Z
2026-09-15T16:20:58Z,2026-09-15T18:20:58+0200,6da2bba9-0875-45d5-88b1-1f83d09e3a0a,2026-09-15T08:15:00Z,2026-09-15T10:15:00+0200,106.833333,MW,DK2,DK_2,forecast_onshore_wind_generation,Wind Onshore,2026-09-15T16:22:12Z
2026-09-15T16:20:58Z,2026-09-15T18:20:58+0200,6da2bba9-0875-45d5-88b1-1f83d09e3a0a,2026-09-15T08:30:00Z,2026-09-15T10:30:00+0200,105.5,MW,DK2,DK_2,forecast_onshore_wind_generation,Wind Onshore,2026-09-15T16:22:12Z
2026-09-15T16:20:58Z,2026-09-15T18:20:58+0200,6da2bba9-0875-45d5-88b1-1f83d09e3a0a,2026-09-15T08:45:00Z,2026-09-15T10:45:00+0200,105.833333,MW,DK2,DK_2,forecast_onshore_wind_generation,Wind Onshore,2026-09-15T16:22:12Z
2026-09-15T16:20:58Z,2026-09-15T18:20:58+0200,6da2bba9-0875-45d5-88b1-1f83d09e3a0a,2026-09-15T09:00:00Z,2026-09-15T11:00:00+0200,106.0,MW,DK2,DK_2,forecast_onshore_wind_generation,Wind Onshore,2026-09-15T16:22:12Z
2026-09-15T16:20:58Z,2026-09-15T18:20:58+0200,6da2bba9-0875-45d5-88b1-1f83d09e3a0a,2026-09-15T09:15:00Z,2026-09-15T11:15:00+0200,107.0,MW,DK2,DK_2,forecast_onshore_wind_generation,Wind Onshore,2026-09-15T16:22:12Z
2026-09-15T16:20:58Z,2026-09-15T18:20:58+0200,6da2bba9-0875-45d5-88b1-1f83d09e3a0a,2026-09-15T09:30:00Z,2026-09-15T11:30:00+0200,109.5,MW,DK2,DK_2,forecast_onshore_wind_generation,Wind Onshore,2026-09-15T16:22:12Z
2026-09-15T16:20:58Z,2026-09-15T18:20:58+0200,6da2bba9-0875-45d5-88b1-1f83d09e3a0a,2026-09-15T09:45:00Z,2026-09-15T11:45:00+0200,113.5,MW,DK2,DK_2,forecast_onshore_wind_generation,Wind Onshore,2026-09-15T16:22:12Z
2026-09-15T16:20:58Z,2026-09-15T18:20:58+0200,6da2bba9-0875-45d5-88b1-1f83d09e3a0a,2026-09-15T10:00:00Z,2026-09-15T12:00:00+0200,119.0,MW,DK2,DK_2,forecast_onshore_wind_generation,Wind Onshore,2026-09-15T16:22:12Z
2026-09-15T16:20:58Z,2026-09-15T18:20:58+0200,6da2bba9-0875-45d5-88b1-1f83d09e3a0a,2026-09-15T10:15:00Z,2026-09-15T12:15:00+0200,125.5,MW,DK2,DK_2,forecast_onshore_wind_generation,Wind Onshore,2026-09-15T16:22:12Z
2026-09-15T16:20:58Z,2026-09-15T18:20:58+0200,6da2bba9-0875-45d5-88b1-1f83d09e3a0a,2026-09-15T10:30:00Z,2026-09-15T12:30:00+0200,132.5,MW,DK2,DK_2,forecast_onshore_wind_generation,Wind Onshore,2026-09-15T16:22:12Z
2026-09-15T16:20:58Z,2026-09-15T18:20:58+0200,6da2bba9-0875-45d5-88b1-1f83d09e3a0a,2026-09-15T10:45:00Z,2026-09-15T12:45:00+0200,137.666666,MW,DK2,DK_2,forecast_onshore_wind_generation,Wind Onshore,2026-09-15T16:22:12Z
2026-09-15T16:20:58Z,2026-09-15T18:20:58+0200,6da2bba9-0875-45d5-88b1-1f83d09e3a0a,2026-09-15T11:00:00Z,2026-09-15T13:00:00+0200,142.0,MW,DK2,DK_2,forecast_onshore_wind_generation,Wind Onshore,2026-09-15T16:22:12Z
2026-09-15T16:20:58Z,2026-09-15T18:20:58+0200,6da2bba9-0875-45d5-88b1-1f83d09e3a0a,2026-09-15T11:15:00Z,2026-09-15T13:15:00+0200,147.0,MW,DK2,DK_2,forecast_onshore_wind_generation,Wind Onshore,2026-09-15T16:22:12Z
2026-09-15T16:20:58Z,2026-09-15T18:20:58+0200,6da2bba9-0875-45d5-88b1-1f83d09e3a0a,2026-09-15T11:30:00Z,2026-09-15T13:30:00+0200,152.333333,MW,DK2,DK_2,forecast_onshore_wind_generation,Wind Onshore,2026-09-15T16:22:12Z
2026-09-15T16:20:58Z,2026-09-15T18:20:58+0200,6da2bba9-0875-45d5-88b1-1f83d09e3a0a,2026-09-15T11:45:00Z,2026-09-15T13:45:00+0200,153.833333,MW,DK2,DK_2,forecast_onshore_wind_generation,Wind Onshore,2026-09-15T16:22:12Z
2026-09-15T16:20:58Z,2026-09-15T18:20:58+0200,6da2bba9-0875-45d5-88b1-1f83d09e3a0a,2026-09-15T12:00:00Z,2026-09-15T14:00:00+0200,152.0,MW,DK2,DK_2,forecast_onshore_wind_generation,Wind Onshore,2026-09-15T16:22:12Z
2026-09-15T16:20:58Z,2026-09-15T18:20:58+0200,6da2bba9-0875-45d5-88b1-1f83d09e3a0a,2026-09-15T12:15:00Z,2026-09-15T14:15:00+0200,151.0,MW,DK2,DK_2,forecast_onshore_wind_generation,Wind Onshore,2026-09-15T16:22:12Z
2026-09-15T16:20:58Z,2026-09-15T18:20:58+0200,6da2bba9-0875-45d5-88b1-1f83d09e3a0a,2026-09-15T12:30:00Z,2026-09-15T14:30:00+0200,150.666666,MW,DK2,DK_2,forecast_onshore_wind_generation,Wind Onshore,2026-09-15T16:22:12Z
2026-09-15T16:20:58Z,2026-09-15T18:20:58+0200,6da2bba9-0875-45d5-88b1-1f83d09e3a0a,2026-09-15T12:45:00Z,2026-09-15T14:45:00+0200,148.166666,MW,DK2,DK_2,forecast_onshore_wind_generation,Wind Onshore,2026-09-15T16:22:12Z
2026-09-15T16:20:58Z,2026-09-15T18:20:58+0200,6da2bba9-0875-45d5-88b1-1f83d09e3a0a,2026-09-15T13:00:00Z,2026-09-15T15:00:00+0200,145.833333,MW,DK2,DK_2,forecast_onshore_wind_generation,Wind Onshore,2026-09-15T16:22:12Z
2026-09-15T16:20:58Z,2026-09-15T18:20:58+0200,6da2bba9-0875-45d5-88b1-1f83d09e3a0a,2026-09-15T13:15:00Z,2026-09-15T15:15:00+0200,139.166666,MW,DK2,DK_2,forecast_onshore_wind_generation,Wind Onshore,2026-09-15T16:22:12Z
2026-09-15T16:20:58Z,2026-09-15T18:20:58+0200,6da2bba9-0875-45d5-88b1-1f83d09e3a0a,2026-09-15T13:30:00Z,2026-09-15T15:30:00+0200,133.666666,MW,DK2,DK_2,forecast_onshore_wind_generation,Wind Onshore,2026-09-15T16:22:12Z
2026-09-15T16:20:58Z,2026-09-15T18:20:58+0200,6da2bba9-0875-45d5-88b1-1f83d09e3a0a,2026-09-15T13:45:00Z,2026-09-15T15:45:00+0200,131.0,MW,DK2,DK_2,forecast_onshore_wind_generation,Wind Onshore,2026-09-15T16:22:12Z
2026-09-15T16:20:58Z,2026-09-15T18:20:58+0200,6da2bba9-0875-45d5-88b1-1f83d09e3a0a,2026-09-15T14:00:00Z,2026-09-15T16:00:00+0200,129.0,MW,DK2,DK_2,forecast_onshore_wind_generation,Wind Onshore,2026-09-15T16:22:12Z
2026-09-15T16:20:58Z,2026-09-15T18:20:58+0200,6da2bba9-0875-45d5-88b1-1f83d09e3a0a,2026-09-15T14:15:00Z,2026-09-15T16:15:00+0200,127.0,MW,DK2,DK_2,forecast_onshore_wind_generation,Wind Onshore,2026-09-15T16:22:12Z
2026-09-15T16:20:58Z,2026-09-15T18:20:58+0200,6da2bba9-0875-45d5-88b1-1f83d09e3a0a,2026-09-15T14:30:00Z,2026-09-15T16:30:00+0200,125.0,MW,DK2,DK_2,forecast_onshore_wind_generation,Wind Onshore,2026-09-15T16:22:12Z
2026-09-15T16:20:58Z,2026-09-15T18:20:58+0200,6da2bba9-0875-45d5-88b1-1f83d09e3a0a,2026-09-15T14:45:00Z,2026-09-15T16:45:00+0200,123.0,MW,DK2,DK_2,forecast_onshore_wind_generation,Wind Onshore,2026-09-15T16:22:12Z
2026-09-15T16:20:58Z,2026-09-15T18:20:58+0200,6da2bba9-0875-45d5-88b1-1f83d09e3a0a,2026-09-15T15:00:00Z,2026-09-15T17:00:00+0200,121.333333,MW,DK2,DK_2,forecast_onshore_wind_generation,Wind Onshore,2026-09-15T16:22:12Z
2026-09-15T16:20:58Z,2026-09-15T18:20:58+0200,6da2bba9-0875-45d5-88b1-1f83d09e3a0a,2026-09-15T15:15:00Z,2026-09-15T17:15:00+0200,117.5,MW,DK2,DK_2,forecast_onshore_wind_generation,Wind Onshore,2026-09-15T16:22:12Z
2026-09-15T16:20:58Z,2026-09-15T18:20:58+0200,6da2bba9-0875-45d5-88b1-1f83d09e3a0a,2026-09-15T15:30:00Z,2026-09-15T17:30:00+0200,114.0,MW,DK2,DK_2,forecast_onshore_wind_generation,Wind Onshore,2026-09-15T16:22:12Z
2026-09-15T16:20:58Z,2026-09-15T18:20:58+0200,6da2bba9-0875-45d5-88b1-1f83d09e3a0a,2026-09-15T15:45:00Z,2026-09-15T17:45:00+0200,112.0,MW,DK2,DK_2,forecast_onshore_wind_generation,Wind Onshore,2026-09-15T16:22:12Z
2026-09-15T16:20:58Z,2026-09-15T18:20:58+0200,6da2bba9-0875-45d5-88b1-1f83d09e3a0a,2026-09-15T16:30:00Z,2026-09-15T18:30:00+0200,101.333333,MW,DK2,DK_2,forecast_onshore_wind_generation,Wind Onshore,2026-09-15T16:22:24Z
2026-09-15T16:20:58Z,2026-09-15T18:20:58+0200,6da2bba9-0875-45d5-88b1-1f83d09e3a0a,2026-09-15T16:45:00Z,2026-09-15T18:45:00+0200,98.0,MW,DK2,DK_2,forecast_onshore_wind_generation,Wind Onshore,2026-09-15T16:22:24Z
2026-09-15T16:20:58Z,2026-09-15T18:20:58+0200,6da2bba9-0875-45d5-88b1-1f83d09e3a0a,2026-09-15T17:00:00Z,2026-09-15T19:00:00+0200,94.666666,MW,DK2,DK_2,forecast_onshore_wind_generation,Wind Onshore,2026-09-15T16:22:24Z
2026-09-15T16:20:58Z,2026-09-15T18:20:58+0200,6da2bba9-0875-45d5-88b1-1f83d09e3a0a,2026-09-15T17:15:00Z,2026-09-15T19:15:00+0200,91.5,MW,DK2,DK_2,forecast_onshore_wind_generation,Wind Onshore,2026-09-15T16:22:24Z
2026-09-15T16:20:58Z,2026-09-15T18:20:58+0200,6da2bba9-0875-45d5-88b1-1f83d09e3a0a,2026-09-15T17:30:00Z,2026-09-15T19:30:00+0200,89.0,MW,DK2,DK_2,forecast_onshore_wind_generation,Wind Onshore,2026-09-15T16:22:24Z
2026-09-15T16:20:58Z,2026-09-15T18:20:58+0200,6da2bba9-0875-45d5-88b1-1f83d09e3a0a,2026-09-15T17:45:00Z,2026-09-15T19:45:00+0200,87.666666,MW,DK2,DK_2,forecast_onshore_wind_generation,Wind Onshore,2026-09-15T16:22:24Z
2026-09-15T16:20:58Z,2026-09-15T18:20:58+0200,6da2bba9-0875-45d5-88b1-1f83d09e3a0a,2026-09-15T18:00:00Z,2026-09-15T20:00:00+0200,88.166666,MW,DK2,DK_2,forecast_onshore_wind_generation,Wind Onshore,2026-09-15T16:22:24Z
2026-09-15T16:20:58Z,2026-09-15T18:20:58+0200,6da2bba9-0875-45d5-88b1-1f83d09e3a0a,2026-09-15T18:15:00Z,2026-09-15T20:15:00+0200,90.166666,MW,DK2,DK_2,forecast_onshore_wind_generation,Wind Onshore,2026-09-15T16:22:24Z
2026-09-15T16:20:58Z,2026-09-15T18:20:58+0200,6da2bba9-0875-45d5-88b1-1f83d09e3a0a,2026-09-15T18:30:00Z,2026-09-15T20:30:00+0200,92.833333,MW,DK2,DK_2,forecast_onshore_wind_generation,Wind Onshore,2026-09-15T16:22:24Z
2026-09-15T16:20:58Z,2026-09-15T18:20:58+0200,6da2bba9-0875-45d5-88b1-1f83d09e3a0a,2026-09-15T18:45:00Z,2026-09-15T20:45:00+0200,93.833333,MW,DK2,DK_2,forecast_onshore_wind_generation,Wind Onshore,2026-09-15T16:22:24Z
2026-09-15T16:20:58Z,2026-09-15T18:20:58+0200,6da2bba9-0875-45d5-88b1-1f83d09e3a0a,2026-09-15T19:00:00Z,2026-09-15T21:00:00+0200,94.833333,MW,DK2,DK_2,forecast_onshore_wind_generation,Wind Onshore,2026-09-15T16:22:24Z
2026-09-15T16:20:58Z,2026-09-15T18:20:58+0200,6da2bba9-0875-45d5-88b1-1f83d09e3a0a,2026-09-15T19:15:00Z,2026-09-15T21:15:00+0200,94.166666,MW,DK2,DK_2,forecast_onshore_wind_generation,Wind Onshore,2026-09-15T16:22:24Z
2026-09-15T16:20:58Z,2026-09-15T18:20:58+0200,6da2bba9-0875-45d5-88b1-1f83d09e3a0a,2026-09-15T19:30:00Z,2026-09-15T21:30:00+0200,94.0,MW,DK2,DK_2,forecast_onshore_wind_generation,Wind Onshore,2026-09-15T16:22:24Z
2026-09-15T16:20:58Z,2026-09-15T18:20:58+0200,6da2bba9-0875-45d5-88b1-1f83d09e3a0a,2026-09-15T19:45:00Z,2026-09-15T21:45:00+0200,95.0,MW,DK2,DK_2,forecast_onshore_wind_generation,Wind Onshore,2026-09-15T16:22:24Z
2026-09-15T16:20:58Z,2026-09-15T18:20:58+0200,6da2bba9-0875-45d5-88b1-1f83d09e3a0a,2026-09-15T20:00:00Z,2026-09-15T22:00:00+0200,96.5,MW,DK2,DK_2,forecast_onshore_wind_generation,Wind Onshore,2026-09-15T16:22:24Z
2026-09-15T16:20:58Z,2026-09-15T18:20:58+0200,6da2bba9-0875-45d5-88b1-1f83d09e3a0a,2026-09-15T20:15:00Z,2026-09-15T22:15:00+0200,97.5,MW,DK2,DK_2,forecast_onshore_wind_generation,Wind Onshore,2026-09-15T16:22:24Z
2026-09-15T16:20:58Z,2026-09-15T18:20:58+0200,6da2bba9-0875-45d5-88b1-1f83d09e3a0a,2026-09-15T20:30:00Z,2026-09-15T22:30:00+0200,98.166666,MW,DK2,DK_2,forecast_onshore_wind_generation,Wind Onshore,2026-09-15T16:22:24Z
2026-09-15T16:20:58Z,2026-09-15T18:20:58+0200,6da2bba9-0875-45d5-88b1-1f83d09e3a0a,2026-09-15T20:45:00Z,2026-09-15T22:45:00+0200,98.833333,MW,DK2,DK_2,forecast_onshore_wind_generation,Wind Onshore,2026-09-15T16:22:24Z
2026-09-15T16:20:58Z,2026-09-15T18:20:58+0200,6da2bba9-0875-45d5-88b1-1f83d09e3a0a,2026-09-15T21:00:00Z,2026-09-15T23:00:00+0200,97.833333,MW,DK2,DK_2,forecast_onshore_wind_generation,Wind Onshore,2026-09-15T16:22:24Z
2026-09-15T16:20:58Z,2026-09-15T18:20:58+0200,6da2bba9-0875-45d5-88b1-1f83d09e3a0a,2026-09-15T21:15:00Z,2026-09-15T23:15:00+0200,96.5,MW,DK2,DK_2,forecast_onshore_wind_generation,Wind Onshore,2026-09-15T16:22:24Z
2026-09-15T16:20:58Z,2026-09-15T18:20:58+0200,6da2bba9-0875-45d5-88b1-1f83d09e3a0a,2026-09-15T21:30:00Z,2026-09-15T23:30:00+0200,95.166666,MW,DK2,DK_2,forecast_onshore_wind_generation,Wind Onshore,2026-09-15T16:22:24Z
2026-09-15T16:20:58Z,2026-09-15T18:20:58+0200,6da2bba9-0875-45d5-88b1-1f83d09e3a0a,2026-09-15T21:45:00Z,2026-09-15T23:45:00+0200,94.0,MW,DK2,DK_2,forecast_onshore_wind_generation,Wind Onshore,2026-09-15T16:22:24Z
2026-09-15T16:20:58Z,2026-09-15T18:20:58+0200,6da2bba9-0875-45d5-88b1-1f83d09e3a0a,2026-09-15T22:00:00Z,2026-09-16T00:00:00+0200,126.0,MW,DK2,DK_2,forecast_onshore_wind_generation,Wind Onshore,2026-09-15T16:22:24Z
2026-09-15T16:20:58Z,2026-09-15T18:20:58+0200,6da2bba9-0875-45d5-88b1-1f83d09e3a0a,2026-09-15T22:15:00Z,2026-09-16T00:15:00+0200,126.666666,MW,DK2,DK_2,forecast_onshore_wind_generation,Wind Onshore,2026-09-15T16:22:24Z
2026-09-15T16:20:58Z,2026-09-15T18:20:58+0200,6da2bba9-0875-45d5-88b1-1f83d09e3a0a,2026-09-15T22:30:00Z,2026-09-16T00:30:00+0200,131.333333,MW,DK2,DK_2,forecast_onshore_wind_generation,Wind Onshore,2026-09-15T16:22:24Z
2026-09-15T16:20:58Z,2026-09-15T18:20:58+0200,6da2bba9-0875-45d5-88b1-1f83d09e3a0a,2026-09-15T22:45:00Z,2026-09-16T00:45:00+0200,135.666666,MW,DK2,DK_2,forecast_onshore_wind_generation,Wind Onshore,2026-09-15T16:22:24Z
2026-09-15T16:20:58Z,2026-09-15T18:20:58+0200,6da2bba9-0875-45d5-88b1-1f83d09e3a0a,2026-09-15T23:00:00Z,2026-09-16T01:00:00+0200,132.333333,MW,DK2,DK_2,forecast_onshore_wind_generation,Wind Onshore,2026-09-15T16:22:24Z
2026-09-15T16:20:58Z,2026-09-15T18:20:58+0200,6da2bba9-0875-45d5-88b1-1f83d09e3a0a,2026-09-15T23:15:00Z,2026-09-16T01:15:00+0200,125.833333,MW,DK2,DK_2,forecast_onshore_wind_generation,Wind Onshore,2026-09-15T16:22:24Z
2026-09-15T16:20:58Z,2026-09-15T18:20:58+0200,6da2bba9-0875-45d5-88b1-1f83d09e3a0a,2026-09-15T23:30:00Z,2026-09-16T01:30:00+0200,119.0,MW,DK2,DK_2,forecast_onshore_wind_generation,Wind Onshore,2026-09-15T16:22:24Z
2026-09-15T16:20:58Z,2026-09-15T18:20:58+0200,6da2bba9-0875-45d5-88b1-1f83d09e3a0a,2026-09-15T23:45:00Z,2026-09-16T01:45:00+0200,114.333333,MW,DK2,DK_2,forecast_onshore_wind_generation,Wind Onshore,2026-09-15T16:22:24Z
2026-09-15T16:20:58Z,2026-09-15T18:20:58+0200,6da2bba9-0875-45d5-88b1-1f83d09e3a0a,2026-09-16T00:00:00Z,2026-09-16T02:00:00+0200,109.333333,MW,DK2,DK_2,forecast_onshore_wind_generation,Wind Onshore,2026-09-15T16:22:24Z
2026-09-15T16:20:58Z,2026-09-15T18:20:58+0200,6da2bba9-0875-45d5-88b1-1f83d09e3a0a,2026-09-16T00:15:00Z,2026-09-16T02:15:00+0200,103.0,MW,DK2,DK_2,forecast_onshore_wind_generation,Wind Onshore,2026-09-15T16:22:24Z
2026-09-15T16:20:58Z,2026-09-15T18:20:58+0200,6da2bba9-0875-45d5-88b1-1f83d09e3a0a,2026-09-16T00:30:00Z,2026-09-16T02:30:00+0200,97.5,MW,DK2,DK_2,forecast_onshore_wind_generation,Wind Onshore,2026-09-15T16:22:24Z
2026-09-15T16:20:58Z,2026-09-15T18:20:58+0200,6da2bba9-0875-45d5-88b1-1f83d09e3a0a,2026-09-16T00:45:00Z,2026-09-16T02:45:00+0200,93.666666,MW,DK2,DK_2,forecast_onshore_wind_generation,Wind Onshore,2026-09-15T16:22:24Z
2026-09-15T16:20:58Z,2026-09-15T18:20:58+0200,6da2bba9-0875-45d5-88b1-1f83d09e3a0a,2026-09-16T01:00:00Z,2026-09-16T03:00:00+0200,93.0,MW,DK2,DK_2,forecast_onshore_wind_generation,Wind Onshore,2026-09-15T16:22:24Z
2026-09-15T16:20:58Z,2026-09-15T18:20:58+0200,6da2bba9-0875-45d5-88b1-1f83d09e3a0a,2026-09-16T01:15:00Z,2026-09-16T03:15:00+0200,93.166666,MW,DK2,DK_2,forecast_onshore_wind_generation,Wind Onshore,2026-09-15T16:22:24Z
2026-09-15T16:20:58Z,2026-09-15T18:20:58+0200,6da2bba9-0875-45d5-88b1-1f83d09e3a0a,2026-09-16T01:30:00Z,2026-09-16T03:30:00+0200,94.166666,MW,DK2,DK_2,forecast_onshore_wind_generation,Wind Onshore,2026-09-15T16:22:24Z
2026-09-15T16:20:58Z,2026-09-15T18:20:58+0200,6da2bba9-0875-45d5-88b1-1f83d09e3a0a,2026-09-16T01:45:00Z,2026-09-16T03:45:00+0200,94.333333,MW,DK2,DK_2,forecast_onshore_wind_generation,Wind Onshore,2026-09-15T16:22:24Z
2026-09-15T16:20:58Z,2026-09-15T18:20:58+0200,6da2bba9-0875-45d5-88b1-1f83d09e3a0a,2026-09-16T02:00:00Z,2026-09-16T04:00:00+0200,92.333333,MW,DK2,DK_2,forecast_onshore_wind_generation,Wind Onshore,2026-09-15T16:22:24Z
2026-09-15T16:20:58Z,2026-09-15T18:20:58+0200,6da2bba9-0875-45d5-88b1-1f83d09e3a0a,2026-09-16T02:15:00Z,2026-09-16T04:15:00+0200,89.5,MW,DK2,DK_2,forecast_onshore_wind_generation,Wind Onshore,2026-09-15T16:22:24Z
2026-09-15T16:20:58Z,2026-09-15T18:20:58+0200,6da2bba9-0875-45d5-88b1-1f83d09e3a0a,2026-09-16T02:30:00Z,2026-09-16T04:30:00+0200,87.333333,MW,DK2,DK_2,forecast_onshore_wind_generation,Wind Onshore,2026-09-15T16:22:24Z
2026-09-15T16:20:58Z,2026-09-15T18:20:58+0200,6da2bba9-0875-45d5-88b1-1f83d09e3a0a,2026-09-16T02:45:00Z,2026-09-16T04:45:00+0200,85.0,MW,DK2,DK_2,forecast_onshore_wind_generation,Wind Onshore,2026-09-15T16:22:24Z
2026-09-15T16:20:58Z,2026-09-15T18:20:58+0200,6da2bba9-0875-45d5-88b1-1f83d09e3a0a,2026-09-16T03:00:00Z,2026-09-16T05:00:00+0200,83.0,MW,DK2,DK_2,forecast_onshore_wind_generation,Wind Onshore,2026-09-15T16:22:24Z
2026-09-15T16:20:58Z,2026-09-15T18:20:58+0200,6da2bba9-0875-45d5-88b1-1f83d09e3a0a,2026-09-16T03:15:00Z,2026-09-16T05:15:00+0200,81.5,MW,DK2,DK_2,forecast_onshore_wind_generation,Wind Onshore,2026-09-15T16:22:24Z
2026-09-15T16:20:58Z,2026-09-15T18:20:58+0200,6da2bba9-0875-45d5-88b1-1f83d09e3a0a,2026-09-16T03:30:00Z,2026-09-16T05:30:00+0200,81.0,MW,DK2,DK_2,forecast_onshore_wind_generation,Wind Onshore,2026-09-15T16:22:24Z
2026-09-15T16:20:58Z,2026-09-15T18:20:58+0200,6da2bba9-0875-45d5-88b1-1f83d09e3a0a,2026-09-16T03:45:00Z,2026-09-16T05:45:00+0200,80.5,MW,DK2,DK_2,forecast_onshore_wind_generation,Wind Onshore,2026-09-15T16:22:24Z
2026-09-15T16:20:58Z,2026-09-15T18:20:58+0200,6da2bba9-0875-45d5-88b1-1f83d09e3a0a,2026-09-16T04:00:00Z,2026-09-16T06:00:00+0200,79.5,MW,DK2,DK_2,forecast_onshore_wind_generation,Wind Onshore,2026-09-15T16:22:24Z
2026-09-15T16:20:58Z,2026-09-15T18:20:58+0200,6da2bba9-0875-45d5-88b1-1f83d09e3a0a,2026-09-16T04:15:00Z,2026-09-16T06:15:00+0200,78.333333,MW,DK2,DK_2,forecast_onshore_wind_generation,Wind Onshore,2026-09-15T16:22:24Z
2026-09-15T16:20:58Z,2026-09-15T18:20:58+0200,6da2bba9-0875-45d5-88b1-1f83d09e3a0a,2026-09-16T04:30:00Z,2026-09-16T06:30:00+0200,74.666666,MW,DK2,DK_2,forecast_onshore_wind_generation,Wind Onshore,2026-09-15T16:22:24Z
2026-09-15T16:20:58Z,2026-09-15T18:20:58+0200,6da2bba9-0875-45d5-88b1-1f83d09e3a0a,2026-09-16T04:45:00Z,2026-09-16T06:45:00+0200,71.833333,MW,DK2,DK_2,forecast_onshore_wind_generation,Wind Onshore,2026-09-15T16:22:24Z
2026-09-15T16:20:58Z,2026-09-15T18:20:58+0200,6da2bba9-0875-45d5-88b1-1f83d09e3a0a,2026-09-16T05:00:00Z,2026-09-16T07:00:00+0200,68.5,MW,DK2,DK_2,forecast_onshore_wind_generation,Wind Onshore,2026-09-15T16:22:24Z
2026-09-15T16:20:58Z,2026-09-15T18:20:58+0200,6da2bba9-0875-45d5-88b1-1f83d09e3a0a,2026-09-16T05:15:00Z,2026-09-16T07:15:00+0200,65.666666,MW,DK2,DK_2,forecast_onshore_wind_generation,Wind Onshore,2026-09-15T16:22:24Z
2026-09-15T16:20:58Z,2026-09-15T18:20:58+0200,6da2bba9-0875-45d5-88b1-1f83d09e3a0a,2026-09-16T05:30:00Z,2026-09-16T07:30:00+0200,64.0,MW,DK2,DK_2,forecast_onshore_wind_generation,Wind Onshore,2026-09-15T16:22:24Z
2026-09-15T16:20:58Z,2026-09-15T18:20:58+0200,6da2bba9-0875-45d5-88b1-1f83d09e3a0a,2026-09-16T05:45:00Z,2026-09-16T07:45:00+0200,63.0,MW,DK2,DK_2,forecast_onshore_wind_generation,Wind Onshore,2026-09-15T16:22:24Z
2026-09-15T16:20:58Z,2026-09-15T18:20:58+0200,6da2bba9-0875-45d5-88b1-1f83d09e3a0a,2026-09-16T06:00:00Z,2026-09-16T08:00:00+0200,62.166666,MW,DK2,DK_2,forecast_onshore_wind_generation,Wind Onshore,2026-09-15T16:22:24Z
2026-09-15T16:20:58Z,2026-09-15T18:20:58+0200,6da2bba9-0875-45d5-88b1-1f83d09e3a0a,2026-09-16T06:15:00Z,2026-09-16T08:15:00+0200,62.5,MW,DK2,DK_2,forecast_onshore_wind_generation,Wind Onshore,2026-09-15T16:22:24Z
2026-09-15T16:20:58Z,2026-09-15T18:20:58+0200,6da2bba9-0875-45d5-88b1-1f83d09e3a0a,2026-09-16T06:30:00Z,2026-09-16T08:30:00+0200,64.0,MW,DK2,DK_2,forecast_onshore_wind_generation,Wind Onshore,2026-09-15T16:22:24Z
2026-09-15T16:20:58Z,2026-09-15T18:20:58+0200,6da2bba9-0875-45d5-88b1-1f83d09e3a0a,2026-09-16T06:45:00Z,2026-09-16T08:45:00+0200,67.0,MW,DK2,DK_2,forecast_onshore_wind_generation,Wind Onshore,2026-09-15T16:22:24Z
2026-09-15T16:20:58Z,2026-09-15T18:20:58+0200,6da2bba9-0875-45d5-88b1-1f83d09e3a0a,2026-09-16T07:00:00Z,2026-09-16T09:00:00+0200,72.0,MW,DK2,DK_2,forecast_onshore_wind_generation,Wind Onshore,2026-09-15T16:22:24Z
2026-09-15T16:20:58Z,2026-09-15T18:20:58+0200,6da2bba9-0875-45d5-88b1-1f83d09e3a0a,2026-09-16T07:15:00Z,2026-09-16T09:15:00+0200,76.5,MW,DK2,DK_2,forecast_onshore_wind_generation,Wind Onshore,2026-09-15T16:22:24Z
2026-09-15T16:20:58Z,2026-09-15T18:20:58+0200,6da2bba9-0875-45d5-88b1-1f83d09e3a0a,2026-09-16T07:30:00Z,2026-09-16T09:30:00+0200,79.5,MW,DK2,DK_2,forecast_onshore_wind_generation,Wind Onshore,2026-09-15T16:22:24Z
2026-09-15T16:20:58Z,2026-09-15T18:20:58+0200,6da2bba9-0875-45d5-88b1-1f83d09e3a0a,2026-09-16T07:45:00Z,2026-09-16T09:45:00+0200,82.333333,MW,DK2,DK_2,forecast_onshore_wind_generation,Wind Onshore,2026-09-15T16:22:24Z
2026-09-15T16:20:58Z,2026-09-15T18:20:58+0200,6da2bba9-0875-45d5-88b1-1f83d09e3a0a,2026-09-16T08:00:00Z,2026-09-16T10:00:00+0200,83.0,MW,DK2,DK_2,forecast_onshore_wind_generation,Wind Onshore,2026-09-15T16:22:24Z
2026-09-15T16:20:58Z,2026-09-15T18:20:58+0200,6da2bba9-0875-45d5-88b1-1f83d09e3a0a,2026-09-16T08:15:00Z,2026-09-16T10:15:00+0200,81.5,MW,DK2,DK_2,forecast_onshore_wind_generation,Wind Onshore,2026-09-15T16:22:24Z
2026-09-15T16:20:58Z,2026-09-15T18:20:58+0200,6da2bba9-0875-45d5-88b1-1f83d09e3a0a,2026-09-16T08:30:00Z,2026-09-16T10:30:00+0200,78.666666,MW,DK2,DK_2,forecast_onshore_wind_generation,Wind Onshore,2026-09-15T16:22:24Z
2026-09-15T16:20:58Z,2026-09-15T18:20:58+0200,6da2bba9-0875-45d5-88b1-1f83d09e3a0a,2026-09-16T08:45:00Z,2026-09-16T10:45:00+0200,78.166666,MW,DK2,DK_2,forecast_onshore_wind_generation,Wind Onshore,2026-09-15T16:22:24Z
2026-09-15T16:20:58Z,2026-09-15T18:20:58+0200,6da2bba9-0875-45d5-88b1-1f83d09e3a0a,2026-09-16T09:00:00Z,2026-09-16T11:00:00+0200,79.166666,MW,DK2,DK_2,forecast_onshore_wind_generation,Wind Onshore,2026-09-15T16:22:24Z
2026-09-15T16:20:58Z,2026-09-15T18:20:58+0200,6da2bba9-0875-45d5-88b1-1f83d09e3a0a,2026-09-16T09:15:00Z,2026-09-16T11:15:00+0200,80.833333,MW,DK2,DK_2,forecast_onshore_wind_generation,Wind Onshore,2026-09-15T16:22:24Z
2026-09-15T16:20:58Z,2026-09-15T18:20:58+0200,6da2bba9-0875-45d5-88b1-1f83d09e3a0a,2026-09-16T09:30:00Z,2026-09-16T11:30:00+0200,85.0,MW,DK2,DK_2,forecast_onshore_wind_generation,Wind Onshore,2026-09-15T16:22:24Z
2026-09-15T16:20:58Z,2026-09-15T18:20:58+0200,6da2bba9-0875-45d5-88b1-1f83d09e3a0a,2026-09-16T09:45:00Z,2026-09-16T11:45:00+0200,91.0,MW,DK2,DK_2,forecast_onshore_wind_generation,Wind Onshore,2026-09-15T16:22:24Z
2026-09-15T16:20:58Z,2026-09-15T18:20:58+0200,6da2bba9-0875-45d5-88b1-1f83d09e3a0a,2026-09-16T10:00:00Z,2026-09-16T12:00:00+0200,99.333333,MW,DK2,DK_2,forecast_onshore_wind_generation,Wind Onshore,2026-09-15T16:22:24Z
2026-09-15T16:20:58Z,2026-09-15T18:20:58+0200,6da2bba9-0875-45d5-88b1-1f83d09e3a0a,2026-09-16T10:15:00Z,2026-09-16T12:15:00+0200,106.5,MW,DK2,DK_2,forecast_onshore_wind_generation,Wind Onshore,2026-09-15T16:22:24Z
2026-09-15T16:20:58Z,2026-09-15T18:20:58+0200,6da2bba9-0875-45d5-88b1-1f83d09e3a0a,2026-09-16T10:30:00Z,2026-09-16T12:30:00+0200,113.666666,MW,DK2,DK_2,forecast_onshore_wind_generation,Wind Onshore,2026-09-15T16:22:24Z
2026-09-15T16:20:58Z,2026-09-15T18:20:58+0200,6da2bba9-0875-45d5-88b1-1f83d09e3a0a,2026-09-16T10:45:00Z,2026-09-16T12:45:00+0200,117.5,MW,DK2,DK_2,forecast_onshore_wind_generation,Wind Onshore,2026-09-15T16:22:24Z
2026-09-15T16:20:58Z,2026-09-15T18:20:58+0200,6da2bba9-0875-45d5-88b1-1f83d09e3a0a,2026-09-16T11:00:00Z,2026-09-16T13:00:00+0200,121.833333,MW,DK2,DK_2,forecast_onshore_wind_generation,Wind Onshore,2026-09-15T16:22:24Z
2026-09-15T16:20:58Z,2026-09-15T18:20:58+0200,6da2bba9-0875-45d5-88b1-1f83d09e3a0a,2026-09-16T11:15:00Z,2026-09-16T13:15:00+0200,128.0,MW,DK2,DK_2,forecast_onshore_wind_generation,Wind Onshore,2026-09-15T16:22:24Z
2026-09-15T16:20:58Z,2026-09-15T18:20:58+0200,6da2bba9-0875-45d5-88b1-1f83d09e3a0a,2026-09-16T11:30:00Z,2026-09-16T13:30:00+0200,135.0,MW,DK2,DK_2,forecast_onshore_wind_generation,Wind Onshore,2026-09-15T16:22:24Z
2026-09-15T16:20:58Z,2026-09-15T18:20:58+0200,6da2bba9-0875-45d5-88b1-1f83d09e3a0a,2026-09-16T11:45:00Z,2026-09-16T13:45:00+0200,138.833333,MW,DK2,DK_2,forecast_onshore_wind_generation,Wind Onshore,2026-09-15T16:22:24Z
2026-09-15T16:20:58Z,2026-09-15T18:20:58+0200,6da2bba9-0875-45d5-88b1-1f83d09e3a0a,2026-09-16T12:00:00Z,2026-09-16T14:00:00+0200,139.0,MW,DK2,DK_2,forecast_onshore_wind_generation,Wind Onshore,2026-09-15T16:22:24Z
2026-09-15T16:20:58Z,2026-09-15T18:20:58+0200,6da2bba9-0875-45d5-88b1-1f83d09e3a0a,2026-09-16T12:15:00Z,2026-09-16T14:15:00+0200,139.166666,MW,DK2,DK_2,forecast_onshore_wind_generation,Wind Onshore,2026-09-15T16:22:24Z
2026-09-15T16:20:58Z,2026-09-15T18:20:58+0200,6da2bba9-0875-45d5-88b1-1f83d09e3a0a,2026-09-16T12:30:00Z,2026-09-16T14:30:00+0200,141.833333,MW,DK2,DK_2,forecast_onshore_wind_generation,Wind Onshore,2026-09-15T16:22:24Z
2026-09-15T16:20:58Z,2026-09-15T18:20:58+0200,6da2bba9-0875-45d5-88b1-1f83d09e3a0a,2026-09-16T12:45:00Z,2026-09-16T14:45:00+0200,145.166666,MW,DK2,DK_2,forecast_onshore_wind_generation,Wind Onshore,2026-09-15T16:22:24Z
2026-09-15T16:20:58Z,2026-09-15T18:20:58+0200,6da2bba9-0875-45d5-88b1-1f83d09e3a0a,2026-09-16T13:00:00Z,2026-09-16T15:00:00+0200,151.5,MW,DK2,DK_2,forecast_onshore_wind_generation,Wind Onshore,2026-09-15T16:22:24Z
2026-09-15T16:20:58Z,2026-09-15T18:20:58+0200,6da2bba9-0875-45d5-88b1-1f83d09e3a0a,2026-09-16T13:15:00Z,2026-09-16T15:15:00+0200,159.0,MW,DK2,DK_2,forecast_onshore_wind_generation,Wind Onshore,2026-09-15T16:22:24Z
2026-09-15T16:20:58Z,2026-09-15T18:20:58+0200,6da2bba9-0875-45d5-88b1-1f83d09e3a0a,2026-09-16T13:30:00Z,2026-09-16T15:30:00+0200,167.5,MW,DK2,DK_2,forecast_onshore_wind_generation,Wind Onshore,2026-09-15T16:22:24Z
2026-09-15T16:20:58Z,2026-09-15T18:20:58+0200,6da2bba9-0875-45d5-88b1-1f83d09e3a0a,2026-09-16T13:45:00Z,2026-09-16T15:45:00+0200,175.0,MW,DK2,DK_2,forecast_onshore_wind_generation,Wind Onshore,2026-09-15T16:22:24Z
2026-09-15T16:20:58Z,2026-09-15T18:20:58+0200,6da2bba9-0875-45d5-88b1-1f83d09e3a0a,2026-09-16T14:00:00Z,2026-09-16T16:00:00+0200,181.0,MW,DK2,DK_2,forecast_onshore_wind_generation,Wind Onshore,2026-09-15T16:22:24Z
2026-09-15T16:20:58Z,2026-09-15T18:20:58+0200,6da2bba9-0875-45d5-88b1-1f83d09e3a0a,2026-09-16T14:15:00Z,2026-09-16T16:15:00+0200,186.5,MW,DK2,DK_2,forecast_onshore_wind_generation,Wind Onshore,2026-09-15T16:22:24Z
2026-09-15T16:20:58Z,2026-09-15T18:20:58+0200,6da2bba9-0875-45d5-88b1-1f83d09e3a0a,2026-09-16T14:30:00Z,2026-09-16T16:30:00+0200,191.0,MW,DK2,DK_2,forecast_onshore_wind_generation,Wind Onshore,2026-09-15T16:22:24Z
2026-09-15T16:20:58Z,2026-09-15T18:20:58+0200,6da2bba9-0875-45d5-88b1-1f83d09e3a0a,2026-09-16T14:45:00Z,2026-09-16T16:45:00+0200,193.666666,MW,DK2,DK_2,forecast_onshore_wind_generation,Wind Onshore,2026-09-15T16:22:24Z
2026-09-15T16:20:58Z,2026-09-15T18:20:58+0200,6da2bba9-0875-45d5-88b1-1f83d09e3a0a,2026-09-16T15:00:00Z,2026-09-16T17:00:00+0200,195.0,MW,DK2,DK_2,forecast_onshore_wind_generation,Wind Onshore,2026-09-15T16:22:24Z
2026-09-15T16:20:58Z,2026-09-15T18:20:58+0200,6da2bba9-0875-45d5-88b1-1f83d09e3a0a,2026-09-16T15:15:00Z,2026-09-16T17:15:00+0200,193.0,MW,DK2,DK_2,forecast_onshore_wind_generation,Wind Onshore,2026-09-15T16:22:24Z
2026-09-15T16:20:58Z,2026-09-15T18:20:58+0200,6da2bba9-0875-45d5-88b1-1f83d09e3a0a,2026-09-16T15:30:00Z,2026-09-16T17:30:00+0200,190.5,MW,DK2,DK_2,forecast_onshore_wind_generation,Wind Onshore,2026-09-15T16:22:24Z
2026-09-15T16:20:58Z,2026-09-15T18:20:58+0200,6da2bba9-0875-45d5-88b1-1f83d09e3a0a,2026-09-16T15:45:00Z,2026-09-16T17:45:00+0200,188.5,MW,DK2,DK_2,forecast_onshore_wind_generation,Wind Onshore,2026-09-15T16:22:24Z
2026-09-15T16:20:58Z,2026-09-15T18:20:58+0200,6da2bba9-0875-45d5-88b1-1f83d09e3a0a,2026-09-16T16:00:00Z,2026-09-16T18:00:00+0200,185.0,MW,DK2,DK_2,forecast_onshore_wind_generation,Wind Onshore,2026-09-15T16:22:24Z
2026-09-15T16:20:58Z,2026-09-15T18:20:58+0200,6da2bba9-0875-45d5-88b1-1f83d09e3a0a,2026-09-16T16:15:00Z,2026-09-16T18:15:00+0200,180.166666,MW,DK2,DK_2,forecast_onshore_wind_generation,Wind Onshore,2026-09-15T16:22:24Z
2026-09-15T16:20:58Z,2026-09-15T18:20:58+0200,6da2bba9-0875-45d5-88b1-1f83d09e3a0a,2026-09-16T16:30:00Z,2026-09-16T18:30:00+0200,175.5,MW,DK2,DK_2,forecast_onshore_wind_generation,Wind Onshore,2026-09-15T16:22:24Z
2026-09-15T16:20:58Z,2026-09-15T18:20:58+0200,6da2bba9-0875-45d5-88b1-1f83d09e3a0a,2026-09-16T16:45:00Z,2026-09-16T18:45:00+0200,170.833333,MW,DK2,DK_2,forecast_onshore_wind_generation,Wind Onshore,2026-09-15T16:22:24Z
2026-09-15T16:20:58Z,2026-09-15T18:20:58+0200,6da2bba9-0875-45d5-88b1-1f83d09e3a0a,2026-09-16T17:00:00Z,2026-09-16T19:00:00+0200,164.5,MW,DK2,DK_2,forecast_onshore_wind_generation,Wind Onshore,2026-09-15T16:22:24Z
2026-09-15T16:20:58Z,2026-09-15T18:20:58+0200,6da2bba9-0875-45d5-88b1-1f83d09e3a0a,2026-09-16T17:15:00Z,2026-09-16T19:15:00+0200,159.166666,MW,DK2,DK_2,forecast_onshore_wind_generation,Wind Onshore,2026-09-15T16:22:24Z
2026-09-15T16:20:58Z,2026-09-15T18:20:58+0200,6da2bba9-0875-45d5-88b1-1f83d09e3a0a,2026-09-16T17:30:00Z,2026-09-16T19:30:00+0200,156.5,MW,DK2,DK_2,forecast_onshore_wind_generation,Wind Onshore,2026-09-15T16:22:24Z
2026-09-15T16:20:58Z,2026-09-15T18:20:58+0200,6da2bba9-0875-45d5-88b1-1f83d09e3a0a,2026-09-16T17:45:00Z,2026-09-16T19:45:00+0200,152.666666,MW,DK2,DK_2,forecast_onshore_wind_generation,Wind Onshore,2026-09-15T16:22:24Z
2026-09-15T16:20:58Z,2026-09-15T18:20:58+0200,6da2bba9-0875-45d5-88b1-1f83d09e3a0a,2026-09-16T18:00:00Z,2026-09-16T20:00:00+0200,151.833333,MW,DK2,DK_2,forecast_onshore_wind_generation,Wind Onshore,2026-09-15T16:22:24Z
2026-09-15T16:20:58Z,2026-09-15T18:20:58+0200,6da2bba9-0875-45d5-88b1-1f83d09e3a0a,2026-09-16T18:15:00Z,2026-09-16T20:15:00+0200,159.333333,MW,DK2,DK_2,forecast_onshore_wind_generation,Wind Onshore,2026-09-15T16:22:24Z
2026-09-15T16:20:58Z,2026-09-15T18:20:58+0200,6da2bba9-0875-45d5-88b1-1f83d09e3a0a,2026-09-16T18:30:00Z,2026-09-16T20:30:00+0200,173.666666,MW,DK2,DK_2,forecast_onshore_wind_generation,Wind Onshore,2026-09-15T16:22:24Z
2026-09-15T16:20:58Z,2026-09-15T18:20:58+0200,6da2bba9-0875-45d5-88b1-1f83d09e3a0a,2026-09-16T18:45:00Z,2026-09-16T20:45:00+0200,183.0,MW,DK2,DK_2,forecast_onshore_wind_generation,Wind Onshore,2026-09-15T16:22:24Z
2026-09-15T16:20:58Z,2026-09-15T18:20:58+0200,6da2bba9-0875-45d5-88b1-1f83d09e3a0a,2026-09-16T19:00:00Z,2026-09-16T21:00:00+0200,188.833333,MW,DK2,DK_2,forecast_onshore_wind_generation,Wind Onshore,2026-09-15T16:22:24Z
2026-09-15T16:20:58Z,2026-09-15T18:20:58+0200,6da2bba9-0875-45d5-88b1-1f83d09e3a0a,2026-09-16T19:15:00Z,2026-09-16T21:15:00+0200,194.0,MW,DK2,DK_2,forecast_onshore_wind_generation,Wind Onshore,2026-09-15T16:22:24Z
2026-09-15T16:20:58Z,2026-09-15T18:20:58+0200,6da2bba9-0875-45d5-88b1-1f83d09e3a0a,2026-09-16T19:30:00Z,2026-09-16T21:30:00+0200,198.5,MW,DK2,DK_2,forecast_onshore_wind_generation,Wind Onshore,2026-09-15T16:22:24Z
2026-09-15T16:20:58Z,2026-09-15T18:20:58+0200,6da2bba9-0875-45d5-88b1-1f83d09e3a0a,2026-09-16T19:45:00Z,2026-09-16T21:45:00+0200,201.5,MW,DK2,DK_2,forecast_onshore_wind_generation,Wind Onshore,2026-09-15T16:22:24Z
2026-09-15T16:20:58Z,2026-09-15T18:20:58+0200,6da2bba9-0875-45d5-88b1-1f83d09e3a0a,2026-09-16T20:00:00Z,2026-09-16T22:00:00+0200,204.166666,MW,DK2,DK_2,forecast_onshore_wind_generation,Wind Onshore,2026-09-15T16:22:24Z
2026-09-15T16:20:58Z,2026-09-15T18:20:58+0200,6da2bba9-0875-45d5-88b1-1f83d09e3a0a,2026-09-16T20:15:00Z,2026-09-16T22:15:00+0200,207.5,MW,DK2,DK_2,forecast_onshore_wind_generation,Wind Onshore,2026-09-15T16:22:24Z
2026-09-15T16:20:58Z,2026-09-15T18:20:58+0200,6da2bba9-0875-45d5-88b1-1f83d09e3a0a,2026-09-16T20:30:00Z,2026-09-16T22:30:00+0200,210.5,MW,DK2,DK_2,forecast_onshore_wind_generation,Wind Onshore,2026-09-15T16:22:24Z
2026-09-15T16:20:58Z,2026-09-15T18:20:58+0200,6da2bba9-0875-45d5-88b1-1f83d09e3a0a,2026-09-16T20:45:00Z,2026-09-16T22:45:00+0200,211.833333,MW,DK2,DK_2,forecast_onshore_wind_generation,Wind Onshore,2026-09-15T16:22:24Z
2026-09-15T16:20:58Z,2026-09-15T18:20:58+0200,6da2bba9-0875-45d5-88b1-1f83d09e3a0a,2026-09-16T21:00:00Z,2026-09-16T23:00:00+0200,209.333333,MW,DK2,DK_2,forecast_onshore_wind_generation,Wind Onshore,2026-09-15T16:22:24Z
2026-09-15T16:20:58Z,2026-09-15T18:20:58+0200,6da2bba9-0875-45d5-88b1-1f83d09e3a0a,2026-09-16T21:15:00Z,2026-09-16T23:15:00+0200,204.5,MW,DK2,DK_2,forecast_onshore_wind_generation,Wind Onshore,2026-09-15T16:22:24Z
2026-09-15T16:20:58Z,2026-09-15T18:20:58+0200,6da2bba9-0875-45d5-88b1-1f83d09e3a0a,2026-09-16T21:30:00Z,2026-09-16T23:30:00+0200,199.0,MW,DK2,DK_2,forecast_onshore_wind_generation,Wind Onshore,2026-09-15T16:22:24Z
2026-09-15T16:20:58Z,2026-09-15T18:20:58+0200,6da2bba9-0875-45d5-88b1-1f83d09e3a0a,2026-09-16T21:45:00Z,2026-09-16T23:45:00+0200,195.166666,MW,DK2,DK_2,forecast_onshore_wind_generation,Wind Onshore,2026-09-15T16:22:24Z
