collection_time_utc,collection_time_local,run_id,timestamp_utc,timestamp_local,value,unit,country,entsoe_area,variable,source,updated_at_utc
2026-08-26T03:42:24Z,2026-08-26T05:42:24+0200,e96b9d4a-1054-48fe-90c7-5f4aaf55485c,2026-07-26T04:00:00Z,2026-07-26T06:00:00+0200,0.0,MW,NL,NL,actual_solar_generation,Solar | Actual Aggregated,2026-08-26T03:46:52Z
2026-08-26T03:42:24Z,2026-08-26T05:42:24+0200,e96b9d4a-1054-48fe-90c7-5f4aaf55485c,2026-07-26T04:00:00Z,2026-07-26T06:00:00+0200,1.083,MW,NL,NL,actual_solar_generation,Solar | Actual Consumption,2026-08-26T03:46:52Z
2026-08-26T03:42:24Z,2026-08-26T05:42:24+0200,e96b9d4a-1054-48fe-90c7-5f4aaf55485c,2026-07-26T04:15:00Z,2026-07-26T06:15:00+0200,0.488,MW,NL,NL,actual_solar_generation,Solar | Actual Aggregated,2026-08-26T03:46:52Z
2026-08-26T03:42:24Z,2026-08-26T05:42:24+0200,e96b9d4a-1054-48fe-90c7-5f4aaf55485c,2026-07-26T04:15:00Z,2026-07-26T06:15:00+0200,0.384,MW,NL,NL,actual_solar_generation,Solar | Actual Consumption,2026-08-26T03:46:52Z
2026-08-26T03:42:24Z,2026-08-26T05:42:24+0200,e96b9d4a-1054-48fe-90c7-5f4aaf55485c,2026-07-26T04:30:00Z,2026-07-26T06:30:00+0200,2.241,MW,NL,NL,actual_solar_generation,Solar | Actual Aggregated,2026-08-26T03:46:52Z
2026-08-26T03:42:24Z,2026-08-26T05:42:24+0200,e96b9d4a-1054-48fe-90c7-5f4aaf55485c,2026-07-26T04:30:00Z,2026-07-26T06:30:00+0200,0.129,MW,NL,NL,actual_solar_generation,Solar | Actual Consumption,2026-08-26T03:46:52Z
2026-08-26T03:42:24Z,2026-08-26T05:42:24+0200,e96b9d4a-1054-48fe-90c7-5f4aaf55485c,2026-07-26T04:45:00Z,2026-07-26T06:45:00+0200,6.611,MW,NL,NL,actual_solar_generation,Solar | Actual Aggregated,2026-08-26T03:46:52Z
2026-08-26T03:42:24Z,2026-08-26T05:42:24+0200,e96b9d4a-1054-48fe-90c7-5f4aaf55485c,2026-07-26T04:45:00Z,2026-07-26T06:45:00+0200,0.0,MW,NL,NL,actual_solar_generation,Solar | Actual Consumption,2026-08-26T03:46:52Z
2026-08-26T03:42:24Z,2026-08-26T05:42:24+0200,e96b9d4a-1054-48fe-90c7-5f4aaf55485c,2026-07-26T05:00:00Z,2026-07-26T07:00:00+0200,10.134,MW,NL,NL,actual_solar_generation,Solar | Actual Aggregated,2026-08-26T03:46:52Z
2026-08-26T03:42:24Z,2026-08-26T05:42:24+0200,e96b9d4a-1054-48fe-90c7-5f4aaf55485c,2026-07-26T05:00:00Z,2026-07-26T07:00:00+0200,0.0,MW,NL,NL,actual_solar_generation,Solar | Actual Consumption,2026-08-26T03:46:52Z
2026-08-26T03:42:24Z,2026-08-26T05:42:24+0200,e96b9d4a-1054-48fe-90c7-5f4aaf55485c,2026-07-26T05:15:00Z,2026-07-26T07:15:00+0200,12.712,MW,NL,NL,actual_solar_generation,Solar | Actual Aggregated,2026-08-26T03:46:52Z
2026-08-26T03:42:24Z,2026-08-26T05:42:24+0200,e96b9d4a-1054-48fe-90c7-5f4aaf55485c,2026-07-26T05:15:00Z,2026-07-26T07:15:00+0200,0.0,MW,NL,NL,actual_solar_generation,Solar | Actual Consumption,2026-08-26T03:46:52Z
2026-08-26T03:42:24Z,2026-08-26T05:42:24+0200,e96b9d4a-1054-48fe-90c7-5f4aaf55485c,2026-07-26T05:30:00Z,2026-07-26T07:30:00+0200,16.1,MW,NL,NL,actual_solar_generation,Solar | Actual Aggregated,2026-08-26T03:46:52Z
2026-08-26T03:42:24Z,2026-08-26T05:42:24+0200,e96b9d4a-1054-48fe-90c7-5f4aaf55485c,2026-07-26T05:30:00Z,2026-07-26T07:30:00+0200,0.0,MW,NL,NL,actual_solar_generation,Solar | Actual Consumption,2026-08-26T03:46:52Z
2026-08-26T03:42:24Z,2026-08-26T05:42:24+0200,e96b9d4a-1054-48fe-90c7-5f4aaf55485c,2026-07-26T05:45:00Z,2026-07-26T07:45:00+0200,22.447,MW,NL,NL,actual_solar_generation,Solar | Actual Aggregated,2026-08-26T03:46:52Z
2026-08-26T03:42:24Z,2026-08-26T05:42:24+0200,e96b9d4a-1054-48fe-90c7-5f4aaf55485c,2026-07-26T05:45:00Z,2026-07-26T07:45:00+0200,0.0,MW,NL,NL,actual_solar_generation,Solar | Actual Consumption,2026-08-26T03:46:52Z
2026-08-26T03:42:24Z,2026-08-26T05:42:24+0200,e96b9d4a-1054-48fe-90c7-5f4aaf55485c,2026-07-26T06:00:00Z,2026-07-26T08:00:00+0200,22.837,MW,NL,NL,actual_solar_generation,Solar | Actual Aggregated,2026-08-26T03:46:52Z
2026-08-26T03:42:24Z,2026-08-26T05:42:24+0200,e96b9d4a-1054-48fe-90c7-5f4aaf55485c,2026-07-26T06:00:00Z,2026-07-26T08:00:00+0200,0.0,MW,NL,NL,actual_solar_generation,Solar | Actual Consumption,2026-08-26T03:46:52Z
2026-08-26T03:42:24Z,2026-08-26T05:42:24+0200,e96b9d4a-1054-48fe-90c7-5f4aaf55485c,2026-07-26T06:15:00Z,2026-07-26T08:15:00+0200,27.792,MW,NL,NL,actual_solar_generation,Solar | Actual Aggregated,2026-08-26T03:46:52Z
2026-08-26T03:42:24Z,2026-08-26T05:42:24+0200,e96b9d4a-1054-48fe-90c7-5f4aaf55485c,2026-07-26T06:15:00Z,2026-07-26T08:15:00+0200,0.0,MW,NL,NL,actual_solar_generation,Solar | Actual Consumption,2026-08-26T03:46:52Z
2026-08-26T03:42:24Z,2026-08-26T05:42:24+0200,e96b9d4a-1054-48fe-90c7-5f4aaf55485c,2026-07-26T06:30:00Z,2026-07-26T08:30:00+0200,36.964,MW,NL,NL,actual_solar_generation,Solar | Actual Aggregated,2026-08-26T03:46:52Z
2026-08-26T03:42:24Z,2026-08-26T05:42:24+0200,e96b9d4a-1054-48fe-90c7-5f4aaf55485c,2026-07-26T06:30:00Z,2026-07-26T08:30:00+0200,0.0,MW,NL,NL,actual_solar_generation,Solar | Actual Consumption,2026-08-26T03:46:52Z
2026-08-26T03:42:24Z,2026-08-26T05:42:24+0200,e96b9d4a-1054-48fe-90c7-5f4aaf55485c,2026-07-26T06:45:00Z,2026-07-26T08:45:00+0200,47.597,MW,NL,NL,actual_solar_generation,Solar | Actual Aggregated,2026-08-26T03:46:52Z
2026-08-26T03:42:24Z,2026-08-26T05:42:24+0200,e96b9d4a-1054-48fe-90c7-5f4aaf55485c,2026-07-26T06:45:00Z,2026-07-26T08:45:00+0200,0.0,MW,NL,NL,actual_solar_generation,Solar | Actual Consumption,2026-08-26T03:46:52Z
2026-08-26T03:42:24Z,2026-08-26T05:42:24+0200,e96b9d4a-1054-48fe-90c7-5f4aaf55485c,2026-07-26T07:00:00Z,2026-07-26T09:00:00+0200,58.049,MW,NL,NL,actual_solar_generation,Solar | Actual Aggregated,2026-08-26T03:46:52Z
2026-08-26T03:42:24Z,2026-08-26T05:42:24+0200,e96b9d4a-1054-48fe-90c7-5f4aaf55485c,2026-07-26T07:00:00Z,2026-07-26T09:00:00+0200,0.0,MW,NL,NL,actual_solar_generation,Solar | Actual Consumption,2026-08-26T03:46:52Z
2026-08-26T03:42:24Z,2026-08-26T05:42:24+0200,e96b9d4a-1054-48fe-90c7-5f4aaf55485c,2026-07-26T07:15:00Z,2026-07-26T09:15:00+0200,73.384,MW,NL,NL,actual_solar_generation,Solar | Actual Aggregated,2026-08-26T03:46:52Z
2026-08-26T03:42:24Z,2026-08-26T05:42:24+0200,e96b9d4a-1054-48fe-90c7-5f4aaf55485c,2026-07-26T07:15:00Z,2026-07-26T09:15:00+0200,0.0,MW,NL,NL,actual_solar_generation,Solar | Actual Consumption,2026-08-26T03:46:52Z
2026-08-26T03:42:24Z,2026-08-26T05:42:24+0200,e96b9d4a-1054-48fe-90c7-5f4aaf55485c,2026-07-26T07:30:00Z,2026-07-26T09:30:00+0200,79.077,MW,NL,NL,actual_solar_generation,Solar | Actual Aggregated,2026-08-26T03:46:52Z
2026-08-26T03:42:24Z,2026-08-26T05:42:24+0200,e96b9d4a-1054-48fe-90c7-5f4aaf55485c,2026-07-26T07:30:00Z,2026-07-26T09:30:00+0200,0.0,MW,NL,NL,actual_solar_generation,Solar | Actual Consumption,2026-08-26T03:46:52Z
2026-08-26T03:42:24Z,2026-08-26T05:42:24+0200,e96b9d4a-1054-48fe-90c7-5f4aaf55485c,2026-07-26T07:45:00Z,2026-07-26T09:45:00+0200,64.7,MW,NL,NL,actual_solar_generation,Solar | Actual Aggregated,2026-08-26T03:46:52Z
2026-08-26T03:42:24Z,2026-08-26T05:42:24+0200,e96b9d4a-1054-48fe-90c7-5f4aaf55485c,2026-07-26T07:45:00Z,2026-07-26T09:45:00+0200,0.0,MW,NL,NL,actual_solar_generation,Solar | Actual Consumption,2026-08-26T03:46:52Z
2026-08-26T03:42:24Z,2026-08-26T05:42:24+0200,e96b9d4a-1054-48fe-90c7-5f4aaf55485c,2026-07-26T08:00:00Z,2026-07-26T10:00:00+0200,53.01,MW,NL,NL,actual_solar_generation,Solar | Actual Aggregated,2026-08-26T03:46:52Z
2026-08-26T03:42:24Z,2026-08-26T05:42:24+0200,e96b9d4a-1054-48fe-90c7-5f4aaf55485c,2026-07-26T08:00:00Z,2026-07-26T10:00:00+0200,0.0,MW,NL,NL,actual_solar_generation,Solar | Actual Consumption,2026-08-26T03:46:52Z
2026-08-26T03:42:24Z,2026-08-26T05:42:24+0200,e96b9d4a-1054-48fe-90c7-5f4aaf55485c,2026-07-26T08:15:00Z,2026-07-26T10:15:00+0200,53.236,MW,NL,NL,actual_solar_generation,Solar | Actual Aggregated,2026-08-26T03:46:52Z
2026-08-26T03:42:24Z,2026-08-26T05:42:24+0200,e96b9d4a-1054-48fe-90c7-5f4aaf55485c,2026-07-26T08:15:00Z,2026-07-26T10:15:00+0200,0.0,MW,NL,NL,actual_solar_generation,Solar | Actual Consumption,2026-08-26T03:46:52Z
2026-08-26T03:42:24Z,2026-08-26T05:42:24+0200,e96b9d4a-1054-48fe-90c7-5f4aaf55485c,2026-07-26T08:30:00Z,2026-07-26T10:30:00+0200,37.38,MW,NL,NL,actual_solar_generation,Solar | Actual Aggregated,2026-08-26T03:46:52Z
2026-08-26T03:42:24Z,2026-08-26T05:42:24+0200,e96b9d4a-1054-48fe-90c7-5f4aaf55485c,2026-07-26T08:30:00Z,2026-07-26T10:30:00+0200,0.0,MW,NL,NL,actual_solar_generation,Solar | Actual Consumption,2026-08-26T03:46:52Z
2026-08-26T03:42:24Z,2026-08-26T05:42:24+0200,e96b9d4a-1054-48fe-90c7-5f4aaf55485c,2026-07-26T08:45:00Z,2026-07-26T10:45:00+0200,32.318,MW,NL,NL,actual_solar_generation,Solar | Actual Aggregated,2026-08-26T03:46:52Z
2026-08-26T03:42:24Z,2026-08-26T05:42:24+0200,e96b9d4a-1054-48fe-90c7-5f4aaf55485c,2026-07-26T08:45:00Z,2026-07-26T10:45:00+0200,0.0,MW,NL,NL,actual_solar_generation,Solar | Actual Consumption,2026-08-26T03:46:52Z
2026-08-26T03:42:24Z,2026-08-26T05:42:24+0200,e96b9d4a-1054-48fe-90c7-5f4aaf55485c,2026-07-26T09:00:00Z,2026-07-26T11:00:00+0200,26.966,MW,NL,NL,actual_solar_generation,Solar | Actual Aggregated,2026-08-26T03:46:52Z
2026-08-26T03:42:24Z,2026-08-26T05:42:24+0200,e96b9d4a-1054-48fe-90c7-5f4aaf55485c,2026-07-26T09:00:00Z,2026-07-26T11:00:00+0200,0.0,MW,NL,NL,actual_solar_generation,Solar | Actual Consumption,2026-08-26T03:46:52Z
2026-08-26T03:42:24Z,2026-08-26T05:42:24+0200,e96b9d4a-1054-48fe-90c7-5f4aaf55485c,2026-07-26T09:15:00Z,2026-07-26T11:15:00+0200,42.161,MW,NL,NL,actual_solar_generation,Solar | Actual Aggregated,2026-08-26T03:46:52Z
2026-08-26T03:42:24Z,2026-08-26T05:42:24+0200,e96b9d4a-1054-48fe-90c7-5f4aaf55485c,2026-07-26T09:15:00Z,2026-07-26T11:15:00+0200,0.0,MW,NL,NL,actual_solar_generation,Solar | Actual Consumption,2026-08-26T03:46:52Z
2026-08-26T03:42:24Z,2026-08-26T05:42:24+0200,e96b9d4a-1054-48fe-90c7-5f4aaf55485c,2026-07-26T09:30:00Z,2026-07-26T11:30:00+0200,65.164,MW,NL,NL,actual_solar_generation,Solar | Actual Aggregated,2026-08-26T03:46:52Z
2026-08-26T03:42:24Z,2026-08-26T05:42:24+0200,e96b9d4a-1054-48fe-90c7-5f4aaf55485c,2026-07-26T09:30:00Z,2026-07-26T11:30:00+0200,0.0,MW,NL,NL,actual_solar_generation,Solar | Actual Consumption,2026-08-26T03:46:52Z
2026-08-26T03:42:24Z,2026-08-26T05:42:24+0200,e96b9d4a-1054-48fe-90c7-5f4aaf55485c,2026-07-26T09:45:00Z,2026-07-26T11:45:00+0200,106.161,MW,NL,NL,actual_solar_generation,Solar | Actual Aggregated,2026-08-26T03:46:52Z
2026-08-26T03:42:24Z,2026-08-26T05:42:24+0200,e96b9d4a-1054-48fe-90c7-5f4aaf55485c,2026-07-26T09:45:00Z,2026-07-26T11:45:00+0200,0.0,MW,NL,NL,actual_solar_generation,Solar | Actual Consumption,2026-08-26T03:46:52Z
2026-08-26T03:42:24Z,2026-08-26T05:42:24+0200,e96b9d4a-1054-48fe-90c7-5f4aaf55485c,2026-07-26T10:00:00Z,2026-07-26T12:00:00+0200,124.607,MW,NL,NL,actual_solar_generation,Solar | Actual Aggregated,2026-08-26T03:46:52Z
2026-08-26T03:42:24Z,2026-08-26T05:42:24+0200,e96b9d4a-1054-48fe-90c7-5f4aaf55485c,2026-07-26T10:00:00Z,2026-07-26T12:00:00+0200,0.0,MW,NL,NL,actual_solar_generation,Solar | Actual Consumption,2026-08-26T03:46:52Z
2026-08-26T03:42:24Z,2026-08-26T05:42:24+0200,e96b9d4a-1054-48fe-90c7-5f4aaf55485c,2026-07-26T10:15:00Z,2026-07-26T12:15:00+0200,117.706,MW,NL,NL,actual_solar_generation,Solar | Actual Aggregated,2026-08-26T03:46:52Z
2026-08-26T03:42:24Z,2026-08-26T05:42:24+0200,e96b9d4a-1054-48fe-90c7-5f4aaf55485c,2026-07-26T10:15:00Z,2026-07-26T12:15:00+0200,0.0,MW,NL,NL,actual_solar_generation,Solar | Actual Consumption,2026-08-26T03:46:52Z
2026-08-26T03:42:24Z,2026-08-26T05:42:24+0200,e96b9d4a-1054-48fe-90c7-5f4aaf55485c,2026-07-26T10:30:00Z,2026-07-26T12:30:00+0200,121.984,MW,NL,NL,actual_solar_generation,Solar | Actual Aggregated,2026-08-26T03:46:52Z
2026-08-26T03:42:24Z,2026-08-26T05:42:24+0200,e96b9d4a-1054-48fe-90c7-5f4aaf55485c,2026-07-26T10:30:00Z,2026-07-26T12:30:00+0200,0.0,MW,NL,NL,actual_solar_generation,Solar | Actual Consumption,2026-08-26T03:46:52Z
2026-08-26T03:42:24Z,2026-08-26T05:42:24+0200,e96b9d4a-1054-48fe-90c7-5f4aaf55485c,2026-07-26T10:45:00Z,2026-07-26T12:45:00+0200,105.925,MW,NL,NL,actual_solar_generation,Solar | Actual Aggregated,2026-08-26T03:46:52Z
2026-08-26T03:42:24Z,2026-08-26T05:42:24+0200,e96b9d4a-1054-48fe-90c7-5f4aaf55485c,2026-07-26T10:45:00Z,2026-07-26T12:45:00+0200,0.0,MW,NL,NL,actual_solar_generation,Solar | Actual Consumption,2026-08-26T03:46:52Z
2026-08-26T03:42:24Z,2026-08-26T05:42:24+0200,e96b9d4a-1054-48fe-90c7-5f4aaf55485c,2026-07-26T11:00:00Z,2026-07-26T13:00:00+0200,75.444,MW,NL,NL,actual_solar_generation,Solar | Actual Aggregated,2026-08-26T03:46:52Z
2026-08-26T03:42:24Z,2026-08-26T05:42:24+0200,e96b9d4a-1054-48fe-90c7-5f4aaf55485c,2026-07-26T11:00:00Z,2026-07-26T13:00:00+0200,0.0,MW,NL,NL,actual_solar_generation,Solar | Actual Consumption,2026-08-26T03:46:52Z
2026-08-26T03:42:24Z,2026-08-26T05:42:24+0200,e96b9d4a-1054-48fe-90c7-5f4aaf55485c,2026-07-26T11:15:00Z,2026-07-26T13:15:00+0200,80.235,MW,NL,NL,actual_solar_generation,Solar | Actual Aggregated,2026-08-26T03:46:52Z
2026-08-26T03:42:24Z,2026-08-26T05:42:24+0200,e96b9d4a-1054-48fe-90c7-5f4aaf55485c,2026-07-26T11:15:00Z,2026-07-26T13:15:00+0200,0.0,MW,NL,NL,actual_solar_generation,Solar | Actual Consumption,2026-08-26T03:46:52Z
2026-08-26T03:42:24Z,2026-08-26T05:42:24+0200,e96b9d4a-1054-48fe-90c7-5f4aaf55485c,2026-07-26T11:30:00Z,2026-07-26T13:30:00+0200,122.593,MW,NL,NL,actual_solar_generation,Solar | Actual Aggregated,2026-08-26T03:46:52Z
2026-08-26T03:42:24Z,2026-08-26T05:42:24+0200,e96b9d4a-1054-48fe-90c7-5f4aaf55485c,2026-07-26T11:30:00Z,2026-07-26T13:30:00+0200,0.0,MW,NL,NL,actual_solar_generation,Solar | Actual Consumption,2026-08-26T03:46:52Z
2026-08-26T03:42:24Z,2026-08-26T05:42:24+0200,e96b9d4a-1054-48fe-90c7-5f4aaf55485c,2026-07-26T11:45:00Z,2026-07-26T13:45:00+0200,134.564,MW,NL,NL,actual_solar_generation,Solar | Actual Aggregated,2026-08-26T03:46:52Z
2026-08-26T03:42:24Z,2026-08-26T05:42:24+0200,e96b9d4a-1054-48fe-90c7-5f4aaf55485c,2026-07-26T11:45:00Z,2026-07-26T13:45:00+0200,0.0,MW,NL,NL,actual_solar_generation,Solar | Actual Consumption,2026-08-26T03:46:52Z
2026-08-26T03:42:24Z,2026-08-26T05:42:24+0200,e96b9d4a-1054-48fe-90c7-5f4aaf55485c,2026-07-26T12:00:00Z,2026-07-26T14:00:00+0200,95.318,MW,NL,NL,actual_solar_generation,Solar | Actual Aggregated,2026-08-26T03:46:52Z
2026-08-26T03:42:24Z,2026-08-26T05:42:24+0200,e96b9d4a-1054-48fe-90c7-5f4aaf55485c,2026-07-26T12:00:00Z,2026-07-26T14:00:00+0200,0.0,MW,NL,NL,actual_solar_generation,Solar | Actual Consumption,2026-08-26T03:46:52Z
2026-08-26T03:42:24Z,2026-08-26T05:42:24+0200,e96b9d4a-1054-48fe-90c7-5f4aaf55485c,2026-07-26T12:15:00Z,2026-07-26T14:15:00+0200,96.324,MW,NL,NL,actual_solar_generation,Solar | Actual Aggregated,2026-08-26T03:46:52Z
2026-08-26T03:42:24Z,2026-08-26T05:42:24+0200,e96b9d4a-1054-48fe-90c7-5f4aaf55485c,2026-07-26T12:15:00Z,2026-07-26T14:15:00+0200,0.0,MW,NL,NL,actual_solar_generation,Solar | Actual Consumption,2026-08-26T03:46:52Z
2026-08-26T03:42:24Z,2026-08-26T05:42:24+0200,e96b9d4a-1054-48fe-90c7-5f4aaf55485c,2026-07-26T12:30:00Z,2026-07-26T14:30:00+0200,84.246,MW,NL,NL,actual_solar_generation,Solar | Actual Aggregated,2026-08-26T03:46:52Z
2026-08-26T03:42:24Z,2026-08-26T05:42:24+0200,e96b9d4a-1054-48fe-90c7-5f4aaf55485c,2026-07-26T12:30:00Z,2026-07-26T14:30:00+0200,0.0,MW,NL,NL,actual_solar_generation,Solar | Actual Consumption,2026-08-26T03:46:52Z
2026-08-26T03:42:24Z,2026-08-26T05:42:24+0200,e96b9d4a-1054-48fe-90c7-5f4aaf55485c,2026-07-26T12:45:00Z,2026-07-26T14:45:00+0200,130.215,MW,NL,NL,actual_solar_generation,Solar | Actual Aggregated,2026-08-26T03:46:52Z
2026-08-26T03:42:24Z,2026-08-26T05:42:24+0200,e96b9d4a-1054-48fe-90c7-5f4aaf55485c,2026-07-26T12:45:00Z,2026-07-26T14:45:00+0200,0.0,MW,NL,NL,actual_solar_generation,Solar | Actual Consumption,2026-08-26T03:46:52Z
2026-08-26T03:42:24Z,2026-08-26T05:42:24+0200,e96b9d4a-1054-48fe-90c7-5f4aaf55485c,2026-07-26T13:00:00Z,2026-07-26T15:00:00+0200,121.814,MW,NL,NL,actual_solar_generation,Solar | Actual Aggregated,2026-08-26T03:46:52Z
2026-08-26T03:42:24Z,2026-08-26T05:42:24+0200,e96b9d4a-1054-48fe-90c7-5f4aaf55485c,2026-07-26T13:00:00Z,2026-07-26T15:00:00+0200,0.0,MW,NL,NL,actual_solar_generation,Solar | Actual Consumption,2026-08-26T03:46:52Z
2026-08-26T03:42:24Z,2026-08-26T05:42:24+0200,e96b9d4a-1054-48fe-90c7-5f4aaf55485c,2026-07-26T13:15:00Z,2026-07-26T15:15:00+0200,144.371,MW,NL,NL,actual_solar_generation,Solar | Actual Aggregated,2026-08-26T03:46:52Z
2026-08-26T03:42:24Z,2026-08-26T05:42:24+0200,e96b9d4a-1054-48fe-90c7-5f4aaf55485c,2026-07-26T13:15:00Z,2026-07-26T15:15:00+0200,0.0,MW,NL,NL,actual_solar_generation,Solar | Actual Consumption,2026-08-26T03:46:52Z
2026-08-26T03:42:24Z,2026-08-26T05:42:24+0200,e96b9d4a-1054-48fe-90c7-5f4aaf55485c,2026-07-26T13:30:00Z,2026-07-26T15:30:00+0200,130.374,MW,NL,NL,actual_solar_generation,Solar | Actual Aggregated,2026-08-26T03:46:52Z
2026-08-26T03:42:24Z,2026-08-26T05:42:24+0200,e96b9d4a-1054-48fe-90c7-5f4aaf55485c,2026-07-26T13:30:00Z,2026-07-26T15:30:00+0200,0.0,MW,NL,NL,actual_solar_generation,Solar | Actual Consumption,2026-08-26T03:46:52Z
2026-08-26T03:42:24Z,2026-08-26T05:42:24+0200,e96b9d4a-1054-48fe-90c7-5f4aaf55485c,2026-07-26T13:45:00Z,2026-07-26T15:45:00+0200,99.024,MW,NL,NL,actual_solar_generation,Solar | Actual Aggregated,2026-08-26T03:46:52Z
2026-08-26T03:42:24Z,2026-08-26T05:42:24+0200,e96b9d4a-1054-48fe-90c7-5f4aaf55485c,2026-07-26T13:45:00Z,2026-07-26T15:45:00+0200,0.0,MW,NL,NL,actual_solar_generation,Solar | Actual Consumption,2026-08-26T03:46:52Z
2026-08-26T03:42:24Z,2026-08-26T05:42:24+0200,e96b9d4a-1054-48fe-90c7-5f4aaf55485c,2026-07-26T14:00:00Z,2026-07-26T16:00:00+0200,99.613,MW,NL,NL,actual_solar_generation,Solar | Actual Aggregated,2026-08-26T03:46:52Z
2026-08-26T03:42:24Z,2026-08-26T05:42:24+0200,e96b9d4a-1054-48fe-90c7-5f4aaf55485c,2026-07-26T14:00:00Z,2026-07-26T16:00:00+0200,0.0,MW,NL,NL,actual_solar_generation,Solar | Actual Consumption,2026-08-26T03:46:52Z
2026-08-26T03:42:24Z,2026-08-26T05:42:24+0200,e96b9d4a-1054-48fe-90c7-5f4aaf55485c,2026-07-26T14:15:00Z,2026-07-26T16:15:00+0200,163.716,MW,NL,NL,actual_solar_generation,Solar | Actual Aggregated,2026-08-26T03:46:52Z
2026-08-26T03:42:24Z,2026-08-26T05:42:24+0200,e96b9d4a-1054-48fe-90c7-5f4aaf55485c,2026-07-26T14:15:00Z,2026-07-26T16:15:00+0200,0.0,MW,NL,NL,actual_solar_generation,Solar | Actual Consumption,2026-08-26T03:46:52Z
2026-08-26T03:42:24Z,2026-08-26T05:42:24+0200,e96b9d4a-1054-48fe-90c7-5f4aaf55485c,2026-07-26T14:30:00Z,2026-07-26T16:30:00+0200,156.478,MW,NL,NL,actual_solar_generation,Solar | Actual Aggregated,2026-08-26T03:46:52Z
2026-08-26T03:42:24Z,2026-08-26T05:42:24+0200,e96b9d4a-1054-48fe-90c7-5f4aaf55485c,2026-07-26T14:30:00Z,2026-07-26T16:30:00+0200,0.0,MW,NL,NL,actual_solar_generation,Solar | Actual Consumption,2026-08-26T03:46:52Z
2026-08-26T03:42:24Z,2026-08-26T05:42:24+0200,e96b9d4a-1054-48fe-90c7-5f4aaf55485c,2026-07-26T14:45:00Z,2026-07-26T16:45:00+0200,144.87,MW,NL,NL,actual_solar_generation,Solar | Actual Aggregated,2026-08-26T03:46:52Z
2026-08-26T03:42:24Z,2026-08-26T05:42:24+0200,e96b9d4a-1054-48fe-90c7-5f4aaf55485c,2026-07-26T14:45:00Z,2026-07-26T16:45:00+0200,0.0,MW,NL,NL,actual_solar_generation,Solar | Actual Consumption,2026-08-26T03:46:52Z
2026-08-26T03:42:24Z,2026-08-26T05:42:24+0200,e96b9d4a-1054-48fe-90c7-5f4aaf55485c,2026-07-26T15:00:00Z,2026-07-26T17:00:00+0200,165.929,MW,NL,NL,actual_solar_generation,Solar | Actual Aggregated,2026-08-26T03:46:52Z
2026-08-26T03:42:24Z,2026-08-26T05:42:24+0200,e96b9d4a-1054-48fe-90c7-5f4aaf55485c,2026-07-26T15:00:00Z,2026-07-26T17:00:00+0200,0.0,MW,NL,NL,actual_solar_generation,Solar | Actual Consumption,2026-08-26T03:46:52Z
2026-08-26T03:42:24Z,2026-08-26T05:42:24+0200,e96b9d4a-1054-48fe-90c7-5f4aaf55485c,2026-07-26T15:15:00Z,2026-07-26T17:15:00+0200,111.964,MW,NL,NL,actual_solar_generation,Solar | Actual Aggregated,2026-08-26T03:46:52Z
2026-08-26T03:42:24Z,2026-08-26T05:42:24+0200,e96b9d4a-1054-48fe-90c7-5f4aaf55485c,2026-07-26T15:15:00Z,2026-07-26T17:15:00+0200,0.0,MW,NL,NL,actual_solar_generation,Solar | Actual Consumption,2026-08-26T03:46:52Z
2026-08-26T03:42:24Z,2026-08-26T05:42:24+0200,e96b9d4a-1054-48fe-90c7-5f4aaf55485c,2026-07-26T15:30:00Z,2026-07-26T17:30:00+0200,106.298,MW,NL,NL,actual_solar_generation,Solar | Actual Aggregated,2026-08-26T03:46:52Z
2026-08-26T03:42:24Z,2026-08-26T05:42:24+0200,e96b9d4a-1054-48fe-90c7-5f4aaf55485c,2026-07-26T15:30:00Z,2026-07-26T17:30:00+0200,0.0,MW,NL,NL,actual_solar_generation,Solar | Actual Consumption,2026-08-26T03:46:52Z
2026-08-26T03:42:24Z,2026-08-26T05:42:24+0200,e96b9d4a-1054-48fe-90c7-5f4aaf55485c,2026-07-26T15:45:00Z,2026-07-26T17:45:00+0200,127.436,MW,NL,NL,actual_solar_generation,Solar | Actual Aggregated,2026-08-26T03:46:52Z
2026-08-26T03:42:24Z,2026-08-26T05:42:24+0200,e96b9d4a-1054-48fe-90c7-5f4aaf55485c,2026-07-26T15:45:00Z,2026-07-26T17:45:00+0200,0.0,MW,NL,NL,actual_solar_generation,Solar | Actual Consumption,2026-08-26T03:46:52Z
2026-08-26T03:42:24Z,2026-08-26T05:42:24+0200,e96b9d4a-1054-48fe-90c7-5f4aaf55485c,2026-07-26T16:00:00Z,2026-07-26T18:00:00+0200,112.828,MW,NL,NL,actual_solar_generation,Solar | Actual Aggregated,2026-08-26T03:46:52Z
2026-08-26T03:42:24Z,2026-08-26T05:42:24+0200,e96b9d4a-1054-48fe-90c7-5f4aaf55485c,2026-07-26T16:00:00Z,2026-07-26T18:00:00+0200,0.0,MW,NL,NL,actual_solar_generation,Solar | Actual Consumption,2026-08-26T03:46:52Z
2026-08-26T03:42:24Z,2026-08-26T05:42:24+0200,e96b9d4a-1054-48fe-90c7-5f4aaf55485c,2026-07-26T16:15:00Z,2026-07-26T18:15:00+0200,104.903,MW,NL,NL,actual_solar_generation,Solar | Actual Aggregated,2026-08-26T03:46:52Z
2026-08-26T03:42:24Z,2026-08-26T05:42:24+0200,e96b9d4a-1054-48fe-90c7-5f4aaf55485c,2026-07-26T16:15:00Z,2026-07-26T18:15:00+0200,0.0,MW,NL,NL,actual_solar_generation,Solar | Actual Consumption,2026-08-26T03:46:52Z
2026-08-26T03:42:24Z,2026-08-26T05:42:24+0200,e96b9d4a-1054-48fe-90c7-5f4aaf55485c,2026-07-26T16:30:00Z,2026-07-26T18:30:00+0200,119.162,MW,NL,NL,actual_solar_generation,Solar | Actual Aggregated,2026-08-26T03:46:52Z
2026-08-26T03:42:24Z,2026-08-26T05:42:24+0200,e96b9d4a-1054-48fe-90c7-5f4aaf55485c,2026-07-26T16:30:00Z,2026-07-26T18:30:00+0200,0.0,MW,NL,NL,actual_solar_generation,Solar | Actual Consumption,2026-08-26T03:46:52Z
2026-08-26T03:42:24Z,2026-08-26T05:42:24+0200,e96b9d4a-1054-48fe-90c7-5f4aaf55485c,2026-07-26T16:45:00Z,2026-07-26T18:45:00+0200,104.27,MW,NL,NL,actual_solar_generation,Solar | Actual Aggregated,2026-08-26T03:46:52Z
2026-08-26T03:42:24Z,2026-08-26T05:42:24+0200,e96b9d4a-1054-48fe-90c7-5f4aaf55485c,2026-07-26T16:45:00Z,2026-07-26T18:45:00+0200,0.0,MW,NL,NL,actual_solar_generation,Solar | Actual Consumption,2026-08-26T03:46:52Z
2026-08-26T03:42:24Z,2026-08-26T05:42:24+0200,e96b9d4a-1054-48fe-90c7-5f4aaf55485c,2026-07-26T17:00:00Z,2026-07-26T19:00:00+0200,79.637,MW,NL,NL,actual_solar_generation,Solar | Actual Aggregated,2026-08-26T03:46:52Z
2026-08-26T03:42:24Z,2026-08-26T05:42:24+0200,e96b9d4a-1054-48fe-90c7-5f4aaf55485c,2026-07-26T17:00:00Z,2026-07-26T19:00:00+0200,0.0,MW,NL,NL,actual_solar_generation,Solar | Actual Consumption,2026-08-26T03:46:52Z
2026-08-26T03:42:24Z,2026-08-26T05:42:24+0200,e96b9d4a-1054-48fe-90c7-5f4aaf55485c,2026-07-26T17:15:00Z,2026-07-26T19:15:00+0200,57.763,MW,NL,NL,actual_solar_generation,Solar | Actual Aggregated,2026-08-26T03:46:52Z
2026-08-26T03:42:24Z,2026-08-26T05:42:24+0200,e96b9d4a-1054-48fe-90c7-5f4aaf55485c,2026-07-26T17:15:00Z,2026-07-26T19:15:00+0200,0.0,MW,NL,NL,actual_solar_generation,Solar | Actual Consumption,2026-08-26T03:46:52Z
2026-08-26T03:42:24Z,2026-08-26T05:42:24+0200,e96b9d4a-1054-48fe-90c7-5f4aaf55485c,2026-07-26T17:30:00Z,2026-07-26T19:30:00+0200,40.686,MW,NL,NL,actual_solar_generation,Solar | Actual Aggregated,2026-08-26T03:46:52Z
2026-08-26T03:42:24Z,2026-08-26T05:42:24+0200,e96b9d4a-1054-48fe-90c7-5f4aaf55485c,2026-07-26T17:30:00Z,2026-07-26T19:30:00+0200,0.0,MW,NL,NL,actual_solar_generation,Solar | Actual Consumption,2026-08-26T03:46:52Z
2026-08-26T03:42:24Z,2026-08-26T05:42:24+0200,e96b9d4a-1054-48fe-90c7-5f4aaf55485c,2026-07-26T17:45:00Z,2026-07-26T19:45:00+0200,36.244,MW,NL,NL,actual_solar_generation,Solar | Actual Aggregated,2026-08-26T03:46:52Z
2026-08-26T03:42:24Z,2026-08-26T05:42:24+0200,e96b9d4a-1054-48fe-90c7-5f4aaf55485c,2026-07-26T17:45:00Z,2026-07-26T19:45:00+0200,0.0,MW,NL,NL,actual_solar_generation,Solar | Actual Consumption,2026-08-26T03:46:52Z
2026-08-26T03:42:24Z,2026-08-26T05:42:24+0200,e96b9d4a-1054-48fe-90c7-5f4aaf55485c,2026-07-26T18:00:00Z,2026-07-26T20:00:00+0200,21.838,MW,NL,NL,actual_solar_generation,Solar | Actual Aggregated,2026-08-26T03:46:52Z
2026-08-26T03:42:24Z,2026-08-26T05:42:24+0200,e96b9d4a-1054-48fe-90c7-5f4aaf55485c,2026-07-26T18:00:00Z,2026-07-26T20:00:00+0200,0.0,MW,NL,NL,actual_solar_generation,Solar | Actual Consumption,2026-08-26T03:46:52Z
2026-08-26T03:42:24Z,2026-08-26T05:42:24+0200,e96b9d4a-1054-48fe-90c7-5f4aaf55485c,2026-07-26T18:15:00Z,2026-07-26T20:15:00+0200,18.986,MW,NL,NL,actual_solar_generation,Solar | Actual Aggregated,2026-08-26T03:46:52Z
2026-08-26T03:42:24Z,2026-08-26T05:42:24+0200,e96b9d4a-1054-48fe-90c7-5f4aaf55485c,2026-07-26T18:15:00Z,2026-07-26T20:15:00+0200,0.0,MW,NL,NL,actual_solar_generation,Solar | Actual Consumption,2026-08-26T03:46:52Z
2026-08-26T03:42:24Z,2026-08-26T05:42:24+0200,e96b9d4a-1054-48fe-90c7-5f4aaf55485c,2026-07-26T18:30:00Z,2026-07-26T20:30:00+0200,13.057,MW,NL,NL,actual_solar_generation,Solar | Actual Aggregated,2026-08-26T03:46:52Z
2026-08-26T03:42:24Z,2026-08-26T05:42:24+0200,e96b9d4a-1054-48fe-90c7-5f4aaf55485c,2026-07-26T18:30:00Z,2026-07-26T20:30:00+0200,0.0,MW,NL,NL,actual_solar_generation,Solar | Actual Consumption,2026-08-26T03:46:52Z
2026-08-26T03:42:24Z,2026-08-26T05:42:24+0200,e96b9d4a-1054-48fe-90c7-5f4aaf55485c,2026-07-26T18:45:00Z,2026-07-26T20:45:00+0200,11.282,MW,NL,NL,actual_solar_generation,Solar | Actual Aggregated,2026-08-26T03:46:52Z
2026-08-26T03:42:24Z,2026-08-26T05:42:24+0200,e96b9d4a-1054-48fe-90c7-5f4aaf55485c,2026-07-26T18:45:00Z,2026-07-26T20:45:00+0200,0.002,MW,NL,NL,actual_solar_generation,Solar | Actual Consumption,2026-08-26T03:46:52Z
2026-08-26T03:42:24Z,2026-08-26T05:42:24+0200,e96b9d4a-1054-48fe-90c7-5f4aaf55485c,2026-07-26T19:00:00Z,2026-07-26T21:00:00+0200,5.0,MW,NL,NL,actual_solar_generation,Solar | Actual Aggregated,2026-08-26T03:46:52Z
2026-08-26T03:42:24Z,2026-08-26T05:42:24+0200,e96b9d4a-1054-48fe-90c7-5f4aaf55485c,2026-07-26T19:00:00Z,2026-07-26T21:00:00+0200,0.005,MW,NL,NL,actual_solar_generation,Solar | Actual Consumption,2026-08-26T03:46:52Z
2026-08-26T03:42:24Z,2026-08-26T05:42:24+0200,e96b9d4a-1054-48fe-90c7-5f4aaf55485c,2026-07-26T19:15:00Z,2026-07-26T21:15:00+0200,1.643,MW,NL,NL,actual_solar_generation,Solar | Actual Aggregated,2026-08-26T03:46:52Z
2026-08-26T03:42:24Z,2026-08-26T05:42:24+0200,e96b9d4a-1054-48fe-90c7-5f4aaf55485c,2026-07-26T19:15:00Z,2026-07-26T21:15:00+0200,0.011,MW,NL,NL,actual_solar_generation,Solar | Actual Consumption,2026-08-26T03:46:52Z
2026-08-26T03:42:24Z,2026-08-26T05:42:24+0200,e96b9d4a-1054-48fe-90c7-5f4aaf55485c,2026-07-26T19:30:00Z,2026-07-26T21:30:00+0200,0.041,MW,NL,NL,actual_solar_generation,Solar | Actual Aggregated,2026-08-26T03:46:52Z
2026-08-26T03:42:24Z,2026-08-26T05:42:24+0200,e96b9d4a-1054-48fe-90c7-5f4aaf55485c,2026-07-26T19:30:00Z,2026-07-26T21:30:00+0200,0.61,MW,NL,NL,actual_solar_generation,Solar | Actual Consumption,2026-08-26T03:46:52Z
2026-08-26T03:42:24Z,2026-08-26T05:42:24+0200,e96b9d4a-1054-48fe-90c7-5f4aaf55485c,2026-07-26T19:45:00Z,2026-07-26T21:45:00+0200,0.0,MW,NL,NL,actual_solar_generation,Solar | Actual Aggregated,2026-08-26T03:46:52Z
2026-08-26T03:42:24Z,2026-08-26T05:42:24+0200,e96b9d4a-1054-48fe-90c7-5f4aaf55485c,2026-07-26T19:45:00Z,2026-07-26T21:45:00+0200,1.404,MW,NL,NL,actual_solar_generation,Solar | Actual Consumption,2026-08-26T03:46:52Z
2026-08-26T03:42:24Z,2026-08-26T05:42:24+0200,e96b9d4a-1054-48fe-90c7-5f4aaf55485c,2026-07-26T20:00:00Z,2026-07-26T22:00:00+0200,0.0,MW,NL,NL,actual_solar_generation,Solar | Actual Aggregated,2026-08-26T03:46:52Z
2026-08-26T03:42:24Z,2026-08-26T05:42:24+0200,e96b9d4a-1054-48fe-90c7-5f4aaf55485c,2026-07-26T20:00:00Z,2026-07-26T22:00:00+0200,1.315,MW,NL,NL,actual_solar_generation,Solar | Actual Consumption,2026-08-26T03:46:52Z
2026-08-26T03:42:24Z,2026-08-26T05:42:24+0200,e96b9d4a-1054-48fe-90c7-5f4aaf55485c,2026-07-26T20:15:00Z,2026-07-26T22:15:00+0200,0.0,MW,NL,NL,actual_solar_generation,Solar | Actual Aggregated,2026-08-26T03:46:52Z
2026-08-26T03:42:24Z,2026-08-26T05:42:24+0200,e96b9d4a-1054-48fe-90c7-5f4aaf55485c,2026-07-26T20:15:00Z,2026-07-26T22:15:00+0200,1.31,MW,NL,NL,actual_solar_generation,Solar | Actual Consumption,2026-08-26T03:46:52Z
2026-08-26T03:42:24Z,2026-08-26T05:42:24+0200,e96b9d4a-1054-48fe-90c7-5f4aaf55485c,2026-07-26T20:30:00Z,2026-07-26T22:30:00+0200,0.0,MW,NL,NL,actual_solar_generation,Solar | Actual Aggregated,2026-08-26T03:46:52Z
2026-08-26T03:42:24Z,2026-08-26T05:42:24+0200,e96b9d4a-1054-48fe-90c7-5f4aaf55485c,2026-07-26T20:30:00Z,2026-07-26T22:30:00+0200,1.35,MW,NL,NL,actual_solar_generation,Solar | Actual Consumption,2026-08-26T03:46:52Z
2026-08-26T03:42:24Z,2026-08-26T05:42:24+0200,e96b9d4a-1054-48fe-90c7-5f4aaf55485c,2026-07-26T20:45:00Z,2026-07-26T22:45:00+0200,0.0,MW,NL,NL,actual_solar_generation,Solar | Actual Aggregated,2026-08-26T03:46:52Z
2026-08-26T03:42:24Z,2026-08-26T05:42:24+0200,e96b9d4a-1054-48fe-90c7-5f4aaf55485c,2026-07-26T20:45:00Z,2026-07-26T22:45:00+0200,1.34,MW,NL,NL,actual_solar_generation,Solar | Actual Consumption,2026-08-26T03:46:52Z
2026-08-26T03:42:24Z,2026-08-26T05:42:24+0200,e96b9d4a-1054-48fe-90c7-5f4aaf55485c,2026-07-26T21:00:00Z,2026-07-26T23:00:00+0200,0.0,MW,NL,NL,actual_solar_generation,Solar | Actual Aggregated,2026-08-26T03:46:52Z
2026-08-26T03:42:24Z,2026-08-26T05:42:24+0200,e96b9d4a-1054-48fe-90c7-5f4aaf55485c,2026-07-26T21:00:00Z,2026-07-26T23:00:00+0200,1.281,MW,NL,NL,actual_solar_generation,Solar | Actual Consumption,2026-08-26T03:46:52Z
2026-08-26T03:42:24Z,2026-08-26T05:42:24+0200,e96b9d4a-1054-48fe-90c7-5f4aaf55485c,2026-07-26T21:15:00Z,2026-07-26T23:15:00+0200,0.0,MW,NL,NL,actual_solar_generation,Solar | Actual Aggregated,2026-08-26T03:46:52Z
2026-08-26T03:42:24Z,2026-08-26T05:42:24+0200,e96b9d4a-1054-48fe-90c7-5f4aaf55485c,2026-07-26T21:15:00Z,2026-07-26T23:15:00+0200,1.364,MW,NL,NL,actual_solar_generation,Solar | Actual Consumption,2026-08-26T03:46:52Z
2026-08-26T03:42:24Z,2026-08-26T05:42:24+0200,e96b9d4a-1054-48fe-90c7-5f4aaf55485c,2026-07-26T21:30:00Z,2026-07-26T23:30:00+0200,0.0,MW,NL,NL,actual_solar_generation,Solar | Actual Aggregated,2026-08-26T03:46:52Z
2026-08-26T03:42:24Z,2026-08-26T05:42:24+0200,e96b9d4a-1054-48fe-90c7-5f4aaf55485c,2026-07-26T21:30:00Z,2026-07-26T23:30:00+0200,1.323,MW,NL,NL,actual_solar_generation,Solar | Actual Consumption,2026-08-26T03:46:52Z
2026-08-26T03:42:24Z,2026-08-26T05:42:24+0200,e96b9d4a-1054-48fe-90c7-5f4aaf55485c,2026-07-26T21:45:00Z,2026-07-26T23:45:00+0200,0.0,MW,NL,NL,actual_solar_generation,Solar | Actual Aggregated,2026-08-26T03:46:52Z
2026-08-26T03:42:24Z,2026-08-26T05:42:24+0200,e96b9d4a-1054-48fe-90c7-5f4aaf55485c,2026-07-26T21:45:00Z,2026-07-26T23:45:00+0200,1.357,MW,NL,NL,actual_solar_generation,Solar | Actual Consumption,2026-08-26T03:46:52Z
2026-08-26T03:42:24Z,2026-08-26T05:42:24+0200,e96b9d4a-1054-48fe-90c7-5f4aaf55485c,2026-07-26T22:00:00Z,2026-07-27T00:00:00+0200,0.0,MW,NL,NL,actual_solar_generation,Solar | Actual Aggregated,2026-08-26T03:46:52Z
2026-08-26T03:42:24Z,2026-08-26T05:42:24+0200,e96b9d4a-1054-48fe-90c7-5f4aaf55485c,2026-07-26T22:00:00Z,2026-07-27T00:00:00+0200,1.328,MW,NL,NL,actual_solar_generation,Solar | Actual Consumption,2026-08-26T03:46:52Z
2026-08-26T03:42:24Z,2026-08-26T05:42:24+0200,e96b9d4a-1054-48fe-90c7-5f4aaf55485c,2026-07-26T22:15:00Z,2026-07-27T00:15:00+0200,0.0,MW,NL,NL,actual_solar_generation,Solar | Actual Aggregated,2026-08-26T03:46:52Z
2026-08-26T03:42:24Z,2026-08-26T05:42:24+0200,e96b9d4a-1054-48fe-90c7-5f4aaf55485c,2026-07-26T22:15:00Z,2026-07-27T00:15:00+0200,1.325,MW,NL,NL,actual_solar_generation,Solar | Actual Consumption,2026-08-26T03:46:52Z
2026-08-26T03:42:24Z,2026-08-26T05:42:24+0200,e96b9d4a-1054-48fe-90c7-5f4aaf55485c,2026-07-26T22:30:00Z,2026-07-27T00:30:00+0200,0.0,MW,NL,NL,actual_solar_generation,Solar | Actual Aggregated,2026-08-26T03:46:52Z
2026-08-26T03:42:24Z,2026-08-26T05:42:24+0200,e96b9d4a-1054-48fe-90c7-5f4aaf55485c,2026-07-26T22:30:00Z,2026-07-27T00:30:00+0200,1.36,MW,NL,NL,actual_solar_generation,Solar | Actual Consumption,2026-08-26T03:46:52Z
2026-08-26T03:42:24Z,2026-08-26T05:42:24+0200,e96b9d4a-1054-48fe-90c7-5f4aaf55485c,2026-07-26T22:45:00Z,2026-07-27T00:45:00+0200,0.0,MW,NL,NL,actual_solar_generation,Solar | Actual Aggregated,2026-08-26T03:46:52Z
2026-08-26T03:42:24Z,2026-08-26T05:42:24+0200,e96b9d4a-1054-48fe-90c7-5f4aaf55485c,2026-07-26T22:45:00Z,2026-07-27T00:45:00+0200,1.323,MW,NL,NL,actual_solar_generation,Solar | Actual Consumption,2026-08-26T03:46:52Z
2026-08-26T03:42:24Z,2026-08-26T05:42:24+0200,e96b9d4a-1054-48fe-90c7-5f4aaf55485c,2026-07-26T23:00:00Z,2026-07-27T01:00:00+0200,0.0,MW,NL,NL,actual_solar_generation,Solar | Actual Aggregated,2026-08-26T03:46:52Z
2026-08-26T03:42:24Z,2026-08-26T05:42:24+0200,e96b9d4a-1054-48fe-90c7-5f4aaf55485c,2026-07-26T23:00:00Z,2026-07-27T01:00:00+0200,1.358,MW,NL,NL,actual_solar_generation,Solar | Actual Consumption,2026-08-26T03:46:52Z
2026-08-26T03:42:24Z,2026-08-26T05:42:24+0200,e96b9d4a-1054-48fe-90c7-5f4aaf55485c,2026-07-26T23:15:00Z,2026-07-27T01:15:00+0200,0.0,MW,NL,NL,actual_solar_generation,Solar | Actual Aggregated,2026-08-26T03:46:52Z
2026-08-26T03:42:24Z,2026-08-26T05:42:24+0200,e96b9d4a-1054-48fe-90c7-5f4aaf55485c,2026-07-26T23:15:00Z,2026-07-27T01:15:00+0200,1.34,MW,NL,NL,actual_solar_generation,Solar | Actual Consumption,2026-08-26T03:46:52Z
2026-08-26T03:42:24Z,2026-08-26T05:42:24+0200,e96b9d4a-1054-48fe-90c7-5f4aaf55485c,2026-07-26T23:30:00Z,2026-07-27T01:30:00+0200,0.0,MW,NL,NL,actual_solar_generation,Solar | Actual Aggregated,2026-08-26T03:46:52Z
2026-08-26T03:42:24Z,2026-08-26T05:42:24+0200,e96b9d4a-1054-48fe-90c7-5f4aaf55485c,2026-07-26T23:30:00Z,2026-07-27T01:30:00+0200,1.364,MW,NL,NL,actual_solar_generation,Solar | Actual Consumption,2026-08-26T03:46:52Z
2026-08-26T03:42:24Z,2026-08-26T05:42:24+0200,e96b9d4a-1054-48fe-90c7-5f4aaf55485c,2026-07-26T23:45:00Z,2026-07-27T01:45:00+0200,0.0,MW,NL,NL,actual_solar_generation,Solar | Actual Aggregated,2026-08-26T03:46:52Z
2026-08-26T03:42:24Z,2026-08-26T05:42:24+0200,e96b9d4a-1054-48fe-90c7-5f4aaf55485c,2026-07-26T23:45:00Z,2026-07-27T01:45:00+0200,1.34,MW,NL,NL,actual_solar_generation,Solar | Actual Consumption,2026-08-26T03:46:52Z
2026-08-26T03:42:24Z,2026-08-26T05:42:24+0200,e96b9d4a-1054-48fe-90c7-5f4aaf55485c,2026-07-27T00:00:00Z,2026-07-27T02:00:00+0200,0.0,MW,NL,NL,actual_solar_generation,Solar | Actual Aggregated,2026-08-26T03:46:52Z
2026-08-26T03:42:24Z,2026-08-26T05:42:24+0200,e96b9d4a-1054-48fe-90c7-5f4aaf55485c,2026-07-27T00:00:00Z,2026-07-27T02:00:00+0200,1.357,MW,NL,NL,actual_solar_generation,Solar | Actual Consumption,2026-08-26T03:46:52Z
2026-08-26T03:42:24Z,2026-08-26T05:42:24+0200,e96b9d4a-1054-48fe-90c7-5f4aaf55485c,2026-07-27T00:15:00Z,2026-07-27T02:15:00+0200,0.0,MW,NL,NL,actual_solar_generation,Solar | Actual Aggregated,2026-08-26T03:46:52Z
2026-08-26T03:42:24Z,2026-08-26T05:42:24+0200,e96b9d4a-1054-48fe-90c7-5f4aaf55485c,2026-07-27T00:15:00Z,2026-07-27T02:15:00+0200,1.323,MW,NL,NL,actual_solar_generation,Solar | Actual Consumption,2026-08-26T03:46:52Z
2026-08-26T03:42:24Z,2026-08-26T05:42:24+0200,e96b9d4a-1054-48fe-90c7-5f4aaf55485c,2026-07-27T00:30:00Z,2026-07-27T02:30:00+0200,0.0,MW,NL,NL,actual_solar_generation,Solar | Actual Aggregated,2026-08-26T03:46:52Z
2026-08-26T03:42:24Z,2026-08-26T05:42:24+0200,e96b9d4a-1054-48fe-90c7-5f4aaf55485c,2026-07-27T00:30:00Z,2026-07-27T02:30:00+0200,1.313,MW,NL,NL,actual_solar_generation,Solar | Actual Consumption,2026-08-26T03:46:52Z
2026-08-26T03:42:24Z,2026-08-26T05:42:24+0200,e96b9d4a-1054-48fe-90c7-5f4aaf55485c,2026-07-27T00:45:00Z,2026-07-27T02:45:00+0200,0.0,MW,NL,NL,actual_solar_generation,Solar | Actual Aggregated,2026-08-26T03:46:52Z
2026-08-26T03:42:24Z,2026-08-26T05:42:24+0200,e96b9d4a-1054-48fe-90c7-5f4aaf55485c,2026-07-27T00:45:00Z,2026-07-27T02:45:00+0200,1.361,MW,NL,NL,actual_solar_generation,Solar | Actual Consumption,2026-08-26T03:46:52Z
2026-08-26T03:42:24Z,2026-08-26T05:42:24+0200,e96b9d4a-1054-48fe-90c7-5f4aaf55485c,2026-07-27T01:00:00Z,2026-07-27T03:00:00+0200,0.0,MW,NL,NL,actual_solar_generation,Solar | Actual Aggregated,2026-08-26T03:46:52Z
2026-08-26T03:42:24Z,2026-08-26T05:42:24+0200,e96b9d4a-1054-48fe-90c7-5f4aaf55485c,2026-07-27T01:00:00Z,2026-07-27T03:00:00+0200,1.283,MW,NL,NL,actual_solar_generation,Solar | Actual Consumption,2026-08-26T03:46:52Z
2026-08-26T03:42:24Z,2026-08-26T05:42:24+0200,e96b9d4a-1054-48fe-90c7-5f4aaf55485c,2026-07-27T01:15:00Z,2026-07-27T03:15:00+0200,0.0,MW,NL,NL,actual_solar_generation,Solar | Actual Aggregated,2026-08-26T03:46:52Z
2026-08-26T03:42:24Z,2026-08-26T05:42:24+0200,e96b9d4a-1054-48fe-90c7-5f4aaf55485c,2026-07-27T01:15:00Z,2026-07-27T03:15:00+0200,1.363,MW,NL,NL,actual_solar_generation,Solar | Actual Consumption,2026-08-26T03:46:52Z
2026-08-26T03:42:24Z,2026-08-26T05:42:24+0200,e96b9d4a-1054-48fe-90c7-5f4aaf55485c,2026-07-27T01:30:00Z,2026-07-27T03:30:00+0200,0.0,MW,NL,NL,actual_solar_generation,Solar | Actual Aggregated,2026-08-26T03:46:52Z
2026-08-26T03:42:24Z,2026-08-26T05:42:24+0200,e96b9d4a-1054-48fe-90c7-5f4aaf55485c,2026-07-27T01:30:00Z,2026-07-27T03:30:00+0200,1.319,MW,NL,NL,actual_solar_generation,Solar | Actual Consumption,2026-08-26T03:46:52Z
2026-08-26T03:42:24Z,2026-08-26T05:42:24+0200,e96b9d4a-1054-48fe-90c7-5f4aaf55485c,2026-07-27T01:45:00Z,2026-07-27T03:45:00+0200,0.0,MW,NL,NL,actual_solar_generation,Solar | Actual Aggregated,2026-08-26T03:46:52Z
2026-08-26T03:42:24Z,2026-08-26T05:42:24+0200,e96b9d4a-1054-48fe-90c7-5f4aaf55485c,2026-07-27T01:45:00Z,2026-07-27T03:45:00+0200,1.359,MW,NL,NL,actual_solar_generation,Solar | Actual Consumption,2026-08-26T03:46:52Z
2026-08-26T03:42:24Z,2026-08-26T05:42:24+0200,e96b9d4a-1054-48fe-90c7-5f4aaf55485c,2026-07-27T02:00:00Z,2026-07-27T04:00:00+0200,0.0,MW,NL,NL,actual_solar_generation,Solar | Actual Aggregated,2026-08-26T03:46:52Z
2026-08-26T03:42:24Z,2026-08-26T05:42:24+0200,e96b9d4a-1054-48fe-90c7-5f4aaf55485c,2026-07-27T02:00:00Z,2026-07-27T04:00:00+0200,1.318,MW,NL,NL,actual_solar_generation,Solar | Actual Consumption,2026-08-26T03:46:52Z
2026-08-26T03:42:24Z,2026-08-26T05:42:24+0200,e96b9d4a-1054-48fe-90c7-5f4aaf55485c,2026-07-27T02:15:00Z,2026-07-27T04:15:00+0200,0.0,MW,NL,NL,actual_solar_generation,Solar | Actual Aggregated,2026-08-26T03:46:52Z
2026-08-26T03:42:24Z,2026-08-26T05:42:24+0200,e96b9d4a-1054-48fe-90c7-5f4aaf55485c,2026-07-27T02:15:00Z,2026-07-27T04:15:00+0200,1.357,MW,NL,NL,actual_solar_generation,Solar | Actual Consumption,2026-08-26T03:46:52Z
2026-08-26T03:42:24Z,2026-08-26T05:42:24+0200,e96b9d4a-1054-48fe-90c7-5f4aaf55485c,2026-07-27T02:30:00Z,2026-07-27T04:30:00+0200,0.0,MW,NL,NL,actual_solar_generation,Solar | Actual Aggregated,2026-08-26T03:46:52Z
2026-08-26T03:42:24Z,2026-08-26T05:42:24+0200,e96b9d4a-1054-48fe-90c7-5f4aaf55485c,2026-07-27T02:30:00Z,2026-07-27T04:30:00+0200,1.324,MW,NL,NL,actual_solar_generation,Solar | Actual Consumption,2026-08-26T03:46:52Z
2026-08-26T03:42:24Z,2026-08-26T05:42:24+0200,e96b9d4a-1054-48fe-90c7-5f4aaf55485c,2026-07-27T02:45:00Z,2026-07-27T04:45:00+0200,0.0,MW,NL,NL,actual_solar_generation,Solar | Actual Aggregated,2026-08-26T03:46:52Z
2026-08-26T03:42:24Z,2026-08-26T05:42:24+0200,e96b9d4a-1054-48fe-90c7-5f4aaf55485c,2026-07-27T02:45:00Z,2026-07-27T04:45:00+0200,1.362,MW,NL,NL,actual_solar_generation,Solar | Actual Consumption,2026-08-26T03:46:52Z
2026-08-26T03:42:24Z,2026-08-26T05:42:24+0200,e96b9d4a-1054-48fe-90c7-5f4aaf55485c,2026-07-27T03:00:00Z,2026-07-27T05:00:00+0200,0.0,MW,NL,NL,actual_solar_generation,Solar | Actual Aggregated,2026-08-26T03:46:52Z
2026-08-26T03:42:24Z,2026-08-26T05:42:24+0200,e96b9d4a-1054-48fe-90c7-5f4aaf55485c,2026-07-27T03:00:00Z,2026-07-27T05:00:00+0200,1.304,MW,NL,NL,actual_solar_generation,Solar | Actual Consumption,2026-08-26T03:46:52Z
2026-08-26T03:42:24Z,2026-08-26T05:42:24+0200,e96b9d4a-1054-48fe-90c7-5f4aaf55485c,2026-07-27T03:15:00Z,2026-07-27T05:15:00+0200,0.0,MW,NL,NL,actual_solar_generation,Solar | Actual Aggregated,2026-08-26T03:46:52Z
2026-08-26T03:42:24Z,2026-08-26T05:42:24+0200,e96b9d4a-1054-48fe-90c7-5f4aaf55485c,2026-07-27T03:15:00Z,2026-07-27T05:15:00+0200,1.358,MW,NL,NL,actual_solar_generation,Solar | Actual Consumption,2026-08-26T03:46:52Z
2026-08-26T03:42:24Z,2026-08-26T05:42:24+0200,e96b9d4a-1054-48fe-90c7-5f4aaf55485c,2026-07-27T03:30:00Z,2026-07-27T05:30:00+0200,0.12,MW,NL,NL,actual_solar_generation,Solar | Actual Aggregated,2026-08-26T03:46:52Z
2026-08-26T03:42:24Z,2026-08-26T05:42:24+0200,e96b9d4a-1054-48fe-90c7-5f4aaf55485c,2026-07-27T03:30:00Z,2026-07-27T05:30:00+0200,1.083,MW,NL,NL,actual_solar_generation,Solar | Actual Consumption,2026-08-26T03:46:52Z
2026-08-26T03:42:24Z,2026-08-26T05:42:24+0200,e96b9d4a-1054-48fe-90c7-5f4aaf55485c,2026-07-27T03:45:00Z,2026-07-27T05:45:00+0200,0.611,MW,NL,NL,actual_solar_generation,Solar | Actual Aggregated,2026-08-26T03:46:52Z
2026-08-26T03:42:24Z,2026-08-26T05:42:24+0200,e96b9d4a-1054-48fe-90c7-5f4aaf55485c,2026-07-27T03:45:00Z,2026-07-27T05:45:00+0200,0.247,MW,NL,NL,actual_solar_generation,Solar | Actual Consumption,2026-08-26T03:46:52Z
2026-08-26T03:42:24Z,2026-08-26T05:42:24+0200,e96b9d4a-1054-48fe-90c7-5f4aaf55485c,2026-07-27T04:00:00Z,2026-07-27T06:00:00+0200,3.442,MW,NL,NL,actual_solar_generation,Solar | Actual Aggregated,2026-08-26T03:46:52Z
2026-08-26T03:42:24Z,2026-08-26T05:42:24+0200,e96b9d4a-1054-48fe-90c7-5f4aaf55485c,2026-07-27T04:00:00Z,2026-07-27T06:00:00+0200,0.026,MW,NL,NL,actual_solar_generation,Solar | Actual Consumption,2026-08-26T03:46:52Z
2026-08-26T03:42:24Z,2026-08-26T05:42:24+0200,e96b9d4a-1054-48fe-90c7-5f4aaf55485c,2026-07-27T04:15:00Z,2026-07-27T06:15:00+0200,6.823,MW,NL,NL,actual_solar_generation,Solar | Actual Aggregated,2026-08-26T03:46:52Z
2026-08-26T03:42:24Z,2026-08-26T05:42:24+0200,e96b9d4a-1054-48fe-90c7-5f4aaf55485c,2026-07-27T04:15:00Z,2026-07-27T06:15:00+0200,0.0,MW,NL,NL,actual_solar_generation,Solar | Actual Consumption,2026-08-26T03:46:52Z
2026-08-26T03:42:24Z,2026-08-26T05:42:24+0200,e96b9d4a-1054-48fe-90c7-5f4aaf55485c,2026-07-27T04:30:00Z,2026-07-27T06:30:00+0200,11.339,MW,NL,NL,actual_solar_generation,Solar | Actual Aggregated,2026-08-26T03:46:52Z
2026-08-26T03:42:24Z,2026-08-26T05:42:24+0200,e96b9d4a-1054-48fe-90c7-5f4aaf55485c,2026-07-27T04:30:00Z,2026-07-27T06:30:00+0200,0.0,MW,NL,NL,actual_solar_generation,Solar | Actual Consumption,2026-08-26T03:46:52Z
2026-08-26T03:42:24Z,2026-08-26T05:42:24+0200,e96b9d4a-1054-48fe-90c7-5f4aaf55485c,2026-07-27T04:45:00Z,2026-07-27T06:45:00+0200,18.684,MW,NL,NL,actual_solar_generation,Solar | Actual Aggregated,2026-08-26T03:46:52Z
2026-08-26T03:42:24Z,2026-08-26T05:42:24+0200,e96b9d4a-1054-48fe-90c7-5f4aaf55485c,2026-07-27T04:45:00Z,2026-07-27T06:45:00+0200,0.0,MW,NL,NL,actual_solar_generation,Solar | Actual Consumption,2026-08-26T03:46:52Z
2026-08-26T03:42:24Z,2026-08-26T05:42:24+0200,e96b9d4a-1054-48fe-90c7-5f4aaf55485c,2026-07-27T05:00:00Z,2026-07-27T07:00:00+0200,28.279,MW,NL,NL,actual_solar_generation,Solar | Actual Aggregated,2026-08-26T03:46:52Z
2026-08-26T03:42:24Z,2026-08-26T05:42:24+0200,e96b9d4a-1054-48fe-90c7-5f4aaf55485c,2026-07-27T05:00:00Z,2026-07-27T07:00:00+0200,0.0,MW,NL,NL,actual_solar_generation,Solar | Actual Consumption,2026-08-26T03:46:52Z
2026-08-26T03:42:24Z,2026-08-26T05:42:24+0200,e96b9d4a-1054-48fe-90c7-5f4aaf55485c,2026-07-27T05:15:00Z,2026-07-27T07:15:00+0200,40.315,MW,NL,NL,actual_solar_generation,Solar | Actual Aggregated,2026-08-26T03:46:52Z
2026-08-26T03:42:24Z,2026-08-26T05:42:24+0200,e96b9d4a-1054-48fe-90c7-5f4aaf55485c,2026-07-27T05:15:00Z,2026-07-27T07:15:00+0200,0.0,MW,NL,NL,actual_solar_generation,Solar | Actual Consumption,2026-08-26T03:46:52Z
2026-08-26T03:42:24Z,2026-08-26T05:42:24+0200,e96b9d4a-1054-48fe-90c7-5f4aaf55485c,2026-07-27T05:30:00Z,2026-07-27T07:30:00+0200,56.968,MW,NL,NL,actual_solar_generation,Solar | Actual Aggregated,2026-08-26T03:46:52Z
2026-08-26T03:42:24Z,2026-08-26T05:42:24+0200,e96b9d4a-1054-48fe-90c7-5f4aaf55485c,2026-07-27T05:30:00Z,2026-07-27T07:30:00+0200,0.0,MW,NL,NL,actual_solar_generation,Solar | Actual Consumption,2026-08-26T03:46:52Z
2026-08-26T03:42:24Z,2026-08-26T05:42:24+0200,e96b9d4a-1054-48fe-90c7-5f4aaf55485c,2026-07-27T05:45:00Z,2026-07-27T07:45:00+0200,71.707,MW,NL,NL,actual_solar_generation,Solar | Actual Aggregated,2026-08-26T03:46:52Z
2026-08-26T03:42:24Z,2026-08-26T05:42:24+0200,e96b9d4a-1054-48fe-90c7-5f4aaf55485c,2026-07-27T05:45:00Z,2026-07-27T07:45:00+0200,0.0,MW,NL,NL,actual_solar_generation,Solar | Actual Consumption,2026-08-26T03:46:52Z
2026-08-26T03:42:24Z,2026-08-26T05:42:24+0200,e96b9d4a-1054-48fe-90c7-5f4aaf55485c,2026-07-27T06:00:00Z,2026-07-27T08:00:00+0200,86.058,MW,NL,NL,actual_solar_generation,Solar | Actual Aggregated,2026-08-26T03:46:52Z
2026-08-26T03:42:24Z,2026-08-26T05:42:24+0200,e96b9d4a-1054-48fe-90c7-5f4aaf55485c,2026-07-27T06:00:00Z,2026-07-27T08:00:00+0200,0.0,MW,NL,NL,actual_solar_generation,Solar | Actual Consumption,2026-08-26T03:46:52Z
2026-08-26T03:42:24Z,2026-08-26T05:42:24+0200,e96b9d4a-1054-48fe-90c7-5f4aaf55485c,2026-07-27T06:15:00Z,2026-07-27T08:15:00+0200,94.968,MW,NL,NL,actual_solar_generation,Solar | Actual Aggregated,2026-08-26T03:46:52Z
2026-08-26T03:42:24Z,2026-08-26T05:42:24+0200,e96b9d4a-1054-48fe-90c7-5f4aaf55485c,2026-07-27T06:15:00Z,2026-07-27T08:15:00+0200,0.0,MW,NL,NL,actual_solar_generation,Solar | Actual Consumption,2026-08-26T03:46:52Z
2026-08-26T03:42:24Z,2026-08-26T05:42:24+0200,e96b9d4a-1054-48fe-90c7-5f4aaf55485c,2026-07-27T06:30:00Z,2026-07-27T08:30:00+0200,115.453,MW,NL,NL,actual_solar_generation,Solar | Actual Aggregated,2026-08-26T03:46:52Z
2026-08-26T03:42:24Z,2026-08-26T05:42:24+0200,e96b9d4a-1054-48fe-90c7-5f4aaf55485c,2026-07-27T06:30:00Z,2026-07-27T08:30:00+0200,0.0,MW,NL,NL,actual_solar_generation,Solar | Actual Consumption,2026-08-26T03:46:52Z
2026-08-26T03:42:24Z,2026-08-26T05:42:24+0200,e96b9d4a-1054-48fe-90c7-5f4aaf55485c,2026-07-27T06:45:00Z,2026-07-27T08:45:00+0200,140.349,MW,NL,NL,actual_solar_generation,Solar | Actual Aggregated,2026-08-26T03:46:52Z
2026-08-26T03:42:24Z,2026-08-26T05:42:24+0200,e96b9d4a-1054-48fe-90c7-5f4aaf55485c,2026-07-27T06:45:00Z,2026-07-27T08:45:00+0200,0.002,MW,NL,NL,actual_solar_generation,Solar | Actual Consumption,2026-08-26T03:46:52Z
2026-08-26T03:42:24Z,2026-08-26T05:42:24+0200,e96b9d4a-1054-48fe-90c7-5f4aaf55485c,2026-07-27T07:00:00Z,2026-07-27T09:00:00+0200,163.643,MW,NL,NL,actual_solar_generation,Solar | Actual Aggregated,2026-08-26T03:46:52Z
2026-08-26T03:42:24Z,2026-08-26T05:42:24+0200,e96b9d4a-1054-48fe-90c7-5f4aaf55485c,2026-07-27T07:00:00Z,2026-07-27T09:00:00+0200,0.133,MW,NL,NL,actual_solar_generation,Solar | Actual Consumption,2026-08-26T03:46:52Z
2026-08-26T03:42:24Z,2026-08-26T05:42:24+0200,e96b9d4a-1054-48fe-90c7-5f4aaf55485c,2026-07-27T07:15:00Z,2026-07-27T09:15:00+0200,164.589,MW,NL,NL,actual_solar_generation,Solar | Actual Aggregated,2026-08-26T03:46:52Z
2026-08-26T03:42:24Z,2026-08-26T05:42:24+0200,e96b9d4a-1054-48fe-90c7-5f4aaf55485c,2026-07-27T07:15:00Z,2026-07-27T09:15:00+0200,0.123,MW,NL,NL,actual_solar_generation,Solar | Actual Consumption,2026-08-26T03:46:52Z
2026-08-26T03:42:24Z,2026-08-26T05:42:24+0200,e96b9d4a-1054-48fe-90c7-5f4aaf55485c,2026-07-27T07:30:00Z,2026-07-27T09:30:00+0200,164.157,MW,NL,NL,actual_solar_generation,Solar | Actual Aggregated,2026-08-26T03:46:52Z
2026-08-26T03:42:24Z,2026-08-26T05:42:24+0200,e96b9d4a-1054-48fe-90c7-5f4aaf55485c,2026-07-27T07:30:00Z,2026-07-27T09:30:00+0200,0.122,MW,NL,NL,actual_solar_generation,Solar | Actual Consumption,2026-08-26T03:46:52Z
2026-08-26T03:42:24Z,2026-08-26T05:42:24+0200,e96b9d4a-1054-48fe-90c7-5f4aaf55485c,2026-07-27T07:45:00Z,2026-07-27T09:45:00+0200,183.39,MW,NL,NL,actual_solar_generation,Solar | Actual Aggregated,2026-08-26T03:46:52Z
2026-08-26T03:42:24Z,2026-08-26T05:42:24+0200,e96b9d4a-1054-48fe-90c7-5f4aaf55485c,2026-07-27T07:45:00Z,2026-07-27T09:45:00+0200,0.119,MW,NL,NL,actual_solar_generation,Solar | Actual Consumption,2026-08-26T03:46:52Z
2026-08-26T03:42:24Z,2026-08-26T05:42:24+0200,e96b9d4a-1054-48fe-90c7-5f4aaf55485c,2026-07-27T08:00:00Z,2026-07-27T10:00:00+0200,151.81,MW,NL,NL,actual_solar_generation,Solar | Actual Aggregated,2026-08-26T03:46:52Z
2026-08-26T03:42:24Z,2026-08-26T05:42:24+0200,e96b9d4a-1054-48fe-90c7-5f4aaf55485c,2026-07-27T08:00:00Z,2026-07-27T10:00:00+0200,0.141,MW,NL,NL,actual_solar_generation,Solar | Actual Consumption,2026-08-26T03:46:52Z
2026-08-26T03:42:24Z,2026-08-26T05:42:24+0200,e96b9d4a-1054-48fe-90c7-5f4aaf55485c,2026-07-27T08:15:00Z,2026-07-27T10:15:00+0200,159.824,MW,NL,NL,actual_solar_generation,Solar | Actual Aggregated,2026-08-26T03:46:52Z
2026-08-26T03:42:24Z,2026-08-26T05:42:24+0200,e96b9d4a-1054-48fe-90c7-5f4aaf55485c,2026-07-27T08:15:00Z,2026-07-27T10:15:00+0200,0.162,MW,NL,NL,actual_solar_generation,Solar | Actual Consumption,2026-08-26T03:46:52Z
2026-08-26T03:42:24Z,2026-08-26T05:42:24+0200,e96b9d4a-1054-48fe-90c7-5f4aaf55485c,2026-07-27T08:30:00Z,2026-07-27T10:30:00+0200,146.074,MW,NL,NL,actual_solar_generation,Solar | Actual Aggregated,2026-08-26T03:46:52Z
2026-08-26T03:42:24Z,2026-08-26T05:42:24+0200,e96b9d4a-1054-48fe-90c7-5f4aaf55485c,2026-07-27T08:30:00Z,2026-07-27T10:30:00+0200,0.164,MW,NL,NL,actual_solar_generation,Solar | Actual Consumption,2026-08-26T03:46:52Z
2026-08-26T03:42:24Z,2026-08-26T05:42:24+0200,e96b9d4a-1054-48fe-90c7-5f4aaf55485c,2026-07-27T08:45:00Z,2026-07-27T10:45:00+0200,125.561,MW,NL,NL,actual_solar_generation,Solar | Actual Aggregated,2026-08-26T03:46:52Z
2026-08-26T03:42:24Z,2026-08-26T05:42:24+0200,e96b9d4a-1054-48fe-90c7-5f4aaf55485c,2026-07-27T08:45:00Z,2026-07-27T10:45:00+0200,0.132,MW,NL,NL,actual_solar_generation,Solar | Actual Consumption,2026-08-26T03:46:52Z
2026-08-26T03:42:24Z,2026-08-26T05:42:24+0200,e96b9d4a-1054-48fe-90c7-5f4aaf55485c,2026-07-27T09:00:00Z,2026-07-27T11:00:00+0200,120.981,MW,NL,NL,actual_solar_generation,Solar | Actual Aggregated,2026-08-26T03:46:52Z
2026-08-26T03:42:24Z,2026-08-26T05:42:24+0200,e96b9d4a-1054-48fe-90c7-5f4aaf55485c,2026-07-27T09:00:00Z,2026-07-27T11:00:00+0200,0.001,MW,NL,NL,actual_solar_generation,Solar | Actual Consumption,2026-08-26T03:46:52Z
2026-08-26T03:42:24Z,2026-08-26T05:42:24+0200,e96b9d4a-1054-48fe-90c7-5f4aaf55485c,2026-07-27T09:15:00Z,2026-07-27T11:15:00+0200,124.927,MW,NL,NL,actual_solar_generation,Solar | Actual Aggregated,2026-08-26T03:46:52Z
2026-08-26T03:42:24Z,2026-08-26T05:42:24+0200,e96b9d4a-1054-48fe-90c7-5f4aaf55485c,2026-07-27T09:15:00Z,2026-07-27T11:15:00+0200,0.0,MW,NL,NL,actual_solar_generation,Solar | Actual Consumption,2026-08-26T03:46:52Z
2026-08-26T03:42:24Z,2026-08-26T05:42:24+0200,e96b9d4a-1054-48fe-90c7-5f4aaf55485c,2026-07-27T09:30:00Z,2026-07-27T11:30:00+0200,130.902,MW,NL,NL,actual_solar_generation,Solar | Actual Aggregated,2026-08-26T03:46:52Z
2026-08-26T03:42:24Z,2026-08-26T05:42:24+0200,e96b9d4a-1054-48fe-90c7-5f4aaf55485c,2026-07-27T09:30:00Z,2026-07-27T11:30:00+0200,0.002,MW,NL,NL,actual_solar_generation,Solar | Actual Consumption,2026-08-26T03:46:52Z
2026-08-26T03:42:24Z,2026-08-26T05:42:24+0200,e96b9d4a-1054-48fe-90c7-5f4aaf55485c,2026-07-27T09:45:00Z,2026-07-27T11:45:00+0200,132.726,MW,NL,NL,actual_solar_generation,Solar | Actual Aggregated,2026-08-26T03:46:52Z
2026-08-26T03:42:24Z,2026-08-26T05:42:24+0200,e96b9d4a-1054-48fe-90c7-5f4aaf55485c,2026-07-27T09:45:00Z,2026-07-27T11:45:00+0200,0.128,MW,NL,NL,actual_solar_generation,Solar | Actual Consumption,2026-08-26T03:46:52Z
2026-08-26T03:42:24Z,2026-08-26T05:42:24+0200,e96b9d4a-1054-48fe-90c7-5f4aaf55485c,2026-07-27T10:00:00Z,2026-07-27T12:00:00+0200,105.629,MW,NL,NL,actual_solar_generation,Solar | Actual Aggregated,2026-08-26T03:46:52Z
2026-08-26T03:42:24Z,2026-08-26T05:42:24+0200,e96b9d4a-1054-48fe-90c7-5f4aaf55485c,2026-07-27T10:00:00Z,2026-07-27T12:00:00+0200,0.171,MW,NL,NL,actual_solar_generation,Solar | Actual Consumption,2026-08-26T03:46:52Z
2026-08-26T03:42:24Z,2026-08-26T05:42:24+0200,e96b9d4a-1054-48fe-90c7-5f4aaf55485c,2026-07-27T10:15:00Z,2026-07-27T12:15:00+0200,114.487,MW,NL,NL,actual_solar_generation,Solar | Actual Aggregated,2026-08-26T03:46:52Z
2026-08-26T03:42:24Z,2026-08-26T05:42:24+0200,e96b9d4a-1054-48fe-90c7-5f4aaf55485c,2026-07-27T10:15:00Z,2026-07-27T12:15:00+0200,0.154,MW,NL,NL,actual_solar_generation,Solar | Actual Consumption,2026-08-26T03:46:52Z
2026-08-26T03:42:24Z,2026-08-26T05:42:24+0200,e96b9d4a-1054-48fe-90c7-5f4aaf55485c,2026-07-27T10:30:00Z,2026-07-27T12:30:00+0200,166.254,MW,NL,NL,actual_solar_generation,Solar | Actual Aggregated,2026-08-26T03:46:52Z
2026-08-26T03:42:24Z,2026-08-26T05:42:24+0200,e96b9d4a-1054-48fe-90c7-5f4aaf55485c,2026-07-27T10:30:00Z,2026-07-27T12:30:00+0200,0.131,MW,NL,NL,actual_solar_generation,Solar | Actual Consumption,2026-08-26T03:46:52Z
2026-08-26T03:42:24Z,2026-08-26T05:42:24+0200,e96b9d4a-1054-48fe-90c7-5f4aaf55485c,2026-07-27T10:45:00Z,2026-07-27T12:45:00+0200,178.095,MW,NL,NL,actual_solar_generation,Solar | Actual Aggregated,2026-08-26T03:46:52Z
2026-08-26T03:42:24Z,2026-08-26T05:42:24+0200,e96b9d4a-1054-48fe-90c7-5f4aaf55485c,2026-07-27T10:45:00Z,2026-07-27T12:45:00+0200,0.133,MW,NL,NL,actual_solar_generation,Solar | Actual Consumption,2026-08-26T03:46:52Z
2026-08-26T03:42:24Z,2026-08-26T05:42:24+0200,e96b9d4a-1054-48fe-90c7-5f4aaf55485c,2026-07-27T11:00:00Z,2026-07-27T13:00:00+0200,175.464,MW,NL,NL,actual_solar_generation,Solar | Actual Aggregated,2026-08-26T03:46:52Z
2026-08-26T03:42:24Z,2026-08-26T05:42:24+0200,e96b9d4a-1054-48fe-90c7-5f4aaf55485c,2026-07-27T11:00:00Z,2026-07-27T13:00:00+0200,0.124,MW,NL,NL,actual_solar_generation,Solar | Actual Consumption,2026-08-26T03:46:52Z
2026-08-26T03:42:24Z,2026-08-26T05:42:24+0200,e96b9d4a-1054-48fe-90c7-5f4aaf55485c,2026-07-27T11:15:00Z,2026-07-27T13:15:00+0200,170.613,MW,NL,NL,actual_solar_generation,Solar | Actual Aggregated,2026-08-26T03:46:52Z
2026-08-26T03:42:24Z,2026-08-26T05:42:24+0200,e96b9d4a-1054-48fe-90c7-5f4aaf55485c,2026-07-27T11:15:00Z,2026-07-27T13:15:00+0200,0.154,MW,NL,NL,actual_solar_generation,Solar | Actual Consumption,2026-08-26T03:46:52Z
2026-08-26T03:42:24Z,2026-08-26T05:42:24+0200,e96b9d4a-1054-48fe-90c7-5f4aaf55485c,2026-07-27T11:30:00Z,2026-07-27T13:30:00+0200,181.344,MW,NL,NL,actual_solar_generation,Solar | Actual Aggregated,2026-08-26T03:46:52Z
2026-08-26T03:42:24Z,2026-08-26T05:42:24+0200,e96b9d4a-1054-48fe-90c7-5f4aaf55485c,2026-07-27T11:30:00Z,2026-07-27T13:30:00+0200,0.144,MW,NL,NL,actual_solar_generation,Solar | Actual Consumption,2026-08-26T03:46:52Z
2026-08-26T03:42:24Z,2026-08-26T05:42:24+0200,e96b9d4a-1054-48fe-90c7-5f4aaf55485c,2026-07-27T11:45:00Z,2026-07-27T13:45:00+0200,141.14,MW,NL,NL,actual_solar_generation,Solar | Actual Aggregated,2026-08-26T03:46:52Z
2026-08-26T03:42:24Z,2026-08-26T05:42:24+0200,e96b9d4a-1054-48fe-90c7-5f4aaf55485c,2026-07-27T11:45:00Z,2026-07-27T13:45:00+0200,0.148,MW,NL,NL,actual_solar_generation,Solar | Actual Consumption,2026-08-26T03:46:52Z
2026-08-26T03:42:24Z,2026-08-26T05:42:24+0200,e96b9d4a-1054-48fe-90c7-5f4aaf55485c,2026-07-27T12:00:00Z,2026-07-27T14:00:00+0200,203.457,MW,NL,NL,actual_solar_generation,Solar | Actual Aggregated,2026-08-26T03:46:52Z
2026-08-26T03:42:24Z,2026-08-26T05:42:24+0200,e96b9d4a-1054-48fe-90c7-5f4aaf55485c,2026-07-27T12:00:00Z,2026-07-27T14:00:00+0200,0.132,MW,NL,NL,actual_solar_generation,Solar | Actual Consumption,2026-08-26T03:46:52Z
2026-08-26T03:42:24Z,2026-08-26T05:42:24+0200,e96b9d4a-1054-48fe-90c7-5f4aaf55485c,2026-07-27T12:15:00Z,2026-07-27T14:15:00+0200,184.009,MW,NL,NL,actual_solar_generation,Solar | Actual Aggregated,2026-08-26T03:46:52Z
2026-08-26T03:42:24Z,2026-08-26T05:42:24+0200,e96b9d4a-1054-48fe-90c7-5f4aaf55485c,2026-07-27T12:15:00Z,2026-07-27T14:15:00+0200,0.149,MW,NL,NL,actual_solar_generation,Solar | Actual Consumption,2026-08-26T03:46:52Z
2026-08-26T03:42:24Z,2026-08-26T05:42:24+0200,e96b9d4a-1054-48fe-90c7-5f4aaf55485c,2026-07-27T12:30:00Z,2026-07-27T14:30:00+0200,131.475,MW,NL,NL,actual_solar_generation,Solar | Actual Aggregated,2026-08-26T03:46:52Z
2026-08-26T03:42:24Z,2026-08-26T05:42:24+0200,e96b9d4a-1054-48fe-90c7-5f4aaf55485c,2026-07-27T12:30:00Z,2026-07-27T14:30:00+0200,0.151,MW,NL,NL,actual_solar_generation,Solar | Actual Consumption,2026-08-26T03:46:52Z
2026-08-26T03:42:24Z,2026-08-26T05:42:24+0200,e96b9d4a-1054-48fe-90c7-5f4aaf55485c,2026-07-27T12:45:00Z,2026-07-27T14:45:00+0200,156.343,MW,NL,NL,actual_solar_generation,Solar | Actual Aggregated,2026-08-26T03:46:52Z
2026-08-26T03:42:24Z,2026-08-26T05:42:24+0200,e96b9d4a-1054-48fe-90c7-5f4aaf55485c,2026-07-27T12:45:00Z,2026-07-27T14:45:00+0200,0.11,MW,NL,NL,actual_solar_generation,Solar | Actual Consumption,2026-08-26T03:46:52Z
2026-08-26T03:42:24Z,2026-08-26T05:42:24+0200,e96b9d4a-1054-48fe-90c7-5f4aaf55485c,2026-07-27T13:00:00Z,2026-07-27T15:00:00+0200,160.43,MW,NL,NL,actual_solar_generation,Solar | Actual Aggregated,2026-08-26T03:46:52Z
2026-08-26T03:42:24Z,2026-08-26T05:42:24+0200,e96b9d4a-1054-48fe-90c7-5f4aaf55485c,2026-07-27T13:00:00Z,2026-07-27T15:00:00+0200,0.113,MW,NL,NL,actual_solar_generation,Solar | Actual Consumption,2026-08-26T03:46:52Z
2026-08-26T03:42:24Z,2026-08-26T05:42:24+0200,e96b9d4a-1054-48fe-90c7-5f4aaf55485c,2026-07-27T13:15:00Z,2026-07-27T15:15:00+0200,166.702,MW,NL,NL,actual_solar_generation,Solar | Actual Aggregated,2026-08-26T03:46:52Z
2026-08-26T03:42:24Z,2026-08-26T05:42:24+0200,e96b9d4a-1054-48fe-90c7-5f4aaf55485c,2026-07-27T13:15:00Z,2026-07-27T15:15:00+0200,0.116,MW,NL,NL,actual_solar_generation,Solar | Actual Consumption,2026-08-26T03:46:52Z
2026-08-26T03:42:24Z,2026-08-26T05:42:24+0200,e96b9d4a-1054-48fe-90c7-5f4aaf55485c,2026-07-27T13:30:00Z,2026-07-27T15:30:00+0200,245.065,MW,NL,NL,actual_solar_generation,Solar | Actual Aggregated,2026-08-26T03:46:52Z
2026-08-26T03:42:24Z,2026-08-26T05:42:24+0200,e96b9d4a-1054-48fe-90c7-5f4aaf55485c,2026-07-27T13:30:00Z,2026-07-27T15:30:00+0200,0.119,MW,NL,NL,actual_solar_generation,Solar | Actual Consumption,2026-08-26T03:46:52Z
2026-08-26T03:42:24Z,2026-08-26T05:42:24+0200,e96b9d4a-1054-48fe-90c7-5f4aaf55485c,2026-07-27T13:45:00Z,2026-07-27T15:45:00+0200,253.703,MW,NL,NL,actual_solar_generation,Solar | Actual Aggregated,2026-08-26T03:46:52Z
2026-08-26T03:42:24Z,2026-08-26T05:42:24+0200,e96b9d4a-1054-48fe-90c7-5f4aaf55485c,2026-07-27T13:45:00Z,2026-07-27T15:45:00+0200,0.119,MW,NL,NL,actual_solar_generation,Solar | Actual Consumption,2026-08-26T03:46:52Z
2026-08-26T03:42:24Z,2026-08-26T05:42:24+0200,e96b9d4a-1054-48fe-90c7-5f4aaf55485c,2026-07-27T14:00:00Z,2026-07-27T16:00:00+0200,201.961,MW,NL,NL,actual_solar_generation,Solar | Actual Aggregated,2026-08-26T03:46:52Z
2026-08-26T03:42:24Z,2026-08-26T05:42:24+0200,e96b9d4a-1054-48fe-90c7-5f4aaf55485c,2026-07-27T14:00:00Z,2026-07-27T16:00:00+0200,0.126,MW,NL,NL,actual_solar_generation,Solar | Actual Consumption,2026-08-26T03:46:52Z
2026-08-26T03:42:24Z,2026-08-26T05:42:24+0200,e96b9d4a-1054-48fe-90c7-5f4aaf55485c,2026-07-27T14:15:00Z,2026-07-27T16:15:00+0200,124.565,MW,NL,NL,actual_solar_generation,Solar | Actual Aggregated,2026-08-26T03:46:52Z
2026-08-26T03:42:24Z,2026-08-26T05:42:24+0200,e96b9d4a-1054-48fe-90c7-5f4aaf55485c,2026-07-27T14:15:00Z,2026-07-27T16:15:00+0200,0.123,MW,NL,NL,actual_solar_generation,Solar | Actual Consumption,2026-08-26T03:46:52Z
2026-08-26T03:42:24Z,2026-08-26T05:42:24+0200,e96b9d4a-1054-48fe-90c7-5f4aaf55485c,2026-07-27T14:30:00Z,2026-07-27T16:30:00+0200,114.502,MW,NL,NL,actual_solar_generation,Solar | Actual Aggregated,2026-08-26T03:46:52Z
2026-08-26T03:42:24Z,2026-08-26T05:42:24+0200,e96b9d4a-1054-48fe-90c7-5f4aaf55485c,2026-07-27T14:30:00Z,2026-07-27T16:30:00+0200,0.122,MW,NL,NL,actual_solar_generation,Solar | Actual Consumption,2026-08-26T03:46:52Z
2026-08-26T03:42:24Z,2026-08-26T05:42:24+0200,e96b9d4a-1054-48fe-90c7-5f4aaf55485c,2026-07-27T14:45:00Z,2026-07-27T16:45:00+0200,140.141,MW,NL,NL,actual_solar_generation,Solar | Actual Aggregated,2026-08-26T03:46:52Z
2026-08-26T03:42:24Z,2026-08-26T05:42:24+0200,e96b9d4a-1054-48fe-90c7-5f4aaf55485c,2026-07-27T14:45:00Z,2026-07-27T16:45:00+0200,0.121,MW,NL,NL,actual_solar_generation,Solar | Actual Consumption,2026-08-26T03:46:52Z
2026-08-26T03:42:24Z,2026-08-26T05:42:24+0200,e96b9d4a-1054-48fe-90c7-5f4aaf55485c,2026-07-27T15:00:00Z,2026-07-27T17:00:00+0200,152.114,MW,NL,NL,actual_solar_generation,Solar | Actual Aggregated,2026-08-26T03:46:52Z
2026-08-26T03:42:24Z,2026-08-26T05:42:24+0200,e96b9d4a-1054-48fe-90c7-5f4aaf55485c,2026-07-27T15:00:00Z,2026-07-27T17:00:00+0200,0.118,MW,NL,NL,actual_solar_generation,Solar | Actual Consumption,2026-08-26T03:46:52Z
2026-08-26T03:42:24Z,2026-08-26T05:42:24+0200,e96b9d4a-1054-48fe-90c7-5f4aaf55485c,2026-07-27T15:15:00Z,2026-07-27T17:15:00+0200,174.141,MW,NL,NL,actual_solar_generation,Solar | Actual Aggregated,2026-08-26T03:46:52Z
2026-08-26T03:42:24Z,2026-08-26T05:42:24+0200,e96b9d4a-1054-48fe-90c7-5f4aaf55485c,2026-07-27T15:15:00Z,2026-07-27T17:15:00+0200,0.125,MW,NL,NL,actual_solar_generation,Solar | Actual Consumption,2026-08-26T03:46:52Z
2026-08-26T03:42:24Z,2026-08-26T05:42:24+0200,e96b9d4a-1054-48fe-90c7-5f4aaf55485c,2026-07-27T15:30:00Z,2026-07-27T17:30:00+0200,153.436,MW,NL,NL,actual_solar_generation,Solar | Actual Aggregated,2026-08-26T03:46:52Z
2026-08-26T03:42:24Z,2026-08-26T05:42:24+0200,e96b9d4a-1054-48fe-90c7-5f4aaf55485c,2026-07-27T15:30:00Z,2026-07-27T17:30:00+0200,0.123,MW,NL,NL,actual_solar_generation,Solar | Actual Consumption,2026-08-26T03:46:52Z
2026-08-26T03:42:24Z,2026-08-26T05:42:24+0200,e96b9d4a-1054-48fe-90c7-5f4aaf55485c,2026-07-27T15:45:00Z,2026-07-27T17:45:00+0200,139.252,MW,NL,NL,actual_solar_generation,Solar | Actual Aggregated,2026-08-26T03:46:52Z
2026-08-26T03:42:24Z,2026-08-26T05:42:24+0200,e96b9d4a-1054-48fe-90c7-5f4aaf55485c,2026-07-27T15:45:00Z,2026-07-27T17:45:00+0200,0.123,MW,NL,NL,actual_solar_generation,Solar | Actual Consumption,2026-08-26T03:46:52Z
2026-08-26T03:42:24Z,2026-08-26T05:42:24+0200,e96b9d4a-1054-48fe-90c7-5f4aaf55485c,2026-07-27T16:00:00Z,2026-07-27T18:00:00+0200,152.012,MW,NL,NL,actual_solar_generation,Solar | Actual Aggregated,2026-08-26T03:46:52Z
2026-08-26T03:42:24Z,2026-08-26T05:42:24+0200,e96b9d4a-1054-48fe-90c7-5f4aaf55485c,2026-07-27T16:00:00Z,2026-07-27T18:00:00+0200,0.12,MW,NL,NL,actual_solar_generation,Solar | Actual Consumption,2026-08-26T03:46:52Z
2026-08-26T03:42:24Z,2026-08-26T05:42:24+0200,e96b9d4a-1054-48fe-90c7-5f4aaf55485c,2026-07-27T16:15:00Z,2026-07-27T18:15:00+0200,146.839,MW,NL,NL,actual_solar_generation,Solar | Actual Aggregated,2026-08-26T03:46:52Z
2026-08-26T03:42:24Z,2026-08-26T05:42:24+0200,e96b9d4a-1054-48fe-90c7-5f4aaf55485c,2026-07-27T16:15:00Z,2026-07-27T18:15:00+0200,0.125,MW,NL,NL,actual_solar_generation,Solar | Actual Consumption,2026-08-26T03:46:52Z
2026-08-26T03:42:24Z,2026-08-26T05:42:24+0200,e96b9d4a-1054-48fe-90c7-5f4aaf55485c,2026-07-27T16:30:00Z,2026-07-27T18:30:00+0200,127.952,MW,NL,NL,actual_solar_generation,Solar | Actual Aggregated,2026-08-26T03:46:52Z
2026-08-26T03:42:24Z,2026-08-26T05:42:24+0200,e96b9d4a-1054-48fe-90c7-5f4aaf55485c,2026-07-27T16:30:00Z,2026-07-27T18:30:00+0200,0.128,MW,NL,NL,actual_solar_generation,Solar | Actual Consumption,2026-08-26T03:46:52Z
2026-08-26T03:42:24Z,2026-08-26T05:42:24+0200,e96b9d4a-1054-48fe-90c7-5f4aaf55485c,2026-07-27T16:45:00Z,2026-07-27T18:45:00+0200,117.921,MW,NL,NL,actual_solar_generation,Solar | Actual Aggregated,2026-08-26T03:46:52Z
2026-08-26T03:42:24Z,2026-08-26T05:42:24+0200,e96b9d4a-1054-48fe-90c7-5f4aaf55485c,2026-07-27T16:45:00Z,2026-07-27T18:45:00+0200,0.131,MW,NL,NL,actual_solar_generation,Solar | Actual Consumption,2026-08-26T03:46:52Z
2026-08-26T03:42:24Z,2026-08-26T05:42:24+0200,e96b9d4a-1054-48fe-90c7-5f4aaf55485c,2026-07-27T17:00:00Z,2026-07-27T19:00:00+0200,100.792,MW,NL,NL,actual_solar_generation,Solar | Actual Aggregated,2026-08-26T03:46:52Z
2026-08-26T03:42:24Z,2026-08-26T05:42:24+0200,e96b9d4a-1054-48fe-90c7-5f4aaf55485c,2026-07-27T17:00:00Z,2026-07-27T19:00:00+0200,0.001,MW,NL,NL,actual_solar_generation,Solar | Actual Consumption,2026-08-26T03:46:52Z
2026-08-26T03:42:24Z,2026-08-26T05:42:24+0200,e96b9d4a-1054-48fe-90c7-5f4aaf55485c,2026-07-27T17:15:00Z,2026-07-27T19:15:00+0200,88.36,MW,NL,NL,actual_solar_generation,Solar | Actual Aggregated,2026-08-26T03:46:52Z
2026-08-26T03:42:24Z,2026-08-26T05:42:24+0200,e96b9d4a-1054-48fe-90c7-5f4aaf55485c,2026-07-27T17:15:00Z,2026-07-27T19:15:00+0200,0.0,MW,NL,NL,actual_solar_generation,Solar | Actual Consumption,2026-08-26T03:46:52Z
2026-08-26T03:42:24Z,2026-08-26T05:42:24+0200,e96b9d4a-1054-48fe-90c7-5f4aaf55485c,2026-07-27T17:30:00Z,2026-07-27T19:30:00+0200,67.102,MW,NL,NL,actual_solar_generation,Solar | Actual Aggregated,2026-08-26T03:46:52Z
2026-08-26T03:42:24Z,2026-08-26T05:42:24+0200,e96b9d4a-1054-48fe-90c7-5f4aaf55485c,2026-07-27T17:30:00Z,2026-07-27T19:30:00+0200,0.0,MW,NL,NL,actual_solar_generation,Solar | Actual Consumption,2026-08-26T03:46:52Z
2026-08-26T03:42:24Z,2026-08-26T05:42:24+0200,e96b9d4a-1054-48fe-90c7-5f4aaf55485c,2026-07-27T17:45:00Z,2026-07-27T19:45:00+0200,50.906,MW,NL,NL,actual_solar_generation,Solar | Actual Aggregated,2026-08-26T03:46:52Z
2026-08-26T03:42:24Z,2026-08-26T05:42:24+0200,e96b9d4a-1054-48fe-90c7-5f4aaf55485c,2026-07-27T17:45:00Z,2026-07-27T19:45:00+0200,0.0,MW,NL,NL,actual_solar_generation,Solar | Actual Consumption,2026-08-26T03:46:52Z
2026-08-26T03:42:24Z,2026-08-26T05:42:24+0200,e96b9d4a-1054-48fe-90c7-5f4aaf55485c,2026-07-27T18:00:00Z,2026-07-27T20:00:00+0200,36.363,MW,NL,NL,actual_solar_generation,Solar | Actual Aggregated,2026-08-26T03:46:52Z
2026-08-26T03:42:24Z,2026-08-26T05:42:24+0200,e96b9d4a-1054-48fe-90c7-5f4aaf55485c,2026-07-27T18:00:00Z,2026-07-27T20:00:00+0200,0.0,MW,NL,NL,actual_solar_generation,Solar | Actual Consumption,2026-08-26T03:46:52Z
2026-08-26T03:42:24Z,2026-08-26T05:42:24+0200,e96b9d4a-1054-48fe-90c7-5f4aaf55485c,2026-07-27T18:15:00Z,2026-07-27T20:15:00+0200,24.314,MW,NL,NL,actual_solar_generation,Solar | Actual Aggregated,2026-08-26T03:46:52Z
2026-08-26T03:42:24Z,2026-08-26T05:42:24+0200,e96b9d4a-1054-48fe-90c7-5f4aaf55485c,2026-07-27T18:15:00Z,2026-07-27T20:15:00+0200,0.0,MW,NL,NL,actual_solar_generation,Solar | Actual Consumption,2026-08-26T03:46:52Z
2026-08-26T03:42:24Z,2026-08-26T05:42:24+0200,e96b9d4a-1054-48fe-90c7-5f4aaf55485c,2026-07-27T18:30:00Z,2026-07-27T20:30:00+0200,15.382,MW,NL,NL,actual_solar_generation,Solar | Actual Aggregated,2026-08-26T03:46:52Z
2026-08-26T03:42:24Z,2026-08-26T05:42:24+0200,e96b9d4a-1054-48fe-90c7-5f4aaf55485c,2026-07-27T18:30:00Z,2026-07-27T20:30:00+0200,0.0,MW,NL,NL,actual_solar_generation,Solar | Actual Consumption,2026-08-26T03:46:52Z
2026-08-26T03:42:24Z,2026-08-26T05:42:24+0200,e96b9d4a-1054-48fe-90c7-5f4aaf55485c,2026-07-27T18:45:00Z,2026-07-27T20:45:00+0200,9.93,MW,NL,NL,actual_solar_generation,Solar | Actual Aggregated,2026-08-26T03:46:52Z
2026-08-26T03:42:24Z,2026-08-26T05:42:24+0200,e96b9d4a-1054-48fe-90c7-5f4aaf55485c,2026-07-27T18:45:00Z,2026-07-27T20:45:00+0200,0.0,MW,NL,NL,actual_solar_generation,Solar | Actual Consumption,2026-08-26T03:46:52Z
2026-08-26T03:42:24Z,2026-08-26T05:42:24+0200,e96b9d4a-1054-48fe-90c7-5f4aaf55485c,2026-07-27T19:00:00Z,2026-07-27T21:00:00+0200,5.328,MW,NL,NL,actual_solar_generation,Solar | Actual Aggregated,2026-08-26T03:46:52Z
2026-08-26T03:42:24Z,2026-08-26T05:42:24+0200,e96b9d4a-1054-48fe-90c7-5f4aaf55485c,2026-07-27T19:00:00Z,2026-07-27T21:00:00+0200,0.0,MW,NL,NL,actual_solar_generation,Solar | Actual Consumption,2026-08-26T03:46:52Z
2026-08-26T03:42:24Z,2026-08-26T05:42:24+0200,e96b9d4a-1054-48fe-90c7-5f4aaf55485c,2026-07-27T19:15:00Z,2026-07-27T21:15:00+0200,1.903,MW,NL,NL,actual_solar_generation,Solar | Actual Aggregated,2026-08-26T03:46:52Z
2026-08-26T03:42:24Z,2026-08-26T05:42:24+0200,e96b9d4a-1054-48fe-90c7-5f4aaf55485c,2026-07-27T19:15:00Z,2026-07-27T21:15:00+0200,0.009,MW,NL,NL,actual_solar_generation,Solar | Actual Consumption,2026-08-26T03:46:52Z
2026-08-26T03:42:24Z,2026-08-26T05:42:24+0200,e96b9d4a-1054-48fe-90c7-5f4aaf55485c,2026-07-27T19:30:00Z,2026-07-27T21:30:00+0200,0.196,MW,NL,NL,actual_solar_generation,Solar | Actual Aggregated,2026-08-26T03:46:52Z
2026-08-26T03:42:24Z,2026-08-26T05:42:24+0200,e96b9d4a-1054-48fe-90c7-5f4aaf55485c,2026-07-27T19:30:00Z,2026-07-27T21:30:00+0200,0.58,MW,NL,NL,actual_solar_generation,Solar | Actual Consumption,2026-08-26T03:46:52Z
2026-08-26T03:42:24Z,2026-08-26T05:42:24+0200,e96b9d4a-1054-48fe-90c7-5f4aaf55485c,2026-07-27T19:45:00Z,2026-07-27T21:45:00+0200,0.0,MW,NL,NL,actual_solar_generation,Solar | Actual Aggregated,2026-08-26T03:46:52Z
2026-08-26T03:42:24Z,2026-08-26T05:42:24+0200,e96b9d4a-1054-48fe-90c7-5f4aaf55485c,2026-07-27T19:45:00Z,2026-07-27T21:45:00+0200,1.247,MW,NL,NL,actual_solar_generation,Solar | Actual Consumption,2026-08-26T03:46:52Z
2026-08-26T03:42:24Z,2026-08-26T05:42:24+0200,e96b9d4a-1054-48fe-90c7-5f4aaf55485c,2026-07-27T20:00:00Z,2026-07-27T22:00:00+0200,0.0,MW,NL,NL,actual_solar_generation,Solar | Actual Aggregated,2026-08-26T03:46:52Z
2026-08-26T03:42:24Z,2026-08-26T05:42:24+0200,e96b9d4a-1054-48fe-90c7-5f4aaf55485c,2026-07-27T20:00:00Z,2026-07-27T22:00:00+0200,1.311,MW,NL,NL,actual_solar_generation,Solar | Actual Consumption,2026-08-26T03:46:52Z
2026-08-26T03:42:24Z,2026-08-26T05:42:24+0200,e96b9d4a-1054-48fe-90c7-5f4aaf55485c,2026-07-27T20:15:00Z,2026-07-27T22:15:00+0200,0.0,MW,NL,NL,actual_solar_generation,Solar | Actual Aggregated,2026-08-26T03:46:52Z
2026-08-26T03:42:24Z,2026-08-26T05:42:24+0200,e96b9d4a-1054-48fe-90c7-5f4aaf55485c,2026-07-27T20:15:00Z,2026-07-27T22:15:00+0200,1.392,MW,NL,NL,actual_solar_generation,Solar | Actual Consumption,2026-08-26T03:46:52Z
2026-08-26T03:42:24Z,2026-08-26T05:42:24+0200,e96b9d4a-1054-48fe-90c7-5f4aaf55485c,2026-07-27T20:30:00Z,2026-07-27T22:30:00+0200,0.0,MW,NL,NL,actual_solar_generation,Solar | Actual Aggregated,2026-08-26T03:46:52Z
2026-08-26T03:42:24Z,2026-08-26T05:42:24+0200,e96b9d4a-1054-48fe-90c7-5f4aaf55485c,2026-07-27T20:30:00Z,2026-07-27T22:30:00+0200,1.316,MW,NL,NL,actual_solar_generation,Solar | Actual Consumption,2026-08-26T03:46:52Z
2026-08-26T03:42:24Z,2026-08-26T05:42:24+0200,e96b9d4a-1054-48fe-90c7-5f4aaf55485c,2026-07-27T20:45:00Z,2026-07-27T22:45:00+0200,0.0,MW,NL,NL,actual_solar_generation,Solar | Actual Aggregated,2026-08-26T03:46:52Z
2026-08-26T03:42:24Z,2026-08-26T05:42:24+0200,e96b9d4a-1054-48fe-90c7-5f4aaf55485c,2026-07-27T20:45:00Z,2026-07-27T22:45:00+0200,1.358,MW,NL,NL,actual_solar_generation,Solar | Actual Consumption,2026-08-26T03:46:52Z
2026-08-26T03:42:24Z,2026-08-26T05:42:24+0200,e96b9d4a-1054-48fe-90c7-5f4aaf55485c,2026-07-27T21:00:00Z,2026-07-27T23:00:00+0200,0.0,MW,NL,NL,actual_solar_generation,Solar | Actual Aggregated,2026-08-26T03:46:52Z
2026-08-26T03:42:24Z,2026-08-26T05:42:24+0200,e96b9d4a-1054-48fe-90c7-5f4aaf55485c,2026-07-27T21:00:00Z,2026-07-27T23:00:00+0200,1.34,MW,NL,NL,actual_solar_generation,Solar | Actual Consumption,2026-08-26T03:46:52Z
2026-08-26T03:42:24Z,2026-08-26T05:42:24+0200,e96b9d4a-1054-48fe-90c7-5f4aaf55485c,2026-07-27T21:15:00Z,2026-07-27T23:15:00+0200,0.0,MW,NL,NL,actual_solar_generation,Solar | Actual Aggregated,2026-08-26T03:46:52Z
2026-08-26T03:42:24Z,2026-08-26T05:42:24+0200,e96b9d4a-1054-48fe-90c7-5f4aaf55485c,2026-07-27T21:15:00Z,2026-07-27T23:15:00+0200,1.363,MW,NL,NL,actual_solar_generation,Solar | Actual Consumption,2026-08-26T03:46:52Z
2026-08-26T03:42:24Z,2026-08-26T05:42:24+0200,e96b9d4a-1054-48fe-90c7-5f4aaf55485c,2026-07-27T21:30:00Z,2026-07-27T23:30:00+0200,0.0,MW,NL,NL,actual_solar_generation,Solar | Actual Aggregated,2026-08-26T03:46:52Z
2026-08-26T03:42:24Z,2026-08-26T05:42:24+0200,e96b9d4a-1054-48fe-90c7-5f4aaf55485c,2026-07-27T21:30:00Z,2026-07-27T23:30:00+0200,1.324,MW,NL,NL,actual_solar_generation,Solar | Actual Consumption,2026-08-26T03:46:52Z
2026-08-26T03:42:24Z,2026-08-26T05:42:24+0200,e96b9d4a-1054-48fe-90c7-5f4aaf55485c,2026-07-27T21:45:00Z,2026-07-27T23:45:00+0200,0.0,MW,NL,NL,actual_solar_generation,Solar | Actual Aggregated,2026-08-26T03:46:52Z
2026-08-26T03:42:24Z,2026-08-26T05:42:24+0200,e96b9d4a-1054-48fe-90c7-5f4aaf55485c,2026-07-27T21:45:00Z,2026-07-27T23:45:00+0200,1.349,MW,NL,NL,actual_solar_generation,Solar | Actual Consumption,2026-08-26T03:46:52Z
2026-08-26T03:42:24Z,2026-08-26T05:42:24+0200,e96b9d4a-1054-48fe-90c7-5f4aaf55485c,2026-07-27T22:00:00Z,2026-07-28T00:00:00+0200,0.0,MW,NL,NL,actual_solar_generation,Solar | Actual Aggregated,2026-08-26T03:46:52Z
2026-08-26T03:42:24Z,2026-08-26T05:42:24+0200,e96b9d4a-1054-48fe-90c7-5f4aaf55485c,2026-07-27T22:00:00Z,2026-07-28T00:00:00+0200,1.33,MW,NL,NL,actual_solar_generation,Solar | Actual Consumption,2026-08-26T03:46:52Z
2026-08-26T03:42:24Z,2026-08-26T05:42:24+0200,e96b9d4a-1054-48fe-90c7-5f4aaf55485c,2026-07-27T22:15:00Z,2026-07-28T00:15:00+0200,0.0,MW,NL,NL,actual_solar_generation,Solar | Actual Aggregated,2026-08-26T03:46:52Z
2026-08-26T03:42:24Z,2026-08-26T05:42:24+0200,e96b9d4a-1054-48fe-90c7-5f4aaf55485c,2026-07-27T22:15:00Z,2026-07-28T00:15:00+0200,1.321,MW,NL,NL,actual_solar_generation,Solar | Actual Consumption,2026-08-26T03:46:52Z
2026-08-26T03:42:24Z,2026-08-26T05:42:24+0200,e96b9d4a-1054-48fe-90c7-5f4aaf55485c,2026-07-27T22:30:00Z,2026-07-28T00:30:00+0200,0.0,MW,NL,NL,actual_solar_generation,Solar | Actual Aggregated,2026-08-26T03:46:52Z
2026-08-26T03:42:24Z,2026-08-26T05:42:24+0200,e96b9d4a-1054-48fe-90c7-5f4aaf55485c,2026-07-27T22:30:00Z,2026-07-28T00:30:00+0200,1.358,MW,NL,NL,actual_solar_generation,Solar | Actual Consumption,2026-08-26T03:46:52Z
2026-08-26T03:42:24Z,2026-08-26T05:42:24+0200,e96b9d4a-1054-48fe-90c7-5f4aaf55485c,2026-07-27T22:45:00Z,2026-07-28T00:45:00+0200,0.0,MW,NL,NL,actual_solar_generation,Solar | Actual Aggregated,2026-08-26T03:46:52Z
2026-08-26T03:42:24Z,2026-08-26T05:42:24+0200,e96b9d4a-1054-48fe-90c7-5f4aaf55485c,2026-07-27T22:45:00Z,2026-07-28T00:45:00+0200,1.317,MW,NL,NL,actual_solar_generation,Solar | Actual Consumption,2026-08-26T03:46:52Z
2026-08-26T03:42:24Z,2026-08-26T05:42:24+0200,e96b9d4a-1054-48fe-90c7-5f4aaf55485c,2026-07-27T23:00:00Z,2026-07-28T01:00:00+0200,0.0,MW,NL,NL,actual_solar_generation,Solar | Actual Aggregated,2026-08-26T03:46:52Z
2026-08-26T03:42:24Z,2026-08-26T05:42:24+0200,e96b9d4a-1054-48fe-90c7-5f4aaf55485c,2026-07-27T23:00:00Z,2026-07-28T01:00:00+0200,1.363,MW,NL,NL,actual_solar_generation,Solar | Actual Consumption,2026-08-26T03:46:52Z
2026-08-26T03:42:24Z,2026-08-26T05:42:24+0200,e96b9d4a-1054-48fe-90c7-5f4aaf55485c,2026-07-27T23:15:00Z,2026-07-28T01:15:00+0200,0.0,MW,NL,NL,actual_solar_generation,Solar | Actual Aggregated,2026-08-26T03:46:52Z
2026-08-26T03:42:24Z,2026-08-26T05:42:24+0200,e96b9d4a-1054-48fe-90c7-5f4aaf55485c,2026-07-27T23:15:00Z,2026-07-28T01:15:00+0200,1.326,MW,NL,NL,actual_solar_generation,Solar | Actual Consumption,2026-08-26T03:46:52Z
2026-08-26T03:42:24Z,2026-08-26T05:42:24+0200,e96b9d4a-1054-48fe-90c7-5f4aaf55485c,2026-07-27T23:30:00Z,2026-07-28T01:30:00+0200,0.0,MW,NL,NL,actual_solar_generation,Solar | Actual Aggregated,2026-08-26T03:46:52Z
2026-08-26T03:42:24Z,2026-08-26T05:42:24+0200,e96b9d4a-1054-48fe-90c7-5f4aaf55485c,2026-07-27T23:30:00Z,2026-07-28T01:30:00+0200,1.361,MW,NL,NL,actual_solar_generation,Solar | Actual Consumption,2026-08-26T03:46:52Z
2026-08-26T03:42:24Z,2026-08-26T05:42:24+0200,e96b9d4a-1054-48fe-90c7-5f4aaf55485c,2026-07-27T23:45:00Z,2026-07-28T01:45:00+0200,0.0,MW,NL,NL,actual_solar_generation,Solar | Actual Aggregated,2026-08-26T03:46:52Z
2026-08-26T03:42:24Z,2026-08-26T05:42:24+0200,e96b9d4a-1054-48fe-90c7-5f4aaf55485c,2026-07-27T23:45:00Z,2026-07-28T01:45:00+0200,1.322,MW,NL,NL,actual_solar_generation,Solar | Actual Consumption,2026-08-26T03:46:52Z
2026-08-26T03:42:24Z,2026-08-26T05:42:24+0200,e96b9d4a-1054-48fe-90c7-5f4aaf55485c,2026-07-28T00:00:00Z,2026-07-28T02:00:00+0200,0.0,MW,NL,NL,actual_solar_generation,Solar | Actual Aggregated,2026-08-26T03:46:52Z
2026-08-26T03:42:24Z,2026-08-26T05:42:24+0200,e96b9d4a-1054-48fe-90c7-5f4aaf55485c,2026-07-28T00:00:00Z,2026-07-28T02:00:00+0200,1.364,MW,NL,NL,actual_solar_generation,Solar | Actual Consumption,2026-08-26T03:46:52Z
2026-08-26T03:42:24Z,2026-08-26T05:42:24+0200,e96b9d4a-1054-48fe-90c7-5f4aaf55485c,2026-07-28T00:15:00Z,2026-07-28T02:15:00+0200,0.0,MW,NL,NL,actual_solar_generation,Solar | Actual Aggregated,2026-08-26T03:46:52Z
2026-08-26T03:42:24Z,2026-08-26T05:42:24+0200,e96b9d4a-1054-48fe-90c7-5f4aaf55485c,2026-07-28T00:15:00Z,2026-07-28T02:15:00+0200,1.394,MW,NL,NL,actual_solar_generation,Solar | Actual Consumption,2026-08-26T03:46:52Z
2026-08-26T03:42:24Z,2026-08-26T05:42:24+0200,e96b9d4a-1054-48fe-90c7-5f4aaf55485c,2026-07-28T00:30:00Z,2026-07-28T02:30:00+0200,0.0,MW,NL,NL,actual_solar_generation,Solar | Actual Aggregated,2026-08-26T03:46:52Z
2026-08-26T03:42:24Z,2026-08-26T05:42:24+0200,e96b9d4a-1054-48fe-90c7-5f4aaf55485c,2026-07-28T00:30:00Z,2026-07-28T02:30:00+0200,1.343,MW,NL,NL,actual_solar_generation,Solar | Actual Consumption,2026-08-26T03:46:52Z
2026-08-26T03:42:24Z,2026-08-26T05:42:24+0200,e96b9d4a-1054-48fe-90c7-5f4aaf55485c,2026-07-28T00:45:00Z,2026-07-28T02:45:00+0200,0.0,MW,NL,NL,actual_solar_generation,Solar | Actual Aggregated,2026-08-26T03:46:52Z
2026-08-26T03:42:24Z,2026-08-26T05:42:24+0200,e96b9d4a-1054-48fe-90c7-5f4aaf55485c,2026-07-28T00:45:00Z,2026-07-28T02:45:00+0200,1.365,MW,NL,NL,actual_solar_generation,Solar | Actual Consumption,2026-08-26T03:46:52Z
2026-08-26T03:42:24Z,2026-08-26T05:42:24+0200,e96b9d4a-1054-48fe-90c7-5f4aaf55485c,2026-07-28T01:00:00Z,2026-07-28T03:00:00+0200,0.0,MW,NL,NL,actual_solar_generation,Solar | Actual Aggregated,2026-08-26T03:46:52Z
2026-08-26T03:42:24Z,2026-08-26T05:42:24+0200,e96b9d4a-1054-48fe-90c7-5f4aaf55485c,2026-07-28T01:00:00Z,2026-07-28T03:00:00+0200,1.32,MW,NL,NL,actual_solar_generation,Solar | Actual Consumption,2026-08-26T03:46:52Z
2026-08-26T03:42:24Z,2026-08-26T05:42:24+0200,e96b9d4a-1054-48fe-90c7-5f4aaf55485c,2026-07-28T01:15:00Z,2026-07-28T03:15:00+0200,0.0,MW,NL,NL,actual_solar_generation,Solar | Actual Aggregated,2026-08-26T03:46:52Z
2026-08-26T03:42:24Z,2026-08-26T05:42:24+0200,e96b9d4a-1054-48fe-90c7-5f4aaf55485c,2026-07-28T01:15:00Z,2026-07-28T03:15:00+0200,1.397,MW,NL,NL,actual_solar_generation,Solar | Actual Consumption,2026-08-26T03:46:52Z
2026-08-26T03:42:24Z,2026-08-26T05:42:24+0200,e96b9d4a-1054-48fe-90c7-5f4aaf55485c,2026-07-28T01:30:00Z,2026-07-28T03:30:00+0200,0.0,MW,NL,NL,actual_solar_generation,Solar | Actual Aggregated,2026-08-26T03:46:52Z
2026-08-26T03:42:24Z,2026-08-26T05:42:24+0200,e96b9d4a-1054-48fe-90c7-5f4aaf55485c,2026-07-28T01:30:00Z,2026-07-28T03:30:00+0200,1.322,MW,NL,NL,actual_solar_generation,Solar | Actual Consumption,2026-08-26T03:46:52Z
2026-08-26T03:42:24Z,2026-08-26T05:42:24+0200,e96b9d4a-1054-48fe-90c7-5f4aaf55485c,2026-07-28T01:45:00Z,2026-07-28T03:45:00+0200,0.0,MW,NL,NL,actual_solar_generation,Solar | Actual Aggregated,2026-08-26T03:46:52Z
2026-08-26T03:42:24Z,2026-08-26T05:42:24+0200,e96b9d4a-1054-48fe-90c7-5f4aaf55485c,2026-07-28T01:45:00Z,2026-07-28T03:45:00+0200,1.363,MW,NL,NL,actual_solar_generation,Solar | Actual Consumption,2026-08-26T03:46:52Z
2026-08-26T03:42:24Z,2026-08-26T05:42:24+0200,e96b9d4a-1054-48fe-90c7-5f4aaf55485c,2026-07-28T02:00:00Z,2026-07-28T04:00:00+0200,0.0,MW,NL,NL,actual_solar_generation,Solar | Actual Aggregated,2026-08-26T03:46:52Z
2026-08-26T03:42:24Z,2026-08-26T05:42:24+0200,e96b9d4a-1054-48fe-90c7-5f4aaf55485c,2026-07-28T02:00:00Z,2026-07-28T04:00:00+0200,1.399,MW,NL,NL,actual_solar_generation,Solar | Actual Consumption,2026-08-26T03:46:52Z
2026-08-26T03:42:24Z,2026-08-26T05:42:24+0200,e96b9d4a-1054-48fe-90c7-5f4aaf55485c,2026-07-28T02:15:00Z,2026-07-28T04:15:00+0200,0.0,MW,NL,NL,actual_solar_generation,Solar | Actual Aggregated,2026-08-26T03:46:52Z
2026-08-26T03:42:24Z,2026-08-26T05:42:24+0200,e96b9d4a-1054-48fe-90c7-5f4aaf55485c,2026-07-28T02:15:00Z,2026-07-28T04:15:00+0200,1.319,MW,NL,NL,actual_solar_generation,Solar | Actual Consumption,2026-08-26T03:46:52Z
2026-08-26T03:42:24Z,2026-08-26T05:42:24+0200,e96b9d4a-1054-48fe-90c7-5f4aaf55485c,2026-07-28T02:30:00Z,2026-07-28T04:30:00+0200,0.0,MW,NL,NL,actual_solar_generation,Solar | Actual Aggregated,2026-08-26T03:46:52Z
2026-08-26T03:42:24Z,2026-08-26T05:42:24+0200,e96b9d4a-1054-48fe-90c7-5f4aaf55485c,2026-07-28T02:30:00Z,2026-07-28T04:30:00+0200,1.396,MW,NL,NL,actual_solar_generation,Solar | Actual Consumption,2026-08-26T03:46:52Z
2026-08-26T03:42:24Z,2026-08-26T05:42:24+0200,e96b9d4a-1054-48fe-90c7-5f4aaf55485c,2026-07-28T02:45:00Z,2026-07-28T04:45:00+0200,0.0,MW,NL,NL,actual_solar_generation,Solar | Actual Aggregated,2026-08-26T03:46:52Z
2026-08-26T03:42:24Z,2026-08-26T05:42:24+0200,e96b9d4a-1054-48fe-90c7-5f4aaf55485c,2026-07-28T02:45:00Z,2026-07-28T04:45:00+0200,1.324,MW,NL,NL,actual_solar_generation,Solar | Actual Consumption,2026-08-26T03:46:52Z
2026-08-26T03:42:24Z,2026-08-26T05:42:24+0200,e96b9d4a-1054-48fe-90c7-5f4aaf55485c,2026-07-28T03:00:00Z,2026-07-28T05:00:00+0200,0.0,MW,NL,NL,actual_solar_generation,Solar | Actual Aggregated,2026-08-26T03:46:52Z
2026-08-26T03:42:24Z,2026-08-26T05:42:24+0200,e96b9d4a-1054-48fe-90c7-5f4aaf55485c,2026-07-28T03:00:00Z,2026-07-28T05:00:00+0200,1.353,MW,NL,NL,actual_solar_generation,Solar | Actual Consumption,2026-08-26T03:46:52Z
2026-08-26T03:42:24Z,2026-08-26T05:42:24+0200,e96b9d4a-1054-48fe-90c7-5f4aaf55485c,2026-07-28T03:15:00Z,2026-07-28T05:15:00+0200,0.0,MW,NL,NL,actual_solar_generation,Solar | Actual Aggregated,2026-08-26T03:46:52Z
2026-08-26T03:42:24Z,2026-08-26T05:42:24+0200,e96b9d4a-1054-48fe-90c7-5f4aaf55485c,2026-07-28T03:15:00Z,2026-07-28T05:15:00+0200,1.363,MW,NL,NL,actual_solar_generation,Solar | Actual Consumption,2026-08-26T03:46:52Z
2026-08-26T03:42:24Z,2026-08-26T05:42:24+0200,e96b9d4a-1054-48fe-90c7-5f4aaf55485c,2026-07-28T03:30:00Z,2026-07-28T05:30:00+0200,0.0,MW,NL,NL,actual_solar_generation,Solar | Actual Aggregated,2026-08-26T03:46:52Z
2026-08-26T03:42:24Z,2026-08-26T05:42:24+0200,e96b9d4a-1054-48fe-90c7-5f4aaf55485c,2026-07-28T03:30:00Z,2026-07-28T05:30:00+0200,1.236,MW,NL,NL,actual_solar_generation,Solar | Actual Consumption,2026-08-26T03:46:52Z
2026-08-26T03:42:24Z,2026-08-26T05:42:24+0200,e96b9d4a-1054-48fe-90c7-5f4aaf55485c,2026-07-28T03:45:00Z,2026-07-28T05:45:00+0200,0.128,MW,NL,NL,actual_solar_generation,Solar | Actual Aggregated,2026-08-26T03:46:52Z
2026-08-26T03:42:24Z,2026-08-26T05:42:24+0200,e96b9d4a-1054-48fe-90c7-5f4aaf55485c,2026-07-28T03:45:00Z,2026-07-28T05:45:00+0200,0.817,MW,NL,NL,actual_solar_generation,Solar | Actual Consumption,2026-08-26T03:46:52Z
2026-08-26T03:42:24Z,2026-08-26T05:42:24+0200,e96b9d4a-1054-48fe-90c7-5f4aaf55485c,2026-07-28T04:00:00Z,2026-07-28T06:00:00+0200,1.848,MW,NL,NL,actual_solar_generation,Solar | Actual Aggregated,2026-08-26T03:46:52Z
2026-08-26T03:42:24Z,2026-08-26T05:42:24+0200,e96b9d4a-1054-48fe-90c7-5f4aaf55485c,2026-07-28T04:00:00Z,2026-07-28T06:00:00+0200,0.059,MW,NL,NL,actual_solar_generation,Solar | Actual Consumption,2026-08-26T03:46:52Z
2026-08-26T03:42:24Z,2026-08-26T05:42:24+0200,e96b9d4a-1054-48fe-90c7-5f4aaf55485c,2026-07-28T04:15:00Z,2026-07-28T06:15:00+0200,6.567,MW,NL,NL,actual_solar_generation,Solar | Actual Aggregated,2026-08-26T03:46:52Z
2026-08-26T03:42:24Z,2026-08-26T05:42:24+0200,e96b9d4a-1054-48fe-90c7-5f4aaf55485c,2026-07-28T04:15:00Z,2026-07-28T06:15:00+0200,0.0,MW,NL,NL,actual_solar_generation,Solar | Actual Consumption,2026-08-26T03:46:52Z
2026-08-26T03:42:24Z,2026-08-26T05:42:24+0200,e96b9d4a-1054-48fe-90c7-5f4aaf55485c,2026-07-28T04:30:00Z,2026-07-28T06:30:00+0200,13.151,MW,NL,NL,actual_solar_generation,Solar | Actual Aggregated,2026-08-26T03:46:52Z
2026-08-26T03:42:24Z,2026-08-26T05:42:24+0200,e96b9d4a-1054-48fe-90c7-5f4aaf55485c,2026-07-28T04:30:00Z,2026-07-28T06:30:00+0200,0.0,MW,NL,NL,actual_solar_generation,Solar | Actual Consumption,2026-08-26T03:46:52Z
2026-08-26T03:42:24Z,2026-08-26T05:42:24+0200,e96b9d4a-1054-48fe-90c7-5f4aaf55485c,2026-07-28T04:45:00Z,2026-07-28T06:45:00+0200,18.013,MW,NL,NL,actual_solar_generation,Solar | Actual Aggregated,2026-08-26T03:46:52Z
2026-08-26T03:42:24Z,2026-08-26T05:42:24+0200,e96b9d4a-1054-48fe-90c7-5f4aaf55485c,2026-07-28T04:45:00Z,2026-07-28T06:45:00+0200,0.0,MW,NL,NL,actual_solar_generation,Solar | Actual Consumption,2026-08-26T03:46:52Z
2026-08-26T03:42:24Z,2026-08-26T05:42:24+0200,e96b9d4a-1054-48fe-90c7-5f4aaf55485c,2026-07-28T05:00:00Z,2026-07-28T07:00:00+0200,33.012,MW,NL,NL,actual_solar_generation,Solar | Actual Aggregated,2026-08-26T03:46:52Z
2026-08-26T03:42:24Z,2026-08-26T05:42:24+0200,e96b9d4a-1054-48fe-90c7-5f4aaf55485c,2026-07-28T05:00:00Z,2026-07-28T07:00:00+0200,0.0,MW,NL,NL,actual_solar_generation,Solar | Actual Consumption,2026-08-26T03:46:52Z
2026-08-26T03:42:24Z,2026-08-26T05:42:24+0200,e96b9d4a-1054-48fe-90c7-5f4aaf55485c,2026-07-28T05:15:00Z,2026-07-28T07:15:00+0200,38.464,MW,NL,NL,actual_solar_generation,Solar | Actual Aggregated,2026-08-26T03:46:52Z
2026-08-26T03:42:24Z,2026-08-26T05:42:24+0200,e96b9d4a-1054-48fe-90c7-5f4aaf55485c,2026-07-28T05:15:00Z,2026-07-28T07:15:00+0200,0.0,MW,NL,NL,actual_solar_generation,Solar | Actual Consumption,2026-08-26T03:46:52Z
2026-08-26T03:42:24Z,2026-08-26T05:42:24+0200,e96b9d4a-1054-48fe-90c7-5f4aaf55485c,2026-07-28T05:30:00Z,2026-07-28T07:30:00+0200,47.382,MW,NL,NL,actual_solar_generation,Solar | Actual Aggregated,2026-08-26T03:46:52Z
2026-08-26T03:42:24Z,2026-08-26T05:42:24+0200,e96b9d4a-1054-48fe-90c7-5f4aaf55485c,2026-07-28T05:30:00Z,2026-07-28T07:30:00+0200,0.0,MW,NL,NL,actual_solar_generation,Solar | Actual Consumption,2026-08-26T03:46:52Z
2026-08-26T03:42:24Z,2026-08-26T05:42:24+0200,e96b9d4a-1054-48fe-90c7-5f4aaf55485c,2026-07-28T05:45:00Z,2026-07-28T07:45:00+0200,69.351,MW,NL,NL,actual_solar_generation,Solar | Actual Aggregated,2026-08-26T03:46:52Z
2026-08-26T03:42:24Z,2026-08-26T05:42:24+0200,e96b9d4a-1054-48fe-90c7-5f4aaf55485c,2026-07-28T05:45:00Z,2026-07-28T07:45:00+0200,0.0,MW,NL,NL,actual_solar_generation,Solar | Actual Consumption,2026-08-26T03:46:52Z
2026-08-26T03:42:24Z,2026-08-26T05:42:24+0200,e96b9d4a-1054-48fe-90c7-5f4aaf55485c,2026-07-28T06:00:00Z,2026-07-28T08:00:00+0200,79.226,MW,NL,NL,actual_solar_generation,Solar | Actual Aggregated,2026-08-26T03:46:52Z
2026-08-26T03:42:24Z,2026-08-26T05:42:24+0200,e96b9d4a-1054-48fe-90c7-5f4aaf55485c,2026-07-28T06:00:00Z,2026-07-28T08:00:00+0200,0.0,MW,NL,NL,actual_solar_generation,Solar | Actual Consumption,2026-08-26T03:46:52Z
2026-08-26T03:42:24Z,2026-08-26T05:42:24+0200,e96b9d4a-1054-48fe-90c7-5f4aaf55485c,2026-07-28T06:15:00Z,2026-07-28T08:15:00+0200,96.951,MW,NL,NL,actual_solar_generation,Solar | Actual Aggregated,2026-08-26T03:46:52Z
2026-08-26T03:42:24Z,2026-08-26T05:42:24+0200,e96b9d4a-1054-48fe-90c7-5f4aaf55485c,2026-07-28T06:15:00Z,2026-07-28T08:15:00+0200,0.0,MW,NL,NL,actual_solar_generation,Solar | Actual Consumption,2026-08-26T03:46:52Z
2026-08-26T03:42:24Z,2026-08-26T05:42:24+0200,e96b9d4a-1054-48fe-90c7-5f4aaf55485c,2026-07-28T06:30:00Z,2026-07-28T08:30:00+0200,136.762,MW,NL,NL,actual_solar_generation,Solar | Actual Aggregated,2026-08-26T03:46:52Z
2026-08-26T03:42:24Z,2026-08-26T05:42:24+0200,e96b9d4a-1054-48fe-90c7-5f4aaf55485c,2026-07-28T06:30:00Z,2026-07-28T08:30:00+0200,0.0,MW,NL,NL,actual_solar_generation,Solar | Actual Consumption,2026-08-26T03:46:52Z
2026-08-26T03:42:24Z,2026-08-26T05:42:24+0200,e96b9d4a-1054-48fe-90c7-5f4aaf55485c,2026-07-28T06:45:00Z,2026-07-28T08:45:00+0200,146.492,MW,NL,NL,actual_solar_generation,Solar | Actual Aggregated,2026-08-26T03:46:52Z
2026-08-26T03:42:24Z,2026-08-26T05:42:24+0200,e96b9d4a-1054-48fe-90c7-5f4aaf55485c,2026-07-28T06:45:00Z,2026-07-28T08:45:00+0200,0.0,MW,NL,NL,actual_solar_generation,Solar | Actual Consumption,2026-08-26T03:46:52Z
2026-08-26T03:42:24Z,2026-08-26T05:42:24+0200,e96b9d4a-1054-48fe-90c7-5f4aaf55485c,2026-07-28T07:00:00Z,2026-07-28T09:00:00+0200,179.691,MW,NL,NL,actual_solar_generation,Solar | Actual Aggregated,2026-08-26T03:46:52Z
2026-08-26T03:42:24Z,2026-08-26T05:42:24+0200,e96b9d4a-1054-48fe-90c7-5f4aaf55485c,2026-07-28T07:00:00Z,2026-07-28T09:00:00+0200,0.0,MW,NL,NL,actual_solar_generation,Solar | Actual Consumption,2026-08-26T03:46:52Z
2026-08-26T03:42:24Z,2026-08-26T05:42:24+0200,e96b9d4a-1054-48fe-90c7-5f4aaf55485c,2026-07-28T07:15:00Z,2026-07-28T09:15:00+0200,199.89,MW,NL,NL,actual_solar_generation,Solar | Actual Aggregated,2026-08-26T03:46:52Z
2026-08-26T03:42:24Z,2026-08-26T05:42:24+0200,e96b9d4a-1054-48fe-90c7-5f4aaf55485c,2026-07-28T07:15:00Z,2026-07-28T09:15:00+0200,0.0,MW,NL,NL,actual_solar_generation,Solar | Actual Consumption,2026-08-26T03:46:52Z
2026-08-26T03:42:24Z,2026-08-26T05:42:24+0200,e96b9d4a-1054-48fe-90c7-5f4aaf55485c,2026-07-28T07:30:00Z,2026-07-28T09:30:00+0200,219.97,MW,NL,NL,actual_solar_generation,Solar | Actual Aggregated,2026-08-26T03:46:52Z
2026-08-26T03:42:24Z,2026-08-26T05:42:24+0200,e96b9d4a-1054-48fe-90c7-5f4aaf55485c,2026-07-28T07:30:00Z,2026-07-28T09:30:00+0200,0.0,MW,NL,NL,actual_solar_generation,Solar | Actual Consumption,2026-08-26T03:46:52Z
2026-08-26T03:42:24Z,2026-08-26T05:42:24+0200,e96b9d4a-1054-48fe-90c7-5f4aaf55485c,2026-07-28T07:45:00Z,2026-07-28T09:45:00+0200,238.01,MW,NL,NL,actual_solar_generation,Solar | Actual Aggregated,2026-08-26T03:46:52Z
2026-08-26T03:42:24Z,2026-08-26T05:42:24+0200,e96b9d4a-1054-48fe-90c7-5f4aaf55485c,2026-07-28T07:45:00Z,2026-07-28T09:45:00+0200,0.0,MW,NL,NL,actual_solar_generation,Solar | Actual Consumption,2026-08-26T03:46:52Z
2026-08-26T03:42:24Z,2026-08-26T05:42:24+0200,e96b9d4a-1054-48fe-90c7-5f4aaf55485c,2026-07-28T08:00:00Z,2026-07-28T10:00:00+0200,254.98,MW,NL,NL,actual_solar_generation,Solar | Actual Aggregated,2026-08-26T03:46:52Z
2026-08-26T03:42:24Z,2026-08-26T05:42:24+0200,e96b9d4a-1054-48fe-90c7-5f4aaf55485c,2026-07-28T08:00:00Z,2026-07-28T10:00:00+0200,0.0,MW,NL,NL,actual_solar_generation,Solar | Actual Consumption,2026-08-26T03:46:52Z
2026-08-26T03:42:24Z,2026-08-26T05:42:24+0200,e96b9d4a-1054-48fe-90c7-5f4aaf55485c,2026-07-28T08:15:00Z,2026-07-28T10:15:00+0200,266.717,MW,NL,NL,actual_solar_generation,Solar | Actual Aggregated,2026-08-26T03:46:52Z
2026-08-26T03:42:24Z,2026-08-26T05:42:24+0200,e96b9d4a-1054-48fe-90c7-5f4aaf55485c,2026-07-28T08:15:00Z,2026-07-28T10:15:00+0200,0.0,MW,NL,NL,actual_solar_generation,Solar | Actual Consumption,2026-08-26T03:46:52Z
2026-08-26T03:42:24Z,2026-08-26T05:42:24+0200,e96b9d4a-1054-48fe-90c7-5f4aaf55485c,2026-07-28T08:30:00Z,2026-07-28T10:30:00+0200,281.916,MW,NL,NL,actual_solar_generation,Solar | Actual Aggregated,2026-08-26T03:46:52Z
2026-08-26T03:42:24Z,2026-08-26T05:42:24+0200,e96b9d4a-1054-48fe-90c7-5f4aaf55485c,2026-07-28T08:30:00Z,2026-07-28T10:30:00+0200,0.0,MW,NL,NL,actual_solar_generation,Solar | Actual Consumption,2026-08-26T03:46:52Z
2026-08-26T03:42:24Z,2026-08-26T05:42:24+0200,e96b9d4a-1054-48fe-90c7-5f4aaf55485c,2026-07-28T08:45:00Z,2026-07-28T10:45:00+0200,291.844,MW,NL,NL,actual_solar_generation,Solar | Actual Aggregated,2026-08-26T03:46:52Z
2026-08-26T03:42:24Z,2026-08-26T05:42:24+0200,e96b9d4a-1054-48fe-90c7-5f4aaf55485c,2026-07-28T08:45:00Z,2026-07-28T10:45:00+0200,0.0,MW,NL,NL,actual_solar_generation,Solar | Actual Consumption,2026-08-26T03:46:52Z
2026-08-26T03:42:24Z,2026-08-26T05:42:24+0200,e96b9d4a-1054-48fe-90c7-5f4aaf55485c,2026-07-28T09:00:00Z,2026-07-28T11:00:00+0200,299.771,MW,NL,NL,actual_solar_generation,Solar | Actual Aggregated,2026-08-26T03:46:52Z
2026-08-26T03:42:24Z,2026-08-26T05:42:24+0200,e96b9d4a-1054-48fe-90c7-5f4aaf55485c,2026-07-28T09:00:00Z,2026-07-28T11:00:00+0200,0.0,MW,NL,NL,actual_solar_generation,Solar | Actual Consumption,2026-08-26T03:46:52Z
2026-08-26T03:42:24Z,2026-08-26T05:42:24+0200,e96b9d4a-1054-48fe-90c7-5f4aaf55485c,2026-07-28T09:15:00Z,2026-07-28T11:15:00+0200,304.32,MW,NL,NL,actual_solar_generation,Solar | Actual Aggregated,2026-08-26T03:46:52Z
2026-08-26T03:42:24Z,2026-08-26T05:42:24+0200,e96b9d4a-1054-48fe-90c7-5f4aaf55485c,2026-07-28T09:15:00Z,2026-07-28T11:15:00+0200,0.0,MW,NL,NL,actual_solar_generation,Solar | Actual Consumption,2026-08-26T03:46:52Z
2026-08-26T03:42:24Z,2026-08-26T05:42:24+0200,e96b9d4a-1054-48fe-90c7-5f4aaf55485c,2026-07-28T09:30:00Z,2026-07-28T11:30:00+0200,302.46,MW,NL,NL,actual_solar_generation,Solar | Actual Aggregated,2026-08-26T03:46:52Z
2026-08-26T03:42:24Z,2026-08-26T05:42:24+0200,e96b9d4a-1054-48fe-90c7-5f4aaf55485c,2026-07-28T09:30:00Z,2026-07-28T11:30:00+0200,0.0,MW,NL,NL,actual_solar_generation,Solar | Actual Consumption,2026-08-26T03:46:52Z
2026-08-26T03:42:24Z,2026-08-26T05:42:24+0200,e96b9d4a-1054-48fe-90c7-5f4aaf55485c,2026-07-28T09:45:00Z,2026-07-28T11:45:00+0200,312.482,MW,NL,NL,actual_solar_generation,Solar | Actual Aggregated,2026-08-26T03:46:52Z
2026-08-26T03:42:24Z,2026-08-26T05:42:24+0200,e96b9d4a-1054-48fe-90c7-5f4aaf55485c,2026-07-28T09:45:00Z,2026-07-28T11:45:00+0200,0.0,MW,NL,NL,actual_solar_generation,Solar | Actual Consumption,2026-08-26T03:46:52Z
2026-08-26T03:42:24Z,2026-08-26T05:42:24+0200,e96b9d4a-1054-48fe-90c7-5f4aaf55485c,2026-07-28T10:00:00Z,2026-07-28T12:00:00+0200,316.507,MW,NL,NL,actual_solar_generation,Solar | Actual Aggregated,2026-08-26T03:46:52Z
2026-08-26T03:42:24Z,2026-08-26T05:42:24+0200,e96b9d4a-1054-48fe-90c7-5f4aaf55485c,2026-07-28T10:00:00Z,2026-07-28T12:00:00+0200,0.0,MW,NL,NL,actual_solar_generation,Solar | Actual Consumption,2026-08-26T03:46:52Z
2026-08-26T03:42:24Z,2026-08-26T05:42:24+0200,e96b9d4a-1054-48fe-90c7-5f4aaf55485c,2026-07-28T10:15:00Z,2026-07-28T12:15:00+0200,322.457,MW,NL,NL,actual_solar_generation,Solar | Actual Aggregated,2026-08-26T03:46:52Z
2026-08-26T03:42:24Z,2026-08-26T05:42:24+0200,e96b9d4a-1054-48fe-90c7-5f4aaf55485c,2026-07-28T10:15:00Z,2026-07-28T12:15:00+0200,0.0,MW,NL,NL,actual_solar_generation,Solar | Actual Consumption,2026-08-26T03:46:52Z
2026-08-26T03:42:24Z,2026-08-26T05:42:24+0200,e96b9d4a-1054-48fe-90c7-5f4aaf55485c,2026-07-28T10:30:00Z,2026-07-28T12:30:00+0200,297.826,MW,NL,NL,actual_solar_generation,Solar | Actual Aggregated,2026-08-26T03:46:52Z
2026-08-26T03:42:24Z,2026-08-26T05:42:24+0200,e96b9d4a-1054-48fe-90c7-5f4aaf55485c,2026-07-28T10:30:00Z,2026-07-28T12:30:00+0200,0.0,MW,NL,NL,actual_solar_generation,Solar | Actual Consumption,2026-08-26T03:46:52Z
2026-08-26T03:42:24Z,2026-08-26T05:42:24+0200,e96b9d4a-1054-48fe-90c7-5f4aaf55485c,2026-07-28T10:45:00Z,2026-07-28T12:45:00+0200,312.946,MW,NL,NL,actual_solar_generation,Solar | Actual Aggregated,2026-08-26T03:46:52Z
2026-08-26T03:42:24Z,2026-08-26T05:42:24+0200,e96b9d4a-1054-48fe-90c7-5f4aaf55485c,2026-07-28T10:45:00Z,2026-07-28T12:45:00+0200,0.0,MW,NL,NL,actual_solar_generation,Solar | Actual Consumption,2026-08-26T03:46:52Z
2026-08-26T03:42:24Z,2026-08-26T05:42:24+0200,e96b9d4a-1054-48fe-90c7-5f4aaf55485c,2026-07-28T11:00:00Z,2026-07-28T13:00:00+0200,306.105,MW,NL,NL,actual_solar_generation,Solar | Actual Aggregated,2026-08-26T03:46:52Z
2026-08-26T03:42:24Z,2026-08-26T05:42:24+0200,e96b9d4a-1054-48fe-90c7-5f4aaf55485c,2026-07-28T11:00:00Z,2026-07-28T13:00:00+0200,0.0,MW,NL,NL,actual_solar_generation,Solar | Actual Consumption,2026-08-26T03:46:52Z
2026-08-26T03:42:24Z,2026-08-26T05:42:24+0200,e96b9d4a-1054-48fe-90c7-5f4aaf55485c,2026-07-28T11:15:00Z,2026-07-28T13:15:00+0200,310.493,MW,NL,NL,actual_solar_generation,Solar | Actual Aggregated,2026-08-26T03:46:52Z
2026-08-26T03:42:24Z,2026-08-26T05:42:24+0200,e96b9d4a-1054-48fe-90c7-5f4aaf55485c,2026-07-28T11:15:00Z,2026-07-28T13:15:00+0200,0.0,MW,NL,NL,actual_solar_generation,Solar | Actual Consumption,2026-08-26T03:46:52Z
2026-08-26T03:42:24Z,2026-08-26T05:42:24+0200,e96b9d4a-1054-48fe-90c7-5f4aaf55485c,2026-07-28T11:30:00Z,2026-07-28T13:30:00+0200,310.601,MW,NL,NL,actual_solar_generation,Solar | Actual Aggregated,2026-08-26T03:46:52Z
2026-08-26T03:42:24Z,2026-08-26T05:42:24+0200,e96b9d4a-1054-48fe-90c7-5f4aaf55485c,2026-07-28T11:30:00Z,2026-07-28T13:30:00+0200,0.0,MW,NL,NL,actual_solar_generation,Solar | Actual Consumption,2026-08-26T03:46:52Z
2026-08-26T03:42:24Z,2026-08-26T05:42:24+0200,e96b9d4a-1054-48fe-90c7-5f4aaf55485c,2026-07-28T11:45:00Z,2026-07-28T13:45:00+0200,326.996,MW,NL,NL,actual_solar_generation,Solar | Actual Aggregated,2026-08-26T03:46:52Z
2026-08-26T03:42:24Z,2026-08-26T05:42:24+0200,e96b9d4a-1054-48fe-90c7-5f4aaf55485c,2026-07-28T11:45:00Z,2026-07-28T13:45:00+0200,0.0,MW,NL,NL,actual_solar_generation,Solar | Actual Consumption,2026-08-26T03:46:52Z
2026-08-26T03:42:24Z,2026-08-26T05:42:24+0200,e96b9d4a-1054-48fe-90c7-5f4aaf55485c,2026-07-28T12:00:00Z,2026-07-28T14:00:00+0200,330.631,MW,NL,NL,actual_solar_generation,Solar | Actual Aggregated,2026-08-26T03:46:52Z
2026-08-26T03:42:24Z,2026-08-26T05:42:24+0200,e96b9d4a-1054-48fe-90c7-5f4aaf55485c,2026-07-28T12:00:00Z,2026-07-28T14:00:00+0200,0.0,MW,NL,NL,actual_solar_generation,Solar | Actual Consumption,2026-08-26T03:46:52Z
2026-08-26T03:42:24Z,2026-08-26T05:42:24+0200,e96b9d4a-1054-48fe-90c7-5f4aaf55485c,2026-07-28T12:15:00Z,2026-07-28T14:15:00+0200,329.049,MW,NL,NL,actual_solar_generation,Solar | Actual Aggregated,2026-08-26T03:46:52Z
2026-08-26T03:42:24Z,2026-08-26T05:42:24+0200,e96b9d4a-1054-48fe-90c7-5f4aaf55485c,2026-07-28T12:15:00Z,2026-07-28T14:15:00+0200,0.0,MW,NL,NL,actual_solar_generation,Solar | Actual Consumption,2026-08-26T03:46:52Z
2026-08-26T03:42:24Z,2026-08-26T05:42:24+0200,e96b9d4a-1054-48fe-90c7-5f4aaf55485c,2026-07-28T12:30:00Z,2026-07-28T14:30:00+0200,321.174,MW,NL,NL,actual_solar_generation,Solar | Actual Aggregated,2026-08-26T03:46:52Z
2026-08-26T03:42:24Z,2026-08-26T05:42:24+0200,e96b9d4a-1054-48fe-90c7-5f4aaf55485c,2026-07-28T12:30:00Z,2026-07-28T14:30:00+0200,0.0,MW,NL,NL,actual_solar_generation,Solar | Actual Consumption,2026-08-26T03:46:52Z
2026-08-26T03:42:24Z,2026-08-26T05:42:24+0200,e96b9d4a-1054-48fe-90c7-5f4aaf55485c,2026-07-28T12:45:00Z,2026-07-28T14:45:00+0200,321.965,MW,NL,NL,actual_solar_generation,Solar | Actual Aggregated,2026-08-26T03:46:52Z
2026-08-26T03:42:24Z,2026-08-26T05:42:24+0200,e96b9d4a-1054-48fe-90c7-5f4aaf55485c,2026-07-28T12:45:00Z,2026-07-28T14:45:00+0200,0.0,MW,NL,NL,actual_solar_generation,Solar | Actual Consumption,2026-08-26T03:46:52Z
2026-08-26T03:42:24Z,2026-08-26T05:42:24+0200,e96b9d4a-1054-48fe-90c7-5f4aaf55485c,2026-07-28T13:00:00Z,2026-07-28T15:00:00+0200,306.353,MW,NL,NL,actual_solar_generation,Solar | Actual Aggregated,2026-08-26T03:46:52Z
2026-08-26T03:42:24Z,2026-08-26T05:42:24+0200,e96b9d4a-1054-48fe-90c7-5f4aaf55485c,2026-07-28T13:00:00Z,2026-07-28T15:00:00+0200,0.0,MW,NL,NL,actual_solar_generation,Solar | Actual Consumption,2026-08-26T03:46:52Z
2026-08-26T03:42:24Z,2026-08-26T05:42:24+0200,e96b9d4a-1054-48fe-90c7-5f4aaf55485c,2026-07-28T13:15:00Z,2026-07-28T15:15:00+0200,287.837,MW,NL,NL,actual_solar_generation,Solar | Actual Aggregated,2026-08-26T03:46:52Z
2026-08-26T03:42:24Z,2026-08-26T05:42:24+0200,e96b9d4a-1054-48fe-90c7-5f4aaf55485c,2026-07-28T13:15:00Z,2026-07-28T15:15:00+0200,0.0,MW,NL,NL,actual_solar_generation,Solar | Actual Consumption,2026-08-26T03:46:52Z
2026-08-26T03:42:24Z,2026-08-26T05:42:24+0200,e96b9d4a-1054-48fe-90c7-5f4aaf55485c,2026-07-28T13:30:00Z,2026-07-28T15:30:00+0200,253.51,MW,NL,NL,actual_solar_generation,Solar | Actual Aggregated,2026-08-26T03:46:52Z
2026-08-26T03:42:24Z,2026-08-26T05:42:24+0200,e96b9d4a-1054-48fe-90c7-5f4aaf55485c,2026-07-28T13:30:00Z,2026-07-28T15:30:00+0200,0.0,MW,NL,NL,actual_solar_generation,Solar | Actual Consumption,2026-08-26T03:46:52Z
2026-08-26T03:42:24Z,2026-08-26T05:42:24+0200,e96b9d4a-1054-48fe-90c7-5f4aaf55485c,2026-07-28T13:45:00Z,2026-07-28T15:45:00+0200,254.634,MW,NL,NL,actual_solar_generation,Solar | Actual Aggregated,2026-08-26T03:46:52Z
2026-08-26T03:42:24Z,2026-08-26T05:42:24+0200,e96b9d4a-1054-48fe-90c7-5f4aaf55485c,2026-07-28T13:45:00Z,2026-07-28T15:45:00+0200,0.0,MW,NL,NL,actual_solar_generation,Solar | Actual Consumption,2026-08-26T03:46:52Z
2026-08-26T03:42:24Z,2026-08-26T05:42:24+0200,e96b9d4a-1054-48fe-90c7-5f4aaf55485c,2026-07-28T14:00:00Z,2026-07-28T16:00:00+0200,253.346,MW,NL,NL,actual_solar_generation,Solar | Actual Aggregated,2026-08-26T03:46:52Z
2026-08-26T03:42:24Z,2026-08-26T05:42:24+0200,e96b9d4a-1054-48fe-90c7-5f4aaf55485c,2026-07-28T14:00:00Z,2026-07-28T16:00:00+0200,0.0,MW,NL,NL,actual_solar_generation,Solar | Actual Consumption,2026-08-26T03:46:52Z
2026-08-26T03:42:24Z,2026-08-26T05:42:24+0200,e96b9d4a-1054-48fe-90c7-5f4aaf55485c,2026-07-28T14:15:00Z,2026-07-28T16:15:00+0200,232.253,MW,NL,NL,actual_solar_generation,Solar | Actual Aggregated,2026-08-26T03:46:52Z
2026-08-26T03:42:24Z,2026-08-26T05:42:24+0200,e96b9d4a-1054-48fe-90c7-5f4aaf55485c,2026-07-28T14:15:00Z,2026-07-28T16:15:00+0200,0.0,MW,NL,NL,actual_solar_generation,Solar | Actual Consumption,2026-08-26T03:46:52Z
2026-08-26T03:42:24Z,2026-08-26T05:42:24+0200,e96b9d4a-1054-48fe-90c7-5f4aaf55485c,2026-07-28T14:30:00Z,2026-07-28T16:30:00+0200,216.157,MW,NL,NL,actual_solar_generation,Solar | Actual Aggregated,2026-08-26T03:46:52Z
2026-08-26T03:42:24Z,2026-08-26T05:42:24+0200,e96b9d4a-1054-48fe-90c7-5f4aaf55485c,2026-07-28T14:30:00Z,2026-07-28T16:30:00+0200,0.0,MW,NL,NL,actual_solar_generation,Solar | Actual Consumption,2026-08-26T03:46:52Z
2026-08-26T03:42:24Z,2026-08-26T05:42:24+0200,e96b9d4a-1054-48fe-90c7-5f4aaf55485c,2026-07-28T14:45:00Z,2026-07-28T16:45:00+0200,230.166,MW,NL,NL,actual_solar_generation,Solar | Actual Aggregated,2026-08-26T03:46:52Z
2026-08-26T03:42:24Z,2026-08-26T05:42:24+0200,e96b9d4a-1054-48fe-90c7-5f4aaf55485c,2026-07-28T14:45:00Z,2026-07-28T16:45:00+0200,0.0,MW,NL,NL,actual_solar_generation,Solar | Actual Consumption,2026-08-26T03:46:52Z
2026-08-26T03:42:24Z,2026-08-26T05:42:24+0200,e96b9d4a-1054-48fe-90c7-5f4aaf55485c,2026-07-28T15:00:00Z,2026-07-28T17:00:00+0200,198.458,MW,NL,NL,actual_solar_generation,Solar | Actual Aggregated,2026-08-26T03:46:52Z
2026-08-26T03:42:24Z,2026-08-26T05:42:24+0200,e96b9d4a-1054-48fe-90c7-5f4aaf55485c,2026-07-28T15:00:00Z,2026-07-28T17:00:00+0200,0.0,MW,NL,NL,actual_solar_generation,Solar | Actual Consumption,2026-08-26T03:46:52Z
2026-08-26T03:42:24Z,2026-08-26T05:42:24+0200,e96b9d4a-1054-48fe-90c7-5f4aaf55485c,2026-07-28T15:15:00Z,2026-07-28T17:15:00+0200,183.916,MW,NL,NL,actual_solar_generation,Solar | Actual Aggregated,2026-08-26T03:46:52Z
2026-08-26T03:42:24Z,2026-08-26T05:42:24+0200,e96b9d4a-1054-48fe-90c7-5f4aaf55485c,2026-07-28T15:15:00Z,2026-07-28T17:15:00+0200,0.0,MW,NL,NL,actual_solar_generation,Solar | Actual Consumption,2026-08-26T03:46:52Z
2026-08-26T03:42:24Z,2026-08-26T05:42:24+0200,e96b9d4a-1054-48fe-90c7-5f4aaf55485c,2026-07-28T15:30:00Z,2026-07-28T17:30:00+0200,170.036,MW,NL,NL,actual_solar_generation,Solar | Actual Aggregated,2026-08-26T03:46:52Z
2026-08-26T03:42:24Z,2026-08-26T05:42:24+0200,e96b9d4a-1054-48fe-90c7-5f4aaf55485c,2026-07-28T15:30:00Z,2026-07-28T17:30:00+0200,0.0,MW,NL,NL,actual_solar_generation,Solar | Actual Consumption,2026-08-26T03:46:52Z
2026-08-26T03:42:24Z,2026-08-26T05:42:24+0200,e96b9d4a-1054-48fe-90c7-5f4aaf55485c,2026-07-28T15:45:00Z,2026-07-28T17:45:00+0200,177.516,MW,NL,NL,actual_solar_generation,Solar | Actual Aggregated,2026-08-26T03:46:52Z
2026-08-26T03:42:24Z,2026-08-26T05:42:24+0200,e96b9d4a-1054-48fe-90c7-5f4aaf55485c,2026-07-28T15:45:00Z,2026-07-28T17:45:00+0200,0.0,MW,NL,NL,actual_solar_generation,Solar | Actual Consumption,2026-08-26T03:46:52Z
2026-08-26T03:42:24Z,2026-08-26T05:42:24+0200,e96b9d4a-1054-48fe-90c7-5f4aaf55485c,2026-07-28T16:00:00Z,2026-07-28T18:00:00+0200,156.689,MW,NL,NL,actual_solar_generation,Solar | Actual Aggregated,2026-08-26T03:46:52Z
2026-08-26T03:42:24Z,2026-08-26T05:42:24+0200,e96b9d4a-1054-48fe-90c7-5f4aaf55485c,2026-07-28T16:00:00Z,2026-07-28T18:00:00+0200,0.0,MW,NL,NL,actual_solar_generation,Solar | Actual Consumption,2026-08-26T03:46:52Z
2026-08-26T03:42:24Z,2026-08-26T05:42:24+0200,e96b9d4a-1054-48fe-90c7-5f4aaf55485c,2026-07-28T16:15:00Z,2026-07-28T18:15:00+0200,129.014,MW,NL,NL,actual_solar_generation,Solar | Actual Aggregated,2026-08-26T03:46:52Z
2026-08-26T03:42:24Z,2026-08-26T05:42:24+0200,e96b9d4a-1054-48fe-90c7-5f4aaf55485c,2026-07-28T16:15:00Z,2026-07-28T18:15:00+0200,0.0,MW,NL,NL,actual_solar_generation,Solar | Actual Consumption,2026-08-26T03:46:52Z
2026-08-26T03:42:24Z,2026-08-26T05:42:24+0200,e96b9d4a-1054-48fe-90c7-5f4aaf55485c,2026-07-28T16:30:00Z,2026-07-28T18:30:00+0200,123.393,MW,NL,NL,actual_solar_generation,Solar | Actual Aggregated,2026-08-26T03:46:52Z
2026-08-26T03:42:24Z,2026-08-26T05:42:24+0200,e96b9d4a-1054-48fe-90c7-5f4aaf55485c,2026-07-28T16:30:00Z,2026-07-28T18:30:00+0200,0.0,MW,NL,NL,actual_solar_generation,Solar | Actual Consumption,2026-08-26T03:46:52Z
2026-08-26T03:42:24Z,2026-08-26T05:42:24+0200,e96b9d4a-1054-48fe-90c7-5f4aaf55485c,2026-07-28T16:45:00Z,2026-07-28T18:45:00+0200,107.265,MW,NL,NL,actual_solar_generation,Solar | Actual Aggregated,2026-08-26T03:46:52Z
2026-08-26T03:42:24Z,2026-08-26T05:42:24+0200,e96b9d4a-1054-48fe-90c7-5f4aaf55485c,2026-07-28T16:45:00Z,2026-07-28T18:45:00+0200,0.0,MW,NL,NL,actual_solar_generation,Solar | Actual Consumption,2026-08-26T03:46:52Z
2026-08-26T03:42:24Z,2026-08-26T05:42:24+0200,e96b9d4a-1054-48fe-90c7-5f4aaf55485c,2026-07-28T17:00:00Z,2026-07-28T19:00:00+0200,89.002,MW,NL,NL,actual_solar_generation,Solar | Actual Aggregated,2026-08-26T03:46:52Z
2026-08-26T03:42:24Z,2026-08-26T05:42:24+0200,e96b9d4a-1054-48fe-90c7-5f4aaf55485c,2026-07-28T17:00:00Z,2026-07-28T19:00:00+0200,0.0,MW,NL,NL,actual_solar_generation,Solar | Actual Consumption,2026-08-26T03:46:52Z
2026-08-26T03:42:24Z,2026-08-26T05:42:24+0200,e96b9d4a-1054-48fe-90c7-5f4aaf55485c,2026-07-28T17:15:00Z,2026-07-28T19:15:00+0200,69.482,MW,NL,NL,actual_solar_generation,Solar | Actual Aggregated,2026-08-26T03:46:52Z
2026-08-26T03:42:24Z,2026-08-26T05:42:24+0200,e96b9d4a-1054-48fe-90c7-5f4aaf55485c,2026-07-28T17:15:00Z,2026-07-28T19:15:00+0200,0.0,MW,NL,NL,actual_solar_generation,Solar | Actual Consumption,2026-08-26T03:46:52Z
2026-08-26T03:42:24Z,2026-08-26T05:42:24+0200,e96b9d4a-1054-48fe-90c7-5f4aaf55485c,2026-07-28T17:30:00Z,2026-07-28T19:30:00+0200,48.348,MW,NL,NL,actual_solar_generation,Solar | Actual Aggregated,2026-08-26T03:46:52Z
2026-08-26T03:42:24Z,2026-08-26T05:42:24+0200,e96b9d4a-1054-48fe-90c7-5f4aaf55485c,2026-07-28T17:30:00Z,2026-07-28T19:30:00+0200,0.0,MW,NL,NL,actual_solar_generation,Solar | Actual Consumption,2026-08-26T03:46:52Z
2026-08-26T03:42:24Z,2026-08-26T05:42:24+0200,e96b9d4a-1054-48fe-90c7-5f4aaf55485c,2026-07-28T17:45:00Z,2026-07-28T19:45:00+0200,35.183,MW,NL,NL,actual_solar_generation,Solar | Actual Aggregated,2026-08-26T03:46:52Z
2026-08-26T03:42:24Z,2026-08-26T05:42:24+0200,e96b9d4a-1054-48fe-90c7-5f4aaf55485c,2026-07-28T17:45:00Z,2026-07-28T19:45:00+0200,0.0,MW,NL,NL,actual_solar_generation,Solar | Actual Consumption,2026-08-26T03:46:52Z
2026-08-26T03:42:24Z,2026-08-26T05:42:24+0200,e96b9d4a-1054-48fe-90c7-5f4aaf55485c,2026-07-28T18:00:00Z,2026-07-28T20:00:00+0200,29.369,MW,NL,NL,actual_solar_generation,Solar | Actual Aggregated,2026-08-26T03:46:52Z
2026-08-26T03:42:24Z,2026-08-26T05:42:24+0200,e96b9d4a-1054-48fe-90c7-5f4aaf55485c,2026-07-28T18:00:00Z,2026-07-28T20:00:00+0200,0.0,MW,NL,NL,actual_solar_generation,Solar | Actual Consumption,2026-08-26T03:46:52Z
2026-08-26T03:42:24Z,2026-08-26T05:42:24+0200,e96b9d4a-1054-48fe-90c7-5f4aaf55485c,2026-07-28T18:15:00Z,2026-07-28T20:15:00+0200,21.953,MW,NL,NL,actual_solar_generation,Solar | Actual Aggregated,2026-08-26T03:46:52Z
2026-08-26T03:42:24Z,2026-08-26T05:42:24+0200,e96b9d4a-1054-48fe-90c7-5f4aaf55485c,2026-07-28T18:15:00Z,2026-07-28T20:15:00+0200,0.0,MW,NL,NL,actual_solar_generation,Solar | Actual Consumption,2026-08-26T03:46:52Z
2026-08-26T03:42:24Z,2026-08-26T05:42:24+0200,e96b9d4a-1054-48fe-90c7-5f4aaf55485c,2026-07-28T18:30:00Z,2026-07-28T20:30:00+0200,11.096,MW,NL,NL,actual_solar_generation,Solar | Actual Aggregated,2026-08-26T03:46:52Z
2026-08-26T03:42:24Z,2026-08-26T05:42:24+0200,e96b9d4a-1054-48fe-90c7-5f4aaf55485c,2026-07-28T18:30:00Z,2026-07-28T20:30:00+0200,0.0,MW,NL,NL,actual_solar_generation,Solar | Actual Consumption,2026-08-26T03:46:52Z
2026-08-26T03:42:24Z,2026-08-26T05:42:24+0200,e96b9d4a-1054-48fe-90c7-5f4aaf55485c,2026-07-28T18:45:00Z,2026-07-28T20:45:00+0200,7.595,MW,NL,NL,actual_solar_generation,Solar | Actual Aggregated,2026-08-26T03:46:52Z
2026-08-26T03:42:24Z,2026-08-26T05:42:24+0200,e96b9d4a-1054-48fe-90c7-5f4aaf55485c,2026-07-28T18:45:00Z,2026-07-28T20:45:00+0200,0.0,MW,NL,NL,actual_solar_generation,Solar | Actual Consumption,2026-08-26T03:46:52Z
2026-08-26T03:42:24Z,2026-08-26T05:42:24+0200,e96b9d4a-1054-48fe-90c7-5f4aaf55485c,2026-07-28T19:00:00Z,2026-07-28T21:00:00+0200,3.039,MW,NL,NL,actual_solar_generation,Solar | Actual Aggregated,2026-08-26T03:46:52Z
2026-08-26T03:42:24Z,2026-08-26T05:42:24+0200,e96b9d4a-1054-48fe-90c7-5f4aaf55485c,2026-07-28T19:00:00Z,2026-07-28T21:00:00+0200,0.0,MW,NL,NL,actual_solar_generation,Solar | Actual Consumption,2026-08-26T03:46:52Z
2026-08-26T03:42:24Z,2026-08-26T05:42:24+0200,e96b9d4a-1054-48fe-90c7-5f4aaf55485c,2026-07-28T19:15:00Z,2026-07-28T21:15:00+0200,0.398,MW,NL,NL,actual_solar_generation,Solar | Actual Aggregated,2026-08-26T03:46:52Z
2026-08-26T03:42:24Z,2026-08-26T05:42:24+0200,e96b9d4a-1054-48fe-90c7-5f4aaf55485c,2026-07-28T19:15:00Z,2026-07-28T21:15:00+0200,0.291,MW,NL,NL,actual_solar_generation,Solar | Actual Consumption,2026-08-26T03:46:52Z
2026-08-26T03:42:24Z,2026-08-26T05:42:24+0200,e96b9d4a-1054-48fe-90c7-5f4aaf55485c,2026-07-28T19:30:00Z,2026-07-28T21:30:00+0200,0.004,MW,NL,NL,actual_solar_generation,Solar | Actual Aggregated,2026-08-26T03:46:52Z
2026-08-26T03:42:24Z,2026-08-26T05:42:24+0200,e96b9d4a-1054-48fe-90c7-5f4aaf55485c,2026-07-28T19:30:00Z,2026-07-28T21:30:00+0200,1.171,MW,NL,NL,actual_solar_generation,Solar | Actual Consumption,2026-08-26T03:46:52Z
2026-08-26T03:42:24Z,2026-08-26T05:42:24+0200,e96b9d4a-1054-48fe-90c7-5f4aaf55485c,2026-07-28T19:45:00Z,2026-07-28T21:45:00+0200,0.0,MW,NL,NL,actual_solar_generation,Solar | Actual Aggregated,2026-08-26T03:46:52Z
2026-08-26T03:42:24Z,2026-08-26T05:42:24+0200,e96b9d4a-1054-48fe-90c7-5f4aaf55485c,2026-07-28T19:45:00Z,2026-07-28T21:45:00+0200,1.383,MW,NL,NL,actual_solar_generation,Solar | Actual Consumption,2026-08-26T03:46:52Z
2026-08-26T03:42:24Z,2026-08-26T05:42:24+0200,e96b9d4a-1054-48fe-90c7-5f4aaf55485c,2026-07-28T20:00:00Z,2026-07-28T22:00:00+0200,0.0,MW,NL,NL,actual_solar_generation,Solar | Actual Aggregated,2026-08-26T03:46:52Z
2026-08-26T03:42:24Z,2026-08-26T05:42:24+0200,e96b9d4a-1054-48fe-90c7-5f4aaf55485c,2026-07-28T20:00:00Z,2026-07-28T22:00:00+0200,1.323,MW,NL,NL,actual_solar_generation,Solar | Actual Consumption,2026-08-26T03:46:52Z
2026-08-26T03:42:24Z,2026-08-26T05:42:24+0200,e96b9d4a-1054-48fe-90c7-5f4aaf55485c,2026-07-28T20:15:00Z,2026-07-28T22:15:00+0200,0.0,MW,NL,NL,actual_solar_generation,Solar | Actual Aggregated,2026-08-26T03:46:52Z
2026-08-26T03:42:24Z,2026-08-26T05:42:24+0200,e96b9d4a-1054-48fe-90c7-5f4aaf55485c,2026-07-28T20:15:00Z,2026-07-28T22:15:00+0200,1.398,MW,NL,NL,actual_solar_generation,Solar | Actual Consumption,2026-08-26T03:46:52Z
2026-08-26T03:42:24Z,2026-08-26T05:42:24+0200,e96b9d4a-1054-48fe-90c7-5f4aaf55485c,2026-07-28T20:30:00Z,2026-07-28T22:30:00+0200,0.0,MW,NL,NL,actual_solar_generation,Solar | Actual Aggregated,2026-08-26T03:46:52Z
2026-08-26T03:42:24Z,2026-08-26T05:42:24+0200,e96b9d4a-1054-48fe-90c7-5f4aaf55485c,2026-07-28T20:30:00Z,2026-07-28T22:30:00+0200,1.319,MW,NL,NL,actual_solar_generation,Solar | Actual Consumption,2026-08-26T03:46:52Z
2026-08-26T03:42:24Z,2026-08-26T05:42:24+0200,e96b9d4a-1054-48fe-90c7-5f4aaf55485c,2026-07-28T20:45:00Z,2026-07-28T22:45:00+0200,0.0,MW,NL,NL,actual_solar_generation,Solar | Actual Aggregated,2026-08-26T03:46:52Z
2026-08-26T03:42:24Z,2026-08-26T05:42:24+0200,e96b9d4a-1054-48fe-90c7-5f4aaf55485c,2026-07-28T20:45:00Z,2026-07-28T22:45:00+0200,1.397,MW,NL,NL,actual_solar_generation,Solar | Actual Consumption,2026-08-26T03:46:52Z
2026-08-26T03:42:24Z,2026-08-26T05:42:24+0200,e96b9d4a-1054-48fe-90c7-5f4aaf55485c,2026-07-28T21:00:00Z,2026-07-28T23:00:00+0200,0.0,MW,NL,NL,actual_solar_generation,Solar | Actual Aggregated,2026-08-26T03:46:52Z
2026-08-26T03:42:24Z,2026-08-26T05:42:24+0200,e96b9d4a-1054-48fe-90c7-5f4aaf55485c,2026-07-28T21:00:00Z,2026-07-28T23:00:00+0200,1.317,MW,NL,NL,actual_solar_generation,Solar | Actual Consumption,2026-08-26T03:46:52Z
2026-08-26T03:42:24Z,2026-08-26T05:42:24+0200,e96b9d4a-1054-48fe-90c7-5f4aaf55485c,2026-07-28T21:15:00Z,2026-07-28T23:15:00+0200,0.0,MW,NL,NL,actual_solar_generation,Solar | Actual Aggregated,2026-08-26T03:46:52Z
2026-08-26T03:42:24Z,2026-08-26T05:42:24+0200,e96b9d4a-1054-48fe-90c7-5f4aaf55485c,2026-07-28T21:15:00Z,2026-07-28T23:15:00+0200,1.395,MW,NL,NL,actual_solar_generation,Solar | Actual Consumption,2026-08-26T03:46:52Z
2026-08-26T03:42:24Z,2026-08-26T05:42:24+0200,e96b9d4a-1054-48fe-90c7-5f4aaf55485c,2026-07-28T21:30:00Z,2026-07-28T23:30:00+0200,0.0,MW,NL,NL,actual_solar_generation,Solar | Actual Aggregated,2026-08-26T03:46:52Z
2026-08-26T03:42:24Z,2026-08-26T05:42:24+0200,e96b9d4a-1054-48fe-90c7-5f4aaf55485c,2026-07-28T21:30:00Z,2026-07-28T23:30:00+0200,1.324,MW,NL,NL,actual_solar_generation,Solar | Actual Consumption,2026-08-26T03:46:52Z
2026-08-26T03:42:24Z,2026-08-26T05:42:24+0200,e96b9d4a-1054-48fe-90c7-5f4aaf55485c,2026-07-28T21:45:00Z,2026-07-28T23:45:00+0200,0.0,MW,NL,NL,actual_solar_generation,Solar | Actual Aggregated,2026-08-26T03:46:52Z
2026-08-26T03:42:24Z,2026-08-26T05:42:24+0200,e96b9d4a-1054-48fe-90c7-5f4aaf55485c,2026-07-28T21:45:00Z,2026-07-28T23:45:00+0200,1.399,MW,NL,NL,actual_solar_generation,Solar | Actual Consumption,2026-08-26T03:46:52Z
2026-08-26T03:42:24Z,2026-08-26T05:42:24+0200,e96b9d4a-1054-48fe-90c7-5f4aaf55485c,2026-07-28T22:00:00Z,2026-07-29T00:00:00+0200,0.0,MW,NL,NL,actual_solar_generation,Solar | Actual Aggregated,2026-08-26T03:46:52Z
2026-08-26T03:42:24Z,2026-08-26T05:42:24+0200,e96b9d4a-1054-48fe-90c7-5f4aaf55485c,2026-07-28T22:00:00Z,2026-07-29T00:00:00+0200,1.355,MW,NL,NL,actual_solar_generation,Solar | Actual Consumption,2026-08-26T03:46:52Z
2026-08-26T03:42:24Z,2026-08-26T05:42:24+0200,e96b9d4a-1054-48fe-90c7-5f4aaf55485c,2026-07-28T22:15:00Z,2026-07-29T00:15:00+0200,0.0,MW,NL,NL,actual_solar_generation,Solar | Actual Aggregated,2026-08-26T03:46:52Z
2026-08-26T03:42:24Z,2026-08-26T05:42:24+0200,e96b9d4a-1054-48fe-90c7-5f4aaf55485c,2026-07-28T22:15:00Z,2026-07-29T00:15:00+0200,1.361,MW,NL,NL,actual_solar_generation,Solar | Actual Consumption,2026-08-26T03:46:52Z
2026-08-26T03:42:24Z,2026-08-26T05:42:24+0200,e96b9d4a-1054-48fe-90c7-5f4aaf55485c,2026-07-28T22:30:00Z,2026-07-29T00:30:00+0200,0.0,MW,NL,NL,actual_solar_generation,Solar | Actual Aggregated,2026-08-26T03:46:52Z
2026-08-26T03:42:24Z,2026-08-26T05:42:24+0200,e96b9d4a-1054-48fe-90c7-5f4aaf55485c,2026-07-28T22:30:00Z,2026-07-29T00:30:00+0200,1.357,MW,NL,NL,actual_solar_generation,Solar | Actual Consumption,2026-08-26T03:46:52Z
2026-08-26T03:42:24Z,2026-08-26T05:42:24+0200,e96b9d4a-1054-48fe-90c7-5f4aaf55485c,2026-07-28T22:45:00Z,2026-07-29T00:45:00+0200,0.0,MW,NL,NL,actual_solar_generation,Solar | Actual Aggregated,2026-08-26T03:46:52Z
2026-08-26T03:42:24Z,2026-08-26T05:42:24+0200,e96b9d4a-1054-48fe-90c7-5f4aaf55485c,2026-07-28T22:45:00Z,2026-07-29T00:45:00+0200,1.356,MW,NL,NL,actual_solar_generation,Solar | Actual Consumption,2026-08-26T03:46:52Z
2026-08-26T03:42:24Z,2026-08-26T05:42:24+0200,e96b9d4a-1054-48fe-90c7-5f4aaf55485c,2026-07-28T23:00:00Z,2026-07-29T01:00:00+0200,0.0,MW,NL,NL,actual_solar_generation,Solar | Actual Aggregated,2026-08-26T03:46:52Z
2026-08-26T03:42:24Z,2026-08-26T05:42:24+0200,e96b9d4a-1054-48fe-90c7-5f4aaf55485c,2026-07-28T23:00:00Z,2026-07-29T01:00:00+0200,1.37,MW,NL,NL,actual_solar_generation,Solar | Actual Consumption,2026-08-26T03:46:52Z
2026-08-26T03:42:24Z,2026-08-26T05:42:24+0200,e96b9d4a-1054-48fe-90c7-5f4aaf55485c,2026-07-28T23:15:00Z,2026-07-29T01:15:00+0200,0.0,MW,NL,NL,actual_solar_generation,Solar | Actual Aggregated,2026-08-26T03:46:52Z
2026-08-26T03:42:24Z,2026-08-26T05:42:24+0200,e96b9d4a-1054-48fe-90c7-5f4aaf55485c,2026-07-28T23:15:00Z,2026-07-29T01:15:00+0200,1.359,MW,NL,NL,actual_solar_generation,Solar | Actual Consumption,2026-08-26T03:46:52Z
2026-08-26T03:42:24Z,2026-08-26T05:42:24+0200,e96b9d4a-1054-48fe-90c7-5f4aaf55485c,2026-07-28T23:30:00Z,2026-07-29T01:30:00+0200,0.0,MW,NL,NL,actual_solar_generation,Solar | Actual Aggregated,2026-08-26T03:46:52Z
2026-08-26T03:42:24Z,2026-08-26T05:42:24+0200,e96b9d4a-1054-48fe-90c7-5f4aaf55485c,2026-07-28T23:30:00Z,2026-07-29T01:30:00+0200,1.352,MW,NL,NL,actual_solar_generation,Solar | Actual Consumption,2026-08-26T03:46:52Z
2026-08-26T03:42:24Z,2026-08-26T05:42:24+0200,e96b9d4a-1054-48fe-90c7-5f4aaf55485c,2026-07-28T23:45:00Z,2026-07-29T01:45:00+0200,0.0,MW,NL,NL,actual_solar_generation,Solar | Actual Aggregated,2026-08-26T03:46:52Z
2026-08-26T03:42:24Z,2026-08-26T05:42:24+0200,e96b9d4a-1054-48fe-90c7-5f4aaf55485c,2026-07-28T23:45:00Z,2026-07-29T01:45:00+0200,1.359,MW,NL,NL,actual_solar_generation,Solar | Actual Consumption,2026-08-26T03:46:52Z
2026-08-26T03:42:24Z,2026-08-26T05:42:24+0200,e96b9d4a-1054-48fe-90c7-5f4aaf55485c,2026-07-29T00:00:00Z,2026-07-29T02:00:00+0200,0.0,MW,NL,NL,actual_solar_generation,Solar | Actual Aggregated,2026-08-26T03:46:52Z
2026-08-26T03:42:24Z,2026-08-26T05:42:24+0200,e96b9d4a-1054-48fe-90c7-5f4aaf55485c,2026-07-29T00:00:00Z,2026-07-29T02:00:00+0200,1.393,MW,NL,NL,actual_solar_generation,Solar | Actual Consumption,2026-08-26T03:46:52Z
2026-08-26T03:42:24Z,2026-08-26T05:42:24+0200,e96b9d4a-1054-48fe-90c7-5f4aaf55485c,2026-07-29T00:15:00Z,2026-07-29T02:15:00+0200,0.0,MW,NL,NL,actual_solar_generation,Solar | Actual Aggregated,2026-08-26T03:46:52Z
2026-08-26T03:42:24Z,2026-08-26T05:42:24+0200,e96b9d4a-1054-48fe-90c7-5f4aaf55485c,2026-07-29T00:15:00Z,2026-07-29T02:15:00+0200,1.311,MW,NL,NL,actual_solar_generation,Solar | Actual Consumption,2026-08-26T03:46:52Z
2026-08-26T03:42:24Z,2026-08-26T05:42:24+0200,e96b9d4a-1054-48fe-90c7-5f4aaf55485c,2026-07-29T00:30:00Z,2026-07-29T02:30:00+0200,0.0,MW,NL,NL,actual_solar_generation,Solar | Actual Aggregated,2026-08-26T03:46:52Z
2026-08-26T03:42:24Z,2026-08-26T05:42:24+0200,e96b9d4a-1054-48fe-90c7-5f4aaf55485c,2026-07-29T00:30:00Z,2026-07-29T02:30:00+0200,1.397,MW,NL,NL,actual_solar_generation,Solar | Actual Consumption,2026-08-26T03:46:52Z
2026-08-26T03:42:24Z,2026-08-26T05:42:24+0200,e96b9d4a-1054-48fe-90c7-5f4aaf55485c,2026-07-29T00:45:00Z,2026-07-29T02:45:00+0200,0.0,MW,NL,NL,actual_solar_generation,Solar | Actual Aggregated,2026-08-26T03:46:52Z
2026-08-26T03:42:24Z,2026-08-26T05:42:24+0200,e96b9d4a-1054-48fe-90c7-5f4aaf55485c,2026-07-29T00:45:00Z,2026-07-29T02:45:00+0200,1.351,MW,NL,NL,actual_solar_generation,Solar | Actual Consumption,2026-08-26T03:46:52Z
2026-08-26T03:42:24Z,2026-08-26T05:42:24+0200,e96b9d4a-1054-48fe-90c7-5f4aaf55485c,2026-07-29T01:00:00Z,2026-07-29T03:00:00+0200,0.0,MW,NL,NL,actual_solar_generation,Solar | Actual Aggregated,2026-08-26T03:46:52Z
2026-08-26T03:42:24Z,2026-08-26T05:42:24+0200,e96b9d4a-1054-48fe-90c7-5f4aaf55485c,2026-07-29T01:00:00Z,2026-07-29T03:00:00+0200,1.394,MW,NL,NL,actual_solar_generation,Solar | Actual Consumption,2026-08-26T03:46:52Z
2026-08-26T03:42:24Z,2026-08-26T05:42:24+0200,e96b9d4a-1054-48fe-90c7-5f4aaf55485c,2026-07-29T01:15:00Z,2026-07-29T03:15:00+0200,0.0,MW,NL,NL,actual_solar_generation,Solar | Actual Aggregated,2026-08-26T03:46:52Z
2026-08-26T03:42:24Z,2026-08-26T05:42:24+0200,e96b9d4a-1054-48fe-90c7-5f4aaf55485c,2026-07-29T01:15:00Z,2026-07-29T03:15:00+0200,1.323,MW,NL,NL,actual_solar_generation,Solar | Actual Consumption,2026-08-26T03:46:52Z
2026-08-26T03:42:24Z,2026-08-26T05:42:24+0200,e96b9d4a-1054-48fe-90c7-5f4aaf55485c,2026-07-29T01:30:00Z,2026-07-29T03:30:00+0200,0.0,MW,NL,NL,actual_solar_generation,Solar | Actual Aggregated,2026-08-26T03:46:52Z
2026-08-26T03:42:24Z,2026-08-26T05:42:24+0200,e96b9d4a-1054-48fe-90c7-5f4aaf55485c,2026-07-29T01:30:00Z,2026-07-29T03:30:00+0200,1.35,MW,NL,NL,actual_solar_generation,Solar | Actual Consumption,2026-08-26T03:46:52Z
2026-08-26T03:42:24Z,2026-08-26T05:42:24+0200,e96b9d4a-1054-48fe-90c7-5f4aaf55485c,2026-07-29T01:45:00Z,2026-07-29T03:45:00+0200,0.0,MW,NL,NL,actual_solar_generation,Solar | Actual Aggregated,2026-08-26T03:46:52Z
2026-08-26T03:42:24Z,2026-08-26T05:42:24+0200,e96b9d4a-1054-48fe-90c7-5f4aaf55485c,2026-07-29T01:45:00Z,2026-07-29T03:45:00+0200,1.389,MW,NL,NL,actual_solar_generation,Solar | Actual Consumption,2026-08-26T03:46:52Z
2026-08-26T03:42:24Z,2026-08-26T05:42:24+0200,e96b9d4a-1054-48fe-90c7-5f4aaf55485c,2026-07-29T02:00:00Z,2026-07-29T04:00:00+0200,0.0,MW,NL,NL,actual_solar_generation,Solar | Actual Aggregated,2026-08-26T03:46:52Z
2026-08-26T03:42:24Z,2026-08-26T05:42:24+0200,e96b9d4a-1054-48fe-90c7-5f4aaf55485c,2026-07-29T02:00:00Z,2026-07-29T04:00:00+0200,1.316,MW,NL,NL,actual_solar_generation,Solar | Actual Consumption,2026-08-26T03:46:52Z
2026-08-26T03:42:24Z,2026-08-26T05:42:24+0200,e96b9d4a-1054-48fe-90c7-5f4aaf55485c,2026-07-29T02:15:00Z,2026-07-29T04:15:00+0200,0.0,MW,NL,NL,actual_solar_generation,Solar | Actual Aggregated,2026-08-26T03:46:52Z
2026-08-26T03:42:24Z,2026-08-26T05:42:24+0200,e96b9d4a-1054-48fe-90c7-5f4aaf55485c,2026-07-29T02:15:00Z,2026-07-29T04:15:00+0200,1.393,MW,NL,NL,actual_solar_generation,Solar | Actual Consumption,2026-08-26T03:46:52Z
2026-08-26T03:42:24Z,2026-08-26T05:42:24+0200,e96b9d4a-1054-48fe-90c7-5f4aaf55485c,2026-07-29T02:30:00Z,2026-07-29T04:30:00+0200,0.0,MW,NL,NL,actual_solar_generation,Solar | Actual Aggregated,2026-08-26T03:46:52Z
2026-08-26T03:42:24Z,2026-08-26T05:42:24+0200,e96b9d4a-1054-48fe-90c7-5f4aaf55485c,2026-07-29T02:30:00Z,2026-07-29T04:30:00+0200,1.337,MW,NL,NL,actual_solar_generation,Solar | Actual Consumption,2026-08-26T03:46:52Z
2026-08-26T03:42:24Z,2026-08-26T05:42:24+0200,e96b9d4a-1054-48fe-90c7-5f4aaf55485c,2026-07-29T02:45:00Z,2026-07-29T04:45:00+0200,0.0,MW,NL,NL,actual_solar_generation,Solar | Actual Aggregated,2026-08-26T03:46:52Z
2026-08-26T03:42:24Z,2026-08-26T05:42:24+0200,e96b9d4a-1054-48fe-90c7-5f4aaf55485c,2026-07-29T02:45:00Z,2026-07-29T04:45:00+0200,1.361,MW,NL,NL,actual_solar_generation,Solar | Actual Consumption,2026-08-26T03:46:52Z
2026-08-26T03:42:24Z,2026-08-26T05:42:24+0200,e96b9d4a-1054-48fe-90c7-5f4aaf55485c,2026-07-29T03:00:00Z,2026-07-29T05:00:00+0200,0.0,MW,NL,NL,actual_solar_generation,Solar | Actual Aggregated,2026-08-26T03:46:52Z
2026-08-26T03:42:24Z,2026-08-26T05:42:24+0200,e96b9d4a-1054-48fe-90c7-5f4aaf55485c,2026-07-29T03:00:00Z,2026-07-29T05:00:00+0200,0.129,MW,NL,NL,actual_solar_generation,Solar | Actual Consumption,2026-08-26T03:46:52Z
2026-08-26T03:42:24Z,2026-08-26T05:42:24+0200,e96b9d4a-1054-48fe-90c7-5f4aaf55485c,2026-07-29T03:15:00Z,2026-07-29T05:15:00+0200,0.0,MW,NL,NL,actual_solar_generation,Solar | Actual Aggregated,2026-08-26T03:46:52Z
2026-08-26T03:42:24Z,2026-08-26T05:42:24+0200,e96b9d4a-1054-48fe-90c7-5f4aaf55485c,2026-07-29T03:15:00Z,2026-07-29T05:15:00+0200,0.123,MW,NL,NL,actual_solar_generation,Solar | Actual Consumption,2026-08-26T03:46:52Z
2026-08-26T03:42:24Z,2026-08-26T05:42:24+0200,e96b9d4a-1054-48fe-90c7-5f4aaf55485c,2026-07-29T03:30:00Z,2026-07-29T05:30:00+0200,0.0,MW,NL,NL,actual_solar_generation,Solar | Actual Aggregated,2026-08-26T03:46:52Z
2026-08-26T03:42:24Z,2026-08-26T05:42:24+0200,e96b9d4a-1054-48fe-90c7-5f4aaf55485c,2026-07-29T03:30:00Z,2026-07-29T05:30:00+0200,0.123,MW,NL,NL,actual_solar_generation,Solar | Actual Consumption,2026-08-26T03:46:52Z
2026-08-26T03:42:24Z,2026-08-26T05:42:24+0200,e96b9d4a-1054-48fe-90c7-5f4aaf55485c,2026-07-29T03:45:00Z,2026-07-29T05:45:00+0200,0.0,MW,NL,NL,actual_solar_generation,Solar | Actual Aggregated,2026-08-26T03:46:52Z
2026-08-26T03:42:24Z,2026-08-26T05:42:24+0200,e96b9d4a-1054-48fe-90c7-5f4aaf55485c,2026-07-29T03:45:00Z,2026-07-29T05:45:00+0200,0.123,MW,NL,NL,actual_solar_generation,Solar | Actual Consumption,2026-08-26T03:46:52Z
2026-08-26T03:42:24Z,2026-08-26T05:42:24+0200,e96b9d4a-1054-48fe-90c7-5f4aaf55485c,2026-07-29T04:00:00Z,2026-07-29T06:00:00+0200,3.958,MW,NL,NL,actual_solar_generation,Solar | Actual Aggregated,2026-08-26T03:46:52Z
2026-08-26T03:42:24Z,2026-08-26T05:42:24+0200,e96b9d4a-1054-48fe-90c7-5f4aaf55485c,2026-07-29T04:00:00Z,2026-07-29T06:00:00+0200,0.0,MW,NL,NL,actual_solar_generation,Solar | Actual Consumption,2026-08-26T03:46:52Z
2026-08-26T03:42:24Z,2026-08-26T05:42:24+0200,e96b9d4a-1054-48fe-90c7-5f4aaf55485c,2026-07-29T04:15:00Z,2026-07-29T06:15:00+0200,6.949,MW,NL,NL,actual_solar_generation,Solar | Actual Aggregated,2026-08-26T03:46:52Z
2026-08-26T03:42:24Z,2026-08-26T05:42:24+0200,e96b9d4a-1054-48fe-90c7-5f4aaf55485c,2026-07-29T04:15:00Z,2026-07-29T06:15:00+0200,0.0,MW,NL,NL,actual_solar_generation,Solar | Actual Consumption,2026-08-26T03:46:52Z
2026-08-26T03:42:24Z,2026-08-26T05:42:24+0200,e96b9d4a-1054-48fe-90c7-5f4aaf55485c,2026-07-29T04:30:00Z,2026-07-29T06:30:00+0200,11.275,MW,NL,NL,actual_solar_generation,Solar | Actual Aggregated,2026-08-26T03:46:52Z
2026-08-26T03:42:24Z,2026-08-26T05:42:24+0200,e96b9d4a-1054-48fe-90c7-5f4aaf55485c,2026-07-29T04:30:00Z,2026-07-29T06:30:00+0200,0.0,MW,NL,NL,actual_solar_generation,Solar | Actual Consumption,2026-08-26T03:46:52Z
2026-08-26T03:42:24Z,2026-08-26T05:42:24+0200,e96b9d4a-1054-48fe-90c7-5f4aaf55485c,2026-07-29T04:45:00Z,2026-07-29T06:45:00+0200,12.789,MW,NL,NL,actual_solar_generation,Solar | Actual Aggregated,2026-08-26T03:46:52Z
2026-08-26T03:42:24Z,2026-08-26T05:42:24+0200,e96b9d4a-1054-48fe-90c7-5f4aaf55485c,2026-07-29T04:45:00Z,2026-07-29T06:45:00+0200,0.0,MW,NL,NL,actual_solar_generation,Solar | Actual Consumption,2026-08-26T03:46:52Z
2026-08-26T03:42:24Z,2026-08-26T05:42:24+0200,e96b9d4a-1054-48fe-90c7-5f4aaf55485c,2026-07-29T05:00:00Z,2026-07-29T07:00:00+0200,21.699,MW,NL,NL,actual_solar_generation,Solar | Actual Aggregated,2026-08-26T03:46:52Z
2026-08-26T03:42:24Z,2026-08-26T05:42:24+0200,e96b9d4a-1054-48fe-90c7-5f4aaf55485c,2026-07-29T05:00:00Z,2026-07-29T07:00:00+0200,0.0,MW,NL,NL,actual_solar_generation,Solar | Actual Consumption,2026-08-26T03:46:52Z
2026-08-26T03:42:24Z,2026-08-26T05:42:24+0200,e96b9d4a-1054-48fe-90c7-5f4aaf55485c,2026-07-29T05:15:00Z,2026-07-29T07:15:00+0200,29.546,MW,NL,NL,actual_solar_generation,Solar | Actual Aggregated,2026-08-26T03:46:52Z
2026-08-26T03:42:24Z,2026-08-26T05:42:24+0200,e96b9d4a-1054-48fe-90c7-5f4aaf55485c,2026-07-29T05:15:00Z,2026-07-29T07:15:00+0200,0.0,MW,NL,NL,actual_solar_generation,Solar | Actual Consumption,2026-08-26T03:46:52Z
2026-08-26T03:42:24Z,2026-08-26T05:42:24+0200,e96b9d4a-1054-48fe-90c7-5f4aaf55485c,2026-07-29T05:30:00Z,2026-07-29T07:30:00+0200,36.447,MW,NL,NL,actual_solar_generation,Solar | Actual Aggregated,2026-08-26T03:46:52Z
2026-08-26T03:42:24Z,2026-08-26T05:42:24+0200,e96b9d4a-1054-48fe-90c7-5f4aaf55485c,2026-07-29T05:30:00Z,2026-07-29T07:30:00+0200,0.0,MW,NL,NL,actual_solar_generation,Solar | Actual Consumption,2026-08-26T03:46:52Z
2026-08-26T03:42:24Z,2026-08-26T05:42:24+0200,e96b9d4a-1054-48fe-90c7-5f4aaf55485c,2026-07-29T05:45:00Z,2026-07-29T07:45:00+0200,47.736,MW,NL,NL,actual_solar_generation,Solar | Actual Aggregated,2026-08-26T03:46:52Z
2026-08-26T03:42:24Z,2026-08-26T05:42:24+0200,e96b9d4a-1054-48fe-90c7-5f4aaf55485c,2026-07-29T05:45:00Z,2026-07-29T07:45:00+0200,0.0,MW,NL,NL,actual_solar_generation,Solar | Actual Consumption,2026-08-26T03:46:52Z
2026-08-26T03:42:24Z,2026-08-26T05:42:24+0200,e96b9d4a-1054-48fe-90c7-5f4aaf55485c,2026-07-29T06:00:00Z,2026-07-29T08:00:00+0200,67.359,MW,NL,NL,actual_solar_generation,Solar | Actual Aggregated,2026-08-26T03:46:52Z
2026-08-26T03:42:24Z,2026-08-26T05:42:24+0200,e96b9d4a-1054-48fe-90c7-5f4aaf55485c,2026-07-29T06:00:00Z,2026-07-29T08:00:00+0200,0.0,MW,NL,NL,actual_solar_generation,Solar | Actual Consumption,2026-08-26T03:46:52Z
2026-08-26T03:42:24Z,2026-08-26T05:42:24+0200,e96b9d4a-1054-48fe-90c7-5f4aaf55485c,2026-07-29T06:15:00Z,2026-07-29T08:15:00+0200,72.206,MW,NL,NL,actual_solar_generation,Solar | Actual Aggregated,2026-08-26T03:46:52Z
2026-08-26T03:42:24Z,2026-08-26T05:42:24+0200,e96b9d4a-1054-48fe-90c7-5f4aaf55485c,2026-07-29T06:15:00Z,2026-07-29T08:15:00+0200,0.0,MW,NL,NL,actual_solar_generation,Solar | Actual Consumption,2026-08-26T03:46:52Z
2026-08-26T03:42:24Z,2026-08-26T05:42:24+0200,e96b9d4a-1054-48fe-90c7-5f4aaf55485c,2026-07-29T06:30:00Z,2026-07-29T08:30:00+0200,98.318,MW,NL,NL,actual_solar_generation,Solar | Actual Aggregated,2026-08-26T03:46:52Z
2026-08-26T03:42:24Z,2026-08-26T05:42:24+0200,e96b9d4a-1054-48fe-90c7-5f4aaf55485c,2026-07-29T06:30:00Z,2026-07-29T08:30:00+0200,0.0,MW,NL,NL,actual_solar_generation,Solar | Actual Consumption,2026-08-26T03:46:52Z
2026-08-26T03:42:24Z,2026-08-26T05:42:24+0200,e96b9d4a-1054-48fe-90c7-5f4aaf55485c,2026-07-29T06:45:00Z,2026-07-29T08:45:00+0200,111.972,MW,NL,NL,actual_solar_generation,Solar | Actual Aggregated,2026-08-26T03:46:52Z
2026-08-26T03:42:24Z,2026-08-26T05:42:24+0200,e96b9d4a-1054-48fe-90c7-5f4aaf55485c,2026-07-29T06:45:00Z,2026-07-29T08:45:00+0200,0.0,MW,NL,NL,actual_solar_generation,Solar | Actual Consumption,2026-08-26T03:46:52Z
2026-08-26T03:42:24Z,2026-08-26T05:42:24+0200,e96b9d4a-1054-48fe-90c7-5f4aaf55485c,2026-07-29T07:00:00Z,2026-07-29T09:00:00+0200,124.584,MW,NL,NL,actual_solar_generation,Solar | Actual Aggregated,2026-08-26T03:46:52Z
2026-08-26T03:42:24Z,2026-08-26T05:42:24+0200,e96b9d4a-1054-48fe-90c7-5f4aaf55485c,2026-07-29T07:00:00Z,2026-07-29T09:00:00+0200,0.0,MW,NL,NL,actual_solar_generation,Solar | Actual Consumption,2026-08-26T03:46:52Z
2026-08-26T03:42:24Z,2026-08-26T05:42:24+0200,e96b9d4a-1054-48fe-90c7-5f4aaf55485c,2026-07-29T07:15:00Z,2026-07-29T09:15:00+0200,131.29,MW,NL,NL,actual_solar_generation,Solar | Actual Aggregated,2026-08-26T03:46:52Z
2026-08-26T03:42:24Z,2026-08-26T05:42:24+0200,e96b9d4a-1054-48fe-90c7-5f4aaf55485c,2026-07-29T07:15:00Z,2026-07-29T09:15:00+0200,0.0,MW,NL,NL,actual_solar_generation,Solar | Actual Consumption,2026-08-26T03:46:52Z
2026-08-26T03:42:24Z,2026-08-26T05:42:24+0200,e96b9d4a-1054-48fe-90c7-5f4aaf55485c,2026-07-29T07:30:00Z,2026-07-29T09:30:00+0200,152.989,MW,NL,NL,actual_solar_generation,Solar | Actual Aggregated,2026-08-26T03:46:52Z
2026-08-26T03:42:24Z,2026-08-26T05:42:24+0200,e96b9d4a-1054-48fe-90c7-5f4aaf55485c,2026-07-29T07:30:00Z,2026-07-29T09:30:00+0200,0.0,MW,NL,NL,actual_solar_generation,Solar | Actual Consumption,2026-08-26T03:46:52Z
2026-08-26T03:42:24Z,2026-08-26T05:42:24+0200,e96b9d4a-1054-48fe-90c7-5f4aaf55485c,2026-07-29T07:45:00Z,2026-07-29T09:45:00+0200,157.751,MW,NL,NL,actual_solar_generation,Solar | Actual Aggregated,2026-08-26T03:46:52Z
2026-08-26T03:42:24Z,2026-08-26T05:42:24+0200,e96b9d4a-1054-48fe-90c7-5f4aaf55485c,2026-07-29T07:45:00Z,2026-07-29T09:45:00+0200,0.0,MW,NL,NL,actual_solar_generation,Solar | Actual Consumption,2026-08-26T03:46:52Z
2026-08-26T03:42:24Z,2026-08-26T05:42:24+0200,e96b9d4a-1054-48fe-90c7-5f4aaf55485c,2026-07-29T08:00:00Z,2026-07-29T10:00:00+0200,177.301,MW,NL,NL,actual_solar_generation,Solar | Actual Aggregated,2026-08-26T03:46:52Z
2026-08-26T03:42:24Z,2026-08-26T05:42:24+0200,e96b9d4a-1054-48fe-90c7-5f4aaf55485c,2026-07-29T08:00:00Z,2026-07-29T10:00:00+0200,0.0,MW,NL,NL,actual_solar_generation,Solar | Actual Consumption,2026-08-26T03:46:52Z
2026-08-26T03:42:24Z,2026-08-26T05:42:24+0200,e96b9d4a-1054-48fe-90c7-5f4aaf55485c,2026-07-29T08:15:00Z,2026-07-29T10:15:00+0200,187.879,MW,NL,NL,actual_solar_generation,Solar | Actual Aggregated,2026-08-26T03:46:52Z
2026-08-26T03:42:24Z,2026-08-26T05:42:24+0200,e96b9d4a-1054-48fe-90c7-5f4aaf55485c,2026-07-29T08:15:00Z,2026-07-29T10:15:00+0200,0.0,MW,NL,NL,actual_solar_generation,Solar | Actual Consumption,2026-08-26T03:46:52Z
2026-08-26T03:42:24Z,2026-08-26T05:42:24+0200,e96b9d4a-1054-48fe-90c7-5f4aaf55485c,2026-07-29T08:30:00Z,2026-07-29T10:30:00+0200,197.586,MW,NL,NL,actual_solar_generation,Solar | Actual Aggregated,2026-08-26T03:46:52Z
2026-08-26T03:42:24Z,2026-08-26T05:42:24+0200,e96b9d4a-1054-48fe-90c7-5f4aaf55485c,2026-07-29T08:30:00Z,2026-07-29T10:30:00+0200,0.0,MW,NL,NL,actual_solar_generation,Solar | Actual Consumption,2026-08-26T03:46:52Z
2026-08-26T03:42:24Z,2026-08-26T05:42:24+0200,e96b9d4a-1054-48fe-90c7-5f4aaf55485c,2026-07-29T08:45:00Z,2026-07-29T10:45:00+0200,207.114,MW,NL,NL,actual_solar_generation,Solar | Actual Aggregated,2026-08-26T03:46:52Z
2026-08-26T03:42:24Z,2026-08-26T05:42:24+0200,e96b9d4a-1054-48fe-90c7-5f4aaf55485c,2026-07-29T08:45:00Z,2026-07-29T10:45:00+0200,0.0,MW,NL,NL,actual_solar_generation,Solar | Actual Consumption,2026-08-26T03:46:52Z
2026-08-26T03:42:24Z,2026-08-26T05:42:24+0200,e96b9d4a-1054-48fe-90c7-5f4aaf55485c,2026-07-29T09:00:00Z,2026-07-29T11:00:00+0200,215.073,MW,NL,NL,actual_solar_generation,Solar | Actual Aggregated,2026-08-26T03:46:52Z
2026-08-26T03:42:24Z,2026-08-26T05:42:24+0200,e96b9d4a-1054-48fe-90c7-5f4aaf55485c,2026-07-29T09:00:00Z,2026-07-29T11:00:00+0200,0.0,MW,NL,NL,actual_solar_generation,Solar | Actual Consumption,2026-08-26T03:46:52Z
2026-08-26T03:42:24Z,2026-08-26T05:42:24+0200,e96b9d4a-1054-48fe-90c7-5f4aaf55485c,2026-07-29T09:15:00Z,2026-07-29T11:15:00+0200,221.883,MW,NL,NL,actual_solar_generation,Solar | Actual Aggregated,2026-08-26T03:46:52Z
2026-08-26T03:42:24Z,2026-08-26T05:42:24+0200,e96b9d4a-1054-48fe-90c7-5f4aaf55485c,2026-07-29T09:15:00Z,2026-07-29T11:15:00+0200,0.0,MW,NL,NL,actual_solar_generation,Solar | Actual Consumption,2026-08-26T03:46:52Z
2026-08-26T03:42:24Z,2026-08-26T05:42:24+0200,e96b9d4a-1054-48fe-90c7-5f4aaf55485c,2026-07-29T09:30:00Z,2026-07-29T11:30:00+0200,228.185,MW,NL,NL,actual_solar_generation,Solar | Actual Aggregated,2026-08-26T03:46:52Z
2026-08-26T03:42:24Z,2026-08-26T05:42:24+0200,e96b9d4a-1054-48fe-90c7-5f4aaf55485c,2026-07-29T09:30:00Z,2026-07-29T11:30:00+0200,0.0,MW,NL,NL,actual_solar_generation,Solar | Actual Consumption,2026-08-26T03:46:52Z
2026-08-26T03:42:24Z,2026-08-26T05:42:24+0200,e96b9d4a-1054-48fe-90c7-5f4aaf55485c,2026-07-29T09:45:00Z,2026-07-29T11:45:00+0200,227.868,MW,NL,NL,actual_solar_generation,Solar | Actual Aggregated,2026-08-26T03:46:52Z
2026-08-26T03:42:24Z,2026-08-26T05:42:24+0200,e96b9d4a-1054-48fe-90c7-5f4aaf55485c,2026-07-29T09:45:00Z,2026-07-29T11:45:00+0200,0.0,MW,NL,NL,actual_solar_generation,Solar | Actual Consumption,2026-08-26T03:46:52Z
2026-08-26T03:42:24Z,2026-08-26T05:42:24+0200,e96b9d4a-1054-48fe-90c7-5f4aaf55485c,2026-07-29T10:00:00Z,2026-07-29T12:00:00+0200,233.659,MW,NL,NL,actual_solar_generation,Solar | Actual Aggregated,2026-08-26T03:46:52Z
2026-08-26T03:42:24Z,2026-08-26T05:42:24+0200,e96b9d4a-1054-48fe-90c7-5f4aaf55485c,2026-07-29T10:00:00Z,2026-07-29T12:00:00+0200,0.0,MW,NL,NL,actual_solar_generation,Solar | Actual Consumption,2026-08-26T03:46:52Z
2026-08-26T03:42:24Z,2026-08-26T05:42:24+0200,e96b9d4a-1054-48fe-90c7-5f4aaf55485c,2026-07-29T10:15:00Z,2026-07-29T12:15:00+0200,234.219,MW,NL,NL,actual_solar_generation,Solar | Actual Aggregated,2026-08-26T03:46:52Z
2026-08-26T03:42:24Z,2026-08-26T05:42:24+0200,e96b9d4a-1054-48fe-90c7-5f4aaf55485c,2026-07-29T10:15:00Z,2026-07-29T12:15:00+0200,0.0,MW,NL,NL,actual_solar_generation,Solar | Actual Consumption,2026-08-26T03:46:52Z
2026-08-26T03:42:24Z,2026-08-26T05:42:24+0200,e96b9d4a-1054-48fe-90c7-5f4aaf55485c,2026-07-29T10:30:00Z,2026-07-29T12:30:00+0200,233.486,MW,NL,NL,actual_solar_generation,Solar | Actual Aggregated,2026-08-26T03:46:52Z
2026-08-26T03:42:24Z,2026-08-26T05:42:24+0200,e96b9d4a-1054-48fe-90c7-5f4aaf55485c,2026-07-29T10:30:00Z,2026-07-29T12:30:00+0200,0.0,MW,NL,NL,actual_solar_generation,Solar | Actual Consumption,2026-08-26T03:46:52Z
2026-08-26T03:42:24Z,2026-08-26T05:42:24+0200,e96b9d4a-1054-48fe-90c7-5f4aaf55485c,2026-07-29T10:45:00Z,2026-07-29T12:45:00+0200,234.212,MW,NL,NL,actual_solar_generation,Solar | Actual Aggregated,2026-08-26T03:46:52Z
2026-08-26T03:42:24Z,2026-08-26T05:42:24+0200,e96b9d4a-1054-48fe-90c7-5f4aaf55485c,2026-07-29T10:45:00Z,2026-07-29T12:45:00+0200,0.0,MW,NL,NL,actual_solar_generation,Solar | Actual Consumption,2026-08-26T03:46:52Z
2026-08-26T03:42:24Z,2026-08-26T05:42:24+0200,e96b9d4a-1054-48fe-90c7-5f4aaf55485c,2026-07-29T11:00:00Z,2026-07-29T13:00:00+0200,238.392,MW,NL,NL,actual_solar_generation,Solar | Actual Aggregated,2026-08-26T03:46:52Z
2026-08-26T03:42:24Z,2026-08-26T05:42:24+0200,e96b9d4a-1054-48fe-90c7-5f4aaf55485c,2026-07-29T11:00:00Z,2026-07-29T13:00:00+0200,0.0,MW,NL,NL,actual_solar_generation,Solar | Actual Consumption,2026-08-26T03:46:52Z
2026-08-26T03:42:24Z,2026-08-26T05:42:24+0200,e96b9d4a-1054-48fe-90c7-5f4aaf55485c,2026-07-29T11:15:00Z,2026-07-29T13:15:00+0200,239.577,MW,NL,NL,actual_solar_generation,Solar | Actual Aggregated,2026-08-26T03:46:52Z
2026-08-26T03:42:24Z,2026-08-26T05:42:24+0200,e96b9d4a-1054-48fe-90c7-5f4aaf55485c,2026-07-29T11:15:00Z,2026-07-29T13:15:00+0200,0.0,MW,NL,NL,actual_solar_generation,Solar | Actual Consumption,2026-08-26T03:46:52Z
2026-08-26T03:42:24Z,2026-08-26T05:42:24+0200,e96b9d4a-1054-48fe-90c7-5f4aaf55485c,2026-07-29T11:30:00Z,2026-07-29T13:30:00+0200,239.79,MW,NL,NL,actual_solar_generation,Solar | Actual Aggregated,2026-08-26T03:46:52Z
2026-08-26T03:42:24Z,2026-08-26T05:42:24+0200,e96b9d4a-1054-48fe-90c7-5f4aaf55485c,2026-07-29T11:30:00Z,2026-07-29T13:30:00+0200,0.0,MW,NL,NL,actual_solar_generation,Solar | Actual Consumption,2026-08-26T03:46:52Z
2026-08-26T03:42:24Z,2026-08-26T05:42:24+0200,e96b9d4a-1054-48fe-90c7-5f4aaf55485c,2026-07-29T11:45:00Z,2026-07-29T13:45:00+0200,240.463,MW,NL,NL,actual_solar_generation,Solar | Actual Aggregated,2026-08-26T03:46:52Z
2026-08-26T03:42:24Z,2026-08-26T05:42:24+0200,e96b9d4a-1054-48fe-90c7-5f4aaf55485c,2026-07-29T11:45:00Z,2026-07-29T13:45:00+0200,0.0,MW,NL,NL,actual_solar_generation,Solar | Actual Consumption,2026-08-26T03:46:52Z
2026-08-26T03:42:24Z,2026-08-26T05:42:24+0200,e96b9d4a-1054-48fe-90c7-5f4aaf55485c,2026-07-29T12:00:00Z,2026-07-29T14:00:00+0200,240.3,MW,NL,NL,actual_solar_generation,Solar | Actual Aggregated,2026-08-26T03:46:52Z
2026-08-26T03:42:24Z,2026-08-26T05:42:24+0200,e96b9d4a-1054-48fe-90c7-5f4aaf55485c,2026-07-29T12:00:00Z,2026-07-29T14:00:00+0200,0.0,MW,NL,NL,actual_solar_generation,Solar | Actual Consumption,2026-08-26T03:46:52Z
2026-08-26T03:42:24Z,2026-08-26T05:42:24+0200,e96b9d4a-1054-48fe-90c7-5f4aaf55485c,2026-07-29T12:15:00Z,2026-07-29T14:15:00+0200,239.379,MW,NL,NL,actual_solar_generation,Solar | Actual Aggregated,2026-08-26T03:46:52Z
2026-08-26T03:42:24Z,2026-08-26T05:42:24+0200,e96b9d4a-1054-48fe-90c7-5f4aaf55485c,2026-07-29T12:15:00Z,2026-07-29T14:15:00+0200,0.0,MW,NL,NL,actual_solar_generation,Solar | Actual Consumption,2026-08-26T03:46:52Z
2026-08-26T03:42:24Z,2026-08-26T05:42:24+0200,e96b9d4a-1054-48fe-90c7-5f4aaf55485c,2026-07-29T12:30:00Z,2026-07-29T14:30:00+0200,238.385,MW,NL,NL,actual_solar_generation,Solar | Actual Aggregated,2026-08-26T03:46:52Z
2026-08-26T03:42:24Z,2026-08-26T05:42:24+0200,e96b9d4a-1054-48fe-90c7-5f4aaf55485c,2026-07-29T12:30:00Z,2026-07-29T14:30:00+0200,0.0,MW,NL,NL,actual_solar_generation,Solar | Actual Consumption,2026-08-26T03:46:52Z
2026-08-26T03:42:24Z,2026-08-26T05:42:24+0200,e96b9d4a-1054-48fe-90c7-5f4aaf55485c,2026-07-29T12:45:00Z,2026-07-29T14:45:00+0200,237.195,MW,NL,NL,actual_solar_generation,Solar | Actual Aggregated,2026-08-26T03:46:52Z
2026-08-26T03:42:24Z,2026-08-26T05:42:24+0200,e96b9d4a-1054-48fe-90c7-5f4aaf55485c,2026-07-29T12:45:00Z,2026-07-29T14:45:00+0200,0.0,MW,NL,NL,actual_solar_generation,Solar | Actual Consumption,2026-08-26T03:46:52Z
2026-08-26T03:42:24Z,2026-08-26T05:42:24+0200,e96b9d4a-1054-48fe-90c7-5f4aaf55485c,2026-07-29T13:00:00Z,2026-07-29T15:00:00+0200,236.243,MW,NL,NL,actual_solar_generation,Solar | Actual Aggregated,2026-08-26T03:46:52Z
2026-08-26T03:42:24Z,2026-08-26T05:42:24+0200,e96b9d4a-1054-48fe-90c7-5f4aaf55485c,2026-07-29T13:00:00Z,2026-07-29T15:00:00+0200,0.0,MW,NL,NL,actual_solar_generation,Solar | Actual Consumption,2026-08-26T03:46:52Z
2026-08-26T03:42:24Z,2026-08-26T05:42:24+0200,e96b9d4a-1054-48fe-90c7-5f4aaf55485c,2026-07-29T13:15:00Z,2026-07-29T15:15:00+0200,229.852,MW,NL,NL,actual_solar_generation,Solar | Actual Aggregated,2026-08-26T03:46:52Z
2026-08-26T03:42:24Z,2026-08-26T05:42:24+0200,e96b9d4a-1054-48fe-90c7-5f4aaf55485c,2026-07-29T13:15:00Z,2026-07-29T15:15:00+0200,0.0,MW,NL,NL,actual_solar_generation,Solar | Actual Consumption,2026-08-26T03:46:52Z
2026-08-26T03:42:24Z,2026-08-26T05:42:24+0200,e96b9d4a-1054-48fe-90c7-5f4aaf55485c,2026-07-29T13:30:00Z,2026-07-29T15:30:00+0200,223.569,MW,NL,NL,actual_solar_generation,Solar | Actual Aggregated,2026-08-26T03:46:52Z
2026-08-26T03:42:24Z,2026-08-26T05:42:24+0200,e96b9d4a-1054-48fe-90c7-5f4aaf55485c,2026-07-29T13:30:00Z,2026-07-29T15:30:00+0200,0.0,MW,NL,NL,actual_solar_generation,Solar | Actual Consumption,2026-08-26T03:46:52Z
2026-08-26T03:42:24Z,2026-08-26T05:42:24+0200,e96b9d4a-1054-48fe-90c7-5f4aaf55485c,2026-07-29T13:45:00Z,2026-07-29T15:45:00+0200,220.147,MW,NL,NL,actual_solar_generation,Solar | Actual Aggregated,2026-08-26T03:46:52Z
2026-08-26T03:42:24Z,2026-08-26T05:42:24+0200,e96b9d4a-1054-48fe-90c7-5f4aaf55485c,2026-07-29T13:45:00Z,2026-07-29T15:45:00+0200,0.0,MW,NL,NL,actual_solar_generation,Solar | Actual Consumption,2026-08-26T03:46:52Z
2026-08-26T03:42:24Z,2026-08-26T05:42:24+0200,e96b9d4a-1054-48fe-90c7-5f4aaf55485c,2026-07-29T14:00:00Z,2026-07-29T16:00:00+0200,211.238,MW,NL,NL,actual_solar_generation,Solar | Actual Aggregated,2026-08-26T03:46:52Z
2026-08-26T03:42:24Z,2026-08-26T05:42:24+0200,e96b9d4a-1054-48fe-90c7-5f4aaf55485c,2026-07-29T14:00:00Z,2026-07-29T16:00:00+0200,0.0,MW,NL,NL,actual_solar_generation,Solar | Actual Consumption,2026-08-26T03:46:52Z
2026-08-26T03:42:24Z,2026-08-26T05:42:24+0200,e96b9d4a-1054-48fe-90c7-5f4aaf55485c,2026-07-29T14:15:00Z,2026-07-29T16:15:00+0200,204.267,MW,NL,NL,actual_solar_generation,Solar | Actual Aggregated,2026-08-26T03:46:52Z
2026-08-26T03:42:24Z,2026-08-26T05:42:24+0200,e96b9d4a-1054-48fe-90c7-5f4aaf55485c,2026-07-29T14:15:00Z,2026-07-29T16:15:00+0200,0.0,MW,NL,NL,actual_solar_generation,Solar | Actual Consumption,2026-08-26T03:46:52Z
2026-08-26T03:42:24Z,2026-08-26T05:42:24+0200,e96b9d4a-1054-48fe-90c7-5f4aaf55485c,2026-07-29T14:30:00Z,2026-07-29T16:30:00+0200,194.791,MW,NL,NL,actual_solar_generation,Solar | Actual Aggregated,2026-08-26T03:46:52Z
2026-08-26T03:42:24Z,2026-08-26T05:42:24+0200,e96b9d4a-1054-48fe-90c7-5f4aaf55485c,2026-07-29T14:30:00Z,2026-07-29T16:30:00+0200,0.0,MW,NL,NL,actual_solar_generation,Solar | Actual Consumption,2026-08-26T03:46:52Z
2026-08-26T03:42:24Z,2026-08-26T05:42:24+0200,e96b9d4a-1054-48fe-90c7-5f4aaf55485c,2026-07-29T14:45:00Z,2026-07-29T16:45:00+0200,184.787,MW,NL,NL,actual_solar_generation,Solar | Actual Aggregated,2026-08-26T03:46:52Z
2026-08-26T03:42:24Z,2026-08-26T05:42:24+0200,e96b9d4a-1054-48fe-90c7-5f4aaf55485c,2026-07-29T14:45:00Z,2026-07-29T16:45:00+0200,0.0,MW,NL,NL,actual_solar_generation,Solar | Actual Consumption,2026-08-26T03:46:52Z
2026-08-26T03:42:24Z,2026-08-26T05:42:24+0200,e96b9d4a-1054-48fe-90c7-5f4aaf55485c,2026-07-29T15:00:00Z,2026-07-29T17:00:00+0200,173.822,MW,NL,NL,actual_solar_generation,Solar | Actual Aggregated,2026-08-26T03:46:52Z
2026-08-26T03:42:24Z,2026-08-26T05:42:24+0200,e96b9d4a-1054-48fe-90c7-5f4aaf55485c,2026-07-29T15:00:00Z,2026-07-29T17:00:00+0200,0.0,MW,NL,NL,actual_solar_generation,Solar | Actual Consumption,2026-08-26T03:46:52Z
2026-08-26T03:42:24Z,2026-08-26T05:42:24+0200,e96b9d4a-1054-48fe-90c7-5f4aaf55485c,2026-07-29T15:15:00Z,2026-07-29T17:15:00+0200,162.698,MW,NL,NL,actual_solar_generation,Solar | Actual Aggregated,2026-08-26T03:46:52Z
2026-08-26T03:42:24Z,2026-08-26T05:42:24+0200,e96b9d4a-1054-48fe-90c7-5f4aaf55485c,2026-07-29T15:15:00Z,2026-07-29T17:15:00+0200,0.0,MW,NL,NL,actual_solar_generation,Solar | Actual Consumption,2026-08-26T03:46:52Z
2026-08-26T03:42:24Z,2026-08-26T05:42:24+0200,e96b9d4a-1054-48fe-90c7-5f4aaf55485c,2026-07-29T15:30:00Z,2026-07-29T17:30:00+0200,149.861,MW,NL,NL,actual_solar_generation,Solar | Actual Aggregated,2026-08-26T03:46:52Z
2026-08-26T03:42:24Z,2026-08-26T05:42:24+0200,e96b9d4a-1054-48fe-90c7-5f4aaf55485c,2026-07-29T15:30:00Z,2026-07-29T17:30:00+0200,0.0,MW,NL,NL,actual_solar_generation,Solar | Actual Consumption,2026-08-26T03:46:52Z
2026-08-26T03:42:24Z,2026-08-26T05:42:24+0200,e96b9d4a-1054-48fe-90c7-5f4aaf55485c,2026-07-29T15:45:00Z,2026-07-29T17:45:00+0200,137.569,MW,NL,NL,actual_solar_generation,Solar | Actual Aggregated,2026-08-26T03:46:52Z
2026-08-26T03:42:24Z,2026-08-26T05:42:24+0200,e96b9d4a-1054-48fe-90c7-5f4aaf55485c,2026-07-29T15:45:00Z,2026-07-29T17:45:00+0200,0.0,MW,NL,NL,actual_solar_generation,Solar | Actual Consumption,2026-08-26T03:46:52Z
2026-08-26T03:42:24Z,2026-08-26T05:42:24+0200,e96b9d4a-1054-48fe-90c7-5f4aaf55485c,2026-07-29T16:00:00Z,2026-07-29T18:00:00+0200,123.951,MW,NL,NL,actual_solar_generation,Solar | Actual Aggregated,2026-08-26T03:46:52Z
2026-08-26T03:42:24Z,2026-08-26T05:42:24+0200,e96b9d4a-1054-48fe-90c7-5f4aaf55485c,2026-07-29T16:00:00Z,2026-07-29T18:00:00+0200,0.0,MW,NL,NL,actual_solar_generation,Solar | Actual Consumption,2026-08-26T03:46:52Z
2026-08-26T03:42:24Z,2026-08-26T05:42:24+0200,e96b9d4a-1054-48fe-90c7-5f4aaf55485c,2026-07-29T16:15:00Z,2026-07-29T18:15:00+0200,109.591,MW,NL,NL,actual_solar_generation,Solar | Actual Aggregated,2026-08-26T03:46:52Z
2026-08-26T03:42:24Z,2026-08-26T05:42:24+0200,e96b9d4a-1054-48fe-90c7-5f4aaf55485c,2026-07-29T16:15:00Z,2026-07-29T18:15:00+0200,0.0,MW,NL,NL,actual_solar_generation,Solar | Actual Consumption,2026-08-26T03:46:52Z
2026-08-26T03:42:24Z,2026-08-26T05:42:24+0200,e96b9d4a-1054-48fe-90c7-5f4aaf55485c,2026-07-29T16:30:00Z,2026-07-29T18:30:00+0200,94.217,MW,NL,NL,actual_solar_generation,Solar | Actual Aggregated,2026-08-26T03:46:52Z
2026-08-26T03:42:24Z,2026-08-26T05:42:24+0200,e96b9d4a-1054-48fe-90c7-5f4aaf55485c,2026-07-29T16:30:00Z,2026-07-29T18:30:00+0200,0.0,MW,NL,NL,actual_solar_generation,Solar | Actual Consumption,2026-08-26T03:46:52Z
2026-08-26T03:42:24Z,2026-08-26T05:42:24+0200,e96b9d4a-1054-48fe-90c7-5f4aaf55485c,2026-07-29T16:45:00Z,2026-07-29T18:45:00+0200,79.019,MW,NL,NL,actual_solar_generation,Solar | Actual Aggregated,2026-08-26T03:46:52Z
2026-08-26T03:42:24Z,2026-08-26T05:42:24+0200,e96b9d4a-1054-48fe-90c7-5f4aaf55485c,2026-07-29T16:45:00Z,2026-07-29T18:45:00+0200,0.0,MW,NL,NL,actual_solar_generation,Solar | Actual Consumption,2026-08-26T03:46:52Z
2026-08-26T03:42:24Z,2026-08-26T05:42:24+0200,e96b9d4a-1054-48fe-90c7-5f4aaf55485c,2026-07-29T17:00:00Z,2026-07-29T19:00:00+0200,64.999,MW,NL,NL,actual_solar_generation,Solar | Actual Aggregated,2026-08-26T03:46:52Z
2026-08-26T03:42:24Z,2026-08-26T05:42:24+0200,e96b9d4a-1054-48fe-90c7-5f4aaf55485c,2026-07-29T17:00:00Z,2026-07-29T19:00:00+0200,0.0,MW,NL,NL,actual_solar_generation,Solar | Actual Consumption,2026-08-26T03:46:52Z
2026-08-26T03:42:24Z,2026-08-26T05:42:24+0200,e96b9d4a-1054-48fe-90c7-5f4aaf55485c,2026-07-29T17:15:00Z,2026-07-29T19:15:00+0200,52.226,MW,NL,NL,actual_solar_generation,Solar | Actual Aggregated,2026-08-26T03:46:52Z
2026-08-26T03:42:24Z,2026-08-26T05:42:24+0200,e96b9d4a-1054-48fe-90c7-5f4aaf55485c,2026-07-29T17:15:00Z,2026-07-29T19:15:00+0200,0.0,MW,NL,NL,actual_solar_generation,Solar | Actual Consumption,2026-08-26T03:46:52Z
2026-08-26T03:42:24Z,2026-08-26T05:42:24+0200,e96b9d4a-1054-48fe-90c7-5f4aaf55485c,2026-07-29T17:30:00Z,2026-07-29T19:30:00+0200,40.642,MW,NL,NL,actual_solar_generation,Solar | Actual Aggregated,2026-08-26T03:46:52Z
2026-08-26T03:42:24Z,2026-08-26T05:42:24+0200,e96b9d4a-1054-48fe-90c7-5f4aaf55485c,2026-07-29T17:30:00Z,2026-07-29T19:30:00+0200,0.0,MW,NL,NL,actual_solar_generation,Solar | Actual Consumption,2026-08-26T03:46:52Z
2026-08-26T03:42:24Z,2026-08-26T05:42:24+0200,e96b9d4a-1054-48fe-90c7-5f4aaf55485c,2026-07-29T17:45:00Z,2026-07-29T19:45:00+0200,30.739,MW,NL,NL,actual_solar_generation,Solar | Actual Aggregated,2026-08-26T03:46:52Z
2026-08-26T03:42:24Z,2026-08-26T05:42:24+0200,e96b9d4a-1054-48fe-90c7-5f4aaf55485c,2026-07-29T17:45:00Z,2026-07-29T19:45:00+0200,0.0,MW,NL,NL,actual_solar_generation,Solar | Actual Consumption,2026-08-26T03:46:52Z
2026-08-26T03:42:24Z,2026-08-26T05:42:24+0200,e96b9d4a-1054-48fe-90c7-5f4aaf55485c,2026-07-29T18:00:00Z,2026-07-29T20:00:00+0200,22.042,MW,NL,NL,actual_solar_generation,Solar | Actual Aggregated,2026-08-26T03:46:52Z
2026-08-26T03:42:24Z,2026-08-26T05:42:24+0200,e96b9d4a-1054-48fe-90c7-5f4aaf55485c,2026-07-29T18:00:00Z,2026-07-29T20:00:00+0200,0.0,MW,NL,NL,actual_solar_generation,Solar | Actual Consumption,2026-08-26T03:46:52Z
2026-08-26T03:42:24Z,2026-08-26T05:42:24+0200,e96b9d4a-1054-48fe-90c7-5f4aaf55485c,2026-07-29T18:15:00Z,2026-07-29T20:15:00+0200,15.156,MW,NL,NL,actual_solar_generation,Solar | Actual Aggregated,2026-08-26T03:46:52Z
2026-08-26T03:42:24Z,2026-08-26T05:42:24+0200,e96b9d4a-1054-48fe-90c7-5f4aaf55485c,2026-07-29T18:15:00Z,2026-07-29T20:15:00+0200,0.0,MW,NL,NL,actual_solar_generation,Solar | Actual Consumption,2026-08-26T03:46:52Z
2026-08-26T03:42:24Z,2026-08-26T05:42:24+0200,e96b9d4a-1054-48fe-90c7-5f4aaf55485c,2026-07-29T18:30:00Z,2026-07-29T20:30:00+0200,10.011,MW,NL,NL,actual_solar_generation,Solar | Actual Aggregated,2026-08-26T03:46:52Z
2026-08-26T03:42:24Z,2026-08-26T05:42:24+0200,e96b9d4a-1054-48fe-90c7-5f4aaf55485c,2026-07-29T18:30:00Z,2026-07-29T20:30:00+0200,0.0,MW,NL,NL,actual_solar_generation,Solar | Actual Consumption,2026-08-26T03:46:52Z
2026-08-26T03:42:24Z,2026-08-26T05:42:24+0200,e96b9d4a-1054-48fe-90c7-5f4aaf55485c,2026-07-29T18:45:00Z,2026-07-29T20:45:00+0200,6.219,MW,NL,NL,actual_solar_generation,Solar | Actual Aggregated,2026-08-26T03:46:52Z
2026-08-26T03:42:24Z,2026-08-26T05:42:24+0200,e96b9d4a-1054-48fe-90c7-5f4aaf55485c,2026-07-29T18:45:00Z,2026-07-29T20:45:00+0200,0.0,MW,NL,NL,actual_solar_generation,Solar | Actual Consumption,2026-08-26T03:46:52Z
2026-08-26T03:42:24Z,2026-08-26T05:42:24+0200,e96b9d4a-1054-48fe-90c7-5f4aaf55485c,2026-07-29T19:00:00Z,2026-07-29T21:00:00+0200,2.441,MW,NL,NL,actual_solar_generation,Solar | Actual Aggregated,2026-08-26T03:46:52Z
2026-08-26T03:42:24Z,2026-08-26T05:42:24+0200,e96b9d4a-1054-48fe-90c7-5f4aaf55485c,2026-07-29T19:00:00Z,2026-07-29T21:00:00+0200,0.0,MW,NL,NL,actual_solar_generation,Solar | Actual Consumption,2026-08-26T03:46:52Z
2026-08-26T03:42:24Z,2026-08-26T05:42:24+0200,e96b9d4a-1054-48fe-90c7-5f4aaf55485c,2026-07-29T19:15:00Z,2026-07-29T21:15:00+0200,0.795,MW,NL,NL,actual_solar_generation,Solar | Actual Aggregated,2026-08-26T03:46:52Z
2026-08-26T03:42:24Z,2026-08-26T05:42:24+0200,e96b9d4a-1054-48fe-90c7-5f4aaf55485c,2026-07-29T19:15:00Z,2026-07-29T21:15:00+0200,0.525,MW,NL,NL,actual_solar_generation,Solar | Actual Consumption,2026-08-26T03:46:52Z
2026-08-26T03:42:24Z,2026-08-26T05:42:24+0200,e96b9d4a-1054-48fe-90c7-5f4aaf55485c,2026-07-29T19:30:00Z,2026-07-29T21:30:00+0200,0.0,MW,NL,NL,actual_solar_generation,Solar | Actual Aggregated,2026-08-26T03:46:52Z
2026-08-26T03:42:24Z,2026-08-26T05:42:24+0200,e96b9d4a-1054-48fe-90c7-5f4aaf55485c,2026-07-29T19:30:00Z,2026-07-29T21:30:00+0200,0.133,MW,NL,NL,actual_solar_generation,Solar | Actual Consumption,2026-08-26T03:46:52Z
2026-08-26T03:42:24Z,2026-08-26T05:42:24+0200,e96b9d4a-1054-48fe-90c7-5f4aaf55485c,2026-07-29T19:45:00Z,2026-07-29T21:45:00+0200,0.0,MW,NL,NL,actual_solar_generation,Solar | Actual Aggregated,2026-08-26T03:46:52Z
2026-08-26T03:42:24Z,2026-08-26T05:42:24+0200,e96b9d4a-1054-48fe-90c7-5f4aaf55485c,2026-07-29T19:45:00Z,2026-07-29T21:45:00+0200,0.124,MW,NL,NL,actual_solar_generation,Solar | Actual Consumption,2026-08-26T03:46:52Z
2026-08-26T03:42:24Z,2026-08-26T05:42:24+0200,e96b9d4a-1054-48fe-90c7-5f4aaf55485c,2026-07-29T20:00:00Z,2026-07-29T22:00:00+0200,0.0,MW,NL,NL,actual_solar_generation,Solar | Actual Aggregated,2026-08-26T03:46:52Z
2026-08-26T03:42:24Z,2026-08-26T05:42:24+0200,e96b9d4a-1054-48fe-90c7-5f4aaf55485c,2026-07-29T20:00:00Z,2026-07-29T22:00:00+0200,0.119,MW,NL,NL,actual_solar_generation,Solar | Actual Consumption,2026-08-26T03:46:52Z
2026-08-26T03:42:24Z,2026-08-26T05:42:24+0200,e96b9d4a-1054-48fe-90c7-5f4aaf55485c,2026-07-29T20:15:00Z,2026-07-29T22:15:00+0200,0.0,MW,NL,NL,actual_solar_generation,Solar | Actual Aggregated,2026-08-26T03:46:52Z
2026-08-26T03:42:24Z,2026-08-26T05:42:24+0200,e96b9d4a-1054-48fe-90c7-5f4aaf55485c,2026-07-29T20:15:00Z,2026-07-29T22:15:00+0200,0.119,MW,NL,NL,actual_solar_generation,Solar | Actual Consumption,2026-08-26T03:46:52Z
2026-08-26T03:42:24Z,2026-08-26T05:42:24+0200,e96b9d4a-1054-48fe-90c7-5f4aaf55485c,2026-07-29T20:30:00Z,2026-07-29T22:30:00+0200,0.0,MW,NL,NL,actual_solar_generation,Solar | Actual Aggregated,2026-08-26T03:46:52Z
2026-08-26T03:42:24Z,2026-08-26T05:42:24+0200,e96b9d4a-1054-48fe-90c7-5f4aaf55485c,2026-07-29T20:30:00Z,2026-07-29T22:30:00+0200,0.139,MW,NL,NL,actual_solar_generation,Solar | Actual Consumption,2026-08-26T03:46:52Z
2026-08-26T03:42:24Z,2026-08-26T05:42:24+0200,e96b9d4a-1054-48fe-90c7-5f4aaf55485c,2026-07-29T20:45:00Z,2026-07-29T22:45:00+0200,0.0,MW,NL,NL,actual_solar_generation,Solar | Actual Aggregated,2026-08-26T03:46:52Z
2026-08-26T03:42:24Z,2026-08-26T05:42:24+0200,e96b9d4a-1054-48fe-90c7-5f4aaf55485c,2026-07-29T20:45:00Z,2026-07-29T22:45:00+0200,0.12,MW,NL,NL,actual_solar_generation,Solar | Actual Consumption,2026-08-26T03:46:52Z
2026-08-26T03:42:24Z,2026-08-26T05:42:24+0200,e96b9d4a-1054-48fe-90c7-5f4aaf55485c,2026-07-29T21:00:00Z,2026-07-29T23:00:00+0200,0.0,MW,NL,NL,actual_solar_generation,Solar | Actual Aggregated,2026-08-26T03:46:52Z
2026-08-26T03:42:24Z,2026-08-26T05:42:24+0200,e96b9d4a-1054-48fe-90c7-5f4aaf55485c,2026-07-29T21:00:00Z,2026-07-29T23:00:00+0200,0.12,MW,NL,NL,actual_solar_generation,Solar | Actual Consumption,2026-08-26T03:46:52Z
2026-08-26T03:42:24Z,2026-08-26T05:42:24+0200,e96b9d4a-1054-48fe-90c7-5f4aaf55485c,2026-07-29T21:15:00Z,2026-07-29T23:15:00+0200,0.0,MW,NL,NL,actual_solar_generation,Solar | Actual Aggregated,2026-08-26T03:46:52Z
2026-08-26T03:42:24Z,2026-08-26T05:42:24+0200,e96b9d4a-1054-48fe-90c7-5f4aaf55485c,2026-07-29T21:15:00Z,2026-07-29T23:15:00+0200,0.12,MW,NL,NL,actual_solar_generation,Solar | Actual Consumption,2026-08-26T03:46:52Z
2026-08-26T03:42:24Z,2026-08-26T05:42:24+0200,e96b9d4a-1054-48fe-90c7-5f4aaf55485c,2026-07-29T21:30:00Z,2026-07-29T23:30:00+0200,0.0,MW,NL,NL,actual_solar_generation,Solar | Actual Aggregated,2026-08-26T03:46:52Z
2026-08-26T03:42:24Z,2026-08-26T05:42:24+0200,e96b9d4a-1054-48fe-90c7-5f4aaf55485c,2026-07-29T21:30:00Z,2026-07-29T23:30:00+0200,0.128,MW,NL,NL,actual_solar_generation,Solar | Actual Consumption,2026-08-26T03:46:52Z
2026-08-26T03:42:24Z,2026-08-26T05:42:24+0200,e96b9d4a-1054-48fe-90c7-5f4aaf55485c,2026-07-29T21:45:00Z,2026-07-29T23:45:00+0200,0.0,MW,NL,NL,actual_solar_generation,Solar | Actual Aggregated,2026-08-26T03:46:52Z
2026-08-26T03:42:24Z,2026-08-26T05:42:24+0200,e96b9d4a-1054-48fe-90c7-5f4aaf55485c,2026-07-29T21:45:00Z,2026-07-29T23:45:00+0200,0.122,MW,NL,NL,actual_solar_generation,Solar | Actual Consumption,2026-08-26T03:46:52Z
2026-08-26T03:42:24Z,2026-08-26T05:42:24+0200,e96b9d4a-1054-48fe-90c7-5f4aaf55485c,2026-07-29T22:00:00Z,2026-07-30T00:00:00+0200,0.0,MW,NL,NL,actual_solar_generation,Solar | Actual Aggregated,2026-08-26T03:46:52Z
2026-08-26T03:42:24Z,2026-08-26T05:42:24+0200,e96b9d4a-1054-48fe-90c7-5f4aaf55485c,2026-07-29T22:00:00Z,2026-07-30T00:00:00+0200,0.118,MW,NL,NL,actual_solar_generation,Solar | Actual Consumption,2026-08-26T03:46:52Z
2026-08-26T03:42:24Z,2026-08-26T05:42:24+0200,e96b9d4a-1054-48fe-90c7-5f4aaf55485c,2026-07-29T22:15:00Z,2026-07-30T00:15:00+0200,0.0,MW,NL,NL,actual_solar_generation,Solar | Actual Aggregated,2026-08-26T03:46:52Z
2026-08-26T03:42:24Z,2026-08-26T05:42:24+0200,e96b9d4a-1054-48fe-90c7-5f4aaf55485c,2026-07-29T22:15:00Z,2026-07-30T00:15:00+0200,0.121,MW,NL,NL,actual_solar_generation,Solar | Actual Consumption,2026-08-26T03:46:52Z
2026-08-26T03:42:24Z,2026-08-26T05:42:24+0200,e96b9d4a-1054-48fe-90c7-5f4aaf55485c,2026-07-29T22:30:00Z,2026-07-30T00:30:00+0200,0.0,MW,NL,NL,actual_solar_generation,Solar | Actual Aggregated,2026-08-26T03:46:52Z
2026-08-26T03:42:24Z,2026-08-26T05:42:24+0200,e96b9d4a-1054-48fe-90c7-5f4aaf55485c,2026-07-29T22:30:00Z,2026-07-30T00:30:00+0200,0.121,MW,NL,NL,actual_solar_generation,Solar | Actual Consumption,2026-08-26T03:46:52Z
2026-08-26T03:42:24Z,2026-08-26T05:42:24+0200,e96b9d4a-1054-48fe-90c7-5f4aaf55485c,2026-07-29T22:45:00Z,2026-07-30T00:45:00+0200,0.0,MW,NL,NL,actual_solar_generation,Solar | Actual Aggregated,2026-08-26T03:46:52Z
2026-08-26T03:42:24Z,2026-08-26T05:42:24+0200,e96b9d4a-1054-48fe-90c7-5f4aaf55485c,2026-07-29T22:45:00Z,2026-07-30T00:45:00+0200,0.121,MW,NL,NL,actual_solar_generation,Solar | Actual Consumption,2026-08-26T03:46:52Z
2026-08-26T03:42:24Z,2026-08-26T05:42:24+0200,e96b9d4a-1054-48fe-90c7-5f4aaf55485c,2026-07-29T23:00:00Z,2026-07-30T01:00:00+0200,0.0,MW,NL,NL,actual_solar_generation,Solar | Actual Aggregated,2026-08-26T03:46:52Z
2026-08-26T03:42:24Z,2026-08-26T05:42:24+0200,e96b9d4a-1054-48fe-90c7-5f4aaf55485c,2026-07-29T23:00:00Z,2026-07-30T01:00:00+0200,0.126,MW,NL,NL,actual_solar_generation,Solar | Actual Consumption,2026-08-26T03:46:52Z
2026-08-26T03:42:24Z,2026-08-26T05:42:24+0200,e96b9d4a-1054-48fe-90c7-5f4aaf55485c,2026-07-29T23:15:00Z,2026-07-30T01:15:00+0200,0.0,MW,NL,NL,actual_solar_generation,Solar | Actual Aggregated,2026-08-26T03:46:52Z
2026-08-26T03:42:24Z,2026-08-26T05:42:24+0200,e96b9d4a-1054-48fe-90c7-5f4aaf55485c,2026-07-29T23:15:00Z,2026-07-30T01:15:00+0200,0.128,MW,NL,NL,actual_solar_generation,Solar | Actual Consumption,2026-08-26T03:46:52Z
2026-08-26T03:42:24Z,2026-08-26T05:42:24+0200,e96b9d4a-1054-48fe-90c7-5f4aaf55485c,2026-07-29T23:30:00Z,2026-07-30T01:30:00+0200,0.0,MW,NL,NL,actual_solar_generation,Solar | Actual Aggregated,2026-08-26T03:46:52Z
2026-08-26T03:42:24Z,2026-08-26T05:42:24+0200,e96b9d4a-1054-48fe-90c7-5f4aaf55485c,2026-07-29T23:30:00Z,2026-07-30T01:30:00+0200,0.126,MW,NL,NL,actual_solar_generation,Solar | Actual Consumption,2026-08-26T03:46:52Z
2026-08-26T03:42:24Z,2026-08-26T05:42:24+0200,e96b9d4a-1054-48fe-90c7-5f4aaf55485c,2026-07-29T23:45:00Z,2026-07-30T01:45:00+0200,0.0,MW,NL,NL,actual_solar_generation,Solar | Actual Aggregated,2026-08-26T03:46:52Z
2026-08-26T03:42:24Z,2026-08-26T05:42:24+0200,e96b9d4a-1054-48fe-90c7-5f4aaf55485c,2026-07-29T23:45:00Z,2026-07-30T01:45:00+0200,0.121,MW,NL,NL,actual_solar_generation,Solar | Actual Consumption,2026-08-26T03:46:52Z
2026-08-26T03:42:24Z,2026-08-26T05:42:24+0200,e96b9d4a-1054-48fe-90c7-5f4aaf55485c,2026-07-30T00:00:00Z,2026-07-30T02:00:00+0200,0.0,MW,NL,NL,actual_solar_generation,Solar | Actual Aggregated,2026-08-26T03:46:52Z
2026-08-26T03:42:24Z,2026-08-26T05:42:24+0200,e96b9d4a-1054-48fe-90c7-5f4aaf55485c,2026-07-30T00:00:00Z,2026-07-30T02:00:00+0200,0.121,MW,NL,NL,actual_solar_generation,Solar | Actual Consumption,2026-08-26T03:46:52Z
2026-08-26T03:42:24Z,2026-08-26T05:42:24+0200,e96b9d4a-1054-48fe-90c7-5f4aaf55485c,2026-07-30T00:15:00Z,2026-07-30T02:15:00+0200,0.0,MW,NL,NL,actual_solar_generation,Solar | Actual Aggregated,2026-08-26T03:46:52Z
2026-08-26T03:42:24Z,2026-08-26T05:42:24+0200,e96b9d4a-1054-48fe-90c7-5f4aaf55485c,2026-07-30T00:15:00Z,2026-07-30T02:15:00+0200,0.121,MW,NL,NL,actual_solar_generation,Solar | Actual Consumption,2026-08-26T03:46:52Z
2026-08-26T03:42:24Z,2026-08-26T05:42:24+0200,e96b9d4a-1054-48fe-90c7-5f4aaf55485c,2026-07-30T00:30:00Z,2026-07-30T02:30:00+0200,0.0,MW,NL,NL,actual_solar_generation,Solar | Actual Aggregated,2026-08-26T03:46:52Z
2026-08-26T03:42:24Z,2026-08-26T05:42:24+0200,e96b9d4a-1054-48fe-90c7-5f4aaf55485c,2026-07-30T00:30:00Z,2026-07-30T02:30:00+0200,0.121,MW,NL,NL,actual_solar_generation,Solar | Actual Consumption,2026-08-26T03:46:52Z
2026-08-26T03:42:24Z,2026-08-26T05:42:24+0200,e96b9d4a-1054-48fe-90c7-5f4aaf55485c,2026-07-30T00:45:00Z,2026-07-30T02:45:00+0200,0.0,MW,NL,NL,actual_solar_generation,Solar | Actual Aggregated,2026-08-26T03:46:52Z
2026-08-26T03:42:24Z,2026-08-26T05:42:24+0200,e96b9d4a-1054-48fe-90c7-5f4aaf55485c,2026-07-30T00:45:00Z,2026-07-30T02:45:00+0200,0.121,MW,NL,NL,actual_solar_generation,Solar | Actual Consumption,2026-08-26T03:46:52Z
2026-08-26T03:42:24Z,2026-08-26T05:42:24+0200,e96b9d4a-1054-48fe-90c7-5f4aaf55485c,2026-07-30T01:00:00Z,2026-07-30T03:00:00+0200,0.0,MW,NL,NL,actual_solar_generation,Solar | Actual Aggregated,2026-08-26T03:46:52Z
2026-08-26T03:42:24Z,2026-08-26T05:42:24+0200,e96b9d4a-1054-48fe-90c7-5f4aaf55485c,2026-07-30T01:00:00Z,2026-07-30T03:00:00+0200,0.121,MW,NL,NL,actual_solar_generation,Solar | Actual Consumption,2026-08-26T03:46:52Z
2026-08-26T03:42:24Z,2026-08-26T05:42:24+0200,e96b9d4a-1054-48fe-90c7-5f4aaf55485c,2026-07-30T01:15:00Z,2026-07-30T03:15:00+0200,0.0,MW,NL,NL,actual_solar_generation,Solar | Actual Aggregated,2026-08-26T03:46:52Z
2026-08-26T03:42:24Z,2026-08-26T05:42:24+0200,e96b9d4a-1054-48fe-90c7-5f4aaf55485c,2026-07-30T01:15:00Z,2026-07-30T03:15:00+0200,0.121,MW,NL,NL,actual_solar_generation,Solar | Actual Consumption,2026-08-26T03:46:52Z
2026-08-26T03:42:24Z,2026-08-26T05:42:24+0200,e96b9d4a-1054-48fe-90c7-5f4aaf55485c,2026-07-30T01:30:00Z,2026-07-30T03:30:00+0200,0.0,MW,NL,NL,actual_solar_generation,Solar | Actual Aggregated,2026-08-26T03:46:52Z
2026-08-26T03:42:24Z,2026-08-26T05:42:24+0200,e96b9d4a-1054-48fe-90c7-5f4aaf55485c,2026-07-30T01:30:00Z,2026-07-30T03:30:00+0200,0.121,MW,NL,NL,actual_solar_generation,Solar | Actual Consumption,2026-08-26T03:46:52Z
2026-08-26T03:42:24Z,2026-08-26T05:42:24+0200,e96b9d4a-1054-48fe-90c7-5f4aaf55485c,2026-07-30T01:45:00Z,2026-07-30T03:45:00+0200,0.0,MW,NL,NL,actual_solar_generation,Solar | Actual Aggregated,2026-08-26T03:46:52Z
2026-08-26T03:42:24Z,2026-08-26T05:42:24+0200,e96b9d4a-1054-48fe-90c7-5f4aaf55485c,2026-07-30T01:45:00Z,2026-07-30T03:45:00+0200,0.121,MW,NL,NL,actual_solar_generation,Solar | Actual Consumption,2026-08-26T03:46:52Z
2026-08-26T03:42:24Z,2026-08-26T05:42:24+0200,e96b9d4a-1054-48fe-90c7-5f4aaf55485c,2026-07-30T02:00:00Z,2026-07-30T04:00:00+0200,0.0,MW,NL,NL,actual_solar_generation,Solar | Actual Aggregated,2026-08-26T03:46:52Z
2026-08-26T03:42:24Z,2026-08-26T05:42:24+0200,e96b9d4a-1054-48fe-90c7-5f4aaf55485c,2026-07-30T02:00:00Z,2026-07-30T04:00:00+0200,0.133,MW,NL,NL,actual_solar_generation,Solar | Actual Consumption,2026-08-26T03:46:52Z
2026-08-26T03:42:24Z,2026-08-26T05:42:24+0200,e96b9d4a-1054-48fe-90c7-5f4aaf55485c,2026-07-30T02:15:00Z,2026-07-30T04:15:00+0200,0.0,MW,NL,NL,actual_solar_generation,Solar | Actual Aggregated,2026-08-26T03:46:52Z
2026-08-26T03:42:24Z,2026-08-26T05:42:24+0200,e96b9d4a-1054-48fe-90c7-5f4aaf55485c,2026-07-30T02:15:00Z,2026-07-30T04:15:00+0200,0.107,MW,NL,NL,actual_solar_generation,Solar | Actual Consumption,2026-08-26T03:46:52Z
2026-08-26T03:42:24Z,2026-08-26T05:42:24+0200,e96b9d4a-1054-48fe-90c7-5f4aaf55485c,2026-07-30T02:30:00Z,2026-07-30T04:30:00+0200,0.0,MW,NL,NL,actual_solar_generation,Solar | Actual Aggregated,2026-08-26T03:46:52Z
2026-08-26T03:42:24Z,2026-08-26T05:42:24+0200,e96b9d4a-1054-48fe-90c7-5f4aaf55485c,2026-07-30T02:30:00Z,2026-07-30T04:30:00+0200,0.123,MW,NL,NL,actual_solar_generation,Solar | Actual Consumption,2026-08-26T03:46:52Z
2026-08-26T03:42:24Z,2026-08-26T05:42:24+0200,e96b9d4a-1054-48fe-90c7-5f4aaf55485c,2026-07-30T02:45:00Z,2026-07-30T04:45:00+0200,0.0,MW,NL,NL,actual_solar_generation,Solar | Actual Aggregated,2026-08-26T03:46:52Z
2026-08-26T03:42:24Z,2026-08-26T05:42:24+0200,e96b9d4a-1054-48fe-90c7-5f4aaf55485c,2026-07-30T02:45:00Z,2026-07-30T04:45:00+0200,0.123,MW,NL,NL,actual_solar_generation,Solar | Actual Consumption,2026-08-26T03:46:52Z
2026-08-26T03:42:24Z,2026-08-26T05:42:24+0200,e96b9d4a-1054-48fe-90c7-5f4aaf55485c,2026-07-30T03:00:00Z,2026-07-30T05:00:00+0200,0.0,MW,NL,NL,actual_solar_generation,Solar | Actual Aggregated,2026-08-26T03:46:52Z
2026-08-26T03:42:24Z,2026-08-26T05:42:24+0200,e96b9d4a-1054-48fe-90c7-5f4aaf55485c,2026-07-30T03:00:00Z,2026-07-30T05:00:00+0200,0.123,MW,NL,NL,actual_solar_generation,Solar | Actual Consumption,2026-08-26T03:46:52Z
2026-08-26T03:42:24Z,2026-08-26T05:42:24+0200,e96b9d4a-1054-48fe-90c7-5f4aaf55485c,2026-07-30T03:15:00Z,2026-07-30T05:15:00+0200,0.0,MW,NL,NL,actual_solar_generation,Solar | Actual Aggregated,2026-08-26T03:46:52Z
2026-08-26T03:42:24Z,2026-08-26T05:42:24+0200,e96b9d4a-1054-48fe-90c7-5f4aaf55485c,2026-07-30T03:15:00Z,2026-07-30T05:15:00+0200,0.123,MW,NL,NL,actual_solar_generation,Solar | Actual Consumption,2026-08-26T03:46:52Z
2026-08-26T03:42:24Z,2026-08-26T05:42:24+0200,e96b9d4a-1054-48fe-90c7-5f4aaf55485c,2026-07-30T03:30:00Z,2026-07-30T05:30:00+0200,0.0,MW,NL,NL,actual_solar_generation,Solar | Actual Aggregated,2026-08-26T03:46:52Z
2026-08-26T03:42:24Z,2026-08-26T05:42:24+0200,e96b9d4a-1054-48fe-90c7-5f4aaf55485c,2026-07-30T03:30:00Z,2026-07-30T05:30:00+0200,0.123,MW,NL,NL,actual_solar_generation,Solar | Actual Consumption,2026-08-26T03:46:52Z
2026-08-26T03:42:24Z,2026-08-26T05:42:24+0200,e96b9d4a-1054-48fe-90c7-5f4aaf55485c,2026-07-30T03:45:00Z,2026-07-30T05:45:00+0200,0.0,MW,NL,NL,actual_solar_generation,Solar | Actual Aggregated,2026-08-26T03:46:52Z
2026-08-26T03:42:24Z,2026-08-26T05:42:24+0200,e96b9d4a-1054-48fe-90c7-5f4aaf55485c,2026-07-30T03:45:00Z,2026-07-30T05:45:00+0200,0.123,MW,NL,NL,actual_solar_generation,Solar | Actual Consumption,2026-08-26T03:46:52Z
2026-08-26T03:42:24Z,2026-08-26T05:42:24+0200,e96b9d4a-1054-48fe-90c7-5f4aaf55485c,2026-07-30T04:00:00Z,2026-07-30T06:00:00+0200,2.878,MW,NL,NL,actual_solar_generation,Solar | Actual Aggregated,2026-08-26T03:46:52Z
2026-08-26T03:42:24Z,2026-08-26T05:42:24+0200,e96b9d4a-1054-48fe-90c7-5f4aaf55485c,2026-07-30T04:00:00Z,2026-07-30T06:00:00+0200,0.0,MW,NL,NL,actual_solar_generation,Solar | Actual Consumption,2026-08-26T03:46:52Z
2026-08-26T03:42:24Z,2026-08-26T05:42:24+0200,e96b9d4a-1054-48fe-90c7-5f4aaf55485c,2026-07-30T04:15:00Z,2026-07-30T06:15:00+0200,6.429,MW,NL,NL,actual_solar_generation,Solar | Actual Aggregated,2026-08-26T03:46:52Z
2026-08-26T03:42:24Z,2026-08-26T05:42:24+0200,e96b9d4a-1054-48fe-90c7-5f4aaf55485c,2026-07-30T04:15:00Z,2026-07-30T06:15:00+0200,0.0,MW,NL,NL,actual_solar_generation,Solar | Actual Consumption,2026-08-26T03:46:52Z
2026-08-26T03:42:24Z,2026-08-26T05:42:24+0200,e96b9d4a-1054-48fe-90c7-5f4aaf55485c,2026-07-30T04:30:00Z,2026-07-30T06:30:00+0200,10.062,MW,NL,NL,actual_solar_generation,Solar | Actual Aggregated,2026-08-26T03:46:52Z
2026-08-26T03:42:24Z,2026-08-26T05:42:24+0200,e96b9d4a-1054-48fe-90c7-5f4aaf55485c,2026-07-30T04:30:00Z,2026-07-30T06:30:00+0200,0.0,MW,NL,NL,actual_solar_generation,Solar | Actual Consumption,2026-08-26T03:46:52Z
2026-08-26T03:42:24Z,2026-08-26T05:42:24+0200,e96b9d4a-1054-48fe-90c7-5f4aaf55485c,2026-07-30T04:45:00Z,2026-07-30T06:45:00+0200,15.052,MW,NL,NL,actual_solar_generation,Solar | Actual Aggregated,2026-08-26T03:46:52Z
2026-08-26T03:42:24Z,2026-08-26T05:42:24+0200,e96b9d4a-1054-48fe-90c7-5f4aaf55485c,2026-07-30T04:45:00Z,2026-07-30T06:45:00+0200,0.0,MW,NL,NL,actual_solar_generation,Solar | Actual Consumption,2026-08-26T03:46:52Z
2026-08-26T03:42:24Z,2026-08-26T05:42:24+0200,e96b9d4a-1054-48fe-90c7-5f4aaf55485c,2026-07-30T05:00:00Z,2026-07-30T07:00:00+0200,21.195,MW,NL,NL,actual_solar_generation,Solar | Actual Aggregated,2026-08-26T03:46:52Z
2026-08-26T03:42:24Z,2026-08-26T05:42:24+0200,e96b9d4a-1054-48fe-90c7-5f4aaf55485c,2026-07-30T05:00:00Z,2026-07-30T07:00:00+0200,0.0,MW,NL,NL,actual_solar_generation,Solar | Actual Consumption,2026-08-26T03:46:52Z
2026-08-26T03:42:24Z,2026-08-26T05:42:24+0200,e96b9d4a-1054-48fe-90c7-5f4aaf55485c,2026-07-30T05:15:00Z,2026-07-30T07:15:00+0200,28.901,MW,NL,NL,actual_solar_generation,Solar | Actual Aggregated,2026-08-26T03:46:52Z
2026-08-26T03:42:24Z,2026-08-26T05:42:24+0200,e96b9d4a-1054-48fe-90c7-5f4aaf55485c,2026-07-30T05:15:00Z,2026-07-30T07:15:00+0200,0.0,MW,NL,NL,actual_solar_generation,Solar | Actual Consumption,2026-08-26T03:46:52Z
2026-08-26T03:42:24Z,2026-08-26T05:42:24+0200,e96b9d4a-1054-48fe-90c7-5f4aaf55485c,2026-07-30T05:30:00Z,2026-07-30T07:30:00+0200,35.185,MW,NL,NL,actual_solar_generation,Solar | Actual Aggregated,2026-08-26T03:46:52Z
2026-08-26T03:42:24Z,2026-08-26T05:42:24+0200,e96b9d4a-1054-48fe-90c7-5f4aaf55485c,2026-07-30T05:30:00Z,2026-07-30T07:30:00+0200,0.0,MW,NL,NL,actual_solar_generation,Solar | Actual Consumption,2026-08-26T03:46:52Z
2026-08-26T03:42:24Z,2026-08-26T05:42:24+0200,e96b9d4a-1054-48fe-90c7-5f4aaf55485c,2026-07-30T05:45:00Z,2026-07-30T07:45:00+0200,47.443,MW,NL,NL,actual_solar_generation,Solar | Actual Aggregated,2026-08-26T03:46:52Z
2026-08-26T03:42:24Z,2026-08-26T05:42:24+0200,e96b9d4a-1054-48fe-90c7-5f4aaf55485c,2026-07-30T05:45:00Z,2026-07-30T07:45:00+0200,0.0,MW,NL,NL,actual_solar_generation,Solar | Actual Consumption,2026-08-26T03:46:52Z
2026-08-26T03:42:24Z,2026-08-26T05:42:24+0200,e96b9d4a-1054-48fe-90c7-5f4aaf55485c,2026-07-30T06:00:00Z,2026-07-30T08:00:00+0200,52.508,MW,NL,NL,actual_solar_generation,Solar | Actual Aggregated,2026-08-26T03:46:52Z
2026-08-26T03:42:24Z,2026-08-26T05:42:24+0200,e96b9d4a-1054-48fe-90c7-5f4aaf55485c,2026-07-30T06:00:00Z,2026-07-30T08:00:00+0200,0.0,MW,NL,NL,actual_solar_generation,Solar | Actual Consumption,2026-08-26T03:46:52Z
2026-08-26T03:42:24Z,2026-08-26T05:42:24+0200,e96b9d4a-1054-48fe-90c7-5f4aaf55485c,2026-07-30T06:15:00Z,2026-07-30T08:15:00+0200,68.766,MW,NL,NL,actual_solar_generation,Solar | Actual Aggregated,2026-08-26T03:46:52Z
2026-08-26T03:42:24Z,2026-08-26T05:42:24+0200,e96b9d4a-1054-48fe-90c7-5f4aaf55485c,2026-07-30T06:15:00Z,2026-07-30T08:15:00+0200,0.0,MW,NL,NL,actual_solar_generation,Solar | Actual Consumption,2026-08-26T03:46:52Z
2026-08-26T03:42:24Z,2026-08-26T05:42:24+0200,e96b9d4a-1054-48fe-90c7-5f4aaf55485c,2026-07-30T06:30:00Z,2026-07-30T08:30:00+0200,67.613,MW,NL,NL,actual_solar_generation,Solar | Actual Aggregated,2026-08-26T03:46:52Z
2026-08-26T03:42:24Z,2026-08-26T05:42:24+0200,e96b9d4a-1054-48fe-90c7-5f4aaf55485c,2026-07-30T06:30:00Z,2026-07-30T08:30:00+0200,0.0,MW,NL,NL,actual_solar_generation,Solar | Actual Consumption,2026-08-26T03:46:52Z
2026-08-26T03:42:24Z,2026-08-26T05:42:24+0200,e96b9d4a-1054-48fe-90c7-5f4aaf55485c,2026-07-30T06:45:00Z,2026-07-30T08:45:00+0200,68.498,MW,NL,NL,actual_solar_generation,Solar | Actual Aggregated,2026-08-26T03:46:52Z
2026-08-26T03:42:24Z,2026-08-26T05:42:24+0200,e96b9d4a-1054-48fe-90c7-5f4aaf55485c,2026-07-30T06:45:00Z,2026-07-30T08:45:00+0200,0.0,MW,NL,NL,actual_solar_generation,Solar | Actual Consumption,2026-08-26T03:46:52Z
2026-08-26T03:42:24Z,2026-08-26T05:42:24+0200,e96b9d4a-1054-48fe-90c7-5f4aaf55485c,2026-07-30T07:00:00Z,2026-07-30T09:00:00+0200,85.8,MW,NL,NL,actual_solar_generation,Solar | Actual Aggregated,2026-08-26T03:46:52Z
2026-08-26T03:42:24Z,2026-08-26T05:42:24+0200,e96b9d4a-1054-48fe-90c7-5f4aaf55485c,2026-07-30T07:00:00Z,2026-07-30T09:00:00+0200,0.0,MW,NL,NL,actual_solar_generation,Solar | Actual Consumption,2026-08-26T03:46:52Z
2026-08-26T03:42:24Z,2026-08-26T05:42:24+0200,e96b9d4a-1054-48fe-90c7-5f4aaf55485c,2026-07-30T07:15:00Z,2026-07-30T09:15:00+0200,99.686,MW,NL,NL,actual_solar_generation,Solar | Actual Aggregated,2026-08-26T03:46:52Z
2026-08-26T03:42:24Z,2026-08-26T05:42:24+0200,e96b9d4a-1054-48fe-90c7-5f4aaf55485c,2026-07-30T07:15:00Z,2026-07-30T09:15:00+0200,0.0,MW,NL,NL,actual_solar_generation,Solar | Actual Consumption,2026-08-26T03:46:52Z
2026-08-26T03:42:24Z,2026-08-26T05:42:24+0200,e96b9d4a-1054-48fe-90c7-5f4aaf55485c,2026-07-30T07:30:00Z,2026-07-30T09:30:00+0200,107.04,MW,NL,NL,actual_solar_generation,Solar | Actual Aggregated,2026-08-26T03:46:52Z
2026-08-26T03:42:24Z,2026-08-26T05:42:24+0200,e96b9d4a-1054-48fe-90c7-5f4aaf55485c,2026-07-30T07:30:00Z,2026-07-30T09:30:00+0200,0.0,MW,NL,NL,actual_solar_generation,Solar | Actual Consumption,2026-08-26T03:46:52Z
2026-08-26T03:42:24Z,2026-08-26T05:42:24+0200,e96b9d4a-1054-48fe-90c7-5f4aaf55485c,2026-07-30T07:45:00Z,2026-07-30T09:45:00+0200,123.179,MW,NL,NL,actual_solar_generation,Solar | Actual Aggregated,2026-08-26T03:46:52Z
2026-08-26T03:42:24Z,2026-08-26T05:42:24+0200,e96b9d4a-1054-48fe-90c7-5f4aaf55485c,2026-07-30T07:45:00Z,2026-07-30T09:45:00+0200,0.0,MW,NL,NL,actual_solar_generation,Solar | Actual Consumption,2026-08-26T03:46:52Z
2026-08-26T03:42:24Z,2026-08-26T05:42:24+0200,e96b9d4a-1054-48fe-90c7-5f4aaf55485c,2026-07-30T08:00:00Z,2026-07-30T10:00:00+0200,129.551,MW,NL,NL,actual_solar_generation,Solar | Actual Aggregated,2026-08-26T03:46:52Z
2026-08-26T03:42:24Z,2026-08-26T05:42:24+0200,e96b9d4a-1054-48fe-90c7-5f4aaf55485c,2026-07-30T08:00:00Z,2026-07-30T10:00:00+0200,0.0,MW,NL,NL,actual_solar_generation,Solar | Actual Consumption,2026-08-26T03:46:52Z
2026-08-26T03:42:24Z,2026-08-26T05:42:24+0200,e96b9d4a-1054-48fe-90c7-5f4aaf55485c,2026-07-30T08:15:00Z,2026-07-30T10:15:00+0200,150.01,MW,NL,NL,actual_solar_generation,Solar | Actual Aggregated,2026-08-26T03:46:52Z
2026-08-26T03:42:24Z,2026-08-26T05:42:24+0200,e96b9d4a-1054-48fe-90c7-5f4aaf55485c,2026-07-30T08:15:00Z,2026-07-30T10:15:00+0200,0.0,MW,NL,NL,actual_solar_generation,Solar | Actual Consumption,2026-08-26T03:46:52Z
2026-08-26T03:42:24Z,2026-08-26T05:42:24+0200,e96b9d4a-1054-48fe-90c7-5f4aaf55485c,2026-07-30T08:30:00Z,2026-07-30T10:30:00+0200,182.794,MW,NL,NL,actual_solar_generation,Solar | Actual Aggregated,2026-08-26T03:46:52Z
2026-08-26T03:42:24Z,2026-08-26T05:42:24+0200,e96b9d4a-1054-48fe-90c7-5f4aaf55485c,2026-07-30T08:30:00Z,2026-07-30T10:30:00+0200,0.0,MW,NL,NL,actual_solar_generation,Solar | Actual Consumption,2026-08-26T03:46:52Z
2026-08-26T03:42:24Z,2026-08-26T05:42:24+0200,e96b9d4a-1054-48fe-90c7-5f4aaf55485c,2026-07-30T08:45:00Z,2026-07-30T10:45:00+0200,195.29,MW,NL,NL,actual_solar_generation,Solar | Actual Aggregated,2026-08-26T03:46:52Z
2026-08-26T03:42:24Z,2026-08-26T05:42:24+0200,e96b9d4a-1054-48fe-90c7-5f4aaf55485c,2026-07-30T08:45:00Z,2026-07-30T10:45:00+0200,0.0,MW,NL,NL,actual_solar_generation,Solar | Actual Consumption,2026-08-26T03:46:52Z
2026-08-26T03:42:24Z,2026-08-26T05:42:24+0200,e96b9d4a-1054-48fe-90c7-5f4aaf55485c,2026-07-30T09:00:00Z,2026-07-30T11:00:00+0200,202.269,MW,NL,NL,actual_solar_generation,Solar | Actual Aggregated,2026-08-26T03:46:52Z
2026-08-26T03:42:24Z,2026-08-26T05:42:24+0200,e96b9d4a-1054-48fe-90c7-5f4aaf55485c,2026-07-30T09:00:00Z,2026-07-30T11:00:00+0200,0.0,MW,NL,NL,actual_solar_generation,Solar | Actual Consumption,2026-08-26T03:46:52Z
2026-08-26T03:42:24Z,2026-08-26T05:42:24+0200,e96b9d4a-1054-48fe-90c7-5f4aaf55485c,2026-07-30T09:15:00Z,2026-07-30T11:15:00+0200,201.33,MW,NL,NL,actual_solar_generation,Solar | Actual Aggregated,2026-08-26T03:46:52Z
2026-08-26T03:42:24Z,2026-08-26T05:42:24+0200,e96b9d4a-1054-48fe-90c7-5f4aaf55485c,2026-07-30T09:15:00Z,2026-07-30T11:15:00+0200,0.0,MW,NL,NL,actual_solar_generation,Solar | Actual Consumption,2026-08-26T03:46:52Z
2026-08-26T03:42:24Z,2026-08-26T05:42:24+0200,e96b9d4a-1054-48fe-90c7-5f4aaf55485c,2026-07-30T09:30:00Z,2026-07-30T11:30:00+0200,211.518,MW,NL,NL,actual_solar_generation,Solar | Actual Aggregated,2026-08-26T03:46:52Z
2026-08-26T03:42:24Z,2026-08-26T05:42:24+0200,e96b9d4a-1054-48fe-90c7-5f4aaf55485c,2026-07-30T09:30:00Z,2026-07-30T11:30:00+0200,0.0,MW,NL,NL,actual_solar_generation,Solar | Actual Consumption,2026-08-26T03:46:52Z
2026-08-26T03:42:24Z,2026-08-26T05:42:24+0200,e96b9d4a-1054-48fe-90c7-5f4aaf55485c,2026-07-30T09:45:00Z,2026-07-30T11:45:00+0200,213.495,MW,NL,NL,actual_solar_generation,Solar | Actual Aggregated,2026-08-26T03:46:52Z
2026-08-26T03:42:24Z,2026-08-26T05:42:24+0200,e96b9d4a-1054-48fe-90c7-5f4aaf55485c,2026-07-30T09:45:00Z,2026-07-30T11:45:00+0200,0.0,MW,NL,NL,actual_solar_generation,Solar | Actual Consumption,2026-08-26T03:46:52Z
2026-08-26T03:42:24Z,2026-08-26T05:42:24+0200,e96b9d4a-1054-48fe-90c7-5f4aaf55485c,2026-07-30T10:00:00Z,2026-07-30T12:00:00+0200,216.138,MW,NL,NL,actual_solar_generation,Solar | Actual Aggregated,2026-08-26T03:46:52Z
2026-08-26T03:42:24Z,2026-08-26T05:42:24+0200,e96b9d4a-1054-48fe-90c7-5f4aaf55485c,2026-07-30T10:00:00Z,2026-07-30T12:00:00+0200,0.0,MW,NL,NL,actual_solar_generation,Solar | Actual Consumption,2026-08-26T03:46:52Z
2026-08-26T03:42:24Z,2026-08-26T05:42:24+0200,e96b9d4a-1054-48fe-90c7-5f4aaf55485c,2026-07-30T10:15:00Z,2026-07-30T12:15:00+0200,223.311,MW,NL,NL,actual_solar_generation,Solar | Actual Aggregated,2026-08-26T03:46:52Z
2026-08-26T03:42:24Z,2026-08-26T05:42:24+0200,e96b9d4a-1054-48fe-90c7-5f4aaf55485c,2026-07-30T10:15:00Z,2026-07-30T12:15:00+0200,0.0,MW,NL,NL,actual_solar_generation,Solar | Actual Consumption,2026-08-26T03:46:52Z
2026-08-26T03:42:24Z,2026-08-26T05:42:24+0200,e96b9d4a-1054-48fe-90c7-5f4aaf55485c,2026-07-30T10:30:00Z,2026-07-30T12:30:00+0200,227.691,MW,NL,NL,actual_solar_generation,Solar | Actual Aggregated,2026-08-26T03:46:52Z
2026-08-26T03:42:24Z,2026-08-26T05:42:24+0200,e96b9d4a-1054-48fe-90c7-5f4aaf55485c,2026-07-30T10:30:00Z,2026-07-30T12:30:00+0200,0.0,MW,NL,NL,actual_solar_generation,Solar | Actual Consumption,2026-08-26T03:46:52Z
2026-08-26T03:42:24Z,2026-08-26T05:42:24+0200,e96b9d4a-1054-48fe-90c7-5f4aaf55485c,2026-07-30T10:45:00Z,2026-07-30T12:45:00+0200,235.003,MW,NL,NL,actual_solar_generation,Solar | Actual Aggregated,2026-08-26T03:46:52Z
2026-08-26T03:42:24Z,2026-08-26T05:42:24+0200,e96b9d4a-1054-48fe-90c7-5f4aaf55485c,2026-07-30T10:45:00Z,2026-07-30T12:45:00+0200,0.0,MW,NL,NL,actual_solar_generation,Solar | Actual Consumption,2026-08-26T03:46:52Z
2026-08-26T03:42:24Z,2026-08-26T05:42:24+0200,e96b9d4a-1054-48fe-90c7-5f4aaf55485c,2026-07-30T11:00:00Z,2026-07-30T13:00:00+0200,235.429,MW,NL,NL,actual_solar_generation,Solar | Actual Aggregated,2026-08-26T03:46:52Z
2026-08-26T03:42:24Z,2026-08-26T05:42:24+0200,e96b9d4a-1054-48fe-90c7-5f4aaf55485c,2026-07-30T11:00:00Z,2026-07-30T13:00:00+0200,0.0,MW,NL,NL,actual_solar_generation,Solar | Actual Consumption,2026-08-26T03:46:52Z
2026-08-26T03:42:24Z,2026-08-26T05:42:24+0200,e96b9d4a-1054-48fe-90c7-5f4aaf55485c,2026-07-30T11:15:00Z,2026-07-30T13:15:00+0200,229.61,MW,NL,NL,actual_solar_generation,Solar | Actual Aggregated,2026-08-26T03:46:52Z
2026-08-26T03:42:24Z,2026-08-26T05:42:24+0200,e96b9d4a-1054-48fe-90c7-5f4aaf55485c,2026-07-30T11:15:00Z,2026-07-30T13:15:00+0200,0.0,MW,NL,NL,actual_solar_generation,Solar | Actual Consumption,2026-08-26T03:46:52Z
2026-08-26T03:42:24Z,2026-08-26T05:42:24+0200,e96b9d4a-1054-48fe-90c7-5f4aaf55485c,2026-07-30T11:30:00Z,2026-07-30T13:30:00+0200,212.387,MW,NL,NL,actual_solar_generation,Solar | Actual Aggregated,2026-08-26T03:46:52Z
2026-08-26T03:42:24Z,2026-08-26T05:42:24+0200,e96b9d4a-1054-48fe-90c7-5f4aaf55485c,2026-07-30T11:30:00Z,2026-07-30T13:30:00+0200,0.0,MW,NL,NL,actual_solar_generation,Solar | Actual Consumption,2026-08-26T03:46:52Z
2026-08-26T03:42:24Z,2026-08-26T05:42:24+0200,e96b9d4a-1054-48fe-90c7-5f4aaf55485c,2026-07-30T11:45:00Z,2026-07-30T13:45:00+0200,231.572,MW,NL,NL,actual_solar_generation,Solar | Actual Aggregated,2026-08-26T03:46:52Z
2026-08-26T03:42:24Z,2026-08-26T05:42:24+0200,e96b9d4a-1054-48fe-90c7-5f4aaf55485c,2026-07-30T11:45:00Z,2026-07-30T13:45:00+0200,0.0,MW,NL,NL,actual_solar_generation,Solar | Actual Consumption,2026-08-26T03:46:52Z
2026-08-26T03:42:24Z,2026-08-26T05:42:24+0200,e96b9d4a-1054-48fe-90c7-5f4aaf55485c,2026-07-30T12:00:00Z,2026-07-30T14:00:00+0200,222.134,MW,NL,NL,actual_solar_generation,Solar | Actual Aggregated,2026-08-26T03:46:52Z
2026-08-26T03:42:24Z,2026-08-26T05:42:24+0200,e96b9d4a-1054-48fe-90c7-5f4aaf55485c,2026-07-30T12:00:00Z,2026-07-30T14:00:00+0200,0.0,MW,NL,NL,actual_solar_generation,Solar | Actual Consumption,2026-08-26T03:46:52Z
2026-08-26T03:42:24Z,2026-08-26T05:42:24+0200,e96b9d4a-1054-48fe-90c7-5f4aaf55485c,2026-07-30T12:15:00Z,2026-07-30T14:15:00+0200,194.15,MW,NL,NL,actual_solar_generation,Solar | Actual Aggregated,2026-08-26T03:46:52Z
2026-08-26T03:42:24Z,2026-08-26T05:42:24+0200,e96b9d4a-1054-48fe-90c7-5f4aaf55485c,2026-07-30T12:15:00Z,2026-07-30T14:15:00+0200,0.0,MW,NL,NL,actual_solar_generation,Solar | Actual Consumption,2026-08-26T03:46:52Z
2026-08-26T03:42:24Z,2026-08-26T05:42:24+0200,e96b9d4a-1054-48fe-90c7-5f4aaf55485c,2026-07-30T12:30:00Z,2026-07-30T14:30:00+0200,178.27,MW,NL,NL,actual_solar_generation,Solar | Actual Aggregated,2026-08-26T03:46:52Z
2026-08-26T03:42:24Z,2026-08-26T05:42:24+0200,e96b9d4a-1054-48fe-90c7-5f4aaf55485c,2026-07-30T12:30:00Z,2026-07-30T14:30:00+0200,0.0,MW,NL,NL,actual_solar_generation,Solar | Actual Consumption,2026-08-26T03:46:52Z
2026-08-26T03:42:24Z,2026-08-26T05:42:24+0200,e96b9d4a-1054-48fe-90c7-5f4aaf55485c,2026-07-30T12:45:00Z,2026-07-30T14:45:00+0200,152.812,MW,NL,NL,actual_solar_generation,Solar | Actual Aggregated,2026-08-26T03:46:52Z
2026-08-26T03:42:24Z,2026-08-26T05:42:24+0200,e96b9d4a-1054-48fe-90c7-5f4aaf55485c,2026-07-30T12:45:00Z,2026-07-30T14:45:00+0200,0.0,MW,NL,NL,actual_solar_generation,Solar | Actual Consumption,2026-08-26T03:46:52Z
2026-08-26T03:42:24Z,2026-08-26T05:42:24+0200,e96b9d4a-1054-48fe-90c7-5f4aaf55485c,2026-07-30T13:00:00Z,2026-07-30T15:00:00+0200,150.921,MW,NL,NL,actual_solar_generation,Solar | Actual Aggregated,2026-08-26T03:46:52Z
2026-08-26T03:42:24Z,2026-08-26T05:42:24+0200,e96b9d4a-1054-48fe-90c7-5f4aaf55485c,2026-07-30T13:00:00Z,2026-07-30T15:00:00+0200,0.0,MW,NL,NL,actual_solar_generation,Solar | Actual Consumption,2026-08-26T03:46:52Z
2026-08-26T03:42:24Z,2026-08-26T05:42:24+0200,e96b9d4a-1054-48fe-90c7-5f4aaf55485c,2026-07-30T13:15:00Z,2026-07-30T15:15:00+0200,146.159,MW,NL,NL,actual_solar_generation,Solar | Actual Aggregated,2026-08-26T03:46:52Z
2026-08-26T03:42:24Z,2026-08-26T05:42:24+0200,e96b9d4a-1054-48fe-90c7-5f4aaf55485c,2026-07-30T13:15:00Z,2026-07-30T15:15:00+0200,0.0,MW,NL,NL,actual_solar_generation,Solar | Actual Consumption,2026-08-26T03:46:52Z
2026-08-26T03:42:24Z,2026-08-26T05:42:24+0200,e96b9d4a-1054-48fe-90c7-5f4aaf55485c,2026-07-30T13:30:00Z,2026-07-30T15:30:00+0200,129.598,MW,NL,NL,actual_solar_generation,Solar | Actual Aggregated,2026-08-26T03:46:52Z
2026-08-26T03:42:24Z,2026-08-26T05:42:24+0200,e96b9d4a-1054-48fe-90c7-5f4aaf55485c,2026-07-30T13:30:00Z,2026-07-30T15:30:00+0200,0.0,MW,NL,NL,actual_solar_generation,Solar | Actual Consumption,2026-08-26T03:46:52Z
2026-08-26T03:42:24Z,2026-08-26T05:42:24+0200,e96b9d4a-1054-48fe-90c7-5f4aaf55485c,2026-07-30T13:45:00Z,2026-07-30T15:45:00+0200,105.32,MW,NL,NL,actual_solar_generation,Solar | Actual Aggregated,2026-08-26T03:46:52Z
2026-08-26T03:42:24Z,2026-08-26T05:42:24+0200,e96b9d4a-1054-48fe-90c7-5f4aaf55485c,2026-07-30T13:45:00Z,2026-07-30T15:45:00+0200,0.0,MW,NL,NL,actual_solar_generation,Solar | Actual Consumption,2026-08-26T03:46:52Z
2026-08-26T03:42:24Z,2026-08-26T05:42:24+0200,e96b9d4a-1054-48fe-90c7-5f4aaf55485c,2026-07-30T14:00:00Z,2026-07-30T16:00:00+0200,92.058,MW,NL,NL,actual_solar_generation,Solar | Actual Aggregated,2026-08-26T03:46:52Z
2026-08-26T03:42:24Z,2026-08-26T05:42:24+0200,e96b9d4a-1054-48fe-90c7-5f4aaf55485c,2026-07-30T14:00:00Z,2026-07-30T16:00:00+0200,0.0,MW,NL,NL,actual_solar_generation,Solar | Actual Consumption,2026-08-26T03:46:52Z
2026-08-26T03:42:24Z,2026-08-26T05:42:24+0200,e96b9d4a-1054-48fe-90c7-5f4aaf55485c,2026-07-30T14:15:00Z,2026-07-30T16:15:00+0200,74.956,MW,NL,NL,actual_solar_generation,Solar | Actual Aggregated,2026-08-26T03:46:52Z
2026-08-26T03:42:24Z,2026-08-26T05:42:24+0200,e96b9d4a-1054-48fe-90c7-5f4aaf55485c,2026-07-30T14:15:00Z,2026-07-30T16:15:00+0200,0.0,MW,NL,NL,actual_solar_generation,Solar | Actual Consumption,2026-08-26T03:46:52Z
2026-08-26T03:42:24Z,2026-08-26T05:42:24+0200,e96b9d4a-1054-48fe-90c7-5f4aaf55485c,2026-07-30T14:30:00Z,2026-07-30T16:30:00+0200,59.593,MW,NL,NL,actual_solar_generation,Solar | Actual Aggregated,2026-08-26T03:46:52Z
2026-08-26T03:42:24Z,2026-08-26T05:42:24+0200,e96b9d4a-1054-48fe-90c7-5f4aaf55485c,2026-07-30T14:30:00Z,2026-07-30T16:30:00+0200,0.0,MW,NL,NL,actual_solar_generation,Solar | Actual Consumption,2026-08-26T03:46:52Z
2026-08-26T03:42:24Z,2026-08-26T05:42:24+0200,e96b9d4a-1054-48fe-90c7-5f4aaf55485c,2026-07-30T14:45:00Z,2026-07-30T16:45:00+0200,52.735,MW,NL,NL,actual_solar_generation,Solar | Actual Aggregated,2026-08-26T03:46:52Z
2026-08-26T03:42:24Z,2026-08-26T05:42:24+0200,e96b9d4a-1054-48fe-90c7-5f4aaf55485c,2026-07-30T14:45:00Z,2026-07-30T16:45:00+0200,0.0,MW,NL,NL,actual_solar_generation,Solar | Actual Consumption,2026-08-26T03:46:52Z
2026-08-26T03:42:24Z,2026-08-26T05:42:24+0200,e96b9d4a-1054-48fe-90c7-5f4aaf55485c,2026-07-30T15:00:00Z,2026-07-30T17:00:00+0200,41.403,MW,NL,NL,actual_solar_generation,Solar | Actual Aggregated,2026-08-26T03:46:52Z
2026-08-26T03:42:24Z,2026-08-26T05:42:24+0200,e96b9d4a-1054-48fe-90c7-5f4aaf55485c,2026-07-30T15:00:00Z,2026-07-30T17:00:00+0200,0.0,MW,NL,NL,actual_solar_generation,Solar | Actual Consumption,2026-08-26T03:46:52Z
2026-08-26T03:42:24Z,2026-08-26T05:42:24+0200,e96b9d4a-1054-48fe-90c7-5f4aaf55485c,2026-07-30T15:15:00Z,2026-07-30T17:15:00+0200,30.469,MW,NL,NL,actual_solar_generation,Solar | Actual Aggregated,2026-08-26T03:46:52Z
2026-08-26T03:42:24Z,2026-08-26T05:42:24+0200,e96b9d4a-1054-48fe-90c7-5f4aaf55485c,2026-07-30T15:15:00Z,2026-07-30T17:15:00+0200,0.0,MW,NL,NL,actual_solar_generation,Solar | Actual Consumption,2026-08-26T03:46:52Z
2026-08-26T03:42:24Z,2026-08-26T05:42:24+0200,e96b9d4a-1054-48fe-90c7-5f4aaf55485c,2026-07-30T15:30:00Z,2026-07-30T17:30:00+0200,21.562,MW,NL,NL,actual_solar_generation,Solar | Actual Aggregated,2026-08-26T03:46:52Z
2026-08-26T03:42:24Z,2026-08-26T05:42:24+0200,e96b9d4a-1054-48fe-90c7-5f4aaf55485c,2026-07-30T15:30:00Z,2026-07-30T17:30:00+0200,0.0,MW,NL,NL,actual_solar_generation,Solar | Actual Consumption,2026-08-26T03:46:52Z
2026-08-26T03:42:24Z,2026-08-26T05:42:24+0200,e96b9d4a-1054-48fe-90c7-5f4aaf55485c,2026-07-30T15:45:00Z,2026-07-30T17:45:00+0200,15.356,MW,NL,NL,actual_solar_generation,Solar | Actual Aggregated,2026-08-26T03:46:52Z
2026-08-26T03:42:24Z,2026-08-26T05:42:24+0200,e96b9d4a-1054-48fe-90c7-5f4aaf55485c,2026-07-30T15:45:00Z,2026-07-30T17:45:00+0200,0.0,MW,NL,NL,actual_solar_generation,Solar | Actual Consumption,2026-08-26T03:46:52Z
2026-08-26T03:42:24Z,2026-08-26T05:42:24+0200,e96b9d4a-1054-48fe-90c7-5f4aaf55485c,2026-07-30T16:00:00Z,2026-07-30T18:00:00+0200,10.506,MW,NL,NL,actual_solar_generation,Solar | Actual Aggregated,2026-08-26T03:46:52Z
2026-08-26T03:42:24Z,2026-08-26T05:42:24+0200,e96b9d4a-1054-48fe-90c7-5f4aaf55485c,2026-07-30T16:00:00Z,2026-07-30T18:00:00+0200,0.0,MW,NL,NL,actual_solar_generation,Solar | Actual Consumption,2026-08-26T03:46:52Z
2026-08-26T03:42:24Z,2026-08-26T05:42:24+0200,e96b9d4a-1054-48fe-90c7-5f4aaf55485c,2026-07-30T16:15:00Z,2026-07-30T18:15:00+0200,10.413,MW,NL,NL,actual_solar_generation,Solar | Actual Aggregated,2026-08-26T03:46:52Z
2026-08-26T03:42:24Z,2026-08-26T05:42:24+0200,e96b9d4a-1054-48fe-90c7-5f4aaf55485c,2026-07-30T16:15:00Z,2026-07-30T18:15:00+0200,0.0,MW,NL,NL,actual_solar_generation,Solar | Actual Consumption,2026-08-26T03:46:52Z
2026-08-26T03:42:24Z,2026-08-26T05:42:24+0200,e96b9d4a-1054-48fe-90c7-5f4aaf55485c,2026-07-30T16:30:00Z,2026-07-30T18:30:00+0200,10.166,MW,NL,NL,actual_solar_generation,Solar | Actual Aggregated,2026-08-26T03:46:52Z
2026-08-26T03:42:24Z,2026-08-26T05:42:24+0200,e96b9d4a-1054-48fe-90c7-5f4aaf55485c,2026-07-30T16:30:00Z,2026-07-30T18:30:00+0200,0.0,MW,NL,NL,actual_solar_generation,Solar | Actual Consumption,2026-08-26T03:46:52Z
2026-08-26T03:42:24Z,2026-08-26T05:42:24+0200,e96b9d4a-1054-48fe-90c7-5f4aaf55485c,2026-07-30T16:45:00Z,2026-07-30T18:45:00+0200,12.092,MW,NL,NL,actual_solar_generation,Solar | Actual Aggregated,2026-08-26T03:46:52Z
2026-08-26T03:42:24Z,2026-08-26T05:42:24+0200,e96b9d4a-1054-48fe-90c7-5f4aaf55485c,2026-07-30T16:45:00Z,2026-07-30T18:45:00+0200,0.0,MW,NL,NL,actual_solar_generation,Solar | Actual Consumption,2026-08-26T03:46:52Z
2026-08-26T03:42:24Z,2026-08-26T05:42:24+0200,e96b9d4a-1054-48fe-90c7-5f4aaf55485c,2026-07-30T17:00:00Z,2026-07-30T19:00:00+0200,9.503,MW,NL,NL,actual_solar_generation,Solar | Actual Aggregated,2026-08-26T03:46:52Z
2026-08-26T03:42:24Z,2026-08-26T05:42:24+0200,e96b9d4a-1054-48fe-90c7-5f4aaf55485c,2026-07-30T17:00:00Z,2026-07-30T19:00:00+0200,0.0,MW,NL,NL,actual_solar_generation,Solar | Actual Consumption,2026-08-26T03:46:52Z
2026-08-26T03:42:24Z,2026-08-26T05:42:24+0200,e96b9d4a-1054-48fe-90c7-5f4aaf55485c,2026-07-30T17:15:00Z,2026-07-30T19:15:00+0200,15.152,MW,NL,NL,actual_solar_generation,Solar | Actual Aggregated,2026-08-26T03:46:52Z
2026-08-26T03:42:24Z,2026-08-26T05:42:24+0200,e96b9d4a-1054-48fe-90c7-5f4aaf55485c,2026-07-30T17:15:00Z,2026-07-30T19:15:00+0200,0.0,MW,NL,NL,actual_solar_generation,Solar | Actual Consumption,2026-08-26T03:46:52Z
2026-08-26T03:42:24Z,2026-08-26T05:42:24+0200,e96b9d4a-1054-48fe-90c7-5f4aaf55485c,2026-07-30T17:30:00Z,2026-07-30T19:30:00+0200,17.258,MW,NL,NL,actual_solar_generation,Solar | Actual Aggregated,2026-08-26T03:46:52Z
2026-08-26T03:42:24Z,2026-08-26T05:42:24+0200,e96b9d4a-1054-48fe-90c7-5f4aaf55485c,2026-07-30T17:30:00Z,2026-07-30T19:30:00+0200,0.0,MW,NL,NL,actual_solar_generation,Solar | Actual Consumption,2026-08-26T03:46:52Z
2026-08-26T03:42:24Z,2026-08-26T05:42:24+0200,e96b9d4a-1054-48fe-90c7-5f4aaf55485c,2026-07-30T17:45:00Z,2026-07-30T19:45:00+0200,21.337,MW,NL,NL,actual_solar_generation,Solar | Actual Aggregated,2026-08-26T03:46:52Z
2026-08-26T03:42:24Z,2026-08-26T05:42:24+0200,e96b9d4a-1054-48fe-90c7-5f4aaf55485c,2026-07-30T17:45:00Z,2026-07-30T19:45:00+0200,0.0,MW,NL,NL,actual_solar_generation,Solar | Actual Consumption,2026-08-26T03:46:52Z
2026-08-26T03:42:24Z,2026-08-26T05:42:24+0200,e96b9d4a-1054-48fe-90c7-5f4aaf55485c,2026-07-30T18:00:00Z,2026-07-30T20:00:00+0200,24.397,MW,NL,NL,actual_solar_generation,Solar | Actual Aggregated,2026-08-26T03:46:52Z
2026-08-26T03:42:24Z,2026-08-26T05:42:24+0200,e96b9d4a-1054-48fe-90c7-5f4aaf55485c,2026-07-30T18:00:00Z,2026-07-30T20:00:00+0200,0.0,MW,NL,NL,actual_solar_generation,Solar | Actual Consumption,2026-08-26T03:46:52Z
2026-08-26T03:42:24Z,2026-08-26T05:42:24+0200,e96b9d4a-1054-48fe-90c7-5f4aaf55485c,2026-07-30T18:15:00Z,2026-07-30T20:15:00+0200,23.542,MW,NL,NL,actual_solar_generation,Solar | Actual Aggregated,2026-08-26T03:46:52Z
2026-08-26T03:42:24Z,2026-08-26T05:42:24+0200,e96b9d4a-1054-48fe-90c7-5f4aaf55485c,2026-07-30T18:15:00Z,2026-07-30T20:15:00+0200,0.0,MW,NL,NL,actual_solar_generation,Solar | Actual Consumption,2026-08-26T03:46:52Z
2026-08-26T03:42:24Z,2026-08-26T05:42:24+0200,e96b9d4a-1054-48fe-90c7-5f4aaf55485c,2026-07-30T18:30:00Z,2026-07-30T20:30:00+0200,19.268,MW,NL,NL,actual_solar_generation,Solar | Actual Aggregated,2026-08-26T03:46:52Z
2026-08-26T03:42:24Z,2026-08-26T05:42:24+0200,e96b9d4a-1054-48fe-90c7-5f4aaf55485c,2026-07-30T18:30:00Z,2026-07-30T20:30:00+0200,0.0,MW,NL,NL,actual_solar_generation,Solar | Actual Consumption,2026-08-26T03:46:52Z
2026-08-26T03:42:24Z,2026-08-26T05:42:24+0200,e96b9d4a-1054-48fe-90c7-5f4aaf55485c,2026-07-30T18:45:00Z,2026-07-30T20:45:00+0200,6.495,MW,NL,NL,actual_solar_generation,Solar | Actual Aggregated,2026-08-26T03:46:52Z
2026-08-26T03:42:24Z,2026-08-26T05:42:24+0200,e96b9d4a-1054-48fe-90c7-5f4aaf55485c,2026-07-30T18:45:00Z,2026-07-30T20:45:00+0200,0.0,MW,NL,NL,actual_solar_generation,Solar | Actual Consumption,2026-08-26T03:46:52Z
2026-08-26T03:42:24Z,2026-08-26T05:42:24+0200,e96b9d4a-1054-48fe-90c7-5f4aaf55485c,2026-07-30T19:00:00Z,2026-07-30T21:00:00+0200,1.288,MW,NL,NL,actual_solar_generation,Solar | Actual Aggregated,2026-08-26T03:46:52Z
2026-08-26T03:42:24Z,2026-08-26T05:42:24+0200,e96b9d4a-1054-48fe-90c7-5f4aaf55485c,2026-07-30T19:00:00Z,2026-07-30T21:00:00+0200,0.0,MW,NL,NL,actual_solar_generation,Solar | Actual Consumption,2026-08-26T03:46:52Z
2026-08-26T03:42:24Z,2026-08-26T05:42:24+0200,e96b9d4a-1054-48fe-90c7-5f4aaf55485c,2026-07-30T19:15:00Z,2026-07-30T21:15:00+0200,0.216,MW,NL,NL,actual_solar_generation,Solar | Actual Aggregated,2026-08-26T03:46:52Z
2026-08-26T03:42:24Z,2026-08-26T05:42:24+0200,e96b9d4a-1054-48fe-90c7-5f4aaf55485c,2026-07-30T19:15:00Z,2026-07-30T21:15:00+0200,0.568,MW,NL,NL,actual_solar_generation,Solar | Actual Consumption,2026-08-26T03:46:52Z
2026-08-26T03:42:24Z,2026-08-26T05:42:24+0200,e96b9d4a-1054-48fe-90c7-5f4aaf55485c,2026-07-30T19:30:00Z,2026-07-30T21:30:00+0200,0.0,MW,NL,NL,actual_solar_generation,Solar | Actual Aggregated,2026-08-26T03:46:52Z
2026-08-26T03:42:24Z,2026-08-26T05:42:24+0200,e96b9d4a-1054-48fe-90c7-5f4aaf55485c,2026-07-30T19:30:00Z,2026-07-30T21:30:00+0200,0.785,MW,NL,NL,actual_solar_generation,Solar | Actual Consumption,2026-08-26T03:46:52Z
2026-08-26T03:42:24Z,2026-08-26T05:42:24+0200,e96b9d4a-1054-48fe-90c7-5f4aaf55485c,2026-07-30T19:45:00Z,2026-07-30T21:45:00+0200,0.0,MW,NL,NL,actual_solar_generation,Solar | Actual Aggregated,2026-08-26T03:46:52Z
2026-08-26T03:42:24Z,2026-08-26T05:42:24+0200,e96b9d4a-1054-48fe-90c7-5f4aaf55485c,2026-07-30T19:45:00Z,2026-07-30T21:45:00+0200,0.124,MW,NL,NL,actual_solar_generation,Solar | Actual Consumption,2026-08-26T03:46:52Z
2026-08-26T03:42:24Z,2026-08-26T05:42:24+0200,e96b9d4a-1054-48fe-90c7-5f4aaf55485c,2026-07-30T20:00:00Z,2026-07-30T22:00:00+0200,0.0,MW,NL,NL,actual_solar_generation,Solar | Actual Aggregated,2026-08-26T03:46:52Z
2026-08-26T03:42:24Z,2026-08-26T05:42:24+0200,e96b9d4a-1054-48fe-90c7-5f4aaf55485c,2026-07-30T20:00:00Z,2026-07-30T22:00:00+0200,0.124,MW,NL,NL,actual_solar_generation,Solar | Actual Consumption,2026-08-26T03:46:52Z
2026-08-26T03:42:24Z,2026-08-26T05:42:24+0200,e96b9d4a-1054-48fe-90c7-5f4aaf55485c,2026-07-30T20:15:00Z,2026-07-30T22:15:00+0200,0.0,MW,NL,NL,actual_solar_generation,Solar | Actual Aggregated,2026-08-26T03:46:52Z
2026-08-26T03:42:24Z,2026-08-26T05:42:24+0200,e96b9d4a-1054-48fe-90c7-5f4aaf55485c,2026-07-30T20:15:00Z,2026-07-30T22:15:00+0200,0.124,MW,NL,NL,actual_solar_generation,Solar | Actual Consumption,2026-08-26T03:46:52Z
2026-08-26T03:42:24Z,2026-08-26T05:42:24+0200,e96b9d4a-1054-48fe-90c7-5f4aaf55485c,2026-07-30T20:30:00Z,2026-07-30T22:30:00+0200,0.0,MW,NL,NL,actual_solar_generation,Solar | Actual Aggregated,2026-08-26T03:46:52Z
2026-08-26T03:42:24Z,2026-08-26T05:42:24+0200,e96b9d4a-1054-48fe-90c7-5f4aaf55485c,2026-07-30T20:30:00Z,2026-07-30T22:30:00+0200,0.124,MW,NL,NL,actual_solar_generation,Solar | Actual Consumption,2026-08-26T03:46:52Z
2026-08-26T03:42:24Z,2026-08-26T05:42:24+0200,e96b9d4a-1054-48fe-90c7-5f4aaf55485c,2026-07-30T20:45:00Z,2026-07-30T22:45:00+0200,0.0,MW,NL,NL,actual_solar_generation,Solar | Actual Aggregated,2026-08-26T03:46:52Z
2026-08-26T03:42:24Z,2026-08-26T05:42:24+0200,e96b9d4a-1054-48fe-90c7-5f4aaf55485c,2026-07-30T20:45:00Z,2026-07-30T22:45:00+0200,0.124,MW,NL,NL,actual_solar_generation,Solar | Actual Consumption,2026-08-26T03:46:52Z
2026-08-26T03:42:24Z,2026-08-26T05:42:24+0200,e96b9d4a-1054-48fe-90c7-5f4aaf55485c,2026-07-30T21:00:00Z,2026-07-30T23:00:00+0200,0.0,MW,NL,NL,actual_solar_generation,Solar | Actual Aggregated,2026-08-26T03:46:52Z
2026-08-26T03:42:24Z,2026-08-26T05:42:24+0200,e96b9d4a-1054-48fe-90c7-5f4aaf55485c,2026-07-30T21:00:00Z,2026-07-30T23:00:00+0200,0.124,MW,NL,NL,actual_solar_generation,Solar | Actual Consumption,2026-08-26T03:46:52Z
2026-08-26T03:42:24Z,2026-08-26T05:42:24+0200,e96b9d4a-1054-48fe-90c7-5f4aaf55485c,2026-07-30T21:15:00Z,2026-07-30T23:15:00+0200,0.0,MW,NL,NL,actual_solar_generation,Solar | Actual Aggregated,2026-08-26T03:46:52Z
2026-08-26T03:42:24Z,2026-08-26T05:42:24+0200,e96b9d4a-1054-48fe-90c7-5f4aaf55485c,2026-07-30T21:15:00Z,2026-07-30T23:15:00+0200,0.124,MW,NL,NL,actual_solar_generation,Solar | Actual Consumption,2026-08-26T03:46:52Z
2026-08-26T03:42:24Z,2026-08-26T05:42:24+0200,e96b9d4a-1054-48fe-90c7-5f4aaf55485c,2026-07-30T21:30:00Z,2026-07-30T23:30:00+0200,0.0,MW,NL,NL,actual_solar_generation,Solar | Actual Aggregated,2026-08-26T03:46:52Z
2026-08-26T03:42:24Z,2026-08-26T05:42:24+0200,e96b9d4a-1054-48fe-90c7-5f4aaf55485c,2026-07-30T21:30:00Z,2026-07-30T23:30:00+0200,0.124,MW,NL,NL,actual_solar_generation,Solar | Actual Consumption,2026-08-26T03:46:52Z
2026-08-26T03:42:24Z,2026-08-26T05:42:24+0200,e96b9d4a-1054-48fe-90c7-5f4aaf55485c,2026-07-30T21:45:00Z,2026-07-30T23:45:00+0200,0.0,MW,NL,NL,actual_solar_generation,Solar | Actual Aggregated,2026-08-26T03:46:52Z
2026-08-26T03:42:24Z,2026-08-26T05:42:24+0200,e96b9d4a-1054-48fe-90c7-5f4aaf55485c,2026-07-30T21:45:00Z,2026-07-30T23:45:00+0200,0.124,MW,NL,NL,actual_solar_generation,Solar | Actual Consumption,2026-08-26T03:46:52Z
2026-08-26T03:42:24Z,2026-08-26T05:42:24+0200,e96b9d4a-1054-48fe-90c7-5f4aaf55485c,2026-07-30T22:00:00Z,2026-07-31T00:00:00+0200,0.0,MW,NL,NL,actual_solar_generation,Solar | Actual Aggregated,2026-08-26T03:46:52Z
2026-08-26T03:42:24Z,2026-08-26T05:42:24+0200,e96b9d4a-1054-48fe-90c7-5f4aaf55485c,2026-07-30T22:00:00Z,2026-07-31T00:00:00+0200,0.124,MW,NL,NL,actual_solar_generation,Solar | Actual Consumption,2026-08-26T03:46:52Z
2026-08-26T03:42:24Z,2026-08-26T05:42:24+0200,e96b9d4a-1054-48fe-90c7-5f4aaf55485c,2026-07-30T22:15:00Z,2026-07-31T00:15:00+0200,0.0,MW,NL,NL,actual_solar_generation,Solar | Actual Aggregated,2026-08-26T03:46:52Z
2026-08-26T03:42:24Z,2026-08-26T05:42:24+0200,e96b9d4a-1054-48fe-90c7-5f4aaf55485c,2026-07-30T22:15:00Z,2026-07-31T00:15:00+0200,0.124,MW,NL,NL,actual_solar_generation,Solar | Actual Consumption,2026-08-26T03:46:52Z
2026-08-26T03:42:24Z,2026-08-26T05:42:24+0200,e96b9d4a-1054-48fe-90c7-5f4aaf55485c,2026-07-30T22:30:00Z,2026-07-31T00:30:00+0200,0.0,MW,NL,NL,actual_solar_generation,Solar | Actual Aggregated,2026-08-26T03:46:52Z
2026-08-26T03:42:24Z,2026-08-26T05:42:24+0200,e96b9d4a-1054-48fe-90c7-5f4aaf55485c,2026-07-30T22:30:00Z,2026-07-31T00:30:00+0200,0.124,MW,NL,NL,actual_solar_generation,Solar | Actual Consumption,2026-08-26T03:46:52Z
2026-08-26T03:42:24Z,2026-08-26T05:42:24+0200,e96b9d4a-1054-48fe-90c7-5f4aaf55485c,2026-07-30T22:45:00Z,2026-07-31T00:45:00+0200,0.0,MW,NL,NL,actual_solar_generation,Solar | Actual Aggregated,2026-08-26T03:46:52Z
2026-08-26T03:42:24Z,2026-08-26T05:42:24+0200,e96b9d4a-1054-48fe-90c7-5f4aaf55485c,2026-07-30T22:45:00Z,2026-07-31T00:45:00+0200,0.124,MW,NL,NL,actual_solar_generation,Solar | Actual Consumption,2026-08-26T03:46:52Z
2026-08-26T03:42:24Z,2026-08-26T05:42:24+0200,e96b9d4a-1054-48fe-90c7-5f4aaf55485c,2026-07-30T23:00:00Z,2026-07-31T01:00:00+0200,0.0,MW,NL,NL,actual_solar_generation,Solar | Actual Aggregated,2026-08-26T03:46:52Z
2026-08-26T03:42:24Z,2026-08-26T05:42:24+0200,e96b9d4a-1054-48fe-90c7-5f4aaf55485c,2026-07-30T23:00:00Z,2026-07-31T01:00:00+0200,0.124,MW,NL,NL,actual_solar_generation,Solar | Actual Consumption,2026-08-26T03:46:52Z
2026-08-26T03:42:24Z,2026-08-26T05:42:24+0200,e96b9d4a-1054-48fe-90c7-5f4aaf55485c,2026-07-30T23:15:00Z,2026-07-31T01:15:00+0200,0.0,MW,NL,NL,actual_solar_generation,Solar | Actual Aggregated,2026-08-26T03:46:52Z
2026-08-26T03:42:24Z,2026-08-26T05:42:24+0200,e96b9d4a-1054-48fe-90c7-5f4aaf55485c,2026-07-30T23:15:00Z,2026-07-31T01:15:00+0200,0.124,MW,NL,NL,actual_solar_generation,Solar | Actual Consumption,2026-08-26T03:46:52Z
2026-08-26T03:42:24Z,2026-08-26T05:42:24+0200,e96b9d4a-1054-48fe-90c7-5f4aaf55485c,2026-07-30T23:30:00Z,2026-07-31T01:30:00+0200,0.0,MW,NL,NL,actual_solar_generation,Solar | Actual Aggregated,2026-08-26T03:46:52Z
2026-08-26T03:42:24Z,2026-08-26T05:42:24+0200,e96b9d4a-1054-48fe-90c7-5f4aaf55485c,2026-07-30T23:30:00Z,2026-07-31T01:30:00+0200,0.124,MW,NL,NL,actual_solar_generation,Solar | Actual Consumption,2026-08-26T03:46:52Z
2026-08-26T03:42:24Z,2026-08-26T05:42:24+0200,e96b9d4a-1054-48fe-90c7-5f4aaf55485c,2026-07-30T23:45:00Z,2026-07-31T01:45:00+0200,0.0,MW,NL,NL,actual_solar_generation,Solar | Actual Aggregated,2026-08-26T03:46:52Z
2026-08-26T03:42:24Z,2026-08-26T05:42:24+0200,e96b9d4a-1054-48fe-90c7-5f4aaf55485c,2026-07-30T23:45:00Z,2026-07-31T01:45:00+0200,0.128,MW,NL,NL,actual_solar_generation,Solar | Actual Consumption,2026-08-26T03:46:52Z
2026-08-26T03:42:24Z,2026-08-26T05:42:24+0200,e96b9d4a-1054-48fe-90c7-5f4aaf55485c,2026-07-31T00:00:00Z,2026-07-31T02:00:00+0200,0.0,MW,NL,NL,actual_solar_generation,Solar | Actual Aggregated,2026-08-26T03:46:52Z
2026-08-26T03:42:24Z,2026-08-26T05:42:24+0200,e96b9d4a-1054-48fe-90c7-5f4aaf55485c,2026-07-31T00:00:00Z,2026-07-31T02:00:00+0200,0.13,MW,NL,NL,actual_solar_generation,Solar | Actual Consumption,2026-08-26T03:46:52Z
2026-08-26T03:42:24Z,2026-08-26T05:42:24+0200,e96b9d4a-1054-48fe-90c7-5f4aaf55485c,2026-07-31T00:15:00Z,2026-07-31T02:15:00+0200,0.0,MW,NL,NL,actual_solar_generation,Solar | Actual Aggregated,2026-08-26T03:46:52Z
2026-08-26T03:42:24Z,2026-08-26T05:42:24+0200,e96b9d4a-1054-48fe-90c7-5f4aaf55485c,2026-07-31T00:15:00Z,2026-07-31T02:15:00+0200,0.13,MW,NL,NL,actual_solar_generation,Solar | Actual Consumption,2026-08-26T03:46:52Z
2026-08-26T03:42:24Z,2026-08-26T05:42:24+0200,e96b9d4a-1054-48fe-90c7-5f4aaf55485c,2026-07-31T00:30:00Z,2026-07-31T02:30:00+0200,0.0,MW,NL,NL,actual_solar_generation,Solar | Actual Aggregated,2026-08-26T03:46:52Z
2026-08-26T03:42:24Z,2026-08-26T05:42:24+0200,e96b9d4a-1054-48fe-90c7-5f4aaf55485c,2026-07-31T00:30:00Z,2026-07-31T02:30:00+0200,0.119,MW,NL,NL,actual_solar_generation,Solar | Actual Consumption,2026-08-26T03:46:52Z
2026-08-26T03:42:24Z,2026-08-26T05:42:24+0200,e96b9d4a-1054-48fe-90c7-5f4aaf55485c,2026-07-31T00:45:00Z,2026-07-31T02:45:00+0200,0.0,MW,NL,NL,actual_solar_generation,Solar | Actual Aggregated,2026-08-26T03:46:52Z
2026-08-26T03:42:24Z,2026-08-26T05:42:24+0200,e96b9d4a-1054-48fe-90c7-5f4aaf55485c,2026-07-31T00:45:00Z,2026-07-31T02:45:00+0200,0.119,MW,NL,NL,actual_solar_generation,Solar | Actual Consumption,2026-08-26T03:46:52Z
2026-08-26T03:42:24Z,2026-08-26T05:42:24+0200,e96b9d4a-1054-48fe-90c7-5f4aaf55485c,2026-07-31T01:00:00Z,2026-07-31T03:00:00+0200,0.0,MW,NL,NL,actual_solar_generation,Solar | Actual Aggregated,2026-08-26T03:46:52Z
2026-08-26T03:42:24Z,2026-08-26T05:42:24+0200,e96b9d4a-1054-48fe-90c7-5f4aaf55485c,2026-07-31T01:00:00Z,2026-07-31T03:00:00+0200,0.14,MW,NL,NL,actual_solar_generation,Solar | Actual Consumption,2026-08-26T03:46:52Z
2026-08-26T03:42:24Z,2026-08-26T05:42:24+0200,e96b9d4a-1054-48fe-90c7-5f4aaf55485c,2026-07-31T01:15:00Z,2026-07-31T03:15:00+0200,0.0,MW,NL,NL,actual_solar_generation,Solar | Actual Aggregated,2026-08-26T03:46:52Z
2026-08-26T03:42:24Z,2026-08-26T05:42:24+0200,e96b9d4a-1054-48fe-90c7-5f4aaf55485c,2026-07-31T01:15:00Z,2026-07-31T03:15:00+0200,0.117,MW,NL,NL,actual_solar_generation,Solar | Actual Consumption,2026-08-26T03:46:52Z
2026-08-26T03:42:24Z,2026-08-26T05:42:24+0200,e96b9d4a-1054-48fe-90c7-5f4aaf55485c,2026-07-31T01:30:00Z,2026-07-31T03:30:00+0200,0.0,MW,NL,NL,actual_solar_generation,Solar | Actual Aggregated,2026-08-26T03:46:52Z
2026-08-26T03:42:24Z,2026-08-26T05:42:24+0200,e96b9d4a-1054-48fe-90c7-5f4aaf55485c,2026-07-31T01:30:00Z,2026-07-31T03:30:00+0200,0.126,MW,NL,NL,actual_solar_generation,Solar | Actual Consumption,2026-08-26T03:46:52Z
2026-08-26T03:42:24Z,2026-08-26T05:42:24+0200,e96b9d4a-1054-48fe-90c7-5f4aaf55485c,2026-07-31T01:45:00Z,2026-07-31T03:45:00+0200,0.0,MW,NL,NL,actual_solar_generation,Solar | Actual Aggregated,2026-08-26T03:46:52Z
2026-08-26T03:42:24Z,2026-08-26T05:42:24+0200,e96b9d4a-1054-48fe-90c7-5f4aaf55485c,2026-07-31T01:45:00Z,2026-07-31T03:45:00+0200,0.13,MW,NL,NL,actual_solar_generation,Solar | Actual Consumption,2026-08-26T03:46:52Z
2026-08-26T03:42:24Z,2026-08-26T05:42:24+0200,e96b9d4a-1054-48fe-90c7-5f4aaf55485c,2026-07-31T02:00:00Z,2026-07-31T04:00:00+0200,0.0,MW,NL,NL,actual_solar_generation,Solar | Actual Aggregated,2026-08-26T03:46:52Z
2026-08-26T03:42:24Z,2026-08-26T05:42:24+0200,e96b9d4a-1054-48fe-90c7-5f4aaf55485c,2026-07-31T02:00:00Z,2026-07-31T04:00:00+0200,0.13,MW,NL,NL,actual_solar_generation,Solar | Actual Consumption,2026-08-26T03:46:52Z
2026-08-26T03:42:24Z,2026-08-26T05:42:24+0200,e96b9d4a-1054-48fe-90c7-5f4aaf55485c,2026-07-31T02:15:00Z,2026-07-31T04:15:00+0200,0.0,MW,NL,NL,actual_solar_generation,Solar | Actual Aggregated,2026-08-26T03:46:52Z
2026-08-26T03:42:24Z,2026-08-26T05:42:24+0200,e96b9d4a-1054-48fe-90c7-5f4aaf55485c,2026-07-31T02:15:00Z,2026-07-31T04:15:00+0200,0.116,MW,NL,NL,actual_solar_generation,Solar | Actual Consumption,2026-08-26T03:46:52Z
2026-08-26T03:42:24Z,2026-08-26T05:42:24+0200,e96b9d4a-1054-48fe-90c7-5f4aaf55485c,2026-07-31T02:30:00Z,2026-07-31T04:30:00+0200,0.0,MW,NL,NL,actual_solar_generation,Solar | Actual Aggregated,2026-08-26T03:46:52Z
2026-08-26T03:42:24Z,2026-08-26T05:42:24+0200,e96b9d4a-1054-48fe-90c7-5f4aaf55485c,2026-07-31T02:30:00Z,2026-07-31T04:30:00+0200,0.128,MW,NL,NL,actual_solar_generation,Solar | Actual Consumption,2026-08-26T03:46:52Z
2026-08-26T03:42:24Z,2026-08-26T05:42:24+0200,e96b9d4a-1054-48fe-90c7-5f4aaf55485c,2026-07-31T02:45:00Z,2026-07-31T04:45:00+0200,0.0,MW,NL,NL,actual_solar_generation,Solar | Actual Aggregated,2026-08-26T03:46:52Z
2026-08-26T03:42:24Z,2026-08-26T05:42:24+0200,e96b9d4a-1054-48fe-90c7-5f4aaf55485c,2026-07-31T02:45:00Z,2026-07-31T04:45:00+0200,0.128,MW,NL,NL,actual_solar_generation,Solar | Actual Consumption,2026-08-26T03:46:52Z
2026-08-26T03:42:24Z,2026-08-26T05:42:24+0200,e96b9d4a-1054-48fe-90c7-5f4aaf55485c,2026-07-31T03:00:00Z,2026-07-31T05:00:00+0200,0.0,MW,NL,NL,actual_solar_generation,Solar | Actual Aggregated,2026-08-26T03:46:52Z
2026-08-26T03:42:24Z,2026-08-26T05:42:24+0200,e96b9d4a-1054-48fe-90c7-5f4aaf55485c,2026-07-31T03:00:00Z,2026-07-31T05:00:00+0200,0.128,MW,NL,NL,actual_solar_generation,Solar | Actual Consumption,2026-08-26T03:46:52Z
2026-08-26T03:42:24Z,2026-08-26T05:42:24+0200,e96b9d4a-1054-48fe-90c7-5f4aaf55485c,2026-07-31T03:15:00Z,2026-07-31T05:15:00+0200,0.0,MW,NL,NL,actual_solar_generation,Solar | Actual Aggregated,2026-08-26T03:46:52Z
2026-08-26T03:42:24Z,2026-08-26T05:42:24+0200,e96b9d4a-1054-48fe-90c7-5f4aaf55485c,2026-07-31T03:15:00Z,2026-07-31T05:15:00+0200,0.128,MW,NL,NL,actual_solar_generation,Solar | Actual Consumption,2026-08-26T03:46:52Z
2026-08-26T03:42:24Z,2026-08-26T05:42:24+0200,e96b9d4a-1054-48fe-90c7-5f4aaf55485c,2026-07-31T03:30:00Z,2026-07-31T05:30:00+0200,0.0,MW,NL,NL,actual_solar_generation,Solar | Actual Aggregated,2026-08-26T03:46:52Z
2026-08-26T03:42:24Z,2026-08-26T05:42:24+0200,e96b9d4a-1054-48fe-90c7-5f4aaf55485c,2026-07-31T03:30:00Z,2026-07-31T05:30:00+0200,0.126,MW,NL,NL,actual_solar_generation,Solar | Actual Consumption,2026-08-26T03:46:52Z
2026-08-26T03:42:24Z,2026-08-26T05:42:24+0200,e96b9d4a-1054-48fe-90c7-5f4aaf55485c,2026-07-31T03:45:00Z,2026-07-31T05:45:00+0200,0.0,MW,NL,NL,actual_solar_generation,Solar | Actual Aggregated,2026-08-26T03:46:52Z
2026-08-26T03:42:24Z,2026-08-26T05:42:24+0200,e96b9d4a-1054-48fe-90c7-5f4aaf55485c,2026-07-31T03:45:00Z,2026-07-31T05:45:00+0200,0.121,MW,NL,NL,actual_solar_generation,Solar | Actual Consumption,2026-08-26T03:46:52Z
2026-08-26T03:42:24Z,2026-08-26T05:42:24+0200,e96b9d4a-1054-48fe-90c7-5f4aaf55485c,2026-07-31T04:00:00Z,2026-07-31T06:00:00+0200,3.796,MW,NL,NL,actual_solar_generation,Solar | Actual Aggregated,2026-08-26T03:46:52Z
2026-08-26T03:42:24Z,2026-08-26T05:42:24+0200,e96b9d4a-1054-48fe-90c7-5f4aaf55485c,2026-07-31T04:00:00Z,2026-07-31T06:00:00+0200,0.0,MW,NL,NL,actual_solar_generation,Solar | Actual Consumption,2026-08-26T03:46:52Z
2026-08-26T03:42:24Z,2026-08-26T05:42:24+0200,e96b9d4a-1054-48fe-90c7-5f4aaf55485c,2026-07-31T04:15:00Z,2026-07-31T06:15:00+0200,6.185,MW,NL,NL,actual_solar_generation,Solar | Actual Aggregated,2026-08-26T03:46:52Z
2026-08-26T03:42:24Z,2026-08-26T05:42:24+0200,e96b9d4a-1054-48fe-90c7-5f4aaf55485c,2026-07-31T04:15:00Z,2026-07-31T06:15:00+0200,0.0,MW,NL,NL,actual_solar_generation,Solar | Actual Consumption,2026-08-26T03:46:52Z
2026-08-26T03:42:24Z,2026-08-26T05:42:24+0200,e96b9d4a-1054-48fe-90c7-5f4aaf55485c,2026-07-31T04:30:00Z,2026-07-31T06:30:00+0200,11.093,MW,NL,NL,actual_solar_generation,Solar | Actual Aggregated,2026-08-26T03:46:52Z
2026-08-26T03:42:24Z,2026-08-26T05:42:24+0200,e96b9d4a-1054-48fe-90c7-5f4aaf55485c,2026-07-31T04:30:00Z,2026-07-31T06:30:00+0200,0.0,MW,NL,NL,actual_solar_generation,Solar | Actual Consumption,2026-08-26T03:46:52Z
2026-08-26T03:42:24Z,2026-08-26T05:42:24+0200,e96b9d4a-1054-48fe-90c7-5f4aaf55485c,2026-07-31T04:45:00Z,2026-07-31T06:45:00+0200,12.99,MW,NL,NL,actual_solar_generation,Solar | Actual Aggregated,2026-08-26T03:46:52Z
2026-08-26T03:42:24Z,2026-08-26T05:42:24+0200,e96b9d4a-1054-48fe-90c7-5f4aaf55485c,2026-07-31T04:45:00Z,2026-07-31T06:45:00+0200,0.0,MW,NL,NL,actual_solar_generation,Solar | Actual Consumption,2026-08-26T03:46:52Z
2026-08-26T03:42:24Z,2026-08-26T05:42:24+0200,e96b9d4a-1054-48fe-90c7-5f4aaf55485c,2026-07-31T05:00:00Z,2026-07-31T07:00:00+0200,18.589,MW,NL,NL,actual_solar_generation,Solar | Actual Aggregated,2026-08-26T03:46:52Z
2026-08-26T03:42:24Z,2026-08-26T05:42:24+0200,e96b9d4a-1054-48fe-90c7-5f4aaf55485c,2026-07-31T05:00:00Z,2026-07-31T07:00:00+0200,0.0,MW,NL,NL,actual_solar_generation,Solar | Actual Consumption,2026-08-26T03:46:52Z
2026-08-26T03:42:24Z,2026-08-26T05:42:24+0200,e96b9d4a-1054-48fe-90c7-5f4aaf55485c,2026-07-31T05:15:00Z,2026-07-31T07:15:00+0200,22.775,MW,NL,NL,actual_solar_generation,Solar | Actual Aggregated,2026-08-26T03:46:52Z
2026-08-26T03:42:24Z,2026-08-26T05:42:24+0200,e96b9d4a-1054-48fe-90c7-5f4aaf55485c,2026-07-31T05:15:00Z,2026-07-31T07:15:00+0200,0.0,MW,NL,NL,actual_solar_generation,Solar | Actual Consumption,2026-08-26T03:46:52Z
2026-08-26T03:42:24Z,2026-08-26T05:42:24+0200,e96b9d4a-1054-48fe-90c7-5f4aaf55485c,2026-07-31T05:30:00Z,2026-07-31T07:30:00+0200,30.782,MW,NL,NL,actual_solar_generation,Solar | Actual Aggregated,2026-08-26T03:46:52Z
2026-08-26T03:42:24Z,2026-08-26T05:42:24+0200,e96b9d4a-1054-48fe-90c7-5f4aaf55485c,2026-07-31T05:30:00Z,2026-07-31T07:30:00+0200,0.0,MW,NL,NL,actual_solar_generation,Solar | Actual Consumption,2026-08-26T03:46:52Z
2026-08-26T03:42:24Z,2026-08-26T05:42:24+0200,e96b9d4a-1054-48fe-90c7-5f4aaf55485c,2026-07-31T05:45:00Z,2026-07-31T07:45:00+0200,37.034,MW,NL,NL,actual_solar_generation,Solar | Actual Aggregated,2026-08-26T03:46:52Z
2026-08-26T03:42:24Z,2026-08-26T05:42:24+0200,e96b9d4a-1054-48fe-90c7-5f4aaf55485c,2026-07-31T05:45:00Z,2026-07-31T07:45:00+0200,0.0,MW,NL,NL,actual_solar_generation,Solar | Actual Consumption,2026-08-26T03:46:52Z
2026-08-26T03:42:24Z,2026-08-26T05:42:24+0200,e96b9d4a-1054-48fe-90c7-5f4aaf55485c,2026-07-31T06:00:00Z,2026-07-31T08:00:00+0200,42.019,MW,NL,NL,actual_solar_generation,Solar | Actual Aggregated,2026-08-26T03:46:52Z
2026-08-26T03:42:24Z,2026-08-26T05:42:24+0200,e96b9d4a-1054-48fe-90c7-5f4aaf55485c,2026-07-31T06:00:00Z,2026-07-31T08:00:00+0200,0.0,MW,NL,NL,actual_solar_generation,Solar | Actual Consumption,2026-08-26T03:46:52Z
2026-08-26T03:42:24Z,2026-08-26T05:42:24+0200,e96b9d4a-1054-48fe-90c7-5f4aaf55485c,2026-07-31T06:15:00Z,2026-07-31T08:15:00+0200,48.256,MW,NL,NL,actual_solar_generation,Solar | Actual Aggregated,2026-08-26T03:46:52Z
2026-08-26T03:42:24Z,2026-08-26T05:42:24+0200,e96b9d4a-1054-48fe-90c7-5f4aaf55485c,2026-07-31T06:15:00Z,2026-07-31T08:15:00+0200,0.0,MW,NL,NL,actual_solar_generation,Solar | Actual Consumption,2026-08-26T03:46:52Z
2026-08-26T03:42:24Z,2026-08-26T05:42:24+0200,e96b9d4a-1054-48fe-90c7-5f4aaf55485c,2026-07-31T06:30:00Z,2026-07-31T08:30:00+0200,51.799,MW,NL,NL,actual_solar_generation,Solar | Actual Aggregated,2026-08-26T03:46:52Z
2026-08-26T03:42:24Z,2026-08-26T05:42:24+0200,e96b9d4a-1054-48fe-90c7-5f4aaf55485c,2026-07-31T06:30:00Z,2026-07-31T08:30:00+0200,0.0,MW,NL,NL,actual_solar_generation,Solar | Actual Consumption,2026-08-26T03:46:52Z
2026-08-26T03:42:24Z,2026-08-26T05:42:24+0200,e96b9d4a-1054-48fe-90c7-5f4aaf55485c,2026-07-31T06:45:00Z,2026-07-31T08:45:00+0200,61.155,MW,NL,NL,actual_solar_generation,Solar | Actual Aggregated,2026-08-26T03:46:52Z
2026-08-26T03:42:24Z,2026-08-26T05:42:24+0200,e96b9d4a-1054-48fe-90c7-5f4aaf55485c,2026-07-31T06:45:00Z,2026-07-31T08:45:00+0200,0.0,MW,NL,NL,actual_solar_generation,Solar | Actual Consumption,2026-08-26T03:46:52Z
2026-08-26T03:42:24Z,2026-08-26T05:42:24+0200,e96b9d4a-1054-48fe-90c7-5f4aaf55485c,2026-07-31T07:00:00Z,2026-07-31T09:00:00+0200,64.922,MW,NL,NL,actual_solar_generation,Solar | Actual Aggregated,2026-08-26T03:46:52Z
2026-08-26T03:42:24Z,2026-08-26T05:42:24+0200,e96b9d4a-1054-48fe-90c7-5f4aaf55485c,2026-07-31T07:00:00Z,2026-07-31T09:00:00+0200,0.0,MW,NL,NL,actual_solar_generation,Solar | Actual Consumption,2026-08-26T03:46:52Z
2026-08-26T03:42:24Z,2026-08-26T05:42:24+0200,e96b9d4a-1054-48fe-90c7-5f4aaf55485c,2026-07-31T07:15:00Z,2026-07-31T09:15:00+0200,70.482,MW,NL,NL,actual_solar_generation,Solar | Actual Aggregated,2026-08-26T03:46:52Z
2026-08-26T03:42:24Z,2026-08-26T05:42:24+0200,e96b9d4a-1054-48fe-90c7-5f4aaf55485c,2026-07-31T07:15:00Z,2026-07-31T09:15:00+0200,0.0,MW,NL,NL,actual_solar_generation,Solar | Actual Consumption,2026-08-26T03:46:52Z
2026-08-26T03:42:24Z,2026-08-26T05:42:24+0200,e96b9d4a-1054-48fe-90c7-5f4aaf55485c,2026-07-31T07:30:00Z,2026-07-31T09:30:00+0200,86.393,MW,NL,NL,actual_solar_generation,Solar | Actual Aggregated,2026-08-26T03:46:52Z
2026-08-26T03:42:24Z,2026-08-26T05:42:24+0200,e96b9d4a-1054-48fe-90c7-5f4aaf55485c,2026-07-31T07:30:00Z,2026-07-31T09:30:00+0200,0.0,MW,NL,NL,actual_solar_generation,Solar | Actual Consumption,2026-08-26T03:46:52Z
2026-08-26T03:42:24Z,2026-08-26T05:42:24+0200,e96b9d4a-1054-48fe-90c7-5f4aaf55485c,2026-07-31T07:45:00Z,2026-07-31T09:45:00+0200,112.651,MW,NL,NL,actual_solar_generation,Solar | Actual Aggregated,2026-08-26T03:46:52Z
2026-08-26T03:42:24Z,2026-08-26T05:42:24+0200,e96b9d4a-1054-48fe-90c7-5f4aaf55485c,2026-07-31T07:45:00Z,2026-07-31T09:45:00+0200,0.0,MW,NL,NL,actual_solar_generation,Solar | Actual Consumption,2026-08-26T03:46:52Z
2026-08-26T03:42:24Z,2026-08-26T05:42:24+0200,e96b9d4a-1054-48fe-90c7-5f4aaf55485c,2026-07-31T08:00:00Z,2026-07-31T10:00:00+0200,126.197,MW,NL,NL,actual_solar_generation,Solar | Actual Aggregated,2026-08-26T03:46:52Z
2026-08-26T03:42:24Z,2026-08-26T05:42:24+0200,e96b9d4a-1054-48fe-90c7-5f4aaf55485c,2026-07-31T08:00:00Z,2026-07-31T10:00:00+0200,0.0,MW,NL,NL,actual_solar_generation,Solar | Actual Consumption,2026-08-26T03:46:52Z
2026-08-26T03:42:24Z,2026-08-26T05:42:24+0200,e96b9d4a-1054-48fe-90c7-5f4aaf55485c,2026-07-31T08:15:00Z,2026-07-31T10:15:00+0200,141.84,MW,NL,NL,actual_solar_generation,Solar | Actual Aggregated,2026-08-26T03:46:52Z
2026-08-26T03:42:24Z,2026-08-26T05:42:24+0200,e96b9d4a-1054-48fe-90c7-5f4aaf55485c,2026-07-31T08:15:00Z,2026-07-31T10:15:00+0200,0.0,MW,NL,NL,actual_solar_generation,Solar | Actual Consumption,2026-08-26T03:46:52Z
2026-08-26T03:42:24Z,2026-08-26T05:42:24+0200,e96b9d4a-1054-48fe-90c7-5f4aaf55485c,2026-07-31T08:30:00Z,2026-07-31T10:30:00+0200,124.527,MW,NL,NL,actual_solar_generation,Solar | Actual Aggregated,2026-08-26T03:46:52Z
2026-08-26T03:42:24Z,2026-08-26T05:42:24+0200,e96b9d4a-1054-48fe-90c7-5f4aaf55485c,2026-07-31T08:30:00Z,2026-07-31T10:30:00+0200,0.0,MW,NL,NL,actual_solar_generation,Solar | Actual Consumption,2026-08-26T03:46:52Z
2026-08-26T03:42:24Z,2026-08-26T05:42:24+0200,e96b9d4a-1054-48fe-90c7-5f4aaf55485c,2026-07-31T08:45:00Z,2026-07-31T10:45:00+0200,150.446,MW,NL,NL,actual_solar_generation,Solar | Actual Aggregated,2026-08-26T03:46:52Z
2026-08-26T03:42:24Z,2026-08-26T05:42:24+0200,e96b9d4a-1054-48fe-90c7-5f4aaf55485c,2026-07-31T08:45:00Z,2026-07-31T10:45:00+0200,0.0,MW,NL,NL,actual_solar_generation,Solar | Actual Consumption,2026-08-26T03:46:52Z
2026-08-26T03:42:24Z,2026-08-26T05:42:24+0200,e96b9d4a-1054-48fe-90c7-5f4aaf55485c,2026-07-31T09:00:00Z,2026-07-31T11:00:00+0200,148.26,MW,NL,NL,actual_solar_generation,Solar | Actual Aggregated,2026-08-26T03:46:52Z
2026-08-26T03:42:24Z,2026-08-26T05:42:24+0200,e96b9d4a-1054-48fe-90c7-5f4aaf55485c,2026-07-31T09:00:00Z,2026-07-31T11:00:00+0200,0.0,MW,NL,NL,actual_solar_generation,Solar | Actual Consumption,2026-08-26T03:46:52Z
2026-08-26T03:42:24Z,2026-08-26T05:42:24+0200,e96b9d4a-1054-48fe-90c7-5f4aaf55485c,2026-07-31T09:15:00Z,2026-07-31T11:15:00+0200,137.897,MW,NL,NL,actual_solar_generation,Solar | Actual Aggregated,2026-08-26T03:46:52Z
2026-08-26T03:42:24Z,2026-08-26T05:42:24+0200,e96b9d4a-1054-48fe-90c7-5f4aaf55485c,2026-07-31T09:15:00Z,2026-07-31T11:15:00+0200,0.0,MW,NL,NL,actual_solar_generation,Solar | Actual Consumption,2026-08-26T03:46:52Z
2026-08-26T03:42:24Z,2026-08-26T05:42:24+0200,e96b9d4a-1054-48fe-90c7-5f4aaf55485c,2026-07-31T09:30:00Z,2026-07-31T11:30:00+0200,105.012,MW,NL,NL,actual_solar_generation,Solar | Actual Aggregated,2026-08-26T03:46:52Z
2026-08-26T03:42:24Z,2026-08-26T05:42:24+0200,e96b9d4a-1054-48fe-90c7-5f4aaf55485c,2026-07-31T09:30:00Z,2026-07-31T11:30:00+0200,0.0,MW,NL,NL,actual_solar_generation,Solar | Actual Consumption,2026-08-26T03:46:52Z
2026-08-26T03:42:24Z,2026-08-26T05:42:24+0200,e96b9d4a-1054-48fe-90c7-5f4aaf55485c,2026-07-31T09:45:00Z,2026-07-31T11:45:00+0200,83.624,MW,NL,NL,actual_solar_generation,Solar | Actual Aggregated,2026-08-26T03:46:52Z
2026-08-26T03:42:24Z,2026-08-26T05:42:24+0200,e96b9d4a-1054-48fe-90c7-5f4aaf55485c,2026-07-31T09:45:00Z,2026-07-31T11:45:00+0200,0.0,MW,NL,NL,actual_solar_generation,Solar | Actual Consumption,2026-08-26T03:46:52Z
2026-08-26T03:42:24Z,2026-08-26T05:42:24+0200,e96b9d4a-1054-48fe-90c7-5f4aaf55485c,2026-07-31T10:00:00Z,2026-07-31T12:00:00+0200,77.057,MW,NL,NL,actual_solar_generation,Solar | Actual Aggregated,2026-08-26T03:46:52Z
2026-08-26T03:42:24Z,2026-08-26T05:42:24+0200,e96b9d4a-1054-48fe-90c7-5f4aaf55485c,2026-07-31T10:00:00Z,2026-07-31T12:00:00+0200,0.0,MW,NL,NL,actual_solar_generation,Solar | Actual Consumption,2026-08-26T03:46:52Z
2026-08-26T03:42:24Z,2026-08-26T05:42:24+0200,e96b9d4a-1054-48fe-90c7-5f4aaf55485c,2026-07-31T10:15:00Z,2026-07-31T12:15:00+0200,55.921,MW,NL,NL,actual_solar_generation,Solar | Actual Aggregated,2026-08-26T03:46:52Z
2026-08-26T03:42:24Z,2026-08-26T05:42:24+0200,e96b9d4a-1054-48fe-90c7-5f4aaf55485c,2026-07-31T10:15:00Z,2026-07-31T12:15:00+0200,0.0,MW,NL,NL,actual_solar_generation,Solar | Actual Consumption,2026-08-26T03:46:52Z
2026-08-26T03:42:24Z,2026-08-26T05:42:24+0200,e96b9d4a-1054-48fe-90c7-5f4aaf55485c,2026-07-31T10:30:00Z,2026-07-31T12:30:00+0200,99.967,MW,NL,NL,actual_solar_generation,Solar | Actual Aggregated,2026-08-26T03:46:52Z
2026-08-26T03:42:24Z,2026-08-26T05:42:24+0200,e96b9d4a-1054-48fe-90c7-5f4aaf55485c,2026-07-31T10:30:00Z,2026-07-31T12:30:00+0200,0.0,MW,NL,NL,actual_solar_generation,Solar | Actual Consumption,2026-08-26T03:46:52Z
2026-08-26T03:42:24Z,2026-08-26T05:42:24+0200,e96b9d4a-1054-48fe-90c7-5f4aaf55485c,2026-07-31T10:45:00Z,2026-07-31T12:45:00+0200,144.637,MW,NL,NL,actual_solar_generation,Solar | Actual Aggregated,2026-08-26T03:46:52Z
2026-08-26T03:42:24Z,2026-08-26T05:42:24+0200,e96b9d4a-1054-48fe-90c7-5f4aaf55485c,2026-07-31T10:45:00Z,2026-07-31T12:45:00+0200,0.0,MW,NL,NL,actual_solar_generation,Solar | Actual Consumption,2026-08-26T03:46:52Z
2026-08-26T03:42:24Z,2026-08-26T05:42:24+0200,e96b9d4a-1054-48fe-90c7-5f4aaf55485c,2026-07-31T11:00:00Z,2026-07-31T13:00:00+0200,146.018,MW,NL,NL,actual_solar_generation,Solar | Actual Aggregated,2026-08-26T03:46:52Z
2026-08-26T03:42:24Z,2026-08-26T05:42:24+0200,e96b9d4a-1054-48fe-90c7-5f4aaf55485c,2026-07-31T11:00:00Z,2026-07-31T13:00:00+0200,0.0,MW,NL,NL,actual_solar_generation,Solar | Actual Consumption,2026-08-26T03:46:52Z
2026-08-26T03:42:24Z,2026-08-26T05:42:24+0200,e96b9d4a-1054-48fe-90c7-5f4aaf55485c,2026-07-31T11:15:00Z,2026-07-31T13:15:00+0200,128.106,MW,NL,NL,actual_solar_generation,Solar | Actual Aggregated,2026-08-26T03:46:52Z
2026-08-26T03:42:24Z,2026-08-26T05:42:24+0200,e96b9d4a-1054-48fe-90c7-5f4aaf55485c,2026-07-31T11:15:00Z,2026-07-31T13:15:00+0200,0.0,MW,NL,NL,actual_solar_generation,Solar | Actual Consumption,2026-08-26T03:46:52Z
2026-08-26T03:42:24Z,2026-08-26T05:42:24+0200,e96b9d4a-1054-48fe-90c7-5f4aaf55485c,2026-07-31T11:30:00Z,2026-07-31T13:30:00+0200,153.015,MW,NL,NL,actual_solar_generation,Solar | Actual Aggregated,2026-08-26T03:46:52Z
2026-08-26T03:42:24Z,2026-08-26T05:42:24+0200,e96b9d4a-1054-48fe-90c7-5f4aaf55485c,2026-07-31T11:30:00Z,2026-07-31T13:30:00+0200,0.0,MW,NL,NL,actual_solar_generation,Solar | Actual Consumption,2026-08-26T03:46:52Z
2026-08-26T03:42:24Z,2026-08-26T05:42:24+0200,e96b9d4a-1054-48fe-90c7-5f4aaf55485c,2026-07-31T11:45:00Z,2026-07-31T13:45:00+0200,170.845,MW,NL,NL,actual_solar_generation,Solar | Actual Aggregated,2026-08-26T03:46:52Z
2026-08-26T03:42:24Z,2026-08-26T05:42:24+0200,e96b9d4a-1054-48fe-90c7-5f4aaf55485c,2026-07-31T11:45:00Z,2026-07-31T13:45:00+0200,0.0,MW,NL,NL,actual_solar_generation,Solar | Actual Consumption,2026-08-26T03:46:52Z
2026-08-26T03:42:24Z,2026-08-26T05:42:24+0200,e96b9d4a-1054-48fe-90c7-5f4aaf55485c,2026-07-31T12:00:00Z,2026-07-31T14:00:00+0200,149.475,MW,NL,NL,actual_solar_generation,Solar | Actual Aggregated,2026-08-26T03:46:52Z
2026-08-26T03:42:24Z,2026-08-26T05:42:24+0200,e96b9d4a-1054-48fe-90c7-5f4aaf55485c,2026-07-31T12:00:00Z,2026-07-31T14:00:00+0200,0.0,MW,NL,NL,actual_solar_generation,Solar | Actual Consumption,2026-08-26T03:46:52Z
2026-08-26T03:42:24Z,2026-08-26T05:42:24+0200,e96b9d4a-1054-48fe-90c7-5f4aaf55485c,2026-07-31T12:15:00Z,2026-07-31T14:15:00+0200,128.737,MW,NL,NL,actual_solar_generation,Solar | Actual Aggregated,2026-08-26T03:46:52Z
2026-08-26T03:42:24Z,2026-08-26T05:42:24+0200,e96b9d4a-1054-48fe-90c7-5f4aaf55485c,2026-07-31T12:15:00Z,2026-07-31T14:15:00+0200,0.0,MW,NL,NL,actual_solar_generation,Solar | Actual Consumption,2026-08-26T03:46:52Z
2026-08-26T03:42:24Z,2026-08-26T05:42:24+0200,e96b9d4a-1054-48fe-90c7-5f4aaf55485c,2026-07-31T12:30:00Z,2026-07-31T14:30:00+0200,128.425,MW,NL,NL,actual_solar_generation,Solar | Actual Aggregated,2026-08-26T03:46:52Z
2026-08-26T03:42:24Z,2026-08-26T05:42:24+0200,e96b9d4a-1054-48fe-90c7-5f4aaf55485c,2026-07-31T12:30:00Z,2026-07-31T14:30:00+0200,0.0,MW,NL,NL,actual_solar_generation,Solar | Actual Consumption,2026-08-26T03:46:52Z
2026-08-26T03:42:24Z,2026-08-26T05:42:24+0200,e96b9d4a-1054-48fe-90c7-5f4aaf55485c,2026-07-31T12:45:00Z,2026-07-31T14:45:00+0200,138.264,MW,NL,NL,actual_solar_generation,Solar | Actual Aggregated,2026-08-26T03:46:52Z
2026-08-26T03:42:24Z,2026-08-26T05:42:24+0200,e96b9d4a-1054-48fe-90c7-5f4aaf55485c,2026-07-31T12:45:00Z,2026-07-31T14:45:00+0200,0.0,MW,NL,NL,actual_solar_generation,Solar | Actual Consumption,2026-08-26T03:46:52Z
2026-08-26T03:42:24Z,2026-08-26T05:42:24+0200,e96b9d4a-1054-48fe-90c7-5f4aaf55485c,2026-07-31T13:00:00Z,2026-07-31T15:00:00+0200,145.764,MW,NL,NL,actual_solar_generation,Solar | Actual Aggregated,2026-08-26T03:46:52Z
2026-08-26T03:42:24Z,2026-08-26T05:42:24+0200,e96b9d4a-1054-48fe-90c7-5f4aaf55485c,2026-07-31T13:00:00Z,2026-07-31T15:00:00+0200,0.0,MW,NL,NL,actual_solar_generation,Solar | Actual Consumption,2026-08-26T03:46:52Z
2026-08-26T03:42:24Z,2026-08-26T05:42:24+0200,e96b9d4a-1054-48fe-90c7-5f4aaf55485c,2026-07-31T13:15:00Z,2026-07-31T15:15:00+0200,156.883,MW,NL,NL,actual_solar_generation,Solar | Actual Aggregated,2026-08-26T03:46:52Z
2026-08-26T03:42:24Z,2026-08-26T05:42:24+0200,e96b9d4a-1054-48fe-90c7-5f4aaf55485c,2026-07-31T13:15:00Z,2026-07-31T15:15:00+0200,0.0,MW,NL,NL,actual_solar_generation,Solar | Actual Consumption,2026-08-26T03:46:52Z
2026-08-26T03:42:24Z,2026-08-26T05:42:24+0200,e96b9d4a-1054-48fe-90c7-5f4aaf55485c,2026-07-31T13:30:00Z,2026-07-31T15:30:00+0200,157.065,MW,NL,NL,actual_solar_generation,Solar | Actual Aggregated,2026-08-26T03:46:52Z
2026-08-26T03:42:24Z,2026-08-26T05:42:24+0200,e96b9d4a-1054-48fe-90c7-5f4aaf55485c,2026-07-31T13:30:00Z,2026-07-31T15:30:00+0200,0.0,MW,NL,NL,actual_solar_generation,Solar | Actual Consumption,2026-08-26T03:46:52Z
2026-08-26T03:42:24Z,2026-08-26T05:42:24+0200,e96b9d4a-1054-48fe-90c7-5f4aaf55485c,2026-07-31T13:45:00Z,2026-07-31T15:45:00+0200,151.774,MW,NL,NL,actual_solar_generation,Solar | Actual Aggregated,2026-08-26T03:46:52Z
2026-08-26T03:42:24Z,2026-08-26T05:42:24+0200,e96b9d4a-1054-48fe-90c7-5f4aaf55485c,2026-07-31T13:45:00Z,2026-07-31T15:45:00+0200,0.0,MW,NL,NL,actual_solar_generation,Solar | Actual Consumption,2026-08-26T03:46:52Z
2026-08-26T03:42:24Z,2026-08-26T05:42:24+0200,e96b9d4a-1054-48fe-90c7-5f4aaf55485c,2026-07-31T14:00:00Z,2026-07-31T16:00:00+0200,150.945,MW,NL,NL,actual_solar_generation,Solar | Actual Aggregated,2026-08-26T03:46:52Z
2026-08-26T03:42:24Z,2026-08-26T05:42:24+0200,e96b9d4a-1054-48fe-90c7-5f4aaf55485c,2026-07-31T14:00:00Z,2026-07-31T16:00:00+0200,0.0,MW,NL,NL,actual_solar_generation,Solar | Actual Consumption,2026-08-26T03:46:52Z
2026-08-26T03:42:24Z,2026-08-26T05:42:24+0200,e96b9d4a-1054-48fe-90c7-5f4aaf55485c,2026-07-31T14:15:00Z,2026-07-31T16:15:00+0200,166.628,MW,NL,NL,actual_solar_generation,Solar | Actual Aggregated,2026-08-26T03:46:52Z
2026-08-26T03:42:24Z,2026-08-26T05:42:24+0200,e96b9d4a-1054-48fe-90c7-5f4aaf55485c,2026-07-31T14:15:00Z,2026-07-31T16:15:00+0200,0.0,MW,NL,NL,actual_solar_generation,Solar | Actual Consumption,2026-08-26T03:46:52Z
2026-08-26T03:42:24Z,2026-08-26T05:42:24+0200,e96b9d4a-1054-48fe-90c7-5f4aaf55485c,2026-07-31T14:30:00Z,2026-07-31T16:30:00+0200,148.06,MW,NL,NL,actual_solar_generation,Solar | Actual Aggregated,2026-08-26T03:46:52Z
2026-08-26T03:42:24Z,2026-08-26T05:42:24+0200,e96b9d4a-1054-48fe-90c7-5f4aaf55485c,2026-07-31T14:30:00Z,2026-07-31T16:30:00+0200,0.0,MW,NL,NL,actual_solar_generation,Solar | Actual Consumption,2026-08-26T03:46:52Z
2026-08-26T03:42:24Z,2026-08-26T05:42:24+0200,e96b9d4a-1054-48fe-90c7-5f4aaf55485c,2026-07-31T14:45:00Z,2026-07-31T16:45:00+0200,147.972,MW,NL,NL,actual_solar_generation,Solar | Actual Aggregated,2026-08-26T03:46:52Z
2026-08-26T03:42:24Z,2026-08-26T05:42:24+0200,e96b9d4a-1054-48fe-90c7-5f4aaf55485c,2026-07-31T14:45:00Z,2026-07-31T16:45:00+0200,0.0,MW,NL,NL,actual_solar_generation,Solar | Actual Consumption,2026-08-26T03:46:52Z
2026-08-26T03:42:24Z,2026-08-26T05:42:24+0200,e96b9d4a-1054-48fe-90c7-5f4aaf55485c,2026-07-31T15:00:00Z,2026-07-31T17:00:00+0200,139.312,MW,NL,NL,actual_solar_generation,Solar | Actual Aggregated,2026-08-26T03:46:52Z
2026-08-26T03:42:24Z,2026-08-26T05:42:24+0200,e96b9d4a-1054-48fe-90c7-5f4aaf55485c,2026-07-31T15:00:00Z,2026-07-31T17:00:00+0200,0.0,MW,NL,NL,actual_solar_generation,Solar | Actual Consumption,2026-08-26T03:46:52Z
2026-08-26T03:42:24Z,2026-08-26T05:42:24+0200,e96b9d4a-1054-48fe-90c7-5f4aaf55485c,2026-07-31T15:15:00Z,2026-07-31T17:15:00+0200,117.003,MW,NL,NL,actual_solar_generation,Solar | Actual Aggregated,2026-08-26T03:46:52Z
2026-08-26T03:42:24Z,2026-08-26T05:42:24+0200,e96b9d4a-1054-48fe-90c7-5f4aaf55485c,2026-07-31T15:15:00Z,2026-07-31T17:15:00+0200,0.0,MW,NL,NL,actual_solar_generation,Solar | Actual Consumption,2026-08-26T03:46:52Z
2026-08-26T03:42:24Z,2026-08-26T05:42:24+0200,e96b9d4a-1054-48fe-90c7-5f4aaf55485c,2026-07-31T15:30:00Z,2026-07-31T17:30:00+0200,119.042,MW,NL,NL,actual_solar_generation,Solar | Actual Aggregated,2026-08-26T03:46:52Z
2026-08-26T03:42:24Z,2026-08-26T05:42:24+0200,e96b9d4a-1054-48fe-90c7-5f4aaf55485c,2026-07-31T15:30:00Z,2026-07-31T17:30:00+0200,0.0,MW,NL,NL,actual_solar_generation,Solar | Actual Consumption,2026-08-26T03:46:52Z
2026-08-26T03:42:24Z,2026-08-26T05:42:24+0200,e96b9d4a-1054-48fe-90c7-5f4aaf55485c,2026-07-31T15:45:00Z,2026-07-31T17:45:00+0200,127.853,MW,NL,NL,actual_solar_generation,Solar | Actual Aggregated,2026-08-26T03:46:52Z
2026-08-26T03:42:24Z,2026-08-26T05:42:24+0200,e96b9d4a-1054-48fe-90c7-5f4aaf55485c,2026-07-31T15:45:00Z,2026-07-31T17:45:00+0200,0.0,MW,NL,NL,actual_solar_generation,Solar | Actual Consumption,2026-08-26T03:46:52Z
2026-08-26T03:42:24Z,2026-08-26T05:42:24+0200,e96b9d4a-1054-48fe-90c7-5f4aaf55485c,2026-07-31T16:00:00Z,2026-07-31T18:00:00+0200,112.277,MW,NL,NL,actual_solar_generation,Solar | Actual Aggregated,2026-08-26T03:46:52Z
2026-08-26T03:42:24Z,2026-08-26T05:42:24+0200,e96b9d4a-1054-48fe-90c7-5f4aaf55485c,2026-07-31T16:00:00Z,2026-07-31T18:00:00+0200,0.0,MW,NL,NL,actual_solar_generation,Solar | Actual Consumption,2026-08-26T03:46:52Z
2026-08-26T03:42:24Z,2026-08-26T05:42:24+0200,e96b9d4a-1054-48fe-90c7-5f4aaf55485c,2026-07-31T16:15:00Z,2026-07-31T18:15:00+0200,120.5,MW,NL,NL,actual_solar_generation,Solar | Actual Aggregated,2026-08-26T03:46:52Z
2026-08-26T03:42:24Z,2026-08-26T05:42:24+0200,e96b9d4a-1054-48fe-90c7-5f4aaf55485c,2026-07-31T16:15:00Z,2026-07-31T18:15:00+0200,0.0,MW,NL,NL,actual_solar_generation,Solar | Actual Consumption,2026-08-26T03:46:52Z
2026-08-26T03:42:24Z,2026-08-26T05:42:24+0200,e96b9d4a-1054-48fe-90c7-5f4aaf55485c,2026-07-31T16:30:00Z,2026-07-31T18:30:00+0200,101.338,MW,NL,NL,actual_solar_generation,Solar | Actual Aggregated,2026-08-26T03:46:52Z
2026-08-26T03:42:24Z,2026-08-26T05:42:24+0200,e96b9d4a-1054-48fe-90c7-5f4aaf55485c,2026-07-31T16:30:00Z,2026-07-31T18:30:00+0200,0.0,MW,NL,NL,actual_solar_generation,Solar | Actual Consumption,2026-08-26T03:46:52Z
2026-08-26T03:42:24Z,2026-08-26T05:42:24+0200,e96b9d4a-1054-48fe-90c7-5f4aaf55485c,2026-07-31T16:45:00Z,2026-07-31T18:45:00+0200,81.839,MW,NL,NL,actual_solar_generation,Solar | Actual Aggregated,2026-08-26T03:46:52Z
2026-08-26T03:42:24Z,2026-08-26T05:42:24+0200,e96b9d4a-1054-48fe-90c7-5f4aaf55485c,2026-07-31T16:45:00Z,2026-07-31T18:45:00+0200,0.0,MW,NL,NL,actual_solar_generation,Solar | Actual Consumption,2026-08-26T03:46:52Z
2026-08-26T03:42:24Z,2026-08-26T05:42:24+0200,e96b9d4a-1054-48fe-90c7-5f4aaf55485c,2026-07-31T17:00:00Z,2026-07-31T19:00:00+0200,71.088,MW,NL,NL,actual_solar_generation,Solar | Actual Aggregated,2026-08-26T03:46:52Z
2026-08-26T03:42:24Z,2026-08-26T05:42:24+0200,e96b9d4a-1054-48fe-90c7-5f4aaf55485c,2026-07-31T17:00:00Z,2026-07-31T19:00:00+0200,0.0,MW,NL,NL,actual_solar_generation,Solar | Actual Consumption,2026-08-26T03:46:52Z
2026-08-26T03:42:24Z,2026-08-26T05:42:24+0200,e96b9d4a-1054-48fe-90c7-5f4aaf55485c,2026-07-31T17:15:00Z,2026-07-31T19:15:00+0200,57.248,MW,NL,NL,actual_solar_generation,Solar | Actual Aggregated,2026-08-26T03:46:52Z
2026-08-26T03:42:24Z,2026-08-26T05:42:24+0200,e96b9d4a-1054-48fe-90c7-5f4aaf55485c,2026-07-31T17:15:00Z,2026-07-31T19:15:00+0200,0.0,MW,NL,NL,actual_solar_generation,Solar | Actual Consumption,2026-08-26T03:46:52Z
2026-08-26T03:42:24Z,2026-08-26T05:42:24+0200,e96b9d4a-1054-48fe-90c7-5f4aaf55485c,2026-07-31T17:30:00Z,2026-07-31T19:30:00+0200,43.739,MW,NL,NL,actual_solar_generation,Solar | Actual Aggregated,2026-08-26T03:46:52Z
2026-08-26T03:42:24Z,2026-08-26T05:42:24+0200,e96b9d4a-1054-48fe-90c7-5f4aaf55485c,2026-07-31T17:30:00Z,2026-07-31T19:30:00+0200,0.0,MW,NL,NL,actual_solar_generation,Solar | Actual Consumption,2026-08-26T03:46:52Z
2026-08-26T03:42:24Z,2026-08-26T05:42:24+0200,e96b9d4a-1054-48fe-90c7-5f4aaf55485c,2026-07-31T17:45:00Z,2026-07-31T19:45:00+0200,33.323,MW,NL,NL,actual_solar_generation,Solar | Actual Aggregated,2026-08-26T03:46:52Z
2026-08-26T03:42:24Z,2026-08-26T05:42:24+0200,e96b9d4a-1054-48fe-90c7-5f4aaf55485c,2026-07-31T17:45:00Z,2026-07-31T19:45:00+0200,0.0,MW,NL,NL,actual_solar_generation,Solar | Actual Consumption,2026-08-26T03:46:52Z
2026-08-26T03:42:24Z,2026-08-26T05:42:24+0200,e96b9d4a-1054-48fe-90c7-5f4aaf55485c,2026-07-31T18:00:00Z,2026-07-31T20:00:00+0200,23.842,MW,NL,NL,actual_solar_generation,Solar | Actual Aggregated,2026-08-26T03:46:52Z
2026-08-26T03:42:24Z,2026-08-26T05:42:24+0200,e96b9d4a-1054-48fe-90c7-5f4aaf55485c,2026-07-31T18:00:00Z,2026-07-31T20:00:00+0200,0.0,MW,NL,NL,actual_solar_generation,Solar | Actual Consumption,2026-08-26T03:46:52Z
2026-08-26T03:42:24Z,2026-08-26T05:42:24+0200,e96b9d4a-1054-48fe-90c7-5f4aaf55485c,2026-07-31T18:15:00Z,2026-07-31T20:15:00+0200,15.953,MW,NL,NL,actual_solar_generation,Solar | Actual Aggregated,2026-08-26T03:46:52Z
2026-08-26T03:42:24Z,2026-08-26T05:42:24+0200,e96b9d4a-1054-48fe-90c7-5f4aaf55485c,2026-07-31T18:15:00Z,2026-07-31T20:15:00+0200,0.0,MW,NL,NL,actual_solar_generation,Solar | Actual Consumption,2026-08-26T03:46:52Z
2026-08-26T03:42:24Z,2026-08-26T05:42:24+0200,e96b9d4a-1054-48fe-90c7-5f4aaf55485c,2026-07-31T18:30:00Z,2026-07-31T20:30:00+0200,10.186,MW,NL,NL,actual_solar_generation,Solar | Actual Aggregated,2026-08-26T03:46:52Z
2026-08-26T03:42:24Z,2026-08-26T05:42:24+0200,e96b9d4a-1054-48fe-90c7-5f4aaf55485c,2026-07-31T18:30:00Z,2026-07-31T20:30:00+0200,0.0,MW,NL,NL,actual_solar_generation,Solar | Actual Consumption,2026-08-26T03:46:52Z
2026-08-26T03:42:24Z,2026-08-26T05:42:24+0200,e96b9d4a-1054-48fe-90c7-5f4aaf55485c,2026-07-31T18:45:00Z,2026-07-31T20:45:00+0200,5.929,MW,NL,NL,actual_solar_generation,Solar | Actual Aggregated,2026-08-26T03:46:52Z
2026-08-26T03:42:24Z,2026-08-26T05:42:24+0200,e96b9d4a-1054-48fe-90c7-5f4aaf55485c,2026-07-31T18:45:00Z,2026-07-31T20:45:00+0200,0.0,MW,NL,NL,actual_solar_generation,Solar | Actual Consumption,2026-08-26T03:46:52Z
2026-08-26T03:42:24Z,2026-08-26T05:42:24+0200,e96b9d4a-1054-48fe-90c7-5f4aaf55485c,2026-07-31T19:00:00Z,2026-07-31T21:00:00+0200,3.169,MW,NL,NL,actual_solar_generation,Solar | Actual Aggregated,2026-08-26T03:46:52Z
2026-08-26T03:42:24Z,2026-08-26T05:42:24+0200,e96b9d4a-1054-48fe-90c7-5f4aaf55485c,2026-07-31T19:00:00Z,2026-07-31T21:00:00+0200,0.0,MW,NL,NL,actual_solar_generation,Solar | Actual Consumption,2026-08-26T03:46:52Z
2026-08-26T03:42:24Z,2026-08-26T05:42:24+0200,e96b9d4a-1054-48fe-90c7-5f4aaf55485c,2026-07-31T19:15:00Z,2026-07-31T21:15:00+0200,1.171,MW,NL,NL,actual_solar_generation,Solar | Actual Aggregated,2026-08-26T03:46:52Z
2026-08-26T03:42:24Z,2026-08-26T05:42:24+0200,e96b9d4a-1054-48fe-90c7-5f4aaf55485c,2026-07-31T19:15:00Z,2026-07-31T21:15:00+0200,0.0,MW,NL,NL,actual_solar_generation,Solar | Actual Consumption,2026-08-26T03:46:52Z
2026-08-26T03:42:24Z,2026-08-26T05:42:24+0200,e96b9d4a-1054-48fe-90c7-5f4aaf55485c,2026-07-31T19:30:00Z,2026-07-31T21:30:00+0200,0.0,MW,NL,NL,actual_solar_generation,Solar | Actual Aggregated,2026-08-26T03:46:52Z
2026-08-26T03:42:24Z,2026-08-26T05:42:24+0200,e96b9d4a-1054-48fe-90c7-5f4aaf55485c,2026-07-31T19:30:00Z,2026-07-31T21:30:00+0200,0.934,MW,NL,NL,actual_solar_generation,Solar | Actual Consumption,2026-08-26T03:46:52Z
2026-08-26T03:42:24Z,2026-08-26T05:42:24+0200,e96b9d4a-1054-48fe-90c7-5f4aaf55485c,2026-07-31T19:45:00Z,2026-07-31T21:45:00+0200,0.0,MW,NL,NL,actual_solar_generation,Solar | Actual Aggregated,2026-08-26T03:46:52Z
2026-08-26T03:42:24Z,2026-08-26T05:42:24+0200,e96b9d4a-1054-48fe-90c7-5f4aaf55485c,2026-07-31T19:45:00Z,2026-07-31T21:45:00+0200,0.117,MW,NL,NL,actual_solar_generation,Solar | Actual Consumption,2026-08-26T03:46:52Z
2026-08-26T03:42:24Z,2026-08-26T05:42:24+0200,e96b9d4a-1054-48fe-90c7-5f4aaf55485c,2026-07-31T20:00:00Z,2026-07-31T22:00:00+0200,0.0,MW,NL,NL,actual_solar_generation,Solar | Actual Aggregated,2026-08-26T03:46:52Z
2026-08-26T03:42:24Z,2026-08-26T05:42:24+0200,e96b9d4a-1054-48fe-90c7-5f4aaf55485c,2026-07-31T20:00:00Z,2026-07-31T22:00:00+0200,0.135,MW,NL,NL,actual_solar_generation,Solar | Actual Consumption,2026-08-26T03:46:52Z
2026-08-26T03:42:24Z,2026-08-26T05:42:24+0200,e96b9d4a-1054-48fe-90c7-5f4aaf55485c,2026-07-31T20:15:00Z,2026-07-31T22:15:00+0200,0.0,MW,NL,NL,actual_solar_generation,Solar | Actual Aggregated,2026-08-26T03:46:52Z
2026-08-26T03:42:24Z,2026-08-26T05:42:24+0200,e96b9d4a-1054-48fe-90c7-5f4aaf55485c,2026-07-31T20:15:00Z,2026-07-31T22:15:00+0200,0.116,MW,NL,NL,actual_solar_generation,Solar | Actual Consumption,2026-08-26T03:46:52Z
2026-08-26T03:42:24Z,2026-08-26T05:42:24+0200,e96b9d4a-1054-48fe-90c7-5f4aaf55485c,2026-07-31T20:30:00Z,2026-07-31T22:30:00+0200,0.0,MW,NL,NL,actual_solar_generation,Solar | Actual Aggregated,2026-08-26T03:46:52Z
2026-08-26T03:42:24Z,2026-08-26T05:42:24+0200,e96b9d4a-1054-48fe-90c7-5f4aaf55485c,2026-07-31T20:30:00Z,2026-07-31T22:30:00+0200,0.125,MW,NL,NL,actual_solar_generation,Solar | Actual Consumption,2026-08-26T03:46:52Z
2026-08-26T03:42:24Z,2026-08-26T05:42:24+0200,e96b9d4a-1054-48fe-90c7-5f4aaf55485c,2026-07-31T20:45:00Z,2026-07-31T22:45:00+0200,0.0,MW,NL,NL,actual_solar_generation,Solar | Actual Aggregated,2026-08-26T03:46:52Z
2026-08-26T03:42:24Z,2026-08-26T05:42:24+0200,e96b9d4a-1054-48fe-90c7-5f4aaf55485c,2026-07-31T20:45:00Z,2026-07-31T22:45:00+0200,0.129,MW,NL,NL,actual_solar_generation,Solar | Actual Consumption,2026-08-26T03:46:52Z
2026-08-26T03:42:24Z,2026-08-26T05:42:24+0200,e96b9d4a-1054-48fe-90c7-5f4aaf55485c,2026-07-31T21:00:00Z,2026-07-31T23:00:00+0200,0.0,MW,NL,NL,actual_solar_generation,Solar | Actual Aggregated,2026-08-26T03:46:52Z
2026-08-26T03:42:24Z,2026-08-26T05:42:24+0200,e96b9d4a-1054-48fe-90c7-5f4aaf55485c,2026-07-31T21:00:00Z,2026-07-31T23:00:00+0200,0.129,MW,NL,NL,actual_solar_generation,Solar | Actual Consumption,2026-08-26T03:46:52Z
2026-08-26T03:42:24Z,2026-08-26T05:42:24+0200,e96b9d4a-1054-48fe-90c7-5f4aaf55485c,2026-07-31T21:15:00Z,2026-07-31T23:15:00+0200,0.0,MW,NL,NL,actual_solar_generation,Solar | Actual Aggregated,2026-08-26T03:46:52Z
2026-08-26T03:42:24Z,2026-08-26T05:42:24+0200,e96b9d4a-1054-48fe-90c7-5f4aaf55485c,2026-07-31T21:15:00Z,2026-07-31T23:15:00+0200,0.129,MW,NL,NL,actual_solar_generation,Solar | Actual Consumption,2026-08-26T03:46:52Z
2026-08-26T03:42:24Z,2026-08-26T05:42:24+0200,e96b9d4a-1054-48fe-90c7-5f4aaf55485c,2026-07-31T21:30:00Z,2026-07-31T23:30:00+0200,0.0,MW,NL,NL,actual_solar_generation,Solar | Actual Aggregated,2026-08-26T03:46:52Z
2026-08-26T03:42:24Z,2026-08-26T05:42:24+0200,e96b9d4a-1054-48fe-90c7-5f4aaf55485c,2026-07-31T21:30:00Z,2026-07-31T23:30:00+0200,0.124,MW,NL,NL,actual_solar_generation,Solar | Actual Consumption,2026-08-26T03:46:52Z
2026-08-26T03:42:24Z,2026-08-26T05:42:24+0200,e96b9d4a-1054-48fe-90c7-5f4aaf55485c,2026-07-31T21:45:00Z,2026-07-31T23:45:00+0200,0.0,MW,NL,NL,actual_solar_generation,Solar | Actual Aggregated,2026-08-26T03:46:52Z
2026-08-26T03:42:24Z,2026-08-26T05:42:24+0200,e96b9d4a-1054-48fe-90c7-5f4aaf55485c,2026-07-31T21:45:00Z,2026-07-31T23:45:00+0200,0.122,MW,NL,NL,actual_solar_generation,Solar | Actual Consumption,2026-08-26T03:46:52Z
2026-08-26T03:42:24Z,2026-08-26T05:42:24+0200,e96b9d4a-1054-48fe-90c7-5f4aaf55485c,2026-07-31T22:00:00Z,2026-08-01T00:00:00+0200,0.0,MW,NL,NL,actual_solar_generation,Solar | Actual Aggregated,2026-08-26T03:46:52Z
2026-08-26T03:42:24Z,2026-08-26T05:42:24+0200,e96b9d4a-1054-48fe-90c7-5f4aaf55485c,2026-07-31T22:00:00Z,2026-08-01T00:00:00+0200,0.134,MW,NL,NL,actual_solar_generation,Solar | Actual Consumption,2026-08-26T03:46:52Z
2026-08-26T03:42:24Z,2026-08-26T05:42:24+0200,e96b9d4a-1054-48fe-90c7-5f4aaf55485c,2026-07-31T22:15:00Z,2026-08-01T00:15:00+0200,0.0,MW,NL,NL,actual_solar_generation,Solar | Actual Aggregated,2026-08-26T03:46:52Z
2026-08-26T03:42:24Z,2026-08-26T05:42:24+0200,e96b9d4a-1054-48fe-90c7-5f4aaf55485c,2026-07-31T22:15:00Z,2026-08-01T00:15:00+0200,0.129,MW,NL,NL,actual_solar_generation,Solar | Actual Consumption,2026-08-26T03:46:52Z
2026-08-26T03:42:24Z,2026-08-26T05:42:24+0200,e96b9d4a-1054-48fe-90c7-5f4aaf55485c,2026-07-31T22:30:00Z,2026-08-01T00:30:00+0200,0.0,MW,NL,NL,actual_solar_generation,Solar | Actual Aggregated,2026-08-26T03:46:52Z
2026-08-26T03:42:24Z,2026-08-26T05:42:24+0200,e96b9d4a-1054-48fe-90c7-5f4aaf55485c,2026-07-31T22:30:00Z,2026-08-01T00:30:00+0200,0.129,MW,NL,NL,actual_solar_generation,Solar | Actual Consumption,2026-08-26T03:46:52Z
2026-08-26T03:42:24Z,2026-08-26T05:42:24+0200,e96b9d4a-1054-48fe-90c7-5f4aaf55485c,2026-07-31T22:45:00Z,2026-08-01T00:45:00+0200,0.0,MW,NL,NL,actual_solar_generation,Solar | Actual Aggregated,2026-08-26T03:46:52Z
2026-08-26T03:42:24Z,2026-08-26T05:42:24+0200,e96b9d4a-1054-48fe-90c7-5f4aaf55485c,2026-07-31T22:45:00Z,2026-08-01T00:45:00+0200,0.129,MW,NL,NL,actual_solar_generation,Solar | Actual Consumption,2026-08-26T03:46:52Z
2026-08-26T03:42:24Z,2026-08-26T05:42:24+0200,e96b9d4a-1054-48fe-90c7-5f4aaf55485c,2026-07-31T23:00:00Z,2026-08-01T01:00:00+0200,0.0,MW,NL,NL,actual_solar_generation,Solar | Actual Aggregated,2026-08-26T03:46:52Z
2026-08-26T03:42:24Z,2026-08-26T05:42:24+0200,e96b9d4a-1054-48fe-90c7-5f4aaf55485c,2026-07-31T23:00:00Z,2026-08-01T01:00:00+0200,0.128,MW,NL,NL,actual_solar_generation,Solar | Actual Consumption,2026-08-26T03:46:52Z
2026-08-26T03:42:24Z,2026-08-26T05:42:24+0200,e96b9d4a-1054-48fe-90c7-5f4aaf55485c,2026-07-31T23:15:00Z,2026-08-01T01:15:00+0200,0.0,MW,NL,NL,actual_solar_generation,Solar | Actual Aggregated,2026-08-26T03:46:52Z
2026-08-26T03:42:24Z,2026-08-26T05:42:24+0200,e96b9d4a-1054-48fe-90c7-5f4aaf55485c,2026-07-31T23:15:00Z,2026-08-01T01:15:00+0200,0.127,MW,NL,NL,actual_solar_generation,Solar | Actual Consumption,2026-08-26T03:46:52Z
2026-08-26T03:42:24Z,2026-08-26T05:42:24+0200,e96b9d4a-1054-48fe-90c7-5f4aaf55485c,2026-07-31T23:30:00Z,2026-08-01T01:30:00+0200,0.0,MW,NL,NL,actual_solar_generation,Solar | Actual Aggregated,2026-08-26T03:46:52Z
2026-08-26T03:42:24Z,2026-08-26T05:42:24+0200,e96b9d4a-1054-48fe-90c7-5f4aaf55485c,2026-07-31T23:30:00Z,2026-08-01T01:30:00+0200,0.127,MW,NL,NL,actual_solar_generation,Solar | Actual Consumption,2026-08-26T03:46:52Z
2026-08-26T03:42:24Z,2026-08-26T05:42:24+0200,e96b9d4a-1054-48fe-90c7-5f4aaf55485c,2026-07-31T23:45:00Z,2026-08-01T01:45:00+0200,0.0,MW,NL,NL,actual_solar_generation,Solar | Actual Aggregated,2026-08-26T03:46:52Z
2026-08-26T03:42:24Z,2026-08-26T05:42:24+0200,e96b9d4a-1054-48fe-90c7-5f4aaf55485c,2026-07-31T23:45:00Z,2026-08-01T01:45:00+0200,0.127,MW,NL,NL,actual_solar_generation,Solar | Actual Consumption,2026-08-26T03:46:52Z
2026-08-26T03:42:24Z,2026-08-26T05:42:24+0200,e96b9d4a-1054-48fe-90c7-5f4aaf55485c,2026-08-01T00:00:00Z,2026-08-01T02:00:00+0200,0.0,MW,NL,NL,actual_solar_generation,Solar | Actual Aggregated,2026-08-26T03:46:52Z
2026-08-26T03:42:24Z,2026-08-26T05:42:24+0200,e96b9d4a-1054-48fe-90c7-5f4aaf55485c,2026-08-01T00:00:00Z,2026-08-01T02:00:00+0200,0.127,MW,NL,NL,actual_solar_generation,Solar | Actual Consumption,2026-08-26T03:46:52Z
2026-08-26T03:42:24Z,2026-08-26T05:42:24+0200,e96b9d4a-1054-48fe-90c7-5f4aaf55485c,2026-08-01T00:15:00Z,2026-08-01T02:15:00+0200,0.0,MW,NL,NL,actual_solar_generation,Solar | Actual Aggregated,2026-08-26T03:46:52Z
2026-08-26T03:42:24Z,2026-08-26T05:42:24+0200,e96b9d4a-1054-48fe-90c7-5f4aaf55485c,2026-08-01T00:15:00Z,2026-08-01T02:15:00+0200,0.127,MW,NL,NL,actual_solar_generation,Solar | Actual Consumption,2026-08-26T03:46:52Z
2026-08-26T03:42:24Z,2026-08-26T05:42:24+0200,e96b9d4a-1054-48fe-90c7-5f4aaf55485c,2026-08-01T00:30:00Z,2026-08-01T02:30:00+0200,0.0,MW,NL,NL,actual_solar_generation,Solar | Actual Aggregated,2026-08-26T03:46:52Z
2026-08-26T03:42:24Z,2026-08-26T05:42:24+0200,e96b9d4a-1054-48fe-90c7-5f4aaf55485c,2026-08-01T00:30:00Z,2026-08-01T02:30:00+0200,0.127,MW,NL,NL,actual_solar_generation,Solar | Actual Consumption,2026-08-26T03:46:52Z
2026-08-26T03:42:24Z,2026-08-26T05:42:24+0200,e96b9d4a-1054-48fe-90c7-5f4aaf55485c,2026-08-01T00:45:00Z,2026-08-01T02:45:00+0200,0.0,MW,NL,NL,actual_solar_generation,Solar | Actual Aggregated,2026-08-26T03:46:52Z
2026-08-26T03:42:24Z,2026-08-26T05:42:24+0200,e96b9d4a-1054-48fe-90c7-5f4aaf55485c,2026-08-01T00:45:00Z,2026-08-01T02:45:00+0200,0.127,MW,NL,NL,actual_solar_generation,Solar | Actual Consumption,2026-08-26T03:46:52Z
2026-08-26T03:42:24Z,2026-08-26T05:42:24+0200,e96b9d4a-1054-48fe-90c7-5f4aaf55485c,2026-08-01T01:00:00Z,2026-08-01T03:00:00+0200,0.0,MW,NL,NL,actual_solar_generation,Solar | Actual Aggregated,2026-08-26T03:46:52Z
2026-08-26T03:42:24Z,2026-08-26T05:42:24+0200,e96b9d4a-1054-48fe-90c7-5f4aaf55485c,2026-08-01T01:00:00Z,2026-08-01T03:00:00+0200,0.127,MW,NL,NL,actual_solar_generation,Solar | Actual Consumption,2026-08-26T03:46:52Z
2026-08-26T03:42:24Z,2026-08-26T05:42:24+0200,e96b9d4a-1054-48fe-90c7-5f4aaf55485c,2026-08-01T01:15:00Z,2026-08-01T03:15:00+0200,0.0,MW,NL,NL,actual_solar_generation,Solar | Actual Aggregated,2026-08-26T03:46:52Z
2026-08-26T03:42:24Z,2026-08-26T05:42:24+0200,e96b9d4a-1054-48fe-90c7-5f4aaf55485c,2026-08-01T01:15:00Z,2026-08-01T03:15:00+0200,0.127,MW,NL,NL,actual_solar_generation,Solar | Actual Consumption,2026-08-26T03:46:52Z
2026-08-26T03:42:24Z,2026-08-26T05:42:24+0200,e96b9d4a-1054-48fe-90c7-5f4aaf55485c,2026-08-01T01:30:00Z,2026-08-01T03:30:00+0200,0.0,MW,NL,NL,actual_solar_generation,Solar | Actual Aggregated,2026-08-26T03:46:52Z
2026-08-26T03:42:24Z,2026-08-26T05:42:24+0200,e96b9d4a-1054-48fe-90c7-5f4aaf55485c,2026-08-01T01:30:00Z,2026-08-01T03:30:00+0200,0.127,MW,NL,NL,actual_solar_generation,Solar | Actual Consumption,2026-08-26T03:46:52Z
2026-08-26T03:42:24Z,2026-08-26T05:42:24+0200,e96b9d4a-1054-48fe-90c7-5f4aaf55485c,2026-08-01T01:45:00Z,2026-08-01T03:45:00+0200,0.0,MW,NL,NL,actual_solar_generation,Solar | Actual Aggregated,2026-08-26T03:46:52Z
2026-08-26T03:42:24Z,2026-08-26T05:42:24+0200,e96b9d4a-1054-48fe-90c7-5f4aaf55485c,2026-08-01T01:45:00Z,2026-08-01T03:45:00+0200,0.127,MW,NL,NL,actual_solar_generation,Solar | Actual Consumption,2026-08-26T03:46:52Z
2026-08-26T03:42:24Z,2026-08-26T05:42:24+0200,e96b9d4a-1054-48fe-90c7-5f4aaf55485c,2026-08-01T02:00:00Z,2026-08-01T04:00:00+0200,0.0,MW,NL,NL,actual_solar_generation,Solar | Actual Aggregated,2026-08-26T03:46:52Z
2026-08-26T03:42:24Z,2026-08-26T05:42:24+0200,e96b9d4a-1054-48fe-90c7-5f4aaf55485c,2026-08-01T02:00:00Z,2026-08-01T04:00:00+0200,0.127,MW,NL,NL,actual_solar_generation,Solar | Actual Consumption,2026-08-26T03:46:52Z
2026-08-26T03:42:24Z,2026-08-26T05:42:24+0200,e96b9d4a-1054-48fe-90c7-5f4aaf55485c,2026-08-01T02:15:00Z,2026-08-01T04:15:00+0200,0.0,MW,NL,NL,actual_solar_generation,Solar | Actual Aggregated,2026-08-26T03:46:52Z
2026-08-26T03:42:24Z,2026-08-26T05:42:24+0200,e96b9d4a-1054-48fe-90c7-5f4aaf55485c,2026-08-01T02:15:00Z,2026-08-01T04:15:00+0200,0.127,MW,NL,NL,actual_solar_generation,Solar | Actual Consumption,2026-08-26T03:46:52Z
2026-08-26T03:42:24Z,2026-08-26T05:42:24+0200,e96b9d4a-1054-48fe-90c7-5f4aaf55485c,2026-08-01T02:30:00Z,2026-08-01T04:30:00+0200,0.0,MW,NL,NL,actual_solar_generation,Solar | Actual Aggregated,2026-08-26T03:46:52Z
2026-08-26T03:42:24Z,2026-08-26T05:42:24+0200,e96b9d4a-1054-48fe-90c7-5f4aaf55485c,2026-08-01T02:30:00Z,2026-08-01T04:30:00+0200,0.127,MW,NL,NL,actual_solar_generation,Solar | Actual Consumption,2026-08-26T03:46:52Z
2026-08-26T03:42:24Z,2026-08-26T05:42:24+0200,e96b9d4a-1054-48fe-90c7-5f4aaf55485c,2026-08-01T02:45:00Z,2026-08-01T04:45:00+0200,0.0,MW,NL,NL,actual_solar_generation,Solar | Actual Aggregated,2026-08-26T03:46:52Z
2026-08-26T03:42:24Z,2026-08-26T05:42:24+0200,e96b9d4a-1054-48fe-90c7-5f4aaf55485c,2026-08-01T02:45:00Z,2026-08-01T04:45:00+0200,0.127,MW,NL,NL,actual_solar_generation,Solar | Actual Consumption,2026-08-26T03:46:52Z
2026-08-26T03:42:24Z,2026-08-26T05:42:24+0200,e96b9d4a-1054-48fe-90c7-5f4aaf55485c,2026-08-01T03:00:00Z,2026-08-01T05:00:00+0200,0.0,MW,NL,NL,actual_solar_generation,Solar | Actual Aggregated,2026-08-26T03:46:52Z
2026-08-26T03:42:24Z,2026-08-26T05:42:24+0200,e96b9d4a-1054-48fe-90c7-5f4aaf55485c,2026-08-01T03:00:00Z,2026-08-01T05:00:00+0200,0.127,MW,NL,NL,actual_solar_generation,Solar | Actual Consumption,2026-08-26T03:46:52Z
2026-08-26T03:42:24Z,2026-08-26T05:42:24+0200,e96b9d4a-1054-48fe-90c7-5f4aaf55485c,2026-08-01T03:15:00Z,2026-08-01T05:15:00+0200,0.0,MW,NL,NL,actual_solar_generation,Solar | Actual Aggregated,2026-08-26T03:46:52Z
2026-08-26T03:42:24Z,2026-08-26T05:42:24+0200,e96b9d4a-1054-48fe-90c7-5f4aaf55485c,2026-08-01T03:15:00Z,2026-08-01T05:15:00+0200,0.127,MW,NL,NL,actual_solar_generation,Solar | Actual Consumption,2026-08-26T03:46:52Z
2026-08-26T03:42:24Z,2026-08-26T05:42:24+0200,e96b9d4a-1054-48fe-90c7-5f4aaf55485c,2026-08-01T03:30:00Z,2026-08-01T05:30:00+0200,0.0,MW,NL,NL,actual_solar_generation,Solar | Actual Aggregated,2026-08-26T03:46:52Z
2026-08-26T03:42:24Z,2026-08-26T05:42:24+0200,e96b9d4a-1054-48fe-90c7-5f4aaf55485c,2026-08-01T03:30:00Z,2026-08-01T05:30:00+0200,0.127,MW,NL,NL,actual_solar_generation,Solar | Actual Consumption,2026-08-26T03:46:52Z
2026-08-26T03:42:24Z,2026-08-26T05:42:24+0200,e96b9d4a-1054-48fe-90c7-5f4aaf55485c,2026-08-01T03:45:00Z,2026-08-01T05:45:00+0200,0.157,MW,NL,NL,actual_solar_generation,Solar | Actual Aggregated,2026-08-26T03:46:52Z
2026-08-26T03:42:24Z,2026-08-26T05:42:24+0200,e96b9d4a-1054-48fe-90c7-5f4aaf55485c,2026-08-01T03:45:00Z,2026-08-01T05:45:00+0200,0.127,MW,NL,NL,actual_solar_generation,Solar | Actual Consumption,2026-08-26T03:46:52Z
2026-08-26T03:42:24Z,2026-08-26T05:42:24+0200,e96b9d4a-1054-48fe-90c7-5f4aaf55485c,2026-08-01T04:00:00Z,2026-08-01T06:00:00+0200,0.553,MW,NL,NL,actual_solar_generation,Solar | Actual Aggregated,2026-08-26T03:46:52Z
2026-08-26T03:42:24Z,2026-08-26T05:42:24+0200,e96b9d4a-1054-48fe-90c7-5f4aaf55485c,2026-08-01T04:00:00Z,2026-08-01T06:00:00+0200,0.0,MW,NL,NL,actual_solar_generation,Solar | Actual Consumption,2026-08-26T03:46:52Z
2026-08-26T03:42:24Z,2026-08-26T05:42:24+0200,e96b9d4a-1054-48fe-90c7-5f4aaf55485c,2026-08-01T04:15:00Z,2026-08-01T06:15:00+0200,5.866,MW,NL,NL,actual_solar_generation,Solar | Actual Aggregated,2026-08-26T03:46:52Z
2026-08-26T03:42:24Z,2026-08-26T05:42:24+0200,e96b9d4a-1054-48fe-90c7-5f4aaf55485c,2026-08-01T04:15:00Z,2026-08-01T06:15:00+0200,0.0,MW,NL,NL,actual_solar_generation,Solar | Actual Consumption,2026-08-26T03:46:52Z
2026-08-26T03:42:24Z,2026-08-26T05:42:24+0200,e96b9d4a-1054-48fe-90c7-5f4aaf55485c,2026-08-01T04:30:00Z,2026-08-01T06:30:00+0200,11.165,MW,NL,NL,actual_solar_generation,Solar | Actual Aggregated,2026-08-26T03:46:52Z
2026-08-26T03:42:24Z,2026-08-26T05:42:24+0200,e96b9d4a-1054-48fe-90c7-5f4aaf55485c,2026-08-01T04:30:00Z,2026-08-01T06:30:00+0200,0.0,MW,NL,NL,actual_solar_generation,Solar | Actual Consumption,2026-08-26T03:46:52Z
2026-08-26T03:42:24Z,2026-08-26T05:42:24+0200,e96b9d4a-1054-48fe-90c7-5f4aaf55485c,2026-08-01T04:45:00Z,2026-08-01T06:45:00+0200,17.462,MW,NL,NL,actual_solar_generation,Solar | Actual Aggregated,2026-08-26T03:46:52Z
2026-08-26T03:42:24Z,2026-08-26T05:42:24+0200,e96b9d4a-1054-48fe-90c7-5f4aaf55485c,2026-08-01T04:45:00Z,2026-08-01T06:45:00+0200,0.0,MW,NL,NL,actual_solar_generation,Solar | Actual Consumption,2026-08-26T03:46:52Z
2026-08-26T03:42:24Z,2026-08-26T05:42:24+0200,e96b9d4a-1054-48fe-90c7-5f4aaf55485c,2026-08-01T05:00:00Z,2026-08-01T07:00:00+0200,23.735,MW,NL,NL,actual_solar_generation,Solar | Actual Aggregated,2026-08-26T03:46:52Z
2026-08-26T03:42:24Z,2026-08-26T05:42:24+0200,e96b9d4a-1054-48fe-90c7-5f4aaf55485c,2026-08-01T05:00:00Z,2026-08-01T07:00:00+0200,0.0,MW,NL,NL,actual_solar_generation,Solar | Actual Consumption,2026-08-26T03:46:52Z
2026-08-26T03:42:24Z,2026-08-26T05:42:24+0200,e96b9d4a-1054-48fe-90c7-5f4aaf55485c,2026-08-01T05:15:00Z,2026-08-01T07:15:00+0200,27.52,MW,NL,NL,actual_solar_generation,Solar | Actual Aggregated,2026-08-26T03:46:52Z
2026-08-26T03:42:24Z,2026-08-26T05:42:24+0200,e96b9d4a-1054-48fe-90c7-5f4aaf55485c,2026-08-01T05:15:00Z,2026-08-01T07:15:00+0200,0.0,MW,NL,NL,actual_solar_generation,Solar | Actual Consumption,2026-08-26T03:46:52Z
2026-08-26T03:42:24Z,2026-08-26T05:42:24+0200,e96b9d4a-1054-48fe-90c7-5f4aaf55485c,2026-08-01T05:30:00Z,2026-08-01T07:30:00+0200,31.558,MW,NL,NL,actual_solar_generation,Solar | Actual Aggregated,2026-08-26T03:46:52Z
2026-08-26T03:42:24Z,2026-08-26T05:42:24+0200,e96b9d4a-1054-48fe-90c7-5f4aaf55485c,2026-08-01T05:30:00Z,2026-08-01T07:30:00+0200,0.0,MW,NL,NL,actual_solar_generation,Solar | Actual Consumption,2026-08-26T03:46:52Z
2026-08-26T03:42:24Z,2026-08-26T05:42:24+0200,e96b9d4a-1054-48fe-90c7-5f4aaf55485c,2026-08-01T05:45:00Z,2026-08-01T07:45:00+0200,36.323,MW,NL,NL,actual_solar_generation,Solar | Actual Aggregated,2026-08-26T03:46:52Z
2026-08-26T03:42:24Z,2026-08-26T05:42:24+0200,e96b9d4a-1054-48fe-90c7-5f4aaf55485c,2026-08-01T05:45:00Z,2026-08-01T07:45:00+0200,0.0,MW,NL,NL,actual_solar_generation,Solar | Actual Consumption,2026-08-26T03:46:52Z
2026-08-26T03:42:24Z,2026-08-26T05:42:24+0200,e96b9d4a-1054-48fe-90c7-5f4aaf55485c,2026-08-01T06:00:00Z,2026-08-01T08:00:00+0200,56.997,MW,NL,NL,actual_solar_generation,Solar | Actual Aggregated,2026-08-26T03:46:52Z
2026-08-26T03:42:24Z,2026-08-26T05:42:24+0200,e96b9d4a-1054-48fe-90c7-5f4aaf55485c,2026-08-01T06:00:00Z,2026-08-01T08:00:00+0200,0.0,MW,NL,NL,actual_solar_generation,Solar | Actual Consumption,2026-08-26T03:46:52Z
2026-08-26T03:42:24Z,2026-08-26T05:42:24+0200,e96b9d4a-1054-48fe-90c7-5f4aaf55485c,2026-08-01T06:15:00Z,2026-08-01T08:15:00+0200,80.535,MW,NL,NL,actual_solar_generation,Solar | Actual Aggregated,2026-08-26T03:46:52Z
2026-08-26T03:42:24Z,2026-08-26T05:42:24+0200,e96b9d4a-1054-48fe-90c7-5f4aaf55485c,2026-08-01T06:15:00Z,2026-08-01T08:15:00+0200,0.0,MW,NL,NL,actual_solar_generation,Solar | Actual Consumption,2026-08-26T03:46:52Z
2026-08-26T03:42:24Z,2026-08-26T05:42:24+0200,e96b9d4a-1054-48fe-90c7-5f4aaf55485c,2026-08-01T06:30:00Z,2026-08-01T08:30:00+0200,67.551,MW,NL,NL,actual_solar_generation,Solar | Actual Aggregated,2026-08-26T03:46:52Z
2026-08-26T03:42:24Z,2026-08-26T05:42:24+0200,e96b9d4a-1054-48fe-90c7-5f4aaf55485c,2026-08-01T06:30:00Z,2026-08-01T08:30:00+0200,0.0,MW,NL,NL,actual_solar_generation,Solar | Actual Consumption,2026-08-26T03:46:52Z
2026-08-26T03:42:24Z,2026-08-26T05:42:24+0200,e96b9d4a-1054-48fe-90c7-5f4aaf55485c,2026-08-01T06:45:00Z,2026-08-01T08:45:00+0200,70.87,MW,NL,NL,actual_solar_generation,Solar | Actual Aggregated,2026-08-26T03:46:52Z
2026-08-26T03:42:24Z,2026-08-26T05:42:24+0200,e96b9d4a-1054-48fe-90c7-5f4aaf55485c,2026-08-01T06:45:00Z,2026-08-01T08:45:00+0200,0.0,MW,NL,NL,actual_solar_generation,Solar | Actual Consumption,2026-08-26T03:46:52Z
2026-08-26T03:42:24Z,2026-08-26T05:42:24+0200,e96b9d4a-1054-48fe-90c7-5f4aaf55485c,2026-08-01T07:00:00Z,2026-08-01T09:00:00+0200,99.948,MW,NL,NL,actual_solar_generation,Solar | Actual Aggregated,2026-08-26T03:46:52Z
2026-08-26T03:42:24Z,2026-08-26T05:42:24+0200,e96b9d4a-1054-48fe-90c7-5f4aaf55485c,2026-08-01T07:00:00Z,2026-08-01T09:00:00+0200,0.0,MW,NL,NL,actual_solar_generation,Solar | Actual Consumption,2026-08-26T03:46:52Z
2026-08-26T03:42:24Z,2026-08-26T05:42:24+0200,e96b9d4a-1054-48fe-90c7-5f4aaf55485c,2026-08-01T07:15:00Z,2026-08-01T09:15:00+0200,123.087,MW,NL,NL,actual_solar_generation,Solar | Actual Aggregated,2026-08-26T03:46:52Z
2026-08-26T03:42:24Z,2026-08-26T05:42:24+0200,e96b9d4a-1054-48fe-90c7-5f4aaf55485c,2026-08-01T07:15:00Z,2026-08-01T09:15:00+0200,0.0,MW,NL,NL,actual_solar_generation,Solar | Actual Consumption,2026-08-26T03:46:52Z
2026-08-26T03:42:24Z,2026-08-26T05:42:24+0200,e96b9d4a-1054-48fe-90c7-5f4aaf55485c,2026-08-01T07:30:00Z,2026-08-01T09:30:00+0200,150.621,MW,NL,NL,actual_solar_generation,Solar | Actual Aggregated,2026-08-26T03:46:52Z
2026-08-26T03:42:24Z,2026-08-26T05:42:24+0200,e96b9d4a-1054-48fe-90c7-5f4aaf55485c,2026-08-01T07:30:00Z,2026-08-01T09:30:00+0200,0.0,MW,NL,NL,actual_solar_generation,Solar | Actual Consumption,2026-08-26T03:46:52Z
2026-08-26T03:42:24Z,2026-08-26T05:42:24+0200,e96b9d4a-1054-48fe-90c7-5f4aaf55485c,2026-08-01T07:45:00Z,2026-08-01T09:45:00+0200,153.442,MW,NL,NL,actual_solar_generation,Solar | Actual Aggregated,2026-08-26T03:46:52Z
2026-08-26T03:42:24Z,2026-08-26T05:42:24+0200,e96b9d4a-1054-48fe-90c7-5f4aaf55485c,2026-08-01T07:45:00Z,2026-08-01T09:45:00+0200,0.0,MW,NL,NL,actual_solar_generation,Solar | Actual Consumption,2026-08-26T03:46:52Z
2026-08-26T03:42:24Z,2026-08-26T05:42:24+0200,e96b9d4a-1054-48fe-90c7-5f4aaf55485c,2026-08-01T08:00:00Z,2026-08-01T10:00:00+0200,157.199,MW,NL,NL,actual_solar_generation,Solar | Actual Aggregated,2026-08-26T03:46:52Z
2026-08-26T03:42:24Z,2026-08-26T05:42:24+0200,e96b9d4a-1054-48fe-90c7-5f4aaf55485c,2026-08-01T08:00:00Z,2026-08-01T10:00:00+0200,0.0,MW,NL,NL,actual_solar_generation,Solar | Actual Consumption,2026-08-26T03:46:52Z
2026-08-26T03:42:24Z,2026-08-26T05:42:24+0200,e96b9d4a-1054-48fe-90c7-5f4aaf55485c,2026-08-01T08:15:00Z,2026-08-01T10:15:00+0200,169.088,MW,NL,NL,actual_solar_generation,Solar | Actual Aggregated,2026-08-26T03:46:52Z
2026-08-26T03:42:24Z,2026-08-26T05:42:24+0200,e96b9d4a-1054-48fe-90c7-5f4aaf55485c,2026-08-01T08:15:00Z,2026-08-01T10:15:00+0200,0.0,MW,NL,NL,actual_solar_generation,Solar | Actual Consumption,2026-08-26T03:46:52Z
2026-08-26T03:42:24Z,2026-08-26T05:42:24+0200,e96b9d4a-1054-48fe-90c7-5f4aaf55485c,2026-08-01T08:30:00Z,2026-08-01T10:30:00+0200,186.242,MW,NL,NL,actual_solar_generation,Solar | Actual Aggregated,2026-08-26T03:46:52Z
2026-08-26T03:42:24Z,2026-08-26T05:42:24+0200,e96b9d4a-1054-48fe-90c7-5f4aaf55485c,2026-08-01T08:30:00Z,2026-08-01T10:30:00+0200,0.0,MW,NL,NL,actual_solar_generation,Solar | Actual Consumption,2026-08-26T03:46:52Z
2026-08-26T03:42:24Z,2026-08-26T05:42:24+0200,e96b9d4a-1054-48fe-90c7-5f4aaf55485c,2026-08-01T08:45:00Z,2026-08-01T10:45:00+0200,191.013,MW,NL,NL,actual_solar_generation,Solar | Actual Aggregated,2026-08-26T03:46:52Z
2026-08-26T03:42:24Z,2026-08-26T05:42:24+0200,e96b9d4a-1054-48fe-90c7-5f4aaf55485c,2026-08-01T08:45:00Z,2026-08-01T10:45:00+0200,0.0,MW,NL,NL,actual_solar_generation,Solar | Actual Consumption,2026-08-26T03:46:52Z
2026-08-26T03:42:24Z,2026-08-26T05:42:24+0200,e96b9d4a-1054-48fe-90c7-5f4aaf55485c,2026-08-01T09:00:00Z,2026-08-01T11:00:00+0200,212.662,MW,NL,NL,actual_solar_generation,Solar | Actual Aggregated,2026-08-26T03:46:52Z
2026-08-26T03:42:24Z,2026-08-26T05:42:24+0200,e96b9d4a-1054-48fe-90c7-5f4aaf55485c,2026-08-01T09:00:00Z,2026-08-01T11:00:00+0200,0.0,MW,NL,NL,actual_solar_generation,Solar | Actual Consumption,2026-08-26T03:46:52Z
2026-08-26T03:42:24Z,2026-08-26T05:42:24+0200,e96b9d4a-1054-48fe-90c7-5f4aaf55485c,2026-08-01T09:15:00Z,2026-08-01T11:15:00+0200,210.057,MW,NL,NL,actual_solar_generation,Solar | Actual Aggregated,2026-08-26T03:46:52Z
2026-08-26T03:42:24Z,2026-08-26T05:42:24+0200,e96b9d4a-1054-48fe-90c7-5f4aaf55485c,2026-08-01T09:15:00Z,2026-08-01T11:15:00+0200,0.0,MW,NL,NL,actual_solar_generation,Solar | Actual Consumption,2026-08-26T03:46:52Z
2026-08-26T03:42:24Z,2026-08-26T05:42:24+0200,e96b9d4a-1054-48fe-90c7-5f4aaf55485c,2026-08-01T09:30:00Z,2026-08-01T11:30:00+0200,227.01,MW,NL,NL,actual_solar_generation,Solar | Actual Aggregated,2026-08-26T03:46:52Z
2026-08-26T03:42:24Z,2026-08-26T05:42:24+0200,e96b9d4a-1054-48fe-90c7-5f4aaf55485c,2026-08-01T09:30:00Z,2026-08-01T11:30:00+0200,0.0,MW,NL,NL,actual_solar_generation,Solar | Actual Consumption,2026-08-26T03:46:52Z
2026-08-26T03:42:24Z,2026-08-26T05:42:24+0200,e96b9d4a-1054-48fe-90c7-5f4aaf55485c,2026-08-01T09:45:00Z,2026-08-01T11:45:00+0200,221.156,MW,NL,NL,actual_solar_generation,Solar | Actual Aggregated,2026-08-26T03:46:52Z
2026-08-26T03:42:24Z,2026-08-26T05:42:24+0200,e96b9d4a-1054-48fe-90c7-5f4aaf55485c,2026-08-01T09:45:00Z,2026-08-01T11:45:00+0200,0.0,MW,NL,NL,actual_solar_generation,Solar | Actual Consumption,2026-08-26T03:46:52Z
2026-08-26T03:42:24Z,2026-08-26T05:42:24+0200,e96b9d4a-1054-48fe-90c7-5f4aaf55485c,2026-08-01T10:00:00Z,2026-08-01T12:00:00+0200,222.5,MW,NL,NL,actual_solar_generation,Solar | Actual Aggregated,2026-08-26T03:46:52Z
2026-08-26T03:42:24Z,2026-08-26T05:42:24+0200,e96b9d4a-1054-48fe-90c7-5f4aaf55485c,2026-08-01T10:00:00Z,2026-08-01T12:00:00+0200,0.0,MW,NL,NL,actual_solar_generation,Solar | Actual Consumption,2026-08-26T03:46:52Z
2026-08-26T03:42:24Z,2026-08-26T05:42:24+0200,e96b9d4a-1054-48fe-90c7-5f4aaf55485c,2026-08-01T10:15:00Z,2026-08-01T12:15:00+0200,222.61,MW,NL,NL,actual_solar_generation,Solar | Actual Aggregated,2026-08-26T03:46:52Z
2026-08-26T03:42:24Z,2026-08-26T05:42:24+0200,e96b9d4a-1054-48fe-90c7-5f4aaf55485c,2026-08-01T10:15:00Z,2026-08-01T12:15:00+0200,0.0,MW,NL,NL,actual_solar_generation,Solar | Actual Consumption,2026-08-26T03:46:52Z
2026-08-26T03:42:24Z,2026-08-26T05:42:24+0200,e96b9d4a-1054-48fe-90c7-5f4aaf55485c,2026-08-01T10:30:00Z,2026-08-01T12:30:00+0200,226.31,MW,NL,NL,actual_solar_generation,Solar | Actual Aggregated,2026-08-26T03:46:52Z
2026-08-26T03:42:24Z,2026-08-26T05:42:24+0200,e96b9d4a-1054-48fe-90c7-5f4aaf55485c,2026-08-01T10:30:00Z,2026-08-01T12:30:00+0200,0.0,MW,NL,NL,actual_solar_generation,Solar | Actual Consumption,2026-08-26T03:46:52Z
2026-08-26T03:42:24Z,2026-08-26T05:42:24+0200,e96b9d4a-1054-48fe-90c7-5f4aaf55485c,2026-08-01T10:45:00Z,2026-08-01T12:45:00+0200,205.974,MW,NL,NL,actual_solar_generation,Solar | Actual Aggregated,2026-08-26T03:46:52Z
2026-08-26T03:42:24Z,2026-08-26T05:42:24+0200,e96b9d4a-1054-48fe-90c7-5f4aaf55485c,2026-08-01T10:45:00Z,2026-08-01T12:45:00+0200,0.0,MW,NL,NL,actual_solar_generation,Solar | Actual Consumption,2026-08-26T03:46:52Z
2026-08-26T03:42:24Z,2026-08-26T05:42:24+0200,e96b9d4a-1054-48fe-90c7-5f4aaf55485c,2026-08-01T11:00:00Z,2026-08-01T13:00:00+0200,190.766,MW,NL,NL,actual_solar_generation,Solar | Actual Aggregated,2026-08-26T03:46:52Z
2026-08-26T03:42:24Z,2026-08-26T05:42:24+0200,e96b9d4a-1054-48fe-90c7-5f4aaf55485c,2026-08-01T11:00:00Z,2026-08-01T13:00:00+0200,0.0,MW,NL,NL,actual_solar_generation,Solar | Actual Consumption,2026-08-26T03:46:52Z
2026-08-26T03:42:24Z,2026-08-26T05:42:24+0200,e96b9d4a-1054-48fe-90c7-5f4aaf55485c,2026-08-01T11:15:00Z,2026-08-01T13:15:00+0200,173.168,MW,NL,NL,actual_solar_generation,Solar | Actual Aggregated,2026-08-26T03:46:52Z
2026-08-26T03:42:24Z,2026-08-26T05:42:24+0200,e96b9d4a-1054-48fe-90c7-5f4aaf55485c,2026-08-01T11:15:00Z,2026-08-01T13:15:00+0200,0.0,MW,NL,NL,actual_solar_generation,Solar | Actual Consumption,2026-08-26T03:46:52Z
2026-08-26T03:42:24Z,2026-08-26T05:42:24+0200,e96b9d4a-1054-48fe-90c7-5f4aaf55485c,2026-08-01T11:30:00Z,2026-08-01T13:30:00+0200,175.529,MW,NL,NL,actual_solar_generation,Solar | Actual Aggregated,2026-08-26T03:46:52Z
2026-08-26T03:42:24Z,2026-08-26T05:42:24+0200,e96b9d4a-1054-48fe-90c7-5f4aaf55485c,2026-08-01T11:30:00Z,2026-08-01T13:30:00+0200,0.0,MW,NL,NL,actual_solar_generation,Solar | Actual Consumption,2026-08-26T03:46:52Z
2026-08-26T03:42:24Z,2026-08-26T05:42:24+0200,e96b9d4a-1054-48fe-90c7-5f4aaf55485c,2026-08-01T11:45:00Z,2026-08-01T13:45:00+0200,225.244,MW,NL,NL,actual_solar_generation,Solar | Actual Aggregated,2026-08-26T03:46:52Z
2026-08-26T03:42:24Z,2026-08-26T05:42:24+0200,e96b9d4a-1054-48fe-90c7-5f4aaf55485c,2026-08-01T11:45:00Z,2026-08-01T13:45:00+0200,0.0,MW,NL,NL,actual_solar_generation,Solar | Actual Consumption,2026-08-26T03:46:52Z
2026-08-26T03:42:24Z,2026-08-26T05:42:24+0200,e96b9d4a-1054-48fe-90c7-5f4aaf55485c,2026-08-01T12:00:00Z,2026-08-01T14:00:00+0200,231.001,MW,NL,NL,actual_solar_generation,Solar | Actual Aggregated,2026-08-26T03:46:52Z
2026-08-26T03:42:24Z,2026-08-26T05:42:24+0200,e96b9d4a-1054-48fe-90c7-5f4aaf55485c,2026-08-01T12:00:00Z,2026-08-01T14:00:00+0200,0.0,MW,NL,NL,actual_solar_generation,Solar | Actual Consumption,2026-08-26T03:46:52Z
2026-08-26T03:42:24Z,2026-08-26T05:42:24+0200,e96b9d4a-1054-48fe-90c7-5f4aaf55485c,2026-08-01T12:15:00Z,2026-08-01T14:15:00+0200,209.55,MW,NL,NL,actual_solar_generation,Solar | Actual Aggregated,2026-08-26T03:46:52Z
2026-08-26T03:42:24Z,2026-08-26T05:42:24+0200,e96b9d4a-1054-48fe-90c7-5f4aaf55485c,2026-08-01T12:15:00Z,2026-08-01T14:15:00+0200,0.0,MW,NL,NL,actual_solar_generation,Solar | Actual Consumption,2026-08-26T03:46:52Z
2026-08-26T03:42:24Z,2026-08-26T05:42:24+0200,e96b9d4a-1054-48fe-90c7-5f4aaf55485c,2026-08-01T12:30:00Z,2026-08-01T14:30:00+0200,189.153,MW,NL,NL,actual_solar_generation,Solar | Actual Aggregated,2026-08-26T03:46:52Z
2026-08-26T03:42:24Z,2026-08-26T05:42:24+0200,e96b9d4a-1054-48fe-90c7-5f4aaf55485c,2026-08-01T12:30:00Z,2026-08-01T14:30:00+0200,0.0,MW,NL,NL,actual_solar_generation,Solar | Actual Consumption,2026-08-26T03:46:52Z
2026-08-26T03:42:24Z,2026-08-26T05:42:24+0200,e96b9d4a-1054-48fe-90c7-5f4aaf55485c,2026-08-01T12:45:00Z,2026-08-01T14:45:00+0200,221.555,MW,NL,NL,actual_solar_generation,Solar | Actual Aggregated,2026-08-26T03:46:52Z
2026-08-26T03:42:24Z,2026-08-26T05:42:24+0200,e96b9d4a-1054-48fe-90c7-5f4aaf55485c,2026-08-01T12:45:00Z,2026-08-01T14:45:00+0200,0.0,MW,NL,NL,actual_solar_generation,Solar | Actual Consumption,2026-08-26T03:46:52Z
2026-08-26T03:42:24Z,2026-08-26T05:42:24+0200,e96b9d4a-1054-48fe-90c7-5f4aaf55485c,2026-08-01T13:00:00Z,2026-08-01T15:00:00+0200,209.677,MW,NL,NL,actual_solar_generation,Solar | Actual Aggregated,2026-08-26T03:46:52Z
2026-08-26T03:42:24Z,2026-08-26T05:42:24+0200,e96b9d4a-1054-48fe-90c7-5f4aaf55485c,2026-08-01T13:00:00Z,2026-08-01T15:00:00+0200,0.0,MW,NL,NL,actual_solar_generation,Solar | Actual Consumption,2026-08-26T03:46:52Z
2026-08-26T03:42:24Z,2026-08-26T05:42:24+0200,e96b9d4a-1054-48fe-90c7-5f4aaf55485c,2026-08-01T13:15:00Z,2026-08-01T15:15:00+0200,219.129,MW,NL,NL,actual_solar_generation,Solar | Actual Aggregated,2026-08-26T03:46:52Z
2026-08-26T03:42:24Z,2026-08-26T05:42:24+0200,e96b9d4a-1054-48fe-90c7-5f4aaf55485c,2026-08-01T13:15:00Z,2026-08-01T15:15:00+0200,0.0,MW,NL,NL,actual_solar_generation,Solar | Actual Consumption,2026-08-26T03:46:52Z
2026-08-26T03:42:24Z,2026-08-26T05:42:24+0200,e96b9d4a-1054-48fe-90c7-5f4aaf55485c,2026-08-01T13:30:00Z,2026-08-01T15:30:00+0200,195.189,MW,NL,NL,actual_solar_generation,Solar | Actual Aggregated,2026-08-26T03:46:52Z
2026-08-26T03:42:24Z,2026-08-26T05:42:24+0200,e96b9d4a-1054-48fe-90c7-5f4aaf55485c,2026-08-01T13:30:00Z,2026-08-01T15:30:00+0200,0.0,MW,NL,NL,actual_solar_generation,Solar | Actual Consumption,2026-08-26T03:46:52Z
2026-08-26T03:42:24Z,2026-08-26T05:42:24+0200,e96b9d4a-1054-48fe-90c7-5f4aaf55485c,2026-08-01T13:45:00Z,2026-08-01T15:45:00+0200,206.888,MW,NL,NL,actual_solar_generation,Solar | Actual Aggregated,2026-08-26T03:46:52Z
2026-08-26T03:42:24Z,2026-08-26T05:42:24+0200,e96b9d4a-1054-48fe-90c7-5f4aaf55485c,2026-08-01T13:45:00Z,2026-08-01T15:45:00+0200,0.0,MW,NL,NL,actual_solar_generation,Solar | Actual Consumption,2026-08-26T03:46:52Z
2026-08-26T03:42:24Z,2026-08-26T05:42:24+0200,e96b9d4a-1054-48fe-90c7-5f4aaf55485c,2026-08-01T14:00:00Z,2026-08-01T16:00:00+0200,144.197,MW,NL,NL,actual_solar_generation,Solar | Actual Aggregated,2026-08-26T03:46:52Z
2026-08-26T03:42:24Z,2026-08-26T05:42:24+0200,e96b9d4a-1054-48fe-90c7-5f4aaf55485c,2026-08-01T14:00:00Z,2026-08-01T16:00:00+0200,0.0,MW,NL,NL,actual_solar_generation,Solar | Actual Consumption,2026-08-26T03:46:52Z
2026-08-26T03:42:24Z,2026-08-26T05:42:24+0200,e96b9d4a-1054-48fe-90c7-5f4aaf55485c,2026-08-01T14:15:00Z,2026-08-01T16:15:00+0200,147.742,MW,NL,NL,actual_solar_generation,Solar | Actual Aggregated,2026-08-26T03:46:52Z
2026-08-26T03:42:24Z,2026-08-26T05:42:24+0200,e96b9d4a-1054-48fe-90c7-5f4aaf55485c,2026-08-01T14:15:00Z,2026-08-01T16:15:00+0200,0.0,MW,NL,NL,actual_solar_generation,Solar | Actual Consumption,2026-08-26T03:46:52Z
2026-08-26T03:42:24Z,2026-08-26T05:42:24+0200,e96b9d4a-1054-48fe-90c7-5f4aaf55485c,2026-08-01T14:30:00Z,2026-08-01T16:30:00+0200,148.095,MW,NL,NL,actual_solar_generation,Solar | Actual Aggregated,2026-08-26T03:46:52Z
2026-08-26T03:42:24Z,2026-08-26T05:42:24+0200,e96b9d4a-1054-48fe-90c7-5f4aaf55485c,2026-08-01T14:30:00Z,2026-08-01T16:30:00+0200,0.0,MW,NL,NL,actual_solar_generation,Solar | Actual Consumption,2026-08-26T03:46:52Z
2026-08-26T03:42:24Z,2026-08-26T05:42:24+0200,e96b9d4a-1054-48fe-90c7-5f4aaf55485c,2026-08-01T14:45:00Z,2026-08-01T16:45:00+0200,161.054,MW,NL,NL,actual_solar_generation,Solar | Actual Aggregated,2026-08-26T03:46:52Z
2026-08-26T03:42:24Z,2026-08-26T05:42:24+0200,e96b9d4a-1054-48fe-90c7-5f4aaf55485c,2026-08-01T14:45:00Z,2026-08-01T16:45:00+0200,0.0,MW,NL,NL,actual_solar_generation,Solar | Actual Consumption,2026-08-26T03:46:52Z
2026-08-26T03:42:24Z,2026-08-26T05:42:24+0200,e96b9d4a-1054-48fe-90c7-5f4aaf55485c,2026-08-01T15:00:00Z,2026-08-01T17:00:00+0200,141.417,MW,NL,NL,actual_solar_generation,Solar | Actual Aggregated,2026-08-26T03:46:52Z
2026-08-26T03:42:24Z,2026-08-26T05:42:24+0200,e96b9d4a-1054-48fe-90c7-5f4aaf55485c,2026-08-01T15:00:00Z,2026-08-01T17:00:00+0200,0.0,MW,NL,NL,actual_solar_generation,Solar | Actual Consumption,2026-08-26T03:46:52Z
2026-08-26T03:42:24Z,2026-08-26T05:42:24+0200,e96b9d4a-1054-48fe-90c7-5f4aaf55485c,2026-08-01T15:15:00Z,2026-08-01T17:15:00+0200,93.5,MW,NL,NL,actual_solar_generation,Solar | Actual Aggregated,2026-08-26T03:46:52Z
2026-08-26T03:42:24Z,2026-08-26T05:42:24+0200,e96b9d4a-1054-48fe-90c7-5f4aaf55485c,2026-08-01T15:15:00Z,2026-08-01T17:15:00+0200,0.0,MW,NL,NL,actual_solar_generation,Solar | Actual Consumption,2026-08-26T03:46:52Z
2026-08-26T03:42:24Z,2026-08-26T05:42:24+0200,e96b9d4a-1054-48fe-90c7-5f4aaf55485c,2026-08-01T15:30:00Z,2026-08-01T17:30:00+0200,84.145,MW,NL,NL,actual_solar_generation,Solar | Actual Aggregated,2026-08-26T03:46:52Z
2026-08-26T03:42:24Z,2026-08-26T05:42:24+0200,e96b9d4a-1054-48fe-90c7-5f4aaf55485c,2026-08-01T15:30:00Z,2026-08-01T17:30:00+0200,0.0,MW,NL,NL,actual_solar_generation,Solar | Actual Consumption,2026-08-26T03:46:52Z
2026-08-26T03:42:24Z,2026-08-26T05:42:24+0200,e96b9d4a-1054-48fe-90c7-5f4aaf55485c,2026-08-01T15:45:00Z,2026-08-01T17:45:00+0200,93.361,MW,NL,NL,actual_solar_generation,Solar | Actual Aggregated,2026-08-26T03:46:52Z
2026-08-26T03:42:24Z,2026-08-26T05:42:24+0200,e96b9d4a-1054-48fe-90c7-5f4aaf55485c,2026-08-01T15:45:00Z,2026-08-01T17:45:00+0200,0.0,MW,NL,NL,actual_solar_generation,Solar | Actual Consumption,2026-08-26T03:46:52Z
2026-08-26T03:42:24Z,2026-08-26T05:42:24+0200,e96b9d4a-1054-48fe-90c7-5f4aaf55485c,2026-08-01T16:00:00Z,2026-08-01T18:00:00+0200,97.764,MW,NL,NL,actual_solar_generation,Solar | Actual Aggregated,2026-08-26T03:46:52Z
2026-08-26T03:42:24Z,2026-08-26T05:42:24+0200,e96b9d4a-1054-48fe-90c7-5f4aaf55485c,2026-08-01T16:00:00Z,2026-08-01T18:00:00+0200,0.0,MW,NL,NL,actual_solar_generation,Solar | Actual Consumption,2026-08-26T03:46:52Z
2026-08-26T03:42:24Z,2026-08-26T05:42:24+0200,e96b9d4a-1054-48fe-90c7-5f4aaf55485c,2026-08-01T16:15:00Z,2026-08-01T18:15:00+0200,64.528,MW,NL,NL,actual_solar_generation,Solar | Actual Aggregated,2026-08-26T03:46:52Z
2026-08-26T03:42:24Z,2026-08-26T05:42:24+0200,e96b9d4a-1054-48fe-90c7-5f4aaf55485c,2026-08-01T16:15:00Z,2026-08-01T18:15:00+0200,0.0,MW,NL,NL,actual_solar_generation,Solar | Actual Consumption,2026-08-26T03:46:52Z
2026-08-26T03:42:24Z,2026-08-26T05:42:24+0200,e96b9d4a-1054-48fe-90c7-5f4aaf55485c,2026-08-01T16:30:00Z,2026-08-01T18:30:00+0200,78.958,MW,NL,NL,actual_solar_generation,Solar | Actual Aggregated,2026-08-26T03:46:52Z
2026-08-26T03:42:24Z,2026-08-26T05:42:24+0200,e96b9d4a-1054-48fe-90c7-5f4aaf55485c,2026-08-01T16:30:00Z,2026-08-01T18:30:00+0200,0.0,MW,NL,NL,actual_solar_generation,Solar | Actual Consumption,2026-08-26T03:46:52Z
2026-08-26T03:42:24Z,2026-08-26T05:42:24+0200,e96b9d4a-1054-48fe-90c7-5f4aaf55485c,2026-08-01T16:45:00Z,2026-08-01T18:45:00+0200,62.199,MW,NL,NL,actual_solar_generation,Solar | Actual Aggregated,2026-08-26T03:46:52Z
2026-08-26T03:42:24Z,2026-08-26T05:42:24+0200,e96b9d4a-1054-48fe-90c7-5f4aaf55485c,2026-08-01T16:45:00Z,2026-08-01T18:45:00+0200,0.0,MW,NL,NL,actual_solar_generation,Solar | Actual Consumption,2026-08-26T03:46:52Z
2026-08-26T03:42:24Z,2026-08-26T05:42:24+0200,e96b9d4a-1054-48fe-90c7-5f4aaf55485c,2026-08-01T17:00:00Z,2026-08-01T19:00:00+0200,45.823,MW,NL,NL,actual_solar_generation,Solar | Actual Aggregated,2026-08-26T03:46:52Z
2026-08-26T03:42:24Z,2026-08-26T05:42:24+0200,e96b9d4a-1054-48fe-90c7-5f4aaf55485c,2026-08-01T17:00:00Z,2026-08-01T19:00:00+0200,0.0,MW,NL,NL,actual_solar_generation,Solar | Actual Consumption,2026-08-26T03:46:52Z
2026-08-26T03:42:24Z,2026-08-26T05:42:24+0200,e96b9d4a-1054-48fe-90c7-5f4aaf55485c,2026-08-01T17:15:00Z,2026-08-01T19:15:00+0200,55.08,MW,NL,NL,actual_solar_generation,Solar | Actual Aggregated,2026-08-26T03:46:52Z
2026-08-26T03:42:24Z,2026-08-26T05:42:24+0200,e96b9d4a-1054-48fe-90c7-5f4aaf55485c,2026-08-01T17:15:00Z,2026-08-01T19:15:00+0200,0.0,MW,NL,NL,actual_solar_generation,Solar | Actual Consumption,2026-08-26T03:46:52Z
2026-08-26T03:42:24Z,2026-08-26T05:42:24+0200,e96b9d4a-1054-48fe-90c7-5f4aaf55485c,2026-08-01T17:30:00Z,2026-08-01T19:30:00+0200,41.49,MW,NL,NL,actual_solar_generation,Solar | Actual Aggregated,2026-08-26T03:46:52Z
2026-08-26T03:42:24Z,2026-08-26T05:42:24+0200,e96b9d4a-1054-48fe-90c7-5f4aaf55485c,2026-08-01T17:30:00Z,2026-08-01T19:30:00+0200,0.0,MW,NL,NL,actual_solar_generation,Solar | Actual Consumption,2026-08-26T03:46:52Z
2026-08-26T03:42:24Z,2026-08-26T05:42:24+0200,e96b9d4a-1054-48fe-90c7-5f4aaf55485c,2026-08-01T17:45:00Z,2026-08-01T19:45:00+0200,33.264,MW,NL,NL,actual_solar_generation,Solar | Actual Aggregated,2026-08-26T03:46:52Z
2026-08-26T03:42:24Z,2026-08-26T05:42:24+0200,e96b9d4a-1054-48fe-90c7-5f4aaf55485c,2026-08-01T17:45:00Z,2026-08-01T19:45:00+0200,0.0,MW,NL,NL,actual_solar_generation,Solar | Actual Consumption,2026-08-26T03:46:52Z
2026-08-26T03:42:24Z,2026-08-26T05:42:24+0200,e96b9d4a-1054-48fe-90c7-5f4aaf55485c,2026-08-01T18:00:00Z,2026-08-01T20:00:00+0200,24.903,MW,NL,NL,actual_solar_generation,Solar | Actual Aggregated,2026-08-26T03:46:52Z
2026-08-26T03:42:24Z,2026-08-26T05:42:24+0200,e96b9d4a-1054-48fe-90c7-5f4aaf55485c,2026-08-01T18:00:00Z,2026-08-01T20:00:00+0200,0.0,MW,NL,NL,actual_solar_generation,Solar | Actual Consumption,2026-08-26T03:46:52Z
2026-08-26T03:42:24Z,2026-08-26T05:42:24+0200,e96b9d4a-1054-48fe-90c7-5f4aaf55485c,2026-08-01T18:15:00Z,2026-08-01T20:15:00+0200,16.311,MW,NL,NL,actual_solar_generation,Solar | Actual Aggregated,2026-08-26T03:46:52Z
2026-08-26T03:42:24Z,2026-08-26T05:42:24+0200,e96b9d4a-1054-48fe-90c7-5f4aaf55485c,2026-08-01T18:15:00Z,2026-08-01T20:15:00+0200,0.0,MW,NL,NL,actual_solar_generation,Solar | Actual Consumption,2026-08-26T03:46:52Z
2026-08-26T03:42:24Z,2026-08-26T05:42:24+0200,e96b9d4a-1054-48fe-90c7-5f4aaf55485c,2026-08-01T18:30:00Z,2026-08-01T20:30:00+0200,9.606,MW,NL,NL,actual_solar_generation,Solar | Actual Aggregated,2026-08-26T03:46:52Z
2026-08-26T03:42:24Z,2026-08-26T05:42:24+0200,e96b9d4a-1054-48fe-90c7-5f4aaf55485c,2026-08-01T18:30:00Z,2026-08-01T20:30:00+0200,0.0,MW,NL,NL,actual_solar_generation,Solar | Actual Consumption,2026-08-26T03:46:52Z
2026-08-26T03:42:24Z,2026-08-26T05:42:24+0200,e96b9d4a-1054-48fe-90c7-5f4aaf55485c,2026-08-01T18:45:00Z,2026-08-01T20:45:00+0200,6.251,MW,NL,NL,actual_solar_generation,Solar | Actual Aggregated,2026-08-26T03:46:52Z
2026-08-26T03:42:24Z,2026-08-26T05:42:24+0200,e96b9d4a-1054-48fe-90c7-5f4aaf55485c,2026-08-01T18:45:00Z,2026-08-01T20:45:00+0200,0.0,MW,NL,NL,actual_solar_generation,Solar | Actual Consumption,2026-08-26T03:46:52Z
2026-08-26T03:42:24Z,2026-08-26T05:42:24+0200,e96b9d4a-1054-48fe-90c7-5f4aaf55485c,2026-08-01T19:00:00Z,2026-08-01T21:00:00+0200,3.037,MW,NL,NL,actual_solar_generation,Solar | Actual Aggregated,2026-08-26T03:46:52Z
2026-08-26T03:42:24Z,2026-08-26T05:42:24+0200,e96b9d4a-1054-48fe-90c7-5f4aaf55485c,2026-08-01T19:00:00Z,2026-08-01T21:00:00+0200,0.0,MW,NL,NL,actual_solar_generation,Solar | Actual Consumption,2026-08-26T03:46:52Z
2026-08-26T03:42:24Z,2026-08-26T05:42:24+0200,e96b9d4a-1054-48fe-90c7-5f4aaf55485c,2026-08-01T19:15:00Z,2026-08-01T21:15:00+0200,1.229,MW,NL,NL,actual_solar_generation,Solar | Actual Aggregated,2026-08-26T03:46:52Z
2026-08-26T03:42:24Z,2026-08-26T05:42:24+0200,e96b9d4a-1054-48fe-90c7-5f4aaf55485c,2026-08-01T19:15:00Z,2026-08-01T21:15:00+0200,0.0,MW,NL,NL,actual_solar_generation,Solar | Actual Consumption,2026-08-26T03:46:52Z
2026-08-26T03:42:24Z,2026-08-26T05:42:24+0200,e96b9d4a-1054-48fe-90c7-5f4aaf55485c,2026-08-01T19:30:00Z,2026-08-01T21:30:00+0200,0.0,MW,NL,NL,actual_solar_generation,Solar | Actual Aggregated,2026-08-26T03:46:52Z
2026-08-26T03:42:24Z,2026-08-26T05:42:24+0200,e96b9d4a-1054-48fe-90c7-5f4aaf55485c,2026-08-01T19:30:00Z,2026-08-01T21:30:00+0200,0.974,MW,NL,NL,actual_solar_generation,Solar | Actual Consumption,2026-08-26T03:46:52Z
2026-08-26T03:42:24Z,2026-08-26T05:42:24+0200,e96b9d4a-1054-48fe-90c7-5f4aaf55485c,2026-08-01T19:45:00Z,2026-08-01T21:45:00+0200,0.0,MW,NL,NL,actual_solar_generation,Solar | Actual Aggregated,2026-08-26T03:46:52Z
2026-08-26T03:42:24Z,2026-08-26T05:42:24+0200,e96b9d4a-1054-48fe-90c7-5f4aaf55485c,2026-08-01T19:45:00Z,2026-08-01T21:45:00+0200,0.122,MW,NL,NL,actual_solar_generation,Solar | Actual Consumption,2026-08-26T03:46:52Z
2026-08-26T03:42:24Z,2026-08-26T05:42:24+0200,e96b9d4a-1054-48fe-90c7-5f4aaf55485c,2026-08-01T20:00:00Z,2026-08-01T22:00:00+0200,0.0,MW,NL,NL,actual_solar_generation,Solar | Actual Aggregated,2026-08-26T03:46:52Z
2026-08-26T03:42:24Z,2026-08-26T05:42:24+0200,e96b9d4a-1054-48fe-90c7-5f4aaf55485c,2026-08-01T20:00:00Z,2026-08-01T22:00:00+0200,0.127,MW,NL,NL,actual_solar_generation,Solar | Actual Consumption,2026-08-26T03:46:52Z
2026-08-26T03:42:24Z,2026-08-26T05:42:24+0200,e96b9d4a-1054-48fe-90c7-5f4aaf55485c,2026-08-01T20:15:00Z,2026-08-01T22:15:00+0200,0.0,MW,NL,NL,actual_solar_generation,Solar | Actual Aggregated,2026-08-26T03:46:52Z
2026-08-26T03:42:24Z,2026-08-26T05:42:24+0200,e96b9d4a-1054-48fe-90c7-5f4aaf55485c,2026-08-01T20:15:00Z,2026-08-01T22:15:00+0200,0.137,MW,NL,NL,actual_solar_generation,Solar | Actual Consumption,2026-08-26T03:46:52Z
2026-08-26T03:42:24Z,2026-08-26T05:42:24+0200,e96b9d4a-1054-48fe-90c7-5f4aaf55485c,2026-08-01T20:30:00Z,2026-08-01T22:30:00+0200,0.0,MW,NL,NL,actual_solar_generation,Solar | Actual Aggregated,2026-08-26T03:46:52Z
2026-08-26T03:42:24Z,2026-08-26T05:42:24+0200,e96b9d4a-1054-48fe-90c7-5f4aaf55485c,2026-08-01T20:30:00Z,2026-08-01T22:30:00+0200,0.13,MW,NL,NL,actual_solar_generation,Solar | Actual Consumption,2026-08-26T03:46:52Z
2026-08-26T03:42:24Z,2026-08-26T05:42:24+0200,e96b9d4a-1054-48fe-90c7-5f4aaf55485c,2026-08-01T20:45:00Z,2026-08-01T22:45:00+0200,0.0,MW,NL,NL,actual_solar_generation,Solar | Actual Aggregated,2026-08-26T03:46:52Z
2026-08-26T03:42:24Z,2026-08-26T05:42:24+0200,e96b9d4a-1054-48fe-90c7-5f4aaf55485c,2026-08-01T20:45:00Z,2026-08-01T22:45:00+0200,0.13,MW,NL,NL,actual_solar_generation,Solar | Actual Consumption,2026-08-26T03:46:52Z
2026-08-26T03:42:24Z,2026-08-26T05:42:24+0200,e96b9d4a-1054-48fe-90c7-5f4aaf55485c,2026-08-01T21:00:00Z,2026-08-01T23:00:00+0200,0.0,MW,NL,NL,actual_solar_generation,Solar | Actual Aggregated,2026-08-26T03:46:52Z
2026-08-26T03:42:24Z,2026-08-26T05:42:24+0200,e96b9d4a-1054-48fe-90c7-5f4aaf55485c,2026-08-01T21:00:00Z,2026-08-01T23:00:00+0200,0.13,MW,NL,NL,actual_solar_generation,Solar | Actual Consumption,2026-08-26T03:46:52Z
2026-08-26T03:42:24Z,2026-08-26T05:42:24+0200,e96b9d4a-1054-48fe-90c7-5f4aaf55485c,2026-08-01T21:15:00Z,2026-08-01T23:15:00+0200,0.0,MW,NL,NL,actual_solar_generation,Solar | Actual Aggregated,2026-08-26T03:46:52Z
2026-08-26T03:42:24Z,2026-08-26T05:42:24+0200,e96b9d4a-1054-48fe-90c7-5f4aaf55485c,2026-08-01T21:15:00Z,2026-08-01T23:15:00+0200,0.13,MW,NL,NL,actual_solar_generation,Solar | Actual Consumption,2026-08-26T03:46:52Z
2026-08-26T03:42:24Z,2026-08-26T05:42:24+0200,e96b9d4a-1054-48fe-90c7-5f4aaf55485c,2026-08-01T21:30:00Z,2026-08-01T23:30:00+0200,0.0,MW,NL,NL,actual_solar_generation,Solar | Actual Aggregated,2026-08-26T03:46:52Z
2026-08-26T03:42:24Z,2026-08-26T05:42:24+0200,e96b9d4a-1054-48fe-90c7-5f4aaf55485c,2026-08-01T21:30:00Z,2026-08-01T23:30:00+0200,0.117,MW,NL,NL,actual_solar_generation,Solar | Actual Consumption,2026-08-26T03:46:52Z
2026-08-26T03:42:24Z,2026-08-26T05:42:24+0200,e96b9d4a-1054-48fe-90c7-5f4aaf55485c,2026-08-01T21:45:00Z,2026-08-01T23:45:00+0200,0.0,MW,NL,NL,actual_solar_generation,Solar | Actual Aggregated,2026-08-26T03:46:52Z
2026-08-26T03:42:24Z,2026-08-26T05:42:24+0200,e96b9d4a-1054-48fe-90c7-5f4aaf55485c,2026-08-01T21:45:00Z,2026-08-01T23:45:00+0200,0.133,MW,NL,NL,actual_solar_generation,Solar | Actual Consumption,2026-08-26T03:46:52Z
2026-08-26T03:42:24Z,2026-08-26T05:42:24+0200,e96b9d4a-1054-48fe-90c7-5f4aaf55485c,2026-08-01T22:00:00Z,2026-08-02T00:00:00+0200,0.0,MW,NL,NL,actual_solar_generation,Solar | Actual Aggregated,2026-08-26T03:46:52Z
2026-08-26T03:42:24Z,2026-08-26T05:42:24+0200,e96b9d4a-1054-48fe-90c7-5f4aaf55485c,2026-08-01T22:00:00Z,2026-08-02T00:00:00+0200,0.133,MW,NL,NL,actual_solar_generation,Solar | Actual Consumption,2026-08-26T03:46:52Z
2026-08-26T03:42:24Z,2026-08-26T05:42:24+0200,e96b9d4a-1054-48fe-90c7-5f4aaf55485c,2026-08-01T22:15:00Z,2026-08-02T00:15:00+0200,0.0,MW,NL,NL,actual_solar_generation,Solar | Actual Aggregated,2026-08-26T03:46:52Z
2026-08-26T03:42:24Z,2026-08-26T05:42:24+0200,e96b9d4a-1054-48fe-90c7-5f4aaf55485c,2026-08-01T22:15:00Z,2026-08-02T00:15:00+0200,0.112,MW,NL,NL,actual_solar_generation,Solar | Actual Consumption,2026-08-26T03:46:52Z
2026-08-26T03:42:24Z,2026-08-26T05:42:24+0200,e96b9d4a-1054-48fe-90c7-5f4aaf55485c,2026-08-01T22:30:00Z,2026-08-02T00:30:00+0200,0.0,MW,NL,NL,actual_solar_generation,Solar | Actual Aggregated,2026-08-26T03:46:52Z
2026-08-26T03:42:24Z,2026-08-26T05:42:24+0200,e96b9d4a-1054-48fe-90c7-5f4aaf55485c,2026-08-01T22:30:00Z,2026-08-02T00:30:00+0200,0.135,MW,NL,NL,actual_solar_generation,Solar | Actual Consumption,2026-08-26T03:46:52Z
2026-08-26T03:42:24Z,2026-08-26T05:42:24+0200,e96b9d4a-1054-48fe-90c7-5f4aaf55485c,2026-08-01T22:45:00Z,2026-08-02T00:45:00+0200,0.0,MW,NL,NL,actual_solar_generation,Solar | Actual Aggregated,2026-08-26T03:46:52Z
2026-08-26T03:42:24Z,2026-08-26T05:42:24+0200,e96b9d4a-1054-48fe-90c7-5f4aaf55485c,2026-08-01T22:45:00Z,2026-08-02T00:45:00+0200,0.117,MW,NL,NL,actual_solar_generation,Solar | Actual Consumption,2026-08-26T03:46:52Z
2026-08-26T03:42:24Z,2026-08-26T05:42:24+0200,e96b9d4a-1054-48fe-90c7-5f4aaf55485c,2026-08-01T23:00:00Z,2026-08-02T01:00:00+0200,0.0,MW,NL,NL,actual_solar_generation,Solar | Actual Aggregated,2026-08-26T03:46:52Z
2026-08-26T03:42:24Z,2026-08-26T05:42:24+0200,e96b9d4a-1054-48fe-90c7-5f4aaf55485c,2026-08-01T23:00:00Z,2026-08-02T01:00:00+0200,0.132,MW,NL,NL,actual_solar_generation,Solar | Actual Consumption,2026-08-26T03:46:52Z
2026-08-26T03:42:24Z,2026-08-26T05:42:24+0200,e96b9d4a-1054-48fe-90c7-5f4aaf55485c,2026-08-01T23:15:00Z,2026-08-02T01:15:00+0200,0.0,MW,NL,NL,actual_solar_generation,Solar | Actual Aggregated,2026-08-26T03:46:52Z
2026-08-26T03:42:24Z,2026-08-26T05:42:24+0200,e96b9d4a-1054-48fe-90c7-5f4aaf55485c,2026-08-01T23:15:00Z,2026-08-02T01:15:00+0200,0.132,MW,NL,NL,actual_solar_generation,Solar | Actual Consumption,2026-08-26T03:46:52Z
2026-08-26T03:42:24Z,2026-08-26T05:42:24+0200,e96b9d4a-1054-48fe-90c7-5f4aaf55485c,2026-08-01T23:30:00Z,2026-08-02T01:30:00+0200,0.0,MW,NL,NL,actual_solar_generation,Solar | Actual Aggregated,2026-08-26T03:46:52Z
2026-08-26T03:42:24Z,2026-08-26T05:42:24+0200,e96b9d4a-1054-48fe-90c7-5f4aaf55485c,2026-08-01T23:30:00Z,2026-08-02T01:30:00+0200,0.13,MW,NL,NL,actual_solar_generation,Solar | Actual Consumption,2026-08-26T03:46:52Z
2026-08-26T03:42:24Z,2026-08-26T05:42:24+0200,e96b9d4a-1054-48fe-90c7-5f4aaf55485c,2026-08-01T23:45:00Z,2026-08-02T01:45:00+0200,0.0,MW,NL,NL,actual_solar_generation,Solar | Actual Aggregated,2026-08-26T03:46:52Z
2026-08-26T03:42:24Z,2026-08-26T05:42:24+0200,e96b9d4a-1054-48fe-90c7-5f4aaf55485c,2026-08-01T23:45:00Z,2026-08-02T01:45:00+0200,0.129,MW,NL,NL,actual_solar_generation,Solar | Actual Consumption,2026-08-26T03:46:52Z
2026-08-26T03:42:24Z,2026-08-26T05:42:24+0200,e96b9d4a-1054-48fe-90c7-5f4aaf55485c,2026-08-02T00:00:00Z,2026-08-02T02:00:00+0200,0.0,MW,NL,NL,actual_solar_generation,Solar | Actual Aggregated,2026-08-26T03:46:52Z
2026-08-26T03:42:24Z,2026-08-26T05:42:24+0200,e96b9d4a-1054-48fe-90c7-5f4aaf55485c,2026-08-02T00:00:00Z,2026-08-02T02:00:00+0200,0.129,MW,NL,NL,actual_solar_generation,Solar | Actual Consumption,2026-08-26T03:46:52Z
2026-08-26T03:42:24Z,2026-08-26T05:42:24+0200,e96b9d4a-1054-48fe-90c7-5f4aaf55485c,2026-08-02T00:15:00Z,2026-08-02T02:15:00+0200,0.0,MW,NL,NL,actual_solar_generation,Solar | Actual Aggregated,2026-08-26T03:46:52Z
2026-08-26T03:42:24Z,2026-08-26T05:42:24+0200,e96b9d4a-1054-48fe-90c7-5f4aaf55485c,2026-08-02T00:15:00Z,2026-08-02T02:15:00+0200,0.129,MW,NL,NL,actual_solar_generation,Solar | Actual Consumption,2026-08-26T03:46:52Z
2026-08-26T03:42:24Z,2026-08-26T05:42:24+0200,e96b9d4a-1054-48fe-90c7-5f4aaf55485c,2026-08-02T00:30:00Z,2026-08-02T02:30:00+0200,0.0,MW,NL,NL,actual_solar_generation,Solar | Actual Aggregated,2026-08-26T03:46:52Z
2026-08-26T03:42:24Z,2026-08-26T05:42:24+0200,e96b9d4a-1054-48fe-90c7-5f4aaf55485c,2026-08-02T00:30:00Z,2026-08-02T02:30:00+0200,0.129,MW,NL,NL,actual_solar_generation,Solar | Actual Consumption,2026-08-26T03:46:52Z
2026-08-26T03:42:24Z,2026-08-26T05:42:24+0200,e96b9d4a-1054-48fe-90c7-5f4aaf55485c,2026-08-02T00:45:00Z,2026-08-02T02:45:00+0200,0.0,MW,NL,NL,actual_solar_generation,Solar | Actual Aggregated,2026-08-26T03:46:52Z
2026-08-26T03:42:24Z,2026-08-26T05:42:24+0200,e96b9d4a-1054-48fe-90c7-5f4aaf55485c,2026-08-02T00:45:00Z,2026-08-02T02:45:00+0200,0.129,MW,NL,NL,actual_solar_generation,Solar | Actual Consumption,2026-08-26T03:46:52Z
2026-08-26T03:42:24Z,2026-08-26T05:42:24+0200,e96b9d4a-1054-48fe-90c7-5f4aaf55485c,2026-08-02T01:00:00Z,2026-08-02T03:00:00+0200,0.0,MW,NL,NL,actual_solar_generation,Solar | Actual Aggregated,2026-08-26T03:46:52Z
2026-08-26T03:42:24Z,2026-08-26T05:42:24+0200,e96b9d4a-1054-48fe-90c7-5f4aaf55485c,2026-08-02T01:00:00Z,2026-08-02T03:00:00+0200,0.129,MW,NL,NL,actual_solar_generation,Solar | Actual Consumption,2026-08-26T03:46:52Z
2026-08-26T03:42:24Z,2026-08-26T05:42:24+0200,e96b9d4a-1054-48fe-90c7-5f4aaf55485c,2026-08-02T01:15:00Z,2026-08-02T03:15:00+0200,0.0,MW,NL,NL,actual_solar_generation,Solar | Actual Aggregated,2026-08-26T03:46:52Z
2026-08-26T03:42:24Z,2026-08-26T05:42:24+0200,e96b9d4a-1054-48fe-90c7-5f4aaf55485c,2026-08-02T01:15:00Z,2026-08-02T03:15:00+0200,0.129,MW,NL,NL,actual_solar_generation,Solar | Actual Consumption,2026-08-26T03:46:52Z
2026-08-26T03:42:24Z,2026-08-26T05:42:24+0200,e96b9d4a-1054-48fe-90c7-5f4aaf55485c,2026-08-02T01:30:00Z,2026-08-02T03:30:00+0200,0.0,MW,NL,NL,actual_solar_generation,Solar | Actual Aggregated,2026-08-26T03:46:52Z
2026-08-26T03:42:24Z,2026-08-26T05:42:24+0200,e96b9d4a-1054-48fe-90c7-5f4aaf55485c,2026-08-02T01:30:00Z,2026-08-02T03:30:00+0200,0.129,MW,NL,NL,actual_solar_generation,Solar | Actual Consumption,2026-08-26T03:46:52Z
2026-08-26T03:42:24Z,2026-08-26T05:42:24+0200,e96b9d4a-1054-48fe-90c7-5f4aaf55485c,2026-08-02T01:45:00Z,2026-08-02T03:45:00+0200,0.0,MW,NL,NL,actual_solar_generation,Solar | Actual Aggregated,2026-08-26T03:46:52Z
2026-08-26T03:42:24Z,2026-08-26T05:42:24+0200,e96b9d4a-1054-48fe-90c7-5f4aaf55485c,2026-08-02T01:45:00Z,2026-08-02T03:45:00+0200,0.129,MW,NL,NL,actual_solar_generation,Solar | Actual Consumption,2026-08-26T03:46:52Z
2026-08-26T03:42:24Z,2026-08-26T05:42:24+0200,e96b9d4a-1054-48fe-90c7-5f4aaf55485c,2026-08-02T02:00:00Z,2026-08-02T04:00:00+0200,0.0,MW,NL,NL,actual_solar_generation,Solar | Actual Aggregated,2026-08-26T03:46:52Z
2026-08-26T03:42:24Z,2026-08-26T05:42:24+0200,e96b9d4a-1054-48fe-90c7-5f4aaf55485c,2026-08-02T02:00:00Z,2026-08-02T04:00:00+0200,0.129,MW,NL,NL,actual_solar_generation,Solar | Actual Consumption,2026-08-26T03:46:52Z
2026-08-26T03:42:24Z,2026-08-26T05:42:24+0200,e96b9d4a-1054-48fe-90c7-5f4aaf55485c,2026-08-02T02:15:00Z,2026-08-02T04:15:00+0200,0.0,MW,NL,NL,actual_solar_generation,Solar | Actual Aggregated,2026-08-26T03:46:52Z
2026-08-26T03:42:24Z,2026-08-26T05:42:24+0200,e96b9d4a-1054-48fe-90c7-5f4aaf55485c,2026-08-02T02:15:00Z,2026-08-02T04:15:00+0200,0.129,MW,NL,NL,actual_solar_generation,Solar | Actual Consumption,2026-08-26T03:46:52Z
2026-08-26T03:42:24Z,2026-08-26T05:42:24+0200,e96b9d4a-1054-48fe-90c7-5f4aaf55485c,2026-08-02T02:30:00Z,2026-08-02T04:30:00+0200,0.0,MW,NL,NL,actual_solar_generation,Solar | Actual Aggregated,2026-08-26T03:46:52Z
2026-08-26T03:42:24Z,2026-08-26T05:42:24+0200,e96b9d4a-1054-48fe-90c7-5f4aaf55485c,2026-08-02T02:30:00Z,2026-08-02T04:30:00+0200,0.121,MW,NL,NL,actual_solar_generation,Solar | Actual Consumption,2026-08-26T03:46:52Z
2026-08-26T03:42:24Z,2026-08-26T05:42:24+0200,e96b9d4a-1054-48fe-90c7-5f4aaf55485c,2026-08-02T02:45:00Z,2026-08-02T04:45:00+0200,0.0,MW,NL,NL,actual_solar_generation,Solar | Actual Aggregated,2026-08-26T03:46:52Z
2026-08-26T03:42:24Z,2026-08-26T05:42:24+0200,e96b9d4a-1054-48fe-90c7-5f4aaf55485c,2026-08-02T02:45:00Z,2026-08-02T04:45:00+0200,0.129,MW,NL,NL,actual_solar_generation,Solar | Actual Consumption,2026-08-26T03:46:52Z
2026-08-26T03:42:24Z,2026-08-26T05:42:24+0200,e96b9d4a-1054-48fe-90c7-5f4aaf55485c,2026-08-02T03:00:00Z,2026-08-02T05:00:00+0200,0.0,MW,NL,NL,actual_solar_generation,Solar | Actual Aggregated,2026-08-26T03:46:52Z
2026-08-26T03:42:24Z,2026-08-26T05:42:24+0200,e96b9d4a-1054-48fe-90c7-5f4aaf55485c,2026-08-02T03:00:00Z,2026-08-02T05:00:00+0200,0.133,MW,NL,NL,actual_solar_generation,Solar | Actual Consumption,2026-08-26T03:46:52Z
2026-08-26T03:42:24Z,2026-08-26T05:42:24+0200,e96b9d4a-1054-48fe-90c7-5f4aaf55485c,2026-08-02T03:15:00Z,2026-08-02T05:15:00+0200,0.0,MW,NL,NL,actual_solar_generation,Solar | Actual Aggregated,2026-08-26T03:46:52Z
2026-08-26T03:42:24Z,2026-08-26T05:42:24+0200,e96b9d4a-1054-48fe-90c7-5f4aaf55485c,2026-08-02T03:15:00Z,2026-08-02T05:15:00+0200,0.12,MW,NL,NL,actual_solar_generation,Solar | Actual Consumption,2026-08-26T03:46:52Z
2026-08-26T03:42:24Z,2026-08-26T05:42:24+0200,e96b9d4a-1054-48fe-90c7-5f4aaf55485c,2026-08-02T03:30:00Z,2026-08-02T05:30:00+0200,0.0,MW,NL,NL,actual_solar_generation,Solar | Actual Aggregated,2026-08-26T03:46:52Z
2026-08-26T03:42:24Z,2026-08-26T05:42:24+0200,e96b9d4a-1054-48fe-90c7-5f4aaf55485c,2026-08-02T03:30:00Z,2026-08-02T05:30:00+0200,0.133,MW,NL,NL,actual_solar_generation,Solar | Actual Consumption,2026-08-26T03:46:52Z
2026-08-26T03:42:24Z,2026-08-26T05:42:24+0200,e96b9d4a-1054-48fe-90c7-5f4aaf55485c,2026-08-02T03:45:00Z,2026-08-02T05:45:00+0200,0.206,MW,NL,NL,actual_solar_generation,Solar | Actual Aggregated,2026-08-26T03:46:52Z
2026-08-26T03:42:24Z,2026-08-26T05:42:24+0200,e96b9d4a-1054-48fe-90c7-5f4aaf55485c,2026-08-02T03:45:00Z,2026-08-02T05:45:00+0200,0.139,MW,NL,NL,actual_solar_generation,Solar | Actual Consumption,2026-08-26T03:46:52Z
2026-08-26T03:42:24Z,2026-08-26T05:42:24+0200,e96b9d4a-1054-48fe-90c7-5f4aaf55485c,2026-08-02T04:00:00Z,2026-08-02T06:00:00+0200,3.79,MW,NL,NL,actual_solar_generation,Solar | Actual Aggregated,2026-08-26T03:46:52Z
2026-08-26T03:42:24Z,2026-08-26T05:42:24+0200,e96b9d4a-1054-48fe-90c7-5f4aaf55485c,2026-08-02T04:00:00Z,2026-08-02T06:00:00+0200,0.0,MW,NL,NL,actual_solar_generation,Solar | Actual Consumption,2026-08-26T03:46:52Z
2026-08-26T03:42:24Z,2026-08-26T05:42:24+0200,e96b9d4a-1054-48fe-90c7-5f4aaf55485c,2026-08-02T04:15:00Z,2026-08-02T06:15:00+0200,6.409,MW,NL,NL,actual_solar_generation,Solar | Actual Aggregated,2026-08-26T03:46:52Z
2026-08-26T03:42:24Z,2026-08-26T05:42:24+0200,e96b9d4a-1054-48fe-90c7-5f4aaf55485c,2026-08-02T04:15:00Z,2026-08-02T06:15:00+0200,0.0,MW,NL,NL,actual_solar_generation,Solar | Actual Consumption,2026-08-26T03:46:52Z
2026-08-26T03:42:24Z,2026-08-26T05:42:24+0200,e96b9d4a-1054-48fe-90c7-5f4aaf55485c,2026-08-02T04:30:00Z,2026-08-02T06:30:00+0200,10.609,MW,NL,NL,actual_solar_generation,Solar | Actual Aggregated,2026-08-26T03:46:52Z
2026-08-26T03:42:24Z,2026-08-26T05:42:24+0200,e96b9d4a-1054-48fe-90c7-5f4aaf55485c,2026-08-02T04:30:00Z,2026-08-02T06:30:00+0200,0.0,MW,NL,NL,actual_solar_generation,Solar | Actual Consumption,2026-08-26T03:46:52Z
2026-08-26T03:42:24Z,2026-08-26T05:42:24+0200,e96b9d4a-1054-48fe-90c7-5f4aaf55485c,2026-08-02T04:45:00Z,2026-08-02T06:45:00+0200,15.652,MW,NL,NL,actual_solar_generation,Solar | Actual Aggregated,2026-08-26T03:46:52Z
2026-08-26T03:42:24Z,2026-08-26T05:42:24+0200,e96b9d4a-1054-48fe-90c7-5f4aaf55485c,2026-08-02T04:45:00Z,2026-08-02T06:45:00+0200,0.0,MW,NL,NL,actual_solar_generation,Solar | Actual Consumption,2026-08-26T03:46:52Z
2026-08-26T03:42:24Z,2026-08-26T05:42:24+0200,e96b9d4a-1054-48fe-90c7-5f4aaf55485c,2026-08-02T05:00:00Z,2026-08-02T07:00:00+0200,21.507,MW,NL,NL,actual_solar_generation,Solar | Actual Aggregated,2026-08-26T03:46:52Z
2026-08-26T03:42:24Z,2026-08-26T05:42:24+0200,e96b9d4a-1054-48fe-90c7-5f4aaf55485c,2026-08-02T05:00:00Z,2026-08-02T07:00:00+0200,0.0,MW,NL,NL,actual_solar_generation,Solar | Actual Consumption,2026-08-26T03:46:52Z
2026-08-26T03:42:24Z,2026-08-26T05:42:24+0200,e96b9d4a-1054-48fe-90c7-5f4aaf55485c,2026-08-02T05:15:00Z,2026-08-02T07:15:00+0200,28.676,MW,NL,NL,actual_solar_generation,Solar | Actual Aggregated,2026-08-26T03:46:52Z
2026-08-26T03:42:24Z,2026-08-26T05:42:24+0200,e96b9d4a-1054-48fe-90c7-5f4aaf55485c,2026-08-02T05:15:00Z,2026-08-02T07:15:00+0200,0.0,MW,NL,NL,actual_solar_generation,Solar | Actual Consumption,2026-08-26T03:46:52Z
2026-08-26T03:42:24Z,2026-08-26T05:42:24+0200,e96b9d4a-1054-48fe-90c7-5f4aaf55485c,2026-08-02T05:30:00Z,2026-08-02T07:30:00+0200,40.158,MW,NL,NL,actual_solar_generation,Solar | Actual Aggregated,2026-08-26T03:46:52Z
2026-08-26T03:42:24Z,2026-08-26T05:42:24+0200,e96b9d4a-1054-48fe-90c7-5f4aaf55485c,2026-08-02T05:30:00Z,2026-08-02T07:30:00+0200,0.0,MW,NL,NL,actual_solar_generation,Solar | Actual Consumption,2026-08-26T03:46:52Z
2026-08-26T03:42:24Z,2026-08-26T05:42:24+0200,e96b9d4a-1054-48fe-90c7-5f4aaf55485c,2026-08-02T05:45:00Z,2026-08-02T07:45:00+0200,52.399,MW,NL,NL,actual_solar_generation,Solar | Actual Aggregated,2026-08-26T03:46:52Z
2026-08-26T03:42:24Z,2026-08-26T05:42:24+0200,e96b9d4a-1054-48fe-90c7-5f4aaf55485c,2026-08-02T05:45:00Z,2026-08-02T07:45:00+0200,0.0,MW,NL,NL,actual_solar_generation,Solar | Actual Consumption,2026-08-26T03:46:52Z
2026-08-26T03:42:24Z,2026-08-26T05:42:24+0200,e96b9d4a-1054-48fe-90c7-5f4aaf55485c,2026-08-02T06:00:00Z,2026-08-02T08:00:00+0200,66.447,MW,NL,NL,actual_solar_generation,Solar | Actual Aggregated,2026-08-26T03:46:52Z
2026-08-26T03:42:24Z,2026-08-26T05:42:24+0200,e96b9d4a-1054-48fe-90c7-5f4aaf55485c,2026-08-02T06:00:00Z,2026-08-02T08:00:00+0200,0.0,MW,NL,NL,actual_solar_generation,Solar | Actual Consumption,2026-08-26T03:46:52Z
2026-08-26T03:42:24Z,2026-08-26T05:42:24+0200,e96b9d4a-1054-48fe-90c7-5f4aaf55485c,2026-08-02T06:15:00Z,2026-08-02T08:15:00+0200,80.239,MW,NL,NL,actual_solar_generation,Solar | Actual Aggregated,2026-08-26T03:46:52Z
2026-08-26T03:42:24Z,2026-08-26T05:42:24+0200,e96b9d4a-1054-48fe-90c7-5f4aaf55485c,2026-08-02T06:15:00Z,2026-08-02T08:15:00+0200,0.0,MW,NL,NL,actual_solar_generation,Solar | Actual Consumption,2026-08-26T03:46:52Z
2026-08-26T03:42:24Z,2026-08-26T05:42:24+0200,e96b9d4a-1054-48fe-90c7-5f4aaf55485c,2026-08-02T06:30:00Z,2026-08-02T08:30:00+0200,97.61,MW,NL,NL,actual_solar_generation,Solar | Actual Aggregated,2026-08-26T03:46:52Z
2026-08-26T03:42:24Z,2026-08-26T05:42:24+0200,e96b9d4a-1054-48fe-90c7-5f4aaf55485c,2026-08-02T06:30:00Z,2026-08-02T08:30:00+0200,0.0,MW,NL,NL,actual_solar_generation,Solar | Actual Consumption,2026-08-26T03:46:52Z
2026-08-26T03:42:24Z,2026-08-26T05:42:24+0200,e96b9d4a-1054-48fe-90c7-5f4aaf55485c,2026-08-02T06:45:00Z,2026-08-02T08:45:00+0200,110.823,MW,NL,NL,actual_solar_generation,Solar | Actual Aggregated,2026-08-26T03:46:52Z
2026-08-26T03:42:24Z,2026-08-26T05:42:24+0200,e96b9d4a-1054-48fe-90c7-5f4aaf55485c,2026-08-02T06:45:00Z,2026-08-02T08:45:00+0200,0.0,MW,NL,NL,actual_solar_generation,Solar | Actual Consumption,2026-08-26T03:46:52Z
2026-08-26T03:42:24Z,2026-08-26T05:42:24+0200,e96b9d4a-1054-48fe-90c7-5f4aaf55485c,2026-08-02T07:00:00Z,2026-08-02T09:00:00+0200,120.341,MW,NL,NL,actual_solar_generation,Solar | Actual Aggregated,2026-08-26T03:46:52Z
2026-08-26T03:42:24Z,2026-08-26T05:42:24+0200,e96b9d4a-1054-48fe-90c7-5f4aaf55485c,2026-08-02T07:00:00Z,2026-08-02T09:00:00+0200,0.0,MW,NL,NL,actual_solar_generation,Solar | Actual Consumption,2026-08-26T03:46:52Z
2026-08-26T03:42:24Z,2026-08-26T05:42:24+0200,e96b9d4a-1054-48fe-90c7-5f4aaf55485c,2026-08-02T07:15:00Z,2026-08-02T09:15:00+0200,135.207,MW,NL,NL,actual_solar_generation,Solar | Actual Aggregated,2026-08-26T03:46:52Z
2026-08-26T03:42:24Z,2026-08-26T05:42:24+0200,e96b9d4a-1054-48fe-90c7-5f4aaf55485c,2026-08-02T07:15:00Z,2026-08-02T09:15:00+0200,0.0,MW,NL,NL,actual_solar_generation,Solar | Actual Consumption,2026-08-26T03:46:52Z
2026-08-26T03:42:24Z,2026-08-26T05:42:24+0200,e96b9d4a-1054-48fe-90c7-5f4aaf55485c,2026-08-02T07:30:00Z,2026-08-02T09:30:00+0200,140.672,MW,NL,NL,actual_solar_generation,Solar | Actual Aggregated,2026-08-26T03:46:52Z
2026-08-26T03:42:24Z,2026-08-26T05:42:24+0200,e96b9d4a-1054-48fe-90c7-5f4aaf55485c,2026-08-02T07:30:00Z,2026-08-02T09:30:00+0200,0.0,MW,NL,NL,actual_solar_generation,Solar | Actual Consumption,2026-08-26T03:46:52Z
2026-08-26T03:42:24Z,2026-08-26T05:42:24+0200,e96b9d4a-1054-48fe-90c7-5f4aaf55485c,2026-08-02T07:45:00Z,2026-08-02T09:45:00+0200,163.102,MW,NL,NL,actual_solar_generation,Solar | Actual Aggregated,2026-08-26T03:46:52Z
2026-08-26T03:42:24Z,2026-08-26T05:42:24+0200,e96b9d4a-1054-48fe-90c7-5f4aaf55485c,2026-08-02T07:45:00Z,2026-08-02T09:45:00+0200,0.0,MW,NL,NL,actual_solar_generation,Solar | Actual Consumption,2026-08-26T03:46:52Z
2026-08-26T03:42:24Z,2026-08-26T05:42:24+0200,e96b9d4a-1054-48fe-90c7-5f4aaf55485c,2026-08-02T08:00:00Z,2026-08-02T10:00:00+0200,178.492,MW,NL,NL,actual_solar_generation,Solar | Actual Aggregated,2026-08-26T03:46:52Z
2026-08-26T03:42:24Z,2026-08-26T05:42:24+0200,e96b9d4a-1054-48fe-90c7-5f4aaf55485c,2026-08-02T08:00:00Z,2026-08-02T10:00:00+0200,0.0,MW,NL,NL,actual_solar_generation,Solar | Actual Consumption,2026-08-26T03:46:52Z
2026-08-26T03:42:24Z,2026-08-26T05:42:24+0200,e96b9d4a-1054-48fe-90c7-5f4aaf55485c,2026-08-02T08:15:00Z,2026-08-02T10:15:00+0200,190.685,MW,NL,NL,actual_solar_generation,Solar | Actual Aggregated,2026-08-26T03:46:52Z
2026-08-26T03:42:24Z,2026-08-26T05:42:24+0200,e96b9d4a-1054-48fe-90c7-5f4aaf55485c,2026-08-02T08:15:00Z,2026-08-02T10:15:00+0200,0.0,MW,NL,NL,actual_solar_generation,Solar | Actual Consumption,2026-08-26T03:46:52Z
2026-08-26T03:42:24Z,2026-08-26T05:42:24+0200,e96b9d4a-1054-48fe-90c7-5f4aaf55485c,2026-08-02T08:30:00Z,2026-08-02T10:30:00+0200,200.199,MW,NL,NL,actual_solar_generation,Solar | Actual Aggregated,2026-08-26T03:46:52Z
2026-08-26T03:42:24Z,2026-08-26T05:42:24+0200,e96b9d4a-1054-48fe-90c7-5f4aaf55485c,2026-08-02T08:30:00Z,2026-08-02T10:30:00+0200,0.0,MW,NL,NL,actual_solar_generation,Solar | Actual Consumption,2026-08-26T03:46:52Z
2026-08-26T03:42:24Z,2026-08-26T05:42:24+0200,e96b9d4a-1054-48fe-90c7-5f4aaf55485c,2026-08-02T08:45:00Z,2026-08-02T10:45:00+0200,210.613,MW,NL,NL,actual_solar_generation,Solar | Actual Aggregated,2026-08-26T03:46:52Z
2026-08-26T03:42:24Z,2026-08-26T05:42:24+0200,e96b9d4a-1054-48fe-90c7-5f4aaf55485c,2026-08-02T08:45:00Z,2026-08-02T10:45:00+0200,0.0,MW,NL,NL,actual_solar_generation,Solar | Actual Consumption,2026-08-26T03:46:52Z
2026-08-26T03:42:24Z,2026-08-26T05:42:24+0200,e96b9d4a-1054-48fe-90c7-5f4aaf55485c,2026-08-02T09:00:00Z,2026-08-02T11:00:00+0200,219.111,MW,NL,NL,actual_solar_generation,Solar | Actual Aggregated,2026-08-26T03:46:52Z
2026-08-26T03:42:24Z,2026-08-26T05:42:24+0200,e96b9d4a-1054-48fe-90c7-5f4aaf55485c,2026-08-02T09:00:00Z,2026-08-02T11:00:00+0200,0.0,MW,NL,NL,actual_solar_generation,Solar | Actual Consumption,2026-08-26T03:46:52Z
2026-08-26T03:42:24Z,2026-08-26T05:42:24+0200,e96b9d4a-1054-48fe-90c7-5f4aaf55485c,2026-08-02T09:15:00Z,2026-08-02T11:15:00+0200,225.965,MW,NL,NL,actual_solar_generation,Solar | Actual Aggregated,2026-08-26T03:46:52Z
2026-08-26T03:42:24Z,2026-08-26T05:42:24+0200,e96b9d4a-1054-48fe-90c7-5f4aaf55485c,2026-08-02T09:15:00Z,2026-08-02T11:15:00+0200,0.0,MW,NL,NL,actual_solar_generation,Solar | Actual Consumption,2026-08-26T03:46:52Z
2026-08-26T03:42:24Z,2026-08-26T05:42:24+0200,e96b9d4a-1054-48fe-90c7-5f4aaf55485c,2026-08-02T09:30:00Z,2026-08-02T11:30:00+0200,233.833,MW,NL,NL,actual_solar_generation,Solar | Actual Aggregated,2026-08-26T03:46:52Z
2026-08-26T03:42:24Z,2026-08-26T05:42:24+0200,e96b9d4a-1054-48fe-90c7-5f4aaf55485c,2026-08-02T09:30:00Z,2026-08-02T11:30:00+0200,0.0,MW,NL,NL,actual_solar_generation,Solar | Actual Consumption,2026-08-26T03:46:52Z
2026-08-26T03:42:24Z,2026-08-26T05:42:24+0200,e96b9d4a-1054-48fe-90c7-5f4aaf55485c,2026-08-02T09:45:00Z,2026-08-02T11:45:00+0200,235.673,MW,NL,NL,actual_solar_generation,Solar | Actual Aggregated,2026-08-26T03:46:52Z
2026-08-26T03:42:24Z,2026-08-26T05:42:24+0200,e96b9d4a-1054-48fe-90c7-5f4aaf55485c,2026-08-02T09:45:00Z,2026-08-02T11:45:00+0200,0.0,MW,NL,NL,actual_solar_generation,Solar | Actual Consumption,2026-08-26T03:46:52Z
2026-08-26T03:42:24Z,2026-08-26T05:42:24+0200,e96b9d4a-1054-48fe-90c7-5f4aaf55485c,2026-08-02T10:00:00Z,2026-08-02T12:00:00+0200,238.415,MW,NL,NL,actual_solar_generation,Solar | Actual Aggregated,2026-08-26T03:46:52Z
2026-08-26T03:42:24Z,2026-08-26T05:42:24+0200,e96b9d4a-1054-48fe-90c7-5f4aaf55485c,2026-08-02T10:00:00Z,2026-08-02T12:00:00+0200,0.0,MW,NL,NL,actual_solar_generation,Solar | Actual Consumption,2026-08-26T03:46:52Z
2026-08-26T03:42:24Z,2026-08-26T05:42:24+0200,e96b9d4a-1054-48fe-90c7-5f4aaf55485c,2026-08-02T10:15:00Z,2026-08-02T12:15:00+0200,234.908,MW,NL,NL,actual_solar_generation,Solar | Actual Aggregated,2026-08-26T03:46:52Z
2026-08-26T03:42:24Z,2026-08-26T05:42:24+0200,e96b9d4a-1054-48fe-90c7-5f4aaf55485c,2026-08-02T10:15:00Z,2026-08-02T12:15:00+0200,0.0,MW,NL,NL,actual_solar_generation,Solar | Actual Consumption,2026-08-26T03:46:52Z
2026-08-26T03:42:24Z,2026-08-26T05:42:24+0200,e96b9d4a-1054-48fe-90c7-5f4aaf55485c,2026-08-02T10:30:00Z,2026-08-02T12:30:00+0200,223.179,MW,NL,NL,actual_solar_generation,Solar | Actual Aggregated,2026-08-26T03:46:52Z
2026-08-26T03:42:24Z,2026-08-26T05:42:24+0200,e96b9d4a-1054-48fe-90c7-5f4aaf55485c,2026-08-02T10:30:00Z,2026-08-02T12:30:00+0200,0.0,MW,NL,NL,actual_solar_generation,Solar | Actual Consumption,2026-08-26T03:46:52Z
2026-08-26T03:42:24Z,2026-08-26T05:42:24+0200,e96b9d4a-1054-48fe-90c7-5f4aaf55485c,2026-08-02T10:45:00Z,2026-08-02T12:45:00+0200,236.826,MW,NL,NL,actual_solar_generation,Solar | Actual Aggregated,2026-08-26T03:46:52Z
2026-08-26T03:42:24Z,2026-08-26T05:42:24+0200,e96b9d4a-1054-48fe-90c7-5f4aaf55485c,2026-08-02T10:45:00Z,2026-08-02T12:45:00+0200,0.0,MW,NL,NL,actual_solar_generation,Solar | Actual Consumption,2026-08-26T03:46:52Z
2026-08-26T03:42:24Z,2026-08-26T05:42:24+0200,e96b9d4a-1054-48fe-90c7-5f4aaf55485c,2026-08-02T11:00:00Z,2026-08-02T13:00:00+0200,242.427,MW,NL,NL,actual_solar_generation,Solar | Actual Aggregated,2026-08-26T03:46:52Z
2026-08-26T03:42:24Z,2026-08-26T05:42:24+0200,e96b9d4a-1054-48fe-90c7-5f4aaf55485c,2026-08-02T11:00:00Z,2026-08-02T13:00:00+0200,0.0,MW,NL,NL,actual_solar_generation,Solar | Actual Consumption,2026-08-26T03:46:52Z
2026-08-26T03:42:24Z,2026-08-26T05:42:24+0200,e96b9d4a-1054-48fe-90c7-5f4aaf55485c,2026-08-02T11:15:00Z,2026-08-02T13:15:00+0200,240.485,MW,NL,NL,actual_solar_generation,Solar | Actual Aggregated,2026-08-26T03:46:52Z
2026-08-26T03:42:24Z,2026-08-26T05:42:24+0200,e96b9d4a-1054-48fe-90c7-5f4aaf55485c,2026-08-02T11:15:00Z,2026-08-02T13:15:00+0200,0.0,MW,NL,NL,actual_solar_generation,Solar | Actual Consumption,2026-08-26T03:46:52Z
2026-08-26T03:42:24Z,2026-08-26T05:42:24+0200,e96b9d4a-1054-48fe-90c7-5f4aaf55485c,2026-08-02T11:30:00Z,2026-08-02T13:30:00+0200,229.175,MW,NL,NL,actual_solar_generation,Solar | Actual Aggregated,2026-08-26T03:46:52Z
2026-08-26T03:42:24Z,2026-08-26T05:42:24+0200,e96b9d4a-1054-48fe-90c7-5f4aaf55485c,2026-08-02T11:30:00Z,2026-08-02T13:30:00+0200,0.0,MW,NL,NL,actual_solar_generation,Solar | Actual Consumption,2026-08-26T03:46:52Z
2026-08-26T03:42:24Z,2026-08-26T05:42:24+0200,e96b9d4a-1054-48fe-90c7-5f4aaf55485c,2026-08-02T11:45:00Z,2026-08-02T13:45:00+0200,236.119,MW,NL,NL,actual_solar_generation,Solar | Actual Aggregated,2026-08-26T03:46:52Z
2026-08-26T03:42:24Z,2026-08-26T05:42:24+0200,e96b9d4a-1054-48fe-90c7-5f4aaf55485c,2026-08-02T11:45:00Z,2026-08-02T13:45:00+0200,0.0,MW,NL,NL,actual_solar_generation,Solar | Actual Consumption,2026-08-26T03:46:52Z
2026-08-26T03:42:24Z,2026-08-26T05:42:24+0200,e96b9d4a-1054-48fe-90c7-5f4aaf55485c,2026-08-02T12:00:00Z,2026-08-02T14:00:00+0200,247.889,MW,NL,NL,actual_solar_generation,Solar | Actual Aggregated,2026-08-26T03:46:52Z
2026-08-26T03:42:24Z,2026-08-26T05:42:24+0200,e96b9d4a-1054-48fe-90c7-5f4aaf55485c,2026-08-02T12:00:00Z,2026-08-02T14:00:00+0200,0.0,MW,NL,NL,actual_solar_generation,Solar | Actual Consumption,2026-08-26T03:46:52Z
2026-08-26T03:42:24Z,2026-08-26T05:42:24+0200,e96b9d4a-1054-48fe-90c7-5f4aaf55485c,2026-08-02T12:15:00Z,2026-08-02T14:15:00+0200,248.344,MW,NL,NL,actual_solar_generation,Solar | Actual Aggregated,2026-08-26T03:46:52Z
2026-08-26T03:42:24Z,2026-08-26T05:42:24+0200,e96b9d4a-1054-48fe-90c7-5f4aaf55485c,2026-08-02T12:15:00Z,2026-08-02T14:15:00+0200,0.0,MW,NL,NL,actual_solar_generation,Solar | Actual Consumption,2026-08-26T03:46:52Z
2026-08-26T03:42:24Z,2026-08-26T05:42:24+0200,e96b9d4a-1054-48fe-90c7-5f4aaf55485c,2026-08-02T12:30:00Z,2026-08-02T14:30:00+0200,248.211,MW,NL,NL,actual_solar_generation,Solar | Actual Aggregated,2026-08-26T03:46:52Z
2026-08-26T03:42:24Z,2026-08-26T05:42:24+0200,e96b9d4a-1054-48fe-90c7-5f4aaf55485c,2026-08-02T12:30:00Z,2026-08-02T14:30:00+0200,0.0,MW,NL,NL,actual_solar_generation,Solar | Actual Consumption,2026-08-26T03:46:52Z
2026-08-26T03:42:24Z,2026-08-26T05:42:24+0200,e96b9d4a-1054-48fe-90c7-5f4aaf55485c,2026-08-02T12:45:00Z,2026-08-02T14:45:00+0200,228.601,MW,NL,NL,actual_solar_generation,Solar | Actual Aggregated,2026-08-26T03:46:52Z
2026-08-26T03:42:24Z,2026-08-26T05:42:24+0200,e96b9d4a-1054-48fe-90c7-5f4aaf55485c,2026-08-02T12:45:00Z,2026-08-02T14:45:00+0200,0.0,MW,NL,NL,actual_solar_generation,Solar | Actual Consumption,2026-08-26T03:46:52Z
2026-08-26T03:42:24Z,2026-08-26T05:42:24+0200,e96b9d4a-1054-48fe-90c7-5f4aaf55485c,2026-08-02T13:00:00Z,2026-08-02T15:00:00+0200,218.783,MW,NL,NL,actual_solar_generation,Solar | Actual Aggregated,2026-08-26T03:46:52Z
2026-08-26T03:42:24Z,2026-08-26T05:42:24+0200,e96b9d4a-1054-48fe-90c7-5f4aaf55485c,2026-08-02T13:00:00Z,2026-08-02T15:00:00+0200,0.0,MW,NL,NL,actual_solar_generation,Solar | Actual Consumption,2026-08-26T03:46:52Z
2026-08-26T03:42:24Z,2026-08-26T05:42:24+0200,e96b9d4a-1054-48fe-90c7-5f4aaf55485c,2026-08-02T13:15:00Z,2026-08-02T15:15:00+0200,234.188,MW,NL,NL,actual_solar_generation,Solar | Actual Aggregated,2026-08-26T03:46:52Z
2026-08-26T03:42:24Z,2026-08-26T05:42:24+0200,e96b9d4a-1054-48fe-90c7-5f4aaf55485c,2026-08-02T13:15:00Z,2026-08-02T15:15:00+0200,0.0,MW,NL,NL,actual_solar_generation,Solar | Actual Consumption,2026-08-26T03:46:52Z
2026-08-26T03:42:24Z,2026-08-26T05:42:24+0200,e96b9d4a-1054-48fe-90c7-5f4aaf55485c,2026-08-02T13:30:00Z,2026-08-02T15:30:00+0200,232.674,MW,NL,NL,actual_solar_generation,Solar | Actual Aggregated,2026-08-26T03:46:52Z
2026-08-26T03:42:24Z,2026-08-26T05:42:24+0200,e96b9d4a-1054-48fe-90c7-5f4aaf55485c,2026-08-02T13:30:00Z,2026-08-02T15:30:00+0200,0.0,MW,NL,NL,actual_solar_generation,Solar | Actual Consumption,2026-08-26T03:46:52Z
2026-08-26T03:42:24Z,2026-08-26T05:42:24+0200,e96b9d4a-1054-48fe-90c7-5f4aaf55485c,2026-08-02T13:45:00Z,2026-08-02T15:45:00+0200,211.87,MW,NL,NL,actual_solar_generation,Solar | Actual Aggregated,2026-08-26T03:46:52Z
2026-08-26T03:42:24Z,2026-08-26T05:42:24+0200,e96b9d4a-1054-48fe-90c7-5f4aaf55485c,2026-08-02T13:45:00Z,2026-08-02T15:45:00+0200,0.0,MW,NL,NL,actual_solar_generation,Solar | Actual Consumption,2026-08-26T03:46:52Z
2026-08-26T03:42:24Z,2026-08-26T05:42:24+0200,e96b9d4a-1054-48fe-90c7-5f4aaf55485c,2026-08-02T14:00:00Z,2026-08-02T16:00:00+0200,208.816,MW,NL,NL,actual_solar_generation,Solar | Actual Aggregated,2026-08-26T03:46:52Z
2026-08-26T03:42:24Z,2026-08-26T05:42:24+0200,e96b9d4a-1054-48fe-90c7-5f4aaf55485c,2026-08-02T14:00:00Z,2026-08-02T16:00:00+0200,0.0,MW,NL,NL,actual_solar_generation,Solar | Actual Consumption,2026-08-26T03:46:52Z
2026-08-26T03:42:24Z,2026-08-26T05:42:24+0200,e96b9d4a-1054-48fe-90c7-5f4aaf55485c,2026-08-02T14:15:00Z,2026-08-02T16:15:00+0200,214.515,MW,NL,NL,actual_solar_generation,Solar | Actual Aggregated,2026-08-26T03:46:52Z
2026-08-26T03:42:24Z,2026-08-26T05:42:24+0200,e96b9d4a-1054-48fe-90c7-5f4aaf55485c,2026-08-02T14:15:00Z,2026-08-02T16:15:00+0200,0.0,MW,NL,NL,actual_solar_generation,Solar | Actual Consumption,2026-08-26T03:46:52Z
2026-08-26T03:42:24Z,2026-08-26T05:42:24+0200,e96b9d4a-1054-48fe-90c7-5f4aaf55485c,2026-08-02T14:30:00Z,2026-08-02T16:30:00+0200,205.358,MW,NL,NL,actual_solar_generation,Solar | Actual Aggregated,2026-08-26T03:46:52Z
2026-08-26T03:42:24Z,2026-08-26T05:42:24+0200,e96b9d4a-1054-48fe-90c7-5f4aaf55485c,2026-08-02T14:30:00Z,2026-08-02T16:30:00+0200,0.0,MW,NL,NL,actual_solar_generation,Solar | Actual Consumption,2026-08-26T03:46:52Z
2026-08-26T03:42:24Z,2026-08-26T05:42:24+0200,e96b9d4a-1054-48fe-90c7-5f4aaf55485c,2026-08-02T14:45:00Z,2026-08-02T16:45:00+0200,194.813,MW,NL,NL,actual_solar_generation,Solar | Actual Aggregated,2026-08-26T03:46:52Z
2026-08-26T03:42:24Z,2026-08-26T05:42:24+0200,e96b9d4a-1054-48fe-90c7-5f4aaf55485c,2026-08-02T14:45:00Z,2026-08-02T16:45:00+0200,0.0,MW,NL,NL,actual_solar_generation,Solar | Actual Consumption,2026-08-26T03:46:52Z
2026-08-26T03:42:24Z,2026-08-26T05:42:24+0200,e96b9d4a-1054-48fe-90c7-5f4aaf55485c,2026-08-02T15:00:00Z,2026-08-02T17:00:00+0200,183.077,MW,NL,NL,actual_solar_generation,Solar | Actual Aggregated,2026-08-26T03:46:52Z
2026-08-26T03:42:24Z,2026-08-26T05:42:24+0200,e96b9d4a-1054-48fe-90c7-5f4aaf55485c,2026-08-02T15:00:00Z,2026-08-02T17:00:00+0200,0.0,MW,NL,NL,actual_solar_generation,Solar | Actual Consumption,2026-08-26T03:46:52Z
2026-08-26T03:42:24Z,2026-08-26T05:42:24+0200,e96b9d4a-1054-48fe-90c7-5f4aaf55485c,2026-08-02T15:15:00Z,2026-08-02T17:15:00+0200,169.719,MW,NL,NL,actual_solar_generation,Solar | Actual Aggregated,2026-08-26T03:46:52Z
2026-08-26T03:42:24Z,2026-08-26T05:42:24+0200,e96b9d4a-1054-48fe-90c7-5f4aaf55485c,2026-08-02T15:15:00Z,2026-08-02T17:15:00+0200,0.0,MW,NL,NL,actual_solar_generation,Solar | Actual Consumption,2026-08-26T03:46:52Z
2026-08-26T03:42:24Z,2026-08-26T05:42:24+0200,e96b9d4a-1054-48fe-90c7-5f4aaf55485c,2026-08-02T15:30:00Z,2026-08-02T17:30:00+0200,156.089,MW,NL,NL,actual_solar_generation,Solar | Actual Aggregated,2026-08-26T03:46:52Z
2026-08-26T03:42:24Z,2026-08-26T05:42:24+0200,e96b9d4a-1054-48fe-90c7-5f4aaf55485c,2026-08-02T15:30:00Z,2026-08-02T17:30:00+0200,0.0,MW,NL,NL,actual_solar_generation,Solar | Actual Consumption,2026-08-26T03:46:52Z
2026-08-26T03:42:24Z,2026-08-26T05:42:24+0200,e96b9d4a-1054-48fe-90c7-5f4aaf55485c,2026-08-02T15:45:00Z,2026-08-02T17:45:00+0200,142.848,MW,NL,NL,actual_solar_generation,Solar | Actual Aggregated,2026-08-26T03:46:52Z
2026-08-26T03:42:24Z,2026-08-26T05:42:24+0200,e96b9d4a-1054-48fe-90c7-5f4aaf55485c,2026-08-02T15:45:00Z,2026-08-02T17:45:00+0200,0.0,MW,NL,NL,actual_solar_generation,Solar | Actual Consumption,2026-08-26T03:46:52Z
2026-08-26T03:42:24Z,2026-08-26T05:42:24+0200,e96b9d4a-1054-48fe-90c7-5f4aaf55485c,2026-08-02T16:00:00Z,2026-08-02T18:00:00+0200,130.907,MW,NL,NL,actual_solar_generation,Solar | Actual Aggregated,2026-08-26T03:46:52Z
2026-08-26T03:42:24Z,2026-08-26T05:42:24+0200,e96b9d4a-1054-48fe-90c7-5f4aaf55485c,2026-08-02T16:00:00Z,2026-08-02T18:00:00+0200,0.0,MW,NL,NL,actual_solar_generation,Solar | Actual Consumption,2026-08-26T03:46:52Z
2026-08-26T03:42:24Z,2026-08-26T05:42:24+0200,e96b9d4a-1054-48fe-90c7-5f4aaf55485c,2026-08-02T16:15:00Z,2026-08-02T18:15:00+0200,118.214,MW,NL,NL,actual_solar_generation,Solar | Actual Aggregated,2026-08-26T03:46:52Z
2026-08-26T03:42:24Z,2026-08-26T05:42:24+0200,e96b9d4a-1054-48fe-90c7-5f4aaf55485c,2026-08-02T16:15:00Z,2026-08-02T18:15:00+0200,0.0,MW,NL,NL,actual_solar_generation,Solar | Actual Consumption,2026-08-26T03:46:52Z
2026-08-26T03:42:24Z,2026-08-26T05:42:24+0200,e96b9d4a-1054-48fe-90c7-5f4aaf55485c,2026-08-02T16:30:00Z,2026-08-02T18:30:00+0200,97.61,MW,NL,NL,actual_solar_generation,Solar | Actual Aggregated,2026-08-26T03:46:52Z
2026-08-26T03:42:24Z,2026-08-26T05:42:24+0200,e96b9d4a-1054-48fe-90c7-5f4aaf55485c,2026-08-02T16:30:00Z,2026-08-02T18:30:00+0200,0.0,MW,NL,NL,actual_solar_generation,Solar | Actual Consumption,2026-08-26T03:46:52Z
2026-08-26T03:42:24Z,2026-08-26T05:42:24+0200,e96b9d4a-1054-48fe-90c7-5f4aaf55485c,2026-08-02T16:45:00Z,2026-08-02T18:45:00+0200,83.347,MW,NL,NL,actual_solar_generation,Solar | Actual Aggregated,2026-08-26T03:46:52Z
2026-08-26T03:42:24Z,2026-08-26T05:42:24+0200,e96b9d4a-1054-48fe-90c7-5f4aaf55485c,2026-08-02T16:45:00Z,2026-08-02T18:45:00+0200,0.0,MW,NL,NL,actual_solar_generation,Solar | Actual Consumption,2026-08-26T03:46:52Z
2026-08-26T03:42:24Z,2026-08-26T05:42:24+0200,e96b9d4a-1054-48fe-90c7-5f4aaf55485c,2026-08-02T17:00:00Z,2026-08-02T19:00:00+0200,67.821,MW,NL,NL,actual_solar_generation,Solar | Actual Aggregated,2026-08-26T03:46:52Z
2026-08-26T03:42:24Z,2026-08-26T05:42:24+0200,e96b9d4a-1054-48fe-90c7-5f4aaf55485c,2026-08-02T17:00:00Z,2026-08-02T19:00:00+0200,0.0,MW,NL,NL,actual_solar_generation,Solar | Actual Consumption,2026-08-26T03:46:52Z
2026-08-26T03:42:24Z,2026-08-26T05:42:24+0200,e96b9d4a-1054-48fe-90c7-5f4aaf55485c,2026-08-02T17:15:00Z,2026-08-02T19:15:00+0200,52.029,MW,NL,NL,actual_solar_generation,Solar | Actual Aggregated,2026-08-26T03:46:52Z
2026-08-26T03:42:24Z,2026-08-26T05:42:24+0200,e96b9d4a-1054-48fe-90c7-5f4aaf55485c,2026-08-02T17:15:00Z,2026-08-02T19:15:00+0200,0.0,MW,NL,NL,actual_solar_generation,Solar | Actual Consumption,2026-08-26T03:46:52Z
2026-08-26T03:42:24Z,2026-08-26T05:42:24+0200,e96b9d4a-1054-48fe-90c7-5f4aaf55485c,2026-08-02T17:30:00Z,2026-08-02T19:30:00+0200,39.711,MW,NL,NL,actual_solar_generation,Solar | Actual Aggregated,2026-08-26T03:46:52Z
2026-08-26T03:42:24Z,2026-08-26T05:42:24+0200,e96b9d4a-1054-48fe-90c7-5f4aaf55485c,2026-08-02T17:30:00Z,2026-08-02T19:30:00+0200,0.0,MW,NL,NL,actual_solar_generation,Solar | Actual Consumption,2026-08-26T03:46:52Z
2026-08-26T03:42:24Z,2026-08-26T05:42:24+0200,e96b9d4a-1054-48fe-90c7-5f4aaf55485c,2026-08-02T17:45:00Z,2026-08-02T19:45:00+0200,31.471,MW,NL,NL,actual_solar_generation,Solar | Actual Aggregated,2026-08-26T03:46:52Z
2026-08-26T03:42:24Z,2026-08-26T05:42:24+0200,e96b9d4a-1054-48fe-90c7-5f4aaf55485c,2026-08-02T17:45:00Z,2026-08-02T19:45:00+0200,0.0,MW,NL,NL,actual_solar_generation,Solar | Actual Consumption,2026-08-26T03:46:52Z
2026-08-26T03:42:24Z,2026-08-26T05:42:24+0200,e96b9d4a-1054-48fe-90c7-5f4aaf55485c,2026-08-02T18:00:00Z,2026-08-02T20:00:00+0200,21.438,MW,NL,NL,actual_solar_generation,Solar | Actual Aggregated,2026-08-26T03:46:52Z
2026-08-26T03:42:24Z,2026-08-26T05:42:24+0200,e96b9d4a-1054-48fe-90c7-5f4aaf55485c,2026-08-02T18:00:00Z,2026-08-02T20:00:00+0200,0.0,MW,NL,NL,actual_solar_generation,Solar | Actual Consumption,2026-08-26T03:46:52Z
2026-08-26T03:42:24Z,2026-08-26T05:42:24+0200,e96b9d4a-1054-48fe-90c7-5f4aaf55485c,2026-08-02T18:15:00Z,2026-08-02T20:15:00+0200,13.374,MW,NL,NL,actual_solar_generation,Solar | Actual Aggregated,2026-08-26T03:46:52Z
2026-08-26T03:42:24Z,2026-08-26T05:42:24+0200,e96b9d4a-1054-48fe-90c7-5f4aaf55485c,2026-08-02T18:15:00Z,2026-08-02T20:15:00+0200,0.0,MW,NL,NL,actual_solar_generation,Solar | Actual Consumption,2026-08-26T03:46:52Z
2026-08-26T03:42:24Z,2026-08-26T05:42:24+0200,e96b9d4a-1054-48fe-90c7-5f4aaf55485c,2026-08-02T18:30:00Z,2026-08-02T20:30:00+0200,7.992,MW,NL,NL,actual_solar_generation,Solar | Actual Aggregated,2026-08-26T03:46:52Z
2026-08-26T03:42:24Z,2026-08-26T05:42:24+0200,e96b9d4a-1054-48fe-90c7-5f4aaf55485c,2026-08-02T18:30:00Z,2026-08-02T20:30:00+0200,0.0,MW,NL,NL,actual_solar_generation,Solar | Actual Consumption,2026-08-26T03:46:52Z
2026-08-26T03:42:24Z,2026-08-26T05:42:24+0200,e96b9d4a-1054-48fe-90c7-5f4aaf55485c,2026-08-02T18:45:00Z,2026-08-02T20:45:00+0200,3.756,MW,NL,NL,actual_solar_generation,Solar | Actual Aggregated,2026-08-26T03:46:52Z
2026-08-26T03:42:24Z,2026-08-26T05:42:24+0200,e96b9d4a-1054-48fe-90c7-5f4aaf55485c,2026-08-02T18:45:00Z,2026-08-02T20:45:00+0200,0.0,MW,NL,NL,actual_solar_generation,Solar | Actual Consumption,2026-08-26T03:46:52Z
2026-08-26T03:42:24Z,2026-08-26T05:42:24+0200,e96b9d4a-1054-48fe-90c7-5f4aaf55485c,2026-08-02T19:00:00Z,2026-08-02T21:00:00+0200,1.041,MW,NL,NL,actual_solar_generation,Solar | Actual Aggregated,2026-08-26T03:46:52Z
2026-08-26T03:42:24Z,2026-08-26T05:42:24+0200,e96b9d4a-1054-48fe-90c7-5f4aaf55485c,2026-08-02T19:00:00Z,2026-08-02T21:00:00+0200,0.185,MW,NL,NL,actual_solar_generation,Solar | Actual Consumption,2026-08-26T03:46:52Z
2026-08-26T03:42:24Z,2026-08-26T05:42:24+0200,e96b9d4a-1054-48fe-90c7-5f4aaf55485c,2026-08-02T19:15:00Z,2026-08-02T21:15:00+0200,0.0,MW,NL,NL,actual_solar_generation,Solar | Actual Aggregated,2026-08-26T03:46:52Z
2026-08-26T03:42:24Z,2026-08-26T05:42:24+0200,e96b9d4a-1054-48fe-90c7-5f4aaf55485c,2026-08-02T19:15:00Z,2026-08-02T21:15:00+0200,0.806,MW,NL,NL,actual_solar_generation,Solar | Actual Consumption,2026-08-26T03:46:52Z
2026-08-26T03:42:24Z,2026-08-26T05:42:24+0200,e96b9d4a-1054-48fe-90c7-5f4aaf55485c,2026-08-02T19:30:00Z,2026-08-02T21:30:00+0200,0.0,MW,NL,NL,actual_solar_generation,Solar | Actual Aggregated,2026-08-26T03:46:52Z
2026-08-26T03:42:24Z,2026-08-26T05:42:24+0200,e96b9d4a-1054-48fe-90c7-5f4aaf55485c,2026-08-02T19:30:00Z,2026-08-02T21:30:00+0200,0.125,MW,NL,NL,actual_solar_generation,Solar | Actual Consumption,2026-08-26T03:46:52Z
2026-08-26T03:42:24Z,2026-08-26T05:42:24+0200,e96b9d4a-1054-48fe-90c7-5f4aaf55485c,2026-08-02T19:45:00Z,2026-08-02T21:45:00+0200,0.0,MW,NL,NL,actual_solar_generation,Solar | Actual Aggregated,2026-08-26T03:46:52Z
2026-08-26T03:42:24Z,2026-08-26T05:42:24+0200,e96b9d4a-1054-48fe-90c7-5f4aaf55485c,2026-08-02T19:45:00Z,2026-08-02T21:45:00+0200,0.125,MW,NL,NL,actual_solar_generation,Solar | Actual Consumption,2026-08-26T03:46:52Z
2026-08-26T03:42:24Z,2026-08-26T05:42:24+0200,e96b9d4a-1054-48fe-90c7-5f4aaf55485c,2026-08-02T20:00:00Z,2026-08-02T22:00:00+0200,0.0,MW,NL,NL,actual_solar_generation,Solar | Actual Aggregated,2026-08-26T03:46:52Z
2026-08-26T03:42:24Z,2026-08-26T05:42:24+0200,e96b9d4a-1054-48fe-90c7-5f4aaf55485c,2026-08-02T20:00:00Z,2026-08-02T22:00:00+0200,0.125,MW,NL,NL,actual_solar_generation,Solar | Actual Consumption,2026-08-26T03:46:52Z
2026-08-26T03:42:24Z,2026-08-26T05:42:24+0200,e96b9d4a-1054-48fe-90c7-5f4aaf55485c,2026-08-02T20:15:00Z,2026-08-02T22:15:00+0200,0.0,MW,NL,NL,actual_solar_generation,Solar | Actual Aggregated,2026-08-26T03:46:52Z
2026-08-26T03:42:24Z,2026-08-26T05:42:24+0200,e96b9d4a-1054-48fe-90c7-5f4aaf55485c,2026-08-02T20:15:00Z,2026-08-02T22:15:00+0200,0.125,MW,NL,NL,actual_solar_generation,Solar | Actual Consumption,2026-08-26T03:46:52Z
2026-08-26T03:42:24Z,2026-08-26T05:42:24+0200,e96b9d4a-1054-48fe-90c7-5f4aaf55485c,2026-08-02T20:30:00Z,2026-08-02T22:30:00+0200,0.0,MW,NL,NL,actual_solar_generation,Solar | Actual Aggregated,2026-08-26T03:46:52Z
2026-08-26T03:42:24Z,2026-08-26T05:42:24+0200,e96b9d4a-1054-48fe-90c7-5f4aaf55485c,2026-08-02T20:30:00Z,2026-08-02T22:30:00+0200,0.125,MW,NL,NL,actual_solar_generation,Solar | Actual Consumption,2026-08-26T03:46:52Z
2026-08-26T03:42:24Z,2026-08-26T05:42:24+0200,e96b9d4a-1054-48fe-90c7-5f4aaf55485c,2026-08-02T20:45:00Z,2026-08-02T22:45:00+0200,0.0,MW,NL,NL,actual_solar_generation,Solar | Actual Aggregated,2026-08-26T03:46:52Z
2026-08-26T03:42:24Z,2026-08-26T05:42:24+0200,e96b9d4a-1054-48fe-90c7-5f4aaf55485c,2026-08-02T20:45:00Z,2026-08-02T22:45:00+0200,0.125,MW,NL,NL,actual_solar_generation,Solar | Actual Consumption,2026-08-26T03:46:52Z
2026-08-26T03:42:24Z,2026-08-26T05:42:24+0200,e96b9d4a-1054-48fe-90c7-5f4aaf55485c,2026-08-02T21:00:00Z,2026-08-02T23:00:00+0200,0.0,MW,NL,NL,actual_solar_generation,Solar | Actual Aggregated,2026-08-26T03:46:52Z
2026-08-26T03:42:24Z,2026-08-26T05:42:24+0200,e96b9d4a-1054-48fe-90c7-5f4aaf55485c,2026-08-02T21:00:00Z,2026-08-02T23:00:00+0200,0.125,MW,NL,NL,actual_solar_generation,Solar | Actual Consumption,2026-08-26T03:46:52Z
2026-08-26T03:42:24Z,2026-08-26T05:42:24+0200,e96b9d4a-1054-48fe-90c7-5f4aaf55485c,2026-08-02T21:15:00Z,2026-08-02T23:15:00+0200,0.0,MW,NL,NL,actual_solar_generation,Solar | Actual Aggregated,2026-08-26T03:46:52Z
2026-08-26T03:42:24Z,2026-08-26T05:42:24+0200,e96b9d4a-1054-48fe-90c7-5f4aaf55485c,2026-08-02T21:15:00Z,2026-08-02T23:15:00+0200,0.125,MW,NL,NL,actual_solar_generation,Solar | Actual Consumption,2026-08-26T03:46:52Z
2026-08-26T03:42:24Z,2026-08-26T05:42:24+0200,e96b9d4a-1054-48fe-90c7-5f4aaf55485c,2026-08-02T21:30:00Z,2026-08-02T23:30:00+0200,0.0,MW,NL,NL,actual_solar_generation,Solar | Actual Aggregated,2026-08-26T03:46:52Z
2026-08-26T03:42:24Z,2026-08-26T05:42:24+0200,e96b9d4a-1054-48fe-90c7-5f4aaf55485c,2026-08-02T21:30:00Z,2026-08-02T23:30:00+0200,0.125,MW,NL,NL,actual_solar_generation,Solar | Actual Consumption,2026-08-26T03:46:52Z
2026-08-26T03:42:24Z,2026-08-26T05:42:24+0200,e96b9d4a-1054-48fe-90c7-5f4aaf55485c,2026-08-02T21:45:00Z,2026-08-02T23:45:00+0200,0.0,MW,NL,NL,actual_solar_generation,Solar | Actual Aggregated,2026-08-26T03:46:52Z
2026-08-26T03:42:24Z,2026-08-26T05:42:24+0200,e96b9d4a-1054-48fe-90c7-5f4aaf55485c,2026-08-02T21:45:00Z,2026-08-02T23:45:00+0200,0.125,MW,NL,NL,actual_solar_generation,Solar | Actual Consumption,2026-08-26T03:46:52Z
2026-08-26T03:42:24Z,2026-08-26T05:42:24+0200,e96b9d4a-1054-48fe-90c7-5f4aaf55485c,2026-08-02T22:00:00Z,2026-08-03T00:00:00+0200,0.0,MW,NL,NL,actual_solar_generation,Solar | Actual Aggregated,2026-08-26T03:46:52Z
2026-08-26T03:42:24Z,2026-08-26T05:42:24+0200,e96b9d4a-1054-48fe-90c7-5f4aaf55485c,2026-08-02T22:00:00Z,2026-08-03T00:00:00+0200,0.125,MW,NL,NL,actual_solar_generation,Solar | Actual Consumption,2026-08-26T03:46:52Z
2026-08-26T03:42:24Z,2026-08-26T05:42:24+0200,e96b9d4a-1054-48fe-90c7-5f4aaf55485c,2026-08-02T22:15:00Z,2026-08-03T00:15:00+0200,0.0,MW,NL,NL,actual_solar_generation,Solar | Actual Aggregated,2026-08-26T03:46:52Z
2026-08-26T03:42:24Z,2026-08-26T05:42:24+0200,e96b9d4a-1054-48fe-90c7-5f4aaf55485c,2026-08-02T22:15:00Z,2026-08-03T00:15:00+0200,0.125,MW,NL,NL,actual_solar_generation,Solar | Actual Consumption,2026-08-26T03:46:52Z
2026-08-26T03:42:24Z,2026-08-26T05:42:24+0200,e96b9d4a-1054-48fe-90c7-5f4aaf55485c,2026-08-02T22:30:00Z,2026-08-03T00:30:00+0200,0.0,MW,NL,NL,actual_solar_generation,Solar | Actual Aggregated,2026-08-26T03:46:52Z
2026-08-26T03:42:24Z,2026-08-26T05:42:24+0200,e96b9d4a-1054-48fe-90c7-5f4aaf55485c,2026-08-02T22:30:00Z,2026-08-03T00:30:00+0200,0.125,MW,NL,NL,actual_solar_generation,Solar | Actual Consumption,2026-08-26T03:46:52Z
2026-08-26T03:42:24Z,2026-08-26T05:42:24+0200,e96b9d4a-1054-48fe-90c7-5f4aaf55485c,2026-08-02T22:45:00Z,2026-08-03T00:45:00+0200,0.0,MW,NL,NL,actual_solar_generation,Solar | Actual Aggregated,2026-08-26T03:46:52Z
2026-08-26T03:42:24Z,2026-08-26T05:42:24+0200,e96b9d4a-1054-48fe-90c7-5f4aaf55485c,2026-08-02T22:45:00Z,2026-08-03T00:45:00+0200,0.125,MW,NL,NL,actual_solar_generation,Solar | Actual Consumption,2026-08-26T03:46:52Z
2026-08-26T03:42:24Z,2026-08-26T05:42:24+0200,e96b9d4a-1054-48fe-90c7-5f4aaf55485c,2026-08-02T23:00:00Z,2026-08-03T01:00:00+0200,0.0,MW,NL,NL,actual_solar_generation,Solar | Actual Aggregated,2026-08-26T03:46:52Z
2026-08-26T03:42:24Z,2026-08-26T05:42:24+0200,e96b9d4a-1054-48fe-90c7-5f4aaf55485c,2026-08-02T23:00:00Z,2026-08-03T01:00:00+0200,0.125,MW,NL,NL,actual_solar_generation,Solar | Actual Consumption,2026-08-26T03:46:52Z
2026-08-26T03:42:24Z,2026-08-26T05:42:24+0200,e96b9d4a-1054-48fe-90c7-5f4aaf55485c,2026-08-02T23:15:00Z,2026-08-03T01:15:00+0200,0.0,MW,NL,NL,actual_solar_generation,Solar | Actual Aggregated,2026-08-26T03:46:52Z
2026-08-26T03:42:24Z,2026-08-26T05:42:24+0200,e96b9d4a-1054-48fe-90c7-5f4aaf55485c,2026-08-02T23:15:00Z,2026-08-03T01:15:00+0200,0.125,MW,NL,NL,actual_solar_generation,Solar | Actual Consumption,2026-08-26T03:46:52Z
2026-08-26T03:42:24Z,2026-08-26T05:42:24+0200,e96b9d4a-1054-48fe-90c7-5f4aaf55485c,2026-08-02T23:30:00Z,2026-08-03T01:30:00+0200,0.0,MW,NL,NL,actual_solar_generation,Solar | Actual Aggregated,2026-08-26T03:46:52Z
2026-08-26T03:42:24Z,2026-08-26T05:42:24+0200,e96b9d4a-1054-48fe-90c7-5f4aaf55485c,2026-08-02T23:30:00Z,2026-08-03T01:30:00+0200,0.125,MW,NL,NL,actual_solar_generation,Solar | Actual Consumption,2026-08-26T03:46:52Z
2026-08-26T03:42:24Z,2026-08-26T05:42:24+0200,e96b9d4a-1054-48fe-90c7-5f4aaf55485c,2026-08-02T23:45:00Z,2026-08-03T01:45:00+0200,0.0,MW,NL,NL,actual_solar_generation,Solar | Actual Aggregated,2026-08-26T03:46:52Z
2026-08-26T03:42:24Z,2026-08-26T05:42:24+0200,e96b9d4a-1054-48fe-90c7-5f4aaf55485c,2026-08-02T23:45:00Z,2026-08-03T01:45:00+0200,0.125,MW,NL,NL,actual_solar_generation,Solar | Actual Consumption,2026-08-26T03:46:52Z
2026-08-26T03:42:24Z,2026-08-26T05:42:24+0200,e96b9d4a-1054-48fe-90c7-5f4aaf55485c,2026-08-03T00:00:00Z,2026-08-03T02:00:00+0200,0.0,MW,NL,NL,actual_solar_generation,Solar | Actual Aggregated,2026-08-26T03:46:52Z
2026-08-26T03:42:24Z,2026-08-26T05:42:24+0200,e96b9d4a-1054-48fe-90c7-5f4aaf55485c,2026-08-03T00:00:00Z,2026-08-03T02:00:00+0200,0.125,MW,NL,NL,actual_solar_generation,Solar | Actual Consumption,2026-08-26T03:46:52Z
2026-08-26T03:42:24Z,2026-08-26T05:42:24+0200,e96b9d4a-1054-48fe-90c7-5f4aaf55485c,2026-08-03T00:15:00Z,2026-08-03T02:15:00+0200,0.0,MW,NL,NL,actual_solar_generation,Solar | Actual Aggregated,2026-08-26T03:46:52Z
2026-08-26T03:42:24Z,2026-08-26T05:42:24+0200,e96b9d4a-1054-48fe-90c7-5f4aaf55485c,2026-08-03T00:15:00Z,2026-08-03T02:15:00+0200,0.125,MW,NL,NL,actual_solar_generation,Solar | Actual Consumption,2026-08-26T03:46:52Z
2026-08-26T03:42:24Z,2026-08-26T05:42:24+0200,e96b9d4a-1054-48fe-90c7-5f4aaf55485c,2026-08-03T00:30:00Z,2026-08-03T02:30:00+0200,0.0,MW,NL,NL,actual_solar_generation,Solar | Actual Aggregated,2026-08-26T03:46:52Z
2026-08-26T03:42:24Z,2026-08-26T05:42:24+0200,e96b9d4a-1054-48fe-90c7-5f4aaf55485c,2026-08-03T00:30:00Z,2026-08-03T02:30:00+0200,0.125,MW,NL,NL,actual_solar_generation,Solar | Actual Consumption,2026-08-26T03:46:52Z
2026-08-26T03:42:24Z,2026-08-26T05:42:24+0200,e96b9d4a-1054-48fe-90c7-5f4aaf55485c,2026-08-03T00:45:00Z,2026-08-03T02:45:00+0200,0.0,MW,NL,NL,actual_solar_generation,Solar | Actual Aggregated,2026-08-26T03:46:52Z
2026-08-26T03:42:24Z,2026-08-26T05:42:24+0200,e96b9d4a-1054-48fe-90c7-5f4aaf55485c,2026-08-03T00:45:00Z,2026-08-03T02:45:00+0200,0.113,MW,NL,NL,actual_solar_generation,Solar | Actual Consumption,2026-08-26T03:46:52Z
2026-08-26T03:42:24Z,2026-08-26T05:42:24+0200,e96b9d4a-1054-48fe-90c7-5f4aaf55485c,2026-08-03T01:00:00Z,2026-08-03T03:00:00+0200,0.0,MW,NL,NL,actual_solar_generation,Solar | Actual Aggregated,2026-08-26T03:46:52Z
2026-08-26T03:42:24Z,2026-08-26T05:42:24+0200,e96b9d4a-1054-48fe-90c7-5f4aaf55485c,2026-08-03T01:00:00Z,2026-08-03T03:00:00+0200,0.124,MW,NL,NL,actual_solar_generation,Solar | Actual Consumption,2026-08-26T03:46:52Z
2026-08-26T03:42:24Z,2026-08-26T05:42:24+0200,e96b9d4a-1054-48fe-90c7-5f4aaf55485c,2026-08-03T01:15:00Z,2026-08-03T03:15:00+0200,0.0,MW,NL,NL,actual_solar_generation,Solar | Actual Aggregated,2026-08-26T03:46:52Z
2026-08-26T03:42:24Z,2026-08-26T05:42:24+0200,e96b9d4a-1054-48fe-90c7-5f4aaf55485c,2026-08-03T01:15:00Z,2026-08-03T03:15:00+0200,0.13,MW,NL,NL,actual_solar_generation,Solar | Actual Consumption,2026-08-26T03:46:52Z
2026-08-26T03:42:24Z,2026-08-26T05:42:24+0200,e96b9d4a-1054-48fe-90c7-5f4aaf55485c,2026-08-03T01:30:00Z,2026-08-03T03:30:00+0200,0.0,MW,NL,NL,actual_solar_generation,Solar | Actual Aggregated,2026-08-26T03:46:52Z
2026-08-26T03:42:24Z,2026-08-26T05:42:24+0200,e96b9d4a-1054-48fe-90c7-5f4aaf55485c,2026-08-03T01:30:00Z,2026-08-03T03:30:00+0200,0.123,MW,NL,NL,actual_solar_generation,Solar | Actual Consumption,2026-08-26T03:46:52Z
2026-08-26T03:42:24Z,2026-08-26T05:42:24+0200,e96b9d4a-1054-48fe-90c7-5f4aaf55485c,2026-08-03T01:45:00Z,2026-08-03T03:45:00+0200,0.0,MW,NL,NL,actual_solar_generation,Solar | Actual Aggregated,2026-08-26T03:46:52Z
2026-08-26T03:42:24Z,2026-08-26T05:42:24+0200,e96b9d4a-1054-48fe-90c7-5f4aaf55485c,2026-08-03T01:45:00Z,2026-08-03T03:45:00+0200,0.113,MW,NL,NL,actual_solar_generation,Solar | Actual Consumption,2026-08-26T03:46:52Z
2026-08-26T03:42:24Z,2026-08-26T05:42:24+0200,e96b9d4a-1054-48fe-90c7-5f4aaf55485c,2026-08-03T02:00:00Z,2026-08-03T04:00:00+0200,0.0,MW,NL,NL,actual_solar_generation,Solar | Actual Aggregated,2026-08-26T03:46:52Z
2026-08-26T03:42:24Z,2026-08-26T05:42:24+0200,e96b9d4a-1054-48fe-90c7-5f4aaf55485c,2026-08-03T02:00:00Z,2026-08-03T04:00:00+0200,0.124,MW,NL,NL,actual_solar_generation,Solar | Actual Consumption,2026-08-26T03:46:52Z
2026-08-26T03:42:24Z,2026-08-26T05:42:24+0200,e96b9d4a-1054-48fe-90c7-5f4aaf55485c,2026-08-03T02:15:00Z,2026-08-03T04:15:00+0200,0.0,MW,NL,NL,actual_solar_generation,Solar | Actual Aggregated,2026-08-26T03:46:52Z
2026-08-26T03:42:24Z,2026-08-26T05:42:24+0200,e96b9d4a-1054-48fe-90c7-5f4aaf55485c,2026-08-03T02:15:00Z,2026-08-03T04:15:00+0200,0.124,MW,NL,NL,actual_solar_generation,Solar | Actual Consumption,2026-08-26T03:46:52Z
2026-08-26T03:42:24Z,2026-08-26T05:42:24+0200,e96b9d4a-1054-48fe-90c7-5f4aaf55485c,2026-08-03T02:30:00Z,2026-08-03T04:30:00+0200,0.0,MW,NL,NL,actual_solar_generation,Solar | Actual Aggregated,2026-08-26T03:46:52Z
2026-08-26T03:42:24Z,2026-08-26T05:42:24+0200,e96b9d4a-1054-48fe-90c7-5f4aaf55485c,2026-08-03T02:30:00Z,2026-08-03T04:30:00+0200,0.124,MW,NL,NL,actual_solar_generation,Solar | Actual Consumption,2026-08-26T03:46:52Z
2026-08-26T03:42:24Z,2026-08-26T05:42:24+0200,e96b9d4a-1054-48fe-90c7-5f4aaf55485c,2026-08-03T02:45:00Z,2026-08-03T04:45:00+0200,0.0,MW,NL,NL,actual_solar_generation,Solar | Actual Aggregated,2026-08-26T03:46:52Z
2026-08-26T03:42:24Z,2026-08-26T05:42:24+0200,e96b9d4a-1054-48fe-90c7-5f4aaf55485c,2026-08-03T02:45:00Z,2026-08-03T04:45:00+0200,0.124,MW,NL,NL,actual_solar_generation,Solar | Actual Consumption,2026-08-26T03:46:52Z
2026-08-26T03:42:24Z,2026-08-26T05:42:24+0200,e96b9d4a-1054-48fe-90c7-5f4aaf55485c,2026-08-03T03:00:00Z,2026-08-03T05:00:00+0200,0.0,MW,NL,NL,actual_solar_generation,Solar | Actual Aggregated,2026-08-26T03:46:52Z
2026-08-26T03:42:24Z,2026-08-26T05:42:24+0200,e96b9d4a-1054-48fe-90c7-5f4aaf55485c,2026-08-03T03:00:00Z,2026-08-03T05:00:00+0200,0.124,MW,NL,NL,actual_solar_generation,Solar | Actual Consumption,2026-08-26T03:46:52Z
2026-08-26T03:42:24Z,2026-08-26T05:42:24+0200,e96b9d4a-1054-48fe-90c7-5f4aaf55485c,2026-08-03T03:15:00Z,2026-08-03T05:15:00+0200,0.0,MW,NL,NL,actual_solar_generation,Solar | Actual Aggregated,2026-08-26T03:46:52Z
2026-08-26T03:42:24Z,2026-08-26T05:42:24+0200,e96b9d4a-1054-48fe-90c7-5f4aaf55485c,2026-08-03T03:15:00Z,2026-08-03T05:15:00+0200,0.133,MW,NL,NL,actual_solar_generation,Solar | Actual Consumption,2026-08-26T03:46:52Z
2026-08-26T03:42:24Z,2026-08-26T05:42:24+0200,e96b9d4a-1054-48fe-90c7-5f4aaf55485c,2026-08-03T03:30:00Z,2026-08-03T05:30:00+0200,0.0,MW,NL,NL,actual_solar_generation,Solar | Actual Aggregated,2026-08-26T03:46:52Z
2026-08-26T03:42:24Z,2026-08-26T05:42:24+0200,e96b9d4a-1054-48fe-90c7-5f4aaf55485c,2026-08-03T03:30:00Z,2026-08-03T05:30:00+0200,0.122,MW,NL,NL,actual_solar_generation,Solar | Actual Consumption,2026-08-26T03:46:52Z
2026-08-26T03:42:24Z,2026-08-26T05:42:24+0200,e96b9d4a-1054-48fe-90c7-5f4aaf55485c,2026-08-03T03:45:00Z,2026-08-03T05:45:00+0200,0.0,MW,NL,NL,actual_solar_generation,Solar | Actual Aggregated,2026-08-26T03:46:52Z
2026-08-26T03:42:24Z,2026-08-26T05:42:24+0200,e96b9d4a-1054-48fe-90c7-5f4aaf55485c,2026-08-03T03:45:00Z,2026-08-03T05:45:00+0200,0.132,MW,NL,NL,actual_solar_generation,Solar | Actual Consumption,2026-08-26T03:46:52Z
2026-08-26T03:42:24Z,2026-08-26T05:42:24+0200,e96b9d4a-1054-48fe-90c7-5f4aaf55485c,2026-08-03T04:00:00Z,2026-08-03T06:00:00+0200,0.653,MW,NL,NL,actual_solar_generation,Solar | Actual Aggregated,2026-08-26T03:46:52Z
2026-08-26T03:42:24Z,2026-08-26T05:42:24+0200,e96b9d4a-1054-48fe-90c7-5f4aaf55485c,2026-08-03T04:00:00Z,2026-08-03T06:00:00+0200,0.0,MW,NL,NL,actual_solar_generation,Solar | Actual Consumption,2026-08-26T03:46:52Z
2026-08-26T03:42:24Z,2026-08-26T05:42:24+0200,e96b9d4a-1054-48fe-90c7-5f4aaf55485c,2026-08-03T04:15:00Z,2026-08-03T06:15:00+0200,3.06,MW,NL,NL,actual_solar_generation,Solar | Actual Aggregated,2026-08-26T03:46:52Z
2026-08-26T03:42:24Z,2026-08-26T05:42:24+0200,e96b9d4a-1054-48fe-90c7-5f4aaf55485c,2026-08-03T04:15:00Z,2026-08-03T06:15:00+0200,0.0,MW,NL,NL,actual_solar_generation,Solar | Actual Consumption,2026-08-26T03:46:52Z
2026-08-26T03:42:24Z,2026-08-26T05:42:24+0200,e96b9d4a-1054-48fe-90c7-5f4aaf55485c,2026-08-03T04:30:00Z,2026-08-03T06:30:00+0200,6.363,MW,NL,NL,actual_solar_generation,Solar | Actual Aggregated,2026-08-26T03:46:52Z
2026-08-26T03:42:24Z,2026-08-26T05:42:24+0200,e96b9d4a-1054-48fe-90c7-5f4aaf55485c,2026-08-03T04:30:00Z,2026-08-03T06:30:00+0200,0.0,MW,NL,NL,actual_solar_generation,Solar | Actual Consumption,2026-08-26T03:46:52Z
2026-08-26T03:42:24Z,2026-08-26T05:42:24+0200,e96b9d4a-1054-48fe-90c7-5f4aaf55485c,2026-08-03T04:45:00Z,2026-08-03T06:45:00+0200,10.609,MW,NL,NL,actual_solar_generation,Solar | Actual Aggregated,2026-08-26T03:46:52Z
2026-08-26T03:42:24Z,2026-08-26T05:42:24+0200,e96b9d4a-1054-48fe-90c7-5f4aaf55485c,2026-08-03T04:45:00Z,2026-08-03T06:45:00+0200,0.0,MW,NL,NL,actual_solar_generation,Solar | Actual Consumption,2026-08-26T03:46:52Z
2026-08-26T03:42:24Z,2026-08-26T05:42:24+0200,e96b9d4a-1054-48fe-90c7-5f4aaf55485c,2026-08-03T05:00:00Z,2026-08-03T07:00:00+0200,16.199,MW,NL,NL,actual_solar_generation,Solar | Actual Aggregated,2026-08-26T03:46:52Z
2026-08-26T03:42:24Z,2026-08-26T05:42:24+0200,e96b9d4a-1054-48fe-90c7-5f4aaf55485c,2026-08-03T05:00:00Z,2026-08-03T07:00:00+0200,0.0,MW,NL,NL,actual_solar_generation,Solar | Actual Consumption,2026-08-26T03:46:52Z
2026-08-26T03:42:24Z,2026-08-26T05:42:24+0200,e96b9d4a-1054-48fe-90c7-5f4aaf55485c,2026-08-03T05:15:00Z,2026-08-03T07:15:00+0200,23.054,MW,NL,NL,actual_solar_generation,Solar | Actual Aggregated,2026-08-26T03:46:52Z
2026-08-26T03:42:24Z,2026-08-26T05:42:24+0200,e96b9d4a-1054-48fe-90c7-5f4aaf55485c,2026-08-03T05:15:00Z,2026-08-03T07:15:00+0200,0.0,MW,NL,NL,actual_solar_generation,Solar | Actual Consumption,2026-08-26T03:46:52Z
2026-08-26T03:42:24Z,2026-08-26T05:42:24+0200,e96b9d4a-1054-48fe-90c7-5f4aaf55485c,2026-08-03T05:30:00Z,2026-08-03T07:30:00+0200,25.3,MW,NL,NL,actual_solar_generation,Solar | Actual Aggregated,2026-08-26T03:46:52Z
2026-08-26T03:42:24Z,2026-08-26T05:42:24+0200,e96b9d4a-1054-48fe-90c7-5f4aaf55485c,2026-08-03T05:30:00Z,2026-08-03T07:30:00+0200,0.0,MW,NL,NL,actual_solar_generation,Solar | Actual Consumption,2026-08-26T03:46:52Z
2026-08-26T03:42:24Z,2026-08-26T05:42:24+0200,e96b9d4a-1054-48fe-90c7-5f4aaf55485c,2026-08-03T05:45:00Z,2026-08-03T07:45:00+0200,36.401,MW,NL,NL,actual_solar_generation,Solar | Actual Aggregated,2026-08-26T03:46:52Z
2026-08-26T03:42:24Z,2026-08-26T05:42:24+0200,e96b9d4a-1054-48fe-90c7-5f4aaf55485c,2026-08-03T05:45:00Z,2026-08-03T07:45:00+0200,0.0,MW,NL,NL,actual_solar_generation,Solar | Actual Consumption,2026-08-26T03:46:52Z
2026-08-26T03:42:24Z,2026-08-26T05:42:24+0200,e96b9d4a-1054-48fe-90c7-5f4aaf55485c,2026-08-03T06:00:00Z,2026-08-03T08:00:00+0200,41.929,MW,NL,NL,actual_solar_generation,Solar | Actual Aggregated,2026-08-26T03:46:52Z
2026-08-26T03:42:24Z,2026-08-26T05:42:24+0200,e96b9d4a-1054-48fe-90c7-5f4aaf55485c,2026-08-03T06:00:00Z,2026-08-03T08:00:00+0200,0.0,MW,NL,NL,actual_solar_generation,Solar | Actual Consumption,2026-08-26T03:46:52Z
2026-08-26T03:42:24Z,2026-08-26T05:42:24+0200,e96b9d4a-1054-48fe-90c7-5f4aaf55485c,2026-08-03T06:15:00Z,2026-08-03T08:15:00+0200,49.485,MW,NL,NL,actual_solar_generation,Solar | Actual Aggregated,2026-08-26T03:46:52Z
2026-08-26T03:42:24Z,2026-08-26T05:42:24+0200,e96b9d4a-1054-48fe-90c7-5f4aaf55485c,2026-08-03T06:15:00Z,2026-08-03T08:15:00+0200,0.0,MW,NL,NL,actual_solar_generation,Solar | Actual Consumption,2026-08-26T03:46:52Z
2026-08-26T03:42:24Z,2026-08-26T05:42:24+0200,e96b9d4a-1054-48fe-90c7-5f4aaf55485c,2026-08-03T06:30:00Z,2026-08-03T08:30:00+0200,58.865,MW,NL,NL,actual_solar_generation,Solar | Actual Aggregated,2026-08-26T03:46:52Z
2026-08-26T03:42:24Z,2026-08-26T05:42:24+0200,e96b9d4a-1054-48fe-90c7-5f4aaf55485c,2026-08-03T06:30:00Z,2026-08-03T08:30:00+0200,0.0,MW,NL,NL,actual_solar_generation,Solar | Actual Consumption,2026-08-26T03:46:52Z
2026-08-26T03:42:24Z,2026-08-26T05:42:24+0200,e96b9d4a-1054-48fe-90c7-5f4aaf55485c,2026-08-03T06:45:00Z,2026-08-03T08:45:00+0200,71.97,MW,NL,NL,actual_solar_generation,Solar | Actual Aggregated,2026-08-26T03:46:52Z
2026-08-26T03:42:24Z,2026-08-26T05:42:24+0200,e96b9d4a-1054-48fe-90c7-5f4aaf55485c,2026-08-03T06:45:00Z,2026-08-03T08:45:00+0200,0.0,MW,NL,NL,actual_solar_generation,Solar | Actual Consumption,2026-08-26T03:46:52Z
2026-08-26T03:42:24Z,2026-08-26T05:42:24+0200,e96b9d4a-1054-48fe-90c7-5f4aaf55485c,2026-08-03T07:00:00Z,2026-08-03T09:00:00+0200,95.068,MW,NL,NL,actual_solar_generation,Solar | Actual Aggregated,2026-08-26T03:46:52Z
2026-08-26T03:42:24Z,2026-08-26T05:42:24+0200,e96b9d4a-1054-48fe-90c7-5f4aaf55485c,2026-08-03T07:00:00Z,2026-08-03T09:00:00+0200,0.0,MW,NL,NL,actual_solar_generation,Solar | Actual Consumption,2026-08-26T03:46:52Z
2026-08-26T03:42:24Z,2026-08-26T05:42:24+0200,e96b9d4a-1054-48fe-90c7-5f4aaf55485c,2026-08-03T07:15:00Z,2026-08-03T09:15:00+0200,97.728,MW,NL,NL,actual_solar_generation,Solar | Actual Aggregated,2026-08-26T03:46:52Z
2026-08-26T03:42:24Z,2026-08-26T05:42:24+0200,e96b9d4a-1054-48fe-90c7-5f4aaf55485c,2026-08-03T07:15:00Z,2026-08-03T09:15:00+0200,0.0,MW,NL,NL,actual_solar_generation,Solar | Actual Consumption,2026-08-26T03:46:52Z
2026-08-26T03:42:24Z,2026-08-26T05:42:24+0200,e96b9d4a-1054-48fe-90c7-5f4aaf55485c,2026-08-03T07:30:00Z,2026-08-03T09:30:00+0200,108.793,MW,NL,NL,actual_solar_generation,Solar | Actual Aggregated,2026-08-26T03:46:52Z
2026-08-26T03:42:24Z,2026-08-26T05:42:24+0200,e96b9d4a-1054-48fe-90c7-5f4aaf55485c,2026-08-03T07:30:00Z,2026-08-03T09:30:00+0200,0.0,MW,NL,NL,actual_solar_generation,Solar | Actual Consumption,2026-08-26T03:46:52Z
2026-08-26T03:42:24Z,2026-08-26T05:42:24+0200,e96b9d4a-1054-48fe-90c7-5f4aaf55485c,2026-08-03T07:45:00Z,2026-08-03T09:45:00+0200,125.031,MW,NL,NL,actual_solar_generation,Solar | Actual Aggregated,2026-08-26T03:46:52Z
2026-08-26T03:42:24Z,2026-08-26T05:42:24+0200,e96b9d4a-1054-48fe-90c7-5f4aaf55485c,2026-08-03T07:45:00Z,2026-08-03T09:45:00+0200,0.0,MW,NL,NL,actual_solar_generation,Solar | Actual Consumption,2026-08-26T03:46:52Z
2026-08-26T03:42:24Z,2026-08-26T05:42:24+0200,e96b9d4a-1054-48fe-90c7-5f4aaf55485c,2026-08-03T08:00:00Z,2026-08-03T10:00:00+0200,161.247,MW,NL,NL,actual_solar_generation,Solar | Actual Aggregated,2026-08-26T03:46:52Z
2026-08-26T03:42:24Z,2026-08-26T05:42:24+0200,e96b9d4a-1054-48fe-90c7-5f4aaf55485c,2026-08-03T08:00:00Z,2026-08-03T10:00:00+0200,0.0,MW,NL,NL,actual_solar_generation,Solar | Actual Consumption,2026-08-26T03:46:52Z
2026-08-26T03:42:24Z,2026-08-26T05:42:24+0200,e96b9d4a-1054-48fe-90c7-5f4aaf55485c,2026-08-03T08:15:00Z,2026-08-03T10:15:00+0200,169.545,MW,NL,NL,actual_solar_generation,Solar | Actual Aggregated,2026-08-26T03:46:52Z
2026-08-26T03:42:24Z,2026-08-26T05:42:24+0200,e96b9d4a-1054-48fe-90c7-5f4aaf55485c,2026-08-03T08:15:00Z,2026-08-03T10:15:00+0200,0.0,MW,NL,NL,actual_solar_generation,Solar | Actual Consumption,2026-08-26T03:46:52Z
2026-08-26T03:42:24Z,2026-08-26T05:42:24+0200,e96b9d4a-1054-48fe-90c7-5f4aaf55485c,2026-08-03T08:30:00Z,2026-08-03T10:30:00+0200,151.042,MW,NL,NL,actual_solar_generation,Solar | Actual Aggregated,2026-08-26T03:46:52Z
2026-08-26T03:42:24Z,2026-08-26T05:42:24+0200,e96b9d4a-1054-48fe-90c7-5f4aaf55485c,2026-08-03T08:30:00Z,2026-08-03T10:30:00+0200,0.0,MW,NL,NL,actual_solar_generation,Solar | Actual Consumption,2026-08-26T03:46:52Z
2026-08-26T03:42:24Z,2026-08-26T05:42:24+0200,e96b9d4a-1054-48fe-90c7-5f4aaf55485c,2026-08-03T08:45:00Z,2026-08-03T10:45:00+0200,162.409,MW,NL,NL,actual_solar_generation,Solar | Actual Aggregated,2026-08-26T03:46:52Z
2026-08-26T03:42:24Z,2026-08-26T05:42:24+0200,e96b9d4a-1054-48fe-90c7-5f4aaf55485c,2026-08-03T08:45:00Z,2026-08-03T10:45:00+0200,0.0,MW,NL,NL,actual_solar_generation,Solar | Actual Consumption,2026-08-26T03:46:52Z
2026-08-26T03:42:24Z,2026-08-26T05:42:24+0200,e96b9d4a-1054-48fe-90c7-5f4aaf55485c,2026-08-03T09:00:00Z,2026-08-03T11:00:00+0200,160.613,MW,NL,NL,actual_solar_generation,Solar | Actual Aggregated,2026-08-26T03:46:52Z
2026-08-26T03:42:24Z,2026-08-26T05:42:24+0200,e96b9d4a-1054-48fe-90c7-5f4aaf55485c,2026-08-03T09:00:00Z,2026-08-03T11:00:00+0200,0.0,MW,NL,NL,actual_solar_generation,Solar | Actual Consumption,2026-08-26T03:46:52Z
2026-08-26T03:42:24Z,2026-08-26T05:42:24+0200,e96b9d4a-1054-48fe-90c7-5f4aaf55485c,2026-08-03T09:15:00Z,2026-08-03T11:15:00+0200,165.04,MW,NL,NL,actual_solar_generation,Solar | Actual Aggregated,2026-08-26T03:46:52Z
2026-08-26T03:42:24Z,2026-08-26T05:42:24+0200,e96b9d4a-1054-48fe-90c7-5f4aaf55485c,2026-08-03T09:15:00Z,2026-08-03T11:15:00+0200,0.0,MW,NL,NL,actual_solar_generation,Solar | Actual Consumption,2026-08-26T03:46:52Z
2026-08-26T03:42:24Z,2026-08-26T05:42:24+0200,e96b9d4a-1054-48fe-90c7-5f4aaf55485c,2026-08-03T09:30:00Z,2026-08-03T11:30:00+0200,175.59,MW,NL,NL,actual_solar_generation,Solar | Actual Aggregated,2026-08-26T03:46:52Z
2026-08-26T03:42:24Z,2026-08-26T05:42:24+0200,e96b9d4a-1054-48fe-90c7-5f4aaf55485c,2026-08-03T09:30:00Z,2026-08-03T11:30:00+0200,0.0,MW,NL,NL,actual_solar_generation,Solar | Actual Consumption,2026-08-26T03:46:52Z
2026-08-26T03:42:24Z,2026-08-26T05:42:24+0200,e96b9d4a-1054-48fe-90c7-5f4aaf55485c,2026-08-03T09:45:00Z,2026-08-03T11:45:00+0200,206.384,MW,NL,NL,actual_solar_generation,Solar | Actual Aggregated,2026-08-26T03:46:52Z
2026-08-26T03:42:24Z,2026-08-26T05:42:24+0200,e96b9d4a-1054-48fe-90c7-5f4aaf55485c,2026-08-03T09:45:00Z,2026-08-03T11:45:00+0200,0.0,MW,NL,NL,actual_solar_generation,Solar | Actual Consumption,2026-08-26T03:46:52Z
2026-08-26T03:42:24Z,2026-08-26T05:42:24+0200,e96b9d4a-1054-48fe-90c7-5f4aaf55485c,2026-08-03T10:00:00Z,2026-08-03T12:00:00+0200,238.445,MW,NL,NL,actual_solar_generation,Solar | Actual Aggregated,2026-08-26T03:46:52Z
2026-08-26T03:42:24Z,2026-08-26T05:42:24+0200,e96b9d4a-1054-48fe-90c7-5f4aaf55485c,2026-08-03T10:00:00Z,2026-08-03T12:00:00+0200,0.0,MW,NL,NL,actual_solar_generation,Solar | Actual Consumption,2026-08-26T03:46:52Z
2026-08-26T03:42:24Z,2026-08-26T05:42:24+0200,e96b9d4a-1054-48fe-90c7-5f4aaf55485c,2026-08-03T10:15:00Z,2026-08-03T12:15:00+0200,229.95,MW,NL,NL,actual_solar_generation,Solar | Actual Aggregated,2026-08-26T03:46:52Z
2026-08-26T03:42:24Z,2026-08-26T05:42:24+0200,e96b9d4a-1054-48fe-90c7-5f4aaf55485c,2026-08-03T10:15:00Z,2026-08-03T12:15:00+0200,0.0,MW,NL,NL,actual_solar_generation,Solar | Actual Consumption,2026-08-26T03:46:52Z
2026-08-26T03:42:24Z,2026-08-26T05:42:24+0200,e96b9d4a-1054-48fe-90c7-5f4aaf55485c,2026-08-03T10:30:00Z,2026-08-03T12:30:00+0200,223.805,MW,NL,NL,actual_solar_generation,Solar | Actual Aggregated,2026-08-26T03:46:52Z
2026-08-26T03:42:24Z,2026-08-26T05:42:24+0200,e96b9d4a-1054-48fe-90c7-5f4aaf55485c,2026-08-03T10:30:00Z,2026-08-03T12:30:00+0200,0.0,MW,NL,NL,actual_solar_generation,Solar | Actual Consumption,2026-08-26T03:46:52Z
2026-08-26T03:42:24Z,2026-08-26T05:42:24+0200,e96b9d4a-1054-48fe-90c7-5f4aaf55485c,2026-08-03T10:45:00Z,2026-08-03T12:45:00+0200,234.792,MW,NL,NL,actual_solar_generation,Solar | Actual Aggregated,2026-08-26T03:46:52Z
2026-08-26T03:42:24Z,2026-08-26T05:42:24+0200,e96b9d4a-1054-48fe-90c7-5f4aaf55485c,2026-08-03T10:45:00Z,2026-08-03T12:45:00+0200,0.0,MW,NL,NL,actual_solar_generation,Solar | Actual Consumption,2026-08-26T03:46:52Z
2026-08-26T03:42:24Z,2026-08-26T05:42:24+0200,e96b9d4a-1054-48fe-90c7-5f4aaf55485c,2026-08-03T11:00:00Z,2026-08-03T13:00:00+0200,247.82,MW,NL,NL,actual_solar_generation,Solar | Actual Aggregated,2026-08-26T03:46:52Z
2026-08-26T03:42:24Z,2026-08-26T05:42:24+0200,e96b9d4a-1054-48fe-90c7-5f4aaf55485c,2026-08-03T11:00:00Z,2026-08-03T13:00:00+0200,0.0,MW,NL,NL,actual_solar_generation,Solar | Actual Consumption,2026-08-26T03:46:52Z
2026-08-26T03:42:24Z,2026-08-26T05:42:24+0200,e96b9d4a-1054-48fe-90c7-5f4aaf55485c,2026-08-03T11:15:00Z,2026-08-03T13:15:00+0200,248.382,MW,NL,NL,actual_solar_generation,Solar | Actual Aggregated,2026-08-26T03:46:52Z
2026-08-26T03:42:24Z,2026-08-26T05:42:24+0200,e96b9d4a-1054-48fe-90c7-5f4aaf55485c,2026-08-03T11:15:00Z,2026-08-03T13:15:00+0200,0.0,MW,NL,NL,actual_solar_generation,Solar | Actual Consumption,2026-08-26T03:46:52Z
2026-08-26T03:42:24Z,2026-08-26T05:42:24+0200,e96b9d4a-1054-48fe-90c7-5f4aaf55485c,2026-08-03T11:30:00Z,2026-08-03T13:30:00+0200,247.333,MW,NL,NL,actual_solar_generation,Solar | Actual Aggregated,2026-08-26T03:46:52Z
2026-08-26T03:42:24Z,2026-08-26T05:42:24+0200,e96b9d4a-1054-48fe-90c7-5f4aaf55485c,2026-08-03T11:30:00Z,2026-08-03T13:30:00+0200,0.0,MW,NL,NL,actual_solar_generation,Solar | Actual Consumption,2026-08-26T03:46:52Z
2026-08-26T03:42:24Z,2026-08-26T05:42:24+0200,e96b9d4a-1054-48fe-90c7-5f4aaf55485c,2026-08-03T11:45:00Z,2026-08-03T13:45:00+0200,243.446,MW,NL,NL,actual_solar_generation,Solar | Actual Aggregated,2026-08-26T03:46:52Z
2026-08-26T03:42:24Z,2026-08-26T05:42:24+0200,e96b9d4a-1054-48fe-90c7-5f4aaf55485c,2026-08-03T11:45:00Z,2026-08-03T13:45:00+0200,0.0,MW,NL,NL,actual_solar_generation,Solar | Actual Consumption,2026-08-26T03:46:52Z
2026-08-26T03:42:24Z,2026-08-26T05:42:24+0200,e96b9d4a-1054-48fe-90c7-5f4aaf55485c,2026-08-03T12:00:00Z,2026-08-03T14:00:00+0200,244.03,MW,NL,NL,actual_solar_generation,Solar | Actual Aggregated,2026-08-26T03:46:52Z
2026-08-26T03:42:24Z,2026-08-26T05:42:24+0200,e96b9d4a-1054-48fe-90c7-5f4aaf55485c,2026-08-03T12:00:00Z,2026-08-03T14:00:00+0200,0.0,MW,NL,NL,actual_solar_generation,Solar | Actual Consumption,2026-08-26T03:46:52Z
2026-08-26T03:42:24Z,2026-08-26T05:42:24+0200,e96b9d4a-1054-48fe-90c7-5f4aaf55485c,2026-08-03T12:15:00Z,2026-08-03T14:15:00+0200,234.421,MW,NL,NL,actual_solar_generation,Solar | Actual Aggregated,2026-08-26T03:46:52Z
2026-08-26T03:42:24Z,2026-08-26T05:42:24+0200,e96b9d4a-1054-48fe-90c7-5f4aaf55485c,2026-08-03T12:15:00Z,2026-08-03T14:15:00+0200,0.0,MW,NL,NL,actual_solar_generation,Solar | Actual Consumption,2026-08-26T03:46:52Z
2026-08-26T03:42:24Z,2026-08-26T05:42:24+0200,e96b9d4a-1054-48fe-90c7-5f4aaf55485c,2026-08-03T12:30:00Z,2026-08-03T14:30:00+0200,235.346,MW,NL,NL,actual_solar_generation,Solar | Actual Aggregated,2026-08-26T03:46:52Z
2026-08-26T03:42:24Z,2026-08-26T05:42:24+0200,e96b9d4a-1054-48fe-90c7-5f4aaf55485c,2026-08-03T12:30:00Z,2026-08-03T14:30:00+0200,0.0,MW,NL,NL,actual_solar_generation,Solar | Actual Consumption,2026-08-26T03:46:52Z
2026-08-26T03:42:24Z,2026-08-26T05:42:24+0200,e96b9d4a-1054-48fe-90c7-5f4aaf55485c,2026-08-03T12:45:00Z,2026-08-03T14:45:00+0200,236.526,MW,NL,NL,actual_solar_generation,Solar | Actual Aggregated,2026-08-26T03:46:52Z
2026-08-26T03:42:24Z,2026-08-26T05:42:24+0200,e96b9d4a-1054-48fe-90c7-5f4aaf55485c,2026-08-03T12:45:00Z,2026-08-03T14:45:00+0200,0.0,MW,NL,NL,actual_solar_generation,Solar | Actual Consumption,2026-08-26T03:46:52Z
2026-08-26T03:42:24Z,2026-08-26T05:42:24+0200,e96b9d4a-1054-48fe-90c7-5f4aaf55485c,2026-08-03T13:00:00Z,2026-08-03T15:00:00+0200,234.413,MW,NL,NL,actual_solar_generation,Solar | Actual Aggregated,2026-08-26T03:46:52Z
2026-08-26T03:42:24Z,2026-08-26T05:42:24+0200,e96b9d4a-1054-48fe-90c7-5f4aaf55485c,2026-08-03T13:00:00Z,2026-08-03T15:00:00+0200,0.0,MW,NL,NL,actual_solar_generation,Solar | Actual Consumption,2026-08-26T03:46:52Z
2026-08-26T03:42:24Z,2026-08-26T05:42:24+0200,e96b9d4a-1054-48fe-90c7-5f4aaf55485c,2026-08-03T13:15:00Z,2026-08-03T15:15:00+0200,228.677,MW,NL,NL,actual_solar_generation,Solar | Actual Aggregated,2026-08-26T03:46:52Z
2026-08-26T03:42:24Z,2026-08-26T05:42:24+0200,e96b9d4a-1054-48fe-90c7-5f4aaf55485c,2026-08-03T13:15:00Z,2026-08-03T15:15:00+0200,0.0,MW,NL,NL,actual_solar_generation,Solar | Actual Consumption,2026-08-26T03:46:52Z
2026-08-26T03:42:24Z,2026-08-26T05:42:24+0200,e96b9d4a-1054-48fe-90c7-5f4aaf55485c,2026-08-03T13:30:00Z,2026-08-03T15:30:00+0200,218.273,MW,NL,NL,actual_solar_generation,Solar | Actual Aggregated,2026-08-26T03:46:52Z
2026-08-26T03:42:24Z,2026-08-26T05:42:24+0200,e96b9d4a-1054-48fe-90c7-5f4aaf55485c,2026-08-03T13:30:00Z,2026-08-03T15:30:00+0200,0.0,MW,NL,NL,actual_solar_generation,Solar | Actual Consumption,2026-08-26T03:46:52Z
2026-08-26T03:42:24Z,2026-08-26T05:42:24+0200,e96b9d4a-1054-48fe-90c7-5f4aaf55485c,2026-08-03T13:45:00Z,2026-08-03T15:45:00+0200,204.588,MW,NL,NL,actual_solar_generation,Solar | Actual Aggregated,2026-08-26T03:46:52Z
2026-08-26T03:42:24Z,2026-08-26T05:42:24+0200,e96b9d4a-1054-48fe-90c7-5f4aaf55485c,2026-08-03T13:45:00Z,2026-08-03T15:45:00+0200,0.0,MW,NL,NL,actual_solar_generation,Solar | Actual Consumption,2026-08-26T03:46:52Z
2026-08-26T03:42:24Z,2026-08-26T05:42:24+0200,e96b9d4a-1054-48fe-90c7-5f4aaf55485c,2026-08-03T14:00:00Z,2026-08-03T16:00:00+0200,207.458,MW,NL,NL,actual_solar_generation,Solar | Actual Aggregated,2026-08-26T03:46:52Z
2026-08-26T03:42:24Z,2026-08-26T05:42:24+0200,e96b9d4a-1054-48fe-90c7-5f4aaf55485c,2026-08-03T14:00:00Z,2026-08-03T16:00:00+0200,0.0,MW,NL,NL,actual_solar_generation,Solar | Actual Consumption,2026-08-26T03:46:52Z
2026-08-26T03:42:24Z,2026-08-26T05:42:24+0200,e96b9d4a-1054-48fe-90c7-5f4aaf55485c,2026-08-03T14:15:00Z,2026-08-03T16:15:00+0200,196.538,MW,NL,NL,actual_solar_generation,Solar | Actual Aggregated,2026-08-26T03:46:52Z
2026-08-26T03:42:24Z,2026-08-26T05:42:24+0200,e96b9d4a-1054-48fe-90c7-5f4aaf55485c,2026-08-03T14:15:00Z,2026-08-03T16:15:00+0200,0.0,MW,NL,NL,actual_solar_generation,Solar | Actual Consumption,2026-08-26T03:46:52Z
2026-08-26T03:42:24Z,2026-08-26T05:42:24+0200,e96b9d4a-1054-48fe-90c7-5f4aaf55485c,2026-08-03T14:30:00Z,2026-08-03T16:30:00+0200,192.255,MW,NL,NL,actual_solar_generation,Solar | Actual Aggregated,2026-08-26T03:46:52Z
2026-08-26T03:42:24Z,2026-08-26T05:42:24+0200,e96b9d4a-1054-48fe-90c7-5f4aaf55485c,2026-08-03T14:30:00Z,2026-08-03T16:30:00+0200,0.0,MW,NL,NL,actual_solar_generation,Solar | Actual Consumption,2026-08-26T03:46:52Z
2026-08-26T03:42:24Z,2026-08-26T05:42:24+0200,e96b9d4a-1054-48fe-90c7-5f4aaf55485c,2026-08-03T14:45:00Z,2026-08-03T16:45:00+0200,173.278,MW,NL,NL,actual_solar_generation,Solar | Actual Aggregated,2026-08-26T03:46:52Z
2026-08-26T03:42:24Z,2026-08-26T05:42:24+0200,e96b9d4a-1054-48fe-90c7-5f4aaf55485c,2026-08-03T14:45:00Z,2026-08-03T16:45:00+0200,0.0,MW,NL,NL,actual_solar_generation,Solar | Actual Consumption,2026-08-26T03:46:52Z
2026-08-26T03:42:24Z,2026-08-26T05:42:24+0200,e96b9d4a-1054-48fe-90c7-5f4aaf55485c,2026-08-03T15:00:00Z,2026-08-03T17:00:00+0200,159.706,MW,NL,NL,actual_solar_generation,Solar | Actual Aggregated,2026-08-26T03:46:52Z
2026-08-26T03:42:24Z,2026-08-26T05:42:24+0200,e96b9d4a-1054-48fe-90c7-5f4aaf55485c,2026-08-03T15:00:00Z,2026-08-03T17:00:00+0200,0.0,MW,NL,NL,actual_solar_generation,Solar | Actual Consumption,2026-08-26T03:46:52Z
2026-08-26T03:42:24Z,2026-08-26T05:42:24+0200,e96b9d4a-1054-48fe-90c7-5f4aaf55485c,2026-08-03T15:15:00Z,2026-08-03T17:15:00+0200,155.085,MW,NL,NL,actual_solar_generation,Solar | Actual Aggregated,2026-08-26T03:46:52Z
2026-08-26T03:42:24Z,2026-08-26T05:42:24+0200,e96b9d4a-1054-48fe-90c7-5f4aaf55485c,2026-08-03T15:15:00Z,2026-08-03T17:15:00+0200,0.0,MW,NL,NL,actual_solar_generation,Solar | Actual Consumption,2026-08-26T03:46:52Z
2026-08-26T03:42:24Z,2026-08-26T05:42:24+0200,e96b9d4a-1054-48fe-90c7-5f4aaf55485c,2026-08-03T15:30:00Z,2026-08-03T17:30:00+0200,149.777,MW,NL,NL,actual_solar_generation,Solar | Actual Aggregated,2026-08-26T03:46:52Z
2026-08-26T03:42:24Z,2026-08-26T05:42:24+0200,e96b9d4a-1054-48fe-90c7-5f4aaf55485c,2026-08-03T15:30:00Z,2026-08-03T17:30:00+0200,0.0,MW,NL,NL,actual_solar_generation,Solar | Actual Consumption,2026-08-26T03:46:52Z
2026-08-26T03:42:24Z,2026-08-26T05:42:24+0200,e96b9d4a-1054-48fe-90c7-5f4aaf55485c,2026-08-03T15:45:00Z,2026-08-03T17:45:00+0200,137.427,MW,NL,NL,actual_solar_generation,Solar | Actual Aggregated,2026-08-26T03:46:52Z
2026-08-26T03:42:24Z,2026-08-26T05:42:24+0200,e96b9d4a-1054-48fe-90c7-5f4aaf55485c,2026-08-03T15:45:00Z,2026-08-03T17:45:00+0200,0.0,MW,NL,NL,actual_solar_generation,Solar | Actual Consumption,2026-08-26T03:46:52Z
2026-08-26T03:42:24Z,2026-08-26T05:42:24+0200,e96b9d4a-1054-48fe-90c7-5f4aaf55485c,2026-08-03T16:00:00Z,2026-08-03T18:00:00+0200,120.314,MW,NL,NL,actual_solar_generation,Solar | Actual Aggregated,2026-08-26T03:46:52Z
2026-08-26T03:42:24Z,2026-08-26T05:42:24+0200,e96b9d4a-1054-48fe-90c7-5f4aaf55485c,2026-08-03T16:00:00Z,2026-08-03T18:00:00+0200,0.0,MW,NL,NL,actual_solar_generation,Solar | Actual Consumption,2026-08-26T03:46:52Z
2026-08-26T03:42:24Z,2026-08-26T05:42:24+0200,e96b9d4a-1054-48fe-90c7-5f4aaf55485c,2026-08-03T16:15:00Z,2026-08-03T18:15:00+0200,103.361,MW,NL,NL,actual_solar_generation,Solar | Actual Aggregated,2026-08-26T03:46:52Z
2026-08-26T03:42:24Z,2026-08-26T05:42:24+0200,e96b9d4a-1054-48fe-90c7-5f4aaf55485c,2026-08-03T16:15:00Z,2026-08-03T18:15:00+0200,0.0,MW,NL,NL,actual_solar_generation,Solar | Actual Consumption,2026-08-26T03:46:52Z
2026-08-26T03:42:24Z,2026-08-26T05:42:24+0200,e96b9d4a-1054-48fe-90c7-5f4aaf55485c,2026-08-03T16:30:00Z,2026-08-03T18:30:00+0200,88.62,MW,NL,NL,actual_solar_generation,Solar | Actual Aggregated,2026-08-26T03:46:52Z
2026-08-26T03:42:24Z,2026-08-26T05:42:24+0200,e96b9d4a-1054-48fe-90c7-5f4aaf55485c,2026-08-03T16:30:00Z,2026-08-03T18:30:00+0200,0.0,MW,NL,NL,actual_solar_generation,Solar | Actual Consumption,2026-08-26T03:46:52Z
2026-08-26T03:42:24Z,2026-08-26T05:42:24+0200,e96b9d4a-1054-48fe-90c7-5f4aaf55485c,2026-08-03T16:45:00Z,2026-08-03T18:45:00+0200,72.159,MW,NL,NL,actual_solar_generation,Solar | Actual Aggregated,2026-08-26T03:46:52Z
2026-08-26T03:42:24Z,2026-08-26T05:42:24+0200,e96b9d4a-1054-48fe-90c7-5f4aaf55485c,2026-08-03T16:45:00Z,2026-08-03T18:45:00+0200,0.0,MW,NL,NL,actual_solar_generation,Solar | Actual Consumption,2026-08-26T03:46:52Z
2026-08-26T03:42:24Z,2026-08-26T05:42:24+0200,e96b9d4a-1054-48fe-90c7-5f4aaf55485c,2026-08-03T17:00:00Z,2026-08-03T19:00:00+0200,56.687,MW,NL,NL,actual_solar_generation,Solar | Actual Aggregated,2026-08-26T03:46:52Z
2026-08-26T03:42:24Z,2026-08-26T05:42:24+0200,e96b9d4a-1054-48fe-90c7-5f4aaf55485c,2026-08-03T17:00:00Z,2026-08-03T19:00:00+0200,0.0,MW,NL,NL,actual_solar_generation,Solar | Actual Consumption,2026-08-26T03:46:52Z
2026-08-26T03:42:24Z,2026-08-26T05:42:24+0200,e96b9d4a-1054-48fe-90c7-5f4aaf55485c,2026-08-03T17:15:00Z,2026-08-03T19:15:00+0200,43.727,MW,NL,NL,actual_solar_generation,Solar | Actual Aggregated,2026-08-26T03:46:52Z
2026-08-26T03:42:24Z,2026-08-26T05:42:24+0200,e96b9d4a-1054-48fe-90c7-5f4aaf55485c,2026-08-03T17:15:00Z,2026-08-03T19:15:00+0200,0.0,MW,NL,NL,actual_solar_generation,Solar | Actual Consumption,2026-08-26T03:46:52Z
2026-08-26T03:42:24Z,2026-08-26T05:42:24+0200,e96b9d4a-1054-48fe-90c7-5f4aaf55485c,2026-08-03T17:30:00Z,2026-08-03T19:30:00+0200,36.433,MW,NL,NL,actual_solar_generation,Solar | Actual Aggregated,2026-08-26T03:46:52Z
2026-08-26T03:42:24Z,2026-08-26T05:42:24+0200,e96b9d4a-1054-48fe-90c7-5f4aaf55485c,2026-08-03T17:30:00Z,2026-08-03T19:30:00+0200,0.0,MW,NL,NL,actual_solar_generation,Solar | Actual Consumption,2026-08-26T03:46:52Z
2026-08-26T03:42:24Z,2026-08-26T05:42:24+0200,e96b9d4a-1054-48fe-90c7-5f4aaf55485c,2026-08-03T17:45:00Z,2026-08-03T19:45:00+0200,30.251,MW,NL,NL,actual_solar_generation,Solar | Actual Aggregated,2026-08-26T03:46:52Z
2026-08-26T03:42:24Z,2026-08-26T05:42:24+0200,e96b9d4a-1054-48fe-90c7-5f4aaf55485c,2026-08-03T17:45:00Z,2026-08-03T19:45:00+0200,0.0,MW,NL,NL,actual_solar_generation,Solar | Actual Consumption,2026-08-26T03:46:52Z
2026-08-26T03:42:24Z,2026-08-26T05:42:24+0200,e96b9d4a-1054-48fe-90c7-5f4aaf55485c,2026-08-03T18:00:00Z,2026-08-03T20:00:00+0200,20.671,MW,NL,NL,actual_solar_generation,Solar | Actual Aggregated,2026-08-26T03:46:52Z
2026-08-26T03:42:24Z,2026-08-26T05:42:24+0200,e96b9d4a-1054-48fe-90c7-5f4aaf55485c,2026-08-03T18:00:00Z,2026-08-03T20:00:00+0200,0.0,MW,NL,NL,actual_solar_generation,Solar | Actual Consumption,2026-08-26T03:46:52Z
2026-08-26T03:42:24Z,2026-08-26T05:42:24+0200,e96b9d4a-1054-48fe-90c7-5f4aaf55485c,2026-08-03T18:15:00Z,2026-08-03T20:15:00+0200,13.447,MW,NL,NL,actual_solar_generation,Solar | Actual Aggregated,2026-08-26T03:46:52Z
2026-08-26T03:42:24Z,2026-08-26T05:42:24+0200,e96b9d4a-1054-48fe-90c7-5f4aaf55485c,2026-08-03T18:15:00Z,2026-08-03T20:15:00+0200,0.0,MW,NL,NL,actual_solar_generation,Solar | Actual Consumption,2026-08-26T03:46:52Z
2026-08-26T03:42:24Z,2026-08-26T05:42:24+0200,e96b9d4a-1054-48fe-90c7-5f4aaf55485c,2026-08-03T18:30:00Z,2026-08-03T20:30:00+0200,8.635,MW,NL,NL,actual_solar_generation,Solar | Actual Aggregated,2026-08-26T03:46:52Z
2026-08-26T03:42:24Z,2026-08-26T05:42:24+0200,e96b9d4a-1054-48fe-90c7-5f4aaf55485c,2026-08-03T18:30:00Z,2026-08-03T20:30:00+0200,0.0,MW,NL,NL,actual_solar_generation,Solar | Actual Consumption,2026-08-26T03:46:52Z
2026-08-26T03:42:24Z,2026-08-26T05:42:24+0200,e96b9d4a-1054-48fe-90c7-5f4aaf55485c,2026-08-03T18:45:00Z,2026-08-03T20:45:00+0200,4.678,MW,NL,NL,actual_solar_generation,Solar | Actual Aggregated,2026-08-26T03:46:52Z
2026-08-26T03:42:24Z,2026-08-26T05:42:24+0200,e96b9d4a-1054-48fe-90c7-5f4aaf55485c,2026-08-03T18:45:00Z,2026-08-03T20:45:00+0200,0.0,MW,NL,NL,actual_solar_generation,Solar | Actual Consumption,2026-08-26T03:46:52Z
2026-08-26T03:42:24Z,2026-08-26T05:42:24+0200,e96b9d4a-1054-48fe-90c7-5f4aaf55485c,2026-08-03T19:00:00Z,2026-08-03T21:00:00+0200,1.571,MW,NL,NL,actual_solar_generation,Solar | Actual Aggregated,2026-08-26T03:46:52Z
2026-08-26T03:42:24Z,2026-08-26T05:42:24+0200,e96b9d4a-1054-48fe-90c7-5f4aaf55485c,2026-08-03T19:00:00Z,2026-08-03T21:00:00+0200,0.0,MW,NL,NL,actual_solar_generation,Solar | Actual Consumption,2026-08-26T03:46:52Z
2026-08-26T03:42:24Z,2026-08-26T05:42:24+0200,e96b9d4a-1054-48fe-90c7-5f4aaf55485c,2026-08-03T19:15:00Z,2026-08-03T21:15:00+0200,0.0,MW,NL,NL,actual_solar_generation,Solar | Actual Aggregated,2026-08-26T03:46:52Z
2026-08-26T03:42:24Z,2026-08-26T05:42:24+0200,e96b9d4a-1054-48fe-90c7-5f4aaf55485c,2026-08-03T19:15:00Z,2026-08-03T21:15:00+0200,0.611,MW,NL,NL,actual_solar_generation,Solar | Actual Consumption,2026-08-26T03:46:52Z
2026-08-26T03:42:24Z,2026-08-26T05:42:24+0200,e96b9d4a-1054-48fe-90c7-5f4aaf55485c,2026-08-03T19:30:00Z,2026-08-03T21:30:00+0200,0.0,MW,NL,NL,actual_solar_generation,Solar | Actual Aggregated,2026-08-26T03:46:52Z
2026-08-26T03:42:24Z,2026-08-26T05:42:24+0200,e96b9d4a-1054-48fe-90c7-5f4aaf55485c,2026-08-03T19:30:00Z,2026-08-03T21:30:00+0200,0.126,MW,NL,NL,actual_solar_generation,Solar | Actual Consumption,2026-08-26T03:46:52Z
2026-08-26T03:42:24Z,2026-08-26T05:42:24+0200,e96b9d4a-1054-48fe-90c7-5f4aaf55485c,2026-08-03T19:45:00Z,2026-08-03T21:45:00+0200,0.0,MW,NL,NL,actual_solar_generation,Solar | Actual Aggregated,2026-08-26T03:46:52Z
2026-08-26T03:42:24Z,2026-08-26T05:42:24+0200,e96b9d4a-1054-48fe-90c7-5f4aaf55485c,2026-08-03T19:45:00Z,2026-08-03T21:45:00+0200,0.126,MW,NL,NL,actual_solar_generation,Solar | Actual Consumption,2026-08-26T03:46:52Z
2026-08-26T03:42:24Z,2026-08-26T05:42:24+0200,e96b9d4a-1054-48fe-90c7-5f4aaf55485c,2026-08-03T20:00:00Z,2026-08-03T22:00:00+0200,0.0,MW,NL,NL,actual_solar_generation,Solar | Actual Aggregated,2026-08-26T03:46:52Z
2026-08-26T03:42:24Z,2026-08-26T05:42:24+0200,e96b9d4a-1054-48fe-90c7-5f4aaf55485c,2026-08-03T20:00:00Z,2026-08-03T22:00:00+0200,0.126,MW,NL,NL,actual_solar_generation,Solar | Actual Consumption,2026-08-26T03:46:52Z
2026-08-26T03:42:24Z,2026-08-26T05:42:24+0200,e96b9d4a-1054-48fe-90c7-5f4aaf55485c,2026-08-03T20:15:00Z,2026-08-03T22:15:00+0200,0.0,MW,NL,NL,actual_solar_generation,Solar | Actual Aggregated,2026-08-26T03:46:52Z
2026-08-26T03:42:24Z,2026-08-26T05:42:24+0200,e96b9d4a-1054-48fe-90c7-5f4aaf55485c,2026-08-03T20:15:00Z,2026-08-03T22:15:00+0200,0.126,MW,NL,NL,actual_solar_generation,Solar | Actual Consumption,2026-08-26T03:46:52Z
2026-08-26T03:42:24Z,2026-08-26T05:42:24+0200,e96b9d4a-1054-48fe-90c7-5f4aaf55485c,2026-08-03T20:30:00Z,2026-08-03T22:30:00+0200,0.0,MW,NL,NL,actual_solar_generation,Solar | Actual Aggregated,2026-08-26T03:46:52Z
2026-08-26T03:42:24Z,2026-08-26T05:42:24+0200,e96b9d4a-1054-48fe-90c7-5f4aaf55485c,2026-08-03T20:30:00Z,2026-08-03T22:30:00+0200,0.126,MW,NL,NL,actual_solar_generation,Solar | Actual Consumption,2026-08-26T03:46:52Z
2026-08-26T03:42:24Z,2026-08-26T05:42:24+0200,e96b9d4a-1054-48fe-90c7-5f4aaf55485c,2026-08-03T20:45:00Z,2026-08-03T22:45:00+0200,0.0,MW,NL,NL,actual_solar_generation,Solar | Actual Aggregated,2026-08-26T03:46:52Z
2026-08-26T03:42:24Z,2026-08-26T05:42:24+0200,e96b9d4a-1054-48fe-90c7-5f4aaf55485c,2026-08-03T20:45:00Z,2026-08-03T22:45:00+0200,0.136,MW,NL,NL,actual_solar_generation,Solar | Actual Consumption,2026-08-26T03:46:52Z
2026-08-26T03:42:24Z,2026-08-26T05:42:24+0200,e96b9d4a-1054-48fe-90c7-5f4aaf55485c,2026-08-03T21:00:00Z,2026-08-03T23:00:00+0200,0.0,MW,NL,NL,actual_solar_generation,Solar | Actual Aggregated,2026-08-26T03:46:52Z
2026-08-26T03:42:24Z,2026-08-26T05:42:24+0200,e96b9d4a-1054-48fe-90c7-5f4aaf55485c,2026-08-03T21:00:00Z,2026-08-03T23:00:00+0200,0.126,MW,NL,NL,actual_solar_generation,Solar | Actual Consumption,2026-08-26T03:46:52Z
2026-08-26T03:42:24Z,2026-08-26T05:42:24+0200,e96b9d4a-1054-48fe-90c7-5f4aaf55485c,2026-08-03T21:15:00Z,2026-08-03T23:15:00+0200,0.0,MW,NL,NL,actual_solar_generation,Solar | Actual Aggregated,2026-08-26T03:46:52Z
2026-08-26T03:42:24Z,2026-08-26T05:42:24+0200,e96b9d4a-1054-48fe-90c7-5f4aaf55485c,2026-08-03T21:15:00Z,2026-08-03T23:15:00+0200,0.131,MW,NL,NL,actual_solar_generation,Solar | Actual Consumption,2026-08-26T03:46:52Z
2026-08-26T03:42:24Z,2026-08-26T05:42:24+0200,e96b9d4a-1054-48fe-90c7-5f4aaf55485c,2026-08-03T21:30:00Z,2026-08-03T23:30:00+0200,0.0,MW,NL,NL,actual_solar_generation,Solar | Actual Aggregated,2026-08-26T03:46:52Z
2026-08-26T03:42:24Z,2026-08-26T05:42:24+0200,e96b9d4a-1054-48fe-90c7-5f4aaf55485c,2026-08-03T21:30:00Z,2026-08-03T23:30:00+0200,0.122,MW,NL,NL,actual_solar_generation,Solar | Actual Consumption,2026-08-26T03:46:52Z
2026-08-26T03:42:24Z,2026-08-26T05:42:24+0200,e96b9d4a-1054-48fe-90c7-5f4aaf55485c,2026-08-03T21:45:00Z,2026-08-03T23:45:00+0200,0.0,MW,NL,NL,actual_solar_generation,Solar | Actual Aggregated,2026-08-26T03:46:52Z
2026-08-26T03:42:24Z,2026-08-26T05:42:24+0200,e96b9d4a-1054-48fe-90c7-5f4aaf55485c,2026-08-03T21:45:00Z,2026-08-03T23:45:00+0200,0.132,MW,NL,NL,actual_solar_generation,Solar | Actual Consumption,2026-08-26T03:46:52Z
2026-08-26T03:42:24Z,2026-08-26T05:42:24+0200,e96b9d4a-1054-48fe-90c7-5f4aaf55485c,2026-08-03T22:00:00Z,2026-08-04T00:00:00+0200,0.0,MW,NL,NL,actual_solar_generation,Solar | Actual Aggregated,2026-08-26T03:46:52Z
2026-08-26T03:42:24Z,2026-08-26T05:42:24+0200,e96b9d4a-1054-48fe-90c7-5f4aaf55485c,2026-08-03T22:00:00Z,2026-08-04T00:00:00+0200,0.133,MW,NL,NL,actual_solar_generation,Solar | Actual Consumption,2026-08-26T03:46:52Z
2026-08-26T03:42:24Z,2026-08-26T05:42:24+0200,e96b9d4a-1054-48fe-90c7-5f4aaf55485c,2026-08-03T22:15:00Z,2026-08-04T00:15:00+0200,0.0,MW,NL,NL,actual_solar_generation,Solar | Actual Aggregated,2026-08-26T03:46:52Z
2026-08-26T03:42:24Z,2026-08-26T05:42:24+0200,e96b9d4a-1054-48fe-90c7-5f4aaf55485c,2026-08-03T22:15:00Z,2026-08-04T00:15:00+0200,0.123,MW,NL,NL,actual_solar_generation,Solar | Actual Consumption,2026-08-26T03:46:52Z
2026-08-26T03:42:24Z,2026-08-26T05:42:24+0200,e96b9d4a-1054-48fe-90c7-5f4aaf55485c,2026-08-03T22:30:00Z,2026-08-04T00:30:00+0200,0.0,MW,NL,NL,actual_solar_generation,Solar | Actual Aggregated,2026-08-26T03:46:52Z
2026-08-26T03:42:24Z,2026-08-26T05:42:24+0200,e96b9d4a-1054-48fe-90c7-5f4aaf55485c,2026-08-03T22:30:00Z,2026-08-04T00:30:00+0200,0.132,MW,NL,NL,actual_solar_generation,Solar | Actual Consumption,2026-08-26T03:46:52Z
2026-08-26T03:42:24Z,2026-08-26T05:42:24+0200,e96b9d4a-1054-48fe-90c7-5f4aaf55485c,2026-08-03T22:45:00Z,2026-08-04T00:45:00+0200,0.0,MW,NL,NL,actual_solar_generation,Solar | Actual Aggregated,2026-08-26T03:46:52Z
2026-08-26T03:42:24Z,2026-08-26T05:42:24+0200,e96b9d4a-1054-48fe-90c7-5f4aaf55485c,2026-08-03T22:45:00Z,2026-08-04T00:45:00+0200,0.128,MW,NL,NL,actual_solar_generation,Solar | Actual Consumption,2026-08-26T03:46:52Z
2026-08-26T03:42:24Z,2026-08-26T05:42:24+0200,e96b9d4a-1054-48fe-90c7-5f4aaf55485c,2026-08-03T23:00:00Z,2026-08-04T01:00:00+0200,0.0,MW,NL,NL,actual_solar_generation,Solar | Actual Aggregated,2026-08-26T03:46:52Z
2026-08-26T03:42:24Z,2026-08-26T05:42:24+0200,e96b9d4a-1054-48fe-90c7-5f4aaf55485c,2026-08-03T23:00:00Z,2026-08-04T01:00:00+0200,0.137,MW,NL,NL,actual_solar_generation,Solar | Actual Consumption,2026-08-26T03:46:52Z
2026-08-26T03:42:24Z,2026-08-26T05:42:24+0200,e96b9d4a-1054-48fe-90c7-5f4aaf55485c,2026-08-03T23:15:00Z,2026-08-04T01:15:00+0200,0.0,MW,NL,NL,actual_solar_generation,Solar | Actual Aggregated,2026-08-26T03:46:52Z
2026-08-26T03:42:24Z,2026-08-26T05:42:24+0200,e96b9d4a-1054-48fe-90c7-5f4aaf55485c,2026-08-03T23:15:00Z,2026-08-04T01:15:00+0200,0.134,MW,NL,NL,actual_solar_generation,Solar | Actual Consumption,2026-08-26T03:46:52Z
2026-08-26T03:42:24Z,2026-08-26T05:42:24+0200,e96b9d4a-1054-48fe-90c7-5f4aaf55485c,2026-08-03T23:30:00Z,2026-08-04T01:30:00+0200,0.0,MW,NL,NL,actual_solar_generation,Solar | Actual Aggregated,2026-08-26T03:46:52Z
2026-08-26T03:42:24Z,2026-08-26T05:42:24+0200,e96b9d4a-1054-48fe-90c7-5f4aaf55485c,2026-08-03T23:30:00Z,2026-08-04T01:30:00+0200,0.134,MW,NL,NL,actual_solar_generation,Solar | Actual Consumption,2026-08-26T03:46:52Z
2026-08-26T03:42:24Z,2026-08-26T05:42:24+0200,e96b9d4a-1054-48fe-90c7-5f4aaf55485c,2026-08-03T23:45:00Z,2026-08-04T01:45:00+0200,0.0,MW,NL,NL,actual_solar_generation,Solar | Actual Aggregated,2026-08-26T03:46:52Z
2026-08-26T03:42:24Z,2026-08-26T05:42:24+0200,e96b9d4a-1054-48fe-90c7-5f4aaf55485c,2026-08-03T23:45:00Z,2026-08-04T01:45:00+0200,0.134,MW,NL,NL,actual_solar_generation,Solar | Actual Consumption,2026-08-26T03:46:52Z
2026-08-26T03:42:24Z,2026-08-26T05:42:24+0200,e96b9d4a-1054-48fe-90c7-5f4aaf55485c,2026-08-04T00:00:00Z,2026-08-04T02:00:00+0200,0.0,MW,NL,NL,actual_solar_generation,Solar | Actual Aggregated,2026-08-26T03:46:52Z
2026-08-26T03:42:24Z,2026-08-26T05:42:24+0200,e96b9d4a-1054-48fe-90c7-5f4aaf55485c,2026-08-04T00:00:00Z,2026-08-04T02:00:00+0200,0.122,MW,NL,NL,actual_solar_generation,Solar | Actual Consumption,2026-08-26T03:46:52Z
2026-08-26T03:42:24Z,2026-08-26T05:42:24+0200,e96b9d4a-1054-48fe-90c7-5f4aaf55485c,2026-08-04T00:15:00Z,2026-08-04T02:15:00+0200,0.0,MW,NL,NL,actual_solar_generation,Solar | Actual Aggregated,2026-08-26T03:46:52Z
2026-08-26T03:42:24Z,2026-08-26T05:42:24+0200,e96b9d4a-1054-48fe-90c7-5f4aaf55485c,2026-08-04T00:15:00Z,2026-08-04T02:15:00+0200,0.141,MW,NL,NL,actual_solar_generation,Solar | Actual Consumption,2026-08-26T03:46:52Z
2026-08-26T03:42:24Z,2026-08-26T05:42:24+0200,e96b9d4a-1054-48fe-90c7-5f4aaf55485c,2026-08-04T00:30:00Z,2026-08-04T02:30:00+0200,0.0,MW,NL,NL,actual_solar_generation,Solar | Actual Aggregated,2026-08-26T03:46:52Z
2026-08-26T03:42:24Z,2026-08-26T05:42:24+0200,e96b9d4a-1054-48fe-90c7-5f4aaf55485c,2026-08-04T00:30:00Z,2026-08-04T02:30:00+0200,0.117,MW,NL,NL,actual_solar_generation,Solar | Actual Consumption,2026-08-26T03:46:52Z
2026-08-26T03:42:24Z,2026-08-26T05:42:24+0200,e96b9d4a-1054-48fe-90c7-5f4aaf55485c,2026-08-04T00:45:00Z,2026-08-04T02:45:00+0200,0.0,MW,NL,NL,actual_solar_generation,Solar | Actual Aggregated,2026-08-26T03:46:52Z
2026-08-26T03:42:24Z,2026-08-26T05:42:24+0200,e96b9d4a-1054-48fe-90c7-5f4aaf55485c,2026-08-04T00:45:00Z,2026-08-04T02:45:00+0200,0.125,MW,NL,NL,actual_solar_generation,Solar | Actual Consumption,2026-08-26T03:46:52Z
2026-08-26T03:42:24Z,2026-08-26T05:42:24+0200,e96b9d4a-1054-48fe-90c7-5f4aaf55485c,2026-08-04T01:00:00Z,2026-08-04T03:00:00+0200,0.0,MW,NL,NL,actual_solar_generation,Solar | Actual Aggregated,2026-08-26T03:46:52Z
2026-08-26T03:42:24Z,2026-08-26T05:42:24+0200,e96b9d4a-1054-48fe-90c7-5f4aaf55485c,2026-08-04T01:00:00Z,2026-08-04T03:00:00+0200,0.125,MW,NL,NL,actual_solar_generation,Solar | Actual Consumption,2026-08-26T03:46:52Z
2026-08-26T03:42:24Z,2026-08-26T05:42:24+0200,e96b9d4a-1054-48fe-90c7-5f4aaf55485c,2026-08-04T01:15:00Z,2026-08-04T03:15:00+0200,0.0,MW,NL,NL,actual_solar_generation,Solar | Actual Aggregated,2026-08-26T03:46:52Z
2026-08-26T03:42:24Z,2026-08-26T05:42:24+0200,e96b9d4a-1054-48fe-90c7-5f4aaf55485c,2026-08-04T01:15:00Z,2026-08-04T03:15:00+0200,0.125,MW,NL,NL,actual_solar_generation,Solar | Actual Consumption,2026-08-26T03:46:52Z
2026-08-26T03:42:24Z,2026-08-26T05:42:24+0200,e96b9d4a-1054-48fe-90c7-5f4aaf55485c,2026-08-04T01:30:00Z,2026-08-04T03:30:00+0200,0.0,MW,NL,NL,actual_solar_generation,Solar | Actual Aggregated,2026-08-26T03:46:52Z
2026-08-26T03:42:24Z,2026-08-26T05:42:24+0200,e96b9d4a-1054-48fe-90c7-5f4aaf55485c,2026-08-04T01:30:00Z,2026-08-04T03:30:00+0200,0.125,MW,NL,NL,actual_solar_generation,Solar | Actual Consumption,2026-08-26T03:46:52Z
2026-08-26T03:42:24Z,2026-08-26T05:42:24+0200,e96b9d4a-1054-48fe-90c7-5f4aaf55485c,2026-08-04T01:45:00Z,2026-08-04T03:45:00+0200,0.0,MW,NL,NL,actual_solar_generation,Solar | Actual Aggregated,2026-08-26T03:46:52Z
2026-08-26T03:42:24Z,2026-08-26T05:42:24+0200,e96b9d4a-1054-48fe-90c7-5f4aaf55485c,2026-08-04T01:45:00Z,2026-08-04T03:45:00+0200,0.125,MW,NL,NL,actual_solar_generation,Solar | Actual Consumption,2026-08-26T03:46:52Z
2026-08-26T03:42:24Z,2026-08-26T05:42:24+0200,e96b9d4a-1054-48fe-90c7-5f4aaf55485c,2026-08-04T02:00:00Z,2026-08-04T04:00:00+0200,0.0,MW,NL,NL,actual_solar_generation,Solar | Actual Aggregated,2026-08-26T03:46:52Z
2026-08-26T03:42:24Z,2026-08-26T05:42:24+0200,e96b9d4a-1054-48fe-90c7-5f4aaf55485c,2026-08-04T02:00:00Z,2026-08-04T04:00:00+0200,0.121,MW,NL,NL,actual_solar_generation,Solar | Actual Consumption,2026-08-26T03:46:52Z
2026-08-26T03:42:24Z,2026-08-26T05:42:24+0200,e96b9d4a-1054-48fe-90c7-5f4aaf55485c,2026-08-04T02:15:00Z,2026-08-04T04:15:00+0200,0.0,MW,NL,NL,actual_solar_generation,Solar | Actual Aggregated,2026-08-26T03:46:52Z
2026-08-26T03:42:24Z,2026-08-26T05:42:24+0200,e96b9d4a-1054-48fe-90c7-5f4aaf55485c,2026-08-04T02:15:00Z,2026-08-04T04:15:00+0200,0.124,MW,NL,NL,actual_solar_generation,Solar | Actual Consumption,2026-08-26T03:46:52Z
2026-08-26T03:42:24Z,2026-08-26T05:42:24+0200,e96b9d4a-1054-48fe-90c7-5f4aaf55485c,2026-08-04T02:30:00Z,2026-08-04T04:30:00+0200,0.0,MW,NL,NL,actual_solar_generation,Solar | Actual Aggregated,2026-08-26T03:46:52Z
2026-08-26T03:42:24Z,2026-08-26T05:42:24+0200,e96b9d4a-1054-48fe-90c7-5f4aaf55485c,2026-08-04T02:30:00Z,2026-08-04T04:30:00+0200,0.137,MW,NL,NL,actual_solar_generation,Solar | Actual Consumption,2026-08-26T03:46:52Z
2026-08-26T03:42:24Z,2026-08-26T05:42:24+0200,e96b9d4a-1054-48fe-90c7-5f4aaf55485c,2026-08-04T02:45:00Z,2026-08-04T04:45:00+0200,0.0,MW,NL,NL,actual_solar_generation,Solar | Actual Aggregated,2026-08-26T03:46:52Z
2026-08-26T03:42:24Z,2026-08-26T05:42:24+0200,e96b9d4a-1054-48fe-90c7-5f4aaf55485c,2026-08-04T02:45:00Z,2026-08-04T04:45:00+0200,0.125,MW,NL,NL,actual_solar_generation,Solar | Actual Consumption,2026-08-26T03:46:52Z
2026-08-26T03:42:24Z,2026-08-26T05:42:24+0200,e96b9d4a-1054-48fe-90c7-5f4aaf55485c,2026-08-04T03:00:00Z,2026-08-04T05:00:00+0200,0.0,MW,NL,NL,actual_solar_generation,Solar | Actual Aggregated,2026-08-26T03:46:52Z
2026-08-26T03:42:24Z,2026-08-26T05:42:24+0200,e96b9d4a-1054-48fe-90c7-5f4aaf55485c,2026-08-04T03:00:00Z,2026-08-04T05:00:00+0200,0.125,MW,NL,NL,actual_solar_generation,Solar | Actual Consumption,2026-08-26T03:46:52Z
2026-08-26T03:42:24Z,2026-08-26T05:42:24+0200,e96b9d4a-1054-48fe-90c7-5f4aaf55485c,2026-08-04T03:15:00Z,2026-08-04T05:15:00+0200,0.0,MW,NL,NL,actual_solar_generation,Solar | Actual Aggregated,2026-08-26T03:46:52Z
2026-08-26T03:42:24Z,2026-08-26T05:42:24+0200,e96b9d4a-1054-48fe-90c7-5f4aaf55485c,2026-08-04T03:15:00Z,2026-08-04T05:15:00+0200,0.125,MW,NL,NL,actual_solar_generation,Solar | Actual Consumption,2026-08-26T03:46:52Z
2026-08-26T03:42:24Z,2026-08-26T05:42:24+0200,e96b9d4a-1054-48fe-90c7-5f4aaf55485c,2026-08-04T03:30:00Z,2026-08-04T05:30:00+0200,0.0,MW,NL,NL,actual_solar_generation,Solar | Actual Aggregated,2026-08-26T03:46:52Z
2026-08-26T03:42:24Z,2026-08-26T05:42:24+0200,e96b9d4a-1054-48fe-90c7-5f4aaf55485c,2026-08-04T03:30:00Z,2026-08-04T05:30:00+0200,0.125,MW,NL,NL,actual_solar_generation,Solar | Actual Consumption,2026-08-26T03:46:52Z
2026-08-26T03:42:24Z,2026-08-26T05:42:24+0200,e96b9d4a-1054-48fe-90c7-5f4aaf55485c,2026-08-04T03:45:00Z,2026-08-04T05:45:00+0200,0.0,MW,NL,NL,actual_solar_generation,Solar | Actual Aggregated,2026-08-26T03:46:52Z
2026-08-26T03:42:24Z,2026-08-26T05:42:24+0200,e96b9d4a-1054-48fe-90c7-5f4aaf55485c,2026-08-04T03:45:00Z,2026-08-04T05:45:00+0200,0.125,MW,NL,NL,actual_solar_generation,Solar | Actual Consumption,2026-08-26T03:46:52Z
2026-08-26T03:42:24Z,2026-08-26T05:42:24+0200,e96b9d4a-1054-48fe-90c7-5f4aaf55485c,2026-08-04T04:00:00Z,2026-08-04T06:00:00+0200,0.0,MW,NL,NL,actual_solar_generation,Solar | Actual Aggregated,2026-08-26T03:46:52Z
2026-08-26T03:42:24Z,2026-08-26T05:42:24+0200,e96b9d4a-1054-48fe-90c7-5f4aaf55485c,2026-08-04T04:00:00Z,2026-08-04T06:00:00+0200,0.125,MW,NL,NL,actual_solar_generation,Solar | Actual Consumption,2026-08-26T03:46:52Z
2026-08-26T03:42:24Z,2026-08-26T05:42:24+0200,e96b9d4a-1054-48fe-90c7-5f4aaf55485c,2026-08-04T04:15:00Z,2026-08-04T06:15:00+0200,0.0,MW,NL,NL,actual_solar_generation,Solar | Actual Aggregated,2026-08-26T03:46:52Z
2026-08-26T03:42:24Z,2026-08-26T05:42:24+0200,e96b9d4a-1054-48fe-90c7-5f4aaf55485c,2026-08-04T04:15:00Z,2026-08-04T06:15:00+0200,0.125,MW,NL,NL,actual_solar_generation,Solar | Actual Consumption,2026-08-26T03:46:52Z
2026-08-26T03:42:24Z,2026-08-26T05:42:24+0200,e96b9d4a-1054-48fe-90c7-5f4aaf55485c,2026-08-04T04:30:00Z,2026-08-04T06:30:00+0200,0.628,MW,NL,NL,actual_solar_generation,Solar | Actual Aggregated,2026-08-26T03:46:52Z
2026-08-26T03:42:24Z,2026-08-26T05:42:24+0200,e96b9d4a-1054-48fe-90c7-5f4aaf55485c,2026-08-04T04:30:00Z,2026-08-04T06:30:00+0200,0.125,MW,NL,NL,actual_solar_generation,Solar | Actual Consumption,2026-08-26T03:46:52Z
2026-08-26T03:42:24Z,2026-08-26T05:42:24+0200,e96b9d4a-1054-48fe-90c7-5f4aaf55485c,2026-08-04T04:45:00Z,2026-08-04T06:45:00+0200,5.649,MW,NL,NL,actual_solar_generation,Solar | Actual Aggregated,2026-08-26T03:46:52Z
2026-08-26T03:42:24Z,2026-08-26T05:42:24+0200,e96b9d4a-1054-48fe-90c7-5f4aaf55485c,2026-08-04T04:45:00Z,2026-08-04T06:45:00+0200,0.0,MW,NL,NL,actual_solar_generation,Solar | Actual Consumption,2026-08-26T03:46:52Z
2026-08-26T03:42:24Z,2026-08-26T05:42:24+0200,e96b9d4a-1054-48fe-90c7-5f4aaf55485c,2026-08-04T05:00:00Z,2026-08-04T07:00:00+0200,10.117,MW,NL,NL,actual_solar_generation,Solar | Actual Aggregated,2026-08-26T03:46:52Z
2026-08-26T03:42:24Z,2026-08-26T05:42:24+0200,e96b9d4a-1054-48fe-90c7-5f4aaf55485c,2026-08-04T05:00:00Z,2026-08-04T07:00:00+0200,0.0,MW,NL,NL,actual_solar_generation,Solar | Actual Consumption,2026-08-26T03:46:52Z
2026-08-26T03:42:24Z,2026-08-26T05:42:24+0200,e96b9d4a-1054-48fe-90c7-5f4aaf55485c,2026-08-04T05:15:00Z,2026-08-04T07:15:00+0200,13.822,MW,NL,NL,actual_solar_generation,Solar | Actual Aggregated,2026-08-26T03:46:52Z
2026-08-26T03:42:24Z,2026-08-26T05:42:24+0200,e96b9d4a-1054-48fe-90c7-5f4aaf55485c,2026-08-04T05:15:00Z,2026-08-04T07:15:00+0200,0.0,MW,NL,NL,actual_solar_generation,Solar | Actual Consumption,2026-08-26T03:46:52Z
2026-08-26T03:42:24Z,2026-08-26T05:42:24+0200,e96b9d4a-1054-48fe-90c7-5f4aaf55485c,2026-08-04T05:30:00Z,2026-08-04T07:30:00+0200,13.623,MW,NL,NL,actual_solar_generation,Solar | Actual Aggregated,2026-08-26T03:46:52Z
2026-08-26T03:42:24Z,2026-08-26T05:42:24+0200,e96b9d4a-1054-48fe-90c7-5f4aaf55485c,2026-08-04T05:30:00Z,2026-08-04T07:30:00+0200,0.0,MW,NL,NL,actual_solar_generation,Solar | Actual Consumption,2026-08-26T03:46:52Z
2026-08-26T03:42:24Z,2026-08-26T05:42:24+0200,e96b9d4a-1054-48fe-90c7-5f4aaf55485c,2026-08-04T05:45:00Z,2026-08-04T07:45:00+0200,16.523,MW,NL,NL,actual_solar_generation,Solar | Actual Aggregated,2026-08-26T03:46:52Z
2026-08-26T03:42:24Z,2026-08-26T05:42:24+0200,e96b9d4a-1054-48fe-90c7-5f4aaf55485c,2026-08-04T05:45:00Z,2026-08-04T07:45:00+0200,0.0,MW,NL,NL,actual_solar_generation,Solar | Actual Consumption,2026-08-26T03:46:52Z
2026-08-26T03:42:24Z,2026-08-26T05:42:24+0200,e96b9d4a-1054-48fe-90c7-5f4aaf55485c,2026-08-04T06:00:00Z,2026-08-04T08:00:00+0200,20.039,MW,NL,NL,actual_solar_generation,Solar | Actual Aggregated,2026-08-26T03:46:52Z
2026-08-26T03:42:24Z,2026-08-26T05:42:24+0200,e96b9d4a-1054-48fe-90c7-5f4aaf55485c,2026-08-04T06:00:00Z,2026-08-04T08:00:00+0200,0.0,MW,NL,NL,actual_solar_generation,Solar | Actual Consumption,2026-08-26T03:46:52Z
2026-08-26T03:42:24Z,2026-08-26T05:42:24+0200,e96b9d4a-1054-48fe-90c7-5f4aaf55485c,2026-08-04T06:15:00Z,2026-08-04T08:15:00+0200,30.313,MW,NL,NL,actual_solar_generation,Solar | Actual Aggregated,2026-08-26T03:46:52Z
2026-08-26T03:42:24Z,2026-08-26T05:42:24+0200,e96b9d4a-1054-48fe-90c7-5f4aaf55485c,2026-08-04T06:15:00Z,2026-08-04T08:15:00+0200,0.0,MW,NL,NL,actual_solar_generation,Solar | Actual Consumption,2026-08-26T03:46:52Z
2026-08-26T03:42:24Z,2026-08-26T05:42:24+0200,e96b9d4a-1054-48fe-90c7-5f4aaf55485c,2026-08-04T06:30:00Z,2026-08-04T08:30:00+0200,38.714,MW,NL,NL,actual_solar_generation,Solar | Actual Aggregated,2026-08-26T03:46:52Z
2026-08-26T03:42:24Z,2026-08-26T05:42:24+0200,e96b9d4a-1054-48fe-90c7-5f4aaf55485c,2026-08-04T06:30:00Z,2026-08-04T08:30:00+0200,0.0,MW,NL,NL,actual_solar_generation,Solar | Actual Consumption,2026-08-26T03:46:52Z
2026-08-26T03:42:24Z,2026-08-26T05:42:24+0200,e96b9d4a-1054-48fe-90c7-5f4aaf55485c,2026-08-04T06:45:00Z,2026-08-04T08:45:00+0200,53.223,MW,NL,NL,actual_solar_generation,Solar | Actual Aggregated,2026-08-26T03:46:52Z
2026-08-26T03:42:24Z,2026-08-26T05:42:24+0200,e96b9d4a-1054-48fe-90c7-5f4aaf55485c,2026-08-04T06:45:00Z,2026-08-04T08:45:00+0200,0.0,MW,NL,NL,actual_solar_generation,Solar | Actual Consumption,2026-08-26T03:46:52Z
2026-08-26T03:42:24Z,2026-08-26T05:42:24+0200,e96b9d4a-1054-48fe-90c7-5f4aaf55485c,2026-08-04T07:00:00Z,2026-08-04T09:00:00+0200,60.779,MW,NL,NL,actual_solar_generation,Solar | Actual Aggregated,2026-08-26T03:46:52Z
2026-08-26T03:42:24Z,2026-08-26T05:42:24+0200,e96b9d4a-1054-48fe-90c7-5f4aaf55485c,2026-08-04T07:00:00Z,2026-08-04T09:00:00+0200,0.0,MW,NL,NL,actual_solar_generation,Solar | Actual Consumption,2026-08-26T03:46:52Z
2026-08-26T03:42:24Z,2026-08-26T05:42:24+0200,e96b9d4a-1054-48fe-90c7-5f4aaf55485c,2026-08-04T07:15:00Z,2026-08-04T09:15:00+0200,72.494,MW,NL,NL,actual_solar_generation,Solar | Actual Aggregated,2026-08-26T03:46:52Z
2026-08-26T03:42:24Z,2026-08-26T05:42:24+0200,e96b9d4a-1054-48fe-90c7-5f4aaf55485c,2026-08-04T07:15:00Z,2026-08-04T09:15:00+0200,0.0,MW,NL,NL,actual_solar_generation,Solar | Actual Consumption,2026-08-26T03:46:52Z
2026-08-26T03:42:24Z,2026-08-26T05:42:24+0200,e96b9d4a-1054-48fe-90c7-5f4aaf55485c,2026-08-04T07:30:00Z,2026-08-04T09:30:00+0200,95.46,MW,NL,NL,actual_solar_generation,Solar | Actual Aggregated,2026-08-26T03:46:52Z
2026-08-26T03:42:24Z,2026-08-26T05:42:24+0200,e96b9d4a-1054-48fe-90c7-5f4aaf55485c,2026-08-04T07:30:00Z,2026-08-04T09:30:00+0200,0.0,MW,NL,NL,actual_solar_generation,Solar | Actual Consumption,2026-08-26T03:46:52Z
2026-08-26T03:42:24Z,2026-08-26T05:42:24+0200,e96b9d4a-1054-48fe-90c7-5f4aaf55485c,2026-08-04T07:45:00Z,2026-08-04T09:45:00+0200,115.85,MW,NL,NL,actual_solar_generation,Solar | Actual Aggregated,2026-08-26T03:46:52Z
2026-08-26T03:42:24Z,2026-08-26T05:42:24+0200,e96b9d4a-1054-48fe-90c7-5f4aaf55485c,2026-08-04T07:45:00Z,2026-08-04T09:45:00+0200,0.0,MW,NL,NL,actual_solar_generation,Solar | Actual Consumption,2026-08-26T03:46:52Z
2026-08-26T03:42:24Z,2026-08-26T05:42:24+0200,e96b9d4a-1054-48fe-90c7-5f4aaf55485c,2026-08-04T08:00:00Z,2026-08-04T10:00:00+0200,159.838,MW,NL,NL,actual_solar_generation,Solar | Actual Aggregated,2026-08-26T03:46:52Z
2026-08-26T03:42:24Z,2026-08-26T05:42:24+0200,e96b9d4a-1054-48fe-90c7-5f4aaf55485c,2026-08-04T08:00:00Z,2026-08-04T10:00:00+0200,0.0,MW,NL,NL,actual_solar_generation,Solar | Actual Consumption,2026-08-26T03:46:52Z
2026-08-26T03:42:24Z,2026-08-26T05:42:24+0200,e96b9d4a-1054-48fe-90c7-5f4aaf55485c,2026-08-04T08:15:00Z,2026-08-04T10:15:00+0200,175.338,MW,NL,NL,actual_solar_generation,Solar | Actual Aggregated,2026-08-26T03:46:52Z
2026-08-26T03:42:24Z,2026-08-26T05:42:24+0200,e96b9d4a-1054-48fe-90c7-5f4aaf55485c,2026-08-04T08:15:00Z,2026-08-04T10:15:00+0200,0.0,MW,NL,NL,actual_solar_generation,Solar | Actual Consumption,2026-08-26T03:46:52Z
2026-08-26T03:42:24Z,2026-08-26T05:42:24+0200,e96b9d4a-1054-48fe-90c7-5f4aaf55485c,2026-08-04T08:30:00Z,2026-08-04T10:30:00+0200,183.372,MW,NL,NL,actual_solar_generation,Solar | Actual Aggregated,2026-08-26T03:46:52Z
2026-08-26T03:42:24Z,2026-08-26T05:42:24+0200,e96b9d4a-1054-48fe-90c7-5f4aaf55485c,2026-08-04T08:30:00Z,2026-08-04T10:30:00+0200,0.0,MW,NL,NL,actual_solar_generation,Solar | Actual Consumption,2026-08-26T03:46:52Z
2026-08-26T03:42:24Z,2026-08-26T05:42:24+0200,e96b9d4a-1054-48fe-90c7-5f4aaf55485c,2026-08-04T08:45:00Z,2026-08-04T10:45:00+0200,197.563,MW,NL,NL,actual_solar_generation,Solar | Actual Aggregated,2026-08-26T03:46:52Z
2026-08-26T03:42:24Z,2026-08-26T05:42:24+0200,e96b9d4a-1054-48fe-90c7-5f4aaf55485c,2026-08-04T08:45:00Z,2026-08-04T10:45:00+0200,0.0,MW,NL,NL,actual_solar_generation,Solar | Actual Consumption,2026-08-26T03:46:52Z
2026-08-26T03:42:24Z,2026-08-26T05:42:24+0200,e96b9d4a-1054-48fe-90c7-5f4aaf55485c,2026-08-04T09:00:00Z,2026-08-04T11:00:00+0200,198.032,MW,NL,NL,actual_solar_generation,Solar | Actual Aggregated,2026-08-26T03:46:52Z
2026-08-26T03:42:24Z,2026-08-26T05:42:24+0200,e96b9d4a-1054-48fe-90c7-5f4aaf55485c,2026-08-04T09:00:00Z,2026-08-04T11:00:00+0200,0.0,MW,NL,NL,actual_solar_generation,Solar | Actual Consumption,2026-08-26T03:46:52Z
2026-08-26T03:42:24Z,2026-08-26T05:42:24+0200,e96b9d4a-1054-48fe-90c7-5f4aaf55485c,2026-08-04T09:15:00Z,2026-08-04T11:15:00+0200,208.613,MW,NL,NL,actual_solar_generation,Solar | Actual Aggregated,2026-08-26T03:46:52Z
2026-08-26T03:42:24Z,2026-08-26T05:42:24+0200,e96b9d4a-1054-48fe-90c7-5f4aaf55485c,2026-08-04T09:15:00Z,2026-08-04T11:15:00+0200,0.0,MW,NL,NL,actual_solar_generation,Solar | Actual Consumption,2026-08-26T03:46:52Z
2026-08-26T03:42:24Z,2026-08-26T05:42:24+0200,e96b9d4a-1054-48fe-90c7-5f4aaf55485c,2026-08-04T09:30:00Z,2026-08-04T11:30:00+0200,215.186,MW,NL,NL,actual_solar_generation,Solar | Actual Aggregated,2026-08-26T03:46:52Z
2026-08-26T03:42:24Z,2026-08-26T05:42:24+0200,e96b9d4a-1054-48fe-90c7-5f4aaf55485c,2026-08-04T09:30:00Z,2026-08-04T11:30:00+0200,0.0,MW,NL,NL,actual_solar_generation,Solar | Actual Consumption,2026-08-26T03:46:52Z
2026-08-26T03:42:24Z,2026-08-26T05:42:24+0200,e96b9d4a-1054-48fe-90c7-5f4aaf55485c,2026-08-04T09:45:00Z,2026-08-04T11:45:00+0200,221.79,MW,NL,NL,actual_solar_generation,Solar | Actual Aggregated,2026-08-26T03:46:52Z
2026-08-26T03:42:24Z,2026-08-26T05:42:24+0200,e96b9d4a-1054-48fe-90c7-5f4aaf55485c,2026-08-04T09:45:00Z,2026-08-04T11:45:00+0200,0.0,MW,NL,NL,actual_solar_generation,Solar | Actual Consumption,2026-08-26T03:46:52Z
2026-08-26T03:42:24Z,2026-08-26T05:42:24+0200,e96b9d4a-1054-48fe-90c7-5f4aaf55485c,2026-08-04T10:00:00Z,2026-08-04T12:00:00+0200,225.214,MW,NL,NL,actual_solar_generation,Solar | Actual Aggregated,2026-08-26T03:46:52Z
2026-08-26T03:42:24Z,2026-08-26T05:42:24+0200,e96b9d4a-1054-48fe-90c7-5f4aaf55485c,2026-08-04T10:00:00Z,2026-08-04T12:00:00+0200,0.0,MW,NL,NL,actual_solar_generation,Solar | Actual Consumption,2026-08-26T03:46:52Z
2026-08-26T03:42:24Z,2026-08-26T05:42:24+0200,e96b9d4a-1054-48fe-90c7-5f4aaf55485c,2026-08-04T10:15:00Z,2026-08-04T12:15:00+0200,225.672,MW,NL,NL,actual_solar_generation,Solar | Actual Aggregated,2026-08-26T03:46:52Z
2026-08-26T03:42:24Z,2026-08-26T05:42:24+0200,e96b9d4a-1054-48fe-90c7-5f4aaf55485c,2026-08-04T10:15:00Z,2026-08-04T12:15:00+0200,0.0,MW,NL,NL,actual_solar_generation,Solar | Actual Consumption,2026-08-26T03:46:52Z
2026-08-26T03:42:24Z,2026-08-26T05:42:24+0200,e96b9d4a-1054-48fe-90c7-5f4aaf55485c,2026-08-04T10:30:00Z,2026-08-04T12:30:00+0200,228.815,MW,NL,NL,actual_solar_generation,Solar | Actual Aggregated,2026-08-26T03:46:52Z
2026-08-26T03:42:24Z,2026-08-26T05:42:24+0200,e96b9d4a-1054-48fe-90c7-5f4aaf55485c,2026-08-04T10:30:00Z,2026-08-04T12:30:00+0200,0.0,MW,NL,NL,actual_solar_generation,Solar | Actual Consumption,2026-08-26T03:46:52Z
2026-08-26T03:42:24Z,2026-08-26T05:42:24+0200,e96b9d4a-1054-48fe-90c7-5f4aaf55485c,2026-08-04T10:45:00Z,2026-08-04T12:45:00+0200,230.26,MW,NL,NL,actual_solar_generation,Solar | Actual Aggregated,2026-08-26T03:46:52Z
2026-08-26T03:42:24Z,2026-08-26T05:42:24+0200,e96b9d4a-1054-48fe-90c7-5f4aaf55485c,2026-08-04T10:45:00Z,2026-08-04T12:45:00+0200,0.0,MW,NL,NL,actual_solar_generation,Solar | Actual Consumption,2026-08-26T03:46:52Z
2026-08-26T03:42:24Z,2026-08-26T05:42:24+0200,e96b9d4a-1054-48fe-90c7-5f4aaf55485c,2026-08-04T11:00:00Z,2026-08-04T13:00:00+0200,232.731,MW,NL,NL,actual_solar_generation,Solar | Actual Aggregated,2026-08-26T03:46:52Z
2026-08-26T03:42:24Z,2026-08-26T05:42:24+0200,e96b9d4a-1054-48fe-90c7-5f4aaf55485c,2026-08-04T11:00:00Z,2026-08-04T13:00:00+0200,0.0,MW,NL,NL,actual_solar_generation,Solar | Actual Consumption,2026-08-26T03:46:52Z
2026-08-26T03:42:24Z,2026-08-26T05:42:24+0200,e96b9d4a-1054-48fe-90c7-5f4aaf55485c,2026-08-04T11:15:00Z,2026-08-04T13:15:00+0200,232.766,MW,NL,NL,actual_solar_generation,Solar | Actual Aggregated,2026-08-26T03:46:52Z
2026-08-26T03:42:24Z,2026-08-26T05:42:24+0200,e96b9d4a-1054-48fe-90c7-5f4aaf55485c,2026-08-04T11:15:00Z,2026-08-04T13:15:00+0200,0.0,MW,NL,NL,actual_solar_generation,Solar | Actual Consumption,2026-08-26T03:46:52Z
2026-08-26T03:42:24Z,2026-08-26T05:42:24+0200,e96b9d4a-1054-48fe-90c7-5f4aaf55485c,2026-08-04T11:30:00Z,2026-08-04T13:30:00+0200,232.558,MW,NL,NL,actual_solar_generation,Solar | Actual Aggregated,2026-08-26T03:46:52Z
2026-08-26T03:42:24Z,2026-08-26T05:42:24+0200,e96b9d4a-1054-48fe-90c7-5f4aaf55485c,2026-08-04T11:30:00Z,2026-08-04T13:30:00+0200,0.0,MW,NL,NL,actual_solar_generation,Solar | Actual Consumption,2026-08-26T03:46:52Z
2026-08-26T03:42:24Z,2026-08-26T05:42:24+0200,e96b9d4a-1054-48fe-90c7-5f4aaf55485c,2026-08-04T11:45:00Z,2026-08-04T13:45:00+0200,232.582,MW,NL,NL,actual_solar_generation,Solar | Actual Aggregated,2026-08-26T03:46:52Z
2026-08-26T03:42:24Z,2026-08-26T05:42:24+0200,e96b9d4a-1054-48fe-90c7-5f4aaf55485c,2026-08-04T11:45:00Z,2026-08-04T13:45:00+0200,0.0,MW,NL,NL,actual_solar_generation,Solar | Actual Consumption,2026-08-26T03:46:52Z
2026-08-26T03:42:24Z,2026-08-26T05:42:24+0200,e96b9d4a-1054-48fe-90c7-5f4aaf55485c,2026-08-04T12:00:00Z,2026-08-04T14:00:00+0200,230.226,MW,NL,NL,actual_solar_generation,Solar | Actual Aggregated,2026-08-26T03:46:52Z
2026-08-26T03:42:24Z,2026-08-26T05:42:24+0200,e96b9d4a-1054-48fe-90c7-5f4aaf55485c,2026-08-04T12:00:00Z,2026-08-04T14:00:00+0200,0.0,MW,NL,NL,actual_solar_generation,Solar | Actual Consumption,2026-08-26T03:46:52Z
2026-08-26T03:42:24Z,2026-08-26T05:42:24+0200,e96b9d4a-1054-48fe-90c7-5f4aaf55485c,2026-08-04T12:15:00Z,2026-08-04T14:15:00+0200,230.347,MW,NL,NL,actual_solar_generation,Solar | Actual Aggregated,2026-08-26T03:46:52Z
2026-08-26T03:42:24Z,2026-08-26T05:42:24+0200,e96b9d4a-1054-48fe-90c7-5f4aaf55485c,2026-08-04T12:15:00Z,2026-08-04T14:15:00+0200,0.0,MW,NL,NL,actual_solar_generation,Solar | Actual Consumption,2026-08-26T03:46:52Z
2026-08-26T03:42:24Z,2026-08-26T05:42:24+0200,e96b9d4a-1054-48fe-90c7-5f4aaf55485c,2026-08-04T12:30:00Z,2026-08-04T14:30:00+0200,231.372,MW,NL,NL,actual_solar_generation,Solar | Actual Aggregated,2026-08-26T03:46:52Z
2026-08-26T03:42:24Z,2026-08-26T05:42:24+0200,e96b9d4a-1054-48fe-90c7-5f4aaf55485c,2026-08-04T12:30:00Z,2026-08-04T14:30:00+0200,0.0,MW,NL,NL,actual_solar_generation,Solar | Actual Consumption,2026-08-26T03:46:52Z
2026-08-26T03:42:24Z,2026-08-26T05:42:24+0200,e96b9d4a-1054-48fe-90c7-5f4aaf55485c,2026-08-04T12:45:00Z,2026-08-04T14:45:00+0200,229.885,MW,NL,NL,actual_solar_generation,Solar | Actual Aggregated,2026-08-26T03:46:52Z
2026-08-26T03:42:24Z,2026-08-26T05:42:24+0200,e96b9d4a-1054-48fe-90c7-5f4aaf55485c,2026-08-04T12:45:00Z,2026-08-04T14:45:00+0200,0.0,MW,NL,NL,actual_solar_generation,Solar | Actual Consumption,2026-08-26T03:46:52Z
2026-08-26T03:42:24Z,2026-08-26T05:42:24+0200,e96b9d4a-1054-48fe-90c7-5f4aaf55485c,2026-08-04T13:00:00Z,2026-08-04T15:00:00+0200,226.232,MW,NL,NL,actual_solar_generation,Solar | Actual Aggregated,2026-08-26T03:46:52Z
2026-08-26T03:42:24Z,2026-08-26T05:42:24+0200,e96b9d4a-1054-48fe-90c7-5f4aaf55485c,2026-08-04T13:00:00Z,2026-08-04T15:00:00+0200,0.0,MW,NL,NL,actual_solar_generation,Solar | Actual Consumption,2026-08-26T03:46:52Z
2026-08-26T03:42:24Z,2026-08-26T05:42:24+0200,e96b9d4a-1054-48fe-90c7-5f4aaf55485c,2026-08-04T13:15:00Z,2026-08-04T15:15:00+0200,222.344,MW,NL,NL,actual_solar_generation,Solar | Actual Aggregated,2026-08-26T03:46:52Z
2026-08-26T03:42:24Z,2026-08-26T05:42:24+0200,e96b9d4a-1054-48fe-90c7-5f4aaf55485c,2026-08-04T13:15:00Z,2026-08-04T15:15:00+0200,0.0,MW,NL,NL,actual_solar_generation,Solar | Actual Consumption,2026-08-26T03:46:52Z
2026-08-26T03:42:24Z,2026-08-26T05:42:24+0200,e96b9d4a-1054-48fe-90c7-5f4aaf55485c,2026-08-04T13:30:00Z,2026-08-04T15:30:00+0200,217.808,MW,NL,NL,actual_solar_generation,Solar | Actual Aggregated,2026-08-26T03:46:52Z
2026-08-26T03:42:24Z,2026-08-26T05:42:24+0200,e96b9d4a-1054-48fe-90c7-5f4aaf55485c,2026-08-04T13:30:00Z,2026-08-04T15:30:00+0200,0.0,MW,NL,NL,actual_solar_generation,Solar | Actual Consumption,2026-08-26T03:46:52Z
2026-08-26T03:42:24Z,2026-08-26T05:42:24+0200,e96b9d4a-1054-48fe-90c7-5f4aaf55485c,2026-08-04T13:45:00Z,2026-08-04T15:45:00+0200,212.245,MW,NL,NL,actual_solar_generation,Solar | Actual Aggregated,2026-08-26T03:46:52Z
2026-08-26T03:42:24Z,2026-08-26T05:42:24+0200,e96b9d4a-1054-48fe-90c7-5f4aaf55485c,2026-08-04T13:45:00Z,2026-08-04T15:45:00+0200,0.0,MW,NL,NL,actual_solar_generation,Solar | Actual Consumption,2026-08-26T03:46:52Z
2026-08-26T03:42:24Z,2026-08-26T05:42:24+0200,e96b9d4a-1054-48fe-90c7-5f4aaf55485c,2026-08-04T14:00:00Z,2026-08-04T16:00:00+0200,203.868,MW,NL,NL,actual_solar_generation,Solar | Actual Aggregated,2026-08-26T03:46:52Z
2026-08-26T03:42:24Z,2026-08-26T05:42:24+0200,e96b9d4a-1054-48fe-90c7-5f4aaf55485c,2026-08-04T14:00:00Z,2026-08-04T16:00:00+0200,0.0,MW,NL,NL,actual_solar_generation,Solar | Actual Consumption,2026-08-26T03:46:52Z
2026-08-26T03:42:24Z,2026-08-26T05:42:24+0200,e96b9d4a-1054-48fe-90c7-5f4aaf55485c,2026-08-04T14:15:00Z,2026-08-04T16:15:00+0200,196.399,MW,NL,NL,actual_solar_generation,Solar | Actual Aggregated,2026-08-26T03:46:52Z
2026-08-26T03:42:24Z,2026-08-26T05:42:24+0200,e96b9d4a-1054-48fe-90c7-5f4aaf55485c,2026-08-04T14:15:00Z,2026-08-04T16:15:00+0200,0.0,MW,NL,NL,actual_solar_generation,Solar | Actual Consumption,2026-08-26T03:46:52Z
2026-08-26T03:42:24Z,2026-08-26T05:42:24+0200,e96b9d4a-1054-48fe-90c7-5f4aaf55485c,2026-08-04T14:30:00Z,2026-08-04T16:30:00+0200,189.03,MW,NL,NL,actual_solar_generation,Solar | Actual Aggregated,2026-08-26T03:46:52Z
2026-08-26T03:42:24Z,2026-08-26T05:42:24+0200,e96b9d4a-1054-48fe-90c7-5f4aaf55485c,2026-08-04T14:30:00Z,2026-08-04T16:30:00+0200,0.0,MW,NL,NL,actual_solar_generation,Solar | Actual Consumption,2026-08-26T03:46:52Z
2026-08-26T03:42:24Z,2026-08-26T05:42:24+0200,e96b9d4a-1054-48fe-90c7-5f4aaf55485c,2026-08-04T14:45:00Z,2026-08-04T16:45:00+0200,162.199,MW,NL,NL,actual_solar_generation,Solar | Actual Aggregated,2026-08-26T03:46:52Z
2026-08-26T03:42:24Z,2026-08-26T05:42:24+0200,e96b9d4a-1054-48fe-90c7-5f4aaf55485c,2026-08-04T14:45:00Z,2026-08-04T16:45:00+0200,0.0,MW,NL,NL,actual_solar_generation,Solar | Actual Consumption,2026-08-26T03:46:52Z
2026-08-26T03:42:24Z,2026-08-26T05:42:24+0200,e96b9d4a-1054-48fe-90c7-5f4aaf55485c,2026-08-04T15:00:00Z,2026-08-04T17:00:00+0200,160.008,MW,NL,NL,actual_solar_generation,Solar | Actual Aggregated,2026-08-26T03:46:52Z
2026-08-26T03:42:24Z,2026-08-26T05:42:24+0200,e96b9d4a-1054-48fe-90c7-5f4aaf55485c,2026-08-04T15:00:00Z,2026-08-04T17:00:00+0200,0.0,MW,NL,NL,actual_solar_generation,Solar | Actual Consumption,2026-08-26T03:46:52Z
2026-08-26T03:42:24Z,2026-08-26T05:42:24+0200,e96b9d4a-1054-48fe-90c7-5f4aaf55485c,2026-08-04T15:15:00Z,2026-08-04T17:15:00+0200,142.797,MW,NL,NL,actual_solar_generation,Solar | Actual Aggregated,2026-08-26T03:46:52Z
2026-08-26T03:42:24Z,2026-08-26T05:42:24+0200,e96b9d4a-1054-48fe-90c7-5f4aaf55485c,2026-08-04T15:15:00Z,2026-08-04T17:15:00+0200,0.0,MW,NL,NL,actual_solar_generation,Solar | Actual Consumption,2026-08-26T03:46:52Z
2026-08-26T03:42:24Z,2026-08-26T05:42:24+0200,e96b9d4a-1054-48fe-90c7-5f4aaf55485c,2026-08-04T15:30:00Z,2026-08-04T17:30:00+0200,132.847,MW,NL,NL,actual_solar_generation,Solar | Actual Aggregated,2026-08-26T03:46:52Z
2026-08-26T03:42:24Z,2026-08-26T05:42:24+0200,e96b9d4a-1054-48fe-90c7-5f4aaf55485c,2026-08-04T15:30:00Z,2026-08-04T17:30:00+0200,0.0,MW,NL,NL,actual_solar_generation,Solar | Actual Consumption,2026-08-26T03:46:52Z
2026-08-26T03:42:24Z,2026-08-26T05:42:24+0200,e96b9d4a-1054-48fe-90c7-5f4aaf55485c,2026-08-04T15:45:00Z,2026-08-04T17:45:00+0200,128.723,MW,NL,NL,actual_solar_generation,Solar | Actual Aggregated,2026-08-26T03:46:52Z
2026-08-26T03:42:24Z,2026-08-26T05:42:24+0200,e96b9d4a-1054-48fe-90c7-5f4aaf55485c,2026-08-04T15:45:00Z,2026-08-04T17:45:00+0200,0.0,MW,NL,NL,actual_solar_generation,Solar | Actual Consumption,2026-08-26T03:46:52Z
2026-08-26T03:42:24Z,2026-08-26T05:42:24+0200,e96b9d4a-1054-48fe-90c7-5f4aaf55485c,2026-08-04T16:00:00Z,2026-08-04T18:00:00+0200,93.661,MW,NL,NL,actual_solar_generation,Solar | Actual Aggregated,2026-08-26T03:46:52Z
2026-08-26T03:42:24Z,2026-08-26T05:42:24+0200,e96b9d4a-1054-48fe-90c7-5f4aaf55485c,2026-08-04T16:00:00Z,2026-08-04T18:00:00+0200,0.0,MW,NL,NL,actual_solar_generation,Solar | Actual Consumption,2026-08-26T03:46:52Z
2026-08-26T03:42:24Z,2026-08-26T05:42:24+0200,e96b9d4a-1054-48fe-90c7-5f4aaf55485c,2026-08-04T16:15:00Z,2026-08-04T18:15:00+0200,55.076,MW,NL,NL,actual_solar_generation,Solar | Actual Aggregated,2026-08-26T03:46:52Z
2026-08-26T03:42:24Z,2026-08-26T05:42:24+0200,e96b9d4a-1054-48fe-90c7-5f4aaf55485c,2026-08-04T16:15:00Z,2026-08-04T18:15:00+0200,0.0,MW,NL,NL,actual_solar_generation,Solar | Actual Consumption,2026-08-26T03:46:52Z
2026-08-26T03:42:24Z,2026-08-26T05:42:24+0200,e96b9d4a-1054-48fe-90c7-5f4aaf55485c,2026-08-04T16:30:00Z,2026-08-04T18:30:00+0200,42.749,MW,NL,NL,actual_solar_generation,Solar | Actual Aggregated,2026-08-26T03:46:52Z
2026-08-26T03:42:24Z,2026-08-26T05:42:24+0200,e96b9d4a-1054-48fe-90c7-5f4aaf55485c,2026-08-04T16:30:00Z,2026-08-04T18:30:00+0200,0.0,MW,NL,NL,actual_solar_generation,Solar | Actual Consumption,2026-08-26T03:46:52Z
2026-08-26T03:42:24Z,2026-08-26T05:42:24+0200,e96b9d4a-1054-48fe-90c7-5f4aaf55485c,2026-08-04T16:45:00Z,2026-08-04T18:45:00+0200,45.311,MW,NL,NL,actual_solar_generation,Solar | Actual Aggregated,2026-08-26T03:46:52Z
2026-08-26T03:42:24Z,2026-08-26T05:42:24+0200,e96b9d4a-1054-48fe-90c7-5f4aaf55485c,2026-08-04T16:45:00Z,2026-08-04T18:45:00+0200,0.0,MW,NL,NL,actual_solar_generation,Solar | Actual Consumption,2026-08-26T03:46:52Z
2026-08-26T03:42:24Z,2026-08-26T05:42:24+0200,e96b9d4a-1054-48fe-90c7-5f4aaf55485c,2026-08-04T17:00:00Z,2026-08-04T19:00:00+0200,32.985,MW,NL,NL,actual_solar_generation,Solar | Actual Aggregated,2026-08-26T03:46:52Z
2026-08-26T03:42:24Z,2026-08-26T05:42:24+0200,e96b9d4a-1054-48fe-90c7-5f4aaf55485c,2026-08-04T17:00:00Z,2026-08-04T19:00:00+0200,0.0,MW,NL,NL,actual_solar_generation,Solar | Actual Consumption,2026-08-26T03:46:52Z
2026-08-26T03:42:24Z,2026-08-26T05:42:24+0200,e96b9d4a-1054-48fe-90c7-5f4aaf55485c,2026-08-04T17:15:00Z,2026-08-04T19:15:00+0200,31.748,MW,NL,NL,actual_solar_generation,Solar | Actual Aggregated,2026-08-26T03:46:52Z
2026-08-26T03:42:24Z,2026-08-26T05:42:24+0200,e96b9d4a-1054-48fe-90c7-5f4aaf55485c,2026-08-04T17:15:00Z,2026-08-04T19:15:00+0200,0.0,MW,NL,NL,actual_solar_generation,Solar | Actual Consumption,2026-08-26T03:46:52Z
2026-08-26T03:42:24Z,2026-08-26T05:42:24+0200,e96b9d4a-1054-48fe-90c7-5f4aaf55485c,2026-08-04T17:30:00Z,2026-08-04T19:30:00+0200,23.3,MW,NL,NL,actual_solar_generation,Solar | Actual Aggregated,2026-08-26T03:46:52Z
2026-08-26T03:42:24Z,2026-08-26T05:42:24+0200,e96b9d4a-1054-48fe-90c7-5f4aaf55485c,2026-08-04T17:30:00Z,2026-08-04T19:30:00+0200,0.0,MW,NL,NL,actual_solar_generation,Solar | Actual Consumption,2026-08-26T03:46:52Z
2026-08-26T03:42:24Z,2026-08-26T05:42:24+0200,e96b9d4a-1054-48fe-90c7-5f4aaf55485c,2026-08-04T17:45:00Z,2026-08-04T19:45:00+0200,11.266,MW,NL,NL,actual_solar_generation,Solar | Actual Aggregated,2026-08-26T03:46:52Z
2026-08-26T03:42:24Z,2026-08-26T05:42:24+0200,e96b9d4a-1054-48fe-90c7-5f4aaf55485c,2026-08-04T17:45:00Z,2026-08-04T19:45:00+0200,0.0,MW,NL,NL,actual_solar_generation,Solar | Actual Consumption,2026-08-26T03:46:52Z
2026-08-26T03:42:24Z,2026-08-26T05:42:24+0200,e96b9d4a-1054-48fe-90c7-5f4aaf55485c,2026-08-04T18:00:00Z,2026-08-04T20:00:00+0200,6.555,MW,NL,NL,actual_solar_generation,Solar | Actual Aggregated,2026-08-26T03:46:52Z
2026-08-26T03:42:24Z,2026-08-26T05:42:24+0200,e96b9d4a-1054-48fe-90c7-5f4aaf55485c,2026-08-04T18:00:00Z,2026-08-04T20:00:00+0200,0.0,MW,NL,NL,actual_solar_generation,Solar | Actual Consumption,2026-08-26T03:46:52Z
2026-08-26T03:42:24Z,2026-08-26T05:42:24+0200,e96b9d4a-1054-48fe-90c7-5f4aaf55485c,2026-08-04T18:15:00Z,2026-08-04T20:15:00+0200,5.689,MW,NL,NL,actual_solar_generation,Solar | Actual Aggregated,2026-08-26T03:46:52Z
2026-08-26T03:42:24Z,2026-08-26T05:42:24+0200,e96b9d4a-1054-48fe-90c7-5f4aaf55485c,2026-08-04T18:15:00Z,2026-08-04T20:15:00+0200,0.0,MW,NL,NL,actual_solar_generation,Solar | Actual Consumption,2026-08-26T03:46:52Z
2026-08-26T03:42:24Z,2026-08-26T05:42:24+0200,e96b9d4a-1054-48fe-90c7-5f4aaf55485c,2026-08-04T18:30:00Z,2026-08-04T20:30:00+0200,2.563,MW,NL,NL,actual_solar_generation,Solar | Actual Aggregated,2026-08-26T03:46:52Z
2026-08-26T03:42:24Z,2026-08-26T05:42:24+0200,e96b9d4a-1054-48fe-90c7-5f4aaf55485c,2026-08-04T18:30:00Z,2026-08-04T20:30:00+0200,0.0,MW,NL,NL,actual_solar_generation,Solar | Actual Consumption,2026-08-26T03:46:52Z
2026-08-26T03:42:24Z,2026-08-26T05:42:24+0200,e96b9d4a-1054-48fe-90c7-5f4aaf55485c,2026-08-04T18:45:00Z,2026-08-04T20:45:00+0200,1.149,MW,NL,NL,actual_solar_generation,Solar | Actual Aggregated,2026-08-26T03:46:52Z
2026-08-26T03:42:24Z,2026-08-26T05:42:24+0200,e96b9d4a-1054-48fe-90c7-5f4aaf55485c,2026-08-04T18:45:00Z,2026-08-04T20:45:00+0200,0.513,MW,NL,NL,actual_solar_generation,Solar | Actual Consumption,2026-08-26T03:46:52Z
2026-08-26T03:42:24Z,2026-08-26T05:42:24+0200,e96b9d4a-1054-48fe-90c7-5f4aaf55485c,2026-08-04T19:00:00Z,2026-08-04T21:00:00+0200,0.0,MW,NL,NL,actual_solar_generation,Solar | Actual Aggregated,2026-08-26T03:46:52Z
2026-08-26T03:42:24Z,2026-08-26T05:42:24+0200,e96b9d4a-1054-48fe-90c7-5f4aaf55485c,2026-08-04T19:00:00Z,2026-08-04T21:00:00+0200,0.743,MW,NL,NL,actual_solar_generation,Solar | Actual Consumption,2026-08-26T03:46:52Z
2026-08-26T03:42:24Z,2026-08-26T05:42:24+0200,e96b9d4a-1054-48fe-90c7-5f4aaf55485c,2026-08-04T19:15:00Z,2026-08-04T21:15:00+0200,0.0,MW,NL,NL,actual_solar_generation,Solar | Actual Aggregated,2026-08-26T03:46:52Z
2026-08-26T03:42:24Z,2026-08-26T05:42:24+0200,e96b9d4a-1054-48fe-90c7-5f4aaf55485c,2026-08-04T19:15:00Z,2026-08-04T21:15:00+0200,0.116,MW,NL,NL,actual_solar_generation,Solar | Actual Consumption,2026-08-26T03:46:52Z
2026-08-26T03:42:24Z,2026-08-26T05:42:24+0200,e96b9d4a-1054-48fe-90c7-5f4aaf55485c,2026-08-04T19:30:00Z,2026-08-04T21:30:00+0200,0.0,MW,NL,NL,actual_solar_generation,Solar | Actual Aggregated,2026-08-26T03:46:52Z
2026-08-26T03:42:24Z,2026-08-26T05:42:24+0200,e96b9d4a-1054-48fe-90c7-5f4aaf55485c,2026-08-04T19:30:00Z,2026-08-04T21:30:00+0200,0.127,MW,NL,NL,actual_solar_generation,Solar | Actual Consumption,2026-08-26T03:46:52Z
2026-08-26T03:42:24Z,2026-08-26T05:42:24+0200,e96b9d4a-1054-48fe-90c7-5f4aaf55485c,2026-08-04T19:45:00Z,2026-08-04T21:45:00+0200,0.0,MW,NL,NL,actual_solar_generation,Solar | Actual Aggregated,2026-08-26T03:46:52Z
2026-08-26T03:42:24Z,2026-08-26T05:42:24+0200,e96b9d4a-1054-48fe-90c7-5f4aaf55485c,2026-08-04T19:45:00Z,2026-08-04T21:45:00+0200,0.121,MW,NL,NL,actual_solar_generation,Solar | Actual Consumption,2026-08-26T03:46:52Z
2026-08-26T03:42:24Z,2026-08-26T05:42:24+0200,e96b9d4a-1054-48fe-90c7-5f4aaf55485c,2026-08-04T20:00:00Z,2026-08-04T22:00:00+0200,0.0,MW,NL,NL,actual_solar_generation,Solar | Actual Aggregated,2026-08-26T03:46:52Z
2026-08-26T03:42:24Z,2026-08-26T05:42:24+0200,e96b9d4a-1054-48fe-90c7-5f4aaf55485c,2026-08-04T20:00:00Z,2026-08-04T22:00:00+0200,0.121,MW,NL,NL,actual_solar_generation,Solar | Actual Consumption,2026-08-26T03:46:52Z
2026-08-26T03:42:24Z,2026-08-26T05:42:24+0200,e96b9d4a-1054-48fe-90c7-5f4aaf55485c,2026-08-04T20:15:00Z,2026-08-04T22:15:00+0200,0.0,MW,NL,NL,actual_solar_generation,Solar | Actual Aggregated,2026-08-26T03:46:52Z
2026-08-26T03:42:24Z,2026-08-26T05:42:24+0200,e96b9d4a-1054-48fe-90c7-5f4aaf55485c,2026-08-04T20:15:00Z,2026-08-04T22:15:00+0200,0.121,MW,NL,NL,actual_solar_generation,Solar | Actual Consumption,2026-08-26T03:46:52Z
2026-08-26T03:42:24Z,2026-08-26T05:42:24+0200,e96b9d4a-1054-48fe-90c7-5f4aaf55485c,2026-08-04T20:30:00Z,2026-08-04T22:30:00+0200,0.0,MW,NL,NL,actual_solar_generation,Solar | Actual Aggregated,2026-08-26T03:46:52Z
2026-08-26T03:42:24Z,2026-08-26T05:42:24+0200,e96b9d4a-1054-48fe-90c7-5f4aaf55485c,2026-08-04T20:30:00Z,2026-08-04T22:30:00+0200,0.121,MW,NL,NL,actual_solar_generation,Solar | Actual Consumption,2026-08-26T03:46:52Z
2026-08-26T03:42:24Z,2026-08-26T05:42:24+0200,e96b9d4a-1054-48fe-90c7-5f4aaf55485c,2026-08-04T20:45:00Z,2026-08-04T22:45:00+0200,0.0,MW,NL,NL,actual_solar_generation,Solar | Actual Aggregated,2026-08-26T03:46:52Z
2026-08-26T03:42:24Z,2026-08-26T05:42:24+0200,e96b9d4a-1054-48fe-90c7-5f4aaf55485c,2026-08-04T20:45:00Z,2026-08-04T22:45:00+0200,0.121,MW,NL,NL,actual_solar_generation,Solar | Actual Consumption,2026-08-26T03:46:52Z
2026-08-26T03:42:24Z,2026-08-26T05:42:24+0200,e96b9d4a-1054-48fe-90c7-5f4aaf55485c,2026-08-04T21:00:00Z,2026-08-04T23:00:00+0200,0.0,MW,NL,NL,actual_solar_generation,Solar | Actual Aggregated,2026-08-26T03:46:52Z
2026-08-26T03:42:24Z,2026-08-26T05:42:24+0200,e96b9d4a-1054-48fe-90c7-5f4aaf55485c,2026-08-04T21:00:00Z,2026-08-04T23:00:00+0200,0.121,MW,NL,NL,actual_solar_generation,Solar | Actual Consumption,2026-08-26T03:46:52Z
2026-08-26T03:42:24Z,2026-08-26T05:42:24+0200,e96b9d4a-1054-48fe-90c7-5f4aaf55485c,2026-08-04T21:15:00Z,2026-08-04T23:15:00+0200,0.0,MW,NL,NL,actual_solar_generation,Solar | Actual Aggregated,2026-08-26T03:46:52Z
2026-08-26T03:42:24Z,2026-08-26T05:42:24+0200,e96b9d4a-1054-48fe-90c7-5f4aaf55485c,2026-08-04T21:15:00Z,2026-08-04T23:15:00+0200,0.126,MW,NL,NL,actual_solar_generation,Solar | Actual Consumption,2026-08-26T03:46:52Z
2026-08-26T03:42:24Z,2026-08-26T05:42:24+0200,e96b9d4a-1054-48fe-90c7-5f4aaf55485c,2026-08-04T21:30:00Z,2026-08-04T23:30:00+0200,0.0,MW,NL,NL,actual_solar_generation,Solar | Actual Aggregated,2026-08-26T03:46:52Z
2026-08-26T03:42:24Z,2026-08-26T05:42:24+0200,e96b9d4a-1054-48fe-90c7-5f4aaf55485c,2026-08-04T21:30:00Z,2026-08-04T23:30:00+0200,0.131,MW,NL,NL,actual_solar_generation,Solar | Actual Consumption,2026-08-26T03:46:52Z
2026-08-26T03:42:24Z,2026-08-26T05:42:24+0200,e96b9d4a-1054-48fe-90c7-5f4aaf55485c,2026-08-04T21:45:00Z,2026-08-04T23:45:00+0200,0.0,MW,NL,NL,actual_solar_generation,Solar | Actual Aggregated,2026-08-26T03:46:52Z
2026-08-26T03:42:24Z,2026-08-26T05:42:24+0200,e96b9d4a-1054-48fe-90c7-5f4aaf55485c,2026-08-04T21:45:00Z,2026-08-04T23:45:00+0200,0.12,MW,NL,NL,actual_solar_generation,Solar | Actual Consumption,2026-08-26T03:46:52Z
2026-08-26T03:42:24Z,2026-08-26T05:42:24+0200,e96b9d4a-1054-48fe-90c7-5f4aaf55485c,2026-08-04T22:00:00Z,2026-08-05T00:00:00+0200,0.0,MW,NL,NL,actual_solar_generation,Solar | Actual Aggregated,2026-08-26T03:46:52Z
2026-08-26T03:42:24Z,2026-08-26T05:42:24+0200,e96b9d4a-1054-48fe-90c7-5f4aaf55485c,2026-08-04T22:00:00Z,2026-08-05T00:00:00+0200,0.12,MW,NL,NL,actual_solar_generation,Solar | Actual Consumption,2026-08-26T03:46:52Z
2026-08-26T03:42:24Z,2026-08-26T05:42:24+0200,e96b9d4a-1054-48fe-90c7-5f4aaf55485c,2026-08-04T22:15:00Z,2026-08-05T00:15:00+0200,0.0,MW,NL,NL,actual_solar_generation,Solar | Actual Aggregated,2026-08-26T03:46:52Z
2026-08-26T03:42:24Z,2026-08-26T05:42:24+0200,e96b9d4a-1054-48fe-90c7-5f4aaf55485c,2026-08-04T22:15:00Z,2026-08-05T00:15:00+0200,0.148,MW,NL,NL,actual_solar_generation,Solar | Actual Consumption,2026-08-26T03:46:52Z
2026-08-26T03:42:24Z,2026-08-26T05:42:24+0200,e96b9d4a-1054-48fe-90c7-5f4aaf55485c,2026-08-04T22:30:00Z,2026-08-05T00:30:00+0200,0.0,MW,NL,NL,actual_solar_generation,Solar | Actual Aggregated,2026-08-26T03:46:52Z
2026-08-26T03:42:24Z,2026-08-26T05:42:24+0200,e96b9d4a-1054-48fe-90c7-5f4aaf55485c,2026-08-04T22:30:00Z,2026-08-05T00:30:00+0200,0.116,MW,NL,NL,actual_solar_generation,Solar | Actual Consumption,2026-08-26T03:46:52Z
2026-08-26T03:42:24Z,2026-08-26T05:42:24+0200,e96b9d4a-1054-48fe-90c7-5f4aaf55485c,2026-08-04T22:45:00Z,2026-08-05T00:45:00+0200,0.0,MW,NL,NL,actual_solar_generation,Solar | Actual Aggregated,2026-08-26T03:46:52Z
2026-08-26T03:42:24Z,2026-08-26T05:42:24+0200,e96b9d4a-1054-48fe-90c7-5f4aaf55485c,2026-08-04T22:45:00Z,2026-08-05T00:45:00+0200,0.125,MW,NL,NL,actual_solar_generation,Solar | Actual Consumption,2026-08-26T03:46:52Z
2026-08-26T03:42:24Z,2026-08-26T05:42:24+0200,e96b9d4a-1054-48fe-90c7-5f4aaf55485c,2026-08-04T23:00:00Z,2026-08-05T01:00:00+0200,0.0,MW,NL,NL,actual_solar_generation,Solar | Actual Aggregated,2026-08-26T03:46:52Z
2026-08-26T03:42:24Z,2026-08-26T05:42:24+0200,e96b9d4a-1054-48fe-90c7-5f4aaf55485c,2026-08-04T23:00:00Z,2026-08-05T01:00:00+0200,0.125,MW,NL,NL,actual_solar_generation,Solar | Actual Consumption,2026-08-26T03:46:52Z
2026-08-26T03:42:24Z,2026-08-26T05:42:24+0200,e96b9d4a-1054-48fe-90c7-5f4aaf55485c,2026-08-04T23:15:00Z,2026-08-05T01:15:00+0200,0.0,MW,NL,NL,actual_solar_generation,Solar | Actual Aggregated,2026-08-26T03:46:52Z
2026-08-26T03:42:24Z,2026-08-26T05:42:24+0200,e96b9d4a-1054-48fe-90c7-5f4aaf55485c,2026-08-04T23:15:00Z,2026-08-05T01:15:00+0200,0.125,MW,NL,NL,actual_solar_generation,Solar | Actual Consumption,2026-08-26T03:46:52Z
2026-08-26T03:42:24Z,2026-08-26T05:42:24+0200,e96b9d4a-1054-48fe-90c7-5f4aaf55485c,2026-08-04T23:30:00Z,2026-08-05T01:30:00+0200,0.0,MW,NL,NL,actual_solar_generation,Solar | Actual Aggregated,2026-08-26T03:46:52Z
2026-08-26T03:42:24Z,2026-08-26T05:42:24+0200,e96b9d4a-1054-48fe-90c7-5f4aaf55485c,2026-08-04T23:30:00Z,2026-08-05T01:30:00+0200,0.125,MW,NL,NL,actual_solar_generation,Solar | Actual Consumption,2026-08-26T03:46:52Z
2026-08-26T03:42:24Z,2026-08-26T05:42:24+0200,e96b9d4a-1054-48fe-90c7-5f4aaf55485c,2026-08-04T23:45:00Z,2026-08-05T01:45:00+0200,0.0,MW,NL,NL,actual_solar_generation,Solar | Actual Aggregated,2026-08-26T03:46:52Z
2026-08-26T03:42:24Z,2026-08-26T05:42:24+0200,e96b9d4a-1054-48fe-90c7-5f4aaf55485c,2026-08-04T23:45:00Z,2026-08-05T01:45:00+0200,0.125,MW,NL,NL,actual_solar_generation,Solar | Actual Consumption,2026-08-26T03:46:52Z
2026-08-26T03:42:24Z,2026-08-26T05:42:24+0200,e96b9d4a-1054-48fe-90c7-5f4aaf55485c,2026-08-05T00:00:00Z,2026-08-05T02:00:00+0200,0.0,MW,NL,NL,actual_solar_generation,Solar | Actual Aggregated,2026-08-26T03:46:52Z
2026-08-26T03:42:24Z,2026-08-26T05:42:24+0200,e96b9d4a-1054-48fe-90c7-5f4aaf55485c,2026-08-05T00:00:00Z,2026-08-05T02:00:00+0200,0.125,MW,NL,NL,actual_solar_generation,Solar | Actual Consumption,2026-08-26T03:46:52Z
2026-08-26T03:42:24Z,2026-08-26T05:42:24+0200,e96b9d4a-1054-48fe-90c7-5f4aaf55485c,2026-08-05T00:15:00Z,2026-08-05T02:15:00+0200,0.0,MW,NL,NL,actual_solar_generation,Solar | Actual Aggregated,2026-08-26T03:46:52Z
2026-08-26T03:42:24Z,2026-08-26T05:42:24+0200,e96b9d4a-1054-48fe-90c7-5f4aaf55485c,2026-08-05T00:15:00Z,2026-08-05T02:15:00+0200,0.125,MW,NL,NL,actual_solar_generation,Solar | Actual Consumption,2026-08-26T03:46:52Z
2026-08-26T03:42:24Z,2026-08-26T05:42:24+0200,e96b9d4a-1054-48fe-90c7-5f4aaf55485c,2026-08-05T00:30:00Z,2026-08-05T02:30:00+0200,0.0,MW,NL,NL,actual_solar_generation,Solar | Actual Aggregated,2026-08-26T03:46:52Z
2026-08-26T03:42:24Z,2026-08-26T05:42:24+0200,e96b9d4a-1054-48fe-90c7-5f4aaf55485c,2026-08-05T00:30:00Z,2026-08-05T02:30:00+0200,0.125,MW,NL,NL,actual_solar_generation,Solar | Actual Consumption,2026-08-26T03:46:52Z
2026-08-26T03:42:24Z,2026-08-26T05:42:24+0200,e96b9d4a-1054-48fe-90c7-5f4aaf55485c,2026-08-05T00:45:00Z,2026-08-05T02:45:00+0200,0.0,MW,NL,NL,actual_solar_generation,Solar | Actual Aggregated,2026-08-26T03:46:52Z
2026-08-26T03:42:24Z,2026-08-26T05:42:24+0200,e96b9d4a-1054-48fe-90c7-5f4aaf55485c,2026-08-05T00:45:00Z,2026-08-05T02:45:00+0200,0.125,MW,NL,NL,actual_solar_generation,Solar | Actual Consumption,2026-08-26T03:46:52Z
2026-08-26T03:42:24Z,2026-08-26T05:42:24+0200,e96b9d4a-1054-48fe-90c7-5f4aaf55485c,2026-08-05T01:00:00Z,2026-08-05T03:00:00+0200,0.0,MW,NL,NL,actual_solar_generation,Solar | Actual Aggregated,2026-08-26T03:46:52Z
2026-08-26T03:42:24Z,2026-08-26T05:42:24+0200,e96b9d4a-1054-48fe-90c7-5f4aaf55485c,2026-08-05T01:00:00Z,2026-08-05T03:00:00+0200,0.125,MW,NL,NL,actual_solar_generation,Solar | Actual Consumption,2026-08-26T03:46:52Z
2026-08-26T03:42:24Z,2026-08-26T05:42:24+0200,e96b9d4a-1054-48fe-90c7-5f4aaf55485c,2026-08-05T01:15:00Z,2026-08-05T03:15:00+0200,0.0,MW,NL,NL,actual_solar_generation,Solar | Actual Aggregated,2026-08-26T03:46:52Z
2026-08-26T03:42:24Z,2026-08-26T05:42:24+0200,e96b9d4a-1054-48fe-90c7-5f4aaf55485c,2026-08-05T01:15:00Z,2026-08-05T03:15:00+0200,0.125,MW,NL,NL,actual_solar_generation,Solar | Actual Consumption,2026-08-26T03:46:52Z
2026-08-26T03:42:24Z,2026-08-26T05:42:24+0200,e96b9d4a-1054-48fe-90c7-5f4aaf55485c,2026-08-05T01:30:00Z,2026-08-05T03:30:00+0200,0.0,MW,NL,NL,actual_solar_generation,Solar | Actual Aggregated,2026-08-26T03:46:52Z
2026-08-26T03:42:24Z,2026-08-26T05:42:24+0200,e96b9d4a-1054-48fe-90c7-5f4aaf55485c,2026-08-05T01:30:00Z,2026-08-05T03:30:00+0200,0.125,MW,NL,NL,actual_solar_generation,Solar | Actual Consumption,2026-08-26T03:46:52Z
2026-08-26T03:42:24Z,2026-08-26T05:42:24+0200,e96b9d4a-1054-48fe-90c7-5f4aaf55485c,2026-08-05T01:45:00Z,2026-08-05T03:45:00+0200,0.0,MW,NL,NL,actual_solar_generation,Solar | Actual Aggregated,2026-08-26T03:46:52Z
2026-08-26T03:42:24Z,2026-08-26T05:42:24+0200,e96b9d4a-1054-48fe-90c7-5f4aaf55485c,2026-08-05T01:45:00Z,2026-08-05T03:45:00+0200,0.125,MW,NL,NL,actual_solar_generation,Solar | Actual Consumption,2026-08-26T03:46:52Z
2026-08-26T03:42:24Z,2026-08-26T05:42:24+0200,e96b9d4a-1054-48fe-90c7-5f4aaf55485c,2026-08-05T02:00:00Z,2026-08-05T04:00:00+0200,0.0,MW,NL,NL,actual_solar_generation,Solar | Actual Aggregated,2026-08-26T03:46:52Z
2026-08-26T03:42:24Z,2026-08-26T05:42:24+0200,e96b9d4a-1054-48fe-90c7-5f4aaf55485c,2026-08-05T02:00:00Z,2026-08-05T04:00:00+0200,0.125,MW,NL,NL,actual_solar_generation,Solar | Actual Consumption,2026-08-26T03:46:52Z
2026-08-26T03:42:24Z,2026-08-26T05:42:24+0200,e96b9d4a-1054-48fe-90c7-5f4aaf55485c,2026-08-05T02:15:00Z,2026-08-05T04:15:00+0200,0.0,MW,NL,NL,actual_solar_generation,Solar | Actual Aggregated,2026-08-26T03:46:52Z
2026-08-26T03:42:24Z,2026-08-26T05:42:24+0200,e96b9d4a-1054-48fe-90c7-5f4aaf55485c,2026-08-05T02:15:00Z,2026-08-05T04:15:00+0200,0.125,MW,NL,NL,actual_solar_generation,Solar | Actual Consumption,2026-08-26T03:46:52Z
2026-08-26T03:42:24Z,2026-08-26T05:42:24+0200,e96b9d4a-1054-48fe-90c7-5f4aaf55485c,2026-08-05T02:30:00Z,2026-08-05T04:30:00+0200,0.0,MW,NL,NL,actual_solar_generation,Solar | Actual Aggregated,2026-08-26T03:46:52Z
2026-08-26T03:42:24Z,2026-08-26T05:42:24+0200,e96b9d4a-1054-48fe-90c7-5f4aaf55485c,2026-08-05T02:30:00Z,2026-08-05T04:30:00+0200,0.125,MW,NL,NL,actual_solar_generation,Solar | Actual Consumption,2026-08-26T03:46:52Z
2026-08-26T03:42:24Z,2026-08-26T05:42:24+0200,e96b9d4a-1054-48fe-90c7-5f4aaf55485c,2026-08-05T02:45:00Z,2026-08-05T04:45:00+0200,0.0,MW,NL,NL,actual_solar_generation,Solar | Actual Aggregated,2026-08-26T03:46:52Z
2026-08-26T03:42:24Z,2026-08-26T05:42:24+0200,e96b9d4a-1054-48fe-90c7-5f4aaf55485c,2026-08-05T02:45:00Z,2026-08-05T04:45:00+0200,0.125,MW,NL,NL,actual_solar_generation,Solar | Actual Consumption,2026-08-26T03:46:52Z
2026-08-26T03:42:24Z,2026-08-26T05:42:24+0200,e96b9d4a-1054-48fe-90c7-5f4aaf55485c,2026-08-05T03:00:00Z,2026-08-05T05:00:00+0200,0.0,MW,NL,NL,actual_solar_generation,Solar | Actual Aggregated,2026-08-26T03:46:52Z
2026-08-26T03:42:24Z,2026-08-26T05:42:24+0200,e96b9d4a-1054-48fe-90c7-5f4aaf55485c,2026-08-05T03:00:00Z,2026-08-05T05:00:00+0200,0.125,MW,NL,NL,actual_solar_generation,Solar | Actual Consumption,2026-08-26T03:46:52Z
2026-08-26T03:42:24Z,2026-08-26T05:42:24+0200,e96b9d4a-1054-48fe-90c7-5f4aaf55485c,2026-08-05T03:15:00Z,2026-08-05T05:15:00+0200,0.0,MW,NL,NL,actual_solar_generation,Solar | Actual Aggregated,2026-08-26T03:46:52Z
2026-08-26T03:42:24Z,2026-08-26T05:42:24+0200,e96b9d4a-1054-48fe-90c7-5f4aaf55485c,2026-08-05T03:15:00Z,2026-08-05T05:15:00+0200,0.118,MW,NL,NL,actual_solar_generation,Solar | Actual Consumption,2026-08-26T03:46:52Z
2026-08-26T03:42:24Z,2026-08-26T05:42:24+0200,e96b9d4a-1054-48fe-90c7-5f4aaf55485c,2026-08-05T03:30:00Z,2026-08-05T05:30:00+0200,0.0,MW,NL,NL,actual_solar_generation,Solar | Actual Aggregated,2026-08-26T03:46:52Z
2026-08-26T03:42:24Z,2026-08-26T05:42:24+0200,e96b9d4a-1054-48fe-90c7-5f4aaf55485c,2026-08-05T03:30:00Z,2026-08-05T05:30:00+0200,0.118,MW,NL,NL,actual_solar_generation,Solar | Actual Consumption,2026-08-26T03:46:52Z
2026-08-26T03:42:24Z,2026-08-26T05:42:24+0200,e96b9d4a-1054-48fe-90c7-5f4aaf55485c,2026-08-05T03:45:00Z,2026-08-05T05:45:00+0200,0.0,MW,NL,NL,actual_solar_generation,Solar | Actual Aggregated,2026-08-26T03:46:52Z
2026-08-26T03:42:24Z,2026-08-26T05:42:24+0200,e96b9d4a-1054-48fe-90c7-5f4aaf55485c,2026-08-05T03:45:00Z,2026-08-05T05:45:00+0200,0.118,MW,NL,NL,actual_solar_generation,Solar | Actual Consumption,2026-08-26T03:46:52Z
2026-08-26T03:42:24Z,2026-08-26T05:42:24+0200,e96b9d4a-1054-48fe-90c7-5f4aaf55485c,2026-08-05T04:00:00Z,2026-08-05T06:00:00+0200,0.598,MW,NL,NL,actual_solar_generation,Solar | Actual Aggregated,2026-08-26T03:46:52Z
2026-08-26T03:42:24Z,2026-08-26T05:42:24+0200,e96b9d4a-1054-48fe-90c7-5f4aaf55485c,2026-08-05T04:00:00Z,2026-08-05T06:00:00+0200,0.118,MW,NL,NL,actual_solar_generation,Solar | Actual Consumption,2026-08-26T03:46:52Z
2026-08-26T03:42:24Z,2026-08-26T05:42:24+0200,e96b9d4a-1054-48fe-90c7-5f4aaf55485c,2026-08-05T04:15:00Z,2026-08-05T06:15:00+0200,4.725,MW,NL,NL,actual_solar_generation,Solar | Actual Aggregated,2026-08-26T03:46:52Z
2026-08-26T03:42:24Z,2026-08-26T05:42:24+0200,e96b9d4a-1054-48fe-90c7-5f4aaf55485c,2026-08-05T04:15:00Z,2026-08-05T06:15:00+0200,0.0,MW,NL,NL,actual_solar_generation,Solar | Actual Consumption,2026-08-26T03:46:52Z
2026-08-26T03:42:24Z,2026-08-26T05:42:24+0200,e96b9d4a-1054-48fe-90c7-5f4aaf55485c,2026-08-05T04:30:00Z,2026-08-05T06:30:00+0200,7.818,MW,NL,NL,actual_solar_generation,Solar | Actual Aggregated,2026-08-26T03:46:52Z
2026-08-26T03:42:24Z,2026-08-26T05:42:24+0200,e96b9d4a-1054-48fe-90c7-5f4aaf55485c,2026-08-05T04:30:00Z,2026-08-05T06:30:00+0200,0.0,MW,NL,NL,actual_solar_generation,Solar | Actual Consumption,2026-08-26T03:46:52Z
2026-08-26T03:42:24Z,2026-08-26T05:42:24+0200,e96b9d4a-1054-48fe-90c7-5f4aaf55485c,2026-08-05T04:45:00Z,2026-08-05T06:45:00+0200,13.575,MW,NL,NL,actual_solar_generation,Solar | Actual Aggregated,2026-08-26T03:46:52Z
2026-08-26T03:42:24Z,2026-08-26T05:42:24+0200,e96b9d4a-1054-48fe-90c7-5f4aaf55485c,2026-08-05T04:45:00Z,2026-08-05T06:45:00+0200,0.0,MW,NL,NL,actual_solar_generation,Solar | Actual Consumption,2026-08-26T03:46:52Z
2026-08-26T03:42:24Z,2026-08-26T05:42:24+0200,e96b9d4a-1054-48fe-90c7-5f4aaf55485c,2026-08-05T05:00:00Z,2026-08-05T07:00:00+0200,12.844,MW,NL,NL,actual_solar_generation,Solar | Actual Aggregated,2026-08-26T03:46:52Z
2026-08-26T03:42:24Z,2026-08-26T05:42:24+0200,e96b9d4a-1054-48fe-90c7-5f4aaf55485c,2026-08-05T05:00:00Z,2026-08-05T07:00:00+0200,0.0,MW,NL,NL,actual_solar_generation,Solar | Actual Consumption,2026-08-26T03:46:52Z
2026-08-26T03:42:24Z,2026-08-26T05:42:24+0200,e96b9d4a-1054-48fe-90c7-5f4aaf55485c,2026-08-05T05:15:00Z,2026-08-05T07:15:00+0200,11.146,MW,NL,NL,actual_solar_generation,Solar | Actual Aggregated,2026-08-26T03:46:52Z
2026-08-26T03:42:24Z,2026-08-26T05:42:24+0200,e96b9d4a-1054-48fe-90c7-5f4aaf55485c,2026-08-05T05:15:00Z,2026-08-05T07:15:00+0200,0.0,MW,NL,NL,actual_solar_generation,Solar | Actual Consumption,2026-08-26T03:46:52Z
2026-08-26T03:42:24Z,2026-08-26T05:42:24+0200,e96b9d4a-1054-48fe-90c7-5f4aaf55485c,2026-08-05T05:30:00Z,2026-08-05T07:30:00+0200,21.005,MW,NL,NL,actual_solar_generation,Solar | Actual Aggregated,2026-08-26T03:46:52Z
2026-08-26T03:42:24Z,2026-08-26T05:42:24+0200,e96b9d4a-1054-48fe-90c7-5f4aaf55485c,2026-08-05T05:30:00Z,2026-08-05T07:30:00+0200,0.0,MW,NL,NL,actual_solar_generation,Solar | Actual Consumption,2026-08-26T03:46:52Z
2026-08-26T03:42:24Z,2026-08-26T05:42:24+0200,e96b9d4a-1054-48fe-90c7-5f4aaf55485c,2026-08-05T05:45:00Z,2026-08-05T07:45:00+0200,40.754,MW,NL,NL,actual_solar_generation,Solar | Actual Aggregated,2026-08-26T03:46:52Z
2026-08-26T03:42:24Z,2026-08-26T05:42:24+0200,e96b9d4a-1054-48fe-90c7-5f4aaf55485c,2026-08-05T05:45:00Z,2026-08-05T07:45:00+0200,0.0,MW,NL,NL,actual_solar_generation,Solar | Actual Consumption,2026-08-26T03:46:52Z
2026-08-26T03:42:24Z,2026-08-26T05:42:24+0200,e96b9d4a-1054-48fe-90c7-5f4aaf55485c,2026-08-05T06:00:00Z,2026-08-05T08:00:00+0200,44.637,MW,NL,NL,actual_solar_generation,Solar | Actual Aggregated,2026-08-26T03:46:52Z
2026-08-26T03:42:24Z,2026-08-26T05:42:24+0200,e96b9d4a-1054-48fe-90c7-5f4aaf55485c,2026-08-05T06:00:00Z,2026-08-05T08:00:00+0200,0.0,MW,NL,NL,actual_solar_generation,Solar | Actual Consumption,2026-08-26T03:46:52Z
2026-08-26T03:42:24Z,2026-08-26T05:42:24+0200,e96b9d4a-1054-48fe-90c7-5f4aaf55485c,2026-08-05T06:15:00Z,2026-08-05T08:15:00+0200,57.912,MW,NL,NL,actual_solar_generation,Solar | Actual Aggregated,2026-08-26T03:46:52Z
2026-08-26T03:42:24Z,2026-08-26T05:42:24+0200,e96b9d4a-1054-48fe-90c7-5f4aaf55485c,2026-08-05T06:15:00Z,2026-08-05T08:15:00+0200,0.0,MW,NL,NL,actual_solar_generation,Solar | Actual Consumption,2026-08-26T03:46:52Z
2026-08-26T03:42:24Z,2026-08-26T05:42:24+0200,e96b9d4a-1054-48fe-90c7-5f4aaf55485c,2026-08-05T06:30:00Z,2026-08-05T08:30:00+0200,72.26,MW,NL,NL,actual_solar_generation,Solar | Actual Aggregated,2026-08-26T03:46:52Z
2026-08-26T03:42:24Z,2026-08-26T05:42:24+0200,e96b9d4a-1054-48fe-90c7-5f4aaf55485c,2026-08-05T06:30:00Z,2026-08-05T08:30:00+0200,0.0,MW,NL,NL,actual_solar_generation,Solar | Actual Consumption,2026-08-26T03:46:52Z
2026-08-26T03:42:24Z,2026-08-26T05:42:24+0200,e96b9d4a-1054-48fe-90c7-5f4aaf55485c,2026-08-05T06:45:00Z,2026-08-05T08:45:00+0200,89.478,MW,NL,NL,actual_solar_generation,Solar | Actual Aggregated,2026-08-26T03:46:52Z
2026-08-26T03:42:24Z,2026-08-26T05:42:24+0200,e96b9d4a-1054-48fe-90c7-5f4aaf55485c,2026-08-05T06:45:00Z,2026-08-05T08:45:00+0200,0.0,MW,NL,NL,actual_solar_generation,Solar | Actual Consumption,2026-08-26T03:46:52Z
2026-08-26T03:42:24Z,2026-08-26T05:42:24+0200,e96b9d4a-1054-48fe-90c7-5f4aaf55485c,2026-08-05T07:00:00Z,2026-08-05T09:00:00+0200,100.523,MW,NL,NL,actual_solar_generation,Solar | Actual Aggregated,2026-08-26T03:46:52Z
2026-08-26T03:42:24Z,2026-08-26T05:42:24+0200,e96b9d4a-1054-48fe-90c7-5f4aaf55485c,2026-08-05T07:00:00Z,2026-08-05T09:00:00+0200,0.0,MW,NL,NL,actual_solar_generation,Solar | Actual Consumption,2026-08-26T03:46:52Z
2026-08-26T03:42:24Z,2026-08-26T05:42:24+0200,e96b9d4a-1054-48fe-90c7-5f4aaf55485c,2026-08-05T07:15:00Z,2026-08-05T09:15:00+0200,90.337,MW,NL,NL,actual_solar_generation,Solar | Actual Aggregated,2026-08-26T03:46:52Z
2026-08-26T03:42:24Z,2026-08-26T05:42:24+0200,e96b9d4a-1054-48fe-90c7-5f4aaf55485c,2026-08-05T07:15:00Z,2026-08-05T09:15:00+0200,0.0,MW,NL,NL,actual_solar_generation,Solar | Actual Consumption,2026-08-26T03:46:52Z
2026-08-26T03:42:24Z,2026-08-26T05:42:24+0200,e96b9d4a-1054-48fe-90c7-5f4aaf55485c,2026-08-05T07:30:00Z,2026-08-05T09:30:00+0200,113.572,MW,NL,NL,actual_solar_generation,Solar | Actual Aggregated,2026-08-26T03:46:52Z
2026-08-26T03:42:24Z,2026-08-26T05:42:24+0200,e96b9d4a-1054-48fe-90c7-5f4aaf55485c,2026-08-05T07:30:00Z,2026-08-05T09:30:00+0200,0.0,MW,NL,NL,actual_solar_generation,Solar | Actual Consumption,2026-08-26T03:46:52Z
2026-08-26T03:42:24Z,2026-08-26T05:42:24+0200,e96b9d4a-1054-48fe-90c7-5f4aaf55485c,2026-08-05T07:45:00Z,2026-08-05T09:45:00+0200,102.536,MW,NL,NL,actual_solar_generation,Solar | Actual Aggregated,2026-08-26T03:46:52Z
2026-08-26T03:42:24Z,2026-08-26T05:42:24+0200,e96b9d4a-1054-48fe-90c7-5f4aaf55485c,2026-08-05T07:45:00Z,2026-08-05T09:45:00+0200,0.0,MW,NL,NL,actual_solar_generation,Solar | Actual Consumption,2026-08-26T03:46:52Z
2026-08-26T03:42:24Z,2026-08-26T05:42:24+0200,e96b9d4a-1054-48fe-90c7-5f4aaf55485c,2026-08-05T08:00:00Z,2026-08-05T10:00:00+0200,126.049,MW,NL,NL,actual_solar_generation,Solar | Actual Aggregated,2026-08-26T03:46:52Z
2026-08-26T03:42:24Z,2026-08-26T05:42:24+0200,e96b9d4a-1054-48fe-90c7-5f4aaf55485c,2026-08-05T08:00:00Z,2026-08-05T10:00:00+0200,0.0,MW,NL,NL,actual_solar_generation,Solar | Actual Consumption,2026-08-26T03:46:52Z
2026-08-26T03:42:24Z,2026-08-26T05:42:24+0200,e96b9d4a-1054-48fe-90c7-5f4aaf55485c,2026-08-05T08:15:00Z,2026-08-05T10:15:00+0200,146.841,MW,NL,NL,actual_solar_generation,Solar | Actual Aggregated,2026-08-26T03:46:52Z
2026-08-26T03:42:24Z,2026-08-26T05:42:24+0200,e96b9d4a-1054-48fe-90c7-5f4aaf55485c,2026-08-05T08:15:00Z,2026-08-05T10:15:00+0200,0.0,MW,NL,NL,actual_solar_generation,Solar | Actual Consumption,2026-08-26T03:46:52Z
2026-08-26T03:42:24Z,2026-08-26T05:42:24+0200,e96b9d4a-1054-48fe-90c7-5f4aaf55485c,2026-08-05T08:30:00Z,2026-08-05T10:30:00+0200,161.909,MW,NL,NL,actual_solar_generation,Solar | Actual Aggregated,2026-08-26T03:46:52Z
2026-08-26T03:42:24Z,2026-08-26T05:42:24+0200,e96b9d4a-1054-48fe-90c7-5f4aaf55485c,2026-08-05T08:30:00Z,2026-08-05T10:30:00+0200,0.0,MW,NL,NL,actual_solar_generation,Solar | Actual Consumption,2026-08-26T03:46:52Z
2026-08-26T03:42:24Z,2026-08-26T05:42:24+0200,e96b9d4a-1054-48fe-90c7-5f4aaf55485c,2026-08-05T08:45:00Z,2026-08-05T10:45:00+0200,150.997,MW,NL,NL,actual_solar_generation,Solar | Actual Aggregated,2026-08-26T03:46:52Z
2026-08-26T03:42:24Z,2026-08-26T05:42:24+0200,e96b9d4a-1054-48fe-90c7-5f4aaf55485c,2026-08-05T08:45:00Z,2026-08-05T10:45:00+0200,0.0,MW,NL,NL,actual_solar_generation,Solar | Actual Consumption,2026-08-26T03:46:52Z
2026-08-26T03:42:24Z,2026-08-26T05:42:24+0200,e96b9d4a-1054-48fe-90c7-5f4aaf55485c,2026-08-05T09:00:00Z,2026-08-05T11:00:00+0200,176.318,MW,NL,NL,actual_solar_generation,Solar | Actual Aggregated,2026-08-26T03:46:52Z
2026-08-26T03:42:24Z,2026-08-26T05:42:24+0200,e96b9d4a-1054-48fe-90c7-5f4aaf55485c,2026-08-05T09:00:00Z,2026-08-05T11:00:00+0200,0.0,MW,NL,NL,actual_solar_generation,Solar | Actual Consumption,2026-08-26T03:46:52Z
2026-08-26T03:42:24Z,2026-08-26T05:42:24+0200,e96b9d4a-1054-48fe-90c7-5f4aaf55485c,2026-08-05T09:15:00Z,2026-08-05T11:15:00+0200,172.998,MW,NL,NL,actual_solar_generation,Solar | Actual Aggregated,2026-08-26T03:46:52Z
2026-08-26T03:42:24Z,2026-08-26T05:42:24+0200,e96b9d4a-1054-48fe-90c7-5f4aaf55485c,2026-08-05T09:15:00Z,2026-08-05T11:15:00+0200,0.0,MW,NL,NL,actual_solar_generation,Solar | Actual Consumption,2026-08-26T03:46:52Z
2026-08-26T03:42:24Z,2026-08-26T05:42:24+0200,e96b9d4a-1054-48fe-90c7-5f4aaf55485c,2026-08-05T09:30:00Z,2026-08-05T11:30:00+0200,144.355,MW,NL,NL,actual_solar_generation,Solar | Actual Aggregated,2026-08-26T03:46:52Z
2026-08-26T03:42:24Z,2026-08-26T05:42:24+0200,e96b9d4a-1054-48fe-90c7-5f4aaf55485c,2026-08-05T09:30:00Z,2026-08-05T11:30:00+0200,0.0,MW,NL,NL,actual_solar_generation,Solar | Actual Consumption,2026-08-26T03:46:52Z
2026-08-26T03:42:24Z,2026-08-26T05:42:24+0200,e96b9d4a-1054-48fe-90c7-5f4aaf55485c,2026-08-05T09:45:00Z,2026-08-05T11:45:00+0200,154.957,MW,NL,NL,actual_solar_generation,Solar | Actual Aggregated,2026-08-26T03:46:52Z
2026-08-26T03:42:24Z,2026-08-26T05:42:24+0200,e96b9d4a-1054-48fe-90c7-5f4aaf55485c,2026-08-05T09:45:00Z,2026-08-05T11:45:00+0200,0.0,MW,NL,NL,actual_solar_generation,Solar | Actual Consumption,2026-08-26T03:46:52Z
2026-08-26T03:42:24Z,2026-08-26T05:42:24+0200,e96b9d4a-1054-48fe-90c7-5f4aaf55485c,2026-08-05T10:00:00Z,2026-08-05T12:00:00+0200,178.338,MW,NL,NL,actual_solar_generation,Solar | Actual Aggregated,2026-08-26T03:46:52Z
2026-08-26T03:42:24Z,2026-08-26T05:42:24+0200,e96b9d4a-1054-48fe-90c7-5f4aaf55485c,2026-08-05T10:00:00Z,2026-08-05T12:00:00+0200,0.0,MW,NL,NL,actual_solar_generation,Solar | Actual Consumption,2026-08-26T03:46:52Z
2026-08-26T03:42:24Z,2026-08-26T05:42:24+0200,e96b9d4a-1054-48fe-90c7-5f4aaf55485c,2026-08-05T10:15:00Z,2026-08-05T12:15:00+0200,157.261,MW,NL,NL,actual_solar_generation,Solar | Actual Aggregated,2026-08-26T03:46:52Z
2026-08-26T03:42:24Z,2026-08-26T05:42:24+0200,e96b9d4a-1054-48fe-90c7-5f4aaf55485c,2026-08-05T10:15:00Z,2026-08-05T12:15:00+0200,0.0,MW,NL,NL,actual_solar_generation,Solar | Actual Consumption,2026-08-26T03:46:52Z
2026-08-26T03:42:24Z,2026-08-26T05:42:24+0200,e96b9d4a-1054-48fe-90c7-5f4aaf55485c,2026-08-05T10:30:00Z,2026-08-05T12:30:00+0200,167.275,MW,NL,NL,actual_solar_generation,Solar | Actual Aggregated,2026-08-26T03:46:52Z
2026-08-26T03:42:24Z,2026-08-26T05:42:24+0200,e96b9d4a-1054-48fe-90c7-5f4aaf55485c,2026-08-05T10:30:00Z,2026-08-05T12:30:00+0200,0.0,MW,NL,NL,actual_solar_generation,Solar | Actual Consumption,2026-08-26T03:46:52Z
2026-08-26T03:42:24Z,2026-08-26T05:42:24+0200,e96b9d4a-1054-48fe-90c7-5f4aaf55485c,2026-08-05T10:45:00Z,2026-08-05T12:45:00+0200,158.687,MW,NL,NL,actual_solar_generation,Solar | Actual Aggregated,2026-08-26T03:46:52Z
2026-08-26T03:42:24Z,2026-08-26T05:42:24+0200,e96b9d4a-1054-48fe-90c7-5f4aaf55485c,2026-08-05T10:45:00Z,2026-08-05T12:45:00+0200,0.0,MW,NL,NL,actual_solar_generation,Solar | Actual Consumption,2026-08-26T03:46:52Z
2026-08-26T03:42:24Z,2026-08-26T05:42:24+0200,e96b9d4a-1054-48fe-90c7-5f4aaf55485c,2026-08-05T11:00:00Z,2026-08-05T13:00:00+0200,135.165,MW,NL,NL,actual_solar_generation,Solar | Actual Aggregated,2026-08-26T03:46:52Z
2026-08-26T03:42:24Z,2026-08-26T05:42:24+0200,e96b9d4a-1054-48fe-90c7-5f4aaf55485c,2026-08-05T11:00:00Z,2026-08-05T13:00:00+0200,0.0,MW,NL,NL,actual_solar_generation,Solar | Actual Consumption,2026-08-26T03:46:52Z
2026-08-26T03:42:24Z,2026-08-26T05:42:24+0200,e96b9d4a-1054-48fe-90c7-5f4aaf55485c,2026-08-05T11:15:00Z,2026-08-05T13:15:00+0200,135.507,MW,NL,NL,actual_solar_generation,Solar | Actual Aggregated,2026-08-26T03:46:52Z
2026-08-26T03:42:24Z,2026-08-26T05:42:24+0200,e96b9d4a-1054-48fe-90c7-5f4aaf55485c,2026-08-05T11:15:00Z,2026-08-05T13:15:00+0200,0.0,MW,NL,NL,actual_solar_generation,Solar | Actual Consumption,2026-08-26T03:46:52Z
2026-08-26T03:42:24Z,2026-08-26T05:42:24+0200,e96b9d4a-1054-48fe-90c7-5f4aaf55485c,2026-08-05T11:30:00Z,2026-08-05T13:30:00+0200,127.254,MW,NL,NL,actual_solar_generation,Solar | Actual Aggregated,2026-08-26T03:46:52Z
2026-08-26T03:42:24Z,2026-08-26T05:42:24+0200,e96b9d4a-1054-48fe-90c7-5f4aaf55485c,2026-08-05T11:30:00Z,2026-08-05T13:30:00+0200,0.0,MW,NL,NL,actual_solar_generation,Solar | Actual Consumption,2026-08-26T03:46:52Z
2026-08-26T03:42:24Z,2026-08-26T05:42:24+0200,e96b9d4a-1054-48fe-90c7-5f4aaf55485c,2026-08-05T11:45:00Z,2026-08-05T13:45:00+0200,159.296,MW,NL,NL,actual_solar_generation,Solar | Actual Aggregated,2026-08-26T03:46:52Z
2026-08-26T03:42:24Z,2026-08-26T05:42:24+0200,e96b9d4a-1054-48fe-90c7-5f4aaf55485c,2026-08-05T11:45:00Z,2026-08-05T13:45:00+0200,0.0,MW,NL,NL,actual_solar_generation,Solar | Actual Consumption,2026-08-26T03:46:52Z
2026-08-26T03:42:24Z,2026-08-26T05:42:24+0200,e96b9d4a-1054-48fe-90c7-5f4aaf55485c,2026-08-05T12:00:00Z,2026-08-05T14:00:00+0200,128.495,MW,NL,NL,actual_solar_generation,Solar | Actual Aggregated,2026-08-26T03:46:52Z
2026-08-26T03:42:24Z,2026-08-26T05:42:24+0200,e96b9d4a-1054-48fe-90c7-5f4aaf55485c,2026-08-05T12:00:00Z,2026-08-05T14:00:00+0200,0.0,MW,NL,NL,actual_solar_generation,Solar | Actual Consumption,2026-08-26T03:46:52Z
2026-08-26T03:42:24Z,2026-08-26T05:42:24+0200,e96b9d4a-1054-48fe-90c7-5f4aaf55485c,2026-08-05T12:15:00Z,2026-08-05T14:15:00+0200,125.235,MW,NL,NL,actual_solar_generation,Solar | Actual Aggregated,2026-08-26T03:46:52Z
2026-08-26T03:42:24Z,2026-08-26T05:42:24+0200,e96b9d4a-1054-48fe-90c7-5f4aaf55485c,2026-08-05T12:15:00Z,2026-08-05T14:15:00+0200,0.0,MW,NL,NL,actual_solar_generation,Solar | Actual Consumption,2026-08-26T03:46:52Z
2026-08-26T03:42:24Z,2026-08-26T05:42:24+0200,e96b9d4a-1054-48fe-90c7-5f4aaf55485c,2026-08-05T12:30:00Z,2026-08-05T14:30:00+0200,168.137,MW,NL,NL,actual_solar_generation,Solar | Actual Aggregated,2026-08-26T03:46:52Z
2026-08-26T03:42:24Z,2026-08-26T05:42:24+0200,e96b9d4a-1054-48fe-90c7-5f4aaf55485c,2026-08-05T12:30:00Z,2026-08-05T14:30:00+0200,0.0,MW,NL,NL,actual_solar_generation,Solar | Actual Consumption,2026-08-26T03:46:52Z
2026-08-26T03:42:24Z,2026-08-26T05:42:24+0200,e96b9d4a-1054-48fe-90c7-5f4aaf55485c,2026-08-05T12:45:00Z,2026-08-05T14:45:00+0200,156.442,MW,NL,NL,actual_solar_generation,Solar | Actual Aggregated,2026-08-26T03:46:52Z
2026-08-26T03:42:24Z,2026-08-26T05:42:24+0200,e96b9d4a-1054-48fe-90c7-5f4aaf55485c,2026-08-05T12:45:00Z,2026-08-05T14:45:00+0200,0.0,MW,NL,NL,actual_solar_generation,Solar | Actual Consumption,2026-08-26T03:46:52Z
2026-08-26T03:42:24Z,2026-08-26T05:42:24+0200,e96b9d4a-1054-48fe-90c7-5f4aaf55485c,2026-08-05T13:00:00Z,2026-08-05T15:00:00+0200,181.358,MW,NL,NL,actual_solar_generation,Solar | Actual Aggregated,2026-08-26T03:46:52Z
2026-08-26T03:42:24Z,2026-08-26T05:42:24+0200,e96b9d4a-1054-48fe-90c7-5f4aaf55485c,2026-08-05T13:00:00Z,2026-08-05T15:00:00+0200,0.0,MW,NL,NL,actual_solar_generation,Solar | Actual Consumption,2026-08-26T03:46:52Z
2026-08-26T03:42:24Z,2026-08-26T05:42:24+0200,e96b9d4a-1054-48fe-90c7-5f4aaf55485c,2026-08-05T13:15:00Z,2026-08-05T15:15:00+0200,188.618,MW,NL,NL,actual_solar_generation,Solar | Actual Aggregated,2026-08-26T03:46:52Z
2026-08-26T03:42:24Z,2026-08-26T05:42:24+0200,e96b9d4a-1054-48fe-90c7-5f4aaf55485c,2026-08-05T13:15:00Z,2026-08-05T15:15:00+0200,0.0,MW,NL,NL,actual_solar_generation,Solar | Actual Consumption,2026-08-26T03:46:52Z
2026-08-26T03:42:24Z,2026-08-26T05:42:24+0200,e96b9d4a-1054-48fe-90c7-5f4aaf55485c,2026-08-05T13:30:00Z,2026-08-05T15:30:00+0200,163.76,MW,NL,NL,actual_solar_generation,Solar | Actual Aggregated,2026-08-26T03:46:52Z
2026-08-26T03:42:24Z,2026-08-26T05:42:24+0200,e96b9d4a-1054-48fe-90c7-5f4aaf55485c,2026-08-05T13:30:00Z,2026-08-05T15:30:00+0200,0.0,MW,NL,NL,actual_solar_generation,Solar | Actual Consumption,2026-08-26T03:46:52Z
2026-08-26T03:42:24Z,2026-08-26T05:42:24+0200,e96b9d4a-1054-48fe-90c7-5f4aaf55485c,2026-08-05T13:45:00Z,2026-08-05T15:45:00+0200,191.25,MW,NL,NL,actual_solar_generation,Solar | Actual Aggregated,2026-08-26T03:46:52Z
2026-08-26T03:42:24Z,2026-08-26T05:42:24+0200,e96b9d4a-1054-48fe-90c7-5f4aaf55485c,2026-08-05T13:45:00Z,2026-08-05T15:45:00+0200,0.0,MW,NL,NL,actual_solar_generation,Solar | Actual Consumption,2026-08-26T03:46:52Z
2026-08-26T03:42:24Z,2026-08-26T05:42:24+0200,e96b9d4a-1054-48fe-90c7-5f4aaf55485c,2026-08-05T14:00:00Z,2026-08-05T16:00:00+0200,180.709,MW,NL,NL,actual_solar_generation,Solar | Actual Aggregated,2026-08-26T03:46:52Z
2026-08-26T03:42:24Z,2026-08-26T05:42:24+0200,e96b9d4a-1054-48fe-90c7-5f4aaf55485c,2026-08-05T14:00:00Z,2026-08-05T16:00:00+0200,0.0,MW,NL,NL,actual_solar_generation,Solar | Actual Consumption,2026-08-26T03:46:52Z
2026-08-26T03:42:24Z,2026-08-26T05:42:24+0200,e96b9d4a-1054-48fe-90c7-5f4aaf55485c,2026-08-05T14:15:00Z,2026-08-05T16:15:00+0200,188.28,MW,NL,NL,actual_solar_generation,Solar | Actual Aggregated,2026-08-26T03:46:52Z
2026-08-26T03:42:24Z,2026-08-26T05:42:24+0200,e96b9d4a-1054-48fe-90c7-5f4aaf55485c,2026-08-05T14:15:00Z,2026-08-05T16:15:00+0200,0.0,MW,NL,NL,actual_solar_generation,Solar | Actual Consumption,2026-08-26T03:46:52Z
2026-08-26T03:42:24Z,2026-08-26T05:42:24+0200,e96b9d4a-1054-48fe-90c7-5f4aaf55485c,2026-08-05T14:30:00Z,2026-08-05T16:30:00+0200,159.206,MW,NL,NL,actual_solar_generation,Solar | Actual Aggregated,2026-08-26T03:46:52Z
2026-08-26T03:42:24Z,2026-08-26T05:42:24+0200,e96b9d4a-1054-48fe-90c7-5f4aaf55485c,2026-08-05T14:30:00Z,2026-08-05T16:30:00+0200,0.0,MW,NL,NL,actual_solar_generation,Solar | Actual Consumption,2026-08-26T03:46:52Z
2026-08-26T03:42:24Z,2026-08-26T05:42:24+0200,e96b9d4a-1054-48fe-90c7-5f4aaf55485c,2026-08-05T14:45:00Z,2026-08-05T16:45:00+0200,139.997,MW,NL,NL,actual_solar_generation,Solar | Actual Aggregated,2026-08-26T03:46:52Z
2026-08-26T03:42:24Z,2026-08-26T05:42:24+0200,e96b9d4a-1054-48fe-90c7-5f4aaf55485c,2026-08-05T14:45:00Z,2026-08-05T16:45:00+0200,0.0,MW,NL,NL,actual_solar_generation,Solar | Actual Consumption,2026-08-26T03:46:52Z
2026-08-26T03:42:24Z,2026-08-26T05:42:24+0200,e96b9d4a-1054-48fe-90c7-5f4aaf55485c,2026-08-05T15:00:00Z,2026-08-05T17:00:00+0200,157.391,MW,NL,NL,actual_solar_generation,Solar | Actual Aggregated,2026-08-26T03:46:52Z
2026-08-26T03:42:24Z,2026-08-26T05:42:24+0200,e96b9d4a-1054-48fe-90c7-5f4aaf55485c,2026-08-05T15:00:00Z,2026-08-05T17:00:00+0200,0.0,MW,NL,NL,actual_solar_generation,Solar | Actual Consumption,2026-08-26T03:46:52Z
2026-08-26T03:42:24Z,2026-08-26T05:42:24+0200,e96b9d4a-1054-48fe-90c7-5f4aaf55485c,2026-08-05T15:15:00Z,2026-08-05T17:15:00+0200,155.035,MW,NL,NL,actual_solar_generation,Solar | Actual Aggregated,2026-08-26T03:46:52Z
2026-08-26T03:42:24Z,2026-08-26T05:42:24+0200,e96b9d4a-1054-48fe-90c7-5f4aaf55485c,2026-08-05T15:15:00Z,2026-08-05T17:15:00+0200,0.0,MW,NL,NL,actual_solar_generation,Solar | Actual Consumption,2026-08-26T03:46:52Z
2026-08-26T03:42:24Z,2026-08-26T05:42:24+0200,e96b9d4a-1054-48fe-90c7-5f4aaf55485c,2026-08-05T15:30:00Z,2026-08-05T17:30:00+0200,144.991,MW,NL,NL,actual_solar_generation,Solar | Actual Aggregated,2026-08-26T03:46:52Z
2026-08-26T03:42:24Z,2026-08-26T05:42:24+0200,e96b9d4a-1054-48fe-90c7-5f4aaf55485c,2026-08-05T15:30:00Z,2026-08-05T17:30:00+0200,0.0,MW,NL,NL,actual_solar_generation,Solar | Actual Consumption,2026-08-26T03:46:52Z
2026-08-26T03:42:24Z,2026-08-26T05:42:24+0200,e96b9d4a-1054-48fe-90c7-5f4aaf55485c,2026-08-05T15:45:00Z,2026-08-05T17:45:00+0200,129.855,MW,NL,NL,actual_solar_generation,Solar | Actual Aggregated,2026-08-26T03:46:52Z
2026-08-26T03:42:24Z,2026-08-26T05:42:24+0200,e96b9d4a-1054-48fe-90c7-5f4aaf55485c,2026-08-05T15:45:00Z,2026-08-05T17:45:00+0200,0.0,MW,NL,NL,actual_solar_generation,Solar | Actual Consumption,2026-08-26T03:46:52Z
2026-08-26T03:42:24Z,2026-08-26T05:42:24+0200,e96b9d4a-1054-48fe-90c7-5f4aaf55485c,2026-08-05T16:00:00Z,2026-08-05T18:00:00+0200,130.932,MW,NL,NL,actual_solar_generation,Solar | Actual Aggregated,2026-08-26T03:46:52Z
2026-08-26T03:42:24Z,2026-08-26T05:42:24+0200,e96b9d4a-1054-48fe-90c7-5f4aaf55485c,2026-08-05T16:00:00Z,2026-08-05T18:00:00+0200,0.0,MW,NL,NL,actual_solar_generation,Solar | Actual Consumption,2026-08-26T03:46:52Z
2026-08-26T03:42:24Z,2026-08-26T05:42:24+0200,e96b9d4a-1054-48fe-90c7-5f4aaf55485c,2026-08-05T16:15:00Z,2026-08-05T18:15:00+0200,109.675,MW,NL,NL,actual_solar_generation,Solar | Actual Aggregated,2026-08-26T03:46:52Z
2026-08-26T03:42:24Z,2026-08-26T05:42:24+0200,e96b9d4a-1054-48fe-90c7-5f4aaf55485c,2026-08-05T16:15:00Z,2026-08-05T18:15:00+0200,0.0,MW,NL,NL,actual_solar_generation,Solar | Actual Consumption,2026-08-26T03:46:52Z
2026-08-26T03:42:24Z,2026-08-26T05:42:24+0200,e96b9d4a-1054-48fe-90c7-5f4aaf55485c,2026-08-05T16:30:00Z,2026-08-05T18:30:00+0200,78.963,MW,NL,NL,actual_solar_generation,Solar | Actual Aggregated,2026-08-26T03:46:52Z
2026-08-26T03:42:24Z,2026-08-26T05:42:24+0200,e96b9d4a-1054-48fe-90c7-5f4aaf55485c,2026-08-05T16:30:00Z,2026-08-05T18:30:00+0200,0.0,MW,NL,NL,actual_solar_generation,Solar | Actual Consumption,2026-08-26T03:46:52Z
2026-08-26T03:42:24Z,2026-08-26T05:42:24+0200,e96b9d4a-1054-48fe-90c7-5f4aaf55485c,2026-08-05T16:45:00Z,2026-08-05T18:45:00+0200,79.394,MW,NL,NL,actual_solar_generation,Solar | Actual Aggregated,2026-08-26T03:46:52Z
2026-08-26T03:42:24Z,2026-08-26T05:42:24+0200,e96b9d4a-1054-48fe-90c7-5f4aaf55485c,2026-08-05T16:45:00Z,2026-08-05T18:45:00+0200,0.0,MW,NL,NL,actual_solar_generation,Solar | Actual Consumption,2026-08-26T03:46:52Z
2026-08-26T03:42:24Z,2026-08-26T05:42:24+0200,e96b9d4a-1054-48fe-90c7-5f4aaf55485c,2026-08-05T17:00:00Z,2026-08-05T19:00:00+0200,56.08,MW,NL,NL,actual_solar_generation,Solar | Actual Aggregated,2026-08-26T03:46:52Z
2026-08-26T03:42:24Z,2026-08-26T05:42:24+0200,e96b9d4a-1054-48fe-90c7-5f4aaf55485c,2026-08-05T17:00:00Z,2026-08-05T19:00:00+0200,0.0,MW,NL,NL,actual_solar_generation,Solar | Actual Consumption,2026-08-26T03:46:52Z
2026-08-26T03:42:24Z,2026-08-26T05:42:24+0200,e96b9d4a-1054-48fe-90c7-5f4aaf55485c,2026-08-05T17:15:00Z,2026-08-05T19:15:00+0200,37.669,MW,NL,NL,actual_solar_generation,Solar | Actual Aggregated,2026-08-26T03:46:52Z
2026-08-26T03:42:24Z,2026-08-26T05:42:24+0200,e96b9d4a-1054-48fe-90c7-5f4aaf55485c,2026-08-05T17:15:00Z,2026-08-05T19:15:00+0200,0.0,MW,NL,NL,actual_solar_generation,Solar | Actual Consumption,2026-08-26T03:46:52Z
2026-08-26T03:42:24Z,2026-08-26T05:42:24+0200,e96b9d4a-1054-48fe-90c7-5f4aaf55485c,2026-08-05T17:30:00Z,2026-08-05T19:30:00+0200,27.86,MW,NL,NL,actual_solar_generation,Solar | Actual Aggregated,2026-08-26T03:46:52Z
2026-08-26T03:42:24Z,2026-08-26T05:42:24+0200,e96b9d4a-1054-48fe-90c7-5f4aaf55485c,2026-08-05T17:30:00Z,2026-08-05T19:30:00+0200,0.0,MW,NL,NL,actual_solar_generation,Solar | Actual Consumption,2026-08-26T03:46:52Z
2026-08-26T03:42:24Z,2026-08-26T05:42:24+0200,e96b9d4a-1054-48fe-90c7-5f4aaf55485c,2026-08-05T17:45:00Z,2026-08-05T19:45:00+0200,18.714,MW,NL,NL,actual_solar_generation,Solar | Actual Aggregated,2026-08-26T03:46:52Z
2026-08-26T03:42:24Z,2026-08-26T05:42:24+0200,e96b9d4a-1054-48fe-90c7-5f4aaf55485c,2026-08-05T17:45:00Z,2026-08-05T19:45:00+0200,0.0,MW,NL,NL,actual_solar_generation,Solar | Actual Consumption,2026-08-26T03:46:52Z
2026-08-26T03:42:24Z,2026-08-26T05:42:24+0200,e96b9d4a-1054-48fe-90c7-5f4aaf55485c,2026-08-05T18:00:00Z,2026-08-05T20:00:00+0200,14.726,MW,NL,NL,actual_solar_generation,Solar | Actual Aggregated,2026-08-26T03:46:52Z
2026-08-26T03:42:24Z,2026-08-26T05:42:24+0200,e96b9d4a-1054-48fe-90c7-5f4aaf55485c,2026-08-05T18:00:00Z,2026-08-05T20:00:00+0200,0.0,MW,NL,NL,actual_solar_generation,Solar | Actual Consumption,2026-08-26T03:46:52Z
2026-08-26T03:42:24Z,2026-08-26T05:42:24+0200,e96b9d4a-1054-48fe-90c7-5f4aaf55485c,2026-08-05T18:15:00Z,2026-08-05T20:15:00+0200,9.672,MW,NL,NL,actual_solar_generation,Solar | Actual Aggregated,2026-08-26T03:46:52Z
2026-08-26T03:42:24Z,2026-08-26T05:42:24+0200,e96b9d4a-1054-48fe-90c7-5f4aaf55485c,2026-08-05T18:15:00Z,2026-08-05T20:15:00+0200,0.0,MW,NL,NL,actual_solar_generation,Solar | Actual Consumption,2026-08-26T03:46:52Z
2026-08-26T03:42:24Z,2026-08-26T05:42:24+0200,e96b9d4a-1054-48fe-90c7-5f4aaf55485c,2026-08-05T18:30:00Z,2026-08-05T20:30:00+0200,7.738,MW,NL,NL,actual_solar_generation,Solar | Actual Aggregated,2026-08-26T03:46:52Z
2026-08-26T03:42:24Z,2026-08-26T05:42:24+0200,e96b9d4a-1054-48fe-90c7-5f4aaf55485c,2026-08-05T18:30:00Z,2026-08-05T20:30:00+0200,0.0,MW,NL,NL,actual_solar_generation,Solar | Actual Consumption,2026-08-26T03:46:52Z
2026-08-26T03:42:24Z,2026-08-26T05:42:24+0200,e96b9d4a-1054-48fe-90c7-5f4aaf55485c,2026-08-05T18:45:00Z,2026-08-05T20:45:00+0200,3.99,MW,NL,NL,actual_solar_generation,Solar | Actual Aggregated,2026-08-26T03:46:52Z
2026-08-26T03:42:24Z,2026-08-26T05:42:24+0200,e96b9d4a-1054-48fe-90c7-5f4aaf55485c,2026-08-05T18:45:00Z,2026-08-05T20:45:00+0200,0.0,MW,NL,NL,actual_solar_generation,Solar | Actual Consumption,2026-08-26T03:46:52Z
2026-08-26T03:42:24Z,2026-08-26T05:42:24+0200,e96b9d4a-1054-48fe-90c7-5f4aaf55485c,2026-08-05T19:00:00Z,2026-08-05T21:00:00+0200,1.442,MW,NL,NL,actual_solar_generation,Solar | Actual Aggregated,2026-08-26T03:46:52Z
2026-08-26T03:42:24Z,2026-08-26T05:42:24+0200,e96b9d4a-1054-48fe-90c7-5f4aaf55485c,2026-08-05T19:00:00Z,2026-08-05T21:00:00+0200,0.74,MW,NL,NL,actual_solar_generation,Solar | Actual Consumption,2026-08-26T03:46:52Z
2026-08-26T03:42:24Z,2026-08-26T05:42:24+0200,e96b9d4a-1054-48fe-90c7-5f4aaf55485c,2026-08-05T19:15:00Z,2026-08-05T21:15:00+0200,0.0,MW,NL,NL,actual_solar_generation,Solar | Actual Aggregated,2026-08-26T03:46:52Z
2026-08-26T03:42:24Z,2026-08-26T05:42:24+0200,e96b9d4a-1054-48fe-90c7-5f4aaf55485c,2026-08-05T19:15:00Z,2026-08-05T21:15:00+0200,1.046,MW,NL,NL,actual_solar_generation,Solar | Actual Consumption,2026-08-26T03:46:52Z
2026-08-26T03:42:24Z,2026-08-26T05:42:24+0200,e96b9d4a-1054-48fe-90c7-5f4aaf55485c,2026-08-05T19:30:00Z,2026-08-05T21:30:00+0200,0.0,MW,NL,NL,actual_solar_generation,Solar | Actual Aggregated,2026-08-26T03:46:52Z
2026-08-26T03:42:24Z,2026-08-26T05:42:24+0200,e96b9d4a-1054-48fe-90c7-5f4aaf55485c,2026-08-05T19:30:00Z,2026-08-05T21:30:00+0200,0.129,MW,NL,NL,actual_solar_generation,Solar | Actual Consumption,2026-08-26T03:46:52Z
2026-08-26T03:42:24Z,2026-08-26T05:42:24+0200,e96b9d4a-1054-48fe-90c7-5f4aaf55485c,2026-08-05T19:45:00Z,2026-08-05T21:45:00+0200,0.0,MW,NL,NL,actual_solar_generation,Solar | Actual Aggregated,2026-08-26T03:46:52Z
2026-08-26T03:42:24Z,2026-08-26T05:42:24+0200,e96b9d4a-1054-48fe-90c7-5f4aaf55485c,2026-08-05T19:45:00Z,2026-08-05T21:45:00+0200,0.129,MW,NL,NL,actual_solar_generation,Solar | Actual Consumption,2026-08-26T03:46:52Z
2026-08-26T03:42:24Z,2026-08-26T05:42:24+0200,e96b9d4a-1054-48fe-90c7-5f4aaf55485c,2026-08-05T20:00:00Z,2026-08-05T22:00:00+0200,0.0,MW,NL,NL,actual_solar_generation,Solar | Actual Aggregated,2026-08-26T03:46:52Z
2026-08-26T03:42:24Z,2026-08-26T05:42:24+0200,e96b9d4a-1054-48fe-90c7-5f4aaf55485c,2026-08-05T20:00:00Z,2026-08-05T22:00:00+0200,0.129,MW,NL,NL,actual_solar_generation,Solar | Actual Consumption,2026-08-26T03:46:52Z
2026-08-26T03:42:24Z,2026-08-26T05:42:24+0200,e96b9d4a-1054-48fe-90c7-5f4aaf55485c,2026-08-05T20:15:00Z,2026-08-05T22:15:00+0200,0.0,MW,NL,NL,actual_solar_generation,Solar | Actual Aggregated,2026-08-26T03:46:52Z
2026-08-26T03:42:24Z,2026-08-26T05:42:24+0200,e96b9d4a-1054-48fe-90c7-5f4aaf55485c,2026-08-05T20:15:00Z,2026-08-05T22:15:00+0200,0.129,MW,NL,NL,actual_solar_generation,Solar | Actual Consumption,2026-08-26T03:46:52Z
2026-08-26T03:42:24Z,2026-08-26T05:42:24+0200,e96b9d4a-1054-48fe-90c7-5f4aaf55485c,2026-08-05T20:30:00Z,2026-08-05T22:30:00+0200,0.0,MW,NL,NL,actual_solar_generation,Solar | Actual Aggregated,2026-08-26T03:46:52Z
2026-08-26T03:42:24Z,2026-08-26T05:42:24+0200,e96b9d4a-1054-48fe-90c7-5f4aaf55485c,2026-08-05T20:30:00Z,2026-08-05T22:30:00+0200,0.129,MW,NL,NL,actual_solar_generation,Solar | Actual Consumption,2026-08-26T03:46:52Z
2026-08-26T03:42:24Z,2026-08-26T05:42:24+0200,e96b9d4a-1054-48fe-90c7-5f4aaf55485c,2026-08-05T20:45:00Z,2026-08-05T22:45:00+0200,0.0,MW,NL,NL,actual_solar_generation,Solar | Actual Aggregated,2026-08-26T03:46:52Z
2026-08-26T03:42:24Z,2026-08-26T05:42:24+0200,e96b9d4a-1054-48fe-90c7-5f4aaf55485c,2026-08-05T20:45:00Z,2026-08-05T22:45:00+0200,0.125,MW,NL,NL,actual_solar_generation,Solar | Actual Consumption,2026-08-26T03:46:52Z
2026-08-26T03:42:24Z,2026-08-26T05:42:24+0200,e96b9d4a-1054-48fe-90c7-5f4aaf55485c,2026-08-05T21:00:00Z,2026-08-05T23:00:00+0200,0.0,MW,NL,NL,actual_solar_generation,Solar | Actual Aggregated,2026-08-26T03:46:52Z
2026-08-26T03:42:24Z,2026-08-26T05:42:24+0200,e96b9d4a-1054-48fe-90c7-5f4aaf55485c,2026-08-05T21:00:00Z,2026-08-05T23:00:00+0200,0.118,MW,NL,NL,actual_solar_generation,Solar | Actual Consumption,2026-08-26T03:46:52Z
2026-08-26T03:42:24Z,2026-08-26T05:42:24+0200,e96b9d4a-1054-48fe-90c7-5f4aaf55485c,2026-08-05T21:15:00Z,2026-08-05T23:15:00+0200,0.0,MW,NL,NL,actual_solar_generation,Solar | Actual Aggregated,2026-08-26T03:46:52Z
2026-08-26T03:42:24Z,2026-08-26T05:42:24+0200,e96b9d4a-1054-48fe-90c7-5f4aaf55485c,2026-08-05T21:15:00Z,2026-08-05T23:15:00+0200,0.118,MW,NL,NL,actual_solar_generation,Solar | Actual Consumption,2026-08-26T03:46:52Z
2026-08-26T03:42:24Z,2026-08-26T05:42:24+0200,e96b9d4a-1054-48fe-90c7-5f4aaf55485c,2026-08-05T21:30:00Z,2026-08-05T23:30:00+0200,0.0,MW,NL,NL,actual_solar_generation,Solar | Actual Aggregated,2026-08-26T03:46:52Z
2026-08-26T03:42:24Z,2026-08-26T05:42:24+0200,e96b9d4a-1054-48fe-90c7-5f4aaf55485c,2026-08-05T21:30:00Z,2026-08-05T23:30:00+0200,0.118,MW,NL,NL,actual_solar_generation,Solar | Actual Consumption,2026-08-26T03:46:52Z
2026-08-26T03:42:24Z,2026-08-26T05:42:24+0200,e96b9d4a-1054-48fe-90c7-5f4aaf55485c,2026-08-05T21:45:00Z,2026-08-05T23:45:00+0200,0.0,MW,NL,NL,actual_solar_generation,Solar | Actual Aggregated,2026-08-26T03:46:52Z
2026-08-26T03:42:24Z,2026-08-26T05:42:24+0200,e96b9d4a-1054-48fe-90c7-5f4aaf55485c,2026-08-05T21:45:00Z,2026-08-05T23:45:00+0200,0.118,MW,NL,NL,actual_solar_generation,Solar | Actual Consumption,2026-08-26T03:46:52Z
2026-08-26T03:42:24Z,2026-08-26T05:42:24+0200,e96b9d4a-1054-48fe-90c7-5f4aaf55485c,2026-08-05T22:00:00Z,2026-08-06T00:00:00+0200,0.0,MW,NL,NL,actual_solar_generation,Solar | Actual Aggregated,2026-08-26T03:46:52Z
2026-08-26T03:42:24Z,2026-08-26T05:42:24+0200,e96b9d4a-1054-48fe-90c7-5f4aaf55485c,2026-08-05T22:00:00Z,2026-08-06T00:00:00+0200,0.136,MW,NL,NL,actual_solar_generation,Solar | Actual Consumption,2026-08-26T03:46:52Z
2026-08-26T03:42:24Z,2026-08-26T05:42:24+0200,e96b9d4a-1054-48fe-90c7-5f4aaf55485c,2026-08-05T22:15:00Z,2026-08-06T00:15:00+0200,0.0,MW,NL,NL,actual_solar_generation,Solar | Actual Aggregated,2026-08-26T03:46:52Z
2026-08-26T03:42:24Z,2026-08-26T05:42:24+0200,e96b9d4a-1054-48fe-90c7-5f4aaf55485c,2026-08-05T22:15:00Z,2026-08-06T00:15:00+0200,0.113,MW,NL,NL,actual_solar_generation,Solar | Actual Consumption,2026-08-26T03:46:52Z
2026-08-26T03:42:24Z,2026-08-26T05:42:24+0200,e96b9d4a-1054-48fe-90c7-5f4aaf55485c,2026-08-05T22:30:00Z,2026-08-06T00:30:00+0200,0.0,MW,NL,NL,actual_solar_generation,Solar | Actual Aggregated,2026-08-26T03:46:52Z
2026-08-26T03:42:24Z,2026-08-26T05:42:24+0200,e96b9d4a-1054-48fe-90c7-5f4aaf55485c,2026-08-05T22:30:00Z,2026-08-06T00:30:00+0200,0.132,MW,NL,NL,actual_solar_generation,Solar | Actual Consumption,2026-08-26T03:46:52Z
2026-08-26T03:42:24Z,2026-08-26T05:42:24+0200,e96b9d4a-1054-48fe-90c7-5f4aaf55485c,2026-08-05T22:45:00Z,2026-08-06T00:45:00+0200,0.0,MW,NL,NL,actual_solar_generation,Solar | Actual Aggregated,2026-08-26T03:46:52Z
2026-08-26T03:42:24Z,2026-08-26T05:42:24+0200,e96b9d4a-1054-48fe-90c7-5f4aaf55485c,2026-08-05T22:45:00Z,2026-08-06T00:45:00+0200,0.113,MW,NL,NL,actual_solar_generation,Solar | Actual Consumption,2026-08-26T03:46:52Z
2026-08-26T03:42:24Z,2026-08-26T05:42:24+0200,e96b9d4a-1054-48fe-90c7-5f4aaf55485c,2026-08-05T23:00:00Z,2026-08-06T01:00:00+0200,0.0,MW,NL,NL,actual_solar_generation,Solar | Actual Aggregated,2026-08-26T03:46:52Z
2026-08-26T03:42:24Z,2026-08-26T05:42:24+0200,e96b9d4a-1054-48fe-90c7-5f4aaf55485c,2026-08-05T23:00:00Z,2026-08-06T01:00:00+0200,0.124,MW,NL,NL,actual_solar_generation,Solar | Actual Consumption,2026-08-26T03:46:52Z
2026-08-26T03:42:24Z,2026-08-26T05:42:24+0200,e96b9d4a-1054-48fe-90c7-5f4aaf55485c,2026-08-05T23:15:00Z,2026-08-06T01:15:00+0200,0.0,MW,NL,NL,actual_solar_generation,Solar | Actual Aggregated,2026-08-26T03:46:52Z
2026-08-26T03:42:24Z,2026-08-26T05:42:24+0200,e96b9d4a-1054-48fe-90c7-5f4aaf55485c,2026-08-05T23:15:00Z,2026-08-06T01:15:00+0200,0.129,MW,NL,NL,actual_solar_generation,Solar | Actual Consumption,2026-08-26T03:46:52Z
2026-08-26T03:42:24Z,2026-08-26T05:42:24+0200,e96b9d4a-1054-48fe-90c7-5f4aaf55485c,2026-08-05T23:30:00Z,2026-08-06T01:30:00+0200,0.0,MW,NL,NL,actual_solar_generation,Solar | Actual Aggregated,2026-08-26T03:46:52Z
2026-08-26T03:42:24Z,2026-08-26T05:42:24+0200,e96b9d4a-1054-48fe-90c7-5f4aaf55485c,2026-08-05T23:30:00Z,2026-08-06T01:30:00+0200,0.121,MW,NL,NL,actual_solar_generation,Solar | Actual Consumption,2026-08-26T03:46:52Z
2026-08-26T03:42:24Z,2026-08-26T05:42:24+0200,e96b9d4a-1054-48fe-90c7-5f4aaf55485c,2026-08-05T23:45:00Z,2026-08-06T01:45:00+0200,0.0,MW,NL,NL,actual_solar_generation,Solar | Actual Aggregated,2026-08-26T03:46:52Z
2026-08-26T03:42:24Z,2026-08-26T05:42:24+0200,e96b9d4a-1054-48fe-90c7-5f4aaf55485c,2026-08-05T23:45:00Z,2026-08-06T01:45:00+0200,0.121,MW,NL,NL,actual_solar_generation,Solar | Actual Consumption,2026-08-26T03:46:52Z
2026-08-26T03:42:24Z,2026-08-26T05:42:24+0200,e96b9d4a-1054-48fe-90c7-5f4aaf55485c,2026-08-06T00:00:00Z,2026-08-06T02:00:00+0200,0.0,MW,NL,NL,actual_solar_generation,Solar | Actual Aggregated,2026-08-26T03:46:52Z
2026-08-26T03:42:24Z,2026-08-26T05:42:24+0200,e96b9d4a-1054-48fe-90c7-5f4aaf55485c,2026-08-06T00:00:00Z,2026-08-06T02:00:00+0200,0.13,MW,NL,NL,actual_solar_generation,Solar | Actual Consumption,2026-08-26T03:46:52Z
2026-08-26T03:42:24Z,2026-08-26T05:42:24+0200,e96b9d4a-1054-48fe-90c7-5f4aaf55485c,2026-08-06T00:15:00Z,2026-08-06T02:15:00+0200,0.0,MW,NL,NL,actual_solar_generation,Solar | Actual Aggregated,2026-08-26T03:46:52Z
2026-08-26T03:42:24Z,2026-08-26T05:42:24+0200,e96b9d4a-1054-48fe-90c7-5f4aaf55485c,2026-08-06T00:15:00Z,2026-08-06T02:15:00+0200,0.123,MW,NL,NL,actual_solar_generation,Solar | Actual Consumption,2026-08-26T03:46:52Z
2026-08-26T03:42:24Z,2026-08-26T05:42:24+0200,e96b9d4a-1054-48fe-90c7-5f4aaf55485c,2026-08-06T00:30:00Z,2026-08-06T02:30:00+0200,0.0,MW,NL,NL,actual_solar_generation,Solar | Actual Aggregated,2026-08-26T03:46:52Z
2026-08-26T03:42:24Z,2026-08-26T05:42:24+0200,e96b9d4a-1054-48fe-90c7-5f4aaf55485c,2026-08-06T00:30:00Z,2026-08-06T02:30:00+0200,0.119,MW,NL,NL,actual_solar_generation,Solar | Actual Consumption,2026-08-26T03:46:52Z
2026-08-26T03:42:24Z,2026-08-26T05:42:24+0200,e96b9d4a-1054-48fe-90c7-5f4aaf55485c,2026-08-06T00:45:00Z,2026-08-06T02:45:00+0200,0.0,MW,NL,NL,actual_solar_generation,Solar | Actual Aggregated,2026-08-26T03:46:52Z
2026-08-26T03:42:24Z,2026-08-26T05:42:24+0200,e96b9d4a-1054-48fe-90c7-5f4aaf55485c,2026-08-06T00:45:00Z,2026-08-06T02:45:00+0200,0.119,MW,NL,NL,actual_solar_generation,Solar | Actual Consumption,2026-08-26T03:46:52Z
2026-08-26T03:42:24Z,2026-08-26T05:42:24+0200,e96b9d4a-1054-48fe-90c7-5f4aaf55485c,2026-08-06T01:00:00Z,2026-08-06T03:00:00+0200,0.0,MW,NL,NL,actual_solar_generation,Solar | Actual Aggregated,2026-08-26T03:46:52Z
2026-08-26T03:42:24Z,2026-08-26T05:42:24+0200,e96b9d4a-1054-48fe-90c7-5f4aaf55485c,2026-08-06T01:00:00Z,2026-08-06T03:00:00+0200,0.119,MW,NL,NL,actual_solar_generation,Solar | Actual Consumption,2026-08-26T03:46:52Z
2026-08-26T03:42:24Z,2026-08-26T05:42:24+0200,e96b9d4a-1054-48fe-90c7-5f4aaf55485c,2026-08-06T01:15:00Z,2026-08-06T03:15:00+0200,0.0,MW,NL,NL,actual_solar_generation,Solar | Actual Aggregated,2026-08-26T03:46:52Z
2026-08-26T03:42:24Z,2026-08-26T05:42:24+0200,e96b9d4a-1054-48fe-90c7-5f4aaf55485c,2026-08-06T01:15:00Z,2026-08-06T03:15:00+0200,0.119,MW,NL,NL,actual_solar_generation,Solar | Actual Consumption,2026-08-26T03:46:52Z
2026-08-26T03:42:24Z,2026-08-26T05:42:24+0200,e96b9d4a-1054-48fe-90c7-5f4aaf55485c,2026-08-06T01:30:00Z,2026-08-06T03:30:00+0200,0.0,MW,NL,NL,actual_solar_generation,Solar | Actual Aggregated,2026-08-26T03:46:52Z
2026-08-26T03:42:24Z,2026-08-26T05:42:24+0200,e96b9d4a-1054-48fe-90c7-5f4aaf55485c,2026-08-06T01:30:00Z,2026-08-06T03:30:00+0200,0.119,MW,NL,NL,actual_solar_generation,Solar | Actual Consumption,2026-08-26T03:46:52Z
2026-08-26T03:42:24Z,2026-08-26T05:42:24+0200,e96b9d4a-1054-48fe-90c7-5f4aaf55485c,2026-08-06T01:45:00Z,2026-08-06T03:45:00+0200,0.0,MW,NL,NL,actual_solar_generation,Solar | Actual Aggregated,2026-08-26T03:46:52Z
2026-08-26T03:42:24Z,2026-08-26T05:42:24+0200,e96b9d4a-1054-48fe-90c7-5f4aaf55485c,2026-08-06T01:45:00Z,2026-08-06T03:45:00+0200,0.127,MW,NL,NL,actual_solar_generation,Solar | Actual Consumption,2026-08-26T03:46:52Z
2026-08-26T03:42:24Z,2026-08-26T05:42:24+0200,e96b9d4a-1054-48fe-90c7-5f4aaf55485c,2026-08-06T02:00:00Z,2026-08-06T04:00:00+0200,0.0,MW,NL,NL,actual_solar_generation,Solar | Actual Aggregated,2026-08-26T03:46:52Z
2026-08-26T03:42:24Z,2026-08-26T05:42:24+0200,e96b9d4a-1054-48fe-90c7-5f4aaf55485c,2026-08-06T02:00:00Z,2026-08-06T04:00:00+0200,0.121,MW,NL,NL,actual_solar_generation,Solar | Actual Consumption,2026-08-26T03:46:52Z
2026-08-26T03:42:24Z,2026-08-26T05:42:24+0200,e96b9d4a-1054-48fe-90c7-5f4aaf55485c,2026-08-06T02:15:00Z,2026-08-06T04:15:00+0200,0.0,MW,NL,NL,actual_solar_generation,Solar | Actual Aggregated,2026-08-26T03:46:52Z
2026-08-26T03:42:24Z,2026-08-26T05:42:24+0200,e96b9d4a-1054-48fe-90c7-5f4aaf55485c,2026-08-06T02:15:00Z,2026-08-06T04:15:00+0200,0.128,MW,NL,NL,actual_solar_generation,Solar | Actual Consumption,2026-08-26T03:46:52Z
2026-08-26T03:42:24Z,2026-08-26T05:42:24+0200,e96b9d4a-1054-48fe-90c7-5f4aaf55485c,2026-08-06T02:30:00Z,2026-08-06T04:30:00+0200,0.0,MW,NL,NL,actual_solar_generation,Solar | Actual Aggregated,2026-08-26T03:46:52Z
2026-08-26T03:42:24Z,2026-08-26T05:42:24+0200,e96b9d4a-1054-48fe-90c7-5f4aaf55485c,2026-08-06T02:30:00Z,2026-08-06T04:30:00+0200,0.119,MW,NL,NL,actual_solar_generation,Solar | Actual Consumption,2026-08-26T03:46:52Z
2026-08-26T03:42:24Z,2026-08-26T05:42:24+0200,e96b9d4a-1054-48fe-90c7-5f4aaf55485c,2026-08-06T02:45:00Z,2026-08-06T04:45:00+0200,0.0,MW,NL,NL,actual_solar_generation,Solar | Actual Aggregated,2026-08-26T03:46:52Z
2026-08-26T03:42:24Z,2026-08-26T05:42:24+0200,e96b9d4a-1054-48fe-90c7-5f4aaf55485c,2026-08-06T02:45:00Z,2026-08-06T04:45:00+0200,0.119,MW,NL,NL,actual_solar_generation,Solar | Actual Consumption,2026-08-26T03:46:52Z
2026-08-26T03:42:24Z,2026-08-26T05:42:24+0200,e96b9d4a-1054-48fe-90c7-5f4aaf55485c,2026-08-06T03:00:00Z,2026-08-06T05:00:00+0200,0.0,MW,NL,NL,actual_solar_generation,Solar | Actual Aggregated,2026-08-26T03:46:52Z
2026-08-26T03:42:24Z,2026-08-26T05:42:24+0200,e96b9d4a-1054-48fe-90c7-5f4aaf55485c,2026-08-06T03:00:00Z,2026-08-06T05:00:00+0200,0.128,MW,NL,NL,actual_solar_generation,Solar | Actual Consumption,2026-08-26T03:46:52Z
2026-08-26T03:42:24Z,2026-08-26T05:42:24+0200,e96b9d4a-1054-48fe-90c7-5f4aaf55485c,2026-08-06T03:15:00Z,2026-08-06T05:15:00+0200,0.0,MW,NL,NL,actual_solar_generation,Solar | Actual Aggregated,2026-08-26T03:46:52Z
2026-08-26T03:42:24Z,2026-08-26T05:42:24+0200,e96b9d4a-1054-48fe-90c7-5f4aaf55485c,2026-08-06T03:15:00Z,2026-08-06T05:15:00+0200,0.123,MW,NL,NL,actual_solar_generation,Solar | Actual Consumption,2026-08-26T03:46:52Z
2026-08-26T03:42:24Z,2026-08-26T05:42:24+0200,e96b9d4a-1054-48fe-90c7-5f4aaf55485c,2026-08-06T03:30:00Z,2026-08-06T05:30:00+0200,0.0,MW,NL,NL,actual_solar_generation,Solar | Actual Aggregated,2026-08-26T03:46:52Z
2026-08-26T03:42:24Z,2026-08-26T05:42:24+0200,e96b9d4a-1054-48fe-90c7-5f4aaf55485c,2026-08-06T03:30:00Z,2026-08-06T05:30:00+0200,0.116,MW,NL,NL,actual_solar_generation,Solar | Actual Consumption,2026-08-26T03:46:52Z
2026-08-26T03:42:24Z,2026-08-26T05:42:24+0200,e96b9d4a-1054-48fe-90c7-5f4aaf55485c,2026-08-06T03:45:00Z,2026-08-06T05:45:00+0200,0.202,MW,NL,NL,actual_solar_generation,Solar | Actual Aggregated,2026-08-26T03:46:52Z
2026-08-26T03:42:24Z,2026-08-26T05:42:24+0200,e96b9d4a-1054-48fe-90c7-5f4aaf55485c,2026-08-06T03:45:00Z,2026-08-06T05:45:00+0200,0.127,MW,NL,NL,actual_solar_generation,Solar | Actual Consumption,2026-08-26T03:46:52Z
2026-08-26T03:42:24Z,2026-08-26T05:42:24+0200,e96b9d4a-1054-48fe-90c7-5f4aaf55485c,2026-08-06T04:00:00Z,2026-08-06T06:00:00+0200,0.743,MW,NL,NL,actual_solar_generation,Solar | Actual Aggregated,2026-08-26T03:46:52Z
2026-08-26T03:42:24Z,2026-08-26T05:42:24+0200,e96b9d4a-1054-48fe-90c7-5f4aaf55485c,2026-08-06T04:00:00Z,2026-08-06T06:00:00+0200,0.0,MW,NL,NL,actual_solar_generation,Solar | Actual Consumption,2026-08-26T03:46:52Z
2026-08-26T03:42:24Z,2026-08-26T05:42:24+0200,e96b9d4a-1054-48fe-90c7-5f4aaf55485c,2026-08-06T04:15:00Z,2026-08-06T06:15:00+0200,6.209,MW,NL,NL,actual_solar_generation,Solar | Actual Aggregated,2026-08-26T03:46:52Z
2026-08-26T03:42:24Z,2026-08-26T05:42:24+0200,e96b9d4a-1054-48fe-90c7-5f4aaf55485c,2026-08-06T04:15:00Z,2026-08-06T06:15:00+0200,0.0,MW,NL,NL,actual_solar_generation,Solar | Actual Consumption,2026-08-26T03:46:52Z
2026-08-26T03:42:24Z,2026-08-26T05:42:24+0200,e96b9d4a-1054-48fe-90c7-5f4aaf55485c,2026-08-06T04:30:00Z,2026-08-06T06:30:00+0200,11.429,MW,NL,NL,actual_solar_generation,Solar | Actual Aggregated,2026-08-26T03:46:52Z
2026-08-26T03:42:24Z,2026-08-26T05:42:24+0200,e96b9d4a-1054-48fe-90c7-5f4aaf55485c,2026-08-06T04:30:00Z,2026-08-06T06:30:00+0200,0.0,MW,NL,NL,actual_solar_generation,Solar | Actual Consumption,2026-08-26T03:46:52Z
2026-08-26T03:42:24Z,2026-08-26T05:42:24+0200,e96b9d4a-1054-48fe-90c7-5f4aaf55485c,2026-08-06T04:45:00Z,2026-08-06T06:45:00+0200,17.085,MW,NL,NL,actual_solar_generation,Solar | Actual Aggregated,2026-08-26T03:46:52Z
2026-08-26T03:42:24Z,2026-08-26T05:42:24+0200,e96b9d4a-1054-48fe-90c7-5f4aaf55485c,2026-08-06T04:45:00Z,2026-08-06T06:45:00+0200,0.0,MW,NL,NL,actual_solar_generation,Solar | Actual Consumption,2026-08-26T03:46:52Z
2026-08-26T03:42:24Z,2026-08-26T05:42:24+0200,e96b9d4a-1054-48fe-90c7-5f4aaf55485c,2026-08-06T05:00:00Z,2026-08-06T07:00:00+0200,25.108,MW,NL,NL,actual_solar_generation,Solar | Actual Aggregated,2026-08-26T03:46:52Z
2026-08-26T03:42:24Z,2026-08-26T05:42:24+0200,e96b9d4a-1054-48fe-90c7-5f4aaf55485c,2026-08-06T05:00:00Z,2026-08-06T07:00:00+0200,0.0,MW,NL,NL,actual_solar_generation,Solar | Actual Consumption,2026-08-26T03:46:52Z
2026-08-26T03:42:24Z,2026-08-26T05:42:24+0200,e96b9d4a-1054-48fe-90c7-5f4aaf55485c,2026-08-06T05:15:00Z,2026-08-06T07:15:00+0200,31.507,MW,NL,NL,actual_solar_generation,Solar | Actual Aggregated,2026-08-26T03:46:52Z
2026-08-26T03:42:24Z,2026-08-26T05:42:24+0200,e96b9d4a-1054-48fe-90c7-5f4aaf55485c,2026-08-06T05:15:00Z,2026-08-06T07:15:00+0200,0.0,MW,NL,NL,actual_solar_generation,Solar | Actual Consumption,2026-08-26T03:46:52Z
2026-08-26T03:42:24Z,2026-08-26T05:42:24+0200,e96b9d4a-1054-48fe-90c7-5f4aaf55485c,2026-08-06T05:30:00Z,2026-08-06T07:30:00+0200,40.015,MW,NL,NL,actual_solar_generation,Solar | Actual Aggregated,2026-08-26T03:46:52Z
2026-08-26T03:42:24Z,2026-08-26T05:42:24+0200,e96b9d4a-1054-48fe-90c7-5f4aaf55485c,2026-08-06T05:30:00Z,2026-08-06T07:30:00+0200,0.0,MW,NL,NL,actual_solar_generation,Solar | Actual Consumption,2026-08-26T03:46:52Z
2026-08-26T03:42:24Z,2026-08-26T05:42:24+0200,e96b9d4a-1054-48fe-90c7-5f4aaf55485c,2026-08-06T05:45:00Z,2026-08-06T07:45:00+0200,46.884,MW,NL,NL,actual_solar_generation,Solar | Actual Aggregated,2026-08-26T03:46:52Z
2026-08-26T03:42:24Z,2026-08-26T05:42:24+0200,e96b9d4a-1054-48fe-90c7-5f4aaf55485c,2026-08-06T05:45:00Z,2026-08-06T07:45:00+0200,0.0,MW,NL,NL,actual_solar_generation,Solar | Actual Consumption,2026-08-26T03:46:52Z
2026-08-26T03:42:24Z,2026-08-26T05:42:24+0200,e96b9d4a-1054-48fe-90c7-5f4aaf55485c,2026-08-06T06:00:00Z,2026-08-06T08:00:00+0200,60.382,MW,NL,NL,actual_solar_generation,Solar | Actual Aggregated,2026-08-26T03:46:52Z
2026-08-26T03:42:24Z,2026-08-26T05:42:24+0200,e96b9d4a-1054-48fe-90c7-5f4aaf55485c,2026-08-06T06:00:00Z,2026-08-06T08:00:00+0200,0.0,MW,NL,NL,actual_solar_generation,Solar | Actual Consumption,2026-08-26T03:46:52Z
2026-08-26T03:42:24Z,2026-08-26T05:42:24+0200,e96b9d4a-1054-48fe-90c7-5f4aaf55485c,2026-08-06T06:15:00Z,2026-08-06T08:15:00+0200,51.164,MW,NL,NL,actual_solar_generation,Solar | Actual Aggregated,2026-08-26T03:46:52Z
2026-08-26T03:42:24Z,2026-08-26T05:42:24+0200,e96b9d4a-1054-48fe-90c7-5f4aaf55485c,2026-08-06T06:15:00Z,2026-08-06T08:15:00+0200,0.0,MW,NL,NL,actual_solar_generation,Solar | Actual Consumption,2026-08-26T03:46:52Z
2026-08-26T03:42:24Z,2026-08-26T05:42:24+0200,e96b9d4a-1054-48fe-90c7-5f4aaf55485c,2026-08-06T06:30:00Z,2026-08-06T08:30:00+0200,77.55,MW,NL,NL,actual_solar_generation,Solar | Actual Aggregated,2026-08-26T03:46:52Z
2026-08-26T03:42:24Z,2026-08-26T05:42:24+0200,e96b9d4a-1054-48fe-90c7-5f4aaf55485c,2026-08-06T06:30:00Z,2026-08-06T08:30:00+0200,0.0,MW,NL,NL,actual_solar_generation,Solar | Actual Consumption,2026-08-26T03:46:52Z
2026-08-26T03:42:24Z,2026-08-26T05:42:24+0200,e96b9d4a-1054-48fe-90c7-5f4aaf55485c,2026-08-06T06:45:00Z,2026-08-06T08:45:00+0200,73.785,MW,NL,NL,actual_solar_generation,Solar | Actual Aggregated,2026-08-26T03:46:52Z
2026-08-26T03:42:24Z,2026-08-26T05:42:24+0200,e96b9d4a-1054-48fe-90c7-5f4aaf55485c,2026-08-06T06:45:00Z,2026-08-06T08:45:00+0200,0.0,MW,NL,NL,actual_solar_generation,Solar | Actual Consumption,2026-08-26T03:46:52Z
2026-08-26T03:42:24Z,2026-08-26T05:42:24+0200,e96b9d4a-1054-48fe-90c7-5f4aaf55485c,2026-08-06T07:00:00Z,2026-08-06T09:00:00+0200,115.595,MW,NL,NL,actual_solar_generation,Solar | Actual Aggregated,2026-08-26T03:46:52Z
2026-08-26T03:42:24Z,2026-08-26T05:42:24+0200,e96b9d4a-1054-48fe-90c7-5f4aaf55485c,2026-08-06T07:00:00Z,2026-08-06T09:00:00+0200,0.0,MW,NL,NL,actual_solar_generation,Solar | Actual Consumption,2026-08-26T03:46:52Z
2026-08-26T03:42:24Z,2026-08-26T05:42:24+0200,e96b9d4a-1054-48fe-90c7-5f4aaf55485c,2026-08-06T07:15:00Z,2026-08-06T09:15:00+0200,127.374,MW,NL,NL,actual_solar_generation,Solar | Actual Aggregated,2026-08-26T03:46:52Z
2026-08-26T03:42:24Z,2026-08-26T05:42:24+0200,e96b9d4a-1054-48fe-90c7-5f4aaf55485c,2026-08-06T07:15:00Z,2026-08-06T09:15:00+0200,0.0,MW,NL,NL,actual_solar_generation,Solar | Actual Consumption,2026-08-26T03:46:52Z
2026-08-26T03:42:24Z,2026-08-26T05:42:24+0200,e96b9d4a-1054-48fe-90c7-5f4aaf55485c,2026-08-06T07:30:00Z,2026-08-06T09:30:00+0200,144.239,MW,NL,NL,actual_solar_generation,Solar | Actual Aggregated,2026-08-26T03:46:52Z
2026-08-26T03:42:24Z,2026-08-26T05:42:24+0200,e96b9d4a-1054-48fe-90c7-5f4aaf55485c,2026-08-06T07:30:00Z,2026-08-06T09:30:00+0200,0.0,MW,NL,NL,actual_solar_generation,Solar | Actual Consumption,2026-08-26T03:46:52Z
2026-08-26T03:42:24Z,2026-08-26T05:42:24+0200,e96b9d4a-1054-48fe-90c7-5f4aaf55485c,2026-08-06T07:45:00Z,2026-08-06T09:45:00+0200,111.156,MW,NL,NL,actual_solar_generation,Solar | Actual Aggregated,2026-08-26T03:46:52Z
2026-08-26T03:42:24Z,2026-08-26T05:42:24+0200,e96b9d4a-1054-48fe-90c7-5f4aaf55485c,2026-08-06T07:45:00Z,2026-08-06T09:45:00+0200,0.0,MW,NL,NL,actual_solar_generation,Solar | Actual Consumption,2026-08-26T03:46:52Z
2026-08-26T03:42:24Z,2026-08-26T05:42:24+0200,e96b9d4a-1054-48fe-90c7-5f4aaf55485c,2026-08-06T08:00:00Z,2026-08-06T10:00:00+0200,129.8,MW,NL,NL,actual_solar_generation,Solar | Actual Aggregated,2026-08-26T03:46:52Z
2026-08-26T03:42:24Z,2026-08-26T05:42:24+0200,e96b9d4a-1054-48fe-90c7-5f4aaf55485c,2026-08-06T08:00:00Z,2026-08-06T10:00:00+0200,0.0,MW,NL,NL,actual_solar_generation,Solar | Actual Consumption,2026-08-26T03:46:52Z
2026-08-26T03:42:24Z,2026-08-26T05:42:24+0200,e96b9d4a-1054-48fe-90c7-5f4aaf55485c,2026-08-06T08:15:00Z,2026-08-06T10:15:00+0200,106.079,MW,NL,NL,actual_solar_generation,Solar | Actual Aggregated,2026-08-26T03:46:52Z
2026-08-26T03:42:24Z,2026-08-26T05:42:24+0200,e96b9d4a-1054-48fe-90c7-5f4aaf55485c,2026-08-06T08:15:00Z,2026-08-06T10:15:00+0200,0.0,MW,NL,NL,actual_solar_generation,Solar | Actual Consumption,2026-08-26T03:46:52Z
2026-08-26T03:42:24Z,2026-08-26T05:42:24+0200,e96b9d4a-1054-48fe-90c7-5f4aaf55485c,2026-08-06T08:30:00Z,2026-08-06T10:30:00+0200,119.918,MW,NL,NL,actual_solar_generation,Solar | Actual Aggregated,2026-08-26T03:46:52Z
2026-08-26T03:42:24Z,2026-08-26T05:42:24+0200,e96b9d4a-1054-48fe-90c7-5f4aaf55485c,2026-08-06T08:30:00Z,2026-08-06T10:30:00+0200,0.0,MW,NL,NL,actual_solar_generation,Solar | Actual Consumption,2026-08-26T03:46:52Z
2026-08-26T03:42:24Z,2026-08-26T05:42:24+0200,e96b9d4a-1054-48fe-90c7-5f4aaf55485c,2026-08-06T08:45:00Z,2026-08-06T10:45:00+0200,153.128,MW,NL,NL,actual_solar_generation,Solar | Actual Aggregated,2026-08-26T03:46:52Z
2026-08-26T03:42:24Z,2026-08-26T05:42:24+0200,e96b9d4a-1054-48fe-90c7-5f4aaf55485c,2026-08-06T08:45:00Z,2026-08-06T10:45:00+0200,0.0,MW,NL,NL,actual_solar_generation,Solar | Actual Consumption,2026-08-26T03:46:52Z
2026-08-26T03:42:24Z,2026-08-26T05:42:24+0200,e96b9d4a-1054-48fe-90c7-5f4aaf55485c,2026-08-06T09:00:00Z,2026-08-06T11:00:00+0200,137.619,MW,NL,NL,actual_solar_generation,Solar | Actual Aggregated,2026-08-26T03:46:52Z
2026-08-26T03:42:24Z,2026-08-26T05:42:24+0200,e96b9d4a-1054-48fe-90c7-5f4aaf55485c,2026-08-06T09:00:00Z,2026-08-06T11:00:00+0200,0.0,MW,NL,NL,actual_solar_generation,Solar | Actual Consumption,2026-08-26T03:46:52Z
2026-08-26T03:42:24Z,2026-08-26T05:42:24+0200,e96b9d4a-1054-48fe-90c7-5f4aaf55485c,2026-08-06T09:15:00Z,2026-08-06T11:15:00+0200,135.126,MW,NL,NL,actual_solar_generation,Solar | Actual Aggregated,2026-08-26T03:46:52Z
2026-08-26T03:42:24Z,2026-08-26T05:42:24+0200,e96b9d4a-1054-48fe-90c7-5f4aaf55485c,2026-08-06T09:15:00Z,2026-08-06T11:15:00+0200,0.0,MW,NL,NL,actual_solar_generation,Solar | Actual Consumption,2026-08-26T03:46:52Z
2026-08-26T03:42:24Z,2026-08-26T05:42:24+0200,e96b9d4a-1054-48fe-90c7-5f4aaf55485c,2026-08-06T09:30:00Z,2026-08-06T11:30:00+0200,172.645,MW,NL,NL,actual_solar_generation,Solar | Actual Aggregated,2026-08-26T03:46:52Z
2026-08-26T03:42:24Z,2026-08-26T05:42:24+0200,e96b9d4a-1054-48fe-90c7-5f4aaf55485c,2026-08-06T09:30:00Z,2026-08-06T11:30:00+0200,0.0,MW,NL,NL,actual_solar_generation,Solar | Actual Consumption,2026-08-26T03:46:52Z
2026-08-26T03:42:24Z,2026-08-26T05:42:24+0200,e96b9d4a-1054-48fe-90c7-5f4aaf55485c,2026-08-06T09:45:00Z,2026-08-06T11:45:00+0200,185.27,MW,NL,NL,actual_solar_generation,Solar | Actual Aggregated,2026-08-26T03:46:52Z
2026-08-26T03:42:24Z,2026-08-26T05:42:24+0200,e96b9d4a-1054-48fe-90c7-5f4aaf55485c,2026-08-06T09:45:00Z,2026-08-06T11:45:00+0200,0.0,MW,NL,NL,actual_solar_generation,Solar | Actual Consumption,2026-08-26T03:46:52Z
2026-08-26T03:42:24Z,2026-08-26T05:42:24+0200,e96b9d4a-1054-48fe-90c7-5f4aaf55485c,2026-08-06T10:00:00Z,2026-08-06T12:00:00+0200,163.483,MW,NL,NL,actual_solar_generation,Solar | Actual Aggregated,2026-08-26T03:46:52Z
2026-08-26T03:42:24Z,2026-08-26T05:42:24+0200,e96b9d4a-1054-48fe-90c7-5f4aaf55485c,2026-08-06T10:00:00Z,2026-08-06T12:00:00+0200,0.0,MW,NL,NL,actual_solar_generation,Solar | Actual Consumption,2026-08-26T03:46:52Z
2026-08-26T03:42:24Z,2026-08-26T05:42:24+0200,e96b9d4a-1054-48fe-90c7-5f4aaf55485c,2026-08-06T10:15:00Z,2026-08-06T12:15:00+0200,190.545,MW,NL,NL,actual_solar_generation,Solar | Actual Aggregated,2026-08-26T03:46:52Z
2026-08-26T03:42:24Z,2026-08-26T05:42:24+0200,e96b9d4a-1054-48fe-90c7-5f4aaf55485c,2026-08-06T10:15:00Z,2026-08-06T12:15:00+0200,0.0,MW,NL,NL,actual_solar_generation,Solar | Actual Consumption,2026-08-26T03:46:52Z
2026-08-26T03:42:24Z,2026-08-26T05:42:24+0200,e96b9d4a-1054-48fe-90c7-5f4aaf55485c,2026-08-06T10:30:00Z,2026-08-06T12:30:00+0200,170.423,MW,NL,NL,actual_solar_generation,Solar | Actual Aggregated,2026-08-26T03:46:52Z
2026-08-26T03:42:24Z,2026-08-26T05:42:24+0200,e96b9d4a-1054-48fe-90c7-5f4aaf55485c,2026-08-06T10:30:00Z,2026-08-06T12:30:00+0200,0.0,MW,NL,NL,actual_solar_generation,Solar | Actual Consumption,2026-08-26T03:46:52Z
2026-08-26T03:42:24Z,2026-08-26T05:42:24+0200,e96b9d4a-1054-48fe-90c7-5f4aaf55485c,2026-08-06T10:45:00Z,2026-08-06T12:45:00+0200,216.445,MW,NL,NL,actual_solar_generation,Solar | Actual Aggregated,2026-08-26T03:46:52Z
2026-08-26T03:42:24Z,2026-08-26T05:42:24+0200,e96b9d4a-1054-48fe-90c7-5f4aaf55485c,2026-08-06T10:45:00Z,2026-08-06T12:45:00+0200,0.0,MW,NL,NL,actual_solar_generation,Solar | Actual Consumption,2026-08-26T03:46:52Z
2026-08-26T03:42:24Z,2026-08-26T05:42:24+0200,e96b9d4a-1054-48fe-90c7-5f4aaf55485c,2026-08-06T11:00:00Z,2026-08-06T13:00:00+0200,177.74,MW,NL,NL,actual_solar_generation,Solar | Actual Aggregated,2026-08-26T03:46:52Z
2026-08-26T03:42:24Z,2026-08-26T05:42:24+0200,e96b9d4a-1054-48fe-90c7-5f4aaf55485c,2026-08-06T11:00:00Z,2026-08-06T13:00:00+0200,0.0,MW,NL,NL,actual_solar_generation,Solar | Actual Consumption,2026-08-26T03:46:52Z
2026-08-26T03:42:24Z,2026-08-26T05:42:24+0200,e96b9d4a-1054-48fe-90c7-5f4aaf55485c,2026-08-06T11:15:00Z,2026-08-06T13:15:00+0200,166.348,MW,NL,NL,actual_solar_generation,Solar | Actual Aggregated,2026-08-26T03:46:52Z
2026-08-26T03:42:24Z,2026-08-26T05:42:24+0200,e96b9d4a-1054-48fe-90c7-5f4aaf55485c,2026-08-06T11:15:00Z,2026-08-06T13:15:00+0200,0.0,MW,NL,NL,actual_solar_generation,Solar | Actual Consumption,2026-08-26T03:46:52Z
2026-08-26T03:42:24Z,2026-08-26T05:42:24+0200,e96b9d4a-1054-48fe-90c7-5f4aaf55485c,2026-08-06T11:30:00Z,2026-08-06T13:30:00+0200,181.952,MW,NL,NL,actual_solar_generation,Solar | Actual Aggregated,2026-08-26T03:46:52Z
2026-08-26T03:42:24Z,2026-08-26T05:42:24+0200,e96b9d4a-1054-48fe-90c7-5f4aaf55485c,2026-08-06T11:30:00Z,2026-08-06T13:30:00+0200,0.0,MW,NL,NL,actual_solar_generation,Solar | Actual Consumption,2026-08-26T03:46:52Z
2026-08-26T03:42:24Z,2026-08-26T05:42:24+0200,e96b9d4a-1054-48fe-90c7-5f4aaf55485c,2026-08-06T11:45:00Z,2026-08-06T13:45:00+0200,209.052,MW,NL,NL,actual_solar_generation,Solar | Actual Aggregated,2026-08-26T03:46:52Z
2026-08-26T03:42:24Z,2026-08-26T05:42:24+0200,e96b9d4a-1054-48fe-90c7-5f4aaf55485c,2026-08-06T11:45:00Z,2026-08-06T13:45:00+0200,0.0,MW,NL,NL,actual_solar_generation,Solar | Actual Consumption,2026-08-26T03:46:52Z
2026-08-26T03:42:24Z,2026-08-26T05:42:24+0200,e96b9d4a-1054-48fe-90c7-5f4aaf55485c,2026-08-06T12:00:00Z,2026-08-06T14:00:00+0200,211.302,MW,NL,NL,actual_solar_generation,Solar | Actual Aggregated,2026-08-26T03:46:52Z
2026-08-26T03:42:24Z,2026-08-26T05:42:24+0200,e96b9d4a-1054-48fe-90c7-5f4aaf55485c,2026-08-06T12:00:00Z,2026-08-06T14:00:00+0200,0.0,MW,NL,NL,actual_solar_generation,Solar | Actual Consumption,2026-08-26T03:46:52Z
2026-08-26T03:42:24Z,2026-08-26T05:42:24+0200,e96b9d4a-1054-48fe-90c7-5f4aaf55485c,2026-08-06T12:15:00Z,2026-08-06T14:15:00+0200,168.998,MW,NL,NL,actual_solar_generation,Solar | Actual Aggregated,2026-08-26T03:46:52Z
2026-08-26T03:42:24Z,2026-08-26T05:42:24+0200,e96b9d4a-1054-48fe-90c7-5f4aaf55485c,2026-08-06T12:15:00Z,2026-08-06T14:15:00+0200,0.0,MW,NL,NL,actual_solar_generation,Solar | Actual Consumption,2026-08-26T03:46:52Z
2026-08-26T03:42:24Z,2026-08-26T05:42:24+0200,e96b9d4a-1054-48fe-90c7-5f4aaf55485c,2026-08-06T12:30:00Z,2026-08-06T14:30:00+0200,205.497,MW,NL,NL,actual_solar_generation,Solar | Actual Aggregated,2026-08-26T03:46:52Z
2026-08-26T03:42:24Z,2026-08-26T05:42:24+0200,e96b9d4a-1054-48fe-90c7-5f4aaf55485c,2026-08-06T12:30:00Z,2026-08-06T14:30:00+0200,0.0,MW,NL,NL,actual_solar_generation,Solar | Actual Consumption,2026-08-26T03:46:52Z
2026-08-26T03:42:24Z,2026-08-26T05:42:24+0200,e96b9d4a-1054-48fe-90c7-5f4aaf55485c,2026-08-06T12:45:00Z,2026-08-06T14:45:00+0200,175.697,MW,NL,NL,actual_solar_generation,Solar | Actual Aggregated,2026-08-26T03:46:52Z
2026-08-26T03:42:24Z,2026-08-26T05:42:24+0200,e96b9d4a-1054-48fe-90c7-5f4aaf55485c,2026-08-06T12:45:00Z,2026-08-06T14:45:00+0200,0.0,MW,NL,NL,actual_solar_generation,Solar | Actual Consumption,2026-08-26T03:46:52Z
2026-08-26T03:42:24Z,2026-08-26T05:42:24+0200,e96b9d4a-1054-48fe-90c7-5f4aaf55485c,2026-08-06T13:00:00Z,2026-08-06T15:00:00+0200,195.744,MW,NL,NL,actual_solar_generation,Solar | Actual Aggregated,2026-08-26T03:46:52Z
2026-08-26T03:42:24Z,2026-08-26T05:42:24+0200,e96b9d4a-1054-48fe-90c7-5f4aaf55485c,2026-08-06T13:00:00Z,2026-08-06T15:00:00+0200,0.0,MW,NL,NL,actual_solar_generation,Solar | Actual Consumption,2026-08-26T03:46:52Z
2026-08-26T03:42:24Z,2026-08-26T05:42:24+0200,e96b9d4a-1054-48fe-90c7-5f4aaf55485c,2026-08-06T13:15:00Z,2026-08-06T15:15:00+0200,211.292,MW,NL,NL,actual_solar_generation,Solar | Actual Aggregated,2026-08-26T03:46:52Z
2026-08-26T03:42:24Z,2026-08-26T05:42:24+0200,e96b9d4a-1054-48fe-90c7-5f4aaf55485c,2026-08-06T13:15:00Z,2026-08-06T15:15:00+0200,0.0,MW,NL,NL,actual_solar_generation,Solar | Actual Consumption,2026-08-26T03:46:52Z
2026-08-26T03:42:24Z,2026-08-26T05:42:24+0200,e96b9d4a-1054-48fe-90c7-5f4aaf55485c,2026-08-06T13:30:00Z,2026-08-06T15:30:00+0200,209.507,MW,NL,NL,actual_solar_generation,Solar | Actual Aggregated,2026-08-26T03:46:52Z
2026-08-26T03:42:24Z,2026-08-26T05:42:24+0200,e96b9d4a-1054-48fe-90c7-5f4aaf55485c,2026-08-06T13:30:00Z,2026-08-06T15:30:00+0200,0.0,MW,NL,NL,actual_solar_generation,Solar | Actual Consumption,2026-08-26T03:46:52Z
2026-08-26T03:42:24Z,2026-08-26T05:42:24+0200,e96b9d4a-1054-48fe-90c7-5f4aaf55485c,2026-08-06T13:45:00Z,2026-08-06T15:45:00+0200,182.977,MW,NL,NL,actual_solar_generation,Solar | Actual Aggregated,2026-08-26T03:46:52Z
2026-08-26T03:42:24Z,2026-08-26T05:42:24+0200,e96b9d4a-1054-48fe-90c7-5f4aaf55485c,2026-08-06T13:45:00Z,2026-08-06T15:45:00+0200,0.0,MW,NL,NL,actual_solar_generation,Solar | Actual Consumption,2026-08-26T03:46:52Z
2026-08-26T03:42:24Z,2026-08-26T05:42:24+0200,e96b9d4a-1054-48fe-90c7-5f4aaf55485c,2026-08-06T14:00:00Z,2026-08-06T16:00:00+0200,188.873,MW,NL,NL,actual_solar_generation,Solar | Actual Aggregated,2026-08-26T03:46:52Z
2026-08-26T03:42:24Z,2026-08-26T05:42:24+0200,e96b9d4a-1054-48fe-90c7-5f4aaf55485c,2026-08-06T14:00:00Z,2026-08-06T16:00:00+0200,0.0,MW,NL,NL,actual_solar_generation,Solar | Actual Consumption,2026-08-26T03:46:52Z
2026-08-26T03:42:24Z,2026-08-26T05:42:24+0200,e96b9d4a-1054-48fe-90c7-5f4aaf55485c,2026-08-06T14:15:00Z,2026-08-06T16:15:00+0200,142.467,MW,NL,NL,actual_solar_generation,Solar | Actual Aggregated,2026-08-26T03:46:52Z
2026-08-26T03:42:24Z,2026-08-26T05:42:24+0200,e96b9d4a-1054-48fe-90c7-5f4aaf55485c,2026-08-06T14:15:00Z,2026-08-06T16:15:00+0200,0.0,MW,NL,NL,actual_solar_generation,Solar | Actual Consumption,2026-08-26T03:46:52Z
2026-08-26T03:42:24Z,2026-08-26T05:42:24+0200,e96b9d4a-1054-48fe-90c7-5f4aaf55485c,2026-08-06T14:30:00Z,2026-08-06T16:30:00+0200,131.361,MW,NL,NL,actual_solar_generation,Solar | Actual Aggregated,2026-08-26T03:46:52Z
2026-08-26T03:42:24Z,2026-08-26T05:42:24+0200,e96b9d4a-1054-48fe-90c7-5f4aaf55485c,2026-08-06T14:30:00Z,2026-08-06T16:30:00+0200,0.0,MW,NL,NL,actual_solar_generation,Solar | Actual Consumption,2026-08-26T03:46:52Z
2026-08-26T03:42:24Z,2026-08-26T05:42:24+0200,e96b9d4a-1054-48fe-90c7-5f4aaf55485c,2026-08-06T14:45:00Z,2026-08-06T16:45:00+0200,164.081,MW,NL,NL,actual_solar_generation,Solar | Actual Aggregated,2026-08-26T03:46:52Z
2026-08-26T03:42:24Z,2026-08-26T05:42:24+0200,e96b9d4a-1054-48fe-90c7-5f4aaf55485c,2026-08-06T14:45:00Z,2026-08-06T16:45:00+0200,0.0,MW,NL,NL,actual_solar_generation,Solar | Actual Consumption,2026-08-26T03:46:52Z
2026-08-26T03:42:24Z,2026-08-26T05:42:24+0200,e96b9d4a-1054-48fe-90c7-5f4aaf55485c,2026-08-06T15:00:00Z,2026-08-06T17:00:00+0200,149.454,MW,NL,NL,actual_solar_generation,Solar | Actual Aggregated,2026-08-26T03:46:52Z
2026-08-26T03:42:24Z,2026-08-26T05:42:24+0200,e96b9d4a-1054-48fe-90c7-5f4aaf55485c,2026-08-06T15:00:00Z,2026-08-06T17:00:00+0200,0.0,MW,NL,NL,actual_solar_generation,Solar | Actual Consumption,2026-08-26T03:46:52Z
2026-08-26T03:42:24Z,2026-08-26T05:42:24+0200,e96b9d4a-1054-48fe-90c7-5f4aaf55485c,2026-08-06T15:15:00Z,2026-08-06T17:15:00+0200,129.832,MW,NL,NL,actual_solar_generation,Solar | Actual Aggregated,2026-08-26T03:46:52Z
2026-08-26T03:42:24Z,2026-08-26T05:42:24+0200,e96b9d4a-1054-48fe-90c7-5f4aaf55485c,2026-08-06T15:15:00Z,2026-08-06T17:15:00+0200,0.0,MW,NL,NL,actual_solar_generation,Solar | Actual Consumption,2026-08-26T03:46:52Z
2026-08-26T03:42:24Z,2026-08-26T05:42:24+0200,e96b9d4a-1054-48fe-90c7-5f4aaf55485c,2026-08-06T15:30:00Z,2026-08-06T17:30:00+0200,107.461,MW,NL,NL,actual_solar_generation,Solar | Actual Aggregated,2026-08-26T03:46:52Z
2026-08-26T03:42:24Z,2026-08-26T05:42:24+0200,e96b9d4a-1054-48fe-90c7-5f4aaf55485c,2026-08-06T15:30:00Z,2026-08-06T17:30:00+0200,0.0,MW,NL,NL,actual_solar_generation,Solar | Actual Consumption,2026-08-26T03:46:52Z
2026-08-26T03:42:24Z,2026-08-26T05:42:24+0200,e96b9d4a-1054-48fe-90c7-5f4aaf55485c,2026-08-06T15:45:00Z,2026-08-06T17:45:00+0200,90.301,MW,NL,NL,actual_solar_generation,Solar | Actual Aggregated,2026-08-26T03:46:52Z
2026-08-26T03:42:24Z,2026-08-26T05:42:24+0200,e96b9d4a-1054-48fe-90c7-5f4aaf55485c,2026-08-06T15:45:00Z,2026-08-06T17:45:00+0200,0.0,MW,NL,NL,actual_solar_generation,Solar | Actual Consumption,2026-08-26T03:46:52Z
2026-08-26T03:42:24Z,2026-08-26T05:42:24+0200,e96b9d4a-1054-48fe-90c7-5f4aaf55485c,2026-08-06T16:00:00Z,2026-08-06T18:00:00+0200,112.999,MW,NL,NL,actual_solar_generation,Solar | Actual Aggregated,2026-08-26T03:46:52Z
2026-08-26T03:42:24Z,2026-08-26T05:42:24+0200,e96b9d4a-1054-48fe-90c7-5f4aaf55485c,2026-08-06T16:00:00Z,2026-08-06T18:00:00+0200,0.0,MW,NL,NL,actual_solar_generation,Solar | Actual Consumption,2026-08-26T03:46:52Z
2026-08-26T03:42:24Z,2026-08-26T05:42:24+0200,e96b9d4a-1054-48fe-90c7-5f4aaf55485c,2026-08-06T16:15:00Z,2026-08-06T18:15:00+0200,79.296,MW,NL,NL,actual_solar_generation,Solar | Actual Aggregated,2026-08-26T03:46:52Z
2026-08-26T03:42:24Z,2026-08-26T05:42:24+0200,e96b9d4a-1054-48fe-90c7-5f4aaf55485c,2026-08-06T16:15:00Z,2026-08-06T18:15:00+0200,0.0,MW,NL,NL,actual_solar_generation,Solar | Actual Consumption,2026-08-26T03:46:52Z
2026-08-26T03:42:24Z,2026-08-26T05:42:24+0200,e96b9d4a-1054-48fe-90c7-5f4aaf55485c,2026-08-06T16:30:00Z,2026-08-06T18:30:00+0200,79.816,MW,NL,NL,actual_solar_generation,Solar | Actual Aggregated,2026-08-26T03:46:52Z
2026-08-26T03:42:24Z,2026-08-26T05:42:24+0200,e96b9d4a-1054-48fe-90c7-5f4aaf55485c,2026-08-06T16:30:00Z,2026-08-06T18:30:00+0200,0.0,MW,NL,NL,actual_solar_generation,Solar | Actual Consumption,2026-08-26T03:46:52Z
2026-08-26T03:42:24Z,2026-08-26T05:42:24+0200,e96b9d4a-1054-48fe-90c7-5f4aaf55485c,2026-08-06T16:45:00Z,2026-08-06T18:45:00+0200,49.274,MW,NL,NL,actual_solar_generation,Solar | Actual Aggregated,2026-08-26T03:46:52Z
2026-08-26T03:42:24Z,2026-08-26T05:42:24+0200,e96b9d4a-1054-48fe-90c7-5f4aaf55485c,2026-08-06T16:45:00Z,2026-08-06T18:45:00+0200,0.0,MW,NL,NL,actual_solar_generation,Solar | Actual Consumption,2026-08-26T03:46:52Z
2026-08-26T03:42:24Z,2026-08-26T05:42:24+0200,e96b9d4a-1054-48fe-90c7-5f4aaf55485c,2026-08-06T17:00:00Z,2026-08-06T19:00:00+0200,58.554,MW,NL,NL,actual_solar_generation,Solar | Actual Aggregated,2026-08-26T03:46:52Z
2026-08-26T03:42:24Z,2026-08-26T05:42:24+0200,e96b9d4a-1054-48fe-90c7-5f4aaf55485c,2026-08-06T17:00:00Z,2026-08-06T19:00:00+0200,0.0,MW,NL,NL,actual_solar_generation,Solar | Actual Consumption,2026-08-26T03:46:52Z
2026-08-26T03:42:24Z,2026-08-26T05:42:24+0200,e96b9d4a-1054-48fe-90c7-5f4aaf55485c,2026-08-06T17:15:00Z,2026-08-06T19:15:00+0200,53.056,MW,NL,NL,actual_solar_generation,Solar | Actual Aggregated,2026-08-26T03:46:52Z
2026-08-26T03:42:24Z,2026-08-26T05:42:24+0200,e96b9d4a-1054-48fe-90c7-5f4aaf55485c,2026-08-06T17:15:00Z,2026-08-06T19:15:00+0200,0.0,MW,NL,NL,actual_solar_generation,Solar | Actual Consumption,2026-08-26T03:46:52Z
2026-08-26T03:42:24Z,2026-08-26T05:42:24+0200,e96b9d4a-1054-48fe-90c7-5f4aaf55485c,2026-08-06T17:30:00Z,2026-08-06T19:30:00+0200,34.577,MW,NL,NL,actual_solar_generation,Solar | Actual Aggregated,2026-08-26T03:46:52Z
2026-08-26T03:42:24Z,2026-08-26T05:42:24+0200,e96b9d4a-1054-48fe-90c7-5f4aaf55485c,2026-08-06T17:30:00Z,2026-08-06T19:30:00+0200,0.0,MW,NL,NL,actual_solar_generation,Solar | Actual Consumption,2026-08-26T03:46:52Z
2026-08-26T03:42:24Z,2026-08-26T05:42:24+0200,e96b9d4a-1054-48fe-90c7-5f4aaf55485c,2026-08-06T17:45:00Z,2026-08-06T19:45:00+0200,26.21,MW,NL,NL,actual_solar_generation,Solar | Actual Aggregated,2026-08-26T03:46:52Z
2026-08-26T03:42:24Z,2026-08-26T05:42:24+0200,e96b9d4a-1054-48fe-90c7-5f4aaf55485c,2026-08-06T17:45:00Z,2026-08-06T19:45:00+0200,0.0,MW,NL,NL,actual_solar_generation,Solar | Actual Consumption,2026-08-26T03:46:52Z
2026-08-26T03:42:24Z,2026-08-26T05:42:24+0200,e96b9d4a-1054-48fe-90c7-5f4aaf55485c,2026-08-06T18:00:00Z,2026-08-06T20:00:00+0200,16.242,MW,NL,NL,actual_solar_generation,Solar | Actual Aggregated,2026-08-26T03:46:52Z
2026-08-26T03:42:24Z,2026-08-26T05:42:24+0200,e96b9d4a-1054-48fe-90c7-5f4aaf55485c,2026-08-06T18:00:00Z,2026-08-06T20:00:00+0200,0.0,MW,NL,NL,actual_solar_generation,Solar | Actual Consumption,2026-08-26T03:46:52Z
2026-08-26T03:42:24Z,2026-08-26T05:42:24+0200,e96b9d4a-1054-48fe-90c7-5f4aaf55485c,2026-08-06T18:15:00Z,2026-08-06T20:15:00+0200,11.407,MW,NL,NL,actual_solar_generation,Solar | Actual Aggregated,2026-08-26T03:46:52Z
2026-08-26T03:42:24Z,2026-08-26T05:42:24+0200,e96b9d4a-1054-48fe-90c7-5f4aaf55485c,2026-08-06T18:15:00Z,2026-08-06T20:15:00+0200,0.0,MW,NL,NL,actual_solar_generation,Solar | Actual Consumption,2026-08-26T03:46:52Z
2026-08-26T03:42:24Z,2026-08-26T05:42:24+0200,e96b9d4a-1054-48fe-90c7-5f4aaf55485c,2026-08-06T18:30:00Z,2026-08-06T20:30:00+0200,7.079,MW,NL,NL,actual_solar_generation,Solar | Actual Aggregated,2026-08-26T03:46:52Z
2026-08-26T03:42:24Z,2026-08-26T05:42:24+0200,e96b9d4a-1054-48fe-90c7-5f4aaf55485c,2026-08-06T18:30:00Z,2026-08-06T20:30:00+0200,0.0,MW,NL,NL,actual_solar_generation,Solar | Actual Consumption,2026-08-26T03:46:52Z
2026-08-26T03:42:24Z,2026-08-26T05:42:24+0200,e96b9d4a-1054-48fe-90c7-5f4aaf55485c,2026-08-06T18:45:00Z,2026-08-06T20:45:00+0200,2.327,MW,NL,NL,actual_solar_generation,Solar | Actual Aggregated,2026-08-26T03:46:52Z
2026-08-26T03:42:24Z,2026-08-26T05:42:24+0200,e96b9d4a-1054-48fe-90c7-5f4aaf55485c,2026-08-06T18:45:00Z,2026-08-06T20:45:00+0200,0.0,MW,NL,NL,actual_solar_generation,Solar | Actual Consumption,2026-08-26T03:46:52Z
2026-08-26T03:42:24Z,2026-08-26T05:42:24+0200,e96b9d4a-1054-48fe-90c7-5f4aaf55485c,2026-08-06T19:00:00Z,2026-08-06T21:00:00+0200,0.226,MW,NL,NL,actual_solar_generation,Solar | Actual Aggregated,2026-08-26T03:46:52Z
2026-08-26T03:42:24Z,2026-08-26T05:42:24+0200,e96b9d4a-1054-48fe-90c7-5f4aaf55485c,2026-08-06T19:00:00Z,2026-08-06T21:00:00+0200,0.558,MW,NL,NL,actual_solar_generation,Solar | Actual Consumption,2026-08-26T03:46:52Z
2026-08-26T03:42:24Z,2026-08-26T05:42:24+0200,e96b9d4a-1054-48fe-90c7-5f4aaf55485c,2026-08-06T19:15:00Z,2026-08-06T21:15:00+0200,0.0,MW,NL,NL,actual_solar_generation,Solar | Actual Aggregated,2026-08-26T03:46:52Z
2026-08-26T03:42:24Z,2026-08-26T05:42:24+0200,e96b9d4a-1054-48fe-90c7-5f4aaf55485c,2026-08-06T19:15:00Z,2026-08-06T21:15:00+0200,0.124,MW,NL,NL,actual_solar_generation,Solar | Actual Consumption,2026-08-26T03:46:52Z
2026-08-26T03:42:24Z,2026-08-26T05:42:24+0200,e96b9d4a-1054-48fe-90c7-5f4aaf55485c,2026-08-06T19:30:00Z,2026-08-06T21:30:00+0200,0.0,MW,NL,NL,actual_solar_generation,Solar | Actual Aggregated,2026-08-26T03:46:52Z
2026-08-26T03:42:24Z,2026-08-26T05:42:24+0200,e96b9d4a-1054-48fe-90c7-5f4aaf55485c,2026-08-06T19:30:00Z,2026-08-06T21:30:00+0200,0.124,MW,NL,NL,actual_solar_generation,Solar | Actual Consumption,2026-08-26T03:46:52Z
2026-08-26T03:42:24Z,2026-08-26T05:42:24+0200,e96b9d4a-1054-48fe-90c7-5f4aaf55485c,2026-08-06T19:45:00Z,2026-08-06T21:45:00+0200,0.0,MW,NL,NL,actual_solar_generation,Solar | Actual Aggregated,2026-08-26T03:46:52Z
2026-08-26T03:42:24Z,2026-08-26T05:42:24+0200,e96b9d4a-1054-48fe-90c7-5f4aaf55485c,2026-08-06T19:45:00Z,2026-08-06T21:45:00+0200,0.129,MW,NL,NL,actual_solar_generation,Solar | Actual Consumption,2026-08-26T03:46:52Z
2026-08-26T03:42:24Z,2026-08-26T05:42:24+0200,e96b9d4a-1054-48fe-90c7-5f4aaf55485c,2026-08-06T20:00:00Z,2026-08-06T22:00:00+0200,0.0,MW,NL,NL,actual_solar_generation,Solar | Actual Aggregated,2026-08-26T03:46:52Z
2026-08-26T03:42:24Z,2026-08-26T05:42:24+0200,e96b9d4a-1054-48fe-90c7-5f4aaf55485c,2026-08-06T20:00:00Z,2026-08-06T22:00:00+0200,0.139,MW,NL,NL,actual_solar_generation,Solar | Actual Consumption,2026-08-26T03:46:52Z
2026-08-26T03:42:24Z,2026-08-26T05:42:24+0200,e96b9d4a-1054-48fe-90c7-5f4aaf55485c,2026-08-06T20:15:00Z,2026-08-06T22:15:00+0200,0.0,MW,NL,NL,actual_solar_generation,Solar | Actual Aggregated,2026-08-26T03:46:52Z
2026-08-26T03:42:24Z,2026-08-26T05:42:24+0200,e96b9d4a-1054-48fe-90c7-5f4aaf55485c,2026-08-06T20:15:00Z,2026-08-06T22:15:00+0200,0.119,MW,NL,NL,actual_solar_generation,Solar | Actual Consumption,2026-08-26T03:46:52Z
2026-08-26T03:42:24Z,2026-08-26T05:42:24+0200,e96b9d4a-1054-48fe-90c7-5f4aaf55485c,2026-08-06T20:30:00Z,2026-08-06T22:30:00+0200,0.0,MW,NL,NL,actual_solar_generation,Solar | Actual Aggregated,2026-08-26T03:46:52Z
2026-08-26T03:42:24Z,2026-08-26T05:42:24+0200,e96b9d4a-1054-48fe-90c7-5f4aaf55485c,2026-08-06T20:30:00Z,2026-08-06T22:30:00+0200,0.134,MW,NL,NL,actual_solar_generation,Solar | Actual Consumption,2026-08-26T03:46:52Z
2026-08-26T03:42:24Z,2026-08-26T05:42:24+0200,e96b9d4a-1054-48fe-90c7-5f4aaf55485c,2026-08-06T20:45:00Z,2026-08-06T22:45:00+0200,0.0,MW,NL,NL,actual_solar_generation,Solar | Actual Aggregated,2026-08-26T03:46:52Z
2026-08-26T03:42:24Z,2026-08-26T05:42:24+0200,e96b9d4a-1054-48fe-90c7-5f4aaf55485c,2026-08-06T20:45:00Z,2026-08-06T22:45:00+0200,0.131,MW,NL,NL,actual_solar_generation,Solar | Actual Consumption,2026-08-26T03:46:52Z
2026-08-26T03:42:24Z,2026-08-26T05:42:24+0200,e96b9d4a-1054-48fe-90c7-5f4aaf55485c,2026-08-06T21:00:00Z,2026-08-06T23:00:00+0200,0.0,MW,NL,NL,actual_solar_generation,Solar | Actual Aggregated,2026-08-26T03:46:52Z
2026-08-26T03:42:24Z,2026-08-26T05:42:24+0200,e96b9d4a-1054-48fe-90c7-5f4aaf55485c,2026-08-06T21:00:00Z,2026-08-06T23:00:00+0200,0.125,MW,NL,NL,actual_solar_generation,Solar | Actual Consumption,2026-08-26T03:46:52Z
2026-08-26T03:42:24Z,2026-08-26T05:42:24+0200,e96b9d4a-1054-48fe-90c7-5f4aaf55485c,2026-08-06T21:15:00Z,2026-08-06T23:15:00+0200,0.0,MW,NL,NL,actual_solar_generation,Solar | Actual Aggregated,2026-08-26T03:46:52Z
2026-08-26T03:42:24Z,2026-08-26T05:42:24+0200,e96b9d4a-1054-48fe-90c7-5f4aaf55485c,2026-08-06T21:15:00Z,2026-08-06T23:15:00+0200,0.125,MW,NL,NL,actual_solar_generation,Solar | Actual Consumption,2026-08-26T03:46:52Z
2026-08-26T03:42:24Z,2026-08-26T05:42:24+0200,e96b9d4a-1054-48fe-90c7-5f4aaf55485c,2026-08-06T21:30:00Z,2026-08-06T23:30:00+0200,0.0,MW,NL,NL,actual_solar_generation,Solar | Actual Aggregated,2026-08-26T03:46:52Z
2026-08-26T03:42:24Z,2026-08-26T05:42:24+0200,e96b9d4a-1054-48fe-90c7-5f4aaf55485c,2026-08-06T21:30:00Z,2026-08-06T23:30:00+0200,0.125,MW,NL,NL,actual_solar_generation,Solar | Actual Consumption,2026-08-26T03:46:52Z
2026-08-26T03:42:24Z,2026-08-26T05:42:24+0200,e96b9d4a-1054-48fe-90c7-5f4aaf55485c,2026-08-06T21:45:00Z,2026-08-06T23:45:00+0200,0.0,MW,NL,NL,actual_solar_generation,Solar | Actual Aggregated,2026-08-26T03:46:52Z
2026-08-26T03:42:24Z,2026-08-26T05:42:24+0200,e96b9d4a-1054-48fe-90c7-5f4aaf55485c,2026-08-06T21:45:00Z,2026-08-06T23:45:00+0200,0.125,MW,NL,NL,actual_solar_generation,Solar | Actual Consumption,2026-08-26T03:46:52Z
2026-08-26T03:42:24Z,2026-08-26T05:42:24+0200,e96b9d4a-1054-48fe-90c7-5f4aaf55485c,2026-08-06T22:00:00Z,2026-08-07T00:00:00+0200,0.0,MW,NL,NL,actual_solar_generation,Solar | Actual Aggregated,2026-08-26T03:46:52Z
2026-08-26T03:42:24Z,2026-08-26T05:42:24+0200,e96b9d4a-1054-48fe-90c7-5f4aaf55485c,2026-08-06T22:00:00Z,2026-08-07T00:00:00+0200,0.125,MW,NL,NL,actual_solar_generation,Solar | Actual Consumption,2026-08-26T03:46:52Z
2026-08-26T03:42:24Z,2026-08-26T05:42:24+0200,e96b9d4a-1054-48fe-90c7-5f4aaf55485c,2026-08-06T22:15:00Z,2026-08-07T00:15:00+0200,0.0,MW,NL,NL,actual_solar_generation,Solar | Actual Aggregated,2026-08-26T03:46:52Z
2026-08-26T03:42:24Z,2026-08-26T05:42:24+0200,e96b9d4a-1054-48fe-90c7-5f4aaf55485c,2026-08-06T22:15:00Z,2026-08-07T00:15:00+0200,0.125,MW,NL,NL,actual_solar_generation,Solar | Actual Consumption,2026-08-26T03:46:52Z
2026-08-26T03:42:24Z,2026-08-26T05:42:24+0200,e96b9d4a-1054-48fe-90c7-5f4aaf55485c,2026-08-06T22:30:00Z,2026-08-07T00:30:00+0200,0.0,MW,NL,NL,actual_solar_generation,Solar | Actual Aggregated,2026-08-26T03:46:52Z
2026-08-26T03:42:24Z,2026-08-26T05:42:24+0200,e96b9d4a-1054-48fe-90c7-5f4aaf55485c,2026-08-06T22:30:00Z,2026-08-07T00:30:00+0200,0.113,MW,NL,NL,actual_solar_generation,Solar | Actual Consumption,2026-08-26T03:46:52Z
2026-08-26T03:42:24Z,2026-08-26T05:42:24+0200,e96b9d4a-1054-48fe-90c7-5f4aaf55485c,2026-08-06T22:45:00Z,2026-08-07T00:45:00+0200,0.0,MW,NL,NL,actual_solar_generation,Solar | Actual Aggregated,2026-08-26T03:46:52Z
2026-08-26T03:42:24Z,2026-08-26T05:42:24+0200,e96b9d4a-1054-48fe-90c7-5f4aaf55485c,2026-08-06T22:45:00Z,2026-08-07T00:45:00+0200,0.124,MW,NL,NL,actual_solar_generation,Solar | Actual Consumption,2026-08-26T03:46:52Z
2026-08-26T03:42:24Z,2026-08-26T05:42:24+0200,e96b9d4a-1054-48fe-90c7-5f4aaf55485c,2026-08-06T23:00:00Z,2026-08-07T01:00:00+0200,0.0,MW,NL,NL,actual_solar_generation,Solar | Actual Aggregated,2026-08-26T03:46:52Z
2026-08-26T03:42:24Z,2026-08-26T05:42:24+0200,e96b9d4a-1054-48fe-90c7-5f4aaf55485c,2026-08-06T23:00:00Z,2026-08-07T01:00:00+0200,0.124,MW,NL,NL,actual_solar_generation,Solar | Actual Consumption,2026-08-26T03:46:52Z
2026-08-26T03:42:24Z,2026-08-26T05:42:24+0200,e96b9d4a-1054-48fe-90c7-5f4aaf55485c,2026-08-06T23:15:00Z,2026-08-07T01:15:00+0200,0.0,MW,NL,NL,actual_solar_generation,Solar | Actual Aggregated,2026-08-26T03:46:52Z
2026-08-26T03:42:24Z,2026-08-26T05:42:24+0200,e96b9d4a-1054-48fe-90c7-5f4aaf55485c,2026-08-06T23:15:00Z,2026-08-07T01:15:00+0200,0.113,MW,NL,NL,actual_solar_generation,Solar | Actual Consumption,2026-08-26T03:46:52Z
2026-08-26T03:42:24Z,2026-08-26T05:42:24+0200,e96b9d4a-1054-48fe-90c7-5f4aaf55485c,2026-08-06T23:30:00Z,2026-08-07T01:30:00+0200,0.0,MW,NL,NL,actual_solar_generation,Solar | Actual Aggregated,2026-08-26T03:46:52Z
2026-08-26T03:42:24Z,2026-08-26T05:42:24+0200,e96b9d4a-1054-48fe-90c7-5f4aaf55485c,2026-08-06T23:30:00Z,2026-08-07T01:30:00+0200,0.121,MW,NL,NL,actual_solar_generation,Solar | Actual Consumption,2026-08-26T03:46:52Z
2026-08-26T03:42:24Z,2026-08-26T05:42:24+0200,e96b9d4a-1054-48fe-90c7-5f4aaf55485c,2026-08-06T23:45:00Z,2026-08-07T01:45:00+0200,0.0,MW,NL,NL,actual_solar_generation,Solar | Actual Aggregated,2026-08-26T03:46:52Z
2026-08-26T03:42:24Z,2026-08-26T05:42:24+0200,e96b9d4a-1054-48fe-90c7-5f4aaf55485c,2026-08-06T23:45:00Z,2026-08-07T01:45:00+0200,0.121,MW,NL,NL,actual_solar_generation,Solar | Actual Consumption,2026-08-26T03:46:52Z
2026-08-26T03:42:24Z,2026-08-26T05:42:24+0200,e96b9d4a-1054-48fe-90c7-5f4aaf55485c,2026-08-07T00:00:00Z,2026-08-07T02:00:00+0200,0.0,MW,NL,NL,actual_solar_generation,Solar | Actual Aggregated,2026-08-26T03:46:52Z
2026-08-26T03:42:24Z,2026-08-26T05:42:24+0200,e96b9d4a-1054-48fe-90c7-5f4aaf55485c,2026-08-07T00:00:00Z,2026-08-07T02:00:00+0200,0.121,MW,NL,NL,actual_solar_generation,Solar | Actual Consumption,2026-08-26T03:46:52Z
2026-08-26T03:42:24Z,2026-08-26T05:42:24+0200,e96b9d4a-1054-48fe-90c7-5f4aaf55485c,2026-08-07T00:15:00Z,2026-08-07T02:15:00+0200,0.0,MW,NL,NL,actual_solar_generation,Solar | Actual Aggregated,2026-08-26T03:46:52Z
2026-08-26T03:42:24Z,2026-08-26T05:42:24+0200,e96b9d4a-1054-48fe-90c7-5f4aaf55485c,2026-08-07T00:15:00Z,2026-08-07T02:15:00+0200,0.121,MW,NL,NL,actual_solar_generation,Solar | Actual Consumption,2026-08-26T03:46:52Z
2026-08-26T03:42:24Z,2026-08-26T05:42:24+0200,e96b9d4a-1054-48fe-90c7-5f4aaf55485c,2026-08-07T00:30:00Z,2026-08-07T02:30:00+0200,0.0,MW,NL,NL,actual_solar_generation,Solar | Actual Aggregated,2026-08-26T03:46:52Z
2026-08-26T03:42:24Z,2026-08-26T05:42:24+0200,e96b9d4a-1054-48fe-90c7-5f4aaf55485c,2026-08-07T00:30:00Z,2026-08-07T02:30:00+0200,0.121,MW,NL,NL,actual_solar_generation,Solar | Actual Consumption,2026-08-26T03:46:52Z
2026-08-26T03:42:24Z,2026-08-26T05:42:24+0200,e96b9d4a-1054-48fe-90c7-5f4aaf55485c,2026-08-07T00:45:00Z,2026-08-07T02:45:00+0200,0.0,MW,NL,NL,actual_solar_generation,Solar | Actual Aggregated,2026-08-26T03:46:52Z
2026-08-26T03:42:24Z,2026-08-26T05:42:24+0200,e96b9d4a-1054-48fe-90c7-5f4aaf55485c,2026-08-07T00:45:00Z,2026-08-07T02:45:00+0200,0.121,MW,NL,NL,actual_solar_generation,Solar | Actual Consumption,2026-08-26T03:46:52Z
2026-08-26T03:42:24Z,2026-08-26T05:42:24+0200,e96b9d4a-1054-48fe-90c7-5f4aaf55485c,2026-08-07T01:00:00Z,2026-08-07T03:00:00+0200,0.0,MW,NL,NL,actual_solar_generation,Solar | Actual Aggregated,2026-08-26T03:46:52Z
2026-08-26T03:42:24Z,2026-08-26T05:42:24+0200,e96b9d4a-1054-48fe-90c7-5f4aaf55485c,2026-08-07T01:00:00Z,2026-08-07T03:00:00+0200,0.121,MW,NL,NL,actual_solar_generation,Solar | Actual Consumption,2026-08-26T03:46:52Z
2026-08-26T03:42:24Z,2026-08-26T05:42:24+0200,e96b9d4a-1054-48fe-90c7-5f4aaf55485c,2026-08-07T01:15:00Z,2026-08-07T03:15:00+0200,0.0,MW,NL,NL,actual_solar_generation,Solar | Actual Aggregated,2026-08-26T03:46:52Z
2026-08-26T03:42:24Z,2026-08-26T05:42:24+0200,e96b9d4a-1054-48fe-90c7-5f4aaf55485c,2026-08-07T01:15:00Z,2026-08-07T03:15:00+0200,0.121,MW,NL,NL,actual_solar_generation,Solar | Actual Consumption,2026-08-26T03:46:52Z
2026-08-26T03:42:24Z,2026-08-26T05:42:24+0200,e96b9d4a-1054-48fe-90c7-5f4aaf55485c,2026-08-07T01:30:00Z,2026-08-07T03:30:00+0200,0.0,MW,NL,NL,actual_solar_generation,Solar | Actual Aggregated,2026-08-26T03:46:52Z
2026-08-26T03:42:24Z,2026-08-26T05:42:24+0200,e96b9d4a-1054-48fe-90c7-5f4aaf55485c,2026-08-07T01:30:00Z,2026-08-07T03:30:00+0200,0.121,MW,NL,NL,actual_solar_generation,Solar | Actual Consumption,2026-08-26T03:46:52Z
2026-08-26T03:42:24Z,2026-08-26T05:42:24+0200,e96b9d4a-1054-48fe-90c7-5f4aaf55485c,2026-08-07T01:45:00Z,2026-08-07T03:45:00+0200,0.0,MW,NL,NL,actual_solar_generation,Solar | Actual Aggregated,2026-08-26T03:46:52Z
2026-08-26T03:42:24Z,2026-08-26T05:42:24+0200,e96b9d4a-1054-48fe-90c7-5f4aaf55485c,2026-08-07T01:45:00Z,2026-08-07T03:45:00+0200,0.121,MW,NL,NL,actual_solar_generation,Solar | Actual Consumption,2026-08-26T03:46:52Z
2026-08-26T03:42:24Z,2026-08-26T05:42:24+0200,e96b9d4a-1054-48fe-90c7-5f4aaf55485c,2026-08-07T02:00:00Z,2026-08-07T04:00:00+0200,0.0,MW,NL,NL,actual_solar_generation,Solar | Actual Aggregated,2026-08-26T03:46:52Z
2026-08-26T03:42:24Z,2026-08-26T05:42:24+0200,e96b9d4a-1054-48fe-90c7-5f4aaf55485c,2026-08-07T02:00:00Z,2026-08-07T04:00:00+0200,0.121,MW,NL,NL,actual_solar_generation,Solar | Actual Consumption,2026-08-26T03:46:52Z
2026-08-26T03:42:24Z,2026-08-26T05:42:24+0200,e96b9d4a-1054-48fe-90c7-5f4aaf55485c,2026-08-07T02:15:00Z,2026-08-07T04:15:00+0200,0.0,MW,NL,NL,actual_solar_generation,Solar | Actual Aggregated,2026-08-26T03:46:52Z
2026-08-26T03:42:24Z,2026-08-26T05:42:24+0200,e96b9d4a-1054-48fe-90c7-5f4aaf55485c,2026-08-07T02:15:00Z,2026-08-07T04:15:00+0200,0.121,MW,NL,NL,actual_solar_generation,Solar | Actual Consumption,2026-08-26T03:46:52Z
2026-08-26T03:42:24Z,2026-08-26T05:42:24+0200,e96b9d4a-1054-48fe-90c7-5f4aaf55485c,2026-08-07T02:30:00Z,2026-08-07T04:30:00+0200,0.0,MW,NL,NL,actual_solar_generation,Solar | Actual Aggregated,2026-08-26T03:46:52Z
2026-08-26T03:42:24Z,2026-08-26T05:42:24+0200,e96b9d4a-1054-48fe-90c7-5f4aaf55485c,2026-08-07T02:30:00Z,2026-08-07T04:30:00+0200,0.121,MW,NL,NL,actual_solar_generation,Solar | Actual Consumption,2026-08-26T03:46:52Z
2026-08-26T03:42:24Z,2026-08-26T05:42:24+0200,e96b9d4a-1054-48fe-90c7-5f4aaf55485c,2026-08-07T02:45:00Z,2026-08-07T04:45:00+0200,0.0,MW,NL,NL,actual_solar_generation,Solar | Actual Aggregated,2026-08-26T03:46:52Z
2026-08-26T03:42:24Z,2026-08-26T05:42:24+0200,e96b9d4a-1054-48fe-90c7-5f4aaf55485c,2026-08-07T02:45:00Z,2026-08-07T04:45:00+0200,0.121,MW,NL,NL,actual_solar_generation,Solar | Actual Consumption,2026-08-26T03:46:52Z
2026-08-26T03:42:24Z,2026-08-26T05:42:24+0200,e96b9d4a-1054-48fe-90c7-5f4aaf55485c,2026-08-07T03:00:00Z,2026-08-07T05:00:00+0200,0.0,MW,NL,NL,actual_solar_generation,Solar | Actual Aggregated,2026-08-26T03:46:52Z
2026-08-26T03:42:24Z,2026-08-26T05:42:24+0200,e96b9d4a-1054-48fe-90c7-5f4aaf55485c,2026-08-07T03:00:00Z,2026-08-07T05:00:00+0200,0.121,MW,NL,NL,actual_solar_generation,Solar | Actual Consumption,2026-08-26T03:46:52Z
2026-08-26T03:42:24Z,2026-08-26T05:42:24+0200,e96b9d4a-1054-48fe-90c7-5f4aaf55485c,2026-08-07T03:15:00Z,2026-08-07T05:15:00+0200,0.0,MW,NL,NL,actual_solar_generation,Solar | Actual Aggregated,2026-08-26T03:46:52Z
2026-08-26T03:42:24Z,2026-08-26T05:42:24+0200,e96b9d4a-1054-48fe-90c7-5f4aaf55485c,2026-08-07T03:15:00Z,2026-08-07T05:15:00+0200,0.121,MW,NL,NL,actual_solar_generation,Solar | Actual Consumption,2026-08-26T03:46:52Z
2026-08-26T03:42:24Z,2026-08-26T05:42:24+0200,e96b9d4a-1054-48fe-90c7-5f4aaf55485c,2026-08-07T03:30:00Z,2026-08-07T05:30:00+0200,0.0,MW,NL,NL,actual_solar_generation,Solar | Actual Aggregated,2026-08-26T03:46:52Z
2026-08-26T03:42:24Z,2026-08-26T05:42:24+0200,e96b9d4a-1054-48fe-90c7-5f4aaf55485c,2026-08-07T03:30:00Z,2026-08-07T05:30:00+0200,0.121,MW,NL,NL,actual_solar_generation,Solar | Actual Consumption,2026-08-26T03:46:52Z
2026-08-26T03:42:24Z,2026-08-26T05:42:24+0200,e96b9d4a-1054-48fe-90c7-5f4aaf55485c,2026-08-07T03:45:00Z,2026-08-07T05:45:00+0200,0.0,MW,NL,NL,actual_solar_generation,Solar | Actual Aggregated,2026-08-26T03:46:52Z
2026-08-26T03:42:24Z,2026-08-26T05:42:24+0200,e96b9d4a-1054-48fe-90c7-5f4aaf55485c,2026-08-07T03:45:00Z,2026-08-07T05:45:00+0200,0.121,MW,NL,NL,actual_solar_generation,Solar | Actual Consumption,2026-08-26T03:46:52Z
2026-08-26T03:42:24Z,2026-08-26T05:42:24+0200,e96b9d4a-1054-48fe-90c7-5f4aaf55485c,2026-08-07T04:00:00Z,2026-08-07T06:00:00+0200,0.0,MW,NL,NL,actual_solar_generation,Solar | Actual Aggregated,2026-08-26T03:46:52Z
2026-08-26T03:42:24Z,2026-08-26T05:42:24+0200,e96b9d4a-1054-48fe-90c7-5f4aaf55485c,2026-08-07T04:00:00Z,2026-08-07T06:00:00+0200,0.121,MW,NL,NL,actual_solar_generation,Solar | Actual Consumption,2026-08-26T03:46:52Z
2026-08-26T03:42:24Z,2026-08-26T05:42:24+0200,e96b9d4a-1054-48fe-90c7-5f4aaf55485c,2026-08-07T04:15:00Z,2026-08-07T06:15:00+0200,3.315,MW,NL,NL,actual_solar_generation,Solar | Actual Aggregated,2026-08-26T03:46:52Z
2026-08-26T03:42:24Z,2026-08-26T05:42:24+0200,e96b9d4a-1054-48fe-90c7-5f4aaf55485c,2026-08-07T04:15:00Z,2026-08-07T06:15:00+0200,0.0,MW,NL,NL,actual_solar_generation,Solar | Actual Consumption,2026-08-26T03:46:52Z
2026-08-26T03:42:24Z,2026-08-26T05:42:24+0200,e96b9d4a-1054-48fe-90c7-5f4aaf55485c,2026-08-07T04:30:00Z,2026-08-07T06:30:00+0200,5.157,MW,NL,NL,actual_solar_generation,Solar | Actual Aggregated,2026-08-26T03:46:52Z
2026-08-26T03:42:24Z,2026-08-26T05:42:24+0200,e96b9d4a-1054-48fe-90c7-5f4aaf55485c,2026-08-07T04:30:00Z,2026-08-07T06:30:00+0200,0.0,MW,NL,NL,actual_solar_generation,Solar | Actual Consumption,2026-08-26T03:46:52Z
2026-08-26T03:42:24Z,2026-08-26T05:42:24+0200,e96b9d4a-1054-48fe-90c7-5f4aaf55485c,2026-08-07T04:45:00Z,2026-08-07T06:45:00+0200,8.659,MW,NL,NL,actual_solar_generation,Solar | Actual Aggregated,2026-08-26T03:46:52Z
2026-08-26T03:42:24Z,2026-08-26T05:42:24+0200,e96b9d4a-1054-48fe-90c7-5f4aaf55485c,2026-08-07T04:45:00Z,2026-08-07T06:45:00+0200,0.0,MW,NL,NL,actual_solar_generation,Solar | Actual Consumption,2026-08-26T03:46:52Z
2026-08-26T03:42:24Z,2026-08-26T05:42:24+0200,e96b9d4a-1054-48fe-90c7-5f4aaf55485c,2026-08-07T05:00:00Z,2026-08-07T07:00:00+0200,12.477,MW,NL,NL,actual_solar_generation,Solar | Actual Aggregated,2026-08-26T03:46:52Z
2026-08-26T03:42:24Z,2026-08-26T05:42:24+0200,e96b9d4a-1054-48fe-90c7-5f4aaf55485c,2026-08-07T05:00:00Z,2026-08-07T07:00:00+0200,0.0,MW,NL,NL,actual_solar_generation,Solar | Actual Consumption,2026-08-26T03:46:52Z
2026-08-26T03:42:24Z,2026-08-26T05:42:24+0200,e96b9d4a-1054-48fe-90c7-5f4aaf55485c,2026-08-07T05:15:00Z,2026-08-07T07:15:00+0200,16.497,MW,NL,NL,actual_solar_generation,Solar | Actual Aggregated,2026-08-26T03:46:52Z
2026-08-26T03:42:24Z,2026-08-26T05:42:24+0200,e96b9d4a-1054-48fe-90c7-5f4aaf55485c,2026-08-07T05:15:00Z,2026-08-07T07:15:00+0200,0.0,MW,NL,NL,actual_solar_generation,Solar | Actual Consumption,2026-08-26T03:46:52Z
2026-08-26T03:42:24Z,2026-08-26T05:42:24+0200,e96b9d4a-1054-48fe-90c7-5f4aaf55485c,2026-08-07T05:30:00Z,2026-08-07T07:30:00+0200,21.543,MW,NL,NL,actual_solar_generation,Solar | Actual Aggregated,2026-08-26T03:46:52Z
2026-08-26T03:42:24Z,2026-08-26T05:42:24+0200,e96b9d4a-1054-48fe-90c7-5f4aaf55485c,2026-08-07T05:30:00Z,2026-08-07T07:30:00+0200,0.0,MW,NL,NL,actual_solar_generation,Solar | Actual Consumption,2026-08-26T03:46:52Z
2026-08-26T03:42:24Z,2026-08-26T05:42:24+0200,e96b9d4a-1054-48fe-90c7-5f4aaf55485c,2026-08-07T05:45:00Z,2026-08-07T07:45:00+0200,25.761,MW,NL,NL,actual_solar_generation,Solar | Actual Aggregated,2026-08-26T03:46:52Z
2026-08-26T03:42:24Z,2026-08-26T05:42:24+0200,e96b9d4a-1054-48fe-90c7-5f4aaf55485c,2026-08-07T05:45:00Z,2026-08-07T07:45:00+0200,0.0,MW,NL,NL,actual_solar_generation,Solar | Actual Consumption,2026-08-26T03:46:52Z
2026-08-26T03:42:24Z,2026-08-26T05:42:24+0200,e96b9d4a-1054-48fe-90c7-5f4aaf55485c,2026-08-07T06:00:00Z,2026-08-07T08:00:00+0200,31.218,MW,NL,NL,actual_solar_generation,Solar | Actual Aggregated,2026-08-26T03:46:52Z
2026-08-26T03:42:24Z,2026-08-26T05:42:24+0200,e96b9d4a-1054-48fe-90c7-5f4aaf55485c,2026-08-07T06:00:00Z,2026-08-07T08:00:00+0200,0.0,MW,NL,NL,actual_solar_generation,Solar | Actual Consumption,2026-08-26T03:46:52Z
2026-08-26T03:42:24Z,2026-08-26T05:42:24+0200,e96b9d4a-1054-48fe-90c7-5f4aaf55485c,2026-08-07T06:15:00Z,2026-08-07T08:15:00+0200,41.119,MW,NL,NL,actual_solar_generation,Solar | Actual Aggregated,2026-08-26T03:46:52Z
2026-08-26T03:42:24Z,2026-08-26T05:42:24+0200,e96b9d4a-1054-48fe-90c7-5f4aaf55485c,2026-08-07T06:15:00Z,2026-08-07T08:15:00+0200,0.0,MW,NL,NL,actual_solar_generation,Solar | Actual Consumption,2026-08-26T03:46:52Z
2026-08-26T03:42:24Z,2026-08-26T05:42:24+0200,e96b9d4a-1054-48fe-90c7-5f4aaf55485c,2026-08-07T06:30:00Z,2026-08-07T08:30:00+0200,53.157,MW,NL,NL,actual_solar_generation,Solar | Actual Aggregated,2026-08-26T03:46:52Z
2026-08-26T03:42:24Z,2026-08-26T05:42:24+0200,e96b9d4a-1054-48fe-90c7-5f4aaf55485c,2026-08-07T06:30:00Z,2026-08-07T08:30:00+0200,0.0,MW,NL,NL,actual_solar_generation,Solar | Actual Consumption,2026-08-26T03:46:52Z
2026-08-26T03:42:24Z,2026-08-26T05:42:24+0200,e96b9d4a-1054-48fe-90c7-5f4aaf55485c,2026-08-07T06:45:00Z,2026-08-07T08:45:00+0200,67.542,MW,NL,NL,actual_solar_generation,Solar | Actual Aggregated,2026-08-26T03:46:52Z
2026-08-26T03:42:24Z,2026-08-26T05:42:24+0200,e96b9d4a-1054-48fe-90c7-5f4aaf55485c,2026-08-07T06:45:00Z,2026-08-07T08:45:00+0200,0.0,MW,NL,NL,actual_solar_generation,Solar | Actual Consumption,2026-08-26T03:46:52Z
2026-08-26T03:42:24Z,2026-08-26T05:42:24+0200,e96b9d4a-1054-48fe-90c7-5f4aaf55485c,2026-08-07T07:00:00Z,2026-08-07T09:00:00+0200,94.77,MW,NL,NL,actual_solar_generation,Solar | Actual Aggregated,2026-08-26T03:46:52Z
2026-08-26T03:42:24Z,2026-08-26T05:42:24+0200,e96b9d4a-1054-48fe-90c7-5f4aaf55485c,2026-08-07T07:00:00Z,2026-08-07T09:00:00+0200,0.0,MW,NL,NL,actual_solar_generation,Solar | Actual Consumption,2026-08-26T03:46:52Z
2026-08-26T03:42:24Z,2026-08-26T05:42:24+0200,e96b9d4a-1054-48fe-90c7-5f4aaf55485c,2026-08-07T07:15:00Z,2026-08-07T09:15:00+0200,106.126,MW,NL,NL,actual_solar_generation,Solar | Actual Aggregated,2026-08-26T03:46:52Z
2026-08-26T03:42:24Z,2026-08-26T05:42:24+0200,e96b9d4a-1054-48fe-90c7-5f4aaf55485c,2026-08-07T07:15:00Z,2026-08-07T09:15:00+0200,0.0,MW,NL,NL,actual_solar_generation,Solar | Actual Consumption,2026-08-26T03:46:52Z
2026-08-26T03:42:24Z,2026-08-26T05:42:24+0200,e96b9d4a-1054-48fe-90c7-5f4aaf55485c,2026-08-07T07:30:00Z,2026-08-07T09:30:00+0200,92.261,MW,NL,NL,actual_solar_generation,Solar | Actual Aggregated,2026-08-26T03:46:52Z
2026-08-26T03:42:24Z,2026-08-26T05:42:24+0200,e96b9d4a-1054-48fe-90c7-5f4aaf55485c,2026-08-07T07:30:00Z,2026-08-07T09:30:00+0200,0.0,MW,NL,NL,actual_solar_generation,Solar | Actual Consumption,2026-08-26T03:46:52Z
2026-08-26T03:42:24Z,2026-08-26T05:42:24+0200,e96b9d4a-1054-48fe-90c7-5f4aaf55485c,2026-08-07T07:45:00Z,2026-08-07T09:45:00+0200,97.765,MW,NL,NL,actual_solar_generation,Solar | Actual Aggregated,2026-08-26T03:46:52Z
2026-08-26T03:42:24Z,2026-08-26T05:42:24+0200,e96b9d4a-1054-48fe-90c7-5f4aaf55485c,2026-08-07T07:45:00Z,2026-08-07T09:45:00+0200,0.0,MW,NL,NL,actual_solar_generation,Solar | Actual Consumption,2026-08-26T03:46:52Z
2026-08-26T03:42:24Z,2026-08-26T05:42:24+0200,e96b9d4a-1054-48fe-90c7-5f4aaf55485c,2026-08-07T08:00:00Z,2026-08-07T10:00:00+0200,83.08,MW,NL,NL,actual_solar_generation,Solar | Actual Aggregated,2026-08-26T03:46:52Z
2026-08-26T03:42:24Z,2026-08-26T05:42:24+0200,e96b9d4a-1054-48fe-90c7-5f4aaf55485c,2026-08-07T08:00:00Z,2026-08-07T10:00:00+0200,0.0,MW,NL,NL,actual_solar_generation,Solar | Actual Consumption,2026-08-26T03:46:52Z
2026-08-26T03:42:24Z,2026-08-26T05:42:24+0200,e96b9d4a-1054-48fe-90c7-5f4aaf55485c,2026-08-07T08:15:00Z,2026-08-07T10:15:00+0200,73.619,MW,NL,NL,actual_solar_generation,Solar | Actual Aggregated,2026-08-26T03:46:52Z
2026-08-26T03:42:24Z,2026-08-26T05:42:24+0200,e96b9d4a-1054-48fe-90c7-5f4aaf55485c,2026-08-07T08:15:00Z,2026-08-07T10:15:00+0200,0.0,MW,NL,NL,actual_solar_generation,Solar | Actual Consumption,2026-08-26T03:46:52Z
2026-08-26T03:42:24Z,2026-08-26T05:42:24+0200,e96b9d4a-1054-48fe-90c7-5f4aaf55485c,2026-08-07T08:30:00Z,2026-08-07T10:30:00+0200,78.375,MW,NL,NL,actual_solar_generation,Solar | Actual Aggregated,2026-08-26T03:46:52Z
2026-08-26T03:42:24Z,2026-08-26T05:42:24+0200,e96b9d4a-1054-48fe-90c7-5f4aaf55485c,2026-08-07T08:30:00Z,2026-08-07T10:30:00+0200,0.0,MW,NL,NL,actual_solar_generation,Solar | Actual Consumption,2026-08-26T03:46:52Z
2026-08-26T03:42:24Z,2026-08-26T05:42:24+0200,e96b9d4a-1054-48fe-90c7-5f4aaf55485c,2026-08-07T08:45:00Z,2026-08-07T10:45:00+0200,90.687,MW,NL,NL,actual_solar_generation,Solar | Actual Aggregated,2026-08-26T03:46:52Z
2026-08-26T03:42:24Z,2026-08-26T05:42:24+0200,e96b9d4a-1054-48fe-90c7-5f4aaf55485c,2026-08-07T08:45:00Z,2026-08-07T10:45:00+0200,0.0,MW,NL,NL,actual_solar_generation,Solar | Actual Consumption,2026-08-26T03:46:52Z
2026-08-26T03:42:24Z,2026-08-26T05:42:24+0200,e96b9d4a-1054-48fe-90c7-5f4aaf55485c,2026-08-07T09:00:00Z,2026-08-07T11:00:00+0200,106.911,MW,NL,NL,actual_solar_generation,Solar | Actual Aggregated,2026-08-26T03:46:52Z
2026-08-26T03:42:24Z,2026-08-26T05:42:24+0200,e96b9d4a-1054-48fe-90c7-5f4aaf55485c,2026-08-07T09:00:00Z,2026-08-07T11:00:00+0200,0.0,MW,NL,NL,actual_solar_generation,Solar | Actual Consumption,2026-08-26T03:46:52Z
2026-08-26T03:42:24Z,2026-08-26T05:42:24+0200,e96b9d4a-1054-48fe-90c7-5f4aaf55485c,2026-08-07T09:15:00Z,2026-08-07T11:15:00+0200,99.156,MW,NL,NL,actual_solar_generation,Solar | Actual Aggregated,2026-08-26T03:46:52Z
2026-08-26T03:42:24Z,2026-08-26T05:42:24+0200,e96b9d4a-1054-48fe-90c7-5f4aaf55485c,2026-08-07T09:15:00Z,2026-08-07T11:15:00+0200,0.0,MW,NL,NL,actual_solar_generation,Solar | Actual Consumption,2026-08-26T03:46:52Z
2026-08-26T03:42:24Z,2026-08-26T05:42:24+0200,e96b9d4a-1054-48fe-90c7-5f4aaf55485c,2026-08-07T09:30:00Z,2026-08-07T11:30:00+0200,98.103,MW,NL,NL,actual_solar_generation,Solar | Actual Aggregated,2026-08-26T03:46:52Z
2026-08-26T03:42:24Z,2026-08-26T05:42:24+0200,e96b9d4a-1054-48fe-90c7-5f4aaf55485c,2026-08-07T09:30:00Z,2026-08-07T11:30:00+0200,0.0,MW,NL,NL,actual_solar_generation,Solar | Actual Consumption,2026-08-26T03:46:52Z
2026-08-26T03:42:24Z,2026-08-26T05:42:24+0200,e96b9d4a-1054-48fe-90c7-5f4aaf55485c,2026-08-07T09:45:00Z,2026-08-07T11:45:00+0200,91.149,MW,NL,NL,actual_solar_generation,Solar | Actual Aggregated,2026-08-26T03:46:52Z
2026-08-26T03:42:24Z,2026-08-26T05:42:24+0200,e96b9d4a-1054-48fe-90c7-5f4aaf55485c,2026-08-07T09:45:00Z,2026-08-07T11:45:00+0200,0.0,MW,NL,NL,actual_solar_generation,Solar | Actual Consumption,2026-08-26T03:46:52Z
2026-08-26T03:42:24Z,2026-08-26T05:42:24+0200,e96b9d4a-1054-48fe-90c7-5f4aaf55485c,2026-08-07T10:00:00Z,2026-08-07T12:00:00+0200,100.074,MW,NL,NL,actual_solar_generation,Solar | Actual Aggregated,2026-08-26T03:46:52Z
2026-08-26T03:42:24Z,2026-08-26T05:42:24+0200,e96b9d4a-1054-48fe-90c7-5f4aaf55485c,2026-08-07T10:00:00Z,2026-08-07T12:00:00+0200,0.0,MW,NL,NL,actual_solar_generation,Solar | Actual Consumption,2026-08-26T03:46:52Z
2026-08-26T03:42:24Z,2026-08-26T05:42:24+0200,e96b9d4a-1054-48fe-90c7-5f4aaf55485c,2026-08-07T10:15:00Z,2026-08-07T12:15:00+0200,94.692,MW,NL,NL,actual_solar_generation,Solar | Actual Aggregated,2026-08-26T03:46:52Z
2026-08-26T03:42:24Z,2026-08-26T05:42:24+0200,e96b9d4a-1054-48fe-90c7-5f4aaf55485c,2026-08-07T10:15:00Z,2026-08-07T12:15:00+0200,0.0,MW,NL,NL,actual_solar_generation,Solar | Actual Consumption,2026-08-26T03:46:52Z
2026-08-26T03:42:24Z,2026-08-26T05:42:24+0200,e96b9d4a-1054-48fe-90c7-5f4aaf55485c,2026-08-07T10:30:00Z,2026-08-07T12:30:00+0200,93.524,MW,NL,NL,actual_solar_generation,Solar | Actual Aggregated,2026-08-26T03:46:52Z
2026-08-26T03:42:24Z,2026-08-26T05:42:24+0200,e96b9d4a-1054-48fe-90c7-5f4aaf55485c,2026-08-07T10:30:00Z,2026-08-07T12:30:00+0200,0.0,MW,NL,NL,actual_solar_generation,Solar | Actual Consumption,2026-08-26T03:46:52Z
2026-08-26T03:42:24Z,2026-08-26T05:42:24+0200,e96b9d4a-1054-48fe-90c7-5f4aaf55485c,2026-08-07T10:45:00Z,2026-08-07T12:45:00+0200,88.735,MW,NL,NL,actual_solar_generation,Solar | Actual Aggregated,2026-08-26T03:46:52Z
2026-08-26T03:42:24Z,2026-08-26T05:42:24+0200,e96b9d4a-1054-48fe-90c7-5f4aaf55485c,2026-08-07T10:45:00Z,2026-08-07T12:45:00+0200,0.0,MW,NL,NL,actual_solar_generation,Solar | Actual Consumption,2026-08-26T03:46:52Z
2026-08-26T03:42:24Z,2026-08-26T05:42:24+0200,e96b9d4a-1054-48fe-90c7-5f4aaf55485c,2026-08-07T11:00:00Z,2026-08-07T13:00:00+0200,95.231,MW,NL,NL,actual_solar_generation,Solar | Actual Aggregated,2026-08-26T03:46:52Z
2026-08-26T03:42:24Z,2026-08-26T05:42:24+0200,e96b9d4a-1054-48fe-90c7-5f4aaf55485c,2026-08-07T11:00:00Z,2026-08-07T13:00:00+0200,0.0,MW,NL,NL,actual_solar_generation,Solar | Actual Consumption,2026-08-26T03:46:52Z
2026-08-26T03:42:24Z,2026-08-26T05:42:24+0200,e96b9d4a-1054-48fe-90c7-5f4aaf55485c,2026-08-07T11:15:00Z,2026-08-07T13:15:00+0200,109.536,MW,NL,NL,actual_solar_generation,Solar | Actual Aggregated,2026-08-26T03:46:52Z
2026-08-26T03:42:24Z,2026-08-26T05:42:24+0200,e96b9d4a-1054-48fe-90c7-5f4aaf55485c,2026-08-07T11:15:00Z,2026-08-07T13:15:00+0200,0.0,MW,NL,NL,actual_solar_generation,Solar | Actual Consumption,2026-08-26T03:46:52Z
2026-08-26T03:42:24Z,2026-08-26T05:42:24+0200,e96b9d4a-1054-48fe-90c7-5f4aaf55485c,2026-08-07T11:30:00Z,2026-08-07T13:30:00+0200,108.044,MW,NL,NL,actual_solar_generation,Solar | Actual Aggregated,2026-08-26T03:46:52Z
2026-08-26T03:42:24Z,2026-08-26T05:42:24+0200,e96b9d4a-1054-48fe-90c7-5f4aaf55485c,2026-08-07T11:30:00Z,2026-08-07T13:30:00+0200,0.0,MW,NL,NL,actual_solar_generation,Solar | Actual Consumption,2026-08-26T03:46:52Z
2026-08-26T03:42:24Z,2026-08-26T05:42:24+0200,e96b9d4a-1054-48fe-90c7-5f4aaf55485c,2026-08-07T11:45:00Z,2026-08-07T13:45:00+0200,102.477,MW,NL,NL,actual_solar_generation,Solar | Actual Aggregated,2026-08-26T03:46:52Z
2026-08-26T03:42:24Z,2026-08-26T05:42:24+0200,e96b9d4a-1054-48fe-90c7-5f4aaf55485c,2026-08-07T11:45:00Z,2026-08-07T13:45:00+0200,0.0,MW,NL,NL,actual_solar_generation,Solar | Actual Consumption,2026-08-26T03:46:52Z
2026-08-26T03:42:24Z,2026-08-26T05:42:24+0200,e96b9d4a-1054-48fe-90c7-5f4aaf55485c,2026-08-07T12:00:00Z,2026-08-07T14:00:00+0200,94.194,MW,NL,NL,actual_solar_generation,Solar | Actual Aggregated,2026-08-26T03:46:52Z
2026-08-26T03:42:24Z,2026-08-26T05:42:24+0200,e96b9d4a-1054-48fe-90c7-5f4aaf55485c,2026-08-07T12:00:00Z,2026-08-07T14:00:00+0200,0.0,MW,NL,NL,actual_solar_generation,Solar | Actual Consumption,2026-08-26T03:46:52Z
2026-08-26T03:42:24Z,2026-08-26T05:42:24+0200,e96b9d4a-1054-48fe-90c7-5f4aaf55485c,2026-08-07T12:15:00Z,2026-08-07T14:15:00+0200,110.327,MW,NL,NL,actual_solar_generation,Solar | Actual Aggregated,2026-08-26T03:46:52Z
2026-08-26T03:42:24Z,2026-08-26T05:42:24+0200,e96b9d4a-1054-48fe-90c7-5f4aaf55485c,2026-08-07T12:15:00Z,2026-08-07T14:15:00+0200,0.0,MW,NL,NL,actual_solar_generation,Solar | Actual Consumption,2026-08-26T03:46:52Z
2026-08-26T03:42:24Z,2026-08-26T05:42:24+0200,e96b9d4a-1054-48fe-90c7-5f4aaf55485c,2026-08-07T12:30:00Z,2026-08-07T14:30:00+0200,136.331,MW,NL,NL,actual_solar_generation,Solar | Actual Aggregated,2026-08-26T03:46:52Z
2026-08-26T03:42:24Z,2026-08-26T05:42:24+0200,e96b9d4a-1054-48fe-90c7-5f4aaf55485c,2026-08-07T12:30:00Z,2026-08-07T14:30:00+0200,0.0,MW,NL,NL,actual_solar_generation,Solar | Actual Consumption,2026-08-26T03:46:52Z
2026-08-26T03:42:24Z,2026-08-26T05:42:24+0200,e96b9d4a-1054-48fe-90c7-5f4aaf55485c,2026-08-07T12:45:00Z,2026-08-07T14:45:00+0200,121.736,MW,NL,NL,actual_solar_generation,Solar | Actual Aggregated,2026-08-26T03:46:52Z
2026-08-26T03:42:24Z,2026-08-26T05:42:24+0200,e96b9d4a-1054-48fe-90c7-5f4aaf55485c,2026-08-07T12:45:00Z,2026-08-07T14:45:00+0200,0.0,MW,NL,NL,actual_solar_generation,Solar | Actual Consumption,2026-08-26T03:46:52Z
2026-08-26T03:42:24Z,2026-08-26T05:42:24+0200,e96b9d4a-1054-48fe-90c7-5f4aaf55485c,2026-08-07T13:00:00Z,2026-08-07T15:00:00+0200,109.281,MW,NL,NL,actual_solar_generation,Solar | Actual Aggregated,2026-08-26T03:46:52Z
2026-08-26T03:42:24Z,2026-08-26T05:42:24+0200,e96b9d4a-1054-48fe-90c7-5f4aaf55485c,2026-08-07T13:00:00Z,2026-08-07T15:00:00+0200,0.0,MW,NL,NL,actual_solar_generation,Solar | Actual Consumption,2026-08-26T03:46:52Z
2026-08-26T03:42:24Z,2026-08-26T05:42:24+0200,e96b9d4a-1054-48fe-90c7-5f4aaf55485c,2026-08-07T13:15:00Z,2026-08-07T15:15:00+0200,126.311,MW,NL,NL,actual_solar_generation,Solar | Actual Aggregated,2026-08-26T03:46:52Z
2026-08-26T03:42:24Z,2026-08-26T05:42:24+0200,e96b9d4a-1054-48fe-90c7-5f4aaf55485c,2026-08-07T13:15:00Z,2026-08-07T15:15:00+0200,0.0,MW,NL,NL,actual_solar_generation,Solar | Actual Consumption,2026-08-26T03:46:52Z
2026-08-26T03:42:24Z,2026-08-26T05:42:24+0200,e96b9d4a-1054-48fe-90c7-5f4aaf55485c,2026-08-07T13:30:00Z,2026-08-07T15:30:00+0200,92.24,MW,NL,NL,actual_solar_generation,Solar | Actual Aggregated,2026-08-26T03:46:52Z
2026-08-26T03:42:24Z,2026-08-26T05:42:24+0200,e96b9d4a-1054-48fe-90c7-5f4aaf55485c,2026-08-07T13:30:00Z,2026-08-07T15:30:00+0200,0.0,MW,NL,NL,actual_solar_generation,Solar | Actual Consumption,2026-08-26T03:46:52Z
2026-08-26T03:42:24Z,2026-08-26T05:42:24+0200,e96b9d4a-1054-48fe-90c7-5f4aaf55485c,2026-08-07T13:45:00Z,2026-08-07T15:45:00+0200,83.267,MW,NL,NL,actual_solar_generation,Solar | Actual Aggregated,2026-08-26T03:46:52Z
2026-08-26T03:42:24Z,2026-08-26T05:42:24+0200,e96b9d4a-1054-48fe-90c7-5f4aaf55485c,2026-08-07T13:45:00Z,2026-08-07T15:45:00+0200,0.0,MW,NL,NL,actual_solar_generation,Solar | Actual Consumption,2026-08-26T03:46:52Z
2026-08-26T03:42:24Z,2026-08-26T05:42:24+0200,e96b9d4a-1054-48fe-90c7-5f4aaf55485c,2026-08-07T14:00:00Z,2026-08-07T16:00:00+0200,79.162,MW,NL,NL,actual_solar_generation,Solar | Actual Aggregated,2026-08-26T03:46:52Z
2026-08-26T03:42:24Z,2026-08-26T05:42:24+0200,e96b9d4a-1054-48fe-90c7-5f4aaf55485c,2026-08-07T14:00:00Z,2026-08-07T16:00:00+0200,0.0,MW,NL,NL,actual_solar_generation,Solar | Actual Consumption,2026-08-26T03:46:52Z
2026-08-26T03:42:24Z,2026-08-26T05:42:24+0200,e96b9d4a-1054-48fe-90c7-5f4aaf55485c,2026-08-07T14:15:00Z,2026-08-07T16:15:00+0200,76.025,MW,NL,NL,actual_solar_generation,Solar | Actual Aggregated,2026-08-26T03:46:52Z
2026-08-26T03:42:24Z,2026-08-26T05:42:24+0200,e96b9d4a-1054-48fe-90c7-5f4aaf55485c,2026-08-07T14:15:00Z,2026-08-07T16:15:00+0200,0.0,MW,NL,NL,actual_solar_generation,Solar | Actual Consumption,2026-08-26T03:46:52Z
2026-08-26T03:42:24Z,2026-08-26T05:42:24+0200,e96b9d4a-1054-48fe-90c7-5f4aaf55485c,2026-08-07T14:30:00Z,2026-08-07T16:30:00+0200,79.204,MW,NL,NL,actual_solar_generation,Solar | Actual Aggregated,2026-08-26T03:46:52Z
2026-08-26T03:42:24Z,2026-08-26T05:42:24+0200,e96b9d4a-1054-48fe-90c7-5f4aaf55485c,2026-08-07T14:30:00Z,2026-08-07T16:30:00+0200,0.0,MW,NL,NL,actual_solar_generation,Solar | Actual Consumption,2026-08-26T03:46:52Z
2026-08-26T03:42:24Z,2026-08-26T05:42:24+0200,e96b9d4a-1054-48fe-90c7-5f4aaf55485c,2026-08-07T14:45:00Z,2026-08-07T16:45:00+0200,86.739,MW,NL,NL,actual_solar_generation,Solar | Actual Aggregated,2026-08-26T03:46:52Z
2026-08-26T03:42:24Z,2026-08-26T05:42:24+0200,e96b9d4a-1054-48fe-90c7-5f4aaf55485c,2026-08-07T14:45:00Z,2026-08-07T16:45:00+0200,0.0,MW,NL,NL,actual_solar_generation,Solar | Actual Consumption,2026-08-26T03:46:52Z
2026-08-26T03:42:24Z,2026-08-26T05:42:24+0200,e96b9d4a-1054-48fe-90c7-5f4aaf55485c,2026-08-07T15:00:00Z,2026-08-07T17:00:00+0200,75.775,MW,NL,NL,actual_solar_generation,Solar | Actual Aggregated,2026-08-26T03:46:52Z
2026-08-26T03:42:24Z,2026-08-26T05:42:24+0200,e96b9d4a-1054-48fe-90c7-5f4aaf55485c,2026-08-07T15:00:00Z,2026-08-07T17:00:00+0200,0.0,MW,NL,NL,actual_solar_generation,Solar | Actual Consumption,2026-08-26T03:46:52Z
2026-08-26T03:42:24Z,2026-08-26T05:42:24+0200,e96b9d4a-1054-48fe-90c7-5f4aaf55485c,2026-08-07T15:15:00Z,2026-08-07T17:15:00+0200,68.133,MW,NL,NL,actual_solar_generation,Solar | Actual Aggregated,2026-08-26T03:46:52Z
2026-08-26T03:42:24Z,2026-08-26T05:42:24+0200,e96b9d4a-1054-48fe-90c7-5f4aaf55485c,2026-08-07T15:15:00Z,2026-08-07T17:15:00+0200,0.0,MW,NL,NL,actual_solar_generation,Solar | Actual Consumption,2026-08-26T03:46:52Z
2026-08-26T03:42:24Z,2026-08-26T05:42:24+0200,e96b9d4a-1054-48fe-90c7-5f4aaf55485c,2026-08-07T15:30:00Z,2026-08-07T17:30:00+0200,64.605,MW,NL,NL,actual_solar_generation,Solar | Actual Aggregated,2026-08-26T03:46:52Z
2026-08-26T03:42:24Z,2026-08-26T05:42:24+0200,e96b9d4a-1054-48fe-90c7-5f4aaf55485c,2026-08-07T15:30:00Z,2026-08-07T17:30:00+0200,0.0,MW,NL,NL,actual_solar_generation,Solar | Actual Consumption,2026-08-26T03:46:52Z
2026-08-26T03:42:24Z,2026-08-26T05:42:24+0200,e96b9d4a-1054-48fe-90c7-5f4aaf55485c,2026-08-07T15:45:00Z,2026-08-07T17:45:00+0200,72.367,MW,NL,NL,actual_solar_generation,Solar | Actual Aggregated,2026-08-26T03:46:52Z
2026-08-26T03:42:24Z,2026-08-26T05:42:24+0200,e96b9d4a-1054-48fe-90c7-5f4aaf55485c,2026-08-07T15:45:00Z,2026-08-07T17:45:00+0200,0.0,MW,NL,NL,actual_solar_generation,Solar | Actual Consumption,2026-08-26T03:46:52Z
2026-08-26T03:42:24Z,2026-08-26T05:42:24+0200,e96b9d4a-1054-48fe-90c7-5f4aaf55485c,2026-08-07T16:00:00Z,2026-08-07T18:00:00+0200,107.955,MW,NL,NL,actual_solar_generation,Solar | Actual Aggregated,2026-08-26T03:46:52Z
2026-08-26T03:42:24Z,2026-08-26T05:42:24+0200,e96b9d4a-1054-48fe-90c7-5f4aaf55485c,2026-08-07T16:00:00Z,2026-08-07T18:00:00+0200,0.0,MW,NL,NL,actual_solar_generation,Solar | Actual Consumption,2026-08-26T03:46:52Z
2026-08-26T03:42:24Z,2026-08-26T05:42:24+0200,e96b9d4a-1054-48fe-90c7-5f4aaf55485c,2026-08-07T16:15:00Z,2026-08-07T18:15:00+0200,94.193,MW,NL,NL,actual_solar_generation,Solar | Actual Aggregated,2026-08-26T03:46:52Z
2026-08-26T03:42:24Z,2026-08-26T05:42:24+0200,e96b9d4a-1054-48fe-90c7-5f4aaf55485c,2026-08-07T16:15:00Z,2026-08-07T18:15:00+0200,0.0,MW,NL,NL,actual_solar_generation,Solar | Actual Consumption,2026-08-26T03:46:52Z
2026-08-26T03:42:24Z,2026-08-26T05:42:24+0200,e96b9d4a-1054-48fe-90c7-5f4aaf55485c,2026-08-07T16:30:00Z,2026-08-07T18:30:00+0200,64.762,MW,NL,NL,actual_solar_generation,Solar | Actual Aggregated,2026-08-26T03:46:52Z
2026-08-26T03:42:24Z,2026-08-26T05:42:24+0200,e96b9d4a-1054-48fe-90c7-5f4aaf55485c,2026-08-07T16:30:00Z,2026-08-07T18:30:00+0200,0.0,MW,NL,NL,actual_solar_generation,Solar | Actual Consumption,2026-08-26T03:46:52Z
2026-08-26T03:42:24Z,2026-08-26T05:42:24+0200,e96b9d4a-1054-48fe-90c7-5f4aaf55485c,2026-08-07T16:45:00Z,2026-08-07T18:45:00+0200,64.907,MW,NL,NL,actual_solar_generation,Solar | Actual Aggregated,2026-08-26T03:46:52Z
2026-08-26T03:42:24Z,2026-08-26T05:42:24+0200,e96b9d4a-1054-48fe-90c7-5f4aaf55485c,2026-08-07T16:45:00Z,2026-08-07T18:45:00+0200,0.0,MW,NL,NL,actual_solar_generation,Solar | Actual Consumption,2026-08-26T03:46:52Z
2026-08-26T03:42:24Z,2026-08-26T05:42:24+0200,e96b9d4a-1054-48fe-90c7-5f4aaf55485c,2026-08-07T17:00:00Z,2026-08-07T19:00:00+0200,57.802,MW,NL,NL,actual_solar_generation,Solar | Actual Aggregated,2026-08-26T03:46:52Z
2026-08-26T03:42:24Z,2026-08-26T05:42:24+0200,e96b9d4a-1054-48fe-90c7-5f4aaf55485c,2026-08-07T17:00:00Z,2026-08-07T19:00:00+0200,0.0,MW,NL,NL,actual_solar_generation,Solar | Actual Consumption,2026-08-26T03:46:52Z
2026-08-26T03:42:24Z,2026-08-26T05:42:24+0200,e96b9d4a-1054-48fe-90c7-5f4aaf55485c,2026-08-07T17:15:00Z,2026-08-07T19:15:00+0200,50.646,MW,NL,NL,actual_solar_generation,Solar | Actual Aggregated,2026-08-26T03:46:52Z
2026-08-26T03:42:24Z,2026-08-26T05:42:24+0200,e96b9d4a-1054-48fe-90c7-5f4aaf55485c,2026-08-07T17:15:00Z,2026-08-07T19:15:00+0200,0.0,MW,NL,NL,actual_solar_generation,Solar | Actual Consumption,2026-08-26T03:46:52Z
2026-08-26T03:42:24Z,2026-08-26T05:42:24+0200,e96b9d4a-1054-48fe-90c7-5f4aaf55485c,2026-08-07T17:30:00Z,2026-08-07T19:30:00+0200,36.629,MW,NL,NL,actual_solar_generation,Solar | Actual Aggregated,2026-08-26T03:46:52Z
2026-08-26T03:42:24Z,2026-08-26T05:42:24+0200,e96b9d4a-1054-48fe-90c7-5f4aaf55485c,2026-08-07T17:30:00Z,2026-08-07T19:30:00+0200,0.0,MW,NL,NL,actual_solar_generation,Solar | Actual Consumption,2026-08-26T03:46:52Z
2026-08-26T03:42:24Z,2026-08-26T05:42:24+0200,e96b9d4a-1054-48fe-90c7-5f4aaf55485c,2026-08-07T17:45:00Z,2026-08-07T19:45:00+0200,25.12,MW,NL,NL,actual_solar_generation,Solar | Actual Aggregated,2026-08-26T03:46:52Z
2026-08-26T03:42:24Z,2026-08-26T05:42:24+0200,e96b9d4a-1054-48fe-90c7-5f4aaf55485c,2026-08-07T17:45:00Z,2026-08-07T19:45:00+0200,0.0,MW,NL,NL,actual_solar_generation,Solar | Actual Consumption,2026-08-26T03:46:52Z
2026-08-26T03:42:24Z,2026-08-26T05:42:24+0200,e96b9d4a-1054-48fe-90c7-5f4aaf55485c,2026-08-07T18:00:00Z,2026-08-07T20:00:00+0200,12.219,MW,NL,NL,actual_solar_generation,Solar | Actual Aggregated,2026-08-26T03:46:52Z
2026-08-26T03:42:24Z,2026-08-26T05:42:24+0200,e96b9d4a-1054-48fe-90c7-5f4aaf55485c,2026-08-07T18:00:00Z,2026-08-07T20:00:00+0200,0.0,MW,NL,NL,actual_solar_generation,Solar | Actual Consumption,2026-08-26T03:46:52Z
2026-08-26T03:42:24Z,2026-08-26T05:42:24+0200,e96b9d4a-1054-48fe-90c7-5f4aaf55485c,2026-08-07T18:15:00Z,2026-08-07T20:15:00+0200,7.684,MW,NL,NL,actual_solar_generation,Solar | Actual Aggregated,2026-08-26T03:46:52Z
2026-08-26T03:42:24Z,2026-08-26T05:42:24+0200,e96b9d4a-1054-48fe-90c7-5f4aaf55485c,2026-08-07T18:15:00Z,2026-08-07T20:15:00+0200,0.0,MW,NL,NL,actual_solar_generation,Solar | Actual Consumption,2026-08-26T03:46:52Z
2026-08-26T03:42:24Z,2026-08-26T05:42:24+0200,e96b9d4a-1054-48fe-90c7-5f4aaf55485c,2026-08-07T18:30:00Z,2026-08-07T20:30:00+0200,5.272,MW,NL,NL,actual_solar_generation,Solar | Actual Aggregated,2026-08-26T03:46:52Z
2026-08-26T03:42:24Z,2026-08-26T05:42:24+0200,e96b9d4a-1054-48fe-90c7-5f4aaf55485c,2026-08-07T18:30:00Z,2026-08-07T20:30:00+0200,0.0,MW,NL,NL,actual_solar_generation,Solar | Actual Consumption,2026-08-26T03:46:52Z
2026-08-26T03:42:24Z,2026-08-26T05:42:24+0200,e96b9d4a-1054-48fe-90c7-5f4aaf55485c,2026-08-07T18:45:00Z,2026-08-07T20:45:00+0200,2.391,MW,NL,NL,actual_solar_generation,Solar | Actual Aggregated,2026-08-26T03:46:52Z
2026-08-26T03:42:24Z,2026-08-26T05:42:24+0200,e96b9d4a-1054-48fe-90c7-5f4aaf55485c,2026-08-07T18:45:00Z,2026-08-07T20:45:00+0200,0.0,MW,NL,NL,actual_solar_generation,Solar | Actual Consumption,2026-08-26T03:46:52Z
2026-08-26T03:42:24Z,2026-08-26T05:42:24+0200,e96b9d4a-1054-48fe-90c7-5f4aaf55485c,2026-08-07T19:00:00Z,2026-08-07T21:00:00+0200,0.415,MW,NL,NL,actual_solar_generation,Solar | Actual Aggregated,2026-08-26T03:46:52Z
2026-08-26T03:42:24Z,2026-08-26T05:42:24+0200,e96b9d4a-1054-48fe-90c7-5f4aaf55485c,2026-08-07T19:00:00Z,2026-08-07T21:00:00+0200,0.477,MW,NL,NL,actual_solar_generation,Solar | Actual Consumption,2026-08-26T03:46:52Z
2026-08-26T03:42:24Z,2026-08-26T05:42:24+0200,e96b9d4a-1054-48fe-90c7-5f4aaf55485c,2026-08-07T19:15:00Z,2026-08-07T21:15:00+0200,0.0,MW,NL,NL,actual_solar_generation,Solar | Actual Aggregated,2026-08-26T03:46:52Z
2026-08-26T03:42:24Z,2026-08-26T05:42:24+0200,e96b9d4a-1054-48fe-90c7-5f4aaf55485c,2026-08-07T19:15:00Z,2026-08-07T21:15:00+0200,0.616,MW,NL,NL,actual_solar_generation,Solar | Actual Consumption,2026-08-26T03:46:52Z
2026-08-26T03:42:24Z,2026-08-26T05:42:24+0200,e96b9d4a-1054-48fe-90c7-5f4aaf55485c,2026-08-07T19:30:00Z,2026-08-07T21:30:00+0200,0.0,MW,NL,NL,actual_solar_generation,Solar | Actual Aggregated,2026-08-26T03:46:52Z
2026-08-26T03:42:24Z,2026-08-26T05:42:24+0200,e96b9d4a-1054-48fe-90c7-5f4aaf55485c,2026-08-07T19:30:00Z,2026-08-07T21:30:00+0200,0.122,MW,NL,NL,actual_solar_generation,Solar | Actual Consumption,2026-08-26T03:46:52Z
2026-08-26T03:42:24Z,2026-08-26T05:42:24+0200,e96b9d4a-1054-48fe-90c7-5f4aaf55485c,2026-08-07T19:45:00Z,2026-08-07T21:45:00+0200,0.0,MW,NL,NL,actual_solar_generation,Solar | Actual Aggregated,2026-08-26T03:46:52Z
2026-08-26T03:42:24Z,2026-08-26T05:42:24+0200,e96b9d4a-1054-48fe-90c7-5f4aaf55485c,2026-08-07T19:45:00Z,2026-08-07T21:45:00+0200,0.122,MW,NL,NL,actual_solar_generation,Solar | Actual Consumption,2026-08-26T03:46:52Z
2026-08-26T03:42:24Z,2026-08-26T05:42:24+0200,e96b9d4a-1054-48fe-90c7-5f4aaf55485c,2026-08-07T20:00:00Z,2026-08-07T22:00:00+0200,0.0,MW,NL,NL,actual_solar_generation,Solar | Actual Aggregated,2026-08-26T03:46:52Z
2026-08-26T03:42:24Z,2026-08-26T05:42:24+0200,e96b9d4a-1054-48fe-90c7-5f4aaf55485c,2026-08-07T20:00:00Z,2026-08-07T22:00:00+0200,0.122,MW,NL,NL,actual_solar_generation,Solar | Actual Consumption,2026-08-26T03:46:52Z
2026-08-26T03:42:24Z,2026-08-26T05:42:24+0200,e96b9d4a-1054-48fe-90c7-5f4aaf55485c,2026-08-07T20:15:00Z,2026-08-07T22:15:00+0200,0.0,MW,NL,NL,actual_solar_generation,Solar | Actual Aggregated,2026-08-26T03:46:52Z
2026-08-26T03:42:24Z,2026-08-26T05:42:24+0200,e96b9d4a-1054-48fe-90c7-5f4aaf55485c,2026-08-07T20:15:00Z,2026-08-07T22:15:00+0200,0.122,MW,NL,NL,actual_solar_generation,Solar | Actual Consumption,2026-08-26T03:46:52Z
2026-08-26T03:42:24Z,2026-08-26T05:42:24+0200,e96b9d4a-1054-48fe-90c7-5f4aaf55485c,2026-08-07T20:30:00Z,2026-08-07T22:30:00+0200,0.0,MW,NL,NL,actual_solar_generation,Solar | Actual Aggregated,2026-08-26T03:46:52Z
2026-08-26T03:42:24Z,2026-08-26T05:42:24+0200,e96b9d4a-1054-48fe-90c7-5f4aaf55485c,2026-08-07T20:30:00Z,2026-08-07T22:30:00+0200,0.122,MW,NL,NL,actual_solar_generation,Solar | Actual Consumption,2026-08-26T03:46:52Z
2026-08-26T03:42:24Z,2026-08-26T05:42:24+0200,e96b9d4a-1054-48fe-90c7-5f4aaf55485c,2026-08-07T20:45:00Z,2026-08-07T22:45:00+0200,0.0,MW,NL,NL,actual_solar_generation,Solar | Actual Aggregated,2026-08-26T03:46:52Z
2026-08-26T03:42:24Z,2026-08-26T05:42:24+0200,e96b9d4a-1054-48fe-90c7-5f4aaf55485c,2026-08-07T20:45:00Z,2026-08-07T22:45:00+0200,0.129,MW,NL,NL,actual_solar_generation,Solar | Actual Consumption,2026-08-26T03:46:52Z
2026-08-26T03:42:24Z,2026-08-26T05:42:24+0200,e96b9d4a-1054-48fe-90c7-5f4aaf55485c,2026-08-07T21:00:00Z,2026-08-07T23:00:00+0200,0.0,MW,NL,NL,actual_solar_generation,Solar | Actual Aggregated,2026-08-26T03:46:52Z
2026-08-26T03:42:24Z,2026-08-26T05:42:24+0200,e96b9d4a-1054-48fe-90c7-5f4aaf55485c,2026-08-07T21:00:00Z,2026-08-07T23:00:00+0200,0.126,MW,NL,NL,actual_solar_generation,Solar | Actual Consumption,2026-08-26T03:46:52Z
2026-08-26T03:42:24Z,2026-08-26T05:42:24+0200,e96b9d4a-1054-48fe-90c7-5f4aaf55485c,2026-08-07T21:15:00Z,2026-08-07T23:15:00+0200,0.0,MW,NL,NL,actual_solar_generation,Solar | Actual Aggregated,2026-08-26T03:46:52Z
2026-08-26T03:42:24Z,2026-08-26T05:42:24+0200,e96b9d4a-1054-48fe-90c7-5f4aaf55485c,2026-08-07T21:15:00Z,2026-08-07T23:15:00+0200,0.118,MW,NL,NL,actual_solar_generation,Solar | Actual Consumption,2026-08-26T03:46:52Z
2026-08-26T03:42:24Z,2026-08-26T05:42:24+0200,e96b9d4a-1054-48fe-90c7-5f4aaf55485c,2026-08-07T21:30:00Z,2026-08-07T23:30:00+0200,0.0,MW,NL,NL,actual_solar_generation,Solar | Actual Aggregated,2026-08-26T03:46:52Z
2026-08-26T03:42:24Z,2026-08-26T05:42:24+0200,e96b9d4a-1054-48fe-90c7-5f4aaf55485c,2026-08-07T21:30:00Z,2026-08-07T23:30:00+0200,0.123,MW,NL,NL,actual_solar_generation,Solar | Actual Consumption,2026-08-26T03:46:52Z
2026-08-26T03:42:24Z,2026-08-26T05:42:24+0200,e96b9d4a-1054-48fe-90c7-5f4aaf55485c,2026-08-07T21:45:00Z,2026-08-07T23:45:00+0200,0.0,MW,NL,NL,actual_solar_generation,Solar | Actual Aggregated,2026-08-26T03:46:52Z
2026-08-26T03:42:24Z,2026-08-26T05:42:24+0200,e96b9d4a-1054-48fe-90c7-5f4aaf55485c,2026-08-07T21:45:00Z,2026-08-07T23:45:00+0200,0.133,MW,NL,NL,actual_solar_generation,Solar | Actual Consumption,2026-08-26T03:46:52Z
2026-08-26T03:42:24Z,2026-08-26T05:42:24+0200,e96b9d4a-1054-48fe-90c7-5f4aaf55485c,2026-08-07T22:00:00Z,2026-08-08T00:00:00+0200,0.0,MW,NL,NL,actual_solar_generation,Solar | Actual Aggregated,2026-08-26T03:46:52Z
2026-08-26T03:42:24Z,2026-08-26T05:42:24+0200,e96b9d4a-1054-48fe-90c7-5f4aaf55485c,2026-08-07T22:00:00Z,2026-08-08T00:00:00+0200,0.122,MW,NL,NL,actual_solar_generation,Solar | Actual Consumption,2026-08-26T03:46:52Z
2026-08-26T03:42:24Z,2026-08-26T05:42:24+0200,e96b9d4a-1054-48fe-90c7-5f4aaf55485c,2026-08-07T22:15:00Z,2026-08-08T00:15:00+0200,0.0,MW,NL,NL,actual_solar_generation,Solar | Actual Aggregated,2026-08-26T03:46:52Z
2026-08-26T03:42:24Z,2026-08-26T05:42:24+0200,e96b9d4a-1054-48fe-90c7-5f4aaf55485c,2026-08-07T22:15:00Z,2026-08-08T00:15:00+0200,0.122,MW,NL,NL,actual_solar_generation,Solar | Actual Consumption,2026-08-26T03:46:52Z
2026-08-26T03:42:24Z,2026-08-26T05:42:24+0200,e96b9d4a-1054-48fe-90c7-5f4aaf55485c,2026-08-07T22:30:00Z,2026-08-08T00:30:00+0200,0.0,MW,NL,NL,actual_solar_generation,Solar | Actual Aggregated,2026-08-26T03:46:52Z
2026-08-26T03:42:24Z,2026-08-26T05:42:24+0200,e96b9d4a-1054-48fe-90c7-5f4aaf55485c,2026-08-07T22:30:00Z,2026-08-08T00:30:00+0200,0.122,MW,NL,NL,actual_solar_generation,Solar | Actual Consumption,2026-08-26T03:46:52Z
2026-08-26T03:42:24Z,2026-08-26T05:42:24+0200,e96b9d4a-1054-48fe-90c7-5f4aaf55485c,2026-08-07T22:45:00Z,2026-08-08T00:45:00+0200,0.0,MW,NL,NL,actual_solar_generation,Solar | Actual Aggregated,2026-08-26T03:46:52Z
2026-08-26T03:42:24Z,2026-08-26T05:42:24+0200,e96b9d4a-1054-48fe-90c7-5f4aaf55485c,2026-08-07T22:45:00Z,2026-08-08T00:45:00+0200,0.122,MW,NL,NL,actual_solar_generation,Solar | Actual Consumption,2026-08-26T03:46:52Z
2026-08-26T03:42:24Z,2026-08-26T05:42:24+0200,e96b9d4a-1054-48fe-90c7-5f4aaf55485c,2026-08-07T23:00:00Z,2026-08-08T01:00:00+0200,0.0,MW,NL,NL,actual_solar_generation,Solar | Actual Aggregated,2026-08-26T03:46:52Z
2026-08-26T03:42:24Z,2026-08-26T05:42:24+0200,e96b9d4a-1054-48fe-90c7-5f4aaf55485c,2026-08-07T23:00:00Z,2026-08-08T01:00:00+0200,0.129,MW,NL,NL,actual_solar_generation,Solar | Actual Consumption,2026-08-26T03:46:52Z
2026-08-26T03:42:24Z,2026-08-26T05:42:24+0200,e96b9d4a-1054-48fe-90c7-5f4aaf55485c,2026-08-07T23:15:00Z,2026-08-08T01:15:00+0200,0.0,MW,NL,NL,actual_solar_generation,Solar | Actual Aggregated,2026-08-26T03:46:52Z
2026-08-26T03:42:24Z,2026-08-26T05:42:24+0200,e96b9d4a-1054-48fe-90c7-5f4aaf55485c,2026-08-07T23:15:00Z,2026-08-08T01:15:00+0200,0.133,MW,NL,NL,actual_solar_generation,Solar | Actual Consumption,2026-08-26T03:46:52Z
2026-08-26T03:42:24Z,2026-08-26T05:42:24+0200,e96b9d4a-1054-48fe-90c7-5f4aaf55485c,2026-08-07T23:30:00Z,2026-08-08T01:30:00+0200,0.0,MW,NL,NL,actual_solar_generation,Solar | Actual Aggregated,2026-08-26T03:46:52Z
2026-08-26T03:42:24Z,2026-08-26T05:42:24+0200,e96b9d4a-1054-48fe-90c7-5f4aaf55485c,2026-08-07T23:30:00Z,2026-08-08T01:30:00+0200,0.11,MW,NL,NL,actual_solar_generation,Solar | Actual Consumption,2026-08-26T03:46:52Z
2026-08-26T03:42:24Z,2026-08-26T05:42:24+0200,e96b9d4a-1054-48fe-90c7-5f4aaf55485c,2026-08-07T23:45:00Z,2026-08-08T01:45:00+0200,0.0,MW,NL,NL,actual_solar_generation,Solar | Actual Aggregated,2026-08-26T03:46:52Z
2026-08-26T03:42:24Z,2026-08-26T05:42:24+0200,e96b9d4a-1054-48fe-90c7-5f4aaf55485c,2026-08-07T23:45:00Z,2026-08-08T01:45:00+0200,0.116,MW,NL,NL,actual_solar_generation,Solar | Actual Consumption,2026-08-26T03:46:52Z
2026-08-26T03:42:24Z,2026-08-26T05:42:24+0200,e96b9d4a-1054-48fe-90c7-5f4aaf55485c,2026-08-08T00:00:00Z,2026-08-08T02:00:00+0200,0.0,MW,NL,NL,actual_solar_generation,Solar | Actual Aggregated,2026-08-26T03:46:52Z
2026-08-26T03:42:24Z,2026-08-26T05:42:24+0200,e96b9d4a-1054-48fe-90c7-5f4aaf55485c,2026-08-08T00:00:00Z,2026-08-08T02:00:00+0200,0.124,MW,NL,NL,actual_solar_generation,Solar | Actual Consumption,2026-08-26T03:46:52Z
2026-08-26T03:42:24Z,2026-08-26T05:42:24+0200,e96b9d4a-1054-48fe-90c7-5f4aaf55485c,2026-08-08T00:15:00Z,2026-08-08T02:15:00+0200,0.0,MW,NL,NL,actual_solar_generation,Solar | Actual Aggregated,2026-08-26T03:46:52Z
2026-08-26T03:42:24Z,2026-08-26T05:42:24+0200,e96b9d4a-1054-48fe-90c7-5f4aaf55485c,2026-08-08T00:15:00Z,2026-08-08T02:15:00+0200,0.124,MW,NL,NL,actual_solar_generation,Solar | Actual Consumption,2026-08-26T03:46:52Z
2026-08-26T03:42:24Z,2026-08-26T05:42:24+0200,e96b9d4a-1054-48fe-90c7-5f4aaf55485c,2026-08-08T00:30:00Z,2026-08-08T02:30:00+0200,0.0,MW,NL,NL,actual_solar_generation,Solar | Actual Aggregated,2026-08-26T03:46:52Z
2026-08-26T03:42:24Z,2026-08-26T05:42:24+0200,e96b9d4a-1054-48fe-90c7-5f4aaf55485c,2026-08-08T00:30:00Z,2026-08-08T02:30:00+0200,0.124,MW,NL,NL,actual_solar_generation,Solar | Actual Consumption,2026-08-26T03:46:52Z
2026-08-26T03:42:24Z,2026-08-26T05:42:24+0200,e96b9d4a-1054-48fe-90c7-5f4aaf55485c,2026-08-08T00:45:00Z,2026-08-08T02:45:00+0200,0.0,MW,NL,NL,actual_solar_generation,Solar | Actual Aggregated,2026-08-26T03:46:52Z
2026-08-26T03:42:24Z,2026-08-26T05:42:24+0200,e96b9d4a-1054-48fe-90c7-5f4aaf55485c,2026-08-08T00:45:00Z,2026-08-08T02:45:00+0200,0.124,MW,NL,NL,actual_solar_generation,Solar | Actual Consumption,2026-08-26T03:46:52Z
2026-08-26T03:42:24Z,2026-08-26T05:42:24+0200,e96b9d4a-1054-48fe-90c7-5f4aaf55485c,2026-08-08T01:00:00Z,2026-08-08T03:00:00+0200,0.0,MW,NL,NL,actual_solar_generation,Solar | Actual Aggregated,2026-08-26T03:46:52Z
2026-08-26T03:42:24Z,2026-08-26T05:42:24+0200,e96b9d4a-1054-48fe-90c7-5f4aaf55485c,2026-08-08T01:00:00Z,2026-08-08T03:00:00+0200,0.124,MW,NL,NL,actual_solar_generation,Solar | Actual Consumption,2026-08-26T03:46:52Z
2026-08-26T03:42:24Z,2026-08-26T05:42:24+0200,e96b9d4a-1054-48fe-90c7-5f4aaf55485c,2026-08-08T01:15:00Z,2026-08-08T03:15:00+0200,0.0,MW,NL,NL,actual_solar_generation,Solar | Actual Aggregated,2026-08-26T03:46:52Z
2026-08-26T03:42:24Z,2026-08-26T05:42:24+0200,e96b9d4a-1054-48fe-90c7-5f4aaf55485c,2026-08-08T01:15:00Z,2026-08-08T03:15:00+0200,0.133,MW,NL,NL,actual_solar_generation,Solar | Actual Consumption,2026-08-26T03:46:52Z
2026-08-26T03:42:24Z,2026-08-26T05:42:24+0200,e96b9d4a-1054-48fe-90c7-5f4aaf55485c,2026-08-08T01:30:00Z,2026-08-08T03:30:00+0200,0.0,MW,NL,NL,actual_solar_generation,Solar | Actual Aggregated,2026-08-26T03:46:52Z
2026-08-26T03:42:24Z,2026-08-26T05:42:24+0200,e96b9d4a-1054-48fe-90c7-5f4aaf55485c,2026-08-08T01:30:00Z,2026-08-08T03:30:00+0200,0.133,MW,NL,NL,actual_solar_generation,Solar | Actual Consumption,2026-08-26T03:46:52Z
2026-08-26T03:42:24Z,2026-08-26T05:42:24+0200,e96b9d4a-1054-48fe-90c7-5f4aaf55485c,2026-08-08T01:45:00Z,2026-08-08T03:45:00+0200,0.0,MW,NL,NL,actual_solar_generation,Solar | Actual Aggregated,2026-08-26T03:46:52Z
2026-08-26T03:42:24Z,2026-08-26T05:42:24+0200,e96b9d4a-1054-48fe-90c7-5f4aaf55485c,2026-08-08T01:45:00Z,2026-08-08T03:45:00+0200,0.126,MW,NL,NL,actual_solar_generation,Solar | Actual Consumption,2026-08-26T03:46:52Z
2026-08-26T03:42:24Z,2026-08-26T05:42:24+0200,e96b9d4a-1054-48fe-90c7-5f4aaf55485c,2026-08-08T02:00:00Z,2026-08-08T04:00:00+0200,0.0,MW,NL,NL,actual_solar_generation,Solar | Actual Aggregated,2026-08-26T03:46:52Z
2026-08-26T03:42:24Z,2026-08-26T05:42:24+0200,e96b9d4a-1054-48fe-90c7-5f4aaf55485c,2026-08-08T02:00:00Z,2026-08-08T04:00:00+0200,0.122,MW,NL,NL,actual_solar_generation,Solar | Actual Consumption,2026-08-26T03:46:52Z
2026-08-26T03:42:24Z,2026-08-26T05:42:24+0200,e96b9d4a-1054-48fe-90c7-5f4aaf55485c,2026-08-08T02:15:00Z,2026-08-08T04:15:00+0200,0.0,MW,NL,NL,actual_solar_generation,Solar | Actual Aggregated,2026-08-26T03:46:52Z
2026-08-26T03:42:24Z,2026-08-26T05:42:24+0200,e96b9d4a-1054-48fe-90c7-5f4aaf55485c,2026-08-08T02:15:00Z,2026-08-08T04:15:00+0200,0.126,MW,NL,NL,actual_solar_generation,Solar | Actual Consumption,2026-08-26T03:46:52Z
2026-08-26T03:42:24Z,2026-08-26T05:42:24+0200,e96b9d4a-1054-48fe-90c7-5f4aaf55485c,2026-08-08T02:30:00Z,2026-08-08T04:30:00+0200,0.0,MW,NL,NL,actual_solar_generation,Solar | Actual Aggregated,2026-08-26T03:46:52Z
2026-08-26T03:42:24Z,2026-08-26T05:42:24+0200,e96b9d4a-1054-48fe-90c7-5f4aaf55485c,2026-08-08T02:30:00Z,2026-08-08T04:30:00+0200,0.124,MW,NL,NL,actual_solar_generation,Solar | Actual Consumption,2026-08-26T03:46:52Z
2026-08-26T03:42:24Z,2026-08-26T05:42:24+0200,e96b9d4a-1054-48fe-90c7-5f4aaf55485c,2026-08-08T02:45:00Z,2026-08-08T04:45:00+0200,0.0,MW,NL,NL,actual_solar_generation,Solar | Actual Aggregated,2026-08-26T03:46:52Z
2026-08-26T03:42:24Z,2026-08-26T05:42:24+0200,e96b9d4a-1054-48fe-90c7-5f4aaf55485c,2026-08-08T02:45:00Z,2026-08-08T04:45:00+0200,0.13,MW,NL,NL,actual_solar_generation,Solar | Actual Consumption,2026-08-26T03:46:52Z
2026-08-26T03:42:24Z,2026-08-26T05:42:24+0200,e96b9d4a-1054-48fe-90c7-5f4aaf55485c,2026-08-08T03:00:00Z,2026-08-08T05:00:00+0200,0.0,MW,NL,NL,actual_solar_generation,Solar | Actual Aggregated,2026-08-26T03:46:52Z
2026-08-26T03:42:24Z,2026-08-26T05:42:24+0200,e96b9d4a-1054-48fe-90c7-5f4aaf55485c,2026-08-08T03:00:00Z,2026-08-08T05:00:00+0200,0.122,MW,NL,NL,actual_solar_generation,Solar | Actual Consumption,2026-08-26T03:46:52Z
2026-08-26T03:42:24Z,2026-08-26T05:42:24+0200,e96b9d4a-1054-48fe-90c7-5f4aaf55485c,2026-08-08T03:15:00Z,2026-08-08T05:15:00+0200,0.0,MW,NL,NL,actual_solar_generation,Solar | Actual Aggregated,2026-08-26T03:46:52Z
2026-08-26T03:42:24Z,2026-08-26T05:42:24+0200,e96b9d4a-1054-48fe-90c7-5f4aaf55485c,2026-08-08T03:15:00Z,2026-08-08T05:15:00+0200,0.135,MW,NL,NL,actual_solar_generation,Solar | Actual Consumption,2026-08-26T03:46:52Z
2026-08-26T03:42:24Z,2026-08-26T05:42:24+0200,e96b9d4a-1054-48fe-90c7-5f4aaf55485c,2026-08-08T03:30:00Z,2026-08-08T05:30:00+0200,0.0,MW,NL,NL,actual_solar_generation,Solar | Actual Aggregated,2026-08-26T03:46:52Z
2026-08-26T03:42:24Z,2026-08-26T05:42:24+0200,e96b9d4a-1054-48fe-90c7-5f4aaf55485c,2026-08-08T03:30:00Z,2026-08-08T05:30:00+0200,0.127,MW,NL,NL,actual_solar_generation,Solar | Actual Consumption,2026-08-26T03:46:52Z
2026-08-26T03:42:24Z,2026-08-26T05:42:24+0200,e96b9d4a-1054-48fe-90c7-5f4aaf55485c,2026-08-08T03:45:00Z,2026-08-08T05:45:00+0200,0.0,MW,NL,NL,actual_solar_generation,Solar | Actual Aggregated,2026-08-26T03:46:52Z
2026-08-26T03:42:24Z,2026-08-26T05:42:24+0200,e96b9d4a-1054-48fe-90c7-5f4aaf55485c,2026-08-08T03:45:00Z,2026-08-08T05:45:00+0200,0.127,MW,NL,NL,actual_solar_generation,Solar | Actual Consumption,2026-08-26T03:46:52Z
2026-08-26T03:42:24Z,2026-08-26T05:42:24+0200,e96b9d4a-1054-48fe-90c7-5f4aaf55485c,2026-08-08T04:00:00Z,2026-08-08T06:00:00+0200,0.37,MW,NL,NL,actual_solar_generation,Solar | Actual Aggregated,2026-08-26T03:46:52Z
2026-08-26T03:42:24Z,2026-08-26T05:42:24+0200,e96b9d4a-1054-48fe-90c7-5f4aaf55485c,2026-08-08T04:00:00Z,2026-08-08T06:00:00+0200,0.0,MW,NL,NL,actual_solar_generation,Solar | Actual Consumption,2026-08-26T03:46:52Z
2026-08-26T03:42:24Z,2026-08-26T05:42:24+0200,e96b9d4a-1054-48fe-90c7-5f4aaf55485c,2026-08-08T04:15:00Z,2026-08-08T06:15:00+0200,4.111,MW,NL,NL,actual_solar_generation,Solar | Actual Aggregated,2026-08-26T03:46:52Z
2026-08-26T03:42:24Z,2026-08-26T05:42:24+0200,e96b9d4a-1054-48fe-90c7-5f4aaf55485c,2026-08-08T04:15:00Z,2026-08-08T06:15:00+0200,0.0,MW,NL,NL,actual_solar_generation,Solar | Actual Consumption,2026-08-26T03:46:52Z
2026-08-26T03:42:24Z,2026-08-26T05:42:24+0200,e96b9d4a-1054-48fe-90c7-5f4aaf55485c,2026-08-08T04:30:00Z,2026-08-08T06:30:00+0200,6.661,MW,NL,NL,actual_solar_generation,Solar | Actual Aggregated,2026-08-26T03:46:52Z
2026-08-26T03:42:24Z,2026-08-26T05:42:24+0200,e96b9d4a-1054-48fe-90c7-5f4aaf55485c,2026-08-08T04:30:00Z,2026-08-08T06:30:00+0200,0.0,MW,NL,NL,actual_solar_generation,Solar | Actual Consumption,2026-08-26T03:46:52Z
2026-08-26T03:42:24Z,2026-08-26T05:42:24+0200,e96b9d4a-1054-48fe-90c7-5f4aaf55485c,2026-08-08T04:45:00Z,2026-08-08T06:45:00+0200,9.765,MW,NL,NL,actual_solar_generation,Solar | Actual Aggregated,2026-08-26T03:46:52Z
2026-08-26T03:42:24Z,2026-08-26T05:42:24+0200,e96b9d4a-1054-48fe-90c7-5f4aaf55485c,2026-08-08T04:45:00Z,2026-08-08T06:45:00+0200,0.0,MW,NL,NL,actual_solar_generation,Solar | Actual Consumption,2026-08-26T03:46:52Z
2026-08-26T03:42:24Z,2026-08-26T05:42:24+0200,e96b9d4a-1054-48fe-90c7-5f4aaf55485c,2026-08-08T05:00:00Z,2026-08-08T07:00:00+0200,15.261,MW,NL,NL,actual_solar_generation,Solar | Actual Aggregated,2026-08-26T03:46:52Z
2026-08-26T03:42:24Z,2026-08-26T05:42:24+0200,e96b9d4a-1054-48fe-90c7-5f4aaf55485c,2026-08-08T05:00:00Z,2026-08-08T07:00:00+0200,0.0,MW,NL,NL,actual_solar_generation,Solar | Actual Consumption,2026-08-26T03:46:52Z
2026-08-26T03:42:24Z,2026-08-26T05:42:24+0200,e96b9d4a-1054-48fe-90c7-5f4aaf55485c,2026-08-08T05:15:00Z,2026-08-08T07:15:00+0200,24.213,MW,NL,NL,actual_solar_generation,Solar | Actual Aggregated,2026-08-26T03:46:52Z
2026-08-26T03:42:24Z,2026-08-26T05:42:24+0200,e96b9d4a-1054-48fe-90c7-5f4aaf55485c,2026-08-08T05:15:00Z,2026-08-08T07:15:00+0200,0.0,MW,NL,NL,actual_solar_generation,Solar | Actual Consumption,2026-08-26T03:46:52Z
2026-08-26T03:42:24Z,2026-08-26T05:42:24+0200,e96b9d4a-1054-48fe-90c7-5f4aaf55485c,2026-08-08T05:30:00Z,2026-08-08T07:30:00+0200,34.444,MW,NL,NL,actual_solar_generation,Solar | Actual Aggregated,2026-08-26T03:46:52Z
2026-08-26T03:42:24Z,2026-08-26T05:42:24+0200,e96b9d4a-1054-48fe-90c7-5f4aaf55485c,2026-08-08T05:30:00Z,2026-08-08T07:30:00+0200,0.0,MW,NL,NL,actual_solar_generation,Solar | Actual Consumption,2026-08-26T03:46:52Z
2026-08-26T03:42:24Z,2026-08-26T05:42:24+0200,e96b9d4a-1054-48fe-90c7-5f4aaf55485c,2026-08-08T05:45:00Z,2026-08-08T07:45:00+0200,46.653,MW,NL,NL,actual_solar_generation,Solar | Actual Aggregated,2026-08-26T03:46:52Z
2026-08-26T03:42:24Z,2026-08-26T05:42:24+0200,e96b9d4a-1054-48fe-90c7-5f4aaf55485c,2026-08-08T05:45:00Z,2026-08-08T07:45:00+0200,0.0,MW,NL,NL,actual_solar_generation,Solar | Actual Consumption,2026-08-26T03:46:52Z
2026-08-26T03:42:24Z,2026-08-26T05:42:24+0200,e96b9d4a-1054-48fe-90c7-5f4aaf55485c,2026-08-08T06:00:00Z,2026-08-08T08:00:00+0200,60.503,MW,NL,NL,actual_solar_generation,Solar | Actual Aggregated,2026-08-26T03:46:52Z
2026-08-26T03:42:24Z,2026-08-26T05:42:24+0200,e96b9d4a-1054-48fe-90c7-5f4aaf55485c,2026-08-08T06:00:00Z,2026-08-08T08:00:00+0200,0.0,MW,NL,NL,actual_solar_generation,Solar | Actual Consumption,2026-08-26T03:46:52Z
2026-08-26T03:42:24Z,2026-08-26T05:42:24+0200,e96b9d4a-1054-48fe-90c7-5f4aaf55485c,2026-08-08T06:15:00Z,2026-08-08T08:15:00+0200,75.337,MW,NL,NL,actual_solar_generation,Solar | Actual Aggregated,2026-08-26T03:46:52Z
2026-08-26T03:42:24Z,2026-08-26T05:42:24+0200,e96b9d4a-1054-48fe-90c7-5f4aaf55485c,2026-08-08T06:15:00Z,2026-08-08T08:15:00+0200,0.0,MW,NL,NL,actual_solar_generation,Solar | Actual Consumption,2026-08-26T03:46:52Z
2026-08-26T03:42:24Z,2026-08-26T05:42:24+0200,e96b9d4a-1054-48fe-90c7-5f4aaf55485c,2026-08-08T06:30:00Z,2026-08-08T08:30:00+0200,90.651,MW,NL,NL,actual_solar_generation,Solar | Actual Aggregated,2026-08-26T03:46:52Z
2026-08-26T03:42:24Z,2026-08-26T05:42:24+0200,e96b9d4a-1054-48fe-90c7-5f4aaf55485c,2026-08-08T06:30:00Z,2026-08-08T08:30:00+0200,0.0,MW,NL,NL,actual_solar_generation,Solar | Actual Consumption,2026-08-26T03:46:52Z
2026-08-26T03:42:24Z,2026-08-26T05:42:24+0200,e96b9d4a-1054-48fe-90c7-5f4aaf55485c,2026-08-08T06:45:00Z,2026-08-08T08:45:00+0200,106.37,MW,NL,NL,actual_solar_generation,Solar | Actual Aggregated,2026-08-26T03:46:52Z
2026-08-26T03:42:24Z,2026-08-26T05:42:24+0200,e96b9d4a-1054-48fe-90c7-5f4aaf55485c,2026-08-08T06:45:00Z,2026-08-08T08:45:00+0200,0.0,MW,NL,NL,actual_solar_generation,Solar | Actual Consumption,2026-08-26T03:46:52Z
2026-08-26T03:42:24Z,2026-08-26T05:42:24+0200,e96b9d4a-1054-48fe-90c7-5f4aaf55485c,2026-08-08T07:00:00Z,2026-08-08T09:00:00+0200,121.962,MW,NL,NL,actual_solar_generation,Solar | Actual Aggregated,2026-08-26T03:46:52Z
2026-08-26T03:42:24Z,2026-08-26T05:42:24+0200,e96b9d4a-1054-48fe-90c7-5f4aaf55485c,2026-08-08T07:00:00Z,2026-08-08T09:00:00+0200,0.0,MW,NL,NL,actual_solar_generation,Solar | Actual Consumption,2026-08-26T03:46:52Z
2026-08-26T03:42:24Z,2026-08-26T05:42:24+0200,e96b9d4a-1054-48fe-90c7-5f4aaf55485c,2026-08-08T07:15:00Z,2026-08-08T09:15:00+0200,136.72,MW,NL,NL,actual_solar_generation,Solar | Actual Aggregated,2026-08-26T03:46:52Z
2026-08-26T03:42:24Z,2026-08-26T05:42:24+0200,e96b9d4a-1054-48fe-90c7-5f4aaf55485c,2026-08-08T07:15:00Z,2026-08-08T09:15:00+0200,0.0,MW,NL,NL,actual_solar_generation,Solar | Actual Consumption,2026-08-26T03:46:52Z
2026-08-26T03:42:24Z,2026-08-26T05:42:24+0200,e96b9d4a-1054-48fe-90c7-5f4aaf55485c,2026-08-08T07:30:00Z,2026-08-08T09:30:00+0200,149.893,MW,NL,NL,actual_solar_generation,Solar | Actual Aggregated,2026-08-26T03:46:52Z
2026-08-26T03:42:24Z,2026-08-26T05:42:24+0200,e96b9d4a-1054-48fe-90c7-5f4aaf55485c,2026-08-08T07:30:00Z,2026-08-08T09:30:00+0200,0.0,MW,NL,NL,actual_solar_generation,Solar | Actual Consumption,2026-08-26T03:46:52Z
2026-08-26T03:42:24Z,2026-08-26T05:42:24+0200,e96b9d4a-1054-48fe-90c7-5f4aaf55485c,2026-08-08T07:45:00Z,2026-08-08T09:45:00+0200,162.349,MW,NL,NL,actual_solar_generation,Solar | Actual Aggregated,2026-08-26T03:46:52Z
2026-08-26T03:42:24Z,2026-08-26T05:42:24+0200,e96b9d4a-1054-48fe-90c7-5f4aaf55485c,2026-08-08T07:45:00Z,2026-08-08T09:45:00+0200,0.0,MW,NL,NL,actual_solar_generation,Solar | Actual Consumption,2026-08-26T03:46:52Z
2026-08-26T03:42:24Z,2026-08-26T05:42:24+0200,e96b9d4a-1054-48fe-90c7-5f4aaf55485c,2026-08-08T08:00:00Z,2026-08-08T10:00:00+0200,175.116,MW,NL,NL,actual_solar_generation,Solar | Actual Aggregated,2026-08-26T03:46:52Z
2026-08-26T03:42:24Z,2026-08-26T05:42:24+0200,e96b9d4a-1054-48fe-90c7-5f4aaf55485c,2026-08-08T08:00:00Z,2026-08-08T10:00:00+0200,0.0,MW,NL,NL,actual_solar_generation,Solar | Actual Consumption,2026-08-26T03:46:52Z
2026-08-26T03:42:24Z,2026-08-26T05:42:24+0200,e96b9d4a-1054-48fe-90c7-5f4aaf55485c,2026-08-08T08:15:00Z,2026-08-08T10:15:00+0200,173.62,MW,NL,NL,actual_solar_generation,Solar | Actual Aggregated,2026-08-26T03:46:52Z
2026-08-26T03:42:24Z,2026-08-26T05:42:24+0200,e96b9d4a-1054-48fe-90c7-5f4aaf55485c,2026-08-08T08:15:00Z,2026-08-08T10:15:00+0200,0.0,MW,NL,NL,actual_solar_generation,Solar | Actual Consumption,2026-08-26T03:46:52Z
2026-08-26T03:42:24Z,2026-08-26T05:42:24+0200,e96b9d4a-1054-48fe-90c7-5f4aaf55485c,2026-08-08T08:30:00Z,2026-08-08T10:30:00+0200,167.475,MW,NL,NL,actual_solar_generation,Solar | Actual Aggregated,2026-08-26T03:46:52Z
2026-08-26T03:42:24Z,2026-08-26T05:42:24+0200,e96b9d4a-1054-48fe-90c7-5f4aaf55485c,2026-08-08T08:30:00Z,2026-08-08T10:30:00+0200,0.0,MW,NL,NL,actual_solar_generation,Solar | Actual Consumption,2026-08-26T03:46:52Z
2026-08-26T03:42:24Z,2026-08-26T05:42:24+0200,e96b9d4a-1054-48fe-90c7-5f4aaf55485c,2026-08-08T08:45:00Z,2026-08-08T10:45:00+0200,193.446,MW,NL,NL,actual_solar_generation,Solar | Actual Aggregated,2026-08-26T03:46:52Z
2026-08-26T03:42:24Z,2026-08-26T05:42:24+0200,e96b9d4a-1054-48fe-90c7-5f4aaf55485c,2026-08-08T08:45:00Z,2026-08-08T10:45:00+0200,0.0,MW,NL,NL,actual_solar_generation,Solar | Actual Consumption,2026-08-26T03:46:52Z
2026-08-26T03:42:24Z,2026-08-26T05:42:24+0200,e96b9d4a-1054-48fe-90c7-5f4aaf55485c,2026-08-08T09:00:00Z,2026-08-08T11:00:00+0200,178.256,MW,NL,NL,actual_solar_generation,Solar | Actual Aggregated,2026-08-26T03:46:52Z
2026-08-26T03:42:24Z,2026-08-26T05:42:24+0200,e96b9d4a-1054-48fe-90c7-5f4aaf55485c,2026-08-08T09:00:00Z,2026-08-08T11:00:00+0200,0.0,MW,NL,NL,actual_solar_generation,Solar | Actual Consumption,2026-08-26T03:46:52Z
2026-08-26T03:42:24Z,2026-08-26T05:42:24+0200,e96b9d4a-1054-48fe-90c7-5f4aaf55485c,2026-08-08T09:15:00Z,2026-08-08T11:15:00+0200,189.939,MW,NL,NL,actual_solar_generation,Solar | Actual Aggregated,2026-08-26T03:46:52Z
2026-08-26T03:42:24Z,2026-08-26T05:42:24+0200,e96b9d4a-1054-48fe-90c7-5f4aaf55485c,2026-08-08T09:15:00Z,2026-08-08T11:15:00+0200,0.0,MW,NL,NL,actual_solar_generation,Solar | Actual Consumption,2026-08-26T03:46:52Z
2026-08-26T03:42:24Z,2026-08-26T05:42:24+0200,e96b9d4a-1054-48fe-90c7-5f4aaf55485c,2026-08-08T09:30:00Z,2026-08-08T11:30:00+0200,210.04,MW,NL,NL,actual_solar_generation,Solar | Actual Aggregated,2026-08-26T03:46:52Z
2026-08-26T03:42:24Z,2026-08-26T05:42:24+0200,e96b9d4a-1054-48fe-90c7-5f4aaf55485c,2026-08-08T09:30:00Z,2026-08-08T11:30:00+0200,0.0,MW,NL,NL,actual_solar_generation,Solar | Actual Consumption,2026-08-26T03:46:52Z
2026-08-26T03:42:24Z,2026-08-26T05:42:24+0200,e96b9d4a-1054-48fe-90c7-5f4aaf55485c,2026-08-08T09:45:00Z,2026-08-08T11:45:00+0200,215.401,MW,NL,NL,actual_solar_generation,Solar | Actual Aggregated,2026-08-26T03:46:52Z
2026-08-26T03:42:24Z,2026-08-26T05:42:24+0200,e96b9d4a-1054-48fe-90c7-5f4aaf55485c,2026-08-08T09:45:00Z,2026-08-08T11:45:00+0200,0.0,MW,NL,NL,actual_solar_generation,Solar | Actual Consumption,2026-08-26T03:46:52Z
2026-08-26T03:42:24Z,2026-08-26T05:42:24+0200,e96b9d4a-1054-48fe-90c7-5f4aaf55485c,2026-08-08T10:00:00Z,2026-08-08T12:00:00+0200,224.247,MW,NL,NL,actual_solar_generation,Solar | Actual Aggregated,2026-08-26T03:46:52Z
2026-08-26T03:42:24Z,2026-08-26T05:42:24+0200,e96b9d4a-1054-48fe-90c7-5f4aaf55485c,2026-08-08T10:00:00Z,2026-08-08T12:00:00+0200,0.0,MW,NL,NL,actual_solar_generation,Solar | Actual Consumption,2026-08-26T03:46:52Z
2026-08-26T03:42:24Z,2026-08-26T05:42:24+0200,e96b9d4a-1054-48fe-90c7-5f4aaf55485c,2026-08-08T10:15:00Z,2026-08-08T12:15:00+0200,236.94,MW,NL,NL,actual_solar_generation,Solar | Actual Aggregated,2026-08-26T03:46:52Z
2026-08-26T03:42:24Z,2026-08-26T05:42:24+0200,e96b9d4a-1054-48fe-90c7-5f4aaf55485c,2026-08-08T10:15:00Z,2026-08-08T12:15:00+0200,0.0,MW,NL,NL,actual_solar_generation,Solar | Actual Consumption,2026-08-26T03:46:52Z
2026-08-26T03:42:24Z,2026-08-26T05:42:24+0200,e96b9d4a-1054-48fe-90c7-5f4aaf55485c,2026-08-08T10:30:00Z,2026-08-08T12:30:00+0200,246.403,MW,NL,NL,actual_solar_generation,Solar | Actual Aggregated,2026-08-26T03:46:52Z
2026-08-26T03:42:24Z,2026-08-26T05:42:24+0200,e96b9d4a-1054-48fe-90c7-5f4aaf55485c,2026-08-08T10:30:00Z,2026-08-08T12:30:00+0200,0.0,MW,NL,NL,actual_solar_generation,Solar | Actual Consumption,2026-08-26T03:46:52Z
2026-08-26T03:42:24Z,2026-08-26T05:42:24+0200,e96b9d4a-1054-48fe-90c7-5f4aaf55485c,2026-08-08T10:45:00Z,2026-08-08T12:45:00+0200,245.82,MW,NL,NL,actual_solar_generation,Solar | Actual Aggregated,2026-08-26T03:46:52Z
2026-08-26T03:42:24Z,2026-08-26T05:42:24+0200,e96b9d4a-1054-48fe-90c7-5f4aaf55485c,2026-08-08T10:45:00Z,2026-08-08T12:45:00+0200,0.0,MW,NL,NL,actual_solar_generation,Solar | Actual Consumption,2026-08-26T03:46:52Z
2026-08-26T03:42:24Z,2026-08-26T05:42:24+0200,e96b9d4a-1054-48fe-90c7-5f4aaf55485c,2026-08-08T11:00:00Z,2026-08-08T13:00:00+0200,235.533,MW,NL,NL,actual_solar_generation,Solar | Actual Aggregated,2026-08-26T03:46:52Z
2026-08-26T03:42:24Z,2026-08-26T05:42:24+0200,e96b9d4a-1054-48fe-90c7-5f4aaf55485c,2026-08-08T11:00:00Z,2026-08-08T13:00:00+0200,0.0,MW,NL,NL,actual_solar_generation,Solar | Actual Consumption,2026-08-26T03:46:52Z
2026-08-26T03:42:24Z,2026-08-26T05:42:24+0200,e96b9d4a-1054-48fe-90c7-5f4aaf55485c,2026-08-08T11:15:00Z,2026-08-08T13:15:00+0200,239.761,MW,NL,NL,actual_solar_generation,Solar | Actual Aggregated,2026-08-26T03:46:52Z
2026-08-26T03:42:24Z,2026-08-26T05:42:24+0200,e96b9d4a-1054-48fe-90c7-5f4aaf55485c,2026-08-08T11:15:00Z,2026-08-08T13:15:00+0200,0.0,MW,NL,NL,actual_solar_generation,Solar | Actual Consumption,2026-08-26T03:46:52Z
2026-08-26T03:42:24Z,2026-08-26T05:42:24+0200,e96b9d4a-1054-48fe-90c7-5f4aaf55485c,2026-08-08T11:30:00Z,2026-08-08T13:30:00+0200,246.923,MW,NL,NL,actual_solar_generation,Solar | Actual Aggregated,2026-08-26T03:46:52Z
2026-08-26T03:42:24Z,2026-08-26T05:42:24+0200,e96b9d4a-1054-48fe-90c7-5f4aaf55485c,2026-08-08T11:30:00Z,2026-08-08T13:30:00+0200,0.0,MW,NL,NL,actual_solar_generation,Solar | Actual Consumption,2026-08-26T03:46:52Z
2026-08-26T03:42:24Z,2026-08-26T05:42:24+0200,e96b9d4a-1054-48fe-90c7-5f4aaf55485c,2026-08-08T11:45:00Z,2026-08-08T13:45:00+0200,246.825,MW,NL,NL,actual_solar_generation,Solar | Actual Aggregated,2026-08-26T03:46:52Z
2026-08-26T03:42:24Z,2026-08-26T05:42:24+0200,e96b9d4a-1054-48fe-90c7-5f4aaf55485c,2026-08-08T11:45:00Z,2026-08-08T13:45:00+0200,0.0,MW,NL,NL,actual_solar_generation,Solar | Actual Consumption,2026-08-26T03:46:52Z
2026-08-26T03:42:24Z,2026-08-26T05:42:24+0200,e96b9d4a-1054-48fe-90c7-5f4aaf55485c,2026-08-08T12:00:00Z,2026-08-08T14:00:00+0200,246.98,MW,NL,NL,actual_solar_generation,Solar | Actual Aggregated,2026-08-26T03:46:52Z
2026-08-26T03:42:24Z,2026-08-26T05:42:24+0200,e96b9d4a-1054-48fe-90c7-5f4aaf55485c,2026-08-08T12:00:00Z,2026-08-08T14:00:00+0200,0.0,MW,NL,NL,actual_solar_generation,Solar | Actual Consumption,2026-08-26T03:46:52Z
2026-08-26T03:42:24Z,2026-08-26T05:42:24+0200,e96b9d4a-1054-48fe-90c7-5f4aaf55485c,2026-08-08T12:15:00Z,2026-08-08T14:15:00+0200,245.769,MW,NL,NL,actual_solar_generation,Solar | Actual Aggregated,2026-08-26T03:46:52Z
2026-08-26T03:42:24Z,2026-08-26T05:42:24+0200,e96b9d4a-1054-48fe-90c7-5f4aaf55485c,2026-08-08T12:15:00Z,2026-08-08T14:15:00+0200,0.0,MW,NL,NL,actual_solar_generation,Solar | Actual Consumption,2026-08-26T03:46:52Z
2026-08-26T03:42:24Z,2026-08-26T05:42:24+0200,e96b9d4a-1054-48fe-90c7-5f4aaf55485c,2026-08-08T12:30:00Z,2026-08-08T14:30:00+0200,244.303,MW,NL,NL,actual_solar_generation,Solar | Actual Aggregated,2026-08-26T03:46:52Z
2026-08-26T03:42:24Z,2026-08-26T05:42:24+0200,e96b9d4a-1054-48fe-90c7-5f4aaf55485c,2026-08-08T12:30:00Z,2026-08-08T14:30:00+0200,0.0,MW,NL,NL,actual_solar_generation,Solar | Actual Consumption,2026-08-26T03:46:52Z
2026-08-26T03:42:24Z,2026-08-26T05:42:24+0200,e96b9d4a-1054-48fe-90c7-5f4aaf55485c,2026-08-08T12:45:00Z,2026-08-08T14:45:00+0200,241.959,MW,NL,NL,actual_solar_generation,Solar | Actual Aggregated,2026-08-26T03:46:52Z
2026-08-26T03:42:24Z,2026-08-26T05:42:24+0200,e96b9d4a-1054-48fe-90c7-5f4aaf55485c,2026-08-08T12:45:00Z,2026-08-08T14:45:00+0200,0.0,MW,NL,NL,actual_solar_generation,Solar | Actual Consumption,2026-08-26T03:46:52Z
2026-08-26T03:42:24Z,2026-08-26T05:42:24+0200,e96b9d4a-1054-48fe-90c7-5f4aaf55485c,2026-08-08T13:00:00Z,2026-08-08T15:00:00+0200,238.631,MW,NL,NL,actual_solar_generation,Solar | Actual Aggregated,2026-08-26T03:46:52Z
2026-08-26T03:42:24Z,2026-08-26T05:42:24+0200,e96b9d4a-1054-48fe-90c7-5f4aaf55485c,2026-08-08T13:00:00Z,2026-08-08T15:00:00+0200,0.0,MW,NL,NL,actual_solar_generation,Solar | Actual Consumption,2026-08-26T03:46:52Z
2026-08-26T03:42:24Z,2026-08-26T05:42:24+0200,e96b9d4a-1054-48fe-90c7-5f4aaf55485c,2026-08-08T13:15:00Z,2026-08-08T15:15:00+0200,231.945,MW,NL,NL,actual_solar_generation,Solar | Actual Aggregated,2026-08-26T03:46:52Z
2026-08-26T03:42:24Z,2026-08-26T05:42:24+0200,e96b9d4a-1054-48fe-90c7-5f4aaf55485c,2026-08-08T13:15:00Z,2026-08-08T15:15:00+0200,0.0,MW,NL,NL,actual_solar_generation,Solar | Actual Consumption,2026-08-26T03:46:52Z
2026-08-26T03:42:24Z,2026-08-26T05:42:24+0200,e96b9d4a-1054-48fe-90c7-5f4aaf55485c,2026-08-08T13:30:00Z,2026-08-08T15:30:00+0200,229.542,MW,NL,NL,actual_solar_generation,Solar | Actual Aggregated,2026-08-26T03:46:52Z
2026-08-26T03:42:24Z,2026-08-26T05:42:24+0200,e96b9d4a-1054-48fe-90c7-5f4aaf55485c,2026-08-08T13:30:00Z,2026-08-08T15:30:00+0200,0.0,MW,NL,NL,actual_solar_generation,Solar | Actual Consumption,2026-08-26T03:46:52Z
2026-08-26T03:42:24Z,2026-08-26T05:42:24+0200,e96b9d4a-1054-48fe-90c7-5f4aaf55485c,2026-08-08T13:45:00Z,2026-08-08T15:45:00+0200,223.433,MW,NL,NL,actual_solar_generation,Solar | Actual Aggregated,2026-08-26T03:46:52Z
2026-08-26T03:42:24Z,2026-08-26T05:42:24+0200,e96b9d4a-1054-48fe-90c7-5f4aaf55485c,2026-08-08T13:45:00Z,2026-08-08T15:45:00+0200,0.0,MW,NL,NL,actual_solar_generation,Solar | Actual Consumption,2026-08-26T03:46:52Z
2026-08-26T03:42:24Z,2026-08-26T05:42:24+0200,e96b9d4a-1054-48fe-90c7-5f4aaf55485c,2026-08-08T14:00:00Z,2026-08-08T16:00:00+0200,214.392,MW,NL,NL,actual_solar_generation,Solar | Actual Aggregated,2026-08-26T03:46:52Z
2026-08-26T03:42:24Z,2026-08-26T05:42:24+0200,e96b9d4a-1054-48fe-90c7-5f4aaf55485c,2026-08-08T14:00:00Z,2026-08-08T16:00:00+0200,0.0,MW,NL,NL,actual_solar_generation,Solar | Actual Consumption,2026-08-26T03:46:52Z
2026-08-26T03:42:24Z,2026-08-26T05:42:24+0200,e96b9d4a-1054-48fe-90c7-5f4aaf55485c,2026-08-08T14:15:00Z,2026-08-08T16:15:00+0200,208.244,MW,NL,NL,actual_solar_generation,Solar | Actual Aggregated,2026-08-26T03:46:52Z
2026-08-26T03:42:24Z,2026-08-26T05:42:24+0200,e96b9d4a-1054-48fe-90c7-5f4aaf55485c,2026-08-08T14:15:00Z,2026-08-08T16:15:00+0200,0.0,MW,NL,NL,actual_solar_generation,Solar | Actual Consumption,2026-08-26T03:46:52Z
2026-08-26T03:42:24Z,2026-08-26T05:42:24+0200,e96b9d4a-1054-48fe-90c7-5f4aaf55485c,2026-08-08T14:30:00Z,2026-08-08T16:30:00+0200,198.739,MW,NL,NL,actual_solar_generation,Solar | Actual Aggregated,2026-08-26T03:46:52Z
2026-08-26T03:42:24Z,2026-08-26T05:42:24+0200,e96b9d4a-1054-48fe-90c7-5f4aaf55485c,2026-08-08T14:30:00Z,2026-08-08T16:30:00+0200,0.0,MW,NL,NL,actual_solar_generation,Solar | Actual Consumption,2026-08-26T03:46:52Z
2026-08-26T03:42:24Z,2026-08-26T05:42:24+0200,e96b9d4a-1054-48fe-90c7-5f4aaf55485c,2026-08-08T14:45:00Z,2026-08-08T16:45:00+0200,188.331,MW,NL,NL,actual_solar_generation,Solar | Actual Aggregated,2026-08-26T03:46:52Z
2026-08-26T03:42:24Z,2026-08-26T05:42:24+0200,e96b9d4a-1054-48fe-90c7-5f4aaf55485c,2026-08-08T14:45:00Z,2026-08-08T16:45:00+0200,0.0,MW,NL,NL,actual_solar_generation,Solar | Actual Consumption,2026-08-26T03:46:52Z
2026-08-26T03:42:24Z,2026-08-26T05:42:24+0200,e96b9d4a-1054-48fe-90c7-5f4aaf55485c,2026-08-08T15:00:00Z,2026-08-08T17:00:00+0200,176.935,MW,NL,NL,actual_solar_generation,Solar | Actual Aggregated,2026-08-26T03:46:52Z
2026-08-26T03:42:24Z,2026-08-26T05:42:24+0200,e96b9d4a-1054-48fe-90c7-5f4aaf55485c,2026-08-08T15:00:00Z,2026-08-08T17:00:00+0200,0.0,MW,NL,NL,actual_solar_generation,Solar | Actual Consumption,2026-08-26T03:46:52Z
2026-08-26T03:42:24Z,2026-08-26T05:42:24+0200,e96b9d4a-1054-48fe-90c7-5f4aaf55485c,2026-08-08T15:15:00Z,2026-08-08T17:15:00+0200,164.042,MW,NL,NL,actual_solar_generation,Solar | Actual Aggregated,2026-08-26T03:46:52Z
2026-08-26T03:42:24Z,2026-08-26T05:42:24+0200,e96b9d4a-1054-48fe-90c7-5f4aaf55485c,2026-08-08T15:15:00Z,2026-08-08T17:15:00+0200,0.0,MW,NL,NL,actual_solar_generation,Solar | Actual Consumption,2026-08-26T03:46:52Z
2026-08-26T03:42:24Z,2026-08-26T05:42:24+0200,e96b9d4a-1054-48fe-90c7-5f4aaf55485c,2026-08-08T15:30:00Z,2026-08-08T17:30:00+0200,152.055,MW,NL,NL,actual_solar_generation,Solar | Actual Aggregated,2026-08-26T03:46:52Z
2026-08-26T03:42:24Z,2026-08-26T05:42:24+0200,e96b9d4a-1054-48fe-90c7-5f4aaf55485c,2026-08-08T15:30:00Z,2026-08-08T17:30:00+0200,0.0,MW,NL,NL,actual_solar_generation,Solar | Actual Consumption,2026-08-26T03:46:52Z
2026-08-26T03:42:24Z,2026-08-26T05:42:24+0200,e96b9d4a-1054-48fe-90c7-5f4aaf55485c,2026-08-08T15:45:00Z,2026-08-08T17:45:00+0200,137.353,MW,NL,NL,actual_solar_generation,Solar | Actual Aggregated,2026-08-26T03:46:52Z
2026-08-26T03:42:24Z,2026-08-26T05:42:24+0200,e96b9d4a-1054-48fe-90c7-5f4aaf55485c,2026-08-08T15:45:00Z,2026-08-08T17:45:00+0200,0.0,MW,NL,NL,actual_solar_generation,Solar | Actual Consumption,2026-08-26T03:46:52Z
2026-08-26T03:42:24Z,2026-08-26T05:42:24+0200,e96b9d4a-1054-48fe-90c7-5f4aaf55485c,2026-08-08T16:00:00Z,2026-08-08T18:00:00+0200,119.41,MW,NL,NL,actual_solar_generation,Solar | Actual Aggregated,2026-08-26T03:46:52Z
2026-08-26T03:42:24Z,2026-08-26T05:42:24+0200,e96b9d4a-1054-48fe-90c7-5f4aaf55485c,2026-08-08T16:00:00Z,2026-08-08T18:00:00+0200,0.0,MW,NL,NL,actual_solar_generation,Solar | Actual Consumption,2026-08-26T03:46:52Z
2026-08-26T03:42:24Z,2026-08-26T05:42:24+0200,e96b9d4a-1054-48fe-90c7-5f4aaf55485c,2026-08-08T16:15:00Z,2026-08-08T18:15:00+0200,105.225,MW,NL,NL,actual_solar_generation,Solar | Actual Aggregated,2026-08-26T03:46:52Z
2026-08-26T03:42:24Z,2026-08-26T05:42:24+0200,e96b9d4a-1054-48fe-90c7-5f4aaf55485c,2026-08-08T16:15:00Z,2026-08-08T18:15:00+0200,0.0,MW,NL,NL,actual_solar_generation,Solar | Actual Consumption,2026-08-26T03:46:52Z
2026-08-26T03:42:24Z,2026-08-26T05:42:24+0200,e96b9d4a-1054-48fe-90c7-5f4aaf55485c,2026-08-08T16:30:00Z,2026-08-08T18:30:00+0200,88.868,MW,NL,NL,actual_solar_generation,Solar | Actual Aggregated,2026-08-26T03:46:52Z
2026-08-26T03:42:24Z,2026-08-26T05:42:24+0200,e96b9d4a-1054-48fe-90c7-5f4aaf55485c,2026-08-08T16:30:00Z,2026-08-08T18:30:00+0200,0.0,MW,NL,NL,actual_solar_generation,Solar | Actual Consumption,2026-08-26T03:46:52Z
2026-08-26T03:42:24Z,2026-08-26T05:42:24+0200,e96b9d4a-1054-48fe-90c7-5f4aaf55485c,2026-08-08T16:45:00Z,2026-08-08T18:45:00+0200,75.586,MW,NL,NL,actual_solar_generation,Solar | Actual Aggregated,2026-08-26T03:46:52Z
2026-08-26T03:42:24Z,2026-08-26T05:42:24+0200,e96b9d4a-1054-48fe-90c7-5f4aaf55485c,2026-08-08T16:45:00Z,2026-08-08T18:45:00+0200,0.0,MW,NL,NL,actual_solar_generation,Solar | Actual Consumption,2026-08-26T03:46:52Z
2026-08-26T03:42:24Z,2026-08-26T05:42:24+0200,e96b9d4a-1054-48fe-90c7-5f4aaf55485c,2026-08-08T17:00:00Z,2026-08-08T19:00:00+0200,55.993,MW,NL,NL,actual_solar_generation,Solar | Actual Aggregated,2026-08-26T03:46:52Z
2026-08-26T03:42:24Z,2026-08-26T05:42:24+0200,e96b9d4a-1054-48fe-90c7-5f4aaf55485c,2026-08-08T17:00:00Z,2026-08-08T19:00:00+0200,0.0,MW,NL,NL,actual_solar_generation,Solar | Actual Consumption,2026-08-26T03:46:52Z
2026-08-26T03:42:24Z,2026-08-26T05:42:24+0200,e96b9d4a-1054-48fe-90c7-5f4aaf55485c,2026-08-08T17:15:00Z,2026-08-08T19:15:00+0200,48.594,MW,NL,NL,actual_solar_generation,Solar | Actual Aggregated,2026-08-26T03:46:52Z
2026-08-26T03:42:24Z,2026-08-26T05:42:24+0200,e96b9d4a-1054-48fe-90c7-5f4aaf55485c,2026-08-08T17:15:00Z,2026-08-08T19:15:00+0200,0.0,MW,NL,NL,actual_solar_generation,Solar | Actual Consumption,2026-08-26T03:46:52Z
2026-08-26T03:42:24Z,2026-08-26T05:42:24+0200,e96b9d4a-1054-48fe-90c7-5f4aaf55485c,2026-08-08T17:30:00Z,2026-08-08T19:30:00+0200,37.849,MW,NL,NL,actual_solar_generation,Solar | Actual Aggregated,2026-08-26T03:46:52Z
2026-08-26T03:42:24Z,2026-08-26T05:42:24+0200,e96b9d4a-1054-48fe-90c7-5f4aaf55485c,2026-08-08T17:30:00Z,2026-08-08T19:30:00+0200,0.0,MW,NL,NL,actual_solar_generation,Solar | Actual Consumption,2026-08-26T03:46:52Z
2026-08-26T03:42:24Z,2026-08-26T05:42:24+0200,e96b9d4a-1054-48fe-90c7-5f4aaf55485c,2026-08-08T17:45:00Z,2026-08-08T19:45:00+0200,25.298,MW,NL,NL,actual_solar_generation,Solar | Actual Aggregated,2026-08-26T03:46:52Z
2026-08-26T03:42:24Z,2026-08-26T05:42:24+0200,e96b9d4a-1054-48fe-90c7-5f4aaf55485c,2026-08-08T17:45:00Z,2026-08-08T19:45:00+0200,0.0,MW,NL,NL,actual_solar_generation,Solar | Actual Consumption,2026-08-26T03:46:52Z
2026-08-26T03:42:24Z,2026-08-26T05:42:24+0200,e96b9d4a-1054-48fe-90c7-5f4aaf55485c,2026-08-08T18:00:00Z,2026-08-08T20:00:00+0200,15.493,MW,NL,NL,actual_solar_generation,Solar | Actual Aggregated,2026-08-26T03:46:52Z
2026-08-26T03:42:24Z,2026-08-26T05:42:24+0200,e96b9d4a-1054-48fe-90c7-5f4aaf55485c,2026-08-08T18:00:00Z,2026-08-08T20:00:00+0200,0.0,MW,NL,NL,actual_solar_generation,Solar | Actual Consumption,2026-08-26T03:46:52Z
2026-08-26T03:42:24Z,2026-08-26T05:42:24+0200,e96b9d4a-1054-48fe-90c7-5f4aaf55485c,2026-08-08T18:15:00Z,2026-08-08T20:15:00+0200,9.678,MW,NL,NL,actual_solar_generation,Solar | Actual Aggregated,2026-08-26T03:46:52Z
2026-08-26T03:42:24Z,2026-08-26T05:42:24+0200,e96b9d4a-1054-48fe-90c7-5f4aaf55485c,2026-08-08T18:15:00Z,2026-08-08T20:15:00+0200,0.0,MW,NL,NL,actual_solar_generation,Solar | Actual Consumption,2026-08-26T03:46:52Z
2026-08-26T03:42:24Z,2026-08-26T05:42:24+0200,e96b9d4a-1054-48fe-90c7-5f4aaf55485c,2026-08-08T18:30:00Z,2026-08-08T20:30:00+0200,4.811,MW,NL,NL,actual_solar_generation,Solar | Actual Aggregated,2026-08-26T03:46:52Z
2026-08-26T03:42:24Z,2026-08-26T05:42:24+0200,e96b9d4a-1054-48fe-90c7-5f4aaf55485c,2026-08-08T18:30:00Z,2026-08-08T20:30:00+0200,0.0,MW,NL,NL,actual_solar_generation,Solar | Actual Consumption,2026-08-26T03:46:52Z
2026-08-26T03:42:24Z,2026-08-26T05:42:24+0200,e96b9d4a-1054-48fe-90c7-5f4aaf55485c,2026-08-08T18:45:00Z,2026-08-08T20:45:00+0200,2.069,MW,NL,NL,actual_solar_generation,Solar | Actual Aggregated,2026-08-26T03:46:52Z
2026-08-26T03:42:24Z,2026-08-26T05:42:24+0200,e96b9d4a-1054-48fe-90c7-5f4aaf55485c,2026-08-08T18:45:00Z,2026-08-08T20:45:00+0200,0.0,MW,NL,NL,actual_solar_generation,Solar | Actual Consumption,2026-08-26T03:46:52Z
2026-08-26T03:42:24Z,2026-08-26T05:42:24+0200,e96b9d4a-1054-48fe-90c7-5f4aaf55485c,2026-08-08T19:00:00Z,2026-08-08T21:00:00+0200,0.482,MW,NL,NL,actual_solar_generation,Solar | Actual Aggregated,2026-08-26T03:46:52Z
2026-08-26T03:42:24Z,2026-08-26T05:42:24+0200,e96b9d4a-1054-48fe-90c7-5f4aaf55485c,2026-08-08T19:00:00Z,2026-08-08T21:00:00+0200,0.697,MW,NL,NL,actual_solar_generation,Solar | Actual Consumption,2026-08-26T03:46:52Z
2026-08-26T03:42:24Z,2026-08-26T05:42:24+0200,e96b9d4a-1054-48fe-90c7-5f4aaf55485c,2026-08-08T19:15:00Z,2026-08-08T21:15:00+0200,0.0,MW,NL,NL,actual_solar_generation,Solar | Actual Aggregated,2026-08-26T03:46:52Z
2026-08-26T03:42:24Z,2026-08-26T05:42:24+0200,e96b9d4a-1054-48fe-90c7-5f4aaf55485c,2026-08-08T19:15:00Z,2026-08-08T21:15:00+0200,0.13,MW,NL,NL,actual_solar_generation,Solar | Actual Consumption,2026-08-26T03:46:52Z
2026-08-26T03:42:24Z,2026-08-26T05:42:24+0200,e96b9d4a-1054-48fe-90c7-5f4aaf55485c,2026-08-08T19:30:00Z,2026-08-08T21:30:00+0200,0.0,MW,NL,NL,actual_solar_generation,Solar | Actual Aggregated,2026-08-26T03:46:52Z
2026-08-26T03:42:24Z,2026-08-26T05:42:24+0200,e96b9d4a-1054-48fe-90c7-5f4aaf55485c,2026-08-08T19:30:00Z,2026-08-08T21:30:00+0200,0.13,MW,NL,NL,actual_solar_generation,Solar | Actual Consumption,2026-08-26T03:46:52Z
2026-08-26T03:42:24Z,2026-08-26T05:42:24+0200,e96b9d4a-1054-48fe-90c7-5f4aaf55485c,2026-08-08T19:45:00Z,2026-08-08T21:45:00+0200,0.0,MW,NL,NL,actual_solar_generation,Solar | Actual Aggregated,2026-08-26T03:46:52Z
2026-08-26T03:42:24Z,2026-08-26T05:42:24+0200,e96b9d4a-1054-48fe-90c7-5f4aaf55485c,2026-08-08T19:45:00Z,2026-08-08T21:45:00+0200,0.13,MW,NL,NL,actual_solar_generation,Solar | Actual Consumption,2026-08-26T03:46:52Z
2026-08-26T03:42:24Z,2026-08-26T05:42:24+0200,e96b9d4a-1054-48fe-90c7-5f4aaf55485c,2026-08-08T20:00:00Z,2026-08-08T22:00:00+0200,0.0,MW,NL,NL,actual_solar_generation,Solar | Actual Aggregated,2026-08-26T03:46:52Z
2026-08-26T03:42:24Z,2026-08-26T05:42:24+0200,e96b9d4a-1054-48fe-90c7-5f4aaf55485c,2026-08-08T20:00:00Z,2026-08-08T22:00:00+0200,0.122,MW,NL,NL,actual_solar_generation,Solar | Actual Consumption,2026-08-26T03:46:52Z
2026-08-26T03:42:24Z,2026-08-26T05:42:24+0200,e96b9d4a-1054-48fe-90c7-5f4aaf55485c,2026-08-08T20:15:00Z,2026-08-08T22:15:00+0200,0.0,MW,NL,NL,actual_solar_generation,Solar | Actual Aggregated,2026-08-26T03:46:52Z
2026-08-26T03:42:24Z,2026-08-26T05:42:24+0200,e96b9d4a-1054-48fe-90c7-5f4aaf55485c,2026-08-08T20:15:00Z,2026-08-08T22:15:00+0200,0.111,MW,NL,NL,actual_solar_generation,Solar | Actual Consumption,2026-08-26T03:46:52Z
2026-08-26T03:42:24Z,2026-08-26T05:42:24+0200,e96b9d4a-1054-48fe-90c7-5f4aaf55485c,2026-08-08T20:30:00Z,2026-08-08T22:30:00+0200,0.0,MW,NL,NL,actual_solar_generation,Solar | Actual Aggregated,2026-08-26T03:46:52Z
2026-08-26T03:42:24Z,2026-08-26T05:42:24+0200,e96b9d4a-1054-48fe-90c7-5f4aaf55485c,2026-08-08T20:30:00Z,2026-08-08T22:30:00+0200,0.128,MW,NL,NL,actual_solar_generation,Solar | Actual Consumption,2026-08-26T03:46:52Z
2026-08-26T03:42:24Z,2026-08-26T05:42:24+0200,e96b9d4a-1054-48fe-90c7-5f4aaf55485c,2026-08-08T20:45:00Z,2026-08-08T22:45:00+0200,0.0,MW,NL,NL,actual_solar_generation,Solar | Actual Aggregated,2026-08-26T03:46:52Z
2026-08-26T03:42:24Z,2026-08-26T05:42:24+0200,e96b9d4a-1054-48fe-90c7-5f4aaf55485c,2026-08-08T20:45:00Z,2026-08-08T22:45:00+0200,0.128,MW,NL,NL,actual_solar_generation,Solar | Actual Consumption,2026-08-26T03:46:52Z
2026-08-26T03:42:24Z,2026-08-26T05:42:24+0200,e96b9d4a-1054-48fe-90c7-5f4aaf55485c,2026-08-08T21:00:00Z,2026-08-08T23:00:00+0200,0.0,MW,NL,NL,actual_solar_generation,Solar | Actual Aggregated,2026-08-26T03:46:52Z
2026-08-26T03:42:24Z,2026-08-26T05:42:24+0200,e96b9d4a-1054-48fe-90c7-5f4aaf55485c,2026-08-08T21:00:00Z,2026-08-08T23:00:00+0200,0.121,MW,NL,NL,actual_solar_generation,Solar | Actual Consumption,2026-08-26T03:46:52Z
2026-08-26T03:42:24Z,2026-08-26T05:42:24+0200,e96b9d4a-1054-48fe-90c7-5f4aaf55485c,2026-08-08T21:15:00Z,2026-08-08T23:15:00+0200,0.0,MW,NL,NL,actual_solar_generation,Solar | Actual Aggregated,2026-08-26T03:46:52Z
2026-08-26T03:42:24Z,2026-08-26T05:42:24+0200,e96b9d4a-1054-48fe-90c7-5f4aaf55485c,2026-08-08T21:15:00Z,2026-08-08T23:15:00+0200,0.132,MW,NL,NL,actual_solar_generation,Solar | Actual Consumption,2026-08-26T03:46:52Z
2026-08-26T03:42:24Z,2026-08-26T05:42:24+0200,e96b9d4a-1054-48fe-90c7-5f4aaf55485c,2026-08-08T21:30:00Z,2026-08-08T23:30:00+0200,0.0,MW,NL,NL,actual_solar_generation,Solar | Actual Aggregated,2026-08-26T03:46:52Z
2026-08-26T03:42:24Z,2026-08-26T05:42:24+0200,e96b9d4a-1054-48fe-90c7-5f4aaf55485c,2026-08-08T21:30:00Z,2026-08-08T23:30:00+0200,0.122,MW,NL,NL,actual_solar_generation,Solar | Actual Consumption,2026-08-26T03:46:52Z
2026-08-26T03:42:24Z,2026-08-26T05:42:24+0200,e96b9d4a-1054-48fe-90c7-5f4aaf55485c,2026-08-08T21:45:00Z,2026-08-08T23:45:00+0200,0.0,MW,NL,NL,actual_solar_generation,Solar | Actual Aggregated,2026-08-26T03:46:52Z
2026-08-26T03:42:24Z,2026-08-26T05:42:24+0200,e96b9d4a-1054-48fe-90c7-5f4aaf55485c,2026-08-08T21:45:00Z,2026-08-08T23:45:00+0200,0.117,MW,NL,NL,actual_solar_generation,Solar | Actual Consumption,2026-08-26T03:46:52Z
2026-08-26T03:42:24Z,2026-08-26T05:42:24+0200,e96b9d4a-1054-48fe-90c7-5f4aaf55485c,2026-08-08T22:00:00Z,2026-08-09T00:00:00+0200,0.0,MW,NL,NL,actual_solar_generation,Solar | Actual Aggregated,2026-08-26T03:46:52Z
2026-08-26T03:42:24Z,2026-08-26T05:42:24+0200,e96b9d4a-1054-48fe-90c7-5f4aaf55485c,2026-08-08T22:00:00Z,2026-08-09T00:00:00+0200,0.119,MW,NL,NL,actual_solar_generation,Solar | Actual Consumption,2026-08-26T03:46:52Z
2026-08-26T03:42:24Z,2026-08-26T05:42:24+0200,e96b9d4a-1054-48fe-90c7-5f4aaf55485c,2026-08-08T22:15:00Z,2026-08-09T00:15:00+0200,0.0,MW,NL,NL,actual_solar_generation,Solar | Actual Aggregated,2026-08-26T03:46:52Z
2026-08-26T03:42:24Z,2026-08-26T05:42:24+0200,e96b9d4a-1054-48fe-90c7-5f4aaf55485c,2026-08-08T22:15:00Z,2026-08-09T00:15:00+0200,0.122,MW,NL,NL,actual_solar_generation,Solar | Actual Consumption,2026-08-26T03:46:52Z
2026-08-26T03:42:24Z,2026-08-26T05:42:24+0200,e96b9d4a-1054-48fe-90c7-5f4aaf55485c,2026-08-08T22:30:00Z,2026-08-09T00:30:00+0200,0.0,MW,NL,NL,actual_solar_generation,Solar | Actual Aggregated,2026-08-26T03:46:52Z
2026-08-26T03:42:24Z,2026-08-26T05:42:24+0200,e96b9d4a-1054-48fe-90c7-5f4aaf55485c,2026-08-08T22:30:00Z,2026-08-09T00:30:00+0200,0.122,MW,NL,NL,actual_solar_generation,Solar | Actual Consumption,2026-08-26T03:46:52Z
2026-08-26T03:42:24Z,2026-08-26T05:42:24+0200,e96b9d4a-1054-48fe-90c7-5f4aaf55485c,2026-08-08T22:45:00Z,2026-08-09T00:45:00+0200,0.0,MW,NL,NL,actual_solar_generation,Solar | Actual Aggregated,2026-08-26T03:46:52Z
2026-08-26T03:42:24Z,2026-08-26T05:42:24+0200,e96b9d4a-1054-48fe-90c7-5f4aaf55485c,2026-08-08T22:45:00Z,2026-08-09T00:45:00+0200,0.122,MW,NL,NL,actual_solar_generation,Solar | Actual Consumption,2026-08-26T03:46:52Z
2026-08-26T03:42:24Z,2026-08-26T05:42:24+0200,e96b9d4a-1054-48fe-90c7-5f4aaf55485c,2026-08-08T23:00:00Z,2026-08-09T01:00:00+0200,0.0,MW,NL,NL,actual_solar_generation,Solar | Actual Aggregated,2026-08-26T03:46:52Z
2026-08-26T03:42:24Z,2026-08-26T05:42:24+0200,e96b9d4a-1054-48fe-90c7-5f4aaf55485c,2026-08-08T23:00:00Z,2026-08-09T01:00:00+0200,0.124,MW,NL,NL,actual_solar_generation,Solar | Actual Consumption,2026-08-26T03:46:52Z
2026-08-26T03:42:24Z,2026-08-26T05:42:24+0200,e96b9d4a-1054-48fe-90c7-5f4aaf55485c,2026-08-08T23:15:00Z,2026-08-09T01:15:00+0200,0.0,MW,NL,NL,actual_solar_generation,Solar | Actual Aggregated,2026-08-26T03:46:52Z
2026-08-26T03:42:24Z,2026-08-26T05:42:24+0200,e96b9d4a-1054-48fe-90c7-5f4aaf55485c,2026-08-08T23:15:00Z,2026-08-09T01:15:00+0200,0.128,MW,NL,NL,actual_solar_generation,Solar | Actual Consumption,2026-08-26T03:46:52Z
2026-08-26T03:42:24Z,2026-08-26T05:42:24+0200,e96b9d4a-1054-48fe-90c7-5f4aaf55485c,2026-08-08T23:30:00Z,2026-08-09T01:30:00+0200,0.0,MW,NL,NL,actual_solar_generation,Solar | Actual Aggregated,2026-08-26T03:46:52Z
2026-08-26T03:42:24Z,2026-08-26T05:42:24+0200,e96b9d4a-1054-48fe-90c7-5f4aaf55485c,2026-08-08T23:30:00Z,2026-08-09T01:30:00+0200,0.128,MW,NL,NL,actual_solar_generation,Solar | Actual Consumption,2026-08-26T03:46:52Z
2026-08-26T03:42:24Z,2026-08-26T05:42:24+0200,e96b9d4a-1054-48fe-90c7-5f4aaf55485c,2026-08-08T23:45:00Z,2026-08-09T01:45:00+0200,0.0,MW,NL,NL,actual_solar_generation,Solar | Actual Aggregated,2026-08-26T03:46:52Z
2026-08-26T03:42:24Z,2026-08-26T05:42:24+0200,e96b9d4a-1054-48fe-90c7-5f4aaf55485c,2026-08-08T23:45:00Z,2026-08-09T01:45:00+0200,0.128,MW,NL,NL,actual_solar_generation,Solar | Actual Consumption,2026-08-26T03:46:52Z
2026-08-26T03:42:24Z,2026-08-26T05:42:24+0200,e96b9d4a-1054-48fe-90c7-5f4aaf55485c,2026-08-09T00:00:00Z,2026-08-09T02:00:00+0200,0.0,MW,NL,NL,actual_solar_generation,Solar | Actual Aggregated,2026-08-26T03:46:52Z
2026-08-26T03:42:24Z,2026-08-26T05:42:24+0200,e96b9d4a-1054-48fe-90c7-5f4aaf55485c,2026-08-09T00:00:00Z,2026-08-09T02:00:00+0200,0.128,MW,NL,NL,actual_solar_generation,Solar | Actual Consumption,2026-08-26T03:46:52Z
2026-08-26T03:42:24Z,2026-08-26T05:42:24+0200,e96b9d4a-1054-48fe-90c7-5f4aaf55485c,2026-08-09T00:15:00Z,2026-08-09T02:15:00+0200,0.0,MW,NL,NL,actual_solar_generation,Solar | Actual Aggregated,2026-08-26T03:46:52Z
2026-08-26T03:42:24Z,2026-08-26T05:42:24+0200,e96b9d4a-1054-48fe-90c7-5f4aaf55485c,2026-08-09T00:15:00Z,2026-08-09T02:15:00+0200,0.128,MW,NL,NL,actual_solar_generation,Solar | Actual Consumption,2026-08-26T03:46:52Z
2026-08-26T03:42:24Z,2026-08-26T05:42:24+0200,e96b9d4a-1054-48fe-90c7-5f4aaf55485c,2026-08-09T00:30:00Z,2026-08-09T02:30:00+0200,0.0,MW,NL,NL,actual_solar_generation,Solar | Actual Aggregated,2026-08-26T03:46:52Z
2026-08-26T03:42:24Z,2026-08-26T05:42:24+0200,e96b9d4a-1054-48fe-90c7-5f4aaf55485c,2026-08-09T00:30:00Z,2026-08-09T02:30:00+0200,0.116,MW,NL,NL,actual_solar_generation,Solar | Actual Consumption,2026-08-26T03:46:52Z
2026-08-26T03:42:24Z,2026-08-26T05:42:24+0200,e96b9d4a-1054-48fe-90c7-5f4aaf55485c,2026-08-09T00:45:00Z,2026-08-09T02:45:00+0200,0.0,MW,NL,NL,actual_solar_generation,Solar | Actual Aggregated,2026-08-26T03:46:52Z
2026-08-26T03:42:24Z,2026-08-26T05:42:24+0200,e96b9d4a-1054-48fe-90c7-5f4aaf55485c,2026-08-09T00:45:00Z,2026-08-09T02:45:00+0200,0.121,MW,NL,NL,actual_solar_generation,Solar | Actual Consumption,2026-08-26T03:46:52Z
2026-08-26T03:42:24Z,2026-08-26T05:42:24+0200,e96b9d4a-1054-48fe-90c7-5f4aaf55485c,2026-08-09T01:00:00Z,2026-08-09T03:00:00+0200,0.0,MW,NL,NL,actual_solar_generation,Solar | Actual Aggregated,2026-08-26T03:46:52Z
2026-08-26T03:42:24Z,2026-08-26T05:42:24+0200,e96b9d4a-1054-48fe-90c7-5f4aaf55485c,2026-08-09T01:00:00Z,2026-08-09T03:00:00+0200,0.123,MW,NL,NL,actual_solar_generation,Solar | Actual Consumption,2026-08-26T03:46:52Z
2026-08-26T03:42:24Z,2026-08-26T05:42:24+0200,e96b9d4a-1054-48fe-90c7-5f4aaf55485c,2026-08-09T01:15:00Z,2026-08-09T03:15:00+0200,0.0,MW,NL,NL,actual_solar_generation,Solar | Actual Aggregated,2026-08-26T03:46:52Z
2026-08-26T03:42:24Z,2026-08-26T05:42:24+0200,e96b9d4a-1054-48fe-90c7-5f4aaf55485c,2026-08-09T01:15:00Z,2026-08-09T03:15:00+0200,0.123,MW,NL,NL,actual_solar_generation,Solar | Actual Consumption,2026-08-26T03:46:52Z
2026-08-26T03:42:24Z,2026-08-26T05:42:24+0200,e96b9d4a-1054-48fe-90c7-5f4aaf55485c,2026-08-09T01:30:00Z,2026-08-09T03:30:00+0200,0.0,MW,NL,NL,actual_solar_generation,Solar | Actual Aggregated,2026-08-26T03:46:52Z
2026-08-26T03:42:24Z,2026-08-26T05:42:24+0200,e96b9d4a-1054-48fe-90c7-5f4aaf55485c,2026-08-09T01:30:00Z,2026-08-09T03:30:00+0200,0.123,MW,NL,NL,actual_solar_generation,Solar | Actual Consumption,2026-08-26T03:46:52Z
2026-08-26T03:42:24Z,2026-08-26T05:42:24+0200,e96b9d4a-1054-48fe-90c7-5f4aaf55485c,2026-08-09T01:45:00Z,2026-08-09T03:45:00+0200,0.0,MW,NL,NL,actual_solar_generation,Solar | Actual Aggregated,2026-08-26T03:46:52Z
2026-08-26T03:42:24Z,2026-08-26T05:42:24+0200,e96b9d4a-1054-48fe-90c7-5f4aaf55485c,2026-08-09T01:45:00Z,2026-08-09T03:45:00+0200,0.123,MW,NL,NL,actual_solar_generation,Solar | Actual Consumption,2026-08-26T03:46:52Z
2026-08-26T03:42:24Z,2026-08-26T05:42:24+0200,e96b9d4a-1054-48fe-90c7-5f4aaf55485c,2026-08-09T02:00:00Z,2026-08-09T04:00:00+0200,0.0,MW,NL,NL,actual_solar_generation,Solar | Actual Aggregated,2026-08-26T03:46:52Z
2026-08-26T03:42:24Z,2026-08-26T05:42:24+0200,e96b9d4a-1054-48fe-90c7-5f4aaf55485c,2026-08-09T02:00:00Z,2026-08-09T04:00:00+0200,0.118,MW,NL,NL,actual_solar_generation,Solar | Actual Consumption,2026-08-26T03:46:52Z
2026-08-26T03:42:24Z,2026-08-26T05:42:24+0200,e96b9d4a-1054-48fe-90c7-5f4aaf55485c,2026-08-09T02:15:00Z,2026-08-09T04:15:00+0200,0.0,MW,NL,NL,actual_solar_generation,Solar | Actual Aggregated,2026-08-26T03:46:52Z
2026-08-26T03:42:24Z,2026-08-26T05:42:24+0200,e96b9d4a-1054-48fe-90c7-5f4aaf55485c,2026-08-09T02:15:00Z,2026-08-09T04:15:00+0200,0.122,MW,NL,NL,actual_solar_generation,Solar | Actual Consumption,2026-08-26T03:46:52Z
2026-08-26T03:42:24Z,2026-08-26T05:42:24+0200,e96b9d4a-1054-48fe-90c7-5f4aaf55485c,2026-08-09T02:30:00Z,2026-08-09T04:30:00+0200,0.0,MW,NL,NL,actual_solar_generation,Solar | Actual Aggregated,2026-08-26T03:46:52Z
2026-08-26T03:42:24Z,2026-08-26T05:42:24+0200,e96b9d4a-1054-48fe-90c7-5f4aaf55485c,2026-08-09T02:30:00Z,2026-08-09T04:30:00+0200,0.126,MW,NL,NL,actual_solar_generation,Solar | Actual Consumption,2026-08-26T03:46:52Z
2026-08-26T03:42:24Z,2026-08-26T05:42:24+0200,e96b9d4a-1054-48fe-90c7-5f4aaf55485c,2026-08-09T02:45:00Z,2026-08-09T04:45:00+0200,0.0,MW,NL,NL,actual_solar_generation,Solar | Actual Aggregated,2026-08-26T03:46:52Z
2026-08-26T03:42:24Z,2026-08-26T05:42:24+0200,e96b9d4a-1054-48fe-90c7-5f4aaf55485c,2026-08-09T02:45:00Z,2026-08-09T04:45:00+0200,0.126,MW,NL,NL,actual_solar_generation,Solar | Actual Consumption,2026-08-26T03:46:52Z
2026-08-26T03:42:24Z,2026-08-26T05:42:24+0200,e96b9d4a-1054-48fe-90c7-5f4aaf55485c,2026-08-09T03:00:00Z,2026-08-09T05:00:00+0200,0.0,MW,NL,NL,actual_solar_generation,Solar | Actual Aggregated,2026-08-26T03:46:52Z
2026-08-26T03:42:24Z,2026-08-26T05:42:24+0200,e96b9d4a-1054-48fe-90c7-5f4aaf55485c,2026-08-09T03:00:00Z,2026-08-09T05:00:00+0200,0.126,MW,NL,NL,actual_solar_generation,Solar | Actual Consumption,2026-08-26T03:46:52Z
2026-08-26T03:42:24Z,2026-08-26T05:42:24+0200,e96b9d4a-1054-48fe-90c7-5f4aaf55485c,2026-08-09T03:15:00Z,2026-08-09T05:15:00+0200,0.0,MW,NL,NL,actual_solar_generation,Solar | Actual Aggregated,2026-08-26T03:46:52Z
2026-08-26T03:42:24Z,2026-08-26T05:42:24+0200,e96b9d4a-1054-48fe-90c7-5f4aaf55485c,2026-08-09T03:15:00Z,2026-08-09T05:15:00+0200,0.126,MW,NL,NL,actual_solar_generation,Solar | Actual Consumption,2026-08-26T03:46:52Z
2026-08-26T03:42:24Z,2026-08-26T05:42:24+0200,e96b9d4a-1054-48fe-90c7-5f4aaf55485c,2026-08-09T03:30:00Z,2026-08-09T05:30:00+0200,0.0,MW,NL,NL,actual_solar_generation,Solar | Actual Aggregated,2026-08-26T03:46:52Z
2026-08-26T03:42:24Z,2026-08-26T05:42:24+0200,e96b9d4a-1054-48fe-90c7-5f4aaf55485c,2026-08-09T03:30:00Z,2026-08-09T05:30:00+0200,0.126,MW,NL,NL,actual_solar_generation,Solar | Actual Consumption,2026-08-26T03:46:52Z
2026-08-26T03:42:24Z,2026-08-26T05:42:24+0200,e96b9d4a-1054-48fe-90c7-5f4aaf55485c,2026-08-09T03:45:00Z,2026-08-09T05:45:00+0200,0.0,MW,NL,NL,actual_solar_generation,Solar | Actual Aggregated,2026-08-26T03:46:52Z
2026-08-26T03:42:24Z,2026-08-26T05:42:24+0200,e96b9d4a-1054-48fe-90c7-5f4aaf55485c,2026-08-09T03:45:00Z,2026-08-09T05:45:00+0200,0.126,MW,NL,NL,actual_solar_generation,Solar | Actual Consumption,2026-08-26T03:46:52Z
2026-08-26T03:42:24Z,2026-08-26T05:42:24+0200,e96b9d4a-1054-48fe-90c7-5f4aaf55485c,2026-08-09T04:00:00Z,2026-08-09T06:00:00+0200,0.0,MW,NL,NL,actual_solar_generation,Solar | Actual Aggregated,2026-08-26T03:46:52Z
2026-08-26T03:42:24Z,2026-08-26T05:42:24+0200,e96b9d4a-1054-48fe-90c7-5f4aaf55485c,2026-08-09T04:00:00Z,2026-08-09T06:00:00+0200,0.126,MW,NL,NL,actual_solar_generation,Solar | Actual Consumption,2026-08-26T03:46:52Z
2026-08-26T03:42:24Z,2026-08-26T05:42:24+0200,e96b9d4a-1054-48fe-90c7-5f4aaf55485c,2026-08-09T04:15:00Z,2026-08-09T06:15:00+0200,2.989,MW,NL,NL,actual_solar_generation,Solar | Actual Aggregated,2026-08-26T03:46:52Z
2026-08-26T03:42:24Z,2026-08-26T05:42:24+0200,e96b9d4a-1054-48fe-90c7-5f4aaf55485c,2026-08-09T04:15:00Z,2026-08-09T06:15:00+0200,0.0,MW,NL,NL,actual_solar_generation,Solar | Actual Consumption,2026-08-26T03:46:52Z
2026-08-26T03:42:24Z,2026-08-26T05:42:24+0200,e96b9d4a-1054-48fe-90c7-5f4aaf55485c,2026-08-09T04:30:00Z,2026-08-09T06:30:00+0200,5.092,MW,NL,NL,actual_solar_generation,Solar | Actual Aggregated,2026-08-26T03:46:52Z
2026-08-26T03:42:24Z,2026-08-26T05:42:24+0200,e96b9d4a-1054-48fe-90c7-5f4aaf55485c,2026-08-09T04:30:00Z,2026-08-09T06:30:00+0200,0.0,MW,NL,NL,actual_solar_generation,Solar | Actual Consumption,2026-08-26T03:46:52Z
2026-08-26T03:42:24Z,2026-08-26T05:42:24+0200,e96b9d4a-1054-48fe-90c7-5f4aaf55485c,2026-08-09T04:45:00Z,2026-08-09T06:45:00+0200,8.713,MW,NL,NL,actual_solar_generation,Solar | Actual Aggregated,2026-08-26T03:46:52Z
2026-08-26T03:42:24Z,2026-08-26T05:42:24+0200,e96b9d4a-1054-48fe-90c7-5f4aaf55485c,2026-08-09T04:45:00Z,2026-08-09T06:45:00+0200,0.0,MW,NL,NL,actual_solar_generation,Solar | Actual Consumption,2026-08-26T03:46:52Z
2026-08-26T03:42:24Z,2026-08-26T05:42:24+0200,e96b9d4a-1054-48fe-90c7-5f4aaf55485c,2026-08-09T05:00:00Z,2026-08-09T07:00:00+0200,15.299,MW,NL,NL,actual_solar_generation,Solar | Actual Aggregated,2026-08-26T03:46:52Z
2026-08-26T03:42:24Z,2026-08-26T05:42:24+0200,e96b9d4a-1054-48fe-90c7-5f4aaf55485c,2026-08-09T05:00:00Z,2026-08-09T07:00:00+0200,0.0,MW,NL,NL,actual_solar_generation,Solar | Actual Consumption,2026-08-26T03:46:52Z
2026-08-26T03:42:24Z,2026-08-26T05:42:24+0200,e96b9d4a-1054-48fe-90c7-5f4aaf55485c,2026-08-09T05:15:00Z,2026-08-09T07:15:00+0200,23.356,MW,NL,NL,actual_solar_generation,Solar | Actual Aggregated,2026-08-26T03:46:52Z
2026-08-26T03:42:24Z,2026-08-26T05:42:24+0200,e96b9d4a-1054-48fe-90c7-5f4aaf55485c,2026-08-09T05:15:00Z,2026-08-09T07:15:00+0200,0.0,MW,NL,NL,actual_solar_generation,Solar | Actual Consumption,2026-08-26T03:46:52Z
2026-08-26T03:42:24Z,2026-08-26T05:42:24+0200,e96b9d4a-1054-48fe-90c7-5f4aaf55485c,2026-08-09T05:30:00Z,2026-08-09T07:30:00+0200,36.466,MW,NL,NL,actual_solar_generation,Solar | Actual Aggregated,2026-08-26T03:46:52Z
2026-08-26T03:42:24Z,2026-08-26T05:42:24+0200,e96b9d4a-1054-48fe-90c7-5f4aaf55485c,2026-08-09T05:30:00Z,2026-08-09T07:30:00+0200,0.0,MW,NL,NL,actual_solar_generation,Solar | Actual Consumption,2026-08-26T03:46:52Z
2026-08-26T03:42:24Z,2026-08-26T05:42:24+0200,e96b9d4a-1054-48fe-90c7-5f4aaf55485c,2026-08-09T05:45:00Z,2026-08-09T07:45:00+0200,50.533,MW,NL,NL,actual_solar_generation,Solar | Actual Aggregated,2026-08-26T03:46:52Z
2026-08-26T03:42:24Z,2026-08-26T05:42:24+0200,e96b9d4a-1054-48fe-90c7-5f4aaf55485c,2026-08-09T05:45:00Z,2026-08-09T07:45:00+0200,0.0,MW,NL,NL,actual_solar_generation,Solar | Actual Consumption,2026-08-26T03:46:52Z
2026-08-26T03:42:24Z,2026-08-26T05:42:24+0200,e96b9d4a-1054-48fe-90c7-5f4aaf55485c,2026-08-09T06:00:00Z,2026-08-09T08:00:00+0200,60.133,MW,NL,NL,actual_solar_generation,Solar | Actual Aggregated,2026-08-26T03:46:52Z
2026-08-26T03:42:24Z,2026-08-26T05:42:24+0200,e96b9d4a-1054-48fe-90c7-5f4aaf55485c,2026-08-09T06:00:00Z,2026-08-09T08:00:00+0200,0.0,MW,NL,NL,actual_solar_generation,Solar | Actual Consumption,2026-08-26T03:46:52Z
2026-08-26T03:42:24Z,2026-08-26T05:42:24+0200,e96b9d4a-1054-48fe-90c7-5f4aaf55485c,2026-08-09T06:15:00Z,2026-08-09T08:15:00+0200,67.766,MW,NL,NL,actual_solar_generation,Solar | Actual Aggregated,2026-08-26T03:46:52Z
2026-08-26T03:42:24Z,2026-08-26T05:42:24+0200,e96b9d4a-1054-48fe-90c7-5f4aaf55485c,2026-08-09T06:15:00Z,2026-08-09T08:15:00+0200,0.0,MW,NL,NL,actual_solar_generation,Solar | Actual Consumption,2026-08-26T03:46:52Z
2026-08-26T03:42:24Z,2026-08-26T05:42:24+0200,e96b9d4a-1054-48fe-90c7-5f4aaf55485c,2026-08-09T06:30:00Z,2026-08-09T08:30:00+0200,78.843,MW,NL,NL,actual_solar_generation,Solar | Actual Aggregated,2026-08-26T03:46:52Z
2026-08-26T03:42:24Z,2026-08-26T05:42:24+0200,e96b9d4a-1054-48fe-90c7-5f4aaf55485c,2026-08-09T06:30:00Z,2026-08-09T08:30:00+0200,0.0,MW,NL,NL,actual_solar_generation,Solar | Actual Consumption,2026-08-26T03:46:52Z
2026-08-26T03:42:24Z,2026-08-26T05:42:24+0200,e96b9d4a-1054-48fe-90c7-5f4aaf55485c,2026-08-09T06:45:00Z,2026-08-09T08:45:00+0200,102.203,MW,NL,NL,actual_solar_generation,Solar | Actual Aggregated,2026-08-26T03:46:52Z
2026-08-26T03:42:24Z,2026-08-26T05:42:24+0200,e96b9d4a-1054-48fe-90c7-5f4aaf55485c,2026-08-09T06:45:00Z,2026-08-09T08:45:00+0200,0.0,MW,NL,NL,actual_solar_generation,Solar | Actual Consumption,2026-08-26T03:46:52Z
2026-08-26T03:42:24Z,2026-08-26T05:42:24+0200,e96b9d4a-1054-48fe-90c7-5f4aaf55485c,2026-08-09T07:00:00Z,2026-08-09T09:00:00+0200,120.432,MW,NL,NL,actual_solar_generation,Solar | Actual Aggregated,2026-08-26T03:46:52Z
2026-08-26T03:42:24Z,2026-08-26T05:42:24+0200,e96b9d4a-1054-48fe-90c7-5f4aaf55485c,2026-08-09T07:00:00Z,2026-08-09T09:00:00+0200,0.0,MW,NL,NL,actual_solar_generation,Solar | Actual Consumption,2026-08-26T03:46:52Z
2026-08-26T03:42:24Z,2026-08-26T05:42:24+0200,e96b9d4a-1054-48fe-90c7-5f4aaf55485c,2026-08-09T07:15:00Z,2026-08-09T09:15:00+0200,134.683,MW,NL,NL,actual_solar_generation,Solar | Actual Aggregated,2026-08-26T03:46:52Z
2026-08-26T03:42:24Z,2026-08-26T05:42:24+0200,e96b9d4a-1054-48fe-90c7-5f4aaf55485c,2026-08-09T07:15:00Z,2026-08-09T09:15:00+0200,0.0,MW,NL,NL,actual_solar_generation,Solar | Actual Consumption,2026-08-26T03:46:52Z
2026-08-26T03:42:24Z,2026-08-26T05:42:24+0200,e96b9d4a-1054-48fe-90c7-5f4aaf55485c,2026-08-09T07:30:00Z,2026-08-09T09:30:00+0200,146.599,MW,NL,NL,actual_solar_generation,Solar | Actual Aggregated,2026-08-26T03:46:52Z
2026-08-26T03:42:24Z,2026-08-26T05:42:24+0200,e96b9d4a-1054-48fe-90c7-5f4aaf55485c,2026-08-09T07:30:00Z,2026-08-09T09:30:00+0200,0.0,MW,NL,NL,actual_solar_generation,Solar | Actual Consumption,2026-08-26T03:46:52Z
2026-08-26T03:42:24Z,2026-08-26T05:42:24+0200,e96b9d4a-1054-48fe-90c7-5f4aaf55485c,2026-08-09T07:45:00Z,2026-08-09T09:45:00+0200,159.347,MW,NL,NL,actual_solar_generation,Solar | Actual Aggregated,2026-08-26T03:46:52Z
2026-08-26T03:42:24Z,2026-08-26T05:42:24+0200,e96b9d4a-1054-48fe-90c7-5f4aaf55485c,2026-08-09T07:45:00Z,2026-08-09T09:45:00+0200,0.0,MW,NL,NL,actual_solar_generation,Solar | Actual Consumption,2026-08-26T03:46:52Z
2026-08-26T03:42:24Z,2026-08-26T05:42:24+0200,e96b9d4a-1054-48fe-90c7-5f4aaf55485c,2026-08-09T08:00:00Z,2026-08-09T10:00:00+0200,172.292,MW,NL,NL,actual_solar_generation,Solar | Actual Aggregated,2026-08-26T03:46:52Z
2026-08-26T03:42:24Z,2026-08-26T05:42:24+0200,e96b9d4a-1054-48fe-90c7-5f4aaf55485c,2026-08-09T08:00:00Z,2026-08-09T10:00:00+0200,0.0,MW,NL,NL,actual_solar_generation,Solar | Actual Consumption,2026-08-26T03:46:52Z
2026-08-26T03:42:24Z,2026-08-26T05:42:24+0200,e96b9d4a-1054-48fe-90c7-5f4aaf55485c,2026-08-09T08:15:00Z,2026-08-09T10:15:00+0200,182.856,MW,NL,NL,actual_solar_generation,Solar | Actual Aggregated,2026-08-26T03:46:52Z
2026-08-26T03:42:24Z,2026-08-26T05:42:24+0200,e96b9d4a-1054-48fe-90c7-5f4aaf55485c,2026-08-09T08:15:00Z,2026-08-09T10:15:00+0200,0.0,MW,NL,NL,actual_solar_generation,Solar | Actual Consumption,2026-08-26T03:46:52Z
2026-08-26T03:42:24Z,2026-08-26T05:42:24+0200,e96b9d4a-1054-48fe-90c7-5f4aaf55485c,2026-08-09T08:30:00Z,2026-08-09T10:30:00+0200,192.605,MW,NL,NL,actual_solar_generation,Solar | Actual Aggregated,2026-08-26T03:46:52Z
2026-08-26T03:42:24Z,2026-08-26T05:42:24+0200,e96b9d4a-1054-48fe-90c7-5f4aaf55485c,2026-08-09T08:30:00Z,2026-08-09T10:30:00+0200,0.0,MW,NL,NL,actual_solar_generation,Solar | Actual Consumption,2026-08-26T03:46:52Z
2026-08-26T03:42:24Z,2026-08-26T05:42:24+0200,e96b9d4a-1054-48fe-90c7-5f4aaf55485c,2026-08-09T08:45:00Z,2026-08-09T10:45:00+0200,202.363,MW,NL,NL,actual_solar_generation,Solar | Actual Aggregated,2026-08-26T03:46:52Z
2026-08-26T03:42:24Z,2026-08-26T05:42:24+0200,e96b9d4a-1054-48fe-90c7-5f4aaf55485c,2026-08-09T08:45:00Z,2026-08-09T10:45:00+0200,0.0,MW,NL,NL,actual_solar_generation,Solar | Actual Consumption,2026-08-26T03:46:52Z
2026-08-26T03:42:24Z,2026-08-26T05:42:24+0200,e96b9d4a-1054-48fe-90c7-5f4aaf55485c,2026-08-09T09:00:00Z,2026-08-09T11:00:00+0200,211.657,MW,NL,NL,actual_solar_generation,Solar | Actual Aggregated,2026-08-26T03:46:52Z
2026-08-26T03:42:24Z,2026-08-26T05:42:24+0200,e96b9d4a-1054-48fe-90c7-5f4aaf55485c,2026-08-09T09:00:00Z,2026-08-09T11:00:00+0200,0.0,MW,NL,NL,actual_solar_generation,Solar | Actual Consumption,2026-08-26T03:46:52Z
2026-08-26T03:42:24Z,2026-08-26T05:42:24+0200,e96b9d4a-1054-48fe-90c7-5f4aaf55485c,2026-08-09T09:15:00Z,2026-08-09T11:15:00+0200,218.459,MW,NL,NL,actual_solar_generation,Solar | Actual Aggregated,2026-08-26T03:46:52Z
2026-08-26T03:42:24Z,2026-08-26T05:42:24+0200,e96b9d4a-1054-48fe-90c7-5f4aaf55485c,2026-08-09T09:15:00Z,2026-08-09T11:15:00+0200,0.0,MW,NL,NL,actual_solar_generation,Solar | Actual Consumption,2026-08-26T03:46:52Z
2026-08-26T03:42:24Z,2026-08-26T05:42:24+0200,e96b9d4a-1054-48fe-90c7-5f4aaf55485c,2026-08-09T09:30:00Z,2026-08-09T11:30:00+0200,224.905,MW,NL,NL,actual_solar_generation,Solar | Actual Aggregated,2026-08-26T03:46:52Z
2026-08-26T03:42:24Z,2026-08-26T05:42:24+0200,e96b9d4a-1054-48fe-90c7-5f4aaf55485c,2026-08-09T09:30:00Z,2026-08-09T11:30:00+0200,0.0,MW,NL,NL,actual_solar_generation,Solar | Actual Consumption,2026-08-26T03:46:52Z
2026-08-26T03:42:24Z,2026-08-26T05:42:24+0200,e96b9d4a-1054-48fe-90c7-5f4aaf55485c,2026-08-09T09:45:00Z,2026-08-09T11:45:00+0200,228.858,MW,NL,NL,actual_solar_generation,Solar | Actual Aggregated,2026-08-26T03:46:52Z
2026-08-26T03:42:24Z,2026-08-26T05:42:24+0200,e96b9d4a-1054-48fe-90c7-5f4aaf55485c,2026-08-09T09:45:00Z,2026-08-09T11:45:00+0200,0.0,MW,NL,NL,actual_solar_generation,Solar | Actual Consumption,2026-08-26T03:46:52Z
2026-08-26T03:42:24Z,2026-08-26T05:42:24+0200,e96b9d4a-1054-48fe-90c7-5f4aaf55485c,2026-08-09T10:00:00Z,2026-08-09T12:00:00+0200,231.38,MW,NL,NL,actual_solar_generation,Solar | Actual Aggregated,2026-08-26T03:46:52Z
2026-08-26T03:42:24Z,2026-08-26T05:42:24+0200,e96b9d4a-1054-48fe-90c7-5f4aaf55485c,2026-08-09T10:00:00Z,2026-08-09T12:00:00+0200,0.0,MW,NL,NL,actual_solar_generation,Solar | Actual Consumption,2026-08-26T03:46:52Z
2026-08-26T03:42:24Z,2026-08-26T05:42:24+0200,e96b9d4a-1054-48fe-90c7-5f4aaf55485c,2026-08-09T10:15:00Z,2026-08-09T12:15:00+0200,237.147,MW,NL,NL,actual_solar_generation,Solar | Actual Aggregated,2026-08-26T03:46:52Z
2026-08-26T03:42:24Z,2026-08-26T05:42:24+0200,e96b9d4a-1054-48fe-90c7-5f4aaf55485c,2026-08-09T10:15:00Z,2026-08-09T12:15:00+0200,0.0,MW,NL,NL,actual_solar_generation,Solar | Actual Consumption,2026-08-26T03:46:52Z
2026-08-26T03:42:24Z,2026-08-26T05:42:24+0200,e96b9d4a-1054-48fe-90c7-5f4aaf55485c,2026-08-09T10:30:00Z,2026-08-09T12:30:00+0200,240.886,MW,NL,NL,actual_solar_generation,Solar | Actual Aggregated,2026-08-26T03:46:52Z
2026-08-26T03:42:24Z,2026-08-26T05:42:24+0200,e96b9d4a-1054-48fe-90c7-5f4aaf55485c,2026-08-09T10:30:00Z,2026-08-09T12:30:00+0200,0.0,MW,NL,NL,actual_solar_generation,Solar | Actual Consumption,2026-08-26T03:46:52Z
2026-08-26T03:42:24Z,2026-08-26T05:42:24+0200,e96b9d4a-1054-48fe-90c7-5f4aaf55485c,2026-08-09T10:45:00Z,2026-08-09T12:45:00+0200,242.946,MW,NL,NL,actual_solar_generation,Solar | Actual Aggregated,2026-08-26T03:46:52Z
2026-08-26T03:42:24Z,2026-08-26T05:42:24+0200,e96b9d4a-1054-48fe-90c7-5f4aaf55485c,2026-08-09T10:45:00Z,2026-08-09T12:45:00+0200,0.0,MW,NL,NL,actual_solar_generation,Solar | Actual Consumption,2026-08-26T03:46:52Z
2026-08-26T03:42:24Z,2026-08-26T05:42:24+0200,e96b9d4a-1054-48fe-90c7-5f4aaf55485c,2026-08-09T11:00:00Z,2026-08-09T13:00:00+0200,243.65,MW,NL,NL,actual_solar_generation,Solar | Actual Aggregated,2026-08-26T03:46:52Z
2026-08-26T03:42:24Z,2026-08-26T05:42:24+0200,e96b9d4a-1054-48fe-90c7-5f4aaf55485c,2026-08-09T11:00:00Z,2026-08-09T13:00:00+0200,0.0,MW,NL,NL,actual_solar_generation,Solar | Actual Consumption,2026-08-26T03:46:52Z
2026-08-26T03:42:24Z,2026-08-26T05:42:24+0200,e96b9d4a-1054-48fe-90c7-5f4aaf55485c,2026-08-09T11:15:00Z,2026-08-09T13:15:00+0200,243.604,MW,NL,NL,actual_solar_generation,Solar | Actual Aggregated,2026-08-26T03:46:52Z
2026-08-26T03:42:24Z,2026-08-26T05:42:24+0200,e96b9d4a-1054-48fe-90c7-5f4aaf55485c,2026-08-09T11:15:00Z,2026-08-09T13:15:00+0200,0.0,MW,NL,NL,actual_solar_generation,Solar | Actual Consumption,2026-08-26T03:46:52Z
2026-08-26T03:42:24Z,2026-08-26T05:42:24+0200,e96b9d4a-1054-48fe-90c7-5f4aaf55485c,2026-08-09T11:30:00Z,2026-08-09T13:30:00+0200,243.445,MW,NL,NL,actual_solar_generation,Solar | Actual Aggregated,2026-08-26T03:46:52Z
2026-08-26T03:42:24Z,2026-08-26T05:42:24+0200,e96b9d4a-1054-48fe-90c7-5f4aaf55485c,2026-08-09T11:30:00Z,2026-08-09T13:30:00+0200,0.0,MW,NL,NL,actual_solar_generation,Solar | Actual Consumption,2026-08-26T03:46:52Z
2026-08-26T03:42:24Z,2026-08-26T05:42:24+0200,e96b9d4a-1054-48fe-90c7-5f4aaf55485c,2026-08-09T11:45:00Z,2026-08-09T13:45:00+0200,243.019,MW,NL,NL,actual_solar_generation,Solar | Actual Aggregated,2026-08-26T03:46:52Z
2026-08-26T03:42:24Z,2026-08-26T05:42:24+0200,e96b9d4a-1054-48fe-90c7-5f4aaf55485c,2026-08-09T11:45:00Z,2026-08-09T13:45:00+0200,0.0,MW,NL,NL,actual_solar_generation,Solar | Actual Consumption,2026-08-26T03:46:52Z
2026-08-26T03:42:24Z,2026-08-26T05:42:24+0200,e96b9d4a-1054-48fe-90c7-5f4aaf55485c,2026-08-09T12:00:00Z,2026-08-09T14:00:00+0200,244.797,MW,NL,NL,actual_solar_generation,Solar | Actual Aggregated,2026-08-26T03:46:52Z
2026-08-26T03:42:24Z,2026-08-26T05:42:24+0200,e96b9d4a-1054-48fe-90c7-5f4aaf55485c,2026-08-09T12:00:00Z,2026-08-09T14:00:00+0200,0.0,MW,NL,NL,actual_solar_generation,Solar | Actual Consumption,2026-08-26T03:46:52Z
2026-08-26T03:42:24Z,2026-08-26T05:42:24+0200,e96b9d4a-1054-48fe-90c7-5f4aaf55485c,2026-08-09T12:15:00Z,2026-08-09T14:15:00+0200,239.925,MW,NL,NL,actual_solar_generation,Solar | Actual Aggregated,2026-08-26T03:46:52Z
2026-08-26T03:42:24Z,2026-08-26T05:42:24+0200,e96b9d4a-1054-48fe-90c7-5f4aaf55485c,2026-08-09T12:15:00Z,2026-08-09T14:15:00+0200,0.0,MW,NL,NL,actual_solar_generation,Solar | Actual Consumption,2026-08-26T03:46:52Z
2026-08-26T03:42:24Z,2026-08-26T05:42:24+0200,e96b9d4a-1054-48fe-90c7-5f4aaf55485c,2026-08-09T12:30:00Z,2026-08-09T14:30:00+0200,234.253,MW,NL,NL,actual_solar_generation,Solar | Actual Aggregated,2026-08-26T03:46:52Z
2026-08-26T03:42:24Z,2026-08-26T05:42:24+0200,e96b9d4a-1054-48fe-90c7-5f4aaf55485c,2026-08-09T12:30:00Z,2026-08-09T14:30:00+0200,0.0,MW,NL,NL,actual_solar_generation,Solar | Actual Consumption,2026-08-26T03:46:52Z
2026-08-26T03:42:24Z,2026-08-26T05:42:24+0200,e96b9d4a-1054-48fe-90c7-5f4aaf55485c,2026-08-09T12:45:00Z,2026-08-09T14:45:00+0200,229.591,MW,NL,NL,actual_solar_generation,Solar | Actual Aggregated,2026-08-26T03:46:52Z
2026-08-26T03:42:24Z,2026-08-26T05:42:24+0200,e96b9d4a-1054-48fe-90c7-5f4aaf55485c,2026-08-09T12:45:00Z,2026-08-09T14:45:00+0200,0.0,MW,NL,NL,actual_solar_generation,Solar | Actual Consumption,2026-08-26T03:46:52Z
2026-08-26T03:42:24Z,2026-08-26T05:42:24+0200,e96b9d4a-1054-48fe-90c7-5f4aaf55485c,2026-08-09T13:00:00Z,2026-08-09T15:00:00+0200,231.264,MW,NL,NL,actual_solar_generation,Solar | Actual Aggregated,2026-08-26T03:46:52Z
2026-08-26T03:42:24Z,2026-08-26T05:42:24+0200,e96b9d4a-1054-48fe-90c7-5f4aaf55485c,2026-08-09T13:00:00Z,2026-08-09T15:00:00+0200,0.0,MW,NL,NL,actual_solar_generation,Solar | Actual Consumption,2026-08-26T03:46:52Z
2026-08-26T03:42:24Z,2026-08-26T05:42:24+0200,e96b9d4a-1054-48fe-90c7-5f4aaf55485c,2026-08-09T13:15:00Z,2026-08-09T15:15:00+0200,225.074,MW,NL,NL,actual_solar_generation,Solar | Actual Aggregated,2026-08-26T03:46:52Z
2026-08-26T03:42:24Z,2026-08-26T05:42:24+0200,e96b9d4a-1054-48fe-90c7-5f4aaf55485c,2026-08-09T13:15:00Z,2026-08-09T15:15:00+0200,0.0,MW,NL,NL,actual_solar_generation,Solar | Actual Consumption,2026-08-26T03:46:52Z
2026-08-26T03:42:24Z,2026-08-26T05:42:24+0200,e96b9d4a-1054-48fe-90c7-5f4aaf55485c,2026-08-09T13:30:00Z,2026-08-09T15:30:00+0200,221.49,MW,NL,NL,actual_solar_generation,Solar | Actual Aggregated,2026-08-26T03:46:52Z
2026-08-26T03:42:24Z,2026-08-26T05:42:24+0200,e96b9d4a-1054-48fe-90c7-5f4aaf55485c,2026-08-09T13:30:00Z,2026-08-09T15:30:00+0200,0.0,MW,NL,NL,actual_solar_generation,Solar | Actual Consumption,2026-08-26T03:46:52Z
2026-08-26T03:42:24Z,2026-08-26T05:42:24+0200,e96b9d4a-1054-48fe-90c7-5f4aaf55485c,2026-08-09T13:45:00Z,2026-08-09T15:45:00+0200,211.64,MW,NL,NL,actual_solar_generation,Solar | Actual Aggregated,2026-08-26T03:46:52Z
2026-08-26T03:42:24Z,2026-08-26T05:42:24+0200,e96b9d4a-1054-48fe-90c7-5f4aaf55485c,2026-08-09T13:45:00Z,2026-08-09T15:45:00+0200,0.0,MW,NL,NL,actual_solar_generation,Solar | Actual Consumption,2026-08-26T03:46:52Z
2026-08-26T03:42:24Z,2026-08-26T05:42:24+0200,e96b9d4a-1054-48fe-90c7-5f4aaf55485c,2026-08-09T14:00:00Z,2026-08-09T16:00:00+0200,210.32,MW,NL,NL,actual_solar_generation,Solar | Actual Aggregated,2026-08-26T03:46:52Z
2026-08-26T03:42:24Z,2026-08-26T05:42:24+0200,e96b9d4a-1054-48fe-90c7-5f4aaf55485c,2026-08-09T14:00:00Z,2026-08-09T16:00:00+0200,0.0,MW,NL,NL,actual_solar_generation,Solar | Actual Consumption,2026-08-26T03:46:52Z
2026-08-26T03:42:24Z,2026-08-26T05:42:24+0200,e96b9d4a-1054-48fe-90c7-5f4aaf55485c,2026-08-09T14:15:00Z,2026-08-09T16:15:00+0200,197.576,MW,NL,NL,actual_solar_generation,Solar | Actual Aggregated,2026-08-26T03:46:52Z
2026-08-26T03:42:24Z,2026-08-26T05:42:24+0200,e96b9d4a-1054-48fe-90c7-5f4aaf55485c,2026-08-09T14:15:00Z,2026-08-09T16:15:00+0200,0.0,MW,NL,NL,actual_solar_generation,Solar | Actual Consumption,2026-08-26T03:46:52Z
2026-08-26T03:42:24Z,2026-08-26T05:42:24+0200,e96b9d4a-1054-48fe-90c7-5f4aaf55485c,2026-08-09T14:30:00Z,2026-08-09T16:30:00+0200,194.556,MW,NL,NL,actual_solar_generation,Solar | Actual Aggregated,2026-08-26T03:46:52Z
2026-08-26T03:42:24Z,2026-08-26T05:42:24+0200,e96b9d4a-1054-48fe-90c7-5f4aaf55485c,2026-08-09T14:30:00Z,2026-08-09T16:30:00+0200,0.0,MW,NL,NL,actual_solar_generation,Solar | Actual Consumption,2026-08-26T03:46:52Z
2026-08-26T03:42:24Z,2026-08-26T05:42:24+0200,e96b9d4a-1054-48fe-90c7-5f4aaf55485c,2026-08-09T14:45:00Z,2026-08-09T16:45:00+0200,166.243,MW,NL,NL,actual_solar_generation,Solar | Actual Aggregated,2026-08-26T03:46:52Z
2026-08-26T03:42:24Z,2026-08-26T05:42:24+0200,e96b9d4a-1054-48fe-90c7-5f4aaf55485c,2026-08-09T14:45:00Z,2026-08-09T16:45:00+0200,0.0,MW,NL,NL,actual_solar_generation,Solar | Actual Consumption,2026-08-26T03:46:52Z
2026-08-26T03:42:24Z,2026-08-26T05:42:24+0200,e96b9d4a-1054-48fe-90c7-5f4aaf55485c,2026-08-09T15:00:00Z,2026-08-09T17:00:00+0200,157.958,MW,NL,NL,actual_solar_generation,Solar | Actual Aggregated,2026-08-26T03:46:52Z
2026-08-26T03:42:24Z,2026-08-26T05:42:24+0200,e96b9d4a-1054-48fe-90c7-5f4aaf55485c,2026-08-09T15:00:00Z,2026-08-09T17:00:00+0200,0.0,MW,NL,NL,actual_solar_generation,Solar | Actual Consumption,2026-08-26T03:46:52Z
2026-08-26T03:42:24Z,2026-08-26T05:42:24+0200,e96b9d4a-1054-48fe-90c7-5f4aaf55485c,2026-08-09T15:15:00Z,2026-08-09T17:15:00+0200,146.435,MW,NL,NL,actual_solar_generation,Solar | Actual Aggregated,2026-08-26T03:46:52Z
2026-08-26T03:42:24Z,2026-08-26T05:42:24+0200,e96b9d4a-1054-48fe-90c7-5f4aaf55485c,2026-08-09T15:15:00Z,2026-08-09T17:15:00+0200,0.0,MW,NL,NL,actual_solar_generation,Solar | Actual Consumption,2026-08-26T03:46:52Z
2026-08-26T03:42:24Z,2026-08-26T05:42:24+0200,e96b9d4a-1054-48fe-90c7-5f4aaf55485c,2026-08-09T15:30:00Z,2026-08-09T17:30:00+0200,124.997,MW,NL,NL,actual_solar_generation,Solar | Actual Aggregated,2026-08-26T03:46:52Z
2026-08-26T03:42:24Z,2026-08-26T05:42:24+0200,e96b9d4a-1054-48fe-90c7-5f4aaf55485c,2026-08-09T15:30:00Z,2026-08-09T17:30:00+0200,0.0,MW,NL,NL,actual_solar_generation,Solar | Actual Consumption,2026-08-26T03:46:52Z
2026-08-26T03:42:24Z,2026-08-26T05:42:24+0200,e96b9d4a-1054-48fe-90c7-5f4aaf55485c,2026-08-09T15:45:00Z,2026-08-09T17:45:00+0200,99.957,MW,NL,NL,actual_solar_generation,Solar | Actual Aggregated,2026-08-26T03:46:52Z
2026-08-26T03:42:24Z,2026-08-26T05:42:24+0200,e96b9d4a-1054-48fe-90c7-5f4aaf55485c,2026-08-09T15:45:00Z,2026-08-09T17:45:00+0200,0.0,MW,NL,NL,actual_solar_generation,Solar | Actual Consumption,2026-08-26T03:46:52Z
2026-08-26T03:42:24Z,2026-08-26T05:42:24+0200,e96b9d4a-1054-48fe-90c7-5f4aaf55485c,2026-08-09T16:00:00Z,2026-08-09T18:00:00+0200,88.171,MW,NL,NL,actual_solar_generation,Solar | Actual Aggregated,2026-08-26T03:46:52Z
2026-08-26T03:42:24Z,2026-08-26T05:42:24+0200,e96b9d4a-1054-48fe-90c7-5f4aaf55485c,2026-08-09T16:00:00Z,2026-08-09T18:00:00+0200,0.0,MW,NL,NL,actual_solar_generation,Solar | Actual Consumption,2026-08-26T03:46:52Z
2026-08-26T03:42:24Z,2026-08-26T05:42:24+0200,e96b9d4a-1054-48fe-90c7-5f4aaf55485c,2026-08-09T16:15:00Z,2026-08-09T18:15:00+0200,79.107,MW,NL,NL,actual_solar_generation,Solar | Actual Aggregated,2026-08-26T03:46:52Z
2026-08-26T03:42:24Z,2026-08-26T05:42:24+0200,e96b9d4a-1054-48fe-90c7-5f4aaf55485c,2026-08-09T16:15:00Z,2026-08-09T18:15:00+0200,0.0,MW,NL,NL,actual_solar_generation,Solar | Actual Consumption,2026-08-26T03:46:52Z
2026-08-26T03:42:24Z,2026-08-26T05:42:24+0200,e96b9d4a-1054-48fe-90c7-5f4aaf55485c,2026-08-09T16:30:00Z,2026-08-09T18:30:00+0200,68.419,MW,NL,NL,actual_solar_generation,Solar | Actual Aggregated,2026-08-26T03:46:52Z
2026-08-26T03:42:24Z,2026-08-26T05:42:24+0200,e96b9d4a-1054-48fe-90c7-5f4aaf55485c,2026-08-09T16:30:00Z,2026-08-09T18:30:00+0200,0.0,MW,NL,NL,actual_solar_generation,Solar | Actual Consumption,2026-08-26T03:46:52Z
2026-08-26T03:42:24Z,2026-08-26T05:42:24+0200,e96b9d4a-1054-48fe-90c7-5f4aaf55485c,2026-08-09T16:45:00Z,2026-08-09T18:45:00+0200,52.982,MW,NL,NL,actual_solar_generation,Solar | Actual Aggregated,2026-08-26T03:46:52Z
2026-08-26T03:42:24Z,2026-08-26T05:42:24+0200,e96b9d4a-1054-48fe-90c7-5f4aaf55485c,2026-08-09T16:45:00Z,2026-08-09T18:45:00+0200,0.0,MW,NL,NL,actual_solar_generation,Solar | Actual Consumption,2026-08-26T03:46:52Z
2026-08-26T03:42:24Z,2026-08-26T05:42:24+0200,e96b9d4a-1054-48fe-90c7-5f4aaf55485c,2026-08-09T17:00:00Z,2026-08-09T19:00:00+0200,52.959,MW,NL,NL,actual_solar_generation,Solar | Actual Aggregated,2026-08-26T03:46:52Z
2026-08-26T03:42:24Z,2026-08-26T05:42:24+0200,e96b9d4a-1054-48fe-90c7-5f4aaf55485c,2026-08-09T17:00:00Z,2026-08-09T19:00:00+0200,0.0,MW,NL,NL,actual_solar_generation,Solar | Actual Consumption,2026-08-26T03:46:52Z
2026-08-26T03:42:24Z,2026-08-26T05:42:24+0200,e96b9d4a-1054-48fe-90c7-5f4aaf55485c,2026-08-09T17:15:00Z,2026-08-09T19:15:00+0200,43.241,MW,NL,NL,actual_solar_generation,Solar | Actual Aggregated,2026-08-26T03:46:52Z
2026-08-26T03:42:24Z,2026-08-26T05:42:24+0200,e96b9d4a-1054-48fe-90c7-5f4aaf55485c,2026-08-09T17:15:00Z,2026-08-09T19:15:00+0200,0.0,MW,NL,NL,actual_solar_generation,Solar | Actual Consumption,2026-08-26T03:46:52Z
2026-08-26T03:42:24Z,2026-08-26T05:42:24+0200,e96b9d4a-1054-48fe-90c7-5f4aaf55485c,2026-08-09T17:30:00Z,2026-08-09T19:30:00+0200,38.454,MW,NL,NL,actual_solar_generation,Solar | Actual Aggregated,2026-08-26T03:46:52Z
2026-08-26T03:42:24Z,2026-08-26T05:42:24+0200,e96b9d4a-1054-48fe-90c7-5f4aaf55485c,2026-08-09T17:30:00Z,2026-08-09T19:30:00+0200,0.0,MW,NL,NL,actual_solar_generation,Solar | Actual Consumption,2026-08-26T03:46:52Z
2026-08-26T03:42:24Z,2026-08-26T05:42:24+0200,e96b9d4a-1054-48fe-90c7-5f4aaf55485c,2026-08-09T17:45:00Z,2026-08-09T19:45:00+0200,30.772,MW,NL,NL,actual_solar_generation,Solar | Actual Aggregated,2026-08-26T03:46:52Z
2026-08-26T03:42:24Z,2026-08-26T05:42:24+0200,e96b9d4a-1054-48fe-90c7-5f4aaf55485c,2026-08-09T17:45:00Z,2026-08-09T19:45:00+0200,0.0,MW,NL,NL,actual_solar_generation,Solar | Actual Consumption,2026-08-26T03:46:52Z
2026-08-26T03:42:24Z,2026-08-26T05:42:24+0200,e96b9d4a-1054-48fe-90c7-5f4aaf55485c,2026-08-09T18:00:00Z,2026-08-09T20:00:00+0200,25.024,MW,NL,NL,actual_solar_generation,Solar | Actual Aggregated,2026-08-26T03:46:52Z
2026-08-26T03:42:24Z,2026-08-26T05:42:24+0200,e96b9d4a-1054-48fe-90c7-5f4aaf55485c,2026-08-09T18:00:00Z,2026-08-09T20:00:00+0200,0.0,MW,NL,NL,actual_solar_generation,Solar | Actual Consumption,2026-08-26T03:46:52Z
2026-08-26T03:42:24Z,2026-08-26T05:42:24+0200,e96b9d4a-1054-48fe-90c7-5f4aaf55485c,2026-08-09T18:15:00Z,2026-08-09T20:15:00+0200,14.405,MW,NL,NL,actual_solar_generation,Solar | Actual Aggregated,2026-08-26T03:46:52Z
2026-08-26T03:42:24Z,2026-08-26T05:42:24+0200,e96b9d4a-1054-48fe-90c7-5f4aaf55485c,2026-08-09T18:15:00Z,2026-08-09T20:15:00+0200,0.0,MW,NL,NL,actual_solar_generation,Solar | Actual Consumption,2026-08-26T03:46:52Z
2026-08-26T03:42:24Z,2026-08-26T05:42:24+0200,e96b9d4a-1054-48fe-90c7-5f4aaf55485c,2026-08-09T18:30:00Z,2026-08-09T20:30:00+0200,8.371,MW,NL,NL,actual_solar_generation,Solar | Actual Aggregated,2026-08-26T03:46:52Z
2026-08-26T03:42:24Z,2026-08-26T05:42:24+0200,e96b9d4a-1054-48fe-90c7-5f4aaf55485c,2026-08-09T18:30:00Z,2026-08-09T20:30:00+0200,0.0,MW,NL,NL,actual_solar_generation,Solar | Actual Consumption,2026-08-26T03:46:52Z
2026-08-26T03:42:24Z,2026-08-26T05:42:24+0200,e96b9d4a-1054-48fe-90c7-5f4aaf55485c,2026-08-09T18:45:00Z,2026-08-09T20:45:00+0200,4.325,MW,NL,NL,actual_solar_generation,Solar | Actual Aggregated,2026-08-26T03:46:52Z
2026-08-26T03:42:24Z,2026-08-26T05:42:24+0200,e96b9d4a-1054-48fe-90c7-5f4aaf55485c,2026-08-09T18:45:00Z,2026-08-09T20:45:00+0200,0.0,MW,NL,NL,actual_solar_generation,Solar | Actual Consumption,2026-08-26T03:46:52Z
2026-08-26T03:42:24Z,2026-08-26T05:42:24+0200,e96b9d4a-1054-48fe-90c7-5f4aaf55485c,2026-08-09T19:00:00Z,2026-08-09T21:00:00+0200,1.219,MW,NL,NL,actual_solar_generation,Solar | Actual Aggregated,2026-08-26T03:46:52Z
2026-08-26T03:42:24Z,2026-08-26T05:42:24+0200,e96b9d4a-1054-48fe-90c7-5f4aaf55485c,2026-08-09T19:00:00Z,2026-08-09T21:00:00+0200,0.784,MW,NL,NL,actual_solar_generation,Solar | Actual Consumption,2026-08-26T03:46:52Z
2026-08-26T03:42:24Z,2026-08-26T05:42:24+0200,e96b9d4a-1054-48fe-90c7-5f4aaf55485c,2026-08-09T19:15:00Z,2026-08-09T21:15:00+0200,0.0,MW,NL,NL,actual_solar_generation,Solar | Actual Aggregated,2026-08-26T03:46:52Z
2026-08-26T03:42:24Z,2026-08-26T05:42:24+0200,e96b9d4a-1054-48fe-90c7-5f4aaf55485c,2026-08-09T19:15:00Z,2026-08-09T21:15:00+0200,0.116,MW,NL,NL,actual_solar_generation,Solar | Actual Consumption,2026-08-26T03:46:52Z
2026-08-26T03:42:24Z,2026-08-26T05:42:24+0200,e96b9d4a-1054-48fe-90c7-5f4aaf55485c,2026-08-09T19:30:00Z,2026-08-09T21:30:00+0200,0.0,MW,NL,NL,actual_solar_generation,Solar | Actual Aggregated,2026-08-26T03:46:52Z
2026-08-26T03:42:24Z,2026-08-26T05:42:24+0200,e96b9d4a-1054-48fe-90c7-5f4aaf55485c,2026-08-09T19:30:00Z,2026-08-09T21:30:00+0200,0.13,MW,NL,NL,actual_solar_generation,Solar | Actual Consumption,2026-08-26T03:46:52Z
2026-08-26T03:42:24Z,2026-08-26T05:42:24+0200,e96b9d4a-1054-48fe-90c7-5f4aaf55485c,2026-08-09T19:45:00Z,2026-08-09T21:45:00+0200,0.0,MW,NL,NL,actual_solar_generation,Solar | Actual Aggregated,2026-08-26T03:46:52Z
2026-08-26T03:42:24Z,2026-08-26T05:42:24+0200,e96b9d4a-1054-48fe-90c7-5f4aaf55485c,2026-08-09T19:45:00Z,2026-08-09T21:45:00+0200,0.13,MW,NL,NL,actual_solar_generation,Solar | Actual Consumption,2026-08-26T03:46:52Z
2026-08-26T03:42:24Z,2026-08-26T05:42:24+0200,e96b9d4a-1054-48fe-90c7-5f4aaf55485c,2026-08-09T20:00:00Z,2026-08-09T22:00:00+0200,0.0,MW,NL,NL,actual_solar_generation,Solar | Actual Aggregated,2026-08-26T03:46:52Z
2026-08-26T03:42:24Z,2026-08-26T05:42:24+0200,e96b9d4a-1054-48fe-90c7-5f4aaf55485c,2026-08-09T20:00:00Z,2026-08-09T22:00:00+0200,0.12,MW,NL,NL,actual_solar_generation,Solar | Actual Consumption,2026-08-26T03:46:52Z
2026-08-26T03:42:24Z,2026-08-26T05:42:24+0200,e96b9d4a-1054-48fe-90c7-5f4aaf55485c,2026-08-09T20:15:00Z,2026-08-09T22:15:00+0200,0.0,MW,NL,NL,actual_solar_generation,Solar | Actual Aggregated,2026-08-26T03:46:52Z
2026-08-26T03:42:24Z,2026-08-26T05:42:24+0200,e96b9d4a-1054-48fe-90c7-5f4aaf55485c,2026-08-09T20:15:00Z,2026-08-09T22:15:00+0200,0.12,MW,NL,NL,actual_solar_generation,Solar | Actual Consumption,2026-08-26T03:46:52Z
2026-08-26T03:42:24Z,2026-08-26T05:42:24+0200,e96b9d4a-1054-48fe-90c7-5f4aaf55485c,2026-08-09T20:30:00Z,2026-08-09T22:30:00+0200,0.0,MW,NL,NL,actual_solar_generation,Solar | Actual Aggregated,2026-08-26T03:46:52Z
2026-08-26T03:42:24Z,2026-08-26T05:42:24+0200,e96b9d4a-1054-48fe-90c7-5f4aaf55485c,2026-08-09T20:30:00Z,2026-08-09T22:30:00+0200,0.12,MW,NL,NL,actual_solar_generation,Solar | Actual Consumption,2026-08-26T03:46:52Z
2026-08-26T03:42:24Z,2026-08-26T05:42:24+0200,e96b9d4a-1054-48fe-90c7-5f4aaf55485c,2026-08-09T20:45:00Z,2026-08-09T22:45:00+0200,0.0,MW,NL,NL,actual_solar_generation,Solar | Actual Aggregated,2026-08-26T03:46:52Z
2026-08-26T03:42:24Z,2026-08-26T05:42:24+0200,e96b9d4a-1054-48fe-90c7-5f4aaf55485c,2026-08-09T20:45:00Z,2026-08-09T22:45:00+0200,0.13,MW,NL,NL,actual_solar_generation,Solar | Actual Consumption,2026-08-26T03:46:52Z
2026-08-26T03:42:24Z,2026-08-26T05:42:24+0200,e96b9d4a-1054-48fe-90c7-5f4aaf55485c,2026-08-09T21:00:00Z,2026-08-09T23:00:00+0200,0.0,MW,NL,NL,actual_solar_generation,Solar | Actual Aggregated,2026-08-26T03:46:52Z
2026-08-26T03:42:24Z,2026-08-26T05:42:24+0200,e96b9d4a-1054-48fe-90c7-5f4aaf55485c,2026-08-09T21:00:00Z,2026-08-09T23:00:00+0200,0.129,MW,NL,NL,actual_solar_generation,Solar | Actual Consumption,2026-08-26T03:46:52Z
2026-08-26T03:42:24Z,2026-08-26T05:42:24+0200,e96b9d4a-1054-48fe-90c7-5f4aaf55485c,2026-08-09T21:15:00Z,2026-08-09T23:15:00+0200,0.0,MW,NL,NL,actual_solar_generation,Solar | Actual Aggregated,2026-08-26T03:46:52Z
2026-08-26T03:42:24Z,2026-08-26T05:42:24+0200,e96b9d4a-1054-48fe-90c7-5f4aaf55485c,2026-08-09T21:15:00Z,2026-08-09T23:15:00+0200,0.116,MW,NL,NL,actual_solar_generation,Solar | Actual Consumption,2026-08-26T03:46:52Z
2026-08-26T03:42:24Z,2026-08-26T05:42:24+0200,e96b9d4a-1054-48fe-90c7-5f4aaf55485c,2026-08-09T21:30:00Z,2026-08-09T23:30:00+0200,0.0,MW,NL,NL,actual_solar_generation,Solar | Actual Aggregated,2026-08-26T03:46:52Z
2026-08-26T03:42:24Z,2026-08-26T05:42:24+0200,e96b9d4a-1054-48fe-90c7-5f4aaf55485c,2026-08-09T21:30:00Z,2026-08-09T23:30:00+0200,0.126,MW,NL,NL,actual_solar_generation,Solar | Actual Consumption,2026-08-26T03:46:52Z
2026-08-26T03:42:24Z,2026-08-26T05:42:24+0200,e96b9d4a-1054-48fe-90c7-5f4aaf55485c,2026-08-09T21:45:00Z,2026-08-09T23:45:00+0200,0.0,MW,NL,NL,actual_solar_generation,Solar | Actual Aggregated,2026-08-26T03:46:52Z
2026-08-26T03:42:24Z,2026-08-26T05:42:24+0200,e96b9d4a-1054-48fe-90c7-5f4aaf55485c,2026-08-09T21:45:00Z,2026-08-09T23:45:00+0200,0.126,MW,NL,NL,actual_solar_generation,Solar | Actual Consumption,2026-08-26T03:46:52Z
2026-08-26T03:42:24Z,2026-08-26T05:42:24+0200,e96b9d4a-1054-48fe-90c7-5f4aaf55485c,2026-08-09T22:00:00Z,2026-08-10T00:00:00+0200,0.0,MW,NL,NL,actual_solar_generation,Solar | Actual Aggregated,2026-08-26T03:46:52Z
2026-08-26T03:42:24Z,2026-08-26T05:42:24+0200,e96b9d4a-1054-48fe-90c7-5f4aaf55485c,2026-08-09T22:00:00Z,2026-08-10T00:00:00+0200,0.126,MW,NL,NL,actual_solar_generation,Solar | Actual Consumption,2026-08-26T03:46:52Z
2026-08-26T03:42:24Z,2026-08-26T05:42:24+0200,e96b9d4a-1054-48fe-90c7-5f4aaf55485c,2026-08-09T22:15:00Z,2026-08-10T00:15:00+0200,0.0,MW,NL,NL,actual_solar_generation,Solar | Actual Aggregated,2026-08-26T03:46:52Z
2026-08-26T03:42:24Z,2026-08-26T05:42:24+0200,e96b9d4a-1054-48fe-90c7-5f4aaf55485c,2026-08-09T22:15:00Z,2026-08-10T00:15:00+0200,0.126,MW,NL,NL,actual_solar_generation,Solar | Actual Consumption,2026-08-26T03:46:52Z
2026-08-26T03:42:24Z,2026-08-26T05:42:24+0200,e96b9d4a-1054-48fe-90c7-5f4aaf55485c,2026-08-09T22:30:00Z,2026-08-10T00:30:00+0200,0.0,MW,NL,NL,actual_solar_generation,Solar | Actual Aggregated,2026-08-26T03:46:52Z
2026-08-26T03:42:24Z,2026-08-26T05:42:24+0200,e96b9d4a-1054-48fe-90c7-5f4aaf55485c,2026-08-09T22:30:00Z,2026-08-10T00:30:00+0200,0.126,MW,NL,NL,actual_solar_generation,Solar | Actual Consumption,2026-08-26T03:46:52Z
2026-08-26T03:42:24Z,2026-08-26T05:42:24+0200,e96b9d4a-1054-48fe-90c7-5f4aaf55485c,2026-08-09T22:45:00Z,2026-08-10T00:45:00+0200,0.0,MW,NL,NL,actual_solar_generation,Solar | Actual Aggregated,2026-08-26T03:46:52Z
2026-08-26T03:42:24Z,2026-08-26T05:42:24+0200,e96b9d4a-1054-48fe-90c7-5f4aaf55485c,2026-08-09T22:45:00Z,2026-08-10T00:45:00+0200,0.126,MW,NL,NL,actual_solar_generation,Solar | Actual Consumption,2026-08-26T03:46:52Z
2026-08-26T03:42:24Z,2026-08-26T05:42:24+0200,e96b9d4a-1054-48fe-90c7-5f4aaf55485c,2026-08-09T23:00:00Z,2026-08-10T01:00:00+0200,0.0,MW,NL,NL,actual_solar_generation,Solar | Actual Aggregated,2026-08-26T03:46:52Z
2026-08-26T03:42:24Z,2026-08-26T05:42:24+0200,e96b9d4a-1054-48fe-90c7-5f4aaf55485c,2026-08-09T23:00:00Z,2026-08-10T01:00:00+0200,0.126,MW,NL,NL,actual_solar_generation,Solar | Actual Consumption,2026-08-26T03:46:52Z
2026-08-26T03:42:24Z,2026-08-26T05:42:24+0200,e96b9d4a-1054-48fe-90c7-5f4aaf55485c,2026-08-09T23:15:00Z,2026-08-10T01:15:00+0200,0.0,MW,NL,NL,actual_solar_generation,Solar | Actual Aggregated,2026-08-26T03:46:52Z
2026-08-26T03:42:24Z,2026-08-26T05:42:24+0200,e96b9d4a-1054-48fe-90c7-5f4aaf55485c,2026-08-09T23:15:00Z,2026-08-10T01:15:00+0200,0.126,MW,NL,NL,actual_solar_generation,Solar | Actual Consumption,2026-08-26T03:46:52Z
2026-08-26T03:42:24Z,2026-08-26T05:42:24+0200,e96b9d4a-1054-48fe-90c7-5f4aaf55485c,2026-08-09T23:30:00Z,2026-08-10T01:30:00+0200,0.0,MW,NL,NL,actual_solar_generation,Solar | Actual Aggregated,2026-08-26T03:46:52Z
2026-08-26T03:42:24Z,2026-08-26T05:42:24+0200,e96b9d4a-1054-48fe-90c7-5f4aaf55485c,2026-08-09T23:30:00Z,2026-08-10T01:30:00+0200,0.126,MW,NL,NL,actual_solar_generation,Solar | Actual Consumption,2026-08-26T03:46:52Z
2026-08-26T03:42:24Z,2026-08-26T05:42:24+0200,e96b9d4a-1054-48fe-90c7-5f4aaf55485c,2026-08-09T23:45:00Z,2026-08-10T01:45:00+0200,0.0,MW,NL,NL,actual_solar_generation,Solar | Actual Aggregated,2026-08-26T03:46:52Z
2026-08-26T03:42:24Z,2026-08-26T05:42:24+0200,e96b9d4a-1054-48fe-90c7-5f4aaf55485c,2026-08-09T23:45:00Z,2026-08-10T01:45:00+0200,0.126,MW,NL,NL,actual_solar_generation,Solar | Actual Consumption,2026-08-26T03:46:52Z
2026-08-26T03:42:24Z,2026-08-26T05:42:24+0200,e96b9d4a-1054-48fe-90c7-5f4aaf55485c,2026-08-10T00:00:00Z,2026-08-10T02:00:00+0200,0.0,MW,NL,NL,actual_solar_generation,Solar | Actual Aggregated,2026-08-26T03:46:52Z
2026-08-26T03:42:24Z,2026-08-26T05:42:24+0200,e96b9d4a-1054-48fe-90c7-5f4aaf55485c,2026-08-10T00:00:00Z,2026-08-10T02:00:00+0200,0.126,MW,NL,NL,actual_solar_generation,Solar | Actual Consumption,2026-08-26T03:46:52Z
2026-08-26T03:42:24Z,2026-08-26T05:42:24+0200,e96b9d4a-1054-48fe-90c7-5f4aaf55485c,2026-08-10T00:15:00Z,2026-08-10T02:15:00+0200,0.0,MW,NL,NL,actual_solar_generation,Solar | Actual Aggregated,2026-08-26T03:46:52Z
2026-08-26T03:42:24Z,2026-08-26T05:42:24+0200,e96b9d4a-1054-48fe-90c7-5f4aaf55485c,2026-08-10T00:15:00Z,2026-08-10T02:15:00+0200,0.126,MW,NL,NL,actual_solar_generation,Solar | Actual Consumption,2026-08-26T03:46:52Z
2026-08-26T03:42:24Z,2026-08-26T05:42:24+0200,e96b9d4a-1054-48fe-90c7-5f4aaf55485c,2026-08-10T00:30:00Z,2026-08-10T02:30:00+0200,0.0,MW,NL,NL,actual_solar_generation,Solar | Actual Aggregated,2026-08-26T03:46:52Z
2026-08-26T03:42:24Z,2026-08-26T05:42:24+0200,e96b9d4a-1054-48fe-90c7-5f4aaf55485c,2026-08-10T00:30:00Z,2026-08-10T02:30:00+0200,0.126,MW,NL,NL,actual_solar_generation,Solar | Actual Consumption,2026-08-26T03:46:52Z
2026-08-26T03:42:24Z,2026-08-26T05:42:24+0200,e96b9d4a-1054-48fe-90c7-5f4aaf55485c,2026-08-10T00:45:00Z,2026-08-10T02:45:00+0200,0.0,MW,NL,NL,actual_solar_generation,Solar | Actual Aggregated,2026-08-26T03:46:52Z
2026-08-26T03:42:24Z,2026-08-26T05:42:24+0200,e96b9d4a-1054-48fe-90c7-5f4aaf55485c,2026-08-10T00:45:00Z,2026-08-10T02:45:00+0200,0.126,MW,NL,NL,actual_solar_generation,Solar | Actual Consumption,2026-08-26T03:46:52Z
2026-08-26T03:42:24Z,2026-08-26T05:42:24+0200,e96b9d4a-1054-48fe-90c7-5f4aaf55485c,2026-08-10T01:00:00Z,2026-08-10T03:00:00+0200,0.0,MW,NL,NL,actual_solar_generation,Solar | Actual Aggregated,2026-08-26T03:46:52Z
2026-08-26T03:42:24Z,2026-08-26T05:42:24+0200,e96b9d4a-1054-48fe-90c7-5f4aaf55485c,2026-08-10T01:00:00Z,2026-08-10T03:00:00+0200,0.113,MW,NL,NL,actual_solar_generation,Solar | Actual Consumption,2026-08-26T03:46:52Z
2026-08-26T03:42:24Z,2026-08-26T05:42:24+0200,e96b9d4a-1054-48fe-90c7-5f4aaf55485c,2026-08-10T01:15:00Z,2026-08-10T03:15:00+0200,0.0,MW,NL,NL,actual_solar_generation,Solar | Actual Aggregated,2026-08-26T03:46:52Z
2026-08-26T03:42:24Z,2026-08-26T05:42:24+0200,e96b9d4a-1054-48fe-90c7-5f4aaf55485c,2026-08-10T01:15:00Z,2026-08-10T03:15:00+0200,0.122,MW,NL,NL,actual_solar_generation,Solar | Actual Consumption,2026-08-26T03:46:52Z
2026-08-26T03:42:24Z,2026-08-26T05:42:24+0200,e96b9d4a-1054-48fe-90c7-5f4aaf55485c,2026-08-10T01:30:00Z,2026-08-10T03:30:00+0200,0.0,MW,NL,NL,actual_solar_generation,Solar | Actual Aggregated,2026-08-26T03:46:52Z
2026-08-26T03:42:24Z,2026-08-26T05:42:24+0200,e96b9d4a-1054-48fe-90c7-5f4aaf55485c,2026-08-10T01:30:00Z,2026-08-10T03:30:00+0200,0.125,MW,NL,NL,actual_solar_generation,Solar | Actual Consumption,2026-08-26T03:46:52Z
2026-08-26T03:42:24Z,2026-08-26T05:42:24+0200,e96b9d4a-1054-48fe-90c7-5f4aaf55485c,2026-08-10T01:45:00Z,2026-08-10T03:45:00+0200,0.0,MW,NL,NL,actual_solar_generation,Solar | Actual Aggregated,2026-08-26T03:46:52Z
2026-08-26T03:42:24Z,2026-08-26T05:42:24+0200,e96b9d4a-1054-48fe-90c7-5f4aaf55485c,2026-08-10T01:45:00Z,2026-08-10T03:45:00+0200,0.125,MW,NL,NL,actual_solar_generation,Solar | Actual Consumption,2026-08-26T03:46:52Z
2026-08-26T03:42:24Z,2026-08-26T05:42:24+0200,e96b9d4a-1054-48fe-90c7-5f4aaf55485c,2026-08-10T02:00:00Z,2026-08-10T04:00:00+0200,0.0,MW,NL,NL,actual_solar_generation,Solar | Actual Aggregated,2026-08-26T03:46:52Z
2026-08-26T03:42:24Z,2026-08-26T05:42:24+0200,e96b9d4a-1054-48fe-90c7-5f4aaf55485c,2026-08-10T02:00:00Z,2026-08-10T04:00:00+0200,0.125,MW,NL,NL,actual_solar_generation,Solar | Actual Consumption,2026-08-26T03:46:52Z
2026-08-26T03:42:24Z,2026-08-26T05:42:24+0200,e96b9d4a-1054-48fe-90c7-5f4aaf55485c,2026-08-10T02:15:00Z,2026-08-10T04:15:00+0200,0.0,MW,NL,NL,actual_solar_generation,Solar | Actual Aggregated,2026-08-26T03:46:52Z
2026-08-26T03:42:24Z,2026-08-26T05:42:24+0200,e96b9d4a-1054-48fe-90c7-5f4aaf55485c,2026-08-10T02:15:00Z,2026-08-10T04:15:00+0200,0.125,MW,NL,NL,actual_solar_generation,Solar | Actual Consumption,2026-08-26T03:46:52Z
2026-08-26T03:42:24Z,2026-08-26T05:42:24+0200,e96b9d4a-1054-48fe-90c7-5f4aaf55485c,2026-08-10T02:30:00Z,2026-08-10T04:30:00+0200,0.0,MW,NL,NL,actual_solar_generation,Solar | Actual Aggregated,2026-08-26T03:46:52Z
2026-08-26T03:42:24Z,2026-08-26T05:42:24+0200,e96b9d4a-1054-48fe-90c7-5f4aaf55485c,2026-08-10T02:30:00Z,2026-08-10T04:30:00+0200,0.125,MW,NL,NL,actual_solar_generation,Solar | Actual Consumption,2026-08-26T03:46:52Z
2026-08-26T03:42:24Z,2026-08-26T05:42:24+0200,e96b9d4a-1054-48fe-90c7-5f4aaf55485c,2026-08-10T02:45:00Z,2026-08-10T04:45:00+0200,0.0,MW,NL,NL,actual_solar_generation,Solar | Actual Aggregated,2026-08-26T03:46:52Z
2026-08-26T03:42:24Z,2026-08-26T05:42:24+0200,e96b9d4a-1054-48fe-90c7-5f4aaf55485c,2026-08-10T02:45:00Z,2026-08-10T04:45:00+0200,0.125,MW,NL,NL,actual_solar_generation,Solar | Actual Consumption,2026-08-26T03:46:52Z
2026-08-26T03:42:24Z,2026-08-26T05:42:24+0200,e96b9d4a-1054-48fe-90c7-5f4aaf55485c,2026-08-10T03:00:00Z,2026-08-10T05:00:00+0200,0.0,MW,NL,NL,actual_solar_generation,Solar | Actual Aggregated,2026-08-26T03:46:52Z
2026-08-26T03:42:24Z,2026-08-26T05:42:24+0200,e96b9d4a-1054-48fe-90c7-5f4aaf55485c,2026-08-10T03:00:00Z,2026-08-10T05:00:00+0200,0.125,MW,NL,NL,actual_solar_generation,Solar | Actual Consumption,2026-08-26T03:46:52Z
2026-08-26T03:42:24Z,2026-08-26T05:42:24+0200,e96b9d4a-1054-48fe-90c7-5f4aaf55485c,2026-08-10T03:15:00Z,2026-08-10T05:15:00+0200,0.0,MW,NL,NL,actual_solar_generation,Solar | Actual Aggregated,2026-08-26T03:46:52Z
2026-08-26T03:42:24Z,2026-08-26T05:42:24+0200,e96b9d4a-1054-48fe-90c7-5f4aaf55485c,2026-08-10T03:15:00Z,2026-08-10T05:15:00+0200,0.125,MW,NL,NL,actual_solar_generation,Solar | Actual Consumption,2026-08-26T03:46:52Z
2026-08-26T03:42:24Z,2026-08-26T05:42:24+0200,e96b9d4a-1054-48fe-90c7-5f4aaf55485c,2026-08-10T03:30:00Z,2026-08-10T05:30:00+0200,0.0,MW,NL,NL,actual_solar_generation,Solar | Actual Aggregated,2026-08-26T03:46:52Z
2026-08-26T03:42:24Z,2026-08-26T05:42:24+0200,e96b9d4a-1054-48fe-90c7-5f4aaf55485c,2026-08-10T03:30:00Z,2026-08-10T05:30:00+0200,0.117,MW,NL,NL,actual_solar_generation,Solar | Actual Consumption,2026-08-26T03:46:52Z
2026-08-26T03:42:24Z,2026-08-26T05:42:24+0200,e96b9d4a-1054-48fe-90c7-5f4aaf55485c,2026-08-10T03:45:00Z,2026-08-10T05:45:00+0200,0.0,MW,NL,NL,actual_solar_generation,Solar | Actual Aggregated,2026-08-26T03:46:52Z
2026-08-26T03:42:24Z,2026-08-26T05:42:24+0200,e96b9d4a-1054-48fe-90c7-5f4aaf55485c,2026-08-10T03:45:00Z,2026-08-10T05:45:00+0200,0.134,MW,NL,NL,actual_solar_generation,Solar | Actual Consumption,2026-08-26T03:46:52Z
2026-08-26T03:42:24Z,2026-08-26T05:42:24+0200,e96b9d4a-1054-48fe-90c7-5f4aaf55485c,2026-08-10T04:00:00Z,2026-08-10T06:00:00+0200,0.0,MW,NL,NL,actual_solar_generation,Solar | Actual Aggregated,2026-08-26T03:46:52Z
2026-08-26T03:42:24Z,2026-08-26T05:42:24+0200,e96b9d4a-1054-48fe-90c7-5f4aaf55485c,2026-08-10T04:00:00Z,2026-08-10T06:00:00+0200,0.125,MW,NL,NL,actual_solar_generation,Solar | Actual Consumption,2026-08-26T03:46:52Z
2026-08-26T03:42:24Z,2026-08-26T05:42:24+0200,e96b9d4a-1054-48fe-90c7-5f4aaf55485c,2026-08-10T04:15:00Z,2026-08-10T06:15:00+0200,2.427,MW,NL,NL,actual_solar_generation,Solar | Actual Aggregated,2026-08-26T03:46:52Z
2026-08-26T03:42:24Z,2026-08-26T05:42:24+0200,e96b9d4a-1054-48fe-90c7-5f4aaf55485c,2026-08-10T04:15:00Z,2026-08-10T06:15:00+0200,0.0,MW,NL,NL,actual_solar_generation,Solar | Actual Consumption,2026-08-26T03:46:52Z
2026-08-26T03:42:24Z,2026-08-26T05:42:24+0200,e96b9d4a-1054-48fe-90c7-5f4aaf55485c,2026-08-10T04:30:00Z,2026-08-10T06:30:00+0200,4.381,MW,NL,NL,actual_solar_generation,Solar | Actual Aggregated,2026-08-26T03:46:52Z
2026-08-26T03:42:24Z,2026-08-26T05:42:24+0200,e96b9d4a-1054-48fe-90c7-5f4aaf55485c,2026-08-10T04:30:00Z,2026-08-10T06:30:00+0200,0.0,MW,NL,NL,actual_solar_generation,Solar | Actual Consumption,2026-08-26T03:46:52Z
2026-08-26T03:42:24Z,2026-08-26T05:42:24+0200,e96b9d4a-1054-48fe-90c7-5f4aaf55485c,2026-08-10T04:45:00Z,2026-08-10T06:45:00+0200,6.272,MW,NL,NL,actual_solar_generation,Solar | Actual Aggregated,2026-08-26T03:46:52Z
2026-08-26T03:42:24Z,2026-08-26T05:42:24+0200,e96b9d4a-1054-48fe-90c7-5f4aaf55485c,2026-08-10T04:45:00Z,2026-08-10T06:45:00+0200,0.0,MW,NL,NL,actual_solar_generation,Solar | Actual Consumption,2026-08-26T03:46:52Z
2026-08-26T03:42:24Z,2026-08-26T05:42:24+0200,e96b9d4a-1054-48fe-90c7-5f4aaf55485c,2026-08-10T05:00:00Z,2026-08-10T07:00:00+0200,9.099,MW,NL,NL,actual_solar_generation,Solar | Actual Aggregated,2026-08-26T03:46:52Z
2026-08-26T03:42:24Z,2026-08-26T05:42:24+0200,e96b9d4a-1054-48fe-90c7-5f4aaf55485c,2026-08-10T05:00:00Z,2026-08-10T07:00:00+0200,0.0,MW,NL,NL,actual_solar_generation,Solar | Actual Consumption,2026-08-26T03:46:52Z
2026-08-26T03:42:24Z,2026-08-26T05:42:24+0200,e96b9d4a-1054-48fe-90c7-5f4aaf55485c,2026-08-10T05:15:00Z,2026-08-10T07:15:00+0200,13.77,MW,NL,NL,actual_solar_generation,Solar | Actual Aggregated,2026-08-26T03:46:52Z
2026-08-26T03:42:24Z,2026-08-26T05:42:24+0200,e96b9d4a-1054-48fe-90c7-5f4aaf55485c,2026-08-10T05:15:00Z,2026-08-10T07:15:00+0200,0.0,MW,NL,NL,actual_solar_generation,Solar | Actual Consumption,2026-08-26T03:46:52Z
2026-08-26T03:42:24Z,2026-08-26T05:42:24+0200,e96b9d4a-1054-48fe-90c7-5f4aaf55485c,2026-08-10T05:30:00Z,2026-08-10T07:30:00+0200,25.616,MW,NL,NL,actual_solar_generation,Solar | Actual Aggregated,2026-08-26T03:46:52Z
2026-08-26T03:42:24Z,2026-08-26T05:42:24+0200,e96b9d4a-1054-48fe-90c7-5f4aaf55485c,2026-08-10T05:30:00Z,2026-08-10T07:30:00+0200,0.0,MW,NL,NL,actual_solar_generation,Solar | Actual Consumption,2026-08-26T03:46:52Z
2026-08-26T03:42:24Z,2026-08-26T05:42:24+0200,e96b9d4a-1054-48fe-90c7-5f4aaf55485c,2026-08-10T05:45:00Z,2026-08-10T07:45:00+0200,26.837,MW,NL,NL,actual_solar_generation,Solar | Actual Aggregated,2026-08-26T03:46:52Z
2026-08-26T03:42:24Z,2026-08-26T05:42:24+0200,e96b9d4a-1054-48fe-90c7-5f4aaf55485c,2026-08-10T05:45:00Z,2026-08-10T07:45:00+0200,0.0,MW,NL,NL,actual_solar_generation,Solar | Actual Consumption,2026-08-26T03:46:52Z
2026-08-26T03:42:24Z,2026-08-26T05:42:24+0200,e96b9d4a-1054-48fe-90c7-5f4aaf55485c,2026-08-10T06:00:00Z,2026-08-10T08:00:00+0200,29.553,MW,NL,NL,actual_solar_generation,Solar | Actual Aggregated,2026-08-26T03:46:52Z
2026-08-26T03:42:24Z,2026-08-26T05:42:24+0200,e96b9d4a-1054-48fe-90c7-5f4aaf55485c,2026-08-10T06:00:00Z,2026-08-10T08:00:00+0200,0.0,MW,NL,NL,actual_solar_generation,Solar | Actual Consumption,2026-08-26T03:46:52Z
2026-08-26T03:42:24Z,2026-08-26T05:42:24+0200,e96b9d4a-1054-48fe-90c7-5f4aaf55485c,2026-08-10T06:15:00Z,2026-08-10T08:15:00+0200,30.083,MW,NL,NL,actual_solar_generation,Solar | Actual Aggregated,2026-08-26T03:46:52Z
2026-08-26T03:42:24Z,2026-08-26T05:42:24+0200,e96b9d4a-1054-48fe-90c7-5f4aaf55485c,2026-08-10T06:15:00Z,2026-08-10T08:15:00+0200,0.0,MW,NL,NL,actual_solar_generation,Solar | Actual Consumption,2026-08-26T03:46:52Z
2026-08-26T03:42:24Z,2026-08-26T05:42:24+0200,e96b9d4a-1054-48fe-90c7-5f4aaf55485c,2026-08-10T06:30:00Z,2026-08-10T08:30:00+0200,35.545,MW,NL,NL,actual_solar_generation,Solar | Actual Aggregated,2026-08-26T03:46:52Z
2026-08-26T03:42:24Z,2026-08-26T05:42:24+0200,e96b9d4a-1054-48fe-90c7-5f4aaf55485c,2026-08-10T06:30:00Z,2026-08-10T08:30:00+0200,0.0,MW,NL,NL,actual_solar_generation,Solar | Actual Consumption,2026-08-26T03:46:52Z
2026-08-26T03:42:24Z,2026-08-26T05:42:24+0200,e96b9d4a-1054-48fe-90c7-5f4aaf55485c,2026-08-10T06:45:00Z,2026-08-10T08:45:00+0200,40.317,MW,NL,NL,actual_solar_generation,Solar | Actual Aggregated,2026-08-26T03:46:52Z
2026-08-26T03:42:24Z,2026-08-26T05:42:24+0200,e96b9d4a-1054-48fe-90c7-5f4aaf55485c,2026-08-10T06:45:00Z,2026-08-10T08:45:00+0200,0.0,MW,NL,NL,actual_solar_generation,Solar | Actual Consumption,2026-08-26T03:46:52Z
2026-08-26T03:42:24Z,2026-08-26T05:42:24+0200,e96b9d4a-1054-48fe-90c7-5f4aaf55485c,2026-08-10T07:00:00Z,2026-08-10T09:00:00+0200,44.305,MW,NL,NL,actual_solar_generation,Solar | Actual Aggregated,2026-08-26T03:46:52Z
2026-08-26T03:42:24Z,2026-08-26T05:42:24+0200,e96b9d4a-1054-48fe-90c7-5f4aaf55485c,2026-08-10T07:00:00Z,2026-08-10T09:00:00+0200,0.0,MW,NL,NL,actual_solar_generation,Solar | Actual Consumption,2026-08-26T03:46:52Z
2026-08-26T03:42:24Z,2026-08-26T05:42:24+0200,e96b9d4a-1054-48fe-90c7-5f4aaf55485c,2026-08-10T07:15:00Z,2026-08-10T09:15:00+0200,50.06,MW,NL,NL,actual_solar_generation,Solar | Actual Aggregated,2026-08-26T03:46:52Z
2026-08-26T03:42:24Z,2026-08-26T05:42:24+0200,e96b9d4a-1054-48fe-90c7-5f4aaf55485c,2026-08-10T07:15:00Z,2026-08-10T09:15:00+0200,0.0,MW,NL,NL,actual_solar_generation,Solar | Actual Consumption,2026-08-26T03:46:52Z
2026-08-26T03:42:24Z,2026-08-26T05:42:24+0200,e96b9d4a-1054-48fe-90c7-5f4aaf55485c,2026-08-10T07:30:00Z,2026-08-10T09:30:00+0200,55.553,MW,NL,NL,actual_solar_generation,Solar | Actual Aggregated,2026-08-26T03:46:52Z
2026-08-26T03:42:24Z,2026-08-26T05:42:24+0200,e96b9d4a-1054-48fe-90c7-5f4aaf55485c,2026-08-10T07:30:00Z,2026-08-10T09:30:00+0200,0.0,MW,NL,NL,actual_solar_generation,Solar | Actual Consumption,2026-08-26T03:46:52Z
2026-08-26T03:42:24Z,2026-08-26T05:42:24+0200,e96b9d4a-1054-48fe-90c7-5f4aaf55485c,2026-08-10T07:45:00Z,2026-08-10T09:45:00+0200,43.885,MW,NL,NL,actual_solar_generation,Solar | Actual Aggregated,2026-08-26T03:46:52Z
2026-08-26T03:42:24Z,2026-08-26T05:42:24+0200,e96b9d4a-1054-48fe-90c7-5f4aaf55485c,2026-08-10T07:45:00Z,2026-08-10T09:45:00+0200,0.0,MW,NL,NL,actual_solar_generation,Solar | Actual Consumption,2026-08-26T03:46:52Z
2026-08-26T03:42:24Z,2026-08-26T05:42:24+0200,e96b9d4a-1054-48fe-90c7-5f4aaf55485c,2026-08-10T08:00:00Z,2026-08-10T10:00:00+0200,45.946,MW,NL,NL,actual_solar_generation,Solar | Actual Aggregated,2026-08-26T03:46:52Z
2026-08-26T03:42:24Z,2026-08-26T05:42:24+0200,e96b9d4a-1054-48fe-90c7-5f4aaf55485c,2026-08-10T08:00:00Z,2026-08-10T10:00:00+0200,0.0,MW,NL,NL,actual_solar_generation,Solar | Actual Consumption,2026-08-26T03:46:52Z
2026-08-26T03:42:24Z,2026-08-26T05:42:24+0200,e96b9d4a-1054-48fe-90c7-5f4aaf55485c,2026-08-10T08:15:00Z,2026-08-10T10:15:00+0200,47.598,MW,NL,NL,actual_solar_generation,Solar | Actual Aggregated,2026-08-26T03:46:52Z
2026-08-26T03:42:24Z,2026-08-26T05:42:24+0200,e96b9d4a-1054-48fe-90c7-5f4aaf55485c,2026-08-10T08:15:00Z,2026-08-10T10:15:00+0200,0.0,MW,NL,NL,actual_solar_generation,Solar | Actual Consumption,2026-08-26T03:46:52Z
2026-08-26T03:42:24Z,2026-08-26T05:42:24+0200,e96b9d4a-1054-48fe-90c7-5f4aaf55485c,2026-08-10T08:30:00Z,2026-08-10T10:30:00+0200,60.278,MW,NL,NL,actual_solar_generation,Solar | Actual Aggregated,2026-08-26T03:46:52Z
2026-08-26T03:42:24Z,2026-08-26T05:42:24+0200,e96b9d4a-1054-48fe-90c7-5f4aaf55485c,2026-08-10T08:30:00Z,2026-08-10T10:30:00+0200,0.0,MW,NL,NL,actual_solar_generation,Solar | Actual Consumption,2026-08-26T03:46:52Z
2026-08-26T03:42:24Z,2026-08-26T05:42:24+0200,e96b9d4a-1054-48fe-90c7-5f4aaf55485c,2026-08-10T08:45:00Z,2026-08-10T10:45:00+0200,68.431,MW,NL,NL,actual_solar_generation,Solar | Actual Aggregated,2026-08-26T03:46:52Z
2026-08-26T03:42:24Z,2026-08-26T05:42:24+0200,e96b9d4a-1054-48fe-90c7-5f4aaf55485c,2026-08-10T08:45:00Z,2026-08-10T10:45:00+0200,0.0,MW,NL,NL,actual_solar_generation,Solar | Actual Consumption,2026-08-26T03:46:52Z
2026-08-26T03:42:24Z,2026-08-26T05:42:24+0200,e96b9d4a-1054-48fe-90c7-5f4aaf55485c,2026-08-10T09:00:00Z,2026-08-10T11:00:00+0200,108.889,MW,NL,NL,actual_solar_generation,Solar | Actual Aggregated,2026-08-26T03:46:52Z
2026-08-26T03:42:24Z,2026-08-26T05:42:24+0200,e96b9d4a-1054-48fe-90c7-5f4aaf55485c,2026-08-10T09:00:00Z,2026-08-10T11:00:00+0200,0.0,MW,NL,NL,actual_solar_generation,Solar | Actual Consumption,2026-08-26T03:46:52Z
2026-08-26T03:42:24Z,2026-08-26T05:42:24+0200,e96b9d4a-1054-48fe-90c7-5f4aaf55485c,2026-08-10T09:15:00Z,2026-08-10T11:15:00+0200,133.269,MW,NL,NL,actual_solar_generation,Solar | Actual Aggregated,2026-08-26T03:46:52Z
2026-08-26T03:42:24Z,2026-08-26T05:42:24+0200,e96b9d4a-1054-48fe-90c7-5f4aaf55485c,2026-08-10T09:15:00Z,2026-08-10T11:15:00+0200,0.0,MW,NL,NL,actual_solar_generation,Solar | Actual Consumption,2026-08-26T03:46:52Z
2026-08-26T03:42:24Z,2026-08-26T05:42:24+0200,e96b9d4a-1054-48fe-90c7-5f4aaf55485c,2026-08-10T09:30:00Z,2026-08-10T11:30:00+0200,135.876,MW,NL,NL,actual_solar_generation,Solar | Actual Aggregated,2026-08-26T03:46:52Z
2026-08-26T03:42:24Z,2026-08-26T05:42:24+0200,e96b9d4a-1054-48fe-90c7-5f4aaf55485c,2026-08-10T09:30:00Z,2026-08-10T11:30:00+0200,0.0,MW,NL,NL,actual_solar_generation,Solar | Actual Consumption,2026-08-26T03:46:52Z
2026-08-26T03:42:24Z,2026-08-26T05:42:24+0200,e96b9d4a-1054-48fe-90c7-5f4aaf55485c,2026-08-10T09:45:00Z,2026-08-10T11:45:00+0200,133.116,MW,NL,NL,actual_solar_generation,Solar | Actual Aggregated,2026-08-26T03:46:52Z
2026-08-26T03:42:24Z,2026-08-26T05:42:24+0200,e96b9d4a-1054-48fe-90c7-5f4aaf55485c,2026-08-10T09:45:00Z,2026-08-10T11:45:00+0200,0.0,MW,NL,NL,actual_solar_generation,Solar | Actual Consumption,2026-08-26T03:46:52Z
2026-08-26T03:42:24Z,2026-08-26T05:42:24+0200,e96b9d4a-1054-48fe-90c7-5f4aaf55485c,2026-08-10T10:00:00Z,2026-08-10T12:00:00+0200,150.374,MW,NL,NL,actual_solar_generation,Solar | Actual Aggregated,2026-08-26T03:46:52Z
2026-08-26T03:42:24Z,2026-08-26T05:42:24+0200,e96b9d4a-1054-48fe-90c7-5f4aaf55485c,2026-08-10T10:00:00Z,2026-08-10T12:00:00+0200,0.0,MW,NL,NL,actual_solar_generation,Solar | Actual Consumption,2026-08-26T03:46:52Z
2026-08-26T03:42:24Z,2026-08-26T05:42:24+0200,e96b9d4a-1054-48fe-90c7-5f4aaf55485c,2026-08-10T10:15:00Z,2026-08-10T12:15:00+0200,195.25,MW,NL,NL,actual_solar_generation,Solar | Actual Aggregated,2026-08-26T03:46:52Z
2026-08-26T03:42:24Z,2026-08-26T05:42:24+0200,e96b9d4a-1054-48fe-90c7-5f4aaf55485c,2026-08-10T10:15:00Z,2026-08-10T12:15:00+0200,0.0,MW,NL,NL,actual_solar_generation,Solar | Actual Consumption,2026-08-26T03:46:52Z
2026-08-26T03:42:24Z,2026-08-26T05:42:24+0200,e96b9d4a-1054-48fe-90c7-5f4aaf55485c,2026-08-10T10:30:00Z,2026-08-10T12:30:00+0200,114.118,MW,NL,NL,actual_solar_generation,Solar | Actual Aggregated,2026-08-26T03:46:52Z
2026-08-26T03:42:24Z,2026-08-26T05:42:24+0200,e96b9d4a-1054-48fe-90c7-5f4aaf55485c,2026-08-10T10:30:00Z,2026-08-10T12:30:00+0200,0.0,MW,NL,NL,actual_solar_generation,Solar | Actual Consumption,2026-08-26T03:46:52Z
2026-08-26T03:42:24Z,2026-08-26T05:42:24+0200,e96b9d4a-1054-48fe-90c7-5f4aaf55485c,2026-08-10T10:45:00Z,2026-08-10T12:45:00+0200,82.356,MW,NL,NL,actual_solar_generation,Solar | Actual Aggregated,2026-08-26T03:46:52Z
2026-08-26T03:42:24Z,2026-08-26T05:42:24+0200,e96b9d4a-1054-48fe-90c7-5f4aaf55485c,2026-08-10T10:45:00Z,2026-08-10T12:45:00+0200,0.0,MW,NL,NL,actual_solar_generation,Solar | Actual Consumption,2026-08-26T03:46:52Z
2026-08-26T03:42:24Z,2026-08-26T05:42:24+0200,e96b9d4a-1054-48fe-90c7-5f4aaf55485c,2026-08-10T11:00:00Z,2026-08-10T13:00:00+0200,101.289,MW,NL,NL,actual_solar_generation,Solar | Actual Aggregated,2026-08-26T03:46:52Z
2026-08-26T03:42:24Z,2026-08-26T05:42:24+0200,e96b9d4a-1054-48fe-90c7-5f4aaf55485c,2026-08-10T11:00:00Z,2026-08-10T13:00:00+0200,0.0,MW,NL,NL,actual_solar_generation,Solar | Actual Consumption,2026-08-26T03:46:52Z
2026-08-26T03:42:24Z,2026-08-26T05:42:24+0200,e96b9d4a-1054-48fe-90c7-5f4aaf55485c,2026-08-10T11:15:00Z,2026-08-10T13:15:00+0200,109.14,MW,NL,NL,actual_solar_generation,Solar | Actual Aggregated,2026-08-26T03:46:52Z
2026-08-26T03:42:24Z,2026-08-26T05:42:24+0200,e96b9d4a-1054-48fe-90c7-5f4aaf55485c,2026-08-10T11:15:00Z,2026-08-10T13:15:00+0200,0.0,MW,NL,NL,actual_solar_generation,Solar | Actual Consumption,2026-08-26T03:46:52Z
2026-08-26T03:42:24Z,2026-08-26T05:42:24+0200,e96b9d4a-1054-48fe-90c7-5f4aaf55485c,2026-08-10T11:30:00Z,2026-08-10T13:30:00+0200,90.764,MW,NL,NL,actual_solar_generation,Solar | Actual Aggregated,2026-08-26T03:46:52Z
2026-08-26T03:42:24Z,2026-08-26T05:42:24+0200,e96b9d4a-1054-48fe-90c7-5f4aaf55485c,2026-08-10T11:30:00Z,2026-08-10T13:30:00+0200,0.0,MW,NL,NL,actual_solar_generation,Solar | Actual Consumption,2026-08-26T03:46:52Z
2026-08-26T03:42:24Z,2026-08-26T05:42:24+0200,e96b9d4a-1054-48fe-90c7-5f4aaf55485c,2026-08-10T11:45:00Z,2026-08-10T13:45:00+0200,123.9,MW,NL,NL,actual_solar_generation,Solar | Actual Aggregated,2026-08-26T03:46:52Z
2026-08-26T03:42:24Z,2026-08-26T05:42:24+0200,e96b9d4a-1054-48fe-90c7-5f4aaf55485c,2026-08-10T11:45:00Z,2026-08-10T13:45:00+0200,0.0,MW,NL,NL,actual_solar_generation,Solar | Actual Consumption,2026-08-26T03:46:52Z
2026-08-26T03:42:24Z,2026-08-26T05:42:24+0200,e96b9d4a-1054-48fe-90c7-5f4aaf55485c,2026-08-10T12:00:00Z,2026-08-10T14:00:00+0200,123.018,MW,NL,NL,actual_solar_generation,Solar | Actual Aggregated,2026-08-26T03:46:52Z
2026-08-26T03:42:24Z,2026-08-26T05:42:24+0200,e96b9d4a-1054-48fe-90c7-5f4aaf55485c,2026-08-10T12:00:00Z,2026-08-10T14:00:00+0200,0.0,MW,NL,NL,actual_solar_generation,Solar | Actual Consumption,2026-08-26T03:46:52Z
2026-08-26T03:42:24Z,2026-08-26T05:42:24+0200,e96b9d4a-1054-48fe-90c7-5f4aaf55485c,2026-08-10T12:15:00Z,2026-08-10T14:15:00+0200,140.922,MW,NL,NL,actual_solar_generation,Solar | Actual Aggregated,2026-08-26T03:46:52Z
2026-08-26T03:42:24Z,2026-08-26T05:42:24+0200,e96b9d4a-1054-48fe-90c7-5f4aaf55485c,2026-08-10T12:15:00Z,2026-08-10T14:15:00+0200,0.0,MW,NL,NL,actual_solar_generation,Solar | Actual Consumption,2026-08-26T03:46:52Z
2026-08-26T03:42:24Z,2026-08-26T05:42:24+0200,e96b9d4a-1054-48fe-90c7-5f4aaf55485c,2026-08-10T12:30:00Z,2026-08-10T14:30:00+0200,134.657,MW,NL,NL,actual_solar_generation,Solar | Actual Aggregated,2026-08-26T03:46:52Z
2026-08-26T03:42:24Z,2026-08-26T05:42:24+0200,e96b9d4a-1054-48fe-90c7-5f4aaf55485c,2026-08-10T12:30:00Z,2026-08-10T14:30:00+0200,0.0,MW,NL,NL,actual_solar_generation,Solar | Actual Consumption,2026-08-26T03:46:52Z
2026-08-26T03:42:24Z,2026-08-26T05:42:24+0200,e96b9d4a-1054-48fe-90c7-5f4aaf55485c,2026-08-10T12:45:00Z,2026-08-10T14:45:00+0200,130.587,MW,NL,NL,actual_solar_generation,Solar | Actual Aggregated,2026-08-26T03:46:52Z
2026-08-26T03:42:24Z,2026-08-26T05:42:24+0200,e96b9d4a-1054-48fe-90c7-5f4aaf55485c,2026-08-10T12:45:00Z,2026-08-10T14:45:00+0200,0.0,MW,NL,NL,actual_solar_generation,Solar | Actual Consumption,2026-08-26T03:46:52Z
2026-08-26T03:42:24Z,2026-08-26T05:42:24+0200,e96b9d4a-1054-48fe-90c7-5f4aaf55485c,2026-08-10T13:00:00Z,2026-08-10T15:00:00+0200,136.883,MW,NL,NL,actual_solar_generation,Solar | Actual Aggregated,2026-08-26T03:46:52Z
2026-08-26T03:42:24Z,2026-08-26T05:42:24+0200,e96b9d4a-1054-48fe-90c7-5f4aaf55485c,2026-08-10T13:00:00Z,2026-08-10T15:00:00+0200,0.0,MW,NL,NL,actual_solar_generation,Solar | Actual Consumption,2026-08-26T03:46:52Z
2026-08-26T03:42:24Z,2026-08-26T05:42:24+0200,e96b9d4a-1054-48fe-90c7-5f4aaf55485c,2026-08-10T13:15:00Z,2026-08-10T15:15:00+0200,164.449,MW,NL,NL,actual_solar_generation,Solar | Actual Aggregated,2026-08-26T03:46:52Z
2026-08-26T03:42:24Z,2026-08-26T05:42:24+0200,e96b9d4a-1054-48fe-90c7-5f4aaf55485c,2026-08-10T13:15:00Z,2026-08-10T15:15:00+0200,0.0,MW,NL,NL,actual_solar_generation,Solar | Actual Consumption,2026-08-26T03:46:52Z
2026-08-26T03:42:24Z,2026-08-26T05:42:24+0200,e96b9d4a-1054-48fe-90c7-5f4aaf55485c,2026-08-10T13:30:00Z,2026-08-10T15:30:00+0200,143.635,MW,NL,NL,actual_solar_generation,Solar | Actual Aggregated,2026-08-26T03:46:52Z
2026-08-26T03:42:24Z,2026-08-26T05:42:24+0200,e96b9d4a-1054-48fe-90c7-5f4aaf55485c,2026-08-10T13:30:00Z,2026-08-10T15:30:00+0200,0.0,MW,NL,NL,actual_solar_generation,Solar | Actual Consumption,2026-08-26T03:46:52Z
2026-08-26T03:42:24Z,2026-08-26T05:42:24+0200,e96b9d4a-1054-48fe-90c7-5f4aaf55485c,2026-08-10T13:45:00Z,2026-08-10T15:45:00+0200,171.097,MW,NL,NL,actual_solar_generation,Solar | Actual Aggregated,2026-08-26T03:46:52Z
2026-08-26T03:42:24Z,2026-08-26T05:42:24+0200,e96b9d4a-1054-48fe-90c7-5f4aaf55485c,2026-08-10T13:45:00Z,2026-08-10T15:45:00+0200,0.0,MW,NL,NL,actual_solar_generation,Solar | Actual Consumption,2026-08-26T03:46:52Z
2026-08-26T03:42:24Z,2026-08-26T05:42:24+0200,e96b9d4a-1054-48fe-90c7-5f4aaf55485c,2026-08-10T14:00:00Z,2026-08-10T16:00:00+0200,155.72,MW,NL,NL,actual_solar_generation,Solar | Actual Aggregated,2026-08-26T03:46:52Z
2026-08-26T03:42:24Z,2026-08-26T05:42:24+0200,e96b9d4a-1054-48fe-90c7-5f4aaf55485c,2026-08-10T14:00:00Z,2026-08-10T16:00:00+0200,0.0,MW,NL,NL,actual_solar_generation,Solar | Actual Consumption,2026-08-26T03:46:52Z
2026-08-26T03:42:24Z,2026-08-26T05:42:24+0200,e96b9d4a-1054-48fe-90c7-5f4aaf55485c,2026-08-10T14:15:00Z,2026-08-10T16:15:00+0200,163.19,MW,NL,NL,actual_solar_generation,Solar | Actual Aggregated,2026-08-26T03:46:52Z
2026-08-26T03:42:24Z,2026-08-26T05:42:24+0200,e96b9d4a-1054-48fe-90c7-5f4aaf55485c,2026-08-10T14:15:00Z,2026-08-10T16:15:00+0200,0.0,MW,NL,NL,actual_solar_generation,Solar | Actual Consumption,2026-08-26T03:46:52Z
2026-08-26T03:42:24Z,2026-08-26T05:42:24+0200,e96b9d4a-1054-48fe-90c7-5f4aaf55485c,2026-08-10T14:30:00Z,2026-08-10T16:30:00+0200,135.839,MW,NL,NL,actual_solar_generation,Solar | Actual Aggregated,2026-08-26T03:46:52Z
2026-08-26T03:42:24Z,2026-08-26T05:42:24+0200,e96b9d4a-1054-48fe-90c7-5f4aaf55485c,2026-08-10T14:30:00Z,2026-08-10T16:30:00+0200,0.0,MW,NL,NL,actual_solar_generation,Solar | Actual Consumption,2026-08-26T03:46:52Z
2026-08-26T03:42:24Z,2026-08-26T05:42:24+0200,e96b9d4a-1054-48fe-90c7-5f4aaf55485c,2026-08-10T14:45:00Z,2026-08-10T16:45:00+0200,170.98,MW,NL,NL,actual_solar_generation,Solar | Actual Aggregated,2026-08-26T03:46:52Z
2026-08-26T03:42:24Z,2026-08-26T05:42:24+0200,e96b9d4a-1054-48fe-90c7-5f4aaf55485c,2026-08-10T14:45:00Z,2026-08-10T16:45:00+0200,0.0,MW,NL,NL,actual_solar_generation,Solar | Actual Consumption,2026-08-26T03:46:52Z
2026-08-26T03:42:24Z,2026-08-26T05:42:24+0200,e96b9d4a-1054-48fe-90c7-5f4aaf55485c,2026-08-10T15:00:00Z,2026-08-10T17:00:00+0200,157.193,MW,NL,NL,actual_solar_generation,Solar | Actual Aggregated,2026-08-26T03:46:52Z
2026-08-26T03:42:24Z,2026-08-26T05:42:24+0200,e96b9d4a-1054-48fe-90c7-5f4aaf55485c,2026-08-10T15:00:00Z,2026-08-10T17:00:00+0200,0.0,MW,NL,NL,actual_solar_generation,Solar | Actual Consumption,2026-08-26T03:46:52Z
2026-08-26T03:42:24Z,2026-08-26T05:42:24+0200,e96b9d4a-1054-48fe-90c7-5f4aaf55485c,2026-08-10T15:15:00Z,2026-08-10T17:15:00+0200,151.895,MW,NL,NL,actual_solar_generation,Solar | Actual Aggregated,2026-08-26T03:46:52Z
2026-08-26T03:42:24Z,2026-08-26T05:42:24+0200,e96b9d4a-1054-48fe-90c7-5f4aaf55485c,2026-08-10T15:15:00Z,2026-08-10T17:15:00+0200,0.0,MW,NL,NL,actual_solar_generation,Solar | Actual Consumption,2026-08-26T03:46:52Z
2026-08-26T03:42:24Z,2026-08-26T05:42:24+0200,e96b9d4a-1054-48fe-90c7-5f4aaf55485c,2026-08-10T15:30:00Z,2026-08-10T17:30:00+0200,137.022,MW,NL,NL,actual_solar_generation,Solar | Actual Aggregated,2026-08-26T03:46:52Z
2026-08-26T03:42:24Z,2026-08-26T05:42:24+0200,e96b9d4a-1054-48fe-90c7-5f4aaf55485c,2026-08-10T15:30:00Z,2026-08-10T17:30:00+0200,0.0,MW,NL,NL,actual_solar_generation,Solar | Actual Consumption,2026-08-26T03:46:52Z
2026-08-26T03:42:24Z,2026-08-26T05:42:24+0200,e96b9d4a-1054-48fe-90c7-5f4aaf55485c,2026-08-10T15:45:00Z,2026-08-10T17:45:00+0200,102.21,MW,NL,NL,actual_solar_generation,Solar | Actual Aggregated,2026-08-26T03:46:52Z
2026-08-26T03:42:24Z,2026-08-26T05:42:24+0200,e96b9d4a-1054-48fe-90c7-5f4aaf55485c,2026-08-10T15:45:00Z,2026-08-10T17:45:00+0200,0.0,MW,NL,NL,actual_solar_generation,Solar | Actual Consumption,2026-08-26T03:46:52Z
2026-08-26T03:42:24Z,2026-08-26T05:42:24+0200,e96b9d4a-1054-48fe-90c7-5f4aaf55485c,2026-08-10T16:00:00Z,2026-08-10T18:00:00+0200,106.884,MW,NL,NL,actual_solar_generation,Solar | Actual Aggregated,2026-08-26T03:46:52Z
2026-08-26T03:42:24Z,2026-08-26T05:42:24+0200,e96b9d4a-1054-48fe-90c7-5f4aaf55485c,2026-08-10T16:00:00Z,2026-08-10T18:00:00+0200,0.0,MW,NL,NL,actual_solar_generation,Solar | Actual Consumption,2026-08-26T03:46:52Z
2026-08-26T03:42:24Z,2026-08-26T05:42:24+0200,e96b9d4a-1054-48fe-90c7-5f4aaf55485c,2026-08-10T16:15:00Z,2026-08-10T18:15:00+0200,93.909,MW,NL,NL,actual_solar_generation,Solar | Actual Aggregated,2026-08-26T03:46:52Z
2026-08-26T03:42:24Z,2026-08-26T05:42:24+0200,e96b9d4a-1054-48fe-90c7-5f4aaf55485c,2026-08-10T16:15:00Z,2026-08-10T18:15:00+0200,0.0,MW,NL,NL,actual_solar_generation,Solar | Actual Consumption,2026-08-26T03:46:52Z
2026-08-26T03:42:24Z,2026-08-26T05:42:24+0200,e96b9d4a-1054-48fe-90c7-5f4aaf55485c,2026-08-10T16:30:00Z,2026-08-10T18:30:00+0200,82.45,MW,NL,NL,actual_solar_generation,Solar | Actual Aggregated,2026-08-26T03:46:52Z
2026-08-26T03:42:24Z,2026-08-26T05:42:24+0200,e96b9d4a-1054-48fe-90c7-5f4aaf55485c,2026-08-10T16:30:00Z,2026-08-10T18:30:00+0200,0.0,MW,NL,NL,actual_solar_generation,Solar | Actual Consumption,2026-08-26T03:46:52Z
2026-08-26T03:42:24Z,2026-08-26T05:42:24+0200,e96b9d4a-1054-48fe-90c7-5f4aaf55485c,2026-08-10T16:45:00Z,2026-08-10T18:45:00+0200,68.398,MW,NL,NL,actual_solar_generation,Solar | Actual Aggregated,2026-08-26T03:46:52Z
2026-08-26T03:42:24Z,2026-08-26T05:42:24+0200,e96b9d4a-1054-48fe-90c7-5f4aaf55485c,2026-08-10T16:45:00Z,2026-08-10T18:45:00+0200,0.0,MW,NL,NL,actual_solar_generation,Solar | Actual Consumption,2026-08-26T03:46:52Z
2026-08-26T03:42:24Z,2026-08-26T05:42:24+0200,e96b9d4a-1054-48fe-90c7-5f4aaf55485c,2026-08-10T17:00:00Z,2026-08-10T19:00:00+0200,55.837,MW,NL,NL,actual_solar_generation,Solar | Actual Aggregated,2026-08-26T03:46:52Z
2026-08-26T03:42:24Z,2026-08-26T05:42:24+0200,e96b9d4a-1054-48fe-90c7-5f4aaf55485c,2026-08-10T17:00:00Z,2026-08-10T19:00:00+0200,0.0,MW,NL,NL,actual_solar_generation,Solar | Actual Consumption,2026-08-26T03:46:52Z
2026-08-26T03:42:24Z,2026-08-26T05:42:24+0200,e96b9d4a-1054-48fe-90c7-5f4aaf55485c,2026-08-10T17:15:00Z,2026-08-10T19:15:00+0200,41.404,MW,NL,NL,actual_solar_generation,Solar | Actual Aggregated,2026-08-26T03:46:52Z
2026-08-26T03:42:24Z,2026-08-26T05:42:24+0200,e96b9d4a-1054-48fe-90c7-5f4aaf55485c,2026-08-10T17:15:00Z,2026-08-10T19:15:00+0200,0.0,MW,NL,NL,actual_solar_generation,Solar | Actual Consumption,2026-08-26T03:46:52Z
2026-08-26T03:42:24Z,2026-08-26T05:42:24+0200,e96b9d4a-1054-48fe-90c7-5f4aaf55485c,2026-08-10T17:30:00Z,2026-08-10T19:30:00+0200,38.337,MW,NL,NL,actual_solar_generation,Solar | Actual Aggregated,2026-08-26T03:46:52Z
2026-08-26T03:42:24Z,2026-08-26T05:42:24+0200,e96b9d4a-1054-48fe-90c7-5f4aaf55485c,2026-08-10T17:30:00Z,2026-08-10T19:30:00+0200,0.0,MW,NL,NL,actual_solar_generation,Solar | Actual Consumption,2026-08-26T03:46:52Z
2026-08-26T03:42:24Z,2026-08-26T05:42:24+0200,e96b9d4a-1054-48fe-90c7-5f4aaf55485c,2026-08-10T17:45:00Z,2026-08-10T19:45:00+0200,27.65,MW,NL,NL,actual_solar_generation,Solar | Actual Aggregated,2026-08-26T03:46:52Z
2026-08-26T03:42:24Z,2026-08-26T05:42:24+0200,e96b9d4a-1054-48fe-90c7-5f4aaf55485c,2026-08-10T17:45:00Z,2026-08-10T19:45:00+0200,0.0,MW,NL,NL,actual_solar_generation,Solar | Actual Consumption,2026-08-26T03:46:52Z
2026-08-26T03:42:24Z,2026-08-26T05:42:24+0200,e96b9d4a-1054-48fe-90c7-5f4aaf55485c,2026-08-10T18:00:00Z,2026-08-10T20:00:00+0200,16.113,MW,NL,NL,actual_solar_generation,Solar | Actual Aggregated,2026-08-26T03:46:52Z
2026-08-26T03:42:24Z,2026-08-26T05:42:24+0200,e96b9d4a-1054-48fe-90c7-5f4aaf55485c,2026-08-10T18:00:00Z,2026-08-10T20:00:00+0200,0.0,MW,NL,NL,actual_solar_generation,Solar | Actual Consumption,2026-08-26T03:46:52Z
2026-08-26T03:42:24Z,2026-08-26T05:42:24+0200,e96b9d4a-1054-48fe-90c7-5f4aaf55485c,2026-08-10T18:15:00Z,2026-08-10T20:15:00+0200,9.783,MW,NL,NL,actual_solar_generation,Solar | Actual Aggregated,2026-08-26T03:46:52Z
2026-08-26T03:42:24Z,2026-08-26T05:42:24+0200,e96b9d4a-1054-48fe-90c7-5f4aaf55485c,2026-08-10T18:15:00Z,2026-08-10T20:15:00+0200,0.0,MW,NL,NL,actual_solar_generation,Solar | Actual Consumption,2026-08-26T03:46:52Z
2026-08-26T03:42:24Z,2026-08-26T05:42:24+0200,e96b9d4a-1054-48fe-90c7-5f4aaf55485c,2026-08-10T18:30:00Z,2026-08-10T20:30:00+0200,5.475,MW,NL,NL,actual_solar_generation,Solar | Actual Aggregated,2026-08-26T03:46:52Z
2026-08-26T03:42:24Z,2026-08-26T05:42:24+0200,e96b9d4a-1054-48fe-90c7-5f4aaf55485c,2026-08-10T18:30:00Z,2026-08-10T20:30:00+0200,0.0,MW,NL,NL,actual_solar_generation,Solar | Actual Consumption,2026-08-26T03:46:52Z
2026-08-26T03:42:24Z,2026-08-26T05:42:24+0200,e96b9d4a-1054-48fe-90c7-5f4aaf55485c,2026-08-10T18:45:00Z,2026-08-10T20:45:00+0200,2.325,MW,NL,NL,actual_solar_generation,Solar | Actual Aggregated,2026-08-26T03:46:52Z
2026-08-26T03:42:24Z,2026-08-26T05:42:24+0200,e96b9d4a-1054-48fe-90c7-5f4aaf55485c,2026-08-10T18:45:00Z,2026-08-10T20:45:00+0200,0.0,MW,NL,NL,actual_solar_generation,Solar | Actual Consumption,2026-08-26T03:46:52Z
2026-08-26T03:42:24Z,2026-08-26T05:42:24+0200,e96b9d4a-1054-48fe-90c7-5f4aaf55485c,2026-08-10T19:00:00Z,2026-08-10T21:00:00+0200,0.217,MW,NL,NL,actual_solar_generation,Solar | Actual Aggregated,2026-08-26T03:46:52Z
2026-08-26T03:42:24Z,2026-08-26T05:42:24+0200,e96b9d4a-1054-48fe-90c7-5f4aaf55485c,2026-08-10T19:00:00Z,2026-08-10T21:00:00+0200,0.126,MW,NL,NL,actual_solar_generation,Solar | Actual Consumption,2026-08-26T03:46:52Z
2026-08-26T03:42:24Z,2026-08-26T05:42:24+0200,e96b9d4a-1054-48fe-90c7-5f4aaf55485c,2026-08-10T19:15:00Z,2026-08-10T21:15:00+0200,0.0,MW,NL,NL,actual_solar_generation,Solar | Actual Aggregated,2026-08-26T03:46:52Z
2026-08-26T03:42:24Z,2026-08-26T05:42:24+0200,e96b9d4a-1054-48fe-90c7-5f4aaf55485c,2026-08-10T19:15:00Z,2026-08-10T21:15:00+0200,0.126,MW,NL,NL,actual_solar_generation,Solar | Actual Consumption,2026-08-26T03:46:52Z
2026-08-26T03:42:24Z,2026-08-26T05:42:24+0200,e96b9d4a-1054-48fe-90c7-5f4aaf55485c,2026-08-10T19:30:00Z,2026-08-10T21:30:00+0200,0.0,MW,NL,NL,actual_solar_generation,Solar | Actual Aggregated,2026-08-26T03:46:52Z
2026-08-26T03:42:24Z,2026-08-26T05:42:24+0200,e96b9d4a-1054-48fe-90c7-5f4aaf55485c,2026-08-10T19:30:00Z,2026-08-10T21:30:00+0200,0.126,MW,NL,NL,actual_solar_generation,Solar | Actual Consumption,2026-08-26T03:46:52Z
2026-08-26T03:42:24Z,2026-08-26T05:42:24+0200,e96b9d4a-1054-48fe-90c7-5f4aaf55485c,2026-08-10T19:45:00Z,2026-08-10T21:45:00+0200,0.0,MW,NL,NL,actual_solar_generation,Solar | Actual Aggregated,2026-08-26T03:46:52Z
2026-08-26T03:42:24Z,2026-08-26T05:42:24+0200,e96b9d4a-1054-48fe-90c7-5f4aaf55485c,2026-08-10T19:45:00Z,2026-08-10T21:45:00+0200,0.126,MW,NL,NL,actual_solar_generation,Solar | Actual Consumption,2026-08-26T03:46:52Z
2026-08-26T03:42:24Z,2026-08-26T05:42:24+0200,e96b9d4a-1054-48fe-90c7-5f4aaf55485c,2026-08-10T20:00:00Z,2026-08-10T22:00:00+0200,0.0,MW,NL,NL,actual_solar_generation,Solar | Actual Aggregated,2026-08-26T03:46:52Z
2026-08-26T03:42:24Z,2026-08-26T05:42:24+0200,e96b9d4a-1054-48fe-90c7-5f4aaf55485c,2026-08-10T20:00:00Z,2026-08-10T22:00:00+0200,0.132,MW,NL,NL,actual_solar_generation,Solar | Actual Consumption,2026-08-26T03:46:52Z
2026-08-26T03:42:24Z,2026-08-26T05:42:24+0200,e96b9d4a-1054-48fe-90c7-5f4aaf55485c,2026-08-10T20:15:00Z,2026-08-10T22:15:00+0200,0.0,MW,NL,NL,actual_solar_generation,Solar | Actual Aggregated,2026-08-26T03:46:52Z
2026-08-26T03:42:24Z,2026-08-26T05:42:24+0200,e96b9d4a-1054-48fe-90c7-5f4aaf55485c,2026-08-10T20:15:00Z,2026-08-10T22:15:00+0200,0.123,MW,NL,NL,actual_solar_generation,Solar | Actual Consumption,2026-08-26T03:46:52Z
2026-08-26T03:42:24Z,2026-08-26T05:42:24+0200,e96b9d4a-1054-48fe-90c7-5f4aaf55485c,2026-08-10T20:30:00Z,2026-08-10T22:30:00+0200,0.0,MW,NL,NL,actual_solar_generation,Solar | Actual Aggregated,2026-08-26T03:46:52Z
2026-08-26T03:42:24Z,2026-08-26T05:42:24+0200,e96b9d4a-1054-48fe-90c7-5f4aaf55485c,2026-08-10T20:30:00Z,2026-08-10T22:30:00+0200,0.123,MW,NL,NL,actual_solar_generation,Solar | Actual Consumption,2026-08-26T03:46:52Z
2026-08-26T03:42:24Z,2026-08-26T05:42:24+0200,e96b9d4a-1054-48fe-90c7-5f4aaf55485c,2026-08-10T20:45:00Z,2026-08-10T22:45:00+0200,0.0,MW,NL,NL,actual_solar_generation,Solar | Actual Aggregated,2026-08-26T03:46:52Z
2026-08-26T03:42:24Z,2026-08-26T05:42:24+0200,e96b9d4a-1054-48fe-90c7-5f4aaf55485c,2026-08-10T20:45:00Z,2026-08-10T22:45:00+0200,0.123,MW,NL,NL,actual_solar_generation,Solar | Actual Consumption,2026-08-26T03:46:52Z
2026-08-26T03:42:24Z,2026-08-26T05:42:24+0200,e96b9d4a-1054-48fe-90c7-5f4aaf55485c,2026-08-10T21:00:00Z,2026-08-10T23:00:00+0200,0.0,MW,NL,NL,actual_solar_generation,Solar | Actual Aggregated,2026-08-26T03:46:52Z
2026-08-26T03:42:24Z,2026-08-26T05:42:24+0200,e96b9d4a-1054-48fe-90c7-5f4aaf55485c,2026-08-10T21:00:00Z,2026-08-10T23:00:00+0200,0.13,MW,NL,NL,actual_solar_generation,Solar | Actual Consumption,2026-08-26T03:46:52Z
2026-08-26T03:42:24Z,2026-08-26T05:42:24+0200,e96b9d4a-1054-48fe-90c7-5f4aaf55485c,2026-08-10T21:15:00Z,2026-08-10T23:15:00+0200,0.0,MW,NL,NL,actual_solar_generation,Solar | Actual Aggregated,2026-08-26T03:46:52Z
2026-08-26T03:42:24Z,2026-08-26T05:42:24+0200,e96b9d4a-1054-48fe-90c7-5f4aaf55485c,2026-08-10T21:15:00Z,2026-08-10T23:15:00+0200,0.133,MW,NL,NL,actual_solar_generation,Solar | Actual Consumption,2026-08-26T03:46:52Z
2026-08-26T03:42:24Z,2026-08-26T05:42:24+0200,e96b9d4a-1054-48fe-90c7-5f4aaf55485c,2026-08-10T21:30:00Z,2026-08-10T23:30:00+0200,0.0,MW,NL,NL,actual_solar_generation,Solar | Actual Aggregated,2026-08-26T03:46:52Z
2026-08-26T03:42:24Z,2026-08-26T05:42:24+0200,e96b9d4a-1054-48fe-90c7-5f4aaf55485c,2026-08-10T21:30:00Z,2026-08-10T23:30:00+0200,0.122,MW,NL,NL,actual_solar_generation,Solar | Actual Consumption,2026-08-26T03:46:52Z
2026-08-26T03:42:24Z,2026-08-26T05:42:24+0200,e96b9d4a-1054-48fe-90c7-5f4aaf55485c,2026-08-10T21:45:00Z,2026-08-10T23:45:00+0200,0.0,MW,NL,NL,actual_solar_generation,Solar | Actual Aggregated,2026-08-26T03:46:52Z
2026-08-26T03:42:24Z,2026-08-26T05:42:24+0200,e96b9d4a-1054-48fe-90c7-5f4aaf55485c,2026-08-10T21:45:00Z,2026-08-10T23:45:00+0200,0.123,MW,NL,NL,actual_solar_generation,Solar | Actual Consumption,2026-08-26T03:46:52Z
2026-08-26T03:42:24Z,2026-08-26T05:42:24+0200,e96b9d4a-1054-48fe-90c7-5f4aaf55485c,2026-08-10T22:00:00Z,2026-08-11T00:00:00+0200,0.0,MW,NL,NL,actual_solar_generation,Solar | Actual Aggregated,2026-08-26T03:46:52Z
2026-08-26T03:42:24Z,2026-08-26T05:42:24+0200,e96b9d4a-1054-48fe-90c7-5f4aaf55485c,2026-08-10T22:00:00Z,2026-08-11T00:00:00+0200,0.137,MW,NL,NL,actual_solar_generation,Solar | Actual Consumption,2026-08-26T03:46:52Z
2026-08-26T03:42:24Z,2026-08-26T05:42:24+0200,e96b9d4a-1054-48fe-90c7-5f4aaf55485c,2026-08-10T22:15:00Z,2026-08-11T00:15:00+0200,0.0,MW,NL,NL,actual_solar_generation,Solar | Actual Aggregated,2026-08-26T03:46:52Z
2026-08-26T03:42:24Z,2026-08-26T05:42:24+0200,e96b9d4a-1054-48fe-90c7-5f4aaf55485c,2026-08-10T22:15:00Z,2026-08-11T00:15:00+0200,0.112,MW,NL,NL,actual_solar_generation,Solar | Actual Consumption,2026-08-26T03:46:52Z
2026-08-26T03:42:24Z,2026-08-26T05:42:24+0200,e96b9d4a-1054-48fe-90c7-5f4aaf55485c,2026-08-10T22:30:00Z,2026-08-11T00:30:00+0200,0.0,MW,NL,NL,actual_solar_generation,Solar | Actual Aggregated,2026-08-26T03:46:52Z
2026-08-26T03:42:24Z,2026-08-26T05:42:24+0200,e96b9d4a-1054-48fe-90c7-5f4aaf55485c,2026-08-10T22:30:00Z,2026-08-11T00:30:00+0200,0.119,MW,NL,NL,actual_solar_generation,Solar | Actual Consumption,2026-08-26T03:46:52Z
2026-08-26T03:42:24Z,2026-08-26T05:42:24+0200,e96b9d4a-1054-48fe-90c7-5f4aaf55485c,2026-08-10T22:45:00Z,2026-08-11T00:45:00+0200,0.0,MW,NL,NL,actual_solar_generation,Solar | Actual Aggregated,2026-08-26T03:46:52Z
2026-08-26T03:42:24Z,2026-08-26T05:42:24+0200,e96b9d4a-1054-48fe-90c7-5f4aaf55485c,2026-08-10T22:45:00Z,2026-08-11T00:45:00+0200,0.121,MW,NL,NL,actual_solar_generation,Solar | Actual Consumption,2026-08-26T03:46:52Z
2026-08-26T03:42:24Z,2026-08-26T05:42:24+0200,e96b9d4a-1054-48fe-90c7-5f4aaf55485c,2026-08-10T23:00:00Z,2026-08-11T01:00:00+0200,0.0,MW,NL,NL,actual_solar_generation,Solar | Actual Aggregated,2026-08-26T03:46:52Z
2026-08-26T03:42:24Z,2026-08-26T05:42:24+0200,e96b9d4a-1054-48fe-90c7-5f4aaf55485c,2026-08-10T23:00:00Z,2026-08-11T01:00:00+0200,0.126,MW,NL,NL,actual_solar_generation,Solar | Actual Consumption,2026-08-26T03:46:52Z
2026-08-26T03:42:24Z,2026-08-26T05:42:24+0200,e96b9d4a-1054-48fe-90c7-5f4aaf55485c,2026-08-10T23:15:00Z,2026-08-11T01:15:00+0200,0.0,MW,NL,NL,actual_solar_generation,Solar | Actual Aggregated,2026-08-26T03:46:52Z
2026-08-26T03:42:24Z,2026-08-26T05:42:24+0200,e96b9d4a-1054-48fe-90c7-5f4aaf55485c,2026-08-10T23:15:00Z,2026-08-11T01:15:00+0200,0.126,MW,NL,NL,actual_solar_generation,Solar | Actual Consumption,2026-08-26T03:46:52Z
2026-08-26T03:42:24Z,2026-08-26T05:42:24+0200,e96b9d4a-1054-48fe-90c7-5f4aaf55485c,2026-08-10T23:30:00Z,2026-08-11T01:30:00+0200,0.0,MW,NL,NL,actual_solar_generation,Solar | Actual Aggregated,2026-08-26T03:46:52Z
2026-08-26T03:42:24Z,2026-08-26T05:42:24+0200,e96b9d4a-1054-48fe-90c7-5f4aaf55485c,2026-08-10T23:30:00Z,2026-08-11T01:30:00+0200,0.126,MW,NL,NL,actual_solar_generation,Solar | Actual Consumption,2026-08-26T03:46:52Z
2026-08-26T03:42:24Z,2026-08-26T05:42:24+0200,e96b9d4a-1054-48fe-90c7-5f4aaf55485c,2026-08-10T23:45:00Z,2026-08-11T01:45:00+0200,0.0,MW,NL,NL,actual_solar_generation,Solar | Actual Aggregated,2026-08-26T03:46:52Z
2026-08-26T03:42:24Z,2026-08-26T05:42:24+0200,e96b9d4a-1054-48fe-90c7-5f4aaf55485c,2026-08-10T23:45:00Z,2026-08-11T01:45:00+0200,0.126,MW,NL,NL,actual_solar_generation,Solar | Actual Consumption,2026-08-26T03:46:52Z
2026-08-26T03:42:24Z,2026-08-26T05:42:24+0200,e96b9d4a-1054-48fe-90c7-5f4aaf55485c,2026-08-11T00:00:00Z,2026-08-11T02:00:00+0200,0.0,MW,NL,NL,actual_solar_generation,Solar | Actual Aggregated,2026-08-26T03:46:52Z
2026-08-26T03:42:24Z,2026-08-26T05:42:24+0200,e96b9d4a-1054-48fe-90c7-5f4aaf55485c,2026-08-11T00:00:00Z,2026-08-11T02:00:00+0200,0.126,MW,NL,NL,actual_solar_generation,Solar | Actual Consumption,2026-08-26T03:46:52Z
2026-08-26T03:42:24Z,2026-08-26T05:42:24+0200,e96b9d4a-1054-48fe-90c7-5f4aaf55485c,2026-08-11T00:15:00Z,2026-08-11T02:15:00+0200,0.0,MW,NL,NL,actual_solar_generation,Solar | Actual Aggregated,2026-08-26T03:46:52Z
2026-08-26T03:42:24Z,2026-08-26T05:42:24+0200,e96b9d4a-1054-48fe-90c7-5f4aaf55485c,2026-08-11T00:15:00Z,2026-08-11T02:15:00+0200,0.126,MW,NL,NL,actual_solar_generation,Solar | Actual Consumption,2026-08-26T03:46:52Z
2026-08-26T03:42:24Z,2026-08-26T05:42:24+0200,e96b9d4a-1054-48fe-90c7-5f4aaf55485c,2026-08-11T00:30:00Z,2026-08-11T02:30:00+0200,0.0,MW,NL,NL,actual_solar_generation,Solar | Actual Aggregated,2026-08-26T03:46:52Z
2026-08-26T03:42:24Z,2026-08-26T05:42:24+0200,e96b9d4a-1054-48fe-90c7-5f4aaf55485c,2026-08-11T00:30:00Z,2026-08-11T02:30:00+0200,0.126,MW,NL,NL,actual_solar_generation,Solar | Actual Consumption,2026-08-26T03:46:52Z
2026-08-26T03:42:24Z,2026-08-26T05:42:24+0200,e96b9d4a-1054-48fe-90c7-5f4aaf55485c,2026-08-11T00:45:00Z,2026-08-11T02:45:00+0200,0.0,MW,NL,NL,actual_solar_generation,Solar | Actual Aggregated,2026-08-26T03:46:52Z
2026-08-26T03:42:24Z,2026-08-26T05:42:24+0200,e96b9d4a-1054-48fe-90c7-5f4aaf55485c,2026-08-11T00:45:00Z,2026-08-11T02:45:00+0200,0.126,MW,NL,NL,actual_solar_generation,Solar | Actual Consumption,2026-08-26T03:46:52Z
2026-08-26T03:42:24Z,2026-08-26T05:42:24+0200,e96b9d4a-1054-48fe-90c7-5f4aaf55485c,2026-08-11T01:00:00Z,2026-08-11T03:00:00+0200,0.0,MW,NL,NL,actual_solar_generation,Solar | Actual Aggregated,2026-08-26T03:46:52Z
2026-08-26T03:42:24Z,2026-08-26T05:42:24+0200,e96b9d4a-1054-48fe-90c7-5f4aaf55485c,2026-08-11T01:00:00Z,2026-08-11T03:00:00+0200,0.126,MW,NL,NL,actual_solar_generation,Solar | Actual Consumption,2026-08-26T03:46:52Z
2026-08-26T03:42:24Z,2026-08-26T05:42:24+0200,e96b9d4a-1054-48fe-90c7-5f4aaf55485c,2026-08-11T01:15:00Z,2026-08-11T03:15:00+0200,0.0,MW,NL,NL,actual_solar_generation,Solar | Actual Aggregated,2026-08-26T03:46:52Z
2026-08-26T03:42:24Z,2026-08-26T05:42:24+0200,e96b9d4a-1054-48fe-90c7-5f4aaf55485c,2026-08-11T01:15:00Z,2026-08-11T03:15:00+0200,0.126,MW,NL,NL,actual_solar_generation,Solar | Actual Consumption,2026-08-26T03:46:52Z
2026-08-26T03:42:24Z,2026-08-26T05:42:24+0200,e96b9d4a-1054-48fe-90c7-5f4aaf55485c,2026-08-11T01:30:00Z,2026-08-11T03:30:00+0200,0.0,MW,NL,NL,actual_solar_generation,Solar | Actual Aggregated,2026-08-26T03:46:52Z
2026-08-26T03:42:24Z,2026-08-26T05:42:24+0200,e96b9d4a-1054-48fe-90c7-5f4aaf55485c,2026-08-11T01:30:00Z,2026-08-11T03:30:00+0200,0.126,MW,NL,NL,actual_solar_generation,Solar | Actual Consumption,2026-08-26T03:46:52Z
2026-08-26T03:42:24Z,2026-08-26T05:42:24+0200,e96b9d4a-1054-48fe-90c7-5f4aaf55485c,2026-08-11T01:45:00Z,2026-08-11T03:45:00+0200,0.0,MW,NL,NL,actual_solar_generation,Solar | Actual Aggregated,2026-08-26T03:46:52Z
2026-08-26T03:42:24Z,2026-08-26T05:42:24+0200,e96b9d4a-1054-48fe-90c7-5f4aaf55485c,2026-08-11T01:45:00Z,2026-08-11T03:45:00+0200,0.126,MW,NL,NL,actual_solar_generation,Solar | Actual Consumption,2026-08-26T03:46:52Z
2026-08-26T03:42:24Z,2026-08-26T05:42:24+0200,e96b9d4a-1054-48fe-90c7-5f4aaf55485c,2026-08-11T02:00:00Z,2026-08-11T04:00:00+0200,0.0,MW,NL,NL,actual_solar_generation,Solar | Actual Aggregated,2026-08-26T03:46:52Z
2026-08-26T03:42:24Z,2026-08-26T05:42:24+0200,e96b9d4a-1054-48fe-90c7-5f4aaf55485c,2026-08-11T02:00:00Z,2026-08-11T04:00:00+0200,0.126,MW,NL,NL,actual_solar_generation,Solar | Actual Consumption,2026-08-26T03:46:52Z
2026-08-26T03:42:24Z,2026-08-26T05:42:24+0200,e96b9d4a-1054-48fe-90c7-5f4aaf55485c,2026-08-11T02:15:00Z,2026-08-11T04:15:00+0200,0.0,MW,NL,NL,actual_solar_generation,Solar | Actual Aggregated,2026-08-26T03:46:52Z
2026-08-26T03:42:24Z,2026-08-26T05:42:24+0200,e96b9d4a-1054-48fe-90c7-5f4aaf55485c,2026-08-11T02:15:00Z,2026-08-11T04:15:00+0200,0.126,MW,NL,NL,actual_solar_generation,Solar | Actual Consumption,2026-08-26T03:46:52Z
2026-08-26T03:42:24Z,2026-08-26T05:42:24+0200,e96b9d4a-1054-48fe-90c7-5f4aaf55485c,2026-08-11T02:30:00Z,2026-08-11T04:30:00+0200,0.0,MW,NL,NL,actual_solar_generation,Solar | Actual Aggregated,2026-08-26T03:46:52Z
2026-08-26T03:42:24Z,2026-08-26T05:42:24+0200,e96b9d4a-1054-48fe-90c7-5f4aaf55485c,2026-08-11T02:30:00Z,2026-08-11T04:30:00+0200,0.126,MW,NL,NL,actual_solar_generation,Solar | Actual Consumption,2026-08-26T03:46:52Z
2026-08-26T03:42:24Z,2026-08-26T05:42:24+0200,e96b9d4a-1054-48fe-90c7-5f4aaf55485c,2026-08-11T02:45:00Z,2026-08-11T04:45:00+0200,0.0,MW,NL,NL,actual_solar_generation,Solar | Actual Aggregated,2026-08-26T03:46:52Z
2026-08-26T03:42:24Z,2026-08-26T05:42:24+0200,e96b9d4a-1054-48fe-90c7-5f4aaf55485c,2026-08-11T02:45:00Z,2026-08-11T04:45:00+0200,0.126,MW,NL,NL,actual_solar_generation,Solar | Actual Consumption,2026-08-26T03:46:52Z
2026-08-26T03:42:24Z,2026-08-26T05:42:24+0200,e96b9d4a-1054-48fe-90c7-5f4aaf55485c,2026-08-11T03:00:00Z,2026-08-11T05:00:00+0200,0.0,MW,NL,NL,actual_solar_generation,Solar | Actual Aggregated,2026-08-26T03:46:52Z
2026-08-26T03:42:24Z,2026-08-26T05:42:24+0200,e96b9d4a-1054-48fe-90c7-5f4aaf55485c,2026-08-11T03:00:00Z,2026-08-11T05:00:00+0200,0.126,MW,NL,NL,actual_solar_generation,Solar | Actual Consumption,2026-08-26T03:46:52Z
2026-08-26T03:42:24Z,2026-08-26T05:42:24+0200,e96b9d4a-1054-48fe-90c7-5f4aaf55485c,2026-08-11T03:15:00Z,2026-08-11T05:15:00+0200,0.0,MW,NL,NL,actual_solar_generation,Solar | Actual Aggregated,2026-08-26T03:46:52Z
2026-08-26T03:42:24Z,2026-08-26T05:42:24+0200,e96b9d4a-1054-48fe-90c7-5f4aaf55485c,2026-08-11T03:15:00Z,2026-08-11T05:15:00+0200,0.126,MW,NL,NL,actual_solar_generation,Solar | Actual Consumption,2026-08-26T03:46:52Z
2026-08-26T03:42:24Z,2026-08-26T05:42:24+0200,e96b9d4a-1054-48fe-90c7-5f4aaf55485c,2026-08-11T03:30:00Z,2026-08-11T05:30:00+0200,0.0,MW,NL,NL,actual_solar_generation,Solar | Actual Aggregated,2026-08-26T03:46:52Z
2026-08-26T03:42:24Z,2026-08-26T05:42:24+0200,e96b9d4a-1054-48fe-90c7-5f4aaf55485c,2026-08-11T03:30:00Z,2026-08-11T05:30:00+0200,0.126,MW,NL,NL,actual_solar_generation,Solar | Actual Consumption,2026-08-26T03:46:52Z
2026-08-26T03:42:24Z,2026-08-26T05:42:24+0200,e96b9d4a-1054-48fe-90c7-5f4aaf55485c,2026-08-11T03:45:00Z,2026-08-11T05:45:00+0200,0.0,MW,NL,NL,actual_solar_generation,Solar | Actual Aggregated,2026-08-26T03:46:52Z
2026-08-26T03:42:24Z,2026-08-26T05:42:24+0200,e96b9d4a-1054-48fe-90c7-5f4aaf55485c,2026-08-11T03:45:00Z,2026-08-11T05:45:00+0200,0.126,MW,NL,NL,actual_solar_generation,Solar | Actual Consumption,2026-08-26T03:46:52Z
2026-08-26T03:42:24Z,2026-08-26T05:42:24+0200,e96b9d4a-1054-48fe-90c7-5f4aaf55485c,2026-08-11T04:00:00Z,2026-08-11T06:00:00+0200,0.177,MW,NL,NL,actual_solar_generation,Solar | Actual Aggregated,2026-08-26T03:46:52Z
2026-08-26T03:42:24Z,2026-08-26T05:42:24+0200,e96b9d4a-1054-48fe-90c7-5f4aaf55485c,2026-08-11T04:00:00Z,2026-08-11T06:00:00+0200,0.126,MW,NL,NL,actual_solar_generation,Solar | Actual Consumption,2026-08-26T03:46:52Z
2026-08-26T03:42:24Z,2026-08-26T05:42:24+0200,e96b9d4a-1054-48fe-90c7-5f4aaf55485c,2026-08-11T04:15:00Z,2026-08-11T06:15:00+0200,2.477,MW,NL,NL,actual_solar_generation,Solar | Actual Aggregated,2026-08-26T03:46:52Z
2026-08-26T03:42:24Z,2026-08-26T05:42:24+0200,e96b9d4a-1054-48fe-90c7-5f4aaf55485c,2026-08-11T04:15:00Z,2026-08-11T06:15:00+0200,0.0,MW,NL,NL,actual_solar_generation,Solar | Actual Consumption,2026-08-26T03:46:52Z
2026-08-26T03:42:24Z,2026-08-26T05:42:24+0200,e96b9d4a-1054-48fe-90c7-5f4aaf55485c,2026-08-11T04:30:00Z,2026-08-11T06:30:00+0200,5.264,MW,NL,NL,actual_solar_generation,Solar | Actual Aggregated,2026-08-26T03:46:52Z
2026-08-26T03:42:24Z,2026-08-26T05:42:24+0200,e96b9d4a-1054-48fe-90c7-5f4aaf55485c,2026-08-11T04:30:00Z,2026-08-11T06:30:00+0200,0.0,MW,NL,NL,actual_solar_generation,Solar | Actual Consumption,2026-08-26T03:46:52Z
2026-08-26T03:42:24Z,2026-08-26T05:42:24+0200,e96b9d4a-1054-48fe-90c7-5f4aaf55485c,2026-08-11T04:45:00Z,2026-08-11T06:45:00+0200,8.974,MW,NL,NL,actual_solar_generation,Solar | Actual Aggregated,2026-08-26T03:46:52Z
2026-08-26T03:42:24Z,2026-08-26T05:42:24+0200,e96b9d4a-1054-48fe-90c7-5f4aaf55485c,2026-08-11T04:45:00Z,2026-08-11T06:45:00+0200,0.0,MW,NL,NL,actual_solar_generation,Solar | Actual Consumption,2026-08-26T03:46:52Z
2026-08-26T03:42:24Z,2026-08-26T05:42:24+0200,e96b9d4a-1054-48fe-90c7-5f4aaf55485c,2026-08-11T05:00:00Z,2026-08-11T07:00:00+0200,14.251,MW,NL,NL,actual_solar_generation,Solar | Actual Aggregated,2026-08-26T03:46:52Z
2026-08-26T03:42:24Z,2026-08-26T05:42:24+0200,e96b9d4a-1054-48fe-90c7-5f4aaf55485c,2026-08-11T05:00:00Z,2026-08-11T07:00:00+0200,0.0,MW,NL,NL,actual_solar_generation,Solar | Actual Consumption,2026-08-26T03:46:52Z
2026-08-26T03:42:24Z,2026-08-26T05:42:24+0200,e96b9d4a-1054-48fe-90c7-5f4aaf55485c,2026-08-11T05:15:00Z,2026-08-11T07:15:00+0200,21.772,MW,NL,NL,actual_solar_generation,Solar | Actual Aggregated,2026-08-26T03:46:52Z
2026-08-26T03:42:24Z,2026-08-26T05:42:24+0200,e96b9d4a-1054-48fe-90c7-5f4aaf55485c,2026-08-11T05:15:00Z,2026-08-11T07:15:00+0200,0.0,MW,NL,NL,actual_solar_generation,Solar | Actual Consumption,2026-08-26T03:46:52Z
2026-08-26T03:42:24Z,2026-08-26T05:42:24+0200,e96b9d4a-1054-48fe-90c7-5f4aaf55485c,2026-08-11T05:30:00Z,2026-08-11T07:30:00+0200,31.812,MW,NL,NL,actual_solar_generation,Solar | Actual Aggregated,2026-08-26T03:46:52Z
2026-08-26T03:42:24Z,2026-08-26T05:42:24+0200,e96b9d4a-1054-48fe-90c7-5f4aaf55485c,2026-08-11T05:30:00Z,2026-08-11T07:30:00+0200,0.0,MW,NL,NL,actual_solar_generation,Solar | Actual Consumption,2026-08-26T03:46:52Z
2026-08-26T03:42:24Z,2026-08-26T05:42:24+0200,e96b9d4a-1054-48fe-90c7-5f4aaf55485c,2026-08-11T05:45:00Z,2026-08-11T07:45:00+0200,44.359,MW,NL,NL,actual_solar_generation,Solar | Actual Aggregated,2026-08-26T03:46:52Z
2026-08-26T03:42:24Z,2026-08-26T05:42:24+0200,e96b9d4a-1054-48fe-90c7-5f4aaf55485c,2026-08-11T05:45:00Z,2026-08-11T07:45:00+0200,0.0,MW,NL,NL,actual_solar_generation,Solar | Actual Consumption,2026-08-26T03:46:52Z
2026-08-26T03:42:24Z,2026-08-26T05:42:24+0200,e96b9d4a-1054-48fe-90c7-5f4aaf55485c,2026-08-11T06:00:00Z,2026-08-11T08:00:00+0200,58.351,MW,NL,NL,actual_solar_generation,Solar | Actual Aggregated,2026-08-26T03:46:52Z
2026-08-26T03:42:24Z,2026-08-26T05:42:24+0200,e96b9d4a-1054-48fe-90c7-5f4aaf55485c,2026-08-11T06:00:00Z,2026-08-11T08:00:00+0200,0.0,MW,NL,NL,actual_solar_generation,Solar | Actual Consumption,2026-08-26T03:46:52Z
2026-08-26T03:42:24Z,2026-08-26T05:42:24+0200,e96b9d4a-1054-48fe-90c7-5f4aaf55485c,2026-08-11T06:15:00Z,2026-08-11T08:15:00+0200,73.315,MW,NL,NL,actual_solar_generation,Solar | Actual Aggregated,2026-08-26T03:46:52Z
2026-08-26T03:42:24Z,2026-08-26T05:42:24+0200,e96b9d4a-1054-48fe-90c7-5f4aaf55485c,2026-08-11T06:15:00Z,2026-08-11T08:15:00+0200,0.0,MW,NL,NL,actual_solar_generation,Solar | Actual Consumption,2026-08-26T03:46:52Z
2026-08-26T03:42:24Z,2026-08-26T05:42:24+0200,e96b9d4a-1054-48fe-90c7-5f4aaf55485c,2026-08-11T06:30:00Z,2026-08-11T08:30:00+0200,88.714,MW,NL,NL,actual_solar_generation,Solar | Actual Aggregated,2026-08-26T03:46:52Z
2026-08-26T03:42:24Z,2026-08-26T05:42:24+0200,e96b9d4a-1054-48fe-90c7-5f4aaf55485c,2026-08-11T06:30:00Z,2026-08-11T08:30:00+0200,0.0,MW,NL,NL,actual_solar_generation,Solar | Actual Consumption,2026-08-26T03:46:52Z
2026-08-26T03:42:24Z,2026-08-26T05:42:24+0200,e96b9d4a-1054-48fe-90c7-5f4aaf55485c,2026-08-11T06:45:00Z,2026-08-11T08:45:00+0200,104.437,MW,NL,NL,actual_solar_generation,Solar | Actual Aggregated,2026-08-26T03:46:52Z
2026-08-26T03:42:24Z,2026-08-26T05:42:24+0200,e96b9d4a-1054-48fe-90c7-5f4aaf55485c,2026-08-11T06:45:00Z,2026-08-11T08:45:00+0200,0.0,MW,NL,NL,actual_solar_generation,Solar | Actual Consumption,2026-08-26T03:46:52Z
2026-08-26T03:42:24Z,2026-08-26T05:42:24+0200,e96b9d4a-1054-48fe-90c7-5f4aaf55485c,2026-08-11T07:00:00Z,2026-08-11T09:00:00+0200,121.241,MW,NL,NL,actual_solar_generation,Solar | Actual Aggregated,2026-08-26T03:46:52Z
2026-08-26T03:42:24Z,2026-08-26T05:42:24+0200,e96b9d4a-1054-48fe-90c7-5f4aaf55485c,2026-08-11T07:00:00Z,2026-08-11T09:00:00+0200,0.0,MW,NL,NL,actual_solar_generation,Solar | Actual Consumption,2026-08-26T03:46:52Z
2026-08-26T03:42:24Z,2026-08-26T05:42:24+0200,e96b9d4a-1054-48fe-90c7-5f4aaf55485c,2026-08-11T07:15:00Z,2026-08-11T09:15:00+0200,134.762,MW,NL,NL,actual_solar_generation,Solar | Actual Aggregated,2026-08-26T03:46:52Z
2026-08-26T03:42:24Z,2026-08-26T05:42:24+0200,e96b9d4a-1054-48fe-90c7-5f4aaf55485c,2026-08-11T07:15:00Z,2026-08-11T09:15:00+0200,0.0,MW,NL,NL,actual_solar_generation,Solar | Actual Consumption,2026-08-26T03:46:52Z
2026-08-26T03:42:24Z,2026-08-26T05:42:24+0200,e96b9d4a-1054-48fe-90c7-5f4aaf55485c,2026-08-11T07:30:00Z,2026-08-11T09:30:00+0200,117.902,MW,NL,NL,actual_solar_generation,Solar | Actual Aggregated,2026-08-26T03:46:52Z
2026-08-26T03:42:24Z,2026-08-26T05:42:24+0200,e96b9d4a-1054-48fe-90c7-5f4aaf55485c,2026-08-11T07:30:00Z,2026-08-11T09:30:00+0200,0.0,MW,NL,NL,actual_solar_generation,Solar | Actual Consumption,2026-08-26T03:46:52Z
2026-08-26T03:42:24Z,2026-08-26T05:42:24+0200,e96b9d4a-1054-48fe-90c7-5f4aaf55485c,2026-08-11T07:45:00Z,2026-08-11T09:45:00+0200,121.434,MW,NL,NL,actual_solar_generation,Solar | Actual Aggregated,2026-08-26T03:46:52Z
2026-08-26T03:42:24Z,2026-08-26T05:42:24+0200,e96b9d4a-1054-48fe-90c7-5f4aaf55485c,2026-08-11T07:45:00Z,2026-08-11T09:45:00+0200,0.0,MW,NL,NL,actual_solar_generation,Solar | Actual Consumption,2026-08-26T03:46:52Z
2026-08-26T03:42:24Z,2026-08-26T05:42:24+0200,e96b9d4a-1054-48fe-90c7-5f4aaf55485c,2026-08-11T08:00:00Z,2026-08-11T10:00:00+0200,125.657,MW,NL,NL,actual_solar_generation,Solar | Actual Aggregated,2026-08-26T03:46:52Z
2026-08-26T03:42:24Z,2026-08-26T05:42:24+0200,e96b9d4a-1054-48fe-90c7-5f4aaf55485c,2026-08-11T08:00:00Z,2026-08-11T10:00:00+0200,0.0,MW,NL,NL,actual_solar_generation,Solar | Actual Consumption,2026-08-26T03:46:52Z
2026-08-26T03:42:24Z,2026-08-26T05:42:24+0200,e96b9d4a-1054-48fe-90c7-5f4aaf55485c,2026-08-11T08:15:00Z,2026-08-11T10:15:00+0200,159.279,MW,NL,NL,actual_solar_generation,Solar | Actual Aggregated,2026-08-26T03:46:52Z
2026-08-26T03:42:24Z,2026-08-26T05:42:24+0200,e96b9d4a-1054-48fe-90c7-5f4aaf55485c,2026-08-11T08:15:00Z,2026-08-11T10:15:00+0200,0.0,MW,NL,NL,actual_solar_generation,Solar | Actual Consumption,2026-08-26T03:46:52Z
2026-08-26T03:42:24Z,2026-08-26T05:42:24+0200,e96b9d4a-1054-48fe-90c7-5f4aaf55485c,2026-08-11T08:30:00Z,2026-08-11T10:30:00+0200,170.983,MW,NL,NL,actual_solar_generation,Solar | Actual Aggregated,2026-08-26T03:46:52Z
2026-08-26T03:42:24Z,2026-08-26T05:42:24+0200,e96b9d4a-1054-48fe-90c7-5f4aaf55485c,2026-08-11T08:30:00Z,2026-08-11T10:30:00+0200,0.0,MW,NL,NL,actual_solar_generation,Solar | Actual Consumption,2026-08-26T03:46:52Z
2026-08-26T03:42:24Z,2026-08-26T05:42:24+0200,e96b9d4a-1054-48fe-90c7-5f4aaf55485c,2026-08-11T08:45:00Z,2026-08-11T10:45:00+0200,182.135,MW,NL,NL,actual_solar_generation,Solar | Actual Aggregated,2026-08-26T03:46:52Z
2026-08-26T03:42:24Z,2026-08-26T05:42:24+0200,e96b9d4a-1054-48fe-90c7-5f4aaf55485c,2026-08-11T08:45:00Z,2026-08-11T10:45:00+0200,0.0,MW,NL,NL,actual_solar_generation,Solar | Actual Consumption,2026-08-26T03:46:52Z
2026-08-26T03:42:24Z,2026-08-26T05:42:24+0200,e96b9d4a-1054-48fe-90c7-5f4aaf55485c,2026-08-11T09:00:00Z,2026-08-11T11:00:00+0200,159.806,MW,NL,NL,actual_solar_generation,Solar | Actual Aggregated,2026-08-26T03:46:52Z
2026-08-26T03:42:24Z,2026-08-26T05:42:24+0200,e96b9d4a-1054-48fe-90c7-5f4aaf55485c,2026-08-11T09:00:00Z,2026-08-11T11:00:00+0200,0.0,MW,NL,NL,actual_solar_generation,Solar | Actual Consumption,2026-08-26T03:46:52Z
2026-08-26T03:42:24Z,2026-08-26T05:42:24+0200,e96b9d4a-1054-48fe-90c7-5f4aaf55485c,2026-08-11T09:15:00Z,2026-08-11T11:15:00+0200,180.159,MW,NL,NL,actual_solar_generation,Solar | Actual Aggregated,2026-08-26T03:46:52Z
2026-08-26T03:42:24Z,2026-08-26T05:42:24+0200,e96b9d4a-1054-48fe-90c7-5f4aaf55485c,2026-08-11T09:15:00Z,2026-08-11T11:15:00+0200,0.0,MW,NL,NL,actual_solar_generation,Solar | Actual Consumption,2026-08-26T03:46:52Z
2026-08-26T03:42:24Z,2026-08-26T05:42:24+0200,e96b9d4a-1054-48fe-90c7-5f4aaf55485c,2026-08-11T09:30:00Z,2026-08-11T11:30:00+0200,199.579,MW,NL,NL,actual_solar_generation,Solar | Actual Aggregated,2026-08-26T03:46:52Z
2026-08-26T03:42:24Z,2026-08-26T05:42:24+0200,e96b9d4a-1054-48fe-90c7-5f4aaf55485c,2026-08-11T09:30:00Z,2026-08-11T11:30:00+0200,0.0,MW,NL,NL,actual_solar_generation,Solar | Actual Consumption,2026-08-26T03:46:52Z
2026-08-26T03:42:24Z,2026-08-26T05:42:24+0200,e96b9d4a-1054-48fe-90c7-5f4aaf55485c,2026-08-11T09:45:00Z,2026-08-11T11:45:00+0200,214.262,MW,NL,NL,actual_solar_generation,Solar | Actual Aggregated,2026-08-26T03:46:52Z
2026-08-26T03:42:24Z,2026-08-26T05:42:24+0200,e96b9d4a-1054-48fe-90c7-5f4aaf55485c,2026-08-11T09:45:00Z,2026-08-11T11:45:00+0200,0.0,MW,NL,NL,actual_solar_generation,Solar | Actual Consumption,2026-08-26T03:46:52Z
2026-08-26T03:42:24Z,2026-08-26T05:42:24+0200,e96b9d4a-1054-48fe-90c7-5f4aaf55485c,2026-08-11T10:00:00Z,2026-08-11T12:00:00+0200,209.587,MW,NL,NL,actual_solar_generation,Solar | Actual Aggregated,2026-08-26T03:46:52Z
2026-08-26T03:42:24Z,2026-08-26T05:42:24+0200,e96b9d4a-1054-48fe-90c7-5f4aaf55485c,2026-08-11T10:00:00Z,2026-08-11T12:00:00+0200,0.0,MW,NL,NL,actual_solar_generation,Solar | Actual Consumption,2026-08-26T03:46:52Z
2026-08-26T03:42:24Z,2026-08-26T05:42:24+0200,e96b9d4a-1054-48fe-90c7-5f4aaf55485c,2026-08-11T10:15:00Z,2026-08-11T12:15:00+0200,218.511,MW,NL,NL,actual_solar_generation,Solar | Actual Aggregated,2026-08-26T03:46:52Z
2026-08-26T03:42:24Z,2026-08-26T05:42:24+0200,e96b9d4a-1054-48fe-90c7-5f4aaf55485c,2026-08-11T10:15:00Z,2026-08-11T12:15:00+0200,0.0,MW,NL,NL,actual_solar_generation,Solar | Actual Consumption,2026-08-26T03:46:52Z
2026-08-26T03:42:24Z,2026-08-26T05:42:24+0200,e96b9d4a-1054-48fe-90c7-5f4aaf55485c,2026-08-11T10:30:00Z,2026-08-11T12:30:00+0200,228.529,MW,NL,NL,actual_solar_generation,Solar | Actual Aggregated,2026-08-26T03:46:52Z
2026-08-26T03:42:24Z,2026-08-26T05:42:24+0200,e96b9d4a-1054-48fe-90c7-5f4aaf55485c,2026-08-11T10:30:00Z,2026-08-11T12:30:00+0200,0.0,MW,NL,NL,actual_solar_generation,Solar | Actual Consumption,2026-08-26T03:46:52Z
2026-08-26T03:42:24Z,2026-08-26T05:42:24+0200,e96b9d4a-1054-48fe-90c7-5f4aaf55485c,2026-08-11T10:45:00Z,2026-08-11T12:45:00+0200,229.742,MW,NL,NL,actual_solar_generation,Solar | Actual Aggregated,2026-08-26T03:46:52Z
2026-08-26T03:42:24Z,2026-08-26T05:42:24+0200,e96b9d4a-1054-48fe-90c7-5f4aaf55485c,2026-08-11T10:45:00Z,2026-08-11T12:45:00+0200,0.0,MW,NL,NL,actual_solar_generation,Solar | Actual Consumption,2026-08-26T03:46:52Z
2026-08-26T03:42:24Z,2026-08-26T05:42:24+0200,e96b9d4a-1054-48fe-90c7-5f4aaf55485c,2026-08-11T11:00:00Z,2026-08-11T13:00:00+0200,250.271,MW,NL,NL,actual_solar_generation,Solar | Actual Aggregated,2026-08-26T03:46:52Z
2026-08-26T03:42:24Z,2026-08-26T05:42:24+0200,e96b9d4a-1054-48fe-90c7-5f4aaf55485c,2026-08-11T11:00:00Z,2026-08-11T13:00:00+0200,0.0,MW,NL,NL,actual_solar_generation,Solar | Actual Consumption,2026-08-26T03:46:52Z
2026-08-26T03:42:24Z,2026-08-26T05:42:24+0200,e96b9d4a-1054-48fe-90c7-5f4aaf55485c,2026-08-11T11:15:00Z,2026-08-11T13:15:00+0200,251.093,MW,NL,NL,actual_solar_generation,Solar | Actual Aggregated,2026-08-26T03:46:52Z
2026-08-26T03:42:24Z,2026-08-26T05:42:24+0200,e96b9d4a-1054-48fe-90c7-5f4aaf55485c,2026-08-11T11:15:00Z,2026-08-11T13:15:00+0200,0.0,MW,NL,NL,actual_solar_generation,Solar | Actual Consumption,2026-08-26T03:46:52Z
2026-08-26T03:42:24Z,2026-08-26T05:42:24+0200,e96b9d4a-1054-48fe-90c7-5f4aaf55485c,2026-08-11T11:30:00Z,2026-08-11T13:30:00+0200,251.591,MW,NL,NL,actual_solar_generation,Solar | Actual Aggregated,2026-08-26T03:46:52Z
2026-08-26T03:42:24Z,2026-08-26T05:42:24+0200,e96b9d4a-1054-48fe-90c7-5f4aaf55485c,2026-08-11T11:30:00Z,2026-08-11T13:30:00+0200,0.0,MW,NL,NL,actual_solar_generation,Solar | Actual Consumption,2026-08-26T03:46:52Z
2026-08-26T03:42:24Z,2026-08-26T05:42:24+0200,e96b9d4a-1054-48fe-90c7-5f4aaf55485c,2026-08-11T11:45:00Z,2026-08-11T13:45:00+0200,251.304,MW,NL,NL,actual_solar_generation,Solar | Actual Aggregated,2026-08-26T03:46:52Z
2026-08-26T03:42:24Z,2026-08-26T05:42:24+0200,e96b9d4a-1054-48fe-90c7-5f4aaf55485c,2026-08-11T11:45:00Z,2026-08-11T13:45:00+0200,0.0,MW,NL,NL,actual_solar_generation,Solar | Actual Consumption,2026-08-26T03:46:52Z
2026-08-26T03:42:24Z,2026-08-26T05:42:24+0200,e96b9d4a-1054-48fe-90c7-5f4aaf55485c,2026-08-11T12:00:00Z,2026-08-11T14:00:00+0200,247.91,MW,NL,NL,actual_solar_generation,Solar | Actual Aggregated,2026-08-26T03:46:52Z
2026-08-26T03:42:24Z,2026-08-26T05:42:24+0200,e96b9d4a-1054-48fe-90c7-5f4aaf55485c,2026-08-11T12:00:00Z,2026-08-11T14:00:00+0200,0.0,MW,NL,NL,actual_solar_generation,Solar | Actual Consumption,2026-08-26T03:46:52Z
2026-08-26T03:42:24Z,2026-08-26T05:42:24+0200,e96b9d4a-1054-48fe-90c7-5f4aaf55485c,2026-08-11T12:15:00Z,2026-08-11T14:15:00+0200,249.057,MW,NL,NL,actual_solar_generation,Solar | Actual Aggregated,2026-08-26T03:46:52Z
2026-08-26T03:42:24Z,2026-08-26T05:42:24+0200,e96b9d4a-1054-48fe-90c7-5f4aaf55485c,2026-08-11T12:15:00Z,2026-08-11T14:15:00+0200,0.0,MW,NL,NL,actual_solar_generation,Solar | Actual Consumption,2026-08-26T03:46:52Z
2026-08-26T03:42:24Z,2026-08-26T05:42:24+0200,e96b9d4a-1054-48fe-90c7-5f4aaf55485c,2026-08-11T12:30:00Z,2026-08-11T14:30:00+0200,245.958,MW,NL,NL,actual_solar_generation,Solar | Actual Aggregated,2026-08-26T03:46:52Z
2026-08-26T03:42:24Z,2026-08-26T05:42:24+0200,e96b9d4a-1054-48fe-90c7-5f4aaf55485c,2026-08-11T12:30:00Z,2026-08-11T14:30:00+0200,0.0,MW,NL,NL,actual_solar_generation,Solar | Actual Consumption,2026-08-26T03:46:52Z
2026-08-26T03:42:24Z,2026-08-26T05:42:24+0200,e96b9d4a-1054-48fe-90c7-5f4aaf55485c,2026-08-11T12:45:00Z,2026-08-11T14:45:00+0200,245.488,MW,NL,NL,actual_solar_generation,Solar | Actual Aggregated,2026-08-26T03:46:52Z
2026-08-26T03:42:24Z,2026-08-26T05:42:24+0200,e96b9d4a-1054-48fe-90c7-5f4aaf55485c,2026-08-11T12:45:00Z,2026-08-11T14:45:00+0200,0.0,MW,NL,NL,actual_solar_generation,Solar | Actual Consumption,2026-08-26T03:46:52Z
2026-08-26T03:42:24Z,2026-08-26T05:42:24+0200,e96b9d4a-1054-48fe-90c7-5f4aaf55485c,2026-08-11T13:00:00Z,2026-08-11T15:00:00+0200,242.48,MW,NL,NL,actual_solar_generation,Solar | Actual Aggregated,2026-08-26T03:46:52Z
2026-08-26T03:42:24Z,2026-08-26T05:42:24+0200,e96b9d4a-1054-48fe-90c7-5f4aaf55485c,2026-08-11T13:00:00Z,2026-08-11T15:00:00+0200,0.0,MW,NL,NL,actual_solar_generation,Solar | Actual Consumption,2026-08-26T03:46:52Z
2026-08-26T03:42:24Z,2026-08-26T05:42:24+0200,e96b9d4a-1054-48fe-90c7-5f4aaf55485c,2026-08-11T13:15:00Z,2026-08-11T15:15:00+0200,239.227,MW,NL,NL,actual_solar_generation,Solar | Actual Aggregated,2026-08-26T03:46:52Z
2026-08-26T03:42:24Z,2026-08-26T05:42:24+0200,e96b9d4a-1054-48fe-90c7-5f4aaf55485c,2026-08-11T13:15:00Z,2026-08-11T15:15:00+0200,0.0,MW,NL,NL,actual_solar_generation,Solar | Actual Consumption,2026-08-26T03:46:52Z
2026-08-26T03:42:24Z,2026-08-26T05:42:24+0200,e96b9d4a-1054-48fe-90c7-5f4aaf55485c,2026-08-11T13:30:00Z,2026-08-11T15:30:00+0200,233.624,MW,NL,NL,actual_solar_generation,Solar | Actual Aggregated,2026-08-26T03:46:52Z
2026-08-26T03:42:24Z,2026-08-26T05:42:24+0200,e96b9d4a-1054-48fe-90c7-5f4aaf55485c,2026-08-11T13:30:00Z,2026-08-11T15:30:00+0200,0.0,MW,NL,NL,actual_solar_generation,Solar | Actual Consumption,2026-08-26T03:46:52Z
2026-08-26T03:42:24Z,2026-08-26T05:42:24+0200,e96b9d4a-1054-48fe-90c7-5f4aaf55485c,2026-08-11T13:45:00Z,2026-08-11T15:45:00+0200,222.953,MW,NL,NL,actual_solar_generation,Solar | Actual Aggregated,2026-08-26T03:46:52Z
2026-08-26T03:42:24Z,2026-08-26T05:42:24+0200,e96b9d4a-1054-48fe-90c7-5f4aaf55485c,2026-08-11T13:45:00Z,2026-08-11T15:45:00+0200,0.0,MW,NL,NL,actual_solar_generation,Solar | Actual Consumption,2026-08-26T03:46:52Z
2026-08-26T03:42:24Z,2026-08-26T05:42:24+0200,e96b9d4a-1054-48fe-90c7-5f4aaf55485c,2026-08-11T14:00:00Z,2026-08-11T16:00:00+0200,217.136,MW,NL,NL,actual_solar_generation,Solar | Actual Aggregated,2026-08-26T03:46:52Z
2026-08-26T03:42:24Z,2026-08-26T05:42:24+0200,e96b9d4a-1054-48fe-90c7-5f4aaf55485c,2026-08-11T14:00:00Z,2026-08-11T16:00:00+0200,0.0,MW,NL,NL,actual_solar_generation,Solar | Actual Consumption,2026-08-26T03:46:52Z
2026-08-26T03:42:24Z,2026-08-26T05:42:24+0200,e96b9d4a-1054-48fe-90c7-5f4aaf55485c,2026-08-11T14:15:00Z,2026-08-11T16:15:00+0200,205.111,MW,NL,NL,actual_solar_generation,Solar | Actual Aggregated,2026-08-26T03:46:52Z
2026-08-26T03:42:24Z,2026-08-26T05:42:24+0200,e96b9d4a-1054-48fe-90c7-5f4aaf55485c,2026-08-11T14:15:00Z,2026-08-11T16:15:00+0200,0.0,MW,NL,NL,actual_solar_generation,Solar | Actual Consumption,2026-08-26T03:46:52Z
2026-08-26T03:42:24Z,2026-08-26T05:42:24+0200,e96b9d4a-1054-48fe-90c7-5f4aaf55485c,2026-08-11T14:30:00Z,2026-08-11T16:30:00+0200,196.778,MW,NL,NL,actual_solar_generation,Solar | Actual Aggregated,2026-08-26T03:46:52Z
2026-08-26T03:42:24Z,2026-08-26T05:42:24+0200,e96b9d4a-1054-48fe-90c7-5f4aaf55485c,2026-08-11T14:30:00Z,2026-08-11T16:30:00+0200,0.0,MW,NL,NL,actual_solar_generation,Solar | Actual Consumption,2026-08-26T03:46:52Z
2026-08-26T03:42:24Z,2026-08-26T05:42:24+0200,e96b9d4a-1054-48fe-90c7-5f4aaf55485c,2026-08-11T14:45:00Z,2026-08-11T16:45:00+0200,189.167,MW,NL,NL,actual_solar_generation,Solar | Actual Aggregated,2026-08-26T03:46:52Z
2026-08-26T03:42:24Z,2026-08-26T05:42:24+0200,e96b9d4a-1054-48fe-90c7-5f4aaf55485c,2026-08-11T14:45:00Z,2026-08-11T16:45:00+0200,0.0,MW,NL,NL,actual_solar_generation,Solar | Actual Consumption,2026-08-26T03:46:52Z
2026-08-26T03:42:24Z,2026-08-26T05:42:24+0200,e96b9d4a-1054-48fe-90c7-5f4aaf55485c,2026-08-11T15:00:00Z,2026-08-11T17:00:00+0200,176.251,MW,NL,NL,actual_solar_generation,Solar | Actual Aggregated,2026-08-26T03:46:52Z
2026-08-26T03:42:24Z,2026-08-26T05:42:24+0200,e96b9d4a-1054-48fe-90c7-5f4aaf55485c,2026-08-11T15:00:00Z,2026-08-11T17:00:00+0200,0.0,MW,NL,NL,actual_solar_generation,Solar | Actual Consumption,2026-08-26T03:46:52Z
2026-08-26T03:42:24Z,2026-08-26T05:42:24+0200,e96b9d4a-1054-48fe-90c7-5f4aaf55485c,2026-08-11T15:15:00Z,2026-08-11T17:15:00+0200,162.11,MW,NL,NL,actual_solar_generation,Solar | Actual Aggregated,2026-08-26T03:46:52Z
2026-08-26T03:42:24Z,2026-08-26T05:42:24+0200,e96b9d4a-1054-48fe-90c7-5f4aaf55485c,2026-08-11T15:15:00Z,2026-08-11T17:15:00+0200,0.0,MW,NL,NL,actual_solar_generation,Solar | Actual Consumption,2026-08-26T03:46:52Z
2026-08-26T03:42:24Z,2026-08-26T05:42:24+0200,e96b9d4a-1054-48fe-90c7-5f4aaf55485c,2026-08-11T15:30:00Z,2026-08-11T17:30:00+0200,147.745,MW,NL,NL,actual_solar_generation,Solar | Actual Aggregated,2026-08-26T03:46:52Z
2026-08-26T03:42:24Z,2026-08-26T05:42:24+0200,e96b9d4a-1054-48fe-90c7-5f4aaf55485c,2026-08-11T15:30:00Z,2026-08-11T17:30:00+0200,0.0,MW,NL,NL,actual_solar_generation,Solar | Actual Consumption,2026-08-26T03:46:52Z
2026-08-26T03:42:24Z,2026-08-26T05:42:24+0200,e96b9d4a-1054-48fe-90c7-5f4aaf55485c,2026-08-11T15:45:00Z,2026-08-11T17:45:00+0200,132.176,MW,NL,NL,actual_solar_generation,Solar | Actual Aggregated,2026-08-26T03:46:52Z
2026-08-26T03:42:24Z,2026-08-26T05:42:24+0200,e96b9d4a-1054-48fe-90c7-5f4aaf55485c,2026-08-11T15:45:00Z,2026-08-11T17:45:00+0200,0.0,MW,NL,NL,actual_solar_generation,Solar | Actual Consumption,2026-08-26T03:46:52Z
2026-08-26T03:42:24Z,2026-08-26T05:42:24+0200,e96b9d4a-1054-48fe-90c7-5f4aaf55485c,2026-08-11T16:00:00Z,2026-08-11T18:00:00+0200,118.209,MW,NL,NL,actual_solar_generation,Solar | Actual Aggregated,2026-08-26T03:46:52Z
2026-08-26T03:42:24Z,2026-08-26T05:42:24+0200,e96b9d4a-1054-48fe-90c7-5f4aaf55485c,2026-08-11T16:00:00Z,2026-08-11T18:00:00+0200,0.0,MW,NL,NL,actual_solar_generation,Solar | Actual Consumption,2026-08-26T03:46:52Z
2026-08-26T03:42:24Z,2026-08-26T05:42:24+0200,e96b9d4a-1054-48fe-90c7-5f4aaf55485c,2026-08-11T16:15:00Z,2026-08-11T18:15:00+0200,101.976,MW,NL,NL,actual_solar_generation,Solar | Actual Aggregated,2026-08-26T03:46:52Z
2026-08-26T03:42:24Z,2026-08-26T05:42:24+0200,e96b9d4a-1054-48fe-90c7-5f4aaf55485c,2026-08-11T16:15:00Z,2026-08-11T18:15:00+0200,0.0,MW,NL,NL,actual_solar_generation,Solar | Actual Consumption,2026-08-26T03:46:52Z
2026-08-26T03:42:24Z,2026-08-26T05:42:24+0200,e96b9d4a-1054-48fe-90c7-5f4aaf55485c,2026-08-11T16:30:00Z,2026-08-11T18:30:00+0200,86.393,MW,NL,NL,actual_solar_generation,Solar | Actual Aggregated,2026-08-26T03:46:52Z
2026-08-26T03:42:24Z,2026-08-26T05:42:24+0200,e96b9d4a-1054-48fe-90c7-5f4aaf55485c,2026-08-11T16:30:00Z,2026-08-11T18:30:00+0200,0.0,MW,NL,NL,actual_solar_generation,Solar | Actual Consumption,2026-08-26T03:46:52Z
2026-08-26T03:42:24Z,2026-08-26T05:42:24+0200,e96b9d4a-1054-48fe-90c7-5f4aaf55485c,2026-08-11T16:45:00Z,2026-08-11T18:45:00+0200,72.352,MW,NL,NL,actual_solar_generation,Solar | Actual Aggregated,2026-08-26T03:46:52Z
2026-08-26T03:42:24Z,2026-08-26T05:42:24+0200,e96b9d4a-1054-48fe-90c7-5f4aaf55485c,2026-08-11T16:45:00Z,2026-08-11T18:45:00+0200,0.0,MW,NL,NL,actual_solar_generation,Solar | Actual Consumption,2026-08-26T03:46:52Z
2026-08-26T03:42:24Z,2026-08-26T05:42:24+0200,e96b9d4a-1054-48fe-90c7-5f4aaf55485c,2026-08-11T17:00:00Z,2026-08-11T19:00:00+0200,57.579,MW,NL,NL,actual_solar_generation,Solar | Actual Aggregated,2026-08-26T03:46:52Z
2026-08-26T03:42:24Z,2026-08-26T05:42:24+0200,e96b9d4a-1054-48fe-90c7-5f4aaf55485c,2026-08-11T17:00:00Z,2026-08-11T19:00:00+0200,0.0,MW,NL,NL,actual_solar_generation,Solar | Actual Consumption,2026-08-26T03:46:52Z
2026-08-26T03:42:24Z,2026-08-26T05:42:24+0200,e96b9d4a-1054-48fe-90c7-5f4aaf55485c,2026-08-11T17:15:00Z,2026-08-11T19:15:00+0200,45.182,MW,NL,NL,actual_solar_generation,Solar | Actual Aggregated,2026-08-26T03:46:52Z
2026-08-26T03:42:24Z,2026-08-26T05:42:24+0200,e96b9d4a-1054-48fe-90c7-5f4aaf55485c,2026-08-11T17:15:00Z,2026-08-11T19:15:00+0200,0.0,MW,NL,NL,actual_solar_generation,Solar | Actual Consumption,2026-08-26T03:46:52Z
2026-08-26T03:42:24Z,2026-08-26T05:42:24+0200,e96b9d4a-1054-48fe-90c7-5f4aaf55485c,2026-08-11T17:30:00Z,2026-08-11T19:30:00+0200,31.946,MW,NL,NL,actual_solar_generation,Solar | Actual Aggregated,2026-08-26T03:46:52Z
2026-08-26T03:42:24Z,2026-08-26T05:42:24+0200,e96b9d4a-1054-48fe-90c7-5f4aaf55485c,2026-08-11T17:30:00Z,2026-08-11T19:30:00+0200,0.0,MW,NL,NL,actual_solar_generation,Solar | Actual Consumption,2026-08-26T03:46:52Z
2026-08-26T03:42:24Z,2026-08-26T05:42:24+0200,e96b9d4a-1054-48fe-90c7-5f4aaf55485c,2026-08-11T17:45:00Z,2026-08-11T19:45:00+0200,21.389,MW,NL,NL,actual_solar_generation,Solar | Actual Aggregated,2026-08-26T03:46:52Z
2026-08-26T03:42:24Z,2026-08-26T05:42:24+0200,e96b9d4a-1054-48fe-90c7-5f4aaf55485c,2026-08-11T17:45:00Z,2026-08-11T19:45:00+0200,0.0,MW,NL,NL,actual_solar_generation,Solar | Actual Consumption,2026-08-26T03:46:52Z
2026-08-26T03:42:24Z,2026-08-26T05:42:24+0200,e96b9d4a-1054-48fe-90c7-5f4aaf55485c,2026-08-11T18:00:00Z,2026-08-11T20:00:00+0200,16.128,MW,NL,NL,actual_solar_generation,Solar | Actual Aggregated,2026-08-26T03:46:52Z
2026-08-26T03:42:24Z,2026-08-26T05:42:24+0200,e96b9d4a-1054-48fe-90c7-5f4aaf55485c,2026-08-11T18:00:00Z,2026-08-11T20:00:00+0200,0.0,MW,NL,NL,actual_solar_generation,Solar | Actual Consumption,2026-08-26T03:46:52Z
2026-08-26T03:42:24Z,2026-08-26T05:42:24+0200,e96b9d4a-1054-48fe-90c7-5f4aaf55485c,2026-08-11T18:15:00Z,2026-08-11T20:15:00+0200,9.939,MW,NL,NL,actual_solar_generation,Solar | Actual Aggregated,2026-08-26T03:46:52Z
2026-08-26T03:42:24Z,2026-08-26T05:42:24+0200,e96b9d4a-1054-48fe-90c7-5f4aaf55485c,2026-08-11T18:15:00Z,2026-08-11T20:15:00+0200,0.0,MW,NL,NL,actual_solar_generation,Solar | Actual Consumption,2026-08-26T03:46:52Z
2026-08-26T03:42:24Z,2026-08-26T05:42:24+0200,e96b9d4a-1054-48fe-90c7-5f4aaf55485c,2026-08-11T18:30:00Z,2026-08-11T20:30:00+0200,5.191,MW,NL,NL,actual_solar_generation,Solar | Actual Aggregated,2026-08-26T03:46:52Z
2026-08-26T03:42:24Z,2026-08-26T05:42:24+0200,e96b9d4a-1054-48fe-90c7-5f4aaf55485c,2026-08-11T18:30:00Z,2026-08-11T20:30:00+0200,0.0,MW,NL,NL,actual_solar_generation,Solar | Actual Consumption,2026-08-26T03:46:52Z
2026-08-26T03:42:24Z,2026-08-26T05:42:24+0200,e96b9d4a-1054-48fe-90c7-5f4aaf55485c,2026-08-11T18:45:00Z,2026-08-11T20:45:00+0200,2.038,MW,NL,NL,actual_solar_generation,Solar | Actual Aggregated,2026-08-26T03:46:52Z
2026-08-26T03:42:24Z,2026-08-26T05:42:24+0200,e96b9d4a-1054-48fe-90c7-5f4aaf55485c,2026-08-11T18:45:00Z,2026-08-11T20:45:00+0200,0.0,MW,NL,NL,actual_solar_generation,Solar | Actual Consumption,2026-08-26T03:46:52Z
2026-08-26T03:42:24Z,2026-08-26T05:42:24+0200,e96b9d4a-1054-48fe-90c7-5f4aaf55485c,2026-08-11T19:00:00Z,2026-08-11T21:00:00+0200,0.435,MW,NL,NL,actual_solar_generation,Solar | Actual Aggregated,2026-08-26T03:46:52Z
2026-08-26T03:42:24Z,2026-08-26T05:42:24+0200,e96b9d4a-1054-48fe-90c7-5f4aaf55485c,2026-08-11T19:00:00Z,2026-08-11T21:00:00+0200,0.582,MW,NL,NL,actual_solar_generation,Solar | Actual Consumption,2026-08-26T03:46:52Z
2026-08-26T03:42:24Z,2026-08-26T05:42:24+0200,e96b9d4a-1054-48fe-90c7-5f4aaf55485c,2026-08-11T19:15:00Z,2026-08-11T21:15:00+0200,0.0,MW,NL,NL,actual_solar_generation,Solar | Actual Aggregated,2026-08-26T03:46:52Z
2026-08-26T03:42:24Z,2026-08-26T05:42:24+0200,e96b9d4a-1054-48fe-90c7-5f4aaf55485c,2026-08-11T19:15:00Z,2026-08-11T21:15:00+0200,0.12,MW,NL,NL,actual_solar_generation,Solar | Actual Consumption,2026-08-26T03:46:52Z
2026-08-26T03:42:24Z,2026-08-26T05:42:24+0200,e96b9d4a-1054-48fe-90c7-5f4aaf55485c,2026-08-11T19:30:00Z,2026-08-11T21:30:00+0200,0.0,MW,NL,NL,actual_solar_generation,Solar | Actual Aggregated,2026-08-26T03:46:52Z
2026-08-26T03:42:24Z,2026-08-26T05:42:24+0200,e96b9d4a-1054-48fe-90c7-5f4aaf55485c,2026-08-11T19:30:00Z,2026-08-11T21:30:00+0200,0.12,MW,NL,NL,actual_solar_generation,Solar | Actual Consumption,2026-08-26T03:46:52Z
2026-08-26T03:42:24Z,2026-08-26T05:42:24+0200,e96b9d4a-1054-48fe-90c7-5f4aaf55485c,2026-08-11T19:45:00Z,2026-08-11T21:45:00+0200,0.0,MW,NL,NL,actual_solar_generation,Solar | Actual Aggregated,2026-08-26T03:46:52Z
2026-08-26T03:42:24Z,2026-08-26T05:42:24+0200,e96b9d4a-1054-48fe-90c7-5f4aaf55485c,2026-08-11T19:45:00Z,2026-08-11T21:45:00+0200,0.12,MW,NL,NL,actual_solar_generation,Solar | Actual Consumption,2026-08-26T03:46:52Z
2026-08-26T03:42:24Z,2026-08-26T05:42:24+0200,e96b9d4a-1054-48fe-90c7-5f4aaf55485c,2026-08-11T20:00:00Z,2026-08-11T22:00:00+0200,0.0,MW,NL,NL,actual_solar_generation,Solar | Actual Aggregated,2026-08-26T03:46:52Z
2026-08-26T03:42:24Z,2026-08-26T05:42:24+0200,e96b9d4a-1054-48fe-90c7-5f4aaf55485c,2026-08-11T20:00:00Z,2026-08-11T22:00:00+0200,0.124,MW,NL,NL,actual_solar_generation,Solar | Actual Consumption,2026-08-26T03:46:52Z
2026-08-26T03:42:24Z,2026-08-26T05:42:24+0200,e96b9d4a-1054-48fe-90c7-5f4aaf55485c,2026-08-11T20:15:00Z,2026-08-11T22:15:00+0200,0.0,MW,NL,NL,actual_solar_generation,Solar | Actual Aggregated,2026-08-26T03:46:52Z
2026-08-26T03:42:24Z,2026-08-26T05:42:24+0200,e96b9d4a-1054-48fe-90c7-5f4aaf55485c,2026-08-11T20:15:00Z,2026-08-11T22:15:00+0200,0.132,MW,NL,NL,actual_solar_generation,Solar | Actual Consumption,2026-08-26T03:46:52Z
2026-08-26T03:42:24Z,2026-08-26T05:42:24+0200,e96b9d4a-1054-48fe-90c7-5f4aaf55485c,2026-08-11T20:30:00Z,2026-08-11T22:30:00+0200,0.0,MW,NL,NL,actual_solar_generation,Solar | Actual Aggregated,2026-08-26T03:46:52Z
2026-08-26T03:42:24Z,2026-08-26T05:42:24+0200,e96b9d4a-1054-48fe-90c7-5f4aaf55485c,2026-08-11T20:30:00Z,2026-08-11T22:30:00+0200,0.119,MW,NL,NL,actual_solar_generation,Solar | Actual Consumption,2026-08-26T03:46:52Z
2026-08-26T03:42:24Z,2026-08-26T05:42:24+0200,e96b9d4a-1054-48fe-90c7-5f4aaf55485c,2026-08-11T20:45:00Z,2026-08-11T22:45:00+0200,0.0,MW,NL,NL,actual_solar_generation,Solar | Actual Aggregated,2026-08-26T03:46:52Z
2026-08-26T03:42:24Z,2026-08-26T05:42:24+0200,e96b9d4a-1054-48fe-90c7-5f4aaf55485c,2026-08-11T20:45:00Z,2026-08-11T22:45:00+0200,0.12,MW,NL,NL,actual_solar_generation,Solar | Actual Consumption,2026-08-26T03:46:52Z
2026-08-26T03:42:24Z,2026-08-26T05:42:24+0200,e96b9d4a-1054-48fe-90c7-5f4aaf55485c,2026-08-11T21:00:00Z,2026-08-11T23:00:00+0200,0.0,MW,NL,NL,actual_solar_generation,Solar | Actual Aggregated,2026-08-26T03:46:52Z
2026-08-26T03:42:24Z,2026-08-26T05:42:24+0200,e96b9d4a-1054-48fe-90c7-5f4aaf55485c,2026-08-11T21:00:00Z,2026-08-11T23:00:00+0200,0.135,MW,NL,NL,actual_solar_generation,Solar | Actual Consumption,2026-08-26T03:46:52Z
2026-08-26T03:42:24Z,2026-08-26T05:42:24+0200,e96b9d4a-1054-48fe-90c7-5f4aaf55485c,2026-08-11T21:15:00Z,2026-08-11T23:15:00+0200,0.0,MW,NL,NL,actual_solar_generation,Solar | Actual Aggregated,2026-08-26T03:46:52Z
2026-08-26T03:42:24Z,2026-08-26T05:42:24+0200,e96b9d4a-1054-48fe-90c7-5f4aaf55485c,2026-08-11T21:15:00Z,2026-08-11T23:15:00+0200,0.115,MW,NL,NL,actual_solar_generation,Solar | Actual Consumption,2026-08-26T03:46:52Z
2026-08-26T03:42:24Z,2026-08-26T05:42:24+0200,e96b9d4a-1054-48fe-90c7-5f4aaf55485c,2026-08-11T21:30:00Z,2026-08-11T23:30:00+0200,0.0,MW,NL,NL,actual_solar_generation,Solar | Actual Aggregated,2026-08-26T03:46:52Z
2026-08-26T03:42:24Z,2026-08-26T05:42:24+0200,e96b9d4a-1054-48fe-90c7-5f4aaf55485c,2026-08-11T21:30:00Z,2026-08-11T23:30:00+0200,0.122,MW,NL,NL,actual_solar_generation,Solar | Actual Consumption,2026-08-26T03:46:52Z
2026-08-26T03:42:24Z,2026-08-26T05:42:24+0200,e96b9d4a-1054-48fe-90c7-5f4aaf55485c,2026-08-11T21:45:00Z,2026-08-11T23:45:00+0200,0.0,MW,NL,NL,actual_solar_generation,Solar | Actual Aggregated,2026-08-26T03:46:52Z
2026-08-26T03:42:24Z,2026-08-26T05:42:24+0200,e96b9d4a-1054-48fe-90c7-5f4aaf55485c,2026-08-11T21:45:00Z,2026-08-11T23:45:00+0200,0.126,MW,NL,NL,actual_solar_generation,Solar | Actual Consumption,2026-08-26T03:46:52Z
2026-08-26T03:42:24Z,2026-08-26T05:42:24+0200,e96b9d4a-1054-48fe-90c7-5f4aaf55485c,2026-08-11T22:00:00Z,2026-08-12T00:00:00+0200,0.0,MW,NL,NL,actual_solar_generation,Solar | Actual Aggregated,2026-08-26T03:46:52Z
2026-08-26T03:42:24Z,2026-08-26T05:42:24+0200,e96b9d4a-1054-48fe-90c7-5f4aaf55485c,2026-08-11T22:00:00Z,2026-08-12T00:00:00+0200,0.126,MW,NL,NL,actual_solar_generation,Solar | Actual Consumption,2026-08-26T03:46:52Z
2026-08-26T03:42:24Z,2026-08-26T05:42:24+0200,e96b9d4a-1054-48fe-90c7-5f4aaf55485c,2026-08-11T22:15:00Z,2026-08-12T00:15:00+0200,0.0,MW,NL,NL,actual_solar_generation,Solar | Actual Aggregated,2026-08-26T03:46:52Z
2026-08-26T03:42:24Z,2026-08-26T05:42:24+0200,e96b9d4a-1054-48fe-90c7-5f4aaf55485c,2026-08-11T22:15:00Z,2026-08-12T00:15:00+0200,0.126,MW,NL,NL,actual_solar_generation,Solar | Actual Consumption,2026-08-26T03:46:52Z
2026-08-26T03:42:24Z,2026-08-26T05:42:24+0200,e96b9d4a-1054-48fe-90c7-5f4aaf55485c,2026-08-11T22:30:00Z,2026-08-12T00:30:00+0200,0.0,MW,NL,NL,actual_solar_generation,Solar | Actual Aggregated,2026-08-26T03:46:52Z
2026-08-26T03:42:24Z,2026-08-26T05:42:24+0200,e96b9d4a-1054-48fe-90c7-5f4aaf55485c,2026-08-11T22:30:00Z,2026-08-12T00:30:00+0200,0.126,MW,NL,NL,actual_solar_generation,Solar | Actual Consumption,2026-08-26T03:46:52Z
2026-08-26T03:42:24Z,2026-08-26T05:42:24+0200,e96b9d4a-1054-48fe-90c7-5f4aaf55485c,2026-08-11T22:45:00Z,2026-08-12T00:45:00+0200,0.0,MW,NL,NL,actual_solar_generation,Solar | Actual Aggregated,2026-08-26T03:46:52Z
2026-08-26T03:42:24Z,2026-08-26T05:42:24+0200,e96b9d4a-1054-48fe-90c7-5f4aaf55485c,2026-08-11T22:45:00Z,2026-08-12T00:45:00+0200,0.126,MW,NL,NL,actual_solar_generation,Solar | Actual Consumption,2026-08-26T03:46:52Z
2026-08-26T03:42:24Z,2026-08-26T05:42:24+0200,e96b9d4a-1054-48fe-90c7-5f4aaf55485c,2026-08-11T23:00:00Z,2026-08-12T01:00:00+0200,0.0,MW,NL,NL,actual_solar_generation,Solar | Actual Aggregated,2026-08-26T03:46:52Z
2026-08-26T03:42:24Z,2026-08-26T05:42:24+0200,e96b9d4a-1054-48fe-90c7-5f4aaf55485c,2026-08-11T23:00:00Z,2026-08-12T01:00:00+0200,0.126,MW,NL,NL,actual_solar_generation,Solar | Actual Consumption,2026-08-26T03:46:52Z
2026-08-26T03:42:24Z,2026-08-26T05:42:24+0200,e96b9d4a-1054-48fe-90c7-5f4aaf55485c,2026-08-11T23:15:00Z,2026-08-12T01:15:00+0200,0.0,MW,NL,NL,actual_solar_generation,Solar | Actual Aggregated,2026-08-26T03:46:52Z
2026-08-26T03:42:24Z,2026-08-26T05:42:24+0200,e96b9d4a-1054-48fe-90c7-5f4aaf55485c,2026-08-11T23:15:00Z,2026-08-12T01:15:00+0200,0.126,MW,NL,NL,actual_solar_generation,Solar | Actual Consumption,2026-08-26T03:46:52Z
2026-08-26T03:42:24Z,2026-08-26T05:42:24+0200,e96b9d4a-1054-48fe-90c7-5f4aaf55485c,2026-08-11T23:30:00Z,2026-08-12T01:30:00+0200,0.0,MW,NL,NL,actual_solar_generation,Solar | Actual Aggregated,2026-08-26T03:46:52Z
2026-08-26T03:42:24Z,2026-08-26T05:42:24+0200,e96b9d4a-1054-48fe-90c7-5f4aaf55485c,2026-08-11T23:30:00Z,2026-08-12T01:30:00+0200,0.126,MW,NL,NL,actual_solar_generation,Solar | Actual Consumption,2026-08-26T03:46:52Z
2026-08-26T03:42:24Z,2026-08-26T05:42:24+0200,e96b9d4a-1054-48fe-90c7-5f4aaf55485c,2026-08-11T23:45:00Z,2026-08-12T01:45:00+0200,0.0,MW,NL,NL,actual_solar_generation,Solar | Actual Aggregated,2026-08-26T03:46:52Z
2026-08-26T03:42:24Z,2026-08-26T05:42:24+0200,e96b9d4a-1054-48fe-90c7-5f4aaf55485c,2026-08-11T23:45:00Z,2026-08-12T01:45:00+0200,0.115,MW,NL,NL,actual_solar_generation,Solar | Actual Consumption,2026-08-26T03:46:52Z
2026-08-26T03:42:24Z,2026-08-26T05:42:24+0200,e96b9d4a-1054-48fe-90c7-5f4aaf55485c,2026-08-12T00:00:00Z,2026-08-12T02:00:00+0200,0.0,MW,NL,NL,actual_solar_generation,Solar | Actual Aggregated,2026-08-26T03:46:52Z
2026-08-26T03:42:24Z,2026-08-26T05:42:24+0200,e96b9d4a-1054-48fe-90c7-5f4aaf55485c,2026-08-12T00:00:00Z,2026-08-12T02:00:00+0200,0.115,MW,NL,NL,actual_solar_generation,Solar | Actual Consumption,2026-08-26T03:46:52Z
2026-08-26T03:42:24Z,2026-08-26T05:42:24+0200,e96b9d4a-1054-48fe-90c7-5f4aaf55485c,2026-08-12T00:15:00Z,2026-08-12T02:15:00+0200,0.0,MW,NL,NL,actual_solar_generation,Solar | Actual Aggregated,2026-08-26T03:46:52Z
2026-08-26T03:42:24Z,2026-08-26T05:42:24+0200,e96b9d4a-1054-48fe-90c7-5f4aaf55485c,2026-08-12T00:15:00Z,2026-08-12T02:15:00+0200,0.122,MW,NL,NL,actual_solar_generation,Solar | Actual Consumption,2026-08-26T03:46:52Z
2026-08-26T03:42:24Z,2026-08-26T05:42:24+0200,e96b9d4a-1054-48fe-90c7-5f4aaf55485c,2026-08-12T00:30:00Z,2026-08-12T02:30:00+0200,0.0,MW,NL,NL,actual_solar_generation,Solar | Actual Aggregated,2026-08-26T03:46:52Z
2026-08-26T03:42:24Z,2026-08-26T05:42:24+0200,e96b9d4a-1054-48fe-90c7-5f4aaf55485c,2026-08-12T00:30:00Z,2026-08-12T02:30:00+0200,0.135,MW,NL,NL,actual_solar_generation,Solar | Actual Consumption,2026-08-26T03:46:52Z
2026-08-26T03:42:24Z,2026-08-26T05:42:24+0200,e96b9d4a-1054-48fe-90c7-5f4aaf55485c,2026-08-12T00:45:00Z,2026-08-12T02:45:00+0200,0.0,MW,NL,NL,actual_solar_generation,Solar | Actual Aggregated,2026-08-26T03:46:52Z
2026-08-26T03:42:24Z,2026-08-26T05:42:24+0200,e96b9d4a-1054-48fe-90c7-5f4aaf55485c,2026-08-12T00:45:00Z,2026-08-12T02:45:00+0200,0.12,MW,NL,NL,actual_solar_generation,Solar | Actual Consumption,2026-08-26T03:46:52Z
2026-08-26T03:42:24Z,2026-08-26T05:42:24+0200,e96b9d4a-1054-48fe-90c7-5f4aaf55485c,2026-08-12T01:00:00Z,2026-08-12T03:00:00+0200,0.0,MW,NL,NL,actual_solar_generation,Solar | Actual Aggregated,2026-08-26T03:46:52Z
2026-08-26T03:42:24Z,2026-08-26T05:42:24+0200,e96b9d4a-1054-48fe-90c7-5f4aaf55485c,2026-08-12T01:00:00Z,2026-08-12T03:00:00+0200,0.129,MW,NL,NL,actual_solar_generation,Solar | Actual Consumption,2026-08-26T03:46:52Z
2026-08-26T03:42:24Z,2026-08-26T05:42:24+0200,e96b9d4a-1054-48fe-90c7-5f4aaf55485c,2026-08-12T01:15:00Z,2026-08-12T03:15:00+0200,0.0,MW,NL,NL,actual_solar_generation,Solar | Actual Aggregated,2026-08-26T03:46:52Z
2026-08-26T03:42:24Z,2026-08-26T05:42:24+0200,e96b9d4a-1054-48fe-90c7-5f4aaf55485c,2026-08-12T01:15:00Z,2026-08-12T03:15:00+0200,0.129,MW,NL,NL,actual_solar_generation,Solar | Actual Consumption,2026-08-26T03:46:52Z
2026-08-26T03:42:24Z,2026-08-26T05:42:24+0200,e96b9d4a-1054-48fe-90c7-5f4aaf55485c,2026-08-12T01:30:00Z,2026-08-12T03:30:00+0200,0.0,MW,NL,NL,actual_solar_generation,Solar | Actual Aggregated,2026-08-26T03:46:52Z
2026-08-26T03:42:24Z,2026-08-26T05:42:24+0200,e96b9d4a-1054-48fe-90c7-5f4aaf55485c,2026-08-12T01:30:00Z,2026-08-12T03:30:00+0200,0.129,MW,NL,NL,actual_solar_generation,Solar | Actual Consumption,2026-08-26T03:46:52Z
2026-08-26T03:42:24Z,2026-08-26T05:42:24+0200,e96b9d4a-1054-48fe-90c7-5f4aaf55485c,2026-08-12T01:45:00Z,2026-08-12T03:45:00+0200,0.0,MW,NL,NL,actual_solar_generation,Solar | Actual Aggregated,2026-08-26T03:46:52Z
2026-08-26T03:42:24Z,2026-08-26T05:42:24+0200,e96b9d4a-1054-48fe-90c7-5f4aaf55485c,2026-08-12T01:45:00Z,2026-08-12T03:45:00+0200,0.114,MW,NL,NL,actual_solar_generation,Solar | Actual Consumption,2026-08-26T03:46:52Z
2026-08-26T03:42:24Z,2026-08-26T05:42:24+0200,e96b9d4a-1054-48fe-90c7-5f4aaf55485c,2026-08-12T02:00:00Z,2026-08-12T04:00:00+0200,0.0,MW,NL,NL,actual_solar_generation,Solar | Actual Aggregated,2026-08-26T03:46:52Z
2026-08-26T03:42:24Z,2026-08-26T05:42:24+0200,e96b9d4a-1054-48fe-90c7-5f4aaf55485c,2026-08-12T02:00:00Z,2026-08-12T04:00:00+0200,0.125,MW,NL,NL,actual_solar_generation,Solar | Actual Consumption,2026-08-26T03:46:52Z
2026-08-26T03:42:24Z,2026-08-26T05:42:24+0200,e96b9d4a-1054-48fe-90c7-5f4aaf55485c,2026-08-12T02:15:00Z,2026-08-12T04:15:00+0200,0.0,MW,NL,NL,actual_solar_generation,Solar | Actual Aggregated,2026-08-26T03:46:52Z
2026-08-26T03:42:24Z,2026-08-26T05:42:24+0200,e96b9d4a-1054-48fe-90c7-5f4aaf55485c,2026-08-12T02:15:00Z,2026-08-12T04:15:00+0200,0.125,MW,NL,NL,actual_solar_generation,Solar | Actual Consumption,2026-08-26T03:46:52Z
2026-08-26T03:42:24Z,2026-08-26T05:42:24+0200,e96b9d4a-1054-48fe-90c7-5f4aaf55485c,2026-08-12T02:30:00Z,2026-08-12T04:30:00+0200,0.0,MW,NL,NL,actual_solar_generation,Solar | Actual Aggregated,2026-08-26T03:46:52Z
2026-08-26T03:42:24Z,2026-08-26T05:42:24+0200,e96b9d4a-1054-48fe-90c7-5f4aaf55485c,2026-08-12T02:30:00Z,2026-08-12T04:30:00+0200,0.125,MW,NL,NL,actual_solar_generation,Solar | Actual Consumption,2026-08-26T03:46:52Z
2026-08-26T03:42:24Z,2026-08-26T05:42:24+0200,e96b9d4a-1054-48fe-90c7-5f4aaf55485c,2026-08-12T02:45:00Z,2026-08-12T04:45:00+0200,0.0,MW,NL,NL,actual_solar_generation,Solar | Actual Aggregated,2026-08-26T03:46:52Z
2026-08-26T03:42:24Z,2026-08-26T05:42:24+0200,e96b9d4a-1054-48fe-90c7-5f4aaf55485c,2026-08-12T02:45:00Z,2026-08-12T04:45:00+0200,0.125,MW,NL,NL,actual_solar_generation,Solar | Actual Consumption,2026-08-26T03:46:52Z
2026-08-26T03:42:24Z,2026-08-26T05:42:24+0200,e96b9d4a-1054-48fe-90c7-5f4aaf55485c,2026-08-12T03:00:00Z,2026-08-12T05:00:00+0200,0.0,MW,NL,NL,actual_solar_generation,Solar | Actual Aggregated,2026-08-26T03:46:52Z
2026-08-26T03:42:24Z,2026-08-26T05:42:24+0200,e96b9d4a-1054-48fe-90c7-5f4aaf55485c,2026-08-12T03:00:00Z,2026-08-12T05:00:00+0200,0.125,MW,NL,NL,actual_solar_generation,Solar | Actual Consumption,2026-08-26T03:46:52Z
2026-08-26T03:42:24Z,2026-08-26T05:42:24+0200,e96b9d4a-1054-48fe-90c7-5f4aaf55485c,2026-08-12T03:15:00Z,2026-08-12T05:15:00+0200,0.0,MW,NL,NL,actual_solar_generation,Solar | Actual Aggregated,2026-08-26T03:46:52Z
2026-08-26T03:42:24Z,2026-08-26T05:42:24+0200,e96b9d4a-1054-48fe-90c7-5f4aaf55485c,2026-08-12T03:15:00Z,2026-08-12T05:15:00+0200,0.125,MW,NL,NL,actual_solar_generation,Solar | Actual Consumption,2026-08-26T03:46:52Z
2026-08-26T03:42:24Z,2026-08-26T05:42:24+0200,e96b9d4a-1054-48fe-90c7-5f4aaf55485c,2026-08-12T03:30:00Z,2026-08-12T05:30:00+0200,0.0,MW,NL,NL,actual_solar_generation,Solar | Actual Aggregated,2026-08-26T03:46:52Z
2026-08-26T03:42:24Z,2026-08-26T05:42:24+0200,e96b9d4a-1054-48fe-90c7-5f4aaf55485c,2026-08-12T03:30:00Z,2026-08-12T05:30:00+0200,0.125,MW,NL,NL,actual_solar_generation,Solar | Actual Consumption,2026-08-26T03:46:52Z
2026-08-26T03:42:24Z,2026-08-26T05:42:24+0200,e96b9d4a-1054-48fe-90c7-5f4aaf55485c,2026-08-12T03:45:00Z,2026-08-12T05:45:00+0200,0.0,MW,NL,NL,actual_solar_generation,Solar | Actual Aggregated,2026-08-26T03:46:52Z
2026-08-26T03:42:24Z,2026-08-26T05:42:24+0200,e96b9d4a-1054-48fe-90c7-5f4aaf55485c,2026-08-12T03:45:00Z,2026-08-12T05:45:00+0200,0.125,MW,NL,NL,actual_solar_generation,Solar | Actual Consumption,2026-08-26T03:46:52Z
2026-08-26T03:42:24Z,2026-08-26T05:42:24+0200,e96b9d4a-1054-48fe-90c7-5f4aaf55485c,2026-08-12T04:00:00Z,2026-08-12T06:00:00+0200,0.261,MW,NL,NL,actual_solar_generation,Solar | Actual Aggregated,2026-08-26T03:46:52Z
2026-08-26T03:42:24Z,2026-08-26T05:42:24+0200,e96b9d4a-1054-48fe-90c7-5f4aaf55485c,2026-08-12T04:00:00Z,2026-08-12T06:00:00+0200,0.0,MW,NL,NL,actual_solar_generation,Solar | Actual Consumption,2026-08-26T03:46:52Z
2026-08-26T03:42:24Z,2026-08-26T05:42:24+0200,e96b9d4a-1054-48fe-90c7-5f4aaf55485c,2026-08-12T04:15:00Z,2026-08-12T06:15:00+0200,1.601,MW,NL,NL,actual_solar_generation,Solar | Actual Aggregated,2026-08-26T03:46:52Z
2026-08-26T03:42:24Z,2026-08-26T05:42:24+0200,e96b9d4a-1054-48fe-90c7-5f4aaf55485c,2026-08-12T04:15:00Z,2026-08-12T06:15:00+0200,0.0,MW,NL,NL,actual_solar_generation,Solar | Actual Consumption,2026-08-26T03:46:52Z
2026-08-26T03:42:24Z,2026-08-26T05:42:24+0200,e96b9d4a-1054-48fe-90c7-5f4aaf55485c,2026-08-12T04:30:00Z,2026-08-12T06:30:00+0200,5.399,MW,NL,NL,actual_solar_generation,Solar | Actual Aggregated,2026-08-26T03:46:52Z
2026-08-26T03:42:24Z,2026-08-26T05:42:24+0200,e96b9d4a-1054-48fe-90c7-5f4aaf55485c,2026-08-12T04:30:00Z,2026-08-12T06:30:00+0200,0.0,MW,NL,NL,actual_solar_generation,Solar | Actual Consumption,2026-08-26T03:46:52Z
2026-08-26T03:42:24Z,2026-08-26T05:42:24+0200,e96b9d4a-1054-48fe-90c7-5f4aaf55485c,2026-08-12T04:45:00Z,2026-08-12T06:45:00+0200,9.565,MW,NL,NL,actual_solar_generation,Solar | Actual Aggregated,2026-08-26T03:46:52Z
2026-08-26T03:42:24Z,2026-08-26T05:42:24+0200,e96b9d4a-1054-48fe-90c7-5f4aaf55485c,2026-08-12T04:45:00Z,2026-08-12T06:45:00+0200,0.0,MW,NL,NL,actual_solar_generation,Solar | Actual Consumption,2026-08-26T03:46:52Z
2026-08-26T03:42:24Z,2026-08-26T05:42:24+0200,e96b9d4a-1054-48fe-90c7-5f4aaf55485c,2026-08-12T05:00:00Z,2026-08-12T07:00:00+0200,15.824,MW,NL,NL,actual_solar_generation,Solar | Actual Aggregated,2026-08-26T03:46:52Z
2026-08-26T03:42:24Z,2026-08-26T05:42:24+0200,e96b9d4a-1054-48fe-90c7-5f4aaf55485c,2026-08-12T05:00:00Z,2026-08-12T07:00:00+0200,0.0,MW,NL,NL,actual_solar_generation,Solar | Actual Consumption,2026-08-26T03:46:52Z
2026-08-26T03:42:24Z,2026-08-26T05:42:24+0200,e96b9d4a-1054-48fe-90c7-5f4aaf55485c,2026-08-12T05:15:00Z,2026-08-12T07:15:00+0200,25.796,MW,NL,NL,actual_solar_generation,Solar | Actual Aggregated,2026-08-26T03:46:52Z
2026-08-26T03:42:24Z,2026-08-26T05:42:24+0200,e96b9d4a-1054-48fe-90c7-5f4aaf55485c,2026-08-12T05:15:00Z,2026-08-12T07:15:00+0200,0.0,MW,NL,NL,actual_solar_generation,Solar | Actual Consumption,2026-08-26T03:46:52Z
2026-08-26T03:42:24Z,2026-08-26T05:42:24+0200,e96b9d4a-1054-48fe-90c7-5f4aaf55485c,2026-08-12T05:30:00Z,2026-08-12T07:30:00+0200,40.088,MW,NL,NL,actual_solar_generation,Solar | Actual Aggregated,2026-08-26T03:46:52Z
2026-08-26T03:42:24Z,2026-08-26T05:42:24+0200,e96b9d4a-1054-48fe-90c7-5f4aaf55485c,2026-08-12T05:30:00Z,2026-08-12T07:30:00+0200,0.0,MW,NL,NL,actual_solar_generation,Solar | Actual Consumption,2026-08-26T03:46:52Z
2026-08-26T03:42:24Z,2026-08-26T05:42:24+0200,e96b9d4a-1054-48fe-90c7-5f4aaf55485c,2026-08-12T05:45:00Z,2026-08-12T07:45:00+0200,52.43,MW,NL,NL,actual_solar_generation,Solar | Actual Aggregated,2026-08-26T03:46:52Z
2026-08-26T03:42:24Z,2026-08-26T05:42:24+0200,e96b9d4a-1054-48fe-90c7-5f4aaf55485c,2026-08-12T05:45:00Z,2026-08-12T07:45:00+0200,0.0,MW,NL,NL,actual_solar_generation,Solar | Actual Consumption,2026-08-26T03:46:52Z
2026-08-26T03:42:24Z,2026-08-26T05:42:24+0200,e96b9d4a-1054-48fe-90c7-5f4aaf55485c,2026-08-12T06:00:00Z,2026-08-12T08:00:00+0200,55.087,MW,NL,NL,actual_solar_generation,Solar | Actual Aggregated,2026-08-26T03:46:52Z
2026-08-26T03:42:24Z,2026-08-26T05:42:24+0200,e96b9d4a-1054-48fe-90c7-5f4aaf55485c,2026-08-12T06:00:00Z,2026-08-12T08:00:00+0200,0.0,MW,NL,NL,actual_solar_generation,Solar | Actual Consumption,2026-08-26T03:46:52Z
2026-08-26T03:42:24Z,2026-08-26T05:42:24+0200,e96b9d4a-1054-48fe-90c7-5f4aaf55485c,2026-08-12T06:15:00Z,2026-08-12T08:15:00+0200,49.683,MW,NL,NL,actual_solar_generation,Solar | Actual Aggregated,2026-08-26T03:46:52Z
2026-08-26T03:42:24Z,2026-08-26T05:42:24+0200,e96b9d4a-1054-48fe-90c7-5f4aaf55485c,2026-08-12T06:15:00Z,2026-08-12T08:15:00+0200,0.0,MW,NL,NL,actual_solar_generation,Solar | Actual Consumption,2026-08-26T03:46:52Z
2026-08-26T03:42:24Z,2026-08-26T05:42:24+0200,e96b9d4a-1054-48fe-90c7-5f4aaf55485c,2026-08-12T06:30:00Z,2026-08-12T08:30:00+0200,74.958,MW,NL,NL,actual_solar_generation,Solar | Actual Aggregated,2026-08-26T03:46:52Z
2026-08-26T03:42:24Z,2026-08-26T05:42:24+0200,e96b9d4a-1054-48fe-90c7-5f4aaf55485c,2026-08-12T06:30:00Z,2026-08-12T08:30:00+0200,0.0,MW,NL,NL,actual_solar_generation,Solar | Actual Consumption,2026-08-26T03:46:52Z
2026-08-26T03:42:24Z,2026-08-26T05:42:24+0200,e96b9d4a-1054-48fe-90c7-5f4aaf55485c,2026-08-12T06:45:00Z,2026-08-12T08:45:00+0200,101.849,MW,NL,NL,actual_solar_generation,Solar | Actual Aggregated,2026-08-26T03:46:52Z
2026-08-26T03:42:24Z,2026-08-26T05:42:24+0200,e96b9d4a-1054-48fe-90c7-5f4aaf55485c,2026-08-12T06:45:00Z,2026-08-12T08:45:00+0200,0.0,MW,NL,NL,actual_solar_generation,Solar | Actual Consumption,2026-08-26T03:46:52Z
2026-08-26T03:42:24Z,2026-08-26T05:42:24+0200,e96b9d4a-1054-48fe-90c7-5f4aaf55485c,2026-08-12T07:00:00Z,2026-08-12T09:00:00+0200,120.856,MW,NL,NL,actual_solar_generation,Solar | Actual Aggregated,2026-08-26T03:46:52Z
2026-08-26T03:42:24Z,2026-08-26T05:42:24+0200,e96b9d4a-1054-48fe-90c7-5f4aaf55485c,2026-08-12T07:00:00Z,2026-08-12T09:00:00+0200,0.0,MW,NL,NL,actual_solar_generation,Solar | Actual Consumption,2026-08-26T03:46:52Z
2026-08-26T03:42:24Z,2026-08-26T05:42:24+0200,e96b9d4a-1054-48fe-90c7-5f4aaf55485c,2026-08-12T07:15:00Z,2026-08-12T09:15:00+0200,136.227,MW,NL,NL,actual_solar_generation,Solar | Actual Aggregated,2026-08-26T03:46:52Z
2026-08-26T03:42:24Z,2026-08-26T05:42:24+0200,e96b9d4a-1054-48fe-90c7-5f4aaf55485c,2026-08-12T07:15:00Z,2026-08-12T09:15:00+0200,0.0,MW,NL,NL,actual_solar_generation,Solar | Actual Consumption,2026-08-26T03:46:52Z
2026-08-26T03:42:24Z,2026-08-26T05:42:24+0200,e96b9d4a-1054-48fe-90c7-5f4aaf55485c,2026-08-12T07:30:00Z,2026-08-12T09:30:00+0200,146.617,MW,NL,NL,actual_solar_generation,Solar | Actual Aggregated,2026-08-26T03:46:52Z
2026-08-26T03:42:24Z,2026-08-26T05:42:24+0200,e96b9d4a-1054-48fe-90c7-5f4aaf55485c,2026-08-12T07:30:00Z,2026-08-12T09:30:00+0200,0.0,MW,NL,NL,actual_solar_generation,Solar | Actual Consumption,2026-08-26T03:46:52Z
2026-08-26T03:42:24Z,2026-08-26T05:42:24+0200,e96b9d4a-1054-48fe-90c7-5f4aaf55485c,2026-08-12T07:45:00Z,2026-08-12T09:45:00+0200,159.273,MW,NL,NL,actual_solar_generation,Solar | Actual Aggregated,2026-08-26T03:46:52Z
2026-08-26T03:42:24Z,2026-08-26T05:42:24+0200,e96b9d4a-1054-48fe-90c7-5f4aaf55485c,2026-08-12T07:45:00Z,2026-08-12T09:45:00+0200,0.0,MW,NL,NL,actual_solar_generation,Solar | Actual Consumption,2026-08-26T03:46:52Z
2026-08-26T03:42:24Z,2026-08-26T05:42:24+0200,e96b9d4a-1054-48fe-90c7-5f4aaf55485c,2026-08-12T08:00:00Z,2026-08-12T10:00:00+0200,169.036,MW,NL,NL,actual_solar_generation,Solar | Actual Aggregated,2026-08-26T03:46:52Z
2026-08-26T03:42:24Z,2026-08-26T05:42:24+0200,e96b9d4a-1054-48fe-90c7-5f4aaf55485c,2026-08-12T08:00:00Z,2026-08-12T10:00:00+0200,0.0,MW,NL,NL,actual_solar_generation,Solar | Actual Consumption,2026-08-26T03:46:52Z
2026-08-26T03:42:24Z,2026-08-26T05:42:24+0200,e96b9d4a-1054-48fe-90c7-5f4aaf55485c,2026-08-12T08:15:00Z,2026-08-12T10:15:00+0200,185.227,MW,NL,NL,actual_solar_generation,Solar | Actual Aggregated,2026-08-26T03:46:52Z
2026-08-26T03:42:24Z,2026-08-26T05:42:24+0200,e96b9d4a-1054-48fe-90c7-5f4aaf55485c,2026-08-12T08:15:00Z,2026-08-12T10:15:00+0200,0.0,MW,NL,NL,actual_solar_generation,Solar | Actual Consumption,2026-08-26T03:46:52Z
2026-08-26T03:42:24Z,2026-08-26T05:42:24+0200,e96b9d4a-1054-48fe-90c7-5f4aaf55485c,2026-08-12T08:30:00Z,2026-08-12T10:30:00+0200,194.25,MW,NL,NL,actual_solar_generation,Solar | Actual Aggregated,2026-08-26T03:46:52Z
2026-08-26T03:42:24Z,2026-08-26T05:42:24+0200,e96b9d4a-1054-48fe-90c7-5f4aaf55485c,2026-08-12T08:30:00Z,2026-08-12T10:30:00+0200,0.0,MW,NL,NL,actual_solar_generation,Solar | Actual Consumption,2026-08-26T03:46:52Z
2026-08-26T03:42:24Z,2026-08-26T05:42:24+0200,e96b9d4a-1054-48fe-90c7-5f4aaf55485c,2026-08-12T08:45:00Z,2026-08-12T10:45:00+0200,198.27,MW,NL,NL,actual_solar_generation,Solar | Actual Aggregated,2026-08-26T03:46:52Z
2026-08-26T03:42:24Z,2026-08-26T05:42:24+0200,e96b9d4a-1054-48fe-90c7-5f4aaf55485c,2026-08-12T08:45:00Z,2026-08-12T10:45:00+0200,0.0,MW,NL,NL,actual_solar_generation,Solar | Actual Consumption,2026-08-26T03:46:52Z
2026-08-26T03:42:24Z,2026-08-26T05:42:24+0200,e96b9d4a-1054-48fe-90c7-5f4aaf55485c,2026-08-12T09:00:00Z,2026-08-12T11:00:00+0200,212.638,MW,NL,NL,actual_solar_generation,Solar | Actual Aggregated,2026-08-26T03:46:52Z
2026-08-26T03:42:24Z,2026-08-26T05:42:24+0200,e96b9d4a-1054-48fe-90c7-5f4aaf55485c,2026-08-12T09:00:00Z,2026-08-12T11:00:00+0200,0.0,MW,NL,NL,actual_solar_generation,Solar | Actual Consumption,2026-08-26T03:46:52Z
2026-08-26T03:42:24Z,2026-08-26T05:42:24+0200,e96b9d4a-1054-48fe-90c7-5f4aaf55485c,2026-08-12T09:15:00Z,2026-08-12T11:15:00+0200,216.915,MW,NL,NL,actual_solar_generation,Solar | Actual Aggregated,2026-08-26T03:46:52Z
2026-08-26T03:42:24Z,2026-08-26T05:42:24+0200,e96b9d4a-1054-48fe-90c7-5f4aaf55485c,2026-08-12T09:15:00Z,2026-08-12T11:15:00+0200,0.0,MW,NL,NL,actual_solar_generation,Solar | Actual Consumption,2026-08-26T03:46:52Z
2026-08-26T03:42:24Z,2026-08-26T05:42:24+0200,e96b9d4a-1054-48fe-90c7-5f4aaf55485c,2026-08-12T09:30:00Z,2026-08-12T11:30:00+0200,222.862,MW,NL,NL,actual_solar_generation,Solar | Actual Aggregated,2026-08-26T03:46:52Z
2026-08-26T03:42:24Z,2026-08-26T05:42:24+0200,e96b9d4a-1054-48fe-90c7-5f4aaf55485c,2026-08-12T09:30:00Z,2026-08-12T11:30:00+0200,0.0,MW,NL,NL,actual_solar_generation,Solar | Actual Consumption,2026-08-26T03:46:52Z
2026-08-26T03:42:24Z,2026-08-26T05:42:24+0200,e96b9d4a-1054-48fe-90c7-5f4aaf55485c,2026-08-12T09:45:00Z,2026-08-12T11:45:00+0200,227.909,MW,NL,NL,actual_solar_generation,Solar | Actual Aggregated,2026-08-26T03:46:52Z
2026-08-26T03:42:24Z,2026-08-26T05:42:24+0200,e96b9d4a-1054-48fe-90c7-5f4aaf55485c,2026-08-12T09:45:00Z,2026-08-12T11:45:00+0200,0.0,MW,NL,NL,actual_solar_generation,Solar | Actual Consumption,2026-08-26T03:46:52Z
2026-08-26T03:42:24Z,2026-08-26T05:42:24+0200,e96b9d4a-1054-48fe-90c7-5f4aaf55485c,2026-08-12T10:00:00Z,2026-08-12T12:00:00+0200,235.542,MW,NL,NL,actual_solar_generation,Solar | Actual Aggregated,2026-08-26T03:46:52Z
2026-08-26T03:42:24Z,2026-08-26T05:42:24+0200,e96b9d4a-1054-48fe-90c7-5f4aaf55485c,2026-08-12T10:00:00Z,2026-08-12T12:00:00+0200,0.0,MW,NL,NL,actual_solar_generation,Solar | Actual Consumption,2026-08-26T03:46:52Z
2026-08-26T03:42:24Z,2026-08-26T05:42:24+0200,e96b9d4a-1054-48fe-90c7-5f4aaf55485c,2026-08-12T10:15:00Z,2026-08-12T12:15:00+0200,233.098,MW,NL,NL,actual_solar_generation,Solar | Actual Aggregated,2026-08-26T03:46:52Z
2026-08-26T03:42:24Z,2026-08-26T05:42:24+0200,e96b9d4a-1054-48fe-90c7-5f4aaf55485c,2026-08-12T10:15:00Z,2026-08-12T12:15:00+0200,0.0,MW,NL,NL,actual_solar_generation,Solar | Actual Consumption,2026-08-26T03:46:52Z
2026-08-26T03:42:24Z,2026-08-26T05:42:24+0200,e96b9d4a-1054-48fe-90c7-5f4aaf55485c,2026-08-12T10:30:00Z,2026-08-12T12:30:00+0200,234.197,MW,NL,NL,actual_solar_generation,Solar | Actual Aggregated,2026-08-26T03:46:52Z
2026-08-26T03:42:24Z,2026-08-26T05:42:24+0200,e96b9d4a-1054-48fe-90c7-5f4aaf55485c,2026-08-12T10:30:00Z,2026-08-12T12:30:00+0200,0.0,MW,NL,NL,actual_solar_generation,Solar | Actual Consumption,2026-08-26T03:46:52Z
2026-08-26T03:42:24Z,2026-08-26T05:42:24+0200,e96b9d4a-1054-48fe-90c7-5f4aaf55485c,2026-08-12T10:45:00Z,2026-08-12T12:45:00+0200,244.14,MW,NL,NL,actual_solar_generation,Solar | Actual Aggregated,2026-08-26T03:46:52Z
2026-08-26T03:42:24Z,2026-08-26T05:42:24+0200,e96b9d4a-1054-48fe-90c7-5f4aaf55485c,2026-08-12T10:45:00Z,2026-08-12T12:45:00+0200,0.0,MW,NL,NL,actual_solar_generation,Solar | Actual Consumption,2026-08-26T03:46:52Z
2026-08-26T03:42:24Z,2026-08-26T05:42:24+0200,e96b9d4a-1054-48fe-90c7-5f4aaf55485c,2026-08-12T11:00:00Z,2026-08-12T13:00:00+0200,240.653,MW,NL,NL,actual_solar_generation,Solar | Actual Aggregated,2026-08-26T03:46:52Z
2026-08-26T03:42:24Z,2026-08-26T05:42:24+0200,e96b9d4a-1054-48fe-90c7-5f4aaf55485c,2026-08-12T11:00:00Z,2026-08-12T13:00:00+0200,0.0,MW,NL,NL,actual_solar_generation,Solar | Actual Consumption,2026-08-26T03:46:52Z
2026-08-26T03:42:24Z,2026-08-26T05:42:24+0200,e96b9d4a-1054-48fe-90c7-5f4aaf55485c,2026-08-12T11:15:00Z,2026-08-12T13:15:00+0200,245.327,MW,NL,NL,actual_solar_generation,Solar | Actual Aggregated,2026-08-26T03:46:52Z
2026-08-26T03:42:24Z,2026-08-26T05:42:24+0200,e96b9d4a-1054-48fe-90c7-5f4aaf55485c,2026-08-12T11:15:00Z,2026-08-12T13:15:00+0200,0.0,MW,NL,NL,actual_solar_generation,Solar | Actual Consumption,2026-08-26T03:46:52Z
2026-08-26T03:42:24Z,2026-08-26T05:42:24+0200,e96b9d4a-1054-48fe-90c7-5f4aaf55485c,2026-08-12T11:30:00Z,2026-08-12T13:30:00+0200,246.631,MW,NL,NL,actual_solar_generation,Solar | Actual Aggregated,2026-08-26T03:46:52Z
2026-08-26T03:42:24Z,2026-08-26T05:42:24+0200,e96b9d4a-1054-48fe-90c7-5f4aaf55485c,2026-08-12T11:30:00Z,2026-08-12T13:30:00+0200,0.0,MW,NL,NL,actual_solar_generation,Solar | Actual Consumption,2026-08-26T03:46:52Z
2026-08-26T03:42:24Z,2026-08-26T05:42:24+0200,e96b9d4a-1054-48fe-90c7-5f4aaf55485c,2026-08-12T11:45:00Z,2026-08-12T13:45:00+0200,241.31,MW,NL,NL,actual_solar_generation,Solar | Actual Aggregated,2026-08-26T03:46:52Z
2026-08-26T03:42:24Z,2026-08-26T05:42:24+0200,e96b9d4a-1054-48fe-90c7-5f4aaf55485c,2026-08-12T11:45:00Z,2026-08-12T13:45:00+0200,0.0,MW,NL,NL,actual_solar_generation,Solar | Actual Consumption,2026-08-26T03:46:52Z
2026-08-26T03:42:24Z,2026-08-26T05:42:24+0200,e96b9d4a-1054-48fe-90c7-5f4aaf55485c,2026-08-12T12:00:00Z,2026-08-12T14:00:00+0200,240.63,MW,NL,NL,actual_solar_generation,Solar | Actual Aggregated,2026-08-26T03:46:52Z
2026-08-26T03:42:24Z,2026-08-26T05:42:24+0200,e96b9d4a-1054-48fe-90c7-5f4aaf55485c,2026-08-12T12:00:00Z,2026-08-12T14:00:00+0200,0.0,MW,NL,NL,actual_solar_generation,Solar | Actual Consumption,2026-08-26T03:46:52Z
2026-08-26T03:42:24Z,2026-08-26T05:42:24+0200,e96b9d4a-1054-48fe-90c7-5f4aaf55485c,2026-08-12T12:15:00Z,2026-08-12T14:15:00+0200,242.285,MW,NL,NL,actual_solar_generation,Solar | Actual Aggregated,2026-08-26T03:46:52Z
2026-08-26T03:42:24Z,2026-08-26T05:42:24+0200,e96b9d4a-1054-48fe-90c7-5f4aaf55485c,2026-08-12T12:15:00Z,2026-08-12T14:15:00+0200,0.0,MW,NL,NL,actual_solar_generation,Solar | Actual Consumption,2026-08-26T03:46:52Z
2026-08-26T03:42:24Z,2026-08-26T05:42:24+0200,e96b9d4a-1054-48fe-90c7-5f4aaf55485c,2026-08-12T12:30:00Z,2026-08-12T14:30:00+0200,244.029,MW,NL,NL,actual_solar_generation,Solar | Actual Aggregated,2026-08-26T03:46:52Z
2026-08-26T03:42:24Z,2026-08-26T05:42:24+0200,e96b9d4a-1054-48fe-90c7-5f4aaf55485c,2026-08-12T12:30:00Z,2026-08-12T14:30:00+0200,0.0,MW,NL,NL,actual_solar_generation,Solar | Actual Consumption,2026-08-26T03:46:52Z
2026-08-26T03:42:24Z,2026-08-26T05:42:24+0200,e96b9d4a-1054-48fe-90c7-5f4aaf55485c,2026-08-12T12:45:00Z,2026-08-12T14:45:00+0200,233.371,MW,NL,NL,actual_solar_generation,Solar | Actual Aggregated,2026-08-26T03:46:52Z
2026-08-26T03:42:24Z,2026-08-26T05:42:24+0200,e96b9d4a-1054-48fe-90c7-5f4aaf55485c,2026-08-12T12:45:00Z,2026-08-12T14:45:00+0200,0.0,MW,NL,NL,actual_solar_generation,Solar | Actual Consumption,2026-08-26T03:46:52Z
2026-08-26T03:42:24Z,2026-08-26T05:42:24+0200,e96b9d4a-1054-48fe-90c7-5f4aaf55485c,2026-08-12T13:00:00Z,2026-08-12T15:00:00+0200,229.807,MW,NL,NL,actual_solar_generation,Solar | Actual Aggregated,2026-08-26T03:46:52Z
2026-08-26T03:42:24Z,2026-08-26T05:42:24+0200,e96b9d4a-1054-48fe-90c7-5f4aaf55485c,2026-08-12T13:00:00Z,2026-08-12T15:00:00+0200,0.0,MW,NL,NL,actual_solar_generation,Solar | Actual Consumption,2026-08-26T03:46:52Z
2026-08-26T03:42:24Z,2026-08-26T05:42:24+0200,e96b9d4a-1054-48fe-90c7-5f4aaf55485c,2026-08-12T13:15:00Z,2026-08-12T15:15:00+0200,227.622,MW,NL,NL,actual_solar_generation,Solar | Actual Aggregated,2026-08-26T03:46:52Z
2026-08-26T03:42:24Z,2026-08-26T05:42:24+0200,e96b9d4a-1054-48fe-90c7-5f4aaf55485c,2026-08-12T13:15:00Z,2026-08-12T15:15:00+0200,0.0,MW,NL,NL,actual_solar_generation,Solar | Actual Consumption,2026-08-26T03:46:52Z
2026-08-26T03:42:24Z,2026-08-26T05:42:24+0200,e96b9d4a-1054-48fe-90c7-5f4aaf55485c,2026-08-12T13:30:00Z,2026-08-12T15:30:00+0200,223.21,MW,NL,NL,actual_solar_generation,Solar | Actual Aggregated,2026-08-26T03:46:52Z
2026-08-26T03:42:24Z,2026-08-26T05:42:24+0200,e96b9d4a-1054-48fe-90c7-5f4aaf55485c,2026-08-12T13:30:00Z,2026-08-12T15:30:00+0200,0.0,MW,NL,NL,actual_solar_generation,Solar | Actual Consumption,2026-08-26T03:46:52Z
2026-08-26T03:42:24Z,2026-08-26T05:42:24+0200,e96b9d4a-1054-48fe-90c7-5f4aaf55485c,2026-08-12T13:45:00Z,2026-08-12T15:45:00+0200,219.346,MW,NL,NL,actual_solar_generation,Solar | Actual Aggregated,2026-08-26T03:46:52Z
2026-08-26T03:42:24Z,2026-08-26T05:42:24+0200,e96b9d4a-1054-48fe-90c7-5f4aaf55485c,2026-08-12T13:45:00Z,2026-08-12T15:45:00+0200,0.0,MW,NL,NL,actual_solar_generation,Solar | Actual Consumption,2026-08-26T03:46:52Z
2026-08-26T03:42:24Z,2026-08-26T05:42:24+0200,e96b9d4a-1054-48fe-90c7-5f4aaf55485c,2026-08-12T14:00:00Z,2026-08-12T16:00:00+0200,210.812,MW,NL,NL,actual_solar_generation,Solar | Actual Aggregated,2026-08-26T03:46:52Z
2026-08-26T03:42:24Z,2026-08-26T05:42:24+0200,e96b9d4a-1054-48fe-90c7-5f4aaf55485c,2026-08-12T14:00:00Z,2026-08-12T16:00:00+0200,0.0,MW,NL,NL,actual_solar_generation,Solar | Actual Consumption,2026-08-26T03:46:52Z
2026-08-26T03:42:24Z,2026-08-26T05:42:24+0200,e96b9d4a-1054-48fe-90c7-5f4aaf55485c,2026-08-12T14:15:00Z,2026-08-12T16:15:00+0200,201.207,MW,NL,NL,actual_solar_generation,Solar | Actual Aggregated,2026-08-26T03:46:52Z
2026-08-26T03:42:24Z,2026-08-26T05:42:24+0200,e96b9d4a-1054-48fe-90c7-5f4aaf55485c,2026-08-12T14:15:00Z,2026-08-12T16:15:00+0200,0.0,MW,NL,NL,actual_solar_generation,Solar | Actual Consumption,2026-08-26T03:46:52Z
2026-08-26T03:42:24Z,2026-08-26T05:42:24+0200,e96b9d4a-1054-48fe-90c7-5f4aaf55485c,2026-08-12T14:30:00Z,2026-08-12T16:30:00+0200,190.232,MW,NL,NL,actual_solar_generation,Solar | Actual Aggregated,2026-08-26T03:46:52Z
2026-08-26T03:42:24Z,2026-08-26T05:42:24+0200,e96b9d4a-1054-48fe-90c7-5f4aaf55485c,2026-08-12T14:30:00Z,2026-08-12T16:30:00+0200,0.0,MW,NL,NL,actual_solar_generation,Solar | Actual Consumption,2026-08-26T03:46:52Z
2026-08-26T03:42:24Z,2026-08-26T05:42:24+0200,e96b9d4a-1054-48fe-90c7-5f4aaf55485c,2026-08-12T14:45:00Z,2026-08-12T16:45:00+0200,180.518,MW,NL,NL,actual_solar_generation,Solar | Actual Aggregated,2026-08-26T03:46:52Z
2026-08-26T03:42:24Z,2026-08-26T05:42:24+0200,e96b9d4a-1054-48fe-90c7-5f4aaf55485c,2026-08-12T14:45:00Z,2026-08-12T16:45:00+0200,0.0,MW,NL,NL,actual_solar_generation,Solar | Actual Consumption,2026-08-26T03:46:52Z
2026-08-26T03:42:24Z,2026-08-26T05:42:24+0200,e96b9d4a-1054-48fe-90c7-5f4aaf55485c,2026-08-12T15:00:00Z,2026-08-12T17:00:00+0200,169.99,MW,NL,NL,actual_solar_generation,Solar | Actual Aggregated,2026-08-26T03:46:52Z
2026-08-26T03:42:24Z,2026-08-26T05:42:24+0200,e96b9d4a-1054-48fe-90c7-5f4aaf55485c,2026-08-12T15:00:00Z,2026-08-12T17:00:00+0200,0.0,MW,NL,NL,actual_solar_generation,Solar | Actual Consumption,2026-08-26T03:46:52Z
2026-08-26T03:42:24Z,2026-08-26T05:42:24+0200,e96b9d4a-1054-48fe-90c7-5f4aaf55485c,2026-08-12T15:15:00Z,2026-08-12T17:15:00+0200,156.346,MW,NL,NL,actual_solar_generation,Solar | Actual Aggregated,2026-08-26T03:46:52Z
2026-08-26T03:42:24Z,2026-08-26T05:42:24+0200,e96b9d4a-1054-48fe-90c7-5f4aaf55485c,2026-08-12T15:15:00Z,2026-08-12T17:15:00+0200,0.0,MW,NL,NL,actual_solar_generation,Solar | Actual Consumption,2026-08-26T03:46:52Z
2026-08-26T03:42:24Z,2026-08-26T05:42:24+0200,e96b9d4a-1054-48fe-90c7-5f4aaf55485c,2026-08-12T15:30:00Z,2026-08-12T17:30:00+0200,141.707,MW,NL,NL,actual_solar_generation,Solar | Actual Aggregated,2026-08-26T03:46:52Z
2026-08-26T03:42:24Z,2026-08-26T05:42:24+0200,e96b9d4a-1054-48fe-90c7-5f4aaf55485c,2026-08-12T15:30:00Z,2026-08-12T17:30:00+0200,0.0,MW,NL,NL,actual_solar_generation,Solar | Actual Consumption,2026-08-26T03:46:52Z
2026-08-26T03:42:24Z,2026-08-26T05:42:24+0200,e96b9d4a-1054-48fe-90c7-5f4aaf55485c,2026-08-12T15:45:00Z,2026-08-12T17:45:00+0200,127.496,MW,NL,NL,actual_solar_generation,Solar | Actual Aggregated,2026-08-26T03:46:52Z
2026-08-26T03:42:24Z,2026-08-26T05:42:24+0200,e96b9d4a-1054-48fe-90c7-5f4aaf55485c,2026-08-12T15:45:00Z,2026-08-12T17:45:00+0200,0.0,MW,NL,NL,actual_solar_generation,Solar | Actual Consumption,2026-08-26T03:46:52Z
2026-08-26T03:42:24Z,2026-08-26T05:42:24+0200,e96b9d4a-1054-48fe-90c7-5f4aaf55485c,2026-08-12T16:00:00Z,2026-08-12T18:00:00+0200,111.371,MW,NL,NL,actual_solar_generation,Solar | Actual Aggregated,2026-08-26T03:46:52Z
2026-08-26T03:42:24Z,2026-08-26T05:42:24+0200,e96b9d4a-1054-48fe-90c7-5f4aaf55485c,2026-08-12T16:00:00Z,2026-08-12T18:00:00+0200,0.0,MW,NL,NL,actual_solar_generation,Solar | Actual Consumption,2026-08-26T03:46:52Z
2026-08-26T03:42:24Z,2026-08-26T05:42:24+0200,e96b9d4a-1054-48fe-90c7-5f4aaf55485c,2026-08-12T16:15:00Z,2026-08-12T18:15:00+0200,96.148,MW,NL,NL,actual_solar_generation,Solar | Actual Aggregated,2026-08-26T03:46:52Z
2026-08-26T03:42:24Z,2026-08-26T05:42:24+0200,e96b9d4a-1054-48fe-90c7-5f4aaf55485c,2026-08-12T16:15:00Z,2026-08-12T18:15:00+0200,0.0,MW,NL,NL,actual_solar_generation,Solar | Actual Consumption,2026-08-26T03:46:52Z
2026-08-26T03:42:24Z,2026-08-26T05:42:24+0200,e96b9d4a-1054-48fe-90c7-5f4aaf55485c,2026-08-12T16:30:00Z,2026-08-12T18:30:00+0200,82.293,MW,NL,NL,actual_solar_generation,Solar | Actual Aggregated,2026-08-26T03:46:52Z
2026-08-26T03:42:24Z,2026-08-26T05:42:24+0200,e96b9d4a-1054-48fe-90c7-5f4aaf55485c,2026-08-12T16:30:00Z,2026-08-12T18:30:00+0200,0.0,MW,NL,NL,actual_solar_generation,Solar | Actual Consumption,2026-08-26T03:46:52Z
2026-08-26T03:42:24Z,2026-08-26T05:42:24+0200,e96b9d4a-1054-48fe-90c7-5f4aaf55485c,2026-08-12T16:45:00Z,2026-08-12T18:45:00+0200,68.042,MW,NL,NL,actual_solar_generation,Solar | Actual Aggregated,2026-08-26T03:46:52Z
2026-08-26T03:42:24Z,2026-08-26T05:42:24+0200,e96b9d4a-1054-48fe-90c7-5f4aaf55485c,2026-08-12T16:45:00Z,2026-08-12T18:45:00+0200,0.0,MW,NL,NL,actual_solar_generation,Solar | Actual Consumption,2026-08-26T03:46:52Z
2026-08-26T03:42:24Z,2026-08-26T05:42:24+0200,e96b9d4a-1054-48fe-90c7-5f4aaf55485c,2026-08-12T17:00:00Z,2026-08-12T19:00:00+0200,54.486,MW,NL,NL,actual_solar_generation,Solar | Actual Aggregated,2026-08-26T03:46:52Z
2026-08-26T03:42:24Z,2026-08-26T05:42:24+0200,e96b9d4a-1054-48fe-90c7-5f4aaf55485c,2026-08-12T17:00:00Z,2026-08-12T19:00:00+0200,0.0,MW,NL,NL,actual_solar_generation,Solar | Actual Consumption,2026-08-26T03:46:52Z
2026-08-26T03:42:24Z,2026-08-26T05:42:24+0200,e96b9d4a-1054-48fe-90c7-5f4aaf55485c,2026-08-12T17:15:00Z,2026-08-12T19:15:00+0200,38.347,MW,NL,NL,actual_solar_generation,Solar | Actual Aggregated,2026-08-26T03:46:52Z
2026-08-26T03:42:24Z,2026-08-26T05:42:24+0200,e96b9d4a-1054-48fe-90c7-5f4aaf55485c,2026-08-12T17:15:00Z,2026-08-12T19:15:00+0200,0.0,MW,NL,NL,actual_solar_generation,Solar | Actual Consumption,2026-08-26T03:46:52Z
2026-08-26T03:42:24Z,2026-08-26T05:42:24+0200,e96b9d4a-1054-48fe-90c7-5f4aaf55485c,2026-08-12T17:30:00Z,2026-08-12T19:30:00+0200,19.597,MW,NL,NL,actual_solar_generation,Solar | Actual Aggregated,2026-08-26T03:46:52Z
2026-08-26T03:42:24Z,2026-08-26T05:42:24+0200,e96b9d4a-1054-48fe-90c7-5f4aaf55485c,2026-08-12T17:30:00Z,2026-08-12T19:30:00+0200,0.0,MW,NL,NL,actual_solar_generation,Solar | Actual Consumption,2026-08-26T03:46:52Z
2026-08-26T03:42:24Z,2026-08-26T05:42:24+0200,e96b9d4a-1054-48fe-90c7-5f4aaf55485c,2026-08-12T17:45:00Z,2026-08-12T19:45:00+0200,5.923,MW,NL,NL,actual_solar_generation,Solar | Actual Aggregated,2026-08-26T03:46:52Z
2026-08-26T03:42:24Z,2026-08-26T05:42:24+0200,e96b9d4a-1054-48fe-90c7-5f4aaf55485c,2026-08-12T17:45:00Z,2026-08-12T19:45:00+0200,0.0,MW,NL,NL,actual_solar_generation,Solar | Actual Consumption,2026-08-26T03:46:52Z
2026-08-26T03:42:24Z,2026-08-26T05:42:24+0200,e96b9d4a-1054-48fe-90c7-5f4aaf55485c,2026-08-12T18:00:00Z,2026-08-12T20:00:00+0200,1.016,MW,NL,NL,actual_solar_generation,Solar | Actual Aggregated,2026-08-26T03:46:52Z
2026-08-26T03:42:24Z,2026-08-26T05:42:24+0200,e96b9d4a-1054-48fe-90c7-5f4aaf55485c,2026-08-12T18:00:00Z,2026-08-12T20:00:00+0200,0.0,MW,NL,NL,actual_solar_generation,Solar | Actual Consumption,2026-08-26T03:46:52Z
2026-08-26T03:42:24Z,2026-08-26T05:42:24+0200,e96b9d4a-1054-48fe-90c7-5f4aaf55485c,2026-08-12T18:15:00Z,2026-08-12T20:15:00+0200,1.435,MW,NL,NL,actual_solar_generation,Solar | Actual Aggregated,2026-08-26T03:46:52Z
2026-08-26T03:42:24Z,2026-08-26T05:42:24+0200,e96b9d4a-1054-48fe-90c7-5f4aaf55485c,2026-08-12T18:15:00Z,2026-08-12T20:15:00+0200,0.0,MW,NL,NL,actual_solar_generation,Solar | Actual Consumption,2026-08-26T03:46:52Z
2026-08-26T03:42:24Z,2026-08-26T05:42:24+0200,e96b9d4a-1054-48fe-90c7-5f4aaf55485c,2026-08-12T18:30:00Z,2026-08-12T20:30:00+0200,2.272,MW,NL,NL,actual_solar_generation,Solar | Actual Aggregated,2026-08-26T03:46:52Z
2026-08-26T03:42:24Z,2026-08-26T05:42:24+0200,e96b9d4a-1054-48fe-90c7-5f4aaf55485c,2026-08-12T18:30:00Z,2026-08-12T20:30:00+0200,0.0,MW,NL,NL,actual_solar_generation,Solar | Actual Consumption,2026-08-26T03:46:52Z
2026-08-26T03:42:24Z,2026-08-26T05:42:24+0200,e96b9d4a-1054-48fe-90c7-5f4aaf55485c,2026-08-12T18:45:00Z,2026-08-12T20:45:00+0200,0.511,MW,NL,NL,actual_solar_generation,Solar | Actual Aggregated,2026-08-26T03:46:52Z
2026-08-26T03:42:24Z,2026-08-26T05:42:24+0200,e96b9d4a-1054-48fe-90c7-5f4aaf55485c,2026-08-12T18:45:00Z,2026-08-12T20:45:00+0200,0.0,MW,NL,NL,actual_solar_generation,Solar | Actual Consumption,2026-08-26T03:46:52Z
2026-08-26T03:42:24Z,2026-08-26T05:42:24+0200,e96b9d4a-1054-48fe-90c7-5f4aaf55485c,2026-08-12T19:00:00Z,2026-08-12T21:00:00+0200,0.0,MW,NL,NL,actual_solar_generation,Solar | Actual Aggregated,2026-08-26T03:46:52Z
2026-08-26T03:42:24Z,2026-08-26T05:42:24+0200,e96b9d4a-1054-48fe-90c7-5f4aaf55485c,2026-08-12T19:00:00Z,2026-08-12T21:00:00+0200,0.645,MW,NL,NL,actual_solar_generation,Solar | Actual Consumption,2026-08-26T03:46:52Z
2026-08-26T03:42:24Z,2026-08-26T05:42:24+0200,e96b9d4a-1054-48fe-90c7-5f4aaf55485c,2026-08-12T19:15:00Z,2026-08-12T21:15:00+0200,0.0,MW,NL,NL,actual_solar_generation,Solar | Actual Aggregated,2026-08-26T03:46:52Z
2026-08-26T03:42:24Z,2026-08-26T05:42:24+0200,e96b9d4a-1054-48fe-90c7-5f4aaf55485c,2026-08-12T19:15:00Z,2026-08-12T21:15:00+0200,0.125,MW,NL,NL,actual_solar_generation,Solar | Actual Consumption,2026-08-26T03:46:52Z
2026-08-26T03:42:24Z,2026-08-26T05:42:24+0200,e96b9d4a-1054-48fe-90c7-5f4aaf55485c,2026-08-12T19:30:00Z,2026-08-12T21:30:00+0200,0.0,MW,NL,NL,actual_solar_generation,Solar | Actual Aggregated,2026-08-26T03:46:52Z
2026-08-26T03:42:24Z,2026-08-26T05:42:24+0200,e96b9d4a-1054-48fe-90c7-5f4aaf55485c,2026-08-12T19:30:00Z,2026-08-12T21:30:00+0200,0.125,MW,NL,NL,actual_solar_generation,Solar | Actual Consumption,2026-08-26T03:46:52Z
2026-08-26T03:42:24Z,2026-08-26T05:42:24+0200,e96b9d4a-1054-48fe-90c7-5f4aaf55485c,2026-08-12T19:45:00Z,2026-08-12T21:45:00+0200,0.0,MW,NL,NL,actual_solar_generation,Solar | Actual Aggregated,2026-08-26T03:46:52Z
2026-08-26T03:42:24Z,2026-08-26T05:42:24+0200,e96b9d4a-1054-48fe-90c7-5f4aaf55485c,2026-08-12T19:45:00Z,2026-08-12T21:45:00+0200,0.125,MW,NL,NL,actual_solar_generation,Solar | Actual Consumption,2026-08-26T03:46:52Z
2026-08-26T03:42:24Z,2026-08-26T05:42:24+0200,e96b9d4a-1054-48fe-90c7-5f4aaf55485c,2026-08-12T20:00:00Z,2026-08-12T22:00:00+0200,0.0,MW,NL,NL,actual_solar_generation,Solar | Actual Aggregated,2026-08-26T03:46:52Z
2026-08-26T03:42:24Z,2026-08-26T05:42:24+0200,e96b9d4a-1054-48fe-90c7-5f4aaf55485c,2026-08-12T20:00:00Z,2026-08-12T22:00:00+0200,0.125,MW,NL,NL,actual_solar_generation,Solar | Actual Consumption,2026-08-26T03:46:52Z
2026-08-26T03:42:24Z,2026-08-26T05:42:24+0200,e96b9d4a-1054-48fe-90c7-5f4aaf55485c,2026-08-12T20:15:00Z,2026-08-12T22:15:00+0200,0.0,MW,NL,NL,actual_solar_generation,Solar | Actual Aggregated,2026-08-26T03:46:52Z
2026-08-26T03:42:24Z,2026-08-26T05:42:24+0200,e96b9d4a-1054-48fe-90c7-5f4aaf55485c,2026-08-12T20:15:00Z,2026-08-12T22:15:00+0200,0.125,MW,NL,NL,actual_solar_generation,Solar | Actual Consumption,2026-08-26T03:46:52Z
2026-08-26T03:42:24Z,2026-08-26T05:42:24+0200,e96b9d4a-1054-48fe-90c7-5f4aaf55485c,2026-08-12T20:30:00Z,2026-08-12T22:30:00+0200,0.0,MW,NL,NL,actual_solar_generation,Solar | Actual Aggregated,2026-08-26T03:46:52Z
2026-08-26T03:42:24Z,2026-08-26T05:42:24+0200,e96b9d4a-1054-48fe-90c7-5f4aaf55485c,2026-08-12T20:30:00Z,2026-08-12T22:30:00+0200,0.125,MW,NL,NL,actual_solar_generation,Solar | Actual Consumption,2026-08-26T03:46:52Z
2026-08-26T03:42:24Z,2026-08-26T05:42:24+0200,e96b9d4a-1054-48fe-90c7-5f4aaf55485c,2026-08-12T20:45:00Z,2026-08-12T22:45:00+0200,0.0,MW,NL,NL,actual_solar_generation,Solar | Actual Aggregated,2026-08-26T03:46:52Z
2026-08-26T03:42:24Z,2026-08-26T05:42:24+0200,e96b9d4a-1054-48fe-90c7-5f4aaf55485c,2026-08-12T20:45:00Z,2026-08-12T22:45:00+0200,0.125,MW,NL,NL,actual_solar_generation,Solar | Actual Consumption,2026-08-26T03:46:52Z
2026-08-26T03:42:24Z,2026-08-26T05:42:24+0200,e96b9d4a-1054-48fe-90c7-5f4aaf55485c,2026-08-12T21:00:00Z,2026-08-12T23:00:00+0200,0.0,MW,NL,NL,actual_solar_generation,Solar | Actual Aggregated,2026-08-26T03:46:52Z
2026-08-26T03:42:24Z,2026-08-26T05:42:24+0200,e96b9d4a-1054-48fe-90c7-5f4aaf55485c,2026-08-12T21:00:00Z,2026-08-12T23:00:00+0200,0.128,MW,NL,NL,actual_solar_generation,Solar | Actual Consumption,2026-08-26T03:46:52Z
2026-08-26T03:42:24Z,2026-08-26T05:42:24+0200,e96b9d4a-1054-48fe-90c7-5f4aaf55485c,2026-08-12T21:15:00Z,2026-08-12T23:15:00+0200,0.0,MW,NL,NL,actual_solar_generation,Solar | Actual Aggregated,2026-08-26T03:46:52Z
2026-08-26T03:42:24Z,2026-08-26T05:42:24+0200,e96b9d4a-1054-48fe-90c7-5f4aaf55485c,2026-08-12T21:15:00Z,2026-08-12T23:15:00+0200,0.134,MW,NL,NL,actual_solar_generation,Solar | Actual Consumption,2026-08-26T03:46:52Z
2026-08-26T03:42:24Z,2026-08-26T05:42:24+0200,e96b9d4a-1054-48fe-90c7-5f4aaf55485c,2026-08-12T21:30:00Z,2026-08-12T23:30:00+0200,0.0,MW,NL,NL,actual_solar_generation,Solar | Actual Aggregated,2026-08-26T03:46:52Z
2026-08-26T03:42:24Z,2026-08-26T05:42:24+0200,e96b9d4a-1054-48fe-90c7-5f4aaf55485c,2026-08-12T21:30:00Z,2026-08-12T23:30:00+0200,0.126,MW,NL,NL,actual_solar_generation,Solar | Actual Consumption,2026-08-26T03:46:52Z
2026-08-26T03:42:24Z,2026-08-26T05:42:24+0200,e96b9d4a-1054-48fe-90c7-5f4aaf55485c,2026-08-12T21:45:00Z,2026-08-12T23:45:00+0200,0.0,MW,NL,NL,actual_solar_generation,Solar | Actual Aggregated,2026-08-26T03:46:52Z
2026-08-26T03:42:24Z,2026-08-26T05:42:24+0200,e96b9d4a-1054-48fe-90c7-5f4aaf55485c,2026-08-12T21:45:00Z,2026-08-12T23:45:00+0200,0.121,MW,NL,NL,actual_solar_generation,Solar | Actual Consumption,2026-08-26T03:46:52Z
2026-08-26T03:42:24Z,2026-08-26T05:42:24+0200,e96b9d4a-1054-48fe-90c7-5f4aaf55485c,2026-08-12T22:00:00Z,2026-08-13T00:00:00+0200,0.0,MW,NL,NL,actual_solar_generation,Solar | Actual Aggregated,2026-08-26T03:46:52Z
2026-08-26T03:42:24Z,2026-08-26T05:42:24+0200,e96b9d4a-1054-48fe-90c7-5f4aaf55485c,2026-08-12T22:00:00Z,2026-08-13T00:00:00+0200,0.127,MW,NL,NL,actual_solar_generation,Solar | Actual Consumption,2026-08-26T03:46:52Z
2026-08-26T03:42:24Z,2026-08-26T05:42:24+0200,e96b9d4a-1054-48fe-90c7-5f4aaf55485c,2026-08-12T22:15:00Z,2026-08-13T00:15:00+0200,0.0,MW,NL,NL,actual_solar_generation,Solar | Actual Aggregated,2026-08-26T03:46:52Z
2026-08-26T03:42:24Z,2026-08-26T05:42:24+0200,e96b9d4a-1054-48fe-90c7-5f4aaf55485c,2026-08-12T22:15:00Z,2026-08-13T00:15:00+0200,0.127,MW,NL,NL,actual_solar_generation,Solar | Actual Consumption,2026-08-26T03:46:52Z
2026-08-26T03:42:24Z,2026-08-26T05:42:24+0200,e96b9d4a-1054-48fe-90c7-5f4aaf55485c,2026-08-12T22:30:00Z,2026-08-13T00:30:00+0200,0.0,MW,NL,NL,actual_solar_generation,Solar | Actual Aggregated,2026-08-26T03:46:52Z
2026-08-26T03:42:24Z,2026-08-26T05:42:24+0200,e96b9d4a-1054-48fe-90c7-5f4aaf55485c,2026-08-12T22:30:00Z,2026-08-13T00:30:00+0200,0.127,MW,NL,NL,actual_solar_generation,Solar | Actual Consumption,2026-08-26T03:46:52Z
2026-08-26T03:42:24Z,2026-08-26T05:42:24+0200,e96b9d4a-1054-48fe-90c7-5f4aaf55485c,2026-08-12T22:45:00Z,2026-08-13T00:45:00+0200,0.0,MW,NL,NL,actual_solar_generation,Solar | Actual Aggregated,2026-08-26T03:46:52Z
2026-08-26T03:42:24Z,2026-08-26T05:42:24+0200,e96b9d4a-1054-48fe-90c7-5f4aaf55485c,2026-08-12T22:45:00Z,2026-08-13T00:45:00+0200,0.127,MW,NL,NL,actual_solar_generation,Solar | Actual Consumption,2026-08-26T03:46:52Z
2026-08-26T03:42:24Z,2026-08-26T05:42:24+0200,e96b9d4a-1054-48fe-90c7-5f4aaf55485c,2026-08-12T23:00:00Z,2026-08-13T01:00:00+0200,0.0,MW,NL,NL,actual_solar_generation,Solar | Actual Aggregated,2026-08-26T03:46:52Z
2026-08-26T03:42:24Z,2026-08-26T05:42:24+0200,e96b9d4a-1054-48fe-90c7-5f4aaf55485c,2026-08-12T23:00:00Z,2026-08-13T01:00:00+0200,0.127,MW,NL,NL,actual_solar_generation,Solar | Actual Consumption,2026-08-26T03:46:52Z
2026-08-26T03:42:24Z,2026-08-26T05:42:24+0200,e96b9d4a-1054-48fe-90c7-5f4aaf55485c,2026-08-12T23:15:00Z,2026-08-13T01:15:00+0200,0.0,MW,NL,NL,actual_solar_generation,Solar | Actual Aggregated,2026-08-26T03:46:52Z
2026-08-26T03:42:24Z,2026-08-26T05:42:24+0200,e96b9d4a-1054-48fe-90c7-5f4aaf55485c,2026-08-12T23:15:00Z,2026-08-13T01:15:00+0200,0.127,MW,NL,NL,actual_solar_generation,Solar | Actual Consumption,2026-08-26T03:46:52Z
2026-08-26T03:42:24Z,2026-08-26T05:42:24+0200,e96b9d4a-1054-48fe-90c7-5f4aaf55485c,2026-08-12T23:30:00Z,2026-08-13T01:30:00+0200,0.0,MW,NL,NL,actual_solar_generation,Solar | Actual Aggregated,2026-08-26T03:46:52Z
2026-08-26T03:42:24Z,2026-08-26T05:42:24+0200,e96b9d4a-1054-48fe-90c7-5f4aaf55485c,2026-08-12T23:30:00Z,2026-08-13T01:30:00+0200,0.127,MW,NL,NL,actual_solar_generation,Solar | Actual Consumption,2026-08-26T03:46:52Z
2026-08-26T03:42:24Z,2026-08-26T05:42:24+0200,e96b9d4a-1054-48fe-90c7-5f4aaf55485c,2026-08-12T23:45:00Z,2026-08-13T01:45:00+0200,0.0,MW,NL,NL,actual_solar_generation,Solar | Actual Aggregated,2026-08-26T03:46:52Z
2026-08-26T03:42:24Z,2026-08-26T05:42:24+0200,e96b9d4a-1054-48fe-90c7-5f4aaf55485c,2026-08-12T23:45:00Z,2026-08-13T01:45:00+0200,0.127,MW,NL,NL,actual_solar_generation,Solar | Actual Consumption,2026-08-26T03:46:52Z
2026-08-26T03:42:24Z,2026-08-26T05:42:24+0200,e96b9d4a-1054-48fe-90c7-5f4aaf55485c,2026-08-13T00:00:00Z,2026-08-13T02:00:00+0200,0.0,MW,NL,NL,actual_solar_generation,Solar | Actual Aggregated,2026-08-26T03:46:52Z
2026-08-26T03:42:24Z,2026-08-26T05:42:24+0200,e96b9d4a-1054-48fe-90c7-5f4aaf55485c,2026-08-13T00:00:00Z,2026-08-13T02:00:00+0200,0.127,MW,NL,NL,actual_solar_generation,Solar | Actual Consumption,2026-08-26T03:46:52Z
2026-08-26T03:42:24Z,2026-08-26T05:42:24+0200,e96b9d4a-1054-48fe-90c7-5f4aaf55485c,2026-08-13T00:15:00Z,2026-08-13T02:15:00+0200,0.0,MW,NL,NL,actual_solar_generation,Solar | Actual Aggregated,2026-08-26T03:46:52Z
2026-08-26T03:42:24Z,2026-08-26T05:42:24+0200,e96b9d4a-1054-48fe-90c7-5f4aaf55485c,2026-08-13T00:15:00Z,2026-08-13T02:15:00+0200,0.127,MW,NL,NL,actual_solar_generation,Solar | Actual Consumption,2026-08-26T03:46:52Z
2026-08-26T03:42:24Z,2026-08-26T05:42:24+0200,e96b9d4a-1054-48fe-90c7-5f4aaf55485c,2026-08-13T00:30:00Z,2026-08-13T02:30:00+0200,0.0,MW,NL,NL,actual_solar_generation,Solar | Actual Aggregated,2026-08-26T03:46:52Z
2026-08-26T03:42:24Z,2026-08-26T05:42:24+0200,e96b9d4a-1054-48fe-90c7-5f4aaf55485c,2026-08-13T00:30:00Z,2026-08-13T02:30:00+0200,0.127,MW,NL,NL,actual_solar_generation,Solar | Actual Consumption,2026-08-26T03:46:52Z
2026-08-26T03:42:24Z,2026-08-26T05:42:24+0200,e96b9d4a-1054-48fe-90c7-5f4aaf55485c,2026-08-13T00:45:00Z,2026-08-13T02:45:00+0200,0.0,MW,NL,NL,actual_solar_generation,Solar | Actual Aggregated,2026-08-26T03:46:52Z
2026-08-26T03:42:24Z,2026-08-26T05:42:24+0200,e96b9d4a-1054-48fe-90c7-5f4aaf55485c,2026-08-13T00:45:00Z,2026-08-13T02:45:00+0200,0.127,MW,NL,NL,actual_solar_generation,Solar | Actual Consumption,2026-08-26T03:46:52Z
2026-08-26T03:42:24Z,2026-08-26T05:42:24+0200,e96b9d4a-1054-48fe-90c7-5f4aaf55485c,2026-08-13T01:00:00Z,2026-08-13T03:00:00+0200,0.0,MW,NL,NL,actual_solar_generation,Solar | Actual Aggregated,2026-08-26T03:46:52Z
2026-08-26T03:42:24Z,2026-08-26T05:42:24+0200,e96b9d4a-1054-48fe-90c7-5f4aaf55485c,2026-08-13T01:00:00Z,2026-08-13T03:00:00+0200,0.127,MW,NL,NL,actual_solar_generation,Solar | Actual Consumption,2026-08-26T03:46:52Z
2026-08-26T03:42:24Z,2026-08-26T05:42:24+0200,e96b9d4a-1054-48fe-90c7-5f4aaf55485c,2026-08-13T01:15:00Z,2026-08-13T03:15:00+0200,0.0,MW,NL,NL,actual_solar_generation,Solar | Actual Aggregated,2026-08-26T03:46:52Z
2026-08-26T03:42:24Z,2026-08-26T05:42:24+0200,e96b9d4a-1054-48fe-90c7-5f4aaf55485c,2026-08-13T01:15:00Z,2026-08-13T03:15:00+0200,0.114,MW,NL,NL,actual_solar_generation,Solar | Actual Consumption,2026-08-26T03:46:52Z
2026-08-26T03:42:24Z,2026-08-26T05:42:24+0200,e96b9d4a-1054-48fe-90c7-5f4aaf55485c,2026-08-13T01:30:00Z,2026-08-13T03:30:00+0200,0.0,MW,NL,NL,actual_solar_generation,Solar | Actual Aggregated,2026-08-26T03:46:52Z
2026-08-26T03:42:24Z,2026-08-26T05:42:24+0200,e96b9d4a-1054-48fe-90c7-5f4aaf55485c,2026-08-13T01:30:00Z,2026-08-13T03:30:00+0200,0.117,MW,NL,NL,actual_solar_generation,Solar | Actual Consumption,2026-08-26T03:46:52Z
2026-08-26T03:42:24Z,2026-08-26T05:42:24+0200,e96b9d4a-1054-48fe-90c7-5f4aaf55485c,2026-08-13T01:45:00Z,2026-08-13T03:45:00+0200,0.0,MW,NL,NL,actual_solar_generation,Solar | Actual Aggregated,2026-08-26T03:46:52Z
2026-08-26T03:42:24Z,2026-08-26T05:42:24+0200,e96b9d4a-1054-48fe-90c7-5f4aaf55485c,2026-08-13T01:45:00Z,2026-08-13T03:45:00+0200,0.118,MW,NL,NL,actual_solar_generation,Solar | Actual Consumption,2026-08-26T03:46:52Z
2026-08-26T03:42:24Z,2026-08-26T05:42:24+0200,e96b9d4a-1054-48fe-90c7-5f4aaf55485c,2026-08-13T02:00:00Z,2026-08-13T04:00:00+0200,0.0,MW,NL,NL,actual_solar_generation,Solar | Actual Aggregated,2026-08-26T03:46:52Z
2026-08-26T03:42:24Z,2026-08-26T05:42:24+0200,e96b9d4a-1054-48fe-90c7-5f4aaf55485c,2026-08-13T02:00:00Z,2026-08-13T04:00:00+0200,0.131,MW,NL,NL,actual_solar_generation,Solar | Actual Consumption,2026-08-26T03:46:52Z
2026-08-26T03:42:24Z,2026-08-26T05:42:24+0200,e96b9d4a-1054-48fe-90c7-5f4aaf55485c,2026-08-13T02:15:00Z,2026-08-13T04:15:00+0200,0.0,MW,NL,NL,actual_solar_generation,Solar | Actual Aggregated,2026-08-26T03:46:52Z
2026-08-26T03:42:24Z,2026-08-26T05:42:24+0200,e96b9d4a-1054-48fe-90c7-5f4aaf55485c,2026-08-13T02:15:00Z,2026-08-13T04:15:00+0200,0.127,MW,NL,NL,actual_solar_generation,Solar | Actual Consumption,2026-08-26T03:46:52Z
2026-08-26T03:42:24Z,2026-08-26T05:42:24+0200,e96b9d4a-1054-48fe-90c7-5f4aaf55485c,2026-08-13T02:30:00Z,2026-08-13T04:30:00+0200,0.0,MW,NL,NL,actual_solar_generation,Solar | Actual Aggregated,2026-08-26T03:46:52Z
2026-08-26T03:42:24Z,2026-08-26T05:42:24+0200,e96b9d4a-1054-48fe-90c7-5f4aaf55485c,2026-08-13T02:30:00Z,2026-08-13T04:30:00+0200,0.122,MW,NL,NL,actual_solar_generation,Solar | Actual Consumption,2026-08-26T03:46:52Z
2026-08-26T03:42:24Z,2026-08-26T05:42:24+0200,e96b9d4a-1054-48fe-90c7-5f4aaf55485c,2026-08-13T02:45:00Z,2026-08-13T04:45:00+0200,0.0,MW,NL,NL,actual_solar_generation,Solar | Actual Aggregated,2026-08-26T03:46:52Z
2026-08-26T03:42:24Z,2026-08-26T05:42:24+0200,e96b9d4a-1054-48fe-90c7-5f4aaf55485c,2026-08-13T02:45:00Z,2026-08-13T04:45:00+0200,0.122,MW,NL,NL,actual_solar_generation,Solar | Actual Consumption,2026-08-26T03:46:52Z
2026-08-26T03:42:24Z,2026-08-26T05:42:24+0200,e96b9d4a-1054-48fe-90c7-5f4aaf55485c,2026-08-13T03:00:00Z,2026-08-13T05:00:00+0200,0.0,MW,NL,NL,actual_solar_generation,Solar | Actual Aggregated,2026-08-26T03:46:52Z
2026-08-26T03:42:24Z,2026-08-26T05:42:24+0200,e96b9d4a-1054-48fe-90c7-5f4aaf55485c,2026-08-13T03:00:00Z,2026-08-13T05:00:00+0200,0.122,MW,NL,NL,actual_solar_generation,Solar | Actual Consumption,2026-08-26T03:46:52Z
2026-08-26T03:42:24Z,2026-08-26T05:42:24+0200,e96b9d4a-1054-48fe-90c7-5f4aaf55485c,2026-08-13T03:15:00Z,2026-08-13T05:15:00+0200,0.0,MW,NL,NL,actual_solar_generation,Solar | Actual Aggregated,2026-08-26T03:46:52Z
2026-08-26T03:42:24Z,2026-08-26T05:42:24+0200,e96b9d4a-1054-48fe-90c7-5f4aaf55485c,2026-08-13T03:15:00Z,2026-08-13T05:15:00+0200,0.125,MW,NL,NL,actual_solar_generation,Solar | Actual Consumption,2026-08-26T03:46:52Z
2026-08-26T03:42:24Z,2026-08-26T05:42:24+0200,e96b9d4a-1054-48fe-90c7-5f4aaf55485c,2026-08-13T03:30:00Z,2026-08-13T05:30:00+0200,0.0,MW,NL,NL,actual_solar_generation,Solar | Actual Aggregated,2026-08-26T03:46:52Z
2026-08-26T03:42:24Z,2026-08-26T05:42:24+0200,e96b9d4a-1054-48fe-90c7-5f4aaf55485c,2026-08-13T03:30:00Z,2026-08-13T05:30:00+0200,0.127,MW,NL,NL,actual_solar_generation,Solar | Actual Consumption,2026-08-26T03:46:52Z
2026-08-26T03:42:24Z,2026-08-26T05:42:24+0200,e96b9d4a-1054-48fe-90c7-5f4aaf55485c,2026-08-13T03:45:00Z,2026-08-13T05:45:00+0200,0.0,MW,NL,NL,actual_solar_generation,Solar | Actual Aggregated,2026-08-26T03:46:52Z
2026-08-26T03:42:24Z,2026-08-26T05:42:24+0200,e96b9d4a-1054-48fe-90c7-5f4aaf55485c,2026-08-13T03:45:00Z,2026-08-13T05:45:00+0200,0.127,MW,NL,NL,actual_solar_generation,Solar | Actual Consumption,2026-08-26T03:46:52Z
2026-08-26T03:42:24Z,2026-08-26T05:42:24+0200,e96b9d4a-1054-48fe-90c7-5f4aaf55485c,2026-08-13T04:00:00Z,2026-08-13T06:00:00+0200,0.0,MW,NL,NL,actual_solar_generation,Solar | Actual Aggregated,2026-08-26T03:46:52Z
2026-08-26T03:42:24Z,2026-08-26T05:42:24+0200,e96b9d4a-1054-48fe-90c7-5f4aaf55485c,2026-08-13T04:00:00Z,2026-08-13T06:00:00+0200,0.127,MW,NL,NL,actual_solar_generation,Solar | Actual Consumption,2026-08-26T03:46:52Z
2026-08-26T03:42:24Z,2026-08-26T05:42:24+0200,e96b9d4a-1054-48fe-90c7-5f4aaf55485c,2026-08-13T04:15:00Z,2026-08-13T06:15:00+0200,0.535,MW,NL,NL,actual_solar_generation,Solar | Actual Aggregated,2026-08-26T03:46:52Z
2026-08-26T03:42:24Z,2026-08-26T05:42:24+0200,e96b9d4a-1054-48fe-90c7-5f4aaf55485c,2026-08-13T04:15:00Z,2026-08-13T06:15:00+0200,0.0,MW,NL,NL,actual_solar_generation,Solar | Actual Consumption,2026-08-26T03:46:52Z
2026-08-26T03:42:24Z,2026-08-26T05:42:24+0200,e96b9d4a-1054-48fe-90c7-5f4aaf55485c,2026-08-13T04:30:00Z,2026-08-13T06:30:00+0200,4.653,MW,NL,NL,actual_solar_generation,Solar | Actual Aggregated,2026-08-26T03:46:52Z
2026-08-26T03:42:24Z,2026-08-26T05:42:24+0200,e96b9d4a-1054-48fe-90c7-5f4aaf55485c,2026-08-13T04:30:00Z,2026-08-13T06:30:00+0200,0.0,MW,NL,NL,actual_solar_generation,Solar | Actual Consumption,2026-08-26T03:46:52Z
2026-08-26T03:42:24Z,2026-08-26T05:42:24+0200,e96b9d4a-1054-48fe-90c7-5f4aaf55485c,2026-08-13T04:45:00Z,2026-08-13T06:45:00+0200,7.869,MW,NL,NL,actual_solar_generation,Solar | Actual Aggregated,2026-08-26T03:46:52Z
2026-08-26T03:42:24Z,2026-08-26T05:42:24+0200,e96b9d4a-1054-48fe-90c7-5f4aaf55485c,2026-08-13T04:45:00Z,2026-08-13T06:45:00+0200,0.0,MW,NL,NL,actual_solar_generation,Solar | Actual Consumption,2026-08-26T03:46:52Z
2026-08-26T03:42:24Z,2026-08-26T05:42:24+0200,e96b9d4a-1054-48fe-90c7-5f4aaf55485c,2026-08-13T05:00:00Z,2026-08-13T07:00:00+0200,12.84,MW,NL,NL,actual_solar_generation,Solar | Actual Aggregated,2026-08-26T03:46:52Z
2026-08-26T03:42:24Z,2026-08-26T05:42:24+0200,e96b9d4a-1054-48fe-90c7-5f4aaf55485c,2026-08-13T05:00:00Z,2026-08-13T07:00:00+0200,0.0,MW,NL,NL,actual_solar_generation,Solar | Actual Consumption,2026-08-26T03:46:52Z
2026-08-26T03:42:24Z,2026-08-26T05:42:24+0200,e96b9d4a-1054-48fe-90c7-5f4aaf55485c,2026-08-13T05:15:00Z,2026-08-13T07:15:00+0200,20.117,MW,NL,NL,actual_solar_generation,Solar | Actual Aggregated,2026-08-26T03:46:52Z
2026-08-26T03:42:24Z,2026-08-26T05:42:24+0200,e96b9d4a-1054-48fe-90c7-5f4aaf55485c,2026-08-13T05:15:00Z,2026-08-13T07:15:00+0200,0.0,MW,NL,NL,actual_solar_generation,Solar | Actual Consumption,2026-08-26T03:46:52Z
2026-08-26T03:42:24Z,2026-08-26T05:42:24+0200,e96b9d4a-1054-48fe-90c7-5f4aaf55485c,2026-08-13T05:30:00Z,2026-08-13T07:30:00+0200,29.622,MW,NL,NL,actual_solar_generation,Solar | Actual Aggregated,2026-08-26T03:46:52Z
2026-08-26T03:42:24Z,2026-08-26T05:42:24+0200,e96b9d4a-1054-48fe-90c7-5f4aaf55485c,2026-08-13T05:30:00Z,2026-08-13T07:30:00+0200,0.0,MW,NL,NL,actual_solar_generation,Solar | Actual Consumption,2026-08-26T03:46:52Z
2026-08-26T03:42:24Z,2026-08-26T05:42:24+0200,e96b9d4a-1054-48fe-90c7-5f4aaf55485c,2026-08-13T05:45:00Z,2026-08-13T07:45:00+0200,41.152,MW,NL,NL,actual_solar_generation,Solar | Actual Aggregated,2026-08-26T03:46:52Z
2026-08-26T03:42:24Z,2026-08-26T05:42:24+0200,e96b9d4a-1054-48fe-90c7-5f4aaf55485c,2026-08-13T05:45:00Z,2026-08-13T07:45:00+0200,0.0,MW,NL,NL,actual_solar_generation,Solar | Actual Consumption,2026-08-26T03:46:52Z
2026-08-26T03:42:24Z,2026-08-26T05:42:24+0200,e96b9d4a-1054-48fe-90c7-5f4aaf55485c,2026-08-13T06:00:00Z,2026-08-13T08:00:00+0200,54.145,MW,NL,NL,actual_solar_generation,Solar | Actual Aggregated,2026-08-26T03:46:52Z
2026-08-26T03:42:24Z,2026-08-26T05:42:24+0200,e96b9d4a-1054-48fe-90c7-5f4aaf55485c,2026-08-13T06:00:00Z,2026-08-13T08:00:00+0200,0.0,MW,NL,NL,actual_solar_generation,Solar | Actual Consumption,2026-08-26T03:46:52Z
2026-08-26T03:42:24Z,2026-08-26T05:42:24+0200,e96b9d4a-1054-48fe-90c7-5f4aaf55485c,2026-08-13T06:15:00Z,2026-08-13T08:15:00+0200,68.665,MW,NL,NL,actual_solar_generation,Solar | Actual Aggregated,2026-08-26T03:46:52Z
2026-08-26T03:42:24Z,2026-08-26T05:42:24+0200,e96b9d4a-1054-48fe-90c7-5f4aaf55485c,2026-08-13T06:15:00Z,2026-08-13T08:15:00+0200,0.0,MW,NL,NL,actual_solar_generation,Solar | Actual Consumption,2026-08-26T03:46:52Z
2026-08-26T03:42:24Z,2026-08-26T05:42:24+0200,e96b9d4a-1054-48fe-90c7-5f4aaf55485c,2026-08-13T06:30:00Z,2026-08-13T08:30:00+0200,83.507,MW,NL,NL,actual_solar_generation,Solar | Actual Aggregated,2026-08-26T03:46:52Z
2026-08-26T03:42:24Z,2026-08-26T05:42:24+0200,e96b9d4a-1054-48fe-90c7-5f4aaf55485c,2026-08-13T06:30:00Z,2026-08-13T08:30:00+0200,0.0,MW,NL,NL,actual_solar_generation,Solar | Actual Consumption,2026-08-26T03:46:52Z
2026-08-26T03:42:24Z,2026-08-26T05:42:24+0200,e96b9d4a-1054-48fe-90c7-5f4aaf55485c,2026-08-13T06:45:00Z,2026-08-13T08:45:00+0200,98.599,MW,NL,NL,actual_solar_generation,Solar | Actual Aggregated,2026-08-26T03:46:52Z
2026-08-26T03:42:24Z,2026-08-26T05:42:24+0200,e96b9d4a-1054-48fe-90c7-5f4aaf55485c,2026-08-13T06:45:00Z,2026-08-13T08:45:00+0200,0.0,MW,NL,NL,actual_solar_generation,Solar | Actual Consumption,2026-08-26T03:46:52Z
2026-08-26T03:42:24Z,2026-08-26T05:42:24+0200,e96b9d4a-1054-48fe-90c7-5f4aaf55485c,2026-08-13T07:00:00Z,2026-08-13T09:00:00+0200,113.415,MW,NL,NL,actual_solar_generation,Solar | Actual Aggregated,2026-08-26T03:46:52Z
2026-08-26T03:42:24Z,2026-08-26T05:42:24+0200,e96b9d4a-1054-48fe-90c7-5f4aaf55485c,2026-08-13T07:00:00Z,2026-08-13T09:00:00+0200,0.0,MW,NL,NL,actual_solar_generation,Solar | Actual Consumption,2026-08-26T03:46:52Z
2026-08-26T03:42:24Z,2026-08-26T05:42:24+0200,e96b9d4a-1054-48fe-90c7-5f4aaf55485c,2026-08-13T07:15:00Z,2026-08-13T09:15:00+0200,128.115,MW,NL,NL,actual_solar_generation,Solar | Actual Aggregated,2026-08-26T03:46:52Z
2026-08-26T03:42:24Z,2026-08-26T05:42:24+0200,e96b9d4a-1054-48fe-90c7-5f4aaf55485c,2026-08-13T07:15:00Z,2026-08-13T09:15:00+0200,0.0,MW,NL,NL,actual_solar_generation,Solar | Actual Consumption,2026-08-26T03:46:52Z
2026-08-26T03:42:24Z,2026-08-26T05:42:24+0200,e96b9d4a-1054-48fe-90c7-5f4aaf55485c,2026-08-13T07:30:00Z,2026-08-13T09:30:00+0200,142.308,MW,NL,NL,actual_solar_generation,Solar | Actual Aggregated,2026-08-26T03:46:52Z
2026-08-26T03:42:24Z,2026-08-26T05:42:24+0200,e96b9d4a-1054-48fe-90c7-5f4aaf55485c,2026-08-13T07:30:00Z,2026-08-13T09:30:00+0200,0.0,MW,NL,NL,actual_solar_generation,Solar | Actual Consumption,2026-08-26T03:46:52Z
2026-08-26T03:42:24Z,2026-08-26T05:42:24+0200,e96b9d4a-1054-48fe-90c7-5f4aaf55485c,2026-08-13T07:45:00Z,2026-08-13T09:45:00+0200,155.351,MW,NL,NL,actual_solar_generation,Solar | Actual Aggregated,2026-08-26T03:46:52Z
2026-08-26T03:42:24Z,2026-08-26T05:42:24+0200,e96b9d4a-1054-48fe-90c7-5f4aaf55485c,2026-08-13T07:45:00Z,2026-08-13T09:45:00+0200,0.0,MW,NL,NL,actual_solar_generation,Solar | Actual Consumption,2026-08-26T03:46:52Z
2026-08-26T03:42:24Z,2026-08-26T05:42:24+0200,e96b9d4a-1054-48fe-90c7-5f4aaf55485c,2026-08-13T08:00:00Z,2026-08-13T10:00:00+0200,167.639,MW,NL,NL,actual_solar_generation,Solar | Actual Aggregated,2026-08-26T03:46:52Z
2026-08-26T03:42:24Z,2026-08-26T05:42:24+0200,e96b9d4a-1054-48fe-90c7-5f4aaf55485c,2026-08-13T08:00:00Z,2026-08-13T10:00:00+0200,0.0,MW,NL,NL,actual_solar_generation,Solar | Actual Consumption,2026-08-26T03:46:52Z
2026-08-26T03:42:24Z,2026-08-26T05:42:24+0200,e96b9d4a-1054-48fe-90c7-5f4aaf55485c,2026-08-13T08:15:00Z,2026-08-13T10:15:00+0200,179.115,MW,NL,NL,actual_solar_generation,Solar | Actual Aggregated,2026-08-26T03:46:52Z
2026-08-26T03:42:24Z,2026-08-26T05:42:24+0200,e96b9d4a-1054-48fe-90c7-5f4aaf55485c,2026-08-13T08:15:00Z,2026-08-13T10:15:00+0200,0.0,MW,NL,NL,actual_solar_generation,Solar | Actual Consumption,2026-08-26T03:46:52Z
2026-08-26T03:42:24Z,2026-08-26T05:42:24+0200,e96b9d4a-1054-48fe-90c7-5f4aaf55485c,2026-08-13T08:30:00Z,2026-08-13T10:30:00+0200,189.493,MW,NL,NL,actual_solar_generation,Solar | Actual Aggregated,2026-08-26T03:46:52Z
2026-08-26T03:42:24Z,2026-08-26T05:42:24+0200,e96b9d4a-1054-48fe-90c7-5f4aaf55485c,2026-08-13T08:30:00Z,2026-08-13T10:30:00+0200,0.0,MW,NL,NL,actual_solar_generation,Solar | Actual Consumption,2026-08-26T03:46:52Z
2026-08-26T03:42:24Z,2026-08-26T05:42:24+0200,e96b9d4a-1054-48fe-90c7-5f4aaf55485c,2026-08-13T08:45:00Z,2026-08-13T10:45:00+0200,198.788,MW,NL,NL,actual_solar_generation,Solar | Actual Aggregated,2026-08-26T03:46:52Z
2026-08-26T03:42:24Z,2026-08-26T05:42:24+0200,e96b9d4a-1054-48fe-90c7-5f4aaf55485c,2026-08-13T08:45:00Z,2026-08-13T10:45:00+0200,0.0,MW,NL,NL,actual_solar_generation,Solar | Actual Consumption,2026-08-26T03:46:52Z
2026-08-26T03:42:24Z,2026-08-26T05:42:24+0200,e96b9d4a-1054-48fe-90c7-5f4aaf55485c,2026-08-13T09:00:00Z,2026-08-13T11:00:00+0200,207.452,MW,NL,NL,actual_solar_generation,Solar | Actual Aggregated,2026-08-26T03:46:52Z
2026-08-26T03:42:24Z,2026-08-26T05:42:24+0200,e96b9d4a-1054-48fe-90c7-5f4aaf55485c,2026-08-13T09:00:00Z,2026-08-13T11:00:00+0200,0.0,MW,NL,NL,actual_solar_generation,Solar | Actual Consumption,2026-08-26T03:46:52Z
2026-08-26T03:42:24Z,2026-08-26T05:42:24+0200,e96b9d4a-1054-48fe-90c7-5f4aaf55485c,2026-08-13T09:15:00Z,2026-08-13T11:15:00+0200,214.094,MW,NL,NL,actual_solar_generation,Solar | Actual Aggregated,2026-08-26T03:46:52Z
2026-08-26T03:42:24Z,2026-08-26T05:42:24+0200,e96b9d4a-1054-48fe-90c7-5f4aaf55485c,2026-08-13T09:15:00Z,2026-08-13T11:15:00+0200,0.0,MW,NL,NL,actual_solar_generation,Solar | Actual Consumption,2026-08-26T03:46:52Z
2026-08-26T03:42:24Z,2026-08-26T05:42:24+0200,e96b9d4a-1054-48fe-90c7-5f4aaf55485c,2026-08-13T09:30:00Z,2026-08-13T11:30:00+0200,221.775,MW,NL,NL,actual_solar_generation,Solar | Actual Aggregated,2026-08-26T03:46:52Z
2026-08-26T03:42:24Z,2026-08-26T05:42:24+0200,e96b9d4a-1054-48fe-90c7-5f4aaf55485c,2026-08-13T09:30:00Z,2026-08-13T11:30:00+0200,0.0,MW,NL,NL,actual_solar_generation,Solar | Actual Consumption,2026-08-26T03:46:52Z
2026-08-26T03:42:24Z,2026-08-26T05:42:24+0200,e96b9d4a-1054-48fe-90c7-5f4aaf55485c,2026-08-13T09:45:00Z,2026-08-13T11:45:00+0200,228.481,MW,NL,NL,actual_solar_generation,Solar | Actual Aggregated,2026-08-26T03:46:52Z
2026-08-26T03:42:24Z,2026-08-26T05:42:24+0200,e96b9d4a-1054-48fe-90c7-5f4aaf55485c,2026-08-13T09:45:00Z,2026-08-13T11:45:00+0200,0.0,MW,NL,NL,actual_solar_generation,Solar | Actual Consumption,2026-08-26T03:46:52Z
2026-08-26T03:42:24Z,2026-08-26T05:42:24+0200,e96b9d4a-1054-48fe-90c7-5f4aaf55485c,2026-08-13T10:00:00Z,2026-08-13T12:00:00+0200,232.67,MW,NL,NL,actual_solar_generation,Solar | Actual Aggregated,2026-08-26T03:46:52Z
2026-08-26T03:42:24Z,2026-08-26T05:42:24+0200,e96b9d4a-1054-48fe-90c7-5f4aaf55485c,2026-08-13T10:00:00Z,2026-08-13T12:00:00+0200,0.0,MW,NL,NL,actual_solar_generation,Solar | Actual Consumption,2026-08-26T03:46:52Z
2026-08-26T03:42:24Z,2026-08-26T05:42:24+0200,e96b9d4a-1054-48fe-90c7-5f4aaf55485c,2026-08-13T10:15:00Z,2026-08-13T12:15:00+0200,236.24,MW,NL,NL,actual_solar_generation,Solar | Actual Aggregated,2026-08-26T03:46:52Z
2026-08-26T03:42:24Z,2026-08-26T05:42:24+0200,e96b9d4a-1054-48fe-90c7-5f4aaf55485c,2026-08-13T10:15:00Z,2026-08-13T12:15:00+0200,0.0,MW,NL,NL,actual_solar_generation,Solar | Actual Consumption,2026-08-26T03:46:52Z
2026-08-26T03:42:24Z,2026-08-26T05:42:24+0200,e96b9d4a-1054-48fe-90c7-5f4aaf55485c,2026-08-13T10:30:00Z,2026-08-13T12:30:00+0200,237.959,MW,NL,NL,actual_solar_generation,Solar | Actual Aggregated,2026-08-26T03:46:52Z
2026-08-26T03:42:24Z,2026-08-26T05:42:24+0200,e96b9d4a-1054-48fe-90c7-5f4aaf55485c,2026-08-13T10:30:00Z,2026-08-13T12:30:00+0200,0.0,MW,NL,NL,actual_solar_generation,Solar | Actual Consumption,2026-08-26T03:46:52Z
2026-08-26T03:42:24Z,2026-08-26T05:42:24+0200,e96b9d4a-1054-48fe-90c7-5f4aaf55485c,2026-08-13T10:45:00Z,2026-08-13T12:45:00+0200,239.022,MW,NL,NL,actual_solar_generation,Solar | Actual Aggregated,2026-08-26T03:46:52Z
2026-08-26T03:42:24Z,2026-08-26T05:42:24+0200,e96b9d4a-1054-48fe-90c7-5f4aaf55485c,2026-08-13T10:45:00Z,2026-08-13T12:45:00+0200,0.0,MW,NL,NL,actual_solar_generation,Solar | Actual Consumption,2026-08-26T03:46:52Z
2026-08-26T03:42:24Z,2026-08-26T05:42:24+0200,e96b9d4a-1054-48fe-90c7-5f4aaf55485c,2026-08-13T11:00:00Z,2026-08-13T13:00:00+0200,239.887,MW,NL,NL,actual_solar_generation,Solar | Actual Aggregated,2026-08-26T03:46:52Z
2026-08-26T03:42:24Z,2026-08-26T05:42:24+0200,e96b9d4a-1054-48fe-90c7-5f4aaf55485c,2026-08-13T11:00:00Z,2026-08-13T13:00:00+0200,0.0,MW,NL,NL,actual_solar_generation,Solar | Actual Consumption,2026-08-26T03:46:52Z
2026-08-26T03:42:24Z,2026-08-26T05:42:24+0200,e96b9d4a-1054-48fe-90c7-5f4aaf55485c,2026-08-13T11:15:00Z,2026-08-13T13:15:00+0200,239.85,MW,NL,NL,actual_solar_generation,Solar | Actual Aggregated,2026-08-26T03:46:52Z
2026-08-26T03:42:24Z,2026-08-26T05:42:24+0200,e96b9d4a-1054-48fe-90c7-5f4aaf55485c,2026-08-13T11:15:00Z,2026-08-13T13:15:00+0200,0.0,MW,NL,NL,actual_solar_generation,Solar | Actual Consumption,2026-08-26T03:46:52Z
2026-08-26T03:42:24Z,2026-08-26T05:42:24+0200,e96b9d4a-1054-48fe-90c7-5f4aaf55485c,2026-08-13T11:30:00Z,2026-08-13T13:30:00+0200,240.234,MW,NL,NL,actual_solar_generation,Solar | Actual Aggregated,2026-08-26T03:46:52Z
2026-08-26T03:42:24Z,2026-08-26T05:42:24+0200,e96b9d4a-1054-48fe-90c7-5f4aaf55485c,2026-08-13T11:30:00Z,2026-08-13T13:30:00+0200,0.0,MW,NL,NL,actual_solar_generation,Solar | Actual Consumption,2026-08-26T03:46:52Z
2026-08-26T03:42:24Z,2026-08-26T05:42:24+0200,e96b9d4a-1054-48fe-90c7-5f4aaf55485c,2026-08-13T11:45:00Z,2026-08-13T13:45:00+0200,239.797,MW,NL,NL,actual_solar_generation,Solar | Actual Aggregated,2026-08-26T03:46:52Z
2026-08-26T03:42:24Z,2026-08-26T05:42:24+0200,e96b9d4a-1054-48fe-90c7-5f4aaf55485c,2026-08-13T11:45:00Z,2026-08-13T13:45:00+0200,0.0,MW,NL,NL,actual_solar_generation,Solar | Actual Consumption,2026-08-26T03:46:52Z
2026-08-26T03:42:24Z,2026-08-26T05:42:24+0200,e96b9d4a-1054-48fe-90c7-5f4aaf55485c,2026-08-13T12:00:00Z,2026-08-13T14:00:00+0200,238.462,MW,NL,NL,actual_solar_generation,Solar | Actual Aggregated,2026-08-26T03:46:52Z
2026-08-26T03:42:24Z,2026-08-26T05:42:24+0200,e96b9d4a-1054-48fe-90c7-5f4aaf55485c,2026-08-13T12:00:00Z,2026-08-13T14:00:00+0200,0.0,MW,NL,NL,actual_solar_generation,Solar | Actual Consumption,2026-08-26T03:46:52Z
2026-08-26T03:42:24Z,2026-08-26T05:42:24+0200,e96b9d4a-1054-48fe-90c7-5f4aaf55485c,2026-08-13T12:15:00Z,2026-08-13T14:15:00+0200,236.305,MW,NL,NL,actual_solar_generation,Solar | Actual Aggregated,2026-08-26T03:46:52Z
2026-08-26T03:42:24Z,2026-08-26T05:42:24+0200,e96b9d4a-1054-48fe-90c7-5f4aaf55485c,2026-08-13T12:15:00Z,2026-08-13T14:15:00+0200,0.0,MW,NL,NL,actual_solar_generation,Solar | Actual Consumption,2026-08-26T03:46:52Z
2026-08-26T03:42:24Z,2026-08-26T05:42:24+0200,e96b9d4a-1054-48fe-90c7-5f4aaf55485c,2026-08-13T12:30:00Z,2026-08-13T14:30:00+0200,234.742,MW,NL,NL,actual_solar_generation,Solar | Actual Aggregated,2026-08-26T03:46:52Z
2026-08-26T03:42:24Z,2026-08-26T05:42:24+0200,e96b9d4a-1054-48fe-90c7-5f4aaf55485c,2026-08-13T12:30:00Z,2026-08-13T14:30:00+0200,0.0,MW,NL,NL,actual_solar_generation,Solar | Actual Consumption,2026-08-26T03:46:52Z
2026-08-26T03:42:24Z,2026-08-26T05:42:24+0200,e96b9d4a-1054-48fe-90c7-5f4aaf55485c,2026-08-13T12:45:00Z,2026-08-13T14:45:00+0200,232.404,MW,NL,NL,actual_solar_generation,Solar | Actual Aggregated,2026-08-26T03:46:52Z
2026-08-26T03:42:24Z,2026-08-26T05:42:24+0200,e96b9d4a-1054-48fe-90c7-5f4aaf55485c,2026-08-13T12:45:00Z,2026-08-13T14:45:00+0200,0.0,MW,NL,NL,actual_solar_generation,Solar | Actual Consumption,2026-08-26T03:46:52Z
2026-08-26T03:42:24Z,2026-08-26T05:42:24+0200,e96b9d4a-1054-48fe-90c7-5f4aaf55485c,2026-08-13T13:00:00Z,2026-08-13T15:00:00+0200,229.271,MW,NL,NL,actual_solar_generation,Solar | Actual Aggregated,2026-08-26T03:46:52Z
2026-08-26T03:42:24Z,2026-08-26T05:42:24+0200,e96b9d4a-1054-48fe-90c7-5f4aaf55485c,2026-08-13T13:00:00Z,2026-08-13T15:00:00+0200,0.0,MW,NL,NL,actual_solar_generation,Solar | Actual Consumption,2026-08-26T03:46:52Z
2026-08-26T03:42:24Z,2026-08-26T05:42:24+0200,e96b9d4a-1054-48fe-90c7-5f4aaf55485c,2026-08-13T13:15:00Z,2026-08-13T15:15:00+0200,224.701,MW,NL,NL,actual_solar_generation,Solar | Actual Aggregated,2026-08-26T03:46:52Z
2026-08-26T03:42:24Z,2026-08-26T05:42:24+0200,e96b9d4a-1054-48fe-90c7-5f4aaf55485c,2026-08-13T13:15:00Z,2026-08-13T15:15:00+0200,0.0,MW,NL,NL,actual_solar_generation,Solar | Actual Consumption,2026-08-26T03:46:52Z
2026-08-26T03:42:24Z,2026-08-26T05:42:24+0200,e96b9d4a-1054-48fe-90c7-5f4aaf55485c,2026-08-13T13:30:00Z,2026-08-13T15:30:00+0200,219.841,MW,NL,NL,actual_solar_generation,Solar | Actual Aggregated,2026-08-26T03:46:52Z
2026-08-26T03:42:24Z,2026-08-26T05:42:24+0200,e96b9d4a-1054-48fe-90c7-5f4aaf55485c,2026-08-13T13:30:00Z,2026-08-13T15:30:00+0200,0.0,MW,NL,NL,actual_solar_generation,Solar | Actual Consumption,2026-08-26T03:46:52Z
2026-08-26T03:42:24Z,2026-08-26T05:42:24+0200,e96b9d4a-1054-48fe-90c7-5f4aaf55485c,2026-08-13T13:45:00Z,2026-08-13T15:45:00+0200,212.04,MW,NL,NL,actual_solar_generation,Solar | Actual Aggregated,2026-08-26T03:46:52Z
2026-08-26T03:42:24Z,2026-08-26T05:42:24+0200,e96b9d4a-1054-48fe-90c7-5f4aaf55485c,2026-08-13T13:45:00Z,2026-08-13T15:45:00+0200,0.0,MW,NL,NL,actual_solar_generation,Solar | Actual Consumption,2026-08-26T03:46:52Z
2026-08-26T03:42:24Z,2026-08-26T05:42:24+0200,e96b9d4a-1054-48fe-90c7-5f4aaf55485c,2026-08-13T14:00:00Z,2026-08-13T16:00:00+0200,204.097,MW,NL,NL,actual_solar_generation,Solar | Actual Aggregated,2026-08-26T03:46:52Z
2026-08-26T03:42:24Z,2026-08-26T05:42:24+0200,e96b9d4a-1054-48fe-90c7-5f4aaf55485c,2026-08-13T14:00:00Z,2026-08-13T16:00:00+0200,0.0,MW,NL,NL,actual_solar_generation,Solar | Actual Consumption,2026-08-26T03:46:52Z
2026-08-26T03:42:24Z,2026-08-26T05:42:24+0200,e96b9d4a-1054-48fe-90c7-5f4aaf55485c,2026-08-13T14:15:00Z,2026-08-13T16:15:00+0200,196.217,MW,NL,NL,actual_solar_generation,Solar | Actual Aggregated,2026-08-26T03:46:52Z
2026-08-26T03:42:24Z,2026-08-26T05:42:24+0200,e96b9d4a-1054-48fe-90c7-5f4aaf55485c,2026-08-13T14:15:00Z,2026-08-13T16:15:00+0200,0.0,MW,NL,NL,actual_solar_generation,Solar | Actual Consumption,2026-08-26T03:46:52Z
2026-08-26T03:42:24Z,2026-08-26T05:42:24+0200,e96b9d4a-1054-48fe-90c7-5f4aaf55485c,2026-08-13T14:30:00Z,2026-08-13T16:30:00+0200,186.684,MW,NL,NL,actual_solar_generation,Solar | Actual Aggregated,2026-08-26T03:46:52Z
2026-08-26T03:42:24Z,2026-08-26T05:42:24+0200,e96b9d4a-1054-48fe-90c7-5f4aaf55485c,2026-08-13T14:30:00Z,2026-08-13T16:30:00+0200,0.0,MW,NL,NL,actual_solar_generation,Solar | Actual Consumption,2026-08-26T03:46:52Z
2026-08-26T03:42:24Z,2026-08-26T05:42:24+0200,e96b9d4a-1054-48fe-90c7-5f4aaf55485c,2026-08-13T14:45:00Z,2026-08-13T16:45:00+0200,176.529,MW,NL,NL,actual_solar_generation,Solar | Actual Aggregated,2026-08-26T03:46:52Z
2026-08-26T03:42:24Z,2026-08-26T05:42:24+0200,e96b9d4a-1054-48fe-90c7-5f4aaf55485c,2026-08-13T14:45:00Z,2026-08-13T16:45:00+0200,0.0,MW,NL,NL,actual_solar_generation,Solar | Actual Consumption,2026-08-26T03:46:52Z
2026-08-26T03:42:24Z,2026-08-26T05:42:24+0200,e96b9d4a-1054-48fe-90c7-5f4aaf55485c,2026-08-13T15:00:00Z,2026-08-13T17:00:00+0200,164.875,MW,NL,NL,actual_solar_generation,Solar | Actual Aggregated,2026-08-26T03:46:52Z
2026-08-26T03:42:24Z,2026-08-26T05:42:24+0200,e96b9d4a-1054-48fe-90c7-5f4aaf55485c,2026-08-13T15:00:00Z,2026-08-13T17:00:00+0200,0.0,MW,NL,NL,actual_solar_generation,Solar | Actual Consumption,2026-08-26T03:46:52Z
2026-08-26T03:42:24Z,2026-08-26T05:42:24+0200,e96b9d4a-1054-48fe-90c7-5f4aaf55485c,2026-08-13T15:15:00Z,2026-08-13T17:15:00+0200,152.515,MW,NL,NL,actual_solar_generation,Solar | Actual Aggregated,2026-08-26T03:46:52Z
2026-08-26T03:42:24Z,2026-08-26T05:42:24+0200,e96b9d4a-1054-48fe-90c7-5f4aaf55485c,2026-08-13T15:15:00Z,2026-08-13T17:15:00+0200,0.0,MW,NL,NL,actual_solar_generation,Solar | Actual Consumption,2026-08-26T03:46:52Z
2026-08-26T03:42:24Z,2026-08-26T05:42:24+0200,e96b9d4a-1054-48fe-90c7-5f4aaf55485c,2026-08-13T15:30:00Z,2026-08-13T17:30:00+0200,138.523,MW,NL,NL,actual_solar_generation,Solar | Actual Aggregated,2026-08-26T03:46:52Z
2026-08-26T03:42:24Z,2026-08-26T05:42:24+0200,e96b9d4a-1054-48fe-90c7-5f4aaf55485c,2026-08-13T15:30:00Z,2026-08-13T17:30:00+0200,0.0,MW,NL,NL,actual_solar_generation,Solar | Actual Consumption,2026-08-26T03:46:52Z
2026-08-26T03:42:24Z,2026-08-26T05:42:24+0200,e96b9d4a-1054-48fe-90c7-5f4aaf55485c,2026-08-13T15:45:00Z,2026-08-13T17:45:00+0200,122.711,MW,NL,NL,actual_solar_generation,Solar | Actual Aggregated,2026-08-26T03:46:52Z
2026-08-26T03:42:24Z,2026-08-26T05:42:24+0200,e96b9d4a-1054-48fe-90c7-5f4aaf55485c,2026-08-13T15:45:00Z,2026-08-13T17:45:00+0200,0.0,MW,NL,NL,actual_solar_generation,Solar | Actual Consumption,2026-08-26T03:46:52Z
2026-08-26T03:42:24Z,2026-08-26T05:42:24+0200,e96b9d4a-1054-48fe-90c7-5f4aaf55485c,2026-08-13T16:00:00Z,2026-08-13T18:00:00+0200,107.25,MW,NL,NL,actual_solar_generation,Solar | Actual Aggregated,2026-08-26T03:46:52Z
2026-08-26T03:42:24Z,2026-08-26T05:42:24+0200,e96b9d4a-1054-48fe-90c7-5f4aaf55485c,2026-08-13T16:00:00Z,2026-08-13T18:00:00+0200,0.0,MW,NL,NL,actual_solar_generation,Solar | Actual Consumption,2026-08-26T03:46:52Z
2026-08-26T03:42:24Z,2026-08-26T05:42:24+0200,e96b9d4a-1054-48fe-90c7-5f4aaf55485c,2026-08-13T16:15:00Z,2026-08-13T18:15:00+0200,92.84,MW,NL,NL,actual_solar_generation,Solar | Actual Aggregated,2026-08-26T03:46:52Z
2026-08-26T03:42:24Z,2026-08-26T05:42:24+0200,e96b9d4a-1054-48fe-90c7-5f4aaf55485c,2026-08-13T16:15:00Z,2026-08-13T18:15:00+0200,0.0,MW,NL,NL,actual_solar_generation,Solar | Actual Consumption,2026-08-26T03:46:52Z
2026-08-26T03:42:24Z,2026-08-26T05:42:24+0200,e96b9d4a-1054-48fe-90c7-5f4aaf55485c,2026-08-13T16:30:00Z,2026-08-13T18:30:00+0200,79.026,MW,NL,NL,actual_solar_generation,Solar | Actual Aggregated,2026-08-26T03:46:52Z
2026-08-26T03:42:24Z,2026-08-26T05:42:24+0200,e96b9d4a-1054-48fe-90c7-5f4aaf55485c,2026-08-13T16:30:00Z,2026-08-13T18:30:00+0200,0.0,MW,NL,NL,actual_solar_generation,Solar | Actual Consumption,2026-08-26T03:46:52Z
2026-08-26T03:42:24Z,2026-08-26T05:42:24+0200,e96b9d4a-1054-48fe-90c7-5f4aaf55485c,2026-08-13T16:45:00Z,2026-08-13T18:45:00+0200,65.329,MW,NL,NL,actual_solar_generation,Solar | Actual Aggregated,2026-08-26T03:46:52Z
2026-08-26T03:42:24Z,2026-08-26T05:42:24+0200,e96b9d4a-1054-48fe-90c7-5f4aaf55485c,2026-08-13T16:45:00Z,2026-08-13T18:45:00+0200,0.0,MW,NL,NL,actual_solar_generation,Solar | Actual Consumption,2026-08-26T03:46:52Z
2026-08-26T03:42:24Z,2026-08-26T05:42:24+0200,e96b9d4a-1054-48fe-90c7-5f4aaf55485c,2026-08-13T17:00:00Z,2026-08-13T19:00:00+0200,52.228,MW,NL,NL,actual_solar_generation,Solar | Actual Aggregated,2026-08-26T03:46:52Z
2026-08-26T03:42:24Z,2026-08-26T05:42:24+0200,e96b9d4a-1054-48fe-90c7-5f4aaf55485c,2026-08-13T17:00:00Z,2026-08-13T19:00:00+0200,0.0,MW,NL,NL,actual_solar_generation,Solar | Actual Consumption,2026-08-26T03:46:52Z
2026-08-26T03:42:24Z,2026-08-26T05:42:24+0200,e96b9d4a-1054-48fe-90c7-5f4aaf55485c,2026-08-13T17:15:00Z,2026-08-13T19:15:00+0200,39.48,MW,NL,NL,actual_solar_generation,Solar | Actual Aggregated,2026-08-26T03:46:52Z
2026-08-26T03:42:24Z,2026-08-26T05:42:24+0200,e96b9d4a-1054-48fe-90c7-5f4aaf55485c,2026-08-13T17:15:00Z,2026-08-13T19:15:00+0200,0.0,MW,NL,NL,actual_solar_generation,Solar | Actual Consumption,2026-08-26T03:46:52Z
2026-08-26T03:42:24Z,2026-08-26T05:42:24+0200,e96b9d4a-1054-48fe-90c7-5f4aaf55485c,2026-08-13T17:30:00Z,2026-08-13T19:30:00+0200,27.835,MW,NL,NL,actual_solar_generation,Solar | Actual Aggregated,2026-08-26T03:46:52Z
2026-08-26T03:42:24Z,2026-08-26T05:42:24+0200,e96b9d4a-1054-48fe-90c7-5f4aaf55485c,2026-08-13T17:30:00Z,2026-08-13T19:30:00+0200,0.0,MW,NL,NL,actual_solar_generation,Solar | Actual Consumption,2026-08-26T03:46:52Z
2026-08-26T03:42:24Z,2026-08-26T05:42:24+0200,e96b9d4a-1054-48fe-90c7-5f4aaf55485c,2026-08-13T17:45:00Z,2026-08-13T19:45:00+0200,18.442,MW,NL,NL,actual_solar_generation,Solar | Actual Aggregated,2026-08-26T03:46:52Z
2026-08-26T03:42:24Z,2026-08-26T05:42:24+0200,e96b9d4a-1054-48fe-90c7-5f4aaf55485c,2026-08-13T17:45:00Z,2026-08-13T19:45:00+0200,0.0,MW,NL,NL,actual_solar_generation,Solar | Actual Consumption,2026-08-26T03:46:52Z
2026-08-26T03:42:24Z,2026-08-26T05:42:24+0200,e96b9d4a-1054-48fe-90c7-5f4aaf55485c,2026-08-13T18:00:00Z,2026-08-13T20:00:00+0200,12.199,MW,NL,NL,actual_solar_generation,Solar | Actual Aggregated,2026-08-26T03:46:52Z
2026-08-26T03:42:24Z,2026-08-26T05:42:24+0200,e96b9d4a-1054-48fe-90c7-5f4aaf55485c,2026-08-13T18:00:00Z,2026-08-13T20:00:00+0200,0.0,MW,NL,NL,actual_solar_generation,Solar | Actual Consumption,2026-08-26T03:46:52Z
2026-08-26T03:42:24Z,2026-08-26T05:42:24+0200,e96b9d4a-1054-48fe-90c7-5f4aaf55485c,2026-08-13T18:15:00Z,2026-08-13T20:15:00+0200,7.097,MW,NL,NL,actual_solar_generation,Solar | Actual Aggregated,2026-08-26T03:46:52Z
2026-08-26T03:42:24Z,2026-08-26T05:42:24+0200,e96b9d4a-1054-48fe-90c7-5f4aaf55485c,2026-08-13T18:15:00Z,2026-08-13T20:15:00+0200,0.0,MW,NL,NL,actual_solar_generation,Solar | Actual Consumption,2026-08-26T03:46:52Z
2026-08-26T03:42:24Z,2026-08-26T05:42:24+0200,e96b9d4a-1054-48fe-90c7-5f4aaf55485c,2026-08-13T18:30:00Z,2026-08-13T20:30:00+0200,3.758,MW,NL,NL,actual_solar_generation,Solar | Actual Aggregated,2026-08-26T03:46:52Z
2026-08-26T03:42:24Z,2026-08-26T05:42:24+0200,e96b9d4a-1054-48fe-90c7-5f4aaf55485c,2026-08-13T18:30:00Z,2026-08-13T20:30:00+0200,0.0,MW,NL,NL,actual_solar_generation,Solar | Actual Consumption,2026-08-26T03:46:52Z
2026-08-26T03:42:24Z,2026-08-26T05:42:24+0200,e96b9d4a-1054-48fe-90c7-5f4aaf55485c,2026-08-13T18:45:00Z,2026-08-13T20:45:00+0200,1.301,MW,NL,NL,actual_solar_generation,Solar | Actual Aggregated,2026-08-26T03:46:52Z
2026-08-26T03:42:24Z,2026-08-26T05:42:24+0200,e96b9d4a-1054-48fe-90c7-5f4aaf55485c,2026-08-13T18:45:00Z,2026-08-13T20:45:00+0200,0.0,MW,NL,NL,actual_solar_generation,Solar | Actual Consumption,2026-08-26T03:46:52Z
2026-08-26T03:42:24Z,2026-08-26T05:42:24+0200,e96b9d4a-1054-48fe-90c7-5f4aaf55485c,2026-08-13T19:00:00Z,2026-08-13T21:00:00+0200,0.0,MW,NL,NL,actual_solar_generation,Solar | Actual Aggregated,2026-08-26T03:46:52Z
2026-08-26T03:42:24Z,2026-08-26T05:42:24+0200,e96b9d4a-1054-48fe-90c7-5f4aaf55485c,2026-08-13T19:00:00Z,2026-08-13T21:00:00+0200,0.576,MW,NL,NL,actual_solar_generation,Solar | Actual Consumption,2026-08-26T03:46:52Z
2026-08-26T03:42:24Z,2026-08-26T05:42:24+0200,e96b9d4a-1054-48fe-90c7-5f4aaf55485c,2026-08-13T19:15:00Z,2026-08-13T21:15:00+0200,0.0,MW,NL,NL,actual_solar_generation,Solar | Actual Aggregated,2026-08-26T03:46:52Z
2026-08-26T03:42:24Z,2026-08-26T05:42:24+0200,e96b9d4a-1054-48fe-90c7-5f4aaf55485c,2026-08-13T19:15:00Z,2026-08-13T21:15:00+0200,0.13,MW,NL,NL,actual_solar_generation,Solar | Actual Consumption,2026-08-26T03:46:52Z
2026-08-26T03:42:24Z,2026-08-26T05:42:24+0200,e96b9d4a-1054-48fe-90c7-5f4aaf55485c,2026-08-13T19:30:00Z,2026-08-13T21:30:00+0200,0.0,MW,NL,NL,actual_solar_generation,Solar | Actual Aggregated,2026-08-26T03:46:52Z
2026-08-26T03:42:24Z,2026-08-26T05:42:24+0200,e96b9d4a-1054-48fe-90c7-5f4aaf55485c,2026-08-13T19:30:00Z,2026-08-13T21:30:00+0200,0.13,MW,NL,NL,actual_solar_generation,Solar | Actual Consumption,2026-08-26T03:46:52Z
2026-08-26T03:42:24Z,2026-08-26T05:42:24+0200,e96b9d4a-1054-48fe-90c7-5f4aaf55485c,2026-08-13T19:45:00Z,2026-08-13T21:45:00+0200,0.0,MW,NL,NL,actual_solar_generation,Solar | Actual Aggregated,2026-08-26T03:46:52Z
2026-08-26T03:42:24Z,2026-08-26T05:42:24+0200,e96b9d4a-1054-48fe-90c7-5f4aaf55485c,2026-08-13T19:45:00Z,2026-08-13T21:45:00+0200,0.112,MW,NL,NL,actual_solar_generation,Solar | Actual Consumption,2026-08-26T03:46:52Z
2026-08-26T03:42:24Z,2026-08-26T05:42:24+0200,e96b9d4a-1054-48fe-90c7-5f4aaf55485c,2026-08-13T20:00:00Z,2026-08-13T22:00:00+0200,0.0,MW,NL,NL,actual_solar_generation,Solar | Actual Aggregated,2026-08-26T03:46:52Z
2026-08-26T03:42:24Z,2026-08-26T05:42:24+0200,e96b9d4a-1054-48fe-90c7-5f4aaf55485c,2026-08-13T20:00:00Z,2026-08-13T22:00:00+0200,0.128,MW,NL,NL,actual_solar_generation,Solar | Actual Consumption,2026-08-26T03:46:52Z
2026-08-26T03:42:24Z,2026-08-26T05:42:24+0200,e96b9d4a-1054-48fe-90c7-5f4aaf55485c,2026-08-13T20:15:00Z,2026-08-13T22:15:00+0200,0.0,MW,NL,NL,actual_solar_generation,Solar | Actual Aggregated,2026-08-26T03:46:52Z
2026-08-26T03:42:24Z,2026-08-26T05:42:24+0200,e96b9d4a-1054-48fe-90c7-5f4aaf55485c,2026-08-13T20:15:00Z,2026-08-13T22:15:00+0200,0.117,MW,NL,NL,actual_solar_generation,Solar | Actual Consumption,2026-08-26T03:46:52Z
2026-08-26T03:42:24Z,2026-08-26T05:42:24+0200,e96b9d4a-1054-48fe-90c7-5f4aaf55485c,2026-08-13T20:30:00Z,2026-08-13T22:30:00+0200,0.0,MW,NL,NL,actual_solar_generation,Solar | Actual Aggregated,2026-08-26T03:46:52Z
2026-08-26T03:42:24Z,2026-08-26T05:42:24+0200,e96b9d4a-1054-48fe-90c7-5f4aaf55485c,2026-08-13T20:30:00Z,2026-08-13T22:30:00+0200,0.135,MW,NL,NL,actual_solar_generation,Solar | Actual Consumption,2026-08-26T03:46:52Z
2026-08-26T03:42:24Z,2026-08-26T05:42:24+0200,e96b9d4a-1054-48fe-90c7-5f4aaf55485c,2026-08-13T20:45:00Z,2026-08-13T22:45:00+0200,0.0,MW,NL,NL,actual_solar_generation,Solar | Actual Aggregated,2026-08-26T03:46:52Z
2026-08-26T03:42:24Z,2026-08-26T05:42:24+0200,e96b9d4a-1054-48fe-90c7-5f4aaf55485c,2026-08-13T20:45:00Z,2026-08-13T22:45:00+0200,0.122,MW,NL,NL,actual_solar_generation,Solar | Actual Consumption,2026-08-26T03:46:52Z
2026-08-26T03:42:24Z,2026-08-26T05:42:24+0200,e96b9d4a-1054-48fe-90c7-5f4aaf55485c,2026-08-13T21:00:00Z,2026-08-13T23:00:00+0200,0.0,MW,NL,NL,actual_solar_generation,Solar | Actual Aggregated,2026-08-26T03:46:52Z
2026-08-26T03:42:24Z,2026-08-26T05:42:24+0200,e96b9d4a-1054-48fe-90c7-5f4aaf55485c,2026-08-13T21:00:00Z,2026-08-13T23:00:00+0200,0.125,MW,NL,NL,actual_solar_generation,Solar | Actual Consumption,2026-08-26T03:46:52Z
2026-08-26T03:42:24Z,2026-08-26T05:42:24+0200,e96b9d4a-1054-48fe-90c7-5f4aaf55485c,2026-08-13T21:15:00Z,2026-08-13T23:15:00+0200,0.0,MW,NL,NL,actual_solar_generation,Solar | Actual Aggregated,2026-08-26T03:46:52Z
2026-08-26T03:42:24Z,2026-08-26T05:42:24+0200,e96b9d4a-1054-48fe-90c7-5f4aaf55485c,2026-08-13T21:15:00Z,2026-08-13T23:15:00+0200,0.129,MW,NL,NL,actual_solar_generation,Solar | Actual Consumption,2026-08-26T03:46:52Z
2026-08-26T03:42:24Z,2026-08-26T05:42:24+0200,e96b9d4a-1054-48fe-90c7-5f4aaf55485c,2026-08-13T21:30:00Z,2026-08-13T23:30:00+0200,0.0,MW,NL,NL,actual_solar_generation,Solar | Actual Aggregated,2026-08-26T03:46:52Z
2026-08-26T03:42:24Z,2026-08-26T05:42:24+0200,e96b9d4a-1054-48fe-90c7-5f4aaf55485c,2026-08-13T21:30:00Z,2026-08-13T23:30:00+0200,0.12,MW,NL,NL,actual_solar_generation,Solar | Actual Consumption,2026-08-26T03:46:52Z
2026-08-26T03:42:24Z,2026-08-26T05:42:24+0200,e96b9d4a-1054-48fe-90c7-5f4aaf55485c,2026-08-13T21:45:00Z,2026-08-13T23:45:00+0200,0.0,MW,NL,NL,actual_solar_generation,Solar | Actual Aggregated,2026-08-26T03:46:52Z
2026-08-26T03:42:24Z,2026-08-26T05:42:24+0200,e96b9d4a-1054-48fe-90c7-5f4aaf55485c,2026-08-13T21:45:00Z,2026-08-13T23:45:00+0200,0.127,MW,NL,NL,actual_solar_generation,Solar | Actual Consumption,2026-08-26T03:46:52Z
2026-08-26T03:42:24Z,2026-08-26T05:42:24+0200,e96b9d4a-1054-48fe-90c7-5f4aaf55485c,2026-08-13T22:00:00Z,2026-08-14T00:00:00+0200,0.0,MW,NL,NL,actual_solar_generation,Solar | Actual Aggregated,2026-08-26T03:46:52Z
2026-08-26T03:42:24Z,2026-08-26T05:42:24+0200,e96b9d4a-1054-48fe-90c7-5f4aaf55485c,2026-08-13T22:00:00Z,2026-08-14T00:00:00+0200,0.137,MW,NL,NL,actual_solar_generation,Solar | Actual Consumption,2026-08-26T03:46:52Z
2026-08-26T03:42:24Z,2026-08-26T05:42:24+0200,e96b9d4a-1054-48fe-90c7-5f4aaf55485c,2026-08-13T22:15:00Z,2026-08-14T00:15:00+0200,0.0,MW,NL,NL,actual_solar_generation,Solar | Actual Aggregated,2026-08-26T03:46:52Z
2026-08-26T03:42:24Z,2026-08-26T05:42:24+0200,e96b9d4a-1054-48fe-90c7-5f4aaf55485c,2026-08-13T22:15:00Z,2026-08-14T00:15:00+0200,0.135,MW,NL,NL,actual_solar_generation,Solar | Actual Consumption,2026-08-26T03:46:52Z
2026-08-26T03:42:24Z,2026-08-26T05:42:24+0200,e96b9d4a-1054-48fe-90c7-5f4aaf55485c,2026-08-13T22:30:00Z,2026-08-14T00:30:00+0200,0.0,MW,NL,NL,actual_solar_generation,Solar | Actual Aggregated,2026-08-26T03:46:52Z
2026-08-26T03:42:24Z,2026-08-26T05:42:24+0200,e96b9d4a-1054-48fe-90c7-5f4aaf55485c,2026-08-13T22:30:00Z,2026-08-14T00:30:00+0200,0.11,MW,NL,NL,actual_solar_generation,Solar | Actual Consumption,2026-08-26T03:46:52Z
2026-08-26T03:42:24Z,2026-08-26T05:42:24+0200,e96b9d4a-1054-48fe-90c7-5f4aaf55485c,2026-08-13T22:45:00Z,2026-08-14T00:45:00+0200,0.0,MW,NL,NL,actual_solar_generation,Solar | Actual Aggregated,2026-08-26T03:46:52Z
2026-08-26T03:42:24Z,2026-08-26T05:42:24+0200,e96b9d4a-1054-48fe-90c7-5f4aaf55485c,2026-08-13T22:45:00Z,2026-08-14T00:45:00+0200,0.121,MW,NL,NL,actual_solar_generation,Solar | Actual Consumption,2026-08-26T03:46:52Z
2026-08-26T03:42:24Z,2026-08-26T05:42:24+0200,e96b9d4a-1054-48fe-90c7-5f4aaf55485c,2026-08-13T23:00:00Z,2026-08-14T01:00:00+0200,0.0,MW,NL,NL,actual_solar_generation,Solar | Actual Aggregated,2026-08-26T03:46:52Z
2026-08-26T03:42:24Z,2026-08-26T05:42:24+0200,e96b9d4a-1054-48fe-90c7-5f4aaf55485c,2026-08-13T23:00:00Z,2026-08-14T01:00:00+0200,0.127,MW,NL,NL,actual_solar_generation,Solar | Actual Consumption,2026-08-26T03:46:52Z
2026-08-26T03:42:24Z,2026-08-26T05:42:24+0200,e96b9d4a-1054-48fe-90c7-5f4aaf55485c,2026-08-13T23:15:00Z,2026-08-14T01:15:00+0200,0.0,MW,NL,NL,actual_solar_generation,Solar | Actual Aggregated,2026-08-26T03:46:52Z
2026-08-26T03:42:24Z,2026-08-26T05:42:24+0200,e96b9d4a-1054-48fe-90c7-5f4aaf55485c,2026-08-13T23:15:00Z,2026-08-14T01:15:00+0200,0.127,MW,NL,NL,actual_solar_generation,Solar | Actual Consumption,2026-08-26T03:46:52Z
2026-08-26T03:42:24Z,2026-08-26T05:42:24+0200,e96b9d4a-1054-48fe-90c7-5f4aaf55485c,2026-08-13T23:30:00Z,2026-08-14T01:30:00+0200,0.0,MW,NL,NL,actual_solar_generation,Solar | Actual Aggregated,2026-08-26T03:46:52Z
2026-08-26T03:42:24Z,2026-08-26T05:42:24+0200,e96b9d4a-1054-48fe-90c7-5f4aaf55485c,2026-08-13T23:30:00Z,2026-08-14T01:30:00+0200,0.123,MW,NL,NL,actual_solar_generation,Solar | Actual Consumption,2026-08-26T03:46:52Z
2026-08-26T03:42:24Z,2026-08-26T05:42:24+0200,e96b9d4a-1054-48fe-90c7-5f4aaf55485c,2026-08-13T23:45:00Z,2026-08-14T01:45:00+0200,0.0,MW,NL,NL,actual_solar_generation,Solar | Actual Aggregated,2026-08-26T03:46:52Z
2026-08-26T03:42:24Z,2026-08-26T05:42:24+0200,e96b9d4a-1054-48fe-90c7-5f4aaf55485c,2026-08-13T23:45:00Z,2026-08-14T01:45:00+0200,0.134,MW,NL,NL,actual_solar_generation,Solar | Actual Consumption,2026-08-26T03:46:52Z
2026-08-26T03:42:24Z,2026-08-26T05:42:24+0200,e96b9d4a-1054-48fe-90c7-5f4aaf55485c,2026-08-14T00:00:00Z,2026-08-14T02:00:00+0200,0.0,MW,NL,NL,actual_solar_generation,Solar | Actual Aggregated,2026-08-26T03:46:52Z
2026-08-26T03:42:24Z,2026-08-26T05:42:24+0200,e96b9d4a-1054-48fe-90c7-5f4aaf55485c,2026-08-14T00:00:00Z,2026-08-14T02:00:00+0200,0.126,MW,NL,NL,actual_solar_generation,Solar | Actual Consumption,2026-08-26T03:46:52Z
2026-08-26T03:42:24Z,2026-08-26T05:42:24+0200,e96b9d4a-1054-48fe-90c7-5f4aaf55485c,2026-08-14T00:15:00Z,2026-08-14T02:15:00+0200,0.0,MW,NL,NL,actual_solar_generation,Solar | Actual Aggregated,2026-08-26T03:46:52Z
2026-08-26T03:42:24Z,2026-08-26T05:42:24+0200,e96b9d4a-1054-48fe-90c7-5f4aaf55485c,2026-08-14T00:15:00Z,2026-08-14T02:15:00+0200,0.111,MW,NL,NL,actual_solar_generation,Solar | Actual Consumption,2026-08-26T03:46:52Z
2026-08-26T03:42:24Z,2026-08-26T05:42:24+0200,e96b9d4a-1054-48fe-90c7-5f4aaf55485c,2026-08-14T00:30:00Z,2026-08-14T02:30:00+0200,0.0,MW,NL,NL,actual_solar_generation,Solar | Actual Aggregated,2026-08-26T03:46:52Z
2026-08-26T03:42:24Z,2026-08-26T05:42:24+0200,e96b9d4a-1054-48fe-90c7-5f4aaf55485c,2026-08-14T00:30:00Z,2026-08-14T02:30:00+0200,0.128,MW,NL,NL,actual_solar_generation,Solar | Actual Consumption,2026-08-26T03:46:52Z
2026-08-26T03:42:24Z,2026-08-26T05:42:24+0200,e96b9d4a-1054-48fe-90c7-5f4aaf55485c,2026-08-14T00:45:00Z,2026-08-14T02:45:00+0200,0.0,MW,NL,NL,actual_solar_generation,Solar | Actual Aggregated,2026-08-26T03:46:52Z
2026-08-26T03:42:24Z,2026-08-26T05:42:24+0200,e96b9d4a-1054-48fe-90c7-5f4aaf55485c,2026-08-14T00:45:00Z,2026-08-14T02:45:00+0200,0.126,MW,NL,NL,actual_solar_generation,Solar | Actual Consumption,2026-08-26T03:46:52Z
2026-08-26T03:42:24Z,2026-08-26T05:42:24+0200,e96b9d4a-1054-48fe-90c7-5f4aaf55485c,2026-08-14T01:00:00Z,2026-08-14T03:00:00+0200,0.0,MW,NL,NL,actual_solar_generation,Solar | Actual Aggregated,2026-08-26T03:46:52Z
2026-08-26T03:42:24Z,2026-08-26T05:42:24+0200,e96b9d4a-1054-48fe-90c7-5f4aaf55485c,2026-08-14T01:00:00Z,2026-08-14T03:00:00+0200,0.135,MW,NL,NL,actual_solar_generation,Solar | Actual Consumption,2026-08-26T03:46:52Z
2026-08-26T03:42:24Z,2026-08-26T05:42:24+0200,e96b9d4a-1054-48fe-90c7-5f4aaf55485c,2026-08-14T01:15:00Z,2026-08-14T03:15:00+0200,0.0,MW,NL,NL,actual_solar_generation,Solar | Actual Aggregated,2026-08-26T03:46:52Z
2026-08-26T03:42:24Z,2026-08-26T05:42:24+0200,e96b9d4a-1054-48fe-90c7-5f4aaf55485c,2026-08-14T01:15:00Z,2026-08-14T03:15:00+0200,0.12,MW,NL,NL,actual_solar_generation,Solar | Actual Consumption,2026-08-26T03:46:52Z
2026-08-26T03:42:24Z,2026-08-26T05:42:24+0200,e96b9d4a-1054-48fe-90c7-5f4aaf55485c,2026-08-14T01:30:00Z,2026-08-14T03:30:00+0200,0.0,MW,NL,NL,actual_solar_generation,Solar | Actual Aggregated,2026-08-26T03:46:52Z
2026-08-26T03:42:24Z,2026-08-26T05:42:24+0200,e96b9d4a-1054-48fe-90c7-5f4aaf55485c,2026-08-14T01:30:00Z,2026-08-14T03:30:00+0200,0.135,MW,NL,NL,actual_solar_generation,Solar | Actual Consumption,2026-08-26T03:46:52Z
2026-08-26T03:42:24Z,2026-08-26T05:42:24+0200,e96b9d4a-1054-48fe-90c7-5f4aaf55485c,2026-08-14T01:45:00Z,2026-08-14T03:45:00+0200,0.0,MW,NL,NL,actual_solar_generation,Solar | Actual Aggregated,2026-08-26T03:46:52Z
2026-08-26T03:42:24Z,2026-08-26T05:42:24+0200,e96b9d4a-1054-48fe-90c7-5f4aaf55485c,2026-08-14T01:45:00Z,2026-08-14T03:45:00+0200,0.124,MW,NL,NL,actual_solar_generation,Solar | Actual Consumption,2026-08-26T03:46:52Z
2026-08-26T03:42:24Z,2026-08-26T05:42:24+0200,e96b9d4a-1054-48fe-90c7-5f4aaf55485c,2026-08-14T02:00:00Z,2026-08-14T04:00:00+0200,0.0,MW,NL,NL,actual_solar_generation,Solar | Actual Aggregated,2026-08-26T03:46:52Z
2026-08-26T03:42:24Z,2026-08-26T05:42:24+0200,e96b9d4a-1054-48fe-90c7-5f4aaf55485c,2026-08-14T02:00:00Z,2026-08-14T04:00:00+0200,0.124,MW,NL,NL,actual_solar_generation,Solar | Actual Consumption,2026-08-26T03:46:52Z
2026-08-26T03:42:24Z,2026-08-26T05:42:24+0200,e96b9d4a-1054-48fe-90c7-5f4aaf55485c,2026-08-14T02:15:00Z,2026-08-14T04:15:00+0200,0.0,MW,NL,NL,actual_solar_generation,Solar | Actual Aggregated,2026-08-26T03:46:52Z
2026-08-26T03:42:24Z,2026-08-26T05:42:24+0200,e96b9d4a-1054-48fe-90c7-5f4aaf55485c,2026-08-14T02:15:00Z,2026-08-14T04:15:00+0200,0.124,MW,NL,NL,actual_solar_generation,Solar | Actual Consumption,2026-08-26T03:46:52Z
2026-08-26T03:42:24Z,2026-08-26T05:42:24+0200,e96b9d4a-1054-48fe-90c7-5f4aaf55485c,2026-08-14T02:30:00Z,2026-08-14T04:30:00+0200,0.0,MW,NL,NL,actual_solar_generation,Solar | Actual Aggregated,2026-08-26T03:46:52Z
2026-08-26T03:42:24Z,2026-08-26T05:42:24+0200,e96b9d4a-1054-48fe-90c7-5f4aaf55485c,2026-08-14T02:30:00Z,2026-08-14T04:30:00+0200,0.124,MW,NL,NL,actual_solar_generation,Solar | Actual Consumption,2026-08-26T03:46:52Z
2026-08-26T03:42:24Z,2026-08-26T05:42:24+0200,e96b9d4a-1054-48fe-90c7-5f4aaf55485c,2026-08-14T02:45:00Z,2026-08-14T04:45:00+0200,0.0,MW,NL,NL,actual_solar_generation,Solar | Actual Aggregated,2026-08-26T03:46:52Z
2026-08-26T03:42:24Z,2026-08-26T05:42:24+0200,e96b9d4a-1054-48fe-90c7-5f4aaf55485c,2026-08-14T02:45:00Z,2026-08-14T04:45:00+0200,0.124,MW,NL,NL,actual_solar_generation,Solar | Actual Consumption,2026-08-26T03:46:52Z
2026-08-26T03:42:24Z,2026-08-26T05:42:24+0200,e96b9d4a-1054-48fe-90c7-5f4aaf55485c,2026-08-14T03:00:00Z,2026-08-14T05:00:00+0200,0.0,MW,NL,NL,actual_solar_generation,Solar | Actual Aggregated,2026-08-26T03:46:52Z
2026-08-26T03:42:24Z,2026-08-26T05:42:24+0200,e96b9d4a-1054-48fe-90c7-5f4aaf55485c,2026-08-14T03:00:00Z,2026-08-14T05:00:00+0200,0.124,MW,NL,NL,actual_solar_generation,Solar | Actual Consumption,2026-08-26T03:46:52Z
2026-08-26T03:42:24Z,2026-08-26T05:42:24+0200,e96b9d4a-1054-48fe-90c7-5f4aaf55485c,2026-08-14T03:15:00Z,2026-08-14T05:15:00+0200,0.0,MW,NL,NL,actual_solar_generation,Solar | Actual Aggregated,2026-08-26T03:46:52Z
2026-08-26T03:42:24Z,2026-08-26T05:42:24+0200,e96b9d4a-1054-48fe-90c7-5f4aaf55485c,2026-08-14T03:15:00Z,2026-08-14T05:15:00+0200,0.124,MW,NL,NL,actual_solar_generation,Solar | Actual Consumption,2026-08-26T03:46:52Z
2026-08-26T03:42:24Z,2026-08-26T05:42:24+0200,e96b9d4a-1054-48fe-90c7-5f4aaf55485c,2026-08-14T03:30:00Z,2026-08-14T05:30:00+0200,0.0,MW,NL,NL,actual_solar_generation,Solar | Actual Aggregated,2026-08-26T03:46:52Z
2026-08-26T03:42:24Z,2026-08-26T05:42:24+0200,e96b9d4a-1054-48fe-90c7-5f4aaf55485c,2026-08-14T03:30:00Z,2026-08-14T05:30:00+0200,0.124,MW,NL,NL,actual_solar_generation,Solar | Actual Consumption,2026-08-26T03:46:52Z
2026-08-26T03:42:24Z,2026-08-26T05:42:24+0200,e96b9d4a-1054-48fe-90c7-5f4aaf55485c,2026-08-14T03:45:00Z,2026-08-14T05:45:00+0200,0.0,MW,NL,NL,actual_solar_generation,Solar | Actual Aggregated,2026-08-26T03:46:52Z
2026-08-26T03:42:24Z,2026-08-26T05:42:24+0200,e96b9d4a-1054-48fe-90c7-5f4aaf55485c,2026-08-14T03:45:00Z,2026-08-14T05:45:00+0200,0.79,MW,NL,NL,actual_solar_generation,Solar | Actual Consumption,2026-08-26T03:46:52Z
2026-08-26T03:42:24Z,2026-08-26T05:42:24+0200,e96b9d4a-1054-48fe-90c7-5f4aaf55485c,2026-08-14T04:00:00Z,2026-08-14T06:00:00+0200,0.0,MW,NL,NL,actual_solar_generation,Solar | Actual Aggregated,2026-08-26T03:46:52Z
2026-08-26T03:42:24Z,2026-08-26T05:42:24+0200,e96b9d4a-1054-48fe-90c7-5f4aaf55485c,2026-08-14T04:00:00Z,2026-08-14T06:00:00+0200,0.124,MW,NL,NL,actual_solar_generation,Solar | Actual Consumption,2026-08-26T03:46:52Z
2026-08-26T03:42:24Z,2026-08-26T05:42:24+0200,e96b9d4a-1054-48fe-90c7-5f4aaf55485c,2026-08-14T04:15:00Z,2026-08-14T06:15:00+0200,0.525,MW,NL,NL,actual_solar_generation,Solar | Actual Aggregated,2026-08-26T03:46:52Z
2026-08-26T03:42:24Z,2026-08-26T05:42:24+0200,e96b9d4a-1054-48fe-90c7-5f4aaf55485c,2026-08-14T04:15:00Z,2026-08-14T06:15:00+0200,0.0,MW,NL,NL,actual_solar_generation,Solar | Actual Consumption,2026-08-26T03:46:52Z
2026-08-26T03:42:24Z,2026-08-26T05:42:24+0200,e96b9d4a-1054-48fe-90c7-5f4aaf55485c,2026-08-14T04:30:00Z,2026-08-14T06:30:00+0200,4.583,MW,NL,NL,actual_solar_generation,Solar | Actual Aggregated,2026-08-26T03:46:52Z
2026-08-26T03:42:24Z,2026-08-26T05:42:24+0200,e96b9d4a-1054-48fe-90c7-5f4aaf55485c,2026-08-14T04:30:00Z,2026-08-14T06:30:00+0200,0.0,MW,NL,NL,actual_solar_generation,Solar | Actual Consumption,2026-08-26T03:46:52Z
2026-08-26T03:42:24Z,2026-08-26T05:42:24+0200,e96b9d4a-1054-48fe-90c7-5f4aaf55485c,2026-08-14T04:45:00Z,2026-08-14T06:45:00+0200,7.818,MW,NL,NL,actual_solar_generation,Solar | Actual Aggregated,2026-08-26T03:46:52Z
2026-08-26T03:42:24Z,2026-08-26T05:42:24+0200,e96b9d4a-1054-48fe-90c7-5f4aaf55485c,2026-08-14T04:45:00Z,2026-08-14T06:45:00+0200,0.0,MW,NL,NL,actual_solar_generation,Solar | Actual Consumption,2026-08-26T03:46:52Z
2026-08-26T03:42:24Z,2026-08-26T05:42:24+0200,e96b9d4a-1054-48fe-90c7-5f4aaf55485c,2026-08-14T05:00:00Z,2026-08-14T07:00:00+0200,12.687,MW,NL,NL,actual_solar_generation,Solar | Actual Aggregated,2026-08-26T03:46:52Z
2026-08-26T03:42:24Z,2026-08-26T05:42:24+0200,e96b9d4a-1054-48fe-90c7-5f4aaf55485c,2026-08-14T05:00:00Z,2026-08-14T07:00:00+0200,0.0,MW,NL,NL,actual_solar_generation,Solar | Actual Consumption,2026-08-26T03:46:52Z
2026-08-26T03:42:24Z,2026-08-26T05:42:24+0200,e96b9d4a-1054-48fe-90c7-5f4aaf55485c,2026-08-14T05:15:00Z,2026-08-14T07:15:00+0200,19.433,MW,NL,NL,actual_solar_generation,Solar | Actual Aggregated,2026-08-26T03:46:52Z
2026-08-26T03:42:24Z,2026-08-26T05:42:24+0200,e96b9d4a-1054-48fe-90c7-5f4aaf55485c,2026-08-14T05:15:00Z,2026-08-14T07:15:00+0200,0.0,MW,NL,NL,actual_solar_generation,Solar | Actual Consumption,2026-08-26T03:46:52Z
2026-08-26T03:42:24Z,2026-08-26T05:42:24+0200,e96b9d4a-1054-48fe-90c7-5f4aaf55485c,2026-08-14T05:30:00Z,2026-08-14T07:30:00+0200,28.035,MW,NL,NL,actual_solar_generation,Solar | Actual Aggregated,2026-08-26T03:46:52Z
2026-08-26T03:42:24Z,2026-08-26T05:42:24+0200,e96b9d4a-1054-48fe-90c7-5f4aaf55485c,2026-08-14T05:30:00Z,2026-08-14T07:30:00+0200,0.0,MW,NL,NL,actual_solar_generation,Solar | Actual Consumption,2026-08-26T03:46:52Z
2026-08-26T03:42:24Z,2026-08-26T05:42:24+0200,e96b9d4a-1054-48fe-90c7-5f4aaf55485c,2026-08-14T05:45:00Z,2026-08-14T07:45:00+0200,38.664,MW,NL,NL,actual_solar_generation,Solar | Actual Aggregated,2026-08-26T03:46:52Z
2026-08-26T03:42:24Z,2026-08-26T05:42:24+0200,e96b9d4a-1054-48fe-90c7-5f4aaf55485c,2026-08-14T05:45:00Z,2026-08-14T07:45:00+0200,0.0,MW,NL,NL,actual_solar_generation,Solar | Actual Consumption,2026-08-26T03:46:52Z
2026-08-26T03:42:24Z,2026-08-26T05:42:24+0200,e96b9d4a-1054-48fe-90c7-5f4aaf55485c,2026-08-14T06:00:00Z,2026-08-14T08:00:00+0200,50.917,MW,NL,NL,actual_solar_generation,Solar | Actual Aggregated,2026-08-26T03:46:52Z
2026-08-26T03:42:24Z,2026-08-26T05:42:24+0200,e96b9d4a-1054-48fe-90c7-5f4aaf55485c,2026-08-14T06:00:00Z,2026-08-14T08:00:00+0200,0.0,MW,NL,NL,actual_solar_generation,Solar | Actual Consumption,2026-08-26T03:46:52Z
2026-08-26T03:42:24Z,2026-08-26T05:42:24+0200,e96b9d4a-1054-48fe-90c7-5f4aaf55485c,2026-08-14T06:15:00Z,2026-08-14T08:15:00+0200,64.944,MW,NL,NL,actual_solar_generation,Solar | Actual Aggregated,2026-08-26T03:46:52Z
2026-08-26T03:42:24Z,2026-08-26T05:42:24+0200,e96b9d4a-1054-48fe-90c7-5f4aaf55485c,2026-08-14T06:15:00Z,2026-08-14T08:15:00+0200,0.0,MW,NL,NL,actual_solar_generation,Solar | Actual Consumption,2026-08-26T03:46:52Z
2026-08-26T03:42:24Z,2026-08-26T05:42:24+0200,e96b9d4a-1054-48fe-90c7-5f4aaf55485c,2026-08-14T06:30:00Z,2026-08-14T08:30:00+0200,79.231,MW,NL,NL,actual_solar_generation,Solar | Actual Aggregated,2026-08-26T03:46:52Z
2026-08-26T03:42:24Z,2026-08-26T05:42:24+0200,e96b9d4a-1054-48fe-90c7-5f4aaf55485c,2026-08-14T06:30:00Z,2026-08-14T08:30:00+0200,0.0,MW,NL,NL,actual_solar_generation,Solar | Actual Consumption,2026-08-26T03:46:52Z
2026-08-26T03:42:24Z,2026-08-26T05:42:24+0200,e96b9d4a-1054-48fe-90c7-5f4aaf55485c,2026-08-14T06:45:00Z,2026-08-14T08:45:00+0200,94.213,MW,NL,NL,actual_solar_generation,Solar | Actual Aggregated,2026-08-26T03:46:52Z
2026-08-26T03:42:24Z,2026-08-26T05:42:24+0200,e96b9d4a-1054-48fe-90c7-5f4aaf55485c,2026-08-14T06:45:00Z,2026-08-14T08:45:00+0200,0.0,MW,NL,NL,actual_solar_generation,Solar | Actual Consumption,2026-08-26T03:46:52Z
2026-08-26T03:42:24Z,2026-08-26T05:42:24+0200,e96b9d4a-1054-48fe-90c7-5f4aaf55485c,2026-08-14T07:00:00Z,2026-08-14T09:00:00+0200,108.005,MW,NL,NL,actual_solar_generation,Solar | Actual Aggregated,2026-08-26T03:46:52Z
2026-08-26T03:42:24Z,2026-08-26T05:42:24+0200,e96b9d4a-1054-48fe-90c7-5f4aaf55485c,2026-08-14T07:00:00Z,2026-08-14T09:00:00+0200,0.0,MW,NL,NL,actual_solar_generation,Solar | Actual Consumption,2026-08-26T03:46:52Z
2026-08-26T03:42:24Z,2026-08-26T05:42:24+0200,e96b9d4a-1054-48fe-90c7-5f4aaf55485c,2026-08-14T07:15:00Z,2026-08-14T09:15:00+0200,122.64,MW,NL,NL,actual_solar_generation,Solar | Actual Aggregated,2026-08-26T03:46:52Z
2026-08-26T03:42:24Z,2026-08-26T05:42:24+0200,e96b9d4a-1054-48fe-90c7-5f4aaf55485c,2026-08-14T07:15:00Z,2026-08-14T09:15:00+0200,0.0,MW,NL,NL,actual_solar_generation,Solar | Actual Consumption,2026-08-26T03:46:52Z
2026-08-26T03:42:24Z,2026-08-26T05:42:24+0200,e96b9d4a-1054-48fe-90c7-5f4aaf55485c,2026-08-14T07:30:00Z,2026-08-14T09:30:00+0200,135.668,MW,NL,NL,actual_solar_generation,Solar | Actual Aggregated,2026-08-26T03:46:52Z
2026-08-26T03:42:24Z,2026-08-26T05:42:24+0200,e96b9d4a-1054-48fe-90c7-5f4aaf55485c,2026-08-14T07:30:00Z,2026-08-14T09:30:00+0200,0.0,MW,NL,NL,actual_solar_generation,Solar | Actual Consumption,2026-08-26T03:46:52Z
2026-08-26T03:42:24Z,2026-08-26T05:42:24+0200,e96b9d4a-1054-48fe-90c7-5f4aaf55485c,2026-08-14T07:45:00Z,2026-08-14T09:45:00+0200,149.027,MW,NL,NL,actual_solar_generation,Solar | Actual Aggregated,2026-08-26T03:46:52Z
2026-08-26T03:42:24Z,2026-08-26T05:42:24+0200,e96b9d4a-1054-48fe-90c7-5f4aaf55485c,2026-08-14T07:45:00Z,2026-08-14T09:45:00+0200,0.0,MW,NL,NL,actual_solar_generation,Solar | Actual Consumption,2026-08-26T03:46:52Z
2026-08-26T03:42:24Z,2026-08-26T05:42:24+0200,e96b9d4a-1054-48fe-90c7-5f4aaf55485c,2026-08-14T08:00:00Z,2026-08-14T10:00:00+0200,158.44,MW,NL,NL,actual_solar_generation,Solar | Actual Aggregated,2026-08-26T03:46:52Z
2026-08-26T03:42:24Z,2026-08-26T05:42:24+0200,e96b9d4a-1054-48fe-90c7-5f4aaf55485c,2026-08-14T08:00:00Z,2026-08-14T10:00:00+0200,0.0,MW,NL,NL,actual_solar_generation,Solar | Actual Consumption,2026-08-26T03:46:52Z
2026-08-26T03:42:24Z,2026-08-26T05:42:24+0200,e96b9d4a-1054-48fe-90c7-5f4aaf55485c,2026-08-14T08:15:00Z,2026-08-14T10:15:00+0200,171.982,MW,NL,NL,actual_solar_generation,Solar | Actual Aggregated,2026-08-26T03:46:52Z
2026-08-26T03:42:24Z,2026-08-26T05:42:24+0200,e96b9d4a-1054-48fe-90c7-5f4aaf55485c,2026-08-14T08:15:00Z,2026-08-14T10:15:00+0200,0.0,MW,NL,NL,actual_solar_generation,Solar | Actual Consumption,2026-08-26T03:46:52Z
2026-08-26T03:42:24Z,2026-08-26T05:42:24+0200,e96b9d4a-1054-48fe-90c7-5f4aaf55485c,2026-08-14T08:30:00Z,2026-08-14T10:30:00+0200,180.117,MW,NL,NL,actual_solar_generation,Solar | Actual Aggregated,2026-08-26T03:46:52Z
2026-08-26T03:42:24Z,2026-08-26T05:42:24+0200,e96b9d4a-1054-48fe-90c7-5f4aaf55485c,2026-08-14T08:30:00Z,2026-08-14T10:30:00+0200,0.0,MW,NL,NL,actual_solar_generation,Solar | Actual Consumption,2026-08-26T03:46:52Z
2026-08-26T03:42:24Z,2026-08-26T05:42:24+0200,e96b9d4a-1054-48fe-90c7-5f4aaf55485c,2026-08-14T08:45:00Z,2026-08-14T10:45:00+0200,187.553,MW,NL,NL,actual_solar_generation,Solar | Actual Aggregated,2026-08-26T03:46:52Z
2026-08-26T03:42:24Z,2026-08-26T05:42:24+0200,e96b9d4a-1054-48fe-90c7-5f4aaf55485c,2026-08-14T08:45:00Z,2026-08-14T10:45:00+0200,0.0,MW,NL,NL,actual_solar_generation,Solar | Actual Consumption,2026-08-26T03:46:52Z
2026-08-26T03:42:24Z,2026-08-26T05:42:24+0200,e96b9d4a-1054-48fe-90c7-5f4aaf55485c,2026-08-14T09:00:00Z,2026-08-14T11:00:00+0200,195.057,MW,NL,NL,actual_solar_generation,Solar | Actual Aggregated,2026-08-26T03:46:52Z
2026-08-26T03:42:24Z,2026-08-26T05:42:24+0200,e96b9d4a-1054-48fe-90c7-5f4aaf55485c,2026-08-14T09:00:00Z,2026-08-14T11:00:00+0200,0.0,MW,NL,NL,actual_solar_generation,Solar | Actual Consumption,2026-08-26T03:46:52Z
2026-08-26T03:42:24Z,2026-08-26T05:42:24+0200,e96b9d4a-1054-48fe-90c7-5f4aaf55485c,2026-08-14T09:15:00Z,2026-08-14T11:15:00+0200,202.256,MW,NL,NL,actual_solar_generation,Solar | Actual Aggregated,2026-08-26T03:46:52Z
2026-08-26T03:42:24Z,2026-08-26T05:42:24+0200,e96b9d4a-1054-48fe-90c7-5f4aaf55485c,2026-08-14T09:15:00Z,2026-08-14T11:15:00+0200,0.0,MW,NL,NL,actual_solar_generation,Solar | Actual Consumption,2026-08-26T03:46:52Z
2026-08-26T03:42:24Z,2026-08-26T05:42:24+0200,e96b9d4a-1054-48fe-90c7-5f4aaf55485c,2026-08-14T09:30:00Z,2026-08-14T11:30:00+0200,210.563,MW,NL,NL,actual_solar_generation,Solar | Actual Aggregated,2026-08-26T03:46:52Z
2026-08-26T03:42:24Z,2026-08-26T05:42:24+0200,e96b9d4a-1054-48fe-90c7-5f4aaf55485c,2026-08-14T09:30:00Z,2026-08-14T11:30:00+0200,0.0,MW,NL,NL,actual_solar_generation,Solar | Actual Consumption,2026-08-26T03:46:52Z
2026-08-26T03:42:24Z,2026-08-26T05:42:24+0200,e96b9d4a-1054-48fe-90c7-5f4aaf55485c,2026-08-14T09:45:00Z,2026-08-14T11:45:00+0200,213.645,MW,NL,NL,actual_solar_generation,Solar | Actual Aggregated,2026-08-26T03:46:52Z
2026-08-26T03:42:24Z,2026-08-26T05:42:24+0200,e96b9d4a-1054-48fe-90c7-5f4aaf55485c,2026-08-14T09:45:00Z,2026-08-14T11:45:00+0200,0.0,MW,NL,NL,actual_solar_generation,Solar | Actual Consumption,2026-08-26T03:46:52Z
2026-08-26T03:42:24Z,2026-08-26T05:42:24+0200,e96b9d4a-1054-48fe-90c7-5f4aaf55485c,2026-08-14T10:00:00Z,2026-08-14T12:00:00+0200,218.351,MW,NL,NL,actual_solar_generation,Solar | Actual Aggregated,2026-08-26T03:46:52Z
2026-08-26T03:42:24Z,2026-08-26T05:42:24+0200,e96b9d4a-1054-48fe-90c7-5f4aaf55485c,2026-08-14T10:00:00Z,2026-08-14T12:00:00+0200,0.0,MW,NL,NL,actual_solar_generation,Solar | Actual Consumption,2026-08-26T03:46:52Z
2026-08-26T03:42:24Z,2026-08-26T05:42:24+0200,e96b9d4a-1054-48fe-90c7-5f4aaf55485c,2026-08-14T10:15:00Z,2026-08-14T12:15:00+0200,217.737,MW,NL,NL,actual_solar_generation,Solar | Actual Aggregated,2026-08-26T03:46:52Z
2026-08-26T03:42:24Z,2026-08-26T05:42:24+0200,e96b9d4a-1054-48fe-90c7-5f4aaf55485c,2026-08-14T10:15:00Z,2026-08-14T12:15:00+0200,0.0,MW,NL,NL,actual_solar_generation,Solar | Actual Consumption,2026-08-26T03:46:52Z
2026-08-26T03:42:24Z,2026-08-26T05:42:24+0200,e96b9d4a-1054-48fe-90c7-5f4aaf55485c,2026-08-14T10:30:00Z,2026-08-14T12:30:00+0200,219.323,MW,NL,NL,actual_solar_generation,Solar | Actual Aggregated,2026-08-26T03:46:52Z
2026-08-26T03:42:24Z,2026-08-26T05:42:24+0200,e96b9d4a-1054-48fe-90c7-5f4aaf55485c,2026-08-14T10:30:00Z,2026-08-14T12:30:00+0200,0.0,MW,NL,NL,actual_solar_generation,Solar | Actual Consumption,2026-08-26T03:46:52Z
2026-08-26T03:42:24Z,2026-08-26T05:42:24+0200,e96b9d4a-1054-48fe-90c7-5f4aaf55485c,2026-08-14T10:45:00Z,2026-08-14T12:45:00+0200,223.161,MW,NL,NL,actual_solar_generation,Solar | Actual Aggregated,2026-08-26T03:46:52Z
2026-08-26T03:42:24Z,2026-08-26T05:42:24+0200,e96b9d4a-1054-48fe-90c7-5f4aaf55485c,2026-08-14T10:45:00Z,2026-08-14T12:45:00+0200,0.0,MW,NL,NL,actual_solar_generation,Solar | Actual Consumption,2026-08-26T03:46:52Z
2026-08-26T03:42:24Z,2026-08-26T05:42:24+0200,e96b9d4a-1054-48fe-90c7-5f4aaf55485c,2026-08-14T11:00:00Z,2026-08-14T13:00:00+0200,222.355,MW,NL,NL,actual_solar_generation,Solar | Actual Aggregated,2026-08-26T03:46:52Z
2026-08-26T03:42:24Z,2026-08-26T05:42:24+0200,e96b9d4a-1054-48fe-90c7-5f4aaf55485c,2026-08-14T11:00:00Z,2026-08-14T13:00:00+0200,0.0,MW,NL,NL,actual_solar_generation,Solar | Actual Consumption,2026-08-26T03:46:52Z
2026-08-26T03:42:24Z,2026-08-26T05:42:24+0200,e96b9d4a-1054-48fe-90c7-5f4aaf55485c,2026-08-14T11:15:00Z,2026-08-14T13:15:00+0200,221.245,MW,NL,NL,actual_solar_generation,Solar | Actual Aggregated,2026-08-26T03:46:52Z
2026-08-26T03:42:24Z,2026-08-26T05:42:24+0200,e96b9d4a-1054-48fe-90c7-5f4aaf55485c,2026-08-14T11:15:00Z,2026-08-14T13:15:00+0200,0.0,MW,NL,NL,actual_solar_generation,Solar | Actual Consumption,2026-08-26T03:46:52Z
2026-08-26T03:42:24Z,2026-08-26T05:42:24+0200,e96b9d4a-1054-48fe-90c7-5f4aaf55485c,2026-08-14T11:30:00Z,2026-08-14T13:30:00+0200,222.4,MW,NL,NL,actual_solar_generation,Solar | Actual Aggregated,2026-08-26T03:46:52Z
2026-08-26T03:42:24Z,2026-08-26T05:42:24+0200,e96b9d4a-1054-48fe-90c7-5f4aaf55485c,2026-08-14T11:30:00Z,2026-08-14T13:30:00+0200,0.0,MW,NL,NL,actual_solar_generation,Solar | Actual Consumption,2026-08-26T03:46:52Z
2026-08-26T03:42:24Z,2026-08-26T05:42:24+0200,e96b9d4a-1054-48fe-90c7-5f4aaf55485c,2026-08-14T11:45:00Z,2026-08-14T13:45:00+0200,222.679,MW,NL,NL,actual_solar_generation,Solar | Actual Aggregated,2026-08-26T03:46:52Z
2026-08-26T03:42:24Z,2026-08-26T05:42:24+0200,e96b9d4a-1054-48fe-90c7-5f4aaf55485c,2026-08-14T11:45:00Z,2026-08-14T13:45:00+0200,0.0,MW,NL,NL,actual_solar_generation,Solar | Actual Consumption,2026-08-26T03:46:52Z
2026-08-26T03:42:24Z,2026-08-26T05:42:24+0200,e96b9d4a-1054-48fe-90c7-5f4aaf55485c,2026-08-14T12:00:00Z,2026-08-14T14:00:00+0200,222.32,MW,NL,NL,actual_solar_generation,Solar | Actual Aggregated,2026-08-26T03:46:52Z
2026-08-26T03:42:24Z,2026-08-26T05:42:24+0200,e96b9d4a-1054-48fe-90c7-5f4aaf55485c,2026-08-14T12:00:00Z,2026-08-14T14:00:00+0200,0.0,MW,NL,NL,actual_solar_generation,Solar | Actual Consumption,2026-08-26T03:46:52Z
2026-08-26T03:42:24Z,2026-08-26T05:42:24+0200,e96b9d4a-1054-48fe-90c7-5f4aaf55485c,2026-08-14T12:15:00Z,2026-08-14T14:15:00+0200,222.75,MW,NL,NL,actual_solar_generation,Solar | Actual Aggregated,2026-08-26T03:46:52Z
2026-08-26T03:42:24Z,2026-08-26T05:42:24+0200,e96b9d4a-1054-48fe-90c7-5f4aaf55485c,2026-08-14T12:15:00Z,2026-08-14T14:15:00+0200,0.0,MW,NL,NL,actual_solar_generation,Solar | Actual Consumption,2026-08-26T03:46:52Z
2026-08-26T03:42:24Z,2026-08-26T05:42:24+0200,e96b9d4a-1054-48fe-90c7-5f4aaf55485c,2026-08-14T12:30:00Z,2026-08-14T14:30:00+0200,221.286,MW,NL,NL,actual_solar_generation,Solar | Actual Aggregated,2026-08-26T03:46:52Z
2026-08-26T03:42:24Z,2026-08-26T05:42:24+0200,e96b9d4a-1054-48fe-90c7-5f4aaf55485c,2026-08-14T12:30:00Z,2026-08-14T14:30:00+0200,0.0,MW,NL,NL,actual_solar_generation,Solar | Actual Consumption,2026-08-26T03:46:52Z
2026-08-26T03:42:24Z,2026-08-26T05:42:24+0200,e96b9d4a-1054-48fe-90c7-5f4aaf55485c,2026-08-14T12:45:00Z,2026-08-14T14:45:00+0200,218.543,MW,NL,NL,actual_solar_generation,Solar | Actual Aggregated,2026-08-26T03:46:52Z
2026-08-26T03:42:24Z,2026-08-26T05:42:24+0200,e96b9d4a-1054-48fe-90c7-5f4aaf55485c,2026-08-14T12:45:00Z,2026-08-14T14:45:00+0200,0.0,MW,NL,NL,actual_solar_generation,Solar | Actual Consumption,2026-08-26T03:46:52Z
2026-08-26T03:42:24Z,2026-08-26T05:42:24+0200,e96b9d4a-1054-48fe-90c7-5f4aaf55485c,2026-08-14T13:00:00Z,2026-08-14T15:00:00+0200,215.638,MW,NL,NL,actual_solar_generation,Solar | Actual Aggregated,2026-08-26T03:46:52Z
2026-08-26T03:42:24Z,2026-08-26T05:42:24+0200,e96b9d4a-1054-48fe-90c7-5f4aaf55485c,2026-08-14T13:00:00Z,2026-08-14T15:00:00+0200,0.0,MW,NL,NL,actual_solar_generation,Solar | Actual Consumption,2026-08-26T03:46:52Z
2026-08-26T03:42:24Z,2026-08-26T05:42:24+0200,e96b9d4a-1054-48fe-90c7-5f4aaf55485c,2026-08-14T13:15:00Z,2026-08-14T15:15:00+0200,211.659,MW,NL,NL,actual_solar_generation,Solar | Actual Aggregated,2026-08-26T03:46:52Z
2026-08-26T03:42:24Z,2026-08-26T05:42:24+0200,e96b9d4a-1054-48fe-90c7-5f4aaf55485c,2026-08-14T13:15:00Z,2026-08-14T15:15:00+0200,0.0,MW,NL,NL,actual_solar_generation,Solar | Actual Consumption,2026-08-26T03:46:52Z
2026-08-26T03:42:24Z,2026-08-26T05:42:24+0200,e96b9d4a-1054-48fe-90c7-5f4aaf55485c,2026-08-14T13:30:00Z,2026-08-14T15:30:00+0200,208.886,MW,NL,NL,actual_solar_generation,Solar | Actual Aggregated,2026-08-26T03:46:52Z
2026-08-26T03:42:24Z,2026-08-26T05:42:24+0200,e96b9d4a-1054-48fe-90c7-5f4aaf55485c,2026-08-14T13:30:00Z,2026-08-14T15:30:00+0200,0.0,MW,NL,NL,actual_solar_generation,Solar | Actual Consumption,2026-08-26T03:46:52Z
2026-08-26T03:42:24Z,2026-08-26T05:42:24+0200,e96b9d4a-1054-48fe-90c7-5f4aaf55485c,2026-08-14T13:45:00Z,2026-08-14T15:45:00+0200,203.422,MW,NL,NL,actual_solar_generation,Solar | Actual Aggregated,2026-08-26T03:46:52Z
2026-08-26T03:42:24Z,2026-08-26T05:42:24+0200,e96b9d4a-1054-48fe-90c7-5f4aaf55485c,2026-08-14T13:45:00Z,2026-08-14T15:45:00+0200,0.0,MW,NL,NL,actual_solar_generation,Solar | Actual Consumption,2026-08-26T03:46:52Z
2026-08-26T03:42:24Z,2026-08-26T05:42:24+0200,e96b9d4a-1054-48fe-90c7-5f4aaf55485c,2026-08-14T14:00:00Z,2026-08-14T16:00:00+0200,197.15,MW,NL,NL,actual_solar_generation,Solar | Actual Aggregated,2026-08-26T03:46:52Z
2026-08-26T03:42:24Z,2026-08-26T05:42:24+0200,e96b9d4a-1054-48fe-90c7-5f4aaf55485c,2026-08-14T14:00:00Z,2026-08-14T16:00:00+0200,0.0,MW,NL,NL,actual_solar_generation,Solar | Actual Consumption,2026-08-26T03:46:52Z
2026-08-26T03:42:24Z,2026-08-26T05:42:24+0200,e96b9d4a-1054-48fe-90c7-5f4aaf55485c,2026-08-14T14:15:00Z,2026-08-14T16:15:00+0200,189.151,MW,NL,NL,actual_solar_generation,Solar | Actual Aggregated,2026-08-26T03:46:52Z
2026-08-26T03:42:24Z,2026-08-26T05:42:24+0200,e96b9d4a-1054-48fe-90c7-5f4aaf55485c,2026-08-14T14:15:00Z,2026-08-14T16:15:00+0200,0.0,MW,NL,NL,actual_solar_generation,Solar | Actual Consumption,2026-08-26T03:46:52Z
2026-08-26T03:42:24Z,2026-08-26T05:42:24+0200,e96b9d4a-1054-48fe-90c7-5f4aaf55485c,2026-08-14T14:30:00Z,2026-08-14T16:30:00+0200,180.651,MW,NL,NL,actual_solar_generation,Solar | Actual Aggregated,2026-08-26T03:46:52Z
2026-08-26T03:42:24Z,2026-08-26T05:42:24+0200,e96b9d4a-1054-48fe-90c7-5f4aaf55485c,2026-08-14T14:30:00Z,2026-08-14T16:30:00+0200,0.0,MW,NL,NL,actual_solar_generation,Solar | Actual Consumption,2026-08-26T03:46:52Z
2026-08-26T03:42:24Z,2026-08-26T05:42:24+0200,e96b9d4a-1054-48fe-90c7-5f4aaf55485c,2026-08-14T14:45:00Z,2026-08-14T16:45:00+0200,170.879,MW,NL,NL,actual_solar_generation,Solar | Actual Aggregated,2026-08-26T03:46:52Z
2026-08-26T03:42:24Z,2026-08-26T05:42:24+0200,e96b9d4a-1054-48fe-90c7-5f4aaf55485c,2026-08-14T14:45:00Z,2026-08-14T16:45:00+0200,0.0,MW,NL,NL,actual_solar_generation,Solar | Actual Consumption,2026-08-26T03:46:52Z
2026-08-26T03:42:24Z,2026-08-26T05:42:24+0200,e96b9d4a-1054-48fe-90c7-5f4aaf55485c,2026-08-14T15:00:00Z,2026-08-14T17:00:00+0200,158.96,MW,NL,NL,actual_solar_generation,Solar | Actual Aggregated,2026-08-26T03:46:52Z
2026-08-26T03:42:24Z,2026-08-26T05:42:24+0200,e96b9d4a-1054-48fe-90c7-5f4aaf55485c,2026-08-14T15:00:00Z,2026-08-14T17:00:00+0200,0.0,MW,NL,NL,actual_solar_generation,Solar | Actual Consumption,2026-08-26T03:46:52Z
2026-08-26T03:42:24Z,2026-08-26T05:42:24+0200,e96b9d4a-1054-48fe-90c7-5f4aaf55485c,2026-08-14T15:15:00Z,2026-08-14T17:15:00+0200,146.615,MW,NL,NL,actual_solar_generation,Solar | Actual Aggregated,2026-08-26T03:46:52Z
2026-08-26T03:42:24Z,2026-08-26T05:42:24+0200,e96b9d4a-1054-48fe-90c7-5f4aaf55485c,2026-08-14T15:15:00Z,2026-08-14T17:15:00+0200,0.0,MW,NL,NL,actual_solar_generation,Solar | Actual Consumption,2026-08-26T03:46:52Z
2026-08-26T03:42:24Z,2026-08-26T05:42:24+0200,e96b9d4a-1054-48fe-90c7-5f4aaf55485c,2026-08-14T15:30:00Z,2026-08-14T17:30:00+0200,131.989,MW,NL,NL,actual_solar_generation,Solar | Actual Aggregated,2026-08-26T03:46:52Z
2026-08-26T03:42:24Z,2026-08-26T05:42:24+0200,e96b9d4a-1054-48fe-90c7-5f4aaf55485c,2026-08-14T15:30:00Z,2026-08-14T17:30:00+0200,0.0,MW,NL,NL,actual_solar_generation,Solar | Actual Consumption,2026-08-26T03:46:52Z
2026-08-26T03:42:24Z,2026-08-26T05:42:24+0200,e96b9d4a-1054-48fe-90c7-5f4aaf55485c,2026-08-14T15:45:00Z,2026-08-14T17:45:00+0200,116.335,MW,NL,NL,actual_solar_generation,Solar | Actual Aggregated,2026-08-26T03:46:52Z
2026-08-26T03:42:24Z,2026-08-26T05:42:24+0200,e96b9d4a-1054-48fe-90c7-5f4aaf55485c,2026-08-14T15:45:00Z,2026-08-14T17:45:00+0200,0.0,MW,NL,NL,actual_solar_generation,Solar | Actual Consumption,2026-08-26T03:46:52Z
2026-08-26T03:42:24Z,2026-08-26T05:42:24+0200,e96b9d4a-1054-48fe-90c7-5f4aaf55485c,2026-08-14T16:00:00Z,2026-08-14T18:00:00+0200,101.327,MW,NL,NL,actual_solar_generation,Solar | Actual Aggregated,2026-08-26T03:46:52Z
2026-08-26T03:42:24Z,2026-08-26T05:42:24+0200,e96b9d4a-1054-48fe-90c7-5f4aaf55485c,2026-08-14T16:00:00Z,2026-08-14T18:00:00+0200,0.0,MW,NL,NL,actual_solar_generation,Solar | Actual Consumption,2026-08-26T03:46:52Z
2026-08-26T03:42:24Z,2026-08-26T05:42:24+0200,e96b9d4a-1054-48fe-90c7-5f4aaf55485c,2026-08-14T16:15:00Z,2026-08-14T18:15:00+0200,87.809,MW,NL,NL,actual_solar_generation,Solar | Actual Aggregated,2026-08-26T03:46:52Z
2026-08-26T03:42:24Z,2026-08-26T05:42:24+0200,e96b9d4a-1054-48fe-90c7-5f4aaf55485c,2026-08-14T16:15:00Z,2026-08-14T18:15:00+0200,0.0,MW,NL,NL,actual_solar_generation,Solar | Actual Consumption,2026-08-26T03:46:52Z
2026-08-26T03:42:24Z,2026-08-26T05:42:24+0200,e96b9d4a-1054-48fe-90c7-5f4aaf55485c,2026-08-14T16:30:00Z,2026-08-14T18:30:00+0200,73.927,MW,NL,NL,actual_solar_generation,Solar | Actual Aggregated,2026-08-26T03:46:52Z
2026-08-26T03:42:24Z,2026-08-26T05:42:24+0200,e96b9d4a-1054-48fe-90c7-5f4aaf55485c,2026-08-14T16:30:00Z,2026-08-14T18:30:00+0200,0.0,MW,NL,NL,actual_solar_generation,Solar | Actual Consumption,2026-08-26T03:46:52Z
2026-08-26T03:42:24Z,2026-08-26T05:42:24+0200,e96b9d4a-1054-48fe-90c7-5f4aaf55485c,2026-08-14T16:45:00Z,2026-08-14T18:45:00+0200,60.558,MW,NL,NL,actual_solar_generation,Solar | Actual Aggregated,2026-08-26T03:46:52Z
2026-08-26T03:42:24Z,2026-08-26T05:42:24+0200,e96b9d4a-1054-48fe-90c7-5f4aaf55485c,2026-08-14T16:45:00Z,2026-08-14T18:45:00+0200,0.0,MW,NL,NL,actual_solar_generation,Solar | Actual Consumption,2026-08-26T03:46:52Z
2026-08-26T03:42:24Z,2026-08-26T05:42:24+0200,e96b9d4a-1054-48fe-90c7-5f4aaf55485c,2026-08-14T17:00:00Z,2026-08-14T19:00:00+0200,49.593,MW,NL,NL,actual_solar_generation,Solar | Actual Aggregated,2026-08-26T03:46:52Z
2026-08-26T03:42:24Z,2026-08-26T05:42:24+0200,e96b9d4a-1054-48fe-90c7-5f4aaf55485c,2026-08-14T17:00:00Z,2026-08-14T19:00:00+0200,0.0,MW,NL,NL,actual_solar_generation,Solar | Actual Consumption,2026-08-26T03:46:52Z
2026-08-26T03:42:24Z,2026-08-26T05:42:24+0200,e96b9d4a-1054-48fe-90c7-5f4aaf55485c,2026-08-14T17:15:00Z,2026-08-14T19:15:00+0200,37.207,MW,NL,NL,actual_solar_generation,Solar | Actual Aggregated,2026-08-26T03:46:52Z
2026-08-26T03:42:24Z,2026-08-26T05:42:24+0200,e96b9d4a-1054-48fe-90c7-5f4aaf55485c,2026-08-14T17:15:00Z,2026-08-14T19:15:00+0200,0.0,MW,NL,NL,actual_solar_generation,Solar | Actual Consumption,2026-08-26T03:46:52Z
2026-08-26T03:42:24Z,2026-08-26T05:42:24+0200,e96b9d4a-1054-48fe-90c7-5f4aaf55485c,2026-08-14T17:30:00Z,2026-08-14T19:30:00+0200,24.249,MW,NL,NL,actual_solar_generation,Solar | Actual Aggregated,2026-08-26T03:46:52Z
2026-08-26T03:42:24Z,2026-08-26T05:42:24+0200,e96b9d4a-1054-48fe-90c7-5f4aaf55485c,2026-08-14T17:30:00Z,2026-08-14T19:30:00+0200,0.0,MW,NL,NL,actual_solar_generation,Solar | Actual Consumption,2026-08-26T03:46:52Z
2026-08-26T03:42:24Z,2026-08-26T05:42:24+0200,e96b9d4a-1054-48fe-90c7-5f4aaf55485c,2026-08-14T17:45:00Z,2026-08-14T19:45:00+0200,15.538,MW,NL,NL,actual_solar_generation,Solar | Actual Aggregated,2026-08-26T03:46:52Z
2026-08-26T03:42:24Z,2026-08-26T05:42:24+0200,e96b9d4a-1054-48fe-90c7-5f4aaf55485c,2026-08-14T17:45:00Z,2026-08-14T19:45:00+0200,0.0,MW,NL,NL,actual_solar_generation,Solar | Actual Consumption,2026-08-26T03:46:52Z
2026-08-26T03:42:24Z,2026-08-26T05:42:24+0200,e96b9d4a-1054-48fe-90c7-5f4aaf55485c,2026-08-14T18:00:00Z,2026-08-14T20:00:00+0200,11.147,MW,NL,NL,actual_solar_generation,Solar | Actual Aggregated,2026-08-26T03:46:52Z
2026-08-26T03:42:24Z,2026-08-26T05:42:24+0200,e96b9d4a-1054-48fe-90c7-5f4aaf55485c,2026-08-14T18:00:00Z,2026-08-14T20:00:00+0200,0.0,MW,NL,NL,actual_solar_generation,Solar | Actual Consumption,2026-08-26T03:46:52Z
2026-08-26T03:42:24Z,2026-08-26T05:42:24+0200,e96b9d4a-1054-48fe-90c7-5f4aaf55485c,2026-08-14T18:15:00Z,2026-08-14T20:15:00+0200,6.282,MW,NL,NL,actual_solar_generation,Solar | Actual Aggregated,2026-08-26T03:46:52Z
2026-08-26T03:42:24Z,2026-08-26T05:42:24+0200,e96b9d4a-1054-48fe-90c7-5f4aaf55485c,2026-08-14T18:15:00Z,2026-08-14T20:15:00+0200,0.0,MW,NL,NL,actual_solar_generation,Solar | Actual Consumption,2026-08-26T03:46:52Z
2026-08-26T03:42:24Z,2026-08-26T05:42:24+0200,e96b9d4a-1054-48fe-90c7-5f4aaf55485c,2026-08-14T18:30:00Z,2026-08-14T20:30:00+0200,4.189,MW,NL,NL,actual_solar_generation,Solar | Actual Aggregated,2026-08-26T03:46:52Z
2026-08-26T03:42:24Z,2026-08-26T05:42:24+0200,e96b9d4a-1054-48fe-90c7-5f4aaf55485c,2026-08-14T18:30:00Z,2026-08-14T20:30:00+0200,0.0,MW,NL,NL,actual_solar_generation,Solar | Actual Consumption,2026-08-26T03:46:52Z
2026-08-26T03:42:24Z,2026-08-26T05:42:24+0200,e96b9d4a-1054-48fe-90c7-5f4aaf55485c,2026-08-14T18:45:00Z,2026-08-14T20:45:00+0200,1.005,MW,NL,NL,actual_solar_generation,Solar | Actual Aggregated,2026-08-26T03:46:52Z
2026-08-26T03:42:24Z,2026-08-26T05:42:24+0200,e96b9d4a-1054-48fe-90c7-5f4aaf55485c,2026-08-14T18:45:00Z,2026-08-14T20:45:00+0200,0.511,MW,NL,NL,actual_solar_generation,Solar | Actual Consumption,2026-08-26T03:46:52Z
2026-08-26T03:42:24Z,2026-08-26T05:42:24+0200,e96b9d4a-1054-48fe-90c7-5f4aaf55485c,2026-08-14T19:00:00Z,2026-08-14T21:00:00+0200,0.0,MW,NL,NL,actual_solar_generation,Solar | Actual Aggregated,2026-08-26T03:46:52Z
2026-08-26T03:42:24Z,2026-08-26T05:42:24+0200,e96b9d4a-1054-48fe-90c7-5f4aaf55485c,2026-08-14T19:00:00Z,2026-08-14T21:00:00+0200,0.124,MW,NL,NL,actual_solar_generation,Solar | Actual Consumption,2026-08-26T03:46:52Z
2026-08-26T03:42:24Z,2026-08-26T05:42:24+0200,e96b9d4a-1054-48fe-90c7-5f4aaf55485c,2026-08-14T19:15:00Z,2026-08-14T21:15:00+0200,0.0,MW,NL,NL,actual_solar_generation,Solar | Actual Aggregated,2026-08-26T03:46:52Z
2026-08-26T03:42:24Z,2026-08-26T05:42:24+0200,e96b9d4a-1054-48fe-90c7-5f4aaf55485c,2026-08-14T19:15:00Z,2026-08-14T21:15:00+0200,0.124,MW,NL,NL,actual_solar_generation,Solar | Actual Consumption,2026-08-26T03:46:52Z
2026-08-26T03:42:24Z,2026-08-26T05:42:24+0200,e96b9d4a-1054-48fe-90c7-5f4aaf55485c,2026-08-14T19:30:00Z,2026-08-14T21:30:00+0200,0.0,MW,NL,NL,actual_solar_generation,Solar | Actual Aggregated,2026-08-26T03:46:52Z
2026-08-26T03:42:24Z,2026-08-26T05:42:24+0200,e96b9d4a-1054-48fe-90c7-5f4aaf55485c,2026-08-14T19:30:00Z,2026-08-14T21:30:00+0200,0.124,MW,NL,NL,actual_solar_generation,Solar | Actual Consumption,2026-08-26T03:46:52Z
2026-08-26T03:42:24Z,2026-08-26T05:42:24+0200,e96b9d4a-1054-48fe-90c7-5f4aaf55485c,2026-08-14T19:45:00Z,2026-08-14T21:45:00+0200,0.0,MW,NL,NL,actual_solar_generation,Solar | Actual Aggregated,2026-08-26T03:46:52Z
2026-08-26T03:42:24Z,2026-08-26T05:42:24+0200,e96b9d4a-1054-48fe-90c7-5f4aaf55485c,2026-08-14T19:45:00Z,2026-08-14T21:45:00+0200,0.124,MW,NL,NL,actual_solar_generation,Solar | Actual Consumption,2026-08-26T03:46:52Z
2026-08-26T03:42:24Z,2026-08-26T05:42:24+0200,e96b9d4a-1054-48fe-90c7-5f4aaf55485c,2026-08-14T20:00:00Z,2026-08-14T22:00:00+0200,0.0,MW,NL,NL,actual_solar_generation,Solar | Actual Aggregated,2026-08-26T03:46:52Z
2026-08-26T03:42:24Z,2026-08-26T05:42:24+0200,e96b9d4a-1054-48fe-90c7-5f4aaf55485c,2026-08-14T20:00:00Z,2026-08-14T22:00:00+0200,0.124,MW,NL,NL,actual_solar_generation,Solar | Actual Consumption,2026-08-26T03:46:52Z
2026-08-26T03:42:24Z,2026-08-26T05:42:24+0200,e96b9d4a-1054-48fe-90c7-5f4aaf55485c,2026-08-14T20:15:00Z,2026-08-14T22:15:00+0200,0.0,MW,NL,NL,actual_solar_generation,Solar | Actual Aggregated,2026-08-26T03:46:52Z
2026-08-26T03:42:24Z,2026-08-26T05:42:24+0200,e96b9d4a-1054-48fe-90c7-5f4aaf55485c,2026-08-14T20:15:00Z,2026-08-14T22:15:00+0200,0.124,MW,NL,NL,actual_solar_generation,Solar | Actual Consumption,2026-08-26T03:46:52Z
2026-08-26T03:42:24Z,2026-08-26T05:42:24+0200,e96b9d4a-1054-48fe-90c7-5f4aaf55485c,2026-08-14T20:30:00Z,2026-08-14T22:30:00+0200,0.0,MW,NL,NL,actual_solar_generation,Solar | Actual Aggregated,2026-08-26T03:46:52Z
2026-08-26T03:42:24Z,2026-08-26T05:42:24+0200,e96b9d4a-1054-48fe-90c7-5f4aaf55485c,2026-08-14T20:30:00Z,2026-08-14T22:30:00+0200,0.124,MW,NL,NL,actual_solar_generation,Solar | Actual Consumption,2026-08-26T03:46:52Z
2026-08-26T03:42:24Z,2026-08-26T05:42:24+0200,e96b9d4a-1054-48fe-90c7-5f4aaf55485c,2026-08-14T20:45:00Z,2026-08-14T22:45:00+0200,0.0,MW,NL,NL,actual_solar_generation,Solar | Actual Aggregated,2026-08-26T03:46:52Z
2026-08-26T03:42:24Z,2026-08-26T05:42:24+0200,e96b9d4a-1054-48fe-90c7-5f4aaf55485c,2026-08-14T20:45:00Z,2026-08-14T22:45:00+0200,0.124,MW,NL,NL,actual_solar_generation,Solar | Actual Consumption,2026-08-26T03:46:52Z
2026-08-26T03:42:24Z,2026-08-26T05:42:24+0200,e96b9d4a-1054-48fe-90c7-5f4aaf55485c,2026-08-14T21:00:00Z,2026-08-14T23:00:00+0200,0.0,MW,NL,NL,actual_solar_generation,Solar | Actual Aggregated,2026-08-26T03:46:52Z
2026-08-26T03:42:24Z,2026-08-26T05:42:24+0200,e96b9d4a-1054-48fe-90c7-5f4aaf55485c,2026-08-14T21:00:00Z,2026-08-14T23:00:00+0200,0.124,MW,NL,NL,actual_solar_generation,Solar | Actual Consumption,2026-08-26T03:46:52Z
2026-08-26T03:42:24Z,2026-08-26T05:42:24+0200,e96b9d4a-1054-48fe-90c7-5f4aaf55485c,2026-08-14T21:15:00Z,2026-08-14T23:15:00+0200,0.0,MW,NL,NL,actual_solar_generation,Solar | Actual Aggregated,2026-08-26T03:46:52Z
2026-08-26T03:42:24Z,2026-08-26T05:42:24+0200,e96b9d4a-1054-48fe-90c7-5f4aaf55485c,2026-08-14T21:15:00Z,2026-08-14T23:15:00+0200,0.124,MW,NL,NL,actual_solar_generation,Solar | Actual Consumption,2026-08-26T03:46:52Z
2026-08-26T03:42:24Z,2026-08-26T05:42:24+0200,e96b9d4a-1054-48fe-90c7-5f4aaf55485c,2026-08-14T21:30:00Z,2026-08-14T23:30:00+0200,0.0,MW,NL,NL,actual_solar_generation,Solar | Actual Aggregated,2026-08-26T03:46:52Z
2026-08-26T03:42:24Z,2026-08-26T05:42:24+0200,e96b9d4a-1054-48fe-90c7-5f4aaf55485c,2026-08-14T21:30:00Z,2026-08-14T23:30:00+0200,0.124,MW,NL,NL,actual_solar_generation,Solar | Actual Consumption,2026-08-26T03:46:52Z
2026-08-26T03:42:24Z,2026-08-26T05:42:24+0200,e96b9d4a-1054-48fe-90c7-5f4aaf55485c,2026-08-14T21:45:00Z,2026-08-14T23:45:00+0200,0.0,MW,NL,NL,actual_solar_generation,Solar | Actual Aggregated,2026-08-26T03:46:52Z
2026-08-26T03:42:24Z,2026-08-26T05:42:24+0200,e96b9d4a-1054-48fe-90c7-5f4aaf55485c,2026-08-14T21:45:00Z,2026-08-14T23:45:00+0200,0.124,MW,NL,NL,actual_solar_generation,Solar | Actual Consumption,2026-08-26T03:46:52Z
2026-08-26T03:42:24Z,2026-08-26T05:42:24+0200,e96b9d4a-1054-48fe-90c7-5f4aaf55485c,2026-08-14T22:00:00Z,2026-08-15T00:00:00+0200,0.0,MW,NL,NL,actual_solar_generation,Solar | Actual Aggregated,2026-08-26T03:46:52Z
2026-08-26T03:42:24Z,2026-08-26T05:42:24+0200,e96b9d4a-1054-48fe-90c7-5f4aaf55485c,2026-08-14T22:00:00Z,2026-08-15T00:00:00+0200,0.124,MW,NL,NL,actual_solar_generation,Solar | Actual Consumption,2026-08-26T03:46:52Z
2026-08-26T03:42:24Z,2026-08-26T05:42:24+0200,e96b9d4a-1054-48fe-90c7-5f4aaf55485c,2026-08-14T22:15:00Z,2026-08-15T00:15:00+0200,0.0,MW,NL,NL,actual_solar_generation,Solar | Actual Aggregated,2026-08-26T03:46:52Z
2026-08-26T03:42:24Z,2026-08-26T05:42:24+0200,e96b9d4a-1054-48fe-90c7-5f4aaf55485c,2026-08-14T22:15:00Z,2026-08-15T00:15:00+0200,0.124,MW,NL,NL,actual_solar_generation,Solar | Actual Consumption,2026-08-26T03:46:52Z
2026-08-26T03:42:24Z,2026-08-26T05:42:24+0200,e96b9d4a-1054-48fe-90c7-5f4aaf55485c,2026-08-14T22:30:00Z,2026-08-15T00:30:00+0200,0.0,MW,NL,NL,actual_solar_generation,Solar | Actual Aggregated,2026-08-26T03:46:52Z
2026-08-26T03:42:24Z,2026-08-26T05:42:24+0200,e96b9d4a-1054-48fe-90c7-5f4aaf55485c,2026-08-14T22:30:00Z,2026-08-15T00:30:00+0200,0.124,MW,NL,NL,actual_solar_generation,Solar | Actual Consumption,2026-08-26T03:46:52Z
2026-08-26T03:42:24Z,2026-08-26T05:42:24+0200,e96b9d4a-1054-48fe-90c7-5f4aaf55485c,2026-08-14T22:45:00Z,2026-08-15T00:45:00+0200,0.0,MW,NL,NL,actual_solar_generation,Solar | Actual Aggregated,2026-08-26T03:46:52Z
2026-08-26T03:42:24Z,2026-08-26T05:42:24+0200,e96b9d4a-1054-48fe-90c7-5f4aaf55485c,2026-08-14T22:45:00Z,2026-08-15T00:45:00+0200,0.124,MW,NL,NL,actual_solar_generation,Solar | Actual Consumption,2026-08-26T03:46:52Z
2026-08-26T03:42:24Z,2026-08-26T05:42:24+0200,e96b9d4a-1054-48fe-90c7-5f4aaf55485c,2026-08-14T23:00:00Z,2026-08-15T01:00:00+0200,0.0,MW,NL,NL,actual_solar_generation,Solar | Actual Aggregated,2026-08-26T03:46:52Z
2026-08-26T03:42:24Z,2026-08-26T05:42:24+0200,e96b9d4a-1054-48fe-90c7-5f4aaf55485c,2026-08-14T23:00:00Z,2026-08-15T01:00:00+0200,0.124,MW,NL,NL,actual_solar_generation,Solar | Actual Consumption,2026-08-26T03:46:52Z
2026-08-26T03:42:24Z,2026-08-26T05:42:24+0200,e96b9d4a-1054-48fe-90c7-5f4aaf55485c,2026-08-14T23:15:00Z,2026-08-15T01:15:00+0200,0.0,MW,NL,NL,actual_solar_generation,Solar | Actual Aggregated,2026-08-26T03:46:52Z
2026-08-26T03:42:24Z,2026-08-26T05:42:24+0200,e96b9d4a-1054-48fe-90c7-5f4aaf55485c,2026-08-14T23:15:00Z,2026-08-15T01:15:00+0200,0.124,MW,NL,NL,actual_solar_generation,Solar | Actual Consumption,2026-08-26T03:46:52Z
2026-08-26T03:42:24Z,2026-08-26T05:42:24+0200,e96b9d4a-1054-48fe-90c7-5f4aaf55485c,2026-08-14T23:30:00Z,2026-08-15T01:30:00+0200,0.0,MW,NL,NL,actual_solar_generation,Solar | Actual Aggregated,2026-08-26T03:46:52Z
2026-08-26T03:42:24Z,2026-08-26T05:42:24+0200,e96b9d4a-1054-48fe-90c7-5f4aaf55485c,2026-08-14T23:30:00Z,2026-08-15T01:30:00+0200,0.124,MW,NL,NL,actual_solar_generation,Solar | Actual Consumption,2026-08-26T03:46:52Z
2026-08-26T03:42:24Z,2026-08-26T05:42:24+0200,e96b9d4a-1054-48fe-90c7-5f4aaf55485c,2026-08-14T23:45:00Z,2026-08-15T01:45:00+0200,0.0,MW,NL,NL,actual_solar_generation,Solar | Actual Aggregated,2026-08-26T03:46:52Z
2026-08-26T03:42:24Z,2026-08-26T05:42:24+0200,e96b9d4a-1054-48fe-90c7-5f4aaf55485c,2026-08-14T23:45:00Z,2026-08-15T01:45:00+0200,0.124,MW,NL,NL,actual_solar_generation,Solar | Actual Consumption,2026-08-26T03:46:52Z
2026-08-26T03:42:24Z,2026-08-26T05:42:24+0200,e96b9d4a-1054-48fe-90c7-5f4aaf55485c,2026-08-15T00:00:00Z,2026-08-15T02:00:00+0200,0.0,MW,NL,NL,actual_solar_generation,Solar | Actual Aggregated,2026-08-26T03:46:52Z
2026-08-26T03:42:24Z,2026-08-26T05:42:24+0200,e96b9d4a-1054-48fe-90c7-5f4aaf55485c,2026-08-15T00:00:00Z,2026-08-15T02:00:00+0200,0.124,MW,NL,NL,actual_solar_generation,Solar | Actual Consumption,2026-08-26T03:46:52Z
2026-08-26T03:42:24Z,2026-08-26T05:42:24+0200,e96b9d4a-1054-48fe-90c7-5f4aaf55485c,2026-08-15T00:15:00Z,2026-08-15T02:15:00+0200,0.0,MW,NL,NL,actual_solar_generation,Solar | Actual Aggregated,2026-08-26T03:46:52Z
2026-08-26T03:42:24Z,2026-08-26T05:42:24+0200,e96b9d4a-1054-48fe-90c7-5f4aaf55485c,2026-08-15T00:15:00Z,2026-08-15T02:15:00+0200,0.124,MW,NL,NL,actual_solar_generation,Solar | Actual Consumption,2026-08-26T03:46:52Z
2026-08-26T03:42:24Z,2026-08-26T05:42:24+0200,e96b9d4a-1054-48fe-90c7-5f4aaf55485c,2026-08-15T00:30:00Z,2026-08-15T02:30:00+0200,0.0,MW,NL,NL,actual_solar_generation,Solar | Actual Aggregated,2026-08-26T03:46:52Z
2026-08-26T03:42:24Z,2026-08-26T05:42:24+0200,e96b9d4a-1054-48fe-90c7-5f4aaf55485c,2026-08-15T00:30:00Z,2026-08-15T02:30:00+0200,0.124,MW,NL,NL,actual_solar_generation,Solar | Actual Consumption,2026-08-26T03:46:52Z
2026-08-26T03:42:24Z,2026-08-26T05:42:24+0200,e96b9d4a-1054-48fe-90c7-5f4aaf55485c,2026-08-15T00:45:00Z,2026-08-15T02:45:00+0200,0.0,MW,NL,NL,actual_solar_generation,Solar | Actual Aggregated,2026-08-26T03:46:52Z
2026-08-26T03:42:24Z,2026-08-26T05:42:24+0200,e96b9d4a-1054-48fe-90c7-5f4aaf55485c,2026-08-15T00:45:00Z,2026-08-15T02:45:00+0200,0.141,MW,NL,NL,actual_solar_generation,Solar | Actual Consumption,2026-08-26T03:46:52Z
2026-08-26T03:42:24Z,2026-08-26T05:42:24+0200,e96b9d4a-1054-48fe-90c7-5f4aaf55485c,2026-08-15T01:00:00Z,2026-08-15T03:00:00+0200,0.0,MW,NL,NL,actual_solar_generation,Solar | Actual Aggregated,2026-08-26T03:46:52Z
2026-08-26T03:42:24Z,2026-08-26T05:42:24+0200,e96b9d4a-1054-48fe-90c7-5f4aaf55485c,2026-08-15T01:00:00Z,2026-08-15T03:00:00+0200,0.112,MW,NL,NL,actual_solar_generation,Solar | Actual Consumption,2026-08-26T03:46:52Z
2026-08-26T03:42:24Z,2026-08-26T05:42:24+0200,e96b9d4a-1054-48fe-90c7-5f4aaf55485c,2026-08-15T01:15:00Z,2026-08-15T03:15:00+0200,0.0,MW,NL,NL,actual_solar_generation,Solar | Actual Aggregated,2026-08-26T03:46:52Z
2026-08-26T03:42:24Z,2026-08-26T05:42:24+0200,e96b9d4a-1054-48fe-90c7-5f4aaf55485c,2026-08-15T01:15:00Z,2026-08-15T03:15:00+0200,0.124,MW,NL,NL,actual_solar_generation,Solar | Actual Consumption,2026-08-26T03:46:52Z
2026-08-26T03:42:24Z,2026-08-26T05:42:24+0200,e96b9d4a-1054-48fe-90c7-5f4aaf55485c,2026-08-15T01:30:00Z,2026-08-15T03:30:00+0200,0.0,MW,NL,NL,actual_solar_generation,Solar | Actual Aggregated,2026-08-26T03:46:52Z
2026-08-26T03:42:24Z,2026-08-26T05:42:24+0200,e96b9d4a-1054-48fe-90c7-5f4aaf55485c,2026-08-15T01:30:00Z,2026-08-15T03:30:00+0200,0.124,MW,NL,NL,actual_solar_generation,Solar | Actual Consumption,2026-08-26T03:46:52Z
2026-08-26T03:42:24Z,2026-08-26T05:42:24+0200,e96b9d4a-1054-48fe-90c7-5f4aaf55485c,2026-08-15T01:45:00Z,2026-08-15T03:45:00+0200,0.0,MW,NL,NL,actual_solar_generation,Solar | Actual Aggregated,2026-08-26T03:46:52Z
2026-08-26T03:42:24Z,2026-08-26T05:42:24+0200,e96b9d4a-1054-48fe-90c7-5f4aaf55485c,2026-08-15T01:45:00Z,2026-08-15T03:45:00+0200,0.124,MW,NL,NL,actual_solar_generation,Solar | Actual Consumption,2026-08-26T03:46:52Z
2026-08-26T03:42:24Z,2026-08-26T05:42:24+0200,e96b9d4a-1054-48fe-90c7-5f4aaf55485c,2026-08-15T02:00:00Z,2026-08-15T04:00:00+0200,0.0,MW,NL,NL,actual_solar_generation,Solar | Actual Aggregated,2026-08-26T03:46:52Z
2026-08-26T03:42:24Z,2026-08-26T05:42:24+0200,e96b9d4a-1054-48fe-90c7-5f4aaf55485c,2026-08-15T02:00:00Z,2026-08-15T04:00:00+0200,0.123,MW,NL,NL,actual_solar_generation,Solar | Actual Consumption,2026-08-26T03:46:52Z
2026-08-26T03:42:24Z,2026-08-26T05:42:24+0200,e96b9d4a-1054-48fe-90c7-5f4aaf55485c,2026-08-15T02:15:00Z,2026-08-15T04:15:00+0200,0.0,MW,NL,NL,actual_solar_generation,Solar | Actual Aggregated,2026-08-26T03:46:52Z
2026-08-26T03:42:24Z,2026-08-26T05:42:24+0200,e96b9d4a-1054-48fe-90c7-5f4aaf55485c,2026-08-15T02:15:00Z,2026-08-15T04:15:00+0200,0.134,MW,NL,NL,actual_solar_generation,Solar | Actual Consumption,2026-08-26T03:46:52Z
2026-08-26T03:42:24Z,2026-08-26T05:42:24+0200,e96b9d4a-1054-48fe-90c7-5f4aaf55485c,2026-08-15T02:30:00Z,2026-08-15T04:30:00+0200,0.0,MW,NL,NL,actual_solar_generation,Solar | Actual Aggregated,2026-08-26T03:46:52Z
2026-08-26T03:42:24Z,2026-08-26T05:42:24+0200,e96b9d4a-1054-48fe-90c7-5f4aaf55485c,2026-08-15T02:30:00Z,2026-08-15T04:30:00+0200,0.111,MW,NL,NL,actual_solar_generation,Solar | Actual Consumption,2026-08-26T03:46:52Z
2026-08-26T03:42:24Z,2026-08-26T05:42:24+0200,e96b9d4a-1054-48fe-90c7-5f4aaf55485c,2026-08-15T02:45:00Z,2026-08-15T04:45:00+0200,0.0,MW,NL,NL,actual_solar_generation,Solar | Actual Aggregated,2026-08-26T03:46:52Z
2026-08-26T03:42:24Z,2026-08-26T05:42:24+0200,e96b9d4a-1054-48fe-90c7-5f4aaf55485c,2026-08-15T02:45:00Z,2026-08-15T04:45:00+0200,0.136,MW,NL,NL,actual_solar_generation,Solar | Actual Consumption,2026-08-26T03:46:52Z
2026-08-26T03:42:24Z,2026-08-26T05:42:24+0200,e96b9d4a-1054-48fe-90c7-5f4aaf55485c,2026-08-15T03:00:00Z,2026-08-15T05:00:00+0200,0.0,MW,NL,NL,actual_solar_generation,Solar | Actual Aggregated,2026-08-26T03:46:52Z
2026-08-26T03:42:24Z,2026-08-26T05:42:24+0200,e96b9d4a-1054-48fe-90c7-5f4aaf55485c,2026-08-15T03:00:00Z,2026-08-15T05:00:00+0200,0.128,MW,NL,NL,actual_solar_generation,Solar | Actual Consumption,2026-08-26T03:46:52Z
2026-08-26T03:42:24Z,2026-08-26T05:42:24+0200,e96b9d4a-1054-48fe-90c7-5f4aaf55485c,2026-08-15T03:15:00Z,2026-08-15T05:15:00+0200,0.0,MW,NL,NL,actual_solar_generation,Solar | Actual Aggregated,2026-08-26T03:46:52Z
2026-08-26T03:42:24Z,2026-08-26T05:42:24+0200,e96b9d4a-1054-48fe-90c7-5f4aaf55485c,2026-08-15T03:15:00Z,2026-08-15T05:15:00+0200,0.127,MW,NL,NL,actual_solar_generation,Solar | Actual Consumption,2026-08-26T03:46:52Z
2026-08-26T03:42:24Z,2026-08-26T05:42:24+0200,e96b9d4a-1054-48fe-90c7-5f4aaf55485c,2026-08-15T03:30:00Z,2026-08-15T05:30:00+0200,0.0,MW,NL,NL,actual_solar_generation,Solar | Actual Aggregated,2026-08-26T03:46:52Z
2026-08-26T03:42:24Z,2026-08-26T05:42:24+0200,e96b9d4a-1054-48fe-90c7-5f4aaf55485c,2026-08-15T03:30:00Z,2026-08-15T05:30:00+0200,0.134,MW,NL,NL,actual_solar_generation,Solar | Actual Consumption,2026-08-26T03:46:52Z
2026-08-26T03:42:24Z,2026-08-26T05:42:24+0200,e96b9d4a-1054-48fe-90c7-5f4aaf55485c,2026-08-15T03:45:00Z,2026-08-15T05:45:00+0200,0.0,MW,NL,NL,actual_solar_generation,Solar | Actual Aggregated,2026-08-26T03:46:52Z
2026-08-26T03:42:24Z,2026-08-26T05:42:24+0200,e96b9d4a-1054-48fe-90c7-5f4aaf55485c,2026-08-15T03:45:00Z,2026-08-15T05:45:00+0200,0.117,MW,NL,NL,actual_solar_generation,Solar | Actual Consumption,2026-08-26T03:46:52Z
2026-08-26T03:42:24Z,2026-08-26T05:42:24+0200,e96b9d4a-1054-48fe-90c7-5f4aaf55485c,2026-08-15T04:00:00Z,2026-08-15T06:00:00+0200,0.0,MW,NL,NL,actual_solar_generation,Solar | Actual Aggregated,2026-08-26T03:46:52Z
2026-08-26T03:42:24Z,2026-08-26T05:42:24+0200,e96b9d4a-1054-48fe-90c7-5f4aaf55485c,2026-08-15T04:00:00Z,2026-08-15T06:00:00+0200,0.125,MW,NL,NL,actual_solar_generation,Solar | Actual Consumption,2026-08-26T03:46:52Z
2026-08-26T03:42:24Z,2026-08-26T05:42:24+0200,e96b9d4a-1054-48fe-90c7-5f4aaf55485c,2026-08-15T04:15:00Z,2026-08-15T06:15:00+0200,3.375,MW,NL,NL,actual_solar_generation,Solar | Actual Aggregated,2026-08-26T03:46:52Z
2026-08-26T03:42:24Z,2026-08-26T05:42:24+0200,e96b9d4a-1054-48fe-90c7-5f4aaf55485c,2026-08-15T04:15:00Z,2026-08-15T06:15:00+0200,0.0,MW,NL,NL,actual_solar_generation,Solar | Actual Consumption,2026-08-26T03:46:52Z
2026-08-26T03:42:24Z,2026-08-26T05:42:24+0200,e96b9d4a-1054-48fe-90c7-5f4aaf55485c,2026-08-15T04:30:00Z,2026-08-15T06:30:00+0200,6.95,MW,NL,NL,actual_solar_generation,Solar | Actual Aggregated,2026-08-26T03:46:52Z
2026-08-26T03:42:24Z,2026-08-26T05:42:24+0200,e96b9d4a-1054-48fe-90c7-5f4aaf55485c,2026-08-15T04:30:00Z,2026-08-15T06:30:00+0200,0.0,MW,NL,NL,actual_solar_generation,Solar | Actual Consumption,2026-08-26T03:46:52Z
2026-08-26T03:42:24Z,2026-08-26T05:42:24+0200,e96b9d4a-1054-48fe-90c7-5f4aaf55485c,2026-08-15T04:45:00Z,2026-08-15T06:45:00+0200,13.904,MW,NL,NL,actual_solar_generation,Solar | Actual Aggregated,2026-08-26T03:46:52Z
2026-08-26T03:42:24Z,2026-08-26T05:42:24+0200,e96b9d4a-1054-48fe-90c7-5f4aaf55485c,2026-08-15T04:45:00Z,2026-08-15T06:45:00+0200,0.0,MW,NL,NL,actual_solar_generation,Solar | Actual Consumption,2026-08-26T03:46:52Z
2026-08-26T03:42:24Z,2026-08-26T05:42:24+0200,e96b9d4a-1054-48fe-90c7-5f4aaf55485c,2026-08-15T05:00:00Z,2026-08-15T07:00:00+0200,18.271,MW,NL,NL,actual_solar_generation,Solar | Actual Aggregated,2026-08-26T03:46:52Z
2026-08-26T03:42:24Z,2026-08-26T05:42:24+0200,e96b9d4a-1054-48fe-90c7-5f4aaf55485c,2026-08-15T05:00:00Z,2026-08-15T07:00:00+0200,0.0,MW,NL,NL,actual_solar_generation,Solar | Actual Consumption,2026-08-26T03:46:52Z
2026-08-26T03:42:24Z,2026-08-26T05:42:24+0200,e96b9d4a-1054-48fe-90c7-5f4aaf55485c,2026-08-15T05:15:00Z,2026-08-15T07:15:00+0200,20.017,MW,NL,NL,actual_solar_generation,Solar | Actual Aggregated,2026-08-26T03:46:52Z
2026-08-26T03:42:24Z,2026-08-26T05:42:24+0200,e96b9d4a-1054-48fe-90c7-5f4aaf55485c,2026-08-15T05:15:00Z,2026-08-15T07:15:00+0200,0.0,MW,NL,NL,actual_solar_generation,Solar | Actual Consumption,2026-08-26T03:46:52Z
2026-08-26T03:42:24Z,2026-08-26T05:42:24+0200,e96b9d4a-1054-48fe-90c7-5f4aaf55485c,2026-08-15T05:30:00Z,2026-08-15T07:30:00+0200,22.748,MW,NL,NL,actual_solar_generation,Solar | Actual Aggregated,2026-08-26T03:46:52Z
2026-08-26T03:42:24Z,2026-08-26T05:42:24+0200,e96b9d4a-1054-48fe-90c7-5f4aaf55485c,2026-08-15T05:30:00Z,2026-08-15T07:30:00+0200,0.0,MW,NL,NL,actual_solar_generation,Solar | Actual Consumption,2026-08-26T03:46:52Z
2026-08-26T03:42:24Z,2026-08-26T05:42:24+0200,e96b9d4a-1054-48fe-90c7-5f4aaf55485c,2026-08-15T05:45:00Z,2026-08-15T07:45:00+0200,24.717,MW,NL,NL,actual_solar_generation,Solar | Actual Aggregated,2026-08-26T03:46:52Z
2026-08-26T03:42:24Z,2026-08-26T05:42:24+0200,e96b9d4a-1054-48fe-90c7-5f4aaf55485c,2026-08-15T05:45:00Z,2026-08-15T07:45:00+0200,0.0,MW,NL,NL,actual_solar_generation,Solar | Actual Consumption,2026-08-26T03:46:52Z
2026-08-26T03:42:24Z,2026-08-26T05:42:24+0200,e96b9d4a-1054-48fe-90c7-5f4aaf55485c,2026-08-15T06:00:00Z,2026-08-15T08:00:00+0200,18.975,MW,NL,NL,actual_solar_generation,Solar | Actual Aggregated,2026-08-26T03:46:52Z
2026-08-26T03:42:24Z,2026-08-26T05:42:24+0200,e96b9d4a-1054-48fe-90c7-5f4aaf55485c,2026-08-15T06:00:00Z,2026-08-15T08:00:00+0200,0.0,MW,NL,NL,actual_solar_generation,Solar | Actual Consumption,2026-08-26T03:46:52Z
2026-08-26T03:42:24Z,2026-08-26T05:42:24+0200,e96b9d4a-1054-48fe-90c7-5f4aaf55485c,2026-08-15T06:15:00Z,2026-08-15T08:15:00+0200,18.629,MW,NL,NL,actual_solar_generation,Solar | Actual Aggregated,2026-08-26T03:46:52Z
2026-08-26T03:42:24Z,2026-08-26T05:42:24+0200,e96b9d4a-1054-48fe-90c7-5f4aaf55485c,2026-08-15T06:15:00Z,2026-08-15T08:15:00+0200,0.0,MW,NL,NL,actual_solar_generation,Solar | Actual Consumption,2026-08-26T03:46:52Z
2026-08-26T03:42:24Z,2026-08-26T05:42:24+0200,e96b9d4a-1054-48fe-90c7-5f4aaf55485c,2026-08-15T06:30:00Z,2026-08-15T08:30:00+0200,26.042,MW,NL,NL,actual_solar_generation,Solar | Actual Aggregated,2026-08-26T03:46:52Z
2026-08-26T03:42:24Z,2026-08-26T05:42:24+0200,e96b9d4a-1054-48fe-90c7-5f4aaf55485c,2026-08-15T06:30:00Z,2026-08-15T08:30:00+0200,0.0,MW,NL,NL,actual_solar_generation,Solar | Actual Consumption,2026-08-26T03:46:52Z
2026-08-26T03:42:24Z,2026-08-26T05:42:24+0200,e96b9d4a-1054-48fe-90c7-5f4aaf55485c,2026-08-15T06:45:00Z,2026-08-15T08:45:00+0200,13.208,MW,NL,NL,actual_solar_generation,Solar | Actual Aggregated,2026-08-26T03:46:52Z
2026-08-26T03:42:24Z,2026-08-26T05:42:24+0200,e96b9d4a-1054-48fe-90c7-5f4aaf55485c,2026-08-15T06:45:00Z,2026-08-15T08:45:00+0200,0.0,MW,NL,NL,actual_solar_generation,Solar | Actual Consumption,2026-08-26T03:46:52Z
2026-08-26T03:42:24Z,2026-08-26T05:42:24+0200,e96b9d4a-1054-48fe-90c7-5f4aaf55485c,2026-08-15T07:00:00Z,2026-08-15T09:00:00+0200,14.972,MW,NL,NL,actual_solar_generation,Solar | Actual Aggregated,2026-08-26T03:46:52Z
2026-08-26T03:42:24Z,2026-08-26T05:42:24+0200,e96b9d4a-1054-48fe-90c7-5f4aaf55485c,2026-08-15T07:00:00Z,2026-08-15T09:00:00+0200,0.0,MW,NL,NL,actual_solar_generation,Solar | Actual Consumption,2026-08-26T03:46:52Z
2026-08-26T03:42:24Z,2026-08-26T05:42:24+0200,e96b9d4a-1054-48fe-90c7-5f4aaf55485c,2026-08-15T07:15:00Z,2026-08-15T09:15:00+0200,19.853,MW,NL,NL,actual_solar_generation,Solar | Actual Aggregated,2026-08-26T03:46:52Z
2026-08-26T03:42:24Z,2026-08-26T05:42:24+0200,e96b9d4a-1054-48fe-90c7-5f4aaf55485c,2026-08-15T07:15:00Z,2026-08-15T09:15:00+0200,0.0,MW,NL,NL,actual_solar_generation,Solar | Actual Consumption,2026-08-26T03:46:52Z
2026-08-26T03:42:24Z,2026-08-26T05:42:24+0200,e96b9d4a-1054-48fe-90c7-5f4aaf55485c,2026-08-15T07:30:00Z,2026-08-15T09:30:00+0200,16.663,MW,NL,NL,actual_solar_generation,Solar | Actual Aggregated,2026-08-26T03:46:52Z
2026-08-26T03:42:24Z,2026-08-26T05:42:24+0200,e96b9d4a-1054-48fe-90c7-5f4aaf55485c,2026-08-15T07:30:00Z,2026-08-15T09:30:00+0200,0.0,MW,NL,NL,actual_solar_generation,Solar | Actual Consumption,2026-08-26T03:46:52Z
2026-08-26T03:42:24Z,2026-08-26T05:42:24+0200,e96b9d4a-1054-48fe-90c7-5f4aaf55485c,2026-08-15T07:45:00Z,2026-08-15T09:45:00+0200,17.247,MW,NL,NL,actual_solar_generation,Solar | Actual Aggregated,2026-08-26T03:46:52Z
2026-08-26T03:42:24Z,2026-08-26T05:42:24+0200,e96b9d4a-1054-48fe-90c7-5f4aaf55485c,2026-08-15T07:45:00Z,2026-08-15T09:45:00+0200,0.0,MW,NL,NL,actual_solar_generation,Solar | Actual Consumption,2026-08-26T03:46:52Z
2026-08-26T03:42:24Z,2026-08-26T05:42:24+0200,e96b9d4a-1054-48fe-90c7-5f4aaf55485c,2026-08-15T08:00:00Z,2026-08-15T10:00:00+0200,20.533,MW,NL,NL,actual_solar_generation,Solar | Actual Aggregated,2026-08-26T03:46:52Z
2026-08-26T03:42:24Z,2026-08-26T05:42:24+0200,e96b9d4a-1054-48fe-90c7-5f4aaf55485c,2026-08-15T08:00:00Z,2026-08-15T10:00:00+0200,0.0,MW,NL,NL,actual_solar_generation,Solar | Actual Consumption,2026-08-26T03:46:52Z
2026-08-26T03:42:24Z,2026-08-26T05:42:24+0200,e96b9d4a-1054-48fe-90c7-5f4aaf55485c,2026-08-15T08:15:00Z,2026-08-15T10:15:00+0200,41.04,MW,NL,NL,actual_solar_generation,Solar | Actual Aggregated,2026-08-26T03:46:52Z
2026-08-26T03:42:24Z,2026-08-26T05:42:24+0200,e96b9d4a-1054-48fe-90c7-5f4aaf55485c,2026-08-15T08:15:00Z,2026-08-15T10:15:00+0200,0.0,MW,NL,NL,actual_solar_generation,Solar | Actual Consumption,2026-08-26T03:46:52Z
2026-08-26T03:42:24Z,2026-08-26T05:42:24+0200,e96b9d4a-1054-48fe-90c7-5f4aaf55485c,2026-08-15T08:30:00Z,2026-08-15T10:30:00+0200,36.049,MW,NL,NL,actual_solar_generation,Solar | Actual Aggregated,2026-08-26T03:46:52Z
2026-08-26T03:42:24Z,2026-08-26T05:42:24+0200,e96b9d4a-1054-48fe-90c7-5f4aaf55485c,2026-08-15T08:30:00Z,2026-08-15T10:30:00+0200,0.0,MW,NL,NL,actual_solar_generation,Solar | Actual Consumption,2026-08-26T03:46:52Z
2026-08-26T03:42:24Z,2026-08-26T05:42:24+0200,e96b9d4a-1054-48fe-90c7-5f4aaf55485c,2026-08-15T08:45:00Z,2026-08-15T10:45:00+0200,44.228,MW,NL,NL,actual_solar_generation,Solar | Actual Aggregated,2026-08-26T03:46:52Z
2026-08-26T03:42:24Z,2026-08-26T05:42:24+0200,e96b9d4a-1054-48fe-90c7-5f4aaf55485c,2026-08-15T08:45:00Z,2026-08-15T10:45:00+0200,0.0,MW,NL,NL,actual_solar_generation,Solar | Actual Consumption,2026-08-26T03:46:52Z
2026-08-26T03:42:24Z,2026-08-26T05:42:24+0200,e96b9d4a-1054-48fe-90c7-5f4aaf55485c,2026-08-15T09:00:00Z,2026-08-15T11:00:00+0200,72.038,MW,NL,NL,actual_solar_generation,Solar | Actual Aggregated,2026-08-26T03:46:52Z
2026-08-26T03:42:24Z,2026-08-26T05:42:24+0200,e96b9d4a-1054-48fe-90c7-5f4aaf55485c,2026-08-15T09:00:00Z,2026-08-15T11:00:00+0200,0.0,MW,NL,NL,actual_solar_generation,Solar | Actual Consumption,2026-08-26T03:46:52Z
2026-08-26T03:42:24Z,2026-08-26T05:42:24+0200,e96b9d4a-1054-48fe-90c7-5f4aaf55485c,2026-08-15T09:15:00Z,2026-08-15T11:15:00+0200,61.114,MW,NL,NL,actual_solar_generation,Solar | Actual Aggregated,2026-08-26T03:46:52Z
2026-08-26T03:42:24Z,2026-08-26T05:42:24+0200,e96b9d4a-1054-48fe-90c7-5f4aaf55485c,2026-08-15T09:15:00Z,2026-08-15T11:15:00+0200,0.0,MW,NL,NL,actual_solar_generation,Solar | Actual Consumption,2026-08-26T03:46:52Z
2026-08-26T03:42:24Z,2026-08-26T05:42:24+0200,e96b9d4a-1054-48fe-90c7-5f4aaf55485c,2026-08-15T09:30:00Z,2026-08-15T11:30:00+0200,66.616,MW,NL,NL,actual_solar_generation,Solar | Actual Aggregated,2026-08-26T03:46:52Z
2026-08-26T03:42:24Z,2026-08-26T05:42:24+0200,e96b9d4a-1054-48fe-90c7-5f4aaf55485c,2026-08-15T09:30:00Z,2026-08-15T11:30:00+0200,0.0,MW,NL,NL,actual_solar_generation,Solar | Actual Consumption,2026-08-26T03:46:52Z
2026-08-26T03:42:24Z,2026-08-26T05:42:24+0200,e96b9d4a-1054-48fe-90c7-5f4aaf55485c,2026-08-15T09:45:00Z,2026-08-15T11:45:00+0200,80.787,MW,NL,NL,actual_solar_generation,Solar | Actual Aggregated,2026-08-26T03:46:52Z
2026-08-26T03:42:24Z,2026-08-26T05:42:24+0200,e96b9d4a-1054-48fe-90c7-5f4aaf55485c,2026-08-15T09:45:00Z,2026-08-15T11:45:00+0200,0.0,MW,NL,NL,actual_solar_generation,Solar | Actual Consumption,2026-08-26T03:46:52Z
2026-08-26T03:42:24Z,2026-08-26T05:42:24+0200,e96b9d4a-1054-48fe-90c7-5f4aaf55485c,2026-08-15T10:00:00Z,2026-08-15T12:00:00+0200,91.096,MW,NL,NL,actual_solar_generation,Solar | Actual Aggregated,2026-08-26T03:46:52Z
2026-08-26T03:42:24Z,2026-08-26T05:42:24+0200,e96b9d4a-1054-48fe-90c7-5f4aaf55485c,2026-08-15T10:00:00Z,2026-08-15T12:00:00+0200,0.0,MW,NL,NL,actual_solar_generation,Solar | Actual Consumption,2026-08-26T03:46:52Z
2026-08-26T03:42:24Z,2026-08-26T05:42:24+0200,e96b9d4a-1054-48fe-90c7-5f4aaf55485c,2026-08-15T10:15:00Z,2026-08-15T12:15:00+0200,88.68,MW,NL,NL,actual_solar_generation,Solar | Actual Aggregated,2026-08-26T03:46:52Z
2026-08-26T03:42:24Z,2026-08-26T05:42:24+0200,e96b9d4a-1054-48fe-90c7-5f4aaf55485c,2026-08-15T10:15:00Z,2026-08-15T12:15:00+0200,0.0,MW,NL,NL,actual_solar_generation,Solar | Actual Consumption,2026-08-26T03:46:52Z
2026-08-26T03:42:24Z,2026-08-26T05:42:24+0200,e96b9d4a-1054-48fe-90c7-5f4aaf55485c,2026-08-15T10:30:00Z,2026-08-15T12:30:00+0200,61.71,MW,NL,NL,actual_solar_generation,Solar | Actual Aggregated,2026-08-26T03:46:52Z
2026-08-26T03:42:24Z,2026-08-26T05:42:24+0200,e96b9d4a-1054-48fe-90c7-5f4aaf55485c,2026-08-15T10:30:00Z,2026-08-15T12:30:00+0200,0.0,MW,NL,NL,actual_solar_generation,Solar | Actual Consumption,2026-08-26T03:46:52Z
2026-08-26T03:42:24Z,2026-08-26T05:42:24+0200,e96b9d4a-1054-48fe-90c7-5f4aaf55485c,2026-08-15T10:45:00Z,2026-08-15T12:45:00+0200,56.15,MW,NL,NL,actual_solar_generation,Solar | Actual Aggregated,2026-08-26T03:46:52Z
2026-08-26T03:42:24Z,2026-08-26T05:42:24+0200,e96b9d4a-1054-48fe-90c7-5f4aaf55485c,2026-08-15T10:45:00Z,2026-08-15T12:45:00+0200,0.0,MW,NL,NL,actual_solar_generation,Solar | Actual Consumption,2026-08-26T03:46:52Z
2026-08-26T03:42:24Z,2026-08-26T05:42:24+0200,e96b9d4a-1054-48fe-90c7-5f4aaf55485c,2026-08-15T11:00:00Z,2026-08-15T13:00:00+0200,70.487,MW,NL,NL,actual_solar_generation,Solar | Actual Aggregated,2026-08-26T03:46:52Z
2026-08-26T03:42:24Z,2026-08-26T05:42:24+0200,e96b9d4a-1054-48fe-90c7-5f4aaf55485c,2026-08-15T11:00:00Z,2026-08-15T13:00:00+0200,0.0,MW,NL,NL,actual_solar_generation,Solar | Actual Consumption,2026-08-26T03:46:52Z
2026-08-26T03:42:24Z,2026-08-26T05:42:24+0200,e96b9d4a-1054-48fe-90c7-5f4aaf55485c,2026-08-15T11:15:00Z,2026-08-15T13:15:00+0200,96.945,MW,NL,NL,actual_solar_generation,Solar | Actual Aggregated,2026-08-26T03:46:52Z
2026-08-26T03:42:24Z,2026-08-26T05:42:24+0200,e96b9d4a-1054-48fe-90c7-5f4aaf55485c,2026-08-15T11:15:00Z,2026-08-15T13:15:00+0200,0.0,MW,NL,NL,actual_solar_generation,Solar | Actual Consumption,2026-08-26T03:46:52Z
2026-08-26T03:42:24Z,2026-08-26T05:42:24+0200,e96b9d4a-1054-48fe-90c7-5f4aaf55485c,2026-08-15T11:30:00Z,2026-08-15T13:30:00+0200,115.331,MW,NL,NL,actual_solar_generation,Solar | Actual Aggregated,2026-08-26T03:46:52Z
2026-08-26T03:42:24Z,2026-08-26T05:42:24+0200,e96b9d4a-1054-48fe-90c7-5f4aaf55485c,2026-08-15T11:30:00Z,2026-08-15T13:30:00+0200,0.0,MW,NL,NL,actual_solar_generation,Solar | Actual Consumption,2026-08-26T03:46:52Z
2026-08-26T03:42:24Z,2026-08-26T05:42:24+0200,e96b9d4a-1054-48fe-90c7-5f4aaf55485c,2026-08-15T11:45:00Z,2026-08-15T13:45:00+0200,129.397,MW,NL,NL,actual_solar_generation,Solar | Actual Aggregated,2026-08-26T03:46:52Z
2026-08-26T03:42:24Z,2026-08-26T05:42:24+0200,e96b9d4a-1054-48fe-90c7-5f4aaf55485c,2026-08-15T11:45:00Z,2026-08-15T13:45:00+0200,0.0,MW,NL,NL,actual_solar_generation,Solar | Actual Consumption,2026-08-26T03:46:52Z
2026-08-26T03:42:24Z,2026-08-26T05:42:24+0200,e96b9d4a-1054-48fe-90c7-5f4aaf55485c,2026-08-15T12:00:00Z,2026-08-15T14:00:00+0200,112.608,MW,NL,NL,actual_solar_generation,Solar | Actual Aggregated,2026-08-26T03:46:52Z
2026-08-26T03:42:24Z,2026-08-26T05:42:24+0200,e96b9d4a-1054-48fe-90c7-5f4aaf55485c,2026-08-15T12:00:00Z,2026-08-15T14:00:00+0200,0.0,MW,NL,NL,actual_solar_generation,Solar | Actual Consumption,2026-08-26T03:46:52Z
2026-08-26T03:42:24Z,2026-08-26T05:42:24+0200,e96b9d4a-1054-48fe-90c7-5f4aaf55485c,2026-08-15T12:15:00Z,2026-08-15T14:15:00+0200,137.289,MW,NL,NL,actual_solar_generation,Solar | Actual Aggregated,2026-08-26T03:46:52Z
2026-08-26T03:42:24Z,2026-08-26T05:42:24+0200,e96b9d4a-1054-48fe-90c7-5f4aaf55485c,2026-08-15T12:15:00Z,2026-08-15T14:15:00+0200,0.0,MW,NL,NL,actual_solar_generation,Solar | Actual Consumption,2026-08-26T03:46:52Z
2026-08-26T03:42:24Z,2026-08-26T05:42:24+0200,e96b9d4a-1054-48fe-90c7-5f4aaf55485c,2026-08-15T12:30:00Z,2026-08-15T14:30:00+0200,118.004,MW,NL,NL,actual_solar_generation,Solar | Actual Aggregated,2026-08-26T03:46:52Z
2026-08-26T03:42:24Z,2026-08-26T05:42:24+0200,e96b9d4a-1054-48fe-90c7-5f4aaf55485c,2026-08-15T12:30:00Z,2026-08-15T14:30:00+0200,0.0,MW,NL,NL,actual_solar_generation,Solar | Actual Consumption,2026-08-26T03:46:52Z
2026-08-26T03:42:24Z,2026-08-26T05:42:24+0200,e96b9d4a-1054-48fe-90c7-5f4aaf55485c,2026-08-15T12:45:00Z,2026-08-15T14:45:00+0200,99.275,MW,NL,NL,actual_solar_generation,Solar | Actual Aggregated,2026-08-26T03:46:52Z
2026-08-26T03:42:24Z,2026-08-26T05:42:24+0200,e96b9d4a-1054-48fe-90c7-5f4aaf55485c,2026-08-15T12:45:00Z,2026-08-15T14:45:00+0200,0.0,MW,NL,NL,actual_solar_generation,Solar | Actual Consumption,2026-08-26T03:46:52Z
2026-08-26T03:42:24Z,2026-08-26T05:42:24+0200,e96b9d4a-1054-48fe-90c7-5f4aaf55485c,2026-08-15T13:00:00Z,2026-08-15T15:00:00+0200,86.547,MW,NL,NL,actual_solar_generation,Solar | Actual Aggregated,2026-08-26T03:46:52Z
2026-08-26T03:42:24Z,2026-08-26T05:42:24+0200,e96b9d4a-1054-48fe-90c7-5f4aaf55485c,2026-08-15T13:00:00Z,2026-08-15T15:00:00+0200,0.0,MW,NL,NL,actual_solar_generation,Solar | Actual Consumption,2026-08-26T03:46:52Z
2026-08-26T03:42:24Z,2026-08-26T05:42:24+0200,e96b9d4a-1054-48fe-90c7-5f4aaf55485c,2026-08-15T13:15:00Z,2026-08-15T15:15:00+0200,72.357,MW,NL,NL,actual_solar_generation,Solar | Actual Aggregated,2026-08-26T03:46:52Z
2026-08-26T03:42:24Z,2026-08-26T05:42:24+0200,e96b9d4a-1054-48fe-90c7-5f4aaf55485c,2026-08-15T13:15:00Z,2026-08-15T15:15:00+0200,0.0,MW,NL,NL,actual_solar_generation,Solar | Actual Consumption,2026-08-26T03:46:52Z
2026-08-26T03:42:24Z,2026-08-26T05:42:24+0200,e96b9d4a-1054-48fe-90c7-5f4aaf55485c,2026-08-15T13:30:00Z,2026-08-15T15:30:00+0200,66.918,MW,NL,NL,actual_solar_generation,Solar | Actual Aggregated,2026-08-26T03:46:52Z
2026-08-26T03:42:24Z,2026-08-26T05:42:24+0200,e96b9d4a-1054-48fe-90c7-5f4aaf55485c,2026-08-15T13:30:00Z,2026-08-15T15:30:00+0200,0.0,MW,NL,NL,actual_solar_generation,Solar | Actual Consumption,2026-08-26T03:46:52Z
2026-08-26T03:42:24Z,2026-08-26T05:42:24+0200,e96b9d4a-1054-48fe-90c7-5f4aaf55485c,2026-08-15T13:45:00Z,2026-08-15T15:45:00+0200,57.568,MW,NL,NL,actual_solar_generation,Solar | Actual Aggregated,2026-08-26T03:46:52Z
2026-08-26T03:42:24Z,2026-08-26T05:42:24+0200,e96b9d4a-1054-48fe-90c7-5f4aaf55485c,2026-08-15T13:45:00Z,2026-08-15T15:45:00+0200,0.0,MW,NL,NL,actual_solar_generation,Solar | Actual Consumption,2026-08-26T03:46:52Z
2026-08-26T03:42:24Z,2026-08-26T05:42:24+0200,e96b9d4a-1054-48fe-90c7-5f4aaf55485c,2026-08-15T14:00:00Z,2026-08-15T16:00:00+0200,62.549,MW,NL,NL,actual_solar_generation,Solar | Actual Aggregated,2026-08-26T03:46:52Z
2026-08-26T03:42:24Z,2026-08-26T05:42:24+0200,e96b9d4a-1054-48fe-90c7-5f4aaf55485c,2026-08-15T14:00:00Z,2026-08-15T16:00:00+0200,0.0,MW,NL,NL,actual_solar_generation,Solar | Actual Consumption,2026-08-26T03:46:52Z
2026-08-26T03:42:24Z,2026-08-26T05:42:24+0200,e96b9d4a-1054-48fe-90c7-5f4aaf55485c,2026-08-15T14:15:00Z,2026-08-15T16:15:00+0200,89.386,MW,NL,NL,actual_solar_generation,Solar | Actual Aggregated,2026-08-26T03:46:52Z
2026-08-26T03:42:24Z,2026-08-26T05:42:24+0200,e96b9d4a-1054-48fe-90c7-5f4aaf55485c,2026-08-15T14:15:00Z,2026-08-15T16:15:00+0200,0.0,MW,NL,NL,actual_solar_generation,Solar | Actual Consumption,2026-08-26T03:46:52Z
2026-08-26T03:42:24Z,2026-08-26T05:42:24+0200,e96b9d4a-1054-48fe-90c7-5f4aaf55485c,2026-08-15T14:30:00Z,2026-08-15T16:30:00+0200,79.588,MW,NL,NL,actual_solar_generation,Solar | Actual Aggregated,2026-08-26T03:46:52Z
2026-08-26T03:42:24Z,2026-08-26T05:42:24+0200,e96b9d4a-1054-48fe-90c7-5f4aaf55485c,2026-08-15T14:30:00Z,2026-08-15T16:30:00+0200,0.0,MW,NL,NL,actual_solar_generation,Solar | Actual Consumption,2026-08-26T03:46:52Z
2026-08-26T03:42:24Z,2026-08-26T05:42:24+0200,e96b9d4a-1054-48fe-90c7-5f4aaf55485c,2026-08-15T14:45:00Z,2026-08-15T16:45:00+0200,74.101,MW,NL,NL,actual_solar_generation,Solar | Actual Aggregated,2026-08-26T03:46:52Z
2026-08-26T03:42:24Z,2026-08-26T05:42:24+0200,e96b9d4a-1054-48fe-90c7-5f4aaf55485c,2026-08-15T14:45:00Z,2026-08-15T16:45:00+0200,0.0,MW,NL,NL,actual_solar_generation,Solar | Actual Consumption,2026-08-26T03:46:52Z
2026-08-26T03:42:24Z,2026-08-26T05:42:24+0200,e96b9d4a-1054-48fe-90c7-5f4aaf55485c,2026-08-15T15:00:00Z,2026-08-15T17:00:00+0200,64.969,MW,NL,NL,actual_solar_generation,Solar | Actual Aggregated,2026-08-26T03:46:52Z
2026-08-26T03:42:24Z,2026-08-26T05:42:24+0200,e96b9d4a-1054-48fe-90c7-5f4aaf55485c,2026-08-15T15:00:00Z,2026-08-15T17:00:00+0200,0.0,MW,NL,NL,actual_solar_generation,Solar | Actual Consumption,2026-08-26T03:46:52Z
2026-08-26T03:42:24Z,2026-08-26T05:42:24+0200,e96b9d4a-1054-48fe-90c7-5f4aaf55485c,2026-08-15T15:15:00Z,2026-08-15T17:15:00+0200,55.417,MW,NL,NL,actual_solar_generation,Solar | Actual Aggregated,2026-08-26T03:46:52Z
2026-08-26T03:42:24Z,2026-08-26T05:42:24+0200,e96b9d4a-1054-48fe-90c7-5f4aaf55485c,2026-08-15T15:15:00Z,2026-08-15T17:15:00+0200,0.0,MW,NL,NL,actual_solar_generation,Solar | Actual Consumption,2026-08-26T03:46:52Z
2026-08-26T03:42:24Z,2026-08-26T05:42:24+0200,e96b9d4a-1054-48fe-90c7-5f4aaf55485c,2026-08-15T15:30:00Z,2026-08-15T17:30:00+0200,47.626,MW,NL,NL,actual_solar_generation,Solar | Actual Aggregated,2026-08-26T03:46:52Z
2026-08-26T03:42:24Z,2026-08-26T05:42:24+0200,e96b9d4a-1054-48fe-90c7-5f4aaf55485c,2026-08-15T15:30:00Z,2026-08-15T17:30:00+0200,0.0,MW,NL,NL,actual_solar_generation,Solar | Actual Consumption,2026-08-26T03:46:52Z
2026-08-26T03:42:24Z,2026-08-26T05:42:24+0200,e96b9d4a-1054-48fe-90c7-5f4aaf55485c,2026-08-15T15:45:00Z,2026-08-15T17:45:00+0200,49.849,MW,NL,NL,actual_solar_generation,Solar | Actual Aggregated,2026-08-26T03:46:52Z
2026-08-26T03:42:24Z,2026-08-26T05:42:24+0200,e96b9d4a-1054-48fe-90c7-5f4aaf55485c,2026-08-15T15:45:00Z,2026-08-15T17:45:00+0200,0.0,MW,NL,NL,actual_solar_generation,Solar | Actual Consumption,2026-08-26T03:46:52Z
2026-08-26T03:42:24Z,2026-08-26T05:42:24+0200,e96b9d4a-1054-48fe-90c7-5f4aaf55485c,2026-08-15T16:00:00Z,2026-08-15T18:00:00+0200,45.887,MW,NL,NL,actual_solar_generation,Solar | Actual Aggregated,2026-08-26T03:46:52Z
2026-08-26T03:42:24Z,2026-08-26T05:42:24+0200,e96b9d4a-1054-48fe-90c7-5f4aaf55485c,2026-08-15T16:00:00Z,2026-08-15T18:00:00+0200,0.0,MW,NL,NL,actual_solar_generation,Solar | Actual Consumption,2026-08-26T03:46:52Z
2026-08-26T03:42:24Z,2026-08-26T05:42:24+0200,e96b9d4a-1054-48fe-90c7-5f4aaf55485c,2026-08-15T16:15:00Z,2026-08-15T18:15:00+0200,32.336,MW,NL,NL,actual_solar_generation,Solar | Actual Aggregated,2026-08-26T03:46:52Z
2026-08-26T03:42:24Z,2026-08-26T05:42:24+0200,e96b9d4a-1054-48fe-90c7-5f4aaf55485c,2026-08-15T16:15:00Z,2026-08-15T18:15:00+0200,0.0,MW,NL,NL,actual_solar_generation,Solar | Actual Consumption,2026-08-26T03:46:52Z
2026-08-26T03:42:24Z,2026-08-26T05:42:24+0200,e96b9d4a-1054-48fe-90c7-5f4aaf55485c,2026-08-15T16:30:00Z,2026-08-15T18:30:00+0200,26.936,MW,NL,NL,actual_solar_generation,Solar | Actual Aggregated,2026-08-26T03:46:52Z
2026-08-26T03:42:24Z,2026-08-26T05:42:24+0200,e96b9d4a-1054-48fe-90c7-5f4aaf55485c,2026-08-15T16:30:00Z,2026-08-15T18:30:00+0200,0.0,MW,NL,NL,actual_solar_generation,Solar | Actual Consumption,2026-08-26T03:46:52Z
2026-08-26T03:42:24Z,2026-08-26T05:42:24+0200,e96b9d4a-1054-48fe-90c7-5f4aaf55485c,2026-08-15T16:45:00Z,2026-08-15T18:45:00+0200,17.835,MW,NL,NL,actual_solar_generation,Solar | Actual Aggregated,2026-08-26T03:46:52Z
2026-08-26T03:42:24Z,2026-08-26T05:42:24+0200,e96b9d4a-1054-48fe-90c7-5f4aaf55485c,2026-08-15T16:45:00Z,2026-08-15T18:45:00+0200,0.0,MW,NL,NL,actual_solar_generation,Solar | Actual Consumption,2026-08-26T03:46:52Z
2026-08-26T03:42:24Z,2026-08-26T05:42:24+0200,e96b9d4a-1054-48fe-90c7-5f4aaf55485c,2026-08-15T17:00:00Z,2026-08-15T19:00:00+0200,14.185,MW,NL,NL,actual_solar_generation,Solar | Actual Aggregated,2026-08-26T03:46:52Z
2026-08-26T03:42:24Z,2026-08-26T05:42:24+0200,e96b9d4a-1054-48fe-90c7-5f4aaf55485c,2026-08-15T17:00:00Z,2026-08-15T19:00:00+0200,0.0,MW,NL,NL,actual_solar_generation,Solar | Actual Consumption,2026-08-26T03:46:52Z
2026-08-26T03:42:24Z,2026-08-26T05:42:24+0200,e96b9d4a-1054-48fe-90c7-5f4aaf55485c,2026-08-15T17:15:00Z,2026-08-15T19:15:00+0200,10.522,MW,NL,NL,actual_solar_generation,Solar | Actual Aggregated,2026-08-26T03:46:52Z
2026-08-26T03:42:24Z,2026-08-26T05:42:24+0200,e96b9d4a-1054-48fe-90c7-5f4aaf55485c,2026-08-15T17:15:00Z,2026-08-15T19:15:00+0200,0.0,MW,NL,NL,actual_solar_generation,Solar | Actual Consumption,2026-08-26T03:46:52Z
2026-08-26T03:42:24Z,2026-08-26T05:42:24+0200,e96b9d4a-1054-48fe-90c7-5f4aaf55485c,2026-08-15T17:30:00Z,2026-08-15T19:30:00+0200,7.388,MW,NL,NL,actual_solar_generation,Solar | Actual Aggregated,2026-08-26T03:46:52Z
2026-08-26T03:42:24Z,2026-08-26T05:42:24+0200,e96b9d4a-1054-48fe-90c7-5f4aaf55485c,2026-08-15T17:30:00Z,2026-08-15T19:30:00+0200,0.0,MW,NL,NL,actual_solar_generation,Solar | Actual Consumption,2026-08-26T03:46:52Z
2026-08-26T03:42:24Z,2026-08-26T05:42:24+0200,e96b9d4a-1054-48fe-90c7-5f4aaf55485c,2026-08-15T17:45:00Z,2026-08-15T19:45:00+0200,5.721,MW,NL,NL,actual_solar_generation,Solar | Actual Aggregated,2026-08-26T03:46:52Z
2026-08-26T03:42:24Z,2026-08-26T05:42:24+0200,e96b9d4a-1054-48fe-90c7-5f4aaf55485c,2026-08-15T17:45:00Z,2026-08-15T19:45:00+0200,0.0,MW,NL,NL,actual_solar_generation,Solar | Actual Consumption,2026-08-26T03:46:52Z
2026-08-26T03:42:24Z,2026-08-26T05:42:24+0200,e96b9d4a-1054-48fe-90c7-5f4aaf55485c,2026-08-15T18:00:00Z,2026-08-15T20:00:00+0200,4.651,MW,NL,NL,actual_solar_generation,Solar | Actual Aggregated,2026-08-26T03:46:52Z
2026-08-26T03:42:24Z,2026-08-26T05:42:24+0200,e96b9d4a-1054-48fe-90c7-5f4aaf55485c,2026-08-15T18:00:00Z,2026-08-15T20:00:00+0200,0.0,MW,NL,NL,actual_solar_generation,Solar | Actual Consumption,2026-08-26T03:46:52Z
2026-08-26T03:42:24Z,2026-08-26T05:42:24+0200,e96b9d4a-1054-48fe-90c7-5f4aaf55485c,2026-08-15T18:15:00Z,2026-08-15T20:15:00+0200,4.414,MW,NL,NL,actual_solar_generation,Solar | Actual Aggregated,2026-08-26T03:46:52Z
2026-08-26T03:42:24Z,2026-08-26T05:42:24+0200,e96b9d4a-1054-48fe-90c7-5f4aaf55485c,2026-08-15T18:15:00Z,2026-08-15T20:15:00+0200,0.0,MW,NL,NL,actual_solar_generation,Solar | Actual Consumption,2026-08-26T03:46:52Z
2026-08-26T03:42:24Z,2026-08-26T05:42:24+0200,e96b9d4a-1054-48fe-90c7-5f4aaf55485c,2026-08-15T18:30:00Z,2026-08-15T20:30:00+0200,4.267,MW,NL,NL,actual_solar_generation,Solar | Actual Aggregated,2026-08-26T03:46:52Z
2026-08-26T03:42:24Z,2026-08-26T05:42:24+0200,e96b9d4a-1054-48fe-90c7-5f4aaf55485c,2026-08-15T18:30:00Z,2026-08-15T20:30:00+0200,0.0,MW,NL,NL,actual_solar_generation,Solar | Actual Consumption,2026-08-26T03:46:52Z
2026-08-26T03:42:24Z,2026-08-26T05:42:24+0200,e96b9d4a-1054-48fe-90c7-5f4aaf55485c,2026-08-15T18:45:00Z,2026-08-15T20:45:00+0200,1.906,MW,NL,NL,actual_solar_generation,Solar | Actual Aggregated,2026-08-26T03:46:52Z
2026-08-26T03:42:24Z,2026-08-26T05:42:24+0200,e96b9d4a-1054-48fe-90c7-5f4aaf55485c,2026-08-15T18:45:00Z,2026-08-15T20:45:00+0200,0.331,MW,NL,NL,actual_solar_generation,Solar | Actual Consumption,2026-08-26T03:46:52Z
2026-08-26T03:42:24Z,2026-08-26T05:42:24+0200,e96b9d4a-1054-48fe-90c7-5f4aaf55485c,2026-08-15T19:00:00Z,2026-08-15T21:00:00+0200,0.0,MW,NL,NL,actual_solar_generation,Solar | Actual Aggregated,2026-08-26T03:46:52Z
2026-08-26T03:42:24Z,2026-08-26T05:42:24+0200,e96b9d4a-1054-48fe-90c7-5f4aaf55485c,2026-08-15T19:00:00Z,2026-08-15T21:00:00+0200,0.875,MW,NL,NL,actual_solar_generation,Solar | Actual Consumption,2026-08-26T03:46:52Z
2026-08-26T03:42:24Z,2026-08-26T05:42:24+0200,e96b9d4a-1054-48fe-90c7-5f4aaf55485c,2026-08-15T19:15:00Z,2026-08-15T21:15:00+0200,0.0,MW,NL,NL,actual_solar_generation,Solar | Actual Aggregated,2026-08-26T03:46:52Z
2026-08-26T03:42:24Z,2026-08-26T05:42:24+0200,e96b9d4a-1054-48fe-90c7-5f4aaf55485c,2026-08-15T19:15:00Z,2026-08-15T21:15:00+0200,0.127,MW,NL,NL,actual_solar_generation,Solar | Actual Consumption,2026-08-26T03:46:52Z
2026-08-26T03:42:24Z,2026-08-26T05:42:24+0200,e96b9d4a-1054-48fe-90c7-5f4aaf55485c,2026-08-15T19:30:00Z,2026-08-15T21:30:00+0200,0.0,MW,NL,NL,actual_solar_generation,Solar | Actual Aggregated,2026-08-26T03:46:52Z
2026-08-26T03:42:24Z,2026-08-26T05:42:24+0200,e96b9d4a-1054-48fe-90c7-5f4aaf55485c,2026-08-15T19:30:00Z,2026-08-15T21:30:00+0200,0.127,MW,NL,NL,actual_solar_generation,Solar | Actual Consumption,2026-08-26T03:46:52Z
2026-08-26T03:42:24Z,2026-08-26T05:42:24+0200,e96b9d4a-1054-48fe-90c7-5f4aaf55485c,2026-08-15T19:45:00Z,2026-08-15T21:45:00+0200,0.0,MW,NL,NL,actual_solar_generation,Solar | Actual Aggregated,2026-08-26T03:46:52Z
2026-08-26T03:42:24Z,2026-08-26T05:42:24+0200,e96b9d4a-1054-48fe-90c7-5f4aaf55485c,2026-08-15T19:45:00Z,2026-08-15T21:45:00+0200,0.127,MW,NL,NL,actual_solar_generation,Solar | Actual Consumption,2026-08-26T03:46:52Z
2026-08-26T03:42:24Z,2026-08-26T05:42:24+0200,e96b9d4a-1054-48fe-90c7-5f4aaf55485c,2026-08-15T20:00:00Z,2026-08-15T22:00:00+0200,0.0,MW,NL,NL,actual_solar_generation,Solar | Actual Aggregated,2026-08-26T03:46:52Z
2026-08-26T03:42:24Z,2026-08-26T05:42:24+0200,e96b9d4a-1054-48fe-90c7-5f4aaf55485c,2026-08-15T20:00:00Z,2026-08-15T22:00:00+0200,0.117,MW,NL,NL,actual_solar_generation,Solar | Actual Consumption,2026-08-26T03:46:52Z
2026-08-26T03:42:24Z,2026-08-26T05:42:24+0200,e96b9d4a-1054-48fe-90c7-5f4aaf55485c,2026-08-15T20:15:00Z,2026-08-15T22:15:00+0200,0.0,MW,NL,NL,actual_solar_generation,Solar | Actual Aggregated,2026-08-26T03:46:52Z
2026-08-26T03:42:24Z,2026-08-26T05:42:24+0200,e96b9d4a-1054-48fe-90c7-5f4aaf55485c,2026-08-15T20:15:00Z,2026-08-15T22:15:00+0200,0.122,MW,NL,NL,actual_solar_generation,Solar | Actual Consumption,2026-08-26T03:46:52Z
2026-08-26T03:42:24Z,2026-08-26T05:42:24+0200,e96b9d4a-1054-48fe-90c7-5f4aaf55485c,2026-08-15T20:30:00Z,2026-08-15T22:30:00+0200,0.0,MW,NL,NL,actual_solar_generation,Solar | Actual Aggregated,2026-08-26T03:46:52Z
2026-08-26T03:42:24Z,2026-08-26T05:42:24+0200,e96b9d4a-1054-48fe-90c7-5f4aaf55485c,2026-08-15T20:30:00Z,2026-08-15T22:30:00+0200,0.118,MW,NL,NL,actual_solar_generation,Solar | Actual Consumption,2026-08-26T03:46:52Z
2026-08-26T03:42:24Z,2026-08-26T05:42:24+0200,e96b9d4a-1054-48fe-90c7-5f4aaf55485c,2026-08-15T20:45:00Z,2026-08-15T22:45:00+0200,0.0,MW,NL,NL,actual_solar_generation,Solar | Actual Aggregated,2026-08-26T03:46:52Z
2026-08-26T03:42:24Z,2026-08-26T05:42:24+0200,e96b9d4a-1054-48fe-90c7-5f4aaf55485c,2026-08-15T20:45:00Z,2026-08-15T22:45:00+0200,0.135,MW,NL,NL,actual_solar_generation,Solar | Actual Consumption,2026-08-26T03:46:52Z
2026-08-26T03:42:24Z,2026-08-26T05:42:24+0200,e96b9d4a-1054-48fe-90c7-5f4aaf55485c,2026-08-15T21:00:00Z,2026-08-15T23:00:00+0200,0.0,MW,NL,NL,actual_solar_generation,Solar | Actual Aggregated,2026-08-26T03:46:52Z
2026-08-26T03:42:24Z,2026-08-26T05:42:24+0200,e96b9d4a-1054-48fe-90c7-5f4aaf55485c,2026-08-15T21:00:00Z,2026-08-15T23:00:00+0200,0.126,MW,NL,NL,actual_solar_generation,Solar | Actual Consumption,2026-08-26T03:46:52Z
2026-08-26T03:42:24Z,2026-08-26T05:42:24+0200,e96b9d4a-1054-48fe-90c7-5f4aaf55485c,2026-08-15T21:15:00Z,2026-08-15T23:15:00+0200,0.0,MW,NL,NL,actual_solar_generation,Solar | Actual Aggregated,2026-08-26T03:46:52Z
2026-08-26T03:42:24Z,2026-08-26T05:42:24+0200,e96b9d4a-1054-48fe-90c7-5f4aaf55485c,2026-08-15T21:15:00Z,2026-08-15T23:15:00+0200,0.126,MW,NL,NL,actual_solar_generation,Solar | Actual Consumption,2026-08-26T03:46:52Z
2026-08-26T03:42:24Z,2026-08-26T05:42:24+0200,e96b9d4a-1054-48fe-90c7-5f4aaf55485c,2026-08-15T21:30:00Z,2026-08-15T23:30:00+0200,0.0,MW,NL,NL,actual_solar_generation,Solar | Actual Aggregated,2026-08-26T03:46:52Z
2026-08-26T03:42:24Z,2026-08-26T05:42:24+0200,e96b9d4a-1054-48fe-90c7-5f4aaf55485c,2026-08-15T21:30:00Z,2026-08-15T23:30:00+0200,0.137,MW,NL,NL,actual_solar_generation,Solar | Actual Consumption,2026-08-26T03:46:52Z
2026-08-26T03:42:24Z,2026-08-26T05:42:24+0200,e96b9d4a-1054-48fe-90c7-5f4aaf55485c,2026-08-15T21:45:00Z,2026-08-15T23:45:00+0200,0.0,MW,NL,NL,actual_solar_generation,Solar | Actual Aggregated,2026-08-26T03:46:52Z
2026-08-26T03:42:24Z,2026-08-26T05:42:24+0200,e96b9d4a-1054-48fe-90c7-5f4aaf55485c,2026-08-15T21:45:00Z,2026-08-15T23:45:00+0200,0.125,MW,NL,NL,actual_solar_generation,Solar | Actual Consumption,2026-08-26T03:46:52Z
2026-08-26T03:42:24Z,2026-08-26T05:42:24+0200,e96b9d4a-1054-48fe-90c7-5f4aaf55485c,2026-08-15T22:00:00Z,2026-08-16T00:00:00+0200,0.0,MW,NL,NL,actual_solar_generation,Solar | Actual Aggregated,2026-08-26T03:46:52Z
2026-08-26T03:42:24Z,2026-08-26T05:42:24+0200,e96b9d4a-1054-48fe-90c7-5f4aaf55485c,2026-08-15T22:00:00Z,2026-08-16T00:00:00+0200,0.125,MW,NL,NL,actual_solar_generation,Solar | Actual Consumption,2026-08-26T03:46:52Z
2026-08-26T03:42:24Z,2026-08-26T05:42:24+0200,e96b9d4a-1054-48fe-90c7-5f4aaf55485c,2026-08-15T22:15:00Z,2026-08-16T00:15:00+0200,0.0,MW,NL,NL,actual_solar_generation,Solar | Actual Aggregated,2026-08-26T03:46:52Z
2026-08-26T03:42:24Z,2026-08-26T05:42:24+0200,e96b9d4a-1054-48fe-90c7-5f4aaf55485c,2026-08-15T22:15:00Z,2026-08-16T00:15:00+0200,0.125,MW,NL,NL,actual_solar_generation,Solar | Actual Consumption,2026-08-26T03:46:52Z
2026-08-26T03:42:24Z,2026-08-26T05:42:24+0200,e96b9d4a-1054-48fe-90c7-5f4aaf55485c,2026-08-15T22:30:00Z,2026-08-16T00:30:00+0200,0.0,MW,NL,NL,actual_solar_generation,Solar | Actual Aggregated,2026-08-26T03:46:52Z
2026-08-26T03:42:24Z,2026-08-26T05:42:24+0200,e96b9d4a-1054-48fe-90c7-5f4aaf55485c,2026-08-15T22:30:00Z,2026-08-16T00:30:00+0200,0.125,MW,NL,NL,actual_solar_generation,Solar | Actual Consumption,2026-08-26T03:46:52Z
2026-08-26T03:42:24Z,2026-08-26T05:42:24+0200,e96b9d4a-1054-48fe-90c7-5f4aaf55485c,2026-08-15T22:45:00Z,2026-08-16T00:45:00+0200,0.0,MW,NL,NL,actual_solar_generation,Solar | Actual Aggregated,2026-08-26T03:46:52Z
2026-08-26T03:42:24Z,2026-08-26T05:42:24+0200,e96b9d4a-1054-48fe-90c7-5f4aaf55485c,2026-08-15T22:45:00Z,2026-08-16T00:45:00+0200,0.125,MW,NL,NL,actual_solar_generation,Solar | Actual Consumption,2026-08-26T03:46:52Z
2026-08-26T03:42:24Z,2026-08-26T05:42:24+0200,e96b9d4a-1054-48fe-90c7-5f4aaf55485c,2026-08-15T23:00:00Z,2026-08-16T01:00:00+0200,0.0,MW,NL,NL,actual_solar_generation,Solar | Actual Aggregated,2026-08-26T03:46:52Z
2026-08-26T03:42:24Z,2026-08-26T05:42:24+0200,e96b9d4a-1054-48fe-90c7-5f4aaf55485c,2026-08-15T23:00:00Z,2026-08-16T01:00:00+0200,0.125,MW,NL,NL,actual_solar_generation,Solar | Actual Consumption,2026-08-26T03:46:52Z
2026-08-26T03:42:24Z,2026-08-26T05:42:24+0200,e96b9d4a-1054-48fe-90c7-5f4aaf55485c,2026-08-15T23:15:00Z,2026-08-16T01:15:00+0200,0.0,MW,NL,NL,actual_solar_generation,Solar | Actual Aggregated,2026-08-26T03:46:52Z
2026-08-26T03:42:24Z,2026-08-26T05:42:24+0200,e96b9d4a-1054-48fe-90c7-5f4aaf55485c,2026-08-15T23:15:00Z,2026-08-16T01:15:00+0200,0.125,MW,NL,NL,actual_solar_generation,Solar | Actual Consumption,2026-08-26T03:46:52Z
2026-08-26T03:42:24Z,2026-08-26T05:42:24+0200,e96b9d4a-1054-48fe-90c7-5f4aaf55485c,2026-08-15T23:30:00Z,2026-08-16T01:30:00+0200,0.0,MW,NL,NL,actual_solar_generation,Solar | Actual Aggregated,2026-08-26T03:46:52Z
2026-08-26T03:42:24Z,2026-08-26T05:42:24+0200,e96b9d4a-1054-48fe-90c7-5f4aaf55485c,2026-08-15T23:30:00Z,2026-08-16T01:30:00+0200,0.125,MW,NL,NL,actual_solar_generation,Solar | Actual Consumption,2026-08-26T03:46:52Z
2026-08-26T03:42:24Z,2026-08-26T05:42:24+0200,e96b9d4a-1054-48fe-90c7-5f4aaf55485c,2026-08-15T23:45:00Z,2026-08-16T01:45:00+0200,0.0,MW,NL,NL,actual_solar_generation,Solar | Actual Aggregated,2026-08-26T03:46:52Z
2026-08-26T03:42:24Z,2026-08-26T05:42:24+0200,e96b9d4a-1054-48fe-90c7-5f4aaf55485c,2026-08-15T23:45:00Z,2026-08-16T01:45:00+0200,0.125,MW,NL,NL,actual_solar_generation,Solar | Actual Consumption,2026-08-26T03:46:52Z
2026-08-26T03:42:24Z,2026-08-26T05:42:24+0200,e96b9d4a-1054-48fe-90c7-5f4aaf55485c,2026-08-16T00:00:00Z,2026-08-16T02:00:00+0200,0.0,MW,NL,NL,actual_solar_generation,Solar | Actual Aggregated,2026-08-26T03:46:52Z
2026-08-26T03:42:24Z,2026-08-26T05:42:24+0200,e96b9d4a-1054-48fe-90c7-5f4aaf55485c,2026-08-16T00:00:00Z,2026-08-16T02:00:00+0200,0.125,MW,NL,NL,actual_solar_generation,Solar | Actual Consumption,2026-08-26T03:46:52Z
2026-08-26T03:42:24Z,2026-08-26T05:42:24+0200,e96b9d4a-1054-48fe-90c7-5f4aaf55485c,2026-08-16T00:15:00Z,2026-08-16T02:15:00+0200,0.0,MW,NL,NL,actual_solar_generation,Solar | Actual Aggregated,2026-08-26T03:46:52Z
2026-08-26T03:42:24Z,2026-08-26T05:42:24+0200,e96b9d4a-1054-48fe-90c7-5f4aaf55485c,2026-08-16T00:15:00Z,2026-08-16T02:15:00+0200,0.125,MW,NL,NL,actual_solar_generation,Solar | Actual Consumption,2026-08-26T03:46:52Z
2026-08-26T03:42:24Z,2026-08-26T05:42:24+0200,e96b9d4a-1054-48fe-90c7-5f4aaf55485c,2026-08-16T00:30:00Z,2026-08-16T02:30:00+0200,0.0,MW,NL,NL,actual_solar_generation,Solar | Actual Aggregated,2026-08-26T03:46:52Z
2026-08-26T03:42:24Z,2026-08-26T05:42:24+0200,e96b9d4a-1054-48fe-90c7-5f4aaf55485c,2026-08-16T00:30:00Z,2026-08-16T02:30:00+0200,0.125,MW,NL,NL,actual_solar_generation,Solar | Actual Consumption,2026-08-26T03:46:52Z
2026-08-26T03:42:24Z,2026-08-26T05:42:24+0200,e96b9d4a-1054-48fe-90c7-5f4aaf55485c,2026-08-16T00:45:00Z,2026-08-16T02:45:00+0200,0.0,MW,NL,NL,actual_solar_generation,Solar | Actual Aggregated,2026-08-26T03:46:52Z
2026-08-26T03:42:24Z,2026-08-26T05:42:24+0200,e96b9d4a-1054-48fe-90c7-5f4aaf55485c,2026-08-16T00:45:00Z,2026-08-16T02:45:00+0200,0.112,MW,NL,NL,actual_solar_generation,Solar | Actual Consumption,2026-08-26T03:46:52Z
2026-08-26T03:42:24Z,2026-08-26T05:42:24+0200,e96b9d4a-1054-48fe-90c7-5f4aaf55485c,2026-08-16T01:00:00Z,2026-08-16T03:00:00+0200,0.0,MW,NL,NL,actual_solar_generation,Solar | Actual Aggregated,2026-08-26T03:46:52Z
2026-08-26T03:42:24Z,2026-08-26T05:42:24+0200,e96b9d4a-1054-48fe-90c7-5f4aaf55485c,2026-08-16T01:00:00Z,2026-08-16T03:00:00+0200,0.141,MW,NL,NL,actual_solar_generation,Solar | Actual Consumption,2026-08-26T03:46:52Z
2026-08-26T03:42:24Z,2026-08-26T05:42:24+0200,e96b9d4a-1054-48fe-90c7-5f4aaf55485c,2026-08-16T01:15:00Z,2026-08-16T03:15:00+0200,0.0,MW,NL,NL,actual_solar_generation,Solar | Actual Aggregated,2026-08-26T03:46:52Z
2026-08-26T03:42:24Z,2026-08-26T05:42:24+0200,e96b9d4a-1054-48fe-90c7-5f4aaf55485c,2026-08-16T01:15:00Z,2026-08-16T03:15:00+0200,0.134,MW,NL,NL,actual_solar_generation,Solar | Actual Consumption,2026-08-26T03:46:52Z
2026-08-26T03:42:24Z,2026-08-26T05:42:24+0200,e96b9d4a-1054-48fe-90c7-5f4aaf55485c,2026-08-16T01:30:00Z,2026-08-16T03:30:00+0200,0.0,MW,NL,NL,actual_solar_generation,Solar | Actual Aggregated,2026-08-26T03:46:52Z
2026-08-26T03:42:24Z,2026-08-26T05:42:24+0200,e96b9d4a-1054-48fe-90c7-5f4aaf55485c,2026-08-16T01:30:00Z,2026-08-16T03:30:00+0200,0.125,MW,NL,NL,actual_solar_generation,Solar | Actual Consumption,2026-08-26T03:46:52Z
2026-08-26T03:42:24Z,2026-08-26T05:42:24+0200,e96b9d4a-1054-48fe-90c7-5f4aaf55485c,2026-08-16T01:45:00Z,2026-08-16T03:45:00+0200,0.0,MW,NL,NL,actual_solar_generation,Solar | Actual Aggregated,2026-08-26T03:46:52Z
2026-08-26T03:42:24Z,2026-08-26T05:42:24+0200,e96b9d4a-1054-48fe-90c7-5f4aaf55485c,2026-08-16T01:45:00Z,2026-08-16T03:45:00+0200,0.12,MW,NL,NL,actual_solar_generation,Solar | Actual Consumption,2026-08-26T03:46:52Z
2026-08-26T03:42:24Z,2026-08-26T05:42:24+0200,e96b9d4a-1054-48fe-90c7-5f4aaf55485c,2026-08-16T02:00:00Z,2026-08-16T04:00:00+0200,0.0,MW,NL,NL,actual_solar_generation,Solar | Actual Aggregated,2026-08-26T03:46:52Z
2026-08-26T03:42:24Z,2026-08-26T05:42:24+0200,e96b9d4a-1054-48fe-90c7-5f4aaf55485c,2026-08-16T02:00:00Z,2026-08-16T04:00:00+0200,0.14,MW,NL,NL,actual_solar_generation,Solar | Actual Consumption,2026-08-26T03:46:52Z
2026-08-26T03:42:24Z,2026-08-26T05:42:24+0200,e96b9d4a-1054-48fe-90c7-5f4aaf55485c,2026-08-16T02:15:00Z,2026-08-16T04:15:00+0200,0.0,MW,NL,NL,actual_solar_generation,Solar | Actual Aggregated,2026-08-26T03:46:52Z
2026-08-26T03:42:24Z,2026-08-26T05:42:24+0200,e96b9d4a-1054-48fe-90c7-5f4aaf55485c,2026-08-16T02:15:00Z,2026-08-16T04:15:00+0200,0.127,MW,NL,NL,actual_solar_generation,Solar | Actual Consumption,2026-08-26T03:46:52Z
2026-08-26T03:42:24Z,2026-08-26T05:42:24+0200,e96b9d4a-1054-48fe-90c7-5f4aaf55485c,2026-08-16T02:30:00Z,2026-08-16T04:30:00+0200,0.0,MW,NL,NL,actual_solar_generation,Solar | Actual Aggregated,2026-08-26T03:46:52Z
2026-08-26T03:42:24Z,2026-08-26T05:42:24+0200,e96b9d4a-1054-48fe-90c7-5f4aaf55485c,2026-08-16T02:30:00Z,2026-08-16T04:30:00+0200,0.127,MW,NL,NL,actual_solar_generation,Solar | Actual Consumption,2026-08-26T03:46:52Z
2026-08-26T03:42:24Z,2026-08-26T05:42:24+0200,e96b9d4a-1054-48fe-90c7-5f4aaf55485c,2026-08-16T02:45:00Z,2026-08-16T04:45:00+0200,0.0,MW,NL,NL,actual_solar_generation,Solar | Actual Aggregated,2026-08-26T03:46:52Z
2026-08-26T03:42:24Z,2026-08-26T05:42:24+0200,e96b9d4a-1054-48fe-90c7-5f4aaf55485c,2026-08-16T02:45:00Z,2026-08-16T04:45:00+0200,0.127,MW,NL,NL,actual_solar_generation,Solar | Actual Consumption,2026-08-26T03:46:52Z
2026-08-26T03:42:24Z,2026-08-26T05:42:24+0200,e96b9d4a-1054-48fe-90c7-5f4aaf55485c,2026-08-16T03:00:00Z,2026-08-16T05:00:00+0200,0.0,MW,NL,NL,actual_solar_generation,Solar | Actual Aggregated,2026-08-26T03:46:52Z
2026-08-26T03:42:24Z,2026-08-26T05:42:24+0200,e96b9d4a-1054-48fe-90c7-5f4aaf55485c,2026-08-16T03:00:00Z,2026-08-16T05:00:00+0200,0.127,MW,NL,NL,actual_solar_generation,Solar | Actual Consumption,2026-08-26T03:46:52Z
2026-08-26T03:42:24Z,2026-08-26T05:42:24+0200,e96b9d4a-1054-48fe-90c7-5f4aaf55485c,2026-08-16T03:15:00Z,2026-08-16T05:15:00+0200,0.0,MW,NL,NL,actual_solar_generation,Solar | Actual Aggregated,2026-08-26T03:46:52Z
2026-08-26T03:42:24Z,2026-08-26T05:42:24+0200,e96b9d4a-1054-48fe-90c7-5f4aaf55485c,2026-08-16T03:15:00Z,2026-08-16T05:15:00+0200,0.127,MW,NL,NL,actual_solar_generation,Solar | Actual Consumption,2026-08-26T03:46:52Z
2026-08-26T03:42:24Z,2026-08-26T05:42:24+0200,e96b9d4a-1054-48fe-90c7-5f4aaf55485c,2026-08-16T03:30:00Z,2026-08-16T05:30:00+0200,0.0,MW,NL,NL,actual_solar_generation,Solar | Actual Aggregated,2026-08-26T03:46:52Z
2026-08-26T03:42:24Z,2026-08-26T05:42:24+0200,e96b9d4a-1054-48fe-90c7-5f4aaf55485c,2026-08-16T03:30:00Z,2026-08-16T05:30:00+0200,0.127,MW,NL,NL,actual_solar_generation,Solar | Actual Consumption,2026-08-26T03:46:52Z
2026-08-26T03:42:24Z,2026-08-26T05:42:24+0200,e96b9d4a-1054-48fe-90c7-5f4aaf55485c,2026-08-16T03:45:00Z,2026-08-16T05:45:00+0200,0.0,MW,NL,NL,actual_solar_generation,Solar | Actual Aggregated,2026-08-26T03:46:52Z
2026-08-26T03:42:24Z,2026-08-26T05:42:24+0200,e96b9d4a-1054-48fe-90c7-5f4aaf55485c,2026-08-16T03:45:00Z,2026-08-16T05:45:00+0200,0.127,MW,NL,NL,actual_solar_generation,Solar | Actual Consumption,2026-08-26T03:46:52Z
2026-08-26T03:42:24Z,2026-08-26T05:42:24+0200,e96b9d4a-1054-48fe-90c7-5f4aaf55485c,2026-08-16T04:00:00Z,2026-08-16T06:00:00+0200,0.0,MW,NL,NL,actual_solar_generation,Solar | Actual Aggregated,2026-08-26T03:46:52Z
2026-08-26T03:42:24Z,2026-08-26T05:42:24+0200,e96b9d4a-1054-48fe-90c7-5f4aaf55485c,2026-08-16T04:00:00Z,2026-08-16T06:00:00+0200,0.127,MW,NL,NL,actual_solar_generation,Solar | Actual Consumption,2026-08-26T03:46:52Z
2026-08-26T03:42:24Z,2026-08-26T05:42:24+0200,e96b9d4a-1054-48fe-90c7-5f4aaf55485c,2026-08-16T04:15:00Z,2026-08-16T06:15:00+0200,0.346,MW,NL,NL,actual_solar_generation,Solar | Actual Aggregated,2026-08-26T03:46:52Z
2026-08-26T03:42:24Z,2026-08-26T05:42:24+0200,e96b9d4a-1054-48fe-90c7-5f4aaf55485c,2026-08-16T04:15:00Z,2026-08-16T06:15:00+0200,0.0,MW,NL,NL,actual_solar_generation,Solar | Actual Consumption,2026-08-26T03:46:52Z
2026-08-26T03:42:24Z,2026-08-26T05:42:24+0200,e96b9d4a-1054-48fe-90c7-5f4aaf55485c,2026-08-16T04:30:00Z,2026-08-16T06:30:00+0200,4.26,MW,NL,NL,actual_solar_generation,Solar | Actual Aggregated,2026-08-26T03:46:52Z
2026-08-26T03:42:24Z,2026-08-26T05:42:24+0200,e96b9d4a-1054-48fe-90c7-5f4aaf55485c,2026-08-16T04:30:00Z,2026-08-16T06:30:00+0200,0.0,MW,NL,NL,actual_solar_generation,Solar | Actual Consumption,2026-08-26T03:46:52Z
2026-08-26T03:42:24Z,2026-08-26T05:42:24+0200,e96b9d4a-1054-48fe-90c7-5f4aaf55485c,2026-08-16T04:45:00Z,2026-08-16T06:45:00+0200,7.026,MW,NL,NL,actual_solar_generation,Solar | Actual Aggregated,2026-08-26T03:46:52Z
2026-08-26T03:42:24Z,2026-08-26T05:42:24+0200,e96b9d4a-1054-48fe-90c7-5f4aaf55485c,2026-08-16T04:45:00Z,2026-08-16T06:45:00+0200,0.0,MW,NL,NL,actual_solar_generation,Solar | Actual Consumption,2026-08-26T03:46:52Z
2026-08-26T03:42:24Z,2026-08-26T05:42:24+0200,e96b9d4a-1054-48fe-90c7-5f4aaf55485c,2026-08-16T05:00:00Z,2026-08-16T07:00:00+0200,12.015,MW,NL,NL,actual_solar_generation,Solar | Actual Aggregated,2026-08-26T03:46:52Z
2026-08-26T03:42:24Z,2026-08-26T05:42:24+0200,e96b9d4a-1054-48fe-90c7-5f4aaf55485c,2026-08-16T05:00:00Z,2026-08-16T07:00:00+0200,0.0,MW,NL,NL,actual_solar_generation,Solar | Actual Consumption,2026-08-26T03:46:52Z
2026-08-26T03:42:24Z,2026-08-26T05:42:24+0200,e96b9d4a-1054-48fe-90c7-5f4aaf55485c,2026-08-16T05:15:00Z,2026-08-16T07:15:00+0200,18.298,MW,NL,NL,actual_solar_generation,Solar | Actual Aggregated,2026-08-26T03:46:52Z
2026-08-26T03:42:24Z,2026-08-26T05:42:24+0200,e96b9d4a-1054-48fe-90c7-5f4aaf55485c,2026-08-16T05:15:00Z,2026-08-16T07:15:00+0200,0.0,MW,NL,NL,actual_solar_generation,Solar | Actual Consumption,2026-08-26T03:46:52Z
2026-08-26T03:42:24Z,2026-08-26T05:42:24+0200,e96b9d4a-1054-48fe-90c7-5f4aaf55485c,2026-08-16T05:30:00Z,2026-08-16T07:30:00+0200,27.832,MW,NL,NL,actual_solar_generation,Solar | Actual Aggregated,2026-08-26T03:46:52Z
2026-08-26T03:42:24Z,2026-08-26T05:42:24+0200,e96b9d4a-1054-48fe-90c7-5f4aaf55485c,2026-08-16T05:30:00Z,2026-08-16T07:30:00+0200,0.0,MW,NL,NL,actual_solar_generation,Solar | Actual Consumption,2026-08-26T03:46:52Z
2026-08-26T03:42:24Z,2026-08-26T05:42:24+0200,e96b9d4a-1054-48fe-90c7-5f4aaf55485c,2026-08-16T05:45:00Z,2026-08-16T07:45:00+0200,39.512,MW,NL,NL,actual_solar_generation,Solar | Actual Aggregated,2026-08-26T03:46:52Z
2026-08-26T03:42:24Z,2026-08-26T05:42:24+0200,e96b9d4a-1054-48fe-90c7-5f4aaf55485c,2026-08-16T05:45:00Z,2026-08-16T07:45:00+0200,0.0,MW,NL,NL,actual_solar_generation,Solar | Actual Consumption,2026-08-26T03:46:52Z
2026-08-26T03:42:24Z,2026-08-26T05:42:24+0200,e96b9d4a-1054-48fe-90c7-5f4aaf55485c,2026-08-16T06:00:00Z,2026-08-16T08:00:00+0200,53.267,MW,NL,NL,actual_solar_generation,Solar | Actual Aggregated,2026-08-26T03:46:52Z
2026-08-26T03:42:24Z,2026-08-26T05:42:24+0200,e96b9d4a-1054-48fe-90c7-5f4aaf55485c,2026-08-16T06:00:00Z,2026-08-16T08:00:00+0200,0.0,MW,NL,NL,actual_solar_generation,Solar | Actual Consumption,2026-08-26T03:46:52Z
2026-08-26T03:42:24Z,2026-08-26T05:42:24+0200,e96b9d4a-1054-48fe-90c7-5f4aaf55485c,2026-08-16T06:15:00Z,2026-08-16T08:15:00+0200,68.08,MW,NL,NL,actual_solar_generation,Solar | Actual Aggregated,2026-08-26T03:46:52Z
2026-08-26T03:42:24Z,2026-08-26T05:42:24+0200,e96b9d4a-1054-48fe-90c7-5f4aaf55485c,2026-08-16T06:15:00Z,2026-08-16T08:15:00+0200,0.0,MW,NL,NL,actual_solar_generation,Solar | Actual Consumption,2026-08-26T03:46:52Z
2026-08-26T03:42:24Z,2026-08-26T05:42:24+0200,e96b9d4a-1054-48fe-90c7-5f4aaf55485c,2026-08-16T06:30:00Z,2026-08-16T08:30:00+0200,82.699,MW,NL,NL,actual_solar_generation,Solar | Actual Aggregated,2026-08-26T03:46:52Z
2026-08-26T03:42:24Z,2026-08-26T05:42:24+0200,e96b9d4a-1054-48fe-90c7-5f4aaf55485c,2026-08-16T06:30:00Z,2026-08-16T08:30:00+0200,0.0,MW,NL,NL,actual_solar_generation,Solar | Actual Consumption,2026-08-26T03:46:52Z
2026-08-26T03:42:24Z,2026-08-26T05:42:24+0200,e96b9d4a-1054-48fe-90c7-5f4aaf55485c,2026-08-16T06:45:00Z,2026-08-16T08:45:00+0200,97.307,MW,NL,NL,actual_solar_generation,Solar | Actual Aggregated,2026-08-26T03:46:52Z
2026-08-26T03:42:24Z,2026-08-26T05:42:24+0200,e96b9d4a-1054-48fe-90c7-5f4aaf55485c,2026-08-16T06:45:00Z,2026-08-16T08:45:00+0200,0.0,MW,NL,NL,actual_solar_generation,Solar | Actual Consumption,2026-08-26T03:46:52Z
2026-08-26T03:42:24Z,2026-08-26T05:42:24+0200,e96b9d4a-1054-48fe-90c7-5f4aaf55485c,2026-08-16T07:00:00Z,2026-08-16T09:00:00+0200,113.709,MW,NL,NL,actual_solar_generation,Solar | Actual Aggregated,2026-08-26T03:46:52Z
2026-08-26T03:42:24Z,2026-08-26T05:42:24+0200,e96b9d4a-1054-48fe-90c7-5f4aaf55485c,2026-08-16T07:00:00Z,2026-08-16T09:00:00+0200,0.0,MW,NL,NL,actual_solar_generation,Solar | Actual Consumption,2026-08-26T03:46:52Z
2026-08-26T03:42:24Z,2026-08-26T05:42:24+0200,e96b9d4a-1054-48fe-90c7-5f4aaf55485c,2026-08-16T07:15:00Z,2026-08-16T09:15:00+0200,127.952,MW,NL,NL,actual_solar_generation,Solar | Actual Aggregated,2026-08-26T03:46:52Z
2026-08-26T03:42:24Z,2026-08-26T05:42:24+0200,e96b9d4a-1054-48fe-90c7-5f4aaf55485c,2026-08-16T07:15:00Z,2026-08-16T09:15:00+0200,0.0,MW,NL,NL,actual_solar_generation,Solar | Actual Consumption,2026-08-26T03:46:52Z
2026-08-26T03:42:24Z,2026-08-26T05:42:24+0200,e96b9d4a-1054-48fe-90c7-5f4aaf55485c,2026-08-16T07:30:00Z,2026-08-16T09:30:00+0200,141.944,MW,NL,NL,actual_solar_generation,Solar | Actual Aggregated,2026-08-26T03:46:52Z
2026-08-26T03:42:24Z,2026-08-26T05:42:24+0200,e96b9d4a-1054-48fe-90c7-5f4aaf55485c,2026-08-16T07:30:00Z,2026-08-16T09:30:00+0200,0.0,MW,NL,NL,actual_solar_generation,Solar | Actual Consumption,2026-08-26T03:46:52Z
2026-08-26T03:42:24Z,2026-08-26T05:42:24+0200,e96b9d4a-1054-48fe-90c7-5f4aaf55485c,2026-08-16T07:45:00Z,2026-08-16T09:45:00+0200,151.981,MW,NL,NL,actual_solar_generation,Solar | Actual Aggregated,2026-08-26T03:46:52Z
2026-08-26T03:42:24Z,2026-08-26T05:42:24+0200,e96b9d4a-1054-48fe-90c7-5f4aaf55485c,2026-08-16T07:45:00Z,2026-08-16T09:45:00+0200,0.0,MW,NL,NL,actual_solar_generation,Solar | Actual Consumption,2026-08-26T03:46:52Z
2026-08-26T03:42:24Z,2026-08-26T05:42:24+0200,e96b9d4a-1054-48fe-90c7-5f4aaf55485c,2026-08-16T08:00:00Z,2026-08-16T10:00:00+0200,168.556,MW,NL,NL,actual_solar_generation,Solar | Actual Aggregated,2026-08-26T03:46:52Z
2026-08-26T03:42:24Z,2026-08-26T05:42:24+0200,e96b9d4a-1054-48fe-90c7-5f4aaf55485c,2026-08-16T08:00:00Z,2026-08-16T10:00:00+0200,0.0,MW,NL,NL,actual_solar_generation,Solar | Actual Consumption,2026-08-26T03:46:52Z
2026-08-26T03:42:24Z,2026-08-26T05:42:24+0200,e96b9d4a-1054-48fe-90c7-5f4aaf55485c,2026-08-16T08:15:00Z,2026-08-16T10:15:00+0200,180.34,MW,NL,NL,actual_solar_generation,Solar | Actual Aggregated,2026-08-26T03:46:52Z
2026-08-26T03:42:24Z,2026-08-26T05:42:24+0200,e96b9d4a-1054-48fe-90c7-5f4aaf55485c,2026-08-16T08:15:00Z,2026-08-16T10:15:00+0200,0.0,MW,NL,NL,actual_solar_generation,Solar | Actual Consumption,2026-08-26T03:46:52Z
2026-08-26T03:42:24Z,2026-08-26T05:42:24+0200,e96b9d4a-1054-48fe-90c7-5f4aaf55485c,2026-08-16T08:30:00Z,2026-08-16T10:30:00+0200,190.68,MW,NL,NL,actual_solar_generation,Solar | Actual Aggregated,2026-08-26T03:46:52Z
2026-08-26T03:42:24Z,2026-08-26T05:42:24+0200,e96b9d4a-1054-48fe-90c7-5f4aaf55485c,2026-08-16T08:30:00Z,2026-08-16T10:30:00+0200,0.0,MW,NL,NL,actual_solar_generation,Solar | Actual Consumption,2026-08-26T03:46:52Z
2026-08-26T03:42:24Z,2026-08-26T05:42:24+0200,e96b9d4a-1054-48fe-90c7-5f4aaf55485c,2026-08-16T08:45:00Z,2026-08-16T10:45:00+0200,185.142,MW,NL,NL,actual_solar_generation,Solar | Actual Aggregated,2026-08-26T03:46:52Z
2026-08-26T03:42:24Z,2026-08-26T05:42:24+0200,e96b9d4a-1054-48fe-90c7-5f4aaf55485c,2026-08-16T08:45:00Z,2026-08-16T10:45:00+0200,0.0,MW,NL,NL,actual_solar_generation,Solar | Actual Consumption,2026-08-26T03:46:52Z
2026-08-26T03:42:24Z,2026-08-26T05:42:24+0200,e96b9d4a-1054-48fe-90c7-5f4aaf55485c,2026-08-16T09:00:00Z,2026-08-16T11:00:00+0200,187.823,MW,NL,NL,actual_solar_generation,Solar | Actual Aggregated,2026-08-26T03:46:52Z
2026-08-26T03:42:24Z,2026-08-26T05:42:24+0200,e96b9d4a-1054-48fe-90c7-5f4aaf55485c,2026-08-16T09:00:00Z,2026-08-16T11:00:00+0200,0.0,MW,NL,NL,actual_solar_generation,Solar | Actual Consumption,2026-08-26T03:46:52Z
2026-08-26T03:42:24Z,2026-08-26T05:42:24+0200,e96b9d4a-1054-48fe-90c7-5f4aaf55485c,2026-08-16T09:15:00Z,2026-08-16T11:15:00+0200,210.398,MW,NL,NL,actual_solar_generation,Solar | Actual Aggregated,2026-08-26T03:46:52Z
2026-08-26T03:42:24Z,2026-08-26T05:42:24+0200,e96b9d4a-1054-48fe-90c7-5f4aaf55485c,2026-08-16T09:15:00Z,2026-08-16T11:15:00+0200,0.0,MW,NL,NL,actual_solar_generation,Solar | Actual Consumption,2026-08-26T03:46:52Z
2026-08-26T03:42:24Z,2026-08-26T05:42:24+0200,e96b9d4a-1054-48fe-90c7-5f4aaf55485c,2026-08-16T09:30:00Z,2026-08-16T11:30:00+0200,218.656,MW,NL,NL,actual_solar_generation,Solar | Actual Aggregated,2026-08-26T03:46:52Z
2026-08-26T03:42:24Z,2026-08-26T05:42:24+0200,e96b9d4a-1054-48fe-90c7-5f4aaf55485c,2026-08-16T09:30:00Z,2026-08-16T11:30:00+0200,0.0,MW,NL,NL,actual_solar_generation,Solar | Actual Consumption,2026-08-26T03:46:52Z
2026-08-26T03:42:24Z,2026-08-26T05:42:24+0200,e96b9d4a-1054-48fe-90c7-5f4aaf55485c,2026-08-16T09:45:00Z,2026-08-16T11:45:00+0200,220.17,MW,NL,NL,actual_solar_generation,Solar | Actual Aggregated,2026-08-26T03:46:52Z
2026-08-26T03:42:24Z,2026-08-26T05:42:24+0200,e96b9d4a-1054-48fe-90c7-5f4aaf55485c,2026-08-16T09:45:00Z,2026-08-16T11:45:00+0200,0.0,MW,NL,NL,actual_solar_generation,Solar | Actual Consumption,2026-08-26T03:46:52Z
2026-08-26T03:42:24Z,2026-08-26T05:42:24+0200,e96b9d4a-1054-48fe-90c7-5f4aaf55485c,2026-08-16T10:00:00Z,2026-08-16T12:00:00+0200,232.362,MW,NL,NL,actual_solar_generation,Solar | Actual Aggregated,2026-08-26T03:46:52Z
2026-08-26T03:42:24Z,2026-08-26T05:42:24+0200,e96b9d4a-1054-48fe-90c7-5f4aaf55485c,2026-08-16T10:00:00Z,2026-08-16T12:00:00+0200,0.0,MW,NL,NL,actual_solar_generation,Solar | Actual Consumption,2026-08-26T03:46:52Z
2026-08-26T03:42:24Z,2026-08-26T05:42:24+0200,e96b9d4a-1054-48fe-90c7-5f4aaf55485c,2026-08-16T10:15:00Z,2026-08-16T12:15:00+0200,226.045,MW,NL,NL,actual_solar_generation,Solar | Actual Aggregated,2026-08-26T03:46:52Z
2026-08-26T03:42:24Z,2026-08-26T05:42:24+0200,e96b9d4a-1054-48fe-90c7-5f4aaf55485c,2026-08-16T10:15:00Z,2026-08-16T12:15:00+0200,0.0,MW,NL,NL,actual_solar_generation,Solar | Actual Consumption,2026-08-26T03:46:52Z
2026-08-26T03:42:24Z,2026-08-26T05:42:24+0200,e96b9d4a-1054-48fe-90c7-5f4aaf55485c,2026-08-16T10:30:00Z,2026-08-16T12:30:00+0200,217.804,MW,NL,NL,actual_solar_generation,Solar | Actual Aggregated,2026-08-26T03:46:52Z
2026-08-26T03:42:24Z,2026-08-26T05:42:24+0200,e96b9d4a-1054-48fe-90c7-5f4aaf55485c,2026-08-16T10:30:00Z,2026-08-16T12:30:00+0200,0.0,MW,NL,NL,actual_solar_generation,Solar | Actual Consumption,2026-08-26T03:46:52Z
2026-08-26T03:42:24Z,2026-08-26T05:42:24+0200,e96b9d4a-1054-48fe-90c7-5f4aaf55485c,2026-08-16T10:45:00Z,2026-08-16T12:45:00+0200,187.12,MW,NL,NL,actual_solar_generation,Solar | Actual Aggregated,2026-08-26T03:46:52Z
2026-08-26T03:42:24Z,2026-08-26T05:42:24+0200,e96b9d4a-1054-48fe-90c7-5f4aaf55485c,2026-08-16T10:45:00Z,2026-08-16T12:45:00+0200,0.0,MW,NL,NL,actual_solar_generation,Solar | Actual Consumption,2026-08-26T03:46:52Z
2026-08-26T03:42:24Z,2026-08-26T05:42:24+0200,e96b9d4a-1054-48fe-90c7-5f4aaf55485c,2026-08-16T11:00:00Z,2026-08-16T13:00:00+0200,204.924,MW,NL,NL,actual_solar_generation,Solar | Actual Aggregated,2026-08-26T03:46:52Z
2026-08-26T03:42:24Z,2026-08-26T05:42:24+0200,e96b9d4a-1054-48fe-90c7-5f4aaf55485c,2026-08-16T11:00:00Z,2026-08-16T13:00:00+0200,0.0,MW,NL,NL,actual_solar_generation,Solar | Actual Consumption,2026-08-26T03:46:52Z
2026-08-26T03:42:24Z,2026-08-26T05:42:24+0200,e96b9d4a-1054-48fe-90c7-5f4aaf55485c,2026-08-16T11:15:00Z,2026-08-16T13:15:00+0200,205.825,MW,NL,NL,actual_solar_generation,Solar | Actual Aggregated,2026-08-26T03:46:52Z
2026-08-26T03:42:24Z,2026-08-26T05:42:24+0200,e96b9d4a-1054-48fe-90c7-5f4aaf55485c,2026-08-16T11:15:00Z,2026-08-16T13:15:00+0200,0.0,MW,NL,NL,actual_solar_generation,Solar | Actual Consumption,2026-08-26T03:46:52Z
2026-08-26T03:42:24Z,2026-08-26T05:42:24+0200,e96b9d4a-1054-48fe-90c7-5f4aaf55485c,2026-08-16T11:30:00Z,2026-08-16T13:30:00+0200,190.859,MW,NL,NL,actual_solar_generation,Solar | Actual Aggregated,2026-08-26T03:46:52Z
2026-08-26T03:42:24Z,2026-08-26T05:42:24+0200,e96b9d4a-1054-48fe-90c7-5f4aaf55485c,2026-08-16T11:30:00Z,2026-08-16T13:30:00+0200,0.0,MW,NL,NL,actual_solar_generation,Solar | Actual Consumption,2026-08-26T03:46:52Z
2026-08-26T03:42:24Z,2026-08-26T05:42:24+0200,e96b9d4a-1054-48fe-90c7-5f4aaf55485c,2026-08-16T11:45:00Z,2026-08-16T13:45:00+0200,206.594,MW,NL,NL,actual_solar_generation,Solar | Actual Aggregated,2026-08-26T03:46:52Z
2026-08-26T03:42:24Z,2026-08-26T05:42:24+0200,e96b9d4a-1054-48fe-90c7-5f4aaf55485c,2026-08-16T11:45:00Z,2026-08-16T13:45:00+0200,0.0,MW,NL,NL,actual_solar_generation,Solar | Actual Consumption,2026-08-26T03:46:52Z
2026-08-26T03:42:24Z,2026-08-26T05:42:24+0200,e96b9d4a-1054-48fe-90c7-5f4aaf55485c,2026-08-16T12:00:00Z,2026-08-16T14:00:00+0200,213.557,MW,NL,NL,actual_solar_generation,Solar | Actual Aggregated,2026-08-26T03:46:52Z
2026-08-26T03:42:24Z,2026-08-26T05:42:24+0200,e96b9d4a-1054-48fe-90c7-5f4aaf55485c,2026-08-16T12:00:00Z,2026-08-16T14:00:00+0200,0.0,MW,NL,NL,actual_solar_generation,Solar | Actual Consumption,2026-08-26T03:46:52Z
2026-08-26T03:42:24Z,2026-08-26T05:42:24+0200,e96b9d4a-1054-48fe-90c7-5f4aaf55485c,2026-08-16T12:15:00Z,2026-08-16T14:15:00+0200,170.51,MW,NL,NL,actual_solar_generation,Solar | Actual Aggregated,2026-08-26T03:46:52Z
2026-08-26T03:42:24Z,2026-08-26T05:42:24+0200,e96b9d4a-1054-48fe-90c7-5f4aaf55485c,2026-08-16T12:15:00Z,2026-08-16T14:15:00+0200,0.0,MW,NL,NL,actual_solar_generation,Solar | Actual Consumption,2026-08-26T03:46:52Z
2026-08-26T03:42:24Z,2026-08-26T05:42:24+0200,e96b9d4a-1054-48fe-90c7-5f4aaf55485c,2026-08-16T12:30:00Z,2026-08-16T14:30:00+0200,214.027,MW,NL,NL,actual_solar_generation,Solar | Actual Aggregated,2026-08-26T03:46:52Z
2026-08-26T03:42:24Z,2026-08-26T05:42:24+0200,e96b9d4a-1054-48fe-90c7-5f4aaf55485c,2026-08-16T12:30:00Z,2026-08-16T14:30:00+0200,0.0,MW,NL,NL,actual_solar_generation,Solar | Actual Consumption,2026-08-26T03:46:52Z
2026-08-26T03:42:24Z,2026-08-26T05:42:24+0200,e96b9d4a-1054-48fe-90c7-5f4aaf55485c,2026-08-16T12:45:00Z,2026-08-16T14:45:00+0200,174.52,MW,NL,NL,actual_solar_generation,Solar | Actual Aggregated,2026-08-26T03:46:52Z
2026-08-26T03:42:24Z,2026-08-26T05:42:24+0200,e96b9d4a-1054-48fe-90c7-5f4aaf55485c,2026-08-16T12:45:00Z,2026-08-16T14:45:00+0200,0.0,MW,NL,NL,actual_solar_generation,Solar | Actual Consumption,2026-08-26T03:46:52Z
2026-08-26T03:42:24Z,2026-08-26T05:42:24+0200,e96b9d4a-1054-48fe-90c7-5f4aaf55485c,2026-08-16T13:00:00Z,2026-08-16T15:00:00+0200,128.519,MW,NL,NL,actual_solar_generation,Solar | Actual Aggregated,2026-08-26T03:46:52Z
2026-08-26T03:42:24Z,2026-08-26T05:42:24+0200,e96b9d4a-1054-48fe-90c7-5f4aaf55485c,2026-08-16T13:00:00Z,2026-08-16T15:00:00+0200,0.0,MW,NL,NL,actual_solar_generation,Solar | Actual Consumption,2026-08-26T03:46:52Z
2026-08-26T03:42:24Z,2026-08-26T05:42:24+0200,e96b9d4a-1054-48fe-90c7-5f4aaf55485c,2026-08-16T13:15:00Z,2026-08-16T15:15:00+0200,128.857,MW,NL,NL,actual_solar_generation,Solar | Actual Aggregated,2026-08-26T03:46:52Z
2026-08-26T03:42:24Z,2026-08-26T05:42:24+0200,e96b9d4a-1054-48fe-90c7-5f4aaf55485c,2026-08-16T13:15:00Z,2026-08-16T15:15:00+0200,0.0,MW,NL,NL,actual_solar_generation,Solar | Actual Consumption,2026-08-26T03:46:52Z
2026-08-26T03:42:24Z,2026-08-26T05:42:24+0200,e96b9d4a-1054-48fe-90c7-5f4aaf55485c,2026-08-16T13:30:00Z,2026-08-16T15:30:00+0200,107.015,MW,NL,NL,actual_solar_generation,Solar | Actual Aggregated,2026-08-26T03:46:52Z
2026-08-26T03:42:24Z,2026-08-26T05:42:24+0200,e96b9d4a-1054-48fe-90c7-5f4aaf55485c,2026-08-16T13:30:00Z,2026-08-16T15:30:00+0200,0.0,MW,NL,NL,actual_solar_generation,Solar | Actual Consumption,2026-08-26T03:46:52Z
2026-08-26T03:42:24Z,2026-08-26T05:42:24+0200,e96b9d4a-1054-48fe-90c7-5f4aaf55485c,2026-08-16T13:45:00Z,2026-08-16T15:45:00+0200,89.985,MW,NL,NL,actual_solar_generation,Solar | Actual Aggregated,2026-08-26T03:46:52Z
2026-08-26T03:42:24Z,2026-08-26T05:42:24+0200,e96b9d4a-1054-48fe-90c7-5f4aaf55485c,2026-08-16T13:45:00Z,2026-08-16T15:45:00+0200,0.0,MW,NL,NL,actual_solar_generation,Solar | Actual Consumption,2026-08-26T03:46:52Z
2026-08-26T03:42:24Z,2026-08-26T05:42:24+0200,e96b9d4a-1054-48fe-90c7-5f4aaf55485c,2026-08-16T14:00:00Z,2026-08-16T16:00:00+0200,89.613,MW,NL,NL,actual_solar_generation,Solar | Actual Aggregated,2026-08-26T03:46:52Z
2026-08-26T03:42:24Z,2026-08-26T05:42:24+0200,e96b9d4a-1054-48fe-90c7-5f4aaf55485c,2026-08-16T14:00:00Z,2026-08-16T16:00:00+0200,0.0,MW,NL,NL,actual_solar_generation,Solar | Actual Consumption,2026-08-26T03:46:52Z
2026-08-26T03:42:24Z,2026-08-26T05:42:24+0200,e96b9d4a-1054-48fe-90c7-5f4aaf55485c,2026-08-16T14:15:00Z,2026-08-16T16:15:00+0200,70.575,MW,NL,NL,actual_solar_generation,Solar | Actual Aggregated,2026-08-26T03:46:52Z
2026-08-26T03:42:24Z,2026-08-26T05:42:24+0200,e96b9d4a-1054-48fe-90c7-5f4aaf55485c,2026-08-16T14:15:00Z,2026-08-16T16:15:00+0200,0.0,MW,NL,NL,actual_solar_generation,Solar | Actual Consumption,2026-08-26T03:46:52Z
2026-08-26T03:42:24Z,2026-08-26T05:42:24+0200,e96b9d4a-1054-48fe-90c7-5f4aaf55485c,2026-08-16T14:30:00Z,2026-08-16T16:30:00+0200,72.705,MW,NL,NL,actual_solar_generation,Solar | Actual Aggregated,2026-08-26T03:46:52Z
2026-08-26T03:42:24Z,2026-08-26T05:42:24+0200,e96b9d4a-1054-48fe-90c7-5f4aaf55485c,2026-08-16T14:30:00Z,2026-08-16T16:30:00+0200,0.0,MW,NL,NL,actual_solar_generation,Solar | Actual Consumption,2026-08-26T03:46:52Z
2026-08-26T03:42:24Z,2026-08-26T05:42:24+0200,e96b9d4a-1054-48fe-90c7-5f4aaf55485c,2026-08-16T14:45:00Z,2026-08-16T16:45:00+0200,71.241,MW,NL,NL,actual_solar_generation,Solar | Actual Aggregated,2026-08-26T03:46:52Z
2026-08-26T03:42:24Z,2026-08-26T05:42:24+0200,e96b9d4a-1054-48fe-90c7-5f4aaf55485c,2026-08-16T14:45:00Z,2026-08-16T16:45:00+0200,0.0,MW,NL,NL,actual_solar_generation,Solar | Actual Consumption,2026-08-26T03:46:52Z
2026-08-26T03:42:24Z,2026-08-26T05:42:24+0200,e96b9d4a-1054-48fe-90c7-5f4aaf55485c,2026-08-16T15:00:00Z,2026-08-16T17:00:00+0200,67.39,MW,NL,NL,actual_solar_generation,Solar | Actual Aggregated,2026-08-26T03:46:52Z
2026-08-26T03:42:24Z,2026-08-26T05:42:24+0200,e96b9d4a-1054-48fe-90c7-5f4aaf55485c,2026-08-16T15:00:00Z,2026-08-16T17:00:00+0200,0.0,MW,NL,NL,actual_solar_generation,Solar | Actual Consumption,2026-08-26T03:46:52Z
2026-08-26T03:42:24Z,2026-08-26T05:42:24+0200,e96b9d4a-1054-48fe-90c7-5f4aaf55485c,2026-08-16T15:15:00Z,2026-08-16T17:15:00+0200,64.085,MW,NL,NL,actual_solar_generation,Solar | Actual Aggregated,2026-08-26T03:46:52Z
2026-08-26T03:42:24Z,2026-08-26T05:42:24+0200,e96b9d4a-1054-48fe-90c7-5f4aaf55485c,2026-08-16T15:15:00Z,2026-08-16T17:15:00+0200,0.0,MW,NL,NL,actual_solar_generation,Solar | Actual Consumption,2026-08-26T03:46:52Z
2026-08-26T03:42:24Z,2026-08-26T05:42:24+0200,e96b9d4a-1054-48fe-90c7-5f4aaf55485c,2026-08-16T15:30:00Z,2026-08-16T17:30:00+0200,68.892,MW,NL,NL,actual_solar_generation,Solar | Actual Aggregated,2026-08-26T03:46:52Z
2026-08-26T03:42:24Z,2026-08-26T05:42:24+0200,e96b9d4a-1054-48fe-90c7-5f4aaf55485c,2026-08-16T15:30:00Z,2026-08-16T17:30:00+0200,0.0,MW,NL,NL,actual_solar_generation,Solar | Actual Consumption,2026-08-26T03:46:52Z
2026-08-26T03:42:24Z,2026-08-26T05:42:24+0200,e96b9d4a-1054-48fe-90c7-5f4aaf55485c,2026-08-16T15:45:00Z,2026-08-16T17:45:00+0200,48.244,MW,NL,NL,actual_solar_generation,Solar | Actual Aggregated,2026-08-26T03:46:52Z
2026-08-26T03:42:24Z,2026-08-26T05:42:24+0200,e96b9d4a-1054-48fe-90c7-5f4aaf55485c,2026-08-16T15:45:00Z,2026-08-16T17:45:00+0200,0.0,MW,NL,NL,actual_solar_generation,Solar | Actual Consumption,2026-08-26T03:46:52Z
2026-08-26T03:42:24Z,2026-08-26T05:42:24+0200,e96b9d4a-1054-48fe-90c7-5f4aaf55485c,2026-08-16T16:00:00Z,2026-08-16T18:00:00+0200,62.025,MW,NL,NL,actual_solar_generation,Solar | Actual Aggregated,2026-08-26T03:46:52Z
2026-08-26T03:42:24Z,2026-08-26T05:42:24+0200,e96b9d4a-1054-48fe-90c7-5f4aaf55485c,2026-08-16T16:00:00Z,2026-08-16T18:00:00+0200,0.0,MW,NL,NL,actual_solar_generation,Solar | Actual Consumption,2026-08-26T03:46:52Z
2026-08-26T03:42:24Z,2026-08-26T05:42:24+0200,e96b9d4a-1054-48fe-90c7-5f4aaf55485c,2026-08-16T16:15:00Z,2026-08-16T18:15:00+0200,51.587,MW,NL,NL,actual_solar_generation,Solar | Actual Aggregated,2026-08-26T03:46:52Z
2026-08-26T03:42:24Z,2026-08-26T05:42:24+0200,e96b9d4a-1054-48fe-90c7-5f4aaf55485c,2026-08-16T16:15:00Z,2026-08-16T18:15:00+0200,0.0,MW,NL,NL,actual_solar_generation,Solar | Actual Consumption,2026-08-26T03:46:52Z
2026-08-26T03:42:24Z,2026-08-26T05:42:24+0200,e96b9d4a-1054-48fe-90c7-5f4aaf55485c,2026-08-16T16:30:00Z,2026-08-16T18:30:00+0200,31.472,MW,NL,NL,actual_solar_generation,Solar | Actual Aggregated,2026-08-26T03:46:52Z
2026-08-26T03:42:24Z,2026-08-26T05:42:24+0200,e96b9d4a-1054-48fe-90c7-5f4aaf55485c,2026-08-16T16:30:00Z,2026-08-16T18:30:00+0200,0.0,MW,NL,NL,actual_solar_generation,Solar | Actual Consumption,2026-08-26T03:46:52Z
2026-08-26T03:42:24Z,2026-08-26T05:42:24+0200,e96b9d4a-1054-48fe-90c7-5f4aaf55485c,2026-08-16T16:45:00Z,2026-08-16T18:45:00+0200,19.703,MW,NL,NL,actual_solar_generation,Solar | Actual Aggregated,2026-08-26T03:46:52Z
2026-08-26T03:42:24Z,2026-08-26T05:42:24+0200,e96b9d4a-1054-48fe-90c7-5f4aaf55485c,2026-08-16T16:45:00Z,2026-08-16T18:45:00+0200,0.0,MW,NL,NL,actual_solar_generation,Solar | Actual Consumption,2026-08-26T03:46:52Z
2026-08-26T03:42:24Z,2026-08-26T05:42:24+0200,e96b9d4a-1054-48fe-90c7-5f4aaf55485c,2026-08-16T17:00:00Z,2026-08-16T19:00:00+0200,12.296,MW,NL,NL,actual_solar_generation,Solar | Actual Aggregated,2026-08-26T03:46:52Z
2026-08-26T03:42:24Z,2026-08-26T05:42:24+0200,e96b9d4a-1054-48fe-90c7-5f4aaf55485c,2026-08-16T17:00:00Z,2026-08-16T19:00:00+0200,0.0,MW,NL,NL,actual_solar_generation,Solar | Actual Consumption,2026-08-26T03:46:52Z
2026-08-26T03:42:24Z,2026-08-26T05:42:24+0200,e96b9d4a-1054-48fe-90c7-5f4aaf55485c,2026-08-16T17:15:00Z,2026-08-16T19:15:00+0200,11.605,MW,NL,NL,actual_solar_generation,Solar | Actual Aggregated,2026-08-26T03:46:52Z
2026-08-26T03:42:24Z,2026-08-26T05:42:24+0200,e96b9d4a-1054-48fe-90c7-5f4aaf55485c,2026-08-16T17:15:00Z,2026-08-16T19:15:00+0200,0.0,MW,NL,NL,actual_solar_generation,Solar | Actual Consumption,2026-08-26T03:46:52Z
2026-08-26T03:42:24Z,2026-08-26T05:42:24+0200,e96b9d4a-1054-48fe-90c7-5f4aaf55485c,2026-08-16T17:30:00Z,2026-08-16T19:30:00+0200,12.388,MW,NL,NL,actual_solar_generation,Solar | Actual Aggregated,2026-08-26T03:46:52Z
2026-08-26T03:42:24Z,2026-08-26T05:42:24+0200,e96b9d4a-1054-48fe-90c7-5f4aaf55485c,2026-08-16T17:30:00Z,2026-08-16T19:30:00+0200,0.0,MW,NL,NL,actual_solar_generation,Solar | Actual Consumption,2026-08-26T03:46:52Z
2026-08-26T03:42:24Z,2026-08-26T05:42:24+0200,e96b9d4a-1054-48fe-90c7-5f4aaf55485c,2026-08-16T17:45:00Z,2026-08-16T19:45:00+0200,13.956,MW,NL,NL,actual_solar_generation,Solar | Actual Aggregated,2026-08-26T03:46:52Z
2026-08-26T03:42:24Z,2026-08-26T05:42:24+0200,e96b9d4a-1054-48fe-90c7-5f4aaf55485c,2026-08-16T17:45:00Z,2026-08-16T19:45:00+0200,0.0,MW,NL,NL,actual_solar_generation,Solar | Actual Consumption,2026-08-26T03:46:52Z
2026-08-26T03:42:24Z,2026-08-26T05:42:24+0200,e96b9d4a-1054-48fe-90c7-5f4aaf55485c,2026-08-16T18:00:00Z,2026-08-16T20:00:00+0200,9.058,MW,NL,NL,actual_solar_generation,Solar | Actual Aggregated,2026-08-26T03:46:52Z
2026-08-26T03:42:24Z,2026-08-26T05:42:24+0200,e96b9d4a-1054-48fe-90c7-5f4aaf55485c,2026-08-16T18:00:00Z,2026-08-16T20:00:00+0200,0.0,MW,NL,NL,actual_solar_generation,Solar | Actual Consumption,2026-08-26T03:46:52Z
2026-08-26T03:42:24Z,2026-08-26T05:42:24+0200,e96b9d4a-1054-48fe-90c7-5f4aaf55485c,2026-08-16T18:15:00Z,2026-08-16T20:15:00+0200,3.629,MW,NL,NL,actual_solar_generation,Solar | Actual Aggregated,2026-08-26T03:46:52Z
2026-08-26T03:42:24Z,2026-08-26T05:42:24+0200,e96b9d4a-1054-48fe-90c7-5f4aaf55485c,2026-08-16T18:15:00Z,2026-08-16T20:15:00+0200,0.0,MW,NL,NL,actual_solar_generation,Solar | Actual Consumption,2026-08-26T03:46:52Z
2026-08-26T03:42:24Z,2026-08-26T05:42:24+0200,e96b9d4a-1054-48fe-90c7-5f4aaf55485c,2026-08-16T18:30:00Z,2026-08-16T20:30:00+0200,1.448,MW,NL,NL,actual_solar_generation,Solar | Actual Aggregated,2026-08-26T03:46:52Z
2026-08-26T03:42:24Z,2026-08-26T05:42:24+0200,e96b9d4a-1054-48fe-90c7-5f4aaf55485c,2026-08-16T18:30:00Z,2026-08-16T20:30:00+0200,0.0,MW,NL,NL,actual_solar_generation,Solar | Actual Consumption,2026-08-26T03:46:52Z
2026-08-26T03:42:24Z,2026-08-26T05:42:24+0200,e96b9d4a-1054-48fe-90c7-5f4aaf55485c,2026-08-16T18:45:00Z,2026-08-16T20:45:00+0200,0.0,MW,NL,NL,actual_solar_generation,Solar | Actual Aggregated,2026-08-26T03:46:52Z
2026-08-26T03:42:24Z,2026-08-26T05:42:24+0200,e96b9d4a-1054-48fe-90c7-5f4aaf55485c,2026-08-16T18:45:00Z,2026-08-16T20:45:00+0200,0.8,MW,NL,NL,actual_solar_generation,Solar | Actual Consumption,2026-08-26T03:46:52Z
2026-08-26T03:42:24Z,2026-08-26T05:42:24+0200,e96b9d4a-1054-48fe-90c7-5f4aaf55485c,2026-08-16T19:00:00Z,2026-08-16T21:00:00+0200,0.0,MW,NL,NL,actual_solar_generation,Solar | Actual Aggregated,2026-08-26T03:46:52Z
2026-08-26T03:42:24Z,2026-08-26T05:42:24+0200,e96b9d4a-1054-48fe-90c7-5f4aaf55485c,2026-08-16T19:00:00Z,2026-08-16T21:00:00+0200,0.123,MW,NL,NL,actual_solar_generation,Solar | Actual Consumption,2026-08-26T03:46:52Z
2026-08-26T03:42:24Z,2026-08-26T05:42:24+0200,e96b9d4a-1054-48fe-90c7-5f4aaf55485c,2026-08-16T19:15:00Z,2026-08-16T21:15:00+0200,0.0,MW,NL,NL,actual_solar_generation,Solar | Actual Aggregated,2026-08-26T03:46:52Z
2026-08-26T03:42:24Z,2026-08-26T05:42:24+0200,e96b9d4a-1054-48fe-90c7-5f4aaf55485c,2026-08-16T19:15:00Z,2026-08-16T21:15:00+0200,0.122,MW,NL,NL,actual_solar_generation,Solar | Actual Consumption,2026-08-26T03:46:52Z
2026-08-26T03:42:24Z,2026-08-26T05:42:24+0200,e96b9d4a-1054-48fe-90c7-5f4aaf55485c,2026-08-16T19:30:00Z,2026-08-16T21:30:00+0200,0.0,MW,NL,NL,actual_solar_generation,Solar | Actual Aggregated,2026-08-26T03:46:52Z
2026-08-26T03:42:24Z,2026-08-26T05:42:24+0200,e96b9d4a-1054-48fe-90c7-5f4aaf55485c,2026-08-16T19:30:00Z,2026-08-16T21:30:00+0200,0.13,MW,NL,NL,actual_solar_generation,Solar | Actual Consumption,2026-08-26T03:46:52Z
2026-08-26T03:42:24Z,2026-08-26T05:42:24+0200,e96b9d4a-1054-48fe-90c7-5f4aaf55485c,2026-08-16T19:45:00Z,2026-08-16T21:45:00+0200,0.0,MW,NL,NL,actual_solar_generation,Solar | Actual Aggregated,2026-08-26T03:46:52Z
2026-08-26T03:42:24Z,2026-08-26T05:42:24+0200,e96b9d4a-1054-48fe-90c7-5f4aaf55485c,2026-08-16T19:45:00Z,2026-08-16T21:45:00+0200,0.124,MW,NL,NL,actual_solar_generation,Solar | Actual Consumption,2026-08-26T03:46:52Z
2026-08-26T03:42:24Z,2026-08-26T05:42:24+0200,e96b9d4a-1054-48fe-90c7-5f4aaf55485c,2026-08-16T20:00:00Z,2026-08-16T22:00:00+0200,0.0,MW,NL,NL,actual_solar_generation,Solar | Actual Aggregated,2026-08-26T03:46:52Z
2026-08-26T03:42:24Z,2026-08-26T05:42:24+0200,e96b9d4a-1054-48fe-90c7-5f4aaf55485c,2026-08-16T20:00:00Z,2026-08-16T22:00:00+0200,0.111,MW,NL,NL,actual_solar_generation,Solar | Actual Consumption,2026-08-26T03:46:52Z
2026-08-26T03:42:24Z,2026-08-26T05:42:24+0200,e96b9d4a-1054-48fe-90c7-5f4aaf55485c,2026-08-16T20:15:00Z,2026-08-16T22:15:00+0200,0.0,MW,NL,NL,actual_solar_generation,Solar | Actual Aggregated,2026-08-26T03:46:52Z
2026-08-26T03:42:24Z,2026-08-26T05:42:24+0200,e96b9d4a-1054-48fe-90c7-5f4aaf55485c,2026-08-16T20:15:00Z,2026-08-16T22:15:00+0200,0.125,MW,NL,NL,actual_solar_generation,Solar | Actual Consumption,2026-08-26T03:46:52Z
2026-08-26T03:42:24Z,2026-08-26T05:42:24+0200,e96b9d4a-1054-48fe-90c7-5f4aaf55485c,2026-08-16T20:30:00Z,2026-08-16T22:30:00+0200,0.0,MW,NL,NL,actual_solar_generation,Solar | Actual Aggregated,2026-08-26T03:46:52Z
2026-08-26T03:42:24Z,2026-08-26T05:42:24+0200,e96b9d4a-1054-48fe-90c7-5f4aaf55485c,2026-08-16T20:30:00Z,2026-08-16T22:30:00+0200,0.111,MW,NL,NL,actual_solar_generation,Solar | Actual Consumption,2026-08-26T03:46:52Z
2026-08-26T03:42:24Z,2026-08-26T05:42:24+0200,e96b9d4a-1054-48fe-90c7-5f4aaf55485c,2026-08-16T20:45:00Z,2026-08-16T22:45:00+0200,0.0,MW,NL,NL,actual_solar_generation,Solar | Actual Aggregated,2026-08-26T03:46:52Z
2026-08-26T03:42:24Z,2026-08-26T05:42:24+0200,e96b9d4a-1054-48fe-90c7-5f4aaf55485c,2026-08-16T20:45:00Z,2026-08-16T22:45:00+0200,0.117,MW,NL,NL,actual_solar_generation,Solar | Actual Consumption,2026-08-26T03:46:52Z
2026-08-26T03:42:24Z,2026-08-26T05:42:24+0200,e96b9d4a-1054-48fe-90c7-5f4aaf55485c,2026-08-16T21:00:00Z,2026-08-16T23:00:00+0200,0.0,MW,NL,NL,actual_solar_generation,Solar | Actual Aggregated,2026-08-26T03:46:52Z
2026-08-26T03:42:24Z,2026-08-26T05:42:24+0200,e96b9d4a-1054-48fe-90c7-5f4aaf55485c,2026-08-16T21:00:00Z,2026-08-16T23:00:00+0200,0.117,MW,NL,NL,actual_solar_generation,Solar | Actual Consumption,2026-08-26T03:46:52Z
2026-08-26T03:42:24Z,2026-08-26T05:42:24+0200,e96b9d4a-1054-48fe-90c7-5f4aaf55485c,2026-08-16T21:15:00Z,2026-08-16T23:15:00+0200,0.0,MW,NL,NL,actual_solar_generation,Solar | Actual Aggregated,2026-08-26T03:46:52Z
2026-08-26T03:42:24Z,2026-08-26T05:42:24+0200,e96b9d4a-1054-48fe-90c7-5f4aaf55485c,2026-08-16T21:15:00Z,2026-08-16T23:15:00+0200,0.128,MW,NL,NL,actual_solar_generation,Solar | Actual Consumption,2026-08-26T03:46:52Z
2026-08-26T03:42:24Z,2026-08-26T05:42:24+0200,e96b9d4a-1054-48fe-90c7-5f4aaf55485c,2026-08-16T21:30:00Z,2026-08-16T23:30:00+0200,0.0,MW,NL,NL,actual_solar_generation,Solar | Actual Aggregated,2026-08-26T03:46:52Z
2026-08-26T03:42:24Z,2026-08-26T05:42:24+0200,e96b9d4a-1054-48fe-90c7-5f4aaf55485c,2026-08-16T21:30:00Z,2026-08-16T23:30:00+0200,0.123,MW,NL,NL,actual_solar_generation,Solar | Actual Consumption,2026-08-26T03:46:52Z
2026-08-26T03:42:24Z,2026-08-26T05:42:24+0200,e96b9d4a-1054-48fe-90c7-5f4aaf55485c,2026-08-16T21:45:00Z,2026-08-16T23:45:00+0200,0.0,MW,NL,NL,actual_solar_generation,Solar | Actual Aggregated,2026-08-26T03:46:52Z
2026-08-26T03:42:24Z,2026-08-26T05:42:24+0200,e96b9d4a-1054-48fe-90c7-5f4aaf55485c,2026-08-16T21:45:00Z,2026-08-16T23:45:00+0200,0.123,MW,NL,NL,actual_solar_generation,Solar | Actual Consumption,2026-08-26T03:46:52Z
2026-08-26T03:42:24Z,2026-08-26T05:42:24+0200,e96b9d4a-1054-48fe-90c7-5f4aaf55485c,2026-08-16T22:00:00Z,2026-08-17T00:00:00+0200,0.0,MW,NL,NL,actual_solar_generation,Solar | Actual Aggregated,2026-08-26T03:46:52Z
2026-08-26T03:42:24Z,2026-08-26T05:42:24+0200,e96b9d4a-1054-48fe-90c7-5f4aaf55485c,2026-08-16T22:00:00Z,2026-08-17T00:00:00+0200,0.117,MW,NL,NL,actual_solar_generation,Solar | Actual Consumption,2026-08-26T03:46:52Z
2026-08-26T03:42:24Z,2026-08-26T05:42:24+0200,e96b9d4a-1054-48fe-90c7-5f4aaf55485c,2026-08-16T22:15:00Z,2026-08-17T00:15:00+0200,0.0,MW,NL,NL,actual_solar_generation,Solar | Actual Aggregated,2026-08-26T03:46:52Z
2026-08-26T03:42:24Z,2026-08-26T05:42:24+0200,e96b9d4a-1054-48fe-90c7-5f4aaf55485c,2026-08-16T22:15:00Z,2026-08-17T00:15:00+0200,0.117,MW,NL,NL,actual_solar_generation,Solar | Actual Consumption,2026-08-26T03:46:52Z
2026-08-26T03:42:24Z,2026-08-26T05:42:24+0200,e96b9d4a-1054-48fe-90c7-5f4aaf55485c,2026-08-16T22:30:00Z,2026-08-17T00:30:00+0200,0.0,MW,NL,NL,actual_solar_generation,Solar | Actual Aggregated,2026-08-26T03:46:52Z
2026-08-26T03:42:24Z,2026-08-26T05:42:24+0200,e96b9d4a-1054-48fe-90c7-5f4aaf55485c,2026-08-16T22:30:00Z,2026-08-17T00:30:00+0200,0.124,MW,NL,NL,actual_solar_generation,Solar | Actual Consumption,2026-08-26T03:46:52Z
2026-08-26T03:42:24Z,2026-08-26T05:42:24+0200,e96b9d4a-1054-48fe-90c7-5f4aaf55485c,2026-08-16T22:45:00Z,2026-08-17T00:45:00+0200,0.0,MW,NL,NL,actual_solar_generation,Solar | Actual Aggregated,2026-08-26T03:46:52Z
2026-08-26T03:42:24Z,2026-08-26T05:42:24+0200,e96b9d4a-1054-48fe-90c7-5f4aaf55485c,2026-08-16T22:45:00Z,2026-08-17T00:45:00+0200,0.128,MW,NL,NL,actual_solar_generation,Solar | Actual Consumption,2026-08-26T03:46:52Z
2026-08-26T03:42:24Z,2026-08-26T05:42:24+0200,e96b9d4a-1054-48fe-90c7-5f4aaf55485c,2026-08-16T23:00:00Z,2026-08-17T01:00:00+0200,0.0,MW,NL,NL,actual_solar_generation,Solar | Actual Aggregated,2026-08-26T03:46:52Z
2026-08-26T03:42:24Z,2026-08-26T05:42:24+0200,e96b9d4a-1054-48fe-90c7-5f4aaf55485c,2026-08-16T23:00:00Z,2026-08-17T01:00:00+0200,0.11,MW,NL,NL,actual_solar_generation,Solar | Actual Consumption,2026-08-26T03:46:52Z
2026-08-26T03:42:24Z,2026-08-26T05:42:24+0200,e96b9d4a-1054-48fe-90c7-5f4aaf55485c,2026-08-16T23:15:00Z,2026-08-17T01:15:00+0200,0.0,MW,NL,NL,actual_solar_generation,Solar | Actual Aggregated,2026-08-26T03:46:52Z
2026-08-26T03:42:24Z,2026-08-26T05:42:24+0200,e96b9d4a-1054-48fe-90c7-5f4aaf55485c,2026-08-16T23:15:00Z,2026-08-17T01:15:00+0200,0.127,MW,NL,NL,actual_solar_generation,Solar | Actual Consumption,2026-08-26T03:46:52Z
2026-08-26T03:42:24Z,2026-08-26T05:42:24+0200,e96b9d4a-1054-48fe-90c7-5f4aaf55485c,2026-08-16T23:30:00Z,2026-08-17T01:30:00+0200,0.0,MW,NL,NL,actual_solar_generation,Solar | Actual Aggregated,2026-08-26T03:46:52Z
2026-08-26T03:42:24Z,2026-08-26T05:42:24+0200,e96b9d4a-1054-48fe-90c7-5f4aaf55485c,2026-08-16T23:30:00Z,2026-08-17T01:30:00+0200,0.121,MW,NL,NL,actual_solar_generation,Solar | Actual Consumption,2026-08-26T03:46:52Z
2026-08-26T03:42:24Z,2026-08-26T05:42:24+0200,e96b9d4a-1054-48fe-90c7-5f4aaf55485c,2026-08-16T23:45:00Z,2026-08-17T01:45:00+0200,0.0,MW,NL,NL,actual_solar_generation,Solar | Actual Aggregated,2026-08-26T03:46:52Z
2026-08-26T03:42:24Z,2026-08-26T05:42:24+0200,e96b9d4a-1054-48fe-90c7-5f4aaf55485c,2026-08-16T23:45:00Z,2026-08-17T01:45:00+0200,0.109,MW,NL,NL,actual_solar_generation,Solar | Actual Consumption,2026-08-26T03:46:52Z
2026-08-26T03:42:24Z,2026-08-26T05:42:24+0200,e96b9d4a-1054-48fe-90c7-5f4aaf55485c,2026-08-17T00:00:00Z,2026-08-17T02:00:00+0200,0.0,MW,NL,NL,actual_solar_generation,Solar | Actual Aggregated,2026-08-26T03:46:52Z
2026-08-26T03:42:24Z,2026-08-26T05:42:24+0200,e96b9d4a-1054-48fe-90c7-5f4aaf55485c,2026-08-17T00:00:00Z,2026-08-17T02:00:00+0200,0.129,MW,NL,NL,actual_solar_generation,Solar | Actual Consumption,2026-08-26T03:46:52Z
2026-08-26T03:42:24Z,2026-08-26T05:42:24+0200,e96b9d4a-1054-48fe-90c7-5f4aaf55485c,2026-08-17T00:15:00Z,2026-08-17T02:15:00+0200,0.0,MW,NL,NL,actual_solar_generation,Solar | Actual Aggregated,2026-08-26T03:46:52Z
2026-08-26T03:42:24Z,2026-08-26T05:42:24+0200,e96b9d4a-1054-48fe-90c7-5f4aaf55485c,2026-08-17T00:15:00Z,2026-08-17T02:15:00+0200,0.121,MW,NL,NL,actual_solar_generation,Solar | Actual Consumption,2026-08-26T03:46:52Z
2026-08-26T03:42:24Z,2026-08-26T05:42:24+0200,e96b9d4a-1054-48fe-90c7-5f4aaf55485c,2026-08-17T00:30:00Z,2026-08-17T02:30:00+0200,0.0,MW,NL,NL,actual_solar_generation,Solar | Actual Aggregated,2026-08-26T03:46:52Z
2026-08-26T03:42:24Z,2026-08-26T05:42:24+0200,e96b9d4a-1054-48fe-90c7-5f4aaf55485c,2026-08-17T00:30:00Z,2026-08-17T02:30:00+0200,0.121,MW,NL,NL,actual_solar_generation,Solar | Actual Consumption,2026-08-26T03:46:52Z
2026-08-26T03:42:24Z,2026-08-26T05:42:24+0200,e96b9d4a-1054-48fe-90c7-5f4aaf55485c,2026-08-17T00:45:00Z,2026-08-17T02:45:00+0200,0.0,MW,NL,NL,actual_solar_generation,Solar | Actual Aggregated,2026-08-26T03:46:52Z
2026-08-26T03:42:24Z,2026-08-26T05:42:24+0200,e96b9d4a-1054-48fe-90c7-5f4aaf55485c,2026-08-17T00:45:00Z,2026-08-17T02:45:00+0200,0.121,MW,NL,NL,actual_solar_generation,Solar | Actual Consumption,2026-08-26T03:46:52Z
2026-08-26T03:42:24Z,2026-08-26T05:42:24+0200,e96b9d4a-1054-48fe-90c7-5f4aaf55485c,2026-08-17T01:00:00Z,2026-08-17T03:00:00+0200,0.0,MW,NL,NL,actual_solar_generation,Solar | Actual Aggregated,2026-08-26T03:46:52Z
2026-08-26T03:42:24Z,2026-08-26T05:42:24+0200,e96b9d4a-1054-48fe-90c7-5f4aaf55485c,2026-08-17T01:00:00Z,2026-08-17T03:00:00+0200,0.121,MW,NL,NL,actual_solar_generation,Solar | Actual Consumption,2026-08-26T03:46:52Z
2026-08-26T03:42:24Z,2026-08-26T05:42:24+0200,e96b9d4a-1054-48fe-90c7-5f4aaf55485c,2026-08-17T01:15:00Z,2026-08-17T03:15:00+0200,0.0,MW,NL,NL,actual_solar_generation,Solar | Actual Aggregated,2026-08-26T03:46:52Z
2026-08-26T03:42:24Z,2026-08-26T05:42:24+0200,e96b9d4a-1054-48fe-90c7-5f4aaf55485c,2026-08-17T01:15:00Z,2026-08-17T03:15:00+0200,0.121,MW,NL,NL,actual_solar_generation,Solar | Actual Consumption,2026-08-26T03:46:52Z
2026-08-26T03:42:24Z,2026-08-26T05:42:24+0200,e96b9d4a-1054-48fe-90c7-5f4aaf55485c,2026-08-17T01:30:00Z,2026-08-17T03:30:00+0200,0.0,MW,NL,NL,actual_solar_generation,Solar | Actual Aggregated,2026-08-26T03:46:52Z
2026-08-26T03:42:24Z,2026-08-26T05:42:24+0200,e96b9d4a-1054-48fe-90c7-5f4aaf55485c,2026-08-17T01:30:00Z,2026-08-17T03:30:00+0200,0.121,MW,NL,NL,actual_solar_generation,Solar | Actual Consumption,2026-08-26T03:46:52Z
2026-08-26T03:42:24Z,2026-08-26T05:42:24+0200,e96b9d4a-1054-48fe-90c7-5f4aaf55485c,2026-08-17T01:45:00Z,2026-08-17T03:45:00+0200,0.0,MW,NL,NL,actual_solar_generation,Solar | Actual Aggregated,2026-08-26T03:46:52Z
2026-08-26T03:42:24Z,2026-08-26T05:42:24+0200,e96b9d4a-1054-48fe-90c7-5f4aaf55485c,2026-08-17T01:45:00Z,2026-08-17T03:45:00+0200,0.121,MW,NL,NL,actual_solar_generation,Solar | Actual Consumption,2026-08-26T03:46:52Z
2026-08-26T03:42:24Z,2026-08-26T05:42:24+0200,e96b9d4a-1054-48fe-90c7-5f4aaf55485c,2026-08-17T02:00:00Z,2026-08-17T04:00:00+0200,0.0,MW,NL,NL,actual_solar_generation,Solar | Actual Aggregated,2026-08-26T03:46:52Z
2026-08-26T03:42:24Z,2026-08-26T05:42:24+0200,e96b9d4a-1054-48fe-90c7-5f4aaf55485c,2026-08-17T02:00:00Z,2026-08-17T04:00:00+0200,0.121,MW,NL,NL,actual_solar_generation,Solar | Actual Consumption,2026-08-26T03:46:52Z
2026-08-26T03:42:24Z,2026-08-26T05:42:24+0200,e96b9d4a-1054-48fe-90c7-5f4aaf55485c,2026-08-17T02:15:00Z,2026-08-17T04:15:00+0200,0.0,MW,NL,NL,actual_solar_generation,Solar | Actual Aggregated,2026-08-26T03:46:52Z
2026-08-26T03:42:24Z,2026-08-26T05:42:24+0200,e96b9d4a-1054-48fe-90c7-5f4aaf55485c,2026-08-17T02:15:00Z,2026-08-17T04:15:00+0200,0.121,MW,NL,NL,actual_solar_generation,Solar | Actual Consumption,2026-08-26T03:46:52Z
2026-08-26T03:42:24Z,2026-08-26T05:42:24+0200,e96b9d4a-1054-48fe-90c7-5f4aaf55485c,2026-08-17T02:30:00Z,2026-08-17T04:30:00+0200,0.0,MW,NL,NL,actual_solar_generation,Solar | Actual Aggregated,2026-08-26T03:46:52Z
2026-08-26T03:42:24Z,2026-08-26T05:42:24+0200,e96b9d4a-1054-48fe-90c7-5f4aaf55485c,2026-08-17T02:30:00Z,2026-08-17T04:30:00+0200,0.121,MW,NL,NL,actual_solar_generation,Solar | Actual Consumption,2026-08-26T03:46:52Z
2026-08-26T03:42:24Z,2026-08-26T05:42:24+0200,e96b9d4a-1054-48fe-90c7-5f4aaf55485c,2026-08-17T02:45:00Z,2026-08-17T04:45:00+0200,0.0,MW,NL,NL,actual_solar_generation,Solar | Actual Aggregated,2026-08-26T03:46:52Z
2026-08-26T03:42:24Z,2026-08-26T05:42:24+0200,e96b9d4a-1054-48fe-90c7-5f4aaf55485c,2026-08-17T02:45:00Z,2026-08-17T04:45:00+0200,0.121,MW,NL,NL,actual_solar_generation,Solar | Actual Consumption,2026-08-26T03:46:52Z
2026-08-26T03:42:24Z,2026-08-26T05:42:24+0200,e96b9d4a-1054-48fe-90c7-5f4aaf55485c,2026-08-17T03:00:00Z,2026-08-17T05:00:00+0200,0.0,MW,NL,NL,actual_solar_generation,Solar | Actual Aggregated,2026-08-26T03:46:52Z
2026-08-26T03:42:24Z,2026-08-26T05:42:24+0200,e96b9d4a-1054-48fe-90c7-5f4aaf55485c,2026-08-17T03:00:00Z,2026-08-17T05:00:00+0200,0.121,MW,NL,NL,actual_solar_generation,Solar | Actual Consumption,2026-08-26T03:46:52Z
2026-08-26T03:42:24Z,2026-08-26T05:42:24+0200,e96b9d4a-1054-48fe-90c7-5f4aaf55485c,2026-08-17T03:15:00Z,2026-08-17T05:15:00+0200,0.0,MW,NL,NL,actual_solar_generation,Solar | Actual Aggregated,2026-08-26T03:46:52Z
2026-08-26T03:42:24Z,2026-08-26T05:42:24+0200,e96b9d4a-1054-48fe-90c7-5f4aaf55485c,2026-08-17T03:15:00Z,2026-08-17T05:15:00+0200,0.121,MW,NL,NL,actual_solar_generation,Solar | Actual Consumption,2026-08-26T03:46:52Z
2026-08-26T03:42:24Z,2026-08-26T05:42:24+0200,e96b9d4a-1054-48fe-90c7-5f4aaf55485c,2026-08-17T03:30:00Z,2026-08-17T05:30:00+0200,0.0,MW,NL,NL,actual_solar_generation,Solar | Actual Aggregated,2026-08-26T03:46:52Z
2026-08-26T03:42:24Z,2026-08-26T05:42:24+0200,e96b9d4a-1054-48fe-90c7-5f4aaf55485c,2026-08-17T03:30:00Z,2026-08-17T05:30:00+0200,0.121,MW,NL,NL,actual_solar_generation,Solar | Actual Consumption,2026-08-26T03:46:52Z
2026-08-26T03:42:24Z,2026-08-26T05:42:24+0200,e96b9d4a-1054-48fe-90c7-5f4aaf55485c,2026-08-17T03:45:00Z,2026-08-17T05:45:00+0200,0.0,MW,NL,NL,actual_solar_generation,Solar | Actual Aggregated,2026-08-26T03:46:52Z
2026-08-26T03:42:24Z,2026-08-26T05:42:24+0200,e96b9d4a-1054-48fe-90c7-5f4aaf55485c,2026-08-17T03:45:00Z,2026-08-17T05:45:00+0200,0.121,MW,NL,NL,actual_solar_generation,Solar | Actual Consumption,2026-08-26T03:46:52Z
2026-08-26T03:42:24Z,2026-08-26T05:42:24+0200,e96b9d4a-1054-48fe-90c7-5f4aaf55485c,2026-08-17T04:00:00Z,2026-08-17T06:00:00+0200,0.0,MW,NL,NL,actual_solar_generation,Solar | Actual Aggregated,2026-08-26T03:46:52Z
2026-08-26T03:42:24Z,2026-08-26T05:42:24+0200,e96b9d4a-1054-48fe-90c7-5f4aaf55485c,2026-08-17T04:00:00Z,2026-08-17T06:00:00+0200,0.121,MW,NL,NL,actual_solar_generation,Solar | Actual Consumption,2026-08-26T03:46:52Z
2026-08-26T03:42:24Z,2026-08-26T05:42:24+0200,e96b9d4a-1054-48fe-90c7-5f4aaf55485c,2026-08-17T04:15:00Z,2026-08-17T06:15:00+0200,0.0,MW,NL,NL,actual_solar_generation,Solar | Actual Aggregated,2026-08-26T03:46:52Z
2026-08-26T03:42:24Z,2026-08-26T05:42:24+0200,e96b9d4a-1054-48fe-90c7-5f4aaf55485c,2026-08-17T04:15:00Z,2026-08-17T06:15:00+0200,0.121,MW,NL,NL,actual_solar_generation,Solar | Actual Consumption,2026-08-26T03:46:52Z
2026-08-26T03:42:24Z,2026-08-26T05:42:24+0200,e96b9d4a-1054-48fe-90c7-5f4aaf55485c,2026-08-17T04:30:00Z,2026-08-17T06:30:00+0200,0.0,MW,NL,NL,actual_solar_generation,Solar | Actual Aggregated,2026-08-26T03:46:52Z
2026-08-26T03:42:24Z,2026-08-26T05:42:24+0200,e96b9d4a-1054-48fe-90c7-5f4aaf55485c,2026-08-17T04:30:00Z,2026-08-17T06:30:00+0200,0.112,MW,NL,NL,actual_solar_generation,Solar | Actual Consumption,2026-08-26T03:46:52Z
2026-08-26T03:42:24Z,2026-08-26T05:42:24+0200,e96b9d4a-1054-48fe-90c7-5f4aaf55485c,2026-08-17T04:45:00Z,2026-08-17T06:45:00+0200,0.0,MW,NL,NL,actual_solar_generation,Solar | Actual Aggregated,2026-08-26T03:46:52Z
2026-08-26T03:42:24Z,2026-08-26T05:42:24+0200,e96b9d4a-1054-48fe-90c7-5f4aaf55485c,2026-08-17T04:45:00Z,2026-08-17T06:45:00+0200,0.129,MW,NL,NL,actual_solar_generation,Solar | Actual Consumption,2026-08-26T03:46:52Z
2026-08-26T03:42:24Z,2026-08-26T05:42:24+0200,e96b9d4a-1054-48fe-90c7-5f4aaf55485c,2026-08-17T05:00:00Z,2026-08-17T07:00:00+0200,0.0,MW,NL,NL,actual_solar_generation,Solar | Actual Aggregated,2026-08-26T03:46:52Z
2026-08-26T03:42:24Z,2026-08-26T05:42:24+0200,e96b9d4a-1054-48fe-90c7-5f4aaf55485c,2026-08-17T05:00:00Z,2026-08-17T07:00:00+0200,0.11,MW,NL,NL,actual_solar_generation,Solar | Actual Consumption,2026-08-26T03:46:52Z
2026-08-26T03:42:24Z,2026-08-26T05:42:24+0200,e96b9d4a-1054-48fe-90c7-5f4aaf55485c,2026-08-17T05:15:00Z,2026-08-17T07:15:00+0200,0.566,MW,NL,NL,actual_solar_generation,Solar | Actual Aggregated,2026-08-26T03:46:52Z
2026-08-26T03:42:24Z,2026-08-26T05:42:24+0200,e96b9d4a-1054-48fe-90c7-5f4aaf55485c,2026-08-17T05:15:00Z,2026-08-17T07:15:00+0200,0.11,MW,NL,NL,actual_solar_generation,Solar | Actual Consumption,2026-08-26T03:46:52Z
2026-08-26T03:42:24Z,2026-08-26T05:42:24+0200,e96b9d4a-1054-48fe-90c7-5f4aaf55485c,2026-08-17T05:30:00Z,2026-08-17T07:30:00+0200,4.822,MW,NL,NL,actual_solar_generation,Solar | Actual Aggregated,2026-08-26T03:46:52Z
2026-08-26T03:42:24Z,2026-08-26T05:42:24+0200,e96b9d4a-1054-48fe-90c7-5f4aaf55485c,2026-08-17T05:30:00Z,2026-08-17T07:30:00+0200,0.0,MW,NL,NL,actual_solar_generation,Solar | Actual Consumption,2026-08-26T03:46:52Z
2026-08-26T03:42:24Z,2026-08-26T05:42:24+0200,e96b9d4a-1054-48fe-90c7-5f4aaf55485c,2026-08-17T05:45:00Z,2026-08-17T07:45:00+0200,6.402,MW,NL,NL,actual_solar_generation,Solar | Actual Aggregated,2026-08-26T03:46:52Z
2026-08-26T03:42:24Z,2026-08-26T05:42:24+0200,e96b9d4a-1054-48fe-90c7-5f4aaf55485c,2026-08-17T05:45:00Z,2026-08-17T07:45:00+0200,0.0,MW,NL,NL,actual_solar_generation,Solar | Actual Consumption,2026-08-26T03:46:52Z
2026-08-26T03:42:24Z,2026-08-26T05:42:24+0200,e96b9d4a-1054-48fe-90c7-5f4aaf55485c,2026-08-17T06:00:00Z,2026-08-17T08:00:00+0200,9.937,MW,NL,NL,actual_solar_generation,Solar | Actual Aggregated,2026-08-26T03:46:52Z
2026-08-26T03:42:24Z,2026-08-26T05:42:24+0200,e96b9d4a-1054-48fe-90c7-5f4aaf55485c,2026-08-17T06:00:00Z,2026-08-17T08:00:00+0200,0.0,MW,NL,NL,actual_solar_generation,Solar | Actual Consumption,2026-08-26T03:46:52Z
2026-08-26T03:42:24Z,2026-08-26T05:42:24+0200,e96b9d4a-1054-48fe-90c7-5f4aaf55485c,2026-08-17T06:15:00Z,2026-08-17T08:15:00+0200,23.458,MW,NL,NL,actual_solar_generation,Solar | Actual Aggregated,2026-08-26T03:46:52Z
2026-08-26T03:42:24Z,2026-08-26T05:42:24+0200,e96b9d4a-1054-48fe-90c7-5f4aaf55485c,2026-08-17T06:15:00Z,2026-08-17T08:15:00+0200,0.0,MW,NL,NL,actual_solar_generation,Solar | Actual Consumption,2026-08-26T03:46:52Z
2026-08-26T03:42:24Z,2026-08-26T05:42:24+0200,e96b9d4a-1054-48fe-90c7-5f4aaf55485c,2026-08-17T06:30:00Z,2026-08-17T08:30:00+0200,22.579,MW,NL,NL,actual_solar_generation,Solar | Actual Aggregated,2026-08-26T03:46:52Z
2026-08-26T03:42:24Z,2026-08-26T05:42:24+0200,e96b9d4a-1054-48fe-90c7-5f4aaf55485c,2026-08-17T06:30:00Z,2026-08-17T08:30:00+0200,0.0,MW,NL,NL,actual_solar_generation,Solar | Actual Consumption,2026-08-26T03:46:52Z
2026-08-26T03:42:24Z,2026-08-26T05:42:24+0200,e96b9d4a-1054-48fe-90c7-5f4aaf55485c,2026-08-17T06:45:00Z,2026-08-17T08:45:00+0200,30.053,MW,NL,NL,actual_solar_generation,Solar | Actual Aggregated,2026-08-26T03:46:52Z
2026-08-26T03:42:24Z,2026-08-26T05:42:24+0200,e96b9d4a-1054-48fe-90c7-5f4aaf55485c,2026-08-17T06:45:00Z,2026-08-17T08:45:00+0200,0.0,MW,NL,NL,actual_solar_generation,Solar | Actual Consumption,2026-08-26T03:46:52Z
2026-08-26T03:42:24Z,2026-08-26T05:42:24+0200,e96b9d4a-1054-48fe-90c7-5f4aaf55485c,2026-08-17T07:00:00Z,2026-08-17T09:00:00+0200,39.287,MW,NL,NL,actual_solar_generation,Solar | Actual Aggregated,2026-08-26T03:46:52Z
2026-08-26T03:42:24Z,2026-08-26T05:42:24+0200,e96b9d4a-1054-48fe-90c7-5f4aaf55485c,2026-08-17T07:00:00Z,2026-08-17T09:00:00+0200,0.0,MW,NL,NL,actual_solar_generation,Solar | Actual Consumption,2026-08-26T03:46:52Z
2026-08-26T03:42:24Z,2026-08-26T05:42:24+0200,e96b9d4a-1054-48fe-90c7-5f4aaf55485c,2026-08-17T07:15:00Z,2026-08-17T09:15:00+0200,37.631,MW,NL,NL,actual_solar_generation,Solar | Actual Aggregated,2026-08-26T03:46:52Z
2026-08-26T03:42:24Z,2026-08-26T05:42:24+0200,e96b9d4a-1054-48fe-90c7-5f4aaf55485c,2026-08-17T07:15:00Z,2026-08-17T09:15:00+0200,0.0,MW,NL,NL,actual_solar_generation,Solar | Actual Consumption,2026-08-26T03:46:52Z
2026-08-26T03:42:24Z,2026-08-26T05:42:24+0200,e96b9d4a-1054-48fe-90c7-5f4aaf55485c,2026-08-17T07:30:00Z,2026-08-17T09:30:00+0200,30.775,MW,NL,NL,actual_solar_generation,Solar | Actual Aggregated,2026-08-26T03:46:52Z
2026-08-26T03:42:24Z,2026-08-26T05:42:24+0200,e96b9d4a-1054-48fe-90c7-5f4aaf55485c,2026-08-17T07:30:00Z,2026-08-17T09:30:00+0200,0.0,MW,NL,NL,actual_solar_generation,Solar | Actual Consumption,2026-08-26T03:46:52Z
2026-08-26T03:42:24Z,2026-08-26T05:42:24+0200,e96b9d4a-1054-48fe-90c7-5f4aaf55485c,2026-08-17T07:45:00Z,2026-08-17T09:45:00+0200,58.946,MW,NL,NL,actual_solar_generation,Solar | Actual Aggregated,2026-08-26T03:46:52Z
2026-08-26T03:42:24Z,2026-08-26T05:42:24+0200,e96b9d4a-1054-48fe-90c7-5f4aaf55485c,2026-08-17T07:45:00Z,2026-08-17T09:45:00+0200,0.0,MW,NL,NL,actual_solar_generation,Solar | Actual Consumption,2026-08-26T03:46:52Z
2026-08-26T03:42:24Z,2026-08-26T05:42:24+0200,e96b9d4a-1054-48fe-90c7-5f4aaf55485c,2026-08-17T08:00:00Z,2026-08-17T10:00:00+0200,96.34,MW,NL,NL,actual_solar_generation,Solar | Actual Aggregated,2026-08-26T03:46:52Z
2026-08-26T03:42:24Z,2026-08-26T05:42:24+0200,e96b9d4a-1054-48fe-90c7-5f4aaf55485c,2026-08-17T08:00:00Z,2026-08-17T10:00:00+0200,0.0,MW,NL,NL,actual_solar_generation,Solar | Actual Consumption,2026-08-26T03:46:52Z
2026-08-26T03:42:24Z,2026-08-26T05:42:24+0200,e96b9d4a-1054-48fe-90c7-5f4aaf55485c,2026-08-17T08:15:00Z,2026-08-17T10:15:00+0200,92.042,MW,NL,NL,actual_solar_generation,Solar | Actual Aggregated,2026-08-26T03:46:52Z
2026-08-26T03:42:24Z,2026-08-26T05:42:24+0200,e96b9d4a-1054-48fe-90c7-5f4aaf55485c,2026-08-17T08:15:00Z,2026-08-17T10:15:00+0200,0.0,MW,NL,NL,actual_solar_generation,Solar | Actual Consumption,2026-08-26T03:46:52Z
2026-08-26T03:42:24Z,2026-08-26T05:42:24+0200,e96b9d4a-1054-48fe-90c7-5f4aaf55485c,2026-08-17T08:30:00Z,2026-08-17T10:30:00+0200,72.684,MW,NL,NL,actual_solar_generation,Solar | Actual Aggregated,2026-08-26T03:46:52Z
2026-08-26T03:42:24Z,2026-08-26T05:42:24+0200,e96b9d4a-1054-48fe-90c7-5f4aaf55485c,2026-08-17T08:30:00Z,2026-08-17T10:30:00+0200,0.0,MW,NL,NL,actual_solar_generation,Solar | Actual Consumption,2026-08-26T03:46:52Z
2026-08-26T03:42:24Z,2026-08-26T05:42:24+0200,e96b9d4a-1054-48fe-90c7-5f4aaf55485c,2026-08-17T08:45:00Z,2026-08-17T10:45:00+0200,77.879,MW,NL,NL,actual_solar_generation,Solar | Actual Aggregated,2026-08-26T03:46:52Z
2026-08-26T03:42:24Z,2026-08-26T05:42:24+0200,e96b9d4a-1054-48fe-90c7-5f4aaf55485c,2026-08-17T08:45:00Z,2026-08-17T10:45:00+0200,0.0,MW,NL,NL,actual_solar_generation,Solar | Actual Consumption,2026-08-26T03:46:52Z
2026-08-26T03:42:24Z,2026-08-26T05:42:24+0200,e96b9d4a-1054-48fe-90c7-5f4aaf55485c,2026-08-17T09:00:00Z,2026-08-17T11:00:00+0200,126.275,MW,NL,NL,actual_solar_generation,Solar | Actual Aggregated,2026-08-26T03:46:52Z
2026-08-26T03:42:24Z,2026-08-26T05:42:24+0200,e96b9d4a-1054-48fe-90c7-5f4aaf55485c,2026-08-17T09:00:00Z,2026-08-17T11:00:00+0200,0.0,MW,NL,NL,actual_solar_generation,Solar | Actual Consumption,2026-08-26T03:46:52Z
2026-08-26T03:42:24Z,2026-08-26T05:42:24+0200,e96b9d4a-1054-48fe-90c7-5f4aaf55485c,2026-08-17T09:15:00Z,2026-08-17T11:15:00+0200,90.24,MW,NL,NL,actual_solar_generation,Solar | Actual Aggregated,2026-08-26T03:46:52Z
2026-08-26T03:42:24Z,2026-08-26T05:42:24+0200,e96b9d4a-1054-48fe-90c7-5f4aaf55485c,2026-08-17T09:15:00Z,2026-08-17T11:15:00+0200,0.0,MW,NL,NL,actual_solar_generation,Solar | Actual Consumption,2026-08-26T03:46:52Z
2026-08-26T03:42:24Z,2026-08-26T05:42:24+0200,e96b9d4a-1054-48fe-90c7-5f4aaf55485c,2026-08-17T09:30:00Z,2026-08-17T11:30:00+0200,68.322,MW,NL,NL,actual_solar_generation,Solar | Actual Aggregated,2026-08-26T03:46:52Z
2026-08-26T03:42:24Z,2026-08-26T05:42:24+0200,e96b9d4a-1054-48fe-90c7-5f4aaf55485c,2026-08-17T09:30:00Z,2026-08-17T11:30:00+0200,0.0,MW,NL,NL,actual_solar_generation,Solar | Actual Consumption,2026-08-26T03:46:52Z
2026-08-26T03:42:24Z,2026-08-26T05:42:24+0200,e96b9d4a-1054-48fe-90c7-5f4aaf55485c,2026-08-17T09:45:00Z,2026-08-17T11:45:00+0200,69.954,MW,NL,NL,actual_solar_generation,Solar | Actual Aggregated,2026-08-26T03:46:52Z
2026-08-26T03:42:24Z,2026-08-26T05:42:24+0200,e96b9d4a-1054-48fe-90c7-5f4aaf55485c,2026-08-17T09:45:00Z,2026-08-17T11:45:00+0200,0.0,MW,NL,NL,actual_solar_generation,Solar | Actual Consumption,2026-08-26T03:46:52Z
2026-08-26T03:42:24Z,2026-08-26T05:42:24+0200,e96b9d4a-1054-48fe-90c7-5f4aaf55485c,2026-08-17T10:00:00Z,2026-08-17T12:00:00+0200,62.218,MW,NL,NL,actual_solar_generation,Solar | Actual Aggregated,2026-08-26T03:46:52Z
2026-08-26T03:42:24Z,2026-08-26T05:42:24+0200,e96b9d4a-1054-48fe-90c7-5f4aaf55485c,2026-08-17T10:00:00Z,2026-08-17T12:00:00+0200,0.0,MW,NL,NL,actual_solar_generation,Solar | Actual Consumption,2026-08-26T03:46:52Z
2026-08-26T03:42:24Z,2026-08-26T05:42:24+0200,e96b9d4a-1054-48fe-90c7-5f4aaf55485c,2026-08-17T10:15:00Z,2026-08-17T12:15:00+0200,88.854,MW,NL,NL,actual_solar_generation,Solar | Actual Aggregated,2026-08-26T03:46:52Z
2026-08-26T03:42:24Z,2026-08-26T05:42:24+0200,e96b9d4a-1054-48fe-90c7-5f4aaf55485c,2026-08-17T10:15:00Z,2026-08-17T12:15:00+0200,0.0,MW,NL,NL,actual_solar_generation,Solar | Actual Consumption,2026-08-26T03:46:52Z
2026-08-26T03:42:24Z,2026-08-26T05:42:24+0200,e96b9d4a-1054-48fe-90c7-5f4aaf55485c,2026-08-17T10:30:00Z,2026-08-17T12:30:00+0200,115.836,MW,NL,NL,actual_solar_generation,Solar | Actual Aggregated,2026-08-26T03:46:52Z
2026-08-26T03:42:24Z,2026-08-26T05:42:24+0200,e96b9d4a-1054-48fe-90c7-5f4aaf55485c,2026-08-17T10:30:00Z,2026-08-17T12:30:00+0200,0.0,MW,NL,NL,actual_solar_generation,Solar | Actual Consumption,2026-08-26T03:46:52Z
2026-08-26T03:42:24Z,2026-08-26T05:42:24+0200,e96b9d4a-1054-48fe-90c7-5f4aaf55485c,2026-08-17T10:45:00Z,2026-08-17T12:45:00+0200,123.356,MW,NL,NL,actual_solar_generation,Solar | Actual Aggregated,2026-08-26T03:46:52Z
2026-08-26T03:42:24Z,2026-08-26T05:42:24+0200,e96b9d4a-1054-48fe-90c7-5f4aaf55485c,2026-08-17T10:45:00Z,2026-08-17T12:45:00+0200,0.0,MW,NL,NL,actual_solar_generation,Solar | Actual Consumption,2026-08-26T03:46:52Z
2026-08-26T03:42:24Z,2026-08-26T05:42:24+0200,e96b9d4a-1054-48fe-90c7-5f4aaf55485c,2026-08-17T11:00:00Z,2026-08-17T13:00:00+0200,106.046,MW,NL,NL,actual_solar_generation,Solar | Actual Aggregated,2026-08-26T03:46:52Z
2026-08-26T03:42:24Z,2026-08-26T05:42:24+0200,e96b9d4a-1054-48fe-90c7-5f4aaf55485c,2026-08-17T11:00:00Z,2026-08-17T13:00:00+0200,0.0,MW,NL,NL,actual_solar_generation,Solar | Actual Consumption,2026-08-26T03:46:52Z
2026-08-26T03:42:24Z,2026-08-26T05:42:24+0200,e96b9d4a-1054-48fe-90c7-5f4aaf55485c,2026-08-17T11:15:00Z,2026-08-17T13:15:00+0200,114.643,MW,NL,NL,actual_solar_generation,Solar | Actual Aggregated,2026-08-26T03:46:52Z
2026-08-26T03:42:24Z,2026-08-26T05:42:24+0200,e96b9d4a-1054-48fe-90c7-5f4aaf55485c,2026-08-17T11:15:00Z,2026-08-17T13:15:00+0200,0.0,MW,NL,NL,actual_solar_generation,Solar | Actual Consumption,2026-08-26T03:46:52Z
2026-08-26T03:42:24Z,2026-08-26T05:42:24+0200,e96b9d4a-1054-48fe-90c7-5f4aaf55485c,2026-08-17T11:30:00Z,2026-08-17T13:30:00+0200,97.059,MW,NL,NL,actual_solar_generation,Solar | Actual Aggregated,2026-08-26T03:46:52Z
2026-08-26T03:42:24Z,2026-08-26T05:42:24+0200,e96b9d4a-1054-48fe-90c7-5f4aaf55485c,2026-08-17T11:30:00Z,2026-08-17T13:30:00+0200,0.0,MW,NL,NL,actual_solar_generation,Solar | Actual Consumption,2026-08-26T03:46:52Z
2026-08-26T03:42:24Z,2026-08-26T05:42:24+0200,e96b9d4a-1054-48fe-90c7-5f4aaf55485c,2026-08-17T11:45:00Z,2026-08-17T13:45:00+0200,101.627,MW,NL,NL,actual_solar_generation,Solar | Actual Aggregated,2026-08-26T03:46:52Z
2026-08-26T03:42:24Z,2026-08-26T05:42:24+0200,e96b9d4a-1054-48fe-90c7-5f4aaf55485c,2026-08-17T11:45:00Z,2026-08-17T13:45:00+0200,0.0,MW,NL,NL,actual_solar_generation,Solar | Actual Consumption,2026-08-26T03:46:52Z
2026-08-26T03:42:24Z,2026-08-26T05:42:24+0200,e96b9d4a-1054-48fe-90c7-5f4aaf55485c,2026-08-17T12:00:00Z,2026-08-17T14:00:00+0200,123.493,MW,NL,NL,actual_solar_generation,Solar | Actual Aggregated,2026-08-26T03:46:52Z
2026-08-26T03:42:24Z,2026-08-26T05:42:24+0200,e96b9d4a-1054-48fe-90c7-5f4aaf55485c,2026-08-17T12:00:00Z,2026-08-17T14:00:00+0200,0.0,MW,NL,NL,actual_solar_generation,Solar | Actual Consumption,2026-08-26T03:46:52Z
2026-08-26T03:42:24Z,2026-08-26T05:42:24+0200,e96b9d4a-1054-48fe-90c7-5f4aaf55485c,2026-08-17T12:15:00Z,2026-08-17T14:15:00+0200,103.501,MW,NL,NL,actual_solar_generation,Solar | Actual Aggregated,2026-08-26T03:46:52Z
2026-08-26T03:42:24Z,2026-08-26T05:42:24+0200,e96b9d4a-1054-48fe-90c7-5f4aaf55485c,2026-08-17T12:15:00Z,2026-08-17T14:15:00+0200,0.0,MW,NL,NL,actual_solar_generation,Solar | Actual Consumption,2026-08-26T03:46:52Z
2026-08-26T03:42:24Z,2026-08-26T05:42:24+0200,e96b9d4a-1054-48fe-90c7-5f4aaf55485c,2026-08-17T12:30:00Z,2026-08-17T14:30:00+0200,127.954,MW,NL,NL,actual_solar_generation,Solar | Actual Aggregated,2026-08-26T03:46:52Z
2026-08-26T03:42:24Z,2026-08-26T05:42:24+0200,e96b9d4a-1054-48fe-90c7-5f4aaf55485c,2026-08-17T12:30:00Z,2026-08-17T14:30:00+0200,0.0,MW,NL,NL,actual_solar_generation,Solar | Actual Consumption,2026-08-26T03:46:52Z
2026-08-26T03:42:24Z,2026-08-26T05:42:24+0200,e96b9d4a-1054-48fe-90c7-5f4aaf55485c,2026-08-17T12:45:00Z,2026-08-17T14:45:00+0200,109.59,MW,NL,NL,actual_solar_generation,Solar | Actual Aggregated,2026-08-26T03:46:52Z
2026-08-26T03:42:24Z,2026-08-26T05:42:24+0200,e96b9d4a-1054-48fe-90c7-5f4aaf55485c,2026-08-17T12:45:00Z,2026-08-17T14:45:00+0200,0.0,MW,NL,NL,actual_solar_generation,Solar | Actual Consumption,2026-08-26T03:46:52Z
2026-08-26T03:42:24Z,2026-08-26T05:42:24+0200,e96b9d4a-1054-48fe-90c7-5f4aaf55485c,2026-08-17T13:00:00Z,2026-08-17T15:00:00+0200,120.124,MW,NL,NL,actual_solar_generation,Solar | Actual Aggregated,2026-08-26T03:46:52Z
2026-08-26T03:42:24Z,2026-08-26T05:42:24+0200,e96b9d4a-1054-48fe-90c7-5f4aaf55485c,2026-08-17T13:00:00Z,2026-08-17T15:00:00+0200,0.0,MW,NL,NL,actual_solar_generation,Solar | Actual Consumption,2026-08-26T03:46:52Z
2026-08-26T03:42:24Z,2026-08-26T05:42:24+0200,e96b9d4a-1054-48fe-90c7-5f4aaf55485c,2026-08-17T13:15:00Z,2026-08-17T15:15:00+0200,104.731,MW,NL,NL,actual_solar_generation,Solar | Actual Aggregated,2026-08-26T03:46:52Z
2026-08-26T03:42:24Z,2026-08-26T05:42:24+0200,e96b9d4a-1054-48fe-90c7-5f4aaf55485c,2026-08-17T13:15:00Z,2026-08-17T15:15:00+0200,0.0,MW,NL,NL,actual_solar_generation,Solar | Actual Consumption,2026-08-26T03:46:52Z
2026-08-26T03:42:24Z,2026-08-26T05:42:24+0200,e96b9d4a-1054-48fe-90c7-5f4aaf55485c,2026-08-17T13:30:00Z,2026-08-17T15:30:00+0200,112.096,MW,NL,NL,actual_solar_generation,Solar | Actual Aggregated,2026-08-26T03:46:52Z
2026-08-26T03:42:24Z,2026-08-26T05:42:24+0200,e96b9d4a-1054-48fe-90c7-5f4aaf55485c,2026-08-17T13:30:00Z,2026-08-17T15:30:00+0200,0.0,MW,NL,NL,actual_solar_generation,Solar | Actual Consumption,2026-08-26T03:46:52Z
2026-08-26T03:42:24Z,2026-08-26T05:42:24+0200,e96b9d4a-1054-48fe-90c7-5f4aaf55485c,2026-08-17T13:45:00Z,2026-08-17T15:45:00+0200,113.056,MW,NL,NL,actual_solar_generation,Solar | Actual Aggregated,2026-08-26T03:46:52Z
2026-08-26T03:42:24Z,2026-08-26T05:42:24+0200,e96b9d4a-1054-48fe-90c7-5f4aaf55485c,2026-08-17T13:45:00Z,2026-08-17T15:45:00+0200,0.0,MW,NL,NL,actual_solar_generation,Solar | Actual Consumption,2026-08-26T03:46:52Z
2026-08-26T03:42:24Z,2026-08-26T05:42:24+0200,e96b9d4a-1054-48fe-90c7-5f4aaf55485c,2026-08-17T14:00:00Z,2026-08-17T16:00:00+0200,116.057,MW,NL,NL,actual_solar_generation,Solar | Actual Aggregated,2026-08-26T03:46:52Z
2026-08-26T03:42:24Z,2026-08-26T05:42:24+0200,e96b9d4a-1054-48fe-90c7-5f4aaf55485c,2026-08-17T14:00:00Z,2026-08-17T16:00:00+0200,0.0,MW,NL,NL,actual_solar_generation,Solar | Actual Consumption,2026-08-26T03:46:52Z
2026-08-26T03:42:24Z,2026-08-26T05:42:24+0200,e96b9d4a-1054-48fe-90c7-5f4aaf55485c,2026-08-17T14:15:00Z,2026-08-17T16:15:00+0200,54.757,MW,NL,NL,actual_solar_generation,Solar | Actual Aggregated,2026-08-26T03:46:52Z
2026-08-26T03:42:24Z,2026-08-26T05:42:24+0200,e96b9d4a-1054-48fe-90c7-5f4aaf55485c,2026-08-17T14:15:00Z,2026-08-17T16:15:00+0200,0.0,MW,NL,NL,actual_solar_generation,Solar | Actual Consumption,2026-08-26T03:46:52Z
2026-08-26T03:42:24Z,2026-08-26T05:42:24+0200,e96b9d4a-1054-48fe-90c7-5f4aaf55485c,2026-08-17T14:30:00Z,2026-08-17T16:30:00+0200,72.904,MW,NL,NL,actual_solar_generation,Solar | Actual Aggregated,2026-08-26T03:46:52Z
2026-08-26T03:42:24Z,2026-08-26T05:42:24+0200,e96b9d4a-1054-48fe-90c7-5f4aaf55485c,2026-08-17T14:30:00Z,2026-08-17T16:30:00+0200,0.0,MW,NL,NL,actual_solar_generation,Solar | Actual Consumption,2026-08-26T03:46:52Z
2026-08-26T03:42:24Z,2026-08-26T05:42:24+0200,e96b9d4a-1054-48fe-90c7-5f4aaf55485c,2026-08-17T14:45:00Z,2026-08-17T16:45:00+0200,82.905,MW,NL,NL,actual_solar_generation,Solar | Actual Aggregated,2026-08-26T03:46:52Z
2026-08-26T03:42:24Z,2026-08-26T05:42:24+0200,e96b9d4a-1054-48fe-90c7-5f4aaf55485c,2026-08-17T14:45:00Z,2026-08-17T16:45:00+0200,0.0,MW,NL,NL,actual_solar_generation,Solar | Actual Consumption,2026-08-26T03:46:52Z
2026-08-26T03:42:24Z,2026-08-26T05:42:24+0200,e96b9d4a-1054-48fe-90c7-5f4aaf55485c,2026-08-17T15:00:00Z,2026-08-17T17:00:00+0200,71.429,MW,NL,NL,actual_solar_generation,Solar | Actual Aggregated,2026-08-26T03:46:52Z
2026-08-26T03:42:24Z,2026-08-26T05:42:24+0200,e96b9d4a-1054-48fe-90c7-5f4aaf55485c,2026-08-17T15:00:00Z,2026-08-17T17:00:00+0200,0.0,MW,NL,NL,actual_solar_generation,Solar | Actual Consumption,2026-08-26T03:46:52Z
2026-08-26T03:42:24Z,2026-08-26T05:42:24+0200,e96b9d4a-1054-48fe-90c7-5f4aaf55485c,2026-08-17T15:15:00Z,2026-08-17T17:15:00+0200,78.9,MW,NL,NL,actual_solar_generation,Solar | Actual Aggregated,2026-08-26T03:46:52Z
2026-08-26T03:42:24Z,2026-08-26T05:42:24+0200,e96b9d4a-1054-48fe-90c7-5f4aaf55485c,2026-08-17T15:15:00Z,2026-08-17T17:15:00+0200,0.0,MW,NL,NL,actual_solar_generation,Solar | Actual Consumption,2026-08-26T03:46:52Z
2026-08-26T03:42:24Z,2026-08-26T05:42:24+0200,e96b9d4a-1054-48fe-90c7-5f4aaf55485c,2026-08-17T15:30:00Z,2026-08-17T17:30:00+0200,85.351,MW,NL,NL,actual_solar_generation,Solar | Actual Aggregated,2026-08-26T03:46:52Z
2026-08-26T03:42:24Z,2026-08-26T05:42:24+0200,e96b9d4a-1054-48fe-90c7-5f4aaf55485c,2026-08-17T15:30:00Z,2026-08-17T17:30:00+0200,0.0,MW,NL,NL,actual_solar_generation,Solar | Actual Consumption,2026-08-26T03:46:52Z
2026-08-26T03:42:24Z,2026-08-26T05:42:24+0200,e96b9d4a-1054-48fe-90c7-5f4aaf55485c,2026-08-17T15:45:00Z,2026-08-17T17:45:00+0200,96.694,MW,NL,NL,actual_solar_generation,Solar | Actual Aggregated,2026-08-26T03:46:52Z
2026-08-26T03:42:24Z,2026-08-26T05:42:24+0200,e96b9d4a-1054-48fe-90c7-5f4aaf55485c,2026-08-17T15:45:00Z,2026-08-17T17:45:00+0200,0.0,MW,NL,NL,actual_solar_generation,Solar | Actual Consumption,2026-08-26T03:46:52Z
2026-08-26T03:42:24Z,2026-08-26T05:42:24+0200,e96b9d4a-1054-48fe-90c7-5f4aaf55485c,2026-08-17T16:00:00Z,2026-08-17T18:00:00+0200,63.356,MW,NL,NL,actual_solar_generation,Solar | Actual Aggregated,2026-08-26T03:46:52Z
2026-08-26T03:42:24Z,2026-08-26T05:42:24+0200,e96b9d4a-1054-48fe-90c7-5f4aaf55485c,2026-08-17T16:00:00Z,2026-08-17T18:00:00+0200,0.0,MW,NL,NL,actual_solar_generation,Solar | Actual Consumption,2026-08-26T03:46:52Z
2026-08-26T03:42:24Z,2026-08-26T05:42:24+0200,e96b9d4a-1054-48fe-90c7-5f4aaf55485c,2026-08-17T16:15:00Z,2026-08-17T18:15:00+0200,37.601,MW,NL,NL,actual_solar_generation,Solar | Actual Aggregated,2026-08-26T03:46:52Z
2026-08-26T03:42:24Z,2026-08-26T05:42:24+0200,e96b9d4a-1054-48fe-90c7-5f4aaf55485c,2026-08-17T16:15:00Z,2026-08-17T18:15:00+0200,0.0,MW,NL,NL,actual_solar_generation,Solar | Actual Consumption,2026-08-26T03:46:52Z
2026-08-26T03:42:24Z,2026-08-26T05:42:24+0200,e96b9d4a-1054-48fe-90c7-5f4aaf55485c,2026-08-17T16:30:00Z,2026-08-17T18:30:00+0200,41.78,MW,NL,NL,actual_solar_generation,Solar | Actual Aggregated,2026-08-26T03:46:52Z
2026-08-26T03:42:24Z,2026-08-26T05:42:24+0200,e96b9d4a-1054-48fe-90c7-5f4aaf55485c,2026-08-17T16:30:00Z,2026-08-17T18:30:00+0200,0.0,MW,NL,NL,actual_solar_generation,Solar | Actual Consumption,2026-08-26T03:46:52Z
2026-08-26T03:42:24Z,2026-08-26T05:42:24+0200,e96b9d4a-1054-48fe-90c7-5f4aaf55485c,2026-08-17T16:45:00Z,2026-08-17T18:45:00+0200,39.561,MW,NL,NL,actual_solar_generation,Solar | Actual Aggregated,2026-08-26T03:46:52Z
2026-08-26T03:42:24Z,2026-08-26T05:42:24+0200,e96b9d4a-1054-48fe-90c7-5f4aaf55485c,2026-08-17T16:45:00Z,2026-08-17T18:45:00+0200,0.0,MW,NL,NL,actual_solar_generation,Solar | Actual Consumption,2026-08-26T03:46:52Z
2026-08-26T03:42:24Z,2026-08-26T05:42:24+0200,e96b9d4a-1054-48fe-90c7-5f4aaf55485c,2026-08-17T17:00:00Z,2026-08-17T19:00:00+0200,26.604,MW,NL,NL,actual_solar_generation,Solar | Actual Aggregated,2026-08-26T03:46:52Z
2026-08-26T03:42:24Z,2026-08-26T05:42:24+0200,e96b9d4a-1054-48fe-90c7-5f4aaf55485c,2026-08-17T17:00:00Z,2026-08-17T19:00:00+0200,0.0,MW,NL,NL,actual_solar_generation,Solar | Actual Consumption,2026-08-26T03:46:52Z
2026-08-26T03:42:24Z,2026-08-26T05:42:24+0200,e96b9d4a-1054-48fe-90c7-5f4aaf55485c,2026-08-17T17:15:00Z,2026-08-17T19:15:00+0200,29.193,MW,NL,NL,actual_solar_generation,Solar | Actual Aggregated,2026-08-26T03:46:52Z
2026-08-26T03:42:24Z,2026-08-26T05:42:24+0200,e96b9d4a-1054-48fe-90c7-5f4aaf55485c,2026-08-17T17:15:00Z,2026-08-17T19:15:00+0200,0.0,MW,NL,NL,actual_solar_generation,Solar | Actual Consumption,2026-08-26T03:46:52Z
2026-08-26T03:42:24Z,2026-08-26T05:42:24+0200,e96b9d4a-1054-48fe-90c7-5f4aaf55485c,2026-08-17T17:30:00Z,2026-08-17T19:30:00+0200,23.995,MW,NL,NL,actual_solar_generation,Solar | Actual Aggregated,2026-08-26T03:46:52Z
2026-08-26T03:42:24Z,2026-08-26T05:42:24+0200,e96b9d4a-1054-48fe-90c7-5f4aaf55485c,2026-08-17T17:30:00Z,2026-08-17T19:30:00+0200,0.0,MW,NL,NL,actual_solar_generation,Solar | Actual Consumption,2026-08-26T03:46:52Z
2026-08-26T03:42:24Z,2026-08-26T05:42:24+0200,e96b9d4a-1054-48fe-90c7-5f4aaf55485c,2026-08-17T17:45:00Z,2026-08-17T19:45:00+0200,20.355,MW,NL,NL,actual_solar_generation,Solar | Actual Aggregated,2026-08-26T03:46:52Z
2026-08-26T03:42:24Z,2026-08-26T05:42:24+0200,e96b9d4a-1054-48fe-90c7-5f4aaf55485c,2026-08-17T17:45:00Z,2026-08-17T19:45:00+0200,0.0,MW,NL,NL,actual_solar_generation,Solar | Actual Consumption,2026-08-26T03:46:52Z
2026-08-26T03:42:24Z,2026-08-26T05:42:24+0200,e96b9d4a-1054-48fe-90c7-5f4aaf55485c,2026-08-17T18:00:00Z,2026-08-17T20:00:00+0200,11.322,MW,NL,NL,actual_solar_generation,Solar | Actual Aggregated,2026-08-26T03:46:52Z
2026-08-26T03:42:24Z,2026-08-26T05:42:24+0200,e96b9d4a-1054-48fe-90c7-5f4aaf55485c,2026-08-17T18:00:00Z,2026-08-17T20:00:00+0200,0.0,MW,NL,NL,actual_solar_generation,Solar | Actual Consumption,2026-08-26T03:46:52Z
2026-08-26T03:42:24Z,2026-08-26T05:42:24+0200,e96b9d4a-1054-48fe-90c7-5f4aaf55485c,2026-08-17T18:15:00Z,2026-08-17T20:15:00+0200,6.535,MW,NL,NL,actual_solar_generation,Solar | Actual Aggregated,2026-08-26T03:46:52Z
2026-08-26T03:42:24Z,2026-08-26T05:42:24+0200,e96b9d4a-1054-48fe-90c7-5f4aaf55485c,2026-08-17T18:15:00Z,2026-08-17T20:15:00+0200,0.0,MW,NL,NL,actual_solar_generation,Solar | Actual Consumption,2026-08-26T03:46:52Z
2026-08-26T03:42:24Z,2026-08-26T05:42:24+0200,e96b9d4a-1054-48fe-90c7-5f4aaf55485c,2026-08-17T18:30:00Z,2026-08-17T20:30:00+0200,2.635,MW,NL,NL,actual_solar_generation,Solar | Actual Aggregated,2026-08-26T03:46:52Z
2026-08-26T03:42:24Z,2026-08-26T05:42:24+0200,e96b9d4a-1054-48fe-90c7-5f4aaf55485c,2026-08-17T18:30:00Z,2026-08-17T20:30:00+0200,0.0,MW,NL,NL,actual_solar_generation,Solar | Actual Consumption,2026-08-26T03:46:52Z
2026-08-26T03:42:24Z,2026-08-26T05:42:24+0200,e96b9d4a-1054-48fe-90c7-5f4aaf55485c,2026-08-17T18:45:00Z,2026-08-17T20:45:00+0200,0.302,MW,NL,NL,actual_solar_generation,Solar | Actual Aggregated,2026-08-26T03:46:52Z
2026-08-26T03:42:24Z,2026-08-26T05:42:24+0200,e96b9d4a-1054-48fe-90c7-5f4aaf55485c,2026-08-17T18:45:00Z,2026-08-17T20:45:00+0200,1.021,MW,NL,NL,actual_solar_generation,Solar | Actual Consumption,2026-08-26T03:46:52Z
2026-08-26T03:42:24Z,2026-08-26T05:42:24+0200,e96b9d4a-1054-48fe-90c7-5f4aaf55485c,2026-08-17T19:00:00Z,2026-08-17T21:00:00+0200,0.0,MW,NL,NL,actual_solar_generation,Solar | Actual Aggregated,2026-08-26T03:46:52Z
2026-08-26T03:42:24Z,2026-08-26T05:42:24+0200,e96b9d4a-1054-48fe-90c7-5f4aaf55485c,2026-08-17T19:00:00Z,2026-08-17T21:00:00+0200,0.127,MW,NL,NL,actual_solar_generation,Solar | Actual Consumption,2026-08-26T03:46:52Z
2026-08-26T03:42:24Z,2026-08-26T05:42:24+0200,e96b9d4a-1054-48fe-90c7-5f4aaf55485c,2026-08-17T19:15:00Z,2026-08-17T21:15:00+0200,0.0,MW,NL,NL,actual_solar_generation,Solar | Actual Aggregated,2026-08-26T03:46:52Z
2026-08-26T03:42:24Z,2026-08-26T05:42:24+0200,e96b9d4a-1054-48fe-90c7-5f4aaf55485c,2026-08-17T19:15:00Z,2026-08-17T21:15:00+0200,0.127,MW,NL,NL,actual_solar_generation,Solar | Actual Consumption,2026-08-26T03:46:52Z
2026-08-26T03:42:24Z,2026-08-26T05:42:24+0200,e96b9d4a-1054-48fe-90c7-5f4aaf55485c,2026-08-17T19:30:00Z,2026-08-17T21:30:00+0200,0.0,MW,NL,NL,actual_solar_generation,Solar | Actual Aggregated,2026-08-26T03:46:52Z
2026-08-26T03:42:24Z,2026-08-26T05:42:24+0200,e96b9d4a-1054-48fe-90c7-5f4aaf55485c,2026-08-17T19:30:00Z,2026-08-17T21:30:00+0200,0.127,MW,NL,NL,actual_solar_generation,Solar | Actual Consumption,2026-08-26T03:46:52Z
2026-08-26T03:42:24Z,2026-08-26T05:42:24+0200,e96b9d4a-1054-48fe-90c7-5f4aaf55485c,2026-08-17T19:45:00Z,2026-08-17T21:45:00+0200,0.0,MW,NL,NL,actual_solar_generation,Solar | Actual Aggregated,2026-08-26T03:46:52Z
2026-08-26T03:42:24Z,2026-08-26T05:42:24+0200,e96b9d4a-1054-48fe-90c7-5f4aaf55485c,2026-08-17T19:45:00Z,2026-08-17T21:45:00+0200,0.127,MW,NL,NL,actual_solar_generation,Solar | Actual Consumption,2026-08-26T03:46:52Z
2026-08-26T03:42:24Z,2026-08-26T05:42:24+0200,e96b9d4a-1054-48fe-90c7-5f4aaf55485c,2026-08-17T20:00:00Z,2026-08-17T22:00:00+0200,0.0,MW,NL,NL,actual_solar_generation,Solar | Actual Aggregated,2026-08-26T03:46:52Z
2026-08-26T03:42:24Z,2026-08-26T05:42:24+0200,e96b9d4a-1054-48fe-90c7-5f4aaf55485c,2026-08-17T20:00:00Z,2026-08-17T22:00:00+0200,0.127,MW,NL,NL,actual_solar_generation,Solar | Actual Consumption,2026-08-26T03:46:52Z
2026-08-26T03:42:24Z,2026-08-26T05:42:24+0200,e96b9d4a-1054-48fe-90c7-5f4aaf55485c,2026-08-17T20:15:00Z,2026-08-17T22:15:00+0200,0.0,MW,NL,NL,actual_solar_generation,Solar | Actual Aggregated,2026-08-26T03:46:52Z
2026-08-26T03:42:24Z,2026-08-26T05:42:24+0200,e96b9d4a-1054-48fe-90c7-5f4aaf55485c,2026-08-17T20:15:00Z,2026-08-17T22:15:00+0200,0.134,MW,NL,NL,actual_solar_generation,Solar | Actual Consumption,2026-08-26T03:46:52Z
2026-08-26T03:42:24Z,2026-08-26T05:42:24+0200,e96b9d4a-1054-48fe-90c7-5f4aaf55485c,2026-08-17T20:30:00Z,2026-08-17T22:30:00+0200,0.0,MW,NL,NL,actual_solar_generation,Solar | Actual Aggregated,2026-08-26T03:46:52Z
2026-08-26T03:42:24Z,2026-08-26T05:42:24+0200,e96b9d4a-1054-48fe-90c7-5f4aaf55485c,2026-08-17T20:30:00Z,2026-08-17T22:30:00+0200,0.127,MW,NL,NL,actual_solar_generation,Solar | Actual Consumption,2026-08-26T03:46:52Z
2026-08-26T03:42:24Z,2026-08-26T05:42:24+0200,e96b9d4a-1054-48fe-90c7-5f4aaf55485c,2026-08-17T20:45:00Z,2026-08-17T22:45:00+0200,0.0,MW,NL,NL,actual_solar_generation,Solar | Actual Aggregated,2026-08-26T03:46:52Z
2026-08-26T03:42:24Z,2026-08-26T05:42:24+0200,e96b9d4a-1054-48fe-90c7-5f4aaf55485c,2026-08-17T20:45:00Z,2026-08-17T22:45:00+0200,0.131,MW,NL,NL,actual_solar_generation,Solar | Actual Consumption,2026-08-26T03:46:52Z
2026-08-26T03:42:24Z,2026-08-26T05:42:24+0200,e96b9d4a-1054-48fe-90c7-5f4aaf55485c,2026-08-17T21:00:00Z,2026-08-17T23:00:00+0200,0.0,MW,NL,NL,actual_solar_generation,Solar | Actual Aggregated,2026-08-26T03:46:52Z
2026-08-26T03:42:24Z,2026-08-26T05:42:24+0200,e96b9d4a-1054-48fe-90c7-5f4aaf55485c,2026-08-17T21:00:00Z,2026-08-17T23:00:00+0200,0.123,MW,NL,NL,actual_solar_generation,Solar | Actual Consumption,2026-08-26T03:46:52Z
2026-08-26T03:42:24Z,2026-08-26T05:42:24+0200,e96b9d4a-1054-48fe-90c7-5f4aaf55485c,2026-08-17T21:15:00Z,2026-08-17T23:15:00+0200,0.0,MW,NL,NL,actual_solar_generation,Solar | Actual Aggregated,2026-08-26T03:46:52Z
2026-08-26T03:42:24Z,2026-08-26T05:42:24+0200,e96b9d4a-1054-48fe-90c7-5f4aaf55485c,2026-08-17T21:15:00Z,2026-08-17T23:15:00+0200,0.123,MW,NL,NL,actual_solar_generation,Solar | Actual Consumption,2026-08-26T03:46:52Z
2026-08-26T03:42:24Z,2026-08-26T05:42:24+0200,e96b9d4a-1054-48fe-90c7-5f4aaf55485c,2026-08-17T21:30:00Z,2026-08-17T23:30:00+0200,0.0,MW,NL,NL,actual_solar_generation,Solar | Actual Aggregated,2026-08-26T03:46:52Z
2026-08-26T03:42:24Z,2026-08-26T05:42:24+0200,e96b9d4a-1054-48fe-90c7-5f4aaf55485c,2026-08-17T21:30:00Z,2026-08-17T23:30:00+0200,0.134,MW,NL,NL,actual_solar_generation,Solar | Actual Consumption,2026-08-26T03:46:52Z
2026-08-26T03:42:24Z,2026-08-26T05:42:24+0200,e96b9d4a-1054-48fe-90c7-5f4aaf55485c,2026-08-17T21:45:00Z,2026-08-17T23:45:00+0200,0.0,MW,NL,NL,actual_solar_generation,Solar | Actual Aggregated,2026-08-26T03:46:52Z
2026-08-26T03:42:24Z,2026-08-26T05:42:24+0200,e96b9d4a-1054-48fe-90c7-5f4aaf55485c,2026-08-17T21:45:00Z,2026-08-17T23:45:00+0200,0.129,MW,NL,NL,actual_solar_generation,Solar | Actual Consumption,2026-08-26T03:46:52Z
2026-08-26T03:42:24Z,2026-08-26T05:42:24+0200,e96b9d4a-1054-48fe-90c7-5f4aaf55485c,2026-08-17T22:00:00Z,2026-08-18T00:00:00+0200,0.0,MW,NL,NL,actual_solar_generation,Solar | Actual Aggregated,2026-08-26T03:46:52Z
2026-08-26T03:42:24Z,2026-08-26T05:42:24+0200,e96b9d4a-1054-48fe-90c7-5f4aaf55485c,2026-08-17T22:00:00Z,2026-08-18T00:00:00+0200,0.137,MW,NL,NL,actual_solar_generation,Solar | Actual Consumption,2026-08-26T03:46:52Z
2026-08-26T03:42:24Z,2026-08-26T05:42:24+0200,e96b9d4a-1054-48fe-90c7-5f4aaf55485c,2026-08-17T22:15:00Z,2026-08-18T00:15:00+0200,0.0,MW,NL,NL,actual_solar_generation,Solar | Actual Aggregated,2026-08-26T03:46:52Z
2026-08-26T03:42:24Z,2026-08-26T05:42:24+0200,e96b9d4a-1054-48fe-90c7-5f4aaf55485c,2026-08-17T22:15:00Z,2026-08-18T00:15:00+0200,0.123,MW,NL,NL,actual_solar_generation,Solar | Actual Consumption,2026-08-26T03:46:52Z
2026-08-26T03:42:24Z,2026-08-26T05:42:24+0200,e96b9d4a-1054-48fe-90c7-5f4aaf55485c,2026-08-17T22:30:00Z,2026-08-18T00:30:00+0200,0.0,MW,NL,NL,actual_solar_generation,Solar | Actual Aggregated,2026-08-26T03:46:52Z
2026-08-26T03:42:24Z,2026-08-26T05:42:24+0200,e96b9d4a-1054-48fe-90c7-5f4aaf55485c,2026-08-17T22:30:00Z,2026-08-18T00:30:00+0200,0.131,MW,NL,NL,actual_solar_generation,Solar | Actual Consumption,2026-08-26T03:46:52Z
2026-08-26T03:42:24Z,2026-08-26T05:42:24+0200,e96b9d4a-1054-48fe-90c7-5f4aaf55485c,2026-08-17T22:45:00Z,2026-08-18T00:45:00+0200,0.0,MW,NL,NL,actual_solar_generation,Solar | Actual Aggregated,2026-08-26T03:46:52Z
2026-08-26T03:42:24Z,2026-08-26T05:42:24+0200,e96b9d4a-1054-48fe-90c7-5f4aaf55485c,2026-08-17T22:45:00Z,2026-08-18T00:45:00+0200,0.128,MW,NL,NL,actual_solar_generation,Solar | Actual Consumption,2026-08-26T03:46:52Z
2026-08-26T03:42:24Z,2026-08-26T05:42:24+0200,e96b9d4a-1054-48fe-90c7-5f4aaf55485c,2026-08-17T23:00:00Z,2026-08-18T01:00:00+0200,0.0,MW,NL,NL,actual_solar_generation,Solar | Actual Aggregated,2026-08-26T03:46:52Z
2026-08-26T03:42:24Z,2026-08-26T05:42:24+0200,e96b9d4a-1054-48fe-90c7-5f4aaf55485c,2026-08-17T23:00:00Z,2026-08-18T01:00:00+0200,0.123,MW,NL,NL,actual_solar_generation,Solar | Actual Consumption,2026-08-26T03:46:52Z
2026-08-26T03:42:24Z,2026-08-26T05:42:24+0200,e96b9d4a-1054-48fe-90c7-5f4aaf55485c,2026-08-17T23:15:00Z,2026-08-18T01:15:00+0200,0.0,MW,NL,NL,actual_solar_generation,Solar | Actual Aggregated,2026-08-26T03:46:52Z
2026-08-26T03:42:24Z,2026-08-26T05:42:24+0200,e96b9d4a-1054-48fe-90c7-5f4aaf55485c,2026-08-17T23:15:00Z,2026-08-18T01:15:00+0200,0.132,MW,NL,NL,actual_solar_generation,Solar | Actual Consumption,2026-08-26T03:46:52Z
2026-08-26T03:42:24Z,2026-08-26T05:42:24+0200,e96b9d4a-1054-48fe-90c7-5f4aaf55485c,2026-08-17T23:30:00Z,2026-08-18T01:30:00+0200,0.0,MW,NL,NL,actual_solar_generation,Solar | Actual Aggregated,2026-08-26T03:46:52Z
2026-08-26T03:42:24Z,2026-08-26T05:42:24+0200,e96b9d4a-1054-48fe-90c7-5f4aaf55485c,2026-08-17T23:30:00Z,2026-08-18T01:30:00+0200,0.132,MW,NL,NL,actual_solar_generation,Solar | Actual Consumption,2026-08-26T03:46:52Z
2026-08-26T03:42:24Z,2026-08-26T05:42:24+0200,e96b9d4a-1054-48fe-90c7-5f4aaf55485c,2026-08-17T23:45:00Z,2026-08-18T01:45:00+0200,0.0,MW,NL,NL,actual_solar_generation,Solar | Actual Aggregated,2026-08-26T03:46:52Z
2026-08-26T03:42:24Z,2026-08-26T05:42:24+0200,e96b9d4a-1054-48fe-90c7-5f4aaf55485c,2026-08-17T23:45:00Z,2026-08-18T01:45:00+0200,0.132,MW,NL,NL,actual_solar_generation,Solar | Actual Consumption,2026-08-26T03:46:52Z
2026-08-26T03:42:24Z,2026-08-26T05:42:24+0200,e96b9d4a-1054-48fe-90c7-5f4aaf55485c,2026-08-18T00:00:00Z,2026-08-18T02:00:00+0200,0.0,MW,NL,NL,actual_solar_generation,Solar | Actual Aggregated,2026-08-26T03:46:52Z
2026-08-26T03:42:24Z,2026-08-26T05:42:24+0200,e96b9d4a-1054-48fe-90c7-5f4aaf55485c,2026-08-18T00:00:00Z,2026-08-18T02:00:00+0200,0.126,MW,NL,NL,actual_solar_generation,Solar | Actual Consumption,2026-08-26T03:46:52Z
2026-08-26T03:42:24Z,2026-08-26T05:42:24+0200,e96b9d4a-1054-48fe-90c7-5f4aaf55485c,2026-08-18T00:15:00Z,2026-08-18T02:15:00+0200,0.0,MW,NL,NL,actual_solar_generation,Solar | Actual Aggregated,2026-08-26T03:46:52Z
2026-08-26T03:42:24Z,2026-08-26T05:42:24+0200,e96b9d4a-1054-48fe-90c7-5f4aaf55485c,2026-08-18T00:15:00Z,2026-08-18T02:15:00+0200,0.115,MW,NL,NL,actual_solar_generation,Solar | Actual Consumption,2026-08-26T03:46:52Z
2026-08-26T03:42:24Z,2026-08-26T05:42:24+0200,e96b9d4a-1054-48fe-90c7-5f4aaf55485c,2026-08-18T00:30:00Z,2026-08-18T02:30:00+0200,0.0,MW,NL,NL,actual_solar_generation,Solar | Actual Aggregated,2026-08-26T03:46:52Z
2026-08-26T03:42:24Z,2026-08-26T05:42:24+0200,e96b9d4a-1054-48fe-90c7-5f4aaf55485c,2026-08-18T00:30:00Z,2026-08-18T02:30:00+0200,0.129,MW,NL,NL,actual_solar_generation,Solar | Actual Consumption,2026-08-26T03:46:52Z
2026-08-26T03:42:24Z,2026-08-26T05:42:24+0200,e96b9d4a-1054-48fe-90c7-5f4aaf55485c,2026-08-18T00:45:00Z,2026-08-18T02:45:00+0200,0.0,MW,NL,NL,actual_solar_generation,Solar | Actual Aggregated,2026-08-26T03:46:52Z
2026-08-26T03:42:24Z,2026-08-26T05:42:24+0200,e96b9d4a-1054-48fe-90c7-5f4aaf55485c,2026-08-18T00:45:00Z,2026-08-18T02:45:00+0200,0.129,MW,NL,NL,actual_solar_generation,Solar | Actual Consumption,2026-08-26T03:46:52Z
2026-08-26T03:42:24Z,2026-08-26T05:42:24+0200,e96b9d4a-1054-48fe-90c7-5f4aaf55485c,2026-08-18T01:00:00Z,2026-08-18T03:00:00+0200,0.0,MW,NL,NL,actual_solar_generation,Solar | Actual Aggregated,2026-08-26T03:46:52Z
2026-08-26T03:42:24Z,2026-08-26T05:42:24+0200,e96b9d4a-1054-48fe-90c7-5f4aaf55485c,2026-08-18T01:00:00Z,2026-08-18T03:00:00+0200,0.129,MW,NL,NL,actual_solar_generation,Solar | Actual Consumption,2026-08-26T03:46:52Z
2026-08-26T03:42:24Z,2026-08-26T05:42:24+0200,e96b9d4a-1054-48fe-90c7-5f4aaf55485c,2026-08-18T01:15:00Z,2026-08-18T03:15:00+0200,0.0,MW,NL,NL,actual_solar_generation,Solar | Actual Aggregated,2026-08-26T03:46:52Z
2026-08-26T03:42:24Z,2026-08-26T05:42:24+0200,e96b9d4a-1054-48fe-90c7-5f4aaf55485c,2026-08-18T01:15:00Z,2026-08-18T03:15:00+0200,0.116,MW,NL,NL,actual_solar_generation,Solar | Actual Consumption,2026-08-26T03:46:52Z
2026-08-26T03:42:24Z,2026-08-26T05:42:24+0200,e96b9d4a-1054-48fe-90c7-5f4aaf55485c,2026-08-18T01:30:00Z,2026-08-18T03:30:00+0200,0.0,MW,NL,NL,actual_solar_generation,Solar | Actual Aggregated,2026-08-26T03:46:52Z
2026-08-26T03:42:24Z,2026-08-26T05:42:24+0200,e96b9d4a-1054-48fe-90c7-5f4aaf55485c,2026-08-18T01:30:00Z,2026-08-18T03:30:00+0200,0.122,MW,NL,NL,actual_solar_generation,Solar | Actual Consumption,2026-08-26T03:46:52Z
2026-08-26T03:42:24Z,2026-08-26T05:42:24+0200,e96b9d4a-1054-48fe-90c7-5f4aaf55485c,2026-08-18T01:45:00Z,2026-08-18T03:45:00+0200,0.0,MW,NL,NL,actual_solar_generation,Solar | Actual Aggregated,2026-08-26T03:46:52Z
2026-08-26T03:42:24Z,2026-08-26T05:42:24+0200,e96b9d4a-1054-48fe-90c7-5f4aaf55485c,2026-08-18T01:45:00Z,2026-08-18T03:45:00+0200,0.128,MW,NL,NL,actual_solar_generation,Solar | Actual Consumption,2026-08-26T03:46:52Z
2026-08-26T03:42:24Z,2026-08-26T05:42:24+0200,e96b9d4a-1054-48fe-90c7-5f4aaf55485c,2026-08-18T02:00:00Z,2026-08-18T04:00:00+0200,0.0,MW,NL,NL,actual_solar_generation,Solar | Actual Aggregated,2026-08-26T03:46:52Z
2026-08-26T03:42:24Z,2026-08-26T05:42:24+0200,e96b9d4a-1054-48fe-90c7-5f4aaf55485c,2026-08-18T02:00:00Z,2026-08-18T04:00:00+0200,0.128,MW,NL,NL,actual_solar_generation,Solar | Actual Consumption,2026-08-26T03:46:52Z
2026-08-26T03:42:24Z,2026-08-26T05:42:24+0200,e96b9d4a-1054-48fe-90c7-5f4aaf55485c,2026-08-18T02:15:00Z,2026-08-18T04:15:00+0200,0.0,MW,NL,NL,actual_solar_generation,Solar | Actual Aggregated,2026-08-26T03:46:52Z
2026-08-26T03:42:24Z,2026-08-26T05:42:24+0200,e96b9d4a-1054-48fe-90c7-5f4aaf55485c,2026-08-18T02:15:00Z,2026-08-18T04:15:00+0200,0.128,MW,NL,NL,actual_solar_generation,Solar | Actual Consumption,2026-08-26T03:46:52Z
2026-08-26T03:42:24Z,2026-08-26T05:42:24+0200,e96b9d4a-1054-48fe-90c7-5f4aaf55485c,2026-08-18T02:30:00Z,2026-08-18T04:30:00+0200,0.0,MW,NL,NL,actual_solar_generation,Solar | Actual Aggregated,2026-08-26T03:46:52Z
2026-08-26T03:42:24Z,2026-08-26T05:42:24+0200,e96b9d4a-1054-48fe-90c7-5f4aaf55485c,2026-08-18T02:30:00Z,2026-08-18T04:30:00+0200,0.128,MW,NL,NL,actual_solar_generation,Solar | Actual Consumption,2026-08-26T03:46:52Z
2026-08-26T03:42:24Z,2026-08-26T05:42:24+0200,e96b9d4a-1054-48fe-90c7-5f4aaf55485c,2026-08-18T02:45:00Z,2026-08-18T04:45:00+0200,0.0,MW,NL,NL,actual_solar_generation,Solar | Actual Aggregated,2026-08-26T03:46:52Z
2026-08-26T03:42:24Z,2026-08-26T05:42:24+0200,e96b9d4a-1054-48fe-90c7-5f4aaf55485c,2026-08-18T02:45:00Z,2026-08-18T04:45:00+0200,0.128,MW,NL,NL,actual_solar_generation,Solar | Actual Consumption,2026-08-26T03:46:52Z
2026-08-26T03:42:24Z,2026-08-26T05:42:24+0200,e96b9d4a-1054-48fe-90c7-5f4aaf55485c,2026-08-18T03:00:00Z,2026-08-18T05:00:00+0200,0.0,MW,NL,NL,actual_solar_generation,Solar | Actual Aggregated,2026-08-26T03:46:52Z
2026-08-26T03:42:24Z,2026-08-26T05:42:24+0200,e96b9d4a-1054-48fe-90c7-5f4aaf55485c,2026-08-18T03:00:00Z,2026-08-18T05:00:00+0200,0.128,MW,NL,NL,actual_solar_generation,Solar | Actual Consumption,2026-08-26T03:46:52Z
2026-08-26T03:42:24Z,2026-08-26T05:42:24+0200,e96b9d4a-1054-48fe-90c7-5f4aaf55485c,2026-08-18T03:15:00Z,2026-08-18T05:15:00+0200,0.0,MW,NL,NL,actual_solar_generation,Solar | Actual Aggregated,2026-08-26T03:46:52Z
2026-08-26T03:42:24Z,2026-08-26T05:42:24+0200,e96b9d4a-1054-48fe-90c7-5f4aaf55485c,2026-08-18T03:15:00Z,2026-08-18T05:15:00+0200,0.128,MW,NL,NL,actual_solar_generation,Solar | Actual Consumption,2026-08-26T03:46:52Z
2026-08-26T03:42:24Z,2026-08-26T05:42:24+0200,e96b9d4a-1054-48fe-90c7-5f4aaf55485c,2026-08-18T03:30:00Z,2026-08-18T05:30:00+0200,0.0,MW,NL,NL,actual_solar_generation,Solar | Actual Aggregated,2026-08-26T03:46:52Z
2026-08-26T03:42:24Z,2026-08-26T05:42:24+0200,e96b9d4a-1054-48fe-90c7-5f4aaf55485c,2026-08-18T03:30:00Z,2026-08-18T05:30:00+0200,0.122,MW,NL,NL,actual_solar_generation,Solar | Actual Consumption,2026-08-26T03:46:52Z
2026-08-26T03:42:24Z,2026-08-26T05:42:24+0200,e96b9d4a-1054-48fe-90c7-5f4aaf55485c,2026-08-18T03:45:00Z,2026-08-18T05:45:00+0200,0.0,MW,NL,NL,actual_solar_generation,Solar | Actual Aggregated,2026-08-26T03:46:52Z
2026-08-26T03:42:24Z,2026-08-26T05:42:24+0200,e96b9d4a-1054-48fe-90c7-5f4aaf55485c,2026-08-18T03:45:00Z,2026-08-18T05:45:00+0200,0.119,MW,NL,NL,actual_solar_generation,Solar | Actual Consumption,2026-08-26T03:46:52Z
2026-08-26T03:42:24Z,2026-08-26T05:42:24+0200,e96b9d4a-1054-48fe-90c7-5f4aaf55485c,2026-08-18T04:00:00Z,2026-08-18T06:00:00+0200,0.0,MW,NL,NL,actual_solar_generation,Solar | Actual Aggregated,2026-08-26T03:46:52Z
2026-08-26T03:42:24Z,2026-08-26T05:42:24+0200,e96b9d4a-1054-48fe-90c7-5f4aaf55485c,2026-08-18T04:00:00Z,2026-08-18T06:00:00+0200,0.122,MW,NL,NL,actual_solar_generation,Solar | Actual Consumption,2026-08-26T03:46:52Z
2026-08-26T03:42:24Z,2026-08-26T05:42:24+0200,e96b9d4a-1054-48fe-90c7-5f4aaf55485c,2026-08-18T04:15:00Z,2026-08-18T06:15:00+0200,0.0,MW,NL,NL,actual_solar_generation,Solar | Actual Aggregated,2026-08-26T03:46:52Z
2026-08-26T03:42:24Z,2026-08-26T05:42:24+0200,e96b9d4a-1054-48fe-90c7-5f4aaf55485c,2026-08-18T04:15:00Z,2026-08-18T06:15:00+0200,0.12,MW,NL,NL,actual_solar_generation,Solar | Actual Consumption,2026-08-26T03:46:52Z
2026-08-26T03:42:24Z,2026-08-26T05:42:24+0200,e96b9d4a-1054-48fe-90c7-5f4aaf55485c,2026-08-18T04:30:00Z,2026-08-18T06:30:00+0200,0.264,MW,NL,NL,actual_solar_generation,Solar | Actual Aggregated,2026-08-26T03:46:52Z
2026-08-26T03:42:24Z,2026-08-26T05:42:24+0200,e96b9d4a-1054-48fe-90c7-5f4aaf55485c,2026-08-18T04:30:00Z,2026-08-18T06:30:00+0200,0.135,MW,NL,NL,actual_solar_generation,Solar | Actual Consumption,2026-08-26T03:46:52Z
2026-08-26T03:42:24Z,2026-08-26T05:42:24+0200,e96b9d4a-1054-48fe-90c7-5f4aaf55485c,2026-08-18T04:45:00Z,2026-08-18T06:45:00+0200,4.081,MW,NL,NL,actual_solar_generation,Solar | Actual Aggregated,2026-08-26T03:46:52Z
2026-08-26T03:42:24Z,2026-08-26T05:42:24+0200,e96b9d4a-1054-48fe-90c7-5f4aaf55485c,2026-08-18T04:45:00Z,2026-08-18T06:45:00+0200,0.0,MW,NL,NL,actual_solar_generation,Solar | Actual Consumption,2026-08-26T03:46:52Z
2026-08-26T03:42:24Z,2026-08-26T05:42:24+0200,e96b9d4a-1054-48fe-90c7-5f4aaf55485c,2026-08-18T05:00:00Z,2026-08-18T07:00:00+0200,6.016,MW,NL,NL,actual_solar_generation,Solar | Actual Aggregated,2026-08-26T03:46:52Z
2026-08-26T03:42:24Z,2026-08-26T05:42:24+0200,e96b9d4a-1054-48fe-90c7-5f4aaf55485c,2026-08-18T05:00:00Z,2026-08-18T07:00:00+0200,0.0,MW,NL,NL,actual_solar_generation,Solar | Actual Consumption,2026-08-26T03:46:52Z
2026-08-26T03:42:24Z,2026-08-26T05:42:24+0200,e96b9d4a-1054-48fe-90c7-5f4aaf55485c,2026-08-18T05:15:00Z,2026-08-18T07:15:00+0200,9.248,MW,NL,NL,actual_solar_generation,Solar | Actual Aggregated,2026-08-26T03:46:52Z
2026-08-26T03:42:24Z,2026-08-26T05:42:24+0200,e96b9d4a-1054-48fe-90c7-5f4aaf55485c,2026-08-18T05:15:00Z,2026-08-18T07:15:00+0200,0.0,MW,NL,NL,actual_solar_generation,Solar | Actual Consumption,2026-08-26T03:46:52Z
2026-08-26T03:42:24Z,2026-08-26T05:42:24+0200,e96b9d4a-1054-48fe-90c7-5f4aaf55485c,2026-08-18T05:30:00Z,2026-08-18T07:30:00+0200,13.577,MW,NL,NL,actual_solar_generation,Solar | Actual Aggregated,2026-08-26T03:46:52Z
2026-08-26T03:42:24Z,2026-08-26T05:42:24+0200,e96b9d4a-1054-48fe-90c7-5f4aaf55485c,2026-08-18T05:30:00Z,2026-08-18T07:30:00+0200,0.0,MW,NL,NL,actual_solar_generation,Solar | Actual Consumption,2026-08-26T03:46:52Z
2026-08-26T03:42:24Z,2026-08-26T05:42:24+0200,e96b9d4a-1054-48fe-90c7-5f4aaf55485c,2026-08-18T05:45:00Z,2026-08-18T07:45:00+0200,22.261,MW,NL,NL,actual_solar_generation,Solar | Actual Aggregated,2026-08-26T03:46:52Z
2026-08-26T03:42:24Z,2026-08-26T05:42:24+0200,e96b9d4a-1054-48fe-90c7-5f4aaf55485c,2026-08-18T05:45:00Z,2026-08-18T07:45:00+0200,0.0,MW,NL,NL,actual_solar_generation,Solar | Actual Consumption,2026-08-26T03:46:52Z
2026-08-26T03:42:24Z,2026-08-26T05:42:24+0200,e96b9d4a-1054-48fe-90c7-5f4aaf55485c,2026-08-18T06:00:00Z,2026-08-18T08:00:00+0200,30.018,MW,NL,NL,actual_solar_generation,Solar | Actual Aggregated,2026-08-26T03:46:52Z
2026-08-26T03:42:24Z,2026-08-26T05:42:24+0200,e96b9d4a-1054-48fe-90c7-5f4aaf55485c,2026-08-18T06:00:00Z,2026-08-18T08:00:00+0200,0.0,MW,NL,NL,actual_solar_generation,Solar | Actual Consumption,2026-08-26T03:46:52Z
2026-08-26T03:42:24Z,2026-08-26T05:42:24+0200,e96b9d4a-1054-48fe-90c7-5f4aaf55485c,2026-08-18T06:15:00Z,2026-08-18T08:15:00+0200,32.606,MW,NL,NL,actual_solar_generation,Solar | Actual Aggregated,2026-08-26T03:46:52Z
2026-08-26T03:42:24Z,2026-08-26T05:42:24+0200,e96b9d4a-1054-48fe-90c7-5f4aaf55485c,2026-08-18T06:15:00Z,2026-08-18T08:15:00+0200,0.0,MW,NL,NL,actual_solar_generation,Solar | Actual Consumption,2026-08-26T03:46:52Z
2026-08-26T03:42:24Z,2026-08-26T05:42:24+0200,e96b9d4a-1054-48fe-90c7-5f4aaf55485c,2026-08-18T06:30:00Z,2026-08-18T08:30:00+0200,42.549,MW,NL,NL,actual_solar_generation,Solar | Actual Aggregated,2026-08-26T03:46:52Z
2026-08-26T03:42:24Z,2026-08-26T05:42:24+0200,e96b9d4a-1054-48fe-90c7-5f4aaf55485c,2026-08-18T06:30:00Z,2026-08-18T08:30:00+0200,0.0,MW,NL,NL,actual_solar_generation,Solar | Actual Consumption,2026-08-26T03:46:52Z
2026-08-26T03:42:24Z,2026-08-26T05:42:24+0200,e96b9d4a-1054-48fe-90c7-5f4aaf55485c,2026-08-18T06:45:00Z,2026-08-18T08:45:00+0200,50.108,MW,NL,NL,actual_solar_generation,Solar | Actual Aggregated,2026-08-26T03:46:52Z
2026-08-26T03:42:24Z,2026-08-26T05:42:24+0200,e96b9d4a-1054-48fe-90c7-5f4aaf55485c,2026-08-18T06:45:00Z,2026-08-18T08:45:00+0200,0.0,MW,NL,NL,actual_solar_generation,Solar | Actual Consumption,2026-08-26T03:46:52Z
2026-08-26T03:42:24Z,2026-08-26T05:42:24+0200,e96b9d4a-1054-48fe-90c7-5f4aaf55485c,2026-08-18T07:00:00Z,2026-08-18T09:00:00+0200,47.196,MW,NL,NL,actual_solar_generation,Solar | Actual Aggregated,2026-08-26T03:46:52Z
2026-08-26T03:42:24Z,2026-08-26T05:42:24+0200,e96b9d4a-1054-48fe-90c7-5f4aaf55485c,2026-08-18T07:00:00Z,2026-08-18T09:00:00+0200,0.0,MW,NL,NL,actual_solar_generation,Solar | Actual Consumption,2026-08-26T03:46:52Z
2026-08-26T03:42:24Z,2026-08-26T05:42:24+0200,e96b9d4a-1054-48fe-90c7-5f4aaf55485c,2026-08-18T07:15:00Z,2026-08-18T09:15:00+0200,46.048,MW,NL,NL,actual_solar_generation,Solar | Actual Aggregated,2026-08-26T03:46:52Z
2026-08-26T03:42:24Z,2026-08-26T05:42:24+0200,e96b9d4a-1054-48fe-90c7-5f4aaf55485c,2026-08-18T07:15:00Z,2026-08-18T09:15:00+0200,0.0,MW,NL,NL,actual_solar_generation,Solar | Actual Consumption,2026-08-26T03:46:52Z
2026-08-26T03:42:24Z,2026-08-26T05:42:24+0200,e96b9d4a-1054-48fe-90c7-5f4aaf55485c,2026-08-18T07:30:00Z,2026-08-18T09:30:00+0200,47.616,MW,NL,NL,actual_solar_generation,Solar | Actual Aggregated,2026-08-26T03:46:52Z
2026-08-26T03:42:24Z,2026-08-26T05:42:24+0200,e96b9d4a-1054-48fe-90c7-5f4aaf55485c,2026-08-18T07:30:00Z,2026-08-18T09:30:00+0200,0.0,MW,NL,NL,actual_solar_generation,Solar | Actual Consumption,2026-08-26T03:46:52Z
2026-08-26T03:42:24Z,2026-08-26T05:42:24+0200,e96b9d4a-1054-48fe-90c7-5f4aaf55485c,2026-08-18T07:45:00Z,2026-08-18T09:45:00+0200,48.947,MW,NL,NL,actual_solar_generation,Solar | Actual Aggregated,2026-08-26T03:46:52Z
2026-08-26T03:42:24Z,2026-08-26T05:42:24+0200,e96b9d4a-1054-48fe-90c7-5f4aaf55485c,2026-08-18T07:45:00Z,2026-08-18T09:45:00+0200,0.0,MW,NL,NL,actual_solar_generation,Solar | Actual Consumption,2026-08-26T03:46:52Z
2026-08-26T03:42:24Z,2026-08-26T05:42:24+0200,e96b9d4a-1054-48fe-90c7-5f4aaf55485c,2026-08-18T08:00:00Z,2026-08-18T10:00:00+0200,49.058,MW,NL,NL,actual_solar_generation,Solar | Actual Aggregated,2026-08-26T03:46:52Z
2026-08-26T03:42:24Z,2026-08-26T05:42:24+0200,e96b9d4a-1054-48fe-90c7-5f4aaf55485c,2026-08-18T08:00:00Z,2026-08-18T10:00:00+0200,0.0,MW,NL,NL,actual_solar_generation,Solar | Actual Consumption,2026-08-26T03:46:52Z
2026-08-26T03:42:24Z,2026-08-26T05:42:24+0200,e96b9d4a-1054-48fe-90c7-5f4aaf55485c,2026-08-18T08:15:00Z,2026-08-18T10:15:00+0200,44.332,MW,NL,NL,actual_solar_generation,Solar | Actual Aggregated,2026-08-26T03:46:52Z
2026-08-26T03:42:24Z,2026-08-26T05:42:24+0200,e96b9d4a-1054-48fe-90c7-5f4aaf55485c,2026-08-18T08:15:00Z,2026-08-18T10:15:00+0200,0.0,MW,NL,NL,actual_solar_generation,Solar | Actual Consumption,2026-08-26T03:46:52Z
2026-08-26T03:42:24Z,2026-08-26T05:42:24+0200,e96b9d4a-1054-48fe-90c7-5f4aaf55485c,2026-08-18T08:30:00Z,2026-08-18T10:30:00+0200,52.49,MW,NL,NL,actual_solar_generation,Solar | Actual Aggregated,2026-08-26T03:46:52Z
2026-08-26T03:42:24Z,2026-08-26T05:42:24+0200,e96b9d4a-1054-48fe-90c7-5f4aaf55485c,2026-08-18T08:30:00Z,2026-08-18T10:30:00+0200,0.0,MW,NL,NL,actual_solar_generation,Solar | Actual Consumption,2026-08-26T03:46:52Z
2026-08-26T03:42:24Z,2026-08-26T05:42:24+0200,e96b9d4a-1054-48fe-90c7-5f4aaf55485c,2026-08-18T08:45:00Z,2026-08-18T10:45:00+0200,55.496,MW,NL,NL,actual_solar_generation,Solar | Actual Aggregated,2026-08-26T03:46:52Z
2026-08-26T03:42:24Z,2026-08-26T05:42:24+0200,e96b9d4a-1054-48fe-90c7-5f4aaf55485c,2026-08-18T08:45:00Z,2026-08-18T10:45:00+0200,0.0,MW,NL,NL,actual_solar_generation,Solar | Actual Consumption,2026-08-26T03:46:52Z
2026-08-26T03:42:24Z,2026-08-26T05:42:24+0200,e96b9d4a-1054-48fe-90c7-5f4aaf55485c,2026-08-18T09:00:00Z,2026-08-18T11:00:00+0200,61.798,MW,NL,NL,actual_solar_generation,Solar | Actual Aggregated,2026-08-26T03:46:52Z
2026-08-26T03:42:24Z,2026-08-26T05:42:24+0200,e96b9d4a-1054-48fe-90c7-5f4aaf55485c,2026-08-18T09:00:00Z,2026-08-18T11:00:00+0200,0.0,MW,NL,NL,actual_solar_generation,Solar | Actual Consumption,2026-08-26T03:46:52Z
2026-08-26T03:42:24Z,2026-08-26T05:42:24+0200,e96b9d4a-1054-48fe-90c7-5f4aaf55485c,2026-08-18T09:15:00Z,2026-08-18T11:15:00+0200,69.999,MW,NL,NL,actual_solar_generation,Solar | Actual Aggregated,2026-08-26T03:46:52Z
2026-08-26T03:42:24Z,2026-08-26T05:42:24+0200,e96b9d4a-1054-48fe-90c7-5f4aaf55485c,2026-08-18T09:15:00Z,2026-08-18T11:15:00+0200,0.0,MW,NL,NL,actual_solar_generation,Solar | Actual Consumption,2026-08-26T03:46:52Z
2026-08-26T03:42:24Z,2026-08-26T05:42:24+0200,e96b9d4a-1054-48fe-90c7-5f4aaf55485c,2026-08-18T09:30:00Z,2026-08-18T11:30:00+0200,73.445,MW,NL,NL,actual_solar_generation,Solar | Actual Aggregated,2026-08-26T03:46:52Z
2026-08-26T03:42:24Z,2026-08-26T05:42:24+0200,e96b9d4a-1054-48fe-90c7-5f4aaf55485c,2026-08-18T09:30:00Z,2026-08-18T11:30:00+0200,0.0,MW,NL,NL,actual_solar_generation,Solar | Actual Consumption,2026-08-26T03:46:52Z
2026-08-26T03:42:24Z,2026-08-26T05:42:24+0200,e96b9d4a-1054-48fe-90c7-5f4aaf55485c,2026-08-18T09:45:00Z,2026-08-18T11:45:00+0200,88.487,MW,NL,NL,actual_solar_generation,Solar | Actual Aggregated,2026-08-26T03:46:52Z
2026-08-26T03:42:24Z,2026-08-26T05:42:24+0200,e96b9d4a-1054-48fe-90c7-5f4aaf55485c,2026-08-18T09:45:00Z,2026-08-18T11:45:00+0200,0.0,MW,NL,NL,actual_solar_generation,Solar | Actual Consumption,2026-08-26T03:46:52Z
2026-08-26T03:42:24Z,2026-08-26T05:42:24+0200,e96b9d4a-1054-48fe-90c7-5f4aaf55485c,2026-08-18T10:00:00Z,2026-08-18T12:00:00+0200,85.707,MW,NL,NL,actual_solar_generation,Solar | Actual Aggregated,2026-08-26T03:46:52Z
2026-08-26T03:42:24Z,2026-08-26T05:42:24+0200,e96b9d4a-1054-48fe-90c7-5f4aaf55485c,2026-08-18T10:00:00Z,2026-08-18T12:00:00+0200,0.0,MW,NL,NL,actual_solar_generation,Solar | Actual Consumption,2026-08-26T03:46:52Z
2026-08-26T03:42:24Z,2026-08-26T05:42:24+0200,e96b9d4a-1054-48fe-90c7-5f4aaf55485c,2026-08-18T10:15:00Z,2026-08-18T12:15:00+0200,83.095,MW,NL,NL,actual_solar_generation,Solar | Actual Aggregated,2026-08-26T03:46:52Z
2026-08-26T03:42:24Z,2026-08-26T05:42:24+0200,e96b9d4a-1054-48fe-90c7-5f4aaf55485c,2026-08-18T10:15:00Z,2026-08-18T12:15:00+0200,0.0,MW,NL,NL,actual_solar_generation,Solar | Actual Consumption,2026-08-26T03:46:52Z
2026-08-26T03:42:24Z,2026-08-26T05:42:24+0200,e96b9d4a-1054-48fe-90c7-5f4aaf55485c,2026-08-18T10:30:00Z,2026-08-18T12:30:00+0200,84.976,MW,NL,NL,actual_solar_generation,Solar | Actual Aggregated,2026-08-26T03:46:52Z
2026-08-26T03:42:24Z,2026-08-26T05:42:24+0200,e96b9d4a-1054-48fe-90c7-5f4aaf55485c,2026-08-18T10:30:00Z,2026-08-18T12:30:00+0200,0.0,MW,NL,NL,actual_solar_generation,Solar | Actual Consumption,2026-08-26T03:46:52Z
2026-08-26T03:42:24Z,2026-08-26T05:42:24+0200,e96b9d4a-1054-48fe-90c7-5f4aaf55485c,2026-08-18T10:45:00Z,2026-08-18T12:45:00+0200,59.804,MW,NL,NL,actual_solar_generation,Solar | Actual Aggregated,2026-08-26T03:46:52Z
2026-08-26T03:42:24Z,2026-08-26T05:42:24+0200,e96b9d4a-1054-48fe-90c7-5f4aaf55485c,2026-08-18T10:45:00Z,2026-08-18T12:45:00+0200,0.0,MW,NL,NL,actual_solar_generation,Solar | Actual Consumption,2026-08-26T03:46:52Z
2026-08-26T03:42:24Z,2026-08-26T05:42:24+0200,e96b9d4a-1054-48fe-90c7-5f4aaf55485c,2026-08-18T11:00:00Z,2026-08-18T13:00:00+0200,48.762,MW,NL,NL,actual_solar_generation,Solar | Actual Aggregated,2026-08-26T03:46:52Z
2026-08-26T03:42:24Z,2026-08-26T05:42:24+0200,e96b9d4a-1054-48fe-90c7-5f4aaf55485c,2026-08-18T11:00:00Z,2026-08-18T13:00:00+0200,0.0,MW,NL,NL,actual_solar_generation,Solar | Actual Consumption,2026-08-26T03:46:52Z
2026-08-26T03:42:24Z,2026-08-26T05:42:24+0200,e96b9d4a-1054-48fe-90c7-5f4aaf55485c,2026-08-18T11:15:00Z,2026-08-18T13:15:00+0200,48.964,MW,NL,NL,actual_solar_generation,Solar | Actual Aggregated,2026-08-26T03:46:52Z
2026-08-26T03:42:24Z,2026-08-26T05:42:24+0200,e96b9d4a-1054-48fe-90c7-5f4aaf55485c,2026-08-18T11:15:00Z,2026-08-18T13:15:00+0200,0.0,MW,NL,NL,actual_solar_generation,Solar | Actual Consumption,2026-08-26T03:46:52Z
2026-08-26T03:42:24Z,2026-08-26T05:42:24+0200,e96b9d4a-1054-48fe-90c7-5f4aaf55485c,2026-08-18T11:30:00Z,2026-08-18T13:30:00+0200,51.634,MW,NL,NL,actual_solar_generation,Solar | Actual Aggregated,2026-08-26T03:46:52Z
2026-08-26T03:42:24Z,2026-08-26T05:42:24+0200,e96b9d4a-1054-48fe-90c7-5f4aaf55485c,2026-08-18T11:30:00Z,2026-08-18T13:30:00+0200,0.0,MW,NL,NL,actual_solar_generation,Solar | Actual Consumption,2026-08-26T03:46:52Z
2026-08-26T03:42:24Z,2026-08-26T05:42:24+0200,e96b9d4a-1054-48fe-90c7-5f4aaf55485c,2026-08-18T11:45:00Z,2026-08-18T13:45:00+0200,66.007,MW,NL,NL,actual_solar_generation,Solar | Actual Aggregated,2026-08-26T03:46:52Z
2026-08-26T03:42:24Z,2026-08-26T05:42:24+0200,e96b9d4a-1054-48fe-90c7-5f4aaf55485c,2026-08-18T11:45:00Z,2026-08-18T13:45:00+0200,0.0,MW,NL,NL,actual_solar_generation,Solar | Actual Consumption,2026-08-26T03:46:52Z
2026-08-26T03:42:24Z,2026-08-26T05:42:24+0200,e96b9d4a-1054-48fe-90c7-5f4aaf55485c,2026-08-18T12:00:00Z,2026-08-18T14:00:00+0200,46.422,MW,NL,NL,actual_solar_generation,Solar | Actual Aggregated,2026-08-26T03:46:52Z
2026-08-26T03:42:24Z,2026-08-26T05:42:24+0200,e96b9d4a-1054-48fe-90c7-5f4aaf55485c,2026-08-18T12:00:00Z,2026-08-18T14:00:00+0200,0.0,MW,NL,NL,actual_solar_generation,Solar | Actual Consumption,2026-08-26T03:46:52Z
2026-08-26T03:42:24Z,2026-08-26T05:42:24+0200,e96b9d4a-1054-48fe-90c7-5f4aaf55485c,2026-08-18T12:15:00Z,2026-08-18T14:15:00+0200,48.367,MW,NL,NL,actual_solar_generation,Solar | Actual Aggregated,2026-08-26T03:46:52Z
2026-08-26T03:42:24Z,2026-08-26T05:42:24+0200,e96b9d4a-1054-48fe-90c7-5f4aaf55485c,2026-08-18T12:15:00Z,2026-08-18T14:15:00+0200,0.0,MW,NL,NL,actual_solar_generation,Solar | Actual Consumption,2026-08-26T03:46:52Z
2026-08-26T03:42:24Z,2026-08-26T05:42:24+0200,e96b9d4a-1054-48fe-90c7-5f4aaf55485c,2026-08-18T12:30:00Z,2026-08-18T14:30:00+0200,46.788,MW,NL,NL,actual_solar_generation,Solar | Actual Aggregated,2026-08-26T03:46:52Z
2026-08-26T03:42:24Z,2026-08-26T05:42:24+0200,e96b9d4a-1054-48fe-90c7-5f4aaf55485c,2026-08-18T12:30:00Z,2026-08-18T14:30:00+0200,0.0,MW,NL,NL,actual_solar_generation,Solar | Actual Consumption,2026-08-26T03:46:52Z
2026-08-26T03:42:24Z,2026-08-26T05:42:24+0200,e96b9d4a-1054-48fe-90c7-5f4aaf55485c,2026-08-18T12:45:00Z,2026-08-18T14:45:00+0200,45.091,MW,NL,NL,actual_solar_generation,Solar | Actual Aggregated,2026-08-26T03:46:52Z
2026-08-26T03:42:24Z,2026-08-26T05:42:24+0200,e96b9d4a-1054-48fe-90c7-5f4aaf55485c,2026-08-18T12:45:00Z,2026-08-18T14:45:00+0200,0.0,MW,NL,NL,actual_solar_generation,Solar | Actual Consumption,2026-08-26T03:46:52Z
2026-08-26T03:42:24Z,2026-08-26T05:42:24+0200,e96b9d4a-1054-48fe-90c7-5f4aaf55485c,2026-08-18T13:00:00Z,2026-08-18T15:00:00+0200,49.727,MW,NL,NL,actual_solar_generation,Solar | Actual Aggregated,2026-08-26T03:46:52Z
2026-08-26T03:42:24Z,2026-08-26T05:42:24+0200,e96b9d4a-1054-48fe-90c7-5f4aaf55485c,2026-08-18T13:00:00Z,2026-08-18T15:00:00+0200,0.0,MW,NL,NL,actual_solar_generation,Solar | Actual Consumption,2026-08-26T03:46:52Z
2026-08-26T03:42:24Z,2026-08-26T05:42:24+0200,e96b9d4a-1054-48fe-90c7-5f4aaf55485c,2026-08-18T13:15:00Z,2026-08-18T15:15:00+0200,63.087,MW,NL,NL,actual_solar_generation,Solar | Actual Aggregated,2026-08-26T03:46:52Z
2026-08-26T03:42:24Z,2026-08-26T05:42:24+0200,e96b9d4a-1054-48fe-90c7-5f4aaf55485c,2026-08-18T13:15:00Z,2026-08-18T15:15:00+0200,0.0,MW,NL,NL,actual_solar_generation,Solar | Actual Consumption,2026-08-26T03:46:52Z
2026-08-26T03:42:24Z,2026-08-26T05:42:24+0200,e96b9d4a-1054-48fe-90c7-5f4aaf55485c,2026-08-18T13:30:00Z,2026-08-18T15:30:00+0200,98.256,MW,NL,NL,actual_solar_generation,Solar | Actual Aggregated,2026-08-26T03:46:52Z
2026-08-26T03:42:24Z,2026-08-26T05:42:24+0200,e96b9d4a-1054-48fe-90c7-5f4aaf55485c,2026-08-18T13:30:00Z,2026-08-18T15:30:00+0200,0.0,MW,NL,NL,actual_solar_generation,Solar | Actual Consumption,2026-08-26T03:46:52Z
2026-08-26T03:42:24Z,2026-08-26T05:42:24+0200,e96b9d4a-1054-48fe-90c7-5f4aaf55485c,2026-08-18T13:45:00Z,2026-08-18T15:45:00+0200,74.949,MW,NL,NL,actual_solar_generation,Solar | Actual Aggregated,2026-08-26T03:46:52Z
2026-08-26T03:42:24Z,2026-08-26T05:42:24+0200,e96b9d4a-1054-48fe-90c7-5f4aaf55485c,2026-08-18T13:45:00Z,2026-08-18T15:45:00+0200,0.0,MW,NL,NL,actual_solar_generation,Solar | Actual Consumption,2026-08-26T03:46:52Z
2026-08-26T03:42:24Z,2026-08-26T05:42:24+0200,e96b9d4a-1054-48fe-90c7-5f4aaf55485c,2026-08-18T14:00:00Z,2026-08-18T16:00:00+0200,34.627,MW,NL,NL,actual_solar_generation,Solar | Actual Aggregated,2026-08-26T03:46:52Z
2026-08-26T03:42:24Z,2026-08-26T05:42:24+0200,e96b9d4a-1054-48fe-90c7-5f4aaf55485c,2026-08-18T14:00:00Z,2026-08-18T16:00:00+0200,0.0,MW,NL,NL,actual_solar_generation,Solar | Actual Consumption,2026-08-26T03:46:52Z
2026-08-26T03:42:24Z,2026-08-26T05:42:24+0200,e96b9d4a-1054-48fe-90c7-5f4aaf55485c,2026-08-18T14:15:00Z,2026-08-18T16:15:00+0200,20.967,MW,NL,NL,actual_solar_generation,Solar | Actual Aggregated,2026-08-26T03:46:52Z
2026-08-26T03:42:24Z,2026-08-26T05:42:24+0200,e96b9d4a-1054-48fe-90c7-5f4aaf55485c,2026-08-18T14:15:00Z,2026-08-18T16:15:00+0200,0.0,MW,NL,NL,actual_solar_generation,Solar | Actual Consumption,2026-08-26T03:46:52Z
2026-08-26T03:42:24Z,2026-08-26T05:42:24+0200,e96b9d4a-1054-48fe-90c7-5f4aaf55485c,2026-08-18T14:30:00Z,2026-08-18T16:30:00+0200,30.421,MW,NL,NL,actual_solar_generation,Solar | Actual Aggregated,2026-08-26T03:46:52Z
2026-08-26T03:42:24Z,2026-08-26T05:42:24+0200,e96b9d4a-1054-48fe-90c7-5f4aaf55485c,2026-08-18T14:30:00Z,2026-08-18T16:30:00+0200,0.0,MW,NL,NL,actual_solar_generation,Solar | Actual Consumption,2026-08-26T03:46:52Z
2026-08-26T03:42:24Z,2026-08-26T05:42:24+0200,e96b9d4a-1054-48fe-90c7-5f4aaf55485c,2026-08-18T14:45:00Z,2026-08-18T16:45:00+0200,30.359,MW,NL,NL,actual_solar_generation,Solar | Actual Aggregated,2026-08-26T03:46:52Z
2026-08-26T03:42:24Z,2026-08-26T05:42:24+0200,e96b9d4a-1054-48fe-90c7-5f4aaf55485c,2026-08-18T14:45:00Z,2026-08-18T16:45:00+0200,0.0,MW,NL,NL,actual_solar_generation,Solar | Actual Consumption,2026-08-26T03:46:52Z
2026-08-26T03:42:24Z,2026-08-26T05:42:24+0200,e96b9d4a-1054-48fe-90c7-5f4aaf55485c,2026-08-18T15:00:00Z,2026-08-18T17:00:00+0200,28.735,MW,NL,NL,actual_solar_generation,Solar | Actual Aggregated,2026-08-26T03:46:52Z
2026-08-26T03:42:24Z,2026-08-26T05:42:24+0200,e96b9d4a-1054-48fe-90c7-5f4aaf55485c,2026-08-18T15:00:00Z,2026-08-18T17:00:00+0200,0.0,MW,NL,NL,actual_solar_generation,Solar | Actual Consumption,2026-08-26T03:46:52Z
2026-08-26T03:42:24Z,2026-08-26T05:42:24+0200,e96b9d4a-1054-48fe-90c7-5f4aaf55485c,2026-08-18T15:15:00Z,2026-08-18T17:15:00+0200,28.149,MW,NL,NL,actual_solar_generation,Solar | Actual Aggregated,2026-08-26T03:46:52Z
2026-08-26T03:42:24Z,2026-08-26T05:42:24+0200,e96b9d4a-1054-48fe-90c7-5f4aaf55485c,2026-08-18T15:15:00Z,2026-08-18T17:15:00+0200,0.0,MW,NL,NL,actual_solar_generation,Solar | Actual Consumption,2026-08-26T03:46:52Z
2026-08-26T03:42:24Z,2026-08-26T05:42:24+0200,e96b9d4a-1054-48fe-90c7-5f4aaf55485c,2026-08-18T15:30:00Z,2026-08-18T17:30:00+0200,31.876,MW,NL,NL,actual_solar_generation,Solar | Actual Aggregated,2026-08-26T03:46:52Z
2026-08-26T03:42:24Z,2026-08-26T05:42:24+0200,e96b9d4a-1054-48fe-90c7-5f4aaf55485c,2026-08-18T15:30:00Z,2026-08-18T17:30:00+0200,0.0,MW,NL,NL,actual_solar_generation,Solar | Actual Consumption,2026-08-26T03:46:52Z
2026-08-26T03:42:24Z,2026-08-26T05:42:24+0200,e96b9d4a-1054-48fe-90c7-5f4aaf55485c,2026-08-18T15:45:00Z,2026-08-18T17:45:00+0200,48.589,MW,NL,NL,actual_solar_generation,Solar | Actual Aggregated,2026-08-26T03:46:52Z
2026-08-26T03:42:24Z,2026-08-26T05:42:24+0200,e96b9d4a-1054-48fe-90c7-5f4aaf55485c,2026-08-18T15:45:00Z,2026-08-18T17:45:00+0200,0.0,MW,NL,NL,actual_solar_generation,Solar | Actual Consumption,2026-08-26T03:46:52Z
2026-08-26T03:42:24Z,2026-08-26T05:42:24+0200,e96b9d4a-1054-48fe-90c7-5f4aaf55485c,2026-08-18T16:00:00Z,2026-08-18T18:00:00+0200,36.604,MW,NL,NL,actual_solar_generation,Solar | Actual Aggregated,2026-08-26T03:46:52Z
2026-08-26T03:42:24Z,2026-08-26T05:42:24+0200,e96b9d4a-1054-48fe-90c7-5f4aaf55485c,2026-08-18T16:00:00Z,2026-08-18T18:00:00+0200,0.0,MW,NL,NL,actual_solar_generation,Solar | Actual Consumption,2026-08-26T03:46:52Z
2026-08-26T03:42:24Z,2026-08-26T05:42:24+0200,e96b9d4a-1054-48fe-90c7-5f4aaf55485c,2026-08-18T16:15:00Z,2026-08-18T18:15:00+0200,24.305,MW,NL,NL,actual_solar_generation,Solar | Actual Aggregated,2026-08-26T03:46:52Z
2026-08-26T03:42:24Z,2026-08-26T05:42:24+0200,e96b9d4a-1054-48fe-90c7-5f4aaf55485c,2026-08-18T16:15:00Z,2026-08-18T18:15:00+0200,0.0,MW,NL,NL,actual_solar_generation,Solar | Actual Consumption,2026-08-26T03:46:52Z
2026-08-26T03:42:24Z,2026-08-26T05:42:24+0200,e96b9d4a-1054-48fe-90c7-5f4aaf55485c,2026-08-18T16:30:00Z,2026-08-18T18:30:00+0200,23.433,MW,NL,NL,actual_solar_generation,Solar | Actual Aggregated,2026-08-26T03:46:52Z
2026-08-26T03:42:24Z,2026-08-26T05:42:24+0200,e96b9d4a-1054-48fe-90c7-5f4aaf55485c,2026-08-18T16:30:00Z,2026-08-18T18:30:00+0200,0.0,MW,NL,NL,actual_solar_generation,Solar | Actual Consumption,2026-08-26T03:46:52Z
2026-08-26T03:42:24Z,2026-08-26T05:42:24+0200,e96b9d4a-1054-48fe-90c7-5f4aaf55485c,2026-08-18T16:45:00Z,2026-08-18T18:45:00+0200,13.688,MW,NL,NL,actual_solar_generation,Solar | Actual Aggregated,2026-08-26T03:46:52Z
2026-08-26T03:42:24Z,2026-08-26T05:42:24+0200,e96b9d4a-1054-48fe-90c7-5f4aaf55485c,2026-08-18T16:45:00Z,2026-08-18T18:45:00+0200,0.0,MW,NL,NL,actual_solar_generation,Solar | Actual Consumption,2026-08-26T03:46:52Z
2026-08-26T03:42:24Z,2026-08-26T05:42:24+0200,e96b9d4a-1054-48fe-90c7-5f4aaf55485c,2026-08-18T17:00:00Z,2026-08-18T19:00:00+0200,11.317,MW,NL,NL,actual_solar_generation,Solar | Actual Aggregated,2026-08-26T03:46:52Z
2026-08-26T03:42:24Z,2026-08-26T05:42:24+0200,e96b9d4a-1054-48fe-90c7-5f4aaf55485c,2026-08-18T17:00:00Z,2026-08-18T19:00:00+0200,0.0,MW,NL,NL,actual_solar_generation,Solar | Actual Consumption,2026-08-26T03:46:52Z
2026-08-26T03:42:24Z,2026-08-26T05:42:24+0200,e96b9d4a-1054-48fe-90c7-5f4aaf55485c,2026-08-18T17:15:00Z,2026-08-18T19:15:00+0200,16.429,MW,NL,NL,actual_solar_generation,Solar | Actual Aggregated,2026-08-26T03:46:52Z
2026-08-26T03:42:24Z,2026-08-26T05:42:24+0200,e96b9d4a-1054-48fe-90c7-5f4aaf55485c,2026-08-18T17:15:00Z,2026-08-18T19:15:00+0200,0.0,MW,NL,NL,actual_solar_generation,Solar | Actual Consumption,2026-08-26T03:46:52Z
2026-08-26T03:42:24Z,2026-08-26T05:42:24+0200,e96b9d4a-1054-48fe-90c7-5f4aaf55485c,2026-08-18T17:30:00Z,2026-08-18T19:30:00+0200,9.678,MW,NL,NL,actual_solar_generation,Solar | Actual Aggregated,2026-08-26T03:46:52Z
2026-08-26T03:42:24Z,2026-08-26T05:42:24+0200,e96b9d4a-1054-48fe-90c7-5f4aaf55485c,2026-08-18T17:30:00Z,2026-08-18T19:30:00+0200,0.0,MW,NL,NL,actual_solar_generation,Solar | Actual Consumption,2026-08-26T03:46:52Z
2026-08-26T03:42:24Z,2026-08-26T05:42:24+0200,e96b9d4a-1054-48fe-90c7-5f4aaf55485c,2026-08-18T17:45:00Z,2026-08-18T19:45:00+0200,7.398,MW,NL,NL,actual_solar_generation,Solar | Actual Aggregated,2026-08-26T03:46:52Z
2026-08-26T03:42:24Z,2026-08-26T05:42:24+0200,e96b9d4a-1054-48fe-90c7-5f4aaf55485c,2026-08-18T17:45:00Z,2026-08-18T19:45:00+0200,0.0,MW,NL,NL,actual_solar_generation,Solar | Actual Consumption,2026-08-26T03:46:52Z
2026-08-26T03:42:24Z,2026-08-26T05:42:24+0200,e96b9d4a-1054-48fe-90c7-5f4aaf55485c,2026-08-18T18:00:00Z,2026-08-18T20:00:00+0200,4.944,MW,NL,NL,actual_solar_generation,Solar | Actual Aggregated,2026-08-26T03:46:52Z
2026-08-26T03:42:24Z,2026-08-26T05:42:24+0200,e96b9d4a-1054-48fe-90c7-5f4aaf55485c,2026-08-18T18:00:00Z,2026-08-18T20:00:00+0200,0.0,MW,NL,NL,actual_solar_generation,Solar | Actual Consumption,2026-08-26T03:46:52Z
2026-08-26T03:42:24Z,2026-08-26T05:42:24+0200,e96b9d4a-1054-48fe-90c7-5f4aaf55485c,2026-08-18T18:15:00Z,2026-08-18T20:15:00+0200,2.908,MW,NL,NL,actual_solar_generation,Solar | Actual Aggregated,2026-08-26T03:46:52Z
2026-08-26T03:42:24Z,2026-08-26T05:42:24+0200,e96b9d4a-1054-48fe-90c7-5f4aaf55485c,2026-08-18T18:15:00Z,2026-08-18T20:15:00+0200,0.0,MW,NL,NL,actual_solar_generation,Solar | Actual Consumption,2026-08-26T03:46:52Z
2026-08-26T03:42:24Z,2026-08-26T05:42:24+0200,e96b9d4a-1054-48fe-90c7-5f4aaf55485c,2026-08-18T18:30:00Z,2026-08-18T20:30:00+0200,1.104,MW,NL,NL,actual_solar_generation,Solar | Actual Aggregated,2026-08-26T03:46:52Z
2026-08-26T03:42:24Z,2026-08-26T05:42:24+0200,e96b9d4a-1054-48fe-90c7-5f4aaf55485c,2026-08-18T18:30:00Z,2026-08-18T20:30:00+0200,0.629,MW,NL,NL,actual_solar_generation,Solar | Actual Consumption,2026-08-26T03:46:52Z
2026-08-26T03:42:24Z,2026-08-26T05:42:24+0200,e96b9d4a-1054-48fe-90c7-5f4aaf55485c,2026-08-18T18:45:00Z,2026-08-18T20:45:00+0200,0.0,MW,NL,NL,actual_solar_generation,Solar | Actual Aggregated,2026-08-26T03:46:52Z
2026-08-26T03:42:24Z,2026-08-26T05:42:24+0200,e96b9d4a-1054-48fe-90c7-5f4aaf55485c,2026-08-18T18:45:00Z,2026-08-18T20:45:00+0200,0.109,MW,NL,NL,actual_solar_generation,Solar | Actual Consumption,2026-08-26T03:46:52Z
2026-08-26T03:42:24Z,2026-08-26T05:42:24+0200,e96b9d4a-1054-48fe-90c7-5f4aaf55485c,2026-08-18T19:00:00Z,2026-08-18T21:00:00+0200,0.0,MW,NL,NL,actual_solar_generation,Solar | Actual Aggregated,2026-08-26T03:46:52Z
2026-08-26T03:42:24Z,2026-08-26T05:42:24+0200,e96b9d4a-1054-48fe-90c7-5f4aaf55485c,2026-08-18T19:00:00Z,2026-08-18T21:00:00+0200,0.116,MW,NL,NL,actual_solar_generation,Solar | Actual Consumption,2026-08-26T03:46:52Z
2026-08-26T03:42:24Z,2026-08-26T05:42:24+0200,e96b9d4a-1054-48fe-90c7-5f4aaf55485c,2026-08-18T19:15:00Z,2026-08-18T21:15:00+0200,0.0,MW,NL,NL,actual_solar_generation,Solar | Actual Aggregated,2026-08-26T03:46:52Z
2026-08-26T03:42:24Z,2026-08-26T05:42:24+0200,e96b9d4a-1054-48fe-90c7-5f4aaf55485c,2026-08-18T19:15:00Z,2026-08-18T21:15:00+0200,1.135,MW,NL,NL,actual_solar_generation,Solar | Actual Consumption,2026-08-26T03:46:52Z
2026-08-26T03:42:24Z,2026-08-26T05:42:24+0200,e96b9d4a-1054-48fe-90c7-5f4aaf55485c,2026-08-18T19:30:00Z,2026-08-18T21:30:00+0200,0.0,MW,NL,NL,actual_solar_generation,Solar | Actual Aggregated,2026-08-26T03:46:52Z
2026-08-26T03:42:24Z,2026-08-26T05:42:24+0200,e96b9d4a-1054-48fe-90c7-5f4aaf55485c,2026-08-18T19:30:00Z,2026-08-18T21:30:00+0200,0.112,MW,NL,NL,actual_solar_generation,Solar | Actual Consumption,2026-08-26T03:46:52Z
2026-08-26T03:42:24Z,2026-08-26T05:42:24+0200,e96b9d4a-1054-48fe-90c7-5f4aaf55485c,2026-08-18T19:45:00Z,2026-08-18T21:45:00+0200,0.0,MW,NL,NL,actual_solar_generation,Solar | Actual Aggregated,2026-08-26T03:46:52Z
2026-08-26T03:42:24Z,2026-08-26T05:42:24+0200,e96b9d4a-1054-48fe-90c7-5f4aaf55485c,2026-08-18T19:45:00Z,2026-08-18T21:45:00+0200,0.133,MW,NL,NL,actual_solar_generation,Solar | Actual Consumption,2026-08-26T03:46:52Z
2026-08-26T03:42:24Z,2026-08-26T05:42:24+0200,e96b9d4a-1054-48fe-90c7-5f4aaf55485c,2026-08-18T20:00:00Z,2026-08-18T22:00:00+0200,0.0,MW,NL,NL,actual_solar_generation,Solar | Actual Aggregated,2026-08-26T03:46:52Z
2026-08-26T03:42:24Z,2026-08-26T05:42:24+0200,e96b9d4a-1054-48fe-90c7-5f4aaf55485c,2026-08-18T20:00:00Z,2026-08-18T22:00:00+0200,0.124,MW,NL,NL,actual_solar_generation,Solar | Actual Consumption,2026-08-26T03:46:52Z
2026-08-26T03:42:24Z,2026-08-26T05:42:24+0200,e96b9d4a-1054-48fe-90c7-5f4aaf55485c,2026-08-18T20:15:00Z,2026-08-18T22:15:00+0200,0.0,MW,NL,NL,actual_solar_generation,Solar | Actual Aggregated,2026-08-26T03:46:52Z
2026-08-26T03:42:24Z,2026-08-26T05:42:24+0200,e96b9d4a-1054-48fe-90c7-5f4aaf55485c,2026-08-18T20:15:00Z,2026-08-18T22:15:00+0200,0.119,MW,NL,NL,actual_solar_generation,Solar | Actual Consumption,2026-08-26T03:46:52Z
2026-08-26T03:42:24Z,2026-08-26T05:42:24+0200,e96b9d4a-1054-48fe-90c7-5f4aaf55485c,2026-08-18T20:30:00Z,2026-08-18T22:30:00+0200,0.0,MW,NL,NL,actual_solar_generation,Solar | Actual Aggregated,2026-08-26T03:46:52Z
2026-08-26T03:42:24Z,2026-08-26T05:42:24+0200,e96b9d4a-1054-48fe-90c7-5f4aaf55485c,2026-08-18T20:30:00Z,2026-08-18T22:30:00+0200,0.119,MW,NL,NL,actual_solar_generation,Solar | Actual Consumption,2026-08-26T03:46:52Z
2026-08-26T03:42:24Z,2026-08-26T05:42:24+0200,e96b9d4a-1054-48fe-90c7-5f4aaf55485c,2026-08-18T20:45:00Z,2026-08-18T22:45:00+0200,0.0,MW,NL,NL,actual_solar_generation,Solar | Actual Aggregated,2026-08-26T03:46:52Z
2026-08-26T03:42:24Z,2026-08-26T05:42:24+0200,e96b9d4a-1054-48fe-90c7-5f4aaf55485c,2026-08-18T20:45:00Z,2026-08-18T22:45:00+0200,0.131,MW,NL,NL,actual_solar_generation,Solar | Actual Consumption,2026-08-26T03:46:52Z
2026-08-26T03:42:24Z,2026-08-26T05:42:24+0200,e96b9d4a-1054-48fe-90c7-5f4aaf55485c,2026-08-18T21:00:00Z,2026-08-18T23:00:00+0200,0.0,MW,NL,NL,actual_solar_generation,Solar | Actual Aggregated,2026-08-26T03:46:52Z
2026-08-26T03:42:24Z,2026-08-26T05:42:24+0200,e96b9d4a-1054-48fe-90c7-5f4aaf55485c,2026-08-18T21:00:00Z,2026-08-18T23:00:00+0200,0.131,MW,NL,NL,actual_solar_generation,Solar | Actual Consumption,2026-08-26T03:46:52Z
2026-08-26T03:42:24Z,2026-08-26T05:42:24+0200,e96b9d4a-1054-48fe-90c7-5f4aaf55485c,2026-08-18T21:15:00Z,2026-08-18T23:15:00+0200,0.0,MW,NL,NL,actual_solar_generation,Solar | Actual Aggregated,2026-08-26T03:46:52Z
2026-08-26T03:42:24Z,2026-08-26T05:42:24+0200,e96b9d4a-1054-48fe-90c7-5f4aaf55485c,2026-08-18T21:15:00Z,2026-08-18T23:15:00+0200,0.123,MW,NL,NL,actual_solar_generation,Solar | Actual Consumption,2026-08-26T03:46:52Z
2026-08-26T03:42:24Z,2026-08-26T05:42:24+0200,e96b9d4a-1054-48fe-90c7-5f4aaf55485c,2026-08-18T21:30:00Z,2026-08-18T23:30:00+0200,0.0,MW,NL,NL,actual_solar_generation,Solar | Actual Aggregated,2026-08-26T03:46:52Z
2026-08-26T03:42:24Z,2026-08-26T05:42:24+0200,e96b9d4a-1054-48fe-90c7-5f4aaf55485c,2026-08-18T21:30:00Z,2026-08-18T23:30:00+0200,0.123,MW,NL,NL,actual_solar_generation,Solar | Actual Consumption,2026-08-26T03:46:52Z
2026-08-26T03:42:24Z,2026-08-26T05:42:24+0200,e96b9d4a-1054-48fe-90c7-5f4aaf55485c,2026-08-18T21:45:00Z,2026-08-18T23:45:00+0200,0.0,MW,NL,NL,actual_solar_generation,Solar | Actual Aggregated,2026-08-26T03:46:52Z
2026-08-26T03:42:24Z,2026-08-26T05:42:24+0200,e96b9d4a-1054-48fe-90c7-5f4aaf55485c,2026-08-18T21:45:00Z,2026-08-18T23:45:00+0200,0.123,MW,NL,NL,actual_solar_generation,Solar | Actual Consumption,2026-08-26T03:46:52Z
2026-08-26T03:42:24Z,2026-08-26T05:42:24+0200,e96b9d4a-1054-48fe-90c7-5f4aaf55485c,2026-08-18T22:00:00Z,2026-08-19T00:00:00+0200,0.0,MW,NL,NL,actual_solar_generation,Solar | Actual Aggregated,2026-08-26T03:46:52Z
2026-08-26T03:42:24Z,2026-08-26T05:42:24+0200,e96b9d4a-1054-48fe-90c7-5f4aaf55485c,2026-08-18T22:00:00Z,2026-08-19T00:00:00+0200,0.123,MW,NL,NL,actual_solar_generation,Solar | Actual Consumption,2026-08-26T03:46:52Z
2026-08-26T03:42:24Z,2026-08-26T05:42:24+0200,e96b9d4a-1054-48fe-90c7-5f4aaf55485c,2026-08-18T22:15:00Z,2026-08-19T00:15:00+0200,0.0,MW,NL,NL,actual_solar_generation,Solar | Actual Aggregated,2026-08-26T03:46:52Z
2026-08-26T03:42:24Z,2026-08-26T05:42:24+0200,e96b9d4a-1054-48fe-90c7-5f4aaf55485c,2026-08-18T22:15:00Z,2026-08-19T00:15:00+0200,0.123,MW,NL,NL,actual_solar_generation,Solar | Actual Consumption,2026-08-26T03:46:52Z
2026-08-26T03:42:24Z,2026-08-26T05:42:24+0200,e96b9d4a-1054-48fe-90c7-5f4aaf55485c,2026-08-18T22:30:00Z,2026-08-19T00:30:00+0200,0.0,MW,NL,NL,actual_solar_generation,Solar | Actual Aggregated,2026-08-26T03:46:52Z
2026-08-26T03:42:24Z,2026-08-26T05:42:24+0200,e96b9d4a-1054-48fe-90c7-5f4aaf55485c,2026-08-18T22:30:00Z,2026-08-19T00:30:00+0200,0.123,MW,NL,NL,actual_solar_generation,Solar | Actual Consumption,2026-08-26T03:46:52Z
2026-08-26T03:42:24Z,2026-08-26T05:42:24+0200,e96b9d4a-1054-48fe-90c7-5f4aaf55485c,2026-08-18T22:45:00Z,2026-08-19T00:45:00+0200,0.0,MW,NL,NL,actual_solar_generation,Solar | Actual Aggregated,2026-08-26T03:46:52Z
2026-08-26T03:42:24Z,2026-08-26T05:42:24+0200,e96b9d4a-1054-48fe-90c7-5f4aaf55485c,2026-08-18T22:45:00Z,2026-08-19T00:45:00+0200,0.123,MW,NL,NL,actual_solar_generation,Solar | Actual Consumption,2026-08-26T03:46:52Z
2026-08-26T03:42:24Z,2026-08-26T05:42:24+0200,e96b9d4a-1054-48fe-90c7-5f4aaf55485c,2026-08-18T23:00:00Z,2026-08-19T01:00:00+0200,0.0,MW,NL,NL,actual_solar_generation,Solar | Actual Aggregated,2026-08-26T03:46:52Z
2026-08-26T03:42:24Z,2026-08-26T05:42:24+0200,e96b9d4a-1054-48fe-90c7-5f4aaf55485c,2026-08-18T23:00:00Z,2026-08-19T01:00:00+0200,0.123,MW,NL,NL,actual_solar_generation,Solar | Actual Consumption,2026-08-26T03:46:52Z
2026-08-26T03:42:24Z,2026-08-26T05:42:24+0200,e96b9d4a-1054-48fe-90c7-5f4aaf55485c,2026-08-18T23:15:00Z,2026-08-19T01:15:00+0200,0.0,MW,NL,NL,actual_solar_generation,Solar | Actual Aggregated,2026-08-26T03:46:52Z
2026-08-26T03:42:24Z,2026-08-26T05:42:24+0200,e96b9d4a-1054-48fe-90c7-5f4aaf55485c,2026-08-18T23:15:00Z,2026-08-19T01:15:00+0200,0.135,MW,NL,NL,actual_solar_generation,Solar | Actual Consumption,2026-08-26T03:46:52Z
2026-08-26T03:42:24Z,2026-08-26T05:42:24+0200,e96b9d4a-1054-48fe-90c7-5f4aaf55485c,2026-08-18T23:30:00Z,2026-08-19T01:30:00+0200,0.0,MW,NL,NL,actual_solar_generation,Solar | Actual Aggregated,2026-08-26T03:46:52Z
2026-08-26T03:42:24Z,2026-08-26T05:42:24+0200,e96b9d4a-1054-48fe-90c7-5f4aaf55485c,2026-08-18T23:30:00Z,2026-08-19T01:30:00+0200,0.126,MW,NL,NL,actual_solar_generation,Solar | Actual Consumption,2026-08-26T03:46:52Z
2026-08-26T03:42:24Z,2026-08-26T05:42:24+0200,e96b9d4a-1054-48fe-90c7-5f4aaf55485c,2026-08-18T23:45:00Z,2026-08-19T01:45:00+0200,0.0,MW,NL,NL,actual_solar_generation,Solar | Actual Aggregated,2026-08-26T03:46:52Z
2026-08-26T03:42:24Z,2026-08-26T05:42:24+0200,e96b9d4a-1054-48fe-90c7-5f4aaf55485c,2026-08-18T23:45:00Z,2026-08-19T01:45:00+0200,0.122,MW,NL,NL,actual_solar_generation,Solar | Actual Consumption,2026-08-26T03:46:52Z
2026-08-26T03:42:24Z,2026-08-26T05:42:24+0200,e96b9d4a-1054-48fe-90c7-5f4aaf55485c,2026-08-19T00:00:00Z,2026-08-19T02:00:00+0200,0.0,MW,NL,NL,actual_solar_generation,Solar | Actual Aggregated,2026-08-26T03:46:52Z
2026-08-26T03:42:24Z,2026-08-26T05:42:24+0200,e96b9d4a-1054-48fe-90c7-5f4aaf55485c,2026-08-19T00:00:00Z,2026-08-19T02:00:00+0200,0.122,MW,NL,NL,actual_solar_generation,Solar | Actual Consumption,2026-08-26T03:46:52Z
2026-08-26T03:42:24Z,2026-08-26T05:42:24+0200,e96b9d4a-1054-48fe-90c7-5f4aaf55485c,2026-08-19T00:15:00Z,2026-08-19T02:15:00+0200,0.0,MW,NL,NL,actual_solar_generation,Solar | Actual Aggregated,2026-08-26T03:46:52Z
2026-08-26T03:42:24Z,2026-08-26T05:42:24+0200,e96b9d4a-1054-48fe-90c7-5f4aaf55485c,2026-08-19T00:15:00Z,2026-08-19T02:15:00+0200,0.123,MW,NL,NL,actual_solar_generation,Solar | Actual Consumption,2026-08-26T03:46:52Z
2026-08-26T03:42:24Z,2026-08-26T05:42:24+0200,e96b9d4a-1054-48fe-90c7-5f4aaf55485c,2026-08-19T00:30:00Z,2026-08-19T02:30:00+0200,0.0,MW,NL,NL,actual_solar_generation,Solar | Actual Aggregated,2026-08-26T03:46:52Z
2026-08-26T03:42:24Z,2026-08-26T05:42:24+0200,e96b9d4a-1054-48fe-90c7-5f4aaf55485c,2026-08-19T00:30:00Z,2026-08-19T02:30:00+0200,0.125,MW,NL,NL,actual_solar_generation,Solar | Actual Consumption,2026-08-26T03:46:52Z
2026-08-26T03:42:24Z,2026-08-26T05:42:24+0200,e96b9d4a-1054-48fe-90c7-5f4aaf55485c,2026-08-19T00:45:00Z,2026-08-19T02:45:00+0200,0.0,MW,NL,NL,actual_solar_generation,Solar | Actual Aggregated,2026-08-26T03:46:52Z
2026-08-26T03:42:24Z,2026-08-26T05:42:24+0200,e96b9d4a-1054-48fe-90c7-5f4aaf55485c,2026-08-19T00:45:00Z,2026-08-19T02:45:00+0200,0.125,MW,NL,NL,actual_solar_generation,Solar | Actual Consumption,2026-08-26T03:46:52Z
2026-08-26T03:42:24Z,2026-08-26T05:42:24+0200,e96b9d4a-1054-48fe-90c7-5f4aaf55485c,2026-08-19T01:00:00Z,2026-08-19T03:00:00+0200,0.0,MW,NL,NL,actual_solar_generation,Solar | Actual Aggregated,2026-08-26T03:46:52Z
2026-08-26T03:42:24Z,2026-08-26T05:42:24+0200,e96b9d4a-1054-48fe-90c7-5f4aaf55485c,2026-08-19T01:00:00Z,2026-08-19T03:00:00+0200,0.125,MW,NL,NL,actual_solar_generation,Solar | Actual Consumption,2026-08-26T03:46:52Z
2026-08-26T03:42:24Z,2026-08-26T05:42:24+0200,e96b9d4a-1054-48fe-90c7-5f4aaf55485c,2026-08-19T01:15:00Z,2026-08-19T03:15:00+0200,0.0,MW,NL,NL,actual_solar_generation,Solar | Actual Aggregated,2026-08-26T03:46:52Z
2026-08-26T03:42:24Z,2026-08-26T05:42:24+0200,e96b9d4a-1054-48fe-90c7-5f4aaf55485c,2026-08-19T01:15:00Z,2026-08-19T03:15:00+0200,0.125,MW,NL,NL,actual_solar_generation,Solar | Actual Consumption,2026-08-26T03:46:52Z
2026-08-26T03:42:24Z,2026-08-26T05:42:24+0200,e96b9d4a-1054-48fe-90c7-5f4aaf55485c,2026-08-19T01:30:00Z,2026-08-19T03:30:00+0200,0.0,MW,NL,NL,actual_solar_generation,Solar | Actual Aggregated,2026-08-26T03:46:52Z
2026-08-26T03:42:24Z,2026-08-26T05:42:24+0200,e96b9d4a-1054-48fe-90c7-5f4aaf55485c,2026-08-19T01:30:00Z,2026-08-19T03:30:00+0200,0.125,MW,NL,NL,actual_solar_generation,Solar | Actual Consumption,2026-08-26T03:46:52Z
2026-08-26T03:42:24Z,2026-08-26T05:42:24+0200,e96b9d4a-1054-48fe-90c7-5f4aaf55485c,2026-08-19T01:45:00Z,2026-08-19T03:45:00+0200,0.0,MW,NL,NL,actual_solar_generation,Solar | Actual Aggregated,2026-08-26T03:46:52Z
2026-08-26T03:42:24Z,2026-08-26T05:42:24+0200,e96b9d4a-1054-48fe-90c7-5f4aaf55485c,2026-08-19T01:45:00Z,2026-08-19T03:45:00+0200,0.125,MW,NL,NL,actual_solar_generation,Solar | Actual Consumption,2026-08-26T03:46:52Z
2026-08-26T03:42:24Z,2026-08-26T05:42:24+0200,e96b9d4a-1054-48fe-90c7-5f4aaf55485c,2026-08-19T02:00:00Z,2026-08-19T04:00:00+0200,0.0,MW,NL,NL,actual_solar_generation,Solar | Actual Aggregated,2026-08-26T03:46:52Z
2026-08-26T03:42:24Z,2026-08-26T05:42:24+0200,e96b9d4a-1054-48fe-90c7-5f4aaf55485c,2026-08-19T02:00:00Z,2026-08-19T04:00:00+0200,0.125,MW,NL,NL,actual_solar_generation,Solar | Actual Consumption,2026-08-26T03:46:52Z
2026-08-26T03:42:24Z,2026-08-26T05:42:24+0200,e96b9d4a-1054-48fe-90c7-5f4aaf55485c,2026-08-19T02:15:00Z,2026-08-19T04:15:00+0200,0.0,MW,NL,NL,actual_solar_generation,Solar | Actual Aggregated,2026-08-26T03:46:52Z
2026-08-26T03:42:24Z,2026-08-26T05:42:24+0200,e96b9d4a-1054-48fe-90c7-5f4aaf55485c,2026-08-19T02:15:00Z,2026-08-19T04:15:00+0200,0.125,MW,NL,NL,actual_solar_generation,Solar | Actual Consumption,2026-08-26T03:46:52Z
2026-08-26T03:42:24Z,2026-08-26T05:42:24+0200,e96b9d4a-1054-48fe-90c7-5f4aaf55485c,2026-08-19T02:30:00Z,2026-08-19T04:30:00+0200,0.0,MW,NL,NL,actual_solar_generation,Solar | Actual Aggregated,2026-08-26T03:46:52Z
2026-08-26T03:42:24Z,2026-08-26T05:42:24+0200,e96b9d4a-1054-48fe-90c7-5f4aaf55485c,2026-08-19T02:30:00Z,2026-08-19T04:30:00+0200,0.125,MW,NL,NL,actual_solar_generation,Solar | Actual Consumption,2026-08-26T03:46:52Z
2026-08-26T03:42:24Z,2026-08-26T05:42:24+0200,e96b9d4a-1054-48fe-90c7-5f4aaf55485c,2026-08-19T02:45:00Z,2026-08-19T04:45:00+0200,0.0,MW,NL,NL,actual_solar_generation,Solar | Actual Aggregated,2026-08-26T03:46:52Z
2026-08-26T03:42:24Z,2026-08-26T05:42:24+0200,e96b9d4a-1054-48fe-90c7-5f4aaf55485c,2026-08-19T02:45:00Z,2026-08-19T04:45:00+0200,0.125,MW,NL,NL,actual_solar_generation,Solar | Actual Consumption,2026-08-26T03:46:52Z
2026-08-26T03:42:24Z,2026-08-26T05:42:24+0200,e96b9d4a-1054-48fe-90c7-5f4aaf55485c,2026-08-19T03:00:00Z,2026-08-19T05:00:00+0200,0.0,MW,NL,NL,actual_solar_generation,Solar | Actual Aggregated,2026-08-26T03:46:52Z
2026-08-26T03:42:24Z,2026-08-26T05:42:24+0200,e96b9d4a-1054-48fe-90c7-5f4aaf55485c,2026-08-19T03:00:00Z,2026-08-19T05:00:00+0200,0.125,MW,NL,NL,actual_solar_generation,Solar | Actual Consumption,2026-08-26T03:46:52Z
2026-08-26T03:42:24Z,2026-08-26T05:42:24+0200,e96b9d4a-1054-48fe-90c7-5f4aaf55485c,2026-08-19T03:15:00Z,2026-08-19T05:15:00+0200,0.0,MW,NL,NL,actual_solar_generation,Solar | Actual Aggregated,2026-08-26T03:46:52Z
2026-08-26T03:42:24Z,2026-08-26T05:42:24+0200,e96b9d4a-1054-48fe-90c7-5f4aaf55485c,2026-08-19T03:15:00Z,2026-08-19T05:15:00+0200,0.125,MW,NL,NL,actual_solar_generation,Solar | Actual Consumption,2026-08-26T03:46:52Z
2026-08-26T03:42:24Z,2026-08-26T05:42:24+0200,e96b9d4a-1054-48fe-90c7-5f4aaf55485c,2026-08-19T03:30:00Z,2026-08-19T05:30:00+0200,0.0,MW,NL,NL,actual_solar_generation,Solar | Actual Aggregated,2026-08-26T03:46:52Z
2026-08-26T03:42:24Z,2026-08-26T05:42:24+0200,e96b9d4a-1054-48fe-90c7-5f4aaf55485c,2026-08-19T03:30:00Z,2026-08-19T05:30:00+0200,0.125,MW,NL,NL,actual_solar_generation,Solar | Actual Consumption,2026-08-26T03:46:52Z
2026-08-26T03:42:24Z,2026-08-26T05:42:24+0200,e96b9d4a-1054-48fe-90c7-5f4aaf55485c,2026-08-19T03:45:00Z,2026-08-19T05:45:00+0200,0.0,MW,NL,NL,actual_solar_generation,Solar | Actual Aggregated,2026-08-26T03:46:52Z
2026-08-26T03:42:24Z,2026-08-26T05:42:24+0200,e96b9d4a-1054-48fe-90c7-5f4aaf55485c,2026-08-19T03:45:00Z,2026-08-19T05:45:00+0200,0.125,MW,NL,NL,actual_solar_generation,Solar | Actual Consumption,2026-08-26T03:46:52Z
2026-08-26T03:42:24Z,2026-08-26T05:42:24+0200,e96b9d4a-1054-48fe-90c7-5f4aaf55485c,2026-08-19T04:00:00Z,2026-08-19T06:00:00+0200,0.0,MW,NL,NL,actual_solar_generation,Solar | Actual Aggregated,2026-08-26T03:46:52Z
2026-08-26T03:42:24Z,2026-08-26T05:42:24+0200,e96b9d4a-1054-48fe-90c7-5f4aaf55485c,2026-08-19T04:00:00Z,2026-08-19T06:00:00+0200,0.125,MW,NL,NL,actual_solar_generation,Solar | Actual Consumption,2026-08-26T03:46:52Z
2026-08-26T03:42:24Z,2026-08-26T05:42:24+0200,e96b9d4a-1054-48fe-90c7-5f4aaf55485c,2026-08-19T04:15:00Z,2026-08-19T06:15:00+0200,0.0,MW,NL,NL,actual_solar_generation,Solar | Actual Aggregated,2026-08-26T03:46:52Z
2026-08-26T03:42:24Z,2026-08-26T05:42:24+0200,e96b9d4a-1054-48fe-90c7-5f4aaf55485c,2026-08-19T04:15:00Z,2026-08-19T06:15:00+0200,0.125,MW,NL,NL,actual_solar_generation,Solar | Actual Consumption,2026-08-26T03:46:52Z
2026-08-26T03:42:24Z,2026-08-26T05:42:24+0200,e96b9d4a-1054-48fe-90c7-5f4aaf55485c,2026-08-19T04:30:00Z,2026-08-19T06:30:00+0200,0.0,MW,NL,NL,actual_solar_generation,Solar | Actual Aggregated,2026-08-26T03:46:52Z
2026-08-26T03:42:24Z,2026-08-26T05:42:24+0200,e96b9d4a-1054-48fe-90c7-5f4aaf55485c,2026-08-19T04:30:00Z,2026-08-19T06:30:00+0200,0.125,MW,NL,NL,actual_solar_generation,Solar | Actual Consumption,2026-08-26T03:46:52Z
2026-08-26T03:42:24Z,2026-08-26T05:42:24+0200,e96b9d4a-1054-48fe-90c7-5f4aaf55485c,2026-08-19T04:45:00Z,2026-08-19T06:45:00+0200,0.538,MW,NL,NL,actual_solar_generation,Solar | Actual Aggregated,2026-08-26T03:46:52Z
2026-08-26T03:42:24Z,2026-08-26T05:42:24+0200,e96b9d4a-1054-48fe-90c7-5f4aaf55485c,2026-08-19T04:45:00Z,2026-08-19T06:45:00+0200,0.0,MW,NL,NL,actual_solar_generation,Solar | Actual Consumption,2026-08-26T03:46:52Z
2026-08-26T03:42:24Z,2026-08-26T05:42:24+0200,e96b9d4a-1054-48fe-90c7-5f4aaf55485c,2026-08-19T05:00:00Z,2026-08-19T07:00:00+0200,4.386,MW,NL,NL,actual_solar_generation,Solar | Actual Aggregated,2026-08-26T03:46:52Z
2026-08-26T03:42:24Z,2026-08-26T05:42:24+0200,e96b9d4a-1054-48fe-90c7-5f4aaf55485c,2026-08-19T05:00:00Z,2026-08-19T07:00:00+0200,0.0,MW,NL,NL,actual_solar_generation,Solar | Actual Consumption,2026-08-26T03:46:52Z
2026-08-26T03:42:24Z,2026-08-26T05:42:24+0200,e96b9d4a-1054-48fe-90c7-5f4aaf55485c,2026-08-19T05:15:00Z,2026-08-19T07:15:00+0200,7.185,MW,NL,NL,actual_solar_generation,Solar | Actual Aggregated,2026-08-26T03:46:52Z
2026-08-26T03:42:24Z,2026-08-26T05:42:24+0200,e96b9d4a-1054-48fe-90c7-5f4aaf55485c,2026-08-19T05:15:00Z,2026-08-19T07:15:00+0200,0.0,MW,NL,NL,actual_solar_generation,Solar | Actual Consumption,2026-08-26T03:46:52Z
2026-08-26T03:42:24Z,2026-08-26T05:42:24+0200,e96b9d4a-1054-48fe-90c7-5f4aaf55485c,2026-08-19T05:30:00Z,2026-08-19T07:30:00+0200,8.066,MW,NL,NL,actual_solar_generation,Solar | Actual Aggregated,2026-08-26T03:46:52Z
2026-08-26T03:42:24Z,2026-08-26T05:42:24+0200,e96b9d4a-1054-48fe-90c7-5f4aaf55485c,2026-08-19T05:30:00Z,2026-08-19T07:30:00+0200,0.0,MW,NL,NL,actual_solar_generation,Solar | Actual Consumption,2026-08-26T03:46:52Z
2026-08-26T03:42:24Z,2026-08-26T05:42:24+0200,e96b9d4a-1054-48fe-90c7-5f4aaf55485c,2026-08-19T05:45:00Z,2026-08-19T07:45:00+0200,7.914,MW,NL,NL,actual_solar_generation,Solar | Actual Aggregated,2026-08-26T03:46:52Z
2026-08-26T03:42:24Z,2026-08-26T05:42:24+0200,e96b9d4a-1054-48fe-90c7-5f4aaf55485c,2026-08-19T05:45:00Z,2026-08-19T07:45:00+0200,0.0,MW,NL,NL,actual_solar_generation,Solar | Actual Consumption,2026-08-26T03:46:52Z
2026-08-26T03:42:24Z,2026-08-26T05:42:24+0200,e96b9d4a-1054-48fe-90c7-5f4aaf55485c,2026-08-19T06:00:00Z,2026-08-19T08:00:00+0200,12.652,MW,NL,NL,actual_solar_generation,Solar | Actual Aggregated,2026-08-26T03:46:52Z
2026-08-26T03:42:24Z,2026-08-26T05:42:24+0200,e96b9d4a-1054-48fe-90c7-5f4aaf55485c,2026-08-19T06:00:00Z,2026-08-19T08:00:00+0200,0.0,MW,NL,NL,actual_solar_generation,Solar | Actual Consumption,2026-08-26T03:46:52Z
2026-08-26T03:42:24Z,2026-08-26T05:42:24+0200,e96b9d4a-1054-48fe-90c7-5f4aaf55485c,2026-08-19T06:15:00Z,2026-08-19T08:15:00+0200,14.134,MW,NL,NL,actual_solar_generation,Solar | Actual Aggregated,2026-08-26T03:46:52Z
2026-08-26T03:42:24Z,2026-08-26T05:42:24+0200,e96b9d4a-1054-48fe-90c7-5f4aaf55485c,2026-08-19T06:15:00Z,2026-08-19T08:15:00+0200,0.0,MW,NL,NL,actual_solar_generation,Solar | Actual Consumption,2026-08-26T03:46:52Z
2026-08-26T03:42:24Z,2026-08-26T05:42:24+0200,e96b9d4a-1054-48fe-90c7-5f4aaf55485c,2026-08-19T06:30:00Z,2026-08-19T08:30:00+0200,17.212,MW,NL,NL,actual_solar_generation,Solar | Actual Aggregated,2026-08-26T03:46:52Z
2026-08-26T03:42:24Z,2026-08-26T05:42:24+0200,e96b9d4a-1054-48fe-90c7-5f4aaf55485c,2026-08-19T06:30:00Z,2026-08-19T08:30:00+0200,0.0,MW,NL,NL,actual_solar_generation,Solar | Actual Consumption,2026-08-26T03:46:52Z
2026-08-26T03:42:24Z,2026-08-26T05:42:24+0200,e96b9d4a-1054-48fe-90c7-5f4aaf55485c,2026-08-19T06:45:00Z,2026-08-19T08:45:00+0200,18.695,MW,NL,NL,actual_solar_generation,Solar | Actual Aggregated,2026-08-26T03:46:52Z
2026-08-26T03:42:24Z,2026-08-26T05:42:24+0200,e96b9d4a-1054-48fe-90c7-5f4aaf55485c,2026-08-19T06:45:00Z,2026-08-19T08:45:00+0200,0.0,MW,NL,NL,actual_solar_generation,Solar | Actual Consumption,2026-08-26T03:46:52Z
2026-08-26T03:42:24Z,2026-08-26T05:42:24+0200,e96b9d4a-1054-48fe-90c7-5f4aaf55485c,2026-08-19T07:00:00Z,2026-08-19T09:00:00+0200,14.151,MW,NL,NL,actual_solar_generation,Solar | Actual Aggregated,2026-08-26T03:46:52Z
2026-08-26T03:42:24Z,2026-08-26T05:42:24+0200,e96b9d4a-1054-48fe-90c7-5f4aaf55485c,2026-08-19T07:00:00Z,2026-08-19T09:00:00+0200,0.0,MW,NL,NL,actual_solar_generation,Solar | Actual Consumption,2026-08-26T03:46:52Z
2026-08-26T03:42:24Z,2026-08-26T05:42:24+0200,e96b9d4a-1054-48fe-90c7-5f4aaf55485c,2026-08-19T07:15:00Z,2026-08-19T09:15:00+0200,18.022,MW,NL,NL,actual_solar_generation,Solar | Actual Aggregated,2026-08-26T03:46:52Z
2026-08-26T03:42:24Z,2026-08-26T05:42:24+0200,e96b9d4a-1054-48fe-90c7-5f4aaf55485c,2026-08-19T07:15:00Z,2026-08-19T09:15:00+0200,0.0,MW,NL,NL,actual_solar_generation,Solar | Actual Consumption,2026-08-26T03:46:52Z
2026-08-26T03:42:24Z,2026-08-26T05:42:24+0200,e96b9d4a-1054-48fe-90c7-5f4aaf55485c,2026-08-19T07:30:00Z,2026-08-19T09:30:00+0200,21.881,MW,NL,NL,actual_solar_generation,Solar | Actual Aggregated,2026-08-26T03:46:52Z
2026-08-26T03:42:24Z,2026-08-26T05:42:24+0200,e96b9d4a-1054-48fe-90c7-5f4aaf55485c,2026-08-19T07:30:00Z,2026-08-19T09:30:00+0200,0.0,MW,NL,NL,actual_solar_generation,Solar | Actual Consumption,2026-08-26T03:46:52Z
2026-08-26T03:42:24Z,2026-08-26T05:42:24+0200,e96b9d4a-1054-48fe-90c7-5f4aaf55485c,2026-08-19T07:45:00Z,2026-08-19T09:45:00+0200,26.865,MW,NL,NL,actual_solar_generation,Solar | Actual Aggregated,2026-08-26T03:46:52Z
2026-08-26T03:42:24Z,2026-08-26T05:42:24+0200,e96b9d4a-1054-48fe-90c7-5f4aaf55485c,2026-08-19T07:45:00Z,2026-08-19T09:45:00+0200,0.0,MW,NL,NL,actual_solar_generation,Solar | Actual Consumption,2026-08-26T03:46:52Z
2026-08-26T03:42:24Z,2026-08-26T05:42:24+0200,e96b9d4a-1054-48fe-90c7-5f4aaf55485c,2026-08-19T08:00:00Z,2026-08-19T10:00:00+0200,31.175,MW,NL,NL,actual_solar_generation,Solar | Actual Aggregated,2026-08-26T03:46:52Z
2026-08-26T03:42:24Z,2026-08-26T05:42:24+0200,e96b9d4a-1054-48fe-90c7-5f4aaf55485c,2026-08-19T08:00:00Z,2026-08-19T10:00:00+0200,0.0,MW,NL,NL,actual_solar_generation,Solar | Actual Consumption,2026-08-26T03:46:52Z
2026-08-26T03:42:24Z,2026-08-26T05:42:24+0200,e96b9d4a-1054-48fe-90c7-5f4aaf55485c,2026-08-19T08:15:00Z,2026-08-19T10:15:00+0200,42.193,MW,NL,NL,actual_solar_generation,Solar | Actual Aggregated,2026-08-26T03:46:52Z
2026-08-26T03:42:24Z,2026-08-26T05:42:24+0200,e96b9d4a-1054-48fe-90c7-5f4aaf55485c,2026-08-19T08:15:00Z,2026-08-19T10:15:00+0200,0.0,MW,NL,NL,actual_solar_generation,Solar | Actual Consumption,2026-08-26T03:46:52Z
2026-08-26T03:42:24Z,2026-08-26T05:42:24+0200,e96b9d4a-1054-48fe-90c7-5f4aaf55485c,2026-08-19T08:30:00Z,2026-08-19T10:30:00+0200,44.724,MW,NL,NL,actual_solar_generation,Solar | Actual Aggregated,2026-08-26T03:46:52Z
2026-08-26T03:42:24Z,2026-08-26T05:42:24+0200,e96b9d4a-1054-48fe-90c7-5f4aaf55485c,2026-08-19T08:30:00Z,2026-08-19T10:30:00+0200,0.0,MW,NL,NL,actual_solar_generation,Solar | Actual Consumption,2026-08-26T03:46:52Z
2026-08-26T03:42:24Z,2026-08-26T05:42:24+0200,e96b9d4a-1054-48fe-90c7-5f4aaf55485c,2026-08-19T08:45:00Z,2026-08-19T10:45:00+0200,37.496,MW,NL,NL,actual_solar_generation,Solar | Actual Aggregated,2026-08-26T03:46:52Z
2026-08-26T03:42:24Z,2026-08-26T05:42:24+0200,e96b9d4a-1054-48fe-90c7-5f4aaf55485c,2026-08-19T08:45:00Z,2026-08-19T10:45:00+0200,0.0,MW,NL,NL,actual_solar_generation,Solar | Actual Consumption,2026-08-26T03:46:52Z
2026-08-26T03:42:24Z,2026-08-26T05:42:24+0200,e96b9d4a-1054-48fe-90c7-5f4aaf55485c,2026-08-19T09:00:00Z,2026-08-19T11:00:00+0200,45.904,MW,NL,NL,actual_solar_generation,Solar | Actual Aggregated,2026-08-26T03:46:52Z
2026-08-26T03:42:24Z,2026-08-26T05:42:24+0200,e96b9d4a-1054-48fe-90c7-5f4aaf55485c,2026-08-19T09:00:00Z,2026-08-19T11:00:00+0200,0.0,MW,NL,NL,actual_solar_generation,Solar | Actual Consumption,2026-08-26T03:46:52Z
2026-08-26T03:42:24Z,2026-08-26T05:42:24+0200,e96b9d4a-1054-48fe-90c7-5f4aaf55485c,2026-08-19T09:15:00Z,2026-08-19T11:15:00+0200,38.163,MW,NL,NL,actual_solar_generation,Solar | Actual Aggregated,2026-08-26T03:46:52Z
2026-08-26T03:42:24Z,2026-08-26T05:42:24+0200,e96b9d4a-1054-48fe-90c7-5f4aaf55485c,2026-08-19T09:15:00Z,2026-08-19T11:15:00+0200,0.0,MW,NL,NL,actual_solar_generation,Solar | Actual Consumption,2026-08-26T03:46:52Z
2026-08-26T03:42:24Z,2026-08-26T05:42:24+0200,e96b9d4a-1054-48fe-90c7-5f4aaf55485c,2026-08-19T09:30:00Z,2026-08-19T11:30:00+0200,30.826,MW,NL,NL,actual_solar_generation,Solar | Actual Aggregated,2026-08-26T03:46:52Z
2026-08-26T03:42:24Z,2026-08-26T05:42:24+0200,e96b9d4a-1054-48fe-90c7-5f4aaf55485c,2026-08-19T09:30:00Z,2026-08-19T11:30:00+0200,0.0,MW,NL,NL,actual_solar_generation,Solar | Actual Consumption,2026-08-26T03:46:52Z
2026-08-26T03:42:24Z,2026-08-26T05:42:24+0200,e96b9d4a-1054-48fe-90c7-5f4aaf55485c,2026-08-19T09:45:00Z,2026-08-19T11:45:00+0200,39.069,MW,NL,NL,actual_solar_generation,Solar | Actual Aggregated,2026-08-26T03:46:52Z
2026-08-26T03:42:24Z,2026-08-26T05:42:24+0200,e96b9d4a-1054-48fe-90c7-5f4aaf55485c,2026-08-19T09:45:00Z,2026-08-19T11:45:00+0200,0.0,MW,NL,NL,actual_solar_generation,Solar | Actual Consumption,2026-08-26T03:46:52Z
2026-08-26T03:42:24Z,2026-08-26T05:42:24+0200,e96b9d4a-1054-48fe-90c7-5f4aaf55485c,2026-08-19T10:00:00Z,2026-08-19T12:00:00+0200,41.2,MW,NL,NL,actual_solar_generation,Solar | Actual Aggregated,2026-08-26T03:46:52Z
2026-08-26T03:42:24Z,2026-08-26T05:42:24+0200,e96b9d4a-1054-48fe-90c7-5f4aaf55485c,2026-08-19T10:00:00Z,2026-08-19T12:00:00+0200,0.0,MW,NL,NL,actual_solar_generation,Solar | Actual Consumption,2026-08-26T03:46:52Z
2026-08-26T03:42:24Z,2026-08-26T05:42:24+0200,e96b9d4a-1054-48fe-90c7-5f4aaf55485c,2026-08-19T10:15:00Z,2026-08-19T12:15:00+0200,50.555,MW,NL,NL,actual_solar_generation,Solar | Actual Aggregated,2026-08-26T03:46:52Z
2026-08-26T03:42:24Z,2026-08-26T05:42:24+0200,e96b9d4a-1054-48fe-90c7-5f4aaf55485c,2026-08-19T10:15:00Z,2026-08-19T12:15:00+0200,0.0,MW,NL,NL,actual_solar_generation,Solar | Actual Consumption,2026-08-26T03:46:52Z
2026-08-26T03:42:24Z,2026-08-26T05:42:24+0200,e96b9d4a-1054-48fe-90c7-5f4aaf55485c,2026-08-19T10:30:00Z,2026-08-19T12:30:00+0200,69.205,MW,NL,NL,actual_solar_generation,Solar | Actual Aggregated,2026-08-26T03:46:52Z
2026-08-26T03:42:24Z,2026-08-26T05:42:24+0200,e96b9d4a-1054-48fe-90c7-5f4aaf55485c,2026-08-19T10:30:00Z,2026-08-19T12:30:00+0200,0.0,MW,NL,NL,actual_solar_generation,Solar | Actual Consumption,2026-08-26T03:46:52Z
2026-08-26T03:42:24Z,2026-08-26T05:42:24+0200,e96b9d4a-1054-48fe-90c7-5f4aaf55485c,2026-08-19T10:45:00Z,2026-08-19T12:45:00+0200,69.72,MW,NL,NL,actual_solar_generation,Solar | Actual Aggregated,2026-08-26T03:46:52Z
2026-08-26T03:42:24Z,2026-08-26T05:42:24+0200,e96b9d4a-1054-48fe-90c7-5f4aaf55485c,2026-08-19T10:45:00Z,2026-08-19T12:45:00+0200,0.0,MW,NL,NL,actual_solar_generation,Solar | Actual Consumption,2026-08-26T03:46:52Z
2026-08-26T03:42:24Z,2026-08-26T05:42:24+0200,e96b9d4a-1054-48fe-90c7-5f4aaf55485c,2026-08-19T11:00:00Z,2026-08-19T13:00:00+0200,66.992,MW,NL,NL,actual_solar_generation,Solar | Actual Aggregated,2026-08-26T03:46:52Z
2026-08-26T03:42:24Z,2026-08-26T05:42:24+0200,e96b9d4a-1054-48fe-90c7-5f4aaf55485c,2026-08-19T11:00:00Z,2026-08-19T13:00:00+0200,0.0,MW,NL,NL,actual_solar_generation,Solar | Actual Consumption,2026-08-26T03:46:52Z
2026-08-26T03:42:24Z,2026-08-26T05:42:24+0200,e96b9d4a-1054-48fe-90c7-5f4aaf55485c,2026-08-19T11:15:00Z,2026-08-19T13:15:00+0200,79.093,MW,NL,NL,actual_solar_generation,Solar | Actual Aggregated,2026-08-26T03:46:52Z
2026-08-26T03:42:24Z,2026-08-26T05:42:24+0200,e96b9d4a-1054-48fe-90c7-5f4aaf55485c,2026-08-19T11:15:00Z,2026-08-19T13:15:00+0200,0.0,MW,NL,NL,actual_solar_generation,Solar | Actual Consumption,2026-08-26T03:46:52Z
2026-08-26T03:42:24Z,2026-08-26T05:42:24+0200,e96b9d4a-1054-48fe-90c7-5f4aaf55485c,2026-08-19T11:30:00Z,2026-08-19T13:30:00+0200,102.526,MW,NL,NL,actual_solar_generation,Solar | Actual Aggregated,2026-08-26T03:46:52Z
2026-08-26T03:42:24Z,2026-08-26T05:42:24+0200,e96b9d4a-1054-48fe-90c7-5f4aaf55485c,2026-08-19T11:30:00Z,2026-08-19T13:30:00+0200,0.0,MW,NL,NL,actual_solar_generation,Solar | Actual Consumption,2026-08-26T03:46:52Z
2026-08-26T03:42:24Z,2026-08-26T05:42:24+0200,e96b9d4a-1054-48fe-90c7-5f4aaf55485c,2026-08-19T11:45:00Z,2026-08-19T13:45:00+0200,90.996,MW,NL,NL,actual_solar_generation,Solar | Actual Aggregated,2026-08-26T03:46:52Z
2026-08-26T03:42:24Z,2026-08-26T05:42:24+0200,e96b9d4a-1054-48fe-90c7-5f4aaf55485c,2026-08-19T11:45:00Z,2026-08-19T13:45:00+0200,0.0,MW,NL,NL,actual_solar_generation,Solar | Actual Consumption,2026-08-26T03:46:52Z
2026-08-26T03:42:24Z,2026-08-26T05:42:24+0200,e96b9d4a-1054-48fe-90c7-5f4aaf55485c,2026-08-19T12:00:00Z,2026-08-19T14:00:00+0200,141.151,MW,NL,NL,actual_solar_generation,Solar | Actual Aggregated,2026-08-26T03:46:52Z
2026-08-26T03:42:24Z,2026-08-26T05:42:24+0200,e96b9d4a-1054-48fe-90c7-5f4aaf55485c,2026-08-19T12:00:00Z,2026-08-19T14:00:00+0200,0.0,MW,NL,NL,actual_solar_generation,Solar | Actual Consumption,2026-08-26T03:46:52Z
2026-08-26T03:42:24Z,2026-08-26T05:42:24+0200,e96b9d4a-1054-48fe-90c7-5f4aaf55485c,2026-08-19T12:15:00Z,2026-08-19T14:15:00+0200,90.635,MW,NL,NL,actual_solar_generation,Solar | Actual Aggregated,2026-08-26T03:46:52Z
2026-08-26T03:42:24Z,2026-08-26T05:42:24+0200,e96b9d4a-1054-48fe-90c7-5f4aaf55485c,2026-08-19T12:15:00Z,2026-08-19T14:15:00+0200,0.0,MW,NL,NL,actual_solar_generation,Solar | Actual Consumption,2026-08-26T03:46:52Z
2026-08-26T03:42:24Z,2026-08-26T05:42:24+0200,e96b9d4a-1054-48fe-90c7-5f4aaf55485c,2026-08-19T12:30:00Z,2026-08-19T14:30:00+0200,55.19,MW,NL,NL,actual_solar_generation,Solar | Actual Aggregated,2026-08-26T03:46:52Z
2026-08-26T03:42:24Z,2026-08-26T05:42:24+0200,e96b9d4a-1054-48fe-90c7-5f4aaf55485c,2026-08-19T12:30:00Z,2026-08-19T14:30:00+0200,0.0,MW,NL,NL,actual_solar_generation,Solar | Actual Consumption,2026-08-26T03:46:52Z
2026-08-26T03:42:24Z,2026-08-26T05:42:24+0200,e96b9d4a-1054-48fe-90c7-5f4aaf55485c,2026-08-19T12:45:00Z,2026-08-19T14:45:00+0200,50.658,MW,NL,NL,actual_solar_generation,Solar | Actual Aggregated,2026-08-26T03:46:52Z
2026-08-26T03:42:24Z,2026-08-26T05:42:24+0200,e96b9d4a-1054-48fe-90c7-5f4aaf55485c,2026-08-19T12:45:00Z,2026-08-19T14:45:00+0200,0.0,MW,NL,NL,actual_solar_generation,Solar | Actual Consumption,2026-08-26T03:46:52Z
2026-08-26T03:42:24Z,2026-08-26T05:42:24+0200,e96b9d4a-1054-48fe-90c7-5f4aaf55485c,2026-08-19T13:00:00Z,2026-08-19T15:00:00+0200,49.167,MW,NL,NL,actual_solar_generation,Solar | Actual Aggregated,2026-08-26T03:46:52Z
2026-08-26T03:42:24Z,2026-08-26T05:42:24+0200,e96b9d4a-1054-48fe-90c7-5f4aaf55485c,2026-08-19T13:00:00Z,2026-08-19T15:00:00+0200,0.0,MW,NL,NL,actual_solar_generation,Solar | Actual Consumption,2026-08-26T03:46:52Z
2026-08-26T03:42:24Z,2026-08-26T05:42:24+0200,e96b9d4a-1054-48fe-90c7-5f4aaf55485c,2026-08-19T13:15:00Z,2026-08-19T15:15:00+0200,83.362,MW,NL,NL,actual_solar_generation,Solar | Actual Aggregated,2026-08-26T03:46:52Z
2026-08-26T03:42:24Z,2026-08-26T05:42:24+0200,e96b9d4a-1054-48fe-90c7-5f4aaf55485c,2026-08-19T13:15:00Z,2026-08-19T15:15:00+0200,0.0,MW,NL,NL,actual_solar_generation,Solar | Actual Consumption,2026-08-26T03:46:52Z
2026-08-26T03:42:24Z,2026-08-26T05:42:24+0200,e96b9d4a-1054-48fe-90c7-5f4aaf55485c,2026-08-19T13:30:00Z,2026-08-19T15:30:00+0200,84.031,MW,NL,NL,actual_solar_generation,Solar | Actual Aggregated,2026-08-26T03:46:52Z
2026-08-26T03:42:24Z,2026-08-26T05:42:24+0200,e96b9d4a-1054-48fe-90c7-5f4aaf55485c,2026-08-19T13:30:00Z,2026-08-19T15:30:00+0200,0.0,MW,NL,NL,actual_solar_generation,Solar | Actual Consumption,2026-08-26T03:46:52Z
2026-08-26T03:42:24Z,2026-08-26T05:42:24+0200,e96b9d4a-1054-48fe-90c7-5f4aaf55485c,2026-08-19T13:45:00Z,2026-08-19T15:45:00+0200,66.746,MW,NL,NL,actual_solar_generation,Solar | Actual Aggregated,2026-08-26T03:46:52Z
2026-08-26T03:42:24Z,2026-08-26T05:42:24+0200,e96b9d4a-1054-48fe-90c7-5f4aaf55485c,2026-08-19T13:45:00Z,2026-08-19T15:45:00+0200,0.0,MW,NL,NL,actual_solar_generation,Solar | Actual Consumption,2026-08-26T03:46:52Z
2026-08-26T03:42:24Z,2026-08-26T05:42:24+0200,e96b9d4a-1054-48fe-90c7-5f4aaf55485c,2026-08-19T14:00:00Z,2026-08-19T16:00:00+0200,84.721,MW,NL,NL,actual_solar_generation,Solar | Actual Aggregated,2026-08-26T03:46:52Z
2026-08-26T03:42:24Z,2026-08-26T05:42:24+0200,e96b9d4a-1054-48fe-90c7-5f4aaf55485c,2026-08-19T14:00:00Z,2026-08-19T16:00:00+0200,0.0,MW,NL,NL,actual_solar_generation,Solar | Actual Consumption,2026-08-26T03:46:52Z
2026-08-26T03:42:24Z,2026-08-26T05:42:24+0200,e96b9d4a-1054-48fe-90c7-5f4aaf55485c,2026-08-19T14:15:00Z,2026-08-19T16:15:00+0200,93.867,MW,NL,NL,actual_solar_generation,Solar | Actual Aggregated,2026-08-26T03:46:52Z
2026-08-26T03:42:24Z,2026-08-26T05:42:24+0200,e96b9d4a-1054-48fe-90c7-5f4aaf55485c,2026-08-19T14:15:00Z,2026-08-19T16:15:00+0200,0.0,MW,NL,NL,actual_solar_generation,Solar | Actual Consumption,2026-08-26T03:46:52Z
2026-08-26T03:42:24Z,2026-08-26T05:42:24+0200,e96b9d4a-1054-48fe-90c7-5f4aaf55485c,2026-08-19T14:30:00Z,2026-08-19T16:30:00+0200,38.35,MW,NL,NL,actual_solar_generation,Solar | Actual Aggregated,2026-08-26T03:46:52Z
2026-08-26T03:42:24Z,2026-08-26T05:42:24+0200,e96b9d4a-1054-48fe-90c7-5f4aaf55485c,2026-08-19T14:30:00Z,2026-08-19T16:30:00+0200,0.0,MW,NL,NL,actual_solar_generation,Solar | Actual Consumption,2026-08-26T03:46:52Z
2026-08-26T03:42:24Z,2026-08-26T05:42:24+0200,e96b9d4a-1054-48fe-90c7-5f4aaf55485c,2026-08-19T14:45:00Z,2026-08-19T16:45:00+0200,44.386,MW,NL,NL,actual_solar_generation,Solar | Actual Aggregated,2026-08-26T03:46:52Z
2026-08-26T03:42:24Z,2026-08-26T05:42:24+0200,e96b9d4a-1054-48fe-90c7-5f4aaf55485c,2026-08-19T14:45:00Z,2026-08-19T16:45:00+0200,0.0,MW,NL,NL,actual_solar_generation,Solar | Actual Consumption,2026-08-26T03:46:52Z
2026-08-26T03:42:24Z,2026-08-26T05:42:24+0200,e96b9d4a-1054-48fe-90c7-5f4aaf55485c,2026-08-19T15:00:00Z,2026-08-19T17:00:00+0200,41.315,MW,NL,NL,actual_solar_generation,Solar | Actual Aggregated,2026-08-26T03:46:52Z
2026-08-26T03:42:24Z,2026-08-26T05:42:24+0200,e96b9d4a-1054-48fe-90c7-5f4aaf55485c,2026-08-19T15:00:00Z,2026-08-19T17:00:00+0200,0.0,MW,NL,NL,actual_solar_generation,Solar | Actual Consumption,2026-08-26T03:46:52Z
2026-08-26T03:42:24Z,2026-08-26T05:42:24+0200,e96b9d4a-1054-48fe-90c7-5f4aaf55485c,2026-08-19T15:15:00Z,2026-08-19T17:15:00+0200,41.446,MW,NL,NL,actual_solar_generation,Solar | Actual Aggregated,2026-08-26T03:46:52Z
2026-08-26T03:42:24Z,2026-08-26T05:42:24+0200,e96b9d4a-1054-48fe-90c7-5f4aaf55485c,2026-08-19T15:15:00Z,2026-08-19T17:15:00+0200,0.0,MW,NL,NL,actual_solar_generation,Solar | Actual Consumption,2026-08-26T03:46:52Z
2026-08-26T03:42:24Z,2026-08-26T05:42:24+0200,e96b9d4a-1054-48fe-90c7-5f4aaf55485c,2026-08-19T15:30:00Z,2026-08-19T17:30:00+0200,66.11,MW,NL,NL,actual_solar_generation,Solar | Actual Aggregated,2026-08-26T03:46:52Z
2026-08-26T03:42:24Z,2026-08-26T05:42:24+0200,e96b9d4a-1054-48fe-90c7-5f4aaf55485c,2026-08-19T15:30:00Z,2026-08-19T17:30:00+0200,0.0,MW,NL,NL,actual_solar_generation,Solar | Actual Consumption,2026-08-26T03:46:52Z
2026-08-26T03:42:24Z,2026-08-26T05:42:24+0200,e96b9d4a-1054-48fe-90c7-5f4aaf55485c,2026-08-19T15:45:00Z,2026-08-19T17:45:00+0200,66.167,MW,NL,NL,actual_solar_generation,Solar | Actual Aggregated,2026-08-26T03:46:52Z
2026-08-26T03:42:24Z,2026-08-26T05:42:24+0200,e96b9d4a-1054-48fe-90c7-5f4aaf55485c,2026-08-19T15:45:00Z,2026-08-19T17:45:00+0200,0.0,MW,NL,NL,actual_solar_generation,Solar | Actual Consumption,2026-08-26T03:46:52Z
2026-08-26T03:42:24Z,2026-08-26T05:42:24+0200,e96b9d4a-1054-48fe-90c7-5f4aaf55485c,2026-08-19T16:00:00Z,2026-08-19T18:00:00+0200,61.852,MW,NL,NL,actual_solar_generation,Solar | Actual Aggregated,2026-08-26T03:46:52Z
2026-08-26T03:42:24Z,2026-08-26T05:42:24+0200,e96b9d4a-1054-48fe-90c7-5f4aaf55485c,2026-08-19T16:00:00Z,2026-08-19T18:00:00+0200,0.0,MW,NL,NL,actual_solar_generation,Solar | Actual Consumption,2026-08-26T03:46:52Z
2026-08-26T03:42:24Z,2026-08-26T05:42:24+0200,e96b9d4a-1054-48fe-90c7-5f4aaf55485c,2026-08-19T16:15:00Z,2026-08-19T18:15:00+0200,50.623,MW,NL,NL,actual_solar_generation,Solar | Actual Aggregated,2026-08-26T03:46:52Z
2026-08-26T03:42:24Z,2026-08-26T05:42:24+0200,e96b9d4a-1054-48fe-90c7-5f4aaf55485c,2026-08-19T16:15:00Z,2026-08-19T18:15:00+0200,0.0,MW,NL,NL,actual_solar_generation,Solar | Actual Consumption,2026-08-26T03:46:52Z
2026-08-26T03:42:24Z,2026-08-26T05:42:24+0200,e96b9d4a-1054-48fe-90c7-5f4aaf55485c,2026-08-19T16:30:00Z,2026-08-19T18:30:00+0200,33.287,MW,NL,NL,actual_solar_generation,Solar | Actual Aggregated,2026-08-26T03:46:52Z
2026-08-26T03:42:24Z,2026-08-26T05:42:24+0200,e96b9d4a-1054-48fe-90c7-5f4aaf55485c,2026-08-19T16:30:00Z,2026-08-19T18:30:00+0200,0.0,MW,NL,NL,actual_solar_generation,Solar | Actual Consumption,2026-08-26T03:46:52Z
2026-08-26T03:42:24Z,2026-08-26T05:42:24+0200,e96b9d4a-1054-48fe-90c7-5f4aaf55485c,2026-08-19T16:45:00Z,2026-08-19T18:45:00+0200,36.015,MW,NL,NL,actual_solar_generation,Solar | Actual Aggregated,2026-08-26T03:46:52Z
2026-08-26T03:42:24Z,2026-08-26T05:42:24+0200,e96b9d4a-1054-48fe-90c7-5f4aaf55485c,2026-08-19T16:45:00Z,2026-08-19T18:45:00+0200,0.0,MW,NL,NL,actual_solar_generation,Solar | Actual Consumption,2026-08-26T03:46:52Z
2026-08-26T03:42:24Z,2026-08-26T05:42:24+0200,e96b9d4a-1054-48fe-90c7-5f4aaf55485c,2026-08-19T17:00:00Z,2026-08-19T19:00:00+0200,47.976,MW,NL,NL,actual_solar_generation,Solar | Actual Aggregated,2026-08-26T03:46:52Z
2026-08-26T03:42:24Z,2026-08-26T05:42:24+0200,e96b9d4a-1054-48fe-90c7-5f4aaf55485c,2026-08-19T17:00:00Z,2026-08-19T19:00:00+0200,0.0,MW,NL,NL,actual_solar_generation,Solar | Actual Consumption,2026-08-26T03:46:52Z
2026-08-26T03:42:24Z,2026-08-26T05:42:24+0200,e96b9d4a-1054-48fe-90c7-5f4aaf55485c,2026-08-19T17:15:00Z,2026-08-19T19:15:00+0200,37.808,MW,NL,NL,actual_solar_generation,Solar | Actual Aggregated,2026-08-26T03:46:52Z
2026-08-26T03:42:24Z,2026-08-26T05:42:24+0200,e96b9d4a-1054-48fe-90c7-5f4aaf55485c,2026-08-19T17:15:00Z,2026-08-19T19:15:00+0200,0.0,MW,NL,NL,actual_solar_generation,Solar | Actual Consumption,2026-08-26T03:46:52Z
2026-08-26T03:42:24Z,2026-08-26T05:42:24+0200,e96b9d4a-1054-48fe-90c7-5f4aaf55485c,2026-08-19T17:30:00Z,2026-08-19T19:30:00+0200,23.724,MW,NL,NL,actual_solar_generation,Solar | Actual Aggregated,2026-08-26T03:46:52Z
2026-08-26T03:42:24Z,2026-08-26T05:42:24+0200,e96b9d4a-1054-48fe-90c7-5f4aaf55485c,2026-08-19T17:30:00Z,2026-08-19T19:30:00+0200,0.0,MW,NL,NL,actual_solar_generation,Solar | Actual Consumption,2026-08-26T03:46:52Z
2026-08-26T03:42:24Z,2026-08-26T05:42:24+0200,e96b9d4a-1054-48fe-90c7-5f4aaf55485c,2026-08-19T17:45:00Z,2026-08-19T19:45:00+0200,13.914,MW,NL,NL,actual_solar_generation,Solar | Actual Aggregated,2026-08-26T03:46:52Z
2026-08-26T03:42:24Z,2026-08-26T05:42:24+0200,e96b9d4a-1054-48fe-90c7-5f4aaf55485c,2026-08-19T17:45:00Z,2026-08-19T19:45:00+0200,0.0,MW,NL,NL,actual_solar_generation,Solar | Actual Consumption,2026-08-26T03:46:52Z
2026-08-26T03:42:24Z,2026-08-26T05:42:24+0200,e96b9d4a-1054-48fe-90c7-5f4aaf55485c,2026-08-19T18:00:00Z,2026-08-19T20:00:00+0200,6.736,MW,NL,NL,actual_solar_generation,Solar | Actual Aggregated,2026-08-26T03:46:52Z
2026-08-26T03:42:24Z,2026-08-26T05:42:24+0200,e96b9d4a-1054-48fe-90c7-5f4aaf55485c,2026-08-19T18:00:00Z,2026-08-19T20:00:00+0200,0.0,MW,NL,NL,actual_solar_generation,Solar | Actual Consumption,2026-08-26T03:46:52Z
2026-08-26T03:42:24Z,2026-08-26T05:42:24+0200,e96b9d4a-1054-48fe-90c7-5f4aaf55485c,2026-08-19T18:15:00Z,2026-08-19T20:15:00+0200,3.322,MW,NL,NL,actual_solar_generation,Solar | Actual Aggregated,2026-08-26T03:46:52Z
2026-08-26T03:42:24Z,2026-08-26T05:42:24+0200,e96b9d4a-1054-48fe-90c7-5f4aaf55485c,2026-08-19T18:15:00Z,2026-08-19T20:15:00+0200,0.0,MW,NL,NL,actual_solar_generation,Solar | Actual Consumption,2026-08-26T03:46:52Z
2026-08-26T03:42:24Z,2026-08-26T05:42:24+0200,e96b9d4a-1054-48fe-90c7-5f4aaf55485c,2026-08-19T18:30:00Z,2026-08-19T20:30:00+0200,0.955,MW,NL,NL,actual_solar_generation,Solar | Actual Aggregated,2026-08-26T03:46:52Z
2026-08-26T03:42:24Z,2026-08-26T05:42:24+0200,e96b9d4a-1054-48fe-90c7-5f4aaf55485c,2026-08-19T18:30:00Z,2026-08-19T20:30:00+0200,0.0,MW,NL,NL,actual_solar_generation,Solar | Actual Consumption,2026-08-26T03:46:52Z
2026-08-26T03:42:24Z,2026-08-26T05:42:24+0200,e96b9d4a-1054-48fe-90c7-5f4aaf55485c,2026-08-19T18:45:00Z,2026-08-19T20:45:00+0200,0.0,MW,NL,NL,actual_solar_generation,Solar | Actual Aggregated,2026-08-26T03:46:52Z
2026-08-26T03:42:24Z,2026-08-26T05:42:24+0200,e96b9d4a-1054-48fe-90c7-5f4aaf55485c,2026-08-19T18:45:00Z,2026-08-19T20:45:00+0200,0.507,MW,NL,NL,actual_solar_generation,Solar | Actual Consumption,2026-08-26T03:46:52Z
2026-08-26T03:42:24Z,2026-08-26T05:42:24+0200,e96b9d4a-1054-48fe-90c7-5f4aaf55485c,2026-08-19T19:00:00Z,2026-08-19T21:00:00+0200,0.0,MW,NL,NL,actual_solar_generation,Solar | Actual Aggregated,2026-08-26T03:46:52Z
2026-08-26T03:42:24Z,2026-08-26T05:42:24+0200,e96b9d4a-1054-48fe-90c7-5f4aaf55485c,2026-08-19T19:00:00Z,2026-08-19T21:00:00+0200,0.132,MW,NL,NL,actual_solar_generation,Solar | Actual Consumption,2026-08-26T03:46:52Z
2026-08-26T03:42:24Z,2026-08-26T05:42:24+0200,e96b9d4a-1054-48fe-90c7-5f4aaf55485c,2026-08-19T19:15:00Z,2026-08-19T21:15:00+0200,0.0,MW,NL,NL,actual_solar_generation,Solar | Actual Aggregated,2026-08-26T03:46:52Z
2026-08-26T03:42:24Z,2026-08-26T05:42:24+0200,e96b9d4a-1054-48fe-90c7-5f4aaf55485c,2026-08-19T19:15:00Z,2026-08-19T21:15:00+0200,0.12,MW,NL,NL,actual_solar_generation,Solar | Actual Consumption,2026-08-26T03:46:52Z
2026-08-26T03:42:24Z,2026-08-26T05:42:24+0200,e96b9d4a-1054-48fe-90c7-5f4aaf55485c,2026-08-19T19:30:00Z,2026-08-19T21:30:00+0200,0.0,MW,NL,NL,actual_solar_generation,Solar | Actual Aggregated,2026-08-26T03:46:52Z
2026-08-26T03:42:24Z,2026-08-26T05:42:24+0200,e96b9d4a-1054-48fe-90c7-5f4aaf55485c,2026-08-19T19:30:00Z,2026-08-19T21:30:00+0200,0.122,MW,NL,NL,actual_solar_generation,Solar | Actual Consumption,2026-08-26T03:46:52Z
2026-08-26T03:42:24Z,2026-08-26T05:42:24+0200,e96b9d4a-1054-48fe-90c7-5f4aaf55485c,2026-08-19T19:45:00Z,2026-08-19T21:45:00+0200,0.0,MW,NL,NL,actual_solar_generation,Solar | Actual Aggregated,2026-08-26T03:46:52Z
2026-08-26T03:42:24Z,2026-08-26T05:42:24+0200,e96b9d4a-1054-48fe-90c7-5f4aaf55485c,2026-08-19T19:45:00Z,2026-08-19T21:45:00+0200,0.126,MW,NL,NL,actual_solar_generation,Solar | Actual Consumption,2026-08-26T03:46:52Z
2026-08-26T03:42:24Z,2026-08-26T05:42:24+0200,e96b9d4a-1054-48fe-90c7-5f4aaf55485c,2026-08-19T20:00:00Z,2026-08-19T22:00:00+0200,0.0,MW,NL,NL,actual_solar_generation,Solar | Actual Aggregated,2026-08-26T03:46:52Z
2026-08-26T03:42:24Z,2026-08-26T05:42:24+0200,e96b9d4a-1054-48fe-90c7-5f4aaf55485c,2026-08-19T20:00:00Z,2026-08-19T22:00:00+0200,0.126,MW,NL,NL,actual_solar_generation,Solar | Actual Consumption,2026-08-26T03:46:52Z
2026-08-26T03:42:24Z,2026-08-26T05:42:24+0200,e96b9d4a-1054-48fe-90c7-5f4aaf55485c,2026-08-19T20:15:00Z,2026-08-19T22:15:00+0200,0.0,MW,NL,NL,actual_solar_generation,Solar | Actual Aggregated,2026-08-26T03:46:52Z
2026-08-26T03:42:24Z,2026-08-26T05:42:24+0200,e96b9d4a-1054-48fe-90c7-5f4aaf55485c,2026-08-19T20:15:00Z,2026-08-19T22:15:00+0200,0.126,MW,NL,NL,actual_solar_generation,Solar | Actual Consumption,2026-08-26T03:46:52Z
2026-08-26T03:42:24Z,2026-08-26T05:42:24+0200,e96b9d4a-1054-48fe-90c7-5f4aaf55485c,2026-08-19T20:30:00Z,2026-08-19T22:30:00+0200,0.0,MW,NL,NL,actual_solar_generation,Solar | Actual Aggregated,2026-08-26T03:46:52Z
2026-08-26T03:42:24Z,2026-08-26T05:42:24+0200,e96b9d4a-1054-48fe-90c7-5f4aaf55485c,2026-08-19T20:30:00Z,2026-08-19T22:30:00+0200,0.126,MW,NL,NL,actual_solar_generation,Solar | Actual Consumption,2026-08-26T03:46:52Z
2026-08-26T03:42:24Z,2026-08-26T05:42:24+0200,e96b9d4a-1054-48fe-90c7-5f4aaf55485c,2026-08-19T20:45:00Z,2026-08-19T22:45:00+0200,0.0,MW,NL,NL,actual_solar_generation,Solar | Actual Aggregated,2026-08-26T03:46:52Z
2026-08-26T03:42:24Z,2026-08-26T05:42:24+0200,e96b9d4a-1054-48fe-90c7-5f4aaf55485c,2026-08-19T20:45:00Z,2026-08-19T22:45:00+0200,0.126,MW,NL,NL,actual_solar_generation,Solar | Actual Consumption,2026-08-26T03:46:52Z
2026-08-26T03:42:24Z,2026-08-26T05:42:24+0200,e96b9d4a-1054-48fe-90c7-5f4aaf55485c,2026-08-19T21:00:00Z,2026-08-19T23:00:00+0200,0.0,MW,NL,NL,actual_solar_generation,Solar | Actual Aggregated,2026-08-26T03:46:52Z
2026-08-26T03:42:24Z,2026-08-26T05:42:24+0200,e96b9d4a-1054-48fe-90c7-5f4aaf55485c,2026-08-19T21:00:00Z,2026-08-19T23:00:00+0200,0.126,MW,NL,NL,actual_solar_generation,Solar | Actual Consumption,2026-08-26T03:46:52Z
2026-08-26T03:42:24Z,2026-08-26T05:42:24+0200,e96b9d4a-1054-48fe-90c7-5f4aaf55485c,2026-08-19T21:15:00Z,2026-08-19T23:15:00+0200,0.0,MW,NL,NL,actual_solar_generation,Solar | Actual Aggregated,2026-08-26T03:46:52Z
2026-08-26T03:42:24Z,2026-08-26T05:42:24+0200,e96b9d4a-1054-48fe-90c7-5f4aaf55485c,2026-08-19T21:15:00Z,2026-08-19T23:15:00+0200,0.126,MW,NL,NL,actual_solar_generation,Solar | Actual Consumption,2026-08-26T03:46:52Z
2026-08-26T03:42:24Z,2026-08-26T05:42:24+0200,e96b9d4a-1054-48fe-90c7-5f4aaf55485c,2026-08-19T21:30:00Z,2026-08-19T23:30:00+0200,0.0,MW,NL,NL,actual_solar_generation,Solar | Actual Aggregated,2026-08-26T03:46:52Z
2026-08-26T03:42:24Z,2026-08-26T05:42:24+0200,e96b9d4a-1054-48fe-90c7-5f4aaf55485c,2026-08-19T21:30:00Z,2026-08-19T23:30:00+0200,0.126,MW,NL,NL,actual_solar_generation,Solar | Actual Consumption,2026-08-26T03:46:52Z
2026-08-26T03:42:24Z,2026-08-26T05:42:24+0200,e96b9d4a-1054-48fe-90c7-5f4aaf55485c,2026-08-19T21:45:00Z,2026-08-19T23:45:00+0200,0.0,MW,NL,NL,actual_solar_generation,Solar | Actual Aggregated,2026-08-26T03:46:52Z
2026-08-26T03:42:24Z,2026-08-26T05:42:24+0200,e96b9d4a-1054-48fe-90c7-5f4aaf55485c,2026-08-19T21:45:00Z,2026-08-19T23:45:00+0200,0.126,MW,NL,NL,actual_solar_generation,Solar | Actual Consumption,2026-08-26T03:46:52Z
2026-08-26T03:42:24Z,2026-08-26T05:42:24+0200,e96b9d4a-1054-48fe-90c7-5f4aaf55485c,2026-08-19T22:00:00Z,2026-08-20T00:00:00+0200,0.0,MW,NL,NL,actual_solar_generation,Solar | Actual Aggregated,2026-08-26T03:46:52Z
2026-08-26T03:42:24Z,2026-08-26T05:42:24+0200,e96b9d4a-1054-48fe-90c7-5f4aaf55485c,2026-08-19T22:00:00Z,2026-08-20T00:00:00+0200,0.126,MW,NL,NL,actual_solar_generation,Solar | Actual Consumption,2026-08-26T03:46:52Z
2026-08-26T03:42:24Z,2026-08-26T05:42:24+0200,e96b9d4a-1054-48fe-90c7-5f4aaf55485c,2026-08-19T22:15:00Z,2026-08-20T00:15:00+0200,0.0,MW,NL,NL,actual_solar_generation,Solar | Actual Aggregated,2026-08-26T03:46:52Z
2026-08-26T03:42:24Z,2026-08-26T05:42:24+0200,e96b9d4a-1054-48fe-90c7-5f4aaf55485c,2026-08-19T22:15:00Z,2026-08-20T00:15:00+0200,0.126,MW,NL,NL,actual_solar_generation,Solar | Actual Consumption,2026-08-26T03:46:52Z
2026-08-26T03:42:24Z,2026-08-26T05:42:24+0200,e96b9d4a-1054-48fe-90c7-5f4aaf55485c,2026-08-19T22:30:00Z,2026-08-20T00:30:00+0200,0.0,MW,NL,NL,actual_solar_generation,Solar | Actual Aggregated,2026-08-26T03:46:52Z
2026-08-26T03:42:24Z,2026-08-26T05:42:24+0200,e96b9d4a-1054-48fe-90c7-5f4aaf55485c,2026-08-19T22:30:00Z,2026-08-20T00:30:00+0200,0.126,MW,NL,NL,actual_solar_generation,Solar | Actual Consumption,2026-08-26T03:46:52Z
2026-08-26T03:42:24Z,2026-08-26T05:42:24+0200,e96b9d4a-1054-48fe-90c7-5f4aaf55485c,2026-08-19T22:45:00Z,2026-08-20T00:45:00+0200,0.0,MW,NL,NL,actual_solar_generation,Solar | Actual Aggregated,2026-08-26T03:46:52Z
2026-08-26T03:42:24Z,2026-08-26T05:42:24+0200,e96b9d4a-1054-48fe-90c7-5f4aaf55485c,2026-08-19T22:45:00Z,2026-08-20T00:45:00+0200,0.126,MW,NL,NL,actual_solar_generation,Solar | Actual Consumption,2026-08-26T03:46:52Z
2026-08-26T03:42:24Z,2026-08-26T05:42:24+0200,e96b9d4a-1054-48fe-90c7-5f4aaf55485c,2026-08-19T23:00:00Z,2026-08-20T01:00:00+0200,0.0,MW,NL,NL,actual_solar_generation,Solar | Actual Aggregated,2026-08-26T03:46:52Z
2026-08-26T03:42:24Z,2026-08-26T05:42:24+0200,e96b9d4a-1054-48fe-90c7-5f4aaf55485c,2026-08-19T23:00:00Z,2026-08-20T01:00:00+0200,0.126,MW,NL,NL,actual_solar_generation,Solar | Actual Consumption,2026-08-26T03:46:52Z
2026-08-26T03:42:24Z,2026-08-26T05:42:24+0200,e96b9d4a-1054-48fe-90c7-5f4aaf55485c,2026-08-19T23:15:00Z,2026-08-20T01:15:00+0200,0.0,MW,NL,NL,actual_solar_generation,Solar | Actual Aggregated,2026-08-26T03:46:52Z
2026-08-26T03:42:24Z,2026-08-26T05:42:24+0200,e96b9d4a-1054-48fe-90c7-5f4aaf55485c,2026-08-19T23:15:00Z,2026-08-20T01:15:00+0200,0.126,MW,NL,NL,actual_solar_generation,Solar | Actual Consumption,2026-08-26T03:46:52Z
2026-08-26T03:42:24Z,2026-08-26T05:42:24+0200,e96b9d4a-1054-48fe-90c7-5f4aaf55485c,2026-08-19T23:30:00Z,2026-08-20T01:30:00+0200,0.0,MW,NL,NL,actual_solar_generation,Solar | Actual Aggregated,2026-08-26T03:46:52Z
2026-08-26T03:42:24Z,2026-08-26T05:42:24+0200,e96b9d4a-1054-48fe-90c7-5f4aaf55485c,2026-08-19T23:30:00Z,2026-08-20T01:30:00+0200,0.126,MW,NL,NL,actual_solar_generation,Solar | Actual Consumption,2026-08-26T03:46:52Z
2026-08-26T03:42:24Z,2026-08-26T05:42:24+0200,e96b9d4a-1054-48fe-90c7-5f4aaf55485c,2026-08-19T23:45:00Z,2026-08-20T01:45:00+0200,0.0,MW,NL,NL,actual_solar_generation,Solar | Actual Aggregated,2026-08-26T03:46:52Z
2026-08-26T03:42:24Z,2026-08-26T05:42:24+0200,e96b9d4a-1054-48fe-90c7-5f4aaf55485c,2026-08-19T23:45:00Z,2026-08-20T01:45:00+0200,0.126,MW,NL,NL,actual_solar_generation,Solar | Actual Consumption,2026-08-26T03:46:52Z
2026-08-26T03:42:24Z,2026-08-26T05:42:24+0200,e96b9d4a-1054-48fe-90c7-5f4aaf55485c,2026-08-20T00:00:00Z,2026-08-20T02:00:00+0200,0.0,MW,NL,NL,actual_solar_generation,Solar | Actual Aggregated,2026-08-26T03:46:52Z
2026-08-26T03:42:24Z,2026-08-26T05:42:24+0200,e96b9d4a-1054-48fe-90c7-5f4aaf55485c,2026-08-20T00:00:00Z,2026-08-20T02:00:00+0200,0.126,MW,NL,NL,actual_solar_generation,Solar | Actual Consumption,2026-08-26T03:46:52Z
2026-08-26T03:42:24Z,2026-08-26T05:42:24+0200,e96b9d4a-1054-48fe-90c7-5f4aaf55485c,2026-08-20T00:15:00Z,2026-08-20T02:15:00+0200,0.0,MW,NL,NL,actual_solar_generation,Solar | Actual Aggregated,2026-08-26T03:46:52Z
2026-08-26T03:42:24Z,2026-08-26T05:42:24+0200,e96b9d4a-1054-48fe-90c7-5f4aaf55485c,2026-08-20T00:15:00Z,2026-08-20T02:15:00+0200,0.126,MW,NL,NL,actual_solar_generation,Solar | Actual Consumption,2026-08-26T03:46:52Z
2026-08-26T03:42:24Z,2026-08-26T05:42:24+0200,e96b9d4a-1054-48fe-90c7-5f4aaf55485c,2026-08-20T00:30:00Z,2026-08-20T02:30:00+0200,0.0,MW,NL,NL,actual_solar_generation,Solar | Actual Aggregated,2026-08-26T03:46:52Z
2026-08-26T03:42:24Z,2026-08-26T05:42:24+0200,e96b9d4a-1054-48fe-90c7-5f4aaf55485c,2026-08-20T00:30:00Z,2026-08-20T02:30:00+0200,0.126,MW,NL,NL,actual_solar_generation,Solar | Actual Consumption,2026-08-26T03:46:52Z
2026-08-26T03:42:24Z,2026-08-26T05:42:24+0200,e96b9d4a-1054-48fe-90c7-5f4aaf55485c,2026-08-20T00:45:00Z,2026-08-20T02:45:00+0200,0.0,MW,NL,NL,actual_solar_generation,Solar | Actual Aggregated,2026-08-26T03:46:52Z
2026-08-26T03:42:24Z,2026-08-26T05:42:24+0200,e96b9d4a-1054-48fe-90c7-5f4aaf55485c,2026-08-20T00:45:00Z,2026-08-20T02:45:00+0200,0.123,MW,NL,NL,actual_solar_generation,Solar | Actual Consumption,2026-08-26T03:46:52Z
2026-08-26T03:42:24Z,2026-08-26T05:42:24+0200,e96b9d4a-1054-48fe-90c7-5f4aaf55485c,2026-08-20T01:00:00Z,2026-08-20T03:00:00+0200,0.0,MW,NL,NL,actual_solar_generation,Solar | Actual Aggregated,2026-08-26T03:46:52Z
2026-08-26T03:42:24Z,2026-08-26T05:42:24+0200,e96b9d4a-1054-48fe-90c7-5f4aaf55485c,2026-08-20T01:00:00Z,2026-08-20T03:00:00+0200,0.122,MW,NL,NL,actual_solar_generation,Solar | Actual Consumption,2026-08-26T03:46:52Z
2026-08-26T03:42:24Z,2026-08-26T05:42:24+0200,e96b9d4a-1054-48fe-90c7-5f4aaf55485c,2026-08-20T01:15:00Z,2026-08-20T03:15:00+0200,0.0,MW,NL,NL,actual_solar_generation,Solar | Actual Aggregated,2026-08-26T03:46:52Z
2026-08-26T03:42:24Z,2026-08-26T05:42:24+0200,e96b9d4a-1054-48fe-90c7-5f4aaf55485c,2026-08-20T01:15:00Z,2026-08-20T03:15:00+0200,0.122,MW,NL,NL,actual_solar_generation,Solar | Actual Consumption,2026-08-26T03:46:52Z
2026-08-26T03:42:24Z,2026-08-26T05:42:24+0200,e96b9d4a-1054-48fe-90c7-5f4aaf55485c,2026-08-20T01:30:00Z,2026-08-20T03:30:00+0200,0.0,MW,NL,NL,actual_solar_generation,Solar | Actual Aggregated,2026-08-26T03:46:52Z
2026-08-26T03:42:24Z,2026-08-26T05:42:24+0200,e96b9d4a-1054-48fe-90c7-5f4aaf55485c,2026-08-20T01:30:00Z,2026-08-20T03:30:00+0200,0.122,MW,NL,NL,actual_solar_generation,Solar | Actual Consumption,2026-08-26T03:46:52Z
2026-08-26T03:42:24Z,2026-08-26T05:42:24+0200,e96b9d4a-1054-48fe-90c7-5f4aaf55485c,2026-08-20T01:45:00Z,2026-08-20T03:45:00+0200,0.0,MW,NL,NL,actual_solar_generation,Solar | Actual Aggregated,2026-08-26T03:46:52Z
2026-08-26T03:42:24Z,2026-08-26T05:42:24+0200,e96b9d4a-1054-48fe-90c7-5f4aaf55485c,2026-08-20T01:45:00Z,2026-08-20T03:45:00+0200,0.122,MW,NL,NL,actual_solar_generation,Solar | Actual Consumption,2026-08-26T03:46:52Z
2026-08-26T03:42:24Z,2026-08-26T05:42:24+0200,e96b9d4a-1054-48fe-90c7-5f4aaf55485c,2026-08-20T02:00:00Z,2026-08-20T04:00:00+0200,0.0,MW,NL,NL,actual_solar_generation,Solar | Actual Aggregated,2026-08-26T03:46:52Z
2026-08-26T03:42:24Z,2026-08-26T05:42:24+0200,e96b9d4a-1054-48fe-90c7-5f4aaf55485c,2026-08-20T02:00:00Z,2026-08-20T04:00:00+0200,0.122,MW,NL,NL,actual_solar_generation,Solar | Actual Consumption,2026-08-26T03:46:52Z
2026-08-26T03:42:24Z,2026-08-26T05:42:24+0200,e96b9d4a-1054-48fe-90c7-5f4aaf55485c,2026-08-20T02:15:00Z,2026-08-20T04:15:00+0200,0.0,MW,NL,NL,actual_solar_generation,Solar | Actual Aggregated,2026-08-26T03:46:52Z
2026-08-26T03:42:24Z,2026-08-26T05:42:24+0200,e96b9d4a-1054-48fe-90c7-5f4aaf55485c,2026-08-20T02:15:00Z,2026-08-20T04:15:00+0200,0.122,MW,NL,NL,actual_solar_generation,Solar | Actual Consumption,2026-08-26T03:46:52Z
2026-08-26T03:42:24Z,2026-08-26T05:42:24+0200,e96b9d4a-1054-48fe-90c7-5f4aaf55485c,2026-08-20T02:30:00Z,2026-08-20T04:30:00+0200,0.0,MW,NL,NL,actual_solar_generation,Solar | Actual Aggregated,2026-08-26T03:46:52Z
2026-08-26T03:42:24Z,2026-08-26T05:42:24+0200,e96b9d4a-1054-48fe-90c7-5f4aaf55485c,2026-08-20T02:30:00Z,2026-08-20T04:30:00+0200,0.122,MW,NL,NL,actual_solar_generation,Solar | Actual Consumption,2026-08-26T03:46:52Z
2026-08-26T03:42:24Z,2026-08-26T05:42:24+0200,e96b9d4a-1054-48fe-90c7-5f4aaf55485c,2026-08-20T02:45:00Z,2026-08-20T04:45:00+0200,0.0,MW,NL,NL,actual_solar_generation,Solar | Actual Aggregated,2026-08-26T03:46:52Z
2026-08-26T03:42:24Z,2026-08-26T05:42:24+0200,e96b9d4a-1054-48fe-90c7-5f4aaf55485c,2026-08-20T02:45:00Z,2026-08-20T04:45:00+0200,0.122,MW,NL,NL,actual_solar_generation,Solar | Actual Consumption,2026-08-26T03:46:52Z
2026-08-26T03:42:24Z,2026-08-26T05:42:24+0200,e96b9d4a-1054-48fe-90c7-5f4aaf55485c,2026-08-20T03:00:00Z,2026-08-20T05:00:00+0200,0.0,MW,NL,NL,actual_solar_generation,Solar | Actual Aggregated,2026-08-26T03:46:52Z
2026-08-26T03:42:24Z,2026-08-26T05:42:24+0200,e96b9d4a-1054-48fe-90c7-5f4aaf55485c,2026-08-20T03:00:00Z,2026-08-20T05:00:00+0200,0.122,MW,NL,NL,actual_solar_generation,Solar | Actual Consumption,2026-08-26T03:46:52Z
2026-08-26T03:42:24Z,2026-08-26T05:42:24+0200,e96b9d4a-1054-48fe-90c7-5f4aaf55485c,2026-08-20T03:15:00Z,2026-08-20T05:15:00+0200,0.0,MW,NL,NL,actual_solar_generation,Solar | Actual Aggregated,2026-08-26T03:46:52Z
2026-08-26T03:42:24Z,2026-08-26T05:42:24+0200,e96b9d4a-1054-48fe-90c7-5f4aaf55485c,2026-08-20T03:15:00Z,2026-08-20T05:15:00+0200,0.122,MW,NL,NL,actual_solar_generation,Solar | Actual Consumption,2026-08-26T03:46:52Z
2026-08-26T03:42:24Z,2026-08-26T05:42:24+0200,e96b9d4a-1054-48fe-90c7-5f4aaf55485c,2026-08-20T03:30:00Z,2026-08-20T05:30:00+0200,0.0,MW,NL,NL,actual_solar_generation,Solar | Actual Aggregated,2026-08-26T03:46:52Z
2026-08-26T03:42:24Z,2026-08-26T05:42:24+0200,e96b9d4a-1054-48fe-90c7-5f4aaf55485c,2026-08-20T03:30:00Z,2026-08-20T05:30:00+0200,0.122,MW,NL,NL,actual_solar_generation,Solar | Actual Consumption,2026-08-26T03:46:52Z
2026-08-26T03:42:24Z,2026-08-26T05:42:24+0200,e96b9d4a-1054-48fe-90c7-5f4aaf55485c,2026-08-20T03:45:00Z,2026-08-20T05:45:00+0200,0.0,MW,NL,NL,actual_solar_generation,Solar | Actual Aggregated,2026-08-26T03:46:52Z
2026-08-26T03:42:24Z,2026-08-26T05:42:24+0200,e96b9d4a-1054-48fe-90c7-5f4aaf55485c,2026-08-20T03:45:00Z,2026-08-20T05:45:00+0200,0.122,MW,NL,NL,actual_solar_generation,Solar | Actual Consumption,2026-08-26T03:46:52Z
2026-08-26T03:42:24Z,2026-08-26T05:42:24+0200,e96b9d4a-1054-48fe-90c7-5f4aaf55485c,2026-08-20T04:00:00Z,2026-08-20T06:00:00+0200,0.0,MW,NL,NL,actual_solar_generation,Solar | Actual Aggregated,2026-08-26T03:46:52Z
2026-08-26T03:42:24Z,2026-08-26T05:42:24+0200,e96b9d4a-1054-48fe-90c7-5f4aaf55485c,2026-08-20T04:00:00Z,2026-08-20T06:00:00+0200,0.122,MW,NL,NL,actual_solar_generation,Solar | Actual Consumption,2026-08-26T03:46:52Z
2026-08-26T03:42:24Z,2026-08-26T05:42:24+0200,e96b9d4a-1054-48fe-90c7-5f4aaf55485c,2026-08-20T04:15:00Z,2026-08-20T06:15:00+0200,0.291,MW,NL,NL,actual_solar_generation,Solar | Actual Aggregated,2026-08-26T03:46:52Z
2026-08-26T03:42:24Z,2026-08-26T05:42:24+0200,e96b9d4a-1054-48fe-90c7-5f4aaf55485c,2026-08-20T04:15:00Z,2026-08-20T06:15:00+0200,0.122,MW,NL,NL,actual_solar_generation,Solar | Actual Consumption,2026-08-26T03:46:52Z
2026-08-26T03:42:24Z,2026-08-26T05:42:24+0200,e96b9d4a-1054-48fe-90c7-5f4aaf55485c,2026-08-20T04:30:00Z,2026-08-20T06:30:00+0200,0.726,MW,NL,NL,actual_solar_generation,Solar | Actual Aggregated,2026-08-26T03:46:52Z
2026-08-26T03:42:24Z,2026-08-26T05:42:24+0200,e96b9d4a-1054-48fe-90c7-5f4aaf55485c,2026-08-20T04:30:00Z,2026-08-20T06:30:00+0200,0.0,MW,NL,NL,actual_solar_generation,Solar | Actual Consumption,2026-08-26T03:46:52Z
2026-08-26T03:42:24Z,2026-08-26T05:42:24+0200,e96b9d4a-1054-48fe-90c7-5f4aaf55485c,2026-08-20T04:45:00Z,2026-08-20T06:45:00+0200,2.785,MW,NL,NL,actual_solar_generation,Solar | Actual Aggregated,2026-08-26T03:46:52Z
2026-08-26T03:42:24Z,2026-08-26T05:42:24+0200,e96b9d4a-1054-48fe-90c7-5f4aaf55485c,2026-08-20T04:45:00Z,2026-08-20T06:45:00+0200,0.0,MW,NL,NL,actual_solar_generation,Solar | Actual Consumption,2026-08-26T03:46:52Z
2026-08-26T03:42:24Z,2026-08-26T05:42:24+0200,e96b9d4a-1054-48fe-90c7-5f4aaf55485c,2026-08-20T05:00:00Z,2026-08-20T07:00:00+0200,3.964,MW,NL,NL,actual_solar_generation,Solar | Actual Aggregated,2026-08-26T03:46:52Z
2026-08-26T03:42:24Z,2026-08-26T05:42:24+0200,e96b9d4a-1054-48fe-90c7-5f4aaf55485c,2026-08-20T05:00:00Z,2026-08-20T07:00:00+0200,0.0,MW,NL,NL,actual_solar_generation,Solar | Actual Consumption,2026-08-26T03:46:52Z
2026-08-26T03:42:24Z,2026-08-26T05:42:24+0200,e96b9d4a-1054-48fe-90c7-5f4aaf55485c,2026-08-20T05:15:00Z,2026-08-20T07:15:00+0200,5.968,MW,NL,NL,actual_solar_generation,Solar | Actual Aggregated,2026-08-26T03:46:52Z
2026-08-26T03:42:24Z,2026-08-26T05:42:24+0200,e96b9d4a-1054-48fe-90c7-5f4aaf55485c,2026-08-20T05:15:00Z,2026-08-20T07:15:00+0200,0.0,MW,NL,NL,actual_solar_generation,Solar | Actual Consumption,2026-08-26T03:46:52Z
2026-08-26T03:42:24Z,2026-08-26T05:42:24+0200,e96b9d4a-1054-48fe-90c7-5f4aaf55485c,2026-08-20T05:30:00Z,2026-08-20T07:30:00+0200,9.241,MW,NL,NL,actual_solar_generation,Solar | Actual Aggregated,2026-08-26T03:46:52Z
2026-08-26T03:42:24Z,2026-08-26T05:42:24+0200,e96b9d4a-1054-48fe-90c7-5f4aaf55485c,2026-08-20T05:30:00Z,2026-08-20T07:30:00+0200,0.0,MW,NL,NL,actual_solar_generation,Solar | Actual Consumption,2026-08-26T03:46:52Z
2026-08-26T03:42:24Z,2026-08-26T05:42:24+0200,e96b9d4a-1054-48fe-90c7-5f4aaf55485c,2026-08-20T05:45:00Z,2026-08-20T07:45:00+0200,11.261,MW,NL,NL,actual_solar_generation,Solar | Actual Aggregated,2026-08-26T03:46:52Z
2026-08-26T03:42:24Z,2026-08-26T05:42:24+0200,e96b9d4a-1054-48fe-90c7-5f4aaf55485c,2026-08-20T05:45:00Z,2026-08-20T07:45:00+0200,0.0,MW,NL,NL,actual_solar_generation,Solar | Actual Consumption,2026-08-26T03:46:52Z
2026-08-26T03:42:24Z,2026-08-26T05:42:24+0200,e96b9d4a-1054-48fe-90c7-5f4aaf55485c,2026-08-20T06:00:00Z,2026-08-20T08:00:00+0200,7.982,MW,NL,NL,actual_solar_generation,Solar | Actual Aggregated,2026-08-26T03:46:52Z
2026-08-26T03:42:24Z,2026-08-26T05:42:24+0200,e96b9d4a-1054-48fe-90c7-5f4aaf55485c,2026-08-20T06:00:00Z,2026-08-20T08:00:00+0200,0.0,MW,NL,NL,actual_solar_generation,Solar | Actual Consumption,2026-08-26T03:46:52Z
2026-08-26T03:42:24Z,2026-08-26T05:42:24+0200,e96b9d4a-1054-48fe-90c7-5f4aaf55485c,2026-08-20T06:15:00Z,2026-08-20T08:15:00+0200,13.562,MW,NL,NL,actual_solar_generation,Solar | Actual Aggregated,2026-08-26T03:46:52Z
2026-08-26T03:42:24Z,2026-08-26T05:42:24+0200,e96b9d4a-1054-48fe-90c7-5f4aaf55485c,2026-08-20T06:15:00Z,2026-08-20T08:15:00+0200,0.0,MW,NL,NL,actual_solar_generation,Solar | Actual Consumption,2026-08-26T03:46:52Z
2026-08-26T03:42:24Z,2026-08-26T05:42:24+0200,e96b9d4a-1054-48fe-90c7-5f4aaf55485c,2026-08-20T06:30:00Z,2026-08-20T08:30:00+0200,32.229,MW,NL,NL,actual_solar_generation,Solar | Actual Aggregated,2026-08-26T03:46:52Z
2026-08-26T03:42:24Z,2026-08-26T05:42:24+0200,e96b9d4a-1054-48fe-90c7-5f4aaf55485c,2026-08-20T06:30:00Z,2026-08-20T08:30:00+0200,0.0,MW,NL,NL,actual_solar_generation,Solar | Actual Consumption,2026-08-26T03:46:52Z
2026-08-26T03:42:24Z,2026-08-26T05:42:24+0200,e96b9d4a-1054-48fe-90c7-5f4aaf55485c,2026-08-20T06:45:00Z,2026-08-20T08:45:00+0200,47.745,MW,NL,NL,actual_solar_generation,Solar | Actual Aggregated,2026-08-26T03:46:52Z
2026-08-26T03:42:24Z,2026-08-26T05:42:24+0200,e96b9d4a-1054-48fe-90c7-5f4aaf55485c,2026-08-20T06:45:00Z,2026-08-20T08:45:00+0200,0.0,MW,NL,NL,actual_solar_generation,Solar | Actual Consumption,2026-08-26T03:46:52Z
2026-08-26T03:42:24Z,2026-08-26T05:42:24+0200,e96b9d4a-1054-48fe-90c7-5f4aaf55485c,2026-08-20T07:00:00Z,2026-08-20T09:00:00+0200,48.162,MW,NL,NL,actual_solar_generation,Solar | Actual Aggregated,2026-08-26T03:46:52Z
2026-08-26T03:42:24Z,2026-08-26T05:42:24+0200,e96b9d4a-1054-48fe-90c7-5f4aaf55485c,2026-08-20T07:00:00Z,2026-08-20T09:00:00+0200,0.0,MW,NL,NL,actual_solar_generation,Solar | Actual Consumption,2026-08-26T03:46:52Z
2026-08-26T03:42:24Z,2026-08-26T05:42:24+0200,e96b9d4a-1054-48fe-90c7-5f4aaf55485c,2026-08-20T07:15:00Z,2026-08-20T09:15:00+0200,46.886,MW,NL,NL,actual_solar_generation,Solar | Actual Aggregated,2026-08-26T03:46:52Z
2026-08-26T03:42:24Z,2026-08-26T05:42:24+0200,e96b9d4a-1054-48fe-90c7-5f4aaf55485c,2026-08-20T07:15:00Z,2026-08-20T09:15:00+0200,0.0,MW,NL,NL,actual_solar_generation,Solar | Actual Consumption,2026-08-26T03:46:52Z
2026-08-26T03:42:24Z,2026-08-26T05:42:24+0200,e96b9d4a-1054-48fe-90c7-5f4aaf55485c,2026-08-20T07:30:00Z,2026-08-20T09:30:00+0200,53.273,MW,NL,NL,actual_solar_generation,Solar | Actual Aggregated,2026-08-26T03:46:52Z
2026-08-26T03:42:24Z,2026-08-26T05:42:24+0200,e96b9d4a-1054-48fe-90c7-5f4aaf55485c,2026-08-20T07:30:00Z,2026-08-20T09:30:00+0200,0.0,MW,NL,NL,actual_solar_generation,Solar | Actual Consumption,2026-08-26T03:46:52Z
2026-08-26T03:42:24Z,2026-08-26T05:42:24+0200,e96b9d4a-1054-48fe-90c7-5f4aaf55485c,2026-08-20T07:45:00Z,2026-08-20T09:45:00+0200,86.665,MW,NL,NL,actual_solar_generation,Solar | Actual Aggregated,2026-08-26T03:46:52Z
2026-08-26T03:42:24Z,2026-08-26T05:42:24+0200,e96b9d4a-1054-48fe-90c7-5f4aaf55485c,2026-08-20T07:45:00Z,2026-08-20T09:45:00+0200,0.0,MW,NL,NL,actual_solar_generation,Solar | Actual Consumption,2026-08-26T03:46:52Z
2026-08-26T03:42:24Z,2026-08-26T05:42:24+0200,e96b9d4a-1054-48fe-90c7-5f4aaf55485c,2026-08-20T08:00:00Z,2026-08-20T10:00:00+0200,119.719,MW,NL,NL,actual_solar_generation,Solar | Actual Aggregated,2026-08-26T03:46:52Z
2026-08-26T03:42:24Z,2026-08-26T05:42:24+0200,e96b9d4a-1054-48fe-90c7-5f4aaf55485c,2026-08-20T08:00:00Z,2026-08-20T10:00:00+0200,0.0,MW,NL,NL,actual_solar_generation,Solar | Actual Consumption,2026-08-26T03:46:52Z
2026-08-26T03:42:24Z,2026-08-26T05:42:24+0200,e96b9d4a-1054-48fe-90c7-5f4aaf55485c,2026-08-20T08:15:00Z,2026-08-20T10:15:00+0200,102.274,MW,NL,NL,actual_solar_generation,Solar | Actual Aggregated,2026-08-26T03:46:52Z
2026-08-26T03:42:24Z,2026-08-26T05:42:24+0200,e96b9d4a-1054-48fe-90c7-5f4aaf55485c,2026-08-20T08:15:00Z,2026-08-20T10:15:00+0200,0.0,MW,NL,NL,actual_solar_generation,Solar | Actual Consumption,2026-08-26T03:46:52Z
2026-08-26T03:42:24Z,2026-08-26T05:42:24+0200,e96b9d4a-1054-48fe-90c7-5f4aaf55485c,2026-08-20T08:30:00Z,2026-08-20T10:30:00+0200,112.652,MW,NL,NL,actual_solar_generation,Solar | Actual Aggregated,2026-08-26T03:46:52Z
2026-08-26T03:42:24Z,2026-08-26T05:42:24+0200,e96b9d4a-1054-48fe-90c7-5f4aaf55485c,2026-08-20T08:30:00Z,2026-08-20T10:30:00+0200,0.0,MW,NL,NL,actual_solar_generation,Solar | Actual Consumption,2026-08-26T03:46:52Z
2026-08-26T03:42:24Z,2026-08-26T05:42:24+0200,e96b9d4a-1054-48fe-90c7-5f4aaf55485c,2026-08-20T08:45:00Z,2026-08-20T10:45:00+0200,89.941,MW,NL,NL,actual_solar_generation,Solar | Actual Aggregated,2026-08-26T03:46:52Z
2026-08-26T03:42:24Z,2026-08-26T05:42:24+0200,e96b9d4a-1054-48fe-90c7-5f4aaf55485c,2026-08-20T08:45:00Z,2026-08-20T10:45:00+0200,0.0,MW,NL,NL,actual_solar_generation,Solar | Actual Consumption,2026-08-26T03:46:52Z
2026-08-26T03:42:24Z,2026-08-26T05:42:24+0200,e96b9d4a-1054-48fe-90c7-5f4aaf55485c,2026-08-20T09:00:00Z,2026-08-20T11:00:00+0200,111.769,MW,NL,NL,actual_solar_generation,Solar | Actual Aggregated,2026-08-26T03:46:52Z
2026-08-26T03:42:24Z,2026-08-26T05:42:24+0200,e96b9d4a-1054-48fe-90c7-5f4aaf55485c,2026-08-20T09:00:00Z,2026-08-20T11:00:00+0200,0.0,MW,NL,NL,actual_solar_generation,Solar | Actual Consumption,2026-08-26T03:46:52Z
2026-08-26T03:42:24Z,2026-08-26T05:42:24+0200,e96b9d4a-1054-48fe-90c7-5f4aaf55485c,2026-08-20T09:15:00Z,2026-08-20T11:15:00+0200,112.322,MW,NL,NL,actual_solar_generation,Solar | Actual Aggregated,2026-08-26T03:46:52Z
2026-08-26T03:42:24Z,2026-08-26T05:42:24+0200,e96b9d4a-1054-48fe-90c7-5f4aaf55485c,2026-08-20T09:15:00Z,2026-08-20T11:15:00+0200,0.0,MW,NL,NL,actual_solar_generation,Solar | Actual Consumption,2026-08-26T03:46:52Z
2026-08-26T03:42:24Z,2026-08-26T05:42:24+0200,e96b9d4a-1054-48fe-90c7-5f4aaf55485c,2026-08-20T09:30:00Z,2026-08-20T11:30:00+0200,105.831,MW,NL,NL,actual_solar_generation,Solar | Actual Aggregated,2026-08-26T03:46:52Z
2026-08-26T03:42:24Z,2026-08-26T05:42:24+0200,e96b9d4a-1054-48fe-90c7-5f4aaf55485c,2026-08-20T09:30:00Z,2026-08-20T11:30:00+0200,0.0,MW,NL,NL,actual_solar_generation,Solar | Actual Consumption,2026-08-26T03:46:52Z
2026-08-26T03:42:24Z,2026-08-26T05:42:24+0200,e96b9d4a-1054-48fe-90c7-5f4aaf55485c,2026-08-20T09:45:00Z,2026-08-20T11:45:00+0200,95.498,MW,NL,NL,actual_solar_generation,Solar | Actual Aggregated,2026-08-26T03:46:52Z
2026-08-26T03:42:24Z,2026-08-26T05:42:24+0200,e96b9d4a-1054-48fe-90c7-5f4aaf55485c,2026-08-20T09:45:00Z,2026-08-20T11:45:00+0200,0.0,MW,NL,NL,actual_solar_generation,Solar | Actual Consumption,2026-08-26T03:46:52Z
2026-08-26T03:42:24Z,2026-08-26T05:42:24+0200,e96b9d4a-1054-48fe-90c7-5f4aaf55485c,2026-08-20T10:00:00Z,2026-08-20T12:00:00+0200,108.776,MW,NL,NL,actual_solar_generation,Solar | Actual Aggregated,2026-08-26T03:46:52Z
2026-08-26T03:42:24Z,2026-08-26T05:42:24+0200,e96b9d4a-1054-48fe-90c7-5f4aaf55485c,2026-08-20T10:00:00Z,2026-08-20T12:00:00+0200,0.0,MW,NL,NL,actual_solar_generation,Solar | Actual Consumption,2026-08-26T03:46:52Z
2026-08-26T03:42:24Z,2026-08-26T05:42:24+0200,e96b9d4a-1054-48fe-90c7-5f4aaf55485c,2026-08-20T10:15:00Z,2026-08-20T12:15:00+0200,114.839,MW,NL,NL,actual_solar_generation,Solar | Actual Aggregated,2026-08-26T03:46:52Z
2026-08-26T03:42:24Z,2026-08-26T05:42:24+0200,e96b9d4a-1054-48fe-90c7-5f4aaf55485c,2026-08-20T10:15:00Z,2026-08-20T12:15:00+0200,0.0,MW,NL,NL,actual_solar_generation,Solar | Actual Consumption,2026-08-26T03:46:52Z
2026-08-26T03:42:24Z,2026-08-26T05:42:24+0200,e96b9d4a-1054-48fe-90c7-5f4aaf55485c,2026-08-20T10:30:00Z,2026-08-20T12:30:00+0200,115.07,MW,NL,NL,actual_solar_generation,Solar | Actual Aggregated,2026-08-26T03:46:52Z
2026-08-26T03:42:24Z,2026-08-26T05:42:24+0200,e96b9d4a-1054-48fe-90c7-5f4aaf55485c,2026-08-20T10:30:00Z,2026-08-20T12:30:00+0200,0.0,MW,NL,NL,actual_solar_generation,Solar | Actual Consumption,2026-08-26T03:46:52Z
2026-08-26T03:42:24Z,2026-08-26T05:42:24+0200,e96b9d4a-1054-48fe-90c7-5f4aaf55485c,2026-08-20T10:45:00Z,2026-08-20T12:45:00+0200,166.602,MW,NL,NL,actual_solar_generation,Solar | Actual Aggregated,2026-08-26T03:46:52Z
2026-08-26T03:42:24Z,2026-08-26T05:42:24+0200,e96b9d4a-1054-48fe-90c7-5f4aaf55485c,2026-08-20T10:45:00Z,2026-08-20T12:45:00+0200,0.0,MW,NL,NL,actual_solar_generation,Solar | Actual Consumption,2026-08-26T03:46:52Z
2026-08-26T03:42:24Z,2026-08-26T05:42:24+0200,e96b9d4a-1054-48fe-90c7-5f4aaf55485c,2026-08-20T11:00:00Z,2026-08-20T13:00:00+0200,143.488,MW,NL,NL,actual_solar_generation,Solar | Actual Aggregated,2026-08-26T03:46:52Z
2026-08-26T03:42:24Z,2026-08-26T05:42:24+0200,e96b9d4a-1054-48fe-90c7-5f4aaf55485c,2026-08-20T11:00:00Z,2026-08-20T13:00:00+0200,0.0,MW,NL,NL,actual_solar_generation,Solar | Actual Consumption,2026-08-26T03:46:52Z
2026-08-26T03:42:24Z,2026-08-26T05:42:24+0200,e96b9d4a-1054-48fe-90c7-5f4aaf55485c,2026-08-20T11:15:00Z,2026-08-20T13:15:00+0200,62.875,MW,NL,NL,actual_solar_generation,Solar | Actual Aggregated,2026-08-26T03:46:52Z
2026-08-26T03:42:24Z,2026-08-26T05:42:24+0200,e96b9d4a-1054-48fe-90c7-5f4aaf55485c,2026-08-20T11:15:00Z,2026-08-20T13:15:00+0200,0.0,MW,NL,NL,actual_solar_generation,Solar | Actual Consumption,2026-08-26T03:46:52Z
2026-08-26T03:42:24Z,2026-08-26T05:42:24+0200,e96b9d4a-1054-48fe-90c7-5f4aaf55485c,2026-08-20T11:30:00Z,2026-08-20T13:30:00+0200,74.464,MW,NL,NL,actual_solar_generation,Solar | Actual Aggregated,2026-08-26T03:46:52Z
2026-08-26T03:42:24Z,2026-08-26T05:42:24+0200,e96b9d4a-1054-48fe-90c7-5f4aaf55485c,2026-08-20T11:30:00Z,2026-08-20T13:30:00+0200,0.0,MW,NL,NL,actual_solar_generation,Solar | Actual Consumption,2026-08-26T03:46:52Z
2026-08-26T03:42:24Z,2026-08-26T05:42:24+0200,e96b9d4a-1054-48fe-90c7-5f4aaf55485c,2026-08-20T11:45:00Z,2026-08-20T13:45:00+0200,48.31,MW,NL,NL,actual_solar_generation,Solar | Actual Aggregated,2026-08-26T03:46:52Z
2026-08-26T03:42:24Z,2026-08-26T05:42:24+0200,e96b9d4a-1054-48fe-90c7-5f4aaf55485c,2026-08-20T11:45:00Z,2026-08-20T13:45:00+0200,0.0,MW,NL,NL,actual_solar_generation,Solar | Actual Consumption,2026-08-26T03:46:52Z
2026-08-26T03:42:24Z,2026-08-26T05:42:24+0200,e96b9d4a-1054-48fe-90c7-5f4aaf55485c,2026-08-20T12:00:00Z,2026-08-20T14:00:00+0200,32.603,MW,NL,NL,actual_solar_generation,Solar | Actual Aggregated,2026-08-26T03:46:52Z
2026-08-26T03:42:24Z,2026-08-26T05:42:24+0200,e96b9d4a-1054-48fe-90c7-5f4aaf55485c,2026-08-20T12:00:00Z,2026-08-20T14:00:00+0200,0.0,MW,NL,NL,actual_solar_generation,Solar | Actual Consumption,2026-08-26T03:46:52Z
2026-08-26T03:42:24Z,2026-08-26T05:42:24+0200,e96b9d4a-1054-48fe-90c7-5f4aaf55485c,2026-08-20T12:15:00Z,2026-08-20T14:15:00+0200,36.167,MW,NL,NL,actual_solar_generation,Solar | Actual Aggregated,2026-08-26T03:46:52Z
2026-08-26T03:42:24Z,2026-08-26T05:42:24+0200,e96b9d4a-1054-48fe-90c7-5f4aaf55485c,2026-08-20T12:15:00Z,2026-08-20T14:15:00+0200,0.0,MW,NL,NL,actual_solar_generation,Solar | Actual Consumption,2026-08-26T03:46:52Z
2026-08-26T03:42:24Z,2026-08-26T05:42:24+0200,e96b9d4a-1054-48fe-90c7-5f4aaf55485c,2026-08-20T12:30:00Z,2026-08-20T14:30:00+0200,53.471,MW,NL,NL,actual_solar_generation,Solar | Actual Aggregated,2026-08-26T03:46:52Z
2026-08-26T03:42:24Z,2026-08-26T05:42:24+0200,e96b9d4a-1054-48fe-90c7-5f4aaf55485c,2026-08-20T12:30:00Z,2026-08-20T14:30:00+0200,0.0,MW,NL,NL,actual_solar_generation,Solar | Actual Consumption,2026-08-26T03:46:52Z
2026-08-26T03:42:24Z,2026-08-26T05:42:24+0200,e96b9d4a-1054-48fe-90c7-5f4aaf55485c,2026-08-20T12:45:00Z,2026-08-20T14:45:00+0200,67.853,MW,NL,NL,actual_solar_generation,Solar | Actual Aggregated,2026-08-26T03:46:52Z
2026-08-26T03:42:24Z,2026-08-26T05:42:24+0200,e96b9d4a-1054-48fe-90c7-5f4aaf55485c,2026-08-20T12:45:00Z,2026-08-20T14:45:00+0200,0.0,MW,NL,NL,actual_solar_generation,Solar | Actual Consumption,2026-08-26T03:46:52Z
2026-08-26T03:42:24Z,2026-08-26T05:42:24+0200,e96b9d4a-1054-48fe-90c7-5f4aaf55485c,2026-08-20T13:00:00Z,2026-08-20T15:00:00+0200,98.141,MW,NL,NL,actual_solar_generation,Solar | Actual Aggregated,2026-08-26T03:46:52Z
2026-08-26T03:42:24Z,2026-08-26T05:42:24+0200,e96b9d4a-1054-48fe-90c7-5f4aaf55485c,2026-08-20T13:00:00Z,2026-08-20T15:00:00+0200,0.0,MW,NL,NL,actual_solar_generation,Solar | Actual Consumption,2026-08-26T03:46:52Z
2026-08-26T03:42:24Z,2026-08-26T05:42:24+0200,e96b9d4a-1054-48fe-90c7-5f4aaf55485c,2026-08-20T13:15:00Z,2026-08-20T15:15:00+0200,62.702,MW,NL,NL,actual_solar_generation,Solar | Actual Aggregated,2026-08-26T03:46:52Z
2026-08-26T03:42:24Z,2026-08-26T05:42:24+0200,e96b9d4a-1054-48fe-90c7-5f4aaf55485c,2026-08-20T13:15:00Z,2026-08-20T15:15:00+0200,0.0,MW,NL,NL,actual_solar_generation,Solar | Actual Consumption,2026-08-26T03:46:52Z
2026-08-26T03:42:24Z,2026-08-26T05:42:24+0200,e96b9d4a-1054-48fe-90c7-5f4aaf55485c,2026-08-20T13:30:00Z,2026-08-20T15:30:00+0200,81.636,MW,NL,NL,actual_solar_generation,Solar | Actual Aggregated,2026-08-26T03:46:52Z
2026-08-26T03:42:24Z,2026-08-26T05:42:24+0200,e96b9d4a-1054-48fe-90c7-5f4aaf55485c,2026-08-20T13:30:00Z,2026-08-20T15:30:00+0200,0.0,MW,NL,NL,actual_solar_generation,Solar | Actual Consumption,2026-08-26T03:46:52Z
2026-08-26T03:42:24Z,2026-08-26T05:42:24+0200,e96b9d4a-1054-48fe-90c7-5f4aaf55485c,2026-08-20T13:45:00Z,2026-08-20T15:45:00+0200,81.738,MW,NL,NL,actual_solar_generation,Solar | Actual Aggregated,2026-08-26T03:46:52Z
2026-08-26T03:42:24Z,2026-08-26T05:42:24+0200,e96b9d4a-1054-48fe-90c7-5f4aaf55485c,2026-08-20T13:45:00Z,2026-08-20T15:45:00+0200,0.0,MW,NL,NL,actual_solar_generation,Solar | Actual Consumption,2026-08-26T03:46:52Z
2026-08-26T03:42:24Z,2026-08-26T05:42:24+0200,e96b9d4a-1054-48fe-90c7-5f4aaf55485c,2026-08-20T14:00:00Z,2026-08-20T16:00:00+0200,33.409,MW,NL,NL,actual_solar_generation,Solar | Actual Aggregated,2026-08-26T03:46:52Z
2026-08-26T03:42:24Z,2026-08-26T05:42:24+0200,e96b9d4a-1054-48fe-90c7-5f4aaf55485c,2026-08-20T14:00:00Z,2026-08-20T16:00:00+0200,0.0,MW,NL,NL,actual_solar_generation,Solar | Actual Consumption,2026-08-26T03:46:52Z
2026-08-26T03:42:24Z,2026-08-26T05:42:24+0200,e96b9d4a-1054-48fe-90c7-5f4aaf55485c,2026-08-20T14:15:00Z,2026-08-20T16:15:00+0200,30.028,MW,NL,NL,actual_solar_generation,Solar | Actual Aggregated,2026-08-26T03:46:52Z
2026-08-26T03:42:24Z,2026-08-26T05:42:24+0200,e96b9d4a-1054-48fe-90c7-5f4aaf55485c,2026-08-20T14:15:00Z,2026-08-20T16:15:00+0200,0.0,MW,NL,NL,actual_solar_generation,Solar | Actual Consumption,2026-08-26T03:46:52Z
2026-08-26T03:42:24Z,2026-08-26T05:42:24+0200,e96b9d4a-1054-48fe-90c7-5f4aaf55485c,2026-08-20T14:30:00Z,2026-08-20T16:30:00+0200,55.522,MW,NL,NL,actual_solar_generation,Solar | Actual Aggregated,2026-08-26T03:46:52Z
2026-08-26T03:42:24Z,2026-08-26T05:42:24+0200,e96b9d4a-1054-48fe-90c7-5f4aaf55485c,2026-08-20T14:30:00Z,2026-08-20T16:30:00+0200,0.0,MW,NL,NL,actual_solar_generation,Solar | Actual Consumption,2026-08-26T03:46:52Z
2026-08-26T03:42:24Z,2026-08-26T05:42:24+0200,e96b9d4a-1054-48fe-90c7-5f4aaf55485c,2026-08-20T14:45:00Z,2026-08-20T16:45:00+0200,58.731,MW,NL,NL,actual_solar_generation,Solar | Actual Aggregated,2026-08-26T03:46:52Z
2026-08-26T03:42:24Z,2026-08-26T05:42:24+0200,e96b9d4a-1054-48fe-90c7-5f4aaf55485c,2026-08-20T14:45:00Z,2026-08-20T16:45:00+0200,0.0,MW,NL,NL,actual_solar_generation,Solar | Actual Consumption,2026-08-26T03:46:52Z
2026-08-26T03:42:24Z,2026-08-26T05:42:24+0200,e96b9d4a-1054-48fe-90c7-5f4aaf55485c,2026-08-20T15:00:00Z,2026-08-20T17:00:00+0200,87.453,MW,NL,NL,actual_solar_generation,Solar | Actual Aggregated,2026-08-26T03:46:52Z
2026-08-26T03:42:24Z,2026-08-26T05:42:24+0200,e96b9d4a-1054-48fe-90c7-5f4aaf55485c,2026-08-20T15:00:00Z,2026-08-20T17:00:00+0200,0.0,MW,NL,NL,actual_solar_generation,Solar | Actual Consumption,2026-08-26T03:46:52Z
2026-08-26T03:42:24Z,2026-08-26T05:42:24+0200,e96b9d4a-1054-48fe-90c7-5f4aaf55485c,2026-08-20T15:15:00Z,2026-08-20T17:15:00+0200,115.963,MW,NL,NL,actual_solar_generation,Solar | Actual Aggregated,2026-08-26T03:46:52Z
2026-08-26T03:42:24Z,2026-08-26T05:42:24+0200,e96b9d4a-1054-48fe-90c7-5f4aaf55485c,2026-08-20T15:15:00Z,2026-08-20T17:15:00+0200,0.0,MW,NL,NL,actual_solar_generation,Solar | Actual Consumption,2026-08-26T03:46:52Z
2026-08-26T03:42:24Z,2026-08-26T05:42:24+0200,e96b9d4a-1054-48fe-90c7-5f4aaf55485c,2026-08-20T15:30:00Z,2026-08-20T17:30:00+0200,92.466,MW,NL,NL,actual_solar_generation,Solar | Actual Aggregated,2026-08-26T03:46:52Z
2026-08-26T03:42:24Z,2026-08-26T05:42:24+0200,e96b9d4a-1054-48fe-90c7-5f4aaf55485c,2026-08-20T15:30:00Z,2026-08-20T17:30:00+0200,0.0,MW,NL,NL,actual_solar_generation,Solar | Actual Consumption,2026-08-26T03:46:52Z
2026-08-26T03:42:24Z,2026-08-26T05:42:24+0200,e96b9d4a-1054-48fe-90c7-5f4aaf55485c,2026-08-20T15:45:00Z,2026-08-20T17:45:00+0200,46.304,MW,NL,NL,actual_solar_generation,Solar | Actual Aggregated,2026-08-26T03:46:52Z
2026-08-26T03:42:24Z,2026-08-26T05:42:24+0200,e96b9d4a-1054-48fe-90c7-5f4aaf55485c,2026-08-20T15:45:00Z,2026-08-20T17:45:00+0200,0.0,MW,NL,NL,actual_solar_generation,Solar | Actual Consumption,2026-08-26T03:46:52Z
2026-08-26T03:42:24Z,2026-08-26T05:42:24+0200,e96b9d4a-1054-48fe-90c7-5f4aaf55485c,2026-08-20T16:00:00Z,2026-08-20T18:00:00+0200,25.602,MW,NL,NL,actual_solar_generation,Solar | Actual Aggregated,2026-08-26T03:46:52Z
2026-08-26T03:42:24Z,2026-08-26T05:42:24+0200,e96b9d4a-1054-48fe-90c7-5f4aaf55485c,2026-08-20T16:00:00Z,2026-08-20T18:00:00+0200,0.0,MW,NL,NL,actual_solar_generation,Solar | Actual Consumption,2026-08-26T03:46:52Z
2026-08-26T03:42:24Z,2026-08-26T05:42:24+0200,e96b9d4a-1054-48fe-90c7-5f4aaf55485c,2026-08-20T16:15:00Z,2026-08-20T18:15:00+0200,26.794,MW,NL,NL,actual_solar_generation,Solar | Actual Aggregated,2026-08-26T03:46:52Z
2026-08-26T03:42:24Z,2026-08-26T05:42:24+0200,e96b9d4a-1054-48fe-90c7-5f4aaf55485c,2026-08-20T16:15:00Z,2026-08-20T18:15:00+0200,0.0,MW,NL,NL,actual_solar_generation,Solar | Actual Consumption,2026-08-26T03:46:52Z
2026-08-26T03:42:24Z,2026-08-26T05:42:24+0200,e96b9d4a-1054-48fe-90c7-5f4aaf55485c,2026-08-20T16:30:00Z,2026-08-20T18:30:00+0200,46.931,MW,NL,NL,actual_solar_generation,Solar | Actual Aggregated,2026-08-26T03:46:52Z
2026-08-26T03:42:24Z,2026-08-26T05:42:24+0200,e96b9d4a-1054-48fe-90c7-5f4aaf55485c,2026-08-20T16:30:00Z,2026-08-20T18:30:00+0200,0.0,MW,NL,NL,actual_solar_generation,Solar | Actual Consumption,2026-08-26T03:46:52Z
2026-08-26T03:42:24Z,2026-08-26T05:42:24+0200,e96b9d4a-1054-48fe-90c7-5f4aaf55485c,2026-08-20T16:45:00Z,2026-08-20T18:45:00+0200,47.621,MW,NL,NL,actual_solar_generation,Solar | Actual Aggregated,2026-08-26T03:46:52Z
2026-08-26T03:42:24Z,2026-08-26T05:42:24+0200,e96b9d4a-1054-48fe-90c7-5f4aaf55485c,2026-08-20T16:45:00Z,2026-08-20T18:45:00+0200,0.0,MW,NL,NL,actual_solar_generation,Solar | Actual Consumption,2026-08-26T03:46:52Z
2026-08-26T03:42:24Z,2026-08-26T05:42:24+0200,e96b9d4a-1054-48fe-90c7-5f4aaf55485c,2026-08-20T17:00:00Z,2026-08-20T19:00:00+0200,44.949,MW,NL,NL,actual_solar_generation,Solar | Actual Aggregated,2026-08-26T03:46:52Z
2026-08-26T03:42:24Z,2026-08-26T05:42:24+0200,e96b9d4a-1054-48fe-90c7-5f4aaf55485c,2026-08-20T17:00:00Z,2026-08-20T19:00:00+0200,0.0,MW,NL,NL,actual_solar_generation,Solar | Actual Consumption,2026-08-26T03:46:52Z
2026-08-26T03:42:24Z,2026-08-26T05:42:24+0200,e96b9d4a-1054-48fe-90c7-5f4aaf55485c,2026-08-20T17:15:00Z,2026-08-20T19:15:00+0200,21.692,MW,NL,NL,actual_solar_generation,Solar | Actual Aggregated,2026-08-26T03:46:52Z
2026-08-26T03:42:24Z,2026-08-26T05:42:24+0200,e96b9d4a-1054-48fe-90c7-5f4aaf55485c,2026-08-20T17:15:00Z,2026-08-20T19:15:00+0200,0.0,MW,NL,NL,actual_solar_generation,Solar | Actual Consumption,2026-08-26T03:46:52Z
2026-08-26T03:42:24Z,2026-08-26T05:42:24+0200,e96b9d4a-1054-48fe-90c7-5f4aaf55485c,2026-08-20T17:30:00Z,2026-08-20T19:30:00+0200,17.451,MW,NL,NL,actual_solar_generation,Solar | Actual Aggregated,2026-08-26T03:46:52Z
2026-08-26T03:42:24Z,2026-08-26T05:42:24+0200,e96b9d4a-1054-48fe-90c7-5f4aaf55485c,2026-08-20T17:30:00Z,2026-08-20T19:30:00+0200,0.0,MW,NL,NL,actual_solar_generation,Solar | Actual Consumption,2026-08-26T03:46:52Z
2026-08-26T03:42:24Z,2026-08-26T05:42:24+0200,e96b9d4a-1054-48fe-90c7-5f4aaf55485c,2026-08-20T17:45:00Z,2026-08-20T19:45:00+0200,15.975,MW,NL,NL,actual_solar_generation,Solar | Actual Aggregated,2026-08-26T03:46:52Z
2026-08-26T03:42:24Z,2026-08-26T05:42:24+0200,e96b9d4a-1054-48fe-90c7-5f4aaf55485c,2026-08-20T17:45:00Z,2026-08-20T19:45:00+0200,0.0,MW,NL,NL,actual_solar_generation,Solar | Actual Consumption,2026-08-26T03:46:52Z
2026-08-26T03:42:24Z,2026-08-26T05:42:24+0200,e96b9d4a-1054-48fe-90c7-5f4aaf55485c,2026-08-20T18:00:00Z,2026-08-20T20:00:00+0200,5.6,MW,NL,NL,actual_solar_generation,Solar | Actual Aggregated,2026-08-26T03:46:52Z
2026-08-26T03:42:24Z,2026-08-26T05:42:24+0200,e96b9d4a-1054-48fe-90c7-5f4aaf55485c,2026-08-20T18:00:00Z,2026-08-20T20:00:00+0200,0.0,MW,NL,NL,actual_solar_generation,Solar | Actual Consumption,2026-08-26T03:46:52Z
2026-08-26T03:42:24Z,2026-08-26T05:42:24+0200,e96b9d4a-1054-48fe-90c7-5f4aaf55485c,2026-08-20T18:15:00Z,2026-08-20T20:15:00+0200,2.654,MW,NL,NL,actual_solar_generation,Solar | Actual Aggregated,2026-08-26T03:46:52Z
2026-08-26T03:42:24Z,2026-08-26T05:42:24+0200,e96b9d4a-1054-48fe-90c7-5f4aaf55485c,2026-08-20T18:15:00Z,2026-08-20T20:15:00+0200,0.0,MW,NL,NL,actual_solar_generation,Solar | Actual Consumption,2026-08-26T03:46:52Z
2026-08-26T03:42:24Z,2026-08-26T05:42:24+0200,e96b9d4a-1054-48fe-90c7-5f4aaf55485c,2026-08-20T18:30:00Z,2026-08-20T20:30:00+0200,0.19,MW,NL,NL,actual_solar_generation,Solar | Actual Aggregated,2026-08-26T03:46:52Z
2026-08-26T03:42:24Z,2026-08-26T05:42:24+0200,e96b9d4a-1054-48fe-90c7-5f4aaf55485c,2026-08-20T18:30:00Z,2026-08-20T20:30:00+0200,0.0,MW,NL,NL,actual_solar_generation,Solar | Actual Consumption,2026-08-26T03:46:52Z
2026-08-26T03:42:24Z,2026-08-26T05:42:24+0200,e96b9d4a-1054-48fe-90c7-5f4aaf55485c,2026-08-20T18:45:00Z,2026-08-20T20:45:00+0200,0.0,MW,NL,NL,actual_solar_generation,Solar | Actual Aggregated,2026-08-26T03:46:52Z
2026-08-26T03:42:24Z,2026-08-26T05:42:24+0200,e96b9d4a-1054-48fe-90c7-5f4aaf55485c,2026-08-20T18:45:00Z,2026-08-20T20:45:00+0200,0.139,MW,NL,NL,actual_solar_generation,Solar | Actual Consumption,2026-08-26T03:46:52Z
2026-08-26T03:42:24Z,2026-08-26T05:42:24+0200,e96b9d4a-1054-48fe-90c7-5f4aaf55485c,2026-08-20T19:00:00Z,2026-08-20T21:00:00+0200,0.0,MW,NL,NL,actual_solar_generation,Solar | Actual Aggregated,2026-08-26T03:46:52Z
2026-08-26T03:42:24Z,2026-08-26T05:42:24+0200,e96b9d4a-1054-48fe-90c7-5f4aaf55485c,2026-08-20T19:00:00Z,2026-08-20T21:00:00+0200,0.124,MW,NL,NL,actual_solar_generation,Solar | Actual Consumption,2026-08-26T03:46:52Z
2026-08-26T03:42:24Z,2026-08-26T05:42:24+0200,e96b9d4a-1054-48fe-90c7-5f4aaf55485c,2026-08-20T19:15:00Z,2026-08-20T21:15:00+0200,0.0,MW,NL,NL,actual_solar_generation,Solar | Actual Aggregated,2026-08-26T03:46:52Z
2026-08-26T03:42:24Z,2026-08-26T05:42:24+0200,e96b9d4a-1054-48fe-90c7-5f4aaf55485c,2026-08-20T19:15:00Z,2026-08-20T21:15:00+0200,0.124,MW,NL,NL,actual_solar_generation,Solar | Actual Consumption,2026-08-26T03:46:52Z
2026-08-26T03:42:24Z,2026-08-26T05:42:24+0200,e96b9d4a-1054-48fe-90c7-5f4aaf55485c,2026-08-20T19:30:00Z,2026-08-20T21:30:00+0200,0.0,MW,NL,NL,actual_solar_generation,Solar | Actual Aggregated,2026-08-26T03:46:52Z
2026-08-26T03:42:24Z,2026-08-26T05:42:24+0200,e96b9d4a-1054-48fe-90c7-5f4aaf55485c,2026-08-20T19:30:00Z,2026-08-20T21:30:00+0200,0.124,MW,NL,NL,actual_solar_generation,Solar | Actual Consumption,2026-08-26T03:46:52Z
2026-08-26T03:42:24Z,2026-08-26T05:42:24+0200,e96b9d4a-1054-48fe-90c7-5f4aaf55485c,2026-08-20T19:45:00Z,2026-08-20T21:45:00+0200,0.0,MW,NL,NL,actual_solar_generation,Solar | Actual Aggregated,2026-08-26T03:46:52Z
2026-08-26T03:42:24Z,2026-08-26T05:42:24+0200,e96b9d4a-1054-48fe-90c7-5f4aaf55485c,2026-08-20T19:45:00Z,2026-08-20T21:45:00+0200,0.121,MW,NL,NL,actual_solar_generation,Solar | Actual Consumption,2026-08-26T03:46:52Z
2026-08-26T03:42:24Z,2026-08-26T05:42:24+0200,e96b9d4a-1054-48fe-90c7-5f4aaf55485c,2026-08-20T20:00:00Z,2026-08-20T22:00:00+0200,0.0,MW,NL,NL,actual_solar_generation,Solar | Actual Aggregated,2026-08-26T03:46:52Z
2026-08-26T03:42:24Z,2026-08-26T05:42:24+0200,e96b9d4a-1054-48fe-90c7-5f4aaf55485c,2026-08-20T20:00:00Z,2026-08-20T22:00:00+0200,0.116,MW,NL,NL,actual_solar_generation,Solar | Actual Consumption,2026-08-26T03:46:52Z
2026-08-26T03:42:24Z,2026-08-26T05:42:24+0200,e96b9d4a-1054-48fe-90c7-5f4aaf55485c,2026-08-20T20:15:00Z,2026-08-20T22:15:00+0200,0.0,MW,NL,NL,actual_solar_generation,Solar | Actual Aggregated,2026-08-26T03:46:52Z
2026-08-26T03:42:24Z,2026-08-26T05:42:24+0200,e96b9d4a-1054-48fe-90c7-5f4aaf55485c,2026-08-20T20:15:00Z,2026-08-20T22:15:00+0200,0.116,MW,NL,NL,actual_solar_generation,Solar | Actual Consumption,2026-08-26T03:46:52Z
2026-08-26T03:42:24Z,2026-08-26T05:42:24+0200,e96b9d4a-1054-48fe-90c7-5f4aaf55485c,2026-08-20T20:30:00Z,2026-08-20T22:30:00+0200,0.0,MW,NL,NL,actual_solar_generation,Solar | Actual Aggregated,2026-08-26T03:46:52Z
2026-08-26T03:42:24Z,2026-08-26T05:42:24+0200,e96b9d4a-1054-48fe-90c7-5f4aaf55485c,2026-08-20T20:30:00Z,2026-08-20T22:30:00+0200,0.127,MW,NL,NL,actual_solar_generation,Solar | Actual Consumption,2026-08-26T03:46:52Z
2026-08-26T03:42:24Z,2026-08-26T05:42:24+0200,e96b9d4a-1054-48fe-90c7-5f4aaf55485c,2026-08-20T20:45:00Z,2026-08-20T22:45:00+0200,0.0,MW,NL,NL,actual_solar_generation,Solar | Actual Aggregated,2026-08-26T03:46:52Z
2026-08-26T03:42:24Z,2026-08-26T05:42:24+0200,e96b9d4a-1054-48fe-90c7-5f4aaf55485c,2026-08-20T20:45:00Z,2026-08-20T22:45:00+0200,0.113,MW,NL,NL,actual_solar_generation,Solar | Actual Consumption,2026-08-26T03:46:52Z
2026-08-26T03:42:24Z,2026-08-26T05:42:24+0200,e96b9d4a-1054-48fe-90c7-5f4aaf55485c,2026-08-20T21:00:00Z,2026-08-20T23:00:00+0200,0.0,MW,NL,NL,actual_solar_generation,Solar | Actual Aggregated,2026-08-26T03:46:52Z
2026-08-26T03:42:24Z,2026-08-26T05:42:24+0200,e96b9d4a-1054-48fe-90c7-5f4aaf55485c,2026-08-20T21:00:00Z,2026-08-20T23:00:00+0200,0.118,MW,NL,NL,actual_solar_generation,Solar | Actual Consumption,2026-08-26T03:46:52Z
2026-08-26T03:42:24Z,2026-08-26T05:42:24+0200,e96b9d4a-1054-48fe-90c7-5f4aaf55485c,2026-08-20T21:15:00Z,2026-08-20T23:15:00+0200,0.0,MW,NL,NL,actual_solar_generation,Solar | Actual Aggregated,2026-08-26T03:46:52Z
2026-08-26T03:42:24Z,2026-08-26T05:42:24+0200,e96b9d4a-1054-48fe-90c7-5f4aaf55485c,2026-08-20T21:15:00Z,2026-08-20T23:15:00+0200,0.118,MW,NL,NL,actual_solar_generation,Solar | Actual Consumption,2026-08-26T03:46:52Z
2026-08-26T03:42:24Z,2026-08-26T05:42:24+0200,e96b9d4a-1054-48fe-90c7-5f4aaf55485c,2026-08-20T21:30:00Z,2026-08-20T23:30:00+0200,0.0,MW,NL,NL,actual_solar_generation,Solar | Actual Aggregated,2026-08-26T03:46:52Z
2026-08-26T03:42:24Z,2026-08-26T05:42:24+0200,e96b9d4a-1054-48fe-90c7-5f4aaf55485c,2026-08-20T21:30:00Z,2026-08-20T23:30:00+0200,0.123,MW,NL,NL,actual_solar_generation,Solar | Actual Consumption,2026-08-26T03:46:52Z
2026-08-26T03:42:24Z,2026-08-26T05:42:24+0200,e96b9d4a-1054-48fe-90c7-5f4aaf55485c,2026-08-20T21:45:00Z,2026-08-20T23:45:00+0200,0.0,MW,NL,NL,actual_solar_generation,Solar | Actual Aggregated,2026-08-26T03:46:52Z
2026-08-26T03:42:24Z,2026-08-26T05:42:24+0200,e96b9d4a-1054-48fe-90c7-5f4aaf55485c,2026-08-20T21:45:00Z,2026-08-20T23:45:00+0200,0.134,MW,NL,NL,actual_solar_generation,Solar | Actual Consumption,2026-08-26T03:46:52Z
2026-08-26T03:42:24Z,2026-08-26T05:42:24+0200,e96b9d4a-1054-48fe-90c7-5f4aaf55485c,2026-08-20T22:00:00Z,2026-08-21T00:00:00+0200,0.0,MW,NL,NL,actual_solar_generation,Solar | Actual Aggregated,2026-08-26T03:46:52Z
2026-08-26T03:42:24Z,2026-08-26T05:42:24+0200,e96b9d4a-1054-48fe-90c7-5f4aaf55485c,2026-08-20T22:00:00Z,2026-08-21T00:00:00+0200,0.113,MW,NL,NL,actual_solar_generation,Solar | Actual Consumption,2026-08-26T03:46:52Z
2026-08-26T03:42:24Z,2026-08-26T05:42:24+0200,e96b9d4a-1054-48fe-90c7-5f4aaf55485c,2026-08-20T22:15:00Z,2026-08-21T00:15:00+0200,0.0,MW,NL,NL,actual_solar_generation,Solar | Actual Aggregated,2026-08-26T03:46:52Z
2026-08-26T03:42:24Z,2026-08-26T05:42:24+0200,e96b9d4a-1054-48fe-90c7-5f4aaf55485c,2026-08-20T22:15:00Z,2026-08-21T00:15:00+0200,0.125,MW,NL,NL,actual_solar_generation,Solar | Actual Consumption,2026-08-26T03:46:52Z
2026-08-26T03:42:24Z,2026-08-26T05:42:24+0200,e96b9d4a-1054-48fe-90c7-5f4aaf55485c,2026-08-20T22:30:00Z,2026-08-21T00:30:00+0200,0.0,MW,NL,NL,actual_solar_generation,Solar | Actual Aggregated,2026-08-26T03:46:52Z
2026-08-26T03:42:24Z,2026-08-26T05:42:24+0200,e96b9d4a-1054-48fe-90c7-5f4aaf55485c,2026-08-20T22:30:00Z,2026-08-21T00:30:00+0200,0.131,MW,NL,NL,actual_solar_generation,Solar | Actual Consumption,2026-08-26T03:46:52Z
2026-08-26T03:42:24Z,2026-08-26T05:42:24+0200,e96b9d4a-1054-48fe-90c7-5f4aaf55485c,2026-08-20T22:45:00Z,2026-08-21T00:45:00+0200,0.0,MW,NL,NL,actual_solar_generation,Solar | Actual Aggregated,2026-08-26T03:46:52Z
2026-08-26T03:42:24Z,2026-08-26T05:42:24+0200,e96b9d4a-1054-48fe-90c7-5f4aaf55485c,2026-08-20T22:45:00Z,2026-08-21T00:45:00+0200,0.117,MW,NL,NL,actual_solar_generation,Solar | Actual Consumption,2026-08-26T03:46:52Z
2026-08-26T03:42:24Z,2026-08-26T05:42:24+0200,e96b9d4a-1054-48fe-90c7-5f4aaf55485c,2026-08-20T23:00:00Z,2026-08-21T01:00:00+0200,0.0,MW,NL,NL,actual_solar_generation,Solar | Actual Aggregated,2026-08-26T03:46:52Z
2026-08-26T03:42:24Z,2026-08-26T05:42:24+0200,e96b9d4a-1054-48fe-90c7-5f4aaf55485c,2026-08-20T23:00:00Z,2026-08-21T01:00:00+0200,0.129,MW,NL,NL,actual_solar_generation,Solar | Actual Consumption,2026-08-26T03:46:52Z
2026-08-26T03:42:24Z,2026-08-26T05:42:24+0200,e96b9d4a-1054-48fe-90c7-5f4aaf55485c,2026-08-20T23:15:00Z,2026-08-21T01:15:00+0200,0.0,MW,NL,NL,actual_solar_generation,Solar | Actual Aggregated,2026-08-26T03:46:52Z
2026-08-26T03:42:24Z,2026-08-26T05:42:24+0200,e96b9d4a-1054-48fe-90c7-5f4aaf55485c,2026-08-20T23:15:00Z,2026-08-21T01:15:00+0200,0.115,MW,NL,NL,actual_solar_generation,Solar | Actual Consumption,2026-08-26T03:46:52Z
2026-08-26T03:42:24Z,2026-08-26T05:42:24+0200,e96b9d4a-1054-48fe-90c7-5f4aaf55485c,2026-08-20T23:30:00Z,2026-08-21T01:30:00+0200,0.0,MW,NL,NL,actual_solar_generation,Solar | Actual Aggregated,2026-08-26T03:46:52Z
2026-08-26T03:42:24Z,2026-08-26T05:42:24+0200,e96b9d4a-1054-48fe-90c7-5f4aaf55485c,2026-08-20T23:30:00Z,2026-08-21T01:30:00+0200,0.132,MW,NL,NL,actual_solar_generation,Solar | Actual Consumption,2026-08-26T03:46:52Z
2026-08-26T03:42:24Z,2026-08-26T05:42:24+0200,e96b9d4a-1054-48fe-90c7-5f4aaf55485c,2026-08-20T23:45:00Z,2026-08-21T01:45:00+0200,0.0,MW,NL,NL,actual_solar_generation,Solar | Actual Aggregated,2026-08-26T03:46:52Z
2026-08-26T03:42:24Z,2026-08-26T05:42:24+0200,e96b9d4a-1054-48fe-90c7-5f4aaf55485c,2026-08-20T23:45:00Z,2026-08-21T01:45:00+0200,0.127,MW,NL,NL,actual_solar_generation,Solar | Actual Consumption,2026-08-26T03:46:52Z
2026-08-26T03:42:24Z,2026-08-26T05:42:24+0200,e96b9d4a-1054-48fe-90c7-5f4aaf55485c,2026-08-21T00:00:00Z,2026-08-21T02:00:00+0200,0.0,MW,NL,NL,actual_solar_generation,Solar | Actual Aggregated,2026-08-26T03:46:52Z
2026-08-26T03:42:24Z,2026-08-26T05:42:24+0200,e96b9d4a-1054-48fe-90c7-5f4aaf55485c,2026-08-21T00:00:00Z,2026-08-21T02:00:00+0200,0.127,MW,NL,NL,actual_solar_generation,Solar | Actual Consumption,2026-08-26T03:46:52Z
2026-08-26T03:42:24Z,2026-08-26T05:42:24+0200,e96b9d4a-1054-48fe-90c7-5f4aaf55485c,2026-08-21T00:15:00Z,2026-08-21T02:15:00+0200,0.0,MW,NL,NL,actual_solar_generation,Solar | Actual Aggregated,2026-08-26T03:46:52Z
2026-08-26T03:42:24Z,2026-08-26T05:42:24+0200,e96b9d4a-1054-48fe-90c7-5f4aaf55485c,2026-08-21T00:15:00Z,2026-08-21T02:15:00+0200,0.12,MW,NL,NL,actual_solar_generation,Solar | Actual Consumption,2026-08-26T03:46:52Z
2026-08-26T03:42:24Z,2026-08-26T05:42:24+0200,e96b9d4a-1054-48fe-90c7-5f4aaf55485c,2026-08-21T00:30:00Z,2026-08-21T02:30:00+0200,0.0,MW,NL,NL,actual_solar_generation,Solar | Actual Aggregated,2026-08-26T03:46:52Z
2026-08-26T03:42:24Z,2026-08-26T05:42:24+0200,e96b9d4a-1054-48fe-90c7-5f4aaf55485c,2026-08-21T00:30:00Z,2026-08-21T02:30:00+0200,0.114,MW,NL,NL,actual_solar_generation,Solar | Actual Consumption,2026-08-26T03:46:52Z
2026-08-26T03:42:24Z,2026-08-26T05:42:24+0200,e96b9d4a-1054-48fe-90c7-5f4aaf55485c,2026-08-21T00:45:00Z,2026-08-21T02:45:00+0200,0.0,MW,NL,NL,actual_solar_generation,Solar | Actual Aggregated,2026-08-26T03:46:52Z
2026-08-26T03:42:24Z,2026-08-26T05:42:24+0200,e96b9d4a-1054-48fe-90c7-5f4aaf55485c,2026-08-21T00:45:00Z,2026-08-21T02:45:00+0200,0.127,MW,NL,NL,actual_solar_generation,Solar | Actual Consumption,2026-08-26T03:46:52Z
2026-08-26T03:42:24Z,2026-08-26T05:42:24+0200,e96b9d4a-1054-48fe-90c7-5f4aaf55485c,2026-08-21T01:00:00Z,2026-08-21T03:00:00+0200,0.0,MW,NL,NL,actual_solar_generation,Solar | Actual Aggregated,2026-08-26T03:46:52Z
2026-08-26T03:42:24Z,2026-08-26T05:42:24+0200,e96b9d4a-1054-48fe-90c7-5f4aaf55485c,2026-08-21T01:00:00Z,2026-08-21T03:00:00+0200,0.127,MW,NL,NL,actual_solar_generation,Solar | Actual Consumption,2026-08-26T03:46:52Z
2026-08-26T03:42:24Z,2026-08-26T05:42:24+0200,e96b9d4a-1054-48fe-90c7-5f4aaf55485c,2026-08-21T01:15:00Z,2026-08-21T03:15:00+0200,0.0,MW,NL,NL,actual_solar_generation,Solar | Actual Aggregated,2026-08-26T03:46:52Z
2026-08-26T03:42:24Z,2026-08-26T05:42:24+0200,e96b9d4a-1054-48fe-90c7-5f4aaf55485c,2026-08-21T01:15:00Z,2026-08-21T03:15:00+0200,0.127,MW,NL,NL,actual_solar_generation,Solar | Actual Consumption,2026-08-26T03:46:52Z
2026-08-26T03:42:24Z,2026-08-26T05:42:24+0200,e96b9d4a-1054-48fe-90c7-5f4aaf55485c,2026-08-21T01:30:00Z,2026-08-21T03:30:00+0200,0.0,MW,NL,NL,actual_solar_generation,Solar | Actual Aggregated,2026-08-26T03:46:52Z
2026-08-26T03:42:24Z,2026-08-26T05:42:24+0200,e96b9d4a-1054-48fe-90c7-5f4aaf55485c,2026-08-21T01:30:00Z,2026-08-21T03:30:00+0200,0.112,MW,NL,NL,actual_solar_generation,Solar | Actual Consumption,2026-08-26T03:46:52Z
2026-08-26T03:42:24Z,2026-08-26T05:42:24+0200,e96b9d4a-1054-48fe-90c7-5f4aaf55485c,2026-08-21T01:45:00Z,2026-08-21T03:45:00+0200,0.0,MW,NL,NL,actual_solar_generation,Solar | Actual Aggregated,2026-08-26T03:46:52Z
2026-08-26T03:42:24Z,2026-08-26T05:42:24+0200,e96b9d4a-1054-48fe-90c7-5f4aaf55485c,2026-08-21T01:45:00Z,2026-08-21T03:45:00+0200,0.118,MW,NL,NL,actual_solar_generation,Solar | Actual Consumption,2026-08-26T03:46:52Z
2026-08-26T03:42:24Z,2026-08-26T05:42:24+0200,e96b9d4a-1054-48fe-90c7-5f4aaf55485c,2026-08-21T02:00:00Z,2026-08-21T04:00:00+0200,0.0,MW,NL,NL,actual_solar_generation,Solar | Actual Aggregated,2026-08-26T03:46:52Z
2026-08-26T03:42:24Z,2026-08-26T05:42:24+0200,e96b9d4a-1054-48fe-90c7-5f4aaf55485c,2026-08-21T02:00:00Z,2026-08-21T04:00:00+0200,0.118,MW,NL,NL,actual_solar_generation,Solar | Actual Consumption,2026-08-26T03:46:52Z
2026-08-26T03:42:24Z,2026-08-26T05:42:24+0200,e96b9d4a-1054-48fe-90c7-5f4aaf55485c,2026-08-21T02:15:00Z,2026-08-21T04:15:00+0200,0.0,MW,NL,NL,actual_solar_generation,Solar | Actual Aggregated,2026-08-26T03:46:52Z
2026-08-26T03:42:24Z,2026-08-26T05:42:24+0200,e96b9d4a-1054-48fe-90c7-5f4aaf55485c,2026-08-21T02:15:00Z,2026-08-21T04:15:00+0200,0.132,MW,NL,NL,actual_solar_generation,Solar | Actual Consumption,2026-08-26T03:46:52Z
2026-08-26T03:42:24Z,2026-08-26T05:42:24+0200,e96b9d4a-1054-48fe-90c7-5f4aaf55485c,2026-08-21T02:30:00Z,2026-08-21T04:30:00+0200,0.0,MW,NL,NL,actual_solar_generation,Solar | Actual Aggregated,2026-08-26T03:46:52Z
2026-08-26T03:42:24Z,2026-08-26T05:42:24+0200,e96b9d4a-1054-48fe-90c7-5f4aaf55485c,2026-08-21T02:30:00Z,2026-08-21T04:30:00+0200,0.125,MW,NL,NL,actual_solar_generation,Solar | Actual Consumption,2026-08-26T03:46:52Z
2026-08-26T03:42:24Z,2026-08-26T05:42:24+0200,e96b9d4a-1054-48fe-90c7-5f4aaf55485c,2026-08-21T02:45:00Z,2026-08-21T04:45:00+0200,0.0,MW,NL,NL,actual_solar_generation,Solar | Actual Aggregated,2026-08-26T03:46:52Z
2026-08-26T03:42:24Z,2026-08-26T05:42:24+0200,e96b9d4a-1054-48fe-90c7-5f4aaf55485c,2026-08-21T02:45:00Z,2026-08-21T04:45:00+0200,0.121,MW,NL,NL,actual_solar_generation,Solar | Actual Consumption,2026-08-26T03:46:52Z
2026-08-26T03:42:24Z,2026-08-26T05:42:24+0200,e96b9d4a-1054-48fe-90c7-5f4aaf55485c,2026-08-21T03:00:00Z,2026-08-21T05:00:00+0200,0.0,MW,NL,NL,actual_solar_generation,Solar | Actual Aggregated,2026-08-26T03:46:52Z
2026-08-26T03:42:24Z,2026-08-26T05:42:24+0200,e96b9d4a-1054-48fe-90c7-5f4aaf55485c,2026-08-21T03:00:00Z,2026-08-21T05:00:00+0200,0.121,MW,NL,NL,actual_solar_generation,Solar | Actual Consumption,2026-08-26T03:46:52Z
2026-08-26T03:42:24Z,2026-08-26T05:42:24+0200,e96b9d4a-1054-48fe-90c7-5f4aaf55485c,2026-08-21T03:15:00Z,2026-08-21T05:15:00+0200,0.0,MW,NL,NL,actual_solar_generation,Solar | Actual Aggregated,2026-08-26T03:46:52Z
2026-08-26T03:42:24Z,2026-08-26T05:42:24+0200,e96b9d4a-1054-48fe-90c7-5f4aaf55485c,2026-08-21T03:15:00Z,2026-08-21T05:15:00+0200,0.121,MW,NL,NL,actual_solar_generation,Solar | Actual Consumption,2026-08-26T03:46:52Z
2026-08-26T03:42:24Z,2026-08-26T05:42:24+0200,e96b9d4a-1054-48fe-90c7-5f4aaf55485c,2026-08-21T03:30:00Z,2026-08-21T05:30:00+0200,0.0,MW,NL,NL,actual_solar_generation,Solar | Actual Aggregated,2026-08-26T03:46:52Z
2026-08-26T03:42:24Z,2026-08-26T05:42:24+0200,e96b9d4a-1054-48fe-90c7-5f4aaf55485c,2026-08-21T03:30:00Z,2026-08-21T05:30:00+0200,0.121,MW,NL,NL,actual_solar_generation,Solar | Actual Consumption,2026-08-26T03:46:52Z
2026-08-26T03:42:24Z,2026-08-26T05:42:24+0200,e96b9d4a-1054-48fe-90c7-5f4aaf55485c,2026-08-21T03:45:00Z,2026-08-21T05:45:00+0200,0.0,MW,NL,NL,actual_solar_generation,Solar | Actual Aggregated,2026-08-26T03:46:52Z
2026-08-26T03:42:24Z,2026-08-26T05:42:24+0200,e96b9d4a-1054-48fe-90c7-5f4aaf55485c,2026-08-21T03:45:00Z,2026-08-21T05:45:00+0200,0.121,MW,NL,NL,actual_solar_generation,Solar | Actual Consumption,2026-08-26T03:46:52Z
2026-08-26T03:42:24Z,2026-08-26T05:42:24+0200,e96b9d4a-1054-48fe-90c7-5f4aaf55485c,2026-08-21T04:00:00Z,2026-08-21T06:00:00+0200,0.0,MW,NL,NL,actual_solar_generation,Solar | Actual Aggregated,2026-08-26T03:46:52Z
2026-08-26T03:42:24Z,2026-08-26T05:42:24+0200,e96b9d4a-1054-48fe-90c7-5f4aaf55485c,2026-08-21T04:00:00Z,2026-08-21T06:00:00+0200,0.121,MW,NL,NL,actual_solar_generation,Solar | Actual Consumption,2026-08-26T03:46:52Z
2026-08-26T03:42:24Z,2026-08-26T05:42:24+0200,e96b9d4a-1054-48fe-90c7-5f4aaf55485c,2026-08-21T04:15:00Z,2026-08-21T06:15:00+0200,0.195,MW,NL,NL,actual_solar_generation,Solar | Actual Aggregated,2026-08-26T03:46:52Z
2026-08-26T03:42:24Z,2026-08-26T05:42:24+0200,e96b9d4a-1054-48fe-90c7-5f4aaf55485c,2026-08-21T04:15:00Z,2026-08-21T06:15:00+0200,0.121,MW,NL,NL,actual_solar_generation,Solar | Actual Consumption,2026-08-26T03:46:52Z
2026-08-26T03:42:24Z,2026-08-26T05:42:24+0200,e96b9d4a-1054-48fe-90c7-5f4aaf55485c,2026-08-21T04:30:00Z,2026-08-21T06:30:00+0200,3.572,MW,NL,NL,actual_solar_generation,Solar | Actual Aggregated,2026-08-26T03:46:52Z
2026-08-26T03:42:24Z,2026-08-26T05:42:24+0200,e96b9d4a-1054-48fe-90c7-5f4aaf55485c,2026-08-21T04:30:00Z,2026-08-21T06:30:00+0200,0.0,MW,NL,NL,actual_solar_generation,Solar | Actual Consumption,2026-08-26T03:46:52Z
2026-08-26T03:42:24Z,2026-08-26T05:42:24+0200,e96b9d4a-1054-48fe-90c7-5f4aaf55485c,2026-08-21T04:45:00Z,2026-08-21T06:45:00+0200,5.767,MW,NL,NL,actual_solar_generation,Solar | Actual Aggregated,2026-08-26T03:46:52Z
2026-08-26T03:42:24Z,2026-08-26T05:42:24+0200,e96b9d4a-1054-48fe-90c7-5f4aaf55485c,2026-08-21T04:45:00Z,2026-08-21T06:45:00+0200,0.0,MW,NL,NL,actual_solar_generation,Solar | Actual Consumption,2026-08-26T03:46:52Z
2026-08-26T03:42:24Z,2026-08-26T05:42:24+0200,e96b9d4a-1054-48fe-90c7-5f4aaf55485c,2026-08-21T05:00:00Z,2026-08-21T07:00:00+0200,9.404,MW,NL,NL,actual_solar_generation,Solar | Actual Aggregated,2026-08-26T03:46:52Z
2026-08-26T03:42:24Z,2026-08-26T05:42:24+0200,e96b9d4a-1054-48fe-90c7-5f4aaf55485c,2026-08-21T05:00:00Z,2026-08-21T07:00:00+0200,0.0,MW,NL,NL,actual_solar_generation,Solar | Actual Consumption,2026-08-26T03:46:52Z
2026-08-26T03:42:24Z,2026-08-26T05:42:24+0200,e96b9d4a-1054-48fe-90c7-5f4aaf55485c,2026-08-21T05:15:00Z,2026-08-21T07:15:00+0200,15.381,MW,NL,NL,actual_solar_generation,Solar | Actual Aggregated,2026-08-26T03:46:52Z
2026-08-26T03:42:24Z,2026-08-26T05:42:24+0200,e96b9d4a-1054-48fe-90c7-5f4aaf55485c,2026-08-21T05:15:00Z,2026-08-21T07:15:00+0200,0.0,MW,NL,NL,actual_solar_generation,Solar | Actual Consumption,2026-08-26T03:46:52Z
2026-08-26T03:42:24Z,2026-08-26T05:42:24+0200,e96b9d4a-1054-48fe-90c7-5f4aaf55485c,2026-08-21T05:30:00Z,2026-08-21T07:30:00+0200,23.722,MW,NL,NL,actual_solar_generation,Solar | Actual Aggregated,2026-08-26T03:46:52Z
2026-08-26T03:42:24Z,2026-08-26T05:42:24+0200,e96b9d4a-1054-48fe-90c7-5f4aaf55485c,2026-08-21T05:30:00Z,2026-08-21T07:30:00+0200,0.0,MW,NL,NL,actual_solar_generation,Solar | Actual Consumption,2026-08-26T03:46:52Z
2026-08-26T03:42:24Z,2026-08-26T05:42:24+0200,e96b9d4a-1054-48fe-90c7-5f4aaf55485c,2026-08-21T05:45:00Z,2026-08-21T07:45:00+0200,37.424,MW,NL,NL,actual_solar_generation,Solar | Actual Aggregated,2026-08-26T03:46:52Z
2026-08-26T03:42:24Z,2026-08-26T05:42:24+0200,e96b9d4a-1054-48fe-90c7-5f4aaf55485c,2026-08-21T05:45:00Z,2026-08-21T07:45:00+0200,0.0,MW,NL,NL,actual_solar_generation,Solar | Actual Consumption,2026-08-26T03:46:52Z
2026-08-26T03:42:24Z,2026-08-26T05:42:24+0200,e96b9d4a-1054-48fe-90c7-5f4aaf55485c,2026-08-21T06:00:00Z,2026-08-21T08:00:00+0200,48.332,MW,NL,NL,actual_solar_generation,Solar | Actual Aggregated,2026-08-26T03:46:52Z
2026-08-26T03:42:24Z,2026-08-26T05:42:24+0200,e96b9d4a-1054-48fe-90c7-5f4aaf55485c,2026-08-21T06:00:00Z,2026-08-21T08:00:00+0200,0.0,MW,NL,NL,actual_solar_generation,Solar | Actual Consumption,2026-08-26T03:46:52Z
2026-08-26T03:42:24Z,2026-08-26T05:42:24+0200,e96b9d4a-1054-48fe-90c7-5f4aaf55485c,2026-08-21T06:15:00Z,2026-08-21T08:15:00+0200,61.352,MW,NL,NL,actual_solar_generation,Solar | Actual Aggregated,2026-08-26T03:46:52Z
2026-08-26T03:42:24Z,2026-08-26T05:42:24+0200,e96b9d4a-1054-48fe-90c7-5f4aaf55485c,2026-08-21T06:15:00Z,2026-08-21T08:15:00+0200,0.0,MW,NL,NL,actual_solar_generation,Solar | Actual Consumption,2026-08-26T03:46:52Z
2026-08-26T03:42:24Z,2026-08-26T05:42:24+0200,e96b9d4a-1054-48fe-90c7-5f4aaf55485c,2026-08-21T06:30:00Z,2026-08-21T08:30:00+0200,76.977,MW,NL,NL,actual_solar_generation,Solar | Actual Aggregated,2026-08-26T03:46:52Z
2026-08-26T03:42:24Z,2026-08-26T05:42:24+0200,e96b9d4a-1054-48fe-90c7-5f4aaf55485c,2026-08-21T06:30:00Z,2026-08-21T08:30:00+0200,0.0,MW,NL,NL,actual_solar_generation,Solar | Actual Consumption,2026-08-26T03:46:52Z
2026-08-26T03:42:24Z,2026-08-26T05:42:24+0200,e96b9d4a-1054-48fe-90c7-5f4aaf55485c,2026-08-21T06:45:00Z,2026-08-21T08:45:00+0200,94.463,MW,NL,NL,actual_solar_generation,Solar | Actual Aggregated,2026-08-26T03:46:52Z
2026-08-26T03:42:24Z,2026-08-26T05:42:24+0200,e96b9d4a-1054-48fe-90c7-5f4aaf55485c,2026-08-21T06:45:00Z,2026-08-21T08:45:00+0200,0.0,MW,NL,NL,actual_solar_generation,Solar | Actual Consumption,2026-08-26T03:46:52Z
2026-08-26T03:42:24Z,2026-08-26T05:42:24+0200,e96b9d4a-1054-48fe-90c7-5f4aaf55485c,2026-08-21T07:00:00Z,2026-08-21T09:00:00+0200,102.27,MW,NL,NL,actual_solar_generation,Solar | Actual Aggregated,2026-08-26T03:46:52Z
2026-08-26T03:42:24Z,2026-08-26T05:42:24+0200,e96b9d4a-1054-48fe-90c7-5f4aaf55485c,2026-08-21T07:00:00Z,2026-08-21T09:00:00+0200,0.0,MW,NL,NL,actual_solar_generation,Solar | Actual Consumption,2026-08-26T03:46:52Z
2026-08-26T03:42:24Z,2026-08-26T05:42:24+0200,e96b9d4a-1054-48fe-90c7-5f4aaf55485c,2026-08-21T07:15:00Z,2026-08-21T09:15:00+0200,104.933,MW,NL,NL,actual_solar_generation,Solar | Actual Aggregated,2026-08-26T03:46:52Z
2026-08-26T03:42:24Z,2026-08-26T05:42:24+0200,e96b9d4a-1054-48fe-90c7-5f4aaf55485c,2026-08-21T07:15:00Z,2026-08-21T09:15:00+0200,0.0,MW,NL,NL,actual_solar_generation,Solar | Actual Consumption,2026-08-26T03:46:52Z
2026-08-26T03:42:24Z,2026-08-26T05:42:24+0200,e96b9d4a-1054-48fe-90c7-5f4aaf55485c,2026-08-21T07:30:00Z,2026-08-21T09:30:00+0200,119.142,MW,NL,NL,actual_solar_generation,Solar | Actual Aggregated,2026-08-26T03:46:52Z
2026-08-26T03:42:24Z,2026-08-26T05:42:24+0200,e96b9d4a-1054-48fe-90c7-5f4aaf55485c,2026-08-21T07:30:00Z,2026-08-21T09:30:00+0200,0.0,MW,NL,NL,actual_solar_generation,Solar | Actual Consumption,2026-08-26T03:46:52Z
2026-08-26T03:42:24Z,2026-08-26T05:42:24+0200,e96b9d4a-1054-48fe-90c7-5f4aaf55485c,2026-08-21T07:45:00Z,2026-08-21T09:45:00+0200,117.904,MW,NL,NL,actual_solar_generation,Solar | Actual Aggregated,2026-08-26T03:46:52Z
2026-08-26T03:42:24Z,2026-08-26T05:42:24+0200,e96b9d4a-1054-48fe-90c7-5f4aaf55485c,2026-08-21T07:45:00Z,2026-08-21T09:45:00+0200,0.0,MW,NL,NL,actual_solar_generation,Solar | Actual Consumption,2026-08-26T03:46:52Z
2026-08-26T03:42:24Z,2026-08-26T05:42:24+0200,e96b9d4a-1054-48fe-90c7-5f4aaf55485c,2026-08-21T08:00:00Z,2026-08-21T10:00:00+0200,114.29,MW,NL,NL,actual_solar_generation,Solar | Actual Aggregated,2026-08-26T03:46:52Z
2026-08-26T03:42:24Z,2026-08-26T05:42:24+0200,e96b9d4a-1054-48fe-90c7-5f4aaf55485c,2026-08-21T08:00:00Z,2026-08-21T10:00:00+0200,0.0,MW,NL,NL,actual_solar_generation,Solar | Actual Consumption,2026-08-26T03:46:52Z
2026-08-26T03:42:24Z,2026-08-26T05:42:24+0200,e96b9d4a-1054-48fe-90c7-5f4aaf55485c,2026-08-21T08:15:00Z,2026-08-21T10:15:00+0200,114.586,MW,NL,NL,actual_solar_generation,Solar | Actual Aggregated,2026-08-26T03:46:52Z
2026-08-26T03:42:24Z,2026-08-26T05:42:24+0200,e96b9d4a-1054-48fe-90c7-5f4aaf55485c,2026-08-21T08:15:00Z,2026-08-21T10:15:00+0200,0.0,MW,NL,NL,actual_solar_generation,Solar | Actual Consumption,2026-08-26T03:46:52Z
2026-08-26T03:42:24Z,2026-08-26T05:42:24+0200,e96b9d4a-1054-48fe-90c7-5f4aaf55485c,2026-08-21T08:30:00Z,2026-08-21T10:30:00+0200,111.115,MW,NL,NL,actual_solar_generation,Solar | Actual Aggregated,2026-08-26T03:46:52Z
2026-08-26T03:42:24Z,2026-08-26T05:42:24+0200,e96b9d4a-1054-48fe-90c7-5f4aaf55485c,2026-08-21T08:30:00Z,2026-08-21T10:30:00+0200,0.0,MW,NL,NL,actual_solar_generation,Solar | Actual Consumption,2026-08-26T03:46:52Z
2026-08-26T03:42:24Z,2026-08-26T05:42:24+0200,e96b9d4a-1054-48fe-90c7-5f4aaf55485c,2026-08-21T08:45:00Z,2026-08-21T10:45:00+0200,135.651,MW,NL,NL,actual_solar_generation,Solar | Actual Aggregated,2026-08-26T03:46:52Z
2026-08-26T03:42:24Z,2026-08-26T05:42:24+0200,e96b9d4a-1054-48fe-90c7-5f4aaf55485c,2026-08-21T08:45:00Z,2026-08-21T10:45:00+0200,0.0,MW,NL,NL,actual_solar_generation,Solar | Actual Consumption,2026-08-26T03:46:52Z
2026-08-26T03:42:24Z,2026-08-26T05:42:24+0200,e96b9d4a-1054-48fe-90c7-5f4aaf55485c,2026-08-21T09:00:00Z,2026-08-21T11:00:00+0200,125.421,MW,NL,NL,actual_solar_generation,Solar | Actual Aggregated,2026-08-26T03:46:52Z
2026-08-26T03:42:24Z,2026-08-26T05:42:24+0200,e96b9d4a-1054-48fe-90c7-5f4aaf55485c,2026-08-21T09:00:00Z,2026-08-21T11:00:00+0200,0.0,MW,NL,NL,actual_solar_generation,Solar | Actual Consumption,2026-08-26T03:46:52Z
2026-08-26T03:42:24Z,2026-08-26T05:42:24+0200,e96b9d4a-1054-48fe-90c7-5f4aaf55485c,2026-08-21T09:15:00Z,2026-08-21T11:15:00+0200,157.115,MW,NL,NL,actual_solar_generation,Solar | Actual Aggregated,2026-08-26T03:46:52Z
2026-08-26T03:42:24Z,2026-08-26T05:42:24+0200,e96b9d4a-1054-48fe-90c7-5f4aaf55485c,2026-08-21T09:15:00Z,2026-08-21T11:15:00+0200,0.0,MW,NL,NL,actual_solar_generation,Solar | Actual Consumption,2026-08-26T03:46:52Z
2026-08-26T03:42:24Z,2026-08-26T05:42:24+0200,e96b9d4a-1054-48fe-90c7-5f4aaf55485c,2026-08-21T09:30:00Z,2026-08-21T11:30:00+0200,63.038,MW,NL,NL,actual_solar_generation,Solar | Actual Aggregated,2026-08-26T03:46:52Z
2026-08-26T03:42:24Z,2026-08-26T05:42:24+0200,e96b9d4a-1054-48fe-90c7-5f4aaf55485c,2026-08-21T09:30:00Z,2026-08-21T11:30:00+0200,0.0,MW,NL,NL,actual_solar_generation,Solar | Actual Consumption,2026-08-26T03:46:52Z
2026-08-26T03:42:24Z,2026-08-26T05:42:24+0200,e96b9d4a-1054-48fe-90c7-5f4aaf55485c,2026-08-21T09:45:00Z,2026-08-21T11:45:00+0200,58.594,MW,NL,NL,actual_solar_generation,Solar | Actual Aggregated,2026-08-26T03:46:52Z
2026-08-26T03:42:24Z,2026-08-26T05:42:24+0200,e96b9d4a-1054-48fe-90c7-5f4aaf55485c,2026-08-21T09:45:00Z,2026-08-21T11:45:00+0200,0.0,MW,NL,NL,actual_solar_generation,Solar | Actual Consumption,2026-08-26T03:46:52Z
2026-08-26T03:42:24Z,2026-08-26T05:42:24+0200,e96b9d4a-1054-48fe-90c7-5f4aaf55485c,2026-08-21T10:00:00Z,2026-08-21T12:00:00+0200,90.29,MW,NL,NL,actual_solar_generation,Solar | Actual Aggregated,2026-08-26T03:46:52Z
2026-08-26T03:42:24Z,2026-08-26T05:42:24+0200,e96b9d4a-1054-48fe-90c7-5f4aaf55485c,2026-08-21T10:00:00Z,2026-08-21T12:00:00+0200,0.0,MW,NL,NL,actual_solar_generation,Solar | Actual Consumption,2026-08-26T03:46:52Z
2026-08-26T03:42:24Z,2026-08-26T05:42:24+0200,e96b9d4a-1054-48fe-90c7-5f4aaf55485c,2026-08-21T10:15:00Z,2026-08-21T12:15:00+0200,150.421,MW,NL,NL,actual_solar_generation,Solar | Actual Aggregated,2026-08-26T03:46:52Z
2026-08-26T03:42:24Z,2026-08-26T05:42:24+0200,e96b9d4a-1054-48fe-90c7-5f4aaf55485c,2026-08-21T10:15:00Z,2026-08-21T12:15:00+0200,0.0,MW,NL,NL,actual_solar_generation,Solar | Actual Consumption,2026-08-26T03:46:52Z
2026-08-26T03:42:24Z,2026-08-26T05:42:24+0200,e96b9d4a-1054-48fe-90c7-5f4aaf55485c,2026-08-21T10:30:00Z,2026-08-21T12:30:00+0200,100.475,MW,NL,NL,actual_solar_generation,Solar | Actual Aggregated,2026-08-26T03:46:52Z
2026-08-26T03:42:24Z,2026-08-26T05:42:24+0200,e96b9d4a-1054-48fe-90c7-5f4aaf55485c,2026-08-21T10:30:00Z,2026-08-21T12:30:00+0200,0.0,MW,NL,NL,actual_solar_generation,Solar | Actual Consumption,2026-08-26T03:46:52Z
2026-08-26T03:42:24Z,2026-08-26T05:42:24+0200,e96b9d4a-1054-48fe-90c7-5f4aaf55485c,2026-08-21T10:45:00Z,2026-08-21T12:45:00+0200,79.541,MW,NL,NL,actual_solar_generation,Solar | Actual Aggregated,2026-08-26T03:46:52Z
2026-08-26T03:42:24Z,2026-08-26T05:42:24+0200,e96b9d4a-1054-48fe-90c7-5f4aaf55485c,2026-08-21T10:45:00Z,2026-08-21T12:45:00+0200,0.0,MW,NL,NL,actual_solar_generation,Solar | Actual Consumption,2026-08-26T03:46:52Z
2026-08-26T03:42:24Z,2026-08-26T05:42:24+0200,e96b9d4a-1054-48fe-90c7-5f4aaf55485c,2026-08-21T11:00:00Z,2026-08-21T13:00:00+0200,110.777,MW,NL,NL,actual_solar_generation,Solar | Actual Aggregated,2026-08-26T03:46:52Z
2026-08-26T03:42:24Z,2026-08-26T05:42:24+0200,e96b9d4a-1054-48fe-90c7-5f4aaf55485c,2026-08-21T11:00:00Z,2026-08-21T13:00:00+0200,0.0,MW,NL,NL,actual_solar_generation,Solar | Actual Consumption,2026-08-26T03:46:52Z
2026-08-26T03:42:24Z,2026-08-26T05:42:24+0200,e96b9d4a-1054-48fe-90c7-5f4aaf55485c,2026-08-21T11:15:00Z,2026-08-21T13:15:00+0200,147.936,MW,NL,NL,actual_solar_generation,Solar | Actual Aggregated,2026-08-26T03:46:52Z
2026-08-26T03:42:24Z,2026-08-26T05:42:24+0200,e96b9d4a-1054-48fe-90c7-5f4aaf55485c,2026-08-21T11:15:00Z,2026-08-21T13:15:00+0200,0.0,MW,NL,NL,actual_solar_generation,Solar | Actual Consumption,2026-08-26T03:46:52Z
2026-08-26T03:42:24Z,2026-08-26T05:42:24+0200,e96b9d4a-1054-48fe-90c7-5f4aaf55485c,2026-08-21T11:30:00Z,2026-08-21T13:30:00+0200,129.888,MW,NL,NL,actual_solar_generation,Solar | Actual Aggregated,2026-08-26T03:46:52Z
2026-08-26T03:42:24Z,2026-08-26T05:42:24+0200,e96b9d4a-1054-48fe-90c7-5f4aaf55485c,2026-08-21T11:30:00Z,2026-08-21T13:30:00+0200,0.0,MW,NL,NL,actual_solar_generation,Solar | Actual Consumption,2026-08-26T03:46:52Z
2026-08-26T03:42:24Z,2026-08-26T05:42:24+0200,e96b9d4a-1054-48fe-90c7-5f4aaf55485c,2026-08-21T11:45:00Z,2026-08-21T13:45:00+0200,107.045,MW,NL,NL,actual_solar_generation,Solar | Actual Aggregated,2026-08-26T03:46:52Z
2026-08-26T03:42:24Z,2026-08-26T05:42:24+0200,e96b9d4a-1054-48fe-90c7-5f4aaf55485c,2026-08-21T11:45:00Z,2026-08-21T13:45:00+0200,0.0,MW,NL,NL,actual_solar_generation,Solar | Actual Consumption,2026-08-26T03:46:52Z
2026-08-26T03:42:24Z,2026-08-26T05:42:24+0200,e96b9d4a-1054-48fe-90c7-5f4aaf55485c,2026-08-21T12:00:00Z,2026-08-21T14:00:00+0200,93.803,MW,NL,NL,actual_solar_generation,Solar | Actual Aggregated,2026-08-26T03:46:52Z
2026-08-26T03:42:24Z,2026-08-26T05:42:24+0200,e96b9d4a-1054-48fe-90c7-5f4aaf55485c,2026-08-21T12:00:00Z,2026-08-21T14:00:00+0200,0.0,MW,NL,NL,actual_solar_generation,Solar | Actual Consumption,2026-08-26T03:46:52Z
2026-08-26T03:42:24Z,2026-08-26T05:42:24+0200,e96b9d4a-1054-48fe-90c7-5f4aaf55485c,2026-08-21T12:15:00Z,2026-08-21T14:15:00+0200,139.826,MW,NL,NL,actual_solar_generation,Solar | Actual Aggregated,2026-08-26T03:46:52Z
2026-08-26T03:42:24Z,2026-08-26T05:42:24+0200,e96b9d4a-1054-48fe-90c7-5f4aaf55485c,2026-08-21T12:15:00Z,2026-08-21T14:15:00+0200,0.0,MW,NL,NL,actual_solar_generation,Solar | Actual Consumption,2026-08-26T03:46:52Z
2026-08-26T03:42:24Z,2026-08-26T05:42:24+0200,e96b9d4a-1054-48fe-90c7-5f4aaf55485c,2026-08-21T12:30:00Z,2026-08-21T14:30:00+0200,119.789,MW,NL,NL,actual_solar_generation,Solar | Actual Aggregated,2026-08-26T03:46:52Z
2026-08-26T03:42:24Z,2026-08-26T05:42:24+0200,e96b9d4a-1054-48fe-90c7-5f4aaf55485c,2026-08-21T12:30:00Z,2026-08-21T14:30:00+0200,0.0,MW,NL,NL,actual_solar_generation,Solar | Actual Consumption,2026-08-26T03:46:52Z
2026-08-26T03:42:24Z,2026-08-26T05:42:24+0200,e96b9d4a-1054-48fe-90c7-5f4aaf55485c,2026-08-21T12:45:00Z,2026-08-21T14:45:00+0200,122.552,MW,NL,NL,actual_solar_generation,Solar | Actual Aggregated,2026-08-26T03:46:52Z
2026-08-26T03:42:24Z,2026-08-26T05:42:24+0200,e96b9d4a-1054-48fe-90c7-5f4aaf55485c,2026-08-21T12:45:00Z,2026-08-21T14:45:00+0200,0.0,MW,NL,NL,actual_solar_generation,Solar | Actual Consumption,2026-08-26T03:46:52Z
2026-08-26T03:42:24Z,2026-08-26T05:42:24+0200,e96b9d4a-1054-48fe-90c7-5f4aaf55485c,2026-08-21T13:00:00Z,2026-08-21T15:00:00+0200,133.494,MW,NL,NL,actual_solar_generation,Solar | Actual Aggregated,2026-08-26T03:46:52Z
2026-08-26T03:42:24Z,2026-08-26T05:42:24+0200,e96b9d4a-1054-48fe-90c7-5f4aaf55485c,2026-08-21T13:00:00Z,2026-08-21T15:00:00+0200,0.0,MW,NL,NL,actual_solar_generation,Solar | Actual Consumption,2026-08-26T03:46:52Z
2026-08-26T03:42:24Z,2026-08-26T05:42:24+0200,e96b9d4a-1054-48fe-90c7-5f4aaf55485c,2026-08-21T13:15:00Z,2026-08-21T15:15:00+0200,136.12,MW,NL,NL,actual_solar_generation,Solar | Actual Aggregated,2026-08-26T03:46:52Z
2026-08-26T03:42:24Z,2026-08-26T05:42:24+0200,e96b9d4a-1054-48fe-90c7-5f4aaf55485c,2026-08-21T13:15:00Z,2026-08-21T15:15:00+0200,0.0,MW,NL,NL,actual_solar_generation,Solar | Actual Consumption,2026-08-26T03:46:52Z
2026-08-26T03:42:24Z,2026-08-26T05:42:24+0200,e96b9d4a-1054-48fe-90c7-5f4aaf55485c,2026-08-21T13:30:00Z,2026-08-21T15:30:00+0200,110.518,MW,NL,NL,actual_solar_generation,Solar | Actual Aggregated,2026-08-26T03:46:52Z
2026-08-26T03:42:24Z,2026-08-26T05:42:24+0200,e96b9d4a-1054-48fe-90c7-5f4aaf55485c,2026-08-21T13:30:00Z,2026-08-21T15:30:00+0200,0.0,MW,NL,NL,actual_solar_generation,Solar | Actual Consumption,2026-08-26T03:46:52Z
2026-08-26T03:42:24Z,2026-08-26T05:42:24+0200,e96b9d4a-1054-48fe-90c7-5f4aaf55485c,2026-08-21T13:45:00Z,2026-08-21T15:45:00+0200,89.696,MW,NL,NL,actual_solar_generation,Solar | Actual Aggregated,2026-08-26T03:46:52Z
2026-08-26T03:42:24Z,2026-08-26T05:42:24+0200,e96b9d4a-1054-48fe-90c7-5f4aaf55485c,2026-08-21T13:45:00Z,2026-08-21T15:45:00+0200,0.0,MW,NL,NL,actual_solar_generation,Solar | Actual Consumption,2026-08-26T03:46:52Z
2026-08-26T03:42:24Z,2026-08-26T05:42:24+0200,e96b9d4a-1054-48fe-90c7-5f4aaf55485c,2026-08-21T14:00:00Z,2026-08-21T16:00:00+0200,83.794,MW,NL,NL,actual_solar_generation,Solar | Actual Aggregated,2026-08-26T03:46:52Z
2026-08-26T03:42:24Z,2026-08-26T05:42:24+0200,e96b9d4a-1054-48fe-90c7-5f4aaf55485c,2026-08-21T14:00:00Z,2026-08-21T16:00:00+0200,0.0,MW,NL,NL,actual_solar_generation,Solar | Actual Consumption,2026-08-26T03:46:52Z
2026-08-26T03:42:24Z,2026-08-26T05:42:24+0200,e96b9d4a-1054-48fe-90c7-5f4aaf55485c,2026-08-21T14:15:00Z,2026-08-21T16:15:00+0200,73.898,MW,NL,NL,actual_solar_generation,Solar | Actual Aggregated,2026-08-26T03:46:52Z
2026-08-26T03:42:24Z,2026-08-26T05:42:24+0200,e96b9d4a-1054-48fe-90c7-5f4aaf55485c,2026-08-21T14:15:00Z,2026-08-21T16:15:00+0200,0.0,MW,NL,NL,actual_solar_generation,Solar | Actual Consumption,2026-08-26T03:46:52Z
2026-08-26T03:42:24Z,2026-08-26T05:42:24+0200,e96b9d4a-1054-48fe-90c7-5f4aaf55485c,2026-08-21T14:30:00Z,2026-08-21T16:30:00+0200,96.254,MW,NL,NL,actual_solar_generation,Solar | Actual Aggregated,2026-08-26T03:46:52Z
2026-08-26T03:42:24Z,2026-08-26T05:42:24+0200,e96b9d4a-1054-48fe-90c7-5f4aaf55485c,2026-08-21T14:30:00Z,2026-08-21T16:30:00+0200,0.0,MW,NL,NL,actual_solar_generation,Solar | Actual Consumption,2026-08-26T03:46:52Z
2026-08-26T03:42:24Z,2026-08-26T05:42:24+0200,e96b9d4a-1054-48fe-90c7-5f4aaf55485c,2026-08-21T14:45:00Z,2026-08-21T16:45:00+0200,113.376,MW,NL,NL,actual_solar_generation,Solar | Actual Aggregated,2026-08-26T03:46:52Z
2026-08-26T03:42:24Z,2026-08-26T05:42:24+0200,e96b9d4a-1054-48fe-90c7-5f4aaf55485c,2026-08-21T14:45:00Z,2026-08-21T16:45:00+0200,0.0,MW,NL,NL,actual_solar_generation,Solar | Actual Consumption,2026-08-26T03:46:52Z
2026-08-26T03:42:24Z,2026-08-26T05:42:24+0200,e96b9d4a-1054-48fe-90c7-5f4aaf55485c,2026-08-21T15:00:00Z,2026-08-21T17:00:00+0200,120.16,MW,NL,NL,actual_solar_generation,Solar | Actual Aggregated,2026-08-26T03:46:52Z
2026-08-26T03:42:24Z,2026-08-26T05:42:24+0200,e96b9d4a-1054-48fe-90c7-5f4aaf55485c,2026-08-21T15:00:00Z,2026-08-21T17:00:00+0200,0.0,MW,NL,NL,actual_solar_generation,Solar | Actual Consumption,2026-08-26T03:46:52Z
2026-08-26T03:42:24Z,2026-08-26T05:42:24+0200,e96b9d4a-1054-48fe-90c7-5f4aaf55485c,2026-08-21T15:15:00Z,2026-08-21T17:15:00+0200,108.19,MW,NL,NL,actual_solar_generation,Solar | Actual Aggregated,2026-08-26T03:46:52Z
2026-08-26T03:42:24Z,2026-08-26T05:42:24+0200,e96b9d4a-1054-48fe-90c7-5f4aaf55485c,2026-08-21T15:15:00Z,2026-08-21T17:15:00+0200,0.0,MW,NL,NL,actual_solar_generation,Solar | Actual Consumption,2026-08-26T03:46:52Z
2026-08-26T03:42:24Z,2026-08-26T05:42:24+0200,e96b9d4a-1054-48fe-90c7-5f4aaf55485c,2026-08-21T15:30:00Z,2026-08-21T17:30:00+0200,124.353,MW,NL,NL,actual_solar_generation,Solar | Actual Aggregated,2026-08-26T03:46:52Z
2026-08-26T03:42:24Z,2026-08-26T05:42:24+0200,e96b9d4a-1054-48fe-90c7-5f4aaf55485c,2026-08-21T15:30:00Z,2026-08-21T17:30:00+0200,0.0,MW,NL,NL,actual_solar_generation,Solar | Actual Consumption,2026-08-26T03:46:52Z
2026-08-26T03:42:24Z,2026-08-26T05:42:24+0200,e96b9d4a-1054-48fe-90c7-5f4aaf55485c,2026-08-21T15:45:00Z,2026-08-21T17:45:00+0200,125.342,MW,NL,NL,actual_solar_generation,Solar | Actual Aggregated,2026-08-26T03:46:52Z
2026-08-26T03:42:24Z,2026-08-26T05:42:24+0200,e96b9d4a-1054-48fe-90c7-5f4aaf55485c,2026-08-21T15:45:00Z,2026-08-21T17:45:00+0200,0.0,MW,NL,NL,actual_solar_generation,Solar | Actual Consumption,2026-08-26T03:46:52Z
2026-08-26T03:42:24Z,2026-08-26T05:42:24+0200,e96b9d4a-1054-48fe-90c7-5f4aaf55485c,2026-08-21T16:00:00Z,2026-08-21T18:00:00+0200,83.538,MW,NL,NL,actual_solar_generation,Solar | Actual Aggregated,2026-08-26T03:46:52Z
2026-08-26T03:42:24Z,2026-08-26T05:42:24+0200,e96b9d4a-1054-48fe-90c7-5f4aaf55485c,2026-08-21T16:00:00Z,2026-08-21T18:00:00+0200,0.0,MW,NL,NL,actual_solar_generation,Solar | Actual Consumption,2026-08-26T03:46:52Z
2026-08-26T03:42:24Z,2026-08-26T05:42:24+0200,e96b9d4a-1054-48fe-90c7-5f4aaf55485c,2026-08-21T16:15:00Z,2026-08-21T18:15:00+0200,95.653,MW,NL,NL,actual_solar_generation,Solar | Actual Aggregated,2026-08-26T03:46:52Z
2026-08-26T03:42:24Z,2026-08-26T05:42:24+0200,e96b9d4a-1054-48fe-90c7-5f4aaf55485c,2026-08-21T16:15:00Z,2026-08-21T18:15:00+0200,0.0,MW,NL,NL,actual_solar_generation,Solar | Actual Consumption,2026-08-26T03:46:52Z
2026-08-26T03:42:24Z,2026-08-26T05:42:24+0200,e96b9d4a-1054-48fe-90c7-5f4aaf55485c,2026-08-21T16:30:00Z,2026-08-21T18:30:00+0200,73.853,MW,NL,NL,actual_solar_generation,Solar | Actual Aggregated,2026-08-26T03:46:52Z
2026-08-26T03:42:24Z,2026-08-26T05:42:24+0200,e96b9d4a-1054-48fe-90c7-5f4aaf55485c,2026-08-21T16:30:00Z,2026-08-21T18:30:00+0200,0.0,MW,NL,NL,actual_solar_generation,Solar | Actual Consumption,2026-08-26T03:46:52Z
2026-08-26T03:42:24Z,2026-08-26T05:42:24+0200,e96b9d4a-1054-48fe-90c7-5f4aaf55485c,2026-08-21T16:45:00Z,2026-08-21T18:45:00+0200,61.306,MW,NL,NL,actual_solar_generation,Solar | Actual Aggregated,2026-08-26T03:46:52Z
2026-08-26T03:42:24Z,2026-08-26T05:42:24+0200,e96b9d4a-1054-48fe-90c7-5f4aaf55485c,2026-08-21T16:45:00Z,2026-08-21T18:45:00+0200,0.0,MW,NL,NL,actual_solar_generation,Solar | Actual Consumption,2026-08-26T03:46:52Z
2026-08-26T03:42:24Z,2026-08-26T05:42:24+0200,e96b9d4a-1054-48fe-90c7-5f4aaf55485c,2026-08-21T17:00:00Z,2026-08-21T19:00:00+0200,40.88,MW,NL,NL,actual_solar_generation,Solar | Actual Aggregated,2026-08-26T03:46:52Z
2026-08-26T03:42:24Z,2026-08-26T05:42:24+0200,e96b9d4a-1054-48fe-90c7-5f4aaf55485c,2026-08-21T17:00:00Z,2026-08-21T19:00:00+0200,0.0,MW,NL,NL,actual_solar_generation,Solar | Actual Consumption,2026-08-26T03:46:52Z
2026-08-26T03:42:24Z,2026-08-26T05:42:24+0200,e96b9d4a-1054-48fe-90c7-5f4aaf55485c,2026-08-21T17:15:00Z,2026-08-21T19:15:00+0200,25.422,MW,NL,NL,actual_solar_generation,Solar | Actual Aggregated,2026-08-26T03:46:52Z
2026-08-26T03:42:24Z,2026-08-26T05:42:24+0200,e96b9d4a-1054-48fe-90c7-5f4aaf55485c,2026-08-21T17:15:00Z,2026-08-21T19:15:00+0200,0.0,MW,NL,NL,actual_solar_generation,Solar | Actual Consumption,2026-08-26T03:46:52Z
2026-08-26T03:42:24Z,2026-08-26T05:42:24+0200,e96b9d4a-1054-48fe-90c7-5f4aaf55485c,2026-08-21T17:30:00Z,2026-08-21T19:30:00+0200,19.201,MW,NL,NL,actual_solar_generation,Solar | Actual Aggregated,2026-08-26T03:46:52Z
2026-08-26T03:42:24Z,2026-08-26T05:42:24+0200,e96b9d4a-1054-48fe-90c7-5f4aaf55485c,2026-08-21T17:30:00Z,2026-08-21T19:30:00+0200,0.0,MW,NL,NL,actual_solar_generation,Solar | Actual Consumption,2026-08-26T03:46:52Z
2026-08-26T03:42:24Z,2026-08-26T05:42:24+0200,e96b9d4a-1054-48fe-90c7-5f4aaf55485c,2026-08-21T17:45:00Z,2026-08-21T19:45:00+0200,10.292,MW,NL,NL,actual_solar_generation,Solar | Actual Aggregated,2026-08-26T03:46:52Z
2026-08-26T03:42:24Z,2026-08-26T05:42:24+0200,e96b9d4a-1054-48fe-90c7-5f4aaf55485c,2026-08-21T17:45:00Z,2026-08-21T19:45:00+0200,0.0,MW,NL,NL,actual_solar_generation,Solar | Actual Consumption,2026-08-26T03:46:52Z
2026-08-26T03:42:24Z,2026-08-26T05:42:24+0200,e96b9d4a-1054-48fe-90c7-5f4aaf55485c,2026-08-21T18:00:00Z,2026-08-21T20:00:00+0200,6.294,MW,NL,NL,actual_solar_generation,Solar | Actual Aggregated,2026-08-26T03:46:52Z
2026-08-26T03:42:24Z,2026-08-26T05:42:24+0200,e96b9d4a-1054-48fe-90c7-5f4aaf55485c,2026-08-21T18:00:00Z,2026-08-21T20:00:00+0200,0.0,MW,NL,NL,actual_solar_generation,Solar | Actual Consumption,2026-08-26T03:46:52Z
2026-08-26T03:42:24Z,2026-08-26T05:42:24+0200,e96b9d4a-1054-48fe-90c7-5f4aaf55485c,2026-08-21T18:15:00Z,2026-08-21T20:15:00+0200,3.546,MW,NL,NL,actual_solar_generation,Solar | Actual Aggregated,2026-08-26T03:46:52Z
2026-08-26T03:42:24Z,2026-08-26T05:42:24+0200,e96b9d4a-1054-48fe-90c7-5f4aaf55485c,2026-08-21T18:15:00Z,2026-08-21T20:15:00+0200,0.0,MW,NL,NL,actual_solar_generation,Solar | Actual Consumption,2026-08-26T03:46:52Z
2026-08-26T03:42:24Z,2026-08-26T05:42:24+0200,e96b9d4a-1054-48fe-90c7-5f4aaf55485c,2026-08-21T18:30:00Z,2026-08-21T20:30:00+0200,1.304,MW,NL,NL,actual_solar_generation,Solar | Actual Aggregated,2026-08-26T03:46:52Z
2026-08-26T03:42:24Z,2026-08-26T05:42:24+0200,e96b9d4a-1054-48fe-90c7-5f4aaf55485c,2026-08-21T18:30:00Z,2026-08-21T20:30:00+0200,0.0,MW,NL,NL,actual_solar_generation,Solar | Actual Consumption,2026-08-26T03:46:52Z
2026-08-26T03:42:24Z,2026-08-26T05:42:24+0200,e96b9d4a-1054-48fe-90c7-5f4aaf55485c,2026-08-21T18:45:00Z,2026-08-21T20:45:00+0200,0.0,MW,NL,NL,actual_solar_generation,Solar | Actual Aggregated,2026-08-26T03:46:52Z
2026-08-26T03:42:24Z,2026-08-26T05:42:24+0200,e96b9d4a-1054-48fe-90c7-5f4aaf55485c,2026-08-21T18:45:00Z,2026-08-21T20:45:00+0200,0.633,MW,NL,NL,actual_solar_generation,Solar | Actual Consumption,2026-08-26T03:46:52Z
2026-08-26T03:42:24Z,2026-08-26T05:42:24+0200,e96b9d4a-1054-48fe-90c7-5f4aaf55485c,2026-08-21T19:00:00Z,2026-08-21T21:00:00+0200,0.0,MW,NL,NL,actual_solar_generation,Solar | Actual Aggregated,2026-08-26T03:46:52Z
2026-08-26T03:42:24Z,2026-08-26T05:42:24+0200,e96b9d4a-1054-48fe-90c7-5f4aaf55485c,2026-08-21T19:00:00Z,2026-08-21T21:00:00+0200,0.13,MW,NL,NL,actual_solar_generation,Solar | Actual Consumption,2026-08-26T03:46:52Z
2026-08-26T03:42:24Z,2026-08-26T05:42:24+0200,e96b9d4a-1054-48fe-90c7-5f4aaf55485c,2026-08-21T19:15:00Z,2026-08-21T21:15:00+0200,0.0,MW,NL,NL,actual_solar_generation,Solar | Actual Aggregated,2026-08-26T03:46:52Z
2026-08-26T03:42:24Z,2026-08-26T05:42:24+0200,e96b9d4a-1054-48fe-90c7-5f4aaf55485c,2026-08-21T19:15:00Z,2026-08-21T21:15:00+0200,0.111,MW,NL,NL,actual_solar_generation,Solar | Actual Consumption,2026-08-26T03:46:52Z
2026-08-26T03:42:24Z,2026-08-26T05:42:24+0200,e96b9d4a-1054-48fe-90c7-5f4aaf55485c,2026-08-21T19:30:00Z,2026-08-21T21:30:00+0200,0.0,MW,NL,NL,actual_solar_generation,Solar | Actual Aggregated,2026-08-26T03:46:52Z
2026-08-26T03:42:24Z,2026-08-26T05:42:24+0200,e96b9d4a-1054-48fe-90c7-5f4aaf55485c,2026-08-21T19:30:00Z,2026-08-21T21:30:00+0200,0.126,MW,NL,NL,actual_solar_generation,Solar | Actual Consumption,2026-08-26T03:46:52Z
2026-08-26T03:42:24Z,2026-08-26T05:42:24+0200,e96b9d4a-1054-48fe-90c7-5f4aaf55485c,2026-08-21T19:45:00Z,2026-08-21T21:45:00+0200,0.0,MW,NL,NL,actual_solar_generation,Solar | Actual Aggregated,2026-08-26T03:46:52Z
2026-08-26T03:42:24Z,2026-08-26T05:42:24+0200,e96b9d4a-1054-48fe-90c7-5f4aaf55485c,2026-08-21T19:45:00Z,2026-08-21T21:45:00+0200,0.126,MW,NL,NL,actual_solar_generation,Solar | Actual Consumption,2026-08-26T03:46:52Z
2026-08-26T03:42:24Z,2026-08-26T05:42:24+0200,e96b9d4a-1054-48fe-90c7-5f4aaf55485c,2026-08-21T20:00:00Z,2026-08-21T22:00:00+0200,0.0,MW,NL,NL,actual_solar_generation,Solar | Actual Aggregated,2026-08-26T03:46:52Z
2026-08-26T03:42:24Z,2026-08-26T05:42:24+0200,e96b9d4a-1054-48fe-90c7-5f4aaf55485c,2026-08-21T20:00:00Z,2026-08-21T22:00:00+0200,0.12,MW,NL,NL,actual_solar_generation,Solar | Actual Consumption,2026-08-26T03:46:52Z
2026-08-26T03:42:24Z,2026-08-26T05:42:24+0200,e96b9d4a-1054-48fe-90c7-5f4aaf55485c,2026-08-21T20:15:00Z,2026-08-21T22:15:00+0200,0.0,MW,NL,NL,actual_solar_generation,Solar | Actual Aggregated,2026-08-26T03:46:52Z
2026-08-26T03:42:24Z,2026-08-26T05:42:24+0200,e96b9d4a-1054-48fe-90c7-5f4aaf55485c,2026-08-21T20:15:00Z,2026-08-21T22:15:00+0200,0.113,MW,NL,NL,actual_solar_generation,Solar | Actual Consumption,2026-08-26T03:46:52Z
2026-08-26T03:42:24Z,2026-08-26T05:42:24+0200,e96b9d4a-1054-48fe-90c7-5f4aaf55485c,2026-08-21T20:30:00Z,2026-08-21T22:30:00+0200,0.0,MW,NL,NL,actual_solar_generation,Solar | Actual Aggregated,2026-08-26T03:46:52Z
2026-08-26T03:42:24Z,2026-08-26T05:42:24+0200,e96b9d4a-1054-48fe-90c7-5f4aaf55485c,2026-08-21T20:30:00Z,2026-08-21T22:30:00+0200,0.125,MW,NL,NL,actual_solar_generation,Solar | Actual Consumption,2026-08-26T03:46:52Z
2026-08-26T03:42:24Z,2026-08-26T05:42:24+0200,e96b9d4a-1054-48fe-90c7-5f4aaf55485c,2026-08-21T20:45:00Z,2026-08-21T22:45:00+0200,0.0,MW,NL,NL,actual_solar_generation,Solar | Actual Aggregated,2026-08-26T03:46:52Z
2026-08-26T03:42:24Z,2026-08-26T05:42:24+0200,e96b9d4a-1054-48fe-90c7-5f4aaf55485c,2026-08-21T20:45:00Z,2026-08-21T22:45:00+0200,0.125,MW,NL,NL,actual_solar_generation,Solar | Actual Consumption,2026-08-26T03:46:52Z
2026-08-26T03:42:24Z,2026-08-26T05:42:24+0200,e96b9d4a-1054-48fe-90c7-5f4aaf55485c,2026-08-21T21:00:00Z,2026-08-21T23:00:00+0200,0.0,MW,NL,NL,actual_solar_generation,Solar | Actual Aggregated,2026-08-26T03:46:52Z
2026-08-26T03:42:24Z,2026-08-26T05:42:24+0200,e96b9d4a-1054-48fe-90c7-5f4aaf55485c,2026-08-21T21:00:00Z,2026-08-21T23:00:00+0200,0.125,MW,NL,NL,actual_solar_generation,Solar | Actual Consumption,2026-08-26T03:46:52Z
2026-08-26T03:42:24Z,2026-08-26T05:42:24+0200,e96b9d4a-1054-48fe-90c7-5f4aaf55485c,2026-08-21T21:15:00Z,2026-08-21T23:15:00+0200,0.0,MW,NL,NL,actual_solar_generation,Solar | Actual Aggregated,2026-08-26T03:46:52Z
2026-08-26T03:42:24Z,2026-08-26T05:42:24+0200,e96b9d4a-1054-48fe-90c7-5f4aaf55485c,2026-08-21T21:15:00Z,2026-08-21T23:15:00+0200,0.125,MW,NL,NL,actual_solar_generation,Solar | Actual Consumption,2026-08-26T03:46:52Z
2026-08-26T03:42:24Z,2026-08-26T05:42:24+0200,e96b9d4a-1054-48fe-90c7-5f4aaf55485c,2026-08-21T21:30:00Z,2026-08-21T23:30:00+0200,0.0,MW,NL,NL,actual_solar_generation,Solar | Actual Aggregated,2026-08-26T03:46:52Z
2026-08-26T03:42:24Z,2026-08-26T05:42:24+0200,e96b9d4a-1054-48fe-90c7-5f4aaf55485c,2026-08-21T21:30:00Z,2026-08-21T23:30:00+0200,0.103,MW,NL,NL,actual_solar_generation,Solar | Actual Consumption,2026-08-26T03:46:52Z
2026-08-26T03:42:24Z,2026-08-26T05:42:24+0200,e96b9d4a-1054-48fe-90c7-5f4aaf55485c,2026-08-21T21:45:00Z,2026-08-21T23:45:00+0200,0.0,MW,NL,NL,actual_solar_generation,Solar | Actual Aggregated,2026-08-26T03:46:52Z
2026-08-26T03:42:24Z,2026-08-26T05:42:24+0200,e96b9d4a-1054-48fe-90c7-5f4aaf55485c,2026-08-21T21:45:00Z,2026-08-21T23:45:00+0200,0.12,MW,NL,NL,actual_solar_generation,Solar | Actual Consumption,2026-08-26T03:46:52Z
2026-08-26T03:42:24Z,2026-08-26T05:42:24+0200,e96b9d4a-1054-48fe-90c7-5f4aaf55485c,2026-08-21T22:00:00Z,2026-08-22T00:00:00+0200,0.0,MW,NL,NL,actual_solar_generation,Solar | Actual Aggregated,2026-08-26T03:46:52Z
2026-08-26T03:42:24Z,2026-08-26T05:42:24+0200,e96b9d4a-1054-48fe-90c7-5f4aaf55485c,2026-08-21T22:00:00Z,2026-08-22T00:00:00+0200,0.12,MW,NL,NL,actual_solar_generation,Solar | Actual Consumption,2026-08-26T03:46:52Z
2026-08-26T03:42:24Z,2026-08-26T05:42:24+0200,e96b9d4a-1054-48fe-90c7-5f4aaf55485c,2026-08-21T22:15:00Z,2026-08-22T00:15:00+0200,0.0,MW,NL,NL,actual_solar_generation,Solar | Actual Aggregated,2026-08-26T03:46:52Z
2026-08-26T03:42:24Z,2026-08-26T05:42:24+0200,e96b9d4a-1054-48fe-90c7-5f4aaf55485c,2026-08-21T22:15:00Z,2026-08-22T00:15:00+0200,0.12,MW,NL,NL,actual_solar_generation,Solar | Actual Consumption,2026-08-26T03:46:52Z
2026-08-26T03:42:24Z,2026-08-26T05:42:24+0200,e96b9d4a-1054-48fe-90c7-5f4aaf55485c,2026-08-21T22:30:00Z,2026-08-22T00:30:00+0200,0.0,MW,NL,NL,actual_solar_generation,Solar | Actual Aggregated,2026-08-26T03:46:52Z
2026-08-26T03:42:24Z,2026-08-26T05:42:24+0200,e96b9d4a-1054-48fe-90c7-5f4aaf55485c,2026-08-21T22:30:00Z,2026-08-22T00:30:00+0200,0.12,MW,NL,NL,actual_solar_generation,Solar | Actual Consumption,2026-08-26T03:46:52Z
2026-08-26T03:42:24Z,2026-08-26T05:42:24+0200,e96b9d4a-1054-48fe-90c7-5f4aaf55485c,2026-08-21T22:45:00Z,2026-08-22T00:45:00+0200,0.0,MW,NL,NL,actual_solar_generation,Solar | Actual Aggregated,2026-08-26T03:46:52Z
2026-08-26T03:42:24Z,2026-08-26T05:42:24+0200,e96b9d4a-1054-48fe-90c7-5f4aaf55485c,2026-08-21T22:45:00Z,2026-08-22T00:45:00+0200,0.127,MW,NL,NL,actual_solar_generation,Solar | Actual Consumption,2026-08-26T03:46:52Z
2026-08-26T03:42:24Z,2026-08-26T05:42:24+0200,e96b9d4a-1054-48fe-90c7-5f4aaf55485c,2026-08-21T23:00:00Z,2026-08-22T01:00:00+0200,0.0,MW,NL,NL,actual_solar_generation,Solar | Actual Aggregated,2026-08-26T03:46:52Z
2026-08-26T03:42:24Z,2026-08-26T05:42:24+0200,e96b9d4a-1054-48fe-90c7-5f4aaf55485c,2026-08-21T23:00:00Z,2026-08-22T01:00:00+0200,0.13,MW,NL,NL,actual_solar_generation,Solar | Actual Consumption,2026-08-26T03:46:52Z
2026-08-26T03:42:24Z,2026-08-26T05:42:24+0200,e96b9d4a-1054-48fe-90c7-5f4aaf55485c,2026-08-21T23:15:00Z,2026-08-22T01:15:00+0200,0.0,MW,NL,NL,actual_solar_generation,Solar | Actual Aggregated,2026-08-26T03:46:52Z
2026-08-26T03:42:24Z,2026-08-26T05:42:24+0200,e96b9d4a-1054-48fe-90c7-5f4aaf55485c,2026-08-21T23:15:00Z,2026-08-22T01:15:00+0200,0.121,MW,NL,NL,actual_solar_generation,Solar | Actual Consumption,2026-08-26T03:46:52Z
2026-08-26T03:42:24Z,2026-08-26T05:42:24+0200,e96b9d4a-1054-48fe-90c7-5f4aaf55485c,2026-08-21T23:30:00Z,2026-08-22T01:30:00+0200,0.0,MW,NL,NL,actual_solar_generation,Solar | Actual Aggregated,2026-08-26T03:46:52Z
2026-08-26T03:42:24Z,2026-08-26T05:42:24+0200,e96b9d4a-1054-48fe-90c7-5f4aaf55485c,2026-08-21T23:30:00Z,2026-08-22T01:30:00+0200,0.117,MW,NL,NL,actual_solar_generation,Solar | Actual Consumption,2026-08-26T03:46:52Z
2026-08-26T03:42:24Z,2026-08-26T05:42:24+0200,e96b9d4a-1054-48fe-90c7-5f4aaf55485c,2026-08-21T23:45:00Z,2026-08-22T01:45:00+0200,0.0,MW,NL,NL,actual_solar_generation,Solar | Actual Aggregated,2026-08-26T03:46:52Z
2026-08-26T03:42:24Z,2026-08-26T05:42:24+0200,e96b9d4a-1054-48fe-90c7-5f4aaf55485c,2026-08-21T23:45:00Z,2026-08-22T01:45:00+0200,0.135,MW,NL,NL,actual_solar_generation,Solar | Actual Consumption,2026-08-26T03:46:52Z
2026-08-26T03:42:24Z,2026-08-26T05:42:24+0200,e96b9d4a-1054-48fe-90c7-5f4aaf55485c,2026-08-22T00:00:00Z,2026-08-22T02:00:00+0200,0.0,MW,NL,NL,actual_solar_generation,Solar | Actual Aggregated,2026-08-26T03:46:52Z
2026-08-26T03:42:24Z,2026-08-26T05:42:24+0200,e96b9d4a-1054-48fe-90c7-5f4aaf55485c,2026-08-22T00:00:00Z,2026-08-22T02:00:00+0200,0.111,MW,NL,NL,actual_solar_generation,Solar | Actual Consumption,2026-08-26T03:46:52Z
2026-08-26T03:42:24Z,2026-08-26T05:42:24+0200,e96b9d4a-1054-48fe-90c7-5f4aaf55485c,2026-08-22T00:15:00Z,2026-08-22T02:15:00+0200,0.0,MW,NL,NL,actual_solar_generation,Solar | Actual Aggregated,2026-08-26T03:46:52Z
2026-08-26T03:42:24Z,2026-08-26T05:42:24+0200,e96b9d4a-1054-48fe-90c7-5f4aaf55485c,2026-08-22T00:15:00Z,2026-08-22T02:15:00+0200,0.14,MW,NL,NL,actual_solar_generation,Solar | Actual Consumption,2026-08-26T03:46:52Z
2026-08-26T03:42:24Z,2026-08-26T05:42:24+0200,e96b9d4a-1054-48fe-90c7-5f4aaf55485c,2026-08-22T00:30:00Z,2026-08-22T02:30:00+0200,0.0,MW,NL,NL,actual_solar_generation,Solar | Actual Aggregated,2026-08-26T03:46:52Z
2026-08-26T03:42:24Z,2026-08-26T05:42:24+0200,e96b9d4a-1054-48fe-90c7-5f4aaf55485c,2026-08-22T00:30:00Z,2026-08-22T02:30:00+0200,0.13,MW,NL,NL,actual_solar_generation,Solar | Actual Consumption,2026-08-26T03:46:52Z
2026-08-26T03:42:24Z,2026-08-26T05:42:24+0200,e96b9d4a-1054-48fe-90c7-5f4aaf55485c,2026-08-22T00:45:00Z,2026-08-22T02:45:00+0200,0.0,MW,NL,NL,actual_solar_generation,Solar | Actual Aggregated,2026-08-26T03:46:52Z
2026-08-26T03:42:24Z,2026-08-26T05:42:24+0200,e96b9d4a-1054-48fe-90c7-5f4aaf55485c,2026-08-22T00:45:00Z,2026-08-22T02:45:00+0200,0.13,MW,NL,NL,actual_solar_generation,Solar | Actual Consumption,2026-08-26T03:46:52Z
2026-08-26T03:42:24Z,2026-08-26T05:42:24+0200,e96b9d4a-1054-48fe-90c7-5f4aaf55485c,2026-08-22T01:00:00Z,2026-08-22T03:00:00+0200,0.0,MW,NL,NL,actual_solar_generation,Solar | Actual Aggregated,2026-08-26T03:46:52Z
2026-08-26T03:42:24Z,2026-08-26T05:42:24+0200,e96b9d4a-1054-48fe-90c7-5f4aaf55485c,2026-08-22T01:00:00Z,2026-08-22T03:00:00+0200,0.118,MW,NL,NL,actual_solar_generation,Solar | Actual Consumption,2026-08-26T03:46:52Z
2026-08-26T03:42:24Z,2026-08-26T05:42:24+0200,e96b9d4a-1054-48fe-90c7-5f4aaf55485c,2026-08-22T01:15:00Z,2026-08-22T03:15:00+0200,0.0,MW,NL,NL,actual_solar_generation,Solar | Actual Aggregated,2026-08-26T03:46:52Z
2026-08-26T03:42:24Z,2026-08-26T05:42:24+0200,e96b9d4a-1054-48fe-90c7-5f4aaf55485c,2026-08-22T01:15:00Z,2026-08-22T03:15:00+0200,0.119,MW,NL,NL,actual_solar_generation,Solar | Actual Consumption,2026-08-26T03:46:52Z
2026-08-26T03:42:24Z,2026-08-26T05:42:24+0200,e96b9d4a-1054-48fe-90c7-5f4aaf55485c,2026-08-22T01:30:00Z,2026-08-22T03:30:00+0200,0.0,MW,NL,NL,actual_solar_generation,Solar | Actual Aggregated,2026-08-26T03:46:52Z
2026-08-26T03:42:24Z,2026-08-26T05:42:24+0200,e96b9d4a-1054-48fe-90c7-5f4aaf55485c,2026-08-22T01:30:00Z,2026-08-22T03:30:00+0200,0.123,MW,NL,NL,actual_solar_generation,Solar | Actual Consumption,2026-08-26T03:46:52Z
2026-08-26T03:42:24Z,2026-08-26T05:42:24+0200,e96b9d4a-1054-48fe-90c7-5f4aaf55485c,2026-08-22T01:45:00Z,2026-08-22T03:45:00+0200,0.0,MW,NL,NL,actual_solar_generation,Solar | Actual Aggregated,2026-08-26T03:46:52Z
2026-08-26T03:42:24Z,2026-08-26T05:42:24+0200,e96b9d4a-1054-48fe-90c7-5f4aaf55485c,2026-08-22T01:45:00Z,2026-08-22T03:45:00+0200,0.123,MW,NL,NL,actual_solar_generation,Solar | Actual Consumption,2026-08-26T03:46:52Z
2026-08-26T03:42:24Z,2026-08-26T05:42:24+0200,e96b9d4a-1054-48fe-90c7-5f4aaf55485c,2026-08-22T02:00:00Z,2026-08-22T04:00:00+0200,0.0,MW,NL,NL,actual_solar_generation,Solar | Actual Aggregated,2026-08-26T03:46:52Z
2026-08-26T03:42:24Z,2026-08-26T05:42:24+0200,e96b9d4a-1054-48fe-90c7-5f4aaf55485c,2026-08-22T02:00:00Z,2026-08-22T04:00:00+0200,0.123,MW,NL,NL,actual_solar_generation,Solar | Actual Consumption,2026-08-26T03:46:52Z
2026-08-26T03:42:24Z,2026-08-26T05:42:24+0200,e96b9d4a-1054-48fe-90c7-5f4aaf55485c,2026-08-22T02:15:00Z,2026-08-22T04:15:00+0200,0.0,MW,NL,NL,actual_solar_generation,Solar | Actual Aggregated,2026-08-26T03:46:52Z
2026-08-26T03:42:24Z,2026-08-26T05:42:24+0200,e96b9d4a-1054-48fe-90c7-5f4aaf55485c,2026-08-22T02:15:00Z,2026-08-22T04:15:00+0200,0.123,MW,NL,NL,actual_solar_generation,Solar | Actual Consumption,2026-08-26T03:46:52Z
2026-08-26T03:42:24Z,2026-08-26T05:42:24+0200,e96b9d4a-1054-48fe-90c7-5f4aaf55485c,2026-08-22T02:30:00Z,2026-08-22T04:30:00+0200,0.0,MW,NL,NL,actual_solar_generation,Solar | Actual Aggregated,2026-08-26T03:46:52Z
2026-08-26T03:42:24Z,2026-08-26T05:42:24+0200,e96b9d4a-1054-48fe-90c7-5f4aaf55485c,2026-08-22T02:30:00Z,2026-08-22T04:30:00+0200,0.123,MW,NL,NL,actual_solar_generation,Solar | Actual Consumption,2026-08-26T03:46:52Z
2026-08-26T03:42:24Z,2026-08-26T05:42:24+0200,e96b9d4a-1054-48fe-90c7-5f4aaf55485c,2026-08-22T02:45:00Z,2026-08-22T04:45:00+0200,0.0,MW,NL,NL,actual_solar_generation,Solar | Actual Aggregated,2026-08-26T03:46:52Z
2026-08-26T03:42:24Z,2026-08-26T05:42:24+0200,e96b9d4a-1054-48fe-90c7-5f4aaf55485c,2026-08-22T02:45:00Z,2026-08-22T04:45:00+0200,0.123,MW,NL,NL,actual_solar_generation,Solar | Actual Consumption,2026-08-26T03:46:52Z
2026-08-26T03:42:24Z,2026-08-26T05:42:24+0200,e96b9d4a-1054-48fe-90c7-5f4aaf55485c,2026-08-22T03:00:00Z,2026-08-22T05:00:00+0200,0.0,MW,NL,NL,actual_solar_generation,Solar | Actual Aggregated,2026-08-26T03:46:52Z
2026-08-26T03:42:24Z,2026-08-26T05:42:24+0200,e96b9d4a-1054-48fe-90c7-5f4aaf55485c,2026-08-22T03:00:00Z,2026-08-22T05:00:00+0200,0.123,MW,NL,NL,actual_solar_generation,Solar | Actual Consumption,2026-08-26T03:46:52Z
2026-08-26T03:42:24Z,2026-08-26T05:42:24+0200,e96b9d4a-1054-48fe-90c7-5f4aaf55485c,2026-08-22T03:15:00Z,2026-08-22T05:15:00+0200,0.0,MW,NL,NL,actual_solar_generation,Solar | Actual Aggregated,2026-08-26T03:46:52Z
2026-08-26T03:42:24Z,2026-08-26T05:42:24+0200,e96b9d4a-1054-48fe-90c7-5f4aaf55485c,2026-08-22T03:15:00Z,2026-08-22T05:15:00+0200,0.123,MW,NL,NL,actual_solar_generation,Solar | Actual Consumption,2026-08-26T03:46:52Z
2026-08-26T03:42:24Z,2026-08-26T05:42:24+0200,e96b9d4a-1054-48fe-90c7-5f4aaf55485c,2026-08-22T03:30:00Z,2026-08-22T05:30:00+0200,0.0,MW,NL,NL,actual_solar_generation,Solar | Actual Aggregated,2026-08-26T03:46:52Z
2026-08-26T03:42:24Z,2026-08-26T05:42:24+0200,e96b9d4a-1054-48fe-90c7-5f4aaf55485c,2026-08-22T03:30:00Z,2026-08-22T05:30:00+0200,0.123,MW,NL,NL,actual_solar_generation,Solar | Actual Consumption,2026-08-26T03:46:52Z
2026-08-26T03:42:24Z,2026-08-26T05:42:24+0200,e96b9d4a-1054-48fe-90c7-5f4aaf55485c,2026-08-22T03:45:00Z,2026-08-22T05:45:00+0200,0.0,MW,NL,NL,actual_solar_generation,Solar | Actual Aggregated,2026-08-26T03:46:52Z
2026-08-26T03:42:24Z,2026-08-26T05:42:24+0200,e96b9d4a-1054-48fe-90c7-5f4aaf55485c,2026-08-22T03:45:00Z,2026-08-22T05:45:00+0200,0.123,MW,NL,NL,actual_solar_generation,Solar | Actual Consumption,2026-08-26T03:46:52Z
2026-08-26T03:42:24Z,2026-08-26T05:42:24+0200,e96b9d4a-1054-48fe-90c7-5f4aaf55485c,2026-08-22T04:00:00Z,2026-08-22T06:00:00+0200,0.0,MW,NL,NL,actual_solar_generation,Solar | Actual Aggregated,2026-08-26T03:46:52Z
2026-08-26T03:42:24Z,2026-08-26T05:42:24+0200,e96b9d4a-1054-48fe-90c7-5f4aaf55485c,2026-08-22T04:00:00Z,2026-08-22T06:00:00+0200,0.123,MW,NL,NL,actual_solar_generation,Solar | Actual Consumption,2026-08-26T03:46:52Z
2026-08-26T03:42:24Z,2026-08-26T05:42:24+0200,e96b9d4a-1054-48fe-90c7-5f4aaf55485c,2026-08-22T04:15:00Z,2026-08-22T06:15:00+0200,0.0,MW,NL,NL,actual_solar_generation,Solar | Actual Aggregated,2026-08-26T03:46:52Z
2026-08-26T03:42:24Z,2026-08-26T05:42:24+0200,e96b9d4a-1054-48fe-90c7-5f4aaf55485c,2026-08-22T04:15:00Z,2026-08-22T06:15:00+0200,0.119,MW,NL,NL,actual_solar_generation,Solar | Actual Consumption,2026-08-26T03:46:52Z
2026-08-26T03:42:24Z,2026-08-26T05:42:24+0200,e96b9d4a-1054-48fe-90c7-5f4aaf55485c,2026-08-22T04:30:00Z,2026-08-22T06:30:00+0200,0.341,MW,NL,NL,actual_solar_generation,Solar | Actual Aggregated,2026-08-26T03:46:52Z
2026-08-26T03:42:24Z,2026-08-26T05:42:24+0200,e96b9d4a-1054-48fe-90c7-5f4aaf55485c,2026-08-22T04:30:00Z,2026-08-22T06:30:00+0200,0.142,MW,NL,NL,actual_solar_generation,Solar | Actual Consumption,2026-08-26T03:46:52Z
2026-08-26T03:42:24Z,2026-08-26T05:42:24+0200,e96b9d4a-1054-48fe-90c7-5f4aaf55485c,2026-08-22T04:45:00Z,2026-08-22T06:45:00+0200,3.99,MW,NL,NL,actual_solar_generation,Solar | Actual Aggregated,2026-08-26T03:46:52Z
2026-08-26T03:42:24Z,2026-08-26T05:42:24+0200,e96b9d4a-1054-48fe-90c7-5f4aaf55485c,2026-08-22T04:45:00Z,2026-08-22T06:45:00+0200,0.0,MW,NL,NL,actual_solar_generation,Solar | Actual Consumption,2026-08-26T03:46:52Z
2026-08-26T03:42:24Z,2026-08-26T05:42:24+0200,e96b9d4a-1054-48fe-90c7-5f4aaf55485c,2026-08-22T05:00:00Z,2026-08-22T07:00:00+0200,7.043,MW,NL,NL,actual_solar_generation,Solar | Actual Aggregated,2026-08-26T03:46:52Z
2026-08-26T03:42:24Z,2026-08-26T05:42:24+0200,e96b9d4a-1054-48fe-90c7-5f4aaf55485c,2026-08-22T05:00:00Z,2026-08-22T07:00:00+0200,0.0,MW,NL,NL,actual_solar_generation,Solar | Actual Consumption,2026-08-26T03:46:52Z
2026-08-26T03:42:24Z,2026-08-26T05:42:24+0200,e96b9d4a-1054-48fe-90c7-5f4aaf55485c,2026-08-22T05:15:00Z,2026-08-22T07:15:00+0200,12.044,MW,NL,NL,actual_solar_generation,Solar | Actual Aggregated,2026-08-26T03:46:52Z
2026-08-26T03:42:24Z,2026-08-26T05:42:24+0200,e96b9d4a-1054-48fe-90c7-5f4aaf55485c,2026-08-22T05:15:00Z,2026-08-22T07:15:00+0200,0.0,MW,NL,NL,actual_solar_generation,Solar | Actual Consumption,2026-08-26T03:46:52Z
2026-08-26T03:42:24Z,2026-08-26T05:42:24+0200,e96b9d4a-1054-48fe-90c7-5f4aaf55485c,2026-08-22T05:30:00Z,2026-08-22T07:30:00+0200,15.471,MW,NL,NL,actual_solar_generation,Solar | Actual Aggregated,2026-08-26T03:46:52Z
2026-08-26T03:42:24Z,2026-08-26T05:42:24+0200,e96b9d4a-1054-48fe-90c7-5f4aaf55485c,2026-08-22T05:30:00Z,2026-08-22T07:30:00+0200,0.0,MW,NL,NL,actual_solar_generation,Solar | Actual Consumption,2026-08-26T03:46:52Z
2026-08-26T03:42:24Z,2026-08-26T05:42:24+0200,e96b9d4a-1054-48fe-90c7-5f4aaf55485c,2026-08-22T05:45:00Z,2026-08-22T07:45:00+0200,32.578,MW,NL,NL,actual_solar_generation,Solar | Actual Aggregated,2026-08-26T03:46:52Z
2026-08-26T03:42:24Z,2026-08-26T05:42:24+0200,e96b9d4a-1054-48fe-90c7-5f4aaf55485c,2026-08-22T05:45:00Z,2026-08-22T07:45:00+0200,0.0,MW,NL,NL,actual_solar_generation,Solar | Actual Consumption,2026-08-26T03:46:52Z
2026-08-26T03:42:24Z,2026-08-26T05:42:24+0200,e96b9d4a-1054-48fe-90c7-5f4aaf55485c,2026-08-22T06:00:00Z,2026-08-22T08:00:00+0200,53.367,MW,NL,NL,actual_solar_generation,Solar | Actual Aggregated,2026-08-26T03:46:52Z
2026-08-26T03:42:24Z,2026-08-26T05:42:24+0200,e96b9d4a-1054-48fe-90c7-5f4aaf55485c,2026-08-22T06:00:00Z,2026-08-22T08:00:00+0200,0.0,MW,NL,NL,actual_solar_generation,Solar | Actual Consumption,2026-08-26T03:46:52Z
2026-08-26T03:42:24Z,2026-08-26T05:42:24+0200,e96b9d4a-1054-48fe-90c7-5f4aaf55485c,2026-08-22T06:15:00Z,2026-08-22T08:15:00+0200,44.145,MW,NL,NL,actual_solar_generation,Solar | Actual Aggregated,2026-08-26T03:46:52Z
2026-08-26T03:42:24Z,2026-08-26T05:42:24+0200,e96b9d4a-1054-48fe-90c7-5f4aaf55485c,2026-08-22T06:15:00Z,2026-08-22T08:15:00+0200,0.0,MW,NL,NL,actual_solar_generation,Solar | Actual Consumption,2026-08-26T03:46:52Z
2026-08-26T03:42:24Z,2026-08-26T05:42:24+0200,e96b9d4a-1054-48fe-90c7-5f4aaf55485c,2026-08-22T06:30:00Z,2026-08-22T08:30:00+0200,68.637,MW,NL,NL,actual_solar_generation,Solar | Actual Aggregated,2026-08-26T03:46:52Z
2026-08-26T03:42:24Z,2026-08-26T05:42:24+0200,e96b9d4a-1054-48fe-90c7-5f4aaf55485c,2026-08-22T06:30:00Z,2026-08-22T08:30:00+0200,0.0,MW,NL,NL,actual_solar_generation,Solar | Actual Consumption,2026-08-26T03:46:52Z
2026-08-26T03:42:24Z,2026-08-26T05:42:24+0200,e96b9d4a-1054-48fe-90c7-5f4aaf55485c,2026-08-22T06:45:00Z,2026-08-22T08:45:00+0200,88.953,MW,NL,NL,actual_solar_generation,Solar | Actual Aggregated,2026-08-26T03:46:52Z
2026-08-26T03:42:24Z,2026-08-26T05:42:24+0200,e96b9d4a-1054-48fe-90c7-5f4aaf55485c,2026-08-22T06:45:00Z,2026-08-22T08:45:00+0200,0.0,MW,NL,NL,actual_solar_generation,Solar | Actual Consumption,2026-08-26T03:46:52Z
2026-08-26T03:42:24Z,2026-08-26T05:42:24+0200,e96b9d4a-1054-48fe-90c7-5f4aaf55485c,2026-08-22T07:00:00Z,2026-08-22T09:00:00+0200,92.413,MW,NL,NL,actual_solar_generation,Solar | Actual Aggregated,2026-08-26T03:46:52Z
2026-08-26T03:42:24Z,2026-08-26T05:42:24+0200,e96b9d4a-1054-48fe-90c7-5f4aaf55485c,2026-08-22T07:00:00Z,2026-08-22T09:00:00+0200,0.0,MW,NL,NL,actual_solar_generation,Solar | Actual Consumption,2026-08-26T03:46:52Z
2026-08-26T03:42:24Z,2026-08-26T05:42:24+0200,e96b9d4a-1054-48fe-90c7-5f4aaf55485c,2026-08-22T07:15:00Z,2026-08-22T09:15:00+0200,91.753,MW,NL,NL,actual_solar_generation,Solar | Actual Aggregated,2026-08-26T03:46:52Z
2026-08-26T03:42:24Z,2026-08-26T05:42:24+0200,e96b9d4a-1054-48fe-90c7-5f4aaf55485c,2026-08-22T07:15:00Z,2026-08-22T09:15:00+0200,0.0,MW,NL,NL,actual_solar_generation,Solar | Actual Consumption,2026-08-26T03:46:52Z
2026-08-26T03:42:24Z,2026-08-26T05:42:24+0200,e96b9d4a-1054-48fe-90c7-5f4aaf55485c,2026-08-22T07:30:00Z,2026-08-22T09:30:00+0200,89.701,MW,NL,NL,actual_solar_generation,Solar | Actual Aggregated,2026-08-26T03:46:52Z
2026-08-26T03:42:24Z,2026-08-26T05:42:24+0200,e96b9d4a-1054-48fe-90c7-5f4aaf55485c,2026-08-22T07:30:00Z,2026-08-22T09:30:00+0200,0.0,MW,NL,NL,actual_solar_generation,Solar | Actual Consumption,2026-08-26T03:46:52Z
2026-08-26T03:42:24Z,2026-08-26T05:42:24+0200,e96b9d4a-1054-48fe-90c7-5f4aaf55485c,2026-08-22T07:45:00Z,2026-08-22T09:45:00+0200,86.283,MW,NL,NL,actual_solar_generation,Solar | Actual Aggregated,2026-08-26T03:46:52Z
2026-08-26T03:42:24Z,2026-08-26T05:42:24+0200,e96b9d4a-1054-48fe-90c7-5f4aaf55485c,2026-08-22T07:45:00Z,2026-08-22T09:45:00+0200,0.0,MW,NL,NL,actual_solar_generation,Solar | Actual Consumption,2026-08-26T03:46:52Z
2026-08-26T03:42:24Z,2026-08-26T05:42:24+0200,e96b9d4a-1054-48fe-90c7-5f4aaf55485c,2026-08-22T08:00:00Z,2026-08-22T10:00:00+0200,98.661,MW,NL,NL,actual_solar_generation,Solar | Actual Aggregated,2026-08-26T03:46:52Z
2026-08-26T03:42:24Z,2026-08-26T05:42:24+0200,e96b9d4a-1054-48fe-90c7-5f4aaf55485c,2026-08-22T08:00:00Z,2026-08-22T10:00:00+0200,0.0,MW,NL,NL,actual_solar_generation,Solar | Actual Consumption,2026-08-26T03:46:52Z
2026-08-26T03:42:24Z,2026-08-26T05:42:24+0200,e96b9d4a-1054-48fe-90c7-5f4aaf55485c,2026-08-22T08:15:00Z,2026-08-22T10:15:00+0200,138.063,MW,NL,NL,actual_solar_generation,Solar | Actual Aggregated,2026-08-26T03:46:52Z
2026-08-26T03:42:24Z,2026-08-26T05:42:24+0200,e96b9d4a-1054-48fe-90c7-5f4aaf55485c,2026-08-22T08:15:00Z,2026-08-22T10:15:00+0200,0.0,MW,NL,NL,actual_solar_generation,Solar | Actual Consumption,2026-08-26T03:46:52Z
2026-08-26T03:42:24Z,2026-08-26T05:42:24+0200,e96b9d4a-1054-48fe-90c7-5f4aaf55485c,2026-08-22T08:30:00Z,2026-08-22T10:30:00+0200,130.813,MW,NL,NL,actual_solar_generation,Solar | Actual Aggregated,2026-08-26T03:46:52Z
2026-08-26T03:42:24Z,2026-08-26T05:42:24+0200,e96b9d4a-1054-48fe-90c7-5f4aaf55485c,2026-08-22T08:30:00Z,2026-08-22T10:30:00+0200,0.0,MW,NL,NL,actual_solar_generation,Solar | Actual Consumption,2026-08-26T03:46:52Z
2026-08-26T03:42:24Z,2026-08-26T05:42:24+0200,e96b9d4a-1054-48fe-90c7-5f4aaf55485c,2026-08-22T08:45:00Z,2026-08-22T10:45:00+0200,158.42,MW,NL,NL,actual_solar_generation,Solar | Actual Aggregated,2026-08-26T03:46:52Z
2026-08-26T03:42:24Z,2026-08-26T05:42:24+0200,e96b9d4a-1054-48fe-90c7-5f4aaf55485c,2026-08-22T08:45:00Z,2026-08-22T10:45:00+0200,0.0,MW,NL,NL,actual_solar_generation,Solar | Actual Consumption,2026-08-26T03:46:52Z
2026-08-26T03:42:24Z,2026-08-26T05:42:24+0200,e96b9d4a-1054-48fe-90c7-5f4aaf55485c,2026-08-22T09:00:00Z,2026-08-22T11:00:00+0200,166.03,MW,NL,NL,actual_solar_generation,Solar | Actual Aggregated,2026-08-26T03:46:52Z
2026-08-26T03:42:24Z,2026-08-26T05:42:24+0200,e96b9d4a-1054-48fe-90c7-5f4aaf55485c,2026-08-22T09:00:00Z,2026-08-22T11:00:00+0200,0.0,MW,NL,NL,actual_solar_generation,Solar | Actual Consumption,2026-08-26T03:46:52Z
2026-08-26T03:42:24Z,2026-08-26T05:42:24+0200,e96b9d4a-1054-48fe-90c7-5f4aaf55485c,2026-08-22T09:15:00Z,2026-08-22T11:15:00+0200,131.365,MW,NL,NL,actual_solar_generation,Solar | Actual Aggregated,2026-08-26T03:46:52Z
2026-08-26T03:42:24Z,2026-08-26T05:42:24+0200,e96b9d4a-1054-48fe-90c7-5f4aaf55485c,2026-08-22T09:15:00Z,2026-08-22T11:15:00+0200,0.0,MW,NL,NL,actual_solar_generation,Solar | Actual Consumption,2026-08-26T03:46:52Z
2026-08-26T03:42:24Z,2026-08-26T05:42:24+0200,e96b9d4a-1054-48fe-90c7-5f4aaf55485c,2026-08-22T09:30:00Z,2026-08-22T11:30:00+0200,150.43,MW,NL,NL,actual_solar_generation,Solar | Actual Aggregated,2026-08-26T03:46:52Z
2026-08-26T03:42:24Z,2026-08-26T05:42:24+0200,e96b9d4a-1054-48fe-90c7-5f4aaf55485c,2026-08-22T09:30:00Z,2026-08-22T11:30:00+0200,0.0,MW,NL,NL,actual_solar_generation,Solar | Actual Consumption,2026-08-26T03:46:52Z
2026-08-26T03:42:24Z,2026-08-26T05:42:24+0200,e96b9d4a-1054-48fe-90c7-5f4aaf55485c,2026-08-22T09:45:00Z,2026-08-22T11:45:00+0200,166.939,MW,NL,NL,actual_solar_generation,Solar | Actual Aggregated,2026-08-26T03:46:52Z
2026-08-26T03:42:24Z,2026-08-26T05:42:24+0200,e96b9d4a-1054-48fe-90c7-5f4aaf55485c,2026-08-22T09:45:00Z,2026-08-22T11:45:00+0200,0.0,MW,NL,NL,actual_solar_generation,Solar | Actual Consumption,2026-08-26T03:46:52Z
2026-08-26T03:42:24Z,2026-08-26T05:42:24+0200,e96b9d4a-1054-48fe-90c7-5f4aaf55485c,2026-08-22T10:00:00Z,2026-08-22T12:00:00+0200,169.323,MW,NL,NL,actual_solar_generation,Solar | Actual Aggregated,2026-08-26T03:46:52Z
2026-08-26T03:42:24Z,2026-08-26T05:42:24+0200,e96b9d4a-1054-48fe-90c7-5f4aaf55485c,2026-08-22T10:00:00Z,2026-08-22T12:00:00+0200,0.0,MW,NL,NL,actual_solar_generation,Solar | Actual Consumption,2026-08-26T03:46:52Z
2026-08-26T03:42:24Z,2026-08-26T05:42:24+0200,e96b9d4a-1054-48fe-90c7-5f4aaf55485c,2026-08-22T10:15:00Z,2026-08-22T12:15:00+0200,186.978,MW,NL,NL,actual_solar_generation,Solar | Actual Aggregated,2026-08-26T03:46:52Z
2026-08-26T03:42:24Z,2026-08-26T05:42:24+0200,e96b9d4a-1054-48fe-90c7-5f4aaf55485c,2026-08-22T10:15:00Z,2026-08-22T12:15:00+0200,0.0,MW,NL,NL,actual_solar_generation,Solar | Actual Consumption,2026-08-26T03:46:52Z
2026-08-26T03:42:24Z,2026-08-26T05:42:24+0200,e96b9d4a-1054-48fe-90c7-5f4aaf55485c,2026-08-22T10:30:00Z,2026-08-22T12:30:00+0200,160.987,MW,NL,NL,actual_solar_generation,Solar | Actual Aggregated,2026-08-26T03:46:52Z
2026-08-26T03:42:24Z,2026-08-26T05:42:24+0200,e96b9d4a-1054-48fe-90c7-5f4aaf55485c,2026-08-22T10:30:00Z,2026-08-22T12:30:00+0200,0.0,MW,NL,NL,actual_solar_generation,Solar | Actual Consumption,2026-08-26T03:46:52Z
2026-08-26T03:42:24Z,2026-08-26T05:42:24+0200,e96b9d4a-1054-48fe-90c7-5f4aaf55485c,2026-08-22T10:45:00Z,2026-08-22T12:45:00+0200,175.257,MW,NL,NL,actual_solar_generation,Solar | Actual Aggregated,2026-08-26T03:46:52Z
2026-08-26T03:42:24Z,2026-08-26T05:42:24+0200,e96b9d4a-1054-48fe-90c7-5f4aaf55485c,2026-08-22T10:45:00Z,2026-08-22T12:45:00+0200,0.0,MW,NL,NL,actual_solar_generation,Solar | Actual Consumption,2026-08-26T03:46:52Z
2026-08-26T03:42:24Z,2026-08-26T05:42:24+0200,e96b9d4a-1054-48fe-90c7-5f4aaf55485c,2026-08-22T11:00:00Z,2026-08-22T13:00:00+0200,164.497,MW,NL,NL,actual_solar_generation,Solar | Actual Aggregated,2026-08-26T03:46:52Z
2026-08-26T03:42:24Z,2026-08-26T05:42:24+0200,e96b9d4a-1054-48fe-90c7-5f4aaf55485c,2026-08-22T11:00:00Z,2026-08-22T13:00:00+0200,0.0,MW,NL,NL,actual_solar_generation,Solar | Actual Consumption,2026-08-26T03:46:52Z
2026-08-26T03:42:24Z,2026-08-26T05:42:24+0200,e96b9d4a-1054-48fe-90c7-5f4aaf55485c,2026-08-22T11:15:00Z,2026-08-22T13:15:00+0200,178.009,MW,NL,NL,actual_solar_generation,Solar | Actual Aggregated,2026-08-26T03:46:52Z
2026-08-26T03:42:24Z,2026-08-26T05:42:24+0200,e96b9d4a-1054-48fe-90c7-5f4aaf55485c,2026-08-22T11:15:00Z,2026-08-22T13:15:00+0200,0.0,MW,NL,NL,actual_solar_generation,Solar | Actual Consumption,2026-08-26T03:46:52Z
2026-08-26T03:42:24Z,2026-08-26T05:42:24+0200,e96b9d4a-1054-48fe-90c7-5f4aaf55485c,2026-08-22T11:30:00Z,2026-08-22T13:30:00+0200,134.97,MW,NL,NL,actual_solar_generation,Solar | Actual Aggregated,2026-08-26T03:46:52Z
2026-08-26T03:42:24Z,2026-08-26T05:42:24+0200,e96b9d4a-1054-48fe-90c7-5f4aaf55485c,2026-08-22T11:30:00Z,2026-08-22T13:30:00+0200,0.0,MW,NL,NL,actual_solar_generation,Solar | Actual Consumption,2026-08-26T03:46:52Z
2026-08-26T03:42:24Z,2026-08-26T05:42:24+0200,e96b9d4a-1054-48fe-90c7-5f4aaf55485c,2026-08-22T11:45:00Z,2026-08-22T13:45:00+0200,131.826,MW,NL,NL,actual_solar_generation,Solar | Actual Aggregated,2026-08-26T03:46:52Z
2026-08-26T03:42:24Z,2026-08-26T05:42:24+0200,e96b9d4a-1054-48fe-90c7-5f4aaf55485c,2026-08-22T11:45:00Z,2026-08-22T13:45:00+0200,0.0,MW,NL,NL,actual_solar_generation,Solar | Actual Consumption,2026-08-26T03:46:52Z
2026-08-26T03:42:24Z,2026-08-26T05:42:24+0200,e96b9d4a-1054-48fe-90c7-5f4aaf55485c,2026-08-22T12:00:00Z,2026-08-22T14:00:00+0200,157.68,MW,NL,NL,actual_solar_generation,Solar | Actual Aggregated,2026-08-26T03:46:52Z
2026-08-26T03:42:24Z,2026-08-26T05:42:24+0200,e96b9d4a-1054-48fe-90c7-5f4aaf55485c,2026-08-22T12:00:00Z,2026-08-22T14:00:00+0200,0.0,MW,NL,NL,actual_solar_generation,Solar | Actual Consumption,2026-08-26T03:46:52Z
2026-08-26T03:42:24Z,2026-08-26T05:42:24+0200,e96b9d4a-1054-48fe-90c7-5f4aaf55485c,2026-08-22T12:15:00Z,2026-08-22T14:15:00+0200,193.551,MW,NL,NL,actual_solar_generation,Solar | Actual Aggregated,2026-08-26T03:46:52Z
2026-08-26T03:42:24Z,2026-08-26T05:42:24+0200,e96b9d4a-1054-48fe-90c7-5f4aaf55485c,2026-08-22T12:15:00Z,2026-08-22T14:15:00+0200,0.0,MW,NL,NL,actual_solar_generation,Solar | Actual Consumption,2026-08-26T03:46:52Z
2026-08-26T03:42:24Z,2026-08-26T05:42:24+0200,e96b9d4a-1054-48fe-90c7-5f4aaf55485c,2026-08-22T12:30:00Z,2026-08-22T14:30:00+0200,159.506,MW,NL,NL,actual_solar_generation,Solar | Actual Aggregated,2026-08-26T03:46:52Z
2026-08-26T03:42:24Z,2026-08-26T05:42:24+0200,e96b9d4a-1054-48fe-90c7-5f4aaf55485c,2026-08-22T12:30:00Z,2026-08-22T14:30:00+0200,0.0,MW,NL,NL,actual_solar_generation,Solar | Actual Consumption,2026-08-26T03:46:52Z
2026-08-26T03:42:24Z,2026-08-26T05:42:24+0200,e96b9d4a-1054-48fe-90c7-5f4aaf55485c,2026-08-22T12:45:00Z,2026-08-22T14:45:00+0200,148.956,MW,NL,NL,actual_solar_generation,Solar | Actual Aggregated,2026-08-26T03:46:52Z
2026-08-26T03:42:24Z,2026-08-26T05:42:24+0200,e96b9d4a-1054-48fe-90c7-5f4aaf55485c,2026-08-22T12:45:00Z,2026-08-22T14:45:00+0200,0.0,MW,NL,NL,actual_solar_generation,Solar | Actual Consumption,2026-08-26T03:46:52Z
2026-08-26T03:42:24Z,2026-08-26T05:42:24+0200,e96b9d4a-1054-48fe-90c7-5f4aaf55485c,2026-08-22T13:00:00Z,2026-08-22T15:00:00+0200,181.875,MW,NL,NL,actual_solar_generation,Solar | Actual Aggregated,2026-08-26T03:46:52Z
2026-08-26T03:42:24Z,2026-08-26T05:42:24+0200,e96b9d4a-1054-48fe-90c7-5f4aaf55485c,2026-08-22T13:00:00Z,2026-08-22T15:00:00+0200,0.0,MW,NL,NL,actual_solar_generation,Solar | Actual Consumption,2026-08-26T03:46:52Z
2026-08-26T03:42:24Z,2026-08-26T05:42:24+0200,e96b9d4a-1054-48fe-90c7-5f4aaf55485c,2026-08-22T13:15:00Z,2026-08-22T15:15:00+0200,149.386,MW,NL,NL,actual_solar_generation,Solar | Actual Aggregated,2026-08-26T03:46:52Z
2026-08-26T03:42:24Z,2026-08-26T05:42:24+0200,e96b9d4a-1054-48fe-90c7-5f4aaf55485c,2026-08-22T13:15:00Z,2026-08-22T15:15:00+0200,0.0,MW,NL,NL,actual_solar_generation,Solar | Actual Consumption,2026-08-26T03:46:52Z
2026-08-26T03:42:24Z,2026-08-26T05:42:24+0200,e96b9d4a-1054-48fe-90c7-5f4aaf55485c,2026-08-22T13:30:00Z,2026-08-22T15:30:00+0200,110.785,MW,NL,NL,actual_solar_generation,Solar | Actual Aggregated,2026-08-26T03:46:52Z
2026-08-26T03:42:24Z,2026-08-26T05:42:24+0200,e96b9d4a-1054-48fe-90c7-5f4aaf55485c,2026-08-22T13:30:00Z,2026-08-22T15:30:00+0200,0.0,MW,NL,NL,actual_solar_generation,Solar | Actual Consumption,2026-08-26T03:46:52Z
2026-08-26T03:42:24Z,2026-08-26T05:42:24+0200,e96b9d4a-1054-48fe-90c7-5f4aaf55485c,2026-08-22T13:45:00Z,2026-08-22T15:45:00+0200,153.831,MW,NL,NL,actual_solar_generation,Solar | Actual Aggregated,2026-08-26T03:46:52Z
2026-08-26T03:42:24Z,2026-08-26T05:42:24+0200,e96b9d4a-1054-48fe-90c7-5f4aaf55485c,2026-08-22T13:45:00Z,2026-08-22T15:45:00+0200,0.0,MW,NL,NL,actual_solar_generation,Solar | Actual Consumption,2026-08-26T03:46:52Z
2026-08-26T03:42:24Z,2026-08-26T05:42:24+0200,e96b9d4a-1054-48fe-90c7-5f4aaf55485c,2026-08-22T14:00:00Z,2026-08-22T16:00:00+0200,133.242,MW,NL,NL,actual_solar_generation,Solar | Actual Aggregated,2026-08-26T03:46:52Z
2026-08-26T03:42:24Z,2026-08-26T05:42:24+0200,e96b9d4a-1054-48fe-90c7-5f4aaf55485c,2026-08-22T14:00:00Z,2026-08-22T16:00:00+0200,0.0,MW,NL,NL,actual_solar_generation,Solar | Actual Consumption,2026-08-26T03:46:52Z
2026-08-26T03:42:24Z,2026-08-26T05:42:24+0200,e96b9d4a-1054-48fe-90c7-5f4aaf55485c,2026-08-22T14:15:00Z,2026-08-22T16:15:00+0200,130.509,MW,NL,NL,actual_solar_generation,Solar | Actual Aggregated,2026-08-26T03:46:52Z
2026-08-26T03:42:24Z,2026-08-26T05:42:24+0200,e96b9d4a-1054-48fe-90c7-5f4aaf55485c,2026-08-22T14:15:00Z,2026-08-22T16:15:00+0200,0.0,MW,NL,NL,actual_solar_generation,Solar | Actual Consumption,2026-08-26T03:46:52Z
2026-08-26T03:42:24Z,2026-08-26T05:42:24+0200,e96b9d4a-1054-48fe-90c7-5f4aaf55485c,2026-08-22T14:30:00Z,2026-08-22T16:30:00+0200,159.492,MW,NL,NL,actual_solar_generation,Solar | Actual Aggregated,2026-08-26T03:46:52Z
2026-08-26T03:42:24Z,2026-08-26T05:42:24+0200,e96b9d4a-1054-48fe-90c7-5f4aaf55485c,2026-08-22T14:30:00Z,2026-08-22T16:30:00+0200,0.0,MW,NL,NL,actual_solar_generation,Solar | Actual Consumption,2026-08-26T03:46:52Z
2026-08-26T03:42:24Z,2026-08-26T05:42:24+0200,e96b9d4a-1054-48fe-90c7-5f4aaf55485c,2026-08-22T14:45:00Z,2026-08-22T16:45:00+0200,98.492,MW,NL,NL,actual_solar_generation,Solar | Actual Aggregated,2026-08-26T03:46:52Z
2026-08-26T03:42:24Z,2026-08-26T05:42:24+0200,e96b9d4a-1054-48fe-90c7-5f4aaf55485c,2026-08-22T14:45:00Z,2026-08-22T16:45:00+0200,0.0,MW,NL,NL,actual_solar_generation,Solar | Actual Consumption,2026-08-26T03:46:52Z
2026-08-26T03:42:24Z,2026-08-26T05:42:24+0200,e96b9d4a-1054-48fe-90c7-5f4aaf55485c,2026-08-22T15:00:00Z,2026-08-22T17:00:00+0200,122.539,MW,NL,NL,actual_solar_generation,Solar | Actual Aggregated,2026-08-26T03:46:52Z
2026-08-26T03:42:24Z,2026-08-26T05:42:24+0200,e96b9d4a-1054-48fe-90c7-5f4aaf55485c,2026-08-22T15:00:00Z,2026-08-22T17:00:00+0200,0.0,MW,NL,NL,actual_solar_generation,Solar | Actual Consumption,2026-08-26T03:46:52Z
2026-08-26T03:42:24Z,2026-08-26T05:42:24+0200,e96b9d4a-1054-48fe-90c7-5f4aaf55485c,2026-08-22T15:15:00Z,2026-08-22T17:15:00+0200,55.864,MW,NL,NL,actual_solar_generation,Solar | Actual Aggregated,2026-08-26T03:46:52Z
2026-08-26T03:42:24Z,2026-08-26T05:42:24+0200,e96b9d4a-1054-48fe-90c7-5f4aaf55485c,2026-08-22T15:15:00Z,2026-08-22T17:15:00+0200,0.0,MW,NL,NL,actual_solar_generation,Solar | Actual Consumption,2026-08-26T03:46:52Z
2026-08-26T03:42:24Z,2026-08-26T05:42:24+0200,e96b9d4a-1054-48fe-90c7-5f4aaf55485c,2026-08-22T15:30:00Z,2026-08-22T17:30:00+0200,52.745,MW,NL,NL,actual_solar_generation,Solar | Actual Aggregated,2026-08-26T03:46:52Z
2026-08-26T03:42:24Z,2026-08-26T05:42:24+0200,e96b9d4a-1054-48fe-90c7-5f4aaf55485c,2026-08-22T15:30:00Z,2026-08-22T17:30:00+0200,0.0,MW,NL,NL,actual_solar_generation,Solar | Actual Consumption,2026-08-26T03:46:52Z
2026-08-26T03:42:24Z,2026-08-26T05:42:24+0200,e96b9d4a-1054-48fe-90c7-5f4aaf55485c,2026-08-22T15:45:00Z,2026-08-22T17:45:00+0200,57.772,MW,NL,NL,actual_solar_generation,Solar | Actual Aggregated,2026-08-26T03:46:52Z
2026-08-26T03:42:24Z,2026-08-26T05:42:24+0200,e96b9d4a-1054-48fe-90c7-5f4aaf55485c,2026-08-22T15:45:00Z,2026-08-22T17:45:00+0200,0.0,MW,NL,NL,actual_solar_generation,Solar | Actual Consumption,2026-08-26T03:46:52Z
2026-08-26T03:42:24Z,2026-08-26T05:42:24+0200,e96b9d4a-1054-48fe-90c7-5f4aaf55485c,2026-08-22T16:00:00Z,2026-08-22T18:00:00+0200,49.109,MW,NL,NL,actual_solar_generation,Solar | Actual Aggregated,2026-08-26T03:46:52Z
2026-08-26T03:42:24Z,2026-08-26T05:42:24+0200,e96b9d4a-1054-48fe-90c7-5f4aaf55485c,2026-08-22T16:00:00Z,2026-08-22T18:00:00+0200,0.0,MW,NL,NL,actual_solar_generation,Solar | Actual Consumption,2026-08-26T03:46:52Z
2026-08-26T03:42:24Z,2026-08-26T05:42:24+0200,e96b9d4a-1054-48fe-90c7-5f4aaf55485c,2026-08-22T16:15:00Z,2026-08-22T18:15:00+0200,51.897,MW,NL,NL,actual_solar_generation,Solar | Actual Aggregated,2026-08-26T03:46:52Z
2026-08-26T03:42:24Z,2026-08-26T05:42:24+0200,e96b9d4a-1054-48fe-90c7-5f4aaf55485c,2026-08-22T16:15:00Z,2026-08-22T18:15:00+0200,0.0,MW,NL,NL,actual_solar_generation,Solar | Actual Consumption,2026-08-26T03:46:52Z
2026-08-26T03:42:24Z,2026-08-26T05:42:24+0200,e96b9d4a-1054-48fe-90c7-5f4aaf55485c,2026-08-22T16:30:00Z,2026-08-22T18:30:00+0200,42.22,MW,NL,NL,actual_solar_generation,Solar | Actual Aggregated,2026-08-26T03:46:52Z
2026-08-26T03:42:24Z,2026-08-26T05:42:24+0200,e96b9d4a-1054-48fe-90c7-5f4aaf55485c,2026-08-22T16:30:00Z,2026-08-22T18:30:00+0200,0.0,MW,NL,NL,actual_solar_generation,Solar | Actual Consumption,2026-08-26T03:46:52Z
2026-08-26T03:42:24Z,2026-08-26T05:42:24+0200,e96b9d4a-1054-48fe-90c7-5f4aaf55485c,2026-08-22T16:45:00Z,2026-08-22T18:45:00+0200,34.215,MW,NL,NL,actual_solar_generation,Solar | Actual Aggregated,2026-08-26T03:46:52Z
2026-08-26T03:42:24Z,2026-08-26T05:42:24+0200,e96b9d4a-1054-48fe-90c7-5f4aaf55485c,2026-08-22T16:45:00Z,2026-08-22T18:45:00+0200,0.0,MW,NL,NL,actual_solar_generation,Solar | Actual Consumption,2026-08-26T03:46:52Z
2026-08-26T03:42:24Z,2026-08-26T05:42:24+0200,e96b9d4a-1054-48fe-90c7-5f4aaf55485c,2026-08-22T17:00:00Z,2026-08-22T19:00:00+0200,37.33,MW,NL,NL,actual_solar_generation,Solar | Actual Aggregated,2026-08-26T03:46:52Z
2026-08-26T03:42:24Z,2026-08-26T05:42:24+0200,e96b9d4a-1054-48fe-90c7-5f4aaf55485c,2026-08-22T17:00:00Z,2026-08-22T19:00:00+0200,0.0,MW,NL,NL,actual_solar_generation,Solar | Actual Consumption,2026-08-26T03:46:52Z
2026-08-26T03:42:24Z,2026-08-26T05:42:24+0200,e96b9d4a-1054-48fe-90c7-5f4aaf55485c,2026-08-22T17:15:00Z,2026-08-22T19:15:00+0200,17.714,MW,NL,NL,actual_solar_generation,Solar | Actual Aggregated,2026-08-26T03:46:52Z
2026-08-26T03:42:24Z,2026-08-26T05:42:24+0200,e96b9d4a-1054-48fe-90c7-5f4aaf55485c,2026-08-22T17:15:00Z,2026-08-22T19:15:00+0200,0.0,MW,NL,NL,actual_solar_generation,Solar | Actual Consumption,2026-08-26T03:46:52Z
2026-08-26T03:42:24Z,2026-08-26T05:42:24+0200,e96b9d4a-1054-48fe-90c7-5f4aaf55485c,2026-08-22T17:30:00Z,2026-08-22T19:30:00+0200,15.238,MW,NL,NL,actual_solar_generation,Solar | Actual Aggregated,2026-08-26T03:46:52Z
2026-08-26T03:42:24Z,2026-08-26T05:42:24+0200,e96b9d4a-1054-48fe-90c7-5f4aaf55485c,2026-08-22T17:30:00Z,2026-08-22T19:30:00+0200,0.0,MW,NL,NL,actual_solar_generation,Solar | Actual Consumption,2026-08-26T03:46:52Z
2026-08-26T03:42:24Z,2026-08-26T05:42:24+0200,e96b9d4a-1054-48fe-90c7-5f4aaf55485c,2026-08-22T17:45:00Z,2026-08-22T19:45:00+0200,9.653,MW,NL,NL,actual_solar_generation,Solar | Actual Aggregated,2026-08-26T03:46:52Z
2026-08-26T03:42:24Z,2026-08-26T05:42:24+0200,e96b9d4a-1054-48fe-90c7-5f4aaf55485c,2026-08-22T17:45:00Z,2026-08-22T19:45:00+0200,0.0,MW,NL,NL,actual_solar_generation,Solar | Actual Consumption,2026-08-26T03:46:52Z
2026-08-26T03:42:24Z,2026-08-26T05:42:24+0200,e96b9d4a-1054-48fe-90c7-5f4aaf55485c,2026-08-22T18:00:00Z,2026-08-22T20:00:00+0200,5.298,MW,NL,NL,actual_solar_generation,Solar | Actual Aggregated,2026-08-26T03:46:52Z
2026-08-26T03:42:24Z,2026-08-26T05:42:24+0200,e96b9d4a-1054-48fe-90c7-5f4aaf55485c,2026-08-22T18:00:00Z,2026-08-22T20:00:00+0200,0.0,MW,NL,NL,actual_solar_generation,Solar | Actual Consumption,2026-08-26T03:46:52Z
2026-08-26T03:42:24Z,2026-08-26T05:42:24+0200,e96b9d4a-1054-48fe-90c7-5f4aaf55485c,2026-08-22T18:15:00Z,2026-08-22T20:15:00+0200,2.778,MW,NL,NL,actual_solar_generation,Solar | Actual Aggregated,2026-08-26T03:46:52Z
2026-08-26T03:42:24Z,2026-08-26T05:42:24+0200,e96b9d4a-1054-48fe-90c7-5f4aaf55485c,2026-08-22T18:15:00Z,2026-08-22T20:15:00+0200,0.0,MW,NL,NL,actual_solar_generation,Solar | Actual Consumption,2026-08-26T03:46:52Z
2026-08-26T03:42:24Z,2026-08-26T05:42:24+0200,e96b9d4a-1054-48fe-90c7-5f4aaf55485c,2026-08-22T18:30:00Z,2026-08-22T20:30:00+0200,0.192,MW,NL,NL,actual_solar_generation,Solar | Actual Aggregated,2026-08-26T03:46:52Z
2026-08-26T03:42:24Z,2026-08-26T05:42:24+0200,e96b9d4a-1054-48fe-90c7-5f4aaf55485c,2026-08-22T18:30:00Z,2026-08-22T20:30:00+0200,0.0,MW,NL,NL,actual_solar_generation,Solar | Actual Consumption,2026-08-26T03:46:52Z
2026-08-26T03:42:24Z,2026-08-26T05:42:24+0200,e96b9d4a-1054-48fe-90c7-5f4aaf55485c,2026-08-22T18:45:00Z,2026-08-22T20:45:00+0200,0.0,MW,NL,NL,actual_solar_generation,Solar | Actual Aggregated,2026-08-26T03:46:52Z
2026-08-26T03:42:24Z,2026-08-26T05:42:24+0200,e96b9d4a-1054-48fe-90c7-5f4aaf55485c,2026-08-22T18:45:00Z,2026-08-22T20:45:00+0200,0.136,MW,NL,NL,actual_solar_generation,Solar | Actual Consumption,2026-08-26T03:46:52Z
2026-08-26T03:42:24Z,2026-08-26T05:42:24+0200,e96b9d4a-1054-48fe-90c7-5f4aaf55485c,2026-08-22T19:00:00Z,2026-08-22T21:00:00+0200,0.0,MW,NL,NL,actual_solar_generation,Solar | Actual Aggregated,2026-08-26T03:46:52Z
2026-08-26T03:42:24Z,2026-08-26T05:42:24+0200,e96b9d4a-1054-48fe-90c7-5f4aaf55485c,2026-08-22T19:00:00Z,2026-08-22T21:00:00+0200,0.118,MW,NL,NL,actual_solar_generation,Solar | Actual Consumption,2026-08-26T03:46:52Z
2026-08-26T03:42:24Z,2026-08-26T05:42:24+0200,e96b9d4a-1054-48fe-90c7-5f4aaf55485c,2026-08-22T19:15:00Z,2026-08-22T21:15:00+0200,0.0,MW,NL,NL,actual_solar_generation,Solar | Actual Aggregated,2026-08-26T03:46:52Z
2026-08-26T03:42:24Z,2026-08-26T05:42:24+0200,e96b9d4a-1054-48fe-90c7-5f4aaf55485c,2026-08-22T19:15:00Z,2026-08-22T21:15:00+0200,0.139,MW,NL,NL,actual_solar_generation,Solar | Actual Consumption,2026-08-26T03:46:52Z
2026-08-26T03:42:24Z,2026-08-26T05:42:24+0200,e96b9d4a-1054-48fe-90c7-5f4aaf55485c,2026-08-22T19:30:00Z,2026-08-22T21:30:00+0200,0.0,MW,NL,NL,actual_solar_generation,Solar | Actual Aggregated,2026-08-26T03:46:52Z
2026-08-26T03:42:24Z,2026-08-26T05:42:24+0200,e96b9d4a-1054-48fe-90c7-5f4aaf55485c,2026-08-22T19:30:00Z,2026-08-22T21:30:00+0200,0.128,MW,NL,NL,actual_solar_generation,Solar | Actual Consumption,2026-08-26T03:46:52Z
2026-08-26T03:42:24Z,2026-08-26T05:42:24+0200,e96b9d4a-1054-48fe-90c7-5f4aaf55485c,2026-08-22T19:45:00Z,2026-08-22T21:45:00+0200,0.0,MW,NL,NL,actual_solar_generation,Solar | Actual Aggregated,2026-08-26T03:46:52Z
2026-08-26T03:42:24Z,2026-08-26T05:42:24+0200,e96b9d4a-1054-48fe-90c7-5f4aaf55485c,2026-08-22T19:45:00Z,2026-08-22T21:45:00+0200,0.122,MW,NL,NL,actual_solar_generation,Solar | Actual Consumption,2026-08-26T03:46:52Z
2026-08-26T03:42:24Z,2026-08-26T05:42:24+0200,e96b9d4a-1054-48fe-90c7-5f4aaf55485c,2026-08-22T20:00:00Z,2026-08-22T22:00:00+0200,0.0,MW,NL,NL,actual_solar_generation,Solar | Actual Aggregated,2026-08-26T03:46:52Z
2026-08-26T03:42:24Z,2026-08-26T05:42:24+0200,e96b9d4a-1054-48fe-90c7-5f4aaf55485c,2026-08-22T20:00:00Z,2026-08-22T22:00:00+0200,0.141,MW,NL,NL,actual_solar_generation,Solar | Actual Consumption,2026-08-26T03:46:52Z
2026-08-26T03:42:24Z,2026-08-26T05:42:24+0200,e96b9d4a-1054-48fe-90c7-5f4aaf55485c,2026-08-22T20:15:00Z,2026-08-22T22:15:00+0200,0.0,MW,NL,NL,actual_solar_generation,Solar | Actual Aggregated,2026-08-26T03:46:52Z
2026-08-26T03:42:24Z,2026-08-26T05:42:24+0200,e96b9d4a-1054-48fe-90c7-5f4aaf55485c,2026-08-22T20:15:00Z,2026-08-22T22:15:00+0200,0.117,MW,NL,NL,actual_solar_generation,Solar | Actual Consumption,2026-08-26T03:46:52Z
2026-08-26T03:42:24Z,2026-08-26T05:42:24+0200,e96b9d4a-1054-48fe-90c7-5f4aaf55485c,2026-08-22T20:30:00Z,2026-08-22T22:30:00+0200,0.0,MW,NL,NL,actual_solar_generation,Solar | Actual Aggregated,2026-08-26T03:46:52Z
2026-08-26T03:42:24Z,2026-08-26T05:42:24+0200,e96b9d4a-1054-48fe-90c7-5f4aaf55485c,2026-08-22T20:30:00Z,2026-08-22T22:30:00+0200,0.132,MW,NL,NL,actual_solar_generation,Solar | Actual Consumption,2026-08-26T03:46:52Z
2026-08-26T03:42:24Z,2026-08-26T05:42:24+0200,e96b9d4a-1054-48fe-90c7-5f4aaf55485c,2026-08-22T20:45:00Z,2026-08-22T22:45:00+0200,0.0,MW,NL,NL,actual_solar_generation,Solar | Actual Aggregated,2026-08-26T03:46:52Z
2026-08-26T03:42:24Z,2026-08-26T05:42:24+0200,e96b9d4a-1054-48fe-90c7-5f4aaf55485c,2026-08-22T20:45:00Z,2026-08-22T22:45:00+0200,0.132,MW,NL,NL,actual_solar_generation,Solar | Actual Consumption,2026-08-26T03:46:52Z
2026-08-26T03:42:24Z,2026-08-26T05:42:24+0200,e96b9d4a-1054-48fe-90c7-5f4aaf55485c,2026-08-22T21:00:00Z,2026-08-22T23:00:00+0200,0.0,MW,NL,NL,actual_solar_generation,Solar | Actual Aggregated,2026-08-26T03:46:52Z
2026-08-26T03:42:24Z,2026-08-26T05:42:24+0200,e96b9d4a-1054-48fe-90c7-5f4aaf55485c,2026-08-22T21:00:00Z,2026-08-22T23:00:00+0200,0.132,MW,NL,NL,actual_solar_generation,Solar | Actual Consumption,2026-08-26T03:46:52Z
2026-08-26T03:42:24Z,2026-08-26T05:42:24+0200,e96b9d4a-1054-48fe-90c7-5f4aaf55485c,2026-08-22T21:15:00Z,2026-08-22T23:15:00+0200,0.0,MW,NL,NL,actual_solar_generation,Solar | Actual Aggregated,2026-08-26T03:46:52Z
2026-08-26T03:42:24Z,2026-08-26T05:42:24+0200,e96b9d4a-1054-48fe-90c7-5f4aaf55485c,2026-08-22T21:15:00Z,2026-08-22T23:15:00+0200,0.129,MW,NL,NL,actual_solar_generation,Solar | Actual Consumption,2026-08-26T03:46:52Z
2026-08-26T03:42:24Z,2026-08-26T05:42:24+0200,e96b9d4a-1054-48fe-90c7-5f4aaf55485c,2026-08-22T21:30:00Z,2026-08-22T23:30:00+0200,0.0,MW,NL,NL,actual_solar_generation,Solar | Actual Aggregated,2026-08-26T03:46:52Z
2026-08-26T03:42:24Z,2026-08-26T05:42:24+0200,e96b9d4a-1054-48fe-90c7-5f4aaf55485c,2026-08-22T21:30:00Z,2026-08-22T23:30:00+0200,0.123,MW,NL,NL,actual_solar_generation,Solar | Actual Consumption,2026-08-26T03:46:52Z
2026-08-26T03:42:24Z,2026-08-26T05:42:24+0200,e96b9d4a-1054-48fe-90c7-5f4aaf55485c,2026-08-22T21:45:00Z,2026-08-22T23:45:00+0200,0.0,MW,NL,NL,actual_solar_generation,Solar | Actual Aggregated,2026-08-26T03:46:52Z
2026-08-26T03:42:24Z,2026-08-26T05:42:24+0200,e96b9d4a-1054-48fe-90c7-5f4aaf55485c,2026-08-22T21:45:00Z,2026-08-22T23:45:00+0200,0.129,MW,NL,NL,actual_solar_generation,Solar | Actual Consumption,2026-08-26T03:46:52Z
2026-08-26T03:42:24Z,2026-08-26T05:42:24+0200,e96b9d4a-1054-48fe-90c7-5f4aaf55485c,2026-08-22T22:00:00Z,2026-08-23T00:00:00+0200,0.0,MW,NL,NL,actual_solar_generation,Solar | Actual Aggregated,2026-08-26T03:46:52Z
2026-08-26T03:42:24Z,2026-08-26T05:42:24+0200,e96b9d4a-1054-48fe-90c7-5f4aaf55485c,2026-08-22T22:00:00Z,2026-08-23T00:00:00+0200,0.133,MW,NL,NL,actual_solar_generation,Solar | Actual Consumption,2026-08-26T03:46:52Z
2026-08-26T03:42:24Z,2026-08-26T05:42:24+0200,e96b9d4a-1054-48fe-90c7-5f4aaf55485c,2026-08-22T22:15:00Z,2026-08-23T00:15:00+0200,0.0,MW,NL,NL,actual_solar_generation,Solar | Actual Aggregated,2026-08-26T03:46:52Z
2026-08-26T03:42:24Z,2026-08-26T05:42:24+0200,e96b9d4a-1054-48fe-90c7-5f4aaf55485c,2026-08-22T22:15:00Z,2026-08-23T00:15:00+0200,0.133,MW,NL,NL,actual_solar_generation,Solar | Actual Consumption,2026-08-26T03:46:52Z
2026-08-26T03:42:24Z,2026-08-26T05:42:24+0200,e96b9d4a-1054-48fe-90c7-5f4aaf55485c,2026-08-22T22:30:00Z,2026-08-23T00:30:00+0200,0.0,MW,NL,NL,actual_solar_generation,Solar | Actual Aggregated,2026-08-26T03:46:52Z
2026-08-26T03:42:24Z,2026-08-26T05:42:24+0200,e96b9d4a-1054-48fe-90c7-5f4aaf55485c,2026-08-22T22:30:00Z,2026-08-23T00:30:00+0200,0.129,MW,NL,NL,actual_solar_generation,Solar | Actual Consumption,2026-08-26T03:46:52Z
2026-08-26T03:42:24Z,2026-08-26T05:42:24+0200,e96b9d4a-1054-48fe-90c7-5f4aaf55485c,2026-08-22T22:45:00Z,2026-08-23T00:45:00+0200,0.0,MW,NL,NL,actual_solar_generation,Solar | Actual Aggregated,2026-08-26T03:46:52Z
2026-08-26T03:42:24Z,2026-08-26T05:42:24+0200,e96b9d4a-1054-48fe-90c7-5f4aaf55485c,2026-08-22T22:45:00Z,2026-08-23T00:45:00+0200,0.122,MW,NL,NL,actual_solar_generation,Solar | Actual Consumption,2026-08-26T03:46:52Z
2026-08-26T03:42:24Z,2026-08-26T05:42:24+0200,e96b9d4a-1054-48fe-90c7-5f4aaf55485c,2026-08-22T23:00:00Z,2026-08-23T01:00:00+0200,0.0,MW,NL,NL,actual_solar_generation,Solar | Actual Aggregated,2026-08-26T03:46:52Z
2026-08-26T03:42:24Z,2026-08-26T05:42:24+0200,e96b9d4a-1054-48fe-90c7-5f4aaf55485c,2026-08-22T23:00:00Z,2026-08-23T01:00:00+0200,0.124,MW,NL,NL,actual_solar_generation,Solar | Actual Consumption,2026-08-26T03:46:52Z
2026-08-26T03:42:24Z,2026-08-26T05:42:24+0200,e96b9d4a-1054-48fe-90c7-5f4aaf55485c,2026-08-22T23:15:00Z,2026-08-23T01:15:00+0200,0.0,MW,NL,NL,actual_solar_generation,Solar | Actual Aggregated,2026-08-26T03:46:52Z
2026-08-26T03:42:24Z,2026-08-26T05:42:24+0200,e96b9d4a-1054-48fe-90c7-5f4aaf55485c,2026-08-22T23:15:00Z,2026-08-23T01:15:00+0200,0.125,MW,NL,NL,actual_solar_generation,Solar | Actual Consumption,2026-08-26T03:46:52Z
2026-08-26T03:42:24Z,2026-08-26T05:42:24+0200,e96b9d4a-1054-48fe-90c7-5f4aaf55485c,2026-08-22T23:30:00Z,2026-08-23T01:30:00+0200,0.0,MW,NL,NL,actual_solar_generation,Solar | Actual Aggregated,2026-08-26T03:46:52Z
2026-08-26T03:42:24Z,2026-08-26T05:42:24+0200,e96b9d4a-1054-48fe-90c7-5f4aaf55485c,2026-08-22T23:30:00Z,2026-08-23T01:30:00+0200,0.125,MW,NL,NL,actual_solar_generation,Solar | Actual Consumption,2026-08-26T03:46:52Z
2026-08-26T03:42:24Z,2026-08-26T05:42:24+0200,e96b9d4a-1054-48fe-90c7-5f4aaf55485c,2026-08-22T23:45:00Z,2026-08-23T01:45:00+0200,0.0,MW,NL,NL,actual_solar_generation,Solar | Actual Aggregated,2026-08-26T03:46:52Z
2026-08-26T03:42:24Z,2026-08-26T05:42:24+0200,e96b9d4a-1054-48fe-90c7-5f4aaf55485c,2026-08-22T23:45:00Z,2026-08-23T01:45:00+0200,0.125,MW,NL,NL,actual_solar_generation,Solar | Actual Consumption,2026-08-26T03:46:52Z
2026-08-26T03:42:24Z,2026-08-26T05:42:24+0200,e96b9d4a-1054-48fe-90c7-5f4aaf55485c,2026-08-23T00:00:00Z,2026-08-23T02:00:00+0200,0.0,MW,NL,NL,actual_solar_generation,Solar | Actual Aggregated,2026-08-26T03:46:52Z
2026-08-26T03:42:24Z,2026-08-26T05:42:24+0200,e96b9d4a-1054-48fe-90c7-5f4aaf55485c,2026-08-23T00:00:00Z,2026-08-23T02:00:00+0200,0.125,MW,NL,NL,actual_solar_generation,Solar | Actual Consumption,2026-08-26T03:46:52Z
2026-08-26T03:42:24Z,2026-08-26T05:42:24+0200,e96b9d4a-1054-48fe-90c7-5f4aaf55485c,2026-08-23T00:15:00Z,2026-08-23T02:15:00+0200,0.0,MW,NL,NL,actual_solar_generation,Solar | Actual Aggregated,2026-08-26T03:46:52Z
2026-08-26T03:42:24Z,2026-08-26T05:42:24+0200,e96b9d4a-1054-48fe-90c7-5f4aaf55485c,2026-08-23T00:15:00Z,2026-08-23T02:15:00+0200,0.125,MW,NL,NL,actual_solar_generation,Solar | Actual Consumption,2026-08-26T03:46:52Z
2026-08-26T03:42:24Z,2026-08-26T05:42:24+0200,e96b9d4a-1054-48fe-90c7-5f4aaf55485c,2026-08-23T00:30:00Z,2026-08-23T02:30:00+0200,0.0,MW,NL,NL,actual_solar_generation,Solar | Actual Aggregated,2026-08-26T03:46:52Z
2026-08-26T03:42:24Z,2026-08-26T05:42:24+0200,e96b9d4a-1054-48fe-90c7-5f4aaf55485c,2026-08-23T00:30:00Z,2026-08-23T02:30:00+0200,0.125,MW,NL,NL,actual_solar_generation,Solar | Actual Consumption,2026-08-26T03:46:52Z
2026-08-26T03:42:24Z,2026-08-26T05:42:24+0200,e96b9d4a-1054-48fe-90c7-5f4aaf55485c,2026-08-23T00:45:00Z,2026-08-23T02:45:00+0200,0.0,MW,NL,NL,actual_solar_generation,Solar | Actual Aggregated,2026-08-26T03:46:52Z
2026-08-26T03:42:24Z,2026-08-26T05:42:24+0200,e96b9d4a-1054-48fe-90c7-5f4aaf55485c,2026-08-23T00:45:00Z,2026-08-23T02:45:00+0200,0.125,MW,NL,NL,actual_solar_generation,Solar | Actual Consumption,2026-08-26T03:46:52Z
2026-08-26T03:42:24Z,2026-08-26T05:42:24+0200,e96b9d4a-1054-48fe-90c7-5f4aaf55485c,2026-08-23T01:00:00Z,2026-08-23T03:00:00+0200,0.0,MW,NL,NL,actual_solar_generation,Solar | Actual Aggregated,2026-08-26T03:46:52Z
2026-08-26T03:42:24Z,2026-08-26T05:42:24+0200,e96b9d4a-1054-48fe-90c7-5f4aaf55485c,2026-08-23T01:00:00Z,2026-08-23T03:00:00+0200,0.125,MW,NL,NL,actual_solar_generation,Solar | Actual Consumption,2026-08-26T03:46:52Z
2026-08-26T03:42:24Z,2026-08-26T05:42:24+0200,e96b9d4a-1054-48fe-90c7-5f4aaf55485c,2026-08-23T01:15:00Z,2026-08-23T03:15:00+0200,0.0,MW,NL,NL,actual_solar_generation,Solar | Actual Aggregated,2026-08-26T03:46:52Z
2026-08-26T03:42:24Z,2026-08-26T05:42:24+0200,e96b9d4a-1054-48fe-90c7-5f4aaf55485c,2026-08-23T01:15:00Z,2026-08-23T03:15:00+0200,0.125,MW,NL,NL,actual_solar_generation,Solar | Actual Consumption,2026-08-26T03:46:52Z
2026-08-26T03:42:24Z,2026-08-26T05:42:24+0200,e96b9d4a-1054-48fe-90c7-5f4aaf55485c,2026-08-23T01:30:00Z,2026-08-23T03:30:00+0200,0.0,MW,NL,NL,actual_solar_generation,Solar | Actual Aggregated,2026-08-26T03:46:52Z
2026-08-26T03:42:24Z,2026-08-26T05:42:24+0200,e96b9d4a-1054-48fe-90c7-5f4aaf55485c,2026-08-23T01:30:00Z,2026-08-23T03:30:00+0200,0.125,MW,NL,NL,actual_solar_generation,Solar | Actual Consumption,2026-08-26T03:46:52Z
2026-08-26T03:42:24Z,2026-08-26T05:42:24+0200,e96b9d4a-1054-48fe-90c7-5f4aaf55485c,2026-08-23T01:45:00Z,2026-08-23T03:45:00+0200,0.0,MW,NL,NL,actual_solar_generation,Solar | Actual Aggregated,2026-08-26T03:46:52Z
2026-08-26T03:42:24Z,2026-08-26T05:42:24+0200,e96b9d4a-1054-48fe-90c7-5f4aaf55485c,2026-08-23T01:45:00Z,2026-08-23T03:45:00+0200,0.125,MW,NL,NL,actual_solar_generation,Solar | Actual Consumption,2026-08-26T03:46:52Z
2026-08-26T03:42:24Z,2026-08-26T05:42:24+0200,e96b9d4a-1054-48fe-90c7-5f4aaf55485c,2026-08-23T02:00:00Z,2026-08-23T04:00:00+0200,0.0,MW,NL,NL,actual_solar_generation,Solar | Actual Aggregated,2026-08-26T03:46:52Z
2026-08-26T03:42:24Z,2026-08-26T05:42:24+0200,e96b9d4a-1054-48fe-90c7-5f4aaf55485c,2026-08-23T02:00:00Z,2026-08-23T04:00:00+0200,0.125,MW,NL,NL,actual_solar_generation,Solar | Actual Consumption,2026-08-26T03:46:52Z
2026-08-26T03:42:24Z,2026-08-26T05:42:24+0200,e96b9d4a-1054-48fe-90c7-5f4aaf55485c,2026-08-23T02:15:00Z,2026-08-23T04:15:00+0200,0.0,MW,NL,NL,actual_solar_generation,Solar | Actual Aggregated,2026-08-26T03:46:52Z
2026-08-26T03:42:24Z,2026-08-26T05:42:24+0200,e96b9d4a-1054-48fe-90c7-5f4aaf55485c,2026-08-23T02:15:00Z,2026-08-23T04:15:00+0200,0.125,MW,NL,NL,actual_solar_generation,Solar | Actual Consumption,2026-08-26T03:46:52Z
2026-08-26T03:42:24Z,2026-08-26T05:42:24+0200,e96b9d4a-1054-48fe-90c7-5f4aaf55485c,2026-08-23T02:30:00Z,2026-08-23T04:30:00+0200,0.0,MW,NL,NL,actual_solar_generation,Solar | Actual Aggregated,2026-08-26T03:46:52Z
2026-08-26T03:42:24Z,2026-08-26T05:42:24+0200,e96b9d4a-1054-48fe-90c7-5f4aaf55485c,2026-08-23T02:30:00Z,2026-08-23T04:30:00+0200,0.125,MW,NL,NL,actual_solar_generation,Solar | Actual Consumption,2026-08-26T03:46:52Z
2026-08-26T03:42:24Z,2026-08-26T05:42:24+0200,e96b9d4a-1054-48fe-90c7-5f4aaf55485c,2026-08-23T02:45:00Z,2026-08-23T04:45:00+0200,0.0,MW,NL,NL,actual_solar_generation,Solar | Actual Aggregated,2026-08-26T03:46:52Z
2026-08-26T03:42:24Z,2026-08-26T05:42:24+0200,e96b9d4a-1054-48fe-90c7-5f4aaf55485c,2026-08-23T02:45:00Z,2026-08-23T04:45:00+0200,0.125,MW,NL,NL,actual_solar_generation,Solar | Actual Consumption,2026-08-26T03:46:52Z
2026-08-26T03:42:24Z,2026-08-26T05:42:24+0200,e96b9d4a-1054-48fe-90c7-5f4aaf55485c,2026-08-23T03:00:00Z,2026-08-23T05:00:00+0200,0.0,MW,NL,NL,actual_solar_generation,Solar | Actual Aggregated,2026-08-26T03:46:52Z
2026-08-26T03:42:24Z,2026-08-26T05:42:24+0200,e96b9d4a-1054-48fe-90c7-5f4aaf55485c,2026-08-23T03:00:00Z,2026-08-23T05:00:00+0200,0.132,MW,NL,NL,actual_solar_generation,Solar | Actual Consumption,2026-08-26T03:46:52Z
2026-08-26T03:42:24Z,2026-08-26T05:42:24+0200,e96b9d4a-1054-48fe-90c7-5f4aaf55485c,2026-08-23T03:15:00Z,2026-08-23T05:15:00+0200,0.0,MW,NL,NL,actual_solar_generation,Solar | Actual Aggregated,2026-08-26T03:46:52Z
2026-08-26T03:42:24Z,2026-08-26T05:42:24+0200,e96b9d4a-1054-48fe-90c7-5f4aaf55485c,2026-08-23T03:15:00Z,2026-08-23T05:15:00+0200,0.135,MW,NL,NL,actual_solar_generation,Solar | Actual Consumption,2026-08-26T03:46:52Z
2026-08-26T03:42:24Z,2026-08-26T05:42:24+0200,e96b9d4a-1054-48fe-90c7-5f4aaf55485c,2026-08-23T03:30:00Z,2026-08-23T05:30:00+0200,0.0,MW,NL,NL,actual_solar_generation,Solar | Actual Aggregated,2026-08-26T03:46:52Z
2026-08-26T03:42:24Z,2026-08-26T05:42:24+0200,e96b9d4a-1054-48fe-90c7-5f4aaf55485c,2026-08-23T03:30:00Z,2026-08-23T05:30:00+0200,0.113,MW,NL,NL,actual_solar_generation,Solar | Actual Consumption,2026-08-26T03:46:52Z
2026-08-26T03:42:24Z,2026-08-26T05:42:24+0200,e96b9d4a-1054-48fe-90c7-5f4aaf55485c,2026-08-23T03:45:00Z,2026-08-23T05:45:00+0200,0.0,MW,NL,NL,actual_solar_generation,Solar | Actual Aggregated,2026-08-26T03:46:52Z
2026-08-26T03:42:24Z,2026-08-26T05:42:24+0200,e96b9d4a-1054-48fe-90c7-5f4aaf55485c,2026-08-23T03:45:00Z,2026-08-23T05:45:00+0200,0.125,MW,NL,NL,actual_solar_generation,Solar | Actual Consumption,2026-08-26T03:46:52Z
2026-08-26T03:42:24Z,2026-08-26T05:42:24+0200,e96b9d4a-1054-48fe-90c7-5f4aaf55485c,2026-08-23T04:00:00Z,2026-08-23T06:00:00+0200,0.0,MW,NL,NL,actual_solar_generation,Solar | Actual Aggregated,2026-08-26T03:46:52Z
2026-08-26T03:42:24Z,2026-08-26T05:42:24+0200,e96b9d4a-1054-48fe-90c7-5f4aaf55485c,2026-08-23T04:00:00Z,2026-08-23T06:00:00+0200,0.125,MW,NL,NL,actual_solar_generation,Solar | Actual Consumption,2026-08-26T03:46:52Z
2026-08-26T03:42:24Z,2026-08-26T05:42:24+0200,e96b9d4a-1054-48fe-90c7-5f4aaf55485c,2026-08-23T04:15:00Z,2026-08-23T06:15:00+0200,0.0,MW,NL,NL,actual_solar_generation,Solar | Actual Aggregated,2026-08-26T03:46:52Z
2026-08-26T03:42:24Z,2026-08-26T05:42:24+0200,e96b9d4a-1054-48fe-90c7-5f4aaf55485c,2026-08-23T04:15:00Z,2026-08-23T06:15:00+0200,0.125,MW,NL,NL,actual_solar_generation,Solar | Actual Consumption,2026-08-26T03:46:52Z
2026-08-26T03:42:24Z,2026-08-26T05:42:24+0200,e96b9d4a-1054-48fe-90c7-5f4aaf55485c,2026-08-23T04:30:00Z,2026-08-23T06:30:00+0200,0.425,MW,NL,NL,actual_solar_generation,Solar | Actual Aggregated,2026-08-26T03:46:52Z
2026-08-26T03:42:24Z,2026-08-26T05:42:24+0200,e96b9d4a-1054-48fe-90c7-5f4aaf55485c,2026-08-23T04:30:00Z,2026-08-23T06:30:00+0200,0.0,MW,NL,NL,actual_solar_generation,Solar | Actual Consumption,2026-08-26T03:46:52Z
2026-08-26T03:42:24Z,2026-08-26T05:42:24+0200,e96b9d4a-1054-48fe-90c7-5f4aaf55485c,2026-08-23T04:45:00Z,2026-08-23T06:45:00+0200,4.63,MW,NL,NL,actual_solar_generation,Solar | Actual Aggregated,2026-08-26T03:46:52Z
2026-08-26T03:42:24Z,2026-08-26T05:42:24+0200,e96b9d4a-1054-48fe-90c7-5f4aaf55485c,2026-08-23T04:45:00Z,2026-08-23T06:45:00+0200,0.0,MW,NL,NL,actual_solar_generation,Solar | Actual Consumption,2026-08-26T03:46:52Z
2026-08-26T03:42:24Z,2026-08-26T05:42:24+0200,e96b9d4a-1054-48fe-90c7-5f4aaf55485c,2026-08-23T05:00:00Z,2026-08-23T07:00:00+0200,8.976,MW,NL,NL,actual_solar_generation,Solar | Actual Aggregated,2026-08-26T03:46:52Z
2026-08-26T03:42:24Z,2026-08-26T05:42:24+0200,e96b9d4a-1054-48fe-90c7-5f4aaf55485c,2026-08-23T05:00:00Z,2026-08-23T07:00:00+0200,0.0,MW,NL,NL,actual_solar_generation,Solar | Actual Consumption,2026-08-26T03:46:52Z
2026-08-26T03:42:24Z,2026-08-26T05:42:24+0200,e96b9d4a-1054-48fe-90c7-5f4aaf55485c,2026-08-23T05:15:00Z,2026-08-23T07:15:00+0200,10.823,MW,NL,NL,actual_solar_generation,Solar | Actual Aggregated,2026-08-26T03:46:52Z
2026-08-26T03:42:24Z,2026-08-26T05:42:24+0200,e96b9d4a-1054-48fe-90c7-5f4aaf55485c,2026-08-23T05:15:00Z,2026-08-23T07:15:00+0200,0.0,MW,NL,NL,actual_solar_generation,Solar | Actual Consumption,2026-08-26T03:46:52Z
2026-08-26T03:42:24Z,2026-08-26T05:42:24+0200,e96b9d4a-1054-48fe-90c7-5f4aaf55485c,2026-08-23T05:30:00Z,2026-08-23T07:30:00+0200,16.008,MW,NL,NL,actual_solar_generation,Solar | Actual Aggregated,2026-08-26T03:46:52Z
2026-08-26T03:42:24Z,2026-08-26T05:42:24+0200,e96b9d4a-1054-48fe-90c7-5f4aaf55485c,2026-08-23T05:30:00Z,2026-08-23T07:30:00+0200,0.0,MW,NL,NL,actual_solar_generation,Solar | Actual Consumption,2026-08-26T03:46:52Z
2026-08-26T03:42:24Z,2026-08-26T05:42:24+0200,e96b9d4a-1054-48fe-90c7-5f4aaf55485c,2026-08-23T05:45:00Z,2026-08-23T07:45:00+0200,19.779,MW,NL,NL,actual_solar_generation,Solar | Actual Aggregated,2026-08-26T03:46:52Z
2026-08-26T03:42:24Z,2026-08-26T05:42:24+0200,e96b9d4a-1054-48fe-90c7-5f4aaf55485c,2026-08-23T05:45:00Z,2026-08-23T07:45:00+0200,0.0,MW,NL,NL,actual_solar_generation,Solar | Actual Consumption,2026-08-26T03:46:52Z
2026-08-26T03:42:24Z,2026-08-26T05:42:24+0200,e96b9d4a-1054-48fe-90c7-5f4aaf55485c,2026-08-23T06:00:00Z,2026-08-23T08:00:00+0200,26.927,MW,NL,NL,actual_solar_generation,Solar | Actual Aggregated,2026-08-26T03:46:52Z
2026-08-26T03:42:24Z,2026-08-26T05:42:24+0200,e96b9d4a-1054-48fe-90c7-5f4aaf55485c,2026-08-23T06:00:00Z,2026-08-23T08:00:00+0200,0.0,MW,NL,NL,actual_solar_generation,Solar | Actual Consumption,2026-08-26T03:46:52Z
2026-08-26T03:42:24Z,2026-08-26T05:42:24+0200,e96b9d4a-1054-48fe-90c7-5f4aaf55485c,2026-08-23T06:15:00Z,2026-08-23T08:15:00+0200,33.551,MW,NL,NL,actual_solar_generation,Solar | Actual Aggregated,2026-08-26T03:46:52Z
2026-08-26T03:42:24Z,2026-08-26T05:42:24+0200,e96b9d4a-1054-48fe-90c7-5f4aaf55485c,2026-08-23T06:15:00Z,2026-08-23T08:15:00+0200,0.0,MW,NL,NL,actual_solar_generation,Solar | Actual Consumption,2026-08-26T03:46:52Z
2026-08-26T03:42:24Z,2026-08-26T05:42:24+0200,e96b9d4a-1054-48fe-90c7-5f4aaf55485c,2026-08-23T06:30:00Z,2026-08-23T08:30:00+0200,47.905,MW,NL,NL,actual_solar_generation,Solar | Actual Aggregated,2026-08-26T03:46:52Z
2026-08-26T03:42:24Z,2026-08-26T05:42:24+0200,e96b9d4a-1054-48fe-90c7-5f4aaf55485c,2026-08-23T06:30:00Z,2026-08-23T08:30:00+0200,0.0,MW,NL,NL,actual_solar_generation,Solar | Actual Consumption,2026-08-26T03:46:52Z
2026-08-26T03:42:24Z,2026-08-26T05:42:24+0200,e96b9d4a-1054-48fe-90c7-5f4aaf55485c,2026-08-23T06:45:00Z,2026-08-23T08:45:00+0200,54.707,MW,NL,NL,actual_solar_generation,Solar | Actual Aggregated,2026-08-26T03:46:52Z
2026-08-26T03:42:24Z,2026-08-26T05:42:24+0200,e96b9d4a-1054-48fe-90c7-5f4aaf55485c,2026-08-23T06:45:00Z,2026-08-23T08:45:00+0200,0.0,MW,NL,NL,actual_solar_generation,Solar | Actual Consumption,2026-08-26T03:46:52Z
2026-08-26T03:42:24Z,2026-08-26T05:42:24+0200,e96b9d4a-1054-48fe-90c7-5f4aaf55485c,2026-08-23T07:00:00Z,2026-08-23T09:00:00+0200,70.28,MW,NL,NL,actual_solar_generation,Solar | Actual Aggregated,2026-08-26T03:46:52Z
2026-08-26T03:42:24Z,2026-08-26T05:42:24+0200,e96b9d4a-1054-48fe-90c7-5f4aaf55485c,2026-08-23T07:00:00Z,2026-08-23T09:00:00+0200,0.0,MW,NL,NL,actual_solar_generation,Solar | Actual Consumption,2026-08-26T03:46:52Z
2026-08-26T03:42:24Z,2026-08-26T05:42:24+0200,e96b9d4a-1054-48fe-90c7-5f4aaf55485c,2026-08-23T07:15:00Z,2026-08-23T09:15:00+0200,75.622,MW,NL,NL,actual_solar_generation,Solar | Actual Aggregated,2026-08-26T03:46:52Z
2026-08-26T03:42:24Z,2026-08-26T05:42:24+0200,e96b9d4a-1054-48fe-90c7-5f4aaf55485c,2026-08-23T07:15:00Z,2026-08-23T09:15:00+0200,0.0,MW,NL,NL,actual_solar_generation,Solar | Actual Consumption,2026-08-26T03:46:52Z
2026-08-26T03:42:24Z,2026-08-26T05:42:24+0200,e96b9d4a-1054-48fe-90c7-5f4aaf55485c,2026-08-23T07:30:00Z,2026-08-23T09:30:00+0200,81.284,MW,NL,NL,actual_solar_generation,Solar | Actual Aggregated,2026-08-26T03:46:52Z
2026-08-26T03:42:24Z,2026-08-26T05:42:24+0200,e96b9d4a-1054-48fe-90c7-5f4aaf55485c,2026-08-23T07:30:00Z,2026-08-23T09:30:00+0200,0.0,MW,NL,NL,actual_solar_generation,Solar | Actual Consumption,2026-08-26T03:46:52Z
2026-08-26T03:42:24Z,2026-08-26T05:42:24+0200,e96b9d4a-1054-48fe-90c7-5f4aaf55485c,2026-08-23T07:45:00Z,2026-08-23T09:45:00+0200,105.428,MW,NL,NL,actual_solar_generation,Solar | Actual Aggregated,2026-08-26T03:46:52Z
2026-08-26T03:42:24Z,2026-08-26T05:42:24+0200,e96b9d4a-1054-48fe-90c7-5f4aaf55485c,2026-08-23T07:45:00Z,2026-08-23T09:45:00+0200,0.0,MW,NL,NL,actual_solar_generation,Solar | Actual Consumption,2026-08-26T03:46:52Z
2026-08-26T03:42:24Z,2026-08-26T05:42:24+0200,e96b9d4a-1054-48fe-90c7-5f4aaf55485c,2026-08-23T08:00:00Z,2026-08-23T10:00:00+0200,94.803,MW,NL,NL,actual_solar_generation,Solar | Actual Aggregated,2026-08-26T03:46:52Z
2026-08-26T03:42:24Z,2026-08-26T05:42:24+0200,e96b9d4a-1054-48fe-90c7-5f4aaf55485c,2026-08-23T08:00:00Z,2026-08-23T10:00:00+0200,0.0,MW,NL,NL,actual_solar_generation,Solar | Actual Consumption,2026-08-26T03:46:52Z
2026-08-26T03:42:24Z,2026-08-26T05:42:24+0200,e96b9d4a-1054-48fe-90c7-5f4aaf55485c,2026-08-23T08:15:00Z,2026-08-23T10:15:00+0200,18.633,MW,NL,NL,actual_solar_generation,Solar | Actual Aggregated,2026-08-26T03:46:52Z
2026-08-26T03:42:24Z,2026-08-26T05:42:24+0200,e96b9d4a-1054-48fe-90c7-5f4aaf55485c,2026-08-23T08:15:00Z,2026-08-23T10:15:00+0200,0.0,MW,NL,NL,actual_solar_generation,Solar | Actual Consumption,2026-08-26T03:46:52Z
2026-08-26T03:42:24Z,2026-08-26T05:42:24+0200,e96b9d4a-1054-48fe-90c7-5f4aaf55485c,2026-08-23T08:30:00Z,2026-08-23T10:30:00+0200,22.115,MW,NL,NL,actual_solar_generation,Solar | Actual Aggregated,2026-08-26T03:46:52Z
2026-08-26T03:42:24Z,2026-08-26T05:42:24+0200,e96b9d4a-1054-48fe-90c7-5f4aaf55485c,2026-08-23T08:30:00Z,2026-08-23T10:30:00+0200,0.0,MW,NL,NL,actual_solar_generation,Solar | Actual Consumption,2026-08-26T03:46:52Z
2026-08-26T03:42:24Z,2026-08-26T05:42:24+0200,e96b9d4a-1054-48fe-90c7-5f4aaf55485c,2026-08-23T08:45:00Z,2026-08-23T10:45:00+0200,33.791,MW,NL,NL,actual_solar_generation,Solar | Actual Aggregated,2026-08-26T03:46:52Z
2026-08-26T03:42:24Z,2026-08-26T05:42:24+0200,e96b9d4a-1054-48fe-90c7-5f4aaf55485c,2026-08-23T08:45:00Z,2026-08-23T10:45:00+0200,0.0,MW,NL,NL,actual_solar_generation,Solar | Actual Consumption,2026-08-26T03:46:52Z
2026-08-26T03:42:24Z,2026-08-26T05:42:24+0200,e96b9d4a-1054-48fe-90c7-5f4aaf55485c,2026-08-23T09:00:00Z,2026-08-23T11:00:00+0200,38.726,MW,NL,NL,actual_solar_generation,Solar | Actual Aggregated,2026-08-26T03:46:52Z
2026-08-26T03:42:24Z,2026-08-26T05:42:24+0200,e96b9d4a-1054-48fe-90c7-5f4aaf55485c,2026-08-23T09:00:00Z,2026-08-23T11:00:00+0200,0.0,MW,NL,NL,actual_solar_generation,Solar | Actual Consumption,2026-08-26T03:46:52Z
2026-08-26T03:42:24Z,2026-08-26T05:42:24+0200,e96b9d4a-1054-48fe-90c7-5f4aaf55485c,2026-08-23T09:15:00Z,2026-08-23T11:15:00+0200,47.53,MW,NL,NL,actual_solar_generation,Solar | Actual Aggregated,2026-08-26T03:46:52Z
2026-08-26T03:42:24Z,2026-08-26T05:42:24+0200,e96b9d4a-1054-48fe-90c7-5f4aaf55485c,2026-08-23T09:15:00Z,2026-08-23T11:15:00+0200,0.0,MW,NL,NL,actual_solar_generation,Solar | Actual Consumption,2026-08-26T03:46:52Z
2026-08-26T03:42:24Z,2026-08-26T05:42:24+0200,e96b9d4a-1054-48fe-90c7-5f4aaf55485c,2026-08-23T09:30:00Z,2026-08-23T11:30:00+0200,27.382,MW,NL,NL,actual_solar_generation,Solar | Actual Aggregated,2026-08-26T03:46:52Z
2026-08-26T03:42:24Z,2026-08-26T05:42:24+0200,e96b9d4a-1054-48fe-90c7-5f4aaf55485c,2026-08-23T09:30:00Z,2026-08-23T11:30:00+0200,0.0,MW,NL,NL,actual_solar_generation,Solar | Actual Consumption,2026-08-26T03:46:52Z
2026-08-26T03:42:24Z,2026-08-26T05:42:24+0200,e96b9d4a-1054-48fe-90c7-5f4aaf55485c,2026-08-23T09:45:00Z,2026-08-23T11:45:00+0200,50.146,MW,NL,NL,actual_solar_generation,Solar | Actual Aggregated,2026-08-26T03:46:52Z
2026-08-26T03:42:24Z,2026-08-26T05:42:24+0200,e96b9d4a-1054-48fe-90c7-5f4aaf55485c,2026-08-23T09:45:00Z,2026-08-23T11:45:00+0200,0.0,MW,NL,NL,actual_solar_generation,Solar | Actual Consumption,2026-08-26T03:46:52Z
2026-08-26T03:42:24Z,2026-08-26T05:42:24+0200,e96b9d4a-1054-48fe-90c7-5f4aaf55485c,2026-08-23T10:00:00Z,2026-08-23T12:00:00+0200,1.043,MW,NL,NL,actual_solar_generation,Solar | Actual Aggregated,2026-08-26T03:46:52Z
2026-08-26T03:42:24Z,2026-08-26T05:42:24+0200,e96b9d4a-1054-48fe-90c7-5f4aaf55485c,2026-08-23T10:00:00Z,2026-08-23T12:00:00+0200,0.0,MW,NL,NL,actual_solar_generation,Solar | Actual Consumption,2026-08-26T03:46:52Z
2026-08-26T03:42:24Z,2026-08-26T05:42:24+0200,e96b9d4a-1054-48fe-90c7-5f4aaf55485c,2026-08-23T10:15:00Z,2026-08-23T12:15:00+0200,1.275,MW,NL,NL,actual_solar_generation,Solar | Actual Aggregated,2026-08-26T03:46:52Z
2026-08-26T03:42:24Z,2026-08-26T05:42:24+0200,e96b9d4a-1054-48fe-90c7-5f4aaf55485c,2026-08-23T10:15:00Z,2026-08-23T12:15:00+0200,0.0,MW,NL,NL,actual_solar_generation,Solar | Actual Consumption,2026-08-26T03:46:52Z
2026-08-26T03:42:24Z,2026-08-26T05:42:24+0200,e96b9d4a-1054-48fe-90c7-5f4aaf55485c,2026-08-23T10:30:00Z,2026-08-23T12:30:00+0200,1.717,MW,NL,NL,actual_solar_generation,Solar | Actual Aggregated,2026-08-26T03:46:52Z
2026-08-26T03:42:24Z,2026-08-26T05:42:24+0200,e96b9d4a-1054-48fe-90c7-5f4aaf55485c,2026-08-23T10:30:00Z,2026-08-23T12:30:00+0200,0.0,MW,NL,NL,actual_solar_generation,Solar | Actual Consumption,2026-08-26T03:46:52Z
2026-08-26T03:42:24Z,2026-08-26T05:42:24+0200,e96b9d4a-1054-48fe-90c7-5f4aaf55485c,2026-08-23T10:45:00Z,2026-08-23T12:45:00+0200,1.549,MW,NL,NL,actual_solar_generation,Solar | Actual Aggregated,2026-08-26T03:46:52Z
2026-08-26T03:42:24Z,2026-08-26T05:42:24+0200,e96b9d4a-1054-48fe-90c7-5f4aaf55485c,2026-08-23T10:45:00Z,2026-08-23T12:45:00+0200,0.0,MW,NL,NL,actual_solar_generation,Solar | Actual Consumption,2026-08-26T03:46:52Z
2026-08-26T03:42:24Z,2026-08-26T05:42:24+0200,e96b9d4a-1054-48fe-90c7-5f4aaf55485c,2026-08-23T11:00:00Z,2026-08-23T13:00:00+0200,1.246,MW,NL,NL,actual_solar_generation,Solar | Actual Aggregated,2026-08-26T03:46:52Z
2026-08-26T03:42:24Z,2026-08-26T05:42:24+0200,e96b9d4a-1054-48fe-90c7-5f4aaf55485c,2026-08-23T11:00:00Z,2026-08-23T13:00:00+0200,0.0,MW,NL,NL,actual_solar_generation,Solar | Actual Consumption,2026-08-26T03:46:52Z
2026-08-26T03:42:24Z,2026-08-26T05:42:24+0200,e96b9d4a-1054-48fe-90c7-5f4aaf55485c,2026-08-23T11:15:00Z,2026-08-23T13:15:00+0200,1.016,MW,NL,NL,actual_solar_generation,Solar | Actual Aggregated,2026-08-26T03:46:52Z
2026-08-26T03:42:24Z,2026-08-26T05:42:24+0200,e96b9d4a-1054-48fe-90c7-5f4aaf55485c,2026-08-23T11:15:00Z,2026-08-23T13:15:00+0200,0.0,MW,NL,NL,actual_solar_generation,Solar | Actual Consumption,2026-08-26T03:46:52Z
2026-08-26T03:42:24Z,2026-08-26T05:42:24+0200,e96b9d4a-1054-48fe-90c7-5f4aaf55485c,2026-08-23T11:30:00Z,2026-08-23T13:30:00+0200,1.389,MW,NL,NL,actual_solar_generation,Solar | Actual Aggregated,2026-08-26T03:46:52Z
2026-08-26T03:42:24Z,2026-08-26T05:42:24+0200,e96b9d4a-1054-48fe-90c7-5f4aaf55485c,2026-08-23T11:30:00Z,2026-08-23T13:30:00+0200,0.0,MW,NL,NL,actual_solar_generation,Solar | Actual Consumption,2026-08-26T03:46:52Z
2026-08-26T03:42:24Z,2026-08-26T05:42:24+0200,e96b9d4a-1054-48fe-90c7-5f4aaf55485c,2026-08-23T11:45:00Z,2026-08-23T13:45:00+0200,2.165,MW,NL,NL,actual_solar_generation,Solar | Actual Aggregated,2026-08-26T03:46:52Z
2026-08-26T03:42:24Z,2026-08-26T05:42:24+0200,e96b9d4a-1054-48fe-90c7-5f4aaf55485c,2026-08-23T11:45:00Z,2026-08-23T13:45:00+0200,0.0,MW,NL,NL,actual_solar_generation,Solar | Actual Consumption,2026-08-26T03:46:52Z
2026-08-26T03:42:24Z,2026-08-26T05:42:24+0200,e96b9d4a-1054-48fe-90c7-5f4aaf55485c,2026-08-23T12:00:00Z,2026-08-23T14:00:00+0200,1.488,MW,NL,NL,actual_solar_generation,Solar | Actual Aggregated,2026-08-26T03:46:52Z
2026-08-26T03:42:24Z,2026-08-26T05:42:24+0200,e96b9d4a-1054-48fe-90c7-5f4aaf55485c,2026-08-23T12:00:00Z,2026-08-23T14:00:00+0200,0.0,MW,NL,NL,actual_solar_generation,Solar | Actual Consumption,2026-08-26T03:46:52Z
2026-08-26T03:42:24Z,2026-08-26T05:42:24+0200,e96b9d4a-1054-48fe-90c7-5f4aaf55485c,2026-08-23T12:15:00Z,2026-08-23T14:15:00+0200,1.012,MW,NL,NL,actual_solar_generation,Solar | Actual Aggregated,2026-08-26T03:46:52Z
2026-08-26T03:42:24Z,2026-08-26T05:42:24+0200,e96b9d4a-1054-48fe-90c7-5f4aaf55485c,2026-08-23T12:15:00Z,2026-08-23T14:15:00+0200,0.0,MW,NL,NL,actual_solar_generation,Solar | Actual Consumption,2026-08-26T03:46:52Z
2026-08-26T03:42:24Z,2026-08-26T05:42:24+0200,e96b9d4a-1054-48fe-90c7-5f4aaf55485c,2026-08-23T12:30:00Z,2026-08-23T14:30:00+0200,1.498,MW,NL,NL,actual_solar_generation,Solar | Actual Aggregated,2026-08-26T03:46:52Z
2026-08-26T03:42:24Z,2026-08-26T05:42:24+0200,e96b9d4a-1054-48fe-90c7-5f4aaf55485c,2026-08-23T12:30:00Z,2026-08-23T14:30:00+0200,0.0,MW,NL,NL,actual_solar_generation,Solar | Actual Consumption,2026-08-26T03:46:52Z
2026-08-26T03:42:24Z,2026-08-26T05:42:24+0200,e96b9d4a-1054-48fe-90c7-5f4aaf55485c,2026-08-23T12:45:00Z,2026-08-23T14:45:00+0200,1.323,MW,NL,NL,actual_solar_generation,Solar | Actual Aggregated,2026-08-26T03:46:52Z
2026-08-26T03:42:24Z,2026-08-26T05:42:24+0200,e96b9d4a-1054-48fe-90c7-5f4aaf55485c,2026-08-23T12:45:00Z,2026-08-23T14:45:00+0200,0.0,MW,NL,NL,actual_solar_generation,Solar | Actual Consumption,2026-08-26T03:46:52Z
2026-08-26T03:42:24Z,2026-08-26T05:42:24+0200,e96b9d4a-1054-48fe-90c7-5f4aaf55485c,2026-08-23T13:00:00Z,2026-08-23T15:00:00+0200,42.788,MW,NL,NL,actual_solar_generation,Solar | Actual Aggregated,2026-08-26T03:46:52Z
2026-08-26T03:42:24Z,2026-08-26T05:42:24+0200,e96b9d4a-1054-48fe-90c7-5f4aaf55485c,2026-08-23T13:00:00Z,2026-08-23T15:00:00+0200,0.0,MW,NL,NL,actual_solar_generation,Solar | Actual Consumption,2026-08-26T03:46:52Z
2026-08-26T03:42:24Z,2026-08-26T05:42:24+0200,e96b9d4a-1054-48fe-90c7-5f4aaf55485c,2026-08-23T13:15:00Z,2026-08-23T15:15:00+0200,32.036,MW,NL,NL,actual_solar_generation,Solar | Actual Aggregated,2026-08-26T03:46:52Z
2026-08-26T03:42:24Z,2026-08-26T05:42:24+0200,e96b9d4a-1054-48fe-90c7-5f4aaf55485c,2026-08-23T13:15:00Z,2026-08-23T15:15:00+0200,0.0,MW,NL,NL,actual_solar_generation,Solar | Actual Consumption,2026-08-26T03:46:52Z
2026-08-26T03:42:24Z,2026-08-26T05:42:24+0200,e96b9d4a-1054-48fe-90c7-5f4aaf55485c,2026-08-23T13:30:00Z,2026-08-23T15:30:00+0200,22.622,MW,NL,NL,actual_solar_generation,Solar | Actual Aggregated,2026-08-26T03:46:52Z
2026-08-26T03:42:24Z,2026-08-26T05:42:24+0200,e96b9d4a-1054-48fe-90c7-5f4aaf55485c,2026-08-23T13:30:00Z,2026-08-23T15:30:00+0200,0.0,MW,NL,NL,actual_solar_generation,Solar | Actual Consumption,2026-08-26T03:46:52Z
2026-08-26T03:42:24Z,2026-08-26T05:42:24+0200,e96b9d4a-1054-48fe-90c7-5f4aaf55485c,2026-08-23T13:45:00Z,2026-08-23T15:45:00+0200,39.567,MW,NL,NL,actual_solar_generation,Solar | Actual Aggregated,2026-08-26T03:46:52Z
2026-08-26T03:42:24Z,2026-08-26T05:42:24+0200,e96b9d4a-1054-48fe-90c7-5f4aaf55485c,2026-08-23T13:45:00Z,2026-08-23T15:45:00+0200,0.0,MW,NL,NL,actual_solar_generation,Solar | Actual Consumption,2026-08-26T03:46:52Z
2026-08-26T03:42:24Z,2026-08-26T05:42:24+0200,e96b9d4a-1054-48fe-90c7-5f4aaf55485c,2026-08-23T14:00:00Z,2026-08-23T16:00:00+0200,30.933,MW,NL,NL,actual_solar_generation,Solar | Actual Aggregated,2026-08-26T03:46:52Z
2026-08-26T03:42:24Z,2026-08-26T05:42:24+0200,e96b9d4a-1054-48fe-90c7-5f4aaf55485c,2026-08-23T14:00:00Z,2026-08-23T16:00:00+0200,0.0,MW,NL,NL,actual_solar_generation,Solar | Actual Consumption,2026-08-26T03:46:52Z
2026-08-26T03:42:24Z,2026-08-26T05:42:24+0200,e96b9d4a-1054-48fe-90c7-5f4aaf55485c,2026-08-23T14:15:00Z,2026-08-23T16:15:00+0200,22.174,MW,NL,NL,actual_solar_generation,Solar | Actual Aggregated,2026-08-26T03:46:52Z
2026-08-26T03:42:24Z,2026-08-26T05:42:24+0200,e96b9d4a-1054-48fe-90c7-5f4aaf55485c,2026-08-23T14:15:00Z,2026-08-23T16:15:00+0200,0.0,MW,NL,NL,actual_solar_generation,Solar | Actual Consumption,2026-08-26T03:46:52Z
2026-08-26T03:42:24Z,2026-08-26T05:42:24+0200,e96b9d4a-1054-48fe-90c7-5f4aaf55485c,2026-08-23T14:30:00Z,2026-08-23T16:30:00+0200,84.883,MW,NL,NL,actual_solar_generation,Solar | Actual Aggregated,2026-08-26T03:46:52Z
2026-08-26T03:42:24Z,2026-08-26T05:42:24+0200,e96b9d4a-1054-48fe-90c7-5f4aaf55485c,2026-08-23T14:30:00Z,2026-08-23T16:30:00+0200,0.0,MW,NL,NL,actual_solar_generation,Solar | Actual Consumption,2026-08-26T03:46:52Z
2026-08-26T03:42:24Z,2026-08-26T05:42:24+0200,e96b9d4a-1054-48fe-90c7-5f4aaf55485c,2026-08-23T14:45:00Z,2026-08-23T16:45:00+0200,78.28,MW,NL,NL,actual_solar_generation,Solar | Actual Aggregated,2026-08-26T03:46:52Z
2026-08-26T03:42:24Z,2026-08-26T05:42:24+0200,e96b9d4a-1054-48fe-90c7-5f4aaf55485c,2026-08-23T14:45:00Z,2026-08-23T16:45:00+0200,0.0,MW,NL,NL,actual_solar_generation,Solar | Actual Consumption,2026-08-26T03:46:52Z
2026-08-26T03:42:24Z,2026-08-26T05:42:24+0200,e96b9d4a-1054-48fe-90c7-5f4aaf55485c,2026-08-23T15:00:00Z,2026-08-23T17:00:00+0200,75.532,MW,NL,NL,actual_solar_generation,Solar | Actual Aggregated,2026-08-26T03:46:52Z
2026-08-26T03:42:24Z,2026-08-26T05:42:24+0200,e96b9d4a-1054-48fe-90c7-5f4aaf55485c,2026-08-23T15:00:00Z,2026-08-23T17:00:00+0200,0.0,MW,NL,NL,actual_solar_generation,Solar | Actual Consumption,2026-08-26T03:46:52Z
2026-08-26T03:42:24Z,2026-08-26T05:42:24+0200,e96b9d4a-1054-48fe-90c7-5f4aaf55485c,2026-08-23T15:15:00Z,2026-08-23T17:15:00+0200,79.506,MW,NL,NL,actual_solar_generation,Solar | Actual Aggregated,2026-08-26T03:46:52Z
2026-08-26T03:42:24Z,2026-08-26T05:42:24+0200,e96b9d4a-1054-48fe-90c7-5f4aaf55485c,2026-08-23T15:15:00Z,2026-08-23T17:15:00+0200,0.0,MW,NL,NL,actual_solar_generation,Solar | Actual Consumption,2026-08-26T03:46:52Z
2026-08-26T03:42:24Z,2026-08-26T05:42:24+0200,e96b9d4a-1054-48fe-90c7-5f4aaf55485c,2026-08-23T15:30:00Z,2026-08-23T17:30:00+0200,66.941,MW,NL,NL,actual_solar_generation,Solar | Actual Aggregated,2026-08-26T03:46:52Z
2026-08-26T03:42:24Z,2026-08-26T05:42:24+0200,e96b9d4a-1054-48fe-90c7-5f4aaf55485c,2026-08-23T15:30:00Z,2026-08-23T17:30:00+0200,0.0,MW,NL,NL,actual_solar_generation,Solar | Actual Consumption,2026-08-26T03:46:52Z
2026-08-26T03:42:24Z,2026-08-26T05:42:24+0200,e96b9d4a-1054-48fe-90c7-5f4aaf55485c,2026-08-23T15:45:00Z,2026-08-23T17:45:00+0200,78.665,MW,NL,NL,actual_solar_generation,Solar | Actual Aggregated,2026-08-26T03:46:52Z
2026-08-26T03:42:24Z,2026-08-26T05:42:24+0200,e96b9d4a-1054-48fe-90c7-5f4aaf55485c,2026-08-23T15:45:00Z,2026-08-23T17:45:00+0200,0.0,MW,NL,NL,actual_solar_generation,Solar | Actual Consumption,2026-08-26T03:46:52Z
2026-08-26T03:42:24Z,2026-08-26T05:42:24+0200,e96b9d4a-1054-48fe-90c7-5f4aaf55485c,2026-08-23T16:00:00Z,2026-08-23T18:00:00+0200,73.363,MW,NL,NL,actual_solar_generation,Solar | Actual Aggregated,2026-08-26T03:46:52Z
2026-08-26T03:42:24Z,2026-08-26T05:42:24+0200,e96b9d4a-1054-48fe-90c7-5f4aaf55485c,2026-08-23T16:00:00Z,2026-08-23T18:00:00+0200,0.0,MW,NL,NL,actual_solar_generation,Solar | Actual Consumption,2026-08-26T03:46:52Z
2026-08-26T03:42:24Z,2026-08-26T05:42:24+0200,e96b9d4a-1054-48fe-90c7-5f4aaf55485c,2026-08-23T16:15:00Z,2026-08-23T18:15:00+0200,56.554,MW,NL,NL,actual_solar_generation,Solar | Actual Aggregated,2026-08-26T03:46:52Z
2026-08-26T03:42:24Z,2026-08-26T05:42:24+0200,e96b9d4a-1054-48fe-90c7-5f4aaf55485c,2026-08-23T16:15:00Z,2026-08-23T18:15:00+0200,0.0,MW,NL,NL,actual_solar_generation,Solar | Actual Consumption,2026-08-26T03:46:52Z
2026-08-26T03:42:24Z,2026-08-26T05:42:24+0200,e96b9d4a-1054-48fe-90c7-5f4aaf55485c,2026-08-23T16:30:00Z,2026-08-23T18:30:00+0200,55.304,MW,NL,NL,actual_solar_generation,Solar | Actual Aggregated,2026-08-26T03:46:52Z
2026-08-26T03:42:24Z,2026-08-26T05:42:24+0200,e96b9d4a-1054-48fe-90c7-5f4aaf55485c,2026-08-23T16:30:00Z,2026-08-23T18:30:00+0200,0.0,MW,NL,NL,actual_solar_generation,Solar | Actual Consumption,2026-08-26T03:46:52Z
2026-08-26T03:42:24Z,2026-08-26T05:42:24+0200,e96b9d4a-1054-48fe-90c7-5f4aaf55485c,2026-08-23T16:45:00Z,2026-08-23T18:45:00+0200,46.673,MW,NL,NL,actual_solar_generation,Solar | Actual Aggregated,2026-08-26T03:46:52Z
2026-08-26T03:42:24Z,2026-08-26T05:42:24+0200,e96b9d4a-1054-48fe-90c7-5f4aaf55485c,2026-08-23T16:45:00Z,2026-08-23T18:45:00+0200,0.0,MW,NL,NL,actual_solar_generation,Solar | Actual Consumption,2026-08-26T03:46:52Z
2026-08-26T03:42:24Z,2026-08-26T05:42:24+0200,e96b9d4a-1054-48fe-90c7-5f4aaf55485c,2026-08-23T17:00:00Z,2026-08-23T19:00:00+0200,34.647,MW,NL,NL,actual_solar_generation,Solar | Actual Aggregated,2026-08-26T03:46:52Z
2026-08-26T03:42:24Z,2026-08-26T05:42:24+0200,e96b9d4a-1054-48fe-90c7-5f4aaf55485c,2026-08-23T17:00:00Z,2026-08-23T19:00:00+0200,0.0,MW,NL,NL,actual_solar_generation,Solar | Actual Consumption,2026-08-26T03:46:52Z
2026-08-26T03:42:24Z,2026-08-26T05:42:24+0200,e96b9d4a-1054-48fe-90c7-5f4aaf55485c,2026-08-23T17:15:00Z,2026-08-23T19:15:00+0200,28.766,MW,NL,NL,actual_solar_generation,Solar | Actual Aggregated,2026-08-26T03:46:52Z
2026-08-26T03:42:24Z,2026-08-26T05:42:24+0200,e96b9d4a-1054-48fe-90c7-5f4aaf55485c,2026-08-23T17:15:00Z,2026-08-23T19:15:00+0200,0.0,MW,NL,NL,actual_solar_generation,Solar | Actual Consumption,2026-08-26T03:46:52Z
2026-08-26T03:42:24Z,2026-08-26T05:42:24+0200,e96b9d4a-1054-48fe-90c7-5f4aaf55485c,2026-08-23T17:30:00Z,2026-08-23T19:30:00+0200,19.854,MW,NL,NL,actual_solar_generation,Solar | Actual Aggregated,2026-08-26T03:46:52Z
2026-08-26T03:42:24Z,2026-08-26T05:42:24+0200,e96b9d4a-1054-48fe-90c7-5f4aaf55485c,2026-08-23T17:30:00Z,2026-08-23T19:30:00+0200,0.0,MW,NL,NL,actual_solar_generation,Solar | Actual Consumption,2026-08-26T03:46:52Z
2026-08-26T03:42:24Z,2026-08-26T05:42:24+0200,e96b9d4a-1054-48fe-90c7-5f4aaf55485c,2026-08-23T17:45:00Z,2026-08-23T19:45:00+0200,11.785,MW,NL,NL,actual_solar_generation,Solar | Actual Aggregated,2026-08-26T03:46:52Z
2026-08-26T03:42:24Z,2026-08-26T05:42:24+0200,e96b9d4a-1054-48fe-90c7-5f4aaf55485c,2026-08-23T17:45:00Z,2026-08-23T19:45:00+0200,0.0,MW,NL,NL,actual_solar_generation,Solar | Actual Consumption,2026-08-26T03:46:52Z
2026-08-26T03:42:24Z,2026-08-26T05:42:24+0200,e96b9d4a-1054-48fe-90c7-5f4aaf55485c,2026-08-23T18:00:00Z,2026-08-23T20:00:00+0200,6.224,MW,NL,NL,actual_solar_generation,Solar | Actual Aggregated,2026-08-26T03:46:52Z
2026-08-26T03:42:24Z,2026-08-26T05:42:24+0200,e96b9d4a-1054-48fe-90c7-5f4aaf55485c,2026-08-23T18:00:00Z,2026-08-23T20:00:00+0200,0.0,MW,NL,NL,actual_solar_generation,Solar | Actual Consumption,2026-08-26T03:46:52Z
2026-08-26T03:42:24Z,2026-08-26T05:42:24+0200,e96b9d4a-1054-48fe-90c7-5f4aaf55485c,2026-08-23T18:15:00Z,2026-08-23T20:15:00+0200,2.124,MW,NL,NL,actual_solar_generation,Solar | Actual Aggregated,2026-08-26T03:46:52Z
2026-08-26T03:42:24Z,2026-08-26T05:42:24+0200,e96b9d4a-1054-48fe-90c7-5f4aaf55485c,2026-08-23T18:15:00Z,2026-08-23T20:15:00+0200,0.0,MW,NL,NL,actual_solar_generation,Solar | Actual Consumption,2026-08-26T03:46:52Z
2026-08-26T03:42:24Z,2026-08-26T05:42:24+0200,e96b9d4a-1054-48fe-90c7-5f4aaf55485c,2026-08-23T18:30:00Z,2026-08-23T20:30:00+0200,0.0,MW,NL,NL,actual_solar_generation,Solar | Actual Aggregated,2026-08-26T03:46:52Z
2026-08-26T03:42:24Z,2026-08-26T05:42:24+0200,e96b9d4a-1054-48fe-90c7-5f4aaf55485c,2026-08-23T18:30:00Z,2026-08-23T20:30:00+0200,0.133,MW,NL,NL,actual_solar_generation,Solar | Actual Consumption,2026-08-26T03:46:52Z
2026-08-26T03:42:24Z,2026-08-26T05:42:24+0200,e96b9d4a-1054-48fe-90c7-5f4aaf55485c,2026-08-23T18:45:00Z,2026-08-23T20:45:00+0200,0.0,MW,NL,NL,actual_solar_generation,Solar | Actual Aggregated,2026-08-26T03:46:52Z
2026-08-26T03:42:24Z,2026-08-26T05:42:24+0200,e96b9d4a-1054-48fe-90c7-5f4aaf55485c,2026-08-23T18:45:00Z,2026-08-23T20:45:00+0200,0.128,MW,NL,NL,actual_solar_generation,Solar | Actual Consumption,2026-08-26T03:46:52Z
2026-08-26T03:42:24Z,2026-08-26T05:42:24+0200,e96b9d4a-1054-48fe-90c7-5f4aaf55485c,2026-08-23T19:00:00Z,2026-08-23T21:00:00+0200,0.0,MW,NL,NL,actual_solar_generation,Solar | Actual Aggregated,2026-08-26T03:46:52Z
2026-08-26T03:42:24Z,2026-08-26T05:42:24+0200,e96b9d4a-1054-48fe-90c7-5f4aaf55485c,2026-08-23T19:00:00Z,2026-08-23T21:00:00+0200,0.118,MW,NL,NL,actual_solar_generation,Solar | Actual Consumption,2026-08-26T03:46:52Z
2026-08-26T03:42:24Z,2026-08-26T05:42:24+0200,e96b9d4a-1054-48fe-90c7-5f4aaf55485c,2026-08-23T19:15:00Z,2026-08-23T21:15:00+0200,0.0,MW,NL,NL,actual_solar_generation,Solar | Actual Aggregated,2026-08-26T03:46:52Z
2026-08-26T03:42:24Z,2026-08-26T05:42:24+0200,e96b9d4a-1054-48fe-90c7-5f4aaf55485c,2026-08-23T19:15:00Z,2026-08-23T21:15:00+0200,0.134,MW,NL,NL,actual_solar_generation,Solar | Actual Consumption,2026-08-26T03:46:52Z
2026-08-26T03:42:24Z,2026-08-26T05:42:24+0200,e96b9d4a-1054-48fe-90c7-5f4aaf55485c,2026-08-23T19:30:00Z,2026-08-23T21:30:00+0200,0.0,MW,NL,NL,actual_solar_generation,Solar | Actual Aggregated,2026-08-26T03:46:52Z
2026-08-26T03:42:24Z,2026-08-26T05:42:24+0200,e96b9d4a-1054-48fe-90c7-5f4aaf55485c,2026-08-23T19:30:00Z,2026-08-23T21:30:00+0200,0.122,MW,NL,NL,actual_solar_generation,Solar | Actual Consumption,2026-08-26T03:46:52Z
2026-08-26T03:42:24Z,2026-08-26T05:42:24+0200,e96b9d4a-1054-48fe-90c7-5f4aaf55485c,2026-08-23T19:45:00Z,2026-08-23T21:45:00+0200,0.0,MW,NL,NL,actual_solar_generation,Solar | Actual Aggregated,2026-08-26T03:46:52Z
2026-08-26T03:42:24Z,2026-08-26T05:42:24+0200,e96b9d4a-1054-48fe-90c7-5f4aaf55485c,2026-08-23T19:45:00Z,2026-08-23T21:45:00+0200,0.122,MW,NL,NL,actual_solar_generation,Solar | Actual Consumption,2026-08-26T03:46:52Z
2026-08-26T03:42:24Z,2026-08-26T05:42:24+0200,e96b9d4a-1054-48fe-90c7-5f4aaf55485c,2026-08-23T20:00:00Z,2026-08-23T22:00:00+0200,0.0,MW,NL,NL,actual_solar_generation,Solar | Actual Aggregated,2026-08-26T03:46:52Z
2026-08-26T03:42:24Z,2026-08-26T05:42:24+0200,e96b9d4a-1054-48fe-90c7-5f4aaf55485c,2026-08-23T20:00:00Z,2026-08-23T22:00:00+0200,0.122,MW,NL,NL,actual_solar_generation,Solar | Actual Consumption,2026-08-26T03:46:52Z
2026-08-26T03:42:24Z,2026-08-26T05:42:24+0200,e96b9d4a-1054-48fe-90c7-5f4aaf55485c,2026-08-23T20:15:00Z,2026-08-23T22:15:00+0200,0.0,MW,NL,NL,actual_solar_generation,Solar | Actual Aggregated,2026-08-26T03:46:52Z
2026-08-26T03:42:24Z,2026-08-26T05:42:24+0200,e96b9d4a-1054-48fe-90c7-5f4aaf55485c,2026-08-23T20:15:00Z,2026-08-23T22:15:00+0200,0.13,MW,NL,NL,actual_solar_generation,Solar | Actual Consumption,2026-08-26T03:46:52Z
2026-08-26T03:42:24Z,2026-08-26T05:42:24+0200,e96b9d4a-1054-48fe-90c7-5f4aaf55485c,2026-08-23T20:30:00Z,2026-08-23T22:30:00+0200,0.0,MW,NL,NL,actual_solar_generation,Solar | Actual Aggregated,2026-08-26T03:46:52Z
2026-08-26T03:42:24Z,2026-08-26T05:42:24+0200,e96b9d4a-1054-48fe-90c7-5f4aaf55485c,2026-08-23T20:30:00Z,2026-08-23T22:30:00+0200,0.126,MW,NL,NL,actual_solar_generation,Solar | Actual Consumption,2026-08-26T03:46:52Z
2026-08-26T03:42:24Z,2026-08-26T05:42:24+0200,e96b9d4a-1054-48fe-90c7-5f4aaf55485c,2026-08-23T20:45:00Z,2026-08-23T22:45:00+0200,0.0,MW,NL,NL,actual_solar_generation,Solar | Actual Aggregated,2026-08-26T03:46:52Z
2026-08-26T03:42:24Z,2026-08-26T05:42:24+0200,e96b9d4a-1054-48fe-90c7-5f4aaf55485c,2026-08-23T20:45:00Z,2026-08-23T22:45:00+0200,0.117,MW,NL,NL,actual_solar_generation,Solar | Actual Consumption,2026-08-26T03:46:52Z
2026-08-26T03:42:24Z,2026-08-26T05:42:24+0200,e96b9d4a-1054-48fe-90c7-5f4aaf55485c,2026-08-23T21:00:00Z,2026-08-23T23:00:00+0200,0.0,MW,NL,NL,actual_solar_generation,Solar | Actual Aggregated,2026-08-26T03:46:52Z
2026-08-26T03:42:24Z,2026-08-26T05:42:24+0200,e96b9d4a-1054-48fe-90c7-5f4aaf55485c,2026-08-23T21:00:00Z,2026-08-23T23:00:00+0200,0.13,MW,NL,NL,actual_solar_generation,Solar | Actual Consumption,2026-08-26T03:46:52Z
2026-08-26T03:42:24Z,2026-08-26T05:42:24+0200,e96b9d4a-1054-48fe-90c7-5f4aaf55485c,2026-08-23T21:15:00Z,2026-08-23T23:15:00+0200,0.0,MW,NL,NL,actual_solar_generation,Solar | Actual Aggregated,2026-08-26T03:46:52Z
2026-08-26T03:42:24Z,2026-08-26T05:42:24+0200,e96b9d4a-1054-48fe-90c7-5f4aaf55485c,2026-08-23T21:15:00Z,2026-08-23T23:15:00+0200,0.13,MW,NL,NL,actual_solar_generation,Solar | Actual Consumption,2026-08-26T03:46:52Z
2026-08-26T03:42:24Z,2026-08-26T05:42:24+0200,e96b9d4a-1054-48fe-90c7-5f4aaf55485c,2026-08-23T21:30:00Z,2026-08-23T23:30:00+0200,0.0,MW,NL,NL,actual_solar_generation,Solar | Actual Aggregated,2026-08-26T03:46:52Z
2026-08-26T03:42:24Z,2026-08-26T05:42:24+0200,e96b9d4a-1054-48fe-90c7-5f4aaf55485c,2026-08-23T21:30:00Z,2026-08-23T23:30:00+0200,0.13,MW,NL,NL,actual_solar_generation,Solar | Actual Consumption,2026-08-26T03:46:52Z
2026-08-26T03:42:24Z,2026-08-26T05:42:24+0200,e96b9d4a-1054-48fe-90c7-5f4aaf55485c,2026-08-23T21:45:00Z,2026-08-23T23:45:00+0200,0.0,MW,NL,NL,actual_solar_generation,Solar | Actual Aggregated,2026-08-26T03:46:52Z
2026-08-26T03:42:24Z,2026-08-26T05:42:24+0200,e96b9d4a-1054-48fe-90c7-5f4aaf55485c,2026-08-23T21:45:00Z,2026-08-23T23:45:00+0200,0.114,MW,NL,NL,actual_solar_generation,Solar | Actual Consumption,2026-08-26T03:46:52Z
2026-08-26T03:42:24Z,2026-08-26T05:42:24+0200,e96b9d4a-1054-48fe-90c7-5f4aaf55485c,2026-08-23T22:00:00Z,2026-08-24T00:00:00+0200,0.0,MW,NL,NL,actual_solar_generation,Solar | Actual Aggregated,2026-08-26T03:46:52Z
2026-08-26T03:42:24Z,2026-08-26T05:42:24+0200,e96b9d4a-1054-48fe-90c7-5f4aaf55485c,2026-08-23T22:00:00Z,2026-08-24T00:00:00+0200,0.136,MW,NL,NL,actual_solar_generation,Solar | Actual Consumption,2026-08-26T03:46:52Z
2026-08-26T03:42:24Z,2026-08-26T05:42:24+0200,e96b9d4a-1054-48fe-90c7-5f4aaf55485c,2026-08-23T22:15:00Z,2026-08-24T00:15:00+0200,0.0,MW,NL,NL,actual_solar_generation,Solar | Actual Aggregated,2026-08-26T03:46:52Z
2026-08-26T03:42:24Z,2026-08-26T05:42:24+0200,e96b9d4a-1054-48fe-90c7-5f4aaf55485c,2026-08-23T22:15:00Z,2026-08-24T00:15:00+0200,0.127,MW,NL,NL,actual_solar_generation,Solar | Actual Consumption,2026-08-26T03:46:52Z
2026-08-26T03:42:24Z,2026-08-26T05:42:24+0200,e96b9d4a-1054-48fe-90c7-5f4aaf55485c,2026-08-23T22:30:00Z,2026-08-24T00:30:00+0200,0.0,MW,NL,NL,actual_solar_generation,Solar | Actual Aggregated,2026-08-26T03:46:52Z
2026-08-26T03:42:24Z,2026-08-26T05:42:24+0200,e96b9d4a-1054-48fe-90c7-5f4aaf55485c,2026-08-23T22:30:00Z,2026-08-24T00:30:00+0200,0.127,MW,NL,NL,actual_solar_generation,Solar | Actual Consumption,2026-08-26T03:46:52Z
2026-08-26T03:42:24Z,2026-08-26T05:42:24+0200,e96b9d4a-1054-48fe-90c7-5f4aaf55485c,2026-08-23T22:45:00Z,2026-08-24T00:45:00+0200,0.0,MW,NL,NL,actual_solar_generation,Solar | Actual Aggregated,2026-08-26T03:46:52Z
2026-08-26T03:42:24Z,2026-08-26T05:42:24+0200,e96b9d4a-1054-48fe-90c7-5f4aaf55485c,2026-08-23T22:45:00Z,2026-08-24T00:45:00+0200,0.127,MW,NL,NL,actual_solar_generation,Solar | Actual Consumption,2026-08-26T03:46:52Z
2026-08-26T03:42:24Z,2026-08-26T05:42:24+0200,e96b9d4a-1054-48fe-90c7-5f4aaf55485c,2026-08-23T23:00:00Z,2026-08-24T01:00:00+0200,0.0,MW,NL,NL,actual_solar_generation,Solar | Actual Aggregated,2026-08-26T03:46:52Z
2026-08-26T03:42:24Z,2026-08-26T05:42:24+0200,e96b9d4a-1054-48fe-90c7-5f4aaf55485c,2026-08-23T23:00:00Z,2026-08-24T01:00:00+0200,0.127,MW,NL,NL,actual_solar_generation,Solar | Actual Consumption,2026-08-26T03:46:52Z
2026-08-26T03:42:24Z,2026-08-26T05:42:24+0200,e96b9d4a-1054-48fe-90c7-5f4aaf55485c,2026-08-23T23:15:00Z,2026-08-24T01:15:00+0200,0.0,MW,NL,NL,actual_solar_generation,Solar | Actual Aggregated,2026-08-26T03:46:52Z
2026-08-26T03:42:24Z,2026-08-26T05:42:24+0200,e96b9d4a-1054-48fe-90c7-5f4aaf55485c,2026-08-23T23:15:00Z,2026-08-24T01:15:00+0200,0.127,MW,NL,NL,actual_solar_generation,Solar | Actual Consumption,2026-08-26T03:46:52Z
2026-08-26T03:42:24Z,2026-08-26T05:42:24+0200,e96b9d4a-1054-48fe-90c7-5f4aaf55485c,2026-08-23T23:30:00Z,2026-08-24T01:30:00+0200,0.0,MW,NL,NL,actual_solar_generation,Solar | Actual Aggregated,2026-08-26T03:46:52Z
2026-08-26T03:42:24Z,2026-08-26T05:42:24+0200,e96b9d4a-1054-48fe-90c7-5f4aaf55485c,2026-08-23T23:30:00Z,2026-08-24T01:30:00+0200,0.127,MW,NL,NL,actual_solar_generation,Solar | Actual Consumption,2026-08-26T03:46:52Z
2026-08-26T03:42:24Z,2026-08-26T05:42:24+0200,e96b9d4a-1054-48fe-90c7-5f4aaf55485c,2026-08-23T23:45:00Z,2026-08-24T01:45:00+0200,0.0,MW,NL,NL,actual_solar_generation,Solar | Actual Aggregated,2026-08-26T03:46:52Z
2026-08-26T03:42:24Z,2026-08-26T05:42:24+0200,e96b9d4a-1054-48fe-90c7-5f4aaf55485c,2026-08-23T23:45:00Z,2026-08-24T01:45:00+0200,0.127,MW,NL,NL,actual_solar_generation,Solar | Actual Consumption,2026-08-26T03:46:52Z
2026-08-26T03:42:24Z,2026-08-26T05:42:24+0200,e96b9d4a-1054-48fe-90c7-5f4aaf55485c,2026-08-24T00:00:00Z,2026-08-24T02:00:00+0200,0.0,MW,NL,NL,actual_solar_generation,Solar | Actual Aggregated,2026-08-26T03:46:52Z
2026-08-26T03:42:24Z,2026-08-26T05:42:24+0200,e96b9d4a-1054-48fe-90c7-5f4aaf55485c,2026-08-24T00:00:00Z,2026-08-24T02:00:00+0200,0.118,MW,NL,NL,actual_solar_generation,Solar | Actual Consumption,2026-08-26T03:46:52Z
2026-08-26T03:42:24Z,2026-08-26T05:42:24+0200,e96b9d4a-1054-48fe-90c7-5f4aaf55485c,2026-08-24T00:15:00Z,2026-08-24T02:15:00+0200,0.0,MW,NL,NL,actual_solar_generation,Solar | Actual Aggregated,2026-08-26T03:46:52Z
2026-08-26T03:42:24Z,2026-08-26T05:42:24+0200,e96b9d4a-1054-48fe-90c7-5f4aaf55485c,2026-08-24T00:15:00Z,2026-08-24T02:15:00+0200,0.127,MW,NL,NL,actual_solar_generation,Solar | Actual Consumption,2026-08-26T03:46:52Z
2026-08-26T03:42:24Z,2026-08-26T05:42:24+0200,e96b9d4a-1054-48fe-90c7-5f4aaf55485c,2026-08-24T00:30:00Z,2026-08-24T02:30:00+0200,0.0,MW,NL,NL,actual_solar_generation,Solar | Actual Aggregated,2026-08-26T03:46:52Z
2026-08-26T03:42:24Z,2026-08-26T05:42:24+0200,e96b9d4a-1054-48fe-90c7-5f4aaf55485c,2026-08-24T00:30:00Z,2026-08-24T02:30:00+0200,0.126,MW,NL,NL,actual_solar_generation,Solar | Actual Consumption,2026-08-26T03:46:52Z
2026-08-26T03:42:24Z,2026-08-26T05:42:24+0200,e96b9d4a-1054-48fe-90c7-5f4aaf55485c,2026-08-24T00:45:00Z,2026-08-24T02:45:00+0200,0.0,MW,NL,NL,actual_solar_generation,Solar | Actual Aggregated,2026-08-26T03:46:52Z
2026-08-26T03:42:24Z,2026-08-26T05:42:24+0200,e96b9d4a-1054-48fe-90c7-5f4aaf55485c,2026-08-24T00:45:00Z,2026-08-24T02:45:00+0200,0.12,MW,NL,NL,actual_solar_generation,Solar | Actual Consumption,2026-08-26T03:46:52Z
2026-08-26T03:42:24Z,2026-08-26T05:42:24+0200,e96b9d4a-1054-48fe-90c7-5f4aaf55485c,2026-08-24T01:00:00Z,2026-08-24T03:00:00+0200,0.0,MW,NL,NL,actual_solar_generation,Solar | Actual Aggregated,2026-08-26T03:46:52Z
2026-08-26T03:42:24Z,2026-08-26T05:42:24+0200,e96b9d4a-1054-48fe-90c7-5f4aaf55485c,2026-08-24T01:00:00Z,2026-08-24T03:00:00+0200,0.127,MW,NL,NL,actual_solar_generation,Solar | Actual Consumption,2026-08-26T03:46:52Z
2026-08-26T03:42:24Z,2026-08-26T05:42:24+0200,e96b9d4a-1054-48fe-90c7-5f4aaf55485c,2026-08-24T01:15:00Z,2026-08-24T03:15:00+0200,0.0,MW,NL,NL,actual_solar_generation,Solar | Actual Aggregated,2026-08-26T03:46:52Z
2026-08-26T03:42:24Z,2026-08-26T05:42:24+0200,e96b9d4a-1054-48fe-90c7-5f4aaf55485c,2026-08-24T01:15:00Z,2026-08-24T03:15:00+0200,0.127,MW,NL,NL,actual_solar_generation,Solar | Actual Consumption,2026-08-26T03:46:52Z
2026-08-26T03:42:24Z,2026-08-26T05:42:24+0200,e96b9d4a-1054-48fe-90c7-5f4aaf55485c,2026-08-24T01:30:00Z,2026-08-24T03:30:00+0200,0.0,MW,NL,NL,actual_solar_generation,Solar | Actual Aggregated,2026-08-26T03:46:52Z
2026-08-26T03:42:24Z,2026-08-26T05:42:24+0200,e96b9d4a-1054-48fe-90c7-5f4aaf55485c,2026-08-24T01:30:00Z,2026-08-24T03:30:00+0200,0.127,MW,NL,NL,actual_solar_generation,Solar | Actual Consumption,2026-08-26T03:46:52Z
2026-08-26T03:42:24Z,2026-08-26T05:42:24+0200,e96b9d4a-1054-48fe-90c7-5f4aaf55485c,2026-08-24T01:45:00Z,2026-08-24T03:45:00+0200,0.0,MW,NL,NL,actual_solar_generation,Solar | Actual Aggregated,2026-08-26T03:46:52Z
2026-08-26T03:42:24Z,2026-08-26T05:42:24+0200,e96b9d4a-1054-48fe-90c7-5f4aaf55485c,2026-08-24T01:45:00Z,2026-08-24T03:45:00+0200,0.127,MW,NL,NL,actual_solar_generation,Solar | Actual Consumption,2026-08-26T03:46:52Z
2026-08-26T03:42:24Z,2026-08-26T05:42:24+0200,e96b9d4a-1054-48fe-90c7-5f4aaf55485c,2026-08-24T02:00:00Z,2026-08-24T04:00:00+0200,0.0,MW,NL,NL,actual_solar_generation,Solar | Actual Aggregated,2026-08-26T03:46:52Z
2026-08-26T03:42:24Z,2026-08-26T05:42:24+0200,e96b9d4a-1054-48fe-90c7-5f4aaf55485c,2026-08-24T02:00:00Z,2026-08-24T04:00:00+0200,0.127,MW,NL,NL,actual_solar_generation,Solar | Actual Consumption,2026-08-26T03:46:52Z
2026-08-26T03:42:24Z,2026-08-26T05:42:24+0200,e96b9d4a-1054-48fe-90c7-5f4aaf55485c,2026-08-24T02:15:00Z,2026-08-24T04:15:00+0200,0.0,MW,NL,NL,actual_solar_generation,Solar | Actual Aggregated,2026-08-26T03:46:52Z
2026-08-26T03:42:24Z,2026-08-26T05:42:24+0200,e96b9d4a-1054-48fe-90c7-5f4aaf55485c,2026-08-24T02:15:00Z,2026-08-24T04:15:00+0200,0.127,MW,NL,NL,actual_solar_generation,Solar | Actual Consumption,2026-08-26T03:46:52Z
2026-08-26T03:42:24Z,2026-08-26T05:42:24+0200,e96b9d4a-1054-48fe-90c7-5f4aaf55485c,2026-08-24T02:30:00Z,2026-08-24T04:30:00+0200,0.0,MW,NL,NL,actual_solar_generation,Solar | Actual Aggregated,2026-08-26T03:46:52Z
2026-08-26T03:42:24Z,2026-08-26T05:42:24+0200,e96b9d4a-1054-48fe-90c7-5f4aaf55485c,2026-08-24T02:30:00Z,2026-08-24T04:30:00+0200,0.127,MW,NL,NL,actual_solar_generation,Solar | Actual Consumption,2026-08-26T03:46:52Z
2026-08-26T03:42:24Z,2026-08-26T05:42:24+0200,e96b9d4a-1054-48fe-90c7-5f4aaf55485c,2026-08-24T02:45:00Z,2026-08-24T04:45:00+0200,0.0,MW,NL,NL,actual_solar_generation,Solar | Actual Aggregated,2026-08-26T03:46:52Z
2026-08-26T03:42:24Z,2026-08-26T05:42:24+0200,e96b9d4a-1054-48fe-90c7-5f4aaf55485c,2026-08-24T02:45:00Z,2026-08-24T04:45:00+0200,0.127,MW,NL,NL,actual_solar_generation,Solar | Actual Consumption,2026-08-26T03:46:52Z
2026-08-26T03:42:24Z,2026-08-26T05:42:24+0200,e96b9d4a-1054-48fe-90c7-5f4aaf55485c,2026-08-24T03:00:00Z,2026-08-24T05:00:00+0200,0.0,MW,NL,NL,actual_solar_generation,Solar | Actual Aggregated,2026-08-26T03:46:52Z
2026-08-26T03:42:24Z,2026-08-26T05:42:24+0200,e96b9d4a-1054-48fe-90c7-5f4aaf55485c,2026-08-24T03:00:00Z,2026-08-24T05:00:00+0200,0.127,MW,NL,NL,actual_solar_generation,Solar | Actual Consumption,2026-08-26T03:46:52Z
2026-08-26T03:42:24Z,2026-08-26T05:42:24+0200,e96b9d4a-1054-48fe-90c7-5f4aaf55485c,2026-08-24T03:15:00Z,2026-08-24T05:15:00+0200,0.0,MW,NL,NL,actual_solar_generation,Solar | Actual Aggregated,2026-08-26T03:46:52Z
2026-08-26T03:42:24Z,2026-08-26T05:42:24+0200,e96b9d4a-1054-48fe-90c7-5f4aaf55485c,2026-08-24T03:15:00Z,2026-08-24T05:15:00+0200,0.127,MW,NL,NL,actual_solar_generation,Solar | Actual Consumption,2026-08-26T03:46:52Z
2026-08-26T03:42:24Z,2026-08-26T05:42:24+0200,e96b9d4a-1054-48fe-90c7-5f4aaf55485c,2026-08-24T03:30:00Z,2026-08-24T05:30:00+0200,0.0,MW,NL,NL,actual_solar_generation,Solar | Actual Aggregated,2026-08-26T03:46:52Z
2026-08-26T03:42:24Z,2026-08-26T05:42:24+0200,e96b9d4a-1054-48fe-90c7-5f4aaf55485c,2026-08-24T03:30:00Z,2026-08-24T05:30:00+0200,0.127,MW,NL,NL,actual_solar_generation,Solar | Actual Consumption,2026-08-26T03:46:52Z
2026-08-26T03:42:24Z,2026-08-26T05:42:24+0200,e96b9d4a-1054-48fe-90c7-5f4aaf55485c,2026-08-24T03:45:00Z,2026-08-24T05:45:00+0200,0.0,MW,NL,NL,actual_solar_generation,Solar | Actual Aggregated,2026-08-26T03:46:52Z
2026-08-26T03:42:24Z,2026-08-26T05:42:24+0200,e96b9d4a-1054-48fe-90c7-5f4aaf55485c,2026-08-24T03:45:00Z,2026-08-24T05:45:00+0200,0.127,MW,NL,NL,actual_solar_generation,Solar | Actual Consumption,2026-08-26T03:46:52Z
2026-08-26T03:42:24Z,2026-08-26T05:42:24+0200,e96b9d4a-1054-48fe-90c7-5f4aaf55485c,2026-08-24T04:00:00Z,2026-08-24T06:00:00+0200,0.0,MW,NL,NL,actual_solar_generation,Solar | Actual Aggregated,2026-08-26T03:46:52Z
2026-08-26T03:42:24Z,2026-08-26T05:42:24+0200,e96b9d4a-1054-48fe-90c7-5f4aaf55485c,2026-08-24T04:00:00Z,2026-08-24T06:00:00+0200,0.127,MW,NL,NL,actual_solar_generation,Solar | Actual Consumption,2026-08-26T03:46:52Z
2026-08-26T03:42:24Z,2026-08-26T05:42:24+0200,e96b9d4a-1054-48fe-90c7-5f4aaf55485c,2026-08-24T04:15:00Z,2026-08-24T06:15:00+0200,0.0,MW,NL,NL,actual_solar_generation,Solar | Actual Aggregated,2026-08-26T03:46:52Z
2026-08-26T03:42:24Z,2026-08-26T05:42:24+0200,e96b9d4a-1054-48fe-90c7-5f4aaf55485c,2026-08-24T04:15:00Z,2026-08-24T06:15:00+0200,0.127,MW,NL,NL,actual_solar_generation,Solar | Actual Consumption,2026-08-26T03:46:52Z
2026-08-26T03:42:24Z,2026-08-26T05:42:24+0200,e96b9d4a-1054-48fe-90c7-5f4aaf55485c,2026-08-24T04:30:00Z,2026-08-24T06:30:00+0200,0.337,MW,NL,NL,actual_solar_generation,Solar | Actual Aggregated,2026-08-26T03:46:52Z
2026-08-26T03:42:24Z,2026-08-26T05:42:24+0200,e96b9d4a-1054-48fe-90c7-5f4aaf55485c,2026-08-24T04:30:00Z,2026-08-24T06:30:00+0200,0.127,MW,NL,NL,actual_solar_generation,Solar | Actual Consumption,2026-08-26T03:46:52Z
2026-08-26T03:42:24Z,2026-08-26T05:42:24+0200,e96b9d4a-1054-48fe-90c7-5f4aaf55485c,2026-08-24T04:45:00Z,2026-08-24T06:45:00+0200,4.339,MW,NL,NL,actual_solar_generation,Solar | Actual Aggregated,2026-08-26T03:46:52Z
2026-08-26T03:42:24Z,2026-08-26T05:42:24+0200,e96b9d4a-1054-48fe-90c7-5f4aaf55485c,2026-08-24T04:45:00Z,2026-08-24T06:45:00+0200,0.0,MW,NL,NL,actual_solar_generation,Solar | Actual Consumption,2026-08-26T03:46:52Z
2026-08-26T03:42:24Z,2026-08-26T05:42:24+0200,e96b9d4a-1054-48fe-90c7-5f4aaf55485c,2026-08-24T05:00:00Z,2026-08-24T07:00:00+0200,7.898,MW,NL,NL,actual_solar_generation,Solar | Actual Aggregated,2026-08-26T03:46:52Z
2026-08-26T03:42:24Z,2026-08-26T05:42:24+0200,e96b9d4a-1054-48fe-90c7-5f4aaf55485c,2026-08-24T05:00:00Z,2026-08-24T07:00:00+0200,0.0,MW,NL,NL,actual_solar_generation,Solar | Actual Consumption,2026-08-26T03:46:52Z
2026-08-26T03:42:24Z,2026-08-26T05:42:24+0200,e96b9d4a-1054-48fe-90c7-5f4aaf55485c,2026-08-24T05:15:00Z,2026-08-24T07:15:00+0200,11.853,MW,NL,NL,actual_solar_generation,Solar | Actual Aggregated,2026-08-26T03:46:52Z
2026-08-26T03:42:24Z,2026-08-26T05:42:24+0200,e96b9d4a-1054-48fe-90c7-5f4aaf55485c,2026-08-24T05:15:00Z,2026-08-24T07:15:00+0200,0.0,MW,NL,NL,actual_solar_generation,Solar | Actual Consumption,2026-08-26T03:46:52Z
2026-08-26T03:42:24Z,2026-08-26T05:42:24+0200,e96b9d4a-1054-48fe-90c7-5f4aaf55485c,2026-08-24T05:30:00Z,2026-08-24T07:30:00+0200,16.157,MW,NL,NL,actual_solar_generation,Solar | Actual Aggregated,2026-08-26T03:46:52Z
2026-08-26T03:42:24Z,2026-08-26T05:42:24+0200,e96b9d4a-1054-48fe-90c7-5f4aaf55485c,2026-08-24T05:30:00Z,2026-08-24T07:30:00+0200,0.0,MW,NL,NL,actual_solar_generation,Solar | Actual Consumption,2026-08-26T03:46:52Z
2026-08-26T03:42:24Z,2026-08-26T05:42:24+0200,e96b9d4a-1054-48fe-90c7-5f4aaf55485c,2026-08-24T05:45:00Z,2026-08-24T07:45:00+0200,20.855,MW,NL,NL,actual_solar_generation,Solar | Actual Aggregated,2026-08-26T03:46:52Z
2026-08-26T03:42:24Z,2026-08-26T05:42:24+0200,e96b9d4a-1054-48fe-90c7-5f4aaf55485c,2026-08-24T05:45:00Z,2026-08-24T07:45:00+0200,0.0,MW,NL,NL,actual_solar_generation,Solar | Actual Consumption,2026-08-26T03:46:52Z
2026-08-26T03:42:24Z,2026-08-26T05:42:24+0200,e96b9d4a-1054-48fe-90c7-5f4aaf55485c,2026-08-24T06:00:00Z,2026-08-24T08:00:00+0200,34.098,MW,NL,NL,actual_solar_generation,Solar | Actual Aggregated,2026-08-26T03:46:52Z
2026-08-26T03:42:24Z,2026-08-26T05:42:24+0200,e96b9d4a-1054-48fe-90c7-5f4aaf55485c,2026-08-24T06:00:00Z,2026-08-24T08:00:00+0200,0.0,MW,NL,NL,actual_solar_generation,Solar | Actual Consumption,2026-08-26T03:46:52Z
2026-08-26T03:42:24Z,2026-08-26T05:42:24+0200,e96b9d4a-1054-48fe-90c7-5f4aaf55485c,2026-08-24T06:15:00Z,2026-08-24T08:15:00+0200,45.467,MW,NL,NL,actual_solar_generation,Solar | Actual Aggregated,2026-08-26T03:46:52Z
2026-08-26T03:42:24Z,2026-08-26T05:42:24+0200,e96b9d4a-1054-48fe-90c7-5f4aaf55485c,2026-08-24T06:15:00Z,2026-08-24T08:15:00+0200,0.0,MW,NL,NL,actual_solar_generation,Solar | Actual Consumption,2026-08-26T03:46:52Z
2026-08-26T03:42:24Z,2026-08-26T05:42:24+0200,e96b9d4a-1054-48fe-90c7-5f4aaf55485c,2026-08-24T06:30:00Z,2026-08-24T08:30:00+0200,56.992,MW,NL,NL,actual_solar_generation,Solar | Actual Aggregated,2026-08-26T03:46:52Z
2026-08-26T03:42:24Z,2026-08-26T05:42:24+0200,e96b9d4a-1054-48fe-90c7-5f4aaf55485c,2026-08-24T06:30:00Z,2026-08-24T08:30:00+0200,0.0,MW,NL,NL,actual_solar_generation,Solar | Actual Consumption,2026-08-26T03:46:52Z
2026-08-26T03:42:24Z,2026-08-26T05:42:24+0200,e96b9d4a-1054-48fe-90c7-5f4aaf55485c,2026-08-24T06:45:00Z,2026-08-24T08:45:00+0200,71.347,MW,NL,NL,actual_solar_generation,Solar | Actual Aggregated,2026-08-26T03:46:52Z
2026-08-26T03:42:24Z,2026-08-26T05:42:24+0200,e96b9d4a-1054-48fe-90c7-5f4aaf55485c,2026-08-24T06:45:00Z,2026-08-24T08:45:00+0200,0.0,MW,NL,NL,actual_solar_generation,Solar | Actual Consumption,2026-08-26T03:46:52Z
2026-08-26T03:42:24Z,2026-08-26T05:42:24+0200,e96b9d4a-1054-48fe-90c7-5f4aaf55485c,2026-08-24T07:00:00Z,2026-08-24T09:00:00+0200,83.912,MW,NL,NL,actual_solar_generation,Solar | Actual Aggregated,2026-08-26T03:46:52Z
2026-08-26T03:42:24Z,2026-08-26T05:42:24+0200,e96b9d4a-1054-48fe-90c7-5f4aaf55485c,2026-08-24T07:00:00Z,2026-08-24T09:00:00+0200,0.0,MW,NL,NL,actual_solar_generation,Solar | Actual Consumption,2026-08-26T03:46:52Z
2026-08-26T03:42:24Z,2026-08-26T05:42:24+0200,e96b9d4a-1054-48fe-90c7-5f4aaf55485c,2026-08-24T07:15:00Z,2026-08-24T09:15:00+0200,93.653,MW,NL,NL,actual_solar_generation,Solar | Actual Aggregated,2026-08-26T03:46:52Z
2026-08-26T03:42:24Z,2026-08-26T05:42:24+0200,e96b9d4a-1054-48fe-90c7-5f4aaf55485c,2026-08-24T07:15:00Z,2026-08-24T09:15:00+0200,0.0,MW,NL,NL,actual_solar_generation,Solar | Actual Consumption,2026-08-26T03:46:52Z
2026-08-26T03:42:24Z,2026-08-26T05:42:24+0200,e96b9d4a-1054-48fe-90c7-5f4aaf55485c,2026-08-24T07:30:00Z,2026-08-24T09:30:00+0200,117.364,MW,NL,NL,actual_solar_generation,Solar | Actual Aggregated,2026-08-26T03:46:52Z
2026-08-26T03:42:24Z,2026-08-26T05:42:24+0200,e96b9d4a-1054-48fe-90c7-5f4aaf55485c,2026-08-24T07:30:00Z,2026-08-24T09:30:00+0200,0.0,MW,NL,NL,actual_solar_generation,Solar | Actual Consumption,2026-08-26T03:46:52Z
2026-08-26T03:42:24Z,2026-08-26T05:42:24+0200,e96b9d4a-1054-48fe-90c7-5f4aaf55485c,2026-08-24T07:45:00Z,2026-08-24T09:45:00+0200,123.22,MW,NL,NL,actual_solar_generation,Solar | Actual Aggregated,2026-08-26T03:46:52Z
2026-08-26T03:42:24Z,2026-08-26T05:42:24+0200,e96b9d4a-1054-48fe-90c7-5f4aaf55485c,2026-08-24T07:45:00Z,2026-08-24T09:45:00+0200,0.0,MW,NL,NL,actual_solar_generation,Solar | Actual Consumption,2026-08-26T03:46:52Z
2026-08-26T03:42:24Z,2026-08-26T05:42:24+0200,e96b9d4a-1054-48fe-90c7-5f4aaf55485c,2026-08-24T08:00:00Z,2026-08-24T10:00:00+0200,133.849,MW,NL,NL,actual_solar_generation,Solar | Actual Aggregated,2026-08-26T03:46:52Z
2026-08-26T03:42:24Z,2026-08-26T05:42:24+0200,e96b9d4a-1054-48fe-90c7-5f4aaf55485c,2026-08-24T08:00:00Z,2026-08-24T10:00:00+0200,0.0,MW,NL,NL,actual_solar_generation,Solar | Actual Consumption,2026-08-26T03:46:52Z
2026-08-26T03:42:24Z,2026-08-26T05:42:24+0200,e96b9d4a-1054-48fe-90c7-5f4aaf55485c,2026-08-24T08:15:00Z,2026-08-24T10:15:00+0200,143.49,MW,NL,NL,actual_solar_generation,Solar | Actual Aggregated,2026-08-26T03:46:52Z
2026-08-26T03:42:24Z,2026-08-26T05:42:24+0200,e96b9d4a-1054-48fe-90c7-5f4aaf55485c,2026-08-24T08:15:00Z,2026-08-24T10:15:00+0200,0.0,MW,NL,NL,actual_solar_generation,Solar | Actual Consumption,2026-08-26T03:46:52Z
2026-08-26T03:42:24Z,2026-08-26T05:42:24+0200,e96b9d4a-1054-48fe-90c7-5f4aaf55485c,2026-08-24T08:30:00Z,2026-08-24T10:30:00+0200,133.191,MW,NL,NL,actual_solar_generation,Solar | Actual Aggregated,2026-08-26T03:46:52Z
2026-08-26T03:42:24Z,2026-08-26T05:42:24+0200,e96b9d4a-1054-48fe-90c7-5f4aaf55485c,2026-08-24T08:30:00Z,2026-08-24T10:30:00+0200,0.0,MW,NL,NL,actual_solar_generation,Solar | Actual Consumption,2026-08-26T03:46:52Z
2026-08-26T03:42:24Z,2026-08-26T05:42:24+0200,e96b9d4a-1054-48fe-90c7-5f4aaf55485c,2026-08-24T08:45:00Z,2026-08-24T10:45:00+0200,162.383,MW,NL,NL,actual_solar_generation,Solar | Actual Aggregated,2026-08-26T03:46:52Z
2026-08-26T03:42:24Z,2026-08-26T05:42:24+0200,e96b9d4a-1054-48fe-90c7-5f4aaf55485c,2026-08-24T08:45:00Z,2026-08-24T10:45:00+0200,0.0,MW,NL,NL,actual_solar_generation,Solar | Actual Consumption,2026-08-26T03:46:52Z
2026-08-26T03:42:24Z,2026-08-26T05:42:24+0200,e96b9d4a-1054-48fe-90c7-5f4aaf55485c,2026-08-24T09:00:00Z,2026-08-24T11:00:00+0200,190.922,MW,NL,NL,actual_solar_generation,Solar | Actual Aggregated,2026-08-26T03:46:52Z
2026-08-26T03:42:24Z,2026-08-26T05:42:24+0200,e96b9d4a-1054-48fe-90c7-5f4aaf55485c,2026-08-24T09:00:00Z,2026-08-24T11:00:00+0200,0.0,MW,NL,NL,actual_solar_generation,Solar | Actual Consumption,2026-08-26T03:46:52Z
2026-08-26T03:42:24Z,2026-08-26T05:42:24+0200,e96b9d4a-1054-48fe-90c7-5f4aaf55485c,2026-08-24T09:15:00Z,2026-08-24T11:15:00+0200,177.569,MW,NL,NL,actual_solar_generation,Solar | Actual Aggregated,2026-08-26T03:46:52Z
2026-08-26T03:42:24Z,2026-08-26T05:42:24+0200,e96b9d4a-1054-48fe-90c7-5f4aaf55485c,2026-08-24T09:15:00Z,2026-08-24T11:15:00+0200,0.0,MW,NL,NL,actual_solar_generation,Solar | Actual Consumption,2026-08-26T03:46:52Z
2026-08-26T03:42:24Z,2026-08-26T05:42:24+0200,e96b9d4a-1054-48fe-90c7-5f4aaf55485c,2026-08-24T09:30:00Z,2026-08-24T11:30:00+0200,186.829,MW,NL,NL,actual_solar_generation,Solar | Actual Aggregated,2026-08-26T03:46:52Z
2026-08-26T03:42:24Z,2026-08-26T05:42:24+0200,e96b9d4a-1054-48fe-90c7-5f4aaf55485c,2026-08-24T09:30:00Z,2026-08-24T11:30:00+0200,0.0,MW,NL,NL,actual_solar_generation,Solar | Actual Consumption,2026-08-26T03:46:52Z
2026-08-26T03:42:24Z,2026-08-26T05:42:24+0200,e96b9d4a-1054-48fe-90c7-5f4aaf55485c,2026-08-24T09:45:00Z,2026-08-24T11:45:00+0200,202.576,MW,NL,NL,actual_solar_generation,Solar | Actual Aggregated,2026-08-26T03:46:52Z
2026-08-26T03:42:24Z,2026-08-26T05:42:24+0200,e96b9d4a-1054-48fe-90c7-5f4aaf55485c,2026-08-24T09:45:00Z,2026-08-24T11:45:00+0200,0.0,MW,NL,NL,actual_solar_generation,Solar | Actual Consumption,2026-08-26T03:46:52Z
2026-08-26T03:42:24Z,2026-08-26T05:42:24+0200,e96b9d4a-1054-48fe-90c7-5f4aaf55485c,2026-08-24T10:00:00Z,2026-08-24T12:00:00+0200,194.577,MW,NL,NL,actual_solar_generation,Solar | Actual Aggregated,2026-08-26T03:46:52Z
2026-08-26T03:42:24Z,2026-08-26T05:42:24+0200,e96b9d4a-1054-48fe-90c7-5f4aaf55485c,2026-08-24T10:00:00Z,2026-08-24T12:00:00+0200,0.0,MW,NL,NL,actual_solar_generation,Solar | Actual Consumption,2026-08-26T03:46:52Z
2026-08-26T03:42:24Z,2026-08-26T05:42:24+0200,e96b9d4a-1054-48fe-90c7-5f4aaf55485c,2026-08-24T10:15:00Z,2026-08-24T12:15:00+0200,181.933,MW,NL,NL,actual_solar_generation,Solar | Actual Aggregated,2026-08-26T03:46:52Z
2026-08-26T03:42:24Z,2026-08-26T05:42:24+0200,e96b9d4a-1054-48fe-90c7-5f4aaf55485c,2026-08-24T10:15:00Z,2026-08-24T12:15:00+0200,0.0,MW,NL,NL,actual_solar_generation,Solar | Actual Consumption,2026-08-26T03:46:52Z
2026-08-26T03:42:24Z,2026-08-26T05:42:24+0200,e96b9d4a-1054-48fe-90c7-5f4aaf55485c,2026-08-24T10:30:00Z,2026-08-24T12:30:00+0200,177.533,MW,NL,NL,actual_solar_generation,Solar | Actual Aggregated,2026-08-26T03:46:52Z
2026-08-26T03:42:24Z,2026-08-26T05:42:24+0200,e96b9d4a-1054-48fe-90c7-5f4aaf55485c,2026-08-24T10:30:00Z,2026-08-24T12:30:00+0200,0.0,MW,NL,NL,actual_solar_generation,Solar | Actual Consumption,2026-08-26T03:46:52Z
2026-08-26T03:42:24Z,2026-08-26T05:42:24+0200,e96b9d4a-1054-48fe-90c7-5f4aaf55485c,2026-08-24T10:45:00Z,2026-08-24T12:45:00+0200,175.464,MW,NL,NL,actual_solar_generation,Solar | Actual Aggregated,2026-08-26T03:46:52Z
2026-08-26T03:42:24Z,2026-08-26T05:42:24+0200,e96b9d4a-1054-48fe-90c7-5f4aaf55485c,2026-08-24T10:45:00Z,2026-08-24T12:45:00+0200,0.0,MW,NL,NL,actual_solar_generation,Solar | Actual Consumption,2026-08-26T03:46:52Z
2026-08-26T03:42:24Z,2026-08-26T05:42:24+0200,e96b9d4a-1054-48fe-90c7-5f4aaf55485c,2026-08-24T11:00:00Z,2026-08-24T13:00:00+0200,201.731,MW,NL,NL,actual_solar_generation,Solar | Actual Aggregated,2026-08-26T03:46:52Z
2026-08-26T03:42:24Z,2026-08-26T05:42:24+0200,e96b9d4a-1054-48fe-90c7-5f4aaf55485c,2026-08-24T11:00:00Z,2026-08-24T13:00:00+0200,0.0,MW,NL,NL,actual_solar_generation,Solar | Actual Consumption,2026-08-26T03:46:52Z
2026-08-26T03:42:24Z,2026-08-26T05:42:24+0200,e96b9d4a-1054-48fe-90c7-5f4aaf55485c,2026-08-24T11:15:00Z,2026-08-24T13:15:00+0200,157.256,MW,NL,NL,actual_solar_generation,Solar | Actual Aggregated,2026-08-26T03:46:52Z
2026-08-26T03:42:24Z,2026-08-26T05:42:24+0200,e96b9d4a-1054-48fe-90c7-5f4aaf55485c,2026-08-24T11:15:00Z,2026-08-24T13:15:00+0200,0.0,MW,NL,NL,actual_solar_generation,Solar | Actual Consumption,2026-08-26T03:46:52Z
2026-08-26T03:42:24Z,2026-08-26T05:42:24+0200,e96b9d4a-1054-48fe-90c7-5f4aaf55485c,2026-08-24T11:30:00Z,2026-08-24T13:30:00+0200,117.185,MW,NL,NL,actual_solar_generation,Solar | Actual Aggregated,2026-08-26T03:46:52Z
2026-08-26T03:42:24Z,2026-08-26T05:42:24+0200,e96b9d4a-1054-48fe-90c7-5f4aaf55485c,2026-08-24T11:30:00Z,2026-08-24T13:30:00+0200,0.0,MW,NL,NL,actual_solar_generation,Solar | Actual Consumption,2026-08-26T03:46:52Z
2026-08-26T03:42:24Z,2026-08-26T05:42:24+0200,e96b9d4a-1054-48fe-90c7-5f4aaf55485c,2026-08-24T11:45:00Z,2026-08-24T13:45:00+0200,179.812,MW,NL,NL,actual_solar_generation,Solar | Actual Aggregated,2026-08-26T03:46:52Z
2026-08-26T03:42:24Z,2026-08-26T05:42:24+0200,e96b9d4a-1054-48fe-90c7-5f4aaf55485c,2026-08-24T11:45:00Z,2026-08-24T13:45:00+0200,0.0,MW,NL,NL,actual_solar_generation,Solar | Actual Consumption,2026-08-26T03:46:52Z
2026-08-26T03:42:24Z,2026-08-26T05:42:24+0200,e96b9d4a-1054-48fe-90c7-5f4aaf55485c,2026-08-24T12:00:00Z,2026-08-24T14:00:00+0200,173.817,MW,NL,NL,actual_solar_generation,Solar | Actual Aggregated,2026-08-26T03:46:52Z
2026-08-26T03:42:24Z,2026-08-26T05:42:24+0200,e96b9d4a-1054-48fe-90c7-5f4aaf55485c,2026-08-24T12:00:00Z,2026-08-24T14:00:00+0200,0.0,MW,NL,NL,actual_solar_generation,Solar | Actual Consumption,2026-08-26T03:46:52Z
2026-08-26T03:42:24Z,2026-08-26T05:42:24+0200,e96b9d4a-1054-48fe-90c7-5f4aaf55485c,2026-08-24T12:15:00Z,2026-08-24T14:15:00+0200,159.038,MW,NL,NL,actual_solar_generation,Solar | Actual Aggregated,2026-08-26T03:46:52Z
2026-08-26T03:42:24Z,2026-08-26T05:42:24+0200,e96b9d4a-1054-48fe-90c7-5f4aaf55485c,2026-08-24T12:15:00Z,2026-08-24T14:15:00+0200,0.0,MW,NL,NL,actual_solar_generation,Solar | Actual Consumption,2026-08-26T03:46:52Z
2026-08-26T03:42:24Z,2026-08-26T05:42:24+0200,e96b9d4a-1054-48fe-90c7-5f4aaf55485c,2026-08-24T12:30:00Z,2026-08-24T14:30:00+0200,203.589,MW,NL,NL,actual_solar_generation,Solar | Actual Aggregated,2026-08-26T03:46:52Z
2026-08-26T03:42:24Z,2026-08-26T05:42:24+0200,e96b9d4a-1054-48fe-90c7-5f4aaf55485c,2026-08-24T12:30:00Z,2026-08-24T14:30:00+0200,0.0,MW,NL,NL,actual_solar_generation,Solar | Actual Consumption,2026-08-26T03:46:52Z
2026-08-26T03:42:24Z,2026-08-26T05:42:24+0200,e96b9d4a-1054-48fe-90c7-5f4aaf55485c,2026-08-24T12:45:00Z,2026-08-24T14:45:00+0200,146.219,MW,NL,NL,actual_solar_generation,Solar | Actual Aggregated,2026-08-26T03:46:52Z
2026-08-26T03:42:24Z,2026-08-26T05:42:24+0200,e96b9d4a-1054-48fe-90c7-5f4aaf55485c,2026-08-24T12:45:00Z,2026-08-24T14:45:00+0200,0.0,MW,NL,NL,actual_solar_generation,Solar | Actual Consumption,2026-08-26T03:46:52Z
2026-08-26T03:42:24Z,2026-08-26T05:42:24+0200,e96b9d4a-1054-48fe-90c7-5f4aaf55485c,2026-08-24T13:00:00Z,2026-08-24T15:00:00+0200,191.958,MW,NL,NL,actual_solar_generation,Solar | Actual Aggregated,2026-08-26T03:46:52Z
2026-08-26T03:42:24Z,2026-08-26T05:42:24+0200,e96b9d4a-1054-48fe-90c7-5f4aaf55485c,2026-08-24T13:00:00Z,2026-08-24T15:00:00+0200,0.0,MW,NL,NL,actual_solar_generation,Solar | Actual Consumption,2026-08-26T03:46:52Z
2026-08-26T03:42:24Z,2026-08-26T05:42:24+0200,e96b9d4a-1054-48fe-90c7-5f4aaf55485c,2026-08-24T13:15:00Z,2026-08-24T15:15:00+0200,188.683,MW,NL,NL,actual_solar_generation,Solar | Actual Aggregated,2026-08-26T03:46:52Z
2026-08-26T03:42:24Z,2026-08-26T05:42:24+0200,e96b9d4a-1054-48fe-90c7-5f4aaf55485c,2026-08-24T13:15:00Z,2026-08-24T15:15:00+0200,0.0,MW,NL,NL,actual_solar_generation,Solar | Actual Consumption,2026-08-26T03:46:52Z
2026-08-26T03:42:24Z,2026-08-26T05:42:24+0200,e96b9d4a-1054-48fe-90c7-5f4aaf55485c,2026-08-24T13:30:00Z,2026-08-24T15:30:00+0200,189.423,MW,NL,NL,actual_solar_generation,Solar | Actual Aggregated,2026-08-26T03:46:52Z
2026-08-26T03:42:24Z,2026-08-26T05:42:24+0200,e96b9d4a-1054-48fe-90c7-5f4aaf55485c,2026-08-24T13:30:00Z,2026-08-24T15:30:00+0200,0.0,MW,NL,NL,actual_solar_generation,Solar | Actual Consumption,2026-08-26T03:46:52Z
2026-08-26T03:42:24Z,2026-08-26T05:42:24+0200,e96b9d4a-1054-48fe-90c7-5f4aaf55485c,2026-08-24T13:45:00Z,2026-08-24T15:45:00+0200,207.418,MW,NL,NL,actual_solar_generation,Solar | Actual Aggregated,2026-08-26T03:46:52Z
2026-08-26T03:42:24Z,2026-08-26T05:42:24+0200,e96b9d4a-1054-48fe-90c7-5f4aaf55485c,2026-08-24T13:45:00Z,2026-08-24T15:45:00+0200,0.0,MW,NL,NL,actual_solar_generation,Solar | Actual Consumption,2026-08-26T03:46:52Z
2026-08-26T03:42:24Z,2026-08-26T05:42:24+0200,e96b9d4a-1054-48fe-90c7-5f4aaf55485c,2026-08-24T14:00:00Z,2026-08-24T16:00:00+0200,142.6,MW,NL,NL,actual_solar_generation,Solar | Actual Aggregated,2026-08-26T03:46:52Z
2026-08-26T03:42:24Z,2026-08-26T05:42:24+0200,e96b9d4a-1054-48fe-90c7-5f4aaf55485c,2026-08-24T14:00:00Z,2026-08-24T16:00:00+0200,0.0,MW,NL,NL,actual_solar_generation,Solar | Actual Consumption,2026-08-26T03:46:52Z
2026-08-26T03:42:24Z,2026-08-26T05:42:24+0200,e96b9d4a-1054-48fe-90c7-5f4aaf55485c,2026-08-24T14:15:00Z,2026-08-24T16:15:00+0200,195.627,MW,NL,NL,actual_solar_generation,Solar | Actual Aggregated,2026-08-26T03:46:52Z
2026-08-26T03:42:24Z,2026-08-26T05:42:24+0200,e96b9d4a-1054-48fe-90c7-5f4aaf55485c,2026-08-24T14:15:00Z,2026-08-24T16:15:00+0200,0.0,MW,NL,NL,actual_solar_generation,Solar | Actual Consumption,2026-08-26T03:46:52Z
2026-08-26T03:42:24Z,2026-08-26T05:42:24+0200,e96b9d4a-1054-48fe-90c7-5f4aaf55485c,2026-08-24T14:30:00Z,2026-08-24T16:30:00+0200,159.429,MW,NL,NL,actual_solar_generation,Solar | Actual Aggregated,2026-08-26T03:46:52Z
2026-08-26T03:42:24Z,2026-08-26T05:42:24+0200,e96b9d4a-1054-48fe-90c7-5f4aaf55485c,2026-08-24T14:30:00Z,2026-08-24T16:30:00+0200,0.0,MW,NL,NL,actual_solar_generation,Solar | Actual Consumption,2026-08-26T03:46:52Z
2026-08-26T03:42:24Z,2026-08-26T05:42:24+0200,e96b9d4a-1054-48fe-90c7-5f4aaf55485c,2026-08-24T14:45:00Z,2026-08-24T16:45:00+0200,132.564,MW,NL,NL,actual_solar_generation,Solar | Actual Aggregated,2026-08-26T03:46:52Z
2026-08-26T03:42:24Z,2026-08-26T05:42:24+0200,e96b9d4a-1054-48fe-90c7-5f4aaf55485c,2026-08-24T14:45:00Z,2026-08-24T16:45:00+0200,0.0,MW,NL,NL,actual_solar_generation,Solar | Actual Consumption,2026-08-26T03:46:52Z
2026-08-26T03:42:24Z,2026-08-26T05:42:24+0200,e96b9d4a-1054-48fe-90c7-5f4aaf55485c,2026-08-24T15:00:00Z,2026-08-24T17:00:00+0200,122.058,MW,NL,NL,actual_solar_generation,Solar | Actual Aggregated,2026-08-26T03:46:52Z
2026-08-26T03:42:24Z,2026-08-26T05:42:24+0200,e96b9d4a-1054-48fe-90c7-5f4aaf55485c,2026-08-24T15:00:00Z,2026-08-24T17:00:00+0200,0.0,MW,NL,NL,actual_solar_generation,Solar | Actual Consumption,2026-08-26T03:46:52Z
2026-08-26T03:42:24Z,2026-08-26T05:42:24+0200,e96b9d4a-1054-48fe-90c7-5f4aaf55485c,2026-08-24T15:15:00Z,2026-08-24T17:15:00+0200,154.544,MW,NL,NL,actual_solar_generation,Solar | Actual Aggregated,2026-08-26T03:46:52Z
2026-08-26T03:42:24Z,2026-08-26T05:42:24+0200,e96b9d4a-1054-48fe-90c7-5f4aaf55485c,2026-08-24T15:15:00Z,2026-08-24T17:15:00+0200,0.0,MW,NL,NL,actual_solar_generation,Solar | Actual Consumption,2026-08-26T03:46:52Z
2026-08-26T03:42:24Z,2026-08-26T05:42:24+0200,e96b9d4a-1054-48fe-90c7-5f4aaf55485c,2026-08-24T15:30:00Z,2026-08-24T17:30:00+0200,98.114,MW,NL,NL,actual_solar_generation,Solar | Actual Aggregated,2026-08-26T03:46:52Z
2026-08-26T03:42:24Z,2026-08-26T05:42:24+0200,e96b9d4a-1054-48fe-90c7-5f4aaf55485c,2026-08-24T15:30:00Z,2026-08-24T17:30:00+0200,0.0,MW,NL,NL,actual_solar_generation,Solar | Actual Consumption,2026-08-26T03:46:52Z
2026-08-26T03:42:24Z,2026-08-26T05:42:24+0200,e96b9d4a-1054-48fe-90c7-5f4aaf55485c,2026-08-24T15:45:00Z,2026-08-24T17:45:00+0200,111.331,MW,NL,NL,actual_solar_generation,Solar | Actual Aggregated,2026-08-26T03:46:52Z
2026-08-26T03:42:24Z,2026-08-26T05:42:24+0200,e96b9d4a-1054-48fe-90c7-5f4aaf55485c,2026-08-24T15:45:00Z,2026-08-24T17:45:00+0200,0.0,MW,NL,NL,actual_solar_generation,Solar | Actual Consumption,2026-08-26T03:46:52Z
2026-08-26T03:42:24Z,2026-08-26T05:42:24+0200,e96b9d4a-1054-48fe-90c7-5f4aaf55485c,2026-08-24T16:00:00Z,2026-08-24T18:00:00+0200,92.975,MW,NL,NL,actual_solar_generation,Solar | Actual Aggregated,2026-08-26T03:46:52Z
2026-08-26T03:42:24Z,2026-08-26T05:42:24+0200,e96b9d4a-1054-48fe-90c7-5f4aaf55485c,2026-08-24T16:00:00Z,2026-08-24T18:00:00+0200,0.0,MW,NL,NL,actual_solar_generation,Solar | Actual Consumption,2026-08-26T03:46:52Z
2026-08-26T03:42:24Z,2026-08-26T05:42:24+0200,e96b9d4a-1054-48fe-90c7-5f4aaf55485c,2026-08-24T16:15:00Z,2026-08-24T18:15:00+0200,83.207,MW,NL,NL,actual_solar_generation,Solar | Actual Aggregated,2026-08-26T03:46:52Z
2026-08-26T03:42:24Z,2026-08-26T05:42:24+0200,e96b9d4a-1054-48fe-90c7-5f4aaf55485c,2026-08-24T16:15:00Z,2026-08-24T18:15:00+0200,0.0,MW,NL,NL,actual_solar_generation,Solar | Actual Consumption,2026-08-26T03:46:52Z
2026-08-26T03:42:24Z,2026-08-26T05:42:24+0200,e96b9d4a-1054-48fe-90c7-5f4aaf55485c,2026-08-24T16:30:00Z,2026-08-24T18:30:00+0200,70.559,MW,NL,NL,actual_solar_generation,Solar | Actual Aggregated,2026-08-26T03:46:52Z
2026-08-26T03:42:24Z,2026-08-26T05:42:24+0200,e96b9d4a-1054-48fe-90c7-5f4aaf55485c,2026-08-24T16:30:00Z,2026-08-24T18:30:00+0200,0.0,MW,NL,NL,actual_solar_generation,Solar | Actual Consumption,2026-08-26T03:46:52Z
2026-08-26T03:42:24Z,2026-08-26T05:42:24+0200,e96b9d4a-1054-48fe-90c7-5f4aaf55485c,2026-08-24T16:45:00Z,2026-08-24T18:45:00+0200,58.426,MW,NL,NL,actual_solar_generation,Solar | Actual Aggregated,2026-08-26T03:46:52Z
2026-08-26T03:42:24Z,2026-08-26T05:42:24+0200,e96b9d4a-1054-48fe-90c7-5f4aaf55485c,2026-08-24T16:45:00Z,2026-08-24T18:45:00+0200,0.0,MW,NL,NL,actual_solar_generation,Solar | Actual Consumption,2026-08-26T03:46:52Z
2026-08-26T03:42:24Z,2026-08-26T05:42:24+0200,e96b9d4a-1054-48fe-90c7-5f4aaf55485c,2026-08-24T17:00:00Z,2026-08-24T19:00:00+0200,35.313,MW,NL,NL,actual_solar_generation,Solar | Actual Aggregated,2026-08-26T03:46:52Z
2026-08-26T03:42:24Z,2026-08-26T05:42:24+0200,e96b9d4a-1054-48fe-90c7-5f4aaf55485c,2026-08-24T17:00:00Z,2026-08-24T19:00:00+0200,0.0,MW,NL,NL,actual_solar_generation,Solar | Actual Consumption,2026-08-26T03:46:52Z
2026-08-26T03:42:24Z,2026-08-26T05:42:24+0200,e96b9d4a-1054-48fe-90c7-5f4aaf55485c,2026-08-24T17:15:00Z,2026-08-24T19:15:00+0200,28.155,MW,NL,NL,actual_solar_generation,Solar | Actual Aggregated,2026-08-26T03:46:52Z
2026-08-26T03:42:24Z,2026-08-26T05:42:24+0200,e96b9d4a-1054-48fe-90c7-5f4aaf55485c,2026-08-24T17:15:00Z,2026-08-24T19:15:00+0200,0.0,MW,NL,NL,actual_solar_generation,Solar | Actual Consumption,2026-08-26T03:46:52Z
2026-08-26T03:42:24Z,2026-08-26T05:42:24+0200,e96b9d4a-1054-48fe-90c7-5f4aaf55485c,2026-08-24T17:30:00Z,2026-08-24T19:30:00+0200,21.445,MW,NL,NL,actual_solar_generation,Solar | Actual Aggregated,2026-08-26T03:46:52Z
2026-08-26T03:42:24Z,2026-08-26T05:42:24+0200,e96b9d4a-1054-48fe-90c7-5f4aaf55485c,2026-08-24T17:30:00Z,2026-08-24T19:30:00+0200,0.0,MW,NL,NL,actual_solar_generation,Solar | Actual Consumption,2026-08-26T03:46:52Z
2026-08-26T03:42:24Z,2026-08-26T05:42:24+0200,e96b9d4a-1054-48fe-90c7-5f4aaf55485c,2026-08-24T17:45:00Z,2026-08-24T19:45:00+0200,11.773,MW,NL,NL,actual_solar_generation,Solar | Actual Aggregated,2026-08-26T03:46:52Z
2026-08-26T03:42:24Z,2026-08-26T05:42:24+0200,e96b9d4a-1054-48fe-90c7-5f4aaf55485c,2026-08-24T17:45:00Z,2026-08-24T19:45:00+0200,0.0,MW,NL,NL,actual_solar_generation,Solar | Actual Consumption,2026-08-26T03:46:52Z
2026-08-26T03:42:24Z,2026-08-26T05:42:24+0200,e96b9d4a-1054-48fe-90c7-5f4aaf55485c,2026-08-24T18:00:00Z,2026-08-24T20:00:00+0200,5.86,MW,NL,NL,actual_solar_generation,Solar | Actual Aggregated,2026-08-26T03:46:52Z
2026-08-26T03:42:24Z,2026-08-26T05:42:24+0200,e96b9d4a-1054-48fe-90c7-5f4aaf55485c,2026-08-24T18:00:00Z,2026-08-24T20:00:00+0200,0.0,MW,NL,NL,actual_solar_generation,Solar | Actual Consumption,2026-08-26T03:46:52Z
2026-08-26T03:42:24Z,2026-08-26T05:42:24+0200,e96b9d4a-1054-48fe-90c7-5f4aaf55485c,2026-08-24T18:15:00Z,2026-08-24T20:15:00+0200,2.559,MW,NL,NL,actual_solar_generation,Solar | Actual Aggregated,2026-08-26T03:46:52Z
2026-08-26T03:42:24Z,2026-08-26T05:42:24+0200,e96b9d4a-1054-48fe-90c7-5f4aaf55485c,2026-08-24T18:15:00Z,2026-08-24T20:15:00+0200,0.0,MW,NL,NL,actual_solar_generation,Solar | Actual Consumption,2026-08-26T03:46:52Z
2026-08-26T03:42:24Z,2026-08-26T05:42:24+0200,e96b9d4a-1054-48fe-90c7-5f4aaf55485c,2026-08-24T18:30:00Z,2026-08-24T20:30:00+0200,0.897,MW,NL,NL,actual_solar_generation,Solar | Actual Aggregated,2026-08-26T03:46:52Z
2026-08-26T03:42:24Z,2026-08-26T05:42:24+0200,e96b9d4a-1054-48fe-90c7-5f4aaf55485c,2026-08-24T18:30:00Z,2026-08-24T20:30:00+0200,0.547,MW,NL,NL,actual_solar_generation,Solar | Actual Consumption,2026-08-26T03:46:52Z
2026-08-26T03:42:24Z,2026-08-26T05:42:24+0200,e96b9d4a-1054-48fe-90c7-5f4aaf55485c,2026-08-24T18:45:00Z,2026-08-24T20:45:00+0200,0.0,MW,NL,NL,actual_solar_generation,Solar | Actual Aggregated,2026-08-26T03:46:52Z
2026-08-26T03:42:24Z,2026-08-26T05:42:24+0200,e96b9d4a-1054-48fe-90c7-5f4aaf55485c,2026-08-24T18:45:00Z,2026-08-24T20:45:00+0200,0.855,MW,NL,NL,actual_solar_generation,Solar | Actual Consumption,2026-08-26T03:46:52Z
2026-08-26T03:42:24Z,2026-08-26T05:42:24+0200,e96b9d4a-1054-48fe-90c7-5f4aaf55485c,2026-08-24T19:00:00Z,2026-08-24T21:00:00+0200,0.0,MW,NL,NL,actual_solar_generation,Solar | Actual Aggregated,2026-08-26T03:46:52Z
2026-08-26T03:42:24Z,2026-08-26T05:42:24+0200,e96b9d4a-1054-48fe-90c7-5f4aaf55485c,2026-08-24T19:00:00Z,2026-08-24T21:00:00+0200,0.115,MW,NL,NL,actual_solar_generation,Solar | Actual Consumption,2026-08-26T03:46:52Z
2026-08-26T03:42:24Z,2026-08-26T05:42:24+0200,e96b9d4a-1054-48fe-90c7-5f4aaf55485c,2026-08-24T19:15:00Z,2026-08-24T21:15:00+0200,0.0,MW,NL,NL,actual_solar_generation,Solar | Actual Aggregated,2026-08-26T03:46:52Z
2026-08-26T03:42:24Z,2026-08-26T05:42:24+0200,e96b9d4a-1054-48fe-90c7-5f4aaf55485c,2026-08-24T19:15:00Z,2026-08-24T21:15:00+0200,0.131,MW,NL,NL,actual_solar_generation,Solar | Actual Consumption,2026-08-26T03:46:52Z
2026-08-26T03:42:24Z,2026-08-26T05:42:24+0200,e96b9d4a-1054-48fe-90c7-5f4aaf55485c,2026-08-24T19:30:00Z,2026-08-24T21:30:00+0200,0.0,MW,NL,NL,actual_solar_generation,Solar | Actual Aggregated,2026-08-26T03:46:52Z
2026-08-26T03:42:24Z,2026-08-26T05:42:24+0200,e96b9d4a-1054-48fe-90c7-5f4aaf55485c,2026-08-24T19:30:00Z,2026-08-24T21:30:00+0200,0.116,MW,NL,NL,actual_solar_generation,Solar | Actual Consumption,2026-08-26T03:46:52Z
2026-08-26T03:42:24Z,2026-08-26T05:42:24+0200,e96b9d4a-1054-48fe-90c7-5f4aaf55485c,2026-08-24T19:45:00Z,2026-08-24T21:45:00+0200,0.0,MW,NL,NL,actual_solar_generation,Solar | Actual Aggregated,2026-08-26T03:46:52Z
2026-08-26T03:42:24Z,2026-08-26T05:42:24+0200,e96b9d4a-1054-48fe-90c7-5f4aaf55485c,2026-08-24T19:45:00Z,2026-08-24T21:45:00+0200,0.125,MW,NL,NL,actual_solar_generation,Solar | Actual Consumption,2026-08-26T03:46:52Z
2026-08-26T03:42:24Z,2026-08-26T05:42:24+0200,e96b9d4a-1054-48fe-90c7-5f4aaf55485c,2026-08-24T20:00:00Z,2026-08-24T22:00:00+0200,0.0,MW,NL,NL,actual_solar_generation,Solar | Actual Aggregated,2026-08-26T03:46:52Z
2026-08-26T03:42:24Z,2026-08-26T05:42:24+0200,e96b9d4a-1054-48fe-90c7-5f4aaf55485c,2026-08-24T20:00:00Z,2026-08-24T22:00:00+0200,0.125,MW,NL,NL,actual_solar_generation,Solar | Actual Consumption,2026-08-26T03:46:52Z
2026-08-26T03:42:24Z,2026-08-26T05:42:24+0200,e96b9d4a-1054-48fe-90c7-5f4aaf55485c,2026-08-24T20:15:00Z,2026-08-24T22:15:00+0200,0.0,MW,NL,NL,actual_solar_generation,Solar | Actual Aggregated,2026-08-26T03:46:52Z
2026-08-26T03:42:24Z,2026-08-26T05:42:24+0200,e96b9d4a-1054-48fe-90c7-5f4aaf55485c,2026-08-24T20:15:00Z,2026-08-24T22:15:00+0200,0.125,MW,NL,NL,actual_solar_generation,Solar | Actual Consumption,2026-08-26T03:46:52Z
2026-08-26T03:42:24Z,2026-08-26T05:42:24+0200,e96b9d4a-1054-48fe-90c7-5f4aaf55485c,2026-08-24T20:30:00Z,2026-08-24T22:30:00+0200,0.0,MW,NL,NL,actual_solar_generation,Solar | Actual Aggregated,2026-08-26T03:46:52Z
2026-08-26T03:42:24Z,2026-08-26T05:42:24+0200,e96b9d4a-1054-48fe-90c7-5f4aaf55485c,2026-08-24T20:30:00Z,2026-08-24T22:30:00+0200,0.125,MW,NL,NL,actual_solar_generation,Solar | Actual Consumption,2026-08-26T03:46:52Z
2026-08-26T03:42:24Z,2026-08-26T05:42:24+0200,e96b9d4a-1054-48fe-90c7-5f4aaf55485c,2026-08-24T20:45:00Z,2026-08-24T22:45:00+0200,0.0,MW,NL,NL,actual_solar_generation,Solar | Actual Aggregated,2026-08-26T03:46:52Z
2026-08-26T03:42:24Z,2026-08-26T05:42:24+0200,e96b9d4a-1054-48fe-90c7-5f4aaf55485c,2026-08-24T20:45:00Z,2026-08-24T22:45:00+0200,0.125,MW,NL,NL,actual_solar_generation,Solar | Actual Consumption,2026-08-26T03:46:52Z
2026-08-26T03:42:24Z,2026-08-26T05:42:24+0200,e96b9d4a-1054-48fe-90c7-5f4aaf55485c,2026-08-24T21:00:00Z,2026-08-24T23:00:00+0200,0.0,MW,NL,NL,actual_solar_generation,Solar | Actual Aggregated,2026-08-26T03:46:52Z
2026-08-26T03:42:24Z,2026-08-26T05:42:24+0200,e96b9d4a-1054-48fe-90c7-5f4aaf55485c,2026-08-24T21:00:00Z,2026-08-24T23:00:00+0200,0.125,MW,NL,NL,actual_solar_generation,Solar | Actual Consumption,2026-08-26T03:46:52Z
2026-08-26T03:42:24Z,2026-08-26T05:42:24+0200,e96b9d4a-1054-48fe-90c7-5f4aaf55485c,2026-08-24T21:15:00Z,2026-08-24T23:15:00+0200,0.0,MW,NL,NL,actual_solar_generation,Solar | Actual Aggregated,2026-08-26T03:46:52Z
2026-08-26T03:42:24Z,2026-08-26T05:42:24+0200,e96b9d4a-1054-48fe-90c7-5f4aaf55485c,2026-08-24T21:15:00Z,2026-08-24T23:15:00+0200,0.125,MW,NL,NL,actual_solar_generation,Solar | Actual Consumption,2026-08-26T03:46:52Z
2026-08-26T03:42:24Z,2026-08-26T05:42:24+0200,e96b9d4a-1054-48fe-90c7-5f4aaf55485c,2026-08-24T21:30:00Z,2026-08-24T23:30:00+0200,0.0,MW,NL,NL,actual_solar_generation,Solar | Actual Aggregated,2026-08-26T03:46:52Z
2026-08-26T03:42:24Z,2026-08-26T05:42:24+0200,e96b9d4a-1054-48fe-90c7-5f4aaf55485c,2026-08-24T21:30:00Z,2026-08-24T23:30:00+0200,0.125,MW,NL,NL,actual_solar_generation,Solar | Actual Consumption,2026-08-26T03:46:52Z
2026-08-26T03:42:24Z,2026-08-26T05:42:24+0200,e96b9d4a-1054-48fe-90c7-5f4aaf55485c,2026-08-24T21:45:00Z,2026-08-24T23:45:00+0200,0.0,MW,NL,NL,actual_solar_generation,Solar | Actual Aggregated,2026-08-26T03:46:52Z
2026-08-26T03:42:24Z,2026-08-26T05:42:24+0200,e96b9d4a-1054-48fe-90c7-5f4aaf55485c,2026-08-24T21:45:00Z,2026-08-24T23:45:00+0200,0.125,MW,NL,NL,actual_solar_generation,Solar | Actual Consumption,2026-08-26T03:46:52Z
2026-08-26T03:42:24Z,2026-08-26T05:42:24+0200,e96b9d4a-1054-48fe-90c7-5f4aaf55485c,2026-08-24T22:00:00Z,2026-08-25T00:00:00+0200,0.0,MW,NL,NL,actual_solar_generation,Solar | Actual Aggregated,2026-08-26T03:46:52Z
2026-08-26T03:42:24Z,2026-08-26T05:42:24+0200,e96b9d4a-1054-48fe-90c7-5f4aaf55485c,2026-08-24T22:00:00Z,2026-08-25T00:00:00+0200,0.125,MW,NL,NL,actual_solar_generation,Solar | Actual Consumption,2026-08-26T03:46:52Z
2026-08-26T03:42:24Z,2026-08-26T05:42:24+0200,e96b9d4a-1054-48fe-90c7-5f4aaf55485c,2026-08-24T22:15:00Z,2026-08-25T00:15:00+0200,0.0,MW,NL,NL,actual_solar_generation,Solar | Actual Aggregated,2026-08-26T03:46:52Z
2026-08-26T03:42:24Z,2026-08-26T05:42:24+0200,e96b9d4a-1054-48fe-90c7-5f4aaf55485c,2026-08-24T22:15:00Z,2026-08-25T00:15:00+0200,0.127,MW,NL,NL,actual_solar_generation,Solar | Actual Consumption,2026-08-26T03:46:52Z
2026-08-26T03:42:24Z,2026-08-26T05:42:24+0200,e96b9d4a-1054-48fe-90c7-5f4aaf55485c,2026-08-24T22:30:00Z,2026-08-25T00:30:00+0200,0.0,MW,NL,NL,actual_solar_generation,Solar | Actual Aggregated,2026-08-26T03:46:52Z
2026-08-26T03:42:24Z,2026-08-26T05:42:24+0200,e96b9d4a-1054-48fe-90c7-5f4aaf55485c,2026-08-24T22:30:00Z,2026-08-25T00:30:00+0200,0.127,MW,NL,NL,actual_solar_generation,Solar | Actual Consumption,2026-08-26T03:46:52Z
2026-08-26T03:42:24Z,2026-08-26T05:42:24+0200,e96b9d4a-1054-48fe-90c7-5f4aaf55485c,2026-08-24T22:45:00Z,2026-08-25T00:45:00+0200,0.0,MW,NL,NL,actual_solar_generation,Solar | Actual Aggregated,2026-08-26T03:46:52Z
2026-08-26T03:42:24Z,2026-08-26T05:42:24+0200,e96b9d4a-1054-48fe-90c7-5f4aaf55485c,2026-08-24T22:45:00Z,2026-08-25T00:45:00+0200,0.127,MW,NL,NL,actual_solar_generation,Solar | Actual Consumption,2026-08-26T03:46:52Z
2026-08-26T03:42:24Z,2026-08-26T05:42:24+0200,e96b9d4a-1054-48fe-90c7-5f4aaf55485c,2026-08-24T23:00:00Z,2026-08-25T01:00:00+0200,0.0,MW,NL,NL,actual_solar_generation,Solar | Actual Aggregated,2026-08-26T03:46:52Z
2026-08-26T03:42:24Z,2026-08-26T05:42:24+0200,e96b9d4a-1054-48fe-90c7-5f4aaf55485c,2026-08-24T23:00:00Z,2026-08-25T01:00:00+0200,0.127,MW,NL,NL,actual_solar_generation,Solar | Actual Consumption,2026-08-26T03:46:52Z
2026-08-26T03:42:24Z,2026-08-26T05:42:24+0200,e96b9d4a-1054-48fe-90c7-5f4aaf55485c,2026-08-24T23:15:00Z,2026-08-25T01:15:00+0200,0.0,MW,NL,NL,actual_solar_generation,Solar | Actual Aggregated,2026-08-26T03:46:52Z
2026-08-26T03:42:24Z,2026-08-26T05:42:24+0200,e96b9d4a-1054-48fe-90c7-5f4aaf55485c,2026-08-24T23:15:00Z,2026-08-25T01:15:00+0200,0.127,MW,NL,NL,actual_solar_generation,Solar | Actual Consumption,2026-08-26T03:46:52Z
2026-08-26T03:42:24Z,2026-08-26T05:42:24+0200,e96b9d4a-1054-48fe-90c7-5f4aaf55485c,2026-08-24T23:30:00Z,2026-08-25T01:30:00+0200,0.0,MW,NL,NL,actual_solar_generation,Solar | Actual Aggregated,2026-08-26T03:46:52Z
2026-08-26T03:42:24Z,2026-08-26T05:42:24+0200,e96b9d4a-1054-48fe-90c7-5f4aaf55485c,2026-08-24T23:30:00Z,2026-08-25T01:30:00+0200,0.127,MW,NL,NL,actual_solar_generation,Solar | Actual Consumption,2026-08-26T03:46:52Z
2026-08-26T03:42:24Z,2026-08-26T05:42:24+0200,e96b9d4a-1054-48fe-90c7-5f4aaf55485c,2026-08-24T23:45:00Z,2026-08-25T01:45:00+0200,0.0,MW,NL,NL,actual_solar_generation,Solar | Actual Aggregated,2026-08-26T03:46:52Z
2026-08-26T03:42:24Z,2026-08-26T05:42:24+0200,e96b9d4a-1054-48fe-90c7-5f4aaf55485c,2026-08-24T23:45:00Z,2026-08-25T01:45:00+0200,0.127,MW,NL,NL,actual_solar_generation,Solar | Actual Consumption,2026-08-26T03:46:52Z
2026-08-26T03:42:24Z,2026-08-26T05:42:24+0200,e96b9d4a-1054-48fe-90c7-5f4aaf55485c,2026-08-25T00:00:00Z,2026-08-25T02:00:00+0200,0.0,MW,NL,NL,actual_solar_generation,Solar | Actual Aggregated,2026-08-26T03:46:52Z
2026-08-26T03:42:24Z,2026-08-26T05:42:24+0200,e96b9d4a-1054-48fe-90c7-5f4aaf55485c,2026-08-25T00:00:00Z,2026-08-25T02:00:00+0200,0.127,MW,NL,NL,actual_solar_generation,Solar | Actual Consumption,2026-08-26T03:46:52Z
2026-08-26T03:42:24Z,2026-08-26T05:42:24+0200,e96b9d4a-1054-48fe-90c7-5f4aaf55485c,2026-08-25T00:15:00Z,2026-08-25T02:15:00+0200,0.0,MW,NL,NL,actual_solar_generation,Solar | Actual Aggregated,2026-08-26T03:46:52Z
2026-08-26T03:42:24Z,2026-08-26T05:42:24+0200,e96b9d4a-1054-48fe-90c7-5f4aaf55485c,2026-08-25T00:15:00Z,2026-08-25T02:15:00+0200,0.127,MW,NL,NL,actual_solar_generation,Solar | Actual Consumption,2026-08-26T03:46:52Z
2026-08-26T03:42:24Z,2026-08-26T05:42:24+0200,e96b9d4a-1054-48fe-90c7-5f4aaf55485c,2026-08-25T00:30:00Z,2026-08-25T02:30:00+0200,0.0,MW,NL,NL,actual_solar_generation,Solar | Actual Aggregated,2026-08-26T03:46:52Z
2026-08-26T03:42:24Z,2026-08-26T05:42:24+0200,e96b9d4a-1054-48fe-90c7-5f4aaf55485c,2026-08-25T00:30:00Z,2026-08-25T02:30:00+0200,0.127,MW,NL,NL,actual_solar_generation,Solar | Actual Consumption,2026-08-26T03:46:52Z
2026-08-26T03:42:24Z,2026-08-26T05:42:24+0200,e96b9d4a-1054-48fe-90c7-5f4aaf55485c,2026-08-25T00:45:00Z,2026-08-25T02:45:00+0200,0.0,MW,NL,NL,actual_solar_generation,Solar | Actual Aggregated,2026-08-26T03:46:52Z
2026-08-26T03:42:24Z,2026-08-26T05:42:24+0200,e96b9d4a-1054-48fe-90c7-5f4aaf55485c,2026-08-25T00:45:00Z,2026-08-25T02:45:00+0200,0.127,MW,NL,NL,actual_solar_generation,Solar | Actual Consumption,2026-08-26T03:46:52Z
2026-08-26T03:42:24Z,2026-08-26T05:42:24+0200,e96b9d4a-1054-48fe-90c7-5f4aaf55485c,2026-08-25T01:00:00Z,2026-08-25T03:00:00+0200,0.0,MW,NL,NL,actual_solar_generation,Solar | Actual Aggregated,2026-08-26T03:46:52Z
2026-08-26T03:42:24Z,2026-08-26T05:42:24+0200,e96b9d4a-1054-48fe-90c7-5f4aaf55485c,2026-08-25T01:00:00Z,2026-08-25T03:00:00+0200,0.127,MW,NL,NL,actual_solar_generation,Solar | Actual Consumption,2026-08-26T03:46:52Z
2026-08-26T03:42:24Z,2026-08-26T05:42:24+0200,e96b9d4a-1054-48fe-90c7-5f4aaf55485c,2026-08-25T01:15:00Z,2026-08-25T03:15:00+0200,0.0,MW,NL,NL,actual_solar_generation,Solar | Actual Aggregated,2026-08-26T03:46:52Z
2026-08-26T03:42:24Z,2026-08-26T05:42:24+0200,e96b9d4a-1054-48fe-90c7-5f4aaf55485c,2026-08-25T01:15:00Z,2026-08-25T03:15:00+0200,0.134,MW,NL,NL,actual_solar_generation,Solar | Actual Consumption,2026-08-26T03:46:52Z
2026-08-26T03:42:24Z,2026-08-26T05:42:24+0200,e96b9d4a-1054-48fe-90c7-5f4aaf55485c,2026-08-25T01:30:00Z,2026-08-25T03:30:00+0200,0.0,MW,NL,NL,actual_solar_generation,Solar | Actual Aggregated,2026-08-26T03:46:52Z
2026-08-26T03:42:24Z,2026-08-26T05:42:24+0200,e96b9d4a-1054-48fe-90c7-5f4aaf55485c,2026-08-25T01:30:00Z,2026-08-25T03:30:00+0200,0.134,MW,NL,NL,actual_solar_generation,Solar | Actual Consumption,2026-08-26T03:46:52Z
2026-08-26T03:42:24Z,2026-08-26T05:42:24+0200,e96b9d4a-1054-48fe-90c7-5f4aaf55485c,2026-08-25T01:45:00Z,2026-08-25T03:45:00+0200,0.0,MW,NL,NL,actual_solar_generation,Solar | Actual Aggregated,2026-08-26T03:46:52Z
2026-08-26T03:42:24Z,2026-08-26T05:42:24+0200,e96b9d4a-1054-48fe-90c7-5f4aaf55485c,2026-08-25T01:45:00Z,2026-08-25T03:45:00+0200,0.129,MW,NL,NL,actual_solar_generation,Solar | Actual Consumption,2026-08-26T03:46:52Z
2026-08-26T03:42:24Z,2026-08-26T05:42:24+0200,e96b9d4a-1054-48fe-90c7-5f4aaf55485c,2026-08-25T02:00:00Z,2026-08-25T04:00:00+0200,0.0,MW,NL,NL,actual_solar_generation,Solar | Actual Aggregated,2026-08-26T03:46:52Z
2026-08-26T03:42:24Z,2026-08-26T05:42:24+0200,e96b9d4a-1054-48fe-90c7-5f4aaf55485c,2026-08-25T02:00:00Z,2026-08-25T04:00:00+0200,0.129,MW,NL,NL,actual_solar_generation,Solar | Actual Consumption,2026-08-26T03:46:52Z
2026-08-26T03:42:24Z,2026-08-26T05:42:24+0200,e96b9d4a-1054-48fe-90c7-5f4aaf55485c,2026-08-25T02:15:00Z,2026-08-25T04:15:00+0200,0.0,MW,NL,NL,actual_solar_generation,Solar | Actual Aggregated,2026-08-26T03:46:52Z
2026-08-26T03:42:24Z,2026-08-26T05:42:24+0200,e96b9d4a-1054-48fe-90c7-5f4aaf55485c,2026-08-25T02:15:00Z,2026-08-25T04:15:00+0200,0.129,MW,NL,NL,actual_solar_generation,Solar | Actual Consumption,2026-08-26T03:46:52Z
2026-08-26T03:42:24Z,2026-08-26T05:42:24+0200,e96b9d4a-1054-48fe-90c7-5f4aaf55485c,2026-08-25T02:30:00Z,2026-08-25T04:30:00+0200,0.0,MW,NL,NL,actual_solar_generation,Solar | Actual Aggregated,2026-08-26T03:46:52Z
2026-08-26T03:42:24Z,2026-08-26T05:42:24+0200,e96b9d4a-1054-48fe-90c7-5f4aaf55485c,2026-08-25T02:30:00Z,2026-08-25T04:30:00+0200,0.129,MW,NL,NL,actual_solar_generation,Solar | Actual Consumption,2026-08-26T03:46:52Z
2026-08-26T03:42:24Z,2026-08-26T05:42:24+0200,e96b9d4a-1054-48fe-90c7-5f4aaf55485c,2026-08-25T02:45:00Z,2026-08-25T04:45:00+0200,0.0,MW,NL,NL,actual_solar_generation,Solar | Actual Aggregated,2026-08-26T03:46:52Z
2026-08-26T03:42:24Z,2026-08-26T05:42:24+0200,e96b9d4a-1054-48fe-90c7-5f4aaf55485c,2026-08-25T02:45:00Z,2026-08-25T04:45:00+0200,0.129,MW,NL,NL,actual_solar_generation,Solar | Actual Consumption,2026-08-26T03:46:52Z
2026-08-26T03:42:24Z,2026-08-26T05:42:24+0200,e96b9d4a-1054-48fe-90c7-5f4aaf55485c,2026-08-25T03:00:00Z,2026-08-25T05:00:00+0200,0.0,MW,NL,NL,actual_solar_generation,Solar | Actual Aggregated,2026-08-26T03:46:52Z
2026-08-26T03:42:24Z,2026-08-26T05:42:24+0200,e96b9d4a-1054-48fe-90c7-5f4aaf55485c,2026-08-25T03:00:00Z,2026-08-25T05:00:00+0200,0.129,MW,NL,NL,actual_solar_generation,Solar | Actual Consumption,2026-08-26T03:46:52Z
2026-08-26T03:42:24Z,2026-08-26T05:42:24+0200,e96b9d4a-1054-48fe-90c7-5f4aaf55485c,2026-08-25T03:15:00Z,2026-08-25T05:15:00+0200,0.0,MW,NL,NL,actual_solar_generation,Solar | Actual Aggregated,2026-08-26T03:46:52Z
2026-08-26T03:42:24Z,2026-08-26T05:42:24+0200,e96b9d4a-1054-48fe-90c7-5f4aaf55485c,2026-08-25T03:15:00Z,2026-08-25T05:15:00+0200,0.129,MW,NL,NL,actual_solar_generation,Solar | Actual Consumption,2026-08-26T03:46:52Z
2026-08-26T03:42:24Z,2026-08-26T05:42:24+0200,e96b9d4a-1054-48fe-90c7-5f4aaf55485c,2026-08-25T03:30:00Z,2026-08-25T05:30:00+0200,0.0,MW,NL,NL,actual_solar_generation,Solar | Actual Aggregated,2026-08-26T03:46:52Z
2026-08-26T03:42:24Z,2026-08-26T05:42:24+0200,e96b9d4a-1054-48fe-90c7-5f4aaf55485c,2026-08-25T03:30:00Z,2026-08-25T05:30:00+0200,0.129,MW,NL,NL,actual_solar_generation,Solar | Actual Consumption,2026-08-26T03:46:52Z
2026-08-26T03:42:24Z,2026-08-26T05:42:24+0200,e96b9d4a-1054-48fe-90c7-5f4aaf55485c,2026-08-25T03:45:00Z,2026-08-25T05:45:00+0200,0.0,MW,NL,NL,actual_solar_generation,Solar | Actual Aggregated,2026-08-26T03:46:52Z
2026-08-26T03:42:24Z,2026-08-26T05:42:24+0200,e96b9d4a-1054-48fe-90c7-5f4aaf55485c,2026-08-25T03:45:00Z,2026-08-25T05:45:00+0200,0.121,MW,NL,NL,actual_solar_generation,Solar | Actual Consumption,2026-08-26T03:46:52Z
2026-08-26T03:42:24Z,2026-08-26T05:42:24+0200,e96b9d4a-1054-48fe-90c7-5f4aaf55485c,2026-08-25T04:00:00Z,2026-08-25T06:00:00+0200,0.0,MW,NL,NL,actual_solar_generation,Solar | Actual Aggregated,2026-08-26T03:46:52Z
2026-08-26T03:42:24Z,2026-08-26T05:42:24+0200,e96b9d4a-1054-48fe-90c7-5f4aaf55485c,2026-08-25T04:00:00Z,2026-08-25T06:00:00+0200,0.106,MW,NL,NL,actual_solar_generation,Solar | Actual Consumption,2026-08-26T03:46:52Z
2026-08-26T03:42:24Z,2026-08-26T05:42:24+0200,e96b9d4a-1054-48fe-90c7-5f4aaf55485c,2026-08-25T04:15:00Z,2026-08-25T06:15:00+0200,0.0,MW,NL,NL,actual_solar_generation,Solar | Actual Aggregated,2026-08-26T03:46:52Z
2026-08-26T03:42:24Z,2026-08-26T05:42:24+0200,e96b9d4a-1054-48fe-90c7-5f4aaf55485c,2026-08-25T04:15:00Z,2026-08-25T06:15:00+0200,0.121,MW,NL,NL,actual_solar_generation,Solar | Actual Consumption,2026-08-26T03:46:52Z
2026-08-26T03:42:24Z,2026-08-26T05:42:24+0200,e96b9d4a-1054-48fe-90c7-5f4aaf55485c,2026-08-25T04:30:00Z,2026-08-25T06:30:00+0200,0.472,MW,NL,NL,actual_solar_generation,Solar | Actual Aggregated,2026-08-26T03:46:52Z
2026-08-26T03:42:24Z,2026-08-26T05:42:24+0200,e96b9d4a-1054-48fe-90c7-5f4aaf55485c,2026-08-25T04:30:00Z,2026-08-25T06:30:00+0200,0.0,MW,NL,NL,actual_solar_generation,Solar | Actual Consumption,2026-08-26T03:46:52Z
2026-08-26T03:42:24Z,2026-08-26T05:42:24+0200,e96b9d4a-1054-48fe-90c7-5f4aaf55485c,2026-08-25T04:45:00Z,2026-08-25T06:45:00+0200,4.288,MW,NL,NL,actual_solar_generation,Solar | Actual Aggregated,2026-08-26T03:46:52Z
2026-08-26T03:42:24Z,2026-08-26T05:42:24+0200,e96b9d4a-1054-48fe-90c7-5f4aaf55485c,2026-08-25T04:45:00Z,2026-08-25T06:45:00+0200,0.0,MW,NL,NL,actual_solar_generation,Solar | Actual Consumption,2026-08-26T03:46:52Z
2026-08-26T03:42:24Z,2026-08-26T05:42:24+0200,e96b9d4a-1054-48fe-90c7-5f4aaf55485c,2026-08-25T05:00:00Z,2026-08-25T07:00:00+0200,7.275,MW,NL,NL,actual_solar_generation,Solar | Actual Aggregated,2026-08-26T03:46:52Z
2026-08-26T03:42:24Z,2026-08-26T05:42:24+0200,e96b9d4a-1054-48fe-90c7-5f4aaf55485c,2026-08-25T05:00:00Z,2026-08-25T07:00:00+0200,0.0,MW,NL,NL,actual_solar_generation,Solar | Actual Consumption,2026-08-26T03:46:52Z
2026-08-26T03:42:24Z,2026-08-26T05:42:24+0200,e96b9d4a-1054-48fe-90c7-5f4aaf55485c,2026-08-25T05:15:00Z,2026-08-25T07:15:00+0200,12.853,MW,NL,NL,actual_solar_generation,Solar | Actual Aggregated,2026-08-26T03:46:52Z
2026-08-26T03:42:24Z,2026-08-26T05:42:24+0200,e96b9d4a-1054-48fe-90c7-5f4aaf55485c,2026-08-25T05:15:00Z,2026-08-25T07:15:00+0200,0.0,MW,NL,NL,actual_solar_generation,Solar | Actual Consumption,2026-08-26T03:46:52Z
2026-08-26T03:42:24Z,2026-08-26T05:42:24+0200,e96b9d4a-1054-48fe-90c7-5f4aaf55485c,2026-08-25T05:30:00Z,2026-08-25T07:30:00+0200,20.699,MW,NL,NL,actual_solar_generation,Solar | Actual Aggregated,2026-08-26T03:46:52Z
2026-08-26T03:42:24Z,2026-08-26T05:42:24+0200,e96b9d4a-1054-48fe-90c7-5f4aaf55485c,2026-08-25T05:30:00Z,2026-08-25T07:30:00+0200,0.0,MW,NL,NL,actual_solar_generation,Solar | Actual Consumption,2026-08-26T03:46:52Z
2026-08-26T03:42:24Z,2026-08-26T05:42:24+0200,e96b9d4a-1054-48fe-90c7-5f4aaf55485c,2026-08-25T05:45:00Z,2026-08-25T07:45:00+0200,31.15,MW,NL,NL,actual_solar_generation,Solar | Actual Aggregated,2026-08-26T03:46:52Z
2026-08-26T03:42:24Z,2026-08-26T05:42:24+0200,e96b9d4a-1054-48fe-90c7-5f4aaf55485c,2026-08-25T05:45:00Z,2026-08-25T07:45:00+0200,0.0,MW,NL,NL,actual_solar_generation,Solar | Actual Consumption,2026-08-26T03:46:52Z
2026-08-26T03:42:24Z,2026-08-26T05:42:24+0200,e96b9d4a-1054-48fe-90c7-5f4aaf55485c,2026-08-25T06:00:00Z,2026-08-25T08:00:00+0200,44.184,MW,NL,NL,actual_solar_generation,Solar | Actual Aggregated,2026-08-26T03:46:52Z
2026-08-26T03:42:24Z,2026-08-26T05:42:24+0200,e96b9d4a-1054-48fe-90c7-5f4aaf55485c,2026-08-25T06:00:00Z,2026-08-25T08:00:00+0200,0.0,MW,NL,NL,actual_solar_generation,Solar | Actual Consumption,2026-08-26T03:46:52Z
2026-08-26T03:42:24Z,2026-08-26T05:42:24+0200,e96b9d4a-1054-48fe-90c7-5f4aaf55485c,2026-08-25T06:15:00Z,2026-08-25T08:15:00+0200,58.862,MW,NL,NL,actual_solar_generation,Solar | Actual Aggregated,2026-08-26T03:46:52Z
2026-08-26T03:42:24Z,2026-08-26T05:42:24+0200,e96b9d4a-1054-48fe-90c7-5f4aaf55485c,2026-08-25T06:15:00Z,2026-08-25T08:15:00+0200,0.0,MW,NL,NL,actual_solar_generation,Solar | Actual Consumption,2026-08-26T03:46:52Z
2026-08-26T03:42:24Z,2026-08-26T05:42:24+0200,e96b9d4a-1054-48fe-90c7-5f4aaf55485c,2026-08-25T06:30:00Z,2026-08-25T08:30:00+0200,74.278,MW,NL,NL,actual_solar_generation,Solar | Actual Aggregated,2026-08-26T03:46:52Z
2026-08-26T03:42:24Z,2026-08-26T05:42:24+0200,e96b9d4a-1054-48fe-90c7-5f4aaf55485c,2026-08-25T06:30:00Z,2026-08-25T08:30:00+0200,0.0,MW,NL,NL,actual_solar_generation,Solar | Actual Consumption,2026-08-26T03:46:52Z
2026-08-26T03:42:24Z,2026-08-26T05:42:24+0200,e96b9d4a-1054-48fe-90c7-5f4aaf55485c,2026-08-25T06:45:00Z,2026-08-25T08:45:00+0200,89.865,MW,NL,NL,actual_solar_generation,Solar | Actual Aggregated,2026-08-26T03:46:52Z
2026-08-26T03:42:24Z,2026-08-26T05:42:24+0200,e96b9d4a-1054-48fe-90c7-5f4aaf55485c,2026-08-25T06:45:00Z,2026-08-25T08:45:00+0200,0.0,MW,NL,NL,actual_solar_generation,Solar | Actual Consumption,2026-08-26T03:46:52Z
2026-08-26T03:42:24Z,2026-08-26T05:42:24+0200,e96b9d4a-1054-48fe-90c7-5f4aaf55485c,2026-08-25T07:00:00Z,2026-08-25T09:00:00+0200,105.653,MW,NL,NL,actual_solar_generation,Solar | Actual Aggregated,2026-08-26T03:46:52Z
2026-08-26T03:42:24Z,2026-08-26T05:42:24+0200,e96b9d4a-1054-48fe-90c7-5f4aaf55485c,2026-08-25T07:00:00Z,2026-08-25T09:00:00+0200,0.0,MW,NL,NL,actual_solar_generation,Solar | Actual Consumption,2026-08-26T03:46:52Z
2026-08-26T03:42:24Z,2026-08-26T05:42:24+0200,e96b9d4a-1054-48fe-90c7-5f4aaf55485c,2026-08-25T07:15:00Z,2026-08-25T09:15:00+0200,120.77,MW,NL,NL,actual_solar_generation,Solar | Actual Aggregated,2026-08-26T03:46:52Z
2026-08-26T03:42:24Z,2026-08-26T05:42:24+0200,e96b9d4a-1054-48fe-90c7-5f4aaf55485c,2026-08-25T07:15:00Z,2026-08-25T09:15:00+0200,0.0,MW,NL,NL,actual_solar_generation,Solar | Actual Consumption,2026-08-26T03:46:52Z
2026-08-26T03:42:24Z,2026-08-26T05:42:24+0200,e96b9d4a-1054-48fe-90c7-5f4aaf55485c,2026-08-25T07:30:00Z,2026-08-25T09:30:00+0200,135.112,MW,NL,NL,actual_solar_generation,Solar | Actual Aggregated,2026-08-26T03:46:52Z
2026-08-26T03:42:24Z,2026-08-26T05:42:24+0200,e96b9d4a-1054-48fe-90c7-5f4aaf55485c,2026-08-25T07:30:00Z,2026-08-25T09:30:00+0200,0.0,MW,NL,NL,actual_solar_generation,Solar | Actual Consumption,2026-08-26T03:46:52Z
2026-08-26T03:42:24Z,2026-08-26T05:42:24+0200,e96b9d4a-1054-48fe-90c7-5f4aaf55485c,2026-08-25T07:45:00Z,2026-08-25T09:45:00+0200,148.988,MW,NL,NL,actual_solar_generation,Solar | Actual Aggregated,2026-08-26T03:46:52Z
2026-08-26T03:42:24Z,2026-08-26T05:42:24+0200,e96b9d4a-1054-48fe-90c7-5f4aaf55485c,2026-08-25T07:45:00Z,2026-08-25T09:45:00+0200,0.0,MW,NL,NL,actual_solar_generation,Solar | Actual Consumption,2026-08-26T03:46:52Z
2026-08-26T03:42:24Z,2026-08-26T05:42:24+0200,e96b9d4a-1054-48fe-90c7-5f4aaf55485c,2026-08-25T08:00:00Z,2026-08-25T10:00:00+0200,162.561,MW,NL,NL,actual_solar_generation,Solar | Actual Aggregated,2026-08-26T03:46:52Z
2026-08-26T03:42:24Z,2026-08-26T05:42:24+0200,e96b9d4a-1054-48fe-90c7-5f4aaf55485c,2026-08-25T08:00:00Z,2026-08-25T10:00:00+0200,0.0,MW,NL,NL,actual_solar_generation,Solar | Actual Consumption,2026-08-26T03:46:52Z
2026-08-26T03:42:24Z,2026-08-26T05:42:24+0200,e96b9d4a-1054-48fe-90c7-5f4aaf55485c,2026-08-25T08:15:00Z,2026-08-25T10:15:00+0200,175.537,MW,NL,NL,actual_solar_generation,Solar | Actual Aggregated,2026-08-26T03:46:52Z
2026-08-26T03:42:24Z,2026-08-26T05:42:24+0200,e96b9d4a-1054-48fe-90c7-5f4aaf55485c,2026-08-25T08:15:00Z,2026-08-25T10:15:00+0200,0.0,MW,NL,NL,actual_solar_generation,Solar | Actual Consumption,2026-08-26T03:46:52Z
2026-08-26T03:42:24Z,2026-08-26T05:42:24+0200,e96b9d4a-1054-48fe-90c7-5f4aaf55485c,2026-08-25T08:30:00Z,2026-08-25T10:30:00+0200,187.353,MW,NL,NL,actual_solar_generation,Solar | Actual Aggregated,2026-08-26T03:46:52Z
2026-08-26T03:42:24Z,2026-08-26T05:42:24+0200,e96b9d4a-1054-48fe-90c7-5f4aaf55485c,2026-08-25T08:30:00Z,2026-08-25T10:30:00+0200,0.0,MW,NL,NL,actual_solar_generation,Solar | Actual Consumption,2026-08-26T03:46:52Z
2026-08-26T03:42:24Z,2026-08-26T05:42:24+0200,e96b9d4a-1054-48fe-90c7-5f4aaf55485c,2026-08-25T08:45:00Z,2026-08-25T10:45:00+0200,198.563,MW,NL,NL,actual_solar_generation,Solar | Actual Aggregated,2026-08-26T03:46:52Z
2026-08-26T03:42:24Z,2026-08-26T05:42:24+0200,e96b9d4a-1054-48fe-90c7-5f4aaf55485c,2026-08-25T08:45:00Z,2026-08-25T10:45:00+0200,0.0,MW,NL,NL,actual_solar_generation,Solar | Actual Consumption,2026-08-26T03:46:52Z
2026-08-26T03:42:24Z,2026-08-26T05:42:24+0200,e96b9d4a-1054-48fe-90c7-5f4aaf55485c,2026-08-25T09:00:00Z,2026-08-25T11:00:00+0200,207.843,MW,NL,NL,actual_solar_generation,Solar | Actual Aggregated,2026-08-26T03:46:52Z
2026-08-26T03:42:24Z,2026-08-26T05:42:24+0200,e96b9d4a-1054-48fe-90c7-5f4aaf55485c,2026-08-25T09:00:00Z,2026-08-25T11:00:00+0200,0.0,MW,NL,NL,actual_solar_generation,Solar | Actual Consumption,2026-08-26T03:46:52Z
2026-08-26T03:42:24Z,2026-08-26T05:42:24+0200,e96b9d4a-1054-48fe-90c7-5f4aaf55485c,2026-08-25T09:15:00Z,2026-08-25T11:15:00+0200,216.839,MW,NL,NL,actual_solar_generation,Solar | Actual Aggregated,2026-08-26T03:46:52Z
2026-08-26T03:42:24Z,2026-08-26T05:42:24+0200,e96b9d4a-1054-48fe-90c7-5f4aaf55485c,2026-08-25T09:15:00Z,2026-08-25T11:15:00+0200,0.0,MW,NL,NL,actual_solar_generation,Solar | Actual Consumption,2026-08-26T03:46:52Z
2026-08-26T03:42:24Z,2026-08-26T05:42:24+0200,e96b9d4a-1054-48fe-90c7-5f4aaf55485c,2026-08-25T09:30:00Z,2026-08-25T11:30:00+0200,223.686,MW,NL,NL,actual_solar_generation,Solar | Actual Aggregated,2026-08-26T03:46:52Z
2026-08-26T03:42:24Z,2026-08-26T05:42:24+0200,e96b9d4a-1054-48fe-90c7-5f4aaf55485c,2026-08-25T09:30:00Z,2026-08-25T11:30:00+0200,0.0,MW,NL,NL,actual_solar_generation,Solar | Actual Consumption,2026-08-26T03:46:52Z
2026-08-26T03:42:24Z,2026-08-26T05:42:24+0200,e96b9d4a-1054-48fe-90c7-5f4aaf55485c,2026-08-25T09:45:00Z,2026-08-25T11:45:00+0200,229.383,MW,NL,NL,actual_solar_generation,Solar | Actual Aggregated,2026-08-26T03:46:52Z
2026-08-26T03:42:24Z,2026-08-26T05:42:24+0200,e96b9d4a-1054-48fe-90c7-5f4aaf55485c,2026-08-25T09:45:00Z,2026-08-25T11:45:00+0200,0.0,MW,NL,NL,actual_solar_generation,Solar | Actual Consumption,2026-08-26T03:46:52Z
2026-08-26T03:42:24Z,2026-08-26T05:42:24+0200,e96b9d4a-1054-48fe-90c7-5f4aaf55485c,2026-08-25T10:00:00Z,2026-08-25T12:00:00+0200,234.09,MW,NL,NL,actual_solar_generation,Solar | Actual Aggregated,2026-08-26T03:46:52Z
2026-08-26T03:42:24Z,2026-08-26T05:42:24+0200,e96b9d4a-1054-48fe-90c7-5f4aaf55485c,2026-08-25T10:00:00Z,2026-08-25T12:00:00+0200,0.0,MW,NL,NL,actual_solar_generation,Solar | Actual Consumption,2026-08-26T03:46:52Z
2026-08-26T03:42:24Z,2026-08-26T05:42:24+0200,e96b9d4a-1054-48fe-90c7-5f4aaf55485c,2026-08-25T10:15:00Z,2026-08-25T12:15:00+0200,234.705,MW,NL,NL,actual_solar_generation,Solar | Actual Aggregated,2026-08-26T03:46:52Z
2026-08-26T03:42:24Z,2026-08-26T05:42:24+0200,e96b9d4a-1054-48fe-90c7-5f4aaf55485c,2026-08-25T10:15:00Z,2026-08-25T12:15:00+0200,0.0,MW,NL,NL,actual_solar_generation,Solar | Actual Consumption,2026-08-26T03:46:52Z
2026-08-26T03:42:24Z,2026-08-26T05:42:24+0200,e96b9d4a-1054-48fe-90c7-5f4aaf55485c,2026-08-25T10:30:00Z,2026-08-25T12:30:00+0200,238.145,MW,NL,NL,actual_solar_generation,Solar | Actual Aggregated,2026-08-26T03:46:52Z
2026-08-26T03:42:24Z,2026-08-26T05:42:24+0200,e96b9d4a-1054-48fe-90c7-5f4aaf55485c,2026-08-25T10:30:00Z,2026-08-25T12:30:00+0200,0.0,MW,NL,NL,actual_solar_generation,Solar | Actual Consumption,2026-08-26T03:46:52Z
2026-08-26T03:42:24Z,2026-08-26T05:42:24+0200,e96b9d4a-1054-48fe-90c7-5f4aaf55485c,2026-08-25T10:45:00Z,2026-08-25T12:45:00+0200,240.655,MW,NL,NL,actual_solar_generation,Solar | Actual Aggregated,2026-08-26T03:46:52Z
2026-08-26T03:42:24Z,2026-08-26T05:42:24+0200,e96b9d4a-1054-48fe-90c7-5f4aaf55485c,2026-08-25T10:45:00Z,2026-08-25T12:45:00+0200,0.0,MW,NL,NL,actual_solar_generation,Solar | Actual Consumption,2026-08-26T03:46:52Z
2026-08-26T03:42:24Z,2026-08-26T05:42:24+0200,e96b9d4a-1054-48fe-90c7-5f4aaf55485c,2026-08-25T11:00:00Z,2026-08-25T13:00:00+0200,239.039,MW,NL,NL,actual_solar_generation,Solar | Actual Aggregated,2026-08-26T03:46:52Z
2026-08-26T03:42:24Z,2026-08-26T05:42:24+0200,e96b9d4a-1054-48fe-90c7-5f4aaf55485c,2026-08-25T11:00:00Z,2026-08-25T13:00:00+0200,0.0,MW,NL,NL,actual_solar_generation,Solar | Actual Consumption,2026-08-26T03:46:52Z
2026-08-26T03:42:24Z,2026-08-26T05:42:24+0200,e96b9d4a-1054-48fe-90c7-5f4aaf55485c,2026-08-25T11:15:00Z,2026-08-25T13:15:00+0200,242.169,MW,NL,NL,actual_solar_generation,Solar | Actual Aggregated,2026-08-26T03:46:52Z
2026-08-26T03:42:24Z,2026-08-26T05:42:24+0200,e96b9d4a-1054-48fe-90c7-5f4aaf55485c,2026-08-25T11:15:00Z,2026-08-25T13:15:00+0200,0.0,MW,NL,NL,actual_solar_generation,Solar | Actual Consumption,2026-08-26T03:46:52Z
2026-08-26T03:42:24Z,2026-08-26T05:42:24+0200,e96b9d4a-1054-48fe-90c7-5f4aaf55485c,2026-08-25T11:30:00Z,2026-08-25T13:30:00+0200,242.587,MW,NL,NL,actual_solar_generation,Solar | Actual Aggregated,2026-08-26T03:46:52Z
2026-08-26T03:42:24Z,2026-08-26T05:42:24+0200,e96b9d4a-1054-48fe-90c7-5f4aaf55485c,2026-08-25T11:30:00Z,2026-08-25T13:30:00+0200,0.0,MW,NL,NL,actual_solar_generation,Solar | Actual Consumption,2026-08-26T03:46:52Z
2026-08-26T03:42:24Z,2026-08-26T05:42:24+0200,e96b9d4a-1054-48fe-90c7-5f4aaf55485c,2026-08-25T11:45:00Z,2026-08-25T13:45:00+0200,242.855,MW,NL,NL,actual_solar_generation,Solar | Actual Aggregated,2026-08-26T03:46:52Z
2026-08-26T03:42:24Z,2026-08-26T05:42:24+0200,e96b9d4a-1054-48fe-90c7-5f4aaf55485c,2026-08-25T11:45:00Z,2026-08-25T13:45:00+0200,0.0,MW,NL,NL,actual_solar_generation,Solar | Actual Consumption,2026-08-26T03:46:52Z
2026-08-26T03:42:24Z,2026-08-26T05:42:24+0200,e96b9d4a-1054-48fe-90c7-5f4aaf55485c,2026-08-25T12:00:00Z,2026-08-25T14:00:00+0200,240.724,MW,NL,NL,actual_solar_generation,Solar | Actual Aggregated,2026-08-26T03:46:52Z
2026-08-26T03:42:24Z,2026-08-26T05:42:24+0200,e96b9d4a-1054-48fe-90c7-5f4aaf55485c,2026-08-25T12:00:00Z,2026-08-25T14:00:00+0200,0.0,MW,NL,NL,actual_solar_generation,Solar | Actual Consumption,2026-08-26T03:46:52Z
2026-08-26T03:42:24Z,2026-08-26T05:42:24+0200,e96b9d4a-1054-48fe-90c7-5f4aaf55485c,2026-08-25T12:15:00Z,2026-08-25T14:15:00+0200,240.385,MW,NL,NL,actual_solar_generation,Solar | Actual Aggregated,2026-08-26T03:46:52Z
2026-08-26T03:42:24Z,2026-08-26T05:42:24+0200,e96b9d4a-1054-48fe-90c7-5f4aaf55485c,2026-08-25T12:15:00Z,2026-08-25T14:15:00+0200,0.0,MW,NL,NL,actual_solar_generation,Solar | Actual Consumption,2026-08-26T03:46:52Z
2026-08-26T03:42:24Z,2026-08-26T05:42:24+0200,e96b9d4a-1054-48fe-90c7-5f4aaf55485c,2026-08-25T12:30:00Z,2026-08-25T14:30:00+0200,234.38,MW,NL,NL,actual_solar_generation,Solar | Actual Aggregated,2026-08-26T03:46:52Z
2026-08-26T03:42:24Z,2026-08-26T05:42:24+0200,e96b9d4a-1054-48fe-90c7-5f4aaf55485c,2026-08-25T12:30:00Z,2026-08-25T14:30:00+0200,0.0,MW,NL,NL,actual_solar_generation,Solar | Actual Consumption,2026-08-26T03:46:52Z
2026-08-26T03:42:24Z,2026-08-26T05:42:24+0200,e96b9d4a-1054-48fe-90c7-5f4aaf55485c,2026-08-25T12:45:00Z,2026-08-25T14:45:00+0200,233.128,MW,NL,NL,actual_solar_generation,Solar | Actual Aggregated,2026-08-26T03:46:52Z
2026-08-26T03:42:24Z,2026-08-26T05:42:24+0200,e96b9d4a-1054-48fe-90c7-5f4aaf55485c,2026-08-25T12:45:00Z,2026-08-25T14:45:00+0200,0.0,MW,NL,NL,actual_solar_generation,Solar | Actual Consumption,2026-08-26T03:46:52Z
2026-08-26T03:42:24Z,2026-08-26T05:42:24+0200,e96b9d4a-1054-48fe-90c7-5f4aaf55485c,2026-08-25T13:00:00Z,2026-08-25T15:00:00+0200,224.359,MW,NL,NL,actual_solar_generation,Solar | Actual Aggregated,2026-08-26T03:46:52Z
2026-08-26T03:42:24Z,2026-08-26T05:42:24+0200,e96b9d4a-1054-48fe-90c7-5f4aaf55485c,2026-08-25T13:00:00Z,2026-08-25T15:00:00+0200,0.0,MW,NL,NL,actual_solar_generation,Solar | Actual Consumption,2026-08-26T03:46:52Z
2026-08-26T03:42:24Z,2026-08-26T05:42:24+0200,e96b9d4a-1054-48fe-90c7-5f4aaf55485c,2026-08-25T13:15:00Z,2026-08-25T15:15:00+0200,225.098,MW,NL,NL,actual_solar_generation,Solar | Actual Aggregated,2026-08-26T03:46:52Z
2026-08-26T03:42:24Z,2026-08-26T05:42:24+0200,e96b9d4a-1054-48fe-90c7-5f4aaf55485c,2026-08-25T13:15:00Z,2026-08-25T15:15:00+0200,0.0,MW,NL,NL,actual_solar_generation,Solar | Actual Consumption,2026-08-26T03:46:52Z
2026-08-26T03:42:24Z,2026-08-26T05:42:24+0200,e96b9d4a-1054-48fe-90c7-5f4aaf55485c,2026-08-25T13:30:00Z,2026-08-25T15:30:00+0200,221.522,MW,NL,NL,actual_solar_generation,Solar | Actual Aggregated,2026-08-26T03:46:52Z
2026-08-26T03:42:24Z,2026-08-26T05:42:24+0200,e96b9d4a-1054-48fe-90c7-5f4aaf55485c,2026-08-25T13:30:00Z,2026-08-25T15:30:00+0200,0.0,MW,NL,NL,actual_solar_generation,Solar | Actual Consumption,2026-08-26T03:46:52Z
2026-08-26T03:42:24Z,2026-08-26T05:42:24+0200,e96b9d4a-1054-48fe-90c7-5f4aaf55485c,2026-08-25T13:45:00Z,2026-08-25T15:45:00+0200,208.635,MW,NL,NL,actual_solar_generation,Solar | Actual Aggregated,2026-08-26T03:46:52Z
2026-08-26T03:42:24Z,2026-08-26T05:42:24+0200,e96b9d4a-1054-48fe-90c7-5f4aaf55485c,2026-08-25T13:45:00Z,2026-08-25T15:45:00+0200,0.0,MW,NL,NL,actual_solar_generation,Solar | Actual Consumption,2026-08-26T03:46:52Z
2026-08-26T03:42:24Z,2026-08-26T05:42:24+0200,e96b9d4a-1054-48fe-90c7-5f4aaf55485c,2026-08-25T14:00:00Z,2026-08-25T16:00:00+0200,207.307,MW,NL,NL,actual_solar_generation,Solar | Actual Aggregated,2026-08-26T03:46:52Z
2026-08-26T03:42:24Z,2026-08-26T05:42:24+0200,e96b9d4a-1054-48fe-90c7-5f4aaf55485c,2026-08-25T14:00:00Z,2026-08-25T16:00:00+0200,0.0,MW,NL,NL,actual_solar_generation,Solar | Actual Consumption,2026-08-26T03:46:52Z
2026-08-26T03:42:24Z,2026-08-26T05:42:24+0200,e96b9d4a-1054-48fe-90c7-5f4aaf55485c,2026-08-25T14:15:00Z,2026-08-25T16:15:00+0200,194.811,MW,NL,NL,actual_solar_generation,Solar | Actual Aggregated,2026-08-26T03:46:52Z
2026-08-26T03:42:24Z,2026-08-26T05:42:24+0200,e96b9d4a-1054-48fe-90c7-5f4aaf55485c,2026-08-25T14:15:00Z,2026-08-25T16:15:00+0200,0.0,MW,NL,NL,actual_solar_generation,Solar | Actual Consumption,2026-08-26T03:46:52Z
2026-08-26T03:42:24Z,2026-08-26T05:42:24+0200,e96b9d4a-1054-48fe-90c7-5f4aaf55485c,2026-08-25T14:30:00Z,2026-08-25T16:30:00+0200,187.883,MW,NL,NL,actual_solar_generation,Solar | Actual Aggregated,2026-08-26T03:46:52Z
2026-08-26T03:42:24Z,2026-08-26T05:42:24+0200,e96b9d4a-1054-48fe-90c7-5f4aaf55485c,2026-08-25T14:30:00Z,2026-08-25T16:30:00+0200,0.0,MW,NL,NL,actual_solar_generation,Solar | Actual Consumption,2026-08-26T03:46:52Z
2026-08-26T03:42:24Z,2026-08-26T05:42:24+0200,e96b9d4a-1054-48fe-90c7-5f4aaf55485c,2026-08-25T14:45:00Z,2026-08-25T16:45:00+0200,171.972,MW,NL,NL,actual_solar_generation,Solar | Actual Aggregated,2026-08-26T03:46:52Z
2026-08-26T03:42:24Z,2026-08-26T05:42:24+0200,e96b9d4a-1054-48fe-90c7-5f4aaf55485c,2026-08-25T14:45:00Z,2026-08-25T16:45:00+0200,0.0,MW,NL,NL,actual_solar_generation,Solar | Actual Consumption,2026-08-26T03:46:52Z
2026-08-26T03:42:24Z,2026-08-26T05:42:24+0200,e96b9d4a-1054-48fe-90c7-5f4aaf55485c,2026-08-25T15:00:00Z,2026-08-25T17:00:00+0200,157.102,MW,NL,NL,actual_solar_generation,Solar | Actual Aggregated,2026-08-26T03:46:52Z
2026-08-26T03:42:24Z,2026-08-26T05:42:24+0200,e96b9d4a-1054-48fe-90c7-5f4aaf55485c,2026-08-25T15:00:00Z,2026-08-25T17:00:00+0200,0.0,MW,NL,NL,actual_solar_generation,Solar | Actual Consumption,2026-08-26T03:46:52Z
2026-08-26T03:42:24Z,2026-08-26T05:42:24+0200,e96b9d4a-1054-48fe-90c7-5f4aaf55485c,2026-08-25T15:15:00Z,2026-08-25T17:15:00+0200,139.033,MW,NL,NL,actual_solar_generation,Solar | Actual Aggregated,2026-08-26T03:46:52Z
2026-08-26T03:42:24Z,2026-08-26T05:42:24+0200,e96b9d4a-1054-48fe-90c7-5f4aaf55485c,2026-08-25T15:15:00Z,2026-08-25T17:15:00+0200,0.0,MW,NL,NL,actual_solar_generation,Solar | Actual Consumption,2026-08-26T03:46:52Z
2026-08-26T03:42:24Z,2026-08-26T05:42:24+0200,e96b9d4a-1054-48fe-90c7-5f4aaf55485c,2026-08-25T15:30:00Z,2026-08-25T17:30:00+0200,123.859,MW,NL,NL,actual_solar_generation,Solar | Actual Aggregated,2026-08-26T03:46:52Z
2026-08-26T03:42:24Z,2026-08-26T05:42:24+0200,e96b9d4a-1054-48fe-90c7-5f4aaf55485c,2026-08-25T15:30:00Z,2026-08-25T17:30:00+0200,0.0,MW,NL,NL,actual_solar_generation,Solar | Actual Consumption,2026-08-26T03:46:52Z
2026-08-26T03:42:24Z,2026-08-26T05:42:24+0200,e96b9d4a-1054-48fe-90c7-5f4aaf55485c,2026-08-25T15:45:00Z,2026-08-25T17:45:00+0200,108.213,MW,NL,NL,actual_solar_generation,Solar | Actual Aggregated,2026-08-26T03:46:52Z
2026-08-26T03:42:24Z,2026-08-26T05:42:24+0200,e96b9d4a-1054-48fe-90c7-5f4aaf55485c,2026-08-25T15:45:00Z,2026-08-25T17:45:00+0200,0.0,MW,NL,NL,actual_solar_generation,Solar | Actual Consumption,2026-08-26T03:46:52Z
2026-08-26T03:42:24Z,2026-08-26T05:42:24+0200,e96b9d4a-1054-48fe-90c7-5f4aaf55485c,2026-08-25T16:00:00Z,2026-08-25T18:00:00+0200,107.756,MW,NL,NL,actual_solar_generation,Solar | Actual Aggregated,2026-08-26T03:46:52Z
2026-08-26T03:42:24Z,2026-08-26T05:42:24+0200,e96b9d4a-1054-48fe-90c7-5f4aaf55485c,2026-08-25T16:00:00Z,2026-08-25T18:00:00+0200,0.0,MW,NL,NL,actual_solar_generation,Solar | Actual Consumption,2026-08-26T03:46:52Z
2026-08-26T03:42:24Z,2026-08-26T05:42:24+0200,e96b9d4a-1054-48fe-90c7-5f4aaf55485c,2026-08-25T16:15:00Z,2026-08-25T18:15:00+0200,84.905,MW,NL,NL,actual_solar_generation,Solar | Actual Aggregated,2026-08-26T03:46:52Z
2026-08-26T03:42:24Z,2026-08-26T05:42:24+0200,e96b9d4a-1054-48fe-90c7-5f4aaf55485c,2026-08-25T16:15:00Z,2026-08-25T18:15:00+0200,0.0,MW,NL,NL,actual_solar_generation,Solar | Actual Consumption,2026-08-26T03:46:52Z
2026-08-26T03:42:24Z,2026-08-26T05:42:24+0200,e96b9d4a-1054-48fe-90c7-5f4aaf55485c,2026-08-25T16:30:00Z,2026-08-25T18:30:00+0200,70.93,MW,NL,NL,actual_solar_generation,Solar | Actual Aggregated,2026-08-26T03:46:52Z
2026-08-26T03:42:24Z,2026-08-26T05:42:24+0200,e96b9d4a-1054-48fe-90c7-5f4aaf55485c,2026-08-25T16:30:00Z,2026-08-25T18:30:00+0200,0.0,MW,NL,NL,actual_solar_generation,Solar | Actual Consumption,2026-08-26T03:46:52Z
2026-08-26T03:42:24Z,2026-08-26T05:42:24+0200,e96b9d4a-1054-48fe-90c7-5f4aaf55485c,2026-08-25T16:45:00Z,2026-08-25T18:45:00+0200,66.825,MW,NL,NL,actual_solar_generation,Solar | Actual Aggregated,2026-08-26T03:46:52Z
2026-08-26T03:42:24Z,2026-08-26T05:42:24+0200,e96b9d4a-1054-48fe-90c7-5f4aaf55485c,2026-08-25T16:45:00Z,2026-08-25T18:45:00+0200,0.0,MW,NL,NL,actual_solar_generation,Solar | Actual Consumption,2026-08-26T03:46:52Z
2026-08-26T03:42:24Z,2026-08-26T05:42:24+0200,e96b9d4a-1054-48fe-90c7-5f4aaf55485c,2026-08-25T17:00:00Z,2026-08-25T19:00:00+0200,54.381,MW,NL,NL,actual_solar_generation,Solar | Actual Aggregated,2026-08-26T03:46:52Z
2026-08-26T03:42:24Z,2026-08-26T05:42:24+0200,e96b9d4a-1054-48fe-90c7-5f4aaf55485c,2026-08-25T17:00:00Z,2026-08-25T19:00:00+0200,0.0,MW,NL,NL,actual_solar_generation,Solar | Actual Consumption,2026-08-26T03:46:52Z
2026-08-26T03:42:24Z,2026-08-26T05:42:24+0200,e96b9d4a-1054-48fe-90c7-5f4aaf55485c,2026-08-25T17:15:00Z,2026-08-25T19:15:00+0200,39.226,MW,NL,NL,actual_solar_generation,Solar | Actual Aggregated,2026-08-26T03:46:52Z
2026-08-26T03:42:24Z,2026-08-26T05:42:24+0200,e96b9d4a-1054-48fe-90c7-5f4aaf55485c,2026-08-25T17:15:00Z,2026-08-25T19:15:00+0200,0.0,MW,NL,NL,actual_solar_generation,Solar | Actual Consumption,2026-08-26T03:46:52Z
2026-08-26T03:42:24Z,2026-08-26T05:42:24+0200,e96b9d4a-1054-48fe-90c7-5f4aaf55485c,2026-08-25T17:30:00Z,2026-08-25T19:30:00+0200,28.69,MW,NL,NL,actual_solar_generation,Solar | Actual Aggregated,2026-08-26T03:46:52Z
2026-08-26T03:42:24Z,2026-08-26T05:42:24+0200,e96b9d4a-1054-48fe-90c7-5f4aaf55485c,2026-08-25T17:30:00Z,2026-08-25T19:30:00+0200,0.0,MW,NL,NL,actual_solar_generation,Solar | Actual Consumption,2026-08-26T03:46:52Z
2026-08-26T03:42:24Z,2026-08-26T05:42:24+0200,e96b9d4a-1054-48fe-90c7-5f4aaf55485c,2026-08-25T17:45:00Z,2026-08-25T19:45:00+0200,17.235,MW,NL,NL,actual_solar_generation,Solar | Actual Aggregated,2026-08-26T03:46:52Z
2026-08-26T03:42:24Z,2026-08-26T05:42:24+0200,e96b9d4a-1054-48fe-90c7-5f4aaf55485c,2026-08-25T17:45:00Z,2026-08-25T19:45:00+0200,0.0,MW,NL,NL,actual_solar_generation,Solar | Actual Consumption,2026-08-26T03:46:52Z
2026-08-26T03:42:24Z,2026-08-26T05:42:24+0200,e96b9d4a-1054-48fe-90c7-5f4aaf55485c,2026-08-25T18:00:00Z,2026-08-25T20:00:00+0200,9.24,MW,NL,NL,actual_solar_generation,Solar | Actual Aggregated,2026-08-26T03:46:52Z
2026-08-26T03:42:24Z,2026-08-26T05:42:24+0200,e96b9d4a-1054-48fe-90c7-5f4aaf55485c,2026-08-25T18:00:00Z,2026-08-25T20:00:00+0200,0.0,MW,NL,NL,actual_solar_generation,Solar | Actual Consumption,2026-08-26T03:46:52Z
2026-08-26T03:42:24Z,2026-08-26T05:42:24+0200,e96b9d4a-1054-48fe-90c7-5f4aaf55485c,2026-08-25T18:15:00Z,2026-08-25T20:15:00+0200,4.478,MW,NL,NL,actual_solar_generation,Solar | Actual Aggregated,2026-08-26T03:46:52Z
2026-08-26T03:42:24Z,2026-08-26T05:42:24+0200,e96b9d4a-1054-48fe-90c7-5f4aaf55485c,2026-08-25T18:15:00Z,2026-08-25T20:15:00+0200,0.0,MW,NL,NL,actual_solar_generation,Solar | Actual Consumption,2026-08-26T03:46:52Z
2026-08-26T03:42:24Z,2026-08-26T05:42:24+0200,e96b9d4a-1054-48fe-90c7-5f4aaf55485c,2026-08-25T18:30:00Z,2026-08-25T20:30:00+0200,1.726,MW,NL,NL,actual_solar_generation,Solar | Actual Aggregated,2026-08-26T03:46:52Z
2026-08-26T03:42:24Z,2026-08-26T05:42:24+0200,e96b9d4a-1054-48fe-90c7-5f4aaf55485c,2026-08-25T18:30:00Z,2026-08-25T20:30:00+0200,0.0,MW,NL,NL,actual_solar_generation,Solar | Actual Consumption,2026-08-26T03:46:52Z
2026-08-26T03:42:24Z,2026-08-26T05:42:24+0200,e96b9d4a-1054-48fe-90c7-5f4aaf55485c,2026-08-25T18:45:00Z,2026-08-25T20:45:00+0200,0.0,MW,NL,NL,actual_solar_generation,Solar | Actual Aggregated,2026-08-26T03:46:52Z
2026-08-26T03:42:24Z,2026-08-26T05:42:24+0200,e96b9d4a-1054-48fe-90c7-5f4aaf55485c,2026-08-25T18:45:00Z,2026-08-25T20:45:00+0200,0.68,MW,NL,NL,actual_solar_generation,Solar | Actual Consumption,2026-08-26T03:46:52Z
2026-08-26T03:42:24Z,2026-08-26T05:42:24+0200,e96b9d4a-1054-48fe-90c7-5f4aaf55485c,2026-08-25T19:00:00Z,2026-08-25T21:00:00+0200,0.0,MW,NL,NL,actual_solar_generation,Solar | Actual Aggregated,2026-08-26T03:46:52Z
2026-08-26T03:42:24Z,2026-08-26T05:42:24+0200,e96b9d4a-1054-48fe-90c7-5f4aaf55485c,2026-08-25T19:00:00Z,2026-08-25T21:00:00+0200,1.19,MW,NL,NL,actual_solar_generation,Solar | Actual Consumption,2026-08-26T03:46:52Z
2026-08-26T03:42:24Z,2026-08-26T05:42:24+0200,e96b9d4a-1054-48fe-90c7-5f4aaf55485c,2026-08-25T19:15:00Z,2026-08-25T21:15:00+0200,0.0,MW,NL,NL,actual_solar_generation,Solar | Actual Aggregated,2026-08-26T03:46:52Z
2026-08-26T03:42:24Z,2026-08-26T05:42:24+0200,e96b9d4a-1054-48fe-90c7-5f4aaf55485c,2026-08-25T19:15:00Z,2026-08-25T21:15:00+0200,0.12,MW,NL,NL,actual_solar_generation,Solar | Actual Consumption,2026-08-26T03:46:52Z
2026-08-26T03:42:24Z,2026-08-26T05:42:24+0200,e96b9d4a-1054-48fe-90c7-5f4aaf55485c,2026-08-25T19:30:00Z,2026-08-25T21:30:00+0200,0.0,MW,NL,NL,actual_solar_generation,Solar | Actual Aggregated,2026-08-26T03:46:52Z
2026-08-26T03:42:24Z,2026-08-26T05:42:24+0200,e96b9d4a-1054-48fe-90c7-5f4aaf55485c,2026-08-25T19:30:00Z,2026-08-25T21:30:00+0200,0.132,MW,NL,NL,actual_solar_generation,Solar | Actual Consumption,2026-08-26T03:46:52Z
2026-08-26T03:42:24Z,2026-08-26T05:42:24+0200,e96b9d4a-1054-48fe-90c7-5f4aaf55485c,2026-08-25T19:45:00Z,2026-08-25T21:45:00+0200,0.0,MW,NL,NL,actual_solar_generation,Solar | Actual Aggregated,2026-08-26T03:46:52Z
2026-08-26T03:42:24Z,2026-08-26T05:42:24+0200,e96b9d4a-1054-48fe-90c7-5f4aaf55485c,2026-08-25T19:45:00Z,2026-08-25T21:45:00+0200,0.132,MW,NL,NL,actual_solar_generation,Solar | Actual Consumption,2026-08-26T03:46:52Z
2026-08-26T03:42:24Z,2026-08-26T05:42:24+0200,e96b9d4a-1054-48fe-90c7-5f4aaf55485c,2026-08-25T20:00:00Z,2026-08-25T22:00:00+0200,0.0,MW,NL,NL,actual_solar_generation,Solar | Actual Aggregated,2026-08-26T03:46:52Z
2026-08-26T03:42:24Z,2026-08-26T05:42:24+0200,e96b9d4a-1054-48fe-90c7-5f4aaf55485c,2026-08-25T20:00:00Z,2026-08-25T22:00:00+0200,0.117,MW,NL,NL,actual_solar_generation,Solar | Actual Consumption,2026-08-26T03:46:52Z
2026-08-26T03:42:24Z,2026-08-26T05:42:24+0200,e96b9d4a-1054-48fe-90c7-5f4aaf55485c,2026-08-25T20:15:00Z,2026-08-25T22:15:00+0200,0.0,MW,NL,NL,actual_solar_generation,Solar | Actual Aggregated,2026-08-26T03:46:52Z
2026-08-26T03:42:24Z,2026-08-26T05:42:24+0200,e96b9d4a-1054-48fe-90c7-5f4aaf55485c,2026-08-25T20:15:00Z,2026-08-25T22:15:00+0200,0.139,MW,NL,NL,actual_solar_generation,Solar | Actual Consumption,2026-08-26T03:46:52Z
2026-08-26T03:42:24Z,2026-08-26T05:42:24+0200,e96b9d4a-1054-48fe-90c7-5f4aaf55485c,2026-08-25T20:30:00Z,2026-08-25T22:30:00+0200,0.0,MW,NL,NL,actual_solar_generation,Solar | Actual Aggregated,2026-08-26T03:46:52Z
2026-08-26T03:42:24Z,2026-08-26T05:42:24+0200,e96b9d4a-1054-48fe-90c7-5f4aaf55485c,2026-08-25T20:30:00Z,2026-08-25T22:30:00+0200,0.128,MW,NL,NL,actual_solar_generation,Solar | Actual Consumption,2026-08-26T03:46:52Z
2026-08-26T03:42:24Z,2026-08-26T05:42:24+0200,e96b9d4a-1054-48fe-90c7-5f4aaf55485c,2026-08-25T20:45:00Z,2026-08-25T22:45:00+0200,0.0,MW,NL,NL,actual_solar_generation,Solar | Actual Aggregated,2026-08-26T03:46:52Z
2026-08-26T03:42:24Z,2026-08-26T05:42:24+0200,e96b9d4a-1054-48fe-90c7-5f4aaf55485c,2026-08-25T20:45:00Z,2026-08-25T22:45:00+0200,0.128,MW,NL,NL,actual_solar_generation,Solar | Actual Consumption,2026-08-26T03:46:52Z
2026-08-26T03:42:24Z,2026-08-26T05:42:24+0200,e96b9d4a-1054-48fe-90c7-5f4aaf55485c,2026-08-25T21:00:00Z,2026-08-25T23:00:00+0200,0.0,MW,NL,NL,actual_solar_generation,Solar | Actual Aggregated,2026-08-26T03:46:52Z
2026-08-26T03:42:24Z,2026-08-26T05:42:24+0200,e96b9d4a-1054-48fe-90c7-5f4aaf55485c,2026-08-25T21:00:00Z,2026-08-25T23:00:00+0200,0.128,MW,NL,NL,actual_solar_generation,Solar | Actual Consumption,2026-08-26T03:46:52Z
2026-08-26T03:42:24Z,2026-08-26T05:42:24+0200,e96b9d4a-1054-48fe-90c7-5f4aaf55485c,2026-08-25T21:15:00Z,2026-08-25T23:15:00+0200,0.0,MW,NL,NL,actual_solar_generation,Solar | Actual Aggregated,2026-08-26T03:46:52Z
2026-08-26T03:42:24Z,2026-08-26T05:42:24+0200,e96b9d4a-1054-48fe-90c7-5f4aaf55485c,2026-08-25T21:15:00Z,2026-08-25T23:15:00+0200,0.128,MW,NL,NL,actual_solar_generation,Solar | Actual Consumption,2026-08-26T03:46:52Z
2026-08-26T03:42:24Z,2026-08-26T05:42:24+0200,e96b9d4a-1054-48fe-90c7-5f4aaf55485c,2026-08-25T21:30:00Z,2026-08-25T23:30:00+0200,0.0,MW,NL,NL,actual_solar_generation,Solar | Actual Aggregated,2026-08-26T03:46:52Z
2026-08-26T03:42:24Z,2026-08-26T05:42:24+0200,e96b9d4a-1054-48fe-90c7-5f4aaf55485c,2026-08-25T21:30:00Z,2026-08-25T23:30:00+0200,0.128,MW,NL,NL,actual_solar_generation,Solar | Actual Consumption,2026-08-26T03:46:52Z
2026-08-26T03:42:24Z,2026-08-26T05:42:24+0200,e96b9d4a-1054-48fe-90c7-5f4aaf55485c,2026-08-25T21:45:00Z,2026-08-25T23:45:00+0200,0.0,MW,NL,NL,actual_solar_generation,Solar | Actual Aggregated,2026-08-26T03:46:52Z
2026-08-26T03:42:24Z,2026-08-26T05:42:24+0200,e96b9d4a-1054-48fe-90c7-5f4aaf55485c,2026-08-25T21:45:00Z,2026-08-25T23:45:00+0200,0.128,MW,NL,NL,actual_solar_generation,Solar | Actual Consumption,2026-08-26T03:46:52Z
2026-08-26T03:42:24Z,2026-08-26T05:42:24+0200,e96b9d4a-1054-48fe-90c7-5f4aaf55485c,2026-08-25T22:00:00Z,2026-08-26T00:00:00+0200,0.0,MW,NL,NL,actual_solar_generation,Solar | Actual Aggregated,2026-08-26T03:46:52Z
2026-08-26T03:42:24Z,2026-08-26T05:42:24+0200,e96b9d4a-1054-48fe-90c7-5f4aaf55485c,2026-08-25T22:00:00Z,2026-08-26T00:00:00+0200,0.128,MW,NL,NL,actual_solar_generation,Solar | Actual Consumption,2026-08-26T03:46:52Z
2026-08-26T03:42:24Z,2026-08-26T05:42:24+0200,e96b9d4a-1054-48fe-90c7-5f4aaf55485c,2026-08-25T22:15:00Z,2026-08-26T00:15:00+0200,0.0,MW,NL,NL,actual_solar_generation,Solar | Actual Aggregated,2026-08-26T03:46:52Z
2026-08-26T03:42:24Z,2026-08-26T05:42:24+0200,e96b9d4a-1054-48fe-90c7-5f4aaf55485c,2026-08-25T22:15:00Z,2026-08-26T00:15:00+0200,0.115,MW,NL,NL,actual_solar_generation,Solar | Actual Consumption,2026-08-26T03:46:52Z
2026-08-26T03:42:24Z,2026-08-26T05:42:24+0200,e96b9d4a-1054-48fe-90c7-5f4aaf55485c,2026-08-25T22:30:00Z,2026-08-26T00:30:00+0200,0.0,MW,NL,NL,actual_solar_generation,Solar | Actual Aggregated,2026-08-26T03:46:52Z
2026-08-26T03:42:24Z,2026-08-26T05:42:24+0200,e96b9d4a-1054-48fe-90c7-5f4aaf55485c,2026-08-25T22:30:00Z,2026-08-26T00:30:00+0200,0.124,MW,NL,NL,actual_solar_generation,Solar | Actual Consumption,2026-08-26T03:46:52Z
2026-08-26T03:42:24Z,2026-08-26T05:42:24+0200,e96b9d4a-1054-48fe-90c7-5f4aaf55485c,2026-08-25T22:45:00Z,2026-08-26T00:45:00+0200,0.0,MW,NL,NL,actual_solar_generation,Solar | Actual Aggregated,2026-08-26T03:46:52Z
2026-08-26T03:42:24Z,2026-08-26T05:42:24+0200,e96b9d4a-1054-48fe-90c7-5f4aaf55485c,2026-08-25T22:45:00Z,2026-08-26T00:45:00+0200,0.131,MW,NL,NL,actual_solar_generation,Solar | Actual Consumption,2026-08-26T03:46:52Z
2026-08-26T03:42:24Z,2026-08-26T05:42:24+0200,e96b9d4a-1054-48fe-90c7-5f4aaf55485c,2026-08-25T23:00:00Z,2026-08-26T01:00:00+0200,0.0,MW,NL,NL,actual_solar_generation,Solar | Actual Aggregated,2026-08-26T03:46:52Z
2026-08-26T03:42:24Z,2026-08-26T05:42:24+0200,e96b9d4a-1054-48fe-90c7-5f4aaf55485c,2026-08-25T23:00:00Z,2026-08-26T01:00:00+0200,0.119,MW,NL,NL,actual_solar_generation,Solar | Actual Consumption,2026-08-26T03:46:52Z
2026-08-26T03:42:24Z,2026-08-26T05:42:24+0200,e96b9d4a-1054-48fe-90c7-5f4aaf55485c,2026-08-25T23:15:00Z,2026-08-26T01:15:00+0200,0.0,MW,NL,NL,actual_solar_generation,Solar | Actual Aggregated,2026-08-26T03:46:52Z
2026-08-26T03:42:24Z,2026-08-26T05:42:24+0200,e96b9d4a-1054-48fe-90c7-5f4aaf55485c,2026-08-25T23:15:00Z,2026-08-26T01:15:00+0200,0.141,MW,NL,NL,actual_solar_generation,Solar | Actual Consumption,2026-08-26T03:46:52Z
2026-08-26T03:42:24Z,2026-08-26T05:42:24+0200,e96b9d4a-1054-48fe-90c7-5f4aaf55485c,2026-08-25T23:30:00Z,2026-08-26T01:30:00+0200,0.0,MW,NL,NL,actual_solar_generation,Solar | Actual Aggregated,2026-08-26T03:46:52Z
2026-08-26T03:42:24Z,2026-08-26T05:42:24+0200,e96b9d4a-1054-48fe-90c7-5f4aaf55485c,2026-08-25T23:30:00Z,2026-08-26T01:30:00+0200,0.127,MW,NL,NL,actual_solar_generation,Solar | Actual Consumption,2026-08-26T03:46:52Z
2026-08-26T03:42:24Z,2026-08-26T05:42:24+0200,e96b9d4a-1054-48fe-90c7-5f4aaf55485c,2026-08-25T23:45:00Z,2026-08-26T01:45:00+0200,0.0,MW,NL,NL,actual_solar_generation,Solar | Actual Aggregated,2026-08-26T03:46:52Z
2026-08-26T03:42:24Z,2026-08-26T05:42:24+0200,e96b9d4a-1054-48fe-90c7-5f4aaf55485c,2026-08-25T23:45:00Z,2026-08-26T01:45:00+0200,0.127,MW,NL,NL,actual_solar_generation,Solar | Actual Consumption,2026-08-26T03:46:52Z
2026-08-26T03:42:24Z,2026-08-26T05:42:24+0200,e96b9d4a-1054-48fe-90c7-5f4aaf55485c,2026-08-26T00:00:00Z,2026-08-26T02:00:00+0200,0.0,MW,NL,NL,actual_solar_generation,Solar | Actual Aggregated,2026-08-26T03:46:52Z
2026-08-26T03:42:24Z,2026-08-26T05:42:24+0200,e96b9d4a-1054-48fe-90c7-5f4aaf55485c,2026-08-26T00:00:00Z,2026-08-26T02:00:00+0200,0.127,MW,NL,NL,actual_solar_generation,Solar | Actual Consumption,2026-08-26T03:46:52Z
2026-08-26T03:42:24Z,2026-08-26T05:42:24+0200,e96b9d4a-1054-48fe-90c7-5f4aaf55485c,2026-08-26T00:15:00Z,2026-08-26T02:15:00+0200,0.0,MW,NL,NL,actual_solar_generation,Solar | Actual Aggregated,2026-08-26T03:46:52Z
2026-08-26T03:42:24Z,2026-08-26T05:42:24+0200,e96b9d4a-1054-48fe-90c7-5f4aaf55485c,2026-08-26T00:15:00Z,2026-08-26T02:15:00+0200,0.127,MW,NL,NL,actual_solar_generation,Solar | Actual Consumption,2026-08-26T03:46:52Z
2026-08-26T03:42:24Z,2026-08-26T05:42:24+0200,e96b9d4a-1054-48fe-90c7-5f4aaf55485c,2026-08-26T00:30:00Z,2026-08-26T02:30:00+0200,0.0,MW,NL,NL,actual_solar_generation,Solar | Actual Aggregated,2026-08-26T03:46:52Z
2026-08-26T03:42:24Z,2026-08-26T05:42:24+0200,e96b9d4a-1054-48fe-90c7-5f4aaf55485c,2026-08-26T00:30:00Z,2026-08-26T02:30:00+0200,0.127,MW,NL,NL,actual_solar_generation,Solar | Actual Consumption,2026-08-26T03:46:52Z
2026-08-26T03:42:24Z,2026-08-26T05:42:24+0200,e96b9d4a-1054-48fe-90c7-5f4aaf55485c,2026-08-26T00:45:00Z,2026-08-26T02:45:00+0200,0.0,MW,NL,NL,actual_solar_generation,Solar | Actual Aggregated,2026-08-26T03:46:52Z
2026-08-26T03:42:24Z,2026-08-26T05:42:24+0200,e96b9d4a-1054-48fe-90c7-5f4aaf55485c,2026-08-26T00:45:00Z,2026-08-26T02:45:00+0200,0.127,MW,NL,NL,actual_solar_generation,Solar | Actual Consumption,2026-08-26T03:46:52Z
2026-08-26T03:42:24Z,2026-08-26T05:42:24+0200,e96b9d4a-1054-48fe-90c7-5f4aaf55485c,2026-08-26T01:00:00Z,2026-08-26T03:00:00+0200,0.0,MW,NL,NL,actual_solar_generation,Solar | Actual Aggregated,2026-08-26T03:46:52Z
2026-08-26T03:42:24Z,2026-08-26T05:42:24+0200,e96b9d4a-1054-48fe-90c7-5f4aaf55485c,2026-08-26T01:00:00Z,2026-08-26T03:00:00+0200,0.127,MW,NL,NL,actual_solar_generation,Solar | Actual Consumption,2026-08-26T03:46:52Z
2026-08-26T03:42:24Z,2026-08-26T05:42:24+0200,e96b9d4a-1054-48fe-90c7-5f4aaf55485c,2026-08-26T01:15:00Z,2026-08-26T03:15:00+0200,0.0,MW,NL,NL,actual_solar_generation,Solar | Actual Aggregated,2026-08-26T03:46:52Z
2026-08-26T03:42:24Z,2026-08-26T05:42:24+0200,e96b9d4a-1054-48fe-90c7-5f4aaf55485c,2026-08-26T01:15:00Z,2026-08-26T03:15:00+0200,0.127,MW,NL,NL,actual_solar_generation,Solar | Actual Consumption,2026-08-26T03:46:52Z
2026-08-26T03:42:24Z,2026-08-26T05:42:24+0200,e96b9d4a-1054-48fe-90c7-5f4aaf55485c,2026-08-26T01:30:00Z,2026-08-26T03:30:00+0200,0.0,MW,NL,NL,actual_solar_generation,Solar | Actual Aggregated,2026-08-26T03:46:52Z
2026-08-26T03:42:24Z,2026-08-26T05:42:24+0200,e96b9d4a-1054-48fe-90c7-5f4aaf55485c,2026-08-26T01:30:00Z,2026-08-26T03:30:00+0200,0.127,MW,NL,NL,actual_solar_generation,Solar | Actual Consumption,2026-08-26T03:46:52Z
2026-08-26T03:42:24Z,2026-08-26T05:42:24+0200,e96b9d4a-1054-48fe-90c7-5f4aaf55485c,2026-08-26T01:45:00Z,2026-08-26T03:45:00+0200,0.0,MW,NL,NL,actual_solar_generation,Solar | Actual Aggregated,2026-08-26T03:46:52Z
2026-08-26T03:42:24Z,2026-08-26T05:42:24+0200,e96b9d4a-1054-48fe-90c7-5f4aaf55485c,2026-08-26T01:45:00Z,2026-08-26T03:45:00+0200,0.127,MW,NL,NL,actual_solar_generation,Solar | Actual Consumption,2026-08-26T03:46:52Z
2026-08-26T03:42:24Z,2026-08-26T05:42:24+0200,e96b9d4a-1054-48fe-90c7-5f4aaf55485c,2026-08-26T02:00:00Z,2026-08-26T04:00:00+0200,0.0,MW,NL,NL,actual_solar_generation,Solar | Actual Aggregated,2026-08-26T03:46:52Z
2026-08-26T03:42:24Z,2026-08-26T05:42:24+0200,e96b9d4a-1054-48fe-90c7-5f4aaf55485c,2026-08-26T02:00:00Z,2026-08-26T04:00:00+0200,0.127,MW,NL,NL,actual_solar_generation,Solar | Actual Consumption,2026-08-26T03:46:52Z
2026-08-26T03:42:24Z,2026-08-26T05:42:24+0200,e96b9d4a-1054-48fe-90c7-5f4aaf55485c,2026-08-26T02:15:00Z,2026-08-26T04:15:00+0200,0.0,MW,NL,NL,actual_solar_generation,Solar | Actual Aggregated,2026-08-26T03:46:52Z
2026-08-26T03:42:24Z,2026-08-26T05:42:24+0200,e96b9d4a-1054-48fe-90c7-5f4aaf55485c,2026-08-26T02:15:00Z,2026-08-26T04:15:00+0200,0.127,MW,NL,NL,actual_solar_generation,Solar | Actual Consumption,2026-08-26T03:46:52Z
2026-08-26T03:42:24Z,2026-08-26T05:42:24+0200,e96b9d4a-1054-48fe-90c7-5f4aaf55485c,2026-08-26T02:30:00Z,2026-08-26T04:30:00+0200,0.0,MW,NL,NL,actual_solar_generation,Solar | Actual Aggregated,2026-08-26T03:46:52Z
2026-08-26T03:42:24Z,2026-08-26T05:42:24+0200,e96b9d4a-1054-48fe-90c7-5f4aaf55485c,2026-08-26T02:30:00Z,2026-08-26T04:30:00+0200,0.127,MW,NL,NL,actual_solar_generation,Solar | Actual Consumption,2026-08-26T03:46:52Z
2026-08-26T03:42:24Z,2026-08-26T05:42:24+0200,e96b9d4a-1054-48fe-90c7-5f4aaf55485c,2026-08-26T02:45:00Z,2026-08-26T04:45:00+0200,0.0,MW,NL,NL,actual_solar_generation,Solar | Actual Aggregated,2026-08-26T03:46:52Z
2026-08-26T03:42:24Z,2026-08-26T05:42:24+0200,e96b9d4a-1054-48fe-90c7-5f4aaf55485c,2026-08-26T02:45:00Z,2026-08-26T04:45:00+0200,0.127,MW,NL,NL,actual_solar_generation,Solar | Actual Consumption,2026-08-26T03:46:52Z
