collection_time_utc,collection_time_local,run_id,timestamp_utc,timestamp_local,value,unit,country,entsoe_area,variable,source,updated_at_utc
2026-08-03T03:49:03Z,2026-08-03T05:49:03+0200,d815d4ad-795d-45eb-9ad8-9d704f7a3f43,2026-07-03T04:00:00Z,2026-07-03T06:00:00+0200,120.94,EUR/MWh,BE,BE,imbalance_price,Long,2026-08-03T03:49:42Z
2026-08-03T03:49:03Z,2026-08-03T05:49:03+0200,d815d4ad-795d-45eb-9ad8-9d704f7a3f43,2026-07-03T04:00:00Z,2026-07-03T06:00:00+0200,120.94,EUR/MWh,BE,BE,imbalance_price,Short,2026-08-03T03:49:42Z
2026-08-03T03:49:03Z,2026-08-03T05:49:03+0200,d815d4ad-795d-45eb-9ad8-9d704f7a3f43,2026-07-03T04:15:00Z,2026-07-03T06:15:00+0200,107.99,EUR/MWh,BE,BE,imbalance_price,Long,2026-08-03T03:49:42Z
2026-08-03T03:49:03Z,2026-08-03T05:49:03+0200,d815d4ad-795d-45eb-9ad8-9d704f7a3f43,2026-07-03T04:15:00Z,2026-07-03T06:15:00+0200,107.99,EUR/MWh,BE,BE,imbalance_price,Short,2026-08-03T03:49:42Z
2026-08-03T03:49:03Z,2026-08-03T05:49:03+0200,d815d4ad-795d-45eb-9ad8-9d704f7a3f43,2026-07-03T04:30:00Z,2026-07-03T06:30:00+0200,125.37,EUR/MWh,BE,BE,imbalance_price,Long,2026-08-03T03:49:42Z
2026-08-03T03:49:03Z,2026-08-03T05:49:03+0200,d815d4ad-795d-45eb-9ad8-9d704f7a3f43,2026-07-03T04:30:00Z,2026-07-03T06:30:00+0200,125.37,EUR/MWh,BE,BE,imbalance_price,Short,2026-08-03T03:49:42Z
2026-08-03T03:49:03Z,2026-08-03T05:49:03+0200,d815d4ad-795d-45eb-9ad8-9d704f7a3f43,2026-07-03T04:45:00Z,2026-07-03T06:45:00+0200,117.49,EUR/MWh,BE,BE,imbalance_price,Long,2026-08-03T03:49:42Z
2026-08-03T03:49:03Z,2026-08-03T05:49:03+0200,d815d4ad-795d-45eb-9ad8-9d704f7a3f43,2026-07-03T04:45:00Z,2026-07-03T06:45:00+0200,117.49,EUR/MWh,BE,BE,imbalance_price,Short,2026-08-03T03:49:42Z
2026-08-03T03:49:03Z,2026-08-03T05:49:03+0200,d815d4ad-795d-45eb-9ad8-9d704f7a3f43,2026-07-03T05:00:00Z,2026-07-03T07:00:00+0200,119.89,EUR/MWh,BE,BE,imbalance_price,Long,2026-08-03T03:49:42Z
2026-08-03T03:49:03Z,2026-08-03T05:49:03+0200,d815d4ad-795d-45eb-9ad8-9d704f7a3f43,2026-07-03T05:00:00Z,2026-07-03T07:00:00+0200,119.89,EUR/MWh,BE,BE,imbalance_price,Short,2026-08-03T03:49:42Z
2026-08-03T03:49:03Z,2026-08-03T05:49:03+0200,d815d4ad-795d-45eb-9ad8-9d704f7a3f43,2026-07-03T05:15:00Z,2026-07-03T07:15:00+0200,64.74,EUR/MWh,BE,BE,imbalance_price,Long,2026-08-03T03:49:42Z
2026-08-03T03:49:03Z,2026-08-03T05:49:03+0200,d815d4ad-795d-45eb-9ad8-9d704f7a3f43,2026-07-03T05:15:00Z,2026-07-03T07:15:00+0200,64.74,EUR/MWh,BE,BE,imbalance_price,Short,2026-08-03T03:49:42Z
2026-08-03T03:49:03Z,2026-08-03T05:49:03+0200,d815d4ad-795d-45eb-9ad8-9d704f7a3f43,2026-07-03T05:30:00Z,2026-07-03T07:30:00+0200,89.8,EUR/MWh,BE,BE,imbalance_price,Long,2026-08-03T03:49:42Z
2026-08-03T03:49:03Z,2026-08-03T05:49:03+0200,d815d4ad-795d-45eb-9ad8-9d704f7a3f43,2026-07-03T05:30:00Z,2026-07-03T07:30:00+0200,89.8,EUR/MWh,BE,BE,imbalance_price,Short,2026-08-03T03:49:42Z
2026-08-03T03:49:03Z,2026-08-03T05:49:03+0200,d815d4ad-795d-45eb-9ad8-9d704f7a3f43,2026-07-03T05:45:00Z,2026-07-03T07:45:00+0200,113.94,EUR/MWh,BE,BE,imbalance_price,Long,2026-08-03T03:49:42Z
2026-08-03T03:49:03Z,2026-08-03T05:49:03+0200,d815d4ad-795d-45eb-9ad8-9d704f7a3f43,2026-07-03T05:45:00Z,2026-07-03T07:45:00+0200,113.94,EUR/MWh,BE,BE,imbalance_price,Short,2026-08-03T03:49:42Z
2026-08-03T03:49:03Z,2026-08-03T05:49:03+0200,d815d4ad-795d-45eb-9ad8-9d704f7a3f43,2026-07-03T06:00:00Z,2026-07-03T08:00:00+0200,438.53,EUR/MWh,BE,BE,imbalance_price,Long,2026-08-03T03:49:42Z
2026-08-03T03:49:03Z,2026-08-03T05:49:03+0200,d815d4ad-795d-45eb-9ad8-9d704f7a3f43,2026-07-03T06:00:00Z,2026-07-03T08:00:00+0200,438.53,EUR/MWh,BE,BE,imbalance_price,Short,2026-08-03T03:49:42Z
2026-08-03T03:49:03Z,2026-08-03T05:49:03+0200,d815d4ad-795d-45eb-9ad8-9d704f7a3f43,2026-07-03T06:15:00Z,2026-07-03T08:15:00+0200,258.72,EUR/MWh,BE,BE,imbalance_price,Long,2026-08-03T03:49:42Z
2026-08-03T03:49:03Z,2026-08-03T05:49:03+0200,d815d4ad-795d-45eb-9ad8-9d704f7a3f43,2026-07-03T06:15:00Z,2026-07-03T08:15:00+0200,258.72,EUR/MWh,BE,BE,imbalance_price,Short,2026-08-03T03:49:42Z
2026-08-03T03:49:03Z,2026-08-03T05:49:03+0200,d815d4ad-795d-45eb-9ad8-9d704f7a3f43,2026-07-03T06:30:00Z,2026-07-03T08:30:00+0200,301.61,EUR/MWh,BE,BE,imbalance_price,Long,2026-08-03T03:49:42Z
2026-08-03T03:49:03Z,2026-08-03T05:49:03+0200,d815d4ad-795d-45eb-9ad8-9d704f7a3f43,2026-07-03T06:30:00Z,2026-07-03T08:30:00+0200,301.61,EUR/MWh,BE,BE,imbalance_price,Short,2026-08-03T03:49:42Z
2026-08-03T03:49:03Z,2026-08-03T05:49:03+0200,d815d4ad-795d-45eb-9ad8-9d704f7a3f43,2026-07-03T06:45:00Z,2026-07-03T08:45:00+0200,278.0,EUR/MWh,BE,BE,imbalance_price,Long,2026-08-03T03:49:42Z
2026-08-03T03:49:03Z,2026-08-03T05:49:03+0200,d815d4ad-795d-45eb-9ad8-9d704f7a3f43,2026-07-03T06:45:00Z,2026-07-03T08:45:00+0200,278.0,EUR/MWh,BE,BE,imbalance_price,Short,2026-08-03T03:49:42Z
2026-08-03T03:49:03Z,2026-08-03T05:49:03+0200,d815d4ad-795d-45eb-9ad8-9d704f7a3f43,2026-07-03T07:00:00Z,2026-07-03T09:00:00+0200,391.16,EUR/MWh,BE,BE,imbalance_price,Long,2026-08-03T03:49:42Z
2026-08-03T03:49:03Z,2026-08-03T05:49:03+0200,d815d4ad-795d-45eb-9ad8-9d704f7a3f43,2026-07-03T07:00:00Z,2026-07-03T09:00:00+0200,391.16,EUR/MWh,BE,BE,imbalance_price,Short,2026-08-03T03:49:42Z
2026-08-03T03:49:03Z,2026-08-03T05:49:03+0200,d815d4ad-795d-45eb-9ad8-9d704f7a3f43,2026-07-03T07:15:00Z,2026-07-03T09:15:00+0200,11.32,EUR/MWh,BE,BE,imbalance_price,Long,2026-08-03T03:49:42Z
2026-08-03T03:49:03Z,2026-08-03T05:49:03+0200,d815d4ad-795d-45eb-9ad8-9d704f7a3f43,2026-07-03T07:15:00Z,2026-07-03T09:15:00+0200,11.32,EUR/MWh,BE,BE,imbalance_price,Short,2026-08-03T03:49:42Z
2026-08-03T03:49:03Z,2026-08-03T05:49:03+0200,d815d4ad-795d-45eb-9ad8-9d704f7a3f43,2026-07-03T07:30:00Z,2026-07-03T09:30:00+0200,11.21,EUR/MWh,BE,BE,imbalance_price,Long,2026-08-03T03:49:42Z
2026-08-03T03:49:03Z,2026-08-03T05:49:03+0200,d815d4ad-795d-45eb-9ad8-9d704f7a3f43,2026-07-03T07:30:00Z,2026-07-03T09:30:00+0200,11.21,EUR/MWh,BE,BE,imbalance_price,Short,2026-08-03T03:49:42Z
2026-08-03T03:49:03Z,2026-08-03T05:49:03+0200,d815d4ad-795d-45eb-9ad8-9d704f7a3f43,2026-07-03T07:45:00Z,2026-07-03T09:45:00+0200,5.37,EUR/MWh,BE,BE,imbalance_price,Long,2026-08-03T03:49:42Z
2026-08-03T03:49:03Z,2026-08-03T05:49:03+0200,d815d4ad-795d-45eb-9ad8-9d704f7a3f43,2026-07-03T07:45:00Z,2026-07-03T09:45:00+0200,5.37,EUR/MWh,BE,BE,imbalance_price,Short,2026-08-03T03:49:42Z
2026-08-03T03:49:03Z,2026-08-03T05:49:03+0200,d815d4ad-795d-45eb-9ad8-9d704f7a3f43,2026-07-03T08:00:00Z,2026-07-03T10:00:00+0200,22.26,EUR/MWh,BE,BE,imbalance_price,Long,2026-08-03T03:49:42Z
2026-08-03T03:49:03Z,2026-08-03T05:49:03+0200,d815d4ad-795d-45eb-9ad8-9d704f7a3f43,2026-07-03T08:00:00Z,2026-07-03T10:00:00+0200,22.26,EUR/MWh,BE,BE,imbalance_price,Short,2026-08-03T03:49:42Z
2026-08-03T03:49:03Z,2026-08-03T05:49:03+0200,d815d4ad-795d-45eb-9ad8-9d704f7a3f43,2026-07-03T08:15:00Z,2026-07-03T10:15:00+0200,10.63,EUR/MWh,BE,BE,imbalance_price,Long,2026-08-03T03:49:42Z
2026-08-03T03:49:03Z,2026-08-03T05:49:03+0200,d815d4ad-795d-45eb-9ad8-9d704f7a3f43,2026-07-03T08:15:00Z,2026-07-03T10:15:00+0200,10.63,EUR/MWh,BE,BE,imbalance_price,Short,2026-08-03T03:49:42Z
2026-08-03T03:49:03Z,2026-08-03T05:49:03+0200,d815d4ad-795d-45eb-9ad8-9d704f7a3f43,2026-07-03T08:30:00Z,2026-07-03T10:30:00+0200,6.0,EUR/MWh,BE,BE,imbalance_price,Long,2026-08-03T03:49:42Z
2026-08-03T03:49:03Z,2026-08-03T05:49:03+0200,d815d4ad-795d-45eb-9ad8-9d704f7a3f43,2026-07-03T08:30:00Z,2026-07-03T10:30:00+0200,6.0,EUR/MWh,BE,BE,imbalance_price,Short,2026-08-03T03:49:42Z
2026-08-03T03:49:03Z,2026-08-03T05:49:03+0200,d815d4ad-795d-45eb-9ad8-9d704f7a3f43,2026-07-03T08:45:00Z,2026-07-03T10:45:00+0200,11.0,EUR/MWh,BE,BE,imbalance_price,Long,2026-08-03T03:49:42Z
2026-08-03T03:49:03Z,2026-08-03T05:49:03+0200,d815d4ad-795d-45eb-9ad8-9d704f7a3f43,2026-07-03T08:45:00Z,2026-07-03T10:45:00+0200,11.0,EUR/MWh,BE,BE,imbalance_price,Short,2026-08-03T03:49:42Z
2026-08-03T03:49:03Z,2026-08-03T05:49:03+0200,d815d4ad-795d-45eb-9ad8-9d704f7a3f43,2026-07-03T09:00:00Z,2026-07-03T11:00:00+0200,8.03,EUR/MWh,BE,BE,imbalance_price,Long,2026-08-03T03:49:42Z
2026-08-03T03:49:03Z,2026-08-03T05:49:03+0200,d815d4ad-795d-45eb-9ad8-9d704f7a3f43,2026-07-03T09:00:00Z,2026-07-03T11:00:00+0200,8.03,EUR/MWh,BE,BE,imbalance_price,Short,2026-08-03T03:49:42Z
2026-08-03T03:49:03Z,2026-08-03T05:49:03+0200,d815d4ad-795d-45eb-9ad8-9d704f7a3f43,2026-07-03T09:15:00Z,2026-07-03T11:15:00+0200,11.0,EUR/MWh,BE,BE,imbalance_price,Long,2026-08-03T03:49:42Z
2026-08-03T03:49:03Z,2026-08-03T05:49:03+0200,d815d4ad-795d-45eb-9ad8-9d704f7a3f43,2026-07-03T09:15:00Z,2026-07-03T11:15:00+0200,11.0,EUR/MWh,BE,BE,imbalance_price,Short,2026-08-03T03:49:42Z
2026-08-03T03:49:03Z,2026-08-03T05:49:03+0200,d815d4ad-795d-45eb-9ad8-9d704f7a3f43,2026-07-03T09:30:00Z,2026-07-03T11:30:00+0200,10.0,EUR/MWh,BE,BE,imbalance_price,Long,2026-08-03T03:49:42Z
2026-08-03T03:49:03Z,2026-08-03T05:49:03+0200,d815d4ad-795d-45eb-9ad8-9d704f7a3f43,2026-07-03T09:30:00Z,2026-07-03T11:30:00+0200,10.0,EUR/MWh,BE,BE,imbalance_price,Short,2026-08-03T03:49:42Z
2026-08-03T03:49:03Z,2026-08-03T05:49:03+0200,d815d4ad-795d-45eb-9ad8-9d704f7a3f43,2026-07-03T09:45:00Z,2026-07-03T11:45:00+0200,49.69,EUR/MWh,BE,BE,imbalance_price,Long,2026-08-03T03:49:42Z
2026-08-03T03:49:03Z,2026-08-03T05:49:03+0200,d815d4ad-795d-45eb-9ad8-9d704f7a3f43,2026-07-03T09:45:00Z,2026-07-03T11:45:00+0200,49.69,EUR/MWh,BE,BE,imbalance_price,Short,2026-08-03T03:49:42Z
2026-08-03T03:49:03Z,2026-08-03T05:49:03+0200,d815d4ad-795d-45eb-9ad8-9d704f7a3f43,2026-07-03T10:00:00Z,2026-07-03T12:00:00+0200,11.0,EUR/MWh,BE,BE,imbalance_price,Long,2026-08-03T03:49:42Z
2026-08-03T03:49:03Z,2026-08-03T05:49:03+0200,d815d4ad-795d-45eb-9ad8-9d704f7a3f43,2026-07-03T10:00:00Z,2026-07-03T12:00:00+0200,11.0,EUR/MWh,BE,BE,imbalance_price,Short,2026-08-03T03:49:42Z
2026-08-03T03:49:03Z,2026-08-03T05:49:03+0200,d815d4ad-795d-45eb-9ad8-9d704f7a3f43,2026-07-03T10:15:00Z,2026-07-03T12:15:00+0200,11.0,EUR/MWh,BE,BE,imbalance_price,Long,2026-08-03T03:49:42Z
2026-08-03T03:49:03Z,2026-08-03T05:49:03+0200,d815d4ad-795d-45eb-9ad8-9d704f7a3f43,2026-07-03T10:15:00Z,2026-07-03T12:15:00+0200,11.0,EUR/MWh,BE,BE,imbalance_price,Short,2026-08-03T03:49:42Z
2026-08-03T03:49:03Z,2026-08-03T05:49:03+0200,d815d4ad-795d-45eb-9ad8-9d704f7a3f43,2026-07-03T10:30:00Z,2026-07-03T12:30:00+0200,4.72,EUR/MWh,BE,BE,imbalance_price,Long,2026-08-03T03:49:42Z
2026-08-03T03:49:03Z,2026-08-03T05:49:03+0200,d815d4ad-795d-45eb-9ad8-9d704f7a3f43,2026-07-03T10:30:00Z,2026-07-03T12:30:00+0200,4.72,EUR/MWh,BE,BE,imbalance_price,Short,2026-08-03T03:49:42Z
2026-08-03T03:49:03Z,2026-08-03T05:49:03+0200,d815d4ad-795d-45eb-9ad8-9d704f7a3f43,2026-07-03T10:45:00Z,2026-07-03T12:45:00+0200,-5.86,EUR/MWh,BE,BE,imbalance_price,Long,2026-08-03T03:49:42Z
2026-08-03T03:49:03Z,2026-08-03T05:49:03+0200,d815d4ad-795d-45eb-9ad8-9d704f7a3f43,2026-07-03T10:45:00Z,2026-07-03T12:45:00+0200,-5.86,EUR/MWh,BE,BE,imbalance_price,Short,2026-08-03T03:49:42Z
2026-08-03T03:49:03Z,2026-08-03T05:49:03+0200,d815d4ad-795d-45eb-9ad8-9d704f7a3f43,2026-07-03T11:00:00Z,2026-07-03T13:00:00+0200,-14.59,EUR/MWh,BE,BE,imbalance_price,Long,2026-08-03T03:49:42Z
2026-08-03T03:49:03Z,2026-08-03T05:49:03+0200,d815d4ad-795d-45eb-9ad8-9d704f7a3f43,2026-07-03T11:00:00Z,2026-07-03T13:00:00+0200,-14.59,EUR/MWh,BE,BE,imbalance_price,Short,2026-08-03T03:49:42Z
2026-08-03T03:49:03Z,2026-08-03T05:49:03+0200,d815d4ad-795d-45eb-9ad8-9d704f7a3f43,2026-07-03T11:15:00Z,2026-07-03T13:15:00+0200,-31.63,EUR/MWh,BE,BE,imbalance_price,Long,2026-08-03T03:49:42Z
2026-08-03T03:49:03Z,2026-08-03T05:49:03+0200,d815d4ad-795d-45eb-9ad8-9d704f7a3f43,2026-07-03T11:15:00Z,2026-07-03T13:15:00+0200,-31.63,EUR/MWh,BE,BE,imbalance_price,Short,2026-08-03T03:49:42Z
2026-08-03T03:49:03Z,2026-08-03T05:49:03+0200,d815d4ad-795d-45eb-9ad8-9d704f7a3f43,2026-07-03T11:30:00Z,2026-07-03T13:30:00+0200,-37.67,EUR/MWh,BE,BE,imbalance_price,Long,2026-08-03T03:49:42Z
2026-08-03T03:49:03Z,2026-08-03T05:49:03+0200,d815d4ad-795d-45eb-9ad8-9d704f7a3f43,2026-07-03T11:30:00Z,2026-07-03T13:30:00+0200,-37.67,EUR/MWh,BE,BE,imbalance_price,Short,2026-08-03T03:49:42Z
2026-08-03T03:49:03Z,2026-08-03T05:49:03+0200,d815d4ad-795d-45eb-9ad8-9d704f7a3f43,2026-07-03T11:45:00Z,2026-07-03T13:45:00+0200,-9.51,EUR/MWh,BE,BE,imbalance_price,Long,2026-08-03T03:49:42Z
2026-08-03T03:49:03Z,2026-08-03T05:49:03+0200,d815d4ad-795d-45eb-9ad8-9d704f7a3f43,2026-07-03T11:45:00Z,2026-07-03T13:45:00+0200,-9.51,EUR/MWh,BE,BE,imbalance_price,Short,2026-08-03T03:49:42Z
2026-08-03T03:49:03Z,2026-08-03T05:49:03+0200,d815d4ad-795d-45eb-9ad8-9d704f7a3f43,2026-07-03T12:00:00Z,2026-07-03T14:00:00+0200,-3.17,EUR/MWh,BE,BE,imbalance_price,Long,2026-08-03T03:49:42Z
2026-08-03T03:49:03Z,2026-08-03T05:49:03+0200,d815d4ad-795d-45eb-9ad8-9d704f7a3f43,2026-07-03T12:00:00Z,2026-07-03T14:00:00+0200,-3.17,EUR/MWh,BE,BE,imbalance_price,Short,2026-08-03T03:49:42Z
2026-08-03T03:49:03Z,2026-08-03T05:49:03+0200,d815d4ad-795d-45eb-9ad8-9d704f7a3f43,2026-07-03T12:15:00Z,2026-07-03T14:15:00+0200,-13.93,EUR/MWh,BE,BE,imbalance_price,Long,2026-08-03T03:49:42Z
2026-08-03T03:49:03Z,2026-08-03T05:49:03+0200,d815d4ad-795d-45eb-9ad8-9d704f7a3f43,2026-07-03T12:15:00Z,2026-07-03T14:15:00+0200,-13.93,EUR/MWh,BE,BE,imbalance_price,Short,2026-08-03T03:49:42Z
2026-08-03T03:49:03Z,2026-08-03T05:49:03+0200,d815d4ad-795d-45eb-9ad8-9d704f7a3f43,2026-07-03T12:30:00Z,2026-07-03T14:30:00+0200,-4.34,EUR/MWh,BE,BE,imbalance_price,Long,2026-08-03T03:49:42Z
2026-08-03T03:49:03Z,2026-08-03T05:49:03+0200,d815d4ad-795d-45eb-9ad8-9d704f7a3f43,2026-07-03T12:30:00Z,2026-07-03T14:30:00+0200,-4.34,EUR/MWh,BE,BE,imbalance_price,Short,2026-08-03T03:49:42Z
2026-08-03T03:49:03Z,2026-08-03T05:49:03+0200,d815d4ad-795d-45eb-9ad8-9d704f7a3f43,2026-07-03T12:45:00Z,2026-07-03T14:45:00+0200,-12.13,EUR/MWh,BE,BE,imbalance_price,Long,2026-08-03T03:49:42Z
2026-08-03T03:49:03Z,2026-08-03T05:49:03+0200,d815d4ad-795d-45eb-9ad8-9d704f7a3f43,2026-07-03T12:45:00Z,2026-07-03T14:45:00+0200,-12.13,EUR/MWh,BE,BE,imbalance_price,Short,2026-08-03T03:49:42Z
2026-08-03T03:49:03Z,2026-08-03T05:49:03+0200,d815d4ad-795d-45eb-9ad8-9d704f7a3f43,2026-07-03T13:00:00Z,2026-07-03T15:00:00+0200,-28.18,EUR/MWh,BE,BE,imbalance_price,Long,2026-08-03T03:49:42Z
2026-08-03T03:49:03Z,2026-08-03T05:49:03+0200,d815d4ad-795d-45eb-9ad8-9d704f7a3f43,2026-07-03T13:00:00Z,2026-07-03T15:00:00+0200,-28.18,EUR/MWh,BE,BE,imbalance_price,Short,2026-08-03T03:49:42Z
2026-08-03T03:49:03Z,2026-08-03T05:49:03+0200,d815d4ad-795d-45eb-9ad8-9d704f7a3f43,2026-07-03T13:15:00Z,2026-07-03T15:15:00+0200,-34.48,EUR/MWh,BE,BE,imbalance_price,Long,2026-08-03T03:49:42Z
2026-08-03T03:49:03Z,2026-08-03T05:49:03+0200,d815d4ad-795d-45eb-9ad8-9d704f7a3f43,2026-07-03T13:15:00Z,2026-07-03T15:15:00+0200,-34.48,EUR/MWh,BE,BE,imbalance_price,Short,2026-08-03T03:49:42Z
2026-08-03T03:49:03Z,2026-08-03T05:49:03+0200,d815d4ad-795d-45eb-9ad8-9d704f7a3f43,2026-07-03T13:30:00Z,2026-07-03T15:30:00+0200,-27.41,EUR/MWh,BE,BE,imbalance_price,Long,2026-08-03T03:49:42Z
2026-08-03T03:49:03Z,2026-08-03T05:49:03+0200,d815d4ad-795d-45eb-9ad8-9d704f7a3f43,2026-07-03T13:30:00Z,2026-07-03T15:30:00+0200,-27.41,EUR/MWh,BE,BE,imbalance_price,Short,2026-08-03T03:49:42Z
2026-08-03T03:49:03Z,2026-08-03T05:49:03+0200,d815d4ad-795d-45eb-9ad8-9d704f7a3f43,2026-07-03T13:45:00Z,2026-07-03T15:45:00+0200,-86.12,EUR/MWh,BE,BE,imbalance_price,Long,2026-08-03T03:49:42Z
2026-08-03T03:49:03Z,2026-08-03T05:49:03+0200,d815d4ad-795d-45eb-9ad8-9d704f7a3f43,2026-07-03T13:45:00Z,2026-07-03T15:45:00+0200,-86.12,EUR/MWh,BE,BE,imbalance_price,Short,2026-08-03T03:49:42Z
2026-08-03T03:49:03Z,2026-08-03T05:49:03+0200,d815d4ad-795d-45eb-9ad8-9d704f7a3f43,2026-07-03T14:00:00Z,2026-07-03T16:00:00+0200,-4.12,EUR/MWh,BE,BE,imbalance_price,Long,2026-08-03T03:49:42Z
2026-08-03T03:49:03Z,2026-08-03T05:49:03+0200,d815d4ad-795d-45eb-9ad8-9d704f7a3f43,2026-07-03T14:00:00Z,2026-07-03T16:00:00+0200,-4.12,EUR/MWh,BE,BE,imbalance_price,Short,2026-08-03T03:49:42Z
2026-08-03T03:49:03Z,2026-08-03T05:49:03+0200,d815d4ad-795d-45eb-9ad8-9d704f7a3f43,2026-07-03T14:15:00Z,2026-07-03T16:15:00+0200,-8.37,EUR/MWh,BE,BE,imbalance_price,Long,2026-08-03T03:49:42Z
2026-08-03T03:49:03Z,2026-08-03T05:49:03+0200,d815d4ad-795d-45eb-9ad8-9d704f7a3f43,2026-07-03T14:15:00Z,2026-07-03T16:15:00+0200,-8.37,EUR/MWh,BE,BE,imbalance_price,Short,2026-08-03T03:49:42Z
2026-08-03T03:49:03Z,2026-08-03T05:49:03+0200,d815d4ad-795d-45eb-9ad8-9d704f7a3f43,2026-07-03T14:30:00Z,2026-07-03T16:30:00+0200,9.0,EUR/MWh,BE,BE,imbalance_price,Long,2026-08-03T03:49:42Z
2026-08-03T03:49:03Z,2026-08-03T05:49:03+0200,d815d4ad-795d-45eb-9ad8-9d704f7a3f43,2026-07-03T14:30:00Z,2026-07-03T16:30:00+0200,9.0,EUR/MWh,BE,BE,imbalance_price,Short,2026-08-03T03:49:42Z
2026-08-03T03:49:03Z,2026-08-03T05:49:03+0200,d815d4ad-795d-45eb-9ad8-9d704f7a3f43,2026-07-03T14:45:00Z,2026-07-03T16:45:00+0200,-5.3,EUR/MWh,BE,BE,imbalance_price,Long,2026-08-03T03:49:42Z
2026-08-03T03:49:03Z,2026-08-03T05:49:03+0200,d815d4ad-795d-45eb-9ad8-9d704f7a3f43,2026-07-03T14:45:00Z,2026-07-03T16:45:00+0200,-5.3,EUR/MWh,BE,BE,imbalance_price,Short,2026-08-03T03:49:42Z
2026-08-03T03:49:03Z,2026-08-03T05:49:03+0200,d815d4ad-795d-45eb-9ad8-9d704f7a3f43,2026-07-03T15:00:00Z,2026-07-03T17:00:00+0200,-1.0,EUR/MWh,BE,BE,imbalance_price,Long,2026-08-03T03:49:42Z
2026-08-03T03:49:03Z,2026-08-03T05:49:03+0200,d815d4ad-795d-45eb-9ad8-9d704f7a3f43,2026-07-03T15:00:00Z,2026-07-03T17:00:00+0200,-1.0,EUR/MWh,BE,BE,imbalance_price,Short,2026-08-03T03:49:42Z
2026-08-03T03:49:03Z,2026-08-03T05:49:03+0200,d815d4ad-795d-45eb-9ad8-9d704f7a3f43,2026-07-03T15:15:00Z,2026-07-03T17:15:00+0200,6.21,EUR/MWh,BE,BE,imbalance_price,Long,2026-08-03T03:49:42Z
2026-08-03T03:49:03Z,2026-08-03T05:49:03+0200,d815d4ad-795d-45eb-9ad8-9d704f7a3f43,2026-07-03T15:15:00Z,2026-07-03T17:15:00+0200,6.21,EUR/MWh,BE,BE,imbalance_price,Short,2026-08-03T03:49:42Z
2026-08-03T03:49:03Z,2026-08-03T05:49:03+0200,d815d4ad-795d-45eb-9ad8-9d704f7a3f43,2026-07-03T15:30:00Z,2026-07-03T17:30:00+0200,36.6,EUR/MWh,BE,BE,imbalance_price,Long,2026-08-03T03:49:42Z
2026-08-03T03:49:03Z,2026-08-03T05:49:03+0200,d815d4ad-795d-45eb-9ad8-9d704f7a3f43,2026-07-03T15:30:00Z,2026-07-03T17:30:00+0200,36.6,EUR/MWh,BE,BE,imbalance_price,Short,2026-08-03T03:49:42Z
2026-08-03T03:49:03Z,2026-08-03T05:49:03+0200,d815d4ad-795d-45eb-9ad8-9d704f7a3f43,2026-07-03T15:45:00Z,2026-07-03T17:45:00+0200,54.69,EUR/MWh,BE,BE,imbalance_price,Long,2026-08-03T03:49:42Z
2026-08-03T03:49:03Z,2026-08-03T05:49:03+0200,d815d4ad-795d-45eb-9ad8-9d704f7a3f43,2026-07-03T15:45:00Z,2026-07-03T17:45:00+0200,54.69,EUR/MWh,BE,BE,imbalance_price,Short,2026-08-03T03:49:42Z
2026-08-03T03:49:03Z,2026-08-03T05:49:03+0200,d815d4ad-795d-45eb-9ad8-9d704f7a3f43,2026-07-03T16:00:00Z,2026-07-03T18:00:00+0200,35.01,EUR/MWh,BE,BE,imbalance_price,Long,2026-08-03T03:49:42Z
2026-08-03T03:49:03Z,2026-08-03T05:49:03+0200,d815d4ad-795d-45eb-9ad8-9d704f7a3f43,2026-07-03T16:00:00Z,2026-07-03T18:00:00+0200,35.01,EUR/MWh,BE,BE,imbalance_price,Short,2026-08-03T03:49:42Z
2026-08-03T03:49:03Z,2026-08-03T05:49:03+0200,d815d4ad-795d-45eb-9ad8-9d704f7a3f43,2026-07-03T16:15:00Z,2026-07-03T18:15:00+0200,-13.91,EUR/MWh,BE,BE,imbalance_price,Long,2026-08-03T03:49:42Z
2026-08-03T03:49:03Z,2026-08-03T05:49:03+0200,d815d4ad-795d-45eb-9ad8-9d704f7a3f43,2026-07-03T16:15:00Z,2026-07-03T18:15:00+0200,-13.91,EUR/MWh,BE,BE,imbalance_price,Short,2026-08-03T03:49:42Z
2026-08-03T03:49:03Z,2026-08-03T05:49:03+0200,d815d4ad-795d-45eb-9ad8-9d704f7a3f43,2026-07-03T16:30:00Z,2026-07-03T18:30:00+0200,33.5,EUR/MWh,BE,BE,imbalance_price,Long,2026-08-03T03:49:42Z
2026-08-03T03:49:03Z,2026-08-03T05:49:03+0200,d815d4ad-795d-45eb-9ad8-9d704f7a3f43,2026-07-03T16:30:00Z,2026-07-03T18:30:00+0200,33.5,EUR/MWh,BE,BE,imbalance_price,Short,2026-08-03T03:49:42Z
2026-08-03T03:49:03Z,2026-08-03T05:49:03+0200,d815d4ad-795d-45eb-9ad8-9d704f7a3f43,2026-07-03T16:45:00Z,2026-07-03T18:45:00+0200,68.0,EUR/MWh,BE,BE,imbalance_price,Long,2026-08-03T03:49:42Z
2026-08-03T03:49:03Z,2026-08-03T05:49:03+0200,d815d4ad-795d-45eb-9ad8-9d704f7a3f43,2026-07-03T16:45:00Z,2026-07-03T18:45:00+0200,68.0,EUR/MWh,BE,BE,imbalance_price,Short,2026-08-03T03:49:42Z
2026-08-03T03:49:03Z,2026-08-03T05:49:03+0200,d815d4ad-795d-45eb-9ad8-9d704f7a3f43,2026-07-03T17:00:00Z,2026-07-03T19:00:00+0200,94.06,EUR/MWh,BE,BE,imbalance_price,Long,2026-08-03T03:49:42Z
2026-08-03T03:49:03Z,2026-08-03T05:49:03+0200,d815d4ad-795d-45eb-9ad8-9d704f7a3f43,2026-07-03T17:00:00Z,2026-07-03T19:00:00+0200,94.06,EUR/MWh,BE,BE,imbalance_price,Short,2026-08-03T03:49:42Z
2026-08-03T03:49:03Z,2026-08-03T05:49:03+0200,d815d4ad-795d-45eb-9ad8-9d704f7a3f43,2026-07-03T17:15:00Z,2026-07-03T19:15:00+0200,45.13,EUR/MWh,BE,BE,imbalance_price,Long,2026-08-03T03:49:42Z
2026-08-03T03:49:03Z,2026-08-03T05:49:03+0200,d815d4ad-795d-45eb-9ad8-9d704f7a3f43,2026-07-03T17:15:00Z,2026-07-03T19:15:00+0200,45.13,EUR/MWh,BE,BE,imbalance_price,Short,2026-08-03T03:49:42Z
2026-08-03T03:49:03Z,2026-08-03T05:49:03+0200,d815d4ad-795d-45eb-9ad8-9d704f7a3f43,2026-07-03T17:30:00Z,2026-07-03T19:30:00+0200,94.06,EUR/MWh,BE,BE,imbalance_price,Long,2026-08-03T03:49:42Z
2026-08-03T03:49:03Z,2026-08-03T05:49:03+0200,d815d4ad-795d-45eb-9ad8-9d704f7a3f43,2026-07-03T17:30:00Z,2026-07-03T19:30:00+0200,94.06,EUR/MWh,BE,BE,imbalance_price,Short,2026-08-03T03:49:42Z
2026-08-03T03:49:03Z,2026-08-03T05:49:03+0200,d815d4ad-795d-45eb-9ad8-9d704f7a3f43,2026-07-03T17:45:00Z,2026-07-03T19:45:00+0200,94.06,EUR/MWh,BE,BE,imbalance_price,Long,2026-08-03T03:49:42Z
2026-08-03T03:49:03Z,2026-08-03T05:49:03+0200,d815d4ad-795d-45eb-9ad8-9d704f7a3f43,2026-07-03T17:45:00Z,2026-07-03T19:45:00+0200,94.06,EUR/MWh,BE,BE,imbalance_price,Short,2026-08-03T03:49:42Z
2026-08-03T03:49:03Z,2026-08-03T05:49:03+0200,d815d4ad-795d-45eb-9ad8-9d704f7a3f43,2026-07-03T18:00:00Z,2026-07-03T20:00:00+0200,112.15,EUR/MWh,BE,BE,imbalance_price,Long,2026-08-03T03:49:42Z
2026-08-03T03:49:03Z,2026-08-03T05:49:03+0200,d815d4ad-795d-45eb-9ad8-9d704f7a3f43,2026-07-03T18:00:00Z,2026-07-03T20:00:00+0200,112.15,EUR/MWh,BE,BE,imbalance_price,Short,2026-08-03T03:49:42Z
2026-08-03T03:49:03Z,2026-08-03T05:49:03+0200,d815d4ad-795d-45eb-9ad8-9d704f7a3f43,2026-07-03T18:15:00Z,2026-07-03T20:15:00+0200,116.44,EUR/MWh,BE,BE,imbalance_price,Long,2026-08-03T03:49:42Z
2026-08-03T03:49:03Z,2026-08-03T05:49:03+0200,d815d4ad-795d-45eb-9ad8-9d704f7a3f43,2026-07-03T18:15:00Z,2026-07-03T20:15:00+0200,116.44,EUR/MWh,BE,BE,imbalance_price,Short,2026-08-03T03:49:42Z
2026-08-03T03:49:03Z,2026-08-03T05:49:03+0200,d815d4ad-795d-45eb-9ad8-9d704f7a3f43,2026-07-03T18:30:00Z,2026-07-03T20:30:00+0200,131.51,EUR/MWh,BE,BE,imbalance_price,Long,2026-08-03T03:49:42Z
2026-08-03T03:49:03Z,2026-08-03T05:49:03+0200,d815d4ad-795d-45eb-9ad8-9d704f7a3f43,2026-07-03T18:30:00Z,2026-07-03T20:30:00+0200,131.51,EUR/MWh,BE,BE,imbalance_price,Short,2026-08-03T03:49:42Z
2026-08-03T03:49:03Z,2026-08-03T05:49:03+0200,d815d4ad-795d-45eb-9ad8-9d704f7a3f43,2026-07-03T18:45:00Z,2026-07-03T20:45:00+0200,138.01,EUR/MWh,BE,BE,imbalance_price,Long,2026-08-03T03:49:42Z
2026-08-03T03:49:03Z,2026-08-03T05:49:03+0200,d815d4ad-795d-45eb-9ad8-9d704f7a3f43,2026-07-03T18:45:00Z,2026-07-03T20:45:00+0200,138.01,EUR/MWh,BE,BE,imbalance_price,Short,2026-08-03T03:49:42Z
2026-08-03T03:49:03Z,2026-08-03T05:49:03+0200,d815d4ad-795d-45eb-9ad8-9d704f7a3f43,2026-07-03T19:00:00Z,2026-07-03T21:00:00+0200,144.4,EUR/MWh,BE,BE,imbalance_price,Long,2026-08-03T03:49:42Z
2026-08-03T03:49:03Z,2026-08-03T05:49:03+0200,d815d4ad-795d-45eb-9ad8-9d704f7a3f43,2026-07-03T19:00:00Z,2026-07-03T21:00:00+0200,144.4,EUR/MWh,BE,BE,imbalance_price,Short,2026-08-03T03:49:42Z
2026-08-03T03:49:03Z,2026-08-03T05:49:03+0200,d815d4ad-795d-45eb-9ad8-9d704f7a3f43,2026-07-03T19:15:00Z,2026-07-03T21:15:00+0200,147.0,EUR/MWh,BE,BE,imbalance_price,Long,2026-08-03T03:49:42Z
2026-08-03T03:49:03Z,2026-08-03T05:49:03+0200,d815d4ad-795d-45eb-9ad8-9d704f7a3f43,2026-07-03T19:15:00Z,2026-07-03T21:15:00+0200,147.0,EUR/MWh,BE,BE,imbalance_price,Short,2026-08-03T03:49:42Z
2026-08-03T03:49:03Z,2026-08-03T05:49:03+0200,d815d4ad-795d-45eb-9ad8-9d704f7a3f43,2026-07-03T19:30:00Z,2026-07-03T21:30:00+0200,138.0,EUR/MWh,BE,BE,imbalance_price,Long,2026-08-03T03:49:42Z
2026-08-03T03:49:03Z,2026-08-03T05:49:03+0200,d815d4ad-795d-45eb-9ad8-9d704f7a3f43,2026-07-03T19:30:00Z,2026-07-03T21:30:00+0200,138.0,EUR/MWh,BE,BE,imbalance_price,Short,2026-08-03T03:49:42Z
2026-08-03T03:49:03Z,2026-08-03T05:49:03+0200,d815d4ad-795d-45eb-9ad8-9d704f7a3f43,2026-07-03T19:45:00Z,2026-07-03T21:45:00+0200,148.12,EUR/MWh,BE,BE,imbalance_price,Long,2026-08-03T03:49:42Z
2026-08-03T03:49:03Z,2026-08-03T05:49:03+0200,d815d4ad-795d-45eb-9ad8-9d704f7a3f43,2026-07-03T19:45:00Z,2026-07-03T21:45:00+0200,148.12,EUR/MWh,BE,BE,imbalance_price,Short,2026-08-03T03:49:42Z
2026-08-03T03:49:03Z,2026-08-03T05:49:03+0200,d815d4ad-795d-45eb-9ad8-9d704f7a3f43,2026-07-03T20:00:00Z,2026-07-03T22:00:00+0200,141.91,EUR/MWh,BE,BE,imbalance_price,Long,2026-08-03T03:49:42Z
2026-08-03T03:49:03Z,2026-08-03T05:49:03+0200,d815d4ad-795d-45eb-9ad8-9d704f7a3f43,2026-07-03T20:00:00Z,2026-07-03T22:00:00+0200,141.91,EUR/MWh,BE,BE,imbalance_price,Short,2026-08-03T03:49:42Z
2026-08-03T03:49:03Z,2026-08-03T05:49:03+0200,d815d4ad-795d-45eb-9ad8-9d704f7a3f43,2026-07-03T20:15:00Z,2026-07-03T22:15:00+0200,140.74,EUR/MWh,BE,BE,imbalance_price,Long,2026-08-03T03:49:42Z
2026-08-03T03:49:03Z,2026-08-03T05:49:03+0200,d815d4ad-795d-45eb-9ad8-9d704f7a3f43,2026-07-03T20:15:00Z,2026-07-03T22:15:00+0200,140.74,EUR/MWh,BE,BE,imbalance_price,Short,2026-08-03T03:49:42Z
2026-08-03T03:49:03Z,2026-08-03T05:49:03+0200,d815d4ad-795d-45eb-9ad8-9d704f7a3f43,2026-07-03T20:30:00Z,2026-07-03T22:30:00+0200,138.0,EUR/MWh,BE,BE,imbalance_price,Long,2026-08-03T03:49:42Z
2026-08-03T03:49:03Z,2026-08-03T05:49:03+0200,d815d4ad-795d-45eb-9ad8-9d704f7a3f43,2026-07-03T20:30:00Z,2026-07-03T22:30:00+0200,138.0,EUR/MWh,BE,BE,imbalance_price,Short,2026-08-03T03:49:42Z
2026-08-03T03:49:03Z,2026-08-03T05:49:03+0200,d815d4ad-795d-45eb-9ad8-9d704f7a3f43,2026-07-03T20:45:00Z,2026-07-03T22:45:00+0200,133.13,EUR/MWh,BE,BE,imbalance_price,Long,2026-08-03T03:49:42Z
2026-08-03T03:49:03Z,2026-08-03T05:49:03+0200,d815d4ad-795d-45eb-9ad8-9d704f7a3f43,2026-07-03T20:45:00Z,2026-07-03T22:45:00+0200,133.13,EUR/MWh,BE,BE,imbalance_price,Short,2026-08-03T03:49:42Z
2026-08-03T03:49:03Z,2026-08-03T05:49:03+0200,d815d4ad-795d-45eb-9ad8-9d704f7a3f43,2026-07-03T21:00:00Z,2026-07-03T23:00:00+0200,134.0,EUR/MWh,BE,BE,imbalance_price,Long,2026-08-03T03:49:42Z
2026-08-03T03:49:03Z,2026-08-03T05:49:03+0200,d815d4ad-795d-45eb-9ad8-9d704f7a3f43,2026-07-03T21:00:00Z,2026-07-03T23:00:00+0200,134.0,EUR/MWh,BE,BE,imbalance_price,Short,2026-08-03T03:49:42Z
2026-08-03T03:49:03Z,2026-08-03T05:49:03+0200,d815d4ad-795d-45eb-9ad8-9d704f7a3f43,2026-07-03T21:15:00Z,2026-07-03T23:15:00+0200,148.73,EUR/MWh,BE,BE,imbalance_price,Long,2026-08-03T03:49:42Z
2026-08-03T03:49:03Z,2026-08-03T05:49:03+0200,d815d4ad-795d-45eb-9ad8-9d704f7a3f43,2026-07-03T21:15:00Z,2026-07-03T23:15:00+0200,148.73,EUR/MWh,BE,BE,imbalance_price,Short,2026-08-03T03:49:42Z
2026-08-03T03:49:03Z,2026-08-03T05:49:03+0200,d815d4ad-795d-45eb-9ad8-9d704f7a3f43,2026-07-03T21:30:00Z,2026-07-03T23:30:00+0200,158.81,EUR/MWh,BE,BE,imbalance_price,Long,2026-08-03T03:49:42Z
2026-08-03T03:49:03Z,2026-08-03T05:49:03+0200,d815d4ad-795d-45eb-9ad8-9d704f7a3f43,2026-07-03T21:30:00Z,2026-07-03T23:30:00+0200,158.81,EUR/MWh,BE,BE,imbalance_price,Short,2026-08-03T03:49:42Z
2026-08-03T03:49:03Z,2026-08-03T05:49:03+0200,d815d4ad-795d-45eb-9ad8-9d704f7a3f43,2026-07-03T21:45:00Z,2026-07-03T23:45:00+0200,158.01,EUR/MWh,BE,BE,imbalance_price,Long,2026-08-03T03:49:42Z
2026-08-03T03:49:03Z,2026-08-03T05:49:03+0200,d815d4ad-795d-45eb-9ad8-9d704f7a3f43,2026-07-03T21:45:00Z,2026-07-03T23:45:00+0200,158.01,EUR/MWh,BE,BE,imbalance_price,Short,2026-08-03T03:49:42Z
2026-08-03T03:49:03Z,2026-08-03T05:49:03+0200,d815d4ad-795d-45eb-9ad8-9d704f7a3f43,2026-07-03T22:00:00Z,2026-07-04T00:00:00+0200,163.76,EUR/MWh,BE,BE,imbalance_price,Long,2026-08-03T03:49:42Z
2026-08-03T03:49:03Z,2026-08-03T05:49:03+0200,d815d4ad-795d-45eb-9ad8-9d704f7a3f43,2026-07-03T22:00:00Z,2026-07-04T00:00:00+0200,163.76,EUR/MWh,BE,BE,imbalance_price,Short,2026-08-03T03:49:42Z
2026-08-03T03:49:03Z,2026-08-03T05:49:03+0200,d815d4ad-795d-45eb-9ad8-9d704f7a3f43,2026-07-03T22:15:00Z,2026-07-04T00:15:00+0200,158.31,EUR/MWh,BE,BE,imbalance_price,Long,2026-08-03T03:49:42Z
2026-08-03T03:49:03Z,2026-08-03T05:49:03+0200,d815d4ad-795d-45eb-9ad8-9d704f7a3f43,2026-07-03T22:15:00Z,2026-07-04T00:15:00+0200,158.31,EUR/MWh,BE,BE,imbalance_price,Short,2026-08-03T03:49:42Z
2026-08-03T03:49:03Z,2026-08-03T05:49:03+0200,d815d4ad-795d-45eb-9ad8-9d704f7a3f43,2026-07-03T22:30:00Z,2026-07-04T00:30:00+0200,158.77,EUR/MWh,BE,BE,imbalance_price,Long,2026-08-03T03:49:42Z
2026-08-03T03:49:03Z,2026-08-03T05:49:03+0200,d815d4ad-795d-45eb-9ad8-9d704f7a3f43,2026-07-03T22:30:00Z,2026-07-04T00:30:00+0200,158.77,EUR/MWh,BE,BE,imbalance_price,Short,2026-08-03T03:49:42Z
2026-08-03T03:49:03Z,2026-08-03T05:49:03+0200,d815d4ad-795d-45eb-9ad8-9d704f7a3f43,2026-07-03T22:45:00Z,2026-07-04T00:45:00+0200,140.88,EUR/MWh,BE,BE,imbalance_price,Long,2026-08-03T03:49:42Z
2026-08-03T03:49:03Z,2026-08-03T05:49:03+0200,d815d4ad-795d-45eb-9ad8-9d704f7a3f43,2026-07-03T22:45:00Z,2026-07-04T00:45:00+0200,140.88,EUR/MWh,BE,BE,imbalance_price,Short,2026-08-03T03:49:42Z
2026-08-03T03:49:03Z,2026-08-03T05:49:03+0200,d815d4ad-795d-45eb-9ad8-9d704f7a3f43,2026-07-03T23:00:00Z,2026-07-04T01:00:00+0200,156.26,EUR/MWh,BE,BE,imbalance_price,Long,2026-08-03T03:49:42Z
2026-08-03T03:49:03Z,2026-08-03T05:49:03+0200,d815d4ad-795d-45eb-9ad8-9d704f7a3f43,2026-07-03T23:00:00Z,2026-07-04T01:00:00+0200,156.26,EUR/MWh,BE,BE,imbalance_price,Short,2026-08-03T03:49:42Z
2026-08-03T03:49:03Z,2026-08-03T05:49:03+0200,d815d4ad-795d-45eb-9ad8-9d704f7a3f43,2026-07-03T23:15:00Z,2026-07-04T01:15:00+0200,148.08,EUR/MWh,BE,BE,imbalance_price,Long,2026-08-03T03:49:42Z
2026-08-03T03:49:03Z,2026-08-03T05:49:03+0200,d815d4ad-795d-45eb-9ad8-9d704f7a3f43,2026-07-03T23:15:00Z,2026-07-04T01:15:00+0200,148.08,EUR/MWh,BE,BE,imbalance_price,Short,2026-08-03T03:49:42Z
2026-08-03T03:49:03Z,2026-08-03T05:49:03+0200,d815d4ad-795d-45eb-9ad8-9d704f7a3f43,2026-07-03T23:30:00Z,2026-07-04T01:30:00+0200,149.54,EUR/MWh,BE,BE,imbalance_price,Long,2026-08-03T03:49:42Z
2026-08-03T03:49:03Z,2026-08-03T05:49:03+0200,d815d4ad-795d-45eb-9ad8-9d704f7a3f43,2026-07-03T23:30:00Z,2026-07-04T01:30:00+0200,149.54,EUR/MWh,BE,BE,imbalance_price,Short,2026-08-03T03:49:42Z
2026-08-03T03:49:03Z,2026-08-03T05:49:03+0200,d815d4ad-795d-45eb-9ad8-9d704f7a3f43,2026-07-03T23:45:00Z,2026-07-04T01:45:00+0200,148.69,EUR/MWh,BE,BE,imbalance_price,Long,2026-08-03T03:49:42Z
2026-08-03T03:49:03Z,2026-08-03T05:49:03+0200,d815d4ad-795d-45eb-9ad8-9d704f7a3f43,2026-07-03T23:45:00Z,2026-07-04T01:45:00+0200,148.69,EUR/MWh,BE,BE,imbalance_price,Short,2026-08-03T03:49:42Z
2026-08-03T03:49:03Z,2026-08-03T05:49:03+0200,d815d4ad-795d-45eb-9ad8-9d704f7a3f43,2026-07-04T00:00:00Z,2026-07-04T02:00:00+0200,140.47,EUR/MWh,BE,BE,imbalance_price,Long,2026-08-03T03:49:42Z
2026-08-03T03:49:03Z,2026-08-03T05:49:03+0200,d815d4ad-795d-45eb-9ad8-9d704f7a3f43,2026-07-04T00:00:00Z,2026-07-04T02:00:00+0200,140.47,EUR/MWh,BE,BE,imbalance_price,Short,2026-08-03T03:49:42Z
2026-08-03T03:49:03Z,2026-08-03T05:49:03+0200,d815d4ad-795d-45eb-9ad8-9d704f7a3f43,2026-07-04T00:15:00Z,2026-07-04T02:15:00+0200,137.91,EUR/MWh,BE,BE,imbalance_price,Long,2026-08-03T03:49:42Z
2026-08-03T03:49:03Z,2026-08-03T05:49:03+0200,d815d4ad-795d-45eb-9ad8-9d704f7a3f43,2026-07-04T00:15:00Z,2026-07-04T02:15:00+0200,137.91,EUR/MWh,BE,BE,imbalance_price,Short,2026-08-03T03:49:42Z
2026-08-03T03:49:03Z,2026-08-03T05:49:03+0200,d815d4ad-795d-45eb-9ad8-9d704f7a3f43,2026-07-04T00:30:00Z,2026-07-04T02:30:00+0200,129.15,EUR/MWh,BE,BE,imbalance_price,Long,2026-08-03T03:49:42Z
2026-08-03T03:49:03Z,2026-08-03T05:49:03+0200,d815d4ad-795d-45eb-9ad8-9d704f7a3f43,2026-07-04T00:30:00Z,2026-07-04T02:30:00+0200,129.15,EUR/MWh,BE,BE,imbalance_price,Short,2026-08-03T03:49:42Z
2026-08-03T03:49:03Z,2026-08-03T05:49:03+0200,d815d4ad-795d-45eb-9ad8-9d704f7a3f43,2026-07-04T00:45:00Z,2026-07-04T02:45:00+0200,122.86,EUR/MWh,BE,BE,imbalance_price,Long,2026-08-03T03:49:42Z
2026-08-03T03:49:03Z,2026-08-03T05:49:03+0200,d815d4ad-795d-45eb-9ad8-9d704f7a3f43,2026-07-04T00:45:00Z,2026-07-04T02:45:00+0200,122.86,EUR/MWh,BE,BE,imbalance_price,Short,2026-08-03T03:49:42Z
2026-08-03T03:49:03Z,2026-08-03T05:49:03+0200,d815d4ad-795d-45eb-9ad8-9d704f7a3f43,2026-07-04T01:00:00Z,2026-07-04T03:00:00+0200,115.13,EUR/MWh,BE,BE,imbalance_price,Long,2026-08-03T03:49:42Z
2026-08-03T03:49:03Z,2026-08-03T05:49:03+0200,d815d4ad-795d-45eb-9ad8-9d704f7a3f43,2026-07-04T01:00:00Z,2026-07-04T03:00:00+0200,115.13,EUR/MWh,BE,BE,imbalance_price,Short,2026-08-03T03:49:42Z
2026-08-03T03:49:03Z,2026-08-03T05:49:03+0200,d815d4ad-795d-45eb-9ad8-9d704f7a3f43,2026-07-04T01:15:00Z,2026-07-04T03:15:00+0200,120.23,EUR/MWh,BE,BE,imbalance_price,Long,2026-08-03T03:49:42Z
2026-08-03T03:49:03Z,2026-08-03T05:49:03+0200,d815d4ad-795d-45eb-9ad8-9d704f7a3f43,2026-07-04T01:15:00Z,2026-07-04T03:15:00+0200,120.23,EUR/MWh,BE,BE,imbalance_price,Short,2026-08-03T03:49:42Z
2026-08-03T03:49:03Z,2026-08-03T05:49:03+0200,d815d4ad-795d-45eb-9ad8-9d704f7a3f43,2026-07-04T01:30:00Z,2026-07-04T03:30:00+0200,108.77,EUR/MWh,BE,BE,imbalance_price,Long,2026-08-03T03:49:42Z
2026-08-03T03:49:03Z,2026-08-03T05:49:03+0200,d815d4ad-795d-45eb-9ad8-9d704f7a3f43,2026-07-04T01:30:00Z,2026-07-04T03:30:00+0200,108.77,EUR/MWh,BE,BE,imbalance_price,Short,2026-08-03T03:49:42Z
2026-08-03T03:49:03Z,2026-08-03T05:49:03+0200,d815d4ad-795d-45eb-9ad8-9d704f7a3f43,2026-07-04T01:45:00Z,2026-07-04T03:45:00+0200,107.16,EUR/MWh,BE,BE,imbalance_price,Long,2026-08-03T03:49:42Z
2026-08-03T03:49:03Z,2026-08-03T05:49:03+0200,d815d4ad-795d-45eb-9ad8-9d704f7a3f43,2026-07-04T01:45:00Z,2026-07-04T03:45:00+0200,107.16,EUR/MWh,BE,BE,imbalance_price,Short,2026-08-03T03:49:42Z
2026-08-03T03:49:03Z,2026-08-03T05:49:03+0200,d815d4ad-795d-45eb-9ad8-9d704f7a3f43,2026-07-04T02:00:00Z,2026-07-04T04:00:00+0200,99.74,EUR/MWh,BE,BE,imbalance_price,Long,2026-08-03T03:49:42Z
2026-08-03T03:49:03Z,2026-08-03T05:49:03+0200,d815d4ad-795d-45eb-9ad8-9d704f7a3f43,2026-07-04T02:00:00Z,2026-07-04T04:00:00+0200,99.74,EUR/MWh,BE,BE,imbalance_price,Short,2026-08-03T03:49:42Z
2026-08-03T03:49:03Z,2026-08-03T05:49:03+0200,d815d4ad-795d-45eb-9ad8-9d704f7a3f43,2026-07-04T02:15:00Z,2026-07-04T04:15:00+0200,104.72,EUR/MWh,BE,BE,imbalance_price,Long,2026-08-03T03:49:42Z
2026-08-03T03:49:03Z,2026-08-03T05:49:03+0200,d815d4ad-795d-45eb-9ad8-9d704f7a3f43,2026-07-04T02:15:00Z,2026-07-04T04:15:00+0200,104.72,EUR/MWh,BE,BE,imbalance_price,Short,2026-08-03T03:49:42Z
2026-08-03T03:49:03Z,2026-08-03T05:49:03+0200,d815d4ad-795d-45eb-9ad8-9d704f7a3f43,2026-07-04T02:30:00Z,2026-07-04T04:30:00+0200,106.55,EUR/MWh,BE,BE,imbalance_price,Long,2026-08-03T03:49:42Z
2026-08-03T03:49:03Z,2026-08-03T05:49:03+0200,d815d4ad-795d-45eb-9ad8-9d704f7a3f43,2026-07-04T02:30:00Z,2026-07-04T04:30:00+0200,106.55,EUR/MWh,BE,BE,imbalance_price,Short,2026-08-03T03:49:42Z
2026-08-03T03:49:03Z,2026-08-03T05:49:03+0200,d815d4ad-795d-45eb-9ad8-9d704f7a3f43,2026-07-04T02:45:00Z,2026-07-04T04:45:00+0200,99.13,EUR/MWh,BE,BE,imbalance_price,Long,2026-08-03T03:49:42Z
2026-08-03T03:49:03Z,2026-08-03T05:49:03+0200,d815d4ad-795d-45eb-9ad8-9d704f7a3f43,2026-07-04T02:45:00Z,2026-07-04T04:45:00+0200,99.13,EUR/MWh,BE,BE,imbalance_price,Short,2026-08-03T03:49:42Z
2026-08-03T03:49:03Z,2026-08-03T05:49:03+0200,d815d4ad-795d-45eb-9ad8-9d704f7a3f43,2026-07-04T03:00:00Z,2026-07-04T05:00:00+0200,83.0,EUR/MWh,BE,BE,imbalance_price,Long,2026-08-03T03:49:42Z
2026-08-03T03:49:03Z,2026-08-03T05:49:03+0200,d815d4ad-795d-45eb-9ad8-9d704f7a3f43,2026-07-04T03:00:00Z,2026-07-04T05:00:00+0200,83.0,EUR/MWh,BE,BE,imbalance_price,Short,2026-08-03T03:49:42Z
2026-08-03T03:49:03Z,2026-08-03T05:49:03+0200,d815d4ad-795d-45eb-9ad8-9d704f7a3f43,2026-07-04T03:15:00Z,2026-07-04T05:15:00+0200,100.79,EUR/MWh,BE,BE,imbalance_price,Long,2026-08-03T03:49:42Z
2026-08-03T03:49:03Z,2026-08-03T05:49:03+0200,d815d4ad-795d-45eb-9ad8-9d704f7a3f43,2026-07-04T03:15:00Z,2026-07-04T05:15:00+0200,100.79,EUR/MWh,BE,BE,imbalance_price,Short,2026-08-03T03:49:42Z
2026-08-03T03:49:03Z,2026-08-03T05:49:03+0200,d815d4ad-795d-45eb-9ad8-9d704f7a3f43,2026-07-04T03:30:00Z,2026-07-04T05:30:00+0200,78.0,EUR/MWh,BE,BE,imbalance_price,Long,2026-08-03T03:49:42Z
2026-08-03T03:49:03Z,2026-08-03T05:49:03+0200,d815d4ad-795d-45eb-9ad8-9d704f7a3f43,2026-07-04T03:30:00Z,2026-07-04T05:30:00+0200,78.0,EUR/MWh,BE,BE,imbalance_price,Short,2026-08-03T03:49:42Z
2026-08-03T03:49:03Z,2026-08-03T05:49:03+0200,d815d4ad-795d-45eb-9ad8-9d704f7a3f43,2026-07-04T03:45:00Z,2026-07-04T05:45:00+0200,94.0,EUR/MWh,BE,BE,imbalance_price,Long,2026-08-03T03:49:42Z
2026-08-03T03:49:03Z,2026-08-03T05:49:03+0200,d815d4ad-795d-45eb-9ad8-9d704f7a3f43,2026-07-04T03:45:00Z,2026-07-04T05:45:00+0200,94.0,EUR/MWh,BE,BE,imbalance_price,Short,2026-08-03T03:49:42Z
2026-08-03T03:49:03Z,2026-08-03T05:49:03+0200,d815d4ad-795d-45eb-9ad8-9d704f7a3f43,2026-07-04T04:00:00Z,2026-07-04T06:00:00+0200,78.2,EUR/MWh,BE,BE,imbalance_price,Long,2026-08-03T03:49:42Z
2026-08-03T03:49:03Z,2026-08-03T05:49:03+0200,d815d4ad-795d-45eb-9ad8-9d704f7a3f43,2026-07-04T04:00:00Z,2026-07-04T06:00:00+0200,78.2,EUR/MWh,BE,BE,imbalance_price,Short,2026-08-03T03:49:42Z
2026-08-03T03:49:03Z,2026-08-03T05:49:03+0200,d815d4ad-795d-45eb-9ad8-9d704f7a3f43,2026-07-04T04:15:00Z,2026-07-04T06:15:00+0200,87.65,EUR/MWh,BE,BE,imbalance_price,Long,2026-08-03T03:49:42Z
2026-08-03T03:49:03Z,2026-08-03T05:49:03+0200,d815d4ad-795d-45eb-9ad8-9d704f7a3f43,2026-07-04T04:15:00Z,2026-07-04T06:15:00+0200,87.65,EUR/MWh,BE,BE,imbalance_price,Short,2026-08-03T03:49:42Z
2026-08-03T03:49:03Z,2026-08-03T05:49:03+0200,d815d4ad-795d-45eb-9ad8-9d704f7a3f43,2026-07-04T04:30:00Z,2026-07-04T06:30:00+0200,54.24,EUR/MWh,BE,BE,imbalance_price,Long,2026-08-03T03:49:42Z
2026-08-03T03:49:03Z,2026-08-03T05:49:03+0200,d815d4ad-795d-45eb-9ad8-9d704f7a3f43,2026-07-04T04:30:00Z,2026-07-04T06:30:00+0200,54.24,EUR/MWh,BE,BE,imbalance_price,Short,2026-08-03T03:49:42Z
2026-08-03T03:49:03Z,2026-08-03T05:49:03+0200,d815d4ad-795d-45eb-9ad8-9d704f7a3f43,2026-07-04T04:45:00Z,2026-07-04T06:45:00+0200,25.0,EUR/MWh,BE,BE,imbalance_price,Long,2026-08-03T03:49:42Z
2026-08-03T03:49:03Z,2026-08-03T05:49:03+0200,d815d4ad-795d-45eb-9ad8-9d704f7a3f43,2026-07-04T04:45:00Z,2026-07-04T06:45:00+0200,25.0,EUR/MWh,BE,BE,imbalance_price,Short,2026-08-03T03:49:42Z
2026-08-03T03:49:03Z,2026-08-03T05:49:03+0200,d815d4ad-795d-45eb-9ad8-9d704f7a3f43,2026-07-04T05:00:00Z,2026-07-04T07:00:00+0200,48.04,EUR/MWh,BE,BE,imbalance_price,Long,2026-08-03T03:49:42Z
2026-08-03T03:49:03Z,2026-08-03T05:49:03+0200,d815d4ad-795d-45eb-9ad8-9d704f7a3f43,2026-07-04T05:00:00Z,2026-07-04T07:00:00+0200,48.04,EUR/MWh,BE,BE,imbalance_price,Short,2026-08-03T03:49:42Z
2026-08-03T03:49:03Z,2026-08-03T05:49:03+0200,d815d4ad-795d-45eb-9ad8-9d704f7a3f43,2026-07-04T05:15:00Z,2026-07-04T07:15:00+0200,43.06,EUR/MWh,BE,BE,imbalance_price,Long,2026-08-03T03:49:42Z
2026-08-03T03:49:03Z,2026-08-03T05:49:03+0200,d815d4ad-795d-45eb-9ad8-9d704f7a3f43,2026-07-04T05:15:00Z,2026-07-04T07:15:00+0200,43.06,EUR/MWh,BE,BE,imbalance_price,Short,2026-08-03T03:49:42Z
2026-08-03T03:49:03Z,2026-08-03T05:49:03+0200,d815d4ad-795d-45eb-9ad8-9d704f7a3f43,2026-07-04T05:30:00Z,2026-07-04T07:30:00+0200,-16.51,EUR/MWh,BE,BE,imbalance_price,Long,2026-08-03T03:49:42Z
2026-08-03T03:49:03Z,2026-08-03T05:49:03+0200,d815d4ad-795d-45eb-9ad8-9d704f7a3f43,2026-07-04T05:30:00Z,2026-07-04T07:30:00+0200,-16.51,EUR/MWh,BE,BE,imbalance_price,Short,2026-08-03T03:49:42Z
2026-08-03T03:49:03Z,2026-08-03T05:49:03+0200,d815d4ad-795d-45eb-9ad8-9d704f7a3f43,2026-07-04T05:45:00Z,2026-07-04T07:45:00+0200,-55.88,EUR/MWh,BE,BE,imbalance_price,Long,2026-08-03T03:49:42Z
2026-08-03T03:49:03Z,2026-08-03T05:49:03+0200,d815d4ad-795d-45eb-9ad8-9d704f7a3f43,2026-07-04T05:45:00Z,2026-07-04T07:45:00+0200,-55.88,EUR/MWh,BE,BE,imbalance_price,Short,2026-08-03T03:49:42Z
2026-08-03T03:49:03Z,2026-08-03T05:49:03+0200,d815d4ad-795d-45eb-9ad8-9d704f7a3f43,2026-07-04T06:00:00Z,2026-07-04T08:00:00+0200,-73.32,EUR/MWh,BE,BE,imbalance_price,Long,2026-08-03T03:49:42Z
2026-08-03T03:49:03Z,2026-08-03T05:49:03+0200,d815d4ad-795d-45eb-9ad8-9d704f7a3f43,2026-07-04T06:00:00Z,2026-07-04T08:00:00+0200,-73.32,EUR/MWh,BE,BE,imbalance_price,Short,2026-08-03T03:49:42Z
2026-08-03T03:49:03Z,2026-08-03T05:49:03+0200,d815d4ad-795d-45eb-9ad8-9d704f7a3f43,2026-07-04T06:15:00Z,2026-07-04T08:15:00+0200,-15.61,EUR/MWh,BE,BE,imbalance_price,Long,2026-08-03T03:49:42Z
2026-08-03T03:49:03Z,2026-08-03T05:49:03+0200,d815d4ad-795d-45eb-9ad8-9d704f7a3f43,2026-07-04T06:15:00Z,2026-07-04T08:15:00+0200,-15.61,EUR/MWh,BE,BE,imbalance_price,Short,2026-08-03T03:49:42Z
2026-08-03T03:49:03Z,2026-08-03T05:49:03+0200,d815d4ad-795d-45eb-9ad8-9d704f7a3f43,2026-07-04T06:30:00Z,2026-07-04T08:30:00+0200,-34.89,EUR/MWh,BE,BE,imbalance_price,Long,2026-08-03T03:49:42Z
2026-08-03T03:49:03Z,2026-08-03T05:49:03+0200,d815d4ad-795d-45eb-9ad8-9d704f7a3f43,2026-07-04T06:30:00Z,2026-07-04T08:30:00+0200,-34.89,EUR/MWh,BE,BE,imbalance_price,Short,2026-08-03T03:49:42Z
2026-08-03T03:49:03Z,2026-08-03T05:49:03+0200,d815d4ad-795d-45eb-9ad8-9d704f7a3f43,2026-07-04T06:45:00Z,2026-07-04T08:45:00+0200,-15.17,EUR/MWh,BE,BE,imbalance_price,Long,2026-08-03T03:49:42Z
2026-08-03T03:49:03Z,2026-08-03T05:49:03+0200,d815d4ad-795d-45eb-9ad8-9d704f7a3f43,2026-07-04T06:45:00Z,2026-07-04T08:45:00+0200,-15.17,EUR/MWh,BE,BE,imbalance_price,Short,2026-08-03T03:49:42Z
2026-08-03T03:49:03Z,2026-08-03T05:49:03+0200,d815d4ad-795d-45eb-9ad8-9d704f7a3f43,2026-07-04T07:00:00Z,2026-07-04T09:00:00+0200,-15.11,EUR/MWh,BE,BE,imbalance_price,Long,2026-08-03T03:49:42Z
2026-08-03T03:49:03Z,2026-08-03T05:49:03+0200,d815d4ad-795d-45eb-9ad8-9d704f7a3f43,2026-07-04T07:00:00Z,2026-07-04T09:00:00+0200,-15.11,EUR/MWh,BE,BE,imbalance_price,Short,2026-08-03T03:49:42Z
2026-08-03T03:49:03Z,2026-08-03T05:49:03+0200,d815d4ad-795d-45eb-9ad8-9d704f7a3f43,2026-07-04T07:15:00Z,2026-07-04T09:15:00+0200,-3.18,EUR/MWh,BE,BE,imbalance_price,Long,2026-08-03T03:49:42Z
2026-08-03T03:49:03Z,2026-08-03T05:49:03+0200,d815d4ad-795d-45eb-9ad8-9d704f7a3f43,2026-07-04T07:15:00Z,2026-07-04T09:15:00+0200,-3.18,EUR/MWh,BE,BE,imbalance_price,Short,2026-08-03T03:49:42Z
2026-08-03T03:49:03Z,2026-08-03T05:49:03+0200,d815d4ad-795d-45eb-9ad8-9d704f7a3f43,2026-07-04T07:30:00Z,2026-07-04T09:30:00+0200,-8.98,EUR/MWh,BE,BE,imbalance_price,Long,2026-08-03T03:49:42Z
2026-08-03T03:49:03Z,2026-08-03T05:49:03+0200,d815d4ad-795d-45eb-9ad8-9d704f7a3f43,2026-07-04T07:30:00Z,2026-07-04T09:30:00+0200,-8.98,EUR/MWh,BE,BE,imbalance_price,Short,2026-08-03T03:49:42Z
2026-08-03T03:49:03Z,2026-08-03T05:49:03+0200,d815d4ad-795d-45eb-9ad8-9d704f7a3f43,2026-07-04T07:45:00Z,2026-07-04T09:45:00+0200,-14.87,EUR/MWh,BE,BE,imbalance_price,Long,2026-08-03T03:49:42Z
2026-08-03T03:49:03Z,2026-08-03T05:49:03+0200,d815d4ad-795d-45eb-9ad8-9d704f7a3f43,2026-07-04T07:45:00Z,2026-07-04T09:45:00+0200,-14.87,EUR/MWh,BE,BE,imbalance_price,Short,2026-08-03T03:49:42Z
2026-08-03T03:49:03Z,2026-08-03T05:49:03+0200,d815d4ad-795d-45eb-9ad8-9d704f7a3f43,2026-07-04T08:00:00Z,2026-07-04T10:00:00+0200,-14.16,EUR/MWh,BE,BE,imbalance_price,Long,2026-08-03T03:49:42Z
2026-08-03T03:49:03Z,2026-08-03T05:49:03+0200,d815d4ad-795d-45eb-9ad8-9d704f7a3f43,2026-07-04T08:00:00Z,2026-07-04T10:00:00+0200,-14.16,EUR/MWh,BE,BE,imbalance_price,Short,2026-08-03T03:49:42Z
2026-08-03T03:49:03Z,2026-08-03T05:49:03+0200,d815d4ad-795d-45eb-9ad8-9d704f7a3f43,2026-07-04T08:15:00Z,2026-07-04T10:15:00+0200,-31.29,EUR/MWh,BE,BE,imbalance_price,Long,2026-08-03T03:49:42Z
2026-08-03T03:49:03Z,2026-08-03T05:49:03+0200,d815d4ad-795d-45eb-9ad8-9d704f7a3f43,2026-07-04T08:15:00Z,2026-07-04T10:15:00+0200,-31.29,EUR/MWh,BE,BE,imbalance_price,Short,2026-08-03T03:49:42Z
2026-08-03T03:49:03Z,2026-08-03T05:49:03+0200,d815d4ad-795d-45eb-9ad8-9d704f7a3f43,2026-07-04T08:30:00Z,2026-07-04T10:30:00+0200,-26.24,EUR/MWh,BE,BE,imbalance_price,Long,2026-08-03T03:49:42Z
2026-08-03T03:49:03Z,2026-08-03T05:49:03+0200,d815d4ad-795d-45eb-9ad8-9d704f7a3f43,2026-07-04T08:30:00Z,2026-07-04T10:30:00+0200,-26.24,EUR/MWh,BE,BE,imbalance_price,Short,2026-08-03T03:49:42Z
2026-08-03T03:49:03Z,2026-08-03T05:49:03+0200,d815d4ad-795d-45eb-9ad8-9d704f7a3f43,2026-07-04T08:45:00Z,2026-07-04T10:45:00+0200,-16.48,EUR/MWh,BE,BE,imbalance_price,Long,2026-08-03T03:49:42Z
2026-08-03T03:49:03Z,2026-08-03T05:49:03+0200,d815d4ad-795d-45eb-9ad8-9d704f7a3f43,2026-07-04T08:45:00Z,2026-07-04T10:45:00+0200,-16.48,EUR/MWh,BE,BE,imbalance_price,Short,2026-08-03T03:49:42Z
2026-08-03T03:49:03Z,2026-08-03T05:49:03+0200,d815d4ad-795d-45eb-9ad8-9d704f7a3f43,2026-07-04T09:00:00Z,2026-07-04T11:00:00+0200,-4.14,EUR/MWh,BE,BE,imbalance_price,Long,2026-08-03T03:49:42Z
2026-08-03T03:49:03Z,2026-08-03T05:49:03+0200,d815d4ad-795d-45eb-9ad8-9d704f7a3f43,2026-07-04T09:00:00Z,2026-07-04T11:00:00+0200,-4.14,EUR/MWh,BE,BE,imbalance_price,Short,2026-08-03T03:49:42Z
2026-08-03T03:49:03Z,2026-08-03T05:49:03+0200,d815d4ad-795d-45eb-9ad8-9d704f7a3f43,2026-07-04T09:15:00Z,2026-07-04T11:15:00+0200,-14.07,EUR/MWh,BE,BE,imbalance_price,Long,2026-08-03T03:49:42Z
2026-08-03T03:49:03Z,2026-08-03T05:49:03+0200,d815d4ad-795d-45eb-9ad8-9d704f7a3f43,2026-07-04T09:15:00Z,2026-07-04T11:15:00+0200,-14.07,EUR/MWh,BE,BE,imbalance_price,Short,2026-08-03T03:49:42Z
2026-08-03T03:49:03Z,2026-08-03T05:49:03+0200,d815d4ad-795d-45eb-9ad8-9d704f7a3f43,2026-07-04T09:30:00Z,2026-07-04T11:30:00+0200,-11.89,EUR/MWh,BE,BE,imbalance_price,Long,2026-08-03T03:49:42Z
2026-08-03T03:49:03Z,2026-08-03T05:49:03+0200,d815d4ad-795d-45eb-9ad8-9d704f7a3f43,2026-07-04T09:30:00Z,2026-07-04T11:30:00+0200,-11.89,EUR/MWh,BE,BE,imbalance_price,Short,2026-08-03T03:49:42Z
2026-08-03T03:49:03Z,2026-08-03T05:49:03+0200,d815d4ad-795d-45eb-9ad8-9d704f7a3f43,2026-07-04T09:45:00Z,2026-07-04T11:45:00+0200,-19.6,EUR/MWh,BE,BE,imbalance_price,Long,2026-08-03T03:49:42Z
2026-08-03T03:49:03Z,2026-08-03T05:49:03+0200,d815d4ad-795d-45eb-9ad8-9d704f7a3f43,2026-07-04T09:45:00Z,2026-07-04T11:45:00+0200,-19.6,EUR/MWh,BE,BE,imbalance_price,Short,2026-08-03T03:49:42Z
2026-08-03T03:49:03Z,2026-08-03T05:49:03+0200,d815d4ad-795d-45eb-9ad8-9d704f7a3f43,2026-07-04T10:00:00Z,2026-07-04T12:00:00+0200,-31.17,EUR/MWh,BE,BE,imbalance_price,Long,2026-08-03T03:49:42Z
2026-08-03T03:49:03Z,2026-08-03T05:49:03+0200,d815d4ad-795d-45eb-9ad8-9d704f7a3f43,2026-07-04T10:00:00Z,2026-07-04T12:00:00+0200,-31.17,EUR/MWh,BE,BE,imbalance_price,Short,2026-08-03T03:49:42Z
2026-08-03T03:49:03Z,2026-08-03T05:49:03+0200,d815d4ad-795d-45eb-9ad8-9d704f7a3f43,2026-07-04T10:15:00Z,2026-07-04T12:15:00+0200,-50.1,EUR/MWh,BE,BE,imbalance_price,Long,2026-08-03T03:49:42Z
2026-08-03T03:49:03Z,2026-08-03T05:49:03+0200,d815d4ad-795d-45eb-9ad8-9d704f7a3f43,2026-07-04T10:15:00Z,2026-07-04T12:15:00+0200,-50.1,EUR/MWh,BE,BE,imbalance_price,Short,2026-08-03T03:49:42Z
2026-08-03T03:49:03Z,2026-08-03T05:49:03+0200,d815d4ad-795d-45eb-9ad8-9d704f7a3f43,2026-07-04T10:30:00Z,2026-07-04T12:30:00+0200,-35.13,EUR/MWh,BE,BE,imbalance_price,Long,2026-08-03T03:49:42Z
2026-08-03T03:49:03Z,2026-08-03T05:49:03+0200,d815d4ad-795d-45eb-9ad8-9d704f7a3f43,2026-07-04T10:30:00Z,2026-07-04T12:30:00+0200,-35.13,EUR/MWh,BE,BE,imbalance_price,Short,2026-08-03T03:49:42Z
2026-08-03T03:49:03Z,2026-08-03T05:49:03+0200,d815d4ad-795d-45eb-9ad8-9d704f7a3f43,2026-07-04T10:45:00Z,2026-07-04T12:45:00+0200,-70.66,EUR/MWh,BE,BE,imbalance_price,Long,2026-08-03T03:49:42Z
2026-08-03T03:49:03Z,2026-08-03T05:49:03+0200,d815d4ad-795d-45eb-9ad8-9d704f7a3f43,2026-07-04T10:45:00Z,2026-07-04T12:45:00+0200,-70.66,EUR/MWh,BE,BE,imbalance_price,Short,2026-08-03T03:49:42Z
2026-08-03T03:49:03Z,2026-08-03T05:49:03+0200,d815d4ad-795d-45eb-9ad8-9d704f7a3f43,2026-07-04T11:00:00Z,2026-07-04T13:00:00+0200,-55.59,EUR/MWh,BE,BE,imbalance_price,Long,2026-08-03T03:49:42Z
2026-08-03T03:49:03Z,2026-08-03T05:49:03+0200,d815d4ad-795d-45eb-9ad8-9d704f7a3f43,2026-07-04T11:00:00Z,2026-07-04T13:00:00+0200,-55.59,EUR/MWh,BE,BE,imbalance_price,Short,2026-08-03T03:49:42Z
2026-08-03T03:49:03Z,2026-08-03T05:49:03+0200,d815d4ad-795d-45eb-9ad8-9d704f7a3f43,2026-07-04T11:15:00Z,2026-07-04T13:15:00+0200,-40.1,EUR/MWh,BE,BE,imbalance_price,Long,2026-08-03T03:49:42Z
2026-08-03T03:49:03Z,2026-08-03T05:49:03+0200,d815d4ad-795d-45eb-9ad8-9d704f7a3f43,2026-07-04T11:15:00Z,2026-07-04T13:15:00+0200,-40.1,EUR/MWh,BE,BE,imbalance_price,Short,2026-08-03T03:49:42Z
2026-08-03T03:49:03Z,2026-08-03T05:49:03+0200,d815d4ad-795d-45eb-9ad8-9d704f7a3f43,2026-07-04T11:30:00Z,2026-07-04T13:30:00+0200,-31.49,EUR/MWh,BE,BE,imbalance_price,Long,2026-08-03T03:49:42Z
2026-08-03T03:49:03Z,2026-08-03T05:49:03+0200,d815d4ad-795d-45eb-9ad8-9d704f7a3f43,2026-07-04T11:30:00Z,2026-07-04T13:30:00+0200,-31.49,EUR/MWh,BE,BE,imbalance_price,Short,2026-08-03T03:49:42Z
2026-08-03T03:49:03Z,2026-08-03T05:49:03+0200,d815d4ad-795d-45eb-9ad8-9d704f7a3f43,2026-07-04T11:45:00Z,2026-07-04T13:45:00+0200,-3.71,EUR/MWh,BE,BE,imbalance_price,Long,2026-08-03T03:49:42Z
2026-08-03T03:49:03Z,2026-08-03T05:49:03+0200,d815d4ad-795d-45eb-9ad8-9d704f7a3f43,2026-07-04T11:45:00Z,2026-07-04T13:45:00+0200,-3.71,EUR/MWh,BE,BE,imbalance_price,Short,2026-08-03T03:49:42Z
2026-08-03T03:49:03Z,2026-08-03T05:49:03+0200,d815d4ad-795d-45eb-9ad8-9d704f7a3f43,2026-07-04T12:00:00Z,2026-07-04T14:00:00+0200,0.0,EUR/MWh,BE,BE,imbalance_price,Long,2026-08-03T03:49:42Z
2026-08-03T03:49:03Z,2026-08-03T05:49:03+0200,d815d4ad-795d-45eb-9ad8-9d704f7a3f43,2026-07-04T12:00:00Z,2026-07-04T14:00:00+0200,0.0,EUR/MWh,BE,BE,imbalance_price,Short,2026-08-03T03:49:42Z
2026-08-03T03:49:03Z,2026-08-03T05:49:03+0200,d815d4ad-795d-45eb-9ad8-9d704f7a3f43,2026-07-04T12:15:00Z,2026-07-04T14:15:00+0200,14.78,EUR/MWh,BE,BE,imbalance_price,Long,2026-08-03T03:49:42Z
2026-08-03T03:49:03Z,2026-08-03T05:49:03+0200,d815d4ad-795d-45eb-9ad8-9d704f7a3f43,2026-07-04T12:15:00Z,2026-07-04T14:15:00+0200,14.78,EUR/MWh,BE,BE,imbalance_price,Short,2026-08-03T03:49:42Z
2026-08-03T03:49:03Z,2026-08-03T05:49:03+0200,d815d4ad-795d-45eb-9ad8-9d704f7a3f43,2026-07-04T12:30:00Z,2026-07-04T14:30:00+0200,11.2,EUR/MWh,BE,BE,imbalance_price,Long,2026-08-03T03:49:42Z
2026-08-03T03:49:03Z,2026-08-03T05:49:03+0200,d815d4ad-795d-45eb-9ad8-9d704f7a3f43,2026-07-04T12:30:00Z,2026-07-04T14:30:00+0200,11.2,EUR/MWh,BE,BE,imbalance_price,Short,2026-08-03T03:49:42Z
2026-08-03T03:49:03Z,2026-08-03T05:49:03+0200,d815d4ad-795d-45eb-9ad8-9d704f7a3f43,2026-07-04T12:45:00Z,2026-07-04T14:45:00+0200,30.88,EUR/MWh,BE,BE,imbalance_price,Long,2026-08-03T03:49:42Z
2026-08-03T03:49:03Z,2026-08-03T05:49:03+0200,d815d4ad-795d-45eb-9ad8-9d704f7a3f43,2026-07-04T12:45:00Z,2026-07-04T14:45:00+0200,30.88,EUR/MWh,BE,BE,imbalance_price,Short,2026-08-03T03:49:42Z
2026-08-03T03:49:03Z,2026-08-03T05:49:03+0200,d815d4ad-795d-45eb-9ad8-9d704f7a3f43,2026-07-04T13:00:00Z,2026-07-04T15:00:00+0200,-0.36,EUR/MWh,BE,BE,imbalance_price,Long,2026-08-03T03:49:42Z
2026-08-03T03:49:03Z,2026-08-03T05:49:03+0200,d815d4ad-795d-45eb-9ad8-9d704f7a3f43,2026-07-04T13:00:00Z,2026-07-04T15:00:00+0200,-0.36,EUR/MWh,BE,BE,imbalance_price,Short,2026-08-03T03:49:42Z
2026-08-03T03:49:03Z,2026-08-03T05:49:03+0200,d815d4ad-795d-45eb-9ad8-9d704f7a3f43,2026-07-04T13:15:00Z,2026-07-04T15:15:00+0200,6.59,EUR/MWh,BE,BE,imbalance_price,Long,2026-08-03T03:49:42Z
2026-08-03T03:49:03Z,2026-08-03T05:49:03+0200,d815d4ad-795d-45eb-9ad8-9d704f7a3f43,2026-07-04T13:15:00Z,2026-07-04T15:15:00+0200,6.59,EUR/MWh,BE,BE,imbalance_price,Short,2026-08-03T03:49:42Z
2026-08-03T03:49:03Z,2026-08-03T05:49:03+0200,d815d4ad-795d-45eb-9ad8-9d704f7a3f43,2026-07-04T13:30:00Z,2026-07-04T15:30:00+0200,1.32,EUR/MWh,BE,BE,imbalance_price,Long,2026-08-03T03:49:42Z
2026-08-03T03:49:03Z,2026-08-03T05:49:03+0200,d815d4ad-795d-45eb-9ad8-9d704f7a3f43,2026-07-04T13:30:00Z,2026-07-04T15:30:00+0200,1.32,EUR/MWh,BE,BE,imbalance_price,Short,2026-08-03T03:49:42Z
2026-08-03T03:49:03Z,2026-08-03T05:49:03+0200,d815d4ad-795d-45eb-9ad8-9d704f7a3f43,2026-07-04T13:45:00Z,2026-07-04T15:45:00+0200,0.0,EUR/MWh,BE,BE,imbalance_price,Long,2026-08-03T03:49:42Z
2026-08-03T03:49:03Z,2026-08-03T05:49:03+0200,d815d4ad-795d-45eb-9ad8-9d704f7a3f43,2026-07-04T13:45:00Z,2026-07-04T15:45:00+0200,0.0,EUR/MWh,BE,BE,imbalance_price,Short,2026-08-03T03:49:42Z
2026-08-03T03:49:03Z,2026-08-03T05:49:03+0200,d815d4ad-795d-45eb-9ad8-9d704f7a3f43,2026-07-04T14:00:00Z,2026-07-04T16:00:00+0200,9.0,EUR/MWh,BE,BE,imbalance_price,Long,2026-08-03T03:49:42Z
2026-08-03T03:49:03Z,2026-08-03T05:49:03+0200,d815d4ad-795d-45eb-9ad8-9d704f7a3f43,2026-07-04T14:00:00Z,2026-07-04T16:00:00+0200,9.0,EUR/MWh,BE,BE,imbalance_price,Short,2026-08-03T03:49:42Z
2026-08-03T03:49:03Z,2026-08-03T05:49:03+0200,d815d4ad-795d-45eb-9ad8-9d704f7a3f43,2026-07-04T14:15:00Z,2026-07-04T16:15:00+0200,0.0,EUR/MWh,BE,BE,imbalance_price,Long,2026-08-03T03:49:42Z
2026-08-03T03:49:03Z,2026-08-03T05:49:03+0200,d815d4ad-795d-45eb-9ad8-9d704f7a3f43,2026-07-04T14:15:00Z,2026-07-04T16:15:00+0200,0.0,EUR/MWh,BE,BE,imbalance_price,Short,2026-08-03T03:49:42Z
2026-08-03T03:49:03Z,2026-08-03T05:49:03+0200,d815d4ad-795d-45eb-9ad8-9d704f7a3f43,2026-07-04T14:30:00Z,2026-07-04T16:30:00+0200,0.0,EUR/MWh,BE,BE,imbalance_price,Long,2026-08-03T03:49:42Z
2026-08-03T03:49:03Z,2026-08-03T05:49:03+0200,d815d4ad-795d-45eb-9ad8-9d704f7a3f43,2026-07-04T14:30:00Z,2026-07-04T16:30:00+0200,0.0,EUR/MWh,BE,BE,imbalance_price,Short,2026-08-03T03:49:42Z
2026-08-03T03:49:03Z,2026-08-03T05:49:03+0200,d815d4ad-795d-45eb-9ad8-9d704f7a3f43,2026-07-04T14:45:00Z,2026-07-04T16:45:00+0200,0.0,EUR/MWh,BE,BE,imbalance_price,Long,2026-08-03T03:49:42Z
2026-08-03T03:49:03Z,2026-08-03T05:49:03+0200,d815d4ad-795d-45eb-9ad8-9d704f7a3f43,2026-07-04T14:45:00Z,2026-07-04T16:45:00+0200,0.0,EUR/MWh,BE,BE,imbalance_price,Short,2026-08-03T03:49:42Z
2026-08-03T03:49:03Z,2026-08-03T05:49:03+0200,d815d4ad-795d-45eb-9ad8-9d704f7a3f43,2026-07-04T15:00:00Z,2026-07-04T17:00:00+0200,28.36,EUR/MWh,BE,BE,imbalance_price,Long,2026-08-03T03:49:42Z
2026-08-03T03:49:03Z,2026-08-03T05:49:03+0200,d815d4ad-795d-45eb-9ad8-9d704f7a3f43,2026-07-04T15:00:00Z,2026-07-04T17:00:00+0200,28.36,EUR/MWh,BE,BE,imbalance_price,Short,2026-08-03T03:49:42Z
2026-08-03T03:49:03Z,2026-08-03T05:49:03+0200,d815d4ad-795d-45eb-9ad8-9d704f7a3f43,2026-07-04T15:15:00Z,2026-07-04T17:15:00+0200,12.14,EUR/MWh,BE,BE,imbalance_price,Long,2026-08-03T03:49:42Z
2026-08-03T03:49:03Z,2026-08-03T05:49:03+0200,d815d4ad-795d-45eb-9ad8-9d704f7a3f43,2026-07-04T15:15:00Z,2026-07-04T17:15:00+0200,12.14,EUR/MWh,BE,BE,imbalance_price,Short,2026-08-03T03:49:42Z
2026-08-03T03:49:03Z,2026-08-03T05:49:03+0200,d815d4ad-795d-45eb-9ad8-9d704f7a3f43,2026-07-04T15:30:00Z,2026-07-04T17:30:00+0200,24.03,EUR/MWh,BE,BE,imbalance_price,Long,2026-08-03T03:49:42Z
2026-08-03T03:49:03Z,2026-08-03T05:49:03+0200,d815d4ad-795d-45eb-9ad8-9d704f7a3f43,2026-07-04T15:30:00Z,2026-07-04T17:30:00+0200,24.03,EUR/MWh,BE,BE,imbalance_price,Short,2026-08-03T03:49:42Z
2026-08-03T03:49:03Z,2026-08-03T05:49:03+0200,d815d4ad-795d-45eb-9ad8-9d704f7a3f43,2026-07-04T15:45:00Z,2026-07-04T17:45:00+0200,90.54,EUR/MWh,BE,BE,imbalance_price,Long,2026-08-03T03:49:42Z
2026-08-03T03:49:03Z,2026-08-03T05:49:03+0200,d815d4ad-795d-45eb-9ad8-9d704f7a3f43,2026-07-04T15:45:00Z,2026-07-04T17:45:00+0200,90.54,EUR/MWh,BE,BE,imbalance_price,Short,2026-08-03T03:49:42Z
2026-08-03T03:49:03Z,2026-08-03T05:49:03+0200,d815d4ad-795d-45eb-9ad8-9d704f7a3f43,2026-07-04T16:00:00Z,2026-07-04T18:00:00+0200,141.79,EUR/MWh,BE,BE,imbalance_price,Long,2026-08-03T03:49:42Z
2026-08-03T03:49:03Z,2026-08-03T05:49:03+0200,d815d4ad-795d-45eb-9ad8-9d704f7a3f43,2026-07-04T16:00:00Z,2026-07-04T18:00:00+0200,141.79,EUR/MWh,BE,BE,imbalance_price,Short,2026-08-03T03:49:42Z
2026-08-03T03:49:03Z,2026-08-03T05:49:03+0200,d815d4ad-795d-45eb-9ad8-9d704f7a3f43,2026-07-04T16:15:00Z,2026-07-04T18:15:00+0200,154.32,EUR/MWh,BE,BE,imbalance_price,Long,2026-08-03T03:49:42Z
2026-08-03T03:49:03Z,2026-08-03T05:49:03+0200,d815d4ad-795d-45eb-9ad8-9d704f7a3f43,2026-07-04T16:15:00Z,2026-07-04T18:15:00+0200,154.32,EUR/MWh,BE,BE,imbalance_price,Short,2026-08-03T03:49:42Z
2026-08-03T03:49:03Z,2026-08-03T05:49:03+0200,d815d4ad-795d-45eb-9ad8-9d704f7a3f43,2026-07-04T16:30:00Z,2026-07-04T18:30:00+0200,146.79,EUR/MWh,BE,BE,imbalance_price,Long,2026-08-03T03:49:42Z
2026-08-03T03:49:03Z,2026-08-03T05:49:03+0200,d815d4ad-795d-45eb-9ad8-9d704f7a3f43,2026-07-04T16:30:00Z,2026-07-04T18:30:00+0200,146.79,EUR/MWh,BE,BE,imbalance_price,Short,2026-08-03T03:49:42Z
2026-08-03T03:49:03Z,2026-08-03T05:49:03+0200,d815d4ad-795d-45eb-9ad8-9d704f7a3f43,2026-07-04T16:45:00Z,2026-07-04T18:45:00+0200,168.03,EUR/MWh,BE,BE,imbalance_price,Long,2026-08-03T03:49:42Z
2026-08-03T03:49:03Z,2026-08-03T05:49:03+0200,d815d4ad-795d-45eb-9ad8-9d704f7a3f43,2026-07-04T16:45:00Z,2026-07-04T18:45:00+0200,168.03,EUR/MWh,BE,BE,imbalance_price,Short,2026-08-03T03:49:42Z
2026-08-03T03:49:03Z,2026-08-03T05:49:03+0200,d815d4ad-795d-45eb-9ad8-9d704f7a3f43,2026-07-04T17:00:00Z,2026-07-04T19:00:00+0200,125.89,EUR/MWh,BE,BE,imbalance_price,Long,2026-08-03T03:49:42Z
2026-08-03T03:49:03Z,2026-08-03T05:49:03+0200,d815d4ad-795d-45eb-9ad8-9d704f7a3f43,2026-07-04T17:00:00Z,2026-07-04T19:00:00+0200,125.89,EUR/MWh,BE,BE,imbalance_price,Short,2026-08-03T03:49:42Z
2026-08-03T03:49:03Z,2026-08-03T05:49:03+0200,d815d4ad-795d-45eb-9ad8-9d704f7a3f43,2026-07-04T17:15:00Z,2026-07-04T19:15:00+0200,139.91,EUR/MWh,BE,BE,imbalance_price,Long,2026-08-03T03:49:42Z
2026-08-03T03:49:03Z,2026-08-03T05:49:03+0200,d815d4ad-795d-45eb-9ad8-9d704f7a3f43,2026-07-04T17:15:00Z,2026-07-04T19:15:00+0200,139.91,EUR/MWh,BE,BE,imbalance_price,Short,2026-08-03T03:49:42Z
2026-08-03T03:49:03Z,2026-08-03T05:49:03+0200,d815d4ad-795d-45eb-9ad8-9d704f7a3f43,2026-07-04T17:30:00Z,2026-07-04T19:30:00+0200,117.48,EUR/MWh,BE,BE,imbalance_price,Long,2026-08-03T03:49:42Z
2026-08-03T03:49:03Z,2026-08-03T05:49:03+0200,d815d4ad-795d-45eb-9ad8-9d704f7a3f43,2026-07-04T17:30:00Z,2026-07-04T19:30:00+0200,117.48,EUR/MWh,BE,BE,imbalance_price,Short,2026-08-03T03:49:42Z
2026-08-03T03:49:03Z,2026-08-03T05:49:03+0200,d815d4ad-795d-45eb-9ad8-9d704f7a3f43,2026-07-04T17:45:00Z,2026-07-04T19:45:00+0200,129.4,EUR/MWh,BE,BE,imbalance_price,Long,2026-08-03T03:49:42Z
2026-08-03T03:49:03Z,2026-08-03T05:49:03+0200,d815d4ad-795d-45eb-9ad8-9d704f7a3f43,2026-07-04T17:45:00Z,2026-07-04T19:45:00+0200,129.4,EUR/MWh,BE,BE,imbalance_price,Short,2026-08-03T03:49:42Z
2026-08-03T03:49:03Z,2026-08-03T05:49:03+0200,d815d4ad-795d-45eb-9ad8-9d704f7a3f43,2026-07-04T18:00:00Z,2026-07-04T20:00:00+0200,126.63,EUR/MWh,BE,BE,imbalance_price,Long,2026-08-03T03:49:42Z
2026-08-03T03:49:03Z,2026-08-03T05:49:03+0200,d815d4ad-795d-45eb-9ad8-9d704f7a3f43,2026-07-04T18:00:00Z,2026-07-04T20:00:00+0200,126.63,EUR/MWh,BE,BE,imbalance_price,Short,2026-08-03T03:49:42Z
2026-08-03T03:49:03Z,2026-08-03T05:49:03+0200,d815d4ad-795d-45eb-9ad8-9d704f7a3f43,2026-07-04T18:15:00Z,2026-07-04T20:15:00+0200,131.38,EUR/MWh,BE,BE,imbalance_price,Long,2026-08-03T03:49:42Z
2026-08-03T03:49:03Z,2026-08-03T05:49:03+0200,d815d4ad-795d-45eb-9ad8-9d704f7a3f43,2026-07-04T18:15:00Z,2026-07-04T20:15:00+0200,131.38,EUR/MWh,BE,BE,imbalance_price,Short,2026-08-03T03:49:42Z
2026-08-03T03:49:03Z,2026-08-03T05:49:03+0200,d815d4ad-795d-45eb-9ad8-9d704f7a3f43,2026-07-04T18:30:00Z,2026-07-04T20:30:00+0200,94.27,EUR/MWh,BE,BE,imbalance_price,Long,2026-08-03T03:49:42Z
2026-08-03T03:49:03Z,2026-08-03T05:49:03+0200,d815d4ad-795d-45eb-9ad8-9d704f7a3f43,2026-07-04T18:30:00Z,2026-07-04T20:30:00+0200,94.27,EUR/MWh,BE,BE,imbalance_price,Short,2026-08-03T03:49:42Z
2026-08-03T03:49:03Z,2026-08-03T05:49:03+0200,d815d4ad-795d-45eb-9ad8-9d704f7a3f43,2026-07-04T18:45:00Z,2026-07-04T20:45:00+0200,134.96,EUR/MWh,BE,BE,imbalance_price,Long,2026-08-03T03:49:42Z
2026-08-03T03:49:03Z,2026-08-03T05:49:03+0200,d815d4ad-795d-45eb-9ad8-9d704f7a3f43,2026-07-04T18:45:00Z,2026-07-04T20:45:00+0200,134.96,EUR/MWh,BE,BE,imbalance_price,Short,2026-08-03T03:49:42Z
2026-08-03T03:49:03Z,2026-08-03T05:49:03+0200,d815d4ad-795d-45eb-9ad8-9d704f7a3f43,2026-07-04T19:00:00Z,2026-07-04T21:00:00+0200,144.36,EUR/MWh,BE,BE,imbalance_price,Long,2026-08-03T03:49:42Z
2026-08-03T03:49:03Z,2026-08-03T05:49:03+0200,d815d4ad-795d-45eb-9ad8-9d704f7a3f43,2026-07-04T19:00:00Z,2026-07-04T21:00:00+0200,144.36,EUR/MWh,BE,BE,imbalance_price,Short,2026-08-03T03:49:42Z
2026-08-03T03:49:03Z,2026-08-03T05:49:03+0200,d815d4ad-795d-45eb-9ad8-9d704f7a3f43,2026-07-04T19:15:00Z,2026-07-04T21:15:00+0200,135.9,EUR/MWh,BE,BE,imbalance_price,Long,2026-08-03T03:49:42Z
2026-08-03T03:49:03Z,2026-08-03T05:49:03+0200,d815d4ad-795d-45eb-9ad8-9d704f7a3f43,2026-07-04T19:15:00Z,2026-07-04T21:15:00+0200,135.9,EUR/MWh,BE,BE,imbalance_price,Short,2026-08-03T03:49:42Z
2026-08-03T03:49:03Z,2026-08-03T05:49:03+0200,d815d4ad-795d-45eb-9ad8-9d704f7a3f43,2026-07-04T19:30:00Z,2026-07-04T21:30:00+0200,130.68,EUR/MWh,BE,BE,imbalance_price,Long,2026-08-03T03:49:42Z
2026-08-03T03:49:03Z,2026-08-03T05:49:03+0200,d815d4ad-795d-45eb-9ad8-9d704f7a3f43,2026-07-04T19:30:00Z,2026-07-04T21:30:00+0200,130.68,EUR/MWh,BE,BE,imbalance_price,Short,2026-08-03T03:49:42Z
2026-08-03T03:49:03Z,2026-08-03T05:49:03+0200,d815d4ad-795d-45eb-9ad8-9d704f7a3f43,2026-07-04T19:45:00Z,2026-07-04T21:45:00+0200,111.42,EUR/MWh,BE,BE,imbalance_price,Long,2026-08-03T03:49:42Z
2026-08-03T03:49:03Z,2026-08-03T05:49:03+0200,d815d4ad-795d-45eb-9ad8-9d704f7a3f43,2026-07-04T19:45:00Z,2026-07-04T21:45:00+0200,111.42,EUR/MWh,BE,BE,imbalance_price,Short,2026-08-03T03:49:42Z
2026-08-03T03:49:03Z,2026-08-03T05:49:03+0200,d815d4ad-795d-45eb-9ad8-9d704f7a3f43,2026-07-04T20:00:00Z,2026-07-04T22:00:00+0200,113.24,EUR/MWh,BE,BE,imbalance_price,Long,2026-08-03T03:49:42Z
2026-08-03T03:49:03Z,2026-08-03T05:49:03+0200,d815d4ad-795d-45eb-9ad8-9d704f7a3f43,2026-07-04T20:00:00Z,2026-07-04T22:00:00+0200,113.24,EUR/MWh,BE,BE,imbalance_price,Short,2026-08-03T03:49:42Z
2026-08-03T03:49:03Z,2026-08-03T05:49:03+0200,d815d4ad-795d-45eb-9ad8-9d704f7a3f43,2026-07-04T20:15:00Z,2026-07-04T22:15:00+0200,110.54,EUR/MWh,BE,BE,imbalance_price,Long,2026-08-03T03:49:42Z
2026-08-03T03:49:03Z,2026-08-03T05:49:03+0200,d815d4ad-795d-45eb-9ad8-9d704f7a3f43,2026-07-04T20:15:00Z,2026-07-04T22:15:00+0200,110.54,EUR/MWh,BE,BE,imbalance_price,Short,2026-08-03T03:49:42Z
2026-08-03T03:49:03Z,2026-08-03T05:49:03+0200,d815d4ad-795d-45eb-9ad8-9d704f7a3f43,2026-07-04T20:30:00Z,2026-07-04T22:30:00+0200,92.95,EUR/MWh,BE,BE,imbalance_price,Long,2026-08-03T03:49:42Z
2026-08-03T03:49:03Z,2026-08-03T05:49:03+0200,d815d4ad-795d-45eb-9ad8-9d704f7a3f43,2026-07-04T20:30:00Z,2026-07-04T22:30:00+0200,92.95,EUR/MWh,BE,BE,imbalance_price,Short,2026-08-03T03:49:42Z
2026-08-03T03:49:03Z,2026-08-03T05:49:03+0200,d815d4ad-795d-45eb-9ad8-9d704f7a3f43,2026-07-04T20:45:00Z,2026-07-04T22:45:00+0200,108.95,EUR/MWh,BE,BE,imbalance_price,Long,2026-08-03T03:49:42Z
2026-08-03T03:49:03Z,2026-08-03T05:49:03+0200,d815d4ad-795d-45eb-9ad8-9d704f7a3f43,2026-07-04T20:45:00Z,2026-07-04T22:45:00+0200,108.95,EUR/MWh,BE,BE,imbalance_price,Short,2026-08-03T03:49:42Z
2026-08-03T03:49:03Z,2026-08-03T05:49:03+0200,d815d4ad-795d-45eb-9ad8-9d704f7a3f43,2026-07-04T21:00:00Z,2026-07-04T23:00:00+0200,114.21,EUR/MWh,BE,BE,imbalance_price,Long,2026-08-03T03:49:42Z
2026-08-03T03:49:03Z,2026-08-03T05:49:03+0200,d815d4ad-795d-45eb-9ad8-9d704f7a3f43,2026-07-04T21:00:00Z,2026-07-04T23:00:00+0200,114.21,EUR/MWh,BE,BE,imbalance_price,Short,2026-08-03T03:49:42Z
2026-08-03T03:49:03Z,2026-08-03T05:49:03+0200,d815d4ad-795d-45eb-9ad8-9d704f7a3f43,2026-07-04T21:15:00Z,2026-07-04T23:15:00+0200,138.96,EUR/MWh,BE,BE,imbalance_price,Long,2026-08-03T03:49:42Z
2026-08-03T03:49:03Z,2026-08-03T05:49:03+0200,d815d4ad-795d-45eb-9ad8-9d704f7a3f43,2026-07-04T21:15:00Z,2026-07-04T23:15:00+0200,138.96,EUR/MWh,BE,BE,imbalance_price,Short,2026-08-03T03:49:42Z
2026-08-03T03:49:03Z,2026-08-03T05:49:03+0200,d815d4ad-795d-45eb-9ad8-9d704f7a3f43,2026-07-04T21:30:00Z,2026-07-04T23:30:00+0200,132.0,EUR/MWh,BE,BE,imbalance_price,Long,2026-08-03T03:49:42Z
2026-08-03T03:49:03Z,2026-08-03T05:49:03+0200,d815d4ad-795d-45eb-9ad8-9d704f7a3f43,2026-07-04T21:30:00Z,2026-07-04T23:30:00+0200,132.0,EUR/MWh,BE,BE,imbalance_price,Short,2026-08-03T03:49:42Z
2026-08-03T03:49:03Z,2026-08-03T05:49:03+0200,d815d4ad-795d-45eb-9ad8-9d704f7a3f43,2026-07-04T21:45:00Z,2026-07-04T23:45:00+0200,127.31,EUR/MWh,BE,BE,imbalance_price,Long,2026-08-03T03:49:42Z
2026-08-03T03:49:03Z,2026-08-03T05:49:03+0200,d815d4ad-795d-45eb-9ad8-9d704f7a3f43,2026-07-04T21:45:00Z,2026-07-04T23:45:00+0200,127.31,EUR/MWh,BE,BE,imbalance_price,Short,2026-08-03T03:49:42Z
2026-08-03T03:49:03Z,2026-08-03T05:49:03+0200,d815d4ad-795d-45eb-9ad8-9d704f7a3f43,2026-07-04T22:00:00Z,2026-07-05T00:00:00+0200,165.2,EUR/MWh,BE,BE,imbalance_price,Long,2026-08-03T03:49:42Z
2026-08-03T03:49:03Z,2026-08-03T05:49:03+0200,d815d4ad-795d-45eb-9ad8-9d704f7a3f43,2026-07-04T22:00:00Z,2026-07-05T00:00:00+0200,165.2,EUR/MWh,BE,BE,imbalance_price,Short,2026-08-03T03:49:42Z
2026-08-03T03:49:03Z,2026-08-03T05:49:03+0200,d815d4ad-795d-45eb-9ad8-9d704f7a3f43,2026-07-04T22:15:00Z,2026-07-05T00:15:00+0200,123.47,EUR/MWh,BE,BE,imbalance_price,Long,2026-08-03T03:49:42Z
2026-08-03T03:49:03Z,2026-08-03T05:49:03+0200,d815d4ad-795d-45eb-9ad8-9d704f7a3f43,2026-07-04T22:15:00Z,2026-07-05T00:15:00+0200,123.47,EUR/MWh,BE,BE,imbalance_price,Short,2026-08-03T03:49:42Z
2026-08-03T03:49:03Z,2026-08-03T05:49:03+0200,d815d4ad-795d-45eb-9ad8-9d704f7a3f43,2026-07-04T22:30:00Z,2026-07-05T00:30:00+0200,113.39,EUR/MWh,BE,BE,imbalance_price,Long,2026-08-03T03:49:42Z
2026-08-03T03:49:03Z,2026-08-03T05:49:03+0200,d815d4ad-795d-45eb-9ad8-9d704f7a3f43,2026-07-04T22:30:00Z,2026-07-05T00:30:00+0200,113.39,EUR/MWh,BE,BE,imbalance_price,Short,2026-08-03T03:49:42Z
2026-08-03T03:49:03Z,2026-08-03T05:49:03+0200,d815d4ad-795d-45eb-9ad8-9d704f7a3f43,2026-07-04T22:45:00Z,2026-07-05T00:45:00+0200,136.41,EUR/MWh,BE,BE,imbalance_price,Long,2026-08-03T03:49:42Z
2026-08-03T03:49:03Z,2026-08-03T05:49:03+0200,d815d4ad-795d-45eb-9ad8-9d704f7a3f43,2026-07-04T22:45:00Z,2026-07-05T00:45:00+0200,136.41,EUR/MWh,BE,BE,imbalance_price,Short,2026-08-03T03:49:42Z
2026-08-03T03:49:03Z,2026-08-03T05:49:03+0200,d815d4ad-795d-45eb-9ad8-9d704f7a3f43,2026-07-04T23:00:00Z,2026-07-05T01:00:00+0200,127.26,EUR/MWh,BE,BE,imbalance_price,Long,2026-08-03T03:49:42Z
2026-08-03T03:49:03Z,2026-08-03T05:49:03+0200,d815d4ad-795d-45eb-9ad8-9d704f7a3f43,2026-07-04T23:00:00Z,2026-07-05T01:00:00+0200,127.26,EUR/MWh,BE,BE,imbalance_price,Short,2026-08-03T03:49:42Z
2026-08-03T03:49:03Z,2026-08-03T05:49:03+0200,d815d4ad-795d-45eb-9ad8-9d704f7a3f43,2026-07-04T23:15:00Z,2026-07-05T01:15:00+0200,133.16,EUR/MWh,BE,BE,imbalance_price,Long,2026-08-03T03:49:42Z
2026-08-03T03:49:03Z,2026-08-03T05:49:03+0200,d815d4ad-795d-45eb-9ad8-9d704f7a3f43,2026-07-04T23:15:00Z,2026-07-05T01:15:00+0200,133.16,EUR/MWh,BE,BE,imbalance_price,Short,2026-08-03T03:49:42Z
2026-08-03T03:49:03Z,2026-08-03T05:49:03+0200,d815d4ad-795d-45eb-9ad8-9d704f7a3f43,2026-07-04T23:30:00Z,2026-07-05T01:30:00+0200,78.67,EUR/MWh,BE,BE,imbalance_price,Long,2026-08-03T03:49:42Z
2026-08-03T03:49:03Z,2026-08-03T05:49:03+0200,d815d4ad-795d-45eb-9ad8-9d704f7a3f43,2026-07-04T23:30:00Z,2026-07-05T01:30:00+0200,78.67,EUR/MWh,BE,BE,imbalance_price,Short,2026-08-03T03:49:42Z
2026-08-03T03:49:03Z,2026-08-03T05:49:03+0200,d815d4ad-795d-45eb-9ad8-9d704f7a3f43,2026-07-04T23:45:00Z,2026-07-05T01:45:00+0200,78.69,EUR/MWh,BE,BE,imbalance_price,Long,2026-08-03T03:49:42Z
2026-08-03T03:49:03Z,2026-08-03T05:49:03+0200,d815d4ad-795d-45eb-9ad8-9d704f7a3f43,2026-07-04T23:45:00Z,2026-07-05T01:45:00+0200,78.69,EUR/MWh,BE,BE,imbalance_price,Short,2026-08-03T03:49:42Z
2026-08-03T03:49:03Z,2026-08-03T05:49:03+0200,d815d4ad-795d-45eb-9ad8-9d704f7a3f43,2026-07-05T00:00:00Z,2026-07-05T02:00:00+0200,63.66,EUR/MWh,BE,BE,imbalance_price,Long,2026-08-03T03:49:42Z
2026-08-03T03:49:03Z,2026-08-03T05:49:03+0200,d815d4ad-795d-45eb-9ad8-9d704f7a3f43,2026-07-05T00:00:00Z,2026-07-05T02:00:00+0200,63.66,EUR/MWh,BE,BE,imbalance_price,Short,2026-08-03T03:49:42Z
2026-08-03T03:49:03Z,2026-08-03T05:49:03+0200,d815d4ad-795d-45eb-9ad8-9d704f7a3f43,2026-07-05T00:15:00Z,2026-07-05T02:15:00+0200,83.23,EUR/MWh,BE,BE,imbalance_price,Long,2026-08-03T03:49:42Z
2026-08-03T03:49:03Z,2026-08-03T05:49:03+0200,d815d4ad-795d-45eb-9ad8-9d704f7a3f43,2026-07-05T00:15:00Z,2026-07-05T02:15:00+0200,83.23,EUR/MWh,BE,BE,imbalance_price,Short,2026-08-03T03:49:42Z
2026-08-03T03:49:03Z,2026-08-03T05:49:03+0200,d815d4ad-795d-45eb-9ad8-9d704f7a3f43,2026-07-05T00:30:00Z,2026-07-05T02:30:00+0200,64.64,EUR/MWh,BE,BE,imbalance_price,Long,2026-08-03T03:49:42Z
2026-08-03T03:49:03Z,2026-08-03T05:49:03+0200,d815d4ad-795d-45eb-9ad8-9d704f7a3f43,2026-07-05T00:30:00Z,2026-07-05T02:30:00+0200,64.64,EUR/MWh,BE,BE,imbalance_price,Short,2026-08-03T03:49:42Z
2026-08-03T03:49:03Z,2026-08-03T05:49:03+0200,d815d4ad-795d-45eb-9ad8-9d704f7a3f43,2026-07-05T00:45:00Z,2026-07-05T02:45:00+0200,82.32,EUR/MWh,BE,BE,imbalance_price,Long,2026-08-03T03:49:42Z
2026-08-03T03:49:03Z,2026-08-03T05:49:03+0200,d815d4ad-795d-45eb-9ad8-9d704f7a3f43,2026-07-05T00:45:00Z,2026-07-05T02:45:00+0200,82.32,EUR/MWh,BE,BE,imbalance_price,Short,2026-08-03T03:49:42Z
2026-08-03T03:49:03Z,2026-08-03T05:49:03+0200,d815d4ad-795d-45eb-9ad8-9d704f7a3f43,2026-07-05T01:00:00Z,2026-07-05T03:00:00+0200,97.05,EUR/MWh,BE,BE,imbalance_price,Long,2026-08-03T03:49:42Z
2026-08-03T03:49:03Z,2026-08-03T05:49:03+0200,d815d4ad-795d-45eb-9ad8-9d704f7a3f43,2026-07-05T01:00:00Z,2026-07-05T03:00:00+0200,97.05,EUR/MWh,BE,BE,imbalance_price,Short,2026-08-03T03:49:42Z
2026-08-03T03:49:03Z,2026-08-03T05:49:03+0200,d815d4ad-795d-45eb-9ad8-9d704f7a3f43,2026-07-05T01:15:00Z,2026-07-05T03:15:00+0200,92.08,EUR/MWh,BE,BE,imbalance_price,Long,2026-08-03T03:49:42Z
2026-08-03T03:49:03Z,2026-08-03T05:49:03+0200,d815d4ad-795d-45eb-9ad8-9d704f7a3f43,2026-07-05T01:15:00Z,2026-07-05T03:15:00+0200,92.08,EUR/MWh,BE,BE,imbalance_price,Short,2026-08-03T03:49:42Z
2026-08-03T03:49:03Z,2026-08-03T05:49:03+0200,d815d4ad-795d-45eb-9ad8-9d704f7a3f43,2026-07-05T01:30:00Z,2026-07-05T03:30:00+0200,153.88,EUR/MWh,BE,BE,imbalance_price,Long,2026-08-03T03:49:42Z
2026-08-03T03:49:03Z,2026-08-03T05:49:03+0200,d815d4ad-795d-45eb-9ad8-9d704f7a3f43,2026-07-05T01:30:00Z,2026-07-05T03:30:00+0200,153.88,EUR/MWh,BE,BE,imbalance_price,Short,2026-08-03T03:49:42Z
2026-08-03T03:49:03Z,2026-08-03T05:49:03+0200,d815d4ad-795d-45eb-9ad8-9d704f7a3f43,2026-07-05T01:45:00Z,2026-07-05T03:45:00+0200,131.47,EUR/MWh,BE,BE,imbalance_price,Long,2026-08-03T03:49:42Z
2026-08-03T03:49:03Z,2026-08-03T05:49:03+0200,d815d4ad-795d-45eb-9ad8-9d704f7a3f43,2026-07-05T01:45:00Z,2026-07-05T03:45:00+0200,131.47,EUR/MWh,BE,BE,imbalance_price,Short,2026-08-03T03:49:42Z
2026-08-03T03:49:03Z,2026-08-03T05:49:03+0200,d815d4ad-795d-45eb-9ad8-9d704f7a3f43,2026-07-05T02:00:00Z,2026-07-05T04:00:00+0200,112.87,EUR/MWh,BE,BE,imbalance_price,Long,2026-08-03T03:49:42Z
2026-08-03T03:49:03Z,2026-08-03T05:49:03+0200,d815d4ad-795d-45eb-9ad8-9d704f7a3f43,2026-07-05T02:00:00Z,2026-07-05T04:00:00+0200,112.87,EUR/MWh,BE,BE,imbalance_price,Short,2026-08-03T03:49:42Z
2026-08-03T03:49:03Z,2026-08-03T05:49:03+0200,d815d4ad-795d-45eb-9ad8-9d704f7a3f43,2026-07-05T02:15:00Z,2026-07-05T04:15:00+0200,102.71,EUR/MWh,BE,BE,imbalance_price,Long,2026-08-03T03:49:42Z
2026-08-03T03:49:03Z,2026-08-03T05:49:03+0200,d815d4ad-795d-45eb-9ad8-9d704f7a3f43,2026-07-05T02:15:00Z,2026-07-05T04:15:00+0200,102.71,EUR/MWh,BE,BE,imbalance_price,Short,2026-08-03T03:49:42Z
2026-08-03T03:49:03Z,2026-08-03T05:49:03+0200,d815d4ad-795d-45eb-9ad8-9d704f7a3f43,2026-07-05T02:30:00Z,2026-07-05T04:30:00+0200,106.73,EUR/MWh,BE,BE,imbalance_price,Long,2026-08-03T03:49:42Z
2026-08-03T03:49:03Z,2026-08-03T05:49:03+0200,d815d4ad-795d-45eb-9ad8-9d704f7a3f43,2026-07-05T02:30:00Z,2026-07-05T04:30:00+0200,106.73,EUR/MWh,BE,BE,imbalance_price,Short,2026-08-03T03:49:42Z
2026-08-03T03:49:03Z,2026-08-03T05:49:03+0200,d815d4ad-795d-45eb-9ad8-9d704f7a3f43,2026-07-05T02:45:00Z,2026-07-05T04:45:00+0200,240.0,EUR/MWh,BE,BE,imbalance_price,Long,2026-08-03T03:49:42Z
2026-08-03T03:49:03Z,2026-08-03T05:49:03+0200,d815d4ad-795d-45eb-9ad8-9d704f7a3f43,2026-07-05T02:45:00Z,2026-07-05T04:45:00+0200,240.0,EUR/MWh,BE,BE,imbalance_price,Short,2026-08-03T03:49:42Z
2026-08-03T03:49:03Z,2026-08-03T05:49:03+0200,d815d4ad-795d-45eb-9ad8-9d704f7a3f43,2026-07-05T03:00:00Z,2026-07-05T05:00:00+0200,150.68,EUR/MWh,BE,BE,imbalance_price,Long,2026-08-03T03:49:42Z
2026-08-03T03:49:03Z,2026-08-03T05:49:03+0200,d815d4ad-795d-45eb-9ad8-9d704f7a3f43,2026-07-05T03:00:00Z,2026-07-05T05:00:00+0200,150.68,EUR/MWh,BE,BE,imbalance_price,Short,2026-08-03T03:49:42Z
2026-08-03T03:49:03Z,2026-08-03T05:49:03+0200,d815d4ad-795d-45eb-9ad8-9d704f7a3f43,2026-07-05T03:15:00Z,2026-07-05T05:15:00+0200,107.47,EUR/MWh,BE,BE,imbalance_price,Long,2026-08-03T03:49:42Z
2026-08-03T03:49:03Z,2026-08-03T05:49:03+0200,d815d4ad-795d-45eb-9ad8-9d704f7a3f43,2026-07-05T03:15:00Z,2026-07-05T05:15:00+0200,107.47,EUR/MWh,BE,BE,imbalance_price,Short,2026-08-03T03:49:42Z
2026-08-03T03:49:03Z,2026-08-03T05:49:03+0200,d815d4ad-795d-45eb-9ad8-9d704f7a3f43,2026-07-05T03:30:00Z,2026-07-05T05:30:00+0200,90.47,EUR/MWh,BE,BE,imbalance_price,Long,2026-08-03T03:49:42Z
2026-08-03T03:49:03Z,2026-08-03T05:49:03+0200,d815d4ad-795d-45eb-9ad8-9d704f7a3f43,2026-07-05T03:30:00Z,2026-07-05T05:30:00+0200,90.47,EUR/MWh,BE,BE,imbalance_price,Short,2026-08-03T03:49:42Z
2026-08-03T03:49:03Z,2026-08-03T05:49:03+0200,d815d4ad-795d-45eb-9ad8-9d704f7a3f43,2026-07-05T03:45:00Z,2026-07-05T05:45:00+0200,81.15,EUR/MWh,BE,BE,imbalance_price,Long,2026-08-03T03:49:42Z
2026-08-03T03:49:03Z,2026-08-03T05:49:03+0200,d815d4ad-795d-45eb-9ad8-9d704f7a3f43,2026-07-05T03:45:00Z,2026-07-05T05:45:00+0200,81.15,EUR/MWh,BE,BE,imbalance_price,Short,2026-08-03T03:49:42Z
2026-08-03T03:49:03Z,2026-08-03T05:49:03+0200,d815d4ad-795d-45eb-9ad8-9d704f7a3f43,2026-07-05T04:00:00Z,2026-07-05T06:00:00+0200,95.62,EUR/MWh,BE,BE,imbalance_price,Long,2026-08-03T03:49:42Z
2026-08-03T03:49:03Z,2026-08-03T05:49:03+0200,d815d4ad-795d-45eb-9ad8-9d704f7a3f43,2026-07-05T04:00:00Z,2026-07-05T06:00:00+0200,95.62,EUR/MWh,BE,BE,imbalance_price,Short,2026-08-03T03:49:42Z
2026-08-03T03:49:03Z,2026-08-03T05:49:03+0200,d815d4ad-795d-45eb-9ad8-9d704f7a3f43,2026-07-05T04:15:00Z,2026-07-05T06:15:00+0200,86.05,EUR/MWh,BE,BE,imbalance_price,Long,2026-08-03T03:49:42Z
2026-08-03T03:49:03Z,2026-08-03T05:49:03+0200,d815d4ad-795d-45eb-9ad8-9d704f7a3f43,2026-07-05T04:15:00Z,2026-07-05T06:15:00+0200,86.05,EUR/MWh,BE,BE,imbalance_price,Short,2026-08-03T03:49:42Z
2026-08-03T03:49:03Z,2026-08-03T05:49:03+0200,d815d4ad-795d-45eb-9ad8-9d704f7a3f43,2026-07-05T04:30:00Z,2026-07-05T06:30:00+0200,90.58,EUR/MWh,BE,BE,imbalance_price,Long,2026-08-03T03:49:42Z
2026-08-03T03:49:03Z,2026-08-03T05:49:03+0200,d815d4ad-795d-45eb-9ad8-9d704f7a3f43,2026-07-05T04:30:00Z,2026-07-05T06:30:00+0200,90.58,EUR/MWh,BE,BE,imbalance_price,Short,2026-08-03T03:49:42Z
2026-08-03T03:49:03Z,2026-08-03T05:49:03+0200,d815d4ad-795d-45eb-9ad8-9d704f7a3f43,2026-07-05T04:45:00Z,2026-07-05T06:45:00+0200,87.74,EUR/MWh,BE,BE,imbalance_price,Long,2026-08-03T03:49:42Z
2026-08-03T03:49:03Z,2026-08-03T05:49:03+0200,d815d4ad-795d-45eb-9ad8-9d704f7a3f43,2026-07-05T04:45:00Z,2026-07-05T06:45:00+0200,87.74,EUR/MWh,BE,BE,imbalance_price,Short,2026-08-03T03:49:42Z
2026-08-03T03:49:03Z,2026-08-03T05:49:03+0200,d815d4ad-795d-45eb-9ad8-9d704f7a3f43,2026-07-05T05:00:00Z,2026-07-05T07:00:00+0200,76.31,EUR/MWh,BE,BE,imbalance_price,Long,2026-08-03T03:49:42Z
2026-08-03T03:49:03Z,2026-08-03T05:49:03+0200,d815d4ad-795d-45eb-9ad8-9d704f7a3f43,2026-07-05T05:00:00Z,2026-07-05T07:00:00+0200,76.31,EUR/MWh,BE,BE,imbalance_price,Short,2026-08-03T03:49:42Z
2026-08-03T03:49:03Z,2026-08-03T05:49:03+0200,d815d4ad-795d-45eb-9ad8-9d704f7a3f43,2026-07-05T05:15:00Z,2026-07-05T07:15:00+0200,70.64,EUR/MWh,BE,BE,imbalance_price,Long,2026-08-03T03:49:42Z
2026-08-03T03:49:03Z,2026-08-03T05:49:03+0200,d815d4ad-795d-45eb-9ad8-9d704f7a3f43,2026-07-05T05:15:00Z,2026-07-05T07:15:00+0200,70.64,EUR/MWh,BE,BE,imbalance_price,Short,2026-08-03T03:49:42Z
2026-08-03T03:49:03Z,2026-08-03T05:49:03+0200,d815d4ad-795d-45eb-9ad8-9d704f7a3f43,2026-07-05T05:30:00Z,2026-07-05T07:30:00+0200,22.81,EUR/MWh,BE,BE,imbalance_price,Long,2026-08-03T03:49:42Z
2026-08-03T03:49:03Z,2026-08-03T05:49:03+0200,d815d4ad-795d-45eb-9ad8-9d704f7a3f43,2026-07-05T05:30:00Z,2026-07-05T07:30:00+0200,22.81,EUR/MWh,BE,BE,imbalance_price,Short,2026-08-03T03:49:42Z
2026-08-03T03:49:03Z,2026-08-03T05:49:03+0200,d815d4ad-795d-45eb-9ad8-9d704f7a3f43,2026-07-05T05:45:00Z,2026-07-05T07:45:00+0200,24.08,EUR/MWh,BE,BE,imbalance_price,Long,2026-08-03T03:49:42Z
2026-08-03T03:49:03Z,2026-08-03T05:49:03+0200,d815d4ad-795d-45eb-9ad8-9d704f7a3f43,2026-07-05T05:45:00Z,2026-07-05T07:45:00+0200,24.08,EUR/MWh,BE,BE,imbalance_price,Short,2026-08-03T03:49:42Z
2026-08-03T03:49:03Z,2026-08-03T05:49:03+0200,d815d4ad-795d-45eb-9ad8-9d704f7a3f43,2026-07-05T06:00:00Z,2026-07-05T08:00:00+0200,33.4,EUR/MWh,BE,BE,imbalance_price,Long,2026-08-03T03:49:42Z
2026-08-03T03:49:03Z,2026-08-03T05:49:03+0200,d815d4ad-795d-45eb-9ad8-9d704f7a3f43,2026-07-05T06:00:00Z,2026-07-05T08:00:00+0200,33.4,EUR/MWh,BE,BE,imbalance_price,Short,2026-08-03T03:49:42Z
2026-08-03T03:49:03Z,2026-08-03T05:49:03+0200,d815d4ad-795d-45eb-9ad8-9d704f7a3f43,2026-07-05T06:15:00Z,2026-07-05T08:15:00+0200,33.34,EUR/MWh,BE,BE,imbalance_price,Long,2026-08-03T03:49:42Z
2026-08-03T03:49:03Z,2026-08-03T05:49:03+0200,d815d4ad-795d-45eb-9ad8-9d704f7a3f43,2026-07-05T06:15:00Z,2026-07-05T08:15:00+0200,33.34,EUR/MWh,BE,BE,imbalance_price,Short,2026-08-03T03:49:42Z
2026-08-03T03:49:03Z,2026-08-03T05:49:03+0200,d815d4ad-795d-45eb-9ad8-9d704f7a3f43,2026-07-05T06:30:00Z,2026-07-05T08:30:00+0200,6.04,EUR/MWh,BE,BE,imbalance_price,Long,2026-08-03T03:49:42Z
2026-08-03T03:49:03Z,2026-08-03T05:49:03+0200,d815d4ad-795d-45eb-9ad8-9d704f7a3f43,2026-07-05T06:30:00Z,2026-07-05T08:30:00+0200,6.04,EUR/MWh,BE,BE,imbalance_price,Short,2026-08-03T03:49:42Z
2026-08-03T03:49:03Z,2026-08-03T05:49:03+0200,d815d4ad-795d-45eb-9ad8-9d704f7a3f43,2026-07-05T06:45:00Z,2026-07-05T08:45:00+0200,12.62,EUR/MWh,BE,BE,imbalance_price,Long,2026-08-03T03:49:42Z
2026-08-03T03:49:03Z,2026-08-03T05:49:03+0200,d815d4ad-795d-45eb-9ad8-9d704f7a3f43,2026-07-05T06:45:00Z,2026-07-05T08:45:00+0200,12.62,EUR/MWh,BE,BE,imbalance_price,Short,2026-08-03T03:49:42Z
2026-08-03T03:49:03Z,2026-08-03T05:49:03+0200,d815d4ad-795d-45eb-9ad8-9d704f7a3f43,2026-07-05T07:00:00Z,2026-07-05T09:00:00+0200,11.0,EUR/MWh,BE,BE,imbalance_price,Long,2026-08-03T03:49:42Z
2026-08-03T03:49:03Z,2026-08-03T05:49:03+0200,d815d4ad-795d-45eb-9ad8-9d704f7a3f43,2026-07-05T07:00:00Z,2026-07-05T09:00:00+0200,11.0,EUR/MWh,BE,BE,imbalance_price,Short,2026-08-03T03:49:42Z
2026-08-03T03:49:03Z,2026-08-03T05:49:03+0200,d815d4ad-795d-45eb-9ad8-9d704f7a3f43,2026-07-05T07:15:00Z,2026-07-05T09:15:00+0200,55.6,EUR/MWh,BE,BE,imbalance_price,Long,2026-08-03T03:49:42Z
2026-08-03T03:49:03Z,2026-08-03T05:49:03+0200,d815d4ad-795d-45eb-9ad8-9d704f7a3f43,2026-07-05T07:15:00Z,2026-07-05T09:15:00+0200,55.6,EUR/MWh,BE,BE,imbalance_price,Short,2026-08-03T03:49:42Z
2026-08-03T03:49:03Z,2026-08-03T05:49:03+0200,d815d4ad-795d-45eb-9ad8-9d704f7a3f43,2026-07-05T07:30:00Z,2026-07-05T09:30:00+0200,58.7,EUR/MWh,BE,BE,imbalance_price,Long,2026-08-03T03:49:42Z
2026-08-03T03:49:03Z,2026-08-03T05:49:03+0200,d815d4ad-795d-45eb-9ad8-9d704f7a3f43,2026-07-05T07:30:00Z,2026-07-05T09:30:00+0200,58.7,EUR/MWh,BE,BE,imbalance_price,Short,2026-08-03T03:49:42Z
2026-08-03T03:49:03Z,2026-08-03T05:49:03+0200,d815d4ad-795d-45eb-9ad8-9d704f7a3f43,2026-07-05T07:45:00Z,2026-07-05T09:45:00+0200,180.66,EUR/MWh,BE,BE,imbalance_price,Long,2026-08-03T03:49:42Z
2026-08-03T03:49:03Z,2026-08-03T05:49:03+0200,d815d4ad-795d-45eb-9ad8-9d704f7a3f43,2026-07-05T07:45:00Z,2026-07-05T09:45:00+0200,180.66,EUR/MWh,BE,BE,imbalance_price,Short,2026-08-03T03:49:42Z
2026-08-03T03:49:03Z,2026-08-03T05:49:03+0200,d815d4ad-795d-45eb-9ad8-9d704f7a3f43,2026-07-05T08:00:00Z,2026-07-05T10:00:00+0200,156.5,EUR/MWh,BE,BE,imbalance_price,Long,2026-08-03T03:49:42Z
2026-08-03T03:49:03Z,2026-08-03T05:49:03+0200,d815d4ad-795d-45eb-9ad8-9d704f7a3f43,2026-07-05T08:00:00Z,2026-07-05T10:00:00+0200,156.5,EUR/MWh,BE,BE,imbalance_price,Short,2026-08-03T03:49:42Z
2026-08-03T03:49:03Z,2026-08-03T05:49:03+0200,d815d4ad-795d-45eb-9ad8-9d704f7a3f43,2026-07-05T08:15:00Z,2026-07-05T10:15:00+0200,125.72,EUR/MWh,BE,BE,imbalance_price,Long,2026-08-03T03:49:42Z
2026-08-03T03:49:03Z,2026-08-03T05:49:03+0200,d815d4ad-795d-45eb-9ad8-9d704f7a3f43,2026-07-05T08:15:00Z,2026-07-05T10:15:00+0200,125.72,EUR/MWh,BE,BE,imbalance_price,Short,2026-08-03T03:49:42Z
2026-08-03T03:49:03Z,2026-08-03T05:49:03+0200,d815d4ad-795d-45eb-9ad8-9d704f7a3f43,2026-07-05T08:30:00Z,2026-07-05T10:30:00+0200,179.11,EUR/MWh,BE,BE,imbalance_price,Long,2026-08-03T03:49:42Z
2026-08-03T03:49:03Z,2026-08-03T05:49:03+0200,d815d4ad-795d-45eb-9ad8-9d704f7a3f43,2026-07-05T08:30:00Z,2026-07-05T10:30:00+0200,179.11,EUR/MWh,BE,BE,imbalance_price,Short,2026-08-03T03:49:42Z
2026-08-03T03:49:03Z,2026-08-03T05:49:03+0200,d815d4ad-795d-45eb-9ad8-9d704f7a3f43,2026-07-05T08:45:00Z,2026-07-05T10:45:00+0200,320.22,EUR/MWh,BE,BE,imbalance_price,Long,2026-08-03T03:49:42Z
2026-08-03T03:49:03Z,2026-08-03T05:49:03+0200,d815d4ad-795d-45eb-9ad8-9d704f7a3f43,2026-07-05T08:45:00Z,2026-07-05T10:45:00+0200,320.22,EUR/MWh,BE,BE,imbalance_price,Short,2026-08-03T03:49:42Z
2026-08-03T03:49:03Z,2026-08-03T05:49:03+0200,d815d4ad-795d-45eb-9ad8-9d704f7a3f43,2026-07-05T09:00:00Z,2026-07-05T11:00:00+0200,343.36,EUR/MWh,BE,BE,imbalance_price,Long,2026-08-03T03:49:42Z
2026-08-03T03:49:03Z,2026-08-03T05:49:03+0200,d815d4ad-795d-45eb-9ad8-9d704f7a3f43,2026-07-05T09:00:00Z,2026-07-05T11:00:00+0200,343.36,EUR/MWh,BE,BE,imbalance_price,Short,2026-08-03T03:49:42Z
2026-08-03T03:49:03Z,2026-08-03T05:49:03+0200,d815d4ad-795d-45eb-9ad8-9d704f7a3f43,2026-07-05T09:15:00Z,2026-07-05T11:15:00+0200,17.41,EUR/MWh,BE,BE,imbalance_price,Long,2026-08-03T03:49:42Z
2026-08-03T03:49:03Z,2026-08-03T05:49:03+0200,d815d4ad-795d-45eb-9ad8-9d704f7a3f43,2026-07-05T09:15:00Z,2026-07-05T11:15:00+0200,17.41,EUR/MWh,BE,BE,imbalance_price,Short,2026-08-03T03:49:42Z
2026-08-03T03:49:03Z,2026-08-03T05:49:03+0200,d815d4ad-795d-45eb-9ad8-9d704f7a3f43,2026-07-05T09:30:00Z,2026-07-05T11:30:00+0200,85.66,EUR/MWh,BE,BE,imbalance_price,Long,2026-08-03T03:49:42Z
2026-08-03T03:49:03Z,2026-08-03T05:49:03+0200,d815d4ad-795d-45eb-9ad8-9d704f7a3f43,2026-07-05T09:30:00Z,2026-07-05T11:30:00+0200,85.66,EUR/MWh,BE,BE,imbalance_price,Short,2026-08-03T03:49:42Z
2026-08-03T03:49:03Z,2026-08-03T05:49:03+0200,d815d4ad-795d-45eb-9ad8-9d704f7a3f43,2026-07-05T09:45:00Z,2026-07-05T11:45:00+0200,340.98,EUR/MWh,BE,BE,imbalance_price,Long,2026-08-03T03:49:42Z
2026-08-03T03:49:03Z,2026-08-03T05:49:03+0200,d815d4ad-795d-45eb-9ad8-9d704f7a3f43,2026-07-05T09:45:00Z,2026-07-05T11:45:00+0200,340.98,EUR/MWh,BE,BE,imbalance_price,Short,2026-08-03T03:49:42Z
2026-08-03T03:49:03Z,2026-08-03T05:49:03+0200,d815d4ad-795d-45eb-9ad8-9d704f7a3f43,2026-07-05T10:00:00Z,2026-07-05T12:00:00+0200,47.02,EUR/MWh,BE,BE,imbalance_price,Long,2026-08-03T03:49:42Z
2026-08-03T03:49:03Z,2026-08-03T05:49:03+0200,d815d4ad-795d-45eb-9ad8-9d704f7a3f43,2026-07-05T10:00:00Z,2026-07-05T12:00:00+0200,47.02,EUR/MWh,BE,BE,imbalance_price,Short,2026-08-03T03:49:42Z
2026-08-03T03:49:03Z,2026-08-03T05:49:03+0200,d815d4ad-795d-45eb-9ad8-9d704f7a3f43,2026-07-05T10:15:00Z,2026-07-05T12:15:00+0200,36.37,EUR/MWh,BE,BE,imbalance_price,Long,2026-08-03T03:49:42Z
2026-08-03T03:49:03Z,2026-08-03T05:49:03+0200,d815d4ad-795d-45eb-9ad8-9d704f7a3f43,2026-07-05T10:15:00Z,2026-07-05T12:15:00+0200,36.37,EUR/MWh,BE,BE,imbalance_price,Short,2026-08-03T03:49:42Z
2026-08-03T03:49:03Z,2026-08-03T05:49:03+0200,d815d4ad-795d-45eb-9ad8-9d704f7a3f43,2026-07-05T10:30:00Z,2026-07-05T12:30:00+0200,64.52,EUR/MWh,BE,BE,imbalance_price,Long,2026-08-03T03:49:42Z
2026-08-03T03:49:03Z,2026-08-03T05:49:03+0200,d815d4ad-795d-45eb-9ad8-9d704f7a3f43,2026-07-05T10:30:00Z,2026-07-05T12:30:00+0200,64.52,EUR/MWh,BE,BE,imbalance_price,Short,2026-08-03T03:49:42Z
2026-08-03T03:49:03Z,2026-08-03T05:49:03+0200,d815d4ad-795d-45eb-9ad8-9d704f7a3f43,2026-07-05T10:45:00Z,2026-07-05T12:45:00+0200,12.0,EUR/MWh,BE,BE,imbalance_price,Long,2026-08-03T03:49:42Z
2026-08-03T03:49:03Z,2026-08-03T05:49:03+0200,d815d4ad-795d-45eb-9ad8-9d704f7a3f43,2026-07-05T10:45:00Z,2026-07-05T12:45:00+0200,12.0,EUR/MWh,BE,BE,imbalance_price,Short,2026-08-03T03:49:42Z
2026-08-03T03:49:03Z,2026-08-03T05:49:03+0200,d815d4ad-795d-45eb-9ad8-9d704f7a3f43,2026-07-05T11:00:00Z,2026-07-05T13:00:00+0200,-9.44,EUR/MWh,BE,BE,imbalance_price,Long,2026-08-03T03:49:42Z
2026-08-03T03:49:03Z,2026-08-03T05:49:03+0200,d815d4ad-795d-45eb-9ad8-9d704f7a3f43,2026-07-05T11:00:00Z,2026-07-05T13:00:00+0200,-9.44,EUR/MWh,BE,BE,imbalance_price,Short,2026-08-03T03:49:42Z
2026-08-03T03:49:03Z,2026-08-03T05:49:03+0200,d815d4ad-795d-45eb-9ad8-9d704f7a3f43,2026-07-05T11:15:00Z,2026-07-05T13:15:00+0200,-19.64,EUR/MWh,BE,BE,imbalance_price,Long,2026-08-03T03:49:42Z
2026-08-03T03:49:03Z,2026-08-03T05:49:03+0200,d815d4ad-795d-45eb-9ad8-9d704f7a3f43,2026-07-05T11:15:00Z,2026-07-05T13:15:00+0200,-19.64,EUR/MWh,BE,BE,imbalance_price,Short,2026-08-03T03:49:42Z
2026-08-03T03:49:03Z,2026-08-03T05:49:03+0200,d815d4ad-795d-45eb-9ad8-9d704f7a3f43,2026-07-05T11:30:00Z,2026-07-05T13:30:00+0200,-4.25,EUR/MWh,BE,BE,imbalance_price,Long,2026-08-03T03:49:42Z
2026-08-03T03:49:03Z,2026-08-03T05:49:03+0200,d815d4ad-795d-45eb-9ad8-9d704f7a3f43,2026-07-05T11:30:00Z,2026-07-05T13:30:00+0200,-4.25,EUR/MWh,BE,BE,imbalance_price,Short,2026-08-03T03:49:42Z
2026-08-03T03:49:03Z,2026-08-03T05:49:03+0200,d815d4ad-795d-45eb-9ad8-9d704f7a3f43,2026-07-05T11:45:00Z,2026-07-05T13:45:00+0200,-31.25,EUR/MWh,BE,BE,imbalance_price,Long,2026-08-03T03:49:42Z
2026-08-03T03:49:03Z,2026-08-03T05:49:03+0200,d815d4ad-795d-45eb-9ad8-9d704f7a3f43,2026-07-05T11:45:00Z,2026-07-05T13:45:00+0200,-31.25,EUR/MWh,BE,BE,imbalance_price,Short,2026-08-03T03:49:42Z
2026-08-03T03:49:03Z,2026-08-03T05:49:03+0200,d815d4ad-795d-45eb-9ad8-9d704f7a3f43,2026-07-05T12:00:00Z,2026-07-05T14:00:00+0200,5.83,EUR/MWh,BE,BE,imbalance_price,Long,2026-08-03T03:49:42Z
2026-08-03T03:49:03Z,2026-08-03T05:49:03+0200,d815d4ad-795d-45eb-9ad8-9d704f7a3f43,2026-07-05T12:00:00Z,2026-07-05T14:00:00+0200,5.83,EUR/MWh,BE,BE,imbalance_price,Short,2026-08-03T03:49:42Z
2026-08-03T03:49:03Z,2026-08-03T05:49:03+0200,d815d4ad-795d-45eb-9ad8-9d704f7a3f43,2026-07-05T12:15:00Z,2026-07-05T14:15:00+0200,-24.37,EUR/MWh,BE,BE,imbalance_price,Long,2026-08-03T03:49:42Z
2026-08-03T03:49:03Z,2026-08-03T05:49:03+0200,d815d4ad-795d-45eb-9ad8-9d704f7a3f43,2026-07-05T12:15:00Z,2026-07-05T14:15:00+0200,-24.37,EUR/MWh,BE,BE,imbalance_price,Short,2026-08-03T03:49:42Z
2026-08-03T03:49:03Z,2026-08-03T05:49:03+0200,d815d4ad-795d-45eb-9ad8-9d704f7a3f43,2026-07-05T12:30:00Z,2026-07-05T14:30:00+0200,-15.49,EUR/MWh,BE,BE,imbalance_price,Long,2026-08-03T03:49:42Z
2026-08-03T03:49:03Z,2026-08-03T05:49:03+0200,d815d4ad-795d-45eb-9ad8-9d704f7a3f43,2026-07-05T12:30:00Z,2026-07-05T14:30:00+0200,-15.49,EUR/MWh,BE,BE,imbalance_price,Short,2026-08-03T03:49:42Z
2026-08-03T03:49:03Z,2026-08-03T05:49:03+0200,d815d4ad-795d-45eb-9ad8-9d704f7a3f43,2026-07-05T12:45:00Z,2026-07-05T14:45:00+0200,-4.61,EUR/MWh,BE,BE,imbalance_price,Long,2026-08-03T03:49:42Z
2026-08-03T03:49:03Z,2026-08-03T05:49:03+0200,d815d4ad-795d-45eb-9ad8-9d704f7a3f43,2026-07-05T12:45:00Z,2026-07-05T14:45:00+0200,-4.61,EUR/MWh,BE,BE,imbalance_price,Short,2026-08-03T03:49:42Z
2026-08-03T03:49:03Z,2026-08-03T05:49:03+0200,d815d4ad-795d-45eb-9ad8-9d704f7a3f43,2026-07-05T13:00:00Z,2026-07-05T15:00:00+0200,0.26,EUR/MWh,BE,BE,imbalance_price,Long,2026-08-03T03:49:42Z
2026-08-03T03:49:03Z,2026-08-03T05:49:03+0200,d815d4ad-795d-45eb-9ad8-9d704f7a3f43,2026-07-05T13:00:00Z,2026-07-05T15:00:00+0200,0.26,EUR/MWh,BE,BE,imbalance_price,Short,2026-08-03T03:49:42Z
2026-08-03T03:49:03Z,2026-08-03T05:49:03+0200,d815d4ad-795d-45eb-9ad8-9d704f7a3f43,2026-07-05T13:15:00Z,2026-07-05T15:15:00+0200,-1.01,EUR/MWh,BE,BE,imbalance_price,Long,2026-08-03T03:49:42Z
2026-08-03T03:49:03Z,2026-08-03T05:49:03+0200,d815d4ad-795d-45eb-9ad8-9d704f7a3f43,2026-07-05T13:15:00Z,2026-07-05T15:15:00+0200,-1.01,EUR/MWh,BE,BE,imbalance_price,Short,2026-08-03T03:49:42Z
2026-08-03T03:49:03Z,2026-08-03T05:49:03+0200,d815d4ad-795d-45eb-9ad8-9d704f7a3f43,2026-07-05T13:30:00Z,2026-07-05T15:30:00+0200,-11.63,EUR/MWh,BE,BE,imbalance_price,Long,2026-08-03T03:49:42Z
2026-08-03T03:49:03Z,2026-08-03T05:49:03+0200,d815d4ad-795d-45eb-9ad8-9d704f7a3f43,2026-07-05T13:30:00Z,2026-07-05T15:30:00+0200,-11.63,EUR/MWh,BE,BE,imbalance_price,Short,2026-08-03T03:49:42Z
2026-08-03T03:49:03Z,2026-08-03T05:49:03+0200,d815d4ad-795d-45eb-9ad8-9d704f7a3f43,2026-07-05T13:45:00Z,2026-07-05T15:45:00+0200,-18.67,EUR/MWh,BE,BE,imbalance_price,Long,2026-08-03T03:49:42Z
2026-08-03T03:49:03Z,2026-08-03T05:49:03+0200,d815d4ad-795d-45eb-9ad8-9d704f7a3f43,2026-07-05T13:45:00Z,2026-07-05T15:45:00+0200,-18.67,EUR/MWh,BE,BE,imbalance_price,Short,2026-08-03T03:49:42Z
2026-08-03T03:49:03Z,2026-08-03T05:49:03+0200,d815d4ad-795d-45eb-9ad8-9d704f7a3f43,2026-07-05T14:00:00Z,2026-07-05T16:00:00+0200,15.0,EUR/MWh,BE,BE,imbalance_price,Long,2026-08-03T03:49:42Z
2026-08-03T03:49:03Z,2026-08-03T05:49:03+0200,d815d4ad-795d-45eb-9ad8-9d704f7a3f43,2026-07-05T14:00:00Z,2026-07-05T16:00:00+0200,15.0,EUR/MWh,BE,BE,imbalance_price,Short,2026-08-03T03:49:42Z
2026-08-03T03:49:03Z,2026-08-03T05:49:03+0200,d815d4ad-795d-45eb-9ad8-9d704f7a3f43,2026-07-05T14:15:00Z,2026-07-05T16:15:00+0200,27.1,EUR/MWh,BE,BE,imbalance_price,Long,2026-08-03T03:49:42Z
2026-08-03T03:49:03Z,2026-08-03T05:49:03+0200,d815d4ad-795d-45eb-9ad8-9d704f7a3f43,2026-07-05T14:15:00Z,2026-07-05T16:15:00+0200,27.1,EUR/MWh,BE,BE,imbalance_price,Short,2026-08-03T03:49:42Z
2026-08-03T03:49:03Z,2026-08-03T05:49:03+0200,d815d4ad-795d-45eb-9ad8-9d704f7a3f43,2026-07-05T14:30:00Z,2026-07-05T16:30:00+0200,8.93,EUR/MWh,BE,BE,imbalance_price,Long,2026-08-03T03:49:42Z
2026-08-03T03:49:03Z,2026-08-03T05:49:03+0200,d815d4ad-795d-45eb-9ad8-9d704f7a3f43,2026-07-05T14:30:00Z,2026-07-05T16:30:00+0200,8.93,EUR/MWh,BE,BE,imbalance_price,Short,2026-08-03T03:49:42Z
2026-08-03T03:49:03Z,2026-08-03T05:49:03+0200,d815d4ad-795d-45eb-9ad8-9d704f7a3f43,2026-07-05T14:45:00Z,2026-07-05T16:45:00+0200,0.84,EUR/MWh,BE,BE,imbalance_price,Long,2026-08-03T03:49:42Z
2026-08-03T03:49:03Z,2026-08-03T05:49:03+0200,d815d4ad-795d-45eb-9ad8-9d704f7a3f43,2026-07-05T14:45:00Z,2026-07-05T16:45:00+0200,0.84,EUR/MWh,BE,BE,imbalance_price,Short,2026-08-03T03:49:42Z
2026-08-03T03:49:03Z,2026-08-03T05:49:03+0200,d815d4ad-795d-45eb-9ad8-9d704f7a3f43,2026-07-05T15:00:00Z,2026-07-05T17:00:00+0200,7.0,EUR/MWh,BE,BE,imbalance_price,Long,2026-08-03T03:49:42Z
2026-08-03T03:49:03Z,2026-08-03T05:49:03+0200,d815d4ad-795d-45eb-9ad8-9d704f7a3f43,2026-07-05T15:00:00Z,2026-07-05T17:00:00+0200,7.0,EUR/MWh,BE,BE,imbalance_price,Short,2026-08-03T03:49:42Z
2026-08-03T03:49:03Z,2026-08-03T05:49:03+0200,d815d4ad-795d-45eb-9ad8-9d704f7a3f43,2026-07-05T15:15:00Z,2026-07-05T17:15:00+0200,-1.67,EUR/MWh,BE,BE,imbalance_price,Long,2026-08-03T03:49:42Z
2026-08-03T03:49:03Z,2026-08-03T05:49:03+0200,d815d4ad-795d-45eb-9ad8-9d704f7a3f43,2026-07-05T15:15:00Z,2026-07-05T17:15:00+0200,-1.67,EUR/MWh,BE,BE,imbalance_price,Short,2026-08-03T03:49:42Z
2026-08-03T03:49:03Z,2026-08-03T05:49:03+0200,d815d4ad-795d-45eb-9ad8-9d704f7a3f43,2026-07-05T15:30:00Z,2026-07-05T17:30:00+0200,38.5,EUR/MWh,BE,BE,imbalance_price,Long,2026-08-03T03:49:42Z
2026-08-03T03:49:03Z,2026-08-03T05:49:03+0200,d815d4ad-795d-45eb-9ad8-9d704f7a3f43,2026-07-05T15:30:00Z,2026-07-05T17:30:00+0200,38.5,EUR/MWh,BE,BE,imbalance_price,Short,2026-08-03T03:49:42Z
2026-08-03T03:49:03Z,2026-08-03T05:49:03+0200,d815d4ad-795d-45eb-9ad8-9d704f7a3f43,2026-07-05T15:45:00Z,2026-07-05T17:45:00+0200,7.0,EUR/MWh,BE,BE,imbalance_price,Long,2026-08-03T03:49:42Z
2026-08-03T03:49:03Z,2026-08-03T05:49:03+0200,d815d4ad-795d-45eb-9ad8-9d704f7a3f43,2026-07-05T15:45:00Z,2026-07-05T17:45:00+0200,7.0,EUR/MWh,BE,BE,imbalance_price,Short,2026-08-03T03:49:42Z
2026-08-03T03:49:03Z,2026-08-03T05:49:03+0200,d815d4ad-795d-45eb-9ad8-9d704f7a3f43,2026-07-05T16:00:00Z,2026-07-05T18:00:00+0200,64.52,EUR/MWh,BE,BE,imbalance_price,Long,2026-08-03T03:49:42Z
2026-08-03T03:49:03Z,2026-08-03T05:49:03+0200,d815d4ad-795d-45eb-9ad8-9d704f7a3f43,2026-07-05T16:00:00Z,2026-07-05T18:00:00+0200,64.52,EUR/MWh,BE,BE,imbalance_price,Short,2026-08-03T03:49:42Z
2026-08-03T03:49:03Z,2026-08-03T05:49:03+0200,d815d4ad-795d-45eb-9ad8-9d704f7a3f43,2026-07-05T16:15:00Z,2026-07-05T18:15:00+0200,37.05,EUR/MWh,BE,BE,imbalance_price,Long,2026-08-03T03:49:42Z
2026-08-03T03:49:03Z,2026-08-03T05:49:03+0200,d815d4ad-795d-45eb-9ad8-9d704f7a3f43,2026-07-05T16:15:00Z,2026-07-05T18:15:00+0200,37.05,EUR/MWh,BE,BE,imbalance_price,Short,2026-08-03T03:49:42Z
2026-08-03T03:49:03Z,2026-08-03T05:49:03+0200,d815d4ad-795d-45eb-9ad8-9d704f7a3f43,2026-07-05T16:30:00Z,2026-07-05T18:30:00+0200,97.9,EUR/MWh,BE,BE,imbalance_price,Long,2026-08-03T03:49:42Z
2026-08-03T03:49:03Z,2026-08-03T05:49:03+0200,d815d4ad-795d-45eb-9ad8-9d704f7a3f43,2026-07-05T16:30:00Z,2026-07-05T18:30:00+0200,97.9,EUR/MWh,BE,BE,imbalance_price,Short,2026-08-03T03:49:42Z
2026-08-03T03:49:03Z,2026-08-03T05:49:03+0200,d815d4ad-795d-45eb-9ad8-9d704f7a3f43,2026-07-05T16:45:00Z,2026-07-05T18:45:00+0200,124.0,EUR/MWh,BE,BE,imbalance_price,Long,2026-08-03T03:49:42Z
2026-08-03T03:49:03Z,2026-08-03T05:49:03+0200,d815d4ad-795d-45eb-9ad8-9d704f7a3f43,2026-07-05T16:45:00Z,2026-07-05T18:45:00+0200,124.0,EUR/MWh,BE,BE,imbalance_price,Short,2026-08-03T03:49:42Z
2026-08-03T03:49:03Z,2026-08-03T05:49:03+0200,d815d4ad-795d-45eb-9ad8-9d704f7a3f43,2026-07-05T17:00:00Z,2026-07-05T19:00:00+0200,81.15,EUR/MWh,BE,BE,imbalance_price,Long,2026-08-03T03:49:42Z
2026-08-03T03:49:03Z,2026-08-03T05:49:03+0200,d815d4ad-795d-45eb-9ad8-9d704f7a3f43,2026-07-05T17:00:00Z,2026-07-05T19:00:00+0200,81.15,EUR/MWh,BE,BE,imbalance_price,Short,2026-08-03T03:49:42Z
2026-08-03T03:49:03Z,2026-08-03T05:49:03+0200,d815d4ad-795d-45eb-9ad8-9d704f7a3f43,2026-07-05T17:15:00Z,2026-07-05T19:15:00+0200,141.29,EUR/MWh,BE,BE,imbalance_price,Long,2026-08-03T03:49:42Z
2026-08-03T03:49:03Z,2026-08-03T05:49:03+0200,d815d4ad-795d-45eb-9ad8-9d704f7a3f43,2026-07-05T17:15:00Z,2026-07-05T19:15:00+0200,141.29,EUR/MWh,BE,BE,imbalance_price,Short,2026-08-03T03:49:42Z
2026-08-03T03:49:03Z,2026-08-03T05:49:03+0200,d815d4ad-795d-45eb-9ad8-9d704f7a3f43,2026-07-05T17:30:00Z,2026-07-05T19:30:00+0200,101.58,EUR/MWh,BE,BE,imbalance_price,Long,2026-08-03T03:49:42Z
2026-08-03T03:49:03Z,2026-08-03T05:49:03+0200,d815d4ad-795d-45eb-9ad8-9d704f7a3f43,2026-07-05T17:30:00Z,2026-07-05T19:30:00+0200,101.58,EUR/MWh,BE,BE,imbalance_price,Short,2026-08-03T03:49:42Z
2026-08-03T03:49:03Z,2026-08-03T05:49:03+0200,d815d4ad-795d-45eb-9ad8-9d704f7a3f43,2026-07-05T17:45:00Z,2026-07-05T19:45:00+0200,161.66,EUR/MWh,BE,BE,imbalance_price,Long,2026-08-03T03:49:42Z
2026-08-03T03:49:03Z,2026-08-03T05:49:03+0200,d815d4ad-795d-45eb-9ad8-9d704f7a3f43,2026-07-05T17:45:00Z,2026-07-05T19:45:00+0200,161.66,EUR/MWh,BE,BE,imbalance_price,Short,2026-08-03T03:49:42Z
2026-08-03T03:49:03Z,2026-08-03T05:49:03+0200,d815d4ad-795d-45eb-9ad8-9d704f7a3f43,2026-07-05T18:00:00Z,2026-07-05T20:00:00+0200,164.48,EUR/MWh,BE,BE,imbalance_price,Long,2026-08-03T03:49:42Z
2026-08-03T03:49:03Z,2026-08-03T05:49:03+0200,d815d4ad-795d-45eb-9ad8-9d704f7a3f43,2026-07-05T18:00:00Z,2026-07-05T20:00:00+0200,164.48,EUR/MWh,BE,BE,imbalance_price,Short,2026-08-03T03:49:42Z
2026-08-03T03:49:03Z,2026-08-03T05:49:03+0200,d815d4ad-795d-45eb-9ad8-9d704f7a3f43,2026-07-05T18:15:00Z,2026-07-05T20:15:00+0200,171.95,EUR/MWh,BE,BE,imbalance_price,Long,2026-08-03T03:49:42Z
2026-08-03T03:49:03Z,2026-08-03T05:49:03+0200,d815d4ad-795d-45eb-9ad8-9d704f7a3f43,2026-07-05T18:15:00Z,2026-07-05T20:15:00+0200,171.95,EUR/MWh,BE,BE,imbalance_price,Short,2026-08-03T03:49:42Z
2026-08-03T03:49:03Z,2026-08-03T05:49:03+0200,d815d4ad-795d-45eb-9ad8-9d704f7a3f43,2026-07-05T18:30:00Z,2026-07-05T20:30:00+0200,110.0,EUR/MWh,BE,BE,imbalance_price,Long,2026-08-03T03:49:42Z
2026-08-03T03:49:03Z,2026-08-03T05:49:03+0200,d815d4ad-795d-45eb-9ad8-9d704f7a3f43,2026-07-05T18:30:00Z,2026-07-05T20:30:00+0200,110.0,EUR/MWh,BE,BE,imbalance_price,Short,2026-08-03T03:49:42Z
2026-08-03T03:49:03Z,2026-08-03T05:49:03+0200,d815d4ad-795d-45eb-9ad8-9d704f7a3f43,2026-07-05T18:45:00Z,2026-07-05T20:45:00+0200,122.78,EUR/MWh,BE,BE,imbalance_price,Long,2026-08-03T03:49:42Z
2026-08-03T03:49:03Z,2026-08-03T05:49:03+0200,d815d4ad-795d-45eb-9ad8-9d704f7a3f43,2026-07-05T18:45:00Z,2026-07-05T20:45:00+0200,122.78,EUR/MWh,BE,BE,imbalance_price,Short,2026-08-03T03:49:42Z
2026-08-03T03:49:03Z,2026-08-03T05:49:03+0200,d815d4ad-795d-45eb-9ad8-9d704f7a3f43,2026-07-05T19:00:00Z,2026-07-05T21:00:00+0200,134.66,EUR/MWh,BE,BE,imbalance_price,Long,2026-08-03T03:49:42Z
2026-08-03T03:49:03Z,2026-08-03T05:49:03+0200,d815d4ad-795d-45eb-9ad8-9d704f7a3f43,2026-07-05T19:00:00Z,2026-07-05T21:00:00+0200,134.66,EUR/MWh,BE,BE,imbalance_price,Short,2026-08-03T03:49:42Z
2026-08-03T03:49:03Z,2026-08-03T05:49:03+0200,d815d4ad-795d-45eb-9ad8-9d704f7a3f43,2026-07-05T19:15:00Z,2026-07-05T21:15:00+0200,136.54,EUR/MWh,BE,BE,imbalance_price,Long,2026-08-03T03:49:42Z
2026-08-03T03:49:03Z,2026-08-03T05:49:03+0200,d815d4ad-795d-45eb-9ad8-9d704f7a3f43,2026-07-05T19:15:00Z,2026-07-05T21:15:00+0200,136.54,EUR/MWh,BE,BE,imbalance_price,Short,2026-08-03T03:49:42Z
2026-08-03T03:49:03Z,2026-08-03T05:49:03+0200,d815d4ad-795d-45eb-9ad8-9d704f7a3f43,2026-07-05T19:30:00Z,2026-07-05T21:30:00+0200,134.87,EUR/MWh,BE,BE,imbalance_price,Long,2026-08-03T03:49:42Z
2026-08-03T03:49:03Z,2026-08-03T05:49:03+0200,d815d4ad-795d-45eb-9ad8-9d704f7a3f43,2026-07-05T19:30:00Z,2026-07-05T21:30:00+0200,134.87,EUR/MWh,BE,BE,imbalance_price,Short,2026-08-03T03:49:42Z
2026-08-03T03:49:03Z,2026-08-03T05:49:03+0200,d815d4ad-795d-45eb-9ad8-9d704f7a3f43,2026-07-05T19:45:00Z,2026-07-05T21:45:00+0200,148.36,EUR/MWh,BE,BE,imbalance_price,Long,2026-08-03T03:49:42Z
2026-08-03T03:49:03Z,2026-08-03T05:49:03+0200,d815d4ad-795d-45eb-9ad8-9d704f7a3f43,2026-07-05T19:45:00Z,2026-07-05T21:45:00+0200,148.36,EUR/MWh,BE,BE,imbalance_price,Short,2026-08-03T03:49:42Z
2026-08-03T03:49:03Z,2026-08-03T05:49:03+0200,d815d4ad-795d-45eb-9ad8-9d704f7a3f43,2026-07-05T20:00:00Z,2026-07-05T22:00:00+0200,143.4,EUR/MWh,BE,BE,imbalance_price,Long,2026-08-03T03:49:42Z
2026-08-03T03:49:03Z,2026-08-03T05:49:03+0200,d815d4ad-795d-45eb-9ad8-9d704f7a3f43,2026-07-05T20:00:00Z,2026-07-05T22:00:00+0200,143.4,EUR/MWh,BE,BE,imbalance_price,Short,2026-08-03T03:49:42Z
2026-08-03T03:49:03Z,2026-08-03T05:49:03+0200,d815d4ad-795d-45eb-9ad8-9d704f7a3f43,2026-07-05T20:15:00Z,2026-07-05T22:15:00+0200,120.3,EUR/MWh,BE,BE,imbalance_price,Long,2026-08-03T03:49:42Z
2026-08-03T03:49:03Z,2026-08-03T05:49:03+0200,d815d4ad-795d-45eb-9ad8-9d704f7a3f43,2026-07-05T20:15:00Z,2026-07-05T22:15:00+0200,120.3,EUR/MWh,BE,BE,imbalance_price,Short,2026-08-03T03:49:42Z
2026-08-03T03:49:03Z,2026-08-03T05:49:03+0200,d815d4ad-795d-45eb-9ad8-9d704f7a3f43,2026-07-05T20:30:00Z,2026-07-05T22:30:00+0200,137.04,EUR/MWh,BE,BE,imbalance_price,Long,2026-08-03T03:49:42Z
2026-08-03T03:49:03Z,2026-08-03T05:49:03+0200,d815d4ad-795d-45eb-9ad8-9d704f7a3f43,2026-07-05T20:30:00Z,2026-07-05T22:30:00+0200,137.04,EUR/MWh,BE,BE,imbalance_price,Short,2026-08-03T03:49:42Z
2026-08-03T03:49:03Z,2026-08-03T05:49:03+0200,d815d4ad-795d-45eb-9ad8-9d704f7a3f43,2026-07-05T20:45:00Z,2026-07-05T22:45:00+0200,131.34,EUR/MWh,BE,BE,imbalance_price,Long,2026-08-03T03:49:42Z
2026-08-03T03:49:03Z,2026-08-03T05:49:03+0200,d815d4ad-795d-45eb-9ad8-9d704f7a3f43,2026-07-05T20:45:00Z,2026-07-05T22:45:00+0200,131.34,EUR/MWh,BE,BE,imbalance_price,Short,2026-08-03T03:49:42Z
2026-08-03T03:49:03Z,2026-08-03T05:49:03+0200,d815d4ad-795d-45eb-9ad8-9d704f7a3f43,2026-07-05T21:00:00Z,2026-07-05T23:00:00+0200,136.33,EUR/MWh,BE,BE,imbalance_price,Long,2026-08-03T03:49:42Z
2026-08-03T03:49:03Z,2026-08-03T05:49:03+0200,d815d4ad-795d-45eb-9ad8-9d704f7a3f43,2026-07-05T21:00:00Z,2026-07-05T23:00:00+0200,136.33,EUR/MWh,BE,BE,imbalance_price,Short,2026-08-03T03:49:42Z
2026-08-03T03:49:03Z,2026-08-03T05:49:03+0200,d815d4ad-795d-45eb-9ad8-9d704f7a3f43,2026-07-05T21:15:00Z,2026-07-05T23:15:00+0200,127.99,EUR/MWh,BE,BE,imbalance_price,Long,2026-08-03T03:49:42Z
2026-08-03T03:49:03Z,2026-08-03T05:49:03+0200,d815d4ad-795d-45eb-9ad8-9d704f7a3f43,2026-07-05T21:15:00Z,2026-07-05T23:15:00+0200,127.99,EUR/MWh,BE,BE,imbalance_price,Short,2026-08-03T03:49:42Z
2026-08-03T03:49:03Z,2026-08-03T05:49:03+0200,d815d4ad-795d-45eb-9ad8-9d704f7a3f43,2026-07-05T21:30:00Z,2026-07-05T23:30:00+0200,134.39,EUR/MWh,BE,BE,imbalance_price,Long,2026-08-03T03:49:42Z
2026-08-03T03:49:03Z,2026-08-03T05:49:03+0200,d815d4ad-795d-45eb-9ad8-9d704f7a3f43,2026-07-05T21:30:00Z,2026-07-05T23:30:00+0200,134.39,EUR/MWh,BE,BE,imbalance_price,Short,2026-08-03T03:49:42Z
2026-08-03T03:49:03Z,2026-08-03T05:49:03+0200,d815d4ad-795d-45eb-9ad8-9d704f7a3f43,2026-07-05T21:45:00Z,2026-07-05T23:45:00+0200,138.78,EUR/MWh,BE,BE,imbalance_price,Long,2026-08-03T03:49:42Z
2026-08-03T03:49:03Z,2026-08-03T05:49:03+0200,d815d4ad-795d-45eb-9ad8-9d704f7a3f43,2026-07-05T21:45:00Z,2026-07-05T23:45:00+0200,138.78,EUR/MWh,BE,BE,imbalance_price,Short,2026-08-03T03:49:42Z
2026-08-03T03:49:03Z,2026-08-03T05:49:03+0200,d815d4ad-795d-45eb-9ad8-9d704f7a3f43,2026-07-05T22:00:00Z,2026-07-06T00:00:00+0200,136.95,EUR/MWh,BE,BE,imbalance_price,Long,2026-08-03T03:49:42Z
2026-08-03T03:49:03Z,2026-08-03T05:49:03+0200,d815d4ad-795d-45eb-9ad8-9d704f7a3f43,2026-07-05T22:00:00Z,2026-07-06T00:00:00+0200,136.95,EUR/MWh,BE,BE,imbalance_price,Short,2026-08-03T03:49:42Z
2026-08-03T03:49:03Z,2026-08-03T05:49:03+0200,d815d4ad-795d-45eb-9ad8-9d704f7a3f43,2026-07-05T22:15:00Z,2026-07-06T00:15:00+0200,115.69,EUR/MWh,BE,BE,imbalance_price,Long,2026-08-03T03:49:42Z
2026-08-03T03:49:03Z,2026-08-03T05:49:03+0200,d815d4ad-795d-45eb-9ad8-9d704f7a3f43,2026-07-05T22:15:00Z,2026-07-06T00:15:00+0200,115.69,EUR/MWh,BE,BE,imbalance_price,Short,2026-08-03T03:49:42Z
2026-08-03T03:49:03Z,2026-08-03T05:49:03+0200,d815d4ad-795d-45eb-9ad8-9d704f7a3f43,2026-07-05T22:30:00Z,2026-07-06T00:30:00+0200,114.54,EUR/MWh,BE,BE,imbalance_price,Long,2026-08-03T03:49:42Z
2026-08-03T03:49:03Z,2026-08-03T05:49:03+0200,d815d4ad-795d-45eb-9ad8-9d704f7a3f43,2026-07-05T22:30:00Z,2026-07-06T00:30:00+0200,114.54,EUR/MWh,BE,BE,imbalance_price,Short,2026-08-03T03:49:42Z
2026-08-03T03:49:03Z,2026-08-03T05:49:03+0200,d815d4ad-795d-45eb-9ad8-9d704f7a3f43,2026-07-05T22:45:00Z,2026-07-06T00:45:00+0200,111.05,EUR/MWh,BE,BE,imbalance_price,Long,2026-08-03T03:49:42Z
2026-08-03T03:49:03Z,2026-08-03T05:49:03+0200,d815d4ad-795d-45eb-9ad8-9d704f7a3f43,2026-07-05T22:45:00Z,2026-07-06T00:45:00+0200,111.05,EUR/MWh,BE,BE,imbalance_price,Short,2026-08-03T03:49:42Z
2026-08-03T03:49:03Z,2026-08-03T05:49:03+0200,d815d4ad-795d-45eb-9ad8-9d704f7a3f43,2026-07-05T23:00:00Z,2026-07-06T01:00:00+0200,108.81,EUR/MWh,BE,BE,imbalance_price,Long,2026-08-03T03:49:42Z
2026-08-03T03:49:03Z,2026-08-03T05:49:03+0200,d815d4ad-795d-45eb-9ad8-9d704f7a3f43,2026-07-05T23:00:00Z,2026-07-06T01:00:00+0200,108.81,EUR/MWh,BE,BE,imbalance_price,Short,2026-08-03T03:49:42Z
2026-08-03T03:49:03Z,2026-08-03T05:49:03+0200,d815d4ad-795d-45eb-9ad8-9d704f7a3f43,2026-07-05T23:15:00Z,2026-07-06T01:15:00+0200,97.39,EUR/MWh,BE,BE,imbalance_price,Long,2026-08-03T03:49:42Z
2026-08-03T03:49:03Z,2026-08-03T05:49:03+0200,d815d4ad-795d-45eb-9ad8-9d704f7a3f43,2026-07-05T23:15:00Z,2026-07-06T01:15:00+0200,97.39,EUR/MWh,BE,BE,imbalance_price,Short,2026-08-03T03:49:42Z
2026-08-03T03:49:03Z,2026-08-03T05:49:03+0200,d815d4ad-795d-45eb-9ad8-9d704f7a3f43,2026-07-05T23:30:00Z,2026-07-06T01:30:00+0200,109.98,EUR/MWh,BE,BE,imbalance_price,Long,2026-08-03T03:49:42Z
2026-08-03T03:49:03Z,2026-08-03T05:49:03+0200,d815d4ad-795d-45eb-9ad8-9d704f7a3f43,2026-07-05T23:30:00Z,2026-07-06T01:30:00+0200,109.98,EUR/MWh,BE,BE,imbalance_price,Short,2026-08-03T03:49:42Z
2026-08-03T03:49:03Z,2026-08-03T05:49:03+0200,d815d4ad-795d-45eb-9ad8-9d704f7a3f43,2026-07-05T23:45:00Z,2026-07-06T01:45:00+0200,112.24,EUR/MWh,BE,BE,imbalance_price,Long,2026-08-03T03:49:42Z
2026-08-03T03:49:03Z,2026-08-03T05:49:03+0200,d815d4ad-795d-45eb-9ad8-9d704f7a3f43,2026-07-05T23:45:00Z,2026-07-06T01:45:00+0200,112.24,EUR/MWh,BE,BE,imbalance_price,Short,2026-08-03T03:49:42Z
2026-08-03T03:49:03Z,2026-08-03T05:49:03+0200,d815d4ad-795d-45eb-9ad8-9d704f7a3f43,2026-07-06T00:00:00Z,2026-07-06T02:00:00+0200,109.98,EUR/MWh,BE,BE,imbalance_price,Long,2026-08-03T03:49:42Z
2026-08-03T03:49:03Z,2026-08-03T05:49:03+0200,d815d4ad-795d-45eb-9ad8-9d704f7a3f43,2026-07-06T00:00:00Z,2026-07-06T02:00:00+0200,109.98,EUR/MWh,BE,BE,imbalance_price,Short,2026-08-03T03:49:42Z
2026-08-03T03:49:03Z,2026-08-03T05:49:03+0200,d815d4ad-795d-45eb-9ad8-9d704f7a3f43,2026-07-06T00:15:00Z,2026-07-06T02:15:00+0200,113.85,EUR/MWh,BE,BE,imbalance_price,Long,2026-08-03T03:49:42Z
2026-08-03T03:49:03Z,2026-08-03T05:49:03+0200,d815d4ad-795d-45eb-9ad8-9d704f7a3f43,2026-07-06T00:15:00Z,2026-07-06T02:15:00+0200,113.85,EUR/MWh,BE,BE,imbalance_price,Short,2026-08-03T03:49:42Z
2026-08-03T03:49:03Z,2026-08-03T05:49:03+0200,d815d4ad-795d-45eb-9ad8-9d704f7a3f43,2026-07-06T00:30:00Z,2026-07-06T02:30:00+0200,118.9,EUR/MWh,BE,BE,imbalance_price,Long,2026-08-03T03:49:42Z
2026-08-03T03:49:03Z,2026-08-03T05:49:03+0200,d815d4ad-795d-45eb-9ad8-9d704f7a3f43,2026-07-06T00:30:00Z,2026-07-06T02:30:00+0200,118.9,EUR/MWh,BE,BE,imbalance_price,Short,2026-08-03T03:49:42Z
2026-08-03T03:49:03Z,2026-08-03T05:49:03+0200,d815d4ad-795d-45eb-9ad8-9d704f7a3f43,2026-07-06T00:45:00Z,2026-07-06T02:45:00+0200,146.08,EUR/MWh,BE,BE,imbalance_price,Long,2026-08-03T03:49:42Z
2026-08-03T03:49:03Z,2026-08-03T05:49:03+0200,d815d4ad-795d-45eb-9ad8-9d704f7a3f43,2026-07-06T00:45:00Z,2026-07-06T02:45:00+0200,146.08,EUR/MWh,BE,BE,imbalance_price,Short,2026-08-03T03:49:42Z
2026-08-03T03:49:03Z,2026-08-03T05:49:03+0200,d815d4ad-795d-45eb-9ad8-9d704f7a3f43,2026-07-06T01:00:00Z,2026-07-06T03:00:00+0200,143.31,EUR/MWh,BE,BE,imbalance_price,Long,2026-08-03T03:49:42Z
2026-08-03T03:49:03Z,2026-08-03T05:49:03+0200,d815d4ad-795d-45eb-9ad8-9d704f7a3f43,2026-07-06T01:00:00Z,2026-07-06T03:00:00+0200,143.31,EUR/MWh,BE,BE,imbalance_price,Short,2026-08-03T03:49:42Z
2026-08-03T03:49:03Z,2026-08-03T05:49:03+0200,d815d4ad-795d-45eb-9ad8-9d704f7a3f43,2026-07-06T01:15:00Z,2026-07-06T03:15:00+0200,101.07,EUR/MWh,BE,BE,imbalance_price,Long,2026-08-03T03:49:42Z
2026-08-03T03:49:03Z,2026-08-03T05:49:03+0200,d815d4ad-795d-45eb-9ad8-9d704f7a3f43,2026-07-06T01:15:00Z,2026-07-06T03:15:00+0200,101.07,EUR/MWh,BE,BE,imbalance_price,Short,2026-08-03T03:49:42Z
2026-08-03T03:49:03Z,2026-08-03T05:49:03+0200,d815d4ad-795d-45eb-9ad8-9d704f7a3f43,2026-07-06T01:30:00Z,2026-07-06T03:30:00+0200,106.0,EUR/MWh,BE,BE,imbalance_price,Long,2026-08-03T03:49:42Z
2026-08-03T03:49:03Z,2026-08-03T05:49:03+0200,d815d4ad-795d-45eb-9ad8-9d704f7a3f43,2026-07-06T01:30:00Z,2026-07-06T03:30:00+0200,106.0,EUR/MWh,BE,BE,imbalance_price,Short,2026-08-03T03:49:42Z
2026-08-03T03:49:03Z,2026-08-03T05:49:03+0200,d815d4ad-795d-45eb-9ad8-9d704f7a3f43,2026-07-06T01:45:00Z,2026-07-06T03:45:00+0200,110.24,EUR/MWh,BE,BE,imbalance_price,Long,2026-08-03T03:49:42Z
2026-08-03T03:49:03Z,2026-08-03T05:49:03+0200,d815d4ad-795d-45eb-9ad8-9d704f7a3f43,2026-07-06T01:45:00Z,2026-07-06T03:45:00+0200,110.24,EUR/MWh,BE,BE,imbalance_price,Short,2026-08-03T03:49:42Z
2026-08-03T03:49:03Z,2026-08-03T05:49:03+0200,d815d4ad-795d-45eb-9ad8-9d704f7a3f43,2026-07-06T02:00:00Z,2026-07-06T04:00:00+0200,96.81,EUR/MWh,BE,BE,imbalance_price,Long,2026-08-03T03:49:42Z
2026-08-03T03:49:03Z,2026-08-03T05:49:03+0200,d815d4ad-795d-45eb-9ad8-9d704f7a3f43,2026-07-06T02:00:00Z,2026-07-06T04:00:00+0200,96.81,EUR/MWh,BE,BE,imbalance_price,Short,2026-08-03T03:49:42Z
2026-08-03T03:49:03Z,2026-08-03T05:49:03+0200,d815d4ad-795d-45eb-9ad8-9d704f7a3f43,2026-07-06T02:15:00Z,2026-07-06T04:15:00+0200,95.67,EUR/MWh,BE,BE,imbalance_price,Long,2026-08-03T03:49:42Z
2026-08-03T03:49:03Z,2026-08-03T05:49:03+0200,d815d4ad-795d-45eb-9ad8-9d704f7a3f43,2026-07-06T02:15:00Z,2026-07-06T04:15:00+0200,95.67,EUR/MWh,BE,BE,imbalance_price,Short,2026-08-03T03:49:42Z
2026-08-03T03:49:03Z,2026-08-03T05:49:03+0200,d815d4ad-795d-45eb-9ad8-9d704f7a3f43,2026-07-06T02:30:00Z,2026-07-06T04:30:00+0200,92.35,EUR/MWh,BE,BE,imbalance_price,Long,2026-08-03T03:49:42Z
2026-08-03T03:49:03Z,2026-08-03T05:49:03+0200,d815d4ad-795d-45eb-9ad8-9d704f7a3f43,2026-07-06T02:30:00Z,2026-07-06T04:30:00+0200,92.35,EUR/MWh,BE,BE,imbalance_price,Short,2026-08-03T03:49:42Z
2026-08-03T03:49:03Z,2026-08-03T05:49:03+0200,d815d4ad-795d-45eb-9ad8-9d704f7a3f43,2026-07-06T02:45:00Z,2026-07-06T04:45:00+0200,91.81,EUR/MWh,BE,BE,imbalance_price,Long,2026-08-03T03:49:42Z
2026-08-03T03:49:03Z,2026-08-03T05:49:03+0200,d815d4ad-795d-45eb-9ad8-9d704f7a3f43,2026-07-06T02:45:00Z,2026-07-06T04:45:00+0200,91.81,EUR/MWh,BE,BE,imbalance_price,Short,2026-08-03T03:49:42Z
2026-08-03T03:49:03Z,2026-08-03T05:49:03+0200,d815d4ad-795d-45eb-9ad8-9d704f7a3f43,2026-07-06T03:00:00Z,2026-07-06T05:00:00+0200,86.55,EUR/MWh,BE,BE,imbalance_price,Long,2026-08-03T03:49:42Z
2026-08-03T03:49:03Z,2026-08-03T05:49:03+0200,d815d4ad-795d-45eb-9ad8-9d704f7a3f43,2026-07-06T03:00:00Z,2026-07-06T05:00:00+0200,86.55,EUR/MWh,BE,BE,imbalance_price,Short,2026-08-03T03:49:42Z
2026-08-03T03:49:03Z,2026-08-03T05:49:03+0200,d815d4ad-795d-45eb-9ad8-9d704f7a3f43,2026-07-06T03:15:00Z,2026-07-06T05:15:00+0200,96.88,EUR/MWh,BE,BE,imbalance_price,Long,2026-08-03T03:49:42Z
2026-08-03T03:49:03Z,2026-08-03T05:49:03+0200,d815d4ad-795d-45eb-9ad8-9d704f7a3f43,2026-07-06T03:15:00Z,2026-07-06T05:15:00+0200,96.88,EUR/MWh,BE,BE,imbalance_price,Short,2026-08-03T03:49:42Z
2026-08-03T03:49:03Z,2026-08-03T05:49:03+0200,d815d4ad-795d-45eb-9ad8-9d704f7a3f43,2026-07-06T03:30:00Z,2026-07-06T05:30:00+0200,90.83,EUR/MWh,BE,BE,imbalance_price,Long,2026-08-03T03:49:42Z
2026-08-03T03:49:03Z,2026-08-03T05:49:03+0200,d815d4ad-795d-45eb-9ad8-9d704f7a3f43,2026-07-06T03:30:00Z,2026-07-06T05:30:00+0200,90.83,EUR/MWh,BE,BE,imbalance_price,Short,2026-08-03T03:49:42Z
2026-08-03T03:49:03Z,2026-08-03T05:49:03+0200,d815d4ad-795d-45eb-9ad8-9d704f7a3f43,2026-07-06T03:45:00Z,2026-07-06T05:45:00+0200,98.27,EUR/MWh,BE,BE,imbalance_price,Long,2026-08-03T03:49:42Z
2026-08-03T03:49:03Z,2026-08-03T05:49:03+0200,d815d4ad-795d-45eb-9ad8-9d704f7a3f43,2026-07-06T03:45:00Z,2026-07-06T05:45:00+0200,98.27,EUR/MWh,BE,BE,imbalance_price,Short,2026-08-03T03:49:42Z
2026-08-03T03:49:03Z,2026-08-03T05:49:03+0200,d815d4ad-795d-45eb-9ad8-9d704f7a3f43,2026-07-06T04:00:00Z,2026-07-06T06:00:00+0200,110.0,EUR/MWh,BE,BE,imbalance_price,Long,2026-08-03T03:49:42Z
2026-08-03T03:49:03Z,2026-08-03T05:49:03+0200,d815d4ad-795d-45eb-9ad8-9d704f7a3f43,2026-07-06T04:00:00Z,2026-07-06T06:00:00+0200,110.0,EUR/MWh,BE,BE,imbalance_price,Short,2026-08-03T03:49:42Z
2026-08-03T03:49:03Z,2026-08-03T05:49:03+0200,d815d4ad-795d-45eb-9ad8-9d704f7a3f43,2026-07-06T04:15:00Z,2026-07-06T06:15:00+0200,108.52,EUR/MWh,BE,BE,imbalance_price,Long,2026-08-03T03:49:42Z
2026-08-03T03:49:03Z,2026-08-03T05:49:03+0200,d815d4ad-795d-45eb-9ad8-9d704f7a3f43,2026-07-06T04:15:00Z,2026-07-06T06:15:00+0200,108.52,EUR/MWh,BE,BE,imbalance_price,Short,2026-08-03T03:49:42Z
2026-08-03T03:49:03Z,2026-08-03T05:49:03+0200,d815d4ad-795d-45eb-9ad8-9d704f7a3f43,2026-07-06T04:30:00Z,2026-07-06T06:30:00+0200,107.41,EUR/MWh,BE,BE,imbalance_price,Long,2026-08-03T03:49:42Z
2026-08-03T03:49:03Z,2026-08-03T05:49:03+0200,d815d4ad-795d-45eb-9ad8-9d704f7a3f43,2026-07-06T04:30:00Z,2026-07-06T06:30:00+0200,107.41,EUR/MWh,BE,BE,imbalance_price,Short,2026-08-03T03:49:42Z
2026-08-03T03:49:03Z,2026-08-03T05:49:03+0200,d815d4ad-795d-45eb-9ad8-9d704f7a3f43,2026-07-06T04:45:00Z,2026-07-06T06:45:00+0200,110.0,EUR/MWh,BE,BE,imbalance_price,Long,2026-08-03T03:49:42Z
2026-08-03T03:49:03Z,2026-08-03T05:49:03+0200,d815d4ad-795d-45eb-9ad8-9d704f7a3f43,2026-07-06T04:45:00Z,2026-07-06T06:45:00+0200,110.0,EUR/MWh,BE,BE,imbalance_price,Short,2026-08-03T03:49:42Z
2026-08-03T03:49:03Z,2026-08-03T05:49:03+0200,d815d4ad-795d-45eb-9ad8-9d704f7a3f43,2026-07-06T05:00:00Z,2026-07-06T07:00:00+0200,129.77,EUR/MWh,BE,BE,imbalance_price,Long,2026-08-03T03:49:42Z
2026-08-03T03:49:03Z,2026-08-03T05:49:03+0200,d815d4ad-795d-45eb-9ad8-9d704f7a3f43,2026-07-06T05:00:00Z,2026-07-06T07:00:00+0200,129.77,EUR/MWh,BE,BE,imbalance_price,Short,2026-08-03T03:49:42Z
2026-08-03T03:49:03Z,2026-08-03T05:49:03+0200,d815d4ad-795d-45eb-9ad8-9d704f7a3f43,2026-07-06T05:15:00Z,2026-07-06T07:15:00+0200,93.34,EUR/MWh,BE,BE,imbalance_price,Long,2026-08-03T03:49:42Z
2026-08-03T03:49:03Z,2026-08-03T05:49:03+0200,d815d4ad-795d-45eb-9ad8-9d704f7a3f43,2026-07-06T05:15:00Z,2026-07-06T07:15:00+0200,93.34,EUR/MWh,BE,BE,imbalance_price,Short,2026-08-03T03:49:42Z
2026-08-03T03:49:03Z,2026-08-03T05:49:03+0200,d815d4ad-795d-45eb-9ad8-9d704f7a3f43,2026-07-06T05:30:00Z,2026-07-06T07:30:00+0200,116.09,EUR/MWh,BE,BE,imbalance_price,Long,2026-08-03T03:49:42Z
2026-08-03T03:49:03Z,2026-08-03T05:49:03+0200,d815d4ad-795d-45eb-9ad8-9d704f7a3f43,2026-07-06T05:30:00Z,2026-07-06T07:30:00+0200,116.09,EUR/MWh,BE,BE,imbalance_price,Short,2026-08-03T03:49:42Z
2026-08-03T03:49:03Z,2026-08-03T05:49:03+0200,d815d4ad-795d-45eb-9ad8-9d704f7a3f43,2026-07-06T05:45:00Z,2026-07-06T07:45:00+0200,105.21,EUR/MWh,BE,BE,imbalance_price,Long,2026-08-03T03:49:42Z
2026-08-03T03:49:03Z,2026-08-03T05:49:03+0200,d815d4ad-795d-45eb-9ad8-9d704f7a3f43,2026-07-06T05:45:00Z,2026-07-06T07:45:00+0200,105.21,EUR/MWh,BE,BE,imbalance_price,Short,2026-08-03T03:49:42Z
2026-08-03T03:49:03Z,2026-08-03T05:49:03+0200,d815d4ad-795d-45eb-9ad8-9d704f7a3f43,2026-07-06T06:00:00Z,2026-07-06T08:00:00+0200,104.09,EUR/MWh,BE,BE,imbalance_price,Long,2026-08-03T03:49:42Z
2026-08-03T03:49:03Z,2026-08-03T05:49:03+0200,d815d4ad-795d-45eb-9ad8-9d704f7a3f43,2026-07-06T06:00:00Z,2026-07-06T08:00:00+0200,104.09,EUR/MWh,BE,BE,imbalance_price,Short,2026-08-03T03:49:42Z
2026-08-03T03:49:03Z,2026-08-03T05:49:03+0200,d815d4ad-795d-45eb-9ad8-9d704f7a3f43,2026-07-06T06:15:00Z,2026-07-06T08:15:00+0200,83.03,EUR/MWh,BE,BE,imbalance_price,Long,2026-08-03T03:49:42Z
2026-08-03T03:49:03Z,2026-08-03T05:49:03+0200,d815d4ad-795d-45eb-9ad8-9d704f7a3f43,2026-07-06T06:15:00Z,2026-07-06T08:15:00+0200,83.03,EUR/MWh,BE,BE,imbalance_price,Short,2026-08-03T03:49:42Z
2026-08-03T03:49:03Z,2026-08-03T05:49:03+0200,d815d4ad-795d-45eb-9ad8-9d704f7a3f43,2026-07-06T06:30:00Z,2026-07-06T08:30:00+0200,70.46,EUR/MWh,BE,BE,imbalance_price,Long,2026-08-03T03:49:42Z
2026-08-03T03:49:03Z,2026-08-03T05:49:03+0200,d815d4ad-795d-45eb-9ad8-9d704f7a3f43,2026-07-06T06:30:00Z,2026-07-06T08:30:00+0200,70.46,EUR/MWh,BE,BE,imbalance_price,Short,2026-08-03T03:49:42Z
2026-08-03T03:49:03Z,2026-08-03T05:49:03+0200,d815d4ad-795d-45eb-9ad8-9d704f7a3f43,2026-07-06T06:45:00Z,2026-07-06T08:45:00+0200,47.25,EUR/MWh,BE,BE,imbalance_price,Long,2026-08-03T03:49:42Z
2026-08-03T03:49:03Z,2026-08-03T05:49:03+0200,d815d4ad-795d-45eb-9ad8-9d704f7a3f43,2026-07-06T06:45:00Z,2026-07-06T08:45:00+0200,47.25,EUR/MWh,BE,BE,imbalance_price,Short,2026-08-03T03:49:42Z
2026-08-03T03:49:03Z,2026-08-03T05:49:03+0200,d815d4ad-795d-45eb-9ad8-9d704f7a3f43,2026-07-06T07:00:00Z,2026-07-06T09:00:00+0200,-6.13,EUR/MWh,BE,BE,imbalance_price,Long,2026-08-03T03:49:42Z
2026-08-03T03:49:03Z,2026-08-03T05:49:03+0200,d815d4ad-795d-45eb-9ad8-9d704f7a3f43,2026-07-06T07:00:00Z,2026-07-06T09:00:00+0200,-6.13,EUR/MWh,BE,BE,imbalance_price,Short,2026-08-03T03:49:42Z
2026-08-03T03:49:03Z,2026-08-03T05:49:03+0200,d815d4ad-795d-45eb-9ad8-9d704f7a3f43,2026-07-06T07:15:00Z,2026-07-06T09:15:00+0200,12.82,EUR/MWh,BE,BE,imbalance_price,Long,2026-08-03T03:49:42Z
2026-08-03T03:49:03Z,2026-08-03T05:49:03+0200,d815d4ad-795d-45eb-9ad8-9d704f7a3f43,2026-07-06T07:15:00Z,2026-07-06T09:15:00+0200,12.82,EUR/MWh,BE,BE,imbalance_price,Short,2026-08-03T03:49:42Z
2026-08-03T03:49:03Z,2026-08-03T05:49:03+0200,d815d4ad-795d-45eb-9ad8-9d704f7a3f43,2026-07-06T07:30:00Z,2026-07-06T09:30:00+0200,22.32,EUR/MWh,BE,BE,imbalance_price,Long,2026-08-03T03:49:42Z
2026-08-03T03:49:03Z,2026-08-03T05:49:03+0200,d815d4ad-795d-45eb-9ad8-9d704f7a3f43,2026-07-06T07:30:00Z,2026-07-06T09:30:00+0200,22.32,EUR/MWh,BE,BE,imbalance_price,Short,2026-08-03T03:49:42Z
2026-08-03T03:49:03Z,2026-08-03T05:49:03+0200,d815d4ad-795d-45eb-9ad8-9d704f7a3f43,2026-07-06T07:45:00Z,2026-07-06T09:45:00+0200,27.0,EUR/MWh,BE,BE,imbalance_price,Long,2026-08-03T03:49:42Z
2026-08-03T03:49:03Z,2026-08-03T05:49:03+0200,d815d4ad-795d-45eb-9ad8-9d704f7a3f43,2026-07-06T07:45:00Z,2026-07-06T09:45:00+0200,27.0,EUR/MWh,BE,BE,imbalance_price,Short,2026-08-03T03:49:42Z
2026-08-03T03:49:03Z,2026-08-03T05:49:03+0200,d815d4ad-795d-45eb-9ad8-9d704f7a3f43,2026-07-06T08:00:00Z,2026-07-06T10:00:00+0200,55.58,EUR/MWh,BE,BE,imbalance_price,Long,2026-08-03T03:49:42Z
2026-08-03T03:49:03Z,2026-08-03T05:49:03+0200,d815d4ad-795d-45eb-9ad8-9d704f7a3f43,2026-07-06T08:00:00Z,2026-07-06T10:00:00+0200,55.58,EUR/MWh,BE,BE,imbalance_price,Short,2026-08-03T03:49:42Z
2026-08-03T03:49:03Z,2026-08-03T05:49:03+0200,d815d4ad-795d-45eb-9ad8-9d704f7a3f43,2026-07-06T08:15:00Z,2026-07-06T10:15:00+0200,76.93,EUR/MWh,BE,BE,imbalance_price,Long,2026-08-03T03:49:42Z
2026-08-03T03:49:03Z,2026-08-03T05:49:03+0200,d815d4ad-795d-45eb-9ad8-9d704f7a3f43,2026-07-06T08:15:00Z,2026-07-06T10:15:00+0200,76.93,EUR/MWh,BE,BE,imbalance_price,Short,2026-08-03T03:49:42Z
2026-08-03T03:49:03Z,2026-08-03T05:49:03+0200,d815d4ad-795d-45eb-9ad8-9d704f7a3f43,2026-07-06T08:30:00Z,2026-07-06T10:30:00+0200,30.06,EUR/MWh,BE,BE,imbalance_price,Long,2026-08-03T03:49:42Z
2026-08-03T03:49:03Z,2026-08-03T05:49:03+0200,d815d4ad-795d-45eb-9ad8-9d704f7a3f43,2026-07-06T08:30:00Z,2026-07-06T10:30:00+0200,30.06,EUR/MWh,BE,BE,imbalance_price,Short,2026-08-03T03:49:42Z
2026-08-03T03:49:03Z,2026-08-03T05:49:03+0200,d815d4ad-795d-45eb-9ad8-9d704f7a3f43,2026-07-06T08:45:00Z,2026-07-06T10:45:00+0200,1.37,EUR/MWh,BE,BE,imbalance_price,Long,2026-08-03T03:49:42Z
2026-08-03T03:49:03Z,2026-08-03T05:49:03+0200,d815d4ad-795d-45eb-9ad8-9d704f7a3f43,2026-07-06T08:45:00Z,2026-07-06T10:45:00+0200,1.37,EUR/MWh,BE,BE,imbalance_price,Short,2026-08-03T03:49:42Z
2026-08-03T03:49:03Z,2026-08-03T05:49:03+0200,d815d4ad-795d-45eb-9ad8-9d704f7a3f43,2026-07-06T09:00:00Z,2026-07-06T11:00:00+0200,7.2,EUR/MWh,BE,BE,imbalance_price,Long,2026-08-03T03:49:42Z
2026-08-03T03:49:03Z,2026-08-03T05:49:03+0200,d815d4ad-795d-45eb-9ad8-9d704f7a3f43,2026-07-06T09:00:00Z,2026-07-06T11:00:00+0200,7.2,EUR/MWh,BE,BE,imbalance_price,Short,2026-08-03T03:49:42Z
2026-08-03T03:49:03Z,2026-08-03T05:49:03+0200,d815d4ad-795d-45eb-9ad8-9d704f7a3f43,2026-07-06T09:15:00Z,2026-07-06T11:15:00+0200,0.07,EUR/MWh,BE,BE,imbalance_price,Long,2026-08-03T03:49:42Z
2026-08-03T03:49:03Z,2026-08-03T05:49:03+0200,d815d4ad-795d-45eb-9ad8-9d704f7a3f43,2026-07-06T09:15:00Z,2026-07-06T11:15:00+0200,0.07,EUR/MWh,BE,BE,imbalance_price,Short,2026-08-03T03:49:42Z
2026-08-03T03:49:03Z,2026-08-03T05:49:03+0200,d815d4ad-795d-45eb-9ad8-9d704f7a3f43,2026-07-06T09:30:00Z,2026-07-06T11:30:00+0200,-5.7,EUR/MWh,BE,BE,imbalance_price,Long,2026-08-03T03:49:42Z
2026-08-03T03:49:03Z,2026-08-03T05:49:03+0200,d815d4ad-795d-45eb-9ad8-9d704f7a3f43,2026-07-06T09:30:00Z,2026-07-06T11:30:00+0200,-5.7,EUR/MWh,BE,BE,imbalance_price,Short,2026-08-03T03:49:42Z
2026-08-03T03:49:03Z,2026-08-03T05:49:03+0200,d815d4ad-795d-45eb-9ad8-9d704f7a3f43,2026-07-06T09:45:00Z,2026-07-06T11:45:00+0200,0.14,EUR/MWh,BE,BE,imbalance_price,Long,2026-08-03T03:49:42Z
2026-08-03T03:49:03Z,2026-08-03T05:49:03+0200,d815d4ad-795d-45eb-9ad8-9d704f7a3f43,2026-07-06T09:45:00Z,2026-07-06T11:45:00+0200,0.14,EUR/MWh,BE,BE,imbalance_price,Short,2026-08-03T03:49:42Z
2026-08-03T03:49:03Z,2026-08-03T05:49:03+0200,d815d4ad-795d-45eb-9ad8-9d704f7a3f43,2026-07-06T10:00:00Z,2026-07-06T12:00:00+0200,-9.27,EUR/MWh,BE,BE,imbalance_price,Long,2026-08-03T03:49:42Z
2026-08-03T03:49:03Z,2026-08-03T05:49:03+0200,d815d4ad-795d-45eb-9ad8-9d704f7a3f43,2026-07-06T10:00:00Z,2026-07-06T12:00:00+0200,-9.27,EUR/MWh,BE,BE,imbalance_price,Short,2026-08-03T03:49:42Z
2026-08-03T03:49:03Z,2026-08-03T05:49:03+0200,d815d4ad-795d-45eb-9ad8-9d704f7a3f43,2026-07-06T10:15:00Z,2026-07-06T12:15:00+0200,11.07,EUR/MWh,BE,BE,imbalance_price,Long,2026-08-03T03:49:42Z
2026-08-03T03:49:03Z,2026-08-03T05:49:03+0200,d815d4ad-795d-45eb-9ad8-9d704f7a3f43,2026-07-06T10:15:00Z,2026-07-06T12:15:00+0200,11.07,EUR/MWh,BE,BE,imbalance_price,Short,2026-08-03T03:49:42Z
2026-08-03T03:49:03Z,2026-08-03T05:49:03+0200,d815d4ad-795d-45eb-9ad8-9d704f7a3f43,2026-07-06T10:30:00Z,2026-07-06T12:30:00+0200,6.98,EUR/MWh,BE,BE,imbalance_price,Long,2026-08-03T03:49:42Z
2026-08-03T03:49:03Z,2026-08-03T05:49:03+0200,d815d4ad-795d-45eb-9ad8-9d704f7a3f43,2026-07-06T10:30:00Z,2026-07-06T12:30:00+0200,6.98,EUR/MWh,BE,BE,imbalance_price,Short,2026-08-03T03:49:42Z
2026-08-03T03:49:03Z,2026-08-03T05:49:03+0200,d815d4ad-795d-45eb-9ad8-9d704f7a3f43,2026-07-06T10:45:00Z,2026-07-06T12:45:00+0200,7.45,EUR/MWh,BE,BE,imbalance_price,Long,2026-08-03T03:49:42Z
2026-08-03T03:49:03Z,2026-08-03T05:49:03+0200,d815d4ad-795d-45eb-9ad8-9d704f7a3f43,2026-07-06T10:45:00Z,2026-07-06T12:45:00+0200,7.45,EUR/MWh,BE,BE,imbalance_price,Short,2026-08-03T03:49:42Z
2026-08-03T03:49:03Z,2026-08-03T05:49:03+0200,d815d4ad-795d-45eb-9ad8-9d704f7a3f43,2026-07-06T11:00:00Z,2026-07-06T13:00:00+0200,4.0,EUR/MWh,BE,BE,imbalance_price,Long,2026-08-03T03:49:42Z
2026-08-03T03:49:03Z,2026-08-03T05:49:03+0200,d815d4ad-795d-45eb-9ad8-9d704f7a3f43,2026-07-06T11:00:00Z,2026-07-06T13:00:00+0200,4.0,EUR/MWh,BE,BE,imbalance_price,Short,2026-08-03T03:49:42Z
2026-08-03T03:49:03Z,2026-08-03T05:49:03+0200,d815d4ad-795d-45eb-9ad8-9d704f7a3f43,2026-07-06T11:15:00Z,2026-07-06T13:15:00+0200,-10.46,EUR/MWh,BE,BE,imbalance_price,Long,2026-08-03T03:49:42Z
2026-08-03T03:49:03Z,2026-08-03T05:49:03+0200,d815d4ad-795d-45eb-9ad8-9d704f7a3f43,2026-07-06T11:15:00Z,2026-07-06T13:15:00+0200,-10.46,EUR/MWh,BE,BE,imbalance_price,Short,2026-08-03T03:49:42Z
2026-08-03T03:49:03Z,2026-08-03T05:49:03+0200,d815d4ad-795d-45eb-9ad8-9d704f7a3f43,2026-07-06T11:30:00Z,2026-07-06T13:30:00+0200,-0.63,EUR/MWh,BE,BE,imbalance_price,Long,2026-08-03T03:49:42Z
2026-08-03T03:49:03Z,2026-08-03T05:49:03+0200,d815d4ad-795d-45eb-9ad8-9d704f7a3f43,2026-07-06T11:30:00Z,2026-07-06T13:30:00+0200,-0.63,EUR/MWh,BE,BE,imbalance_price,Short,2026-08-03T03:49:42Z
2026-08-03T03:49:03Z,2026-08-03T05:49:03+0200,d815d4ad-795d-45eb-9ad8-9d704f7a3f43,2026-07-06T11:45:00Z,2026-07-06T13:45:00+0200,-4.9,EUR/MWh,BE,BE,imbalance_price,Long,2026-08-03T03:49:42Z
2026-08-03T03:49:03Z,2026-08-03T05:49:03+0200,d815d4ad-795d-45eb-9ad8-9d704f7a3f43,2026-07-06T11:45:00Z,2026-07-06T13:45:00+0200,-4.9,EUR/MWh,BE,BE,imbalance_price,Short,2026-08-03T03:49:42Z
2026-08-03T03:49:03Z,2026-08-03T05:49:03+0200,d815d4ad-795d-45eb-9ad8-9d704f7a3f43,2026-07-06T12:00:00Z,2026-07-06T14:00:00+0200,-29.42,EUR/MWh,BE,BE,imbalance_price,Long,2026-08-03T03:49:42Z
2026-08-03T03:49:03Z,2026-08-03T05:49:03+0200,d815d4ad-795d-45eb-9ad8-9d704f7a3f43,2026-07-06T12:00:00Z,2026-07-06T14:00:00+0200,-29.42,EUR/MWh,BE,BE,imbalance_price,Short,2026-08-03T03:49:42Z
2026-08-03T03:49:03Z,2026-08-03T05:49:03+0200,d815d4ad-795d-45eb-9ad8-9d704f7a3f43,2026-07-06T12:15:00Z,2026-07-06T14:15:00+0200,-48.94,EUR/MWh,BE,BE,imbalance_price,Long,2026-08-03T03:49:42Z
2026-08-03T03:49:03Z,2026-08-03T05:49:03+0200,d815d4ad-795d-45eb-9ad8-9d704f7a3f43,2026-07-06T12:15:00Z,2026-07-06T14:15:00+0200,-48.94,EUR/MWh,BE,BE,imbalance_price,Short,2026-08-03T03:49:42Z
2026-08-03T03:49:03Z,2026-08-03T05:49:03+0200,d815d4ad-795d-45eb-9ad8-9d704f7a3f43,2026-07-06T12:30:00Z,2026-07-06T14:30:00+0200,-36.88,EUR/MWh,BE,BE,imbalance_price,Long,2026-08-03T03:49:42Z
2026-08-03T03:49:03Z,2026-08-03T05:49:03+0200,d815d4ad-795d-45eb-9ad8-9d704f7a3f43,2026-07-06T12:30:00Z,2026-07-06T14:30:00+0200,-36.88,EUR/MWh,BE,BE,imbalance_price,Short,2026-08-03T03:49:42Z
2026-08-03T03:49:03Z,2026-08-03T05:49:03+0200,d815d4ad-795d-45eb-9ad8-9d704f7a3f43,2026-07-06T12:45:00Z,2026-07-06T14:45:00+0200,-56.78,EUR/MWh,BE,BE,imbalance_price,Long,2026-08-03T03:49:42Z
2026-08-03T03:49:03Z,2026-08-03T05:49:03+0200,d815d4ad-795d-45eb-9ad8-9d704f7a3f43,2026-07-06T12:45:00Z,2026-07-06T14:45:00+0200,-56.78,EUR/MWh,BE,BE,imbalance_price,Short,2026-08-03T03:49:42Z
2026-08-03T03:49:03Z,2026-08-03T05:49:03+0200,d815d4ad-795d-45eb-9ad8-9d704f7a3f43,2026-07-06T13:00:00Z,2026-07-06T15:00:00+0200,-44.27,EUR/MWh,BE,BE,imbalance_price,Long,2026-08-03T03:49:42Z
2026-08-03T03:49:03Z,2026-08-03T05:49:03+0200,d815d4ad-795d-45eb-9ad8-9d704f7a3f43,2026-07-06T13:00:00Z,2026-07-06T15:00:00+0200,-44.27,EUR/MWh,BE,BE,imbalance_price,Short,2026-08-03T03:49:42Z
2026-08-03T03:49:03Z,2026-08-03T05:49:03+0200,d815d4ad-795d-45eb-9ad8-9d704f7a3f43,2026-07-06T13:15:00Z,2026-07-06T15:15:00+0200,-28.07,EUR/MWh,BE,BE,imbalance_price,Long,2026-08-03T03:49:42Z
2026-08-03T03:49:03Z,2026-08-03T05:49:03+0200,d815d4ad-795d-45eb-9ad8-9d704f7a3f43,2026-07-06T13:15:00Z,2026-07-06T15:15:00+0200,-28.07,EUR/MWh,BE,BE,imbalance_price,Short,2026-08-03T03:49:42Z
2026-08-03T03:49:03Z,2026-08-03T05:49:03+0200,d815d4ad-795d-45eb-9ad8-9d704f7a3f43,2026-07-06T13:30:00Z,2026-07-06T15:30:00+0200,-13.96,EUR/MWh,BE,BE,imbalance_price,Long,2026-08-03T03:49:42Z
2026-08-03T03:49:03Z,2026-08-03T05:49:03+0200,d815d4ad-795d-45eb-9ad8-9d704f7a3f43,2026-07-06T13:30:00Z,2026-07-06T15:30:00+0200,-13.96,EUR/MWh,BE,BE,imbalance_price,Short,2026-08-03T03:49:42Z
2026-08-03T03:49:03Z,2026-08-03T05:49:03+0200,d815d4ad-795d-45eb-9ad8-9d704f7a3f43,2026-07-06T13:45:00Z,2026-07-06T15:45:00+0200,-29.63,EUR/MWh,BE,BE,imbalance_price,Long,2026-08-03T03:49:42Z
2026-08-03T03:49:03Z,2026-08-03T05:49:03+0200,d815d4ad-795d-45eb-9ad8-9d704f7a3f43,2026-07-06T13:45:00Z,2026-07-06T15:45:00+0200,-29.63,EUR/MWh,BE,BE,imbalance_price,Short,2026-08-03T03:49:42Z
2026-08-03T03:49:03Z,2026-08-03T05:49:03+0200,d815d4ad-795d-45eb-9ad8-9d704f7a3f43,2026-07-06T14:00:00Z,2026-07-06T16:00:00+0200,-40.71,EUR/MWh,BE,BE,imbalance_price,Long,2026-08-03T03:49:42Z
2026-08-03T03:49:03Z,2026-08-03T05:49:03+0200,d815d4ad-795d-45eb-9ad8-9d704f7a3f43,2026-07-06T14:00:00Z,2026-07-06T16:00:00+0200,-40.71,EUR/MWh,BE,BE,imbalance_price,Short,2026-08-03T03:49:42Z
2026-08-03T03:49:03Z,2026-08-03T05:49:03+0200,d815d4ad-795d-45eb-9ad8-9d704f7a3f43,2026-07-06T14:15:00Z,2026-07-06T16:15:00+0200,-50.1,EUR/MWh,BE,BE,imbalance_price,Long,2026-08-03T03:49:42Z
2026-08-03T03:49:03Z,2026-08-03T05:49:03+0200,d815d4ad-795d-45eb-9ad8-9d704f7a3f43,2026-07-06T14:15:00Z,2026-07-06T16:15:00+0200,-50.1,EUR/MWh,BE,BE,imbalance_price,Short,2026-08-03T03:49:42Z
2026-08-03T03:49:03Z,2026-08-03T05:49:03+0200,d815d4ad-795d-45eb-9ad8-9d704f7a3f43,2026-07-06T14:30:00Z,2026-07-06T16:30:00+0200,-39.11,EUR/MWh,BE,BE,imbalance_price,Long,2026-08-03T03:49:42Z
2026-08-03T03:49:03Z,2026-08-03T05:49:03+0200,d815d4ad-795d-45eb-9ad8-9d704f7a3f43,2026-07-06T14:30:00Z,2026-07-06T16:30:00+0200,-39.11,EUR/MWh,BE,BE,imbalance_price,Short,2026-08-03T03:49:42Z
2026-08-03T03:49:03Z,2026-08-03T05:49:03+0200,d815d4ad-795d-45eb-9ad8-9d704f7a3f43,2026-07-06T14:45:00Z,2026-07-06T16:45:00+0200,4.45,EUR/MWh,BE,BE,imbalance_price,Long,2026-08-03T03:49:42Z
2026-08-03T03:49:03Z,2026-08-03T05:49:03+0200,d815d4ad-795d-45eb-9ad8-9d704f7a3f43,2026-07-06T14:45:00Z,2026-07-06T16:45:00+0200,4.45,EUR/MWh,BE,BE,imbalance_price,Short,2026-08-03T03:49:42Z
2026-08-03T03:49:03Z,2026-08-03T05:49:03+0200,d815d4ad-795d-45eb-9ad8-9d704f7a3f43,2026-07-06T15:00:00Z,2026-07-06T17:00:00+0200,-23.07,EUR/MWh,BE,BE,imbalance_price,Long,2026-08-03T03:49:42Z
2026-08-03T03:49:03Z,2026-08-03T05:49:03+0200,d815d4ad-795d-45eb-9ad8-9d704f7a3f43,2026-07-06T15:00:00Z,2026-07-06T17:00:00+0200,-23.07,EUR/MWh,BE,BE,imbalance_price,Short,2026-08-03T03:49:42Z
2026-08-03T03:49:03Z,2026-08-03T05:49:03+0200,d815d4ad-795d-45eb-9ad8-9d704f7a3f43,2026-07-06T15:15:00Z,2026-07-06T17:15:00+0200,-40.66,EUR/MWh,BE,BE,imbalance_price,Long,2026-08-03T03:49:42Z
2026-08-03T03:49:03Z,2026-08-03T05:49:03+0200,d815d4ad-795d-45eb-9ad8-9d704f7a3f43,2026-07-06T15:15:00Z,2026-07-06T17:15:00+0200,-40.66,EUR/MWh,BE,BE,imbalance_price,Short,2026-08-03T03:49:42Z
2026-08-03T03:49:03Z,2026-08-03T05:49:03+0200,d815d4ad-795d-45eb-9ad8-9d704f7a3f43,2026-07-06T15:30:00Z,2026-07-06T17:30:00+0200,79.0,EUR/MWh,BE,BE,imbalance_price,Long,2026-08-03T03:49:42Z
2026-08-03T03:49:03Z,2026-08-03T05:49:03+0200,d815d4ad-795d-45eb-9ad8-9d704f7a3f43,2026-07-06T15:30:00Z,2026-07-06T17:30:00+0200,79.0,EUR/MWh,BE,BE,imbalance_price,Short,2026-08-03T03:49:42Z
2026-08-03T03:49:03Z,2026-08-03T05:49:03+0200,d815d4ad-795d-45eb-9ad8-9d704f7a3f43,2026-07-06T15:45:00Z,2026-07-06T17:45:00+0200,100.18,EUR/MWh,BE,BE,imbalance_price,Long,2026-08-03T03:49:42Z
2026-08-03T03:49:03Z,2026-08-03T05:49:03+0200,d815d4ad-795d-45eb-9ad8-9d704f7a3f43,2026-07-06T15:45:00Z,2026-07-06T17:45:00+0200,100.18,EUR/MWh,BE,BE,imbalance_price,Short,2026-08-03T03:49:42Z
2026-08-03T03:49:03Z,2026-08-03T05:49:03+0200,d815d4ad-795d-45eb-9ad8-9d704f7a3f43,2026-07-06T16:00:00Z,2026-07-06T18:00:00+0200,92.93,EUR/MWh,BE,BE,imbalance_price,Long,2026-08-03T03:49:42Z
2026-08-03T03:49:03Z,2026-08-03T05:49:03+0200,d815d4ad-795d-45eb-9ad8-9d704f7a3f43,2026-07-06T16:00:00Z,2026-07-06T18:00:00+0200,92.93,EUR/MWh,BE,BE,imbalance_price,Short,2026-08-03T03:49:42Z
2026-08-03T03:49:03Z,2026-08-03T05:49:03+0200,d815d4ad-795d-45eb-9ad8-9d704f7a3f43,2026-07-06T16:15:00Z,2026-07-06T18:15:00+0200,88.14,EUR/MWh,BE,BE,imbalance_price,Long,2026-08-03T03:49:42Z
2026-08-03T03:49:03Z,2026-08-03T05:49:03+0200,d815d4ad-795d-45eb-9ad8-9d704f7a3f43,2026-07-06T16:15:00Z,2026-07-06T18:15:00+0200,88.14,EUR/MWh,BE,BE,imbalance_price,Short,2026-08-03T03:49:42Z
2026-08-03T03:49:03Z,2026-08-03T05:49:03+0200,d815d4ad-795d-45eb-9ad8-9d704f7a3f43,2026-07-06T16:30:00Z,2026-07-06T18:30:00+0200,101.0,EUR/MWh,BE,BE,imbalance_price,Long,2026-08-03T03:49:42Z
2026-08-03T03:49:03Z,2026-08-03T05:49:03+0200,d815d4ad-795d-45eb-9ad8-9d704f7a3f43,2026-07-06T16:30:00Z,2026-07-06T18:30:00+0200,101.0,EUR/MWh,BE,BE,imbalance_price,Short,2026-08-03T03:49:42Z
2026-08-03T03:49:03Z,2026-08-03T05:49:03+0200,d815d4ad-795d-45eb-9ad8-9d704f7a3f43,2026-07-06T16:45:00Z,2026-07-06T18:45:00+0200,101.01,EUR/MWh,BE,BE,imbalance_price,Long,2026-08-03T03:49:42Z
2026-08-03T03:49:03Z,2026-08-03T05:49:03+0200,d815d4ad-795d-45eb-9ad8-9d704f7a3f43,2026-07-06T16:45:00Z,2026-07-06T18:45:00+0200,101.01,EUR/MWh,BE,BE,imbalance_price,Short,2026-08-03T03:49:42Z
2026-08-03T03:49:03Z,2026-08-03T05:49:03+0200,d815d4ad-795d-45eb-9ad8-9d704f7a3f43,2026-07-06T17:00:00Z,2026-07-06T19:00:00+0200,94.2,EUR/MWh,BE,BE,imbalance_price,Long,2026-08-03T03:49:42Z
2026-08-03T03:49:03Z,2026-08-03T05:49:03+0200,d815d4ad-795d-45eb-9ad8-9d704f7a3f43,2026-07-06T17:00:00Z,2026-07-06T19:00:00+0200,94.2,EUR/MWh,BE,BE,imbalance_price,Short,2026-08-03T03:49:42Z
2026-08-03T03:49:03Z,2026-08-03T05:49:03+0200,d815d4ad-795d-45eb-9ad8-9d704f7a3f43,2026-07-06T17:15:00Z,2026-07-06T19:15:00+0200,99.71,EUR/MWh,BE,BE,imbalance_price,Long,2026-08-03T03:49:42Z
2026-08-03T03:49:03Z,2026-08-03T05:49:03+0200,d815d4ad-795d-45eb-9ad8-9d704f7a3f43,2026-07-06T17:15:00Z,2026-07-06T19:15:00+0200,99.71,EUR/MWh,BE,BE,imbalance_price,Short,2026-08-03T03:49:42Z
2026-08-03T03:49:03Z,2026-08-03T05:49:03+0200,d815d4ad-795d-45eb-9ad8-9d704f7a3f43,2026-07-06T17:30:00Z,2026-07-06T19:30:00+0200,107.25,EUR/MWh,BE,BE,imbalance_price,Long,2026-08-03T03:49:42Z
2026-08-03T03:49:03Z,2026-08-03T05:49:03+0200,d815d4ad-795d-45eb-9ad8-9d704f7a3f43,2026-07-06T17:30:00Z,2026-07-06T19:30:00+0200,107.25,EUR/MWh,BE,BE,imbalance_price,Short,2026-08-03T03:49:42Z
2026-08-03T03:49:03Z,2026-08-03T05:49:03+0200,d815d4ad-795d-45eb-9ad8-9d704f7a3f43,2026-07-06T17:45:00Z,2026-07-06T19:45:00+0200,113.31,EUR/MWh,BE,BE,imbalance_price,Long,2026-08-03T03:49:42Z
2026-08-03T03:49:03Z,2026-08-03T05:49:03+0200,d815d4ad-795d-45eb-9ad8-9d704f7a3f43,2026-07-06T17:45:00Z,2026-07-06T19:45:00+0200,113.31,EUR/MWh,BE,BE,imbalance_price,Short,2026-08-03T03:49:42Z
2026-08-03T03:49:03Z,2026-08-03T05:49:03+0200,d815d4ad-795d-45eb-9ad8-9d704f7a3f43,2026-07-06T18:00:00Z,2026-07-06T20:00:00+0200,87.85,EUR/MWh,BE,BE,imbalance_price,Long,2026-08-03T03:49:42Z
2026-08-03T03:49:03Z,2026-08-03T05:49:03+0200,d815d4ad-795d-45eb-9ad8-9d704f7a3f43,2026-07-06T18:00:00Z,2026-07-06T20:00:00+0200,87.85,EUR/MWh,BE,BE,imbalance_price,Short,2026-08-03T03:49:42Z
2026-08-03T03:49:03Z,2026-08-03T05:49:03+0200,d815d4ad-795d-45eb-9ad8-9d704f7a3f43,2026-07-06T18:15:00Z,2026-07-06T20:15:00+0200,118.01,EUR/MWh,BE,BE,imbalance_price,Long,2026-08-03T03:49:42Z
2026-08-03T03:49:03Z,2026-08-03T05:49:03+0200,d815d4ad-795d-45eb-9ad8-9d704f7a3f43,2026-07-06T18:15:00Z,2026-07-06T20:15:00+0200,118.01,EUR/MWh,BE,BE,imbalance_price,Short,2026-08-03T03:49:42Z
2026-08-03T03:49:03Z,2026-08-03T05:49:03+0200,d815d4ad-795d-45eb-9ad8-9d704f7a3f43,2026-07-06T18:30:00Z,2026-07-06T20:30:00+0200,122.61,EUR/MWh,BE,BE,imbalance_price,Long,2026-08-03T03:49:42Z
2026-08-03T03:49:03Z,2026-08-03T05:49:03+0200,d815d4ad-795d-45eb-9ad8-9d704f7a3f43,2026-07-06T18:30:00Z,2026-07-06T20:30:00+0200,122.61,EUR/MWh,BE,BE,imbalance_price,Short,2026-08-03T03:49:42Z
2026-08-03T03:49:03Z,2026-08-03T05:49:03+0200,d815d4ad-795d-45eb-9ad8-9d704f7a3f43,2026-07-06T18:45:00Z,2026-07-06T20:45:00+0200,179.2,EUR/MWh,BE,BE,imbalance_price,Long,2026-08-03T03:49:42Z
2026-08-03T03:49:03Z,2026-08-03T05:49:03+0200,d815d4ad-795d-45eb-9ad8-9d704f7a3f43,2026-07-06T18:45:00Z,2026-07-06T20:45:00+0200,179.2,EUR/MWh,BE,BE,imbalance_price,Short,2026-08-03T03:49:42Z
2026-08-03T03:49:03Z,2026-08-03T05:49:03+0200,d815d4ad-795d-45eb-9ad8-9d704f7a3f43,2026-07-06T19:00:00Z,2026-07-06T21:00:00+0200,103.57,EUR/MWh,BE,BE,imbalance_price,Long,2026-08-03T03:49:42Z
2026-08-03T03:49:03Z,2026-08-03T05:49:03+0200,d815d4ad-795d-45eb-9ad8-9d704f7a3f43,2026-07-06T19:00:00Z,2026-07-06T21:00:00+0200,103.57,EUR/MWh,BE,BE,imbalance_price,Short,2026-08-03T03:49:42Z
2026-08-03T03:49:03Z,2026-08-03T05:49:03+0200,d815d4ad-795d-45eb-9ad8-9d704f7a3f43,2026-07-06T19:15:00Z,2026-07-06T21:15:00+0200,80.92,EUR/MWh,BE,BE,imbalance_price,Long,2026-08-03T03:49:42Z
2026-08-03T03:49:03Z,2026-08-03T05:49:03+0200,d815d4ad-795d-45eb-9ad8-9d704f7a3f43,2026-07-06T19:15:00Z,2026-07-06T21:15:00+0200,80.92,EUR/MWh,BE,BE,imbalance_price,Short,2026-08-03T03:49:42Z
2026-08-03T03:49:03Z,2026-08-03T05:49:03+0200,d815d4ad-795d-45eb-9ad8-9d704f7a3f43,2026-07-06T19:30:00Z,2026-07-06T21:30:00+0200,79.14,EUR/MWh,BE,BE,imbalance_price,Long,2026-08-03T03:49:42Z
2026-08-03T03:49:03Z,2026-08-03T05:49:03+0200,d815d4ad-795d-45eb-9ad8-9d704f7a3f43,2026-07-06T19:30:00Z,2026-07-06T21:30:00+0200,79.14,EUR/MWh,BE,BE,imbalance_price,Short,2026-08-03T03:49:42Z
2026-08-03T03:49:03Z,2026-08-03T05:49:03+0200,d815d4ad-795d-45eb-9ad8-9d704f7a3f43,2026-07-06T19:45:00Z,2026-07-06T21:45:00+0200,79.86,EUR/MWh,BE,BE,imbalance_price,Long,2026-08-03T03:49:42Z
2026-08-03T03:49:03Z,2026-08-03T05:49:03+0200,d815d4ad-795d-45eb-9ad8-9d704f7a3f43,2026-07-06T19:45:00Z,2026-07-06T21:45:00+0200,79.86,EUR/MWh,BE,BE,imbalance_price,Short,2026-08-03T03:49:42Z
2026-08-03T03:49:03Z,2026-08-03T05:49:03+0200,d815d4ad-795d-45eb-9ad8-9d704f7a3f43,2026-07-06T20:00:00Z,2026-07-06T22:00:00+0200,101.25,EUR/MWh,BE,BE,imbalance_price,Long,2026-08-03T03:49:42Z
2026-08-03T03:49:03Z,2026-08-03T05:49:03+0200,d815d4ad-795d-45eb-9ad8-9d704f7a3f43,2026-07-06T20:00:00Z,2026-07-06T22:00:00+0200,101.25,EUR/MWh,BE,BE,imbalance_price,Short,2026-08-03T03:49:42Z
2026-08-03T03:49:03Z,2026-08-03T05:49:03+0200,d815d4ad-795d-45eb-9ad8-9d704f7a3f43,2026-07-06T20:15:00Z,2026-07-06T22:15:00+0200,89.66,EUR/MWh,BE,BE,imbalance_price,Long,2026-08-03T03:49:42Z
2026-08-03T03:49:03Z,2026-08-03T05:49:03+0200,d815d4ad-795d-45eb-9ad8-9d704f7a3f43,2026-07-06T20:15:00Z,2026-07-06T22:15:00+0200,89.66,EUR/MWh,BE,BE,imbalance_price,Short,2026-08-03T03:49:42Z
2026-08-03T03:49:03Z,2026-08-03T05:49:03+0200,d815d4ad-795d-45eb-9ad8-9d704f7a3f43,2026-07-06T20:30:00Z,2026-07-06T22:30:00+0200,69.02,EUR/MWh,BE,BE,imbalance_price,Long,2026-08-03T03:49:42Z
2026-08-03T03:49:03Z,2026-08-03T05:49:03+0200,d815d4ad-795d-45eb-9ad8-9d704f7a3f43,2026-07-06T20:30:00Z,2026-07-06T22:30:00+0200,69.02,EUR/MWh,BE,BE,imbalance_price,Short,2026-08-03T03:49:42Z
2026-08-03T03:49:03Z,2026-08-03T05:49:03+0200,d815d4ad-795d-45eb-9ad8-9d704f7a3f43,2026-07-06T20:45:00Z,2026-07-06T22:45:00+0200,62.54,EUR/MWh,BE,BE,imbalance_price,Long,2026-08-03T03:49:42Z
2026-08-03T03:49:03Z,2026-08-03T05:49:03+0200,d815d4ad-795d-45eb-9ad8-9d704f7a3f43,2026-07-06T20:45:00Z,2026-07-06T22:45:00+0200,62.54,EUR/MWh,BE,BE,imbalance_price,Short,2026-08-03T03:49:42Z
2026-08-03T03:49:03Z,2026-08-03T05:49:03+0200,d815d4ad-795d-45eb-9ad8-9d704f7a3f43,2026-07-06T21:00:00Z,2026-07-06T23:00:00+0200,95.13,EUR/MWh,BE,BE,imbalance_price,Long,2026-08-03T03:49:42Z
2026-08-03T03:49:03Z,2026-08-03T05:49:03+0200,d815d4ad-795d-45eb-9ad8-9d704f7a3f43,2026-07-06T21:00:00Z,2026-07-06T23:00:00+0200,95.13,EUR/MWh,BE,BE,imbalance_price,Short,2026-08-03T03:49:42Z
2026-08-03T03:49:03Z,2026-08-03T05:49:03+0200,d815d4ad-795d-45eb-9ad8-9d704f7a3f43,2026-07-06T21:15:00Z,2026-07-06T23:15:00+0200,78.48,EUR/MWh,BE,BE,imbalance_price,Long,2026-08-03T03:49:42Z
2026-08-03T03:49:03Z,2026-08-03T05:49:03+0200,d815d4ad-795d-45eb-9ad8-9d704f7a3f43,2026-07-06T21:15:00Z,2026-07-06T23:15:00+0200,78.48,EUR/MWh,BE,BE,imbalance_price,Short,2026-08-03T03:49:42Z
2026-08-03T03:49:03Z,2026-08-03T05:49:03+0200,d815d4ad-795d-45eb-9ad8-9d704f7a3f43,2026-07-06T21:30:00Z,2026-07-06T23:30:00+0200,73.07,EUR/MWh,BE,BE,imbalance_price,Long,2026-08-03T03:49:42Z
2026-08-03T03:49:03Z,2026-08-03T05:49:03+0200,d815d4ad-795d-45eb-9ad8-9d704f7a3f43,2026-07-06T21:30:00Z,2026-07-06T23:30:00+0200,73.07,EUR/MWh,BE,BE,imbalance_price,Short,2026-08-03T03:49:42Z
2026-08-03T03:49:03Z,2026-08-03T05:49:03+0200,d815d4ad-795d-45eb-9ad8-9d704f7a3f43,2026-07-06T21:45:00Z,2026-07-06T23:45:00+0200,68.46,EUR/MWh,BE,BE,imbalance_price,Long,2026-08-03T03:49:42Z
2026-08-03T03:49:03Z,2026-08-03T05:49:03+0200,d815d4ad-795d-45eb-9ad8-9d704f7a3f43,2026-07-06T21:45:00Z,2026-07-06T23:45:00+0200,68.46,EUR/MWh,BE,BE,imbalance_price,Short,2026-08-03T03:49:42Z
2026-08-03T03:49:03Z,2026-08-03T05:49:03+0200,d815d4ad-795d-45eb-9ad8-9d704f7a3f43,2026-07-06T22:00:00Z,2026-07-07T00:00:00+0200,136.03,EUR/MWh,BE,BE,imbalance_price,Long,2026-08-03T03:49:42Z
2026-08-03T03:49:03Z,2026-08-03T05:49:03+0200,d815d4ad-795d-45eb-9ad8-9d704f7a3f43,2026-07-06T22:00:00Z,2026-07-07T00:00:00+0200,136.03,EUR/MWh,BE,BE,imbalance_price,Short,2026-08-03T03:49:42Z
2026-08-03T03:49:03Z,2026-08-03T05:49:03+0200,d815d4ad-795d-45eb-9ad8-9d704f7a3f43,2026-07-06T22:15:00Z,2026-07-07T00:15:00+0200,27.28,EUR/MWh,BE,BE,imbalance_price,Long,2026-08-03T03:49:42Z
2026-08-03T03:49:03Z,2026-08-03T05:49:03+0200,d815d4ad-795d-45eb-9ad8-9d704f7a3f43,2026-07-06T22:15:00Z,2026-07-07T00:15:00+0200,27.28,EUR/MWh,BE,BE,imbalance_price,Short,2026-08-03T03:49:42Z
2026-08-03T03:49:03Z,2026-08-03T05:49:03+0200,d815d4ad-795d-45eb-9ad8-9d704f7a3f43,2026-07-06T22:30:00Z,2026-07-07T00:30:00+0200,119.12,EUR/MWh,BE,BE,imbalance_price,Long,2026-08-03T03:49:42Z
2026-08-03T03:49:03Z,2026-08-03T05:49:03+0200,d815d4ad-795d-45eb-9ad8-9d704f7a3f43,2026-07-06T22:30:00Z,2026-07-07T00:30:00+0200,119.12,EUR/MWh,BE,BE,imbalance_price,Short,2026-08-03T03:49:42Z
2026-08-03T03:49:03Z,2026-08-03T05:49:03+0200,d815d4ad-795d-45eb-9ad8-9d704f7a3f43,2026-07-06T22:45:00Z,2026-07-07T00:45:00+0200,115.83,EUR/MWh,BE,BE,imbalance_price,Long,2026-08-03T03:49:42Z
2026-08-03T03:49:03Z,2026-08-03T05:49:03+0200,d815d4ad-795d-45eb-9ad8-9d704f7a3f43,2026-07-06T22:45:00Z,2026-07-07T00:45:00+0200,115.83,EUR/MWh,BE,BE,imbalance_price,Short,2026-08-03T03:49:42Z
2026-08-03T03:49:03Z,2026-08-03T05:49:03+0200,d815d4ad-795d-45eb-9ad8-9d704f7a3f43,2026-07-06T23:00:00Z,2026-07-07T01:00:00+0200,114.64,EUR/MWh,BE,BE,imbalance_price,Long,2026-08-03T03:49:42Z
2026-08-03T03:49:03Z,2026-08-03T05:49:03+0200,d815d4ad-795d-45eb-9ad8-9d704f7a3f43,2026-07-06T23:00:00Z,2026-07-07T01:00:00+0200,114.64,EUR/MWh,BE,BE,imbalance_price,Short,2026-08-03T03:49:42Z
2026-08-03T03:49:03Z,2026-08-03T05:49:03+0200,d815d4ad-795d-45eb-9ad8-9d704f7a3f43,2026-07-06T23:15:00Z,2026-07-07T01:15:00+0200,109.03,EUR/MWh,BE,BE,imbalance_price,Long,2026-08-03T03:49:42Z
2026-08-03T03:49:03Z,2026-08-03T05:49:03+0200,d815d4ad-795d-45eb-9ad8-9d704f7a3f43,2026-07-06T23:15:00Z,2026-07-07T01:15:00+0200,109.03,EUR/MWh,BE,BE,imbalance_price,Short,2026-08-03T03:49:42Z
2026-08-03T03:49:03Z,2026-08-03T05:49:03+0200,d815d4ad-795d-45eb-9ad8-9d704f7a3f43,2026-07-06T23:30:00Z,2026-07-07T01:30:00+0200,120.65,EUR/MWh,BE,BE,imbalance_price,Long,2026-08-03T03:49:42Z
2026-08-03T03:49:03Z,2026-08-03T05:49:03+0200,d815d4ad-795d-45eb-9ad8-9d704f7a3f43,2026-07-06T23:30:00Z,2026-07-07T01:30:00+0200,120.65,EUR/MWh,BE,BE,imbalance_price,Short,2026-08-03T03:49:42Z
2026-08-03T03:49:03Z,2026-08-03T05:49:03+0200,d815d4ad-795d-45eb-9ad8-9d704f7a3f43,2026-07-06T23:45:00Z,2026-07-07T01:45:00+0200,121.85,EUR/MWh,BE,BE,imbalance_price,Long,2026-08-03T03:49:42Z
2026-08-03T03:49:03Z,2026-08-03T05:49:03+0200,d815d4ad-795d-45eb-9ad8-9d704f7a3f43,2026-07-06T23:45:00Z,2026-07-07T01:45:00+0200,121.85,EUR/MWh,BE,BE,imbalance_price,Short,2026-08-03T03:49:42Z
2026-08-03T03:49:03Z,2026-08-03T05:49:03+0200,d815d4ad-795d-45eb-9ad8-9d704f7a3f43,2026-07-07T00:00:00Z,2026-07-07T02:00:00+0200,115.19,EUR/MWh,BE,BE,imbalance_price,Long,2026-08-03T03:49:42Z
2026-08-03T03:49:03Z,2026-08-03T05:49:03+0200,d815d4ad-795d-45eb-9ad8-9d704f7a3f43,2026-07-07T00:00:00Z,2026-07-07T02:00:00+0200,115.19,EUR/MWh,BE,BE,imbalance_price,Short,2026-08-03T03:49:42Z
2026-08-03T03:49:03Z,2026-08-03T05:49:03+0200,d815d4ad-795d-45eb-9ad8-9d704f7a3f43,2026-07-07T00:15:00Z,2026-07-07T02:15:00+0200,106.73,EUR/MWh,BE,BE,imbalance_price,Long,2026-08-03T03:49:42Z
2026-08-03T03:49:03Z,2026-08-03T05:49:03+0200,d815d4ad-795d-45eb-9ad8-9d704f7a3f43,2026-07-07T00:15:00Z,2026-07-07T02:15:00+0200,106.73,EUR/MWh,BE,BE,imbalance_price,Short,2026-08-03T03:49:42Z
2026-08-03T03:49:03Z,2026-08-03T05:49:03+0200,d815d4ad-795d-45eb-9ad8-9d704f7a3f43,2026-07-07T00:30:00Z,2026-07-07T02:30:00+0200,101.57,EUR/MWh,BE,BE,imbalance_price,Long,2026-08-03T03:49:42Z
2026-08-03T03:49:03Z,2026-08-03T05:49:03+0200,d815d4ad-795d-45eb-9ad8-9d704f7a3f43,2026-07-07T00:30:00Z,2026-07-07T02:30:00+0200,101.57,EUR/MWh,BE,BE,imbalance_price,Short,2026-08-03T03:49:42Z
2026-08-03T03:49:03Z,2026-08-03T05:49:03+0200,d815d4ad-795d-45eb-9ad8-9d704f7a3f43,2026-07-07T00:45:00Z,2026-07-07T02:45:00+0200,92.26,EUR/MWh,BE,BE,imbalance_price,Long,2026-08-03T03:49:42Z
2026-08-03T03:49:03Z,2026-08-03T05:49:03+0200,d815d4ad-795d-45eb-9ad8-9d704f7a3f43,2026-07-07T00:45:00Z,2026-07-07T02:45:00+0200,92.26,EUR/MWh,BE,BE,imbalance_price,Short,2026-08-03T03:49:42Z
2026-08-03T03:49:03Z,2026-08-03T05:49:03+0200,d815d4ad-795d-45eb-9ad8-9d704f7a3f43,2026-07-07T01:00:00Z,2026-07-07T03:00:00+0200,83.03,EUR/MWh,BE,BE,imbalance_price,Long,2026-08-03T03:49:42Z
2026-08-03T03:49:03Z,2026-08-03T05:49:03+0200,d815d4ad-795d-45eb-9ad8-9d704f7a3f43,2026-07-07T01:00:00Z,2026-07-07T03:00:00+0200,83.03,EUR/MWh,BE,BE,imbalance_price,Short,2026-08-03T03:49:42Z
2026-08-03T03:49:03Z,2026-08-03T05:49:03+0200,d815d4ad-795d-45eb-9ad8-9d704f7a3f43,2026-07-07T01:15:00Z,2026-07-07T03:15:00+0200,92.21,EUR/MWh,BE,BE,imbalance_price,Long,2026-08-03T03:49:42Z
2026-08-03T03:49:03Z,2026-08-03T05:49:03+0200,d815d4ad-795d-45eb-9ad8-9d704f7a3f43,2026-07-07T01:15:00Z,2026-07-07T03:15:00+0200,92.21,EUR/MWh,BE,BE,imbalance_price,Short,2026-08-03T03:49:42Z
2026-08-03T03:49:03Z,2026-08-03T05:49:03+0200,d815d4ad-795d-45eb-9ad8-9d704f7a3f43,2026-07-07T01:30:00Z,2026-07-07T03:30:00+0200,88.66,EUR/MWh,BE,BE,imbalance_price,Long,2026-08-03T03:49:42Z
2026-08-03T03:49:03Z,2026-08-03T05:49:03+0200,d815d4ad-795d-45eb-9ad8-9d704f7a3f43,2026-07-07T01:30:00Z,2026-07-07T03:30:00+0200,88.66,EUR/MWh,BE,BE,imbalance_price,Short,2026-08-03T03:49:42Z
2026-08-03T03:49:03Z,2026-08-03T05:49:03+0200,d815d4ad-795d-45eb-9ad8-9d704f7a3f43,2026-07-07T01:45:00Z,2026-07-07T03:45:00+0200,63.13,EUR/MWh,BE,BE,imbalance_price,Long,2026-08-03T03:49:42Z
2026-08-03T03:49:03Z,2026-08-03T05:49:03+0200,d815d4ad-795d-45eb-9ad8-9d704f7a3f43,2026-07-07T01:45:00Z,2026-07-07T03:45:00+0200,63.13,EUR/MWh,BE,BE,imbalance_price,Short,2026-08-03T03:49:42Z
2026-08-03T03:49:03Z,2026-08-03T05:49:03+0200,d815d4ad-795d-45eb-9ad8-9d704f7a3f43,2026-07-07T02:00:00Z,2026-07-07T04:00:00+0200,62.09,EUR/MWh,BE,BE,imbalance_price,Long,2026-08-03T03:49:42Z
2026-08-03T03:49:03Z,2026-08-03T05:49:03+0200,d815d4ad-795d-45eb-9ad8-9d704f7a3f43,2026-07-07T02:00:00Z,2026-07-07T04:00:00+0200,62.09,EUR/MWh,BE,BE,imbalance_price,Short,2026-08-03T03:49:42Z
2026-08-03T03:49:03Z,2026-08-03T05:49:03+0200,d815d4ad-795d-45eb-9ad8-9d704f7a3f43,2026-07-07T02:15:00Z,2026-07-07T04:15:00+0200,32.84,EUR/MWh,BE,BE,imbalance_price,Long,2026-08-03T03:49:42Z
2026-08-03T03:49:03Z,2026-08-03T05:49:03+0200,d815d4ad-795d-45eb-9ad8-9d704f7a3f43,2026-07-07T02:15:00Z,2026-07-07T04:15:00+0200,32.84,EUR/MWh,BE,BE,imbalance_price,Short,2026-08-03T03:49:42Z
2026-08-03T03:49:03Z,2026-08-03T05:49:03+0200,d815d4ad-795d-45eb-9ad8-9d704f7a3f43,2026-07-07T02:30:00Z,2026-07-07T04:30:00+0200,67.11,EUR/MWh,BE,BE,imbalance_price,Long,2026-08-03T03:49:42Z
2026-08-03T03:49:03Z,2026-08-03T05:49:03+0200,d815d4ad-795d-45eb-9ad8-9d704f7a3f43,2026-07-07T02:30:00Z,2026-07-07T04:30:00+0200,67.11,EUR/MWh,BE,BE,imbalance_price,Short,2026-08-03T03:49:42Z
2026-08-03T03:49:03Z,2026-08-03T05:49:03+0200,d815d4ad-795d-45eb-9ad8-9d704f7a3f43,2026-07-07T02:45:00Z,2026-07-07T04:45:00+0200,88.92,EUR/MWh,BE,BE,imbalance_price,Long,2026-08-03T03:49:42Z
2026-08-03T03:49:03Z,2026-08-03T05:49:03+0200,d815d4ad-795d-45eb-9ad8-9d704f7a3f43,2026-07-07T02:45:00Z,2026-07-07T04:45:00+0200,88.92,EUR/MWh,BE,BE,imbalance_price,Short,2026-08-03T03:49:42Z
2026-08-03T03:49:03Z,2026-08-03T05:49:03+0200,d815d4ad-795d-45eb-9ad8-9d704f7a3f43,2026-07-07T03:00:00Z,2026-07-07T05:00:00+0200,107.0,EUR/MWh,BE,BE,imbalance_price,Long,2026-08-03T03:49:42Z
2026-08-03T03:49:03Z,2026-08-03T05:49:03+0200,d815d4ad-795d-45eb-9ad8-9d704f7a3f43,2026-07-07T03:00:00Z,2026-07-07T05:00:00+0200,107.0,EUR/MWh,BE,BE,imbalance_price,Short,2026-08-03T03:49:42Z
2026-08-03T03:49:03Z,2026-08-03T05:49:03+0200,d815d4ad-795d-45eb-9ad8-9d704f7a3f43,2026-07-07T03:15:00Z,2026-07-07T05:15:00+0200,107.0,EUR/MWh,BE,BE,imbalance_price,Long,2026-08-03T03:49:42Z
2026-08-03T03:49:03Z,2026-08-03T05:49:03+0200,d815d4ad-795d-45eb-9ad8-9d704f7a3f43,2026-07-07T03:15:00Z,2026-07-07T05:15:00+0200,107.0,EUR/MWh,BE,BE,imbalance_price,Short,2026-08-03T03:49:42Z
2026-08-03T03:49:03Z,2026-08-03T05:49:03+0200,d815d4ad-795d-45eb-9ad8-9d704f7a3f43,2026-07-07T03:30:00Z,2026-07-07T05:30:00+0200,107.0,EUR/MWh,BE,BE,imbalance_price,Long,2026-08-03T03:49:42Z
2026-08-03T03:49:03Z,2026-08-03T05:49:03+0200,d815d4ad-795d-45eb-9ad8-9d704f7a3f43,2026-07-07T03:30:00Z,2026-07-07T05:30:00+0200,107.0,EUR/MWh,BE,BE,imbalance_price,Short,2026-08-03T03:49:42Z
2026-08-03T03:49:03Z,2026-08-03T05:49:03+0200,d815d4ad-795d-45eb-9ad8-9d704f7a3f43,2026-07-07T03:45:00Z,2026-07-07T05:45:00+0200,107.0,EUR/MWh,BE,BE,imbalance_price,Long,2026-08-03T03:49:42Z
2026-08-03T03:49:03Z,2026-08-03T05:49:03+0200,d815d4ad-795d-45eb-9ad8-9d704f7a3f43,2026-07-07T03:45:00Z,2026-07-07T05:45:00+0200,107.0,EUR/MWh,BE,BE,imbalance_price,Short,2026-08-03T03:49:42Z
2026-08-03T03:49:03Z,2026-08-03T05:49:03+0200,d815d4ad-795d-45eb-9ad8-9d704f7a3f43,2026-07-07T04:00:00Z,2026-07-07T06:00:00+0200,108.0,EUR/MWh,BE,BE,imbalance_price,Long,2026-08-03T03:49:42Z
2026-08-03T03:49:03Z,2026-08-03T05:49:03+0200,d815d4ad-795d-45eb-9ad8-9d704f7a3f43,2026-07-07T04:00:00Z,2026-07-07T06:00:00+0200,108.0,EUR/MWh,BE,BE,imbalance_price,Short,2026-08-03T03:49:42Z
2026-08-03T03:49:03Z,2026-08-03T05:49:03+0200,d815d4ad-795d-45eb-9ad8-9d704f7a3f43,2026-07-07T04:15:00Z,2026-07-07T06:15:00+0200,92.51,EUR/MWh,BE,BE,imbalance_price,Long,2026-08-03T03:49:42Z
2026-08-03T03:49:03Z,2026-08-03T05:49:03+0200,d815d4ad-795d-45eb-9ad8-9d704f7a3f43,2026-07-07T04:15:00Z,2026-07-07T06:15:00+0200,92.51,EUR/MWh,BE,BE,imbalance_price,Short,2026-08-03T03:49:42Z
2026-08-03T03:49:03Z,2026-08-03T05:49:03+0200,d815d4ad-795d-45eb-9ad8-9d704f7a3f43,2026-07-07T04:30:00Z,2026-07-07T06:30:00+0200,100.02,EUR/MWh,BE,BE,imbalance_price,Long,2026-08-03T03:49:42Z
2026-08-03T03:49:03Z,2026-08-03T05:49:03+0200,d815d4ad-795d-45eb-9ad8-9d704f7a3f43,2026-07-07T04:30:00Z,2026-07-07T06:30:00+0200,100.02,EUR/MWh,BE,BE,imbalance_price,Short,2026-08-03T03:49:42Z
2026-08-03T03:49:03Z,2026-08-03T05:49:03+0200,d815d4ad-795d-45eb-9ad8-9d704f7a3f43,2026-07-07T04:45:00Z,2026-07-07T06:45:00+0200,91.92,EUR/MWh,BE,BE,imbalance_price,Long,2026-08-03T03:49:42Z
2026-08-03T03:49:03Z,2026-08-03T05:49:03+0200,d815d4ad-795d-45eb-9ad8-9d704f7a3f43,2026-07-07T04:45:00Z,2026-07-07T06:45:00+0200,91.92,EUR/MWh,BE,BE,imbalance_price,Short,2026-08-03T03:49:42Z
2026-08-03T03:49:03Z,2026-08-03T05:49:03+0200,d815d4ad-795d-45eb-9ad8-9d704f7a3f43,2026-07-07T05:00:00Z,2026-07-07T07:00:00+0200,86.03,EUR/MWh,BE,BE,imbalance_price,Long,2026-08-03T03:49:42Z
2026-08-03T03:49:03Z,2026-08-03T05:49:03+0200,d815d4ad-795d-45eb-9ad8-9d704f7a3f43,2026-07-07T05:00:00Z,2026-07-07T07:00:00+0200,86.03,EUR/MWh,BE,BE,imbalance_price,Short,2026-08-03T03:49:42Z
2026-08-03T03:49:03Z,2026-08-03T05:49:03+0200,d815d4ad-795d-45eb-9ad8-9d704f7a3f43,2026-07-07T05:15:00Z,2026-07-07T07:15:00+0200,94.76,EUR/MWh,BE,BE,imbalance_price,Long,2026-08-03T03:49:42Z
2026-08-03T03:49:03Z,2026-08-03T05:49:03+0200,d815d4ad-795d-45eb-9ad8-9d704f7a3f43,2026-07-07T05:15:00Z,2026-07-07T07:15:00+0200,94.76,EUR/MWh,BE,BE,imbalance_price,Short,2026-08-03T03:49:42Z
2026-08-03T03:49:03Z,2026-08-03T05:49:03+0200,d815d4ad-795d-45eb-9ad8-9d704f7a3f43,2026-07-07T05:30:00Z,2026-07-07T07:30:00+0200,88.14,EUR/MWh,BE,BE,imbalance_price,Long,2026-08-03T03:49:42Z
2026-08-03T03:49:03Z,2026-08-03T05:49:03+0200,d815d4ad-795d-45eb-9ad8-9d704f7a3f43,2026-07-07T05:30:00Z,2026-07-07T07:30:00+0200,88.14,EUR/MWh,BE,BE,imbalance_price,Short,2026-08-03T03:49:42Z
2026-08-03T03:49:03Z,2026-08-03T05:49:03+0200,d815d4ad-795d-45eb-9ad8-9d704f7a3f43,2026-07-07T05:45:00Z,2026-07-07T07:45:00+0200,96.25,EUR/MWh,BE,BE,imbalance_price,Long,2026-08-03T03:49:42Z
2026-08-03T03:49:03Z,2026-08-03T05:49:03+0200,d815d4ad-795d-45eb-9ad8-9d704f7a3f43,2026-07-07T05:45:00Z,2026-07-07T07:45:00+0200,96.25,EUR/MWh,BE,BE,imbalance_price,Short,2026-08-03T03:49:42Z
2026-08-03T03:49:03Z,2026-08-03T05:49:03+0200,d815d4ad-795d-45eb-9ad8-9d704f7a3f43,2026-07-07T06:00:00Z,2026-07-07T08:00:00+0200,111.0,EUR/MWh,BE,BE,imbalance_price,Long,2026-08-03T03:49:42Z
2026-08-03T03:49:03Z,2026-08-03T05:49:03+0200,d815d4ad-795d-45eb-9ad8-9d704f7a3f43,2026-07-07T06:00:00Z,2026-07-07T08:00:00+0200,111.0,EUR/MWh,BE,BE,imbalance_price,Short,2026-08-03T03:49:42Z
2026-08-03T03:49:03Z,2026-08-03T05:49:03+0200,d815d4ad-795d-45eb-9ad8-9d704f7a3f43,2026-07-07T06:15:00Z,2026-07-07T08:15:00+0200,112.0,EUR/MWh,BE,BE,imbalance_price,Long,2026-08-03T03:49:42Z
2026-08-03T03:49:03Z,2026-08-03T05:49:03+0200,d815d4ad-795d-45eb-9ad8-9d704f7a3f43,2026-07-07T06:15:00Z,2026-07-07T08:15:00+0200,112.0,EUR/MWh,BE,BE,imbalance_price,Short,2026-08-03T03:49:42Z
2026-08-03T03:49:03Z,2026-08-03T05:49:03+0200,d815d4ad-795d-45eb-9ad8-9d704f7a3f43,2026-07-07T06:30:00Z,2026-07-07T08:30:00+0200,113.16,EUR/MWh,BE,BE,imbalance_price,Long,2026-08-03T03:49:42Z
2026-08-03T03:49:03Z,2026-08-03T05:49:03+0200,d815d4ad-795d-45eb-9ad8-9d704f7a3f43,2026-07-07T06:30:00Z,2026-07-07T08:30:00+0200,113.16,EUR/MWh,BE,BE,imbalance_price,Short,2026-08-03T03:49:42Z
2026-08-03T03:49:03Z,2026-08-03T05:49:03+0200,d815d4ad-795d-45eb-9ad8-9d704f7a3f43,2026-07-07T06:45:00Z,2026-07-07T08:45:00+0200,71.0,EUR/MWh,BE,BE,imbalance_price,Long,2026-08-03T03:49:42Z
2026-08-03T03:49:03Z,2026-08-03T05:49:03+0200,d815d4ad-795d-45eb-9ad8-9d704f7a3f43,2026-07-07T06:45:00Z,2026-07-07T08:45:00+0200,71.0,EUR/MWh,BE,BE,imbalance_price,Short,2026-08-03T03:49:42Z
2026-08-03T03:49:03Z,2026-08-03T05:49:03+0200,d815d4ad-795d-45eb-9ad8-9d704f7a3f43,2026-07-07T07:00:00Z,2026-07-07T09:00:00+0200,62.8,EUR/MWh,BE,BE,imbalance_price,Long,2026-08-03T03:49:42Z
2026-08-03T03:49:03Z,2026-08-03T05:49:03+0200,d815d4ad-795d-45eb-9ad8-9d704f7a3f43,2026-07-07T07:00:00Z,2026-07-07T09:00:00+0200,62.8,EUR/MWh,BE,BE,imbalance_price,Short,2026-08-03T03:49:42Z
2026-08-03T03:49:03Z,2026-08-03T05:49:03+0200,d815d4ad-795d-45eb-9ad8-9d704f7a3f43,2026-07-07T07:15:00Z,2026-07-07T09:15:00+0200,56.2,EUR/MWh,BE,BE,imbalance_price,Long,2026-08-03T03:49:42Z
2026-08-03T03:49:03Z,2026-08-03T05:49:03+0200,d815d4ad-795d-45eb-9ad8-9d704f7a3f43,2026-07-07T07:15:00Z,2026-07-07T09:15:00+0200,56.2,EUR/MWh,BE,BE,imbalance_price,Short,2026-08-03T03:49:42Z
2026-08-03T03:49:03Z,2026-08-03T05:49:03+0200,d815d4ad-795d-45eb-9ad8-9d704f7a3f43,2026-07-07T07:30:00Z,2026-07-07T09:30:00+0200,37.56,EUR/MWh,BE,BE,imbalance_price,Long,2026-08-03T03:49:42Z
2026-08-03T03:49:03Z,2026-08-03T05:49:03+0200,d815d4ad-795d-45eb-9ad8-9d704f7a3f43,2026-07-07T07:30:00Z,2026-07-07T09:30:00+0200,37.56,EUR/MWh,BE,BE,imbalance_price,Short,2026-08-03T03:49:42Z
2026-08-03T03:49:03Z,2026-08-03T05:49:03+0200,d815d4ad-795d-45eb-9ad8-9d704f7a3f43,2026-07-07T07:45:00Z,2026-07-07T09:45:00+0200,-2.05,EUR/MWh,BE,BE,imbalance_price,Long,2026-08-03T03:49:42Z
2026-08-03T03:49:03Z,2026-08-03T05:49:03+0200,d815d4ad-795d-45eb-9ad8-9d704f7a3f43,2026-07-07T07:45:00Z,2026-07-07T09:45:00+0200,-2.05,EUR/MWh,BE,BE,imbalance_price,Short,2026-08-03T03:49:42Z
2026-08-03T03:49:03Z,2026-08-03T05:49:03+0200,d815d4ad-795d-45eb-9ad8-9d704f7a3f43,2026-07-07T08:00:00Z,2026-07-07T10:00:00+0200,-5.5,EUR/MWh,BE,BE,imbalance_price,Long,2026-08-03T03:49:42Z
2026-08-03T03:49:03Z,2026-08-03T05:49:03+0200,d815d4ad-795d-45eb-9ad8-9d704f7a3f43,2026-07-07T08:00:00Z,2026-07-07T10:00:00+0200,-5.5,EUR/MWh,BE,BE,imbalance_price,Short,2026-08-03T03:49:42Z
2026-08-03T03:49:03Z,2026-08-03T05:49:03+0200,d815d4ad-795d-45eb-9ad8-9d704f7a3f43,2026-07-07T08:15:00Z,2026-07-07T10:15:00+0200,-17.04,EUR/MWh,BE,BE,imbalance_price,Long,2026-08-03T03:49:42Z
2026-08-03T03:49:03Z,2026-08-03T05:49:03+0200,d815d4ad-795d-45eb-9ad8-9d704f7a3f43,2026-07-07T08:15:00Z,2026-07-07T10:15:00+0200,-17.04,EUR/MWh,BE,BE,imbalance_price,Short,2026-08-03T03:49:42Z
2026-08-03T03:49:03Z,2026-08-03T05:49:03+0200,d815d4ad-795d-45eb-9ad8-9d704f7a3f43,2026-07-07T08:30:00Z,2026-07-07T10:30:00+0200,-14.35,EUR/MWh,BE,BE,imbalance_price,Long,2026-08-03T03:49:42Z
2026-08-03T03:49:03Z,2026-08-03T05:49:03+0200,d815d4ad-795d-45eb-9ad8-9d704f7a3f43,2026-07-07T08:30:00Z,2026-07-07T10:30:00+0200,-14.35,EUR/MWh,BE,BE,imbalance_price,Short,2026-08-03T03:49:42Z
2026-08-03T03:49:03Z,2026-08-03T05:49:03+0200,d815d4ad-795d-45eb-9ad8-9d704f7a3f43,2026-07-07T08:45:00Z,2026-07-07T10:45:00+0200,-13.41,EUR/MWh,BE,BE,imbalance_price,Long,2026-08-03T03:49:42Z
2026-08-03T03:49:03Z,2026-08-03T05:49:03+0200,d815d4ad-795d-45eb-9ad8-9d704f7a3f43,2026-07-07T08:45:00Z,2026-07-07T10:45:00+0200,-13.41,EUR/MWh,BE,BE,imbalance_price,Short,2026-08-03T03:49:42Z
2026-08-03T03:49:03Z,2026-08-03T05:49:03+0200,d815d4ad-795d-45eb-9ad8-9d704f7a3f43,2026-07-07T09:00:00Z,2026-07-07T11:00:00+0200,-8.24,EUR/MWh,BE,BE,imbalance_price,Long,2026-08-03T03:49:42Z
2026-08-03T03:49:03Z,2026-08-03T05:49:03+0200,d815d4ad-795d-45eb-9ad8-9d704f7a3f43,2026-07-07T09:00:00Z,2026-07-07T11:00:00+0200,-8.24,EUR/MWh,BE,BE,imbalance_price,Short,2026-08-03T03:49:42Z
2026-08-03T03:49:03Z,2026-08-03T05:49:03+0200,d815d4ad-795d-45eb-9ad8-9d704f7a3f43,2026-07-07T09:15:00Z,2026-07-07T11:15:00+0200,-57.43,EUR/MWh,BE,BE,imbalance_price,Long,2026-08-03T03:49:42Z
2026-08-03T03:49:03Z,2026-08-03T05:49:03+0200,d815d4ad-795d-45eb-9ad8-9d704f7a3f43,2026-07-07T09:15:00Z,2026-07-07T11:15:00+0200,-57.43,EUR/MWh,BE,BE,imbalance_price,Short,2026-08-03T03:49:42Z
2026-08-03T03:49:03Z,2026-08-03T05:49:03+0200,d815d4ad-795d-45eb-9ad8-9d704f7a3f43,2026-07-07T09:30:00Z,2026-07-07T11:30:00+0200,-4.97,EUR/MWh,BE,BE,imbalance_price,Long,2026-08-03T03:49:42Z
2026-08-03T03:49:03Z,2026-08-03T05:49:03+0200,d815d4ad-795d-45eb-9ad8-9d704f7a3f43,2026-07-07T09:30:00Z,2026-07-07T11:30:00+0200,-4.97,EUR/MWh,BE,BE,imbalance_price,Short,2026-08-03T03:49:42Z
2026-08-03T03:49:03Z,2026-08-03T05:49:03+0200,d815d4ad-795d-45eb-9ad8-9d704f7a3f43,2026-07-07T09:45:00Z,2026-07-07T11:45:00+0200,-71.19,EUR/MWh,BE,BE,imbalance_price,Long,2026-08-03T03:49:42Z
2026-08-03T03:49:03Z,2026-08-03T05:49:03+0200,d815d4ad-795d-45eb-9ad8-9d704f7a3f43,2026-07-07T09:45:00Z,2026-07-07T11:45:00+0200,-71.19,EUR/MWh,BE,BE,imbalance_price,Short,2026-08-03T03:49:42Z
2026-08-03T03:49:03Z,2026-08-03T05:49:03+0200,d815d4ad-795d-45eb-9ad8-9d704f7a3f43,2026-07-07T10:00:00Z,2026-07-07T12:00:00+0200,-48.27,EUR/MWh,BE,BE,imbalance_price,Long,2026-08-03T03:49:42Z
2026-08-03T03:49:03Z,2026-08-03T05:49:03+0200,d815d4ad-795d-45eb-9ad8-9d704f7a3f43,2026-07-07T10:00:00Z,2026-07-07T12:00:00+0200,-48.27,EUR/MWh,BE,BE,imbalance_price,Short,2026-08-03T03:49:42Z
2026-08-03T03:49:03Z,2026-08-03T05:49:03+0200,d815d4ad-795d-45eb-9ad8-9d704f7a3f43,2026-07-07T10:15:00Z,2026-07-07T12:15:00+0200,-49.22,EUR/MWh,BE,BE,imbalance_price,Long,2026-08-03T03:49:42Z
2026-08-03T03:49:03Z,2026-08-03T05:49:03+0200,d815d4ad-795d-45eb-9ad8-9d704f7a3f43,2026-07-07T10:15:00Z,2026-07-07T12:15:00+0200,-49.22,EUR/MWh,BE,BE,imbalance_price,Short,2026-08-03T03:49:42Z
2026-08-03T03:49:03Z,2026-08-03T05:49:03+0200,d815d4ad-795d-45eb-9ad8-9d704f7a3f43,2026-07-07T10:30:00Z,2026-07-07T12:30:00+0200,-22.19,EUR/MWh,BE,BE,imbalance_price,Long,2026-08-03T03:49:42Z
2026-08-03T03:49:03Z,2026-08-03T05:49:03+0200,d815d4ad-795d-45eb-9ad8-9d704f7a3f43,2026-07-07T10:30:00Z,2026-07-07T12:30:00+0200,-22.19,EUR/MWh,BE,BE,imbalance_price,Short,2026-08-03T03:49:42Z
2026-08-03T03:49:03Z,2026-08-03T05:49:03+0200,d815d4ad-795d-45eb-9ad8-9d704f7a3f43,2026-07-07T10:45:00Z,2026-07-07T12:45:00+0200,-17.88,EUR/MWh,BE,BE,imbalance_price,Long,2026-08-03T03:49:42Z
2026-08-03T03:49:03Z,2026-08-03T05:49:03+0200,d815d4ad-795d-45eb-9ad8-9d704f7a3f43,2026-07-07T10:45:00Z,2026-07-07T12:45:00+0200,-17.88,EUR/MWh,BE,BE,imbalance_price,Short,2026-08-03T03:49:42Z
2026-08-03T03:49:03Z,2026-08-03T05:49:03+0200,d815d4ad-795d-45eb-9ad8-9d704f7a3f43,2026-07-07T11:00:00Z,2026-07-07T13:00:00+0200,-19.4,EUR/MWh,BE,BE,imbalance_price,Long,2026-08-03T03:49:42Z
2026-08-03T03:49:03Z,2026-08-03T05:49:03+0200,d815d4ad-795d-45eb-9ad8-9d704f7a3f43,2026-07-07T11:00:00Z,2026-07-07T13:00:00+0200,-19.4,EUR/MWh,BE,BE,imbalance_price,Short,2026-08-03T03:49:42Z
2026-08-03T03:49:03Z,2026-08-03T05:49:03+0200,d815d4ad-795d-45eb-9ad8-9d704f7a3f43,2026-07-07T11:15:00Z,2026-07-07T13:15:00+0200,-32.72,EUR/MWh,BE,BE,imbalance_price,Long,2026-08-03T03:49:42Z
2026-08-03T03:49:03Z,2026-08-03T05:49:03+0200,d815d4ad-795d-45eb-9ad8-9d704f7a3f43,2026-07-07T11:15:00Z,2026-07-07T13:15:00+0200,-32.72,EUR/MWh,BE,BE,imbalance_price,Short,2026-08-03T03:49:42Z
2026-08-03T03:49:03Z,2026-08-03T05:49:03+0200,d815d4ad-795d-45eb-9ad8-9d704f7a3f43,2026-07-07T11:30:00Z,2026-07-07T13:30:00+0200,-20.63,EUR/MWh,BE,BE,imbalance_price,Long,2026-08-03T03:49:42Z
2026-08-03T03:49:03Z,2026-08-03T05:49:03+0200,d815d4ad-795d-45eb-9ad8-9d704f7a3f43,2026-07-07T11:30:00Z,2026-07-07T13:30:00+0200,-20.63,EUR/MWh,BE,BE,imbalance_price,Short,2026-08-03T03:49:42Z
2026-08-03T03:49:03Z,2026-08-03T05:49:03+0200,d815d4ad-795d-45eb-9ad8-9d704f7a3f43,2026-07-07T11:45:00Z,2026-07-07T13:45:00+0200,-12.63,EUR/MWh,BE,BE,imbalance_price,Long,2026-08-03T03:49:42Z
2026-08-03T03:49:03Z,2026-08-03T05:49:03+0200,d815d4ad-795d-45eb-9ad8-9d704f7a3f43,2026-07-07T11:45:00Z,2026-07-07T13:45:00+0200,-12.63,EUR/MWh,BE,BE,imbalance_price,Short,2026-08-03T03:49:42Z
2026-08-03T03:49:03Z,2026-08-03T05:49:03+0200,d815d4ad-795d-45eb-9ad8-9d704f7a3f43,2026-07-07T12:00:00Z,2026-07-07T14:00:00+0200,-9.27,EUR/MWh,BE,BE,imbalance_price,Long,2026-08-03T03:49:42Z
2026-08-03T03:49:03Z,2026-08-03T05:49:03+0200,d815d4ad-795d-45eb-9ad8-9d704f7a3f43,2026-07-07T12:00:00Z,2026-07-07T14:00:00+0200,-9.27,EUR/MWh,BE,BE,imbalance_price,Short,2026-08-03T03:49:42Z
2026-08-03T03:49:03Z,2026-08-03T05:49:03+0200,d815d4ad-795d-45eb-9ad8-9d704f7a3f43,2026-07-07T12:15:00Z,2026-07-07T14:15:00+0200,0.0,EUR/MWh,BE,BE,imbalance_price,Long,2026-08-03T03:49:42Z
2026-08-03T03:49:03Z,2026-08-03T05:49:03+0200,d815d4ad-795d-45eb-9ad8-9d704f7a3f43,2026-07-07T12:15:00Z,2026-07-07T14:15:00+0200,0.0,EUR/MWh,BE,BE,imbalance_price,Short,2026-08-03T03:49:42Z
2026-08-03T03:49:03Z,2026-08-03T05:49:03+0200,d815d4ad-795d-45eb-9ad8-9d704f7a3f43,2026-07-07T12:30:00Z,2026-07-07T14:30:00+0200,3.86,EUR/MWh,BE,BE,imbalance_price,Long,2026-08-03T03:49:42Z
2026-08-03T03:49:03Z,2026-08-03T05:49:03+0200,d815d4ad-795d-45eb-9ad8-9d704f7a3f43,2026-07-07T12:30:00Z,2026-07-07T14:30:00+0200,3.86,EUR/MWh,BE,BE,imbalance_price,Short,2026-08-03T03:49:42Z
2026-08-03T03:49:03Z,2026-08-03T05:49:03+0200,d815d4ad-795d-45eb-9ad8-9d704f7a3f43,2026-07-07T12:45:00Z,2026-07-07T14:45:00+0200,32.49,EUR/MWh,BE,BE,imbalance_price,Long,2026-08-03T03:49:42Z
2026-08-03T03:49:03Z,2026-08-03T05:49:03+0200,d815d4ad-795d-45eb-9ad8-9d704f7a3f43,2026-07-07T12:45:00Z,2026-07-07T14:45:00+0200,32.49,EUR/MWh,BE,BE,imbalance_price,Short,2026-08-03T03:49:42Z
2026-08-03T03:49:03Z,2026-08-03T05:49:03+0200,d815d4ad-795d-45eb-9ad8-9d704f7a3f43,2026-07-07T13:00:00Z,2026-07-07T15:00:00+0200,11.84,EUR/MWh,BE,BE,imbalance_price,Long,2026-08-03T03:49:42Z
2026-08-03T03:49:03Z,2026-08-03T05:49:03+0200,d815d4ad-795d-45eb-9ad8-9d704f7a3f43,2026-07-07T13:00:00Z,2026-07-07T15:00:00+0200,11.84,EUR/MWh,BE,BE,imbalance_price,Short,2026-08-03T03:49:42Z
2026-08-03T03:49:03Z,2026-08-03T05:49:03+0200,d815d4ad-795d-45eb-9ad8-9d704f7a3f43,2026-07-07T13:15:00Z,2026-07-07T15:15:00+0200,20.15,EUR/MWh,BE,BE,imbalance_price,Long,2026-08-03T03:49:42Z
2026-08-03T03:49:03Z,2026-08-03T05:49:03+0200,d815d4ad-795d-45eb-9ad8-9d704f7a3f43,2026-07-07T13:15:00Z,2026-07-07T15:15:00+0200,20.15,EUR/MWh,BE,BE,imbalance_price,Short,2026-08-03T03:49:42Z
2026-08-03T03:49:03Z,2026-08-03T05:49:03+0200,d815d4ad-795d-45eb-9ad8-9d704f7a3f43,2026-07-07T13:30:00Z,2026-07-07T15:30:00+0200,22.93,EUR/MWh,BE,BE,imbalance_price,Long,2026-08-03T03:49:42Z
2026-08-03T03:49:03Z,2026-08-03T05:49:03+0200,d815d4ad-795d-45eb-9ad8-9d704f7a3f43,2026-07-07T13:30:00Z,2026-07-07T15:30:00+0200,22.93,EUR/MWh,BE,BE,imbalance_price,Short,2026-08-03T03:49:42Z
2026-08-03T03:49:03Z,2026-08-03T05:49:03+0200,d815d4ad-795d-45eb-9ad8-9d704f7a3f43,2026-07-07T13:45:00Z,2026-07-07T15:45:00+0200,32.69,EUR/MWh,BE,BE,imbalance_price,Long,2026-08-03T03:49:42Z
2026-08-03T03:49:03Z,2026-08-03T05:49:03+0200,d815d4ad-795d-45eb-9ad8-9d704f7a3f43,2026-07-07T13:45:00Z,2026-07-07T15:45:00+0200,32.69,EUR/MWh,BE,BE,imbalance_price,Short,2026-08-03T03:49:42Z
2026-08-03T03:49:03Z,2026-08-03T05:49:03+0200,d815d4ad-795d-45eb-9ad8-9d704f7a3f43,2026-07-07T14:00:00Z,2026-07-07T16:00:00+0200,39.35,EUR/MWh,BE,BE,imbalance_price,Long,2026-08-03T03:49:42Z
2026-08-03T03:49:03Z,2026-08-03T05:49:03+0200,d815d4ad-795d-45eb-9ad8-9d704f7a3f43,2026-07-07T14:00:00Z,2026-07-07T16:00:00+0200,39.35,EUR/MWh,BE,BE,imbalance_price,Short,2026-08-03T03:49:42Z
2026-08-03T03:49:03Z,2026-08-03T05:49:03+0200,d815d4ad-795d-45eb-9ad8-9d704f7a3f43,2026-07-07T14:15:00Z,2026-07-07T16:15:00+0200,-21.63,EUR/MWh,BE,BE,imbalance_price,Long,2026-08-03T03:49:42Z
2026-08-03T03:49:03Z,2026-08-03T05:49:03+0200,d815d4ad-795d-45eb-9ad8-9d704f7a3f43,2026-07-07T14:15:00Z,2026-07-07T16:15:00+0200,-21.63,EUR/MWh,BE,BE,imbalance_price,Short,2026-08-03T03:49:42Z
2026-08-03T03:49:03Z,2026-08-03T05:49:03+0200,d815d4ad-795d-45eb-9ad8-9d704f7a3f43,2026-07-07T14:30:00Z,2026-07-07T16:30:00+0200,-47.68,EUR/MWh,BE,BE,imbalance_price,Long,2026-08-03T03:49:42Z
2026-08-03T03:49:03Z,2026-08-03T05:49:03+0200,d815d4ad-795d-45eb-9ad8-9d704f7a3f43,2026-07-07T14:30:00Z,2026-07-07T16:30:00+0200,-47.68,EUR/MWh,BE,BE,imbalance_price,Short,2026-08-03T03:49:42Z
2026-08-03T03:49:03Z,2026-08-03T05:49:03+0200,d815d4ad-795d-45eb-9ad8-9d704f7a3f43,2026-07-07T14:45:00Z,2026-07-07T16:45:00+0200,-35.9,EUR/MWh,BE,BE,imbalance_price,Long,2026-08-03T03:49:42Z
2026-08-03T03:49:03Z,2026-08-03T05:49:03+0200,d815d4ad-795d-45eb-9ad8-9d704f7a3f43,2026-07-07T14:45:00Z,2026-07-07T16:45:00+0200,-35.9,EUR/MWh,BE,BE,imbalance_price,Short,2026-08-03T03:49:42Z
2026-08-03T03:49:03Z,2026-08-03T05:49:03+0200,d815d4ad-795d-45eb-9ad8-9d704f7a3f43,2026-07-07T15:00:00Z,2026-07-07T17:00:00+0200,-114.7,EUR/MWh,BE,BE,imbalance_price,Long,2026-08-03T03:49:42Z
2026-08-03T03:49:03Z,2026-08-03T05:49:03+0200,d815d4ad-795d-45eb-9ad8-9d704f7a3f43,2026-07-07T15:00:00Z,2026-07-07T17:00:00+0200,-114.7,EUR/MWh,BE,BE,imbalance_price,Short,2026-08-03T03:49:42Z
2026-08-03T03:49:03Z,2026-08-03T05:49:03+0200,d815d4ad-795d-45eb-9ad8-9d704f7a3f43,2026-07-07T15:15:00Z,2026-07-07T17:15:00+0200,-122.69,EUR/MWh,BE,BE,imbalance_price,Long,2026-08-03T03:49:42Z
2026-08-03T03:49:03Z,2026-08-03T05:49:03+0200,d815d4ad-795d-45eb-9ad8-9d704f7a3f43,2026-07-07T15:15:00Z,2026-07-07T17:15:00+0200,-122.69,EUR/MWh,BE,BE,imbalance_price,Short,2026-08-03T03:49:42Z
2026-08-03T03:49:03Z,2026-08-03T05:49:03+0200,d815d4ad-795d-45eb-9ad8-9d704f7a3f43,2026-07-07T15:30:00Z,2026-07-07T17:30:00+0200,-0.77,EUR/MWh,BE,BE,imbalance_price,Long,2026-08-03T03:49:42Z
2026-08-03T03:49:03Z,2026-08-03T05:49:03+0200,d815d4ad-795d-45eb-9ad8-9d704f7a3f43,2026-07-07T15:30:00Z,2026-07-07T17:30:00+0200,-0.77,EUR/MWh,BE,BE,imbalance_price,Short,2026-08-03T03:49:42Z
2026-08-03T03:49:03Z,2026-08-03T05:49:03+0200,d815d4ad-795d-45eb-9ad8-9d704f7a3f43,2026-07-07T15:45:00Z,2026-07-07T17:45:00+0200,-14.93,EUR/MWh,BE,BE,imbalance_price,Long,2026-08-03T03:49:42Z
2026-08-03T03:49:03Z,2026-08-03T05:49:03+0200,d815d4ad-795d-45eb-9ad8-9d704f7a3f43,2026-07-07T15:45:00Z,2026-07-07T17:45:00+0200,-14.93,EUR/MWh,BE,BE,imbalance_price,Short,2026-08-03T03:49:42Z
2026-08-03T03:49:03Z,2026-08-03T05:49:03+0200,d815d4ad-795d-45eb-9ad8-9d704f7a3f43,2026-07-07T16:00:00Z,2026-07-07T18:00:00+0200,80.17,EUR/MWh,BE,BE,imbalance_price,Long,2026-08-03T03:49:42Z
2026-08-03T03:49:03Z,2026-08-03T05:49:03+0200,d815d4ad-795d-45eb-9ad8-9d704f7a3f43,2026-07-07T16:00:00Z,2026-07-07T18:00:00+0200,80.17,EUR/MWh,BE,BE,imbalance_price,Short,2026-08-03T03:49:42Z
2026-08-03T03:49:03Z,2026-08-03T05:49:03+0200,d815d4ad-795d-45eb-9ad8-9d704f7a3f43,2026-07-07T16:15:00Z,2026-07-07T18:15:00+0200,115.46,EUR/MWh,BE,BE,imbalance_price,Long,2026-08-03T03:49:42Z
2026-08-03T03:49:03Z,2026-08-03T05:49:03+0200,d815d4ad-795d-45eb-9ad8-9d704f7a3f43,2026-07-07T16:15:00Z,2026-07-07T18:15:00+0200,115.46,EUR/MWh,BE,BE,imbalance_price,Short,2026-08-03T03:49:42Z
2026-08-03T03:49:03Z,2026-08-03T05:49:03+0200,d815d4ad-795d-45eb-9ad8-9d704f7a3f43,2026-07-07T16:30:00Z,2026-07-07T18:30:00+0200,128.14,EUR/MWh,BE,BE,imbalance_price,Long,2026-08-03T03:49:42Z
2026-08-03T03:49:03Z,2026-08-03T05:49:03+0200,d815d4ad-795d-45eb-9ad8-9d704f7a3f43,2026-07-07T16:30:00Z,2026-07-07T18:30:00+0200,128.14,EUR/MWh,BE,BE,imbalance_price,Short,2026-08-03T03:49:42Z
2026-08-03T03:49:03Z,2026-08-03T05:49:03+0200,d815d4ad-795d-45eb-9ad8-9d704f7a3f43,2026-07-07T16:45:00Z,2026-07-07T18:45:00+0200,121.24,EUR/MWh,BE,BE,imbalance_price,Long,2026-08-03T03:49:42Z
2026-08-03T03:49:03Z,2026-08-03T05:49:03+0200,d815d4ad-795d-45eb-9ad8-9d704f7a3f43,2026-07-07T16:45:00Z,2026-07-07T18:45:00+0200,121.24,EUR/MWh,BE,BE,imbalance_price,Short,2026-08-03T03:49:42Z
2026-08-03T03:49:03Z,2026-08-03T05:49:03+0200,d815d4ad-795d-45eb-9ad8-9d704f7a3f43,2026-07-07T17:00:00Z,2026-07-07T19:00:00+0200,138.13,EUR/MWh,BE,BE,imbalance_price,Long,2026-08-03T03:49:42Z
2026-08-03T03:49:03Z,2026-08-03T05:49:03+0200,d815d4ad-795d-45eb-9ad8-9d704f7a3f43,2026-07-07T17:00:00Z,2026-07-07T19:00:00+0200,138.13,EUR/MWh,BE,BE,imbalance_price,Short,2026-08-03T03:49:42Z
2026-08-03T03:49:03Z,2026-08-03T05:49:03+0200,d815d4ad-795d-45eb-9ad8-9d704f7a3f43,2026-07-07T17:15:00Z,2026-07-07T19:15:00+0200,111.63,EUR/MWh,BE,BE,imbalance_price,Long,2026-08-03T03:49:42Z
2026-08-03T03:49:03Z,2026-08-03T05:49:03+0200,d815d4ad-795d-45eb-9ad8-9d704f7a3f43,2026-07-07T17:15:00Z,2026-07-07T19:15:00+0200,111.63,EUR/MWh,BE,BE,imbalance_price,Short,2026-08-03T03:49:42Z
2026-08-03T03:49:03Z,2026-08-03T05:49:03+0200,d815d4ad-795d-45eb-9ad8-9d704f7a3f43,2026-07-07T17:30:00Z,2026-07-07T19:30:00+0200,136.17,EUR/MWh,BE,BE,imbalance_price,Long,2026-08-03T03:49:42Z
2026-08-03T03:49:03Z,2026-08-03T05:49:03+0200,d815d4ad-795d-45eb-9ad8-9d704f7a3f43,2026-07-07T17:30:00Z,2026-07-07T19:30:00+0200,136.17,EUR/MWh,BE,BE,imbalance_price,Short,2026-08-03T03:49:42Z
2026-08-03T03:49:03Z,2026-08-03T05:49:03+0200,d815d4ad-795d-45eb-9ad8-9d704f7a3f43,2026-07-07T17:45:00Z,2026-07-07T19:45:00+0200,133.26,EUR/MWh,BE,BE,imbalance_price,Long,2026-08-03T03:49:42Z
2026-08-03T03:49:03Z,2026-08-03T05:49:03+0200,d815d4ad-795d-45eb-9ad8-9d704f7a3f43,2026-07-07T17:45:00Z,2026-07-07T19:45:00+0200,133.26,EUR/MWh,BE,BE,imbalance_price,Short,2026-08-03T03:49:42Z
2026-08-03T03:49:03Z,2026-08-03T05:49:03+0200,d815d4ad-795d-45eb-9ad8-9d704f7a3f43,2026-07-07T18:00:00Z,2026-07-07T20:00:00+0200,135.86,EUR/MWh,BE,BE,imbalance_price,Long,2026-08-03T03:49:42Z
2026-08-03T03:49:03Z,2026-08-03T05:49:03+0200,d815d4ad-795d-45eb-9ad8-9d704f7a3f43,2026-07-07T18:00:00Z,2026-07-07T20:00:00+0200,135.86,EUR/MWh,BE,BE,imbalance_price,Short,2026-08-03T03:49:42Z
2026-08-03T03:49:03Z,2026-08-03T05:49:03+0200,d815d4ad-795d-45eb-9ad8-9d704f7a3f43,2026-07-07T18:15:00Z,2026-07-07T20:15:00+0200,137.79,EUR/MWh,BE,BE,imbalance_price,Long,2026-08-03T03:49:42Z
2026-08-03T03:49:03Z,2026-08-03T05:49:03+0200,d815d4ad-795d-45eb-9ad8-9d704f7a3f43,2026-07-07T18:15:00Z,2026-07-07T20:15:00+0200,137.79,EUR/MWh,BE,BE,imbalance_price,Short,2026-08-03T03:49:42Z
2026-08-03T03:49:03Z,2026-08-03T05:49:03+0200,d815d4ad-795d-45eb-9ad8-9d704f7a3f43,2026-07-07T18:30:00Z,2026-07-07T20:30:00+0200,141.57,EUR/MWh,BE,BE,imbalance_price,Long,2026-08-03T03:49:42Z
2026-08-03T03:49:03Z,2026-08-03T05:49:03+0200,d815d4ad-795d-45eb-9ad8-9d704f7a3f43,2026-07-07T18:30:00Z,2026-07-07T20:30:00+0200,141.57,EUR/MWh,BE,BE,imbalance_price,Short,2026-08-03T03:49:42Z
2026-08-03T03:49:03Z,2026-08-03T05:49:03+0200,d815d4ad-795d-45eb-9ad8-9d704f7a3f43,2026-07-07T18:45:00Z,2026-07-07T20:45:00+0200,161.47,EUR/MWh,BE,BE,imbalance_price,Long,2026-08-03T03:49:42Z
2026-08-03T03:49:03Z,2026-08-03T05:49:03+0200,d815d4ad-795d-45eb-9ad8-9d704f7a3f43,2026-07-07T18:45:00Z,2026-07-07T20:45:00+0200,161.47,EUR/MWh,BE,BE,imbalance_price,Short,2026-08-03T03:49:42Z
2026-08-03T03:49:03Z,2026-08-03T05:49:03+0200,d815d4ad-795d-45eb-9ad8-9d704f7a3f43,2026-07-07T19:00:00Z,2026-07-07T21:00:00+0200,128.13,EUR/MWh,BE,BE,imbalance_price,Long,2026-08-03T03:49:42Z
2026-08-03T03:49:03Z,2026-08-03T05:49:03+0200,d815d4ad-795d-45eb-9ad8-9d704f7a3f43,2026-07-07T19:00:00Z,2026-07-07T21:00:00+0200,128.13,EUR/MWh,BE,BE,imbalance_price,Short,2026-08-03T03:49:42Z
2026-08-03T03:49:03Z,2026-08-03T05:49:03+0200,d815d4ad-795d-45eb-9ad8-9d704f7a3f43,2026-07-07T19:15:00Z,2026-07-07T21:15:00+0200,138.81,EUR/MWh,BE,BE,imbalance_price,Long,2026-08-03T03:49:42Z
2026-08-03T03:49:03Z,2026-08-03T05:49:03+0200,d815d4ad-795d-45eb-9ad8-9d704f7a3f43,2026-07-07T19:15:00Z,2026-07-07T21:15:00+0200,138.81,EUR/MWh,BE,BE,imbalance_price,Short,2026-08-03T03:49:42Z
2026-08-03T03:49:03Z,2026-08-03T05:49:03+0200,d815d4ad-795d-45eb-9ad8-9d704f7a3f43,2026-07-07T19:30:00Z,2026-07-07T21:30:00+0200,154.73,EUR/MWh,BE,BE,imbalance_price,Long,2026-08-03T03:49:42Z
2026-08-03T03:49:03Z,2026-08-03T05:49:03+0200,d815d4ad-795d-45eb-9ad8-9d704f7a3f43,2026-07-07T19:30:00Z,2026-07-07T21:30:00+0200,154.73,EUR/MWh,BE,BE,imbalance_price,Short,2026-08-03T03:49:42Z
2026-08-03T03:49:03Z,2026-08-03T05:49:03+0200,d815d4ad-795d-45eb-9ad8-9d704f7a3f43,2026-07-07T19:45:00Z,2026-07-07T21:45:00+0200,147.51,EUR/MWh,BE,BE,imbalance_price,Long,2026-08-03T03:49:42Z
2026-08-03T03:49:03Z,2026-08-03T05:49:03+0200,d815d4ad-795d-45eb-9ad8-9d704f7a3f43,2026-07-07T19:45:00Z,2026-07-07T21:45:00+0200,147.51,EUR/MWh,BE,BE,imbalance_price,Short,2026-08-03T03:49:42Z
2026-08-03T03:49:03Z,2026-08-03T05:49:03+0200,d815d4ad-795d-45eb-9ad8-9d704f7a3f43,2026-07-07T20:00:00Z,2026-07-07T22:00:00+0200,155.43,EUR/MWh,BE,BE,imbalance_price,Long,2026-08-03T03:49:42Z
2026-08-03T03:49:03Z,2026-08-03T05:49:03+0200,d815d4ad-795d-45eb-9ad8-9d704f7a3f43,2026-07-07T20:00:00Z,2026-07-07T22:00:00+0200,155.43,EUR/MWh,BE,BE,imbalance_price,Short,2026-08-03T03:49:42Z
2026-08-03T03:49:03Z,2026-08-03T05:49:03+0200,d815d4ad-795d-45eb-9ad8-9d704f7a3f43,2026-07-07T20:15:00Z,2026-07-07T22:15:00+0200,156.26,EUR/MWh,BE,BE,imbalance_price,Long,2026-08-03T03:49:42Z
2026-08-03T03:49:03Z,2026-08-03T05:49:03+0200,d815d4ad-795d-45eb-9ad8-9d704f7a3f43,2026-07-07T20:15:00Z,2026-07-07T22:15:00+0200,156.26,EUR/MWh,BE,BE,imbalance_price,Short,2026-08-03T03:49:42Z
2026-08-03T03:49:03Z,2026-08-03T05:49:03+0200,d815d4ad-795d-45eb-9ad8-9d704f7a3f43,2026-07-07T20:30:00Z,2026-07-07T22:30:00+0200,158.94,EUR/MWh,BE,BE,imbalance_price,Long,2026-08-03T03:49:42Z
2026-08-03T03:49:03Z,2026-08-03T05:49:03+0200,d815d4ad-795d-45eb-9ad8-9d704f7a3f43,2026-07-07T20:30:00Z,2026-07-07T22:30:00+0200,158.94,EUR/MWh,BE,BE,imbalance_price,Short,2026-08-03T03:49:42Z
2026-08-03T03:49:03Z,2026-08-03T05:49:03+0200,d815d4ad-795d-45eb-9ad8-9d704f7a3f43,2026-07-07T20:45:00Z,2026-07-07T22:45:00+0200,158.0,EUR/MWh,BE,BE,imbalance_price,Long,2026-08-03T03:49:42Z
2026-08-03T03:49:03Z,2026-08-03T05:49:03+0200,d815d4ad-795d-45eb-9ad8-9d704f7a3f43,2026-07-07T20:45:00Z,2026-07-07T22:45:00+0200,158.0,EUR/MWh,BE,BE,imbalance_price,Short,2026-08-03T03:49:42Z
2026-08-03T03:49:03Z,2026-08-03T05:49:03+0200,d815d4ad-795d-45eb-9ad8-9d704f7a3f43,2026-07-07T21:00:00Z,2026-07-07T23:00:00+0200,150.83,EUR/MWh,BE,BE,imbalance_price,Long,2026-08-03T03:49:42Z
2026-08-03T03:49:03Z,2026-08-03T05:49:03+0200,d815d4ad-795d-45eb-9ad8-9d704f7a3f43,2026-07-07T21:00:00Z,2026-07-07T23:00:00+0200,150.83,EUR/MWh,BE,BE,imbalance_price,Short,2026-08-03T03:49:42Z
2026-08-03T03:49:03Z,2026-08-03T05:49:03+0200,d815d4ad-795d-45eb-9ad8-9d704f7a3f43,2026-07-07T21:15:00Z,2026-07-07T23:15:00+0200,148.16,EUR/MWh,BE,BE,imbalance_price,Long,2026-08-03T03:49:42Z
2026-08-03T03:49:03Z,2026-08-03T05:49:03+0200,d815d4ad-795d-45eb-9ad8-9d704f7a3f43,2026-07-07T21:15:00Z,2026-07-07T23:15:00+0200,148.16,EUR/MWh,BE,BE,imbalance_price,Short,2026-08-03T03:49:42Z
2026-08-03T03:49:03Z,2026-08-03T05:49:03+0200,d815d4ad-795d-45eb-9ad8-9d704f7a3f43,2026-07-07T21:30:00Z,2026-07-07T23:30:00+0200,147.4,EUR/MWh,BE,BE,imbalance_price,Long,2026-08-03T03:49:42Z
2026-08-03T03:49:03Z,2026-08-03T05:49:03+0200,d815d4ad-795d-45eb-9ad8-9d704f7a3f43,2026-07-07T21:30:00Z,2026-07-07T23:30:00+0200,147.4,EUR/MWh,BE,BE,imbalance_price,Short,2026-08-03T03:49:42Z
2026-08-03T03:49:03Z,2026-08-03T05:49:03+0200,d815d4ad-795d-45eb-9ad8-9d704f7a3f43,2026-07-07T21:45:00Z,2026-07-07T23:45:00+0200,134.57,EUR/MWh,BE,BE,imbalance_price,Long,2026-08-03T03:49:42Z
2026-08-03T03:49:03Z,2026-08-03T05:49:03+0200,d815d4ad-795d-45eb-9ad8-9d704f7a3f43,2026-07-07T21:45:00Z,2026-07-07T23:45:00+0200,134.57,EUR/MWh,BE,BE,imbalance_price,Short,2026-08-03T03:49:42Z
2026-08-03T03:49:03Z,2026-08-03T05:49:03+0200,d815d4ad-795d-45eb-9ad8-9d704f7a3f43,2026-07-07T22:00:00Z,2026-07-08T00:00:00+0200,131.76,EUR/MWh,BE,BE,imbalance_price,Long,2026-08-03T03:49:42Z
2026-08-03T03:49:03Z,2026-08-03T05:49:03+0200,d815d4ad-795d-45eb-9ad8-9d704f7a3f43,2026-07-07T22:00:00Z,2026-07-08T00:00:00+0200,131.76,EUR/MWh,BE,BE,imbalance_price,Short,2026-08-03T03:49:42Z
2026-08-03T03:49:03Z,2026-08-03T05:49:03+0200,d815d4ad-795d-45eb-9ad8-9d704f7a3f43,2026-07-07T22:15:00Z,2026-07-08T00:15:00+0200,136.8,EUR/MWh,BE,BE,imbalance_price,Long,2026-08-03T03:49:42Z
2026-08-03T03:49:03Z,2026-08-03T05:49:03+0200,d815d4ad-795d-45eb-9ad8-9d704f7a3f43,2026-07-07T22:15:00Z,2026-07-08T00:15:00+0200,136.8,EUR/MWh,BE,BE,imbalance_price,Short,2026-08-03T03:49:42Z
2026-08-03T03:49:03Z,2026-08-03T05:49:03+0200,d815d4ad-795d-45eb-9ad8-9d704f7a3f43,2026-07-07T22:30:00Z,2026-07-08T00:30:00+0200,133.35,EUR/MWh,BE,BE,imbalance_price,Long,2026-08-03T03:49:42Z
2026-08-03T03:49:03Z,2026-08-03T05:49:03+0200,d815d4ad-795d-45eb-9ad8-9d704f7a3f43,2026-07-07T22:30:00Z,2026-07-08T00:30:00+0200,133.35,EUR/MWh,BE,BE,imbalance_price,Short,2026-08-03T03:49:42Z
2026-08-03T03:49:03Z,2026-08-03T05:49:03+0200,d815d4ad-795d-45eb-9ad8-9d704f7a3f43,2026-07-07T22:45:00Z,2026-07-08T00:45:00+0200,103.9,EUR/MWh,BE,BE,imbalance_price,Long,2026-08-03T03:49:42Z
2026-08-03T03:49:03Z,2026-08-03T05:49:03+0200,d815d4ad-795d-45eb-9ad8-9d704f7a3f43,2026-07-07T22:45:00Z,2026-07-08T00:45:00+0200,103.9,EUR/MWh,BE,BE,imbalance_price,Short,2026-08-03T03:49:42Z
2026-08-03T03:49:03Z,2026-08-03T05:49:03+0200,d815d4ad-795d-45eb-9ad8-9d704f7a3f43,2026-07-07T23:00:00Z,2026-07-08T01:00:00+0200,130.63,EUR/MWh,BE,BE,imbalance_price,Long,2026-08-03T03:49:42Z
2026-08-03T03:49:03Z,2026-08-03T05:49:03+0200,d815d4ad-795d-45eb-9ad8-9d704f7a3f43,2026-07-07T23:00:00Z,2026-07-08T01:00:00+0200,130.63,EUR/MWh,BE,BE,imbalance_price,Short,2026-08-03T03:49:42Z
2026-08-03T03:49:03Z,2026-08-03T05:49:03+0200,d815d4ad-795d-45eb-9ad8-9d704f7a3f43,2026-07-07T23:15:00Z,2026-07-08T01:15:00+0200,127.14,EUR/MWh,BE,BE,imbalance_price,Long,2026-08-03T03:49:42Z
2026-08-03T03:49:03Z,2026-08-03T05:49:03+0200,d815d4ad-795d-45eb-9ad8-9d704f7a3f43,2026-07-07T23:15:00Z,2026-07-08T01:15:00+0200,127.14,EUR/MWh,BE,BE,imbalance_price,Short,2026-08-03T03:49:42Z
2026-08-03T03:49:03Z,2026-08-03T05:49:03+0200,d815d4ad-795d-45eb-9ad8-9d704f7a3f43,2026-07-07T23:30:00Z,2026-07-08T01:30:00+0200,127.06,EUR/MWh,BE,BE,imbalance_price,Long,2026-08-03T03:49:42Z
2026-08-03T03:49:03Z,2026-08-03T05:49:03+0200,d815d4ad-795d-45eb-9ad8-9d704f7a3f43,2026-07-07T23:30:00Z,2026-07-08T01:30:00+0200,127.06,EUR/MWh,BE,BE,imbalance_price,Short,2026-08-03T03:49:42Z
2026-08-03T03:49:03Z,2026-08-03T05:49:03+0200,d815d4ad-795d-45eb-9ad8-9d704f7a3f43,2026-07-07T23:45:00Z,2026-07-08T01:45:00+0200,121.69,EUR/MWh,BE,BE,imbalance_price,Long,2026-08-03T03:49:42Z
2026-08-03T03:49:03Z,2026-08-03T05:49:03+0200,d815d4ad-795d-45eb-9ad8-9d704f7a3f43,2026-07-07T23:45:00Z,2026-07-08T01:45:00+0200,121.69,EUR/MWh,BE,BE,imbalance_price,Short,2026-08-03T03:49:42Z
2026-08-03T03:49:03Z,2026-08-03T05:49:03+0200,d815d4ad-795d-45eb-9ad8-9d704f7a3f43,2026-07-08T00:00:00Z,2026-07-08T02:00:00+0200,122.76,EUR/MWh,BE,BE,imbalance_price,Long,2026-08-03T03:49:42Z
2026-08-03T03:49:03Z,2026-08-03T05:49:03+0200,d815d4ad-795d-45eb-9ad8-9d704f7a3f43,2026-07-08T00:00:00Z,2026-07-08T02:00:00+0200,122.76,EUR/MWh,BE,BE,imbalance_price,Short,2026-08-03T03:49:42Z
2026-08-03T03:49:03Z,2026-08-03T05:49:03+0200,d815d4ad-795d-45eb-9ad8-9d704f7a3f43,2026-07-08T00:15:00Z,2026-07-08T02:15:00+0200,120.5,EUR/MWh,BE,BE,imbalance_price,Long,2026-08-03T03:49:42Z
2026-08-03T03:49:03Z,2026-08-03T05:49:03+0200,d815d4ad-795d-45eb-9ad8-9d704f7a3f43,2026-07-08T00:15:00Z,2026-07-08T02:15:00+0200,120.5,EUR/MWh,BE,BE,imbalance_price,Short,2026-08-03T03:49:42Z
2026-08-03T03:49:03Z,2026-08-03T05:49:03+0200,d815d4ad-795d-45eb-9ad8-9d704f7a3f43,2026-07-08T00:30:00Z,2026-07-08T02:30:00+0200,130.58,EUR/MWh,BE,BE,imbalance_price,Long,2026-08-03T03:49:42Z
2026-08-03T03:49:03Z,2026-08-03T05:49:03+0200,d815d4ad-795d-45eb-9ad8-9d704f7a3f43,2026-07-08T00:30:00Z,2026-07-08T02:30:00+0200,130.58,EUR/MWh,BE,BE,imbalance_price,Short,2026-08-03T03:49:42Z
2026-08-03T03:49:03Z,2026-08-03T05:49:03+0200,d815d4ad-795d-45eb-9ad8-9d704f7a3f43,2026-07-08T00:45:00Z,2026-07-08T02:45:00+0200,116.0,EUR/MWh,BE,BE,imbalance_price,Long,2026-08-03T03:49:42Z
2026-08-03T03:49:03Z,2026-08-03T05:49:03+0200,d815d4ad-795d-45eb-9ad8-9d704f7a3f43,2026-07-08T00:45:00Z,2026-07-08T02:45:00+0200,116.0,EUR/MWh,BE,BE,imbalance_price,Short,2026-08-03T03:49:42Z
2026-08-03T03:49:03Z,2026-08-03T05:49:03+0200,d815d4ad-795d-45eb-9ad8-9d704f7a3f43,2026-07-08T01:00:00Z,2026-07-08T03:00:00+0200,121.99,EUR/MWh,BE,BE,imbalance_price,Long,2026-08-03T03:49:42Z
2026-08-03T03:49:03Z,2026-08-03T05:49:03+0200,d815d4ad-795d-45eb-9ad8-9d704f7a3f43,2026-07-08T01:00:00Z,2026-07-08T03:00:00+0200,121.99,EUR/MWh,BE,BE,imbalance_price,Short,2026-08-03T03:49:42Z
2026-08-03T03:49:03Z,2026-08-03T05:49:03+0200,d815d4ad-795d-45eb-9ad8-9d704f7a3f43,2026-07-08T01:15:00Z,2026-07-08T03:15:00+0200,126.18,EUR/MWh,BE,BE,imbalance_price,Long,2026-08-03T03:49:42Z
2026-08-03T03:49:03Z,2026-08-03T05:49:03+0200,d815d4ad-795d-45eb-9ad8-9d704f7a3f43,2026-07-08T01:15:00Z,2026-07-08T03:15:00+0200,126.18,EUR/MWh,BE,BE,imbalance_price,Short,2026-08-03T03:49:42Z
2026-08-03T03:49:03Z,2026-08-03T05:49:03+0200,d815d4ad-795d-45eb-9ad8-9d704f7a3f43,2026-07-08T01:30:00Z,2026-07-08T03:30:00+0200,120.05,EUR/MWh,BE,BE,imbalance_price,Long,2026-08-03T03:49:42Z
2026-08-03T03:49:03Z,2026-08-03T05:49:03+0200,d815d4ad-795d-45eb-9ad8-9d704f7a3f43,2026-07-08T01:30:00Z,2026-07-08T03:30:00+0200,120.05,EUR/MWh,BE,BE,imbalance_price,Short,2026-08-03T03:49:42Z
2026-08-03T03:49:03Z,2026-08-03T05:49:03+0200,d815d4ad-795d-45eb-9ad8-9d704f7a3f43,2026-07-08T01:45:00Z,2026-07-08T03:45:00+0200,124.05,EUR/MWh,BE,BE,imbalance_price,Long,2026-08-03T03:49:42Z
2026-08-03T03:49:03Z,2026-08-03T05:49:03+0200,d815d4ad-795d-45eb-9ad8-9d704f7a3f43,2026-07-08T01:45:00Z,2026-07-08T03:45:00+0200,124.05,EUR/MWh,BE,BE,imbalance_price,Short,2026-08-03T03:49:42Z
2026-08-03T03:49:03Z,2026-08-03T05:49:03+0200,d815d4ad-795d-45eb-9ad8-9d704f7a3f43,2026-07-08T02:00:00Z,2026-07-08T04:00:00+0200,121.79,EUR/MWh,BE,BE,imbalance_price,Long,2026-08-03T03:49:42Z
2026-08-03T03:49:03Z,2026-08-03T05:49:03+0200,d815d4ad-795d-45eb-9ad8-9d704f7a3f43,2026-07-08T02:00:00Z,2026-07-08T04:00:00+0200,121.79,EUR/MWh,BE,BE,imbalance_price,Short,2026-08-03T03:49:42Z
2026-08-03T03:49:03Z,2026-08-03T05:49:03+0200,d815d4ad-795d-45eb-9ad8-9d704f7a3f43,2026-07-08T02:15:00Z,2026-07-08T04:15:00+0200,113.0,EUR/MWh,BE,BE,imbalance_price,Long,2026-08-03T03:49:42Z
2026-08-03T03:49:03Z,2026-08-03T05:49:03+0200,d815d4ad-795d-45eb-9ad8-9d704f7a3f43,2026-07-08T02:15:00Z,2026-07-08T04:15:00+0200,113.0,EUR/MWh,BE,BE,imbalance_price,Short,2026-08-03T03:49:42Z
2026-08-03T03:49:03Z,2026-08-03T05:49:03+0200,d815d4ad-795d-45eb-9ad8-9d704f7a3f43,2026-07-08T02:30:00Z,2026-07-08T04:30:00+0200,121.58,EUR/MWh,BE,BE,imbalance_price,Long,2026-08-03T03:49:42Z
2026-08-03T03:49:03Z,2026-08-03T05:49:03+0200,d815d4ad-795d-45eb-9ad8-9d704f7a3f43,2026-07-08T02:30:00Z,2026-07-08T04:30:00+0200,121.58,EUR/MWh,BE,BE,imbalance_price,Short,2026-08-03T03:49:42Z
2026-08-03T03:49:03Z,2026-08-03T05:49:03+0200,d815d4ad-795d-45eb-9ad8-9d704f7a3f43,2026-07-08T02:45:00Z,2026-07-08T04:45:00+0200,118.84,EUR/MWh,BE,BE,imbalance_price,Long,2026-08-03T03:49:42Z
2026-08-03T03:49:03Z,2026-08-03T05:49:03+0200,d815d4ad-795d-45eb-9ad8-9d704f7a3f43,2026-07-08T02:45:00Z,2026-07-08T04:45:00+0200,118.84,EUR/MWh,BE,BE,imbalance_price,Short,2026-08-03T03:49:42Z
2026-08-03T03:49:03Z,2026-08-03T05:49:03+0200,d815d4ad-795d-45eb-9ad8-9d704f7a3f43,2026-07-08T03:00:00Z,2026-07-08T05:00:00+0200,133.44,EUR/MWh,BE,BE,imbalance_price,Long,2026-08-03T03:49:42Z
2026-08-03T03:49:03Z,2026-08-03T05:49:03+0200,d815d4ad-795d-45eb-9ad8-9d704f7a3f43,2026-07-08T03:00:00Z,2026-07-08T05:00:00+0200,133.44,EUR/MWh,BE,BE,imbalance_price,Short,2026-08-03T03:49:42Z
2026-08-03T03:49:03Z,2026-08-03T05:49:03+0200,d815d4ad-795d-45eb-9ad8-9d704f7a3f43,2026-07-08T03:15:00Z,2026-07-08T05:15:00+0200,135.6,EUR/MWh,BE,BE,imbalance_price,Long,2026-08-03T03:49:42Z
2026-08-03T03:49:03Z,2026-08-03T05:49:03+0200,d815d4ad-795d-45eb-9ad8-9d704f7a3f43,2026-07-08T03:15:00Z,2026-07-08T05:15:00+0200,135.6,EUR/MWh,BE,BE,imbalance_price,Short,2026-08-03T03:49:42Z
2026-08-03T03:49:03Z,2026-08-03T05:49:03+0200,d815d4ad-795d-45eb-9ad8-9d704f7a3f43,2026-07-08T03:30:00Z,2026-07-08T05:30:00+0200,138.53,EUR/MWh,BE,BE,imbalance_price,Long,2026-08-03T03:49:42Z
2026-08-03T03:49:03Z,2026-08-03T05:49:03+0200,d815d4ad-795d-45eb-9ad8-9d704f7a3f43,2026-07-08T03:30:00Z,2026-07-08T05:30:00+0200,138.53,EUR/MWh,BE,BE,imbalance_price,Short,2026-08-03T03:49:42Z
2026-08-03T03:49:03Z,2026-08-03T05:49:03+0200,d815d4ad-795d-45eb-9ad8-9d704f7a3f43,2026-07-08T03:45:00Z,2026-07-08T05:45:00+0200,138.96,EUR/MWh,BE,BE,imbalance_price,Long,2026-08-03T03:49:42Z
2026-08-03T03:49:03Z,2026-08-03T05:49:03+0200,d815d4ad-795d-45eb-9ad8-9d704f7a3f43,2026-07-08T03:45:00Z,2026-07-08T05:45:00+0200,138.96,EUR/MWh,BE,BE,imbalance_price,Short,2026-08-03T03:49:42Z
2026-08-03T03:49:03Z,2026-08-03T05:49:03+0200,d815d4ad-795d-45eb-9ad8-9d704f7a3f43,2026-07-08T04:00:00Z,2026-07-08T06:00:00+0200,162.45,EUR/MWh,BE,BE,imbalance_price,Long,2026-08-03T03:49:42Z
2026-08-03T03:49:03Z,2026-08-03T05:49:03+0200,d815d4ad-795d-45eb-9ad8-9d704f7a3f43,2026-07-08T04:00:00Z,2026-07-08T06:00:00+0200,162.45,EUR/MWh,BE,BE,imbalance_price,Short,2026-08-03T03:49:42Z
2026-08-03T03:49:03Z,2026-08-03T05:49:03+0200,d815d4ad-795d-45eb-9ad8-9d704f7a3f43,2026-07-08T04:15:00Z,2026-07-08T06:15:00+0200,164.33,EUR/MWh,BE,BE,imbalance_price,Long,2026-08-03T03:49:42Z
2026-08-03T03:49:03Z,2026-08-03T05:49:03+0200,d815d4ad-795d-45eb-9ad8-9d704f7a3f43,2026-07-08T04:15:00Z,2026-07-08T06:15:00+0200,164.33,EUR/MWh,BE,BE,imbalance_price,Short,2026-08-03T03:49:42Z
2026-08-03T03:49:03Z,2026-08-03T05:49:03+0200,d815d4ad-795d-45eb-9ad8-9d704f7a3f43,2026-07-08T04:30:00Z,2026-07-08T06:30:00+0200,150.3,EUR/MWh,BE,BE,imbalance_price,Long,2026-08-03T03:49:42Z
2026-08-03T03:49:03Z,2026-08-03T05:49:03+0200,d815d4ad-795d-45eb-9ad8-9d704f7a3f43,2026-07-08T04:30:00Z,2026-07-08T06:30:00+0200,150.3,EUR/MWh,BE,BE,imbalance_price,Short,2026-08-03T03:49:42Z
2026-08-03T03:49:03Z,2026-08-03T05:49:03+0200,d815d4ad-795d-45eb-9ad8-9d704f7a3f43,2026-07-08T04:45:00Z,2026-07-08T06:45:00+0200,155.9,EUR/MWh,BE,BE,imbalance_price,Long,2026-08-03T03:49:42Z
2026-08-03T03:49:03Z,2026-08-03T05:49:03+0200,d815d4ad-795d-45eb-9ad8-9d704f7a3f43,2026-07-08T04:45:00Z,2026-07-08T06:45:00+0200,155.9,EUR/MWh,BE,BE,imbalance_price,Short,2026-08-03T03:49:42Z
2026-08-03T03:49:03Z,2026-08-03T05:49:03+0200,d815d4ad-795d-45eb-9ad8-9d704f7a3f43,2026-07-08T05:00:00Z,2026-07-08T07:00:00+0200,162.25,EUR/MWh,BE,BE,imbalance_price,Long,2026-08-03T03:49:42Z
2026-08-03T03:49:03Z,2026-08-03T05:49:03+0200,d815d4ad-795d-45eb-9ad8-9d704f7a3f43,2026-07-08T05:00:00Z,2026-07-08T07:00:00+0200,162.25,EUR/MWh,BE,BE,imbalance_price,Short,2026-08-03T03:49:42Z
2026-08-03T03:49:03Z,2026-08-03T05:49:03+0200,d815d4ad-795d-45eb-9ad8-9d704f7a3f43,2026-07-08T05:15:00Z,2026-07-08T07:15:00+0200,169.56,EUR/MWh,BE,BE,imbalance_price,Long,2026-08-03T03:49:42Z
2026-08-03T03:49:03Z,2026-08-03T05:49:03+0200,d815d4ad-795d-45eb-9ad8-9d704f7a3f43,2026-07-08T05:15:00Z,2026-07-08T07:15:00+0200,169.56,EUR/MWh,BE,BE,imbalance_price,Short,2026-08-03T03:49:42Z
2026-08-03T03:49:03Z,2026-08-03T05:49:03+0200,d815d4ad-795d-45eb-9ad8-9d704f7a3f43,2026-07-08T05:30:00Z,2026-07-08T07:30:00+0200,163.33,EUR/MWh,BE,BE,imbalance_price,Long,2026-08-03T03:49:42Z
2026-08-03T03:49:03Z,2026-08-03T05:49:03+0200,d815d4ad-795d-45eb-9ad8-9d704f7a3f43,2026-07-08T05:30:00Z,2026-07-08T07:30:00+0200,163.33,EUR/MWh,BE,BE,imbalance_price,Short,2026-08-03T03:49:42Z
2026-08-03T03:49:03Z,2026-08-03T05:49:03+0200,d815d4ad-795d-45eb-9ad8-9d704f7a3f43,2026-07-08T05:45:00Z,2026-07-08T07:45:00+0200,153.39,EUR/MWh,BE,BE,imbalance_price,Long,2026-08-03T03:49:42Z
2026-08-03T03:49:03Z,2026-08-03T05:49:03+0200,d815d4ad-795d-45eb-9ad8-9d704f7a3f43,2026-07-08T05:45:00Z,2026-07-08T07:45:00+0200,153.39,EUR/MWh,BE,BE,imbalance_price,Short,2026-08-03T03:49:42Z
2026-08-03T03:49:03Z,2026-08-03T05:49:03+0200,d815d4ad-795d-45eb-9ad8-9d704f7a3f43,2026-07-08T06:00:00Z,2026-07-08T08:00:00+0200,226.7,EUR/MWh,BE,BE,imbalance_price,Long,2026-08-03T03:49:42Z
2026-08-03T03:49:03Z,2026-08-03T05:49:03+0200,d815d4ad-795d-45eb-9ad8-9d704f7a3f43,2026-07-08T06:00:00Z,2026-07-08T08:00:00+0200,226.7,EUR/MWh,BE,BE,imbalance_price,Short,2026-08-03T03:49:42Z
2026-08-03T03:49:03Z,2026-08-03T05:49:03+0200,d815d4ad-795d-45eb-9ad8-9d704f7a3f43,2026-07-08T06:15:00Z,2026-07-08T08:15:00+0200,228.73,EUR/MWh,BE,BE,imbalance_price,Long,2026-08-03T03:49:42Z
2026-08-03T03:49:03Z,2026-08-03T05:49:03+0200,d815d4ad-795d-45eb-9ad8-9d704f7a3f43,2026-07-08T06:15:00Z,2026-07-08T08:15:00+0200,228.73,EUR/MWh,BE,BE,imbalance_price,Short,2026-08-03T03:49:42Z
2026-08-03T03:49:03Z,2026-08-03T05:49:03+0200,d815d4ad-795d-45eb-9ad8-9d704f7a3f43,2026-07-08T06:30:00Z,2026-07-08T08:30:00+0200,102.5,EUR/MWh,BE,BE,imbalance_price,Long,2026-08-03T03:49:42Z
2026-08-03T03:49:03Z,2026-08-03T05:49:03+0200,d815d4ad-795d-45eb-9ad8-9d704f7a3f43,2026-07-08T06:30:00Z,2026-07-08T08:30:00+0200,102.5,EUR/MWh,BE,BE,imbalance_price,Short,2026-08-03T03:49:42Z
2026-08-03T03:49:03Z,2026-08-03T05:49:03+0200,d815d4ad-795d-45eb-9ad8-9d704f7a3f43,2026-07-08T06:45:00Z,2026-07-08T08:45:00+0200,389.5,EUR/MWh,BE,BE,imbalance_price,Long,2026-08-03T03:49:42Z
2026-08-03T03:49:03Z,2026-08-03T05:49:03+0200,d815d4ad-795d-45eb-9ad8-9d704f7a3f43,2026-07-08T06:45:00Z,2026-07-08T08:45:00+0200,389.5,EUR/MWh,BE,BE,imbalance_price,Short,2026-08-03T03:49:42Z
2026-08-03T03:49:03Z,2026-08-03T05:49:03+0200,d815d4ad-795d-45eb-9ad8-9d704f7a3f43,2026-07-08T07:00:00Z,2026-07-08T09:00:00+0200,186.7,EUR/MWh,BE,BE,imbalance_price,Long,2026-08-03T03:49:42Z
2026-08-03T03:49:03Z,2026-08-03T05:49:03+0200,d815d4ad-795d-45eb-9ad8-9d704f7a3f43,2026-07-08T07:00:00Z,2026-07-08T09:00:00+0200,186.7,EUR/MWh,BE,BE,imbalance_price,Short,2026-08-03T03:49:42Z
2026-08-03T03:49:03Z,2026-08-03T05:49:03+0200,d815d4ad-795d-45eb-9ad8-9d704f7a3f43,2026-07-08T07:15:00Z,2026-07-08T09:15:00+0200,159.0,EUR/MWh,BE,BE,imbalance_price,Long,2026-08-03T03:49:42Z
2026-08-03T03:49:03Z,2026-08-03T05:49:03+0200,d815d4ad-795d-45eb-9ad8-9d704f7a3f43,2026-07-08T07:15:00Z,2026-07-08T09:15:00+0200,159.0,EUR/MWh,BE,BE,imbalance_price,Short,2026-08-03T03:49:42Z
2026-08-03T03:49:03Z,2026-08-03T05:49:03+0200,d815d4ad-795d-45eb-9ad8-9d704f7a3f43,2026-07-08T07:30:00Z,2026-07-08T09:30:00+0200,122.48,EUR/MWh,BE,BE,imbalance_price,Long,2026-08-03T03:49:42Z
2026-08-03T03:49:03Z,2026-08-03T05:49:03+0200,d815d4ad-795d-45eb-9ad8-9d704f7a3f43,2026-07-08T07:30:00Z,2026-07-08T09:30:00+0200,122.48,EUR/MWh,BE,BE,imbalance_price,Short,2026-08-03T03:49:42Z
2026-08-03T03:49:03Z,2026-08-03T05:49:03+0200,d815d4ad-795d-45eb-9ad8-9d704f7a3f43,2026-07-08T07:45:00Z,2026-07-08T09:45:00+0200,10.0,EUR/MWh,BE,BE,imbalance_price,Long,2026-08-03T03:49:42Z
2026-08-03T03:49:03Z,2026-08-03T05:49:03+0200,d815d4ad-795d-45eb-9ad8-9d704f7a3f43,2026-07-08T07:45:00Z,2026-07-08T09:45:00+0200,10.0,EUR/MWh,BE,BE,imbalance_price,Short,2026-08-03T03:49:42Z
2026-08-03T03:49:03Z,2026-08-03T05:49:03+0200,d815d4ad-795d-45eb-9ad8-9d704f7a3f43,2026-07-08T08:00:00Z,2026-07-08T10:00:00+0200,4.3,EUR/MWh,BE,BE,imbalance_price,Long,2026-08-03T03:49:42Z
2026-08-03T03:49:03Z,2026-08-03T05:49:03+0200,d815d4ad-795d-45eb-9ad8-9d704f7a3f43,2026-07-08T08:00:00Z,2026-07-08T10:00:00+0200,4.3,EUR/MWh,BE,BE,imbalance_price,Short,2026-08-03T03:49:42Z
2026-08-03T03:49:03Z,2026-08-03T05:49:03+0200,d815d4ad-795d-45eb-9ad8-9d704f7a3f43,2026-07-08T08:15:00Z,2026-07-08T10:15:00+0200,-0.79,EUR/MWh,BE,BE,imbalance_price,Long,2026-08-03T03:49:42Z
2026-08-03T03:49:03Z,2026-08-03T05:49:03+0200,d815d4ad-795d-45eb-9ad8-9d704f7a3f43,2026-07-08T08:15:00Z,2026-07-08T10:15:00+0200,-0.79,EUR/MWh,BE,BE,imbalance_price,Short,2026-08-03T03:49:42Z
2026-08-03T03:49:03Z,2026-08-03T05:49:03+0200,d815d4ad-795d-45eb-9ad8-9d704f7a3f43,2026-07-08T08:30:00Z,2026-07-08T10:30:00+0200,66.08,EUR/MWh,BE,BE,imbalance_price,Long,2026-08-03T03:49:42Z
2026-08-03T03:49:03Z,2026-08-03T05:49:03+0200,d815d4ad-795d-45eb-9ad8-9d704f7a3f43,2026-07-08T08:30:00Z,2026-07-08T10:30:00+0200,66.08,EUR/MWh,BE,BE,imbalance_price,Short,2026-08-03T03:49:42Z
2026-08-03T03:49:03Z,2026-08-03T05:49:03+0200,d815d4ad-795d-45eb-9ad8-9d704f7a3f43,2026-07-08T08:45:00Z,2026-07-08T10:45:00+0200,131.15,EUR/MWh,BE,BE,imbalance_price,Long,2026-08-03T03:49:42Z
2026-08-03T03:49:03Z,2026-08-03T05:49:03+0200,d815d4ad-795d-45eb-9ad8-9d704f7a3f43,2026-07-08T08:45:00Z,2026-07-08T10:45:00+0200,131.15,EUR/MWh,BE,BE,imbalance_price,Short,2026-08-03T03:49:42Z
2026-08-03T03:49:03Z,2026-08-03T05:49:03+0200,d815d4ad-795d-45eb-9ad8-9d704f7a3f43,2026-07-08T09:00:00Z,2026-07-08T11:00:00+0200,130.45,EUR/MWh,BE,BE,imbalance_price,Long,2026-08-03T03:49:42Z
2026-08-03T03:49:03Z,2026-08-03T05:49:03+0200,d815d4ad-795d-45eb-9ad8-9d704f7a3f43,2026-07-08T09:00:00Z,2026-07-08T11:00:00+0200,130.45,EUR/MWh,BE,BE,imbalance_price,Short,2026-08-03T03:49:42Z
2026-08-03T03:49:03Z,2026-08-03T05:49:03+0200,d815d4ad-795d-45eb-9ad8-9d704f7a3f43,2026-07-08T09:15:00Z,2026-07-08T11:15:00+0200,312.43,EUR/MWh,BE,BE,imbalance_price,Long,2026-08-03T03:49:42Z
2026-08-03T03:49:03Z,2026-08-03T05:49:03+0200,d815d4ad-795d-45eb-9ad8-9d704f7a3f43,2026-07-08T09:15:00Z,2026-07-08T11:15:00+0200,312.43,EUR/MWh,BE,BE,imbalance_price,Short,2026-08-03T03:49:42Z
2026-08-03T03:49:03Z,2026-08-03T05:49:03+0200,d815d4ad-795d-45eb-9ad8-9d704f7a3f43,2026-07-08T09:30:00Z,2026-07-08T11:30:00+0200,126.87,EUR/MWh,BE,BE,imbalance_price,Long,2026-08-03T03:49:42Z
2026-08-03T03:49:03Z,2026-08-03T05:49:03+0200,d815d4ad-795d-45eb-9ad8-9d704f7a3f43,2026-07-08T09:30:00Z,2026-07-08T11:30:00+0200,126.87,EUR/MWh,BE,BE,imbalance_price,Short,2026-08-03T03:49:42Z
2026-08-03T03:49:03Z,2026-08-03T05:49:03+0200,d815d4ad-795d-45eb-9ad8-9d704f7a3f43,2026-07-08T09:45:00Z,2026-07-08T11:45:00+0200,296.67,EUR/MWh,BE,BE,imbalance_price,Long,2026-08-03T03:49:42Z
2026-08-03T03:49:03Z,2026-08-03T05:49:03+0200,d815d4ad-795d-45eb-9ad8-9d704f7a3f43,2026-07-08T09:45:00Z,2026-07-08T11:45:00+0200,296.67,EUR/MWh,BE,BE,imbalance_price,Short,2026-08-03T03:49:42Z
2026-08-03T03:49:03Z,2026-08-03T05:49:03+0200,d815d4ad-795d-45eb-9ad8-9d704f7a3f43,2026-07-08T10:00:00Z,2026-07-08T12:00:00+0200,116.5,EUR/MWh,BE,BE,imbalance_price,Long,2026-08-03T03:49:42Z
2026-08-03T03:49:03Z,2026-08-03T05:49:03+0200,d815d4ad-795d-45eb-9ad8-9d704f7a3f43,2026-07-08T10:00:00Z,2026-07-08T12:00:00+0200,116.5,EUR/MWh,BE,BE,imbalance_price,Short,2026-08-03T03:49:42Z
2026-08-03T03:49:03Z,2026-08-03T05:49:03+0200,d815d4ad-795d-45eb-9ad8-9d704f7a3f43,2026-07-08T10:15:00Z,2026-07-08T12:15:00+0200,136.68,EUR/MWh,BE,BE,imbalance_price,Long,2026-08-03T03:49:42Z
2026-08-03T03:49:03Z,2026-08-03T05:49:03+0200,d815d4ad-795d-45eb-9ad8-9d704f7a3f43,2026-07-08T10:15:00Z,2026-07-08T12:15:00+0200,136.68,EUR/MWh,BE,BE,imbalance_price,Short,2026-08-03T03:49:42Z
2026-08-03T03:49:03Z,2026-08-03T05:49:03+0200,d815d4ad-795d-45eb-9ad8-9d704f7a3f43,2026-07-08T10:30:00Z,2026-07-08T12:30:00+0200,80.76,EUR/MWh,BE,BE,imbalance_price,Long,2026-08-03T03:49:42Z
2026-08-03T03:49:03Z,2026-08-03T05:49:03+0200,d815d4ad-795d-45eb-9ad8-9d704f7a3f43,2026-07-08T10:30:00Z,2026-07-08T12:30:00+0200,80.76,EUR/MWh,BE,BE,imbalance_price,Short,2026-08-03T03:49:42Z
2026-08-03T03:49:03Z,2026-08-03T05:49:03+0200,d815d4ad-795d-45eb-9ad8-9d704f7a3f43,2026-07-08T10:45:00Z,2026-07-08T12:45:00+0200,80.76,EUR/MWh,BE,BE,imbalance_price,Long,2026-08-03T03:49:42Z
2026-08-03T03:49:03Z,2026-08-03T05:49:03+0200,d815d4ad-795d-45eb-9ad8-9d704f7a3f43,2026-07-08T10:45:00Z,2026-07-08T12:45:00+0200,80.76,EUR/MWh,BE,BE,imbalance_price,Short,2026-08-03T03:49:42Z
2026-08-03T03:49:03Z,2026-08-03T05:49:03+0200,d815d4ad-795d-45eb-9ad8-9d704f7a3f43,2026-07-08T11:00:00Z,2026-07-08T13:00:00+0200,35.1,EUR/MWh,BE,BE,imbalance_price,Long,2026-08-03T03:49:42Z
2026-08-03T03:49:03Z,2026-08-03T05:49:03+0200,d815d4ad-795d-45eb-9ad8-9d704f7a3f43,2026-07-08T11:00:00Z,2026-07-08T13:00:00+0200,35.1,EUR/MWh,BE,BE,imbalance_price,Short,2026-08-03T03:49:42Z
2026-08-03T03:49:03Z,2026-08-03T05:49:03+0200,d815d4ad-795d-45eb-9ad8-9d704f7a3f43,2026-07-08T11:15:00Z,2026-07-08T13:15:00+0200,-15.47,EUR/MWh,BE,BE,imbalance_price,Long,2026-08-03T03:49:42Z
2026-08-03T03:49:03Z,2026-08-03T05:49:03+0200,d815d4ad-795d-45eb-9ad8-9d704f7a3f43,2026-07-08T11:15:00Z,2026-07-08T13:15:00+0200,-15.47,EUR/MWh,BE,BE,imbalance_price,Short,2026-08-03T03:49:42Z
2026-08-03T03:49:03Z,2026-08-03T05:49:03+0200,d815d4ad-795d-45eb-9ad8-9d704f7a3f43,2026-07-08T11:30:00Z,2026-07-08T13:30:00+0200,56.55,EUR/MWh,BE,BE,imbalance_price,Long,2026-08-03T03:49:42Z
2026-08-03T03:49:03Z,2026-08-03T05:49:03+0200,d815d4ad-795d-45eb-9ad8-9d704f7a3f43,2026-07-08T11:30:00Z,2026-07-08T13:30:00+0200,56.55,EUR/MWh,BE,BE,imbalance_price,Short,2026-08-03T03:49:42Z
2026-08-03T03:49:03Z,2026-08-03T05:49:03+0200,d815d4ad-795d-45eb-9ad8-9d704f7a3f43,2026-07-08T11:45:00Z,2026-07-08T13:45:00+0200,-6.68,EUR/MWh,BE,BE,imbalance_price,Long,2026-08-03T03:49:42Z
2026-08-03T03:49:03Z,2026-08-03T05:49:03+0200,d815d4ad-795d-45eb-9ad8-9d704f7a3f43,2026-07-08T11:45:00Z,2026-07-08T13:45:00+0200,-6.68,EUR/MWh,BE,BE,imbalance_price,Short,2026-08-03T03:49:42Z
2026-08-03T03:49:03Z,2026-08-03T05:49:03+0200,d815d4ad-795d-45eb-9ad8-9d704f7a3f43,2026-07-08T12:00:00Z,2026-07-08T14:00:00+0200,41.62,EUR/MWh,BE,BE,imbalance_price,Long,2026-08-03T03:49:42Z
2026-08-03T03:49:03Z,2026-08-03T05:49:03+0200,d815d4ad-795d-45eb-9ad8-9d704f7a3f43,2026-07-08T12:00:00Z,2026-07-08T14:00:00+0200,41.62,EUR/MWh,BE,BE,imbalance_price,Short,2026-08-03T03:49:42Z
2026-08-03T03:49:03Z,2026-08-03T05:49:03+0200,d815d4ad-795d-45eb-9ad8-9d704f7a3f43,2026-07-08T12:15:00Z,2026-07-08T14:15:00+0200,80.76,EUR/MWh,BE,BE,imbalance_price,Long,2026-08-03T03:49:42Z
2026-08-03T03:49:03Z,2026-08-03T05:49:03+0200,d815d4ad-795d-45eb-9ad8-9d704f7a3f43,2026-07-08T12:15:00Z,2026-07-08T14:15:00+0200,80.76,EUR/MWh,BE,BE,imbalance_price,Short,2026-08-03T03:49:42Z
2026-08-03T03:49:03Z,2026-08-03T05:49:03+0200,d815d4ad-795d-45eb-9ad8-9d704f7a3f43,2026-07-08T12:30:00Z,2026-07-08T14:30:00+0200,77.58,EUR/MWh,BE,BE,imbalance_price,Long,2026-08-03T03:49:42Z
2026-08-03T03:49:03Z,2026-08-03T05:49:03+0200,d815d4ad-795d-45eb-9ad8-9d704f7a3f43,2026-07-08T12:30:00Z,2026-07-08T14:30:00+0200,77.58,EUR/MWh,BE,BE,imbalance_price,Short,2026-08-03T03:49:42Z
2026-08-03T03:49:03Z,2026-08-03T05:49:03+0200,d815d4ad-795d-45eb-9ad8-9d704f7a3f43,2026-07-08T12:45:00Z,2026-07-08T14:45:00+0200,49.16,EUR/MWh,BE,BE,imbalance_price,Long,2026-08-03T03:49:42Z
2026-08-03T03:49:03Z,2026-08-03T05:49:03+0200,d815d4ad-795d-45eb-9ad8-9d704f7a3f43,2026-07-08T12:45:00Z,2026-07-08T14:45:00+0200,49.16,EUR/MWh,BE,BE,imbalance_price,Short,2026-08-03T03:49:42Z
2026-08-03T03:49:03Z,2026-08-03T05:49:03+0200,d815d4ad-795d-45eb-9ad8-9d704f7a3f43,2026-07-08T13:00:00Z,2026-07-08T15:00:00+0200,92.47,EUR/MWh,BE,BE,imbalance_price,Long,2026-08-03T03:49:42Z
2026-08-03T03:49:03Z,2026-08-03T05:49:03+0200,d815d4ad-795d-45eb-9ad8-9d704f7a3f43,2026-07-08T13:00:00Z,2026-07-08T15:00:00+0200,92.47,EUR/MWh,BE,BE,imbalance_price,Short,2026-08-03T03:49:42Z
2026-08-03T03:49:03Z,2026-08-03T05:49:03+0200,d815d4ad-795d-45eb-9ad8-9d704f7a3f43,2026-07-08T13:15:00Z,2026-07-08T15:15:00+0200,75.76,EUR/MWh,BE,BE,imbalance_price,Long,2026-08-03T03:49:42Z
2026-08-03T03:49:03Z,2026-08-03T05:49:03+0200,d815d4ad-795d-45eb-9ad8-9d704f7a3f43,2026-07-08T13:15:00Z,2026-07-08T15:15:00+0200,75.76,EUR/MWh,BE,BE,imbalance_price,Short,2026-08-03T03:49:42Z
2026-08-03T03:49:03Z,2026-08-03T05:49:03+0200,d815d4ad-795d-45eb-9ad8-9d704f7a3f43,2026-07-08T13:30:00Z,2026-07-08T15:30:00+0200,55.69,EUR/MWh,BE,BE,imbalance_price,Long,2026-08-03T03:49:42Z
2026-08-03T03:49:03Z,2026-08-03T05:49:03+0200,d815d4ad-795d-45eb-9ad8-9d704f7a3f43,2026-07-08T13:30:00Z,2026-07-08T15:30:00+0200,55.69,EUR/MWh,BE,BE,imbalance_price,Short,2026-08-03T03:49:42Z
2026-08-03T03:49:03Z,2026-08-03T05:49:03+0200,d815d4ad-795d-45eb-9ad8-9d704f7a3f43,2026-07-08T13:45:00Z,2026-07-08T15:45:00+0200,41.84,EUR/MWh,BE,BE,imbalance_price,Long,2026-08-03T03:49:42Z
2026-08-03T03:49:03Z,2026-08-03T05:49:03+0200,d815d4ad-795d-45eb-9ad8-9d704f7a3f43,2026-07-08T13:45:00Z,2026-07-08T15:45:00+0200,41.84,EUR/MWh,BE,BE,imbalance_price,Short,2026-08-03T03:49:42Z
2026-08-03T03:49:03Z,2026-08-03T05:49:03+0200,d815d4ad-795d-45eb-9ad8-9d704f7a3f43,2026-07-08T14:00:00Z,2026-07-08T16:00:00+0200,18.76,EUR/MWh,BE,BE,imbalance_price,Long,2026-08-03T03:49:42Z
2026-08-03T03:49:03Z,2026-08-03T05:49:03+0200,d815d4ad-795d-45eb-9ad8-9d704f7a3f43,2026-07-08T14:00:00Z,2026-07-08T16:00:00+0200,18.76,EUR/MWh,BE,BE,imbalance_price,Short,2026-08-03T03:49:42Z
2026-08-03T03:49:03Z,2026-08-03T05:49:03+0200,d815d4ad-795d-45eb-9ad8-9d704f7a3f43,2026-07-08T14:15:00Z,2026-07-08T16:15:00+0200,78.56,EUR/MWh,BE,BE,imbalance_price,Long,2026-08-03T03:49:42Z
2026-08-03T03:49:03Z,2026-08-03T05:49:03+0200,d815d4ad-795d-45eb-9ad8-9d704f7a3f43,2026-07-08T14:15:00Z,2026-07-08T16:15:00+0200,78.56,EUR/MWh,BE,BE,imbalance_price,Short,2026-08-03T03:49:42Z
2026-08-03T03:49:03Z,2026-08-03T05:49:03+0200,d815d4ad-795d-45eb-9ad8-9d704f7a3f43,2026-07-08T14:30:00Z,2026-07-08T16:30:00+0200,103.63,EUR/MWh,BE,BE,imbalance_price,Long,2026-08-03T03:49:42Z
2026-08-03T03:49:03Z,2026-08-03T05:49:03+0200,d815d4ad-795d-45eb-9ad8-9d704f7a3f43,2026-07-08T14:30:00Z,2026-07-08T16:30:00+0200,103.63,EUR/MWh,BE,BE,imbalance_price,Short,2026-08-03T03:49:42Z
2026-08-03T03:49:03Z,2026-08-03T05:49:03+0200,d815d4ad-795d-45eb-9ad8-9d704f7a3f43,2026-07-08T14:45:00Z,2026-07-08T16:45:00+0200,84.96,EUR/MWh,BE,BE,imbalance_price,Long,2026-08-03T03:49:42Z
2026-08-03T03:49:03Z,2026-08-03T05:49:03+0200,d815d4ad-795d-45eb-9ad8-9d704f7a3f43,2026-07-08T14:45:00Z,2026-07-08T16:45:00+0200,84.96,EUR/MWh,BE,BE,imbalance_price,Short,2026-08-03T03:49:42Z
2026-08-03T03:49:03Z,2026-08-03T05:49:03+0200,d815d4ad-795d-45eb-9ad8-9d704f7a3f43,2026-07-08T15:00:00Z,2026-07-08T17:00:00+0200,72.41,EUR/MWh,BE,BE,imbalance_price,Long,2026-08-03T03:49:42Z
2026-08-03T03:49:03Z,2026-08-03T05:49:03+0200,d815d4ad-795d-45eb-9ad8-9d704f7a3f43,2026-07-08T15:00:00Z,2026-07-08T17:00:00+0200,72.41,EUR/MWh,BE,BE,imbalance_price,Short,2026-08-03T03:49:42Z
2026-08-03T03:49:03Z,2026-08-03T05:49:03+0200,d815d4ad-795d-45eb-9ad8-9d704f7a3f43,2026-07-08T15:15:00Z,2026-07-08T17:15:00+0200,77.44,EUR/MWh,BE,BE,imbalance_price,Long,2026-08-03T03:49:42Z
2026-08-03T03:49:03Z,2026-08-03T05:49:03+0200,d815d4ad-795d-45eb-9ad8-9d704f7a3f43,2026-07-08T15:15:00Z,2026-07-08T17:15:00+0200,77.44,EUR/MWh,BE,BE,imbalance_price,Short,2026-08-03T03:49:42Z
2026-08-03T03:49:03Z,2026-08-03T05:49:03+0200,d815d4ad-795d-45eb-9ad8-9d704f7a3f43,2026-07-08T15:30:00Z,2026-07-08T17:30:00+0200,98.0,EUR/MWh,BE,BE,imbalance_price,Long,2026-08-03T03:49:42Z
2026-08-03T03:49:03Z,2026-08-03T05:49:03+0200,d815d4ad-795d-45eb-9ad8-9d704f7a3f43,2026-07-08T15:30:00Z,2026-07-08T17:30:00+0200,98.0,EUR/MWh,BE,BE,imbalance_price,Short,2026-08-03T03:49:42Z
2026-08-03T03:49:03Z,2026-08-03T05:49:03+0200,d815d4ad-795d-45eb-9ad8-9d704f7a3f43,2026-07-08T15:45:00Z,2026-07-08T17:45:00+0200,80.0,EUR/MWh,BE,BE,imbalance_price,Long,2026-08-03T03:49:42Z
2026-08-03T03:49:03Z,2026-08-03T05:49:03+0200,d815d4ad-795d-45eb-9ad8-9d704f7a3f43,2026-07-08T15:45:00Z,2026-07-08T17:45:00+0200,80.0,EUR/MWh,BE,BE,imbalance_price,Short,2026-08-03T03:49:42Z
2026-08-03T03:49:03Z,2026-08-03T05:49:03+0200,d815d4ad-795d-45eb-9ad8-9d704f7a3f43,2026-07-08T16:00:00Z,2026-07-08T18:00:00+0200,112.71,EUR/MWh,BE,BE,imbalance_price,Long,2026-08-03T03:49:42Z
2026-08-03T03:49:03Z,2026-08-03T05:49:03+0200,d815d4ad-795d-45eb-9ad8-9d704f7a3f43,2026-07-08T16:00:00Z,2026-07-08T18:00:00+0200,112.71,EUR/MWh,BE,BE,imbalance_price,Short,2026-08-03T03:49:42Z
2026-08-03T03:49:03Z,2026-08-03T05:49:03+0200,d815d4ad-795d-45eb-9ad8-9d704f7a3f43,2026-07-08T16:15:00Z,2026-07-08T18:15:00+0200,104.47,EUR/MWh,BE,BE,imbalance_price,Long,2026-08-03T03:49:42Z
2026-08-03T03:49:03Z,2026-08-03T05:49:03+0200,d815d4ad-795d-45eb-9ad8-9d704f7a3f43,2026-07-08T16:15:00Z,2026-07-08T18:15:00+0200,104.47,EUR/MWh,BE,BE,imbalance_price,Short,2026-08-03T03:49:42Z
2026-08-03T03:49:03Z,2026-08-03T05:49:03+0200,d815d4ad-795d-45eb-9ad8-9d704f7a3f43,2026-07-08T16:30:00Z,2026-07-08T18:30:00+0200,103.16,EUR/MWh,BE,BE,imbalance_price,Long,2026-08-03T03:49:42Z
2026-08-03T03:49:03Z,2026-08-03T05:49:03+0200,d815d4ad-795d-45eb-9ad8-9d704f7a3f43,2026-07-08T16:30:00Z,2026-07-08T18:30:00+0200,103.16,EUR/MWh,BE,BE,imbalance_price,Short,2026-08-03T03:49:42Z
2026-08-03T03:49:03Z,2026-08-03T05:49:03+0200,d815d4ad-795d-45eb-9ad8-9d704f7a3f43,2026-07-08T16:45:00Z,2026-07-08T18:45:00+0200,143.02,EUR/MWh,BE,BE,imbalance_price,Long,2026-08-03T03:49:42Z
2026-08-03T03:49:03Z,2026-08-03T05:49:03+0200,d815d4ad-795d-45eb-9ad8-9d704f7a3f43,2026-07-08T16:45:00Z,2026-07-08T18:45:00+0200,143.02,EUR/MWh,BE,BE,imbalance_price,Short,2026-08-03T03:49:42Z
2026-08-03T03:49:03Z,2026-08-03T05:49:03+0200,d815d4ad-795d-45eb-9ad8-9d704f7a3f43,2026-07-08T17:00:00Z,2026-07-08T19:00:00+0200,141.33,EUR/MWh,BE,BE,imbalance_price,Long,2026-08-03T03:49:42Z
2026-08-03T03:49:03Z,2026-08-03T05:49:03+0200,d815d4ad-795d-45eb-9ad8-9d704f7a3f43,2026-07-08T17:00:00Z,2026-07-08T19:00:00+0200,141.33,EUR/MWh,BE,BE,imbalance_price,Short,2026-08-03T03:49:42Z
2026-08-03T03:49:03Z,2026-08-03T05:49:03+0200,d815d4ad-795d-45eb-9ad8-9d704f7a3f43,2026-07-08T17:15:00Z,2026-07-08T19:15:00+0200,153.49,EUR/MWh,BE,BE,imbalance_price,Long,2026-08-03T03:49:42Z
2026-08-03T03:49:03Z,2026-08-03T05:49:03+0200,d815d4ad-795d-45eb-9ad8-9d704f7a3f43,2026-07-08T17:15:00Z,2026-07-08T19:15:00+0200,153.49,EUR/MWh,BE,BE,imbalance_price,Short,2026-08-03T03:49:42Z
2026-08-03T03:49:03Z,2026-08-03T05:49:03+0200,d815d4ad-795d-45eb-9ad8-9d704f7a3f43,2026-07-08T17:30:00Z,2026-07-08T19:30:00+0200,158.85,EUR/MWh,BE,BE,imbalance_price,Long,2026-08-03T03:49:42Z
2026-08-03T03:49:03Z,2026-08-03T05:49:03+0200,d815d4ad-795d-45eb-9ad8-9d704f7a3f43,2026-07-08T17:30:00Z,2026-07-08T19:30:00+0200,158.85,EUR/MWh,BE,BE,imbalance_price,Short,2026-08-03T03:49:42Z
2026-08-03T03:49:03Z,2026-08-03T05:49:03+0200,d815d4ad-795d-45eb-9ad8-9d704f7a3f43,2026-07-08T17:45:00Z,2026-07-08T19:45:00+0200,167.96,EUR/MWh,BE,BE,imbalance_price,Long,2026-08-03T03:49:42Z
2026-08-03T03:49:03Z,2026-08-03T05:49:03+0200,d815d4ad-795d-45eb-9ad8-9d704f7a3f43,2026-07-08T17:45:00Z,2026-07-08T19:45:00+0200,167.96,EUR/MWh,BE,BE,imbalance_price,Short,2026-08-03T03:49:42Z
2026-08-03T03:49:03Z,2026-08-03T05:49:03+0200,d815d4ad-795d-45eb-9ad8-9d704f7a3f43,2026-07-08T18:00:00Z,2026-07-08T20:00:00+0200,195.0,EUR/MWh,BE,BE,imbalance_price,Long,2026-08-03T03:49:42Z
2026-08-03T03:49:03Z,2026-08-03T05:49:03+0200,d815d4ad-795d-45eb-9ad8-9d704f7a3f43,2026-07-08T18:00:00Z,2026-07-08T20:00:00+0200,195.0,EUR/MWh,BE,BE,imbalance_price,Short,2026-08-03T03:49:42Z
2026-08-03T03:49:03Z,2026-08-03T05:49:03+0200,d815d4ad-795d-45eb-9ad8-9d704f7a3f43,2026-07-08T18:15:00Z,2026-07-08T20:15:00+0200,162.56,EUR/MWh,BE,BE,imbalance_price,Long,2026-08-03T03:49:42Z
2026-08-03T03:49:03Z,2026-08-03T05:49:03+0200,d815d4ad-795d-45eb-9ad8-9d704f7a3f43,2026-07-08T18:15:00Z,2026-07-08T20:15:00+0200,162.56,EUR/MWh,BE,BE,imbalance_price,Short,2026-08-03T03:49:42Z
2026-08-03T03:49:03Z,2026-08-03T05:49:03+0200,d815d4ad-795d-45eb-9ad8-9d704f7a3f43,2026-07-08T18:30:00Z,2026-07-08T20:30:00+0200,178.12,EUR/MWh,BE,BE,imbalance_price,Long,2026-08-03T03:49:42Z
2026-08-03T03:49:03Z,2026-08-03T05:49:03+0200,d815d4ad-795d-45eb-9ad8-9d704f7a3f43,2026-07-08T18:30:00Z,2026-07-08T20:30:00+0200,178.12,EUR/MWh,BE,BE,imbalance_price,Short,2026-08-03T03:49:42Z
2026-08-03T03:49:03Z,2026-08-03T05:49:03+0200,d815d4ad-795d-45eb-9ad8-9d704f7a3f43,2026-07-08T18:45:00Z,2026-07-08T20:45:00+0200,173.66,EUR/MWh,BE,BE,imbalance_price,Long,2026-08-03T03:49:42Z
2026-08-03T03:49:03Z,2026-08-03T05:49:03+0200,d815d4ad-795d-45eb-9ad8-9d704f7a3f43,2026-07-08T18:45:00Z,2026-07-08T20:45:00+0200,173.66,EUR/MWh,BE,BE,imbalance_price,Short,2026-08-03T03:49:42Z
2026-08-03T03:49:03Z,2026-08-03T05:49:03+0200,d815d4ad-795d-45eb-9ad8-9d704f7a3f43,2026-07-08T19:00:00Z,2026-07-08T21:00:00+0200,171.61,EUR/MWh,BE,BE,imbalance_price,Long,2026-08-03T03:49:42Z
2026-08-03T03:49:03Z,2026-08-03T05:49:03+0200,d815d4ad-795d-45eb-9ad8-9d704f7a3f43,2026-07-08T19:00:00Z,2026-07-08T21:00:00+0200,171.61,EUR/MWh,BE,BE,imbalance_price,Short,2026-08-03T03:49:42Z
2026-08-03T03:49:03Z,2026-08-03T05:49:03+0200,d815d4ad-795d-45eb-9ad8-9d704f7a3f43,2026-07-08T19:15:00Z,2026-07-08T21:15:00+0200,169.15,EUR/MWh,BE,BE,imbalance_price,Long,2026-08-03T03:49:42Z
2026-08-03T03:49:03Z,2026-08-03T05:49:03+0200,d815d4ad-795d-45eb-9ad8-9d704f7a3f43,2026-07-08T19:15:00Z,2026-07-08T21:15:00+0200,169.15,EUR/MWh,BE,BE,imbalance_price,Short,2026-08-03T03:49:42Z
2026-08-03T03:49:03Z,2026-08-03T05:49:03+0200,d815d4ad-795d-45eb-9ad8-9d704f7a3f43,2026-07-08T19:30:00Z,2026-07-08T21:30:00+0200,171.05,EUR/MWh,BE,BE,imbalance_price,Long,2026-08-03T03:49:42Z
2026-08-03T03:49:03Z,2026-08-03T05:49:03+0200,d815d4ad-795d-45eb-9ad8-9d704f7a3f43,2026-07-08T19:30:00Z,2026-07-08T21:30:00+0200,171.05,EUR/MWh,BE,BE,imbalance_price,Short,2026-08-03T03:49:42Z
2026-08-03T03:49:03Z,2026-08-03T05:49:03+0200,d815d4ad-795d-45eb-9ad8-9d704f7a3f43,2026-07-08T19:45:00Z,2026-07-08T21:45:00+0200,167.28,EUR/MWh,BE,BE,imbalance_price,Long,2026-08-03T03:49:42Z
2026-08-03T03:49:03Z,2026-08-03T05:49:03+0200,d815d4ad-795d-45eb-9ad8-9d704f7a3f43,2026-07-08T19:45:00Z,2026-07-08T21:45:00+0200,167.28,EUR/MWh,BE,BE,imbalance_price,Short,2026-08-03T03:49:42Z
2026-08-03T03:49:03Z,2026-08-03T05:49:03+0200,d815d4ad-795d-45eb-9ad8-9d704f7a3f43,2026-07-08T20:00:00Z,2026-07-08T22:00:00+0200,177.96,EUR/MWh,BE,BE,imbalance_price,Long,2026-08-03T03:49:42Z
2026-08-03T03:49:03Z,2026-08-03T05:49:03+0200,d815d4ad-795d-45eb-9ad8-9d704f7a3f43,2026-07-08T20:00:00Z,2026-07-08T22:00:00+0200,177.96,EUR/MWh,BE,BE,imbalance_price,Short,2026-08-03T03:49:42Z
2026-08-03T03:49:03Z,2026-08-03T05:49:03+0200,d815d4ad-795d-45eb-9ad8-9d704f7a3f43,2026-07-08T20:15:00Z,2026-07-08T22:15:00+0200,170.82,EUR/MWh,BE,BE,imbalance_price,Long,2026-08-03T03:49:42Z
2026-08-03T03:49:03Z,2026-08-03T05:49:03+0200,d815d4ad-795d-45eb-9ad8-9d704f7a3f43,2026-07-08T20:15:00Z,2026-07-08T22:15:00+0200,170.82,EUR/MWh,BE,BE,imbalance_price,Short,2026-08-03T03:49:42Z
2026-08-03T03:49:03Z,2026-08-03T05:49:03+0200,d815d4ad-795d-45eb-9ad8-9d704f7a3f43,2026-07-08T20:30:00Z,2026-07-08T22:30:00+0200,176.87,EUR/MWh,BE,BE,imbalance_price,Long,2026-08-03T03:49:42Z
2026-08-03T03:49:03Z,2026-08-03T05:49:03+0200,d815d4ad-795d-45eb-9ad8-9d704f7a3f43,2026-07-08T20:30:00Z,2026-07-08T22:30:00+0200,176.87,EUR/MWh,BE,BE,imbalance_price,Short,2026-08-03T03:49:42Z
2026-08-03T03:49:03Z,2026-08-03T05:49:03+0200,d815d4ad-795d-45eb-9ad8-9d704f7a3f43,2026-07-08T20:45:00Z,2026-07-08T22:45:00+0200,164.44,EUR/MWh,BE,BE,imbalance_price,Long,2026-08-03T03:49:42Z
2026-08-03T03:49:03Z,2026-08-03T05:49:03+0200,d815d4ad-795d-45eb-9ad8-9d704f7a3f43,2026-07-08T20:45:00Z,2026-07-08T22:45:00+0200,164.44,EUR/MWh,BE,BE,imbalance_price,Short,2026-08-03T03:49:42Z
2026-08-03T03:49:03Z,2026-08-03T05:49:03+0200,d815d4ad-795d-45eb-9ad8-9d704f7a3f43,2026-07-08T21:00:00Z,2026-07-08T23:00:00+0200,170.65,EUR/MWh,BE,BE,imbalance_price,Long,2026-08-03T03:49:42Z
2026-08-03T03:49:03Z,2026-08-03T05:49:03+0200,d815d4ad-795d-45eb-9ad8-9d704f7a3f43,2026-07-08T21:00:00Z,2026-07-08T23:00:00+0200,170.65,EUR/MWh,BE,BE,imbalance_price,Short,2026-08-03T03:49:42Z
2026-08-03T03:49:03Z,2026-08-03T05:49:03+0200,d815d4ad-795d-45eb-9ad8-9d704f7a3f43,2026-07-08T21:15:00Z,2026-07-08T23:15:00+0200,150.37,EUR/MWh,BE,BE,imbalance_price,Long,2026-08-03T03:49:42Z
2026-08-03T03:49:03Z,2026-08-03T05:49:03+0200,d815d4ad-795d-45eb-9ad8-9d704f7a3f43,2026-07-08T21:15:00Z,2026-07-08T23:15:00+0200,150.37,EUR/MWh,BE,BE,imbalance_price,Short,2026-08-03T03:49:42Z
2026-08-03T03:49:03Z,2026-08-03T05:49:03+0200,d815d4ad-795d-45eb-9ad8-9d704f7a3f43,2026-07-08T21:30:00Z,2026-07-08T23:30:00+0200,147.8,EUR/MWh,BE,BE,imbalance_price,Long,2026-08-03T03:49:42Z
2026-08-03T03:49:03Z,2026-08-03T05:49:03+0200,d815d4ad-795d-45eb-9ad8-9d704f7a3f43,2026-07-08T21:30:00Z,2026-07-08T23:30:00+0200,147.8,EUR/MWh,BE,BE,imbalance_price,Short,2026-08-03T03:49:42Z
2026-08-03T03:49:03Z,2026-08-03T05:49:03+0200,d815d4ad-795d-45eb-9ad8-9d704f7a3f43,2026-07-08T21:45:00Z,2026-07-08T23:45:00+0200,137.58,EUR/MWh,BE,BE,imbalance_price,Long,2026-08-03T03:49:42Z
2026-08-03T03:49:03Z,2026-08-03T05:49:03+0200,d815d4ad-795d-45eb-9ad8-9d704f7a3f43,2026-07-08T21:45:00Z,2026-07-08T23:45:00+0200,137.58,EUR/MWh,BE,BE,imbalance_price,Short,2026-08-03T03:49:42Z
2026-08-03T03:49:03Z,2026-08-03T05:49:03+0200,d815d4ad-795d-45eb-9ad8-9d704f7a3f43,2026-07-08T22:00:00Z,2026-07-09T00:00:00+0200,94.05,EUR/MWh,BE,BE,imbalance_price,Long,2026-08-03T03:49:42Z
2026-08-03T03:49:03Z,2026-08-03T05:49:03+0200,d815d4ad-795d-45eb-9ad8-9d704f7a3f43,2026-07-08T22:00:00Z,2026-07-09T00:00:00+0200,94.05,EUR/MWh,BE,BE,imbalance_price,Short,2026-08-03T03:49:42Z
2026-08-03T03:49:03Z,2026-08-03T05:49:03+0200,d815d4ad-795d-45eb-9ad8-9d704f7a3f43,2026-07-08T22:15:00Z,2026-07-09T00:15:00+0200,114.26,EUR/MWh,BE,BE,imbalance_price,Long,2026-08-03T03:49:42Z
2026-08-03T03:49:03Z,2026-08-03T05:49:03+0200,d815d4ad-795d-45eb-9ad8-9d704f7a3f43,2026-07-08T22:15:00Z,2026-07-09T00:15:00+0200,114.26,EUR/MWh,BE,BE,imbalance_price,Short,2026-08-03T03:49:42Z
2026-08-03T03:49:03Z,2026-08-03T05:49:03+0200,d815d4ad-795d-45eb-9ad8-9d704f7a3f43,2026-07-08T22:30:00Z,2026-07-09T00:30:00+0200,113.6,EUR/MWh,BE,BE,imbalance_price,Long,2026-08-03T03:49:42Z
2026-08-03T03:49:03Z,2026-08-03T05:49:03+0200,d815d4ad-795d-45eb-9ad8-9d704f7a3f43,2026-07-08T22:30:00Z,2026-07-09T00:30:00+0200,113.6,EUR/MWh,BE,BE,imbalance_price,Short,2026-08-03T03:49:42Z
2026-08-03T03:49:03Z,2026-08-03T05:49:03+0200,d815d4ad-795d-45eb-9ad8-9d704f7a3f43,2026-07-08T22:45:00Z,2026-07-09T00:45:00+0200,114.16,EUR/MWh,BE,BE,imbalance_price,Long,2026-08-03T03:49:42Z
2026-08-03T03:49:03Z,2026-08-03T05:49:03+0200,d815d4ad-795d-45eb-9ad8-9d704f7a3f43,2026-07-08T22:45:00Z,2026-07-09T00:45:00+0200,114.16,EUR/MWh,BE,BE,imbalance_price,Short,2026-08-03T03:49:42Z
2026-08-03T03:49:03Z,2026-08-03T05:49:03+0200,d815d4ad-795d-45eb-9ad8-9d704f7a3f43,2026-07-08T23:00:00Z,2026-07-09T01:00:00+0200,123.25,EUR/MWh,BE,BE,imbalance_price,Long,2026-08-03T03:49:42Z
2026-08-03T03:49:03Z,2026-08-03T05:49:03+0200,d815d4ad-795d-45eb-9ad8-9d704f7a3f43,2026-07-08T23:00:00Z,2026-07-09T01:00:00+0200,123.25,EUR/MWh,BE,BE,imbalance_price,Short,2026-08-03T03:49:42Z
2026-08-03T03:49:03Z,2026-08-03T05:49:03+0200,d815d4ad-795d-45eb-9ad8-9d704f7a3f43,2026-07-08T23:15:00Z,2026-07-09T01:15:00+0200,130.64,EUR/MWh,BE,BE,imbalance_price,Long,2026-08-03T03:49:42Z
2026-08-03T03:49:03Z,2026-08-03T05:49:03+0200,d815d4ad-795d-45eb-9ad8-9d704f7a3f43,2026-07-08T23:15:00Z,2026-07-09T01:15:00+0200,130.64,EUR/MWh,BE,BE,imbalance_price,Short,2026-08-03T03:49:42Z
2026-08-03T03:49:03Z,2026-08-03T05:49:03+0200,d815d4ad-795d-45eb-9ad8-9d704f7a3f43,2026-07-08T23:30:00Z,2026-07-09T01:30:00+0200,128.57,EUR/MWh,BE,BE,imbalance_price,Long,2026-08-03T03:49:42Z
2026-08-03T03:49:03Z,2026-08-03T05:49:03+0200,d815d4ad-795d-45eb-9ad8-9d704f7a3f43,2026-07-08T23:30:00Z,2026-07-09T01:30:00+0200,128.57,EUR/MWh,BE,BE,imbalance_price,Short,2026-08-03T03:49:42Z
2026-08-03T03:49:03Z,2026-08-03T05:49:03+0200,d815d4ad-795d-45eb-9ad8-9d704f7a3f43,2026-07-08T23:45:00Z,2026-07-09T01:45:00+0200,135.98,EUR/MWh,BE,BE,imbalance_price,Long,2026-08-03T03:49:42Z
2026-08-03T03:49:03Z,2026-08-03T05:49:03+0200,d815d4ad-795d-45eb-9ad8-9d704f7a3f43,2026-07-08T23:45:00Z,2026-07-09T01:45:00+0200,135.98,EUR/MWh,BE,BE,imbalance_price,Short,2026-08-03T03:49:42Z
2026-08-03T03:49:03Z,2026-08-03T05:49:03+0200,d815d4ad-795d-45eb-9ad8-9d704f7a3f43,2026-07-09T00:00:00Z,2026-07-09T02:00:00+0200,119.37,EUR/MWh,BE,BE,imbalance_price,Long,2026-08-03T03:49:42Z
2026-08-03T03:49:03Z,2026-08-03T05:49:03+0200,d815d4ad-795d-45eb-9ad8-9d704f7a3f43,2026-07-09T00:00:00Z,2026-07-09T02:00:00+0200,119.37,EUR/MWh,BE,BE,imbalance_price,Short,2026-08-03T03:49:42Z
2026-08-03T03:49:03Z,2026-08-03T05:49:03+0200,d815d4ad-795d-45eb-9ad8-9d704f7a3f43,2026-07-09T00:15:00Z,2026-07-09T02:15:00+0200,117.68,EUR/MWh,BE,BE,imbalance_price,Long,2026-08-03T03:49:42Z
2026-08-03T03:49:03Z,2026-08-03T05:49:03+0200,d815d4ad-795d-45eb-9ad8-9d704f7a3f43,2026-07-09T00:15:00Z,2026-07-09T02:15:00+0200,117.68,EUR/MWh,BE,BE,imbalance_price,Short,2026-08-03T03:49:42Z
2026-08-03T03:49:03Z,2026-08-03T05:49:03+0200,d815d4ad-795d-45eb-9ad8-9d704f7a3f43,2026-07-09T00:30:00Z,2026-07-09T02:30:00+0200,111.0,EUR/MWh,BE,BE,imbalance_price,Long,2026-08-03T03:49:42Z
2026-08-03T03:49:03Z,2026-08-03T05:49:03+0200,d815d4ad-795d-45eb-9ad8-9d704f7a3f43,2026-07-09T00:30:00Z,2026-07-09T02:30:00+0200,111.0,EUR/MWh,BE,BE,imbalance_price,Short,2026-08-03T03:49:42Z
2026-08-03T03:49:03Z,2026-08-03T05:49:03+0200,d815d4ad-795d-45eb-9ad8-9d704f7a3f43,2026-07-09T00:45:00Z,2026-07-09T02:45:00+0200,112.43,EUR/MWh,BE,BE,imbalance_price,Long,2026-08-03T03:49:42Z
2026-08-03T03:49:03Z,2026-08-03T05:49:03+0200,d815d4ad-795d-45eb-9ad8-9d704f7a3f43,2026-07-09T00:45:00Z,2026-07-09T02:45:00+0200,112.43,EUR/MWh,BE,BE,imbalance_price,Short,2026-08-03T03:49:42Z
2026-08-03T03:49:03Z,2026-08-03T05:49:03+0200,d815d4ad-795d-45eb-9ad8-9d704f7a3f43,2026-07-09T01:00:00Z,2026-07-09T03:00:00+0200,112.0,EUR/MWh,BE,BE,imbalance_price,Long,2026-08-03T03:49:42Z
2026-08-03T03:49:03Z,2026-08-03T05:49:03+0200,d815d4ad-795d-45eb-9ad8-9d704f7a3f43,2026-07-09T01:00:00Z,2026-07-09T03:00:00+0200,112.0,EUR/MWh,BE,BE,imbalance_price,Short,2026-08-03T03:49:42Z
2026-08-03T03:49:03Z,2026-08-03T05:49:03+0200,d815d4ad-795d-45eb-9ad8-9d704f7a3f43,2026-07-09T01:15:00Z,2026-07-09T03:15:00+0200,106.82,EUR/MWh,BE,BE,imbalance_price,Long,2026-08-03T03:49:42Z
2026-08-03T03:49:03Z,2026-08-03T05:49:03+0200,d815d4ad-795d-45eb-9ad8-9d704f7a3f43,2026-07-09T01:15:00Z,2026-07-09T03:15:00+0200,106.82,EUR/MWh,BE,BE,imbalance_price,Short,2026-08-03T03:49:42Z
2026-08-03T03:49:03Z,2026-08-03T05:49:03+0200,d815d4ad-795d-45eb-9ad8-9d704f7a3f43,2026-07-09T01:30:00Z,2026-07-09T03:30:00+0200,105.33,EUR/MWh,BE,BE,imbalance_price,Long,2026-08-03T03:49:42Z
2026-08-03T03:49:03Z,2026-08-03T05:49:03+0200,d815d4ad-795d-45eb-9ad8-9d704f7a3f43,2026-07-09T01:30:00Z,2026-07-09T03:30:00+0200,105.33,EUR/MWh,BE,BE,imbalance_price,Short,2026-08-03T03:49:42Z
2026-08-03T03:49:03Z,2026-08-03T05:49:03+0200,d815d4ad-795d-45eb-9ad8-9d704f7a3f43,2026-07-09T01:45:00Z,2026-07-09T03:45:00+0200,109.26,EUR/MWh,BE,BE,imbalance_price,Long,2026-08-03T03:49:42Z
2026-08-03T03:49:03Z,2026-08-03T05:49:03+0200,d815d4ad-795d-45eb-9ad8-9d704f7a3f43,2026-07-09T01:45:00Z,2026-07-09T03:45:00+0200,109.26,EUR/MWh,BE,BE,imbalance_price,Short,2026-08-03T03:49:42Z
2026-08-03T03:49:03Z,2026-08-03T05:49:03+0200,d815d4ad-795d-45eb-9ad8-9d704f7a3f43,2026-07-09T02:00:00Z,2026-07-09T04:00:00+0200,112.82,EUR/MWh,BE,BE,imbalance_price,Long,2026-08-03T03:49:42Z
2026-08-03T03:49:03Z,2026-08-03T05:49:03+0200,d815d4ad-795d-45eb-9ad8-9d704f7a3f43,2026-07-09T02:00:00Z,2026-07-09T04:00:00+0200,112.82,EUR/MWh,BE,BE,imbalance_price,Short,2026-08-03T03:49:42Z
2026-08-03T03:49:03Z,2026-08-03T05:49:03+0200,d815d4ad-795d-45eb-9ad8-9d704f7a3f43,2026-07-09T02:15:00Z,2026-07-09T04:15:00+0200,112.86,EUR/MWh,BE,BE,imbalance_price,Long,2026-08-03T03:49:42Z
2026-08-03T03:49:03Z,2026-08-03T05:49:03+0200,d815d4ad-795d-45eb-9ad8-9d704f7a3f43,2026-07-09T02:15:00Z,2026-07-09T04:15:00+0200,112.86,EUR/MWh,BE,BE,imbalance_price,Short,2026-08-03T03:49:42Z
2026-08-03T03:49:03Z,2026-08-03T05:49:03+0200,d815d4ad-795d-45eb-9ad8-9d704f7a3f43,2026-07-09T02:30:00Z,2026-07-09T04:30:00+0200,113.75,EUR/MWh,BE,BE,imbalance_price,Long,2026-08-03T03:49:42Z
2026-08-03T03:49:03Z,2026-08-03T05:49:03+0200,d815d4ad-795d-45eb-9ad8-9d704f7a3f43,2026-07-09T02:30:00Z,2026-07-09T04:30:00+0200,113.75,EUR/MWh,BE,BE,imbalance_price,Short,2026-08-03T03:49:42Z
2026-08-03T03:49:03Z,2026-08-03T05:49:03+0200,d815d4ad-795d-45eb-9ad8-9d704f7a3f43,2026-07-09T02:45:00Z,2026-07-09T04:45:00+0200,111.66,EUR/MWh,BE,BE,imbalance_price,Long,2026-08-03T03:49:42Z
2026-08-03T03:49:03Z,2026-08-03T05:49:03+0200,d815d4ad-795d-45eb-9ad8-9d704f7a3f43,2026-07-09T02:45:00Z,2026-07-09T04:45:00+0200,111.66,EUR/MWh,BE,BE,imbalance_price,Short,2026-08-03T03:49:42Z
2026-08-03T03:49:03Z,2026-08-03T05:49:03+0200,d815d4ad-795d-45eb-9ad8-9d704f7a3f43,2026-07-09T03:00:00Z,2026-07-09T05:00:00+0200,144.0,EUR/MWh,BE,BE,imbalance_price,Long,2026-08-03T03:49:42Z
2026-08-03T03:49:03Z,2026-08-03T05:49:03+0200,d815d4ad-795d-45eb-9ad8-9d704f7a3f43,2026-07-09T03:00:00Z,2026-07-09T05:00:00+0200,144.0,EUR/MWh,BE,BE,imbalance_price,Short,2026-08-03T03:49:42Z
2026-08-03T03:49:03Z,2026-08-03T05:49:03+0200,d815d4ad-795d-45eb-9ad8-9d704f7a3f43,2026-07-09T03:15:00Z,2026-07-09T05:15:00+0200,151.33,EUR/MWh,BE,BE,imbalance_price,Long,2026-08-03T03:49:42Z
2026-08-03T03:49:03Z,2026-08-03T05:49:03+0200,d815d4ad-795d-45eb-9ad8-9d704f7a3f43,2026-07-09T03:15:00Z,2026-07-09T05:15:00+0200,151.33,EUR/MWh,BE,BE,imbalance_price,Short,2026-08-03T03:49:42Z
2026-08-03T03:49:03Z,2026-08-03T05:49:03+0200,d815d4ad-795d-45eb-9ad8-9d704f7a3f43,2026-07-09T03:30:00Z,2026-07-09T05:30:00+0200,142.93,EUR/MWh,BE,BE,imbalance_price,Long,2026-08-03T03:49:42Z
2026-08-03T03:49:03Z,2026-08-03T05:49:03+0200,d815d4ad-795d-45eb-9ad8-9d704f7a3f43,2026-07-09T03:30:00Z,2026-07-09T05:30:00+0200,142.93,EUR/MWh,BE,BE,imbalance_price,Short,2026-08-03T03:49:42Z
2026-08-03T03:49:03Z,2026-08-03T05:49:03+0200,d815d4ad-795d-45eb-9ad8-9d704f7a3f43,2026-07-09T03:45:00Z,2026-07-09T05:45:00+0200,136.56,EUR/MWh,BE,BE,imbalance_price,Long,2026-08-03T03:49:42Z
2026-08-03T03:49:03Z,2026-08-03T05:49:03+0200,d815d4ad-795d-45eb-9ad8-9d704f7a3f43,2026-07-09T03:45:00Z,2026-07-09T05:45:00+0200,136.56,EUR/MWh,BE,BE,imbalance_price,Short,2026-08-03T03:49:42Z
2026-08-03T03:49:03Z,2026-08-03T05:49:03+0200,d815d4ad-795d-45eb-9ad8-9d704f7a3f43,2026-07-09T04:00:00Z,2026-07-09T06:00:00+0200,134.0,EUR/MWh,BE,BE,imbalance_price,Long,2026-08-03T03:49:42Z
2026-08-03T03:49:03Z,2026-08-03T05:49:03+0200,d815d4ad-795d-45eb-9ad8-9d704f7a3f43,2026-07-09T04:00:00Z,2026-07-09T06:00:00+0200,134.0,EUR/MWh,BE,BE,imbalance_price,Short,2026-08-03T03:49:42Z
2026-08-03T03:49:03Z,2026-08-03T05:49:03+0200,d815d4ad-795d-45eb-9ad8-9d704f7a3f43,2026-07-09T04:15:00Z,2026-07-09T06:15:00+0200,125.44,EUR/MWh,BE,BE,imbalance_price,Long,2026-08-03T03:49:42Z
2026-08-03T03:49:03Z,2026-08-03T05:49:03+0200,d815d4ad-795d-45eb-9ad8-9d704f7a3f43,2026-07-09T04:15:00Z,2026-07-09T06:15:00+0200,125.44,EUR/MWh,BE,BE,imbalance_price,Short,2026-08-03T03:49:42Z
2026-08-03T03:49:03Z,2026-08-03T05:49:03+0200,d815d4ad-795d-45eb-9ad8-9d704f7a3f43,2026-07-09T04:30:00Z,2026-07-09T06:30:00+0200,114.51,EUR/MWh,BE,BE,imbalance_price,Long,2026-08-03T03:49:42Z
2026-08-03T03:49:03Z,2026-08-03T05:49:03+0200,d815d4ad-795d-45eb-9ad8-9d704f7a3f43,2026-07-09T04:30:00Z,2026-07-09T06:30:00+0200,114.51,EUR/MWh,BE,BE,imbalance_price,Short,2026-08-03T03:49:42Z
2026-08-03T03:49:03Z,2026-08-03T05:49:03+0200,d815d4ad-795d-45eb-9ad8-9d704f7a3f43,2026-07-09T04:45:00Z,2026-07-09T06:45:00+0200,103.6,EUR/MWh,BE,BE,imbalance_price,Long,2026-08-03T03:49:42Z
2026-08-03T03:49:03Z,2026-08-03T05:49:03+0200,d815d4ad-795d-45eb-9ad8-9d704f7a3f43,2026-07-09T04:45:00Z,2026-07-09T06:45:00+0200,103.6,EUR/MWh,BE,BE,imbalance_price,Short,2026-08-03T03:49:42Z
2026-08-03T03:49:03Z,2026-08-03T05:49:03+0200,d815d4ad-795d-45eb-9ad8-9d704f7a3f43,2026-07-09T05:00:00Z,2026-07-09T07:00:00+0200,143.63,EUR/MWh,BE,BE,imbalance_price,Long,2026-08-03T03:49:42Z
2026-08-03T03:49:03Z,2026-08-03T05:49:03+0200,d815d4ad-795d-45eb-9ad8-9d704f7a3f43,2026-07-09T05:00:00Z,2026-07-09T07:00:00+0200,143.63,EUR/MWh,BE,BE,imbalance_price,Short,2026-08-03T03:49:42Z
2026-08-03T03:49:03Z,2026-08-03T05:49:03+0200,d815d4ad-795d-45eb-9ad8-9d704f7a3f43,2026-07-09T05:15:00Z,2026-07-09T07:15:00+0200,123.31,EUR/MWh,BE,BE,imbalance_price,Long,2026-08-03T03:49:42Z
2026-08-03T03:49:03Z,2026-08-03T05:49:03+0200,d815d4ad-795d-45eb-9ad8-9d704f7a3f43,2026-07-09T05:15:00Z,2026-07-09T07:15:00+0200,123.31,EUR/MWh,BE,BE,imbalance_price,Short,2026-08-03T03:49:42Z
2026-08-03T03:49:03Z,2026-08-03T05:49:03+0200,d815d4ad-795d-45eb-9ad8-9d704f7a3f43,2026-07-09T05:30:00Z,2026-07-09T07:30:00+0200,108.16,EUR/MWh,BE,BE,imbalance_price,Long,2026-08-03T03:49:42Z
2026-08-03T03:49:03Z,2026-08-03T05:49:03+0200,d815d4ad-795d-45eb-9ad8-9d704f7a3f43,2026-07-09T05:30:00Z,2026-07-09T07:30:00+0200,108.16,EUR/MWh,BE,BE,imbalance_price,Short,2026-08-03T03:49:42Z
2026-08-03T03:49:03Z,2026-08-03T05:49:03+0200,d815d4ad-795d-45eb-9ad8-9d704f7a3f43,2026-07-09T05:45:00Z,2026-07-09T07:45:00+0200,98.34,EUR/MWh,BE,BE,imbalance_price,Long,2026-08-03T03:49:42Z
2026-08-03T03:49:03Z,2026-08-03T05:49:03+0200,d815d4ad-795d-45eb-9ad8-9d704f7a3f43,2026-07-09T05:45:00Z,2026-07-09T07:45:00+0200,98.34,EUR/MWh,BE,BE,imbalance_price,Short,2026-08-03T03:49:42Z
2026-08-03T03:49:03Z,2026-08-03T05:49:03+0200,d815d4ad-795d-45eb-9ad8-9d704f7a3f43,2026-07-09T06:00:00Z,2026-07-09T08:00:00+0200,121.49,EUR/MWh,BE,BE,imbalance_price,Long,2026-08-03T03:49:42Z
2026-08-03T03:49:03Z,2026-08-03T05:49:03+0200,d815d4ad-795d-45eb-9ad8-9d704f7a3f43,2026-07-09T06:00:00Z,2026-07-09T08:00:00+0200,121.49,EUR/MWh,BE,BE,imbalance_price,Short,2026-08-03T03:49:42Z
2026-08-03T03:49:03Z,2026-08-03T05:49:03+0200,d815d4ad-795d-45eb-9ad8-9d704f7a3f43,2026-07-09T06:15:00Z,2026-07-09T08:15:00+0200,147.99,EUR/MWh,BE,BE,imbalance_price,Long,2026-08-03T03:49:42Z
2026-08-03T03:49:03Z,2026-08-03T05:49:03+0200,d815d4ad-795d-45eb-9ad8-9d704f7a3f43,2026-07-09T06:15:00Z,2026-07-09T08:15:00+0200,147.99,EUR/MWh,BE,BE,imbalance_price,Short,2026-08-03T03:49:42Z
2026-08-03T03:49:03Z,2026-08-03T05:49:03+0200,d815d4ad-795d-45eb-9ad8-9d704f7a3f43,2026-07-09T06:30:00Z,2026-07-09T08:30:00+0200,141.46,EUR/MWh,BE,BE,imbalance_price,Long,2026-08-03T03:49:42Z
2026-08-03T03:49:03Z,2026-08-03T05:49:03+0200,d815d4ad-795d-45eb-9ad8-9d704f7a3f43,2026-07-09T06:30:00Z,2026-07-09T08:30:00+0200,141.46,EUR/MWh,BE,BE,imbalance_price,Short,2026-08-03T03:49:42Z
2026-08-03T03:49:03Z,2026-08-03T05:49:03+0200,d815d4ad-795d-45eb-9ad8-9d704f7a3f43,2026-07-09T06:45:00Z,2026-07-09T08:45:00+0200,107.56,EUR/MWh,BE,BE,imbalance_price,Long,2026-08-03T03:49:42Z
2026-08-03T03:49:03Z,2026-08-03T05:49:03+0200,d815d4ad-795d-45eb-9ad8-9d704f7a3f43,2026-07-09T06:45:00Z,2026-07-09T08:45:00+0200,107.56,EUR/MWh,BE,BE,imbalance_price,Short,2026-08-03T03:49:42Z
2026-08-03T03:49:03Z,2026-08-03T05:49:03+0200,d815d4ad-795d-45eb-9ad8-9d704f7a3f43,2026-07-09T07:00:00Z,2026-07-09T09:00:00+0200,150.33,EUR/MWh,BE,BE,imbalance_price,Long,2026-08-03T03:49:42Z
2026-08-03T03:49:03Z,2026-08-03T05:49:03+0200,d815d4ad-795d-45eb-9ad8-9d704f7a3f43,2026-07-09T07:00:00Z,2026-07-09T09:00:00+0200,150.33,EUR/MWh,BE,BE,imbalance_price,Short,2026-08-03T03:49:42Z
2026-08-03T03:49:03Z,2026-08-03T05:49:03+0200,d815d4ad-795d-45eb-9ad8-9d704f7a3f43,2026-07-09T07:15:00Z,2026-07-09T09:15:00+0200,145.42,EUR/MWh,BE,BE,imbalance_price,Long,2026-08-03T03:49:42Z
2026-08-03T03:49:03Z,2026-08-03T05:49:03+0200,d815d4ad-795d-45eb-9ad8-9d704f7a3f43,2026-07-09T07:15:00Z,2026-07-09T09:15:00+0200,145.42,EUR/MWh,BE,BE,imbalance_price,Short,2026-08-03T03:49:42Z
2026-08-03T03:49:03Z,2026-08-03T05:49:03+0200,d815d4ad-795d-45eb-9ad8-9d704f7a3f43,2026-07-09T07:30:00Z,2026-07-09T09:30:00+0200,149.77,EUR/MWh,BE,BE,imbalance_price,Long,2026-08-03T03:49:42Z
2026-08-03T03:49:03Z,2026-08-03T05:49:03+0200,d815d4ad-795d-45eb-9ad8-9d704f7a3f43,2026-07-09T07:30:00Z,2026-07-09T09:30:00+0200,149.77,EUR/MWh,BE,BE,imbalance_price,Short,2026-08-03T03:49:42Z
2026-08-03T03:49:03Z,2026-08-03T05:49:03+0200,d815d4ad-795d-45eb-9ad8-9d704f7a3f43,2026-07-09T07:45:00Z,2026-07-09T09:45:00+0200,115.53,EUR/MWh,BE,BE,imbalance_price,Long,2026-08-03T03:49:42Z
2026-08-03T03:49:03Z,2026-08-03T05:49:03+0200,d815d4ad-795d-45eb-9ad8-9d704f7a3f43,2026-07-09T07:45:00Z,2026-07-09T09:45:00+0200,115.53,EUR/MWh,BE,BE,imbalance_price,Short,2026-08-03T03:49:42Z
2026-08-03T03:49:03Z,2026-08-03T05:49:03+0200,d815d4ad-795d-45eb-9ad8-9d704f7a3f43,2026-07-09T08:00:00Z,2026-07-09T10:00:00+0200,100.25,EUR/MWh,BE,BE,imbalance_price,Long,2026-08-03T03:49:42Z
2026-08-03T03:49:03Z,2026-08-03T05:49:03+0200,d815d4ad-795d-45eb-9ad8-9d704f7a3f43,2026-07-09T08:00:00Z,2026-07-09T10:00:00+0200,100.25,EUR/MWh,BE,BE,imbalance_price,Short,2026-08-03T03:49:42Z
2026-08-03T03:49:03Z,2026-08-03T05:49:03+0200,d815d4ad-795d-45eb-9ad8-9d704f7a3f43,2026-07-09T08:15:00Z,2026-07-09T10:15:00+0200,115.76,EUR/MWh,BE,BE,imbalance_price,Long,2026-08-03T03:49:42Z
2026-08-03T03:49:03Z,2026-08-03T05:49:03+0200,d815d4ad-795d-45eb-9ad8-9d704f7a3f43,2026-07-09T08:15:00Z,2026-07-09T10:15:00+0200,115.76,EUR/MWh,BE,BE,imbalance_price,Short,2026-08-03T03:49:42Z
2026-08-03T03:49:03Z,2026-08-03T05:49:03+0200,d815d4ad-795d-45eb-9ad8-9d704f7a3f43,2026-07-09T08:30:00Z,2026-07-09T10:30:00+0200,128.85,EUR/MWh,BE,BE,imbalance_price,Long,2026-08-03T03:49:42Z
2026-08-03T03:49:03Z,2026-08-03T05:49:03+0200,d815d4ad-795d-45eb-9ad8-9d704f7a3f43,2026-07-09T08:30:00Z,2026-07-09T10:30:00+0200,128.85,EUR/MWh,BE,BE,imbalance_price,Short,2026-08-03T03:49:42Z
2026-08-03T03:49:03Z,2026-08-03T05:49:03+0200,d815d4ad-795d-45eb-9ad8-9d704f7a3f43,2026-07-09T08:45:00Z,2026-07-09T10:45:00+0200,110.0,EUR/MWh,BE,BE,imbalance_price,Long,2026-08-03T03:49:42Z
2026-08-03T03:49:03Z,2026-08-03T05:49:03+0200,d815d4ad-795d-45eb-9ad8-9d704f7a3f43,2026-07-09T08:45:00Z,2026-07-09T10:45:00+0200,110.0,EUR/MWh,BE,BE,imbalance_price,Short,2026-08-03T03:49:42Z
2026-08-03T03:49:03Z,2026-08-03T05:49:03+0200,d815d4ad-795d-45eb-9ad8-9d704f7a3f43,2026-07-09T09:00:00Z,2026-07-09T11:00:00+0200,103.68,EUR/MWh,BE,BE,imbalance_price,Long,2026-08-03T03:49:42Z
2026-08-03T03:49:03Z,2026-08-03T05:49:03+0200,d815d4ad-795d-45eb-9ad8-9d704f7a3f43,2026-07-09T09:00:00Z,2026-07-09T11:00:00+0200,103.68,EUR/MWh,BE,BE,imbalance_price,Short,2026-08-03T03:49:42Z
2026-08-03T03:49:03Z,2026-08-03T05:49:03+0200,d815d4ad-795d-45eb-9ad8-9d704f7a3f43,2026-07-09T09:15:00Z,2026-07-09T11:15:00+0200,149.16,EUR/MWh,BE,BE,imbalance_price,Long,2026-08-03T03:49:42Z
2026-08-03T03:49:03Z,2026-08-03T05:49:03+0200,d815d4ad-795d-45eb-9ad8-9d704f7a3f43,2026-07-09T09:15:00Z,2026-07-09T11:15:00+0200,149.16,EUR/MWh,BE,BE,imbalance_price,Short,2026-08-03T03:49:42Z
2026-08-03T03:49:03Z,2026-08-03T05:49:03+0200,d815d4ad-795d-45eb-9ad8-9d704f7a3f43,2026-07-09T09:30:00Z,2026-07-09T11:30:00+0200,159.9,EUR/MWh,BE,BE,imbalance_price,Long,2026-08-03T03:49:42Z
2026-08-03T03:49:03Z,2026-08-03T05:49:03+0200,d815d4ad-795d-45eb-9ad8-9d704f7a3f43,2026-07-09T09:30:00Z,2026-07-09T11:30:00+0200,159.9,EUR/MWh,BE,BE,imbalance_price,Short,2026-08-03T03:49:42Z
2026-08-03T03:49:03Z,2026-08-03T05:49:03+0200,d815d4ad-795d-45eb-9ad8-9d704f7a3f43,2026-07-09T09:45:00Z,2026-07-09T11:45:00+0200,100.21,EUR/MWh,BE,BE,imbalance_price,Long,2026-08-03T03:49:42Z
2026-08-03T03:49:03Z,2026-08-03T05:49:03+0200,d815d4ad-795d-45eb-9ad8-9d704f7a3f43,2026-07-09T09:45:00Z,2026-07-09T11:45:00+0200,100.21,EUR/MWh,BE,BE,imbalance_price,Short,2026-08-03T03:49:42Z
2026-08-03T03:49:03Z,2026-08-03T05:49:03+0200,d815d4ad-795d-45eb-9ad8-9d704f7a3f43,2026-07-09T10:00:00Z,2026-07-09T12:00:00+0200,82.68,EUR/MWh,BE,BE,imbalance_price,Long,2026-08-03T03:49:42Z
2026-08-03T03:49:03Z,2026-08-03T05:49:03+0200,d815d4ad-795d-45eb-9ad8-9d704f7a3f43,2026-07-09T10:00:00Z,2026-07-09T12:00:00+0200,82.68,EUR/MWh,BE,BE,imbalance_price,Short,2026-08-03T03:49:42Z
2026-08-03T03:49:03Z,2026-08-03T05:49:03+0200,d815d4ad-795d-45eb-9ad8-9d704f7a3f43,2026-07-09T10:15:00Z,2026-07-09T12:15:00+0200,68.9,EUR/MWh,BE,BE,imbalance_price,Long,2026-08-03T03:49:42Z
2026-08-03T03:49:03Z,2026-08-03T05:49:03+0200,d815d4ad-795d-45eb-9ad8-9d704f7a3f43,2026-07-09T10:15:00Z,2026-07-09T12:15:00+0200,68.9,EUR/MWh,BE,BE,imbalance_price,Short,2026-08-03T03:49:42Z
2026-08-03T03:49:03Z,2026-08-03T05:49:03+0200,d815d4ad-795d-45eb-9ad8-9d704f7a3f43,2026-07-09T10:30:00Z,2026-07-09T12:30:00+0200,64.26,EUR/MWh,BE,BE,imbalance_price,Long,2026-08-03T03:49:42Z
2026-08-03T03:49:03Z,2026-08-03T05:49:03+0200,d815d4ad-795d-45eb-9ad8-9d704f7a3f43,2026-07-09T10:30:00Z,2026-07-09T12:30:00+0200,64.26,EUR/MWh,BE,BE,imbalance_price,Short,2026-08-03T03:49:42Z
2026-08-03T03:49:03Z,2026-08-03T05:49:03+0200,d815d4ad-795d-45eb-9ad8-9d704f7a3f43,2026-07-09T10:45:00Z,2026-07-09T12:45:00+0200,71.35,EUR/MWh,BE,BE,imbalance_price,Long,2026-08-03T03:49:42Z
2026-08-03T03:49:03Z,2026-08-03T05:49:03+0200,d815d4ad-795d-45eb-9ad8-9d704f7a3f43,2026-07-09T10:45:00Z,2026-07-09T12:45:00+0200,71.35,EUR/MWh,BE,BE,imbalance_price,Short,2026-08-03T03:49:42Z
2026-08-03T03:49:03Z,2026-08-03T05:49:03+0200,d815d4ad-795d-45eb-9ad8-9d704f7a3f43,2026-07-09T11:00:00Z,2026-07-09T13:00:00+0200,66.31,EUR/MWh,BE,BE,imbalance_price,Long,2026-08-03T03:49:42Z
2026-08-03T03:49:03Z,2026-08-03T05:49:03+0200,d815d4ad-795d-45eb-9ad8-9d704f7a3f43,2026-07-09T11:00:00Z,2026-07-09T13:00:00+0200,66.31,EUR/MWh,BE,BE,imbalance_price,Short,2026-08-03T03:49:42Z
2026-08-03T03:49:03Z,2026-08-03T05:49:03+0200,d815d4ad-795d-45eb-9ad8-9d704f7a3f43,2026-07-09T11:15:00Z,2026-07-09T13:15:00+0200,68.64,EUR/MWh,BE,BE,imbalance_price,Long,2026-08-03T03:49:42Z
2026-08-03T03:49:03Z,2026-08-03T05:49:03+0200,d815d4ad-795d-45eb-9ad8-9d704f7a3f43,2026-07-09T11:15:00Z,2026-07-09T13:15:00+0200,68.64,EUR/MWh,BE,BE,imbalance_price,Short,2026-08-03T03:49:42Z
2026-08-03T03:49:03Z,2026-08-03T05:49:03+0200,d815d4ad-795d-45eb-9ad8-9d704f7a3f43,2026-07-09T11:30:00Z,2026-07-09T13:30:00+0200,3.79,EUR/MWh,BE,BE,imbalance_price,Long,2026-08-03T03:49:42Z
2026-08-03T03:49:03Z,2026-08-03T05:49:03+0200,d815d4ad-795d-45eb-9ad8-9d704f7a3f43,2026-07-09T11:30:00Z,2026-07-09T13:30:00+0200,3.79,EUR/MWh,BE,BE,imbalance_price,Short,2026-08-03T03:49:42Z
2026-08-03T03:49:03Z,2026-08-03T05:49:03+0200,d815d4ad-795d-45eb-9ad8-9d704f7a3f43,2026-07-09T11:45:00Z,2026-07-09T13:45:00+0200,-7.49,EUR/MWh,BE,BE,imbalance_price,Long,2026-08-03T03:49:42Z
2026-08-03T03:49:03Z,2026-08-03T05:49:03+0200,d815d4ad-795d-45eb-9ad8-9d704f7a3f43,2026-07-09T11:45:00Z,2026-07-09T13:45:00+0200,-7.49,EUR/MWh,BE,BE,imbalance_price,Short,2026-08-03T03:49:42Z
2026-08-03T03:49:03Z,2026-08-03T05:49:03+0200,d815d4ad-795d-45eb-9ad8-9d704f7a3f43,2026-07-09T12:00:00Z,2026-07-09T14:00:00+0200,69.31,EUR/MWh,BE,BE,imbalance_price,Long,2026-08-03T03:49:42Z
2026-08-03T03:49:03Z,2026-08-03T05:49:03+0200,d815d4ad-795d-45eb-9ad8-9d704f7a3f43,2026-07-09T12:00:00Z,2026-07-09T14:00:00+0200,69.31,EUR/MWh,BE,BE,imbalance_price,Short,2026-08-03T03:49:42Z
2026-08-03T03:49:03Z,2026-08-03T05:49:03+0200,d815d4ad-795d-45eb-9ad8-9d704f7a3f43,2026-07-09T12:15:00Z,2026-07-09T14:15:00+0200,41.99,EUR/MWh,BE,BE,imbalance_price,Long,2026-08-03T03:49:42Z
2026-08-03T03:49:03Z,2026-08-03T05:49:03+0200,d815d4ad-795d-45eb-9ad8-9d704f7a3f43,2026-07-09T12:15:00Z,2026-07-09T14:15:00+0200,41.99,EUR/MWh,BE,BE,imbalance_price,Short,2026-08-03T03:49:42Z
2026-08-03T03:49:03Z,2026-08-03T05:49:03+0200,d815d4ad-795d-45eb-9ad8-9d704f7a3f43,2026-07-09T12:30:00Z,2026-07-09T14:30:00+0200,42.27,EUR/MWh,BE,BE,imbalance_price,Long,2026-08-03T03:49:42Z
2026-08-03T03:49:03Z,2026-08-03T05:49:03+0200,d815d4ad-795d-45eb-9ad8-9d704f7a3f43,2026-07-09T12:30:00Z,2026-07-09T14:30:00+0200,42.27,EUR/MWh,BE,BE,imbalance_price,Short,2026-08-03T03:49:42Z
2026-08-03T03:49:03Z,2026-08-03T05:49:03+0200,d815d4ad-795d-45eb-9ad8-9d704f7a3f43,2026-07-09T12:45:00Z,2026-07-09T14:45:00+0200,32.08,EUR/MWh,BE,BE,imbalance_price,Long,2026-08-03T03:49:42Z
2026-08-03T03:49:03Z,2026-08-03T05:49:03+0200,d815d4ad-795d-45eb-9ad8-9d704f7a3f43,2026-07-09T12:45:00Z,2026-07-09T14:45:00+0200,32.08,EUR/MWh,BE,BE,imbalance_price,Short,2026-08-03T03:49:42Z
2026-08-03T03:49:03Z,2026-08-03T05:49:03+0200,d815d4ad-795d-45eb-9ad8-9d704f7a3f43,2026-07-09T13:00:00Z,2026-07-09T15:00:00+0200,36.3,EUR/MWh,BE,BE,imbalance_price,Long,2026-08-03T03:49:42Z
2026-08-03T03:49:03Z,2026-08-03T05:49:03+0200,d815d4ad-795d-45eb-9ad8-9d704f7a3f43,2026-07-09T13:00:00Z,2026-07-09T15:00:00+0200,36.3,EUR/MWh,BE,BE,imbalance_price,Short,2026-08-03T03:49:42Z
2026-08-03T03:49:03Z,2026-08-03T05:49:03+0200,d815d4ad-795d-45eb-9ad8-9d704f7a3f43,2026-07-09T13:15:00Z,2026-07-09T15:15:00+0200,37.72,EUR/MWh,BE,BE,imbalance_price,Long,2026-08-03T03:49:42Z
2026-08-03T03:49:03Z,2026-08-03T05:49:03+0200,d815d4ad-795d-45eb-9ad8-9d704f7a3f43,2026-07-09T13:15:00Z,2026-07-09T15:15:00+0200,37.72,EUR/MWh,BE,BE,imbalance_price,Short,2026-08-03T03:49:42Z
2026-08-03T03:49:03Z,2026-08-03T05:49:03+0200,d815d4ad-795d-45eb-9ad8-9d704f7a3f43,2026-07-09T13:30:00Z,2026-07-09T15:30:00+0200,12.37,EUR/MWh,BE,BE,imbalance_price,Long,2026-08-03T03:49:42Z
2026-08-03T03:49:03Z,2026-08-03T05:49:03+0200,d815d4ad-795d-45eb-9ad8-9d704f7a3f43,2026-07-09T13:30:00Z,2026-07-09T15:30:00+0200,12.37,EUR/MWh,BE,BE,imbalance_price,Short,2026-08-03T03:49:42Z
2026-08-03T03:49:03Z,2026-08-03T05:49:03+0200,d815d4ad-795d-45eb-9ad8-9d704f7a3f43,2026-07-09T13:45:00Z,2026-07-09T15:45:00+0200,58.0,EUR/MWh,BE,BE,imbalance_price,Long,2026-08-03T03:49:42Z
2026-08-03T03:49:03Z,2026-08-03T05:49:03+0200,d815d4ad-795d-45eb-9ad8-9d704f7a3f43,2026-07-09T13:45:00Z,2026-07-09T15:45:00+0200,58.0,EUR/MWh,BE,BE,imbalance_price,Short,2026-08-03T03:49:42Z
2026-08-03T03:49:03Z,2026-08-03T05:49:03+0200,d815d4ad-795d-45eb-9ad8-9d704f7a3f43,2026-07-09T14:00:00Z,2026-07-09T16:00:00+0200,38.68,EUR/MWh,BE,BE,imbalance_price,Long,2026-08-03T03:49:42Z
2026-08-03T03:49:03Z,2026-08-03T05:49:03+0200,d815d4ad-795d-45eb-9ad8-9d704f7a3f43,2026-07-09T14:00:00Z,2026-07-09T16:00:00+0200,38.68,EUR/MWh,BE,BE,imbalance_price,Short,2026-08-03T03:49:42Z
2026-08-03T03:49:03Z,2026-08-03T05:49:03+0200,d815d4ad-795d-45eb-9ad8-9d704f7a3f43,2026-07-09T14:15:00Z,2026-07-09T16:15:00+0200,91.6,EUR/MWh,BE,BE,imbalance_price,Long,2026-08-03T03:49:42Z
2026-08-03T03:49:03Z,2026-08-03T05:49:03+0200,d815d4ad-795d-45eb-9ad8-9d704f7a3f43,2026-07-09T14:15:00Z,2026-07-09T16:15:00+0200,91.6,EUR/MWh,BE,BE,imbalance_price,Short,2026-08-03T03:49:42Z
2026-08-03T03:49:03Z,2026-08-03T05:49:03+0200,d815d4ad-795d-45eb-9ad8-9d704f7a3f43,2026-07-09T14:30:00Z,2026-07-09T16:30:00+0200,97.61,EUR/MWh,BE,BE,imbalance_price,Long,2026-08-03T03:49:42Z
2026-08-03T03:49:03Z,2026-08-03T05:49:03+0200,d815d4ad-795d-45eb-9ad8-9d704f7a3f43,2026-07-09T14:30:00Z,2026-07-09T16:30:00+0200,97.61,EUR/MWh,BE,BE,imbalance_price,Short,2026-08-03T03:49:42Z
2026-08-03T03:49:03Z,2026-08-03T05:49:03+0200,d815d4ad-795d-45eb-9ad8-9d704f7a3f43,2026-07-09T14:45:00Z,2026-07-09T16:45:00+0200,102.1,EUR/MWh,BE,BE,imbalance_price,Long,2026-08-03T03:49:42Z
2026-08-03T03:49:03Z,2026-08-03T05:49:03+0200,d815d4ad-795d-45eb-9ad8-9d704f7a3f43,2026-07-09T14:45:00Z,2026-07-09T16:45:00+0200,102.1,EUR/MWh,BE,BE,imbalance_price,Short,2026-08-03T03:49:42Z
2026-08-03T03:49:03Z,2026-08-03T05:49:03+0200,d815d4ad-795d-45eb-9ad8-9d704f7a3f43,2026-07-09T15:00:00Z,2026-07-09T17:00:00+0200,127.84,EUR/MWh,BE,BE,imbalance_price,Long,2026-08-03T03:49:42Z
2026-08-03T03:49:03Z,2026-08-03T05:49:03+0200,d815d4ad-795d-45eb-9ad8-9d704f7a3f43,2026-07-09T15:00:00Z,2026-07-09T17:00:00+0200,127.84,EUR/MWh,BE,BE,imbalance_price,Short,2026-08-03T03:49:42Z
2026-08-03T03:49:03Z,2026-08-03T05:49:03+0200,d815d4ad-795d-45eb-9ad8-9d704f7a3f43,2026-07-09T15:15:00Z,2026-07-09T17:15:00+0200,133.25,EUR/MWh,BE,BE,imbalance_price,Long,2026-08-03T03:49:42Z
2026-08-03T03:49:03Z,2026-08-03T05:49:03+0200,d815d4ad-795d-45eb-9ad8-9d704f7a3f43,2026-07-09T15:15:00Z,2026-07-09T17:15:00+0200,133.25,EUR/MWh,BE,BE,imbalance_price,Short,2026-08-03T03:49:42Z
2026-08-03T03:49:03Z,2026-08-03T05:49:03+0200,d815d4ad-795d-45eb-9ad8-9d704f7a3f43,2026-07-09T15:30:00Z,2026-07-09T17:30:00+0200,148.0,EUR/MWh,BE,BE,imbalance_price,Long,2026-08-03T03:49:42Z
2026-08-03T03:49:03Z,2026-08-03T05:49:03+0200,d815d4ad-795d-45eb-9ad8-9d704f7a3f43,2026-07-09T15:30:00Z,2026-07-09T17:30:00+0200,148.0,EUR/MWh,BE,BE,imbalance_price,Short,2026-08-03T03:49:42Z
2026-08-03T03:49:03Z,2026-08-03T05:49:03+0200,d815d4ad-795d-45eb-9ad8-9d704f7a3f43,2026-07-09T15:45:00Z,2026-07-09T17:45:00+0200,124.87,EUR/MWh,BE,BE,imbalance_price,Long,2026-08-03T03:49:42Z
2026-08-03T03:49:03Z,2026-08-03T05:49:03+0200,d815d4ad-795d-45eb-9ad8-9d704f7a3f43,2026-07-09T15:45:00Z,2026-07-09T17:45:00+0200,124.87,EUR/MWh,BE,BE,imbalance_price,Short,2026-08-03T03:49:42Z
2026-08-03T03:49:03Z,2026-08-03T05:49:03+0200,d815d4ad-795d-45eb-9ad8-9d704f7a3f43,2026-07-09T16:00:00Z,2026-07-09T18:00:00+0200,178.7,EUR/MWh,BE,BE,imbalance_price,Long,2026-08-03T03:49:42Z
2026-08-03T03:49:03Z,2026-08-03T05:49:03+0200,d815d4ad-795d-45eb-9ad8-9d704f7a3f43,2026-07-09T16:00:00Z,2026-07-09T18:00:00+0200,178.7,EUR/MWh,BE,BE,imbalance_price,Short,2026-08-03T03:49:42Z
2026-08-03T03:49:03Z,2026-08-03T05:49:03+0200,d815d4ad-795d-45eb-9ad8-9d704f7a3f43,2026-07-09T16:15:00Z,2026-07-09T18:15:00+0200,178.5,EUR/MWh,BE,BE,imbalance_price,Long,2026-08-03T03:49:42Z
2026-08-03T03:49:03Z,2026-08-03T05:49:03+0200,d815d4ad-795d-45eb-9ad8-9d704f7a3f43,2026-07-09T16:15:00Z,2026-07-09T18:15:00+0200,178.5,EUR/MWh,BE,BE,imbalance_price,Short,2026-08-03T03:49:42Z
2026-08-03T03:49:03Z,2026-08-03T05:49:03+0200,d815d4ad-795d-45eb-9ad8-9d704f7a3f43,2026-07-09T16:30:00Z,2026-07-09T18:30:00+0200,167.9,EUR/MWh,BE,BE,imbalance_price,Long,2026-08-03T03:49:42Z
2026-08-03T03:49:03Z,2026-08-03T05:49:03+0200,d815d4ad-795d-45eb-9ad8-9d704f7a3f43,2026-07-09T16:30:00Z,2026-07-09T18:30:00+0200,167.9,EUR/MWh,BE,BE,imbalance_price,Short,2026-08-03T03:49:42Z
2026-08-03T03:49:03Z,2026-08-03T05:49:03+0200,d815d4ad-795d-45eb-9ad8-9d704f7a3f43,2026-07-09T16:45:00Z,2026-07-09T18:45:00+0200,164.97,EUR/MWh,BE,BE,imbalance_price,Long,2026-08-03T03:49:42Z
2026-08-03T03:49:03Z,2026-08-03T05:49:03+0200,d815d4ad-795d-45eb-9ad8-9d704f7a3f43,2026-07-09T16:45:00Z,2026-07-09T18:45:00+0200,164.97,EUR/MWh,BE,BE,imbalance_price,Short,2026-08-03T03:49:42Z
2026-08-03T03:49:03Z,2026-08-03T05:49:03+0200,d815d4ad-795d-45eb-9ad8-9d704f7a3f43,2026-07-09T17:00:00Z,2026-07-09T19:00:00+0200,123.23,EUR/MWh,BE,BE,imbalance_price,Long,2026-08-03T03:49:42Z
2026-08-03T03:49:03Z,2026-08-03T05:49:03+0200,d815d4ad-795d-45eb-9ad8-9d704f7a3f43,2026-07-09T17:00:00Z,2026-07-09T19:00:00+0200,123.23,EUR/MWh,BE,BE,imbalance_price,Short,2026-08-03T03:49:42Z
2026-08-03T03:49:03Z,2026-08-03T05:49:03+0200,d815d4ad-795d-45eb-9ad8-9d704f7a3f43,2026-07-09T17:15:00Z,2026-07-09T19:15:00+0200,122.84,EUR/MWh,BE,BE,imbalance_price,Long,2026-08-03T03:49:42Z
2026-08-03T03:49:03Z,2026-08-03T05:49:03+0200,d815d4ad-795d-45eb-9ad8-9d704f7a3f43,2026-07-09T17:15:00Z,2026-07-09T19:15:00+0200,122.84,EUR/MWh,BE,BE,imbalance_price,Short,2026-08-03T03:49:42Z
2026-08-03T03:49:03Z,2026-08-03T05:49:03+0200,d815d4ad-795d-45eb-9ad8-9d704f7a3f43,2026-07-09T17:30:00Z,2026-07-09T19:30:00+0200,142.28,EUR/MWh,BE,BE,imbalance_price,Long,2026-08-03T03:49:42Z
2026-08-03T03:49:03Z,2026-08-03T05:49:03+0200,d815d4ad-795d-45eb-9ad8-9d704f7a3f43,2026-07-09T17:30:00Z,2026-07-09T19:30:00+0200,142.28,EUR/MWh,BE,BE,imbalance_price,Short,2026-08-03T03:49:42Z
2026-08-03T03:49:03Z,2026-08-03T05:49:03+0200,d815d4ad-795d-45eb-9ad8-9d704f7a3f43,2026-07-09T17:45:00Z,2026-07-09T19:45:00+0200,158.53,EUR/MWh,BE,BE,imbalance_price,Long,2026-08-03T03:49:42Z
2026-08-03T03:49:03Z,2026-08-03T05:49:03+0200,d815d4ad-795d-45eb-9ad8-9d704f7a3f43,2026-07-09T17:45:00Z,2026-07-09T19:45:00+0200,158.53,EUR/MWh,BE,BE,imbalance_price,Short,2026-08-03T03:49:42Z
2026-08-03T03:49:03Z,2026-08-03T05:49:03+0200,d815d4ad-795d-45eb-9ad8-9d704f7a3f43,2026-07-09T18:00:00Z,2026-07-09T20:00:00+0200,107.19,EUR/MWh,BE,BE,imbalance_price,Long,2026-08-03T03:49:42Z
2026-08-03T03:49:03Z,2026-08-03T05:49:03+0200,d815d4ad-795d-45eb-9ad8-9d704f7a3f43,2026-07-09T18:00:00Z,2026-07-09T20:00:00+0200,107.19,EUR/MWh,BE,BE,imbalance_price,Short,2026-08-03T03:49:42Z
2026-08-03T03:49:03Z,2026-08-03T05:49:03+0200,d815d4ad-795d-45eb-9ad8-9d704f7a3f43,2026-07-09T18:15:00Z,2026-07-09T20:15:00+0200,140.0,EUR/MWh,BE,BE,imbalance_price,Long,2026-08-03T03:49:42Z
2026-08-03T03:49:03Z,2026-08-03T05:49:03+0200,d815d4ad-795d-45eb-9ad8-9d704f7a3f43,2026-07-09T18:15:00Z,2026-07-09T20:15:00+0200,140.0,EUR/MWh,BE,BE,imbalance_price,Short,2026-08-03T03:49:42Z
2026-08-03T03:49:03Z,2026-08-03T05:49:03+0200,d815d4ad-795d-45eb-9ad8-9d704f7a3f43,2026-07-09T18:30:00Z,2026-07-09T20:30:00+0200,120.14,EUR/MWh,BE,BE,imbalance_price,Long,2026-08-03T03:49:42Z
2026-08-03T03:49:03Z,2026-08-03T05:49:03+0200,d815d4ad-795d-45eb-9ad8-9d704f7a3f43,2026-07-09T18:30:00Z,2026-07-09T20:30:00+0200,120.14,EUR/MWh,BE,BE,imbalance_price,Short,2026-08-03T03:49:42Z
2026-08-03T03:49:03Z,2026-08-03T05:49:03+0200,d815d4ad-795d-45eb-9ad8-9d704f7a3f43,2026-07-09T18:45:00Z,2026-07-09T20:45:00+0200,219.99,EUR/MWh,BE,BE,imbalance_price,Long,2026-08-03T03:49:42Z
2026-08-03T03:49:03Z,2026-08-03T05:49:03+0200,d815d4ad-795d-45eb-9ad8-9d704f7a3f43,2026-07-09T18:45:00Z,2026-07-09T20:45:00+0200,219.99,EUR/MWh,BE,BE,imbalance_price,Short,2026-08-03T03:49:42Z
2026-08-03T03:49:03Z,2026-08-03T05:49:03+0200,d815d4ad-795d-45eb-9ad8-9d704f7a3f43,2026-07-09T19:00:00Z,2026-07-09T21:00:00+0200,154.55,EUR/MWh,BE,BE,imbalance_price,Long,2026-08-03T03:49:42Z
2026-08-03T03:49:03Z,2026-08-03T05:49:03+0200,d815d4ad-795d-45eb-9ad8-9d704f7a3f43,2026-07-09T19:00:00Z,2026-07-09T21:00:00+0200,154.55,EUR/MWh,BE,BE,imbalance_price,Short,2026-08-03T03:49:42Z
2026-08-03T03:49:03Z,2026-08-03T05:49:03+0200,d815d4ad-795d-45eb-9ad8-9d704f7a3f43,2026-07-09T19:15:00Z,2026-07-09T21:15:00+0200,215.55,EUR/MWh,BE,BE,imbalance_price,Long,2026-08-03T03:49:42Z
2026-08-03T03:49:03Z,2026-08-03T05:49:03+0200,d815d4ad-795d-45eb-9ad8-9d704f7a3f43,2026-07-09T19:15:00Z,2026-07-09T21:15:00+0200,215.55,EUR/MWh,BE,BE,imbalance_price,Short,2026-08-03T03:49:42Z
2026-08-03T03:49:03Z,2026-08-03T05:49:03+0200,d815d4ad-795d-45eb-9ad8-9d704f7a3f43,2026-07-09T19:30:00Z,2026-07-09T21:30:00+0200,230.35,EUR/MWh,BE,BE,imbalance_price,Long,2026-08-03T03:49:42Z
2026-08-03T03:49:03Z,2026-08-03T05:49:03+0200,d815d4ad-795d-45eb-9ad8-9d704f7a3f43,2026-07-09T19:30:00Z,2026-07-09T21:30:00+0200,230.35,EUR/MWh,BE,BE,imbalance_price,Short,2026-08-03T03:49:42Z
2026-08-03T03:49:03Z,2026-08-03T05:49:03+0200,d815d4ad-795d-45eb-9ad8-9d704f7a3f43,2026-07-09T19:45:00Z,2026-07-09T21:45:00+0200,137.83,EUR/MWh,BE,BE,imbalance_price,Long,2026-08-03T03:49:42Z
2026-08-03T03:49:03Z,2026-08-03T05:49:03+0200,d815d4ad-795d-45eb-9ad8-9d704f7a3f43,2026-07-09T19:45:00Z,2026-07-09T21:45:00+0200,137.83,EUR/MWh,BE,BE,imbalance_price,Short,2026-08-03T03:49:42Z
2026-08-03T03:49:03Z,2026-08-03T05:49:03+0200,d815d4ad-795d-45eb-9ad8-9d704f7a3f43,2026-07-09T20:00:00Z,2026-07-09T22:00:00+0200,213.33,EUR/MWh,BE,BE,imbalance_price,Long,2026-08-03T03:49:42Z
2026-08-03T03:49:03Z,2026-08-03T05:49:03+0200,d815d4ad-795d-45eb-9ad8-9d704f7a3f43,2026-07-09T20:00:00Z,2026-07-09T22:00:00+0200,213.33,EUR/MWh,BE,BE,imbalance_price,Short,2026-08-03T03:49:42Z
2026-08-03T03:49:03Z,2026-08-03T05:49:03+0200,d815d4ad-795d-45eb-9ad8-9d704f7a3f43,2026-07-09T20:15:00Z,2026-07-09T22:15:00+0200,183.38,EUR/MWh,BE,BE,imbalance_price,Long,2026-08-03T03:49:42Z
2026-08-03T03:49:03Z,2026-08-03T05:49:03+0200,d815d4ad-795d-45eb-9ad8-9d704f7a3f43,2026-07-09T20:15:00Z,2026-07-09T22:15:00+0200,183.38,EUR/MWh,BE,BE,imbalance_price,Short,2026-08-03T03:49:42Z
2026-08-03T03:49:03Z,2026-08-03T05:49:03+0200,d815d4ad-795d-45eb-9ad8-9d704f7a3f43,2026-07-09T20:30:00Z,2026-07-09T22:30:00+0200,275.28,EUR/MWh,BE,BE,imbalance_price,Long,2026-08-03T03:49:42Z
2026-08-03T03:49:03Z,2026-08-03T05:49:03+0200,d815d4ad-795d-45eb-9ad8-9d704f7a3f43,2026-07-09T20:30:00Z,2026-07-09T22:30:00+0200,275.28,EUR/MWh,BE,BE,imbalance_price,Short,2026-08-03T03:49:42Z
2026-08-03T03:49:03Z,2026-08-03T05:49:03+0200,d815d4ad-795d-45eb-9ad8-9d704f7a3f43,2026-07-09T20:45:00Z,2026-07-09T22:45:00+0200,162.95,EUR/MWh,BE,BE,imbalance_price,Long,2026-08-03T03:49:42Z
2026-08-03T03:49:03Z,2026-08-03T05:49:03+0200,d815d4ad-795d-45eb-9ad8-9d704f7a3f43,2026-07-09T20:45:00Z,2026-07-09T22:45:00+0200,162.95,EUR/MWh,BE,BE,imbalance_price,Short,2026-08-03T03:49:42Z
2026-08-03T03:49:03Z,2026-08-03T05:49:03+0200,d815d4ad-795d-45eb-9ad8-9d704f7a3f43,2026-07-09T21:00:00Z,2026-07-09T23:00:00+0200,165.63,EUR/MWh,BE,BE,imbalance_price,Long,2026-08-03T03:49:42Z
2026-08-03T03:49:03Z,2026-08-03T05:49:03+0200,d815d4ad-795d-45eb-9ad8-9d704f7a3f43,2026-07-09T21:00:00Z,2026-07-09T23:00:00+0200,165.63,EUR/MWh,BE,BE,imbalance_price,Short,2026-08-03T03:49:42Z
2026-08-03T03:49:03Z,2026-08-03T05:49:03+0200,d815d4ad-795d-45eb-9ad8-9d704f7a3f43,2026-07-09T21:15:00Z,2026-07-09T23:15:00+0200,161.78,EUR/MWh,BE,BE,imbalance_price,Long,2026-08-03T03:49:42Z
2026-08-03T03:49:03Z,2026-08-03T05:49:03+0200,d815d4ad-795d-45eb-9ad8-9d704f7a3f43,2026-07-09T21:15:00Z,2026-07-09T23:15:00+0200,161.78,EUR/MWh,BE,BE,imbalance_price,Short,2026-08-03T03:49:42Z
2026-08-03T03:49:03Z,2026-08-03T05:49:03+0200,d815d4ad-795d-45eb-9ad8-9d704f7a3f43,2026-07-09T21:30:00Z,2026-07-09T23:30:00+0200,173.17,EUR/MWh,BE,BE,imbalance_price,Long,2026-08-03T03:49:42Z
2026-08-03T03:49:03Z,2026-08-03T05:49:03+0200,d815d4ad-795d-45eb-9ad8-9d704f7a3f43,2026-07-09T21:30:00Z,2026-07-09T23:30:00+0200,173.17,EUR/MWh,BE,BE,imbalance_price,Short,2026-08-03T03:49:42Z
2026-08-03T03:49:03Z,2026-08-03T05:49:03+0200,d815d4ad-795d-45eb-9ad8-9d704f7a3f43,2026-07-09T21:45:00Z,2026-07-09T23:45:00+0200,178.33,EUR/MWh,BE,BE,imbalance_price,Long,2026-08-03T03:49:42Z
2026-08-03T03:49:03Z,2026-08-03T05:49:03+0200,d815d4ad-795d-45eb-9ad8-9d704f7a3f43,2026-07-09T21:45:00Z,2026-07-09T23:45:00+0200,178.33,EUR/MWh,BE,BE,imbalance_price,Short,2026-08-03T03:49:42Z
2026-08-03T03:49:03Z,2026-08-03T05:49:03+0200,d815d4ad-795d-45eb-9ad8-9d704f7a3f43,2026-07-09T22:00:00Z,2026-07-10T00:00:00+0200,150.14,EUR/MWh,BE,BE,imbalance_price,Long,2026-08-03T03:49:42Z
2026-08-03T03:49:03Z,2026-08-03T05:49:03+0200,d815d4ad-795d-45eb-9ad8-9d704f7a3f43,2026-07-09T22:00:00Z,2026-07-10T00:00:00+0200,150.14,EUR/MWh,BE,BE,imbalance_price,Short,2026-08-03T03:49:42Z
2026-08-03T03:49:03Z,2026-08-03T05:49:03+0200,d815d4ad-795d-45eb-9ad8-9d704f7a3f43,2026-07-09T22:15:00Z,2026-07-10T00:15:00+0200,151.22,EUR/MWh,BE,BE,imbalance_price,Long,2026-08-03T03:49:42Z
2026-08-03T03:49:03Z,2026-08-03T05:49:03+0200,d815d4ad-795d-45eb-9ad8-9d704f7a3f43,2026-07-09T22:15:00Z,2026-07-10T00:15:00+0200,151.22,EUR/MWh,BE,BE,imbalance_price,Short,2026-08-03T03:49:42Z
2026-08-03T03:49:03Z,2026-08-03T05:49:03+0200,d815d4ad-795d-45eb-9ad8-9d704f7a3f43,2026-07-09T22:30:00Z,2026-07-10T00:30:00+0200,157.1,EUR/MWh,BE,BE,imbalance_price,Long,2026-08-03T03:49:42Z
2026-08-03T03:49:03Z,2026-08-03T05:49:03+0200,d815d4ad-795d-45eb-9ad8-9d704f7a3f43,2026-07-09T22:30:00Z,2026-07-10T00:30:00+0200,157.1,EUR/MWh,BE,BE,imbalance_price,Short,2026-08-03T03:49:42Z
2026-08-03T03:49:03Z,2026-08-03T05:49:03+0200,d815d4ad-795d-45eb-9ad8-9d704f7a3f43,2026-07-09T22:45:00Z,2026-07-10T00:45:00+0200,150.19,EUR/MWh,BE,BE,imbalance_price,Long,2026-08-03T03:49:42Z
2026-08-03T03:49:03Z,2026-08-03T05:49:03+0200,d815d4ad-795d-45eb-9ad8-9d704f7a3f43,2026-07-09T22:45:00Z,2026-07-10T00:45:00+0200,150.19,EUR/MWh,BE,BE,imbalance_price,Short,2026-08-03T03:49:42Z
2026-08-03T03:49:03Z,2026-08-03T05:49:03+0200,d815d4ad-795d-45eb-9ad8-9d704f7a3f43,2026-07-09T23:00:00Z,2026-07-10T01:00:00+0200,152.69,EUR/MWh,BE,BE,imbalance_price,Long,2026-08-03T03:49:42Z
2026-08-03T03:49:03Z,2026-08-03T05:49:03+0200,d815d4ad-795d-45eb-9ad8-9d704f7a3f43,2026-07-09T23:00:00Z,2026-07-10T01:00:00+0200,152.69,EUR/MWh,BE,BE,imbalance_price,Short,2026-08-03T03:49:42Z
2026-08-03T03:49:03Z,2026-08-03T05:49:03+0200,d815d4ad-795d-45eb-9ad8-9d704f7a3f43,2026-07-09T23:15:00Z,2026-07-10T01:15:00+0200,148.55,EUR/MWh,BE,BE,imbalance_price,Long,2026-08-03T03:49:42Z
2026-08-03T03:49:03Z,2026-08-03T05:49:03+0200,d815d4ad-795d-45eb-9ad8-9d704f7a3f43,2026-07-09T23:15:00Z,2026-07-10T01:15:00+0200,148.55,EUR/MWh,BE,BE,imbalance_price,Short,2026-08-03T03:49:42Z
2026-08-03T03:49:03Z,2026-08-03T05:49:03+0200,d815d4ad-795d-45eb-9ad8-9d704f7a3f43,2026-07-09T23:30:00Z,2026-07-10T01:30:00+0200,113.02,EUR/MWh,BE,BE,imbalance_price,Long,2026-08-03T03:49:42Z
2026-08-03T03:49:03Z,2026-08-03T05:49:03+0200,d815d4ad-795d-45eb-9ad8-9d704f7a3f43,2026-07-09T23:30:00Z,2026-07-10T01:30:00+0200,113.02,EUR/MWh,BE,BE,imbalance_price,Short,2026-08-03T03:49:42Z
2026-08-03T03:49:03Z,2026-08-03T05:49:03+0200,d815d4ad-795d-45eb-9ad8-9d704f7a3f43,2026-07-09T23:45:00Z,2026-07-10T01:45:00+0200,117.06,EUR/MWh,BE,BE,imbalance_price,Long,2026-08-03T03:49:42Z
2026-08-03T03:49:03Z,2026-08-03T05:49:03+0200,d815d4ad-795d-45eb-9ad8-9d704f7a3f43,2026-07-09T23:45:00Z,2026-07-10T01:45:00+0200,117.06,EUR/MWh,BE,BE,imbalance_price,Short,2026-08-03T03:49:42Z
2026-08-03T03:49:03Z,2026-08-03T05:49:03+0200,d815d4ad-795d-45eb-9ad8-9d704f7a3f43,2026-07-10T00:00:00Z,2026-07-10T02:00:00+0200,152.0,EUR/MWh,BE,BE,imbalance_price,Long,2026-08-03T03:49:42Z
2026-08-03T03:49:03Z,2026-08-03T05:49:03+0200,d815d4ad-795d-45eb-9ad8-9d704f7a3f43,2026-07-10T00:00:00Z,2026-07-10T02:00:00+0200,152.0,EUR/MWh,BE,BE,imbalance_price,Short,2026-08-03T03:49:42Z
2026-08-03T03:49:03Z,2026-08-03T05:49:03+0200,d815d4ad-795d-45eb-9ad8-9d704f7a3f43,2026-07-10T00:15:00Z,2026-07-10T02:15:00+0200,133.0,EUR/MWh,BE,BE,imbalance_price,Long,2026-08-03T03:49:42Z
2026-08-03T03:49:03Z,2026-08-03T05:49:03+0200,d815d4ad-795d-45eb-9ad8-9d704f7a3f43,2026-07-10T00:15:00Z,2026-07-10T02:15:00+0200,133.0,EUR/MWh,BE,BE,imbalance_price,Short,2026-08-03T03:49:42Z
2026-08-03T03:49:03Z,2026-08-03T05:49:03+0200,d815d4ad-795d-45eb-9ad8-9d704f7a3f43,2026-07-10T00:30:00Z,2026-07-10T02:30:00+0200,122.16,EUR/MWh,BE,BE,imbalance_price,Long,2026-08-03T03:49:42Z
2026-08-03T03:49:03Z,2026-08-03T05:49:03+0200,d815d4ad-795d-45eb-9ad8-9d704f7a3f43,2026-07-10T00:30:00Z,2026-07-10T02:30:00+0200,122.16,EUR/MWh,BE,BE,imbalance_price,Short,2026-08-03T03:49:42Z
2026-08-03T03:49:03Z,2026-08-03T05:49:03+0200,d815d4ad-795d-45eb-9ad8-9d704f7a3f43,2026-07-10T00:45:00Z,2026-07-10T02:45:00+0200,159.0,EUR/MWh,BE,BE,imbalance_price,Long,2026-08-03T03:49:42Z
2026-08-03T03:49:03Z,2026-08-03T05:49:03+0200,d815d4ad-795d-45eb-9ad8-9d704f7a3f43,2026-07-10T00:45:00Z,2026-07-10T02:45:00+0200,159.0,EUR/MWh,BE,BE,imbalance_price,Short,2026-08-03T03:49:42Z
2026-08-03T03:49:03Z,2026-08-03T05:49:03+0200,d815d4ad-795d-45eb-9ad8-9d704f7a3f43,2026-07-10T01:00:00Z,2026-07-10T03:00:00+0200,152.0,EUR/MWh,BE,BE,imbalance_price,Long,2026-08-03T03:49:42Z
2026-08-03T03:49:03Z,2026-08-03T05:49:03+0200,d815d4ad-795d-45eb-9ad8-9d704f7a3f43,2026-07-10T01:00:00Z,2026-07-10T03:00:00+0200,152.0,EUR/MWh,BE,BE,imbalance_price,Short,2026-08-03T03:49:42Z
2026-08-03T03:49:03Z,2026-08-03T05:49:03+0200,d815d4ad-795d-45eb-9ad8-9d704f7a3f43,2026-07-10T01:15:00Z,2026-07-10T03:15:00+0200,153.0,EUR/MWh,BE,BE,imbalance_price,Long,2026-08-03T03:49:42Z
2026-08-03T03:49:03Z,2026-08-03T05:49:03+0200,d815d4ad-795d-45eb-9ad8-9d704f7a3f43,2026-07-10T01:15:00Z,2026-07-10T03:15:00+0200,153.0,EUR/MWh,BE,BE,imbalance_price,Short,2026-08-03T03:49:42Z
2026-08-03T03:49:03Z,2026-08-03T05:49:03+0200,d815d4ad-795d-45eb-9ad8-9d704f7a3f43,2026-07-10T01:30:00Z,2026-07-10T03:30:00+0200,153.0,EUR/MWh,BE,BE,imbalance_price,Long,2026-08-03T03:49:42Z
2026-08-03T03:49:03Z,2026-08-03T05:49:03+0200,d815d4ad-795d-45eb-9ad8-9d704f7a3f43,2026-07-10T01:30:00Z,2026-07-10T03:30:00+0200,153.0,EUR/MWh,BE,BE,imbalance_price,Short,2026-08-03T03:49:42Z
2026-08-03T03:49:03Z,2026-08-03T05:49:03+0200,d815d4ad-795d-45eb-9ad8-9d704f7a3f43,2026-07-10T01:45:00Z,2026-07-10T03:45:00+0200,153.0,EUR/MWh,BE,BE,imbalance_price,Long,2026-08-03T03:49:42Z
2026-08-03T03:49:03Z,2026-08-03T05:49:03+0200,d815d4ad-795d-45eb-9ad8-9d704f7a3f43,2026-07-10T01:45:00Z,2026-07-10T03:45:00+0200,153.0,EUR/MWh,BE,BE,imbalance_price,Short,2026-08-03T03:49:42Z
2026-08-03T03:49:03Z,2026-08-03T05:49:03+0200,d815d4ad-795d-45eb-9ad8-9d704f7a3f43,2026-07-10T02:00:00Z,2026-07-10T04:00:00+0200,154.27,EUR/MWh,BE,BE,imbalance_price,Long,2026-08-03T03:49:42Z
2026-08-03T03:49:03Z,2026-08-03T05:49:03+0200,d815d4ad-795d-45eb-9ad8-9d704f7a3f43,2026-07-10T02:00:00Z,2026-07-10T04:00:00+0200,154.27,EUR/MWh,BE,BE,imbalance_price,Short,2026-08-03T03:49:42Z
2026-08-03T03:49:03Z,2026-08-03T05:49:03+0200,d815d4ad-795d-45eb-9ad8-9d704f7a3f43,2026-07-10T02:15:00Z,2026-07-10T04:15:00+0200,151.0,EUR/MWh,BE,BE,imbalance_price,Long,2026-08-03T03:49:42Z
2026-08-03T03:49:03Z,2026-08-03T05:49:03+0200,d815d4ad-795d-45eb-9ad8-9d704f7a3f43,2026-07-10T02:15:00Z,2026-07-10T04:15:00+0200,151.0,EUR/MWh,BE,BE,imbalance_price,Short,2026-08-03T03:49:42Z
2026-08-03T03:49:03Z,2026-08-03T05:49:03+0200,d815d4ad-795d-45eb-9ad8-9d704f7a3f43,2026-07-10T02:30:00Z,2026-07-10T04:30:00+0200,105.9,EUR/MWh,BE,BE,imbalance_price,Long,2026-08-03T03:49:42Z
2026-08-03T03:49:03Z,2026-08-03T05:49:03+0200,d815d4ad-795d-45eb-9ad8-9d704f7a3f43,2026-07-10T02:30:00Z,2026-07-10T04:30:00+0200,105.9,EUR/MWh,BE,BE,imbalance_price,Short,2026-08-03T03:49:42Z
2026-08-03T03:49:03Z,2026-08-03T05:49:03+0200,d815d4ad-795d-45eb-9ad8-9d704f7a3f43,2026-07-10T02:45:00Z,2026-07-10T04:45:00+0200,193.9,EUR/MWh,BE,BE,imbalance_price,Long,2026-08-03T03:49:42Z
2026-08-03T03:49:03Z,2026-08-03T05:49:03+0200,d815d4ad-795d-45eb-9ad8-9d704f7a3f43,2026-07-10T02:45:00Z,2026-07-10T04:45:00+0200,193.9,EUR/MWh,BE,BE,imbalance_price,Short,2026-08-03T03:49:42Z
2026-08-03T03:49:03Z,2026-08-03T05:49:03+0200,d815d4ad-795d-45eb-9ad8-9d704f7a3f43,2026-07-10T03:00:00Z,2026-07-10T05:00:00+0200,192.2,EUR/MWh,BE,BE,imbalance_price,Long,2026-08-03T03:49:42Z
2026-08-03T03:49:03Z,2026-08-03T05:49:03+0200,d815d4ad-795d-45eb-9ad8-9d704f7a3f43,2026-07-10T03:00:00Z,2026-07-10T05:00:00+0200,192.2,EUR/MWh,BE,BE,imbalance_price,Short,2026-08-03T03:49:42Z
2026-08-03T03:49:03Z,2026-08-03T05:49:03+0200,d815d4ad-795d-45eb-9ad8-9d704f7a3f43,2026-07-10T03:15:00Z,2026-07-10T05:15:00+0200,148.2,EUR/MWh,BE,BE,imbalance_price,Long,2026-08-03T03:49:42Z
2026-08-03T03:49:03Z,2026-08-03T05:49:03+0200,d815d4ad-795d-45eb-9ad8-9d704f7a3f43,2026-07-10T03:15:00Z,2026-07-10T05:15:00+0200,148.2,EUR/MWh,BE,BE,imbalance_price,Short,2026-08-03T03:49:42Z
2026-08-03T03:49:03Z,2026-08-03T05:49:03+0200,d815d4ad-795d-45eb-9ad8-9d704f7a3f43,2026-07-10T03:30:00Z,2026-07-10T05:30:00+0200,180.18,EUR/MWh,BE,BE,imbalance_price,Long,2026-08-03T03:49:42Z
2026-08-03T03:49:03Z,2026-08-03T05:49:03+0200,d815d4ad-795d-45eb-9ad8-9d704f7a3f43,2026-07-10T03:30:00Z,2026-07-10T05:30:00+0200,180.18,EUR/MWh,BE,BE,imbalance_price,Short,2026-08-03T03:49:42Z
2026-08-03T03:49:03Z,2026-08-03T05:49:03+0200,d815d4ad-795d-45eb-9ad8-9d704f7a3f43,2026-07-10T03:45:00Z,2026-07-10T05:45:00+0200,142.19,EUR/MWh,BE,BE,imbalance_price,Long,2026-08-03T03:49:42Z
2026-08-03T03:49:03Z,2026-08-03T05:49:03+0200,d815d4ad-795d-45eb-9ad8-9d704f7a3f43,2026-07-10T03:45:00Z,2026-07-10T05:45:00+0200,142.19,EUR/MWh,BE,BE,imbalance_price,Short,2026-08-03T03:49:42Z
2026-08-03T03:49:03Z,2026-08-03T05:49:03+0200,d815d4ad-795d-45eb-9ad8-9d704f7a3f43,2026-07-10T04:00:00Z,2026-07-10T06:00:00+0200,180.18,EUR/MWh,BE,BE,imbalance_price,Long,2026-08-03T03:49:42Z
2026-08-03T03:49:03Z,2026-08-03T05:49:03+0200,d815d4ad-795d-45eb-9ad8-9d704f7a3f43,2026-07-10T04:00:00Z,2026-07-10T06:00:00+0200,180.18,EUR/MWh,BE,BE,imbalance_price,Short,2026-08-03T03:49:42Z
2026-08-03T03:49:03Z,2026-08-03T05:49:03+0200,d815d4ad-795d-45eb-9ad8-9d704f7a3f43,2026-07-10T04:15:00Z,2026-07-10T06:15:00+0200,180.18,EUR/MWh,BE,BE,imbalance_price,Long,2026-08-03T03:49:42Z
2026-08-03T03:49:03Z,2026-08-03T05:49:03+0200,d815d4ad-795d-45eb-9ad8-9d704f7a3f43,2026-07-10T04:15:00Z,2026-07-10T06:15:00+0200,180.18,EUR/MWh,BE,BE,imbalance_price,Short,2026-08-03T03:49:42Z
2026-08-03T03:49:03Z,2026-08-03T05:49:03+0200,d815d4ad-795d-45eb-9ad8-9d704f7a3f43,2026-07-10T04:30:00Z,2026-07-10T06:30:00+0200,184.3,EUR/MWh,BE,BE,imbalance_price,Long,2026-08-03T03:49:42Z
2026-08-03T03:49:03Z,2026-08-03T05:49:03+0200,d815d4ad-795d-45eb-9ad8-9d704f7a3f43,2026-07-10T04:30:00Z,2026-07-10T06:30:00+0200,184.3,EUR/MWh,BE,BE,imbalance_price,Short,2026-08-03T03:49:42Z
2026-08-03T03:49:03Z,2026-08-03T05:49:03+0200,d815d4ad-795d-45eb-9ad8-9d704f7a3f43,2026-07-10T04:45:00Z,2026-07-10T06:45:00+0200,184.3,EUR/MWh,BE,BE,imbalance_price,Long,2026-08-03T03:49:42Z
2026-08-03T03:49:03Z,2026-08-03T05:49:03+0200,d815d4ad-795d-45eb-9ad8-9d704f7a3f43,2026-07-10T04:45:00Z,2026-07-10T06:45:00+0200,184.3,EUR/MWh,BE,BE,imbalance_price,Short,2026-08-03T03:49:42Z
2026-08-03T03:49:03Z,2026-08-03T05:49:03+0200,d815d4ad-795d-45eb-9ad8-9d704f7a3f43,2026-07-10T05:00:00Z,2026-07-10T07:00:00+0200,170.5,EUR/MWh,BE,BE,imbalance_price,Long,2026-08-03T03:49:42Z
2026-08-03T03:49:03Z,2026-08-03T05:49:03+0200,d815d4ad-795d-45eb-9ad8-9d704f7a3f43,2026-07-10T05:00:00Z,2026-07-10T07:00:00+0200,170.5,EUR/MWh,BE,BE,imbalance_price,Short,2026-08-03T03:49:42Z
2026-08-03T03:49:03Z,2026-08-03T05:49:03+0200,d815d4ad-795d-45eb-9ad8-9d704f7a3f43,2026-07-10T05:15:00Z,2026-07-10T07:15:00+0200,135.25,EUR/MWh,BE,BE,imbalance_price,Long,2026-08-03T03:49:42Z
2026-08-03T03:49:03Z,2026-08-03T05:49:03+0200,d815d4ad-795d-45eb-9ad8-9d704f7a3f43,2026-07-10T05:15:00Z,2026-07-10T07:15:00+0200,135.25,EUR/MWh,BE,BE,imbalance_price,Short,2026-08-03T03:49:42Z
2026-08-03T03:49:03Z,2026-08-03T05:49:03+0200,d815d4ad-795d-45eb-9ad8-9d704f7a3f43,2026-07-10T05:30:00Z,2026-07-10T07:30:00+0200,170.5,EUR/MWh,BE,BE,imbalance_price,Long,2026-08-03T03:49:42Z
2026-08-03T03:49:03Z,2026-08-03T05:49:03+0200,d815d4ad-795d-45eb-9ad8-9d704f7a3f43,2026-07-10T05:30:00Z,2026-07-10T07:30:00+0200,170.5,EUR/MWh,BE,BE,imbalance_price,Short,2026-08-03T03:49:42Z
2026-08-03T03:49:03Z,2026-08-03T05:49:03+0200,d815d4ad-795d-45eb-9ad8-9d704f7a3f43,2026-07-10T05:45:00Z,2026-07-10T07:45:00+0200,100.0,EUR/MWh,BE,BE,imbalance_price,Long,2026-08-03T03:49:42Z
2026-08-03T03:49:03Z,2026-08-03T05:49:03+0200,d815d4ad-795d-45eb-9ad8-9d704f7a3f43,2026-07-10T05:45:00Z,2026-07-10T07:45:00+0200,100.0,EUR/MWh,BE,BE,imbalance_price,Short,2026-08-03T03:49:42Z
2026-08-03T03:49:03Z,2026-08-03T05:49:03+0200,d815d4ad-795d-45eb-9ad8-9d704f7a3f43,2026-07-10T06:00:00Z,2026-07-10T08:00:00+0200,93.43,EUR/MWh,BE,BE,imbalance_price,Long,2026-08-03T03:49:42Z
2026-08-03T03:49:03Z,2026-08-03T05:49:03+0200,d815d4ad-795d-45eb-9ad8-9d704f7a3f43,2026-07-10T06:00:00Z,2026-07-10T08:00:00+0200,93.43,EUR/MWh,BE,BE,imbalance_price,Short,2026-08-03T03:49:42Z
2026-08-03T03:49:03Z,2026-08-03T05:49:03+0200,d815d4ad-795d-45eb-9ad8-9d704f7a3f43,2026-07-10T06:15:00Z,2026-07-10T08:15:00+0200,93.43,EUR/MWh,BE,BE,imbalance_price,Long,2026-08-03T03:49:42Z
2026-08-03T03:49:03Z,2026-08-03T05:49:03+0200,d815d4ad-795d-45eb-9ad8-9d704f7a3f43,2026-07-10T06:15:00Z,2026-07-10T08:15:00+0200,93.43,EUR/MWh,BE,BE,imbalance_price,Short,2026-08-03T03:49:42Z
2026-08-03T03:49:03Z,2026-08-03T05:49:03+0200,d815d4ad-795d-45eb-9ad8-9d704f7a3f43,2026-07-10T06:30:00Z,2026-07-10T08:30:00+0200,86.85,EUR/MWh,BE,BE,imbalance_price,Long,2026-08-03T03:49:42Z
2026-08-03T03:49:03Z,2026-08-03T05:49:03+0200,d815d4ad-795d-45eb-9ad8-9d704f7a3f43,2026-07-10T06:30:00Z,2026-07-10T08:30:00+0200,86.85,EUR/MWh,BE,BE,imbalance_price,Short,2026-08-03T03:49:42Z
2026-08-03T03:49:03Z,2026-08-03T05:49:03+0200,d815d4ad-795d-45eb-9ad8-9d704f7a3f43,2026-07-10T06:45:00Z,2026-07-10T08:45:00+0200,83.62,EUR/MWh,BE,BE,imbalance_price,Long,2026-08-03T03:49:42Z
2026-08-03T03:49:03Z,2026-08-03T05:49:03+0200,d815d4ad-795d-45eb-9ad8-9d704f7a3f43,2026-07-10T06:45:00Z,2026-07-10T08:45:00+0200,83.62,EUR/MWh,BE,BE,imbalance_price,Short,2026-08-03T03:49:42Z
2026-08-03T03:49:03Z,2026-08-03T05:49:03+0200,d815d4ad-795d-45eb-9ad8-9d704f7a3f43,2026-07-10T07:00:00Z,2026-07-10T09:00:00+0200,86.85,EUR/MWh,BE,BE,imbalance_price,Long,2026-08-03T03:49:42Z
2026-08-03T03:49:03Z,2026-08-03T05:49:03+0200,d815d4ad-795d-45eb-9ad8-9d704f7a3f43,2026-07-10T07:00:00Z,2026-07-10T09:00:00+0200,86.85,EUR/MWh,BE,BE,imbalance_price,Short,2026-08-03T03:49:42Z
2026-08-03T03:49:03Z,2026-08-03T05:49:03+0200,d815d4ad-795d-45eb-9ad8-9d704f7a3f43,2026-07-10T07:15:00Z,2026-07-10T09:15:00+0200,84.24,EUR/MWh,BE,BE,imbalance_price,Long,2026-08-03T03:49:42Z
2026-08-03T03:49:03Z,2026-08-03T05:49:03+0200,d815d4ad-795d-45eb-9ad8-9d704f7a3f43,2026-07-10T07:15:00Z,2026-07-10T09:15:00+0200,84.24,EUR/MWh,BE,BE,imbalance_price,Short,2026-08-03T03:49:42Z
2026-08-03T03:49:03Z,2026-08-03T05:49:03+0200,d815d4ad-795d-45eb-9ad8-9d704f7a3f43,2026-07-10T07:30:00Z,2026-07-10T09:30:00+0200,156.0,EUR/MWh,BE,BE,imbalance_price,Long,2026-08-03T03:49:42Z
2026-08-03T03:49:03Z,2026-08-03T05:49:03+0200,d815d4ad-795d-45eb-9ad8-9d704f7a3f43,2026-07-10T07:30:00Z,2026-07-10T09:30:00+0200,156.0,EUR/MWh,BE,BE,imbalance_price,Short,2026-08-03T03:49:42Z
2026-08-03T03:49:03Z,2026-08-03T05:49:03+0200,d815d4ad-795d-45eb-9ad8-9d704f7a3f43,2026-07-10T07:45:00Z,2026-07-10T09:45:00+0200,156.0,EUR/MWh,BE,BE,imbalance_price,Long,2026-08-03T03:49:42Z
2026-08-03T03:49:03Z,2026-08-03T05:49:03+0200,d815d4ad-795d-45eb-9ad8-9d704f7a3f43,2026-07-10T07:45:00Z,2026-07-10T09:45:00+0200,156.0,EUR/MWh,BE,BE,imbalance_price,Short,2026-08-03T03:49:42Z
2026-08-03T03:49:03Z,2026-08-03T05:49:03+0200,d815d4ad-795d-45eb-9ad8-9d704f7a3f43,2026-07-10T08:00:00Z,2026-07-10T10:00:00+0200,76.07,EUR/MWh,BE,BE,imbalance_price,Long,2026-08-03T03:49:42Z
2026-08-03T03:49:03Z,2026-08-03T05:49:03+0200,d815d4ad-795d-45eb-9ad8-9d704f7a3f43,2026-07-10T08:00:00Z,2026-07-10T10:00:00+0200,76.07,EUR/MWh,BE,BE,imbalance_price,Short,2026-08-03T03:49:42Z
2026-08-03T03:49:03Z,2026-08-03T05:49:03+0200,d815d4ad-795d-45eb-9ad8-9d704f7a3f43,2026-07-10T08:15:00Z,2026-07-10T10:15:00+0200,87.0,EUR/MWh,BE,BE,imbalance_price,Long,2026-08-03T03:49:42Z
2026-08-03T03:49:03Z,2026-08-03T05:49:03+0200,d815d4ad-795d-45eb-9ad8-9d704f7a3f43,2026-07-10T08:15:00Z,2026-07-10T10:15:00+0200,87.0,EUR/MWh,BE,BE,imbalance_price,Short,2026-08-03T03:49:42Z
2026-08-03T03:49:03Z,2026-08-03T05:49:03+0200,d815d4ad-795d-45eb-9ad8-9d704f7a3f43,2026-07-10T08:30:00Z,2026-07-10T10:30:00+0200,80.63,EUR/MWh,BE,BE,imbalance_price,Long,2026-08-03T03:49:42Z
2026-08-03T03:49:03Z,2026-08-03T05:49:03+0200,d815d4ad-795d-45eb-9ad8-9d704f7a3f43,2026-07-10T08:30:00Z,2026-07-10T10:30:00+0200,80.63,EUR/MWh,BE,BE,imbalance_price,Short,2026-08-03T03:49:42Z
2026-08-03T03:49:03Z,2026-08-03T05:49:03+0200,d815d4ad-795d-45eb-9ad8-9d704f7a3f43,2026-07-10T08:45:00Z,2026-07-10T10:45:00+0200,60.14,EUR/MWh,BE,BE,imbalance_price,Long,2026-08-03T03:49:42Z
2026-08-03T03:49:03Z,2026-08-03T05:49:03+0200,d815d4ad-795d-45eb-9ad8-9d704f7a3f43,2026-07-10T08:45:00Z,2026-07-10T10:45:00+0200,60.14,EUR/MWh,BE,BE,imbalance_price,Short,2026-08-03T03:49:42Z
2026-08-03T03:49:03Z,2026-08-03T05:49:03+0200,d815d4ad-795d-45eb-9ad8-9d704f7a3f43,2026-07-10T09:00:00Z,2026-07-10T11:00:00+0200,50.88,EUR/MWh,BE,BE,imbalance_price,Long,2026-08-03T03:49:42Z
2026-08-03T03:49:03Z,2026-08-03T05:49:03+0200,d815d4ad-795d-45eb-9ad8-9d704f7a3f43,2026-07-10T09:00:00Z,2026-07-10T11:00:00+0200,50.88,EUR/MWh,BE,BE,imbalance_price,Short,2026-08-03T03:49:42Z
2026-08-03T03:49:03Z,2026-08-03T05:49:03+0200,d815d4ad-795d-45eb-9ad8-9d704f7a3f43,2026-07-10T09:15:00Z,2026-07-10T11:15:00+0200,47.36,EUR/MWh,BE,BE,imbalance_price,Long,2026-08-03T03:49:42Z
2026-08-03T03:49:03Z,2026-08-03T05:49:03+0200,d815d4ad-795d-45eb-9ad8-9d704f7a3f43,2026-07-10T09:15:00Z,2026-07-10T11:15:00+0200,47.36,EUR/MWh,BE,BE,imbalance_price,Short,2026-08-03T03:49:42Z
2026-08-03T03:49:03Z,2026-08-03T05:49:03+0200,d815d4ad-795d-45eb-9ad8-9d704f7a3f43,2026-07-10T09:30:00Z,2026-07-10T11:30:00+0200,77.29,EUR/MWh,BE,BE,imbalance_price,Long,2026-08-03T03:49:42Z
2026-08-03T03:49:03Z,2026-08-03T05:49:03+0200,d815d4ad-795d-45eb-9ad8-9d704f7a3f43,2026-07-10T09:30:00Z,2026-07-10T11:30:00+0200,77.29,EUR/MWh,BE,BE,imbalance_price,Short,2026-08-03T03:49:42Z
2026-08-03T03:49:03Z,2026-08-03T05:49:03+0200,d815d4ad-795d-45eb-9ad8-9d704f7a3f43,2026-07-10T09:45:00Z,2026-07-10T11:45:00+0200,65.2,EUR/MWh,BE,BE,imbalance_price,Long,2026-08-03T03:49:42Z
2026-08-03T03:49:03Z,2026-08-03T05:49:03+0200,d815d4ad-795d-45eb-9ad8-9d704f7a3f43,2026-07-10T09:45:00Z,2026-07-10T11:45:00+0200,65.2,EUR/MWh,BE,BE,imbalance_price,Short,2026-08-03T03:49:42Z
2026-08-03T03:49:03Z,2026-08-03T05:49:03+0200,d815d4ad-795d-45eb-9ad8-9d704f7a3f43,2026-07-10T10:00:00Z,2026-07-10T12:00:00+0200,32.38,EUR/MWh,BE,BE,imbalance_price,Long,2026-08-03T03:49:42Z
2026-08-03T03:49:03Z,2026-08-03T05:49:03+0200,d815d4ad-795d-45eb-9ad8-9d704f7a3f43,2026-07-10T10:00:00Z,2026-07-10T12:00:00+0200,32.38,EUR/MWh,BE,BE,imbalance_price,Short,2026-08-03T03:49:42Z
2026-08-03T03:49:03Z,2026-08-03T05:49:03+0200,d815d4ad-795d-45eb-9ad8-9d704f7a3f43,2026-07-10T10:15:00Z,2026-07-10T12:15:00+0200,22.56,EUR/MWh,BE,BE,imbalance_price,Long,2026-08-03T03:49:42Z
2026-08-03T03:49:03Z,2026-08-03T05:49:03+0200,d815d4ad-795d-45eb-9ad8-9d704f7a3f43,2026-07-10T10:15:00Z,2026-07-10T12:15:00+0200,22.56,EUR/MWh,BE,BE,imbalance_price,Short,2026-08-03T03:49:42Z
2026-08-03T03:49:03Z,2026-08-03T05:49:03+0200,d815d4ad-795d-45eb-9ad8-9d704f7a3f43,2026-07-10T10:30:00Z,2026-07-10T12:30:00+0200,-2.3,EUR/MWh,BE,BE,imbalance_price,Long,2026-08-03T03:49:42Z
2026-08-03T03:49:03Z,2026-08-03T05:49:03+0200,d815d4ad-795d-45eb-9ad8-9d704f7a3f43,2026-07-10T10:30:00Z,2026-07-10T12:30:00+0200,-2.3,EUR/MWh,BE,BE,imbalance_price,Short,2026-08-03T03:49:42Z
2026-08-03T03:49:03Z,2026-08-03T05:49:03+0200,d815d4ad-795d-45eb-9ad8-9d704f7a3f43,2026-07-10T10:45:00Z,2026-07-10T12:45:00+0200,-141.93,EUR/MWh,BE,BE,imbalance_price,Long,2026-08-03T03:49:42Z
2026-08-03T03:49:03Z,2026-08-03T05:49:03+0200,d815d4ad-795d-45eb-9ad8-9d704f7a3f43,2026-07-10T10:45:00Z,2026-07-10T12:45:00+0200,-141.93,EUR/MWh,BE,BE,imbalance_price,Short,2026-08-03T03:49:42Z
2026-08-03T03:49:03Z,2026-08-03T05:49:03+0200,d815d4ad-795d-45eb-9ad8-9d704f7a3f43,2026-07-10T11:00:00Z,2026-07-10T13:00:00+0200,2.15,EUR/MWh,BE,BE,imbalance_price,Long,2026-08-03T03:49:42Z
2026-08-03T03:49:03Z,2026-08-03T05:49:03+0200,d815d4ad-795d-45eb-9ad8-9d704f7a3f43,2026-07-10T11:00:00Z,2026-07-10T13:00:00+0200,2.15,EUR/MWh,BE,BE,imbalance_price,Short,2026-08-03T03:49:42Z
2026-08-03T03:49:03Z,2026-08-03T05:49:03+0200,d815d4ad-795d-45eb-9ad8-9d704f7a3f43,2026-07-10T11:15:00Z,2026-07-10T13:15:00+0200,-1.69,EUR/MWh,BE,BE,imbalance_price,Long,2026-08-03T03:49:42Z
2026-08-03T03:49:03Z,2026-08-03T05:49:03+0200,d815d4ad-795d-45eb-9ad8-9d704f7a3f43,2026-07-10T11:15:00Z,2026-07-10T13:15:00+0200,-1.69,EUR/MWh,BE,BE,imbalance_price,Short,2026-08-03T03:49:42Z
2026-08-03T03:49:03Z,2026-08-03T05:49:03+0200,d815d4ad-795d-45eb-9ad8-9d704f7a3f43,2026-07-10T11:30:00Z,2026-07-10T13:30:00+0200,-163.9,EUR/MWh,BE,BE,imbalance_price,Long,2026-08-03T03:49:42Z
2026-08-03T03:49:03Z,2026-08-03T05:49:03+0200,d815d4ad-795d-45eb-9ad8-9d704f7a3f43,2026-07-10T11:30:00Z,2026-07-10T13:30:00+0200,-163.9,EUR/MWh,BE,BE,imbalance_price,Short,2026-08-03T03:49:42Z
2026-08-03T03:49:03Z,2026-08-03T05:49:03+0200,d815d4ad-795d-45eb-9ad8-9d704f7a3f43,2026-07-10T11:45:00Z,2026-07-10T13:45:00+0200,8.38,EUR/MWh,BE,BE,imbalance_price,Long,2026-08-03T03:49:42Z
2026-08-03T03:49:03Z,2026-08-03T05:49:03+0200,d815d4ad-795d-45eb-9ad8-9d704f7a3f43,2026-07-10T11:45:00Z,2026-07-10T13:45:00+0200,8.38,EUR/MWh,BE,BE,imbalance_price,Short,2026-08-03T03:49:42Z
2026-08-03T03:49:03Z,2026-08-03T05:49:03+0200,d815d4ad-795d-45eb-9ad8-9d704f7a3f43,2026-07-10T12:00:00Z,2026-07-10T14:00:00+0200,16.5,EUR/MWh,BE,BE,imbalance_price,Long,2026-08-03T03:49:42Z
2026-08-03T03:49:03Z,2026-08-03T05:49:03+0200,d815d4ad-795d-45eb-9ad8-9d704f7a3f43,2026-07-10T12:00:00Z,2026-07-10T14:00:00+0200,16.5,EUR/MWh,BE,BE,imbalance_price,Short,2026-08-03T03:49:42Z
2026-08-03T03:49:03Z,2026-08-03T05:49:03+0200,d815d4ad-795d-45eb-9ad8-9d704f7a3f43,2026-07-10T12:15:00Z,2026-07-10T14:15:00+0200,13.61,EUR/MWh,BE,BE,imbalance_price,Long,2026-08-03T03:49:42Z
2026-08-03T03:49:03Z,2026-08-03T05:49:03+0200,d815d4ad-795d-45eb-9ad8-9d704f7a3f43,2026-07-10T12:15:00Z,2026-07-10T14:15:00+0200,13.61,EUR/MWh,BE,BE,imbalance_price,Short,2026-08-03T03:49:42Z
2026-08-03T03:49:03Z,2026-08-03T05:49:03+0200,d815d4ad-795d-45eb-9ad8-9d704f7a3f43,2026-07-10T12:30:00Z,2026-07-10T14:30:00+0200,23.07,EUR/MWh,BE,BE,imbalance_price,Long,2026-08-03T03:49:42Z
2026-08-03T03:49:03Z,2026-08-03T05:49:03+0200,d815d4ad-795d-45eb-9ad8-9d704f7a3f43,2026-07-10T12:30:00Z,2026-07-10T14:30:00+0200,23.07,EUR/MWh,BE,BE,imbalance_price,Short,2026-08-03T03:49:42Z
2026-08-03T03:49:03Z,2026-08-03T05:49:03+0200,d815d4ad-795d-45eb-9ad8-9d704f7a3f43,2026-07-10T12:45:00Z,2026-07-10T14:45:00+0200,46.89,EUR/MWh,BE,BE,imbalance_price,Long,2026-08-03T03:49:42Z
2026-08-03T03:49:03Z,2026-08-03T05:49:03+0200,d815d4ad-795d-45eb-9ad8-9d704f7a3f43,2026-07-10T12:45:00Z,2026-07-10T14:45:00+0200,46.89,EUR/MWh,BE,BE,imbalance_price,Short,2026-08-03T03:49:42Z
2026-08-03T03:49:03Z,2026-08-03T05:49:03+0200,d815d4ad-795d-45eb-9ad8-9d704f7a3f43,2026-07-10T13:00:00Z,2026-07-10T15:00:00+0200,55.31,EUR/MWh,BE,BE,imbalance_price,Long,2026-08-03T03:49:42Z
2026-08-03T03:49:03Z,2026-08-03T05:49:03+0200,d815d4ad-795d-45eb-9ad8-9d704f7a3f43,2026-07-10T13:00:00Z,2026-07-10T15:00:00+0200,55.31,EUR/MWh,BE,BE,imbalance_price,Short,2026-08-03T03:49:42Z
2026-08-03T03:49:03Z,2026-08-03T05:49:03+0200,d815d4ad-795d-45eb-9ad8-9d704f7a3f43,2026-07-10T13:15:00Z,2026-07-10T15:15:00+0200,80.66,EUR/MWh,BE,BE,imbalance_price,Long,2026-08-03T03:49:42Z
2026-08-03T03:49:03Z,2026-08-03T05:49:03+0200,d815d4ad-795d-45eb-9ad8-9d704f7a3f43,2026-07-10T13:15:00Z,2026-07-10T15:15:00+0200,80.66,EUR/MWh,BE,BE,imbalance_price,Short,2026-08-03T03:49:42Z
2026-08-03T03:49:03Z,2026-08-03T05:49:03+0200,d815d4ad-795d-45eb-9ad8-9d704f7a3f43,2026-07-10T13:30:00Z,2026-07-10T15:30:00+0200,108.95,EUR/MWh,BE,BE,imbalance_price,Long,2026-08-03T03:49:42Z
2026-08-03T03:49:03Z,2026-08-03T05:49:03+0200,d815d4ad-795d-45eb-9ad8-9d704f7a3f43,2026-07-10T13:30:00Z,2026-07-10T15:30:00+0200,108.95,EUR/MWh,BE,BE,imbalance_price,Short,2026-08-03T03:49:42Z
2026-08-03T03:49:03Z,2026-08-03T05:49:03+0200,d815d4ad-795d-45eb-9ad8-9d704f7a3f43,2026-07-10T13:45:00Z,2026-07-10T15:45:00+0200,87.89,EUR/MWh,BE,BE,imbalance_price,Long,2026-08-03T03:49:42Z
2026-08-03T03:49:03Z,2026-08-03T05:49:03+0200,d815d4ad-795d-45eb-9ad8-9d704f7a3f43,2026-07-10T13:45:00Z,2026-07-10T15:45:00+0200,87.89,EUR/MWh,BE,BE,imbalance_price,Short,2026-08-03T03:49:42Z
2026-08-03T03:49:03Z,2026-08-03T05:49:03+0200,d815d4ad-795d-45eb-9ad8-9d704f7a3f43,2026-07-10T14:00:00Z,2026-07-10T16:00:00+0200,93.9,EUR/MWh,BE,BE,imbalance_price,Long,2026-08-03T03:49:42Z
2026-08-03T03:49:03Z,2026-08-03T05:49:03+0200,d815d4ad-795d-45eb-9ad8-9d704f7a3f43,2026-07-10T14:00:00Z,2026-07-10T16:00:00+0200,93.9,EUR/MWh,BE,BE,imbalance_price,Short,2026-08-03T03:49:42Z
2026-08-03T03:49:03Z,2026-08-03T05:49:03+0200,d815d4ad-795d-45eb-9ad8-9d704f7a3f43,2026-07-10T14:15:00Z,2026-07-10T16:15:00+0200,114.87,EUR/MWh,BE,BE,imbalance_price,Long,2026-08-03T03:49:42Z
2026-08-03T03:49:03Z,2026-08-03T05:49:03+0200,d815d4ad-795d-45eb-9ad8-9d704f7a3f43,2026-07-10T14:15:00Z,2026-07-10T16:15:00+0200,114.87,EUR/MWh,BE,BE,imbalance_price,Short,2026-08-03T03:49:42Z
2026-08-03T03:49:03Z,2026-08-03T05:49:03+0200,d815d4ad-795d-45eb-9ad8-9d704f7a3f43,2026-07-10T14:30:00Z,2026-07-10T16:30:00+0200,128.11,EUR/MWh,BE,BE,imbalance_price,Long,2026-08-03T03:49:42Z
2026-08-03T03:49:03Z,2026-08-03T05:49:03+0200,d815d4ad-795d-45eb-9ad8-9d704f7a3f43,2026-07-10T14:30:00Z,2026-07-10T16:30:00+0200,128.11,EUR/MWh,BE,BE,imbalance_price,Short,2026-08-03T03:49:42Z
2026-08-03T03:49:03Z,2026-08-03T05:49:03+0200,d815d4ad-795d-45eb-9ad8-9d704f7a3f43,2026-07-10T14:45:00Z,2026-07-10T16:45:00+0200,113.68,EUR/MWh,BE,BE,imbalance_price,Long,2026-08-03T03:49:42Z
2026-08-03T03:49:03Z,2026-08-03T05:49:03+0200,d815d4ad-795d-45eb-9ad8-9d704f7a3f43,2026-07-10T14:45:00Z,2026-07-10T16:45:00+0200,113.68,EUR/MWh,BE,BE,imbalance_price,Short,2026-08-03T03:49:42Z
2026-08-03T03:49:03Z,2026-08-03T05:49:03+0200,d815d4ad-795d-45eb-9ad8-9d704f7a3f43,2026-07-10T15:00:00Z,2026-07-10T17:00:00+0200,25.4,EUR/MWh,BE,BE,imbalance_price,Long,2026-08-03T03:49:42Z
2026-08-03T03:49:03Z,2026-08-03T05:49:03+0200,d815d4ad-795d-45eb-9ad8-9d704f7a3f43,2026-07-10T15:00:00Z,2026-07-10T17:00:00+0200,25.4,EUR/MWh,BE,BE,imbalance_price,Short,2026-08-03T03:49:42Z
2026-08-03T03:49:03Z,2026-08-03T05:49:03+0200,d815d4ad-795d-45eb-9ad8-9d704f7a3f43,2026-07-10T15:15:00Z,2026-07-10T17:15:00+0200,118.48,EUR/MWh,BE,BE,imbalance_price,Long,2026-08-03T03:49:42Z
2026-08-03T03:49:03Z,2026-08-03T05:49:03+0200,d815d4ad-795d-45eb-9ad8-9d704f7a3f43,2026-07-10T15:15:00Z,2026-07-10T17:15:00+0200,118.48,EUR/MWh,BE,BE,imbalance_price,Short,2026-08-03T03:49:42Z
2026-08-03T03:49:03Z,2026-08-03T05:49:03+0200,d815d4ad-795d-45eb-9ad8-9d704f7a3f43,2026-07-10T15:30:00Z,2026-07-10T17:30:00+0200,25.4,EUR/MWh,BE,BE,imbalance_price,Long,2026-08-03T03:49:42Z
2026-08-03T03:49:03Z,2026-08-03T05:49:03+0200,d815d4ad-795d-45eb-9ad8-9d704f7a3f43,2026-07-10T15:30:00Z,2026-07-10T17:30:00+0200,25.4,EUR/MWh,BE,BE,imbalance_price,Short,2026-08-03T03:49:42Z
2026-08-03T03:49:03Z,2026-08-03T05:49:03+0200,d815d4ad-795d-45eb-9ad8-9d704f7a3f43,2026-07-10T15:45:00Z,2026-07-10T17:45:00+0200,25.4,EUR/MWh,BE,BE,imbalance_price,Long,2026-08-03T03:49:42Z
2026-08-03T03:49:03Z,2026-08-03T05:49:03+0200,d815d4ad-795d-45eb-9ad8-9d704f7a3f43,2026-07-10T15:45:00Z,2026-07-10T17:45:00+0200,25.4,EUR/MWh,BE,BE,imbalance_price,Short,2026-08-03T03:49:42Z
2026-08-03T03:49:03Z,2026-08-03T05:49:03+0200,d815d4ad-795d-45eb-9ad8-9d704f7a3f43,2026-07-10T16:00:00Z,2026-07-10T18:00:00+0200,101.7,EUR/MWh,BE,BE,imbalance_price,Long,2026-08-03T03:49:42Z
2026-08-03T03:49:03Z,2026-08-03T05:49:03+0200,d815d4ad-795d-45eb-9ad8-9d704f7a3f43,2026-07-10T16:00:00Z,2026-07-10T18:00:00+0200,101.7,EUR/MWh,BE,BE,imbalance_price,Short,2026-08-03T03:49:42Z
2026-08-03T03:49:03Z,2026-08-03T05:49:03+0200,d815d4ad-795d-45eb-9ad8-9d704f7a3f43,2026-07-10T16:15:00Z,2026-07-10T18:15:00+0200,91.19,EUR/MWh,BE,BE,imbalance_price,Long,2026-08-03T03:49:42Z
2026-08-03T03:49:03Z,2026-08-03T05:49:03+0200,d815d4ad-795d-45eb-9ad8-9d704f7a3f43,2026-07-10T16:15:00Z,2026-07-10T18:15:00+0200,91.19,EUR/MWh,BE,BE,imbalance_price,Short,2026-08-03T03:49:42Z
2026-08-03T03:49:03Z,2026-08-03T05:49:03+0200,d815d4ad-795d-45eb-9ad8-9d704f7a3f43,2026-07-10T16:30:00Z,2026-07-10T18:30:00+0200,122.1,EUR/MWh,BE,BE,imbalance_price,Long,2026-08-03T03:49:42Z
2026-08-03T03:49:03Z,2026-08-03T05:49:03+0200,d815d4ad-795d-45eb-9ad8-9d704f7a3f43,2026-07-10T16:30:00Z,2026-07-10T18:30:00+0200,122.1,EUR/MWh,BE,BE,imbalance_price,Short,2026-08-03T03:49:42Z
2026-08-03T03:49:03Z,2026-08-03T05:49:03+0200,d815d4ad-795d-45eb-9ad8-9d704f7a3f43,2026-07-10T16:45:00Z,2026-07-10T18:45:00+0200,116.78,EUR/MWh,BE,BE,imbalance_price,Long,2026-08-03T03:49:42Z
2026-08-03T03:49:03Z,2026-08-03T05:49:03+0200,d815d4ad-795d-45eb-9ad8-9d704f7a3f43,2026-07-10T16:45:00Z,2026-07-10T18:45:00+0200,116.78,EUR/MWh,BE,BE,imbalance_price,Short,2026-08-03T03:49:42Z
2026-08-03T03:49:03Z,2026-08-03T05:49:03+0200,d815d4ad-795d-45eb-9ad8-9d704f7a3f43,2026-07-10T17:00:00Z,2026-07-10T19:00:00+0200,106.63,EUR/MWh,BE,BE,imbalance_price,Long,2026-08-03T03:49:42Z
2026-08-03T03:49:03Z,2026-08-03T05:49:03+0200,d815d4ad-795d-45eb-9ad8-9d704f7a3f43,2026-07-10T17:00:00Z,2026-07-10T19:00:00+0200,106.63,EUR/MWh,BE,BE,imbalance_price,Short,2026-08-03T03:49:42Z
2026-08-03T03:49:03Z,2026-08-03T05:49:03+0200,d815d4ad-795d-45eb-9ad8-9d704f7a3f43,2026-07-10T17:15:00Z,2026-07-10T19:15:00+0200,128.74,EUR/MWh,BE,BE,imbalance_price,Long,2026-08-03T03:49:42Z
2026-08-03T03:49:03Z,2026-08-03T05:49:03+0200,d815d4ad-795d-45eb-9ad8-9d704f7a3f43,2026-07-10T17:15:00Z,2026-07-10T19:15:00+0200,128.74,EUR/MWh,BE,BE,imbalance_price,Short,2026-08-03T03:49:42Z
2026-08-03T03:49:03Z,2026-08-03T05:49:03+0200,d815d4ad-795d-45eb-9ad8-9d704f7a3f43,2026-07-10T17:30:00Z,2026-07-10T19:30:00+0200,131.53,EUR/MWh,BE,BE,imbalance_price,Long,2026-08-03T03:49:42Z
2026-08-03T03:49:03Z,2026-08-03T05:49:03+0200,d815d4ad-795d-45eb-9ad8-9d704f7a3f43,2026-07-10T17:30:00Z,2026-07-10T19:30:00+0200,131.53,EUR/MWh,BE,BE,imbalance_price,Short,2026-08-03T03:49:42Z
2026-08-03T03:49:03Z,2026-08-03T05:49:03+0200,d815d4ad-795d-45eb-9ad8-9d704f7a3f43,2026-07-10T17:45:00Z,2026-07-10T19:45:00+0200,78.66,EUR/MWh,BE,BE,imbalance_price,Long,2026-08-03T03:49:42Z
2026-08-03T03:49:03Z,2026-08-03T05:49:03+0200,d815d4ad-795d-45eb-9ad8-9d704f7a3f43,2026-07-10T17:45:00Z,2026-07-10T19:45:00+0200,78.66,EUR/MWh,BE,BE,imbalance_price,Short,2026-08-03T03:49:42Z
2026-08-03T03:49:03Z,2026-08-03T05:49:03+0200,d815d4ad-795d-45eb-9ad8-9d704f7a3f43,2026-07-10T18:00:00Z,2026-07-10T20:00:00+0200,123.73,EUR/MWh,BE,BE,imbalance_price,Long,2026-08-03T03:49:42Z
2026-08-03T03:49:03Z,2026-08-03T05:49:03+0200,d815d4ad-795d-45eb-9ad8-9d704f7a3f43,2026-07-10T18:00:00Z,2026-07-10T20:00:00+0200,123.73,EUR/MWh,BE,BE,imbalance_price,Short,2026-08-03T03:49:42Z
2026-08-03T03:49:03Z,2026-08-03T05:49:03+0200,d815d4ad-795d-45eb-9ad8-9d704f7a3f43,2026-07-10T18:15:00Z,2026-07-10T20:15:00+0200,152.56,EUR/MWh,BE,BE,imbalance_price,Long,2026-08-03T03:49:42Z
2026-08-03T03:49:03Z,2026-08-03T05:49:03+0200,d815d4ad-795d-45eb-9ad8-9d704f7a3f43,2026-07-10T18:15:00Z,2026-07-10T20:15:00+0200,152.56,EUR/MWh,BE,BE,imbalance_price,Short,2026-08-03T03:49:42Z
2026-08-03T03:49:03Z,2026-08-03T05:49:03+0200,d815d4ad-795d-45eb-9ad8-9d704f7a3f43,2026-07-10T18:30:00Z,2026-07-10T20:30:00+0200,147.05,EUR/MWh,BE,BE,imbalance_price,Long,2026-08-03T03:49:42Z
2026-08-03T03:49:03Z,2026-08-03T05:49:03+0200,d815d4ad-795d-45eb-9ad8-9d704f7a3f43,2026-07-10T18:30:00Z,2026-07-10T20:30:00+0200,147.05,EUR/MWh,BE,BE,imbalance_price,Short,2026-08-03T03:49:42Z
2026-08-03T03:49:03Z,2026-08-03T05:49:03+0200,d815d4ad-795d-45eb-9ad8-9d704f7a3f43,2026-07-10T18:45:00Z,2026-07-10T20:45:00+0200,156.58,EUR/MWh,BE,BE,imbalance_price,Long,2026-08-03T03:49:42Z
2026-08-03T03:49:03Z,2026-08-03T05:49:03+0200,d815d4ad-795d-45eb-9ad8-9d704f7a3f43,2026-07-10T18:45:00Z,2026-07-10T20:45:00+0200,156.58,EUR/MWh,BE,BE,imbalance_price,Short,2026-08-03T03:49:42Z
2026-08-03T03:49:03Z,2026-08-03T05:49:03+0200,d815d4ad-795d-45eb-9ad8-9d704f7a3f43,2026-07-10T19:00:00Z,2026-07-10T21:00:00+0200,151.5,EUR/MWh,BE,BE,imbalance_price,Long,2026-08-03T03:49:42Z
2026-08-03T03:49:03Z,2026-08-03T05:49:03+0200,d815d4ad-795d-45eb-9ad8-9d704f7a3f43,2026-07-10T19:00:00Z,2026-07-10T21:00:00+0200,151.5,EUR/MWh,BE,BE,imbalance_price,Short,2026-08-03T03:49:42Z
2026-08-03T03:49:03Z,2026-08-03T05:49:03+0200,d815d4ad-795d-45eb-9ad8-9d704f7a3f43,2026-07-10T19:15:00Z,2026-07-10T21:15:00+0200,152.53,EUR/MWh,BE,BE,imbalance_price,Long,2026-08-03T03:49:42Z
2026-08-03T03:49:03Z,2026-08-03T05:49:03+0200,d815d4ad-795d-45eb-9ad8-9d704f7a3f43,2026-07-10T19:15:00Z,2026-07-10T21:15:00+0200,152.53,EUR/MWh,BE,BE,imbalance_price,Short,2026-08-03T03:49:42Z
2026-08-03T03:49:03Z,2026-08-03T05:49:03+0200,d815d4ad-795d-45eb-9ad8-9d704f7a3f43,2026-07-10T19:30:00Z,2026-07-10T21:30:00+0200,124.25,EUR/MWh,BE,BE,imbalance_price,Long,2026-08-03T03:49:42Z
2026-08-03T03:49:03Z,2026-08-03T05:49:03+0200,d815d4ad-795d-45eb-9ad8-9d704f7a3f43,2026-07-10T19:30:00Z,2026-07-10T21:30:00+0200,124.25,EUR/MWh,BE,BE,imbalance_price,Short,2026-08-03T03:49:42Z
2026-08-03T03:49:03Z,2026-08-03T05:49:03+0200,d815d4ad-795d-45eb-9ad8-9d704f7a3f43,2026-07-10T19:45:00Z,2026-07-10T21:45:00+0200,136.87,EUR/MWh,BE,BE,imbalance_price,Long,2026-08-03T03:49:42Z
2026-08-03T03:49:03Z,2026-08-03T05:49:03+0200,d815d4ad-795d-45eb-9ad8-9d704f7a3f43,2026-07-10T19:45:00Z,2026-07-10T21:45:00+0200,136.87,EUR/MWh,BE,BE,imbalance_price,Short,2026-08-03T03:49:42Z
2026-08-03T03:49:03Z,2026-08-03T05:49:03+0200,d815d4ad-795d-45eb-9ad8-9d704f7a3f43,2026-07-10T20:00:00Z,2026-07-10T22:00:00+0200,141.95,EUR/MWh,BE,BE,imbalance_price,Long,2026-08-03T03:49:42Z
2026-08-03T03:49:03Z,2026-08-03T05:49:03+0200,d815d4ad-795d-45eb-9ad8-9d704f7a3f43,2026-07-10T20:00:00Z,2026-07-10T22:00:00+0200,141.95,EUR/MWh,BE,BE,imbalance_price,Short,2026-08-03T03:49:42Z
2026-08-03T03:49:03Z,2026-08-03T05:49:03+0200,d815d4ad-795d-45eb-9ad8-9d704f7a3f43,2026-07-10T20:15:00Z,2026-07-10T22:15:00+0200,143.18,EUR/MWh,BE,BE,imbalance_price,Long,2026-08-03T03:49:42Z
2026-08-03T03:49:03Z,2026-08-03T05:49:03+0200,d815d4ad-795d-45eb-9ad8-9d704f7a3f43,2026-07-10T20:15:00Z,2026-07-10T22:15:00+0200,143.18,EUR/MWh,BE,BE,imbalance_price,Short,2026-08-03T03:49:42Z
2026-08-03T03:49:03Z,2026-08-03T05:49:03+0200,d815d4ad-795d-45eb-9ad8-9d704f7a3f43,2026-07-10T20:30:00Z,2026-07-10T22:30:00+0200,121.8,EUR/MWh,BE,BE,imbalance_price,Long,2026-08-03T03:49:42Z
2026-08-03T03:49:03Z,2026-08-03T05:49:03+0200,d815d4ad-795d-45eb-9ad8-9d704f7a3f43,2026-07-10T20:30:00Z,2026-07-10T22:30:00+0200,121.8,EUR/MWh,BE,BE,imbalance_price,Short,2026-08-03T03:49:42Z
2026-08-03T03:49:03Z,2026-08-03T05:49:03+0200,d815d4ad-795d-45eb-9ad8-9d704f7a3f43,2026-07-10T20:45:00Z,2026-07-10T22:45:00+0200,139.34,EUR/MWh,BE,BE,imbalance_price,Long,2026-08-03T03:49:42Z
2026-08-03T03:49:03Z,2026-08-03T05:49:03+0200,d815d4ad-795d-45eb-9ad8-9d704f7a3f43,2026-07-10T20:45:00Z,2026-07-10T22:45:00+0200,139.34,EUR/MWh,BE,BE,imbalance_price,Short,2026-08-03T03:49:42Z
2026-08-03T03:49:03Z,2026-08-03T05:49:03+0200,d815d4ad-795d-45eb-9ad8-9d704f7a3f43,2026-07-10T21:00:00Z,2026-07-10T23:00:00+0200,115.58,EUR/MWh,BE,BE,imbalance_price,Long,2026-08-03T03:49:42Z
2026-08-03T03:49:03Z,2026-08-03T05:49:03+0200,d815d4ad-795d-45eb-9ad8-9d704f7a3f43,2026-07-10T21:00:00Z,2026-07-10T23:00:00+0200,115.58,EUR/MWh,BE,BE,imbalance_price,Short,2026-08-03T03:49:42Z
2026-08-03T03:49:03Z,2026-08-03T05:49:03+0200,d815d4ad-795d-45eb-9ad8-9d704f7a3f43,2026-07-10T21:15:00Z,2026-07-10T23:15:00+0200,134.91,EUR/MWh,BE,BE,imbalance_price,Long,2026-08-03T03:49:42Z
2026-08-03T03:49:03Z,2026-08-03T05:49:03+0200,d815d4ad-795d-45eb-9ad8-9d704f7a3f43,2026-07-10T21:15:00Z,2026-07-10T23:15:00+0200,134.91,EUR/MWh,BE,BE,imbalance_price,Short,2026-08-03T03:49:42Z
2026-08-03T03:49:03Z,2026-08-03T05:49:03+0200,d815d4ad-795d-45eb-9ad8-9d704f7a3f43,2026-07-10T21:30:00Z,2026-07-10T23:30:00+0200,145.09,EUR/MWh,BE,BE,imbalance_price,Long,2026-08-03T03:49:42Z
2026-08-03T03:49:03Z,2026-08-03T05:49:03+0200,d815d4ad-795d-45eb-9ad8-9d704f7a3f43,2026-07-10T21:30:00Z,2026-07-10T23:30:00+0200,145.09,EUR/MWh,BE,BE,imbalance_price,Short,2026-08-03T03:49:42Z
2026-08-03T03:49:03Z,2026-08-03T05:49:03+0200,d815d4ad-795d-45eb-9ad8-9d704f7a3f43,2026-07-10T21:45:00Z,2026-07-10T23:45:00+0200,145.7,EUR/MWh,BE,BE,imbalance_price,Long,2026-08-03T03:49:42Z
2026-08-03T03:49:03Z,2026-08-03T05:49:03+0200,d815d4ad-795d-45eb-9ad8-9d704f7a3f43,2026-07-10T21:45:00Z,2026-07-10T23:45:00+0200,145.7,EUR/MWh,BE,BE,imbalance_price,Short,2026-08-03T03:49:42Z
2026-08-03T03:49:03Z,2026-08-03T05:49:03+0200,d815d4ad-795d-45eb-9ad8-9d704f7a3f43,2026-07-10T22:00:00Z,2026-07-11T00:00:00+0200,151.19,EUR/MWh,BE,BE,imbalance_price,Long,2026-08-03T03:49:42Z
2026-08-03T03:49:03Z,2026-08-03T05:49:03+0200,d815d4ad-795d-45eb-9ad8-9d704f7a3f43,2026-07-10T22:00:00Z,2026-07-11T00:00:00+0200,151.19,EUR/MWh,BE,BE,imbalance_price,Short,2026-08-03T03:49:42Z
2026-08-03T03:49:03Z,2026-08-03T05:49:03+0200,d815d4ad-795d-45eb-9ad8-9d704f7a3f43,2026-07-10T22:15:00Z,2026-07-11T00:15:00+0200,104.52,EUR/MWh,BE,BE,imbalance_price,Long,2026-08-03T03:49:42Z
2026-08-03T03:49:03Z,2026-08-03T05:49:03+0200,d815d4ad-795d-45eb-9ad8-9d704f7a3f43,2026-07-10T22:15:00Z,2026-07-11T00:15:00+0200,104.52,EUR/MWh,BE,BE,imbalance_price,Short,2026-08-03T03:49:42Z
2026-08-03T03:49:03Z,2026-08-03T05:49:03+0200,d815d4ad-795d-45eb-9ad8-9d704f7a3f43,2026-07-10T22:30:00Z,2026-07-11T00:30:00+0200,111.08,EUR/MWh,BE,BE,imbalance_price,Long,2026-08-03T03:49:42Z
2026-08-03T03:49:03Z,2026-08-03T05:49:03+0200,d815d4ad-795d-45eb-9ad8-9d704f7a3f43,2026-07-10T22:30:00Z,2026-07-11T00:30:00+0200,111.08,EUR/MWh,BE,BE,imbalance_price,Short,2026-08-03T03:49:42Z
2026-08-03T03:49:03Z,2026-08-03T05:49:03+0200,d815d4ad-795d-45eb-9ad8-9d704f7a3f43,2026-07-10T22:45:00Z,2026-07-11T00:45:00+0200,140.56,EUR/MWh,BE,BE,imbalance_price,Long,2026-08-03T03:49:42Z
2026-08-03T03:49:03Z,2026-08-03T05:49:03+0200,d815d4ad-795d-45eb-9ad8-9d704f7a3f43,2026-07-10T22:45:00Z,2026-07-11T00:45:00+0200,140.56,EUR/MWh,BE,BE,imbalance_price,Short,2026-08-03T03:49:42Z
2026-08-03T03:49:03Z,2026-08-03T05:49:03+0200,d815d4ad-795d-45eb-9ad8-9d704f7a3f43,2026-07-10T23:00:00Z,2026-07-11T01:00:00+0200,134.54,EUR/MWh,BE,BE,imbalance_price,Long,2026-08-03T03:49:42Z
2026-08-03T03:49:03Z,2026-08-03T05:49:03+0200,d815d4ad-795d-45eb-9ad8-9d704f7a3f43,2026-07-10T23:00:00Z,2026-07-11T01:00:00+0200,134.54,EUR/MWh,BE,BE,imbalance_price,Short,2026-08-03T03:49:42Z
2026-08-03T03:49:03Z,2026-08-03T05:49:03+0200,d815d4ad-795d-45eb-9ad8-9d704f7a3f43,2026-07-10T23:15:00Z,2026-07-11T01:15:00+0200,107.16,EUR/MWh,BE,BE,imbalance_price,Long,2026-08-03T03:49:42Z
2026-08-03T03:49:03Z,2026-08-03T05:49:03+0200,d815d4ad-795d-45eb-9ad8-9d704f7a3f43,2026-07-10T23:15:00Z,2026-07-11T01:15:00+0200,107.16,EUR/MWh,BE,BE,imbalance_price,Short,2026-08-03T03:49:42Z
2026-08-03T03:49:03Z,2026-08-03T05:49:03+0200,d815d4ad-795d-45eb-9ad8-9d704f7a3f43,2026-07-10T23:30:00Z,2026-07-11T01:30:00+0200,134.44,EUR/MWh,BE,BE,imbalance_price,Long,2026-08-03T03:49:42Z
2026-08-03T03:49:03Z,2026-08-03T05:49:03+0200,d815d4ad-795d-45eb-9ad8-9d704f7a3f43,2026-07-10T23:30:00Z,2026-07-11T01:30:00+0200,134.44,EUR/MWh,BE,BE,imbalance_price,Short,2026-08-03T03:49:42Z
2026-08-03T03:49:03Z,2026-08-03T05:49:03+0200,d815d4ad-795d-45eb-9ad8-9d704f7a3f43,2026-07-10T23:45:00Z,2026-07-11T01:45:00+0200,110.3,EUR/MWh,BE,BE,imbalance_price,Long,2026-08-03T03:49:42Z
2026-08-03T03:49:03Z,2026-08-03T05:49:03+0200,d815d4ad-795d-45eb-9ad8-9d704f7a3f43,2026-07-10T23:45:00Z,2026-07-11T01:45:00+0200,110.3,EUR/MWh,BE,BE,imbalance_price,Short,2026-08-03T03:49:42Z
2026-08-03T03:49:03Z,2026-08-03T05:49:03+0200,d815d4ad-795d-45eb-9ad8-9d704f7a3f43,2026-07-11T00:00:00Z,2026-07-11T02:00:00+0200,112.55,EUR/MWh,BE,BE,imbalance_price,Long,2026-08-03T03:49:42Z
2026-08-03T03:49:03Z,2026-08-03T05:49:03+0200,d815d4ad-795d-45eb-9ad8-9d704f7a3f43,2026-07-11T00:00:00Z,2026-07-11T02:00:00+0200,112.55,EUR/MWh,BE,BE,imbalance_price,Short,2026-08-03T03:49:42Z
2026-08-03T03:49:03Z,2026-08-03T05:49:03+0200,d815d4ad-795d-45eb-9ad8-9d704f7a3f43,2026-07-11T00:15:00Z,2026-07-11T02:15:00+0200,109.77,EUR/MWh,BE,BE,imbalance_price,Long,2026-08-03T03:49:42Z
2026-08-03T03:49:03Z,2026-08-03T05:49:03+0200,d815d4ad-795d-45eb-9ad8-9d704f7a3f43,2026-07-11T00:15:00Z,2026-07-11T02:15:00+0200,109.77,EUR/MWh,BE,BE,imbalance_price,Short,2026-08-03T03:49:42Z
2026-08-03T03:49:03Z,2026-08-03T05:49:03+0200,d815d4ad-795d-45eb-9ad8-9d704f7a3f43,2026-07-11T00:30:00Z,2026-07-11T02:30:00+0200,110.36,EUR/MWh,BE,BE,imbalance_price,Long,2026-08-03T03:49:42Z
2026-08-03T03:49:03Z,2026-08-03T05:49:03+0200,d815d4ad-795d-45eb-9ad8-9d704f7a3f43,2026-07-11T00:30:00Z,2026-07-11T02:30:00+0200,110.36,EUR/MWh,BE,BE,imbalance_price,Short,2026-08-03T03:49:42Z
2026-08-03T03:49:03Z,2026-08-03T05:49:03+0200,d815d4ad-795d-45eb-9ad8-9d704f7a3f43,2026-07-11T00:45:00Z,2026-07-11T02:45:00+0200,112.28,EUR/MWh,BE,BE,imbalance_price,Long,2026-08-03T03:49:42Z
2026-08-03T03:49:03Z,2026-08-03T05:49:03+0200,d815d4ad-795d-45eb-9ad8-9d704f7a3f43,2026-07-11T00:45:00Z,2026-07-11T02:45:00+0200,112.28,EUR/MWh,BE,BE,imbalance_price,Short,2026-08-03T03:49:42Z
2026-08-03T03:49:03Z,2026-08-03T05:49:03+0200,d815d4ad-795d-45eb-9ad8-9d704f7a3f43,2026-07-11T01:00:00Z,2026-07-11T03:00:00+0200,123.57,EUR/MWh,BE,BE,imbalance_price,Long,2026-08-03T03:49:42Z
2026-08-03T03:49:03Z,2026-08-03T05:49:03+0200,d815d4ad-795d-45eb-9ad8-9d704f7a3f43,2026-07-11T01:00:00Z,2026-07-11T03:00:00+0200,123.57,EUR/MWh,BE,BE,imbalance_price,Short,2026-08-03T03:49:42Z
2026-08-03T03:49:03Z,2026-08-03T05:49:03+0200,d815d4ad-795d-45eb-9ad8-9d704f7a3f43,2026-07-11T01:15:00Z,2026-07-11T03:15:00+0200,139.76,EUR/MWh,BE,BE,imbalance_price,Long,2026-08-03T03:49:42Z
2026-08-03T03:49:03Z,2026-08-03T05:49:03+0200,d815d4ad-795d-45eb-9ad8-9d704f7a3f43,2026-07-11T01:15:00Z,2026-07-11T03:15:00+0200,139.76,EUR/MWh,BE,BE,imbalance_price,Short,2026-08-03T03:49:42Z
2026-08-03T03:49:03Z,2026-08-03T05:49:03+0200,d815d4ad-795d-45eb-9ad8-9d704f7a3f43,2026-07-11T01:30:00Z,2026-07-11T03:30:00+0200,150.86,EUR/MWh,BE,BE,imbalance_price,Long,2026-08-03T03:49:42Z
2026-08-03T03:49:03Z,2026-08-03T05:49:03+0200,d815d4ad-795d-45eb-9ad8-9d704f7a3f43,2026-07-11T01:30:00Z,2026-07-11T03:30:00+0200,150.86,EUR/MWh,BE,BE,imbalance_price,Short,2026-08-03T03:49:42Z
2026-08-03T03:49:03Z,2026-08-03T05:49:03+0200,d815d4ad-795d-45eb-9ad8-9d704f7a3f43,2026-07-11T01:45:00Z,2026-07-11T03:45:00+0200,146.22,EUR/MWh,BE,BE,imbalance_price,Long,2026-08-03T03:49:42Z
2026-08-03T03:49:03Z,2026-08-03T05:49:03+0200,d815d4ad-795d-45eb-9ad8-9d704f7a3f43,2026-07-11T01:45:00Z,2026-07-11T03:45:00+0200,146.22,EUR/MWh,BE,BE,imbalance_price,Short,2026-08-03T03:49:42Z
2026-08-03T03:49:03Z,2026-08-03T05:49:03+0200,d815d4ad-795d-45eb-9ad8-9d704f7a3f43,2026-07-11T02:00:00Z,2026-07-11T04:00:00+0200,147.55,EUR/MWh,BE,BE,imbalance_price,Long,2026-08-03T03:49:42Z
2026-08-03T03:49:03Z,2026-08-03T05:49:03+0200,d815d4ad-795d-45eb-9ad8-9d704f7a3f43,2026-07-11T02:00:00Z,2026-07-11T04:00:00+0200,147.55,EUR/MWh,BE,BE,imbalance_price,Short,2026-08-03T03:49:42Z
2026-08-03T03:49:03Z,2026-08-03T05:49:03+0200,d815d4ad-795d-45eb-9ad8-9d704f7a3f43,2026-07-11T02:15:00Z,2026-07-11T04:15:00+0200,156.73,EUR/MWh,BE,BE,imbalance_price,Long,2026-08-03T03:49:42Z
2026-08-03T03:49:03Z,2026-08-03T05:49:03+0200,d815d4ad-795d-45eb-9ad8-9d704f7a3f43,2026-07-11T02:15:00Z,2026-07-11T04:15:00+0200,156.73,EUR/MWh,BE,BE,imbalance_price,Short,2026-08-03T03:49:42Z
2026-08-03T03:49:03Z,2026-08-03T05:49:03+0200,d815d4ad-795d-45eb-9ad8-9d704f7a3f43,2026-07-11T02:30:00Z,2026-07-11T04:30:00+0200,153.53,EUR/MWh,BE,BE,imbalance_price,Long,2026-08-03T03:49:42Z
2026-08-03T03:49:03Z,2026-08-03T05:49:03+0200,d815d4ad-795d-45eb-9ad8-9d704f7a3f43,2026-07-11T02:30:00Z,2026-07-11T04:30:00+0200,153.53,EUR/MWh,BE,BE,imbalance_price,Short,2026-08-03T03:49:42Z
2026-08-03T03:49:03Z,2026-08-03T05:49:03+0200,d815d4ad-795d-45eb-9ad8-9d704f7a3f43,2026-07-11T02:45:00Z,2026-07-11T04:45:00+0200,150.64,EUR/MWh,BE,BE,imbalance_price,Long,2026-08-03T03:49:42Z
2026-08-03T03:49:03Z,2026-08-03T05:49:03+0200,d815d4ad-795d-45eb-9ad8-9d704f7a3f43,2026-07-11T02:45:00Z,2026-07-11T04:45:00+0200,150.64,EUR/MWh,BE,BE,imbalance_price,Short,2026-08-03T03:49:42Z
2026-08-03T03:49:03Z,2026-08-03T05:49:03+0200,d815d4ad-795d-45eb-9ad8-9d704f7a3f43,2026-07-11T03:00:00Z,2026-07-11T05:00:00+0200,142.58,EUR/MWh,BE,BE,imbalance_price,Long,2026-08-03T03:49:42Z
2026-08-03T03:49:03Z,2026-08-03T05:49:03+0200,d815d4ad-795d-45eb-9ad8-9d704f7a3f43,2026-07-11T03:00:00Z,2026-07-11T05:00:00+0200,142.58,EUR/MWh,BE,BE,imbalance_price,Short,2026-08-03T03:49:42Z
2026-08-03T03:49:03Z,2026-08-03T05:49:03+0200,d815d4ad-795d-45eb-9ad8-9d704f7a3f43,2026-07-11T03:15:00Z,2026-07-11T05:15:00+0200,123.92,EUR/MWh,BE,BE,imbalance_price,Long,2026-08-03T03:49:42Z
2026-08-03T03:49:03Z,2026-08-03T05:49:03+0200,d815d4ad-795d-45eb-9ad8-9d704f7a3f43,2026-07-11T03:15:00Z,2026-07-11T05:15:00+0200,123.92,EUR/MWh,BE,BE,imbalance_price,Short,2026-08-03T03:49:42Z
2026-08-03T03:49:03Z,2026-08-03T05:49:03+0200,d815d4ad-795d-45eb-9ad8-9d704f7a3f43,2026-07-11T03:30:00Z,2026-07-11T05:30:00+0200,120.54,EUR/MWh,BE,BE,imbalance_price,Long,2026-08-03T03:49:42Z
2026-08-03T03:49:03Z,2026-08-03T05:49:03+0200,d815d4ad-795d-45eb-9ad8-9d704f7a3f43,2026-07-11T03:30:00Z,2026-07-11T05:30:00+0200,120.54,EUR/MWh,BE,BE,imbalance_price,Short,2026-08-03T03:49:42Z
2026-08-03T03:49:03Z,2026-08-03T05:49:03+0200,d815d4ad-795d-45eb-9ad8-9d704f7a3f43,2026-07-11T03:45:00Z,2026-07-11T05:45:00+0200,116.44,EUR/MWh,BE,BE,imbalance_price,Long,2026-08-03T03:49:42Z
2026-08-03T03:49:03Z,2026-08-03T05:49:03+0200,d815d4ad-795d-45eb-9ad8-9d704f7a3f43,2026-07-11T03:45:00Z,2026-07-11T05:45:00+0200,116.44,EUR/MWh,BE,BE,imbalance_price,Short,2026-08-03T03:49:42Z
2026-08-03T03:49:03Z,2026-08-03T05:49:03+0200,d815d4ad-795d-45eb-9ad8-9d704f7a3f43,2026-07-11T04:00:00Z,2026-07-11T06:00:00+0200,126.39,EUR/MWh,BE,BE,imbalance_price,Long,2026-08-03T03:49:42Z
2026-08-03T03:49:03Z,2026-08-03T05:49:03+0200,d815d4ad-795d-45eb-9ad8-9d704f7a3f43,2026-07-11T04:00:00Z,2026-07-11T06:00:00+0200,126.39,EUR/MWh,BE,BE,imbalance_price,Short,2026-08-03T03:49:42Z
2026-08-03T03:49:03Z,2026-08-03T05:49:03+0200,d815d4ad-795d-45eb-9ad8-9d704f7a3f43,2026-07-11T04:15:00Z,2026-07-11T06:15:00+0200,111.88,EUR/MWh,BE,BE,imbalance_price,Long,2026-08-03T03:49:42Z
2026-08-03T03:49:03Z,2026-08-03T05:49:03+0200,d815d4ad-795d-45eb-9ad8-9d704f7a3f43,2026-07-11T04:15:00Z,2026-07-11T06:15:00+0200,111.88,EUR/MWh,BE,BE,imbalance_price,Short,2026-08-03T03:49:42Z
2026-08-03T03:49:03Z,2026-08-03T05:49:03+0200,d815d4ad-795d-45eb-9ad8-9d704f7a3f43,2026-07-11T04:30:00Z,2026-07-11T06:30:00+0200,120.99,EUR/MWh,BE,BE,imbalance_price,Long,2026-08-03T03:49:42Z
2026-08-03T03:49:03Z,2026-08-03T05:49:03+0200,d815d4ad-795d-45eb-9ad8-9d704f7a3f43,2026-07-11T04:30:00Z,2026-07-11T06:30:00+0200,120.99,EUR/MWh,BE,BE,imbalance_price,Short,2026-08-03T03:49:42Z
2026-08-03T03:49:03Z,2026-08-03T05:49:03+0200,d815d4ad-795d-45eb-9ad8-9d704f7a3f43,2026-07-11T04:45:00Z,2026-07-11T06:45:00+0200,141.98,EUR/MWh,BE,BE,imbalance_price,Long,2026-08-03T03:49:42Z
2026-08-03T03:49:03Z,2026-08-03T05:49:03+0200,d815d4ad-795d-45eb-9ad8-9d704f7a3f43,2026-07-11T04:45:00Z,2026-07-11T06:45:00+0200,141.98,EUR/MWh,BE,BE,imbalance_price,Short,2026-08-03T03:49:42Z
2026-08-03T03:49:03Z,2026-08-03T05:49:03+0200,d815d4ad-795d-45eb-9ad8-9d704f7a3f43,2026-07-11T05:00:00Z,2026-07-11T07:00:00+0200,125.53,EUR/MWh,BE,BE,imbalance_price,Long,2026-08-03T03:49:42Z
2026-08-03T03:49:03Z,2026-08-03T05:49:03+0200,d815d4ad-795d-45eb-9ad8-9d704f7a3f43,2026-07-11T05:00:00Z,2026-07-11T07:00:00+0200,125.53,EUR/MWh,BE,BE,imbalance_price,Short,2026-08-03T03:49:42Z
2026-08-03T03:49:03Z,2026-08-03T05:49:03+0200,d815d4ad-795d-45eb-9ad8-9d704f7a3f43,2026-07-11T05:15:00Z,2026-07-11T07:15:00+0200,95.4,EUR/MWh,BE,BE,imbalance_price,Long,2026-08-03T03:49:42Z
2026-08-03T03:49:03Z,2026-08-03T05:49:03+0200,d815d4ad-795d-45eb-9ad8-9d704f7a3f43,2026-07-11T05:15:00Z,2026-07-11T07:15:00+0200,95.4,EUR/MWh,BE,BE,imbalance_price,Short,2026-08-03T03:49:42Z
2026-08-03T03:49:03Z,2026-08-03T05:49:03+0200,d815d4ad-795d-45eb-9ad8-9d704f7a3f43,2026-07-11T05:30:00Z,2026-07-11T07:30:00+0200,90.74,EUR/MWh,BE,BE,imbalance_price,Long,2026-08-03T03:49:42Z
2026-08-03T03:49:03Z,2026-08-03T05:49:03+0200,d815d4ad-795d-45eb-9ad8-9d704f7a3f43,2026-07-11T05:30:00Z,2026-07-11T07:30:00+0200,90.74,EUR/MWh,BE,BE,imbalance_price,Short,2026-08-03T03:49:42Z
2026-08-03T03:49:03Z,2026-08-03T05:49:03+0200,d815d4ad-795d-45eb-9ad8-9d704f7a3f43,2026-07-11T05:45:00Z,2026-07-11T07:45:00+0200,82.87,EUR/MWh,BE,BE,imbalance_price,Long,2026-08-03T03:49:42Z
2026-08-03T03:49:03Z,2026-08-03T05:49:03+0200,d815d4ad-795d-45eb-9ad8-9d704f7a3f43,2026-07-11T05:45:00Z,2026-07-11T07:45:00+0200,82.87,EUR/MWh,BE,BE,imbalance_price,Short,2026-08-03T03:49:42Z
2026-08-03T03:49:03Z,2026-08-03T05:49:03+0200,d815d4ad-795d-45eb-9ad8-9d704f7a3f43,2026-07-11T06:00:00Z,2026-07-11T08:00:00+0200,75.4,EUR/MWh,BE,BE,imbalance_price,Long,2026-08-03T03:49:42Z
2026-08-03T03:49:03Z,2026-08-03T05:49:03+0200,d815d4ad-795d-45eb-9ad8-9d704f7a3f43,2026-07-11T06:00:00Z,2026-07-11T08:00:00+0200,75.4,EUR/MWh,BE,BE,imbalance_price,Short,2026-08-03T03:49:42Z
2026-08-03T03:49:03Z,2026-08-03T05:49:03+0200,d815d4ad-795d-45eb-9ad8-9d704f7a3f43,2026-07-11T06:15:00Z,2026-07-11T08:15:00+0200,75.7,EUR/MWh,BE,BE,imbalance_price,Long,2026-08-03T03:49:42Z
2026-08-03T03:49:03Z,2026-08-03T05:49:03+0200,d815d4ad-795d-45eb-9ad8-9d704f7a3f43,2026-07-11T06:15:00Z,2026-07-11T08:15:00+0200,75.7,EUR/MWh,BE,BE,imbalance_price,Short,2026-08-03T03:49:42Z
2026-08-03T03:49:03Z,2026-08-03T05:49:03+0200,d815d4ad-795d-45eb-9ad8-9d704f7a3f43,2026-07-11T06:30:00Z,2026-07-11T08:30:00+0200,72.76,EUR/MWh,BE,BE,imbalance_price,Long,2026-08-03T03:49:42Z
2026-08-03T03:49:03Z,2026-08-03T05:49:03+0200,d815d4ad-795d-45eb-9ad8-9d704f7a3f43,2026-07-11T06:30:00Z,2026-07-11T08:30:00+0200,72.76,EUR/MWh,BE,BE,imbalance_price,Short,2026-08-03T03:49:42Z
2026-08-03T03:49:03Z,2026-08-03T05:49:03+0200,d815d4ad-795d-45eb-9ad8-9d704f7a3f43,2026-07-11T06:45:00Z,2026-07-11T08:45:00+0200,68.32,EUR/MWh,BE,BE,imbalance_price,Long,2026-08-03T03:49:42Z
2026-08-03T03:49:03Z,2026-08-03T05:49:03+0200,d815d4ad-795d-45eb-9ad8-9d704f7a3f43,2026-07-11T06:45:00Z,2026-07-11T08:45:00+0200,68.32,EUR/MWh,BE,BE,imbalance_price,Short,2026-08-03T03:49:42Z
2026-08-03T03:49:03Z,2026-08-03T05:49:03+0200,d815d4ad-795d-45eb-9ad8-9d704f7a3f43,2026-07-11T07:00:00Z,2026-07-11T09:00:00+0200,60.0,EUR/MWh,BE,BE,imbalance_price,Long,2026-08-03T03:49:42Z
2026-08-03T03:49:03Z,2026-08-03T05:49:03+0200,d815d4ad-795d-45eb-9ad8-9d704f7a3f43,2026-07-11T07:00:00Z,2026-07-11T09:00:00+0200,60.0,EUR/MWh,BE,BE,imbalance_price,Short,2026-08-03T03:49:42Z
2026-08-03T03:49:03Z,2026-08-03T05:49:03+0200,d815d4ad-795d-45eb-9ad8-9d704f7a3f43,2026-07-11T07:15:00Z,2026-07-11T09:15:00+0200,50.0,EUR/MWh,BE,BE,imbalance_price,Long,2026-08-03T03:49:42Z
2026-08-03T03:49:03Z,2026-08-03T05:49:03+0200,d815d4ad-795d-45eb-9ad8-9d704f7a3f43,2026-07-11T07:15:00Z,2026-07-11T09:15:00+0200,50.0,EUR/MWh,BE,BE,imbalance_price,Short,2026-08-03T03:49:42Z
2026-08-03T03:49:03Z,2026-08-03T05:49:03+0200,d815d4ad-795d-45eb-9ad8-9d704f7a3f43,2026-07-11T07:30:00Z,2026-07-11T09:30:00+0200,23.93,EUR/MWh,BE,BE,imbalance_price,Long,2026-08-03T03:49:42Z
2026-08-03T03:49:03Z,2026-08-03T05:49:03+0200,d815d4ad-795d-45eb-9ad8-9d704f7a3f43,2026-07-11T07:30:00Z,2026-07-11T09:30:00+0200,23.93,EUR/MWh,BE,BE,imbalance_price,Short,2026-08-03T03:49:42Z
2026-08-03T03:49:03Z,2026-08-03T05:49:03+0200,d815d4ad-795d-45eb-9ad8-9d704f7a3f43,2026-07-11T07:45:00Z,2026-07-11T09:45:00+0200,21.59,EUR/MWh,BE,BE,imbalance_price,Long,2026-08-03T03:49:42Z
2026-08-03T03:49:03Z,2026-08-03T05:49:03+0200,d815d4ad-795d-45eb-9ad8-9d704f7a3f43,2026-07-11T07:45:00Z,2026-07-11T09:45:00+0200,21.59,EUR/MWh,BE,BE,imbalance_price,Short,2026-08-03T03:49:42Z
2026-08-03T03:49:03Z,2026-08-03T05:49:03+0200,d815d4ad-795d-45eb-9ad8-9d704f7a3f43,2026-07-11T08:00:00Z,2026-07-11T10:00:00+0200,4.68,EUR/MWh,BE,BE,imbalance_price,Long,2026-08-03T03:49:42Z
2026-08-03T03:49:03Z,2026-08-03T05:49:03+0200,d815d4ad-795d-45eb-9ad8-9d704f7a3f43,2026-07-11T08:00:00Z,2026-07-11T10:00:00+0200,4.68,EUR/MWh,BE,BE,imbalance_price,Short,2026-08-03T03:49:42Z
2026-08-03T03:49:03Z,2026-08-03T05:49:03+0200,d815d4ad-795d-45eb-9ad8-9d704f7a3f43,2026-07-11T08:15:00Z,2026-07-11T10:15:00+0200,2.53,EUR/MWh,BE,BE,imbalance_price,Long,2026-08-03T03:49:42Z
2026-08-03T03:49:03Z,2026-08-03T05:49:03+0200,d815d4ad-795d-45eb-9ad8-9d704f7a3f43,2026-07-11T08:15:00Z,2026-07-11T10:15:00+0200,2.53,EUR/MWh,BE,BE,imbalance_price,Short,2026-08-03T03:49:42Z
2026-08-03T03:49:03Z,2026-08-03T05:49:03+0200,d815d4ad-795d-45eb-9ad8-9d704f7a3f43,2026-07-11T08:30:00Z,2026-07-11T10:30:00+0200,4.69,EUR/MWh,BE,BE,imbalance_price,Long,2026-08-03T03:49:42Z
2026-08-03T03:49:03Z,2026-08-03T05:49:03+0200,d815d4ad-795d-45eb-9ad8-9d704f7a3f43,2026-07-11T08:30:00Z,2026-07-11T10:30:00+0200,4.69,EUR/MWh,BE,BE,imbalance_price,Short,2026-08-03T03:49:42Z
2026-08-03T03:49:03Z,2026-08-03T05:49:03+0200,d815d4ad-795d-45eb-9ad8-9d704f7a3f43,2026-07-11T08:45:00Z,2026-07-11T10:45:00+0200,1.2,EUR/MWh,BE,BE,imbalance_price,Long,2026-08-03T03:49:42Z
2026-08-03T03:49:03Z,2026-08-03T05:49:03+0200,d815d4ad-795d-45eb-9ad8-9d704f7a3f43,2026-07-11T08:45:00Z,2026-07-11T10:45:00+0200,1.2,EUR/MWh,BE,BE,imbalance_price,Short,2026-08-03T03:49:42Z
2026-08-03T03:49:03Z,2026-08-03T05:49:03+0200,d815d4ad-795d-45eb-9ad8-9d704f7a3f43,2026-07-11T09:00:00Z,2026-07-11T11:00:00+0200,-3.34,EUR/MWh,BE,BE,imbalance_price,Long,2026-08-03T03:49:42Z
2026-08-03T03:49:03Z,2026-08-03T05:49:03+0200,d815d4ad-795d-45eb-9ad8-9d704f7a3f43,2026-07-11T09:00:00Z,2026-07-11T11:00:00+0200,-3.34,EUR/MWh,BE,BE,imbalance_price,Short,2026-08-03T03:49:42Z
2026-08-03T03:49:03Z,2026-08-03T05:49:03+0200,d815d4ad-795d-45eb-9ad8-9d704f7a3f43,2026-07-11T09:15:00Z,2026-07-11T11:15:00+0200,-1.0,EUR/MWh,BE,BE,imbalance_price,Long,2026-08-03T03:49:42Z
2026-08-03T03:49:03Z,2026-08-03T05:49:03+0200,d815d4ad-795d-45eb-9ad8-9d704f7a3f43,2026-07-11T09:15:00Z,2026-07-11T11:15:00+0200,-1.0,EUR/MWh,BE,BE,imbalance_price,Short,2026-08-03T03:49:42Z
2026-08-03T03:49:03Z,2026-08-03T05:49:03+0200,d815d4ad-795d-45eb-9ad8-9d704f7a3f43,2026-07-11T09:30:00Z,2026-07-11T11:30:00+0200,-1.0,EUR/MWh,BE,BE,imbalance_price,Long,2026-08-03T03:49:42Z
2026-08-03T03:49:03Z,2026-08-03T05:49:03+0200,d815d4ad-795d-45eb-9ad8-9d704f7a3f43,2026-07-11T09:30:00Z,2026-07-11T11:30:00+0200,-1.0,EUR/MWh,BE,BE,imbalance_price,Short,2026-08-03T03:49:42Z
2026-08-03T03:49:03Z,2026-08-03T05:49:03+0200,d815d4ad-795d-45eb-9ad8-9d704f7a3f43,2026-07-11T09:45:00Z,2026-07-11T11:45:00+0200,-5.51,EUR/MWh,BE,BE,imbalance_price,Long,2026-08-03T03:49:42Z
2026-08-03T03:49:03Z,2026-08-03T05:49:03+0200,d815d4ad-795d-45eb-9ad8-9d704f7a3f43,2026-07-11T09:45:00Z,2026-07-11T11:45:00+0200,-5.51,EUR/MWh,BE,BE,imbalance_price,Short,2026-08-03T03:49:42Z
2026-08-03T03:49:03Z,2026-08-03T05:49:03+0200,d815d4ad-795d-45eb-9ad8-9d704f7a3f43,2026-07-11T10:00:00Z,2026-07-11T12:00:00+0200,-6.04,EUR/MWh,BE,BE,imbalance_price,Long,2026-08-03T03:49:42Z
2026-08-03T03:49:03Z,2026-08-03T05:49:03+0200,d815d4ad-795d-45eb-9ad8-9d704f7a3f43,2026-07-11T10:00:00Z,2026-07-11T12:00:00+0200,-6.04,EUR/MWh,BE,BE,imbalance_price,Short,2026-08-03T03:49:42Z
2026-08-03T03:49:03Z,2026-08-03T05:49:03+0200,d815d4ad-795d-45eb-9ad8-9d704f7a3f43,2026-07-11T10:15:00Z,2026-07-11T12:15:00+0200,-5.61,EUR/MWh,BE,BE,imbalance_price,Long,2026-08-03T03:49:42Z
2026-08-03T03:49:03Z,2026-08-03T05:49:03+0200,d815d4ad-795d-45eb-9ad8-9d704f7a3f43,2026-07-11T10:15:00Z,2026-07-11T12:15:00+0200,-5.61,EUR/MWh,BE,BE,imbalance_price,Short,2026-08-03T03:49:42Z
2026-08-03T03:49:03Z,2026-08-03T05:49:03+0200,d815d4ad-795d-45eb-9ad8-9d704f7a3f43,2026-07-11T10:30:00Z,2026-07-11T12:30:00+0200,-8.4,EUR/MWh,BE,BE,imbalance_price,Long,2026-08-03T03:49:42Z
2026-08-03T03:49:03Z,2026-08-03T05:49:03+0200,d815d4ad-795d-45eb-9ad8-9d704f7a3f43,2026-07-11T10:30:00Z,2026-07-11T12:30:00+0200,-8.4,EUR/MWh,BE,BE,imbalance_price,Short,2026-08-03T03:49:42Z
2026-08-03T03:49:03Z,2026-08-03T05:49:03+0200,d815d4ad-795d-45eb-9ad8-9d704f7a3f43,2026-07-11T10:45:00Z,2026-07-11T12:45:00+0200,-5.11,EUR/MWh,BE,BE,imbalance_price,Long,2026-08-03T03:49:42Z
2026-08-03T03:49:03Z,2026-08-03T05:49:03+0200,d815d4ad-795d-45eb-9ad8-9d704f7a3f43,2026-07-11T10:45:00Z,2026-07-11T12:45:00+0200,-5.11,EUR/MWh,BE,BE,imbalance_price,Short,2026-08-03T03:49:42Z
2026-08-03T03:49:03Z,2026-08-03T05:49:03+0200,d815d4ad-795d-45eb-9ad8-9d704f7a3f43,2026-07-11T11:00:00Z,2026-07-11T13:00:00+0200,-4.26,EUR/MWh,BE,BE,imbalance_price,Long,2026-08-03T03:49:42Z
2026-08-03T03:49:03Z,2026-08-03T05:49:03+0200,d815d4ad-795d-45eb-9ad8-9d704f7a3f43,2026-07-11T11:00:00Z,2026-07-11T13:00:00+0200,-4.26,EUR/MWh,BE,BE,imbalance_price,Short,2026-08-03T03:49:42Z
2026-08-03T03:49:03Z,2026-08-03T05:49:03+0200,d815d4ad-795d-45eb-9ad8-9d704f7a3f43,2026-07-11T11:15:00Z,2026-07-11T13:15:00+0200,-7.14,EUR/MWh,BE,BE,imbalance_price,Long,2026-08-03T03:49:42Z
2026-08-03T03:49:03Z,2026-08-03T05:49:03+0200,d815d4ad-795d-45eb-9ad8-9d704f7a3f43,2026-07-11T11:15:00Z,2026-07-11T13:15:00+0200,-7.14,EUR/MWh,BE,BE,imbalance_price,Short,2026-08-03T03:49:42Z
2026-08-03T03:49:03Z,2026-08-03T05:49:03+0200,d815d4ad-795d-45eb-9ad8-9d704f7a3f43,2026-07-11T11:30:00Z,2026-07-11T13:30:00+0200,-2.21,EUR/MWh,BE,BE,imbalance_price,Long,2026-08-03T03:49:42Z
2026-08-03T03:49:03Z,2026-08-03T05:49:03+0200,d815d4ad-795d-45eb-9ad8-9d704f7a3f43,2026-07-11T11:30:00Z,2026-07-11T13:30:00+0200,-2.21,EUR/MWh,BE,BE,imbalance_price,Short,2026-08-03T03:49:42Z
2026-08-03T03:49:03Z,2026-08-03T05:49:03+0200,d815d4ad-795d-45eb-9ad8-9d704f7a3f43,2026-07-11T11:45:00Z,2026-07-11T13:45:00+0200,-13.05,EUR/MWh,BE,BE,imbalance_price,Long,2026-08-03T03:49:42Z
2026-08-03T03:49:03Z,2026-08-03T05:49:03+0200,d815d4ad-795d-45eb-9ad8-9d704f7a3f43,2026-07-11T11:45:00Z,2026-07-11T13:45:00+0200,-13.05,EUR/MWh,BE,BE,imbalance_price,Short,2026-08-03T03:49:42Z
2026-08-03T03:49:03Z,2026-08-03T05:49:03+0200,d815d4ad-795d-45eb-9ad8-9d704f7a3f43,2026-07-11T12:00:00Z,2026-07-11T14:00:00+0200,-0.9,EUR/MWh,BE,BE,imbalance_price,Long,2026-08-03T03:49:42Z
2026-08-03T03:49:03Z,2026-08-03T05:49:03+0200,d815d4ad-795d-45eb-9ad8-9d704f7a3f43,2026-07-11T12:00:00Z,2026-07-11T14:00:00+0200,-0.9,EUR/MWh,BE,BE,imbalance_price,Short,2026-08-03T03:49:42Z
2026-08-03T03:49:03Z,2026-08-03T05:49:03+0200,d815d4ad-795d-45eb-9ad8-9d704f7a3f43,2026-07-11T12:15:00Z,2026-07-11T14:15:00+0200,-1.48,EUR/MWh,BE,BE,imbalance_price,Long,2026-08-03T03:49:42Z
2026-08-03T03:49:03Z,2026-08-03T05:49:03+0200,d815d4ad-795d-45eb-9ad8-9d704f7a3f43,2026-07-11T12:15:00Z,2026-07-11T14:15:00+0200,-1.48,EUR/MWh,BE,BE,imbalance_price,Short,2026-08-03T03:49:42Z
2026-08-03T03:49:03Z,2026-08-03T05:49:03+0200,d815d4ad-795d-45eb-9ad8-9d704f7a3f43,2026-07-11T12:30:00Z,2026-07-11T14:30:00+0200,-2.51,EUR/MWh,BE,BE,imbalance_price,Long,2026-08-03T03:49:42Z
2026-08-03T03:49:03Z,2026-08-03T05:49:03+0200,d815d4ad-795d-45eb-9ad8-9d704f7a3f43,2026-07-11T12:30:00Z,2026-07-11T14:30:00+0200,-2.51,EUR/MWh,BE,BE,imbalance_price,Short,2026-08-03T03:49:42Z
2026-08-03T03:49:03Z,2026-08-03T05:49:03+0200,d815d4ad-795d-45eb-9ad8-9d704f7a3f43,2026-07-11T12:45:00Z,2026-07-11T14:45:00+0200,-1.76,EUR/MWh,BE,BE,imbalance_price,Long,2026-08-03T03:49:42Z
2026-08-03T03:49:03Z,2026-08-03T05:49:03+0200,d815d4ad-795d-45eb-9ad8-9d704f7a3f43,2026-07-11T12:45:00Z,2026-07-11T14:45:00+0200,-1.76,EUR/MWh,BE,BE,imbalance_price,Short,2026-08-03T03:49:42Z
2026-08-03T03:49:03Z,2026-08-03T05:49:03+0200,d815d4ad-795d-45eb-9ad8-9d704f7a3f43,2026-07-11T13:00:00Z,2026-07-11T15:00:00+0200,11.6,EUR/MWh,BE,BE,imbalance_price,Long,2026-08-03T03:49:42Z
2026-08-03T03:49:03Z,2026-08-03T05:49:03+0200,d815d4ad-795d-45eb-9ad8-9d704f7a3f43,2026-07-11T13:00:00Z,2026-07-11T15:00:00+0200,11.6,EUR/MWh,BE,BE,imbalance_price,Short,2026-08-03T03:49:42Z
2026-08-03T03:49:03Z,2026-08-03T05:49:03+0200,d815d4ad-795d-45eb-9ad8-9d704f7a3f43,2026-07-11T13:15:00Z,2026-07-11T15:15:00+0200,0.06,EUR/MWh,BE,BE,imbalance_price,Long,2026-08-03T03:49:42Z
2026-08-03T03:49:03Z,2026-08-03T05:49:03+0200,d815d4ad-795d-45eb-9ad8-9d704f7a3f43,2026-07-11T13:15:00Z,2026-07-11T15:15:00+0200,0.06,EUR/MWh,BE,BE,imbalance_price,Short,2026-08-03T03:49:42Z
2026-08-03T03:49:03Z,2026-08-03T05:49:03+0200,d815d4ad-795d-45eb-9ad8-9d704f7a3f43,2026-07-11T13:30:00Z,2026-07-11T15:30:00+0200,8.38,EUR/MWh,BE,BE,imbalance_price,Long,2026-08-03T03:49:42Z
2026-08-03T03:49:03Z,2026-08-03T05:49:03+0200,d815d4ad-795d-45eb-9ad8-9d704f7a3f43,2026-07-11T13:30:00Z,2026-07-11T15:30:00+0200,8.38,EUR/MWh,BE,BE,imbalance_price,Short,2026-08-03T03:49:42Z
2026-08-03T03:49:03Z,2026-08-03T05:49:03+0200,d815d4ad-795d-45eb-9ad8-9d704f7a3f43,2026-07-11T13:45:00Z,2026-07-11T15:45:00+0200,-1.0,EUR/MWh,BE,BE,imbalance_price,Long,2026-08-03T03:49:42Z
2026-08-03T03:49:03Z,2026-08-03T05:49:03+0200,d815d4ad-795d-45eb-9ad8-9d704f7a3f43,2026-07-11T13:45:00Z,2026-07-11T15:45:00+0200,-1.0,EUR/MWh,BE,BE,imbalance_price,Short,2026-08-03T03:49:42Z
2026-08-03T03:49:03Z,2026-08-03T05:49:03+0200,d815d4ad-795d-45eb-9ad8-9d704f7a3f43,2026-07-11T14:00:00Z,2026-07-11T16:00:00+0200,31.34,EUR/MWh,BE,BE,imbalance_price,Long,2026-08-03T03:49:42Z
2026-08-03T03:49:03Z,2026-08-03T05:49:03+0200,d815d4ad-795d-45eb-9ad8-9d704f7a3f43,2026-07-11T14:00:00Z,2026-07-11T16:00:00+0200,31.34,EUR/MWh,BE,BE,imbalance_price,Short,2026-08-03T03:49:42Z
2026-08-03T03:49:03Z,2026-08-03T05:49:03+0200,d815d4ad-795d-45eb-9ad8-9d704f7a3f43,2026-07-11T14:15:00Z,2026-07-11T16:15:00+0200,31.79,EUR/MWh,BE,BE,imbalance_price,Long,2026-08-03T03:49:42Z
2026-08-03T03:49:03Z,2026-08-03T05:49:03+0200,d815d4ad-795d-45eb-9ad8-9d704f7a3f43,2026-07-11T14:15:00Z,2026-07-11T16:15:00+0200,31.79,EUR/MWh,BE,BE,imbalance_price,Short,2026-08-03T03:49:42Z
2026-08-03T03:49:03Z,2026-08-03T05:49:03+0200,d815d4ad-795d-45eb-9ad8-9d704f7a3f43,2026-07-11T14:30:00Z,2026-07-11T16:30:00+0200,43.21,EUR/MWh,BE,BE,imbalance_price,Long,2026-08-03T03:49:42Z
2026-08-03T03:49:03Z,2026-08-03T05:49:03+0200,d815d4ad-795d-45eb-9ad8-9d704f7a3f43,2026-07-11T14:30:00Z,2026-07-11T16:30:00+0200,43.21,EUR/MWh,BE,BE,imbalance_price,Short,2026-08-03T03:49:42Z
2026-08-03T03:49:03Z,2026-08-03T05:49:03+0200,d815d4ad-795d-45eb-9ad8-9d704f7a3f43,2026-07-11T14:45:00Z,2026-07-11T16:45:00+0200,88.32,EUR/MWh,BE,BE,imbalance_price,Long,2026-08-03T03:49:42Z
2026-08-03T03:49:03Z,2026-08-03T05:49:03+0200,d815d4ad-795d-45eb-9ad8-9d704f7a3f43,2026-07-11T14:45:00Z,2026-07-11T16:45:00+0200,88.32,EUR/MWh,BE,BE,imbalance_price,Short,2026-08-03T03:49:42Z
2026-08-03T03:49:03Z,2026-08-03T05:49:03+0200,d815d4ad-795d-45eb-9ad8-9d704f7a3f43,2026-07-11T15:00:00Z,2026-07-11T17:00:00+0200,88.32,EUR/MWh,BE,BE,imbalance_price,Long,2026-08-03T03:49:42Z
2026-08-03T03:49:03Z,2026-08-03T05:49:03+0200,d815d4ad-795d-45eb-9ad8-9d704f7a3f43,2026-07-11T15:00:00Z,2026-07-11T17:00:00+0200,88.32,EUR/MWh,BE,BE,imbalance_price,Short,2026-08-03T03:49:42Z
2026-08-03T03:49:03Z,2026-08-03T05:49:03+0200,d815d4ad-795d-45eb-9ad8-9d704f7a3f43,2026-07-11T15:15:00Z,2026-07-11T17:15:00+0200,127.18,EUR/MWh,BE,BE,imbalance_price,Long,2026-08-03T03:49:42Z
2026-08-03T03:49:03Z,2026-08-03T05:49:03+0200,d815d4ad-795d-45eb-9ad8-9d704f7a3f43,2026-07-11T15:15:00Z,2026-07-11T17:15:00+0200,127.18,EUR/MWh,BE,BE,imbalance_price,Short,2026-08-03T03:49:42Z
2026-08-03T03:49:03Z,2026-08-03T05:49:03+0200,d815d4ad-795d-45eb-9ad8-9d704f7a3f43,2026-07-11T15:30:00Z,2026-07-11T17:30:00+0200,152.93,EUR/MWh,BE,BE,imbalance_price,Long,2026-08-03T03:49:42Z
2026-08-03T03:49:03Z,2026-08-03T05:49:03+0200,d815d4ad-795d-45eb-9ad8-9d704f7a3f43,2026-07-11T15:30:00Z,2026-07-11T17:30:00+0200,152.93,EUR/MWh,BE,BE,imbalance_price,Short,2026-08-03T03:49:42Z
2026-08-03T03:49:03Z,2026-08-03T05:49:03+0200,d815d4ad-795d-45eb-9ad8-9d704f7a3f43,2026-07-11T15:45:00Z,2026-07-11T17:45:00+0200,128.94,EUR/MWh,BE,BE,imbalance_price,Long,2026-08-03T03:49:42Z
2026-08-03T03:49:03Z,2026-08-03T05:49:03+0200,d815d4ad-795d-45eb-9ad8-9d704f7a3f43,2026-07-11T15:45:00Z,2026-07-11T17:45:00+0200,128.94,EUR/MWh,BE,BE,imbalance_price,Short,2026-08-03T03:49:42Z
2026-08-03T03:49:03Z,2026-08-03T05:49:03+0200,d815d4ad-795d-45eb-9ad8-9d704f7a3f43,2026-07-11T16:00:00Z,2026-07-11T18:00:00+0200,113.28,EUR/MWh,BE,BE,imbalance_price,Long,2026-08-03T03:49:42Z
2026-08-03T03:49:03Z,2026-08-03T05:49:03+0200,d815d4ad-795d-45eb-9ad8-9d704f7a3f43,2026-07-11T16:00:00Z,2026-07-11T18:00:00+0200,113.28,EUR/MWh,BE,BE,imbalance_price,Short,2026-08-03T03:49:42Z
2026-08-03T03:49:03Z,2026-08-03T05:49:03+0200,d815d4ad-795d-45eb-9ad8-9d704f7a3f43,2026-07-11T16:15:00Z,2026-07-11T18:15:00+0200,120.01,EUR/MWh,BE,BE,imbalance_price,Long,2026-08-03T03:49:42Z
2026-08-03T03:49:03Z,2026-08-03T05:49:03+0200,d815d4ad-795d-45eb-9ad8-9d704f7a3f43,2026-07-11T16:15:00Z,2026-07-11T18:15:00+0200,120.01,EUR/MWh,BE,BE,imbalance_price,Short,2026-08-03T03:49:42Z
2026-08-03T03:49:03Z,2026-08-03T05:49:03+0200,d815d4ad-795d-45eb-9ad8-9d704f7a3f43,2026-07-11T16:30:00Z,2026-07-11T18:30:00+0200,98.16,EUR/MWh,BE,BE,imbalance_price,Long,2026-08-03T03:49:42Z
2026-08-03T03:49:03Z,2026-08-03T05:49:03+0200,d815d4ad-795d-45eb-9ad8-9d704f7a3f43,2026-07-11T16:30:00Z,2026-07-11T18:30:00+0200,98.16,EUR/MWh,BE,BE,imbalance_price,Short,2026-08-03T03:49:42Z
2026-08-03T03:49:03Z,2026-08-03T05:49:03+0200,d815d4ad-795d-45eb-9ad8-9d704f7a3f43,2026-07-11T16:45:00Z,2026-07-11T18:45:00+0200,88.32,EUR/MWh,BE,BE,imbalance_price,Long,2026-08-03T03:49:42Z
2026-08-03T03:49:03Z,2026-08-03T05:49:03+0200,d815d4ad-795d-45eb-9ad8-9d704f7a3f43,2026-07-11T16:45:00Z,2026-07-11T18:45:00+0200,88.32,EUR/MWh,BE,BE,imbalance_price,Short,2026-08-03T03:49:42Z
2026-08-03T03:49:03Z,2026-08-03T05:49:03+0200,d815d4ad-795d-45eb-9ad8-9d704f7a3f43,2026-07-11T17:00:00Z,2026-07-11T19:00:00+0200,113.72,EUR/MWh,BE,BE,imbalance_price,Long,2026-08-03T03:49:42Z
2026-08-03T03:49:03Z,2026-08-03T05:49:03+0200,d815d4ad-795d-45eb-9ad8-9d704f7a3f43,2026-07-11T17:00:00Z,2026-07-11T19:00:00+0200,113.72,EUR/MWh,BE,BE,imbalance_price,Short,2026-08-03T03:49:42Z
2026-08-03T03:49:03Z,2026-08-03T05:49:03+0200,d815d4ad-795d-45eb-9ad8-9d704f7a3f43,2026-07-11T17:15:00Z,2026-07-11T19:15:00+0200,100.76,EUR/MWh,BE,BE,imbalance_price,Long,2026-08-03T03:49:42Z
2026-08-03T03:49:03Z,2026-08-03T05:49:03+0200,d815d4ad-795d-45eb-9ad8-9d704f7a3f43,2026-07-11T17:15:00Z,2026-07-11T19:15:00+0200,100.76,EUR/MWh,BE,BE,imbalance_price,Short,2026-08-03T03:49:42Z
2026-08-03T03:49:03Z,2026-08-03T05:49:03+0200,d815d4ad-795d-45eb-9ad8-9d704f7a3f43,2026-07-11T17:30:00Z,2026-07-11T19:30:00+0200,88.32,EUR/MWh,BE,BE,imbalance_price,Long,2026-08-03T03:49:42Z
2026-08-03T03:49:03Z,2026-08-03T05:49:03+0200,d815d4ad-795d-45eb-9ad8-9d704f7a3f43,2026-07-11T17:30:00Z,2026-07-11T19:30:00+0200,88.32,EUR/MWh,BE,BE,imbalance_price,Short,2026-08-03T03:49:42Z
2026-08-03T03:49:03Z,2026-08-03T05:49:03+0200,d815d4ad-795d-45eb-9ad8-9d704f7a3f43,2026-07-11T17:45:00Z,2026-07-11T19:45:00+0200,114.29,EUR/MWh,BE,BE,imbalance_price,Long,2026-08-03T03:49:42Z
2026-08-03T03:49:03Z,2026-08-03T05:49:03+0200,d815d4ad-795d-45eb-9ad8-9d704f7a3f43,2026-07-11T17:45:00Z,2026-07-11T19:45:00+0200,114.29,EUR/MWh,BE,BE,imbalance_price,Short,2026-08-03T03:49:42Z
2026-08-03T03:49:03Z,2026-08-03T05:49:03+0200,d815d4ad-795d-45eb-9ad8-9d704f7a3f43,2026-07-11T18:00:00Z,2026-07-11T20:00:00+0200,135.91,EUR/MWh,BE,BE,imbalance_price,Long,2026-08-03T03:49:42Z
2026-08-03T03:49:03Z,2026-08-03T05:49:03+0200,d815d4ad-795d-45eb-9ad8-9d704f7a3f43,2026-07-11T18:00:00Z,2026-07-11T20:00:00+0200,135.91,EUR/MWh,BE,BE,imbalance_price,Short,2026-08-03T03:49:42Z
2026-08-03T03:49:03Z,2026-08-03T05:49:03+0200,d815d4ad-795d-45eb-9ad8-9d704f7a3f43,2026-07-11T18:15:00Z,2026-07-11T20:15:00+0200,132.46,EUR/MWh,BE,BE,imbalance_price,Long,2026-08-03T03:49:42Z
2026-08-03T03:49:03Z,2026-08-03T05:49:03+0200,d815d4ad-795d-45eb-9ad8-9d704f7a3f43,2026-07-11T18:15:00Z,2026-07-11T20:15:00+0200,132.46,EUR/MWh,BE,BE,imbalance_price,Short,2026-08-03T03:49:42Z
2026-08-03T03:49:03Z,2026-08-03T05:49:03+0200,d815d4ad-795d-45eb-9ad8-9d704f7a3f43,2026-07-11T18:30:00Z,2026-07-11T20:30:00+0200,135.11,EUR/MWh,BE,BE,imbalance_price,Long,2026-08-03T03:49:42Z
2026-08-03T03:49:03Z,2026-08-03T05:49:03+0200,d815d4ad-795d-45eb-9ad8-9d704f7a3f43,2026-07-11T18:30:00Z,2026-07-11T20:30:00+0200,135.11,EUR/MWh,BE,BE,imbalance_price,Short,2026-08-03T03:49:42Z
2026-08-03T03:49:03Z,2026-08-03T05:49:03+0200,d815d4ad-795d-45eb-9ad8-9d704f7a3f43,2026-07-11T18:45:00Z,2026-07-11T20:45:00+0200,151.95,EUR/MWh,BE,BE,imbalance_price,Long,2026-08-03T03:49:42Z
2026-08-03T03:49:03Z,2026-08-03T05:49:03+0200,d815d4ad-795d-45eb-9ad8-9d704f7a3f43,2026-07-11T18:45:00Z,2026-07-11T20:45:00+0200,151.95,EUR/MWh,BE,BE,imbalance_price,Short,2026-08-03T03:49:42Z
2026-08-03T03:49:03Z,2026-08-03T05:49:03+0200,d815d4ad-795d-45eb-9ad8-9d704f7a3f43,2026-07-11T19:00:00Z,2026-07-11T21:00:00+0200,157.55,EUR/MWh,BE,BE,imbalance_price,Long,2026-08-03T03:49:42Z
2026-08-03T03:49:03Z,2026-08-03T05:49:03+0200,d815d4ad-795d-45eb-9ad8-9d704f7a3f43,2026-07-11T19:00:00Z,2026-07-11T21:00:00+0200,157.55,EUR/MWh,BE,BE,imbalance_price,Short,2026-08-03T03:49:42Z
2026-08-03T03:49:03Z,2026-08-03T05:49:03+0200,d815d4ad-795d-45eb-9ad8-9d704f7a3f43,2026-07-11T19:15:00Z,2026-07-11T21:15:00+0200,135.81,EUR/MWh,BE,BE,imbalance_price,Long,2026-08-03T03:49:42Z
2026-08-03T03:49:03Z,2026-08-03T05:49:03+0200,d815d4ad-795d-45eb-9ad8-9d704f7a3f43,2026-07-11T19:15:00Z,2026-07-11T21:15:00+0200,135.81,EUR/MWh,BE,BE,imbalance_price,Short,2026-08-03T03:49:42Z
2026-08-03T03:49:03Z,2026-08-03T05:49:03+0200,d815d4ad-795d-45eb-9ad8-9d704f7a3f43,2026-07-11T19:30:00Z,2026-07-11T21:30:00+0200,124.74,EUR/MWh,BE,BE,imbalance_price,Long,2026-08-03T03:49:42Z
2026-08-03T03:49:03Z,2026-08-03T05:49:03+0200,d815d4ad-795d-45eb-9ad8-9d704f7a3f43,2026-07-11T19:30:00Z,2026-07-11T21:30:00+0200,124.74,EUR/MWh,BE,BE,imbalance_price,Short,2026-08-03T03:49:42Z
2026-08-03T03:49:03Z,2026-08-03T05:49:03+0200,d815d4ad-795d-45eb-9ad8-9d704f7a3f43,2026-07-11T19:45:00Z,2026-07-11T21:45:00+0200,160.07,EUR/MWh,BE,BE,imbalance_price,Long,2026-08-03T03:49:42Z
2026-08-03T03:49:03Z,2026-08-03T05:49:03+0200,d815d4ad-795d-45eb-9ad8-9d704f7a3f43,2026-07-11T19:45:00Z,2026-07-11T21:45:00+0200,160.07,EUR/MWh,BE,BE,imbalance_price,Short,2026-08-03T03:49:42Z
2026-08-03T03:49:03Z,2026-08-03T05:49:03+0200,d815d4ad-795d-45eb-9ad8-9d704f7a3f43,2026-07-11T20:00:00Z,2026-07-11T22:00:00+0200,136.91,EUR/MWh,BE,BE,imbalance_price,Long,2026-08-03T03:49:42Z
2026-08-03T03:49:03Z,2026-08-03T05:49:03+0200,d815d4ad-795d-45eb-9ad8-9d704f7a3f43,2026-07-11T20:00:00Z,2026-07-11T22:00:00+0200,136.91,EUR/MWh,BE,BE,imbalance_price,Short,2026-08-03T03:49:42Z
2026-08-03T03:49:03Z,2026-08-03T05:49:03+0200,d815d4ad-795d-45eb-9ad8-9d704f7a3f43,2026-07-11T20:15:00Z,2026-07-11T22:15:00+0200,139.31,EUR/MWh,BE,BE,imbalance_price,Long,2026-08-03T03:49:42Z
2026-08-03T03:49:03Z,2026-08-03T05:49:03+0200,d815d4ad-795d-45eb-9ad8-9d704f7a3f43,2026-07-11T20:15:00Z,2026-07-11T22:15:00+0200,139.31,EUR/MWh,BE,BE,imbalance_price,Short,2026-08-03T03:49:42Z
2026-08-03T03:49:03Z,2026-08-03T05:49:03+0200,d815d4ad-795d-45eb-9ad8-9d704f7a3f43,2026-07-11T20:30:00Z,2026-07-11T22:30:00+0200,144.43,EUR/MWh,BE,BE,imbalance_price,Long,2026-08-03T03:49:42Z
2026-08-03T03:49:03Z,2026-08-03T05:49:03+0200,d815d4ad-795d-45eb-9ad8-9d704f7a3f43,2026-07-11T20:30:00Z,2026-07-11T22:30:00+0200,144.43,EUR/MWh,BE,BE,imbalance_price,Short,2026-08-03T03:49:42Z
2026-08-03T03:49:03Z,2026-08-03T05:49:03+0200,d815d4ad-795d-45eb-9ad8-9d704f7a3f43,2026-07-11T20:45:00Z,2026-07-11T22:45:00+0200,144.71,EUR/MWh,BE,BE,imbalance_price,Long,2026-08-03T03:49:42Z
2026-08-03T03:49:03Z,2026-08-03T05:49:03+0200,d815d4ad-795d-45eb-9ad8-9d704f7a3f43,2026-07-11T20:45:00Z,2026-07-11T22:45:00+0200,144.71,EUR/MWh,BE,BE,imbalance_price,Short,2026-08-03T03:49:42Z
2026-08-03T03:49:03Z,2026-08-03T05:49:03+0200,d815d4ad-795d-45eb-9ad8-9d704f7a3f43,2026-07-11T21:00:00Z,2026-07-11T23:00:00+0200,144.05,EUR/MWh,BE,BE,imbalance_price,Long,2026-08-03T03:49:42Z
2026-08-03T03:49:03Z,2026-08-03T05:49:03+0200,d815d4ad-795d-45eb-9ad8-9d704f7a3f43,2026-07-11T21:00:00Z,2026-07-11T23:00:00+0200,144.05,EUR/MWh,BE,BE,imbalance_price,Short,2026-08-03T03:49:42Z
2026-08-03T03:49:03Z,2026-08-03T05:49:03+0200,d815d4ad-795d-45eb-9ad8-9d704f7a3f43,2026-07-11T21:15:00Z,2026-07-11T23:15:00+0200,139.66,EUR/MWh,BE,BE,imbalance_price,Long,2026-08-03T03:49:42Z
2026-08-03T03:49:03Z,2026-08-03T05:49:03+0200,d815d4ad-795d-45eb-9ad8-9d704f7a3f43,2026-07-11T21:15:00Z,2026-07-11T23:15:00+0200,139.66,EUR/MWh,BE,BE,imbalance_price,Short,2026-08-03T03:49:42Z
2026-08-03T03:49:03Z,2026-08-03T05:49:03+0200,d815d4ad-795d-45eb-9ad8-9d704f7a3f43,2026-07-11T21:30:00Z,2026-07-11T23:30:00+0200,142.9,EUR/MWh,BE,BE,imbalance_price,Long,2026-08-03T03:49:42Z
2026-08-03T03:49:03Z,2026-08-03T05:49:03+0200,d815d4ad-795d-45eb-9ad8-9d704f7a3f43,2026-07-11T21:30:00Z,2026-07-11T23:30:00+0200,142.9,EUR/MWh,BE,BE,imbalance_price,Short,2026-08-03T03:49:42Z
2026-08-03T03:49:03Z,2026-08-03T05:49:03+0200,d815d4ad-795d-45eb-9ad8-9d704f7a3f43,2026-07-11T21:45:00Z,2026-07-11T23:45:00+0200,133.15,EUR/MWh,BE,BE,imbalance_price,Long,2026-08-03T03:49:42Z
2026-08-03T03:49:03Z,2026-08-03T05:49:03+0200,d815d4ad-795d-45eb-9ad8-9d704f7a3f43,2026-07-11T21:45:00Z,2026-07-11T23:45:00+0200,133.15,EUR/MWh,BE,BE,imbalance_price,Short,2026-08-03T03:49:42Z
2026-08-03T03:49:03Z,2026-08-03T05:49:03+0200,d815d4ad-795d-45eb-9ad8-9d704f7a3f43,2026-07-11T22:00:00Z,2026-07-12T00:00:00+0200,122.69,EUR/MWh,BE,BE,imbalance_price,Long,2026-08-03T03:49:42Z
2026-08-03T03:49:03Z,2026-08-03T05:49:03+0200,d815d4ad-795d-45eb-9ad8-9d704f7a3f43,2026-07-11T22:00:00Z,2026-07-12T00:00:00+0200,122.69,EUR/MWh,BE,BE,imbalance_price,Short,2026-08-03T03:49:42Z
2026-08-03T03:49:03Z,2026-08-03T05:49:03+0200,d815d4ad-795d-45eb-9ad8-9d704f7a3f43,2026-07-11T22:15:00Z,2026-07-12T00:15:00+0200,146.54,EUR/MWh,BE,BE,imbalance_price,Long,2026-08-03T03:49:42Z
2026-08-03T03:49:03Z,2026-08-03T05:49:03+0200,d815d4ad-795d-45eb-9ad8-9d704f7a3f43,2026-07-11T22:15:00Z,2026-07-12T00:15:00+0200,146.54,EUR/MWh,BE,BE,imbalance_price,Short,2026-08-03T03:49:42Z
2026-08-03T03:49:03Z,2026-08-03T05:49:03+0200,d815d4ad-795d-45eb-9ad8-9d704f7a3f43,2026-07-11T22:30:00Z,2026-07-12T00:30:00+0200,126.17,EUR/MWh,BE,BE,imbalance_price,Long,2026-08-03T03:49:42Z
2026-08-03T03:49:03Z,2026-08-03T05:49:03+0200,d815d4ad-795d-45eb-9ad8-9d704f7a3f43,2026-07-11T22:30:00Z,2026-07-12T00:30:00+0200,126.17,EUR/MWh,BE,BE,imbalance_price,Short,2026-08-03T03:49:42Z
2026-08-03T03:49:03Z,2026-08-03T05:49:03+0200,d815d4ad-795d-45eb-9ad8-9d704f7a3f43,2026-07-11T22:45:00Z,2026-07-12T00:45:00+0200,137.67,EUR/MWh,BE,BE,imbalance_price,Long,2026-08-03T03:49:42Z
2026-08-03T03:49:03Z,2026-08-03T05:49:03+0200,d815d4ad-795d-45eb-9ad8-9d704f7a3f43,2026-07-11T22:45:00Z,2026-07-12T00:45:00+0200,137.67,EUR/MWh,BE,BE,imbalance_price,Short,2026-08-03T03:49:42Z
2026-08-03T03:49:03Z,2026-08-03T05:49:03+0200,d815d4ad-795d-45eb-9ad8-9d704f7a3f43,2026-07-11T23:00:00Z,2026-07-12T01:00:00+0200,117.72,EUR/MWh,BE,BE,imbalance_price,Long,2026-08-03T03:49:42Z
2026-08-03T03:49:03Z,2026-08-03T05:49:03+0200,d815d4ad-795d-45eb-9ad8-9d704f7a3f43,2026-07-11T23:00:00Z,2026-07-12T01:00:00+0200,117.72,EUR/MWh,BE,BE,imbalance_price,Short,2026-08-03T03:49:42Z
2026-08-03T03:49:03Z,2026-08-03T05:49:03+0200,d815d4ad-795d-45eb-9ad8-9d704f7a3f43,2026-07-11T23:15:00Z,2026-07-12T01:15:00+0200,146.05,EUR/MWh,BE,BE,imbalance_price,Long,2026-08-03T03:49:42Z
2026-08-03T03:49:03Z,2026-08-03T05:49:03+0200,d815d4ad-795d-45eb-9ad8-9d704f7a3f43,2026-07-11T23:15:00Z,2026-07-12T01:15:00+0200,146.05,EUR/MWh,BE,BE,imbalance_price,Short,2026-08-03T03:49:42Z
2026-08-03T03:49:03Z,2026-08-03T05:49:03+0200,d815d4ad-795d-45eb-9ad8-9d704f7a3f43,2026-07-11T23:30:00Z,2026-07-12T01:30:00+0200,154.28,EUR/MWh,BE,BE,imbalance_price,Long,2026-08-03T03:49:42Z
2026-08-03T03:49:03Z,2026-08-03T05:49:03+0200,d815d4ad-795d-45eb-9ad8-9d704f7a3f43,2026-07-11T23:30:00Z,2026-07-12T01:30:00+0200,154.28,EUR/MWh,BE,BE,imbalance_price,Short,2026-08-03T03:49:42Z
2026-08-03T03:49:03Z,2026-08-03T05:49:03+0200,d815d4ad-795d-45eb-9ad8-9d704f7a3f43,2026-07-11T23:45:00Z,2026-07-12T01:45:00+0200,150.1,EUR/MWh,BE,BE,imbalance_price,Long,2026-08-03T03:49:42Z
2026-08-03T03:49:03Z,2026-08-03T05:49:03+0200,d815d4ad-795d-45eb-9ad8-9d704f7a3f43,2026-07-11T23:45:00Z,2026-07-12T01:45:00+0200,150.1,EUR/MWh,BE,BE,imbalance_price,Short,2026-08-03T03:49:42Z
2026-08-03T03:49:03Z,2026-08-03T05:49:03+0200,d815d4ad-795d-45eb-9ad8-9d704f7a3f43,2026-07-12T00:00:00Z,2026-07-12T02:00:00+0200,120.24,EUR/MWh,BE,BE,imbalance_price,Long,2026-08-03T03:49:42Z
2026-08-03T03:49:03Z,2026-08-03T05:49:03+0200,d815d4ad-795d-45eb-9ad8-9d704f7a3f43,2026-07-12T00:00:00Z,2026-07-12T02:00:00+0200,120.24,EUR/MWh,BE,BE,imbalance_price,Short,2026-08-03T03:49:42Z
2026-08-03T03:49:03Z,2026-08-03T05:49:03+0200,d815d4ad-795d-45eb-9ad8-9d704f7a3f43,2026-07-12T00:15:00Z,2026-07-12T02:15:00+0200,123.75,EUR/MWh,BE,BE,imbalance_price,Long,2026-08-03T03:49:42Z
2026-08-03T03:49:03Z,2026-08-03T05:49:03+0200,d815d4ad-795d-45eb-9ad8-9d704f7a3f43,2026-07-12T00:15:00Z,2026-07-12T02:15:00+0200,123.75,EUR/MWh,BE,BE,imbalance_price,Short,2026-08-03T03:49:42Z
2026-08-03T03:49:03Z,2026-08-03T05:49:03+0200,d815d4ad-795d-45eb-9ad8-9d704f7a3f43,2026-07-12T00:30:00Z,2026-07-12T02:30:00+0200,134.55,EUR/MWh,BE,BE,imbalance_price,Long,2026-08-03T03:49:42Z
2026-08-03T03:49:03Z,2026-08-03T05:49:03+0200,d815d4ad-795d-45eb-9ad8-9d704f7a3f43,2026-07-12T00:30:00Z,2026-07-12T02:30:00+0200,134.55,EUR/MWh,BE,BE,imbalance_price,Short,2026-08-03T03:49:42Z
2026-08-03T03:49:03Z,2026-08-03T05:49:03+0200,d815d4ad-795d-45eb-9ad8-9d704f7a3f43,2026-07-12T00:45:00Z,2026-07-12T02:45:00+0200,104.86,EUR/MWh,BE,BE,imbalance_price,Long,2026-08-03T03:49:42Z
2026-08-03T03:49:03Z,2026-08-03T05:49:03+0200,d815d4ad-795d-45eb-9ad8-9d704f7a3f43,2026-07-12T00:45:00Z,2026-07-12T02:45:00+0200,104.86,EUR/MWh,BE,BE,imbalance_price,Short,2026-08-03T03:49:42Z
2026-08-03T03:49:03Z,2026-08-03T05:49:03+0200,d815d4ad-795d-45eb-9ad8-9d704f7a3f43,2026-07-12T01:00:00Z,2026-07-12T03:00:00+0200,125.28,EUR/MWh,BE,BE,imbalance_price,Long,2026-08-03T03:49:42Z
2026-08-03T03:49:03Z,2026-08-03T05:49:03+0200,d815d4ad-795d-45eb-9ad8-9d704f7a3f43,2026-07-12T01:00:00Z,2026-07-12T03:00:00+0200,125.28,EUR/MWh,BE,BE,imbalance_price,Short,2026-08-03T03:49:42Z
2026-08-03T03:49:03Z,2026-08-03T05:49:03+0200,d815d4ad-795d-45eb-9ad8-9d704f7a3f43,2026-07-12T01:15:00Z,2026-07-12T03:15:00+0200,125.98,EUR/MWh,BE,BE,imbalance_price,Long,2026-08-03T03:49:42Z
2026-08-03T03:49:03Z,2026-08-03T05:49:03+0200,d815d4ad-795d-45eb-9ad8-9d704f7a3f43,2026-07-12T01:15:00Z,2026-07-12T03:15:00+0200,125.98,EUR/MWh,BE,BE,imbalance_price,Short,2026-08-03T03:49:42Z
2026-08-03T03:49:03Z,2026-08-03T05:49:03+0200,d815d4ad-795d-45eb-9ad8-9d704f7a3f43,2026-07-12T01:30:00Z,2026-07-12T03:30:00+0200,134.78,EUR/MWh,BE,BE,imbalance_price,Long,2026-08-03T03:49:42Z
2026-08-03T03:49:03Z,2026-08-03T05:49:03+0200,d815d4ad-795d-45eb-9ad8-9d704f7a3f43,2026-07-12T01:30:00Z,2026-07-12T03:30:00+0200,134.78,EUR/MWh,BE,BE,imbalance_price,Short,2026-08-03T03:49:42Z
2026-08-03T03:49:03Z,2026-08-03T05:49:03+0200,d815d4ad-795d-45eb-9ad8-9d704f7a3f43,2026-07-12T01:45:00Z,2026-07-12T03:45:00+0200,128.88,EUR/MWh,BE,BE,imbalance_price,Long,2026-08-03T03:49:42Z
2026-08-03T03:49:03Z,2026-08-03T05:49:03+0200,d815d4ad-795d-45eb-9ad8-9d704f7a3f43,2026-07-12T01:45:00Z,2026-07-12T03:45:00+0200,128.88,EUR/MWh,BE,BE,imbalance_price,Short,2026-08-03T03:49:42Z
2026-08-03T03:49:03Z,2026-08-03T05:49:03+0200,d815d4ad-795d-45eb-9ad8-9d704f7a3f43,2026-07-12T02:00:00Z,2026-07-12T04:00:00+0200,111.91,EUR/MWh,BE,BE,imbalance_price,Long,2026-08-03T03:49:42Z
2026-08-03T03:49:03Z,2026-08-03T05:49:03+0200,d815d4ad-795d-45eb-9ad8-9d704f7a3f43,2026-07-12T02:00:00Z,2026-07-12T04:00:00+0200,111.91,EUR/MWh,BE,BE,imbalance_price,Short,2026-08-03T03:49:42Z
2026-08-03T03:49:03Z,2026-08-03T05:49:03+0200,d815d4ad-795d-45eb-9ad8-9d704f7a3f43,2026-07-12T02:15:00Z,2026-07-12T04:15:00+0200,117.68,EUR/MWh,BE,BE,imbalance_price,Long,2026-08-03T03:49:42Z
2026-08-03T03:49:03Z,2026-08-03T05:49:03+0200,d815d4ad-795d-45eb-9ad8-9d704f7a3f43,2026-07-12T02:15:00Z,2026-07-12T04:15:00+0200,117.68,EUR/MWh,BE,BE,imbalance_price,Short,2026-08-03T03:49:42Z
2026-08-03T03:49:03Z,2026-08-03T05:49:03+0200,d815d4ad-795d-45eb-9ad8-9d704f7a3f43,2026-07-12T02:30:00Z,2026-07-12T04:30:00+0200,112.77,EUR/MWh,BE,BE,imbalance_price,Long,2026-08-03T03:49:42Z
2026-08-03T03:49:03Z,2026-08-03T05:49:03+0200,d815d4ad-795d-45eb-9ad8-9d704f7a3f43,2026-07-12T02:30:00Z,2026-07-12T04:30:00+0200,112.77,EUR/MWh,BE,BE,imbalance_price,Short,2026-08-03T03:49:42Z
2026-08-03T03:49:03Z,2026-08-03T05:49:03+0200,d815d4ad-795d-45eb-9ad8-9d704f7a3f43,2026-07-12T02:45:00Z,2026-07-12T04:45:00+0200,109.82,EUR/MWh,BE,BE,imbalance_price,Long,2026-08-03T03:49:42Z
2026-08-03T03:49:03Z,2026-08-03T05:49:03+0200,d815d4ad-795d-45eb-9ad8-9d704f7a3f43,2026-07-12T02:45:00Z,2026-07-12T04:45:00+0200,109.82,EUR/MWh,BE,BE,imbalance_price,Short,2026-08-03T03:49:42Z
2026-08-03T03:49:03Z,2026-08-03T05:49:03+0200,d815d4ad-795d-45eb-9ad8-9d704f7a3f43,2026-07-12T03:00:00Z,2026-07-12T05:00:00+0200,113.91,EUR/MWh,BE,BE,imbalance_price,Long,2026-08-03T03:49:42Z
2026-08-03T03:49:03Z,2026-08-03T05:49:03+0200,d815d4ad-795d-45eb-9ad8-9d704f7a3f43,2026-07-12T03:00:00Z,2026-07-12T05:00:00+0200,113.91,EUR/MWh,BE,BE,imbalance_price,Short,2026-08-03T03:49:42Z
2026-08-03T03:49:03Z,2026-08-03T05:49:03+0200,d815d4ad-795d-45eb-9ad8-9d704f7a3f43,2026-07-12T03:15:00Z,2026-07-12T05:15:00+0200,84.29,EUR/MWh,BE,BE,imbalance_price,Long,2026-08-03T03:49:42Z
2026-08-03T03:49:03Z,2026-08-03T05:49:03+0200,d815d4ad-795d-45eb-9ad8-9d704f7a3f43,2026-07-12T03:15:00Z,2026-07-12T05:15:00+0200,84.29,EUR/MWh,BE,BE,imbalance_price,Short,2026-08-03T03:49:42Z
2026-08-03T03:49:03Z,2026-08-03T05:49:03+0200,d815d4ad-795d-45eb-9ad8-9d704f7a3f43,2026-07-12T03:30:00Z,2026-07-12T05:30:00+0200,82.75,EUR/MWh,BE,BE,imbalance_price,Long,2026-08-03T03:49:42Z
2026-08-03T03:49:03Z,2026-08-03T05:49:03+0200,d815d4ad-795d-45eb-9ad8-9d704f7a3f43,2026-07-12T03:30:00Z,2026-07-12T05:30:00+0200,82.75,EUR/MWh,BE,BE,imbalance_price,Short,2026-08-03T03:49:42Z
2026-08-03T03:49:03Z,2026-08-03T05:49:03+0200,d815d4ad-795d-45eb-9ad8-9d704f7a3f43,2026-07-12T03:45:00Z,2026-07-12T05:45:00+0200,110.52,EUR/MWh,BE,BE,imbalance_price,Long,2026-08-03T03:49:42Z
2026-08-03T03:49:03Z,2026-08-03T05:49:03+0200,d815d4ad-795d-45eb-9ad8-9d704f7a3f43,2026-07-12T03:45:00Z,2026-07-12T05:45:00+0200,110.52,EUR/MWh,BE,BE,imbalance_price,Short,2026-08-03T03:49:42Z
2026-08-03T03:49:03Z,2026-08-03T05:49:03+0200,d815d4ad-795d-45eb-9ad8-9d704f7a3f43,2026-07-12T04:00:00Z,2026-07-12T06:00:00+0200,108.19,EUR/MWh,BE,BE,imbalance_price,Long,2026-08-03T03:49:42Z
2026-08-03T03:49:03Z,2026-08-03T05:49:03+0200,d815d4ad-795d-45eb-9ad8-9d704f7a3f43,2026-07-12T04:00:00Z,2026-07-12T06:00:00+0200,108.19,EUR/MWh,BE,BE,imbalance_price,Short,2026-08-03T03:49:42Z
2026-08-03T03:49:03Z,2026-08-03T05:49:03+0200,d815d4ad-795d-45eb-9ad8-9d704f7a3f43,2026-07-12T04:15:00Z,2026-07-12T06:15:00+0200,117.28,EUR/MWh,BE,BE,imbalance_price,Long,2026-08-03T03:49:42Z
2026-08-03T03:49:03Z,2026-08-03T05:49:03+0200,d815d4ad-795d-45eb-9ad8-9d704f7a3f43,2026-07-12T04:15:00Z,2026-07-12T06:15:00+0200,117.28,EUR/MWh,BE,BE,imbalance_price,Short,2026-08-03T03:49:42Z
2026-08-03T03:49:03Z,2026-08-03T05:49:03+0200,d815d4ad-795d-45eb-9ad8-9d704f7a3f43,2026-07-12T04:30:00Z,2026-07-12T06:30:00+0200,124.45,EUR/MWh,BE,BE,imbalance_price,Long,2026-08-03T03:49:42Z
2026-08-03T03:49:03Z,2026-08-03T05:49:03+0200,d815d4ad-795d-45eb-9ad8-9d704f7a3f43,2026-07-12T04:30:00Z,2026-07-12T06:30:00+0200,124.45,EUR/MWh,BE,BE,imbalance_price,Short,2026-08-03T03:49:42Z
2026-08-03T03:49:03Z,2026-08-03T05:49:03+0200,d815d4ad-795d-45eb-9ad8-9d704f7a3f43,2026-07-12T04:45:00Z,2026-07-12T06:45:00+0200,148.15,EUR/MWh,BE,BE,imbalance_price,Long,2026-08-03T03:49:42Z
2026-08-03T03:49:03Z,2026-08-03T05:49:03+0200,d815d4ad-795d-45eb-9ad8-9d704f7a3f43,2026-07-12T04:45:00Z,2026-07-12T06:45:00+0200,148.15,EUR/MWh,BE,BE,imbalance_price,Short,2026-08-03T03:49:42Z
2026-08-03T03:49:03Z,2026-08-03T05:49:03+0200,d815d4ad-795d-45eb-9ad8-9d704f7a3f43,2026-07-12T05:00:00Z,2026-07-12T07:00:00+0200,223.91,EUR/MWh,BE,BE,imbalance_price,Long,2026-08-03T03:49:42Z
2026-08-03T03:49:03Z,2026-08-03T05:49:03+0200,d815d4ad-795d-45eb-9ad8-9d704f7a3f43,2026-07-12T05:00:00Z,2026-07-12T07:00:00+0200,223.91,EUR/MWh,BE,BE,imbalance_price,Short,2026-08-03T03:49:42Z
2026-08-03T03:49:03Z,2026-08-03T05:49:03+0200,d815d4ad-795d-45eb-9ad8-9d704f7a3f43,2026-07-12T05:15:00Z,2026-07-12T07:15:00+0200,121.04,EUR/MWh,BE,BE,imbalance_price,Long,2026-08-03T03:49:42Z
2026-08-03T03:49:03Z,2026-08-03T05:49:03+0200,d815d4ad-795d-45eb-9ad8-9d704f7a3f43,2026-07-12T05:15:00Z,2026-07-12T07:15:00+0200,121.04,EUR/MWh,BE,BE,imbalance_price,Short,2026-08-03T03:49:42Z
2026-08-03T03:49:03Z,2026-08-03T05:49:03+0200,d815d4ad-795d-45eb-9ad8-9d704f7a3f43,2026-07-12T05:30:00Z,2026-07-12T07:30:00+0200,47.0,EUR/MWh,BE,BE,imbalance_price,Long,2026-08-03T03:49:42Z
2026-08-03T03:49:03Z,2026-08-03T05:49:03+0200,d815d4ad-795d-45eb-9ad8-9d704f7a3f43,2026-07-12T05:30:00Z,2026-07-12T07:30:00+0200,47.0,EUR/MWh,BE,BE,imbalance_price,Short,2026-08-03T03:49:42Z
2026-08-03T03:49:03Z,2026-08-03T05:49:03+0200,d815d4ad-795d-45eb-9ad8-9d704f7a3f43,2026-07-12T05:45:00Z,2026-07-12T07:45:00+0200,47.0,EUR/MWh,BE,BE,imbalance_price,Long,2026-08-03T03:49:42Z
2026-08-03T03:49:03Z,2026-08-03T05:49:03+0200,d815d4ad-795d-45eb-9ad8-9d704f7a3f43,2026-07-12T05:45:00Z,2026-07-12T07:45:00+0200,47.0,EUR/MWh,BE,BE,imbalance_price,Short,2026-08-03T03:49:42Z
2026-08-03T03:49:03Z,2026-08-03T05:49:03+0200,d815d4ad-795d-45eb-9ad8-9d704f7a3f43,2026-07-12T06:00:00Z,2026-07-12T08:00:00+0200,66.2,EUR/MWh,BE,BE,imbalance_price,Long,2026-08-03T03:49:42Z
2026-08-03T03:49:03Z,2026-08-03T05:49:03+0200,d815d4ad-795d-45eb-9ad8-9d704f7a3f43,2026-07-12T06:00:00Z,2026-07-12T08:00:00+0200,66.2,EUR/MWh,BE,BE,imbalance_price,Short,2026-08-03T03:49:42Z
2026-08-03T03:49:03Z,2026-08-03T05:49:03+0200,d815d4ad-795d-45eb-9ad8-9d704f7a3f43,2026-07-12T06:15:00Z,2026-07-12T08:15:00+0200,17.95,EUR/MWh,BE,BE,imbalance_price,Long,2026-08-03T03:49:42Z
2026-08-03T03:49:03Z,2026-08-03T05:49:03+0200,d815d4ad-795d-45eb-9ad8-9d704f7a3f43,2026-07-12T06:15:00Z,2026-07-12T08:15:00+0200,17.95,EUR/MWh,BE,BE,imbalance_price,Short,2026-08-03T03:49:42Z
2026-08-03T03:49:03Z,2026-08-03T05:49:03+0200,d815d4ad-795d-45eb-9ad8-9d704f7a3f43,2026-07-12T06:30:00Z,2026-07-12T08:30:00+0200,-0.13,EUR/MWh,BE,BE,imbalance_price,Long,2026-08-03T03:49:42Z
2026-08-03T03:49:03Z,2026-08-03T05:49:03+0200,d815d4ad-795d-45eb-9ad8-9d704f7a3f43,2026-07-12T06:30:00Z,2026-07-12T08:30:00+0200,-0.13,EUR/MWh,BE,BE,imbalance_price,Short,2026-08-03T03:49:42Z
2026-08-03T03:49:03Z,2026-08-03T05:49:03+0200,d815d4ad-795d-45eb-9ad8-9d704f7a3f43,2026-07-12T06:45:00Z,2026-07-12T08:45:00+0200,-25.27,EUR/MWh,BE,BE,imbalance_price,Long,2026-08-03T03:49:42Z
2026-08-03T03:49:03Z,2026-08-03T05:49:03+0200,d815d4ad-795d-45eb-9ad8-9d704f7a3f43,2026-07-12T06:45:00Z,2026-07-12T08:45:00+0200,-25.27,EUR/MWh,BE,BE,imbalance_price,Short,2026-08-03T03:49:42Z
2026-08-03T03:49:03Z,2026-08-03T05:49:03+0200,d815d4ad-795d-45eb-9ad8-9d704f7a3f43,2026-07-12T07:00:00Z,2026-07-12T09:00:00+0200,0.77,EUR/MWh,BE,BE,imbalance_price,Long,2026-08-03T03:49:42Z
2026-08-03T03:49:03Z,2026-08-03T05:49:03+0200,d815d4ad-795d-45eb-9ad8-9d704f7a3f43,2026-07-12T07:00:00Z,2026-07-12T09:00:00+0200,0.77,EUR/MWh,BE,BE,imbalance_price,Short,2026-08-03T03:49:42Z
2026-08-03T03:49:03Z,2026-08-03T05:49:03+0200,d815d4ad-795d-45eb-9ad8-9d704f7a3f43,2026-07-12T07:15:00Z,2026-07-12T09:15:00+0200,-13.16,EUR/MWh,BE,BE,imbalance_price,Long,2026-08-03T03:49:42Z
2026-08-03T03:49:03Z,2026-08-03T05:49:03+0200,d815d4ad-795d-45eb-9ad8-9d704f7a3f43,2026-07-12T07:15:00Z,2026-07-12T09:15:00+0200,-13.16,EUR/MWh,BE,BE,imbalance_price,Short,2026-08-03T03:49:42Z
2026-08-03T03:49:03Z,2026-08-03T05:49:03+0200,d815d4ad-795d-45eb-9ad8-9d704f7a3f43,2026-07-12T07:30:00Z,2026-07-12T09:30:00+0200,-9.64,EUR/MWh,BE,BE,imbalance_price,Long,2026-08-03T03:49:42Z
2026-08-03T03:49:03Z,2026-08-03T05:49:03+0200,d815d4ad-795d-45eb-9ad8-9d704f7a3f43,2026-07-12T07:30:00Z,2026-07-12T09:30:00+0200,-9.64,EUR/MWh,BE,BE,imbalance_price,Short,2026-08-03T03:49:42Z
2026-08-03T03:49:03Z,2026-08-03T05:49:03+0200,d815d4ad-795d-45eb-9ad8-9d704f7a3f43,2026-07-12T07:45:00Z,2026-07-12T09:45:00+0200,-27.95,EUR/MWh,BE,BE,imbalance_price,Long,2026-08-03T03:49:42Z
2026-08-03T03:49:03Z,2026-08-03T05:49:03+0200,d815d4ad-795d-45eb-9ad8-9d704f7a3f43,2026-07-12T07:45:00Z,2026-07-12T09:45:00+0200,-27.95,EUR/MWh,BE,BE,imbalance_price,Short,2026-08-03T03:49:42Z
2026-08-03T03:49:03Z,2026-08-03T05:49:03+0200,d815d4ad-795d-45eb-9ad8-9d704f7a3f43,2026-07-12T08:00:00Z,2026-07-12T10:00:00+0200,-4.55,EUR/MWh,BE,BE,imbalance_price,Long,2026-08-03T03:49:42Z
2026-08-03T03:49:03Z,2026-08-03T05:49:03+0200,d815d4ad-795d-45eb-9ad8-9d704f7a3f43,2026-07-12T08:00:00Z,2026-07-12T10:00:00+0200,-4.55,EUR/MWh,BE,BE,imbalance_price,Short,2026-08-03T03:49:42Z
2026-08-03T03:49:03Z,2026-08-03T05:49:03+0200,d815d4ad-795d-45eb-9ad8-9d704f7a3f43,2026-07-12T08:15:00Z,2026-07-12T10:15:00+0200,-19.53,EUR/MWh,BE,BE,imbalance_price,Long,2026-08-03T03:49:42Z
2026-08-03T03:49:03Z,2026-08-03T05:49:03+0200,d815d4ad-795d-45eb-9ad8-9d704f7a3f43,2026-07-12T08:15:00Z,2026-07-12T10:15:00+0200,-19.53,EUR/MWh,BE,BE,imbalance_price,Short,2026-08-03T03:49:42Z
2026-08-03T03:49:03Z,2026-08-03T05:49:03+0200,d815d4ad-795d-45eb-9ad8-9d704f7a3f43,2026-07-12T08:30:00Z,2026-07-12T10:30:00+0200,-24.24,EUR/MWh,BE,BE,imbalance_price,Long,2026-08-03T03:49:42Z
2026-08-03T03:49:03Z,2026-08-03T05:49:03+0200,d815d4ad-795d-45eb-9ad8-9d704f7a3f43,2026-07-12T08:30:00Z,2026-07-12T10:30:00+0200,-24.24,EUR/MWh,BE,BE,imbalance_price,Short,2026-08-03T03:49:42Z
2026-08-03T03:49:03Z,2026-08-03T05:49:03+0200,d815d4ad-795d-45eb-9ad8-9d704f7a3f43,2026-07-12T08:45:00Z,2026-07-12T10:45:00+0200,-16.31,EUR/MWh,BE,BE,imbalance_price,Long,2026-08-03T03:49:42Z
2026-08-03T03:49:03Z,2026-08-03T05:49:03+0200,d815d4ad-795d-45eb-9ad8-9d704f7a3f43,2026-07-12T08:45:00Z,2026-07-12T10:45:00+0200,-16.31,EUR/MWh,BE,BE,imbalance_price,Short,2026-08-03T03:49:42Z
2026-08-03T03:49:03Z,2026-08-03T05:49:03+0200,d815d4ad-795d-45eb-9ad8-9d704f7a3f43,2026-07-12T09:00:00Z,2026-07-12T11:00:00+0200,0.03,EUR/MWh,BE,BE,imbalance_price,Long,2026-08-03T03:49:42Z
2026-08-03T03:49:03Z,2026-08-03T05:49:03+0200,d815d4ad-795d-45eb-9ad8-9d704f7a3f43,2026-07-12T09:00:00Z,2026-07-12T11:00:00+0200,0.03,EUR/MWh,BE,BE,imbalance_price,Short,2026-08-03T03:49:42Z
2026-08-03T03:49:03Z,2026-08-03T05:49:03+0200,d815d4ad-795d-45eb-9ad8-9d704f7a3f43,2026-07-12T09:15:00Z,2026-07-12T11:15:00+0200,-0.31,EUR/MWh,BE,BE,imbalance_price,Long,2026-08-03T03:49:42Z
2026-08-03T03:49:03Z,2026-08-03T05:49:03+0200,d815d4ad-795d-45eb-9ad8-9d704f7a3f43,2026-07-12T09:15:00Z,2026-07-12T11:15:00+0200,-0.31,EUR/MWh,BE,BE,imbalance_price,Short,2026-08-03T03:49:42Z
2026-08-03T03:49:03Z,2026-08-03T05:49:03+0200,d815d4ad-795d-45eb-9ad8-9d704f7a3f43,2026-07-12T09:30:00Z,2026-07-12T11:30:00+0200,-0.55,EUR/MWh,BE,BE,imbalance_price,Long,2026-08-03T03:49:42Z
2026-08-03T03:49:03Z,2026-08-03T05:49:03+0200,d815d4ad-795d-45eb-9ad8-9d704f7a3f43,2026-07-12T09:30:00Z,2026-07-12T11:30:00+0200,-0.55,EUR/MWh,BE,BE,imbalance_price,Short,2026-08-03T03:49:42Z
2026-08-03T03:49:03Z,2026-08-03T05:49:03+0200,d815d4ad-795d-45eb-9ad8-9d704f7a3f43,2026-07-12T09:45:00Z,2026-07-12T11:45:00+0200,-1.0,EUR/MWh,BE,BE,imbalance_price,Long,2026-08-03T03:49:42Z
2026-08-03T03:49:03Z,2026-08-03T05:49:03+0200,d815d4ad-795d-45eb-9ad8-9d704f7a3f43,2026-07-12T09:45:00Z,2026-07-12T11:45:00+0200,-1.0,EUR/MWh,BE,BE,imbalance_price,Short,2026-08-03T03:49:42Z
2026-08-03T03:49:03Z,2026-08-03T05:49:03+0200,d815d4ad-795d-45eb-9ad8-9d704f7a3f43,2026-07-12T10:00:00Z,2026-07-12T12:00:00+0200,3.06,EUR/MWh,BE,BE,imbalance_price,Long,2026-08-03T03:49:42Z
2026-08-03T03:49:03Z,2026-08-03T05:49:03+0200,d815d4ad-795d-45eb-9ad8-9d704f7a3f43,2026-07-12T10:00:00Z,2026-07-12T12:00:00+0200,3.06,EUR/MWh,BE,BE,imbalance_price,Short,2026-08-03T03:49:42Z
2026-08-03T03:49:03Z,2026-08-03T05:49:03+0200,d815d4ad-795d-45eb-9ad8-9d704f7a3f43,2026-07-12T10:15:00Z,2026-07-12T12:15:00+0200,5.56,EUR/MWh,BE,BE,imbalance_price,Long,2026-08-03T03:49:42Z
2026-08-03T03:49:03Z,2026-08-03T05:49:03+0200,d815d4ad-795d-45eb-9ad8-9d704f7a3f43,2026-07-12T10:15:00Z,2026-07-12T12:15:00+0200,5.56,EUR/MWh,BE,BE,imbalance_price,Short,2026-08-03T03:49:42Z
2026-08-03T03:49:03Z,2026-08-03T05:49:03+0200,d815d4ad-795d-45eb-9ad8-9d704f7a3f43,2026-07-12T10:30:00Z,2026-07-12T12:30:00+0200,6.51,EUR/MWh,BE,BE,imbalance_price,Long,2026-08-03T03:49:42Z
2026-08-03T03:49:03Z,2026-08-03T05:49:03+0200,d815d4ad-795d-45eb-9ad8-9d704f7a3f43,2026-07-12T10:30:00Z,2026-07-12T12:30:00+0200,6.51,EUR/MWh,BE,BE,imbalance_price,Short,2026-08-03T03:49:42Z
2026-08-03T03:49:03Z,2026-08-03T05:49:03+0200,d815d4ad-795d-45eb-9ad8-9d704f7a3f43,2026-07-12T10:45:00Z,2026-07-12T12:45:00+0200,5.59,EUR/MWh,BE,BE,imbalance_price,Long,2026-08-03T03:49:42Z
2026-08-03T03:49:03Z,2026-08-03T05:49:03+0200,d815d4ad-795d-45eb-9ad8-9d704f7a3f43,2026-07-12T10:45:00Z,2026-07-12T12:45:00+0200,5.59,EUR/MWh,BE,BE,imbalance_price,Short,2026-08-03T03:49:42Z
2026-08-03T03:49:03Z,2026-08-03T05:49:03+0200,d815d4ad-795d-45eb-9ad8-9d704f7a3f43,2026-07-12T11:00:00Z,2026-07-12T13:00:00+0200,-3.28,EUR/MWh,BE,BE,imbalance_price,Long,2026-08-03T03:49:42Z
2026-08-03T03:49:03Z,2026-08-03T05:49:03+0200,d815d4ad-795d-45eb-9ad8-9d704f7a3f43,2026-07-12T11:00:00Z,2026-07-12T13:00:00+0200,-3.28,EUR/MWh,BE,BE,imbalance_price,Short,2026-08-03T03:49:42Z
2026-08-03T03:49:03Z,2026-08-03T05:49:03+0200,d815d4ad-795d-45eb-9ad8-9d704f7a3f43,2026-07-12T11:15:00Z,2026-07-12T13:15:00+0200,-6.87,EUR/MWh,BE,BE,imbalance_price,Long,2026-08-03T03:49:42Z
2026-08-03T03:49:03Z,2026-08-03T05:49:03+0200,d815d4ad-795d-45eb-9ad8-9d704f7a3f43,2026-07-12T11:15:00Z,2026-07-12T13:15:00+0200,-6.87,EUR/MWh,BE,BE,imbalance_price,Short,2026-08-03T03:49:42Z
2026-08-03T03:49:03Z,2026-08-03T05:49:03+0200,d815d4ad-795d-45eb-9ad8-9d704f7a3f43,2026-07-12T11:30:00Z,2026-07-12T13:30:00+0200,0.62,EUR/MWh,BE,BE,imbalance_price,Long,2026-08-03T03:49:42Z
2026-08-03T03:49:03Z,2026-08-03T05:49:03+0200,d815d4ad-795d-45eb-9ad8-9d704f7a3f43,2026-07-12T11:30:00Z,2026-07-12T13:30:00+0200,0.62,EUR/MWh,BE,BE,imbalance_price,Short,2026-08-03T03:49:42Z
2026-08-03T03:49:03Z,2026-08-03T05:49:03+0200,d815d4ad-795d-45eb-9ad8-9d704f7a3f43,2026-07-12T11:45:00Z,2026-07-12T13:45:00+0200,-6.08,EUR/MWh,BE,BE,imbalance_price,Long,2026-08-03T03:49:42Z
2026-08-03T03:49:03Z,2026-08-03T05:49:03+0200,d815d4ad-795d-45eb-9ad8-9d704f7a3f43,2026-07-12T11:45:00Z,2026-07-12T13:45:00+0200,-6.08,EUR/MWh,BE,BE,imbalance_price,Short,2026-08-03T03:49:42Z
2026-08-03T03:49:03Z,2026-08-03T05:49:03+0200,d815d4ad-795d-45eb-9ad8-9d704f7a3f43,2026-07-12T12:00:00Z,2026-07-12T14:00:00+0200,-6.43,EUR/MWh,BE,BE,imbalance_price,Long,2026-08-03T03:49:42Z
2026-08-03T03:49:03Z,2026-08-03T05:49:03+0200,d815d4ad-795d-45eb-9ad8-9d704f7a3f43,2026-07-12T12:00:00Z,2026-07-12T14:00:00+0200,-6.43,EUR/MWh,BE,BE,imbalance_price,Short,2026-08-03T03:49:42Z
2026-08-03T03:49:03Z,2026-08-03T05:49:03+0200,d815d4ad-795d-45eb-9ad8-9d704f7a3f43,2026-07-12T12:15:00Z,2026-07-12T14:15:00+0200,4.85,EUR/MWh,BE,BE,imbalance_price,Long,2026-08-03T03:49:42Z
2026-08-03T03:49:03Z,2026-08-03T05:49:03+0200,d815d4ad-795d-45eb-9ad8-9d704f7a3f43,2026-07-12T12:15:00Z,2026-07-12T14:15:00+0200,4.85,EUR/MWh,BE,BE,imbalance_price,Short,2026-08-03T03:49:42Z
2026-08-03T03:49:03Z,2026-08-03T05:49:03+0200,d815d4ad-795d-45eb-9ad8-9d704f7a3f43,2026-07-12T12:30:00Z,2026-07-12T14:30:00+0200,6.36,EUR/MWh,BE,BE,imbalance_price,Long,2026-08-03T03:49:42Z
2026-08-03T03:49:03Z,2026-08-03T05:49:03+0200,d815d4ad-795d-45eb-9ad8-9d704f7a3f43,2026-07-12T12:30:00Z,2026-07-12T14:30:00+0200,6.36,EUR/MWh,BE,BE,imbalance_price,Short,2026-08-03T03:49:42Z
2026-08-03T03:49:03Z,2026-08-03T05:49:03+0200,d815d4ad-795d-45eb-9ad8-9d704f7a3f43,2026-07-12T12:45:00Z,2026-07-12T14:45:00+0200,-7.75,EUR/MWh,BE,BE,imbalance_price,Long,2026-08-03T03:49:42Z
2026-08-03T03:49:03Z,2026-08-03T05:49:03+0200,d815d4ad-795d-45eb-9ad8-9d704f7a3f43,2026-07-12T12:45:00Z,2026-07-12T14:45:00+0200,-7.75,EUR/MWh,BE,BE,imbalance_price,Short,2026-08-03T03:49:42Z
2026-08-03T03:49:03Z,2026-08-03T05:49:03+0200,d815d4ad-795d-45eb-9ad8-9d704f7a3f43,2026-07-12T13:00:00Z,2026-07-12T15:00:00+0200,-18.01,EUR/MWh,BE,BE,imbalance_price,Long,2026-08-03T03:49:42Z
2026-08-03T03:49:03Z,2026-08-03T05:49:03+0200,d815d4ad-795d-45eb-9ad8-9d704f7a3f43,2026-07-12T13:00:00Z,2026-07-12T15:00:00+0200,-18.01,EUR/MWh,BE,BE,imbalance_price,Short,2026-08-03T03:49:42Z
2026-08-03T03:49:03Z,2026-08-03T05:49:03+0200,d815d4ad-795d-45eb-9ad8-9d704f7a3f43,2026-07-12T13:15:00Z,2026-07-12T15:15:00+0200,-3.25,EUR/MWh,BE,BE,imbalance_price,Long,2026-08-03T03:49:42Z
2026-08-03T03:49:03Z,2026-08-03T05:49:03+0200,d815d4ad-795d-45eb-9ad8-9d704f7a3f43,2026-07-12T13:15:00Z,2026-07-12T15:15:00+0200,-3.25,EUR/MWh,BE,BE,imbalance_price,Short,2026-08-03T03:49:42Z
2026-08-03T03:49:03Z,2026-08-03T05:49:03+0200,d815d4ad-795d-45eb-9ad8-9d704f7a3f43,2026-07-12T13:30:00Z,2026-07-12T15:30:00+0200,-0.11,EUR/MWh,BE,BE,imbalance_price,Long,2026-08-03T03:49:42Z
2026-08-03T03:49:03Z,2026-08-03T05:49:03+0200,d815d4ad-795d-45eb-9ad8-9d704f7a3f43,2026-07-12T13:30:00Z,2026-07-12T15:30:00+0200,-0.11,EUR/MWh,BE,BE,imbalance_price,Short,2026-08-03T03:49:42Z
2026-08-03T03:49:03Z,2026-08-03T05:49:03+0200,d815d4ad-795d-45eb-9ad8-9d704f7a3f43,2026-07-12T13:45:00Z,2026-07-12T15:45:00+0200,2.51,EUR/MWh,BE,BE,imbalance_price,Long,2026-08-03T03:49:42Z
2026-08-03T03:49:03Z,2026-08-03T05:49:03+0200,d815d4ad-795d-45eb-9ad8-9d704f7a3f43,2026-07-12T13:45:00Z,2026-07-12T15:45:00+0200,2.51,EUR/MWh,BE,BE,imbalance_price,Short,2026-08-03T03:49:42Z
2026-08-03T03:49:03Z,2026-08-03T05:49:03+0200,d815d4ad-795d-45eb-9ad8-9d704f7a3f43,2026-07-12T14:00:00Z,2026-07-12T16:00:00+0200,-0.89,EUR/MWh,BE,BE,imbalance_price,Long,2026-08-03T03:49:42Z
2026-08-03T03:49:03Z,2026-08-03T05:49:03+0200,d815d4ad-795d-45eb-9ad8-9d704f7a3f43,2026-07-12T14:00:00Z,2026-07-12T16:00:00+0200,-0.89,EUR/MWh,BE,BE,imbalance_price,Short,2026-08-03T03:49:42Z
2026-08-03T03:49:03Z,2026-08-03T05:49:03+0200,d815d4ad-795d-45eb-9ad8-9d704f7a3f43,2026-07-12T14:15:00Z,2026-07-12T16:15:00+0200,-6.45,EUR/MWh,BE,BE,imbalance_price,Long,2026-08-03T03:49:42Z
2026-08-03T03:49:03Z,2026-08-03T05:49:03+0200,d815d4ad-795d-45eb-9ad8-9d704f7a3f43,2026-07-12T14:15:00Z,2026-07-12T16:15:00+0200,-6.45,EUR/MWh,BE,BE,imbalance_price,Short,2026-08-03T03:49:42Z
2026-08-03T03:49:03Z,2026-08-03T05:49:03+0200,d815d4ad-795d-45eb-9ad8-9d704f7a3f43,2026-07-12T14:30:00Z,2026-07-12T16:30:00+0200,-10.59,EUR/MWh,BE,BE,imbalance_price,Long,2026-08-03T03:49:42Z
2026-08-03T03:49:03Z,2026-08-03T05:49:03+0200,d815d4ad-795d-45eb-9ad8-9d704f7a3f43,2026-07-12T14:30:00Z,2026-07-12T16:30:00+0200,-10.59,EUR/MWh,BE,BE,imbalance_price,Short,2026-08-03T03:49:42Z
2026-08-03T03:49:03Z,2026-08-03T05:49:03+0200,d815d4ad-795d-45eb-9ad8-9d704f7a3f43,2026-07-12T14:45:00Z,2026-07-12T16:45:00+0200,-18.16,EUR/MWh,BE,BE,imbalance_price,Long,2026-08-03T03:49:42Z
2026-08-03T03:49:03Z,2026-08-03T05:49:03+0200,d815d4ad-795d-45eb-9ad8-9d704f7a3f43,2026-07-12T14:45:00Z,2026-07-12T16:45:00+0200,-18.16,EUR/MWh,BE,BE,imbalance_price,Short,2026-08-03T03:49:42Z
2026-08-03T03:49:03Z,2026-08-03T05:49:03+0200,d815d4ad-795d-45eb-9ad8-9d704f7a3f43,2026-07-12T15:00:00Z,2026-07-12T17:00:00+0200,-0.97,EUR/MWh,BE,BE,imbalance_price,Long,2026-08-03T03:49:42Z
2026-08-03T03:49:03Z,2026-08-03T05:49:03+0200,d815d4ad-795d-45eb-9ad8-9d704f7a3f43,2026-07-12T15:00:00Z,2026-07-12T17:00:00+0200,-0.97,EUR/MWh,BE,BE,imbalance_price,Short,2026-08-03T03:49:42Z
2026-08-03T03:49:03Z,2026-08-03T05:49:03+0200,d815d4ad-795d-45eb-9ad8-9d704f7a3f43,2026-07-12T15:15:00Z,2026-07-12T17:15:00+0200,-56.95,EUR/MWh,BE,BE,imbalance_price,Long,2026-08-03T03:49:42Z
2026-08-03T03:49:03Z,2026-08-03T05:49:03+0200,d815d4ad-795d-45eb-9ad8-9d704f7a3f43,2026-07-12T15:15:00Z,2026-07-12T17:15:00+0200,-56.95,EUR/MWh,BE,BE,imbalance_price,Short,2026-08-03T03:49:42Z
2026-08-03T03:49:03Z,2026-08-03T05:49:03+0200,d815d4ad-795d-45eb-9ad8-9d704f7a3f43,2026-07-12T15:30:00Z,2026-07-12T17:30:00+0200,-11.98,EUR/MWh,BE,BE,imbalance_price,Long,2026-08-03T03:49:42Z
2026-08-03T03:49:03Z,2026-08-03T05:49:03+0200,d815d4ad-795d-45eb-9ad8-9d704f7a3f43,2026-07-12T15:30:00Z,2026-07-12T17:30:00+0200,-11.98,EUR/MWh,BE,BE,imbalance_price,Short,2026-08-03T03:49:42Z
2026-08-03T03:49:03Z,2026-08-03T05:49:03+0200,d815d4ad-795d-45eb-9ad8-9d704f7a3f43,2026-07-12T15:45:00Z,2026-07-12T17:45:00+0200,-13.28,EUR/MWh,BE,BE,imbalance_price,Long,2026-08-03T03:49:42Z
2026-08-03T03:49:03Z,2026-08-03T05:49:03+0200,d815d4ad-795d-45eb-9ad8-9d704f7a3f43,2026-07-12T15:45:00Z,2026-07-12T17:45:00+0200,-13.28,EUR/MWh,BE,BE,imbalance_price,Short,2026-08-03T03:49:42Z
2026-08-03T03:49:03Z,2026-08-03T05:49:03+0200,d815d4ad-795d-45eb-9ad8-9d704f7a3f43,2026-07-12T16:00:00Z,2026-07-12T18:00:00+0200,52.59,EUR/MWh,BE,BE,imbalance_price,Long,2026-08-03T03:49:42Z
2026-08-03T03:49:03Z,2026-08-03T05:49:03+0200,d815d4ad-795d-45eb-9ad8-9d704f7a3f43,2026-07-12T16:00:00Z,2026-07-12T18:00:00+0200,52.59,EUR/MWh,BE,BE,imbalance_price,Short,2026-08-03T03:49:42Z
2026-08-03T03:49:03Z,2026-08-03T05:49:03+0200,d815d4ad-795d-45eb-9ad8-9d704f7a3f43,2026-07-12T16:15:00Z,2026-07-12T18:15:00+0200,81.1,EUR/MWh,BE,BE,imbalance_price,Long,2026-08-03T03:49:42Z
2026-08-03T03:49:03Z,2026-08-03T05:49:03+0200,d815d4ad-795d-45eb-9ad8-9d704f7a3f43,2026-07-12T16:15:00Z,2026-07-12T18:15:00+0200,81.1,EUR/MWh,BE,BE,imbalance_price,Short,2026-08-03T03:49:42Z
2026-08-03T03:49:03Z,2026-08-03T05:49:03+0200,d815d4ad-795d-45eb-9ad8-9d704f7a3f43,2026-07-12T16:30:00Z,2026-07-12T18:30:00+0200,26.4,EUR/MWh,BE,BE,imbalance_price,Long,2026-08-03T03:49:42Z
2026-08-03T03:49:03Z,2026-08-03T05:49:03+0200,d815d4ad-795d-45eb-9ad8-9d704f7a3f43,2026-07-12T16:30:00Z,2026-07-12T18:30:00+0200,26.4,EUR/MWh,BE,BE,imbalance_price,Short,2026-08-03T03:49:42Z
2026-08-03T03:49:03Z,2026-08-03T05:49:03+0200,d815d4ad-795d-45eb-9ad8-9d704f7a3f43,2026-07-12T16:45:00Z,2026-07-12T18:45:00+0200,69.68,EUR/MWh,BE,BE,imbalance_price,Long,2026-08-03T03:49:42Z
2026-08-03T03:49:03Z,2026-08-03T05:49:03+0200,d815d4ad-795d-45eb-9ad8-9d704f7a3f43,2026-07-12T16:45:00Z,2026-07-12T18:45:00+0200,69.68,EUR/MWh,BE,BE,imbalance_price,Short,2026-08-03T03:49:42Z
2026-08-03T03:49:03Z,2026-08-03T05:49:03+0200,d815d4ad-795d-45eb-9ad8-9d704f7a3f43,2026-07-12T17:00:00Z,2026-07-12T19:00:00+0200,78.12,EUR/MWh,BE,BE,imbalance_price,Long,2026-08-03T03:49:42Z
2026-08-03T03:49:03Z,2026-08-03T05:49:03+0200,d815d4ad-795d-45eb-9ad8-9d704f7a3f43,2026-07-12T17:00:00Z,2026-07-12T19:00:00+0200,78.12,EUR/MWh,BE,BE,imbalance_price,Short,2026-08-03T03:49:42Z
2026-08-03T03:49:03Z,2026-08-03T05:49:03+0200,d815d4ad-795d-45eb-9ad8-9d704f7a3f43,2026-07-12T17:15:00Z,2026-07-12T19:15:00+0200,85.94,EUR/MWh,BE,BE,imbalance_price,Long,2026-08-03T03:49:42Z
2026-08-03T03:49:03Z,2026-08-03T05:49:03+0200,d815d4ad-795d-45eb-9ad8-9d704f7a3f43,2026-07-12T17:15:00Z,2026-07-12T19:15:00+0200,85.94,EUR/MWh,BE,BE,imbalance_price,Short,2026-08-03T03:49:42Z
2026-08-03T03:49:03Z,2026-08-03T05:49:03+0200,d815d4ad-795d-45eb-9ad8-9d704f7a3f43,2026-07-12T17:30:00Z,2026-07-12T19:30:00+0200,134.08,EUR/MWh,BE,BE,imbalance_price,Long,2026-08-03T03:49:42Z
2026-08-03T03:49:03Z,2026-08-03T05:49:03+0200,d815d4ad-795d-45eb-9ad8-9d704f7a3f43,2026-07-12T17:30:00Z,2026-07-12T19:30:00+0200,134.08,EUR/MWh,BE,BE,imbalance_price,Short,2026-08-03T03:49:42Z
2026-08-03T03:49:03Z,2026-08-03T05:49:03+0200,d815d4ad-795d-45eb-9ad8-9d704f7a3f43,2026-07-12T17:45:00Z,2026-07-12T19:45:00+0200,132.78,EUR/MWh,BE,BE,imbalance_price,Long,2026-08-03T03:49:42Z
2026-08-03T03:49:03Z,2026-08-03T05:49:03+0200,d815d4ad-795d-45eb-9ad8-9d704f7a3f43,2026-07-12T17:45:00Z,2026-07-12T19:45:00+0200,132.78,EUR/MWh,BE,BE,imbalance_price,Short,2026-08-03T03:49:42Z
2026-08-03T03:49:03Z,2026-08-03T05:49:03+0200,d815d4ad-795d-45eb-9ad8-9d704f7a3f43,2026-07-12T18:00:00Z,2026-07-12T20:00:00+0200,89.58,EUR/MWh,BE,BE,imbalance_price,Long,2026-08-03T03:49:42Z
2026-08-03T03:49:03Z,2026-08-03T05:49:03+0200,d815d4ad-795d-45eb-9ad8-9d704f7a3f43,2026-07-12T18:00:00Z,2026-07-12T20:00:00+0200,89.58,EUR/MWh,BE,BE,imbalance_price,Short,2026-08-03T03:49:42Z
2026-08-03T03:49:03Z,2026-08-03T05:49:03+0200,d815d4ad-795d-45eb-9ad8-9d704f7a3f43,2026-07-12T18:15:00Z,2026-07-12T20:15:00+0200,98.99,EUR/MWh,BE,BE,imbalance_price,Long,2026-08-03T03:49:42Z
2026-08-03T03:49:03Z,2026-08-03T05:49:03+0200,d815d4ad-795d-45eb-9ad8-9d704f7a3f43,2026-07-12T18:15:00Z,2026-07-12T20:15:00+0200,98.99,EUR/MWh,BE,BE,imbalance_price,Short,2026-08-03T03:49:42Z
2026-08-03T03:49:03Z,2026-08-03T05:49:03+0200,d815d4ad-795d-45eb-9ad8-9d704f7a3f43,2026-07-12T18:30:00Z,2026-07-12T20:30:00+0200,85.94,EUR/MWh,BE,BE,imbalance_price,Long,2026-08-03T03:49:42Z
2026-08-03T03:49:03Z,2026-08-03T05:49:03+0200,d815d4ad-795d-45eb-9ad8-9d704f7a3f43,2026-07-12T18:30:00Z,2026-07-12T20:30:00+0200,85.94,EUR/MWh,BE,BE,imbalance_price,Short,2026-08-03T03:49:42Z
2026-08-03T03:49:03Z,2026-08-03T05:49:03+0200,d815d4ad-795d-45eb-9ad8-9d704f7a3f43,2026-07-12T18:45:00Z,2026-07-12T20:45:00+0200,106.0,EUR/MWh,BE,BE,imbalance_price,Long,2026-08-03T03:49:42Z
2026-08-03T03:49:03Z,2026-08-03T05:49:03+0200,d815d4ad-795d-45eb-9ad8-9d704f7a3f43,2026-07-12T18:45:00Z,2026-07-12T20:45:00+0200,106.0,EUR/MWh,BE,BE,imbalance_price,Short,2026-08-03T03:49:42Z
2026-08-03T03:49:03Z,2026-08-03T05:49:03+0200,d815d4ad-795d-45eb-9ad8-9d704f7a3f43,2026-07-12T19:00:00Z,2026-07-12T21:00:00+0200,84.95,EUR/MWh,BE,BE,imbalance_price,Long,2026-08-03T03:49:42Z
2026-08-03T03:49:03Z,2026-08-03T05:49:03+0200,d815d4ad-795d-45eb-9ad8-9d704f7a3f43,2026-07-12T19:00:00Z,2026-07-12T21:00:00+0200,84.95,EUR/MWh,BE,BE,imbalance_price,Short,2026-08-03T03:49:42Z
2026-08-03T03:49:03Z,2026-08-03T05:49:03+0200,d815d4ad-795d-45eb-9ad8-9d704f7a3f43,2026-07-12T19:15:00Z,2026-07-12T21:15:00+0200,81.77,EUR/MWh,BE,BE,imbalance_price,Long,2026-08-03T03:49:42Z
2026-08-03T03:49:03Z,2026-08-03T05:49:03+0200,d815d4ad-795d-45eb-9ad8-9d704f7a3f43,2026-07-12T19:15:00Z,2026-07-12T21:15:00+0200,81.77,EUR/MWh,BE,BE,imbalance_price,Short,2026-08-03T03:49:42Z
2026-08-03T03:49:03Z,2026-08-03T05:49:03+0200,d815d4ad-795d-45eb-9ad8-9d704f7a3f43,2026-07-12T19:30:00Z,2026-07-12T21:30:00+0200,75.98,EUR/MWh,BE,BE,imbalance_price,Long,2026-08-03T03:49:42Z
2026-08-03T03:49:03Z,2026-08-03T05:49:03+0200,d815d4ad-795d-45eb-9ad8-9d704f7a3f43,2026-07-12T19:30:00Z,2026-07-12T21:30:00+0200,75.98,EUR/MWh,BE,BE,imbalance_price,Short,2026-08-03T03:49:42Z
2026-08-03T03:49:03Z,2026-08-03T05:49:03+0200,d815d4ad-795d-45eb-9ad8-9d704f7a3f43,2026-07-12T19:45:00Z,2026-07-12T21:45:00+0200,80.42,EUR/MWh,BE,BE,imbalance_price,Long,2026-08-03T03:49:42Z
2026-08-03T03:49:03Z,2026-08-03T05:49:03+0200,d815d4ad-795d-45eb-9ad8-9d704f7a3f43,2026-07-12T19:45:00Z,2026-07-12T21:45:00+0200,80.42,EUR/MWh,BE,BE,imbalance_price,Short,2026-08-03T03:49:42Z
2026-08-03T03:49:03Z,2026-08-03T05:49:03+0200,d815d4ad-795d-45eb-9ad8-9d704f7a3f43,2026-07-12T20:00:00Z,2026-07-12T22:00:00+0200,123.59,EUR/MWh,BE,BE,imbalance_price,Long,2026-08-03T03:49:42Z
2026-08-03T03:49:03Z,2026-08-03T05:49:03+0200,d815d4ad-795d-45eb-9ad8-9d704f7a3f43,2026-07-12T20:00:00Z,2026-07-12T22:00:00+0200,123.59,EUR/MWh,BE,BE,imbalance_price,Short,2026-08-03T03:49:42Z
2026-08-03T03:49:03Z,2026-08-03T05:49:03+0200,d815d4ad-795d-45eb-9ad8-9d704f7a3f43,2026-07-12T20:15:00Z,2026-07-12T22:15:00+0200,205.91,EUR/MWh,BE,BE,imbalance_price,Long,2026-08-03T03:49:42Z
2026-08-03T03:49:03Z,2026-08-03T05:49:03+0200,d815d4ad-795d-45eb-9ad8-9d704f7a3f43,2026-07-12T20:15:00Z,2026-07-12T22:15:00+0200,205.91,EUR/MWh,BE,BE,imbalance_price,Short,2026-08-03T03:49:42Z
2026-08-03T03:49:03Z,2026-08-03T05:49:03+0200,d815d4ad-795d-45eb-9ad8-9d704f7a3f43,2026-07-12T20:30:00Z,2026-07-12T22:30:00+0200,379.82,EUR/MWh,BE,BE,imbalance_price,Long,2026-08-03T03:49:42Z
2026-08-03T03:49:03Z,2026-08-03T05:49:03+0200,d815d4ad-795d-45eb-9ad8-9d704f7a3f43,2026-07-12T20:30:00Z,2026-07-12T22:30:00+0200,379.82,EUR/MWh,BE,BE,imbalance_price,Short,2026-08-03T03:49:42Z
2026-08-03T03:49:03Z,2026-08-03T05:49:03+0200,d815d4ad-795d-45eb-9ad8-9d704f7a3f43,2026-07-12T20:45:00Z,2026-07-12T22:45:00+0200,311.95,EUR/MWh,BE,BE,imbalance_price,Long,2026-08-03T03:49:42Z
2026-08-03T03:49:03Z,2026-08-03T05:49:03+0200,d815d4ad-795d-45eb-9ad8-9d704f7a3f43,2026-07-12T20:45:00Z,2026-07-12T22:45:00+0200,311.95,EUR/MWh,BE,BE,imbalance_price,Short,2026-08-03T03:49:42Z
2026-08-03T03:49:03Z,2026-08-03T05:49:03+0200,d815d4ad-795d-45eb-9ad8-9d704f7a3f43,2026-07-12T21:00:00Z,2026-07-12T23:00:00+0200,85.94,EUR/MWh,BE,BE,imbalance_price,Long,2026-08-03T03:49:42Z
2026-08-03T03:49:03Z,2026-08-03T05:49:03+0200,d815d4ad-795d-45eb-9ad8-9d704f7a3f43,2026-07-12T21:00:00Z,2026-07-12T23:00:00+0200,85.94,EUR/MWh,BE,BE,imbalance_price,Short,2026-08-03T03:49:42Z
2026-08-03T03:49:03Z,2026-08-03T05:49:03+0200,d815d4ad-795d-45eb-9ad8-9d704f7a3f43,2026-07-12T21:15:00Z,2026-07-12T23:15:00+0200,85.94,EUR/MWh,BE,BE,imbalance_price,Long,2026-08-03T03:49:42Z
2026-08-03T03:49:03Z,2026-08-03T05:49:03+0200,d815d4ad-795d-45eb-9ad8-9d704f7a3f43,2026-07-12T21:15:00Z,2026-07-12T23:15:00+0200,85.94,EUR/MWh,BE,BE,imbalance_price,Short,2026-08-03T03:49:42Z
2026-08-03T03:49:03Z,2026-08-03T05:49:03+0200,d815d4ad-795d-45eb-9ad8-9d704f7a3f43,2026-07-12T21:30:00Z,2026-07-12T23:30:00+0200,85.94,EUR/MWh,BE,BE,imbalance_price,Long,2026-08-03T03:49:42Z
2026-08-03T03:49:03Z,2026-08-03T05:49:03+0200,d815d4ad-795d-45eb-9ad8-9d704f7a3f43,2026-07-12T21:30:00Z,2026-07-12T23:30:00+0200,85.94,EUR/MWh,BE,BE,imbalance_price,Short,2026-08-03T03:49:42Z
2026-08-03T03:49:03Z,2026-08-03T05:49:03+0200,d815d4ad-795d-45eb-9ad8-9d704f7a3f43,2026-07-12T21:45:00Z,2026-07-12T23:45:00+0200,83.78,EUR/MWh,BE,BE,imbalance_price,Long,2026-08-03T03:49:42Z
2026-08-03T03:49:03Z,2026-08-03T05:49:03+0200,d815d4ad-795d-45eb-9ad8-9d704f7a3f43,2026-07-12T21:45:00Z,2026-07-12T23:45:00+0200,83.78,EUR/MWh,BE,BE,imbalance_price,Short,2026-08-03T03:49:42Z
2026-08-03T03:49:03Z,2026-08-03T05:49:03+0200,d815d4ad-795d-45eb-9ad8-9d704f7a3f43,2026-07-12T22:00:00Z,2026-07-13T00:00:00+0200,120.13,EUR/MWh,BE,BE,imbalance_price,Long,2026-08-03T03:49:42Z
2026-08-03T03:49:03Z,2026-08-03T05:49:03+0200,d815d4ad-795d-45eb-9ad8-9d704f7a3f43,2026-07-12T22:00:00Z,2026-07-13T00:00:00+0200,120.13,EUR/MWh,BE,BE,imbalance_price,Short,2026-08-03T03:49:42Z
2026-08-03T03:49:03Z,2026-08-03T05:49:03+0200,d815d4ad-795d-45eb-9ad8-9d704f7a3f43,2026-07-12T22:15:00Z,2026-07-13T00:15:00+0200,119.27,EUR/MWh,BE,BE,imbalance_price,Long,2026-08-03T03:49:42Z
2026-08-03T03:49:03Z,2026-08-03T05:49:03+0200,d815d4ad-795d-45eb-9ad8-9d704f7a3f43,2026-07-12T22:15:00Z,2026-07-13T00:15:00+0200,119.27,EUR/MWh,BE,BE,imbalance_price,Short,2026-08-03T03:49:42Z
2026-08-03T03:49:03Z,2026-08-03T05:49:03+0200,d815d4ad-795d-45eb-9ad8-9d704f7a3f43,2026-07-12T22:30:00Z,2026-07-13T00:30:00+0200,90.96,EUR/MWh,BE,BE,imbalance_price,Long,2026-08-03T03:49:42Z
2026-08-03T03:49:03Z,2026-08-03T05:49:03+0200,d815d4ad-795d-45eb-9ad8-9d704f7a3f43,2026-07-12T22:30:00Z,2026-07-13T00:30:00+0200,90.96,EUR/MWh,BE,BE,imbalance_price,Short,2026-08-03T03:49:42Z
2026-08-03T03:49:03Z,2026-08-03T05:49:03+0200,d815d4ad-795d-45eb-9ad8-9d704f7a3f43,2026-07-12T22:45:00Z,2026-07-13T00:45:00+0200,96.76,EUR/MWh,BE,BE,imbalance_price,Long,2026-08-03T03:49:42Z
2026-08-03T03:49:03Z,2026-08-03T05:49:03+0200,d815d4ad-795d-45eb-9ad8-9d704f7a3f43,2026-07-12T22:45:00Z,2026-07-13T00:45:00+0200,96.76,EUR/MWh,BE,BE,imbalance_price,Short,2026-08-03T03:49:42Z
2026-08-03T03:49:03Z,2026-08-03T05:49:03+0200,d815d4ad-795d-45eb-9ad8-9d704f7a3f43,2026-07-12T23:00:00Z,2026-07-13T01:00:00+0200,122.95,EUR/MWh,BE,BE,imbalance_price,Long,2026-08-03T03:49:42Z
2026-08-03T03:49:03Z,2026-08-03T05:49:03+0200,d815d4ad-795d-45eb-9ad8-9d704f7a3f43,2026-07-12T23:00:00Z,2026-07-13T01:00:00+0200,122.95,EUR/MWh,BE,BE,imbalance_price,Short,2026-08-03T03:49:42Z
2026-08-03T03:49:03Z,2026-08-03T05:49:03+0200,d815d4ad-795d-45eb-9ad8-9d704f7a3f43,2026-07-12T23:15:00Z,2026-07-13T01:15:00+0200,122.75,EUR/MWh,BE,BE,imbalance_price,Long,2026-08-03T03:49:42Z
2026-08-03T03:49:03Z,2026-08-03T05:49:03+0200,d815d4ad-795d-45eb-9ad8-9d704f7a3f43,2026-07-12T23:15:00Z,2026-07-13T01:15:00+0200,122.75,EUR/MWh,BE,BE,imbalance_price,Short,2026-08-03T03:49:42Z
2026-08-03T03:49:03Z,2026-08-03T05:49:03+0200,d815d4ad-795d-45eb-9ad8-9d704f7a3f43,2026-07-12T23:30:00Z,2026-07-13T01:30:00+0200,123.83,EUR/MWh,BE,BE,imbalance_price,Long,2026-08-03T03:49:42Z
2026-08-03T03:49:03Z,2026-08-03T05:49:03+0200,d815d4ad-795d-45eb-9ad8-9d704f7a3f43,2026-07-12T23:30:00Z,2026-07-13T01:30:00+0200,123.83,EUR/MWh,BE,BE,imbalance_price,Short,2026-08-03T03:49:42Z
2026-08-03T03:49:03Z,2026-08-03T05:49:03+0200,d815d4ad-795d-45eb-9ad8-9d704f7a3f43,2026-07-12T23:45:00Z,2026-07-13T01:45:00+0200,125.42,EUR/MWh,BE,BE,imbalance_price,Long,2026-08-03T03:49:42Z
2026-08-03T03:49:03Z,2026-08-03T05:49:03+0200,d815d4ad-795d-45eb-9ad8-9d704f7a3f43,2026-07-12T23:45:00Z,2026-07-13T01:45:00+0200,125.42,EUR/MWh,BE,BE,imbalance_price,Short,2026-08-03T03:49:42Z
2026-08-03T03:49:03Z,2026-08-03T05:49:03+0200,d815d4ad-795d-45eb-9ad8-9d704f7a3f43,2026-07-13T00:00:00Z,2026-07-13T02:00:00+0200,130.45,EUR/MWh,BE,BE,imbalance_price,Long,2026-08-03T03:49:42Z
2026-08-03T03:49:03Z,2026-08-03T05:49:03+0200,d815d4ad-795d-45eb-9ad8-9d704f7a3f43,2026-07-13T00:00:00Z,2026-07-13T02:00:00+0200,130.45,EUR/MWh,BE,BE,imbalance_price,Short,2026-08-03T03:49:42Z
2026-08-03T03:49:03Z,2026-08-03T05:49:03+0200,d815d4ad-795d-45eb-9ad8-9d704f7a3f43,2026-07-13T00:15:00Z,2026-07-13T02:15:00+0200,127.71,EUR/MWh,BE,BE,imbalance_price,Long,2026-08-03T03:49:42Z
2026-08-03T03:49:03Z,2026-08-03T05:49:03+0200,d815d4ad-795d-45eb-9ad8-9d704f7a3f43,2026-07-13T00:15:00Z,2026-07-13T02:15:00+0200,127.71,EUR/MWh,BE,BE,imbalance_price,Short,2026-08-03T03:49:42Z
2026-08-03T03:49:03Z,2026-08-03T05:49:03+0200,d815d4ad-795d-45eb-9ad8-9d704f7a3f43,2026-07-13T00:30:00Z,2026-07-13T02:30:00+0200,128.44,EUR/MWh,BE,BE,imbalance_price,Long,2026-08-03T03:49:42Z
2026-08-03T03:49:03Z,2026-08-03T05:49:03+0200,d815d4ad-795d-45eb-9ad8-9d704f7a3f43,2026-07-13T00:30:00Z,2026-07-13T02:30:00+0200,128.44,EUR/MWh,BE,BE,imbalance_price,Short,2026-08-03T03:49:42Z
2026-08-03T03:49:03Z,2026-08-03T05:49:03+0200,d815d4ad-795d-45eb-9ad8-9d704f7a3f43,2026-07-13T00:45:00Z,2026-07-13T02:45:00+0200,128.13,EUR/MWh,BE,BE,imbalance_price,Long,2026-08-03T03:49:42Z
2026-08-03T03:49:03Z,2026-08-03T05:49:03+0200,d815d4ad-795d-45eb-9ad8-9d704f7a3f43,2026-07-13T00:45:00Z,2026-07-13T02:45:00+0200,128.13,EUR/MWh,BE,BE,imbalance_price,Short,2026-08-03T03:49:42Z
2026-08-03T03:49:03Z,2026-08-03T05:49:03+0200,d815d4ad-795d-45eb-9ad8-9d704f7a3f43,2026-07-13T01:00:00Z,2026-07-13T03:00:00+0200,93.45,EUR/MWh,BE,BE,imbalance_price,Long,2026-08-03T03:49:42Z
2026-08-03T03:49:03Z,2026-08-03T05:49:03+0200,d815d4ad-795d-45eb-9ad8-9d704f7a3f43,2026-07-13T01:00:00Z,2026-07-13T03:00:00+0200,93.45,EUR/MWh,BE,BE,imbalance_price,Short,2026-08-03T03:49:42Z
2026-08-03T03:49:03Z,2026-08-03T05:49:03+0200,d815d4ad-795d-45eb-9ad8-9d704f7a3f43,2026-07-13T01:15:00Z,2026-07-13T03:15:00+0200,105.67,EUR/MWh,BE,BE,imbalance_price,Long,2026-08-03T03:49:42Z
2026-08-03T03:49:03Z,2026-08-03T05:49:03+0200,d815d4ad-795d-45eb-9ad8-9d704f7a3f43,2026-07-13T01:15:00Z,2026-07-13T03:15:00+0200,105.67,EUR/MWh,BE,BE,imbalance_price,Short,2026-08-03T03:49:42Z
2026-08-03T03:49:03Z,2026-08-03T05:49:03+0200,d815d4ad-795d-45eb-9ad8-9d704f7a3f43,2026-07-13T01:30:00Z,2026-07-13T03:30:00+0200,93.7,EUR/MWh,BE,BE,imbalance_price,Long,2026-08-03T03:49:42Z
2026-08-03T03:49:03Z,2026-08-03T05:49:03+0200,d815d4ad-795d-45eb-9ad8-9d704f7a3f43,2026-07-13T01:30:00Z,2026-07-13T03:30:00+0200,93.7,EUR/MWh,BE,BE,imbalance_price,Short,2026-08-03T03:49:42Z
2026-08-03T03:49:03Z,2026-08-03T05:49:03+0200,d815d4ad-795d-45eb-9ad8-9d704f7a3f43,2026-07-13T01:45:00Z,2026-07-13T03:45:00+0200,89.54,EUR/MWh,BE,BE,imbalance_price,Long,2026-08-03T03:49:42Z
2026-08-03T03:49:03Z,2026-08-03T05:49:03+0200,d815d4ad-795d-45eb-9ad8-9d704f7a3f43,2026-07-13T01:45:00Z,2026-07-13T03:45:00+0200,89.54,EUR/MWh,BE,BE,imbalance_price,Short,2026-08-03T03:49:42Z
2026-08-03T03:49:03Z,2026-08-03T05:49:03+0200,d815d4ad-795d-45eb-9ad8-9d704f7a3f43,2026-07-13T02:00:00Z,2026-07-13T04:00:00+0200,101.48,EUR/MWh,BE,BE,imbalance_price,Long,2026-08-03T03:49:42Z
2026-08-03T03:49:03Z,2026-08-03T05:49:03+0200,d815d4ad-795d-45eb-9ad8-9d704f7a3f43,2026-07-13T02:00:00Z,2026-07-13T04:00:00+0200,101.48,EUR/MWh,BE,BE,imbalance_price,Short,2026-08-03T03:49:42Z
2026-08-03T03:49:03Z,2026-08-03T05:49:03+0200,d815d4ad-795d-45eb-9ad8-9d704f7a3f43,2026-07-13T02:15:00Z,2026-07-13T04:15:00+0200,90.18,EUR/MWh,BE,BE,imbalance_price,Long,2026-08-03T03:49:42Z
2026-08-03T03:49:03Z,2026-08-03T05:49:03+0200,d815d4ad-795d-45eb-9ad8-9d704f7a3f43,2026-07-13T02:15:00Z,2026-07-13T04:15:00+0200,90.18,EUR/MWh,BE,BE,imbalance_price,Short,2026-08-03T03:49:42Z
2026-08-03T03:49:03Z,2026-08-03T05:49:03+0200,d815d4ad-795d-45eb-9ad8-9d704f7a3f43,2026-07-13T02:30:00Z,2026-07-13T04:30:00+0200,96.64,EUR/MWh,BE,BE,imbalance_price,Long,2026-08-03T03:49:42Z
2026-08-03T03:49:03Z,2026-08-03T05:49:03+0200,d815d4ad-795d-45eb-9ad8-9d704f7a3f43,2026-07-13T02:30:00Z,2026-07-13T04:30:00+0200,96.64,EUR/MWh,BE,BE,imbalance_price,Short,2026-08-03T03:49:42Z
2026-08-03T03:49:03Z,2026-08-03T05:49:03+0200,d815d4ad-795d-45eb-9ad8-9d704f7a3f43,2026-07-13T02:45:00Z,2026-07-13T04:45:00+0200,91.2,EUR/MWh,BE,BE,imbalance_price,Long,2026-08-03T03:49:42Z
2026-08-03T03:49:03Z,2026-08-03T05:49:03+0200,d815d4ad-795d-45eb-9ad8-9d704f7a3f43,2026-07-13T02:45:00Z,2026-07-13T04:45:00+0200,91.2,EUR/MWh,BE,BE,imbalance_price,Short,2026-08-03T03:49:42Z
2026-08-03T03:49:03Z,2026-08-03T05:49:03+0200,d815d4ad-795d-45eb-9ad8-9d704f7a3f43,2026-07-13T03:00:00Z,2026-07-13T05:00:00+0200,97.9,EUR/MWh,BE,BE,imbalance_price,Long,2026-08-03T03:49:42Z
2026-08-03T03:49:03Z,2026-08-03T05:49:03+0200,d815d4ad-795d-45eb-9ad8-9d704f7a3f43,2026-07-13T03:00:00Z,2026-07-13T05:00:00+0200,97.9,EUR/MWh,BE,BE,imbalance_price,Short,2026-08-03T03:49:42Z
2026-08-03T03:49:03Z,2026-08-03T05:49:03+0200,d815d4ad-795d-45eb-9ad8-9d704f7a3f43,2026-07-13T03:15:00Z,2026-07-13T05:15:00+0200,127.12,EUR/MWh,BE,BE,imbalance_price,Long,2026-08-03T03:49:42Z
2026-08-03T03:49:03Z,2026-08-03T05:49:03+0200,d815d4ad-795d-45eb-9ad8-9d704f7a3f43,2026-07-13T03:15:00Z,2026-07-13T05:15:00+0200,127.12,EUR/MWh,BE,BE,imbalance_price,Short,2026-08-03T03:49:42Z
2026-08-03T03:49:03Z,2026-08-03T05:49:03+0200,d815d4ad-795d-45eb-9ad8-9d704f7a3f43,2026-07-13T03:30:00Z,2026-07-13T05:30:00+0200,132.75,EUR/MWh,BE,BE,imbalance_price,Long,2026-08-03T03:49:42Z
2026-08-03T03:49:03Z,2026-08-03T05:49:03+0200,d815d4ad-795d-45eb-9ad8-9d704f7a3f43,2026-07-13T03:30:00Z,2026-07-13T05:30:00+0200,132.75,EUR/MWh,BE,BE,imbalance_price,Short,2026-08-03T03:49:42Z
2026-08-03T03:49:03Z,2026-08-03T05:49:03+0200,d815d4ad-795d-45eb-9ad8-9d704f7a3f43,2026-07-13T03:45:00Z,2026-07-13T05:45:00+0200,127.18,EUR/MWh,BE,BE,imbalance_price,Long,2026-08-03T03:49:42Z
2026-08-03T03:49:03Z,2026-08-03T05:49:03+0200,d815d4ad-795d-45eb-9ad8-9d704f7a3f43,2026-07-13T03:45:00Z,2026-07-13T05:45:00+0200,127.18,EUR/MWh,BE,BE,imbalance_price,Short,2026-08-03T03:49:42Z
2026-08-03T03:49:03Z,2026-08-03T05:49:03+0200,d815d4ad-795d-45eb-9ad8-9d704f7a3f43,2026-07-13T04:00:00Z,2026-07-13T06:00:00+0200,131.59,EUR/MWh,BE,BE,imbalance_price,Long,2026-08-03T03:49:42Z
2026-08-03T03:49:03Z,2026-08-03T05:49:03+0200,d815d4ad-795d-45eb-9ad8-9d704f7a3f43,2026-07-13T04:00:00Z,2026-07-13T06:00:00+0200,131.59,EUR/MWh,BE,BE,imbalance_price,Short,2026-08-03T03:49:42Z
2026-08-03T03:49:03Z,2026-08-03T05:49:03+0200,d815d4ad-795d-45eb-9ad8-9d704f7a3f43,2026-07-13T04:15:00Z,2026-07-13T06:15:00+0200,143.58,EUR/MWh,BE,BE,imbalance_price,Long,2026-08-03T03:49:42Z
2026-08-03T03:49:03Z,2026-08-03T05:49:03+0200,d815d4ad-795d-45eb-9ad8-9d704f7a3f43,2026-07-13T04:15:00Z,2026-07-13T06:15:00+0200,143.58,EUR/MWh,BE,BE,imbalance_price,Short,2026-08-03T03:49:42Z
2026-08-03T03:49:03Z,2026-08-03T05:49:03+0200,d815d4ad-795d-45eb-9ad8-9d704f7a3f43,2026-07-13T04:30:00Z,2026-07-13T06:30:00+0200,130.24,EUR/MWh,BE,BE,imbalance_price,Long,2026-08-03T03:49:42Z
2026-08-03T03:49:03Z,2026-08-03T05:49:03+0200,d815d4ad-795d-45eb-9ad8-9d704f7a3f43,2026-07-13T04:30:00Z,2026-07-13T06:30:00+0200,130.24,EUR/MWh,BE,BE,imbalance_price,Short,2026-08-03T03:49:42Z
2026-08-03T03:49:03Z,2026-08-03T05:49:03+0200,d815d4ad-795d-45eb-9ad8-9d704f7a3f43,2026-07-13T04:45:00Z,2026-07-13T06:45:00+0200,126.08,EUR/MWh,BE,BE,imbalance_price,Long,2026-08-03T03:49:42Z
2026-08-03T03:49:03Z,2026-08-03T05:49:03+0200,d815d4ad-795d-45eb-9ad8-9d704f7a3f43,2026-07-13T04:45:00Z,2026-07-13T06:45:00+0200,126.08,EUR/MWh,BE,BE,imbalance_price,Short,2026-08-03T03:49:42Z
2026-08-03T03:49:03Z,2026-08-03T05:49:03+0200,d815d4ad-795d-45eb-9ad8-9d704f7a3f43,2026-07-13T05:00:00Z,2026-07-13T07:00:00+0200,116.2,EUR/MWh,BE,BE,imbalance_price,Long,2026-08-03T03:49:42Z
2026-08-03T03:49:03Z,2026-08-03T05:49:03+0200,d815d4ad-795d-45eb-9ad8-9d704f7a3f43,2026-07-13T05:00:00Z,2026-07-13T07:00:00+0200,116.2,EUR/MWh,BE,BE,imbalance_price,Short,2026-08-03T03:49:42Z
2026-08-03T03:49:03Z,2026-08-03T05:49:03+0200,d815d4ad-795d-45eb-9ad8-9d704f7a3f43,2026-07-13T05:15:00Z,2026-07-13T07:15:00+0200,113.92,EUR/MWh,BE,BE,imbalance_price,Long,2026-08-03T03:49:42Z
2026-08-03T03:49:03Z,2026-08-03T05:49:03+0200,d815d4ad-795d-45eb-9ad8-9d704f7a3f43,2026-07-13T05:15:00Z,2026-07-13T07:15:00+0200,113.92,EUR/MWh,BE,BE,imbalance_price,Short,2026-08-03T03:49:42Z
2026-08-03T03:49:03Z,2026-08-03T05:49:03+0200,d815d4ad-795d-45eb-9ad8-9d704f7a3f43,2026-07-13T05:30:00Z,2026-07-13T07:30:00+0200,59.44,EUR/MWh,BE,BE,imbalance_price,Long,2026-08-03T03:49:42Z
2026-08-03T03:49:03Z,2026-08-03T05:49:03+0200,d815d4ad-795d-45eb-9ad8-9d704f7a3f43,2026-07-13T05:30:00Z,2026-07-13T07:30:00+0200,59.44,EUR/MWh,BE,BE,imbalance_price,Short,2026-08-03T03:49:42Z
2026-08-03T03:49:03Z,2026-08-03T05:49:03+0200,d815d4ad-795d-45eb-9ad8-9d704f7a3f43,2026-07-13T05:45:00Z,2026-07-13T07:45:00+0200,52.06,EUR/MWh,BE,BE,imbalance_price,Long,2026-08-03T03:49:42Z
2026-08-03T03:49:03Z,2026-08-03T05:49:03+0200,d815d4ad-795d-45eb-9ad8-9d704f7a3f43,2026-07-13T05:45:00Z,2026-07-13T07:45:00+0200,52.06,EUR/MWh,BE,BE,imbalance_price,Short,2026-08-03T03:49:42Z
2026-08-03T03:49:03Z,2026-08-03T05:49:03+0200,d815d4ad-795d-45eb-9ad8-9d704f7a3f43,2026-07-13T06:00:00Z,2026-07-13T08:00:00+0200,74.69,EUR/MWh,BE,BE,imbalance_price,Long,2026-08-03T03:49:42Z
2026-08-03T03:49:03Z,2026-08-03T05:49:03+0200,d815d4ad-795d-45eb-9ad8-9d704f7a3f43,2026-07-13T06:00:00Z,2026-07-13T08:00:00+0200,74.69,EUR/MWh,BE,BE,imbalance_price,Short,2026-08-03T03:49:42Z
2026-08-03T03:49:03Z,2026-08-03T05:49:03+0200,d815d4ad-795d-45eb-9ad8-9d704f7a3f43,2026-07-13T06:15:00Z,2026-07-13T08:15:00+0200,59.78,EUR/MWh,BE,BE,imbalance_price,Long,2026-08-03T03:49:42Z
2026-08-03T03:49:03Z,2026-08-03T05:49:03+0200,d815d4ad-795d-45eb-9ad8-9d704f7a3f43,2026-07-13T06:15:00Z,2026-07-13T08:15:00+0200,59.78,EUR/MWh,BE,BE,imbalance_price,Short,2026-08-03T03:49:42Z
2026-08-03T03:49:03Z,2026-08-03T05:49:03+0200,d815d4ad-795d-45eb-9ad8-9d704f7a3f43,2026-07-13T06:30:00Z,2026-07-13T08:30:00+0200,53.52,EUR/MWh,BE,BE,imbalance_price,Long,2026-08-03T03:49:42Z
2026-08-03T03:49:03Z,2026-08-03T05:49:03+0200,d815d4ad-795d-45eb-9ad8-9d704f7a3f43,2026-07-13T06:30:00Z,2026-07-13T08:30:00+0200,53.52,EUR/MWh,BE,BE,imbalance_price,Short,2026-08-03T03:49:42Z
2026-08-03T03:49:03Z,2026-08-03T05:49:03+0200,d815d4ad-795d-45eb-9ad8-9d704f7a3f43,2026-07-13T06:45:00Z,2026-07-13T08:45:00+0200,54.07,EUR/MWh,BE,BE,imbalance_price,Long,2026-08-03T03:49:42Z
2026-08-03T03:49:03Z,2026-08-03T05:49:03+0200,d815d4ad-795d-45eb-9ad8-9d704f7a3f43,2026-07-13T06:45:00Z,2026-07-13T08:45:00+0200,54.07,EUR/MWh,BE,BE,imbalance_price,Short,2026-08-03T03:49:42Z
2026-08-03T03:49:03Z,2026-08-03T05:49:03+0200,d815d4ad-795d-45eb-9ad8-9d704f7a3f43,2026-07-13T07:00:00Z,2026-07-13T09:00:00+0200,83.85,EUR/MWh,BE,BE,imbalance_price,Long,2026-08-03T03:49:42Z
2026-08-03T03:49:03Z,2026-08-03T05:49:03+0200,d815d4ad-795d-45eb-9ad8-9d704f7a3f43,2026-07-13T07:00:00Z,2026-07-13T09:00:00+0200,83.85,EUR/MWh,BE,BE,imbalance_price,Short,2026-08-03T03:49:42Z
2026-08-03T03:49:03Z,2026-08-03T05:49:03+0200,d815d4ad-795d-45eb-9ad8-9d704f7a3f43,2026-07-13T07:15:00Z,2026-07-13T09:15:00+0200,87.19,EUR/MWh,BE,BE,imbalance_price,Long,2026-08-03T03:49:42Z
2026-08-03T03:49:03Z,2026-08-03T05:49:03+0200,d815d4ad-795d-45eb-9ad8-9d704f7a3f43,2026-07-13T07:15:00Z,2026-07-13T09:15:00+0200,87.19,EUR/MWh,BE,BE,imbalance_price,Short,2026-08-03T03:49:42Z
2026-08-03T03:49:03Z,2026-08-03T05:49:03+0200,d815d4ad-795d-45eb-9ad8-9d704f7a3f43,2026-07-13T07:30:00Z,2026-07-13T09:30:00+0200,83.95,EUR/MWh,BE,BE,imbalance_price,Long,2026-08-03T03:49:42Z
2026-08-03T03:49:03Z,2026-08-03T05:49:03+0200,d815d4ad-795d-45eb-9ad8-9d704f7a3f43,2026-07-13T07:30:00Z,2026-07-13T09:30:00+0200,83.95,EUR/MWh,BE,BE,imbalance_price,Short,2026-08-03T03:49:42Z
2026-08-03T03:49:03Z,2026-08-03T05:49:03+0200,d815d4ad-795d-45eb-9ad8-9d704f7a3f43,2026-07-13T07:45:00Z,2026-07-13T09:45:00+0200,69.76,EUR/MWh,BE,BE,imbalance_price,Long,2026-08-03T03:49:42Z
2026-08-03T03:49:03Z,2026-08-03T05:49:03+0200,d815d4ad-795d-45eb-9ad8-9d704f7a3f43,2026-07-13T07:45:00Z,2026-07-13T09:45:00+0200,69.76,EUR/MWh,BE,BE,imbalance_price,Short,2026-08-03T03:49:42Z
2026-08-03T03:49:03Z,2026-08-03T05:49:03+0200,d815d4ad-795d-45eb-9ad8-9d704f7a3f43,2026-07-13T08:00:00Z,2026-07-13T10:00:00+0200,57.96,EUR/MWh,BE,BE,imbalance_price,Long,2026-08-03T03:49:42Z
2026-08-03T03:49:03Z,2026-08-03T05:49:03+0200,d815d4ad-795d-45eb-9ad8-9d704f7a3f43,2026-07-13T08:00:00Z,2026-07-13T10:00:00+0200,57.96,EUR/MWh,BE,BE,imbalance_price,Short,2026-08-03T03:49:42Z
2026-08-03T03:49:03Z,2026-08-03T05:49:03+0200,d815d4ad-795d-45eb-9ad8-9d704f7a3f43,2026-07-13T08:15:00Z,2026-07-13T10:15:00+0200,59.65,EUR/MWh,BE,BE,imbalance_price,Long,2026-08-03T03:49:42Z
2026-08-03T03:49:03Z,2026-08-03T05:49:03+0200,d815d4ad-795d-45eb-9ad8-9d704f7a3f43,2026-07-13T08:15:00Z,2026-07-13T10:15:00+0200,59.65,EUR/MWh,BE,BE,imbalance_price,Short,2026-08-03T03:49:42Z
2026-08-03T03:49:03Z,2026-08-03T05:49:03+0200,d815d4ad-795d-45eb-9ad8-9d704f7a3f43,2026-07-13T08:30:00Z,2026-07-13T10:30:00+0200,78.06,EUR/MWh,BE,BE,imbalance_price,Long,2026-08-03T03:49:42Z
2026-08-03T03:49:03Z,2026-08-03T05:49:03+0200,d815d4ad-795d-45eb-9ad8-9d704f7a3f43,2026-07-13T08:30:00Z,2026-07-13T10:30:00+0200,78.06,EUR/MWh,BE,BE,imbalance_price,Short,2026-08-03T03:49:42Z
2026-08-03T03:49:03Z,2026-08-03T05:49:03+0200,d815d4ad-795d-45eb-9ad8-9d704f7a3f43,2026-07-13T08:45:00Z,2026-07-13T10:45:00+0200,68.58,EUR/MWh,BE,BE,imbalance_price,Long,2026-08-03T03:49:42Z
2026-08-03T03:49:03Z,2026-08-03T05:49:03+0200,d815d4ad-795d-45eb-9ad8-9d704f7a3f43,2026-07-13T08:45:00Z,2026-07-13T10:45:00+0200,68.58,EUR/MWh,BE,BE,imbalance_price,Short,2026-08-03T03:49:42Z
2026-08-03T03:49:03Z,2026-08-03T05:49:03+0200,d815d4ad-795d-45eb-9ad8-9d704f7a3f43,2026-07-13T09:00:00Z,2026-07-13T11:00:00+0200,47.0,EUR/MWh,BE,BE,imbalance_price,Long,2026-08-03T03:49:42Z
2026-08-03T03:49:03Z,2026-08-03T05:49:03+0200,d815d4ad-795d-45eb-9ad8-9d704f7a3f43,2026-07-13T09:00:00Z,2026-07-13T11:00:00+0200,47.0,EUR/MWh,BE,BE,imbalance_price,Short,2026-08-03T03:49:42Z
2026-08-03T03:49:03Z,2026-08-03T05:49:03+0200,d815d4ad-795d-45eb-9ad8-9d704f7a3f43,2026-07-13T09:15:00Z,2026-07-13T11:15:00+0200,54.08,EUR/MWh,BE,BE,imbalance_price,Long,2026-08-03T03:49:42Z
2026-08-03T03:49:03Z,2026-08-03T05:49:03+0200,d815d4ad-795d-45eb-9ad8-9d704f7a3f43,2026-07-13T09:15:00Z,2026-07-13T11:15:00+0200,54.08,EUR/MWh,BE,BE,imbalance_price,Short,2026-08-03T03:49:42Z
2026-08-03T03:49:03Z,2026-08-03T05:49:03+0200,d815d4ad-795d-45eb-9ad8-9d704f7a3f43,2026-07-13T09:30:00Z,2026-07-13T11:30:00+0200,62.24,EUR/MWh,BE,BE,imbalance_price,Long,2026-08-03T03:49:42Z
2026-08-03T03:49:03Z,2026-08-03T05:49:03+0200,d815d4ad-795d-45eb-9ad8-9d704f7a3f43,2026-07-13T09:30:00Z,2026-07-13T11:30:00+0200,62.24,EUR/MWh,BE,BE,imbalance_price,Short,2026-08-03T03:49:42Z
2026-08-03T03:49:03Z,2026-08-03T05:49:03+0200,d815d4ad-795d-45eb-9ad8-9d704f7a3f43,2026-07-13T09:45:00Z,2026-07-13T11:45:00+0200,58.37,EUR/MWh,BE,BE,imbalance_price,Long,2026-08-03T03:49:42Z
2026-08-03T03:49:03Z,2026-08-03T05:49:03+0200,d815d4ad-795d-45eb-9ad8-9d704f7a3f43,2026-07-13T09:45:00Z,2026-07-13T11:45:00+0200,58.37,EUR/MWh,BE,BE,imbalance_price,Short,2026-08-03T03:49:42Z
2026-08-03T03:49:03Z,2026-08-03T05:49:03+0200,d815d4ad-795d-45eb-9ad8-9d704f7a3f43,2026-07-13T10:00:00Z,2026-07-13T12:00:00+0200,47.54,EUR/MWh,BE,BE,imbalance_price,Long,2026-08-03T03:49:42Z
2026-08-03T03:49:03Z,2026-08-03T05:49:03+0200,d815d4ad-795d-45eb-9ad8-9d704f7a3f43,2026-07-13T10:00:00Z,2026-07-13T12:00:00+0200,47.54,EUR/MWh,BE,BE,imbalance_price,Short,2026-08-03T03:49:42Z
2026-08-03T03:49:03Z,2026-08-03T05:49:03+0200,d815d4ad-795d-45eb-9ad8-9d704f7a3f43,2026-07-13T10:15:00Z,2026-07-13T12:15:00+0200,44.89,EUR/MWh,BE,BE,imbalance_price,Long,2026-08-03T03:49:42Z
2026-08-03T03:49:03Z,2026-08-03T05:49:03+0200,d815d4ad-795d-45eb-9ad8-9d704f7a3f43,2026-07-13T10:15:00Z,2026-07-13T12:15:00+0200,44.89,EUR/MWh,BE,BE,imbalance_price,Short,2026-08-03T03:49:42Z
2026-08-03T03:49:03Z,2026-08-03T05:49:03+0200,d815d4ad-795d-45eb-9ad8-9d704f7a3f43,2026-07-13T10:30:00Z,2026-07-13T12:30:00+0200,61.59,EUR/MWh,BE,BE,imbalance_price,Long,2026-08-03T03:49:42Z
2026-08-03T03:49:03Z,2026-08-03T05:49:03+0200,d815d4ad-795d-45eb-9ad8-9d704f7a3f43,2026-07-13T10:30:00Z,2026-07-13T12:30:00+0200,61.59,EUR/MWh,BE,BE,imbalance_price,Short,2026-08-03T03:49:42Z
2026-08-03T03:49:03Z,2026-08-03T05:49:03+0200,d815d4ad-795d-45eb-9ad8-9d704f7a3f43,2026-07-13T10:45:00Z,2026-07-13T12:45:00+0200,36.22,EUR/MWh,BE,BE,imbalance_price,Long,2026-08-03T03:49:42Z
2026-08-03T03:49:03Z,2026-08-03T05:49:03+0200,d815d4ad-795d-45eb-9ad8-9d704f7a3f43,2026-07-13T10:45:00Z,2026-07-13T12:45:00+0200,36.22,EUR/MWh,BE,BE,imbalance_price,Short,2026-08-03T03:49:42Z
2026-08-03T03:49:03Z,2026-08-03T05:49:03+0200,d815d4ad-795d-45eb-9ad8-9d704f7a3f43,2026-07-13T11:00:00Z,2026-07-13T13:00:00+0200,-3.56,EUR/MWh,BE,BE,imbalance_price,Long,2026-08-03T03:49:42Z
2026-08-03T03:49:03Z,2026-08-03T05:49:03+0200,d815d4ad-795d-45eb-9ad8-9d704f7a3f43,2026-07-13T11:00:00Z,2026-07-13T13:00:00+0200,-3.56,EUR/MWh,BE,BE,imbalance_price,Short,2026-08-03T03:49:42Z
2026-08-03T03:49:03Z,2026-08-03T05:49:03+0200,d815d4ad-795d-45eb-9ad8-9d704f7a3f43,2026-07-13T11:15:00Z,2026-07-13T13:15:00+0200,-5.95,EUR/MWh,BE,BE,imbalance_price,Long,2026-08-03T03:49:42Z
2026-08-03T03:49:03Z,2026-08-03T05:49:03+0200,d815d4ad-795d-45eb-9ad8-9d704f7a3f43,2026-07-13T11:15:00Z,2026-07-13T13:15:00+0200,-5.95,EUR/MWh,BE,BE,imbalance_price,Short,2026-08-03T03:49:42Z
2026-08-03T03:49:03Z,2026-08-03T05:49:03+0200,d815d4ad-795d-45eb-9ad8-9d704f7a3f43,2026-07-13T11:30:00Z,2026-07-13T13:30:00+0200,-20.4,EUR/MWh,BE,BE,imbalance_price,Long,2026-08-03T03:49:42Z
2026-08-03T03:49:03Z,2026-08-03T05:49:03+0200,d815d4ad-795d-45eb-9ad8-9d704f7a3f43,2026-07-13T11:30:00Z,2026-07-13T13:30:00+0200,-20.4,EUR/MWh,BE,BE,imbalance_price,Short,2026-08-03T03:49:42Z
2026-08-03T03:49:03Z,2026-08-03T05:49:03+0200,d815d4ad-795d-45eb-9ad8-9d704f7a3f43,2026-07-13T11:45:00Z,2026-07-13T13:45:00+0200,-14.23,EUR/MWh,BE,BE,imbalance_price,Long,2026-08-03T03:49:42Z
2026-08-03T03:49:03Z,2026-08-03T05:49:03+0200,d815d4ad-795d-45eb-9ad8-9d704f7a3f43,2026-07-13T11:45:00Z,2026-07-13T13:45:00+0200,-14.23,EUR/MWh,BE,BE,imbalance_price,Short,2026-08-03T03:49:42Z
2026-08-03T03:49:03Z,2026-08-03T05:49:03+0200,d815d4ad-795d-45eb-9ad8-9d704f7a3f43,2026-07-13T12:00:00Z,2026-07-13T14:00:00+0200,-1.0,EUR/MWh,BE,BE,imbalance_price,Long,2026-08-03T03:49:42Z
2026-08-03T03:49:03Z,2026-08-03T05:49:03+0200,d815d4ad-795d-45eb-9ad8-9d704f7a3f43,2026-07-13T12:00:00Z,2026-07-13T14:00:00+0200,-1.0,EUR/MWh,BE,BE,imbalance_price,Short,2026-08-03T03:49:42Z
2026-08-03T03:49:03Z,2026-08-03T05:49:03+0200,d815d4ad-795d-45eb-9ad8-9d704f7a3f43,2026-07-13T12:15:00Z,2026-07-13T14:15:00+0200,19.41,EUR/MWh,BE,BE,imbalance_price,Long,2026-08-03T03:49:42Z
2026-08-03T03:49:03Z,2026-08-03T05:49:03+0200,d815d4ad-795d-45eb-9ad8-9d704f7a3f43,2026-07-13T12:15:00Z,2026-07-13T14:15:00+0200,19.41,EUR/MWh,BE,BE,imbalance_price,Short,2026-08-03T03:49:42Z
2026-08-03T03:49:03Z,2026-08-03T05:49:03+0200,d815d4ad-795d-45eb-9ad8-9d704f7a3f43,2026-07-13T12:30:00Z,2026-07-13T14:30:00+0200,30.93,EUR/MWh,BE,BE,imbalance_price,Long,2026-08-03T03:49:42Z
2026-08-03T03:49:03Z,2026-08-03T05:49:03+0200,d815d4ad-795d-45eb-9ad8-9d704f7a3f43,2026-07-13T12:30:00Z,2026-07-13T14:30:00+0200,30.93,EUR/MWh,BE,BE,imbalance_price,Short,2026-08-03T03:49:42Z
2026-08-03T03:49:03Z,2026-08-03T05:49:03+0200,d815d4ad-795d-45eb-9ad8-9d704f7a3f43,2026-07-13T12:45:00Z,2026-07-13T14:45:00+0200,-22.54,EUR/MWh,BE,BE,imbalance_price,Long,2026-08-03T03:49:42Z
2026-08-03T03:49:03Z,2026-08-03T05:49:03+0200,d815d4ad-795d-45eb-9ad8-9d704f7a3f43,2026-07-13T12:45:00Z,2026-07-13T14:45:00+0200,-22.54,EUR/MWh,BE,BE,imbalance_price,Short,2026-08-03T03:49:42Z
2026-08-03T03:49:03Z,2026-08-03T05:49:03+0200,d815d4ad-795d-45eb-9ad8-9d704f7a3f43,2026-07-13T13:00:00Z,2026-07-13T15:00:00+0200,21.44,EUR/MWh,BE,BE,imbalance_price,Long,2026-08-03T03:49:42Z
2026-08-03T03:49:03Z,2026-08-03T05:49:03+0200,d815d4ad-795d-45eb-9ad8-9d704f7a3f43,2026-07-13T13:00:00Z,2026-07-13T15:00:00+0200,21.44,EUR/MWh,BE,BE,imbalance_price,Short,2026-08-03T03:49:42Z
2026-08-03T03:49:03Z,2026-08-03T05:49:03+0200,d815d4ad-795d-45eb-9ad8-9d704f7a3f43,2026-07-13T13:15:00Z,2026-07-13T15:15:00+0200,23.01,EUR/MWh,BE,BE,imbalance_price,Long,2026-08-03T03:49:42Z
2026-08-03T03:49:03Z,2026-08-03T05:49:03+0200,d815d4ad-795d-45eb-9ad8-9d704f7a3f43,2026-07-13T13:15:00Z,2026-07-13T15:15:00+0200,23.01,EUR/MWh,BE,BE,imbalance_price,Short,2026-08-03T03:49:42Z
2026-08-03T03:49:03Z,2026-08-03T05:49:03+0200,d815d4ad-795d-45eb-9ad8-9d704f7a3f43,2026-07-13T13:30:00Z,2026-07-13T15:30:00+0200,48.42,EUR/MWh,BE,BE,imbalance_price,Long,2026-08-03T03:49:42Z
2026-08-03T03:49:03Z,2026-08-03T05:49:03+0200,d815d4ad-795d-45eb-9ad8-9d704f7a3f43,2026-07-13T13:30:00Z,2026-07-13T15:30:00+0200,48.42,EUR/MWh,BE,BE,imbalance_price,Short,2026-08-03T03:49:42Z
2026-08-03T03:49:03Z,2026-08-03T05:49:03+0200,d815d4ad-795d-45eb-9ad8-9d704f7a3f43,2026-07-13T13:45:00Z,2026-07-13T15:45:00+0200,64.58,EUR/MWh,BE,BE,imbalance_price,Long,2026-08-03T03:49:42Z
2026-08-03T03:49:03Z,2026-08-03T05:49:03+0200,d815d4ad-795d-45eb-9ad8-9d704f7a3f43,2026-07-13T13:45:00Z,2026-07-13T15:45:00+0200,64.58,EUR/MWh,BE,BE,imbalance_price,Short,2026-08-03T03:49:42Z
2026-08-03T03:49:03Z,2026-08-03T05:49:03+0200,d815d4ad-795d-45eb-9ad8-9d704f7a3f43,2026-07-13T14:00:00Z,2026-07-13T16:00:00+0200,77.49,EUR/MWh,BE,BE,imbalance_price,Long,2026-08-03T03:49:42Z
2026-08-03T03:49:03Z,2026-08-03T05:49:03+0200,d815d4ad-795d-45eb-9ad8-9d704f7a3f43,2026-07-13T14:00:00Z,2026-07-13T16:00:00+0200,77.49,EUR/MWh,BE,BE,imbalance_price,Short,2026-08-03T03:49:42Z
2026-08-03T03:49:03Z,2026-08-03T05:49:03+0200,d815d4ad-795d-45eb-9ad8-9d704f7a3f43,2026-07-13T14:15:00Z,2026-07-13T16:15:00+0200,142.82,EUR/MWh,BE,BE,imbalance_price,Long,2026-08-03T03:49:42Z
2026-08-03T03:49:03Z,2026-08-03T05:49:03+0200,d815d4ad-795d-45eb-9ad8-9d704f7a3f43,2026-07-13T14:15:00Z,2026-07-13T16:15:00+0200,142.82,EUR/MWh,BE,BE,imbalance_price,Short,2026-08-03T03:49:42Z
2026-08-03T03:49:03Z,2026-08-03T05:49:03+0200,d815d4ad-795d-45eb-9ad8-9d704f7a3f43,2026-07-13T14:30:00Z,2026-07-13T16:30:00+0200,139.09,EUR/MWh,BE,BE,imbalance_price,Long,2026-08-03T03:49:42Z
2026-08-03T03:49:03Z,2026-08-03T05:49:03+0200,d815d4ad-795d-45eb-9ad8-9d704f7a3f43,2026-07-13T14:30:00Z,2026-07-13T16:30:00+0200,139.09,EUR/MWh,BE,BE,imbalance_price,Short,2026-08-03T03:49:42Z
2026-08-03T03:49:03Z,2026-08-03T05:49:03+0200,d815d4ad-795d-45eb-9ad8-9d704f7a3f43,2026-07-13T14:45:00Z,2026-07-13T16:45:00+0200,152.8,EUR/MWh,BE,BE,imbalance_price,Long,2026-08-03T03:49:42Z
2026-08-03T03:49:03Z,2026-08-03T05:49:03+0200,d815d4ad-795d-45eb-9ad8-9d704f7a3f43,2026-07-13T14:45:00Z,2026-07-13T16:45:00+0200,152.8,EUR/MWh,BE,BE,imbalance_price,Short,2026-08-03T03:49:42Z
2026-08-03T03:49:03Z,2026-08-03T05:49:03+0200,d815d4ad-795d-45eb-9ad8-9d704f7a3f43,2026-07-13T15:00:00Z,2026-07-13T17:00:00+0200,140.13,EUR/MWh,BE,BE,imbalance_price,Long,2026-08-03T03:49:42Z
2026-08-03T03:49:03Z,2026-08-03T05:49:03+0200,d815d4ad-795d-45eb-9ad8-9d704f7a3f43,2026-07-13T15:00:00Z,2026-07-13T17:00:00+0200,140.13,EUR/MWh,BE,BE,imbalance_price,Short,2026-08-03T03:49:42Z
2026-08-03T03:49:03Z,2026-08-03T05:49:03+0200,d815d4ad-795d-45eb-9ad8-9d704f7a3f43,2026-07-13T15:15:00Z,2026-07-13T17:15:00+0200,146.23,EUR/MWh,BE,BE,imbalance_price,Long,2026-08-03T03:49:42Z
2026-08-03T03:49:03Z,2026-08-03T05:49:03+0200,d815d4ad-795d-45eb-9ad8-9d704f7a3f43,2026-07-13T15:15:00Z,2026-07-13T17:15:00+0200,146.23,EUR/MWh,BE,BE,imbalance_price,Short,2026-08-03T03:49:42Z
2026-08-03T03:49:03Z,2026-08-03T05:49:03+0200,d815d4ad-795d-45eb-9ad8-9d704f7a3f43,2026-07-13T15:30:00Z,2026-07-13T17:30:00+0200,165.13,EUR/MWh,BE,BE,imbalance_price,Long,2026-08-03T03:49:42Z
2026-08-03T03:49:03Z,2026-08-03T05:49:03+0200,d815d4ad-795d-45eb-9ad8-9d704f7a3f43,2026-07-13T15:30:00Z,2026-07-13T17:30:00+0200,165.13,EUR/MWh,BE,BE,imbalance_price,Short,2026-08-03T03:49:42Z
2026-08-03T03:49:03Z,2026-08-03T05:49:03+0200,d815d4ad-795d-45eb-9ad8-9d704f7a3f43,2026-07-13T15:45:00Z,2026-07-13T17:45:00+0200,119.7,EUR/MWh,BE,BE,imbalance_price,Long,2026-08-03T03:49:42Z
2026-08-03T03:49:03Z,2026-08-03T05:49:03+0200,d815d4ad-795d-45eb-9ad8-9d704f7a3f43,2026-07-13T15:45:00Z,2026-07-13T17:45:00+0200,119.7,EUR/MWh,BE,BE,imbalance_price,Short,2026-08-03T03:49:42Z
2026-08-03T03:49:03Z,2026-08-03T05:49:03+0200,d815d4ad-795d-45eb-9ad8-9d704f7a3f43,2026-07-13T16:00:00Z,2026-07-13T18:00:00+0200,115.22,EUR/MWh,BE,BE,imbalance_price,Long,2026-08-03T03:49:42Z
2026-08-03T03:49:03Z,2026-08-03T05:49:03+0200,d815d4ad-795d-45eb-9ad8-9d704f7a3f43,2026-07-13T16:00:00Z,2026-07-13T18:00:00+0200,115.22,EUR/MWh,BE,BE,imbalance_price,Short,2026-08-03T03:49:42Z
2026-08-03T03:49:03Z,2026-08-03T05:49:03+0200,d815d4ad-795d-45eb-9ad8-9d704f7a3f43,2026-07-13T16:15:00Z,2026-07-13T18:15:00+0200,119.64,EUR/MWh,BE,BE,imbalance_price,Long,2026-08-03T03:49:42Z
2026-08-03T03:49:03Z,2026-08-03T05:49:03+0200,d815d4ad-795d-45eb-9ad8-9d704f7a3f43,2026-07-13T16:15:00Z,2026-07-13T18:15:00+0200,119.64,EUR/MWh,BE,BE,imbalance_price,Short,2026-08-03T03:49:42Z
2026-08-03T03:49:03Z,2026-08-03T05:49:03+0200,d815d4ad-795d-45eb-9ad8-9d704f7a3f43,2026-07-13T16:30:00Z,2026-07-13T18:30:00+0200,122.7,EUR/MWh,BE,BE,imbalance_price,Long,2026-08-03T03:49:42Z
2026-08-03T03:49:03Z,2026-08-03T05:49:03+0200,d815d4ad-795d-45eb-9ad8-9d704f7a3f43,2026-07-13T16:30:00Z,2026-07-13T18:30:00+0200,122.7,EUR/MWh,BE,BE,imbalance_price,Short,2026-08-03T03:49:42Z
2026-08-03T03:49:03Z,2026-08-03T05:49:03+0200,d815d4ad-795d-45eb-9ad8-9d704f7a3f43,2026-07-13T16:45:00Z,2026-07-13T18:45:00+0200,110.15,EUR/MWh,BE,BE,imbalance_price,Long,2026-08-03T03:49:42Z
2026-08-03T03:49:03Z,2026-08-03T05:49:03+0200,d815d4ad-795d-45eb-9ad8-9d704f7a3f43,2026-07-13T16:45:00Z,2026-07-13T18:45:00+0200,110.15,EUR/MWh,BE,BE,imbalance_price,Short,2026-08-03T03:49:42Z
2026-08-03T03:49:03Z,2026-08-03T05:49:03+0200,d815d4ad-795d-45eb-9ad8-9d704f7a3f43,2026-07-13T17:00:00Z,2026-07-13T19:00:00+0200,139.77,EUR/MWh,BE,BE,imbalance_price,Long,2026-08-03T03:49:42Z
2026-08-03T03:49:03Z,2026-08-03T05:49:03+0200,d815d4ad-795d-45eb-9ad8-9d704f7a3f43,2026-07-13T17:00:00Z,2026-07-13T19:00:00+0200,139.77,EUR/MWh,BE,BE,imbalance_price,Short,2026-08-03T03:49:42Z
2026-08-03T03:49:03Z,2026-08-03T05:49:03+0200,d815d4ad-795d-45eb-9ad8-9d704f7a3f43,2026-07-13T17:15:00Z,2026-07-13T19:15:00+0200,115.02,EUR/MWh,BE,BE,imbalance_price,Long,2026-08-03T03:49:42Z
2026-08-03T03:49:03Z,2026-08-03T05:49:03+0200,d815d4ad-795d-45eb-9ad8-9d704f7a3f43,2026-07-13T17:15:00Z,2026-07-13T19:15:00+0200,115.02,EUR/MWh,BE,BE,imbalance_price,Short,2026-08-03T03:49:42Z
2026-08-03T03:49:03Z,2026-08-03T05:49:03+0200,d815d4ad-795d-45eb-9ad8-9d704f7a3f43,2026-07-13T17:30:00Z,2026-07-13T19:30:00+0200,156.49,EUR/MWh,BE,BE,imbalance_price,Long,2026-08-03T03:49:42Z
2026-08-03T03:49:03Z,2026-08-03T05:49:03+0200,d815d4ad-795d-45eb-9ad8-9d704f7a3f43,2026-07-13T17:30:00Z,2026-07-13T19:30:00+0200,156.49,EUR/MWh,BE,BE,imbalance_price,Short,2026-08-03T03:49:42Z
2026-08-03T03:49:03Z,2026-08-03T05:49:03+0200,d815d4ad-795d-45eb-9ad8-9d704f7a3f43,2026-07-13T17:45:00Z,2026-07-13T19:45:00+0200,162.08,EUR/MWh,BE,BE,imbalance_price,Long,2026-08-03T03:49:42Z
2026-08-03T03:49:03Z,2026-08-03T05:49:03+0200,d815d4ad-795d-45eb-9ad8-9d704f7a3f43,2026-07-13T17:45:00Z,2026-07-13T19:45:00+0200,162.08,EUR/MWh,BE,BE,imbalance_price,Short,2026-08-03T03:49:42Z
2026-08-03T03:49:03Z,2026-08-03T05:49:03+0200,d815d4ad-795d-45eb-9ad8-9d704f7a3f43,2026-07-13T18:00:00Z,2026-07-13T20:00:00+0200,153.03,EUR/MWh,BE,BE,imbalance_price,Long,2026-08-03T03:49:42Z
2026-08-03T03:49:03Z,2026-08-03T05:49:03+0200,d815d4ad-795d-45eb-9ad8-9d704f7a3f43,2026-07-13T18:00:00Z,2026-07-13T20:00:00+0200,153.03,EUR/MWh,BE,BE,imbalance_price,Short,2026-08-03T03:49:42Z
2026-08-03T03:49:03Z,2026-08-03T05:49:03+0200,d815d4ad-795d-45eb-9ad8-9d704f7a3f43,2026-07-13T18:15:00Z,2026-07-13T20:15:00+0200,153.58,EUR/MWh,BE,BE,imbalance_price,Long,2026-08-03T03:49:42Z
2026-08-03T03:49:03Z,2026-08-03T05:49:03+0200,d815d4ad-795d-45eb-9ad8-9d704f7a3f43,2026-07-13T18:15:00Z,2026-07-13T20:15:00+0200,153.58,EUR/MWh,BE,BE,imbalance_price,Short,2026-08-03T03:49:42Z
2026-08-03T03:49:03Z,2026-08-03T05:49:03+0200,d815d4ad-795d-45eb-9ad8-9d704f7a3f43,2026-07-13T18:30:00Z,2026-07-13T20:30:00+0200,153.37,EUR/MWh,BE,BE,imbalance_price,Long,2026-08-03T03:49:42Z
2026-08-03T03:49:03Z,2026-08-03T05:49:03+0200,d815d4ad-795d-45eb-9ad8-9d704f7a3f43,2026-07-13T18:30:00Z,2026-07-13T20:30:00+0200,153.37,EUR/MWh,BE,BE,imbalance_price,Short,2026-08-03T03:49:42Z
2026-08-03T03:49:03Z,2026-08-03T05:49:03+0200,d815d4ad-795d-45eb-9ad8-9d704f7a3f43,2026-07-13T18:45:00Z,2026-07-13T20:45:00+0200,126.77,EUR/MWh,BE,BE,imbalance_price,Long,2026-08-03T03:49:42Z
2026-08-03T03:49:03Z,2026-08-03T05:49:03+0200,d815d4ad-795d-45eb-9ad8-9d704f7a3f43,2026-07-13T18:45:00Z,2026-07-13T20:45:00+0200,126.77,EUR/MWh,BE,BE,imbalance_price,Short,2026-08-03T03:49:42Z
2026-08-03T03:49:03Z,2026-08-03T05:49:03+0200,d815d4ad-795d-45eb-9ad8-9d704f7a3f43,2026-07-13T19:00:00Z,2026-07-13T21:00:00+0200,160.75,EUR/MWh,BE,BE,imbalance_price,Long,2026-08-03T03:49:42Z
2026-08-03T03:49:03Z,2026-08-03T05:49:03+0200,d815d4ad-795d-45eb-9ad8-9d704f7a3f43,2026-07-13T19:00:00Z,2026-07-13T21:00:00+0200,160.75,EUR/MWh,BE,BE,imbalance_price,Short,2026-08-03T03:49:42Z
2026-08-03T03:49:03Z,2026-08-03T05:49:03+0200,d815d4ad-795d-45eb-9ad8-9d704f7a3f43,2026-07-13T19:15:00Z,2026-07-13T21:15:00+0200,129.03,EUR/MWh,BE,BE,imbalance_price,Long,2026-08-03T03:49:42Z
2026-08-03T03:49:03Z,2026-08-03T05:49:03+0200,d815d4ad-795d-45eb-9ad8-9d704f7a3f43,2026-07-13T19:15:00Z,2026-07-13T21:15:00+0200,129.03,EUR/MWh,BE,BE,imbalance_price,Short,2026-08-03T03:49:42Z
2026-08-03T03:49:03Z,2026-08-03T05:49:03+0200,d815d4ad-795d-45eb-9ad8-9d704f7a3f43,2026-07-13T19:30:00Z,2026-07-13T21:30:00+0200,137.26,EUR/MWh,BE,BE,imbalance_price,Long,2026-08-03T03:49:42Z
2026-08-03T03:49:03Z,2026-08-03T05:49:03+0200,d815d4ad-795d-45eb-9ad8-9d704f7a3f43,2026-07-13T19:30:00Z,2026-07-13T21:30:00+0200,137.26,EUR/MWh,BE,BE,imbalance_price,Short,2026-08-03T03:49:42Z
2026-08-03T03:49:03Z,2026-08-03T05:49:03+0200,d815d4ad-795d-45eb-9ad8-9d704f7a3f43,2026-07-13T19:45:00Z,2026-07-13T21:45:00+0200,149.24,EUR/MWh,BE,BE,imbalance_price,Long,2026-08-03T03:49:42Z
2026-08-03T03:49:03Z,2026-08-03T05:49:03+0200,d815d4ad-795d-45eb-9ad8-9d704f7a3f43,2026-07-13T19:45:00Z,2026-07-13T21:45:00+0200,149.24,EUR/MWh,BE,BE,imbalance_price,Short,2026-08-03T03:49:42Z
2026-08-03T03:49:03Z,2026-08-03T05:49:03+0200,d815d4ad-795d-45eb-9ad8-9d704f7a3f43,2026-07-13T20:00:00Z,2026-07-13T22:00:00+0200,158.84,EUR/MWh,BE,BE,imbalance_price,Long,2026-08-03T03:49:42Z
2026-08-03T03:49:03Z,2026-08-03T05:49:03+0200,d815d4ad-795d-45eb-9ad8-9d704f7a3f43,2026-07-13T20:00:00Z,2026-07-13T22:00:00+0200,158.84,EUR/MWh,BE,BE,imbalance_price,Short,2026-08-03T03:49:42Z
2026-08-03T03:49:03Z,2026-08-03T05:49:03+0200,d815d4ad-795d-45eb-9ad8-9d704f7a3f43,2026-07-13T20:15:00Z,2026-07-13T22:15:00+0200,154.19,EUR/MWh,BE,BE,imbalance_price,Long,2026-08-03T03:49:42Z
2026-08-03T03:49:03Z,2026-08-03T05:49:03+0200,d815d4ad-795d-45eb-9ad8-9d704f7a3f43,2026-07-13T20:15:00Z,2026-07-13T22:15:00+0200,154.19,EUR/MWh,BE,BE,imbalance_price,Short,2026-08-03T03:49:42Z
2026-08-03T03:49:03Z,2026-08-03T05:49:03+0200,d815d4ad-795d-45eb-9ad8-9d704f7a3f43,2026-07-13T20:30:00Z,2026-07-13T22:30:00+0200,153.72,EUR/MWh,BE,BE,imbalance_price,Long,2026-08-03T03:49:42Z
2026-08-03T03:49:03Z,2026-08-03T05:49:03+0200,d815d4ad-795d-45eb-9ad8-9d704f7a3f43,2026-07-13T20:30:00Z,2026-07-13T22:30:00+0200,153.72,EUR/MWh,BE,BE,imbalance_price,Short,2026-08-03T03:49:42Z
2026-08-03T03:49:03Z,2026-08-03T05:49:03+0200,d815d4ad-795d-45eb-9ad8-9d704f7a3f43,2026-07-13T20:45:00Z,2026-07-13T22:45:00+0200,162.84,EUR/MWh,BE,BE,imbalance_price,Long,2026-08-03T03:49:42Z
2026-08-03T03:49:03Z,2026-08-03T05:49:03+0200,d815d4ad-795d-45eb-9ad8-9d704f7a3f43,2026-07-13T20:45:00Z,2026-07-13T22:45:00+0200,162.84,EUR/MWh,BE,BE,imbalance_price,Short,2026-08-03T03:49:42Z
2026-08-03T03:49:03Z,2026-08-03T05:49:03+0200,d815d4ad-795d-45eb-9ad8-9d704f7a3f43,2026-07-13T21:00:00Z,2026-07-13T23:00:00+0200,210.0,EUR/MWh,BE,BE,imbalance_price,Long,2026-08-03T03:49:42Z
2026-08-03T03:49:03Z,2026-08-03T05:49:03+0200,d815d4ad-795d-45eb-9ad8-9d704f7a3f43,2026-07-13T21:00:00Z,2026-07-13T23:00:00+0200,210.0,EUR/MWh,BE,BE,imbalance_price,Short,2026-08-03T03:49:42Z
2026-08-03T03:49:03Z,2026-08-03T05:49:03+0200,d815d4ad-795d-45eb-9ad8-9d704f7a3f43,2026-07-13T21:15:00Z,2026-07-13T23:15:00+0200,167.14,EUR/MWh,BE,BE,imbalance_price,Long,2026-08-03T03:49:42Z
2026-08-03T03:49:03Z,2026-08-03T05:49:03+0200,d815d4ad-795d-45eb-9ad8-9d704f7a3f43,2026-07-13T21:15:00Z,2026-07-13T23:15:00+0200,167.14,EUR/MWh,BE,BE,imbalance_price,Short,2026-08-03T03:49:42Z
2026-08-03T03:49:03Z,2026-08-03T05:49:03+0200,d815d4ad-795d-45eb-9ad8-9d704f7a3f43,2026-07-13T21:30:00Z,2026-07-13T23:30:00+0200,185.66,EUR/MWh,BE,BE,imbalance_price,Long,2026-08-03T03:49:42Z
2026-08-03T03:49:03Z,2026-08-03T05:49:03+0200,d815d4ad-795d-45eb-9ad8-9d704f7a3f43,2026-07-13T21:30:00Z,2026-07-13T23:30:00+0200,185.66,EUR/MWh,BE,BE,imbalance_price,Short,2026-08-03T03:49:42Z
2026-08-03T03:49:03Z,2026-08-03T05:49:03+0200,d815d4ad-795d-45eb-9ad8-9d704f7a3f43,2026-07-13T21:45:00Z,2026-07-13T23:45:00+0200,138.52,EUR/MWh,BE,BE,imbalance_price,Long,2026-08-03T03:49:42Z
2026-08-03T03:49:03Z,2026-08-03T05:49:03+0200,d815d4ad-795d-45eb-9ad8-9d704f7a3f43,2026-07-13T21:45:00Z,2026-07-13T23:45:00+0200,138.52,EUR/MWh,BE,BE,imbalance_price,Short,2026-08-03T03:49:42Z
2026-08-03T03:49:03Z,2026-08-03T05:49:03+0200,d815d4ad-795d-45eb-9ad8-9d704f7a3f43,2026-07-13T22:00:00Z,2026-07-14T00:00:00+0200,165.96,EUR/MWh,BE,BE,imbalance_price,Long,2026-08-03T03:49:42Z
2026-08-03T03:49:03Z,2026-08-03T05:49:03+0200,d815d4ad-795d-45eb-9ad8-9d704f7a3f43,2026-07-13T22:00:00Z,2026-07-14T00:00:00+0200,165.96,EUR/MWh,BE,BE,imbalance_price,Short,2026-08-03T03:49:42Z
2026-08-03T03:49:03Z,2026-08-03T05:49:03+0200,d815d4ad-795d-45eb-9ad8-9d704f7a3f43,2026-07-13T22:15:00Z,2026-07-14T00:15:00+0200,145.93,EUR/MWh,BE,BE,imbalance_price,Long,2026-08-03T03:49:42Z
2026-08-03T03:49:03Z,2026-08-03T05:49:03+0200,d815d4ad-795d-45eb-9ad8-9d704f7a3f43,2026-07-13T22:15:00Z,2026-07-14T00:15:00+0200,145.93,EUR/MWh,BE,BE,imbalance_price,Short,2026-08-03T03:49:42Z
2026-08-03T03:49:03Z,2026-08-03T05:49:03+0200,d815d4ad-795d-45eb-9ad8-9d704f7a3f43,2026-07-13T22:30:00Z,2026-07-14T00:30:00+0200,160.26,EUR/MWh,BE,BE,imbalance_price,Long,2026-08-03T03:49:42Z
2026-08-03T03:49:03Z,2026-08-03T05:49:03+0200,d815d4ad-795d-45eb-9ad8-9d704f7a3f43,2026-07-13T22:30:00Z,2026-07-14T00:30:00+0200,160.26,EUR/MWh,BE,BE,imbalance_price,Short,2026-08-03T03:49:42Z
2026-08-03T03:49:03Z,2026-08-03T05:49:03+0200,d815d4ad-795d-45eb-9ad8-9d704f7a3f43,2026-07-13T22:45:00Z,2026-07-14T00:45:00+0200,139.85,EUR/MWh,BE,BE,imbalance_price,Long,2026-08-03T03:49:42Z
2026-08-03T03:49:03Z,2026-08-03T05:49:03+0200,d815d4ad-795d-45eb-9ad8-9d704f7a3f43,2026-07-13T22:45:00Z,2026-07-14T00:45:00+0200,139.85,EUR/MWh,BE,BE,imbalance_price,Short,2026-08-03T03:49:42Z
2026-08-03T03:49:03Z,2026-08-03T05:49:03+0200,d815d4ad-795d-45eb-9ad8-9d704f7a3f43,2026-07-13T23:00:00Z,2026-07-14T01:00:00+0200,120.98,EUR/MWh,BE,BE,imbalance_price,Long,2026-08-03T03:49:42Z
2026-08-03T03:49:03Z,2026-08-03T05:49:03+0200,d815d4ad-795d-45eb-9ad8-9d704f7a3f43,2026-07-13T23:00:00Z,2026-07-14T01:00:00+0200,120.98,EUR/MWh,BE,BE,imbalance_price,Short,2026-08-03T03:49:42Z
2026-08-03T03:49:03Z,2026-08-03T05:49:03+0200,d815d4ad-795d-45eb-9ad8-9d704f7a3f43,2026-07-13T23:15:00Z,2026-07-14T01:15:00+0200,155.05,EUR/MWh,BE,BE,imbalance_price,Long,2026-08-03T03:49:42Z
2026-08-03T03:49:03Z,2026-08-03T05:49:03+0200,d815d4ad-795d-45eb-9ad8-9d704f7a3f43,2026-07-13T23:15:00Z,2026-07-14T01:15:00+0200,155.05,EUR/MWh,BE,BE,imbalance_price,Short,2026-08-03T03:49:42Z
2026-08-03T03:49:03Z,2026-08-03T05:49:03+0200,d815d4ad-795d-45eb-9ad8-9d704f7a3f43,2026-07-13T23:30:00Z,2026-07-14T01:30:00+0200,136.18,EUR/MWh,BE,BE,imbalance_price,Long,2026-08-03T03:49:42Z
2026-08-03T03:49:03Z,2026-08-03T05:49:03+0200,d815d4ad-795d-45eb-9ad8-9d704f7a3f43,2026-07-13T23:30:00Z,2026-07-14T01:30:00+0200,136.18,EUR/MWh,BE,BE,imbalance_price,Short,2026-08-03T03:49:42Z
2026-08-03T03:49:03Z,2026-08-03T05:49:03+0200,d815d4ad-795d-45eb-9ad8-9d704f7a3f43,2026-07-13T23:45:00Z,2026-07-14T01:45:00+0200,118.36,EUR/MWh,BE,BE,imbalance_price,Long,2026-08-03T03:49:42Z
2026-08-03T03:49:03Z,2026-08-03T05:49:03+0200,d815d4ad-795d-45eb-9ad8-9d704f7a3f43,2026-07-13T23:45:00Z,2026-07-14T01:45:00+0200,118.36,EUR/MWh,BE,BE,imbalance_price,Short,2026-08-03T03:49:42Z
2026-08-03T03:49:03Z,2026-08-03T05:49:03+0200,d815d4ad-795d-45eb-9ad8-9d704f7a3f43,2026-07-14T00:00:00Z,2026-07-14T02:00:00+0200,121.16,EUR/MWh,BE,BE,imbalance_price,Long,2026-08-03T03:49:42Z
2026-08-03T03:49:03Z,2026-08-03T05:49:03+0200,d815d4ad-795d-45eb-9ad8-9d704f7a3f43,2026-07-14T00:00:00Z,2026-07-14T02:00:00+0200,121.16,EUR/MWh,BE,BE,imbalance_price,Short,2026-08-03T03:49:42Z
2026-08-03T03:49:03Z,2026-08-03T05:49:03+0200,d815d4ad-795d-45eb-9ad8-9d704f7a3f43,2026-07-14T00:15:00Z,2026-07-14T02:15:00+0200,137.64,EUR/MWh,BE,BE,imbalance_price,Long,2026-08-03T03:49:42Z
2026-08-03T03:49:03Z,2026-08-03T05:49:03+0200,d815d4ad-795d-45eb-9ad8-9d704f7a3f43,2026-07-14T00:15:00Z,2026-07-14T02:15:00+0200,137.64,EUR/MWh,BE,BE,imbalance_price,Short,2026-08-03T03:49:42Z
2026-08-03T03:49:03Z,2026-08-03T05:49:03+0200,d815d4ad-795d-45eb-9ad8-9d704f7a3f43,2026-07-14T00:30:00Z,2026-07-14T02:30:00+0200,110.18,EUR/MWh,BE,BE,imbalance_price,Long,2026-08-03T03:49:42Z
2026-08-03T03:49:03Z,2026-08-03T05:49:03+0200,d815d4ad-795d-45eb-9ad8-9d704f7a3f43,2026-07-14T00:30:00Z,2026-07-14T02:30:00+0200,110.18,EUR/MWh,BE,BE,imbalance_price,Short,2026-08-03T03:49:42Z
2026-08-03T03:49:03Z,2026-08-03T05:49:03+0200,d815d4ad-795d-45eb-9ad8-9d704f7a3f43,2026-07-14T00:45:00Z,2026-07-14T02:45:00+0200,116.0,EUR/MWh,BE,BE,imbalance_price,Long,2026-08-03T03:49:42Z
2026-08-03T03:49:03Z,2026-08-03T05:49:03+0200,d815d4ad-795d-45eb-9ad8-9d704f7a3f43,2026-07-14T00:45:00Z,2026-07-14T02:45:00+0200,116.0,EUR/MWh,BE,BE,imbalance_price,Short,2026-08-03T03:49:42Z
2026-08-03T03:49:03Z,2026-08-03T05:49:03+0200,d815d4ad-795d-45eb-9ad8-9d704f7a3f43,2026-07-14T01:00:00Z,2026-07-14T03:00:00+0200,156.42,EUR/MWh,BE,BE,imbalance_price,Long,2026-08-03T03:49:42Z
2026-08-03T03:49:03Z,2026-08-03T05:49:03+0200,d815d4ad-795d-45eb-9ad8-9d704f7a3f43,2026-07-14T01:00:00Z,2026-07-14T03:00:00+0200,156.42,EUR/MWh,BE,BE,imbalance_price,Short,2026-08-03T03:49:42Z
2026-08-03T03:49:03Z,2026-08-03T05:49:03+0200,d815d4ad-795d-45eb-9ad8-9d704f7a3f43,2026-07-14T01:15:00Z,2026-07-14T03:15:00+0200,152.65,EUR/MWh,BE,BE,imbalance_price,Long,2026-08-03T03:49:42Z
2026-08-03T03:49:03Z,2026-08-03T05:49:03+0200,d815d4ad-795d-45eb-9ad8-9d704f7a3f43,2026-07-14T01:15:00Z,2026-07-14T03:15:00+0200,152.65,EUR/MWh,BE,BE,imbalance_price,Short,2026-08-03T03:49:42Z
2026-08-03T03:49:03Z,2026-08-03T05:49:03+0200,d815d4ad-795d-45eb-9ad8-9d704f7a3f43,2026-07-14T01:30:00Z,2026-07-14T03:30:00+0200,152.92,EUR/MWh,BE,BE,imbalance_price,Long,2026-08-03T03:49:42Z
2026-08-03T03:49:03Z,2026-08-03T05:49:03+0200,d815d4ad-795d-45eb-9ad8-9d704f7a3f43,2026-07-14T01:30:00Z,2026-07-14T03:30:00+0200,152.92,EUR/MWh,BE,BE,imbalance_price,Short,2026-08-03T03:49:42Z
2026-08-03T03:49:03Z,2026-08-03T05:49:03+0200,d815d4ad-795d-45eb-9ad8-9d704f7a3f43,2026-07-14T01:45:00Z,2026-07-14T03:45:00+0200,143.99,EUR/MWh,BE,BE,imbalance_price,Long,2026-08-03T03:49:42Z
2026-08-03T03:49:03Z,2026-08-03T05:49:03+0200,d815d4ad-795d-45eb-9ad8-9d704f7a3f43,2026-07-14T01:45:00Z,2026-07-14T03:45:00+0200,143.99,EUR/MWh,BE,BE,imbalance_price,Short,2026-08-03T03:49:42Z
2026-08-03T03:49:03Z,2026-08-03T05:49:03+0200,d815d4ad-795d-45eb-9ad8-9d704f7a3f43,2026-07-14T02:00:00Z,2026-07-14T04:00:00+0200,154.91,EUR/MWh,BE,BE,imbalance_price,Long,2026-08-03T03:49:42Z
2026-08-03T03:49:03Z,2026-08-03T05:49:03+0200,d815d4ad-795d-45eb-9ad8-9d704f7a3f43,2026-07-14T02:00:00Z,2026-07-14T04:00:00+0200,154.91,EUR/MWh,BE,BE,imbalance_price,Short,2026-08-03T03:49:42Z
2026-08-03T03:49:03Z,2026-08-03T05:49:03+0200,d815d4ad-795d-45eb-9ad8-9d704f7a3f43,2026-07-14T02:15:00Z,2026-07-14T04:15:00+0200,140.68,EUR/MWh,BE,BE,imbalance_price,Long,2026-08-03T03:49:42Z
2026-08-03T03:49:03Z,2026-08-03T05:49:03+0200,d815d4ad-795d-45eb-9ad8-9d704f7a3f43,2026-07-14T02:15:00Z,2026-07-14T04:15:00+0200,140.68,EUR/MWh,BE,BE,imbalance_price,Short,2026-08-03T03:49:42Z
2026-08-03T03:49:03Z,2026-08-03T05:49:03+0200,d815d4ad-795d-45eb-9ad8-9d704f7a3f43,2026-07-14T02:30:00Z,2026-07-14T04:30:00+0200,129.11,EUR/MWh,BE,BE,imbalance_price,Long,2026-08-03T03:49:42Z
2026-08-03T03:49:03Z,2026-08-03T05:49:03+0200,d815d4ad-795d-45eb-9ad8-9d704f7a3f43,2026-07-14T02:30:00Z,2026-07-14T04:30:00+0200,129.11,EUR/MWh,BE,BE,imbalance_price,Short,2026-08-03T03:49:42Z
2026-08-03T03:49:03Z,2026-08-03T05:49:03+0200,d815d4ad-795d-45eb-9ad8-9d704f7a3f43,2026-07-14T02:45:00Z,2026-07-14T04:45:00+0200,169.0,EUR/MWh,BE,BE,imbalance_price,Long,2026-08-03T03:49:42Z
2026-08-03T03:49:03Z,2026-08-03T05:49:03+0200,d815d4ad-795d-45eb-9ad8-9d704f7a3f43,2026-07-14T02:45:00Z,2026-07-14T04:45:00+0200,169.0,EUR/MWh,BE,BE,imbalance_price,Short,2026-08-03T03:49:42Z
2026-08-03T03:49:03Z,2026-08-03T05:49:03+0200,d815d4ad-795d-45eb-9ad8-9d704f7a3f43,2026-07-14T03:00:00Z,2026-07-14T05:00:00+0200,148.31,EUR/MWh,BE,BE,imbalance_price,Long,2026-08-03T03:49:42Z
2026-08-03T03:49:03Z,2026-08-03T05:49:03+0200,d815d4ad-795d-45eb-9ad8-9d704f7a3f43,2026-07-14T03:00:00Z,2026-07-14T05:00:00+0200,148.31,EUR/MWh,BE,BE,imbalance_price,Short,2026-08-03T03:49:42Z
2026-08-03T03:49:03Z,2026-08-03T05:49:03+0200,d815d4ad-795d-45eb-9ad8-9d704f7a3f43,2026-07-14T03:15:00Z,2026-07-14T05:15:00+0200,127.91,EUR/MWh,BE,BE,imbalance_price,Long,2026-08-03T03:49:42Z
2026-08-03T03:49:03Z,2026-08-03T05:49:03+0200,d815d4ad-795d-45eb-9ad8-9d704f7a3f43,2026-07-14T03:15:00Z,2026-07-14T05:15:00+0200,127.91,EUR/MWh,BE,BE,imbalance_price,Short,2026-08-03T03:49:42Z
2026-08-03T03:49:03Z,2026-08-03T05:49:03+0200,d815d4ad-795d-45eb-9ad8-9d704f7a3f43,2026-07-14T03:30:00Z,2026-07-14T05:30:00+0200,107.05,EUR/MWh,BE,BE,imbalance_price,Long,2026-08-03T03:49:42Z
2026-08-03T03:49:03Z,2026-08-03T05:49:03+0200,d815d4ad-795d-45eb-9ad8-9d704f7a3f43,2026-07-14T03:30:00Z,2026-07-14T05:30:00+0200,107.05,EUR/MWh,BE,BE,imbalance_price,Short,2026-08-03T03:49:42Z
2026-08-03T03:49:03Z,2026-08-03T05:49:03+0200,d815d4ad-795d-45eb-9ad8-9d704f7a3f43,2026-07-14T03:45:00Z,2026-07-14T05:45:00+0200,110.58,EUR/MWh,BE,BE,imbalance_price,Long,2026-08-03T03:49:42Z
2026-08-03T03:49:03Z,2026-08-03T05:49:03+0200,d815d4ad-795d-45eb-9ad8-9d704f7a3f43,2026-07-14T03:45:00Z,2026-07-14T05:45:00+0200,110.58,EUR/MWh,BE,BE,imbalance_price,Short,2026-08-03T03:49:42Z
2026-08-03T03:49:03Z,2026-08-03T05:49:03+0200,d815d4ad-795d-45eb-9ad8-9d704f7a3f43,2026-07-14T04:00:00Z,2026-07-14T06:00:00+0200,158.86,EUR/MWh,BE,BE,imbalance_price,Long,2026-08-03T03:49:42Z
2026-08-03T03:49:03Z,2026-08-03T05:49:03+0200,d815d4ad-795d-45eb-9ad8-9d704f7a3f43,2026-07-14T04:00:00Z,2026-07-14T06:00:00+0200,158.86,EUR/MWh,BE,BE,imbalance_price,Short,2026-08-03T03:49:42Z
2026-08-03T03:49:03Z,2026-08-03T05:49:03+0200,d815d4ad-795d-45eb-9ad8-9d704f7a3f43,2026-07-14T04:15:00Z,2026-07-14T06:15:00+0200,161.12,EUR/MWh,BE,BE,imbalance_price,Long,2026-08-03T03:49:42Z
2026-08-03T03:49:03Z,2026-08-03T05:49:03+0200,d815d4ad-795d-45eb-9ad8-9d704f7a3f43,2026-07-14T04:15:00Z,2026-07-14T06:15:00+0200,161.12,EUR/MWh,BE,BE,imbalance_price,Short,2026-08-03T03:49:42Z
2026-08-03T03:49:03Z,2026-08-03T05:49:03+0200,d815d4ad-795d-45eb-9ad8-9d704f7a3f43,2026-07-14T04:30:00Z,2026-07-14T06:30:00+0200,123.8,EUR/MWh,BE,BE,imbalance_price,Long,2026-08-03T03:49:42Z
2026-08-03T03:49:03Z,2026-08-03T05:49:03+0200,d815d4ad-795d-45eb-9ad8-9d704f7a3f43,2026-07-14T04:30:00Z,2026-07-14T06:30:00+0200,123.8,EUR/MWh,BE,BE,imbalance_price,Short,2026-08-03T03:49:42Z
2026-08-03T03:49:03Z,2026-08-03T05:49:03+0200,d815d4ad-795d-45eb-9ad8-9d704f7a3f43,2026-07-14T04:45:00Z,2026-07-14T06:45:00+0200,120.52,EUR/MWh,BE,BE,imbalance_price,Long,2026-08-03T03:49:42Z
2026-08-03T03:49:03Z,2026-08-03T05:49:03+0200,d815d4ad-795d-45eb-9ad8-9d704f7a3f43,2026-07-14T04:45:00Z,2026-07-14T06:45:00+0200,120.52,EUR/MWh,BE,BE,imbalance_price,Short,2026-08-03T03:49:42Z
2026-08-03T03:49:03Z,2026-08-03T05:49:03+0200,d815d4ad-795d-45eb-9ad8-9d704f7a3f43,2026-07-14T05:00:00Z,2026-07-14T07:00:00+0200,153.48,EUR/MWh,BE,BE,imbalance_price,Long,2026-08-03T03:49:42Z
2026-08-03T03:49:03Z,2026-08-03T05:49:03+0200,d815d4ad-795d-45eb-9ad8-9d704f7a3f43,2026-07-14T05:00:00Z,2026-07-14T07:00:00+0200,153.48,EUR/MWh,BE,BE,imbalance_price,Short,2026-08-03T03:49:42Z
2026-08-03T03:49:03Z,2026-08-03T05:49:03+0200,d815d4ad-795d-45eb-9ad8-9d704f7a3f43,2026-07-14T05:15:00Z,2026-07-14T07:15:00+0200,130.97,EUR/MWh,BE,BE,imbalance_price,Long,2026-08-03T03:49:42Z
2026-08-03T03:49:03Z,2026-08-03T05:49:03+0200,d815d4ad-795d-45eb-9ad8-9d704f7a3f43,2026-07-14T05:15:00Z,2026-07-14T07:15:00+0200,130.97,EUR/MWh,BE,BE,imbalance_price,Short,2026-08-03T03:49:42Z
2026-08-03T03:49:03Z,2026-08-03T05:49:03+0200,d815d4ad-795d-45eb-9ad8-9d704f7a3f43,2026-07-14T05:30:00Z,2026-07-14T07:30:00+0200,116.03,EUR/MWh,BE,BE,imbalance_price,Long,2026-08-03T03:49:42Z
2026-08-03T03:49:03Z,2026-08-03T05:49:03+0200,d815d4ad-795d-45eb-9ad8-9d704f7a3f43,2026-07-14T05:30:00Z,2026-07-14T07:30:00+0200,116.03,EUR/MWh,BE,BE,imbalance_price,Short,2026-08-03T03:49:42Z
2026-08-03T03:49:03Z,2026-08-03T05:49:03+0200,d815d4ad-795d-45eb-9ad8-9d704f7a3f43,2026-07-14T05:45:00Z,2026-07-14T07:45:00+0200,90.91,EUR/MWh,BE,BE,imbalance_price,Long,2026-08-03T03:49:42Z
2026-08-03T03:49:03Z,2026-08-03T05:49:03+0200,d815d4ad-795d-45eb-9ad8-9d704f7a3f43,2026-07-14T05:45:00Z,2026-07-14T07:45:00+0200,90.91,EUR/MWh,BE,BE,imbalance_price,Short,2026-08-03T03:49:42Z
2026-08-03T03:49:03Z,2026-08-03T05:49:03+0200,d815d4ad-795d-45eb-9ad8-9d704f7a3f43,2026-07-14T06:00:00Z,2026-07-14T08:00:00+0200,109.05,EUR/MWh,BE,BE,imbalance_price,Long,2026-08-03T03:49:42Z
2026-08-03T03:49:03Z,2026-08-03T05:49:03+0200,d815d4ad-795d-45eb-9ad8-9d704f7a3f43,2026-07-14T06:00:00Z,2026-07-14T08:00:00+0200,109.05,EUR/MWh,BE,BE,imbalance_price,Short,2026-08-03T03:49:42Z
2026-08-03T03:49:03Z,2026-08-03T05:49:03+0200,d815d4ad-795d-45eb-9ad8-9d704f7a3f43,2026-07-14T06:15:00Z,2026-07-14T08:15:00+0200,86.06,EUR/MWh,BE,BE,imbalance_price,Long,2026-08-03T03:49:42Z
2026-08-03T03:49:03Z,2026-08-03T05:49:03+0200,d815d4ad-795d-45eb-9ad8-9d704f7a3f43,2026-07-14T06:15:00Z,2026-07-14T08:15:00+0200,86.06,EUR/MWh,BE,BE,imbalance_price,Short,2026-08-03T03:49:42Z
2026-08-03T03:49:03Z,2026-08-03T05:49:03+0200,d815d4ad-795d-45eb-9ad8-9d704f7a3f43,2026-07-14T06:30:00Z,2026-07-14T08:30:00+0200,86.06,EUR/MWh,BE,BE,imbalance_price,Long,2026-08-03T03:49:42Z
2026-08-03T03:49:03Z,2026-08-03T05:49:03+0200,d815d4ad-795d-45eb-9ad8-9d704f7a3f43,2026-07-14T06:30:00Z,2026-07-14T08:30:00+0200,86.06,EUR/MWh,BE,BE,imbalance_price,Short,2026-08-03T03:49:42Z
2026-08-03T03:49:03Z,2026-08-03T05:49:03+0200,d815d4ad-795d-45eb-9ad8-9d704f7a3f43,2026-07-14T06:45:00Z,2026-07-14T08:45:00+0200,86.06,EUR/MWh,BE,BE,imbalance_price,Long,2026-08-03T03:49:42Z
2026-08-03T03:49:03Z,2026-08-03T05:49:03+0200,d815d4ad-795d-45eb-9ad8-9d704f7a3f43,2026-07-14T06:45:00Z,2026-07-14T08:45:00+0200,86.06,EUR/MWh,BE,BE,imbalance_price,Short,2026-08-03T03:49:42Z
2026-08-03T03:49:03Z,2026-08-03T05:49:03+0200,d815d4ad-795d-45eb-9ad8-9d704f7a3f43,2026-07-14T07:00:00Z,2026-07-14T09:00:00+0200,103.15,EUR/MWh,BE,BE,imbalance_price,Long,2026-08-03T03:49:42Z
2026-08-03T03:49:03Z,2026-08-03T05:49:03+0200,d815d4ad-795d-45eb-9ad8-9d704f7a3f43,2026-07-14T07:00:00Z,2026-07-14T09:00:00+0200,103.15,EUR/MWh,BE,BE,imbalance_price,Short,2026-08-03T03:49:42Z
2026-08-03T03:49:03Z,2026-08-03T05:49:03+0200,d815d4ad-795d-45eb-9ad8-9d704f7a3f43,2026-07-14T07:15:00Z,2026-07-14T09:15:00+0200,117.34,EUR/MWh,BE,BE,imbalance_price,Long,2026-08-03T03:49:42Z
2026-08-03T03:49:03Z,2026-08-03T05:49:03+0200,d815d4ad-795d-45eb-9ad8-9d704f7a3f43,2026-07-14T07:15:00Z,2026-07-14T09:15:00+0200,117.34,EUR/MWh,BE,BE,imbalance_price,Short,2026-08-03T03:49:42Z
2026-08-03T03:49:03Z,2026-08-03T05:49:03+0200,d815d4ad-795d-45eb-9ad8-9d704f7a3f43,2026-07-14T07:30:00Z,2026-07-14T09:30:00+0200,168.93,EUR/MWh,BE,BE,imbalance_price,Long,2026-08-03T03:49:42Z
2026-08-03T03:49:03Z,2026-08-03T05:49:03+0200,d815d4ad-795d-45eb-9ad8-9d704f7a3f43,2026-07-14T07:30:00Z,2026-07-14T09:30:00+0200,168.93,EUR/MWh,BE,BE,imbalance_price,Short,2026-08-03T03:49:42Z
2026-08-03T03:49:03Z,2026-08-03T05:49:03+0200,d815d4ad-795d-45eb-9ad8-9d704f7a3f43,2026-07-14T07:45:00Z,2026-07-14T09:45:00+0200,164.95,EUR/MWh,BE,BE,imbalance_price,Long,2026-08-03T03:49:42Z
2026-08-03T03:49:03Z,2026-08-03T05:49:03+0200,d815d4ad-795d-45eb-9ad8-9d704f7a3f43,2026-07-14T07:45:00Z,2026-07-14T09:45:00+0200,164.95,EUR/MWh,BE,BE,imbalance_price,Short,2026-08-03T03:49:42Z
2026-08-03T03:49:03Z,2026-08-03T05:49:03+0200,d815d4ad-795d-45eb-9ad8-9d704f7a3f43,2026-07-14T08:00:00Z,2026-07-14T10:00:00+0200,149.04,EUR/MWh,BE,BE,imbalance_price,Long,2026-08-03T03:49:42Z
2026-08-03T03:49:03Z,2026-08-03T05:49:03+0200,d815d4ad-795d-45eb-9ad8-9d704f7a3f43,2026-07-14T08:00:00Z,2026-07-14T10:00:00+0200,149.04,EUR/MWh,BE,BE,imbalance_price,Short,2026-08-03T03:49:42Z
2026-08-03T03:49:03Z,2026-08-03T05:49:03+0200,d815d4ad-795d-45eb-9ad8-9d704f7a3f43,2026-07-14T08:15:00Z,2026-07-14T10:15:00+0200,110.07,EUR/MWh,BE,BE,imbalance_price,Long,2026-08-03T03:49:42Z
2026-08-03T03:49:03Z,2026-08-03T05:49:03+0200,d815d4ad-795d-45eb-9ad8-9d704f7a3f43,2026-07-14T08:15:00Z,2026-07-14T10:15:00+0200,110.07,EUR/MWh,BE,BE,imbalance_price,Short,2026-08-03T03:49:42Z
2026-08-03T03:49:03Z,2026-08-03T05:49:03+0200,d815d4ad-795d-45eb-9ad8-9d704f7a3f43,2026-07-14T08:30:00Z,2026-07-14T10:30:00+0200,86.06,EUR/MWh,BE,BE,imbalance_price,Long,2026-08-03T03:49:42Z
2026-08-03T03:49:03Z,2026-08-03T05:49:03+0200,d815d4ad-795d-45eb-9ad8-9d704f7a3f43,2026-07-14T08:30:00Z,2026-07-14T10:30:00+0200,86.06,EUR/MWh,BE,BE,imbalance_price,Short,2026-08-03T03:49:42Z
2026-08-03T03:49:03Z,2026-08-03T05:49:03+0200,d815d4ad-795d-45eb-9ad8-9d704f7a3f43,2026-07-14T08:45:00Z,2026-07-14T10:45:00+0200,85.14,EUR/MWh,BE,BE,imbalance_price,Long,2026-08-03T03:49:42Z
2026-08-03T03:49:03Z,2026-08-03T05:49:03+0200,d815d4ad-795d-45eb-9ad8-9d704f7a3f43,2026-07-14T08:45:00Z,2026-07-14T10:45:00+0200,85.14,EUR/MWh,BE,BE,imbalance_price,Short,2026-08-03T03:49:42Z
2026-08-03T03:49:03Z,2026-08-03T05:49:03+0200,d815d4ad-795d-45eb-9ad8-9d704f7a3f43,2026-07-14T09:00:00Z,2026-07-14T11:00:00+0200,80.4,EUR/MWh,BE,BE,imbalance_price,Long,2026-08-03T03:49:42Z
2026-08-03T03:49:03Z,2026-08-03T05:49:03+0200,d815d4ad-795d-45eb-9ad8-9d704f7a3f43,2026-07-14T09:00:00Z,2026-07-14T11:00:00+0200,80.4,EUR/MWh,BE,BE,imbalance_price,Short,2026-08-03T03:49:42Z
2026-08-03T03:49:03Z,2026-08-03T05:49:03+0200,d815d4ad-795d-45eb-9ad8-9d704f7a3f43,2026-07-14T09:15:00Z,2026-07-14T11:15:00+0200,86.06,EUR/MWh,BE,BE,imbalance_price,Long,2026-08-03T03:49:42Z
2026-08-03T03:49:03Z,2026-08-03T05:49:03+0200,d815d4ad-795d-45eb-9ad8-9d704f7a3f43,2026-07-14T09:15:00Z,2026-07-14T11:15:00+0200,86.06,EUR/MWh,BE,BE,imbalance_price,Short,2026-08-03T03:49:42Z
2026-08-03T03:49:03Z,2026-08-03T05:49:03+0200,d815d4ad-795d-45eb-9ad8-9d704f7a3f43,2026-07-14T09:30:00Z,2026-07-14T11:30:00+0200,86.06,EUR/MWh,BE,BE,imbalance_price,Long,2026-08-03T03:49:42Z
2026-08-03T03:49:03Z,2026-08-03T05:49:03+0200,d815d4ad-795d-45eb-9ad8-9d704f7a3f43,2026-07-14T09:30:00Z,2026-07-14T11:30:00+0200,86.06,EUR/MWh,BE,BE,imbalance_price,Short,2026-08-03T03:49:42Z
2026-08-03T03:49:03Z,2026-08-03T05:49:03+0200,d815d4ad-795d-45eb-9ad8-9d704f7a3f43,2026-07-14T09:45:00Z,2026-07-14T11:45:00+0200,84.29,EUR/MWh,BE,BE,imbalance_price,Long,2026-08-03T03:49:42Z
2026-08-03T03:49:03Z,2026-08-03T05:49:03+0200,d815d4ad-795d-45eb-9ad8-9d704f7a3f43,2026-07-14T09:45:00Z,2026-07-14T11:45:00+0200,84.29,EUR/MWh,BE,BE,imbalance_price,Short,2026-08-03T03:49:42Z
2026-08-03T03:49:03Z,2026-08-03T05:49:03+0200,d815d4ad-795d-45eb-9ad8-9d704f7a3f43,2026-07-14T10:00:00Z,2026-07-14T12:00:00+0200,64.37,EUR/MWh,BE,BE,imbalance_price,Long,2026-08-03T03:49:42Z
2026-08-03T03:49:03Z,2026-08-03T05:49:03+0200,d815d4ad-795d-45eb-9ad8-9d704f7a3f43,2026-07-14T10:00:00Z,2026-07-14T12:00:00+0200,64.37,EUR/MWh,BE,BE,imbalance_price,Short,2026-08-03T03:49:42Z
2026-08-03T03:49:03Z,2026-08-03T05:49:03+0200,d815d4ad-795d-45eb-9ad8-9d704f7a3f43,2026-07-14T10:15:00Z,2026-07-14T12:15:00+0200,84.88,EUR/MWh,BE,BE,imbalance_price,Long,2026-08-03T03:49:42Z
2026-08-03T03:49:03Z,2026-08-03T05:49:03+0200,d815d4ad-795d-45eb-9ad8-9d704f7a3f43,2026-07-14T10:15:00Z,2026-07-14T12:15:00+0200,84.88,EUR/MWh,BE,BE,imbalance_price,Short,2026-08-03T03:49:42Z
2026-08-03T03:49:03Z,2026-08-03T05:49:03+0200,d815d4ad-795d-45eb-9ad8-9d704f7a3f43,2026-07-14T10:30:00Z,2026-07-14T12:30:00+0200,82.41,EUR/MWh,BE,BE,imbalance_price,Long,2026-08-03T03:49:42Z
2026-08-03T03:49:03Z,2026-08-03T05:49:03+0200,d815d4ad-795d-45eb-9ad8-9d704f7a3f43,2026-07-14T10:30:00Z,2026-07-14T12:30:00+0200,82.41,EUR/MWh,BE,BE,imbalance_price,Short,2026-08-03T03:49:42Z
2026-08-03T03:49:03Z,2026-08-03T05:49:03+0200,d815d4ad-795d-45eb-9ad8-9d704f7a3f43,2026-07-14T10:45:00Z,2026-07-14T12:45:00+0200,72.75,EUR/MWh,BE,BE,imbalance_price,Long,2026-08-03T03:49:42Z
2026-08-03T03:49:03Z,2026-08-03T05:49:03+0200,d815d4ad-795d-45eb-9ad8-9d704f7a3f43,2026-07-14T10:45:00Z,2026-07-14T12:45:00+0200,72.75,EUR/MWh,BE,BE,imbalance_price,Short,2026-08-03T03:49:42Z
2026-08-03T03:49:03Z,2026-08-03T05:49:03+0200,d815d4ad-795d-45eb-9ad8-9d704f7a3f43,2026-07-14T11:00:00Z,2026-07-14T13:00:00+0200,64.06,EUR/MWh,BE,BE,imbalance_price,Long,2026-08-03T03:49:42Z
2026-08-03T03:49:03Z,2026-08-03T05:49:03+0200,d815d4ad-795d-45eb-9ad8-9d704f7a3f43,2026-07-14T11:00:00Z,2026-07-14T13:00:00+0200,64.06,EUR/MWh,BE,BE,imbalance_price,Short,2026-08-03T03:49:42Z
2026-08-03T03:49:03Z,2026-08-03T05:49:03+0200,d815d4ad-795d-45eb-9ad8-9d704f7a3f43,2026-07-14T11:15:00Z,2026-07-14T13:15:00+0200,84.22,EUR/MWh,BE,BE,imbalance_price,Long,2026-08-03T03:49:42Z
2026-08-03T03:49:03Z,2026-08-03T05:49:03+0200,d815d4ad-795d-45eb-9ad8-9d704f7a3f43,2026-07-14T11:15:00Z,2026-07-14T13:15:00+0200,84.22,EUR/MWh,BE,BE,imbalance_price,Short,2026-08-03T03:49:42Z
2026-08-03T03:49:03Z,2026-08-03T05:49:03+0200,d815d4ad-795d-45eb-9ad8-9d704f7a3f43,2026-07-14T11:30:00Z,2026-07-14T13:30:00+0200,65.63,EUR/MWh,BE,BE,imbalance_price,Long,2026-08-03T03:49:42Z
2026-08-03T03:49:03Z,2026-08-03T05:49:03+0200,d815d4ad-795d-45eb-9ad8-9d704f7a3f43,2026-07-14T11:30:00Z,2026-07-14T13:30:00+0200,65.63,EUR/MWh,BE,BE,imbalance_price,Short,2026-08-03T03:49:42Z
2026-08-03T03:49:03Z,2026-08-03T05:49:03+0200,d815d4ad-795d-45eb-9ad8-9d704f7a3f43,2026-07-14T11:45:00Z,2026-07-14T13:45:00+0200,86.06,EUR/MWh,BE,BE,imbalance_price,Long,2026-08-03T03:49:42Z
2026-08-03T03:49:03Z,2026-08-03T05:49:03+0200,d815d4ad-795d-45eb-9ad8-9d704f7a3f43,2026-07-14T11:45:00Z,2026-07-14T13:45:00+0200,86.06,EUR/MWh,BE,BE,imbalance_price,Short,2026-08-03T03:49:42Z
2026-08-03T03:49:03Z,2026-08-03T05:49:03+0200,d815d4ad-795d-45eb-9ad8-9d704f7a3f43,2026-07-14T12:00:00Z,2026-07-14T14:00:00+0200,86.06,EUR/MWh,BE,BE,imbalance_price,Long,2026-08-03T03:49:42Z
2026-08-03T03:49:03Z,2026-08-03T05:49:03+0200,d815d4ad-795d-45eb-9ad8-9d704f7a3f43,2026-07-14T12:00:00Z,2026-07-14T14:00:00+0200,86.06,EUR/MWh,BE,BE,imbalance_price,Short,2026-08-03T03:49:42Z
2026-08-03T03:49:03Z,2026-08-03T05:49:03+0200,d815d4ad-795d-45eb-9ad8-9d704f7a3f43,2026-07-14T12:15:00Z,2026-07-14T14:15:00+0200,134.7,EUR/MWh,BE,BE,imbalance_price,Long,2026-08-03T03:49:42Z
2026-08-03T03:49:03Z,2026-08-03T05:49:03+0200,d815d4ad-795d-45eb-9ad8-9d704f7a3f43,2026-07-14T12:15:00Z,2026-07-14T14:15:00+0200,134.7,EUR/MWh,BE,BE,imbalance_price,Short,2026-08-03T03:49:42Z
2026-08-03T03:49:03Z,2026-08-03T05:49:03+0200,d815d4ad-795d-45eb-9ad8-9d704f7a3f43,2026-07-14T12:30:00Z,2026-07-14T14:30:00+0200,77.45,EUR/MWh,BE,BE,imbalance_price,Long,2026-08-03T03:49:42Z
2026-08-03T03:49:03Z,2026-08-03T05:49:03+0200,d815d4ad-795d-45eb-9ad8-9d704f7a3f43,2026-07-14T12:30:00Z,2026-07-14T14:30:00+0200,77.45,EUR/MWh,BE,BE,imbalance_price,Short,2026-08-03T03:49:42Z
2026-08-03T03:49:03Z,2026-08-03T05:49:03+0200,d815d4ad-795d-45eb-9ad8-9d704f7a3f43,2026-07-14T12:45:00Z,2026-07-14T14:45:00+0200,86.5,EUR/MWh,BE,BE,imbalance_price,Long,2026-08-03T03:49:42Z
2026-08-03T03:49:03Z,2026-08-03T05:49:03+0200,d815d4ad-795d-45eb-9ad8-9d704f7a3f43,2026-07-14T12:45:00Z,2026-07-14T14:45:00+0200,86.5,EUR/MWh,BE,BE,imbalance_price,Short,2026-08-03T03:49:42Z
2026-08-03T03:49:03Z,2026-08-03T05:49:03+0200,d815d4ad-795d-45eb-9ad8-9d704f7a3f43,2026-07-14T13:00:00Z,2026-07-14T15:00:00+0200,107.74,EUR/MWh,BE,BE,imbalance_price,Long,2026-08-03T03:49:42Z
2026-08-03T03:49:03Z,2026-08-03T05:49:03+0200,d815d4ad-795d-45eb-9ad8-9d704f7a3f43,2026-07-14T13:00:00Z,2026-07-14T15:00:00+0200,107.74,EUR/MWh,BE,BE,imbalance_price,Short,2026-08-03T03:49:42Z
2026-08-03T03:49:03Z,2026-08-03T05:49:03+0200,d815d4ad-795d-45eb-9ad8-9d704f7a3f43,2026-07-14T13:15:00Z,2026-07-14T15:15:00+0200,143.33,EUR/MWh,BE,BE,imbalance_price,Long,2026-08-03T03:49:42Z
2026-08-03T03:49:03Z,2026-08-03T05:49:03+0200,d815d4ad-795d-45eb-9ad8-9d704f7a3f43,2026-07-14T13:15:00Z,2026-07-14T15:15:00+0200,143.33,EUR/MWh,BE,BE,imbalance_price,Short,2026-08-03T03:49:42Z
2026-08-03T03:49:03Z,2026-08-03T05:49:03+0200,d815d4ad-795d-45eb-9ad8-9d704f7a3f43,2026-07-14T13:30:00Z,2026-07-14T15:30:00+0200,151.89,EUR/MWh,BE,BE,imbalance_price,Long,2026-08-03T03:49:42Z
2026-08-03T03:49:03Z,2026-08-03T05:49:03+0200,d815d4ad-795d-45eb-9ad8-9d704f7a3f43,2026-07-14T13:30:00Z,2026-07-14T15:30:00+0200,151.89,EUR/MWh,BE,BE,imbalance_price,Short,2026-08-03T03:49:42Z
2026-08-03T03:49:03Z,2026-08-03T05:49:03+0200,d815d4ad-795d-45eb-9ad8-9d704f7a3f43,2026-07-14T13:45:00Z,2026-07-14T15:45:00+0200,149.22,EUR/MWh,BE,BE,imbalance_price,Long,2026-08-03T03:49:42Z
2026-08-03T03:49:03Z,2026-08-03T05:49:03+0200,d815d4ad-795d-45eb-9ad8-9d704f7a3f43,2026-07-14T13:45:00Z,2026-07-14T15:45:00+0200,149.22,EUR/MWh,BE,BE,imbalance_price,Short,2026-08-03T03:49:42Z
2026-08-03T03:49:03Z,2026-08-03T05:49:03+0200,d815d4ad-795d-45eb-9ad8-9d704f7a3f43,2026-07-14T14:00:00Z,2026-07-14T16:00:00+0200,122.44,EUR/MWh,BE,BE,imbalance_price,Long,2026-08-03T03:49:42Z
2026-08-03T03:49:03Z,2026-08-03T05:49:03+0200,d815d4ad-795d-45eb-9ad8-9d704f7a3f43,2026-07-14T14:00:00Z,2026-07-14T16:00:00+0200,122.44,EUR/MWh,BE,BE,imbalance_price,Short,2026-08-03T03:49:42Z
2026-08-03T03:49:03Z,2026-08-03T05:49:03+0200,d815d4ad-795d-45eb-9ad8-9d704f7a3f43,2026-07-14T14:15:00Z,2026-07-14T16:15:00+0200,119.28,EUR/MWh,BE,BE,imbalance_price,Long,2026-08-03T03:49:42Z
2026-08-03T03:49:03Z,2026-08-03T05:49:03+0200,d815d4ad-795d-45eb-9ad8-9d704f7a3f43,2026-07-14T14:15:00Z,2026-07-14T16:15:00+0200,119.28,EUR/MWh,BE,BE,imbalance_price,Short,2026-08-03T03:49:42Z
2026-08-03T03:49:03Z,2026-08-03T05:49:03+0200,d815d4ad-795d-45eb-9ad8-9d704f7a3f43,2026-07-14T14:30:00Z,2026-07-14T16:30:00+0200,162.99,EUR/MWh,BE,BE,imbalance_price,Long,2026-08-03T03:49:42Z
2026-08-03T03:49:03Z,2026-08-03T05:49:03+0200,d815d4ad-795d-45eb-9ad8-9d704f7a3f43,2026-07-14T14:30:00Z,2026-07-14T16:30:00+0200,162.99,EUR/MWh,BE,BE,imbalance_price,Short,2026-08-03T03:49:42Z
2026-08-03T03:49:03Z,2026-08-03T05:49:03+0200,d815d4ad-795d-45eb-9ad8-9d704f7a3f43,2026-07-14T14:45:00Z,2026-07-14T16:45:00+0200,120.0,EUR/MWh,BE,BE,imbalance_price,Long,2026-08-03T03:49:42Z
2026-08-03T03:49:03Z,2026-08-03T05:49:03+0200,d815d4ad-795d-45eb-9ad8-9d704f7a3f43,2026-07-14T14:45:00Z,2026-07-14T16:45:00+0200,120.0,EUR/MWh,BE,BE,imbalance_price,Short,2026-08-03T03:49:42Z
2026-08-03T03:49:03Z,2026-08-03T05:49:03+0200,d815d4ad-795d-45eb-9ad8-9d704f7a3f43,2026-07-14T15:00:00Z,2026-07-14T17:00:00+0200,114.1,EUR/MWh,BE,BE,imbalance_price,Long,2026-08-03T03:49:42Z
2026-08-03T03:49:03Z,2026-08-03T05:49:03+0200,d815d4ad-795d-45eb-9ad8-9d704f7a3f43,2026-07-14T15:00:00Z,2026-07-14T17:00:00+0200,114.1,EUR/MWh,BE,BE,imbalance_price,Short,2026-08-03T03:49:42Z
2026-08-03T03:49:03Z,2026-08-03T05:49:03+0200,d815d4ad-795d-45eb-9ad8-9d704f7a3f43,2026-07-14T15:15:00Z,2026-07-14T17:15:00+0200,128.74,EUR/MWh,BE,BE,imbalance_price,Long,2026-08-03T03:49:42Z
2026-08-03T03:49:03Z,2026-08-03T05:49:03+0200,d815d4ad-795d-45eb-9ad8-9d704f7a3f43,2026-07-14T15:15:00Z,2026-07-14T17:15:00+0200,128.74,EUR/MWh,BE,BE,imbalance_price,Short,2026-08-03T03:49:42Z
2026-08-03T03:49:03Z,2026-08-03T05:49:03+0200,d815d4ad-795d-45eb-9ad8-9d704f7a3f43,2026-07-14T15:30:00Z,2026-07-14T17:30:00+0200,128.66,EUR/MWh,BE,BE,imbalance_price,Long,2026-08-03T03:49:42Z
2026-08-03T03:49:03Z,2026-08-03T05:49:03+0200,d815d4ad-795d-45eb-9ad8-9d704f7a3f43,2026-07-14T15:30:00Z,2026-07-14T17:30:00+0200,128.66,EUR/MWh,BE,BE,imbalance_price,Short,2026-08-03T03:49:42Z
2026-08-03T03:49:03Z,2026-08-03T05:49:03+0200,d815d4ad-795d-45eb-9ad8-9d704f7a3f43,2026-07-14T15:45:00Z,2026-07-14T17:45:00+0200,152.21,EUR/MWh,BE,BE,imbalance_price,Long,2026-08-03T03:49:42Z
2026-08-03T03:49:03Z,2026-08-03T05:49:03+0200,d815d4ad-795d-45eb-9ad8-9d704f7a3f43,2026-07-14T15:45:00Z,2026-07-14T17:45:00+0200,152.21,EUR/MWh,BE,BE,imbalance_price,Short,2026-08-03T03:49:42Z
2026-08-03T03:49:03Z,2026-08-03T05:49:03+0200,d815d4ad-795d-45eb-9ad8-9d704f7a3f43,2026-07-14T16:00:00Z,2026-07-14T18:00:00+0200,125.7,EUR/MWh,BE,BE,imbalance_price,Long,2026-08-03T03:49:42Z
2026-08-03T03:49:03Z,2026-08-03T05:49:03+0200,d815d4ad-795d-45eb-9ad8-9d704f7a3f43,2026-07-14T16:00:00Z,2026-07-14T18:00:00+0200,125.7,EUR/MWh,BE,BE,imbalance_price,Short,2026-08-03T03:49:42Z
2026-08-03T03:49:03Z,2026-08-03T05:49:03+0200,d815d4ad-795d-45eb-9ad8-9d704f7a3f43,2026-07-14T16:15:00Z,2026-07-14T18:15:00+0200,152.99,EUR/MWh,BE,BE,imbalance_price,Long,2026-08-03T03:49:42Z
2026-08-03T03:49:03Z,2026-08-03T05:49:03+0200,d815d4ad-795d-45eb-9ad8-9d704f7a3f43,2026-07-14T16:15:00Z,2026-07-14T18:15:00+0200,152.99,EUR/MWh,BE,BE,imbalance_price,Short,2026-08-03T03:49:42Z
2026-08-03T03:49:03Z,2026-08-03T05:49:03+0200,d815d4ad-795d-45eb-9ad8-9d704f7a3f43,2026-07-14T16:30:00Z,2026-07-14T18:30:00+0200,174.74,EUR/MWh,BE,BE,imbalance_price,Long,2026-08-03T03:49:42Z
2026-08-03T03:49:03Z,2026-08-03T05:49:03+0200,d815d4ad-795d-45eb-9ad8-9d704f7a3f43,2026-07-14T16:30:00Z,2026-07-14T18:30:00+0200,174.74,EUR/MWh,BE,BE,imbalance_price,Short,2026-08-03T03:49:42Z
2026-08-03T03:49:03Z,2026-08-03T05:49:03+0200,d815d4ad-795d-45eb-9ad8-9d704f7a3f43,2026-07-14T16:45:00Z,2026-07-14T18:45:00+0200,239.0,EUR/MWh,BE,BE,imbalance_price,Long,2026-08-03T03:49:42Z
2026-08-03T03:49:03Z,2026-08-03T05:49:03+0200,d815d4ad-795d-45eb-9ad8-9d704f7a3f43,2026-07-14T16:45:00Z,2026-07-14T18:45:00+0200,239.0,EUR/MWh,BE,BE,imbalance_price,Short,2026-08-03T03:49:42Z
2026-08-03T03:49:03Z,2026-08-03T05:49:03+0200,d815d4ad-795d-45eb-9ad8-9d704f7a3f43,2026-07-14T17:00:00Z,2026-07-14T19:00:00+0200,161.73,EUR/MWh,BE,BE,imbalance_price,Long,2026-08-03T03:49:42Z
2026-08-03T03:49:03Z,2026-08-03T05:49:03+0200,d815d4ad-795d-45eb-9ad8-9d704f7a3f43,2026-07-14T17:00:00Z,2026-07-14T19:00:00+0200,161.73,EUR/MWh,BE,BE,imbalance_price,Short,2026-08-03T03:49:42Z
2026-08-03T03:49:03Z,2026-08-03T05:49:03+0200,d815d4ad-795d-45eb-9ad8-9d704f7a3f43,2026-07-14T17:15:00Z,2026-07-14T19:15:00+0200,176.63,EUR/MWh,BE,BE,imbalance_price,Long,2026-08-03T03:49:42Z
2026-08-03T03:49:03Z,2026-08-03T05:49:03+0200,d815d4ad-795d-45eb-9ad8-9d704f7a3f43,2026-07-14T17:15:00Z,2026-07-14T19:15:00+0200,176.63,EUR/MWh,BE,BE,imbalance_price,Short,2026-08-03T03:49:42Z
2026-08-03T03:49:03Z,2026-08-03T05:49:03+0200,d815d4ad-795d-45eb-9ad8-9d704f7a3f43,2026-07-14T17:30:00Z,2026-07-14T19:30:00+0200,158.23,EUR/MWh,BE,BE,imbalance_price,Long,2026-08-03T03:49:42Z
2026-08-03T03:49:03Z,2026-08-03T05:49:03+0200,d815d4ad-795d-45eb-9ad8-9d704f7a3f43,2026-07-14T17:30:00Z,2026-07-14T19:30:00+0200,158.23,EUR/MWh,BE,BE,imbalance_price,Short,2026-08-03T03:49:42Z
2026-08-03T03:49:03Z,2026-08-03T05:49:03+0200,d815d4ad-795d-45eb-9ad8-9d704f7a3f43,2026-07-14T17:45:00Z,2026-07-14T19:45:00+0200,162.19,EUR/MWh,BE,BE,imbalance_price,Long,2026-08-03T03:49:42Z
2026-08-03T03:49:03Z,2026-08-03T05:49:03+0200,d815d4ad-795d-45eb-9ad8-9d704f7a3f43,2026-07-14T17:45:00Z,2026-07-14T19:45:00+0200,162.19,EUR/MWh,BE,BE,imbalance_price,Short,2026-08-03T03:49:42Z
2026-08-03T03:49:03Z,2026-08-03T05:49:03+0200,d815d4ad-795d-45eb-9ad8-9d704f7a3f43,2026-07-14T18:00:00Z,2026-07-14T20:00:00+0200,127.32,EUR/MWh,BE,BE,imbalance_price,Long,2026-08-03T03:49:42Z
2026-08-03T03:49:03Z,2026-08-03T05:49:03+0200,d815d4ad-795d-45eb-9ad8-9d704f7a3f43,2026-07-14T18:00:00Z,2026-07-14T20:00:00+0200,127.32,EUR/MWh,BE,BE,imbalance_price,Short,2026-08-03T03:49:42Z
2026-08-03T03:49:03Z,2026-08-03T05:49:03+0200,d815d4ad-795d-45eb-9ad8-9d704f7a3f43,2026-07-14T18:15:00Z,2026-07-14T20:15:00+0200,133.97,EUR/MWh,BE,BE,imbalance_price,Long,2026-08-03T03:49:42Z
2026-08-03T03:49:03Z,2026-08-03T05:49:03+0200,d815d4ad-795d-45eb-9ad8-9d704f7a3f43,2026-07-14T18:15:00Z,2026-07-14T20:15:00+0200,133.97,EUR/MWh,BE,BE,imbalance_price,Short,2026-08-03T03:49:42Z
2026-08-03T03:49:03Z,2026-08-03T05:49:03+0200,d815d4ad-795d-45eb-9ad8-9d704f7a3f43,2026-07-14T18:30:00Z,2026-07-14T20:30:00+0200,142.64,EUR/MWh,BE,BE,imbalance_price,Long,2026-08-03T03:49:42Z
2026-08-03T03:49:03Z,2026-08-03T05:49:03+0200,d815d4ad-795d-45eb-9ad8-9d704f7a3f43,2026-07-14T18:30:00Z,2026-07-14T20:30:00+0200,142.64,EUR/MWh,BE,BE,imbalance_price,Short,2026-08-03T03:49:42Z
2026-08-03T03:49:03Z,2026-08-03T05:49:03+0200,d815d4ad-795d-45eb-9ad8-9d704f7a3f43,2026-07-14T18:45:00Z,2026-07-14T20:45:00+0200,159.43,EUR/MWh,BE,BE,imbalance_price,Long,2026-08-03T03:49:42Z
2026-08-03T03:49:03Z,2026-08-03T05:49:03+0200,d815d4ad-795d-45eb-9ad8-9d704f7a3f43,2026-07-14T18:45:00Z,2026-07-14T20:45:00+0200,159.43,EUR/MWh,BE,BE,imbalance_price,Short,2026-08-03T03:49:42Z
2026-08-03T03:49:03Z,2026-08-03T05:49:03+0200,d815d4ad-795d-45eb-9ad8-9d704f7a3f43,2026-07-14T19:00:00Z,2026-07-14T21:00:00+0200,187.77,EUR/MWh,BE,BE,imbalance_price,Long,2026-08-03T03:49:42Z
2026-08-03T03:49:03Z,2026-08-03T05:49:03+0200,d815d4ad-795d-45eb-9ad8-9d704f7a3f43,2026-07-14T19:00:00Z,2026-07-14T21:00:00+0200,187.77,EUR/MWh,BE,BE,imbalance_price,Short,2026-08-03T03:49:42Z
2026-08-03T03:49:03Z,2026-08-03T05:49:03+0200,d815d4ad-795d-45eb-9ad8-9d704f7a3f43,2026-07-14T19:15:00Z,2026-07-14T21:15:00+0200,183.26,EUR/MWh,BE,BE,imbalance_price,Long,2026-08-03T03:49:42Z
2026-08-03T03:49:03Z,2026-08-03T05:49:03+0200,d815d4ad-795d-45eb-9ad8-9d704f7a3f43,2026-07-14T19:15:00Z,2026-07-14T21:15:00+0200,183.26,EUR/MWh,BE,BE,imbalance_price,Short,2026-08-03T03:49:42Z
2026-08-03T03:49:03Z,2026-08-03T05:49:03+0200,d815d4ad-795d-45eb-9ad8-9d704f7a3f43,2026-07-14T19:30:00Z,2026-07-14T21:30:00+0200,167.37,EUR/MWh,BE,BE,imbalance_price,Long,2026-08-03T03:49:42Z
2026-08-03T03:49:03Z,2026-08-03T05:49:03+0200,d815d4ad-795d-45eb-9ad8-9d704f7a3f43,2026-07-14T19:30:00Z,2026-07-14T21:30:00+0200,167.37,EUR/MWh,BE,BE,imbalance_price,Short,2026-08-03T03:49:42Z
2026-08-03T03:49:03Z,2026-08-03T05:49:03+0200,d815d4ad-795d-45eb-9ad8-9d704f7a3f43,2026-07-14T19:45:00Z,2026-07-14T21:45:00+0200,157.54,EUR/MWh,BE,BE,imbalance_price,Long,2026-08-03T03:49:42Z
2026-08-03T03:49:03Z,2026-08-03T05:49:03+0200,d815d4ad-795d-45eb-9ad8-9d704f7a3f43,2026-07-14T19:45:00Z,2026-07-14T21:45:00+0200,157.54,EUR/MWh,BE,BE,imbalance_price,Short,2026-08-03T03:49:42Z
2026-08-03T03:49:03Z,2026-08-03T05:49:03+0200,d815d4ad-795d-45eb-9ad8-9d704f7a3f43,2026-07-14T20:00:00Z,2026-07-14T22:00:00+0200,160.2,EUR/MWh,BE,BE,imbalance_price,Long,2026-08-03T03:49:42Z
2026-08-03T03:49:03Z,2026-08-03T05:49:03+0200,d815d4ad-795d-45eb-9ad8-9d704f7a3f43,2026-07-14T20:00:00Z,2026-07-14T22:00:00+0200,160.2,EUR/MWh,BE,BE,imbalance_price,Short,2026-08-03T03:49:42Z
2026-08-03T03:49:03Z,2026-08-03T05:49:03+0200,d815d4ad-795d-45eb-9ad8-9d704f7a3f43,2026-07-14T20:15:00Z,2026-07-14T22:15:00+0200,122.7,EUR/MWh,BE,BE,imbalance_price,Long,2026-08-03T03:49:42Z
2026-08-03T03:49:03Z,2026-08-03T05:49:03+0200,d815d4ad-795d-45eb-9ad8-9d704f7a3f43,2026-07-14T20:15:00Z,2026-07-14T22:15:00+0200,122.7,EUR/MWh,BE,BE,imbalance_price,Short,2026-08-03T03:49:42Z
2026-08-03T03:49:03Z,2026-08-03T05:49:03+0200,d815d4ad-795d-45eb-9ad8-9d704f7a3f43,2026-07-14T20:30:00Z,2026-07-14T22:30:00+0200,110.77,EUR/MWh,BE,BE,imbalance_price,Long,2026-08-03T03:49:42Z
2026-08-03T03:49:03Z,2026-08-03T05:49:03+0200,d815d4ad-795d-45eb-9ad8-9d704f7a3f43,2026-07-14T20:30:00Z,2026-07-14T22:30:00+0200,110.77,EUR/MWh,BE,BE,imbalance_price,Short,2026-08-03T03:49:42Z
2026-08-03T03:49:03Z,2026-08-03T05:49:03+0200,d815d4ad-795d-45eb-9ad8-9d704f7a3f43,2026-07-14T20:45:00Z,2026-07-14T22:45:00+0200,97.58,EUR/MWh,BE,BE,imbalance_price,Long,2026-08-03T03:49:42Z
2026-08-03T03:49:03Z,2026-08-03T05:49:03+0200,d815d4ad-795d-45eb-9ad8-9d704f7a3f43,2026-07-14T20:45:00Z,2026-07-14T22:45:00+0200,97.58,EUR/MWh,BE,BE,imbalance_price,Short,2026-08-03T03:49:42Z
2026-08-03T03:49:03Z,2026-08-03T05:49:03+0200,d815d4ad-795d-45eb-9ad8-9d704f7a3f43,2026-07-14T21:00:00Z,2026-07-14T23:00:00+0200,139.27,EUR/MWh,BE,BE,imbalance_price,Long,2026-08-03T03:49:42Z
2026-08-03T03:49:03Z,2026-08-03T05:49:03+0200,d815d4ad-795d-45eb-9ad8-9d704f7a3f43,2026-07-14T21:00:00Z,2026-07-14T23:00:00+0200,139.27,EUR/MWh,BE,BE,imbalance_price,Short,2026-08-03T03:49:42Z
2026-08-03T03:49:03Z,2026-08-03T05:49:03+0200,d815d4ad-795d-45eb-9ad8-9d704f7a3f43,2026-07-14T21:15:00Z,2026-07-14T23:15:00+0200,133.17,EUR/MWh,BE,BE,imbalance_price,Long,2026-08-03T03:49:42Z
2026-08-03T03:49:03Z,2026-08-03T05:49:03+0200,d815d4ad-795d-45eb-9ad8-9d704f7a3f43,2026-07-14T21:15:00Z,2026-07-14T23:15:00+0200,133.17,EUR/MWh,BE,BE,imbalance_price,Short,2026-08-03T03:49:42Z
2026-08-03T03:49:03Z,2026-08-03T05:49:03+0200,d815d4ad-795d-45eb-9ad8-9d704f7a3f43,2026-07-14T21:30:00Z,2026-07-14T23:30:00+0200,115.03,EUR/MWh,BE,BE,imbalance_price,Long,2026-08-03T03:49:42Z
2026-08-03T03:49:03Z,2026-08-03T05:49:03+0200,d815d4ad-795d-45eb-9ad8-9d704f7a3f43,2026-07-14T21:30:00Z,2026-07-14T23:30:00+0200,115.03,EUR/MWh,BE,BE,imbalance_price,Short,2026-08-03T03:49:42Z
2026-08-03T03:49:03Z,2026-08-03T05:49:03+0200,d815d4ad-795d-45eb-9ad8-9d704f7a3f43,2026-07-14T21:45:00Z,2026-07-14T23:45:00+0200,135.56,EUR/MWh,BE,BE,imbalance_price,Long,2026-08-03T03:49:42Z
2026-08-03T03:49:03Z,2026-08-03T05:49:03+0200,d815d4ad-795d-45eb-9ad8-9d704f7a3f43,2026-07-14T21:45:00Z,2026-07-14T23:45:00+0200,135.56,EUR/MWh,BE,BE,imbalance_price,Short,2026-08-03T03:49:42Z
2026-08-03T03:49:03Z,2026-08-03T05:49:03+0200,d815d4ad-795d-45eb-9ad8-9d704f7a3f43,2026-07-14T22:00:00Z,2026-07-15T00:00:00+0200,152.21,EUR/MWh,BE,BE,imbalance_price,Long,2026-08-03T03:49:42Z
2026-08-03T03:49:03Z,2026-08-03T05:49:03+0200,d815d4ad-795d-45eb-9ad8-9d704f7a3f43,2026-07-14T22:00:00Z,2026-07-15T00:00:00+0200,152.21,EUR/MWh,BE,BE,imbalance_price,Short,2026-08-03T03:49:42Z
2026-08-03T03:49:03Z,2026-08-03T05:49:03+0200,d815d4ad-795d-45eb-9ad8-9d704f7a3f43,2026-07-14T22:15:00Z,2026-07-15T00:15:00+0200,150.03,EUR/MWh,BE,BE,imbalance_price,Long,2026-08-03T03:49:42Z
2026-08-03T03:49:03Z,2026-08-03T05:49:03+0200,d815d4ad-795d-45eb-9ad8-9d704f7a3f43,2026-07-14T22:15:00Z,2026-07-15T00:15:00+0200,150.03,EUR/MWh,BE,BE,imbalance_price,Short,2026-08-03T03:49:42Z
2026-08-03T03:49:03Z,2026-08-03T05:49:03+0200,d815d4ad-795d-45eb-9ad8-9d704f7a3f43,2026-07-14T22:30:00Z,2026-07-15T00:30:00+0200,110.29,EUR/MWh,BE,BE,imbalance_price,Long,2026-08-03T03:49:42Z
2026-08-03T03:49:03Z,2026-08-03T05:49:03+0200,d815d4ad-795d-45eb-9ad8-9d704f7a3f43,2026-07-14T22:30:00Z,2026-07-15T00:30:00+0200,110.29,EUR/MWh,BE,BE,imbalance_price,Short,2026-08-03T03:49:42Z
2026-08-03T03:49:03Z,2026-08-03T05:49:03+0200,d815d4ad-795d-45eb-9ad8-9d704f7a3f43,2026-07-14T22:45:00Z,2026-07-15T00:45:00+0200,128.33,EUR/MWh,BE,BE,imbalance_price,Long,2026-08-03T03:49:42Z
2026-08-03T03:49:03Z,2026-08-03T05:49:03+0200,d815d4ad-795d-45eb-9ad8-9d704f7a3f43,2026-07-14T22:45:00Z,2026-07-15T00:45:00+0200,128.33,EUR/MWh,BE,BE,imbalance_price,Short,2026-08-03T03:49:42Z
2026-08-03T03:49:03Z,2026-08-03T05:49:03+0200,d815d4ad-795d-45eb-9ad8-9d704f7a3f43,2026-07-14T23:00:00Z,2026-07-15T01:00:00+0200,115.78,EUR/MWh,BE,BE,imbalance_price,Long,2026-08-03T03:49:42Z
2026-08-03T03:49:03Z,2026-08-03T05:49:03+0200,d815d4ad-795d-45eb-9ad8-9d704f7a3f43,2026-07-14T23:00:00Z,2026-07-15T01:00:00+0200,115.78,EUR/MWh,BE,BE,imbalance_price,Short,2026-08-03T03:49:42Z
2026-08-03T03:49:03Z,2026-08-03T05:49:03+0200,d815d4ad-795d-45eb-9ad8-9d704f7a3f43,2026-07-14T23:15:00Z,2026-07-15T01:15:00+0200,102.06,EUR/MWh,BE,BE,imbalance_price,Long,2026-08-03T03:49:42Z
2026-08-03T03:49:03Z,2026-08-03T05:49:03+0200,d815d4ad-795d-45eb-9ad8-9d704f7a3f43,2026-07-14T23:15:00Z,2026-07-15T01:15:00+0200,102.06,EUR/MWh,BE,BE,imbalance_price,Short,2026-08-03T03:49:42Z
2026-08-03T03:49:03Z,2026-08-03T05:49:03+0200,d815d4ad-795d-45eb-9ad8-9d704f7a3f43,2026-07-14T23:30:00Z,2026-07-15T01:30:00+0200,129.88,EUR/MWh,BE,BE,imbalance_price,Long,2026-08-03T03:49:42Z
2026-08-03T03:49:03Z,2026-08-03T05:49:03+0200,d815d4ad-795d-45eb-9ad8-9d704f7a3f43,2026-07-14T23:30:00Z,2026-07-15T01:30:00+0200,129.88,EUR/MWh,BE,BE,imbalance_price,Short,2026-08-03T03:49:42Z
2026-08-03T03:49:03Z,2026-08-03T05:49:03+0200,d815d4ad-795d-45eb-9ad8-9d704f7a3f43,2026-07-14T23:45:00Z,2026-07-15T01:45:00+0200,119.12,EUR/MWh,BE,BE,imbalance_price,Long,2026-08-03T03:49:42Z
2026-08-03T03:49:03Z,2026-08-03T05:49:03+0200,d815d4ad-795d-45eb-9ad8-9d704f7a3f43,2026-07-14T23:45:00Z,2026-07-15T01:45:00+0200,119.12,EUR/MWh,BE,BE,imbalance_price,Short,2026-08-03T03:49:42Z
2026-08-03T03:49:03Z,2026-08-03T05:49:03+0200,d815d4ad-795d-45eb-9ad8-9d704f7a3f43,2026-07-15T00:00:00Z,2026-07-15T02:00:00+0200,133.16,EUR/MWh,BE,BE,imbalance_price,Long,2026-08-03T03:49:42Z
2026-08-03T03:49:03Z,2026-08-03T05:49:03+0200,d815d4ad-795d-45eb-9ad8-9d704f7a3f43,2026-07-15T00:00:00Z,2026-07-15T02:00:00+0200,133.16,EUR/MWh,BE,BE,imbalance_price,Short,2026-08-03T03:49:42Z
2026-08-03T03:49:03Z,2026-08-03T05:49:03+0200,d815d4ad-795d-45eb-9ad8-9d704f7a3f43,2026-07-15T00:15:00Z,2026-07-15T02:15:00+0200,133.97,EUR/MWh,BE,BE,imbalance_price,Long,2026-08-03T03:49:42Z
2026-08-03T03:49:03Z,2026-08-03T05:49:03+0200,d815d4ad-795d-45eb-9ad8-9d704f7a3f43,2026-07-15T00:15:00Z,2026-07-15T02:15:00+0200,133.97,EUR/MWh,BE,BE,imbalance_price,Short,2026-08-03T03:49:42Z
2026-08-03T03:49:03Z,2026-08-03T05:49:03+0200,d815d4ad-795d-45eb-9ad8-9d704f7a3f43,2026-07-15T00:30:00Z,2026-07-15T02:30:00+0200,158.8,EUR/MWh,BE,BE,imbalance_price,Long,2026-08-03T03:49:42Z
2026-08-03T03:49:03Z,2026-08-03T05:49:03+0200,d815d4ad-795d-45eb-9ad8-9d704f7a3f43,2026-07-15T00:30:00Z,2026-07-15T02:30:00+0200,158.8,EUR/MWh,BE,BE,imbalance_price,Short,2026-08-03T03:49:42Z
2026-08-03T03:49:03Z,2026-08-03T05:49:03+0200,d815d4ad-795d-45eb-9ad8-9d704f7a3f43,2026-07-15T00:45:00Z,2026-07-15T02:45:00+0200,151.17,EUR/MWh,BE,BE,imbalance_price,Long,2026-08-03T03:49:42Z
2026-08-03T03:49:03Z,2026-08-03T05:49:03+0200,d815d4ad-795d-45eb-9ad8-9d704f7a3f43,2026-07-15T00:45:00Z,2026-07-15T02:45:00+0200,151.17,EUR/MWh,BE,BE,imbalance_price,Short,2026-08-03T03:49:42Z
2026-08-03T03:49:03Z,2026-08-03T05:49:03+0200,d815d4ad-795d-45eb-9ad8-9d704f7a3f43,2026-07-15T01:00:00Z,2026-07-15T03:00:00+0200,135.15,EUR/MWh,BE,BE,imbalance_price,Long,2026-08-03T03:49:42Z
2026-08-03T03:49:03Z,2026-08-03T05:49:03+0200,d815d4ad-795d-45eb-9ad8-9d704f7a3f43,2026-07-15T01:00:00Z,2026-07-15T03:00:00+0200,135.15,EUR/MWh,BE,BE,imbalance_price,Short,2026-08-03T03:49:42Z
2026-08-03T03:49:03Z,2026-08-03T05:49:03+0200,d815d4ad-795d-45eb-9ad8-9d704f7a3f43,2026-07-15T01:15:00Z,2026-07-15T03:15:00+0200,130.2,EUR/MWh,BE,BE,imbalance_price,Long,2026-08-03T03:49:42Z
2026-08-03T03:49:03Z,2026-08-03T05:49:03+0200,d815d4ad-795d-45eb-9ad8-9d704f7a3f43,2026-07-15T01:15:00Z,2026-07-15T03:15:00+0200,130.2,EUR/MWh,BE,BE,imbalance_price,Short,2026-08-03T03:49:42Z
2026-08-03T03:49:03Z,2026-08-03T05:49:03+0200,d815d4ad-795d-45eb-9ad8-9d704f7a3f43,2026-07-15T01:30:00Z,2026-07-15T03:30:00+0200,130.42,EUR/MWh,BE,BE,imbalance_price,Long,2026-08-03T03:49:42Z
2026-08-03T03:49:03Z,2026-08-03T05:49:03+0200,d815d4ad-795d-45eb-9ad8-9d704f7a3f43,2026-07-15T01:30:00Z,2026-07-15T03:30:00+0200,130.42,EUR/MWh,BE,BE,imbalance_price,Short,2026-08-03T03:49:42Z
2026-08-03T03:49:03Z,2026-08-03T05:49:03+0200,d815d4ad-795d-45eb-9ad8-9d704f7a3f43,2026-07-15T01:45:00Z,2026-07-15T03:45:00+0200,137.8,EUR/MWh,BE,BE,imbalance_price,Long,2026-08-03T03:49:42Z
2026-08-03T03:49:03Z,2026-08-03T05:49:03+0200,d815d4ad-795d-45eb-9ad8-9d704f7a3f43,2026-07-15T01:45:00Z,2026-07-15T03:45:00+0200,137.8,EUR/MWh,BE,BE,imbalance_price,Short,2026-08-03T03:49:42Z
2026-08-03T03:49:03Z,2026-08-03T05:49:03+0200,d815d4ad-795d-45eb-9ad8-9d704f7a3f43,2026-07-15T02:00:00Z,2026-07-15T04:00:00+0200,143.46,EUR/MWh,BE,BE,imbalance_price,Long,2026-08-03T03:49:42Z
2026-08-03T03:49:03Z,2026-08-03T05:49:03+0200,d815d4ad-795d-45eb-9ad8-9d704f7a3f43,2026-07-15T02:00:00Z,2026-07-15T04:00:00+0200,143.46,EUR/MWh,BE,BE,imbalance_price,Short,2026-08-03T03:49:42Z
2026-08-03T03:49:03Z,2026-08-03T05:49:03+0200,d815d4ad-795d-45eb-9ad8-9d704f7a3f43,2026-07-15T02:15:00Z,2026-07-15T04:15:00+0200,124.5,EUR/MWh,BE,BE,imbalance_price,Long,2026-08-03T03:49:42Z
2026-08-03T03:49:03Z,2026-08-03T05:49:03+0200,d815d4ad-795d-45eb-9ad8-9d704f7a3f43,2026-07-15T02:15:00Z,2026-07-15T04:15:00+0200,124.5,EUR/MWh,BE,BE,imbalance_price,Short,2026-08-03T03:49:42Z
2026-08-03T03:49:03Z,2026-08-03T05:49:03+0200,d815d4ad-795d-45eb-9ad8-9d704f7a3f43,2026-07-15T02:30:00Z,2026-07-15T04:30:00+0200,117.92,EUR/MWh,BE,BE,imbalance_price,Long,2026-08-03T03:49:42Z
2026-08-03T03:49:03Z,2026-08-03T05:49:03+0200,d815d4ad-795d-45eb-9ad8-9d704f7a3f43,2026-07-15T02:30:00Z,2026-07-15T04:30:00+0200,117.92,EUR/MWh,BE,BE,imbalance_price,Short,2026-08-03T03:49:42Z
2026-08-03T03:49:03Z,2026-08-03T05:49:03+0200,d815d4ad-795d-45eb-9ad8-9d704f7a3f43,2026-07-15T02:45:00Z,2026-07-15T04:45:00+0200,139.2,EUR/MWh,BE,BE,imbalance_price,Long,2026-08-03T03:49:42Z
2026-08-03T03:49:03Z,2026-08-03T05:49:03+0200,d815d4ad-795d-45eb-9ad8-9d704f7a3f43,2026-07-15T02:45:00Z,2026-07-15T04:45:00+0200,139.2,EUR/MWh,BE,BE,imbalance_price,Short,2026-08-03T03:49:42Z
2026-08-03T03:49:03Z,2026-08-03T05:49:03+0200,d815d4ad-795d-45eb-9ad8-9d704f7a3f43,2026-07-15T03:00:00Z,2026-07-15T05:00:00+0200,131.96,EUR/MWh,BE,BE,imbalance_price,Long,2026-08-03T03:49:42Z
2026-08-03T03:49:03Z,2026-08-03T05:49:03+0200,d815d4ad-795d-45eb-9ad8-9d704f7a3f43,2026-07-15T03:00:00Z,2026-07-15T05:00:00+0200,131.96,EUR/MWh,BE,BE,imbalance_price,Short,2026-08-03T03:49:42Z
2026-08-03T03:49:03Z,2026-08-03T05:49:03+0200,d815d4ad-795d-45eb-9ad8-9d704f7a3f43,2026-07-15T03:15:00Z,2026-07-15T05:15:00+0200,112.04,EUR/MWh,BE,BE,imbalance_price,Long,2026-08-03T03:49:42Z
2026-08-03T03:49:03Z,2026-08-03T05:49:03+0200,d815d4ad-795d-45eb-9ad8-9d704f7a3f43,2026-07-15T03:15:00Z,2026-07-15T05:15:00+0200,112.04,EUR/MWh,BE,BE,imbalance_price,Short,2026-08-03T03:49:42Z
2026-08-03T03:49:03Z,2026-08-03T05:49:03+0200,d815d4ad-795d-45eb-9ad8-9d704f7a3f43,2026-07-15T03:30:00Z,2026-07-15T05:30:00+0200,119.51,EUR/MWh,BE,BE,imbalance_price,Long,2026-08-03T03:49:42Z
2026-08-03T03:49:03Z,2026-08-03T05:49:03+0200,d815d4ad-795d-45eb-9ad8-9d704f7a3f43,2026-07-15T03:30:00Z,2026-07-15T05:30:00+0200,119.51,EUR/MWh,BE,BE,imbalance_price,Short,2026-08-03T03:49:42Z
2026-08-03T03:49:03Z,2026-08-03T05:49:03+0200,d815d4ad-795d-45eb-9ad8-9d704f7a3f43,2026-07-15T03:45:00Z,2026-07-15T05:45:00+0200,66.89,EUR/MWh,BE,BE,imbalance_price,Long,2026-08-03T03:49:42Z
2026-08-03T03:49:03Z,2026-08-03T05:49:03+0200,d815d4ad-795d-45eb-9ad8-9d704f7a3f43,2026-07-15T03:45:00Z,2026-07-15T05:45:00+0200,66.89,EUR/MWh,BE,BE,imbalance_price,Short,2026-08-03T03:49:42Z
2026-08-03T03:49:03Z,2026-08-03T05:49:03+0200,d815d4ad-795d-45eb-9ad8-9d704f7a3f43,2026-07-15T04:00:00Z,2026-07-15T06:00:00+0200,152.1,EUR/MWh,BE,BE,imbalance_price,Long,2026-08-03T03:49:42Z
2026-08-03T03:49:03Z,2026-08-03T05:49:03+0200,d815d4ad-795d-45eb-9ad8-9d704f7a3f43,2026-07-15T04:00:00Z,2026-07-15T06:00:00+0200,152.1,EUR/MWh,BE,BE,imbalance_price,Short,2026-08-03T03:49:42Z
2026-08-03T03:49:03Z,2026-08-03T05:49:03+0200,d815d4ad-795d-45eb-9ad8-9d704f7a3f43,2026-07-15T04:15:00Z,2026-07-15T06:15:00+0200,138.08,EUR/MWh,BE,BE,imbalance_price,Long,2026-08-03T03:49:42Z
2026-08-03T03:49:03Z,2026-08-03T05:49:03+0200,d815d4ad-795d-45eb-9ad8-9d704f7a3f43,2026-07-15T04:15:00Z,2026-07-15T06:15:00+0200,138.08,EUR/MWh,BE,BE,imbalance_price,Short,2026-08-03T03:49:42Z
2026-08-03T03:49:03Z,2026-08-03T05:49:03+0200,d815d4ad-795d-45eb-9ad8-9d704f7a3f43,2026-07-15T04:30:00Z,2026-07-15T06:30:00+0200,130.9,EUR/MWh,BE,BE,imbalance_price,Long,2026-08-03T03:49:42Z
2026-08-03T03:49:03Z,2026-08-03T05:49:03+0200,d815d4ad-795d-45eb-9ad8-9d704f7a3f43,2026-07-15T04:30:00Z,2026-07-15T06:30:00+0200,130.9,EUR/MWh,BE,BE,imbalance_price,Short,2026-08-03T03:49:42Z
2026-08-03T03:49:03Z,2026-08-03T05:49:03+0200,d815d4ad-795d-45eb-9ad8-9d704f7a3f43,2026-07-15T04:45:00Z,2026-07-15T06:45:00+0200,125.74,EUR/MWh,BE,BE,imbalance_price,Long,2026-08-03T03:49:42Z
2026-08-03T03:49:03Z,2026-08-03T05:49:03+0200,d815d4ad-795d-45eb-9ad8-9d704f7a3f43,2026-07-15T04:45:00Z,2026-07-15T06:45:00+0200,125.74,EUR/MWh,BE,BE,imbalance_price,Short,2026-08-03T03:49:42Z
2026-08-03T03:49:03Z,2026-08-03T05:49:03+0200,d815d4ad-795d-45eb-9ad8-9d704f7a3f43,2026-07-15T05:00:00Z,2026-07-15T07:00:00+0200,132.34,EUR/MWh,BE,BE,imbalance_price,Long,2026-08-03T03:49:42Z
2026-08-03T03:49:03Z,2026-08-03T05:49:03+0200,d815d4ad-795d-45eb-9ad8-9d704f7a3f43,2026-07-15T05:00:00Z,2026-07-15T07:00:00+0200,132.34,EUR/MWh,BE,BE,imbalance_price,Short,2026-08-03T03:49:42Z
2026-08-03T03:49:03Z,2026-08-03T05:49:03+0200,d815d4ad-795d-45eb-9ad8-9d704f7a3f43,2026-07-15T05:15:00Z,2026-07-15T07:15:00+0200,140.92,EUR/MWh,BE,BE,imbalance_price,Long,2026-08-03T03:49:42Z
2026-08-03T03:49:03Z,2026-08-03T05:49:03+0200,d815d4ad-795d-45eb-9ad8-9d704f7a3f43,2026-07-15T05:15:00Z,2026-07-15T07:15:00+0200,140.92,EUR/MWh,BE,BE,imbalance_price,Short,2026-08-03T03:49:42Z
2026-08-03T03:49:03Z,2026-08-03T05:49:03+0200,d815d4ad-795d-45eb-9ad8-9d704f7a3f43,2026-07-15T05:30:00Z,2026-07-15T07:30:00+0200,139.36,EUR/MWh,BE,BE,imbalance_price,Long,2026-08-03T03:49:42Z
2026-08-03T03:49:03Z,2026-08-03T05:49:03+0200,d815d4ad-795d-45eb-9ad8-9d704f7a3f43,2026-07-15T05:30:00Z,2026-07-15T07:30:00+0200,139.36,EUR/MWh,BE,BE,imbalance_price,Short,2026-08-03T03:49:42Z
2026-08-03T03:49:03Z,2026-08-03T05:49:03+0200,d815d4ad-795d-45eb-9ad8-9d704f7a3f43,2026-07-15T05:45:00Z,2026-07-15T07:45:00+0200,119.3,EUR/MWh,BE,BE,imbalance_price,Long,2026-08-03T03:49:42Z
2026-08-03T03:49:03Z,2026-08-03T05:49:03+0200,d815d4ad-795d-45eb-9ad8-9d704f7a3f43,2026-07-15T05:45:00Z,2026-07-15T07:45:00+0200,119.3,EUR/MWh,BE,BE,imbalance_price,Short,2026-08-03T03:49:42Z
2026-08-03T03:49:03Z,2026-08-03T05:49:03+0200,d815d4ad-795d-45eb-9ad8-9d704f7a3f43,2026-07-15T06:00:00Z,2026-07-15T08:00:00+0200,165.22,EUR/MWh,BE,BE,imbalance_price,Long,2026-08-03T03:49:42Z
2026-08-03T03:49:03Z,2026-08-03T05:49:03+0200,d815d4ad-795d-45eb-9ad8-9d704f7a3f43,2026-07-15T06:00:00Z,2026-07-15T08:00:00+0200,165.22,EUR/MWh,BE,BE,imbalance_price,Short,2026-08-03T03:49:42Z
2026-08-03T03:49:03Z,2026-08-03T05:49:03+0200,d815d4ad-795d-45eb-9ad8-9d704f7a3f43,2026-07-15T06:15:00Z,2026-07-15T08:15:00+0200,136.59,EUR/MWh,BE,BE,imbalance_price,Long,2026-08-03T03:49:42Z
2026-08-03T03:49:03Z,2026-08-03T05:49:03+0200,d815d4ad-795d-45eb-9ad8-9d704f7a3f43,2026-07-15T06:15:00Z,2026-07-15T08:15:00+0200,136.59,EUR/MWh,BE,BE,imbalance_price,Short,2026-08-03T03:49:42Z
2026-08-03T03:49:03Z,2026-08-03T05:49:03+0200,d815d4ad-795d-45eb-9ad8-9d704f7a3f43,2026-07-15T06:30:00Z,2026-07-15T08:30:00+0200,121.28,EUR/MWh,BE,BE,imbalance_price,Long,2026-08-03T03:49:42Z
2026-08-03T03:49:03Z,2026-08-03T05:49:03+0200,d815d4ad-795d-45eb-9ad8-9d704f7a3f43,2026-07-15T06:30:00Z,2026-07-15T08:30:00+0200,121.28,EUR/MWh,BE,BE,imbalance_price,Short,2026-08-03T03:49:42Z
2026-08-03T03:49:03Z,2026-08-03T05:49:03+0200,d815d4ad-795d-45eb-9ad8-9d704f7a3f43,2026-07-15T06:45:00Z,2026-07-15T08:45:00+0200,109.73,EUR/MWh,BE,BE,imbalance_price,Long,2026-08-03T03:49:42Z
2026-08-03T03:49:03Z,2026-08-03T05:49:03+0200,d815d4ad-795d-45eb-9ad8-9d704f7a3f43,2026-07-15T06:45:00Z,2026-07-15T08:45:00+0200,109.73,EUR/MWh,BE,BE,imbalance_price,Short,2026-08-03T03:49:42Z
2026-08-03T03:49:03Z,2026-08-03T05:49:03+0200,d815d4ad-795d-45eb-9ad8-9d704f7a3f43,2026-07-15T07:00:00Z,2026-07-15T09:00:00+0200,125.33,EUR/MWh,BE,BE,imbalance_price,Long,2026-08-03T03:49:42Z
2026-08-03T03:49:03Z,2026-08-03T05:49:03+0200,d815d4ad-795d-45eb-9ad8-9d704f7a3f43,2026-07-15T07:00:00Z,2026-07-15T09:00:00+0200,125.33,EUR/MWh,BE,BE,imbalance_price,Short,2026-08-03T03:49:42Z
2026-08-03T03:49:03Z,2026-08-03T05:49:03+0200,d815d4ad-795d-45eb-9ad8-9d704f7a3f43,2026-07-15T07:15:00Z,2026-07-15T09:15:00+0200,124.44,EUR/MWh,BE,BE,imbalance_price,Long,2026-08-03T03:49:42Z
2026-08-03T03:49:03Z,2026-08-03T05:49:03+0200,d815d4ad-795d-45eb-9ad8-9d704f7a3f43,2026-07-15T07:15:00Z,2026-07-15T09:15:00+0200,124.44,EUR/MWh,BE,BE,imbalance_price,Short,2026-08-03T03:49:42Z
2026-08-03T03:49:03Z,2026-08-03T05:49:03+0200,d815d4ad-795d-45eb-9ad8-9d704f7a3f43,2026-07-15T07:30:00Z,2026-07-15T09:30:00+0200,111.87,EUR/MWh,BE,BE,imbalance_price,Long,2026-08-03T03:49:42Z
2026-08-03T03:49:03Z,2026-08-03T05:49:03+0200,d815d4ad-795d-45eb-9ad8-9d704f7a3f43,2026-07-15T07:30:00Z,2026-07-15T09:30:00+0200,111.87,EUR/MWh,BE,BE,imbalance_price,Short,2026-08-03T03:49:42Z
2026-08-03T03:49:03Z,2026-08-03T05:49:03+0200,d815d4ad-795d-45eb-9ad8-9d704f7a3f43,2026-07-15T07:45:00Z,2026-07-15T09:45:00+0200,102.83,EUR/MWh,BE,BE,imbalance_price,Long,2026-08-03T03:49:42Z
2026-08-03T03:49:03Z,2026-08-03T05:49:03+0200,d815d4ad-795d-45eb-9ad8-9d704f7a3f43,2026-07-15T07:45:00Z,2026-07-15T09:45:00+0200,102.83,EUR/MWh,BE,BE,imbalance_price,Short,2026-08-03T03:49:42Z
2026-08-03T03:49:03Z,2026-08-03T05:49:03+0200,d815d4ad-795d-45eb-9ad8-9d704f7a3f43,2026-07-15T08:00:00Z,2026-07-15T10:00:00+0200,83.13,EUR/MWh,BE,BE,imbalance_price,Long,2026-08-03T03:49:42Z
2026-08-03T03:49:03Z,2026-08-03T05:49:03+0200,d815d4ad-795d-45eb-9ad8-9d704f7a3f43,2026-07-15T08:00:00Z,2026-07-15T10:00:00+0200,83.13,EUR/MWh,BE,BE,imbalance_price,Short,2026-08-03T03:49:42Z
2026-08-03T03:49:03Z,2026-08-03T05:49:03+0200,d815d4ad-795d-45eb-9ad8-9d704f7a3f43,2026-07-15T08:15:00Z,2026-07-15T10:15:00+0200,75.68,EUR/MWh,BE,BE,imbalance_price,Long,2026-08-03T03:49:42Z
2026-08-03T03:49:03Z,2026-08-03T05:49:03+0200,d815d4ad-795d-45eb-9ad8-9d704f7a3f43,2026-07-15T08:15:00Z,2026-07-15T10:15:00+0200,75.68,EUR/MWh,BE,BE,imbalance_price,Short,2026-08-03T03:49:42Z
2026-08-03T03:49:03Z,2026-08-03T05:49:03+0200,d815d4ad-795d-45eb-9ad8-9d704f7a3f43,2026-07-15T08:30:00Z,2026-07-15T10:30:00+0200,95.43,EUR/MWh,BE,BE,imbalance_price,Long,2026-08-03T03:49:42Z
2026-08-03T03:49:03Z,2026-08-03T05:49:03+0200,d815d4ad-795d-45eb-9ad8-9d704f7a3f43,2026-07-15T08:30:00Z,2026-07-15T10:30:00+0200,95.43,EUR/MWh,BE,BE,imbalance_price,Short,2026-08-03T03:49:42Z
2026-08-03T03:49:03Z,2026-08-03T05:49:03+0200,d815d4ad-795d-45eb-9ad8-9d704f7a3f43,2026-07-15T08:45:00Z,2026-07-15T10:45:00+0200,109.02,EUR/MWh,BE,BE,imbalance_price,Long,2026-08-03T03:49:42Z
2026-08-03T03:49:03Z,2026-08-03T05:49:03+0200,d815d4ad-795d-45eb-9ad8-9d704f7a3f43,2026-07-15T08:45:00Z,2026-07-15T10:45:00+0200,109.02,EUR/MWh,BE,BE,imbalance_price,Short,2026-08-03T03:49:42Z
2026-08-03T03:49:03Z,2026-08-03T05:49:03+0200,d815d4ad-795d-45eb-9ad8-9d704f7a3f43,2026-07-15T09:00:00Z,2026-07-15T11:00:00+0200,116.3,EUR/MWh,BE,BE,imbalance_price,Long,2026-08-03T03:49:42Z
2026-08-03T03:49:03Z,2026-08-03T05:49:03+0200,d815d4ad-795d-45eb-9ad8-9d704f7a3f43,2026-07-15T09:00:00Z,2026-07-15T11:00:00+0200,116.3,EUR/MWh,BE,BE,imbalance_price,Short,2026-08-03T03:49:42Z
2026-08-03T03:49:03Z,2026-08-03T05:49:03+0200,d815d4ad-795d-45eb-9ad8-9d704f7a3f43,2026-07-15T09:15:00Z,2026-07-15T11:15:00+0200,79.55,EUR/MWh,BE,BE,imbalance_price,Long,2026-08-03T03:49:42Z
2026-08-03T03:49:03Z,2026-08-03T05:49:03+0200,d815d4ad-795d-45eb-9ad8-9d704f7a3f43,2026-07-15T09:15:00Z,2026-07-15T11:15:00+0200,79.55,EUR/MWh,BE,BE,imbalance_price,Short,2026-08-03T03:49:42Z
2026-08-03T03:49:03Z,2026-08-03T05:49:03+0200,d815d4ad-795d-45eb-9ad8-9d704f7a3f43,2026-07-15T09:30:00Z,2026-07-15T11:30:00+0200,101.84,EUR/MWh,BE,BE,imbalance_price,Long,2026-08-03T03:49:42Z
2026-08-03T03:49:03Z,2026-08-03T05:49:03+0200,d815d4ad-795d-45eb-9ad8-9d704f7a3f43,2026-07-15T09:30:00Z,2026-07-15T11:30:00+0200,101.84,EUR/MWh,BE,BE,imbalance_price,Short,2026-08-03T03:49:42Z
2026-08-03T03:49:03Z,2026-08-03T05:49:03+0200,d815d4ad-795d-45eb-9ad8-9d704f7a3f43,2026-07-15T09:45:00Z,2026-07-15T11:45:00+0200,110.68,EUR/MWh,BE,BE,imbalance_price,Long,2026-08-03T03:49:42Z
2026-08-03T03:49:03Z,2026-08-03T05:49:03+0200,d815d4ad-795d-45eb-9ad8-9d704f7a3f43,2026-07-15T09:45:00Z,2026-07-15T11:45:00+0200,110.68,EUR/MWh,BE,BE,imbalance_price,Short,2026-08-03T03:49:42Z
2026-08-03T03:49:03Z,2026-08-03T05:49:03+0200,d815d4ad-795d-45eb-9ad8-9d704f7a3f43,2026-07-15T10:00:00Z,2026-07-15T12:00:00+0200,90.29,EUR/MWh,BE,BE,imbalance_price,Long,2026-08-03T03:49:42Z
2026-08-03T03:49:03Z,2026-08-03T05:49:03+0200,d815d4ad-795d-45eb-9ad8-9d704f7a3f43,2026-07-15T10:00:00Z,2026-07-15T12:00:00+0200,90.29,EUR/MWh,BE,BE,imbalance_price,Short,2026-08-03T03:49:42Z
2026-08-03T03:49:03Z,2026-08-03T05:49:03+0200,d815d4ad-795d-45eb-9ad8-9d704f7a3f43,2026-07-15T10:15:00Z,2026-07-15T12:15:00+0200,80.95,EUR/MWh,BE,BE,imbalance_price,Long,2026-08-03T03:49:42Z
2026-08-03T03:49:03Z,2026-08-03T05:49:03+0200,d815d4ad-795d-45eb-9ad8-9d704f7a3f43,2026-07-15T10:15:00Z,2026-07-15T12:15:00+0200,80.95,EUR/MWh,BE,BE,imbalance_price,Short,2026-08-03T03:49:42Z
2026-08-03T03:49:03Z,2026-08-03T05:49:03+0200,d815d4ad-795d-45eb-9ad8-9d704f7a3f43,2026-07-15T10:30:00Z,2026-07-15T12:30:00+0200,90.29,EUR/MWh,BE,BE,imbalance_price,Long,2026-08-03T03:49:42Z
2026-08-03T03:49:03Z,2026-08-03T05:49:03+0200,d815d4ad-795d-45eb-9ad8-9d704f7a3f43,2026-07-15T10:30:00Z,2026-07-15T12:30:00+0200,90.29,EUR/MWh,BE,BE,imbalance_price,Short,2026-08-03T03:49:42Z
2026-08-03T03:49:03Z,2026-08-03T05:49:03+0200,d815d4ad-795d-45eb-9ad8-9d704f7a3f43,2026-07-15T10:45:00Z,2026-07-15T12:45:00+0200,71.83,EUR/MWh,BE,BE,imbalance_price,Long,2026-08-03T03:49:42Z
2026-08-03T03:49:03Z,2026-08-03T05:49:03+0200,d815d4ad-795d-45eb-9ad8-9d704f7a3f43,2026-07-15T10:45:00Z,2026-07-15T12:45:00+0200,71.83,EUR/MWh,BE,BE,imbalance_price,Short,2026-08-03T03:49:42Z
2026-08-03T03:49:03Z,2026-08-03T05:49:03+0200,d815d4ad-795d-45eb-9ad8-9d704f7a3f43,2026-07-15T11:00:00Z,2026-07-15T13:00:00+0200,30.78,EUR/MWh,BE,BE,imbalance_price,Long,2026-08-03T03:49:42Z
2026-08-03T03:49:03Z,2026-08-03T05:49:03+0200,d815d4ad-795d-45eb-9ad8-9d704f7a3f43,2026-07-15T11:00:00Z,2026-07-15T13:00:00+0200,30.78,EUR/MWh,BE,BE,imbalance_price,Short,2026-08-03T03:49:42Z
2026-08-03T03:49:03Z,2026-08-03T05:49:03+0200,d815d4ad-795d-45eb-9ad8-9d704f7a3f43,2026-07-15T11:15:00Z,2026-07-15T13:15:00+0200,23.44,EUR/MWh,BE,BE,imbalance_price,Long,2026-08-03T03:49:42Z
2026-08-03T03:49:03Z,2026-08-03T05:49:03+0200,d815d4ad-795d-45eb-9ad8-9d704f7a3f43,2026-07-15T11:15:00Z,2026-07-15T13:15:00+0200,23.44,EUR/MWh,BE,BE,imbalance_price,Short,2026-08-03T03:49:42Z
2026-08-03T03:49:03Z,2026-08-03T05:49:03+0200,d815d4ad-795d-45eb-9ad8-9d704f7a3f43,2026-07-15T11:30:00Z,2026-07-15T13:30:00+0200,55.37,EUR/MWh,BE,BE,imbalance_price,Long,2026-08-03T03:49:42Z
2026-08-03T03:49:03Z,2026-08-03T05:49:03+0200,d815d4ad-795d-45eb-9ad8-9d704f7a3f43,2026-07-15T11:30:00Z,2026-07-15T13:30:00+0200,55.37,EUR/MWh,BE,BE,imbalance_price,Short,2026-08-03T03:49:42Z
2026-08-03T03:49:03Z,2026-08-03T05:49:03+0200,d815d4ad-795d-45eb-9ad8-9d704f7a3f43,2026-07-15T11:45:00Z,2026-07-15T13:45:00+0200,20.62,EUR/MWh,BE,BE,imbalance_price,Long,2026-08-03T03:49:42Z
2026-08-03T03:49:03Z,2026-08-03T05:49:03+0200,d815d4ad-795d-45eb-9ad8-9d704f7a3f43,2026-07-15T11:45:00Z,2026-07-15T13:45:00+0200,20.62,EUR/MWh,BE,BE,imbalance_price,Short,2026-08-03T03:49:42Z
2026-08-03T03:49:03Z,2026-08-03T05:49:03+0200,d815d4ad-795d-45eb-9ad8-9d704f7a3f43,2026-07-15T12:00:00Z,2026-07-15T14:00:00+0200,-12.76,EUR/MWh,BE,BE,imbalance_price,Long,2026-08-03T03:49:42Z
2026-08-03T03:49:03Z,2026-08-03T05:49:03+0200,d815d4ad-795d-45eb-9ad8-9d704f7a3f43,2026-07-15T12:00:00Z,2026-07-15T14:00:00+0200,-12.76,EUR/MWh,BE,BE,imbalance_price,Short,2026-08-03T03:49:42Z
2026-08-03T03:49:03Z,2026-08-03T05:49:03+0200,d815d4ad-795d-45eb-9ad8-9d704f7a3f43,2026-07-15T12:15:00Z,2026-07-15T14:15:00+0200,32.96,EUR/MWh,BE,BE,imbalance_price,Long,2026-08-03T03:49:42Z
2026-08-03T03:49:03Z,2026-08-03T05:49:03+0200,d815d4ad-795d-45eb-9ad8-9d704f7a3f43,2026-07-15T12:15:00Z,2026-07-15T14:15:00+0200,32.96,EUR/MWh,BE,BE,imbalance_price,Short,2026-08-03T03:49:42Z
2026-08-03T03:49:03Z,2026-08-03T05:49:03+0200,d815d4ad-795d-45eb-9ad8-9d704f7a3f43,2026-07-15T12:30:00Z,2026-07-15T14:30:00+0200,75.39,EUR/MWh,BE,BE,imbalance_price,Long,2026-08-03T03:49:42Z
2026-08-03T03:49:03Z,2026-08-03T05:49:03+0200,d815d4ad-795d-45eb-9ad8-9d704f7a3f43,2026-07-15T12:30:00Z,2026-07-15T14:30:00+0200,75.39,EUR/MWh,BE,BE,imbalance_price,Short,2026-08-03T03:49:42Z
2026-08-03T03:49:03Z,2026-08-03T05:49:03+0200,d815d4ad-795d-45eb-9ad8-9d704f7a3f43,2026-07-15T12:45:00Z,2026-07-15T14:45:00+0200,32.81,EUR/MWh,BE,BE,imbalance_price,Long,2026-08-03T03:49:42Z
2026-08-03T03:49:03Z,2026-08-03T05:49:03+0200,d815d4ad-795d-45eb-9ad8-9d704f7a3f43,2026-07-15T12:45:00Z,2026-07-15T14:45:00+0200,32.81,EUR/MWh,BE,BE,imbalance_price,Short,2026-08-03T03:49:42Z
2026-08-03T03:49:03Z,2026-08-03T05:49:03+0200,d815d4ad-795d-45eb-9ad8-9d704f7a3f43,2026-07-15T13:00:00Z,2026-07-15T15:00:00+0200,90.29,EUR/MWh,BE,BE,imbalance_price,Long,2026-08-03T03:49:42Z
2026-08-03T03:49:03Z,2026-08-03T05:49:03+0200,d815d4ad-795d-45eb-9ad8-9d704f7a3f43,2026-07-15T13:00:00Z,2026-07-15T15:00:00+0200,90.29,EUR/MWh,BE,BE,imbalance_price,Short,2026-08-03T03:49:42Z
2026-08-03T03:49:03Z,2026-08-03T05:49:03+0200,d815d4ad-795d-45eb-9ad8-9d704f7a3f43,2026-07-15T13:15:00Z,2026-07-15T15:15:00+0200,90.29,EUR/MWh,BE,BE,imbalance_price,Long,2026-08-03T03:49:42Z
2026-08-03T03:49:03Z,2026-08-03T05:49:03+0200,d815d4ad-795d-45eb-9ad8-9d704f7a3f43,2026-07-15T13:15:00Z,2026-07-15T15:15:00+0200,90.29,EUR/MWh,BE,BE,imbalance_price,Short,2026-08-03T03:49:42Z
2026-08-03T03:49:03Z,2026-08-03T05:49:03+0200,d815d4ad-795d-45eb-9ad8-9d704f7a3f43,2026-07-15T13:30:00Z,2026-07-15T15:30:00+0200,90.29,EUR/MWh,BE,BE,imbalance_price,Long,2026-08-03T03:49:42Z
2026-08-03T03:49:03Z,2026-08-03T05:49:03+0200,d815d4ad-795d-45eb-9ad8-9d704f7a3f43,2026-07-15T13:30:00Z,2026-07-15T15:30:00+0200,90.29,EUR/MWh,BE,BE,imbalance_price,Short,2026-08-03T03:49:42Z
2026-08-03T03:49:03Z,2026-08-03T05:49:03+0200,d815d4ad-795d-45eb-9ad8-9d704f7a3f43,2026-07-15T13:45:00Z,2026-07-15T15:45:00+0200,148.14,EUR/MWh,BE,BE,imbalance_price,Long,2026-08-03T03:49:42Z
2026-08-03T03:49:03Z,2026-08-03T05:49:03+0200,d815d4ad-795d-45eb-9ad8-9d704f7a3f43,2026-07-15T13:45:00Z,2026-07-15T15:45:00+0200,148.14,EUR/MWh,BE,BE,imbalance_price,Short,2026-08-03T03:49:42Z
2026-08-03T03:49:03Z,2026-08-03T05:49:03+0200,d815d4ad-795d-45eb-9ad8-9d704f7a3f43,2026-07-15T14:00:00Z,2026-07-15T16:00:00+0200,154.78,EUR/MWh,BE,BE,imbalance_price,Long,2026-08-03T03:49:42Z
2026-08-03T03:49:03Z,2026-08-03T05:49:03+0200,d815d4ad-795d-45eb-9ad8-9d704f7a3f43,2026-07-15T14:00:00Z,2026-07-15T16:00:00+0200,154.78,EUR/MWh,BE,BE,imbalance_price,Short,2026-08-03T03:49:42Z
2026-08-03T03:49:03Z,2026-08-03T05:49:03+0200,d815d4ad-795d-45eb-9ad8-9d704f7a3f43,2026-07-15T14:15:00Z,2026-07-15T16:15:00+0200,154.21,EUR/MWh,BE,BE,imbalance_price,Long,2026-08-03T03:49:42Z
2026-08-03T03:49:03Z,2026-08-03T05:49:03+0200,d815d4ad-795d-45eb-9ad8-9d704f7a3f43,2026-07-15T14:15:00Z,2026-07-15T16:15:00+0200,154.21,EUR/MWh,BE,BE,imbalance_price,Short,2026-08-03T03:49:42Z
2026-08-03T03:49:03Z,2026-08-03T05:49:03+0200,d815d4ad-795d-45eb-9ad8-9d704f7a3f43,2026-07-15T14:30:00Z,2026-07-15T16:30:00+0200,167.3,EUR/MWh,BE,BE,imbalance_price,Long,2026-08-03T03:49:42Z
2026-08-03T03:49:03Z,2026-08-03T05:49:03+0200,d815d4ad-795d-45eb-9ad8-9d704f7a3f43,2026-07-15T14:30:00Z,2026-07-15T16:30:00+0200,167.3,EUR/MWh,BE,BE,imbalance_price,Short,2026-08-03T03:49:42Z
2026-08-03T03:49:03Z,2026-08-03T05:49:03+0200,d815d4ad-795d-45eb-9ad8-9d704f7a3f43,2026-07-15T14:45:00Z,2026-07-15T16:45:00+0200,270.03,EUR/MWh,BE,BE,imbalance_price,Long,2026-08-03T03:49:42Z
2026-08-03T03:49:03Z,2026-08-03T05:49:03+0200,d815d4ad-795d-45eb-9ad8-9d704f7a3f43,2026-07-15T14:45:00Z,2026-07-15T16:45:00+0200,270.03,EUR/MWh,BE,BE,imbalance_price,Short,2026-08-03T03:49:42Z
2026-08-03T03:49:03Z,2026-08-03T05:49:03+0200,d815d4ad-795d-45eb-9ad8-9d704f7a3f43,2026-07-15T15:00:00Z,2026-07-15T17:00:00+0200,141.55,EUR/MWh,BE,BE,imbalance_price,Long,2026-08-03T03:49:42Z
2026-08-03T03:49:03Z,2026-08-03T05:49:03+0200,d815d4ad-795d-45eb-9ad8-9d704f7a3f43,2026-07-15T15:00:00Z,2026-07-15T17:00:00+0200,141.55,EUR/MWh,BE,BE,imbalance_price,Short,2026-08-03T03:49:42Z
2026-08-03T03:49:03Z,2026-08-03T05:49:03+0200,d815d4ad-795d-45eb-9ad8-9d704f7a3f43,2026-07-15T15:15:00Z,2026-07-15T17:15:00+0200,176.2,EUR/MWh,BE,BE,imbalance_price,Long,2026-08-03T03:49:42Z
2026-08-03T03:49:03Z,2026-08-03T05:49:03+0200,d815d4ad-795d-45eb-9ad8-9d704f7a3f43,2026-07-15T15:15:00Z,2026-07-15T17:15:00+0200,176.2,EUR/MWh,BE,BE,imbalance_price,Short,2026-08-03T03:49:42Z
2026-08-03T03:49:03Z,2026-08-03T05:49:03+0200,d815d4ad-795d-45eb-9ad8-9d704f7a3f43,2026-07-15T15:30:00Z,2026-07-15T17:30:00+0200,199.63,EUR/MWh,BE,BE,imbalance_price,Long,2026-08-03T03:49:42Z
2026-08-03T03:49:03Z,2026-08-03T05:49:03+0200,d815d4ad-795d-45eb-9ad8-9d704f7a3f43,2026-07-15T15:30:00Z,2026-07-15T17:30:00+0200,199.63,EUR/MWh,BE,BE,imbalance_price,Short,2026-08-03T03:49:42Z
2026-08-03T03:49:03Z,2026-08-03T05:49:03+0200,d815d4ad-795d-45eb-9ad8-9d704f7a3f43,2026-07-15T15:45:00Z,2026-07-15T17:45:00+0200,189.51,EUR/MWh,BE,BE,imbalance_price,Long,2026-08-03T03:49:42Z
2026-08-03T03:49:03Z,2026-08-03T05:49:03+0200,d815d4ad-795d-45eb-9ad8-9d704f7a3f43,2026-07-15T15:45:00Z,2026-07-15T17:45:00+0200,189.51,EUR/MWh,BE,BE,imbalance_price,Short,2026-08-03T03:49:42Z
2026-08-03T03:49:03Z,2026-08-03T05:49:03+0200,d815d4ad-795d-45eb-9ad8-9d704f7a3f43,2026-07-15T16:00:00Z,2026-07-15T18:00:00+0200,146.38,EUR/MWh,BE,BE,imbalance_price,Long,2026-08-03T03:49:42Z
2026-08-03T03:49:03Z,2026-08-03T05:49:03+0200,d815d4ad-795d-45eb-9ad8-9d704f7a3f43,2026-07-15T16:00:00Z,2026-07-15T18:00:00+0200,146.38,EUR/MWh,BE,BE,imbalance_price,Short,2026-08-03T03:49:42Z
2026-08-03T03:49:03Z,2026-08-03T05:49:03+0200,d815d4ad-795d-45eb-9ad8-9d704f7a3f43,2026-07-15T16:15:00Z,2026-07-15T18:15:00+0200,145.71,EUR/MWh,BE,BE,imbalance_price,Long,2026-08-03T03:49:42Z
2026-08-03T03:49:03Z,2026-08-03T05:49:03+0200,d815d4ad-795d-45eb-9ad8-9d704f7a3f43,2026-07-15T16:15:00Z,2026-07-15T18:15:00+0200,145.71,EUR/MWh,BE,BE,imbalance_price,Short,2026-08-03T03:49:42Z
2026-08-03T03:49:03Z,2026-08-03T05:49:03+0200,d815d4ad-795d-45eb-9ad8-9d704f7a3f43,2026-07-15T16:30:00Z,2026-07-15T18:30:00+0200,141.6,EUR/MWh,BE,BE,imbalance_price,Long,2026-08-03T03:49:42Z
2026-08-03T03:49:03Z,2026-08-03T05:49:03+0200,d815d4ad-795d-45eb-9ad8-9d704f7a3f43,2026-07-15T16:30:00Z,2026-07-15T18:30:00+0200,141.6,EUR/MWh,BE,BE,imbalance_price,Short,2026-08-03T03:49:42Z
2026-08-03T03:49:03Z,2026-08-03T05:49:03+0200,d815d4ad-795d-45eb-9ad8-9d704f7a3f43,2026-07-15T16:45:00Z,2026-07-15T18:45:00+0200,165.26,EUR/MWh,BE,BE,imbalance_price,Long,2026-08-03T03:49:42Z
2026-08-03T03:49:03Z,2026-08-03T05:49:03+0200,d815d4ad-795d-45eb-9ad8-9d704f7a3f43,2026-07-15T16:45:00Z,2026-07-15T18:45:00+0200,165.26,EUR/MWh,BE,BE,imbalance_price,Short,2026-08-03T03:49:42Z
2026-08-03T03:49:03Z,2026-08-03T05:49:03+0200,d815d4ad-795d-45eb-9ad8-9d704f7a3f43,2026-07-15T17:00:00Z,2026-07-15T19:00:00+0200,156.83,EUR/MWh,BE,BE,imbalance_price,Long,2026-08-03T03:49:42Z
2026-08-03T03:49:03Z,2026-08-03T05:49:03+0200,d815d4ad-795d-45eb-9ad8-9d704f7a3f43,2026-07-15T17:00:00Z,2026-07-15T19:00:00+0200,156.83,EUR/MWh,BE,BE,imbalance_price,Short,2026-08-03T03:49:42Z
2026-08-03T03:49:03Z,2026-08-03T05:49:03+0200,d815d4ad-795d-45eb-9ad8-9d704f7a3f43,2026-07-15T17:15:00Z,2026-07-15T19:15:00+0200,159.05,EUR/MWh,BE,BE,imbalance_price,Long,2026-08-03T03:49:42Z
2026-08-03T03:49:03Z,2026-08-03T05:49:03+0200,d815d4ad-795d-45eb-9ad8-9d704f7a3f43,2026-07-15T17:15:00Z,2026-07-15T19:15:00+0200,159.05,EUR/MWh,BE,BE,imbalance_price,Short,2026-08-03T03:49:42Z
2026-08-03T03:49:03Z,2026-08-03T05:49:03+0200,d815d4ad-795d-45eb-9ad8-9d704f7a3f43,2026-07-15T17:30:00Z,2026-07-15T19:30:00+0200,179.3,EUR/MWh,BE,BE,imbalance_price,Long,2026-08-03T03:49:42Z
2026-08-03T03:49:03Z,2026-08-03T05:49:03+0200,d815d4ad-795d-45eb-9ad8-9d704f7a3f43,2026-07-15T17:30:00Z,2026-07-15T19:30:00+0200,179.3,EUR/MWh,BE,BE,imbalance_price,Short,2026-08-03T03:49:42Z
2026-08-03T03:49:03Z,2026-08-03T05:49:03+0200,d815d4ad-795d-45eb-9ad8-9d704f7a3f43,2026-07-15T17:45:00Z,2026-07-15T19:45:00+0200,180.46,EUR/MWh,BE,BE,imbalance_price,Long,2026-08-03T03:49:42Z
2026-08-03T03:49:03Z,2026-08-03T05:49:03+0200,d815d4ad-795d-45eb-9ad8-9d704f7a3f43,2026-07-15T17:45:00Z,2026-07-15T19:45:00+0200,180.46,EUR/MWh,BE,BE,imbalance_price,Short,2026-08-03T03:49:42Z
2026-08-03T03:49:03Z,2026-08-03T05:49:03+0200,d815d4ad-795d-45eb-9ad8-9d704f7a3f43,2026-07-15T18:00:00Z,2026-07-15T20:00:00+0200,152.57,EUR/MWh,BE,BE,imbalance_price,Long,2026-08-03T03:49:42Z
2026-08-03T03:49:03Z,2026-08-03T05:49:03+0200,d815d4ad-795d-45eb-9ad8-9d704f7a3f43,2026-07-15T18:00:00Z,2026-07-15T20:00:00+0200,152.57,EUR/MWh,BE,BE,imbalance_price,Short,2026-08-03T03:49:42Z
2026-08-03T03:49:03Z,2026-08-03T05:49:03+0200,d815d4ad-795d-45eb-9ad8-9d704f7a3f43,2026-07-15T18:15:00Z,2026-07-15T20:15:00+0200,173.61,EUR/MWh,BE,BE,imbalance_price,Long,2026-08-03T03:49:42Z
2026-08-03T03:49:03Z,2026-08-03T05:49:03+0200,d815d4ad-795d-45eb-9ad8-9d704f7a3f43,2026-07-15T18:15:00Z,2026-07-15T20:15:00+0200,173.61,EUR/MWh,BE,BE,imbalance_price,Short,2026-08-03T03:49:42Z
2026-08-03T03:49:03Z,2026-08-03T05:49:03+0200,d815d4ad-795d-45eb-9ad8-9d704f7a3f43,2026-07-15T18:30:00Z,2026-07-15T20:30:00+0200,195.73,EUR/MWh,BE,BE,imbalance_price,Long,2026-08-03T03:49:42Z
2026-08-03T03:49:03Z,2026-08-03T05:49:03+0200,d815d4ad-795d-45eb-9ad8-9d704f7a3f43,2026-07-15T18:30:00Z,2026-07-15T20:30:00+0200,195.73,EUR/MWh,BE,BE,imbalance_price,Short,2026-08-03T03:49:42Z
2026-08-03T03:49:03Z,2026-08-03T05:49:03+0200,d815d4ad-795d-45eb-9ad8-9d704f7a3f43,2026-07-15T18:45:00Z,2026-07-15T20:45:00+0200,203.25,EUR/MWh,BE,BE,imbalance_price,Long,2026-08-03T03:49:42Z
2026-08-03T03:49:03Z,2026-08-03T05:49:03+0200,d815d4ad-795d-45eb-9ad8-9d704f7a3f43,2026-07-15T18:45:00Z,2026-07-15T20:45:00+0200,203.25,EUR/MWh,BE,BE,imbalance_price,Short,2026-08-03T03:49:42Z
2026-08-03T03:49:03Z,2026-08-03T05:49:03+0200,d815d4ad-795d-45eb-9ad8-9d704f7a3f43,2026-07-15T19:00:00Z,2026-07-15T21:00:00+0200,235.73,EUR/MWh,BE,BE,imbalance_price,Long,2026-08-03T03:49:42Z
2026-08-03T03:49:03Z,2026-08-03T05:49:03+0200,d815d4ad-795d-45eb-9ad8-9d704f7a3f43,2026-07-15T19:00:00Z,2026-07-15T21:00:00+0200,235.73,EUR/MWh,BE,BE,imbalance_price,Short,2026-08-03T03:49:42Z
2026-08-03T03:49:03Z,2026-08-03T05:49:03+0200,d815d4ad-795d-45eb-9ad8-9d704f7a3f43,2026-07-15T19:15:00Z,2026-07-15T21:15:00+0200,259.39,EUR/MWh,BE,BE,imbalance_price,Long,2026-08-03T03:49:42Z
2026-08-03T03:49:03Z,2026-08-03T05:49:03+0200,d815d4ad-795d-45eb-9ad8-9d704f7a3f43,2026-07-15T19:15:00Z,2026-07-15T21:15:00+0200,259.39,EUR/MWh,BE,BE,imbalance_price,Short,2026-08-03T03:49:42Z
2026-08-03T03:49:03Z,2026-08-03T05:49:03+0200,d815d4ad-795d-45eb-9ad8-9d704f7a3f43,2026-07-15T19:30:00Z,2026-07-15T21:30:00+0200,253.85,EUR/MWh,BE,BE,imbalance_price,Long,2026-08-03T03:49:42Z
2026-08-03T03:49:03Z,2026-08-03T05:49:03+0200,d815d4ad-795d-45eb-9ad8-9d704f7a3f43,2026-07-15T19:30:00Z,2026-07-15T21:30:00+0200,253.85,EUR/MWh,BE,BE,imbalance_price,Short,2026-08-03T03:49:42Z
2026-08-03T03:49:03Z,2026-08-03T05:49:03+0200,d815d4ad-795d-45eb-9ad8-9d704f7a3f43,2026-07-15T19:45:00Z,2026-07-15T21:45:00+0200,303.8,EUR/MWh,BE,BE,imbalance_price,Long,2026-08-03T03:49:42Z
2026-08-03T03:49:03Z,2026-08-03T05:49:03+0200,d815d4ad-795d-45eb-9ad8-9d704f7a3f43,2026-07-15T19:45:00Z,2026-07-15T21:45:00+0200,303.8,EUR/MWh,BE,BE,imbalance_price,Short,2026-08-03T03:49:42Z
2026-08-03T03:49:03Z,2026-08-03T05:49:03+0200,d815d4ad-795d-45eb-9ad8-9d704f7a3f43,2026-07-15T20:00:00Z,2026-07-15T22:00:00+0200,229.42,EUR/MWh,BE,BE,imbalance_price,Long,2026-08-03T03:49:42Z
2026-08-03T03:49:03Z,2026-08-03T05:49:03+0200,d815d4ad-795d-45eb-9ad8-9d704f7a3f43,2026-07-15T20:00:00Z,2026-07-15T22:00:00+0200,229.42,EUR/MWh,BE,BE,imbalance_price,Short,2026-08-03T03:49:42Z
2026-08-03T03:49:03Z,2026-08-03T05:49:03+0200,d815d4ad-795d-45eb-9ad8-9d704f7a3f43,2026-07-15T20:15:00Z,2026-07-15T22:15:00+0200,186.43,EUR/MWh,BE,BE,imbalance_price,Long,2026-08-03T03:49:42Z
2026-08-03T03:49:03Z,2026-08-03T05:49:03+0200,d815d4ad-795d-45eb-9ad8-9d704f7a3f43,2026-07-15T20:15:00Z,2026-07-15T22:15:00+0200,186.43,EUR/MWh,BE,BE,imbalance_price,Short,2026-08-03T03:49:42Z
2026-08-03T03:49:03Z,2026-08-03T05:49:03+0200,d815d4ad-795d-45eb-9ad8-9d704f7a3f43,2026-07-15T20:30:00Z,2026-07-15T22:30:00+0200,242.61,EUR/MWh,BE,BE,imbalance_price,Long,2026-08-03T03:49:42Z
2026-08-03T03:49:03Z,2026-08-03T05:49:03+0200,d815d4ad-795d-45eb-9ad8-9d704f7a3f43,2026-07-15T20:30:00Z,2026-07-15T22:30:00+0200,242.61,EUR/MWh,BE,BE,imbalance_price,Short,2026-08-03T03:49:42Z
2026-08-03T03:49:03Z,2026-08-03T05:49:03+0200,d815d4ad-795d-45eb-9ad8-9d704f7a3f43,2026-07-15T20:45:00Z,2026-07-15T22:45:00+0200,186.69,EUR/MWh,BE,BE,imbalance_price,Long,2026-08-03T03:49:42Z
2026-08-03T03:49:03Z,2026-08-03T05:49:03+0200,d815d4ad-795d-45eb-9ad8-9d704f7a3f43,2026-07-15T20:45:00Z,2026-07-15T22:45:00+0200,186.69,EUR/MWh,BE,BE,imbalance_price,Short,2026-08-03T03:49:42Z
2026-08-03T03:49:03Z,2026-08-03T05:49:03+0200,d815d4ad-795d-45eb-9ad8-9d704f7a3f43,2026-07-15T21:00:00Z,2026-07-15T23:00:00+0200,121.75,EUR/MWh,BE,BE,imbalance_price,Long,2026-08-03T03:49:42Z
2026-08-03T03:49:03Z,2026-08-03T05:49:03+0200,d815d4ad-795d-45eb-9ad8-9d704f7a3f43,2026-07-15T21:00:00Z,2026-07-15T23:00:00+0200,121.75,EUR/MWh,BE,BE,imbalance_price,Short,2026-08-03T03:49:42Z
2026-08-03T03:49:03Z,2026-08-03T05:49:03+0200,d815d4ad-795d-45eb-9ad8-9d704f7a3f43,2026-07-15T21:15:00Z,2026-07-15T23:15:00+0200,141.59,EUR/MWh,BE,BE,imbalance_price,Long,2026-08-03T03:49:42Z
2026-08-03T03:49:03Z,2026-08-03T05:49:03+0200,d815d4ad-795d-45eb-9ad8-9d704f7a3f43,2026-07-15T21:15:00Z,2026-07-15T23:15:00+0200,141.59,EUR/MWh,BE,BE,imbalance_price,Short,2026-08-03T03:49:42Z
2026-08-03T03:49:03Z,2026-08-03T05:49:03+0200,d815d4ad-795d-45eb-9ad8-9d704f7a3f43,2026-07-15T21:30:00Z,2026-07-15T23:30:00+0200,115.9,EUR/MWh,BE,BE,imbalance_price,Long,2026-08-03T03:49:42Z
2026-08-03T03:49:03Z,2026-08-03T05:49:03+0200,d815d4ad-795d-45eb-9ad8-9d704f7a3f43,2026-07-15T21:30:00Z,2026-07-15T23:30:00+0200,115.9,EUR/MWh,BE,BE,imbalance_price,Short,2026-08-03T03:49:42Z
2026-08-03T03:49:03Z,2026-08-03T05:49:03+0200,d815d4ad-795d-45eb-9ad8-9d704f7a3f43,2026-07-15T21:45:00Z,2026-07-15T23:45:00+0200,117.86,EUR/MWh,BE,BE,imbalance_price,Long,2026-08-03T03:49:42Z
2026-08-03T03:49:03Z,2026-08-03T05:49:03+0200,d815d4ad-795d-45eb-9ad8-9d704f7a3f43,2026-07-15T21:45:00Z,2026-07-15T23:45:00+0200,117.86,EUR/MWh,BE,BE,imbalance_price,Short,2026-08-03T03:49:42Z
2026-08-03T03:49:03Z,2026-08-03T05:49:03+0200,d815d4ad-795d-45eb-9ad8-9d704f7a3f43,2026-07-15T22:00:00Z,2026-07-16T00:00:00+0200,123.81,EUR/MWh,BE,BE,imbalance_price,Long,2026-08-03T03:49:42Z
2026-08-03T03:49:03Z,2026-08-03T05:49:03+0200,d815d4ad-795d-45eb-9ad8-9d704f7a3f43,2026-07-15T22:00:00Z,2026-07-16T00:00:00+0200,123.81,EUR/MWh,BE,BE,imbalance_price,Short,2026-08-03T03:49:42Z
2026-08-03T03:49:03Z,2026-08-03T05:49:03+0200,d815d4ad-795d-45eb-9ad8-9d704f7a3f43,2026-07-15T22:15:00Z,2026-07-16T00:15:00+0200,145.91,EUR/MWh,BE,BE,imbalance_price,Long,2026-08-03T03:49:42Z
2026-08-03T03:49:03Z,2026-08-03T05:49:03+0200,d815d4ad-795d-45eb-9ad8-9d704f7a3f43,2026-07-15T22:15:00Z,2026-07-16T00:15:00+0200,145.91,EUR/MWh,BE,BE,imbalance_price,Short,2026-08-03T03:49:42Z
2026-08-03T03:49:03Z,2026-08-03T05:49:03+0200,d815d4ad-795d-45eb-9ad8-9d704f7a3f43,2026-07-15T22:30:00Z,2026-07-16T00:30:00+0200,124.35,EUR/MWh,BE,BE,imbalance_price,Long,2026-08-03T03:49:42Z
2026-08-03T03:49:03Z,2026-08-03T05:49:03+0200,d815d4ad-795d-45eb-9ad8-9d704f7a3f43,2026-07-15T22:30:00Z,2026-07-16T00:30:00+0200,124.35,EUR/MWh,BE,BE,imbalance_price,Short,2026-08-03T03:49:42Z
2026-08-03T03:49:03Z,2026-08-03T05:49:03+0200,d815d4ad-795d-45eb-9ad8-9d704f7a3f43,2026-07-15T22:45:00Z,2026-07-16T00:45:00+0200,133.19,EUR/MWh,BE,BE,imbalance_price,Long,2026-08-03T03:49:42Z
2026-08-03T03:49:03Z,2026-08-03T05:49:03+0200,d815d4ad-795d-45eb-9ad8-9d704f7a3f43,2026-07-15T22:45:00Z,2026-07-16T00:45:00+0200,133.19,EUR/MWh,BE,BE,imbalance_price,Short,2026-08-03T03:49:42Z
2026-08-03T03:49:03Z,2026-08-03T05:49:03+0200,d815d4ad-795d-45eb-9ad8-9d704f7a3f43,2026-07-15T23:00:00Z,2026-07-16T01:00:00+0200,145.54,EUR/MWh,BE,BE,imbalance_price,Long,2026-08-03T03:49:42Z
2026-08-03T03:49:03Z,2026-08-03T05:49:03+0200,d815d4ad-795d-45eb-9ad8-9d704f7a3f43,2026-07-15T23:00:00Z,2026-07-16T01:00:00+0200,145.54,EUR/MWh,BE,BE,imbalance_price,Short,2026-08-03T03:49:42Z
2026-08-03T03:49:03Z,2026-08-03T05:49:03+0200,d815d4ad-795d-45eb-9ad8-9d704f7a3f43,2026-07-15T23:15:00Z,2026-07-16T01:15:00+0200,139.7,EUR/MWh,BE,BE,imbalance_price,Long,2026-08-03T03:49:42Z
2026-08-03T03:49:03Z,2026-08-03T05:49:03+0200,d815d4ad-795d-45eb-9ad8-9d704f7a3f43,2026-07-15T23:15:00Z,2026-07-16T01:15:00+0200,139.7,EUR/MWh,BE,BE,imbalance_price,Short,2026-08-03T03:49:42Z
2026-08-03T03:49:03Z,2026-08-03T05:49:03+0200,d815d4ad-795d-45eb-9ad8-9d704f7a3f43,2026-07-15T23:30:00Z,2026-07-16T01:30:00+0200,150.82,EUR/MWh,BE,BE,imbalance_price,Long,2026-08-03T03:49:42Z
2026-08-03T03:49:03Z,2026-08-03T05:49:03+0200,d815d4ad-795d-45eb-9ad8-9d704f7a3f43,2026-07-15T23:30:00Z,2026-07-16T01:30:00+0200,150.82,EUR/MWh,BE,BE,imbalance_price,Short,2026-08-03T03:49:42Z
2026-08-03T03:49:03Z,2026-08-03T05:49:03+0200,d815d4ad-795d-45eb-9ad8-9d704f7a3f43,2026-07-15T23:45:00Z,2026-07-16T01:45:00+0200,144.16,EUR/MWh,BE,BE,imbalance_price,Long,2026-08-03T03:49:42Z
2026-08-03T03:49:03Z,2026-08-03T05:49:03+0200,d815d4ad-795d-45eb-9ad8-9d704f7a3f43,2026-07-15T23:45:00Z,2026-07-16T01:45:00+0200,144.16,EUR/MWh,BE,BE,imbalance_price,Short,2026-08-03T03:49:42Z
2026-08-03T03:49:03Z,2026-08-03T05:49:03+0200,d815d4ad-795d-45eb-9ad8-9d704f7a3f43,2026-07-16T00:00:00Z,2026-07-16T02:00:00+0200,170.31,EUR/MWh,BE,BE,imbalance_price,Long,2026-08-03T03:49:42Z
2026-08-03T03:49:03Z,2026-08-03T05:49:03+0200,d815d4ad-795d-45eb-9ad8-9d704f7a3f43,2026-07-16T00:00:00Z,2026-07-16T02:00:00+0200,170.31,EUR/MWh,BE,BE,imbalance_price,Short,2026-08-03T03:49:42Z
2026-08-03T03:49:03Z,2026-08-03T05:49:03+0200,d815d4ad-795d-45eb-9ad8-9d704f7a3f43,2026-07-16T00:15:00Z,2026-07-16T02:15:00+0200,168.57,EUR/MWh,BE,BE,imbalance_price,Long,2026-08-03T03:49:42Z
2026-08-03T03:49:03Z,2026-08-03T05:49:03+0200,d815d4ad-795d-45eb-9ad8-9d704f7a3f43,2026-07-16T00:15:00Z,2026-07-16T02:15:00+0200,168.57,EUR/MWh,BE,BE,imbalance_price,Short,2026-08-03T03:49:42Z
2026-08-03T03:49:03Z,2026-08-03T05:49:03+0200,d815d4ad-795d-45eb-9ad8-9d704f7a3f43,2026-07-16T00:30:00Z,2026-07-16T02:30:00+0200,160.88,EUR/MWh,BE,BE,imbalance_price,Long,2026-08-03T03:49:42Z
2026-08-03T03:49:03Z,2026-08-03T05:49:03+0200,d815d4ad-795d-45eb-9ad8-9d704f7a3f43,2026-07-16T00:30:00Z,2026-07-16T02:30:00+0200,160.88,EUR/MWh,BE,BE,imbalance_price,Short,2026-08-03T03:49:42Z
2026-08-03T03:49:03Z,2026-08-03T05:49:03+0200,d815d4ad-795d-45eb-9ad8-9d704f7a3f43,2026-07-16T00:45:00Z,2026-07-16T02:45:00+0200,161.08,EUR/MWh,BE,BE,imbalance_price,Long,2026-08-03T03:49:42Z
2026-08-03T03:49:03Z,2026-08-03T05:49:03+0200,d815d4ad-795d-45eb-9ad8-9d704f7a3f43,2026-07-16T00:45:00Z,2026-07-16T02:45:00+0200,161.08,EUR/MWh,BE,BE,imbalance_price,Short,2026-08-03T03:49:42Z
2026-08-03T03:49:03Z,2026-08-03T05:49:03+0200,d815d4ad-795d-45eb-9ad8-9d704f7a3f43,2026-07-16T01:00:00Z,2026-07-16T03:00:00+0200,158.16,EUR/MWh,BE,BE,imbalance_price,Long,2026-08-03T03:49:42Z
2026-08-03T03:49:03Z,2026-08-03T05:49:03+0200,d815d4ad-795d-45eb-9ad8-9d704f7a3f43,2026-07-16T01:00:00Z,2026-07-16T03:00:00+0200,158.16,EUR/MWh,BE,BE,imbalance_price,Short,2026-08-03T03:49:42Z
2026-08-03T03:49:03Z,2026-08-03T05:49:03+0200,d815d4ad-795d-45eb-9ad8-9d704f7a3f43,2026-07-16T01:15:00Z,2026-07-16T03:15:00+0200,135.89,EUR/MWh,BE,BE,imbalance_price,Long,2026-08-03T03:49:42Z
2026-08-03T03:49:03Z,2026-08-03T05:49:03+0200,d815d4ad-795d-45eb-9ad8-9d704f7a3f43,2026-07-16T01:15:00Z,2026-07-16T03:15:00+0200,135.89,EUR/MWh,BE,BE,imbalance_price,Short,2026-08-03T03:49:42Z
2026-08-03T03:49:03Z,2026-08-03T05:49:03+0200,d815d4ad-795d-45eb-9ad8-9d704f7a3f43,2026-07-16T01:30:00Z,2026-07-16T03:30:00+0200,143.15,EUR/MWh,BE,BE,imbalance_price,Long,2026-08-03T03:49:42Z
2026-08-03T03:49:03Z,2026-08-03T05:49:03+0200,d815d4ad-795d-45eb-9ad8-9d704f7a3f43,2026-07-16T01:30:00Z,2026-07-16T03:30:00+0200,143.15,EUR/MWh,BE,BE,imbalance_price,Short,2026-08-03T03:49:42Z
2026-08-03T03:49:03Z,2026-08-03T05:49:03+0200,d815d4ad-795d-45eb-9ad8-9d704f7a3f43,2026-07-16T01:45:00Z,2026-07-16T03:45:00+0200,141.55,EUR/MWh,BE,BE,imbalance_price,Long,2026-08-03T03:49:42Z
2026-08-03T03:49:03Z,2026-08-03T05:49:03+0200,d815d4ad-795d-45eb-9ad8-9d704f7a3f43,2026-07-16T01:45:00Z,2026-07-16T03:45:00+0200,141.55,EUR/MWh,BE,BE,imbalance_price,Short,2026-08-03T03:49:42Z
2026-08-03T03:49:03Z,2026-08-03T05:49:03+0200,d815d4ad-795d-45eb-9ad8-9d704f7a3f43,2026-07-16T02:00:00Z,2026-07-16T04:00:00+0200,130.11,EUR/MWh,BE,BE,imbalance_price,Long,2026-08-03T03:49:42Z
2026-08-03T03:49:03Z,2026-08-03T05:49:03+0200,d815d4ad-795d-45eb-9ad8-9d704f7a3f43,2026-07-16T02:00:00Z,2026-07-16T04:00:00+0200,130.11,EUR/MWh,BE,BE,imbalance_price,Short,2026-08-03T03:49:42Z
2026-08-03T03:49:03Z,2026-08-03T05:49:03+0200,d815d4ad-795d-45eb-9ad8-9d704f7a3f43,2026-07-16T02:15:00Z,2026-07-16T04:15:00+0200,128.27,EUR/MWh,BE,BE,imbalance_price,Long,2026-08-03T03:49:42Z
2026-08-03T03:49:03Z,2026-08-03T05:49:03+0200,d815d4ad-795d-45eb-9ad8-9d704f7a3f43,2026-07-16T02:15:00Z,2026-07-16T04:15:00+0200,128.27,EUR/MWh,BE,BE,imbalance_price,Short,2026-08-03T03:49:42Z
2026-08-03T03:49:03Z,2026-08-03T05:49:03+0200,d815d4ad-795d-45eb-9ad8-9d704f7a3f43,2026-07-16T02:30:00Z,2026-07-16T04:30:00+0200,134.68,EUR/MWh,BE,BE,imbalance_price,Long,2026-08-03T03:49:42Z
2026-08-03T03:49:03Z,2026-08-03T05:49:03+0200,d815d4ad-795d-45eb-9ad8-9d704f7a3f43,2026-07-16T02:30:00Z,2026-07-16T04:30:00+0200,134.68,EUR/MWh,BE,BE,imbalance_price,Short,2026-08-03T03:49:42Z
2026-08-03T03:49:03Z,2026-08-03T05:49:03+0200,d815d4ad-795d-45eb-9ad8-9d704f7a3f43,2026-07-16T02:45:00Z,2026-07-16T04:45:00+0200,145.51,EUR/MWh,BE,BE,imbalance_price,Long,2026-08-03T03:49:42Z
2026-08-03T03:49:03Z,2026-08-03T05:49:03+0200,d815d4ad-795d-45eb-9ad8-9d704f7a3f43,2026-07-16T02:45:00Z,2026-07-16T04:45:00+0200,145.51,EUR/MWh,BE,BE,imbalance_price,Short,2026-08-03T03:49:42Z
2026-08-03T03:49:03Z,2026-08-03T05:49:03+0200,d815d4ad-795d-45eb-9ad8-9d704f7a3f43,2026-07-16T03:00:00Z,2026-07-16T05:00:00+0200,147.61,EUR/MWh,BE,BE,imbalance_price,Long,2026-08-03T03:49:42Z
2026-08-03T03:49:03Z,2026-08-03T05:49:03+0200,d815d4ad-795d-45eb-9ad8-9d704f7a3f43,2026-07-16T03:00:00Z,2026-07-16T05:00:00+0200,147.61,EUR/MWh,BE,BE,imbalance_price,Short,2026-08-03T03:49:42Z
2026-08-03T03:49:03Z,2026-08-03T05:49:03+0200,d815d4ad-795d-45eb-9ad8-9d704f7a3f43,2026-07-16T03:15:00Z,2026-07-16T05:15:00+0200,165.09,EUR/MWh,BE,BE,imbalance_price,Long,2026-08-03T03:49:42Z
2026-08-03T03:49:03Z,2026-08-03T05:49:03+0200,d815d4ad-795d-45eb-9ad8-9d704f7a3f43,2026-07-16T03:15:00Z,2026-07-16T05:15:00+0200,165.09,EUR/MWh,BE,BE,imbalance_price,Short,2026-08-03T03:49:42Z
2026-08-03T03:49:03Z,2026-08-03T05:49:03+0200,d815d4ad-795d-45eb-9ad8-9d704f7a3f43,2026-07-16T03:30:00Z,2026-07-16T05:30:00+0200,140.38,EUR/MWh,BE,BE,imbalance_price,Long,2026-08-03T03:49:42Z
2026-08-03T03:49:03Z,2026-08-03T05:49:03+0200,d815d4ad-795d-45eb-9ad8-9d704f7a3f43,2026-07-16T03:30:00Z,2026-07-16T05:30:00+0200,140.38,EUR/MWh,BE,BE,imbalance_price,Short,2026-08-03T03:49:42Z
2026-08-03T03:49:03Z,2026-08-03T05:49:03+0200,d815d4ad-795d-45eb-9ad8-9d704f7a3f43,2026-07-16T03:45:00Z,2026-07-16T05:45:00+0200,159.66,EUR/MWh,BE,BE,imbalance_price,Long,2026-08-03T03:49:42Z
2026-08-03T03:49:03Z,2026-08-03T05:49:03+0200,d815d4ad-795d-45eb-9ad8-9d704f7a3f43,2026-07-16T03:45:00Z,2026-07-16T05:45:00+0200,159.66,EUR/MWh,BE,BE,imbalance_price,Short,2026-08-03T03:49:42Z
2026-08-03T03:49:03Z,2026-08-03T05:49:03+0200,d815d4ad-795d-45eb-9ad8-9d704f7a3f43,2026-07-16T04:00:00Z,2026-07-16T06:00:00+0200,160.88,EUR/MWh,BE,BE,imbalance_price,Long,2026-08-03T03:49:42Z
2026-08-03T03:49:03Z,2026-08-03T05:49:03+0200,d815d4ad-795d-45eb-9ad8-9d704f7a3f43,2026-07-16T04:00:00Z,2026-07-16T06:00:00+0200,160.88,EUR/MWh,BE,BE,imbalance_price,Short,2026-08-03T03:49:42Z
2026-08-03T03:49:03Z,2026-08-03T05:49:03+0200,d815d4ad-795d-45eb-9ad8-9d704f7a3f43,2026-07-16T04:15:00Z,2026-07-16T06:15:00+0200,161.73,EUR/MWh,BE,BE,imbalance_price,Long,2026-08-03T03:49:42Z
2026-08-03T03:49:03Z,2026-08-03T05:49:03+0200,d815d4ad-795d-45eb-9ad8-9d704f7a3f43,2026-07-16T04:15:00Z,2026-07-16T06:15:00+0200,161.73,EUR/MWh,BE,BE,imbalance_price,Short,2026-08-03T03:49:42Z
2026-08-03T03:49:03Z,2026-08-03T05:49:03+0200,d815d4ad-795d-45eb-9ad8-9d704f7a3f43,2026-07-16T04:30:00Z,2026-07-16T06:30:00+0200,156.29,EUR/MWh,BE,BE,imbalance_price,Long,2026-08-03T03:49:42Z
2026-08-03T03:49:03Z,2026-08-03T05:49:03+0200,d815d4ad-795d-45eb-9ad8-9d704f7a3f43,2026-07-16T04:30:00Z,2026-07-16T06:30:00+0200,156.29,EUR/MWh,BE,BE,imbalance_price,Short,2026-08-03T03:49:42Z
2026-08-03T03:49:03Z,2026-08-03T05:49:03+0200,d815d4ad-795d-45eb-9ad8-9d704f7a3f43,2026-07-16T04:45:00Z,2026-07-16T06:45:00+0200,156.6,EUR/MWh,BE,BE,imbalance_price,Long,2026-08-03T03:49:42Z
2026-08-03T03:49:03Z,2026-08-03T05:49:03+0200,d815d4ad-795d-45eb-9ad8-9d704f7a3f43,2026-07-16T04:45:00Z,2026-07-16T06:45:00+0200,156.6,EUR/MWh,BE,BE,imbalance_price,Short,2026-08-03T03:49:42Z
2026-08-03T03:49:03Z,2026-08-03T05:49:03+0200,d815d4ad-795d-45eb-9ad8-9d704f7a3f43,2026-07-16T05:00:00Z,2026-07-16T07:00:00+0200,145.72,EUR/MWh,BE,BE,imbalance_price,Long,2026-08-03T03:49:42Z
2026-08-03T03:49:03Z,2026-08-03T05:49:03+0200,d815d4ad-795d-45eb-9ad8-9d704f7a3f43,2026-07-16T05:00:00Z,2026-07-16T07:00:00+0200,145.72,EUR/MWh,BE,BE,imbalance_price,Short,2026-08-03T03:49:42Z
2026-08-03T03:49:03Z,2026-08-03T05:49:03+0200,d815d4ad-795d-45eb-9ad8-9d704f7a3f43,2026-07-16T05:15:00Z,2026-07-16T07:15:00+0200,146.07,EUR/MWh,BE,BE,imbalance_price,Long,2026-08-03T03:49:42Z
2026-08-03T03:49:03Z,2026-08-03T05:49:03+0200,d815d4ad-795d-45eb-9ad8-9d704f7a3f43,2026-07-16T05:15:00Z,2026-07-16T07:15:00+0200,146.07,EUR/MWh,BE,BE,imbalance_price,Short,2026-08-03T03:49:42Z
2026-08-03T03:49:03Z,2026-08-03T05:49:03+0200,d815d4ad-795d-45eb-9ad8-9d704f7a3f43,2026-07-16T05:30:00Z,2026-07-16T07:30:00+0200,153.78,EUR/MWh,BE,BE,imbalance_price,Long,2026-08-03T03:49:42Z
2026-08-03T03:49:03Z,2026-08-03T05:49:03+0200,d815d4ad-795d-45eb-9ad8-9d704f7a3f43,2026-07-16T05:30:00Z,2026-07-16T07:30:00+0200,153.78,EUR/MWh,BE,BE,imbalance_price,Short,2026-08-03T03:49:42Z
2026-08-03T03:49:03Z,2026-08-03T05:49:03+0200,d815d4ad-795d-45eb-9ad8-9d704f7a3f43,2026-07-16T05:45:00Z,2026-07-16T07:45:00+0200,151.41,EUR/MWh,BE,BE,imbalance_price,Long,2026-08-03T03:49:42Z
2026-08-03T03:49:03Z,2026-08-03T05:49:03+0200,d815d4ad-795d-45eb-9ad8-9d704f7a3f43,2026-07-16T05:45:00Z,2026-07-16T07:45:00+0200,151.41,EUR/MWh,BE,BE,imbalance_price,Short,2026-08-03T03:49:42Z
2026-08-03T03:49:03Z,2026-08-03T05:49:03+0200,d815d4ad-795d-45eb-9ad8-9d704f7a3f43,2026-07-16T06:00:00Z,2026-07-16T08:00:00+0200,166.63,EUR/MWh,BE,BE,imbalance_price,Long,2026-08-03T03:49:42Z
2026-08-03T03:49:03Z,2026-08-03T05:49:03+0200,d815d4ad-795d-45eb-9ad8-9d704f7a3f43,2026-07-16T06:00:00Z,2026-07-16T08:00:00+0200,166.63,EUR/MWh,BE,BE,imbalance_price,Short,2026-08-03T03:49:42Z
2026-08-03T03:49:03Z,2026-08-03T05:49:03+0200,d815d4ad-795d-45eb-9ad8-9d704f7a3f43,2026-07-16T06:15:00Z,2026-07-16T08:15:00+0200,165.53,EUR/MWh,BE,BE,imbalance_price,Long,2026-08-03T03:49:42Z
2026-08-03T03:49:03Z,2026-08-03T05:49:03+0200,d815d4ad-795d-45eb-9ad8-9d704f7a3f43,2026-07-16T06:15:00Z,2026-07-16T08:15:00+0200,165.53,EUR/MWh,BE,BE,imbalance_price,Short,2026-08-03T03:49:42Z
2026-08-03T03:49:03Z,2026-08-03T05:49:03+0200,d815d4ad-795d-45eb-9ad8-9d704f7a3f43,2026-07-16T06:30:00Z,2026-07-16T08:30:00+0200,140.48,EUR/MWh,BE,BE,imbalance_price,Long,2026-08-03T03:49:42Z
2026-08-03T03:49:03Z,2026-08-03T05:49:03+0200,d815d4ad-795d-45eb-9ad8-9d704f7a3f43,2026-07-16T06:30:00Z,2026-07-16T08:30:00+0200,140.48,EUR/MWh,BE,BE,imbalance_price,Short,2026-08-03T03:49:42Z
2026-08-03T03:49:03Z,2026-08-03T05:49:03+0200,d815d4ad-795d-45eb-9ad8-9d704f7a3f43,2026-07-16T06:45:00Z,2026-07-16T08:45:00+0200,131.46,EUR/MWh,BE,BE,imbalance_price,Long,2026-08-03T03:49:42Z
2026-08-03T03:49:03Z,2026-08-03T05:49:03+0200,d815d4ad-795d-45eb-9ad8-9d704f7a3f43,2026-07-16T06:45:00Z,2026-07-16T08:45:00+0200,131.46,EUR/MWh,BE,BE,imbalance_price,Short,2026-08-03T03:49:42Z
2026-08-03T03:49:03Z,2026-08-03T05:49:03+0200,d815d4ad-795d-45eb-9ad8-9d704f7a3f43,2026-07-16T07:00:00Z,2026-07-16T09:00:00+0200,95.38,EUR/MWh,BE,BE,imbalance_price,Long,2026-08-03T03:49:42Z
2026-08-03T03:49:03Z,2026-08-03T05:49:03+0200,d815d4ad-795d-45eb-9ad8-9d704f7a3f43,2026-07-16T07:00:00Z,2026-07-16T09:00:00+0200,95.38,EUR/MWh,BE,BE,imbalance_price,Short,2026-08-03T03:49:42Z
2026-08-03T03:49:03Z,2026-08-03T05:49:03+0200,d815d4ad-795d-45eb-9ad8-9d704f7a3f43,2026-07-16T07:15:00Z,2026-07-16T09:15:00+0200,140.1,EUR/MWh,BE,BE,imbalance_price,Long,2026-08-03T03:49:42Z
2026-08-03T03:49:03Z,2026-08-03T05:49:03+0200,d815d4ad-795d-45eb-9ad8-9d704f7a3f43,2026-07-16T07:15:00Z,2026-07-16T09:15:00+0200,140.1,EUR/MWh,BE,BE,imbalance_price,Short,2026-08-03T03:49:42Z
2026-08-03T03:49:03Z,2026-08-03T05:49:03+0200,d815d4ad-795d-45eb-9ad8-9d704f7a3f43,2026-07-16T07:30:00Z,2026-07-16T09:30:00+0200,141.0,EUR/MWh,BE,BE,imbalance_price,Long,2026-08-03T03:49:42Z
2026-08-03T03:49:03Z,2026-08-03T05:49:03+0200,d815d4ad-795d-45eb-9ad8-9d704f7a3f43,2026-07-16T07:30:00Z,2026-07-16T09:30:00+0200,141.0,EUR/MWh,BE,BE,imbalance_price,Short,2026-08-03T03:49:42Z
2026-08-03T03:49:03Z,2026-08-03T05:49:03+0200,d815d4ad-795d-45eb-9ad8-9d704f7a3f43,2026-07-16T07:45:00Z,2026-07-16T09:45:00+0200,141.0,EUR/MWh,BE,BE,imbalance_price,Long,2026-08-03T03:49:42Z
2026-08-03T03:49:03Z,2026-08-03T05:49:03+0200,d815d4ad-795d-45eb-9ad8-9d704f7a3f43,2026-07-16T07:45:00Z,2026-07-16T09:45:00+0200,141.0,EUR/MWh,BE,BE,imbalance_price,Short,2026-08-03T03:49:42Z
2026-08-03T03:49:03Z,2026-08-03T05:49:03+0200,d815d4ad-795d-45eb-9ad8-9d704f7a3f43,2026-07-16T08:00:00Z,2026-07-16T10:00:00+0200,138.0,EUR/MWh,BE,BE,imbalance_price,Long,2026-08-03T03:49:42Z
2026-08-03T03:49:03Z,2026-08-03T05:49:03+0200,d815d4ad-795d-45eb-9ad8-9d704f7a3f43,2026-07-16T08:00:00Z,2026-07-16T10:00:00+0200,138.0,EUR/MWh,BE,BE,imbalance_price,Short,2026-08-03T03:49:42Z
2026-08-03T03:49:03Z,2026-08-03T05:49:03+0200,d815d4ad-795d-45eb-9ad8-9d704f7a3f43,2026-07-16T08:15:00Z,2026-07-16T10:15:00+0200,132.21,EUR/MWh,BE,BE,imbalance_price,Long,2026-08-03T03:49:42Z
2026-08-03T03:49:03Z,2026-08-03T05:49:03+0200,d815d4ad-795d-45eb-9ad8-9d704f7a3f43,2026-07-16T08:15:00Z,2026-07-16T10:15:00+0200,132.21,EUR/MWh,BE,BE,imbalance_price,Short,2026-08-03T03:49:42Z
2026-08-03T03:49:03Z,2026-08-03T05:49:03+0200,d815d4ad-795d-45eb-9ad8-9d704f7a3f43,2026-07-16T08:30:00Z,2026-07-16T10:30:00+0200,113.71,EUR/MWh,BE,BE,imbalance_price,Long,2026-08-03T03:49:42Z
2026-08-03T03:49:03Z,2026-08-03T05:49:03+0200,d815d4ad-795d-45eb-9ad8-9d704f7a3f43,2026-07-16T08:30:00Z,2026-07-16T10:30:00+0200,113.71,EUR/MWh,BE,BE,imbalance_price,Short,2026-08-03T03:49:42Z
2026-08-03T03:49:03Z,2026-08-03T05:49:03+0200,d815d4ad-795d-45eb-9ad8-9d704f7a3f43,2026-07-16T08:45:00Z,2026-07-16T10:45:00+0200,113.37,EUR/MWh,BE,BE,imbalance_price,Long,2026-08-03T03:49:42Z
2026-08-03T03:49:03Z,2026-08-03T05:49:03+0200,d815d4ad-795d-45eb-9ad8-9d704f7a3f43,2026-07-16T08:45:00Z,2026-07-16T10:45:00+0200,113.37,EUR/MWh,BE,BE,imbalance_price,Short,2026-08-03T03:49:42Z
2026-08-03T03:49:03Z,2026-08-03T05:49:03+0200,d815d4ad-795d-45eb-9ad8-9d704f7a3f43,2026-07-16T09:00:00Z,2026-07-16T11:00:00+0200,72.04,EUR/MWh,BE,BE,imbalance_price,Long,2026-08-03T03:49:42Z
2026-08-03T03:49:03Z,2026-08-03T05:49:03+0200,d815d4ad-795d-45eb-9ad8-9d704f7a3f43,2026-07-16T09:00:00Z,2026-07-16T11:00:00+0200,72.04,EUR/MWh,BE,BE,imbalance_price,Short,2026-08-03T03:49:42Z
2026-08-03T03:49:03Z,2026-08-03T05:49:03+0200,d815d4ad-795d-45eb-9ad8-9d704f7a3f43,2026-07-16T09:15:00Z,2026-07-16T11:15:00+0200,60.06,EUR/MWh,BE,BE,imbalance_price,Long,2026-08-03T03:49:42Z
2026-08-03T03:49:03Z,2026-08-03T05:49:03+0200,d815d4ad-795d-45eb-9ad8-9d704f7a3f43,2026-07-16T09:15:00Z,2026-07-16T11:15:00+0200,60.06,EUR/MWh,BE,BE,imbalance_price,Short,2026-08-03T03:49:42Z
2026-08-03T03:49:03Z,2026-08-03T05:49:03+0200,d815d4ad-795d-45eb-9ad8-9d704f7a3f43,2026-07-16T09:30:00Z,2026-07-16T11:30:00+0200,95.68,EUR/MWh,BE,BE,imbalance_price,Long,2026-08-03T03:49:42Z
2026-08-03T03:49:03Z,2026-08-03T05:49:03+0200,d815d4ad-795d-45eb-9ad8-9d704f7a3f43,2026-07-16T09:30:00Z,2026-07-16T11:30:00+0200,95.68,EUR/MWh,BE,BE,imbalance_price,Short,2026-08-03T03:49:42Z
2026-08-03T03:49:03Z,2026-08-03T05:49:03+0200,d815d4ad-795d-45eb-9ad8-9d704f7a3f43,2026-07-16T09:45:00Z,2026-07-16T11:45:00+0200,76.9,EUR/MWh,BE,BE,imbalance_price,Long,2026-08-03T03:49:42Z
2026-08-03T03:49:03Z,2026-08-03T05:49:03+0200,d815d4ad-795d-45eb-9ad8-9d704f7a3f43,2026-07-16T09:45:00Z,2026-07-16T11:45:00+0200,76.9,EUR/MWh,BE,BE,imbalance_price,Short,2026-08-03T03:49:42Z
2026-08-03T03:49:03Z,2026-08-03T05:49:03+0200,d815d4ad-795d-45eb-9ad8-9d704f7a3f43,2026-07-16T10:00:00Z,2026-07-16T12:00:00+0200,60.44,EUR/MWh,BE,BE,imbalance_price,Long,2026-08-03T03:49:42Z
2026-08-03T03:49:03Z,2026-08-03T05:49:03+0200,d815d4ad-795d-45eb-9ad8-9d704f7a3f43,2026-07-16T10:00:00Z,2026-07-16T12:00:00+0200,60.44,EUR/MWh,BE,BE,imbalance_price,Short,2026-08-03T03:49:42Z
2026-08-03T03:49:03Z,2026-08-03T05:49:03+0200,d815d4ad-795d-45eb-9ad8-9d704f7a3f43,2026-07-16T10:15:00Z,2026-07-16T12:15:00+0200,93.82,EUR/MWh,BE,BE,imbalance_price,Long,2026-08-03T03:49:42Z
2026-08-03T03:49:03Z,2026-08-03T05:49:03+0200,d815d4ad-795d-45eb-9ad8-9d704f7a3f43,2026-07-16T10:15:00Z,2026-07-16T12:15:00+0200,93.82,EUR/MWh,BE,BE,imbalance_price,Short,2026-08-03T03:49:42Z
2026-08-03T03:49:03Z,2026-08-03T05:49:03+0200,d815d4ad-795d-45eb-9ad8-9d704f7a3f43,2026-07-16T10:30:00Z,2026-07-16T12:30:00+0200,93.82,EUR/MWh,BE,BE,imbalance_price,Long,2026-08-03T03:49:42Z
2026-08-03T03:49:03Z,2026-08-03T05:49:03+0200,d815d4ad-795d-45eb-9ad8-9d704f7a3f43,2026-07-16T10:30:00Z,2026-07-16T12:30:00+0200,93.82,EUR/MWh,BE,BE,imbalance_price,Short,2026-08-03T03:49:42Z
2026-08-03T03:49:03Z,2026-08-03T05:49:03+0200,d815d4ad-795d-45eb-9ad8-9d704f7a3f43,2026-07-16T10:45:00Z,2026-07-16T12:45:00+0200,93.82,EUR/MWh,BE,BE,imbalance_price,Long,2026-08-03T03:49:42Z
2026-08-03T03:49:03Z,2026-08-03T05:49:03+0200,d815d4ad-795d-45eb-9ad8-9d704f7a3f43,2026-07-16T10:45:00Z,2026-07-16T12:45:00+0200,93.82,EUR/MWh,BE,BE,imbalance_price,Short,2026-08-03T03:49:42Z
2026-08-03T03:49:03Z,2026-08-03T05:49:03+0200,d815d4ad-795d-45eb-9ad8-9d704f7a3f43,2026-07-16T11:00:00Z,2026-07-16T13:00:00+0200,130.02,EUR/MWh,BE,BE,imbalance_price,Long,2026-08-03T03:49:42Z
2026-08-03T03:49:03Z,2026-08-03T05:49:03+0200,d815d4ad-795d-45eb-9ad8-9d704f7a3f43,2026-07-16T11:00:00Z,2026-07-16T13:00:00+0200,130.02,EUR/MWh,BE,BE,imbalance_price,Short,2026-08-03T03:49:42Z
2026-08-03T03:49:03Z,2026-08-03T05:49:03+0200,d815d4ad-795d-45eb-9ad8-9d704f7a3f43,2026-07-16T11:15:00Z,2026-07-16T13:15:00+0200,132.31,EUR/MWh,BE,BE,imbalance_price,Long,2026-08-03T03:49:42Z
2026-08-03T03:49:03Z,2026-08-03T05:49:03+0200,d815d4ad-795d-45eb-9ad8-9d704f7a3f43,2026-07-16T11:15:00Z,2026-07-16T13:15:00+0200,132.31,EUR/MWh,BE,BE,imbalance_price,Short,2026-08-03T03:49:42Z
2026-08-03T03:49:03Z,2026-08-03T05:49:03+0200,d815d4ad-795d-45eb-9ad8-9d704f7a3f43,2026-07-16T11:30:00Z,2026-07-16T13:30:00+0200,125.08,EUR/MWh,BE,BE,imbalance_price,Long,2026-08-03T03:49:42Z
2026-08-03T03:49:03Z,2026-08-03T05:49:03+0200,d815d4ad-795d-45eb-9ad8-9d704f7a3f43,2026-07-16T11:30:00Z,2026-07-16T13:30:00+0200,125.08,EUR/MWh,BE,BE,imbalance_price,Short,2026-08-03T03:49:42Z
2026-08-03T03:49:03Z,2026-08-03T05:49:03+0200,d815d4ad-795d-45eb-9ad8-9d704f7a3f43,2026-07-16T11:45:00Z,2026-07-16T13:45:00+0200,144.32,EUR/MWh,BE,BE,imbalance_price,Long,2026-08-03T03:49:42Z
2026-08-03T03:49:03Z,2026-08-03T05:49:03+0200,d815d4ad-795d-45eb-9ad8-9d704f7a3f43,2026-07-16T11:45:00Z,2026-07-16T13:45:00+0200,144.32,EUR/MWh,BE,BE,imbalance_price,Short,2026-08-03T03:49:42Z
2026-08-03T03:49:03Z,2026-08-03T05:49:03+0200,d815d4ad-795d-45eb-9ad8-9d704f7a3f43,2026-07-16T12:00:00Z,2026-07-16T14:00:00+0200,176.78,EUR/MWh,BE,BE,imbalance_price,Long,2026-08-03T03:49:42Z
2026-08-03T03:49:03Z,2026-08-03T05:49:03+0200,d815d4ad-795d-45eb-9ad8-9d704f7a3f43,2026-07-16T12:00:00Z,2026-07-16T14:00:00+0200,176.78,EUR/MWh,BE,BE,imbalance_price,Short,2026-08-03T03:49:42Z
2026-08-03T03:49:03Z,2026-08-03T05:49:03+0200,d815d4ad-795d-45eb-9ad8-9d704f7a3f43,2026-07-16T12:15:00Z,2026-07-16T14:15:00+0200,146.16,EUR/MWh,BE,BE,imbalance_price,Long,2026-08-03T03:49:42Z
2026-08-03T03:49:03Z,2026-08-03T05:49:03+0200,d815d4ad-795d-45eb-9ad8-9d704f7a3f43,2026-07-16T12:15:00Z,2026-07-16T14:15:00+0200,146.16,EUR/MWh,BE,BE,imbalance_price,Short,2026-08-03T03:49:42Z
2026-08-03T03:49:03Z,2026-08-03T05:49:03+0200,d815d4ad-795d-45eb-9ad8-9d704f7a3f43,2026-07-16T12:30:00Z,2026-07-16T14:30:00+0200,164.32,EUR/MWh,BE,BE,imbalance_price,Long,2026-08-03T03:49:42Z
2026-08-03T03:49:03Z,2026-08-03T05:49:03+0200,d815d4ad-795d-45eb-9ad8-9d704f7a3f43,2026-07-16T12:30:00Z,2026-07-16T14:30:00+0200,164.32,EUR/MWh,BE,BE,imbalance_price,Short,2026-08-03T03:49:42Z
2026-08-03T03:49:03Z,2026-08-03T05:49:03+0200,d815d4ad-795d-45eb-9ad8-9d704f7a3f43,2026-07-16T12:45:00Z,2026-07-16T14:45:00+0200,126.15,EUR/MWh,BE,BE,imbalance_price,Long,2026-08-03T03:49:42Z
2026-08-03T03:49:03Z,2026-08-03T05:49:03+0200,d815d4ad-795d-45eb-9ad8-9d704f7a3f43,2026-07-16T12:45:00Z,2026-07-16T14:45:00+0200,126.15,EUR/MWh,BE,BE,imbalance_price,Short,2026-08-03T03:49:42Z
2026-08-03T03:49:03Z,2026-08-03T05:49:03+0200,d815d4ad-795d-45eb-9ad8-9d704f7a3f43,2026-07-16T13:00:00Z,2026-07-16T15:00:00+0200,127.19,EUR/MWh,BE,BE,imbalance_price,Long,2026-08-03T03:49:42Z
2026-08-03T03:49:03Z,2026-08-03T05:49:03+0200,d815d4ad-795d-45eb-9ad8-9d704f7a3f43,2026-07-16T13:00:00Z,2026-07-16T15:00:00+0200,127.19,EUR/MWh,BE,BE,imbalance_price,Short,2026-08-03T03:49:42Z
2026-08-03T03:49:03Z,2026-08-03T05:49:03+0200,d815d4ad-795d-45eb-9ad8-9d704f7a3f43,2026-07-16T13:15:00Z,2026-07-16T15:15:00+0200,126.09,EUR/MWh,BE,BE,imbalance_price,Long,2026-08-03T03:49:42Z
2026-08-03T03:49:03Z,2026-08-03T05:49:03+0200,d815d4ad-795d-45eb-9ad8-9d704f7a3f43,2026-07-16T13:15:00Z,2026-07-16T15:15:00+0200,126.09,EUR/MWh,BE,BE,imbalance_price,Short,2026-08-03T03:49:42Z
2026-08-03T03:49:03Z,2026-08-03T05:49:03+0200,d815d4ad-795d-45eb-9ad8-9d704f7a3f43,2026-07-16T13:30:00Z,2026-07-16T15:30:00+0200,126.6,EUR/MWh,BE,BE,imbalance_price,Long,2026-08-03T03:49:42Z
2026-08-03T03:49:03Z,2026-08-03T05:49:03+0200,d815d4ad-795d-45eb-9ad8-9d704f7a3f43,2026-07-16T13:30:00Z,2026-07-16T15:30:00+0200,126.6,EUR/MWh,BE,BE,imbalance_price,Short,2026-08-03T03:49:42Z
2026-08-03T03:49:03Z,2026-08-03T05:49:03+0200,d815d4ad-795d-45eb-9ad8-9d704f7a3f43,2026-07-16T13:45:00Z,2026-07-16T15:45:00+0200,145.8,EUR/MWh,BE,BE,imbalance_price,Long,2026-08-03T03:49:42Z
2026-08-03T03:49:03Z,2026-08-03T05:49:03+0200,d815d4ad-795d-45eb-9ad8-9d704f7a3f43,2026-07-16T13:45:00Z,2026-07-16T15:45:00+0200,145.8,EUR/MWh,BE,BE,imbalance_price,Short,2026-08-03T03:49:42Z
2026-08-03T03:49:03Z,2026-08-03T05:49:03+0200,d815d4ad-795d-45eb-9ad8-9d704f7a3f43,2026-07-16T14:00:00Z,2026-07-16T16:00:00+0200,84.66,EUR/MWh,BE,BE,imbalance_price,Long,2026-08-03T03:49:42Z
2026-08-03T03:49:03Z,2026-08-03T05:49:03+0200,d815d4ad-795d-45eb-9ad8-9d704f7a3f43,2026-07-16T14:00:00Z,2026-07-16T16:00:00+0200,84.66,EUR/MWh,BE,BE,imbalance_price,Short,2026-08-03T03:49:42Z
2026-08-03T03:49:03Z,2026-08-03T05:49:03+0200,d815d4ad-795d-45eb-9ad8-9d704f7a3f43,2026-07-16T14:15:00Z,2026-07-16T16:15:00+0200,125.98,EUR/MWh,BE,BE,imbalance_price,Long,2026-08-03T03:49:42Z
2026-08-03T03:49:03Z,2026-08-03T05:49:03+0200,d815d4ad-795d-45eb-9ad8-9d704f7a3f43,2026-07-16T14:15:00Z,2026-07-16T16:15:00+0200,125.98,EUR/MWh,BE,BE,imbalance_price,Short,2026-08-03T03:49:42Z
2026-08-03T03:49:03Z,2026-08-03T05:49:03+0200,d815d4ad-795d-45eb-9ad8-9d704f7a3f43,2026-07-16T14:30:00Z,2026-07-16T16:30:00+0200,91.76,EUR/MWh,BE,BE,imbalance_price,Long,2026-08-03T03:49:42Z
2026-08-03T03:49:03Z,2026-08-03T05:49:03+0200,d815d4ad-795d-45eb-9ad8-9d704f7a3f43,2026-07-16T14:30:00Z,2026-07-16T16:30:00+0200,91.76,EUR/MWh,BE,BE,imbalance_price,Short,2026-08-03T03:49:42Z
2026-08-03T03:49:03Z,2026-08-03T05:49:03+0200,d815d4ad-795d-45eb-9ad8-9d704f7a3f43,2026-07-16T14:45:00Z,2026-07-16T16:45:00+0200,134.32,EUR/MWh,BE,BE,imbalance_price,Long,2026-08-03T03:49:42Z
2026-08-03T03:49:03Z,2026-08-03T05:49:03+0200,d815d4ad-795d-45eb-9ad8-9d704f7a3f43,2026-07-16T14:45:00Z,2026-07-16T16:45:00+0200,134.32,EUR/MWh,BE,BE,imbalance_price,Short,2026-08-03T03:49:42Z
2026-08-03T03:49:03Z,2026-08-03T05:49:03+0200,d815d4ad-795d-45eb-9ad8-9d704f7a3f43,2026-07-16T15:00:00Z,2026-07-16T17:00:00+0200,149.99,EUR/MWh,BE,BE,imbalance_price,Long,2026-08-03T03:49:42Z
2026-08-03T03:49:03Z,2026-08-03T05:49:03+0200,d815d4ad-795d-45eb-9ad8-9d704f7a3f43,2026-07-16T15:00:00Z,2026-07-16T17:00:00+0200,149.99,EUR/MWh,BE,BE,imbalance_price,Short,2026-08-03T03:49:42Z
2026-08-03T03:49:03Z,2026-08-03T05:49:03+0200,d815d4ad-795d-45eb-9ad8-9d704f7a3f43,2026-07-16T15:15:00Z,2026-07-16T17:15:00+0200,157.51,EUR/MWh,BE,BE,imbalance_price,Long,2026-08-03T03:49:42Z
2026-08-03T03:49:03Z,2026-08-03T05:49:03+0200,d815d4ad-795d-45eb-9ad8-9d704f7a3f43,2026-07-16T15:15:00Z,2026-07-16T17:15:00+0200,157.51,EUR/MWh,BE,BE,imbalance_price,Short,2026-08-03T03:49:42Z
2026-08-03T03:49:03Z,2026-08-03T05:49:03+0200,d815d4ad-795d-45eb-9ad8-9d704f7a3f43,2026-07-16T15:30:00Z,2026-07-16T17:30:00+0200,149.12,EUR/MWh,BE,BE,imbalance_price,Long,2026-08-03T03:49:42Z
2026-08-03T03:49:03Z,2026-08-03T05:49:03+0200,d815d4ad-795d-45eb-9ad8-9d704f7a3f43,2026-07-16T15:30:00Z,2026-07-16T17:30:00+0200,149.12,EUR/MWh,BE,BE,imbalance_price,Short,2026-08-03T03:49:42Z
2026-08-03T03:49:03Z,2026-08-03T05:49:03+0200,d815d4ad-795d-45eb-9ad8-9d704f7a3f43,2026-07-16T15:45:00Z,2026-07-16T17:45:00+0200,200.09,EUR/MWh,BE,BE,imbalance_price,Long,2026-08-03T03:49:42Z
2026-08-03T03:49:03Z,2026-08-03T05:49:03+0200,d815d4ad-795d-45eb-9ad8-9d704f7a3f43,2026-07-16T15:45:00Z,2026-07-16T17:45:00+0200,200.09,EUR/MWh,BE,BE,imbalance_price,Short,2026-08-03T03:49:42Z
2026-08-03T03:49:03Z,2026-08-03T05:49:03+0200,d815d4ad-795d-45eb-9ad8-9d704f7a3f43,2026-07-16T16:00:00Z,2026-07-16T18:00:00+0200,184.22,EUR/MWh,BE,BE,imbalance_price,Long,2026-08-03T03:49:42Z
2026-08-03T03:49:03Z,2026-08-03T05:49:03+0200,d815d4ad-795d-45eb-9ad8-9d704f7a3f43,2026-07-16T16:00:00Z,2026-07-16T18:00:00+0200,184.22,EUR/MWh,BE,BE,imbalance_price,Short,2026-08-03T03:49:42Z
2026-08-03T03:49:03Z,2026-08-03T05:49:03+0200,d815d4ad-795d-45eb-9ad8-9d704f7a3f43,2026-07-16T16:15:00Z,2026-07-16T18:15:00+0200,193.87,EUR/MWh,BE,BE,imbalance_price,Long,2026-08-03T03:49:42Z
2026-08-03T03:49:03Z,2026-08-03T05:49:03+0200,d815d4ad-795d-45eb-9ad8-9d704f7a3f43,2026-07-16T16:15:00Z,2026-07-16T18:15:00+0200,193.87,EUR/MWh,BE,BE,imbalance_price,Short,2026-08-03T03:49:42Z
2026-08-03T03:49:03Z,2026-08-03T05:49:03+0200,d815d4ad-795d-45eb-9ad8-9d704f7a3f43,2026-07-16T16:30:00Z,2026-07-16T18:30:00+0200,184.23,EUR/MWh,BE,BE,imbalance_price,Long,2026-08-03T03:49:42Z
2026-08-03T03:49:03Z,2026-08-03T05:49:03+0200,d815d4ad-795d-45eb-9ad8-9d704f7a3f43,2026-07-16T16:30:00Z,2026-07-16T18:30:00+0200,184.23,EUR/MWh,BE,BE,imbalance_price,Short,2026-08-03T03:49:42Z
2026-08-03T03:49:03Z,2026-08-03T05:49:03+0200,d815d4ad-795d-45eb-9ad8-9d704f7a3f43,2026-07-16T16:45:00Z,2026-07-16T18:45:00+0200,205.6,EUR/MWh,BE,BE,imbalance_price,Long,2026-08-03T03:49:42Z
2026-08-03T03:49:03Z,2026-08-03T05:49:03+0200,d815d4ad-795d-45eb-9ad8-9d704f7a3f43,2026-07-16T16:45:00Z,2026-07-16T18:45:00+0200,205.6,EUR/MWh,BE,BE,imbalance_price,Short,2026-08-03T03:49:42Z
2026-08-03T03:49:03Z,2026-08-03T05:49:03+0200,d815d4ad-795d-45eb-9ad8-9d704f7a3f43,2026-07-16T17:00:00Z,2026-07-16T19:00:00+0200,214.42,EUR/MWh,BE,BE,imbalance_price,Long,2026-08-03T03:49:42Z
2026-08-03T03:49:03Z,2026-08-03T05:49:03+0200,d815d4ad-795d-45eb-9ad8-9d704f7a3f43,2026-07-16T17:00:00Z,2026-07-16T19:00:00+0200,214.42,EUR/MWh,BE,BE,imbalance_price,Short,2026-08-03T03:49:42Z
2026-08-03T03:49:03Z,2026-08-03T05:49:03+0200,d815d4ad-795d-45eb-9ad8-9d704f7a3f43,2026-07-16T17:15:00Z,2026-07-16T19:15:00+0200,201.97,EUR/MWh,BE,BE,imbalance_price,Long,2026-08-03T03:49:42Z
2026-08-03T03:49:03Z,2026-08-03T05:49:03+0200,d815d4ad-795d-45eb-9ad8-9d704f7a3f43,2026-07-16T17:15:00Z,2026-07-16T19:15:00+0200,201.97,EUR/MWh,BE,BE,imbalance_price,Short,2026-08-03T03:49:42Z
2026-08-03T03:49:03Z,2026-08-03T05:49:03+0200,d815d4ad-795d-45eb-9ad8-9d704f7a3f43,2026-07-16T17:30:00Z,2026-07-16T19:30:00+0200,214.42,EUR/MWh,BE,BE,imbalance_price,Long,2026-08-03T03:49:42Z
2026-08-03T03:49:03Z,2026-08-03T05:49:03+0200,d815d4ad-795d-45eb-9ad8-9d704f7a3f43,2026-07-16T17:30:00Z,2026-07-16T19:30:00+0200,214.42,EUR/MWh,BE,BE,imbalance_price,Short,2026-08-03T03:49:42Z
2026-08-03T03:49:03Z,2026-08-03T05:49:03+0200,d815d4ad-795d-45eb-9ad8-9d704f7a3f43,2026-07-16T17:45:00Z,2026-07-16T19:45:00+0200,203.19,EUR/MWh,BE,BE,imbalance_price,Long,2026-08-03T03:49:42Z
2026-08-03T03:49:03Z,2026-08-03T05:49:03+0200,d815d4ad-795d-45eb-9ad8-9d704f7a3f43,2026-07-16T17:45:00Z,2026-07-16T19:45:00+0200,203.19,EUR/MWh,BE,BE,imbalance_price,Short,2026-08-03T03:49:42Z
2026-08-03T03:49:03Z,2026-08-03T05:49:03+0200,d815d4ad-795d-45eb-9ad8-9d704f7a3f43,2026-07-16T18:00:00Z,2026-07-16T20:00:00+0200,201.4,EUR/MWh,BE,BE,imbalance_price,Long,2026-08-03T03:49:42Z
2026-08-03T03:49:03Z,2026-08-03T05:49:03+0200,d815d4ad-795d-45eb-9ad8-9d704f7a3f43,2026-07-16T18:00:00Z,2026-07-16T20:00:00+0200,201.4,EUR/MWh,BE,BE,imbalance_price,Short,2026-08-03T03:49:42Z
2026-08-03T03:49:03Z,2026-08-03T05:49:03+0200,d815d4ad-795d-45eb-9ad8-9d704f7a3f43,2026-07-16T18:15:00Z,2026-07-16T20:15:00+0200,187.52,EUR/MWh,BE,BE,imbalance_price,Long,2026-08-03T03:49:42Z
2026-08-03T03:49:03Z,2026-08-03T05:49:03+0200,d815d4ad-795d-45eb-9ad8-9d704f7a3f43,2026-07-16T18:15:00Z,2026-07-16T20:15:00+0200,187.52,EUR/MWh,BE,BE,imbalance_price,Short,2026-08-03T03:49:42Z
2026-08-03T03:49:03Z,2026-08-03T05:49:03+0200,d815d4ad-795d-45eb-9ad8-9d704f7a3f43,2026-07-16T18:30:00Z,2026-07-16T20:30:00+0200,197.16,EUR/MWh,BE,BE,imbalance_price,Long,2026-08-03T03:49:42Z
2026-08-03T03:49:03Z,2026-08-03T05:49:03+0200,d815d4ad-795d-45eb-9ad8-9d704f7a3f43,2026-07-16T18:30:00Z,2026-07-16T20:30:00+0200,197.16,EUR/MWh,BE,BE,imbalance_price,Short,2026-08-03T03:49:42Z
2026-08-03T03:49:03Z,2026-08-03T05:49:03+0200,d815d4ad-795d-45eb-9ad8-9d704f7a3f43,2026-07-16T18:45:00Z,2026-07-16T20:45:00+0200,198.92,EUR/MWh,BE,BE,imbalance_price,Long,2026-08-03T03:49:42Z
2026-08-03T03:49:03Z,2026-08-03T05:49:03+0200,d815d4ad-795d-45eb-9ad8-9d704f7a3f43,2026-07-16T18:45:00Z,2026-07-16T20:45:00+0200,198.92,EUR/MWh,BE,BE,imbalance_price,Short,2026-08-03T03:49:42Z
2026-08-03T03:49:03Z,2026-08-03T05:49:03+0200,d815d4ad-795d-45eb-9ad8-9d704f7a3f43,2026-07-16T19:00:00Z,2026-07-16T21:00:00+0200,200.92,EUR/MWh,BE,BE,imbalance_price,Long,2026-08-03T03:49:42Z
2026-08-03T03:49:03Z,2026-08-03T05:49:03+0200,d815d4ad-795d-45eb-9ad8-9d704f7a3f43,2026-07-16T19:00:00Z,2026-07-16T21:00:00+0200,200.92,EUR/MWh,BE,BE,imbalance_price,Short,2026-08-03T03:49:42Z
2026-08-03T03:49:03Z,2026-08-03T05:49:03+0200,d815d4ad-795d-45eb-9ad8-9d704f7a3f43,2026-07-16T19:15:00Z,2026-07-16T21:15:00+0200,203.27,EUR/MWh,BE,BE,imbalance_price,Long,2026-08-03T03:49:42Z
2026-08-03T03:49:03Z,2026-08-03T05:49:03+0200,d815d4ad-795d-45eb-9ad8-9d704f7a3f43,2026-07-16T19:15:00Z,2026-07-16T21:15:00+0200,203.27,EUR/MWh,BE,BE,imbalance_price,Short,2026-08-03T03:49:42Z
2026-08-03T03:49:03Z,2026-08-03T05:49:03+0200,d815d4ad-795d-45eb-9ad8-9d704f7a3f43,2026-07-16T19:30:00Z,2026-07-16T21:30:00+0200,199.61,EUR/MWh,BE,BE,imbalance_price,Long,2026-08-03T03:49:42Z
2026-08-03T03:49:03Z,2026-08-03T05:49:03+0200,d815d4ad-795d-45eb-9ad8-9d704f7a3f43,2026-07-16T19:30:00Z,2026-07-16T21:30:00+0200,199.61,EUR/MWh,BE,BE,imbalance_price,Short,2026-08-03T03:49:42Z
2026-08-03T03:49:03Z,2026-08-03T05:49:03+0200,d815d4ad-795d-45eb-9ad8-9d704f7a3f43,2026-07-16T19:45:00Z,2026-07-16T21:45:00+0200,207.93,EUR/MWh,BE,BE,imbalance_price,Long,2026-08-03T03:49:42Z
2026-08-03T03:49:03Z,2026-08-03T05:49:03+0200,d815d4ad-795d-45eb-9ad8-9d704f7a3f43,2026-07-16T19:45:00Z,2026-07-16T21:45:00+0200,207.93,EUR/MWh,BE,BE,imbalance_price,Short,2026-08-03T03:49:42Z
2026-08-03T03:49:03Z,2026-08-03T05:49:03+0200,d815d4ad-795d-45eb-9ad8-9d704f7a3f43,2026-07-16T20:00:00Z,2026-07-16T22:00:00+0200,308.39,EUR/MWh,BE,BE,imbalance_price,Long,2026-08-03T03:49:42Z
2026-08-03T03:49:03Z,2026-08-03T05:49:03+0200,d815d4ad-795d-45eb-9ad8-9d704f7a3f43,2026-07-16T20:00:00Z,2026-07-16T22:00:00+0200,308.39,EUR/MWh,BE,BE,imbalance_price,Short,2026-08-03T03:49:42Z
2026-08-03T03:49:03Z,2026-08-03T05:49:03+0200,d815d4ad-795d-45eb-9ad8-9d704f7a3f43,2026-07-16T20:15:00Z,2026-07-16T22:15:00+0200,607.0,EUR/MWh,BE,BE,imbalance_price,Long,2026-08-03T03:49:42Z
2026-08-03T03:49:03Z,2026-08-03T05:49:03+0200,d815d4ad-795d-45eb-9ad8-9d704f7a3f43,2026-07-16T20:15:00Z,2026-07-16T22:15:00+0200,607.0,EUR/MWh,BE,BE,imbalance_price,Short,2026-08-03T03:49:42Z
2026-08-03T03:49:03Z,2026-08-03T05:49:03+0200,d815d4ad-795d-45eb-9ad8-9d704f7a3f43,2026-07-16T20:30:00Z,2026-07-16T22:30:00+0200,300.1,EUR/MWh,BE,BE,imbalance_price,Long,2026-08-03T03:49:42Z
2026-08-03T03:49:03Z,2026-08-03T05:49:03+0200,d815d4ad-795d-45eb-9ad8-9d704f7a3f43,2026-07-16T20:30:00Z,2026-07-16T22:30:00+0200,300.1,EUR/MWh,BE,BE,imbalance_price,Short,2026-08-03T03:49:42Z
2026-08-03T03:49:03Z,2026-08-03T05:49:03+0200,d815d4ad-795d-45eb-9ad8-9d704f7a3f43,2026-07-16T20:45:00Z,2026-07-16T22:45:00+0200,183.18,EUR/MWh,BE,BE,imbalance_price,Long,2026-08-03T03:49:42Z
2026-08-03T03:49:03Z,2026-08-03T05:49:03+0200,d815d4ad-795d-45eb-9ad8-9d704f7a3f43,2026-07-16T20:45:00Z,2026-07-16T22:45:00+0200,183.18,EUR/MWh,BE,BE,imbalance_price,Short,2026-08-03T03:49:42Z
2026-08-03T03:49:03Z,2026-08-03T05:49:03+0200,d815d4ad-795d-45eb-9ad8-9d704f7a3f43,2026-07-16T21:00:00Z,2026-07-16T23:00:00+0200,178.08,EUR/MWh,BE,BE,imbalance_price,Long,2026-08-03T03:49:42Z
2026-08-03T03:49:03Z,2026-08-03T05:49:03+0200,d815d4ad-795d-45eb-9ad8-9d704f7a3f43,2026-07-16T21:00:00Z,2026-07-16T23:00:00+0200,178.08,EUR/MWh,BE,BE,imbalance_price,Short,2026-08-03T03:49:42Z
2026-08-03T03:49:03Z,2026-08-03T05:49:03+0200,d815d4ad-795d-45eb-9ad8-9d704f7a3f43,2026-07-16T21:15:00Z,2026-07-16T23:15:00+0200,150.62,EUR/MWh,BE,BE,imbalance_price,Long,2026-08-03T03:49:42Z
2026-08-03T03:49:03Z,2026-08-03T05:49:03+0200,d815d4ad-795d-45eb-9ad8-9d704f7a3f43,2026-07-16T21:15:00Z,2026-07-16T23:15:00+0200,150.62,EUR/MWh,BE,BE,imbalance_price,Short,2026-08-03T03:49:42Z
2026-08-03T03:49:03Z,2026-08-03T05:49:03+0200,d815d4ad-795d-45eb-9ad8-9d704f7a3f43,2026-07-16T21:30:00Z,2026-07-16T23:30:00+0200,136.13,EUR/MWh,BE,BE,imbalance_price,Long,2026-08-03T03:49:42Z
2026-08-03T03:49:03Z,2026-08-03T05:49:03+0200,d815d4ad-795d-45eb-9ad8-9d704f7a3f43,2026-07-16T21:30:00Z,2026-07-16T23:30:00+0200,136.13,EUR/MWh,BE,BE,imbalance_price,Short,2026-08-03T03:49:42Z
2026-08-03T03:49:03Z,2026-08-03T05:49:03+0200,d815d4ad-795d-45eb-9ad8-9d704f7a3f43,2026-07-16T21:45:00Z,2026-07-16T23:45:00+0200,131.08,EUR/MWh,BE,BE,imbalance_price,Long,2026-08-03T03:49:42Z
2026-08-03T03:49:03Z,2026-08-03T05:49:03+0200,d815d4ad-795d-45eb-9ad8-9d704f7a3f43,2026-07-16T21:45:00Z,2026-07-16T23:45:00+0200,131.08,EUR/MWh,BE,BE,imbalance_price,Short,2026-08-03T03:49:42Z
2026-08-03T03:49:03Z,2026-08-03T05:49:03+0200,d815d4ad-795d-45eb-9ad8-9d704f7a3f43,2026-07-16T22:00:00Z,2026-07-17T00:00:00+0200,139.01,EUR/MWh,BE,BE,imbalance_price,Long,2026-08-03T03:49:42Z
2026-08-03T03:49:03Z,2026-08-03T05:49:03+0200,d815d4ad-795d-45eb-9ad8-9d704f7a3f43,2026-07-16T22:00:00Z,2026-07-17T00:00:00+0200,139.01,EUR/MWh,BE,BE,imbalance_price,Short,2026-08-03T03:49:42Z
2026-08-03T03:49:03Z,2026-08-03T05:49:03+0200,d815d4ad-795d-45eb-9ad8-9d704f7a3f43,2026-07-16T22:15:00Z,2026-07-17T00:15:00+0200,135.69,EUR/MWh,BE,BE,imbalance_price,Long,2026-08-03T03:49:42Z
2026-08-03T03:49:03Z,2026-08-03T05:49:03+0200,d815d4ad-795d-45eb-9ad8-9d704f7a3f43,2026-07-16T22:15:00Z,2026-07-17T00:15:00+0200,135.69,EUR/MWh,BE,BE,imbalance_price,Short,2026-08-03T03:49:42Z
2026-08-03T03:49:03Z,2026-08-03T05:49:03+0200,d815d4ad-795d-45eb-9ad8-9d704f7a3f43,2026-07-16T22:30:00Z,2026-07-17T00:30:00+0200,157.48,EUR/MWh,BE,BE,imbalance_price,Long,2026-08-03T03:49:42Z
2026-08-03T03:49:03Z,2026-08-03T05:49:03+0200,d815d4ad-795d-45eb-9ad8-9d704f7a3f43,2026-07-16T22:30:00Z,2026-07-17T00:30:00+0200,157.48,EUR/MWh,BE,BE,imbalance_price,Short,2026-08-03T03:49:42Z
2026-08-03T03:49:03Z,2026-08-03T05:49:03+0200,d815d4ad-795d-45eb-9ad8-9d704f7a3f43,2026-07-16T22:45:00Z,2026-07-17T00:45:00+0200,152.3,EUR/MWh,BE,BE,imbalance_price,Long,2026-08-03T03:49:42Z
2026-08-03T03:49:03Z,2026-08-03T05:49:03+0200,d815d4ad-795d-45eb-9ad8-9d704f7a3f43,2026-07-16T22:45:00Z,2026-07-17T00:45:00+0200,152.3,EUR/MWh,BE,BE,imbalance_price,Short,2026-08-03T03:49:42Z
2026-08-03T03:49:03Z,2026-08-03T05:49:03+0200,d815d4ad-795d-45eb-9ad8-9d704f7a3f43,2026-07-16T23:00:00Z,2026-07-17T01:00:00+0200,159.22,EUR/MWh,BE,BE,imbalance_price,Long,2026-08-03T03:49:42Z
2026-08-03T03:49:03Z,2026-08-03T05:49:03+0200,d815d4ad-795d-45eb-9ad8-9d704f7a3f43,2026-07-16T23:00:00Z,2026-07-17T01:00:00+0200,159.22,EUR/MWh,BE,BE,imbalance_price,Short,2026-08-03T03:49:42Z
2026-08-03T03:49:03Z,2026-08-03T05:49:03+0200,d815d4ad-795d-45eb-9ad8-9d704f7a3f43,2026-07-16T23:15:00Z,2026-07-17T01:15:00+0200,161.45,EUR/MWh,BE,BE,imbalance_price,Long,2026-08-03T03:49:42Z
2026-08-03T03:49:03Z,2026-08-03T05:49:03+0200,d815d4ad-795d-45eb-9ad8-9d704f7a3f43,2026-07-16T23:15:00Z,2026-07-17T01:15:00+0200,161.45,EUR/MWh,BE,BE,imbalance_price,Short,2026-08-03T03:49:42Z
2026-08-03T03:49:03Z,2026-08-03T05:49:03+0200,d815d4ad-795d-45eb-9ad8-9d704f7a3f43,2026-07-16T23:30:00Z,2026-07-17T01:30:00+0200,161.29,EUR/MWh,BE,BE,imbalance_price,Long,2026-08-03T03:49:42Z
2026-08-03T03:49:03Z,2026-08-03T05:49:03+0200,d815d4ad-795d-45eb-9ad8-9d704f7a3f43,2026-07-16T23:30:00Z,2026-07-17T01:30:00+0200,161.29,EUR/MWh,BE,BE,imbalance_price,Short,2026-08-03T03:49:42Z
2026-08-03T03:49:03Z,2026-08-03T05:49:03+0200,d815d4ad-795d-45eb-9ad8-9d704f7a3f43,2026-07-16T23:45:00Z,2026-07-17T01:45:00+0200,187.83,EUR/MWh,BE,BE,imbalance_price,Long,2026-08-03T03:49:42Z
2026-08-03T03:49:03Z,2026-08-03T05:49:03+0200,d815d4ad-795d-45eb-9ad8-9d704f7a3f43,2026-07-16T23:45:00Z,2026-07-17T01:45:00+0200,187.83,EUR/MWh,BE,BE,imbalance_price,Short,2026-08-03T03:49:42Z
2026-08-03T03:49:03Z,2026-08-03T05:49:03+0200,d815d4ad-795d-45eb-9ad8-9d704f7a3f43,2026-07-17T00:00:00Z,2026-07-17T02:00:00+0200,190.06,EUR/MWh,BE,BE,imbalance_price,Long,2026-08-03T03:49:42Z
2026-08-03T03:49:03Z,2026-08-03T05:49:03+0200,d815d4ad-795d-45eb-9ad8-9d704f7a3f43,2026-07-17T00:00:00Z,2026-07-17T02:00:00+0200,190.06,EUR/MWh,BE,BE,imbalance_price,Short,2026-08-03T03:49:42Z
2026-08-03T03:49:03Z,2026-08-03T05:49:03+0200,d815d4ad-795d-45eb-9ad8-9d704f7a3f43,2026-07-17T00:15:00Z,2026-07-17T02:15:00+0200,161.87,EUR/MWh,BE,BE,imbalance_price,Long,2026-08-03T03:49:42Z
2026-08-03T03:49:03Z,2026-08-03T05:49:03+0200,d815d4ad-795d-45eb-9ad8-9d704f7a3f43,2026-07-17T00:15:00Z,2026-07-17T02:15:00+0200,161.87,EUR/MWh,BE,BE,imbalance_price,Short,2026-08-03T03:49:42Z
2026-08-03T03:49:03Z,2026-08-03T05:49:03+0200,d815d4ad-795d-45eb-9ad8-9d704f7a3f43,2026-07-17T00:30:00Z,2026-07-17T02:30:00+0200,171.88,EUR/MWh,BE,BE,imbalance_price,Long,2026-08-03T03:49:42Z
2026-08-03T03:49:03Z,2026-08-03T05:49:03+0200,d815d4ad-795d-45eb-9ad8-9d704f7a3f43,2026-07-17T00:30:00Z,2026-07-17T02:30:00+0200,171.88,EUR/MWh,BE,BE,imbalance_price,Short,2026-08-03T03:49:42Z
2026-08-03T03:49:03Z,2026-08-03T05:49:03+0200,d815d4ad-795d-45eb-9ad8-9d704f7a3f43,2026-07-17T00:45:00Z,2026-07-17T02:45:00+0200,159.27,EUR/MWh,BE,BE,imbalance_price,Long,2026-08-03T03:49:42Z
2026-08-03T03:49:03Z,2026-08-03T05:49:03+0200,d815d4ad-795d-45eb-9ad8-9d704f7a3f43,2026-07-17T00:45:00Z,2026-07-17T02:45:00+0200,159.27,EUR/MWh,BE,BE,imbalance_price,Short,2026-08-03T03:49:42Z
2026-08-03T03:49:03Z,2026-08-03T05:49:03+0200,d815d4ad-795d-45eb-9ad8-9d704f7a3f43,2026-07-17T01:00:00Z,2026-07-17T03:00:00+0200,155.62,EUR/MWh,BE,BE,imbalance_price,Long,2026-08-03T03:49:42Z
2026-08-03T03:49:03Z,2026-08-03T05:49:03+0200,d815d4ad-795d-45eb-9ad8-9d704f7a3f43,2026-07-17T01:00:00Z,2026-07-17T03:00:00+0200,155.62,EUR/MWh,BE,BE,imbalance_price,Short,2026-08-03T03:49:42Z
2026-08-03T03:49:03Z,2026-08-03T05:49:03+0200,d815d4ad-795d-45eb-9ad8-9d704f7a3f43,2026-07-17T01:15:00Z,2026-07-17T03:15:00+0200,159.25,EUR/MWh,BE,BE,imbalance_price,Long,2026-08-03T03:49:42Z
2026-08-03T03:49:03Z,2026-08-03T05:49:03+0200,d815d4ad-795d-45eb-9ad8-9d704f7a3f43,2026-07-17T01:15:00Z,2026-07-17T03:15:00+0200,159.25,EUR/MWh,BE,BE,imbalance_price,Short,2026-08-03T03:49:42Z
2026-08-03T03:49:03Z,2026-08-03T05:49:03+0200,d815d4ad-795d-45eb-9ad8-9d704f7a3f43,2026-07-17T01:30:00Z,2026-07-17T03:30:00+0200,147.35,EUR/MWh,BE,BE,imbalance_price,Long,2026-08-03T03:49:42Z
2026-08-03T03:49:03Z,2026-08-03T05:49:03+0200,d815d4ad-795d-45eb-9ad8-9d704f7a3f43,2026-07-17T01:30:00Z,2026-07-17T03:30:00+0200,147.35,EUR/MWh,BE,BE,imbalance_price,Short,2026-08-03T03:49:42Z
2026-08-03T03:49:03Z,2026-08-03T05:49:03+0200,d815d4ad-795d-45eb-9ad8-9d704f7a3f43,2026-07-17T01:45:00Z,2026-07-17T03:45:00+0200,153.74,EUR/MWh,BE,BE,imbalance_price,Long,2026-08-03T03:49:42Z
2026-08-03T03:49:03Z,2026-08-03T05:49:03+0200,d815d4ad-795d-45eb-9ad8-9d704f7a3f43,2026-07-17T01:45:00Z,2026-07-17T03:45:00+0200,153.74,EUR/MWh,BE,BE,imbalance_price,Short,2026-08-03T03:49:42Z
2026-08-03T03:49:03Z,2026-08-03T05:49:03+0200,d815d4ad-795d-45eb-9ad8-9d704f7a3f43,2026-07-17T02:00:00Z,2026-07-17T04:00:00+0200,157.25,EUR/MWh,BE,BE,imbalance_price,Long,2026-08-03T03:49:42Z
2026-08-03T03:49:03Z,2026-08-03T05:49:03+0200,d815d4ad-795d-45eb-9ad8-9d704f7a3f43,2026-07-17T02:00:00Z,2026-07-17T04:00:00+0200,157.25,EUR/MWh,BE,BE,imbalance_price,Short,2026-08-03T03:49:42Z
2026-08-03T03:49:03Z,2026-08-03T05:49:03+0200,d815d4ad-795d-45eb-9ad8-9d704f7a3f43,2026-07-17T02:15:00Z,2026-07-17T04:15:00+0200,150.48,EUR/MWh,BE,BE,imbalance_price,Long,2026-08-03T03:49:42Z
2026-08-03T03:49:03Z,2026-08-03T05:49:03+0200,d815d4ad-795d-45eb-9ad8-9d704f7a3f43,2026-07-17T02:15:00Z,2026-07-17T04:15:00+0200,150.48,EUR/MWh,BE,BE,imbalance_price,Short,2026-08-03T03:49:42Z
2026-08-03T03:49:03Z,2026-08-03T05:49:03+0200,d815d4ad-795d-45eb-9ad8-9d704f7a3f43,2026-07-17T02:30:00Z,2026-07-17T04:30:00+0200,154.87,EUR/MWh,BE,BE,imbalance_price,Long,2026-08-03T03:49:42Z
2026-08-03T03:49:03Z,2026-08-03T05:49:03+0200,d815d4ad-795d-45eb-9ad8-9d704f7a3f43,2026-07-17T02:30:00Z,2026-07-17T04:30:00+0200,154.87,EUR/MWh,BE,BE,imbalance_price,Short,2026-08-03T03:49:42Z
2026-08-03T03:49:03Z,2026-08-03T05:49:03+0200,d815d4ad-795d-45eb-9ad8-9d704f7a3f43,2026-07-17T02:45:00Z,2026-07-17T04:45:00+0200,162.63,EUR/MWh,BE,BE,imbalance_price,Long,2026-08-03T03:49:42Z
2026-08-03T03:49:03Z,2026-08-03T05:49:03+0200,d815d4ad-795d-45eb-9ad8-9d704f7a3f43,2026-07-17T02:45:00Z,2026-07-17T04:45:00+0200,162.63,EUR/MWh,BE,BE,imbalance_price,Short,2026-08-03T03:49:42Z
2026-08-03T03:49:03Z,2026-08-03T05:49:03+0200,d815d4ad-795d-45eb-9ad8-9d704f7a3f43,2026-07-17T03:00:00Z,2026-07-17T05:00:00+0200,147.82,EUR/MWh,BE,BE,imbalance_price,Long,2026-08-03T03:49:42Z
2026-08-03T03:49:03Z,2026-08-03T05:49:03+0200,d815d4ad-795d-45eb-9ad8-9d704f7a3f43,2026-07-17T03:00:00Z,2026-07-17T05:00:00+0200,147.82,EUR/MWh,BE,BE,imbalance_price,Short,2026-08-03T03:49:42Z
2026-08-03T03:49:03Z,2026-08-03T05:49:03+0200,d815d4ad-795d-45eb-9ad8-9d704f7a3f43,2026-07-17T03:15:00Z,2026-07-17T05:15:00+0200,157.63,EUR/MWh,BE,BE,imbalance_price,Long,2026-08-03T03:49:42Z
2026-08-03T03:49:03Z,2026-08-03T05:49:03+0200,d815d4ad-795d-45eb-9ad8-9d704f7a3f43,2026-07-17T03:15:00Z,2026-07-17T05:15:00+0200,157.63,EUR/MWh,BE,BE,imbalance_price,Short,2026-08-03T03:49:42Z
2026-08-03T03:49:03Z,2026-08-03T05:49:03+0200,d815d4ad-795d-45eb-9ad8-9d704f7a3f43,2026-07-17T03:30:00Z,2026-07-17T05:30:00+0200,162.05,EUR/MWh,BE,BE,imbalance_price,Long,2026-08-03T03:49:42Z
2026-08-03T03:49:03Z,2026-08-03T05:49:03+0200,d815d4ad-795d-45eb-9ad8-9d704f7a3f43,2026-07-17T03:30:00Z,2026-07-17T05:30:00+0200,162.05,EUR/MWh,BE,BE,imbalance_price,Short,2026-08-03T03:49:42Z
2026-08-03T03:49:03Z,2026-08-03T05:49:03+0200,d815d4ad-795d-45eb-9ad8-9d704f7a3f43,2026-07-17T03:45:00Z,2026-07-17T05:45:00+0200,166.9,EUR/MWh,BE,BE,imbalance_price,Long,2026-08-03T03:49:42Z
2026-08-03T03:49:03Z,2026-08-03T05:49:03+0200,d815d4ad-795d-45eb-9ad8-9d704f7a3f43,2026-07-17T03:45:00Z,2026-07-17T05:45:00+0200,166.9,EUR/MWh,BE,BE,imbalance_price,Short,2026-08-03T03:49:42Z
2026-08-03T03:49:03Z,2026-08-03T05:49:03+0200,d815d4ad-795d-45eb-9ad8-9d704f7a3f43,2026-07-17T04:00:00Z,2026-07-17T06:00:00+0200,161.26,EUR/MWh,BE,BE,imbalance_price,Long,2026-08-03T03:49:42Z
2026-08-03T03:49:03Z,2026-08-03T05:49:03+0200,d815d4ad-795d-45eb-9ad8-9d704f7a3f43,2026-07-17T04:00:00Z,2026-07-17T06:00:00+0200,161.26,EUR/MWh,BE,BE,imbalance_price,Short,2026-08-03T03:49:42Z
2026-08-03T03:49:03Z,2026-08-03T05:49:03+0200,d815d4ad-795d-45eb-9ad8-9d704f7a3f43,2026-07-17T04:15:00Z,2026-07-17T06:15:00+0200,145.15,EUR/MWh,BE,BE,imbalance_price,Long,2026-08-03T03:49:42Z
2026-08-03T03:49:03Z,2026-08-03T05:49:03+0200,d815d4ad-795d-45eb-9ad8-9d704f7a3f43,2026-07-17T04:15:00Z,2026-07-17T06:15:00+0200,145.15,EUR/MWh,BE,BE,imbalance_price,Short,2026-08-03T03:49:42Z
2026-08-03T03:49:03Z,2026-08-03T05:49:03+0200,d815d4ad-795d-45eb-9ad8-9d704f7a3f43,2026-07-17T04:30:00Z,2026-07-17T06:30:00+0200,116.31,EUR/MWh,BE,BE,imbalance_price,Long,2026-08-03T03:49:42Z
2026-08-03T03:49:03Z,2026-08-03T05:49:03+0200,d815d4ad-795d-45eb-9ad8-9d704f7a3f43,2026-07-17T04:30:00Z,2026-07-17T06:30:00+0200,116.31,EUR/MWh,BE,BE,imbalance_price,Short,2026-08-03T03:49:42Z
2026-08-03T03:49:03Z,2026-08-03T05:49:03+0200,d815d4ad-795d-45eb-9ad8-9d704f7a3f43,2026-07-17T04:45:00Z,2026-07-17T06:45:00+0200,121.16,EUR/MWh,BE,BE,imbalance_price,Long,2026-08-03T03:49:42Z
2026-08-03T03:49:03Z,2026-08-03T05:49:03+0200,d815d4ad-795d-45eb-9ad8-9d704f7a3f43,2026-07-17T04:45:00Z,2026-07-17T06:45:00+0200,121.16,EUR/MWh,BE,BE,imbalance_price,Short,2026-08-03T03:49:42Z
2026-08-03T03:49:03Z,2026-08-03T05:49:03+0200,d815d4ad-795d-45eb-9ad8-9d704f7a3f43,2026-07-17T05:00:00Z,2026-07-17T07:00:00+0200,134.49,EUR/MWh,BE,BE,imbalance_price,Long,2026-08-03T03:49:42Z
2026-08-03T03:49:03Z,2026-08-03T05:49:03+0200,d815d4ad-795d-45eb-9ad8-9d704f7a3f43,2026-07-17T05:00:00Z,2026-07-17T07:00:00+0200,134.49,EUR/MWh,BE,BE,imbalance_price,Short,2026-08-03T03:49:42Z
2026-08-03T03:49:03Z,2026-08-03T05:49:03+0200,d815d4ad-795d-45eb-9ad8-9d704f7a3f43,2026-07-17T05:15:00Z,2026-07-17T07:15:00+0200,130.81,EUR/MWh,BE,BE,imbalance_price,Long,2026-08-03T03:49:42Z
2026-08-03T03:49:03Z,2026-08-03T05:49:03+0200,d815d4ad-795d-45eb-9ad8-9d704f7a3f43,2026-07-17T05:15:00Z,2026-07-17T07:15:00+0200,130.81,EUR/MWh,BE,BE,imbalance_price,Short,2026-08-03T03:49:42Z
2026-08-03T03:49:03Z,2026-08-03T05:49:03+0200,d815d4ad-795d-45eb-9ad8-9d704f7a3f43,2026-07-17T05:30:00Z,2026-07-17T07:30:00+0200,140.32,EUR/MWh,BE,BE,imbalance_price,Long,2026-08-03T03:49:42Z
2026-08-03T03:49:03Z,2026-08-03T05:49:03+0200,d815d4ad-795d-45eb-9ad8-9d704f7a3f43,2026-07-17T05:30:00Z,2026-07-17T07:30:00+0200,140.32,EUR/MWh,BE,BE,imbalance_price,Short,2026-08-03T03:49:42Z
2026-08-03T03:49:03Z,2026-08-03T05:49:03+0200,d815d4ad-795d-45eb-9ad8-9d704f7a3f43,2026-07-17T05:45:00Z,2026-07-17T07:45:00+0200,128.19,EUR/MWh,BE,BE,imbalance_price,Long,2026-08-03T03:49:42Z
2026-08-03T03:49:03Z,2026-08-03T05:49:03+0200,d815d4ad-795d-45eb-9ad8-9d704f7a3f43,2026-07-17T05:45:00Z,2026-07-17T07:45:00+0200,128.19,EUR/MWh,BE,BE,imbalance_price,Short,2026-08-03T03:49:42Z
2026-08-03T03:49:03Z,2026-08-03T05:49:03+0200,d815d4ad-795d-45eb-9ad8-9d704f7a3f43,2026-07-17T06:00:00Z,2026-07-17T08:00:00+0200,174.36,EUR/MWh,BE,BE,imbalance_price,Long,2026-08-03T03:49:42Z
2026-08-03T03:49:03Z,2026-08-03T05:49:03+0200,d815d4ad-795d-45eb-9ad8-9d704f7a3f43,2026-07-17T06:00:00Z,2026-07-17T08:00:00+0200,174.36,EUR/MWh,BE,BE,imbalance_price,Short,2026-08-03T03:49:42Z
2026-08-03T03:49:03Z,2026-08-03T05:49:03+0200,d815d4ad-795d-45eb-9ad8-9d704f7a3f43,2026-07-17T06:15:00Z,2026-07-17T08:15:00+0200,200.0,EUR/MWh,BE,BE,imbalance_price,Long,2026-08-03T03:49:42Z
2026-08-03T03:49:03Z,2026-08-03T05:49:03+0200,d815d4ad-795d-45eb-9ad8-9d704f7a3f43,2026-07-17T06:15:00Z,2026-07-17T08:15:00+0200,200.0,EUR/MWh,BE,BE,imbalance_price,Short,2026-08-03T03:49:42Z
2026-08-03T03:49:03Z,2026-08-03T05:49:03+0200,d815d4ad-795d-45eb-9ad8-9d704f7a3f43,2026-07-17T06:30:00Z,2026-07-17T08:30:00+0200,148.57,EUR/MWh,BE,BE,imbalance_price,Long,2026-08-03T03:49:42Z
2026-08-03T03:49:03Z,2026-08-03T05:49:03+0200,d815d4ad-795d-45eb-9ad8-9d704f7a3f43,2026-07-17T06:30:00Z,2026-07-17T08:30:00+0200,148.57,EUR/MWh,BE,BE,imbalance_price,Short,2026-08-03T03:49:42Z
2026-08-03T03:49:03Z,2026-08-03T05:49:03+0200,d815d4ad-795d-45eb-9ad8-9d704f7a3f43,2026-07-17T06:45:00Z,2026-07-17T08:45:00+0200,142.41,EUR/MWh,BE,BE,imbalance_price,Long,2026-08-03T03:49:42Z
2026-08-03T03:49:03Z,2026-08-03T05:49:03+0200,d815d4ad-795d-45eb-9ad8-9d704f7a3f43,2026-07-17T06:45:00Z,2026-07-17T08:45:00+0200,142.41,EUR/MWh,BE,BE,imbalance_price,Short,2026-08-03T03:49:42Z
2026-08-03T03:49:03Z,2026-08-03T05:49:03+0200,d815d4ad-795d-45eb-9ad8-9d704f7a3f43,2026-07-17T07:00:00Z,2026-07-17T09:00:00+0200,100.24,EUR/MWh,BE,BE,imbalance_price,Long,2026-08-03T03:49:42Z
2026-08-03T03:49:03Z,2026-08-03T05:49:03+0200,d815d4ad-795d-45eb-9ad8-9d704f7a3f43,2026-07-17T07:00:00Z,2026-07-17T09:00:00+0200,100.24,EUR/MWh,BE,BE,imbalance_price,Short,2026-08-03T03:49:42Z
2026-08-03T03:49:03Z,2026-08-03T05:49:03+0200,d815d4ad-795d-45eb-9ad8-9d704f7a3f43,2026-07-17T07:15:00Z,2026-07-17T09:15:00+0200,127.0,EUR/MWh,BE,BE,imbalance_price,Long,2026-08-03T03:49:42Z
2026-08-03T03:49:03Z,2026-08-03T05:49:03+0200,d815d4ad-795d-45eb-9ad8-9d704f7a3f43,2026-07-17T07:15:00Z,2026-07-17T09:15:00+0200,127.0,EUR/MWh,BE,BE,imbalance_price,Short,2026-08-03T03:49:42Z
2026-08-03T03:49:03Z,2026-08-03T05:49:03+0200,d815d4ad-795d-45eb-9ad8-9d704f7a3f43,2026-07-17T07:30:00Z,2026-07-17T09:30:00+0200,120.2,EUR/MWh,BE,BE,imbalance_price,Long,2026-08-03T03:49:42Z
2026-08-03T03:49:03Z,2026-08-03T05:49:03+0200,d815d4ad-795d-45eb-9ad8-9d704f7a3f43,2026-07-17T07:30:00Z,2026-07-17T09:30:00+0200,120.2,EUR/MWh,BE,BE,imbalance_price,Short,2026-08-03T03:49:42Z
2026-08-03T03:49:03Z,2026-08-03T05:49:03+0200,d815d4ad-795d-45eb-9ad8-9d704f7a3f43,2026-07-17T07:45:00Z,2026-07-17T09:45:00+0200,97.49,EUR/MWh,BE,BE,imbalance_price,Long,2026-08-03T03:49:42Z
2026-08-03T03:49:03Z,2026-08-03T05:49:03+0200,d815d4ad-795d-45eb-9ad8-9d704f7a3f43,2026-07-17T07:45:00Z,2026-07-17T09:45:00+0200,97.49,EUR/MWh,BE,BE,imbalance_price,Short,2026-08-03T03:49:42Z
2026-08-03T03:49:03Z,2026-08-03T05:49:03+0200,d815d4ad-795d-45eb-9ad8-9d704f7a3f43,2026-07-17T08:00:00Z,2026-07-17T10:00:00+0200,58.89,EUR/MWh,BE,BE,imbalance_price,Long,2026-08-03T03:49:42Z
2026-08-03T03:49:03Z,2026-08-03T05:49:03+0200,d815d4ad-795d-45eb-9ad8-9d704f7a3f43,2026-07-17T08:00:00Z,2026-07-17T10:00:00+0200,58.89,EUR/MWh,BE,BE,imbalance_price,Short,2026-08-03T03:49:42Z
2026-08-03T03:49:03Z,2026-08-03T05:49:03+0200,d815d4ad-795d-45eb-9ad8-9d704f7a3f43,2026-07-17T08:15:00Z,2026-07-17T10:15:00+0200,84.6,EUR/MWh,BE,BE,imbalance_price,Long,2026-08-03T03:49:42Z
2026-08-03T03:49:03Z,2026-08-03T05:49:03+0200,d815d4ad-795d-45eb-9ad8-9d704f7a3f43,2026-07-17T08:15:00Z,2026-07-17T10:15:00+0200,84.6,EUR/MWh,BE,BE,imbalance_price,Short,2026-08-03T03:49:42Z
2026-08-03T03:49:03Z,2026-08-03T05:49:03+0200,d815d4ad-795d-45eb-9ad8-9d704f7a3f43,2026-07-17T08:30:00Z,2026-07-17T10:30:00+0200,114.89,EUR/MWh,BE,BE,imbalance_price,Long,2026-08-03T03:49:42Z
2026-08-03T03:49:03Z,2026-08-03T05:49:03+0200,d815d4ad-795d-45eb-9ad8-9d704f7a3f43,2026-07-17T08:30:00Z,2026-07-17T10:30:00+0200,114.89,EUR/MWh,BE,BE,imbalance_price,Short,2026-08-03T03:49:42Z
2026-08-03T03:49:03Z,2026-08-03T05:49:03+0200,d815d4ad-795d-45eb-9ad8-9d704f7a3f43,2026-07-17T08:45:00Z,2026-07-17T10:45:00+0200,107.14,EUR/MWh,BE,BE,imbalance_price,Long,2026-08-03T03:49:42Z
2026-08-03T03:49:03Z,2026-08-03T05:49:03+0200,d815d4ad-795d-45eb-9ad8-9d704f7a3f43,2026-07-17T08:45:00Z,2026-07-17T10:45:00+0200,107.14,EUR/MWh,BE,BE,imbalance_price,Short,2026-08-03T03:49:42Z
2026-08-03T03:49:03Z,2026-08-03T05:49:03+0200,d815d4ad-795d-45eb-9ad8-9d704f7a3f43,2026-07-17T09:00:00Z,2026-07-17T11:00:00+0200,102.86,EUR/MWh,BE,BE,imbalance_price,Long,2026-08-03T03:49:42Z
2026-08-03T03:49:03Z,2026-08-03T05:49:03+0200,d815d4ad-795d-45eb-9ad8-9d704f7a3f43,2026-07-17T09:00:00Z,2026-07-17T11:00:00+0200,102.86,EUR/MWh,BE,BE,imbalance_price,Short,2026-08-03T03:49:42Z
2026-08-03T03:49:03Z,2026-08-03T05:49:03+0200,d815d4ad-795d-45eb-9ad8-9d704f7a3f43,2026-07-17T09:15:00Z,2026-07-17T11:15:00+0200,99.21,EUR/MWh,BE,BE,imbalance_price,Long,2026-08-03T03:49:42Z
2026-08-03T03:49:03Z,2026-08-03T05:49:03+0200,d815d4ad-795d-45eb-9ad8-9d704f7a3f43,2026-07-17T09:15:00Z,2026-07-17T11:15:00+0200,99.21,EUR/MWh,BE,BE,imbalance_price,Short,2026-08-03T03:49:42Z
2026-08-03T03:49:03Z,2026-08-03T05:49:03+0200,d815d4ad-795d-45eb-9ad8-9d704f7a3f43,2026-07-17T09:30:00Z,2026-07-17T11:30:00+0200,94.58,EUR/MWh,BE,BE,imbalance_price,Long,2026-08-03T03:49:42Z
2026-08-03T03:49:03Z,2026-08-03T05:49:03+0200,d815d4ad-795d-45eb-9ad8-9d704f7a3f43,2026-07-17T09:30:00Z,2026-07-17T11:30:00+0200,94.58,EUR/MWh,BE,BE,imbalance_price,Short,2026-08-03T03:49:42Z
2026-08-03T03:49:03Z,2026-08-03T05:49:03+0200,d815d4ad-795d-45eb-9ad8-9d704f7a3f43,2026-07-17T09:45:00Z,2026-07-17T11:45:00+0200,89.5,EUR/MWh,BE,BE,imbalance_price,Long,2026-08-03T03:49:42Z
2026-08-03T03:49:03Z,2026-08-03T05:49:03+0200,d815d4ad-795d-45eb-9ad8-9d704f7a3f43,2026-07-17T09:45:00Z,2026-07-17T11:45:00+0200,89.5,EUR/MWh,BE,BE,imbalance_price,Short,2026-08-03T03:49:42Z
2026-08-03T03:49:03Z,2026-08-03T05:49:03+0200,d815d4ad-795d-45eb-9ad8-9d704f7a3f43,2026-07-17T10:00:00Z,2026-07-17T12:00:00+0200,81.26,EUR/MWh,BE,BE,imbalance_price,Long,2026-08-03T03:49:42Z
2026-08-03T03:49:03Z,2026-08-03T05:49:03+0200,d815d4ad-795d-45eb-9ad8-9d704f7a3f43,2026-07-17T10:00:00Z,2026-07-17T12:00:00+0200,81.26,EUR/MWh,BE,BE,imbalance_price,Short,2026-08-03T03:49:42Z
2026-08-03T03:49:03Z,2026-08-03T05:49:03+0200,d815d4ad-795d-45eb-9ad8-9d704f7a3f43,2026-07-17T10:15:00Z,2026-07-17T12:15:00+0200,81.92,EUR/MWh,BE,BE,imbalance_price,Long,2026-08-03T03:49:42Z
2026-08-03T03:49:03Z,2026-08-03T05:49:03+0200,d815d4ad-795d-45eb-9ad8-9d704f7a3f43,2026-07-17T10:15:00Z,2026-07-17T12:15:00+0200,81.92,EUR/MWh,BE,BE,imbalance_price,Short,2026-08-03T03:49:42Z
2026-08-03T03:49:03Z,2026-08-03T05:49:03+0200,d815d4ad-795d-45eb-9ad8-9d704f7a3f43,2026-07-17T10:30:00Z,2026-07-17T12:30:00+0200,71.61,EUR/MWh,BE,BE,imbalance_price,Long,2026-08-03T03:49:42Z
2026-08-03T03:49:03Z,2026-08-03T05:49:03+0200,d815d4ad-795d-45eb-9ad8-9d704f7a3f43,2026-07-17T10:30:00Z,2026-07-17T12:30:00+0200,71.61,EUR/MWh,BE,BE,imbalance_price,Short,2026-08-03T03:49:42Z
2026-08-03T03:49:03Z,2026-08-03T05:49:03+0200,d815d4ad-795d-45eb-9ad8-9d704f7a3f43,2026-07-17T10:45:00Z,2026-07-17T12:45:00+0200,62.78,EUR/MWh,BE,BE,imbalance_price,Long,2026-08-03T03:49:42Z
2026-08-03T03:49:03Z,2026-08-03T05:49:03+0200,d815d4ad-795d-45eb-9ad8-9d704f7a3f43,2026-07-17T10:45:00Z,2026-07-17T12:45:00+0200,62.78,EUR/MWh,BE,BE,imbalance_price,Short,2026-08-03T03:49:42Z
2026-08-03T03:49:03Z,2026-08-03T05:49:03+0200,d815d4ad-795d-45eb-9ad8-9d704f7a3f43,2026-07-17T11:00:00Z,2026-07-17T13:00:00+0200,84.84,EUR/MWh,BE,BE,imbalance_price,Long,2026-08-03T03:49:42Z
2026-08-03T03:49:03Z,2026-08-03T05:49:03+0200,d815d4ad-795d-45eb-9ad8-9d704f7a3f43,2026-07-17T11:00:00Z,2026-07-17T13:00:00+0200,84.84,EUR/MWh,BE,BE,imbalance_price,Short,2026-08-03T03:49:42Z
2026-08-03T03:49:03Z,2026-08-03T05:49:03+0200,d815d4ad-795d-45eb-9ad8-9d704f7a3f43,2026-07-17T11:15:00Z,2026-07-17T13:15:00+0200,90.78,EUR/MWh,BE,BE,imbalance_price,Long,2026-08-03T03:49:42Z
2026-08-03T03:49:03Z,2026-08-03T05:49:03+0200,d815d4ad-795d-45eb-9ad8-9d704f7a3f43,2026-07-17T11:15:00Z,2026-07-17T13:15:00+0200,90.78,EUR/MWh,BE,BE,imbalance_price,Short,2026-08-03T03:49:42Z
2026-08-03T03:49:03Z,2026-08-03T05:49:03+0200,d815d4ad-795d-45eb-9ad8-9d704f7a3f43,2026-07-17T11:30:00Z,2026-07-17T13:30:00+0200,91.36,EUR/MWh,BE,BE,imbalance_price,Long,2026-08-03T03:49:42Z
2026-08-03T03:49:03Z,2026-08-03T05:49:03+0200,d815d4ad-795d-45eb-9ad8-9d704f7a3f43,2026-07-17T11:30:00Z,2026-07-17T13:30:00+0200,91.36,EUR/MWh,BE,BE,imbalance_price,Short,2026-08-03T03:49:42Z
2026-08-03T03:49:03Z,2026-08-03T05:49:03+0200,d815d4ad-795d-45eb-9ad8-9d704f7a3f43,2026-07-17T11:45:00Z,2026-07-17T13:45:00+0200,86.94,EUR/MWh,BE,BE,imbalance_price,Long,2026-08-03T03:49:42Z
2026-08-03T03:49:03Z,2026-08-03T05:49:03+0200,d815d4ad-795d-45eb-9ad8-9d704f7a3f43,2026-07-17T11:45:00Z,2026-07-17T13:45:00+0200,86.94,EUR/MWh,BE,BE,imbalance_price,Short,2026-08-03T03:49:42Z
2026-08-03T03:49:03Z,2026-08-03T05:49:03+0200,d815d4ad-795d-45eb-9ad8-9d704f7a3f43,2026-07-17T12:00:00Z,2026-07-17T14:00:00+0200,86.33,EUR/MWh,BE,BE,imbalance_price,Long,2026-08-03T03:49:42Z
2026-08-03T03:49:03Z,2026-08-03T05:49:03+0200,d815d4ad-795d-45eb-9ad8-9d704f7a3f43,2026-07-17T12:00:00Z,2026-07-17T14:00:00+0200,86.33,EUR/MWh,BE,BE,imbalance_price,Short,2026-08-03T03:49:42Z
2026-08-03T03:49:03Z,2026-08-03T05:49:03+0200,d815d4ad-795d-45eb-9ad8-9d704f7a3f43,2026-07-17T12:15:00Z,2026-07-17T14:15:00+0200,95.68,EUR/MWh,BE,BE,imbalance_price,Long,2026-08-03T03:49:42Z
2026-08-03T03:49:03Z,2026-08-03T05:49:03+0200,d815d4ad-795d-45eb-9ad8-9d704f7a3f43,2026-07-17T12:15:00Z,2026-07-17T14:15:00+0200,95.68,EUR/MWh,BE,BE,imbalance_price,Short,2026-08-03T03:49:42Z
2026-08-03T03:49:03Z,2026-08-03T05:49:03+0200,d815d4ad-795d-45eb-9ad8-9d704f7a3f43,2026-07-17T12:30:00Z,2026-07-17T14:30:00+0200,90.43,EUR/MWh,BE,BE,imbalance_price,Long,2026-08-03T03:49:42Z
2026-08-03T03:49:03Z,2026-08-03T05:49:03+0200,d815d4ad-795d-45eb-9ad8-9d704f7a3f43,2026-07-17T12:30:00Z,2026-07-17T14:30:00+0200,90.43,EUR/MWh,BE,BE,imbalance_price,Short,2026-08-03T03:49:42Z
2026-08-03T03:49:03Z,2026-08-03T05:49:03+0200,d815d4ad-795d-45eb-9ad8-9d704f7a3f43,2026-07-17T12:45:00Z,2026-07-17T14:45:00+0200,92.1,EUR/MWh,BE,BE,imbalance_price,Long,2026-08-03T03:49:42Z
2026-08-03T03:49:03Z,2026-08-03T05:49:03+0200,d815d4ad-795d-45eb-9ad8-9d704f7a3f43,2026-07-17T12:45:00Z,2026-07-17T14:45:00+0200,92.1,EUR/MWh,BE,BE,imbalance_price,Short,2026-08-03T03:49:42Z
2026-08-03T03:49:03Z,2026-08-03T05:49:03+0200,d815d4ad-795d-45eb-9ad8-9d704f7a3f43,2026-07-17T13:00:00Z,2026-07-17T15:00:00+0200,88.73,EUR/MWh,BE,BE,imbalance_price,Long,2026-08-03T03:49:42Z
2026-08-03T03:49:03Z,2026-08-03T05:49:03+0200,d815d4ad-795d-45eb-9ad8-9d704f7a3f43,2026-07-17T13:00:00Z,2026-07-17T15:00:00+0200,88.73,EUR/MWh,BE,BE,imbalance_price,Short,2026-08-03T03:49:42Z
2026-08-03T03:49:03Z,2026-08-03T05:49:03+0200,d815d4ad-795d-45eb-9ad8-9d704f7a3f43,2026-07-17T13:15:00Z,2026-07-17T15:15:00+0200,94.7,EUR/MWh,BE,BE,imbalance_price,Long,2026-08-03T03:49:42Z
2026-08-03T03:49:03Z,2026-08-03T05:49:03+0200,d815d4ad-795d-45eb-9ad8-9d704f7a3f43,2026-07-17T13:15:00Z,2026-07-17T15:15:00+0200,94.7,EUR/MWh,BE,BE,imbalance_price,Short,2026-08-03T03:49:42Z
2026-08-03T03:49:03Z,2026-08-03T05:49:03+0200,d815d4ad-795d-45eb-9ad8-9d704f7a3f43,2026-07-17T13:30:00Z,2026-07-17T15:30:00+0200,94.76,EUR/MWh,BE,BE,imbalance_price,Long,2026-08-03T03:49:42Z
2026-08-03T03:49:03Z,2026-08-03T05:49:03+0200,d815d4ad-795d-45eb-9ad8-9d704f7a3f43,2026-07-17T13:30:00Z,2026-07-17T15:30:00+0200,94.76,EUR/MWh,BE,BE,imbalance_price,Short,2026-08-03T03:49:42Z
2026-08-03T03:49:03Z,2026-08-03T05:49:03+0200,d815d4ad-795d-45eb-9ad8-9d704f7a3f43,2026-07-17T13:45:00Z,2026-07-17T15:45:00+0200,89.76,EUR/MWh,BE,BE,imbalance_price,Long,2026-08-03T03:49:42Z
2026-08-03T03:49:03Z,2026-08-03T05:49:03+0200,d815d4ad-795d-45eb-9ad8-9d704f7a3f43,2026-07-17T13:45:00Z,2026-07-17T15:45:00+0200,89.76,EUR/MWh,BE,BE,imbalance_price,Short,2026-08-03T03:49:42Z
2026-08-03T03:49:03Z,2026-08-03T05:49:03+0200,d815d4ad-795d-45eb-9ad8-9d704f7a3f43,2026-07-17T14:00:00Z,2026-07-17T16:00:00+0200,89.13,EUR/MWh,BE,BE,imbalance_price,Long,2026-08-03T03:49:42Z
2026-08-03T03:49:03Z,2026-08-03T05:49:03+0200,d815d4ad-795d-45eb-9ad8-9d704f7a3f43,2026-07-17T14:00:00Z,2026-07-17T16:00:00+0200,89.13,EUR/MWh,BE,BE,imbalance_price,Short,2026-08-03T03:49:42Z
2026-08-03T03:49:03Z,2026-08-03T05:49:03+0200,d815d4ad-795d-45eb-9ad8-9d704f7a3f43,2026-07-17T14:15:00Z,2026-07-17T16:15:00+0200,112.17,EUR/MWh,BE,BE,imbalance_price,Long,2026-08-03T03:49:42Z
2026-08-03T03:49:03Z,2026-08-03T05:49:03+0200,d815d4ad-795d-45eb-9ad8-9d704f7a3f43,2026-07-17T14:15:00Z,2026-07-17T16:15:00+0200,112.17,EUR/MWh,BE,BE,imbalance_price,Short,2026-08-03T03:49:42Z
2026-08-03T03:49:03Z,2026-08-03T05:49:03+0200,d815d4ad-795d-45eb-9ad8-9d704f7a3f43,2026-07-17T14:30:00Z,2026-07-17T16:30:00+0200,104.92,EUR/MWh,BE,BE,imbalance_price,Long,2026-08-03T03:49:42Z
2026-08-03T03:49:03Z,2026-08-03T05:49:03+0200,d815d4ad-795d-45eb-9ad8-9d704f7a3f43,2026-07-17T14:30:00Z,2026-07-17T16:30:00+0200,104.92,EUR/MWh,BE,BE,imbalance_price,Short,2026-08-03T03:49:42Z
2026-08-03T03:49:03Z,2026-08-03T05:49:03+0200,d815d4ad-795d-45eb-9ad8-9d704f7a3f43,2026-07-17T14:45:00Z,2026-07-17T16:45:00+0200,122.27,EUR/MWh,BE,BE,imbalance_price,Long,2026-08-03T03:49:42Z
2026-08-03T03:49:03Z,2026-08-03T05:49:03+0200,d815d4ad-795d-45eb-9ad8-9d704f7a3f43,2026-07-17T14:45:00Z,2026-07-17T16:45:00+0200,122.27,EUR/MWh,BE,BE,imbalance_price,Short,2026-08-03T03:49:42Z
2026-08-03T03:49:03Z,2026-08-03T05:49:03+0200,d815d4ad-795d-45eb-9ad8-9d704f7a3f43,2026-07-17T15:00:00Z,2026-07-17T17:00:00+0200,126.94,EUR/MWh,BE,BE,imbalance_price,Long,2026-08-03T03:49:42Z
2026-08-03T03:49:03Z,2026-08-03T05:49:03+0200,d815d4ad-795d-45eb-9ad8-9d704f7a3f43,2026-07-17T15:00:00Z,2026-07-17T17:00:00+0200,126.94,EUR/MWh,BE,BE,imbalance_price,Short,2026-08-03T03:49:42Z
2026-08-03T03:49:03Z,2026-08-03T05:49:03+0200,d815d4ad-795d-45eb-9ad8-9d704f7a3f43,2026-07-17T15:15:00Z,2026-07-17T17:15:00+0200,136.83,EUR/MWh,BE,BE,imbalance_price,Long,2026-08-03T03:49:42Z
2026-08-03T03:49:03Z,2026-08-03T05:49:03+0200,d815d4ad-795d-45eb-9ad8-9d704f7a3f43,2026-07-17T15:15:00Z,2026-07-17T17:15:00+0200,136.83,EUR/MWh,BE,BE,imbalance_price,Short,2026-08-03T03:49:42Z
2026-08-03T03:49:03Z,2026-08-03T05:49:03+0200,d815d4ad-795d-45eb-9ad8-9d704f7a3f43,2026-07-17T15:30:00Z,2026-07-17T17:30:00+0200,155.39,EUR/MWh,BE,BE,imbalance_price,Long,2026-08-03T03:49:42Z
2026-08-03T03:49:03Z,2026-08-03T05:49:03+0200,d815d4ad-795d-45eb-9ad8-9d704f7a3f43,2026-07-17T15:30:00Z,2026-07-17T17:30:00+0200,155.39,EUR/MWh,BE,BE,imbalance_price,Short,2026-08-03T03:49:42Z
2026-08-03T03:49:03Z,2026-08-03T05:49:03+0200,d815d4ad-795d-45eb-9ad8-9d704f7a3f43,2026-07-17T15:45:00Z,2026-07-17T17:45:00+0200,143.05,EUR/MWh,BE,BE,imbalance_price,Long,2026-08-03T03:49:42Z
2026-08-03T03:49:03Z,2026-08-03T05:49:03+0200,d815d4ad-795d-45eb-9ad8-9d704f7a3f43,2026-07-17T15:45:00Z,2026-07-17T17:45:00+0200,143.05,EUR/MWh,BE,BE,imbalance_price,Short,2026-08-03T03:49:42Z
2026-08-03T03:49:03Z,2026-08-03T05:49:03+0200,d815d4ad-795d-45eb-9ad8-9d704f7a3f43,2026-07-17T16:00:00Z,2026-07-17T18:00:00+0200,124.5,EUR/MWh,BE,BE,imbalance_price,Long,2026-08-03T03:49:42Z
2026-08-03T03:49:03Z,2026-08-03T05:49:03+0200,d815d4ad-795d-45eb-9ad8-9d704f7a3f43,2026-07-17T16:00:00Z,2026-07-17T18:00:00+0200,124.5,EUR/MWh,BE,BE,imbalance_price,Short,2026-08-03T03:49:42Z
2026-08-03T03:49:03Z,2026-08-03T05:49:03+0200,d815d4ad-795d-45eb-9ad8-9d704f7a3f43,2026-07-17T16:15:00Z,2026-07-17T18:15:00+0200,125.11,EUR/MWh,BE,BE,imbalance_price,Long,2026-08-03T03:49:42Z
2026-08-03T03:49:03Z,2026-08-03T05:49:03+0200,d815d4ad-795d-45eb-9ad8-9d704f7a3f43,2026-07-17T16:15:00Z,2026-07-17T18:15:00+0200,125.11,EUR/MWh,BE,BE,imbalance_price,Short,2026-08-03T03:49:42Z
2026-08-03T03:49:03Z,2026-08-03T05:49:03+0200,d815d4ad-795d-45eb-9ad8-9d704f7a3f43,2026-07-17T16:30:00Z,2026-07-17T18:30:00+0200,159.41,EUR/MWh,BE,BE,imbalance_price,Long,2026-08-03T03:49:42Z
2026-08-03T03:49:03Z,2026-08-03T05:49:03+0200,d815d4ad-795d-45eb-9ad8-9d704f7a3f43,2026-07-17T16:30:00Z,2026-07-17T18:30:00+0200,159.41,EUR/MWh,BE,BE,imbalance_price,Short,2026-08-03T03:49:42Z
2026-08-03T03:49:03Z,2026-08-03T05:49:03+0200,d815d4ad-795d-45eb-9ad8-9d704f7a3f43,2026-07-17T16:45:00Z,2026-07-17T18:45:00+0200,146.1,EUR/MWh,BE,BE,imbalance_price,Long,2026-08-03T03:49:42Z
2026-08-03T03:49:03Z,2026-08-03T05:49:03+0200,d815d4ad-795d-45eb-9ad8-9d704f7a3f43,2026-07-17T16:45:00Z,2026-07-17T18:45:00+0200,146.1,EUR/MWh,BE,BE,imbalance_price,Short,2026-08-03T03:49:42Z
2026-08-03T03:49:03Z,2026-08-03T05:49:03+0200,d815d4ad-795d-45eb-9ad8-9d704f7a3f43,2026-07-17T17:00:00Z,2026-07-17T19:00:00+0200,157.89,EUR/MWh,BE,BE,imbalance_price,Long,2026-08-03T03:49:42Z
2026-08-03T03:49:03Z,2026-08-03T05:49:03+0200,d815d4ad-795d-45eb-9ad8-9d704f7a3f43,2026-07-17T17:00:00Z,2026-07-17T19:00:00+0200,157.89,EUR/MWh,BE,BE,imbalance_price,Short,2026-08-03T03:49:42Z
2026-08-03T03:49:03Z,2026-08-03T05:49:03+0200,d815d4ad-795d-45eb-9ad8-9d704f7a3f43,2026-07-17T17:15:00Z,2026-07-17T19:15:00+0200,157.59,EUR/MWh,BE,BE,imbalance_price,Long,2026-08-03T03:49:42Z
2026-08-03T03:49:03Z,2026-08-03T05:49:03+0200,d815d4ad-795d-45eb-9ad8-9d704f7a3f43,2026-07-17T17:15:00Z,2026-07-17T19:15:00+0200,157.59,EUR/MWh,BE,BE,imbalance_price,Short,2026-08-03T03:49:42Z
2026-08-03T03:49:03Z,2026-08-03T05:49:03+0200,d815d4ad-795d-45eb-9ad8-9d704f7a3f43,2026-07-17T17:30:00Z,2026-07-17T19:30:00+0200,156.35,EUR/MWh,BE,BE,imbalance_price,Long,2026-08-03T03:49:42Z
2026-08-03T03:49:03Z,2026-08-03T05:49:03+0200,d815d4ad-795d-45eb-9ad8-9d704f7a3f43,2026-07-17T17:30:00Z,2026-07-17T19:30:00+0200,156.35,EUR/MWh,BE,BE,imbalance_price,Short,2026-08-03T03:49:42Z
2026-08-03T03:49:03Z,2026-08-03T05:49:03+0200,d815d4ad-795d-45eb-9ad8-9d704f7a3f43,2026-07-17T17:45:00Z,2026-07-17T19:45:00+0200,161.94,EUR/MWh,BE,BE,imbalance_price,Long,2026-08-03T03:49:42Z
2026-08-03T03:49:03Z,2026-08-03T05:49:03+0200,d815d4ad-795d-45eb-9ad8-9d704f7a3f43,2026-07-17T17:45:00Z,2026-07-17T19:45:00+0200,161.94,EUR/MWh,BE,BE,imbalance_price,Short,2026-08-03T03:49:42Z
2026-08-03T03:49:03Z,2026-08-03T05:49:03+0200,d815d4ad-795d-45eb-9ad8-9d704f7a3f43,2026-07-17T18:00:00Z,2026-07-17T20:00:00+0200,166.11,EUR/MWh,BE,BE,imbalance_price,Long,2026-08-03T03:49:42Z
2026-08-03T03:49:03Z,2026-08-03T05:49:03+0200,d815d4ad-795d-45eb-9ad8-9d704f7a3f43,2026-07-17T18:00:00Z,2026-07-17T20:00:00+0200,166.11,EUR/MWh,BE,BE,imbalance_price,Short,2026-08-03T03:49:42Z
2026-08-03T03:49:03Z,2026-08-03T05:49:03+0200,d815d4ad-795d-45eb-9ad8-9d704f7a3f43,2026-07-17T18:15:00Z,2026-07-17T20:15:00+0200,160.33,EUR/MWh,BE,BE,imbalance_price,Long,2026-08-03T03:49:42Z
2026-08-03T03:49:03Z,2026-08-03T05:49:03+0200,d815d4ad-795d-45eb-9ad8-9d704f7a3f43,2026-07-17T18:15:00Z,2026-07-17T20:15:00+0200,160.33,EUR/MWh,BE,BE,imbalance_price,Short,2026-08-03T03:49:42Z
2026-08-03T03:49:03Z,2026-08-03T05:49:03+0200,d815d4ad-795d-45eb-9ad8-9d704f7a3f43,2026-07-17T18:30:00Z,2026-07-17T20:30:00+0200,160.38,EUR/MWh,BE,BE,imbalance_price,Long,2026-08-03T03:49:42Z
2026-08-03T03:49:03Z,2026-08-03T05:49:03+0200,d815d4ad-795d-45eb-9ad8-9d704f7a3f43,2026-07-17T18:30:00Z,2026-07-17T20:30:00+0200,160.38,EUR/MWh,BE,BE,imbalance_price,Short,2026-08-03T03:49:42Z
2026-08-03T03:49:03Z,2026-08-03T05:49:03+0200,d815d4ad-795d-45eb-9ad8-9d704f7a3f43,2026-07-17T18:45:00Z,2026-07-17T20:45:00+0200,142.08,EUR/MWh,BE,BE,imbalance_price,Long,2026-08-03T03:49:42Z
2026-08-03T03:49:03Z,2026-08-03T05:49:03+0200,d815d4ad-795d-45eb-9ad8-9d704f7a3f43,2026-07-17T18:45:00Z,2026-07-17T20:45:00+0200,142.08,EUR/MWh,BE,BE,imbalance_price,Short,2026-08-03T03:49:42Z
2026-08-03T03:49:03Z,2026-08-03T05:49:03+0200,d815d4ad-795d-45eb-9ad8-9d704f7a3f43,2026-07-17T19:00:00Z,2026-07-17T21:00:00+0200,160.95,EUR/MWh,BE,BE,imbalance_price,Long,2026-08-03T03:49:42Z
2026-08-03T03:49:03Z,2026-08-03T05:49:03+0200,d815d4ad-795d-45eb-9ad8-9d704f7a3f43,2026-07-17T19:00:00Z,2026-07-17T21:00:00+0200,160.95,EUR/MWh,BE,BE,imbalance_price,Short,2026-08-03T03:49:42Z
2026-08-03T03:49:03Z,2026-08-03T05:49:03+0200,d815d4ad-795d-45eb-9ad8-9d704f7a3f43,2026-07-17T19:15:00Z,2026-07-17T21:15:00+0200,143.85,EUR/MWh,BE,BE,imbalance_price,Long,2026-08-03T03:49:42Z
2026-08-03T03:49:03Z,2026-08-03T05:49:03+0200,d815d4ad-795d-45eb-9ad8-9d704f7a3f43,2026-07-17T19:15:00Z,2026-07-17T21:15:00+0200,143.85,EUR/MWh,BE,BE,imbalance_price,Short,2026-08-03T03:49:42Z
2026-08-03T03:49:03Z,2026-08-03T05:49:03+0200,d815d4ad-795d-45eb-9ad8-9d704f7a3f43,2026-07-17T19:30:00Z,2026-07-17T21:30:00+0200,148.38,EUR/MWh,BE,BE,imbalance_price,Long,2026-08-03T03:49:42Z
2026-08-03T03:49:03Z,2026-08-03T05:49:03+0200,d815d4ad-795d-45eb-9ad8-9d704f7a3f43,2026-07-17T19:30:00Z,2026-07-17T21:30:00+0200,148.38,EUR/MWh,BE,BE,imbalance_price,Short,2026-08-03T03:49:42Z
2026-08-03T03:49:03Z,2026-08-03T05:49:03+0200,d815d4ad-795d-45eb-9ad8-9d704f7a3f43,2026-07-17T19:45:00Z,2026-07-17T21:45:00+0200,188.53,EUR/MWh,BE,BE,imbalance_price,Long,2026-08-03T03:49:42Z
2026-08-03T03:49:03Z,2026-08-03T05:49:03+0200,d815d4ad-795d-45eb-9ad8-9d704f7a3f43,2026-07-17T19:45:00Z,2026-07-17T21:45:00+0200,188.53,EUR/MWh,BE,BE,imbalance_price,Short,2026-08-03T03:49:42Z
2026-08-03T03:49:03Z,2026-08-03T05:49:03+0200,d815d4ad-795d-45eb-9ad8-9d704f7a3f43,2026-07-17T20:00:00Z,2026-07-17T22:00:00+0200,183.22,EUR/MWh,BE,BE,imbalance_price,Long,2026-08-03T03:49:42Z
2026-08-03T03:49:03Z,2026-08-03T05:49:03+0200,d815d4ad-795d-45eb-9ad8-9d704f7a3f43,2026-07-17T20:00:00Z,2026-07-17T22:00:00+0200,183.22,EUR/MWh,BE,BE,imbalance_price,Short,2026-08-03T03:49:42Z
2026-08-03T03:49:03Z,2026-08-03T05:49:03+0200,d815d4ad-795d-45eb-9ad8-9d704f7a3f43,2026-07-17T20:15:00Z,2026-07-17T22:15:00+0200,162.23,EUR/MWh,BE,BE,imbalance_price,Long,2026-08-03T03:49:42Z
2026-08-03T03:49:03Z,2026-08-03T05:49:03+0200,d815d4ad-795d-45eb-9ad8-9d704f7a3f43,2026-07-17T20:15:00Z,2026-07-17T22:15:00+0200,162.23,EUR/MWh,BE,BE,imbalance_price,Short,2026-08-03T03:49:42Z
2026-08-03T03:49:03Z,2026-08-03T05:49:03+0200,d815d4ad-795d-45eb-9ad8-9d704f7a3f43,2026-07-17T20:30:00Z,2026-07-17T22:30:00+0200,177.98,EUR/MWh,BE,BE,imbalance_price,Long,2026-08-03T03:49:42Z
2026-08-03T03:49:03Z,2026-08-03T05:49:03+0200,d815d4ad-795d-45eb-9ad8-9d704f7a3f43,2026-07-17T20:30:00Z,2026-07-17T22:30:00+0200,177.98,EUR/MWh,BE,BE,imbalance_price,Short,2026-08-03T03:49:42Z
2026-08-03T03:49:03Z,2026-08-03T05:49:03+0200,d815d4ad-795d-45eb-9ad8-9d704f7a3f43,2026-07-17T20:45:00Z,2026-07-17T22:45:00+0200,200.08,EUR/MWh,BE,BE,imbalance_price,Long,2026-08-03T03:49:42Z
2026-08-03T03:49:03Z,2026-08-03T05:49:03+0200,d815d4ad-795d-45eb-9ad8-9d704f7a3f43,2026-07-17T20:45:00Z,2026-07-17T22:45:00+0200,200.08,EUR/MWh,BE,BE,imbalance_price,Short,2026-08-03T03:49:42Z
2026-08-03T03:49:03Z,2026-08-03T05:49:03+0200,d815d4ad-795d-45eb-9ad8-9d704f7a3f43,2026-07-17T21:00:00Z,2026-07-17T23:00:00+0200,175.86,EUR/MWh,BE,BE,imbalance_price,Long,2026-08-03T03:49:42Z
2026-08-03T03:49:03Z,2026-08-03T05:49:03+0200,d815d4ad-795d-45eb-9ad8-9d704f7a3f43,2026-07-17T21:00:00Z,2026-07-17T23:00:00+0200,175.86,EUR/MWh,BE,BE,imbalance_price,Short,2026-08-03T03:49:42Z
2026-08-03T03:49:03Z,2026-08-03T05:49:03+0200,d815d4ad-795d-45eb-9ad8-9d704f7a3f43,2026-07-17T21:15:00Z,2026-07-17T23:15:00+0200,168.48,EUR/MWh,BE,BE,imbalance_price,Long,2026-08-03T03:49:42Z
2026-08-03T03:49:03Z,2026-08-03T05:49:03+0200,d815d4ad-795d-45eb-9ad8-9d704f7a3f43,2026-07-17T21:15:00Z,2026-07-17T23:15:00+0200,168.48,EUR/MWh,BE,BE,imbalance_price,Short,2026-08-03T03:49:42Z
2026-08-03T03:49:03Z,2026-08-03T05:49:03+0200,d815d4ad-795d-45eb-9ad8-9d704f7a3f43,2026-07-17T21:30:00Z,2026-07-17T23:30:00+0200,164.99,EUR/MWh,BE,BE,imbalance_price,Long,2026-08-03T03:49:42Z
2026-08-03T03:49:03Z,2026-08-03T05:49:03+0200,d815d4ad-795d-45eb-9ad8-9d704f7a3f43,2026-07-17T21:30:00Z,2026-07-17T23:30:00+0200,164.99,EUR/MWh,BE,BE,imbalance_price,Short,2026-08-03T03:49:42Z
2026-08-03T03:49:03Z,2026-08-03T05:49:03+0200,d815d4ad-795d-45eb-9ad8-9d704f7a3f43,2026-07-17T21:45:00Z,2026-07-17T23:45:00+0200,157.77,EUR/MWh,BE,BE,imbalance_price,Long,2026-08-03T03:49:42Z
2026-08-03T03:49:03Z,2026-08-03T05:49:03+0200,d815d4ad-795d-45eb-9ad8-9d704f7a3f43,2026-07-17T21:45:00Z,2026-07-17T23:45:00+0200,157.77,EUR/MWh,BE,BE,imbalance_price,Short,2026-08-03T03:49:42Z
2026-08-03T03:49:03Z,2026-08-03T05:49:03+0200,d815d4ad-795d-45eb-9ad8-9d704f7a3f43,2026-07-17T22:00:00Z,2026-07-18T00:00:00+0200,128.2,EUR/MWh,BE,BE,imbalance_price,Long,2026-08-03T03:49:42Z
2026-08-03T03:49:03Z,2026-08-03T05:49:03+0200,d815d4ad-795d-45eb-9ad8-9d704f7a3f43,2026-07-17T22:00:00Z,2026-07-18T00:00:00+0200,128.2,EUR/MWh,BE,BE,imbalance_price,Short,2026-08-03T03:49:42Z
2026-08-03T03:49:03Z,2026-08-03T05:49:03+0200,d815d4ad-795d-45eb-9ad8-9d704f7a3f43,2026-07-17T22:15:00Z,2026-07-18T00:15:00+0200,142.65,EUR/MWh,BE,BE,imbalance_price,Long,2026-08-03T03:49:42Z
2026-08-03T03:49:03Z,2026-08-03T05:49:03+0200,d815d4ad-795d-45eb-9ad8-9d704f7a3f43,2026-07-17T22:15:00Z,2026-07-18T00:15:00+0200,142.65,EUR/MWh,BE,BE,imbalance_price,Short,2026-08-03T03:49:42Z
2026-08-03T03:49:03Z,2026-08-03T05:49:03+0200,d815d4ad-795d-45eb-9ad8-9d704f7a3f43,2026-07-17T22:30:00Z,2026-07-18T00:30:00+0200,145.42,EUR/MWh,BE,BE,imbalance_price,Long,2026-08-03T03:49:42Z
2026-08-03T03:49:03Z,2026-08-03T05:49:03+0200,d815d4ad-795d-45eb-9ad8-9d704f7a3f43,2026-07-17T22:30:00Z,2026-07-18T00:30:00+0200,145.42,EUR/MWh,BE,BE,imbalance_price,Short,2026-08-03T03:49:42Z
2026-08-03T03:49:03Z,2026-08-03T05:49:03+0200,d815d4ad-795d-45eb-9ad8-9d704f7a3f43,2026-07-17T22:45:00Z,2026-07-18T00:45:00+0200,158.86,EUR/MWh,BE,BE,imbalance_price,Long,2026-08-03T03:49:42Z
2026-08-03T03:49:03Z,2026-08-03T05:49:03+0200,d815d4ad-795d-45eb-9ad8-9d704f7a3f43,2026-07-17T22:45:00Z,2026-07-18T00:45:00+0200,158.86,EUR/MWh,BE,BE,imbalance_price,Short,2026-08-03T03:49:42Z
2026-08-03T03:49:03Z,2026-08-03T05:49:03+0200,d815d4ad-795d-45eb-9ad8-9d704f7a3f43,2026-07-17T23:00:00Z,2026-07-18T01:00:00+0200,179.11,EUR/MWh,BE,BE,imbalance_price,Long,2026-08-03T03:49:42Z
2026-08-03T03:49:03Z,2026-08-03T05:49:03+0200,d815d4ad-795d-45eb-9ad8-9d704f7a3f43,2026-07-17T23:00:00Z,2026-07-18T01:00:00+0200,179.11,EUR/MWh,BE,BE,imbalance_price,Short,2026-08-03T03:49:42Z
2026-08-03T03:49:03Z,2026-08-03T05:49:03+0200,d815d4ad-795d-45eb-9ad8-9d704f7a3f43,2026-07-17T23:15:00Z,2026-07-18T01:15:00+0200,154.73,EUR/MWh,BE,BE,imbalance_price,Long,2026-08-03T03:49:42Z
2026-08-03T03:49:03Z,2026-08-03T05:49:03+0200,d815d4ad-795d-45eb-9ad8-9d704f7a3f43,2026-07-17T23:15:00Z,2026-07-18T01:15:00+0200,154.73,EUR/MWh,BE,BE,imbalance_price,Short,2026-08-03T03:49:42Z
2026-08-03T03:49:03Z,2026-08-03T05:49:03+0200,d815d4ad-795d-45eb-9ad8-9d704f7a3f43,2026-07-17T23:30:00Z,2026-07-18T01:30:00+0200,141.44,EUR/MWh,BE,BE,imbalance_price,Long,2026-08-03T03:49:42Z
2026-08-03T03:49:03Z,2026-08-03T05:49:03+0200,d815d4ad-795d-45eb-9ad8-9d704f7a3f43,2026-07-17T23:30:00Z,2026-07-18T01:30:00+0200,141.44,EUR/MWh,BE,BE,imbalance_price,Short,2026-08-03T03:49:42Z
2026-08-03T03:49:03Z,2026-08-03T05:49:03+0200,d815d4ad-795d-45eb-9ad8-9d704f7a3f43,2026-07-17T23:45:00Z,2026-07-18T01:45:00+0200,124.09,EUR/MWh,BE,BE,imbalance_price,Long,2026-08-03T03:49:42Z
2026-08-03T03:49:03Z,2026-08-03T05:49:03+0200,d815d4ad-795d-45eb-9ad8-9d704f7a3f43,2026-07-17T23:45:00Z,2026-07-18T01:45:00+0200,124.09,EUR/MWh,BE,BE,imbalance_price,Short,2026-08-03T03:49:42Z
2026-08-03T03:49:03Z,2026-08-03T05:49:03+0200,d815d4ad-795d-45eb-9ad8-9d704f7a3f43,2026-07-18T00:00:00Z,2026-07-18T02:00:00+0200,130.05,EUR/MWh,BE,BE,imbalance_price,Long,2026-08-03T03:49:42Z
2026-08-03T03:49:03Z,2026-08-03T05:49:03+0200,d815d4ad-795d-45eb-9ad8-9d704f7a3f43,2026-07-18T00:00:00Z,2026-07-18T02:00:00+0200,130.05,EUR/MWh,BE,BE,imbalance_price,Short,2026-08-03T03:49:42Z
2026-08-03T03:49:03Z,2026-08-03T05:49:03+0200,d815d4ad-795d-45eb-9ad8-9d704f7a3f43,2026-07-18T00:15:00Z,2026-07-18T02:15:00+0200,126.92,EUR/MWh,BE,BE,imbalance_price,Long,2026-08-03T03:49:42Z
2026-08-03T03:49:03Z,2026-08-03T05:49:03+0200,d815d4ad-795d-45eb-9ad8-9d704f7a3f43,2026-07-18T00:15:00Z,2026-07-18T02:15:00+0200,126.92,EUR/MWh,BE,BE,imbalance_price,Short,2026-08-03T03:49:42Z
2026-08-03T03:49:03Z,2026-08-03T05:49:03+0200,d815d4ad-795d-45eb-9ad8-9d704f7a3f43,2026-07-18T00:30:00Z,2026-07-18T02:30:00+0200,110.92,EUR/MWh,BE,BE,imbalance_price,Long,2026-08-03T03:49:42Z
2026-08-03T03:49:03Z,2026-08-03T05:49:03+0200,d815d4ad-795d-45eb-9ad8-9d704f7a3f43,2026-07-18T00:30:00Z,2026-07-18T02:30:00+0200,110.92,EUR/MWh,BE,BE,imbalance_price,Short,2026-08-03T03:49:42Z
2026-08-03T03:49:03Z,2026-08-03T05:49:03+0200,d815d4ad-795d-45eb-9ad8-9d704f7a3f43,2026-07-18T00:45:00Z,2026-07-18T02:45:00+0200,123.33,EUR/MWh,BE,BE,imbalance_price,Long,2026-08-03T03:49:42Z
2026-08-03T03:49:03Z,2026-08-03T05:49:03+0200,d815d4ad-795d-45eb-9ad8-9d704f7a3f43,2026-07-18T00:45:00Z,2026-07-18T02:45:00+0200,123.33,EUR/MWh,BE,BE,imbalance_price,Short,2026-08-03T03:49:42Z
2026-08-03T03:49:03Z,2026-08-03T05:49:03+0200,d815d4ad-795d-45eb-9ad8-9d704f7a3f43,2026-07-18T01:00:00Z,2026-07-18T03:00:00+0200,118.04,EUR/MWh,BE,BE,imbalance_price,Long,2026-08-03T03:49:42Z
2026-08-03T03:49:03Z,2026-08-03T05:49:03+0200,d815d4ad-795d-45eb-9ad8-9d704f7a3f43,2026-07-18T01:00:00Z,2026-07-18T03:00:00+0200,118.04,EUR/MWh,BE,BE,imbalance_price,Short,2026-08-03T03:49:42Z
2026-08-03T03:49:03Z,2026-08-03T05:49:03+0200,d815d4ad-795d-45eb-9ad8-9d704f7a3f43,2026-07-18T01:15:00Z,2026-07-18T03:15:00+0200,117.57,EUR/MWh,BE,BE,imbalance_price,Long,2026-08-03T03:49:42Z
2026-08-03T03:49:03Z,2026-08-03T05:49:03+0200,d815d4ad-795d-45eb-9ad8-9d704f7a3f43,2026-07-18T01:15:00Z,2026-07-18T03:15:00+0200,117.57,EUR/MWh,BE,BE,imbalance_price,Short,2026-08-03T03:49:42Z
2026-08-03T03:49:03Z,2026-08-03T05:49:03+0200,d815d4ad-795d-45eb-9ad8-9d704f7a3f43,2026-07-18T01:30:00Z,2026-07-18T03:30:00+0200,119.12,EUR/MWh,BE,BE,imbalance_price,Long,2026-08-03T03:49:42Z
2026-08-03T03:49:03Z,2026-08-03T05:49:03+0200,d815d4ad-795d-45eb-9ad8-9d704f7a3f43,2026-07-18T01:30:00Z,2026-07-18T03:30:00+0200,119.12,EUR/MWh,BE,BE,imbalance_price,Short,2026-08-03T03:49:42Z
2026-08-03T03:49:03Z,2026-08-03T05:49:03+0200,d815d4ad-795d-45eb-9ad8-9d704f7a3f43,2026-07-18T01:45:00Z,2026-07-18T03:45:00+0200,118.75,EUR/MWh,BE,BE,imbalance_price,Long,2026-08-03T03:49:42Z
2026-08-03T03:49:03Z,2026-08-03T05:49:03+0200,d815d4ad-795d-45eb-9ad8-9d704f7a3f43,2026-07-18T01:45:00Z,2026-07-18T03:45:00+0200,118.75,EUR/MWh,BE,BE,imbalance_price,Short,2026-08-03T03:49:42Z
2026-08-03T03:49:03Z,2026-08-03T05:49:03+0200,d815d4ad-795d-45eb-9ad8-9d704f7a3f43,2026-07-18T02:00:00Z,2026-07-18T04:00:00+0200,116.3,EUR/MWh,BE,BE,imbalance_price,Long,2026-08-03T03:49:42Z
2026-08-03T03:49:03Z,2026-08-03T05:49:03+0200,d815d4ad-795d-45eb-9ad8-9d704f7a3f43,2026-07-18T02:00:00Z,2026-07-18T04:00:00+0200,116.3,EUR/MWh,BE,BE,imbalance_price,Short,2026-08-03T03:49:42Z
2026-08-03T03:49:03Z,2026-08-03T05:49:03+0200,d815d4ad-795d-45eb-9ad8-9d704f7a3f43,2026-07-18T02:15:00Z,2026-07-18T04:15:00+0200,115.76,EUR/MWh,BE,BE,imbalance_price,Long,2026-08-03T03:49:42Z
2026-08-03T03:49:03Z,2026-08-03T05:49:03+0200,d815d4ad-795d-45eb-9ad8-9d704f7a3f43,2026-07-18T02:15:00Z,2026-07-18T04:15:00+0200,115.76,EUR/MWh,BE,BE,imbalance_price,Short,2026-08-03T03:49:42Z
2026-08-03T03:49:03Z,2026-08-03T05:49:03+0200,d815d4ad-795d-45eb-9ad8-9d704f7a3f43,2026-07-18T02:30:00Z,2026-07-18T04:30:00+0200,117.53,EUR/MWh,BE,BE,imbalance_price,Long,2026-08-03T03:49:42Z
2026-08-03T03:49:03Z,2026-08-03T05:49:03+0200,d815d4ad-795d-45eb-9ad8-9d704f7a3f43,2026-07-18T02:30:00Z,2026-07-18T04:30:00+0200,117.53,EUR/MWh,BE,BE,imbalance_price,Short,2026-08-03T03:49:42Z
2026-08-03T03:49:03Z,2026-08-03T05:49:03+0200,d815d4ad-795d-45eb-9ad8-9d704f7a3f43,2026-07-18T02:45:00Z,2026-07-18T04:45:00+0200,148.13,EUR/MWh,BE,BE,imbalance_price,Long,2026-08-03T03:49:42Z
2026-08-03T03:49:03Z,2026-08-03T05:49:03+0200,d815d4ad-795d-45eb-9ad8-9d704f7a3f43,2026-07-18T02:45:00Z,2026-07-18T04:45:00+0200,148.13,EUR/MWh,BE,BE,imbalance_price,Short,2026-08-03T03:49:42Z
2026-08-03T03:49:03Z,2026-08-03T05:49:03+0200,d815d4ad-795d-45eb-9ad8-9d704f7a3f43,2026-07-18T03:00:00Z,2026-07-18T05:00:00+0200,157.1,EUR/MWh,BE,BE,imbalance_price,Long,2026-08-03T03:49:42Z
2026-08-03T03:49:03Z,2026-08-03T05:49:03+0200,d815d4ad-795d-45eb-9ad8-9d704f7a3f43,2026-07-18T03:00:00Z,2026-07-18T05:00:00+0200,157.1,EUR/MWh,BE,BE,imbalance_price,Short,2026-08-03T03:49:42Z
2026-08-03T03:49:03Z,2026-08-03T05:49:03+0200,d815d4ad-795d-45eb-9ad8-9d704f7a3f43,2026-07-18T03:15:00Z,2026-07-18T05:15:00+0200,156.96,EUR/MWh,BE,BE,imbalance_price,Long,2026-08-03T03:49:42Z
2026-08-03T03:49:03Z,2026-08-03T05:49:03+0200,d815d4ad-795d-45eb-9ad8-9d704f7a3f43,2026-07-18T03:15:00Z,2026-07-18T05:15:00+0200,156.96,EUR/MWh,BE,BE,imbalance_price,Short,2026-08-03T03:49:42Z
2026-08-03T03:49:03Z,2026-08-03T05:49:03+0200,d815d4ad-795d-45eb-9ad8-9d704f7a3f43,2026-07-18T03:30:00Z,2026-07-18T05:30:00+0200,156.88,EUR/MWh,BE,BE,imbalance_price,Long,2026-08-03T03:49:42Z
2026-08-03T03:49:03Z,2026-08-03T05:49:03+0200,d815d4ad-795d-45eb-9ad8-9d704f7a3f43,2026-07-18T03:30:00Z,2026-07-18T05:30:00+0200,156.88,EUR/MWh,BE,BE,imbalance_price,Short,2026-08-03T03:49:42Z
2026-08-03T03:49:03Z,2026-08-03T05:49:03+0200,d815d4ad-795d-45eb-9ad8-9d704f7a3f43,2026-07-18T03:45:00Z,2026-07-18T05:45:00+0200,188.6,EUR/MWh,BE,BE,imbalance_price,Long,2026-08-03T03:49:42Z
2026-08-03T03:49:03Z,2026-08-03T05:49:03+0200,d815d4ad-795d-45eb-9ad8-9d704f7a3f43,2026-07-18T03:45:00Z,2026-07-18T05:45:00+0200,188.6,EUR/MWh,BE,BE,imbalance_price,Short,2026-08-03T03:49:42Z
2026-08-03T03:49:03Z,2026-08-03T05:49:03+0200,d815d4ad-795d-45eb-9ad8-9d704f7a3f43,2026-07-18T04:00:00Z,2026-07-18T06:00:00+0200,144.1,EUR/MWh,BE,BE,imbalance_price,Long,2026-08-03T03:49:42Z
2026-08-03T03:49:03Z,2026-08-03T05:49:03+0200,d815d4ad-795d-45eb-9ad8-9d704f7a3f43,2026-07-18T04:00:00Z,2026-07-18T06:00:00+0200,144.1,EUR/MWh,BE,BE,imbalance_price,Short,2026-08-03T03:49:42Z
2026-08-03T03:49:03Z,2026-08-03T05:49:03+0200,d815d4ad-795d-45eb-9ad8-9d704f7a3f43,2026-07-18T04:15:00Z,2026-07-18T06:15:00+0200,136.95,EUR/MWh,BE,BE,imbalance_price,Long,2026-08-03T03:49:42Z
2026-08-03T03:49:03Z,2026-08-03T05:49:03+0200,d815d4ad-795d-45eb-9ad8-9d704f7a3f43,2026-07-18T04:15:00Z,2026-07-18T06:15:00+0200,136.95,EUR/MWh,BE,BE,imbalance_price,Short,2026-08-03T03:49:42Z
2026-08-03T03:49:03Z,2026-08-03T05:49:03+0200,d815d4ad-795d-45eb-9ad8-9d704f7a3f43,2026-07-18T04:30:00Z,2026-07-18T06:30:00+0200,138.3,EUR/MWh,BE,BE,imbalance_price,Long,2026-08-03T03:49:42Z
2026-08-03T03:49:03Z,2026-08-03T05:49:03+0200,d815d4ad-795d-45eb-9ad8-9d704f7a3f43,2026-07-18T04:30:00Z,2026-07-18T06:30:00+0200,138.3,EUR/MWh,BE,BE,imbalance_price,Short,2026-08-03T03:49:42Z
2026-08-03T03:49:03Z,2026-08-03T05:49:03+0200,d815d4ad-795d-45eb-9ad8-9d704f7a3f43,2026-07-18T04:45:00Z,2026-07-18T06:45:00+0200,145.59,EUR/MWh,BE,BE,imbalance_price,Long,2026-08-03T03:49:42Z
2026-08-03T03:49:03Z,2026-08-03T05:49:03+0200,d815d4ad-795d-45eb-9ad8-9d704f7a3f43,2026-07-18T04:45:00Z,2026-07-18T06:45:00+0200,145.59,EUR/MWh,BE,BE,imbalance_price,Short,2026-08-03T03:49:42Z
2026-08-03T03:49:03Z,2026-08-03T05:49:03+0200,d815d4ad-795d-45eb-9ad8-9d704f7a3f43,2026-07-18T05:00:00Z,2026-07-18T07:00:00+0200,151.31,EUR/MWh,BE,BE,imbalance_price,Long,2026-08-03T03:49:42Z
2026-08-03T03:49:03Z,2026-08-03T05:49:03+0200,d815d4ad-795d-45eb-9ad8-9d704f7a3f43,2026-07-18T05:00:00Z,2026-07-18T07:00:00+0200,151.31,EUR/MWh,BE,BE,imbalance_price,Short,2026-08-03T03:49:42Z
2026-08-03T03:49:03Z,2026-08-03T05:49:03+0200,d815d4ad-795d-45eb-9ad8-9d704f7a3f43,2026-07-18T05:15:00Z,2026-07-18T07:15:00+0200,129.38,EUR/MWh,BE,BE,imbalance_price,Long,2026-08-03T03:49:42Z
2026-08-03T03:49:03Z,2026-08-03T05:49:03+0200,d815d4ad-795d-45eb-9ad8-9d704f7a3f43,2026-07-18T05:15:00Z,2026-07-18T07:15:00+0200,129.38,EUR/MWh,BE,BE,imbalance_price,Short,2026-08-03T03:49:42Z
2026-08-03T03:49:03Z,2026-08-03T05:49:03+0200,d815d4ad-795d-45eb-9ad8-9d704f7a3f43,2026-07-18T05:30:00Z,2026-07-18T07:30:00+0200,153.74,EUR/MWh,BE,BE,imbalance_price,Long,2026-08-03T03:49:42Z
2026-08-03T03:49:03Z,2026-08-03T05:49:03+0200,d815d4ad-795d-45eb-9ad8-9d704f7a3f43,2026-07-18T05:30:00Z,2026-07-18T07:30:00+0200,153.74,EUR/MWh,BE,BE,imbalance_price,Short,2026-08-03T03:49:42Z
2026-08-03T03:49:03Z,2026-08-03T05:49:03+0200,d815d4ad-795d-45eb-9ad8-9d704f7a3f43,2026-07-18T05:45:00Z,2026-07-18T07:45:00+0200,253.61,EUR/MWh,BE,BE,imbalance_price,Long,2026-08-03T03:49:42Z
2026-08-03T03:49:03Z,2026-08-03T05:49:03+0200,d815d4ad-795d-45eb-9ad8-9d704f7a3f43,2026-07-18T05:45:00Z,2026-07-18T07:45:00+0200,253.61,EUR/MWh,BE,BE,imbalance_price,Short,2026-08-03T03:49:42Z
2026-08-03T03:49:03Z,2026-08-03T05:49:03+0200,d815d4ad-795d-45eb-9ad8-9d704f7a3f43,2026-07-18T06:00:00Z,2026-07-18T08:00:00+0200,196.75,EUR/MWh,BE,BE,imbalance_price,Long,2026-08-03T03:49:42Z
2026-08-03T03:49:03Z,2026-08-03T05:49:03+0200,d815d4ad-795d-45eb-9ad8-9d704f7a3f43,2026-07-18T06:00:00Z,2026-07-18T08:00:00+0200,196.75,EUR/MWh,BE,BE,imbalance_price,Short,2026-08-03T03:49:42Z
2026-08-03T03:49:03Z,2026-08-03T05:49:03+0200,d815d4ad-795d-45eb-9ad8-9d704f7a3f43,2026-07-18T06:15:00Z,2026-07-18T08:15:00+0200,234.76,EUR/MWh,BE,BE,imbalance_price,Long,2026-08-03T03:49:42Z
2026-08-03T03:49:03Z,2026-08-03T05:49:03+0200,d815d4ad-795d-45eb-9ad8-9d704f7a3f43,2026-07-18T06:15:00Z,2026-07-18T08:15:00+0200,234.76,EUR/MWh,BE,BE,imbalance_price,Short,2026-08-03T03:49:42Z
2026-08-03T03:49:03Z,2026-08-03T05:49:03+0200,d815d4ad-795d-45eb-9ad8-9d704f7a3f43,2026-07-18T06:30:00Z,2026-07-18T08:30:00+0200,84.78,EUR/MWh,BE,BE,imbalance_price,Long,2026-08-03T03:49:42Z
2026-08-03T03:49:03Z,2026-08-03T05:49:03+0200,d815d4ad-795d-45eb-9ad8-9d704f7a3f43,2026-07-18T06:30:00Z,2026-07-18T08:30:00+0200,84.78,EUR/MWh,BE,BE,imbalance_price,Short,2026-08-03T03:49:42Z
2026-08-03T03:49:03Z,2026-08-03T05:49:03+0200,d815d4ad-795d-45eb-9ad8-9d704f7a3f43,2026-07-18T06:45:00Z,2026-07-18T08:45:00+0200,102.87,EUR/MWh,BE,BE,imbalance_price,Long,2026-08-03T03:49:42Z
2026-08-03T03:49:03Z,2026-08-03T05:49:03+0200,d815d4ad-795d-45eb-9ad8-9d704f7a3f43,2026-07-18T06:45:00Z,2026-07-18T08:45:00+0200,102.87,EUR/MWh,BE,BE,imbalance_price,Short,2026-08-03T03:49:42Z
2026-08-03T03:49:03Z,2026-08-03T05:49:03+0200,d815d4ad-795d-45eb-9ad8-9d704f7a3f43,2026-07-18T07:00:00Z,2026-07-18T09:00:00+0200,130.9,EUR/MWh,BE,BE,imbalance_price,Long,2026-08-03T03:49:42Z
2026-08-03T03:49:03Z,2026-08-03T05:49:03+0200,d815d4ad-795d-45eb-9ad8-9d704f7a3f43,2026-07-18T07:00:00Z,2026-07-18T09:00:00+0200,130.9,EUR/MWh,BE,BE,imbalance_price,Short,2026-08-03T03:49:42Z
2026-08-03T03:49:03Z,2026-08-03T05:49:03+0200,d815d4ad-795d-45eb-9ad8-9d704f7a3f43,2026-07-18T07:15:00Z,2026-07-18T09:15:00+0200,61.79,EUR/MWh,BE,BE,imbalance_price,Long,2026-08-03T03:49:42Z
2026-08-03T03:49:03Z,2026-08-03T05:49:03+0200,d815d4ad-795d-45eb-9ad8-9d704f7a3f43,2026-07-18T07:15:00Z,2026-07-18T09:15:00+0200,61.79,EUR/MWh,BE,BE,imbalance_price,Short,2026-08-03T03:49:42Z
2026-08-03T03:49:03Z,2026-08-03T05:49:03+0200,d815d4ad-795d-45eb-9ad8-9d704f7a3f43,2026-07-18T07:30:00Z,2026-07-18T09:30:00+0200,208.14,EUR/MWh,BE,BE,imbalance_price,Long,2026-08-03T03:49:42Z
2026-08-03T03:49:03Z,2026-08-03T05:49:03+0200,d815d4ad-795d-45eb-9ad8-9d704f7a3f43,2026-07-18T07:30:00Z,2026-07-18T09:30:00+0200,208.14,EUR/MWh,BE,BE,imbalance_price,Short,2026-08-03T03:49:42Z
2026-08-03T03:49:03Z,2026-08-03T05:49:03+0200,d815d4ad-795d-45eb-9ad8-9d704f7a3f43,2026-07-18T07:45:00Z,2026-07-18T09:45:00+0200,60.5,EUR/MWh,BE,BE,imbalance_price,Long,2026-08-03T03:49:42Z
2026-08-03T03:49:03Z,2026-08-03T05:49:03+0200,d815d4ad-795d-45eb-9ad8-9d704f7a3f43,2026-07-18T07:45:00Z,2026-07-18T09:45:00+0200,60.5,EUR/MWh,BE,BE,imbalance_price,Short,2026-08-03T03:49:42Z
2026-08-03T03:49:03Z,2026-08-03T05:49:03+0200,d815d4ad-795d-45eb-9ad8-9d704f7a3f43,2026-07-18T08:00:00Z,2026-07-18T10:00:00+0200,58.19,EUR/MWh,BE,BE,imbalance_price,Long,2026-08-03T03:49:42Z
2026-08-03T03:49:03Z,2026-08-03T05:49:03+0200,d815d4ad-795d-45eb-9ad8-9d704f7a3f43,2026-07-18T08:00:00Z,2026-07-18T10:00:00+0200,58.19,EUR/MWh,BE,BE,imbalance_price,Short,2026-08-03T03:49:42Z
2026-08-03T03:49:03Z,2026-08-03T05:49:03+0200,d815d4ad-795d-45eb-9ad8-9d704f7a3f43,2026-07-18T08:15:00Z,2026-07-18T10:15:00+0200,60.0,EUR/MWh,BE,BE,imbalance_price,Long,2026-08-03T03:49:42Z
2026-08-03T03:49:03Z,2026-08-03T05:49:03+0200,d815d4ad-795d-45eb-9ad8-9d704f7a3f43,2026-07-18T08:15:00Z,2026-07-18T10:15:00+0200,60.0,EUR/MWh,BE,BE,imbalance_price,Short,2026-08-03T03:49:42Z
2026-08-03T03:49:03Z,2026-08-03T05:49:03+0200,d815d4ad-795d-45eb-9ad8-9d704f7a3f43,2026-07-18T08:30:00Z,2026-07-18T10:30:00+0200,50.0,EUR/MWh,BE,BE,imbalance_price,Long,2026-08-03T03:49:42Z
2026-08-03T03:49:03Z,2026-08-03T05:49:03+0200,d815d4ad-795d-45eb-9ad8-9d704f7a3f43,2026-07-18T08:30:00Z,2026-07-18T10:30:00+0200,50.0,EUR/MWh,BE,BE,imbalance_price,Short,2026-08-03T03:49:42Z
2026-08-03T03:49:03Z,2026-08-03T05:49:03+0200,d815d4ad-795d-45eb-9ad8-9d704f7a3f43,2026-07-18T08:45:00Z,2026-07-18T10:45:00+0200,60.42,EUR/MWh,BE,BE,imbalance_price,Long,2026-08-03T03:49:42Z
2026-08-03T03:49:03Z,2026-08-03T05:49:03+0200,d815d4ad-795d-45eb-9ad8-9d704f7a3f43,2026-07-18T08:45:00Z,2026-07-18T10:45:00+0200,60.42,EUR/MWh,BE,BE,imbalance_price,Short,2026-08-03T03:49:42Z
2026-08-03T03:49:03Z,2026-08-03T05:49:03+0200,d815d4ad-795d-45eb-9ad8-9d704f7a3f43,2026-07-18T09:00:00Z,2026-07-18T11:00:00+0200,94.53,EUR/MWh,BE,BE,imbalance_price,Long,2026-08-03T03:49:42Z
2026-08-03T03:49:03Z,2026-08-03T05:49:03+0200,d815d4ad-795d-45eb-9ad8-9d704f7a3f43,2026-07-18T09:00:00Z,2026-07-18T11:00:00+0200,94.53,EUR/MWh,BE,BE,imbalance_price,Short,2026-08-03T03:49:42Z
2026-08-03T03:49:03Z,2026-08-03T05:49:03+0200,d815d4ad-795d-45eb-9ad8-9d704f7a3f43,2026-07-18T09:15:00Z,2026-07-18T11:15:00+0200,194.01,EUR/MWh,BE,BE,imbalance_price,Long,2026-08-03T03:49:42Z
2026-08-03T03:49:03Z,2026-08-03T05:49:03+0200,d815d4ad-795d-45eb-9ad8-9d704f7a3f43,2026-07-18T09:15:00Z,2026-07-18T11:15:00+0200,194.01,EUR/MWh,BE,BE,imbalance_price,Short,2026-08-03T03:49:42Z
2026-08-03T03:49:03Z,2026-08-03T05:49:03+0200,d815d4ad-795d-45eb-9ad8-9d704f7a3f43,2026-07-18T09:30:00Z,2026-07-18T11:30:00+0200,261.84,EUR/MWh,BE,BE,imbalance_price,Long,2026-08-03T03:49:42Z
2026-08-03T03:49:03Z,2026-08-03T05:49:03+0200,d815d4ad-795d-45eb-9ad8-9d704f7a3f43,2026-07-18T09:30:00Z,2026-07-18T11:30:00+0200,261.84,EUR/MWh,BE,BE,imbalance_price,Short,2026-08-03T03:49:42Z
2026-08-03T03:49:03Z,2026-08-03T05:49:03+0200,d815d4ad-795d-45eb-9ad8-9d704f7a3f43,2026-07-18T09:45:00Z,2026-07-18T11:45:00+0200,353.36,EUR/MWh,BE,BE,imbalance_price,Long,2026-08-03T03:49:42Z
2026-08-03T03:49:03Z,2026-08-03T05:49:03+0200,d815d4ad-795d-45eb-9ad8-9d704f7a3f43,2026-07-18T09:45:00Z,2026-07-18T11:45:00+0200,353.36,EUR/MWh,BE,BE,imbalance_price,Short,2026-08-03T03:49:42Z
2026-08-03T03:49:03Z,2026-08-03T05:49:03+0200,d815d4ad-795d-45eb-9ad8-9d704f7a3f43,2026-07-18T10:00:00Z,2026-07-18T12:00:00+0200,69.65,EUR/MWh,BE,BE,imbalance_price,Long,2026-08-03T03:49:42Z
2026-08-03T03:49:03Z,2026-08-03T05:49:03+0200,d815d4ad-795d-45eb-9ad8-9d704f7a3f43,2026-07-18T10:00:00Z,2026-07-18T12:00:00+0200,69.65,EUR/MWh,BE,BE,imbalance_price,Short,2026-08-03T03:49:42Z
2026-08-03T03:49:03Z,2026-08-03T05:49:03+0200,d815d4ad-795d-45eb-9ad8-9d704f7a3f43,2026-07-18T10:15:00Z,2026-07-18T12:15:00+0200,94.08,EUR/MWh,BE,BE,imbalance_price,Long,2026-08-03T03:49:42Z
2026-08-03T03:49:03Z,2026-08-03T05:49:03+0200,d815d4ad-795d-45eb-9ad8-9d704f7a3f43,2026-07-18T10:15:00Z,2026-07-18T12:15:00+0200,94.08,EUR/MWh,BE,BE,imbalance_price,Short,2026-08-03T03:49:42Z
2026-08-03T03:49:03Z,2026-08-03T05:49:03+0200,d815d4ad-795d-45eb-9ad8-9d704f7a3f43,2026-07-18T10:30:00Z,2026-07-18T12:30:00+0200,97.85,EUR/MWh,BE,BE,imbalance_price,Long,2026-08-03T03:49:42Z
2026-08-03T03:49:03Z,2026-08-03T05:49:03+0200,d815d4ad-795d-45eb-9ad8-9d704f7a3f43,2026-07-18T10:30:00Z,2026-07-18T12:30:00+0200,97.85,EUR/MWh,BE,BE,imbalance_price,Short,2026-08-03T03:49:42Z
2026-08-03T03:49:03Z,2026-08-03T05:49:03+0200,d815d4ad-795d-45eb-9ad8-9d704f7a3f43,2026-07-18T10:45:00Z,2026-07-18T12:45:00+0200,172.3,EUR/MWh,BE,BE,imbalance_price,Long,2026-08-03T03:49:42Z
2026-08-03T03:49:03Z,2026-08-03T05:49:03+0200,d815d4ad-795d-45eb-9ad8-9d704f7a3f43,2026-07-18T10:45:00Z,2026-07-18T12:45:00+0200,172.3,EUR/MWh,BE,BE,imbalance_price,Short,2026-08-03T03:49:42Z
2026-08-03T03:49:03Z,2026-08-03T05:49:03+0200,d815d4ad-795d-45eb-9ad8-9d704f7a3f43,2026-07-18T11:00:00Z,2026-07-18T13:00:00+0200,322.58,EUR/MWh,BE,BE,imbalance_price,Long,2026-08-03T03:49:42Z
2026-08-03T03:49:03Z,2026-08-03T05:49:03+0200,d815d4ad-795d-45eb-9ad8-9d704f7a3f43,2026-07-18T11:00:00Z,2026-07-18T13:00:00+0200,322.58,EUR/MWh,BE,BE,imbalance_price,Short,2026-08-03T03:49:42Z
2026-08-03T03:49:03Z,2026-08-03T05:49:03+0200,d815d4ad-795d-45eb-9ad8-9d704f7a3f43,2026-07-18T11:15:00Z,2026-07-18T13:15:00+0200,104.0,EUR/MWh,BE,BE,imbalance_price,Long,2026-08-03T03:49:42Z
2026-08-03T03:49:03Z,2026-08-03T05:49:03+0200,d815d4ad-795d-45eb-9ad8-9d704f7a3f43,2026-07-18T11:15:00Z,2026-07-18T13:15:00+0200,104.0,EUR/MWh,BE,BE,imbalance_price,Short,2026-08-03T03:49:42Z
2026-08-03T03:49:03Z,2026-08-03T05:49:03+0200,d815d4ad-795d-45eb-9ad8-9d704f7a3f43,2026-07-18T11:30:00Z,2026-07-18T13:30:00+0200,39.5,EUR/MWh,BE,BE,imbalance_price,Long,2026-08-03T03:49:42Z
2026-08-03T03:49:03Z,2026-08-03T05:49:03+0200,d815d4ad-795d-45eb-9ad8-9d704f7a3f43,2026-07-18T11:30:00Z,2026-07-18T13:30:00+0200,39.5,EUR/MWh,BE,BE,imbalance_price,Short,2026-08-03T03:49:42Z
2026-08-03T03:49:03Z,2026-08-03T05:49:03+0200,d815d4ad-795d-45eb-9ad8-9d704f7a3f43,2026-07-18T11:45:00Z,2026-07-18T13:45:00+0200,20.82,EUR/MWh,BE,BE,imbalance_price,Long,2026-08-03T03:49:42Z
2026-08-03T03:49:03Z,2026-08-03T05:49:03+0200,d815d4ad-795d-45eb-9ad8-9d704f7a3f43,2026-07-18T11:45:00Z,2026-07-18T13:45:00+0200,20.82,EUR/MWh,BE,BE,imbalance_price,Short,2026-08-03T03:49:42Z
2026-08-03T03:49:03Z,2026-08-03T05:49:03+0200,d815d4ad-795d-45eb-9ad8-9d704f7a3f43,2026-07-18T12:00:00Z,2026-07-18T14:00:00+0200,13.58,EUR/MWh,BE,BE,imbalance_price,Long,2026-08-03T03:49:42Z
2026-08-03T03:49:03Z,2026-08-03T05:49:03+0200,d815d4ad-795d-45eb-9ad8-9d704f7a3f43,2026-07-18T12:00:00Z,2026-07-18T14:00:00+0200,13.58,EUR/MWh,BE,BE,imbalance_price,Short,2026-08-03T03:49:42Z
2026-08-03T03:49:03Z,2026-08-03T05:49:03+0200,d815d4ad-795d-45eb-9ad8-9d704f7a3f43,2026-07-18T12:15:00Z,2026-07-18T14:15:00+0200,-4.42,EUR/MWh,BE,BE,imbalance_price,Long,2026-08-03T03:49:42Z
2026-08-03T03:49:03Z,2026-08-03T05:49:03+0200,d815d4ad-795d-45eb-9ad8-9d704f7a3f43,2026-07-18T12:15:00Z,2026-07-18T14:15:00+0200,-4.42,EUR/MWh,BE,BE,imbalance_price,Short,2026-08-03T03:49:42Z
2026-08-03T03:49:03Z,2026-08-03T05:49:03+0200,d815d4ad-795d-45eb-9ad8-9d704f7a3f43,2026-07-18T12:30:00Z,2026-07-18T14:30:00+0200,4.6,EUR/MWh,BE,BE,imbalance_price,Long,2026-08-03T03:49:42Z
2026-08-03T03:49:03Z,2026-08-03T05:49:03+0200,d815d4ad-795d-45eb-9ad8-9d704f7a3f43,2026-07-18T12:30:00Z,2026-07-18T14:30:00+0200,4.6,EUR/MWh,BE,BE,imbalance_price,Short,2026-08-03T03:49:42Z
2026-08-03T03:49:03Z,2026-08-03T05:49:03+0200,d815d4ad-795d-45eb-9ad8-9d704f7a3f43,2026-07-18T12:45:00Z,2026-07-18T14:45:00+0200,8.05,EUR/MWh,BE,BE,imbalance_price,Long,2026-08-03T03:49:42Z
2026-08-03T03:49:03Z,2026-08-03T05:49:03+0200,d815d4ad-795d-45eb-9ad8-9d704f7a3f43,2026-07-18T12:45:00Z,2026-07-18T14:45:00+0200,8.05,EUR/MWh,BE,BE,imbalance_price,Short,2026-08-03T03:49:42Z
2026-08-03T03:49:03Z,2026-08-03T05:49:03+0200,d815d4ad-795d-45eb-9ad8-9d704f7a3f43,2026-07-18T13:00:00Z,2026-07-18T15:00:00+0200,3.3,EUR/MWh,BE,BE,imbalance_price,Long,2026-08-03T03:49:42Z
2026-08-03T03:49:03Z,2026-08-03T05:49:03+0200,d815d4ad-795d-45eb-9ad8-9d704f7a3f43,2026-07-18T13:00:00Z,2026-07-18T15:00:00+0200,3.3,EUR/MWh,BE,BE,imbalance_price,Short,2026-08-03T03:49:42Z
2026-08-03T03:49:03Z,2026-08-03T05:49:03+0200,d815d4ad-795d-45eb-9ad8-9d704f7a3f43,2026-07-18T13:15:00Z,2026-07-18T15:15:00+0200,30.5,EUR/MWh,BE,BE,imbalance_price,Long,2026-08-03T03:49:42Z
2026-08-03T03:49:03Z,2026-08-03T05:49:03+0200,d815d4ad-795d-45eb-9ad8-9d704f7a3f43,2026-07-18T13:15:00Z,2026-07-18T15:15:00+0200,30.5,EUR/MWh,BE,BE,imbalance_price,Short,2026-08-03T03:49:42Z
2026-08-03T03:49:03Z,2026-08-03T05:49:03+0200,d815d4ad-795d-45eb-9ad8-9d704f7a3f43,2026-07-18T13:30:00Z,2026-07-18T15:30:00+0200,30.5,EUR/MWh,BE,BE,imbalance_price,Long,2026-08-03T03:49:42Z
2026-08-03T03:49:03Z,2026-08-03T05:49:03+0200,d815d4ad-795d-45eb-9ad8-9d704f7a3f43,2026-07-18T13:30:00Z,2026-07-18T15:30:00+0200,30.5,EUR/MWh,BE,BE,imbalance_price,Short,2026-08-03T03:49:42Z
2026-08-03T03:49:03Z,2026-08-03T05:49:03+0200,d815d4ad-795d-45eb-9ad8-9d704f7a3f43,2026-07-18T13:45:00Z,2026-07-18T15:45:00+0200,26.5,EUR/MWh,BE,BE,imbalance_price,Long,2026-08-03T03:49:42Z
2026-08-03T03:49:03Z,2026-08-03T05:49:03+0200,d815d4ad-795d-45eb-9ad8-9d704f7a3f43,2026-07-18T13:45:00Z,2026-07-18T15:45:00+0200,26.5,EUR/MWh,BE,BE,imbalance_price,Short,2026-08-03T03:49:42Z
2026-08-03T03:49:03Z,2026-08-03T05:49:03+0200,d815d4ad-795d-45eb-9ad8-9d704f7a3f43,2026-07-18T14:00:00Z,2026-07-18T16:00:00+0200,57.02,EUR/MWh,BE,BE,imbalance_price,Long,2026-08-03T03:49:42Z
2026-08-03T03:49:03Z,2026-08-03T05:49:03+0200,d815d4ad-795d-45eb-9ad8-9d704f7a3f43,2026-07-18T14:00:00Z,2026-07-18T16:00:00+0200,57.02,EUR/MWh,BE,BE,imbalance_price,Short,2026-08-03T03:49:42Z
2026-08-03T03:49:03Z,2026-08-03T05:49:03+0200,d815d4ad-795d-45eb-9ad8-9d704f7a3f43,2026-07-18T14:15:00Z,2026-07-18T16:15:00+0200,68.0,EUR/MWh,BE,BE,imbalance_price,Long,2026-08-03T03:49:42Z
2026-08-03T03:49:03Z,2026-08-03T05:49:03+0200,d815d4ad-795d-45eb-9ad8-9d704f7a3f43,2026-07-18T14:15:00Z,2026-07-18T16:15:00+0200,68.0,EUR/MWh,BE,BE,imbalance_price,Short,2026-08-03T03:49:42Z
2026-08-03T03:49:03Z,2026-08-03T05:49:03+0200,d815d4ad-795d-45eb-9ad8-9d704f7a3f43,2026-07-18T14:30:00Z,2026-07-18T16:30:00+0200,81.14,EUR/MWh,BE,BE,imbalance_price,Long,2026-08-03T03:49:42Z
2026-08-03T03:49:03Z,2026-08-03T05:49:03+0200,d815d4ad-795d-45eb-9ad8-9d704f7a3f43,2026-07-18T14:30:00Z,2026-07-18T16:30:00+0200,81.14,EUR/MWh,BE,BE,imbalance_price,Short,2026-08-03T03:49:42Z
2026-08-03T03:49:03Z,2026-08-03T05:49:03+0200,d815d4ad-795d-45eb-9ad8-9d704f7a3f43,2026-07-18T14:45:00Z,2026-07-18T16:45:00+0200,79.52,EUR/MWh,BE,BE,imbalance_price,Long,2026-08-03T03:49:42Z
2026-08-03T03:49:03Z,2026-08-03T05:49:03+0200,d815d4ad-795d-45eb-9ad8-9d704f7a3f43,2026-07-18T14:45:00Z,2026-07-18T16:45:00+0200,79.52,EUR/MWh,BE,BE,imbalance_price,Short,2026-08-03T03:49:42Z
2026-08-03T03:49:03Z,2026-08-03T05:49:03+0200,d815d4ad-795d-45eb-9ad8-9d704f7a3f43,2026-07-18T15:00:00Z,2026-07-18T17:00:00+0200,82.52,EUR/MWh,BE,BE,imbalance_price,Long,2026-08-03T03:49:42Z
2026-08-03T03:49:03Z,2026-08-03T05:49:03+0200,d815d4ad-795d-45eb-9ad8-9d704f7a3f43,2026-07-18T15:00:00Z,2026-07-18T17:00:00+0200,82.52,EUR/MWh,BE,BE,imbalance_price,Short,2026-08-03T03:49:42Z
2026-08-03T03:49:03Z,2026-08-03T05:49:03+0200,d815d4ad-795d-45eb-9ad8-9d704f7a3f43,2026-07-18T15:15:00Z,2026-07-18T17:15:00+0200,66.2,EUR/MWh,BE,BE,imbalance_price,Long,2026-08-03T03:49:42Z
2026-08-03T03:49:03Z,2026-08-03T05:49:03+0200,d815d4ad-795d-45eb-9ad8-9d704f7a3f43,2026-07-18T15:15:00Z,2026-07-18T17:15:00+0200,66.2,EUR/MWh,BE,BE,imbalance_price,Short,2026-08-03T03:49:42Z
2026-08-03T03:49:03Z,2026-08-03T05:49:03+0200,d815d4ad-795d-45eb-9ad8-9d704f7a3f43,2026-07-18T15:30:00Z,2026-07-18T17:30:00+0200,68.96,EUR/MWh,BE,BE,imbalance_price,Long,2026-08-03T03:49:42Z
2026-08-03T03:49:03Z,2026-08-03T05:49:03+0200,d815d4ad-795d-45eb-9ad8-9d704f7a3f43,2026-07-18T15:30:00Z,2026-07-18T17:30:00+0200,68.96,EUR/MWh,BE,BE,imbalance_price,Short,2026-08-03T03:49:42Z
2026-08-03T03:49:03Z,2026-08-03T05:49:03+0200,d815d4ad-795d-45eb-9ad8-9d704f7a3f43,2026-07-18T15:45:00Z,2026-07-18T17:45:00+0200,85.0,EUR/MWh,BE,BE,imbalance_price,Long,2026-08-03T03:49:42Z
2026-08-03T03:49:03Z,2026-08-03T05:49:03+0200,d815d4ad-795d-45eb-9ad8-9d704f7a3f43,2026-07-18T15:45:00Z,2026-07-18T17:45:00+0200,85.0,EUR/MWh,BE,BE,imbalance_price,Short,2026-08-03T03:49:42Z
2026-08-03T03:49:03Z,2026-08-03T05:49:03+0200,d815d4ad-795d-45eb-9ad8-9d704f7a3f43,2026-07-18T16:00:00Z,2026-07-18T18:00:00+0200,95.65,EUR/MWh,BE,BE,imbalance_price,Long,2026-08-03T03:49:42Z
2026-08-03T03:49:03Z,2026-08-03T05:49:03+0200,d815d4ad-795d-45eb-9ad8-9d704f7a3f43,2026-07-18T16:00:00Z,2026-07-18T18:00:00+0200,95.65,EUR/MWh,BE,BE,imbalance_price,Short,2026-08-03T03:49:42Z
2026-08-03T03:49:03Z,2026-08-03T05:49:03+0200,d815d4ad-795d-45eb-9ad8-9d704f7a3f43,2026-07-18T16:15:00Z,2026-07-18T18:15:00+0200,130.82,EUR/MWh,BE,BE,imbalance_price,Long,2026-08-03T03:49:42Z
2026-08-03T03:49:03Z,2026-08-03T05:49:03+0200,d815d4ad-795d-45eb-9ad8-9d704f7a3f43,2026-07-18T16:15:00Z,2026-07-18T18:15:00+0200,130.82,EUR/MWh,BE,BE,imbalance_price,Short,2026-08-03T03:49:42Z
2026-08-03T03:49:03Z,2026-08-03T05:49:03+0200,d815d4ad-795d-45eb-9ad8-9d704f7a3f43,2026-07-18T16:30:00Z,2026-07-18T18:30:00+0200,163.45,EUR/MWh,BE,BE,imbalance_price,Long,2026-08-03T03:49:42Z
2026-08-03T03:49:03Z,2026-08-03T05:49:03+0200,d815d4ad-795d-45eb-9ad8-9d704f7a3f43,2026-07-18T16:30:00Z,2026-07-18T18:30:00+0200,163.45,EUR/MWh,BE,BE,imbalance_price,Short,2026-08-03T03:49:42Z
2026-08-03T03:49:03Z,2026-08-03T05:49:03+0200,d815d4ad-795d-45eb-9ad8-9d704f7a3f43,2026-07-18T16:45:00Z,2026-07-18T18:45:00+0200,200.59,EUR/MWh,BE,BE,imbalance_price,Long,2026-08-03T03:49:42Z
2026-08-03T03:49:03Z,2026-08-03T05:49:03+0200,d815d4ad-795d-45eb-9ad8-9d704f7a3f43,2026-07-18T16:45:00Z,2026-07-18T18:45:00+0200,200.59,EUR/MWh,BE,BE,imbalance_price,Short,2026-08-03T03:49:42Z
2026-08-03T03:49:03Z,2026-08-03T05:49:03+0200,d815d4ad-795d-45eb-9ad8-9d704f7a3f43,2026-07-18T17:00:00Z,2026-07-18T19:00:00+0200,164.37,EUR/MWh,BE,BE,imbalance_price,Long,2026-08-03T03:49:42Z
2026-08-03T03:49:03Z,2026-08-03T05:49:03+0200,d815d4ad-795d-45eb-9ad8-9d704f7a3f43,2026-07-18T17:00:00Z,2026-07-18T19:00:00+0200,164.37,EUR/MWh,BE,BE,imbalance_price,Short,2026-08-03T03:49:42Z
2026-08-03T03:49:03Z,2026-08-03T05:49:03+0200,d815d4ad-795d-45eb-9ad8-9d704f7a3f43,2026-07-18T17:15:00Z,2026-07-18T19:15:00+0200,166.3,EUR/MWh,BE,BE,imbalance_price,Long,2026-08-03T03:49:42Z
2026-08-03T03:49:03Z,2026-08-03T05:49:03+0200,d815d4ad-795d-45eb-9ad8-9d704f7a3f43,2026-07-18T17:15:00Z,2026-07-18T19:15:00+0200,166.3,EUR/MWh,BE,BE,imbalance_price,Short,2026-08-03T03:49:42Z
2026-08-03T03:49:03Z,2026-08-03T05:49:03+0200,d815d4ad-795d-45eb-9ad8-9d704f7a3f43,2026-07-18T17:30:00Z,2026-07-18T19:30:00+0200,157.0,EUR/MWh,BE,BE,imbalance_price,Long,2026-08-03T03:49:42Z
2026-08-03T03:49:03Z,2026-08-03T05:49:03+0200,d815d4ad-795d-45eb-9ad8-9d704f7a3f43,2026-07-18T17:30:00Z,2026-07-18T19:30:00+0200,157.0,EUR/MWh,BE,BE,imbalance_price,Short,2026-08-03T03:49:42Z
2026-08-03T03:49:03Z,2026-08-03T05:49:03+0200,d815d4ad-795d-45eb-9ad8-9d704f7a3f43,2026-07-18T17:45:00Z,2026-07-18T19:45:00+0200,150.0,EUR/MWh,BE,BE,imbalance_price,Long,2026-08-03T03:49:42Z
2026-08-03T03:49:03Z,2026-08-03T05:49:03+0200,d815d4ad-795d-45eb-9ad8-9d704f7a3f43,2026-07-18T17:45:00Z,2026-07-18T19:45:00+0200,150.0,EUR/MWh,BE,BE,imbalance_price,Short,2026-08-03T03:49:42Z
2026-08-03T03:49:03Z,2026-08-03T05:49:03+0200,d815d4ad-795d-45eb-9ad8-9d704f7a3f43,2026-07-18T18:00:00Z,2026-07-18T20:00:00+0200,96.96,EUR/MWh,BE,BE,imbalance_price,Long,2026-08-03T03:49:42Z
2026-08-03T03:49:03Z,2026-08-03T05:49:03+0200,d815d4ad-795d-45eb-9ad8-9d704f7a3f43,2026-07-18T18:00:00Z,2026-07-18T20:00:00+0200,96.96,EUR/MWh,BE,BE,imbalance_price,Short,2026-08-03T03:49:42Z
2026-08-03T03:49:03Z,2026-08-03T05:49:03+0200,d815d4ad-795d-45eb-9ad8-9d704f7a3f43,2026-07-18T18:15:00Z,2026-07-18T20:15:00+0200,96.93,EUR/MWh,BE,BE,imbalance_price,Long,2026-08-03T03:49:42Z
2026-08-03T03:49:03Z,2026-08-03T05:49:03+0200,d815d4ad-795d-45eb-9ad8-9d704f7a3f43,2026-07-18T18:15:00Z,2026-07-18T20:15:00+0200,96.93,EUR/MWh,BE,BE,imbalance_price,Short,2026-08-03T03:49:42Z
2026-08-03T03:49:03Z,2026-08-03T05:49:03+0200,d815d4ad-795d-45eb-9ad8-9d704f7a3f43,2026-07-18T18:30:00Z,2026-07-18T20:30:00+0200,96.56,EUR/MWh,BE,BE,imbalance_price,Long,2026-08-03T03:49:42Z
2026-08-03T03:49:03Z,2026-08-03T05:49:03+0200,d815d4ad-795d-45eb-9ad8-9d704f7a3f43,2026-07-18T18:30:00Z,2026-07-18T20:30:00+0200,96.56,EUR/MWh,BE,BE,imbalance_price,Short,2026-08-03T03:49:42Z
2026-08-03T03:49:03Z,2026-08-03T05:49:03+0200,d815d4ad-795d-45eb-9ad8-9d704f7a3f43,2026-07-18T18:45:00Z,2026-07-18T20:45:00+0200,99.1,EUR/MWh,BE,BE,imbalance_price,Long,2026-08-03T03:49:42Z
2026-08-03T03:49:03Z,2026-08-03T05:49:03+0200,d815d4ad-795d-45eb-9ad8-9d704f7a3f43,2026-07-18T18:45:00Z,2026-07-18T20:45:00+0200,99.1,EUR/MWh,BE,BE,imbalance_price,Short,2026-08-03T03:49:42Z
2026-08-03T03:49:03Z,2026-08-03T05:49:03+0200,d815d4ad-795d-45eb-9ad8-9d704f7a3f43,2026-07-18T19:00:00Z,2026-07-18T21:00:00+0200,90.94,EUR/MWh,BE,BE,imbalance_price,Long,2026-08-03T03:49:42Z
2026-08-03T03:49:03Z,2026-08-03T05:49:03+0200,d815d4ad-795d-45eb-9ad8-9d704f7a3f43,2026-07-18T19:00:00Z,2026-07-18T21:00:00+0200,90.94,EUR/MWh,BE,BE,imbalance_price,Short,2026-08-03T03:49:42Z
2026-08-03T03:49:03Z,2026-08-03T05:49:03+0200,d815d4ad-795d-45eb-9ad8-9d704f7a3f43,2026-07-18T19:15:00Z,2026-07-18T21:15:00+0200,146.01,EUR/MWh,BE,BE,imbalance_price,Long,2026-08-03T03:49:42Z
2026-08-03T03:49:03Z,2026-08-03T05:49:03+0200,d815d4ad-795d-45eb-9ad8-9d704f7a3f43,2026-07-18T19:15:00Z,2026-07-18T21:15:00+0200,146.01,EUR/MWh,BE,BE,imbalance_price,Short,2026-08-03T03:49:42Z
2026-08-03T03:49:03Z,2026-08-03T05:49:03+0200,d815d4ad-795d-45eb-9ad8-9d704f7a3f43,2026-07-18T19:30:00Z,2026-07-18T21:30:00+0200,159.74,EUR/MWh,BE,BE,imbalance_price,Long,2026-08-03T03:49:42Z
2026-08-03T03:49:03Z,2026-08-03T05:49:03+0200,d815d4ad-795d-45eb-9ad8-9d704f7a3f43,2026-07-18T19:30:00Z,2026-07-18T21:30:00+0200,159.74,EUR/MWh,BE,BE,imbalance_price,Short,2026-08-03T03:49:42Z
2026-08-03T03:49:03Z,2026-08-03T05:49:03+0200,d815d4ad-795d-45eb-9ad8-9d704f7a3f43,2026-07-18T19:45:00Z,2026-07-18T21:45:00+0200,166.22,EUR/MWh,BE,BE,imbalance_price,Long,2026-08-03T03:49:42Z
2026-08-03T03:49:03Z,2026-08-03T05:49:03+0200,d815d4ad-795d-45eb-9ad8-9d704f7a3f43,2026-07-18T19:45:00Z,2026-07-18T21:45:00+0200,166.22,EUR/MWh,BE,BE,imbalance_price,Short,2026-08-03T03:49:42Z
2026-08-03T03:49:03Z,2026-08-03T05:49:03+0200,d815d4ad-795d-45eb-9ad8-9d704f7a3f43,2026-07-18T20:00:00Z,2026-07-18T22:00:00+0200,168.42,EUR/MWh,BE,BE,imbalance_price,Long,2026-08-03T03:49:42Z
2026-08-03T03:49:03Z,2026-08-03T05:49:03+0200,d815d4ad-795d-45eb-9ad8-9d704f7a3f43,2026-07-18T20:00:00Z,2026-07-18T22:00:00+0200,168.42,EUR/MWh,BE,BE,imbalance_price,Short,2026-08-03T03:49:42Z
2026-08-03T03:49:03Z,2026-08-03T05:49:03+0200,d815d4ad-795d-45eb-9ad8-9d704f7a3f43,2026-07-18T20:15:00Z,2026-07-18T22:15:00+0200,177.24,EUR/MWh,BE,BE,imbalance_price,Long,2026-08-03T03:49:42Z
2026-08-03T03:49:03Z,2026-08-03T05:49:03+0200,d815d4ad-795d-45eb-9ad8-9d704f7a3f43,2026-07-18T20:15:00Z,2026-07-18T22:15:00+0200,177.24,EUR/MWh,BE,BE,imbalance_price,Short,2026-08-03T03:49:42Z
2026-08-03T03:49:03Z,2026-08-03T05:49:03+0200,d815d4ad-795d-45eb-9ad8-9d704f7a3f43,2026-07-18T20:30:00Z,2026-07-18T22:30:00+0200,190.72,EUR/MWh,BE,BE,imbalance_price,Long,2026-08-03T03:49:42Z
2026-08-03T03:49:03Z,2026-08-03T05:49:03+0200,d815d4ad-795d-45eb-9ad8-9d704f7a3f43,2026-07-18T20:30:00Z,2026-07-18T22:30:00+0200,190.72,EUR/MWh,BE,BE,imbalance_price,Short,2026-08-03T03:49:42Z
2026-08-03T03:49:03Z,2026-08-03T05:49:03+0200,d815d4ad-795d-45eb-9ad8-9d704f7a3f43,2026-07-18T20:45:00Z,2026-07-18T22:45:00+0200,179.34,EUR/MWh,BE,BE,imbalance_price,Long,2026-08-03T03:49:42Z
2026-08-03T03:49:03Z,2026-08-03T05:49:03+0200,d815d4ad-795d-45eb-9ad8-9d704f7a3f43,2026-07-18T20:45:00Z,2026-07-18T22:45:00+0200,179.34,EUR/MWh,BE,BE,imbalance_price,Short,2026-08-03T03:49:42Z
2026-08-03T03:49:03Z,2026-08-03T05:49:03+0200,d815d4ad-795d-45eb-9ad8-9d704f7a3f43,2026-07-18T21:00:00Z,2026-07-18T23:00:00+0200,186.7,EUR/MWh,BE,BE,imbalance_price,Long,2026-08-03T03:49:42Z
2026-08-03T03:49:03Z,2026-08-03T05:49:03+0200,d815d4ad-795d-45eb-9ad8-9d704f7a3f43,2026-07-18T21:00:00Z,2026-07-18T23:00:00+0200,186.7,EUR/MWh,BE,BE,imbalance_price,Short,2026-08-03T03:49:42Z
2026-08-03T03:49:03Z,2026-08-03T05:49:03+0200,d815d4ad-795d-45eb-9ad8-9d704f7a3f43,2026-07-18T21:15:00Z,2026-07-18T23:15:00+0200,161.08,EUR/MWh,BE,BE,imbalance_price,Long,2026-08-03T03:49:42Z
2026-08-03T03:49:03Z,2026-08-03T05:49:03+0200,d815d4ad-795d-45eb-9ad8-9d704f7a3f43,2026-07-18T21:15:00Z,2026-07-18T23:15:00+0200,161.08,EUR/MWh,BE,BE,imbalance_price,Short,2026-08-03T03:49:42Z
2026-08-03T03:49:03Z,2026-08-03T05:49:03+0200,d815d4ad-795d-45eb-9ad8-9d704f7a3f43,2026-07-18T21:30:00Z,2026-07-18T23:30:00+0200,178.34,EUR/MWh,BE,BE,imbalance_price,Long,2026-08-03T03:49:42Z
2026-08-03T03:49:03Z,2026-08-03T05:49:03+0200,d815d4ad-795d-45eb-9ad8-9d704f7a3f43,2026-07-18T21:30:00Z,2026-07-18T23:30:00+0200,178.34,EUR/MWh,BE,BE,imbalance_price,Short,2026-08-03T03:49:42Z
2026-08-03T03:49:03Z,2026-08-03T05:49:03+0200,d815d4ad-795d-45eb-9ad8-9d704f7a3f43,2026-07-18T21:45:00Z,2026-07-18T23:45:00+0200,148.08,EUR/MWh,BE,BE,imbalance_price,Long,2026-08-03T03:49:42Z
2026-08-03T03:49:03Z,2026-08-03T05:49:03+0200,d815d4ad-795d-45eb-9ad8-9d704f7a3f43,2026-07-18T21:45:00Z,2026-07-18T23:45:00+0200,148.08,EUR/MWh,BE,BE,imbalance_price,Short,2026-08-03T03:49:42Z
2026-08-03T03:49:03Z,2026-08-03T05:49:03+0200,d815d4ad-795d-45eb-9ad8-9d704f7a3f43,2026-07-18T22:00:00Z,2026-07-19T00:00:00+0200,152.6,EUR/MWh,BE,BE,imbalance_price,Long,2026-08-03T03:49:42Z
2026-08-03T03:49:03Z,2026-08-03T05:49:03+0200,d815d4ad-795d-45eb-9ad8-9d704f7a3f43,2026-07-18T22:00:00Z,2026-07-19T00:00:00+0200,152.6,EUR/MWh,BE,BE,imbalance_price,Short,2026-08-03T03:49:42Z
2026-08-03T03:49:03Z,2026-08-03T05:49:03+0200,d815d4ad-795d-45eb-9ad8-9d704f7a3f43,2026-07-18T22:15:00Z,2026-07-19T00:15:00+0200,139.0,EUR/MWh,BE,BE,imbalance_price,Long,2026-08-03T03:49:42Z
2026-08-03T03:49:03Z,2026-08-03T05:49:03+0200,d815d4ad-795d-45eb-9ad8-9d704f7a3f43,2026-07-18T22:15:00Z,2026-07-19T00:15:00+0200,139.0,EUR/MWh,BE,BE,imbalance_price,Short,2026-08-03T03:49:42Z
2026-08-03T03:49:03Z,2026-08-03T05:49:03+0200,d815d4ad-795d-45eb-9ad8-9d704f7a3f43,2026-07-18T22:30:00Z,2026-07-19T00:30:00+0200,155.67,EUR/MWh,BE,BE,imbalance_price,Long,2026-08-03T03:49:42Z
2026-08-03T03:49:03Z,2026-08-03T05:49:03+0200,d815d4ad-795d-45eb-9ad8-9d704f7a3f43,2026-07-18T22:30:00Z,2026-07-19T00:30:00+0200,155.67,EUR/MWh,BE,BE,imbalance_price,Short,2026-08-03T03:49:42Z
2026-08-03T03:49:03Z,2026-08-03T05:49:03+0200,d815d4ad-795d-45eb-9ad8-9d704f7a3f43,2026-07-18T22:45:00Z,2026-07-19T00:45:00+0200,159.42,EUR/MWh,BE,BE,imbalance_price,Long,2026-08-03T03:49:42Z
2026-08-03T03:49:03Z,2026-08-03T05:49:03+0200,d815d4ad-795d-45eb-9ad8-9d704f7a3f43,2026-07-18T22:45:00Z,2026-07-19T00:45:00+0200,159.42,EUR/MWh,BE,BE,imbalance_price,Short,2026-08-03T03:49:42Z
2026-08-03T03:49:03Z,2026-08-03T05:49:03+0200,d815d4ad-795d-45eb-9ad8-9d704f7a3f43,2026-07-18T23:00:00Z,2026-07-19T01:00:00+0200,157.45,EUR/MWh,BE,BE,imbalance_price,Long,2026-08-03T03:49:42Z
2026-08-03T03:49:03Z,2026-08-03T05:49:03+0200,d815d4ad-795d-45eb-9ad8-9d704f7a3f43,2026-07-18T23:00:00Z,2026-07-19T01:00:00+0200,157.45,EUR/MWh,BE,BE,imbalance_price,Short,2026-08-03T03:49:42Z
2026-08-03T03:49:03Z,2026-08-03T05:49:03+0200,d815d4ad-795d-45eb-9ad8-9d704f7a3f43,2026-07-18T23:15:00Z,2026-07-19T01:15:00+0200,143.89,EUR/MWh,BE,BE,imbalance_price,Long,2026-08-03T03:49:42Z
2026-08-03T03:49:03Z,2026-08-03T05:49:03+0200,d815d4ad-795d-45eb-9ad8-9d704f7a3f43,2026-07-18T23:15:00Z,2026-07-19T01:15:00+0200,143.89,EUR/MWh,BE,BE,imbalance_price,Short,2026-08-03T03:49:42Z
2026-08-03T03:49:03Z,2026-08-03T05:49:03+0200,d815d4ad-795d-45eb-9ad8-9d704f7a3f43,2026-07-18T23:30:00Z,2026-07-19T01:30:00+0200,149.97,EUR/MWh,BE,BE,imbalance_price,Long,2026-08-03T03:49:42Z
2026-08-03T03:49:03Z,2026-08-03T05:49:03+0200,d815d4ad-795d-45eb-9ad8-9d704f7a3f43,2026-07-18T23:30:00Z,2026-07-19T01:30:00+0200,149.97,EUR/MWh,BE,BE,imbalance_price,Short,2026-08-03T03:49:42Z
2026-08-03T03:49:03Z,2026-08-03T05:49:03+0200,d815d4ad-795d-45eb-9ad8-9d704f7a3f43,2026-07-18T23:45:00Z,2026-07-19T01:45:00+0200,137.38,EUR/MWh,BE,BE,imbalance_price,Long,2026-08-03T03:49:42Z
2026-08-03T03:49:03Z,2026-08-03T05:49:03+0200,d815d4ad-795d-45eb-9ad8-9d704f7a3f43,2026-07-18T23:45:00Z,2026-07-19T01:45:00+0200,137.38,EUR/MWh,BE,BE,imbalance_price,Short,2026-08-03T03:49:42Z
2026-08-03T03:49:03Z,2026-08-03T05:49:03+0200,d815d4ad-795d-45eb-9ad8-9d704f7a3f43,2026-07-19T00:00:00Z,2026-07-19T02:00:00+0200,134.04,EUR/MWh,BE,BE,imbalance_price,Long,2026-08-03T03:49:42Z
2026-08-03T03:49:03Z,2026-08-03T05:49:03+0200,d815d4ad-795d-45eb-9ad8-9d704f7a3f43,2026-07-19T00:00:00Z,2026-07-19T02:00:00+0200,134.04,EUR/MWh,BE,BE,imbalance_price,Short,2026-08-03T03:49:42Z
2026-08-03T03:49:03Z,2026-08-03T05:49:03+0200,d815d4ad-795d-45eb-9ad8-9d704f7a3f43,2026-07-19T00:15:00Z,2026-07-19T02:15:00+0200,128.11,EUR/MWh,BE,BE,imbalance_price,Long,2026-08-03T03:49:42Z
2026-08-03T03:49:03Z,2026-08-03T05:49:03+0200,d815d4ad-795d-45eb-9ad8-9d704f7a3f43,2026-07-19T00:15:00Z,2026-07-19T02:15:00+0200,128.11,EUR/MWh,BE,BE,imbalance_price,Short,2026-08-03T03:49:42Z
2026-08-03T03:49:03Z,2026-08-03T05:49:03+0200,d815d4ad-795d-45eb-9ad8-9d704f7a3f43,2026-07-19T00:30:00Z,2026-07-19T02:30:00+0200,134.83,EUR/MWh,BE,BE,imbalance_price,Long,2026-08-03T03:49:42Z
2026-08-03T03:49:03Z,2026-08-03T05:49:03+0200,d815d4ad-795d-45eb-9ad8-9d704f7a3f43,2026-07-19T00:30:00Z,2026-07-19T02:30:00+0200,134.83,EUR/MWh,BE,BE,imbalance_price,Short,2026-08-03T03:49:42Z
2026-08-03T03:49:03Z,2026-08-03T05:49:03+0200,d815d4ad-795d-45eb-9ad8-9d704f7a3f43,2026-07-19T00:45:00Z,2026-07-19T02:45:00+0200,107.07,EUR/MWh,BE,BE,imbalance_price,Long,2026-08-03T03:49:42Z
2026-08-03T03:49:03Z,2026-08-03T05:49:03+0200,d815d4ad-795d-45eb-9ad8-9d704f7a3f43,2026-07-19T00:45:00Z,2026-07-19T02:45:00+0200,107.07,EUR/MWh,BE,BE,imbalance_price,Short,2026-08-03T03:49:42Z
2026-08-03T03:49:03Z,2026-08-03T05:49:03+0200,d815d4ad-795d-45eb-9ad8-9d704f7a3f43,2026-07-19T01:00:00Z,2026-07-19T03:00:00+0200,115.24,EUR/MWh,BE,BE,imbalance_price,Long,2026-08-03T03:49:42Z
2026-08-03T03:49:03Z,2026-08-03T05:49:03+0200,d815d4ad-795d-45eb-9ad8-9d704f7a3f43,2026-07-19T01:00:00Z,2026-07-19T03:00:00+0200,115.24,EUR/MWh,BE,BE,imbalance_price,Short,2026-08-03T03:49:42Z
2026-08-03T03:49:03Z,2026-08-03T05:49:03+0200,d815d4ad-795d-45eb-9ad8-9d704f7a3f43,2026-07-19T01:15:00Z,2026-07-19T03:15:00+0200,165.21,EUR/MWh,BE,BE,imbalance_price,Long,2026-08-03T03:49:42Z
2026-08-03T03:49:03Z,2026-08-03T05:49:03+0200,d815d4ad-795d-45eb-9ad8-9d704f7a3f43,2026-07-19T01:15:00Z,2026-07-19T03:15:00+0200,165.21,EUR/MWh,BE,BE,imbalance_price,Short,2026-08-03T03:49:42Z
2026-08-03T03:49:03Z,2026-08-03T05:49:03+0200,d815d4ad-795d-45eb-9ad8-9d704f7a3f43,2026-07-19T01:30:00Z,2026-07-19T03:30:00+0200,122.63,EUR/MWh,BE,BE,imbalance_price,Long,2026-08-03T03:49:42Z
2026-08-03T03:49:03Z,2026-08-03T05:49:03+0200,d815d4ad-795d-45eb-9ad8-9d704f7a3f43,2026-07-19T01:30:00Z,2026-07-19T03:30:00+0200,122.63,EUR/MWh,BE,BE,imbalance_price,Short,2026-08-03T03:49:42Z
2026-08-03T03:49:03Z,2026-08-03T05:49:03+0200,d815d4ad-795d-45eb-9ad8-9d704f7a3f43,2026-07-19T01:45:00Z,2026-07-19T03:45:00+0200,159.1,EUR/MWh,BE,BE,imbalance_price,Long,2026-08-03T03:49:42Z
2026-08-03T03:49:03Z,2026-08-03T05:49:03+0200,d815d4ad-795d-45eb-9ad8-9d704f7a3f43,2026-07-19T01:45:00Z,2026-07-19T03:45:00+0200,159.1,EUR/MWh,BE,BE,imbalance_price,Short,2026-08-03T03:49:42Z
2026-08-03T03:49:03Z,2026-08-03T05:49:03+0200,d815d4ad-795d-45eb-9ad8-9d704f7a3f43,2026-07-19T02:00:00Z,2026-07-19T04:00:00+0200,105.11,EUR/MWh,BE,BE,imbalance_price,Long,2026-08-03T03:49:42Z
2026-08-03T03:49:03Z,2026-08-03T05:49:03+0200,d815d4ad-795d-45eb-9ad8-9d704f7a3f43,2026-07-19T02:00:00Z,2026-07-19T04:00:00+0200,105.11,EUR/MWh,BE,BE,imbalance_price,Short,2026-08-03T03:49:42Z
2026-08-03T03:49:03Z,2026-08-03T05:49:03+0200,d815d4ad-795d-45eb-9ad8-9d704f7a3f43,2026-07-19T02:15:00Z,2026-07-19T04:15:00+0200,122.35,EUR/MWh,BE,BE,imbalance_price,Long,2026-08-03T03:49:42Z
2026-08-03T03:49:03Z,2026-08-03T05:49:03+0200,d815d4ad-795d-45eb-9ad8-9d704f7a3f43,2026-07-19T02:15:00Z,2026-07-19T04:15:00+0200,122.35,EUR/MWh,BE,BE,imbalance_price,Short,2026-08-03T03:49:42Z
2026-08-03T03:49:03Z,2026-08-03T05:49:03+0200,d815d4ad-795d-45eb-9ad8-9d704f7a3f43,2026-07-19T02:30:00Z,2026-07-19T04:30:00+0200,123.91,EUR/MWh,BE,BE,imbalance_price,Long,2026-08-03T03:49:42Z
2026-08-03T03:49:03Z,2026-08-03T05:49:03+0200,d815d4ad-795d-45eb-9ad8-9d704f7a3f43,2026-07-19T02:30:00Z,2026-07-19T04:30:00+0200,123.91,EUR/MWh,BE,BE,imbalance_price,Short,2026-08-03T03:49:42Z
2026-08-03T03:49:03Z,2026-08-03T05:49:03+0200,d815d4ad-795d-45eb-9ad8-9d704f7a3f43,2026-07-19T02:45:00Z,2026-07-19T04:45:00+0200,107.66,EUR/MWh,BE,BE,imbalance_price,Long,2026-08-03T03:49:42Z
2026-08-03T03:49:03Z,2026-08-03T05:49:03+0200,d815d4ad-795d-45eb-9ad8-9d704f7a3f43,2026-07-19T02:45:00Z,2026-07-19T04:45:00+0200,107.66,EUR/MWh,BE,BE,imbalance_price,Short,2026-08-03T03:49:42Z
2026-08-03T03:49:03Z,2026-08-03T05:49:03+0200,d815d4ad-795d-45eb-9ad8-9d704f7a3f43,2026-07-19T03:00:00Z,2026-07-19T05:00:00+0200,170.57,EUR/MWh,BE,BE,imbalance_price,Long,2026-08-03T03:49:42Z
2026-08-03T03:49:03Z,2026-08-03T05:49:03+0200,d815d4ad-795d-45eb-9ad8-9d704f7a3f43,2026-07-19T03:00:00Z,2026-07-19T05:00:00+0200,170.57,EUR/MWh,BE,BE,imbalance_price,Short,2026-08-03T03:49:42Z
2026-08-03T03:49:03Z,2026-08-03T05:49:03+0200,d815d4ad-795d-45eb-9ad8-9d704f7a3f43,2026-07-19T03:15:00Z,2026-07-19T05:15:00+0200,217.39,EUR/MWh,BE,BE,imbalance_price,Long,2026-08-03T03:49:42Z
2026-08-03T03:49:03Z,2026-08-03T05:49:03+0200,d815d4ad-795d-45eb-9ad8-9d704f7a3f43,2026-07-19T03:15:00Z,2026-07-19T05:15:00+0200,217.39,EUR/MWh,BE,BE,imbalance_price,Short,2026-08-03T03:49:42Z
2026-08-03T03:49:03Z,2026-08-03T05:49:03+0200,d815d4ad-795d-45eb-9ad8-9d704f7a3f43,2026-07-19T03:30:00Z,2026-07-19T05:30:00+0200,108.52,EUR/MWh,BE,BE,imbalance_price,Long,2026-08-03T03:49:42Z
2026-08-03T03:49:03Z,2026-08-03T05:49:03+0200,d815d4ad-795d-45eb-9ad8-9d704f7a3f43,2026-07-19T03:30:00Z,2026-07-19T05:30:00+0200,108.52,EUR/MWh,BE,BE,imbalance_price,Short,2026-08-03T03:49:42Z
2026-08-03T03:49:03Z,2026-08-03T05:49:03+0200,d815d4ad-795d-45eb-9ad8-9d704f7a3f43,2026-07-19T03:45:00Z,2026-07-19T05:45:00+0200,86.45,EUR/MWh,BE,BE,imbalance_price,Long,2026-08-03T03:49:42Z
2026-08-03T03:49:03Z,2026-08-03T05:49:03+0200,d815d4ad-795d-45eb-9ad8-9d704f7a3f43,2026-07-19T03:45:00Z,2026-07-19T05:45:00+0200,86.45,EUR/MWh,BE,BE,imbalance_price,Short,2026-08-03T03:49:42Z
2026-08-03T03:49:03Z,2026-08-03T05:49:03+0200,d815d4ad-795d-45eb-9ad8-9d704f7a3f43,2026-07-19T04:00:00Z,2026-07-19T06:00:00+0200,65.58,EUR/MWh,BE,BE,imbalance_price,Long,2026-08-03T03:49:42Z
2026-08-03T03:49:03Z,2026-08-03T05:49:03+0200,d815d4ad-795d-45eb-9ad8-9d704f7a3f43,2026-07-19T04:00:00Z,2026-07-19T06:00:00+0200,65.58,EUR/MWh,BE,BE,imbalance_price,Short,2026-08-03T03:49:42Z
2026-08-03T03:49:03Z,2026-08-03T05:49:03+0200,d815d4ad-795d-45eb-9ad8-9d704f7a3f43,2026-07-19T04:15:00Z,2026-07-19T06:15:00+0200,14.33,EUR/MWh,BE,BE,imbalance_price,Long,2026-08-03T03:49:42Z
2026-08-03T03:49:03Z,2026-08-03T05:49:03+0200,d815d4ad-795d-45eb-9ad8-9d704f7a3f43,2026-07-19T04:15:00Z,2026-07-19T06:15:00+0200,14.33,EUR/MWh,BE,BE,imbalance_price,Short,2026-08-03T03:49:42Z
2026-08-03T03:49:03Z,2026-08-03T05:49:03+0200,d815d4ad-795d-45eb-9ad8-9d704f7a3f43,2026-07-19T04:30:00Z,2026-07-19T06:30:00+0200,10.36,EUR/MWh,BE,BE,imbalance_price,Long,2026-08-03T03:49:42Z
2026-08-03T03:49:03Z,2026-08-03T05:49:03+0200,d815d4ad-795d-45eb-9ad8-9d704f7a3f43,2026-07-19T04:30:00Z,2026-07-19T06:30:00+0200,10.36,EUR/MWh,BE,BE,imbalance_price,Short,2026-08-03T03:49:42Z
2026-08-03T03:49:03Z,2026-08-03T05:49:03+0200,d815d4ad-795d-45eb-9ad8-9d704f7a3f43,2026-07-19T04:45:00Z,2026-07-19T06:45:00+0200,11.43,EUR/MWh,BE,BE,imbalance_price,Long,2026-08-03T03:49:42Z
2026-08-03T03:49:03Z,2026-08-03T05:49:03+0200,d815d4ad-795d-45eb-9ad8-9d704f7a3f43,2026-07-19T04:45:00Z,2026-07-19T06:45:00+0200,11.43,EUR/MWh,BE,BE,imbalance_price,Short,2026-08-03T03:49:42Z
2026-08-03T03:49:03Z,2026-08-03T05:49:03+0200,d815d4ad-795d-45eb-9ad8-9d704f7a3f43,2026-07-19T05:00:00Z,2026-07-19T07:00:00+0200,28.18,EUR/MWh,BE,BE,imbalance_price,Long,2026-08-03T03:49:42Z
2026-08-03T03:49:03Z,2026-08-03T05:49:03+0200,d815d4ad-795d-45eb-9ad8-9d704f7a3f43,2026-07-19T05:00:00Z,2026-07-19T07:00:00+0200,28.18,EUR/MWh,BE,BE,imbalance_price,Short,2026-08-03T03:49:42Z
2026-08-03T03:49:03Z,2026-08-03T05:49:03+0200,d815d4ad-795d-45eb-9ad8-9d704f7a3f43,2026-07-19T05:15:00Z,2026-07-19T07:15:00+0200,16.39,EUR/MWh,BE,BE,imbalance_price,Long,2026-08-03T03:49:42Z
2026-08-03T03:49:03Z,2026-08-03T05:49:03+0200,d815d4ad-795d-45eb-9ad8-9d704f7a3f43,2026-07-19T05:15:00Z,2026-07-19T07:15:00+0200,16.39,EUR/MWh,BE,BE,imbalance_price,Short,2026-08-03T03:49:42Z
2026-08-03T03:49:03Z,2026-08-03T05:49:03+0200,d815d4ad-795d-45eb-9ad8-9d704f7a3f43,2026-07-19T05:30:00Z,2026-07-19T07:30:00+0200,8.7,EUR/MWh,BE,BE,imbalance_price,Long,2026-08-03T03:49:42Z
2026-08-03T03:49:03Z,2026-08-03T05:49:03+0200,d815d4ad-795d-45eb-9ad8-9d704f7a3f43,2026-07-19T05:30:00Z,2026-07-19T07:30:00+0200,8.7,EUR/MWh,BE,BE,imbalance_price,Short,2026-08-03T03:49:42Z
2026-08-03T03:49:03Z,2026-08-03T05:49:03+0200,d815d4ad-795d-45eb-9ad8-9d704f7a3f43,2026-07-19T05:45:00Z,2026-07-19T07:45:00+0200,-10.96,EUR/MWh,BE,BE,imbalance_price,Long,2026-08-03T03:49:42Z
2026-08-03T03:49:03Z,2026-08-03T05:49:03+0200,d815d4ad-795d-45eb-9ad8-9d704f7a3f43,2026-07-19T05:45:00Z,2026-07-19T07:45:00+0200,-10.96,EUR/MWh,BE,BE,imbalance_price,Short,2026-08-03T03:49:42Z
2026-08-03T03:49:03Z,2026-08-03T05:49:03+0200,d815d4ad-795d-45eb-9ad8-9d704f7a3f43,2026-07-19T06:00:00Z,2026-07-19T08:00:00+0200,31.97,EUR/MWh,BE,BE,imbalance_price,Long,2026-08-03T03:49:42Z
2026-08-03T03:49:03Z,2026-08-03T05:49:03+0200,d815d4ad-795d-45eb-9ad8-9d704f7a3f43,2026-07-19T06:00:00Z,2026-07-19T08:00:00+0200,31.97,EUR/MWh,BE,BE,imbalance_price,Short,2026-08-03T03:49:42Z
2026-08-03T03:49:03Z,2026-08-03T05:49:03+0200,d815d4ad-795d-45eb-9ad8-9d704f7a3f43,2026-07-19T06:15:00Z,2026-07-19T08:15:00+0200,56.3,EUR/MWh,BE,BE,imbalance_price,Long,2026-08-03T03:49:42Z
2026-08-03T03:49:03Z,2026-08-03T05:49:03+0200,d815d4ad-795d-45eb-9ad8-9d704f7a3f43,2026-07-19T06:15:00Z,2026-07-19T08:15:00+0200,56.3,EUR/MWh,BE,BE,imbalance_price,Short,2026-08-03T03:49:42Z
2026-08-03T03:49:03Z,2026-08-03T05:49:03+0200,d815d4ad-795d-45eb-9ad8-9d704f7a3f43,2026-07-19T06:30:00Z,2026-07-19T08:30:00+0200,40.36,EUR/MWh,BE,BE,imbalance_price,Long,2026-08-03T03:49:42Z
2026-08-03T03:49:03Z,2026-08-03T05:49:03+0200,d815d4ad-795d-45eb-9ad8-9d704f7a3f43,2026-07-19T06:30:00Z,2026-07-19T08:30:00+0200,40.36,EUR/MWh,BE,BE,imbalance_price,Short,2026-08-03T03:49:42Z
2026-08-03T03:49:03Z,2026-08-03T05:49:03+0200,d815d4ad-795d-45eb-9ad8-9d704f7a3f43,2026-07-19T06:45:00Z,2026-07-19T08:45:00+0200,25.0,EUR/MWh,BE,BE,imbalance_price,Long,2026-08-03T03:49:42Z
2026-08-03T03:49:03Z,2026-08-03T05:49:03+0200,d815d4ad-795d-45eb-9ad8-9d704f7a3f43,2026-07-19T06:45:00Z,2026-07-19T08:45:00+0200,25.0,EUR/MWh,BE,BE,imbalance_price,Short,2026-08-03T03:49:42Z
2026-08-03T03:49:03Z,2026-08-03T05:49:03+0200,d815d4ad-795d-45eb-9ad8-9d704f7a3f43,2026-07-19T07:00:00Z,2026-07-19T09:00:00+0200,50.0,EUR/MWh,BE,BE,imbalance_price,Long,2026-08-03T03:49:42Z
2026-08-03T03:49:03Z,2026-08-03T05:49:03+0200,d815d4ad-795d-45eb-9ad8-9d704f7a3f43,2026-07-19T07:00:00Z,2026-07-19T09:00:00+0200,50.0,EUR/MWh,BE,BE,imbalance_price,Short,2026-08-03T03:49:42Z
2026-08-03T03:49:03Z,2026-08-03T05:49:03+0200,d815d4ad-795d-45eb-9ad8-9d704f7a3f43,2026-07-19T07:15:00Z,2026-07-19T09:15:00+0200,28.33,EUR/MWh,BE,BE,imbalance_price,Long,2026-08-03T03:49:42Z
2026-08-03T03:49:03Z,2026-08-03T05:49:03+0200,d815d4ad-795d-45eb-9ad8-9d704f7a3f43,2026-07-19T07:15:00Z,2026-07-19T09:15:00+0200,28.33,EUR/MWh,BE,BE,imbalance_price,Short,2026-08-03T03:49:42Z
2026-08-03T03:49:03Z,2026-08-03T05:49:03+0200,d815d4ad-795d-45eb-9ad8-9d704f7a3f43,2026-07-19T07:30:00Z,2026-07-19T09:30:00+0200,50.0,EUR/MWh,BE,BE,imbalance_price,Long,2026-08-03T03:49:42Z
2026-08-03T03:49:03Z,2026-08-03T05:49:03+0200,d815d4ad-795d-45eb-9ad8-9d704f7a3f43,2026-07-19T07:30:00Z,2026-07-19T09:30:00+0200,50.0,EUR/MWh,BE,BE,imbalance_price,Short,2026-08-03T03:49:42Z
2026-08-03T03:49:03Z,2026-08-03T05:49:03+0200,d815d4ad-795d-45eb-9ad8-9d704f7a3f43,2026-07-19T07:45:00Z,2026-07-19T09:45:00+0200,24.94,EUR/MWh,BE,BE,imbalance_price,Long,2026-08-03T03:49:42Z
2026-08-03T03:49:03Z,2026-08-03T05:49:03+0200,d815d4ad-795d-45eb-9ad8-9d704f7a3f43,2026-07-19T07:45:00Z,2026-07-19T09:45:00+0200,24.94,EUR/MWh,BE,BE,imbalance_price,Short,2026-08-03T03:49:42Z
2026-08-03T03:49:03Z,2026-08-03T05:49:03+0200,d815d4ad-795d-45eb-9ad8-9d704f7a3f43,2026-07-19T08:00:00Z,2026-07-19T10:00:00+0200,10.39,EUR/MWh,BE,BE,imbalance_price,Long,2026-08-03T03:49:42Z
2026-08-03T03:49:03Z,2026-08-03T05:49:03+0200,d815d4ad-795d-45eb-9ad8-9d704f7a3f43,2026-07-19T08:00:00Z,2026-07-19T10:00:00+0200,10.39,EUR/MWh,BE,BE,imbalance_price,Short,2026-08-03T03:49:42Z
2026-08-03T03:49:03Z,2026-08-03T05:49:03+0200,d815d4ad-795d-45eb-9ad8-9d704f7a3f43,2026-07-19T08:15:00Z,2026-07-19T10:15:00+0200,27.12,EUR/MWh,BE,BE,imbalance_price,Long,2026-08-03T03:49:42Z
2026-08-03T03:49:03Z,2026-08-03T05:49:03+0200,d815d4ad-795d-45eb-9ad8-9d704f7a3f43,2026-07-19T08:15:00Z,2026-07-19T10:15:00+0200,27.12,EUR/MWh,BE,BE,imbalance_price,Short,2026-08-03T03:49:42Z
2026-08-03T03:49:03Z,2026-08-03T05:49:03+0200,d815d4ad-795d-45eb-9ad8-9d704f7a3f43,2026-07-19T08:30:00Z,2026-07-19T10:30:00+0200,11.26,EUR/MWh,BE,BE,imbalance_price,Long,2026-08-03T03:49:42Z
2026-08-03T03:49:03Z,2026-08-03T05:49:03+0200,d815d4ad-795d-45eb-9ad8-9d704f7a3f43,2026-07-19T08:30:00Z,2026-07-19T10:30:00+0200,11.26,EUR/MWh,BE,BE,imbalance_price,Short,2026-08-03T03:49:42Z
2026-08-03T03:49:03Z,2026-08-03T05:49:03+0200,d815d4ad-795d-45eb-9ad8-9d704f7a3f43,2026-07-19T08:45:00Z,2026-07-19T10:45:00+0200,27.0,EUR/MWh,BE,BE,imbalance_price,Long,2026-08-03T03:49:42Z
2026-08-03T03:49:03Z,2026-08-03T05:49:03+0200,d815d4ad-795d-45eb-9ad8-9d704f7a3f43,2026-07-19T08:45:00Z,2026-07-19T10:45:00+0200,27.0,EUR/MWh,BE,BE,imbalance_price,Short,2026-08-03T03:49:42Z
2026-08-03T03:49:03Z,2026-08-03T05:49:03+0200,d815d4ad-795d-45eb-9ad8-9d704f7a3f43,2026-07-19T09:00:00Z,2026-07-19T11:00:00+0200,-1.0,EUR/MWh,BE,BE,imbalance_price,Long,2026-08-03T03:49:42Z
2026-08-03T03:49:03Z,2026-08-03T05:49:03+0200,d815d4ad-795d-45eb-9ad8-9d704f7a3f43,2026-07-19T09:00:00Z,2026-07-19T11:00:00+0200,-1.0,EUR/MWh,BE,BE,imbalance_price,Short,2026-08-03T03:49:42Z
2026-08-03T03:49:03Z,2026-08-03T05:49:03+0200,d815d4ad-795d-45eb-9ad8-9d704f7a3f43,2026-07-19T09:15:00Z,2026-07-19T11:15:00+0200,8.5,EUR/MWh,BE,BE,imbalance_price,Long,2026-08-03T03:49:42Z
2026-08-03T03:49:03Z,2026-08-03T05:49:03+0200,d815d4ad-795d-45eb-9ad8-9d704f7a3f43,2026-07-19T09:15:00Z,2026-07-19T11:15:00+0200,8.5,EUR/MWh,BE,BE,imbalance_price,Short,2026-08-03T03:49:42Z
2026-08-03T03:49:03Z,2026-08-03T05:49:03+0200,d815d4ad-795d-45eb-9ad8-9d704f7a3f43,2026-07-19T09:30:00Z,2026-07-19T11:30:00+0200,1.12,EUR/MWh,BE,BE,imbalance_price,Long,2026-08-03T03:49:42Z
2026-08-03T03:49:03Z,2026-08-03T05:49:03+0200,d815d4ad-795d-45eb-9ad8-9d704f7a3f43,2026-07-19T09:30:00Z,2026-07-19T11:30:00+0200,1.12,EUR/MWh,BE,BE,imbalance_price,Short,2026-08-03T03:49:42Z
2026-08-03T03:49:03Z,2026-08-03T05:49:03+0200,d815d4ad-795d-45eb-9ad8-9d704f7a3f43,2026-07-19T09:45:00Z,2026-07-19T11:45:00+0200,-0.43,EUR/MWh,BE,BE,imbalance_price,Long,2026-08-03T03:49:42Z
2026-08-03T03:49:03Z,2026-08-03T05:49:03+0200,d815d4ad-795d-45eb-9ad8-9d704f7a3f43,2026-07-19T09:45:00Z,2026-07-19T11:45:00+0200,-0.43,EUR/MWh,BE,BE,imbalance_price,Short,2026-08-03T03:49:42Z
2026-08-03T03:49:03Z,2026-08-03T05:49:03+0200,d815d4ad-795d-45eb-9ad8-9d704f7a3f43,2026-07-19T10:00:00Z,2026-07-19T12:00:00+0200,0.46,EUR/MWh,BE,BE,imbalance_price,Long,2026-08-03T03:49:42Z
2026-08-03T03:49:03Z,2026-08-03T05:49:03+0200,d815d4ad-795d-45eb-9ad8-9d704f7a3f43,2026-07-19T10:00:00Z,2026-07-19T12:00:00+0200,0.46,EUR/MWh,BE,BE,imbalance_price,Short,2026-08-03T03:49:42Z
2026-08-03T03:49:03Z,2026-08-03T05:49:03+0200,d815d4ad-795d-45eb-9ad8-9d704f7a3f43,2026-07-19T10:15:00Z,2026-07-19T12:15:00+0200,18.0,EUR/MWh,BE,BE,imbalance_price,Long,2026-08-03T03:49:42Z
2026-08-03T03:49:03Z,2026-08-03T05:49:03+0200,d815d4ad-795d-45eb-9ad8-9d704f7a3f43,2026-07-19T10:15:00Z,2026-07-19T12:15:00+0200,18.0,EUR/MWh,BE,BE,imbalance_price,Short,2026-08-03T03:49:42Z
2026-08-03T03:49:03Z,2026-08-03T05:49:03+0200,d815d4ad-795d-45eb-9ad8-9d704f7a3f43,2026-07-19T10:30:00Z,2026-07-19T12:30:00+0200,-2.81,EUR/MWh,BE,BE,imbalance_price,Long,2026-08-03T03:49:42Z
2026-08-03T03:49:03Z,2026-08-03T05:49:03+0200,d815d4ad-795d-45eb-9ad8-9d704f7a3f43,2026-07-19T10:30:00Z,2026-07-19T12:30:00+0200,-2.81,EUR/MWh,BE,BE,imbalance_price,Short,2026-08-03T03:49:42Z
2026-08-03T03:49:03Z,2026-08-03T05:49:03+0200,d815d4ad-795d-45eb-9ad8-9d704f7a3f43,2026-07-19T10:45:00Z,2026-07-19T12:45:00+0200,8.5,EUR/MWh,BE,BE,imbalance_price,Long,2026-08-03T03:49:42Z
2026-08-03T03:49:03Z,2026-08-03T05:49:03+0200,d815d4ad-795d-45eb-9ad8-9d704f7a3f43,2026-07-19T10:45:00Z,2026-07-19T12:45:00+0200,8.5,EUR/MWh,BE,BE,imbalance_price,Short,2026-08-03T03:49:42Z
2026-08-03T03:49:03Z,2026-08-03T05:49:03+0200,d815d4ad-795d-45eb-9ad8-9d704f7a3f43,2026-07-19T11:00:00Z,2026-07-19T13:00:00+0200,10.31,EUR/MWh,BE,BE,imbalance_price,Long,2026-08-03T03:49:42Z
2026-08-03T03:49:03Z,2026-08-03T05:49:03+0200,d815d4ad-795d-45eb-9ad8-9d704f7a3f43,2026-07-19T11:00:00Z,2026-07-19T13:00:00+0200,10.31,EUR/MWh,BE,BE,imbalance_price,Short,2026-08-03T03:49:42Z
2026-08-03T03:49:03Z,2026-08-03T05:49:03+0200,d815d4ad-795d-45eb-9ad8-9d704f7a3f43,2026-07-19T11:15:00Z,2026-07-19T13:15:00+0200,19.0,EUR/MWh,BE,BE,imbalance_price,Long,2026-08-03T03:49:42Z
2026-08-03T03:49:03Z,2026-08-03T05:49:03+0200,d815d4ad-795d-45eb-9ad8-9d704f7a3f43,2026-07-19T11:15:00Z,2026-07-19T13:15:00+0200,19.0,EUR/MWh,BE,BE,imbalance_price,Short,2026-08-03T03:49:42Z
2026-08-03T03:49:03Z,2026-08-03T05:49:03+0200,d815d4ad-795d-45eb-9ad8-9d704f7a3f43,2026-07-19T11:30:00Z,2026-07-19T13:30:00+0200,-1.14,EUR/MWh,BE,BE,imbalance_price,Long,2026-08-03T03:49:42Z
2026-08-03T03:49:03Z,2026-08-03T05:49:03+0200,d815d4ad-795d-45eb-9ad8-9d704f7a3f43,2026-07-19T11:30:00Z,2026-07-19T13:30:00+0200,-1.14,EUR/MWh,BE,BE,imbalance_price,Short,2026-08-03T03:49:42Z
2026-08-03T03:49:03Z,2026-08-03T05:49:03+0200,d815d4ad-795d-45eb-9ad8-9d704f7a3f43,2026-07-19T11:45:00Z,2026-07-19T13:45:00+0200,-12.17,EUR/MWh,BE,BE,imbalance_price,Long,2026-08-03T03:49:42Z
2026-08-03T03:49:03Z,2026-08-03T05:49:03+0200,d815d4ad-795d-45eb-9ad8-9d704f7a3f43,2026-07-19T11:45:00Z,2026-07-19T13:45:00+0200,-12.17,EUR/MWh,BE,BE,imbalance_price,Short,2026-08-03T03:49:42Z
2026-08-03T03:49:03Z,2026-08-03T05:49:03+0200,d815d4ad-795d-45eb-9ad8-9d704f7a3f43,2026-07-19T12:00:00Z,2026-07-19T14:00:00+0200,-2.05,EUR/MWh,BE,BE,imbalance_price,Long,2026-08-03T03:49:42Z
2026-08-03T03:49:03Z,2026-08-03T05:49:03+0200,d815d4ad-795d-45eb-9ad8-9d704f7a3f43,2026-07-19T12:00:00Z,2026-07-19T14:00:00+0200,-2.05,EUR/MWh,BE,BE,imbalance_price,Short,2026-08-03T03:49:42Z
2026-08-03T03:49:03Z,2026-08-03T05:49:03+0200,d815d4ad-795d-45eb-9ad8-9d704f7a3f43,2026-07-19T12:15:00Z,2026-07-19T14:15:00+0200,-21.09,EUR/MWh,BE,BE,imbalance_price,Long,2026-08-03T03:49:42Z
2026-08-03T03:49:03Z,2026-08-03T05:49:03+0200,d815d4ad-795d-45eb-9ad8-9d704f7a3f43,2026-07-19T12:15:00Z,2026-07-19T14:15:00+0200,-21.09,EUR/MWh,BE,BE,imbalance_price,Short,2026-08-03T03:49:42Z
2026-08-03T03:49:03Z,2026-08-03T05:49:03+0200,d815d4ad-795d-45eb-9ad8-9d704f7a3f43,2026-07-19T12:30:00Z,2026-07-19T14:30:00+0200,-30.87,EUR/MWh,BE,BE,imbalance_price,Long,2026-08-03T03:49:42Z
2026-08-03T03:49:03Z,2026-08-03T05:49:03+0200,d815d4ad-795d-45eb-9ad8-9d704f7a3f43,2026-07-19T12:30:00Z,2026-07-19T14:30:00+0200,-30.87,EUR/MWh,BE,BE,imbalance_price,Short,2026-08-03T03:49:42Z
2026-08-03T03:49:03Z,2026-08-03T05:49:03+0200,d815d4ad-795d-45eb-9ad8-9d704f7a3f43,2026-07-19T12:45:00Z,2026-07-19T14:45:00+0200,-27.99,EUR/MWh,BE,BE,imbalance_price,Long,2026-08-03T03:49:42Z
2026-08-03T03:49:03Z,2026-08-03T05:49:03+0200,d815d4ad-795d-45eb-9ad8-9d704f7a3f43,2026-07-19T12:45:00Z,2026-07-19T14:45:00+0200,-27.99,EUR/MWh,BE,BE,imbalance_price,Short,2026-08-03T03:49:42Z
2026-08-03T03:49:03Z,2026-08-03T05:49:03+0200,d815d4ad-795d-45eb-9ad8-9d704f7a3f43,2026-07-19T13:00:00Z,2026-07-19T15:00:00+0200,-7.31,EUR/MWh,BE,BE,imbalance_price,Long,2026-08-03T03:49:42Z
2026-08-03T03:49:03Z,2026-08-03T05:49:03+0200,d815d4ad-795d-45eb-9ad8-9d704f7a3f43,2026-07-19T13:00:00Z,2026-07-19T15:00:00+0200,-7.31,EUR/MWh,BE,BE,imbalance_price,Short,2026-08-03T03:49:42Z
2026-08-03T03:49:03Z,2026-08-03T05:49:03+0200,d815d4ad-795d-45eb-9ad8-9d704f7a3f43,2026-07-19T13:15:00Z,2026-07-19T15:15:00+0200,-35.19,EUR/MWh,BE,BE,imbalance_price,Long,2026-08-03T03:49:42Z
2026-08-03T03:49:03Z,2026-08-03T05:49:03+0200,d815d4ad-795d-45eb-9ad8-9d704f7a3f43,2026-07-19T13:15:00Z,2026-07-19T15:15:00+0200,-35.19,EUR/MWh,BE,BE,imbalance_price,Short,2026-08-03T03:49:42Z
2026-08-03T03:49:03Z,2026-08-03T05:49:03+0200,d815d4ad-795d-45eb-9ad8-9d704f7a3f43,2026-07-19T13:30:00Z,2026-07-19T15:30:00+0200,-7.29,EUR/MWh,BE,BE,imbalance_price,Long,2026-08-03T03:49:42Z
2026-08-03T03:49:03Z,2026-08-03T05:49:03+0200,d815d4ad-795d-45eb-9ad8-9d704f7a3f43,2026-07-19T13:30:00Z,2026-07-19T15:30:00+0200,-7.29,EUR/MWh,BE,BE,imbalance_price,Short,2026-08-03T03:49:42Z
2026-08-03T03:49:03Z,2026-08-03T05:49:03+0200,d815d4ad-795d-45eb-9ad8-9d704f7a3f43,2026-07-19T13:45:00Z,2026-07-19T15:45:00+0200,-1.01,EUR/MWh,BE,BE,imbalance_price,Long,2026-08-03T03:49:42Z
2026-08-03T03:49:03Z,2026-08-03T05:49:03+0200,d815d4ad-795d-45eb-9ad8-9d704f7a3f43,2026-07-19T13:45:00Z,2026-07-19T15:45:00+0200,-1.01,EUR/MWh,BE,BE,imbalance_price,Short,2026-08-03T03:49:42Z
2026-08-03T03:49:03Z,2026-08-03T05:49:03+0200,d815d4ad-795d-45eb-9ad8-9d704f7a3f43,2026-07-19T14:00:00Z,2026-07-19T16:00:00+0200,-23.29,EUR/MWh,BE,BE,imbalance_price,Long,2026-08-03T03:49:42Z
2026-08-03T03:49:03Z,2026-08-03T05:49:03+0200,d815d4ad-795d-45eb-9ad8-9d704f7a3f43,2026-07-19T14:00:00Z,2026-07-19T16:00:00+0200,-23.29,EUR/MWh,BE,BE,imbalance_price,Short,2026-08-03T03:49:42Z
2026-08-03T03:49:03Z,2026-08-03T05:49:03+0200,d815d4ad-795d-45eb-9ad8-9d704f7a3f43,2026-07-19T14:15:00Z,2026-07-19T16:15:00+0200,20.5,EUR/MWh,BE,BE,imbalance_price,Long,2026-08-03T03:49:42Z
2026-08-03T03:49:03Z,2026-08-03T05:49:03+0200,d815d4ad-795d-45eb-9ad8-9d704f7a3f43,2026-07-19T14:15:00Z,2026-07-19T16:15:00+0200,20.5,EUR/MWh,BE,BE,imbalance_price,Short,2026-08-03T03:49:42Z
2026-08-03T03:49:03Z,2026-08-03T05:49:03+0200,d815d4ad-795d-45eb-9ad8-9d704f7a3f43,2026-07-19T14:30:00Z,2026-07-19T16:30:00+0200,4.07,EUR/MWh,BE,BE,imbalance_price,Long,2026-08-03T03:49:42Z
2026-08-03T03:49:03Z,2026-08-03T05:49:03+0200,d815d4ad-795d-45eb-9ad8-9d704f7a3f43,2026-07-19T14:30:00Z,2026-07-19T16:30:00+0200,4.07,EUR/MWh,BE,BE,imbalance_price,Short,2026-08-03T03:49:42Z
2026-08-03T03:49:03Z,2026-08-03T05:49:03+0200,d815d4ad-795d-45eb-9ad8-9d704f7a3f43,2026-07-19T14:45:00Z,2026-07-19T16:45:00+0200,0.98,EUR/MWh,BE,BE,imbalance_price,Long,2026-08-03T03:49:42Z
2026-08-03T03:49:03Z,2026-08-03T05:49:03+0200,d815d4ad-795d-45eb-9ad8-9d704f7a3f43,2026-07-19T14:45:00Z,2026-07-19T16:45:00+0200,0.98,EUR/MWh,BE,BE,imbalance_price,Short,2026-08-03T03:49:42Z
2026-08-03T03:49:03Z,2026-08-03T05:49:03+0200,d815d4ad-795d-45eb-9ad8-9d704f7a3f43,2026-07-19T15:00:00Z,2026-07-19T17:00:00+0200,45.0,EUR/MWh,BE,BE,imbalance_price,Long,2026-08-03T03:49:42Z
2026-08-03T03:49:03Z,2026-08-03T05:49:03+0200,d815d4ad-795d-45eb-9ad8-9d704f7a3f43,2026-07-19T15:00:00Z,2026-07-19T17:00:00+0200,45.0,EUR/MWh,BE,BE,imbalance_price,Short,2026-08-03T03:49:42Z
2026-08-03T03:49:03Z,2026-08-03T05:49:03+0200,d815d4ad-795d-45eb-9ad8-9d704f7a3f43,2026-07-19T15:15:00Z,2026-07-19T17:15:00+0200,-0.19,EUR/MWh,BE,BE,imbalance_price,Long,2026-08-03T03:49:42Z
2026-08-03T03:49:03Z,2026-08-03T05:49:03+0200,d815d4ad-795d-45eb-9ad8-9d704f7a3f43,2026-07-19T15:15:00Z,2026-07-19T17:15:00+0200,-0.19,EUR/MWh,BE,BE,imbalance_price,Short,2026-08-03T03:49:42Z
2026-08-03T03:49:03Z,2026-08-03T05:49:03+0200,d815d4ad-795d-45eb-9ad8-9d704f7a3f43,2026-07-19T15:30:00Z,2026-07-19T17:30:00+0200,-21.8,EUR/MWh,BE,BE,imbalance_price,Long,2026-08-03T03:49:42Z
2026-08-03T03:49:03Z,2026-08-03T05:49:03+0200,d815d4ad-795d-45eb-9ad8-9d704f7a3f43,2026-07-19T15:30:00Z,2026-07-19T17:30:00+0200,-21.8,EUR/MWh,BE,BE,imbalance_price,Short,2026-08-03T03:49:42Z
2026-08-03T03:49:03Z,2026-08-03T05:49:03+0200,d815d4ad-795d-45eb-9ad8-9d704f7a3f43,2026-07-19T15:45:00Z,2026-07-19T17:45:00+0200,0.74,EUR/MWh,BE,BE,imbalance_price,Long,2026-08-03T03:49:42Z
2026-08-03T03:49:03Z,2026-08-03T05:49:03+0200,d815d4ad-795d-45eb-9ad8-9d704f7a3f43,2026-07-19T15:45:00Z,2026-07-19T17:45:00+0200,0.74,EUR/MWh,BE,BE,imbalance_price,Short,2026-08-03T03:49:42Z
2026-08-03T03:49:03Z,2026-08-03T05:49:03+0200,d815d4ad-795d-45eb-9ad8-9d704f7a3f43,2026-07-19T16:00:00Z,2026-07-19T18:00:00+0200,-14.74,EUR/MWh,BE,BE,imbalance_price,Long,2026-08-03T03:49:42Z
2026-08-03T03:49:03Z,2026-08-03T05:49:03+0200,d815d4ad-795d-45eb-9ad8-9d704f7a3f43,2026-07-19T16:00:00Z,2026-07-19T18:00:00+0200,-14.74,EUR/MWh,BE,BE,imbalance_price,Short,2026-08-03T03:49:42Z
2026-08-03T03:49:03Z,2026-08-03T05:49:03+0200,d815d4ad-795d-45eb-9ad8-9d704f7a3f43,2026-07-19T16:15:00Z,2026-07-19T18:15:00+0200,99.21,EUR/MWh,BE,BE,imbalance_price,Long,2026-08-03T03:49:42Z
2026-08-03T03:49:03Z,2026-08-03T05:49:03+0200,d815d4ad-795d-45eb-9ad8-9d704f7a3f43,2026-07-19T16:15:00Z,2026-07-19T18:15:00+0200,99.21,EUR/MWh,BE,BE,imbalance_price,Short,2026-08-03T03:49:42Z
2026-08-03T03:49:03Z,2026-08-03T05:49:03+0200,d815d4ad-795d-45eb-9ad8-9d704f7a3f43,2026-07-19T16:30:00Z,2026-07-19T18:30:00+0200,-21.71,EUR/MWh,BE,BE,imbalance_price,Long,2026-08-03T03:49:42Z
2026-08-03T03:49:03Z,2026-08-03T05:49:03+0200,d815d4ad-795d-45eb-9ad8-9d704f7a3f43,2026-07-19T16:30:00Z,2026-07-19T18:30:00+0200,-21.71,EUR/MWh,BE,BE,imbalance_price,Short,2026-08-03T03:49:42Z
2026-08-03T03:49:03Z,2026-08-03T05:49:03+0200,d815d4ad-795d-45eb-9ad8-9d704f7a3f43,2026-07-19T16:45:00Z,2026-07-19T18:45:00+0200,41.58,EUR/MWh,BE,BE,imbalance_price,Long,2026-08-03T03:49:42Z
2026-08-03T03:49:03Z,2026-08-03T05:49:03+0200,d815d4ad-795d-45eb-9ad8-9d704f7a3f43,2026-07-19T16:45:00Z,2026-07-19T18:45:00+0200,41.58,EUR/MWh,BE,BE,imbalance_price,Short,2026-08-03T03:49:42Z
2026-08-03T03:49:03Z,2026-08-03T05:49:03+0200,d815d4ad-795d-45eb-9ad8-9d704f7a3f43,2026-07-19T17:00:00Z,2026-07-19T19:00:00+0200,99.21,EUR/MWh,BE,BE,imbalance_price,Long,2026-08-03T03:49:42Z
2026-08-03T03:49:03Z,2026-08-03T05:49:03+0200,d815d4ad-795d-45eb-9ad8-9d704f7a3f43,2026-07-19T17:00:00Z,2026-07-19T19:00:00+0200,99.21,EUR/MWh,BE,BE,imbalance_price,Short,2026-08-03T03:49:42Z
2026-08-03T03:49:03Z,2026-08-03T05:49:03+0200,d815d4ad-795d-45eb-9ad8-9d704f7a3f43,2026-07-19T17:15:00Z,2026-07-19T19:15:00+0200,120.04,EUR/MWh,BE,BE,imbalance_price,Long,2026-08-03T03:49:42Z
2026-08-03T03:49:03Z,2026-08-03T05:49:03+0200,d815d4ad-795d-45eb-9ad8-9d704f7a3f43,2026-07-19T17:15:00Z,2026-07-19T19:15:00+0200,120.04,EUR/MWh,BE,BE,imbalance_price,Short,2026-08-03T03:49:42Z
2026-08-03T03:49:03Z,2026-08-03T05:49:03+0200,d815d4ad-795d-45eb-9ad8-9d704f7a3f43,2026-07-19T17:30:00Z,2026-07-19T19:30:00+0200,136.17,EUR/MWh,BE,BE,imbalance_price,Long,2026-08-03T03:49:42Z
2026-08-03T03:49:03Z,2026-08-03T05:49:03+0200,d815d4ad-795d-45eb-9ad8-9d704f7a3f43,2026-07-19T17:30:00Z,2026-07-19T19:30:00+0200,136.17,EUR/MWh,BE,BE,imbalance_price,Short,2026-08-03T03:49:42Z
2026-08-03T03:49:03Z,2026-08-03T05:49:03+0200,d815d4ad-795d-45eb-9ad8-9d704f7a3f43,2026-07-19T17:45:00Z,2026-07-19T19:45:00+0200,122.89,EUR/MWh,BE,BE,imbalance_price,Long,2026-08-03T03:49:42Z
2026-08-03T03:49:03Z,2026-08-03T05:49:03+0200,d815d4ad-795d-45eb-9ad8-9d704f7a3f43,2026-07-19T17:45:00Z,2026-07-19T19:45:00+0200,122.89,EUR/MWh,BE,BE,imbalance_price,Short,2026-08-03T03:49:42Z
2026-08-03T03:49:03Z,2026-08-03T05:49:03+0200,d815d4ad-795d-45eb-9ad8-9d704f7a3f43,2026-07-19T18:00:00Z,2026-07-19T20:00:00+0200,136.77,EUR/MWh,BE,BE,imbalance_price,Long,2026-08-03T03:49:42Z
2026-08-03T03:49:03Z,2026-08-03T05:49:03+0200,d815d4ad-795d-45eb-9ad8-9d704f7a3f43,2026-07-19T18:00:00Z,2026-07-19T20:00:00+0200,136.77,EUR/MWh,BE,BE,imbalance_price,Short,2026-08-03T03:49:42Z
2026-08-03T03:49:03Z,2026-08-03T05:49:03+0200,d815d4ad-795d-45eb-9ad8-9d704f7a3f43,2026-07-19T18:15:00Z,2026-07-19T20:15:00+0200,167.8,EUR/MWh,BE,BE,imbalance_price,Long,2026-08-03T03:49:42Z
2026-08-03T03:49:03Z,2026-08-03T05:49:03+0200,d815d4ad-795d-45eb-9ad8-9d704f7a3f43,2026-07-19T18:15:00Z,2026-07-19T20:15:00+0200,167.8,EUR/MWh,BE,BE,imbalance_price,Short,2026-08-03T03:49:42Z
2026-08-03T03:49:03Z,2026-08-03T05:49:03+0200,d815d4ad-795d-45eb-9ad8-9d704f7a3f43,2026-07-19T18:30:00Z,2026-07-19T20:30:00+0200,165.87,EUR/MWh,BE,BE,imbalance_price,Long,2026-08-03T03:49:42Z
2026-08-03T03:49:03Z,2026-08-03T05:49:03+0200,d815d4ad-795d-45eb-9ad8-9d704f7a3f43,2026-07-19T18:30:00Z,2026-07-19T20:30:00+0200,165.87,EUR/MWh,BE,BE,imbalance_price,Short,2026-08-03T03:49:42Z
2026-08-03T03:49:03Z,2026-08-03T05:49:03+0200,d815d4ad-795d-45eb-9ad8-9d704f7a3f43,2026-07-19T18:45:00Z,2026-07-19T20:45:00+0200,169.16,EUR/MWh,BE,BE,imbalance_price,Long,2026-08-03T03:49:42Z
2026-08-03T03:49:03Z,2026-08-03T05:49:03+0200,d815d4ad-795d-45eb-9ad8-9d704f7a3f43,2026-07-19T18:45:00Z,2026-07-19T20:45:00+0200,169.16,EUR/MWh,BE,BE,imbalance_price,Short,2026-08-03T03:49:42Z
2026-08-03T03:49:03Z,2026-08-03T05:49:03+0200,d815d4ad-795d-45eb-9ad8-9d704f7a3f43,2026-07-19T19:00:00Z,2026-07-19T21:00:00+0200,156.11,EUR/MWh,BE,BE,imbalance_price,Long,2026-08-03T03:49:42Z
2026-08-03T03:49:03Z,2026-08-03T05:49:03+0200,d815d4ad-795d-45eb-9ad8-9d704f7a3f43,2026-07-19T19:00:00Z,2026-07-19T21:00:00+0200,156.11,EUR/MWh,BE,BE,imbalance_price,Short,2026-08-03T03:49:42Z
2026-08-03T03:49:03Z,2026-08-03T05:49:03+0200,d815d4ad-795d-45eb-9ad8-9d704f7a3f43,2026-07-19T19:15:00Z,2026-07-19T21:15:00+0200,156.08,EUR/MWh,BE,BE,imbalance_price,Long,2026-08-03T03:49:42Z
2026-08-03T03:49:03Z,2026-08-03T05:49:03+0200,d815d4ad-795d-45eb-9ad8-9d704f7a3f43,2026-07-19T19:15:00Z,2026-07-19T21:15:00+0200,156.08,EUR/MWh,BE,BE,imbalance_price,Short,2026-08-03T03:49:42Z
2026-08-03T03:49:03Z,2026-08-03T05:49:03+0200,d815d4ad-795d-45eb-9ad8-9d704f7a3f43,2026-07-19T19:30:00Z,2026-07-19T21:30:00+0200,168.97,EUR/MWh,BE,BE,imbalance_price,Long,2026-08-03T03:49:42Z
2026-08-03T03:49:03Z,2026-08-03T05:49:03+0200,d815d4ad-795d-45eb-9ad8-9d704f7a3f43,2026-07-19T19:30:00Z,2026-07-19T21:30:00+0200,168.97,EUR/MWh,BE,BE,imbalance_price,Short,2026-08-03T03:49:42Z
2026-08-03T03:49:03Z,2026-08-03T05:49:03+0200,d815d4ad-795d-45eb-9ad8-9d704f7a3f43,2026-07-19T19:45:00Z,2026-07-19T21:45:00+0200,168.88,EUR/MWh,BE,BE,imbalance_price,Long,2026-08-03T03:49:42Z
2026-08-03T03:49:03Z,2026-08-03T05:49:03+0200,d815d4ad-795d-45eb-9ad8-9d704f7a3f43,2026-07-19T19:45:00Z,2026-07-19T21:45:00+0200,168.88,EUR/MWh,BE,BE,imbalance_price,Short,2026-08-03T03:49:42Z
2026-08-03T03:49:03Z,2026-08-03T05:49:03+0200,d815d4ad-795d-45eb-9ad8-9d704f7a3f43,2026-07-19T20:00:00Z,2026-07-19T22:00:00+0200,131.25,EUR/MWh,BE,BE,imbalance_price,Long,2026-08-03T03:49:42Z
2026-08-03T03:49:03Z,2026-08-03T05:49:03+0200,d815d4ad-795d-45eb-9ad8-9d704f7a3f43,2026-07-19T20:00:00Z,2026-07-19T22:00:00+0200,131.25,EUR/MWh,BE,BE,imbalance_price,Short,2026-08-03T03:49:42Z
2026-08-03T03:49:03Z,2026-08-03T05:49:03+0200,d815d4ad-795d-45eb-9ad8-9d704f7a3f43,2026-07-19T20:15:00Z,2026-07-19T22:15:00+0200,145.35,EUR/MWh,BE,BE,imbalance_price,Long,2026-08-03T03:49:42Z
2026-08-03T03:49:03Z,2026-08-03T05:49:03+0200,d815d4ad-795d-45eb-9ad8-9d704f7a3f43,2026-07-19T20:15:00Z,2026-07-19T22:15:00+0200,145.35,EUR/MWh,BE,BE,imbalance_price,Short,2026-08-03T03:49:42Z
2026-08-03T03:49:03Z,2026-08-03T05:49:03+0200,d815d4ad-795d-45eb-9ad8-9d704f7a3f43,2026-07-19T20:30:00Z,2026-07-19T22:30:00+0200,135.93,EUR/MWh,BE,BE,imbalance_price,Long,2026-08-03T03:49:42Z
2026-08-03T03:49:03Z,2026-08-03T05:49:03+0200,d815d4ad-795d-45eb-9ad8-9d704f7a3f43,2026-07-19T20:30:00Z,2026-07-19T22:30:00+0200,135.93,EUR/MWh,BE,BE,imbalance_price,Short,2026-08-03T03:49:42Z
2026-08-03T03:49:03Z,2026-08-03T05:49:03+0200,d815d4ad-795d-45eb-9ad8-9d704f7a3f43,2026-07-19T20:45:00Z,2026-07-19T22:45:00+0200,136.64,EUR/MWh,BE,BE,imbalance_price,Long,2026-08-03T03:49:42Z
2026-08-03T03:49:03Z,2026-08-03T05:49:03+0200,d815d4ad-795d-45eb-9ad8-9d704f7a3f43,2026-07-19T20:45:00Z,2026-07-19T22:45:00+0200,136.64,EUR/MWh,BE,BE,imbalance_price,Short,2026-08-03T03:49:42Z
2026-08-03T03:49:03Z,2026-08-03T05:49:03+0200,d815d4ad-795d-45eb-9ad8-9d704f7a3f43,2026-07-19T21:00:00Z,2026-07-19T23:00:00+0200,90.4,EUR/MWh,BE,BE,imbalance_price,Long,2026-08-03T03:49:42Z
2026-08-03T03:49:03Z,2026-08-03T05:49:03+0200,d815d4ad-795d-45eb-9ad8-9d704f7a3f43,2026-07-19T21:00:00Z,2026-07-19T23:00:00+0200,90.4,EUR/MWh,BE,BE,imbalance_price,Short,2026-08-03T03:49:42Z
2026-08-03T03:49:03Z,2026-08-03T05:49:03+0200,d815d4ad-795d-45eb-9ad8-9d704f7a3f43,2026-07-19T21:15:00Z,2026-07-19T23:15:00+0200,122.31,EUR/MWh,BE,BE,imbalance_price,Long,2026-08-03T03:49:42Z
2026-08-03T03:49:03Z,2026-08-03T05:49:03+0200,d815d4ad-795d-45eb-9ad8-9d704f7a3f43,2026-07-19T21:15:00Z,2026-07-19T23:15:00+0200,122.31,EUR/MWh,BE,BE,imbalance_price,Short,2026-08-03T03:49:42Z
2026-08-03T03:49:03Z,2026-08-03T05:49:03+0200,d815d4ad-795d-45eb-9ad8-9d704f7a3f43,2026-07-19T21:30:00Z,2026-07-19T23:30:00+0200,119.09,EUR/MWh,BE,BE,imbalance_price,Long,2026-08-03T03:49:42Z
2026-08-03T03:49:03Z,2026-08-03T05:49:03+0200,d815d4ad-795d-45eb-9ad8-9d704f7a3f43,2026-07-19T21:30:00Z,2026-07-19T23:30:00+0200,119.09,EUR/MWh,BE,BE,imbalance_price,Short,2026-08-03T03:49:42Z
2026-08-03T03:49:03Z,2026-08-03T05:49:03+0200,d815d4ad-795d-45eb-9ad8-9d704f7a3f43,2026-07-19T21:45:00Z,2026-07-19T23:45:00+0200,110.98,EUR/MWh,BE,BE,imbalance_price,Long,2026-08-03T03:49:42Z
2026-08-03T03:49:03Z,2026-08-03T05:49:03+0200,d815d4ad-795d-45eb-9ad8-9d704f7a3f43,2026-07-19T21:45:00Z,2026-07-19T23:45:00+0200,110.98,EUR/MWh,BE,BE,imbalance_price,Short,2026-08-03T03:49:42Z
2026-08-03T03:49:03Z,2026-08-03T05:49:03+0200,d815d4ad-795d-45eb-9ad8-9d704f7a3f43,2026-07-19T22:00:00Z,2026-07-20T00:00:00+0200,158.62,EUR/MWh,BE,BE,imbalance_price,Long,2026-08-03T03:49:42Z
2026-08-03T03:49:03Z,2026-08-03T05:49:03+0200,d815d4ad-795d-45eb-9ad8-9d704f7a3f43,2026-07-19T22:00:00Z,2026-07-20T00:00:00+0200,158.62,EUR/MWh,BE,BE,imbalance_price,Short,2026-08-03T03:49:42Z
2026-08-03T03:49:03Z,2026-08-03T05:49:03+0200,d815d4ad-795d-45eb-9ad8-9d704f7a3f43,2026-07-19T22:15:00Z,2026-07-20T00:15:00+0200,169.6,EUR/MWh,BE,BE,imbalance_price,Long,2026-08-03T03:49:42Z
2026-08-03T03:49:03Z,2026-08-03T05:49:03+0200,d815d4ad-795d-45eb-9ad8-9d704f7a3f43,2026-07-19T22:15:00Z,2026-07-20T00:15:00+0200,169.6,EUR/MWh,BE,BE,imbalance_price,Short,2026-08-03T03:49:42Z
2026-08-03T03:49:03Z,2026-08-03T05:49:03+0200,d815d4ad-795d-45eb-9ad8-9d704f7a3f43,2026-07-19T22:30:00Z,2026-07-20T00:30:00+0200,157.46,EUR/MWh,BE,BE,imbalance_price,Long,2026-08-03T03:49:42Z
2026-08-03T03:49:03Z,2026-08-03T05:49:03+0200,d815d4ad-795d-45eb-9ad8-9d704f7a3f43,2026-07-19T22:30:00Z,2026-07-20T00:30:00+0200,157.46,EUR/MWh,BE,BE,imbalance_price,Short,2026-08-03T03:49:42Z
2026-08-03T03:49:03Z,2026-08-03T05:49:03+0200,d815d4ad-795d-45eb-9ad8-9d704f7a3f43,2026-07-19T22:45:00Z,2026-07-20T00:45:00+0200,140.26,EUR/MWh,BE,BE,imbalance_price,Long,2026-08-03T03:49:42Z
2026-08-03T03:49:03Z,2026-08-03T05:49:03+0200,d815d4ad-795d-45eb-9ad8-9d704f7a3f43,2026-07-19T22:45:00Z,2026-07-20T00:45:00+0200,140.26,EUR/MWh,BE,BE,imbalance_price,Short,2026-08-03T03:49:42Z
2026-08-03T03:49:03Z,2026-08-03T05:49:03+0200,d815d4ad-795d-45eb-9ad8-9d704f7a3f43,2026-07-19T23:00:00Z,2026-07-20T01:00:00+0200,132.65,EUR/MWh,BE,BE,imbalance_price,Long,2026-08-03T03:49:42Z
2026-08-03T03:49:03Z,2026-08-03T05:49:03+0200,d815d4ad-795d-45eb-9ad8-9d704f7a3f43,2026-07-19T23:00:00Z,2026-07-20T01:00:00+0200,132.65,EUR/MWh,BE,BE,imbalance_price,Short,2026-08-03T03:49:42Z
2026-08-03T03:49:03Z,2026-08-03T05:49:03+0200,d815d4ad-795d-45eb-9ad8-9d704f7a3f43,2026-07-19T23:15:00Z,2026-07-20T01:15:00+0200,127.26,EUR/MWh,BE,BE,imbalance_price,Long,2026-08-03T03:49:42Z
2026-08-03T03:49:03Z,2026-08-03T05:49:03+0200,d815d4ad-795d-45eb-9ad8-9d704f7a3f43,2026-07-19T23:15:00Z,2026-07-20T01:15:00+0200,127.26,EUR/MWh,BE,BE,imbalance_price,Short,2026-08-03T03:49:42Z
2026-08-03T03:49:03Z,2026-08-03T05:49:03+0200,d815d4ad-795d-45eb-9ad8-9d704f7a3f43,2026-07-19T23:30:00Z,2026-07-20T01:30:00+0200,125.96,EUR/MWh,BE,BE,imbalance_price,Long,2026-08-03T03:49:42Z
2026-08-03T03:49:03Z,2026-08-03T05:49:03+0200,d815d4ad-795d-45eb-9ad8-9d704f7a3f43,2026-07-19T23:30:00Z,2026-07-20T01:30:00+0200,125.96,EUR/MWh,BE,BE,imbalance_price,Short,2026-08-03T03:49:42Z
2026-08-03T03:49:03Z,2026-08-03T05:49:03+0200,d815d4ad-795d-45eb-9ad8-9d704f7a3f43,2026-07-19T23:45:00Z,2026-07-20T01:45:00+0200,115.76,EUR/MWh,BE,BE,imbalance_price,Long,2026-08-03T03:49:42Z
2026-08-03T03:49:03Z,2026-08-03T05:49:03+0200,d815d4ad-795d-45eb-9ad8-9d704f7a3f43,2026-07-19T23:45:00Z,2026-07-20T01:45:00+0200,115.76,EUR/MWh,BE,BE,imbalance_price,Short,2026-08-03T03:49:42Z
2026-08-03T03:49:03Z,2026-08-03T05:49:03+0200,d815d4ad-795d-45eb-9ad8-9d704f7a3f43,2026-07-20T00:00:00Z,2026-07-20T02:00:00+0200,131.45,EUR/MWh,BE,BE,imbalance_price,Long,2026-08-03T03:49:42Z
2026-08-03T03:49:03Z,2026-08-03T05:49:03+0200,d815d4ad-795d-45eb-9ad8-9d704f7a3f43,2026-07-20T00:00:00Z,2026-07-20T02:00:00+0200,131.45,EUR/MWh,BE,BE,imbalance_price,Short,2026-08-03T03:49:42Z
2026-08-03T03:49:03Z,2026-08-03T05:49:03+0200,d815d4ad-795d-45eb-9ad8-9d704f7a3f43,2026-07-20T00:15:00Z,2026-07-20T02:15:00+0200,138.58,EUR/MWh,BE,BE,imbalance_price,Long,2026-08-03T03:49:42Z
2026-08-03T03:49:03Z,2026-08-03T05:49:03+0200,d815d4ad-795d-45eb-9ad8-9d704f7a3f43,2026-07-20T00:15:00Z,2026-07-20T02:15:00+0200,138.58,EUR/MWh,BE,BE,imbalance_price,Short,2026-08-03T03:49:42Z
2026-08-03T03:49:03Z,2026-08-03T05:49:03+0200,d815d4ad-795d-45eb-9ad8-9d704f7a3f43,2026-07-20T00:30:00Z,2026-07-20T02:30:00+0200,139.05,EUR/MWh,BE,BE,imbalance_price,Long,2026-08-03T03:49:42Z
2026-08-03T03:49:03Z,2026-08-03T05:49:03+0200,d815d4ad-795d-45eb-9ad8-9d704f7a3f43,2026-07-20T00:30:00Z,2026-07-20T02:30:00+0200,139.05,EUR/MWh,BE,BE,imbalance_price,Short,2026-08-03T03:49:42Z
2026-08-03T03:49:03Z,2026-08-03T05:49:03+0200,d815d4ad-795d-45eb-9ad8-9d704f7a3f43,2026-07-20T00:45:00Z,2026-07-20T02:45:00+0200,147.16,EUR/MWh,BE,BE,imbalance_price,Long,2026-08-03T03:49:42Z
2026-08-03T03:49:03Z,2026-08-03T05:49:03+0200,d815d4ad-795d-45eb-9ad8-9d704f7a3f43,2026-07-20T00:45:00Z,2026-07-20T02:45:00+0200,147.16,EUR/MWh,BE,BE,imbalance_price,Short,2026-08-03T03:49:42Z
2026-08-03T03:49:03Z,2026-08-03T05:49:03+0200,d815d4ad-795d-45eb-9ad8-9d704f7a3f43,2026-07-20T01:00:00Z,2026-07-20T03:00:00+0200,145.98,EUR/MWh,BE,BE,imbalance_price,Long,2026-08-03T03:49:42Z
2026-08-03T03:49:03Z,2026-08-03T05:49:03+0200,d815d4ad-795d-45eb-9ad8-9d704f7a3f43,2026-07-20T01:00:00Z,2026-07-20T03:00:00+0200,145.98,EUR/MWh,BE,BE,imbalance_price,Short,2026-08-03T03:49:42Z
2026-08-03T03:49:03Z,2026-08-03T05:49:03+0200,d815d4ad-795d-45eb-9ad8-9d704f7a3f43,2026-07-20T01:15:00Z,2026-07-20T03:15:00+0200,137.86,EUR/MWh,BE,BE,imbalance_price,Long,2026-08-03T03:49:42Z
2026-08-03T03:49:03Z,2026-08-03T05:49:03+0200,d815d4ad-795d-45eb-9ad8-9d704f7a3f43,2026-07-20T01:15:00Z,2026-07-20T03:15:00+0200,137.86,EUR/MWh,BE,BE,imbalance_price,Short,2026-08-03T03:49:42Z
2026-08-03T03:49:03Z,2026-08-03T05:49:03+0200,d815d4ad-795d-45eb-9ad8-9d704f7a3f43,2026-07-20T01:30:00Z,2026-07-20T03:30:00+0200,139.41,EUR/MWh,BE,BE,imbalance_price,Long,2026-08-03T03:49:42Z
2026-08-03T03:49:03Z,2026-08-03T05:49:03+0200,d815d4ad-795d-45eb-9ad8-9d704f7a3f43,2026-07-20T01:30:00Z,2026-07-20T03:30:00+0200,139.41,EUR/MWh,BE,BE,imbalance_price,Short,2026-08-03T03:49:42Z
2026-08-03T03:49:03Z,2026-08-03T05:49:03+0200,d815d4ad-795d-45eb-9ad8-9d704f7a3f43,2026-07-20T01:45:00Z,2026-07-20T03:45:00+0200,126.49,EUR/MWh,BE,BE,imbalance_price,Long,2026-08-03T03:49:42Z
2026-08-03T03:49:03Z,2026-08-03T05:49:03+0200,d815d4ad-795d-45eb-9ad8-9d704f7a3f43,2026-07-20T01:45:00Z,2026-07-20T03:45:00+0200,126.49,EUR/MWh,BE,BE,imbalance_price,Short,2026-08-03T03:49:42Z
2026-08-03T03:49:03Z,2026-08-03T05:49:03+0200,d815d4ad-795d-45eb-9ad8-9d704f7a3f43,2026-07-20T02:00:00Z,2026-07-20T04:00:00+0200,128.29,EUR/MWh,BE,BE,imbalance_price,Long,2026-08-03T03:49:42Z
2026-08-03T03:49:03Z,2026-08-03T05:49:03+0200,d815d4ad-795d-45eb-9ad8-9d704f7a3f43,2026-07-20T02:00:00Z,2026-07-20T04:00:00+0200,128.29,EUR/MWh,BE,BE,imbalance_price,Short,2026-08-03T03:49:42Z
2026-08-03T03:49:03Z,2026-08-03T05:49:03+0200,d815d4ad-795d-45eb-9ad8-9d704f7a3f43,2026-07-20T02:15:00Z,2026-07-20T04:15:00+0200,140.23,EUR/MWh,BE,BE,imbalance_price,Long,2026-08-03T03:49:42Z
2026-08-03T03:49:03Z,2026-08-03T05:49:03+0200,d815d4ad-795d-45eb-9ad8-9d704f7a3f43,2026-07-20T02:15:00Z,2026-07-20T04:15:00+0200,140.23,EUR/MWh,BE,BE,imbalance_price,Short,2026-08-03T03:49:42Z
2026-08-03T03:49:03Z,2026-08-03T05:49:03+0200,d815d4ad-795d-45eb-9ad8-9d704f7a3f43,2026-07-20T02:30:00Z,2026-07-20T04:30:00+0200,142.75,EUR/MWh,BE,BE,imbalance_price,Long,2026-08-03T03:49:42Z
2026-08-03T03:49:03Z,2026-08-03T05:49:03+0200,d815d4ad-795d-45eb-9ad8-9d704f7a3f43,2026-07-20T02:30:00Z,2026-07-20T04:30:00+0200,142.75,EUR/MWh,BE,BE,imbalance_price,Short,2026-08-03T03:49:42Z
2026-08-03T03:49:03Z,2026-08-03T05:49:03+0200,d815d4ad-795d-45eb-9ad8-9d704f7a3f43,2026-07-20T02:45:00Z,2026-07-20T04:45:00+0200,147.82,EUR/MWh,BE,BE,imbalance_price,Long,2026-08-03T03:49:42Z
2026-08-03T03:49:03Z,2026-08-03T05:49:03+0200,d815d4ad-795d-45eb-9ad8-9d704f7a3f43,2026-07-20T02:45:00Z,2026-07-20T04:45:00+0200,147.82,EUR/MWh,BE,BE,imbalance_price,Short,2026-08-03T03:49:42Z
2026-08-03T03:49:03Z,2026-08-03T05:49:03+0200,d815d4ad-795d-45eb-9ad8-9d704f7a3f43,2026-07-20T03:00:00Z,2026-07-20T05:00:00+0200,148.91,EUR/MWh,BE,BE,imbalance_price,Long,2026-08-03T03:49:42Z
2026-08-03T03:49:03Z,2026-08-03T05:49:03+0200,d815d4ad-795d-45eb-9ad8-9d704f7a3f43,2026-07-20T03:00:00Z,2026-07-20T05:00:00+0200,148.91,EUR/MWh,BE,BE,imbalance_price,Short,2026-08-03T03:49:42Z
2026-08-03T03:49:03Z,2026-08-03T05:49:03+0200,d815d4ad-795d-45eb-9ad8-9d704f7a3f43,2026-07-20T03:15:00Z,2026-07-20T05:15:00+0200,140.37,EUR/MWh,BE,BE,imbalance_price,Long,2026-08-03T03:49:42Z
2026-08-03T03:49:03Z,2026-08-03T05:49:03+0200,d815d4ad-795d-45eb-9ad8-9d704f7a3f43,2026-07-20T03:15:00Z,2026-07-20T05:15:00+0200,140.37,EUR/MWh,BE,BE,imbalance_price,Short,2026-08-03T03:49:42Z
2026-08-03T03:49:03Z,2026-08-03T05:49:03+0200,d815d4ad-795d-45eb-9ad8-9d704f7a3f43,2026-07-20T03:30:00Z,2026-07-20T05:30:00+0200,128.42,EUR/MWh,BE,BE,imbalance_price,Long,2026-08-03T03:49:42Z
2026-08-03T03:49:03Z,2026-08-03T05:49:03+0200,d815d4ad-795d-45eb-9ad8-9d704f7a3f43,2026-07-20T03:30:00Z,2026-07-20T05:30:00+0200,128.42,EUR/MWh,BE,BE,imbalance_price,Short,2026-08-03T03:49:42Z
2026-08-03T03:49:03Z,2026-08-03T05:49:03+0200,d815d4ad-795d-45eb-9ad8-9d704f7a3f43,2026-07-20T03:45:00Z,2026-07-20T05:45:00+0200,128.43,EUR/MWh,BE,BE,imbalance_price,Long,2026-08-03T03:49:42Z
2026-08-03T03:49:03Z,2026-08-03T05:49:03+0200,d815d4ad-795d-45eb-9ad8-9d704f7a3f43,2026-07-20T03:45:00Z,2026-07-20T05:45:00+0200,128.43,EUR/MWh,BE,BE,imbalance_price,Short,2026-08-03T03:49:42Z
2026-08-03T03:49:03Z,2026-08-03T05:49:03+0200,d815d4ad-795d-45eb-9ad8-9d704f7a3f43,2026-07-20T04:00:00Z,2026-07-20T06:00:00+0200,96.34,EUR/MWh,BE,BE,imbalance_price,Long,2026-08-03T03:49:42Z
2026-08-03T03:49:03Z,2026-08-03T05:49:03+0200,d815d4ad-795d-45eb-9ad8-9d704f7a3f43,2026-07-20T04:00:00Z,2026-07-20T06:00:00+0200,96.34,EUR/MWh,BE,BE,imbalance_price,Short,2026-08-03T03:49:42Z
2026-08-03T03:49:03Z,2026-08-03T05:49:03+0200,d815d4ad-795d-45eb-9ad8-9d704f7a3f43,2026-07-20T04:15:00Z,2026-07-20T06:15:00+0200,113.37,EUR/MWh,BE,BE,imbalance_price,Long,2026-08-03T03:49:42Z
2026-08-03T03:49:03Z,2026-08-03T05:49:03+0200,d815d4ad-795d-45eb-9ad8-9d704f7a3f43,2026-07-20T04:15:00Z,2026-07-20T06:15:00+0200,113.37,EUR/MWh,BE,BE,imbalance_price,Short,2026-08-03T03:49:42Z
2026-08-03T03:49:03Z,2026-08-03T05:49:03+0200,d815d4ad-795d-45eb-9ad8-9d704f7a3f43,2026-07-20T04:30:00Z,2026-07-20T06:30:00+0200,103.66,EUR/MWh,BE,BE,imbalance_price,Long,2026-08-03T03:49:42Z
2026-08-03T03:49:03Z,2026-08-03T05:49:03+0200,d815d4ad-795d-45eb-9ad8-9d704f7a3f43,2026-07-20T04:30:00Z,2026-07-20T06:30:00+0200,103.66,EUR/MWh,BE,BE,imbalance_price,Short,2026-08-03T03:49:42Z
2026-08-03T03:49:03Z,2026-08-03T05:49:03+0200,d815d4ad-795d-45eb-9ad8-9d704f7a3f43,2026-07-20T04:45:00Z,2026-07-20T06:45:00+0200,91.36,EUR/MWh,BE,BE,imbalance_price,Long,2026-08-03T03:49:42Z
2026-08-03T03:49:03Z,2026-08-03T05:49:03+0200,d815d4ad-795d-45eb-9ad8-9d704f7a3f43,2026-07-20T04:45:00Z,2026-07-20T06:45:00+0200,91.36,EUR/MWh,BE,BE,imbalance_price,Short,2026-08-03T03:49:42Z
2026-08-03T03:49:03Z,2026-08-03T05:49:03+0200,d815d4ad-795d-45eb-9ad8-9d704f7a3f43,2026-07-20T05:00:00Z,2026-07-20T07:00:00+0200,84.14,EUR/MWh,BE,BE,imbalance_price,Long,2026-08-03T03:49:42Z
2026-08-03T03:49:03Z,2026-08-03T05:49:03+0200,d815d4ad-795d-45eb-9ad8-9d704f7a3f43,2026-07-20T05:00:00Z,2026-07-20T07:00:00+0200,84.14,EUR/MWh,BE,BE,imbalance_price,Short,2026-08-03T03:49:42Z
2026-08-03T03:49:03Z,2026-08-03T05:49:03+0200,d815d4ad-795d-45eb-9ad8-9d704f7a3f43,2026-07-20T05:15:00Z,2026-07-20T07:15:00+0200,81.66,EUR/MWh,BE,BE,imbalance_price,Long,2026-08-03T03:49:42Z
2026-08-03T03:49:03Z,2026-08-03T05:49:03+0200,d815d4ad-795d-45eb-9ad8-9d704f7a3f43,2026-07-20T05:15:00Z,2026-07-20T07:15:00+0200,81.66,EUR/MWh,BE,BE,imbalance_price,Short,2026-08-03T03:49:42Z
2026-08-03T03:49:03Z,2026-08-03T05:49:03+0200,d815d4ad-795d-45eb-9ad8-9d704f7a3f43,2026-07-20T05:30:00Z,2026-07-20T07:30:00+0200,70.59,EUR/MWh,BE,BE,imbalance_price,Long,2026-08-03T03:49:42Z
2026-08-03T03:49:03Z,2026-08-03T05:49:03+0200,d815d4ad-795d-45eb-9ad8-9d704f7a3f43,2026-07-20T05:30:00Z,2026-07-20T07:30:00+0200,70.59,EUR/MWh,BE,BE,imbalance_price,Short,2026-08-03T03:49:42Z
2026-08-03T03:49:03Z,2026-08-03T05:49:03+0200,d815d4ad-795d-45eb-9ad8-9d704f7a3f43,2026-07-20T05:45:00Z,2026-07-20T07:45:00+0200,93.05,EUR/MWh,BE,BE,imbalance_price,Long,2026-08-03T03:49:42Z
2026-08-03T03:49:03Z,2026-08-03T05:49:03+0200,d815d4ad-795d-45eb-9ad8-9d704f7a3f43,2026-07-20T05:45:00Z,2026-07-20T07:45:00+0200,93.05,EUR/MWh,BE,BE,imbalance_price,Short,2026-08-03T03:49:42Z
2026-08-03T03:49:03Z,2026-08-03T05:49:03+0200,d815d4ad-795d-45eb-9ad8-9d704f7a3f43,2026-07-20T06:00:00Z,2026-07-20T08:00:00+0200,78.74,EUR/MWh,BE,BE,imbalance_price,Long,2026-08-03T03:49:42Z
2026-08-03T03:49:03Z,2026-08-03T05:49:03+0200,d815d4ad-795d-45eb-9ad8-9d704f7a3f43,2026-07-20T06:00:00Z,2026-07-20T08:00:00+0200,78.74,EUR/MWh,BE,BE,imbalance_price,Short,2026-08-03T03:49:42Z
2026-08-03T03:49:03Z,2026-08-03T05:49:03+0200,d815d4ad-795d-45eb-9ad8-9d704f7a3f43,2026-07-20T06:15:00Z,2026-07-20T08:15:00+0200,51.86,EUR/MWh,BE,BE,imbalance_price,Long,2026-08-03T03:49:42Z
2026-08-03T03:49:03Z,2026-08-03T05:49:03+0200,d815d4ad-795d-45eb-9ad8-9d704f7a3f43,2026-07-20T06:15:00Z,2026-07-20T08:15:00+0200,51.86,EUR/MWh,BE,BE,imbalance_price,Short,2026-08-03T03:49:42Z
2026-08-03T03:49:03Z,2026-08-03T05:49:03+0200,d815d4ad-795d-45eb-9ad8-9d704f7a3f43,2026-07-20T06:30:00Z,2026-07-20T08:30:00+0200,12.91,EUR/MWh,BE,BE,imbalance_price,Long,2026-08-03T03:49:42Z
2026-08-03T03:49:03Z,2026-08-03T05:49:03+0200,d815d4ad-795d-45eb-9ad8-9d704f7a3f43,2026-07-20T06:30:00Z,2026-07-20T08:30:00+0200,12.91,EUR/MWh,BE,BE,imbalance_price,Short,2026-08-03T03:49:42Z
2026-08-03T03:49:03Z,2026-08-03T05:49:03+0200,d815d4ad-795d-45eb-9ad8-9d704f7a3f43,2026-07-20T06:45:00Z,2026-07-20T08:45:00+0200,-41.11,EUR/MWh,BE,BE,imbalance_price,Long,2026-08-03T03:49:42Z
2026-08-03T03:49:03Z,2026-08-03T05:49:03+0200,d815d4ad-795d-45eb-9ad8-9d704f7a3f43,2026-07-20T06:45:00Z,2026-07-20T08:45:00+0200,-41.11,EUR/MWh,BE,BE,imbalance_price,Short,2026-08-03T03:49:42Z
2026-08-03T03:49:03Z,2026-08-03T05:49:03+0200,d815d4ad-795d-45eb-9ad8-9d704f7a3f43,2026-07-20T07:00:00Z,2026-07-20T09:00:00+0200,27.86,EUR/MWh,BE,BE,imbalance_price,Long,2026-08-03T03:49:42Z
2026-08-03T03:49:03Z,2026-08-03T05:49:03+0200,d815d4ad-795d-45eb-9ad8-9d704f7a3f43,2026-07-20T07:00:00Z,2026-07-20T09:00:00+0200,27.86,EUR/MWh,BE,BE,imbalance_price,Short,2026-08-03T03:49:42Z
2026-08-03T03:49:03Z,2026-08-03T05:49:03+0200,d815d4ad-795d-45eb-9ad8-9d704f7a3f43,2026-07-20T07:15:00Z,2026-07-20T09:15:00+0200,31.03,EUR/MWh,BE,BE,imbalance_price,Long,2026-08-03T03:49:42Z
2026-08-03T03:49:03Z,2026-08-03T05:49:03+0200,d815d4ad-795d-45eb-9ad8-9d704f7a3f43,2026-07-20T07:15:00Z,2026-07-20T09:15:00+0200,31.03,EUR/MWh,BE,BE,imbalance_price,Short,2026-08-03T03:49:42Z
2026-08-03T03:49:03Z,2026-08-03T05:49:03+0200,d815d4ad-795d-45eb-9ad8-9d704f7a3f43,2026-07-20T07:30:00Z,2026-07-20T09:30:00+0200,-15.13,EUR/MWh,BE,BE,imbalance_price,Long,2026-08-03T03:49:42Z
2026-08-03T03:49:03Z,2026-08-03T05:49:03+0200,d815d4ad-795d-45eb-9ad8-9d704f7a3f43,2026-07-20T07:30:00Z,2026-07-20T09:30:00+0200,-15.13,EUR/MWh,BE,BE,imbalance_price,Short,2026-08-03T03:49:42Z
2026-08-03T03:49:03Z,2026-08-03T05:49:03+0200,d815d4ad-795d-45eb-9ad8-9d704f7a3f43,2026-07-20T07:45:00Z,2026-07-20T09:45:00+0200,-11.11,EUR/MWh,BE,BE,imbalance_price,Long,2026-08-03T03:49:42Z
2026-08-03T03:49:03Z,2026-08-03T05:49:03+0200,d815d4ad-795d-45eb-9ad8-9d704f7a3f43,2026-07-20T07:45:00Z,2026-07-20T09:45:00+0200,-11.11,EUR/MWh,BE,BE,imbalance_price,Short,2026-08-03T03:49:42Z
2026-08-03T03:49:03Z,2026-08-03T05:49:03+0200,d815d4ad-795d-45eb-9ad8-9d704f7a3f43,2026-07-20T08:00:00Z,2026-07-20T10:00:00+0200,-4.72,EUR/MWh,BE,BE,imbalance_price,Long,2026-08-03T03:49:42Z
2026-08-03T03:49:03Z,2026-08-03T05:49:03+0200,d815d4ad-795d-45eb-9ad8-9d704f7a3f43,2026-07-20T08:00:00Z,2026-07-20T10:00:00+0200,-4.72,EUR/MWh,BE,BE,imbalance_price,Short,2026-08-03T03:49:42Z
2026-08-03T03:49:03Z,2026-08-03T05:49:03+0200,d815d4ad-795d-45eb-9ad8-9d704f7a3f43,2026-07-20T08:15:00Z,2026-07-20T10:15:00+0200,-5.62,EUR/MWh,BE,BE,imbalance_price,Long,2026-08-03T03:49:42Z
2026-08-03T03:49:03Z,2026-08-03T05:49:03+0200,d815d4ad-795d-45eb-9ad8-9d704f7a3f43,2026-07-20T08:15:00Z,2026-07-20T10:15:00+0200,-5.62,EUR/MWh,BE,BE,imbalance_price,Short,2026-08-03T03:49:42Z
2026-08-03T03:49:03Z,2026-08-03T05:49:03+0200,d815d4ad-795d-45eb-9ad8-9d704f7a3f43,2026-07-20T08:30:00Z,2026-07-20T10:30:00+0200,-1.1,EUR/MWh,BE,BE,imbalance_price,Long,2026-08-03T03:49:42Z
2026-08-03T03:49:03Z,2026-08-03T05:49:03+0200,d815d4ad-795d-45eb-9ad8-9d704f7a3f43,2026-07-20T08:30:00Z,2026-07-20T10:30:00+0200,-1.1,EUR/MWh,BE,BE,imbalance_price,Short,2026-08-03T03:49:42Z
2026-08-03T03:49:03Z,2026-08-03T05:49:03+0200,d815d4ad-795d-45eb-9ad8-9d704f7a3f43,2026-07-20T08:45:00Z,2026-07-20T10:45:00+0200,-10.94,EUR/MWh,BE,BE,imbalance_price,Long,2026-08-03T03:49:42Z
2026-08-03T03:49:03Z,2026-08-03T05:49:03+0200,d815d4ad-795d-45eb-9ad8-9d704f7a3f43,2026-07-20T08:45:00Z,2026-07-20T10:45:00+0200,-10.94,EUR/MWh,BE,BE,imbalance_price,Short,2026-08-03T03:49:42Z
2026-08-03T03:49:03Z,2026-08-03T05:49:03+0200,d815d4ad-795d-45eb-9ad8-9d704f7a3f43,2026-07-20T09:00:00Z,2026-07-20T11:00:00+0200,-26.4,EUR/MWh,BE,BE,imbalance_price,Long,2026-08-03T03:49:42Z
2026-08-03T03:49:03Z,2026-08-03T05:49:03+0200,d815d4ad-795d-45eb-9ad8-9d704f7a3f43,2026-07-20T09:00:00Z,2026-07-20T11:00:00+0200,-26.4,EUR/MWh,BE,BE,imbalance_price,Short,2026-08-03T03:49:42Z
2026-08-03T03:49:03Z,2026-08-03T05:49:03+0200,d815d4ad-795d-45eb-9ad8-9d704f7a3f43,2026-07-20T09:15:00Z,2026-07-20T11:15:00+0200,-33.56,EUR/MWh,BE,BE,imbalance_price,Long,2026-08-03T03:49:42Z
2026-08-03T03:49:03Z,2026-08-03T05:49:03+0200,d815d4ad-795d-45eb-9ad8-9d704f7a3f43,2026-07-20T09:15:00Z,2026-07-20T11:15:00+0200,-33.56,EUR/MWh,BE,BE,imbalance_price,Short,2026-08-03T03:49:42Z
2026-08-03T03:49:03Z,2026-08-03T05:49:03+0200,d815d4ad-795d-45eb-9ad8-9d704f7a3f43,2026-07-20T09:30:00Z,2026-07-20T11:30:00+0200,-31.55,EUR/MWh,BE,BE,imbalance_price,Long,2026-08-03T03:49:42Z
2026-08-03T03:49:03Z,2026-08-03T05:49:03+0200,d815d4ad-795d-45eb-9ad8-9d704f7a3f43,2026-07-20T09:30:00Z,2026-07-20T11:30:00+0200,-31.55,EUR/MWh,BE,BE,imbalance_price,Short,2026-08-03T03:49:42Z
2026-08-03T03:49:03Z,2026-08-03T05:49:03+0200,d815d4ad-795d-45eb-9ad8-9d704f7a3f43,2026-07-20T09:45:00Z,2026-07-20T11:45:00+0200,-11.29,EUR/MWh,BE,BE,imbalance_price,Long,2026-08-03T03:49:42Z
2026-08-03T03:49:03Z,2026-08-03T05:49:03+0200,d815d4ad-795d-45eb-9ad8-9d704f7a3f43,2026-07-20T09:45:00Z,2026-07-20T11:45:00+0200,-11.29,EUR/MWh,BE,BE,imbalance_price,Short,2026-08-03T03:49:42Z
2026-08-03T03:49:03Z,2026-08-03T05:49:03+0200,d815d4ad-795d-45eb-9ad8-9d704f7a3f43,2026-07-20T10:00:00Z,2026-07-20T12:00:00+0200,-10.96,EUR/MWh,BE,BE,imbalance_price,Long,2026-08-03T03:49:42Z
2026-08-03T03:49:03Z,2026-08-03T05:49:03+0200,d815d4ad-795d-45eb-9ad8-9d704f7a3f43,2026-07-20T10:00:00Z,2026-07-20T12:00:00+0200,-10.96,EUR/MWh,BE,BE,imbalance_price,Short,2026-08-03T03:49:42Z
2026-08-03T03:49:03Z,2026-08-03T05:49:03+0200,d815d4ad-795d-45eb-9ad8-9d704f7a3f43,2026-07-20T10:15:00Z,2026-07-20T12:15:00+0200,-14.83,EUR/MWh,BE,BE,imbalance_price,Long,2026-08-03T03:49:42Z
2026-08-03T03:49:03Z,2026-08-03T05:49:03+0200,d815d4ad-795d-45eb-9ad8-9d704f7a3f43,2026-07-20T10:15:00Z,2026-07-20T12:15:00+0200,-14.83,EUR/MWh,BE,BE,imbalance_price,Short,2026-08-03T03:49:42Z
2026-08-03T03:49:03Z,2026-08-03T05:49:03+0200,d815d4ad-795d-45eb-9ad8-9d704f7a3f43,2026-07-20T10:30:00Z,2026-07-20T12:30:00+0200,-10.84,EUR/MWh,BE,BE,imbalance_price,Long,2026-08-03T03:49:42Z
2026-08-03T03:49:03Z,2026-08-03T05:49:03+0200,d815d4ad-795d-45eb-9ad8-9d704f7a3f43,2026-07-20T10:30:00Z,2026-07-20T12:30:00+0200,-10.84,EUR/MWh,BE,BE,imbalance_price,Short,2026-08-03T03:49:42Z
2026-08-03T03:49:03Z,2026-08-03T05:49:03+0200,d815d4ad-795d-45eb-9ad8-9d704f7a3f43,2026-07-20T10:45:00Z,2026-07-20T12:45:00+0200,45.31,EUR/MWh,BE,BE,imbalance_price,Long,2026-08-03T03:49:42Z
2026-08-03T03:49:03Z,2026-08-03T05:49:03+0200,d815d4ad-795d-45eb-9ad8-9d704f7a3f43,2026-07-20T10:45:00Z,2026-07-20T12:45:00+0200,45.31,EUR/MWh,BE,BE,imbalance_price,Short,2026-08-03T03:49:42Z
2026-08-03T03:49:03Z,2026-08-03T05:49:03+0200,d815d4ad-795d-45eb-9ad8-9d704f7a3f43,2026-07-20T11:00:00Z,2026-07-20T13:00:00+0200,1.64,EUR/MWh,BE,BE,imbalance_price,Long,2026-08-03T03:49:42Z
2026-08-03T03:49:03Z,2026-08-03T05:49:03+0200,d815d4ad-795d-45eb-9ad8-9d704f7a3f43,2026-07-20T11:00:00Z,2026-07-20T13:00:00+0200,1.64,EUR/MWh,BE,BE,imbalance_price,Short,2026-08-03T03:49:42Z
2026-08-03T03:49:03Z,2026-08-03T05:49:03+0200,d815d4ad-795d-45eb-9ad8-9d704f7a3f43,2026-07-20T11:15:00Z,2026-07-20T13:15:00+0200,21.92,EUR/MWh,BE,BE,imbalance_price,Long,2026-08-03T03:49:42Z
2026-08-03T03:49:03Z,2026-08-03T05:49:03+0200,d815d4ad-795d-45eb-9ad8-9d704f7a3f43,2026-07-20T11:15:00Z,2026-07-20T13:15:00+0200,21.92,EUR/MWh,BE,BE,imbalance_price,Short,2026-08-03T03:49:42Z
2026-08-03T03:49:03Z,2026-08-03T05:49:03+0200,d815d4ad-795d-45eb-9ad8-9d704f7a3f43,2026-07-20T11:30:00Z,2026-07-20T13:30:00+0200,-7.16,EUR/MWh,BE,BE,imbalance_price,Long,2026-08-03T03:49:42Z
2026-08-03T03:49:03Z,2026-08-03T05:49:03+0200,d815d4ad-795d-45eb-9ad8-9d704f7a3f43,2026-07-20T11:30:00Z,2026-07-20T13:30:00+0200,-7.16,EUR/MWh,BE,BE,imbalance_price,Short,2026-08-03T03:49:42Z
2026-08-03T03:49:03Z,2026-08-03T05:49:03+0200,d815d4ad-795d-45eb-9ad8-9d704f7a3f43,2026-07-20T11:45:00Z,2026-07-20T13:45:00+0200,-17.29,EUR/MWh,BE,BE,imbalance_price,Long,2026-08-03T03:49:42Z
2026-08-03T03:49:03Z,2026-08-03T05:49:03+0200,d815d4ad-795d-45eb-9ad8-9d704f7a3f43,2026-07-20T11:45:00Z,2026-07-20T13:45:00+0200,-17.29,EUR/MWh,BE,BE,imbalance_price,Short,2026-08-03T03:49:42Z
2026-08-03T03:49:03Z,2026-08-03T05:49:03+0200,d815d4ad-795d-45eb-9ad8-9d704f7a3f43,2026-07-20T12:00:00Z,2026-07-20T14:00:00+0200,-49.22,EUR/MWh,BE,BE,imbalance_price,Long,2026-08-03T03:49:42Z
2026-08-03T03:49:03Z,2026-08-03T05:49:03+0200,d815d4ad-795d-45eb-9ad8-9d704f7a3f43,2026-07-20T12:00:00Z,2026-07-20T14:00:00+0200,-49.22,EUR/MWh,BE,BE,imbalance_price,Short,2026-08-03T03:49:42Z
2026-08-03T03:49:03Z,2026-08-03T05:49:03+0200,d815d4ad-795d-45eb-9ad8-9d704f7a3f43,2026-07-20T12:15:00Z,2026-07-20T14:15:00+0200,-57.25,EUR/MWh,BE,BE,imbalance_price,Long,2026-08-03T03:49:42Z
2026-08-03T03:49:03Z,2026-08-03T05:49:03+0200,d815d4ad-795d-45eb-9ad8-9d704f7a3f43,2026-07-20T12:15:00Z,2026-07-20T14:15:00+0200,-57.25,EUR/MWh,BE,BE,imbalance_price,Short,2026-08-03T03:49:42Z
2026-08-03T03:49:03Z,2026-08-03T05:49:03+0200,d815d4ad-795d-45eb-9ad8-9d704f7a3f43,2026-07-20T12:30:00Z,2026-07-20T14:30:00+0200,-6.44,EUR/MWh,BE,BE,imbalance_price,Long,2026-08-03T03:49:42Z
2026-08-03T03:49:03Z,2026-08-03T05:49:03+0200,d815d4ad-795d-45eb-9ad8-9d704f7a3f43,2026-07-20T12:30:00Z,2026-07-20T14:30:00+0200,-6.44,EUR/MWh,BE,BE,imbalance_price,Short,2026-08-03T03:49:42Z
2026-08-03T03:49:03Z,2026-08-03T05:49:03+0200,d815d4ad-795d-45eb-9ad8-9d704f7a3f43,2026-07-20T12:45:00Z,2026-07-20T14:45:00+0200,-60.35,EUR/MWh,BE,BE,imbalance_price,Long,2026-08-03T03:49:42Z
2026-08-03T03:49:03Z,2026-08-03T05:49:03+0200,d815d4ad-795d-45eb-9ad8-9d704f7a3f43,2026-07-20T12:45:00Z,2026-07-20T14:45:00+0200,-60.35,EUR/MWh,BE,BE,imbalance_price,Short,2026-08-03T03:49:42Z
2026-08-03T03:49:03Z,2026-08-03T05:49:03+0200,d815d4ad-795d-45eb-9ad8-9d704f7a3f43,2026-07-20T13:00:00Z,2026-07-20T15:00:00+0200,-6.62,EUR/MWh,BE,BE,imbalance_price,Long,2026-08-03T03:49:42Z
2026-08-03T03:49:03Z,2026-08-03T05:49:03+0200,d815d4ad-795d-45eb-9ad8-9d704f7a3f43,2026-07-20T13:00:00Z,2026-07-20T15:00:00+0200,-6.62,EUR/MWh,BE,BE,imbalance_price,Short,2026-08-03T03:49:42Z
2026-08-03T03:49:03Z,2026-08-03T05:49:03+0200,d815d4ad-795d-45eb-9ad8-9d704f7a3f43,2026-07-20T13:15:00Z,2026-07-20T15:15:00+0200,-29.62,EUR/MWh,BE,BE,imbalance_price,Long,2026-08-03T03:49:42Z
2026-08-03T03:49:03Z,2026-08-03T05:49:03+0200,d815d4ad-795d-45eb-9ad8-9d704f7a3f43,2026-07-20T13:15:00Z,2026-07-20T15:15:00+0200,-29.62,EUR/MWh,BE,BE,imbalance_price,Short,2026-08-03T03:49:42Z
2026-08-03T03:49:03Z,2026-08-03T05:49:03+0200,d815d4ad-795d-45eb-9ad8-9d704f7a3f43,2026-07-20T13:30:00Z,2026-07-20T15:30:00+0200,-33.55,EUR/MWh,BE,BE,imbalance_price,Long,2026-08-03T03:49:42Z
2026-08-03T03:49:03Z,2026-08-03T05:49:03+0200,d815d4ad-795d-45eb-9ad8-9d704f7a3f43,2026-07-20T13:30:00Z,2026-07-20T15:30:00+0200,-33.55,EUR/MWh,BE,BE,imbalance_price,Short,2026-08-03T03:49:42Z
2026-08-03T03:49:03Z,2026-08-03T05:49:03+0200,d815d4ad-795d-45eb-9ad8-9d704f7a3f43,2026-07-20T13:45:00Z,2026-07-20T15:45:00+0200,-25.3,EUR/MWh,BE,BE,imbalance_price,Long,2026-08-03T03:49:42Z
2026-08-03T03:49:03Z,2026-08-03T05:49:03+0200,d815d4ad-795d-45eb-9ad8-9d704f7a3f43,2026-07-20T13:45:00Z,2026-07-20T15:45:00+0200,-25.3,EUR/MWh,BE,BE,imbalance_price,Short,2026-08-03T03:49:42Z
2026-08-03T03:49:03Z,2026-08-03T05:49:03+0200,d815d4ad-795d-45eb-9ad8-9d704f7a3f43,2026-07-20T14:00:00Z,2026-07-20T16:00:00+0200,14.34,EUR/MWh,BE,BE,imbalance_price,Long,2026-08-03T03:49:42Z
2026-08-03T03:49:03Z,2026-08-03T05:49:03+0200,d815d4ad-795d-45eb-9ad8-9d704f7a3f43,2026-07-20T14:00:00Z,2026-07-20T16:00:00+0200,14.34,EUR/MWh,BE,BE,imbalance_price,Short,2026-08-03T03:49:42Z
2026-08-03T03:49:03Z,2026-08-03T05:49:03+0200,d815d4ad-795d-45eb-9ad8-9d704f7a3f43,2026-07-20T14:15:00Z,2026-07-20T16:15:00+0200,8.02,EUR/MWh,BE,BE,imbalance_price,Long,2026-08-03T03:49:42Z
2026-08-03T03:49:03Z,2026-08-03T05:49:03+0200,d815d4ad-795d-45eb-9ad8-9d704f7a3f43,2026-07-20T14:15:00Z,2026-07-20T16:15:00+0200,8.02,EUR/MWh,BE,BE,imbalance_price,Short,2026-08-03T03:49:42Z
2026-08-03T03:49:03Z,2026-08-03T05:49:03+0200,d815d4ad-795d-45eb-9ad8-9d704f7a3f43,2026-07-20T14:30:00Z,2026-07-20T16:30:00+0200,-5.1,EUR/MWh,BE,BE,imbalance_price,Long,2026-08-03T03:49:42Z
2026-08-03T03:49:03Z,2026-08-03T05:49:03+0200,d815d4ad-795d-45eb-9ad8-9d704f7a3f43,2026-07-20T14:30:00Z,2026-07-20T16:30:00+0200,-5.1,EUR/MWh,BE,BE,imbalance_price,Short,2026-08-03T03:49:42Z
2026-08-03T03:49:03Z,2026-08-03T05:49:03+0200,d815d4ad-795d-45eb-9ad8-9d704f7a3f43,2026-07-20T14:45:00Z,2026-07-20T16:45:00+0200,-133.8,EUR/MWh,BE,BE,imbalance_price,Long,2026-08-03T03:49:42Z
2026-08-03T03:49:03Z,2026-08-03T05:49:03+0200,d815d4ad-795d-45eb-9ad8-9d704f7a3f43,2026-07-20T14:45:00Z,2026-07-20T16:45:00+0200,-133.8,EUR/MWh,BE,BE,imbalance_price,Short,2026-08-03T03:49:42Z
2026-08-03T03:49:03Z,2026-08-03T05:49:03+0200,d815d4ad-795d-45eb-9ad8-9d704f7a3f43,2026-07-20T15:00:00Z,2026-07-20T17:00:00+0200,-36.4,EUR/MWh,BE,BE,imbalance_price,Long,2026-08-03T03:49:42Z
2026-08-03T03:49:03Z,2026-08-03T05:49:03+0200,d815d4ad-795d-45eb-9ad8-9d704f7a3f43,2026-07-20T15:00:00Z,2026-07-20T17:00:00+0200,-36.4,EUR/MWh,BE,BE,imbalance_price,Short,2026-08-03T03:49:42Z
2026-08-03T03:49:03Z,2026-08-03T05:49:03+0200,d815d4ad-795d-45eb-9ad8-9d704f7a3f43,2026-07-20T15:15:00Z,2026-07-20T17:15:00+0200,-4.25,EUR/MWh,BE,BE,imbalance_price,Long,2026-08-03T03:49:42Z
2026-08-03T03:49:03Z,2026-08-03T05:49:03+0200,d815d4ad-795d-45eb-9ad8-9d704f7a3f43,2026-07-20T15:15:00Z,2026-07-20T17:15:00+0200,-4.25,EUR/MWh,BE,BE,imbalance_price,Short,2026-08-03T03:49:42Z
2026-08-03T03:49:03Z,2026-08-03T05:49:03+0200,d815d4ad-795d-45eb-9ad8-9d704f7a3f43,2026-07-20T15:30:00Z,2026-07-20T17:30:00+0200,45.72,EUR/MWh,BE,BE,imbalance_price,Long,2026-08-03T03:49:42Z
2026-08-03T03:49:03Z,2026-08-03T05:49:03+0200,d815d4ad-795d-45eb-9ad8-9d704f7a3f43,2026-07-20T15:30:00Z,2026-07-20T17:30:00+0200,45.72,EUR/MWh,BE,BE,imbalance_price,Short,2026-08-03T03:49:42Z
2026-08-03T03:49:03Z,2026-08-03T05:49:03+0200,d815d4ad-795d-45eb-9ad8-9d704f7a3f43,2026-07-20T15:45:00Z,2026-07-20T17:45:00+0200,84.17,EUR/MWh,BE,BE,imbalance_price,Long,2026-08-03T03:49:42Z
2026-08-03T03:49:03Z,2026-08-03T05:49:03+0200,d815d4ad-795d-45eb-9ad8-9d704f7a3f43,2026-07-20T15:45:00Z,2026-07-20T17:45:00+0200,84.17,EUR/MWh,BE,BE,imbalance_price,Short,2026-08-03T03:49:42Z
2026-08-03T03:49:03Z,2026-08-03T05:49:03+0200,d815d4ad-795d-45eb-9ad8-9d704f7a3f43,2026-07-20T16:00:00Z,2026-07-20T18:00:00+0200,55.19,EUR/MWh,BE,BE,imbalance_price,Long,2026-08-03T03:49:42Z
2026-08-03T03:49:03Z,2026-08-03T05:49:03+0200,d815d4ad-795d-45eb-9ad8-9d704f7a3f43,2026-07-20T16:00:00Z,2026-07-20T18:00:00+0200,55.19,EUR/MWh,BE,BE,imbalance_price,Short,2026-08-03T03:49:42Z
2026-08-03T03:49:03Z,2026-08-03T05:49:03+0200,d815d4ad-795d-45eb-9ad8-9d704f7a3f43,2026-07-20T16:15:00Z,2026-07-20T18:15:00+0200,92.84,EUR/MWh,BE,BE,imbalance_price,Long,2026-08-03T03:49:42Z
2026-08-03T03:49:03Z,2026-08-03T05:49:03+0200,d815d4ad-795d-45eb-9ad8-9d704f7a3f43,2026-07-20T16:15:00Z,2026-07-20T18:15:00+0200,92.84,EUR/MWh,BE,BE,imbalance_price,Short,2026-08-03T03:49:42Z
2026-08-03T03:49:03Z,2026-08-03T05:49:03+0200,d815d4ad-795d-45eb-9ad8-9d704f7a3f43,2026-07-20T16:30:00Z,2026-07-20T18:30:00+0200,119.1,EUR/MWh,BE,BE,imbalance_price,Long,2026-08-03T03:49:42Z
2026-08-03T03:49:03Z,2026-08-03T05:49:03+0200,d815d4ad-795d-45eb-9ad8-9d704f7a3f43,2026-07-20T16:30:00Z,2026-07-20T18:30:00+0200,119.1,EUR/MWh,BE,BE,imbalance_price,Short,2026-08-03T03:49:42Z
2026-08-03T03:49:03Z,2026-08-03T05:49:03+0200,d815d4ad-795d-45eb-9ad8-9d704f7a3f43,2026-07-20T16:45:00Z,2026-07-20T18:45:00+0200,126.0,EUR/MWh,BE,BE,imbalance_price,Long,2026-08-03T03:49:42Z
2026-08-03T03:49:03Z,2026-08-03T05:49:03+0200,d815d4ad-795d-45eb-9ad8-9d704f7a3f43,2026-07-20T16:45:00Z,2026-07-20T18:45:00+0200,126.0,EUR/MWh,BE,BE,imbalance_price,Short,2026-08-03T03:49:42Z
2026-08-03T03:49:03Z,2026-08-03T05:49:03+0200,d815d4ad-795d-45eb-9ad8-9d704f7a3f43,2026-07-20T17:00:00Z,2026-07-20T19:00:00+0200,140.93,EUR/MWh,BE,BE,imbalance_price,Long,2026-08-03T03:49:42Z
2026-08-03T03:49:03Z,2026-08-03T05:49:03+0200,d815d4ad-795d-45eb-9ad8-9d704f7a3f43,2026-07-20T17:00:00Z,2026-07-20T19:00:00+0200,140.93,EUR/MWh,BE,BE,imbalance_price,Short,2026-08-03T03:49:42Z
2026-08-03T03:49:03Z,2026-08-03T05:49:03+0200,d815d4ad-795d-45eb-9ad8-9d704f7a3f43,2026-07-20T17:15:00Z,2026-07-20T19:15:00+0200,169.83,EUR/MWh,BE,BE,imbalance_price,Long,2026-08-03T03:49:42Z
2026-08-03T03:49:03Z,2026-08-03T05:49:03+0200,d815d4ad-795d-45eb-9ad8-9d704f7a3f43,2026-07-20T17:15:00Z,2026-07-20T19:15:00+0200,169.83,EUR/MWh,BE,BE,imbalance_price,Short,2026-08-03T03:49:42Z
2026-08-03T03:49:03Z,2026-08-03T05:49:03+0200,d815d4ad-795d-45eb-9ad8-9d704f7a3f43,2026-07-20T17:30:00Z,2026-07-20T19:30:00+0200,175.42,EUR/MWh,BE,BE,imbalance_price,Long,2026-08-03T03:49:42Z
2026-08-03T03:49:03Z,2026-08-03T05:49:03+0200,d815d4ad-795d-45eb-9ad8-9d704f7a3f43,2026-07-20T17:30:00Z,2026-07-20T19:30:00+0200,175.42,EUR/MWh,BE,BE,imbalance_price,Short,2026-08-03T03:49:42Z
2026-08-03T03:49:03Z,2026-08-03T05:49:03+0200,d815d4ad-795d-45eb-9ad8-9d704f7a3f43,2026-07-20T17:45:00Z,2026-07-20T19:45:00+0200,143.71,EUR/MWh,BE,BE,imbalance_price,Long,2026-08-03T03:49:42Z
2026-08-03T03:49:03Z,2026-08-03T05:49:03+0200,d815d4ad-795d-45eb-9ad8-9d704f7a3f43,2026-07-20T17:45:00Z,2026-07-20T19:45:00+0200,143.71,EUR/MWh,BE,BE,imbalance_price,Short,2026-08-03T03:49:42Z
2026-08-03T03:49:03Z,2026-08-03T05:49:03+0200,d815d4ad-795d-45eb-9ad8-9d704f7a3f43,2026-07-20T18:00:00Z,2026-07-20T20:00:00+0200,151.39,EUR/MWh,BE,BE,imbalance_price,Long,2026-08-03T03:49:42Z
2026-08-03T03:49:03Z,2026-08-03T05:49:03+0200,d815d4ad-795d-45eb-9ad8-9d704f7a3f43,2026-07-20T18:00:00Z,2026-07-20T20:00:00+0200,151.39,EUR/MWh,BE,BE,imbalance_price,Short,2026-08-03T03:49:42Z
2026-08-03T03:49:03Z,2026-08-03T05:49:03+0200,d815d4ad-795d-45eb-9ad8-9d704f7a3f43,2026-07-20T18:15:00Z,2026-07-20T20:15:00+0200,175.28,EUR/MWh,BE,BE,imbalance_price,Long,2026-08-03T03:49:42Z
2026-08-03T03:49:03Z,2026-08-03T05:49:03+0200,d815d4ad-795d-45eb-9ad8-9d704f7a3f43,2026-07-20T18:15:00Z,2026-07-20T20:15:00+0200,175.28,EUR/MWh,BE,BE,imbalance_price,Short,2026-08-03T03:49:42Z
2026-08-03T03:49:03Z,2026-08-03T05:49:03+0200,d815d4ad-795d-45eb-9ad8-9d704f7a3f43,2026-07-20T18:30:00Z,2026-07-20T20:30:00+0200,182.58,EUR/MWh,BE,BE,imbalance_price,Long,2026-08-03T03:49:42Z
2026-08-03T03:49:03Z,2026-08-03T05:49:03+0200,d815d4ad-795d-45eb-9ad8-9d704f7a3f43,2026-07-20T18:30:00Z,2026-07-20T20:30:00+0200,182.58,EUR/MWh,BE,BE,imbalance_price,Short,2026-08-03T03:49:42Z
2026-08-03T03:49:03Z,2026-08-03T05:49:03+0200,d815d4ad-795d-45eb-9ad8-9d704f7a3f43,2026-07-20T18:45:00Z,2026-07-20T20:45:00+0200,178.06,EUR/MWh,BE,BE,imbalance_price,Long,2026-08-03T03:49:42Z
2026-08-03T03:49:03Z,2026-08-03T05:49:03+0200,d815d4ad-795d-45eb-9ad8-9d704f7a3f43,2026-07-20T18:45:00Z,2026-07-20T20:45:00+0200,178.06,EUR/MWh,BE,BE,imbalance_price,Short,2026-08-03T03:49:42Z
2026-08-03T03:49:03Z,2026-08-03T05:49:03+0200,d815d4ad-795d-45eb-9ad8-9d704f7a3f43,2026-07-20T19:00:00Z,2026-07-20T21:00:00+0200,181.41,EUR/MWh,BE,BE,imbalance_price,Long,2026-08-03T03:49:42Z
2026-08-03T03:49:03Z,2026-08-03T05:49:03+0200,d815d4ad-795d-45eb-9ad8-9d704f7a3f43,2026-07-20T19:00:00Z,2026-07-20T21:00:00+0200,181.41,EUR/MWh,BE,BE,imbalance_price,Short,2026-08-03T03:49:42Z
2026-08-03T03:49:03Z,2026-08-03T05:49:03+0200,d815d4ad-795d-45eb-9ad8-9d704f7a3f43,2026-07-20T19:15:00Z,2026-07-20T21:15:00+0200,145.0,EUR/MWh,BE,BE,imbalance_price,Long,2026-08-03T03:49:42Z
2026-08-03T03:49:03Z,2026-08-03T05:49:03+0200,d815d4ad-795d-45eb-9ad8-9d704f7a3f43,2026-07-20T19:15:00Z,2026-07-20T21:15:00+0200,145.0,EUR/MWh,BE,BE,imbalance_price,Short,2026-08-03T03:49:42Z
2026-08-03T03:49:03Z,2026-08-03T05:49:03+0200,d815d4ad-795d-45eb-9ad8-9d704f7a3f43,2026-07-20T19:30:00Z,2026-07-20T21:30:00+0200,141.49,EUR/MWh,BE,BE,imbalance_price,Long,2026-08-03T03:49:42Z
2026-08-03T03:49:03Z,2026-08-03T05:49:03+0200,d815d4ad-795d-45eb-9ad8-9d704f7a3f43,2026-07-20T19:30:00Z,2026-07-20T21:30:00+0200,141.49,EUR/MWh,BE,BE,imbalance_price,Short,2026-08-03T03:49:42Z
2026-08-03T03:49:03Z,2026-08-03T05:49:03+0200,d815d4ad-795d-45eb-9ad8-9d704f7a3f43,2026-07-20T19:45:00Z,2026-07-20T21:45:00+0200,135.56,EUR/MWh,BE,BE,imbalance_price,Long,2026-08-03T03:49:42Z
2026-08-03T03:49:03Z,2026-08-03T05:49:03+0200,d815d4ad-795d-45eb-9ad8-9d704f7a3f43,2026-07-20T19:45:00Z,2026-07-20T21:45:00+0200,135.56,EUR/MWh,BE,BE,imbalance_price,Short,2026-08-03T03:49:42Z
2026-08-03T03:49:03Z,2026-08-03T05:49:03+0200,d815d4ad-795d-45eb-9ad8-9d704f7a3f43,2026-07-20T20:00:00Z,2026-07-20T22:00:00+0200,157.59,EUR/MWh,BE,BE,imbalance_price,Long,2026-08-03T03:49:42Z
2026-08-03T03:49:03Z,2026-08-03T05:49:03+0200,d815d4ad-795d-45eb-9ad8-9d704f7a3f43,2026-07-20T20:00:00Z,2026-07-20T22:00:00+0200,157.59,EUR/MWh,BE,BE,imbalance_price,Short,2026-08-03T03:49:42Z
2026-08-03T03:49:03Z,2026-08-03T05:49:03+0200,d815d4ad-795d-45eb-9ad8-9d704f7a3f43,2026-07-20T20:15:00Z,2026-07-20T22:15:00+0200,143.88,EUR/MWh,BE,BE,imbalance_price,Long,2026-08-03T03:49:42Z
2026-08-03T03:49:03Z,2026-08-03T05:49:03+0200,d815d4ad-795d-45eb-9ad8-9d704f7a3f43,2026-07-20T20:15:00Z,2026-07-20T22:15:00+0200,143.88,EUR/MWh,BE,BE,imbalance_price,Short,2026-08-03T03:49:42Z
2026-08-03T03:49:03Z,2026-08-03T05:49:03+0200,d815d4ad-795d-45eb-9ad8-9d704f7a3f43,2026-07-20T20:30:00Z,2026-07-20T22:30:00+0200,148.88,EUR/MWh,BE,BE,imbalance_price,Long,2026-08-03T03:49:42Z
2026-08-03T03:49:03Z,2026-08-03T05:49:03+0200,d815d4ad-795d-45eb-9ad8-9d704f7a3f43,2026-07-20T20:30:00Z,2026-07-20T22:30:00+0200,148.88,EUR/MWh,BE,BE,imbalance_price,Short,2026-08-03T03:49:42Z
2026-08-03T03:49:03Z,2026-08-03T05:49:03+0200,d815d4ad-795d-45eb-9ad8-9d704f7a3f43,2026-07-20T20:45:00Z,2026-07-20T22:45:00+0200,140.3,EUR/MWh,BE,BE,imbalance_price,Long,2026-08-03T03:49:42Z
2026-08-03T03:49:03Z,2026-08-03T05:49:03+0200,d815d4ad-795d-45eb-9ad8-9d704f7a3f43,2026-07-20T20:45:00Z,2026-07-20T22:45:00+0200,140.3,EUR/MWh,BE,BE,imbalance_price,Short,2026-08-03T03:49:42Z
2026-08-03T03:49:03Z,2026-08-03T05:49:03+0200,d815d4ad-795d-45eb-9ad8-9d704f7a3f43,2026-07-20T21:00:00Z,2026-07-20T23:00:00+0200,171.28,EUR/MWh,BE,BE,imbalance_price,Long,2026-08-03T03:49:42Z
2026-08-03T03:49:03Z,2026-08-03T05:49:03+0200,d815d4ad-795d-45eb-9ad8-9d704f7a3f43,2026-07-20T21:00:00Z,2026-07-20T23:00:00+0200,171.28,EUR/MWh,BE,BE,imbalance_price,Short,2026-08-03T03:49:42Z
2026-08-03T03:49:03Z,2026-08-03T05:49:03+0200,d815d4ad-795d-45eb-9ad8-9d704f7a3f43,2026-07-20T21:15:00Z,2026-07-20T23:15:00+0200,113.89,EUR/MWh,BE,BE,imbalance_price,Long,2026-08-03T03:49:42Z
2026-08-03T03:49:03Z,2026-08-03T05:49:03+0200,d815d4ad-795d-45eb-9ad8-9d704f7a3f43,2026-07-20T21:15:00Z,2026-07-20T23:15:00+0200,113.89,EUR/MWh,BE,BE,imbalance_price,Short,2026-08-03T03:49:42Z
2026-08-03T03:49:03Z,2026-08-03T05:49:03+0200,d815d4ad-795d-45eb-9ad8-9d704f7a3f43,2026-07-20T21:30:00Z,2026-07-20T23:30:00+0200,125.41,EUR/MWh,BE,BE,imbalance_price,Long,2026-08-03T03:49:42Z
2026-08-03T03:49:03Z,2026-08-03T05:49:03+0200,d815d4ad-795d-45eb-9ad8-9d704f7a3f43,2026-07-20T21:30:00Z,2026-07-20T23:30:00+0200,125.41,EUR/MWh,BE,BE,imbalance_price,Short,2026-08-03T03:49:42Z
2026-08-03T03:49:03Z,2026-08-03T05:49:03+0200,d815d4ad-795d-45eb-9ad8-9d704f7a3f43,2026-07-20T21:45:00Z,2026-07-20T23:45:00+0200,120.24,EUR/MWh,BE,BE,imbalance_price,Long,2026-08-03T03:49:42Z
2026-08-03T03:49:03Z,2026-08-03T05:49:03+0200,d815d4ad-795d-45eb-9ad8-9d704f7a3f43,2026-07-20T21:45:00Z,2026-07-20T23:45:00+0200,120.24,EUR/MWh,BE,BE,imbalance_price,Short,2026-08-03T03:49:42Z
2026-08-03T03:49:03Z,2026-08-03T05:49:03+0200,d815d4ad-795d-45eb-9ad8-9d704f7a3f43,2026-07-20T22:00:00Z,2026-07-21T00:00:00+0200,188.85,EUR/MWh,BE,BE,imbalance_price,Long,2026-08-03T03:49:42Z
2026-08-03T03:49:03Z,2026-08-03T05:49:03+0200,d815d4ad-795d-45eb-9ad8-9d704f7a3f43,2026-07-20T22:00:00Z,2026-07-21T00:00:00+0200,188.85,EUR/MWh,BE,BE,imbalance_price,Short,2026-08-03T03:49:42Z
2026-08-03T03:49:03Z,2026-08-03T05:49:03+0200,d815d4ad-795d-45eb-9ad8-9d704f7a3f43,2026-07-20T22:15:00Z,2026-07-21T00:15:00+0200,167.61,EUR/MWh,BE,BE,imbalance_price,Long,2026-08-03T03:49:42Z
2026-08-03T03:49:03Z,2026-08-03T05:49:03+0200,d815d4ad-795d-45eb-9ad8-9d704f7a3f43,2026-07-20T22:15:00Z,2026-07-21T00:15:00+0200,167.61,EUR/MWh,BE,BE,imbalance_price,Short,2026-08-03T03:49:42Z
2026-08-03T03:49:03Z,2026-08-03T05:49:03+0200,d815d4ad-795d-45eb-9ad8-9d704f7a3f43,2026-07-20T22:30:00Z,2026-07-21T00:30:00+0200,167.55,EUR/MWh,BE,BE,imbalance_price,Long,2026-08-03T03:49:42Z
2026-08-03T03:49:03Z,2026-08-03T05:49:03+0200,d815d4ad-795d-45eb-9ad8-9d704f7a3f43,2026-07-20T22:30:00Z,2026-07-21T00:30:00+0200,167.55,EUR/MWh,BE,BE,imbalance_price,Short,2026-08-03T03:49:42Z
2026-08-03T03:49:03Z,2026-08-03T05:49:03+0200,d815d4ad-795d-45eb-9ad8-9d704f7a3f43,2026-07-20T22:45:00Z,2026-07-21T00:45:00+0200,164.96,EUR/MWh,BE,BE,imbalance_price,Long,2026-08-03T03:49:42Z
2026-08-03T03:49:03Z,2026-08-03T05:49:03+0200,d815d4ad-795d-45eb-9ad8-9d704f7a3f43,2026-07-20T22:45:00Z,2026-07-21T00:45:00+0200,164.96,EUR/MWh,BE,BE,imbalance_price,Short,2026-08-03T03:49:42Z
2026-08-03T03:49:03Z,2026-08-03T05:49:03+0200,d815d4ad-795d-45eb-9ad8-9d704f7a3f43,2026-07-20T23:00:00Z,2026-07-21T01:00:00+0200,131.48,EUR/MWh,BE,BE,imbalance_price,Long,2026-08-03T03:49:42Z
2026-08-03T03:49:03Z,2026-08-03T05:49:03+0200,d815d4ad-795d-45eb-9ad8-9d704f7a3f43,2026-07-20T23:00:00Z,2026-07-21T01:00:00+0200,131.48,EUR/MWh,BE,BE,imbalance_price,Short,2026-08-03T03:49:42Z
2026-08-03T03:49:03Z,2026-08-03T05:49:03+0200,d815d4ad-795d-45eb-9ad8-9d704f7a3f43,2026-07-20T23:15:00Z,2026-07-21T01:15:00+0200,163.01,EUR/MWh,BE,BE,imbalance_price,Long,2026-08-03T03:49:42Z
2026-08-03T03:49:03Z,2026-08-03T05:49:03+0200,d815d4ad-795d-45eb-9ad8-9d704f7a3f43,2026-07-20T23:15:00Z,2026-07-21T01:15:00+0200,163.01,EUR/MWh,BE,BE,imbalance_price,Short,2026-08-03T03:49:42Z
2026-08-03T03:49:03Z,2026-08-03T05:49:03+0200,d815d4ad-795d-45eb-9ad8-9d704f7a3f43,2026-07-20T23:30:00Z,2026-07-21T01:30:00+0200,170.49,EUR/MWh,BE,BE,imbalance_price,Long,2026-08-03T03:49:42Z
2026-08-03T03:49:03Z,2026-08-03T05:49:03+0200,d815d4ad-795d-45eb-9ad8-9d704f7a3f43,2026-07-20T23:30:00Z,2026-07-21T01:30:00+0200,170.49,EUR/MWh,BE,BE,imbalance_price,Short,2026-08-03T03:49:42Z
2026-08-03T03:49:03Z,2026-08-03T05:49:03+0200,d815d4ad-795d-45eb-9ad8-9d704f7a3f43,2026-07-20T23:45:00Z,2026-07-21T01:45:00+0200,156.45,EUR/MWh,BE,BE,imbalance_price,Long,2026-08-03T03:49:42Z
2026-08-03T03:49:03Z,2026-08-03T05:49:03+0200,d815d4ad-795d-45eb-9ad8-9d704f7a3f43,2026-07-20T23:45:00Z,2026-07-21T01:45:00+0200,156.45,EUR/MWh,BE,BE,imbalance_price,Short,2026-08-03T03:49:42Z
2026-08-03T03:49:03Z,2026-08-03T05:49:03+0200,d815d4ad-795d-45eb-9ad8-9d704f7a3f43,2026-07-21T00:00:00Z,2026-07-21T02:00:00+0200,168.31,EUR/MWh,BE,BE,imbalance_price,Long,2026-08-03T03:49:42Z
2026-08-03T03:49:03Z,2026-08-03T05:49:03+0200,d815d4ad-795d-45eb-9ad8-9d704f7a3f43,2026-07-21T00:00:00Z,2026-07-21T02:00:00+0200,168.31,EUR/MWh,BE,BE,imbalance_price,Short,2026-08-03T03:49:42Z
2026-08-03T03:49:03Z,2026-08-03T05:49:03+0200,d815d4ad-795d-45eb-9ad8-9d704f7a3f43,2026-07-21T00:15:00Z,2026-07-21T02:15:00+0200,170.19,EUR/MWh,BE,BE,imbalance_price,Long,2026-08-03T03:49:42Z
2026-08-03T03:49:03Z,2026-08-03T05:49:03+0200,d815d4ad-795d-45eb-9ad8-9d704f7a3f43,2026-07-21T00:15:00Z,2026-07-21T02:15:00+0200,170.19,EUR/MWh,BE,BE,imbalance_price,Short,2026-08-03T03:49:42Z
2026-08-03T03:49:03Z,2026-08-03T05:49:03+0200,d815d4ad-795d-45eb-9ad8-9d704f7a3f43,2026-07-21T00:30:00Z,2026-07-21T02:30:00+0200,172.19,EUR/MWh,BE,BE,imbalance_price,Long,2026-08-03T03:49:42Z
2026-08-03T03:49:03Z,2026-08-03T05:49:03+0200,d815d4ad-795d-45eb-9ad8-9d704f7a3f43,2026-07-21T00:30:00Z,2026-07-21T02:30:00+0200,172.19,EUR/MWh,BE,BE,imbalance_price,Short,2026-08-03T03:49:42Z
2026-08-03T03:49:03Z,2026-08-03T05:49:03+0200,d815d4ad-795d-45eb-9ad8-9d704f7a3f43,2026-07-21T00:45:00Z,2026-07-21T02:45:00+0200,166.57,EUR/MWh,BE,BE,imbalance_price,Long,2026-08-03T03:49:42Z
2026-08-03T03:49:03Z,2026-08-03T05:49:03+0200,d815d4ad-795d-45eb-9ad8-9d704f7a3f43,2026-07-21T00:45:00Z,2026-07-21T02:45:00+0200,166.57,EUR/MWh,BE,BE,imbalance_price,Short,2026-08-03T03:49:42Z
2026-08-03T03:49:03Z,2026-08-03T05:49:03+0200,d815d4ad-795d-45eb-9ad8-9d704f7a3f43,2026-07-21T01:00:00Z,2026-07-21T03:00:00+0200,171.62,EUR/MWh,BE,BE,imbalance_price,Long,2026-08-03T03:49:42Z
2026-08-03T03:49:03Z,2026-08-03T05:49:03+0200,d815d4ad-795d-45eb-9ad8-9d704f7a3f43,2026-07-21T01:00:00Z,2026-07-21T03:00:00+0200,171.62,EUR/MWh,BE,BE,imbalance_price,Short,2026-08-03T03:49:42Z
2026-08-03T03:49:03Z,2026-08-03T05:49:03+0200,d815d4ad-795d-45eb-9ad8-9d704f7a3f43,2026-07-21T01:15:00Z,2026-07-21T03:15:00+0200,176.25,EUR/MWh,BE,BE,imbalance_price,Long,2026-08-03T03:49:42Z
2026-08-03T03:49:03Z,2026-08-03T05:49:03+0200,d815d4ad-795d-45eb-9ad8-9d704f7a3f43,2026-07-21T01:15:00Z,2026-07-21T03:15:00+0200,176.25,EUR/MWh,BE,BE,imbalance_price,Short,2026-08-03T03:49:42Z
2026-08-03T03:49:03Z,2026-08-03T05:49:03+0200,d815d4ad-795d-45eb-9ad8-9d704f7a3f43,2026-07-21T01:30:00Z,2026-07-21T03:30:00+0200,171.82,EUR/MWh,BE,BE,imbalance_price,Long,2026-08-03T03:49:42Z
2026-08-03T03:49:03Z,2026-08-03T05:49:03+0200,d815d4ad-795d-45eb-9ad8-9d704f7a3f43,2026-07-21T01:30:00Z,2026-07-21T03:30:00+0200,171.82,EUR/MWh,BE,BE,imbalance_price,Short,2026-08-03T03:49:42Z
2026-08-03T03:49:03Z,2026-08-03T05:49:03+0200,d815d4ad-795d-45eb-9ad8-9d704f7a3f43,2026-07-21T01:45:00Z,2026-07-21T03:45:00+0200,147.84,EUR/MWh,BE,BE,imbalance_price,Long,2026-08-03T03:49:42Z
2026-08-03T03:49:03Z,2026-08-03T05:49:03+0200,d815d4ad-795d-45eb-9ad8-9d704f7a3f43,2026-07-21T01:45:00Z,2026-07-21T03:45:00+0200,147.84,EUR/MWh,BE,BE,imbalance_price,Short,2026-08-03T03:49:42Z
2026-08-03T03:49:03Z,2026-08-03T05:49:03+0200,d815d4ad-795d-45eb-9ad8-9d704f7a3f43,2026-07-21T02:00:00Z,2026-07-21T04:00:00+0200,164.58,EUR/MWh,BE,BE,imbalance_price,Long,2026-08-03T03:49:42Z
2026-08-03T03:49:03Z,2026-08-03T05:49:03+0200,d815d4ad-795d-45eb-9ad8-9d704f7a3f43,2026-07-21T02:00:00Z,2026-07-21T04:00:00+0200,164.58,EUR/MWh,BE,BE,imbalance_price,Short,2026-08-03T03:49:42Z
2026-08-03T03:49:03Z,2026-08-03T05:49:03+0200,d815d4ad-795d-45eb-9ad8-9d704f7a3f43,2026-07-21T02:15:00Z,2026-07-21T04:15:00+0200,162.01,EUR/MWh,BE,BE,imbalance_price,Long,2026-08-03T03:49:42Z
2026-08-03T03:49:03Z,2026-08-03T05:49:03+0200,d815d4ad-795d-45eb-9ad8-9d704f7a3f43,2026-07-21T02:15:00Z,2026-07-21T04:15:00+0200,162.01,EUR/MWh,BE,BE,imbalance_price,Short,2026-08-03T03:49:42Z
2026-08-03T03:49:03Z,2026-08-03T05:49:03+0200,d815d4ad-795d-45eb-9ad8-9d704f7a3f43,2026-07-21T02:30:00Z,2026-07-21T04:30:00+0200,166.16,EUR/MWh,BE,BE,imbalance_price,Long,2026-08-03T03:49:42Z
2026-08-03T03:49:03Z,2026-08-03T05:49:03+0200,d815d4ad-795d-45eb-9ad8-9d704f7a3f43,2026-07-21T02:30:00Z,2026-07-21T04:30:00+0200,166.16,EUR/MWh,BE,BE,imbalance_price,Short,2026-08-03T03:49:42Z
2026-08-03T03:49:03Z,2026-08-03T05:49:03+0200,d815d4ad-795d-45eb-9ad8-9d704f7a3f43,2026-07-21T02:45:00Z,2026-07-21T04:45:00+0200,168.63,EUR/MWh,BE,BE,imbalance_price,Long,2026-08-03T03:49:42Z
2026-08-03T03:49:03Z,2026-08-03T05:49:03+0200,d815d4ad-795d-45eb-9ad8-9d704f7a3f43,2026-07-21T02:45:00Z,2026-07-21T04:45:00+0200,168.63,EUR/MWh,BE,BE,imbalance_price,Short,2026-08-03T03:49:42Z
2026-08-03T03:49:03Z,2026-08-03T05:49:03+0200,d815d4ad-795d-45eb-9ad8-9d704f7a3f43,2026-07-21T03:00:00Z,2026-07-21T05:00:00+0200,166.52,EUR/MWh,BE,BE,imbalance_price,Long,2026-08-03T03:49:42Z
2026-08-03T03:49:03Z,2026-08-03T05:49:03+0200,d815d4ad-795d-45eb-9ad8-9d704f7a3f43,2026-07-21T03:00:00Z,2026-07-21T05:00:00+0200,166.52,EUR/MWh,BE,BE,imbalance_price,Short,2026-08-03T03:49:42Z
2026-08-03T03:49:03Z,2026-08-03T05:49:03+0200,d815d4ad-795d-45eb-9ad8-9d704f7a3f43,2026-07-21T03:15:00Z,2026-07-21T05:15:00+0200,152.86,EUR/MWh,BE,BE,imbalance_price,Long,2026-08-03T03:49:42Z
2026-08-03T03:49:03Z,2026-08-03T05:49:03+0200,d815d4ad-795d-45eb-9ad8-9d704f7a3f43,2026-07-21T03:15:00Z,2026-07-21T05:15:00+0200,152.86,EUR/MWh,BE,BE,imbalance_price,Short,2026-08-03T03:49:42Z
2026-08-03T03:49:03Z,2026-08-03T05:49:03+0200,d815d4ad-795d-45eb-9ad8-9d704f7a3f43,2026-07-21T03:30:00Z,2026-07-21T05:30:00+0200,158.87,EUR/MWh,BE,BE,imbalance_price,Long,2026-08-03T03:49:42Z
2026-08-03T03:49:03Z,2026-08-03T05:49:03+0200,d815d4ad-795d-45eb-9ad8-9d704f7a3f43,2026-07-21T03:30:00Z,2026-07-21T05:30:00+0200,158.87,EUR/MWh,BE,BE,imbalance_price,Short,2026-08-03T03:49:42Z
2026-08-03T03:49:03Z,2026-08-03T05:49:03+0200,d815d4ad-795d-45eb-9ad8-9d704f7a3f43,2026-07-21T03:45:00Z,2026-07-21T05:45:00+0200,163.06,EUR/MWh,BE,BE,imbalance_price,Long,2026-08-03T03:49:42Z
2026-08-03T03:49:03Z,2026-08-03T05:49:03+0200,d815d4ad-795d-45eb-9ad8-9d704f7a3f43,2026-07-21T03:45:00Z,2026-07-21T05:45:00+0200,163.06,EUR/MWh,BE,BE,imbalance_price,Short,2026-08-03T03:49:42Z
2026-08-03T03:49:03Z,2026-08-03T05:49:03+0200,d815d4ad-795d-45eb-9ad8-9d704f7a3f43,2026-07-21T04:00:00Z,2026-07-21T06:00:00+0200,180.64,EUR/MWh,BE,BE,imbalance_price,Long,2026-08-03T03:49:42Z
2026-08-03T03:49:03Z,2026-08-03T05:49:03+0200,d815d4ad-795d-45eb-9ad8-9d704f7a3f43,2026-07-21T04:00:00Z,2026-07-21T06:00:00+0200,180.64,EUR/MWh,BE,BE,imbalance_price,Short,2026-08-03T03:49:42Z
2026-08-03T03:49:03Z,2026-08-03T05:49:03+0200,d815d4ad-795d-45eb-9ad8-9d704f7a3f43,2026-07-21T04:15:00Z,2026-07-21T06:15:00+0200,173.05,EUR/MWh,BE,BE,imbalance_price,Long,2026-08-03T03:49:42Z
2026-08-03T03:49:03Z,2026-08-03T05:49:03+0200,d815d4ad-795d-45eb-9ad8-9d704f7a3f43,2026-07-21T04:15:00Z,2026-07-21T06:15:00+0200,173.05,EUR/MWh,BE,BE,imbalance_price,Short,2026-08-03T03:49:42Z
2026-08-03T03:49:03Z,2026-08-03T05:49:03+0200,d815d4ad-795d-45eb-9ad8-9d704f7a3f43,2026-07-21T04:30:00Z,2026-07-21T06:30:00+0200,164.95,EUR/MWh,BE,BE,imbalance_price,Long,2026-08-03T03:49:42Z
2026-08-03T03:49:03Z,2026-08-03T05:49:03+0200,d815d4ad-795d-45eb-9ad8-9d704f7a3f43,2026-07-21T04:30:00Z,2026-07-21T06:30:00+0200,164.95,EUR/MWh,BE,BE,imbalance_price,Short,2026-08-03T03:49:42Z
2026-08-03T03:49:03Z,2026-08-03T05:49:03+0200,d815d4ad-795d-45eb-9ad8-9d704f7a3f43,2026-07-21T04:45:00Z,2026-07-21T06:45:00+0200,165.48,EUR/MWh,BE,BE,imbalance_price,Long,2026-08-03T03:49:42Z
2026-08-03T03:49:03Z,2026-08-03T05:49:03+0200,d815d4ad-795d-45eb-9ad8-9d704f7a3f43,2026-07-21T04:45:00Z,2026-07-21T06:45:00+0200,165.48,EUR/MWh,BE,BE,imbalance_price,Short,2026-08-03T03:49:42Z
2026-08-03T03:49:03Z,2026-08-03T05:49:03+0200,d815d4ad-795d-45eb-9ad8-9d704f7a3f43,2026-07-21T05:00:00Z,2026-07-21T07:00:00+0200,175.94,EUR/MWh,BE,BE,imbalance_price,Long,2026-08-03T03:49:42Z
2026-08-03T03:49:03Z,2026-08-03T05:49:03+0200,d815d4ad-795d-45eb-9ad8-9d704f7a3f43,2026-07-21T05:00:00Z,2026-07-21T07:00:00+0200,175.94,EUR/MWh,BE,BE,imbalance_price,Short,2026-08-03T03:49:42Z
2026-08-03T03:49:03Z,2026-08-03T05:49:03+0200,d815d4ad-795d-45eb-9ad8-9d704f7a3f43,2026-07-21T05:15:00Z,2026-07-21T07:15:00+0200,180.23,EUR/MWh,BE,BE,imbalance_price,Long,2026-08-03T03:49:42Z
2026-08-03T03:49:03Z,2026-08-03T05:49:03+0200,d815d4ad-795d-45eb-9ad8-9d704f7a3f43,2026-07-21T05:15:00Z,2026-07-21T07:15:00+0200,180.23,EUR/MWh,BE,BE,imbalance_price,Short,2026-08-03T03:49:42Z
2026-08-03T03:49:03Z,2026-08-03T05:49:03+0200,d815d4ad-795d-45eb-9ad8-9d704f7a3f43,2026-07-21T05:30:00Z,2026-07-21T07:30:00+0200,167.36,EUR/MWh,BE,BE,imbalance_price,Long,2026-08-03T03:49:42Z
2026-08-03T03:49:03Z,2026-08-03T05:49:03+0200,d815d4ad-795d-45eb-9ad8-9d704f7a3f43,2026-07-21T05:30:00Z,2026-07-21T07:30:00+0200,167.36,EUR/MWh,BE,BE,imbalance_price,Short,2026-08-03T03:49:42Z
2026-08-03T03:49:03Z,2026-08-03T05:49:03+0200,d815d4ad-795d-45eb-9ad8-9d704f7a3f43,2026-07-21T05:45:00Z,2026-07-21T07:45:00+0200,157.23,EUR/MWh,BE,BE,imbalance_price,Long,2026-08-03T03:49:42Z
2026-08-03T03:49:03Z,2026-08-03T05:49:03+0200,d815d4ad-795d-45eb-9ad8-9d704f7a3f43,2026-07-21T05:45:00Z,2026-07-21T07:45:00+0200,157.23,EUR/MWh,BE,BE,imbalance_price,Short,2026-08-03T03:49:42Z
2026-08-03T03:49:03Z,2026-08-03T05:49:03+0200,d815d4ad-795d-45eb-9ad8-9d704f7a3f43,2026-07-21T06:00:00Z,2026-07-21T08:00:00+0200,132.1,EUR/MWh,BE,BE,imbalance_price,Long,2026-08-03T03:49:42Z
2026-08-03T03:49:03Z,2026-08-03T05:49:03+0200,d815d4ad-795d-45eb-9ad8-9d704f7a3f43,2026-07-21T06:00:00Z,2026-07-21T08:00:00+0200,132.1,EUR/MWh,BE,BE,imbalance_price,Short,2026-08-03T03:49:42Z
2026-08-03T03:49:03Z,2026-08-03T05:49:03+0200,d815d4ad-795d-45eb-9ad8-9d704f7a3f43,2026-07-21T06:15:00Z,2026-07-21T08:15:00+0200,123.2,EUR/MWh,BE,BE,imbalance_price,Long,2026-08-03T03:49:42Z
2026-08-03T03:49:03Z,2026-08-03T05:49:03+0200,d815d4ad-795d-45eb-9ad8-9d704f7a3f43,2026-07-21T06:15:00Z,2026-07-21T08:15:00+0200,123.2,EUR/MWh,BE,BE,imbalance_price,Short,2026-08-03T03:49:42Z
2026-08-03T03:49:03Z,2026-08-03T05:49:03+0200,d815d4ad-795d-45eb-9ad8-9d704f7a3f43,2026-07-21T06:30:00Z,2026-07-21T08:30:00+0200,97.0,EUR/MWh,BE,BE,imbalance_price,Long,2026-08-03T03:49:42Z
2026-08-03T03:49:03Z,2026-08-03T05:49:03+0200,d815d4ad-795d-45eb-9ad8-9d704f7a3f43,2026-07-21T06:30:00Z,2026-07-21T08:30:00+0200,97.0,EUR/MWh,BE,BE,imbalance_price,Short,2026-08-03T03:49:42Z
2026-08-03T03:49:03Z,2026-08-03T05:49:03+0200,d815d4ad-795d-45eb-9ad8-9d704f7a3f43,2026-07-21T06:45:00Z,2026-07-21T08:45:00+0200,97.0,EUR/MWh,BE,BE,imbalance_price,Long,2026-08-03T03:49:42Z
2026-08-03T03:49:03Z,2026-08-03T05:49:03+0200,d815d4ad-795d-45eb-9ad8-9d704f7a3f43,2026-07-21T06:45:00Z,2026-07-21T08:45:00+0200,97.0,EUR/MWh,BE,BE,imbalance_price,Short,2026-08-03T03:49:42Z
2026-08-03T03:49:03Z,2026-08-03T05:49:03+0200,d815d4ad-795d-45eb-9ad8-9d704f7a3f43,2026-07-21T07:00:00Z,2026-07-21T09:00:00+0200,96.1,EUR/MWh,BE,BE,imbalance_price,Long,2026-08-03T03:49:42Z
2026-08-03T03:49:03Z,2026-08-03T05:49:03+0200,d815d4ad-795d-45eb-9ad8-9d704f7a3f43,2026-07-21T07:00:00Z,2026-07-21T09:00:00+0200,96.1,EUR/MWh,BE,BE,imbalance_price,Short,2026-08-03T03:49:42Z
2026-08-03T03:49:03Z,2026-08-03T05:49:03+0200,d815d4ad-795d-45eb-9ad8-9d704f7a3f43,2026-07-21T07:15:00Z,2026-07-21T09:15:00+0200,95.8,EUR/MWh,BE,BE,imbalance_price,Long,2026-08-03T03:49:42Z
2026-08-03T03:49:03Z,2026-08-03T05:49:03+0200,d815d4ad-795d-45eb-9ad8-9d704f7a3f43,2026-07-21T07:15:00Z,2026-07-21T09:15:00+0200,95.8,EUR/MWh,BE,BE,imbalance_price,Short,2026-08-03T03:49:42Z
2026-08-03T03:49:03Z,2026-08-03T05:49:03+0200,d815d4ad-795d-45eb-9ad8-9d704f7a3f43,2026-07-21T07:30:00Z,2026-07-21T09:30:00+0200,66.36,EUR/MWh,BE,BE,imbalance_price,Long,2026-08-03T03:49:42Z
2026-08-03T03:49:03Z,2026-08-03T05:49:03+0200,d815d4ad-795d-45eb-9ad8-9d704f7a3f43,2026-07-21T07:30:00Z,2026-07-21T09:30:00+0200,66.36,EUR/MWh,BE,BE,imbalance_price,Short,2026-08-03T03:49:42Z
2026-08-03T03:49:03Z,2026-08-03T05:49:03+0200,d815d4ad-795d-45eb-9ad8-9d704f7a3f43,2026-07-21T07:45:00Z,2026-07-21T09:45:00+0200,41.78,EUR/MWh,BE,BE,imbalance_price,Long,2026-08-03T03:49:42Z
2026-08-03T03:49:03Z,2026-08-03T05:49:03+0200,d815d4ad-795d-45eb-9ad8-9d704f7a3f43,2026-07-21T07:45:00Z,2026-07-21T09:45:00+0200,41.78,EUR/MWh,BE,BE,imbalance_price,Short,2026-08-03T03:49:42Z
2026-08-03T03:49:03Z,2026-08-03T05:49:03+0200,d815d4ad-795d-45eb-9ad8-9d704f7a3f43,2026-07-21T08:00:00Z,2026-07-21T10:00:00+0200,108.2,EUR/MWh,BE,BE,imbalance_price,Long,2026-08-03T03:49:42Z
2026-08-03T03:49:03Z,2026-08-03T05:49:03+0200,d815d4ad-795d-45eb-9ad8-9d704f7a3f43,2026-07-21T08:00:00Z,2026-07-21T10:00:00+0200,108.2,EUR/MWh,BE,BE,imbalance_price,Short,2026-08-03T03:49:42Z
2026-08-03T03:49:03Z,2026-08-03T05:49:03+0200,d815d4ad-795d-45eb-9ad8-9d704f7a3f43,2026-07-21T08:15:00Z,2026-07-21T10:15:00+0200,237.28,EUR/MWh,BE,BE,imbalance_price,Long,2026-08-03T03:49:42Z
2026-08-03T03:49:03Z,2026-08-03T05:49:03+0200,d815d4ad-795d-45eb-9ad8-9d704f7a3f43,2026-07-21T08:15:00Z,2026-07-21T10:15:00+0200,237.28,EUR/MWh,BE,BE,imbalance_price,Short,2026-08-03T03:49:42Z
2026-08-03T03:49:03Z,2026-08-03T05:49:03+0200,d815d4ad-795d-45eb-9ad8-9d704f7a3f43,2026-07-21T08:30:00Z,2026-07-21T10:30:00+0200,19.63,EUR/MWh,BE,BE,imbalance_price,Long,2026-08-03T03:49:42Z
2026-08-03T03:49:03Z,2026-08-03T05:49:03+0200,d815d4ad-795d-45eb-9ad8-9d704f7a3f43,2026-07-21T08:30:00Z,2026-07-21T10:30:00+0200,19.63,EUR/MWh,BE,BE,imbalance_price,Short,2026-08-03T03:49:42Z
2026-08-03T03:49:03Z,2026-08-03T05:49:03+0200,d815d4ad-795d-45eb-9ad8-9d704f7a3f43,2026-07-21T08:45:00Z,2026-07-21T10:45:00+0200,59.53,EUR/MWh,BE,BE,imbalance_price,Long,2026-08-03T03:49:42Z
2026-08-03T03:49:03Z,2026-08-03T05:49:03+0200,d815d4ad-795d-45eb-9ad8-9d704f7a3f43,2026-07-21T08:45:00Z,2026-07-21T10:45:00+0200,59.53,EUR/MWh,BE,BE,imbalance_price,Short,2026-08-03T03:49:42Z
2026-08-03T03:49:03Z,2026-08-03T05:49:03+0200,d815d4ad-795d-45eb-9ad8-9d704f7a3f43,2026-07-21T09:00:00Z,2026-07-21T11:00:00+0200,35.91,EUR/MWh,BE,BE,imbalance_price,Long,2026-08-03T03:49:42Z
2026-08-03T03:49:03Z,2026-08-03T05:49:03+0200,d815d4ad-795d-45eb-9ad8-9d704f7a3f43,2026-07-21T09:00:00Z,2026-07-21T11:00:00+0200,35.91,EUR/MWh,BE,BE,imbalance_price,Short,2026-08-03T03:49:42Z
2026-08-03T03:49:03Z,2026-08-03T05:49:03+0200,d815d4ad-795d-45eb-9ad8-9d704f7a3f43,2026-07-21T09:15:00Z,2026-07-21T11:15:00+0200,0.09,EUR/MWh,BE,BE,imbalance_price,Long,2026-08-03T03:49:42Z
2026-08-03T03:49:03Z,2026-08-03T05:49:03+0200,d815d4ad-795d-45eb-9ad8-9d704f7a3f43,2026-07-21T09:15:00Z,2026-07-21T11:15:00+0200,0.09,EUR/MWh,BE,BE,imbalance_price,Short,2026-08-03T03:49:42Z
2026-08-03T03:49:03Z,2026-08-03T05:49:03+0200,d815d4ad-795d-45eb-9ad8-9d704f7a3f43,2026-07-21T09:30:00Z,2026-07-21T11:30:00+0200,-5.44,EUR/MWh,BE,BE,imbalance_price,Long,2026-08-03T03:49:42Z
2026-08-03T03:49:03Z,2026-08-03T05:49:03+0200,d815d4ad-795d-45eb-9ad8-9d704f7a3f43,2026-07-21T09:30:00Z,2026-07-21T11:30:00+0200,-5.44,EUR/MWh,BE,BE,imbalance_price,Short,2026-08-03T03:49:42Z
2026-08-03T03:49:03Z,2026-08-03T05:49:03+0200,d815d4ad-795d-45eb-9ad8-9d704f7a3f43,2026-07-21T09:45:00Z,2026-07-21T11:45:00+0200,-12.65,EUR/MWh,BE,BE,imbalance_price,Long,2026-08-03T03:49:42Z
2026-08-03T03:49:03Z,2026-08-03T05:49:03+0200,d815d4ad-795d-45eb-9ad8-9d704f7a3f43,2026-07-21T09:45:00Z,2026-07-21T11:45:00+0200,-12.65,EUR/MWh,BE,BE,imbalance_price,Short,2026-08-03T03:49:42Z
2026-08-03T03:49:03Z,2026-08-03T05:49:03+0200,d815d4ad-795d-45eb-9ad8-9d704f7a3f43,2026-07-21T10:00:00Z,2026-07-21T12:00:00+0200,-34.02,EUR/MWh,BE,BE,imbalance_price,Long,2026-08-03T03:49:42Z
2026-08-03T03:49:03Z,2026-08-03T05:49:03+0200,d815d4ad-795d-45eb-9ad8-9d704f7a3f43,2026-07-21T10:00:00Z,2026-07-21T12:00:00+0200,-34.02,EUR/MWh,BE,BE,imbalance_price,Short,2026-08-03T03:49:42Z
2026-08-03T03:49:03Z,2026-08-03T05:49:03+0200,d815d4ad-795d-45eb-9ad8-9d704f7a3f43,2026-07-21T10:15:00Z,2026-07-21T12:15:00+0200,-22.27,EUR/MWh,BE,BE,imbalance_price,Long,2026-08-03T03:49:42Z
2026-08-03T03:49:03Z,2026-08-03T05:49:03+0200,d815d4ad-795d-45eb-9ad8-9d704f7a3f43,2026-07-21T10:15:00Z,2026-07-21T12:15:00+0200,-22.27,EUR/MWh,BE,BE,imbalance_price,Short,2026-08-03T03:49:42Z
2026-08-03T03:49:03Z,2026-08-03T05:49:03+0200,d815d4ad-795d-45eb-9ad8-9d704f7a3f43,2026-07-21T10:30:00Z,2026-07-21T12:30:00+0200,-8.03,EUR/MWh,BE,BE,imbalance_price,Long,2026-08-03T03:49:42Z
2026-08-03T03:49:03Z,2026-08-03T05:49:03+0200,d815d4ad-795d-45eb-9ad8-9d704f7a3f43,2026-07-21T10:30:00Z,2026-07-21T12:30:00+0200,-8.03,EUR/MWh,BE,BE,imbalance_price,Short,2026-08-03T03:49:42Z
2026-08-03T03:49:03Z,2026-08-03T05:49:03+0200,d815d4ad-795d-45eb-9ad8-9d704f7a3f43,2026-07-21T10:45:00Z,2026-07-21T12:45:00+0200,-8.73,EUR/MWh,BE,BE,imbalance_price,Long,2026-08-03T03:49:42Z
2026-08-03T03:49:03Z,2026-08-03T05:49:03+0200,d815d4ad-795d-45eb-9ad8-9d704f7a3f43,2026-07-21T10:45:00Z,2026-07-21T12:45:00+0200,-8.73,EUR/MWh,BE,BE,imbalance_price,Short,2026-08-03T03:49:42Z
2026-08-03T03:49:03Z,2026-08-03T05:49:03+0200,d815d4ad-795d-45eb-9ad8-9d704f7a3f43,2026-07-21T11:00:00Z,2026-07-21T13:00:00+0200,-5.5,EUR/MWh,BE,BE,imbalance_price,Long,2026-08-03T03:49:42Z
2026-08-03T03:49:03Z,2026-08-03T05:49:03+0200,d815d4ad-795d-45eb-9ad8-9d704f7a3f43,2026-07-21T11:00:00Z,2026-07-21T13:00:00+0200,-5.5,EUR/MWh,BE,BE,imbalance_price,Short,2026-08-03T03:49:42Z
2026-08-03T03:49:03Z,2026-08-03T05:49:03+0200,d815d4ad-795d-45eb-9ad8-9d704f7a3f43,2026-07-21T11:15:00Z,2026-07-21T13:15:00+0200,-0.86,EUR/MWh,BE,BE,imbalance_price,Long,2026-08-03T03:49:42Z
2026-08-03T03:49:03Z,2026-08-03T05:49:03+0200,d815d4ad-795d-45eb-9ad8-9d704f7a3f43,2026-07-21T11:15:00Z,2026-07-21T13:15:00+0200,-0.86,EUR/MWh,BE,BE,imbalance_price,Short,2026-08-03T03:49:42Z
2026-08-03T03:49:03Z,2026-08-03T05:49:03+0200,d815d4ad-795d-45eb-9ad8-9d704f7a3f43,2026-07-21T11:30:00Z,2026-07-21T13:30:00+0200,-7.03,EUR/MWh,BE,BE,imbalance_price,Long,2026-08-03T03:49:42Z
2026-08-03T03:49:03Z,2026-08-03T05:49:03+0200,d815d4ad-795d-45eb-9ad8-9d704f7a3f43,2026-07-21T11:30:00Z,2026-07-21T13:30:00+0200,-7.03,EUR/MWh,BE,BE,imbalance_price,Short,2026-08-03T03:49:42Z
2026-08-03T03:49:03Z,2026-08-03T05:49:03+0200,d815d4ad-795d-45eb-9ad8-9d704f7a3f43,2026-07-21T11:45:00Z,2026-07-21T13:45:00+0200,-1.0,EUR/MWh,BE,BE,imbalance_price,Long,2026-08-03T03:49:42Z
2026-08-03T03:49:03Z,2026-08-03T05:49:03+0200,d815d4ad-795d-45eb-9ad8-9d704f7a3f43,2026-07-21T11:45:00Z,2026-07-21T13:45:00+0200,-1.0,EUR/MWh,BE,BE,imbalance_price,Short,2026-08-03T03:49:42Z
2026-08-03T03:49:03Z,2026-08-03T05:49:03+0200,d815d4ad-795d-45eb-9ad8-9d704f7a3f43,2026-07-21T12:00:00Z,2026-07-21T14:00:00+0200,12.2,EUR/MWh,BE,BE,imbalance_price,Long,2026-08-03T03:49:42Z
2026-08-03T03:49:03Z,2026-08-03T05:49:03+0200,d815d4ad-795d-45eb-9ad8-9d704f7a3f43,2026-07-21T12:00:00Z,2026-07-21T14:00:00+0200,12.2,EUR/MWh,BE,BE,imbalance_price,Short,2026-08-03T03:49:42Z
2026-08-03T03:49:03Z,2026-08-03T05:49:03+0200,d815d4ad-795d-45eb-9ad8-9d704f7a3f43,2026-07-21T12:15:00Z,2026-07-21T14:15:00+0200,19.8,EUR/MWh,BE,BE,imbalance_price,Long,2026-08-03T03:49:42Z
2026-08-03T03:49:03Z,2026-08-03T05:49:03+0200,d815d4ad-795d-45eb-9ad8-9d704f7a3f43,2026-07-21T12:15:00Z,2026-07-21T14:15:00+0200,19.8,EUR/MWh,BE,BE,imbalance_price,Short,2026-08-03T03:49:42Z
2026-08-03T03:49:03Z,2026-08-03T05:49:03+0200,d815d4ad-795d-45eb-9ad8-9d704f7a3f43,2026-07-21T12:30:00Z,2026-07-21T14:30:00+0200,22.0,EUR/MWh,BE,BE,imbalance_price,Long,2026-08-03T03:49:42Z
2026-08-03T03:49:03Z,2026-08-03T05:49:03+0200,d815d4ad-795d-45eb-9ad8-9d704f7a3f43,2026-07-21T12:30:00Z,2026-07-21T14:30:00+0200,22.0,EUR/MWh,BE,BE,imbalance_price,Short,2026-08-03T03:49:42Z
2026-08-03T03:49:03Z,2026-08-03T05:49:03+0200,d815d4ad-795d-45eb-9ad8-9d704f7a3f43,2026-07-21T12:45:00Z,2026-07-21T14:45:00+0200,-3.1,EUR/MWh,BE,BE,imbalance_price,Long,2026-08-03T03:49:42Z
2026-08-03T03:49:03Z,2026-08-03T05:49:03+0200,d815d4ad-795d-45eb-9ad8-9d704f7a3f43,2026-07-21T12:45:00Z,2026-07-21T14:45:00+0200,-3.1,EUR/MWh,BE,BE,imbalance_price,Short,2026-08-03T03:49:42Z
2026-08-03T03:49:03Z,2026-08-03T05:49:03+0200,d815d4ad-795d-45eb-9ad8-9d704f7a3f43,2026-07-21T13:00:00Z,2026-07-21T15:00:00+0200,-26.63,EUR/MWh,BE,BE,imbalance_price,Long,2026-08-03T03:49:42Z
2026-08-03T03:49:03Z,2026-08-03T05:49:03+0200,d815d4ad-795d-45eb-9ad8-9d704f7a3f43,2026-07-21T13:00:00Z,2026-07-21T15:00:00+0200,-26.63,EUR/MWh,BE,BE,imbalance_price,Short,2026-08-03T03:49:42Z
2026-08-03T03:49:03Z,2026-08-03T05:49:03+0200,d815d4ad-795d-45eb-9ad8-9d704f7a3f43,2026-07-21T13:15:00Z,2026-07-21T15:15:00+0200,-52.59,EUR/MWh,BE,BE,imbalance_price,Long,2026-08-03T03:49:42Z
2026-08-03T03:49:03Z,2026-08-03T05:49:03+0200,d815d4ad-795d-45eb-9ad8-9d704f7a3f43,2026-07-21T13:15:00Z,2026-07-21T15:15:00+0200,-52.59,EUR/MWh,BE,BE,imbalance_price,Short,2026-08-03T03:49:42Z
2026-08-03T03:49:03Z,2026-08-03T05:49:03+0200,d815d4ad-795d-45eb-9ad8-9d704f7a3f43,2026-07-21T13:30:00Z,2026-07-21T15:30:00+0200,-252.55,EUR/MWh,BE,BE,imbalance_price,Long,2026-08-03T03:49:42Z
2026-08-03T03:49:03Z,2026-08-03T05:49:03+0200,d815d4ad-795d-45eb-9ad8-9d704f7a3f43,2026-07-21T13:30:00Z,2026-07-21T15:30:00+0200,-252.55,EUR/MWh,BE,BE,imbalance_price,Short,2026-08-03T03:49:42Z
2026-08-03T03:49:03Z,2026-08-03T05:49:03+0200,d815d4ad-795d-45eb-9ad8-9d704f7a3f43,2026-07-21T13:45:00Z,2026-07-21T15:45:00+0200,-63.42,EUR/MWh,BE,BE,imbalance_price,Long,2026-08-03T03:49:42Z
2026-08-03T03:49:03Z,2026-08-03T05:49:03+0200,d815d4ad-795d-45eb-9ad8-9d704f7a3f43,2026-07-21T13:45:00Z,2026-07-21T15:45:00+0200,-63.42,EUR/MWh,BE,BE,imbalance_price,Short,2026-08-03T03:49:42Z
2026-08-03T03:49:03Z,2026-08-03T05:49:03+0200,d815d4ad-795d-45eb-9ad8-9d704f7a3f43,2026-07-21T14:00:00Z,2026-07-21T16:00:00+0200,-89.02,EUR/MWh,BE,BE,imbalance_price,Long,2026-08-03T03:49:42Z
2026-08-03T03:49:03Z,2026-08-03T05:49:03+0200,d815d4ad-795d-45eb-9ad8-9d704f7a3f43,2026-07-21T14:00:00Z,2026-07-21T16:00:00+0200,-89.02,EUR/MWh,BE,BE,imbalance_price,Short,2026-08-03T03:49:42Z
2026-08-03T03:49:03Z,2026-08-03T05:49:03+0200,d815d4ad-795d-45eb-9ad8-9d704f7a3f43,2026-07-21T14:15:00Z,2026-07-21T16:15:00+0200,83.95,EUR/MWh,BE,BE,imbalance_price,Long,2026-08-03T03:49:42Z
2026-08-03T03:49:03Z,2026-08-03T05:49:03+0200,d815d4ad-795d-45eb-9ad8-9d704f7a3f43,2026-07-21T14:15:00Z,2026-07-21T16:15:00+0200,83.95,EUR/MWh,BE,BE,imbalance_price,Short,2026-08-03T03:49:42Z
2026-08-03T03:49:03Z,2026-08-03T05:49:03+0200,d815d4ad-795d-45eb-9ad8-9d704f7a3f43,2026-07-21T14:30:00Z,2026-07-21T16:30:00+0200,88.53,EUR/MWh,BE,BE,imbalance_price,Long,2026-08-03T03:49:42Z
2026-08-03T03:49:03Z,2026-08-03T05:49:03+0200,d815d4ad-795d-45eb-9ad8-9d704f7a3f43,2026-07-21T14:30:00Z,2026-07-21T16:30:00+0200,88.53,EUR/MWh,BE,BE,imbalance_price,Short,2026-08-03T03:49:42Z
2026-08-03T03:49:03Z,2026-08-03T05:49:03+0200,d815d4ad-795d-45eb-9ad8-9d704f7a3f43,2026-07-21T14:45:00Z,2026-07-21T16:45:00+0200,30.05,EUR/MWh,BE,BE,imbalance_price,Long,2026-08-03T03:49:42Z
2026-08-03T03:49:03Z,2026-08-03T05:49:03+0200,d815d4ad-795d-45eb-9ad8-9d704f7a3f43,2026-07-21T14:45:00Z,2026-07-21T16:45:00+0200,30.05,EUR/MWh,BE,BE,imbalance_price,Short,2026-08-03T03:49:42Z
2026-08-03T03:49:03Z,2026-08-03T05:49:03+0200,d815d4ad-795d-45eb-9ad8-9d704f7a3f43,2026-07-21T15:00:00Z,2026-07-21T17:00:00+0200,15.45,EUR/MWh,BE,BE,imbalance_price,Long,2026-08-03T03:49:42Z
2026-08-03T03:49:03Z,2026-08-03T05:49:03+0200,d815d4ad-795d-45eb-9ad8-9d704f7a3f43,2026-07-21T15:00:00Z,2026-07-21T17:00:00+0200,15.45,EUR/MWh,BE,BE,imbalance_price,Short,2026-08-03T03:49:42Z
2026-08-03T03:49:03Z,2026-08-03T05:49:03+0200,d815d4ad-795d-45eb-9ad8-9d704f7a3f43,2026-07-21T15:15:00Z,2026-07-21T17:15:00+0200,106.79,EUR/MWh,BE,BE,imbalance_price,Long,2026-08-03T03:49:42Z
2026-08-03T03:49:03Z,2026-08-03T05:49:03+0200,d815d4ad-795d-45eb-9ad8-9d704f7a3f43,2026-07-21T15:15:00Z,2026-07-21T17:15:00+0200,106.79,EUR/MWh,BE,BE,imbalance_price,Short,2026-08-03T03:49:42Z
2026-08-03T03:49:03Z,2026-08-03T05:49:03+0200,d815d4ad-795d-45eb-9ad8-9d704f7a3f43,2026-07-21T15:30:00Z,2026-07-21T17:30:00+0200,132.82,EUR/MWh,BE,BE,imbalance_price,Long,2026-08-03T03:49:42Z
2026-08-03T03:49:03Z,2026-08-03T05:49:03+0200,d815d4ad-795d-45eb-9ad8-9d704f7a3f43,2026-07-21T15:30:00Z,2026-07-21T17:30:00+0200,132.82,EUR/MWh,BE,BE,imbalance_price,Short,2026-08-03T03:49:42Z
2026-08-03T03:49:03Z,2026-08-03T05:49:03+0200,d815d4ad-795d-45eb-9ad8-9d704f7a3f43,2026-07-21T15:45:00Z,2026-07-21T17:45:00+0200,124.45,EUR/MWh,BE,BE,imbalance_price,Long,2026-08-03T03:49:42Z
2026-08-03T03:49:03Z,2026-08-03T05:49:03+0200,d815d4ad-795d-45eb-9ad8-9d704f7a3f43,2026-07-21T15:45:00Z,2026-07-21T17:45:00+0200,124.45,EUR/MWh,BE,BE,imbalance_price,Short,2026-08-03T03:49:42Z
2026-08-03T03:49:03Z,2026-08-03T05:49:03+0200,d815d4ad-795d-45eb-9ad8-9d704f7a3f43,2026-07-21T16:00:00Z,2026-07-21T18:00:00+0200,134.55,EUR/MWh,BE,BE,imbalance_price,Long,2026-08-03T03:49:42Z
2026-08-03T03:49:03Z,2026-08-03T05:49:03+0200,d815d4ad-795d-45eb-9ad8-9d704f7a3f43,2026-07-21T16:00:00Z,2026-07-21T18:00:00+0200,134.55,EUR/MWh,BE,BE,imbalance_price,Short,2026-08-03T03:49:42Z
2026-08-03T03:49:03Z,2026-08-03T05:49:03+0200,d815d4ad-795d-45eb-9ad8-9d704f7a3f43,2026-07-21T16:15:00Z,2026-07-21T18:15:00+0200,174.45,EUR/MWh,BE,BE,imbalance_price,Long,2026-08-03T03:49:42Z
2026-08-03T03:49:03Z,2026-08-03T05:49:03+0200,d815d4ad-795d-45eb-9ad8-9d704f7a3f43,2026-07-21T16:15:00Z,2026-07-21T18:15:00+0200,174.45,EUR/MWh,BE,BE,imbalance_price,Short,2026-08-03T03:49:42Z
2026-08-03T03:49:03Z,2026-08-03T05:49:03+0200,d815d4ad-795d-45eb-9ad8-9d704f7a3f43,2026-07-21T16:30:00Z,2026-07-21T18:30:00+0200,184.77,EUR/MWh,BE,BE,imbalance_price,Long,2026-08-03T03:49:42Z
2026-08-03T03:49:03Z,2026-08-03T05:49:03+0200,d815d4ad-795d-45eb-9ad8-9d704f7a3f43,2026-07-21T16:30:00Z,2026-07-21T18:30:00+0200,184.77,EUR/MWh,BE,BE,imbalance_price,Short,2026-08-03T03:49:42Z
2026-08-03T03:49:03Z,2026-08-03T05:49:03+0200,d815d4ad-795d-45eb-9ad8-9d704f7a3f43,2026-07-21T16:45:00Z,2026-07-21T18:45:00+0200,179.87,EUR/MWh,BE,BE,imbalance_price,Long,2026-08-03T03:49:42Z
2026-08-03T03:49:03Z,2026-08-03T05:49:03+0200,d815d4ad-795d-45eb-9ad8-9d704f7a3f43,2026-07-21T16:45:00Z,2026-07-21T18:45:00+0200,179.87,EUR/MWh,BE,BE,imbalance_price,Short,2026-08-03T03:49:42Z
2026-08-03T03:49:03Z,2026-08-03T05:49:03+0200,d815d4ad-795d-45eb-9ad8-9d704f7a3f43,2026-07-21T17:00:00Z,2026-07-21T19:00:00+0200,192.18,EUR/MWh,BE,BE,imbalance_price,Long,2026-08-03T03:49:42Z
2026-08-03T03:49:03Z,2026-08-03T05:49:03+0200,d815d4ad-795d-45eb-9ad8-9d704f7a3f43,2026-07-21T17:00:00Z,2026-07-21T19:00:00+0200,192.18,EUR/MWh,BE,BE,imbalance_price,Short,2026-08-03T03:49:42Z
2026-08-03T03:49:03Z,2026-08-03T05:49:03+0200,d815d4ad-795d-45eb-9ad8-9d704f7a3f43,2026-07-21T17:15:00Z,2026-07-21T19:15:00+0200,186.84,EUR/MWh,BE,BE,imbalance_price,Long,2026-08-03T03:49:42Z
2026-08-03T03:49:03Z,2026-08-03T05:49:03+0200,d815d4ad-795d-45eb-9ad8-9d704f7a3f43,2026-07-21T17:15:00Z,2026-07-21T19:15:00+0200,186.84,EUR/MWh,BE,BE,imbalance_price,Short,2026-08-03T03:49:42Z
2026-08-03T03:49:03Z,2026-08-03T05:49:03+0200,d815d4ad-795d-45eb-9ad8-9d704f7a3f43,2026-07-21T17:30:00Z,2026-07-21T19:30:00+0200,182.22,EUR/MWh,BE,BE,imbalance_price,Long,2026-08-03T03:49:42Z
2026-08-03T03:49:03Z,2026-08-03T05:49:03+0200,d815d4ad-795d-45eb-9ad8-9d704f7a3f43,2026-07-21T17:30:00Z,2026-07-21T19:30:00+0200,182.22,EUR/MWh,BE,BE,imbalance_price,Short,2026-08-03T03:49:42Z
2026-08-03T03:49:03Z,2026-08-03T05:49:03+0200,d815d4ad-795d-45eb-9ad8-9d704f7a3f43,2026-07-21T17:45:00Z,2026-07-21T19:45:00+0200,182.33,EUR/MWh,BE,BE,imbalance_price,Long,2026-08-03T03:49:42Z
2026-08-03T03:49:03Z,2026-08-03T05:49:03+0200,d815d4ad-795d-45eb-9ad8-9d704f7a3f43,2026-07-21T17:45:00Z,2026-07-21T19:45:00+0200,182.33,EUR/MWh,BE,BE,imbalance_price,Short,2026-08-03T03:49:42Z
2026-08-03T03:49:03Z,2026-08-03T05:49:03+0200,d815d4ad-795d-45eb-9ad8-9d704f7a3f43,2026-07-21T18:00:00Z,2026-07-21T20:00:00+0200,145.51,EUR/MWh,BE,BE,imbalance_price,Long,2026-08-03T03:49:42Z
2026-08-03T03:49:03Z,2026-08-03T05:49:03+0200,d815d4ad-795d-45eb-9ad8-9d704f7a3f43,2026-07-21T18:00:00Z,2026-07-21T20:00:00+0200,145.51,EUR/MWh,BE,BE,imbalance_price,Short,2026-08-03T03:49:42Z
2026-08-03T03:49:03Z,2026-08-03T05:49:03+0200,d815d4ad-795d-45eb-9ad8-9d704f7a3f43,2026-07-21T18:15:00Z,2026-07-21T20:15:00+0200,176.91,EUR/MWh,BE,BE,imbalance_price,Long,2026-08-03T03:49:42Z
2026-08-03T03:49:03Z,2026-08-03T05:49:03+0200,d815d4ad-795d-45eb-9ad8-9d704f7a3f43,2026-07-21T18:15:00Z,2026-07-21T20:15:00+0200,176.91,EUR/MWh,BE,BE,imbalance_price,Short,2026-08-03T03:49:42Z
2026-08-03T03:49:03Z,2026-08-03T05:49:03+0200,d815d4ad-795d-45eb-9ad8-9d704f7a3f43,2026-07-21T18:30:00Z,2026-07-21T20:30:00+0200,162.9,EUR/MWh,BE,BE,imbalance_price,Long,2026-08-03T03:49:42Z
2026-08-03T03:49:03Z,2026-08-03T05:49:03+0200,d815d4ad-795d-45eb-9ad8-9d704f7a3f43,2026-07-21T18:30:00Z,2026-07-21T20:30:00+0200,162.9,EUR/MWh,BE,BE,imbalance_price,Short,2026-08-03T03:49:42Z
2026-08-03T03:49:03Z,2026-08-03T05:49:03+0200,d815d4ad-795d-45eb-9ad8-9d704f7a3f43,2026-07-21T18:45:00Z,2026-07-21T20:45:00+0200,140.69,EUR/MWh,BE,BE,imbalance_price,Long,2026-08-03T03:49:42Z
2026-08-03T03:49:03Z,2026-08-03T05:49:03+0200,d815d4ad-795d-45eb-9ad8-9d704f7a3f43,2026-07-21T18:45:00Z,2026-07-21T20:45:00+0200,140.69,EUR/MWh,BE,BE,imbalance_price,Short,2026-08-03T03:49:42Z
2026-08-03T03:49:03Z,2026-08-03T05:49:03+0200,d815d4ad-795d-45eb-9ad8-9d704f7a3f43,2026-07-21T19:00:00Z,2026-07-21T21:00:00+0200,163.21,EUR/MWh,BE,BE,imbalance_price,Long,2026-08-03T03:49:42Z
2026-08-03T03:49:03Z,2026-08-03T05:49:03+0200,d815d4ad-795d-45eb-9ad8-9d704f7a3f43,2026-07-21T19:00:00Z,2026-07-21T21:00:00+0200,163.21,EUR/MWh,BE,BE,imbalance_price,Short,2026-08-03T03:49:42Z
2026-08-03T03:49:03Z,2026-08-03T05:49:03+0200,d815d4ad-795d-45eb-9ad8-9d704f7a3f43,2026-07-21T19:15:00Z,2026-07-21T21:15:00+0200,169.98,EUR/MWh,BE,BE,imbalance_price,Long,2026-08-03T03:49:42Z
2026-08-03T03:49:03Z,2026-08-03T05:49:03+0200,d815d4ad-795d-45eb-9ad8-9d704f7a3f43,2026-07-21T19:15:00Z,2026-07-21T21:15:00+0200,169.98,EUR/MWh,BE,BE,imbalance_price,Short,2026-08-03T03:49:42Z
2026-08-03T03:49:03Z,2026-08-03T05:49:03+0200,d815d4ad-795d-45eb-9ad8-9d704f7a3f43,2026-07-21T19:30:00Z,2026-07-21T21:30:00+0200,156.63,EUR/MWh,BE,BE,imbalance_price,Long,2026-08-03T03:49:42Z
2026-08-03T03:49:03Z,2026-08-03T05:49:03+0200,d815d4ad-795d-45eb-9ad8-9d704f7a3f43,2026-07-21T19:30:00Z,2026-07-21T21:30:00+0200,156.63,EUR/MWh,BE,BE,imbalance_price,Short,2026-08-03T03:49:42Z
2026-08-03T03:49:03Z,2026-08-03T05:49:03+0200,d815d4ad-795d-45eb-9ad8-9d704f7a3f43,2026-07-21T19:45:00Z,2026-07-21T21:45:00+0200,158.68,EUR/MWh,BE,BE,imbalance_price,Long,2026-08-03T03:49:42Z
2026-08-03T03:49:03Z,2026-08-03T05:49:03+0200,d815d4ad-795d-45eb-9ad8-9d704f7a3f43,2026-07-21T19:45:00Z,2026-07-21T21:45:00+0200,158.68,EUR/MWh,BE,BE,imbalance_price,Short,2026-08-03T03:49:42Z
2026-08-03T03:49:03Z,2026-08-03T05:49:03+0200,d815d4ad-795d-45eb-9ad8-9d704f7a3f43,2026-07-21T20:00:00Z,2026-07-21T22:00:00+0200,164.56,EUR/MWh,BE,BE,imbalance_price,Long,2026-08-03T03:49:42Z
2026-08-03T03:49:03Z,2026-08-03T05:49:03+0200,d815d4ad-795d-45eb-9ad8-9d704f7a3f43,2026-07-21T20:00:00Z,2026-07-21T22:00:00+0200,164.56,EUR/MWh,BE,BE,imbalance_price,Short,2026-08-03T03:49:42Z
2026-08-03T03:49:03Z,2026-08-03T05:49:03+0200,d815d4ad-795d-45eb-9ad8-9d704f7a3f43,2026-07-21T20:15:00Z,2026-07-21T22:15:00+0200,106.4,EUR/MWh,BE,BE,imbalance_price,Long,2026-08-03T03:49:42Z
2026-08-03T03:49:03Z,2026-08-03T05:49:03+0200,d815d4ad-795d-45eb-9ad8-9d704f7a3f43,2026-07-21T20:15:00Z,2026-07-21T22:15:00+0200,106.4,EUR/MWh,BE,BE,imbalance_price,Short,2026-08-03T03:49:42Z
2026-08-03T03:49:03Z,2026-08-03T05:49:03+0200,d815d4ad-795d-45eb-9ad8-9d704f7a3f43,2026-07-21T20:30:00Z,2026-07-21T22:30:00+0200,128.49,EUR/MWh,BE,BE,imbalance_price,Long,2026-08-03T03:49:42Z
2026-08-03T03:49:03Z,2026-08-03T05:49:03+0200,d815d4ad-795d-45eb-9ad8-9d704f7a3f43,2026-07-21T20:30:00Z,2026-07-21T22:30:00+0200,128.49,EUR/MWh,BE,BE,imbalance_price,Short,2026-08-03T03:49:42Z
2026-08-03T03:49:03Z,2026-08-03T05:49:03+0200,d815d4ad-795d-45eb-9ad8-9d704f7a3f43,2026-07-21T20:45:00Z,2026-07-21T22:45:00+0200,138.22,EUR/MWh,BE,BE,imbalance_price,Long,2026-08-03T03:49:42Z
2026-08-03T03:49:03Z,2026-08-03T05:49:03+0200,d815d4ad-795d-45eb-9ad8-9d704f7a3f43,2026-07-21T20:45:00Z,2026-07-21T22:45:00+0200,138.22,EUR/MWh,BE,BE,imbalance_price,Short,2026-08-03T03:49:42Z
2026-08-03T03:49:03Z,2026-08-03T05:49:03+0200,d815d4ad-795d-45eb-9ad8-9d704f7a3f43,2026-07-21T21:00:00Z,2026-07-21T23:00:00+0200,148.64,EUR/MWh,BE,BE,imbalance_price,Long,2026-08-03T03:49:42Z
2026-08-03T03:49:03Z,2026-08-03T05:49:03+0200,d815d4ad-795d-45eb-9ad8-9d704f7a3f43,2026-07-21T21:00:00Z,2026-07-21T23:00:00+0200,148.64,EUR/MWh,BE,BE,imbalance_price,Short,2026-08-03T03:49:42Z
2026-08-03T03:49:03Z,2026-08-03T05:49:03+0200,d815d4ad-795d-45eb-9ad8-9d704f7a3f43,2026-07-21T21:15:00Z,2026-07-21T23:15:00+0200,163.76,EUR/MWh,BE,BE,imbalance_price,Long,2026-08-03T03:49:42Z
2026-08-03T03:49:03Z,2026-08-03T05:49:03+0200,d815d4ad-795d-45eb-9ad8-9d704f7a3f43,2026-07-21T21:15:00Z,2026-07-21T23:15:00+0200,163.76,EUR/MWh,BE,BE,imbalance_price,Short,2026-08-03T03:49:42Z
2026-08-03T03:49:03Z,2026-08-03T05:49:03+0200,d815d4ad-795d-45eb-9ad8-9d704f7a3f43,2026-07-21T21:30:00Z,2026-07-21T23:30:00+0200,168.85,EUR/MWh,BE,BE,imbalance_price,Long,2026-08-03T03:49:42Z
2026-08-03T03:49:03Z,2026-08-03T05:49:03+0200,d815d4ad-795d-45eb-9ad8-9d704f7a3f43,2026-07-21T21:30:00Z,2026-07-21T23:30:00+0200,168.85,EUR/MWh,BE,BE,imbalance_price,Short,2026-08-03T03:49:42Z
2026-08-03T03:49:03Z,2026-08-03T05:49:03+0200,d815d4ad-795d-45eb-9ad8-9d704f7a3f43,2026-07-21T21:45:00Z,2026-07-21T23:45:00+0200,167.13,EUR/MWh,BE,BE,imbalance_price,Long,2026-08-03T03:49:42Z
2026-08-03T03:49:03Z,2026-08-03T05:49:03+0200,d815d4ad-795d-45eb-9ad8-9d704f7a3f43,2026-07-21T21:45:00Z,2026-07-21T23:45:00+0200,167.13,EUR/MWh,BE,BE,imbalance_price,Short,2026-08-03T03:49:42Z
2026-08-03T03:49:03Z,2026-08-03T05:49:03+0200,d815d4ad-795d-45eb-9ad8-9d704f7a3f43,2026-07-21T22:00:00Z,2026-07-22T00:00:00+0200,117.35,EUR/MWh,BE,BE,imbalance_price,Long,2026-08-03T03:49:42Z
2026-08-03T03:49:03Z,2026-08-03T05:49:03+0200,d815d4ad-795d-45eb-9ad8-9d704f7a3f43,2026-07-21T22:00:00Z,2026-07-22T00:00:00+0200,117.35,EUR/MWh,BE,BE,imbalance_price,Short,2026-08-03T03:49:42Z
2026-08-03T03:49:03Z,2026-08-03T05:49:03+0200,d815d4ad-795d-45eb-9ad8-9d704f7a3f43,2026-07-21T22:15:00Z,2026-07-22T00:15:00+0200,134.19,EUR/MWh,BE,BE,imbalance_price,Long,2026-08-03T03:49:42Z
2026-08-03T03:49:03Z,2026-08-03T05:49:03+0200,d815d4ad-795d-45eb-9ad8-9d704f7a3f43,2026-07-21T22:15:00Z,2026-07-22T00:15:00+0200,134.19,EUR/MWh,BE,BE,imbalance_price,Short,2026-08-03T03:49:42Z
2026-08-03T03:49:03Z,2026-08-03T05:49:03+0200,d815d4ad-795d-45eb-9ad8-9d704f7a3f43,2026-07-21T22:30:00Z,2026-07-22T00:30:00+0200,122.36,EUR/MWh,BE,BE,imbalance_price,Long,2026-08-03T03:49:42Z
2026-08-03T03:49:03Z,2026-08-03T05:49:03+0200,d815d4ad-795d-45eb-9ad8-9d704f7a3f43,2026-07-21T22:30:00Z,2026-07-22T00:30:00+0200,122.36,EUR/MWh,BE,BE,imbalance_price,Short,2026-08-03T03:49:42Z
2026-08-03T03:49:03Z,2026-08-03T05:49:03+0200,d815d4ad-795d-45eb-9ad8-9d704f7a3f43,2026-07-21T22:45:00Z,2026-07-22T00:45:00+0200,110.89,EUR/MWh,BE,BE,imbalance_price,Long,2026-08-03T03:49:42Z
2026-08-03T03:49:03Z,2026-08-03T05:49:03+0200,d815d4ad-795d-45eb-9ad8-9d704f7a3f43,2026-07-21T22:45:00Z,2026-07-22T00:45:00+0200,110.89,EUR/MWh,BE,BE,imbalance_price,Short,2026-08-03T03:49:42Z
2026-08-03T03:49:03Z,2026-08-03T05:49:03+0200,d815d4ad-795d-45eb-9ad8-9d704f7a3f43,2026-07-21T23:00:00Z,2026-07-22T01:00:00+0200,127.21,EUR/MWh,BE,BE,imbalance_price,Long,2026-08-03T03:49:42Z
2026-08-03T03:49:03Z,2026-08-03T05:49:03+0200,d815d4ad-795d-45eb-9ad8-9d704f7a3f43,2026-07-21T23:00:00Z,2026-07-22T01:00:00+0200,127.21,EUR/MWh,BE,BE,imbalance_price,Short,2026-08-03T03:49:42Z
2026-08-03T03:49:03Z,2026-08-03T05:49:03+0200,d815d4ad-795d-45eb-9ad8-9d704f7a3f43,2026-07-21T23:15:00Z,2026-07-22T01:15:00+0200,133.83,EUR/MWh,BE,BE,imbalance_price,Long,2026-08-03T03:49:42Z
2026-08-03T03:49:03Z,2026-08-03T05:49:03+0200,d815d4ad-795d-45eb-9ad8-9d704f7a3f43,2026-07-21T23:15:00Z,2026-07-22T01:15:00+0200,133.83,EUR/MWh,BE,BE,imbalance_price,Short,2026-08-03T03:49:42Z
2026-08-03T03:49:03Z,2026-08-03T05:49:03+0200,d815d4ad-795d-45eb-9ad8-9d704f7a3f43,2026-07-21T23:30:00Z,2026-07-22T01:30:00+0200,131.42,EUR/MWh,BE,BE,imbalance_price,Long,2026-08-03T03:49:42Z
2026-08-03T03:49:03Z,2026-08-03T05:49:03+0200,d815d4ad-795d-45eb-9ad8-9d704f7a3f43,2026-07-21T23:30:00Z,2026-07-22T01:30:00+0200,131.42,EUR/MWh,BE,BE,imbalance_price,Short,2026-08-03T03:49:42Z
2026-08-03T03:49:03Z,2026-08-03T05:49:03+0200,d815d4ad-795d-45eb-9ad8-9d704f7a3f43,2026-07-21T23:45:00Z,2026-07-22T01:45:00+0200,128.16,EUR/MWh,BE,BE,imbalance_price,Long,2026-08-03T03:49:42Z
2026-08-03T03:49:03Z,2026-08-03T05:49:03+0200,d815d4ad-795d-45eb-9ad8-9d704f7a3f43,2026-07-21T23:45:00Z,2026-07-22T01:45:00+0200,128.16,EUR/MWh,BE,BE,imbalance_price,Short,2026-08-03T03:49:42Z
2026-08-03T03:49:03Z,2026-08-03T05:49:03+0200,d815d4ad-795d-45eb-9ad8-9d704f7a3f43,2026-07-22T00:00:00Z,2026-07-22T02:00:00+0200,143.81,EUR/MWh,BE,BE,imbalance_price,Long,2026-08-03T03:49:42Z
2026-08-03T03:49:03Z,2026-08-03T05:49:03+0200,d815d4ad-795d-45eb-9ad8-9d704f7a3f43,2026-07-22T00:00:00Z,2026-07-22T02:00:00+0200,143.81,EUR/MWh,BE,BE,imbalance_price,Short,2026-08-03T03:49:42Z
2026-08-03T03:49:03Z,2026-08-03T05:49:03+0200,d815d4ad-795d-45eb-9ad8-9d704f7a3f43,2026-07-22T00:15:00Z,2026-07-22T02:15:00+0200,131.32,EUR/MWh,BE,BE,imbalance_price,Long,2026-08-03T03:49:42Z
2026-08-03T03:49:03Z,2026-08-03T05:49:03+0200,d815d4ad-795d-45eb-9ad8-9d704f7a3f43,2026-07-22T00:15:00Z,2026-07-22T02:15:00+0200,131.32,EUR/MWh,BE,BE,imbalance_price,Short,2026-08-03T03:49:42Z
2026-08-03T03:49:03Z,2026-08-03T05:49:03+0200,d815d4ad-795d-45eb-9ad8-9d704f7a3f43,2026-07-22T00:30:00Z,2026-07-22T02:30:00+0200,141.05,EUR/MWh,BE,BE,imbalance_price,Long,2026-08-03T03:49:42Z
2026-08-03T03:49:03Z,2026-08-03T05:49:03+0200,d815d4ad-795d-45eb-9ad8-9d704f7a3f43,2026-07-22T00:30:00Z,2026-07-22T02:30:00+0200,141.05,EUR/MWh,BE,BE,imbalance_price,Short,2026-08-03T03:49:42Z
2026-08-03T03:49:03Z,2026-08-03T05:49:03+0200,d815d4ad-795d-45eb-9ad8-9d704f7a3f43,2026-07-22T00:45:00Z,2026-07-22T02:45:00+0200,139.04,EUR/MWh,BE,BE,imbalance_price,Long,2026-08-03T03:49:42Z
2026-08-03T03:49:03Z,2026-08-03T05:49:03+0200,d815d4ad-795d-45eb-9ad8-9d704f7a3f43,2026-07-22T00:45:00Z,2026-07-22T02:45:00+0200,139.04,EUR/MWh,BE,BE,imbalance_price,Short,2026-08-03T03:49:42Z
2026-08-03T03:49:03Z,2026-08-03T05:49:03+0200,d815d4ad-795d-45eb-9ad8-9d704f7a3f43,2026-07-22T01:00:00Z,2026-07-22T03:00:00+0200,128.69,EUR/MWh,BE,BE,imbalance_price,Long,2026-08-03T03:49:42Z
2026-08-03T03:49:03Z,2026-08-03T05:49:03+0200,d815d4ad-795d-45eb-9ad8-9d704f7a3f43,2026-07-22T01:00:00Z,2026-07-22T03:00:00+0200,128.69,EUR/MWh,BE,BE,imbalance_price,Short,2026-08-03T03:49:42Z
2026-08-03T03:49:03Z,2026-08-03T05:49:03+0200,d815d4ad-795d-45eb-9ad8-9d704f7a3f43,2026-07-22T01:15:00Z,2026-07-22T03:15:00+0200,137.78,EUR/MWh,BE,BE,imbalance_price,Long,2026-08-03T03:49:42Z
2026-08-03T03:49:03Z,2026-08-03T05:49:03+0200,d815d4ad-795d-45eb-9ad8-9d704f7a3f43,2026-07-22T01:15:00Z,2026-07-22T03:15:00+0200,137.78,EUR/MWh,BE,BE,imbalance_price,Short,2026-08-03T03:49:42Z
2026-08-03T03:49:03Z,2026-08-03T05:49:03+0200,d815d4ad-795d-45eb-9ad8-9d704f7a3f43,2026-07-22T01:30:00Z,2026-07-22T03:30:00+0200,119.28,EUR/MWh,BE,BE,imbalance_price,Long,2026-08-03T03:49:42Z
2026-08-03T03:49:03Z,2026-08-03T05:49:03+0200,d815d4ad-795d-45eb-9ad8-9d704f7a3f43,2026-07-22T01:30:00Z,2026-07-22T03:30:00+0200,119.28,EUR/MWh,BE,BE,imbalance_price,Short,2026-08-03T03:49:42Z
2026-08-03T03:49:03Z,2026-08-03T05:49:03+0200,d815d4ad-795d-45eb-9ad8-9d704f7a3f43,2026-07-22T01:45:00Z,2026-07-22T03:45:00+0200,122.4,EUR/MWh,BE,BE,imbalance_price,Long,2026-08-03T03:49:42Z
2026-08-03T03:49:03Z,2026-08-03T05:49:03+0200,d815d4ad-795d-45eb-9ad8-9d704f7a3f43,2026-07-22T01:45:00Z,2026-07-22T03:45:00+0200,122.4,EUR/MWh,BE,BE,imbalance_price,Short,2026-08-03T03:49:42Z
2026-08-03T03:49:03Z,2026-08-03T05:49:03+0200,d815d4ad-795d-45eb-9ad8-9d704f7a3f43,2026-07-22T02:00:00Z,2026-07-22T04:00:00+0200,170.91,EUR/MWh,BE,BE,imbalance_price,Long,2026-08-03T03:49:42Z
2026-08-03T03:49:03Z,2026-08-03T05:49:03+0200,d815d4ad-795d-45eb-9ad8-9d704f7a3f43,2026-07-22T02:00:00Z,2026-07-22T04:00:00+0200,170.91,EUR/MWh,BE,BE,imbalance_price,Short,2026-08-03T03:49:42Z
2026-08-03T03:49:03Z,2026-08-03T05:49:03+0200,d815d4ad-795d-45eb-9ad8-9d704f7a3f43,2026-07-22T02:15:00Z,2026-07-22T04:15:00+0200,140.33,EUR/MWh,BE,BE,imbalance_price,Long,2026-08-03T03:49:42Z
2026-08-03T03:49:03Z,2026-08-03T05:49:03+0200,d815d4ad-795d-45eb-9ad8-9d704f7a3f43,2026-07-22T02:15:00Z,2026-07-22T04:15:00+0200,140.33,EUR/MWh,BE,BE,imbalance_price,Short,2026-08-03T03:49:42Z
2026-08-03T03:49:03Z,2026-08-03T05:49:03+0200,d815d4ad-795d-45eb-9ad8-9d704f7a3f43,2026-07-22T02:30:00Z,2026-07-22T04:30:00+0200,132.44,EUR/MWh,BE,BE,imbalance_price,Long,2026-08-03T03:49:42Z
2026-08-03T03:49:03Z,2026-08-03T05:49:03+0200,d815d4ad-795d-45eb-9ad8-9d704f7a3f43,2026-07-22T02:30:00Z,2026-07-22T04:30:00+0200,132.44,EUR/MWh,BE,BE,imbalance_price,Short,2026-08-03T03:49:42Z
2026-08-03T03:49:03Z,2026-08-03T05:49:03+0200,d815d4ad-795d-45eb-9ad8-9d704f7a3f43,2026-07-22T02:45:00Z,2026-07-22T04:45:00+0200,168.87,EUR/MWh,BE,BE,imbalance_price,Long,2026-08-03T03:49:42Z
2026-08-03T03:49:03Z,2026-08-03T05:49:03+0200,d815d4ad-795d-45eb-9ad8-9d704f7a3f43,2026-07-22T02:45:00Z,2026-07-22T04:45:00+0200,168.87,EUR/MWh,BE,BE,imbalance_price,Short,2026-08-03T03:49:42Z
2026-08-03T03:49:03Z,2026-08-03T05:49:03+0200,d815d4ad-795d-45eb-9ad8-9d704f7a3f43,2026-07-22T03:00:00Z,2026-07-22T05:00:00+0200,133.23,EUR/MWh,BE,BE,imbalance_price,Long,2026-08-03T03:49:42Z
2026-08-03T03:49:03Z,2026-08-03T05:49:03+0200,d815d4ad-795d-45eb-9ad8-9d704f7a3f43,2026-07-22T03:00:00Z,2026-07-22T05:00:00+0200,133.23,EUR/MWh,BE,BE,imbalance_price,Short,2026-08-03T03:49:42Z
2026-08-03T03:49:03Z,2026-08-03T05:49:03+0200,d815d4ad-795d-45eb-9ad8-9d704f7a3f43,2026-07-22T03:15:00Z,2026-07-22T05:15:00+0200,135.29,EUR/MWh,BE,BE,imbalance_price,Long,2026-08-03T03:49:42Z
2026-08-03T03:49:03Z,2026-08-03T05:49:03+0200,d815d4ad-795d-45eb-9ad8-9d704f7a3f43,2026-07-22T03:15:00Z,2026-07-22T05:15:00+0200,135.29,EUR/MWh,BE,BE,imbalance_price,Short,2026-08-03T03:49:42Z
2026-08-03T03:49:03Z,2026-08-03T05:49:03+0200,d815d4ad-795d-45eb-9ad8-9d704f7a3f43,2026-07-22T03:30:00Z,2026-07-22T05:30:00+0200,116.95,EUR/MWh,BE,BE,imbalance_price,Long,2026-08-03T03:49:42Z
2026-08-03T03:49:03Z,2026-08-03T05:49:03+0200,d815d4ad-795d-45eb-9ad8-9d704f7a3f43,2026-07-22T03:30:00Z,2026-07-22T05:30:00+0200,116.95,EUR/MWh,BE,BE,imbalance_price,Short,2026-08-03T03:49:42Z
2026-08-03T03:49:03Z,2026-08-03T05:49:03+0200,d815d4ad-795d-45eb-9ad8-9d704f7a3f43,2026-07-22T03:45:00Z,2026-07-22T05:45:00+0200,114.23,EUR/MWh,BE,BE,imbalance_price,Long,2026-08-03T03:49:42Z
2026-08-03T03:49:03Z,2026-08-03T05:49:03+0200,d815d4ad-795d-45eb-9ad8-9d704f7a3f43,2026-07-22T03:45:00Z,2026-07-22T05:45:00+0200,114.23,EUR/MWh,BE,BE,imbalance_price,Short,2026-08-03T03:49:42Z
2026-08-03T03:49:03Z,2026-08-03T05:49:03+0200,d815d4ad-795d-45eb-9ad8-9d704f7a3f43,2026-07-22T04:00:00Z,2026-07-22T06:00:00+0200,130.81,EUR/MWh,BE,BE,imbalance_price,Long,2026-08-03T03:49:42Z
2026-08-03T03:49:03Z,2026-08-03T05:49:03+0200,d815d4ad-795d-45eb-9ad8-9d704f7a3f43,2026-07-22T04:00:00Z,2026-07-22T06:00:00+0200,130.81,EUR/MWh,BE,BE,imbalance_price,Short,2026-08-03T03:49:42Z
2026-08-03T03:49:03Z,2026-08-03T05:49:03+0200,d815d4ad-795d-45eb-9ad8-9d704f7a3f43,2026-07-22T04:15:00Z,2026-07-22T06:15:00+0200,130.93,EUR/MWh,BE,BE,imbalance_price,Long,2026-08-03T03:49:42Z
2026-08-03T03:49:03Z,2026-08-03T05:49:03+0200,d815d4ad-795d-45eb-9ad8-9d704f7a3f43,2026-07-22T04:15:00Z,2026-07-22T06:15:00+0200,130.93,EUR/MWh,BE,BE,imbalance_price,Short,2026-08-03T03:49:42Z
2026-08-03T03:49:03Z,2026-08-03T05:49:03+0200,d815d4ad-795d-45eb-9ad8-9d704f7a3f43,2026-07-22T04:30:00Z,2026-07-22T06:30:00+0200,142.19,EUR/MWh,BE,BE,imbalance_price,Long,2026-08-03T03:49:42Z
2026-08-03T03:49:03Z,2026-08-03T05:49:03+0200,d815d4ad-795d-45eb-9ad8-9d704f7a3f43,2026-07-22T04:30:00Z,2026-07-22T06:30:00+0200,142.19,EUR/MWh,BE,BE,imbalance_price,Short,2026-08-03T03:49:42Z
2026-08-03T03:49:03Z,2026-08-03T05:49:03+0200,d815d4ad-795d-45eb-9ad8-9d704f7a3f43,2026-07-22T04:45:00Z,2026-07-22T06:45:00+0200,141.78,EUR/MWh,BE,BE,imbalance_price,Long,2026-08-03T03:49:42Z
2026-08-03T03:49:03Z,2026-08-03T05:49:03+0200,d815d4ad-795d-45eb-9ad8-9d704f7a3f43,2026-07-22T04:45:00Z,2026-07-22T06:45:00+0200,141.78,EUR/MWh,BE,BE,imbalance_price,Short,2026-08-03T03:49:42Z
2026-08-03T03:49:03Z,2026-08-03T05:49:03+0200,d815d4ad-795d-45eb-9ad8-9d704f7a3f43,2026-07-22T05:00:00Z,2026-07-22T07:00:00+0200,153.23,EUR/MWh,BE,BE,imbalance_price,Long,2026-08-03T03:49:42Z
2026-08-03T03:49:03Z,2026-08-03T05:49:03+0200,d815d4ad-795d-45eb-9ad8-9d704f7a3f43,2026-07-22T05:00:00Z,2026-07-22T07:00:00+0200,153.23,EUR/MWh,BE,BE,imbalance_price,Short,2026-08-03T03:49:42Z
2026-08-03T03:49:03Z,2026-08-03T05:49:03+0200,d815d4ad-795d-45eb-9ad8-9d704f7a3f43,2026-07-22T05:15:00Z,2026-07-22T07:15:00+0200,140.0,EUR/MWh,BE,BE,imbalance_price,Long,2026-08-03T03:49:42Z
2026-08-03T03:49:03Z,2026-08-03T05:49:03+0200,d815d4ad-795d-45eb-9ad8-9d704f7a3f43,2026-07-22T05:15:00Z,2026-07-22T07:15:00+0200,140.0,EUR/MWh,BE,BE,imbalance_price,Short,2026-08-03T03:49:42Z
2026-08-03T03:49:03Z,2026-08-03T05:49:03+0200,d815d4ad-795d-45eb-9ad8-9d704f7a3f43,2026-07-22T05:30:00Z,2026-07-22T07:30:00+0200,140.77,EUR/MWh,BE,BE,imbalance_price,Long,2026-08-03T03:49:42Z
2026-08-03T03:49:03Z,2026-08-03T05:49:03+0200,d815d4ad-795d-45eb-9ad8-9d704f7a3f43,2026-07-22T05:30:00Z,2026-07-22T07:30:00+0200,140.77,EUR/MWh,BE,BE,imbalance_price,Short,2026-08-03T03:49:42Z
2026-08-03T03:49:03Z,2026-08-03T05:49:03+0200,d815d4ad-795d-45eb-9ad8-9d704f7a3f43,2026-07-22T05:45:00Z,2026-07-22T07:45:00+0200,137.6,EUR/MWh,BE,BE,imbalance_price,Long,2026-08-03T03:49:42Z
2026-08-03T03:49:03Z,2026-08-03T05:49:03+0200,d815d4ad-795d-45eb-9ad8-9d704f7a3f43,2026-07-22T05:45:00Z,2026-07-22T07:45:00+0200,137.6,EUR/MWh,BE,BE,imbalance_price,Short,2026-08-03T03:49:42Z
2026-08-03T03:49:03Z,2026-08-03T05:49:03+0200,d815d4ad-795d-45eb-9ad8-9d704f7a3f43,2026-07-22T06:00:00Z,2026-07-22T08:00:00+0200,102.26,EUR/MWh,BE,BE,imbalance_price,Long,2026-08-03T03:49:42Z
2026-08-03T03:49:03Z,2026-08-03T05:49:03+0200,d815d4ad-795d-45eb-9ad8-9d704f7a3f43,2026-07-22T06:00:00Z,2026-07-22T08:00:00+0200,102.26,EUR/MWh,BE,BE,imbalance_price,Short,2026-08-03T03:49:42Z
2026-08-03T03:49:03Z,2026-08-03T05:49:03+0200,d815d4ad-795d-45eb-9ad8-9d704f7a3f43,2026-07-22T06:15:00Z,2026-07-22T08:15:00+0200,102.26,EUR/MWh,BE,BE,imbalance_price,Long,2026-08-03T03:49:42Z
2026-08-03T03:49:03Z,2026-08-03T05:49:03+0200,d815d4ad-795d-45eb-9ad8-9d704f7a3f43,2026-07-22T06:15:00Z,2026-07-22T08:15:00+0200,102.26,EUR/MWh,BE,BE,imbalance_price,Short,2026-08-03T03:49:42Z
2026-08-03T03:49:03Z,2026-08-03T05:49:03+0200,d815d4ad-795d-45eb-9ad8-9d704f7a3f43,2026-07-22T06:30:00Z,2026-07-22T08:30:00+0200,95.59,EUR/MWh,BE,BE,imbalance_price,Long,2026-08-03T03:49:42Z
2026-08-03T03:49:03Z,2026-08-03T05:49:03+0200,d815d4ad-795d-45eb-9ad8-9d704f7a3f43,2026-07-22T06:30:00Z,2026-07-22T08:30:00+0200,95.59,EUR/MWh,BE,BE,imbalance_price,Short,2026-08-03T03:49:42Z
2026-08-03T03:49:03Z,2026-08-03T05:49:03+0200,d815d4ad-795d-45eb-9ad8-9d704f7a3f43,2026-07-22T06:45:00Z,2026-07-22T08:45:00+0200,88.92,EUR/MWh,BE,BE,imbalance_price,Long,2026-08-03T03:49:42Z
2026-08-03T03:49:03Z,2026-08-03T05:49:03+0200,d815d4ad-795d-45eb-9ad8-9d704f7a3f43,2026-07-22T06:45:00Z,2026-07-22T08:45:00+0200,88.92,EUR/MWh,BE,BE,imbalance_price,Short,2026-08-03T03:49:42Z
2026-08-03T03:49:03Z,2026-08-03T05:49:03+0200,d815d4ad-795d-45eb-9ad8-9d704f7a3f43,2026-07-22T07:00:00Z,2026-07-22T09:00:00+0200,115.27,EUR/MWh,BE,BE,imbalance_price,Long,2026-08-03T03:49:42Z
2026-08-03T03:49:03Z,2026-08-03T05:49:03+0200,d815d4ad-795d-45eb-9ad8-9d704f7a3f43,2026-07-22T07:00:00Z,2026-07-22T09:00:00+0200,115.27,EUR/MWh,BE,BE,imbalance_price,Short,2026-08-03T03:49:42Z
2026-08-03T03:49:03Z,2026-08-03T05:49:03+0200,d815d4ad-795d-45eb-9ad8-9d704f7a3f43,2026-07-22T07:15:00Z,2026-07-22T09:15:00+0200,105.27,EUR/MWh,BE,BE,imbalance_price,Long,2026-08-03T03:49:42Z
2026-08-03T03:49:03Z,2026-08-03T05:49:03+0200,d815d4ad-795d-45eb-9ad8-9d704f7a3f43,2026-07-22T07:15:00Z,2026-07-22T09:15:00+0200,105.27,EUR/MWh,BE,BE,imbalance_price,Short,2026-08-03T03:49:42Z
2026-08-03T03:49:03Z,2026-08-03T05:49:03+0200,d815d4ad-795d-45eb-9ad8-9d704f7a3f43,2026-07-22T07:30:00Z,2026-07-22T09:30:00+0200,102.26,EUR/MWh,BE,BE,imbalance_price,Long,2026-08-03T03:49:42Z
2026-08-03T03:49:03Z,2026-08-03T05:49:03+0200,d815d4ad-795d-45eb-9ad8-9d704f7a3f43,2026-07-22T07:30:00Z,2026-07-22T09:30:00+0200,102.26,EUR/MWh,BE,BE,imbalance_price,Short,2026-08-03T03:49:42Z
2026-08-03T03:49:03Z,2026-08-03T05:49:03+0200,d815d4ad-795d-45eb-9ad8-9d704f7a3f43,2026-07-22T07:45:00Z,2026-07-22T09:45:00+0200,111.67,EUR/MWh,BE,BE,imbalance_price,Long,2026-08-03T03:49:42Z
2026-08-03T03:49:03Z,2026-08-03T05:49:03+0200,d815d4ad-795d-45eb-9ad8-9d704f7a3f43,2026-07-22T07:45:00Z,2026-07-22T09:45:00+0200,111.67,EUR/MWh,BE,BE,imbalance_price,Short,2026-08-03T03:49:42Z
2026-08-03T03:49:03Z,2026-08-03T05:49:03+0200,d815d4ad-795d-45eb-9ad8-9d704f7a3f43,2026-07-22T08:00:00Z,2026-07-22T10:00:00+0200,96.21,EUR/MWh,BE,BE,imbalance_price,Long,2026-08-03T03:49:42Z
2026-08-03T03:49:03Z,2026-08-03T05:49:03+0200,d815d4ad-795d-45eb-9ad8-9d704f7a3f43,2026-07-22T08:00:00Z,2026-07-22T10:00:00+0200,96.21,EUR/MWh,BE,BE,imbalance_price,Short,2026-08-03T03:49:42Z
2026-08-03T03:49:03Z,2026-08-03T05:49:03+0200,d815d4ad-795d-45eb-9ad8-9d704f7a3f43,2026-07-22T08:15:00Z,2026-07-22T10:15:00+0200,111.4,EUR/MWh,BE,BE,imbalance_price,Long,2026-08-03T03:49:42Z
2026-08-03T03:49:03Z,2026-08-03T05:49:03+0200,d815d4ad-795d-45eb-9ad8-9d704f7a3f43,2026-07-22T08:15:00Z,2026-07-22T10:15:00+0200,111.4,EUR/MWh,BE,BE,imbalance_price,Short,2026-08-03T03:49:42Z
2026-08-03T03:49:03Z,2026-08-03T05:49:03+0200,d815d4ad-795d-45eb-9ad8-9d704f7a3f43,2026-07-22T08:30:00Z,2026-07-22T10:30:00+0200,154.84,EUR/MWh,BE,BE,imbalance_price,Long,2026-08-03T03:49:42Z
2026-08-03T03:49:03Z,2026-08-03T05:49:03+0200,d815d4ad-795d-45eb-9ad8-9d704f7a3f43,2026-07-22T08:30:00Z,2026-07-22T10:30:00+0200,154.84,EUR/MWh,BE,BE,imbalance_price,Short,2026-08-03T03:49:42Z
2026-08-03T03:49:03Z,2026-08-03T05:49:03+0200,d815d4ad-795d-45eb-9ad8-9d704f7a3f43,2026-07-22T08:45:00Z,2026-07-22T10:45:00+0200,56.54,EUR/MWh,BE,BE,imbalance_price,Long,2026-08-03T03:49:42Z
2026-08-03T03:49:03Z,2026-08-03T05:49:03+0200,d815d4ad-795d-45eb-9ad8-9d704f7a3f43,2026-07-22T08:45:00Z,2026-07-22T10:45:00+0200,56.54,EUR/MWh,BE,BE,imbalance_price,Short,2026-08-03T03:49:42Z
2026-08-03T03:49:03Z,2026-08-03T05:49:03+0200,d815d4ad-795d-45eb-9ad8-9d704f7a3f43,2026-07-22T09:00:00Z,2026-07-22T11:00:00+0200,115.45,EUR/MWh,BE,BE,imbalance_price,Long,2026-08-03T03:49:42Z
2026-08-03T03:49:03Z,2026-08-03T05:49:03+0200,d815d4ad-795d-45eb-9ad8-9d704f7a3f43,2026-07-22T09:00:00Z,2026-07-22T11:00:00+0200,115.45,EUR/MWh,BE,BE,imbalance_price,Short,2026-08-03T03:49:42Z
2026-08-03T03:49:03Z,2026-08-03T05:49:03+0200,d815d4ad-795d-45eb-9ad8-9d704f7a3f43,2026-07-22T09:15:00Z,2026-07-22T11:15:00+0200,154.24,EUR/MWh,BE,BE,imbalance_price,Long,2026-08-03T03:49:42Z
2026-08-03T03:49:03Z,2026-08-03T05:49:03+0200,d815d4ad-795d-45eb-9ad8-9d704f7a3f43,2026-07-22T09:15:00Z,2026-07-22T11:15:00+0200,154.24,EUR/MWh,BE,BE,imbalance_price,Short,2026-08-03T03:49:42Z
2026-08-03T03:49:03Z,2026-08-03T05:49:03+0200,d815d4ad-795d-45eb-9ad8-9d704f7a3f43,2026-07-22T09:30:00Z,2026-07-22T11:30:00+0200,172.59,EUR/MWh,BE,BE,imbalance_price,Long,2026-08-03T03:49:42Z
2026-08-03T03:49:03Z,2026-08-03T05:49:03+0200,d815d4ad-795d-45eb-9ad8-9d704f7a3f43,2026-07-22T09:30:00Z,2026-07-22T11:30:00+0200,172.59,EUR/MWh,BE,BE,imbalance_price,Short,2026-08-03T03:49:42Z
2026-08-03T03:49:03Z,2026-08-03T05:49:03+0200,d815d4ad-795d-45eb-9ad8-9d704f7a3f43,2026-07-22T09:45:00Z,2026-07-22T11:45:00+0200,278.0,EUR/MWh,BE,BE,imbalance_price,Long,2026-08-03T03:49:42Z
2026-08-03T03:49:03Z,2026-08-03T05:49:03+0200,d815d4ad-795d-45eb-9ad8-9d704f7a3f43,2026-07-22T09:45:00Z,2026-07-22T11:45:00+0200,278.0,EUR/MWh,BE,BE,imbalance_price,Short,2026-08-03T03:49:42Z
2026-08-03T03:49:03Z,2026-08-03T05:49:03+0200,d815d4ad-795d-45eb-9ad8-9d704f7a3f43,2026-07-22T10:00:00Z,2026-07-22T12:00:00+0200,56.51,EUR/MWh,BE,BE,imbalance_price,Long,2026-08-03T03:49:42Z
2026-08-03T03:49:03Z,2026-08-03T05:49:03+0200,d815d4ad-795d-45eb-9ad8-9d704f7a3f43,2026-07-22T10:00:00Z,2026-07-22T12:00:00+0200,56.51,EUR/MWh,BE,BE,imbalance_price,Short,2026-08-03T03:49:42Z
2026-08-03T03:49:03Z,2026-08-03T05:49:03+0200,d815d4ad-795d-45eb-9ad8-9d704f7a3f43,2026-07-22T10:15:00Z,2026-07-22T12:15:00+0200,132.74,EUR/MWh,BE,BE,imbalance_price,Long,2026-08-03T03:49:42Z
2026-08-03T03:49:03Z,2026-08-03T05:49:03+0200,d815d4ad-795d-45eb-9ad8-9d704f7a3f43,2026-07-22T10:15:00Z,2026-07-22T12:15:00+0200,132.74,EUR/MWh,BE,BE,imbalance_price,Short,2026-08-03T03:49:42Z
2026-08-03T03:49:03Z,2026-08-03T05:49:03+0200,d815d4ad-795d-45eb-9ad8-9d704f7a3f43,2026-07-22T10:30:00Z,2026-07-22T12:30:00+0200,34.79,EUR/MWh,BE,BE,imbalance_price,Long,2026-08-03T03:49:42Z
2026-08-03T03:49:03Z,2026-08-03T05:49:03+0200,d815d4ad-795d-45eb-9ad8-9d704f7a3f43,2026-07-22T10:30:00Z,2026-07-22T12:30:00+0200,34.79,EUR/MWh,BE,BE,imbalance_price,Short,2026-08-03T03:49:42Z
2026-08-03T03:49:03Z,2026-08-03T05:49:03+0200,d815d4ad-795d-45eb-9ad8-9d704f7a3f43,2026-07-22T10:45:00Z,2026-07-22T12:45:00+0200,-17.92,EUR/MWh,BE,BE,imbalance_price,Long,2026-08-03T03:49:42Z
2026-08-03T03:49:03Z,2026-08-03T05:49:03+0200,d815d4ad-795d-45eb-9ad8-9d704f7a3f43,2026-07-22T10:45:00Z,2026-07-22T12:45:00+0200,-17.92,EUR/MWh,BE,BE,imbalance_price,Short,2026-08-03T03:49:42Z
2026-08-03T03:49:03Z,2026-08-03T05:49:03+0200,d815d4ad-795d-45eb-9ad8-9d704f7a3f43,2026-07-22T11:00:00Z,2026-07-22T13:00:00+0200,-25.4,EUR/MWh,BE,BE,imbalance_price,Long,2026-08-03T03:49:42Z
2026-08-03T03:49:03Z,2026-08-03T05:49:03+0200,d815d4ad-795d-45eb-9ad8-9d704f7a3f43,2026-07-22T11:00:00Z,2026-07-22T13:00:00+0200,-25.4,EUR/MWh,BE,BE,imbalance_price,Short,2026-08-03T03:49:42Z
2026-08-03T03:49:03Z,2026-08-03T05:49:03+0200,d815d4ad-795d-45eb-9ad8-9d704f7a3f43,2026-07-22T11:15:00Z,2026-07-22T13:15:00+0200,-44.38,EUR/MWh,BE,BE,imbalance_price,Long,2026-08-03T03:49:42Z
2026-08-03T03:49:03Z,2026-08-03T05:49:03+0200,d815d4ad-795d-45eb-9ad8-9d704f7a3f43,2026-07-22T11:15:00Z,2026-07-22T13:15:00+0200,-44.38,EUR/MWh,BE,BE,imbalance_price,Short,2026-08-03T03:49:42Z
2026-08-03T03:49:03Z,2026-08-03T05:49:03+0200,d815d4ad-795d-45eb-9ad8-9d704f7a3f43,2026-07-22T11:30:00Z,2026-07-22T13:30:00+0200,-8.47,EUR/MWh,BE,BE,imbalance_price,Long,2026-08-03T03:49:42Z
2026-08-03T03:49:03Z,2026-08-03T05:49:03+0200,d815d4ad-795d-45eb-9ad8-9d704f7a3f43,2026-07-22T11:30:00Z,2026-07-22T13:30:00+0200,-8.47,EUR/MWh,BE,BE,imbalance_price,Short,2026-08-03T03:49:42Z
2026-08-03T03:49:03Z,2026-08-03T05:49:03+0200,d815d4ad-795d-45eb-9ad8-9d704f7a3f43,2026-07-22T11:45:00Z,2026-07-22T13:45:00+0200,-3.46,EUR/MWh,BE,BE,imbalance_price,Long,2026-08-03T03:49:42Z
2026-08-03T03:49:03Z,2026-08-03T05:49:03+0200,d815d4ad-795d-45eb-9ad8-9d704f7a3f43,2026-07-22T11:45:00Z,2026-07-22T13:45:00+0200,-3.46,EUR/MWh,BE,BE,imbalance_price,Short,2026-08-03T03:49:42Z
2026-08-03T03:49:03Z,2026-08-03T05:49:03+0200,d815d4ad-795d-45eb-9ad8-9d704f7a3f43,2026-07-22T12:00:00Z,2026-07-22T14:00:00+0200,7.5,EUR/MWh,BE,BE,imbalance_price,Long,2026-08-03T03:49:42Z
2026-08-03T03:49:03Z,2026-08-03T05:49:03+0200,d815d4ad-795d-45eb-9ad8-9d704f7a3f43,2026-07-22T12:00:00Z,2026-07-22T14:00:00+0200,7.5,EUR/MWh,BE,BE,imbalance_price,Short,2026-08-03T03:49:42Z
2026-08-03T03:49:03Z,2026-08-03T05:49:03+0200,d815d4ad-795d-45eb-9ad8-9d704f7a3f43,2026-07-22T12:15:00Z,2026-07-22T14:15:00+0200,17.49,EUR/MWh,BE,BE,imbalance_price,Long,2026-08-03T03:49:42Z
2026-08-03T03:49:03Z,2026-08-03T05:49:03+0200,d815d4ad-795d-45eb-9ad8-9d704f7a3f43,2026-07-22T12:15:00Z,2026-07-22T14:15:00+0200,17.49,EUR/MWh,BE,BE,imbalance_price,Short,2026-08-03T03:49:42Z
2026-08-03T03:49:03Z,2026-08-03T05:49:03+0200,d815d4ad-795d-45eb-9ad8-9d704f7a3f43,2026-07-22T12:30:00Z,2026-07-22T14:30:00+0200,39.33,EUR/MWh,BE,BE,imbalance_price,Long,2026-08-03T03:49:42Z
2026-08-03T03:49:03Z,2026-08-03T05:49:03+0200,d815d4ad-795d-45eb-9ad8-9d704f7a3f43,2026-07-22T12:30:00Z,2026-07-22T14:30:00+0200,39.33,EUR/MWh,BE,BE,imbalance_price,Short,2026-08-03T03:49:42Z
2026-08-03T03:49:03Z,2026-08-03T05:49:03+0200,d815d4ad-795d-45eb-9ad8-9d704f7a3f43,2026-07-22T12:45:00Z,2026-07-22T14:45:00+0200,13.0,EUR/MWh,BE,BE,imbalance_price,Long,2026-08-03T03:49:42Z
2026-08-03T03:49:03Z,2026-08-03T05:49:03+0200,d815d4ad-795d-45eb-9ad8-9d704f7a3f43,2026-07-22T12:45:00Z,2026-07-22T14:45:00+0200,13.0,EUR/MWh,BE,BE,imbalance_price,Short,2026-08-03T03:49:42Z
2026-08-03T03:49:03Z,2026-08-03T05:49:03+0200,d815d4ad-795d-45eb-9ad8-9d704f7a3f43,2026-07-22T13:00:00Z,2026-07-22T15:00:00+0200,15.1,EUR/MWh,BE,BE,imbalance_price,Long,2026-08-03T03:49:42Z
2026-08-03T03:49:03Z,2026-08-03T05:49:03+0200,d815d4ad-795d-45eb-9ad8-9d704f7a3f43,2026-07-22T13:00:00Z,2026-07-22T15:00:00+0200,15.1,EUR/MWh,BE,BE,imbalance_price,Short,2026-08-03T03:49:42Z
2026-08-03T03:49:03Z,2026-08-03T05:49:03+0200,d815d4ad-795d-45eb-9ad8-9d704f7a3f43,2026-07-22T13:15:00Z,2026-07-22T15:15:00+0200,-20.42,EUR/MWh,BE,BE,imbalance_price,Long,2026-08-03T03:49:42Z
2026-08-03T03:49:03Z,2026-08-03T05:49:03+0200,d815d4ad-795d-45eb-9ad8-9d704f7a3f43,2026-07-22T13:15:00Z,2026-07-22T15:15:00+0200,-20.42,EUR/MWh,BE,BE,imbalance_price,Short,2026-08-03T03:49:42Z
2026-08-03T03:49:03Z,2026-08-03T05:49:03+0200,d815d4ad-795d-45eb-9ad8-9d704f7a3f43,2026-07-22T13:30:00Z,2026-07-22T15:30:00+0200,-20.34,EUR/MWh,BE,BE,imbalance_price,Long,2026-08-03T03:49:42Z
2026-08-03T03:49:03Z,2026-08-03T05:49:03+0200,d815d4ad-795d-45eb-9ad8-9d704f7a3f43,2026-07-22T13:30:00Z,2026-07-22T15:30:00+0200,-20.34,EUR/MWh,BE,BE,imbalance_price,Short,2026-08-03T03:49:42Z
2026-08-03T03:49:03Z,2026-08-03T05:49:03+0200,d815d4ad-795d-45eb-9ad8-9d704f7a3f43,2026-07-22T13:45:00Z,2026-07-22T15:45:00+0200,-154.9,EUR/MWh,BE,BE,imbalance_price,Long,2026-08-03T03:49:42Z
2026-08-03T03:49:03Z,2026-08-03T05:49:03+0200,d815d4ad-795d-45eb-9ad8-9d704f7a3f43,2026-07-22T13:45:00Z,2026-07-22T15:45:00+0200,-154.9,EUR/MWh,BE,BE,imbalance_price,Short,2026-08-03T03:49:42Z
2026-08-03T03:49:03Z,2026-08-03T05:49:03+0200,d815d4ad-795d-45eb-9ad8-9d704f7a3f43,2026-07-22T14:00:00Z,2026-07-22T16:00:00+0200,-65.0,EUR/MWh,BE,BE,imbalance_price,Long,2026-08-03T03:49:42Z
2026-08-03T03:49:03Z,2026-08-03T05:49:03+0200,d815d4ad-795d-45eb-9ad8-9d704f7a3f43,2026-07-22T14:00:00Z,2026-07-22T16:00:00+0200,-65.0,EUR/MWh,BE,BE,imbalance_price,Short,2026-08-03T03:49:42Z
2026-08-03T03:49:03Z,2026-08-03T05:49:03+0200,d815d4ad-795d-45eb-9ad8-9d704f7a3f43,2026-07-22T14:15:00Z,2026-07-22T16:15:00+0200,-9.9,EUR/MWh,BE,BE,imbalance_price,Long,2026-08-03T03:49:42Z
2026-08-03T03:49:03Z,2026-08-03T05:49:03+0200,d815d4ad-795d-45eb-9ad8-9d704f7a3f43,2026-07-22T14:15:00Z,2026-07-22T16:15:00+0200,-9.9,EUR/MWh,BE,BE,imbalance_price,Short,2026-08-03T03:49:42Z
2026-08-03T03:49:03Z,2026-08-03T05:49:03+0200,d815d4ad-795d-45eb-9ad8-9d704f7a3f43,2026-07-22T14:30:00Z,2026-07-22T16:30:00+0200,-38.77,EUR/MWh,BE,BE,imbalance_price,Long,2026-08-03T03:49:42Z
2026-08-03T03:49:03Z,2026-08-03T05:49:03+0200,d815d4ad-795d-45eb-9ad8-9d704f7a3f43,2026-07-22T14:30:00Z,2026-07-22T16:30:00+0200,-38.77,EUR/MWh,BE,BE,imbalance_price,Short,2026-08-03T03:49:42Z
2026-08-03T03:49:03Z,2026-08-03T05:49:03+0200,d815d4ad-795d-45eb-9ad8-9d704f7a3f43,2026-07-22T14:45:00Z,2026-07-22T16:45:00+0200,18.3,EUR/MWh,BE,BE,imbalance_price,Long,2026-08-03T03:49:42Z
2026-08-03T03:49:03Z,2026-08-03T05:49:03+0200,d815d4ad-795d-45eb-9ad8-9d704f7a3f43,2026-07-22T14:45:00Z,2026-07-22T16:45:00+0200,18.3,EUR/MWh,BE,BE,imbalance_price,Short,2026-08-03T03:49:42Z
2026-08-03T03:49:03Z,2026-08-03T05:49:03+0200,d815d4ad-795d-45eb-9ad8-9d704f7a3f43,2026-07-22T15:00:00Z,2026-07-22T17:00:00+0200,-2.98,EUR/MWh,BE,BE,imbalance_price,Long,2026-08-03T03:49:42Z
2026-08-03T03:49:03Z,2026-08-03T05:49:03+0200,d815d4ad-795d-45eb-9ad8-9d704f7a3f43,2026-07-22T15:00:00Z,2026-07-22T17:00:00+0200,-2.98,EUR/MWh,BE,BE,imbalance_price,Short,2026-08-03T03:49:42Z
2026-08-03T03:49:03Z,2026-08-03T05:49:03+0200,d815d4ad-795d-45eb-9ad8-9d704f7a3f43,2026-07-22T15:15:00Z,2026-07-22T17:15:00+0200,69.78,EUR/MWh,BE,BE,imbalance_price,Long,2026-08-03T03:49:42Z
2026-08-03T03:49:03Z,2026-08-03T05:49:03+0200,d815d4ad-795d-45eb-9ad8-9d704f7a3f43,2026-07-22T15:15:00Z,2026-07-22T17:15:00+0200,69.78,EUR/MWh,BE,BE,imbalance_price,Short,2026-08-03T03:49:42Z
2026-08-03T03:49:03Z,2026-08-03T05:49:03+0200,d815d4ad-795d-45eb-9ad8-9d704f7a3f43,2026-07-22T15:30:00Z,2026-07-22T17:30:00+0200,58.14,EUR/MWh,BE,BE,imbalance_price,Long,2026-08-03T03:49:42Z
2026-08-03T03:49:03Z,2026-08-03T05:49:03+0200,d815d4ad-795d-45eb-9ad8-9d704f7a3f43,2026-07-22T15:30:00Z,2026-07-22T17:30:00+0200,58.14,EUR/MWh,BE,BE,imbalance_price,Short,2026-08-03T03:49:42Z
2026-08-03T03:49:03Z,2026-08-03T05:49:03+0200,d815d4ad-795d-45eb-9ad8-9d704f7a3f43,2026-07-22T15:45:00Z,2026-07-22T17:45:00+0200,29.67,EUR/MWh,BE,BE,imbalance_price,Long,2026-08-03T03:49:42Z
2026-08-03T03:49:03Z,2026-08-03T05:49:03+0200,d815d4ad-795d-45eb-9ad8-9d704f7a3f43,2026-07-22T15:45:00Z,2026-07-22T17:45:00+0200,29.67,EUR/MWh,BE,BE,imbalance_price,Short,2026-08-03T03:49:42Z
2026-08-03T03:49:03Z,2026-08-03T05:49:03+0200,d815d4ad-795d-45eb-9ad8-9d704f7a3f43,2026-07-22T16:00:00Z,2026-07-22T18:00:00+0200,9.44,EUR/MWh,BE,BE,imbalance_price,Long,2026-08-03T03:49:42Z
2026-08-03T03:49:03Z,2026-08-03T05:49:03+0200,d815d4ad-795d-45eb-9ad8-9d704f7a3f43,2026-07-22T16:00:00Z,2026-07-22T18:00:00+0200,9.44,EUR/MWh,BE,BE,imbalance_price,Short,2026-08-03T03:49:42Z
2026-08-03T03:49:03Z,2026-08-03T05:49:03+0200,d815d4ad-795d-45eb-9ad8-9d704f7a3f43,2026-07-22T16:15:00Z,2026-07-22T18:15:00+0200,53.19,EUR/MWh,BE,BE,imbalance_price,Long,2026-08-03T03:49:42Z
2026-08-03T03:49:03Z,2026-08-03T05:49:03+0200,d815d4ad-795d-45eb-9ad8-9d704f7a3f43,2026-07-22T16:15:00Z,2026-07-22T18:15:00+0200,53.19,EUR/MWh,BE,BE,imbalance_price,Short,2026-08-03T03:49:42Z
2026-08-03T03:49:03Z,2026-08-03T05:49:03+0200,d815d4ad-795d-45eb-9ad8-9d704f7a3f43,2026-07-22T16:30:00Z,2026-07-22T18:30:00+0200,116.5,EUR/MWh,BE,BE,imbalance_price,Long,2026-08-03T03:49:42Z
2026-08-03T03:49:03Z,2026-08-03T05:49:03+0200,d815d4ad-795d-45eb-9ad8-9d704f7a3f43,2026-07-22T16:30:00Z,2026-07-22T18:30:00+0200,116.5,EUR/MWh,BE,BE,imbalance_price,Short,2026-08-03T03:49:42Z
2026-08-03T03:49:03Z,2026-08-03T05:49:03+0200,d815d4ad-795d-45eb-9ad8-9d704f7a3f43,2026-07-22T16:45:00Z,2026-07-22T18:45:00+0200,90.28,EUR/MWh,BE,BE,imbalance_price,Long,2026-08-03T03:49:42Z
2026-08-03T03:49:03Z,2026-08-03T05:49:03+0200,d815d4ad-795d-45eb-9ad8-9d704f7a3f43,2026-07-22T16:45:00Z,2026-07-22T18:45:00+0200,90.28,EUR/MWh,BE,BE,imbalance_price,Short,2026-08-03T03:49:42Z
2026-08-03T03:49:03Z,2026-08-03T05:49:03+0200,d815d4ad-795d-45eb-9ad8-9d704f7a3f43,2026-07-22T17:00:00Z,2026-07-22T19:00:00+0200,96.01,EUR/MWh,BE,BE,imbalance_price,Long,2026-08-03T03:49:42Z
2026-08-03T03:49:03Z,2026-08-03T05:49:03+0200,d815d4ad-795d-45eb-9ad8-9d704f7a3f43,2026-07-22T17:00:00Z,2026-07-22T19:00:00+0200,96.01,EUR/MWh,BE,BE,imbalance_price,Short,2026-08-03T03:49:42Z
2026-08-03T03:49:03Z,2026-08-03T05:49:03+0200,d815d4ad-795d-45eb-9ad8-9d704f7a3f43,2026-07-22T17:15:00Z,2026-07-22T19:15:00+0200,120.49,EUR/MWh,BE,BE,imbalance_price,Long,2026-08-03T03:49:42Z
2026-08-03T03:49:03Z,2026-08-03T05:49:03+0200,d815d4ad-795d-45eb-9ad8-9d704f7a3f43,2026-07-22T17:15:00Z,2026-07-22T19:15:00+0200,120.49,EUR/MWh,BE,BE,imbalance_price,Short,2026-08-03T03:49:42Z
2026-08-03T03:49:03Z,2026-08-03T05:49:03+0200,d815d4ad-795d-45eb-9ad8-9d704f7a3f43,2026-07-22T17:30:00Z,2026-07-22T19:30:00+0200,123.8,EUR/MWh,BE,BE,imbalance_price,Long,2026-08-03T03:49:42Z
2026-08-03T03:49:03Z,2026-08-03T05:49:03+0200,d815d4ad-795d-45eb-9ad8-9d704f7a3f43,2026-07-22T17:30:00Z,2026-07-22T19:30:00+0200,123.8,EUR/MWh,BE,BE,imbalance_price,Short,2026-08-03T03:49:42Z
2026-08-03T03:49:03Z,2026-08-03T05:49:03+0200,d815d4ad-795d-45eb-9ad8-9d704f7a3f43,2026-07-22T17:45:00Z,2026-07-22T19:45:00+0200,150.0,EUR/MWh,BE,BE,imbalance_price,Long,2026-08-03T03:49:42Z
2026-08-03T03:49:03Z,2026-08-03T05:49:03+0200,d815d4ad-795d-45eb-9ad8-9d704f7a3f43,2026-07-22T17:45:00Z,2026-07-22T19:45:00+0200,150.0,EUR/MWh,BE,BE,imbalance_price,Short,2026-08-03T03:49:42Z
2026-08-03T03:49:03Z,2026-08-03T05:49:03+0200,d815d4ad-795d-45eb-9ad8-9d704f7a3f43,2026-07-22T18:00:00Z,2026-07-22T20:00:00+0200,188.85,EUR/MWh,BE,BE,imbalance_price,Long,2026-08-03T03:49:42Z
2026-08-03T03:49:03Z,2026-08-03T05:49:03+0200,d815d4ad-795d-45eb-9ad8-9d704f7a3f43,2026-07-22T18:00:00Z,2026-07-22T20:00:00+0200,188.85,EUR/MWh,BE,BE,imbalance_price,Short,2026-08-03T03:49:42Z
2026-08-03T03:49:03Z,2026-08-03T05:49:03+0200,d815d4ad-795d-45eb-9ad8-9d704f7a3f43,2026-07-22T18:15:00Z,2026-07-22T20:15:00+0200,157.03,EUR/MWh,BE,BE,imbalance_price,Long,2026-08-03T03:49:42Z
2026-08-03T03:49:03Z,2026-08-03T05:49:03+0200,d815d4ad-795d-45eb-9ad8-9d704f7a3f43,2026-07-22T18:15:00Z,2026-07-22T20:15:00+0200,157.03,EUR/MWh,BE,BE,imbalance_price,Short,2026-08-03T03:49:42Z
2026-08-03T03:49:03Z,2026-08-03T05:49:03+0200,d815d4ad-795d-45eb-9ad8-9d704f7a3f43,2026-07-22T18:30:00Z,2026-07-22T20:30:00+0200,154.59,EUR/MWh,BE,BE,imbalance_price,Long,2026-08-03T03:49:42Z
2026-08-03T03:49:03Z,2026-08-03T05:49:03+0200,d815d4ad-795d-45eb-9ad8-9d704f7a3f43,2026-07-22T18:30:00Z,2026-07-22T20:30:00+0200,154.59,EUR/MWh,BE,BE,imbalance_price,Short,2026-08-03T03:49:42Z
2026-08-03T03:49:03Z,2026-08-03T05:49:03+0200,d815d4ad-795d-45eb-9ad8-9d704f7a3f43,2026-07-22T18:45:00Z,2026-07-22T20:45:00+0200,150.0,EUR/MWh,BE,BE,imbalance_price,Long,2026-08-03T03:49:42Z
2026-08-03T03:49:03Z,2026-08-03T05:49:03+0200,d815d4ad-795d-45eb-9ad8-9d704f7a3f43,2026-07-22T18:45:00Z,2026-07-22T20:45:00+0200,150.0,EUR/MWh,BE,BE,imbalance_price,Short,2026-08-03T03:49:42Z
2026-08-03T03:49:03Z,2026-08-03T05:49:03+0200,d815d4ad-795d-45eb-9ad8-9d704f7a3f43,2026-07-22T19:00:00Z,2026-07-22T21:00:00+0200,150.0,EUR/MWh,BE,BE,imbalance_price,Long,2026-08-03T03:49:42Z
2026-08-03T03:49:03Z,2026-08-03T05:49:03+0200,d815d4ad-795d-45eb-9ad8-9d704f7a3f43,2026-07-22T19:00:00Z,2026-07-22T21:00:00+0200,150.0,EUR/MWh,BE,BE,imbalance_price,Short,2026-08-03T03:49:42Z
2026-08-03T03:49:03Z,2026-08-03T05:49:03+0200,d815d4ad-795d-45eb-9ad8-9d704f7a3f43,2026-07-22T19:15:00Z,2026-07-22T21:15:00+0200,129.89,EUR/MWh,BE,BE,imbalance_price,Long,2026-08-03T03:49:42Z
2026-08-03T03:49:03Z,2026-08-03T05:49:03+0200,d815d4ad-795d-45eb-9ad8-9d704f7a3f43,2026-07-22T19:15:00Z,2026-07-22T21:15:00+0200,129.89,EUR/MWh,BE,BE,imbalance_price,Short,2026-08-03T03:49:42Z
2026-08-03T03:49:03Z,2026-08-03T05:49:03+0200,d815d4ad-795d-45eb-9ad8-9d704f7a3f43,2026-07-22T19:30:00Z,2026-07-22T21:30:00+0200,124.01,EUR/MWh,BE,BE,imbalance_price,Long,2026-08-03T03:49:42Z
2026-08-03T03:49:03Z,2026-08-03T05:49:03+0200,d815d4ad-795d-45eb-9ad8-9d704f7a3f43,2026-07-22T19:30:00Z,2026-07-22T21:30:00+0200,124.01,EUR/MWh,BE,BE,imbalance_price,Short,2026-08-03T03:49:42Z
2026-08-03T03:49:03Z,2026-08-03T05:49:03+0200,d815d4ad-795d-45eb-9ad8-9d704f7a3f43,2026-07-22T19:45:00Z,2026-07-22T21:45:00+0200,124.73,EUR/MWh,BE,BE,imbalance_price,Long,2026-08-03T03:49:42Z
2026-08-03T03:49:03Z,2026-08-03T05:49:03+0200,d815d4ad-795d-45eb-9ad8-9d704f7a3f43,2026-07-22T19:45:00Z,2026-07-22T21:45:00+0200,124.73,EUR/MWh,BE,BE,imbalance_price,Short,2026-08-03T03:49:42Z
2026-08-03T03:49:03Z,2026-08-03T05:49:03+0200,d815d4ad-795d-45eb-9ad8-9d704f7a3f43,2026-07-22T20:00:00Z,2026-07-22T22:00:00+0200,148.93,EUR/MWh,BE,BE,imbalance_price,Long,2026-08-03T03:49:42Z
2026-08-03T03:49:03Z,2026-08-03T05:49:03+0200,d815d4ad-795d-45eb-9ad8-9d704f7a3f43,2026-07-22T20:00:00Z,2026-07-22T22:00:00+0200,148.93,EUR/MWh,BE,BE,imbalance_price,Short,2026-08-03T03:49:42Z
2026-08-03T03:49:03Z,2026-08-03T05:49:03+0200,d815d4ad-795d-45eb-9ad8-9d704f7a3f43,2026-07-22T20:15:00Z,2026-07-22T22:15:00+0200,129.65,EUR/MWh,BE,BE,imbalance_price,Long,2026-08-03T03:49:42Z
2026-08-03T03:49:03Z,2026-08-03T05:49:03+0200,d815d4ad-795d-45eb-9ad8-9d704f7a3f43,2026-07-22T20:15:00Z,2026-07-22T22:15:00+0200,129.65,EUR/MWh,BE,BE,imbalance_price,Short,2026-08-03T03:49:42Z
2026-08-03T03:49:03Z,2026-08-03T05:49:03+0200,d815d4ad-795d-45eb-9ad8-9d704f7a3f43,2026-07-22T20:30:00Z,2026-07-22T22:30:00+0200,118.97,EUR/MWh,BE,BE,imbalance_price,Long,2026-08-03T03:49:42Z
2026-08-03T03:49:03Z,2026-08-03T05:49:03+0200,d815d4ad-795d-45eb-9ad8-9d704f7a3f43,2026-07-22T20:30:00Z,2026-07-22T22:30:00+0200,118.97,EUR/MWh,BE,BE,imbalance_price,Short,2026-08-03T03:49:42Z
2026-08-03T03:49:03Z,2026-08-03T05:49:03+0200,d815d4ad-795d-45eb-9ad8-9d704f7a3f43,2026-07-22T20:45:00Z,2026-07-22T22:45:00+0200,143.24,EUR/MWh,BE,BE,imbalance_price,Long,2026-08-03T03:49:42Z
2026-08-03T03:49:03Z,2026-08-03T05:49:03+0200,d815d4ad-795d-45eb-9ad8-9d704f7a3f43,2026-07-22T20:45:00Z,2026-07-22T22:45:00+0200,143.24,EUR/MWh,BE,BE,imbalance_price,Short,2026-08-03T03:49:42Z
2026-08-03T03:49:03Z,2026-08-03T05:49:03+0200,d815d4ad-795d-45eb-9ad8-9d704f7a3f43,2026-07-22T21:00:00Z,2026-07-22T23:00:00+0200,116.84,EUR/MWh,BE,BE,imbalance_price,Long,2026-08-03T03:49:42Z
2026-08-03T03:49:03Z,2026-08-03T05:49:03+0200,d815d4ad-795d-45eb-9ad8-9d704f7a3f43,2026-07-22T21:00:00Z,2026-07-22T23:00:00+0200,116.84,EUR/MWh,BE,BE,imbalance_price,Short,2026-08-03T03:49:42Z
2026-08-03T03:49:03Z,2026-08-03T05:49:03+0200,d815d4ad-795d-45eb-9ad8-9d704f7a3f43,2026-07-22T21:15:00Z,2026-07-22T23:15:00+0200,114.16,EUR/MWh,BE,BE,imbalance_price,Long,2026-08-03T03:49:42Z
2026-08-03T03:49:03Z,2026-08-03T05:49:03+0200,d815d4ad-795d-45eb-9ad8-9d704f7a3f43,2026-07-22T21:15:00Z,2026-07-22T23:15:00+0200,114.16,EUR/MWh,BE,BE,imbalance_price,Short,2026-08-03T03:49:42Z
2026-08-03T03:49:03Z,2026-08-03T05:49:03+0200,d815d4ad-795d-45eb-9ad8-9d704f7a3f43,2026-07-22T21:30:00Z,2026-07-22T23:30:00+0200,117.14,EUR/MWh,BE,BE,imbalance_price,Long,2026-08-03T03:49:42Z
2026-08-03T03:49:03Z,2026-08-03T05:49:03+0200,d815d4ad-795d-45eb-9ad8-9d704f7a3f43,2026-07-22T21:30:00Z,2026-07-22T23:30:00+0200,117.14,EUR/MWh,BE,BE,imbalance_price,Short,2026-08-03T03:49:42Z
2026-08-03T03:49:03Z,2026-08-03T05:49:03+0200,d815d4ad-795d-45eb-9ad8-9d704f7a3f43,2026-07-22T21:45:00Z,2026-07-22T23:45:00+0200,134.06,EUR/MWh,BE,BE,imbalance_price,Long,2026-08-03T03:49:42Z
2026-08-03T03:49:03Z,2026-08-03T05:49:03+0200,d815d4ad-795d-45eb-9ad8-9d704f7a3f43,2026-07-22T21:45:00Z,2026-07-22T23:45:00+0200,134.06,EUR/MWh,BE,BE,imbalance_price,Short,2026-08-03T03:49:42Z
2026-08-03T03:49:03Z,2026-08-03T05:49:03+0200,d815d4ad-795d-45eb-9ad8-9d704f7a3f43,2026-07-22T22:00:00Z,2026-07-23T00:00:00+0200,152.78,EUR/MWh,BE,BE,imbalance_price,Long,2026-08-03T03:49:42Z
2026-08-03T03:49:03Z,2026-08-03T05:49:03+0200,d815d4ad-795d-45eb-9ad8-9d704f7a3f43,2026-07-22T22:00:00Z,2026-07-23T00:00:00+0200,152.78,EUR/MWh,BE,BE,imbalance_price,Short,2026-08-03T03:49:42Z
2026-08-03T03:49:03Z,2026-08-03T05:49:03+0200,d815d4ad-795d-45eb-9ad8-9d704f7a3f43,2026-07-22T22:15:00Z,2026-07-23T00:15:00+0200,146.67,EUR/MWh,BE,BE,imbalance_price,Long,2026-08-03T03:49:42Z
2026-08-03T03:49:03Z,2026-08-03T05:49:03+0200,d815d4ad-795d-45eb-9ad8-9d704f7a3f43,2026-07-22T22:15:00Z,2026-07-23T00:15:00+0200,146.67,EUR/MWh,BE,BE,imbalance_price,Short,2026-08-03T03:49:42Z
2026-08-03T03:49:03Z,2026-08-03T05:49:03+0200,d815d4ad-795d-45eb-9ad8-9d704f7a3f43,2026-07-22T22:30:00Z,2026-07-23T00:30:00+0200,114.24,EUR/MWh,BE,BE,imbalance_price,Long,2026-08-03T03:49:42Z
2026-08-03T03:49:03Z,2026-08-03T05:49:03+0200,d815d4ad-795d-45eb-9ad8-9d704f7a3f43,2026-07-22T22:30:00Z,2026-07-23T00:30:00+0200,114.24,EUR/MWh,BE,BE,imbalance_price,Short,2026-08-03T03:49:42Z
2026-08-03T03:49:03Z,2026-08-03T05:49:03+0200,d815d4ad-795d-45eb-9ad8-9d704f7a3f43,2026-07-22T22:45:00Z,2026-07-23T00:45:00+0200,102.51,EUR/MWh,BE,BE,imbalance_price,Long,2026-08-03T03:49:42Z
2026-08-03T03:49:03Z,2026-08-03T05:49:03+0200,d815d4ad-795d-45eb-9ad8-9d704f7a3f43,2026-07-22T22:45:00Z,2026-07-23T00:45:00+0200,102.51,EUR/MWh,BE,BE,imbalance_price,Short,2026-08-03T03:49:42Z
2026-08-03T03:49:03Z,2026-08-03T05:49:03+0200,d815d4ad-795d-45eb-9ad8-9d704f7a3f43,2026-07-22T23:00:00Z,2026-07-23T01:00:00+0200,124.75,EUR/MWh,BE,BE,imbalance_price,Long,2026-08-03T03:49:42Z
2026-08-03T03:49:03Z,2026-08-03T05:49:03+0200,d815d4ad-795d-45eb-9ad8-9d704f7a3f43,2026-07-22T23:00:00Z,2026-07-23T01:00:00+0200,124.75,EUR/MWh,BE,BE,imbalance_price,Short,2026-08-03T03:49:42Z
2026-08-03T03:49:03Z,2026-08-03T05:49:03+0200,d815d4ad-795d-45eb-9ad8-9d704f7a3f43,2026-07-22T23:15:00Z,2026-07-23T01:15:00+0200,102.0,EUR/MWh,BE,BE,imbalance_price,Long,2026-08-03T03:49:42Z
2026-08-03T03:49:03Z,2026-08-03T05:49:03+0200,d815d4ad-795d-45eb-9ad8-9d704f7a3f43,2026-07-22T23:15:00Z,2026-07-23T01:15:00+0200,102.0,EUR/MWh,BE,BE,imbalance_price,Short,2026-08-03T03:49:42Z
2026-08-03T03:49:03Z,2026-08-03T05:49:03+0200,d815d4ad-795d-45eb-9ad8-9d704f7a3f43,2026-07-22T23:30:00Z,2026-07-23T01:30:00+0200,149.46,EUR/MWh,BE,BE,imbalance_price,Long,2026-08-03T03:49:42Z
2026-08-03T03:49:03Z,2026-08-03T05:49:03+0200,d815d4ad-795d-45eb-9ad8-9d704f7a3f43,2026-07-22T23:30:00Z,2026-07-23T01:30:00+0200,149.46,EUR/MWh,BE,BE,imbalance_price,Short,2026-08-03T03:49:42Z
2026-08-03T03:49:03Z,2026-08-03T05:49:03+0200,d815d4ad-795d-45eb-9ad8-9d704f7a3f43,2026-07-22T23:45:00Z,2026-07-23T01:45:00+0200,128.93,EUR/MWh,BE,BE,imbalance_price,Long,2026-08-03T03:49:42Z
2026-08-03T03:49:03Z,2026-08-03T05:49:03+0200,d815d4ad-795d-45eb-9ad8-9d704f7a3f43,2026-07-22T23:45:00Z,2026-07-23T01:45:00+0200,128.93,EUR/MWh,BE,BE,imbalance_price,Short,2026-08-03T03:49:42Z
2026-08-03T03:49:03Z,2026-08-03T05:49:03+0200,d815d4ad-795d-45eb-9ad8-9d704f7a3f43,2026-07-23T00:00:00Z,2026-07-23T02:00:00+0200,129.02,EUR/MWh,BE,BE,imbalance_price,Long,2026-08-03T03:49:42Z
2026-08-03T03:49:03Z,2026-08-03T05:49:03+0200,d815d4ad-795d-45eb-9ad8-9d704f7a3f43,2026-07-23T00:00:00Z,2026-07-23T02:00:00+0200,129.02,EUR/MWh,BE,BE,imbalance_price,Short,2026-08-03T03:49:42Z
2026-08-03T03:49:03Z,2026-08-03T05:49:03+0200,d815d4ad-795d-45eb-9ad8-9d704f7a3f43,2026-07-23T00:15:00Z,2026-07-23T02:15:00+0200,134.68,EUR/MWh,BE,BE,imbalance_price,Long,2026-08-03T03:49:42Z
2026-08-03T03:49:03Z,2026-08-03T05:49:03+0200,d815d4ad-795d-45eb-9ad8-9d704f7a3f43,2026-07-23T00:15:00Z,2026-07-23T02:15:00+0200,134.68,EUR/MWh,BE,BE,imbalance_price,Short,2026-08-03T03:49:42Z
2026-08-03T03:49:03Z,2026-08-03T05:49:03+0200,d815d4ad-795d-45eb-9ad8-9d704f7a3f43,2026-07-23T00:30:00Z,2026-07-23T02:30:00+0200,122.03,EUR/MWh,BE,BE,imbalance_price,Long,2026-08-03T03:49:42Z
2026-08-03T03:49:03Z,2026-08-03T05:49:03+0200,d815d4ad-795d-45eb-9ad8-9d704f7a3f43,2026-07-23T00:30:00Z,2026-07-23T02:30:00+0200,122.03,EUR/MWh,BE,BE,imbalance_price,Short,2026-08-03T03:49:42Z
2026-08-03T03:49:03Z,2026-08-03T05:49:03+0200,d815d4ad-795d-45eb-9ad8-9d704f7a3f43,2026-07-23T00:45:00Z,2026-07-23T02:45:00+0200,151.65,EUR/MWh,BE,BE,imbalance_price,Long,2026-08-03T03:49:42Z
2026-08-03T03:49:03Z,2026-08-03T05:49:03+0200,d815d4ad-795d-45eb-9ad8-9d704f7a3f43,2026-07-23T00:45:00Z,2026-07-23T02:45:00+0200,151.65,EUR/MWh,BE,BE,imbalance_price,Short,2026-08-03T03:49:42Z
2026-08-03T03:49:03Z,2026-08-03T05:49:03+0200,d815d4ad-795d-45eb-9ad8-9d704f7a3f43,2026-07-23T01:00:00Z,2026-07-23T03:00:00+0200,134.51,EUR/MWh,BE,BE,imbalance_price,Long,2026-08-03T03:49:42Z
2026-08-03T03:49:03Z,2026-08-03T05:49:03+0200,d815d4ad-795d-45eb-9ad8-9d704f7a3f43,2026-07-23T01:00:00Z,2026-07-23T03:00:00+0200,134.51,EUR/MWh,BE,BE,imbalance_price,Short,2026-08-03T03:49:42Z
2026-08-03T03:49:03Z,2026-08-03T05:49:03+0200,d815d4ad-795d-45eb-9ad8-9d704f7a3f43,2026-07-23T01:15:00Z,2026-07-23T03:15:00+0200,140.53,EUR/MWh,BE,BE,imbalance_price,Long,2026-08-03T03:49:42Z
2026-08-03T03:49:03Z,2026-08-03T05:49:03+0200,d815d4ad-795d-45eb-9ad8-9d704f7a3f43,2026-07-23T01:15:00Z,2026-07-23T03:15:00+0200,140.53,EUR/MWh,BE,BE,imbalance_price,Short,2026-08-03T03:49:42Z
2026-08-03T03:49:03Z,2026-08-03T05:49:03+0200,d815d4ad-795d-45eb-9ad8-9d704f7a3f43,2026-07-23T01:30:00Z,2026-07-23T03:30:00+0200,157.35,EUR/MWh,BE,BE,imbalance_price,Long,2026-08-03T03:49:42Z
2026-08-03T03:49:03Z,2026-08-03T05:49:03+0200,d815d4ad-795d-45eb-9ad8-9d704f7a3f43,2026-07-23T01:30:00Z,2026-07-23T03:30:00+0200,157.35,EUR/MWh,BE,BE,imbalance_price,Short,2026-08-03T03:49:42Z
2026-08-03T03:49:03Z,2026-08-03T05:49:03+0200,d815d4ad-795d-45eb-9ad8-9d704f7a3f43,2026-07-23T01:45:00Z,2026-07-23T03:45:00+0200,143.54,EUR/MWh,BE,BE,imbalance_price,Long,2026-08-03T03:49:42Z
2026-08-03T03:49:03Z,2026-08-03T05:49:03+0200,d815d4ad-795d-45eb-9ad8-9d704f7a3f43,2026-07-23T01:45:00Z,2026-07-23T03:45:00+0200,143.54,EUR/MWh,BE,BE,imbalance_price,Short,2026-08-03T03:49:42Z
2026-08-03T03:49:03Z,2026-08-03T05:49:03+0200,d815d4ad-795d-45eb-9ad8-9d704f7a3f43,2026-07-23T02:00:00Z,2026-07-23T04:00:00+0200,144.3,EUR/MWh,BE,BE,imbalance_price,Long,2026-08-03T03:49:42Z
2026-08-03T03:49:03Z,2026-08-03T05:49:03+0200,d815d4ad-795d-45eb-9ad8-9d704f7a3f43,2026-07-23T02:00:00Z,2026-07-23T04:00:00+0200,144.3,EUR/MWh,BE,BE,imbalance_price,Short,2026-08-03T03:49:42Z
2026-08-03T03:49:03Z,2026-08-03T05:49:03+0200,d815d4ad-795d-45eb-9ad8-9d704f7a3f43,2026-07-23T02:15:00Z,2026-07-23T04:15:00+0200,164.53,EUR/MWh,BE,BE,imbalance_price,Long,2026-08-03T03:49:42Z
2026-08-03T03:49:03Z,2026-08-03T05:49:03+0200,d815d4ad-795d-45eb-9ad8-9d704f7a3f43,2026-07-23T02:15:00Z,2026-07-23T04:15:00+0200,164.53,EUR/MWh,BE,BE,imbalance_price,Short,2026-08-03T03:49:42Z
2026-08-03T03:49:03Z,2026-08-03T05:49:03+0200,d815d4ad-795d-45eb-9ad8-9d704f7a3f43,2026-07-23T02:30:00Z,2026-07-23T04:30:00+0200,143.67,EUR/MWh,BE,BE,imbalance_price,Long,2026-08-03T03:49:42Z
2026-08-03T03:49:03Z,2026-08-03T05:49:03+0200,d815d4ad-795d-45eb-9ad8-9d704f7a3f43,2026-07-23T02:30:00Z,2026-07-23T04:30:00+0200,143.67,EUR/MWh,BE,BE,imbalance_price,Short,2026-08-03T03:49:42Z
2026-08-03T03:49:03Z,2026-08-03T05:49:03+0200,d815d4ad-795d-45eb-9ad8-9d704f7a3f43,2026-07-23T02:45:00Z,2026-07-23T04:45:00+0200,148.41,EUR/MWh,BE,BE,imbalance_price,Long,2026-08-03T03:49:42Z
2026-08-03T03:49:03Z,2026-08-03T05:49:03+0200,d815d4ad-795d-45eb-9ad8-9d704f7a3f43,2026-07-23T02:45:00Z,2026-07-23T04:45:00+0200,148.41,EUR/MWh,BE,BE,imbalance_price,Short,2026-08-03T03:49:42Z
2026-08-03T03:49:03Z,2026-08-03T05:49:03+0200,d815d4ad-795d-45eb-9ad8-9d704f7a3f43,2026-07-23T03:00:00Z,2026-07-23T05:00:00+0200,131.73,EUR/MWh,BE,BE,imbalance_price,Long,2026-08-03T03:49:42Z
2026-08-03T03:49:03Z,2026-08-03T05:49:03+0200,d815d4ad-795d-45eb-9ad8-9d704f7a3f43,2026-07-23T03:00:00Z,2026-07-23T05:00:00+0200,131.73,EUR/MWh,BE,BE,imbalance_price,Short,2026-08-03T03:49:42Z
2026-08-03T03:49:03Z,2026-08-03T05:49:03+0200,d815d4ad-795d-45eb-9ad8-9d704f7a3f43,2026-07-23T03:15:00Z,2026-07-23T05:15:00+0200,134.54,EUR/MWh,BE,BE,imbalance_price,Long,2026-08-03T03:49:42Z
2026-08-03T03:49:03Z,2026-08-03T05:49:03+0200,d815d4ad-795d-45eb-9ad8-9d704f7a3f43,2026-07-23T03:15:00Z,2026-07-23T05:15:00+0200,134.54,EUR/MWh,BE,BE,imbalance_price,Short,2026-08-03T03:49:42Z
2026-08-03T03:49:03Z,2026-08-03T05:49:03+0200,d815d4ad-795d-45eb-9ad8-9d704f7a3f43,2026-07-23T03:30:00Z,2026-07-23T05:30:00+0200,156.63,EUR/MWh,BE,BE,imbalance_price,Long,2026-08-03T03:49:42Z
2026-08-03T03:49:03Z,2026-08-03T05:49:03+0200,d815d4ad-795d-45eb-9ad8-9d704f7a3f43,2026-07-23T03:30:00Z,2026-07-23T05:30:00+0200,156.63,EUR/MWh,BE,BE,imbalance_price,Short,2026-08-03T03:49:42Z
2026-08-03T03:49:03Z,2026-08-03T05:49:03+0200,d815d4ad-795d-45eb-9ad8-9d704f7a3f43,2026-07-23T03:45:00Z,2026-07-23T05:45:00+0200,155.25,EUR/MWh,BE,BE,imbalance_price,Long,2026-08-03T03:49:42Z
2026-08-03T03:49:03Z,2026-08-03T05:49:03+0200,d815d4ad-795d-45eb-9ad8-9d704f7a3f43,2026-07-23T03:45:00Z,2026-07-23T05:45:00+0200,155.25,EUR/MWh,BE,BE,imbalance_price,Short,2026-08-03T03:49:42Z
2026-08-03T03:49:03Z,2026-08-03T05:49:03+0200,d815d4ad-795d-45eb-9ad8-9d704f7a3f43,2026-07-23T04:00:00Z,2026-07-23T06:00:00+0200,150.38,EUR/MWh,BE,BE,imbalance_price,Long,2026-08-03T03:49:42Z
2026-08-03T03:49:03Z,2026-08-03T05:49:03+0200,d815d4ad-795d-45eb-9ad8-9d704f7a3f43,2026-07-23T04:00:00Z,2026-07-23T06:00:00+0200,150.38,EUR/MWh,BE,BE,imbalance_price,Short,2026-08-03T03:49:42Z
2026-08-03T03:49:03Z,2026-08-03T05:49:03+0200,d815d4ad-795d-45eb-9ad8-9d704f7a3f43,2026-07-23T04:15:00Z,2026-07-23T06:15:00+0200,153.23,EUR/MWh,BE,BE,imbalance_price,Long,2026-08-03T03:49:42Z
2026-08-03T03:49:03Z,2026-08-03T05:49:03+0200,d815d4ad-795d-45eb-9ad8-9d704f7a3f43,2026-07-23T04:15:00Z,2026-07-23T06:15:00+0200,153.23,EUR/MWh,BE,BE,imbalance_price,Short,2026-08-03T03:49:42Z
2026-08-03T03:49:03Z,2026-08-03T05:49:03+0200,d815d4ad-795d-45eb-9ad8-9d704f7a3f43,2026-07-23T04:30:00Z,2026-07-23T06:30:00+0200,165.52,EUR/MWh,BE,BE,imbalance_price,Long,2026-08-03T03:49:42Z
2026-08-03T03:49:03Z,2026-08-03T05:49:03+0200,d815d4ad-795d-45eb-9ad8-9d704f7a3f43,2026-07-23T04:30:00Z,2026-07-23T06:30:00+0200,165.52,EUR/MWh,BE,BE,imbalance_price,Short,2026-08-03T03:49:42Z
2026-08-03T03:49:03Z,2026-08-03T05:49:03+0200,d815d4ad-795d-45eb-9ad8-9d704f7a3f43,2026-07-23T04:45:00Z,2026-07-23T06:45:00+0200,147.29,EUR/MWh,BE,BE,imbalance_price,Long,2026-08-03T03:49:42Z
2026-08-03T03:49:03Z,2026-08-03T05:49:03+0200,d815d4ad-795d-45eb-9ad8-9d704f7a3f43,2026-07-23T04:45:00Z,2026-07-23T06:45:00+0200,147.29,EUR/MWh,BE,BE,imbalance_price,Short,2026-08-03T03:49:42Z
2026-08-03T03:49:03Z,2026-08-03T05:49:03+0200,d815d4ad-795d-45eb-9ad8-9d704f7a3f43,2026-07-23T05:00:00Z,2026-07-23T07:00:00+0200,165.98,EUR/MWh,BE,BE,imbalance_price,Long,2026-08-03T03:49:42Z
2026-08-03T03:49:03Z,2026-08-03T05:49:03+0200,d815d4ad-795d-45eb-9ad8-9d704f7a3f43,2026-07-23T05:00:00Z,2026-07-23T07:00:00+0200,165.98,EUR/MWh,BE,BE,imbalance_price,Short,2026-08-03T03:49:42Z
2026-08-03T03:49:03Z,2026-08-03T05:49:03+0200,d815d4ad-795d-45eb-9ad8-9d704f7a3f43,2026-07-23T05:15:00Z,2026-07-23T07:15:00+0200,147.96,EUR/MWh,BE,BE,imbalance_price,Long,2026-08-03T03:49:42Z
2026-08-03T03:49:03Z,2026-08-03T05:49:03+0200,d815d4ad-795d-45eb-9ad8-9d704f7a3f43,2026-07-23T05:15:00Z,2026-07-23T07:15:00+0200,147.96,EUR/MWh,BE,BE,imbalance_price,Short,2026-08-03T03:49:42Z
2026-08-03T03:49:03Z,2026-08-03T05:49:03+0200,d815d4ad-795d-45eb-9ad8-9d704f7a3f43,2026-07-23T05:30:00Z,2026-07-23T07:30:00+0200,158.53,EUR/MWh,BE,BE,imbalance_price,Long,2026-08-03T03:49:42Z
2026-08-03T03:49:03Z,2026-08-03T05:49:03+0200,d815d4ad-795d-45eb-9ad8-9d704f7a3f43,2026-07-23T05:30:00Z,2026-07-23T07:30:00+0200,158.53,EUR/MWh,BE,BE,imbalance_price,Short,2026-08-03T03:49:42Z
2026-08-03T03:49:03Z,2026-08-03T05:49:03+0200,d815d4ad-795d-45eb-9ad8-9d704f7a3f43,2026-07-23T05:45:00Z,2026-07-23T07:45:00+0200,155.21,EUR/MWh,BE,BE,imbalance_price,Long,2026-08-03T03:49:42Z
2026-08-03T03:49:03Z,2026-08-03T05:49:03+0200,d815d4ad-795d-45eb-9ad8-9d704f7a3f43,2026-07-23T05:45:00Z,2026-07-23T07:45:00+0200,155.21,EUR/MWh,BE,BE,imbalance_price,Short,2026-08-03T03:49:42Z
2026-08-03T03:49:03Z,2026-08-03T05:49:03+0200,d815d4ad-795d-45eb-9ad8-9d704f7a3f43,2026-07-23T06:00:00Z,2026-07-23T08:00:00+0200,159.52,EUR/MWh,BE,BE,imbalance_price,Long,2026-08-03T03:49:42Z
2026-08-03T03:49:03Z,2026-08-03T05:49:03+0200,d815d4ad-795d-45eb-9ad8-9d704f7a3f43,2026-07-23T06:00:00Z,2026-07-23T08:00:00+0200,159.52,EUR/MWh,BE,BE,imbalance_price,Short,2026-08-03T03:49:42Z
2026-08-03T03:49:03Z,2026-08-03T05:49:03+0200,d815d4ad-795d-45eb-9ad8-9d704f7a3f43,2026-07-23T06:15:00Z,2026-07-23T08:15:00+0200,119.0,EUR/MWh,BE,BE,imbalance_price,Long,2026-08-03T03:49:42Z
2026-08-03T03:49:03Z,2026-08-03T05:49:03+0200,d815d4ad-795d-45eb-9ad8-9d704f7a3f43,2026-07-23T06:15:00Z,2026-07-23T08:15:00+0200,119.0,EUR/MWh,BE,BE,imbalance_price,Short,2026-08-03T03:49:42Z
2026-08-03T03:49:03Z,2026-08-03T05:49:03+0200,d815d4ad-795d-45eb-9ad8-9d704f7a3f43,2026-07-23T06:30:00Z,2026-07-23T08:30:00+0200,139.43,EUR/MWh,BE,BE,imbalance_price,Long,2026-08-03T03:49:42Z
2026-08-03T03:49:03Z,2026-08-03T05:49:03+0200,d815d4ad-795d-45eb-9ad8-9d704f7a3f43,2026-07-23T06:30:00Z,2026-07-23T08:30:00+0200,139.43,EUR/MWh,BE,BE,imbalance_price,Short,2026-08-03T03:49:42Z
2026-08-03T03:49:03Z,2026-08-03T05:49:03+0200,d815d4ad-795d-45eb-9ad8-9d704f7a3f43,2026-07-23T06:45:00Z,2026-07-23T08:45:00+0200,101.0,EUR/MWh,BE,BE,imbalance_price,Long,2026-08-03T03:49:42Z
2026-08-03T03:49:03Z,2026-08-03T05:49:03+0200,d815d4ad-795d-45eb-9ad8-9d704f7a3f43,2026-07-23T06:45:00Z,2026-07-23T08:45:00+0200,101.0,EUR/MWh,BE,BE,imbalance_price,Short,2026-08-03T03:49:42Z
2026-08-03T03:49:03Z,2026-08-03T05:49:03+0200,d815d4ad-795d-45eb-9ad8-9d704f7a3f43,2026-07-23T07:00:00Z,2026-07-23T09:00:00+0200,149.68,EUR/MWh,BE,BE,imbalance_price,Long,2026-08-03T03:49:42Z
2026-08-03T03:49:03Z,2026-08-03T05:49:03+0200,d815d4ad-795d-45eb-9ad8-9d704f7a3f43,2026-07-23T07:00:00Z,2026-07-23T09:00:00+0200,149.68,EUR/MWh,BE,BE,imbalance_price,Short,2026-08-03T03:49:42Z
2026-08-03T03:49:03Z,2026-08-03T05:49:03+0200,d815d4ad-795d-45eb-9ad8-9d704f7a3f43,2026-07-23T07:15:00Z,2026-07-23T09:15:00+0200,80.57,EUR/MWh,BE,BE,imbalance_price,Long,2026-08-03T03:49:42Z
2026-08-03T03:49:03Z,2026-08-03T05:49:03+0200,d815d4ad-795d-45eb-9ad8-9d704f7a3f43,2026-07-23T07:15:00Z,2026-07-23T09:15:00+0200,80.57,EUR/MWh,BE,BE,imbalance_price,Short,2026-08-03T03:49:42Z
2026-08-03T03:49:03Z,2026-08-03T05:49:03+0200,d815d4ad-795d-45eb-9ad8-9d704f7a3f43,2026-07-23T07:30:00Z,2026-07-23T09:30:00+0200,43.5,EUR/MWh,BE,BE,imbalance_price,Long,2026-08-03T03:49:42Z
2026-08-03T03:49:03Z,2026-08-03T05:49:03+0200,d815d4ad-795d-45eb-9ad8-9d704f7a3f43,2026-07-23T07:30:00Z,2026-07-23T09:30:00+0200,43.5,EUR/MWh,BE,BE,imbalance_price,Short,2026-08-03T03:49:42Z
2026-08-03T03:49:03Z,2026-08-03T05:49:03+0200,d815d4ad-795d-45eb-9ad8-9d704f7a3f43,2026-07-23T07:45:00Z,2026-07-23T09:45:00+0200,97.92,EUR/MWh,BE,BE,imbalance_price,Long,2026-08-03T03:49:42Z
2026-08-03T03:49:03Z,2026-08-03T05:49:03+0200,d815d4ad-795d-45eb-9ad8-9d704f7a3f43,2026-07-23T07:45:00Z,2026-07-23T09:45:00+0200,97.92,EUR/MWh,BE,BE,imbalance_price,Short,2026-08-03T03:49:42Z
2026-08-03T03:49:03Z,2026-08-03T05:49:03+0200,d815d4ad-795d-45eb-9ad8-9d704f7a3f43,2026-07-23T08:00:00Z,2026-07-23T10:00:00+0200,98.13,EUR/MWh,BE,BE,imbalance_price,Long,2026-08-03T03:49:42Z
2026-08-03T03:49:03Z,2026-08-03T05:49:03+0200,d815d4ad-795d-45eb-9ad8-9d704f7a3f43,2026-07-23T08:00:00Z,2026-07-23T10:00:00+0200,98.13,EUR/MWh,BE,BE,imbalance_price,Short,2026-08-03T03:49:42Z
2026-08-03T03:49:03Z,2026-08-03T05:49:03+0200,d815d4ad-795d-45eb-9ad8-9d704f7a3f43,2026-07-23T08:15:00Z,2026-07-23T10:15:00+0200,61.08,EUR/MWh,BE,BE,imbalance_price,Long,2026-08-03T03:49:42Z
2026-08-03T03:49:03Z,2026-08-03T05:49:03+0200,d815d4ad-795d-45eb-9ad8-9d704f7a3f43,2026-07-23T08:15:00Z,2026-07-23T10:15:00+0200,61.08,EUR/MWh,BE,BE,imbalance_price,Short,2026-08-03T03:49:42Z
2026-08-03T03:49:03Z,2026-08-03T05:49:03+0200,d815d4ad-795d-45eb-9ad8-9d704f7a3f43,2026-07-23T08:30:00Z,2026-07-23T10:30:00+0200,122.89,EUR/MWh,BE,BE,imbalance_price,Long,2026-08-03T03:49:42Z
2026-08-03T03:49:03Z,2026-08-03T05:49:03+0200,d815d4ad-795d-45eb-9ad8-9d704f7a3f43,2026-07-23T08:30:00Z,2026-07-23T10:30:00+0200,122.89,EUR/MWh,BE,BE,imbalance_price,Short,2026-08-03T03:49:42Z
2026-08-03T03:49:03Z,2026-08-03T05:49:03+0200,d815d4ad-795d-45eb-9ad8-9d704f7a3f43,2026-07-23T08:45:00Z,2026-07-23T10:45:00+0200,131.91,EUR/MWh,BE,BE,imbalance_price,Long,2026-08-03T03:49:42Z
2026-08-03T03:49:03Z,2026-08-03T05:49:03+0200,d815d4ad-795d-45eb-9ad8-9d704f7a3f43,2026-07-23T08:45:00Z,2026-07-23T10:45:00+0200,131.91,EUR/MWh,BE,BE,imbalance_price,Short,2026-08-03T03:49:42Z
2026-08-03T03:49:03Z,2026-08-03T05:49:03+0200,d815d4ad-795d-45eb-9ad8-9d704f7a3f43,2026-07-23T09:00:00Z,2026-07-23T11:00:00+0200,135.62,EUR/MWh,BE,BE,imbalance_price,Long,2026-08-03T03:49:42Z
2026-08-03T03:49:03Z,2026-08-03T05:49:03+0200,d815d4ad-795d-45eb-9ad8-9d704f7a3f43,2026-07-23T09:00:00Z,2026-07-23T11:00:00+0200,135.62,EUR/MWh,BE,BE,imbalance_price,Short,2026-08-03T03:49:42Z
2026-08-03T03:49:03Z,2026-08-03T05:49:03+0200,d815d4ad-795d-45eb-9ad8-9d704f7a3f43,2026-07-23T09:15:00Z,2026-07-23T11:15:00+0200,134.89,EUR/MWh,BE,BE,imbalance_price,Long,2026-08-03T03:49:42Z
2026-08-03T03:49:03Z,2026-08-03T05:49:03+0200,d815d4ad-795d-45eb-9ad8-9d704f7a3f43,2026-07-23T09:15:00Z,2026-07-23T11:15:00+0200,134.89,EUR/MWh,BE,BE,imbalance_price,Short,2026-08-03T03:49:42Z
2026-08-03T03:49:03Z,2026-08-03T05:49:03+0200,d815d4ad-795d-45eb-9ad8-9d704f7a3f43,2026-07-23T09:30:00Z,2026-07-23T11:30:00+0200,131.23,EUR/MWh,BE,BE,imbalance_price,Long,2026-08-03T03:49:42Z
2026-08-03T03:49:03Z,2026-08-03T05:49:03+0200,d815d4ad-795d-45eb-9ad8-9d704f7a3f43,2026-07-23T09:30:00Z,2026-07-23T11:30:00+0200,131.23,EUR/MWh,BE,BE,imbalance_price,Short,2026-08-03T03:49:42Z
2026-08-03T03:49:03Z,2026-08-03T05:49:03+0200,d815d4ad-795d-45eb-9ad8-9d704f7a3f43,2026-07-23T09:45:00Z,2026-07-23T11:45:00+0200,105.94,EUR/MWh,BE,BE,imbalance_price,Long,2026-08-03T03:49:42Z
2026-08-03T03:49:03Z,2026-08-03T05:49:03+0200,d815d4ad-795d-45eb-9ad8-9d704f7a3f43,2026-07-23T09:45:00Z,2026-07-23T11:45:00+0200,105.94,EUR/MWh,BE,BE,imbalance_price,Short,2026-08-03T03:49:42Z
2026-08-03T03:49:03Z,2026-08-03T05:49:03+0200,d815d4ad-795d-45eb-9ad8-9d704f7a3f43,2026-07-23T10:00:00Z,2026-07-23T12:00:00+0200,95.38,EUR/MWh,BE,BE,imbalance_price,Long,2026-08-03T03:49:42Z
2026-08-03T03:49:03Z,2026-08-03T05:49:03+0200,d815d4ad-795d-45eb-9ad8-9d704f7a3f43,2026-07-23T10:00:00Z,2026-07-23T12:00:00+0200,95.38,EUR/MWh,BE,BE,imbalance_price,Short,2026-08-03T03:49:42Z
2026-08-03T03:49:03Z,2026-08-03T05:49:03+0200,d815d4ad-795d-45eb-9ad8-9d704f7a3f43,2026-07-23T10:15:00Z,2026-07-23T12:15:00+0200,78.01,EUR/MWh,BE,BE,imbalance_price,Long,2026-08-03T03:49:42Z
2026-08-03T03:49:03Z,2026-08-03T05:49:03+0200,d815d4ad-795d-45eb-9ad8-9d704f7a3f43,2026-07-23T10:15:00Z,2026-07-23T12:15:00+0200,78.01,EUR/MWh,BE,BE,imbalance_price,Short,2026-08-03T03:49:42Z
2026-08-03T03:49:03Z,2026-08-03T05:49:03+0200,d815d4ad-795d-45eb-9ad8-9d704f7a3f43,2026-07-23T10:30:00Z,2026-07-23T12:30:00+0200,44.26,EUR/MWh,BE,BE,imbalance_price,Long,2026-08-03T03:49:42Z
2026-08-03T03:49:03Z,2026-08-03T05:49:03+0200,d815d4ad-795d-45eb-9ad8-9d704f7a3f43,2026-07-23T10:30:00Z,2026-07-23T12:30:00+0200,44.26,EUR/MWh,BE,BE,imbalance_price,Short,2026-08-03T03:49:42Z
2026-08-03T03:49:03Z,2026-08-03T05:49:03+0200,d815d4ad-795d-45eb-9ad8-9d704f7a3f43,2026-07-23T10:45:00Z,2026-07-23T12:45:00+0200,-3.15,EUR/MWh,BE,BE,imbalance_price,Long,2026-08-03T03:49:42Z
2026-08-03T03:49:03Z,2026-08-03T05:49:03+0200,d815d4ad-795d-45eb-9ad8-9d704f7a3f43,2026-07-23T10:45:00Z,2026-07-23T12:45:00+0200,-3.15,EUR/MWh,BE,BE,imbalance_price,Short,2026-08-03T03:49:42Z
2026-08-03T03:49:03Z,2026-08-03T05:49:03+0200,d815d4ad-795d-45eb-9ad8-9d704f7a3f43,2026-07-23T11:00:00Z,2026-07-23T13:00:00+0200,-7.59,EUR/MWh,BE,BE,imbalance_price,Long,2026-08-03T03:49:42Z
2026-08-03T03:49:03Z,2026-08-03T05:49:03+0200,d815d4ad-795d-45eb-9ad8-9d704f7a3f43,2026-07-23T11:00:00Z,2026-07-23T13:00:00+0200,-7.59,EUR/MWh,BE,BE,imbalance_price,Short,2026-08-03T03:49:42Z
2026-08-03T03:49:03Z,2026-08-03T05:49:03+0200,d815d4ad-795d-45eb-9ad8-9d704f7a3f43,2026-07-23T11:15:00Z,2026-07-23T13:15:00+0200,-11.58,EUR/MWh,BE,BE,imbalance_price,Long,2026-08-03T03:49:42Z
2026-08-03T03:49:03Z,2026-08-03T05:49:03+0200,d815d4ad-795d-45eb-9ad8-9d704f7a3f43,2026-07-23T11:15:00Z,2026-07-23T13:15:00+0200,-11.58,EUR/MWh,BE,BE,imbalance_price,Short,2026-08-03T03:49:42Z
2026-08-03T03:49:03Z,2026-08-03T05:49:03+0200,d815d4ad-795d-45eb-9ad8-9d704f7a3f43,2026-07-23T11:30:00Z,2026-07-23T13:30:00+0200,10.0,EUR/MWh,BE,BE,imbalance_price,Long,2026-08-03T03:49:42Z
2026-08-03T03:49:03Z,2026-08-03T05:49:03+0200,d815d4ad-795d-45eb-9ad8-9d704f7a3f43,2026-07-23T11:30:00Z,2026-07-23T13:30:00+0200,10.0,EUR/MWh,BE,BE,imbalance_price,Short,2026-08-03T03:49:42Z
2026-08-03T03:49:03Z,2026-08-03T05:49:03+0200,d815d4ad-795d-45eb-9ad8-9d704f7a3f43,2026-07-23T11:45:00Z,2026-07-23T13:45:00+0200,4.36,EUR/MWh,BE,BE,imbalance_price,Long,2026-08-03T03:49:42Z
2026-08-03T03:49:03Z,2026-08-03T05:49:03+0200,d815d4ad-795d-45eb-9ad8-9d704f7a3f43,2026-07-23T11:45:00Z,2026-07-23T13:45:00+0200,4.36,EUR/MWh,BE,BE,imbalance_price,Short,2026-08-03T03:49:42Z
2026-08-03T03:49:03Z,2026-08-03T05:49:03+0200,d815d4ad-795d-45eb-9ad8-9d704f7a3f43,2026-07-23T12:00:00Z,2026-07-23T14:00:00+0200,60.87,EUR/MWh,BE,BE,imbalance_price,Long,2026-08-03T03:49:42Z
2026-08-03T03:49:03Z,2026-08-03T05:49:03+0200,d815d4ad-795d-45eb-9ad8-9d704f7a3f43,2026-07-23T12:00:00Z,2026-07-23T14:00:00+0200,60.87,EUR/MWh,BE,BE,imbalance_price,Short,2026-08-03T03:49:42Z
2026-08-03T03:49:03Z,2026-08-03T05:49:03+0200,d815d4ad-795d-45eb-9ad8-9d704f7a3f43,2026-07-23T12:15:00Z,2026-07-23T14:15:00+0200,31.52,EUR/MWh,BE,BE,imbalance_price,Long,2026-08-03T03:49:42Z
2026-08-03T03:49:03Z,2026-08-03T05:49:03+0200,d815d4ad-795d-45eb-9ad8-9d704f7a3f43,2026-07-23T12:15:00Z,2026-07-23T14:15:00+0200,31.52,EUR/MWh,BE,BE,imbalance_price,Short,2026-08-03T03:49:42Z
2026-08-03T03:49:03Z,2026-08-03T05:49:03+0200,d815d4ad-795d-45eb-9ad8-9d704f7a3f43,2026-07-23T12:30:00Z,2026-07-23T14:30:00+0200,28.2,EUR/MWh,BE,BE,imbalance_price,Long,2026-08-03T03:49:42Z
2026-08-03T03:49:03Z,2026-08-03T05:49:03+0200,d815d4ad-795d-45eb-9ad8-9d704f7a3f43,2026-07-23T12:30:00Z,2026-07-23T14:30:00+0200,28.2,EUR/MWh,BE,BE,imbalance_price,Short,2026-08-03T03:49:42Z
2026-08-03T03:49:03Z,2026-08-03T05:49:03+0200,d815d4ad-795d-45eb-9ad8-9d704f7a3f43,2026-07-23T12:45:00Z,2026-07-23T14:45:00+0200,28.3,EUR/MWh,BE,BE,imbalance_price,Long,2026-08-03T03:49:42Z
2026-08-03T03:49:03Z,2026-08-03T05:49:03+0200,d815d4ad-795d-45eb-9ad8-9d704f7a3f43,2026-07-23T12:45:00Z,2026-07-23T14:45:00+0200,28.3,EUR/MWh,BE,BE,imbalance_price,Short,2026-08-03T03:49:42Z
2026-08-03T03:49:03Z,2026-08-03T05:49:03+0200,d815d4ad-795d-45eb-9ad8-9d704f7a3f43,2026-07-23T13:00:00Z,2026-07-23T15:00:00+0200,32.0,EUR/MWh,BE,BE,imbalance_price,Long,2026-08-03T03:49:42Z
2026-08-03T03:49:03Z,2026-08-03T05:49:03+0200,d815d4ad-795d-45eb-9ad8-9d704f7a3f43,2026-07-23T13:00:00Z,2026-07-23T15:00:00+0200,32.0,EUR/MWh,BE,BE,imbalance_price,Short,2026-08-03T03:49:42Z
2026-08-03T03:49:03Z,2026-08-03T05:49:03+0200,d815d4ad-795d-45eb-9ad8-9d704f7a3f43,2026-07-23T13:15:00Z,2026-07-23T15:15:00+0200,-12.84,EUR/MWh,BE,BE,imbalance_price,Long,2026-08-03T03:49:42Z
2026-08-03T03:49:03Z,2026-08-03T05:49:03+0200,d815d4ad-795d-45eb-9ad8-9d704f7a3f43,2026-07-23T13:15:00Z,2026-07-23T15:15:00+0200,-12.84,EUR/MWh,BE,BE,imbalance_price,Short,2026-08-03T03:49:42Z
2026-08-03T03:49:03Z,2026-08-03T05:49:03+0200,d815d4ad-795d-45eb-9ad8-9d704f7a3f43,2026-07-23T13:30:00Z,2026-07-23T15:30:00+0200,7.74,EUR/MWh,BE,BE,imbalance_price,Long,2026-08-03T03:49:42Z
2026-08-03T03:49:03Z,2026-08-03T05:49:03+0200,d815d4ad-795d-45eb-9ad8-9d704f7a3f43,2026-07-23T13:30:00Z,2026-07-23T15:30:00+0200,7.74,EUR/MWh,BE,BE,imbalance_price,Short,2026-08-03T03:49:42Z
2026-08-03T03:49:03Z,2026-08-03T05:49:03+0200,d815d4ad-795d-45eb-9ad8-9d704f7a3f43,2026-07-23T13:45:00Z,2026-07-23T15:45:00+0200,-2.95,EUR/MWh,BE,BE,imbalance_price,Long,2026-08-03T03:49:42Z
2026-08-03T03:49:03Z,2026-08-03T05:49:03+0200,d815d4ad-795d-45eb-9ad8-9d704f7a3f43,2026-07-23T13:45:00Z,2026-07-23T15:45:00+0200,-2.95,EUR/MWh,BE,BE,imbalance_price,Short,2026-08-03T03:49:42Z
2026-08-03T03:49:03Z,2026-08-03T05:49:03+0200,d815d4ad-795d-45eb-9ad8-9d704f7a3f43,2026-07-23T14:00:00Z,2026-07-23T16:00:00+0200,5.11,EUR/MWh,BE,BE,imbalance_price,Long,2026-08-03T03:49:42Z
2026-08-03T03:49:03Z,2026-08-03T05:49:03+0200,d815d4ad-795d-45eb-9ad8-9d704f7a3f43,2026-07-23T14:00:00Z,2026-07-23T16:00:00+0200,5.11,EUR/MWh,BE,BE,imbalance_price,Short,2026-08-03T03:49:42Z
2026-08-03T03:49:03Z,2026-08-03T05:49:03+0200,d815d4ad-795d-45eb-9ad8-9d704f7a3f43,2026-07-23T14:15:00Z,2026-07-23T16:15:00+0200,-7.67,EUR/MWh,BE,BE,imbalance_price,Long,2026-08-03T03:49:42Z
2026-08-03T03:49:03Z,2026-08-03T05:49:03+0200,d815d4ad-795d-45eb-9ad8-9d704f7a3f43,2026-07-23T14:15:00Z,2026-07-23T16:15:00+0200,-7.67,EUR/MWh,BE,BE,imbalance_price,Short,2026-08-03T03:49:42Z
2026-08-03T03:49:03Z,2026-08-03T05:49:03+0200,d815d4ad-795d-45eb-9ad8-9d704f7a3f43,2026-07-23T14:30:00Z,2026-07-23T16:30:00+0200,10.14,EUR/MWh,BE,BE,imbalance_price,Long,2026-08-03T03:49:42Z
2026-08-03T03:49:03Z,2026-08-03T05:49:03+0200,d815d4ad-795d-45eb-9ad8-9d704f7a3f43,2026-07-23T14:30:00Z,2026-07-23T16:30:00+0200,10.14,EUR/MWh,BE,BE,imbalance_price,Short,2026-08-03T03:49:42Z
2026-08-03T03:49:03Z,2026-08-03T05:49:03+0200,d815d4ad-795d-45eb-9ad8-9d704f7a3f43,2026-07-23T14:45:00Z,2026-07-23T16:45:00+0200,85.0,EUR/MWh,BE,BE,imbalance_price,Long,2026-08-03T03:49:42Z
2026-08-03T03:49:03Z,2026-08-03T05:49:03+0200,d815d4ad-795d-45eb-9ad8-9d704f7a3f43,2026-07-23T14:45:00Z,2026-07-23T16:45:00+0200,85.0,EUR/MWh,BE,BE,imbalance_price,Short,2026-08-03T03:49:42Z
2026-08-03T03:49:03Z,2026-08-03T05:49:03+0200,d815d4ad-795d-45eb-9ad8-9d704f7a3f43,2026-07-23T15:00:00Z,2026-07-23T17:00:00+0200,13.09,EUR/MWh,BE,BE,imbalance_price,Long,2026-08-03T03:49:42Z
2026-08-03T03:49:03Z,2026-08-03T05:49:03+0200,d815d4ad-795d-45eb-9ad8-9d704f7a3f43,2026-07-23T15:00:00Z,2026-07-23T17:00:00+0200,13.09,EUR/MWh,BE,BE,imbalance_price,Short,2026-08-03T03:49:42Z
2026-08-03T03:49:03Z,2026-08-03T05:49:03+0200,d815d4ad-795d-45eb-9ad8-9d704f7a3f43,2026-07-23T15:15:00Z,2026-07-23T17:15:00+0200,4.83,EUR/MWh,BE,BE,imbalance_price,Long,2026-08-03T03:49:42Z
2026-08-03T03:49:03Z,2026-08-03T05:49:03+0200,d815d4ad-795d-45eb-9ad8-9d704f7a3f43,2026-07-23T15:15:00Z,2026-07-23T17:15:00+0200,4.83,EUR/MWh,BE,BE,imbalance_price,Short,2026-08-03T03:49:42Z
2026-08-03T03:49:03Z,2026-08-03T05:49:03+0200,d815d4ad-795d-45eb-9ad8-9d704f7a3f43,2026-07-23T15:30:00Z,2026-07-23T17:30:00+0200,104.47,EUR/MWh,BE,BE,imbalance_price,Long,2026-08-03T03:49:42Z
2026-08-03T03:49:03Z,2026-08-03T05:49:03+0200,d815d4ad-795d-45eb-9ad8-9d704f7a3f43,2026-07-23T15:30:00Z,2026-07-23T17:30:00+0200,104.47,EUR/MWh,BE,BE,imbalance_price,Short,2026-08-03T03:49:42Z
2026-08-03T03:49:03Z,2026-08-03T05:49:03+0200,d815d4ad-795d-45eb-9ad8-9d704f7a3f43,2026-07-23T15:45:00Z,2026-07-23T17:45:00+0200,90.12,EUR/MWh,BE,BE,imbalance_price,Long,2026-08-03T03:49:42Z
2026-08-03T03:49:03Z,2026-08-03T05:49:03+0200,d815d4ad-795d-45eb-9ad8-9d704f7a3f43,2026-07-23T15:45:00Z,2026-07-23T17:45:00+0200,90.12,EUR/MWh,BE,BE,imbalance_price,Short,2026-08-03T03:49:42Z
2026-08-03T03:49:03Z,2026-08-03T05:49:03+0200,d815d4ad-795d-45eb-9ad8-9d704f7a3f43,2026-07-23T16:00:00Z,2026-07-23T18:00:00+0200,20.77,EUR/MWh,BE,BE,imbalance_price,Long,2026-08-03T03:49:42Z
2026-08-03T03:49:03Z,2026-08-03T05:49:03+0200,d815d4ad-795d-45eb-9ad8-9d704f7a3f43,2026-07-23T16:00:00Z,2026-07-23T18:00:00+0200,20.77,EUR/MWh,BE,BE,imbalance_price,Short,2026-08-03T03:49:42Z
2026-08-03T03:49:03Z,2026-08-03T05:49:03+0200,d815d4ad-795d-45eb-9ad8-9d704f7a3f43,2026-07-23T16:15:00Z,2026-07-23T18:15:00+0200,91.53,EUR/MWh,BE,BE,imbalance_price,Long,2026-08-03T03:49:42Z
2026-08-03T03:49:03Z,2026-08-03T05:49:03+0200,d815d4ad-795d-45eb-9ad8-9d704f7a3f43,2026-07-23T16:15:00Z,2026-07-23T18:15:00+0200,91.53,EUR/MWh,BE,BE,imbalance_price,Short,2026-08-03T03:49:42Z
2026-08-03T03:49:03Z,2026-08-03T05:49:03+0200,d815d4ad-795d-45eb-9ad8-9d704f7a3f43,2026-07-23T16:30:00Z,2026-07-23T18:30:00+0200,29.37,EUR/MWh,BE,BE,imbalance_price,Long,2026-08-03T03:49:42Z
2026-08-03T03:49:03Z,2026-08-03T05:49:03+0200,d815d4ad-795d-45eb-9ad8-9d704f7a3f43,2026-07-23T16:30:00Z,2026-07-23T18:30:00+0200,29.37,EUR/MWh,BE,BE,imbalance_price,Short,2026-08-03T03:49:42Z
2026-08-03T03:49:03Z,2026-08-03T05:49:03+0200,d815d4ad-795d-45eb-9ad8-9d704f7a3f43,2026-07-23T16:45:00Z,2026-07-23T18:45:00+0200,142.08,EUR/MWh,BE,BE,imbalance_price,Long,2026-08-03T03:49:42Z
2026-08-03T03:49:03Z,2026-08-03T05:49:03+0200,d815d4ad-795d-45eb-9ad8-9d704f7a3f43,2026-07-23T16:45:00Z,2026-07-23T18:45:00+0200,142.08,EUR/MWh,BE,BE,imbalance_price,Short,2026-08-03T03:49:42Z
2026-08-03T03:49:03Z,2026-08-03T05:49:03+0200,d815d4ad-795d-45eb-9ad8-9d704f7a3f43,2026-07-23T17:00:00Z,2026-07-23T19:00:00+0200,161.09,EUR/MWh,BE,BE,imbalance_price,Long,2026-08-03T03:49:42Z
2026-08-03T03:49:03Z,2026-08-03T05:49:03+0200,d815d4ad-795d-45eb-9ad8-9d704f7a3f43,2026-07-23T17:00:00Z,2026-07-23T19:00:00+0200,161.09,EUR/MWh,BE,BE,imbalance_price,Short,2026-08-03T03:49:42Z
2026-08-03T03:49:03Z,2026-08-03T05:49:03+0200,d815d4ad-795d-45eb-9ad8-9d704f7a3f43,2026-07-23T17:15:00Z,2026-07-23T19:15:00+0200,164.81,EUR/MWh,BE,BE,imbalance_price,Long,2026-08-03T03:49:42Z
2026-08-03T03:49:03Z,2026-08-03T05:49:03+0200,d815d4ad-795d-45eb-9ad8-9d704f7a3f43,2026-07-23T17:15:00Z,2026-07-23T19:15:00+0200,164.81,EUR/MWh,BE,BE,imbalance_price,Short,2026-08-03T03:49:42Z
2026-08-03T03:49:03Z,2026-08-03T05:49:03+0200,d815d4ad-795d-45eb-9ad8-9d704f7a3f43,2026-07-23T17:30:00Z,2026-07-23T19:30:00+0200,113.19,EUR/MWh,BE,BE,imbalance_price,Long,2026-08-03T03:49:42Z
2026-08-03T03:49:03Z,2026-08-03T05:49:03+0200,d815d4ad-795d-45eb-9ad8-9d704f7a3f43,2026-07-23T17:30:00Z,2026-07-23T19:30:00+0200,113.19,EUR/MWh,BE,BE,imbalance_price,Short,2026-08-03T03:49:42Z
2026-08-03T03:49:03Z,2026-08-03T05:49:03+0200,d815d4ad-795d-45eb-9ad8-9d704f7a3f43,2026-07-23T17:45:00Z,2026-07-23T19:45:00+0200,126.35,EUR/MWh,BE,BE,imbalance_price,Long,2026-08-03T03:49:42Z
2026-08-03T03:49:03Z,2026-08-03T05:49:03+0200,d815d4ad-795d-45eb-9ad8-9d704f7a3f43,2026-07-23T17:45:00Z,2026-07-23T19:45:00+0200,126.35,EUR/MWh,BE,BE,imbalance_price,Short,2026-08-03T03:49:42Z
2026-08-03T03:49:03Z,2026-08-03T05:49:03+0200,d815d4ad-795d-45eb-9ad8-9d704f7a3f43,2026-07-23T18:00:00Z,2026-07-23T20:00:00+0200,128.1,EUR/MWh,BE,BE,imbalance_price,Long,2026-08-03T03:49:42Z
2026-08-03T03:49:03Z,2026-08-03T05:49:03+0200,d815d4ad-795d-45eb-9ad8-9d704f7a3f43,2026-07-23T18:00:00Z,2026-07-23T20:00:00+0200,128.1,EUR/MWh,BE,BE,imbalance_price,Short,2026-08-03T03:49:42Z
2026-08-03T03:49:03Z,2026-08-03T05:49:03+0200,d815d4ad-795d-45eb-9ad8-9d704f7a3f43,2026-07-23T18:15:00Z,2026-07-23T20:15:00+0200,131.0,EUR/MWh,BE,BE,imbalance_price,Long,2026-08-03T03:49:42Z
2026-08-03T03:49:03Z,2026-08-03T05:49:03+0200,d815d4ad-795d-45eb-9ad8-9d704f7a3f43,2026-07-23T18:15:00Z,2026-07-23T20:15:00+0200,131.0,EUR/MWh,BE,BE,imbalance_price,Short,2026-08-03T03:49:42Z
2026-08-03T03:49:03Z,2026-08-03T05:49:03+0200,d815d4ad-795d-45eb-9ad8-9d704f7a3f43,2026-07-23T18:30:00Z,2026-07-23T20:30:00+0200,185.08,EUR/MWh,BE,BE,imbalance_price,Long,2026-08-03T03:49:42Z
2026-08-03T03:49:03Z,2026-08-03T05:49:03+0200,d815d4ad-795d-45eb-9ad8-9d704f7a3f43,2026-07-23T18:30:00Z,2026-07-23T20:30:00+0200,185.08,EUR/MWh,BE,BE,imbalance_price,Short,2026-08-03T03:49:42Z
2026-08-03T03:49:03Z,2026-08-03T05:49:03+0200,d815d4ad-795d-45eb-9ad8-9d704f7a3f43,2026-07-23T18:45:00Z,2026-07-23T20:45:00+0200,177.29,EUR/MWh,BE,BE,imbalance_price,Long,2026-08-03T03:49:42Z
2026-08-03T03:49:03Z,2026-08-03T05:49:03+0200,d815d4ad-795d-45eb-9ad8-9d704f7a3f43,2026-07-23T18:45:00Z,2026-07-23T20:45:00+0200,177.29,EUR/MWh,BE,BE,imbalance_price,Short,2026-08-03T03:49:42Z
2026-08-03T03:49:03Z,2026-08-03T05:49:03+0200,d815d4ad-795d-45eb-9ad8-9d704f7a3f43,2026-07-23T19:00:00Z,2026-07-23T21:00:00+0200,173.28,EUR/MWh,BE,BE,imbalance_price,Long,2026-08-03T03:49:42Z
2026-08-03T03:49:03Z,2026-08-03T05:49:03+0200,d815d4ad-795d-45eb-9ad8-9d704f7a3f43,2026-07-23T19:00:00Z,2026-07-23T21:00:00+0200,173.28,EUR/MWh,BE,BE,imbalance_price,Short,2026-08-03T03:49:42Z
2026-08-03T03:49:03Z,2026-08-03T05:49:03+0200,d815d4ad-795d-45eb-9ad8-9d704f7a3f43,2026-07-23T19:15:00Z,2026-07-23T21:15:00+0200,171.77,EUR/MWh,BE,BE,imbalance_price,Long,2026-08-03T03:49:42Z
2026-08-03T03:49:03Z,2026-08-03T05:49:03+0200,d815d4ad-795d-45eb-9ad8-9d704f7a3f43,2026-07-23T19:15:00Z,2026-07-23T21:15:00+0200,171.77,EUR/MWh,BE,BE,imbalance_price,Short,2026-08-03T03:49:42Z
2026-08-03T03:49:03Z,2026-08-03T05:49:03+0200,d815d4ad-795d-45eb-9ad8-9d704f7a3f43,2026-07-23T19:30:00Z,2026-07-23T21:30:00+0200,173.21,EUR/MWh,BE,BE,imbalance_price,Long,2026-08-03T03:49:42Z
2026-08-03T03:49:03Z,2026-08-03T05:49:03+0200,d815d4ad-795d-45eb-9ad8-9d704f7a3f43,2026-07-23T19:30:00Z,2026-07-23T21:30:00+0200,173.21,EUR/MWh,BE,BE,imbalance_price,Short,2026-08-03T03:49:42Z
2026-08-03T03:49:03Z,2026-08-03T05:49:03+0200,d815d4ad-795d-45eb-9ad8-9d704f7a3f43,2026-07-23T19:45:00Z,2026-07-23T21:45:00+0200,165.81,EUR/MWh,BE,BE,imbalance_price,Long,2026-08-03T03:49:42Z
2026-08-03T03:49:03Z,2026-08-03T05:49:03+0200,d815d4ad-795d-45eb-9ad8-9d704f7a3f43,2026-07-23T19:45:00Z,2026-07-23T21:45:00+0200,165.81,EUR/MWh,BE,BE,imbalance_price,Short,2026-08-03T03:49:42Z
2026-08-03T03:49:03Z,2026-08-03T05:49:03+0200,d815d4ad-795d-45eb-9ad8-9d704f7a3f43,2026-07-23T20:00:00Z,2026-07-23T22:00:00+0200,164.64,EUR/MWh,BE,BE,imbalance_price,Long,2026-08-03T03:49:42Z
2026-08-03T03:49:03Z,2026-08-03T05:49:03+0200,d815d4ad-795d-45eb-9ad8-9d704f7a3f43,2026-07-23T20:00:00Z,2026-07-23T22:00:00+0200,164.64,EUR/MWh,BE,BE,imbalance_price,Short,2026-08-03T03:49:42Z
2026-08-03T03:49:03Z,2026-08-03T05:49:03+0200,d815d4ad-795d-45eb-9ad8-9d704f7a3f43,2026-07-23T20:15:00Z,2026-07-23T22:15:00+0200,154.36,EUR/MWh,BE,BE,imbalance_price,Long,2026-08-03T03:49:42Z
2026-08-03T03:49:03Z,2026-08-03T05:49:03+0200,d815d4ad-795d-45eb-9ad8-9d704f7a3f43,2026-07-23T20:15:00Z,2026-07-23T22:15:00+0200,154.36,EUR/MWh,BE,BE,imbalance_price,Short,2026-08-03T03:49:42Z
2026-08-03T03:49:03Z,2026-08-03T05:49:03+0200,d815d4ad-795d-45eb-9ad8-9d704f7a3f43,2026-07-23T20:30:00Z,2026-07-23T22:30:00+0200,168.67,EUR/MWh,BE,BE,imbalance_price,Long,2026-08-03T03:49:42Z
2026-08-03T03:49:03Z,2026-08-03T05:49:03+0200,d815d4ad-795d-45eb-9ad8-9d704f7a3f43,2026-07-23T20:30:00Z,2026-07-23T22:30:00+0200,168.67,EUR/MWh,BE,BE,imbalance_price,Short,2026-08-03T03:49:42Z
2026-08-03T03:49:03Z,2026-08-03T05:49:03+0200,d815d4ad-795d-45eb-9ad8-9d704f7a3f43,2026-07-23T20:45:00Z,2026-07-23T22:45:00+0200,162.17,EUR/MWh,BE,BE,imbalance_price,Long,2026-08-03T03:49:42Z
2026-08-03T03:49:03Z,2026-08-03T05:49:03+0200,d815d4ad-795d-45eb-9ad8-9d704f7a3f43,2026-07-23T20:45:00Z,2026-07-23T22:45:00+0200,162.17,EUR/MWh,BE,BE,imbalance_price,Short,2026-08-03T03:49:42Z
2026-08-03T03:49:03Z,2026-08-03T05:49:03+0200,d815d4ad-795d-45eb-9ad8-9d704f7a3f43,2026-07-23T21:00:00Z,2026-07-23T23:00:00+0200,170.1,EUR/MWh,BE,BE,imbalance_price,Long,2026-08-03T03:49:42Z
2026-08-03T03:49:03Z,2026-08-03T05:49:03+0200,d815d4ad-795d-45eb-9ad8-9d704f7a3f43,2026-07-23T21:00:00Z,2026-07-23T23:00:00+0200,170.1,EUR/MWh,BE,BE,imbalance_price,Short,2026-08-03T03:49:42Z
2026-08-03T03:49:03Z,2026-08-03T05:49:03+0200,d815d4ad-795d-45eb-9ad8-9d704f7a3f43,2026-07-23T21:15:00Z,2026-07-23T23:15:00+0200,127.88,EUR/MWh,BE,BE,imbalance_price,Long,2026-08-03T03:49:42Z
2026-08-03T03:49:03Z,2026-08-03T05:49:03+0200,d815d4ad-795d-45eb-9ad8-9d704f7a3f43,2026-07-23T21:15:00Z,2026-07-23T23:15:00+0200,127.88,EUR/MWh,BE,BE,imbalance_price,Short,2026-08-03T03:49:42Z
2026-08-03T03:49:03Z,2026-08-03T05:49:03+0200,d815d4ad-795d-45eb-9ad8-9d704f7a3f43,2026-07-23T21:30:00Z,2026-07-23T23:30:00+0200,517.93,EUR/MWh,BE,BE,imbalance_price,Long,2026-08-03T03:49:42Z
2026-08-03T03:49:03Z,2026-08-03T05:49:03+0200,d815d4ad-795d-45eb-9ad8-9d704f7a3f43,2026-07-23T21:30:00Z,2026-07-23T23:30:00+0200,517.93,EUR/MWh,BE,BE,imbalance_price,Short,2026-08-03T03:49:42Z
2026-08-03T03:49:03Z,2026-08-03T05:49:03+0200,d815d4ad-795d-45eb-9ad8-9d704f7a3f43,2026-07-23T21:45:00Z,2026-07-23T23:45:00+0200,163.43,EUR/MWh,BE,BE,imbalance_price,Long,2026-08-03T03:49:42Z
2026-08-03T03:49:03Z,2026-08-03T05:49:03+0200,d815d4ad-795d-45eb-9ad8-9d704f7a3f43,2026-07-23T21:45:00Z,2026-07-23T23:45:00+0200,163.43,EUR/MWh,BE,BE,imbalance_price,Short,2026-08-03T03:49:42Z
2026-08-03T03:49:03Z,2026-08-03T05:49:03+0200,d815d4ad-795d-45eb-9ad8-9d704f7a3f43,2026-07-23T22:00:00Z,2026-07-24T00:00:00+0200,178.43,EUR/MWh,BE,BE,imbalance_price,Long,2026-08-03T03:49:42Z
2026-08-03T03:49:03Z,2026-08-03T05:49:03+0200,d815d4ad-795d-45eb-9ad8-9d704f7a3f43,2026-07-23T22:00:00Z,2026-07-24T00:00:00+0200,178.43,EUR/MWh,BE,BE,imbalance_price,Short,2026-08-03T03:49:42Z
2026-08-03T03:49:03Z,2026-08-03T05:49:03+0200,d815d4ad-795d-45eb-9ad8-9d704f7a3f43,2026-07-23T22:15:00Z,2026-07-24T00:15:00+0200,148.45,EUR/MWh,BE,BE,imbalance_price,Long,2026-08-03T03:49:42Z
2026-08-03T03:49:03Z,2026-08-03T05:49:03+0200,d815d4ad-795d-45eb-9ad8-9d704f7a3f43,2026-07-23T22:15:00Z,2026-07-24T00:15:00+0200,148.45,EUR/MWh,BE,BE,imbalance_price,Short,2026-08-03T03:49:42Z
2026-08-03T03:49:03Z,2026-08-03T05:49:03+0200,d815d4ad-795d-45eb-9ad8-9d704f7a3f43,2026-07-23T22:30:00Z,2026-07-24T00:30:00+0200,180.0,EUR/MWh,BE,BE,imbalance_price,Long,2026-08-03T03:49:42Z
2026-08-03T03:49:03Z,2026-08-03T05:49:03+0200,d815d4ad-795d-45eb-9ad8-9d704f7a3f43,2026-07-23T22:30:00Z,2026-07-24T00:30:00+0200,180.0,EUR/MWh,BE,BE,imbalance_price,Short,2026-08-03T03:49:42Z
2026-08-03T03:49:03Z,2026-08-03T05:49:03+0200,d815d4ad-795d-45eb-9ad8-9d704f7a3f43,2026-07-23T22:45:00Z,2026-07-24T00:45:00+0200,158.5,EUR/MWh,BE,BE,imbalance_price,Long,2026-08-03T03:49:42Z
2026-08-03T03:49:03Z,2026-08-03T05:49:03+0200,d815d4ad-795d-45eb-9ad8-9d704f7a3f43,2026-07-23T22:45:00Z,2026-07-24T00:45:00+0200,158.5,EUR/MWh,BE,BE,imbalance_price,Short,2026-08-03T03:49:42Z
2026-08-03T03:49:03Z,2026-08-03T05:49:03+0200,d815d4ad-795d-45eb-9ad8-9d704f7a3f43,2026-07-23T23:00:00Z,2026-07-24T01:00:00+0200,156.78,EUR/MWh,BE,BE,imbalance_price,Long,2026-08-03T03:49:42Z
2026-08-03T03:49:03Z,2026-08-03T05:49:03+0200,d815d4ad-795d-45eb-9ad8-9d704f7a3f43,2026-07-23T23:00:00Z,2026-07-24T01:00:00+0200,156.78,EUR/MWh,BE,BE,imbalance_price,Short,2026-08-03T03:49:42Z
2026-08-03T03:49:03Z,2026-08-03T05:49:03+0200,d815d4ad-795d-45eb-9ad8-9d704f7a3f43,2026-07-23T23:15:00Z,2026-07-24T01:15:00+0200,157.21,EUR/MWh,BE,BE,imbalance_price,Long,2026-08-03T03:49:42Z
2026-08-03T03:49:03Z,2026-08-03T05:49:03+0200,d815d4ad-795d-45eb-9ad8-9d704f7a3f43,2026-07-23T23:15:00Z,2026-07-24T01:15:00+0200,157.21,EUR/MWh,BE,BE,imbalance_price,Short,2026-08-03T03:49:42Z
2026-08-03T03:49:03Z,2026-08-03T05:49:03+0200,d815d4ad-795d-45eb-9ad8-9d704f7a3f43,2026-07-23T23:30:00Z,2026-07-24T01:30:00+0200,154.71,EUR/MWh,BE,BE,imbalance_price,Long,2026-08-03T03:49:42Z
2026-08-03T03:49:03Z,2026-08-03T05:49:03+0200,d815d4ad-795d-45eb-9ad8-9d704f7a3f43,2026-07-23T23:30:00Z,2026-07-24T01:30:00+0200,154.71,EUR/MWh,BE,BE,imbalance_price,Short,2026-08-03T03:49:42Z
2026-08-03T03:49:03Z,2026-08-03T05:49:03+0200,d815d4ad-795d-45eb-9ad8-9d704f7a3f43,2026-07-23T23:45:00Z,2026-07-24T01:45:00+0200,142.45,EUR/MWh,BE,BE,imbalance_price,Long,2026-08-03T03:49:42Z
2026-08-03T03:49:03Z,2026-08-03T05:49:03+0200,d815d4ad-795d-45eb-9ad8-9d704f7a3f43,2026-07-23T23:45:00Z,2026-07-24T01:45:00+0200,142.45,EUR/MWh,BE,BE,imbalance_price,Short,2026-08-03T03:49:42Z
2026-08-03T03:49:03Z,2026-08-03T05:49:03+0200,d815d4ad-795d-45eb-9ad8-9d704f7a3f43,2026-07-24T00:00:00Z,2026-07-24T02:00:00+0200,155.4,EUR/MWh,BE,BE,imbalance_price,Long,2026-08-03T03:49:42Z
2026-08-03T03:49:03Z,2026-08-03T05:49:03+0200,d815d4ad-795d-45eb-9ad8-9d704f7a3f43,2026-07-24T00:00:00Z,2026-07-24T02:00:00+0200,155.4,EUR/MWh,BE,BE,imbalance_price,Short,2026-08-03T03:49:42Z
2026-08-03T03:49:03Z,2026-08-03T05:49:03+0200,d815d4ad-795d-45eb-9ad8-9d704f7a3f43,2026-07-24T00:15:00Z,2026-07-24T02:15:00+0200,152.14,EUR/MWh,BE,BE,imbalance_price,Long,2026-08-03T03:49:42Z
2026-08-03T03:49:03Z,2026-08-03T05:49:03+0200,d815d4ad-795d-45eb-9ad8-9d704f7a3f43,2026-07-24T00:15:00Z,2026-07-24T02:15:00+0200,152.14,EUR/MWh,BE,BE,imbalance_price,Short,2026-08-03T03:49:42Z
2026-08-03T03:49:03Z,2026-08-03T05:49:03+0200,d815d4ad-795d-45eb-9ad8-9d704f7a3f43,2026-07-24T00:30:00Z,2026-07-24T02:30:00+0200,151.06,EUR/MWh,BE,BE,imbalance_price,Long,2026-08-03T03:49:42Z
2026-08-03T03:49:03Z,2026-08-03T05:49:03+0200,d815d4ad-795d-45eb-9ad8-9d704f7a3f43,2026-07-24T00:30:00Z,2026-07-24T02:30:00+0200,151.06,EUR/MWh,BE,BE,imbalance_price,Short,2026-08-03T03:49:42Z
2026-08-03T03:49:03Z,2026-08-03T05:49:03+0200,d815d4ad-795d-45eb-9ad8-9d704f7a3f43,2026-07-24T00:45:00Z,2026-07-24T02:45:00+0200,151.38,EUR/MWh,BE,BE,imbalance_price,Long,2026-08-03T03:49:42Z
2026-08-03T03:49:03Z,2026-08-03T05:49:03+0200,d815d4ad-795d-45eb-9ad8-9d704f7a3f43,2026-07-24T00:45:00Z,2026-07-24T02:45:00+0200,151.38,EUR/MWh,BE,BE,imbalance_price,Short,2026-08-03T03:49:42Z
2026-08-03T03:49:03Z,2026-08-03T05:49:03+0200,d815d4ad-795d-45eb-9ad8-9d704f7a3f43,2026-07-24T01:00:00Z,2026-07-24T03:00:00+0200,147.13,EUR/MWh,BE,BE,imbalance_price,Long,2026-08-03T03:49:42Z
2026-08-03T03:49:03Z,2026-08-03T05:49:03+0200,d815d4ad-795d-45eb-9ad8-9d704f7a3f43,2026-07-24T01:00:00Z,2026-07-24T03:00:00+0200,147.13,EUR/MWh,BE,BE,imbalance_price,Short,2026-08-03T03:49:42Z
2026-08-03T03:49:03Z,2026-08-03T05:49:03+0200,d815d4ad-795d-45eb-9ad8-9d704f7a3f43,2026-07-24T01:15:00Z,2026-07-24T03:15:00+0200,156.81,EUR/MWh,BE,BE,imbalance_price,Long,2026-08-03T03:49:42Z
2026-08-03T03:49:03Z,2026-08-03T05:49:03+0200,d815d4ad-795d-45eb-9ad8-9d704f7a3f43,2026-07-24T01:15:00Z,2026-07-24T03:15:00+0200,156.81,EUR/MWh,BE,BE,imbalance_price,Short,2026-08-03T03:49:42Z
2026-08-03T03:49:03Z,2026-08-03T05:49:03+0200,d815d4ad-795d-45eb-9ad8-9d704f7a3f43,2026-07-24T01:30:00Z,2026-07-24T03:30:00+0200,171.58,EUR/MWh,BE,BE,imbalance_price,Long,2026-08-03T03:49:42Z
2026-08-03T03:49:03Z,2026-08-03T05:49:03+0200,d815d4ad-795d-45eb-9ad8-9d704f7a3f43,2026-07-24T01:30:00Z,2026-07-24T03:30:00+0200,171.58,EUR/MWh,BE,BE,imbalance_price,Short,2026-08-03T03:49:42Z
2026-08-03T03:49:03Z,2026-08-03T05:49:03+0200,d815d4ad-795d-45eb-9ad8-9d704f7a3f43,2026-07-24T01:45:00Z,2026-07-24T03:45:00+0200,149.63,EUR/MWh,BE,BE,imbalance_price,Long,2026-08-03T03:49:42Z
2026-08-03T03:49:03Z,2026-08-03T05:49:03+0200,d815d4ad-795d-45eb-9ad8-9d704f7a3f43,2026-07-24T01:45:00Z,2026-07-24T03:45:00+0200,149.63,EUR/MWh,BE,BE,imbalance_price,Short,2026-08-03T03:49:42Z
2026-08-03T03:49:03Z,2026-08-03T05:49:03+0200,d815d4ad-795d-45eb-9ad8-9d704f7a3f43,2026-07-24T02:00:00Z,2026-07-24T04:00:00+0200,155.04,EUR/MWh,BE,BE,imbalance_price,Long,2026-08-03T03:49:42Z
2026-08-03T03:49:03Z,2026-08-03T05:49:03+0200,d815d4ad-795d-45eb-9ad8-9d704f7a3f43,2026-07-24T02:00:00Z,2026-07-24T04:00:00+0200,155.04,EUR/MWh,BE,BE,imbalance_price,Short,2026-08-03T03:49:42Z
2026-08-03T03:49:03Z,2026-08-03T05:49:03+0200,d815d4ad-795d-45eb-9ad8-9d704f7a3f43,2026-07-24T02:15:00Z,2026-07-24T04:15:00+0200,149.36,EUR/MWh,BE,BE,imbalance_price,Long,2026-08-03T03:49:42Z
2026-08-03T03:49:03Z,2026-08-03T05:49:03+0200,d815d4ad-795d-45eb-9ad8-9d704f7a3f43,2026-07-24T02:15:00Z,2026-07-24T04:15:00+0200,149.36,EUR/MWh,BE,BE,imbalance_price,Short,2026-08-03T03:49:42Z
2026-08-03T03:49:03Z,2026-08-03T05:49:03+0200,d815d4ad-795d-45eb-9ad8-9d704f7a3f43,2026-07-24T02:30:00Z,2026-07-24T04:30:00+0200,147.26,EUR/MWh,BE,BE,imbalance_price,Long,2026-08-03T03:49:42Z
2026-08-03T03:49:03Z,2026-08-03T05:49:03+0200,d815d4ad-795d-45eb-9ad8-9d704f7a3f43,2026-07-24T02:30:00Z,2026-07-24T04:30:00+0200,147.26,EUR/MWh,BE,BE,imbalance_price,Short,2026-08-03T03:49:42Z
2026-08-03T03:49:03Z,2026-08-03T05:49:03+0200,d815d4ad-795d-45eb-9ad8-9d704f7a3f43,2026-07-24T02:45:00Z,2026-07-24T04:45:00+0200,169.89,EUR/MWh,BE,BE,imbalance_price,Long,2026-08-03T03:49:42Z
2026-08-03T03:49:03Z,2026-08-03T05:49:03+0200,d815d4ad-795d-45eb-9ad8-9d704f7a3f43,2026-07-24T02:45:00Z,2026-07-24T04:45:00+0200,169.89,EUR/MWh,BE,BE,imbalance_price,Short,2026-08-03T03:49:42Z
2026-08-03T03:49:03Z,2026-08-03T05:49:03+0200,d815d4ad-795d-45eb-9ad8-9d704f7a3f43,2026-07-24T03:00:00Z,2026-07-24T05:00:00+0200,147.48,EUR/MWh,BE,BE,imbalance_price,Long,2026-08-03T03:49:42Z
2026-08-03T03:49:03Z,2026-08-03T05:49:03+0200,d815d4ad-795d-45eb-9ad8-9d704f7a3f43,2026-07-24T03:00:00Z,2026-07-24T05:00:00+0200,147.48,EUR/MWh,BE,BE,imbalance_price,Short,2026-08-03T03:49:42Z
2026-08-03T03:49:03Z,2026-08-03T05:49:03+0200,d815d4ad-795d-45eb-9ad8-9d704f7a3f43,2026-07-24T03:15:00Z,2026-07-24T05:15:00+0200,139.64,EUR/MWh,BE,BE,imbalance_price,Long,2026-08-03T03:49:42Z
2026-08-03T03:49:03Z,2026-08-03T05:49:03+0200,d815d4ad-795d-45eb-9ad8-9d704f7a3f43,2026-07-24T03:15:00Z,2026-07-24T05:15:00+0200,139.64,EUR/MWh,BE,BE,imbalance_price,Short,2026-08-03T03:49:42Z
2026-08-03T03:49:03Z,2026-08-03T05:49:03+0200,d815d4ad-795d-45eb-9ad8-9d704f7a3f43,2026-07-24T03:30:00Z,2026-07-24T05:30:00+0200,163.96,EUR/MWh,BE,BE,imbalance_price,Long,2026-08-03T03:49:42Z
2026-08-03T03:49:03Z,2026-08-03T05:49:03+0200,d815d4ad-795d-45eb-9ad8-9d704f7a3f43,2026-07-24T03:30:00Z,2026-07-24T05:30:00+0200,163.96,EUR/MWh,BE,BE,imbalance_price,Short,2026-08-03T03:49:42Z
2026-08-03T03:49:03Z,2026-08-03T05:49:03+0200,d815d4ad-795d-45eb-9ad8-9d704f7a3f43,2026-07-24T03:45:00Z,2026-07-24T05:45:00+0200,163.51,EUR/MWh,BE,BE,imbalance_price,Long,2026-08-03T03:49:42Z
2026-08-03T03:49:03Z,2026-08-03T05:49:03+0200,d815d4ad-795d-45eb-9ad8-9d704f7a3f43,2026-07-24T03:45:00Z,2026-07-24T05:45:00+0200,163.51,EUR/MWh,BE,BE,imbalance_price,Short,2026-08-03T03:49:42Z
2026-08-03T03:49:03Z,2026-08-03T05:49:03+0200,d815d4ad-795d-45eb-9ad8-9d704f7a3f43,2026-07-24T04:00:00Z,2026-07-24T06:00:00+0200,163.82,EUR/MWh,BE,BE,imbalance_price,Long,2026-08-03T03:49:42Z
2026-08-03T03:49:03Z,2026-08-03T05:49:03+0200,d815d4ad-795d-45eb-9ad8-9d704f7a3f43,2026-07-24T04:00:00Z,2026-07-24T06:00:00+0200,163.82,EUR/MWh,BE,BE,imbalance_price,Short,2026-08-03T03:49:42Z
2026-08-03T03:49:03Z,2026-08-03T05:49:03+0200,d815d4ad-795d-45eb-9ad8-9d704f7a3f43,2026-07-24T04:15:00Z,2026-07-24T06:15:00+0200,162.13,EUR/MWh,BE,BE,imbalance_price,Long,2026-08-03T03:49:42Z
2026-08-03T03:49:03Z,2026-08-03T05:49:03+0200,d815d4ad-795d-45eb-9ad8-9d704f7a3f43,2026-07-24T04:15:00Z,2026-07-24T06:15:00+0200,162.13,EUR/MWh,BE,BE,imbalance_price,Short,2026-08-03T03:49:42Z
2026-08-03T03:49:03Z,2026-08-03T05:49:03+0200,d815d4ad-795d-45eb-9ad8-9d704f7a3f43,2026-07-24T04:30:00Z,2026-07-24T06:30:00+0200,157.73,EUR/MWh,BE,BE,imbalance_price,Long,2026-08-03T03:49:42Z
2026-08-03T03:49:03Z,2026-08-03T05:49:03+0200,d815d4ad-795d-45eb-9ad8-9d704f7a3f43,2026-07-24T04:30:00Z,2026-07-24T06:30:00+0200,157.73,EUR/MWh,BE,BE,imbalance_price,Short,2026-08-03T03:49:42Z
2026-08-03T03:49:03Z,2026-08-03T05:49:03+0200,d815d4ad-795d-45eb-9ad8-9d704f7a3f43,2026-07-24T04:45:00Z,2026-07-24T06:45:00+0200,129.0,EUR/MWh,BE,BE,imbalance_price,Long,2026-08-03T03:49:42Z
2026-08-03T03:49:03Z,2026-08-03T05:49:03+0200,d815d4ad-795d-45eb-9ad8-9d704f7a3f43,2026-07-24T04:45:00Z,2026-07-24T06:45:00+0200,129.0,EUR/MWh,BE,BE,imbalance_price,Short,2026-08-03T03:49:42Z
2026-08-03T03:49:03Z,2026-08-03T05:49:03+0200,d815d4ad-795d-45eb-9ad8-9d704f7a3f43,2026-07-24T05:00:00Z,2026-07-24T07:00:00+0200,163.12,EUR/MWh,BE,BE,imbalance_price,Long,2026-08-03T03:49:42Z
2026-08-03T03:49:03Z,2026-08-03T05:49:03+0200,d815d4ad-795d-45eb-9ad8-9d704f7a3f43,2026-07-24T05:00:00Z,2026-07-24T07:00:00+0200,163.12,EUR/MWh,BE,BE,imbalance_price,Short,2026-08-03T03:49:42Z
2026-08-03T03:49:03Z,2026-08-03T05:49:03+0200,d815d4ad-795d-45eb-9ad8-9d704f7a3f43,2026-07-24T05:15:00Z,2026-07-24T07:15:00+0200,150.11,EUR/MWh,BE,BE,imbalance_price,Long,2026-08-03T03:49:42Z
2026-08-03T03:49:03Z,2026-08-03T05:49:03+0200,d815d4ad-795d-45eb-9ad8-9d704f7a3f43,2026-07-24T05:15:00Z,2026-07-24T07:15:00+0200,150.11,EUR/MWh,BE,BE,imbalance_price,Short,2026-08-03T03:49:42Z
2026-08-03T03:49:03Z,2026-08-03T05:49:03+0200,d815d4ad-795d-45eb-9ad8-9d704f7a3f43,2026-07-24T05:30:00Z,2026-07-24T07:30:00+0200,141.53,EUR/MWh,BE,BE,imbalance_price,Long,2026-08-03T03:49:42Z
2026-08-03T03:49:03Z,2026-08-03T05:49:03+0200,d815d4ad-795d-45eb-9ad8-9d704f7a3f43,2026-07-24T05:30:00Z,2026-07-24T07:30:00+0200,141.53,EUR/MWh,BE,BE,imbalance_price,Short,2026-08-03T03:49:42Z
2026-08-03T03:49:03Z,2026-08-03T05:49:03+0200,d815d4ad-795d-45eb-9ad8-9d704f7a3f43,2026-07-24T05:45:00Z,2026-07-24T07:45:00+0200,142.95,EUR/MWh,BE,BE,imbalance_price,Long,2026-08-03T03:49:42Z
2026-08-03T03:49:03Z,2026-08-03T05:49:03+0200,d815d4ad-795d-45eb-9ad8-9d704f7a3f43,2026-07-24T05:45:00Z,2026-07-24T07:45:00+0200,142.95,EUR/MWh,BE,BE,imbalance_price,Short,2026-08-03T03:49:42Z
2026-08-03T03:49:03Z,2026-08-03T05:49:03+0200,d815d4ad-795d-45eb-9ad8-9d704f7a3f43,2026-07-24T06:00:00Z,2026-07-24T08:00:00+0200,146.0,EUR/MWh,BE,BE,imbalance_price,Long,2026-08-03T03:49:42Z
2026-08-03T03:49:03Z,2026-08-03T05:49:03+0200,d815d4ad-795d-45eb-9ad8-9d704f7a3f43,2026-07-24T06:00:00Z,2026-07-24T08:00:00+0200,146.0,EUR/MWh,BE,BE,imbalance_price,Short,2026-08-03T03:49:42Z
2026-08-03T03:49:03Z,2026-08-03T05:49:03+0200,d815d4ad-795d-45eb-9ad8-9d704f7a3f43,2026-07-24T06:15:00Z,2026-07-24T08:15:00+0200,137.2,EUR/MWh,BE,BE,imbalance_price,Long,2026-08-03T03:49:42Z
2026-08-03T03:49:03Z,2026-08-03T05:49:03+0200,d815d4ad-795d-45eb-9ad8-9d704f7a3f43,2026-07-24T06:15:00Z,2026-07-24T08:15:00+0200,137.2,EUR/MWh,BE,BE,imbalance_price,Short,2026-08-03T03:49:42Z
2026-08-03T03:49:03Z,2026-08-03T05:49:03+0200,d815d4ad-795d-45eb-9ad8-9d704f7a3f43,2026-07-24T06:30:00Z,2026-07-24T08:30:00+0200,89.99,EUR/MWh,BE,BE,imbalance_price,Long,2026-08-03T03:49:42Z
2026-08-03T03:49:03Z,2026-08-03T05:49:03+0200,d815d4ad-795d-45eb-9ad8-9d704f7a3f43,2026-07-24T06:30:00Z,2026-07-24T08:30:00+0200,89.99,EUR/MWh,BE,BE,imbalance_price,Short,2026-08-03T03:49:42Z
2026-08-03T03:49:03Z,2026-08-03T05:49:03+0200,d815d4ad-795d-45eb-9ad8-9d704f7a3f43,2026-07-24T06:45:00Z,2026-07-24T08:45:00+0200,50.84,EUR/MWh,BE,BE,imbalance_price,Long,2026-08-03T03:49:42Z
2026-08-03T03:49:03Z,2026-08-03T05:49:03+0200,d815d4ad-795d-45eb-9ad8-9d704f7a3f43,2026-07-24T06:45:00Z,2026-07-24T08:45:00+0200,50.84,EUR/MWh,BE,BE,imbalance_price,Short,2026-08-03T03:49:42Z
2026-08-03T03:49:03Z,2026-08-03T05:49:03+0200,d815d4ad-795d-45eb-9ad8-9d704f7a3f43,2026-07-24T07:00:00Z,2026-07-24T09:00:00+0200,89.99,EUR/MWh,BE,BE,imbalance_price,Long,2026-08-03T03:49:42Z
2026-08-03T03:49:03Z,2026-08-03T05:49:03+0200,d815d4ad-795d-45eb-9ad8-9d704f7a3f43,2026-07-24T07:00:00Z,2026-07-24T09:00:00+0200,89.99,EUR/MWh,BE,BE,imbalance_price,Short,2026-08-03T03:49:42Z
2026-08-03T03:49:03Z,2026-08-03T05:49:03+0200,d815d4ad-795d-45eb-9ad8-9d704f7a3f43,2026-07-24T07:15:00Z,2026-07-24T09:15:00+0200,88.77,EUR/MWh,BE,BE,imbalance_price,Long,2026-08-03T03:49:42Z
2026-08-03T03:49:03Z,2026-08-03T05:49:03+0200,d815d4ad-795d-45eb-9ad8-9d704f7a3f43,2026-07-24T07:15:00Z,2026-07-24T09:15:00+0200,88.77,EUR/MWh,BE,BE,imbalance_price,Short,2026-08-03T03:49:42Z
2026-08-03T03:49:03Z,2026-08-03T05:49:03+0200,d815d4ad-795d-45eb-9ad8-9d704f7a3f43,2026-07-24T07:30:00Z,2026-07-24T09:30:00+0200,82.22,EUR/MWh,BE,BE,imbalance_price,Long,2026-08-03T03:49:42Z
2026-08-03T03:49:03Z,2026-08-03T05:49:03+0200,d815d4ad-795d-45eb-9ad8-9d704f7a3f43,2026-07-24T07:30:00Z,2026-07-24T09:30:00+0200,82.22,EUR/MWh,BE,BE,imbalance_price,Short,2026-08-03T03:49:42Z
2026-08-03T03:49:03Z,2026-08-03T05:49:03+0200,d815d4ad-795d-45eb-9ad8-9d704f7a3f43,2026-07-24T07:45:00Z,2026-07-24T09:45:00+0200,76.27,EUR/MWh,BE,BE,imbalance_price,Long,2026-08-03T03:49:42Z
2026-08-03T03:49:03Z,2026-08-03T05:49:03+0200,d815d4ad-795d-45eb-9ad8-9d704f7a3f43,2026-07-24T07:45:00Z,2026-07-24T09:45:00+0200,76.27,EUR/MWh,BE,BE,imbalance_price,Short,2026-08-03T03:49:42Z
2026-08-03T03:49:03Z,2026-08-03T05:49:03+0200,d815d4ad-795d-45eb-9ad8-9d704f7a3f43,2026-07-24T08:00:00Z,2026-07-24T10:00:00+0200,79.06,EUR/MWh,BE,BE,imbalance_price,Long,2026-08-03T03:49:42Z
2026-08-03T03:49:03Z,2026-08-03T05:49:03+0200,d815d4ad-795d-45eb-9ad8-9d704f7a3f43,2026-07-24T08:00:00Z,2026-07-24T10:00:00+0200,79.06,EUR/MWh,BE,BE,imbalance_price,Short,2026-08-03T03:49:42Z
2026-08-03T03:49:03Z,2026-08-03T05:49:03+0200,d815d4ad-795d-45eb-9ad8-9d704f7a3f43,2026-07-24T08:15:00Z,2026-07-24T10:15:00+0200,69.31,EUR/MWh,BE,BE,imbalance_price,Long,2026-08-03T03:49:42Z
2026-08-03T03:49:03Z,2026-08-03T05:49:03+0200,d815d4ad-795d-45eb-9ad8-9d704f7a3f43,2026-07-24T08:15:00Z,2026-07-24T10:15:00+0200,69.31,EUR/MWh,BE,BE,imbalance_price,Short,2026-08-03T03:49:42Z
2026-08-03T03:49:03Z,2026-08-03T05:49:03+0200,d815d4ad-795d-45eb-9ad8-9d704f7a3f43,2026-07-24T08:30:00Z,2026-07-24T10:30:00+0200,56.69,EUR/MWh,BE,BE,imbalance_price,Long,2026-08-03T03:49:42Z
2026-08-03T03:49:03Z,2026-08-03T05:49:03+0200,d815d4ad-795d-45eb-9ad8-9d704f7a3f43,2026-07-24T08:30:00Z,2026-07-24T10:30:00+0200,56.69,EUR/MWh,BE,BE,imbalance_price,Short,2026-08-03T03:49:42Z
2026-08-03T03:49:03Z,2026-08-03T05:49:03+0200,d815d4ad-795d-45eb-9ad8-9d704f7a3f43,2026-07-24T08:45:00Z,2026-07-24T10:45:00+0200,53.34,EUR/MWh,BE,BE,imbalance_price,Long,2026-08-03T03:49:42Z
2026-08-03T03:49:03Z,2026-08-03T05:49:03+0200,d815d4ad-795d-45eb-9ad8-9d704f7a3f43,2026-07-24T08:45:00Z,2026-07-24T10:45:00+0200,53.34,EUR/MWh,BE,BE,imbalance_price,Short,2026-08-03T03:49:42Z
2026-08-03T03:49:03Z,2026-08-03T05:49:03+0200,d815d4ad-795d-45eb-9ad8-9d704f7a3f43,2026-07-24T09:00:00Z,2026-07-24T11:00:00+0200,62.0,EUR/MWh,BE,BE,imbalance_price,Long,2026-08-03T03:49:42Z
2026-08-03T03:49:03Z,2026-08-03T05:49:03+0200,d815d4ad-795d-45eb-9ad8-9d704f7a3f43,2026-07-24T09:00:00Z,2026-07-24T11:00:00+0200,62.0,EUR/MWh,BE,BE,imbalance_price,Short,2026-08-03T03:49:42Z
2026-08-03T03:49:03Z,2026-08-03T05:49:03+0200,d815d4ad-795d-45eb-9ad8-9d704f7a3f43,2026-07-24T09:15:00Z,2026-07-24T11:15:00+0200,62.95,EUR/MWh,BE,BE,imbalance_price,Long,2026-08-03T03:49:42Z
2026-08-03T03:49:03Z,2026-08-03T05:49:03+0200,d815d4ad-795d-45eb-9ad8-9d704f7a3f43,2026-07-24T09:15:00Z,2026-07-24T11:15:00+0200,62.95,EUR/MWh,BE,BE,imbalance_price,Short,2026-08-03T03:49:42Z
2026-08-03T03:49:03Z,2026-08-03T05:49:03+0200,d815d4ad-795d-45eb-9ad8-9d704f7a3f43,2026-07-24T09:30:00Z,2026-07-24T11:30:00+0200,27.75,EUR/MWh,BE,BE,imbalance_price,Long,2026-08-03T03:49:42Z
2026-08-03T03:49:03Z,2026-08-03T05:49:03+0200,d815d4ad-795d-45eb-9ad8-9d704f7a3f43,2026-07-24T09:30:00Z,2026-07-24T11:30:00+0200,27.75,EUR/MWh,BE,BE,imbalance_price,Short,2026-08-03T03:49:42Z
2026-08-03T03:49:03Z,2026-08-03T05:49:03+0200,d815d4ad-795d-45eb-9ad8-9d704f7a3f43,2026-07-24T09:45:00Z,2026-07-24T11:45:00+0200,84.3,EUR/MWh,BE,BE,imbalance_price,Long,2026-08-03T03:49:42Z
2026-08-03T03:49:03Z,2026-08-03T05:49:03+0200,d815d4ad-795d-45eb-9ad8-9d704f7a3f43,2026-07-24T09:45:00Z,2026-07-24T11:45:00+0200,84.3,EUR/MWh,BE,BE,imbalance_price,Short,2026-08-03T03:49:42Z
2026-08-03T03:49:03Z,2026-08-03T05:49:03+0200,d815d4ad-795d-45eb-9ad8-9d704f7a3f43,2026-07-24T10:00:00Z,2026-07-24T12:00:00+0200,32.74,EUR/MWh,BE,BE,imbalance_price,Long,2026-08-03T03:49:42Z
2026-08-03T03:49:03Z,2026-08-03T05:49:03+0200,d815d4ad-795d-45eb-9ad8-9d704f7a3f43,2026-07-24T10:00:00Z,2026-07-24T12:00:00+0200,32.74,EUR/MWh,BE,BE,imbalance_price,Short,2026-08-03T03:49:42Z
2026-08-03T03:49:03Z,2026-08-03T05:49:03+0200,d815d4ad-795d-45eb-9ad8-9d704f7a3f43,2026-07-24T10:15:00Z,2026-07-24T12:15:00+0200,61.54,EUR/MWh,BE,BE,imbalance_price,Long,2026-08-03T03:49:42Z
2026-08-03T03:49:03Z,2026-08-03T05:49:03+0200,d815d4ad-795d-45eb-9ad8-9d704f7a3f43,2026-07-24T10:15:00Z,2026-07-24T12:15:00+0200,61.54,EUR/MWh,BE,BE,imbalance_price,Short,2026-08-03T03:49:42Z
2026-08-03T03:49:03Z,2026-08-03T05:49:03+0200,d815d4ad-795d-45eb-9ad8-9d704f7a3f43,2026-07-24T10:30:00Z,2026-07-24T12:30:00+0200,20.74,EUR/MWh,BE,BE,imbalance_price,Long,2026-08-03T03:49:42Z
2026-08-03T03:49:03Z,2026-08-03T05:49:03+0200,d815d4ad-795d-45eb-9ad8-9d704f7a3f43,2026-07-24T10:30:00Z,2026-07-24T12:30:00+0200,20.74,EUR/MWh,BE,BE,imbalance_price,Short,2026-08-03T03:49:42Z
2026-08-03T03:49:03Z,2026-08-03T05:49:03+0200,d815d4ad-795d-45eb-9ad8-9d704f7a3f43,2026-07-24T10:45:00Z,2026-07-24T12:45:00+0200,2.48,EUR/MWh,BE,BE,imbalance_price,Long,2026-08-03T03:49:42Z
2026-08-03T03:49:03Z,2026-08-03T05:49:03+0200,d815d4ad-795d-45eb-9ad8-9d704f7a3f43,2026-07-24T10:45:00Z,2026-07-24T12:45:00+0200,2.48,EUR/MWh,BE,BE,imbalance_price,Short,2026-08-03T03:49:42Z
2026-08-03T03:49:03Z,2026-08-03T05:49:03+0200,d815d4ad-795d-45eb-9ad8-9d704f7a3f43,2026-07-24T11:00:00Z,2026-07-24T13:00:00+0200,6.35,EUR/MWh,BE,BE,imbalance_price,Long,2026-08-03T03:49:42Z
2026-08-03T03:49:03Z,2026-08-03T05:49:03+0200,d815d4ad-795d-45eb-9ad8-9d704f7a3f43,2026-07-24T11:00:00Z,2026-07-24T13:00:00+0200,6.35,EUR/MWh,BE,BE,imbalance_price,Short,2026-08-03T03:49:42Z
2026-08-03T03:49:03Z,2026-08-03T05:49:03+0200,d815d4ad-795d-45eb-9ad8-9d704f7a3f43,2026-07-24T11:15:00Z,2026-07-24T13:15:00+0200,-7.72,EUR/MWh,BE,BE,imbalance_price,Long,2026-08-03T03:49:42Z
2026-08-03T03:49:03Z,2026-08-03T05:49:03+0200,d815d4ad-795d-45eb-9ad8-9d704f7a3f43,2026-07-24T11:15:00Z,2026-07-24T13:15:00+0200,-7.72,EUR/MWh,BE,BE,imbalance_price,Short,2026-08-03T03:49:42Z
2026-08-03T03:49:03Z,2026-08-03T05:49:03+0200,d815d4ad-795d-45eb-9ad8-9d704f7a3f43,2026-07-24T11:30:00Z,2026-07-24T13:30:00+0200,-3.94,EUR/MWh,BE,BE,imbalance_price,Long,2026-08-03T03:49:42Z
2026-08-03T03:49:03Z,2026-08-03T05:49:03+0200,d815d4ad-795d-45eb-9ad8-9d704f7a3f43,2026-07-24T11:30:00Z,2026-07-24T13:30:00+0200,-3.94,EUR/MWh,BE,BE,imbalance_price,Short,2026-08-03T03:49:42Z
2026-08-03T03:49:03Z,2026-08-03T05:49:03+0200,d815d4ad-795d-45eb-9ad8-9d704f7a3f43,2026-07-24T11:45:00Z,2026-07-24T13:45:00+0200,-6.62,EUR/MWh,BE,BE,imbalance_price,Long,2026-08-03T03:49:42Z
2026-08-03T03:49:03Z,2026-08-03T05:49:03+0200,d815d4ad-795d-45eb-9ad8-9d704f7a3f43,2026-07-24T11:45:00Z,2026-07-24T13:45:00+0200,-6.62,EUR/MWh,BE,BE,imbalance_price,Short,2026-08-03T03:49:42Z
2026-08-03T03:49:03Z,2026-08-03T05:49:03+0200,d815d4ad-795d-45eb-9ad8-9d704f7a3f43,2026-07-24T12:00:00Z,2026-07-24T14:00:00+0200,4.57,EUR/MWh,BE,BE,imbalance_price,Long,2026-08-03T03:49:42Z
2026-08-03T03:49:03Z,2026-08-03T05:49:03+0200,d815d4ad-795d-45eb-9ad8-9d704f7a3f43,2026-07-24T12:00:00Z,2026-07-24T14:00:00+0200,4.57,EUR/MWh,BE,BE,imbalance_price,Short,2026-08-03T03:49:42Z
2026-08-03T03:49:03Z,2026-08-03T05:49:03+0200,d815d4ad-795d-45eb-9ad8-9d704f7a3f43,2026-07-24T12:15:00Z,2026-07-24T14:15:00+0200,5.37,EUR/MWh,BE,BE,imbalance_price,Long,2026-08-03T03:49:42Z
2026-08-03T03:49:03Z,2026-08-03T05:49:03+0200,d815d4ad-795d-45eb-9ad8-9d704f7a3f43,2026-07-24T12:15:00Z,2026-07-24T14:15:00+0200,5.37,EUR/MWh,BE,BE,imbalance_price,Short,2026-08-03T03:49:42Z
2026-08-03T03:49:03Z,2026-08-03T05:49:03+0200,d815d4ad-795d-45eb-9ad8-9d704f7a3f43,2026-07-24T12:30:00Z,2026-07-24T14:30:00+0200,2.3,EUR/MWh,BE,BE,imbalance_price,Long,2026-08-03T03:49:42Z
2026-08-03T03:49:03Z,2026-08-03T05:49:03+0200,d815d4ad-795d-45eb-9ad8-9d704f7a3f43,2026-07-24T12:30:00Z,2026-07-24T14:30:00+0200,2.3,EUR/MWh,BE,BE,imbalance_price,Short,2026-08-03T03:49:42Z
2026-08-03T03:49:03Z,2026-08-03T05:49:03+0200,d815d4ad-795d-45eb-9ad8-9d704f7a3f43,2026-07-24T12:45:00Z,2026-07-24T14:45:00+0200,-11.22,EUR/MWh,BE,BE,imbalance_price,Long,2026-08-03T03:49:42Z
2026-08-03T03:49:03Z,2026-08-03T05:49:03+0200,d815d4ad-795d-45eb-9ad8-9d704f7a3f43,2026-07-24T12:45:00Z,2026-07-24T14:45:00+0200,-11.22,EUR/MWh,BE,BE,imbalance_price,Short,2026-08-03T03:49:42Z
2026-08-03T03:49:03Z,2026-08-03T05:49:03+0200,d815d4ad-795d-45eb-9ad8-9d704f7a3f43,2026-07-24T13:00:00Z,2026-07-24T15:00:00+0200,-10.84,EUR/MWh,BE,BE,imbalance_price,Long,2026-08-03T03:49:42Z
2026-08-03T03:49:03Z,2026-08-03T05:49:03+0200,d815d4ad-795d-45eb-9ad8-9d704f7a3f43,2026-07-24T13:00:00Z,2026-07-24T15:00:00+0200,-10.84,EUR/MWh,BE,BE,imbalance_price,Short,2026-08-03T03:49:42Z
2026-08-03T03:49:03Z,2026-08-03T05:49:03+0200,d815d4ad-795d-45eb-9ad8-9d704f7a3f43,2026-07-24T13:15:00Z,2026-07-24T15:15:00+0200,-10.63,EUR/MWh,BE,BE,imbalance_price,Long,2026-08-03T03:49:42Z
2026-08-03T03:49:03Z,2026-08-03T05:49:03+0200,d815d4ad-795d-45eb-9ad8-9d704f7a3f43,2026-07-24T13:15:00Z,2026-07-24T15:15:00+0200,-10.63,EUR/MWh,BE,BE,imbalance_price,Short,2026-08-03T03:49:42Z
2026-08-03T03:49:03Z,2026-08-03T05:49:03+0200,d815d4ad-795d-45eb-9ad8-9d704f7a3f43,2026-07-24T13:30:00Z,2026-07-24T15:30:00+0200,-10.2,EUR/MWh,BE,BE,imbalance_price,Long,2026-08-03T03:49:42Z
2026-08-03T03:49:03Z,2026-08-03T05:49:03+0200,d815d4ad-795d-45eb-9ad8-9d704f7a3f43,2026-07-24T13:30:00Z,2026-07-24T15:30:00+0200,-10.2,EUR/MWh,BE,BE,imbalance_price,Short,2026-08-03T03:49:42Z
2026-08-03T03:49:03Z,2026-08-03T05:49:03+0200,d815d4ad-795d-45eb-9ad8-9d704f7a3f43,2026-07-24T13:45:00Z,2026-07-24T15:45:00+0200,-25.5,EUR/MWh,BE,BE,imbalance_price,Long,2026-08-03T03:49:42Z
2026-08-03T03:49:03Z,2026-08-03T05:49:03+0200,d815d4ad-795d-45eb-9ad8-9d704f7a3f43,2026-07-24T13:45:00Z,2026-07-24T15:45:00+0200,-25.5,EUR/MWh,BE,BE,imbalance_price,Short,2026-08-03T03:49:42Z
2026-08-03T03:49:03Z,2026-08-03T05:49:03+0200,d815d4ad-795d-45eb-9ad8-9d704f7a3f43,2026-07-24T14:00:00Z,2026-07-24T16:00:00+0200,-40.37,EUR/MWh,BE,BE,imbalance_price,Long,2026-08-03T03:49:42Z
2026-08-03T03:49:03Z,2026-08-03T05:49:03+0200,d815d4ad-795d-45eb-9ad8-9d704f7a3f43,2026-07-24T14:00:00Z,2026-07-24T16:00:00+0200,-40.37,EUR/MWh,BE,BE,imbalance_price,Short,2026-08-03T03:49:42Z
2026-08-03T03:49:03Z,2026-08-03T05:49:03+0200,d815d4ad-795d-45eb-9ad8-9d704f7a3f43,2026-07-24T14:15:00Z,2026-07-24T16:15:00+0200,-6.38,EUR/MWh,BE,BE,imbalance_price,Long,2026-08-03T03:49:42Z
2026-08-03T03:49:03Z,2026-08-03T05:49:03+0200,d815d4ad-795d-45eb-9ad8-9d704f7a3f43,2026-07-24T14:15:00Z,2026-07-24T16:15:00+0200,-6.38,EUR/MWh,BE,BE,imbalance_price,Short,2026-08-03T03:49:42Z
2026-08-03T03:49:03Z,2026-08-03T05:49:03+0200,d815d4ad-795d-45eb-9ad8-9d704f7a3f43,2026-07-24T14:30:00Z,2026-07-24T16:30:00+0200,6.16,EUR/MWh,BE,BE,imbalance_price,Long,2026-08-03T03:49:42Z
2026-08-03T03:49:03Z,2026-08-03T05:49:03+0200,d815d4ad-795d-45eb-9ad8-9d704f7a3f43,2026-07-24T14:30:00Z,2026-07-24T16:30:00+0200,6.16,EUR/MWh,BE,BE,imbalance_price,Short,2026-08-03T03:49:42Z
2026-08-03T03:49:03Z,2026-08-03T05:49:03+0200,d815d4ad-795d-45eb-9ad8-9d704f7a3f43,2026-07-24T14:45:00Z,2026-07-24T16:45:00+0200,99.59,EUR/MWh,BE,BE,imbalance_price,Long,2026-08-03T03:49:42Z
2026-08-03T03:49:03Z,2026-08-03T05:49:03+0200,d815d4ad-795d-45eb-9ad8-9d704f7a3f43,2026-07-24T14:45:00Z,2026-07-24T16:45:00+0200,99.59,EUR/MWh,BE,BE,imbalance_price,Short,2026-08-03T03:49:42Z
2026-08-03T03:49:03Z,2026-08-03T05:49:03+0200,d815d4ad-795d-45eb-9ad8-9d704f7a3f43,2026-07-24T15:00:00Z,2026-07-24T17:00:00+0200,107.41,EUR/MWh,BE,BE,imbalance_price,Long,2026-08-03T03:49:42Z
2026-08-03T03:49:03Z,2026-08-03T05:49:03+0200,d815d4ad-795d-45eb-9ad8-9d704f7a3f43,2026-07-24T15:00:00Z,2026-07-24T17:00:00+0200,107.41,EUR/MWh,BE,BE,imbalance_price,Short,2026-08-03T03:49:42Z
2026-08-03T03:49:03Z,2026-08-03T05:49:03+0200,d815d4ad-795d-45eb-9ad8-9d704f7a3f43,2026-07-24T15:15:00Z,2026-07-24T17:15:00+0200,135.05,EUR/MWh,BE,BE,imbalance_price,Long,2026-08-03T03:49:42Z
2026-08-03T03:49:03Z,2026-08-03T05:49:03+0200,d815d4ad-795d-45eb-9ad8-9d704f7a3f43,2026-07-24T15:15:00Z,2026-07-24T17:15:00+0200,135.05,EUR/MWh,BE,BE,imbalance_price,Short,2026-08-03T03:49:42Z
2026-08-03T03:49:03Z,2026-08-03T05:49:03+0200,d815d4ad-795d-45eb-9ad8-9d704f7a3f43,2026-07-24T15:30:00Z,2026-07-24T17:30:00+0200,144.24,EUR/MWh,BE,BE,imbalance_price,Long,2026-08-03T03:49:42Z
2026-08-03T03:49:03Z,2026-08-03T05:49:03+0200,d815d4ad-795d-45eb-9ad8-9d704f7a3f43,2026-07-24T15:30:00Z,2026-07-24T17:30:00+0200,144.24,EUR/MWh,BE,BE,imbalance_price,Short,2026-08-03T03:49:42Z
2026-08-03T03:49:03Z,2026-08-03T05:49:03+0200,d815d4ad-795d-45eb-9ad8-9d704f7a3f43,2026-07-24T15:45:00Z,2026-07-24T17:45:00+0200,163.79,EUR/MWh,BE,BE,imbalance_price,Long,2026-08-03T03:49:42Z
2026-08-03T03:49:03Z,2026-08-03T05:49:03+0200,d815d4ad-795d-45eb-9ad8-9d704f7a3f43,2026-07-24T15:45:00Z,2026-07-24T17:45:00+0200,163.79,EUR/MWh,BE,BE,imbalance_price,Short,2026-08-03T03:49:42Z
2026-08-03T03:49:03Z,2026-08-03T05:49:03+0200,d815d4ad-795d-45eb-9ad8-9d704f7a3f43,2026-07-24T16:00:00Z,2026-07-24T18:00:00+0200,138.13,EUR/MWh,BE,BE,imbalance_price,Long,2026-08-03T03:49:42Z
2026-08-03T03:49:03Z,2026-08-03T05:49:03+0200,d815d4ad-795d-45eb-9ad8-9d704f7a3f43,2026-07-24T16:00:00Z,2026-07-24T18:00:00+0200,138.13,EUR/MWh,BE,BE,imbalance_price,Short,2026-08-03T03:49:42Z
2026-08-03T03:49:03Z,2026-08-03T05:49:03+0200,d815d4ad-795d-45eb-9ad8-9d704f7a3f43,2026-07-24T16:15:00Z,2026-07-24T18:15:00+0200,164.19,EUR/MWh,BE,BE,imbalance_price,Long,2026-08-03T03:49:42Z
2026-08-03T03:49:03Z,2026-08-03T05:49:03+0200,d815d4ad-795d-45eb-9ad8-9d704f7a3f43,2026-07-24T16:15:00Z,2026-07-24T18:15:00+0200,164.19,EUR/MWh,BE,BE,imbalance_price,Short,2026-08-03T03:49:42Z
2026-08-03T03:49:03Z,2026-08-03T05:49:03+0200,d815d4ad-795d-45eb-9ad8-9d704f7a3f43,2026-07-24T16:30:00Z,2026-07-24T18:30:00+0200,170.43,EUR/MWh,BE,BE,imbalance_price,Long,2026-08-03T03:49:42Z
2026-08-03T03:49:03Z,2026-08-03T05:49:03+0200,d815d4ad-795d-45eb-9ad8-9d704f7a3f43,2026-07-24T16:30:00Z,2026-07-24T18:30:00+0200,170.43,EUR/MWh,BE,BE,imbalance_price,Short,2026-08-03T03:49:42Z
2026-08-03T03:49:03Z,2026-08-03T05:49:03+0200,d815d4ad-795d-45eb-9ad8-9d704f7a3f43,2026-07-24T16:45:00Z,2026-07-24T18:45:00+0200,179.88,EUR/MWh,BE,BE,imbalance_price,Long,2026-08-03T03:49:42Z
2026-08-03T03:49:03Z,2026-08-03T05:49:03+0200,d815d4ad-795d-45eb-9ad8-9d704f7a3f43,2026-07-24T16:45:00Z,2026-07-24T18:45:00+0200,179.88,EUR/MWh,BE,BE,imbalance_price,Short,2026-08-03T03:49:42Z
2026-08-03T03:49:03Z,2026-08-03T05:49:03+0200,d815d4ad-795d-45eb-9ad8-9d704f7a3f43,2026-07-24T17:00:00Z,2026-07-24T19:00:00+0200,178.14,EUR/MWh,BE,BE,imbalance_price,Long,2026-08-03T03:49:42Z
2026-08-03T03:49:03Z,2026-08-03T05:49:03+0200,d815d4ad-795d-45eb-9ad8-9d704f7a3f43,2026-07-24T17:00:00Z,2026-07-24T19:00:00+0200,178.14,EUR/MWh,BE,BE,imbalance_price,Short,2026-08-03T03:49:42Z
2026-08-03T03:49:03Z,2026-08-03T05:49:03+0200,d815d4ad-795d-45eb-9ad8-9d704f7a3f43,2026-07-24T17:15:00Z,2026-07-24T19:15:00+0200,190.56,EUR/MWh,BE,BE,imbalance_price,Long,2026-08-03T03:49:42Z
2026-08-03T03:49:03Z,2026-08-03T05:49:03+0200,d815d4ad-795d-45eb-9ad8-9d704f7a3f43,2026-07-24T17:15:00Z,2026-07-24T19:15:00+0200,190.56,EUR/MWh,BE,BE,imbalance_price,Short,2026-08-03T03:49:42Z
2026-08-03T03:49:03Z,2026-08-03T05:49:03+0200,d815d4ad-795d-45eb-9ad8-9d704f7a3f43,2026-07-24T17:30:00Z,2026-07-24T19:30:00+0200,206.62,EUR/MWh,BE,BE,imbalance_price,Long,2026-08-03T03:49:42Z
2026-08-03T03:49:03Z,2026-08-03T05:49:03+0200,d815d4ad-795d-45eb-9ad8-9d704f7a3f43,2026-07-24T17:30:00Z,2026-07-24T19:30:00+0200,206.62,EUR/MWh,BE,BE,imbalance_price,Short,2026-08-03T03:49:42Z
2026-08-03T03:49:03Z,2026-08-03T05:49:03+0200,d815d4ad-795d-45eb-9ad8-9d704f7a3f43,2026-07-24T17:45:00Z,2026-07-24T19:45:00+0200,200.0,EUR/MWh,BE,BE,imbalance_price,Long,2026-08-03T03:49:42Z
2026-08-03T03:49:03Z,2026-08-03T05:49:03+0200,d815d4ad-795d-45eb-9ad8-9d704f7a3f43,2026-07-24T17:45:00Z,2026-07-24T19:45:00+0200,200.0,EUR/MWh,BE,BE,imbalance_price,Short,2026-08-03T03:49:42Z
2026-08-03T03:49:03Z,2026-08-03T05:49:03+0200,d815d4ad-795d-45eb-9ad8-9d704f7a3f43,2026-07-24T18:00:00Z,2026-07-24T20:00:00+0200,177.15,EUR/MWh,BE,BE,imbalance_price,Long,2026-08-03T03:49:42Z
2026-08-03T03:49:03Z,2026-08-03T05:49:03+0200,d815d4ad-795d-45eb-9ad8-9d704f7a3f43,2026-07-24T18:00:00Z,2026-07-24T20:00:00+0200,177.15,EUR/MWh,BE,BE,imbalance_price,Short,2026-08-03T03:49:42Z
2026-08-03T03:49:03Z,2026-08-03T05:49:03+0200,d815d4ad-795d-45eb-9ad8-9d704f7a3f43,2026-07-24T18:15:00Z,2026-07-24T20:15:00+0200,144.16,EUR/MWh,BE,BE,imbalance_price,Long,2026-08-03T03:49:42Z
2026-08-03T03:49:03Z,2026-08-03T05:49:03+0200,d815d4ad-795d-45eb-9ad8-9d704f7a3f43,2026-07-24T18:15:00Z,2026-07-24T20:15:00+0200,144.16,EUR/MWh,BE,BE,imbalance_price,Short,2026-08-03T03:49:42Z
2026-08-03T03:49:03Z,2026-08-03T05:49:03+0200,d815d4ad-795d-45eb-9ad8-9d704f7a3f43,2026-07-24T18:30:00Z,2026-07-24T20:30:00+0200,175.67,EUR/MWh,BE,BE,imbalance_price,Long,2026-08-03T03:49:42Z
2026-08-03T03:49:03Z,2026-08-03T05:49:03+0200,d815d4ad-795d-45eb-9ad8-9d704f7a3f43,2026-07-24T18:30:00Z,2026-07-24T20:30:00+0200,175.67,EUR/MWh,BE,BE,imbalance_price,Short,2026-08-03T03:49:42Z
2026-08-03T03:49:03Z,2026-08-03T05:49:03+0200,d815d4ad-795d-45eb-9ad8-9d704f7a3f43,2026-07-24T18:45:00Z,2026-07-24T20:45:00+0200,173.8,EUR/MWh,BE,BE,imbalance_price,Long,2026-08-03T03:49:42Z
2026-08-03T03:49:03Z,2026-08-03T05:49:03+0200,d815d4ad-795d-45eb-9ad8-9d704f7a3f43,2026-07-24T18:45:00Z,2026-07-24T20:45:00+0200,173.8,EUR/MWh,BE,BE,imbalance_price,Short,2026-08-03T03:49:42Z
2026-08-03T03:49:03Z,2026-08-03T05:49:03+0200,d815d4ad-795d-45eb-9ad8-9d704f7a3f43,2026-07-24T19:00:00Z,2026-07-24T21:00:00+0200,173.8,EUR/MWh,BE,BE,imbalance_price,Long,2026-08-03T03:49:42Z
2026-08-03T03:49:03Z,2026-08-03T05:49:03+0200,d815d4ad-795d-45eb-9ad8-9d704f7a3f43,2026-07-24T19:00:00Z,2026-07-24T21:00:00+0200,173.8,EUR/MWh,BE,BE,imbalance_price,Short,2026-08-03T03:49:42Z
2026-08-03T03:49:03Z,2026-08-03T05:49:03+0200,d815d4ad-795d-45eb-9ad8-9d704f7a3f43,2026-07-24T19:15:00Z,2026-07-24T21:15:00+0200,173.8,EUR/MWh,BE,BE,imbalance_price,Long,2026-08-03T03:49:42Z
2026-08-03T03:49:03Z,2026-08-03T05:49:03+0200,d815d4ad-795d-45eb-9ad8-9d704f7a3f43,2026-07-24T19:15:00Z,2026-07-24T21:15:00+0200,173.8,EUR/MWh,BE,BE,imbalance_price,Short,2026-08-03T03:49:42Z
2026-08-03T03:49:03Z,2026-08-03T05:49:03+0200,d815d4ad-795d-45eb-9ad8-9d704f7a3f43,2026-07-24T19:30:00Z,2026-07-24T21:30:00+0200,190.99,EUR/MWh,BE,BE,imbalance_price,Long,2026-08-03T03:49:42Z
2026-08-03T03:49:03Z,2026-08-03T05:49:03+0200,d815d4ad-795d-45eb-9ad8-9d704f7a3f43,2026-07-24T19:30:00Z,2026-07-24T21:30:00+0200,190.99,EUR/MWh,BE,BE,imbalance_price,Short,2026-08-03T03:49:42Z
2026-08-03T03:49:03Z,2026-08-03T05:49:03+0200,d815d4ad-795d-45eb-9ad8-9d704f7a3f43,2026-07-24T19:45:00Z,2026-07-24T21:45:00+0200,182.78,EUR/MWh,BE,BE,imbalance_price,Long,2026-08-03T03:49:42Z
2026-08-03T03:49:03Z,2026-08-03T05:49:03+0200,d815d4ad-795d-45eb-9ad8-9d704f7a3f43,2026-07-24T19:45:00Z,2026-07-24T21:45:00+0200,182.78,EUR/MWh,BE,BE,imbalance_price,Short,2026-08-03T03:49:42Z
2026-08-03T03:49:03Z,2026-08-03T05:49:03+0200,d815d4ad-795d-45eb-9ad8-9d704f7a3f43,2026-07-24T20:00:00Z,2026-07-24T22:00:00+0200,179.05,EUR/MWh,BE,BE,imbalance_price,Long,2026-08-03T03:49:42Z
2026-08-03T03:49:03Z,2026-08-03T05:49:03+0200,d815d4ad-795d-45eb-9ad8-9d704f7a3f43,2026-07-24T20:00:00Z,2026-07-24T22:00:00+0200,179.05,EUR/MWh,BE,BE,imbalance_price,Short,2026-08-03T03:49:42Z
2026-08-03T03:49:03Z,2026-08-03T05:49:03+0200,d815d4ad-795d-45eb-9ad8-9d704f7a3f43,2026-07-24T20:15:00Z,2026-07-24T22:15:00+0200,170.4,EUR/MWh,BE,BE,imbalance_price,Long,2026-08-03T03:49:42Z
2026-08-03T03:49:03Z,2026-08-03T05:49:03+0200,d815d4ad-795d-45eb-9ad8-9d704f7a3f43,2026-07-24T20:15:00Z,2026-07-24T22:15:00+0200,170.4,EUR/MWh,BE,BE,imbalance_price,Short,2026-08-03T03:49:42Z
2026-08-03T03:49:03Z,2026-08-03T05:49:03+0200,d815d4ad-795d-45eb-9ad8-9d704f7a3f43,2026-07-24T20:30:00Z,2026-07-24T22:30:00+0200,181.93,EUR/MWh,BE,BE,imbalance_price,Long,2026-08-03T03:49:42Z
2026-08-03T03:49:03Z,2026-08-03T05:49:03+0200,d815d4ad-795d-45eb-9ad8-9d704f7a3f43,2026-07-24T20:30:00Z,2026-07-24T22:30:00+0200,181.93,EUR/MWh,BE,BE,imbalance_price,Short,2026-08-03T03:49:42Z
2026-08-03T03:49:03Z,2026-08-03T05:49:03+0200,d815d4ad-795d-45eb-9ad8-9d704f7a3f43,2026-07-24T20:45:00Z,2026-07-24T22:45:00+0200,170.38,EUR/MWh,BE,BE,imbalance_price,Long,2026-08-03T03:49:42Z
2026-08-03T03:49:03Z,2026-08-03T05:49:03+0200,d815d4ad-795d-45eb-9ad8-9d704f7a3f43,2026-07-24T20:45:00Z,2026-07-24T22:45:00+0200,170.38,EUR/MWh,BE,BE,imbalance_price,Short,2026-08-03T03:49:42Z
2026-08-03T03:49:03Z,2026-08-03T05:49:03+0200,d815d4ad-795d-45eb-9ad8-9d704f7a3f43,2026-07-24T21:00:00Z,2026-07-24T23:00:00+0200,168.07,EUR/MWh,BE,BE,imbalance_price,Long,2026-08-03T03:49:42Z
2026-08-03T03:49:03Z,2026-08-03T05:49:03+0200,d815d4ad-795d-45eb-9ad8-9d704f7a3f43,2026-07-24T21:00:00Z,2026-07-24T23:00:00+0200,168.07,EUR/MWh,BE,BE,imbalance_price,Short,2026-08-03T03:49:42Z
2026-08-03T03:49:03Z,2026-08-03T05:49:03+0200,d815d4ad-795d-45eb-9ad8-9d704f7a3f43,2026-07-24T21:15:00Z,2026-07-24T23:15:00+0200,166.11,EUR/MWh,BE,BE,imbalance_price,Long,2026-08-03T03:49:42Z
2026-08-03T03:49:03Z,2026-08-03T05:49:03+0200,d815d4ad-795d-45eb-9ad8-9d704f7a3f43,2026-07-24T21:15:00Z,2026-07-24T23:15:00+0200,166.11,EUR/MWh,BE,BE,imbalance_price,Short,2026-08-03T03:49:42Z
2026-08-03T03:49:03Z,2026-08-03T05:49:03+0200,d815d4ad-795d-45eb-9ad8-9d704f7a3f43,2026-07-24T21:30:00Z,2026-07-24T23:30:00+0200,166.62,EUR/MWh,BE,BE,imbalance_price,Long,2026-08-03T03:49:42Z
2026-08-03T03:49:03Z,2026-08-03T05:49:03+0200,d815d4ad-795d-45eb-9ad8-9d704f7a3f43,2026-07-24T21:30:00Z,2026-07-24T23:30:00+0200,166.62,EUR/MWh,BE,BE,imbalance_price,Short,2026-08-03T03:49:42Z
2026-08-03T03:49:03Z,2026-08-03T05:49:03+0200,d815d4ad-795d-45eb-9ad8-9d704f7a3f43,2026-07-24T21:45:00Z,2026-07-24T23:45:00+0200,155.48,EUR/MWh,BE,BE,imbalance_price,Long,2026-08-03T03:49:42Z
2026-08-03T03:49:03Z,2026-08-03T05:49:03+0200,d815d4ad-795d-45eb-9ad8-9d704f7a3f43,2026-07-24T21:45:00Z,2026-07-24T23:45:00+0200,155.48,EUR/MWh,BE,BE,imbalance_price,Short,2026-08-03T03:49:42Z
2026-08-03T03:49:03Z,2026-08-03T05:49:03+0200,d815d4ad-795d-45eb-9ad8-9d704f7a3f43,2026-07-24T22:00:00Z,2026-07-25T00:00:00+0200,137.92,EUR/MWh,BE,BE,imbalance_price,Long,2026-08-03T03:49:42Z
2026-08-03T03:49:03Z,2026-08-03T05:49:03+0200,d815d4ad-795d-45eb-9ad8-9d704f7a3f43,2026-07-24T22:00:00Z,2026-07-25T00:00:00+0200,137.92,EUR/MWh,BE,BE,imbalance_price,Short,2026-08-03T03:49:42Z
2026-08-03T03:49:03Z,2026-08-03T05:49:03+0200,d815d4ad-795d-45eb-9ad8-9d704f7a3f43,2026-07-24T22:15:00Z,2026-07-25T00:15:00+0200,144.68,EUR/MWh,BE,BE,imbalance_price,Long,2026-08-03T03:49:42Z
2026-08-03T03:49:03Z,2026-08-03T05:49:03+0200,d815d4ad-795d-45eb-9ad8-9d704f7a3f43,2026-07-24T22:15:00Z,2026-07-25T00:15:00+0200,144.68,EUR/MWh,BE,BE,imbalance_price,Short,2026-08-03T03:49:42Z
2026-08-03T03:49:03Z,2026-08-03T05:49:03+0200,d815d4ad-795d-45eb-9ad8-9d704f7a3f43,2026-07-24T22:30:00Z,2026-07-25T00:30:00+0200,179.25,EUR/MWh,BE,BE,imbalance_price,Long,2026-08-03T03:49:42Z
2026-08-03T03:49:03Z,2026-08-03T05:49:03+0200,d815d4ad-795d-45eb-9ad8-9d704f7a3f43,2026-07-24T22:30:00Z,2026-07-25T00:30:00+0200,179.25,EUR/MWh,BE,BE,imbalance_price,Short,2026-08-03T03:49:42Z
2026-08-03T03:49:03Z,2026-08-03T05:49:03+0200,d815d4ad-795d-45eb-9ad8-9d704f7a3f43,2026-07-24T22:45:00Z,2026-07-25T00:45:00+0200,142.61,EUR/MWh,BE,BE,imbalance_price,Long,2026-08-03T03:49:42Z
2026-08-03T03:49:03Z,2026-08-03T05:49:03+0200,d815d4ad-795d-45eb-9ad8-9d704f7a3f43,2026-07-24T22:45:00Z,2026-07-25T00:45:00+0200,142.61,EUR/MWh,BE,BE,imbalance_price,Short,2026-08-03T03:49:42Z
2026-08-03T03:49:03Z,2026-08-03T05:49:03+0200,d815d4ad-795d-45eb-9ad8-9d704f7a3f43,2026-07-24T23:00:00Z,2026-07-25T01:00:00+0200,143.2,EUR/MWh,BE,BE,imbalance_price,Long,2026-08-03T03:49:42Z
2026-08-03T03:49:03Z,2026-08-03T05:49:03+0200,d815d4ad-795d-45eb-9ad8-9d704f7a3f43,2026-07-24T23:00:00Z,2026-07-25T01:00:00+0200,143.2,EUR/MWh,BE,BE,imbalance_price,Short,2026-08-03T03:49:42Z
2026-08-03T03:49:03Z,2026-08-03T05:49:03+0200,d815d4ad-795d-45eb-9ad8-9d704f7a3f43,2026-07-24T23:15:00Z,2026-07-25T01:15:00+0200,146.24,EUR/MWh,BE,BE,imbalance_price,Long,2026-08-03T03:49:42Z
2026-08-03T03:49:03Z,2026-08-03T05:49:03+0200,d815d4ad-795d-45eb-9ad8-9d704f7a3f43,2026-07-24T23:15:00Z,2026-07-25T01:15:00+0200,146.24,EUR/MWh,BE,BE,imbalance_price,Short,2026-08-03T03:49:42Z
2026-08-03T03:49:03Z,2026-08-03T05:49:03+0200,d815d4ad-795d-45eb-9ad8-9d704f7a3f43,2026-07-24T23:30:00Z,2026-07-25T01:30:00+0200,147.33,EUR/MWh,BE,BE,imbalance_price,Long,2026-08-03T03:49:42Z
2026-08-03T03:49:03Z,2026-08-03T05:49:03+0200,d815d4ad-795d-45eb-9ad8-9d704f7a3f43,2026-07-24T23:30:00Z,2026-07-25T01:30:00+0200,147.33,EUR/MWh,BE,BE,imbalance_price,Short,2026-08-03T03:49:42Z
2026-08-03T03:49:03Z,2026-08-03T05:49:03+0200,d815d4ad-795d-45eb-9ad8-9d704f7a3f43,2026-07-24T23:45:00Z,2026-07-25T01:45:00+0200,150.29,EUR/MWh,BE,BE,imbalance_price,Long,2026-08-03T03:49:42Z
2026-08-03T03:49:03Z,2026-08-03T05:49:03+0200,d815d4ad-795d-45eb-9ad8-9d704f7a3f43,2026-07-24T23:45:00Z,2026-07-25T01:45:00+0200,150.29,EUR/MWh,BE,BE,imbalance_price,Short,2026-08-03T03:49:42Z
2026-08-03T03:49:03Z,2026-08-03T05:49:03+0200,d815d4ad-795d-45eb-9ad8-9d704f7a3f43,2026-07-25T00:00:00Z,2026-07-25T02:00:00+0200,102.74,EUR/MWh,BE,BE,imbalance_price,Long,2026-08-03T03:49:42Z
2026-08-03T03:49:03Z,2026-08-03T05:49:03+0200,d815d4ad-795d-45eb-9ad8-9d704f7a3f43,2026-07-25T00:00:00Z,2026-07-25T02:00:00+0200,102.74,EUR/MWh,BE,BE,imbalance_price,Short,2026-08-03T03:49:42Z
2026-08-03T03:49:03Z,2026-08-03T05:49:03+0200,d815d4ad-795d-45eb-9ad8-9d704f7a3f43,2026-07-25T00:15:00Z,2026-07-25T02:15:00+0200,122.59,EUR/MWh,BE,BE,imbalance_price,Long,2026-08-03T03:49:42Z
2026-08-03T03:49:03Z,2026-08-03T05:49:03+0200,d815d4ad-795d-45eb-9ad8-9d704f7a3f43,2026-07-25T00:15:00Z,2026-07-25T02:15:00+0200,122.59,EUR/MWh,BE,BE,imbalance_price,Short,2026-08-03T03:49:42Z
2026-08-03T03:49:03Z,2026-08-03T05:49:03+0200,d815d4ad-795d-45eb-9ad8-9d704f7a3f43,2026-07-25T00:30:00Z,2026-07-25T02:30:00+0200,122.59,EUR/MWh,BE,BE,imbalance_price,Long,2026-08-03T03:49:42Z
2026-08-03T03:49:03Z,2026-08-03T05:49:03+0200,d815d4ad-795d-45eb-9ad8-9d704f7a3f43,2026-07-25T00:30:00Z,2026-07-25T02:30:00+0200,122.59,EUR/MWh,BE,BE,imbalance_price,Short,2026-08-03T03:49:42Z
2026-08-03T03:49:03Z,2026-08-03T05:49:03+0200,d815d4ad-795d-45eb-9ad8-9d704f7a3f43,2026-07-25T00:45:00Z,2026-07-25T02:45:00+0200,122.59,EUR/MWh,BE,BE,imbalance_price,Long,2026-08-03T03:49:42Z
2026-08-03T03:49:03Z,2026-08-03T05:49:03+0200,d815d4ad-795d-45eb-9ad8-9d704f7a3f43,2026-07-25T00:45:00Z,2026-07-25T02:45:00+0200,122.59,EUR/MWh,BE,BE,imbalance_price,Short,2026-08-03T03:49:42Z
2026-08-03T03:49:03Z,2026-08-03T05:49:03+0200,d815d4ad-795d-45eb-9ad8-9d704f7a3f43,2026-07-25T01:00:00Z,2026-07-25T03:00:00+0200,121.34,EUR/MWh,BE,BE,imbalance_price,Long,2026-08-03T03:49:42Z
2026-08-03T03:49:03Z,2026-08-03T05:49:03+0200,d815d4ad-795d-45eb-9ad8-9d704f7a3f43,2026-07-25T01:00:00Z,2026-07-25T03:00:00+0200,121.34,EUR/MWh,BE,BE,imbalance_price,Short,2026-08-03T03:49:42Z
2026-08-03T03:49:03Z,2026-08-03T05:49:03+0200,d815d4ad-795d-45eb-9ad8-9d704f7a3f43,2026-07-25T01:15:00Z,2026-07-25T03:15:00+0200,141.5,EUR/MWh,BE,BE,imbalance_price,Long,2026-08-03T03:49:42Z
2026-08-03T03:49:03Z,2026-08-03T05:49:03+0200,d815d4ad-795d-45eb-9ad8-9d704f7a3f43,2026-07-25T01:15:00Z,2026-07-25T03:15:00+0200,141.5,EUR/MWh,BE,BE,imbalance_price,Short,2026-08-03T03:49:42Z
2026-08-03T03:49:03Z,2026-08-03T05:49:03+0200,d815d4ad-795d-45eb-9ad8-9d704f7a3f43,2026-07-25T01:30:00Z,2026-07-25T03:30:00+0200,144.17,EUR/MWh,BE,BE,imbalance_price,Long,2026-08-03T03:49:42Z
2026-08-03T03:49:03Z,2026-08-03T05:49:03+0200,d815d4ad-795d-45eb-9ad8-9d704f7a3f43,2026-07-25T01:30:00Z,2026-07-25T03:30:00+0200,144.17,EUR/MWh,BE,BE,imbalance_price,Short,2026-08-03T03:49:42Z
2026-08-03T03:49:03Z,2026-08-03T05:49:03+0200,d815d4ad-795d-45eb-9ad8-9d704f7a3f43,2026-07-25T01:45:00Z,2026-07-25T03:45:00+0200,140.4,EUR/MWh,BE,BE,imbalance_price,Long,2026-08-03T03:49:42Z
2026-08-03T03:49:03Z,2026-08-03T05:49:03+0200,d815d4ad-795d-45eb-9ad8-9d704f7a3f43,2026-07-25T01:45:00Z,2026-07-25T03:45:00+0200,140.4,EUR/MWh,BE,BE,imbalance_price,Short,2026-08-03T03:49:42Z
2026-08-03T03:49:03Z,2026-08-03T05:49:03+0200,d815d4ad-795d-45eb-9ad8-9d704f7a3f43,2026-07-25T02:00:00Z,2026-07-25T04:00:00+0200,136.74,EUR/MWh,BE,BE,imbalance_price,Long,2026-08-03T03:49:42Z
2026-08-03T03:49:03Z,2026-08-03T05:49:03+0200,d815d4ad-795d-45eb-9ad8-9d704f7a3f43,2026-07-25T02:00:00Z,2026-07-25T04:00:00+0200,136.74,EUR/MWh,BE,BE,imbalance_price,Short,2026-08-03T03:49:42Z
2026-08-03T03:49:03Z,2026-08-03T05:49:03+0200,d815d4ad-795d-45eb-9ad8-9d704f7a3f43,2026-07-25T02:15:00Z,2026-07-25T04:15:00+0200,123.48,EUR/MWh,BE,BE,imbalance_price,Long,2026-08-03T03:49:42Z
2026-08-03T03:49:03Z,2026-08-03T05:49:03+0200,d815d4ad-795d-45eb-9ad8-9d704f7a3f43,2026-07-25T02:15:00Z,2026-07-25T04:15:00+0200,123.48,EUR/MWh,BE,BE,imbalance_price,Short,2026-08-03T03:49:42Z
2026-08-03T03:49:03Z,2026-08-03T05:49:03+0200,d815d4ad-795d-45eb-9ad8-9d704f7a3f43,2026-07-25T02:30:00Z,2026-07-25T04:30:00+0200,119.18,EUR/MWh,BE,BE,imbalance_price,Long,2026-08-03T03:49:42Z
2026-08-03T03:49:03Z,2026-08-03T05:49:03+0200,d815d4ad-795d-45eb-9ad8-9d704f7a3f43,2026-07-25T02:30:00Z,2026-07-25T04:30:00+0200,119.18,EUR/MWh,BE,BE,imbalance_price,Short,2026-08-03T03:49:42Z
2026-08-03T03:49:03Z,2026-08-03T05:49:03+0200,d815d4ad-795d-45eb-9ad8-9d704f7a3f43,2026-07-25T02:45:00Z,2026-07-25T04:45:00+0200,127.08,EUR/MWh,BE,BE,imbalance_price,Long,2026-08-03T03:49:42Z
2026-08-03T03:49:03Z,2026-08-03T05:49:03+0200,d815d4ad-795d-45eb-9ad8-9d704f7a3f43,2026-07-25T02:45:00Z,2026-07-25T04:45:00+0200,127.08,EUR/MWh,BE,BE,imbalance_price,Short,2026-08-03T03:49:42Z
2026-08-03T03:49:03Z,2026-08-03T05:49:03+0200,d815d4ad-795d-45eb-9ad8-9d704f7a3f43,2026-07-25T03:00:00Z,2026-07-25T05:00:00+0200,120.43,EUR/MWh,BE,BE,imbalance_price,Long,2026-08-03T03:49:42Z
2026-08-03T03:49:03Z,2026-08-03T05:49:03+0200,d815d4ad-795d-45eb-9ad8-9d704f7a3f43,2026-07-25T03:00:00Z,2026-07-25T05:00:00+0200,120.43,EUR/MWh,BE,BE,imbalance_price,Short,2026-08-03T03:49:42Z
2026-08-03T03:49:03Z,2026-08-03T05:49:03+0200,d815d4ad-795d-45eb-9ad8-9d704f7a3f43,2026-07-25T03:15:00Z,2026-07-25T05:15:00+0200,120.4,EUR/MWh,BE,BE,imbalance_price,Long,2026-08-03T03:49:42Z
2026-08-03T03:49:03Z,2026-08-03T05:49:03+0200,d815d4ad-795d-45eb-9ad8-9d704f7a3f43,2026-07-25T03:15:00Z,2026-07-25T05:15:00+0200,120.4,EUR/MWh,BE,BE,imbalance_price,Short,2026-08-03T03:49:42Z
2026-08-03T03:49:03Z,2026-08-03T05:49:03+0200,d815d4ad-795d-45eb-9ad8-9d704f7a3f43,2026-07-25T03:30:00Z,2026-07-25T05:30:00+0200,98.7,EUR/MWh,BE,BE,imbalance_price,Long,2026-08-03T03:49:42Z
2026-08-03T03:49:03Z,2026-08-03T05:49:03+0200,d815d4ad-795d-45eb-9ad8-9d704f7a3f43,2026-07-25T03:30:00Z,2026-07-25T05:30:00+0200,98.7,EUR/MWh,BE,BE,imbalance_price,Short,2026-08-03T03:49:42Z
2026-08-03T03:49:03Z,2026-08-03T05:49:03+0200,d815d4ad-795d-45eb-9ad8-9d704f7a3f43,2026-07-25T03:45:00Z,2026-07-25T05:45:00+0200,106.41,EUR/MWh,BE,BE,imbalance_price,Long,2026-08-03T03:49:42Z
2026-08-03T03:49:03Z,2026-08-03T05:49:03+0200,d815d4ad-795d-45eb-9ad8-9d704f7a3f43,2026-07-25T03:45:00Z,2026-07-25T05:45:00+0200,106.41,EUR/MWh,BE,BE,imbalance_price,Short,2026-08-03T03:49:42Z
2026-08-03T03:49:03Z,2026-08-03T05:49:03+0200,d815d4ad-795d-45eb-9ad8-9d704f7a3f43,2026-07-25T04:00:00Z,2026-07-25T06:00:00+0200,137.51,EUR/MWh,BE,BE,imbalance_price,Long,2026-08-03T03:49:42Z
2026-08-03T03:49:03Z,2026-08-03T05:49:03+0200,d815d4ad-795d-45eb-9ad8-9d704f7a3f43,2026-07-25T04:00:00Z,2026-07-25T06:00:00+0200,137.51,EUR/MWh,BE,BE,imbalance_price,Short,2026-08-03T03:49:42Z
2026-08-03T03:49:03Z,2026-08-03T05:49:03+0200,d815d4ad-795d-45eb-9ad8-9d704f7a3f43,2026-07-25T04:15:00Z,2026-07-25T06:15:00+0200,141.24,EUR/MWh,BE,BE,imbalance_price,Long,2026-08-03T03:49:42Z
2026-08-03T03:49:03Z,2026-08-03T05:49:03+0200,d815d4ad-795d-45eb-9ad8-9d704f7a3f43,2026-07-25T04:15:00Z,2026-07-25T06:15:00+0200,141.24,EUR/MWh,BE,BE,imbalance_price,Short,2026-08-03T03:49:42Z
2026-08-03T03:49:03Z,2026-08-03T05:49:03+0200,d815d4ad-795d-45eb-9ad8-9d704f7a3f43,2026-07-25T04:30:00Z,2026-07-25T06:30:00+0200,123.48,EUR/MWh,BE,BE,imbalance_price,Long,2026-08-03T03:49:42Z
2026-08-03T03:49:03Z,2026-08-03T05:49:03+0200,d815d4ad-795d-45eb-9ad8-9d704f7a3f43,2026-07-25T04:30:00Z,2026-07-25T06:30:00+0200,123.48,EUR/MWh,BE,BE,imbalance_price,Short,2026-08-03T03:49:42Z
2026-08-03T03:49:03Z,2026-08-03T05:49:03+0200,d815d4ad-795d-45eb-9ad8-9d704f7a3f43,2026-07-25T04:45:00Z,2026-07-25T06:45:00+0200,108.0,EUR/MWh,BE,BE,imbalance_price,Long,2026-08-03T03:49:42Z
2026-08-03T03:49:03Z,2026-08-03T05:49:03+0200,d815d4ad-795d-45eb-9ad8-9d704f7a3f43,2026-07-25T04:45:00Z,2026-07-25T06:45:00+0200,108.0,EUR/MWh,BE,BE,imbalance_price,Short,2026-08-03T03:49:42Z
2026-08-03T03:49:03Z,2026-08-03T05:49:03+0200,d815d4ad-795d-45eb-9ad8-9d704f7a3f43,2026-07-25T05:00:00Z,2026-07-25T07:00:00+0200,124.68,EUR/MWh,BE,BE,imbalance_price,Long,2026-08-03T03:49:42Z
2026-08-03T03:49:03Z,2026-08-03T05:49:03+0200,d815d4ad-795d-45eb-9ad8-9d704f7a3f43,2026-07-25T05:00:00Z,2026-07-25T07:00:00+0200,124.68,EUR/MWh,BE,BE,imbalance_price,Short,2026-08-03T03:49:42Z
2026-08-03T03:49:03Z,2026-08-03T05:49:03+0200,d815d4ad-795d-45eb-9ad8-9d704f7a3f43,2026-07-25T05:15:00Z,2026-07-25T07:15:00+0200,70.9,EUR/MWh,BE,BE,imbalance_price,Long,2026-08-03T03:49:42Z
2026-08-03T03:49:03Z,2026-08-03T05:49:03+0200,d815d4ad-795d-45eb-9ad8-9d704f7a3f43,2026-07-25T05:15:00Z,2026-07-25T07:15:00+0200,70.9,EUR/MWh,BE,BE,imbalance_price,Short,2026-08-03T03:49:42Z
2026-08-03T03:49:03Z,2026-08-03T05:49:03+0200,d815d4ad-795d-45eb-9ad8-9d704f7a3f43,2026-07-25T05:30:00Z,2026-07-25T07:30:00+0200,67.33,EUR/MWh,BE,BE,imbalance_price,Long,2026-08-03T03:49:42Z
2026-08-03T03:49:03Z,2026-08-03T05:49:03+0200,d815d4ad-795d-45eb-9ad8-9d704f7a3f43,2026-07-25T05:30:00Z,2026-07-25T07:30:00+0200,67.33,EUR/MWh,BE,BE,imbalance_price,Short,2026-08-03T03:49:42Z
2026-08-03T03:49:03Z,2026-08-03T05:49:03+0200,d815d4ad-795d-45eb-9ad8-9d704f7a3f43,2026-07-25T05:45:00Z,2026-07-25T07:45:00+0200,34.85,EUR/MWh,BE,BE,imbalance_price,Long,2026-08-03T03:49:42Z
2026-08-03T03:49:03Z,2026-08-03T05:49:03+0200,d815d4ad-795d-45eb-9ad8-9d704f7a3f43,2026-07-25T05:45:00Z,2026-07-25T07:45:00+0200,34.85,EUR/MWh,BE,BE,imbalance_price,Short,2026-08-03T03:49:42Z
2026-08-03T03:49:03Z,2026-08-03T05:49:03+0200,d815d4ad-795d-45eb-9ad8-9d704f7a3f43,2026-07-25T06:00:00Z,2026-07-25T08:00:00+0200,50.0,EUR/MWh,BE,BE,imbalance_price,Long,2026-08-03T03:49:42Z
2026-08-03T03:49:03Z,2026-08-03T05:49:03+0200,d815d4ad-795d-45eb-9ad8-9d704f7a3f43,2026-07-25T06:00:00Z,2026-07-25T08:00:00+0200,50.0,EUR/MWh,BE,BE,imbalance_price,Short,2026-08-03T03:49:42Z
2026-08-03T03:49:03Z,2026-08-03T05:49:03+0200,d815d4ad-795d-45eb-9ad8-9d704f7a3f43,2026-07-25T06:15:00Z,2026-07-25T08:15:00+0200,41.54,EUR/MWh,BE,BE,imbalance_price,Long,2026-08-03T03:49:42Z
2026-08-03T03:49:03Z,2026-08-03T05:49:03+0200,d815d4ad-795d-45eb-9ad8-9d704f7a3f43,2026-07-25T06:15:00Z,2026-07-25T08:15:00+0200,41.54,EUR/MWh,BE,BE,imbalance_price,Short,2026-08-03T03:49:42Z
2026-08-03T03:49:03Z,2026-08-03T05:49:03+0200,d815d4ad-795d-45eb-9ad8-9d704f7a3f43,2026-07-25T06:30:00Z,2026-07-25T08:30:00+0200,-1.23,EUR/MWh,BE,BE,imbalance_price,Long,2026-08-03T03:49:42Z
2026-08-03T03:49:03Z,2026-08-03T05:49:03+0200,d815d4ad-795d-45eb-9ad8-9d704f7a3f43,2026-07-25T06:30:00Z,2026-07-25T08:30:00+0200,-1.23,EUR/MWh,BE,BE,imbalance_price,Short,2026-08-03T03:49:42Z
2026-08-03T03:49:03Z,2026-08-03T05:49:03+0200,d815d4ad-795d-45eb-9ad8-9d704f7a3f43,2026-07-25T06:45:00Z,2026-07-25T08:45:00+0200,-15.85,EUR/MWh,BE,BE,imbalance_price,Long,2026-08-03T03:49:42Z
2026-08-03T03:49:03Z,2026-08-03T05:49:03+0200,d815d4ad-795d-45eb-9ad8-9d704f7a3f43,2026-07-25T06:45:00Z,2026-07-25T08:45:00+0200,-15.85,EUR/MWh,BE,BE,imbalance_price,Short,2026-08-03T03:49:42Z
2026-08-03T03:49:03Z,2026-08-03T05:49:03+0200,d815d4ad-795d-45eb-9ad8-9d704f7a3f43,2026-07-25T07:00:00Z,2026-07-25T09:00:00+0200,-11.34,EUR/MWh,BE,BE,imbalance_price,Long,2026-08-03T03:49:42Z
2026-08-03T03:49:03Z,2026-08-03T05:49:03+0200,d815d4ad-795d-45eb-9ad8-9d704f7a3f43,2026-07-25T07:00:00Z,2026-07-25T09:00:00+0200,-11.34,EUR/MWh,BE,BE,imbalance_price,Short,2026-08-03T03:49:42Z
2026-08-03T03:49:03Z,2026-08-03T05:49:03+0200,d815d4ad-795d-45eb-9ad8-9d704f7a3f43,2026-07-25T07:15:00Z,2026-07-25T09:15:00+0200,-6.58,EUR/MWh,BE,BE,imbalance_price,Long,2026-08-03T03:49:42Z
2026-08-03T03:49:03Z,2026-08-03T05:49:03+0200,d815d4ad-795d-45eb-9ad8-9d704f7a3f43,2026-07-25T07:15:00Z,2026-07-25T09:15:00+0200,-6.58,EUR/MWh,BE,BE,imbalance_price,Short,2026-08-03T03:49:42Z
2026-08-03T03:49:03Z,2026-08-03T05:49:03+0200,d815d4ad-795d-45eb-9ad8-9d704f7a3f43,2026-07-25T07:30:00Z,2026-07-25T09:30:00+0200,-10.38,EUR/MWh,BE,BE,imbalance_price,Long,2026-08-03T03:49:42Z
2026-08-03T03:49:03Z,2026-08-03T05:49:03+0200,d815d4ad-795d-45eb-9ad8-9d704f7a3f43,2026-07-25T07:30:00Z,2026-07-25T09:30:00+0200,-10.38,EUR/MWh,BE,BE,imbalance_price,Short,2026-08-03T03:49:42Z
2026-08-03T03:49:03Z,2026-08-03T05:49:03+0200,d815d4ad-795d-45eb-9ad8-9d704f7a3f43,2026-07-25T07:45:00Z,2026-07-25T09:45:00+0200,-16.64,EUR/MWh,BE,BE,imbalance_price,Long,2026-08-03T03:49:42Z
2026-08-03T03:49:03Z,2026-08-03T05:49:03+0200,d815d4ad-795d-45eb-9ad8-9d704f7a3f43,2026-07-25T07:45:00Z,2026-07-25T09:45:00+0200,-16.64,EUR/MWh,BE,BE,imbalance_price,Short,2026-08-03T03:49:42Z
2026-08-03T03:49:03Z,2026-08-03T05:49:03+0200,d815d4ad-795d-45eb-9ad8-9d704f7a3f43,2026-07-25T08:00:00Z,2026-07-25T10:00:00+0200,8.5,EUR/MWh,BE,BE,imbalance_price,Long,2026-08-03T03:49:42Z
2026-08-03T03:49:03Z,2026-08-03T05:49:03+0200,d815d4ad-795d-45eb-9ad8-9d704f7a3f43,2026-07-25T08:00:00Z,2026-07-25T10:00:00+0200,8.5,EUR/MWh,BE,BE,imbalance_price,Short,2026-08-03T03:49:42Z
2026-08-03T03:49:03Z,2026-08-03T05:49:03+0200,d815d4ad-795d-45eb-9ad8-9d704f7a3f43,2026-07-25T08:15:00Z,2026-07-25T10:15:00+0200,-1.01,EUR/MWh,BE,BE,imbalance_price,Long,2026-08-03T03:49:42Z
2026-08-03T03:49:03Z,2026-08-03T05:49:03+0200,d815d4ad-795d-45eb-9ad8-9d704f7a3f43,2026-07-25T08:15:00Z,2026-07-25T10:15:00+0200,-1.01,EUR/MWh,BE,BE,imbalance_price,Short,2026-08-03T03:49:42Z
2026-08-03T03:49:03Z,2026-08-03T05:49:03+0200,d815d4ad-795d-45eb-9ad8-9d704f7a3f43,2026-07-25T08:30:00Z,2026-07-25T10:30:00+0200,0.71,EUR/MWh,BE,BE,imbalance_price,Long,2026-08-03T03:49:42Z
2026-08-03T03:49:03Z,2026-08-03T05:49:03+0200,d815d4ad-795d-45eb-9ad8-9d704f7a3f43,2026-07-25T08:30:00Z,2026-07-25T10:30:00+0200,0.71,EUR/MWh,BE,BE,imbalance_price,Short,2026-08-03T03:49:42Z
2026-08-03T03:49:03Z,2026-08-03T05:49:03+0200,d815d4ad-795d-45eb-9ad8-9d704f7a3f43,2026-07-25T08:45:00Z,2026-07-25T10:45:00+0200,6.5,EUR/MWh,BE,BE,imbalance_price,Long,2026-08-03T03:49:42Z
2026-08-03T03:49:03Z,2026-08-03T05:49:03+0200,d815d4ad-795d-45eb-9ad8-9d704f7a3f43,2026-07-25T08:45:00Z,2026-07-25T10:45:00+0200,6.5,EUR/MWh,BE,BE,imbalance_price,Short,2026-08-03T03:49:42Z
2026-08-03T03:49:03Z,2026-08-03T05:49:03+0200,d815d4ad-795d-45eb-9ad8-9d704f7a3f43,2026-07-25T09:00:00Z,2026-07-25T11:00:00+0200,-1.01,EUR/MWh,BE,BE,imbalance_price,Long,2026-08-03T03:49:42Z
2026-08-03T03:49:03Z,2026-08-03T05:49:03+0200,d815d4ad-795d-45eb-9ad8-9d704f7a3f43,2026-07-25T09:00:00Z,2026-07-25T11:00:00+0200,-1.01,EUR/MWh,BE,BE,imbalance_price,Short,2026-08-03T03:49:42Z
2026-08-03T03:49:03Z,2026-08-03T05:49:03+0200,d815d4ad-795d-45eb-9ad8-9d704f7a3f43,2026-07-25T09:15:00Z,2026-07-25T11:15:00+0200,-1.01,EUR/MWh,BE,BE,imbalance_price,Long,2026-08-03T03:49:42Z
2026-08-03T03:49:03Z,2026-08-03T05:49:03+0200,d815d4ad-795d-45eb-9ad8-9d704f7a3f43,2026-07-25T09:15:00Z,2026-07-25T11:15:00+0200,-1.01,EUR/MWh,BE,BE,imbalance_price,Short,2026-08-03T03:49:42Z
2026-08-03T03:49:03Z,2026-08-03T05:49:03+0200,d815d4ad-795d-45eb-9ad8-9d704f7a3f43,2026-07-25T09:30:00Z,2026-07-25T11:30:00+0200,-4.42,EUR/MWh,BE,BE,imbalance_price,Long,2026-08-03T03:49:42Z
2026-08-03T03:49:03Z,2026-08-03T05:49:03+0200,d815d4ad-795d-45eb-9ad8-9d704f7a3f43,2026-07-25T09:30:00Z,2026-07-25T11:30:00+0200,-4.42,EUR/MWh,BE,BE,imbalance_price,Short,2026-08-03T03:49:42Z
2026-08-03T03:49:03Z,2026-08-03T05:49:03+0200,d815d4ad-795d-45eb-9ad8-9d704f7a3f43,2026-07-25T09:45:00Z,2026-07-25T11:45:00+0200,-8.13,EUR/MWh,BE,BE,imbalance_price,Long,2026-08-03T03:49:42Z
2026-08-03T03:49:03Z,2026-08-03T05:49:03+0200,d815d4ad-795d-45eb-9ad8-9d704f7a3f43,2026-07-25T09:45:00Z,2026-07-25T11:45:00+0200,-8.13,EUR/MWh,BE,BE,imbalance_price,Short,2026-08-03T03:49:42Z
2026-08-03T03:49:03Z,2026-08-03T05:49:03+0200,d815d4ad-795d-45eb-9ad8-9d704f7a3f43,2026-07-25T10:00:00Z,2026-07-25T12:00:00+0200,-14.61,EUR/MWh,BE,BE,imbalance_price,Long,2026-08-03T03:49:42Z
2026-08-03T03:49:03Z,2026-08-03T05:49:03+0200,d815d4ad-795d-45eb-9ad8-9d704f7a3f43,2026-07-25T10:00:00Z,2026-07-25T12:00:00+0200,-14.61,EUR/MWh,BE,BE,imbalance_price,Short,2026-08-03T03:49:42Z
2026-08-03T03:49:03Z,2026-08-03T05:49:03+0200,d815d4ad-795d-45eb-9ad8-9d704f7a3f43,2026-07-25T10:15:00Z,2026-07-25T12:15:00+0200,-17.37,EUR/MWh,BE,BE,imbalance_price,Long,2026-08-03T03:49:42Z
2026-08-03T03:49:03Z,2026-08-03T05:49:03+0200,d815d4ad-795d-45eb-9ad8-9d704f7a3f43,2026-07-25T10:15:00Z,2026-07-25T12:15:00+0200,-17.37,EUR/MWh,BE,BE,imbalance_price,Short,2026-08-03T03:49:42Z
2026-08-03T03:49:03Z,2026-08-03T05:49:03+0200,d815d4ad-795d-45eb-9ad8-9d704f7a3f43,2026-07-25T10:30:00Z,2026-07-25T12:30:00+0200,-10.89,EUR/MWh,BE,BE,imbalance_price,Long,2026-08-03T03:49:42Z
2026-08-03T03:49:03Z,2026-08-03T05:49:03+0200,d815d4ad-795d-45eb-9ad8-9d704f7a3f43,2026-07-25T10:30:00Z,2026-07-25T12:30:00+0200,-10.89,EUR/MWh,BE,BE,imbalance_price,Short,2026-08-03T03:49:42Z
2026-08-03T03:49:03Z,2026-08-03T05:49:03+0200,d815d4ad-795d-45eb-9ad8-9d704f7a3f43,2026-07-25T10:45:00Z,2026-07-25T12:45:00+0200,-1.01,EUR/MWh,BE,BE,imbalance_price,Long,2026-08-03T03:49:42Z
2026-08-03T03:49:03Z,2026-08-03T05:49:03+0200,d815d4ad-795d-45eb-9ad8-9d704f7a3f43,2026-07-25T10:45:00Z,2026-07-25T12:45:00+0200,-1.01,EUR/MWh,BE,BE,imbalance_price,Short,2026-08-03T03:49:42Z
2026-08-03T03:49:03Z,2026-08-03T05:49:03+0200,d815d4ad-795d-45eb-9ad8-9d704f7a3f43,2026-07-25T11:00:00Z,2026-07-25T13:00:00+0200,-1.01,EUR/MWh,BE,BE,imbalance_price,Long,2026-08-03T03:49:42Z
2026-08-03T03:49:03Z,2026-08-03T05:49:03+0200,d815d4ad-795d-45eb-9ad8-9d704f7a3f43,2026-07-25T11:00:00Z,2026-07-25T13:00:00+0200,-1.01,EUR/MWh,BE,BE,imbalance_price,Short,2026-08-03T03:49:42Z
2026-08-03T03:49:03Z,2026-08-03T05:49:03+0200,d815d4ad-795d-45eb-9ad8-9d704f7a3f43,2026-07-25T11:15:00Z,2026-07-25T13:15:00+0200,4.0,EUR/MWh,BE,BE,imbalance_price,Long,2026-08-03T03:49:42Z
2026-08-03T03:49:03Z,2026-08-03T05:49:03+0200,d815d4ad-795d-45eb-9ad8-9d704f7a3f43,2026-07-25T11:15:00Z,2026-07-25T13:15:00+0200,4.0,EUR/MWh,BE,BE,imbalance_price,Short,2026-08-03T03:49:42Z
2026-08-03T03:49:03Z,2026-08-03T05:49:03+0200,d815d4ad-795d-45eb-9ad8-9d704f7a3f43,2026-07-25T11:30:00Z,2026-07-25T13:30:00+0200,7.0,EUR/MWh,BE,BE,imbalance_price,Long,2026-08-03T03:49:42Z
2026-08-03T03:49:03Z,2026-08-03T05:49:03+0200,d815d4ad-795d-45eb-9ad8-9d704f7a3f43,2026-07-25T11:30:00Z,2026-07-25T13:30:00+0200,7.0,EUR/MWh,BE,BE,imbalance_price,Short,2026-08-03T03:49:42Z
2026-08-03T03:49:03Z,2026-08-03T05:49:03+0200,d815d4ad-795d-45eb-9ad8-9d704f7a3f43,2026-07-25T11:45:00Z,2026-07-25T13:45:00+0200,20.77,EUR/MWh,BE,BE,imbalance_price,Long,2026-08-03T03:49:42Z
2026-08-03T03:49:03Z,2026-08-03T05:49:03+0200,d815d4ad-795d-45eb-9ad8-9d704f7a3f43,2026-07-25T11:45:00Z,2026-07-25T13:45:00+0200,20.77,EUR/MWh,BE,BE,imbalance_price,Short,2026-08-03T03:49:42Z
2026-08-03T03:49:03Z,2026-08-03T05:49:03+0200,d815d4ad-795d-45eb-9ad8-9d704f7a3f43,2026-07-25T12:00:00Z,2026-07-25T14:00:00+0200,-1.02,EUR/MWh,BE,BE,imbalance_price,Long,2026-08-03T03:49:42Z
2026-08-03T03:49:03Z,2026-08-03T05:49:03+0200,d815d4ad-795d-45eb-9ad8-9d704f7a3f43,2026-07-25T12:00:00Z,2026-07-25T14:00:00+0200,-1.02,EUR/MWh,BE,BE,imbalance_price,Short,2026-08-03T03:49:42Z
2026-08-03T03:49:03Z,2026-08-03T05:49:03+0200,d815d4ad-795d-45eb-9ad8-9d704f7a3f43,2026-07-25T12:15:00Z,2026-07-25T14:15:00+0200,-1.02,EUR/MWh,BE,BE,imbalance_price,Long,2026-08-03T03:49:42Z
2026-08-03T03:49:03Z,2026-08-03T05:49:03+0200,d815d4ad-795d-45eb-9ad8-9d704f7a3f43,2026-07-25T12:15:00Z,2026-07-25T14:15:00+0200,-1.02,EUR/MWh,BE,BE,imbalance_price,Short,2026-08-03T03:49:42Z
2026-08-03T03:49:03Z,2026-08-03T05:49:03+0200,d815d4ad-795d-45eb-9ad8-9d704f7a3f43,2026-07-25T12:30:00Z,2026-07-25T14:30:00+0200,-2.24,EUR/MWh,BE,BE,imbalance_price,Long,2026-08-03T03:49:42Z
2026-08-03T03:49:03Z,2026-08-03T05:49:03+0200,d815d4ad-795d-45eb-9ad8-9d704f7a3f43,2026-07-25T12:30:00Z,2026-07-25T14:30:00+0200,-2.24,EUR/MWh,BE,BE,imbalance_price,Short,2026-08-03T03:49:42Z
2026-08-03T03:49:03Z,2026-08-03T05:49:03+0200,d815d4ad-795d-45eb-9ad8-9d704f7a3f43,2026-07-25T12:45:00Z,2026-07-25T14:45:00+0200,-9.95,EUR/MWh,BE,BE,imbalance_price,Long,2026-08-03T03:49:42Z
2026-08-03T03:49:03Z,2026-08-03T05:49:03+0200,d815d4ad-795d-45eb-9ad8-9d704f7a3f43,2026-07-25T12:45:00Z,2026-07-25T14:45:00+0200,-9.95,EUR/MWh,BE,BE,imbalance_price,Short,2026-08-03T03:49:42Z
2026-08-03T03:49:03Z,2026-08-03T05:49:03+0200,d815d4ad-795d-45eb-9ad8-9d704f7a3f43,2026-07-25T13:00:00Z,2026-07-25T15:00:00+0200,-54.44,EUR/MWh,BE,BE,imbalance_price,Long,2026-08-03T03:49:42Z
2026-08-03T03:49:03Z,2026-08-03T05:49:03+0200,d815d4ad-795d-45eb-9ad8-9d704f7a3f43,2026-07-25T13:00:00Z,2026-07-25T15:00:00+0200,-54.44,EUR/MWh,BE,BE,imbalance_price,Short,2026-08-03T03:49:42Z
2026-08-03T03:49:03Z,2026-08-03T05:49:03+0200,d815d4ad-795d-45eb-9ad8-9d704f7a3f43,2026-07-25T13:15:00Z,2026-07-25T15:15:00+0200,-89.85,EUR/MWh,BE,BE,imbalance_price,Long,2026-08-03T03:49:42Z
2026-08-03T03:49:03Z,2026-08-03T05:49:03+0200,d815d4ad-795d-45eb-9ad8-9d704f7a3f43,2026-07-25T13:15:00Z,2026-07-25T15:15:00+0200,-89.85,EUR/MWh,BE,BE,imbalance_price,Short,2026-08-03T03:49:42Z
2026-08-03T03:49:03Z,2026-08-03T05:49:03+0200,d815d4ad-795d-45eb-9ad8-9d704f7a3f43,2026-07-25T13:30:00Z,2026-07-25T15:30:00+0200,-130.33,EUR/MWh,BE,BE,imbalance_price,Long,2026-08-03T03:49:42Z
2026-08-03T03:49:03Z,2026-08-03T05:49:03+0200,d815d4ad-795d-45eb-9ad8-9d704f7a3f43,2026-07-25T13:30:00Z,2026-07-25T15:30:00+0200,-130.33,EUR/MWh,BE,BE,imbalance_price,Short,2026-08-03T03:49:42Z
2026-08-03T03:49:03Z,2026-08-03T05:49:03+0200,d815d4ad-795d-45eb-9ad8-9d704f7a3f43,2026-07-25T13:45:00Z,2026-07-25T15:45:00+0200,-138.73,EUR/MWh,BE,BE,imbalance_price,Long,2026-08-03T03:49:42Z
2026-08-03T03:49:03Z,2026-08-03T05:49:03+0200,d815d4ad-795d-45eb-9ad8-9d704f7a3f43,2026-07-25T13:45:00Z,2026-07-25T15:45:00+0200,-138.73,EUR/MWh,BE,BE,imbalance_price,Short,2026-08-03T03:49:42Z
2026-08-03T03:49:03Z,2026-08-03T05:49:03+0200,d815d4ad-795d-45eb-9ad8-9d704f7a3f43,2026-07-25T14:00:00Z,2026-07-25T16:00:00+0200,-15.96,EUR/MWh,BE,BE,imbalance_price,Long,2026-08-03T03:49:42Z
2026-08-03T03:49:03Z,2026-08-03T05:49:03+0200,d815d4ad-795d-45eb-9ad8-9d704f7a3f43,2026-07-25T14:00:00Z,2026-07-25T16:00:00+0200,-15.96,EUR/MWh,BE,BE,imbalance_price,Short,2026-08-03T03:49:42Z
2026-08-03T03:49:03Z,2026-08-03T05:49:03+0200,d815d4ad-795d-45eb-9ad8-9d704f7a3f43,2026-07-25T14:15:00Z,2026-07-25T16:15:00+0200,13.85,EUR/MWh,BE,BE,imbalance_price,Long,2026-08-03T03:49:42Z
2026-08-03T03:49:03Z,2026-08-03T05:49:03+0200,d815d4ad-795d-45eb-9ad8-9d704f7a3f43,2026-07-25T14:15:00Z,2026-07-25T16:15:00+0200,13.85,EUR/MWh,BE,BE,imbalance_price,Short,2026-08-03T03:49:42Z
2026-08-03T03:49:03Z,2026-08-03T05:49:03+0200,d815d4ad-795d-45eb-9ad8-9d704f7a3f43,2026-07-25T14:30:00Z,2026-07-25T16:30:00+0200,9.92,EUR/MWh,BE,BE,imbalance_price,Long,2026-08-03T03:49:42Z
2026-08-03T03:49:03Z,2026-08-03T05:49:03+0200,d815d4ad-795d-45eb-9ad8-9d704f7a3f43,2026-07-25T14:30:00Z,2026-07-25T16:30:00+0200,9.92,EUR/MWh,BE,BE,imbalance_price,Short,2026-08-03T03:49:42Z
2026-08-03T03:49:03Z,2026-08-03T05:49:03+0200,d815d4ad-795d-45eb-9ad8-9d704f7a3f43,2026-07-25T14:45:00Z,2026-07-25T16:45:00+0200,-9.37,EUR/MWh,BE,BE,imbalance_price,Long,2026-08-03T03:49:42Z
2026-08-03T03:49:03Z,2026-08-03T05:49:03+0200,d815d4ad-795d-45eb-9ad8-9d704f7a3f43,2026-07-25T14:45:00Z,2026-07-25T16:45:00+0200,-9.37,EUR/MWh,BE,BE,imbalance_price,Short,2026-08-03T03:49:42Z
2026-08-03T03:49:03Z,2026-08-03T05:49:03+0200,d815d4ad-795d-45eb-9ad8-9d704f7a3f43,2026-07-25T15:00:00Z,2026-07-25T17:00:00+0200,74.8,EUR/MWh,BE,BE,imbalance_price,Long,2026-08-03T03:49:42Z
2026-08-03T03:49:03Z,2026-08-03T05:49:03+0200,d815d4ad-795d-45eb-9ad8-9d704f7a3f43,2026-07-25T15:00:00Z,2026-07-25T17:00:00+0200,74.8,EUR/MWh,BE,BE,imbalance_price,Short,2026-08-03T03:49:42Z
2026-08-03T03:49:03Z,2026-08-03T05:49:03+0200,d815d4ad-795d-45eb-9ad8-9d704f7a3f43,2026-07-25T15:15:00Z,2026-07-25T17:15:00+0200,23.59,EUR/MWh,BE,BE,imbalance_price,Long,2026-08-03T03:49:42Z
2026-08-03T03:49:03Z,2026-08-03T05:49:03+0200,d815d4ad-795d-45eb-9ad8-9d704f7a3f43,2026-07-25T15:15:00Z,2026-07-25T17:15:00+0200,23.59,EUR/MWh,BE,BE,imbalance_price,Short,2026-08-03T03:49:42Z
2026-08-03T03:49:03Z,2026-08-03T05:49:03+0200,d815d4ad-795d-45eb-9ad8-9d704f7a3f43,2026-07-25T15:30:00Z,2026-07-25T17:30:00+0200,80.47,EUR/MWh,BE,BE,imbalance_price,Long,2026-08-03T03:49:42Z
2026-08-03T03:49:03Z,2026-08-03T05:49:03+0200,d815d4ad-795d-45eb-9ad8-9d704f7a3f43,2026-07-25T15:30:00Z,2026-07-25T17:30:00+0200,80.47,EUR/MWh,BE,BE,imbalance_price,Short,2026-08-03T03:49:42Z
2026-08-03T03:49:03Z,2026-08-03T05:49:03+0200,d815d4ad-795d-45eb-9ad8-9d704f7a3f43,2026-07-25T15:45:00Z,2026-07-25T17:45:00+0200,35.78,EUR/MWh,BE,BE,imbalance_price,Long,2026-08-03T03:49:42Z
2026-08-03T03:49:03Z,2026-08-03T05:49:03+0200,d815d4ad-795d-45eb-9ad8-9d704f7a3f43,2026-07-25T15:45:00Z,2026-07-25T17:45:00+0200,35.78,EUR/MWh,BE,BE,imbalance_price,Short,2026-08-03T03:49:42Z
2026-08-03T03:49:03Z,2026-08-03T05:49:03+0200,d815d4ad-795d-45eb-9ad8-9d704f7a3f43,2026-07-25T16:00:00Z,2026-07-25T18:00:00+0200,107.29,EUR/MWh,BE,BE,imbalance_price,Long,2026-08-03T03:49:42Z
2026-08-03T03:49:03Z,2026-08-03T05:49:03+0200,d815d4ad-795d-45eb-9ad8-9d704f7a3f43,2026-07-25T16:00:00Z,2026-07-25T18:00:00+0200,107.29,EUR/MWh,BE,BE,imbalance_price,Short,2026-08-03T03:49:42Z
2026-08-03T03:49:03Z,2026-08-03T05:49:03+0200,d815d4ad-795d-45eb-9ad8-9d704f7a3f43,2026-07-25T16:15:00Z,2026-07-25T18:15:00+0200,160.38,EUR/MWh,BE,BE,imbalance_price,Long,2026-08-03T03:49:42Z
2026-08-03T03:49:03Z,2026-08-03T05:49:03+0200,d815d4ad-795d-45eb-9ad8-9d704f7a3f43,2026-07-25T16:15:00Z,2026-07-25T18:15:00+0200,160.38,EUR/MWh,BE,BE,imbalance_price,Short,2026-08-03T03:49:42Z
2026-08-03T03:49:03Z,2026-08-03T05:49:03+0200,d815d4ad-795d-45eb-9ad8-9d704f7a3f43,2026-07-25T16:30:00Z,2026-07-25T18:30:00+0200,165.68,EUR/MWh,BE,BE,imbalance_price,Long,2026-08-03T03:49:42Z
2026-08-03T03:49:03Z,2026-08-03T05:49:03+0200,d815d4ad-795d-45eb-9ad8-9d704f7a3f43,2026-07-25T16:30:00Z,2026-07-25T18:30:00+0200,165.68,EUR/MWh,BE,BE,imbalance_price,Short,2026-08-03T03:49:42Z
2026-08-03T03:49:03Z,2026-08-03T05:49:03+0200,d815d4ad-795d-45eb-9ad8-9d704f7a3f43,2026-07-25T16:45:00Z,2026-07-25T18:45:00+0200,175.23,EUR/MWh,BE,BE,imbalance_price,Long,2026-08-03T03:49:42Z
2026-08-03T03:49:03Z,2026-08-03T05:49:03+0200,d815d4ad-795d-45eb-9ad8-9d704f7a3f43,2026-07-25T16:45:00Z,2026-07-25T18:45:00+0200,175.23,EUR/MWh,BE,BE,imbalance_price,Short,2026-08-03T03:49:42Z
2026-08-03T03:49:03Z,2026-08-03T05:49:03+0200,d815d4ad-795d-45eb-9ad8-9d704f7a3f43,2026-07-25T17:00:00Z,2026-07-25T19:00:00+0200,158.03,EUR/MWh,BE,BE,imbalance_price,Long,2026-08-03T03:49:42Z
2026-08-03T03:49:03Z,2026-08-03T05:49:03+0200,d815d4ad-795d-45eb-9ad8-9d704f7a3f43,2026-07-25T17:00:00Z,2026-07-25T19:00:00+0200,158.03,EUR/MWh,BE,BE,imbalance_price,Short,2026-08-03T03:49:42Z
2026-08-03T03:49:03Z,2026-08-03T05:49:03+0200,d815d4ad-795d-45eb-9ad8-9d704f7a3f43,2026-07-25T17:15:00Z,2026-07-25T19:15:00+0200,169.17,EUR/MWh,BE,BE,imbalance_price,Long,2026-08-03T03:49:42Z
2026-08-03T03:49:03Z,2026-08-03T05:49:03+0200,d815d4ad-795d-45eb-9ad8-9d704f7a3f43,2026-07-25T17:15:00Z,2026-07-25T19:15:00+0200,169.17,EUR/MWh,BE,BE,imbalance_price,Short,2026-08-03T03:49:42Z
2026-08-03T03:49:03Z,2026-08-03T05:49:03+0200,d815d4ad-795d-45eb-9ad8-9d704f7a3f43,2026-07-25T17:30:00Z,2026-07-25T19:30:00+0200,156.3,EUR/MWh,BE,BE,imbalance_price,Long,2026-08-03T03:49:42Z
2026-08-03T03:49:03Z,2026-08-03T05:49:03+0200,d815d4ad-795d-45eb-9ad8-9d704f7a3f43,2026-07-25T17:30:00Z,2026-07-25T19:30:00+0200,156.3,EUR/MWh,BE,BE,imbalance_price,Short,2026-08-03T03:49:42Z
2026-08-03T03:49:03Z,2026-08-03T05:49:03+0200,d815d4ad-795d-45eb-9ad8-9d704f7a3f43,2026-07-25T17:45:00Z,2026-07-25T19:45:00+0200,143.98,EUR/MWh,BE,BE,imbalance_price,Long,2026-08-03T03:49:42Z
2026-08-03T03:49:03Z,2026-08-03T05:49:03+0200,d815d4ad-795d-45eb-9ad8-9d704f7a3f43,2026-07-25T17:45:00Z,2026-07-25T19:45:00+0200,143.98,EUR/MWh,BE,BE,imbalance_price,Short,2026-08-03T03:49:42Z
2026-08-03T03:49:03Z,2026-08-03T05:49:03+0200,d815d4ad-795d-45eb-9ad8-9d704f7a3f43,2026-07-25T18:00:00Z,2026-07-25T20:00:00+0200,159.76,EUR/MWh,BE,BE,imbalance_price,Long,2026-08-03T03:49:42Z
2026-08-03T03:49:03Z,2026-08-03T05:49:03+0200,d815d4ad-795d-45eb-9ad8-9d704f7a3f43,2026-07-25T18:00:00Z,2026-07-25T20:00:00+0200,159.76,EUR/MWh,BE,BE,imbalance_price,Short,2026-08-03T03:49:42Z
2026-08-03T03:49:03Z,2026-08-03T05:49:03+0200,d815d4ad-795d-45eb-9ad8-9d704f7a3f43,2026-07-25T18:15:00Z,2026-07-25T20:15:00+0200,156.16,EUR/MWh,BE,BE,imbalance_price,Long,2026-08-03T03:49:42Z
2026-08-03T03:49:03Z,2026-08-03T05:49:03+0200,d815d4ad-795d-45eb-9ad8-9d704f7a3f43,2026-07-25T18:15:00Z,2026-07-25T20:15:00+0200,156.16,EUR/MWh,BE,BE,imbalance_price,Short,2026-08-03T03:49:42Z
2026-08-03T03:49:03Z,2026-08-03T05:49:03+0200,d815d4ad-795d-45eb-9ad8-9d704f7a3f43,2026-07-25T18:30:00Z,2026-07-25T20:30:00+0200,160.71,EUR/MWh,BE,BE,imbalance_price,Long,2026-08-03T03:49:42Z
2026-08-03T03:49:03Z,2026-08-03T05:49:03+0200,d815d4ad-795d-45eb-9ad8-9d704f7a3f43,2026-07-25T18:30:00Z,2026-07-25T20:30:00+0200,160.71,EUR/MWh,BE,BE,imbalance_price,Short,2026-08-03T03:49:42Z
2026-08-03T03:49:03Z,2026-08-03T05:49:03+0200,d815d4ad-795d-45eb-9ad8-9d704f7a3f43,2026-07-25T18:45:00Z,2026-07-25T20:45:00+0200,157.64,EUR/MWh,BE,BE,imbalance_price,Long,2026-08-03T03:49:42Z
2026-08-03T03:49:03Z,2026-08-03T05:49:03+0200,d815d4ad-795d-45eb-9ad8-9d704f7a3f43,2026-07-25T18:45:00Z,2026-07-25T20:45:00+0200,157.64,EUR/MWh,BE,BE,imbalance_price,Short,2026-08-03T03:49:42Z
2026-08-03T03:49:03Z,2026-08-03T05:49:03+0200,d815d4ad-795d-45eb-9ad8-9d704f7a3f43,2026-07-25T19:00:00Z,2026-07-25T21:00:00+0200,128.25,EUR/MWh,BE,BE,imbalance_price,Long,2026-08-03T03:49:42Z
2026-08-03T03:49:03Z,2026-08-03T05:49:03+0200,d815d4ad-795d-45eb-9ad8-9d704f7a3f43,2026-07-25T19:00:00Z,2026-07-25T21:00:00+0200,128.25,EUR/MWh,BE,BE,imbalance_price,Short,2026-08-03T03:49:42Z
2026-08-03T03:49:03Z,2026-08-03T05:49:03+0200,d815d4ad-795d-45eb-9ad8-9d704f7a3f43,2026-07-25T19:15:00Z,2026-07-25T21:15:00+0200,129.02,EUR/MWh,BE,BE,imbalance_price,Long,2026-08-03T03:49:42Z
2026-08-03T03:49:03Z,2026-08-03T05:49:03+0200,d815d4ad-795d-45eb-9ad8-9d704f7a3f43,2026-07-25T19:15:00Z,2026-07-25T21:15:00+0200,129.02,EUR/MWh,BE,BE,imbalance_price,Short,2026-08-03T03:49:42Z
2026-08-03T03:49:03Z,2026-08-03T05:49:03+0200,d815d4ad-795d-45eb-9ad8-9d704f7a3f43,2026-07-25T19:30:00Z,2026-07-25T21:30:00+0200,128.95,EUR/MWh,BE,BE,imbalance_price,Long,2026-08-03T03:49:42Z
2026-08-03T03:49:03Z,2026-08-03T05:49:03+0200,d815d4ad-795d-45eb-9ad8-9d704f7a3f43,2026-07-25T19:30:00Z,2026-07-25T21:30:00+0200,128.95,EUR/MWh,BE,BE,imbalance_price,Short,2026-08-03T03:49:42Z
2026-08-03T03:49:03Z,2026-08-03T05:49:03+0200,d815d4ad-795d-45eb-9ad8-9d704f7a3f43,2026-07-25T19:45:00Z,2026-07-25T21:45:00+0200,154.66,EUR/MWh,BE,BE,imbalance_price,Long,2026-08-03T03:49:42Z
2026-08-03T03:49:03Z,2026-08-03T05:49:03+0200,d815d4ad-795d-45eb-9ad8-9d704f7a3f43,2026-07-25T19:45:00Z,2026-07-25T21:45:00+0200,154.66,EUR/MWh,BE,BE,imbalance_price,Short,2026-08-03T03:49:42Z
2026-08-03T03:49:03Z,2026-08-03T05:49:03+0200,d815d4ad-795d-45eb-9ad8-9d704f7a3f43,2026-07-25T20:00:00Z,2026-07-25T22:00:00+0200,175.59,EUR/MWh,BE,BE,imbalance_price,Long,2026-08-03T03:49:42Z
2026-08-03T03:49:03Z,2026-08-03T05:49:03+0200,d815d4ad-795d-45eb-9ad8-9d704f7a3f43,2026-07-25T20:00:00Z,2026-07-25T22:00:00+0200,175.59,EUR/MWh,BE,BE,imbalance_price,Short,2026-08-03T03:49:42Z
2026-08-03T03:49:03Z,2026-08-03T05:49:03+0200,d815d4ad-795d-45eb-9ad8-9d704f7a3f43,2026-07-25T20:15:00Z,2026-07-25T22:15:00+0200,233.0,EUR/MWh,BE,BE,imbalance_price,Long,2026-08-03T03:49:42Z
2026-08-03T03:49:03Z,2026-08-03T05:49:03+0200,d815d4ad-795d-45eb-9ad8-9d704f7a3f43,2026-07-25T20:15:00Z,2026-07-25T22:15:00+0200,233.0,EUR/MWh,BE,BE,imbalance_price,Short,2026-08-03T03:49:42Z
2026-08-03T03:49:03Z,2026-08-03T05:49:03+0200,d815d4ad-795d-45eb-9ad8-9d704f7a3f43,2026-07-25T20:30:00Z,2026-07-25T22:30:00+0200,146.3,EUR/MWh,BE,BE,imbalance_price,Long,2026-08-03T03:49:42Z
2026-08-03T03:49:03Z,2026-08-03T05:49:03+0200,d815d4ad-795d-45eb-9ad8-9d704f7a3f43,2026-07-25T20:30:00Z,2026-07-25T22:30:00+0200,146.3,EUR/MWh,BE,BE,imbalance_price,Short,2026-08-03T03:49:42Z
2026-08-03T03:49:03Z,2026-08-03T05:49:03+0200,d815d4ad-795d-45eb-9ad8-9d704f7a3f43,2026-07-25T20:45:00Z,2026-07-25T22:45:00+0200,126.34,EUR/MWh,BE,BE,imbalance_price,Long,2026-08-03T03:49:42Z
2026-08-03T03:49:03Z,2026-08-03T05:49:03+0200,d815d4ad-795d-45eb-9ad8-9d704f7a3f43,2026-07-25T20:45:00Z,2026-07-25T22:45:00+0200,126.34,EUR/MWh,BE,BE,imbalance_price,Short,2026-08-03T03:49:42Z
2026-08-03T03:49:03Z,2026-08-03T05:49:03+0200,d815d4ad-795d-45eb-9ad8-9d704f7a3f43,2026-07-25T21:00:00Z,2026-07-25T23:00:00+0200,145.23,EUR/MWh,BE,BE,imbalance_price,Long,2026-08-03T03:49:42Z
2026-08-03T03:49:03Z,2026-08-03T05:49:03+0200,d815d4ad-795d-45eb-9ad8-9d704f7a3f43,2026-07-25T21:00:00Z,2026-07-25T23:00:00+0200,145.23,EUR/MWh,BE,BE,imbalance_price,Short,2026-08-03T03:49:42Z
2026-08-03T03:49:03Z,2026-08-03T05:49:03+0200,d815d4ad-795d-45eb-9ad8-9d704f7a3f43,2026-07-25T21:15:00Z,2026-07-25T23:15:00+0200,138.8,EUR/MWh,BE,BE,imbalance_price,Long,2026-08-03T03:49:42Z
2026-08-03T03:49:03Z,2026-08-03T05:49:03+0200,d815d4ad-795d-45eb-9ad8-9d704f7a3f43,2026-07-25T21:15:00Z,2026-07-25T23:15:00+0200,138.8,EUR/MWh,BE,BE,imbalance_price,Short,2026-08-03T03:49:42Z
2026-08-03T03:49:03Z,2026-08-03T05:49:03+0200,d815d4ad-795d-45eb-9ad8-9d704f7a3f43,2026-07-25T21:30:00Z,2026-07-25T23:30:00+0200,102.98,EUR/MWh,BE,BE,imbalance_price,Long,2026-08-03T03:49:42Z
2026-08-03T03:49:03Z,2026-08-03T05:49:03+0200,d815d4ad-795d-45eb-9ad8-9d704f7a3f43,2026-07-25T21:30:00Z,2026-07-25T23:30:00+0200,102.98,EUR/MWh,BE,BE,imbalance_price,Short,2026-08-03T03:49:42Z
2026-08-03T03:49:03Z,2026-08-03T05:49:03+0200,d815d4ad-795d-45eb-9ad8-9d704f7a3f43,2026-07-25T21:45:00Z,2026-07-25T23:45:00+0200,130.57,EUR/MWh,BE,BE,imbalance_price,Long,2026-08-03T03:49:42Z
2026-08-03T03:49:03Z,2026-08-03T05:49:03+0200,d815d4ad-795d-45eb-9ad8-9d704f7a3f43,2026-07-25T21:45:00Z,2026-07-25T23:45:00+0200,130.57,EUR/MWh,BE,BE,imbalance_price,Short,2026-08-03T03:49:42Z
2026-08-03T03:49:03Z,2026-08-03T05:49:03+0200,d815d4ad-795d-45eb-9ad8-9d704f7a3f43,2026-07-25T22:00:00Z,2026-07-26T00:00:00+0200,113.2,EUR/MWh,BE,BE,imbalance_price,Long,2026-08-03T03:49:42Z
2026-08-03T03:49:03Z,2026-08-03T05:49:03+0200,d815d4ad-795d-45eb-9ad8-9d704f7a3f43,2026-07-25T22:00:00Z,2026-07-26T00:00:00+0200,113.2,EUR/MWh,BE,BE,imbalance_price,Short,2026-08-03T03:49:42Z
2026-08-03T03:49:03Z,2026-08-03T05:49:03+0200,d815d4ad-795d-45eb-9ad8-9d704f7a3f43,2026-07-25T22:15:00Z,2026-07-26T00:15:00+0200,97.39,EUR/MWh,BE,BE,imbalance_price,Long,2026-08-03T03:49:42Z
2026-08-03T03:49:03Z,2026-08-03T05:49:03+0200,d815d4ad-795d-45eb-9ad8-9d704f7a3f43,2026-07-25T22:15:00Z,2026-07-26T00:15:00+0200,97.39,EUR/MWh,BE,BE,imbalance_price,Short,2026-08-03T03:49:42Z
2026-08-03T03:49:03Z,2026-08-03T05:49:03+0200,d815d4ad-795d-45eb-9ad8-9d704f7a3f43,2026-07-25T22:30:00Z,2026-07-26T00:30:00+0200,87.92,EUR/MWh,BE,BE,imbalance_price,Long,2026-08-03T03:49:42Z
2026-08-03T03:49:03Z,2026-08-03T05:49:03+0200,d815d4ad-795d-45eb-9ad8-9d704f7a3f43,2026-07-25T22:30:00Z,2026-07-26T00:30:00+0200,87.92,EUR/MWh,BE,BE,imbalance_price,Short,2026-08-03T03:49:42Z
2026-08-03T03:49:03Z,2026-08-03T05:49:03+0200,d815d4ad-795d-45eb-9ad8-9d704f7a3f43,2026-07-25T22:45:00Z,2026-07-26T00:45:00+0200,90.61,EUR/MWh,BE,BE,imbalance_price,Long,2026-08-03T03:49:42Z
2026-08-03T03:49:03Z,2026-08-03T05:49:03+0200,d815d4ad-795d-45eb-9ad8-9d704f7a3f43,2026-07-25T22:45:00Z,2026-07-26T00:45:00+0200,90.61,EUR/MWh,BE,BE,imbalance_price,Short,2026-08-03T03:49:42Z
2026-08-03T03:49:03Z,2026-08-03T05:49:03+0200,d815d4ad-795d-45eb-9ad8-9d704f7a3f43,2026-07-25T23:00:00Z,2026-07-26T01:00:00+0200,80.78,EUR/MWh,BE,BE,imbalance_price,Long,2026-08-03T03:49:42Z
2026-08-03T03:49:03Z,2026-08-03T05:49:03+0200,d815d4ad-795d-45eb-9ad8-9d704f7a3f43,2026-07-25T23:00:00Z,2026-07-26T01:00:00+0200,80.78,EUR/MWh,BE,BE,imbalance_price,Short,2026-08-03T03:49:42Z
2026-08-03T03:49:03Z,2026-08-03T05:49:03+0200,d815d4ad-795d-45eb-9ad8-9d704f7a3f43,2026-07-25T23:15:00Z,2026-07-26T01:15:00+0200,16.08,EUR/MWh,BE,BE,imbalance_price,Long,2026-08-03T03:49:42Z
2026-08-03T03:49:03Z,2026-08-03T05:49:03+0200,d815d4ad-795d-45eb-9ad8-9d704f7a3f43,2026-07-25T23:15:00Z,2026-07-26T01:15:00+0200,16.08,EUR/MWh,BE,BE,imbalance_price,Short,2026-08-03T03:49:42Z
2026-08-03T03:49:03Z,2026-08-03T05:49:03+0200,d815d4ad-795d-45eb-9ad8-9d704f7a3f43,2026-07-25T23:30:00Z,2026-07-26T01:30:00+0200,17.9,EUR/MWh,BE,BE,imbalance_price,Long,2026-08-03T03:49:42Z
2026-08-03T03:49:03Z,2026-08-03T05:49:03+0200,d815d4ad-795d-45eb-9ad8-9d704f7a3f43,2026-07-25T23:30:00Z,2026-07-26T01:30:00+0200,17.9,EUR/MWh,BE,BE,imbalance_price,Short,2026-08-03T03:49:42Z
2026-08-03T03:49:03Z,2026-08-03T05:49:03+0200,d815d4ad-795d-45eb-9ad8-9d704f7a3f43,2026-07-25T23:45:00Z,2026-07-26T01:45:00+0200,29.74,EUR/MWh,BE,BE,imbalance_price,Long,2026-08-03T03:49:42Z
2026-08-03T03:49:03Z,2026-08-03T05:49:03+0200,d815d4ad-795d-45eb-9ad8-9d704f7a3f43,2026-07-25T23:45:00Z,2026-07-26T01:45:00+0200,29.74,EUR/MWh,BE,BE,imbalance_price,Short,2026-08-03T03:49:42Z
2026-08-03T03:49:03Z,2026-08-03T05:49:03+0200,d815d4ad-795d-45eb-9ad8-9d704f7a3f43,2026-07-26T00:00:00Z,2026-07-26T02:00:00+0200,87.24,EUR/MWh,BE,BE,imbalance_price,Long,2026-08-03T03:49:42Z
2026-08-03T03:49:03Z,2026-08-03T05:49:03+0200,d815d4ad-795d-45eb-9ad8-9d704f7a3f43,2026-07-26T00:00:00Z,2026-07-26T02:00:00+0200,87.24,EUR/MWh,BE,BE,imbalance_price,Short,2026-08-03T03:49:42Z
2026-08-03T03:49:03Z,2026-08-03T05:49:03+0200,d815d4ad-795d-45eb-9ad8-9d704f7a3f43,2026-07-26T00:15:00Z,2026-07-26T02:15:00+0200,103.67,EUR/MWh,BE,BE,imbalance_price,Long,2026-08-03T03:49:42Z
2026-08-03T03:49:03Z,2026-08-03T05:49:03+0200,d815d4ad-795d-45eb-9ad8-9d704f7a3f43,2026-07-26T00:15:00Z,2026-07-26T02:15:00+0200,103.67,EUR/MWh,BE,BE,imbalance_price,Short,2026-08-03T03:49:42Z
2026-08-03T03:49:03Z,2026-08-03T05:49:03+0200,d815d4ad-795d-45eb-9ad8-9d704f7a3f43,2026-07-26T00:30:00Z,2026-07-26T02:30:00+0200,121.18,EUR/MWh,BE,BE,imbalance_price,Long,2026-08-03T03:49:42Z
2026-08-03T03:49:03Z,2026-08-03T05:49:03+0200,d815d4ad-795d-45eb-9ad8-9d704f7a3f43,2026-07-26T00:30:00Z,2026-07-26T02:30:00+0200,121.18,EUR/MWh,BE,BE,imbalance_price,Short,2026-08-03T03:49:42Z
2026-08-03T03:49:03Z,2026-08-03T05:49:03+0200,d815d4ad-795d-45eb-9ad8-9d704f7a3f43,2026-07-26T00:45:00Z,2026-07-26T02:45:00+0200,135.11,EUR/MWh,BE,BE,imbalance_price,Long,2026-08-03T03:49:42Z
2026-08-03T03:49:03Z,2026-08-03T05:49:03+0200,d815d4ad-795d-45eb-9ad8-9d704f7a3f43,2026-07-26T00:45:00Z,2026-07-26T02:45:00+0200,135.11,EUR/MWh,BE,BE,imbalance_price,Short,2026-08-03T03:49:42Z
2026-08-03T03:49:03Z,2026-08-03T05:49:03+0200,d815d4ad-795d-45eb-9ad8-9d704f7a3f43,2026-07-26T01:00:00Z,2026-07-26T03:00:00+0200,138.02,EUR/MWh,BE,BE,imbalance_price,Long,2026-08-03T03:49:42Z
2026-08-03T03:49:03Z,2026-08-03T05:49:03+0200,d815d4ad-795d-45eb-9ad8-9d704f7a3f43,2026-07-26T01:00:00Z,2026-07-26T03:00:00+0200,138.02,EUR/MWh,BE,BE,imbalance_price,Short,2026-08-03T03:49:42Z
2026-08-03T03:49:03Z,2026-08-03T05:49:03+0200,d815d4ad-795d-45eb-9ad8-9d704f7a3f43,2026-07-26T01:15:00Z,2026-07-26T03:15:00+0200,139.32,EUR/MWh,BE,BE,imbalance_price,Long,2026-08-03T03:49:42Z
2026-08-03T03:49:03Z,2026-08-03T05:49:03+0200,d815d4ad-795d-45eb-9ad8-9d704f7a3f43,2026-07-26T01:15:00Z,2026-07-26T03:15:00+0200,139.32,EUR/MWh,BE,BE,imbalance_price,Short,2026-08-03T03:49:42Z
2026-08-03T03:49:03Z,2026-08-03T05:49:03+0200,d815d4ad-795d-45eb-9ad8-9d704f7a3f43,2026-07-26T01:30:00Z,2026-07-26T03:30:00+0200,141.14,EUR/MWh,BE,BE,imbalance_price,Long,2026-08-03T03:49:42Z
2026-08-03T03:49:03Z,2026-08-03T05:49:03+0200,d815d4ad-795d-45eb-9ad8-9d704f7a3f43,2026-07-26T01:30:00Z,2026-07-26T03:30:00+0200,141.14,EUR/MWh,BE,BE,imbalance_price,Short,2026-08-03T03:49:42Z
2026-08-03T03:49:03Z,2026-08-03T05:49:03+0200,d815d4ad-795d-45eb-9ad8-9d704f7a3f43,2026-07-26T01:45:00Z,2026-07-26T03:45:00+0200,129.43,EUR/MWh,BE,BE,imbalance_price,Long,2026-08-03T03:49:42Z
2026-08-03T03:49:03Z,2026-08-03T05:49:03+0200,d815d4ad-795d-45eb-9ad8-9d704f7a3f43,2026-07-26T01:45:00Z,2026-07-26T03:45:00+0200,129.43,EUR/MWh,BE,BE,imbalance_price,Short,2026-08-03T03:49:42Z
2026-08-03T03:49:03Z,2026-08-03T05:49:03+0200,d815d4ad-795d-45eb-9ad8-9d704f7a3f43,2026-07-26T02:00:00Z,2026-07-26T04:00:00+0200,124.95,EUR/MWh,BE,BE,imbalance_price,Long,2026-08-03T03:49:42Z
2026-08-03T03:49:03Z,2026-08-03T05:49:03+0200,d815d4ad-795d-45eb-9ad8-9d704f7a3f43,2026-07-26T02:00:00Z,2026-07-26T04:00:00+0200,124.95,EUR/MWh,BE,BE,imbalance_price,Short,2026-08-03T03:49:42Z
2026-08-03T03:49:03Z,2026-08-03T05:49:03+0200,d815d4ad-795d-45eb-9ad8-9d704f7a3f43,2026-07-26T02:15:00Z,2026-07-26T04:15:00+0200,115.44,EUR/MWh,BE,BE,imbalance_price,Long,2026-08-03T03:49:42Z
2026-08-03T03:49:03Z,2026-08-03T05:49:03+0200,d815d4ad-795d-45eb-9ad8-9d704f7a3f43,2026-07-26T02:15:00Z,2026-07-26T04:15:00+0200,115.44,EUR/MWh,BE,BE,imbalance_price,Short,2026-08-03T03:49:42Z
2026-08-03T03:49:03Z,2026-08-03T05:49:03+0200,d815d4ad-795d-45eb-9ad8-9d704f7a3f43,2026-07-26T02:30:00Z,2026-07-26T04:30:00+0200,109.96,EUR/MWh,BE,BE,imbalance_price,Long,2026-08-03T03:49:42Z
2026-08-03T03:49:03Z,2026-08-03T05:49:03+0200,d815d4ad-795d-45eb-9ad8-9d704f7a3f43,2026-07-26T02:30:00Z,2026-07-26T04:30:00+0200,109.96,EUR/MWh,BE,BE,imbalance_price,Short,2026-08-03T03:49:42Z
2026-08-03T03:49:03Z,2026-08-03T05:49:03+0200,d815d4ad-795d-45eb-9ad8-9d704f7a3f43,2026-07-26T02:45:00Z,2026-07-26T04:45:00+0200,103.42,EUR/MWh,BE,BE,imbalance_price,Long,2026-08-03T03:49:42Z
2026-08-03T03:49:03Z,2026-08-03T05:49:03+0200,d815d4ad-795d-45eb-9ad8-9d704f7a3f43,2026-07-26T02:45:00Z,2026-07-26T04:45:00+0200,103.42,EUR/MWh,BE,BE,imbalance_price,Short,2026-08-03T03:49:42Z
2026-08-03T03:49:03Z,2026-08-03T05:49:03+0200,d815d4ad-795d-45eb-9ad8-9d704f7a3f43,2026-07-26T03:00:00Z,2026-07-26T05:00:00+0200,99.1,EUR/MWh,BE,BE,imbalance_price,Long,2026-08-03T03:49:42Z
2026-08-03T03:49:03Z,2026-08-03T05:49:03+0200,d815d4ad-795d-45eb-9ad8-9d704f7a3f43,2026-07-26T03:00:00Z,2026-07-26T05:00:00+0200,99.1,EUR/MWh,BE,BE,imbalance_price,Short,2026-08-03T03:49:42Z
2026-08-03T03:49:03Z,2026-08-03T05:49:03+0200,d815d4ad-795d-45eb-9ad8-9d704f7a3f43,2026-07-26T03:15:00Z,2026-07-26T05:15:00+0200,82.03,EUR/MWh,BE,BE,imbalance_price,Long,2026-08-03T03:49:42Z
2026-08-03T03:49:03Z,2026-08-03T05:49:03+0200,d815d4ad-795d-45eb-9ad8-9d704f7a3f43,2026-07-26T03:15:00Z,2026-07-26T05:15:00+0200,82.03,EUR/MWh,BE,BE,imbalance_price,Short,2026-08-03T03:49:42Z
2026-08-03T03:49:03Z,2026-08-03T05:49:03+0200,d815d4ad-795d-45eb-9ad8-9d704f7a3f43,2026-07-26T03:30:00Z,2026-07-26T05:30:00+0200,72.34,EUR/MWh,BE,BE,imbalance_price,Long,2026-08-03T03:49:42Z
2026-08-03T03:49:03Z,2026-08-03T05:49:03+0200,d815d4ad-795d-45eb-9ad8-9d704f7a3f43,2026-07-26T03:30:00Z,2026-07-26T05:30:00+0200,72.34,EUR/MWh,BE,BE,imbalance_price,Short,2026-08-03T03:49:42Z
2026-08-03T03:49:03Z,2026-08-03T05:49:03+0200,d815d4ad-795d-45eb-9ad8-9d704f7a3f43,2026-07-26T03:45:00Z,2026-07-26T05:45:00+0200,63.29,EUR/MWh,BE,BE,imbalance_price,Long,2026-08-03T03:49:42Z
2026-08-03T03:49:03Z,2026-08-03T05:49:03+0200,d815d4ad-795d-45eb-9ad8-9d704f7a3f43,2026-07-26T03:45:00Z,2026-07-26T05:45:00+0200,63.29,EUR/MWh,BE,BE,imbalance_price,Short,2026-08-03T03:49:42Z
2026-08-03T03:49:03Z,2026-08-03T05:49:03+0200,d815d4ad-795d-45eb-9ad8-9d704f7a3f43,2026-07-26T04:00:00Z,2026-07-26T06:00:00+0200,83.91,EUR/MWh,BE,BE,imbalance_price,Long,2026-08-03T03:49:42Z
2026-08-03T03:49:03Z,2026-08-03T05:49:03+0200,d815d4ad-795d-45eb-9ad8-9d704f7a3f43,2026-07-26T04:00:00Z,2026-07-26T06:00:00+0200,83.91,EUR/MWh,BE,BE,imbalance_price,Short,2026-08-03T03:49:42Z
2026-08-03T03:49:03Z,2026-08-03T05:49:03+0200,d815d4ad-795d-45eb-9ad8-9d704f7a3f43,2026-07-26T04:15:00Z,2026-07-26T06:15:00+0200,86.21,EUR/MWh,BE,BE,imbalance_price,Long,2026-08-03T03:49:42Z
2026-08-03T03:49:03Z,2026-08-03T05:49:03+0200,d815d4ad-795d-45eb-9ad8-9d704f7a3f43,2026-07-26T04:15:00Z,2026-07-26T06:15:00+0200,86.21,EUR/MWh,BE,BE,imbalance_price,Short,2026-08-03T03:49:42Z
2026-08-03T03:49:03Z,2026-08-03T05:49:03+0200,d815d4ad-795d-45eb-9ad8-9d704f7a3f43,2026-07-26T04:30:00Z,2026-07-26T06:30:00+0200,80.15,EUR/MWh,BE,BE,imbalance_price,Long,2026-08-03T03:49:42Z
2026-08-03T03:49:03Z,2026-08-03T05:49:03+0200,d815d4ad-795d-45eb-9ad8-9d704f7a3f43,2026-07-26T04:30:00Z,2026-07-26T06:30:00+0200,80.15,EUR/MWh,BE,BE,imbalance_price,Short,2026-08-03T03:49:42Z
2026-08-03T03:49:03Z,2026-08-03T05:49:03+0200,d815d4ad-795d-45eb-9ad8-9d704f7a3f43,2026-07-26T04:45:00Z,2026-07-26T06:45:00+0200,82.21,EUR/MWh,BE,BE,imbalance_price,Long,2026-08-03T03:49:42Z
2026-08-03T03:49:03Z,2026-08-03T05:49:03+0200,d815d4ad-795d-45eb-9ad8-9d704f7a3f43,2026-07-26T04:45:00Z,2026-07-26T06:45:00+0200,82.21,EUR/MWh,BE,BE,imbalance_price,Short,2026-08-03T03:49:42Z
2026-08-03T03:49:03Z,2026-08-03T05:49:03+0200,d815d4ad-795d-45eb-9ad8-9d704f7a3f43,2026-07-26T05:00:00Z,2026-07-26T07:00:00+0200,90.9,EUR/MWh,BE,BE,imbalance_price,Long,2026-08-03T03:49:42Z
2026-08-03T03:49:03Z,2026-08-03T05:49:03+0200,d815d4ad-795d-45eb-9ad8-9d704f7a3f43,2026-07-26T05:00:00Z,2026-07-26T07:00:00+0200,90.9,EUR/MWh,BE,BE,imbalance_price,Short,2026-08-03T03:49:42Z
2026-08-03T03:49:03Z,2026-08-03T05:49:03+0200,d815d4ad-795d-45eb-9ad8-9d704f7a3f43,2026-07-26T05:15:00Z,2026-07-26T07:15:00+0200,58.72,EUR/MWh,BE,BE,imbalance_price,Long,2026-08-03T03:49:42Z
2026-08-03T03:49:03Z,2026-08-03T05:49:03+0200,d815d4ad-795d-45eb-9ad8-9d704f7a3f43,2026-07-26T05:15:00Z,2026-07-26T07:15:00+0200,58.72,EUR/MWh,BE,BE,imbalance_price,Short,2026-08-03T03:49:42Z
2026-08-03T03:49:03Z,2026-08-03T05:49:03+0200,d815d4ad-795d-45eb-9ad8-9d704f7a3f43,2026-07-26T05:30:00Z,2026-07-26T07:30:00+0200,22.13,EUR/MWh,BE,BE,imbalance_price,Long,2026-08-03T03:49:42Z
2026-08-03T03:49:03Z,2026-08-03T05:49:03+0200,d815d4ad-795d-45eb-9ad8-9d704f7a3f43,2026-07-26T05:30:00Z,2026-07-26T07:30:00+0200,22.13,EUR/MWh,BE,BE,imbalance_price,Short,2026-08-03T03:49:42Z
2026-08-03T03:49:03Z,2026-08-03T05:49:03+0200,d815d4ad-795d-45eb-9ad8-9d704f7a3f43,2026-07-26T05:45:00Z,2026-07-26T07:45:00+0200,32.0,EUR/MWh,BE,BE,imbalance_price,Long,2026-08-03T03:49:42Z
2026-08-03T03:49:03Z,2026-08-03T05:49:03+0200,d815d4ad-795d-45eb-9ad8-9d704f7a3f43,2026-07-26T05:45:00Z,2026-07-26T07:45:00+0200,32.0,EUR/MWh,BE,BE,imbalance_price,Short,2026-08-03T03:49:42Z
2026-08-03T03:49:03Z,2026-08-03T05:49:03+0200,d815d4ad-795d-45eb-9ad8-9d704f7a3f43,2026-07-26T06:00:00Z,2026-07-26T08:00:00+0200,11.7,EUR/MWh,BE,BE,imbalance_price,Long,2026-08-03T03:49:42Z
2026-08-03T03:49:03Z,2026-08-03T05:49:03+0200,d815d4ad-795d-45eb-9ad8-9d704f7a3f43,2026-07-26T06:00:00Z,2026-07-26T08:00:00+0200,11.7,EUR/MWh,BE,BE,imbalance_price,Short,2026-08-03T03:49:42Z
2026-08-03T03:49:03Z,2026-08-03T05:49:03+0200,d815d4ad-795d-45eb-9ad8-9d704f7a3f43,2026-07-26T06:15:00Z,2026-07-26T08:15:00+0200,-47.59,EUR/MWh,BE,BE,imbalance_price,Long,2026-08-03T03:49:42Z
2026-08-03T03:49:03Z,2026-08-03T05:49:03+0200,d815d4ad-795d-45eb-9ad8-9d704f7a3f43,2026-07-26T06:15:00Z,2026-07-26T08:15:00+0200,-47.59,EUR/MWh,BE,BE,imbalance_price,Short,2026-08-03T03:49:42Z
2026-08-03T03:49:03Z,2026-08-03T05:49:03+0200,d815d4ad-795d-45eb-9ad8-9d704f7a3f43,2026-07-26T06:30:00Z,2026-07-26T08:30:00+0200,-55.42,EUR/MWh,BE,BE,imbalance_price,Long,2026-08-03T03:49:42Z
2026-08-03T03:49:03Z,2026-08-03T05:49:03+0200,d815d4ad-795d-45eb-9ad8-9d704f7a3f43,2026-07-26T06:30:00Z,2026-07-26T08:30:00+0200,-55.42,EUR/MWh,BE,BE,imbalance_price,Short,2026-08-03T03:49:42Z
2026-08-03T03:49:03Z,2026-08-03T05:49:03+0200,d815d4ad-795d-45eb-9ad8-9d704f7a3f43,2026-07-26T06:45:00Z,2026-07-26T08:45:00+0200,-20.08,EUR/MWh,BE,BE,imbalance_price,Long,2026-08-03T03:49:42Z
2026-08-03T03:49:03Z,2026-08-03T05:49:03+0200,d815d4ad-795d-45eb-9ad8-9d704f7a3f43,2026-07-26T06:45:00Z,2026-07-26T08:45:00+0200,-20.08,EUR/MWh,BE,BE,imbalance_price,Short,2026-08-03T03:49:42Z
2026-08-03T03:49:03Z,2026-08-03T05:49:03+0200,d815d4ad-795d-45eb-9ad8-9d704f7a3f43,2026-07-26T07:00:00Z,2026-07-26T09:00:00+0200,-23.92,EUR/MWh,BE,BE,imbalance_price,Long,2026-08-03T03:49:42Z
2026-08-03T03:49:03Z,2026-08-03T05:49:03+0200,d815d4ad-795d-45eb-9ad8-9d704f7a3f43,2026-07-26T07:00:00Z,2026-07-26T09:00:00+0200,-23.92,EUR/MWh,BE,BE,imbalance_price,Short,2026-08-03T03:49:42Z
2026-08-03T03:49:03Z,2026-08-03T05:49:03+0200,d815d4ad-795d-45eb-9ad8-9d704f7a3f43,2026-07-26T07:15:00Z,2026-07-26T09:15:00+0200,-17.31,EUR/MWh,BE,BE,imbalance_price,Long,2026-08-03T03:49:42Z
2026-08-03T03:49:03Z,2026-08-03T05:49:03+0200,d815d4ad-795d-45eb-9ad8-9d704f7a3f43,2026-07-26T07:15:00Z,2026-07-26T09:15:00+0200,-17.31,EUR/MWh,BE,BE,imbalance_price,Short,2026-08-03T03:49:42Z
2026-08-03T03:49:03Z,2026-08-03T05:49:03+0200,d815d4ad-795d-45eb-9ad8-9d704f7a3f43,2026-07-26T07:30:00Z,2026-07-26T09:30:00+0200,6.81,EUR/MWh,BE,BE,imbalance_price,Long,2026-08-03T03:49:42Z
2026-08-03T03:49:03Z,2026-08-03T05:49:03+0200,d815d4ad-795d-45eb-9ad8-9d704f7a3f43,2026-07-26T07:30:00Z,2026-07-26T09:30:00+0200,6.81,EUR/MWh,BE,BE,imbalance_price,Short,2026-08-03T03:49:42Z
2026-08-03T03:49:03Z,2026-08-03T05:49:03+0200,d815d4ad-795d-45eb-9ad8-9d704f7a3f43,2026-07-26T07:45:00Z,2026-07-26T09:45:00+0200,-7.11,EUR/MWh,BE,BE,imbalance_price,Long,2026-08-03T03:49:42Z
2026-08-03T03:49:03Z,2026-08-03T05:49:03+0200,d815d4ad-795d-45eb-9ad8-9d704f7a3f43,2026-07-26T07:45:00Z,2026-07-26T09:45:00+0200,-7.11,EUR/MWh,BE,BE,imbalance_price,Short,2026-08-03T03:49:42Z
2026-08-03T03:49:03Z,2026-08-03T05:49:03+0200,d815d4ad-795d-45eb-9ad8-9d704f7a3f43,2026-07-26T08:00:00Z,2026-07-26T10:00:00+0200,-2.64,EUR/MWh,BE,BE,imbalance_price,Long,2026-08-03T03:49:42Z
2026-08-03T03:49:03Z,2026-08-03T05:49:03+0200,d815d4ad-795d-45eb-9ad8-9d704f7a3f43,2026-07-26T08:00:00Z,2026-07-26T10:00:00+0200,-2.64,EUR/MWh,BE,BE,imbalance_price,Short,2026-08-03T03:49:42Z
2026-08-03T03:49:03Z,2026-08-03T05:49:03+0200,d815d4ad-795d-45eb-9ad8-9d704f7a3f43,2026-07-26T08:15:00Z,2026-07-26T10:15:00+0200,-6.33,EUR/MWh,BE,BE,imbalance_price,Long,2026-08-03T03:49:42Z
2026-08-03T03:49:03Z,2026-08-03T05:49:03+0200,d815d4ad-795d-45eb-9ad8-9d704f7a3f43,2026-07-26T08:15:00Z,2026-07-26T10:15:00+0200,-6.33,EUR/MWh,BE,BE,imbalance_price,Short,2026-08-03T03:49:42Z
2026-08-03T03:49:03Z,2026-08-03T05:49:03+0200,d815d4ad-795d-45eb-9ad8-9d704f7a3f43,2026-07-26T08:30:00Z,2026-07-26T10:30:00+0200,-7.64,EUR/MWh,BE,BE,imbalance_price,Long,2026-08-03T03:49:42Z
2026-08-03T03:49:03Z,2026-08-03T05:49:03+0200,d815d4ad-795d-45eb-9ad8-9d704f7a3f43,2026-07-26T08:30:00Z,2026-07-26T10:30:00+0200,-7.64,EUR/MWh,BE,BE,imbalance_price,Short,2026-08-03T03:49:42Z
2026-08-03T03:49:03Z,2026-08-03T05:49:03+0200,d815d4ad-795d-45eb-9ad8-9d704f7a3f43,2026-07-26T08:45:00Z,2026-07-26T10:45:00+0200,-1.0,EUR/MWh,BE,BE,imbalance_price,Long,2026-08-03T03:49:42Z
2026-08-03T03:49:03Z,2026-08-03T05:49:03+0200,d815d4ad-795d-45eb-9ad8-9d704f7a3f43,2026-07-26T08:45:00Z,2026-07-26T10:45:00+0200,-1.0,EUR/MWh,BE,BE,imbalance_price,Short,2026-08-03T03:49:42Z
2026-08-03T03:49:03Z,2026-08-03T05:49:03+0200,d815d4ad-795d-45eb-9ad8-9d704f7a3f43,2026-07-26T09:00:00Z,2026-07-26T11:00:00+0200,-1.0,EUR/MWh,BE,BE,imbalance_price,Long,2026-08-03T03:49:42Z
2026-08-03T03:49:03Z,2026-08-03T05:49:03+0200,d815d4ad-795d-45eb-9ad8-9d704f7a3f43,2026-07-26T09:00:00Z,2026-07-26T11:00:00+0200,-1.0,EUR/MWh,BE,BE,imbalance_price,Short,2026-08-03T03:49:42Z
2026-08-03T03:49:03Z,2026-08-03T05:49:03+0200,d815d4ad-795d-45eb-9ad8-9d704f7a3f43,2026-07-26T09:15:00Z,2026-07-26T11:15:00+0200,13.83,EUR/MWh,BE,BE,imbalance_price,Long,2026-08-03T03:49:42Z
2026-08-03T03:49:03Z,2026-08-03T05:49:03+0200,d815d4ad-795d-45eb-9ad8-9d704f7a3f43,2026-07-26T09:15:00Z,2026-07-26T11:15:00+0200,13.83,EUR/MWh,BE,BE,imbalance_price,Short,2026-08-03T03:49:42Z
2026-08-03T03:49:03Z,2026-08-03T05:49:03+0200,d815d4ad-795d-45eb-9ad8-9d704f7a3f43,2026-07-26T09:30:00Z,2026-07-26T11:30:00+0200,32.98,EUR/MWh,BE,BE,imbalance_price,Long,2026-08-03T03:49:42Z
2026-08-03T03:49:03Z,2026-08-03T05:49:03+0200,d815d4ad-795d-45eb-9ad8-9d704f7a3f43,2026-07-26T09:30:00Z,2026-07-26T11:30:00+0200,32.98,EUR/MWh,BE,BE,imbalance_price,Short,2026-08-03T03:49:42Z
2026-08-03T03:49:03Z,2026-08-03T05:49:03+0200,d815d4ad-795d-45eb-9ad8-9d704f7a3f43,2026-07-26T09:45:00Z,2026-07-26T11:45:00+0200,43.69,EUR/MWh,BE,BE,imbalance_price,Long,2026-08-03T03:49:42Z
2026-08-03T03:49:03Z,2026-08-03T05:49:03+0200,d815d4ad-795d-45eb-9ad8-9d704f7a3f43,2026-07-26T09:45:00Z,2026-07-26T11:45:00+0200,43.69,EUR/MWh,BE,BE,imbalance_price,Short,2026-08-03T03:49:42Z
2026-08-03T03:49:03Z,2026-08-03T05:49:03+0200,d815d4ad-795d-45eb-9ad8-9d704f7a3f43,2026-07-26T10:00:00Z,2026-07-26T12:00:00+0200,200.0,EUR/MWh,BE,BE,imbalance_price,Long,2026-08-03T03:49:42Z
2026-08-03T03:49:03Z,2026-08-03T05:49:03+0200,d815d4ad-795d-45eb-9ad8-9d704f7a3f43,2026-07-26T10:00:00Z,2026-07-26T12:00:00+0200,200.0,EUR/MWh,BE,BE,imbalance_price,Short,2026-08-03T03:49:42Z
2026-08-03T03:49:03Z,2026-08-03T05:49:03+0200,d815d4ad-795d-45eb-9ad8-9d704f7a3f43,2026-07-26T10:15:00Z,2026-07-26T12:15:00+0200,84.58,EUR/MWh,BE,BE,imbalance_price,Long,2026-08-03T03:49:42Z
2026-08-03T03:49:03Z,2026-08-03T05:49:03+0200,d815d4ad-795d-45eb-9ad8-9d704f7a3f43,2026-07-26T10:15:00Z,2026-07-26T12:15:00+0200,84.58,EUR/MWh,BE,BE,imbalance_price,Short,2026-08-03T03:49:42Z
2026-08-03T03:49:03Z,2026-08-03T05:49:03+0200,d815d4ad-795d-45eb-9ad8-9d704f7a3f43,2026-07-26T10:30:00Z,2026-07-26T12:30:00+0200,50.78,EUR/MWh,BE,BE,imbalance_price,Long,2026-08-03T03:49:42Z
2026-08-03T03:49:03Z,2026-08-03T05:49:03+0200,d815d4ad-795d-45eb-9ad8-9d704f7a3f43,2026-07-26T10:30:00Z,2026-07-26T12:30:00+0200,50.78,EUR/MWh,BE,BE,imbalance_price,Short,2026-08-03T03:49:42Z
2026-08-03T03:49:03Z,2026-08-03T05:49:03+0200,d815d4ad-795d-45eb-9ad8-9d704f7a3f43,2026-07-26T10:45:00Z,2026-07-26T12:45:00+0200,10.34,EUR/MWh,BE,BE,imbalance_price,Long,2026-08-03T03:49:42Z
2026-08-03T03:49:03Z,2026-08-03T05:49:03+0200,d815d4ad-795d-45eb-9ad8-9d704f7a3f43,2026-07-26T10:45:00Z,2026-07-26T12:45:00+0200,10.34,EUR/MWh,BE,BE,imbalance_price,Short,2026-08-03T03:49:42Z
2026-08-03T03:49:03Z,2026-08-03T05:49:03+0200,d815d4ad-795d-45eb-9ad8-9d704f7a3f43,2026-07-26T11:00:00Z,2026-07-26T13:00:00+0200,-1.0,EUR/MWh,BE,BE,imbalance_price,Long,2026-08-03T03:49:42Z
2026-08-03T03:49:03Z,2026-08-03T05:49:03+0200,d815d4ad-795d-45eb-9ad8-9d704f7a3f43,2026-07-26T11:00:00Z,2026-07-26T13:00:00+0200,-1.0,EUR/MWh,BE,BE,imbalance_price,Short,2026-08-03T03:49:42Z
2026-08-03T03:49:03Z,2026-08-03T05:49:03+0200,d815d4ad-795d-45eb-9ad8-9d704f7a3f43,2026-07-26T11:15:00Z,2026-07-26T13:15:00+0200,8.0,EUR/MWh,BE,BE,imbalance_price,Long,2026-08-03T03:49:42Z
2026-08-03T03:49:03Z,2026-08-03T05:49:03+0200,d815d4ad-795d-45eb-9ad8-9d704f7a3f43,2026-07-26T11:15:00Z,2026-07-26T13:15:00+0200,8.0,EUR/MWh,BE,BE,imbalance_price,Short,2026-08-03T03:49:42Z
2026-08-03T03:49:03Z,2026-08-03T05:49:03+0200,d815d4ad-795d-45eb-9ad8-9d704f7a3f43,2026-07-26T11:30:00Z,2026-07-26T13:30:00+0200,7.5,EUR/MWh,BE,BE,imbalance_price,Long,2026-08-03T03:49:42Z
2026-08-03T03:49:03Z,2026-08-03T05:49:03+0200,d815d4ad-795d-45eb-9ad8-9d704f7a3f43,2026-07-26T11:30:00Z,2026-07-26T13:30:00+0200,7.5,EUR/MWh,BE,BE,imbalance_price,Short,2026-08-03T03:49:42Z
2026-08-03T03:49:03Z,2026-08-03T05:49:03+0200,d815d4ad-795d-45eb-9ad8-9d704f7a3f43,2026-07-26T11:45:00Z,2026-07-26T13:45:00+0200,-1.0,EUR/MWh,BE,BE,imbalance_price,Long,2026-08-03T03:49:42Z
2026-08-03T03:49:03Z,2026-08-03T05:49:03+0200,d815d4ad-795d-45eb-9ad8-9d704f7a3f43,2026-07-26T11:45:00Z,2026-07-26T13:45:00+0200,-1.0,EUR/MWh,BE,BE,imbalance_price,Short,2026-08-03T03:49:42Z
2026-08-03T03:49:03Z,2026-08-03T05:49:03+0200,d815d4ad-795d-45eb-9ad8-9d704f7a3f43,2026-07-26T12:00:00Z,2026-07-26T14:00:00+0200,8.0,EUR/MWh,BE,BE,imbalance_price,Long,2026-08-03T03:49:42Z
2026-08-03T03:49:03Z,2026-08-03T05:49:03+0200,d815d4ad-795d-45eb-9ad8-9d704f7a3f43,2026-07-26T12:00:00Z,2026-07-26T14:00:00+0200,8.0,EUR/MWh,BE,BE,imbalance_price,Short,2026-08-03T03:49:42Z
2026-08-03T03:49:03Z,2026-08-03T05:49:03+0200,d815d4ad-795d-45eb-9ad8-9d704f7a3f43,2026-07-26T12:15:00Z,2026-07-26T14:15:00+0200,31.78,EUR/MWh,BE,BE,imbalance_price,Long,2026-08-03T03:49:42Z
2026-08-03T03:49:03Z,2026-08-03T05:49:03+0200,d815d4ad-795d-45eb-9ad8-9d704f7a3f43,2026-07-26T12:15:00Z,2026-07-26T14:15:00+0200,31.78,EUR/MWh,BE,BE,imbalance_price,Short,2026-08-03T03:49:42Z
2026-08-03T03:49:03Z,2026-08-03T05:49:03+0200,d815d4ad-795d-45eb-9ad8-9d704f7a3f43,2026-07-26T12:30:00Z,2026-07-26T14:30:00+0200,16.3,EUR/MWh,BE,BE,imbalance_price,Long,2026-08-03T03:49:42Z
2026-08-03T03:49:03Z,2026-08-03T05:49:03+0200,d815d4ad-795d-45eb-9ad8-9d704f7a3f43,2026-07-26T12:30:00Z,2026-07-26T14:30:00+0200,16.3,EUR/MWh,BE,BE,imbalance_price,Short,2026-08-03T03:49:42Z
2026-08-03T03:49:03Z,2026-08-03T05:49:03+0200,d815d4ad-795d-45eb-9ad8-9d704f7a3f43,2026-07-26T12:45:00Z,2026-07-26T14:45:00+0200,8.0,EUR/MWh,BE,BE,imbalance_price,Long,2026-08-03T03:49:42Z
2026-08-03T03:49:03Z,2026-08-03T05:49:03+0200,d815d4ad-795d-45eb-9ad8-9d704f7a3f43,2026-07-26T12:45:00Z,2026-07-26T14:45:00+0200,8.0,EUR/MWh,BE,BE,imbalance_price,Short,2026-08-03T03:49:42Z
2026-08-03T03:49:03Z,2026-08-03T05:49:03+0200,d815d4ad-795d-45eb-9ad8-9d704f7a3f43,2026-07-26T13:00:00Z,2026-07-26T15:00:00+0200,8.0,EUR/MWh,BE,BE,imbalance_price,Long,2026-08-03T03:49:42Z
2026-08-03T03:49:03Z,2026-08-03T05:49:03+0200,d815d4ad-795d-45eb-9ad8-9d704f7a3f43,2026-07-26T13:00:00Z,2026-07-26T15:00:00+0200,8.0,EUR/MWh,BE,BE,imbalance_price,Short,2026-08-03T03:49:42Z
2026-08-03T03:49:03Z,2026-08-03T05:49:03+0200,d815d4ad-795d-45eb-9ad8-9d704f7a3f43,2026-07-26T13:15:00Z,2026-07-26T15:15:00+0200,-1.0,EUR/MWh,BE,BE,imbalance_price,Long,2026-08-03T03:49:42Z
2026-08-03T03:49:03Z,2026-08-03T05:49:03+0200,d815d4ad-795d-45eb-9ad8-9d704f7a3f43,2026-07-26T13:15:00Z,2026-07-26T15:15:00+0200,-1.0,EUR/MWh,BE,BE,imbalance_price,Short,2026-08-03T03:49:42Z
2026-08-03T03:49:03Z,2026-08-03T05:49:03+0200,d815d4ad-795d-45eb-9ad8-9d704f7a3f43,2026-07-26T13:30:00Z,2026-07-26T15:30:00+0200,-3.45,EUR/MWh,BE,BE,imbalance_price,Long,2026-08-03T03:49:42Z
2026-08-03T03:49:03Z,2026-08-03T05:49:03+0200,d815d4ad-795d-45eb-9ad8-9d704f7a3f43,2026-07-26T13:30:00Z,2026-07-26T15:30:00+0200,-3.45,EUR/MWh,BE,BE,imbalance_price,Short,2026-08-03T03:49:42Z
2026-08-03T03:49:03Z,2026-08-03T05:49:03+0200,d815d4ad-795d-45eb-9ad8-9d704f7a3f43,2026-07-26T13:45:00Z,2026-07-26T15:45:00+0200,-20.61,EUR/MWh,BE,BE,imbalance_price,Long,2026-08-03T03:49:42Z
2026-08-03T03:49:03Z,2026-08-03T05:49:03+0200,d815d4ad-795d-45eb-9ad8-9d704f7a3f43,2026-07-26T13:45:00Z,2026-07-26T15:45:00+0200,-20.61,EUR/MWh,BE,BE,imbalance_price,Short,2026-08-03T03:49:42Z
2026-08-03T03:49:03Z,2026-08-03T05:49:03+0200,d815d4ad-795d-45eb-9ad8-9d704f7a3f43,2026-07-26T14:00:00Z,2026-07-26T16:00:00+0200,-47.21,EUR/MWh,BE,BE,imbalance_price,Long,2026-08-03T03:49:42Z
2026-08-03T03:49:03Z,2026-08-03T05:49:03+0200,d815d4ad-795d-45eb-9ad8-9d704f7a3f43,2026-07-26T14:00:00Z,2026-07-26T16:00:00+0200,-47.21,EUR/MWh,BE,BE,imbalance_price,Short,2026-08-03T03:49:42Z
2026-08-03T03:49:03Z,2026-08-03T05:49:03+0200,d815d4ad-795d-45eb-9ad8-9d704f7a3f43,2026-07-26T14:15:00Z,2026-07-26T16:15:00+0200,-30.17,EUR/MWh,BE,BE,imbalance_price,Long,2026-08-03T03:49:42Z
2026-08-03T03:49:03Z,2026-08-03T05:49:03+0200,d815d4ad-795d-45eb-9ad8-9d704f7a3f43,2026-07-26T14:15:00Z,2026-07-26T16:15:00+0200,-30.17,EUR/MWh,BE,BE,imbalance_price,Short,2026-08-03T03:49:42Z
2026-08-03T03:49:03Z,2026-08-03T05:49:03+0200,d815d4ad-795d-45eb-9ad8-9d704f7a3f43,2026-07-26T14:30:00Z,2026-07-26T16:30:00+0200,-44.98,EUR/MWh,BE,BE,imbalance_price,Long,2026-08-03T03:49:42Z
2026-08-03T03:49:03Z,2026-08-03T05:49:03+0200,d815d4ad-795d-45eb-9ad8-9d704f7a3f43,2026-07-26T14:30:00Z,2026-07-26T16:30:00+0200,-44.98,EUR/MWh,BE,BE,imbalance_price,Short,2026-08-03T03:49:42Z
2026-08-03T03:49:03Z,2026-08-03T05:49:03+0200,d815d4ad-795d-45eb-9ad8-9d704f7a3f43,2026-07-26T14:45:00Z,2026-07-26T16:45:00+0200,-56.76,EUR/MWh,BE,BE,imbalance_price,Long,2026-08-03T03:49:42Z
2026-08-03T03:49:03Z,2026-08-03T05:49:03+0200,d815d4ad-795d-45eb-9ad8-9d704f7a3f43,2026-07-26T14:45:00Z,2026-07-26T16:45:00+0200,-56.76,EUR/MWh,BE,BE,imbalance_price,Short,2026-08-03T03:49:42Z
2026-08-03T03:49:03Z,2026-08-03T05:49:03+0200,d815d4ad-795d-45eb-9ad8-9d704f7a3f43,2026-07-26T15:00:00Z,2026-07-26T17:00:00+0200,-22.42,EUR/MWh,BE,BE,imbalance_price,Long,2026-08-03T03:49:42Z
2026-08-03T03:49:03Z,2026-08-03T05:49:03+0200,d815d4ad-795d-45eb-9ad8-9d704f7a3f43,2026-07-26T15:00:00Z,2026-07-26T17:00:00+0200,-22.42,EUR/MWh,BE,BE,imbalance_price,Short,2026-08-03T03:49:42Z
2026-08-03T03:49:03Z,2026-08-03T05:49:03+0200,d815d4ad-795d-45eb-9ad8-9d704f7a3f43,2026-07-26T15:15:00Z,2026-07-26T17:15:00+0200,-17.87,EUR/MWh,BE,BE,imbalance_price,Long,2026-08-03T03:49:42Z
2026-08-03T03:49:03Z,2026-08-03T05:49:03+0200,d815d4ad-795d-45eb-9ad8-9d704f7a3f43,2026-07-26T15:15:00Z,2026-07-26T17:15:00+0200,-17.87,EUR/MWh,BE,BE,imbalance_price,Short,2026-08-03T03:49:42Z
2026-08-03T03:49:03Z,2026-08-03T05:49:03+0200,d815d4ad-795d-45eb-9ad8-9d704f7a3f43,2026-07-26T15:30:00Z,2026-07-26T17:30:00+0200,-4.85,EUR/MWh,BE,BE,imbalance_price,Long,2026-08-03T03:49:42Z
2026-08-03T03:49:03Z,2026-08-03T05:49:03+0200,d815d4ad-795d-45eb-9ad8-9d704f7a3f43,2026-07-26T15:30:00Z,2026-07-26T17:30:00+0200,-4.85,EUR/MWh,BE,BE,imbalance_price,Short,2026-08-03T03:49:42Z
2026-08-03T03:49:03Z,2026-08-03T05:49:03+0200,d815d4ad-795d-45eb-9ad8-9d704f7a3f43,2026-07-26T15:45:00Z,2026-07-26T17:45:00+0200,-43.64,EUR/MWh,BE,BE,imbalance_price,Long,2026-08-03T03:49:42Z
2026-08-03T03:49:03Z,2026-08-03T05:49:03+0200,d815d4ad-795d-45eb-9ad8-9d704f7a3f43,2026-07-26T15:45:00Z,2026-07-26T17:45:00+0200,-43.64,EUR/MWh,BE,BE,imbalance_price,Short,2026-08-03T03:49:42Z
2026-08-03T03:49:03Z,2026-08-03T05:49:03+0200,d815d4ad-795d-45eb-9ad8-9d704f7a3f43,2026-07-26T16:00:00Z,2026-07-26T18:00:00+0200,17.1,EUR/MWh,BE,BE,imbalance_price,Long,2026-08-03T03:49:42Z
2026-08-03T03:49:03Z,2026-08-03T05:49:03+0200,d815d4ad-795d-45eb-9ad8-9d704f7a3f43,2026-07-26T16:00:00Z,2026-07-26T18:00:00+0200,17.1,EUR/MWh,BE,BE,imbalance_price,Short,2026-08-03T03:49:42Z
2026-08-03T03:49:03Z,2026-08-03T05:49:03+0200,d815d4ad-795d-45eb-9ad8-9d704f7a3f43,2026-07-26T16:15:00Z,2026-07-26T18:15:00+0200,-8.1,EUR/MWh,BE,BE,imbalance_price,Long,2026-08-03T03:49:42Z
2026-08-03T03:49:03Z,2026-08-03T05:49:03+0200,d815d4ad-795d-45eb-9ad8-9d704f7a3f43,2026-07-26T16:15:00Z,2026-07-26T18:15:00+0200,-8.1,EUR/MWh,BE,BE,imbalance_price,Short,2026-08-03T03:49:42Z
2026-08-03T03:49:03Z,2026-08-03T05:49:03+0200,d815d4ad-795d-45eb-9ad8-9d704f7a3f43,2026-07-26T16:30:00Z,2026-07-26T18:30:00+0200,38.52,EUR/MWh,BE,BE,imbalance_price,Long,2026-08-03T03:49:42Z
2026-08-03T03:49:03Z,2026-08-03T05:49:03+0200,d815d4ad-795d-45eb-9ad8-9d704f7a3f43,2026-07-26T16:30:00Z,2026-07-26T18:30:00+0200,38.52,EUR/MWh,BE,BE,imbalance_price,Short,2026-08-03T03:49:42Z
2026-08-03T03:49:03Z,2026-08-03T05:49:03+0200,d815d4ad-795d-45eb-9ad8-9d704f7a3f43,2026-07-26T16:45:00Z,2026-07-26T18:45:00+0200,84.17,EUR/MWh,BE,BE,imbalance_price,Long,2026-08-03T03:49:42Z
2026-08-03T03:49:03Z,2026-08-03T05:49:03+0200,d815d4ad-795d-45eb-9ad8-9d704f7a3f43,2026-07-26T16:45:00Z,2026-07-26T18:45:00+0200,84.17,EUR/MWh,BE,BE,imbalance_price,Short,2026-08-03T03:49:42Z
2026-08-03T03:49:03Z,2026-08-03T05:49:03+0200,d815d4ad-795d-45eb-9ad8-9d704f7a3f43,2026-07-26T17:00:00Z,2026-07-26T19:00:00+0200,106.0,EUR/MWh,BE,BE,imbalance_price,Long,2026-08-03T03:49:42Z
2026-08-03T03:49:03Z,2026-08-03T05:49:03+0200,d815d4ad-795d-45eb-9ad8-9d704f7a3f43,2026-07-26T17:00:00Z,2026-07-26T19:00:00+0200,106.0,EUR/MWh,BE,BE,imbalance_price,Short,2026-08-03T03:49:42Z
2026-08-03T03:49:03Z,2026-08-03T05:49:03+0200,d815d4ad-795d-45eb-9ad8-9d704f7a3f43,2026-07-26T17:15:00Z,2026-07-26T19:15:00+0200,90.54,EUR/MWh,BE,BE,imbalance_price,Long,2026-08-03T03:49:42Z
2026-08-03T03:49:03Z,2026-08-03T05:49:03+0200,d815d4ad-795d-45eb-9ad8-9d704f7a3f43,2026-07-26T17:15:00Z,2026-07-26T19:15:00+0200,90.54,EUR/MWh,BE,BE,imbalance_price,Short,2026-08-03T03:49:42Z
2026-08-03T03:49:03Z,2026-08-03T05:49:03+0200,d815d4ad-795d-45eb-9ad8-9d704f7a3f43,2026-07-26T17:30:00Z,2026-07-26T19:30:00+0200,115.49,EUR/MWh,BE,BE,imbalance_price,Long,2026-08-03T03:49:42Z
2026-08-03T03:49:03Z,2026-08-03T05:49:03+0200,d815d4ad-795d-45eb-9ad8-9d704f7a3f43,2026-07-26T17:30:00Z,2026-07-26T19:30:00+0200,115.49,EUR/MWh,BE,BE,imbalance_price,Short,2026-08-03T03:49:42Z
2026-08-03T03:49:03Z,2026-08-03T05:49:03+0200,d815d4ad-795d-45eb-9ad8-9d704f7a3f43,2026-07-26T17:45:00Z,2026-07-26T19:45:00+0200,122.89,EUR/MWh,BE,BE,imbalance_price,Long,2026-08-03T03:49:42Z
2026-08-03T03:49:03Z,2026-08-03T05:49:03+0200,d815d4ad-795d-45eb-9ad8-9d704f7a3f43,2026-07-26T17:45:00Z,2026-07-26T19:45:00+0200,122.89,EUR/MWh,BE,BE,imbalance_price,Short,2026-08-03T03:49:42Z
2026-08-03T03:49:03Z,2026-08-03T05:49:03+0200,d815d4ad-795d-45eb-9ad8-9d704f7a3f43,2026-07-26T18:00:00Z,2026-07-26T20:00:00+0200,101.61,EUR/MWh,BE,BE,imbalance_price,Long,2026-08-03T03:49:42Z
2026-08-03T03:49:03Z,2026-08-03T05:49:03+0200,d815d4ad-795d-45eb-9ad8-9d704f7a3f43,2026-07-26T18:00:00Z,2026-07-26T20:00:00+0200,101.61,EUR/MWh,BE,BE,imbalance_price,Short,2026-08-03T03:49:42Z
2026-08-03T03:49:03Z,2026-08-03T05:49:03+0200,d815d4ad-795d-45eb-9ad8-9d704f7a3f43,2026-07-26T18:15:00Z,2026-07-26T20:15:00+0200,110.56,EUR/MWh,BE,BE,imbalance_price,Long,2026-08-03T03:49:42Z
2026-08-03T03:49:03Z,2026-08-03T05:49:03+0200,d815d4ad-795d-45eb-9ad8-9d704f7a3f43,2026-07-26T18:15:00Z,2026-07-26T20:15:00+0200,110.56,EUR/MWh,BE,BE,imbalance_price,Short,2026-08-03T03:49:42Z
2026-08-03T03:49:03Z,2026-08-03T05:49:03+0200,d815d4ad-795d-45eb-9ad8-9d704f7a3f43,2026-07-26T18:30:00Z,2026-07-26T20:30:00+0200,121.1,EUR/MWh,BE,BE,imbalance_price,Long,2026-08-03T03:49:42Z
2026-08-03T03:49:03Z,2026-08-03T05:49:03+0200,d815d4ad-795d-45eb-9ad8-9d704f7a3f43,2026-07-26T18:30:00Z,2026-07-26T20:30:00+0200,121.1,EUR/MWh,BE,BE,imbalance_price,Short,2026-08-03T03:49:42Z
2026-08-03T03:49:03Z,2026-08-03T05:49:03+0200,d815d4ad-795d-45eb-9ad8-9d704f7a3f43,2026-07-26T18:45:00Z,2026-07-26T20:45:00+0200,113.07,EUR/MWh,BE,BE,imbalance_price,Long,2026-08-03T03:49:42Z
2026-08-03T03:49:03Z,2026-08-03T05:49:03+0200,d815d4ad-795d-45eb-9ad8-9d704f7a3f43,2026-07-26T18:45:00Z,2026-07-26T20:45:00+0200,113.07,EUR/MWh,BE,BE,imbalance_price,Short,2026-08-03T03:49:42Z
2026-08-03T03:49:03Z,2026-08-03T05:49:03+0200,d815d4ad-795d-45eb-9ad8-9d704f7a3f43,2026-07-26T19:00:00Z,2026-07-26T21:00:00+0200,72.72,EUR/MWh,BE,BE,imbalance_price,Long,2026-08-03T03:49:42Z
2026-08-03T03:49:03Z,2026-08-03T05:49:03+0200,d815d4ad-795d-45eb-9ad8-9d704f7a3f43,2026-07-26T19:00:00Z,2026-07-26T21:00:00+0200,72.72,EUR/MWh,BE,BE,imbalance_price,Short,2026-08-03T03:49:42Z
2026-08-03T03:49:03Z,2026-08-03T05:49:03+0200,d815d4ad-795d-45eb-9ad8-9d704f7a3f43,2026-07-26T19:15:00Z,2026-07-26T21:15:00+0200,102.24,EUR/MWh,BE,BE,imbalance_price,Long,2026-08-03T03:49:42Z
2026-08-03T03:49:03Z,2026-08-03T05:49:03+0200,d815d4ad-795d-45eb-9ad8-9d704f7a3f43,2026-07-26T19:15:00Z,2026-07-26T21:15:00+0200,102.24,EUR/MWh,BE,BE,imbalance_price,Short,2026-08-03T03:49:42Z
2026-08-03T03:49:03Z,2026-08-03T05:49:03+0200,d815d4ad-795d-45eb-9ad8-9d704f7a3f43,2026-07-26T19:30:00Z,2026-07-26T21:30:00+0200,64.76,EUR/MWh,BE,BE,imbalance_price,Long,2026-08-03T03:49:42Z
2026-08-03T03:49:03Z,2026-08-03T05:49:03+0200,d815d4ad-795d-45eb-9ad8-9d704f7a3f43,2026-07-26T19:30:00Z,2026-07-26T21:30:00+0200,64.76,EUR/MWh,BE,BE,imbalance_price,Short,2026-08-03T03:49:42Z
2026-08-03T03:49:03Z,2026-08-03T05:49:03+0200,d815d4ad-795d-45eb-9ad8-9d704f7a3f43,2026-07-26T19:45:00Z,2026-07-26T21:45:00+0200,45.06,EUR/MWh,BE,BE,imbalance_price,Long,2026-08-03T03:49:42Z
2026-08-03T03:49:03Z,2026-08-03T05:49:03+0200,d815d4ad-795d-45eb-9ad8-9d704f7a3f43,2026-07-26T19:45:00Z,2026-07-26T21:45:00+0200,45.06,EUR/MWh,BE,BE,imbalance_price,Short,2026-08-03T03:49:42Z
2026-08-03T03:49:03Z,2026-08-03T05:49:03+0200,d815d4ad-795d-45eb-9ad8-9d704f7a3f43,2026-07-26T20:00:00Z,2026-07-26T22:00:00+0200,80.39,EUR/MWh,BE,BE,imbalance_price,Long,2026-08-03T03:49:42Z
2026-08-03T03:49:03Z,2026-08-03T05:49:03+0200,d815d4ad-795d-45eb-9ad8-9d704f7a3f43,2026-07-26T20:00:00Z,2026-07-26T22:00:00+0200,80.39,EUR/MWh,BE,BE,imbalance_price,Short,2026-08-03T03:49:42Z
2026-08-03T03:49:03Z,2026-08-03T05:49:03+0200,d815d4ad-795d-45eb-9ad8-9d704f7a3f43,2026-07-26T20:15:00Z,2026-07-26T22:15:00+0200,81.53,EUR/MWh,BE,BE,imbalance_price,Long,2026-08-03T03:49:42Z
2026-08-03T03:49:03Z,2026-08-03T05:49:03+0200,d815d4ad-795d-45eb-9ad8-9d704f7a3f43,2026-07-26T20:15:00Z,2026-07-26T22:15:00+0200,81.53,EUR/MWh,BE,BE,imbalance_price,Short,2026-08-03T03:49:42Z
2026-08-03T03:49:03Z,2026-08-03T05:49:03+0200,d815d4ad-795d-45eb-9ad8-9d704f7a3f43,2026-07-26T20:30:00Z,2026-07-26T22:30:00+0200,111.89,EUR/MWh,BE,BE,imbalance_price,Long,2026-08-03T03:49:42Z
2026-08-03T03:49:03Z,2026-08-03T05:49:03+0200,d815d4ad-795d-45eb-9ad8-9d704f7a3f43,2026-07-26T20:30:00Z,2026-07-26T22:30:00+0200,111.89,EUR/MWh,BE,BE,imbalance_price,Short,2026-08-03T03:49:42Z
2026-08-03T03:49:03Z,2026-08-03T05:49:03+0200,d815d4ad-795d-45eb-9ad8-9d704f7a3f43,2026-07-26T20:45:00Z,2026-07-26T22:45:00+0200,110.56,EUR/MWh,BE,BE,imbalance_price,Long,2026-08-03T03:49:42Z
2026-08-03T03:49:03Z,2026-08-03T05:49:03+0200,d815d4ad-795d-45eb-9ad8-9d704f7a3f43,2026-07-26T20:45:00Z,2026-07-26T22:45:00+0200,110.56,EUR/MWh,BE,BE,imbalance_price,Short,2026-08-03T03:49:42Z
2026-08-03T03:49:03Z,2026-08-03T05:49:03+0200,d815d4ad-795d-45eb-9ad8-9d704f7a3f43,2026-07-26T21:00:00Z,2026-07-26T23:00:00+0200,167.95,EUR/MWh,BE,BE,imbalance_price,Long,2026-08-03T03:49:42Z
2026-08-03T03:49:03Z,2026-08-03T05:49:03+0200,d815d4ad-795d-45eb-9ad8-9d704f7a3f43,2026-07-26T21:00:00Z,2026-07-26T23:00:00+0200,167.95,EUR/MWh,BE,BE,imbalance_price,Short,2026-08-03T03:49:42Z
2026-08-03T03:49:03Z,2026-08-03T05:49:03+0200,d815d4ad-795d-45eb-9ad8-9d704f7a3f43,2026-07-26T21:15:00Z,2026-07-26T23:15:00+0200,116.18,EUR/MWh,BE,BE,imbalance_price,Long,2026-08-03T03:49:42Z
2026-08-03T03:49:03Z,2026-08-03T05:49:03+0200,d815d4ad-795d-45eb-9ad8-9d704f7a3f43,2026-07-26T21:15:00Z,2026-07-26T23:15:00+0200,116.18,EUR/MWh,BE,BE,imbalance_price,Short,2026-08-03T03:49:42Z
2026-08-03T03:49:03Z,2026-08-03T05:49:03+0200,d815d4ad-795d-45eb-9ad8-9d704f7a3f43,2026-07-26T21:30:00Z,2026-07-26T23:30:00+0200,115.46,EUR/MWh,BE,BE,imbalance_price,Long,2026-08-03T03:49:42Z
2026-08-03T03:49:03Z,2026-08-03T05:49:03+0200,d815d4ad-795d-45eb-9ad8-9d704f7a3f43,2026-07-26T21:30:00Z,2026-07-26T23:30:00+0200,115.46,EUR/MWh,BE,BE,imbalance_price,Short,2026-08-03T03:49:42Z
2026-08-03T03:49:03Z,2026-08-03T05:49:03+0200,d815d4ad-795d-45eb-9ad8-9d704f7a3f43,2026-07-26T21:45:00Z,2026-07-26T23:45:00+0200,26.54,EUR/MWh,BE,BE,imbalance_price,Long,2026-08-03T03:49:42Z
2026-08-03T03:49:03Z,2026-08-03T05:49:03+0200,d815d4ad-795d-45eb-9ad8-9d704f7a3f43,2026-07-26T21:45:00Z,2026-07-26T23:45:00+0200,26.54,EUR/MWh,BE,BE,imbalance_price,Short,2026-08-03T03:49:42Z
2026-08-03T03:49:03Z,2026-08-03T05:49:03+0200,d815d4ad-795d-45eb-9ad8-9d704f7a3f43,2026-07-26T22:00:00Z,2026-07-27T00:00:00+0200,67.36,EUR/MWh,BE,BE,imbalance_price,Long,2026-08-03T03:49:42Z
2026-08-03T03:49:03Z,2026-08-03T05:49:03+0200,d815d4ad-795d-45eb-9ad8-9d704f7a3f43,2026-07-26T22:00:00Z,2026-07-27T00:00:00+0200,67.36,EUR/MWh,BE,BE,imbalance_price,Short,2026-08-03T03:49:42Z
2026-08-03T03:49:03Z,2026-08-03T05:49:03+0200,d815d4ad-795d-45eb-9ad8-9d704f7a3f43,2026-07-26T22:15:00Z,2026-07-27T00:15:00+0200,20.18,EUR/MWh,BE,BE,imbalance_price,Long,2026-08-03T03:49:42Z
2026-08-03T03:49:03Z,2026-08-03T05:49:03+0200,d815d4ad-795d-45eb-9ad8-9d704f7a3f43,2026-07-26T22:15:00Z,2026-07-27T00:15:00+0200,20.18,EUR/MWh,BE,BE,imbalance_price,Short,2026-08-03T03:49:42Z
2026-08-03T03:49:03Z,2026-08-03T05:49:03+0200,d815d4ad-795d-45eb-9ad8-9d704f7a3f43,2026-07-26T22:30:00Z,2026-07-27T00:30:00+0200,-45.97,EUR/MWh,BE,BE,imbalance_price,Long,2026-08-03T03:49:42Z
2026-08-03T03:49:03Z,2026-08-03T05:49:03+0200,d815d4ad-795d-45eb-9ad8-9d704f7a3f43,2026-07-26T22:30:00Z,2026-07-27T00:30:00+0200,-45.97,EUR/MWh,BE,BE,imbalance_price,Short,2026-08-03T03:49:42Z
2026-08-03T03:49:03Z,2026-08-03T05:49:03+0200,d815d4ad-795d-45eb-9ad8-9d704f7a3f43,2026-07-26T22:45:00Z,2026-07-27T00:45:00+0200,8.66,EUR/MWh,BE,BE,imbalance_price,Long,2026-08-03T03:49:42Z
2026-08-03T03:49:03Z,2026-08-03T05:49:03+0200,d815d4ad-795d-45eb-9ad8-9d704f7a3f43,2026-07-26T22:45:00Z,2026-07-27T00:45:00+0200,8.66,EUR/MWh,BE,BE,imbalance_price,Short,2026-08-03T03:49:42Z
2026-08-03T03:49:03Z,2026-08-03T05:49:03+0200,d815d4ad-795d-45eb-9ad8-9d704f7a3f43,2026-07-26T23:00:00Z,2026-07-27T01:00:00+0200,40.52,EUR/MWh,BE,BE,imbalance_price,Long,2026-08-03T03:49:42Z
2026-08-03T03:49:03Z,2026-08-03T05:49:03+0200,d815d4ad-795d-45eb-9ad8-9d704f7a3f43,2026-07-26T23:00:00Z,2026-07-27T01:00:00+0200,40.52,EUR/MWh,BE,BE,imbalance_price,Short,2026-08-03T03:49:42Z
2026-08-03T03:49:03Z,2026-08-03T05:49:03+0200,d815d4ad-795d-45eb-9ad8-9d704f7a3f43,2026-07-26T23:15:00Z,2026-07-27T01:15:00+0200,54.0,EUR/MWh,BE,BE,imbalance_price,Long,2026-08-03T03:49:42Z
2026-08-03T03:49:03Z,2026-08-03T05:49:03+0200,d815d4ad-795d-45eb-9ad8-9d704f7a3f43,2026-07-26T23:15:00Z,2026-07-27T01:15:00+0200,54.0,EUR/MWh,BE,BE,imbalance_price,Short,2026-08-03T03:49:42Z
2026-08-03T03:49:03Z,2026-08-03T05:49:03+0200,d815d4ad-795d-45eb-9ad8-9d704f7a3f43,2026-07-26T23:30:00Z,2026-07-27T01:30:00+0200,76.19,EUR/MWh,BE,BE,imbalance_price,Long,2026-08-03T03:49:42Z
2026-08-03T03:49:03Z,2026-08-03T05:49:03+0200,d815d4ad-795d-45eb-9ad8-9d704f7a3f43,2026-07-26T23:30:00Z,2026-07-27T01:30:00+0200,76.19,EUR/MWh,BE,BE,imbalance_price,Short,2026-08-03T03:49:42Z
2026-08-03T03:49:03Z,2026-08-03T05:49:03+0200,d815d4ad-795d-45eb-9ad8-9d704f7a3f43,2026-07-26T23:45:00Z,2026-07-27T01:45:00+0200,81.64,EUR/MWh,BE,BE,imbalance_price,Long,2026-08-03T03:49:42Z
2026-08-03T03:49:03Z,2026-08-03T05:49:03+0200,d815d4ad-795d-45eb-9ad8-9d704f7a3f43,2026-07-26T23:45:00Z,2026-07-27T01:45:00+0200,81.64,EUR/MWh,BE,BE,imbalance_price,Short,2026-08-03T03:49:42Z
2026-08-03T03:49:03Z,2026-08-03T05:49:03+0200,d815d4ad-795d-45eb-9ad8-9d704f7a3f43,2026-07-27T00:00:00Z,2026-07-27T02:00:00+0200,109.54,EUR/MWh,BE,BE,imbalance_price,Long,2026-08-03T03:49:42Z
2026-08-03T03:49:03Z,2026-08-03T05:49:03+0200,d815d4ad-795d-45eb-9ad8-9d704f7a3f43,2026-07-27T00:00:00Z,2026-07-27T02:00:00+0200,109.54,EUR/MWh,BE,BE,imbalance_price,Short,2026-08-03T03:49:42Z
2026-08-03T03:49:03Z,2026-08-03T05:49:03+0200,d815d4ad-795d-45eb-9ad8-9d704f7a3f43,2026-07-27T00:15:00Z,2026-07-27T02:15:00+0200,122.83,EUR/MWh,BE,BE,imbalance_price,Long,2026-08-03T03:49:42Z
2026-08-03T03:49:03Z,2026-08-03T05:49:03+0200,d815d4ad-795d-45eb-9ad8-9d704f7a3f43,2026-07-27T00:15:00Z,2026-07-27T02:15:00+0200,122.83,EUR/MWh,BE,BE,imbalance_price,Short,2026-08-03T03:49:42Z
2026-08-03T03:49:03Z,2026-08-03T05:49:03+0200,d815d4ad-795d-45eb-9ad8-9d704f7a3f43,2026-07-27T00:30:00Z,2026-07-27T02:30:00+0200,137.51,EUR/MWh,BE,BE,imbalance_price,Long,2026-08-03T03:49:42Z
2026-08-03T03:49:03Z,2026-08-03T05:49:03+0200,d815d4ad-795d-45eb-9ad8-9d704f7a3f43,2026-07-27T00:30:00Z,2026-07-27T02:30:00+0200,137.51,EUR/MWh,BE,BE,imbalance_price,Short,2026-08-03T03:49:42Z
2026-08-03T03:49:03Z,2026-08-03T05:49:03+0200,d815d4ad-795d-45eb-9ad8-9d704f7a3f43,2026-07-27T00:45:00Z,2026-07-27T02:45:00+0200,133.4,EUR/MWh,BE,BE,imbalance_price,Long,2026-08-03T03:49:42Z
2026-08-03T03:49:03Z,2026-08-03T05:49:03+0200,d815d4ad-795d-45eb-9ad8-9d704f7a3f43,2026-07-27T00:45:00Z,2026-07-27T02:45:00+0200,133.4,EUR/MWh,BE,BE,imbalance_price,Short,2026-08-03T03:49:42Z
2026-08-03T03:49:03Z,2026-08-03T05:49:03+0200,d815d4ad-795d-45eb-9ad8-9d704f7a3f43,2026-07-27T01:00:00Z,2026-07-27T03:00:00+0200,124.78,EUR/MWh,BE,BE,imbalance_price,Long,2026-08-03T03:49:42Z
2026-08-03T03:49:03Z,2026-08-03T05:49:03+0200,d815d4ad-795d-45eb-9ad8-9d704f7a3f43,2026-07-27T01:00:00Z,2026-07-27T03:00:00+0200,124.78,EUR/MWh,BE,BE,imbalance_price,Short,2026-08-03T03:49:42Z
2026-08-03T03:49:03Z,2026-08-03T05:49:03+0200,d815d4ad-795d-45eb-9ad8-9d704f7a3f43,2026-07-27T01:15:00Z,2026-07-27T03:15:00+0200,116.48,EUR/MWh,BE,BE,imbalance_price,Long,2026-08-03T03:49:42Z
2026-08-03T03:49:03Z,2026-08-03T05:49:03+0200,d815d4ad-795d-45eb-9ad8-9d704f7a3f43,2026-07-27T01:15:00Z,2026-07-27T03:15:00+0200,116.48,EUR/MWh,BE,BE,imbalance_price,Short,2026-08-03T03:49:42Z
2026-08-03T03:49:03Z,2026-08-03T05:49:03+0200,d815d4ad-795d-45eb-9ad8-9d704f7a3f43,2026-07-27T01:30:00Z,2026-07-27T03:30:00+0200,96.46,EUR/MWh,BE,BE,imbalance_price,Long,2026-08-03T03:49:42Z
2026-08-03T03:49:03Z,2026-08-03T05:49:03+0200,d815d4ad-795d-45eb-9ad8-9d704f7a3f43,2026-07-27T01:30:00Z,2026-07-27T03:30:00+0200,96.46,EUR/MWh,BE,BE,imbalance_price,Short,2026-08-03T03:49:42Z
2026-08-03T03:49:03Z,2026-08-03T05:49:03+0200,d815d4ad-795d-45eb-9ad8-9d704f7a3f43,2026-07-27T01:45:00Z,2026-07-27T03:45:00+0200,78.6,EUR/MWh,BE,BE,imbalance_price,Long,2026-08-03T03:49:42Z
2026-08-03T03:49:03Z,2026-08-03T05:49:03+0200,d815d4ad-795d-45eb-9ad8-9d704f7a3f43,2026-07-27T01:45:00Z,2026-07-27T03:45:00+0200,78.6,EUR/MWh,BE,BE,imbalance_price,Short,2026-08-03T03:49:42Z
2026-08-03T03:49:03Z,2026-08-03T05:49:03+0200,d815d4ad-795d-45eb-9ad8-9d704f7a3f43,2026-07-27T02:00:00Z,2026-07-27T04:00:00+0200,65.72,EUR/MWh,BE,BE,imbalance_price,Long,2026-08-03T03:49:42Z
2026-08-03T03:49:03Z,2026-08-03T05:49:03+0200,d815d4ad-795d-45eb-9ad8-9d704f7a3f43,2026-07-27T02:00:00Z,2026-07-27T04:00:00+0200,65.72,EUR/MWh,BE,BE,imbalance_price,Short,2026-08-03T03:49:42Z
2026-08-03T03:49:03Z,2026-08-03T05:49:03+0200,d815d4ad-795d-45eb-9ad8-9d704f7a3f43,2026-07-27T02:15:00Z,2026-07-27T04:15:00+0200,93.02,EUR/MWh,BE,BE,imbalance_price,Long,2026-08-03T03:49:42Z
2026-08-03T03:49:03Z,2026-08-03T05:49:03+0200,d815d4ad-795d-45eb-9ad8-9d704f7a3f43,2026-07-27T02:15:00Z,2026-07-27T04:15:00+0200,93.02,EUR/MWh,BE,BE,imbalance_price,Short,2026-08-03T03:49:42Z
2026-08-03T03:49:03Z,2026-08-03T05:49:03+0200,d815d4ad-795d-45eb-9ad8-9d704f7a3f43,2026-07-27T02:30:00Z,2026-07-27T04:30:00+0200,91.52,EUR/MWh,BE,BE,imbalance_price,Long,2026-08-03T03:49:42Z
2026-08-03T03:49:03Z,2026-08-03T05:49:03+0200,d815d4ad-795d-45eb-9ad8-9d704f7a3f43,2026-07-27T02:30:00Z,2026-07-27T04:30:00+0200,91.52,EUR/MWh,BE,BE,imbalance_price,Short,2026-08-03T03:49:42Z
2026-08-03T03:49:03Z,2026-08-03T05:49:03+0200,d815d4ad-795d-45eb-9ad8-9d704f7a3f43,2026-07-27T02:45:00Z,2026-07-27T04:45:00+0200,129.04,EUR/MWh,BE,BE,imbalance_price,Long,2026-08-03T03:49:42Z
2026-08-03T03:49:03Z,2026-08-03T05:49:03+0200,d815d4ad-795d-45eb-9ad8-9d704f7a3f43,2026-07-27T02:45:00Z,2026-07-27T04:45:00+0200,129.04,EUR/MWh,BE,BE,imbalance_price,Short,2026-08-03T03:49:42Z
2026-08-03T03:49:03Z,2026-08-03T05:49:03+0200,d815d4ad-795d-45eb-9ad8-9d704f7a3f43,2026-07-27T03:00:00Z,2026-07-27T05:00:00+0200,93.82,EUR/MWh,BE,BE,imbalance_price,Long,2026-08-03T03:49:42Z
2026-08-03T03:49:03Z,2026-08-03T05:49:03+0200,d815d4ad-795d-45eb-9ad8-9d704f7a3f43,2026-07-27T03:00:00Z,2026-07-27T05:00:00+0200,93.82,EUR/MWh,BE,BE,imbalance_price,Short,2026-08-03T03:49:42Z
2026-08-03T03:49:03Z,2026-08-03T05:49:03+0200,d815d4ad-795d-45eb-9ad8-9d704f7a3f43,2026-07-27T03:15:00Z,2026-07-27T05:15:00+0200,101.23,EUR/MWh,BE,BE,imbalance_price,Long,2026-08-03T03:49:42Z
2026-08-03T03:49:03Z,2026-08-03T05:49:03+0200,d815d4ad-795d-45eb-9ad8-9d704f7a3f43,2026-07-27T03:15:00Z,2026-07-27T05:15:00+0200,101.23,EUR/MWh,BE,BE,imbalance_price,Short,2026-08-03T03:49:42Z
2026-08-03T03:49:03Z,2026-08-03T05:49:03+0200,d815d4ad-795d-45eb-9ad8-9d704f7a3f43,2026-07-27T03:30:00Z,2026-07-27T05:30:00+0200,121.6,EUR/MWh,BE,BE,imbalance_price,Long,2026-08-03T03:49:42Z
2026-08-03T03:49:03Z,2026-08-03T05:49:03+0200,d815d4ad-795d-45eb-9ad8-9d704f7a3f43,2026-07-27T03:30:00Z,2026-07-27T05:30:00+0200,121.6,EUR/MWh,BE,BE,imbalance_price,Short,2026-08-03T03:49:42Z
2026-08-03T03:49:03Z,2026-08-03T05:49:03+0200,d815d4ad-795d-45eb-9ad8-9d704f7a3f43,2026-07-27T03:45:00Z,2026-07-27T05:45:00+0200,150.06,EUR/MWh,BE,BE,imbalance_price,Long,2026-08-03T03:49:42Z
2026-08-03T03:49:03Z,2026-08-03T05:49:03+0200,d815d4ad-795d-45eb-9ad8-9d704f7a3f43,2026-07-27T03:45:00Z,2026-07-27T05:45:00+0200,150.06,EUR/MWh,BE,BE,imbalance_price,Short,2026-08-03T03:49:42Z
2026-08-03T03:49:03Z,2026-08-03T05:49:03+0200,d815d4ad-795d-45eb-9ad8-9d704f7a3f43,2026-07-27T04:00:00Z,2026-07-27T06:00:00+0200,126.0,EUR/MWh,BE,BE,imbalance_price,Long,2026-08-03T03:49:42Z
2026-08-03T03:49:03Z,2026-08-03T05:49:03+0200,d815d4ad-795d-45eb-9ad8-9d704f7a3f43,2026-07-27T04:00:00Z,2026-07-27T06:00:00+0200,126.0,EUR/MWh,BE,BE,imbalance_price,Short,2026-08-03T03:49:42Z
2026-08-03T03:49:03Z,2026-08-03T05:49:03+0200,d815d4ad-795d-45eb-9ad8-9d704f7a3f43,2026-07-27T04:15:00Z,2026-07-27T06:15:00+0200,107.71,EUR/MWh,BE,BE,imbalance_price,Long,2026-08-03T03:49:42Z
2026-08-03T03:49:03Z,2026-08-03T05:49:03+0200,d815d4ad-795d-45eb-9ad8-9d704f7a3f43,2026-07-27T04:15:00Z,2026-07-27T06:15:00+0200,107.71,EUR/MWh,BE,BE,imbalance_price,Short,2026-08-03T03:49:42Z
2026-08-03T03:49:03Z,2026-08-03T05:49:03+0200,d815d4ad-795d-45eb-9ad8-9d704f7a3f43,2026-07-27T04:30:00Z,2026-07-27T06:30:00+0200,112.96,EUR/MWh,BE,BE,imbalance_price,Long,2026-08-03T03:49:42Z
2026-08-03T03:49:03Z,2026-08-03T05:49:03+0200,d815d4ad-795d-45eb-9ad8-9d704f7a3f43,2026-07-27T04:30:00Z,2026-07-27T06:30:00+0200,112.96,EUR/MWh,BE,BE,imbalance_price,Short,2026-08-03T03:49:42Z
2026-08-03T03:49:03Z,2026-08-03T05:49:03+0200,d815d4ad-795d-45eb-9ad8-9d704f7a3f43,2026-07-27T04:45:00Z,2026-07-27T06:45:00+0200,123.96,EUR/MWh,BE,BE,imbalance_price,Long,2026-08-03T03:49:42Z
2026-08-03T03:49:03Z,2026-08-03T05:49:03+0200,d815d4ad-795d-45eb-9ad8-9d704f7a3f43,2026-07-27T04:45:00Z,2026-07-27T06:45:00+0200,123.96,EUR/MWh,BE,BE,imbalance_price,Short,2026-08-03T03:49:42Z
2026-08-03T03:49:03Z,2026-08-03T05:49:03+0200,d815d4ad-795d-45eb-9ad8-9d704f7a3f43,2026-07-27T05:00:00Z,2026-07-27T07:00:00+0200,108.12,EUR/MWh,BE,BE,imbalance_price,Long,2026-08-03T03:49:42Z
2026-08-03T03:49:03Z,2026-08-03T05:49:03+0200,d815d4ad-795d-45eb-9ad8-9d704f7a3f43,2026-07-27T05:00:00Z,2026-07-27T07:00:00+0200,108.12,EUR/MWh,BE,BE,imbalance_price,Short,2026-08-03T03:49:42Z
2026-08-03T03:49:03Z,2026-08-03T05:49:03+0200,d815d4ad-795d-45eb-9ad8-9d704f7a3f43,2026-07-27T05:15:00Z,2026-07-27T07:15:00+0200,126.49,EUR/MWh,BE,BE,imbalance_price,Long,2026-08-03T03:49:42Z
2026-08-03T03:49:03Z,2026-08-03T05:49:03+0200,d815d4ad-795d-45eb-9ad8-9d704f7a3f43,2026-07-27T05:15:00Z,2026-07-27T07:15:00+0200,126.49,EUR/MWh,BE,BE,imbalance_price,Short,2026-08-03T03:49:42Z
2026-08-03T03:49:03Z,2026-08-03T05:49:03+0200,d815d4ad-795d-45eb-9ad8-9d704f7a3f43,2026-07-27T05:30:00Z,2026-07-27T07:30:00+0200,97.0,EUR/MWh,BE,BE,imbalance_price,Long,2026-08-03T03:49:42Z
2026-08-03T03:49:03Z,2026-08-03T05:49:03+0200,d815d4ad-795d-45eb-9ad8-9d704f7a3f43,2026-07-27T05:30:00Z,2026-07-27T07:30:00+0200,97.0,EUR/MWh,BE,BE,imbalance_price,Short,2026-08-03T03:49:42Z
2026-08-03T03:49:03Z,2026-08-03T05:49:03+0200,d815d4ad-795d-45eb-9ad8-9d704f7a3f43,2026-07-27T05:45:00Z,2026-07-27T07:45:00+0200,110.0,EUR/MWh,BE,BE,imbalance_price,Long,2026-08-03T03:49:42Z
2026-08-03T03:49:03Z,2026-08-03T05:49:03+0200,d815d4ad-795d-45eb-9ad8-9d704f7a3f43,2026-07-27T05:45:00Z,2026-07-27T07:45:00+0200,110.0,EUR/MWh,BE,BE,imbalance_price,Short,2026-08-03T03:49:42Z
2026-08-03T03:49:03Z,2026-08-03T05:49:03+0200,d815d4ad-795d-45eb-9ad8-9d704f7a3f43,2026-07-27T06:00:00Z,2026-07-27T08:00:00+0200,153.43,EUR/MWh,BE,BE,imbalance_price,Long,2026-08-03T03:49:42Z
2026-08-03T03:49:03Z,2026-08-03T05:49:03+0200,d815d4ad-795d-45eb-9ad8-9d704f7a3f43,2026-07-27T06:00:00Z,2026-07-27T08:00:00+0200,153.43,EUR/MWh,BE,BE,imbalance_price,Short,2026-08-03T03:49:42Z
2026-08-03T03:49:03Z,2026-08-03T05:49:03+0200,d815d4ad-795d-45eb-9ad8-9d704f7a3f43,2026-07-27T06:15:00Z,2026-07-27T08:15:00+0200,169.08,EUR/MWh,BE,BE,imbalance_price,Long,2026-08-03T03:49:42Z
2026-08-03T03:49:03Z,2026-08-03T05:49:03+0200,d815d4ad-795d-45eb-9ad8-9d704f7a3f43,2026-07-27T06:15:00Z,2026-07-27T08:15:00+0200,169.08,EUR/MWh,BE,BE,imbalance_price,Short,2026-08-03T03:49:42Z
2026-08-03T03:49:03Z,2026-08-03T05:49:03+0200,d815d4ad-795d-45eb-9ad8-9d704f7a3f43,2026-07-27T06:30:00Z,2026-07-27T08:30:00+0200,106.0,EUR/MWh,BE,BE,imbalance_price,Long,2026-08-03T03:49:42Z
2026-08-03T03:49:03Z,2026-08-03T05:49:03+0200,d815d4ad-795d-45eb-9ad8-9d704f7a3f43,2026-07-27T06:30:00Z,2026-07-27T08:30:00+0200,106.0,EUR/MWh,BE,BE,imbalance_price,Short,2026-08-03T03:49:42Z
2026-08-03T03:49:03Z,2026-08-03T05:49:03+0200,d815d4ad-795d-45eb-9ad8-9d704f7a3f43,2026-07-27T06:45:00Z,2026-07-27T08:45:00+0200,106.0,EUR/MWh,BE,BE,imbalance_price,Long,2026-08-03T03:49:42Z
2026-08-03T03:49:03Z,2026-08-03T05:49:03+0200,d815d4ad-795d-45eb-9ad8-9d704f7a3f43,2026-07-27T06:45:00Z,2026-07-27T08:45:00+0200,106.0,EUR/MWh,BE,BE,imbalance_price,Short,2026-08-03T03:49:42Z
2026-08-03T03:49:03Z,2026-08-03T05:49:03+0200,d815d4ad-795d-45eb-9ad8-9d704f7a3f43,2026-07-27T07:00:00Z,2026-07-27T09:00:00+0200,98.75,EUR/MWh,BE,BE,imbalance_price,Long,2026-08-03T03:49:42Z
2026-08-03T03:49:03Z,2026-08-03T05:49:03+0200,d815d4ad-795d-45eb-9ad8-9d704f7a3f43,2026-07-27T07:00:00Z,2026-07-27T09:00:00+0200,98.75,EUR/MWh,BE,BE,imbalance_price,Short,2026-08-03T03:49:42Z
2026-08-03T03:49:03Z,2026-08-03T05:49:03+0200,d815d4ad-795d-45eb-9ad8-9d704f7a3f43,2026-07-27T07:15:00Z,2026-07-27T09:15:00+0200,62.96,EUR/MWh,BE,BE,imbalance_price,Long,2026-08-03T03:49:42Z
2026-08-03T03:49:03Z,2026-08-03T05:49:03+0200,d815d4ad-795d-45eb-9ad8-9d704f7a3f43,2026-07-27T07:15:00Z,2026-07-27T09:15:00+0200,62.96,EUR/MWh,BE,BE,imbalance_price,Short,2026-08-03T03:49:42Z
2026-08-03T03:49:03Z,2026-08-03T05:49:03+0200,d815d4ad-795d-45eb-9ad8-9d704f7a3f43,2026-07-27T07:30:00Z,2026-07-27T09:30:00+0200,60.0,EUR/MWh,BE,BE,imbalance_price,Long,2026-08-03T03:49:42Z
2026-08-03T03:49:03Z,2026-08-03T05:49:03+0200,d815d4ad-795d-45eb-9ad8-9d704f7a3f43,2026-07-27T07:30:00Z,2026-07-27T09:30:00+0200,60.0,EUR/MWh,BE,BE,imbalance_price,Short,2026-08-03T03:49:42Z
2026-08-03T03:49:03Z,2026-08-03T05:49:03+0200,d815d4ad-795d-45eb-9ad8-9d704f7a3f43,2026-07-27T07:45:00Z,2026-07-27T09:45:00+0200,59.0,EUR/MWh,BE,BE,imbalance_price,Long,2026-08-03T03:49:42Z
2026-08-03T03:49:03Z,2026-08-03T05:49:03+0200,d815d4ad-795d-45eb-9ad8-9d704f7a3f43,2026-07-27T07:45:00Z,2026-07-27T09:45:00+0200,59.0,EUR/MWh,BE,BE,imbalance_price,Short,2026-08-03T03:49:42Z
2026-08-03T03:49:03Z,2026-08-03T05:49:03+0200,d815d4ad-795d-45eb-9ad8-9d704f7a3f43,2026-07-27T08:00:00Z,2026-07-27T10:00:00+0200,61.61,EUR/MWh,BE,BE,imbalance_price,Long,2026-08-03T03:49:42Z
2026-08-03T03:49:03Z,2026-08-03T05:49:03+0200,d815d4ad-795d-45eb-9ad8-9d704f7a3f43,2026-07-27T08:00:00Z,2026-07-27T10:00:00+0200,61.61,EUR/MWh,BE,BE,imbalance_price,Short,2026-08-03T03:49:42Z
2026-08-03T03:49:03Z,2026-08-03T05:49:03+0200,d815d4ad-795d-45eb-9ad8-9d704f7a3f43,2026-07-27T08:15:00Z,2026-07-27T10:15:00+0200,63.04,EUR/MWh,BE,BE,imbalance_price,Long,2026-08-03T03:49:42Z
2026-08-03T03:49:03Z,2026-08-03T05:49:03+0200,d815d4ad-795d-45eb-9ad8-9d704f7a3f43,2026-07-27T08:15:00Z,2026-07-27T10:15:00+0200,63.04,EUR/MWh,BE,BE,imbalance_price,Short,2026-08-03T03:49:42Z
2026-08-03T03:49:03Z,2026-08-03T05:49:03+0200,d815d4ad-795d-45eb-9ad8-9d704f7a3f43,2026-07-27T08:30:00Z,2026-07-27T10:30:00+0200,62.63,EUR/MWh,BE,BE,imbalance_price,Long,2026-08-03T03:49:42Z
2026-08-03T03:49:03Z,2026-08-03T05:49:03+0200,d815d4ad-795d-45eb-9ad8-9d704f7a3f43,2026-07-27T08:30:00Z,2026-07-27T10:30:00+0200,62.63,EUR/MWh,BE,BE,imbalance_price,Short,2026-08-03T03:49:42Z
2026-08-03T03:49:03Z,2026-08-03T05:49:03+0200,d815d4ad-795d-45eb-9ad8-9d704f7a3f43,2026-07-27T08:45:00Z,2026-07-27T10:45:00+0200,75.79,EUR/MWh,BE,BE,imbalance_price,Long,2026-08-03T03:49:42Z
2026-08-03T03:49:03Z,2026-08-03T05:49:03+0200,d815d4ad-795d-45eb-9ad8-9d704f7a3f43,2026-07-27T08:45:00Z,2026-07-27T10:45:00+0200,75.79,EUR/MWh,BE,BE,imbalance_price,Short,2026-08-03T03:49:42Z
2026-08-03T03:49:03Z,2026-08-03T05:49:03+0200,d815d4ad-795d-45eb-9ad8-9d704f7a3f43,2026-07-27T09:00:00Z,2026-07-27T11:00:00+0200,161.26,EUR/MWh,BE,BE,imbalance_price,Long,2026-08-03T03:49:42Z
2026-08-03T03:49:03Z,2026-08-03T05:49:03+0200,d815d4ad-795d-45eb-9ad8-9d704f7a3f43,2026-07-27T09:00:00Z,2026-07-27T11:00:00+0200,161.26,EUR/MWh,BE,BE,imbalance_price,Short,2026-08-03T03:49:42Z
2026-08-03T03:49:03Z,2026-08-03T05:49:03+0200,d815d4ad-795d-45eb-9ad8-9d704f7a3f43,2026-07-27T09:15:00Z,2026-07-27T11:15:00+0200,106.75,EUR/MWh,BE,BE,imbalance_price,Long,2026-08-03T03:49:42Z
2026-08-03T03:49:03Z,2026-08-03T05:49:03+0200,d815d4ad-795d-45eb-9ad8-9d704f7a3f43,2026-07-27T09:15:00Z,2026-07-27T11:15:00+0200,106.75,EUR/MWh,BE,BE,imbalance_price,Short,2026-08-03T03:49:42Z
2026-08-03T03:49:03Z,2026-08-03T05:49:03+0200,d815d4ad-795d-45eb-9ad8-9d704f7a3f43,2026-07-27T09:30:00Z,2026-07-27T11:30:00+0200,89.41,EUR/MWh,BE,BE,imbalance_price,Long,2026-08-03T03:49:42Z
2026-08-03T03:49:03Z,2026-08-03T05:49:03+0200,d815d4ad-795d-45eb-9ad8-9d704f7a3f43,2026-07-27T09:30:00Z,2026-07-27T11:30:00+0200,89.41,EUR/MWh,BE,BE,imbalance_price,Short,2026-08-03T03:49:42Z
2026-08-03T03:49:03Z,2026-08-03T05:49:03+0200,d815d4ad-795d-45eb-9ad8-9d704f7a3f43,2026-07-27T09:45:00Z,2026-07-27T11:45:00+0200,71.6,EUR/MWh,BE,BE,imbalance_price,Long,2026-08-03T03:49:42Z
2026-08-03T03:49:03Z,2026-08-03T05:49:03+0200,d815d4ad-795d-45eb-9ad8-9d704f7a3f43,2026-07-27T09:45:00Z,2026-07-27T11:45:00+0200,71.6,EUR/MWh,BE,BE,imbalance_price,Short,2026-08-03T03:49:42Z
2026-08-03T03:49:03Z,2026-08-03T05:49:03+0200,d815d4ad-795d-45eb-9ad8-9d704f7a3f43,2026-07-27T10:00:00Z,2026-07-27T12:00:00+0200,69.45,EUR/MWh,BE,BE,imbalance_price,Long,2026-08-03T03:49:42Z
2026-08-03T03:49:03Z,2026-08-03T05:49:03+0200,d815d4ad-795d-45eb-9ad8-9d704f7a3f43,2026-07-27T10:00:00Z,2026-07-27T12:00:00+0200,69.45,EUR/MWh,BE,BE,imbalance_price,Short,2026-08-03T03:49:42Z
2026-08-03T03:49:03Z,2026-08-03T05:49:03+0200,d815d4ad-795d-45eb-9ad8-9d704f7a3f43,2026-07-27T10:15:00Z,2026-07-27T12:15:00+0200,142.24,EUR/MWh,BE,BE,imbalance_price,Long,2026-08-03T03:49:42Z
2026-08-03T03:49:03Z,2026-08-03T05:49:03+0200,d815d4ad-795d-45eb-9ad8-9d704f7a3f43,2026-07-27T10:15:00Z,2026-07-27T12:15:00+0200,142.24,EUR/MWh,BE,BE,imbalance_price,Short,2026-08-03T03:49:42Z
2026-08-03T03:49:03Z,2026-08-03T05:49:03+0200,d815d4ad-795d-45eb-9ad8-9d704f7a3f43,2026-07-27T10:30:00Z,2026-07-27T12:30:00+0200,154.17,EUR/MWh,BE,BE,imbalance_price,Long,2026-08-03T03:49:42Z
2026-08-03T03:49:03Z,2026-08-03T05:49:03+0200,d815d4ad-795d-45eb-9ad8-9d704f7a3f43,2026-07-27T10:30:00Z,2026-07-27T12:30:00+0200,154.17,EUR/MWh,BE,BE,imbalance_price,Short,2026-08-03T03:49:42Z
2026-08-03T03:49:03Z,2026-08-03T05:49:03+0200,d815d4ad-795d-45eb-9ad8-9d704f7a3f43,2026-07-27T10:45:00Z,2026-07-27T12:45:00+0200,166.73,EUR/MWh,BE,BE,imbalance_price,Long,2026-08-03T03:49:42Z
2026-08-03T03:49:03Z,2026-08-03T05:49:03+0200,d815d4ad-795d-45eb-9ad8-9d704f7a3f43,2026-07-27T10:45:00Z,2026-07-27T12:45:00+0200,166.73,EUR/MWh,BE,BE,imbalance_price,Short,2026-08-03T03:49:42Z
2026-08-03T03:49:03Z,2026-08-03T05:49:03+0200,d815d4ad-795d-45eb-9ad8-9d704f7a3f43,2026-07-27T11:00:00Z,2026-07-27T13:00:00+0200,72.27,EUR/MWh,BE,BE,imbalance_price,Long,2026-08-03T03:49:42Z
2026-08-03T03:49:03Z,2026-08-03T05:49:03+0200,d815d4ad-795d-45eb-9ad8-9d704f7a3f43,2026-07-27T11:00:00Z,2026-07-27T13:00:00+0200,72.27,EUR/MWh,BE,BE,imbalance_price,Short,2026-08-03T03:49:42Z
2026-08-03T03:49:03Z,2026-08-03T05:49:03+0200,d815d4ad-795d-45eb-9ad8-9d704f7a3f43,2026-07-27T11:15:00Z,2026-07-27T13:15:00+0200,59.51,EUR/MWh,BE,BE,imbalance_price,Long,2026-08-03T03:49:42Z
2026-08-03T03:49:03Z,2026-08-03T05:49:03+0200,d815d4ad-795d-45eb-9ad8-9d704f7a3f43,2026-07-27T11:15:00Z,2026-07-27T13:15:00+0200,59.51,EUR/MWh,BE,BE,imbalance_price,Short,2026-08-03T03:49:42Z
2026-08-03T03:49:03Z,2026-08-03T05:49:03+0200,d815d4ad-795d-45eb-9ad8-9d704f7a3f43,2026-07-27T11:30:00Z,2026-07-27T13:30:00+0200,54.44,EUR/MWh,BE,BE,imbalance_price,Long,2026-08-03T03:49:42Z
2026-08-03T03:49:03Z,2026-08-03T05:49:03+0200,d815d4ad-795d-45eb-9ad8-9d704f7a3f43,2026-07-27T11:30:00Z,2026-07-27T13:30:00+0200,54.44,EUR/MWh,BE,BE,imbalance_price,Short,2026-08-03T03:49:42Z
2026-08-03T03:49:03Z,2026-08-03T05:49:03+0200,d815d4ad-795d-45eb-9ad8-9d704f7a3f43,2026-07-27T11:45:00Z,2026-07-27T13:45:00+0200,-1.07,EUR/MWh,BE,BE,imbalance_price,Long,2026-08-03T03:49:42Z
2026-08-03T03:49:03Z,2026-08-03T05:49:03+0200,d815d4ad-795d-45eb-9ad8-9d704f7a3f43,2026-07-27T11:45:00Z,2026-07-27T13:45:00+0200,-1.07,EUR/MWh,BE,BE,imbalance_price,Short,2026-08-03T03:49:42Z
2026-08-03T03:49:03Z,2026-08-03T05:49:03+0200,d815d4ad-795d-45eb-9ad8-9d704f7a3f43,2026-07-27T12:00:00Z,2026-07-27T14:00:00+0200,8.95,EUR/MWh,BE,BE,imbalance_price,Long,2026-08-03T03:49:42Z
2026-08-03T03:49:03Z,2026-08-03T05:49:03+0200,d815d4ad-795d-45eb-9ad8-9d704f7a3f43,2026-07-27T12:00:00Z,2026-07-27T14:00:00+0200,8.95,EUR/MWh,BE,BE,imbalance_price,Short,2026-08-03T03:49:42Z
2026-08-03T03:49:03Z,2026-08-03T05:49:03+0200,d815d4ad-795d-45eb-9ad8-9d704f7a3f43,2026-07-27T12:15:00Z,2026-07-27T14:15:00+0200,-1.02,EUR/MWh,BE,BE,imbalance_price,Long,2026-08-03T03:49:42Z
2026-08-03T03:49:03Z,2026-08-03T05:49:03+0200,d815d4ad-795d-45eb-9ad8-9d704f7a3f43,2026-07-27T12:15:00Z,2026-07-27T14:15:00+0200,-1.02,EUR/MWh,BE,BE,imbalance_price,Short,2026-08-03T03:49:42Z
2026-08-03T03:49:03Z,2026-08-03T05:49:03+0200,d815d4ad-795d-45eb-9ad8-9d704f7a3f43,2026-07-27T12:30:00Z,2026-07-27T14:30:00+0200,29.34,EUR/MWh,BE,BE,imbalance_price,Long,2026-08-03T03:49:42Z
2026-08-03T03:49:03Z,2026-08-03T05:49:03+0200,d815d4ad-795d-45eb-9ad8-9d704f7a3f43,2026-07-27T12:30:00Z,2026-07-27T14:30:00+0200,29.34,EUR/MWh,BE,BE,imbalance_price,Short,2026-08-03T03:49:42Z
2026-08-03T03:49:03Z,2026-08-03T05:49:03+0200,d815d4ad-795d-45eb-9ad8-9d704f7a3f43,2026-07-27T12:45:00Z,2026-07-27T14:45:00+0200,0.09,EUR/MWh,BE,BE,imbalance_price,Long,2026-08-03T03:49:42Z
2026-08-03T03:49:03Z,2026-08-03T05:49:03+0200,d815d4ad-795d-45eb-9ad8-9d704f7a3f43,2026-07-27T12:45:00Z,2026-07-27T14:45:00+0200,0.09,EUR/MWh,BE,BE,imbalance_price,Short,2026-08-03T03:49:42Z
2026-08-03T03:49:03Z,2026-08-03T05:49:03+0200,d815d4ad-795d-45eb-9ad8-9d704f7a3f43,2026-07-27T13:00:00Z,2026-07-27T15:00:00+0200,17.08,EUR/MWh,BE,BE,imbalance_price,Long,2026-08-03T03:49:42Z
2026-08-03T03:49:03Z,2026-08-03T05:49:03+0200,d815d4ad-795d-45eb-9ad8-9d704f7a3f43,2026-07-27T13:00:00Z,2026-07-27T15:00:00+0200,17.08,EUR/MWh,BE,BE,imbalance_price,Short,2026-08-03T03:49:42Z
2026-08-03T03:49:03Z,2026-08-03T05:49:03+0200,d815d4ad-795d-45eb-9ad8-9d704f7a3f43,2026-07-27T13:15:00Z,2026-07-27T15:15:00+0200,38.0,EUR/MWh,BE,BE,imbalance_price,Long,2026-08-03T03:49:42Z
2026-08-03T03:49:03Z,2026-08-03T05:49:03+0200,d815d4ad-795d-45eb-9ad8-9d704f7a3f43,2026-07-27T13:15:00Z,2026-07-27T15:15:00+0200,38.0,EUR/MWh,BE,BE,imbalance_price,Short,2026-08-03T03:49:42Z
2026-08-03T03:49:03Z,2026-08-03T05:49:03+0200,d815d4ad-795d-45eb-9ad8-9d704f7a3f43,2026-07-27T13:30:00Z,2026-07-27T15:30:00+0200,15.5,EUR/MWh,BE,BE,imbalance_price,Long,2026-08-03T03:49:42Z
2026-08-03T03:49:03Z,2026-08-03T05:49:03+0200,d815d4ad-795d-45eb-9ad8-9d704f7a3f43,2026-07-27T13:30:00Z,2026-07-27T15:30:00+0200,15.5,EUR/MWh,BE,BE,imbalance_price,Short,2026-08-03T03:49:42Z
2026-08-03T03:49:03Z,2026-08-03T05:49:03+0200,d815d4ad-795d-45eb-9ad8-9d704f7a3f43,2026-07-27T13:45:00Z,2026-07-27T15:45:00+0200,14.02,EUR/MWh,BE,BE,imbalance_price,Long,2026-08-03T03:49:42Z
2026-08-03T03:49:03Z,2026-08-03T05:49:03+0200,d815d4ad-795d-45eb-9ad8-9d704f7a3f43,2026-07-27T13:45:00Z,2026-07-27T15:45:00+0200,14.02,EUR/MWh,BE,BE,imbalance_price,Short,2026-08-03T03:49:42Z
2026-08-03T03:49:03Z,2026-08-03T05:49:03+0200,d815d4ad-795d-45eb-9ad8-9d704f7a3f43,2026-07-27T14:00:00Z,2026-07-27T16:00:00+0200,10.39,EUR/MWh,BE,BE,imbalance_price,Long,2026-08-03T03:49:42Z
2026-08-03T03:49:03Z,2026-08-03T05:49:03+0200,d815d4ad-795d-45eb-9ad8-9d704f7a3f43,2026-07-27T14:00:00Z,2026-07-27T16:00:00+0200,10.39,EUR/MWh,BE,BE,imbalance_price,Short,2026-08-03T03:49:42Z
2026-08-03T03:49:03Z,2026-08-03T05:49:03+0200,d815d4ad-795d-45eb-9ad8-9d704f7a3f43,2026-07-27T14:15:00Z,2026-07-27T16:15:00+0200,16.41,EUR/MWh,BE,BE,imbalance_price,Long,2026-08-03T03:49:42Z
2026-08-03T03:49:03Z,2026-08-03T05:49:03+0200,d815d4ad-795d-45eb-9ad8-9d704f7a3f43,2026-07-27T14:15:00Z,2026-07-27T16:15:00+0200,16.41,EUR/MWh,BE,BE,imbalance_price,Short,2026-08-03T03:49:42Z
2026-08-03T03:49:03Z,2026-08-03T05:49:03+0200,d815d4ad-795d-45eb-9ad8-9d704f7a3f43,2026-07-27T14:30:00Z,2026-07-27T16:30:00+0200,49.54,EUR/MWh,BE,BE,imbalance_price,Long,2026-08-03T03:49:42Z
2026-08-03T03:49:03Z,2026-08-03T05:49:03+0200,d815d4ad-795d-45eb-9ad8-9d704f7a3f43,2026-07-27T14:30:00Z,2026-07-27T16:30:00+0200,49.54,EUR/MWh,BE,BE,imbalance_price,Short,2026-08-03T03:49:42Z
2026-08-03T03:49:03Z,2026-08-03T05:49:03+0200,d815d4ad-795d-45eb-9ad8-9d704f7a3f43,2026-07-27T14:45:00Z,2026-07-27T16:45:00+0200,77.8,EUR/MWh,BE,BE,imbalance_price,Long,2026-08-03T03:49:42Z
2026-08-03T03:49:03Z,2026-08-03T05:49:03+0200,d815d4ad-795d-45eb-9ad8-9d704f7a3f43,2026-07-27T14:45:00Z,2026-07-27T16:45:00+0200,77.8,EUR/MWh,BE,BE,imbalance_price,Short,2026-08-03T03:49:42Z
2026-08-03T03:49:03Z,2026-08-03T05:49:03+0200,d815d4ad-795d-45eb-9ad8-9d704f7a3f43,2026-07-27T15:00:00Z,2026-07-27T17:00:00+0200,138.84,EUR/MWh,BE,BE,imbalance_price,Long,2026-08-03T03:49:42Z
2026-08-03T03:49:03Z,2026-08-03T05:49:03+0200,d815d4ad-795d-45eb-9ad8-9d704f7a3f43,2026-07-27T15:00:00Z,2026-07-27T17:00:00+0200,138.84,EUR/MWh,BE,BE,imbalance_price,Short,2026-08-03T03:49:42Z
2026-08-03T03:49:03Z,2026-08-03T05:49:03+0200,d815d4ad-795d-45eb-9ad8-9d704f7a3f43,2026-07-27T15:15:00Z,2026-07-27T17:15:00+0200,114.0,EUR/MWh,BE,BE,imbalance_price,Long,2026-08-03T03:49:42Z
2026-08-03T03:49:03Z,2026-08-03T05:49:03+0200,d815d4ad-795d-45eb-9ad8-9d704f7a3f43,2026-07-27T15:15:00Z,2026-07-27T17:15:00+0200,114.0,EUR/MWh,BE,BE,imbalance_price,Short,2026-08-03T03:49:42Z
2026-08-03T03:49:03Z,2026-08-03T05:49:03+0200,d815d4ad-795d-45eb-9ad8-9d704f7a3f43,2026-07-27T15:30:00Z,2026-07-27T17:30:00+0200,68.09,EUR/MWh,BE,BE,imbalance_price,Long,2026-08-03T03:49:42Z
2026-08-03T03:49:03Z,2026-08-03T05:49:03+0200,d815d4ad-795d-45eb-9ad8-9d704f7a3f43,2026-07-27T15:30:00Z,2026-07-27T17:30:00+0200,68.09,EUR/MWh,BE,BE,imbalance_price,Short,2026-08-03T03:49:42Z
2026-08-03T03:49:03Z,2026-08-03T05:49:03+0200,d815d4ad-795d-45eb-9ad8-9d704f7a3f43,2026-07-27T15:45:00Z,2026-07-27T17:45:00+0200,141.99,EUR/MWh,BE,BE,imbalance_price,Long,2026-08-03T03:49:42Z
2026-08-03T03:49:03Z,2026-08-03T05:49:03+0200,d815d4ad-795d-45eb-9ad8-9d704f7a3f43,2026-07-27T15:45:00Z,2026-07-27T17:45:00+0200,141.99,EUR/MWh,BE,BE,imbalance_price,Short,2026-08-03T03:49:42Z
2026-08-03T03:49:03Z,2026-08-03T05:49:03+0200,d815d4ad-795d-45eb-9ad8-9d704f7a3f43,2026-07-27T16:00:00Z,2026-07-27T18:00:00+0200,21.68,EUR/MWh,BE,BE,imbalance_price,Long,2026-08-03T03:49:42Z
2026-08-03T03:49:03Z,2026-08-03T05:49:03+0200,d815d4ad-795d-45eb-9ad8-9d704f7a3f43,2026-07-27T16:00:00Z,2026-07-27T18:00:00+0200,21.68,EUR/MWh,BE,BE,imbalance_price,Short,2026-08-03T03:49:42Z
2026-08-03T03:49:03Z,2026-08-03T05:49:03+0200,d815d4ad-795d-45eb-9ad8-9d704f7a3f43,2026-07-27T16:15:00Z,2026-07-27T18:15:00+0200,76.99,EUR/MWh,BE,BE,imbalance_price,Long,2026-08-03T03:49:42Z
2026-08-03T03:49:03Z,2026-08-03T05:49:03+0200,d815d4ad-795d-45eb-9ad8-9d704f7a3f43,2026-07-27T16:15:00Z,2026-07-27T18:15:00+0200,76.99,EUR/MWh,BE,BE,imbalance_price,Short,2026-08-03T03:49:42Z
2026-08-03T03:49:03Z,2026-08-03T05:49:03+0200,d815d4ad-795d-45eb-9ad8-9d704f7a3f43,2026-07-27T16:30:00Z,2026-07-27T18:30:00+0200,131.4,EUR/MWh,BE,BE,imbalance_price,Long,2026-08-03T03:49:42Z
2026-08-03T03:49:03Z,2026-08-03T05:49:03+0200,d815d4ad-795d-45eb-9ad8-9d704f7a3f43,2026-07-27T16:30:00Z,2026-07-27T18:30:00+0200,131.4,EUR/MWh,BE,BE,imbalance_price,Short,2026-08-03T03:49:42Z
2026-08-03T03:49:03Z,2026-08-03T05:49:03+0200,d815d4ad-795d-45eb-9ad8-9d704f7a3f43,2026-07-27T16:45:00Z,2026-07-27T18:45:00+0200,153.68,EUR/MWh,BE,BE,imbalance_price,Long,2026-08-03T03:49:42Z
2026-08-03T03:49:03Z,2026-08-03T05:49:03+0200,d815d4ad-795d-45eb-9ad8-9d704f7a3f43,2026-07-27T16:45:00Z,2026-07-27T18:45:00+0200,153.68,EUR/MWh,BE,BE,imbalance_price,Short,2026-08-03T03:49:42Z
2026-08-03T03:49:03Z,2026-08-03T05:49:03+0200,d815d4ad-795d-45eb-9ad8-9d704f7a3f43,2026-07-27T17:00:00Z,2026-07-27T19:00:00+0200,162.21,EUR/MWh,BE,BE,imbalance_price,Long,2026-08-03T03:49:42Z
2026-08-03T03:49:03Z,2026-08-03T05:49:03+0200,d815d4ad-795d-45eb-9ad8-9d704f7a3f43,2026-07-27T17:00:00Z,2026-07-27T19:00:00+0200,162.21,EUR/MWh,BE,BE,imbalance_price,Short,2026-08-03T03:49:42Z
2026-08-03T03:49:03Z,2026-08-03T05:49:03+0200,d815d4ad-795d-45eb-9ad8-9d704f7a3f43,2026-07-27T17:15:00Z,2026-07-27T19:15:00+0200,169.87,EUR/MWh,BE,BE,imbalance_price,Long,2026-08-03T03:49:42Z
2026-08-03T03:49:03Z,2026-08-03T05:49:03+0200,d815d4ad-795d-45eb-9ad8-9d704f7a3f43,2026-07-27T17:15:00Z,2026-07-27T19:15:00+0200,169.87,EUR/MWh,BE,BE,imbalance_price,Short,2026-08-03T03:49:42Z
2026-08-03T03:49:03Z,2026-08-03T05:49:03+0200,d815d4ad-795d-45eb-9ad8-9d704f7a3f43,2026-07-27T17:30:00Z,2026-07-27T19:30:00+0200,171.99,EUR/MWh,BE,BE,imbalance_price,Long,2026-08-03T03:49:42Z
2026-08-03T03:49:03Z,2026-08-03T05:49:03+0200,d815d4ad-795d-45eb-9ad8-9d704f7a3f43,2026-07-27T17:30:00Z,2026-07-27T19:30:00+0200,171.99,EUR/MWh,BE,BE,imbalance_price,Short,2026-08-03T03:49:42Z
2026-08-03T03:49:03Z,2026-08-03T05:49:03+0200,d815d4ad-795d-45eb-9ad8-9d704f7a3f43,2026-07-27T17:45:00Z,2026-07-27T19:45:00+0200,175.84,EUR/MWh,BE,BE,imbalance_price,Long,2026-08-03T03:49:42Z
2026-08-03T03:49:03Z,2026-08-03T05:49:03+0200,d815d4ad-795d-45eb-9ad8-9d704f7a3f43,2026-07-27T17:45:00Z,2026-07-27T19:45:00+0200,175.84,EUR/MWh,BE,BE,imbalance_price,Short,2026-08-03T03:49:42Z
2026-08-03T03:49:03Z,2026-08-03T05:49:03+0200,d815d4ad-795d-45eb-9ad8-9d704f7a3f43,2026-07-27T18:00:00Z,2026-07-27T20:00:00+0200,164.62,EUR/MWh,BE,BE,imbalance_price,Long,2026-08-03T03:49:42Z
2026-08-03T03:49:03Z,2026-08-03T05:49:03+0200,d815d4ad-795d-45eb-9ad8-9d704f7a3f43,2026-07-27T18:00:00Z,2026-07-27T20:00:00+0200,164.62,EUR/MWh,BE,BE,imbalance_price,Short,2026-08-03T03:49:42Z
2026-08-03T03:49:03Z,2026-08-03T05:49:03+0200,d815d4ad-795d-45eb-9ad8-9d704f7a3f43,2026-07-27T18:15:00Z,2026-07-27T20:15:00+0200,164.68,EUR/MWh,BE,BE,imbalance_price,Long,2026-08-03T03:49:42Z
2026-08-03T03:49:03Z,2026-08-03T05:49:03+0200,d815d4ad-795d-45eb-9ad8-9d704f7a3f43,2026-07-27T18:15:00Z,2026-07-27T20:15:00+0200,164.68,EUR/MWh,BE,BE,imbalance_price,Short,2026-08-03T03:49:42Z
2026-08-03T03:49:03Z,2026-08-03T05:49:03+0200,d815d4ad-795d-45eb-9ad8-9d704f7a3f43,2026-07-27T18:30:00Z,2026-07-27T20:30:00+0200,159.0,EUR/MWh,BE,BE,imbalance_price,Long,2026-08-03T03:49:42Z
2026-08-03T03:49:03Z,2026-08-03T05:49:03+0200,d815d4ad-795d-45eb-9ad8-9d704f7a3f43,2026-07-27T18:30:00Z,2026-07-27T20:30:00+0200,159.0,EUR/MWh,BE,BE,imbalance_price,Short,2026-08-03T03:49:42Z
2026-08-03T03:49:03Z,2026-08-03T05:49:03+0200,d815d4ad-795d-45eb-9ad8-9d704f7a3f43,2026-07-27T18:45:00Z,2026-07-27T20:45:00+0200,159.76,EUR/MWh,BE,BE,imbalance_price,Long,2026-08-03T03:49:42Z
2026-08-03T03:49:03Z,2026-08-03T05:49:03+0200,d815d4ad-795d-45eb-9ad8-9d704f7a3f43,2026-07-27T18:45:00Z,2026-07-27T20:45:00+0200,159.76,EUR/MWh,BE,BE,imbalance_price,Short,2026-08-03T03:49:42Z
2026-08-03T03:49:03Z,2026-08-03T05:49:03+0200,d815d4ad-795d-45eb-9ad8-9d704f7a3f43,2026-07-27T19:00:00Z,2026-07-27T21:00:00+0200,156.98,EUR/MWh,BE,BE,imbalance_price,Long,2026-08-03T03:49:42Z
2026-08-03T03:49:03Z,2026-08-03T05:49:03+0200,d815d4ad-795d-45eb-9ad8-9d704f7a3f43,2026-07-27T19:00:00Z,2026-07-27T21:00:00+0200,156.98,EUR/MWh,BE,BE,imbalance_price,Short,2026-08-03T03:49:42Z
2026-08-03T03:49:03Z,2026-08-03T05:49:03+0200,d815d4ad-795d-45eb-9ad8-9d704f7a3f43,2026-07-27T19:15:00Z,2026-07-27T21:15:00+0200,156.56,EUR/MWh,BE,BE,imbalance_price,Long,2026-08-03T03:49:42Z
2026-08-03T03:49:03Z,2026-08-03T05:49:03+0200,d815d4ad-795d-45eb-9ad8-9d704f7a3f43,2026-07-27T19:15:00Z,2026-07-27T21:15:00+0200,156.56,EUR/MWh,BE,BE,imbalance_price,Short,2026-08-03T03:49:42Z
2026-08-03T03:49:03Z,2026-08-03T05:49:03+0200,d815d4ad-795d-45eb-9ad8-9d704f7a3f43,2026-07-27T19:30:00Z,2026-07-27T21:30:00+0200,151.11,EUR/MWh,BE,BE,imbalance_price,Long,2026-08-03T03:49:42Z
2026-08-03T03:49:03Z,2026-08-03T05:49:03+0200,d815d4ad-795d-45eb-9ad8-9d704f7a3f43,2026-07-27T19:30:00Z,2026-07-27T21:30:00+0200,151.11,EUR/MWh,BE,BE,imbalance_price,Short,2026-08-03T03:49:42Z
2026-08-03T03:49:03Z,2026-08-03T05:49:03+0200,d815d4ad-795d-45eb-9ad8-9d704f7a3f43,2026-07-27T19:45:00Z,2026-07-27T21:45:00+0200,140.44,EUR/MWh,BE,BE,imbalance_price,Long,2026-08-03T03:49:42Z
2026-08-03T03:49:03Z,2026-08-03T05:49:03+0200,d815d4ad-795d-45eb-9ad8-9d704f7a3f43,2026-07-27T19:45:00Z,2026-07-27T21:45:00+0200,140.44,EUR/MWh,BE,BE,imbalance_price,Short,2026-08-03T03:49:42Z
2026-08-03T03:49:03Z,2026-08-03T05:49:03+0200,d815d4ad-795d-45eb-9ad8-9d704f7a3f43,2026-07-27T20:00:00Z,2026-07-27T22:00:00+0200,145.07,EUR/MWh,BE,BE,imbalance_price,Long,2026-08-03T03:49:42Z
2026-08-03T03:49:03Z,2026-08-03T05:49:03+0200,d815d4ad-795d-45eb-9ad8-9d704f7a3f43,2026-07-27T20:00:00Z,2026-07-27T22:00:00+0200,145.07,EUR/MWh,BE,BE,imbalance_price,Short,2026-08-03T03:49:42Z
2026-08-03T03:49:03Z,2026-08-03T05:49:03+0200,d815d4ad-795d-45eb-9ad8-9d704f7a3f43,2026-07-27T20:15:00Z,2026-07-27T22:15:00+0200,147.14,EUR/MWh,BE,BE,imbalance_price,Long,2026-08-03T03:49:42Z
2026-08-03T03:49:03Z,2026-08-03T05:49:03+0200,d815d4ad-795d-45eb-9ad8-9d704f7a3f43,2026-07-27T20:15:00Z,2026-07-27T22:15:00+0200,147.14,EUR/MWh,BE,BE,imbalance_price,Short,2026-08-03T03:49:42Z
2026-08-03T03:49:03Z,2026-08-03T05:49:03+0200,d815d4ad-795d-45eb-9ad8-9d704f7a3f43,2026-07-27T20:30:00Z,2026-07-27T22:30:00+0200,152.68,EUR/MWh,BE,BE,imbalance_price,Long,2026-08-03T03:49:42Z
2026-08-03T03:49:03Z,2026-08-03T05:49:03+0200,d815d4ad-795d-45eb-9ad8-9d704f7a3f43,2026-07-27T20:30:00Z,2026-07-27T22:30:00+0200,152.68,EUR/MWh,BE,BE,imbalance_price,Short,2026-08-03T03:49:42Z
2026-08-03T03:49:03Z,2026-08-03T05:49:03+0200,d815d4ad-795d-45eb-9ad8-9d704f7a3f43,2026-07-27T20:45:00Z,2026-07-27T22:45:00+0200,161.57,EUR/MWh,BE,BE,imbalance_price,Long,2026-08-03T03:49:42Z
2026-08-03T03:49:03Z,2026-08-03T05:49:03+0200,d815d4ad-795d-45eb-9ad8-9d704f7a3f43,2026-07-27T20:45:00Z,2026-07-27T22:45:00+0200,161.57,EUR/MWh,BE,BE,imbalance_price,Short,2026-08-03T03:49:42Z
2026-08-03T03:49:03Z,2026-08-03T05:49:03+0200,d815d4ad-795d-45eb-9ad8-9d704f7a3f43,2026-07-27T21:00:00Z,2026-07-27T23:00:00+0200,131.62,EUR/MWh,BE,BE,imbalance_price,Long,2026-08-03T03:49:42Z
2026-08-03T03:49:03Z,2026-08-03T05:49:03+0200,d815d4ad-795d-45eb-9ad8-9d704f7a3f43,2026-07-27T21:00:00Z,2026-07-27T23:00:00+0200,131.62,EUR/MWh,BE,BE,imbalance_price,Short,2026-08-03T03:49:42Z
2026-08-03T03:49:03Z,2026-08-03T05:49:03+0200,d815d4ad-795d-45eb-9ad8-9d704f7a3f43,2026-07-27T21:15:00Z,2026-07-27T23:15:00+0200,138.88,EUR/MWh,BE,BE,imbalance_price,Long,2026-08-03T03:49:42Z
2026-08-03T03:49:03Z,2026-08-03T05:49:03+0200,d815d4ad-795d-45eb-9ad8-9d704f7a3f43,2026-07-27T21:15:00Z,2026-07-27T23:15:00+0200,138.88,EUR/MWh,BE,BE,imbalance_price,Short,2026-08-03T03:49:42Z
2026-08-03T03:49:03Z,2026-08-03T05:49:03+0200,d815d4ad-795d-45eb-9ad8-9d704f7a3f43,2026-07-27T21:30:00Z,2026-07-27T23:30:00+0200,151.35,EUR/MWh,BE,BE,imbalance_price,Long,2026-08-03T03:49:42Z
2026-08-03T03:49:03Z,2026-08-03T05:49:03+0200,d815d4ad-795d-45eb-9ad8-9d704f7a3f43,2026-07-27T21:30:00Z,2026-07-27T23:30:00+0200,151.35,EUR/MWh,BE,BE,imbalance_price,Short,2026-08-03T03:49:42Z
2026-08-03T03:49:03Z,2026-08-03T05:49:03+0200,d815d4ad-795d-45eb-9ad8-9d704f7a3f43,2026-07-27T21:45:00Z,2026-07-27T23:45:00+0200,114.93,EUR/MWh,BE,BE,imbalance_price,Long,2026-08-03T03:49:42Z
2026-08-03T03:49:03Z,2026-08-03T05:49:03+0200,d815d4ad-795d-45eb-9ad8-9d704f7a3f43,2026-07-27T21:45:00Z,2026-07-27T23:45:00+0200,114.93,EUR/MWh,BE,BE,imbalance_price,Short,2026-08-03T03:49:42Z
2026-08-03T03:49:03Z,2026-08-03T05:49:03+0200,d815d4ad-795d-45eb-9ad8-9d704f7a3f43,2026-07-27T22:00:00Z,2026-07-28T00:00:00+0200,165.72,EUR/MWh,BE,BE,imbalance_price,Long,2026-08-03T03:49:42Z
2026-08-03T03:49:03Z,2026-08-03T05:49:03+0200,d815d4ad-795d-45eb-9ad8-9d704f7a3f43,2026-07-27T22:00:00Z,2026-07-28T00:00:00+0200,165.72,EUR/MWh,BE,BE,imbalance_price,Short,2026-08-03T03:49:42Z
2026-08-03T03:49:03Z,2026-08-03T05:49:03+0200,d815d4ad-795d-45eb-9ad8-9d704f7a3f43,2026-07-27T22:15:00Z,2026-07-28T00:15:00+0200,148.36,EUR/MWh,BE,BE,imbalance_price,Long,2026-08-03T03:49:42Z
2026-08-03T03:49:03Z,2026-08-03T05:49:03+0200,d815d4ad-795d-45eb-9ad8-9d704f7a3f43,2026-07-27T22:15:00Z,2026-07-28T00:15:00+0200,148.36,EUR/MWh,BE,BE,imbalance_price,Short,2026-08-03T03:49:42Z
2026-08-03T03:49:03Z,2026-08-03T05:49:03+0200,d815d4ad-795d-45eb-9ad8-9d704f7a3f43,2026-07-27T22:30:00Z,2026-07-28T00:30:00+0200,173.9,EUR/MWh,BE,BE,imbalance_price,Long,2026-08-03T03:49:42Z
2026-08-03T03:49:03Z,2026-08-03T05:49:03+0200,d815d4ad-795d-45eb-9ad8-9d704f7a3f43,2026-07-27T22:30:00Z,2026-07-28T00:30:00+0200,173.9,EUR/MWh,BE,BE,imbalance_price,Short,2026-08-03T03:49:42Z
2026-08-03T03:49:03Z,2026-08-03T05:49:03+0200,d815d4ad-795d-45eb-9ad8-9d704f7a3f43,2026-07-27T22:45:00Z,2026-07-28T00:45:00+0200,142.1,EUR/MWh,BE,BE,imbalance_price,Long,2026-08-03T03:49:42Z
2026-08-03T03:49:03Z,2026-08-03T05:49:03+0200,d815d4ad-795d-45eb-9ad8-9d704f7a3f43,2026-07-27T22:45:00Z,2026-07-28T00:45:00+0200,142.1,EUR/MWh,BE,BE,imbalance_price,Short,2026-08-03T03:49:42Z
2026-08-03T03:49:03Z,2026-08-03T05:49:03+0200,d815d4ad-795d-45eb-9ad8-9d704f7a3f43,2026-07-27T23:00:00Z,2026-07-28T01:00:00+0200,147.08,EUR/MWh,BE,BE,imbalance_price,Long,2026-08-03T03:49:42Z
2026-08-03T03:49:03Z,2026-08-03T05:49:03+0200,d815d4ad-795d-45eb-9ad8-9d704f7a3f43,2026-07-27T23:00:00Z,2026-07-28T01:00:00+0200,147.08,EUR/MWh,BE,BE,imbalance_price,Short,2026-08-03T03:49:42Z
2026-08-03T03:49:03Z,2026-08-03T05:49:03+0200,d815d4ad-795d-45eb-9ad8-9d704f7a3f43,2026-07-27T23:15:00Z,2026-07-28T01:15:00+0200,158.69,EUR/MWh,BE,BE,imbalance_price,Long,2026-08-03T03:49:42Z
2026-08-03T03:49:03Z,2026-08-03T05:49:03+0200,d815d4ad-795d-45eb-9ad8-9d704f7a3f43,2026-07-27T23:15:00Z,2026-07-28T01:15:00+0200,158.69,EUR/MWh,BE,BE,imbalance_price,Short,2026-08-03T03:49:42Z
2026-08-03T03:49:03Z,2026-08-03T05:49:03+0200,d815d4ad-795d-45eb-9ad8-9d704f7a3f43,2026-07-27T23:30:00Z,2026-07-28T01:30:00+0200,149.13,EUR/MWh,BE,BE,imbalance_price,Long,2026-08-03T03:49:42Z
2026-08-03T03:49:03Z,2026-08-03T05:49:03+0200,d815d4ad-795d-45eb-9ad8-9d704f7a3f43,2026-07-27T23:30:00Z,2026-07-28T01:30:00+0200,149.13,EUR/MWh,BE,BE,imbalance_price,Short,2026-08-03T03:49:42Z
2026-08-03T03:49:03Z,2026-08-03T05:49:03+0200,d815d4ad-795d-45eb-9ad8-9d704f7a3f43,2026-07-27T23:45:00Z,2026-07-28T01:45:00+0200,145.67,EUR/MWh,BE,BE,imbalance_price,Long,2026-08-03T03:49:42Z
2026-08-03T03:49:03Z,2026-08-03T05:49:03+0200,d815d4ad-795d-45eb-9ad8-9d704f7a3f43,2026-07-27T23:45:00Z,2026-07-28T01:45:00+0200,145.67,EUR/MWh,BE,BE,imbalance_price,Short,2026-08-03T03:49:42Z
2026-08-03T03:49:03Z,2026-08-03T05:49:03+0200,d815d4ad-795d-45eb-9ad8-9d704f7a3f43,2026-07-28T00:00:00Z,2026-07-28T02:00:00+0200,142.34,EUR/MWh,BE,BE,imbalance_price,Long,2026-08-03T03:49:42Z
2026-08-03T03:49:03Z,2026-08-03T05:49:03+0200,d815d4ad-795d-45eb-9ad8-9d704f7a3f43,2026-07-28T00:00:00Z,2026-07-28T02:00:00+0200,142.34,EUR/MWh,BE,BE,imbalance_price,Short,2026-08-03T03:49:42Z
2026-08-03T03:49:03Z,2026-08-03T05:49:03+0200,d815d4ad-795d-45eb-9ad8-9d704f7a3f43,2026-07-28T00:15:00Z,2026-07-28T02:15:00+0200,137.52,EUR/MWh,BE,BE,imbalance_price,Long,2026-08-03T03:49:42Z
2026-08-03T03:49:03Z,2026-08-03T05:49:03+0200,d815d4ad-795d-45eb-9ad8-9d704f7a3f43,2026-07-28T00:15:00Z,2026-07-28T02:15:00+0200,137.52,EUR/MWh,BE,BE,imbalance_price,Short,2026-08-03T03:49:42Z
2026-08-03T03:49:03Z,2026-08-03T05:49:03+0200,d815d4ad-795d-45eb-9ad8-9d704f7a3f43,2026-07-28T00:30:00Z,2026-07-28T02:30:00+0200,134.32,EUR/MWh,BE,BE,imbalance_price,Long,2026-08-03T03:49:42Z
2026-08-03T03:49:03Z,2026-08-03T05:49:03+0200,d815d4ad-795d-45eb-9ad8-9d704f7a3f43,2026-07-28T00:30:00Z,2026-07-28T02:30:00+0200,134.32,EUR/MWh,BE,BE,imbalance_price,Short,2026-08-03T03:49:42Z
2026-08-03T03:49:03Z,2026-08-03T05:49:03+0200,d815d4ad-795d-45eb-9ad8-9d704f7a3f43,2026-07-28T00:45:00Z,2026-07-28T02:45:00+0200,125.43,EUR/MWh,BE,BE,imbalance_price,Long,2026-08-03T03:49:42Z
2026-08-03T03:49:03Z,2026-08-03T05:49:03+0200,d815d4ad-795d-45eb-9ad8-9d704f7a3f43,2026-07-28T00:45:00Z,2026-07-28T02:45:00+0200,125.43,EUR/MWh,BE,BE,imbalance_price,Short,2026-08-03T03:49:42Z
2026-08-03T03:49:03Z,2026-08-03T05:49:03+0200,d815d4ad-795d-45eb-9ad8-9d704f7a3f43,2026-07-28T01:00:00Z,2026-07-28T03:00:00+0200,133.31,EUR/MWh,BE,BE,imbalance_price,Long,2026-08-03T03:49:42Z
2026-08-03T03:49:03Z,2026-08-03T05:49:03+0200,d815d4ad-795d-45eb-9ad8-9d704f7a3f43,2026-07-28T01:00:00Z,2026-07-28T03:00:00+0200,133.31,EUR/MWh,BE,BE,imbalance_price,Short,2026-08-03T03:49:42Z
2026-08-03T03:49:03Z,2026-08-03T05:49:03+0200,d815d4ad-795d-45eb-9ad8-9d704f7a3f43,2026-07-28T01:15:00Z,2026-07-28T03:15:00+0200,127.33,EUR/MWh,BE,BE,imbalance_price,Long,2026-08-03T03:49:42Z
2026-08-03T03:49:03Z,2026-08-03T05:49:03+0200,d815d4ad-795d-45eb-9ad8-9d704f7a3f43,2026-07-28T01:15:00Z,2026-07-28T03:15:00+0200,127.33,EUR/MWh,BE,BE,imbalance_price,Short,2026-08-03T03:49:42Z
2026-08-03T03:49:03Z,2026-08-03T05:49:03+0200,d815d4ad-795d-45eb-9ad8-9d704f7a3f43,2026-07-28T01:30:00Z,2026-07-28T03:30:00+0200,107.38,EUR/MWh,BE,BE,imbalance_price,Long,2026-08-03T03:49:42Z
2026-08-03T03:49:03Z,2026-08-03T05:49:03+0200,d815d4ad-795d-45eb-9ad8-9d704f7a3f43,2026-07-28T01:30:00Z,2026-07-28T03:30:00+0200,107.38,EUR/MWh,BE,BE,imbalance_price,Short,2026-08-03T03:49:42Z
2026-08-03T03:49:03Z,2026-08-03T05:49:03+0200,d815d4ad-795d-45eb-9ad8-9d704f7a3f43,2026-07-28T01:45:00Z,2026-07-28T03:45:00+0200,94.98,EUR/MWh,BE,BE,imbalance_price,Long,2026-08-03T03:49:42Z
2026-08-03T03:49:03Z,2026-08-03T05:49:03+0200,d815d4ad-795d-45eb-9ad8-9d704f7a3f43,2026-07-28T01:45:00Z,2026-07-28T03:45:00+0200,94.98,EUR/MWh,BE,BE,imbalance_price,Short,2026-08-03T03:49:42Z
2026-08-03T03:49:03Z,2026-08-03T05:49:03+0200,d815d4ad-795d-45eb-9ad8-9d704f7a3f43,2026-07-28T02:00:00Z,2026-07-28T04:00:00+0200,134.4,EUR/MWh,BE,BE,imbalance_price,Long,2026-08-03T03:49:42Z
2026-08-03T03:49:03Z,2026-08-03T05:49:03+0200,d815d4ad-795d-45eb-9ad8-9d704f7a3f43,2026-07-28T02:00:00Z,2026-07-28T04:00:00+0200,134.4,EUR/MWh,BE,BE,imbalance_price,Short,2026-08-03T03:49:42Z
2026-08-03T03:49:03Z,2026-08-03T05:49:03+0200,d815d4ad-795d-45eb-9ad8-9d704f7a3f43,2026-07-28T02:15:00Z,2026-07-28T04:15:00+0200,133.87,EUR/MWh,BE,BE,imbalance_price,Long,2026-08-03T03:49:42Z
2026-08-03T03:49:03Z,2026-08-03T05:49:03+0200,d815d4ad-795d-45eb-9ad8-9d704f7a3f43,2026-07-28T02:15:00Z,2026-07-28T04:15:00+0200,133.87,EUR/MWh,BE,BE,imbalance_price,Short,2026-08-03T03:49:42Z
2026-08-03T03:49:03Z,2026-08-03T05:49:03+0200,d815d4ad-795d-45eb-9ad8-9d704f7a3f43,2026-07-28T02:30:00Z,2026-07-28T04:30:00+0200,136.08,EUR/MWh,BE,BE,imbalance_price,Long,2026-08-03T03:49:42Z
2026-08-03T03:49:03Z,2026-08-03T05:49:03+0200,d815d4ad-795d-45eb-9ad8-9d704f7a3f43,2026-07-28T02:30:00Z,2026-07-28T04:30:00+0200,136.08,EUR/MWh,BE,BE,imbalance_price,Short,2026-08-03T03:49:42Z
2026-08-03T03:49:03Z,2026-08-03T05:49:03+0200,d815d4ad-795d-45eb-9ad8-9d704f7a3f43,2026-07-28T02:45:00Z,2026-07-28T04:45:00+0200,138.86,EUR/MWh,BE,BE,imbalance_price,Long,2026-08-03T03:49:42Z
2026-08-03T03:49:03Z,2026-08-03T05:49:03+0200,d815d4ad-795d-45eb-9ad8-9d704f7a3f43,2026-07-28T02:45:00Z,2026-07-28T04:45:00+0200,138.86,EUR/MWh,BE,BE,imbalance_price,Short,2026-08-03T03:49:42Z
2026-08-03T03:49:03Z,2026-08-03T05:49:03+0200,d815d4ad-795d-45eb-9ad8-9d704f7a3f43,2026-07-28T03:00:00Z,2026-07-28T05:00:00+0200,142.33,EUR/MWh,BE,BE,imbalance_price,Long,2026-08-03T03:49:42Z
2026-08-03T03:49:03Z,2026-08-03T05:49:03+0200,d815d4ad-795d-45eb-9ad8-9d704f7a3f43,2026-07-28T03:00:00Z,2026-07-28T05:00:00+0200,142.33,EUR/MWh,BE,BE,imbalance_price,Short,2026-08-03T03:49:42Z
2026-08-03T03:49:03Z,2026-08-03T05:49:03+0200,d815d4ad-795d-45eb-9ad8-9d704f7a3f43,2026-07-28T03:15:00Z,2026-07-28T05:15:00+0200,146.44,EUR/MWh,BE,BE,imbalance_price,Long,2026-08-03T03:49:42Z
2026-08-03T03:49:03Z,2026-08-03T05:49:03+0200,d815d4ad-795d-45eb-9ad8-9d704f7a3f43,2026-07-28T03:15:00Z,2026-07-28T05:15:00+0200,146.44,EUR/MWh,BE,BE,imbalance_price,Short,2026-08-03T03:49:42Z
2026-08-03T03:49:03Z,2026-08-03T05:49:03+0200,d815d4ad-795d-45eb-9ad8-9d704f7a3f43,2026-07-28T03:30:00Z,2026-07-28T05:30:00+0200,143.05,EUR/MWh,BE,BE,imbalance_price,Long,2026-08-03T03:49:42Z
2026-08-03T03:49:03Z,2026-08-03T05:49:03+0200,d815d4ad-795d-45eb-9ad8-9d704f7a3f43,2026-07-28T03:30:00Z,2026-07-28T05:30:00+0200,143.05,EUR/MWh,BE,BE,imbalance_price,Short,2026-08-03T03:49:42Z
2026-08-03T03:49:03Z,2026-08-03T05:49:03+0200,d815d4ad-795d-45eb-9ad8-9d704f7a3f43,2026-07-28T03:45:00Z,2026-07-28T05:45:00+0200,148.25,EUR/MWh,BE,BE,imbalance_price,Long,2026-08-03T03:49:42Z
2026-08-03T03:49:03Z,2026-08-03T05:49:03+0200,d815d4ad-795d-45eb-9ad8-9d704f7a3f43,2026-07-28T03:45:00Z,2026-07-28T05:45:00+0200,148.25,EUR/MWh,BE,BE,imbalance_price,Short,2026-08-03T03:49:42Z
2026-08-03T03:49:03Z,2026-08-03T05:49:03+0200,d815d4ad-795d-45eb-9ad8-9d704f7a3f43,2026-07-28T04:00:00Z,2026-07-28T06:00:00+0200,141.75,EUR/MWh,BE,BE,imbalance_price,Long,2026-08-03T03:49:42Z
2026-08-03T03:49:03Z,2026-08-03T05:49:03+0200,d815d4ad-795d-45eb-9ad8-9d704f7a3f43,2026-07-28T04:00:00Z,2026-07-28T06:00:00+0200,141.75,EUR/MWh,BE,BE,imbalance_price,Short,2026-08-03T03:49:42Z
2026-08-03T03:49:03Z,2026-08-03T05:49:03+0200,d815d4ad-795d-45eb-9ad8-9d704f7a3f43,2026-07-28T04:15:00Z,2026-07-28T06:15:00+0200,137.23,EUR/MWh,BE,BE,imbalance_price,Long,2026-08-03T03:49:42Z
2026-08-03T03:49:03Z,2026-08-03T05:49:03+0200,d815d4ad-795d-45eb-9ad8-9d704f7a3f43,2026-07-28T04:15:00Z,2026-07-28T06:15:00+0200,137.23,EUR/MWh,BE,BE,imbalance_price,Short,2026-08-03T03:49:42Z
2026-08-03T03:49:03Z,2026-08-03T05:49:03+0200,d815d4ad-795d-45eb-9ad8-9d704f7a3f43,2026-07-28T04:30:00Z,2026-07-28T06:30:00+0200,150.9,EUR/MWh,BE,BE,imbalance_price,Long,2026-08-03T03:49:42Z
2026-08-03T03:49:03Z,2026-08-03T05:49:03+0200,d815d4ad-795d-45eb-9ad8-9d704f7a3f43,2026-07-28T04:30:00Z,2026-07-28T06:30:00+0200,150.9,EUR/MWh,BE,BE,imbalance_price,Short,2026-08-03T03:49:42Z
2026-08-03T03:49:03Z,2026-08-03T05:49:03+0200,d815d4ad-795d-45eb-9ad8-9d704f7a3f43,2026-07-28T04:45:00Z,2026-07-28T06:45:00+0200,130.89,EUR/MWh,BE,BE,imbalance_price,Long,2026-08-03T03:49:42Z
2026-08-03T03:49:03Z,2026-08-03T05:49:03+0200,d815d4ad-795d-45eb-9ad8-9d704f7a3f43,2026-07-28T04:45:00Z,2026-07-28T06:45:00+0200,130.89,EUR/MWh,BE,BE,imbalance_price,Short,2026-08-03T03:49:42Z
2026-08-03T03:49:03Z,2026-08-03T05:49:03+0200,d815d4ad-795d-45eb-9ad8-9d704f7a3f43,2026-07-28T05:00:00Z,2026-07-28T07:00:00+0200,137.78,EUR/MWh,BE,BE,imbalance_price,Long,2026-08-03T03:49:42Z
2026-08-03T03:49:03Z,2026-08-03T05:49:03+0200,d815d4ad-795d-45eb-9ad8-9d704f7a3f43,2026-07-28T05:00:00Z,2026-07-28T07:00:00+0200,137.78,EUR/MWh,BE,BE,imbalance_price,Short,2026-08-03T03:49:42Z
2026-08-03T03:49:03Z,2026-08-03T05:49:03+0200,d815d4ad-795d-45eb-9ad8-9d704f7a3f43,2026-07-28T05:15:00Z,2026-07-28T07:15:00+0200,118.13,EUR/MWh,BE,BE,imbalance_price,Long,2026-08-03T03:49:42Z
2026-08-03T03:49:03Z,2026-08-03T05:49:03+0200,d815d4ad-795d-45eb-9ad8-9d704f7a3f43,2026-07-28T05:15:00Z,2026-07-28T07:15:00+0200,118.13,EUR/MWh,BE,BE,imbalance_price,Short,2026-08-03T03:49:42Z
2026-08-03T03:49:03Z,2026-08-03T05:49:03+0200,d815d4ad-795d-45eb-9ad8-9d704f7a3f43,2026-07-28T05:30:00Z,2026-07-28T07:30:00+0200,79.41,EUR/MWh,BE,BE,imbalance_price,Long,2026-08-03T03:49:42Z
2026-08-03T03:49:03Z,2026-08-03T05:49:03+0200,d815d4ad-795d-45eb-9ad8-9d704f7a3f43,2026-07-28T05:30:00Z,2026-07-28T07:30:00+0200,79.41,EUR/MWh,BE,BE,imbalance_price,Short,2026-08-03T03:49:42Z
2026-08-03T03:49:03Z,2026-08-03T05:49:03+0200,d815d4ad-795d-45eb-9ad8-9d704f7a3f43,2026-07-28T05:45:00Z,2026-07-28T07:45:00+0200,96.87,EUR/MWh,BE,BE,imbalance_price,Long,2026-08-03T03:49:42Z
2026-08-03T03:49:03Z,2026-08-03T05:49:03+0200,d815d4ad-795d-45eb-9ad8-9d704f7a3f43,2026-07-28T05:45:00Z,2026-07-28T07:45:00+0200,96.87,EUR/MWh,BE,BE,imbalance_price,Short,2026-08-03T03:49:42Z
2026-08-03T03:49:03Z,2026-08-03T05:49:03+0200,d815d4ad-795d-45eb-9ad8-9d704f7a3f43,2026-07-28T06:00:00Z,2026-07-28T08:00:00+0200,100.0,EUR/MWh,BE,BE,imbalance_price,Long,2026-08-03T03:49:42Z
2026-08-03T03:49:03Z,2026-08-03T05:49:03+0200,d815d4ad-795d-45eb-9ad8-9d704f7a3f43,2026-07-28T06:00:00Z,2026-07-28T08:00:00+0200,100.0,EUR/MWh,BE,BE,imbalance_price,Short,2026-08-03T03:49:42Z
2026-08-03T03:49:03Z,2026-08-03T05:49:03+0200,d815d4ad-795d-45eb-9ad8-9d704f7a3f43,2026-07-28T06:15:00Z,2026-07-28T08:15:00+0200,48.27,EUR/MWh,BE,BE,imbalance_price,Long,2026-08-03T03:49:42Z
2026-08-03T03:49:03Z,2026-08-03T05:49:03+0200,d815d4ad-795d-45eb-9ad8-9d704f7a3f43,2026-07-28T06:15:00Z,2026-07-28T08:15:00+0200,48.27,EUR/MWh,BE,BE,imbalance_price,Short,2026-08-03T03:49:42Z
2026-08-03T03:49:03Z,2026-08-03T05:49:03+0200,d815d4ad-795d-45eb-9ad8-9d704f7a3f43,2026-07-28T06:30:00Z,2026-07-28T08:30:00+0200,59.18,EUR/MWh,BE,BE,imbalance_price,Long,2026-08-03T03:49:42Z
2026-08-03T03:49:03Z,2026-08-03T05:49:03+0200,d815d4ad-795d-45eb-9ad8-9d704f7a3f43,2026-07-28T06:30:00Z,2026-07-28T08:30:00+0200,59.18,EUR/MWh,BE,BE,imbalance_price,Short,2026-08-03T03:49:42Z
2026-08-03T03:49:03Z,2026-08-03T05:49:03+0200,d815d4ad-795d-45eb-9ad8-9d704f7a3f43,2026-07-28T06:45:00Z,2026-07-28T08:45:00+0200,61.61,EUR/MWh,BE,BE,imbalance_price,Long,2026-08-03T03:49:42Z
2026-08-03T03:49:03Z,2026-08-03T05:49:03+0200,d815d4ad-795d-45eb-9ad8-9d704f7a3f43,2026-07-28T06:45:00Z,2026-07-28T08:45:00+0200,61.61,EUR/MWh,BE,BE,imbalance_price,Short,2026-08-03T03:49:42Z
2026-08-03T03:49:03Z,2026-08-03T05:49:03+0200,d815d4ad-795d-45eb-9ad8-9d704f7a3f43,2026-07-28T07:00:00Z,2026-07-28T09:00:00+0200,59.76,EUR/MWh,BE,BE,imbalance_price,Long,2026-08-03T03:49:42Z
2026-08-03T03:49:03Z,2026-08-03T05:49:03+0200,d815d4ad-795d-45eb-9ad8-9d704f7a3f43,2026-07-28T07:00:00Z,2026-07-28T09:00:00+0200,59.76,EUR/MWh,BE,BE,imbalance_price,Short,2026-08-03T03:49:42Z
2026-08-03T03:49:03Z,2026-08-03T05:49:03+0200,d815d4ad-795d-45eb-9ad8-9d704f7a3f43,2026-07-28T07:15:00Z,2026-07-28T09:15:00+0200,-27.95,EUR/MWh,BE,BE,imbalance_price,Long,2026-08-03T03:49:42Z
2026-08-03T03:49:03Z,2026-08-03T05:49:03+0200,d815d4ad-795d-45eb-9ad8-9d704f7a3f43,2026-07-28T07:15:00Z,2026-07-28T09:15:00+0200,-27.95,EUR/MWh,BE,BE,imbalance_price,Short,2026-08-03T03:49:42Z
2026-08-03T03:49:03Z,2026-08-03T05:49:03+0200,d815d4ad-795d-45eb-9ad8-9d704f7a3f43,2026-07-28T07:30:00Z,2026-07-28T09:30:00+0200,-9.61,EUR/MWh,BE,BE,imbalance_price,Long,2026-08-03T03:49:42Z
2026-08-03T03:49:03Z,2026-08-03T05:49:03+0200,d815d4ad-795d-45eb-9ad8-9d704f7a3f43,2026-07-28T07:30:00Z,2026-07-28T09:30:00+0200,-9.61,EUR/MWh,BE,BE,imbalance_price,Short,2026-08-03T03:49:42Z
2026-08-03T03:49:03Z,2026-08-03T05:49:03+0200,d815d4ad-795d-45eb-9ad8-9d704f7a3f43,2026-07-28T07:45:00Z,2026-07-28T09:45:00+0200,0.6,EUR/MWh,BE,BE,imbalance_price,Long,2026-08-03T03:49:42Z
2026-08-03T03:49:03Z,2026-08-03T05:49:03+0200,d815d4ad-795d-45eb-9ad8-9d704f7a3f43,2026-07-28T07:45:00Z,2026-07-28T09:45:00+0200,0.6,EUR/MWh,BE,BE,imbalance_price,Short,2026-08-03T03:49:42Z
2026-08-03T03:49:03Z,2026-08-03T05:49:03+0200,d815d4ad-795d-45eb-9ad8-9d704f7a3f43,2026-07-28T08:00:00Z,2026-07-28T10:00:00+0200,-8.98,EUR/MWh,BE,BE,imbalance_price,Long,2026-08-03T03:49:42Z
2026-08-03T03:49:03Z,2026-08-03T05:49:03+0200,d815d4ad-795d-45eb-9ad8-9d704f7a3f43,2026-07-28T08:00:00Z,2026-07-28T10:00:00+0200,-8.98,EUR/MWh,BE,BE,imbalance_price,Short,2026-08-03T03:49:42Z
2026-08-03T03:49:03Z,2026-08-03T05:49:03+0200,d815d4ad-795d-45eb-9ad8-9d704f7a3f43,2026-07-28T08:15:00Z,2026-07-28T10:15:00+0200,-23.93,EUR/MWh,BE,BE,imbalance_price,Long,2026-08-03T03:49:42Z
2026-08-03T03:49:03Z,2026-08-03T05:49:03+0200,d815d4ad-795d-45eb-9ad8-9d704f7a3f43,2026-07-28T08:15:00Z,2026-07-28T10:15:00+0200,-23.93,EUR/MWh,BE,BE,imbalance_price,Short,2026-08-03T03:49:42Z
2026-08-03T03:49:03Z,2026-08-03T05:49:03+0200,d815d4ad-795d-45eb-9ad8-9d704f7a3f43,2026-07-28T08:30:00Z,2026-07-28T10:30:00+0200,-3.82,EUR/MWh,BE,BE,imbalance_price,Long,2026-08-03T03:49:42Z
2026-08-03T03:49:03Z,2026-08-03T05:49:03+0200,d815d4ad-795d-45eb-9ad8-9d704f7a3f43,2026-07-28T08:30:00Z,2026-07-28T10:30:00+0200,-3.82,EUR/MWh,BE,BE,imbalance_price,Short,2026-08-03T03:49:42Z
2026-08-03T03:49:03Z,2026-08-03T05:49:03+0200,d815d4ad-795d-45eb-9ad8-9d704f7a3f43,2026-07-28T08:45:00Z,2026-07-28T10:45:00+0200,-4.63,EUR/MWh,BE,BE,imbalance_price,Long,2026-08-03T03:49:42Z
2026-08-03T03:49:03Z,2026-08-03T05:49:03+0200,d815d4ad-795d-45eb-9ad8-9d704f7a3f43,2026-07-28T08:45:00Z,2026-07-28T10:45:00+0200,-4.63,EUR/MWh,BE,BE,imbalance_price,Short,2026-08-03T03:49:42Z
2026-08-03T03:49:03Z,2026-08-03T05:49:03+0200,d815d4ad-795d-45eb-9ad8-9d704f7a3f43,2026-07-28T09:00:00Z,2026-07-28T11:00:00+0200,-5.48,EUR/MWh,BE,BE,imbalance_price,Long,2026-08-03T03:49:42Z
2026-08-03T03:49:03Z,2026-08-03T05:49:03+0200,d815d4ad-795d-45eb-9ad8-9d704f7a3f43,2026-07-28T09:00:00Z,2026-07-28T11:00:00+0200,-5.48,EUR/MWh,BE,BE,imbalance_price,Short,2026-08-03T03:49:42Z
2026-08-03T03:49:03Z,2026-08-03T05:49:03+0200,d815d4ad-795d-45eb-9ad8-9d704f7a3f43,2026-07-28T09:15:00Z,2026-07-28T11:15:00+0200,-6.12,EUR/MWh,BE,BE,imbalance_price,Long,2026-08-03T03:49:42Z
2026-08-03T03:49:03Z,2026-08-03T05:49:03+0200,d815d4ad-795d-45eb-9ad8-9d704f7a3f43,2026-07-28T09:15:00Z,2026-07-28T11:15:00+0200,-6.12,EUR/MWh,BE,BE,imbalance_price,Short,2026-08-03T03:49:42Z
2026-08-03T03:49:03Z,2026-08-03T05:49:03+0200,d815d4ad-795d-45eb-9ad8-9d704f7a3f43,2026-07-28T09:30:00Z,2026-07-28T11:30:00+0200,-1.76,EUR/MWh,BE,BE,imbalance_price,Long,2026-08-03T03:49:42Z
2026-08-03T03:49:03Z,2026-08-03T05:49:03+0200,d815d4ad-795d-45eb-9ad8-9d704f7a3f43,2026-07-28T09:30:00Z,2026-07-28T11:30:00+0200,-1.76,EUR/MWh,BE,BE,imbalance_price,Short,2026-08-03T03:49:42Z
2026-08-03T03:49:03Z,2026-08-03T05:49:03+0200,d815d4ad-795d-45eb-9ad8-9d704f7a3f43,2026-07-28T09:45:00Z,2026-07-28T11:45:00+0200,-8.96,EUR/MWh,BE,BE,imbalance_price,Long,2026-08-03T03:49:42Z
2026-08-03T03:49:03Z,2026-08-03T05:49:03+0200,d815d4ad-795d-45eb-9ad8-9d704f7a3f43,2026-07-28T09:45:00Z,2026-07-28T11:45:00+0200,-8.96,EUR/MWh,BE,BE,imbalance_price,Short,2026-08-03T03:49:42Z
2026-08-03T03:49:03Z,2026-08-03T05:49:03+0200,d815d4ad-795d-45eb-9ad8-9d704f7a3f43,2026-07-28T10:00:00Z,2026-07-28T12:00:00+0200,-5.87,EUR/MWh,BE,BE,imbalance_price,Long,2026-08-03T03:49:42Z
2026-08-03T03:49:03Z,2026-08-03T05:49:03+0200,d815d4ad-795d-45eb-9ad8-9d704f7a3f43,2026-07-28T10:00:00Z,2026-07-28T12:00:00+0200,-5.87,EUR/MWh,BE,BE,imbalance_price,Short,2026-08-03T03:49:42Z
2026-08-03T03:49:03Z,2026-08-03T05:49:03+0200,d815d4ad-795d-45eb-9ad8-9d704f7a3f43,2026-07-28T10:15:00Z,2026-07-28T12:15:00+0200,-3.86,EUR/MWh,BE,BE,imbalance_price,Long,2026-08-03T03:49:42Z
2026-08-03T03:49:03Z,2026-08-03T05:49:03+0200,d815d4ad-795d-45eb-9ad8-9d704f7a3f43,2026-07-28T10:15:00Z,2026-07-28T12:15:00+0200,-3.86,EUR/MWh,BE,BE,imbalance_price,Short,2026-08-03T03:49:42Z
2026-08-03T03:49:03Z,2026-08-03T05:49:03+0200,d815d4ad-795d-45eb-9ad8-9d704f7a3f43,2026-07-28T10:30:00Z,2026-07-28T12:30:00+0200,-5.44,EUR/MWh,BE,BE,imbalance_price,Long,2026-08-03T03:49:42Z
2026-08-03T03:49:03Z,2026-08-03T05:49:03+0200,d815d4ad-795d-45eb-9ad8-9d704f7a3f43,2026-07-28T10:30:00Z,2026-07-28T12:30:00+0200,-5.44,EUR/MWh,BE,BE,imbalance_price,Short,2026-08-03T03:49:42Z
2026-08-03T03:49:03Z,2026-08-03T05:49:03+0200,d815d4ad-795d-45eb-9ad8-9d704f7a3f43,2026-07-28T10:45:00Z,2026-07-28T12:45:00+0200,-3.66,EUR/MWh,BE,BE,imbalance_price,Long,2026-08-03T03:49:42Z
2026-08-03T03:49:03Z,2026-08-03T05:49:03+0200,d815d4ad-795d-45eb-9ad8-9d704f7a3f43,2026-07-28T10:45:00Z,2026-07-28T12:45:00+0200,-3.66,EUR/MWh,BE,BE,imbalance_price,Short,2026-08-03T03:49:42Z
2026-08-03T03:49:03Z,2026-08-03T05:49:03+0200,d815d4ad-795d-45eb-9ad8-9d704f7a3f43,2026-07-28T11:00:00Z,2026-07-28T13:00:00+0200,-2.23,EUR/MWh,BE,BE,imbalance_price,Long,2026-08-03T03:49:42Z
2026-08-03T03:49:03Z,2026-08-03T05:49:03+0200,d815d4ad-795d-45eb-9ad8-9d704f7a3f43,2026-07-28T11:00:00Z,2026-07-28T13:00:00+0200,-2.23,EUR/MWh,BE,BE,imbalance_price,Short,2026-08-03T03:49:42Z
2026-08-03T03:49:03Z,2026-08-03T05:49:03+0200,d815d4ad-795d-45eb-9ad8-9d704f7a3f43,2026-07-28T11:15:00Z,2026-07-28T13:15:00+0200,-3.7,EUR/MWh,BE,BE,imbalance_price,Long,2026-08-03T03:49:42Z
2026-08-03T03:49:03Z,2026-08-03T05:49:03+0200,d815d4ad-795d-45eb-9ad8-9d704f7a3f43,2026-07-28T11:15:00Z,2026-07-28T13:15:00+0200,-3.7,EUR/MWh,BE,BE,imbalance_price,Short,2026-08-03T03:49:42Z
2026-08-03T03:49:03Z,2026-08-03T05:49:03+0200,d815d4ad-795d-45eb-9ad8-9d704f7a3f43,2026-07-28T11:30:00Z,2026-07-28T13:30:00+0200,-3.94,EUR/MWh,BE,BE,imbalance_price,Long,2026-08-03T03:49:42Z
2026-08-03T03:49:03Z,2026-08-03T05:49:03+0200,d815d4ad-795d-45eb-9ad8-9d704f7a3f43,2026-07-28T11:30:00Z,2026-07-28T13:30:00+0200,-3.94,EUR/MWh,BE,BE,imbalance_price,Short,2026-08-03T03:49:42Z
2026-08-03T03:49:03Z,2026-08-03T05:49:03+0200,d815d4ad-795d-45eb-9ad8-9d704f7a3f43,2026-07-28T11:45:00Z,2026-07-28T13:45:00+0200,-2.23,EUR/MWh,BE,BE,imbalance_price,Long,2026-08-03T03:49:42Z
2026-08-03T03:49:03Z,2026-08-03T05:49:03+0200,d815d4ad-795d-45eb-9ad8-9d704f7a3f43,2026-07-28T11:45:00Z,2026-07-28T13:45:00+0200,-2.23,EUR/MWh,BE,BE,imbalance_price,Short,2026-08-03T03:49:42Z
2026-08-03T03:49:03Z,2026-08-03T05:49:03+0200,d815d4ad-795d-45eb-9ad8-9d704f7a3f43,2026-07-28T12:00:00Z,2026-07-28T14:00:00+0200,-18.56,EUR/MWh,BE,BE,imbalance_price,Long,2026-08-03T03:49:42Z
2026-08-03T03:49:03Z,2026-08-03T05:49:03+0200,d815d4ad-795d-45eb-9ad8-9d704f7a3f43,2026-07-28T12:00:00Z,2026-07-28T14:00:00+0200,-18.56,EUR/MWh,BE,BE,imbalance_price,Short,2026-08-03T03:49:42Z
2026-08-03T03:49:03Z,2026-08-03T05:49:03+0200,d815d4ad-795d-45eb-9ad8-9d704f7a3f43,2026-07-28T12:15:00Z,2026-07-28T14:15:00+0200,-22.66,EUR/MWh,BE,BE,imbalance_price,Long,2026-08-03T03:49:42Z
2026-08-03T03:49:03Z,2026-08-03T05:49:03+0200,d815d4ad-795d-45eb-9ad8-9d704f7a3f43,2026-07-28T12:15:00Z,2026-07-28T14:15:00+0200,-22.66,EUR/MWh,BE,BE,imbalance_price,Short,2026-08-03T03:49:42Z
2026-08-03T03:49:03Z,2026-08-03T05:49:03+0200,d815d4ad-795d-45eb-9ad8-9d704f7a3f43,2026-07-28T12:30:00Z,2026-07-28T14:30:00+0200,-20.26,EUR/MWh,BE,BE,imbalance_price,Long,2026-08-03T03:49:42Z
2026-08-03T03:49:03Z,2026-08-03T05:49:03+0200,d815d4ad-795d-45eb-9ad8-9d704f7a3f43,2026-07-28T12:30:00Z,2026-07-28T14:30:00+0200,-20.26,EUR/MWh,BE,BE,imbalance_price,Short,2026-08-03T03:49:42Z
2026-08-03T03:49:03Z,2026-08-03T05:49:03+0200,d815d4ad-795d-45eb-9ad8-9d704f7a3f43,2026-07-28T12:45:00Z,2026-07-28T14:45:00+0200,-16.79,EUR/MWh,BE,BE,imbalance_price,Long,2026-08-03T03:49:42Z
2026-08-03T03:49:03Z,2026-08-03T05:49:03+0200,d815d4ad-795d-45eb-9ad8-9d704f7a3f43,2026-07-28T12:45:00Z,2026-07-28T14:45:00+0200,-16.79,EUR/MWh,BE,BE,imbalance_price,Short,2026-08-03T03:49:42Z
2026-08-03T03:49:03Z,2026-08-03T05:49:03+0200,d815d4ad-795d-45eb-9ad8-9d704f7a3f43,2026-07-28T13:00:00Z,2026-07-28T15:00:00+0200,-25.0,EUR/MWh,BE,BE,imbalance_price,Long,2026-08-03T03:49:42Z
2026-08-03T03:49:03Z,2026-08-03T05:49:03+0200,d815d4ad-795d-45eb-9ad8-9d704f7a3f43,2026-07-28T13:00:00Z,2026-07-28T15:00:00+0200,-25.0,EUR/MWh,BE,BE,imbalance_price,Short,2026-08-03T03:49:42Z
2026-08-03T03:49:03Z,2026-08-03T05:49:03+0200,d815d4ad-795d-45eb-9ad8-9d704f7a3f43,2026-07-28T13:15:00Z,2026-07-28T15:15:00+0200,-11.18,EUR/MWh,BE,BE,imbalance_price,Long,2026-08-03T03:49:42Z
2026-08-03T03:49:03Z,2026-08-03T05:49:03+0200,d815d4ad-795d-45eb-9ad8-9d704f7a3f43,2026-07-28T13:15:00Z,2026-07-28T15:15:00+0200,-11.18,EUR/MWh,BE,BE,imbalance_price,Short,2026-08-03T03:49:42Z
2026-08-03T03:49:03Z,2026-08-03T05:49:03+0200,d815d4ad-795d-45eb-9ad8-9d704f7a3f43,2026-07-28T13:30:00Z,2026-07-28T15:30:00+0200,-10.11,EUR/MWh,BE,BE,imbalance_price,Long,2026-08-03T03:49:42Z
2026-08-03T03:49:03Z,2026-08-03T05:49:03+0200,d815d4ad-795d-45eb-9ad8-9d704f7a3f43,2026-07-28T13:30:00Z,2026-07-28T15:30:00+0200,-10.11,EUR/MWh,BE,BE,imbalance_price,Short,2026-08-03T03:49:42Z
2026-08-03T03:49:03Z,2026-08-03T05:49:03+0200,d815d4ad-795d-45eb-9ad8-9d704f7a3f43,2026-07-28T13:45:00Z,2026-07-28T15:45:00+0200,-483.75,EUR/MWh,BE,BE,imbalance_price,Long,2026-08-03T03:49:42Z
2026-08-03T03:49:03Z,2026-08-03T05:49:03+0200,d815d4ad-795d-45eb-9ad8-9d704f7a3f43,2026-07-28T13:45:00Z,2026-07-28T15:45:00+0200,-483.75,EUR/MWh,BE,BE,imbalance_price,Short,2026-08-03T03:49:42Z
2026-08-03T03:49:03Z,2026-08-03T05:49:03+0200,d815d4ad-795d-45eb-9ad8-9d704f7a3f43,2026-07-28T14:00:00Z,2026-07-28T16:00:00+0200,-19.47,EUR/MWh,BE,BE,imbalance_price,Long,2026-08-03T03:49:42Z
2026-08-03T03:49:03Z,2026-08-03T05:49:03+0200,d815d4ad-795d-45eb-9ad8-9d704f7a3f43,2026-07-28T14:00:00Z,2026-07-28T16:00:00+0200,-19.47,EUR/MWh,BE,BE,imbalance_price,Short,2026-08-03T03:49:42Z
2026-08-03T03:49:03Z,2026-08-03T05:49:03+0200,d815d4ad-795d-45eb-9ad8-9d704f7a3f43,2026-07-28T14:15:00Z,2026-07-28T16:15:00+0200,-1.0,EUR/MWh,BE,BE,imbalance_price,Long,2026-08-03T03:49:42Z
2026-08-03T03:49:03Z,2026-08-03T05:49:03+0200,d815d4ad-795d-45eb-9ad8-9d704f7a3f43,2026-07-28T14:15:00Z,2026-07-28T16:15:00+0200,-1.0,EUR/MWh,BE,BE,imbalance_price,Short,2026-08-03T03:49:42Z
2026-08-03T03:49:03Z,2026-08-03T05:49:03+0200,d815d4ad-795d-45eb-9ad8-9d704f7a3f43,2026-07-28T14:30:00Z,2026-07-28T16:30:00+0200,-2.14,EUR/MWh,BE,BE,imbalance_price,Long,2026-08-03T03:49:42Z
2026-08-03T03:49:03Z,2026-08-03T05:49:03+0200,d815d4ad-795d-45eb-9ad8-9d704f7a3f43,2026-07-28T14:30:00Z,2026-07-28T16:30:00+0200,-2.14,EUR/MWh,BE,BE,imbalance_price,Short,2026-08-03T03:49:42Z
2026-08-03T03:49:03Z,2026-08-03T05:49:03+0200,d815d4ad-795d-45eb-9ad8-9d704f7a3f43,2026-07-28T14:45:00Z,2026-07-28T16:45:00+0200,4.44,EUR/MWh,BE,BE,imbalance_price,Long,2026-08-03T03:49:42Z
2026-08-03T03:49:03Z,2026-08-03T05:49:03+0200,d815d4ad-795d-45eb-9ad8-9d704f7a3f43,2026-07-28T14:45:00Z,2026-07-28T16:45:00+0200,4.44,EUR/MWh,BE,BE,imbalance_price,Short,2026-08-03T03:49:42Z
2026-08-03T03:49:03Z,2026-08-03T05:49:03+0200,d815d4ad-795d-45eb-9ad8-9d704f7a3f43,2026-07-28T15:00:00Z,2026-07-28T17:00:00+0200,48.16,EUR/MWh,BE,BE,imbalance_price,Long,2026-08-03T03:49:42Z
2026-08-03T03:49:03Z,2026-08-03T05:49:03+0200,d815d4ad-795d-45eb-9ad8-9d704f7a3f43,2026-07-28T15:00:00Z,2026-07-28T17:00:00+0200,48.16,EUR/MWh,BE,BE,imbalance_price,Short,2026-08-03T03:49:42Z
2026-08-03T03:49:03Z,2026-08-03T05:49:03+0200,d815d4ad-795d-45eb-9ad8-9d704f7a3f43,2026-07-28T15:15:00Z,2026-07-28T17:15:00+0200,69.05,EUR/MWh,BE,BE,imbalance_price,Long,2026-08-03T03:49:42Z
2026-08-03T03:49:03Z,2026-08-03T05:49:03+0200,d815d4ad-795d-45eb-9ad8-9d704f7a3f43,2026-07-28T15:15:00Z,2026-07-28T17:15:00+0200,69.05,EUR/MWh,BE,BE,imbalance_price,Short,2026-08-03T03:49:42Z
2026-08-03T03:49:03Z,2026-08-03T05:49:03+0200,d815d4ad-795d-45eb-9ad8-9d704f7a3f43,2026-07-28T15:30:00Z,2026-07-28T17:30:00+0200,53.22,EUR/MWh,BE,BE,imbalance_price,Long,2026-08-03T03:49:42Z
2026-08-03T03:49:03Z,2026-08-03T05:49:03+0200,d815d4ad-795d-45eb-9ad8-9d704f7a3f43,2026-07-28T15:30:00Z,2026-07-28T17:30:00+0200,53.22,EUR/MWh,BE,BE,imbalance_price,Short,2026-08-03T03:49:42Z
2026-08-03T03:49:03Z,2026-08-03T05:49:03+0200,d815d4ad-795d-45eb-9ad8-9d704f7a3f43,2026-07-28T15:45:00Z,2026-07-28T17:45:00+0200,144.35,EUR/MWh,BE,BE,imbalance_price,Long,2026-08-03T03:49:42Z
2026-08-03T03:49:03Z,2026-08-03T05:49:03+0200,d815d4ad-795d-45eb-9ad8-9d704f7a3f43,2026-07-28T15:45:00Z,2026-07-28T17:45:00+0200,144.35,EUR/MWh,BE,BE,imbalance_price,Short,2026-08-03T03:49:42Z
2026-08-03T03:49:03Z,2026-08-03T05:49:03+0200,d815d4ad-795d-45eb-9ad8-9d704f7a3f43,2026-07-28T16:00:00Z,2026-07-28T18:00:00+0200,147.58,EUR/MWh,BE,BE,imbalance_price,Long,2026-08-03T03:49:42Z
2026-08-03T03:49:03Z,2026-08-03T05:49:03+0200,d815d4ad-795d-45eb-9ad8-9d704f7a3f43,2026-07-28T16:00:00Z,2026-07-28T18:00:00+0200,147.58,EUR/MWh,BE,BE,imbalance_price,Short,2026-08-03T03:49:42Z
2026-08-03T03:49:03Z,2026-08-03T05:49:03+0200,d815d4ad-795d-45eb-9ad8-9d704f7a3f43,2026-07-28T16:15:00Z,2026-07-28T18:15:00+0200,153.17,EUR/MWh,BE,BE,imbalance_price,Long,2026-08-03T03:49:42Z
2026-08-03T03:49:03Z,2026-08-03T05:49:03+0200,d815d4ad-795d-45eb-9ad8-9d704f7a3f43,2026-07-28T16:15:00Z,2026-07-28T18:15:00+0200,153.17,EUR/MWh,BE,BE,imbalance_price,Short,2026-08-03T03:49:42Z
2026-08-03T03:49:03Z,2026-08-03T05:49:03+0200,d815d4ad-795d-45eb-9ad8-9d704f7a3f43,2026-07-28T16:30:00Z,2026-07-28T18:30:00+0200,179.61,EUR/MWh,BE,BE,imbalance_price,Long,2026-08-03T03:49:42Z
2026-08-03T03:49:03Z,2026-08-03T05:49:03+0200,d815d4ad-795d-45eb-9ad8-9d704f7a3f43,2026-07-28T16:30:00Z,2026-07-28T18:30:00+0200,179.61,EUR/MWh,BE,BE,imbalance_price,Short,2026-08-03T03:49:42Z
2026-08-03T03:49:03Z,2026-08-03T05:49:03+0200,d815d4ad-795d-45eb-9ad8-9d704f7a3f43,2026-07-28T16:45:00Z,2026-07-28T18:45:00+0200,179.4,EUR/MWh,BE,BE,imbalance_price,Long,2026-08-03T03:49:42Z
2026-08-03T03:49:03Z,2026-08-03T05:49:03+0200,d815d4ad-795d-45eb-9ad8-9d704f7a3f43,2026-07-28T16:45:00Z,2026-07-28T18:45:00+0200,179.4,EUR/MWh,BE,BE,imbalance_price,Short,2026-08-03T03:49:42Z
2026-08-03T03:49:03Z,2026-08-03T05:49:03+0200,d815d4ad-795d-45eb-9ad8-9d704f7a3f43,2026-07-28T17:00:00Z,2026-07-28T19:00:00+0200,176.0,EUR/MWh,BE,BE,imbalance_price,Long,2026-08-03T03:49:42Z
2026-08-03T03:49:03Z,2026-08-03T05:49:03+0200,d815d4ad-795d-45eb-9ad8-9d704f7a3f43,2026-07-28T17:00:00Z,2026-07-28T19:00:00+0200,176.0,EUR/MWh,BE,BE,imbalance_price,Short,2026-08-03T03:49:42Z
2026-08-03T03:49:03Z,2026-08-03T05:49:03+0200,d815d4ad-795d-45eb-9ad8-9d704f7a3f43,2026-07-28T17:15:00Z,2026-07-28T19:15:00+0200,198.68,EUR/MWh,BE,BE,imbalance_price,Long,2026-08-03T03:49:42Z
2026-08-03T03:49:03Z,2026-08-03T05:49:03+0200,d815d4ad-795d-45eb-9ad8-9d704f7a3f43,2026-07-28T17:15:00Z,2026-07-28T19:15:00+0200,198.68,EUR/MWh,BE,BE,imbalance_price,Short,2026-08-03T03:49:42Z
2026-08-03T03:49:03Z,2026-08-03T05:49:03+0200,d815d4ad-795d-45eb-9ad8-9d704f7a3f43,2026-07-28T17:30:00Z,2026-07-28T19:30:00+0200,179.16,EUR/MWh,BE,BE,imbalance_price,Long,2026-08-03T03:49:42Z
2026-08-03T03:49:03Z,2026-08-03T05:49:03+0200,d815d4ad-795d-45eb-9ad8-9d704f7a3f43,2026-07-28T17:30:00Z,2026-07-28T19:30:00+0200,179.16,EUR/MWh,BE,BE,imbalance_price,Short,2026-08-03T03:49:42Z
2026-08-03T03:49:03Z,2026-08-03T05:49:03+0200,d815d4ad-795d-45eb-9ad8-9d704f7a3f43,2026-07-28T17:45:00Z,2026-07-28T19:45:00+0200,151.2,EUR/MWh,BE,BE,imbalance_price,Long,2026-08-03T03:49:42Z
2026-08-03T03:49:03Z,2026-08-03T05:49:03+0200,d815d4ad-795d-45eb-9ad8-9d704f7a3f43,2026-07-28T17:45:00Z,2026-07-28T19:45:00+0200,151.2,EUR/MWh,BE,BE,imbalance_price,Short,2026-08-03T03:49:42Z
2026-08-03T03:49:03Z,2026-08-03T05:49:03+0200,d815d4ad-795d-45eb-9ad8-9d704f7a3f43,2026-07-28T18:00:00Z,2026-07-28T20:00:00+0200,203.48,EUR/MWh,BE,BE,imbalance_price,Long,2026-08-03T03:49:42Z
2026-08-03T03:49:03Z,2026-08-03T05:49:03+0200,d815d4ad-795d-45eb-9ad8-9d704f7a3f43,2026-07-28T18:00:00Z,2026-07-28T20:00:00+0200,203.48,EUR/MWh,BE,BE,imbalance_price,Short,2026-08-03T03:49:42Z
2026-08-03T03:49:03Z,2026-08-03T05:49:03+0200,d815d4ad-795d-45eb-9ad8-9d704f7a3f43,2026-07-28T18:15:00Z,2026-07-28T20:15:00+0200,200.37,EUR/MWh,BE,BE,imbalance_price,Long,2026-08-03T03:49:42Z
2026-08-03T03:49:03Z,2026-08-03T05:49:03+0200,d815d4ad-795d-45eb-9ad8-9d704f7a3f43,2026-07-28T18:15:00Z,2026-07-28T20:15:00+0200,200.37,EUR/MWh,BE,BE,imbalance_price,Short,2026-08-03T03:49:42Z
2026-08-03T03:49:03Z,2026-08-03T05:49:03+0200,d815d4ad-795d-45eb-9ad8-9d704f7a3f43,2026-07-28T18:30:00Z,2026-07-28T20:30:00+0200,225.0,EUR/MWh,BE,BE,imbalance_price,Long,2026-08-03T03:49:42Z
2026-08-03T03:49:03Z,2026-08-03T05:49:03+0200,d815d4ad-795d-45eb-9ad8-9d704f7a3f43,2026-07-28T18:30:00Z,2026-07-28T20:30:00+0200,225.0,EUR/MWh,BE,BE,imbalance_price,Short,2026-08-03T03:49:42Z
2026-08-03T03:49:03Z,2026-08-03T05:49:03+0200,d815d4ad-795d-45eb-9ad8-9d704f7a3f43,2026-07-28T18:45:00Z,2026-07-28T20:45:00+0200,227.37,EUR/MWh,BE,BE,imbalance_price,Long,2026-08-03T03:49:42Z
2026-08-03T03:49:03Z,2026-08-03T05:49:03+0200,d815d4ad-795d-45eb-9ad8-9d704f7a3f43,2026-07-28T18:45:00Z,2026-07-28T20:45:00+0200,227.37,EUR/MWh,BE,BE,imbalance_price,Short,2026-08-03T03:49:42Z
2026-08-03T03:49:03Z,2026-08-03T05:49:03+0200,d815d4ad-795d-45eb-9ad8-9d704f7a3f43,2026-07-28T19:00:00Z,2026-07-28T21:00:00+0200,249.03,EUR/MWh,BE,BE,imbalance_price,Long,2026-08-03T03:49:42Z
2026-08-03T03:49:03Z,2026-08-03T05:49:03+0200,d815d4ad-795d-45eb-9ad8-9d704f7a3f43,2026-07-28T19:00:00Z,2026-07-28T21:00:00+0200,249.03,EUR/MWh,BE,BE,imbalance_price,Short,2026-08-03T03:49:42Z
2026-08-03T03:49:03Z,2026-08-03T05:49:03+0200,d815d4ad-795d-45eb-9ad8-9d704f7a3f43,2026-07-28T19:15:00Z,2026-07-28T21:15:00+0200,278.07,EUR/MWh,BE,BE,imbalance_price,Long,2026-08-03T03:49:42Z
2026-08-03T03:49:03Z,2026-08-03T05:49:03+0200,d815d4ad-795d-45eb-9ad8-9d704f7a3f43,2026-07-28T19:15:00Z,2026-07-28T21:15:00+0200,278.07,EUR/MWh,BE,BE,imbalance_price,Short,2026-08-03T03:49:42Z
2026-08-03T03:49:03Z,2026-08-03T05:49:03+0200,d815d4ad-795d-45eb-9ad8-9d704f7a3f43,2026-07-28T19:30:00Z,2026-07-28T21:30:00+0200,222.15,EUR/MWh,BE,BE,imbalance_price,Long,2026-08-03T03:49:42Z
2026-08-03T03:49:03Z,2026-08-03T05:49:03+0200,d815d4ad-795d-45eb-9ad8-9d704f7a3f43,2026-07-28T19:30:00Z,2026-07-28T21:30:00+0200,222.15,EUR/MWh,BE,BE,imbalance_price,Short,2026-08-03T03:49:42Z
2026-08-03T03:49:03Z,2026-08-03T05:49:03+0200,d815d4ad-795d-45eb-9ad8-9d704f7a3f43,2026-07-28T19:45:00Z,2026-07-28T21:45:00+0200,207.48,EUR/MWh,BE,BE,imbalance_price,Long,2026-08-03T03:49:42Z
2026-08-03T03:49:03Z,2026-08-03T05:49:03+0200,d815d4ad-795d-45eb-9ad8-9d704f7a3f43,2026-07-28T19:45:00Z,2026-07-28T21:45:00+0200,207.48,EUR/MWh,BE,BE,imbalance_price,Short,2026-08-03T03:49:42Z
2026-08-03T03:49:03Z,2026-08-03T05:49:03+0200,d815d4ad-795d-45eb-9ad8-9d704f7a3f43,2026-07-28T20:00:00Z,2026-07-28T22:00:00+0200,200.9,EUR/MWh,BE,BE,imbalance_price,Long,2026-08-03T03:49:42Z
2026-08-03T03:49:03Z,2026-08-03T05:49:03+0200,d815d4ad-795d-45eb-9ad8-9d704f7a3f43,2026-07-28T20:00:00Z,2026-07-28T22:00:00+0200,200.9,EUR/MWh,BE,BE,imbalance_price,Short,2026-08-03T03:49:42Z
2026-08-03T03:49:03Z,2026-08-03T05:49:03+0200,d815d4ad-795d-45eb-9ad8-9d704f7a3f43,2026-07-28T20:15:00Z,2026-07-28T22:15:00+0200,306.75,EUR/MWh,BE,BE,imbalance_price,Long,2026-08-03T03:49:42Z
2026-08-03T03:49:03Z,2026-08-03T05:49:03+0200,d815d4ad-795d-45eb-9ad8-9d704f7a3f43,2026-07-28T20:15:00Z,2026-07-28T22:15:00+0200,306.75,EUR/MWh,BE,BE,imbalance_price,Short,2026-08-03T03:49:42Z
2026-08-03T03:49:03Z,2026-08-03T05:49:03+0200,d815d4ad-795d-45eb-9ad8-9d704f7a3f43,2026-07-28T20:30:00Z,2026-07-28T22:30:00+0200,822.0,EUR/MWh,BE,BE,imbalance_price,Long,2026-08-03T03:49:42Z
2026-08-03T03:49:03Z,2026-08-03T05:49:03+0200,d815d4ad-795d-45eb-9ad8-9d704f7a3f43,2026-07-28T20:30:00Z,2026-07-28T22:30:00+0200,822.0,EUR/MWh,BE,BE,imbalance_price,Short,2026-08-03T03:49:42Z
2026-08-03T03:49:03Z,2026-08-03T05:49:03+0200,d815d4ad-795d-45eb-9ad8-9d704f7a3f43,2026-07-28T20:45:00Z,2026-07-28T22:45:00+0200,140.8,EUR/MWh,BE,BE,imbalance_price,Long,2026-08-03T03:49:42Z
2026-08-03T03:49:03Z,2026-08-03T05:49:03+0200,d815d4ad-795d-45eb-9ad8-9d704f7a3f43,2026-07-28T20:45:00Z,2026-07-28T22:45:00+0200,140.8,EUR/MWh,BE,BE,imbalance_price,Short,2026-08-03T03:49:42Z
2026-08-03T03:49:03Z,2026-08-03T05:49:03+0200,d815d4ad-795d-45eb-9ad8-9d704f7a3f43,2026-07-28T21:00:00Z,2026-07-28T23:00:00+0200,180.8,EUR/MWh,BE,BE,imbalance_price,Long,2026-08-03T03:49:42Z
2026-08-03T03:49:03Z,2026-08-03T05:49:03+0200,d815d4ad-795d-45eb-9ad8-9d704f7a3f43,2026-07-28T21:00:00Z,2026-07-28T23:00:00+0200,180.8,EUR/MWh,BE,BE,imbalance_price,Short,2026-08-03T03:49:42Z
2026-08-03T03:49:03Z,2026-08-03T05:49:03+0200,d815d4ad-795d-45eb-9ad8-9d704f7a3f43,2026-07-28T21:15:00Z,2026-07-28T23:15:00+0200,172.58,EUR/MWh,BE,BE,imbalance_price,Long,2026-08-03T03:49:42Z
2026-08-03T03:49:03Z,2026-08-03T05:49:03+0200,d815d4ad-795d-45eb-9ad8-9d704f7a3f43,2026-07-28T21:15:00Z,2026-07-28T23:15:00+0200,172.58,EUR/MWh,BE,BE,imbalance_price,Short,2026-08-03T03:49:42Z
2026-08-03T03:49:03Z,2026-08-03T05:49:03+0200,d815d4ad-795d-45eb-9ad8-9d704f7a3f43,2026-07-28T21:30:00Z,2026-07-28T23:30:00+0200,174.69,EUR/MWh,BE,BE,imbalance_price,Long,2026-08-03T03:49:42Z
2026-08-03T03:49:03Z,2026-08-03T05:49:03+0200,d815d4ad-795d-45eb-9ad8-9d704f7a3f43,2026-07-28T21:30:00Z,2026-07-28T23:30:00+0200,174.69,EUR/MWh,BE,BE,imbalance_price,Short,2026-08-03T03:49:42Z
2026-08-03T03:49:03Z,2026-08-03T05:49:03+0200,d815d4ad-795d-45eb-9ad8-9d704f7a3f43,2026-07-28T21:45:00Z,2026-07-28T23:45:00+0200,117.09,EUR/MWh,BE,BE,imbalance_price,Long,2026-08-03T03:49:42Z
2026-08-03T03:49:03Z,2026-08-03T05:49:03+0200,d815d4ad-795d-45eb-9ad8-9d704f7a3f43,2026-07-28T21:45:00Z,2026-07-28T23:45:00+0200,117.09,EUR/MWh,BE,BE,imbalance_price,Short,2026-08-03T03:49:42Z
2026-08-03T03:49:03Z,2026-08-03T05:49:03+0200,d815d4ad-795d-45eb-9ad8-9d704f7a3f43,2026-07-28T22:00:00Z,2026-07-29T00:00:00+0200,127.23,EUR/MWh,BE,BE,imbalance_price,Long,2026-08-03T03:49:42Z
2026-08-03T03:49:03Z,2026-08-03T05:49:03+0200,d815d4ad-795d-45eb-9ad8-9d704f7a3f43,2026-07-28T22:00:00Z,2026-07-29T00:00:00+0200,127.23,EUR/MWh,BE,BE,imbalance_price,Short,2026-08-03T03:49:42Z
2026-08-03T03:49:03Z,2026-08-03T05:49:03+0200,d815d4ad-795d-45eb-9ad8-9d704f7a3f43,2026-07-28T22:15:00Z,2026-07-29T00:15:00+0200,151.06,EUR/MWh,BE,BE,imbalance_price,Long,2026-08-03T03:49:42Z
2026-08-03T03:49:03Z,2026-08-03T05:49:03+0200,d815d4ad-795d-45eb-9ad8-9d704f7a3f43,2026-07-28T22:15:00Z,2026-07-29T00:15:00+0200,151.06,EUR/MWh,BE,BE,imbalance_price,Short,2026-08-03T03:49:42Z
2026-08-03T03:49:03Z,2026-08-03T05:49:03+0200,d815d4ad-795d-45eb-9ad8-9d704f7a3f43,2026-07-28T22:30:00Z,2026-07-29T00:30:00+0200,177.1,EUR/MWh,BE,BE,imbalance_price,Long,2026-08-03T03:49:42Z
2026-08-03T03:49:03Z,2026-08-03T05:49:03+0200,d815d4ad-795d-45eb-9ad8-9d704f7a3f43,2026-07-28T22:30:00Z,2026-07-29T00:30:00+0200,177.1,EUR/MWh,BE,BE,imbalance_price,Short,2026-08-03T03:49:42Z
2026-08-03T03:49:03Z,2026-08-03T05:49:03+0200,d815d4ad-795d-45eb-9ad8-9d704f7a3f43,2026-07-28T22:45:00Z,2026-07-29T00:45:00+0200,138.18,EUR/MWh,BE,BE,imbalance_price,Long,2026-08-03T03:49:42Z
2026-08-03T03:49:03Z,2026-08-03T05:49:03+0200,d815d4ad-795d-45eb-9ad8-9d704f7a3f43,2026-07-28T22:45:00Z,2026-07-29T00:45:00+0200,138.18,EUR/MWh,BE,BE,imbalance_price,Short,2026-08-03T03:49:42Z
2026-08-03T03:49:03Z,2026-08-03T05:49:03+0200,d815d4ad-795d-45eb-9ad8-9d704f7a3f43,2026-07-28T23:00:00Z,2026-07-29T01:00:00+0200,141.84,EUR/MWh,BE,BE,imbalance_price,Long,2026-08-03T03:49:42Z
2026-08-03T03:49:03Z,2026-08-03T05:49:03+0200,d815d4ad-795d-45eb-9ad8-9d704f7a3f43,2026-07-28T23:00:00Z,2026-07-29T01:00:00+0200,141.84,EUR/MWh,BE,BE,imbalance_price,Short,2026-08-03T03:49:42Z
2026-08-03T03:49:03Z,2026-08-03T05:49:03+0200,d815d4ad-795d-45eb-9ad8-9d704f7a3f43,2026-07-28T23:15:00Z,2026-07-29T01:15:00+0200,138.83,EUR/MWh,BE,BE,imbalance_price,Long,2026-08-03T03:49:42Z
2026-08-03T03:49:03Z,2026-08-03T05:49:03+0200,d815d4ad-795d-45eb-9ad8-9d704f7a3f43,2026-07-28T23:15:00Z,2026-07-29T01:15:00+0200,138.83,EUR/MWh,BE,BE,imbalance_price,Short,2026-08-03T03:49:42Z
2026-08-03T03:49:03Z,2026-08-03T05:49:03+0200,d815d4ad-795d-45eb-9ad8-9d704f7a3f43,2026-07-28T23:30:00Z,2026-07-29T01:30:00+0200,124.8,EUR/MWh,BE,BE,imbalance_price,Long,2026-08-03T03:49:42Z
2026-08-03T03:49:03Z,2026-08-03T05:49:03+0200,d815d4ad-795d-45eb-9ad8-9d704f7a3f43,2026-07-28T23:30:00Z,2026-07-29T01:30:00+0200,124.8,EUR/MWh,BE,BE,imbalance_price,Short,2026-08-03T03:49:42Z
2026-08-03T03:49:03Z,2026-08-03T05:49:03+0200,d815d4ad-795d-45eb-9ad8-9d704f7a3f43,2026-07-28T23:45:00Z,2026-07-29T01:45:00+0200,128.92,EUR/MWh,BE,BE,imbalance_price,Long,2026-08-03T03:49:42Z
2026-08-03T03:49:03Z,2026-08-03T05:49:03+0200,d815d4ad-795d-45eb-9ad8-9d704f7a3f43,2026-07-28T23:45:00Z,2026-07-29T01:45:00+0200,128.92,EUR/MWh,BE,BE,imbalance_price,Short,2026-08-03T03:49:42Z
2026-08-03T03:49:03Z,2026-08-03T05:49:03+0200,d815d4ad-795d-45eb-9ad8-9d704f7a3f43,2026-07-29T00:00:00Z,2026-07-29T02:00:00+0200,136.26,EUR/MWh,BE,BE,imbalance_price,Long,2026-08-03T03:49:42Z
2026-08-03T03:49:03Z,2026-08-03T05:49:03+0200,d815d4ad-795d-45eb-9ad8-9d704f7a3f43,2026-07-29T00:00:00Z,2026-07-29T02:00:00+0200,136.26,EUR/MWh,BE,BE,imbalance_price,Short,2026-08-03T03:49:42Z
2026-08-03T03:49:03Z,2026-08-03T05:49:03+0200,d815d4ad-795d-45eb-9ad8-9d704f7a3f43,2026-07-29T00:15:00Z,2026-07-29T02:15:00+0200,133.73,EUR/MWh,BE,BE,imbalance_price,Long,2026-08-03T03:49:42Z
2026-08-03T03:49:03Z,2026-08-03T05:49:03+0200,d815d4ad-795d-45eb-9ad8-9d704f7a3f43,2026-07-29T00:15:00Z,2026-07-29T02:15:00+0200,133.73,EUR/MWh,BE,BE,imbalance_price,Short,2026-08-03T03:49:42Z
2026-08-03T03:49:03Z,2026-08-03T05:49:03+0200,d815d4ad-795d-45eb-9ad8-9d704f7a3f43,2026-07-29T00:30:00Z,2026-07-29T02:30:00+0200,127.8,EUR/MWh,BE,BE,imbalance_price,Long,2026-08-03T03:49:42Z
2026-08-03T03:49:03Z,2026-08-03T05:49:03+0200,d815d4ad-795d-45eb-9ad8-9d704f7a3f43,2026-07-29T00:30:00Z,2026-07-29T02:30:00+0200,127.8,EUR/MWh,BE,BE,imbalance_price,Short,2026-08-03T03:49:42Z
2026-08-03T03:49:03Z,2026-08-03T05:49:03+0200,d815d4ad-795d-45eb-9ad8-9d704f7a3f43,2026-07-29T00:45:00Z,2026-07-29T02:45:00+0200,124.53,EUR/MWh,BE,BE,imbalance_price,Long,2026-08-03T03:49:42Z
2026-08-03T03:49:03Z,2026-08-03T05:49:03+0200,d815d4ad-795d-45eb-9ad8-9d704f7a3f43,2026-07-29T00:45:00Z,2026-07-29T02:45:00+0200,124.53,EUR/MWh,BE,BE,imbalance_price,Short,2026-08-03T03:49:42Z
2026-08-03T03:49:03Z,2026-08-03T05:49:03+0200,d815d4ad-795d-45eb-9ad8-9d704f7a3f43,2026-07-29T01:00:00Z,2026-07-29T03:00:00+0200,106.85,EUR/MWh,BE,BE,imbalance_price,Long,2026-08-03T03:49:42Z
2026-08-03T03:49:03Z,2026-08-03T05:49:03+0200,d815d4ad-795d-45eb-9ad8-9d704f7a3f43,2026-07-29T01:00:00Z,2026-07-29T03:00:00+0200,106.85,EUR/MWh,BE,BE,imbalance_price,Short,2026-08-03T03:49:42Z
2026-08-03T03:49:03Z,2026-08-03T05:49:03+0200,d815d4ad-795d-45eb-9ad8-9d704f7a3f43,2026-07-29T01:15:00Z,2026-07-29T03:15:00+0200,119.25,EUR/MWh,BE,BE,imbalance_price,Long,2026-08-03T03:49:42Z
2026-08-03T03:49:03Z,2026-08-03T05:49:03+0200,d815d4ad-795d-45eb-9ad8-9d704f7a3f43,2026-07-29T01:15:00Z,2026-07-29T03:15:00+0200,119.25,EUR/MWh,BE,BE,imbalance_price,Short,2026-08-03T03:49:42Z
2026-08-03T03:49:03Z,2026-08-03T05:49:03+0200,d815d4ad-795d-45eb-9ad8-9d704f7a3f43,2026-07-29T01:30:00Z,2026-07-29T03:30:00+0200,122.38,EUR/MWh,BE,BE,imbalance_price,Long,2026-08-03T03:49:42Z
2026-08-03T03:49:03Z,2026-08-03T05:49:03+0200,d815d4ad-795d-45eb-9ad8-9d704f7a3f43,2026-07-29T01:30:00Z,2026-07-29T03:30:00+0200,122.38,EUR/MWh,BE,BE,imbalance_price,Short,2026-08-03T03:49:42Z
2026-08-03T03:49:03Z,2026-08-03T05:49:03+0200,d815d4ad-795d-45eb-9ad8-9d704f7a3f43,2026-07-29T01:45:00Z,2026-07-29T03:45:00+0200,113.81,EUR/MWh,BE,BE,imbalance_price,Long,2026-08-03T03:49:42Z
2026-08-03T03:49:03Z,2026-08-03T05:49:03+0200,d815d4ad-795d-45eb-9ad8-9d704f7a3f43,2026-07-29T01:45:00Z,2026-07-29T03:45:00+0200,113.81,EUR/MWh,BE,BE,imbalance_price,Short,2026-08-03T03:49:42Z
2026-08-03T03:49:03Z,2026-08-03T05:49:03+0200,d815d4ad-795d-45eb-9ad8-9d704f7a3f43,2026-07-29T02:00:00Z,2026-07-29T04:00:00+0200,137.45,EUR/MWh,BE,BE,imbalance_price,Long,2026-08-03T03:49:42Z
2026-08-03T03:49:03Z,2026-08-03T05:49:03+0200,d815d4ad-795d-45eb-9ad8-9d704f7a3f43,2026-07-29T02:00:00Z,2026-07-29T04:00:00+0200,137.45,EUR/MWh,BE,BE,imbalance_price,Short,2026-08-03T03:49:42Z
2026-08-03T03:49:03Z,2026-08-03T05:49:03+0200,d815d4ad-795d-45eb-9ad8-9d704f7a3f43,2026-07-29T02:15:00Z,2026-07-29T04:15:00+0200,148.25,EUR/MWh,BE,BE,imbalance_price,Long,2026-08-03T03:49:42Z
2026-08-03T03:49:03Z,2026-08-03T05:49:03+0200,d815d4ad-795d-45eb-9ad8-9d704f7a3f43,2026-07-29T02:15:00Z,2026-07-29T04:15:00+0200,148.25,EUR/MWh,BE,BE,imbalance_price,Short,2026-08-03T03:49:42Z
2026-08-03T03:49:03Z,2026-08-03T05:49:03+0200,d815d4ad-795d-45eb-9ad8-9d704f7a3f43,2026-07-29T02:30:00Z,2026-07-29T04:30:00+0200,145.87,EUR/MWh,BE,BE,imbalance_price,Long,2026-08-03T03:49:42Z
2026-08-03T03:49:03Z,2026-08-03T05:49:03+0200,d815d4ad-795d-45eb-9ad8-9d704f7a3f43,2026-07-29T02:30:00Z,2026-07-29T04:30:00+0200,145.87,EUR/MWh,BE,BE,imbalance_price,Short,2026-08-03T03:49:42Z
2026-08-03T03:49:03Z,2026-08-03T05:49:03+0200,d815d4ad-795d-45eb-9ad8-9d704f7a3f43,2026-07-29T02:45:00Z,2026-07-29T04:45:00+0200,146.34,EUR/MWh,BE,BE,imbalance_price,Long,2026-08-03T03:49:42Z
2026-08-03T03:49:03Z,2026-08-03T05:49:03+0200,d815d4ad-795d-45eb-9ad8-9d704f7a3f43,2026-07-29T02:45:00Z,2026-07-29T04:45:00+0200,146.34,EUR/MWh,BE,BE,imbalance_price,Short,2026-08-03T03:49:42Z
2026-08-03T03:49:03Z,2026-08-03T05:49:03+0200,d815d4ad-795d-45eb-9ad8-9d704f7a3f43,2026-07-29T03:00:00Z,2026-07-29T05:00:00+0200,187.0,EUR/MWh,BE,BE,imbalance_price,Long,2026-08-03T03:49:42Z
2026-08-03T03:49:03Z,2026-08-03T05:49:03+0200,d815d4ad-795d-45eb-9ad8-9d704f7a3f43,2026-07-29T03:00:00Z,2026-07-29T05:00:00+0200,187.0,EUR/MWh,BE,BE,imbalance_price,Short,2026-08-03T03:49:42Z
2026-08-03T03:49:03Z,2026-08-03T05:49:03+0200,d815d4ad-795d-45eb-9ad8-9d704f7a3f43,2026-07-29T03:15:00Z,2026-07-29T05:15:00+0200,168.0,EUR/MWh,BE,BE,imbalance_price,Long,2026-08-03T03:49:42Z
2026-08-03T03:49:03Z,2026-08-03T05:49:03+0200,d815d4ad-795d-45eb-9ad8-9d704f7a3f43,2026-07-29T03:15:00Z,2026-07-29T05:15:00+0200,168.0,EUR/MWh,BE,BE,imbalance_price,Short,2026-08-03T03:49:42Z
2026-08-03T03:49:03Z,2026-08-03T05:49:03+0200,d815d4ad-795d-45eb-9ad8-9d704f7a3f43,2026-07-29T03:30:00Z,2026-07-29T05:30:00+0200,186.76,EUR/MWh,BE,BE,imbalance_price,Long,2026-08-03T03:49:42Z
2026-08-03T03:49:03Z,2026-08-03T05:49:03+0200,d815d4ad-795d-45eb-9ad8-9d704f7a3f43,2026-07-29T03:30:00Z,2026-07-29T05:30:00+0200,186.76,EUR/MWh,BE,BE,imbalance_price,Short,2026-08-03T03:49:42Z
2026-08-03T03:49:03Z,2026-08-03T05:49:03+0200,d815d4ad-795d-45eb-9ad8-9d704f7a3f43,2026-07-29T03:45:00Z,2026-07-29T05:45:00+0200,163.97,EUR/MWh,BE,BE,imbalance_price,Long,2026-08-03T03:49:42Z
2026-08-03T03:49:03Z,2026-08-03T05:49:03+0200,d815d4ad-795d-45eb-9ad8-9d704f7a3f43,2026-07-29T03:45:00Z,2026-07-29T05:45:00+0200,163.97,EUR/MWh,BE,BE,imbalance_price,Short,2026-08-03T03:49:42Z
2026-08-03T03:49:03Z,2026-08-03T05:49:03+0200,d815d4ad-795d-45eb-9ad8-9d704f7a3f43,2026-07-29T04:00:00Z,2026-07-29T06:00:00+0200,161.07,EUR/MWh,BE,BE,imbalance_price,Long,2026-08-03T03:49:42Z
2026-08-03T03:49:03Z,2026-08-03T05:49:03+0200,d815d4ad-795d-45eb-9ad8-9d704f7a3f43,2026-07-29T04:00:00Z,2026-07-29T06:00:00+0200,161.07,EUR/MWh,BE,BE,imbalance_price,Short,2026-08-03T03:49:42Z
2026-08-03T03:49:03Z,2026-08-03T05:49:03+0200,d815d4ad-795d-45eb-9ad8-9d704f7a3f43,2026-07-29T04:15:00Z,2026-07-29T06:15:00+0200,140.81,EUR/MWh,BE,BE,imbalance_price,Long,2026-08-03T03:49:42Z
2026-08-03T03:49:03Z,2026-08-03T05:49:03+0200,d815d4ad-795d-45eb-9ad8-9d704f7a3f43,2026-07-29T04:15:00Z,2026-07-29T06:15:00+0200,140.81,EUR/MWh,BE,BE,imbalance_price,Short,2026-08-03T03:49:42Z
2026-08-03T03:49:03Z,2026-08-03T05:49:03+0200,d815d4ad-795d-45eb-9ad8-9d704f7a3f43,2026-07-29T04:30:00Z,2026-07-29T06:30:00+0200,157.26,EUR/MWh,BE,BE,imbalance_price,Long,2026-08-03T03:49:42Z
2026-08-03T03:49:03Z,2026-08-03T05:49:03+0200,d815d4ad-795d-45eb-9ad8-9d704f7a3f43,2026-07-29T04:30:00Z,2026-07-29T06:30:00+0200,157.26,EUR/MWh,BE,BE,imbalance_price,Short,2026-08-03T03:49:42Z
2026-08-03T03:49:03Z,2026-08-03T05:49:03+0200,d815d4ad-795d-45eb-9ad8-9d704f7a3f43,2026-07-29T04:45:00Z,2026-07-29T06:45:00+0200,127.96,EUR/MWh,BE,BE,imbalance_price,Long,2026-08-03T03:49:42Z
2026-08-03T03:49:03Z,2026-08-03T05:49:03+0200,d815d4ad-795d-45eb-9ad8-9d704f7a3f43,2026-07-29T04:45:00Z,2026-07-29T06:45:00+0200,127.96,EUR/MWh,BE,BE,imbalance_price,Short,2026-08-03T03:49:42Z
2026-08-03T03:49:03Z,2026-08-03T05:49:03+0200,d815d4ad-795d-45eb-9ad8-9d704f7a3f43,2026-07-29T05:00:00Z,2026-07-29T07:00:00+0200,132.95,EUR/MWh,BE,BE,imbalance_price,Long,2026-08-03T03:49:42Z
2026-08-03T03:49:03Z,2026-08-03T05:49:03+0200,d815d4ad-795d-45eb-9ad8-9d704f7a3f43,2026-07-29T05:00:00Z,2026-07-29T07:00:00+0200,132.95,EUR/MWh,BE,BE,imbalance_price,Short,2026-08-03T03:49:42Z
2026-08-03T03:49:03Z,2026-08-03T05:49:03+0200,d815d4ad-795d-45eb-9ad8-9d704f7a3f43,2026-07-29T05:15:00Z,2026-07-29T07:15:00+0200,111.53,EUR/MWh,BE,BE,imbalance_price,Long,2026-08-03T03:49:42Z
2026-08-03T03:49:03Z,2026-08-03T05:49:03+0200,d815d4ad-795d-45eb-9ad8-9d704f7a3f43,2026-07-29T05:15:00Z,2026-07-29T07:15:00+0200,111.53,EUR/MWh,BE,BE,imbalance_price,Short,2026-08-03T03:49:42Z
2026-08-03T03:49:03Z,2026-08-03T05:49:03+0200,d815d4ad-795d-45eb-9ad8-9d704f7a3f43,2026-07-29T05:30:00Z,2026-07-29T07:30:00+0200,98.99,EUR/MWh,BE,BE,imbalance_price,Long,2026-08-03T03:49:42Z
2026-08-03T03:49:03Z,2026-08-03T05:49:03+0200,d815d4ad-795d-45eb-9ad8-9d704f7a3f43,2026-07-29T05:30:00Z,2026-07-29T07:30:00+0200,98.99,EUR/MWh,BE,BE,imbalance_price,Short,2026-08-03T03:49:42Z
2026-08-03T03:49:03Z,2026-08-03T05:49:03+0200,d815d4ad-795d-45eb-9ad8-9d704f7a3f43,2026-07-29T05:45:00Z,2026-07-29T07:45:00+0200,89.31,EUR/MWh,BE,BE,imbalance_price,Long,2026-08-03T03:49:42Z
2026-08-03T03:49:03Z,2026-08-03T05:49:03+0200,d815d4ad-795d-45eb-9ad8-9d704f7a3f43,2026-07-29T05:45:00Z,2026-07-29T07:45:00+0200,89.31,EUR/MWh,BE,BE,imbalance_price,Short,2026-08-03T03:49:42Z
2026-08-03T03:49:03Z,2026-08-03T05:49:03+0200,d815d4ad-795d-45eb-9ad8-9d704f7a3f43,2026-07-29T06:00:00Z,2026-07-29T08:00:00+0200,152.0,EUR/MWh,BE,BE,imbalance_price,Long,2026-08-03T03:49:42Z
2026-08-03T03:49:03Z,2026-08-03T05:49:03+0200,d815d4ad-795d-45eb-9ad8-9d704f7a3f43,2026-07-29T06:00:00Z,2026-07-29T08:00:00+0200,152.0,EUR/MWh,BE,BE,imbalance_price,Short,2026-08-03T03:49:42Z
2026-08-03T03:49:03Z,2026-08-03T05:49:03+0200,d815d4ad-795d-45eb-9ad8-9d704f7a3f43,2026-07-29T06:15:00Z,2026-07-29T08:15:00+0200,92.61,EUR/MWh,BE,BE,imbalance_price,Long,2026-08-03T03:49:42Z
2026-08-03T03:49:03Z,2026-08-03T05:49:03+0200,d815d4ad-795d-45eb-9ad8-9d704f7a3f43,2026-07-29T06:15:00Z,2026-07-29T08:15:00+0200,92.61,EUR/MWh,BE,BE,imbalance_price,Short,2026-08-03T03:49:42Z
2026-08-03T03:49:03Z,2026-08-03T05:49:03+0200,d815d4ad-795d-45eb-9ad8-9d704f7a3f43,2026-07-29T06:30:00Z,2026-07-29T08:30:00+0200,80.54,EUR/MWh,BE,BE,imbalance_price,Long,2026-08-03T03:49:42Z
2026-08-03T03:49:03Z,2026-08-03T05:49:03+0200,d815d4ad-795d-45eb-9ad8-9d704f7a3f43,2026-07-29T06:30:00Z,2026-07-29T08:30:00+0200,80.54,EUR/MWh,BE,BE,imbalance_price,Short,2026-08-03T03:49:42Z
2026-08-03T03:49:03Z,2026-08-03T05:49:03+0200,d815d4ad-795d-45eb-9ad8-9d704f7a3f43,2026-07-29T06:45:00Z,2026-07-29T08:45:00+0200,71.02,EUR/MWh,BE,BE,imbalance_price,Long,2026-08-03T03:49:42Z
2026-08-03T03:49:03Z,2026-08-03T05:49:03+0200,d815d4ad-795d-45eb-9ad8-9d704f7a3f43,2026-07-29T06:45:00Z,2026-07-29T08:45:00+0200,71.02,EUR/MWh,BE,BE,imbalance_price,Short,2026-08-03T03:49:42Z
2026-08-03T03:49:03Z,2026-08-03T05:49:03+0200,d815d4ad-795d-45eb-9ad8-9d704f7a3f43,2026-07-29T07:00:00Z,2026-07-29T09:00:00+0200,52.94,EUR/MWh,BE,BE,imbalance_price,Long,2026-08-03T03:49:42Z
2026-08-03T03:49:03Z,2026-08-03T05:49:03+0200,d815d4ad-795d-45eb-9ad8-9d704f7a3f43,2026-07-29T07:00:00Z,2026-07-29T09:00:00+0200,52.94,EUR/MWh,BE,BE,imbalance_price,Short,2026-08-03T03:49:42Z
2026-08-03T03:49:03Z,2026-08-03T05:49:03+0200,d815d4ad-795d-45eb-9ad8-9d704f7a3f43,2026-07-29T07:15:00Z,2026-07-29T09:15:00+0200,57.07,EUR/MWh,BE,BE,imbalance_price,Long,2026-08-03T03:49:42Z
2026-08-03T03:49:03Z,2026-08-03T05:49:03+0200,d815d4ad-795d-45eb-9ad8-9d704f7a3f43,2026-07-29T07:15:00Z,2026-07-29T09:15:00+0200,57.07,EUR/MWh,BE,BE,imbalance_price,Short,2026-08-03T03:49:42Z
2026-08-03T03:49:03Z,2026-08-03T05:49:03+0200,d815d4ad-795d-45eb-9ad8-9d704f7a3f43,2026-07-29T07:30:00Z,2026-07-29T09:30:00+0200,99.96,EUR/MWh,BE,BE,imbalance_price,Long,2026-08-03T03:49:42Z
2026-08-03T03:49:03Z,2026-08-03T05:49:03+0200,d815d4ad-795d-45eb-9ad8-9d704f7a3f43,2026-07-29T07:30:00Z,2026-07-29T09:30:00+0200,99.96,EUR/MWh,BE,BE,imbalance_price,Short,2026-08-03T03:49:42Z
2026-08-03T03:49:03Z,2026-08-03T05:49:03+0200,d815d4ad-795d-45eb-9ad8-9d704f7a3f43,2026-07-29T07:45:00Z,2026-07-29T09:45:00+0200,90.26,EUR/MWh,BE,BE,imbalance_price,Long,2026-08-03T03:49:42Z
2026-08-03T03:49:03Z,2026-08-03T05:49:03+0200,d815d4ad-795d-45eb-9ad8-9d704f7a3f43,2026-07-29T07:45:00Z,2026-07-29T09:45:00+0200,90.26,EUR/MWh,BE,BE,imbalance_price,Short,2026-08-03T03:49:42Z
2026-08-03T03:49:03Z,2026-08-03T05:49:03+0200,d815d4ad-795d-45eb-9ad8-9d704f7a3f43,2026-07-29T08:00:00Z,2026-07-29T10:00:00+0200,83.48,EUR/MWh,BE,BE,imbalance_price,Long,2026-08-03T03:49:42Z
2026-08-03T03:49:03Z,2026-08-03T05:49:03+0200,d815d4ad-795d-45eb-9ad8-9d704f7a3f43,2026-07-29T08:00:00Z,2026-07-29T10:00:00+0200,83.48,EUR/MWh,BE,BE,imbalance_price,Short,2026-08-03T03:49:42Z
2026-08-03T03:49:03Z,2026-08-03T05:49:03+0200,d815d4ad-795d-45eb-9ad8-9d704f7a3f43,2026-07-29T08:15:00Z,2026-07-29T10:15:00+0200,66.02,EUR/MWh,BE,BE,imbalance_price,Long,2026-08-03T03:49:42Z
2026-08-03T03:49:03Z,2026-08-03T05:49:03+0200,d815d4ad-795d-45eb-9ad8-9d704f7a3f43,2026-07-29T08:15:00Z,2026-07-29T10:15:00+0200,66.02,EUR/MWh,BE,BE,imbalance_price,Short,2026-08-03T03:49:42Z
2026-08-03T03:49:03Z,2026-08-03T05:49:03+0200,d815d4ad-795d-45eb-9ad8-9d704f7a3f43,2026-07-29T08:30:00Z,2026-07-29T10:30:00+0200,22.14,EUR/MWh,BE,BE,imbalance_price,Long,2026-08-03T03:49:42Z
2026-08-03T03:49:03Z,2026-08-03T05:49:03+0200,d815d4ad-795d-45eb-9ad8-9d704f7a3f43,2026-07-29T08:30:00Z,2026-07-29T10:30:00+0200,22.14,EUR/MWh,BE,BE,imbalance_price,Short,2026-08-03T03:49:42Z
2026-08-03T03:49:03Z,2026-08-03T05:49:03+0200,d815d4ad-795d-45eb-9ad8-9d704f7a3f43,2026-07-29T08:45:00Z,2026-07-29T10:45:00+0200,20.42,EUR/MWh,BE,BE,imbalance_price,Long,2026-08-03T03:49:42Z
2026-08-03T03:49:03Z,2026-08-03T05:49:03+0200,d815d4ad-795d-45eb-9ad8-9d704f7a3f43,2026-07-29T08:45:00Z,2026-07-29T10:45:00+0200,20.42,EUR/MWh,BE,BE,imbalance_price,Short,2026-08-03T03:49:42Z
2026-08-03T03:49:03Z,2026-08-03T05:49:03+0200,d815d4ad-795d-45eb-9ad8-9d704f7a3f43,2026-07-29T09:00:00Z,2026-07-29T11:00:00+0200,-0.31,EUR/MWh,BE,BE,imbalance_price,Long,2026-08-03T03:49:42Z
2026-08-03T03:49:03Z,2026-08-03T05:49:03+0200,d815d4ad-795d-45eb-9ad8-9d704f7a3f43,2026-07-29T09:00:00Z,2026-07-29T11:00:00+0200,-0.31,EUR/MWh,BE,BE,imbalance_price,Short,2026-08-03T03:49:42Z
2026-08-03T03:49:03Z,2026-08-03T05:49:03+0200,d815d4ad-795d-45eb-9ad8-9d704f7a3f43,2026-07-29T09:15:00Z,2026-07-29T11:15:00+0200,-2.16,EUR/MWh,BE,BE,imbalance_price,Long,2026-08-03T03:49:42Z
2026-08-03T03:49:03Z,2026-08-03T05:49:03+0200,d815d4ad-795d-45eb-9ad8-9d704f7a3f43,2026-07-29T09:15:00Z,2026-07-29T11:15:00+0200,-2.16,EUR/MWh,BE,BE,imbalance_price,Short,2026-08-03T03:49:42Z
2026-08-03T03:49:03Z,2026-08-03T05:49:03+0200,d815d4ad-795d-45eb-9ad8-9d704f7a3f43,2026-07-29T09:30:00Z,2026-07-29T11:30:00+0200,0.0,EUR/MWh,BE,BE,imbalance_price,Long,2026-08-03T03:49:42Z
2026-08-03T03:49:03Z,2026-08-03T05:49:03+0200,d815d4ad-795d-45eb-9ad8-9d704f7a3f43,2026-07-29T09:30:00Z,2026-07-29T11:30:00+0200,0.0,EUR/MWh,BE,BE,imbalance_price,Short,2026-08-03T03:49:42Z
2026-08-03T03:49:03Z,2026-08-03T05:49:03+0200,d815d4ad-795d-45eb-9ad8-9d704f7a3f43,2026-07-29T09:45:00Z,2026-07-29T11:45:00+0200,4.56,EUR/MWh,BE,BE,imbalance_price,Long,2026-08-03T03:49:42Z
2026-08-03T03:49:03Z,2026-08-03T05:49:03+0200,d815d4ad-795d-45eb-9ad8-9d704f7a3f43,2026-07-29T09:45:00Z,2026-07-29T11:45:00+0200,4.56,EUR/MWh,BE,BE,imbalance_price,Short,2026-08-03T03:49:42Z
2026-08-03T03:49:03Z,2026-08-03T05:49:03+0200,d815d4ad-795d-45eb-9ad8-9d704f7a3f43,2026-07-29T10:00:00Z,2026-07-29T12:00:00+0200,12.46,EUR/MWh,BE,BE,imbalance_price,Long,2026-08-03T03:49:42Z
2026-08-03T03:49:03Z,2026-08-03T05:49:03+0200,d815d4ad-795d-45eb-9ad8-9d704f7a3f43,2026-07-29T10:00:00Z,2026-07-29T12:00:00+0200,12.46,EUR/MWh,BE,BE,imbalance_price,Short,2026-08-03T03:49:42Z
2026-08-03T03:49:03Z,2026-08-03T05:49:03+0200,d815d4ad-795d-45eb-9ad8-9d704f7a3f43,2026-07-29T10:15:00Z,2026-07-29T12:15:00+0200,79.87,EUR/MWh,BE,BE,imbalance_price,Long,2026-08-03T03:49:42Z
2026-08-03T03:49:03Z,2026-08-03T05:49:03+0200,d815d4ad-795d-45eb-9ad8-9d704f7a3f43,2026-07-29T10:15:00Z,2026-07-29T12:15:00+0200,79.87,EUR/MWh,BE,BE,imbalance_price,Short,2026-08-03T03:49:42Z
2026-08-03T03:49:03Z,2026-08-03T05:49:03+0200,d815d4ad-795d-45eb-9ad8-9d704f7a3f43,2026-07-29T10:30:00Z,2026-07-29T12:30:00+0200,5.82,EUR/MWh,BE,BE,imbalance_price,Long,2026-08-03T03:49:42Z
2026-08-03T03:49:03Z,2026-08-03T05:49:03+0200,d815d4ad-795d-45eb-9ad8-9d704f7a3f43,2026-07-29T10:30:00Z,2026-07-29T12:30:00+0200,5.82,EUR/MWh,BE,BE,imbalance_price,Short,2026-08-03T03:49:42Z
2026-08-03T03:49:03Z,2026-08-03T05:49:03+0200,d815d4ad-795d-45eb-9ad8-9d704f7a3f43,2026-07-29T10:45:00Z,2026-07-29T12:45:00+0200,1.6,EUR/MWh,BE,BE,imbalance_price,Long,2026-08-03T03:49:42Z
2026-08-03T03:49:03Z,2026-08-03T05:49:03+0200,d815d4ad-795d-45eb-9ad8-9d704f7a3f43,2026-07-29T10:45:00Z,2026-07-29T12:45:00+0200,1.6,EUR/MWh,BE,BE,imbalance_price,Short,2026-08-03T03:49:42Z
2026-08-03T03:49:03Z,2026-08-03T05:49:03+0200,d815d4ad-795d-45eb-9ad8-9d704f7a3f43,2026-07-29T11:00:00Z,2026-07-29T13:00:00+0200,-0.78,EUR/MWh,BE,BE,imbalance_price,Long,2026-08-03T03:49:42Z
2026-08-03T03:49:03Z,2026-08-03T05:49:03+0200,d815d4ad-795d-45eb-9ad8-9d704f7a3f43,2026-07-29T11:00:00Z,2026-07-29T13:00:00+0200,-0.78,EUR/MWh,BE,BE,imbalance_price,Short,2026-08-03T03:49:42Z
2026-08-03T03:49:03Z,2026-08-03T05:49:03+0200,d815d4ad-795d-45eb-9ad8-9d704f7a3f43,2026-07-29T11:15:00Z,2026-07-29T13:15:00+0200,-2.17,EUR/MWh,BE,BE,imbalance_price,Long,2026-08-03T03:49:42Z
2026-08-03T03:49:03Z,2026-08-03T05:49:03+0200,d815d4ad-795d-45eb-9ad8-9d704f7a3f43,2026-07-29T11:15:00Z,2026-07-29T13:15:00+0200,-2.17,EUR/MWh,BE,BE,imbalance_price,Short,2026-08-03T03:49:42Z
2026-08-03T03:49:03Z,2026-08-03T05:49:03+0200,d815d4ad-795d-45eb-9ad8-9d704f7a3f43,2026-07-29T11:30:00Z,2026-07-29T13:30:00+0200,0.35,EUR/MWh,BE,BE,imbalance_price,Long,2026-08-03T03:49:42Z
2026-08-03T03:49:03Z,2026-08-03T05:49:03+0200,d815d4ad-795d-45eb-9ad8-9d704f7a3f43,2026-07-29T11:30:00Z,2026-07-29T13:30:00+0200,0.35,EUR/MWh,BE,BE,imbalance_price,Short,2026-08-03T03:49:42Z
2026-08-03T03:49:03Z,2026-08-03T05:49:03+0200,d815d4ad-795d-45eb-9ad8-9d704f7a3f43,2026-07-29T11:45:00Z,2026-07-29T13:45:00+0200,-6.24,EUR/MWh,BE,BE,imbalance_price,Long,2026-08-03T03:49:42Z
2026-08-03T03:49:03Z,2026-08-03T05:49:03+0200,d815d4ad-795d-45eb-9ad8-9d704f7a3f43,2026-07-29T11:45:00Z,2026-07-29T13:45:00+0200,-6.24,EUR/MWh,BE,BE,imbalance_price,Short,2026-08-03T03:49:42Z
2026-08-03T03:49:03Z,2026-08-03T05:49:03+0200,d815d4ad-795d-45eb-9ad8-9d704f7a3f43,2026-07-29T12:00:00Z,2026-07-29T14:00:00+0200,12.52,EUR/MWh,BE,BE,imbalance_price,Long,2026-08-03T03:49:42Z
2026-08-03T03:49:03Z,2026-08-03T05:49:03+0200,d815d4ad-795d-45eb-9ad8-9d704f7a3f43,2026-07-29T12:00:00Z,2026-07-29T14:00:00+0200,12.52,EUR/MWh,BE,BE,imbalance_price,Short,2026-08-03T03:49:42Z
2026-08-03T03:49:03Z,2026-08-03T05:49:03+0200,d815d4ad-795d-45eb-9ad8-9d704f7a3f43,2026-07-29T12:15:00Z,2026-07-29T14:15:00+0200,6.3,EUR/MWh,BE,BE,imbalance_price,Long,2026-08-03T03:49:42Z
2026-08-03T03:49:03Z,2026-08-03T05:49:03+0200,d815d4ad-795d-45eb-9ad8-9d704f7a3f43,2026-07-29T12:15:00Z,2026-07-29T14:15:00+0200,6.3,EUR/MWh,BE,BE,imbalance_price,Short,2026-08-03T03:49:42Z
2026-08-03T03:49:03Z,2026-08-03T05:49:03+0200,d815d4ad-795d-45eb-9ad8-9d704f7a3f43,2026-07-29T12:30:00Z,2026-07-29T14:30:00+0200,7.59,EUR/MWh,BE,BE,imbalance_price,Long,2026-08-03T03:49:42Z
2026-08-03T03:49:03Z,2026-08-03T05:49:03+0200,d815d4ad-795d-45eb-9ad8-9d704f7a3f43,2026-07-29T12:30:00Z,2026-07-29T14:30:00+0200,7.59,EUR/MWh,BE,BE,imbalance_price,Short,2026-08-03T03:49:42Z
2026-08-03T03:49:03Z,2026-08-03T05:49:03+0200,d815d4ad-795d-45eb-9ad8-9d704f7a3f43,2026-07-29T12:45:00Z,2026-07-29T14:45:00+0200,1.43,EUR/MWh,BE,BE,imbalance_price,Long,2026-08-03T03:49:42Z
2026-08-03T03:49:03Z,2026-08-03T05:49:03+0200,d815d4ad-795d-45eb-9ad8-9d704f7a3f43,2026-07-29T12:45:00Z,2026-07-29T14:45:00+0200,1.43,EUR/MWh,BE,BE,imbalance_price,Short,2026-08-03T03:49:42Z
2026-08-03T03:49:03Z,2026-08-03T05:49:03+0200,d815d4ad-795d-45eb-9ad8-9d704f7a3f43,2026-07-29T13:00:00Z,2026-07-29T15:00:00+0200,5.96,EUR/MWh,BE,BE,imbalance_price,Long,2026-08-03T03:49:42Z
2026-08-03T03:49:03Z,2026-08-03T05:49:03+0200,d815d4ad-795d-45eb-9ad8-9d704f7a3f43,2026-07-29T13:00:00Z,2026-07-29T15:00:00+0200,5.96,EUR/MWh,BE,BE,imbalance_price,Short,2026-08-03T03:49:42Z
2026-08-03T03:49:03Z,2026-08-03T05:49:03+0200,d815d4ad-795d-45eb-9ad8-9d704f7a3f43,2026-07-29T13:15:00Z,2026-07-29T15:15:00+0200,-1.15,EUR/MWh,BE,BE,imbalance_price,Long,2026-08-03T03:49:42Z
2026-08-03T03:49:03Z,2026-08-03T05:49:03+0200,d815d4ad-795d-45eb-9ad8-9d704f7a3f43,2026-07-29T13:15:00Z,2026-07-29T15:15:00+0200,-1.15,EUR/MWh,BE,BE,imbalance_price,Short,2026-08-03T03:49:42Z
2026-08-03T03:49:03Z,2026-08-03T05:49:03+0200,d815d4ad-795d-45eb-9ad8-9d704f7a3f43,2026-07-29T13:30:00Z,2026-07-29T15:30:00+0200,0.48,EUR/MWh,BE,BE,imbalance_price,Long,2026-08-03T03:49:42Z
2026-08-03T03:49:03Z,2026-08-03T05:49:03+0200,d815d4ad-795d-45eb-9ad8-9d704f7a3f43,2026-07-29T13:30:00Z,2026-07-29T15:30:00+0200,0.48,EUR/MWh,BE,BE,imbalance_price,Short,2026-08-03T03:49:42Z
2026-08-03T03:49:03Z,2026-08-03T05:49:03+0200,d815d4ad-795d-45eb-9ad8-9d704f7a3f43,2026-07-29T13:45:00Z,2026-07-29T15:45:00+0200,50.63,EUR/MWh,BE,BE,imbalance_price,Long,2026-08-03T03:49:42Z
2026-08-03T03:49:03Z,2026-08-03T05:49:03+0200,d815d4ad-795d-45eb-9ad8-9d704f7a3f43,2026-07-29T13:45:00Z,2026-07-29T15:45:00+0200,50.63,EUR/MWh,BE,BE,imbalance_price,Short,2026-08-03T03:49:42Z
2026-08-03T03:49:03Z,2026-08-03T05:49:03+0200,d815d4ad-795d-45eb-9ad8-9d704f7a3f43,2026-07-29T14:00:00Z,2026-07-29T16:00:00+0200,58.72,EUR/MWh,BE,BE,imbalance_price,Long,2026-08-03T03:49:42Z
2026-08-03T03:49:03Z,2026-08-03T05:49:03+0200,d815d4ad-795d-45eb-9ad8-9d704f7a3f43,2026-07-29T14:00:00Z,2026-07-29T16:00:00+0200,58.72,EUR/MWh,BE,BE,imbalance_price,Short,2026-08-03T03:49:42Z
2026-08-03T03:49:03Z,2026-08-03T05:49:03+0200,d815d4ad-795d-45eb-9ad8-9d704f7a3f43,2026-07-29T14:15:00Z,2026-07-29T16:15:00+0200,59.94,EUR/MWh,BE,BE,imbalance_price,Long,2026-08-03T03:49:42Z
2026-08-03T03:49:03Z,2026-08-03T05:49:03+0200,d815d4ad-795d-45eb-9ad8-9d704f7a3f43,2026-07-29T14:15:00Z,2026-07-29T16:15:00+0200,59.94,EUR/MWh,BE,BE,imbalance_price,Short,2026-08-03T03:49:42Z
2026-08-03T03:49:03Z,2026-08-03T05:49:03+0200,d815d4ad-795d-45eb-9ad8-9d704f7a3f43,2026-07-29T14:30:00Z,2026-07-29T16:30:00+0200,83.0,EUR/MWh,BE,BE,imbalance_price,Long,2026-08-03T03:49:42Z
2026-08-03T03:49:03Z,2026-08-03T05:49:03+0200,d815d4ad-795d-45eb-9ad8-9d704f7a3f43,2026-07-29T14:30:00Z,2026-07-29T16:30:00+0200,83.0,EUR/MWh,BE,BE,imbalance_price,Short,2026-08-03T03:49:42Z
2026-08-03T03:49:03Z,2026-08-03T05:49:03+0200,d815d4ad-795d-45eb-9ad8-9d704f7a3f43,2026-07-29T14:45:00Z,2026-07-29T16:45:00+0200,95.95,EUR/MWh,BE,BE,imbalance_price,Long,2026-08-03T03:49:42Z
2026-08-03T03:49:03Z,2026-08-03T05:49:03+0200,d815d4ad-795d-45eb-9ad8-9d704f7a3f43,2026-07-29T14:45:00Z,2026-07-29T16:45:00+0200,95.95,EUR/MWh,BE,BE,imbalance_price,Short,2026-08-03T03:49:42Z
2026-08-03T03:49:03Z,2026-08-03T05:49:03+0200,d815d4ad-795d-45eb-9ad8-9d704f7a3f43,2026-07-29T15:00:00Z,2026-07-29T17:00:00+0200,82.76,EUR/MWh,BE,BE,imbalance_price,Long,2026-08-03T03:49:42Z
2026-08-03T03:49:03Z,2026-08-03T05:49:03+0200,d815d4ad-795d-45eb-9ad8-9d704f7a3f43,2026-07-29T15:00:00Z,2026-07-29T17:00:00+0200,82.76,EUR/MWh,BE,BE,imbalance_price,Short,2026-08-03T03:49:42Z
2026-08-03T03:49:03Z,2026-08-03T05:49:03+0200,d815d4ad-795d-45eb-9ad8-9d704f7a3f43,2026-07-29T15:15:00Z,2026-07-29T17:15:00+0200,77.95,EUR/MWh,BE,BE,imbalance_price,Long,2026-08-03T03:49:42Z
2026-08-03T03:49:03Z,2026-08-03T05:49:03+0200,d815d4ad-795d-45eb-9ad8-9d704f7a3f43,2026-07-29T15:15:00Z,2026-07-29T17:15:00+0200,77.95,EUR/MWh,BE,BE,imbalance_price,Short,2026-08-03T03:49:42Z
2026-08-03T03:49:03Z,2026-08-03T05:49:03+0200,d815d4ad-795d-45eb-9ad8-9d704f7a3f43,2026-07-29T15:30:00Z,2026-07-29T17:30:00+0200,114.22,EUR/MWh,BE,BE,imbalance_price,Long,2026-08-03T03:49:42Z
2026-08-03T03:49:03Z,2026-08-03T05:49:03+0200,d815d4ad-795d-45eb-9ad8-9d704f7a3f43,2026-07-29T15:30:00Z,2026-07-29T17:30:00+0200,114.22,EUR/MWh,BE,BE,imbalance_price,Short,2026-08-03T03:49:42Z
2026-08-03T03:49:03Z,2026-08-03T05:49:03+0200,d815d4ad-795d-45eb-9ad8-9d704f7a3f43,2026-07-29T15:45:00Z,2026-07-29T17:45:00+0200,128.21,EUR/MWh,BE,BE,imbalance_price,Long,2026-08-03T03:49:42Z
2026-08-03T03:49:03Z,2026-08-03T05:49:03+0200,d815d4ad-795d-45eb-9ad8-9d704f7a3f43,2026-07-29T15:45:00Z,2026-07-29T17:45:00+0200,128.21,EUR/MWh,BE,BE,imbalance_price,Short,2026-08-03T03:49:42Z
2026-08-03T03:49:03Z,2026-08-03T05:49:03+0200,d815d4ad-795d-45eb-9ad8-9d704f7a3f43,2026-07-29T16:00:00Z,2026-07-29T18:00:00+0200,154.63,EUR/MWh,BE,BE,imbalance_price,Long,2026-08-03T03:49:42Z
2026-08-03T03:49:03Z,2026-08-03T05:49:03+0200,d815d4ad-795d-45eb-9ad8-9d704f7a3f43,2026-07-29T16:00:00Z,2026-07-29T18:00:00+0200,154.63,EUR/MWh,BE,BE,imbalance_price,Short,2026-08-03T03:49:42Z
2026-08-03T03:49:03Z,2026-08-03T05:49:03+0200,d815d4ad-795d-45eb-9ad8-9d704f7a3f43,2026-07-29T16:15:00Z,2026-07-29T18:15:00+0200,182.51,EUR/MWh,BE,BE,imbalance_price,Long,2026-08-03T03:49:42Z
2026-08-03T03:49:03Z,2026-08-03T05:49:03+0200,d815d4ad-795d-45eb-9ad8-9d704f7a3f43,2026-07-29T16:15:00Z,2026-07-29T18:15:00+0200,182.51,EUR/MWh,BE,BE,imbalance_price,Short,2026-08-03T03:49:42Z
2026-08-03T03:49:03Z,2026-08-03T05:49:03+0200,d815d4ad-795d-45eb-9ad8-9d704f7a3f43,2026-07-29T16:30:00Z,2026-07-29T18:30:00+0200,189.36,EUR/MWh,BE,BE,imbalance_price,Long,2026-08-03T03:49:42Z
2026-08-03T03:49:03Z,2026-08-03T05:49:03+0200,d815d4ad-795d-45eb-9ad8-9d704f7a3f43,2026-07-29T16:30:00Z,2026-07-29T18:30:00+0200,189.36,EUR/MWh,BE,BE,imbalance_price,Short,2026-08-03T03:49:42Z
2026-08-03T03:49:03Z,2026-08-03T05:49:03+0200,d815d4ad-795d-45eb-9ad8-9d704f7a3f43,2026-07-29T16:45:00Z,2026-07-29T18:45:00+0200,206.72,EUR/MWh,BE,BE,imbalance_price,Long,2026-08-03T03:49:42Z
2026-08-03T03:49:03Z,2026-08-03T05:49:03+0200,d815d4ad-795d-45eb-9ad8-9d704f7a3f43,2026-07-29T16:45:00Z,2026-07-29T18:45:00+0200,206.72,EUR/MWh,BE,BE,imbalance_price,Short,2026-08-03T03:49:42Z
2026-08-03T03:49:03Z,2026-08-03T05:49:03+0200,d815d4ad-795d-45eb-9ad8-9d704f7a3f43,2026-07-29T17:00:00Z,2026-07-29T19:00:00+0200,172.8,EUR/MWh,BE,BE,imbalance_price,Long,2026-08-03T03:49:42Z
2026-08-03T03:49:03Z,2026-08-03T05:49:03+0200,d815d4ad-795d-45eb-9ad8-9d704f7a3f43,2026-07-29T17:00:00Z,2026-07-29T19:00:00+0200,172.8,EUR/MWh,BE,BE,imbalance_price,Short,2026-08-03T03:49:42Z
2026-08-03T03:49:03Z,2026-08-03T05:49:03+0200,d815d4ad-795d-45eb-9ad8-9d704f7a3f43,2026-07-29T17:15:00Z,2026-07-29T19:15:00+0200,213.0,EUR/MWh,BE,BE,imbalance_price,Long,2026-08-03T03:49:42Z
2026-08-03T03:49:03Z,2026-08-03T05:49:03+0200,d815d4ad-795d-45eb-9ad8-9d704f7a3f43,2026-07-29T17:15:00Z,2026-07-29T19:15:00+0200,213.0,EUR/MWh,BE,BE,imbalance_price,Short,2026-08-03T03:49:42Z
2026-08-03T03:49:03Z,2026-08-03T05:49:03+0200,d815d4ad-795d-45eb-9ad8-9d704f7a3f43,2026-07-29T17:30:00Z,2026-07-29T19:30:00+0200,220.38,EUR/MWh,BE,BE,imbalance_price,Long,2026-08-03T03:49:42Z
2026-08-03T03:49:03Z,2026-08-03T05:49:03+0200,d815d4ad-795d-45eb-9ad8-9d704f7a3f43,2026-07-29T17:30:00Z,2026-07-29T19:30:00+0200,220.38,EUR/MWh,BE,BE,imbalance_price,Short,2026-08-03T03:49:42Z
2026-08-03T03:49:03Z,2026-08-03T05:49:03+0200,d815d4ad-795d-45eb-9ad8-9d704f7a3f43,2026-07-29T17:45:00Z,2026-07-29T19:45:00+0200,263.01,EUR/MWh,BE,BE,imbalance_price,Long,2026-08-03T03:49:42Z
2026-08-03T03:49:03Z,2026-08-03T05:49:03+0200,d815d4ad-795d-45eb-9ad8-9d704f7a3f43,2026-07-29T17:45:00Z,2026-07-29T19:45:00+0200,263.01,EUR/MWh,BE,BE,imbalance_price,Short,2026-08-03T03:49:42Z
2026-08-03T03:49:03Z,2026-08-03T05:49:03+0200,d815d4ad-795d-45eb-9ad8-9d704f7a3f43,2026-07-29T18:00:00Z,2026-07-29T20:00:00+0200,227.32,EUR/MWh,BE,BE,imbalance_price,Long,2026-08-03T03:49:42Z
2026-08-03T03:49:03Z,2026-08-03T05:49:03+0200,d815d4ad-795d-45eb-9ad8-9d704f7a3f43,2026-07-29T18:00:00Z,2026-07-29T20:00:00+0200,227.32,EUR/MWh,BE,BE,imbalance_price,Short,2026-08-03T03:49:42Z
2026-08-03T03:49:03Z,2026-08-03T05:49:03+0200,d815d4ad-795d-45eb-9ad8-9d704f7a3f43,2026-07-29T18:15:00Z,2026-07-29T20:15:00+0200,257.63,EUR/MWh,BE,BE,imbalance_price,Long,2026-08-03T03:49:42Z
2026-08-03T03:49:03Z,2026-08-03T05:49:03+0200,d815d4ad-795d-45eb-9ad8-9d704f7a3f43,2026-07-29T18:15:00Z,2026-07-29T20:15:00+0200,257.63,EUR/MWh,BE,BE,imbalance_price,Short,2026-08-03T03:49:42Z
2026-08-03T03:49:03Z,2026-08-03T05:49:03+0200,d815d4ad-795d-45eb-9ad8-9d704f7a3f43,2026-07-29T18:30:00Z,2026-07-29T20:30:00+0200,297.72,EUR/MWh,BE,BE,imbalance_price,Long,2026-08-03T03:49:42Z
2026-08-03T03:49:03Z,2026-08-03T05:49:03+0200,d815d4ad-795d-45eb-9ad8-9d704f7a3f43,2026-07-29T18:30:00Z,2026-07-29T20:30:00+0200,297.72,EUR/MWh,BE,BE,imbalance_price,Short,2026-08-03T03:49:42Z
2026-08-03T03:49:03Z,2026-08-03T05:49:03+0200,d815d4ad-795d-45eb-9ad8-9d704f7a3f43,2026-07-29T18:45:00Z,2026-07-29T20:45:00+0200,342.65,EUR/MWh,BE,BE,imbalance_price,Long,2026-08-03T03:49:42Z
2026-08-03T03:49:03Z,2026-08-03T05:49:03+0200,d815d4ad-795d-45eb-9ad8-9d704f7a3f43,2026-07-29T18:45:00Z,2026-07-29T20:45:00+0200,342.65,EUR/MWh,BE,BE,imbalance_price,Short,2026-08-03T03:49:42Z
2026-08-03T03:49:03Z,2026-08-03T05:49:03+0200,d815d4ad-795d-45eb-9ad8-9d704f7a3f43,2026-07-29T19:00:00Z,2026-07-29T21:00:00+0200,368.22,EUR/MWh,BE,BE,imbalance_price,Long,2026-08-03T03:49:42Z
2026-08-03T03:49:03Z,2026-08-03T05:49:03+0200,d815d4ad-795d-45eb-9ad8-9d704f7a3f43,2026-07-29T19:00:00Z,2026-07-29T21:00:00+0200,368.22,EUR/MWh,BE,BE,imbalance_price,Short,2026-08-03T03:49:42Z
2026-08-03T03:49:03Z,2026-08-03T05:49:03+0200,d815d4ad-795d-45eb-9ad8-9d704f7a3f43,2026-07-29T19:15:00Z,2026-07-29T21:15:00+0200,353.09,EUR/MWh,BE,BE,imbalance_price,Long,2026-08-03T03:49:42Z
2026-08-03T03:49:03Z,2026-08-03T05:49:03+0200,d815d4ad-795d-45eb-9ad8-9d704f7a3f43,2026-07-29T19:15:00Z,2026-07-29T21:15:00+0200,353.09,EUR/MWh,BE,BE,imbalance_price,Short,2026-08-03T03:49:42Z
2026-08-03T03:49:03Z,2026-08-03T05:49:03+0200,d815d4ad-795d-45eb-9ad8-9d704f7a3f43,2026-07-29T19:30:00Z,2026-07-29T21:30:00+0200,252.45,EUR/MWh,BE,BE,imbalance_price,Long,2026-08-03T03:49:42Z
2026-08-03T03:49:03Z,2026-08-03T05:49:03+0200,d815d4ad-795d-45eb-9ad8-9d704f7a3f43,2026-07-29T19:30:00Z,2026-07-29T21:30:00+0200,252.45,EUR/MWh,BE,BE,imbalance_price,Short,2026-08-03T03:49:42Z
2026-08-03T03:49:03Z,2026-08-03T05:49:03+0200,d815d4ad-795d-45eb-9ad8-9d704f7a3f43,2026-07-29T19:45:00Z,2026-07-29T21:45:00+0200,215.68,EUR/MWh,BE,BE,imbalance_price,Long,2026-08-03T03:49:42Z
2026-08-03T03:49:03Z,2026-08-03T05:49:03+0200,d815d4ad-795d-45eb-9ad8-9d704f7a3f43,2026-07-29T19:45:00Z,2026-07-29T21:45:00+0200,215.68,EUR/MWh,BE,BE,imbalance_price,Short,2026-08-03T03:49:42Z
2026-08-03T03:49:03Z,2026-08-03T05:49:03+0200,d815d4ad-795d-45eb-9ad8-9d704f7a3f43,2026-07-29T20:00:00Z,2026-07-29T22:00:00+0200,213.18,EUR/MWh,BE,BE,imbalance_price,Long,2026-08-03T03:49:42Z
2026-08-03T03:49:03Z,2026-08-03T05:49:03+0200,d815d4ad-795d-45eb-9ad8-9d704f7a3f43,2026-07-29T20:00:00Z,2026-07-29T22:00:00+0200,213.18,EUR/MWh,BE,BE,imbalance_price,Short,2026-08-03T03:49:42Z
2026-08-03T03:49:03Z,2026-08-03T05:49:03+0200,d815d4ad-795d-45eb-9ad8-9d704f7a3f43,2026-07-29T20:15:00Z,2026-07-29T22:15:00+0200,189.6,EUR/MWh,BE,BE,imbalance_price,Long,2026-08-03T03:49:42Z
2026-08-03T03:49:03Z,2026-08-03T05:49:03+0200,d815d4ad-795d-45eb-9ad8-9d704f7a3f43,2026-07-29T20:15:00Z,2026-07-29T22:15:00+0200,189.6,EUR/MWh,BE,BE,imbalance_price,Short,2026-08-03T03:49:42Z
2026-08-03T03:49:03Z,2026-08-03T05:49:03+0200,d815d4ad-795d-45eb-9ad8-9d704f7a3f43,2026-07-29T20:30:00Z,2026-07-29T22:30:00+0200,125.95,EUR/MWh,BE,BE,imbalance_price,Long,2026-08-03T03:49:42Z
2026-08-03T03:49:03Z,2026-08-03T05:49:03+0200,d815d4ad-795d-45eb-9ad8-9d704f7a3f43,2026-07-29T20:30:00Z,2026-07-29T22:30:00+0200,125.95,EUR/MWh,BE,BE,imbalance_price,Short,2026-08-03T03:49:42Z
2026-08-03T03:49:03Z,2026-08-03T05:49:03+0200,d815d4ad-795d-45eb-9ad8-9d704f7a3f43,2026-07-29T20:45:00Z,2026-07-29T22:45:00+0200,130.53,EUR/MWh,BE,BE,imbalance_price,Long,2026-08-03T03:49:42Z
2026-08-03T03:49:03Z,2026-08-03T05:49:03+0200,d815d4ad-795d-45eb-9ad8-9d704f7a3f43,2026-07-29T20:45:00Z,2026-07-29T22:45:00+0200,130.53,EUR/MWh,BE,BE,imbalance_price,Short,2026-08-03T03:49:42Z
2026-08-03T03:49:03Z,2026-08-03T05:49:03+0200,d815d4ad-795d-45eb-9ad8-9d704f7a3f43,2026-07-29T21:00:00Z,2026-07-29T23:00:00+0200,143.55,EUR/MWh,BE,BE,imbalance_price,Long,2026-08-03T03:49:42Z
2026-08-03T03:49:03Z,2026-08-03T05:49:03+0200,d815d4ad-795d-45eb-9ad8-9d704f7a3f43,2026-07-29T21:00:00Z,2026-07-29T23:00:00+0200,143.55,EUR/MWh,BE,BE,imbalance_price,Short,2026-08-03T03:49:42Z
2026-08-03T03:49:03Z,2026-08-03T05:49:03+0200,d815d4ad-795d-45eb-9ad8-9d704f7a3f43,2026-07-29T21:15:00Z,2026-07-29T23:15:00+0200,117.33,EUR/MWh,BE,BE,imbalance_price,Long,2026-08-03T03:49:42Z
2026-08-03T03:49:03Z,2026-08-03T05:49:03+0200,d815d4ad-795d-45eb-9ad8-9d704f7a3f43,2026-07-29T21:15:00Z,2026-07-29T23:15:00+0200,117.33,EUR/MWh,BE,BE,imbalance_price,Short,2026-08-03T03:49:42Z
2026-08-03T03:49:03Z,2026-08-03T05:49:03+0200,d815d4ad-795d-45eb-9ad8-9d704f7a3f43,2026-07-29T21:30:00Z,2026-07-29T23:30:00+0200,125.21,EUR/MWh,BE,BE,imbalance_price,Long,2026-08-03T03:49:42Z
2026-08-03T03:49:03Z,2026-08-03T05:49:03+0200,d815d4ad-795d-45eb-9ad8-9d704f7a3f43,2026-07-29T21:30:00Z,2026-07-29T23:30:00+0200,125.21,EUR/MWh,BE,BE,imbalance_price,Short,2026-08-03T03:49:42Z
2026-08-03T03:49:03Z,2026-08-03T05:49:03+0200,d815d4ad-795d-45eb-9ad8-9d704f7a3f43,2026-07-29T21:45:00Z,2026-07-29T23:45:00+0200,118.02,EUR/MWh,BE,BE,imbalance_price,Long,2026-08-03T03:49:42Z
2026-08-03T03:49:03Z,2026-08-03T05:49:03+0200,d815d4ad-795d-45eb-9ad8-9d704f7a3f43,2026-07-29T21:45:00Z,2026-07-29T23:45:00+0200,118.02,EUR/MWh,BE,BE,imbalance_price,Short,2026-08-03T03:49:42Z
2026-08-03T03:49:03Z,2026-08-03T05:49:03+0200,d815d4ad-795d-45eb-9ad8-9d704f7a3f43,2026-07-29T22:00:00Z,2026-07-30T00:00:00+0200,140.95,EUR/MWh,BE,BE,imbalance_price,Long,2026-08-03T03:49:42Z
2026-08-03T03:49:03Z,2026-08-03T05:49:03+0200,d815d4ad-795d-45eb-9ad8-9d704f7a3f43,2026-07-29T22:00:00Z,2026-07-30T00:00:00+0200,140.95,EUR/MWh,BE,BE,imbalance_price,Short,2026-08-03T03:49:42Z
2026-08-03T03:49:03Z,2026-08-03T05:49:03+0200,d815d4ad-795d-45eb-9ad8-9d704f7a3f43,2026-07-29T22:15:00Z,2026-07-30T00:15:00+0200,153.7,EUR/MWh,BE,BE,imbalance_price,Long,2026-08-03T03:49:42Z
2026-08-03T03:49:03Z,2026-08-03T05:49:03+0200,d815d4ad-795d-45eb-9ad8-9d704f7a3f43,2026-07-29T22:15:00Z,2026-07-30T00:15:00+0200,153.7,EUR/MWh,BE,BE,imbalance_price,Short,2026-08-03T03:49:42Z
2026-08-03T03:49:03Z,2026-08-03T05:49:03+0200,d815d4ad-795d-45eb-9ad8-9d704f7a3f43,2026-07-29T22:30:00Z,2026-07-30T00:30:00+0200,238.92,EUR/MWh,BE,BE,imbalance_price,Long,2026-08-03T03:49:42Z
2026-08-03T03:49:03Z,2026-08-03T05:49:03+0200,d815d4ad-795d-45eb-9ad8-9d704f7a3f43,2026-07-29T22:30:00Z,2026-07-30T00:30:00+0200,238.92,EUR/MWh,BE,BE,imbalance_price,Short,2026-08-03T03:49:42Z
2026-08-03T03:49:03Z,2026-08-03T05:49:03+0200,d815d4ad-795d-45eb-9ad8-9d704f7a3f43,2026-07-29T22:45:00Z,2026-07-30T00:45:00+0200,225.68,EUR/MWh,BE,BE,imbalance_price,Long,2026-08-03T03:49:42Z
2026-08-03T03:49:03Z,2026-08-03T05:49:03+0200,d815d4ad-795d-45eb-9ad8-9d704f7a3f43,2026-07-29T22:45:00Z,2026-07-30T00:45:00+0200,225.68,EUR/MWh,BE,BE,imbalance_price,Short,2026-08-03T03:49:42Z
2026-08-03T03:49:03Z,2026-08-03T05:49:03+0200,d815d4ad-795d-45eb-9ad8-9d704f7a3f43,2026-07-29T23:00:00Z,2026-07-30T01:00:00+0200,193.1,EUR/MWh,BE,BE,imbalance_price,Long,2026-08-03T03:49:42Z
2026-08-03T03:49:03Z,2026-08-03T05:49:03+0200,d815d4ad-795d-45eb-9ad8-9d704f7a3f43,2026-07-29T23:00:00Z,2026-07-30T01:00:00+0200,193.1,EUR/MWh,BE,BE,imbalance_price,Short,2026-08-03T03:49:42Z
2026-08-03T03:49:03Z,2026-08-03T05:49:03+0200,d815d4ad-795d-45eb-9ad8-9d704f7a3f43,2026-07-29T23:15:00Z,2026-07-30T01:15:00+0200,176.2,EUR/MWh,BE,BE,imbalance_price,Long,2026-08-03T03:49:42Z
2026-08-03T03:49:03Z,2026-08-03T05:49:03+0200,d815d4ad-795d-45eb-9ad8-9d704f7a3f43,2026-07-29T23:15:00Z,2026-07-30T01:15:00+0200,176.2,EUR/MWh,BE,BE,imbalance_price,Short,2026-08-03T03:49:42Z
2026-08-03T03:49:03Z,2026-08-03T05:49:03+0200,d815d4ad-795d-45eb-9ad8-9d704f7a3f43,2026-07-29T23:30:00Z,2026-07-30T01:30:00+0200,167.44,EUR/MWh,BE,BE,imbalance_price,Long,2026-08-03T03:49:42Z
2026-08-03T03:49:03Z,2026-08-03T05:49:03+0200,d815d4ad-795d-45eb-9ad8-9d704f7a3f43,2026-07-29T23:30:00Z,2026-07-30T01:30:00+0200,167.44,EUR/MWh,BE,BE,imbalance_price,Short,2026-08-03T03:49:42Z
2026-08-03T03:49:03Z,2026-08-03T05:49:03+0200,d815d4ad-795d-45eb-9ad8-9d704f7a3f43,2026-07-29T23:45:00Z,2026-07-30T01:45:00+0200,176.6,EUR/MWh,BE,BE,imbalance_price,Long,2026-08-03T03:49:42Z
2026-08-03T03:49:03Z,2026-08-03T05:49:03+0200,d815d4ad-795d-45eb-9ad8-9d704f7a3f43,2026-07-29T23:45:00Z,2026-07-30T01:45:00+0200,176.6,EUR/MWh,BE,BE,imbalance_price,Short,2026-08-03T03:49:42Z
2026-08-03T03:49:03Z,2026-08-03T05:49:03+0200,d815d4ad-795d-45eb-9ad8-9d704f7a3f43,2026-07-30T00:00:00Z,2026-07-30T02:00:00+0200,163.15,EUR/MWh,BE,BE,imbalance_price,Long,2026-08-03T03:49:42Z
2026-08-03T03:49:03Z,2026-08-03T05:49:03+0200,d815d4ad-795d-45eb-9ad8-9d704f7a3f43,2026-07-30T00:00:00Z,2026-07-30T02:00:00+0200,163.15,EUR/MWh,BE,BE,imbalance_price,Short,2026-08-03T03:49:42Z
2026-08-03T03:49:03Z,2026-08-03T05:49:03+0200,d815d4ad-795d-45eb-9ad8-9d704f7a3f43,2026-07-30T00:15:00Z,2026-07-30T02:15:00+0200,150.09,EUR/MWh,BE,BE,imbalance_price,Long,2026-08-03T03:49:42Z
2026-08-03T03:49:03Z,2026-08-03T05:49:03+0200,d815d4ad-795d-45eb-9ad8-9d704f7a3f43,2026-07-30T00:15:00Z,2026-07-30T02:15:00+0200,150.09,EUR/MWh,BE,BE,imbalance_price,Short,2026-08-03T03:49:42Z
2026-08-03T03:49:03Z,2026-08-03T05:49:03+0200,d815d4ad-795d-45eb-9ad8-9d704f7a3f43,2026-07-30T00:30:00Z,2026-07-30T02:30:00+0200,146.63,EUR/MWh,BE,BE,imbalance_price,Long,2026-08-03T03:49:42Z
2026-08-03T03:49:03Z,2026-08-03T05:49:03+0200,d815d4ad-795d-45eb-9ad8-9d704f7a3f43,2026-07-30T00:30:00Z,2026-07-30T02:30:00+0200,146.63,EUR/MWh,BE,BE,imbalance_price,Short,2026-08-03T03:49:42Z
2026-08-03T03:49:03Z,2026-08-03T05:49:03+0200,d815d4ad-795d-45eb-9ad8-9d704f7a3f43,2026-07-30T00:45:00Z,2026-07-30T02:45:00+0200,145.03,EUR/MWh,BE,BE,imbalance_price,Long,2026-08-03T03:49:42Z
2026-08-03T03:49:03Z,2026-08-03T05:49:03+0200,d815d4ad-795d-45eb-9ad8-9d704f7a3f43,2026-07-30T00:45:00Z,2026-07-30T02:45:00+0200,145.03,EUR/MWh,BE,BE,imbalance_price,Short,2026-08-03T03:49:42Z
2026-08-03T03:49:03Z,2026-08-03T05:49:03+0200,d815d4ad-795d-45eb-9ad8-9d704f7a3f43,2026-07-30T01:00:00Z,2026-07-30T03:00:00+0200,143.18,EUR/MWh,BE,BE,imbalance_price,Long,2026-08-03T03:49:42Z
2026-08-03T03:49:03Z,2026-08-03T05:49:03+0200,d815d4ad-795d-45eb-9ad8-9d704f7a3f43,2026-07-30T01:00:00Z,2026-07-30T03:00:00+0200,143.18,EUR/MWh,BE,BE,imbalance_price,Short,2026-08-03T03:49:42Z
2026-08-03T03:49:03Z,2026-08-03T05:49:03+0200,d815d4ad-795d-45eb-9ad8-9d704f7a3f43,2026-07-30T01:15:00Z,2026-07-30T03:15:00+0200,129.76,EUR/MWh,BE,BE,imbalance_price,Long,2026-08-03T03:49:42Z
2026-08-03T03:49:03Z,2026-08-03T05:49:03+0200,d815d4ad-795d-45eb-9ad8-9d704f7a3f43,2026-07-30T01:15:00Z,2026-07-30T03:15:00+0200,129.76,EUR/MWh,BE,BE,imbalance_price,Short,2026-08-03T03:49:42Z
2026-08-03T03:49:03Z,2026-08-03T05:49:03+0200,d815d4ad-795d-45eb-9ad8-9d704f7a3f43,2026-07-30T01:30:00Z,2026-07-30T03:30:00+0200,127.61,EUR/MWh,BE,BE,imbalance_price,Long,2026-08-03T03:49:42Z
2026-08-03T03:49:03Z,2026-08-03T05:49:03+0200,d815d4ad-795d-45eb-9ad8-9d704f7a3f43,2026-07-30T01:30:00Z,2026-07-30T03:30:00+0200,127.61,EUR/MWh,BE,BE,imbalance_price,Short,2026-08-03T03:49:42Z
2026-08-03T03:49:03Z,2026-08-03T05:49:03+0200,d815d4ad-795d-45eb-9ad8-9d704f7a3f43,2026-07-30T01:45:00Z,2026-07-30T03:45:00+0200,139.88,EUR/MWh,BE,BE,imbalance_price,Long,2026-08-03T03:49:42Z
2026-08-03T03:49:03Z,2026-08-03T05:49:03+0200,d815d4ad-795d-45eb-9ad8-9d704f7a3f43,2026-07-30T01:45:00Z,2026-07-30T03:45:00+0200,139.88,EUR/MWh,BE,BE,imbalance_price,Short,2026-08-03T03:49:42Z
2026-08-03T03:49:03Z,2026-08-03T05:49:03+0200,d815d4ad-795d-45eb-9ad8-9d704f7a3f43,2026-07-30T02:00:00Z,2026-07-30T04:00:00+0200,120.6,EUR/MWh,BE,BE,imbalance_price,Long,2026-08-03T03:49:42Z
2026-08-03T03:49:03Z,2026-08-03T05:49:03+0200,d815d4ad-795d-45eb-9ad8-9d704f7a3f43,2026-07-30T02:00:00Z,2026-07-30T04:00:00+0200,120.6,EUR/MWh,BE,BE,imbalance_price,Short,2026-08-03T03:49:42Z
2026-08-03T03:49:03Z,2026-08-03T05:49:03+0200,d815d4ad-795d-45eb-9ad8-9d704f7a3f43,2026-07-30T02:15:00Z,2026-07-30T04:15:00+0200,121.98,EUR/MWh,BE,BE,imbalance_price,Long,2026-08-03T03:49:42Z
2026-08-03T03:49:03Z,2026-08-03T05:49:03+0200,d815d4ad-795d-45eb-9ad8-9d704f7a3f43,2026-07-30T02:15:00Z,2026-07-30T04:15:00+0200,121.98,EUR/MWh,BE,BE,imbalance_price,Short,2026-08-03T03:49:42Z
2026-08-03T03:49:03Z,2026-08-03T05:49:03+0200,d815d4ad-795d-45eb-9ad8-9d704f7a3f43,2026-07-30T02:30:00Z,2026-07-30T04:30:00+0200,119.61,EUR/MWh,BE,BE,imbalance_price,Long,2026-08-03T03:49:42Z
2026-08-03T03:49:03Z,2026-08-03T05:49:03+0200,d815d4ad-795d-45eb-9ad8-9d704f7a3f43,2026-07-30T02:30:00Z,2026-07-30T04:30:00+0200,119.61,EUR/MWh,BE,BE,imbalance_price,Short,2026-08-03T03:49:42Z
2026-08-03T03:49:03Z,2026-08-03T05:49:03+0200,d815d4ad-795d-45eb-9ad8-9d704f7a3f43,2026-07-30T02:45:00Z,2026-07-30T04:45:00+0200,126.83,EUR/MWh,BE,BE,imbalance_price,Long,2026-08-03T03:49:42Z
2026-08-03T03:49:03Z,2026-08-03T05:49:03+0200,d815d4ad-795d-45eb-9ad8-9d704f7a3f43,2026-07-30T02:45:00Z,2026-07-30T04:45:00+0200,126.83,EUR/MWh,BE,BE,imbalance_price,Short,2026-08-03T03:49:42Z
2026-08-03T03:49:03Z,2026-08-03T05:49:03+0200,d815d4ad-795d-45eb-9ad8-9d704f7a3f43,2026-07-30T03:00:00Z,2026-07-30T05:00:00+0200,176.0,EUR/MWh,BE,BE,imbalance_price,Long,2026-08-03T03:49:42Z
2026-08-03T03:49:03Z,2026-08-03T05:49:03+0200,d815d4ad-795d-45eb-9ad8-9d704f7a3f43,2026-07-30T03:00:00Z,2026-07-30T05:00:00+0200,176.0,EUR/MWh,BE,BE,imbalance_price,Short,2026-08-03T03:49:42Z
2026-08-03T03:49:03Z,2026-08-03T05:49:03+0200,d815d4ad-795d-45eb-9ad8-9d704f7a3f43,2026-07-30T03:15:00Z,2026-07-30T05:15:00+0200,125.19,EUR/MWh,BE,BE,imbalance_price,Long,2026-08-03T03:49:42Z
2026-08-03T03:49:03Z,2026-08-03T05:49:03+0200,d815d4ad-795d-45eb-9ad8-9d704f7a3f43,2026-07-30T03:15:00Z,2026-07-30T05:15:00+0200,125.19,EUR/MWh,BE,BE,imbalance_price,Short,2026-08-03T03:49:42Z
2026-08-03T03:49:03Z,2026-08-03T05:49:03+0200,d815d4ad-795d-45eb-9ad8-9d704f7a3f43,2026-07-30T03:30:00Z,2026-07-30T05:30:00+0200,127.54,EUR/MWh,BE,BE,imbalance_price,Long,2026-08-03T03:49:42Z
2026-08-03T03:49:03Z,2026-08-03T05:49:03+0200,d815d4ad-795d-45eb-9ad8-9d704f7a3f43,2026-07-30T03:30:00Z,2026-07-30T05:30:00+0200,127.54,EUR/MWh,BE,BE,imbalance_price,Short,2026-08-03T03:49:42Z
2026-08-03T03:49:03Z,2026-08-03T05:49:03+0200,d815d4ad-795d-45eb-9ad8-9d704f7a3f43,2026-07-30T03:45:00Z,2026-07-30T05:45:00+0200,125.43,EUR/MWh,BE,BE,imbalance_price,Long,2026-08-03T03:49:42Z
2026-08-03T03:49:03Z,2026-08-03T05:49:03+0200,d815d4ad-795d-45eb-9ad8-9d704f7a3f43,2026-07-30T03:45:00Z,2026-07-30T05:45:00+0200,125.43,EUR/MWh,BE,BE,imbalance_price,Short,2026-08-03T03:49:42Z
2026-08-03T03:49:03Z,2026-08-03T05:49:03+0200,d815d4ad-795d-45eb-9ad8-9d704f7a3f43,2026-07-30T04:00:00Z,2026-07-30T06:00:00+0200,124.5,EUR/MWh,BE,BE,imbalance_price,Long,2026-08-03T03:49:42Z
2026-08-03T03:49:03Z,2026-08-03T05:49:03+0200,d815d4ad-795d-45eb-9ad8-9d704f7a3f43,2026-07-30T04:00:00Z,2026-07-30T06:00:00+0200,124.5,EUR/MWh,BE,BE,imbalance_price,Short,2026-08-03T03:49:42Z
2026-08-03T03:49:03Z,2026-08-03T05:49:03+0200,d815d4ad-795d-45eb-9ad8-9d704f7a3f43,2026-07-30T04:15:00Z,2026-07-30T06:15:00+0200,135.58,EUR/MWh,BE,BE,imbalance_price,Long,2026-08-03T03:49:42Z
2026-08-03T03:49:03Z,2026-08-03T05:49:03+0200,d815d4ad-795d-45eb-9ad8-9d704f7a3f43,2026-07-30T04:15:00Z,2026-07-30T06:15:00+0200,135.58,EUR/MWh,BE,BE,imbalance_price,Short,2026-08-03T03:49:42Z
2026-08-03T03:49:03Z,2026-08-03T05:49:03+0200,d815d4ad-795d-45eb-9ad8-9d704f7a3f43,2026-07-30T04:30:00Z,2026-07-30T06:30:00+0200,118.24,EUR/MWh,BE,BE,imbalance_price,Long,2026-08-03T03:49:42Z
2026-08-03T03:49:03Z,2026-08-03T05:49:03+0200,d815d4ad-795d-45eb-9ad8-9d704f7a3f43,2026-07-30T04:30:00Z,2026-07-30T06:30:00+0200,118.24,EUR/MWh,BE,BE,imbalance_price,Short,2026-08-03T03:49:42Z
2026-08-03T03:49:03Z,2026-08-03T05:49:03+0200,d815d4ad-795d-45eb-9ad8-9d704f7a3f43,2026-07-30T04:45:00Z,2026-07-30T06:45:00+0200,149.59,EUR/MWh,BE,BE,imbalance_price,Long,2026-08-03T03:49:42Z
2026-08-03T03:49:03Z,2026-08-03T05:49:03+0200,d815d4ad-795d-45eb-9ad8-9d704f7a3f43,2026-07-30T04:45:00Z,2026-07-30T06:45:00+0200,149.59,EUR/MWh,BE,BE,imbalance_price,Short,2026-08-03T03:49:42Z
2026-08-03T03:49:03Z,2026-08-03T05:49:03+0200,d815d4ad-795d-45eb-9ad8-9d704f7a3f43,2026-07-30T05:00:00Z,2026-07-30T07:00:00+0200,163.71,EUR/MWh,BE,BE,imbalance_price,Long,2026-08-03T03:49:42Z
2026-08-03T03:49:03Z,2026-08-03T05:49:03+0200,d815d4ad-795d-45eb-9ad8-9d704f7a3f43,2026-07-30T05:00:00Z,2026-07-30T07:00:00+0200,163.71,EUR/MWh,BE,BE,imbalance_price,Short,2026-08-03T03:49:42Z
2026-08-03T03:49:03Z,2026-08-03T05:49:03+0200,d815d4ad-795d-45eb-9ad8-9d704f7a3f43,2026-07-30T05:15:00Z,2026-07-30T07:15:00+0200,133.76,EUR/MWh,BE,BE,imbalance_price,Long,2026-08-03T03:49:42Z
2026-08-03T03:49:03Z,2026-08-03T05:49:03+0200,d815d4ad-795d-45eb-9ad8-9d704f7a3f43,2026-07-30T05:15:00Z,2026-07-30T07:15:00+0200,133.76,EUR/MWh,BE,BE,imbalance_price,Short,2026-08-03T03:49:42Z
2026-08-03T03:49:03Z,2026-08-03T05:49:03+0200,d815d4ad-795d-45eb-9ad8-9d704f7a3f43,2026-07-30T05:30:00Z,2026-07-30T07:30:00+0200,145.87,EUR/MWh,BE,BE,imbalance_price,Long,2026-08-03T03:49:42Z
2026-08-03T03:49:03Z,2026-08-03T05:49:03+0200,d815d4ad-795d-45eb-9ad8-9d704f7a3f43,2026-07-30T05:30:00Z,2026-07-30T07:30:00+0200,145.87,EUR/MWh,BE,BE,imbalance_price,Short,2026-08-03T03:49:42Z
2026-08-03T03:49:03Z,2026-08-03T05:49:03+0200,d815d4ad-795d-45eb-9ad8-9d704f7a3f43,2026-07-30T05:45:00Z,2026-07-30T07:45:00+0200,135.76,EUR/MWh,BE,BE,imbalance_price,Long,2026-08-03T03:49:42Z
2026-08-03T03:49:03Z,2026-08-03T05:49:03+0200,d815d4ad-795d-45eb-9ad8-9d704f7a3f43,2026-07-30T05:45:00Z,2026-07-30T07:45:00+0200,135.76,EUR/MWh,BE,BE,imbalance_price,Short,2026-08-03T03:49:42Z
2026-08-03T03:49:03Z,2026-08-03T05:49:03+0200,d815d4ad-795d-45eb-9ad8-9d704f7a3f43,2026-07-30T06:00:00Z,2026-07-30T08:00:00+0200,125.24,EUR/MWh,BE,BE,imbalance_price,Long,2026-08-03T03:49:42Z
2026-08-03T03:49:03Z,2026-08-03T05:49:03+0200,d815d4ad-795d-45eb-9ad8-9d704f7a3f43,2026-07-30T06:00:00Z,2026-07-30T08:00:00+0200,125.24,EUR/MWh,BE,BE,imbalance_price,Short,2026-08-03T03:49:42Z
2026-08-03T03:49:03Z,2026-08-03T05:49:03+0200,d815d4ad-795d-45eb-9ad8-9d704f7a3f43,2026-07-30T06:15:00Z,2026-07-30T08:15:00+0200,109.32,EUR/MWh,BE,BE,imbalance_price,Long,2026-08-03T03:49:42Z
2026-08-03T03:49:03Z,2026-08-03T05:49:03+0200,d815d4ad-795d-45eb-9ad8-9d704f7a3f43,2026-07-30T06:15:00Z,2026-07-30T08:15:00+0200,109.32,EUR/MWh,BE,BE,imbalance_price,Short,2026-08-03T03:49:42Z
2026-08-03T03:49:03Z,2026-08-03T05:49:03+0200,d815d4ad-795d-45eb-9ad8-9d704f7a3f43,2026-07-30T06:30:00Z,2026-07-30T08:30:00+0200,99.62,EUR/MWh,BE,BE,imbalance_price,Long,2026-08-03T03:49:42Z
2026-08-03T03:49:03Z,2026-08-03T05:49:03+0200,d815d4ad-795d-45eb-9ad8-9d704f7a3f43,2026-07-30T06:30:00Z,2026-07-30T08:30:00+0200,99.62,EUR/MWh,BE,BE,imbalance_price,Short,2026-08-03T03:49:42Z
2026-08-03T03:49:03Z,2026-08-03T05:49:03+0200,d815d4ad-795d-45eb-9ad8-9d704f7a3f43,2026-07-30T06:45:00Z,2026-07-30T08:45:00+0200,99.62,EUR/MWh,BE,BE,imbalance_price,Long,2026-08-03T03:49:42Z
2026-08-03T03:49:03Z,2026-08-03T05:49:03+0200,d815d4ad-795d-45eb-9ad8-9d704f7a3f43,2026-07-30T06:45:00Z,2026-07-30T08:45:00+0200,99.62,EUR/MWh,BE,BE,imbalance_price,Short,2026-08-03T03:49:42Z
2026-08-03T03:49:03Z,2026-08-03T05:49:03+0200,d815d4ad-795d-45eb-9ad8-9d704f7a3f43,2026-07-30T07:00:00Z,2026-07-30T09:00:00+0200,96.74,EUR/MWh,BE,BE,imbalance_price,Long,2026-08-03T03:49:42Z
2026-08-03T03:49:03Z,2026-08-03T05:49:03+0200,d815d4ad-795d-45eb-9ad8-9d704f7a3f43,2026-07-30T07:00:00Z,2026-07-30T09:00:00+0200,96.74,EUR/MWh,BE,BE,imbalance_price,Short,2026-08-03T03:49:42Z
2026-08-03T03:49:03Z,2026-08-03T05:49:03+0200,d815d4ad-795d-45eb-9ad8-9d704f7a3f43,2026-07-30T07:15:00Z,2026-07-30T09:15:00+0200,23.73,EUR/MWh,BE,BE,imbalance_price,Long,2026-08-03T03:49:42Z
2026-08-03T03:49:03Z,2026-08-03T05:49:03+0200,d815d4ad-795d-45eb-9ad8-9d704f7a3f43,2026-07-30T07:15:00Z,2026-07-30T09:15:00+0200,23.73,EUR/MWh,BE,BE,imbalance_price,Short,2026-08-03T03:49:42Z
2026-08-03T03:49:03Z,2026-08-03T05:49:03+0200,d815d4ad-795d-45eb-9ad8-9d704f7a3f43,2026-07-30T07:30:00Z,2026-07-30T09:30:00+0200,23.73,EUR/MWh,BE,BE,imbalance_price,Long,2026-08-03T03:49:42Z
2026-08-03T03:49:03Z,2026-08-03T05:49:03+0200,d815d4ad-795d-45eb-9ad8-9d704f7a3f43,2026-07-30T07:30:00Z,2026-07-30T09:30:00+0200,23.73,EUR/MWh,BE,BE,imbalance_price,Short,2026-08-03T03:49:42Z
2026-08-03T03:49:03Z,2026-08-03T05:49:03+0200,d815d4ad-795d-45eb-9ad8-9d704f7a3f43,2026-07-30T07:45:00Z,2026-07-30T09:45:00+0200,23.73,EUR/MWh,BE,BE,imbalance_price,Long,2026-08-03T03:49:42Z
2026-08-03T03:49:03Z,2026-08-03T05:49:03+0200,d815d4ad-795d-45eb-9ad8-9d704f7a3f43,2026-07-30T07:45:00Z,2026-07-30T09:45:00+0200,23.73,EUR/MWh,BE,BE,imbalance_price,Short,2026-08-03T03:49:42Z
2026-08-03T03:49:03Z,2026-08-03T05:49:03+0200,d815d4ad-795d-45eb-9ad8-9d704f7a3f43,2026-07-30T08:00:00Z,2026-07-30T10:00:00+0200,17.31,EUR/MWh,BE,BE,imbalance_price,Long,2026-08-03T03:49:42Z
2026-08-03T03:49:03Z,2026-08-03T05:49:03+0200,d815d4ad-795d-45eb-9ad8-9d704f7a3f43,2026-07-30T08:00:00Z,2026-07-30T10:00:00+0200,17.31,EUR/MWh,BE,BE,imbalance_price,Short,2026-08-03T03:49:42Z
2026-08-03T03:49:03Z,2026-08-03T05:49:03+0200,d815d4ad-795d-45eb-9ad8-9d704f7a3f43,2026-07-30T08:15:00Z,2026-07-30T10:15:00+0200,-22.19,EUR/MWh,BE,BE,imbalance_price,Long,2026-08-03T03:49:42Z
2026-08-03T03:49:03Z,2026-08-03T05:49:03+0200,d815d4ad-795d-45eb-9ad8-9d704f7a3f43,2026-07-30T08:15:00Z,2026-07-30T10:15:00+0200,-22.19,EUR/MWh,BE,BE,imbalance_price,Short,2026-08-03T03:49:42Z
2026-08-03T03:49:03Z,2026-08-03T05:49:03+0200,d815d4ad-795d-45eb-9ad8-9d704f7a3f43,2026-07-30T08:30:00Z,2026-07-30T10:30:00+0200,5.25,EUR/MWh,BE,BE,imbalance_price,Long,2026-08-03T03:49:42Z
2026-08-03T03:49:03Z,2026-08-03T05:49:03+0200,d815d4ad-795d-45eb-9ad8-9d704f7a3f43,2026-07-30T08:30:00Z,2026-07-30T10:30:00+0200,5.25,EUR/MWh,BE,BE,imbalance_price,Short,2026-08-03T03:49:42Z
2026-08-03T03:49:03Z,2026-08-03T05:49:03+0200,d815d4ad-795d-45eb-9ad8-9d704f7a3f43,2026-07-30T08:45:00Z,2026-07-30T10:45:00+0200,-2.36,EUR/MWh,BE,BE,imbalance_price,Long,2026-08-03T03:49:42Z
2026-08-03T03:49:03Z,2026-08-03T05:49:03+0200,d815d4ad-795d-45eb-9ad8-9d704f7a3f43,2026-07-30T08:45:00Z,2026-07-30T10:45:00+0200,-2.36,EUR/MWh,BE,BE,imbalance_price,Short,2026-08-03T03:49:42Z
2026-08-03T03:49:03Z,2026-08-03T05:49:03+0200,d815d4ad-795d-45eb-9ad8-9d704f7a3f43,2026-07-30T09:00:00Z,2026-07-30T11:00:00+0200,-14.45,EUR/MWh,BE,BE,imbalance_price,Long,2026-08-03T03:49:42Z
2026-08-03T03:49:03Z,2026-08-03T05:49:03+0200,d815d4ad-795d-45eb-9ad8-9d704f7a3f43,2026-07-30T09:00:00Z,2026-07-30T11:00:00+0200,-14.45,EUR/MWh,BE,BE,imbalance_price,Short,2026-08-03T03:49:42Z
2026-08-03T03:49:03Z,2026-08-03T05:49:03+0200,d815d4ad-795d-45eb-9ad8-9d704f7a3f43,2026-07-30T09:15:00Z,2026-07-30T11:15:00+0200,23.73,EUR/MWh,BE,BE,imbalance_price,Long,2026-08-03T03:49:42Z
2026-08-03T03:49:03Z,2026-08-03T05:49:03+0200,d815d4ad-795d-45eb-9ad8-9d704f7a3f43,2026-07-30T09:15:00Z,2026-07-30T11:15:00+0200,23.73,EUR/MWh,BE,BE,imbalance_price,Short,2026-08-03T03:49:42Z
2026-08-03T03:49:03Z,2026-08-03T05:49:03+0200,d815d4ad-795d-45eb-9ad8-9d704f7a3f43,2026-07-30T09:30:00Z,2026-07-30T11:30:00+0200,108.44,EUR/MWh,BE,BE,imbalance_price,Long,2026-08-03T03:49:42Z
2026-08-03T03:49:03Z,2026-08-03T05:49:03+0200,d815d4ad-795d-45eb-9ad8-9d704f7a3f43,2026-07-30T09:30:00Z,2026-07-30T11:30:00+0200,108.44,EUR/MWh,BE,BE,imbalance_price,Short,2026-08-03T03:49:42Z
2026-08-03T03:49:03Z,2026-08-03T05:49:03+0200,d815d4ad-795d-45eb-9ad8-9d704f7a3f43,2026-07-30T09:45:00Z,2026-07-30T11:45:00+0200,92.03,EUR/MWh,BE,BE,imbalance_price,Long,2026-08-03T03:49:42Z
2026-08-03T03:49:03Z,2026-08-03T05:49:03+0200,d815d4ad-795d-45eb-9ad8-9d704f7a3f43,2026-07-30T09:45:00Z,2026-07-30T11:45:00+0200,92.03,EUR/MWh,BE,BE,imbalance_price,Short,2026-08-03T03:49:42Z
2026-08-03T03:49:03Z,2026-08-03T05:49:03+0200,d815d4ad-795d-45eb-9ad8-9d704f7a3f43,2026-07-30T10:00:00Z,2026-07-30T12:00:00+0200,16.66,EUR/MWh,BE,BE,imbalance_price,Long,2026-08-03T03:49:42Z
2026-08-03T03:49:03Z,2026-08-03T05:49:03+0200,d815d4ad-795d-45eb-9ad8-9d704f7a3f43,2026-07-30T10:00:00Z,2026-07-30T12:00:00+0200,16.66,EUR/MWh,BE,BE,imbalance_price,Short,2026-08-03T03:49:42Z
2026-08-03T03:49:03Z,2026-08-03T05:49:03+0200,d815d4ad-795d-45eb-9ad8-9d704f7a3f43,2026-07-30T10:15:00Z,2026-07-30T12:15:00+0200,21.52,EUR/MWh,BE,BE,imbalance_price,Long,2026-08-03T03:49:42Z
2026-08-03T03:49:03Z,2026-08-03T05:49:03+0200,d815d4ad-795d-45eb-9ad8-9d704f7a3f43,2026-07-30T10:15:00Z,2026-07-30T12:15:00+0200,21.52,EUR/MWh,BE,BE,imbalance_price,Short,2026-08-03T03:49:42Z
2026-08-03T03:49:03Z,2026-08-03T05:49:03+0200,d815d4ad-795d-45eb-9ad8-9d704f7a3f43,2026-07-30T10:30:00Z,2026-07-30T12:30:00+0200,16.98,EUR/MWh,BE,BE,imbalance_price,Long,2026-08-03T03:49:42Z
2026-08-03T03:49:03Z,2026-08-03T05:49:03+0200,d815d4ad-795d-45eb-9ad8-9d704f7a3f43,2026-07-30T10:30:00Z,2026-07-30T12:30:00+0200,16.98,EUR/MWh,BE,BE,imbalance_price,Short,2026-08-03T03:49:42Z
2026-08-03T03:49:03Z,2026-08-03T05:49:03+0200,d815d4ad-795d-45eb-9ad8-9d704f7a3f43,2026-07-30T10:45:00Z,2026-07-30T12:45:00+0200,131.13,EUR/MWh,BE,BE,imbalance_price,Long,2026-08-03T03:49:42Z
2026-08-03T03:49:03Z,2026-08-03T05:49:03+0200,d815d4ad-795d-45eb-9ad8-9d704f7a3f43,2026-07-30T10:45:00Z,2026-07-30T12:45:00+0200,131.13,EUR/MWh,BE,BE,imbalance_price,Short,2026-08-03T03:49:42Z
2026-08-03T03:49:03Z,2026-08-03T05:49:03+0200,d815d4ad-795d-45eb-9ad8-9d704f7a3f43,2026-07-30T11:00:00Z,2026-07-30T13:00:00+0200,166.88,EUR/MWh,BE,BE,imbalance_price,Long,2026-08-03T03:49:42Z
2026-08-03T03:49:03Z,2026-08-03T05:49:03+0200,d815d4ad-795d-45eb-9ad8-9d704f7a3f43,2026-07-30T11:00:00Z,2026-07-30T13:00:00+0200,166.88,EUR/MWh,BE,BE,imbalance_price,Short,2026-08-03T03:49:42Z
2026-08-03T03:49:03Z,2026-08-03T05:49:03+0200,d815d4ad-795d-45eb-9ad8-9d704f7a3f43,2026-07-30T11:15:00Z,2026-07-30T13:15:00+0200,155.98,EUR/MWh,BE,BE,imbalance_price,Long,2026-08-03T03:49:42Z
2026-08-03T03:49:03Z,2026-08-03T05:49:03+0200,d815d4ad-795d-45eb-9ad8-9d704f7a3f43,2026-07-30T11:15:00Z,2026-07-30T13:15:00+0200,155.98,EUR/MWh,BE,BE,imbalance_price,Short,2026-08-03T03:49:42Z
2026-08-03T03:49:03Z,2026-08-03T05:49:03+0200,d815d4ad-795d-45eb-9ad8-9d704f7a3f43,2026-07-30T11:30:00Z,2026-07-30T13:30:00+0200,171.16,EUR/MWh,BE,BE,imbalance_price,Long,2026-08-03T03:49:42Z
2026-08-03T03:49:03Z,2026-08-03T05:49:03+0200,d815d4ad-795d-45eb-9ad8-9d704f7a3f43,2026-07-30T11:30:00Z,2026-07-30T13:30:00+0200,171.16,EUR/MWh,BE,BE,imbalance_price,Short,2026-08-03T03:49:42Z
2026-08-03T03:49:03Z,2026-08-03T05:49:03+0200,d815d4ad-795d-45eb-9ad8-9d704f7a3f43,2026-07-30T11:45:00Z,2026-07-30T13:45:00+0200,184.25,EUR/MWh,BE,BE,imbalance_price,Long,2026-08-03T03:49:42Z
2026-08-03T03:49:03Z,2026-08-03T05:49:03+0200,d815d4ad-795d-45eb-9ad8-9d704f7a3f43,2026-07-30T11:45:00Z,2026-07-30T13:45:00+0200,184.25,EUR/MWh,BE,BE,imbalance_price,Short,2026-08-03T03:49:42Z
2026-08-03T03:49:03Z,2026-08-03T05:49:03+0200,d815d4ad-795d-45eb-9ad8-9d704f7a3f43,2026-07-30T12:00:00Z,2026-07-30T14:00:00+0200,174.86,EUR/MWh,BE,BE,imbalance_price,Long,2026-08-03T03:49:42Z
2026-08-03T03:49:03Z,2026-08-03T05:49:03+0200,d815d4ad-795d-45eb-9ad8-9d704f7a3f43,2026-07-30T12:00:00Z,2026-07-30T14:00:00+0200,174.86,EUR/MWh,BE,BE,imbalance_price,Short,2026-08-03T03:49:42Z
2026-08-03T03:49:03Z,2026-08-03T05:49:03+0200,d815d4ad-795d-45eb-9ad8-9d704f7a3f43,2026-07-30T12:15:00Z,2026-07-30T14:15:00+0200,194.87,EUR/MWh,BE,BE,imbalance_price,Long,2026-08-03T03:49:42Z
2026-08-03T03:49:03Z,2026-08-03T05:49:03+0200,d815d4ad-795d-45eb-9ad8-9d704f7a3f43,2026-07-30T12:15:00Z,2026-07-30T14:15:00+0200,194.87,EUR/MWh,BE,BE,imbalance_price,Short,2026-08-03T03:49:42Z
2026-08-03T03:49:03Z,2026-08-03T05:49:03+0200,d815d4ad-795d-45eb-9ad8-9d704f7a3f43,2026-07-30T12:30:00Z,2026-07-30T14:30:00+0200,380.49,EUR/MWh,BE,BE,imbalance_price,Long,2026-08-03T03:49:42Z
2026-08-03T03:49:03Z,2026-08-03T05:49:03+0200,d815d4ad-795d-45eb-9ad8-9d704f7a3f43,2026-07-30T12:30:00Z,2026-07-30T14:30:00+0200,380.49,EUR/MWh,BE,BE,imbalance_price,Short,2026-08-03T03:49:42Z
2026-08-03T03:49:03Z,2026-08-03T05:49:03+0200,d815d4ad-795d-45eb-9ad8-9d704f7a3f43,2026-07-30T12:45:00Z,2026-07-30T14:45:00+0200,340.31,EUR/MWh,BE,BE,imbalance_price,Long,2026-08-03T03:49:42Z
2026-08-03T03:49:03Z,2026-08-03T05:49:03+0200,d815d4ad-795d-45eb-9ad8-9d704f7a3f43,2026-07-30T12:45:00Z,2026-07-30T14:45:00+0200,340.31,EUR/MWh,BE,BE,imbalance_price,Short,2026-08-03T03:49:42Z
2026-08-03T03:49:03Z,2026-08-03T05:49:03+0200,d815d4ad-795d-45eb-9ad8-9d704f7a3f43,2026-07-30T13:00:00Z,2026-07-30T15:00:00+0200,222.33,EUR/MWh,BE,BE,imbalance_price,Long,2026-08-03T03:49:42Z
2026-08-03T03:49:03Z,2026-08-03T05:49:03+0200,d815d4ad-795d-45eb-9ad8-9d704f7a3f43,2026-07-30T13:00:00Z,2026-07-30T15:00:00+0200,222.33,EUR/MWh,BE,BE,imbalance_price,Short,2026-08-03T03:49:42Z
2026-08-03T03:49:03Z,2026-08-03T05:49:03+0200,d815d4ad-795d-45eb-9ad8-9d704f7a3f43,2026-07-30T13:15:00Z,2026-07-30T15:15:00+0200,279.87,EUR/MWh,BE,BE,imbalance_price,Long,2026-08-03T03:49:42Z
2026-08-03T03:49:03Z,2026-08-03T05:49:03+0200,d815d4ad-795d-45eb-9ad8-9d704f7a3f43,2026-07-30T13:15:00Z,2026-07-30T15:15:00+0200,279.87,EUR/MWh,BE,BE,imbalance_price,Short,2026-08-03T03:49:42Z
2026-08-03T03:49:03Z,2026-08-03T05:49:03+0200,d815d4ad-795d-45eb-9ad8-9d704f7a3f43,2026-07-30T13:30:00Z,2026-07-30T15:30:00+0200,358.09,EUR/MWh,BE,BE,imbalance_price,Long,2026-08-03T03:49:42Z
2026-08-03T03:49:03Z,2026-08-03T05:49:03+0200,d815d4ad-795d-45eb-9ad8-9d704f7a3f43,2026-07-30T13:30:00Z,2026-07-30T15:30:00+0200,358.09,EUR/MWh,BE,BE,imbalance_price,Short,2026-08-03T03:49:42Z
2026-08-03T03:49:03Z,2026-08-03T05:49:03+0200,d815d4ad-795d-45eb-9ad8-9d704f7a3f43,2026-07-30T13:45:00Z,2026-07-30T15:45:00+0200,249.64,EUR/MWh,BE,BE,imbalance_price,Long,2026-08-03T03:49:42Z
2026-08-03T03:49:03Z,2026-08-03T05:49:03+0200,d815d4ad-795d-45eb-9ad8-9d704f7a3f43,2026-07-30T13:45:00Z,2026-07-30T15:45:00+0200,249.64,EUR/MWh,BE,BE,imbalance_price,Short,2026-08-03T03:49:42Z
2026-08-03T03:49:03Z,2026-08-03T05:49:03+0200,d815d4ad-795d-45eb-9ad8-9d704f7a3f43,2026-07-30T14:00:00Z,2026-07-30T16:00:00+0200,90.02,EUR/MWh,BE,BE,imbalance_price,Long,2026-08-03T03:49:42Z
2026-08-03T03:49:03Z,2026-08-03T05:49:03+0200,d815d4ad-795d-45eb-9ad8-9d704f7a3f43,2026-07-30T14:00:00Z,2026-07-30T16:00:00+0200,90.02,EUR/MWh,BE,BE,imbalance_price,Short,2026-08-03T03:49:42Z
2026-08-03T03:49:03Z,2026-08-03T05:49:03+0200,d815d4ad-795d-45eb-9ad8-9d704f7a3f43,2026-07-30T14:15:00Z,2026-07-30T16:15:00+0200,84.54,EUR/MWh,BE,BE,imbalance_price,Long,2026-08-03T03:49:42Z
2026-08-03T03:49:03Z,2026-08-03T05:49:03+0200,d815d4ad-795d-45eb-9ad8-9d704f7a3f43,2026-07-30T14:15:00Z,2026-07-30T16:15:00+0200,84.54,EUR/MWh,BE,BE,imbalance_price,Short,2026-08-03T03:49:42Z
2026-08-03T03:49:03Z,2026-08-03T05:49:03+0200,d815d4ad-795d-45eb-9ad8-9d704f7a3f43,2026-07-30T14:30:00Z,2026-07-30T16:30:00+0200,229.52,EUR/MWh,BE,BE,imbalance_price,Long,2026-08-03T03:49:42Z
2026-08-03T03:49:03Z,2026-08-03T05:49:03+0200,d815d4ad-795d-45eb-9ad8-9d704f7a3f43,2026-07-30T14:30:00Z,2026-07-30T16:30:00+0200,229.52,EUR/MWh,BE,BE,imbalance_price,Short,2026-08-03T03:49:42Z
2026-08-03T03:49:03Z,2026-08-03T05:49:03+0200,d815d4ad-795d-45eb-9ad8-9d704f7a3f43,2026-07-30T14:45:00Z,2026-07-30T16:45:00+0200,20.63,EUR/MWh,BE,BE,imbalance_price,Long,2026-08-03T03:49:42Z
2026-08-03T03:49:03Z,2026-08-03T05:49:03+0200,d815d4ad-795d-45eb-9ad8-9d704f7a3f43,2026-07-30T14:45:00Z,2026-07-30T16:45:00+0200,20.63,EUR/MWh,BE,BE,imbalance_price,Short,2026-08-03T03:49:42Z
2026-08-03T03:49:03Z,2026-08-03T05:49:03+0200,d815d4ad-795d-45eb-9ad8-9d704f7a3f43,2026-07-30T15:00:00Z,2026-07-30T17:00:00+0200,17.09,EUR/MWh,BE,BE,imbalance_price,Long,2026-08-03T03:49:42Z
2026-08-03T03:49:03Z,2026-08-03T05:49:03+0200,d815d4ad-795d-45eb-9ad8-9d704f7a3f43,2026-07-30T15:00:00Z,2026-07-30T17:00:00+0200,17.09,EUR/MWh,BE,BE,imbalance_price,Short,2026-08-03T03:49:42Z
2026-08-03T03:49:03Z,2026-08-03T05:49:03+0200,d815d4ad-795d-45eb-9ad8-9d704f7a3f43,2026-07-30T15:15:00Z,2026-07-30T17:15:00+0200,5.24,EUR/MWh,BE,BE,imbalance_price,Long,2026-08-03T03:49:42Z
2026-08-03T03:49:03Z,2026-08-03T05:49:03+0200,d815d4ad-795d-45eb-9ad8-9d704f7a3f43,2026-07-30T15:15:00Z,2026-07-30T17:15:00+0200,5.24,EUR/MWh,BE,BE,imbalance_price,Short,2026-08-03T03:49:42Z
2026-08-03T03:49:03Z,2026-08-03T05:49:03+0200,d815d4ad-795d-45eb-9ad8-9d704f7a3f43,2026-07-30T15:30:00Z,2026-07-30T17:30:00+0200,44.38,EUR/MWh,BE,BE,imbalance_price,Long,2026-08-03T03:49:42Z
2026-08-03T03:49:03Z,2026-08-03T05:49:03+0200,d815d4ad-795d-45eb-9ad8-9d704f7a3f43,2026-07-30T15:30:00Z,2026-07-30T17:30:00+0200,44.38,EUR/MWh,BE,BE,imbalance_price,Short,2026-08-03T03:49:42Z
2026-08-03T03:49:03Z,2026-08-03T05:49:03+0200,d815d4ad-795d-45eb-9ad8-9d704f7a3f43,2026-07-30T15:45:00Z,2026-07-30T17:45:00+0200,116.86,EUR/MWh,BE,BE,imbalance_price,Long,2026-08-03T03:49:42Z
2026-08-03T03:49:03Z,2026-08-03T05:49:03+0200,d815d4ad-795d-45eb-9ad8-9d704f7a3f43,2026-07-30T15:45:00Z,2026-07-30T17:45:00+0200,116.86,EUR/MWh,BE,BE,imbalance_price,Short,2026-08-03T03:49:42Z
2026-08-03T03:49:03Z,2026-08-03T05:49:03+0200,d815d4ad-795d-45eb-9ad8-9d704f7a3f43,2026-07-30T16:00:00Z,2026-07-30T18:00:00+0200,111.72,EUR/MWh,BE,BE,imbalance_price,Long,2026-08-03T03:49:42Z
2026-08-03T03:49:03Z,2026-08-03T05:49:03+0200,d815d4ad-795d-45eb-9ad8-9d704f7a3f43,2026-07-30T16:00:00Z,2026-07-30T18:00:00+0200,111.72,EUR/MWh,BE,BE,imbalance_price,Short,2026-08-03T03:49:42Z
2026-08-03T03:49:03Z,2026-08-03T05:49:03+0200,d815d4ad-795d-45eb-9ad8-9d704f7a3f43,2026-07-30T16:15:00Z,2026-07-30T18:15:00+0200,145.0,EUR/MWh,BE,BE,imbalance_price,Long,2026-08-03T03:49:42Z
2026-08-03T03:49:03Z,2026-08-03T05:49:03+0200,d815d4ad-795d-45eb-9ad8-9d704f7a3f43,2026-07-30T16:15:00Z,2026-07-30T18:15:00+0200,145.0,EUR/MWh,BE,BE,imbalance_price,Short,2026-08-03T03:49:42Z
2026-08-03T03:49:03Z,2026-08-03T05:49:03+0200,d815d4ad-795d-45eb-9ad8-9d704f7a3f43,2026-07-30T16:30:00Z,2026-07-30T18:30:00+0200,205.9,EUR/MWh,BE,BE,imbalance_price,Long,2026-08-03T03:49:42Z
2026-08-03T03:49:03Z,2026-08-03T05:49:03+0200,d815d4ad-795d-45eb-9ad8-9d704f7a3f43,2026-07-30T16:30:00Z,2026-07-30T18:30:00+0200,205.9,EUR/MWh,BE,BE,imbalance_price,Short,2026-08-03T03:49:42Z
2026-08-03T03:49:03Z,2026-08-03T05:49:03+0200,d815d4ad-795d-45eb-9ad8-9d704f7a3f43,2026-07-30T16:45:00Z,2026-07-30T18:45:00+0200,196.97,EUR/MWh,BE,BE,imbalance_price,Long,2026-08-03T03:49:42Z
2026-08-03T03:49:03Z,2026-08-03T05:49:03+0200,d815d4ad-795d-45eb-9ad8-9d704f7a3f43,2026-07-30T16:45:00Z,2026-07-30T18:45:00+0200,196.97,EUR/MWh,BE,BE,imbalance_price,Short,2026-08-03T03:49:42Z
2026-08-03T03:49:03Z,2026-08-03T05:49:03+0200,d815d4ad-795d-45eb-9ad8-9d704f7a3f43,2026-07-30T17:00:00Z,2026-07-30T19:00:00+0200,128.23,EUR/MWh,BE,BE,imbalance_price,Long,2026-08-03T03:49:42Z
2026-08-03T03:49:03Z,2026-08-03T05:49:03+0200,d815d4ad-795d-45eb-9ad8-9d704f7a3f43,2026-07-30T17:00:00Z,2026-07-30T19:00:00+0200,128.23,EUR/MWh,BE,BE,imbalance_price,Short,2026-08-03T03:49:42Z
2026-08-03T03:49:03Z,2026-08-03T05:49:03+0200,d815d4ad-795d-45eb-9ad8-9d704f7a3f43,2026-07-30T17:15:00Z,2026-07-30T19:15:00+0200,200.0,EUR/MWh,BE,BE,imbalance_price,Long,2026-08-03T03:49:42Z
2026-08-03T03:49:03Z,2026-08-03T05:49:03+0200,d815d4ad-795d-45eb-9ad8-9d704f7a3f43,2026-07-30T17:15:00Z,2026-07-30T19:15:00+0200,200.0,EUR/MWh,BE,BE,imbalance_price,Short,2026-08-03T03:49:42Z
2026-08-03T03:49:03Z,2026-08-03T05:49:03+0200,d815d4ad-795d-45eb-9ad8-9d704f7a3f43,2026-07-30T17:30:00Z,2026-07-30T19:30:00+0200,198.0,EUR/MWh,BE,BE,imbalance_price,Long,2026-08-03T03:49:42Z
2026-08-03T03:49:03Z,2026-08-03T05:49:03+0200,d815d4ad-795d-45eb-9ad8-9d704f7a3f43,2026-07-30T17:30:00Z,2026-07-30T19:30:00+0200,198.0,EUR/MWh,BE,BE,imbalance_price,Short,2026-08-03T03:49:42Z
2026-08-03T03:49:03Z,2026-08-03T05:49:03+0200,d815d4ad-795d-45eb-9ad8-9d704f7a3f43,2026-07-30T17:45:00Z,2026-07-30T19:45:00+0200,189.85,EUR/MWh,BE,BE,imbalance_price,Long,2026-08-03T03:49:42Z
2026-08-03T03:49:03Z,2026-08-03T05:49:03+0200,d815d4ad-795d-45eb-9ad8-9d704f7a3f43,2026-07-30T17:45:00Z,2026-07-30T19:45:00+0200,189.85,EUR/MWh,BE,BE,imbalance_price,Short,2026-08-03T03:49:42Z
2026-08-03T03:49:03Z,2026-08-03T05:49:03+0200,d815d4ad-795d-45eb-9ad8-9d704f7a3f43,2026-07-30T18:00:00Z,2026-07-30T20:00:00+0200,210.0,EUR/MWh,BE,BE,imbalance_price,Long,2026-08-03T03:49:42Z
2026-08-03T03:49:03Z,2026-08-03T05:49:03+0200,d815d4ad-795d-45eb-9ad8-9d704f7a3f43,2026-07-30T18:00:00Z,2026-07-30T20:00:00+0200,210.0,EUR/MWh,BE,BE,imbalance_price,Short,2026-08-03T03:49:42Z
2026-08-03T03:49:03Z,2026-08-03T05:49:03+0200,d815d4ad-795d-45eb-9ad8-9d704f7a3f43,2026-07-30T18:15:00Z,2026-07-30T20:15:00+0200,213.79,EUR/MWh,BE,BE,imbalance_price,Long,2026-08-03T03:49:42Z
2026-08-03T03:49:03Z,2026-08-03T05:49:03+0200,d815d4ad-795d-45eb-9ad8-9d704f7a3f43,2026-07-30T18:15:00Z,2026-07-30T20:15:00+0200,213.79,EUR/MWh,BE,BE,imbalance_price,Short,2026-08-03T03:49:42Z
2026-08-03T03:49:03Z,2026-08-03T05:49:03+0200,d815d4ad-795d-45eb-9ad8-9d704f7a3f43,2026-07-30T18:30:00Z,2026-07-30T20:30:00+0200,213.94,EUR/MWh,BE,BE,imbalance_price,Long,2026-08-03T03:49:42Z
2026-08-03T03:49:03Z,2026-08-03T05:49:03+0200,d815d4ad-795d-45eb-9ad8-9d704f7a3f43,2026-07-30T18:30:00Z,2026-07-30T20:30:00+0200,213.94,EUR/MWh,BE,BE,imbalance_price,Short,2026-08-03T03:49:42Z
2026-08-03T03:49:03Z,2026-08-03T05:49:03+0200,d815d4ad-795d-45eb-9ad8-9d704f7a3f43,2026-07-30T18:45:00Z,2026-07-30T20:45:00+0200,214.2,EUR/MWh,BE,BE,imbalance_price,Long,2026-08-03T03:49:42Z
2026-08-03T03:49:03Z,2026-08-03T05:49:03+0200,d815d4ad-795d-45eb-9ad8-9d704f7a3f43,2026-07-30T18:45:00Z,2026-07-30T20:45:00+0200,214.2,EUR/MWh,BE,BE,imbalance_price,Short,2026-08-03T03:49:42Z
2026-08-03T03:49:03Z,2026-08-03T05:49:03+0200,d815d4ad-795d-45eb-9ad8-9d704f7a3f43,2026-07-30T19:00:00Z,2026-07-30T21:00:00+0200,182.69,EUR/MWh,BE,BE,imbalance_price,Long,2026-08-03T03:49:42Z
2026-08-03T03:49:03Z,2026-08-03T05:49:03+0200,d815d4ad-795d-45eb-9ad8-9d704f7a3f43,2026-07-30T19:00:00Z,2026-07-30T21:00:00+0200,182.69,EUR/MWh,BE,BE,imbalance_price,Short,2026-08-03T03:49:42Z
2026-08-03T03:49:03Z,2026-08-03T05:49:03+0200,d815d4ad-795d-45eb-9ad8-9d704f7a3f43,2026-07-30T19:15:00Z,2026-07-30T21:15:00+0200,177.95,EUR/MWh,BE,BE,imbalance_price,Long,2026-08-03T03:49:42Z
2026-08-03T03:49:03Z,2026-08-03T05:49:03+0200,d815d4ad-795d-45eb-9ad8-9d704f7a3f43,2026-07-30T19:15:00Z,2026-07-30T21:15:00+0200,177.95,EUR/MWh,BE,BE,imbalance_price,Short,2026-08-03T03:49:42Z
2026-08-03T03:49:03Z,2026-08-03T05:49:03+0200,d815d4ad-795d-45eb-9ad8-9d704f7a3f43,2026-07-30T19:30:00Z,2026-07-30T21:30:00+0200,179.39,EUR/MWh,BE,BE,imbalance_price,Long,2026-08-03T03:49:42Z
2026-08-03T03:49:03Z,2026-08-03T05:49:03+0200,d815d4ad-795d-45eb-9ad8-9d704f7a3f43,2026-07-30T19:30:00Z,2026-07-30T21:30:00+0200,179.39,EUR/MWh,BE,BE,imbalance_price,Short,2026-08-03T03:49:42Z
2026-08-03T03:49:03Z,2026-08-03T05:49:03+0200,d815d4ad-795d-45eb-9ad8-9d704f7a3f43,2026-07-30T19:45:00Z,2026-07-30T21:45:00+0200,168.55,EUR/MWh,BE,BE,imbalance_price,Long,2026-08-03T03:49:42Z
2026-08-03T03:49:03Z,2026-08-03T05:49:03+0200,d815d4ad-795d-45eb-9ad8-9d704f7a3f43,2026-07-30T19:45:00Z,2026-07-30T21:45:00+0200,168.55,EUR/MWh,BE,BE,imbalance_price,Short,2026-08-03T03:49:42Z
2026-08-03T03:49:03Z,2026-08-03T05:49:03+0200,d815d4ad-795d-45eb-9ad8-9d704f7a3f43,2026-07-30T20:00:00Z,2026-07-30T22:00:00+0200,170.82,EUR/MWh,BE,BE,imbalance_price,Long,2026-08-03T03:49:42Z
2026-08-03T03:49:03Z,2026-08-03T05:49:03+0200,d815d4ad-795d-45eb-9ad8-9d704f7a3f43,2026-07-30T20:00:00Z,2026-07-30T22:00:00+0200,170.82,EUR/MWh,BE,BE,imbalance_price,Short,2026-08-03T03:49:42Z
2026-08-03T03:49:03Z,2026-08-03T05:49:03+0200,d815d4ad-795d-45eb-9ad8-9d704f7a3f43,2026-07-30T20:15:00Z,2026-07-30T22:15:00+0200,179.72,EUR/MWh,BE,BE,imbalance_price,Long,2026-08-03T03:49:42Z
2026-08-03T03:49:03Z,2026-08-03T05:49:03+0200,d815d4ad-795d-45eb-9ad8-9d704f7a3f43,2026-07-30T20:15:00Z,2026-07-30T22:15:00+0200,179.72,EUR/MWh,BE,BE,imbalance_price,Short,2026-08-03T03:49:42Z
2026-08-03T03:49:03Z,2026-08-03T05:49:03+0200,d815d4ad-795d-45eb-9ad8-9d704f7a3f43,2026-07-30T20:30:00Z,2026-07-30T22:30:00+0200,170.84,EUR/MWh,BE,BE,imbalance_price,Long,2026-08-03T03:49:42Z
2026-08-03T03:49:03Z,2026-08-03T05:49:03+0200,d815d4ad-795d-45eb-9ad8-9d704f7a3f43,2026-07-30T20:30:00Z,2026-07-30T22:30:00+0200,170.84,EUR/MWh,BE,BE,imbalance_price,Short,2026-08-03T03:49:42Z
2026-08-03T03:49:03Z,2026-08-03T05:49:03+0200,d815d4ad-795d-45eb-9ad8-9d704f7a3f43,2026-07-30T20:45:00Z,2026-07-30T22:45:00+0200,181.56,EUR/MWh,BE,BE,imbalance_price,Long,2026-08-03T03:49:42Z
2026-08-03T03:49:03Z,2026-08-03T05:49:03+0200,d815d4ad-795d-45eb-9ad8-9d704f7a3f43,2026-07-30T20:45:00Z,2026-07-30T22:45:00+0200,181.56,EUR/MWh,BE,BE,imbalance_price,Short,2026-08-03T03:49:42Z
2026-08-03T03:49:03Z,2026-08-03T05:49:03+0200,d815d4ad-795d-45eb-9ad8-9d704f7a3f43,2026-07-30T21:00:00Z,2026-07-30T23:00:00+0200,182.82,EUR/MWh,BE,BE,imbalance_price,Long,2026-08-03T03:49:42Z
2026-08-03T03:49:03Z,2026-08-03T05:49:03+0200,d815d4ad-795d-45eb-9ad8-9d704f7a3f43,2026-07-30T21:00:00Z,2026-07-30T23:00:00+0200,182.82,EUR/MWh,BE,BE,imbalance_price,Short,2026-08-03T03:49:42Z
2026-08-03T03:49:03Z,2026-08-03T05:49:03+0200,d815d4ad-795d-45eb-9ad8-9d704f7a3f43,2026-07-30T21:15:00Z,2026-07-30T23:15:00+0200,182.49,EUR/MWh,BE,BE,imbalance_price,Long,2026-08-03T03:49:42Z
2026-08-03T03:49:03Z,2026-08-03T05:49:03+0200,d815d4ad-795d-45eb-9ad8-9d704f7a3f43,2026-07-30T21:15:00Z,2026-07-30T23:15:00+0200,182.49,EUR/MWh,BE,BE,imbalance_price,Short,2026-08-03T03:49:42Z
2026-08-03T03:49:03Z,2026-08-03T05:49:03+0200,d815d4ad-795d-45eb-9ad8-9d704f7a3f43,2026-07-30T21:30:00Z,2026-07-30T23:30:00+0200,177.96,EUR/MWh,BE,BE,imbalance_price,Long,2026-08-03T03:49:42Z
2026-08-03T03:49:03Z,2026-08-03T05:49:03+0200,d815d4ad-795d-45eb-9ad8-9d704f7a3f43,2026-07-30T21:30:00Z,2026-07-30T23:30:00+0200,177.96,EUR/MWh,BE,BE,imbalance_price,Short,2026-08-03T03:49:42Z
2026-08-03T03:49:03Z,2026-08-03T05:49:03+0200,d815d4ad-795d-45eb-9ad8-9d704f7a3f43,2026-07-30T21:45:00Z,2026-07-30T23:45:00+0200,182.31,EUR/MWh,BE,BE,imbalance_price,Long,2026-08-03T03:49:42Z
2026-08-03T03:49:03Z,2026-08-03T05:49:03+0200,d815d4ad-795d-45eb-9ad8-9d704f7a3f43,2026-07-30T21:45:00Z,2026-07-30T23:45:00+0200,182.31,EUR/MWh,BE,BE,imbalance_price,Short,2026-08-03T03:49:42Z
2026-08-03T03:49:03Z,2026-08-03T05:49:03+0200,d815d4ad-795d-45eb-9ad8-9d704f7a3f43,2026-07-30T22:00:00Z,2026-07-31T00:00:00+0200,182.43,EUR/MWh,BE,BE,imbalance_price,Long,2026-08-03T03:49:42Z
2026-08-03T03:49:03Z,2026-08-03T05:49:03+0200,d815d4ad-795d-45eb-9ad8-9d704f7a3f43,2026-07-30T22:00:00Z,2026-07-31T00:00:00+0200,182.43,EUR/MWh,BE,BE,imbalance_price,Short,2026-08-03T03:49:42Z
2026-08-03T03:49:03Z,2026-08-03T05:49:03+0200,d815d4ad-795d-45eb-9ad8-9d704f7a3f43,2026-07-30T22:15:00Z,2026-07-31T00:15:00+0200,183.34,EUR/MWh,BE,BE,imbalance_price,Long,2026-08-03T03:49:42Z
2026-08-03T03:49:03Z,2026-08-03T05:49:03+0200,d815d4ad-795d-45eb-9ad8-9d704f7a3f43,2026-07-30T22:15:00Z,2026-07-31T00:15:00+0200,183.34,EUR/MWh,BE,BE,imbalance_price,Short,2026-08-03T03:49:42Z
2026-08-03T03:49:03Z,2026-08-03T05:49:03+0200,d815d4ad-795d-45eb-9ad8-9d704f7a3f43,2026-07-30T22:30:00Z,2026-07-31T00:30:00+0200,170.13,EUR/MWh,BE,BE,imbalance_price,Long,2026-08-03T03:49:42Z
2026-08-03T03:49:03Z,2026-08-03T05:49:03+0200,d815d4ad-795d-45eb-9ad8-9d704f7a3f43,2026-07-30T22:30:00Z,2026-07-31T00:30:00+0200,170.13,EUR/MWh,BE,BE,imbalance_price,Short,2026-08-03T03:49:42Z
2026-08-03T03:49:03Z,2026-08-03T05:49:03+0200,d815d4ad-795d-45eb-9ad8-9d704f7a3f43,2026-07-30T22:45:00Z,2026-07-31T00:45:00+0200,171.42,EUR/MWh,BE,BE,imbalance_price,Long,2026-08-03T03:49:42Z
2026-08-03T03:49:03Z,2026-08-03T05:49:03+0200,d815d4ad-795d-45eb-9ad8-9d704f7a3f43,2026-07-30T22:45:00Z,2026-07-31T00:45:00+0200,171.42,EUR/MWh,BE,BE,imbalance_price,Short,2026-08-03T03:49:42Z
2026-08-03T03:49:03Z,2026-08-03T05:49:03+0200,d815d4ad-795d-45eb-9ad8-9d704f7a3f43,2026-07-30T23:00:00Z,2026-07-31T01:00:00+0200,165.93,EUR/MWh,BE,BE,imbalance_price,Long,2026-08-03T03:49:42Z
2026-08-03T03:49:03Z,2026-08-03T05:49:03+0200,d815d4ad-795d-45eb-9ad8-9d704f7a3f43,2026-07-30T23:00:00Z,2026-07-31T01:00:00+0200,165.93,EUR/MWh,BE,BE,imbalance_price,Short,2026-08-03T03:49:42Z
2026-08-03T03:49:03Z,2026-08-03T05:49:03+0200,d815d4ad-795d-45eb-9ad8-9d704f7a3f43,2026-07-30T23:15:00Z,2026-07-31T01:15:00+0200,166.92,EUR/MWh,BE,BE,imbalance_price,Long,2026-08-03T03:49:42Z
2026-08-03T03:49:03Z,2026-08-03T05:49:03+0200,d815d4ad-795d-45eb-9ad8-9d704f7a3f43,2026-07-30T23:15:00Z,2026-07-31T01:15:00+0200,166.92,EUR/MWh,BE,BE,imbalance_price,Short,2026-08-03T03:49:42Z
2026-08-03T03:49:03Z,2026-08-03T05:49:03+0200,d815d4ad-795d-45eb-9ad8-9d704f7a3f43,2026-07-30T23:30:00Z,2026-07-31T01:30:00+0200,173.88,EUR/MWh,BE,BE,imbalance_price,Long,2026-08-03T03:49:42Z
2026-08-03T03:49:03Z,2026-08-03T05:49:03+0200,d815d4ad-795d-45eb-9ad8-9d704f7a3f43,2026-07-30T23:30:00Z,2026-07-31T01:30:00+0200,173.88,EUR/MWh,BE,BE,imbalance_price,Short,2026-08-03T03:49:42Z
2026-08-03T03:49:03Z,2026-08-03T05:49:03+0200,d815d4ad-795d-45eb-9ad8-9d704f7a3f43,2026-07-30T23:45:00Z,2026-07-31T01:45:00+0200,171.68,EUR/MWh,BE,BE,imbalance_price,Long,2026-08-03T03:49:42Z
2026-08-03T03:49:03Z,2026-08-03T05:49:03+0200,d815d4ad-795d-45eb-9ad8-9d704f7a3f43,2026-07-30T23:45:00Z,2026-07-31T01:45:00+0200,171.68,EUR/MWh,BE,BE,imbalance_price,Short,2026-08-03T03:49:42Z
2026-08-03T03:49:03Z,2026-08-03T05:49:03+0200,d815d4ad-795d-45eb-9ad8-9d704f7a3f43,2026-07-31T00:00:00Z,2026-07-31T02:00:00+0200,158.59,EUR/MWh,BE,BE,imbalance_price,Long,2026-08-03T03:49:42Z
2026-08-03T03:49:03Z,2026-08-03T05:49:03+0200,d815d4ad-795d-45eb-9ad8-9d704f7a3f43,2026-07-31T00:00:00Z,2026-07-31T02:00:00+0200,158.59,EUR/MWh,BE,BE,imbalance_price,Short,2026-08-03T03:49:42Z
2026-08-03T03:49:03Z,2026-08-03T05:49:03+0200,d815d4ad-795d-45eb-9ad8-9d704f7a3f43,2026-07-31T00:15:00Z,2026-07-31T02:15:00+0200,175.12,EUR/MWh,BE,BE,imbalance_price,Long,2026-08-03T03:49:42Z
2026-08-03T03:49:03Z,2026-08-03T05:49:03+0200,d815d4ad-795d-45eb-9ad8-9d704f7a3f43,2026-07-31T00:15:00Z,2026-07-31T02:15:00+0200,175.12,EUR/MWh,BE,BE,imbalance_price,Short,2026-08-03T03:49:42Z
2026-08-03T03:49:03Z,2026-08-03T05:49:03+0200,d815d4ad-795d-45eb-9ad8-9d704f7a3f43,2026-07-31T00:30:00Z,2026-07-31T02:30:00+0200,169.53,EUR/MWh,BE,BE,imbalance_price,Long,2026-08-03T03:49:42Z
2026-08-03T03:49:03Z,2026-08-03T05:49:03+0200,d815d4ad-795d-45eb-9ad8-9d704f7a3f43,2026-07-31T00:30:00Z,2026-07-31T02:30:00+0200,169.53,EUR/MWh,BE,BE,imbalance_price,Short,2026-08-03T03:49:42Z
2026-08-03T03:49:03Z,2026-08-03T05:49:03+0200,d815d4ad-795d-45eb-9ad8-9d704f7a3f43,2026-07-31T00:45:00Z,2026-07-31T02:45:00+0200,152.08,EUR/MWh,BE,BE,imbalance_price,Long,2026-08-03T03:49:42Z
2026-08-03T03:49:03Z,2026-08-03T05:49:03+0200,d815d4ad-795d-45eb-9ad8-9d704f7a3f43,2026-07-31T00:45:00Z,2026-07-31T02:45:00+0200,152.08,EUR/MWh,BE,BE,imbalance_price,Short,2026-08-03T03:49:42Z
2026-08-03T03:49:03Z,2026-08-03T05:49:03+0200,d815d4ad-795d-45eb-9ad8-9d704f7a3f43,2026-07-31T01:00:00Z,2026-07-31T03:00:00+0200,150.83,EUR/MWh,BE,BE,imbalance_price,Long,2026-08-03T03:49:42Z
2026-08-03T03:49:03Z,2026-08-03T05:49:03+0200,d815d4ad-795d-45eb-9ad8-9d704f7a3f43,2026-07-31T01:00:00Z,2026-07-31T03:00:00+0200,150.83,EUR/MWh,BE,BE,imbalance_price,Short,2026-08-03T03:49:42Z
2026-08-03T03:49:03Z,2026-08-03T05:49:03+0200,d815d4ad-795d-45eb-9ad8-9d704f7a3f43,2026-07-31T01:15:00Z,2026-07-31T03:15:00+0200,144.44,EUR/MWh,BE,BE,imbalance_price,Long,2026-08-03T03:49:42Z
2026-08-03T03:49:03Z,2026-08-03T05:49:03+0200,d815d4ad-795d-45eb-9ad8-9d704f7a3f43,2026-07-31T01:15:00Z,2026-07-31T03:15:00+0200,144.44,EUR/MWh,BE,BE,imbalance_price,Short,2026-08-03T03:49:42Z
2026-08-03T03:49:03Z,2026-08-03T05:49:03+0200,d815d4ad-795d-45eb-9ad8-9d704f7a3f43,2026-07-31T01:30:00Z,2026-07-31T03:30:00+0200,162.26,EUR/MWh,BE,BE,imbalance_price,Long,2026-08-03T03:49:42Z
2026-08-03T03:49:03Z,2026-08-03T05:49:03+0200,d815d4ad-795d-45eb-9ad8-9d704f7a3f43,2026-07-31T01:30:00Z,2026-07-31T03:30:00+0200,162.26,EUR/MWh,BE,BE,imbalance_price,Short,2026-08-03T03:49:42Z
2026-08-03T03:49:03Z,2026-08-03T05:49:03+0200,d815d4ad-795d-45eb-9ad8-9d704f7a3f43,2026-07-31T01:45:00Z,2026-07-31T03:45:00+0200,173.27,EUR/MWh,BE,BE,imbalance_price,Long,2026-08-03T03:49:42Z
2026-08-03T03:49:03Z,2026-08-03T05:49:03+0200,d815d4ad-795d-45eb-9ad8-9d704f7a3f43,2026-07-31T01:45:00Z,2026-07-31T03:45:00+0200,173.27,EUR/MWh,BE,BE,imbalance_price,Short,2026-08-03T03:49:42Z
2026-08-03T03:49:03Z,2026-08-03T05:49:03+0200,d815d4ad-795d-45eb-9ad8-9d704f7a3f43,2026-07-31T02:00:00Z,2026-07-31T04:00:00+0200,170.33,EUR/MWh,BE,BE,imbalance_price,Long,2026-08-03T03:49:42Z
2026-08-03T03:49:03Z,2026-08-03T05:49:03+0200,d815d4ad-795d-45eb-9ad8-9d704f7a3f43,2026-07-31T02:00:00Z,2026-07-31T04:00:00+0200,170.33,EUR/MWh,BE,BE,imbalance_price,Short,2026-08-03T03:49:42Z
2026-08-03T03:49:03Z,2026-08-03T05:49:03+0200,d815d4ad-795d-45eb-9ad8-9d704f7a3f43,2026-07-31T02:15:00Z,2026-07-31T04:15:00+0200,157.4,EUR/MWh,BE,BE,imbalance_price,Long,2026-08-03T03:49:42Z
2026-08-03T03:49:03Z,2026-08-03T05:49:03+0200,d815d4ad-795d-45eb-9ad8-9d704f7a3f43,2026-07-31T02:15:00Z,2026-07-31T04:15:00+0200,157.4,EUR/MWh,BE,BE,imbalance_price,Short,2026-08-03T03:49:42Z
2026-08-03T03:49:03Z,2026-08-03T05:49:03+0200,d815d4ad-795d-45eb-9ad8-9d704f7a3f43,2026-07-31T02:30:00Z,2026-07-31T04:30:00+0200,151.26,EUR/MWh,BE,BE,imbalance_price,Long,2026-08-03T03:49:42Z
2026-08-03T03:49:03Z,2026-08-03T05:49:03+0200,d815d4ad-795d-45eb-9ad8-9d704f7a3f43,2026-07-31T02:30:00Z,2026-07-31T04:30:00+0200,151.26,EUR/MWh,BE,BE,imbalance_price,Short,2026-08-03T03:49:42Z
2026-08-03T03:49:03Z,2026-08-03T05:49:03+0200,d815d4ad-795d-45eb-9ad8-9d704f7a3f43,2026-07-31T02:45:00Z,2026-07-31T04:45:00+0200,173.42,EUR/MWh,BE,BE,imbalance_price,Long,2026-08-03T03:49:42Z
2026-08-03T03:49:03Z,2026-08-03T05:49:03+0200,d815d4ad-795d-45eb-9ad8-9d704f7a3f43,2026-07-31T02:45:00Z,2026-07-31T04:45:00+0200,173.42,EUR/MWh,BE,BE,imbalance_price,Short,2026-08-03T03:49:42Z
2026-08-03T03:49:03Z,2026-08-03T05:49:03+0200,d815d4ad-795d-45eb-9ad8-9d704f7a3f43,2026-07-31T03:00:00Z,2026-07-31T05:00:00+0200,171.68,EUR/MWh,BE,BE,imbalance_price,Long,2026-08-03T03:49:42Z
2026-08-03T03:49:03Z,2026-08-03T05:49:03+0200,d815d4ad-795d-45eb-9ad8-9d704f7a3f43,2026-07-31T03:00:00Z,2026-07-31T05:00:00+0200,171.68,EUR/MWh,BE,BE,imbalance_price,Short,2026-08-03T03:49:42Z
2026-08-03T03:49:03Z,2026-08-03T05:49:03+0200,d815d4ad-795d-45eb-9ad8-9d704f7a3f43,2026-07-31T03:15:00Z,2026-07-31T05:15:00+0200,175.68,EUR/MWh,BE,BE,imbalance_price,Long,2026-08-03T03:49:42Z
2026-08-03T03:49:03Z,2026-08-03T05:49:03+0200,d815d4ad-795d-45eb-9ad8-9d704f7a3f43,2026-07-31T03:15:00Z,2026-07-31T05:15:00+0200,175.68,EUR/MWh,BE,BE,imbalance_price,Short,2026-08-03T03:49:42Z
2026-08-03T03:49:03Z,2026-08-03T05:49:03+0200,d815d4ad-795d-45eb-9ad8-9d704f7a3f43,2026-07-31T03:30:00Z,2026-07-31T05:30:00+0200,177.46,EUR/MWh,BE,BE,imbalance_price,Long,2026-08-03T03:49:42Z
2026-08-03T03:49:03Z,2026-08-03T05:49:03+0200,d815d4ad-795d-45eb-9ad8-9d704f7a3f43,2026-07-31T03:30:00Z,2026-07-31T05:30:00+0200,177.46,EUR/MWh,BE,BE,imbalance_price,Short,2026-08-03T03:49:42Z
2026-08-03T03:49:03Z,2026-08-03T05:49:03+0200,d815d4ad-795d-45eb-9ad8-9d704f7a3f43,2026-07-31T03:45:00Z,2026-07-31T05:45:00+0200,175.24,EUR/MWh,BE,BE,imbalance_price,Long,2026-08-03T03:49:42Z
2026-08-03T03:49:03Z,2026-08-03T05:49:03+0200,d815d4ad-795d-45eb-9ad8-9d704f7a3f43,2026-07-31T03:45:00Z,2026-07-31T05:45:00+0200,175.24,EUR/MWh,BE,BE,imbalance_price,Short,2026-08-03T03:49:42Z
2026-08-03T03:49:03Z,2026-08-03T05:49:03+0200,d815d4ad-795d-45eb-9ad8-9d704f7a3f43,2026-07-31T04:00:00Z,2026-07-31T06:00:00+0200,177.45,EUR/MWh,BE,BE,imbalance_price,Long,2026-08-03T03:49:42Z
2026-08-03T03:49:03Z,2026-08-03T05:49:03+0200,d815d4ad-795d-45eb-9ad8-9d704f7a3f43,2026-07-31T04:00:00Z,2026-07-31T06:00:00+0200,177.45,EUR/MWh,BE,BE,imbalance_price,Short,2026-08-03T03:49:42Z
2026-08-03T03:49:03Z,2026-08-03T05:49:03+0200,d815d4ad-795d-45eb-9ad8-9d704f7a3f43,2026-07-31T04:15:00Z,2026-07-31T06:15:00+0200,183.13,EUR/MWh,BE,BE,imbalance_price,Long,2026-08-03T03:49:42Z
2026-08-03T03:49:03Z,2026-08-03T05:49:03+0200,d815d4ad-795d-45eb-9ad8-9d704f7a3f43,2026-07-31T04:15:00Z,2026-07-31T06:15:00+0200,183.13,EUR/MWh,BE,BE,imbalance_price,Short,2026-08-03T03:49:42Z
2026-08-03T03:49:03Z,2026-08-03T05:49:03+0200,d815d4ad-795d-45eb-9ad8-9d704f7a3f43,2026-07-31T04:30:00Z,2026-07-31T06:30:00+0200,174.24,EUR/MWh,BE,BE,imbalance_price,Long,2026-08-03T03:49:42Z
2026-08-03T03:49:03Z,2026-08-03T05:49:03+0200,d815d4ad-795d-45eb-9ad8-9d704f7a3f43,2026-07-31T04:30:00Z,2026-07-31T06:30:00+0200,174.24,EUR/MWh,BE,BE,imbalance_price,Short,2026-08-03T03:49:42Z
2026-08-03T03:49:03Z,2026-08-03T05:49:03+0200,d815d4ad-795d-45eb-9ad8-9d704f7a3f43,2026-07-31T04:45:00Z,2026-07-31T06:45:00+0200,172.36,EUR/MWh,BE,BE,imbalance_price,Long,2026-08-03T03:49:42Z
2026-08-03T03:49:03Z,2026-08-03T05:49:03+0200,d815d4ad-795d-45eb-9ad8-9d704f7a3f43,2026-07-31T04:45:00Z,2026-07-31T06:45:00+0200,172.36,EUR/MWh,BE,BE,imbalance_price,Short,2026-08-03T03:49:42Z
2026-08-03T03:49:03Z,2026-08-03T05:49:03+0200,d815d4ad-795d-45eb-9ad8-9d704f7a3f43,2026-07-31T05:00:00Z,2026-07-31T07:00:00+0200,176.22,EUR/MWh,BE,BE,imbalance_price,Long,2026-08-03T03:49:42Z
2026-08-03T03:49:03Z,2026-08-03T05:49:03+0200,d815d4ad-795d-45eb-9ad8-9d704f7a3f43,2026-07-31T05:00:00Z,2026-07-31T07:00:00+0200,176.22,EUR/MWh,BE,BE,imbalance_price,Short,2026-08-03T03:49:42Z
2026-08-03T03:49:03Z,2026-08-03T05:49:03+0200,d815d4ad-795d-45eb-9ad8-9d704f7a3f43,2026-07-31T05:15:00Z,2026-07-31T07:15:00+0200,156.5,EUR/MWh,BE,BE,imbalance_price,Long,2026-08-03T03:49:42Z
2026-08-03T03:49:03Z,2026-08-03T05:49:03+0200,d815d4ad-795d-45eb-9ad8-9d704f7a3f43,2026-07-31T05:15:00Z,2026-07-31T07:15:00+0200,156.5,EUR/MWh,BE,BE,imbalance_price,Short,2026-08-03T03:49:42Z
2026-08-03T03:49:03Z,2026-08-03T05:49:03+0200,d815d4ad-795d-45eb-9ad8-9d704f7a3f43,2026-07-31T05:30:00Z,2026-07-31T07:30:00+0200,168.45,EUR/MWh,BE,BE,imbalance_price,Long,2026-08-03T03:49:42Z
2026-08-03T03:49:03Z,2026-08-03T05:49:03+0200,d815d4ad-795d-45eb-9ad8-9d704f7a3f43,2026-07-31T05:30:00Z,2026-07-31T07:30:00+0200,168.45,EUR/MWh,BE,BE,imbalance_price,Short,2026-08-03T03:49:42Z
2026-08-03T03:49:03Z,2026-08-03T05:49:03+0200,d815d4ad-795d-45eb-9ad8-9d704f7a3f43,2026-07-31T05:45:00Z,2026-07-31T07:45:00+0200,154.81,EUR/MWh,BE,BE,imbalance_price,Long,2026-08-03T03:49:42Z
2026-08-03T03:49:03Z,2026-08-03T05:49:03+0200,d815d4ad-795d-45eb-9ad8-9d704f7a3f43,2026-07-31T05:45:00Z,2026-07-31T07:45:00+0200,154.81,EUR/MWh,BE,BE,imbalance_price,Short,2026-08-03T03:49:42Z
2026-08-03T03:49:03Z,2026-08-03T05:49:03+0200,d815d4ad-795d-45eb-9ad8-9d704f7a3f43,2026-07-31T06:00:00Z,2026-07-31T08:00:00+0200,157.59,EUR/MWh,BE,BE,imbalance_price,Long,2026-08-03T03:49:42Z
2026-08-03T03:49:03Z,2026-08-03T05:49:03+0200,d815d4ad-795d-45eb-9ad8-9d704f7a3f43,2026-07-31T06:00:00Z,2026-07-31T08:00:00+0200,157.59,EUR/MWh,BE,BE,imbalance_price,Short,2026-08-03T03:49:42Z
2026-08-03T03:49:03Z,2026-08-03T05:49:03+0200,d815d4ad-795d-45eb-9ad8-9d704f7a3f43,2026-07-31T06:15:00Z,2026-07-31T08:15:00+0200,162.63,EUR/MWh,BE,BE,imbalance_price,Long,2026-08-03T03:49:42Z
2026-08-03T03:49:03Z,2026-08-03T05:49:03+0200,d815d4ad-795d-45eb-9ad8-9d704f7a3f43,2026-07-31T06:15:00Z,2026-07-31T08:15:00+0200,162.63,EUR/MWh,BE,BE,imbalance_price,Short,2026-08-03T03:49:42Z
2026-08-03T03:49:03Z,2026-08-03T05:49:03+0200,d815d4ad-795d-45eb-9ad8-9d704f7a3f43,2026-07-31T06:30:00Z,2026-07-31T08:30:00+0200,125.53,EUR/MWh,BE,BE,imbalance_price,Long,2026-08-03T03:49:42Z
2026-08-03T03:49:03Z,2026-08-03T05:49:03+0200,d815d4ad-795d-45eb-9ad8-9d704f7a3f43,2026-07-31T06:30:00Z,2026-07-31T08:30:00+0200,125.53,EUR/MWh,BE,BE,imbalance_price,Short,2026-08-03T03:49:42Z
2026-08-03T03:49:03Z,2026-08-03T05:49:03+0200,d815d4ad-795d-45eb-9ad8-9d704f7a3f43,2026-07-31T06:45:00Z,2026-07-31T08:45:00+0200,125.1,EUR/MWh,BE,BE,imbalance_price,Long,2026-08-03T03:49:42Z
2026-08-03T03:49:03Z,2026-08-03T05:49:03+0200,d815d4ad-795d-45eb-9ad8-9d704f7a3f43,2026-07-31T06:45:00Z,2026-07-31T08:45:00+0200,125.1,EUR/MWh,BE,BE,imbalance_price,Short,2026-08-03T03:49:42Z
2026-08-03T03:49:03Z,2026-08-03T05:49:03+0200,d815d4ad-795d-45eb-9ad8-9d704f7a3f43,2026-07-31T07:00:00Z,2026-07-31T09:00:00+0200,112.08,EUR/MWh,BE,BE,imbalance_price,Long,2026-08-03T03:49:42Z
2026-08-03T03:49:03Z,2026-08-03T05:49:03+0200,d815d4ad-795d-45eb-9ad8-9d704f7a3f43,2026-07-31T07:00:00Z,2026-07-31T09:00:00+0200,112.08,EUR/MWh,BE,BE,imbalance_price,Short,2026-08-03T03:49:42Z
2026-08-03T03:49:03Z,2026-08-03T05:49:03+0200,d815d4ad-795d-45eb-9ad8-9d704f7a3f43,2026-07-31T07:15:00Z,2026-07-31T09:15:00+0200,111.28,EUR/MWh,BE,BE,imbalance_price,Long,2026-08-03T03:49:42Z
2026-08-03T03:49:03Z,2026-08-03T05:49:03+0200,d815d4ad-795d-45eb-9ad8-9d704f7a3f43,2026-07-31T07:15:00Z,2026-07-31T09:15:00+0200,111.28,EUR/MWh,BE,BE,imbalance_price,Short,2026-08-03T03:49:42Z
2026-08-03T03:49:03Z,2026-08-03T05:49:03+0200,d815d4ad-795d-45eb-9ad8-9d704f7a3f43,2026-07-31T07:30:00Z,2026-07-31T09:30:00+0200,111.73,EUR/MWh,BE,BE,imbalance_price,Long,2026-08-03T03:49:42Z
2026-08-03T03:49:03Z,2026-08-03T05:49:03+0200,d815d4ad-795d-45eb-9ad8-9d704f7a3f43,2026-07-31T07:30:00Z,2026-07-31T09:30:00+0200,111.73,EUR/MWh,BE,BE,imbalance_price,Short,2026-08-03T03:49:42Z
2026-08-03T03:49:03Z,2026-08-03T05:49:03+0200,d815d4ad-795d-45eb-9ad8-9d704f7a3f43,2026-07-31T07:45:00Z,2026-07-31T09:45:00+0200,117.0,EUR/MWh,BE,BE,imbalance_price,Long,2026-08-03T03:49:42Z
2026-08-03T03:49:03Z,2026-08-03T05:49:03+0200,d815d4ad-795d-45eb-9ad8-9d704f7a3f43,2026-07-31T07:45:00Z,2026-07-31T09:45:00+0200,117.0,EUR/MWh,BE,BE,imbalance_price,Short,2026-08-03T03:49:42Z
2026-08-03T03:49:03Z,2026-08-03T05:49:03+0200,d815d4ad-795d-45eb-9ad8-9d704f7a3f43,2026-07-31T08:00:00Z,2026-07-31T10:00:00+0200,111.29,EUR/MWh,BE,BE,imbalance_price,Long,2026-08-03T03:49:42Z
2026-08-03T03:49:03Z,2026-08-03T05:49:03+0200,d815d4ad-795d-45eb-9ad8-9d704f7a3f43,2026-07-31T08:00:00Z,2026-07-31T10:00:00+0200,111.29,EUR/MWh,BE,BE,imbalance_price,Short,2026-08-03T03:49:42Z
2026-08-03T03:49:03Z,2026-08-03T05:49:03+0200,d815d4ad-795d-45eb-9ad8-9d704f7a3f43,2026-07-31T08:15:00Z,2026-07-31T10:15:00+0200,91.35,EUR/MWh,BE,BE,imbalance_price,Long,2026-08-03T03:49:42Z
2026-08-03T03:49:03Z,2026-08-03T05:49:03+0200,d815d4ad-795d-45eb-9ad8-9d704f7a3f43,2026-07-31T08:15:00Z,2026-07-31T10:15:00+0200,91.35,EUR/MWh,BE,BE,imbalance_price,Short,2026-08-03T03:49:42Z
2026-08-03T03:49:03Z,2026-08-03T05:49:03+0200,d815d4ad-795d-45eb-9ad8-9d704f7a3f43,2026-07-31T08:30:00Z,2026-07-31T10:30:00+0200,95.78,EUR/MWh,BE,BE,imbalance_price,Long,2026-08-03T03:49:42Z
2026-08-03T03:49:03Z,2026-08-03T05:49:03+0200,d815d4ad-795d-45eb-9ad8-9d704f7a3f43,2026-07-31T08:30:00Z,2026-07-31T10:30:00+0200,95.78,EUR/MWh,BE,BE,imbalance_price,Short,2026-08-03T03:49:42Z
2026-08-03T03:49:03Z,2026-08-03T05:49:03+0200,d815d4ad-795d-45eb-9ad8-9d704f7a3f43,2026-07-31T08:45:00Z,2026-07-31T10:45:00+0200,50.77,EUR/MWh,BE,BE,imbalance_price,Long,2026-08-03T03:49:42Z
2026-08-03T03:49:03Z,2026-08-03T05:49:03+0200,d815d4ad-795d-45eb-9ad8-9d704f7a3f43,2026-07-31T08:45:00Z,2026-07-31T10:45:00+0200,50.77,EUR/MWh,BE,BE,imbalance_price,Short,2026-08-03T03:49:42Z
2026-08-03T03:49:03Z,2026-08-03T05:49:03+0200,d815d4ad-795d-45eb-9ad8-9d704f7a3f43,2026-07-31T09:00:00Z,2026-07-31T11:00:00+0200,75.82,EUR/MWh,BE,BE,imbalance_price,Long,2026-08-03T03:49:42Z
2026-08-03T03:49:03Z,2026-08-03T05:49:03+0200,d815d4ad-795d-45eb-9ad8-9d704f7a3f43,2026-07-31T09:00:00Z,2026-07-31T11:00:00+0200,75.82,EUR/MWh,BE,BE,imbalance_price,Short,2026-08-03T03:49:42Z
2026-08-03T03:49:03Z,2026-08-03T05:49:03+0200,d815d4ad-795d-45eb-9ad8-9d704f7a3f43,2026-07-31T09:15:00Z,2026-07-31T11:15:00+0200,73.03,EUR/MWh,BE,BE,imbalance_price,Long,2026-08-03T03:49:42Z
2026-08-03T03:49:03Z,2026-08-03T05:49:03+0200,d815d4ad-795d-45eb-9ad8-9d704f7a3f43,2026-07-31T09:15:00Z,2026-07-31T11:15:00+0200,73.03,EUR/MWh,BE,BE,imbalance_price,Short,2026-08-03T03:49:42Z
2026-08-03T03:49:03Z,2026-08-03T05:49:03+0200,d815d4ad-795d-45eb-9ad8-9d704f7a3f43,2026-07-31T09:30:00Z,2026-07-31T11:30:00+0200,55.78,EUR/MWh,BE,BE,imbalance_price,Long,2026-08-03T03:49:42Z
2026-08-03T03:49:03Z,2026-08-03T05:49:03+0200,d815d4ad-795d-45eb-9ad8-9d704f7a3f43,2026-07-31T09:30:00Z,2026-07-31T11:30:00+0200,55.78,EUR/MWh,BE,BE,imbalance_price,Short,2026-08-03T03:49:42Z
2026-08-03T03:49:03Z,2026-08-03T05:49:03+0200,d815d4ad-795d-45eb-9ad8-9d704f7a3f43,2026-07-31T09:45:00Z,2026-07-31T11:45:00+0200,107.12,EUR/MWh,BE,BE,imbalance_price,Long,2026-08-03T03:49:42Z
2026-08-03T03:49:03Z,2026-08-03T05:49:03+0200,d815d4ad-795d-45eb-9ad8-9d704f7a3f43,2026-07-31T09:45:00Z,2026-07-31T11:45:00+0200,107.12,EUR/MWh,BE,BE,imbalance_price,Short,2026-08-03T03:49:42Z
2026-08-03T03:49:03Z,2026-08-03T05:49:03+0200,d815d4ad-795d-45eb-9ad8-9d704f7a3f43,2026-07-31T10:00:00Z,2026-07-31T12:00:00+0200,99.05,EUR/MWh,BE,BE,imbalance_price,Long,2026-08-03T03:49:42Z
2026-08-03T03:49:03Z,2026-08-03T05:49:03+0200,d815d4ad-795d-45eb-9ad8-9d704f7a3f43,2026-07-31T10:00:00Z,2026-07-31T12:00:00+0200,99.05,EUR/MWh,BE,BE,imbalance_price,Short,2026-08-03T03:49:42Z
2026-08-03T03:49:03Z,2026-08-03T05:49:03+0200,d815d4ad-795d-45eb-9ad8-9d704f7a3f43,2026-07-31T10:15:00Z,2026-07-31T12:15:00+0200,78.86,EUR/MWh,BE,BE,imbalance_price,Long,2026-08-03T03:49:42Z
2026-08-03T03:49:03Z,2026-08-03T05:49:03+0200,d815d4ad-795d-45eb-9ad8-9d704f7a3f43,2026-07-31T10:15:00Z,2026-07-31T12:15:00+0200,78.86,EUR/MWh,BE,BE,imbalance_price,Short,2026-08-03T03:49:42Z
2026-08-03T03:49:03Z,2026-08-03T05:49:03+0200,d815d4ad-795d-45eb-9ad8-9d704f7a3f43,2026-07-31T10:30:00Z,2026-07-31T12:30:00+0200,103.49,EUR/MWh,BE,BE,imbalance_price,Long,2026-08-03T03:49:42Z
2026-08-03T03:49:03Z,2026-08-03T05:49:03+0200,d815d4ad-795d-45eb-9ad8-9d704f7a3f43,2026-07-31T10:30:00Z,2026-07-31T12:30:00+0200,103.49,EUR/MWh,BE,BE,imbalance_price,Short,2026-08-03T03:49:42Z
2026-08-03T03:49:03Z,2026-08-03T05:49:03+0200,d815d4ad-795d-45eb-9ad8-9d704f7a3f43,2026-07-31T10:45:00Z,2026-07-31T12:45:00+0200,34.42,EUR/MWh,BE,BE,imbalance_price,Long,2026-08-03T03:49:42Z
2026-08-03T03:49:03Z,2026-08-03T05:49:03+0200,d815d4ad-795d-45eb-9ad8-9d704f7a3f43,2026-07-31T10:45:00Z,2026-07-31T12:45:00+0200,34.42,EUR/MWh,BE,BE,imbalance_price,Short,2026-08-03T03:49:42Z
2026-08-03T03:49:03Z,2026-08-03T05:49:03+0200,d815d4ad-795d-45eb-9ad8-9d704f7a3f43,2026-07-31T11:00:00Z,2026-07-31T13:00:00+0200,121.0,EUR/MWh,BE,BE,imbalance_price,Long,2026-08-03T03:49:42Z
2026-08-03T03:49:03Z,2026-08-03T05:49:03+0200,d815d4ad-795d-45eb-9ad8-9d704f7a3f43,2026-07-31T11:00:00Z,2026-07-31T13:00:00+0200,121.0,EUR/MWh,BE,BE,imbalance_price,Short,2026-08-03T03:49:42Z
2026-08-03T03:49:03Z,2026-08-03T05:49:03+0200,d815d4ad-795d-45eb-9ad8-9d704f7a3f43,2026-07-31T11:15:00Z,2026-07-31T13:15:00+0200,122.56,EUR/MWh,BE,BE,imbalance_price,Long,2026-08-03T03:49:42Z
2026-08-03T03:49:03Z,2026-08-03T05:49:03+0200,d815d4ad-795d-45eb-9ad8-9d704f7a3f43,2026-07-31T11:15:00Z,2026-07-31T13:15:00+0200,122.56,EUR/MWh,BE,BE,imbalance_price,Short,2026-08-03T03:49:42Z
2026-08-03T03:49:03Z,2026-08-03T05:49:03+0200,d815d4ad-795d-45eb-9ad8-9d704f7a3f43,2026-07-31T11:30:00Z,2026-07-31T13:30:00+0200,124.99,EUR/MWh,BE,BE,imbalance_price,Long,2026-08-03T03:49:42Z
2026-08-03T03:49:03Z,2026-08-03T05:49:03+0200,d815d4ad-795d-45eb-9ad8-9d704f7a3f43,2026-07-31T11:30:00Z,2026-07-31T13:30:00+0200,124.99,EUR/MWh,BE,BE,imbalance_price,Short,2026-08-03T03:49:42Z
2026-08-03T03:49:03Z,2026-08-03T05:49:03+0200,d815d4ad-795d-45eb-9ad8-9d704f7a3f43,2026-07-31T11:45:00Z,2026-07-31T13:45:00+0200,126.12,EUR/MWh,BE,BE,imbalance_price,Long,2026-08-03T03:49:42Z
2026-08-03T03:49:03Z,2026-08-03T05:49:03+0200,d815d4ad-795d-45eb-9ad8-9d704f7a3f43,2026-07-31T11:45:00Z,2026-07-31T13:45:00+0200,126.12,EUR/MWh,BE,BE,imbalance_price,Short,2026-08-03T03:49:42Z
2026-08-03T03:49:03Z,2026-08-03T05:49:03+0200,d815d4ad-795d-45eb-9ad8-9d704f7a3f43,2026-07-31T12:00:00Z,2026-07-31T14:00:00+0200,126.26,EUR/MWh,BE,BE,imbalance_price,Long,2026-08-03T03:49:42Z
2026-08-03T03:49:03Z,2026-08-03T05:49:03+0200,d815d4ad-795d-45eb-9ad8-9d704f7a3f43,2026-07-31T12:00:00Z,2026-07-31T14:00:00+0200,126.26,EUR/MWh,BE,BE,imbalance_price,Short,2026-08-03T03:49:42Z
2026-08-03T03:49:03Z,2026-08-03T05:49:03+0200,d815d4ad-795d-45eb-9ad8-9d704f7a3f43,2026-07-31T12:15:00Z,2026-07-31T14:15:00+0200,122.0,EUR/MWh,BE,BE,imbalance_price,Long,2026-08-03T03:49:42Z
2026-08-03T03:49:03Z,2026-08-03T05:49:03+0200,d815d4ad-795d-45eb-9ad8-9d704f7a3f43,2026-07-31T12:15:00Z,2026-07-31T14:15:00+0200,122.0,EUR/MWh,BE,BE,imbalance_price,Short,2026-08-03T03:49:42Z
2026-08-03T03:49:03Z,2026-08-03T05:49:03+0200,d815d4ad-795d-45eb-9ad8-9d704f7a3f43,2026-07-31T12:30:00Z,2026-07-31T14:30:00+0200,97.28,EUR/MWh,BE,BE,imbalance_price,Long,2026-08-03T03:49:42Z
2026-08-03T03:49:03Z,2026-08-03T05:49:03+0200,d815d4ad-795d-45eb-9ad8-9d704f7a3f43,2026-07-31T12:30:00Z,2026-07-31T14:30:00+0200,97.28,EUR/MWh,BE,BE,imbalance_price,Short,2026-08-03T03:49:42Z
2026-08-03T03:49:03Z,2026-08-03T05:49:03+0200,d815d4ad-795d-45eb-9ad8-9d704f7a3f43,2026-07-31T12:45:00Z,2026-07-31T14:45:00+0200,126.08,EUR/MWh,BE,BE,imbalance_price,Long,2026-08-03T03:49:42Z
2026-08-03T03:49:03Z,2026-08-03T05:49:03+0200,d815d4ad-795d-45eb-9ad8-9d704f7a3f43,2026-07-31T12:45:00Z,2026-07-31T14:45:00+0200,126.08,EUR/MWh,BE,BE,imbalance_price,Short,2026-08-03T03:49:42Z
2026-08-03T03:49:03Z,2026-08-03T05:49:03+0200,d815d4ad-795d-45eb-9ad8-9d704f7a3f43,2026-07-31T13:00:00Z,2026-07-31T15:00:00+0200,124.08,EUR/MWh,BE,BE,imbalance_price,Long,2026-08-03T03:49:42Z
2026-08-03T03:49:03Z,2026-08-03T05:49:03+0200,d815d4ad-795d-45eb-9ad8-9d704f7a3f43,2026-07-31T13:00:00Z,2026-07-31T15:00:00+0200,124.08,EUR/MWh,BE,BE,imbalance_price,Short,2026-08-03T03:49:42Z
2026-08-03T03:49:03Z,2026-08-03T05:49:03+0200,d815d4ad-795d-45eb-9ad8-9d704f7a3f43,2026-07-31T13:15:00Z,2026-07-31T15:15:00+0200,169.33,EUR/MWh,BE,BE,imbalance_price,Long,2026-08-03T03:49:42Z
2026-08-03T03:49:03Z,2026-08-03T05:49:03+0200,d815d4ad-795d-45eb-9ad8-9d704f7a3f43,2026-07-31T13:15:00Z,2026-07-31T15:15:00+0200,169.33,EUR/MWh,BE,BE,imbalance_price,Short,2026-08-03T03:49:42Z
2026-08-03T03:49:03Z,2026-08-03T05:49:03+0200,d815d4ad-795d-45eb-9ad8-9d704f7a3f43,2026-07-31T13:30:00Z,2026-07-31T15:30:00+0200,107.82,EUR/MWh,BE,BE,imbalance_price,Long,2026-08-03T03:49:42Z
2026-08-03T03:49:03Z,2026-08-03T05:49:03+0200,d815d4ad-795d-45eb-9ad8-9d704f7a3f43,2026-07-31T13:30:00Z,2026-07-31T15:30:00+0200,107.82,EUR/MWh,BE,BE,imbalance_price,Short,2026-08-03T03:49:42Z
2026-08-03T03:49:03Z,2026-08-03T05:49:03+0200,d815d4ad-795d-45eb-9ad8-9d704f7a3f43,2026-07-31T13:45:00Z,2026-07-31T15:45:00+0200,113.05,EUR/MWh,BE,BE,imbalance_price,Long,2026-08-03T03:49:42Z
2026-08-03T03:49:03Z,2026-08-03T05:49:03+0200,d815d4ad-795d-45eb-9ad8-9d704f7a3f43,2026-07-31T13:45:00Z,2026-07-31T15:45:00+0200,113.05,EUR/MWh,BE,BE,imbalance_price,Short,2026-08-03T03:49:42Z
2026-08-03T03:49:03Z,2026-08-03T05:49:03+0200,d815d4ad-795d-45eb-9ad8-9d704f7a3f43,2026-07-31T14:00:00Z,2026-07-31T16:00:00+0200,125.41,EUR/MWh,BE,BE,imbalance_price,Long,2026-08-03T03:49:42Z
2026-08-03T03:49:03Z,2026-08-03T05:49:03+0200,d815d4ad-795d-45eb-9ad8-9d704f7a3f43,2026-07-31T14:00:00Z,2026-07-31T16:00:00+0200,125.41,EUR/MWh,BE,BE,imbalance_price,Short,2026-08-03T03:49:42Z
2026-08-03T03:49:03Z,2026-08-03T05:49:03+0200,d815d4ad-795d-45eb-9ad8-9d704f7a3f43,2026-07-31T14:15:00Z,2026-07-31T16:15:00+0200,134.02,EUR/MWh,BE,BE,imbalance_price,Long,2026-08-03T03:49:42Z
2026-08-03T03:49:03Z,2026-08-03T05:49:03+0200,d815d4ad-795d-45eb-9ad8-9d704f7a3f43,2026-07-31T14:15:00Z,2026-07-31T16:15:00+0200,134.02,EUR/MWh,BE,BE,imbalance_price,Short,2026-08-03T03:49:42Z
2026-08-03T03:49:03Z,2026-08-03T05:49:03+0200,d815d4ad-795d-45eb-9ad8-9d704f7a3f43,2026-07-31T14:30:00Z,2026-07-31T16:30:00+0200,148.62,EUR/MWh,BE,BE,imbalance_price,Long,2026-08-03T03:49:42Z
2026-08-03T03:49:03Z,2026-08-03T05:49:03+0200,d815d4ad-795d-45eb-9ad8-9d704f7a3f43,2026-07-31T14:30:00Z,2026-07-31T16:30:00+0200,148.62,EUR/MWh,BE,BE,imbalance_price,Short,2026-08-03T03:49:42Z
2026-08-03T03:49:03Z,2026-08-03T05:49:03+0200,d815d4ad-795d-45eb-9ad8-9d704f7a3f43,2026-07-31T14:45:00Z,2026-07-31T16:45:00+0200,135.97,EUR/MWh,BE,BE,imbalance_price,Long,2026-08-03T03:49:42Z
2026-08-03T03:49:03Z,2026-08-03T05:49:03+0200,d815d4ad-795d-45eb-9ad8-9d704f7a3f43,2026-07-31T14:45:00Z,2026-07-31T16:45:00+0200,135.97,EUR/MWh,BE,BE,imbalance_price,Short,2026-08-03T03:49:42Z
2026-08-03T03:49:03Z,2026-08-03T05:49:03+0200,d815d4ad-795d-45eb-9ad8-9d704f7a3f43,2026-07-31T15:00:00Z,2026-07-31T17:00:00+0200,144.79,EUR/MWh,BE,BE,imbalance_price,Long,2026-08-03T03:49:42Z
2026-08-03T03:49:03Z,2026-08-03T05:49:03+0200,d815d4ad-795d-45eb-9ad8-9d704f7a3f43,2026-07-31T15:00:00Z,2026-07-31T17:00:00+0200,144.79,EUR/MWh,BE,BE,imbalance_price,Short,2026-08-03T03:49:42Z
2026-08-03T03:49:03Z,2026-08-03T05:49:03+0200,d815d4ad-795d-45eb-9ad8-9d704f7a3f43,2026-07-31T15:15:00Z,2026-07-31T17:15:00+0200,142.6,EUR/MWh,BE,BE,imbalance_price,Long,2026-08-03T03:49:42Z
2026-08-03T03:49:03Z,2026-08-03T05:49:03+0200,d815d4ad-795d-45eb-9ad8-9d704f7a3f43,2026-07-31T15:15:00Z,2026-07-31T17:15:00+0200,142.6,EUR/MWh,BE,BE,imbalance_price,Short,2026-08-03T03:49:42Z
2026-08-03T03:49:03Z,2026-08-03T05:49:03+0200,d815d4ad-795d-45eb-9ad8-9d704f7a3f43,2026-07-31T15:30:00Z,2026-07-31T17:30:00+0200,190.0,EUR/MWh,BE,BE,imbalance_price,Long,2026-08-03T03:49:42Z
2026-08-03T03:49:03Z,2026-08-03T05:49:03+0200,d815d4ad-795d-45eb-9ad8-9d704f7a3f43,2026-07-31T15:30:00Z,2026-07-31T17:30:00+0200,190.0,EUR/MWh,BE,BE,imbalance_price,Short,2026-08-03T03:49:42Z
2026-08-03T03:49:03Z,2026-08-03T05:49:03+0200,d815d4ad-795d-45eb-9ad8-9d704f7a3f43,2026-07-31T15:45:00Z,2026-07-31T17:45:00+0200,170.42,EUR/MWh,BE,BE,imbalance_price,Long,2026-08-03T03:49:42Z
2026-08-03T03:49:03Z,2026-08-03T05:49:03+0200,d815d4ad-795d-45eb-9ad8-9d704f7a3f43,2026-07-31T15:45:00Z,2026-07-31T17:45:00+0200,170.42,EUR/MWh,BE,BE,imbalance_price,Short,2026-08-03T03:49:42Z
2026-08-03T03:49:03Z,2026-08-03T05:49:03+0200,d815d4ad-795d-45eb-9ad8-9d704f7a3f43,2026-07-31T16:00:00Z,2026-07-31T18:00:00+0200,174.98,EUR/MWh,BE,BE,imbalance_price,Long,2026-08-03T03:49:42Z
2026-08-03T03:49:03Z,2026-08-03T05:49:03+0200,d815d4ad-795d-45eb-9ad8-9d704f7a3f43,2026-07-31T16:00:00Z,2026-07-31T18:00:00+0200,174.98,EUR/MWh,BE,BE,imbalance_price,Short,2026-08-03T03:49:42Z
2026-08-03T03:49:03Z,2026-08-03T05:49:03+0200,d815d4ad-795d-45eb-9ad8-9d704f7a3f43,2026-07-31T16:15:00Z,2026-07-31T18:15:00+0200,163.24,EUR/MWh,BE,BE,imbalance_price,Long,2026-08-03T03:49:42Z
2026-08-03T03:49:03Z,2026-08-03T05:49:03+0200,d815d4ad-795d-45eb-9ad8-9d704f7a3f43,2026-07-31T16:15:00Z,2026-07-31T18:15:00+0200,163.24,EUR/MWh,BE,BE,imbalance_price,Short,2026-08-03T03:49:42Z
2026-08-03T03:49:03Z,2026-08-03T05:49:03+0200,d815d4ad-795d-45eb-9ad8-9d704f7a3f43,2026-07-31T16:30:00Z,2026-07-31T18:30:00+0200,158.29,EUR/MWh,BE,BE,imbalance_price,Long,2026-08-03T03:49:42Z
2026-08-03T03:49:03Z,2026-08-03T05:49:03+0200,d815d4ad-795d-45eb-9ad8-9d704f7a3f43,2026-07-31T16:30:00Z,2026-07-31T18:30:00+0200,158.29,EUR/MWh,BE,BE,imbalance_price,Short,2026-08-03T03:49:42Z
2026-08-03T03:49:03Z,2026-08-03T05:49:03+0200,d815d4ad-795d-45eb-9ad8-9d704f7a3f43,2026-07-31T16:45:00Z,2026-07-31T18:45:00+0200,158.36,EUR/MWh,BE,BE,imbalance_price,Long,2026-08-03T03:49:42Z
2026-08-03T03:49:03Z,2026-08-03T05:49:03+0200,d815d4ad-795d-45eb-9ad8-9d704f7a3f43,2026-07-31T16:45:00Z,2026-07-31T18:45:00+0200,158.36,EUR/MWh,BE,BE,imbalance_price,Short,2026-08-03T03:49:42Z
2026-08-03T03:49:03Z,2026-08-03T05:49:03+0200,d815d4ad-795d-45eb-9ad8-9d704f7a3f43,2026-07-31T17:00:00Z,2026-07-31T19:00:00+0200,146.18,EUR/MWh,BE,BE,imbalance_price,Long,2026-08-03T03:49:42Z
2026-08-03T03:49:03Z,2026-08-03T05:49:03+0200,d815d4ad-795d-45eb-9ad8-9d704f7a3f43,2026-07-31T17:00:00Z,2026-07-31T19:00:00+0200,146.18,EUR/MWh,BE,BE,imbalance_price,Short,2026-08-03T03:49:42Z
2026-08-03T03:49:03Z,2026-08-03T05:49:03+0200,d815d4ad-795d-45eb-9ad8-9d704f7a3f43,2026-07-31T17:15:00Z,2026-07-31T19:15:00+0200,146.45,EUR/MWh,BE,BE,imbalance_price,Long,2026-08-03T03:49:42Z
2026-08-03T03:49:03Z,2026-08-03T05:49:03+0200,d815d4ad-795d-45eb-9ad8-9d704f7a3f43,2026-07-31T17:15:00Z,2026-07-31T19:15:00+0200,146.45,EUR/MWh,BE,BE,imbalance_price,Short,2026-08-03T03:49:42Z
2026-08-03T03:49:03Z,2026-08-03T05:49:03+0200,d815d4ad-795d-45eb-9ad8-9d704f7a3f43,2026-07-31T17:30:00Z,2026-07-31T19:30:00+0200,158.8,EUR/MWh,BE,BE,imbalance_price,Long,2026-08-03T03:49:42Z
2026-08-03T03:49:03Z,2026-08-03T05:49:03+0200,d815d4ad-795d-45eb-9ad8-9d704f7a3f43,2026-07-31T17:30:00Z,2026-07-31T19:30:00+0200,158.8,EUR/MWh,BE,BE,imbalance_price,Short,2026-08-03T03:49:42Z
2026-08-03T03:49:03Z,2026-08-03T05:49:03+0200,d815d4ad-795d-45eb-9ad8-9d704f7a3f43,2026-07-31T17:45:00Z,2026-07-31T19:45:00+0200,143.36,EUR/MWh,BE,BE,imbalance_price,Long,2026-08-03T03:49:42Z
2026-08-03T03:49:03Z,2026-08-03T05:49:03+0200,d815d4ad-795d-45eb-9ad8-9d704f7a3f43,2026-07-31T17:45:00Z,2026-07-31T19:45:00+0200,143.36,EUR/MWh,BE,BE,imbalance_price,Short,2026-08-03T03:49:42Z
2026-08-03T03:49:03Z,2026-08-03T05:49:03+0200,d815d4ad-795d-45eb-9ad8-9d704f7a3f43,2026-07-31T18:00:00Z,2026-07-31T20:00:00+0200,128.4,EUR/MWh,BE,BE,imbalance_price,Long,2026-08-03T03:49:42Z
2026-08-03T03:49:03Z,2026-08-03T05:49:03+0200,d815d4ad-795d-45eb-9ad8-9d704f7a3f43,2026-07-31T18:00:00Z,2026-07-31T20:00:00+0200,128.4,EUR/MWh,BE,BE,imbalance_price,Short,2026-08-03T03:49:42Z
2026-08-03T03:49:03Z,2026-08-03T05:49:03+0200,d815d4ad-795d-45eb-9ad8-9d704f7a3f43,2026-07-31T18:15:00Z,2026-07-31T20:15:00+0200,124.64,EUR/MWh,BE,BE,imbalance_price,Long,2026-08-03T03:49:42Z
2026-08-03T03:49:03Z,2026-08-03T05:49:03+0200,d815d4ad-795d-45eb-9ad8-9d704f7a3f43,2026-07-31T18:15:00Z,2026-07-31T20:15:00+0200,124.64,EUR/MWh,BE,BE,imbalance_price,Short,2026-08-03T03:49:42Z
2026-08-03T03:49:03Z,2026-08-03T05:49:03+0200,d815d4ad-795d-45eb-9ad8-9d704f7a3f43,2026-07-31T18:30:00Z,2026-07-31T20:30:00+0200,132.28,EUR/MWh,BE,BE,imbalance_price,Long,2026-08-03T03:49:42Z
2026-08-03T03:49:03Z,2026-08-03T05:49:03+0200,d815d4ad-795d-45eb-9ad8-9d704f7a3f43,2026-07-31T18:30:00Z,2026-07-31T20:30:00+0200,132.28,EUR/MWh,BE,BE,imbalance_price,Short,2026-08-03T03:49:42Z
2026-08-03T03:49:03Z,2026-08-03T05:49:03+0200,d815d4ad-795d-45eb-9ad8-9d704f7a3f43,2026-07-31T18:45:00Z,2026-07-31T20:45:00+0200,127.44,EUR/MWh,BE,BE,imbalance_price,Long,2026-08-03T03:49:42Z
2026-08-03T03:49:03Z,2026-08-03T05:49:03+0200,d815d4ad-795d-45eb-9ad8-9d704f7a3f43,2026-07-31T18:45:00Z,2026-07-31T20:45:00+0200,127.44,EUR/MWh,BE,BE,imbalance_price,Short,2026-08-03T03:49:42Z
2026-08-03T03:49:03Z,2026-08-03T05:49:03+0200,d815d4ad-795d-45eb-9ad8-9d704f7a3f43,2026-07-31T19:00:00Z,2026-07-31T21:00:00+0200,145.74,EUR/MWh,BE,BE,imbalance_price,Long,2026-08-03T03:49:42Z
2026-08-03T03:49:03Z,2026-08-03T05:49:03+0200,d815d4ad-795d-45eb-9ad8-9d704f7a3f43,2026-07-31T19:00:00Z,2026-07-31T21:00:00+0200,145.74,EUR/MWh,BE,BE,imbalance_price,Short,2026-08-03T03:49:42Z
2026-08-03T03:49:03Z,2026-08-03T05:49:03+0200,d815d4ad-795d-45eb-9ad8-9d704f7a3f43,2026-07-31T19:15:00Z,2026-07-31T21:15:00+0200,168.15,EUR/MWh,BE,BE,imbalance_price,Long,2026-08-03T03:49:42Z
2026-08-03T03:49:03Z,2026-08-03T05:49:03+0200,d815d4ad-795d-45eb-9ad8-9d704f7a3f43,2026-07-31T19:15:00Z,2026-07-31T21:15:00+0200,168.15,EUR/MWh,BE,BE,imbalance_price,Short,2026-08-03T03:49:42Z
2026-08-03T03:49:03Z,2026-08-03T05:49:03+0200,d815d4ad-795d-45eb-9ad8-9d704f7a3f43,2026-07-31T19:30:00Z,2026-07-31T21:30:00+0200,181.28,EUR/MWh,BE,BE,imbalance_price,Long,2026-08-03T03:49:42Z
2026-08-03T03:49:03Z,2026-08-03T05:49:03+0200,d815d4ad-795d-45eb-9ad8-9d704f7a3f43,2026-07-31T19:30:00Z,2026-07-31T21:30:00+0200,181.28,EUR/MWh,BE,BE,imbalance_price,Short,2026-08-03T03:49:42Z
2026-08-03T03:49:03Z,2026-08-03T05:49:03+0200,d815d4ad-795d-45eb-9ad8-9d704f7a3f43,2026-07-31T19:45:00Z,2026-07-31T21:45:00+0200,176.53,EUR/MWh,BE,BE,imbalance_price,Long,2026-08-03T03:49:42Z
2026-08-03T03:49:03Z,2026-08-03T05:49:03+0200,d815d4ad-795d-45eb-9ad8-9d704f7a3f43,2026-07-31T19:45:00Z,2026-07-31T21:45:00+0200,176.53,EUR/MWh,BE,BE,imbalance_price,Short,2026-08-03T03:49:42Z
2026-08-03T03:49:03Z,2026-08-03T05:49:03+0200,d815d4ad-795d-45eb-9ad8-9d704f7a3f43,2026-07-31T20:00:00Z,2026-07-31T22:00:00+0200,189.87,EUR/MWh,BE,BE,imbalance_price,Long,2026-08-03T03:49:42Z
2026-08-03T03:49:03Z,2026-08-03T05:49:03+0200,d815d4ad-795d-45eb-9ad8-9d704f7a3f43,2026-07-31T20:00:00Z,2026-07-31T22:00:00+0200,189.87,EUR/MWh,BE,BE,imbalance_price,Short,2026-08-03T03:49:42Z
2026-08-03T03:49:03Z,2026-08-03T05:49:03+0200,d815d4ad-795d-45eb-9ad8-9d704f7a3f43,2026-07-31T20:15:00Z,2026-07-31T22:15:00+0200,189.64,EUR/MWh,BE,BE,imbalance_price,Long,2026-08-03T03:49:42Z
2026-08-03T03:49:03Z,2026-08-03T05:49:03+0200,d815d4ad-795d-45eb-9ad8-9d704f7a3f43,2026-07-31T20:15:00Z,2026-07-31T22:15:00+0200,189.64,EUR/MWh,BE,BE,imbalance_price,Short,2026-08-03T03:49:42Z
2026-08-03T03:49:03Z,2026-08-03T05:49:03+0200,d815d4ad-795d-45eb-9ad8-9d704f7a3f43,2026-07-31T20:30:00Z,2026-07-31T22:30:00+0200,182.47,EUR/MWh,BE,BE,imbalance_price,Long,2026-08-03T03:49:42Z
2026-08-03T03:49:03Z,2026-08-03T05:49:03+0200,d815d4ad-795d-45eb-9ad8-9d704f7a3f43,2026-07-31T20:30:00Z,2026-07-31T22:30:00+0200,182.47,EUR/MWh,BE,BE,imbalance_price,Short,2026-08-03T03:49:42Z
2026-08-03T03:49:03Z,2026-08-03T05:49:03+0200,d815d4ad-795d-45eb-9ad8-9d704f7a3f43,2026-07-31T20:45:00Z,2026-07-31T22:45:00+0200,181.17,EUR/MWh,BE,BE,imbalance_price,Long,2026-08-03T03:49:42Z
2026-08-03T03:49:03Z,2026-08-03T05:49:03+0200,d815d4ad-795d-45eb-9ad8-9d704f7a3f43,2026-07-31T20:45:00Z,2026-07-31T22:45:00+0200,181.17,EUR/MWh,BE,BE,imbalance_price,Short,2026-08-03T03:49:42Z
2026-08-03T03:49:03Z,2026-08-03T05:49:03+0200,d815d4ad-795d-45eb-9ad8-9d704f7a3f43,2026-07-31T21:00:00Z,2026-07-31T23:00:00+0200,182.42,EUR/MWh,BE,BE,imbalance_price,Long,2026-08-03T03:49:42Z
2026-08-03T03:49:03Z,2026-08-03T05:49:03+0200,d815d4ad-795d-45eb-9ad8-9d704f7a3f43,2026-07-31T21:00:00Z,2026-07-31T23:00:00+0200,182.42,EUR/MWh,BE,BE,imbalance_price,Short,2026-08-03T03:49:42Z
2026-08-03T03:49:03Z,2026-08-03T05:49:03+0200,d815d4ad-795d-45eb-9ad8-9d704f7a3f43,2026-07-31T21:15:00Z,2026-07-31T23:15:00+0200,178.82,EUR/MWh,BE,BE,imbalance_price,Long,2026-08-03T03:49:42Z
2026-08-03T03:49:03Z,2026-08-03T05:49:03+0200,d815d4ad-795d-45eb-9ad8-9d704f7a3f43,2026-07-31T21:15:00Z,2026-07-31T23:15:00+0200,178.82,EUR/MWh,BE,BE,imbalance_price,Short,2026-08-03T03:49:42Z
2026-08-03T03:49:03Z,2026-08-03T05:49:03+0200,d815d4ad-795d-45eb-9ad8-9d704f7a3f43,2026-07-31T21:30:00Z,2026-07-31T23:30:00+0200,163.75,EUR/MWh,BE,BE,imbalance_price,Long,2026-08-03T03:49:42Z
2026-08-03T03:49:03Z,2026-08-03T05:49:03+0200,d815d4ad-795d-45eb-9ad8-9d704f7a3f43,2026-07-31T21:30:00Z,2026-07-31T23:30:00+0200,163.75,EUR/MWh,BE,BE,imbalance_price,Short,2026-08-03T03:49:42Z
2026-08-03T03:49:03Z,2026-08-03T05:49:03+0200,d815d4ad-795d-45eb-9ad8-9d704f7a3f43,2026-07-31T21:45:00Z,2026-07-31T23:45:00+0200,190.29,EUR/MWh,BE,BE,imbalance_price,Long,2026-08-03T03:49:42Z
2026-08-03T03:49:03Z,2026-08-03T05:49:03+0200,d815d4ad-795d-45eb-9ad8-9d704f7a3f43,2026-07-31T21:45:00Z,2026-07-31T23:45:00+0200,190.29,EUR/MWh,BE,BE,imbalance_price,Short,2026-08-03T03:49:42Z
2026-08-03T03:49:03Z,2026-08-03T05:49:03+0200,d815d4ad-795d-45eb-9ad8-9d704f7a3f43,2026-07-31T22:00:00Z,2026-08-01T00:00:00+0200,183.07,EUR/MWh,BE,BE,imbalance_price,Long,2026-08-03T03:49:42Z
2026-08-03T03:49:03Z,2026-08-03T05:49:03+0200,d815d4ad-795d-45eb-9ad8-9d704f7a3f43,2026-07-31T22:00:00Z,2026-08-01T00:00:00+0200,183.07,EUR/MWh,BE,BE,imbalance_price,Short,2026-08-03T03:49:42Z
2026-08-03T03:49:03Z,2026-08-03T05:49:03+0200,d815d4ad-795d-45eb-9ad8-9d704f7a3f43,2026-07-31T22:15:00Z,2026-08-01T00:15:00+0200,185.24,EUR/MWh,BE,BE,imbalance_price,Long,2026-08-03T03:49:42Z
2026-08-03T03:49:03Z,2026-08-03T05:49:03+0200,d815d4ad-795d-45eb-9ad8-9d704f7a3f43,2026-07-31T22:15:00Z,2026-08-01T00:15:00+0200,185.24,EUR/MWh,BE,BE,imbalance_price,Short,2026-08-03T03:49:42Z
2026-08-03T03:49:03Z,2026-08-03T05:49:03+0200,d815d4ad-795d-45eb-9ad8-9d704f7a3f43,2026-07-31T22:30:00Z,2026-08-01T00:30:00+0200,180.99,EUR/MWh,BE,BE,imbalance_price,Long,2026-08-03T03:49:42Z
2026-08-03T03:49:03Z,2026-08-03T05:49:03+0200,d815d4ad-795d-45eb-9ad8-9d704f7a3f43,2026-07-31T22:30:00Z,2026-08-01T00:30:00+0200,180.99,EUR/MWh,BE,BE,imbalance_price,Short,2026-08-03T03:49:42Z
2026-08-03T03:49:03Z,2026-08-03T05:49:03+0200,d815d4ad-795d-45eb-9ad8-9d704f7a3f43,2026-07-31T22:45:00Z,2026-08-01T00:45:00+0200,164.97,EUR/MWh,BE,BE,imbalance_price,Long,2026-08-03T03:49:42Z
2026-08-03T03:49:03Z,2026-08-03T05:49:03+0200,d815d4ad-795d-45eb-9ad8-9d704f7a3f43,2026-07-31T22:45:00Z,2026-08-01T00:45:00+0200,164.97,EUR/MWh,BE,BE,imbalance_price,Short,2026-08-03T03:49:42Z
2026-08-03T03:49:03Z,2026-08-03T05:49:03+0200,d815d4ad-795d-45eb-9ad8-9d704f7a3f43,2026-07-31T23:00:00Z,2026-08-01T01:00:00+0200,182.71,EUR/MWh,BE,BE,imbalance_price,Long,2026-08-03T03:49:42Z
2026-08-03T03:49:03Z,2026-08-03T05:49:03+0200,d815d4ad-795d-45eb-9ad8-9d704f7a3f43,2026-07-31T23:00:00Z,2026-08-01T01:00:00+0200,182.71,EUR/MWh,BE,BE,imbalance_price,Short,2026-08-03T03:49:42Z
2026-08-03T03:49:03Z,2026-08-03T05:49:03+0200,d815d4ad-795d-45eb-9ad8-9d704f7a3f43,2026-07-31T23:15:00Z,2026-08-01T01:15:00+0200,170.27,EUR/MWh,BE,BE,imbalance_price,Long,2026-08-03T03:49:42Z
2026-08-03T03:49:03Z,2026-08-03T05:49:03+0200,d815d4ad-795d-45eb-9ad8-9d704f7a3f43,2026-07-31T23:15:00Z,2026-08-01T01:15:00+0200,170.27,EUR/MWh,BE,BE,imbalance_price,Short,2026-08-03T03:49:42Z
2026-08-03T03:49:03Z,2026-08-03T05:49:03+0200,d815d4ad-795d-45eb-9ad8-9d704f7a3f43,2026-07-31T23:30:00Z,2026-08-01T01:30:00+0200,168.78,EUR/MWh,BE,BE,imbalance_price,Long,2026-08-03T03:49:42Z
2026-08-03T03:49:03Z,2026-08-03T05:49:03+0200,d815d4ad-795d-45eb-9ad8-9d704f7a3f43,2026-07-31T23:30:00Z,2026-08-01T01:30:00+0200,168.78,EUR/MWh,BE,BE,imbalance_price,Short,2026-08-03T03:49:42Z
2026-08-03T03:49:03Z,2026-08-03T05:49:03+0200,d815d4ad-795d-45eb-9ad8-9d704f7a3f43,2026-07-31T23:45:00Z,2026-08-01T01:45:00+0200,165.09,EUR/MWh,BE,BE,imbalance_price,Long,2026-08-03T03:49:42Z
2026-08-03T03:49:03Z,2026-08-03T05:49:03+0200,d815d4ad-795d-45eb-9ad8-9d704f7a3f43,2026-07-31T23:45:00Z,2026-08-01T01:45:00+0200,165.09,EUR/MWh,BE,BE,imbalance_price,Short,2026-08-03T03:49:42Z
2026-08-03T03:49:03Z,2026-08-03T05:49:03+0200,d815d4ad-795d-45eb-9ad8-9d704f7a3f43,2026-08-01T00:00:00Z,2026-08-01T02:00:00+0200,150.45,EUR/MWh,BE,BE,imbalance_price,Long,2026-08-03T03:49:42Z
2026-08-03T03:49:03Z,2026-08-03T05:49:03+0200,d815d4ad-795d-45eb-9ad8-9d704f7a3f43,2026-08-01T00:00:00Z,2026-08-01T02:00:00+0200,150.45,EUR/MWh,BE,BE,imbalance_price,Short,2026-08-03T03:49:42Z
2026-08-03T03:49:03Z,2026-08-03T05:49:03+0200,d815d4ad-795d-45eb-9ad8-9d704f7a3f43,2026-08-01T00:15:00Z,2026-08-01T02:15:00+0200,145.84,EUR/MWh,BE,BE,imbalance_price,Long,2026-08-03T03:49:42Z
2026-08-03T03:49:03Z,2026-08-03T05:49:03+0200,d815d4ad-795d-45eb-9ad8-9d704f7a3f43,2026-08-01T00:15:00Z,2026-08-01T02:15:00+0200,145.84,EUR/MWh,BE,BE,imbalance_price,Short,2026-08-03T03:49:42Z
2026-08-03T03:49:03Z,2026-08-03T05:49:03+0200,d815d4ad-795d-45eb-9ad8-9d704f7a3f43,2026-08-01T00:30:00Z,2026-08-01T02:30:00+0200,129.13,EUR/MWh,BE,BE,imbalance_price,Long,2026-08-03T03:49:42Z
2026-08-03T03:49:03Z,2026-08-03T05:49:03+0200,d815d4ad-795d-45eb-9ad8-9d704f7a3f43,2026-08-01T00:30:00Z,2026-08-01T02:30:00+0200,129.13,EUR/MWh,BE,BE,imbalance_price,Short,2026-08-03T03:49:42Z
2026-08-03T03:49:03Z,2026-08-03T05:49:03+0200,d815d4ad-795d-45eb-9ad8-9d704f7a3f43,2026-08-01T00:45:00Z,2026-08-01T02:45:00+0200,143.72,EUR/MWh,BE,BE,imbalance_price,Long,2026-08-03T03:49:42Z
2026-08-03T03:49:03Z,2026-08-03T05:49:03+0200,d815d4ad-795d-45eb-9ad8-9d704f7a3f43,2026-08-01T00:45:00Z,2026-08-01T02:45:00+0200,143.72,EUR/MWh,BE,BE,imbalance_price,Short,2026-08-03T03:49:42Z
2026-08-03T03:49:03Z,2026-08-03T05:49:03+0200,d815d4ad-795d-45eb-9ad8-9d704f7a3f43,2026-08-01T01:00:00Z,2026-08-01T03:00:00+0200,172.6,EUR/MWh,BE,BE,imbalance_price,Long,2026-08-03T03:49:42Z
2026-08-03T03:49:03Z,2026-08-03T05:49:03+0200,d815d4ad-795d-45eb-9ad8-9d704f7a3f43,2026-08-01T01:00:00Z,2026-08-01T03:00:00+0200,172.6,EUR/MWh,BE,BE,imbalance_price,Short,2026-08-03T03:49:42Z
2026-08-03T03:49:03Z,2026-08-03T05:49:03+0200,d815d4ad-795d-45eb-9ad8-9d704f7a3f43,2026-08-01T01:15:00Z,2026-08-01T03:15:00+0200,165.01,EUR/MWh,BE,BE,imbalance_price,Long,2026-08-03T03:49:42Z
2026-08-03T03:49:03Z,2026-08-03T05:49:03+0200,d815d4ad-795d-45eb-9ad8-9d704f7a3f43,2026-08-01T01:15:00Z,2026-08-01T03:15:00+0200,165.01,EUR/MWh,BE,BE,imbalance_price,Short,2026-08-03T03:49:42Z
2026-08-03T03:49:03Z,2026-08-03T05:49:03+0200,d815d4ad-795d-45eb-9ad8-9d704f7a3f43,2026-08-01T01:30:00Z,2026-08-01T03:30:00+0200,143.74,EUR/MWh,BE,BE,imbalance_price,Long,2026-08-03T03:49:42Z
2026-08-03T03:49:03Z,2026-08-03T05:49:03+0200,d815d4ad-795d-45eb-9ad8-9d704f7a3f43,2026-08-01T01:30:00Z,2026-08-01T03:30:00+0200,143.74,EUR/MWh,BE,BE,imbalance_price,Short,2026-08-03T03:49:42Z
2026-08-03T03:49:03Z,2026-08-03T05:49:03+0200,d815d4ad-795d-45eb-9ad8-9d704f7a3f43,2026-08-01T01:45:00Z,2026-08-01T03:45:00+0200,153.48,EUR/MWh,BE,BE,imbalance_price,Long,2026-08-03T03:49:42Z
2026-08-03T03:49:03Z,2026-08-03T05:49:03+0200,d815d4ad-795d-45eb-9ad8-9d704f7a3f43,2026-08-01T01:45:00Z,2026-08-01T03:45:00+0200,153.48,EUR/MWh,BE,BE,imbalance_price,Short,2026-08-03T03:49:42Z
2026-08-03T03:49:03Z,2026-08-03T05:49:03+0200,d815d4ad-795d-45eb-9ad8-9d704f7a3f43,2026-08-01T02:00:00Z,2026-08-01T04:00:00+0200,153.0,EUR/MWh,BE,BE,imbalance_price,Long,2026-08-03T03:49:42Z
2026-08-03T03:49:03Z,2026-08-03T05:49:03+0200,d815d4ad-795d-45eb-9ad8-9d704f7a3f43,2026-08-01T02:00:00Z,2026-08-01T04:00:00+0200,153.0,EUR/MWh,BE,BE,imbalance_price,Short,2026-08-03T03:49:42Z
2026-08-03T03:49:03Z,2026-08-03T05:49:03+0200,d815d4ad-795d-45eb-9ad8-9d704f7a3f43,2026-08-01T02:15:00Z,2026-08-01T04:15:00+0200,150.61,EUR/MWh,BE,BE,imbalance_price,Long,2026-08-03T03:49:42Z
2026-08-03T03:49:03Z,2026-08-03T05:49:03+0200,d815d4ad-795d-45eb-9ad8-9d704f7a3f43,2026-08-01T02:15:00Z,2026-08-01T04:15:00+0200,150.61,EUR/MWh,BE,BE,imbalance_price,Short,2026-08-03T03:49:42Z
2026-08-03T03:49:03Z,2026-08-03T05:49:03+0200,d815d4ad-795d-45eb-9ad8-9d704f7a3f43,2026-08-01T02:30:00Z,2026-08-01T04:30:00+0200,175.63,EUR/MWh,BE,BE,imbalance_price,Long,2026-08-03T03:49:42Z
2026-08-03T03:49:03Z,2026-08-03T05:49:03+0200,d815d4ad-795d-45eb-9ad8-9d704f7a3f43,2026-08-01T02:30:00Z,2026-08-01T04:30:00+0200,175.63,EUR/MWh,BE,BE,imbalance_price,Short,2026-08-03T03:49:42Z
2026-08-03T03:49:03Z,2026-08-03T05:49:03+0200,d815d4ad-795d-45eb-9ad8-9d704f7a3f43,2026-08-01T02:45:00Z,2026-08-01T04:45:00+0200,167.59,EUR/MWh,BE,BE,imbalance_price,Long,2026-08-03T03:49:42Z
2026-08-03T03:49:03Z,2026-08-03T05:49:03+0200,d815d4ad-795d-45eb-9ad8-9d704f7a3f43,2026-08-01T02:45:00Z,2026-08-01T04:45:00+0200,167.59,EUR/MWh,BE,BE,imbalance_price,Short,2026-08-03T03:49:42Z
2026-08-03T03:49:03Z,2026-08-03T05:49:03+0200,d815d4ad-795d-45eb-9ad8-9d704f7a3f43,2026-08-01T03:00:00Z,2026-08-01T05:00:00+0200,177.16,EUR/MWh,BE,BE,imbalance_price,Long,2026-08-03T03:49:42Z
2026-08-03T03:49:03Z,2026-08-03T05:49:03+0200,d815d4ad-795d-45eb-9ad8-9d704f7a3f43,2026-08-01T03:00:00Z,2026-08-01T05:00:00+0200,177.16,EUR/MWh,BE,BE,imbalance_price,Short,2026-08-03T03:49:42Z
2026-08-03T03:49:03Z,2026-08-03T05:49:03+0200,d815d4ad-795d-45eb-9ad8-9d704f7a3f43,2026-08-01T03:15:00Z,2026-08-01T05:15:00+0200,159.25,EUR/MWh,BE,BE,imbalance_price,Long,2026-08-03T03:49:42Z
2026-08-03T03:49:03Z,2026-08-03T05:49:03+0200,d815d4ad-795d-45eb-9ad8-9d704f7a3f43,2026-08-01T03:15:00Z,2026-08-01T05:15:00+0200,159.25,EUR/MWh,BE,BE,imbalance_price,Short,2026-08-03T03:49:42Z
2026-08-03T03:49:03Z,2026-08-03T05:49:03+0200,d815d4ad-795d-45eb-9ad8-9d704f7a3f43,2026-08-01T03:30:00Z,2026-08-01T05:30:00+0200,158.68,EUR/MWh,BE,BE,imbalance_price,Long,2026-08-03T03:49:42Z
2026-08-03T03:49:03Z,2026-08-03T05:49:03+0200,d815d4ad-795d-45eb-9ad8-9d704f7a3f43,2026-08-01T03:30:00Z,2026-08-01T05:30:00+0200,158.68,EUR/MWh,BE,BE,imbalance_price,Short,2026-08-03T03:49:42Z
2026-08-03T03:49:03Z,2026-08-03T05:49:03+0200,d815d4ad-795d-45eb-9ad8-9d704f7a3f43,2026-08-01T03:45:00Z,2026-08-01T05:45:00+0200,153.85,EUR/MWh,BE,BE,imbalance_price,Long,2026-08-03T03:49:42Z
2026-08-03T03:49:03Z,2026-08-03T05:49:03+0200,d815d4ad-795d-45eb-9ad8-9d704f7a3f43,2026-08-01T03:45:00Z,2026-08-01T05:45:00+0200,153.85,EUR/MWh,BE,BE,imbalance_price,Short,2026-08-03T03:49:42Z
2026-08-03T03:49:03Z,2026-08-03T05:49:03+0200,d815d4ad-795d-45eb-9ad8-9d704f7a3f43,2026-08-01T04:00:00Z,2026-08-01T06:00:00+0200,176.21,EUR/MWh,BE,BE,imbalance_price,Long,2026-08-03T03:49:42Z
2026-08-03T03:49:03Z,2026-08-03T05:49:03+0200,d815d4ad-795d-45eb-9ad8-9d704f7a3f43,2026-08-01T04:00:00Z,2026-08-01T06:00:00+0200,176.21,EUR/MWh,BE,BE,imbalance_price,Short,2026-08-03T03:49:42Z
2026-08-03T03:49:03Z,2026-08-03T05:49:03+0200,d815d4ad-795d-45eb-9ad8-9d704f7a3f43,2026-08-01T04:15:00Z,2026-08-01T06:15:00+0200,155.59,EUR/MWh,BE,BE,imbalance_price,Long,2026-08-03T03:49:42Z
2026-08-03T03:49:03Z,2026-08-03T05:49:03+0200,d815d4ad-795d-45eb-9ad8-9d704f7a3f43,2026-08-01T04:15:00Z,2026-08-01T06:15:00+0200,155.59,EUR/MWh,BE,BE,imbalance_price,Short,2026-08-03T03:49:42Z
2026-08-03T03:49:03Z,2026-08-03T05:49:03+0200,d815d4ad-795d-45eb-9ad8-9d704f7a3f43,2026-08-01T04:30:00Z,2026-08-01T06:30:00+0200,163.59,EUR/MWh,BE,BE,imbalance_price,Long,2026-08-03T03:49:42Z
2026-08-03T03:49:03Z,2026-08-03T05:49:03+0200,d815d4ad-795d-45eb-9ad8-9d704f7a3f43,2026-08-01T04:30:00Z,2026-08-01T06:30:00+0200,163.59,EUR/MWh,BE,BE,imbalance_price,Short,2026-08-03T03:49:42Z
2026-08-03T03:49:03Z,2026-08-03T05:49:03+0200,d815d4ad-795d-45eb-9ad8-9d704f7a3f43,2026-08-01T04:45:00Z,2026-08-01T06:45:00+0200,154.04,EUR/MWh,BE,BE,imbalance_price,Long,2026-08-03T03:49:42Z
2026-08-03T03:49:03Z,2026-08-03T05:49:03+0200,d815d4ad-795d-45eb-9ad8-9d704f7a3f43,2026-08-01T04:45:00Z,2026-08-01T06:45:00+0200,154.04,EUR/MWh,BE,BE,imbalance_price,Short,2026-08-03T03:49:42Z
2026-08-03T03:49:03Z,2026-08-03T05:49:03+0200,d815d4ad-795d-45eb-9ad8-9d704f7a3f43,2026-08-01T05:00:00Z,2026-08-01T07:00:00+0200,163.68,EUR/MWh,BE,BE,imbalance_price,Long,2026-08-03T03:49:42Z
2026-08-03T03:49:03Z,2026-08-03T05:49:03+0200,d815d4ad-795d-45eb-9ad8-9d704f7a3f43,2026-08-01T05:00:00Z,2026-08-01T07:00:00+0200,163.68,EUR/MWh,BE,BE,imbalance_price,Short,2026-08-03T03:49:42Z
2026-08-03T03:49:03Z,2026-08-03T05:49:03+0200,d815d4ad-795d-45eb-9ad8-9d704f7a3f43,2026-08-01T05:15:00Z,2026-08-01T07:15:00+0200,166.67,EUR/MWh,BE,BE,imbalance_price,Long,2026-08-03T03:49:42Z
2026-08-03T03:49:03Z,2026-08-03T05:49:03+0200,d815d4ad-795d-45eb-9ad8-9d704f7a3f43,2026-08-01T05:15:00Z,2026-08-01T07:15:00+0200,166.67,EUR/MWh,BE,BE,imbalance_price,Short,2026-08-03T03:49:42Z
2026-08-03T03:49:03Z,2026-08-03T05:49:03+0200,d815d4ad-795d-45eb-9ad8-9d704f7a3f43,2026-08-01T05:30:00Z,2026-08-01T07:30:00+0200,163.79,EUR/MWh,BE,BE,imbalance_price,Long,2026-08-03T03:49:42Z
2026-08-03T03:49:03Z,2026-08-03T05:49:03+0200,d815d4ad-795d-45eb-9ad8-9d704f7a3f43,2026-08-01T05:30:00Z,2026-08-01T07:30:00+0200,163.79,EUR/MWh,BE,BE,imbalance_price,Short,2026-08-03T03:49:42Z
2026-08-03T03:49:03Z,2026-08-03T05:49:03+0200,d815d4ad-795d-45eb-9ad8-9d704f7a3f43,2026-08-01T05:45:00Z,2026-08-01T07:45:00+0200,166.49,EUR/MWh,BE,BE,imbalance_price,Long,2026-08-03T03:49:42Z
2026-08-03T03:49:03Z,2026-08-03T05:49:03+0200,d815d4ad-795d-45eb-9ad8-9d704f7a3f43,2026-08-01T05:45:00Z,2026-08-01T07:45:00+0200,166.49,EUR/MWh,BE,BE,imbalance_price,Short,2026-08-03T03:49:42Z
2026-08-03T03:49:03Z,2026-08-03T05:49:03+0200,d815d4ad-795d-45eb-9ad8-9d704f7a3f43,2026-08-01T06:00:00Z,2026-08-01T08:00:00+0200,157.5,EUR/MWh,BE,BE,imbalance_price,Long,2026-08-03T03:49:42Z
2026-08-03T03:49:03Z,2026-08-03T05:49:03+0200,d815d4ad-795d-45eb-9ad8-9d704f7a3f43,2026-08-01T06:00:00Z,2026-08-01T08:00:00+0200,157.5,EUR/MWh,BE,BE,imbalance_price,Short,2026-08-03T03:49:42Z
2026-08-03T03:49:03Z,2026-08-03T05:49:03+0200,d815d4ad-795d-45eb-9ad8-9d704f7a3f43,2026-08-01T06:15:00Z,2026-08-01T08:15:00+0200,133.15,EUR/MWh,BE,BE,imbalance_price,Long,2026-08-03T03:49:42Z
2026-08-03T03:49:03Z,2026-08-03T05:49:03+0200,d815d4ad-795d-45eb-9ad8-9d704f7a3f43,2026-08-01T06:15:00Z,2026-08-01T08:15:00+0200,133.15,EUR/MWh,BE,BE,imbalance_price,Short,2026-08-03T03:49:42Z
2026-08-03T03:49:03Z,2026-08-03T05:49:03+0200,d815d4ad-795d-45eb-9ad8-9d704f7a3f43,2026-08-01T06:30:00Z,2026-08-01T08:30:00+0200,122.28,EUR/MWh,BE,BE,imbalance_price,Long,2026-08-03T03:49:42Z
2026-08-03T03:49:03Z,2026-08-03T05:49:03+0200,d815d4ad-795d-45eb-9ad8-9d704f7a3f43,2026-08-01T06:30:00Z,2026-08-01T08:30:00+0200,122.28,EUR/MWh,BE,BE,imbalance_price,Short,2026-08-03T03:49:42Z
2026-08-03T03:49:03Z,2026-08-03T05:49:03+0200,d815d4ad-795d-45eb-9ad8-9d704f7a3f43,2026-08-01T06:45:00Z,2026-08-01T08:45:00+0200,118.0,EUR/MWh,BE,BE,imbalance_price,Long,2026-08-03T03:49:42Z
2026-08-03T03:49:03Z,2026-08-03T05:49:03+0200,d815d4ad-795d-45eb-9ad8-9d704f7a3f43,2026-08-01T06:45:00Z,2026-08-01T08:45:00+0200,118.0,EUR/MWh,BE,BE,imbalance_price,Short,2026-08-03T03:49:42Z
2026-08-03T03:49:03Z,2026-08-03T05:49:03+0200,d815d4ad-795d-45eb-9ad8-9d704f7a3f43,2026-08-01T07:00:00Z,2026-08-01T09:00:00+0200,118.0,EUR/MWh,BE,BE,imbalance_price,Long,2026-08-03T03:49:42Z
2026-08-03T03:49:03Z,2026-08-03T05:49:03+0200,d815d4ad-795d-45eb-9ad8-9d704f7a3f43,2026-08-01T07:00:00Z,2026-08-01T09:00:00+0200,118.0,EUR/MWh,BE,BE,imbalance_price,Short,2026-08-03T03:49:42Z
2026-08-03T03:49:03Z,2026-08-03T05:49:03+0200,d815d4ad-795d-45eb-9ad8-9d704f7a3f43,2026-08-01T07:15:00Z,2026-08-01T09:15:00+0200,95.82,EUR/MWh,BE,BE,imbalance_price,Long,2026-08-03T03:49:42Z
2026-08-03T03:49:03Z,2026-08-03T05:49:03+0200,d815d4ad-795d-45eb-9ad8-9d704f7a3f43,2026-08-01T07:15:00Z,2026-08-01T09:15:00+0200,95.82,EUR/MWh,BE,BE,imbalance_price,Short,2026-08-03T03:49:42Z
2026-08-03T03:49:03Z,2026-08-03T05:49:03+0200,d815d4ad-795d-45eb-9ad8-9d704f7a3f43,2026-08-01T07:30:00Z,2026-08-01T09:30:00+0200,103.0,EUR/MWh,BE,BE,imbalance_price,Long,2026-08-03T03:49:42Z
2026-08-03T03:49:03Z,2026-08-03T05:49:03+0200,d815d4ad-795d-45eb-9ad8-9d704f7a3f43,2026-08-01T07:30:00Z,2026-08-01T09:30:00+0200,103.0,EUR/MWh,BE,BE,imbalance_price,Short,2026-08-03T03:49:42Z
2026-08-03T03:49:03Z,2026-08-03T05:49:03+0200,d815d4ad-795d-45eb-9ad8-9d704f7a3f43,2026-08-01T07:45:00Z,2026-08-01T09:45:00+0200,101.0,EUR/MWh,BE,BE,imbalance_price,Long,2026-08-03T03:49:42Z
2026-08-03T03:49:03Z,2026-08-03T05:49:03+0200,d815d4ad-795d-45eb-9ad8-9d704f7a3f43,2026-08-01T07:45:00Z,2026-08-01T09:45:00+0200,101.0,EUR/MWh,BE,BE,imbalance_price,Short,2026-08-03T03:49:42Z
2026-08-03T03:49:03Z,2026-08-03T05:49:03+0200,d815d4ad-795d-45eb-9ad8-9d704f7a3f43,2026-08-01T08:00:00Z,2026-08-01T10:00:00+0200,116.38,EUR/MWh,BE,BE,imbalance_price,Long,2026-08-03T03:49:42Z
2026-08-03T03:49:03Z,2026-08-03T05:49:03+0200,d815d4ad-795d-45eb-9ad8-9d704f7a3f43,2026-08-01T08:00:00Z,2026-08-01T10:00:00+0200,116.38,EUR/MWh,BE,BE,imbalance_price,Short,2026-08-03T03:49:42Z
2026-08-03T03:49:03Z,2026-08-03T05:49:03+0200,d815d4ad-795d-45eb-9ad8-9d704f7a3f43,2026-08-01T08:15:00Z,2026-08-01T10:15:00+0200,113.0,EUR/MWh,BE,BE,imbalance_price,Long,2026-08-03T03:49:42Z
2026-08-03T03:49:03Z,2026-08-03T05:49:03+0200,d815d4ad-795d-45eb-9ad8-9d704f7a3f43,2026-08-01T08:15:00Z,2026-08-01T10:15:00+0200,113.0,EUR/MWh,BE,BE,imbalance_price,Short,2026-08-03T03:49:42Z
2026-08-03T03:49:03Z,2026-08-03T05:49:03+0200,d815d4ad-795d-45eb-9ad8-9d704f7a3f43,2026-08-01T08:30:00Z,2026-08-01T10:30:00+0200,118.0,EUR/MWh,BE,BE,imbalance_price,Long,2026-08-03T03:49:42Z
2026-08-03T03:49:03Z,2026-08-03T05:49:03+0200,d815d4ad-795d-45eb-9ad8-9d704f7a3f43,2026-08-01T08:30:00Z,2026-08-01T10:30:00+0200,118.0,EUR/MWh,BE,BE,imbalance_price,Short,2026-08-03T03:49:42Z
2026-08-03T03:49:03Z,2026-08-03T05:49:03+0200,d815d4ad-795d-45eb-9ad8-9d704f7a3f43,2026-08-01T08:45:00Z,2026-08-01T10:45:00+0200,118.0,EUR/MWh,BE,BE,imbalance_price,Long,2026-08-03T03:49:42Z
2026-08-03T03:49:03Z,2026-08-03T05:49:03+0200,d815d4ad-795d-45eb-9ad8-9d704f7a3f43,2026-08-01T08:45:00Z,2026-08-01T10:45:00+0200,118.0,EUR/MWh,BE,BE,imbalance_price,Short,2026-08-03T03:49:42Z
2026-08-03T03:49:03Z,2026-08-03T05:49:03+0200,d815d4ad-795d-45eb-9ad8-9d704f7a3f43,2026-08-01T09:00:00Z,2026-08-01T11:00:00+0200,92.19,EUR/MWh,BE,BE,imbalance_price,Long,2026-08-03T03:49:42Z
2026-08-03T03:49:03Z,2026-08-03T05:49:03+0200,d815d4ad-795d-45eb-9ad8-9d704f7a3f43,2026-08-01T09:00:00Z,2026-08-01T11:00:00+0200,92.19,EUR/MWh,BE,BE,imbalance_price,Short,2026-08-03T03:49:42Z
2026-08-03T03:49:03Z,2026-08-03T05:49:03+0200,d815d4ad-795d-45eb-9ad8-9d704f7a3f43,2026-08-01T09:15:00Z,2026-08-01T11:15:00+0200,95.87,EUR/MWh,BE,BE,imbalance_price,Long,2026-08-03T03:49:42Z
2026-08-03T03:49:03Z,2026-08-03T05:49:03+0200,d815d4ad-795d-45eb-9ad8-9d704f7a3f43,2026-08-01T09:15:00Z,2026-08-01T11:15:00+0200,95.87,EUR/MWh,BE,BE,imbalance_price,Short,2026-08-03T03:49:42Z
2026-08-03T03:49:03Z,2026-08-03T05:49:03+0200,d815d4ad-795d-45eb-9ad8-9d704f7a3f43,2026-08-01T09:30:00Z,2026-08-01T11:30:00+0200,82.61,EUR/MWh,BE,BE,imbalance_price,Long,2026-08-03T03:49:42Z
2026-08-03T03:49:03Z,2026-08-03T05:49:03+0200,d815d4ad-795d-45eb-9ad8-9d704f7a3f43,2026-08-01T09:30:00Z,2026-08-01T11:30:00+0200,82.61,EUR/MWh,BE,BE,imbalance_price,Short,2026-08-03T03:49:42Z
2026-08-03T03:49:03Z,2026-08-03T05:49:03+0200,d815d4ad-795d-45eb-9ad8-9d704f7a3f43,2026-08-01T09:45:00Z,2026-08-01T11:45:00+0200,28.94,EUR/MWh,BE,BE,imbalance_price,Long,2026-08-03T03:49:42Z
2026-08-03T03:49:03Z,2026-08-03T05:49:03+0200,d815d4ad-795d-45eb-9ad8-9d704f7a3f43,2026-08-01T09:45:00Z,2026-08-01T11:45:00+0200,28.94,EUR/MWh,BE,BE,imbalance_price,Short,2026-08-03T03:49:42Z
2026-08-03T03:49:03Z,2026-08-03T05:49:03+0200,d815d4ad-795d-45eb-9ad8-9d704f7a3f43,2026-08-01T10:00:00Z,2026-08-01T12:00:00+0200,25.64,EUR/MWh,BE,BE,imbalance_price,Long,2026-08-03T03:49:42Z
2026-08-03T03:49:03Z,2026-08-03T05:49:03+0200,d815d4ad-795d-45eb-9ad8-9d704f7a3f43,2026-08-01T10:00:00Z,2026-08-01T12:00:00+0200,25.64,EUR/MWh,BE,BE,imbalance_price,Short,2026-08-03T03:49:42Z
2026-08-03T03:49:03Z,2026-08-03T05:49:03+0200,d815d4ad-795d-45eb-9ad8-9d704f7a3f43,2026-08-01T10:15:00Z,2026-08-01T12:15:00+0200,25.65,EUR/MWh,BE,BE,imbalance_price,Long,2026-08-03T03:49:42Z
2026-08-03T03:49:03Z,2026-08-03T05:49:03+0200,d815d4ad-795d-45eb-9ad8-9d704f7a3f43,2026-08-01T10:15:00Z,2026-08-01T12:15:00+0200,25.65,EUR/MWh,BE,BE,imbalance_price,Short,2026-08-03T03:49:42Z
2026-08-03T03:49:03Z,2026-08-03T05:49:03+0200,d815d4ad-795d-45eb-9ad8-9d704f7a3f43,2026-08-01T10:30:00Z,2026-08-01T12:30:00+0200,25.64,EUR/MWh,BE,BE,imbalance_price,Long,2026-08-03T03:49:42Z
2026-08-03T03:49:03Z,2026-08-03T05:49:03+0200,d815d4ad-795d-45eb-9ad8-9d704f7a3f43,2026-08-01T10:30:00Z,2026-08-01T12:30:00+0200,25.64,EUR/MWh,BE,BE,imbalance_price,Short,2026-08-03T03:49:42Z
2026-08-03T03:49:03Z,2026-08-03T05:49:03+0200,d815d4ad-795d-45eb-9ad8-9d704f7a3f43,2026-08-01T10:45:00Z,2026-08-01T12:45:00+0200,21.0,EUR/MWh,BE,BE,imbalance_price,Long,2026-08-03T03:49:42Z
2026-08-03T03:49:03Z,2026-08-03T05:49:03+0200,d815d4ad-795d-45eb-9ad8-9d704f7a3f43,2026-08-01T10:45:00Z,2026-08-01T12:45:00+0200,21.0,EUR/MWh,BE,BE,imbalance_price,Short,2026-08-03T03:49:42Z
2026-08-03T03:49:03Z,2026-08-03T05:49:03+0200,d815d4ad-795d-45eb-9ad8-9d704f7a3f43,2026-08-01T11:00:00Z,2026-08-01T13:00:00+0200,13.22,EUR/MWh,BE,BE,imbalance_price,Long,2026-08-03T03:49:42Z
2026-08-03T03:49:03Z,2026-08-03T05:49:03+0200,d815d4ad-795d-45eb-9ad8-9d704f7a3f43,2026-08-01T11:00:00Z,2026-08-01T13:00:00+0200,13.22,EUR/MWh,BE,BE,imbalance_price,Short,2026-08-03T03:49:42Z
2026-08-03T03:49:03Z,2026-08-03T05:49:03+0200,d815d4ad-795d-45eb-9ad8-9d704f7a3f43,2026-08-01T11:15:00Z,2026-08-01T13:15:00+0200,15.27,EUR/MWh,BE,BE,imbalance_price,Long,2026-08-03T03:49:42Z
2026-08-03T03:49:03Z,2026-08-03T05:49:03+0200,d815d4ad-795d-45eb-9ad8-9d704f7a3f43,2026-08-01T11:15:00Z,2026-08-01T13:15:00+0200,15.27,EUR/MWh,BE,BE,imbalance_price,Short,2026-08-03T03:49:42Z
2026-08-03T03:49:03Z,2026-08-03T05:49:03+0200,d815d4ad-795d-45eb-9ad8-9d704f7a3f43,2026-08-01T11:30:00Z,2026-08-01T13:30:00+0200,8.53,EUR/MWh,BE,BE,imbalance_price,Long,2026-08-03T03:49:42Z
2026-08-03T03:49:03Z,2026-08-03T05:49:03+0200,d815d4ad-795d-45eb-9ad8-9d704f7a3f43,2026-08-01T11:30:00Z,2026-08-01T13:30:00+0200,8.53,EUR/MWh,BE,BE,imbalance_price,Short,2026-08-03T03:49:42Z
2026-08-03T03:49:03Z,2026-08-03T05:49:03+0200,d815d4ad-795d-45eb-9ad8-9d704f7a3f43,2026-08-01T11:45:00Z,2026-08-01T13:45:00+0200,21.63,EUR/MWh,BE,BE,imbalance_price,Long,2026-08-03T03:49:42Z
2026-08-03T03:49:03Z,2026-08-03T05:49:03+0200,d815d4ad-795d-45eb-9ad8-9d704f7a3f43,2026-08-01T11:45:00Z,2026-08-01T13:45:00+0200,21.63,EUR/MWh,BE,BE,imbalance_price,Short,2026-08-03T03:49:42Z
2026-08-03T03:49:03Z,2026-08-03T05:49:03+0200,d815d4ad-795d-45eb-9ad8-9d704f7a3f43,2026-08-01T12:00:00Z,2026-08-01T14:00:00+0200,15.38,EUR/MWh,BE,BE,imbalance_price,Long,2026-08-03T03:49:42Z
2026-08-03T03:49:03Z,2026-08-03T05:49:03+0200,d815d4ad-795d-45eb-9ad8-9d704f7a3f43,2026-08-01T12:00:00Z,2026-08-01T14:00:00+0200,15.38,EUR/MWh,BE,BE,imbalance_price,Short,2026-08-03T03:49:42Z
2026-08-03T03:49:03Z,2026-08-03T05:49:03+0200,d815d4ad-795d-45eb-9ad8-9d704f7a3f43,2026-08-01T12:15:00Z,2026-08-01T14:15:00+0200,30.19,EUR/MWh,BE,BE,imbalance_price,Long,2026-08-03T03:49:42Z
2026-08-03T03:49:03Z,2026-08-03T05:49:03+0200,d815d4ad-795d-45eb-9ad8-9d704f7a3f43,2026-08-01T12:15:00Z,2026-08-01T14:15:00+0200,30.19,EUR/MWh,BE,BE,imbalance_price,Short,2026-08-03T03:49:42Z
2026-08-03T03:49:03Z,2026-08-03T05:49:03+0200,d815d4ad-795d-45eb-9ad8-9d704f7a3f43,2026-08-01T12:30:00Z,2026-08-01T14:30:00+0200,28.41,EUR/MWh,BE,BE,imbalance_price,Long,2026-08-03T03:49:42Z
2026-08-03T03:49:03Z,2026-08-03T05:49:03+0200,d815d4ad-795d-45eb-9ad8-9d704f7a3f43,2026-08-01T12:30:00Z,2026-08-01T14:30:00+0200,28.41,EUR/MWh,BE,BE,imbalance_price,Short,2026-08-03T03:49:42Z
2026-08-03T03:49:03Z,2026-08-03T05:49:03+0200,d815d4ad-795d-45eb-9ad8-9d704f7a3f43,2026-08-01T12:45:00Z,2026-08-01T14:45:00+0200,17.12,EUR/MWh,BE,BE,imbalance_price,Long,2026-08-03T03:49:42Z
2026-08-03T03:49:03Z,2026-08-03T05:49:03+0200,d815d4ad-795d-45eb-9ad8-9d704f7a3f43,2026-08-01T12:45:00Z,2026-08-01T14:45:00+0200,17.12,EUR/MWh,BE,BE,imbalance_price,Short,2026-08-03T03:49:42Z
2026-08-03T03:49:03Z,2026-08-03T05:49:03+0200,d815d4ad-795d-45eb-9ad8-9d704f7a3f43,2026-08-01T13:00:00Z,2026-08-01T15:00:00+0200,20.08,EUR/MWh,BE,BE,imbalance_price,Long,2026-08-03T03:49:42Z
2026-08-03T03:49:03Z,2026-08-03T05:49:03+0200,d815d4ad-795d-45eb-9ad8-9d704f7a3f43,2026-08-01T13:00:00Z,2026-08-01T15:00:00+0200,20.08,EUR/MWh,BE,BE,imbalance_price,Short,2026-08-03T03:49:42Z
2026-08-03T03:49:03Z,2026-08-03T05:49:03+0200,d815d4ad-795d-45eb-9ad8-9d704f7a3f43,2026-08-01T13:15:00Z,2026-08-01T15:15:00+0200,18.64,EUR/MWh,BE,BE,imbalance_price,Long,2026-08-03T03:49:42Z
2026-08-03T03:49:03Z,2026-08-03T05:49:03+0200,d815d4ad-795d-45eb-9ad8-9d704f7a3f43,2026-08-01T13:15:00Z,2026-08-01T15:15:00+0200,18.64,EUR/MWh,BE,BE,imbalance_price,Short,2026-08-03T03:49:42Z
2026-08-03T03:49:03Z,2026-08-03T05:49:03+0200,d815d4ad-795d-45eb-9ad8-9d704f7a3f43,2026-08-01T13:30:00Z,2026-08-01T15:30:00+0200,21.68,EUR/MWh,BE,BE,imbalance_price,Long,2026-08-03T03:49:42Z
2026-08-03T03:49:03Z,2026-08-03T05:49:03+0200,d815d4ad-795d-45eb-9ad8-9d704f7a3f43,2026-08-01T13:30:00Z,2026-08-01T15:30:00+0200,21.68,EUR/MWh,BE,BE,imbalance_price,Short,2026-08-03T03:49:42Z
2026-08-03T03:49:03Z,2026-08-03T05:49:03+0200,d815d4ad-795d-45eb-9ad8-9d704f7a3f43,2026-08-01T13:45:00Z,2026-08-01T15:45:00+0200,19.28,EUR/MWh,BE,BE,imbalance_price,Long,2026-08-03T03:49:42Z
2026-08-03T03:49:03Z,2026-08-03T05:49:03+0200,d815d4ad-795d-45eb-9ad8-9d704f7a3f43,2026-08-01T13:45:00Z,2026-08-01T15:45:00+0200,19.28,EUR/MWh,BE,BE,imbalance_price,Short,2026-08-03T03:49:42Z
2026-08-03T03:49:03Z,2026-08-03T05:49:03+0200,d815d4ad-795d-45eb-9ad8-9d704f7a3f43,2026-08-01T14:00:00Z,2026-08-01T16:00:00+0200,21.68,EUR/MWh,BE,BE,imbalance_price,Long,2026-08-03T03:49:42Z
2026-08-03T03:49:03Z,2026-08-03T05:49:03+0200,d815d4ad-795d-45eb-9ad8-9d704f7a3f43,2026-08-01T14:00:00Z,2026-08-01T16:00:00+0200,21.68,EUR/MWh,BE,BE,imbalance_price,Short,2026-08-03T03:49:42Z
2026-08-03T03:49:03Z,2026-08-03T05:49:03+0200,d815d4ad-795d-45eb-9ad8-9d704f7a3f43,2026-08-01T14:15:00Z,2026-08-01T16:15:00+0200,21.68,EUR/MWh,BE,BE,imbalance_price,Long,2026-08-03T03:49:42Z
2026-08-03T03:49:03Z,2026-08-03T05:49:03+0200,d815d4ad-795d-45eb-9ad8-9d704f7a3f43,2026-08-01T14:15:00Z,2026-08-01T16:15:00+0200,21.68,EUR/MWh,BE,BE,imbalance_price,Short,2026-08-03T03:49:42Z
2026-08-03T03:49:03Z,2026-08-03T05:49:03+0200,d815d4ad-795d-45eb-9ad8-9d704f7a3f43,2026-08-01T14:30:00Z,2026-08-01T16:30:00+0200,134.96,EUR/MWh,BE,BE,imbalance_price,Long,2026-08-03T03:49:42Z
2026-08-03T03:49:03Z,2026-08-03T05:49:03+0200,d815d4ad-795d-45eb-9ad8-9d704f7a3f43,2026-08-01T14:30:00Z,2026-08-01T16:30:00+0200,134.96,EUR/MWh,BE,BE,imbalance_price,Short,2026-08-03T03:49:42Z
2026-08-03T03:49:03Z,2026-08-03T05:49:03+0200,d815d4ad-795d-45eb-9ad8-9d704f7a3f43,2026-08-01T14:45:00Z,2026-08-01T16:45:00+0200,122.99,EUR/MWh,BE,BE,imbalance_price,Long,2026-08-03T03:49:42Z
2026-08-03T03:49:03Z,2026-08-03T05:49:03+0200,d815d4ad-795d-45eb-9ad8-9d704f7a3f43,2026-08-01T14:45:00Z,2026-08-01T16:45:00+0200,122.99,EUR/MWh,BE,BE,imbalance_price,Short,2026-08-03T03:49:42Z
2026-08-03T03:49:03Z,2026-08-03T05:49:03+0200,d815d4ad-795d-45eb-9ad8-9d704f7a3f43,2026-08-01T15:00:00Z,2026-08-01T17:00:00+0200,110.05,EUR/MWh,BE,BE,imbalance_price,Long,2026-08-03T03:49:42Z
2026-08-03T03:49:03Z,2026-08-03T05:49:03+0200,d815d4ad-795d-45eb-9ad8-9d704f7a3f43,2026-08-01T15:00:00Z,2026-08-01T17:00:00+0200,110.05,EUR/MWh,BE,BE,imbalance_price,Short,2026-08-03T03:49:42Z
2026-08-03T03:49:03Z,2026-08-03T05:49:03+0200,d815d4ad-795d-45eb-9ad8-9d704f7a3f43,2026-08-01T15:15:00Z,2026-08-01T17:15:00+0200,112.73,EUR/MWh,BE,BE,imbalance_price,Long,2026-08-03T03:49:42Z
2026-08-03T03:49:03Z,2026-08-03T05:49:03+0200,d815d4ad-795d-45eb-9ad8-9d704f7a3f43,2026-08-01T15:15:00Z,2026-08-01T17:15:00+0200,112.73,EUR/MWh,BE,BE,imbalance_price,Short,2026-08-03T03:49:42Z
2026-08-03T03:49:03Z,2026-08-03T05:49:03+0200,d815d4ad-795d-45eb-9ad8-9d704f7a3f43,2026-08-01T15:30:00Z,2026-08-01T17:30:00+0200,153.28,EUR/MWh,BE,BE,imbalance_price,Long,2026-08-03T03:49:42Z
2026-08-03T03:49:03Z,2026-08-03T05:49:03+0200,d815d4ad-795d-45eb-9ad8-9d704f7a3f43,2026-08-01T15:30:00Z,2026-08-01T17:30:00+0200,153.28,EUR/MWh,BE,BE,imbalance_price,Short,2026-08-03T03:49:42Z
2026-08-03T03:49:03Z,2026-08-03T05:49:03+0200,d815d4ad-795d-45eb-9ad8-9d704f7a3f43,2026-08-01T15:45:00Z,2026-08-01T17:45:00+0200,151.77,EUR/MWh,BE,BE,imbalance_price,Long,2026-08-03T03:49:42Z
2026-08-03T03:49:03Z,2026-08-03T05:49:03+0200,d815d4ad-795d-45eb-9ad8-9d704f7a3f43,2026-08-01T15:45:00Z,2026-08-01T17:45:00+0200,151.77,EUR/MWh,BE,BE,imbalance_price,Short,2026-08-03T03:49:42Z
2026-08-03T03:49:03Z,2026-08-03T05:49:03+0200,d815d4ad-795d-45eb-9ad8-9d704f7a3f43,2026-08-01T16:00:00Z,2026-08-01T18:00:00+0200,161.65,EUR/MWh,BE,BE,imbalance_price,Long,2026-08-03T03:49:42Z
2026-08-03T03:49:03Z,2026-08-03T05:49:03+0200,d815d4ad-795d-45eb-9ad8-9d704f7a3f43,2026-08-01T16:00:00Z,2026-08-01T18:00:00+0200,161.65,EUR/MWh,BE,BE,imbalance_price,Short,2026-08-03T03:49:42Z
2026-08-03T03:49:03Z,2026-08-03T05:49:03+0200,d815d4ad-795d-45eb-9ad8-9d704f7a3f43,2026-08-01T16:15:00Z,2026-08-01T18:15:00+0200,174.62,EUR/MWh,BE,BE,imbalance_price,Long,2026-08-03T03:49:42Z
2026-08-03T03:49:03Z,2026-08-03T05:49:03+0200,d815d4ad-795d-45eb-9ad8-9d704f7a3f43,2026-08-01T16:15:00Z,2026-08-01T18:15:00+0200,174.62,EUR/MWh,BE,BE,imbalance_price,Short,2026-08-03T03:49:42Z
2026-08-03T03:49:03Z,2026-08-03T05:49:03+0200,d815d4ad-795d-45eb-9ad8-9d704f7a3f43,2026-08-01T16:30:00Z,2026-08-01T18:30:00+0200,184.3,EUR/MWh,BE,BE,imbalance_price,Long,2026-08-03T03:49:42Z
2026-08-03T03:49:03Z,2026-08-03T05:49:03+0200,d815d4ad-795d-45eb-9ad8-9d704f7a3f43,2026-08-01T16:30:00Z,2026-08-01T18:30:00+0200,184.3,EUR/MWh,BE,BE,imbalance_price,Short,2026-08-03T03:49:42Z
2026-08-03T03:49:03Z,2026-08-03T05:49:03+0200,d815d4ad-795d-45eb-9ad8-9d704f7a3f43,2026-08-01T16:45:00Z,2026-08-01T18:45:00+0200,189.78,EUR/MWh,BE,BE,imbalance_price,Long,2026-08-03T03:49:42Z
2026-08-03T03:49:03Z,2026-08-03T05:49:03+0200,d815d4ad-795d-45eb-9ad8-9d704f7a3f43,2026-08-01T16:45:00Z,2026-08-01T18:45:00+0200,189.78,EUR/MWh,BE,BE,imbalance_price,Short,2026-08-03T03:49:42Z
2026-08-03T03:49:03Z,2026-08-03T05:49:03+0200,d815d4ad-795d-45eb-9ad8-9d704f7a3f43,2026-08-01T17:00:00Z,2026-08-01T19:00:00+0200,191.49,EUR/MWh,BE,BE,imbalance_price,Long,2026-08-03T03:49:42Z
2026-08-03T03:49:03Z,2026-08-03T05:49:03+0200,d815d4ad-795d-45eb-9ad8-9d704f7a3f43,2026-08-01T17:00:00Z,2026-08-01T19:00:00+0200,191.49,EUR/MWh,BE,BE,imbalance_price,Short,2026-08-03T03:49:42Z
2026-08-03T03:49:03Z,2026-08-03T05:49:03+0200,d815d4ad-795d-45eb-9ad8-9d704f7a3f43,2026-08-01T17:15:00Z,2026-08-01T19:15:00+0200,192.77,EUR/MWh,BE,BE,imbalance_price,Long,2026-08-03T03:49:42Z
2026-08-03T03:49:03Z,2026-08-03T05:49:03+0200,d815d4ad-795d-45eb-9ad8-9d704f7a3f43,2026-08-01T17:15:00Z,2026-08-01T19:15:00+0200,192.77,EUR/MWh,BE,BE,imbalance_price,Short,2026-08-03T03:49:42Z
2026-08-03T03:49:03Z,2026-08-03T05:49:03+0200,d815d4ad-795d-45eb-9ad8-9d704f7a3f43,2026-08-01T17:30:00Z,2026-08-01T19:30:00+0200,178.84,EUR/MWh,BE,BE,imbalance_price,Long,2026-08-03T03:49:42Z
2026-08-03T03:49:03Z,2026-08-03T05:49:03+0200,d815d4ad-795d-45eb-9ad8-9d704f7a3f43,2026-08-01T17:30:00Z,2026-08-01T19:30:00+0200,178.84,EUR/MWh,BE,BE,imbalance_price,Short,2026-08-03T03:49:42Z
2026-08-03T03:49:03Z,2026-08-03T05:49:03+0200,d815d4ad-795d-45eb-9ad8-9d704f7a3f43,2026-08-01T17:45:00Z,2026-08-01T19:45:00+0200,159.73,EUR/MWh,BE,BE,imbalance_price,Long,2026-08-03T03:49:42Z
2026-08-03T03:49:03Z,2026-08-03T05:49:03+0200,d815d4ad-795d-45eb-9ad8-9d704f7a3f43,2026-08-01T17:45:00Z,2026-08-01T19:45:00+0200,159.73,EUR/MWh,BE,BE,imbalance_price,Short,2026-08-03T03:49:42Z
2026-08-03T03:49:03Z,2026-08-03T05:49:03+0200,d815d4ad-795d-45eb-9ad8-9d704f7a3f43,2026-08-01T18:00:00Z,2026-08-01T20:00:00+0200,189.0,EUR/MWh,BE,BE,imbalance_price,Long,2026-08-03T03:49:42Z
2026-08-03T03:49:03Z,2026-08-03T05:49:03+0200,d815d4ad-795d-45eb-9ad8-9d704f7a3f43,2026-08-01T18:00:00Z,2026-08-01T20:00:00+0200,189.0,EUR/MWh,BE,BE,imbalance_price,Short,2026-08-03T03:49:42Z
2026-08-03T03:49:03Z,2026-08-03T05:49:03+0200,d815d4ad-795d-45eb-9ad8-9d704f7a3f43,2026-08-01T18:15:00Z,2026-08-01T20:15:00+0200,191.09,EUR/MWh,BE,BE,imbalance_price,Long,2026-08-03T03:49:42Z
2026-08-03T03:49:03Z,2026-08-03T05:49:03+0200,d815d4ad-795d-45eb-9ad8-9d704f7a3f43,2026-08-01T18:15:00Z,2026-08-01T20:15:00+0200,191.09,EUR/MWh,BE,BE,imbalance_price,Short,2026-08-03T03:49:42Z
2026-08-03T03:49:03Z,2026-08-03T05:49:03+0200,d815d4ad-795d-45eb-9ad8-9d704f7a3f43,2026-08-01T18:30:00Z,2026-08-01T20:30:00+0200,191.14,EUR/MWh,BE,BE,imbalance_price,Long,2026-08-03T03:49:42Z
2026-08-03T03:49:03Z,2026-08-03T05:49:03+0200,d815d4ad-795d-45eb-9ad8-9d704f7a3f43,2026-08-01T18:30:00Z,2026-08-01T20:30:00+0200,191.14,EUR/MWh,BE,BE,imbalance_price,Short,2026-08-03T03:49:42Z
2026-08-03T03:49:03Z,2026-08-03T05:49:03+0200,d815d4ad-795d-45eb-9ad8-9d704f7a3f43,2026-08-01T18:45:00Z,2026-08-01T20:45:00+0200,177.76,EUR/MWh,BE,BE,imbalance_price,Long,2026-08-03T03:49:42Z
2026-08-03T03:49:03Z,2026-08-03T05:49:03+0200,d815d4ad-795d-45eb-9ad8-9d704f7a3f43,2026-08-01T18:45:00Z,2026-08-01T20:45:00+0200,177.76,EUR/MWh,BE,BE,imbalance_price,Short,2026-08-03T03:49:42Z
2026-08-03T03:49:03Z,2026-08-03T05:49:03+0200,d815d4ad-795d-45eb-9ad8-9d704f7a3f43,2026-08-01T19:00:00Z,2026-08-01T21:00:00+0200,191.17,EUR/MWh,BE,BE,imbalance_price,Long,2026-08-03T03:49:42Z
2026-08-03T03:49:03Z,2026-08-03T05:49:03+0200,d815d4ad-795d-45eb-9ad8-9d704f7a3f43,2026-08-01T19:00:00Z,2026-08-01T21:00:00+0200,191.17,EUR/MWh,BE,BE,imbalance_price,Short,2026-08-03T03:49:42Z
2026-08-03T03:49:03Z,2026-08-03T05:49:03+0200,d815d4ad-795d-45eb-9ad8-9d704f7a3f43,2026-08-01T19:15:00Z,2026-08-01T21:15:00+0200,191.11,EUR/MWh,BE,BE,imbalance_price,Long,2026-08-03T03:49:42Z
2026-08-03T03:49:03Z,2026-08-03T05:49:03+0200,d815d4ad-795d-45eb-9ad8-9d704f7a3f43,2026-08-01T19:15:00Z,2026-08-01T21:15:00+0200,191.11,EUR/MWh,BE,BE,imbalance_price,Short,2026-08-03T03:49:42Z
2026-08-03T03:49:03Z,2026-08-03T05:49:03+0200,d815d4ad-795d-45eb-9ad8-9d704f7a3f43,2026-08-01T19:30:00Z,2026-08-01T21:30:00+0200,194.31,EUR/MWh,BE,BE,imbalance_price,Long,2026-08-03T03:49:42Z
2026-08-03T03:49:03Z,2026-08-03T05:49:03+0200,d815d4ad-795d-45eb-9ad8-9d704f7a3f43,2026-08-01T19:30:00Z,2026-08-01T21:30:00+0200,194.31,EUR/MWh,BE,BE,imbalance_price,Short,2026-08-03T03:49:42Z
2026-08-03T03:49:03Z,2026-08-03T05:49:03+0200,d815d4ad-795d-45eb-9ad8-9d704f7a3f43,2026-08-01T19:45:00Z,2026-08-01T21:45:00+0200,197.82,EUR/MWh,BE,BE,imbalance_price,Long,2026-08-03T03:49:42Z
2026-08-03T03:49:03Z,2026-08-03T05:49:03+0200,d815d4ad-795d-45eb-9ad8-9d704f7a3f43,2026-08-01T19:45:00Z,2026-08-01T21:45:00+0200,197.82,EUR/MWh,BE,BE,imbalance_price,Short,2026-08-03T03:49:42Z
2026-08-03T03:49:03Z,2026-08-03T05:49:03+0200,d815d4ad-795d-45eb-9ad8-9d704f7a3f43,2026-08-01T20:00:00Z,2026-08-01T22:00:00+0200,191.25,EUR/MWh,BE,BE,imbalance_price,Long,2026-08-03T03:49:42Z
2026-08-03T03:49:03Z,2026-08-03T05:49:03+0200,d815d4ad-795d-45eb-9ad8-9d704f7a3f43,2026-08-01T20:00:00Z,2026-08-01T22:00:00+0200,191.25,EUR/MWh,BE,BE,imbalance_price,Short,2026-08-03T03:49:42Z
2026-08-03T03:49:03Z,2026-08-03T05:49:03+0200,d815d4ad-795d-45eb-9ad8-9d704f7a3f43,2026-08-01T20:15:00Z,2026-08-01T22:15:00+0200,188.06,EUR/MWh,BE,BE,imbalance_price,Long,2026-08-03T03:49:42Z
2026-08-03T03:49:03Z,2026-08-03T05:49:03+0200,d815d4ad-795d-45eb-9ad8-9d704f7a3f43,2026-08-01T20:15:00Z,2026-08-01T22:15:00+0200,188.06,EUR/MWh,BE,BE,imbalance_price,Short,2026-08-03T03:49:42Z
2026-08-03T03:49:03Z,2026-08-03T05:49:03+0200,d815d4ad-795d-45eb-9ad8-9d704f7a3f43,2026-08-01T20:30:00Z,2026-08-01T22:30:00+0200,187.98,EUR/MWh,BE,BE,imbalance_price,Long,2026-08-03T03:49:42Z
2026-08-03T03:49:03Z,2026-08-03T05:49:03+0200,d815d4ad-795d-45eb-9ad8-9d704f7a3f43,2026-08-01T20:30:00Z,2026-08-01T22:30:00+0200,187.98,EUR/MWh,BE,BE,imbalance_price,Short,2026-08-03T03:49:42Z
2026-08-03T03:49:03Z,2026-08-03T05:49:03+0200,d815d4ad-795d-45eb-9ad8-9d704f7a3f43,2026-08-01T20:45:00Z,2026-08-01T22:45:00+0200,187.88,EUR/MWh,BE,BE,imbalance_price,Long,2026-08-03T03:49:42Z
2026-08-03T03:49:03Z,2026-08-03T05:49:03+0200,d815d4ad-795d-45eb-9ad8-9d704f7a3f43,2026-08-01T20:45:00Z,2026-08-01T22:45:00+0200,187.88,EUR/MWh,BE,BE,imbalance_price,Short,2026-08-03T03:49:42Z
2026-08-03T03:49:03Z,2026-08-03T05:49:03+0200,d815d4ad-795d-45eb-9ad8-9d704f7a3f43,2026-08-01T21:00:00Z,2026-08-01T23:00:00+0200,187.93,EUR/MWh,BE,BE,imbalance_price,Long,2026-08-03T03:49:42Z
2026-08-03T03:49:03Z,2026-08-03T05:49:03+0200,d815d4ad-795d-45eb-9ad8-9d704f7a3f43,2026-08-01T21:00:00Z,2026-08-01T23:00:00+0200,187.93,EUR/MWh,BE,BE,imbalance_price,Short,2026-08-03T03:49:42Z
2026-08-03T03:49:03Z,2026-08-03T05:49:03+0200,d815d4ad-795d-45eb-9ad8-9d704f7a3f43,2026-08-01T21:15:00Z,2026-08-01T23:15:00+0200,136.15,EUR/MWh,BE,BE,imbalance_price,Long,2026-08-03T03:49:42Z
2026-08-03T03:49:03Z,2026-08-03T05:49:03+0200,d815d4ad-795d-45eb-9ad8-9d704f7a3f43,2026-08-01T21:15:00Z,2026-08-01T23:15:00+0200,136.15,EUR/MWh,BE,BE,imbalance_price,Short,2026-08-03T03:49:42Z
2026-08-03T03:49:03Z,2026-08-03T05:49:03+0200,d815d4ad-795d-45eb-9ad8-9d704f7a3f43,2026-08-01T21:30:00Z,2026-08-01T23:30:00+0200,156.0,EUR/MWh,BE,BE,imbalance_price,Long,2026-08-03T03:49:42Z
2026-08-03T03:49:03Z,2026-08-03T05:49:03+0200,d815d4ad-795d-45eb-9ad8-9d704f7a3f43,2026-08-01T21:30:00Z,2026-08-01T23:30:00+0200,156.0,EUR/MWh,BE,BE,imbalance_price,Short,2026-08-03T03:49:42Z
2026-08-03T03:49:03Z,2026-08-03T05:49:03+0200,d815d4ad-795d-45eb-9ad8-9d704f7a3f43,2026-08-01T21:45:00Z,2026-08-01T23:45:00+0200,175.0,EUR/MWh,BE,BE,imbalance_price,Long,2026-08-03T03:49:42Z
2026-08-03T03:49:03Z,2026-08-03T05:49:03+0200,d815d4ad-795d-45eb-9ad8-9d704f7a3f43,2026-08-01T21:45:00Z,2026-08-01T23:45:00+0200,175.0,EUR/MWh,BE,BE,imbalance_price,Short,2026-08-03T03:49:42Z
2026-08-03T03:49:03Z,2026-08-03T05:49:03+0200,d815d4ad-795d-45eb-9ad8-9d704f7a3f43,2026-08-01T22:00:00Z,2026-08-02T00:00:00+0200,132.86,EUR/MWh,BE,BE,imbalance_price,Long,2026-08-03T03:49:42Z
2026-08-03T03:49:03Z,2026-08-03T05:49:03+0200,d815d4ad-795d-45eb-9ad8-9d704f7a3f43,2026-08-01T22:00:00Z,2026-08-02T00:00:00+0200,132.86,EUR/MWh,BE,BE,imbalance_price,Short,2026-08-03T03:49:42Z
2026-08-03T03:49:03Z,2026-08-03T05:49:03+0200,d815d4ad-795d-45eb-9ad8-9d704f7a3f43,2026-08-01T22:15:00Z,2026-08-02T00:15:00+0200,150.58,EUR/MWh,BE,BE,imbalance_price,Long,2026-08-03T03:49:42Z
2026-08-03T03:49:03Z,2026-08-03T05:49:03+0200,d815d4ad-795d-45eb-9ad8-9d704f7a3f43,2026-08-01T22:15:00Z,2026-08-02T00:15:00+0200,150.58,EUR/MWh,BE,BE,imbalance_price,Short,2026-08-03T03:49:42Z
2026-08-03T03:49:03Z,2026-08-03T05:49:03+0200,d815d4ad-795d-45eb-9ad8-9d704f7a3f43,2026-08-01T22:30:00Z,2026-08-02T00:30:00+0200,164.13,EUR/MWh,BE,BE,imbalance_price,Long,2026-08-03T03:49:42Z
2026-08-03T03:49:03Z,2026-08-03T05:49:03+0200,d815d4ad-795d-45eb-9ad8-9d704f7a3f43,2026-08-01T22:30:00Z,2026-08-02T00:30:00+0200,164.13,EUR/MWh,BE,BE,imbalance_price,Short,2026-08-03T03:49:42Z
2026-08-03T03:49:03Z,2026-08-03T05:49:03+0200,d815d4ad-795d-45eb-9ad8-9d704f7a3f43,2026-08-01T22:45:00Z,2026-08-02T00:45:00+0200,150.1,EUR/MWh,BE,BE,imbalance_price,Long,2026-08-03T03:49:42Z
2026-08-03T03:49:03Z,2026-08-03T05:49:03+0200,d815d4ad-795d-45eb-9ad8-9d704f7a3f43,2026-08-01T22:45:00Z,2026-08-02T00:45:00+0200,150.1,EUR/MWh,BE,BE,imbalance_price,Short,2026-08-03T03:49:42Z
2026-08-03T03:49:03Z,2026-08-03T05:49:03+0200,d815d4ad-795d-45eb-9ad8-9d704f7a3f43,2026-08-01T23:00:00Z,2026-08-02T01:00:00+0200,154.1,EUR/MWh,BE,BE,imbalance_price,Long,2026-08-03T03:49:42Z
2026-08-03T03:49:03Z,2026-08-03T05:49:03+0200,d815d4ad-795d-45eb-9ad8-9d704f7a3f43,2026-08-01T23:00:00Z,2026-08-02T01:00:00+0200,154.1,EUR/MWh,BE,BE,imbalance_price,Short,2026-08-03T03:49:42Z
2026-08-03T03:49:03Z,2026-08-03T05:49:03+0200,d815d4ad-795d-45eb-9ad8-9d704f7a3f43,2026-08-01T23:15:00Z,2026-08-02T01:15:00+0200,142.52,EUR/MWh,BE,BE,imbalance_price,Long,2026-08-03T03:49:42Z
2026-08-03T03:49:03Z,2026-08-03T05:49:03+0200,d815d4ad-795d-45eb-9ad8-9d704f7a3f43,2026-08-01T23:15:00Z,2026-08-02T01:15:00+0200,142.52,EUR/MWh,BE,BE,imbalance_price,Short,2026-08-03T03:49:42Z
2026-08-03T03:49:03Z,2026-08-03T05:49:03+0200,d815d4ad-795d-45eb-9ad8-9d704f7a3f43,2026-08-01T23:30:00Z,2026-08-02T01:30:00+0200,150.96,EUR/MWh,BE,BE,imbalance_price,Long,2026-08-03T03:49:42Z
2026-08-03T03:49:03Z,2026-08-03T05:49:03+0200,d815d4ad-795d-45eb-9ad8-9d704f7a3f43,2026-08-01T23:30:00Z,2026-08-02T01:30:00+0200,150.96,EUR/MWh,BE,BE,imbalance_price,Short,2026-08-03T03:49:42Z
2026-08-03T03:49:03Z,2026-08-03T05:49:03+0200,d815d4ad-795d-45eb-9ad8-9d704f7a3f43,2026-08-01T23:45:00Z,2026-08-02T01:45:00+0200,146.54,EUR/MWh,BE,BE,imbalance_price,Long,2026-08-03T03:49:42Z
2026-08-03T03:49:03Z,2026-08-03T05:49:03+0200,d815d4ad-795d-45eb-9ad8-9d704f7a3f43,2026-08-01T23:45:00Z,2026-08-02T01:45:00+0200,146.54,EUR/MWh,BE,BE,imbalance_price,Short,2026-08-03T03:49:42Z
2026-08-03T03:49:03Z,2026-08-03T05:49:03+0200,d815d4ad-795d-45eb-9ad8-9d704f7a3f43,2026-08-02T00:00:00Z,2026-08-02T02:00:00+0200,152.64,EUR/MWh,BE,BE,imbalance_price,Long,2026-08-03T03:49:42Z
2026-08-03T03:49:03Z,2026-08-03T05:49:03+0200,d815d4ad-795d-45eb-9ad8-9d704f7a3f43,2026-08-02T00:00:00Z,2026-08-02T02:00:00+0200,152.64,EUR/MWh,BE,BE,imbalance_price,Short,2026-08-03T03:49:42Z
2026-08-03T03:49:03Z,2026-08-03T05:49:03+0200,d815d4ad-795d-45eb-9ad8-9d704f7a3f43,2026-08-02T00:15:00Z,2026-08-02T02:15:00+0200,150.98,EUR/MWh,BE,BE,imbalance_price,Long,2026-08-03T03:49:42Z
2026-08-03T03:49:03Z,2026-08-03T05:49:03+0200,d815d4ad-795d-45eb-9ad8-9d704f7a3f43,2026-08-02T00:15:00Z,2026-08-02T02:15:00+0200,150.98,EUR/MWh,BE,BE,imbalance_price,Short,2026-08-03T03:49:42Z
2026-08-03T03:49:03Z,2026-08-03T05:49:03+0200,d815d4ad-795d-45eb-9ad8-9d704f7a3f43,2026-08-02T00:30:00Z,2026-08-02T02:30:00+0200,181.66,EUR/MWh,BE,BE,imbalance_price,Long,2026-08-03T03:49:42Z
2026-08-03T03:49:03Z,2026-08-03T05:49:03+0200,d815d4ad-795d-45eb-9ad8-9d704f7a3f43,2026-08-02T00:30:00Z,2026-08-02T02:30:00+0200,181.66,EUR/MWh,BE,BE,imbalance_price,Short,2026-08-03T03:49:42Z
2026-08-03T03:49:03Z,2026-08-03T05:49:03+0200,d815d4ad-795d-45eb-9ad8-9d704f7a3f43,2026-08-02T00:45:00Z,2026-08-02T02:45:00+0200,152.62,EUR/MWh,BE,BE,imbalance_price,Long,2026-08-03T03:49:42Z
2026-08-03T03:49:03Z,2026-08-03T05:49:03+0200,d815d4ad-795d-45eb-9ad8-9d704f7a3f43,2026-08-02T00:45:00Z,2026-08-02T02:45:00+0200,152.62,EUR/MWh,BE,BE,imbalance_price,Short,2026-08-03T03:49:42Z
2026-08-03T03:49:03Z,2026-08-03T05:49:03+0200,d815d4ad-795d-45eb-9ad8-9d704f7a3f43,2026-08-02T01:00:00Z,2026-08-02T03:00:00+0200,162.37,EUR/MWh,BE,BE,imbalance_price,Long,2026-08-03T03:49:42Z
2026-08-03T03:49:03Z,2026-08-03T05:49:03+0200,d815d4ad-795d-45eb-9ad8-9d704f7a3f43,2026-08-02T01:00:00Z,2026-08-02T03:00:00+0200,162.37,EUR/MWh,BE,BE,imbalance_price,Short,2026-08-03T03:49:42Z
2026-08-03T03:49:03Z,2026-08-03T05:49:03+0200,d815d4ad-795d-45eb-9ad8-9d704f7a3f43,2026-08-02T01:15:00Z,2026-08-02T03:15:00+0200,164.45,EUR/MWh,BE,BE,imbalance_price,Long,2026-08-03T03:49:42Z
2026-08-03T03:49:03Z,2026-08-03T05:49:03+0200,d815d4ad-795d-45eb-9ad8-9d704f7a3f43,2026-08-02T01:15:00Z,2026-08-02T03:15:00+0200,164.45,EUR/MWh,BE,BE,imbalance_price,Short,2026-08-03T03:49:42Z
2026-08-03T03:49:03Z,2026-08-03T05:49:03+0200,d815d4ad-795d-45eb-9ad8-9d704f7a3f43,2026-08-02T01:30:00Z,2026-08-02T03:30:00+0200,160.92,EUR/MWh,BE,BE,imbalance_price,Long,2026-08-03T03:49:42Z
2026-08-03T03:49:03Z,2026-08-03T05:49:03+0200,d815d4ad-795d-45eb-9ad8-9d704f7a3f43,2026-08-02T01:30:00Z,2026-08-02T03:30:00+0200,160.92,EUR/MWh,BE,BE,imbalance_price,Short,2026-08-03T03:49:42Z
2026-08-03T03:49:03Z,2026-08-03T05:49:03+0200,d815d4ad-795d-45eb-9ad8-9d704f7a3f43,2026-08-02T01:45:00Z,2026-08-02T03:45:00+0200,165.22,EUR/MWh,BE,BE,imbalance_price,Long,2026-08-03T03:49:42Z
2026-08-03T03:49:03Z,2026-08-03T05:49:03+0200,d815d4ad-795d-45eb-9ad8-9d704f7a3f43,2026-08-02T01:45:00Z,2026-08-02T03:45:00+0200,165.22,EUR/MWh,BE,BE,imbalance_price,Short,2026-08-03T03:49:42Z
2026-08-03T03:49:03Z,2026-08-03T05:49:03+0200,d815d4ad-795d-45eb-9ad8-9d704f7a3f43,2026-08-02T02:00:00Z,2026-08-02T04:00:00+0200,175.46,EUR/MWh,BE,BE,imbalance_price,Long,2026-08-03T03:49:42Z
2026-08-03T03:49:03Z,2026-08-03T05:49:03+0200,d815d4ad-795d-45eb-9ad8-9d704f7a3f43,2026-08-02T02:00:00Z,2026-08-02T04:00:00+0200,175.46,EUR/MWh,BE,BE,imbalance_price,Short,2026-08-03T03:49:42Z
2026-08-03T03:49:03Z,2026-08-03T05:49:03+0200,d815d4ad-795d-45eb-9ad8-9d704f7a3f43,2026-08-02T02:15:00Z,2026-08-02T04:15:00+0200,122.64,EUR/MWh,BE,BE,imbalance_price,Long,2026-08-03T03:49:42Z
2026-08-03T03:49:03Z,2026-08-03T05:49:03+0200,d815d4ad-795d-45eb-9ad8-9d704f7a3f43,2026-08-02T02:15:00Z,2026-08-02T04:15:00+0200,122.64,EUR/MWh,BE,BE,imbalance_price,Short,2026-08-03T03:49:42Z
2026-08-03T03:49:03Z,2026-08-03T05:49:03+0200,d815d4ad-795d-45eb-9ad8-9d704f7a3f43,2026-08-02T02:30:00Z,2026-08-02T04:30:00+0200,169.15,EUR/MWh,BE,BE,imbalance_price,Long,2026-08-03T03:49:42Z
2026-08-03T03:49:03Z,2026-08-03T05:49:03+0200,d815d4ad-795d-45eb-9ad8-9d704f7a3f43,2026-08-02T02:30:00Z,2026-08-02T04:30:00+0200,169.15,EUR/MWh,BE,BE,imbalance_price,Short,2026-08-03T03:49:42Z
2026-08-03T03:49:03Z,2026-08-03T05:49:03+0200,d815d4ad-795d-45eb-9ad8-9d704f7a3f43,2026-08-02T02:45:00Z,2026-08-02T04:45:00+0200,170.24,EUR/MWh,BE,BE,imbalance_price,Long,2026-08-03T03:49:42Z
2026-08-03T03:49:03Z,2026-08-03T05:49:03+0200,d815d4ad-795d-45eb-9ad8-9d704f7a3f43,2026-08-02T02:45:00Z,2026-08-02T04:45:00+0200,170.24,EUR/MWh,BE,BE,imbalance_price,Short,2026-08-03T03:49:42Z
2026-08-03T03:49:03Z,2026-08-03T05:49:03+0200,d815d4ad-795d-45eb-9ad8-9d704f7a3f43,2026-08-02T03:00:00Z,2026-08-02T05:00:00+0200,169.59,EUR/MWh,BE,BE,imbalance_price,Long,2026-08-03T03:49:42Z
2026-08-03T03:49:03Z,2026-08-03T05:49:03+0200,d815d4ad-795d-45eb-9ad8-9d704f7a3f43,2026-08-02T03:00:00Z,2026-08-02T05:00:00+0200,169.59,EUR/MWh,BE,BE,imbalance_price,Short,2026-08-03T03:49:42Z
2026-08-03T03:49:03Z,2026-08-03T05:49:03+0200,d815d4ad-795d-45eb-9ad8-9d704f7a3f43,2026-08-02T03:15:00Z,2026-08-02T05:15:00+0200,169.63,EUR/MWh,BE,BE,imbalance_price,Long,2026-08-03T03:49:42Z
2026-08-03T03:49:03Z,2026-08-03T05:49:03+0200,d815d4ad-795d-45eb-9ad8-9d704f7a3f43,2026-08-02T03:15:00Z,2026-08-02T05:15:00+0200,169.63,EUR/MWh,BE,BE,imbalance_price,Short,2026-08-03T03:49:42Z
2026-08-03T03:49:03Z,2026-08-03T05:49:03+0200,d815d4ad-795d-45eb-9ad8-9d704f7a3f43,2026-08-02T03:30:00Z,2026-08-02T05:30:00+0200,174.19,EUR/MWh,BE,BE,imbalance_price,Long,2026-08-03T03:49:42Z
2026-08-03T03:49:03Z,2026-08-03T05:49:03+0200,d815d4ad-795d-45eb-9ad8-9d704f7a3f43,2026-08-02T03:30:00Z,2026-08-02T05:30:00+0200,174.19,EUR/MWh,BE,BE,imbalance_price,Short,2026-08-03T03:49:42Z
2026-08-03T03:49:03Z,2026-08-03T05:49:03+0200,d815d4ad-795d-45eb-9ad8-9d704f7a3f43,2026-08-02T03:45:00Z,2026-08-02T05:45:00+0200,170.47,EUR/MWh,BE,BE,imbalance_price,Long,2026-08-03T03:49:42Z
2026-08-03T03:49:03Z,2026-08-03T05:49:03+0200,d815d4ad-795d-45eb-9ad8-9d704f7a3f43,2026-08-02T03:45:00Z,2026-08-02T05:45:00+0200,170.47,EUR/MWh,BE,BE,imbalance_price,Short,2026-08-03T03:49:42Z
2026-08-03T03:49:03Z,2026-08-03T05:49:03+0200,d815d4ad-795d-45eb-9ad8-9d704f7a3f43,2026-08-02T04:00:00Z,2026-08-02T06:00:00+0200,135.74,EUR/MWh,BE,BE,imbalance_price,Long,2026-08-03T03:49:42Z
2026-08-03T03:49:03Z,2026-08-03T05:49:03+0200,d815d4ad-795d-45eb-9ad8-9d704f7a3f43,2026-08-02T04:00:00Z,2026-08-02T06:00:00+0200,135.74,EUR/MWh,BE,BE,imbalance_price,Short,2026-08-03T03:49:42Z
2026-08-03T03:49:03Z,2026-08-03T05:49:03+0200,d815d4ad-795d-45eb-9ad8-9d704f7a3f43,2026-08-02T04:15:00Z,2026-08-02T06:15:00+0200,131.79,EUR/MWh,BE,BE,imbalance_price,Long,2026-08-03T03:49:42Z
2026-08-03T03:49:03Z,2026-08-03T05:49:03+0200,d815d4ad-795d-45eb-9ad8-9d704f7a3f43,2026-08-02T04:15:00Z,2026-08-02T06:15:00+0200,131.79,EUR/MWh,BE,BE,imbalance_price,Short,2026-08-03T03:49:42Z
2026-08-03T03:49:03Z,2026-08-03T05:49:03+0200,d815d4ad-795d-45eb-9ad8-9d704f7a3f43,2026-08-02T04:30:00Z,2026-08-02T06:30:00+0200,153.33,EUR/MWh,BE,BE,imbalance_price,Long,2026-08-03T03:49:42Z
2026-08-03T03:49:03Z,2026-08-03T05:49:03+0200,d815d4ad-795d-45eb-9ad8-9d704f7a3f43,2026-08-02T04:30:00Z,2026-08-02T06:30:00+0200,153.33,EUR/MWh,BE,BE,imbalance_price,Short,2026-08-03T03:49:42Z
2026-08-03T03:49:03Z,2026-08-03T05:49:03+0200,d815d4ad-795d-45eb-9ad8-9d704f7a3f43,2026-08-02T04:45:00Z,2026-08-02T06:45:00+0200,149.05,EUR/MWh,BE,BE,imbalance_price,Long,2026-08-03T03:49:42Z
2026-08-03T03:49:03Z,2026-08-03T05:49:03+0200,d815d4ad-795d-45eb-9ad8-9d704f7a3f43,2026-08-02T04:45:00Z,2026-08-02T06:45:00+0200,149.05,EUR/MWh,BE,BE,imbalance_price,Short,2026-08-03T03:49:42Z
2026-08-03T03:49:03Z,2026-08-03T05:49:03+0200,d815d4ad-795d-45eb-9ad8-9d704f7a3f43,2026-08-02T05:00:00Z,2026-08-02T07:00:00+0200,137.83,EUR/MWh,BE,BE,imbalance_price,Long,2026-08-03T03:49:42Z
2026-08-03T03:49:03Z,2026-08-03T05:49:03+0200,d815d4ad-795d-45eb-9ad8-9d704f7a3f43,2026-08-02T05:00:00Z,2026-08-02T07:00:00+0200,137.83,EUR/MWh,BE,BE,imbalance_price,Short,2026-08-03T03:49:42Z
2026-08-03T03:49:03Z,2026-08-03T05:49:03+0200,d815d4ad-795d-45eb-9ad8-9d704f7a3f43,2026-08-02T05:15:00Z,2026-08-02T07:15:00+0200,139.25,EUR/MWh,BE,BE,imbalance_price,Long,2026-08-03T03:49:42Z
2026-08-03T03:49:03Z,2026-08-03T05:49:03+0200,d815d4ad-795d-45eb-9ad8-9d704f7a3f43,2026-08-02T05:15:00Z,2026-08-02T07:15:00+0200,139.25,EUR/MWh,BE,BE,imbalance_price,Short,2026-08-03T03:49:42Z
2026-08-03T03:49:03Z,2026-08-03T05:49:03+0200,d815d4ad-795d-45eb-9ad8-9d704f7a3f43,2026-08-02T05:30:00Z,2026-08-02T07:30:00+0200,130.23,EUR/MWh,BE,BE,imbalance_price,Long,2026-08-03T03:49:42Z
2026-08-03T03:49:03Z,2026-08-03T05:49:03+0200,d815d4ad-795d-45eb-9ad8-9d704f7a3f43,2026-08-02T05:30:00Z,2026-08-02T07:30:00+0200,130.23,EUR/MWh,BE,BE,imbalance_price,Short,2026-08-03T03:49:42Z
2026-08-03T03:49:03Z,2026-08-03T05:49:03+0200,d815d4ad-795d-45eb-9ad8-9d704f7a3f43,2026-08-02T05:45:00Z,2026-08-02T07:45:00+0200,107.18,EUR/MWh,BE,BE,imbalance_price,Long,2026-08-03T03:49:42Z
2026-08-03T03:49:03Z,2026-08-03T05:49:03+0200,d815d4ad-795d-45eb-9ad8-9d704f7a3f43,2026-08-02T05:45:00Z,2026-08-02T07:45:00+0200,107.18,EUR/MWh,BE,BE,imbalance_price,Short,2026-08-03T03:49:42Z
2026-08-03T03:49:03Z,2026-08-03T05:49:03+0200,d815d4ad-795d-45eb-9ad8-9d704f7a3f43,2026-08-02T06:00:00Z,2026-08-02T08:00:00+0200,131.42,EUR/MWh,BE,BE,imbalance_price,Long,2026-08-03T03:49:42Z
2026-08-03T03:49:03Z,2026-08-03T05:49:03+0200,d815d4ad-795d-45eb-9ad8-9d704f7a3f43,2026-08-02T06:00:00Z,2026-08-02T08:00:00+0200,131.42,EUR/MWh,BE,BE,imbalance_price,Short,2026-08-03T03:49:42Z
2026-08-03T03:49:03Z,2026-08-03T05:49:03+0200,d815d4ad-795d-45eb-9ad8-9d704f7a3f43,2026-08-02T06:15:00Z,2026-08-02T08:15:00+0200,60.0,EUR/MWh,BE,BE,imbalance_price,Long,2026-08-03T03:49:42Z
2026-08-03T03:49:03Z,2026-08-03T05:49:03+0200,d815d4ad-795d-45eb-9ad8-9d704f7a3f43,2026-08-02T06:15:00Z,2026-08-02T08:15:00+0200,60.0,EUR/MWh,BE,BE,imbalance_price,Short,2026-08-03T03:49:42Z
2026-08-03T03:49:03Z,2026-08-03T05:49:03+0200,d815d4ad-795d-45eb-9ad8-9d704f7a3f43,2026-08-02T06:30:00Z,2026-08-02T08:30:00+0200,57.36,EUR/MWh,BE,BE,imbalance_price,Long,2026-08-03T03:49:42Z
2026-08-03T03:49:03Z,2026-08-03T05:49:03+0200,d815d4ad-795d-45eb-9ad8-9d704f7a3f43,2026-08-02T06:30:00Z,2026-08-02T08:30:00+0200,57.36,EUR/MWh,BE,BE,imbalance_price,Short,2026-08-03T03:49:42Z
2026-08-03T03:49:03Z,2026-08-03T05:49:03+0200,d815d4ad-795d-45eb-9ad8-9d704f7a3f43,2026-08-02T06:45:00Z,2026-08-02T08:45:00+0200,30.74,EUR/MWh,BE,BE,imbalance_price,Long,2026-08-03T03:49:42Z
2026-08-03T03:49:03Z,2026-08-03T05:49:03+0200,d815d4ad-795d-45eb-9ad8-9d704f7a3f43,2026-08-02T06:45:00Z,2026-08-02T08:45:00+0200,30.74,EUR/MWh,BE,BE,imbalance_price,Short,2026-08-03T03:49:42Z
2026-08-03T03:49:03Z,2026-08-03T05:49:03+0200,d815d4ad-795d-45eb-9ad8-9d704f7a3f43,2026-08-02T07:00:00Z,2026-08-02T09:00:00+0200,4.48,EUR/MWh,BE,BE,imbalance_price,Long,2026-08-03T03:49:42Z
2026-08-03T03:49:03Z,2026-08-03T05:49:03+0200,d815d4ad-795d-45eb-9ad8-9d704f7a3f43,2026-08-02T07:00:00Z,2026-08-02T09:00:00+0200,4.48,EUR/MWh,BE,BE,imbalance_price,Short,2026-08-03T03:49:42Z
2026-08-03T03:49:03Z,2026-08-03T05:49:03+0200,d815d4ad-795d-45eb-9ad8-9d704f7a3f43,2026-08-02T07:15:00Z,2026-08-02T09:15:00+0200,-4.55,EUR/MWh,BE,BE,imbalance_price,Long,2026-08-03T03:49:42Z
2026-08-03T03:49:03Z,2026-08-03T05:49:03+0200,d815d4ad-795d-45eb-9ad8-9d704f7a3f43,2026-08-02T07:15:00Z,2026-08-02T09:15:00+0200,-4.55,EUR/MWh,BE,BE,imbalance_price,Short,2026-08-03T03:49:42Z
2026-08-03T03:49:03Z,2026-08-03T05:49:03+0200,d815d4ad-795d-45eb-9ad8-9d704f7a3f43,2026-08-02T07:30:00Z,2026-08-02T09:30:00+0200,-47.55,EUR/MWh,BE,BE,imbalance_price,Long,2026-08-03T03:49:42Z
2026-08-03T03:49:03Z,2026-08-03T05:49:03+0200,d815d4ad-795d-45eb-9ad8-9d704f7a3f43,2026-08-02T07:30:00Z,2026-08-02T09:30:00+0200,-47.55,EUR/MWh,BE,BE,imbalance_price,Short,2026-08-03T03:49:42Z
2026-08-03T03:49:03Z,2026-08-03T05:49:03+0200,d815d4ad-795d-45eb-9ad8-9d704f7a3f43,2026-08-02T07:45:00Z,2026-08-02T09:45:00+0200,-29.77,EUR/MWh,BE,BE,imbalance_price,Long,2026-08-03T03:49:42Z
2026-08-03T03:49:03Z,2026-08-03T05:49:03+0200,d815d4ad-795d-45eb-9ad8-9d704f7a3f43,2026-08-02T07:45:00Z,2026-08-02T09:45:00+0200,-29.77,EUR/MWh,BE,BE,imbalance_price,Short,2026-08-03T03:49:42Z
2026-08-03T03:49:03Z,2026-08-03T05:49:03+0200,d815d4ad-795d-45eb-9ad8-9d704f7a3f43,2026-08-02T08:00:00Z,2026-08-02T10:00:00+0200,-24.57,EUR/MWh,BE,BE,imbalance_price,Long,2026-08-03T03:49:42Z
2026-08-03T03:49:03Z,2026-08-03T05:49:03+0200,d815d4ad-795d-45eb-9ad8-9d704f7a3f43,2026-08-02T08:00:00Z,2026-08-02T10:00:00+0200,-24.57,EUR/MWh,BE,BE,imbalance_price,Short,2026-08-03T03:49:42Z
2026-08-03T03:49:03Z,2026-08-03T05:49:03+0200,d815d4ad-795d-45eb-9ad8-9d704f7a3f43,2026-08-02T08:15:00Z,2026-08-02T10:15:00+0200,-36.37,EUR/MWh,BE,BE,imbalance_price,Long,2026-08-03T03:49:42Z
2026-08-03T03:49:03Z,2026-08-03T05:49:03+0200,d815d4ad-795d-45eb-9ad8-9d704f7a3f43,2026-08-02T08:15:00Z,2026-08-02T10:15:00+0200,-36.37,EUR/MWh,BE,BE,imbalance_price,Short,2026-08-03T03:49:42Z
2026-08-03T03:49:03Z,2026-08-03T05:49:03+0200,d815d4ad-795d-45eb-9ad8-9d704f7a3f43,2026-08-02T08:30:00Z,2026-08-02T10:30:00+0200,-45.47,EUR/MWh,BE,BE,imbalance_price,Long,2026-08-03T03:49:42Z
2026-08-03T03:49:03Z,2026-08-03T05:49:03+0200,d815d4ad-795d-45eb-9ad8-9d704f7a3f43,2026-08-02T08:30:00Z,2026-08-02T10:30:00+0200,-45.47,EUR/MWh,BE,BE,imbalance_price,Short,2026-08-03T03:49:42Z
2026-08-03T03:49:03Z,2026-08-03T05:49:03+0200,d815d4ad-795d-45eb-9ad8-9d704f7a3f43,2026-08-02T08:45:00Z,2026-08-02T10:45:00+0200,-47.99,EUR/MWh,BE,BE,imbalance_price,Long,2026-08-03T03:49:42Z
2026-08-03T03:49:03Z,2026-08-03T05:49:03+0200,d815d4ad-795d-45eb-9ad8-9d704f7a3f43,2026-08-02T08:45:00Z,2026-08-02T10:45:00+0200,-47.99,EUR/MWh,BE,BE,imbalance_price,Short,2026-08-03T03:49:42Z
2026-08-03T03:49:03Z,2026-08-03T05:49:03+0200,d815d4ad-795d-45eb-9ad8-9d704f7a3f43,2026-08-02T09:00:00Z,2026-08-02T11:00:00+0200,-16.8,EUR/MWh,BE,BE,imbalance_price,Long,2026-08-03T03:49:42Z
2026-08-03T03:49:03Z,2026-08-03T05:49:03+0200,d815d4ad-795d-45eb-9ad8-9d704f7a3f43,2026-08-02T09:00:00Z,2026-08-02T11:00:00+0200,-16.8,EUR/MWh,BE,BE,imbalance_price,Short,2026-08-03T03:49:42Z
2026-08-03T03:49:03Z,2026-08-03T05:49:03+0200,d815d4ad-795d-45eb-9ad8-9d704f7a3f43,2026-08-02T09:15:00Z,2026-08-02T11:15:00+0200,-29.69,EUR/MWh,BE,BE,imbalance_price,Long,2026-08-03T03:49:42Z
2026-08-03T03:49:03Z,2026-08-03T05:49:03+0200,d815d4ad-795d-45eb-9ad8-9d704f7a3f43,2026-08-02T09:15:00Z,2026-08-02T11:15:00+0200,-29.69,EUR/MWh,BE,BE,imbalance_price,Short,2026-08-03T03:49:42Z
2026-08-03T03:49:03Z,2026-08-03T05:49:03+0200,d815d4ad-795d-45eb-9ad8-9d704f7a3f43,2026-08-02T09:30:00Z,2026-08-02T11:30:00+0200,-33.21,EUR/MWh,BE,BE,imbalance_price,Long,2026-08-03T03:49:42Z
2026-08-03T03:49:03Z,2026-08-03T05:49:03+0200,d815d4ad-795d-45eb-9ad8-9d704f7a3f43,2026-08-02T09:30:00Z,2026-08-02T11:30:00+0200,-33.21,EUR/MWh,BE,BE,imbalance_price,Short,2026-08-03T03:49:42Z
2026-08-03T03:49:03Z,2026-08-03T05:49:03+0200,d815d4ad-795d-45eb-9ad8-9d704f7a3f43,2026-08-02T09:45:00Z,2026-08-02T11:45:00+0200,-28.51,EUR/MWh,BE,BE,imbalance_price,Long,2026-08-03T03:49:42Z
2026-08-03T03:49:03Z,2026-08-03T05:49:03+0200,d815d4ad-795d-45eb-9ad8-9d704f7a3f43,2026-08-02T09:45:00Z,2026-08-02T11:45:00+0200,-28.51,EUR/MWh,BE,BE,imbalance_price,Short,2026-08-03T03:49:42Z
2026-08-03T03:49:03Z,2026-08-03T05:49:03+0200,d815d4ad-795d-45eb-9ad8-9d704f7a3f43,2026-08-02T10:00:00Z,2026-08-02T12:00:00+0200,-23.11,EUR/MWh,BE,BE,imbalance_price,Long,2026-08-03T03:49:42Z
2026-08-03T03:49:03Z,2026-08-03T05:49:03+0200,d815d4ad-795d-45eb-9ad8-9d704f7a3f43,2026-08-02T10:00:00Z,2026-08-02T12:00:00+0200,-23.11,EUR/MWh,BE,BE,imbalance_price,Short,2026-08-03T03:49:42Z
2026-08-03T03:49:03Z,2026-08-03T05:49:03+0200,d815d4ad-795d-45eb-9ad8-9d704f7a3f43,2026-08-02T10:15:00Z,2026-08-02T12:15:00+0200,-19.18,EUR/MWh,BE,BE,imbalance_price,Long,2026-08-03T03:49:42Z
2026-08-03T03:49:03Z,2026-08-03T05:49:03+0200,d815d4ad-795d-45eb-9ad8-9d704f7a3f43,2026-08-02T10:15:00Z,2026-08-02T12:15:00+0200,-19.18,EUR/MWh,BE,BE,imbalance_price,Short,2026-08-03T03:49:42Z
2026-08-03T03:49:03Z,2026-08-03T05:49:03+0200,d815d4ad-795d-45eb-9ad8-9d704f7a3f43,2026-08-02T10:30:00Z,2026-08-02T12:30:00+0200,-25.36,EUR/MWh,BE,BE,imbalance_price,Long,2026-08-03T03:49:42Z
2026-08-03T03:49:03Z,2026-08-03T05:49:03+0200,d815d4ad-795d-45eb-9ad8-9d704f7a3f43,2026-08-02T10:30:00Z,2026-08-02T12:30:00+0200,-25.36,EUR/MWh,BE,BE,imbalance_price,Short,2026-08-03T03:49:42Z
2026-08-03T03:49:03Z,2026-08-03T05:49:03+0200,d815d4ad-795d-45eb-9ad8-9d704f7a3f43,2026-08-02T10:45:00Z,2026-08-02T12:45:00+0200,-16.81,EUR/MWh,BE,BE,imbalance_price,Long,2026-08-03T03:49:42Z
2026-08-03T03:49:03Z,2026-08-03T05:49:03+0200,d815d4ad-795d-45eb-9ad8-9d704f7a3f43,2026-08-02T10:45:00Z,2026-08-02T12:45:00+0200,-16.81,EUR/MWh,BE,BE,imbalance_price,Short,2026-08-03T03:49:42Z
2026-08-03T03:49:03Z,2026-08-03T05:49:03+0200,d815d4ad-795d-45eb-9ad8-9d704f7a3f43,2026-08-02T11:00:00Z,2026-08-02T13:00:00+0200,-14.91,EUR/MWh,BE,BE,imbalance_price,Long,2026-08-03T03:49:42Z
2026-08-03T03:49:03Z,2026-08-03T05:49:03+0200,d815d4ad-795d-45eb-9ad8-9d704f7a3f43,2026-08-02T11:00:00Z,2026-08-02T13:00:00+0200,-14.91,EUR/MWh,BE,BE,imbalance_price,Short,2026-08-03T03:49:42Z
2026-08-03T03:49:03Z,2026-08-03T05:49:03+0200,d815d4ad-795d-45eb-9ad8-9d704f7a3f43,2026-08-02T11:15:00Z,2026-08-02T13:15:00+0200,-18.13,EUR/MWh,BE,BE,imbalance_price,Long,2026-08-03T03:49:42Z
2026-08-03T03:49:03Z,2026-08-03T05:49:03+0200,d815d4ad-795d-45eb-9ad8-9d704f7a3f43,2026-08-02T11:15:00Z,2026-08-02T13:15:00+0200,-18.13,EUR/MWh,BE,BE,imbalance_price,Short,2026-08-03T03:49:42Z
2026-08-03T03:49:03Z,2026-08-03T05:49:03+0200,d815d4ad-795d-45eb-9ad8-9d704f7a3f43,2026-08-02T11:30:00Z,2026-08-02T13:30:00+0200,-23.88,EUR/MWh,BE,BE,imbalance_price,Long,2026-08-03T03:49:42Z
2026-08-03T03:49:03Z,2026-08-03T05:49:03+0200,d815d4ad-795d-45eb-9ad8-9d704f7a3f43,2026-08-02T11:30:00Z,2026-08-02T13:30:00+0200,-23.88,EUR/MWh,BE,BE,imbalance_price,Short,2026-08-03T03:49:42Z
2026-08-03T03:49:03Z,2026-08-03T05:49:03+0200,d815d4ad-795d-45eb-9ad8-9d704f7a3f43,2026-08-02T11:45:00Z,2026-08-02T13:45:00+0200,-21.87,EUR/MWh,BE,BE,imbalance_price,Long,2026-08-03T03:49:42Z
2026-08-03T03:49:03Z,2026-08-03T05:49:03+0200,d815d4ad-795d-45eb-9ad8-9d704f7a3f43,2026-08-02T11:45:00Z,2026-08-02T13:45:00+0200,-21.87,EUR/MWh,BE,BE,imbalance_price,Short,2026-08-03T03:49:42Z
2026-08-03T03:49:03Z,2026-08-03T05:49:03+0200,d815d4ad-795d-45eb-9ad8-9d704f7a3f43,2026-08-02T12:00:00Z,2026-08-02T14:00:00+0200,-27.5,EUR/MWh,BE,BE,imbalance_price,Long,2026-08-03T03:49:42Z
2026-08-03T03:49:03Z,2026-08-03T05:49:03+0200,d815d4ad-795d-45eb-9ad8-9d704f7a3f43,2026-08-02T12:00:00Z,2026-08-02T14:00:00+0200,-27.5,EUR/MWh,BE,BE,imbalance_price,Short,2026-08-03T03:49:42Z
2026-08-03T03:49:03Z,2026-08-03T05:49:03+0200,d815d4ad-795d-45eb-9ad8-9d704f7a3f43,2026-08-02T12:15:00Z,2026-08-02T14:15:00+0200,-24.83,EUR/MWh,BE,BE,imbalance_price,Long,2026-08-03T03:49:42Z
2026-08-03T03:49:03Z,2026-08-03T05:49:03+0200,d815d4ad-795d-45eb-9ad8-9d704f7a3f43,2026-08-02T12:15:00Z,2026-08-02T14:15:00+0200,-24.83,EUR/MWh,BE,BE,imbalance_price,Short,2026-08-03T03:49:42Z
2026-08-03T03:49:03Z,2026-08-03T05:49:03+0200,d815d4ad-795d-45eb-9ad8-9d704f7a3f43,2026-08-02T12:30:00Z,2026-08-02T14:30:00+0200,-13.91,EUR/MWh,BE,BE,imbalance_price,Long,2026-08-03T03:49:42Z
2026-08-03T03:49:03Z,2026-08-03T05:49:03+0200,d815d4ad-795d-45eb-9ad8-9d704f7a3f43,2026-08-02T12:30:00Z,2026-08-02T14:30:00+0200,-13.91,EUR/MWh,BE,BE,imbalance_price,Short,2026-08-03T03:49:42Z
2026-08-03T03:49:03Z,2026-08-03T05:49:03+0200,d815d4ad-795d-45eb-9ad8-9d704f7a3f43,2026-08-02T12:45:00Z,2026-08-02T14:45:00+0200,-13.85,EUR/MWh,BE,BE,imbalance_price,Long,2026-08-03T03:49:42Z
2026-08-03T03:49:03Z,2026-08-03T05:49:03+0200,d815d4ad-795d-45eb-9ad8-9d704f7a3f43,2026-08-02T12:45:00Z,2026-08-02T14:45:00+0200,-13.85,EUR/MWh,BE,BE,imbalance_price,Short,2026-08-03T03:49:42Z
2026-08-03T03:49:03Z,2026-08-03T05:49:03+0200,d815d4ad-795d-45eb-9ad8-9d704f7a3f43,2026-08-02T13:00:00Z,2026-08-02T15:00:00+0200,-23.37,EUR/MWh,BE,BE,imbalance_price,Long,2026-08-03T03:49:42Z
2026-08-03T03:49:03Z,2026-08-03T05:49:03+0200,d815d4ad-795d-45eb-9ad8-9d704f7a3f43,2026-08-02T13:00:00Z,2026-08-02T15:00:00+0200,-23.37,EUR/MWh,BE,BE,imbalance_price,Short,2026-08-03T03:49:42Z
2026-08-03T03:49:03Z,2026-08-03T05:49:03+0200,d815d4ad-795d-45eb-9ad8-9d704f7a3f43,2026-08-02T13:15:00Z,2026-08-02T15:15:00+0200,-27.37,EUR/MWh,BE,BE,imbalance_price,Long,2026-08-03T03:49:42Z
2026-08-03T03:49:03Z,2026-08-03T05:49:03+0200,d815d4ad-795d-45eb-9ad8-9d704f7a3f43,2026-08-02T13:15:00Z,2026-08-02T15:15:00+0200,-27.37,EUR/MWh,BE,BE,imbalance_price,Short,2026-08-03T03:49:42Z
2026-08-03T03:49:03Z,2026-08-03T05:49:03+0200,d815d4ad-795d-45eb-9ad8-9d704f7a3f43,2026-08-02T13:30:00Z,2026-08-02T15:30:00+0200,-51.83,EUR/MWh,BE,BE,imbalance_price,Long,2026-08-03T03:49:42Z
2026-08-03T03:49:03Z,2026-08-03T05:49:03+0200,d815d4ad-795d-45eb-9ad8-9d704f7a3f43,2026-08-02T13:30:00Z,2026-08-02T15:30:00+0200,-51.83,EUR/MWh,BE,BE,imbalance_price,Short,2026-08-03T03:49:42Z
2026-08-03T03:49:03Z,2026-08-03T05:49:03+0200,d815d4ad-795d-45eb-9ad8-9d704f7a3f43,2026-08-02T13:45:00Z,2026-08-02T15:45:00+0200,1.3,EUR/MWh,BE,BE,imbalance_price,Long,2026-08-03T03:49:42Z
2026-08-03T03:49:03Z,2026-08-03T05:49:03+0200,d815d4ad-795d-45eb-9ad8-9d704f7a3f43,2026-08-02T13:45:00Z,2026-08-02T15:45:00+0200,1.3,EUR/MWh,BE,BE,imbalance_price,Short,2026-08-03T03:49:42Z
2026-08-03T03:49:03Z,2026-08-03T05:49:03+0200,d815d4ad-795d-45eb-9ad8-9d704f7a3f43,2026-08-02T14:00:00Z,2026-08-02T16:00:00+0200,-50.03,EUR/MWh,BE,BE,imbalance_price,Long,2026-08-03T03:49:42Z
2026-08-03T03:49:03Z,2026-08-03T05:49:03+0200,d815d4ad-795d-45eb-9ad8-9d704f7a3f43,2026-08-02T14:00:00Z,2026-08-02T16:00:00+0200,-50.03,EUR/MWh,BE,BE,imbalance_price,Short,2026-08-03T03:49:42Z
2026-08-03T03:49:03Z,2026-08-03T05:49:03+0200,d815d4ad-795d-45eb-9ad8-9d704f7a3f43,2026-08-02T14:15:00Z,2026-08-02T16:15:00+0200,-7.17,EUR/MWh,BE,BE,imbalance_price,Long,2026-08-03T03:49:42Z
2026-08-03T03:49:03Z,2026-08-03T05:49:03+0200,d815d4ad-795d-45eb-9ad8-9d704f7a3f43,2026-08-02T14:15:00Z,2026-08-02T16:15:00+0200,-7.17,EUR/MWh,BE,BE,imbalance_price,Short,2026-08-03T03:49:42Z
2026-08-03T03:49:03Z,2026-08-03T05:49:03+0200,d815d4ad-795d-45eb-9ad8-9d704f7a3f43,2026-08-02T14:30:00Z,2026-08-02T16:30:00+0200,7.75,EUR/MWh,BE,BE,imbalance_price,Long,2026-08-03T03:49:42Z
2026-08-03T03:49:03Z,2026-08-03T05:49:03+0200,d815d4ad-795d-45eb-9ad8-9d704f7a3f43,2026-08-02T14:30:00Z,2026-08-02T16:30:00+0200,7.75,EUR/MWh,BE,BE,imbalance_price,Short,2026-08-03T03:49:42Z
2026-08-03T03:49:03Z,2026-08-03T05:49:03+0200,d815d4ad-795d-45eb-9ad8-9d704f7a3f43,2026-08-02T14:45:00Z,2026-08-02T16:45:00+0200,-14.35,EUR/MWh,BE,BE,imbalance_price,Long,2026-08-03T03:49:42Z
2026-08-03T03:49:03Z,2026-08-03T05:49:03+0200,d815d4ad-795d-45eb-9ad8-9d704f7a3f43,2026-08-02T14:45:00Z,2026-08-02T16:45:00+0200,-14.35,EUR/MWh,BE,BE,imbalance_price,Short,2026-08-03T03:49:42Z
2026-08-03T03:49:03Z,2026-08-03T05:49:03+0200,d815d4ad-795d-45eb-9ad8-9d704f7a3f43,2026-08-02T15:00:00Z,2026-08-02T17:00:00+0200,-7.1,EUR/MWh,BE,BE,imbalance_price,Long,2026-08-03T03:49:42Z
2026-08-03T03:49:03Z,2026-08-03T05:49:03+0200,d815d4ad-795d-45eb-9ad8-9d704f7a3f43,2026-08-02T15:00:00Z,2026-08-02T17:00:00+0200,-7.1,EUR/MWh,BE,BE,imbalance_price,Short,2026-08-03T03:49:42Z
2026-08-03T03:49:03Z,2026-08-03T05:49:03+0200,d815d4ad-795d-45eb-9ad8-9d704f7a3f43,2026-08-02T15:15:00Z,2026-08-02T17:15:00+0200,86.7,EUR/MWh,BE,BE,imbalance_price,Long,2026-08-03T03:49:42Z
2026-08-03T03:49:03Z,2026-08-03T05:49:03+0200,d815d4ad-795d-45eb-9ad8-9d704f7a3f43,2026-08-02T15:15:00Z,2026-08-02T17:15:00+0200,86.7,EUR/MWh,BE,BE,imbalance_price,Short,2026-08-03T03:49:42Z
2026-08-03T03:49:03Z,2026-08-03T05:49:03+0200,d815d4ad-795d-45eb-9ad8-9d704f7a3f43,2026-08-02T15:30:00Z,2026-08-02T17:30:00+0200,115.97,EUR/MWh,BE,BE,imbalance_price,Long,2026-08-03T03:49:42Z
2026-08-03T03:49:03Z,2026-08-03T05:49:03+0200,d815d4ad-795d-45eb-9ad8-9d704f7a3f43,2026-08-02T15:30:00Z,2026-08-02T17:30:00+0200,115.97,EUR/MWh,BE,BE,imbalance_price,Short,2026-08-03T03:49:42Z
2026-08-03T03:49:03Z,2026-08-03T05:49:03+0200,d815d4ad-795d-45eb-9ad8-9d704f7a3f43,2026-08-02T15:45:00Z,2026-08-02T17:45:00+0200,138.06,EUR/MWh,BE,BE,imbalance_price,Long,2026-08-03T03:49:42Z
2026-08-03T03:49:03Z,2026-08-03T05:49:03+0200,d815d4ad-795d-45eb-9ad8-9d704f7a3f43,2026-08-02T15:45:00Z,2026-08-02T17:45:00+0200,138.06,EUR/MWh,BE,BE,imbalance_price,Short,2026-08-03T03:49:42Z
2026-08-03T03:49:03Z,2026-08-03T05:49:03+0200,d815d4ad-795d-45eb-9ad8-9d704f7a3f43,2026-08-02T16:00:00Z,2026-08-02T18:00:00+0200,141.21,EUR/MWh,BE,BE,imbalance_price,Long,2026-08-03T03:49:42Z
2026-08-03T03:49:03Z,2026-08-03T05:49:03+0200,d815d4ad-795d-45eb-9ad8-9d704f7a3f43,2026-08-02T16:00:00Z,2026-08-02T18:00:00+0200,141.21,EUR/MWh,BE,BE,imbalance_price,Short,2026-08-03T03:49:42Z
2026-08-03T03:49:03Z,2026-08-03T05:49:03+0200,d815d4ad-795d-45eb-9ad8-9d704f7a3f43,2026-08-02T16:15:00Z,2026-08-02T18:15:00+0200,151.01,EUR/MWh,BE,BE,imbalance_price,Long,2026-08-03T03:49:42Z
2026-08-03T03:49:03Z,2026-08-03T05:49:03+0200,d815d4ad-795d-45eb-9ad8-9d704f7a3f43,2026-08-02T16:15:00Z,2026-08-02T18:15:00+0200,151.01,EUR/MWh,BE,BE,imbalance_price,Short,2026-08-03T03:49:42Z
2026-08-03T03:49:03Z,2026-08-03T05:49:03+0200,d815d4ad-795d-45eb-9ad8-9d704f7a3f43,2026-08-02T16:30:00Z,2026-08-02T18:30:00+0200,172.2,EUR/MWh,BE,BE,imbalance_price,Long,2026-08-03T03:49:42Z
2026-08-03T03:49:03Z,2026-08-03T05:49:03+0200,d815d4ad-795d-45eb-9ad8-9d704f7a3f43,2026-08-02T16:30:00Z,2026-08-02T18:30:00+0200,172.2,EUR/MWh,BE,BE,imbalance_price,Short,2026-08-03T03:49:42Z
2026-08-03T03:49:03Z,2026-08-03T05:49:03+0200,d815d4ad-795d-45eb-9ad8-9d704f7a3f43,2026-08-02T16:45:00Z,2026-08-02T18:45:00+0200,173.08,EUR/MWh,BE,BE,imbalance_price,Long,2026-08-03T03:49:42Z
2026-08-03T03:49:03Z,2026-08-03T05:49:03+0200,d815d4ad-795d-45eb-9ad8-9d704f7a3f43,2026-08-02T16:45:00Z,2026-08-02T18:45:00+0200,173.08,EUR/MWh,BE,BE,imbalance_price,Short,2026-08-03T03:49:42Z
2026-08-03T03:49:03Z,2026-08-03T05:49:03+0200,d815d4ad-795d-45eb-9ad8-9d704f7a3f43,2026-08-02T17:00:00Z,2026-08-02T19:00:00+0200,160.76,EUR/MWh,BE,BE,imbalance_price,Long,2026-08-03T03:49:42Z
2026-08-03T03:49:03Z,2026-08-03T05:49:03+0200,d815d4ad-795d-45eb-9ad8-9d704f7a3f43,2026-08-02T17:00:00Z,2026-08-02T19:00:00+0200,160.76,EUR/MWh,BE,BE,imbalance_price,Short,2026-08-03T03:49:42Z
2026-08-03T03:49:03Z,2026-08-03T05:49:03+0200,d815d4ad-795d-45eb-9ad8-9d704f7a3f43,2026-08-02T17:15:00Z,2026-08-02T19:15:00+0200,172.39,EUR/MWh,BE,BE,imbalance_price,Long,2026-08-03T03:49:42Z
2026-08-03T03:49:03Z,2026-08-03T05:49:03+0200,d815d4ad-795d-45eb-9ad8-9d704f7a3f43,2026-08-02T17:15:00Z,2026-08-02T19:15:00+0200,172.39,EUR/MWh,BE,BE,imbalance_price,Short,2026-08-03T03:49:42Z
2026-08-03T03:49:03Z,2026-08-03T05:49:03+0200,d815d4ad-795d-45eb-9ad8-9d704f7a3f43,2026-08-02T17:30:00Z,2026-08-02T19:30:00+0200,189.58,EUR/MWh,BE,BE,imbalance_price,Long,2026-08-03T03:49:42Z
2026-08-03T03:49:03Z,2026-08-03T05:49:03+0200,d815d4ad-795d-45eb-9ad8-9d704f7a3f43,2026-08-02T17:30:00Z,2026-08-02T19:30:00+0200,189.58,EUR/MWh,BE,BE,imbalance_price,Short,2026-08-03T03:49:42Z
2026-08-03T03:49:03Z,2026-08-03T05:49:03+0200,d815d4ad-795d-45eb-9ad8-9d704f7a3f43,2026-08-02T17:45:00Z,2026-08-02T19:45:00+0200,193.61,EUR/MWh,BE,BE,imbalance_price,Long,2026-08-03T03:49:42Z
2026-08-03T03:49:03Z,2026-08-03T05:49:03+0200,d815d4ad-795d-45eb-9ad8-9d704f7a3f43,2026-08-02T17:45:00Z,2026-08-02T19:45:00+0200,193.61,EUR/MWh,BE,BE,imbalance_price,Short,2026-08-03T03:49:42Z
2026-08-03T03:49:03Z,2026-08-03T05:49:03+0200,d815d4ad-795d-45eb-9ad8-9d704f7a3f43,2026-08-02T18:00:00Z,2026-08-02T20:00:00+0200,193.45,EUR/MWh,BE,BE,imbalance_price,Long,2026-08-03T03:49:42Z
2026-08-03T03:49:03Z,2026-08-03T05:49:03+0200,d815d4ad-795d-45eb-9ad8-9d704f7a3f43,2026-08-02T18:00:00Z,2026-08-02T20:00:00+0200,193.45,EUR/MWh,BE,BE,imbalance_price,Short,2026-08-03T03:49:42Z
2026-08-03T03:49:03Z,2026-08-03T05:49:03+0200,d815d4ad-795d-45eb-9ad8-9d704f7a3f43,2026-08-02T18:15:00Z,2026-08-02T20:15:00+0200,194.53,EUR/MWh,BE,BE,imbalance_price,Long,2026-08-03T03:49:42Z
2026-08-03T03:49:03Z,2026-08-03T05:49:03+0200,d815d4ad-795d-45eb-9ad8-9d704f7a3f43,2026-08-02T18:15:00Z,2026-08-02T20:15:00+0200,194.53,EUR/MWh,BE,BE,imbalance_price,Short,2026-08-03T03:49:42Z
2026-08-03T03:49:03Z,2026-08-03T05:49:03+0200,d815d4ad-795d-45eb-9ad8-9d704f7a3f43,2026-08-02T18:30:00Z,2026-08-02T20:30:00+0200,180.85,EUR/MWh,BE,BE,imbalance_price,Long,2026-08-03T03:49:42Z
2026-08-03T03:49:03Z,2026-08-03T05:49:03+0200,d815d4ad-795d-45eb-9ad8-9d704f7a3f43,2026-08-02T18:30:00Z,2026-08-02T20:30:00+0200,180.85,EUR/MWh,BE,BE,imbalance_price,Short,2026-08-03T03:49:42Z
2026-08-03T03:49:03Z,2026-08-03T05:49:03+0200,d815d4ad-795d-45eb-9ad8-9d704f7a3f43,2026-08-02T18:45:00Z,2026-08-02T20:45:00+0200,183.0,EUR/MWh,BE,BE,imbalance_price,Long,2026-08-03T03:49:42Z
2026-08-03T03:49:03Z,2026-08-03T05:49:03+0200,d815d4ad-795d-45eb-9ad8-9d704f7a3f43,2026-08-02T18:45:00Z,2026-08-02T20:45:00+0200,183.0,EUR/MWh,BE,BE,imbalance_price,Short,2026-08-03T03:49:42Z
2026-08-03T03:49:03Z,2026-08-03T05:49:03+0200,d815d4ad-795d-45eb-9ad8-9d704f7a3f43,2026-08-02T19:00:00Z,2026-08-02T21:00:00+0200,230.5,EUR/MWh,BE,BE,imbalance_price,Long,2026-08-03T03:49:42Z
2026-08-03T03:49:03Z,2026-08-03T05:49:03+0200,d815d4ad-795d-45eb-9ad8-9d704f7a3f43,2026-08-02T19:00:00Z,2026-08-02T21:00:00+0200,230.5,EUR/MWh,BE,BE,imbalance_price,Short,2026-08-03T03:49:42Z
2026-08-03T03:49:03Z,2026-08-03T05:49:03+0200,d815d4ad-795d-45eb-9ad8-9d704f7a3f43,2026-08-02T19:15:00Z,2026-08-02T21:15:00+0200,210.86,EUR/MWh,BE,BE,imbalance_price,Long,2026-08-03T03:49:42Z
2026-08-03T03:49:03Z,2026-08-03T05:49:03+0200,d815d4ad-795d-45eb-9ad8-9d704f7a3f43,2026-08-02T19:15:00Z,2026-08-02T21:15:00+0200,210.86,EUR/MWh,BE,BE,imbalance_price,Short,2026-08-03T03:49:42Z
2026-08-03T03:49:03Z,2026-08-03T05:49:03+0200,d815d4ad-795d-45eb-9ad8-9d704f7a3f43,2026-08-02T19:30:00Z,2026-08-02T21:30:00+0200,198.05,EUR/MWh,BE,BE,imbalance_price,Long,2026-08-03T03:49:42Z
2026-08-03T03:49:03Z,2026-08-03T05:49:03+0200,d815d4ad-795d-45eb-9ad8-9d704f7a3f43,2026-08-02T19:30:00Z,2026-08-02T21:30:00+0200,198.05,EUR/MWh,BE,BE,imbalance_price,Short,2026-08-03T03:49:42Z
2026-08-03T03:49:03Z,2026-08-03T05:49:03+0200,d815d4ad-795d-45eb-9ad8-9d704f7a3f43,2026-08-02T19:45:00Z,2026-08-02T21:45:00+0200,214.02,EUR/MWh,BE,BE,imbalance_price,Long,2026-08-03T03:49:42Z
2026-08-03T03:49:03Z,2026-08-03T05:49:03+0200,d815d4ad-795d-45eb-9ad8-9d704f7a3f43,2026-08-02T19:45:00Z,2026-08-02T21:45:00+0200,214.02,EUR/MWh,BE,BE,imbalance_price,Short,2026-08-03T03:49:42Z
2026-08-03T03:49:03Z,2026-08-03T05:49:03+0200,d815d4ad-795d-45eb-9ad8-9d704f7a3f43,2026-08-02T20:00:00Z,2026-08-02T22:00:00+0200,281.67,EUR/MWh,BE,BE,imbalance_price,Long,2026-08-03T03:49:42Z
2026-08-03T03:49:03Z,2026-08-03T05:49:03+0200,d815d4ad-795d-45eb-9ad8-9d704f7a3f43,2026-08-02T20:00:00Z,2026-08-02T22:00:00+0200,281.67,EUR/MWh,BE,BE,imbalance_price,Short,2026-08-03T03:49:42Z
2026-08-03T03:49:03Z,2026-08-03T05:49:03+0200,d815d4ad-795d-45eb-9ad8-9d704f7a3f43,2026-08-02T20:15:00Z,2026-08-02T22:15:00+0200,159.67,EUR/MWh,BE,BE,imbalance_price,Long,2026-08-03T03:49:42Z
2026-08-03T03:49:03Z,2026-08-03T05:49:03+0200,d815d4ad-795d-45eb-9ad8-9d704f7a3f43,2026-08-02T20:15:00Z,2026-08-02T22:15:00+0200,159.67,EUR/MWh,BE,BE,imbalance_price,Short,2026-08-03T03:49:42Z
2026-08-03T03:49:03Z,2026-08-03T05:49:03+0200,d815d4ad-795d-45eb-9ad8-9d704f7a3f43,2026-08-02T20:30:00Z,2026-08-02T22:30:00+0200,280.03,EUR/MWh,BE,BE,imbalance_price,Long,2026-08-03T03:49:42Z
2026-08-03T03:49:03Z,2026-08-03T05:49:03+0200,d815d4ad-795d-45eb-9ad8-9d704f7a3f43,2026-08-02T20:30:00Z,2026-08-02T22:30:00+0200,280.03,EUR/MWh,BE,BE,imbalance_price,Short,2026-08-03T03:49:42Z
2026-08-03T03:49:03Z,2026-08-03T05:49:03+0200,d815d4ad-795d-45eb-9ad8-9d704f7a3f43,2026-08-02T20:45:00Z,2026-08-02T22:45:00+0200,137.66,EUR/MWh,BE,BE,imbalance_price,Long,2026-08-03T03:49:42Z
2026-08-03T03:49:03Z,2026-08-03T05:49:03+0200,d815d4ad-795d-45eb-9ad8-9d704f7a3f43,2026-08-02T20:45:00Z,2026-08-02T22:45:00+0200,137.66,EUR/MWh,BE,BE,imbalance_price,Short,2026-08-03T03:49:42Z
2026-08-03T03:49:03Z,2026-08-03T05:49:03+0200,d815d4ad-795d-45eb-9ad8-9d704f7a3f43,2026-08-02T21:00:00Z,2026-08-02T23:00:00+0200,140.55,EUR/MWh,BE,BE,imbalance_price,Long,2026-08-03T03:49:42Z
2026-08-03T03:49:03Z,2026-08-03T05:49:03+0200,d815d4ad-795d-45eb-9ad8-9d704f7a3f43,2026-08-02T21:00:00Z,2026-08-02T23:00:00+0200,140.55,EUR/MWh,BE,BE,imbalance_price,Short,2026-08-03T03:49:42Z
2026-08-03T03:49:03Z,2026-08-03T05:49:03+0200,d815d4ad-795d-45eb-9ad8-9d704f7a3f43,2026-08-02T21:15:00Z,2026-08-02T23:15:00+0200,149.92,EUR/MWh,BE,BE,imbalance_price,Long,2026-08-03T03:49:42Z
2026-08-03T03:49:03Z,2026-08-03T05:49:03+0200,d815d4ad-795d-45eb-9ad8-9d704f7a3f43,2026-08-02T21:15:00Z,2026-08-02T23:15:00+0200,149.92,EUR/MWh,BE,BE,imbalance_price,Short,2026-08-03T03:49:42Z
2026-08-03T03:49:03Z,2026-08-03T05:49:03+0200,d815d4ad-795d-45eb-9ad8-9d704f7a3f43,2026-08-02T21:30:00Z,2026-08-02T23:30:00+0200,161.23,EUR/MWh,BE,BE,imbalance_price,Long,2026-08-03T03:49:42Z
2026-08-03T03:49:03Z,2026-08-03T05:49:03+0200,d815d4ad-795d-45eb-9ad8-9d704f7a3f43,2026-08-02T21:30:00Z,2026-08-02T23:30:00+0200,161.23,EUR/MWh,BE,BE,imbalance_price,Short,2026-08-03T03:49:42Z
2026-08-03T03:49:03Z,2026-08-03T05:49:03+0200,d815d4ad-795d-45eb-9ad8-9d704f7a3f43,2026-08-02T21:45:00Z,2026-08-02T23:45:00+0200,143.47,EUR/MWh,BE,BE,imbalance_price,Long,2026-08-03T03:49:42Z
2026-08-03T03:49:03Z,2026-08-03T05:49:03+0200,d815d4ad-795d-45eb-9ad8-9d704f7a3f43,2026-08-02T21:45:00Z,2026-08-02T23:45:00+0200,143.47,EUR/MWh,BE,BE,imbalance_price,Short,2026-08-03T03:49:42Z
2026-08-03T03:49:03Z,2026-08-03T05:49:03+0200,d815d4ad-795d-45eb-9ad8-9d704f7a3f43,2026-08-02T22:00:00Z,2026-08-03T00:00:00+0200,132.84,EUR/MWh,BE,BE,imbalance_price,Long,2026-08-03T03:49:42Z
2026-08-03T03:49:03Z,2026-08-03T05:49:03+0200,d815d4ad-795d-45eb-9ad8-9d704f7a3f43,2026-08-02T22:00:00Z,2026-08-03T00:00:00+0200,132.84,EUR/MWh,BE,BE,imbalance_price,Short,2026-08-03T03:49:42Z
2026-08-03T03:49:03Z,2026-08-03T05:49:03+0200,d815d4ad-795d-45eb-9ad8-9d704f7a3f43,2026-08-02T22:15:00Z,2026-08-03T00:15:00+0200,143.08,EUR/MWh,BE,BE,imbalance_price,Long,2026-08-03T03:49:42Z
2026-08-03T03:49:03Z,2026-08-03T05:49:03+0200,d815d4ad-795d-45eb-9ad8-9d704f7a3f43,2026-08-02T22:15:00Z,2026-08-03T00:15:00+0200,143.08,EUR/MWh,BE,BE,imbalance_price,Short,2026-08-03T03:49:42Z
2026-08-03T03:49:03Z,2026-08-03T05:49:03+0200,d815d4ad-795d-45eb-9ad8-9d704f7a3f43,2026-08-02T22:30:00Z,2026-08-03T00:30:00+0200,134.29,EUR/MWh,BE,BE,imbalance_price,Long,2026-08-03T03:49:42Z
2026-08-03T03:49:03Z,2026-08-03T05:49:03+0200,d815d4ad-795d-45eb-9ad8-9d704f7a3f43,2026-08-02T22:30:00Z,2026-08-03T00:30:00+0200,134.29,EUR/MWh,BE,BE,imbalance_price,Short,2026-08-03T03:49:42Z
2026-08-03T03:49:03Z,2026-08-03T05:49:03+0200,d815d4ad-795d-45eb-9ad8-9d704f7a3f43,2026-08-02T22:45:00Z,2026-08-03T00:45:00+0200,151.68,EUR/MWh,BE,BE,imbalance_price,Long,2026-08-03T03:49:42Z
2026-08-03T03:49:03Z,2026-08-03T05:49:03+0200,d815d4ad-795d-45eb-9ad8-9d704f7a3f43,2026-08-02T22:45:00Z,2026-08-03T00:45:00+0200,151.68,EUR/MWh,BE,BE,imbalance_price,Short,2026-08-03T03:49:42Z
2026-08-03T03:49:03Z,2026-08-03T05:49:03+0200,d815d4ad-795d-45eb-9ad8-9d704f7a3f43,2026-08-02T23:00:00Z,2026-08-03T01:00:00+0200,164.6,EUR/MWh,BE,BE,imbalance_price,Long,2026-08-03T03:49:42Z
2026-08-03T03:49:03Z,2026-08-03T05:49:03+0200,d815d4ad-795d-45eb-9ad8-9d704f7a3f43,2026-08-02T23:00:00Z,2026-08-03T01:00:00+0200,164.6,EUR/MWh,BE,BE,imbalance_price,Short,2026-08-03T03:49:42Z
2026-08-03T03:49:03Z,2026-08-03T05:49:03+0200,d815d4ad-795d-45eb-9ad8-9d704f7a3f43,2026-08-02T23:15:00Z,2026-08-03T01:15:00+0200,143.38,EUR/MWh,BE,BE,imbalance_price,Long,2026-08-03T03:49:42Z
2026-08-03T03:49:03Z,2026-08-03T05:49:03+0200,d815d4ad-795d-45eb-9ad8-9d704f7a3f43,2026-08-02T23:15:00Z,2026-08-03T01:15:00+0200,143.38,EUR/MWh,BE,BE,imbalance_price,Short,2026-08-03T03:49:42Z
2026-08-03T03:49:03Z,2026-08-03T05:49:03+0200,d815d4ad-795d-45eb-9ad8-9d704f7a3f43,2026-08-02T23:30:00Z,2026-08-03T01:30:00+0200,156.02,EUR/MWh,BE,BE,imbalance_price,Long,2026-08-03T03:49:42Z
2026-08-03T03:49:03Z,2026-08-03T05:49:03+0200,d815d4ad-795d-45eb-9ad8-9d704f7a3f43,2026-08-02T23:30:00Z,2026-08-03T01:30:00+0200,156.02,EUR/MWh,BE,BE,imbalance_price,Short,2026-08-03T03:49:42Z
2026-08-03T03:49:03Z,2026-08-03T05:49:03+0200,d815d4ad-795d-45eb-9ad8-9d704f7a3f43,2026-08-02T23:45:00Z,2026-08-03T01:45:00+0200,145.23,EUR/MWh,BE,BE,imbalance_price,Long,2026-08-03T03:49:42Z
2026-08-03T03:49:03Z,2026-08-03T05:49:03+0200,d815d4ad-795d-45eb-9ad8-9d704f7a3f43,2026-08-02T23:45:00Z,2026-08-03T01:45:00+0200,145.23,EUR/MWh,BE,BE,imbalance_price,Short,2026-08-03T03:49:42Z
2026-08-03T03:49:03Z,2026-08-03T05:49:03+0200,d815d4ad-795d-45eb-9ad8-9d704f7a3f43,2026-08-03T00:00:00Z,2026-08-03T02:00:00+0200,157.79,EUR/MWh,BE,BE,imbalance_price,Long,2026-08-03T03:49:42Z
2026-08-03T03:49:03Z,2026-08-03T05:49:03+0200,d815d4ad-795d-45eb-9ad8-9d704f7a3f43,2026-08-03T00:00:00Z,2026-08-03T02:00:00+0200,157.79,EUR/MWh,BE,BE,imbalance_price,Short,2026-08-03T03:49:42Z
2026-08-03T03:49:03Z,2026-08-03T05:49:03+0200,d815d4ad-795d-45eb-9ad8-9d704f7a3f43,2026-08-03T00:15:00Z,2026-08-03T02:15:00+0200,151.5,EUR/MWh,BE,BE,imbalance_price,Long,2026-08-03T03:49:42Z
2026-08-03T03:49:03Z,2026-08-03T05:49:03+0200,d815d4ad-795d-45eb-9ad8-9d704f7a3f43,2026-08-03T00:15:00Z,2026-08-03T02:15:00+0200,151.5,EUR/MWh,BE,BE,imbalance_price,Short,2026-08-03T03:49:42Z
2026-08-03T03:49:03Z,2026-08-03T05:49:03+0200,d815d4ad-795d-45eb-9ad8-9d704f7a3f43,2026-08-03T00:30:00Z,2026-08-03T02:30:00+0200,142.87,EUR/MWh,BE,BE,imbalance_price,Long,2026-08-03T03:49:42Z
2026-08-03T03:49:03Z,2026-08-03T05:49:03+0200,d815d4ad-795d-45eb-9ad8-9d704f7a3f43,2026-08-03T00:30:00Z,2026-08-03T02:30:00+0200,142.87,EUR/MWh,BE,BE,imbalance_price,Short,2026-08-03T03:49:42Z
2026-08-03T03:49:03Z,2026-08-03T05:49:03+0200,d815d4ad-795d-45eb-9ad8-9d704f7a3f43,2026-08-03T00:45:00Z,2026-08-03T02:45:00+0200,108.49,EUR/MWh,BE,BE,imbalance_price,Long,2026-08-03T03:49:42Z
2026-08-03T03:49:03Z,2026-08-03T05:49:03+0200,d815d4ad-795d-45eb-9ad8-9d704f7a3f43,2026-08-03T00:45:00Z,2026-08-03T02:45:00+0200,108.49,EUR/MWh,BE,BE,imbalance_price,Short,2026-08-03T03:49:42Z
2026-08-03T03:49:03Z,2026-08-03T05:49:03+0200,d815d4ad-795d-45eb-9ad8-9d704f7a3f43,2026-08-03T01:00:00Z,2026-08-03T03:00:00+0200,122.03,EUR/MWh,BE,BE,imbalance_price,Long,2026-08-03T03:49:42Z
2026-08-03T03:49:03Z,2026-08-03T05:49:03+0200,d815d4ad-795d-45eb-9ad8-9d704f7a3f43,2026-08-03T01:00:00Z,2026-08-03T03:00:00+0200,122.03,EUR/MWh,BE,BE,imbalance_price,Short,2026-08-03T03:49:42Z
2026-08-03T03:49:03Z,2026-08-03T05:49:03+0200,d815d4ad-795d-45eb-9ad8-9d704f7a3f43,2026-08-03T01:15:00Z,2026-08-03T03:15:00+0200,124.89,EUR/MWh,BE,BE,imbalance_price,Long,2026-08-03T03:49:42Z
2026-08-03T03:49:03Z,2026-08-03T05:49:03+0200,d815d4ad-795d-45eb-9ad8-9d704f7a3f43,2026-08-03T01:15:00Z,2026-08-03T03:15:00+0200,124.89,EUR/MWh,BE,BE,imbalance_price,Short,2026-08-03T03:49:42Z
2026-08-03T03:49:03Z,2026-08-03T05:49:03+0200,d815d4ad-795d-45eb-9ad8-9d704f7a3f43,2026-08-03T01:30:00Z,2026-08-03T03:30:00+0200,115.69,EUR/MWh,BE,BE,imbalance_price,Long,2026-08-03T03:49:42Z
2026-08-03T03:49:03Z,2026-08-03T05:49:03+0200,d815d4ad-795d-45eb-9ad8-9d704f7a3f43,2026-08-03T01:30:00Z,2026-08-03T03:30:00+0200,115.69,EUR/MWh,BE,BE,imbalance_price,Short,2026-08-03T03:49:42Z
2026-08-03T03:49:03Z,2026-08-03T05:49:03+0200,d815d4ad-795d-45eb-9ad8-9d704f7a3f43,2026-08-03T01:45:00Z,2026-08-03T03:45:00+0200,108.18,EUR/MWh,BE,BE,imbalance_price,Long,2026-08-03T03:49:42Z
2026-08-03T03:49:03Z,2026-08-03T05:49:03+0200,d815d4ad-795d-45eb-9ad8-9d704f7a3f43,2026-08-03T01:45:00Z,2026-08-03T03:45:00+0200,108.18,EUR/MWh,BE,BE,imbalance_price,Short,2026-08-03T03:49:42Z
2026-08-03T03:49:03Z,2026-08-03T05:49:03+0200,d815d4ad-795d-45eb-9ad8-9d704f7a3f43,2026-08-03T02:00:00Z,2026-08-03T04:00:00+0200,112.94,EUR/MWh,BE,BE,imbalance_price,Long,2026-08-03T03:49:42Z
2026-08-03T03:49:03Z,2026-08-03T05:49:03+0200,d815d4ad-795d-45eb-9ad8-9d704f7a3f43,2026-08-03T02:00:00Z,2026-08-03T04:00:00+0200,112.94,EUR/MWh,BE,BE,imbalance_price,Short,2026-08-03T03:49:42Z
2026-08-03T03:49:03Z,2026-08-03T05:49:03+0200,d815d4ad-795d-45eb-9ad8-9d704f7a3f43,2026-08-03T02:15:00Z,2026-08-03T04:15:00+0200,111.98,EUR/MWh,BE,BE,imbalance_price,Long,2026-08-03T03:49:42Z
2026-08-03T03:49:03Z,2026-08-03T05:49:03+0200,d815d4ad-795d-45eb-9ad8-9d704f7a3f43,2026-08-03T02:15:00Z,2026-08-03T04:15:00+0200,111.98,EUR/MWh,BE,BE,imbalance_price,Short,2026-08-03T03:49:42Z
2026-08-03T03:49:03Z,2026-08-03T05:49:03+0200,d815d4ad-795d-45eb-9ad8-9d704f7a3f43,2026-08-03T02:30:00Z,2026-08-03T04:30:00+0200,117.02,EUR/MWh,BE,BE,imbalance_price,Long,2026-08-03T03:49:42Z
2026-08-03T03:49:03Z,2026-08-03T05:49:03+0200,d815d4ad-795d-45eb-9ad8-9d704f7a3f43,2026-08-03T02:30:00Z,2026-08-03T04:30:00+0200,117.02,EUR/MWh,BE,BE,imbalance_price,Short,2026-08-03T03:49:42Z
2026-08-03T03:49:03Z,2026-08-03T05:49:03+0200,d815d4ad-795d-45eb-9ad8-9d704f7a3f43,2026-08-03T02:45:00Z,2026-08-03T04:45:00+0200,112.87,EUR/MWh,BE,BE,imbalance_price,Long,2026-08-03T03:49:42Z
2026-08-03T03:49:03Z,2026-08-03T05:49:03+0200,d815d4ad-795d-45eb-9ad8-9d704f7a3f43,2026-08-03T02:45:00Z,2026-08-03T04:45:00+0200,112.87,EUR/MWh,BE,BE,imbalance_price,Short,2026-08-03T03:49:42Z
2026-08-03T03:49:03Z,2026-08-03T05:49:03+0200,d815d4ad-795d-45eb-9ad8-9d704f7a3f43,2026-08-03T03:00:00Z,2026-08-03T05:00:00+0200,109.51,EUR/MWh,BE,BE,imbalance_price,Long,2026-08-03T03:49:42Z
2026-08-03T03:49:03Z,2026-08-03T05:49:03+0200,d815d4ad-795d-45eb-9ad8-9d704f7a3f43,2026-08-03T03:00:00Z,2026-08-03T05:00:00+0200,109.51,EUR/MWh,BE,BE,imbalance_price,Short,2026-08-03T03:49:42Z
2026-08-03T03:49:03Z,2026-08-03T05:49:03+0200,d815d4ad-795d-45eb-9ad8-9d704f7a3f43,2026-08-03T03:15:00Z,2026-08-03T05:15:00+0200,112.33,EUR/MWh,BE,BE,imbalance_price,Long,2026-08-03T03:49:42Z
2026-08-03T03:49:03Z,2026-08-03T05:49:03+0200,d815d4ad-795d-45eb-9ad8-9d704f7a3f43,2026-08-03T03:15:00Z,2026-08-03T05:15:00+0200,112.33,EUR/MWh,BE,BE,imbalance_price,Short,2026-08-03T03:49:42Z
2026-08-03T03:49:03Z,2026-08-03T05:49:03+0200,d815d4ad-795d-45eb-9ad8-9d704f7a3f43,2026-08-03T03:30:00Z,2026-08-03T05:30:00+0200,121.19,EUR/MWh,BE,BE,imbalance_price,Long,2026-08-03T03:49:42Z
2026-08-03T03:49:03Z,2026-08-03T05:49:03+0200,d815d4ad-795d-45eb-9ad8-9d704f7a3f43,2026-08-03T03:30:00Z,2026-08-03T05:30:00+0200,121.19,EUR/MWh,BE,BE,imbalance_price,Short,2026-08-03T03:49:42Z
