collection_time_utc,collection_time_local,run_id,timestamp_utc,timestamp_local,value,unit,country,entsoe_area,variable,source,updated_at_utc
2026-08-23T11:27:43Z,2026-08-23T13:27:43+0200,aa89dba4-771d-4653-9ac4-44e4858bfe00,2026-07-23T12:00:00Z,2026-07-23T14:00:00+0200,60.52,EUR/MWh,BE,BE,imbalance_price,Long,2026-08-23T11:28:30Z
2026-08-23T11:27:43Z,2026-08-23T13:27:43+0200,aa89dba4-771d-4653-9ac4-44e4858bfe00,2026-07-23T12:00:00Z,2026-07-23T14:00:00+0200,60.52,EUR/MWh,BE,BE,imbalance_price,Short,2026-08-23T11:28:30Z
2026-08-23T11:27:43Z,2026-08-23T13:27:43+0200,aa89dba4-771d-4653-9ac4-44e4858bfe00,2026-07-23T12:15:00Z,2026-07-23T14:15:00+0200,30.7,EUR/MWh,BE,BE,imbalance_price,Long,2026-08-23T11:28:30Z
2026-08-23T11:27:43Z,2026-08-23T13:27:43+0200,aa89dba4-771d-4653-9ac4-44e4858bfe00,2026-07-23T12:15:00Z,2026-07-23T14:15:00+0200,30.7,EUR/MWh,BE,BE,imbalance_price,Short,2026-08-23T11:28:30Z
2026-08-23T11:27:43Z,2026-08-23T13:27:43+0200,aa89dba4-771d-4653-9ac4-44e4858bfe00,2026-07-23T12:30:00Z,2026-07-23T14:30:00+0200,28.2,EUR/MWh,BE,BE,imbalance_price,Long,2026-08-23T11:28:30Z
2026-08-23T11:27:43Z,2026-08-23T13:27:43+0200,aa89dba4-771d-4653-9ac4-44e4858bfe00,2026-07-23T12:30:00Z,2026-07-23T14:30:00+0200,28.2,EUR/MWh,BE,BE,imbalance_price,Short,2026-08-23T11:28:30Z
2026-08-23T11:27:43Z,2026-08-23T13:27:43+0200,aa89dba4-771d-4653-9ac4-44e4858bfe00,2026-07-23T12:45:00Z,2026-07-23T14:45:00+0200,28.3,EUR/MWh,BE,BE,imbalance_price,Long,2026-08-23T11:28:30Z
2026-08-23T11:27:43Z,2026-08-23T13:27:43+0200,aa89dba4-771d-4653-9ac4-44e4858bfe00,2026-07-23T12:45:00Z,2026-07-23T14:45:00+0200,28.3,EUR/MWh,BE,BE,imbalance_price,Short,2026-08-23T11:28:30Z
2026-08-23T11:27:43Z,2026-08-23T13:27:43+0200,aa89dba4-771d-4653-9ac4-44e4858bfe00,2026-07-23T13:00:00Z,2026-07-23T15:00:00+0200,32.0,EUR/MWh,BE,BE,imbalance_price,Long,2026-08-23T11:28:30Z
2026-08-23T11:27:43Z,2026-08-23T13:27:43+0200,aa89dba4-771d-4653-9ac4-44e4858bfe00,2026-07-23T13:00:00Z,2026-07-23T15:00:00+0200,32.0,EUR/MWh,BE,BE,imbalance_price,Short,2026-08-23T11:28:30Z
2026-08-23T11:27:43Z,2026-08-23T13:27:43+0200,aa89dba4-771d-4653-9ac4-44e4858bfe00,2026-07-23T13:15:00Z,2026-07-23T15:15:00+0200,-12.7,EUR/MWh,BE,BE,imbalance_price,Long,2026-08-23T11:28:30Z
2026-08-23T11:27:43Z,2026-08-23T13:27:43+0200,aa89dba4-771d-4653-9ac4-44e4858bfe00,2026-07-23T13:15:00Z,2026-07-23T15:15:00+0200,-12.7,EUR/MWh,BE,BE,imbalance_price,Short,2026-08-23T11:28:30Z
2026-08-23T11:27:43Z,2026-08-23T13:27:43+0200,aa89dba4-771d-4653-9ac4-44e4858bfe00,2026-07-23T13:30:00Z,2026-07-23T15:30:00+0200,7.51,EUR/MWh,BE,BE,imbalance_price,Long,2026-08-23T11:28:30Z
2026-08-23T11:27:43Z,2026-08-23T13:27:43+0200,aa89dba4-771d-4653-9ac4-44e4858bfe00,2026-07-23T13:30:00Z,2026-07-23T15:30:00+0200,7.51,EUR/MWh,BE,BE,imbalance_price,Short,2026-08-23T11:28:30Z
2026-08-23T11:27:43Z,2026-08-23T13:27:43+0200,aa89dba4-771d-4653-9ac4-44e4858bfe00,2026-07-23T13:45:00Z,2026-07-23T15:45:00+0200,-2.95,EUR/MWh,BE,BE,imbalance_price,Long,2026-08-23T11:28:30Z
2026-08-23T11:27:43Z,2026-08-23T13:27:43+0200,aa89dba4-771d-4653-9ac4-44e4858bfe00,2026-07-23T13:45:00Z,2026-07-23T15:45:00+0200,-2.95,EUR/MWh,BE,BE,imbalance_price,Short,2026-08-23T11:28:30Z
2026-08-23T11:27:43Z,2026-08-23T13:27:43+0200,aa89dba4-771d-4653-9ac4-44e4858bfe00,2026-07-23T14:00:00Z,2026-07-23T16:00:00+0200,5.11,EUR/MWh,BE,BE,imbalance_price,Long,2026-08-23T11:28:30Z
2026-08-23T11:27:43Z,2026-08-23T13:27:43+0200,aa89dba4-771d-4653-9ac4-44e4858bfe00,2026-07-23T14:00:00Z,2026-07-23T16:00:00+0200,5.11,EUR/MWh,BE,BE,imbalance_price,Short,2026-08-23T11:28:30Z
2026-08-23T11:27:43Z,2026-08-23T13:27:43+0200,aa89dba4-771d-4653-9ac4-44e4858bfe00,2026-07-23T14:15:00Z,2026-07-23T16:15:00+0200,-7.78,EUR/MWh,BE,BE,imbalance_price,Long,2026-08-23T11:28:30Z
2026-08-23T11:27:43Z,2026-08-23T13:27:43+0200,aa89dba4-771d-4653-9ac4-44e4858bfe00,2026-07-23T14:15:00Z,2026-07-23T16:15:00+0200,-7.78,EUR/MWh,BE,BE,imbalance_price,Short,2026-08-23T11:28:30Z
2026-08-23T11:27:43Z,2026-08-23T13:27:43+0200,aa89dba4-771d-4653-9ac4-44e4858bfe00,2026-07-23T14:30:00Z,2026-07-23T16:30:00+0200,10.54,EUR/MWh,BE,BE,imbalance_price,Long,2026-08-23T11:28:30Z
2026-08-23T11:27:43Z,2026-08-23T13:27:43+0200,aa89dba4-771d-4653-9ac4-44e4858bfe00,2026-07-23T14:30:00Z,2026-07-23T16:30:00+0200,10.54,EUR/MWh,BE,BE,imbalance_price,Short,2026-08-23T11:28:30Z
2026-08-23T11:27:43Z,2026-08-23T13:27:43+0200,aa89dba4-771d-4653-9ac4-44e4858bfe00,2026-07-23T14:45:00Z,2026-07-23T16:45:00+0200,85.0,EUR/MWh,BE,BE,imbalance_price,Long,2026-08-23T11:28:30Z
2026-08-23T11:27:43Z,2026-08-23T13:27:43+0200,aa89dba4-771d-4653-9ac4-44e4858bfe00,2026-07-23T14:45:00Z,2026-07-23T16:45:00+0200,85.0,EUR/MWh,BE,BE,imbalance_price,Short,2026-08-23T11:28:30Z
2026-08-23T11:27:43Z,2026-08-23T13:27:43+0200,aa89dba4-771d-4653-9ac4-44e4858bfe00,2026-07-23T15:00:00Z,2026-07-23T17:00:00+0200,13.26,EUR/MWh,BE,BE,imbalance_price,Long,2026-08-23T11:28:30Z
2026-08-23T11:27:43Z,2026-08-23T13:27:43+0200,aa89dba4-771d-4653-9ac4-44e4858bfe00,2026-07-23T15:00:00Z,2026-07-23T17:00:00+0200,13.26,EUR/MWh,BE,BE,imbalance_price,Short,2026-08-23T11:28:30Z
2026-08-23T11:27:43Z,2026-08-23T13:27:43+0200,aa89dba4-771d-4653-9ac4-44e4858bfe00,2026-07-23T15:15:00Z,2026-07-23T17:15:00+0200,4.24,EUR/MWh,BE,BE,imbalance_price,Long,2026-08-23T11:28:30Z
2026-08-23T11:27:43Z,2026-08-23T13:27:43+0200,aa89dba4-771d-4653-9ac4-44e4858bfe00,2026-07-23T15:15:00Z,2026-07-23T17:15:00+0200,4.24,EUR/MWh,BE,BE,imbalance_price,Short,2026-08-23T11:28:30Z
2026-08-23T11:27:43Z,2026-08-23T13:27:43+0200,aa89dba4-771d-4653-9ac4-44e4858bfe00,2026-07-23T15:30:00Z,2026-07-23T17:30:00+0200,104.47,EUR/MWh,BE,BE,imbalance_price,Long,2026-08-23T11:28:30Z
2026-08-23T11:27:43Z,2026-08-23T13:27:43+0200,aa89dba4-771d-4653-9ac4-44e4858bfe00,2026-07-23T15:30:00Z,2026-07-23T17:30:00+0200,104.47,EUR/MWh,BE,BE,imbalance_price,Short,2026-08-23T11:28:30Z
2026-08-23T11:27:43Z,2026-08-23T13:27:43+0200,aa89dba4-771d-4653-9ac4-44e4858bfe00,2026-07-23T15:45:00Z,2026-07-23T17:45:00+0200,90.12,EUR/MWh,BE,BE,imbalance_price,Long,2026-08-23T11:28:30Z
2026-08-23T11:27:43Z,2026-08-23T13:27:43+0200,aa89dba4-771d-4653-9ac4-44e4858bfe00,2026-07-23T15:45:00Z,2026-07-23T17:45:00+0200,90.12,EUR/MWh,BE,BE,imbalance_price,Short,2026-08-23T11:28:30Z
2026-08-23T11:27:43Z,2026-08-23T13:27:43+0200,aa89dba4-771d-4653-9ac4-44e4858bfe00,2026-07-23T16:00:00Z,2026-07-23T18:00:00+0200,20.74,EUR/MWh,BE,BE,imbalance_price,Long,2026-08-23T11:28:30Z
2026-08-23T11:27:43Z,2026-08-23T13:27:43+0200,aa89dba4-771d-4653-9ac4-44e4858bfe00,2026-07-23T16:00:00Z,2026-07-23T18:00:00+0200,20.74,EUR/MWh,BE,BE,imbalance_price,Short,2026-08-23T11:28:30Z
2026-08-23T11:27:43Z,2026-08-23T13:27:43+0200,aa89dba4-771d-4653-9ac4-44e4858bfe00,2026-07-23T16:15:00Z,2026-07-23T18:15:00+0200,92.64,EUR/MWh,BE,BE,imbalance_price,Long,2026-08-23T11:28:30Z
2026-08-23T11:27:43Z,2026-08-23T13:27:43+0200,aa89dba4-771d-4653-9ac4-44e4858bfe00,2026-07-23T16:15:00Z,2026-07-23T18:15:00+0200,92.64,EUR/MWh,BE,BE,imbalance_price,Short,2026-08-23T11:28:30Z
2026-08-23T11:27:43Z,2026-08-23T13:27:43+0200,aa89dba4-771d-4653-9ac4-44e4858bfe00,2026-07-23T16:30:00Z,2026-07-23T18:30:00+0200,30.29,EUR/MWh,BE,BE,imbalance_price,Long,2026-08-23T11:28:30Z
2026-08-23T11:27:43Z,2026-08-23T13:27:43+0200,aa89dba4-771d-4653-9ac4-44e4858bfe00,2026-07-23T16:30:00Z,2026-07-23T18:30:00+0200,30.29,EUR/MWh,BE,BE,imbalance_price,Short,2026-08-23T11:28:30Z
2026-08-23T11:27:43Z,2026-08-23T13:27:43+0200,aa89dba4-771d-4653-9ac4-44e4858bfe00,2026-07-23T16:45:00Z,2026-07-23T18:45:00+0200,142.08,EUR/MWh,BE,BE,imbalance_price,Long,2026-08-23T11:28:30Z
2026-08-23T11:27:43Z,2026-08-23T13:27:43+0200,aa89dba4-771d-4653-9ac4-44e4858bfe00,2026-07-23T16:45:00Z,2026-07-23T18:45:00+0200,142.08,EUR/MWh,BE,BE,imbalance_price,Short,2026-08-23T11:28:30Z
2026-08-23T11:27:43Z,2026-08-23T13:27:43+0200,aa89dba4-771d-4653-9ac4-44e4858bfe00,2026-07-23T17:00:00Z,2026-07-23T19:00:00+0200,161.09,EUR/MWh,BE,BE,imbalance_price,Long,2026-08-23T11:28:30Z
2026-08-23T11:27:43Z,2026-08-23T13:27:43+0200,aa89dba4-771d-4653-9ac4-44e4858bfe00,2026-07-23T17:00:00Z,2026-07-23T19:00:00+0200,161.09,EUR/MWh,BE,BE,imbalance_price,Short,2026-08-23T11:28:30Z
2026-08-23T11:27:43Z,2026-08-23T13:27:43+0200,aa89dba4-771d-4653-9ac4-44e4858bfe00,2026-07-23T17:15:00Z,2026-07-23T19:15:00+0200,164.81,EUR/MWh,BE,BE,imbalance_price,Long,2026-08-23T11:28:30Z
2026-08-23T11:27:43Z,2026-08-23T13:27:43+0200,aa89dba4-771d-4653-9ac4-44e4858bfe00,2026-07-23T17:15:00Z,2026-07-23T19:15:00+0200,164.81,EUR/MWh,BE,BE,imbalance_price,Short,2026-08-23T11:28:30Z
2026-08-23T11:27:43Z,2026-08-23T13:27:43+0200,aa89dba4-771d-4653-9ac4-44e4858bfe00,2026-07-23T17:30:00Z,2026-07-23T19:30:00+0200,113.19,EUR/MWh,BE,BE,imbalance_price,Long,2026-08-23T11:28:30Z
2026-08-23T11:27:43Z,2026-08-23T13:27:43+0200,aa89dba4-771d-4653-9ac4-44e4858bfe00,2026-07-23T17:30:00Z,2026-07-23T19:30:00+0200,113.19,EUR/MWh,BE,BE,imbalance_price,Short,2026-08-23T11:28:30Z
2026-08-23T11:27:43Z,2026-08-23T13:27:43+0200,aa89dba4-771d-4653-9ac4-44e4858bfe00,2026-07-23T17:45:00Z,2026-07-23T19:45:00+0200,126.35,EUR/MWh,BE,BE,imbalance_price,Long,2026-08-23T11:28:30Z
2026-08-23T11:27:43Z,2026-08-23T13:27:43+0200,aa89dba4-771d-4653-9ac4-44e4858bfe00,2026-07-23T17:45:00Z,2026-07-23T19:45:00+0200,126.35,EUR/MWh,BE,BE,imbalance_price,Short,2026-08-23T11:28:30Z
2026-08-23T11:27:43Z,2026-08-23T13:27:43+0200,aa89dba4-771d-4653-9ac4-44e4858bfe00,2026-07-23T18:00:00Z,2026-07-23T20:00:00+0200,128.1,EUR/MWh,BE,BE,imbalance_price,Long,2026-08-23T11:28:30Z
2026-08-23T11:27:43Z,2026-08-23T13:27:43+0200,aa89dba4-771d-4653-9ac4-44e4858bfe00,2026-07-23T18:00:00Z,2026-07-23T20:00:00+0200,128.1,EUR/MWh,BE,BE,imbalance_price,Short,2026-08-23T11:28:30Z
2026-08-23T11:27:43Z,2026-08-23T13:27:43+0200,aa89dba4-771d-4653-9ac4-44e4858bfe00,2026-07-23T18:15:00Z,2026-07-23T20:15:00+0200,131.0,EUR/MWh,BE,BE,imbalance_price,Long,2026-08-23T11:28:30Z
2026-08-23T11:27:43Z,2026-08-23T13:27:43+0200,aa89dba4-771d-4653-9ac4-44e4858bfe00,2026-07-23T18:15:00Z,2026-07-23T20:15:00+0200,131.0,EUR/MWh,BE,BE,imbalance_price,Short,2026-08-23T11:28:30Z
2026-08-23T11:27:43Z,2026-08-23T13:27:43+0200,aa89dba4-771d-4653-9ac4-44e4858bfe00,2026-07-23T18:30:00Z,2026-07-23T20:30:00+0200,185.08,EUR/MWh,BE,BE,imbalance_price,Long,2026-08-23T11:28:30Z
2026-08-23T11:27:43Z,2026-08-23T13:27:43+0200,aa89dba4-771d-4653-9ac4-44e4858bfe00,2026-07-23T18:30:00Z,2026-07-23T20:30:00+0200,185.08,EUR/MWh,BE,BE,imbalance_price,Short,2026-08-23T11:28:30Z
2026-08-23T11:27:43Z,2026-08-23T13:27:43+0200,aa89dba4-771d-4653-9ac4-44e4858bfe00,2026-07-23T18:45:00Z,2026-07-23T20:45:00+0200,177.29,EUR/MWh,BE,BE,imbalance_price,Long,2026-08-23T11:28:30Z
2026-08-23T11:27:43Z,2026-08-23T13:27:43+0200,aa89dba4-771d-4653-9ac4-44e4858bfe00,2026-07-23T18:45:00Z,2026-07-23T20:45:00+0200,177.29,EUR/MWh,BE,BE,imbalance_price,Short,2026-08-23T11:28:30Z
2026-08-23T11:27:43Z,2026-08-23T13:27:43+0200,aa89dba4-771d-4653-9ac4-44e4858bfe00,2026-07-23T19:00:00Z,2026-07-23T21:00:00+0200,173.28,EUR/MWh,BE,BE,imbalance_price,Long,2026-08-23T11:28:30Z
2026-08-23T11:27:43Z,2026-08-23T13:27:43+0200,aa89dba4-771d-4653-9ac4-44e4858bfe00,2026-07-23T19:00:00Z,2026-07-23T21:00:00+0200,173.28,EUR/MWh,BE,BE,imbalance_price,Short,2026-08-23T11:28:30Z
2026-08-23T11:27:43Z,2026-08-23T13:27:43+0200,aa89dba4-771d-4653-9ac4-44e4858bfe00,2026-07-23T19:15:00Z,2026-07-23T21:15:00+0200,171.77,EUR/MWh,BE,BE,imbalance_price,Long,2026-08-23T11:28:30Z
2026-08-23T11:27:43Z,2026-08-23T13:27:43+0200,aa89dba4-771d-4653-9ac4-44e4858bfe00,2026-07-23T19:15:00Z,2026-07-23T21:15:00+0200,171.77,EUR/MWh,BE,BE,imbalance_price,Short,2026-08-23T11:28:30Z
2026-08-23T11:27:43Z,2026-08-23T13:27:43+0200,aa89dba4-771d-4653-9ac4-44e4858bfe00,2026-07-23T19:30:00Z,2026-07-23T21:30:00+0200,173.21,EUR/MWh,BE,BE,imbalance_price,Long,2026-08-23T11:28:30Z
2026-08-23T11:27:43Z,2026-08-23T13:27:43+0200,aa89dba4-771d-4653-9ac4-44e4858bfe00,2026-07-23T19:30:00Z,2026-07-23T21:30:00+0200,173.21,EUR/MWh,BE,BE,imbalance_price,Short,2026-08-23T11:28:30Z
2026-08-23T11:27:43Z,2026-08-23T13:27:43+0200,aa89dba4-771d-4653-9ac4-44e4858bfe00,2026-07-23T19:45:00Z,2026-07-23T21:45:00+0200,165.81,EUR/MWh,BE,BE,imbalance_price,Long,2026-08-23T11:28:30Z
2026-08-23T11:27:43Z,2026-08-23T13:27:43+0200,aa89dba4-771d-4653-9ac4-44e4858bfe00,2026-07-23T19:45:00Z,2026-07-23T21:45:00+0200,165.81,EUR/MWh,BE,BE,imbalance_price,Short,2026-08-23T11:28:30Z
2026-08-23T11:27:43Z,2026-08-23T13:27:43+0200,aa89dba4-771d-4653-9ac4-44e4858bfe00,2026-07-23T20:00:00Z,2026-07-23T22:00:00+0200,163.88,EUR/MWh,BE,BE,imbalance_price,Long,2026-08-23T11:28:30Z
2026-08-23T11:27:43Z,2026-08-23T13:27:43+0200,aa89dba4-771d-4653-9ac4-44e4858bfe00,2026-07-23T20:00:00Z,2026-07-23T22:00:00+0200,163.88,EUR/MWh,BE,BE,imbalance_price,Short,2026-08-23T11:28:30Z
2026-08-23T11:27:43Z,2026-08-23T13:27:43+0200,aa89dba4-771d-4653-9ac4-44e4858bfe00,2026-07-23T20:15:00Z,2026-07-23T22:15:00+0200,154.36,EUR/MWh,BE,BE,imbalance_price,Long,2026-08-23T11:28:30Z
2026-08-23T11:27:43Z,2026-08-23T13:27:43+0200,aa89dba4-771d-4653-9ac4-44e4858bfe00,2026-07-23T20:15:00Z,2026-07-23T22:15:00+0200,154.36,EUR/MWh,BE,BE,imbalance_price,Short,2026-08-23T11:28:30Z
2026-08-23T11:27:43Z,2026-08-23T13:27:43+0200,aa89dba4-771d-4653-9ac4-44e4858bfe00,2026-07-23T20:30:00Z,2026-07-23T22:30:00+0200,168.67,EUR/MWh,BE,BE,imbalance_price,Long,2026-08-23T11:28:30Z
2026-08-23T11:27:43Z,2026-08-23T13:27:43+0200,aa89dba4-771d-4653-9ac4-44e4858bfe00,2026-07-23T20:30:00Z,2026-07-23T22:30:00+0200,168.67,EUR/MWh,BE,BE,imbalance_price,Short,2026-08-23T11:28:30Z
2026-08-23T11:27:43Z,2026-08-23T13:27:43+0200,aa89dba4-771d-4653-9ac4-44e4858bfe00,2026-07-23T20:45:00Z,2026-07-23T22:45:00+0200,162.17,EUR/MWh,BE,BE,imbalance_price,Long,2026-08-23T11:28:30Z
2026-08-23T11:27:43Z,2026-08-23T13:27:43+0200,aa89dba4-771d-4653-9ac4-44e4858bfe00,2026-07-23T20:45:00Z,2026-07-23T22:45:00+0200,162.17,EUR/MWh,BE,BE,imbalance_price,Short,2026-08-23T11:28:30Z
2026-08-23T11:27:43Z,2026-08-23T13:27:43+0200,aa89dba4-771d-4653-9ac4-44e4858bfe00,2026-07-23T21:00:00Z,2026-07-23T23:00:00+0200,170.1,EUR/MWh,BE,BE,imbalance_price,Long,2026-08-23T11:28:30Z
2026-08-23T11:27:43Z,2026-08-23T13:27:43+0200,aa89dba4-771d-4653-9ac4-44e4858bfe00,2026-07-23T21:00:00Z,2026-07-23T23:00:00+0200,170.1,EUR/MWh,BE,BE,imbalance_price,Short,2026-08-23T11:28:30Z
2026-08-23T11:27:43Z,2026-08-23T13:27:43+0200,aa89dba4-771d-4653-9ac4-44e4858bfe00,2026-07-23T21:15:00Z,2026-07-23T23:15:00+0200,127.62,EUR/MWh,BE,BE,imbalance_price,Long,2026-08-23T11:28:30Z
2026-08-23T11:27:43Z,2026-08-23T13:27:43+0200,aa89dba4-771d-4653-9ac4-44e4858bfe00,2026-07-23T21:15:00Z,2026-07-23T23:15:00+0200,127.62,EUR/MWh,BE,BE,imbalance_price,Short,2026-08-23T11:28:30Z
2026-08-23T11:27:43Z,2026-08-23T13:27:43+0200,aa89dba4-771d-4653-9ac4-44e4858bfe00,2026-07-23T21:30:00Z,2026-07-23T23:30:00+0200,517.93,EUR/MWh,BE,BE,imbalance_price,Long,2026-08-23T11:28:30Z
2026-08-23T11:27:43Z,2026-08-23T13:27:43+0200,aa89dba4-771d-4653-9ac4-44e4858bfe00,2026-07-23T21:30:00Z,2026-07-23T23:30:00+0200,517.93,EUR/MWh,BE,BE,imbalance_price,Short,2026-08-23T11:28:30Z
2026-08-23T11:27:43Z,2026-08-23T13:27:43+0200,aa89dba4-771d-4653-9ac4-44e4858bfe00,2026-07-23T21:45:00Z,2026-07-23T23:45:00+0200,163.43,EUR/MWh,BE,BE,imbalance_price,Long,2026-08-23T11:28:30Z
2026-08-23T11:27:43Z,2026-08-23T13:27:43+0200,aa89dba4-771d-4653-9ac4-44e4858bfe00,2026-07-23T21:45:00Z,2026-07-23T23:45:00+0200,163.43,EUR/MWh,BE,BE,imbalance_price,Short,2026-08-23T11:28:30Z
2026-08-23T11:27:43Z,2026-08-23T13:27:43+0200,aa89dba4-771d-4653-9ac4-44e4858bfe00,2026-07-23T22:00:00Z,2026-07-24T00:00:00+0200,178.43,EUR/MWh,BE,BE,imbalance_price,Long,2026-08-23T11:28:30Z
2026-08-23T11:27:43Z,2026-08-23T13:27:43+0200,aa89dba4-771d-4653-9ac4-44e4858bfe00,2026-07-23T22:00:00Z,2026-07-24T00:00:00+0200,178.43,EUR/MWh,BE,BE,imbalance_price,Short,2026-08-23T11:28:30Z
2026-08-23T11:27:43Z,2026-08-23T13:27:43+0200,aa89dba4-771d-4653-9ac4-44e4858bfe00,2026-07-23T22:15:00Z,2026-07-24T00:15:00+0200,148.45,EUR/MWh,BE,BE,imbalance_price,Long,2026-08-23T11:28:30Z
2026-08-23T11:27:43Z,2026-08-23T13:27:43+0200,aa89dba4-771d-4653-9ac4-44e4858bfe00,2026-07-23T22:15:00Z,2026-07-24T00:15:00+0200,148.45,EUR/MWh,BE,BE,imbalance_price,Short,2026-08-23T11:28:30Z
2026-08-23T11:27:43Z,2026-08-23T13:27:43+0200,aa89dba4-771d-4653-9ac4-44e4858bfe00,2026-07-23T22:30:00Z,2026-07-24T00:30:00+0200,180.0,EUR/MWh,BE,BE,imbalance_price,Long,2026-08-23T11:28:30Z
2026-08-23T11:27:43Z,2026-08-23T13:27:43+0200,aa89dba4-771d-4653-9ac4-44e4858bfe00,2026-07-23T22:30:00Z,2026-07-24T00:30:00+0200,180.0,EUR/MWh,BE,BE,imbalance_price,Short,2026-08-23T11:28:30Z
2026-08-23T11:27:43Z,2026-08-23T13:27:43+0200,aa89dba4-771d-4653-9ac4-44e4858bfe00,2026-07-23T22:45:00Z,2026-07-24T00:45:00+0200,158.5,EUR/MWh,BE,BE,imbalance_price,Long,2026-08-23T11:28:30Z
2026-08-23T11:27:43Z,2026-08-23T13:27:43+0200,aa89dba4-771d-4653-9ac4-44e4858bfe00,2026-07-23T22:45:00Z,2026-07-24T00:45:00+0200,158.5,EUR/MWh,BE,BE,imbalance_price,Short,2026-08-23T11:28:30Z
2026-08-23T11:27:43Z,2026-08-23T13:27:43+0200,aa89dba4-771d-4653-9ac4-44e4858bfe00,2026-07-23T23:00:00Z,2026-07-24T01:00:00+0200,159.71,EUR/MWh,BE,BE,imbalance_price,Long,2026-08-23T11:28:30Z
2026-08-23T11:27:43Z,2026-08-23T13:27:43+0200,aa89dba4-771d-4653-9ac4-44e4858bfe00,2026-07-23T23:00:00Z,2026-07-24T01:00:00+0200,159.71,EUR/MWh,BE,BE,imbalance_price,Short,2026-08-23T11:28:30Z
2026-08-23T11:27:43Z,2026-08-23T13:27:43+0200,aa89dba4-771d-4653-9ac4-44e4858bfe00,2026-07-23T23:15:00Z,2026-07-24T01:15:00+0200,157.21,EUR/MWh,BE,BE,imbalance_price,Long,2026-08-23T11:28:30Z
2026-08-23T11:27:43Z,2026-08-23T13:27:43+0200,aa89dba4-771d-4653-9ac4-44e4858bfe00,2026-07-23T23:15:00Z,2026-07-24T01:15:00+0200,157.21,EUR/MWh,BE,BE,imbalance_price,Short,2026-08-23T11:28:30Z
2026-08-23T11:27:43Z,2026-08-23T13:27:43+0200,aa89dba4-771d-4653-9ac4-44e4858bfe00,2026-07-23T23:30:00Z,2026-07-24T01:30:00+0200,154.71,EUR/MWh,BE,BE,imbalance_price,Long,2026-08-23T11:28:30Z
2026-08-23T11:27:43Z,2026-08-23T13:27:43+0200,aa89dba4-771d-4653-9ac4-44e4858bfe00,2026-07-23T23:30:00Z,2026-07-24T01:30:00+0200,154.71,EUR/MWh,BE,BE,imbalance_price,Short,2026-08-23T11:28:30Z
2026-08-23T11:27:43Z,2026-08-23T13:27:43+0200,aa89dba4-771d-4653-9ac4-44e4858bfe00,2026-07-23T23:45:00Z,2026-07-24T01:45:00+0200,142.45,EUR/MWh,BE,BE,imbalance_price,Long,2026-08-23T11:28:30Z
2026-08-23T11:27:43Z,2026-08-23T13:27:43+0200,aa89dba4-771d-4653-9ac4-44e4858bfe00,2026-07-23T23:45:00Z,2026-07-24T01:45:00+0200,142.45,EUR/MWh,BE,BE,imbalance_price,Short,2026-08-23T11:28:30Z
2026-08-23T11:27:43Z,2026-08-23T13:27:43+0200,aa89dba4-771d-4653-9ac4-44e4858bfe00,2026-07-24T00:00:00Z,2026-07-24T02:00:00+0200,155.4,EUR/MWh,BE,BE,imbalance_price,Long,2026-08-23T11:28:30Z
2026-08-23T11:27:43Z,2026-08-23T13:27:43+0200,aa89dba4-771d-4653-9ac4-44e4858bfe00,2026-07-24T00:00:00Z,2026-07-24T02:00:00+0200,155.4,EUR/MWh,BE,BE,imbalance_price,Short,2026-08-23T11:28:30Z
2026-08-23T11:27:43Z,2026-08-23T13:27:43+0200,aa89dba4-771d-4653-9ac4-44e4858bfe00,2026-07-24T00:15:00Z,2026-07-24T02:15:00+0200,152.14,EUR/MWh,BE,BE,imbalance_price,Long,2026-08-23T11:28:30Z
2026-08-23T11:27:43Z,2026-08-23T13:27:43+0200,aa89dba4-771d-4653-9ac4-44e4858bfe00,2026-07-24T00:15:00Z,2026-07-24T02:15:00+0200,152.14,EUR/MWh,BE,BE,imbalance_price,Short,2026-08-23T11:28:30Z
2026-08-23T11:27:43Z,2026-08-23T13:27:43+0200,aa89dba4-771d-4653-9ac4-44e4858bfe00,2026-07-24T00:30:00Z,2026-07-24T02:30:00+0200,151.06,EUR/MWh,BE,BE,imbalance_price,Long,2026-08-23T11:28:30Z
2026-08-23T11:27:43Z,2026-08-23T13:27:43+0200,aa89dba4-771d-4653-9ac4-44e4858bfe00,2026-07-24T00:30:00Z,2026-07-24T02:30:00+0200,151.06,EUR/MWh,BE,BE,imbalance_price,Short,2026-08-23T11:28:30Z
2026-08-23T11:27:43Z,2026-08-23T13:27:43+0200,aa89dba4-771d-4653-9ac4-44e4858bfe00,2026-07-24T00:45:00Z,2026-07-24T02:45:00+0200,151.38,EUR/MWh,BE,BE,imbalance_price,Long,2026-08-23T11:28:30Z
2026-08-23T11:27:43Z,2026-08-23T13:27:43+0200,aa89dba4-771d-4653-9ac4-44e4858bfe00,2026-07-24T00:45:00Z,2026-07-24T02:45:00+0200,151.38,EUR/MWh,BE,BE,imbalance_price,Short,2026-08-23T11:28:30Z
2026-08-23T11:27:43Z,2026-08-23T13:27:43+0200,aa89dba4-771d-4653-9ac4-44e4858bfe00,2026-07-24T01:00:00Z,2026-07-24T03:00:00+0200,147.13,EUR/MWh,BE,BE,imbalance_price,Long,2026-08-23T11:28:30Z
2026-08-23T11:27:43Z,2026-08-23T13:27:43+0200,aa89dba4-771d-4653-9ac4-44e4858bfe00,2026-07-24T01:00:00Z,2026-07-24T03:00:00+0200,147.13,EUR/MWh,BE,BE,imbalance_price,Short,2026-08-23T11:28:30Z
2026-08-23T11:27:43Z,2026-08-23T13:27:43+0200,aa89dba4-771d-4653-9ac4-44e4858bfe00,2026-07-24T01:15:00Z,2026-07-24T03:15:00+0200,156.81,EUR/MWh,BE,BE,imbalance_price,Long,2026-08-23T11:28:30Z
2026-08-23T11:27:43Z,2026-08-23T13:27:43+0200,aa89dba4-771d-4653-9ac4-44e4858bfe00,2026-07-24T01:15:00Z,2026-07-24T03:15:00+0200,156.81,EUR/MWh,BE,BE,imbalance_price,Short,2026-08-23T11:28:30Z
2026-08-23T11:27:43Z,2026-08-23T13:27:43+0200,aa89dba4-771d-4653-9ac4-44e4858bfe00,2026-07-24T01:30:00Z,2026-07-24T03:30:00+0200,171.58,EUR/MWh,BE,BE,imbalance_price,Long,2026-08-23T11:28:30Z
2026-08-23T11:27:43Z,2026-08-23T13:27:43+0200,aa89dba4-771d-4653-9ac4-44e4858bfe00,2026-07-24T01:30:00Z,2026-07-24T03:30:00+0200,171.58,EUR/MWh,BE,BE,imbalance_price,Short,2026-08-23T11:28:30Z
2026-08-23T11:27:43Z,2026-08-23T13:27:43+0200,aa89dba4-771d-4653-9ac4-44e4858bfe00,2026-07-24T01:45:00Z,2026-07-24T03:45:00+0200,149.63,EUR/MWh,BE,BE,imbalance_price,Long,2026-08-23T11:28:30Z
2026-08-23T11:27:43Z,2026-08-23T13:27:43+0200,aa89dba4-771d-4653-9ac4-44e4858bfe00,2026-07-24T01:45:00Z,2026-07-24T03:45:00+0200,149.63,EUR/MWh,BE,BE,imbalance_price,Short,2026-08-23T11:28:30Z
2026-08-23T11:27:43Z,2026-08-23T13:27:43+0200,aa89dba4-771d-4653-9ac4-44e4858bfe00,2026-07-24T02:00:00Z,2026-07-24T04:00:00+0200,155.04,EUR/MWh,BE,BE,imbalance_price,Long,2026-08-23T11:28:30Z
2026-08-23T11:27:43Z,2026-08-23T13:27:43+0200,aa89dba4-771d-4653-9ac4-44e4858bfe00,2026-07-24T02:00:00Z,2026-07-24T04:00:00+0200,155.04,EUR/MWh,BE,BE,imbalance_price,Short,2026-08-23T11:28:30Z
2026-08-23T11:27:43Z,2026-08-23T13:27:43+0200,aa89dba4-771d-4653-9ac4-44e4858bfe00,2026-07-24T02:15:00Z,2026-07-24T04:15:00+0200,149.36,EUR/MWh,BE,BE,imbalance_price,Long,2026-08-23T11:28:30Z
2026-08-23T11:27:43Z,2026-08-23T13:27:43+0200,aa89dba4-771d-4653-9ac4-44e4858bfe00,2026-07-24T02:15:00Z,2026-07-24T04:15:00+0200,149.36,EUR/MWh,BE,BE,imbalance_price,Short,2026-08-23T11:28:30Z
2026-08-23T11:27:43Z,2026-08-23T13:27:43+0200,aa89dba4-771d-4653-9ac4-44e4858bfe00,2026-07-24T02:30:00Z,2026-07-24T04:30:00+0200,147.26,EUR/MWh,BE,BE,imbalance_price,Long,2026-08-23T11:28:30Z
2026-08-23T11:27:43Z,2026-08-23T13:27:43+0200,aa89dba4-771d-4653-9ac4-44e4858bfe00,2026-07-24T02:30:00Z,2026-07-24T04:30:00+0200,147.26,EUR/MWh,BE,BE,imbalance_price,Short,2026-08-23T11:28:30Z
2026-08-23T11:27:43Z,2026-08-23T13:27:43+0200,aa89dba4-771d-4653-9ac4-44e4858bfe00,2026-07-24T02:45:00Z,2026-07-24T04:45:00+0200,169.89,EUR/MWh,BE,BE,imbalance_price,Long,2026-08-23T11:28:30Z
2026-08-23T11:27:43Z,2026-08-23T13:27:43+0200,aa89dba4-771d-4653-9ac4-44e4858bfe00,2026-07-24T02:45:00Z,2026-07-24T04:45:00+0200,169.89,EUR/MWh,BE,BE,imbalance_price,Short,2026-08-23T11:28:30Z
2026-08-23T11:27:43Z,2026-08-23T13:27:43+0200,aa89dba4-771d-4653-9ac4-44e4858bfe00,2026-07-24T03:00:00Z,2026-07-24T05:00:00+0200,147.48,EUR/MWh,BE,BE,imbalance_price,Long,2026-08-23T11:28:30Z
2026-08-23T11:27:43Z,2026-08-23T13:27:43+0200,aa89dba4-771d-4653-9ac4-44e4858bfe00,2026-07-24T03:00:00Z,2026-07-24T05:00:00+0200,147.48,EUR/MWh,BE,BE,imbalance_price,Short,2026-08-23T11:28:30Z
2026-08-23T11:27:43Z,2026-08-23T13:27:43+0200,aa89dba4-771d-4653-9ac4-44e4858bfe00,2026-07-24T03:15:00Z,2026-07-24T05:15:00+0200,139.64,EUR/MWh,BE,BE,imbalance_price,Long,2026-08-23T11:28:30Z
2026-08-23T11:27:43Z,2026-08-23T13:27:43+0200,aa89dba4-771d-4653-9ac4-44e4858bfe00,2026-07-24T03:15:00Z,2026-07-24T05:15:00+0200,139.64,EUR/MWh,BE,BE,imbalance_price,Short,2026-08-23T11:28:30Z
2026-08-23T11:27:43Z,2026-08-23T13:27:43+0200,aa89dba4-771d-4653-9ac4-44e4858bfe00,2026-07-24T03:30:00Z,2026-07-24T05:30:00+0200,163.96,EUR/MWh,BE,BE,imbalance_price,Long,2026-08-23T11:28:30Z
2026-08-23T11:27:43Z,2026-08-23T13:27:43+0200,aa89dba4-771d-4653-9ac4-44e4858bfe00,2026-07-24T03:30:00Z,2026-07-24T05:30:00+0200,163.96,EUR/MWh,BE,BE,imbalance_price,Short,2026-08-23T11:28:30Z
2026-08-23T11:27:43Z,2026-08-23T13:27:43+0200,aa89dba4-771d-4653-9ac4-44e4858bfe00,2026-07-24T03:45:00Z,2026-07-24T05:45:00+0200,163.51,EUR/MWh,BE,BE,imbalance_price,Long,2026-08-23T11:28:30Z
2026-08-23T11:27:43Z,2026-08-23T13:27:43+0200,aa89dba4-771d-4653-9ac4-44e4858bfe00,2026-07-24T03:45:00Z,2026-07-24T05:45:00+0200,163.51,EUR/MWh,BE,BE,imbalance_price,Short,2026-08-23T11:28:30Z
2026-08-23T11:27:43Z,2026-08-23T13:27:43+0200,aa89dba4-771d-4653-9ac4-44e4858bfe00,2026-07-24T04:00:00Z,2026-07-24T06:00:00+0200,163.82,EUR/MWh,BE,BE,imbalance_price,Long,2026-08-23T11:28:30Z
2026-08-23T11:27:43Z,2026-08-23T13:27:43+0200,aa89dba4-771d-4653-9ac4-44e4858bfe00,2026-07-24T04:00:00Z,2026-07-24T06:00:00+0200,163.82,EUR/MWh,BE,BE,imbalance_price,Short,2026-08-23T11:28:30Z
2026-08-23T11:27:43Z,2026-08-23T13:27:43+0200,aa89dba4-771d-4653-9ac4-44e4858bfe00,2026-07-24T04:15:00Z,2026-07-24T06:15:00+0200,162.13,EUR/MWh,BE,BE,imbalance_price,Long,2026-08-23T11:28:30Z
2026-08-23T11:27:43Z,2026-08-23T13:27:43+0200,aa89dba4-771d-4653-9ac4-44e4858bfe00,2026-07-24T04:15:00Z,2026-07-24T06:15:00+0200,162.13,EUR/MWh,BE,BE,imbalance_price,Short,2026-08-23T11:28:30Z
2026-08-23T11:27:43Z,2026-08-23T13:27:43+0200,aa89dba4-771d-4653-9ac4-44e4858bfe00,2026-07-24T04:30:00Z,2026-07-24T06:30:00+0200,157.73,EUR/MWh,BE,BE,imbalance_price,Long,2026-08-23T11:28:30Z
2026-08-23T11:27:43Z,2026-08-23T13:27:43+0200,aa89dba4-771d-4653-9ac4-44e4858bfe00,2026-07-24T04:30:00Z,2026-07-24T06:30:00+0200,157.73,EUR/MWh,BE,BE,imbalance_price,Short,2026-08-23T11:28:30Z
2026-08-23T11:27:43Z,2026-08-23T13:27:43+0200,aa89dba4-771d-4653-9ac4-44e4858bfe00,2026-07-24T04:45:00Z,2026-07-24T06:45:00+0200,129.0,EUR/MWh,BE,BE,imbalance_price,Long,2026-08-23T11:28:30Z
2026-08-23T11:27:43Z,2026-08-23T13:27:43+0200,aa89dba4-771d-4653-9ac4-44e4858bfe00,2026-07-24T04:45:00Z,2026-07-24T06:45:00+0200,129.0,EUR/MWh,BE,BE,imbalance_price,Short,2026-08-23T11:28:30Z
2026-08-23T11:27:43Z,2026-08-23T13:27:43+0200,aa89dba4-771d-4653-9ac4-44e4858bfe00,2026-07-24T05:00:00Z,2026-07-24T07:00:00+0200,163.12,EUR/MWh,BE,BE,imbalance_price,Long,2026-08-23T11:28:30Z
2026-08-23T11:27:43Z,2026-08-23T13:27:43+0200,aa89dba4-771d-4653-9ac4-44e4858bfe00,2026-07-24T05:00:00Z,2026-07-24T07:00:00+0200,163.12,EUR/MWh,BE,BE,imbalance_price,Short,2026-08-23T11:28:30Z
2026-08-23T11:27:43Z,2026-08-23T13:27:43+0200,aa89dba4-771d-4653-9ac4-44e4858bfe00,2026-07-24T05:15:00Z,2026-07-24T07:15:00+0200,150.11,EUR/MWh,BE,BE,imbalance_price,Long,2026-08-23T11:28:30Z
2026-08-23T11:27:43Z,2026-08-23T13:27:43+0200,aa89dba4-771d-4653-9ac4-44e4858bfe00,2026-07-24T05:15:00Z,2026-07-24T07:15:00+0200,150.11,EUR/MWh,BE,BE,imbalance_price,Short,2026-08-23T11:28:30Z
2026-08-23T11:27:43Z,2026-08-23T13:27:43+0200,aa89dba4-771d-4653-9ac4-44e4858bfe00,2026-07-24T05:30:00Z,2026-07-24T07:30:00+0200,141.53,EUR/MWh,BE,BE,imbalance_price,Long,2026-08-23T11:28:30Z
2026-08-23T11:27:43Z,2026-08-23T13:27:43+0200,aa89dba4-771d-4653-9ac4-44e4858bfe00,2026-07-24T05:30:00Z,2026-07-24T07:30:00+0200,141.53,EUR/MWh,BE,BE,imbalance_price,Short,2026-08-23T11:28:30Z
2026-08-23T11:27:43Z,2026-08-23T13:27:43+0200,aa89dba4-771d-4653-9ac4-44e4858bfe00,2026-07-24T05:45:00Z,2026-07-24T07:45:00+0200,142.95,EUR/MWh,BE,BE,imbalance_price,Long,2026-08-23T11:28:30Z
2026-08-23T11:27:43Z,2026-08-23T13:27:43+0200,aa89dba4-771d-4653-9ac4-44e4858bfe00,2026-07-24T05:45:00Z,2026-07-24T07:45:00+0200,142.95,EUR/MWh,BE,BE,imbalance_price,Short,2026-08-23T11:28:30Z
2026-08-23T11:27:43Z,2026-08-23T13:27:43+0200,aa89dba4-771d-4653-9ac4-44e4858bfe00,2026-07-24T06:00:00Z,2026-07-24T08:00:00+0200,146.0,EUR/MWh,BE,BE,imbalance_price,Long,2026-08-23T11:28:30Z
2026-08-23T11:27:43Z,2026-08-23T13:27:43+0200,aa89dba4-771d-4653-9ac4-44e4858bfe00,2026-07-24T06:00:00Z,2026-07-24T08:00:00+0200,146.0,EUR/MWh,BE,BE,imbalance_price,Short,2026-08-23T11:28:30Z
2026-08-23T11:27:43Z,2026-08-23T13:27:43+0200,aa89dba4-771d-4653-9ac4-44e4858bfe00,2026-07-24T06:15:00Z,2026-07-24T08:15:00+0200,135.2,EUR/MWh,BE,BE,imbalance_price,Long,2026-08-23T11:28:30Z
2026-08-23T11:27:43Z,2026-08-23T13:27:43+0200,aa89dba4-771d-4653-9ac4-44e4858bfe00,2026-07-24T06:15:00Z,2026-07-24T08:15:00+0200,135.2,EUR/MWh,BE,BE,imbalance_price,Short,2026-08-23T11:28:30Z
2026-08-23T11:27:43Z,2026-08-23T13:27:43+0200,aa89dba4-771d-4653-9ac4-44e4858bfe00,2026-07-24T06:30:00Z,2026-07-24T08:30:00+0200,89.99,EUR/MWh,BE,BE,imbalance_price,Long,2026-08-23T11:28:30Z
2026-08-23T11:27:43Z,2026-08-23T13:27:43+0200,aa89dba4-771d-4653-9ac4-44e4858bfe00,2026-07-24T06:30:00Z,2026-07-24T08:30:00+0200,89.99,EUR/MWh,BE,BE,imbalance_price,Short,2026-08-23T11:28:30Z
2026-08-23T11:27:43Z,2026-08-23T13:27:43+0200,aa89dba4-771d-4653-9ac4-44e4858bfe00,2026-07-24T06:45:00Z,2026-07-24T08:45:00+0200,50.02,EUR/MWh,BE,BE,imbalance_price,Long,2026-08-23T11:28:30Z
2026-08-23T11:27:43Z,2026-08-23T13:27:43+0200,aa89dba4-771d-4653-9ac4-44e4858bfe00,2026-07-24T06:45:00Z,2026-07-24T08:45:00+0200,50.02,EUR/MWh,BE,BE,imbalance_price,Short,2026-08-23T11:28:30Z
2026-08-23T11:27:43Z,2026-08-23T13:27:43+0200,aa89dba4-771d-4653-9ac4-44e4858bfe00,2026-07-24T07:00:00Z,2026-07-24T09:00:00+0200,89.99,EUR/MWh,BE,BE,imbalance_price,Long,2026-08-23T11:28:30Z
2026-08-23T11:27:43Z,2026-08-23T13:27:43+0200,aa89dba4-771d-4653-9ac4-44e4858bfe00,2026-07-24T07:00:00Z,2026-07-24T09:00:00+0200,89.99,EUR/MWh,BE,BE,imbalance_price,Short,2026-08-23T11:28:30Z
2026-08-23T11:27:43Z,2026-08-23T13:27:43+0200,aa89dba4-771d-4653-9ac4-44e4858bfe00,2026-07-24T07:15:00Z,2026-07-24T09:15:00+0200,88.77,EUR/MWh,BE,BE,imbalance_price,Long,2026-08-23T11:28:30Z
2026-08-23T11:27:43Z,2026-08-23T13:27:43+0200,aa89dba4-771d-4653-9ac4-44e4858bfe00,2026-07-24T07:15:00Z,2026-07-24T09:15:00+0200,88.77,EUR/MWh,BE,BE,imbalance_price,Short,2026-08-23T11:28:30Z
2026-08-23T11:27:43Z,2026-08-23T13:27:43+0200,aa89dba4-771d-4653-9ac4-44e4858bfe00,2026-07-24T07:30:00Z,2026-07-24T09:30:00+0200,82.22,EUR/MWh,BE,BE,imbalance_price,Long,2026-08-23T11:28:30Z
2026-08-23T11:27:43Z,2026-08-23T13:27:43+0200,aa89dba4-771d-4653-9ac4-44e4858bfe00,2026-07-24T07:30:00Z,2026-07-24T09:30:00+0200,82.22,EUR/MWh,BE,BE,imbalance_price,Short,2026-08-23T11:28:30Z
2026-08-23T11:27:43Z,2026-08-23T13:27:43+0200,aa89dba4-771d-4653-9ac4-44e4858bfe00,2026-07-24T07:45:00Z,2026-07-24T09:45:00+0200,76.27,EUR/MWh,BE,BE,imbalance_price,Long,2026-08-23T11:28:30Z
2026-08-23T11:27:43Z,2026-08-23T13:27:43+0200,aa89dba4-771d-4653-9ac4-44e4858bfe00,2026-07-24T07:45:00Z,2026-07-24T09:45:00+0200,76.27,EUR/MWh,BE,BE,imbalance_price,Short,2026-08-23T11:28:30Z
2026-08-23T11:27:43Z,2026-08-23T13:27:43+0200,aa89dba4-771d-4653-9ac4-44e4858bfe00,2026-07-24T08:00:00Z,2026-07-24T10:00:00+0200,79.06,EUR/MWh,BE,BE,imbalance_price,Long,2026-08-23T11:28:30Z
2026-08-23T11:27:43Z,2026-08-23T13:27:43+0200,aa89dba4-771d-4653-9ac4-44e4858bfe00,2026-07-24T08:00:00Z,2026-07-24T10:00:00+0200,79.06,EUR/MWh,BE,BE,imbalance_price,Short,2026-08-23T11:28:30Z
2026-08-23T11:27:43Z,2026-08-23T13:27:43+0200,aa89dba4-771d-4653-9ac4-44e4858bfe00,2026-07-24T08:15:00Z,2026-07-24T10:15:00+0200,69.31,EUR/MWh,BE,BE,imbalance_price,Long,2026-08-23T11:28:30Z
2026-08-23T11:27:43Z,2026-08-23T13:27:43+0200,aa89dba4-771d-4653-9ac4-44e4858bfe00,2026-07-24T08:15:00Z,2026-07-24T10:15:00+0200,69.31,EUR/MWh,BE,BE,imbalance_price,Short,2026-08-23T11:28:30Z
2026-08-23T11:27:43Z,2026-08-23T13:27:43+0200,aa89dba4-771d-4653-9ac4-44e4858bfe00,2026-07-24T08:30:00Z,2026-07-24T10:30:00+0200,56.69,EUR/MWh,BE,BE,imbalance_price,Long,2026-08-23T11:28:30Z
2026-08-23T11:27:43Z,2026-08-23T13:27:43+0200,aa89dba4-771d-4653-9ac4-44e4858bfe00,2026-07-24T08:30:00Z,2026-07-24T10:30:00+0200,56.69,EUR/MWh,BE,BE,imbalance_price,Short,2026-08-23T11:28:30Z
2026-08-23T11:27:43Z,2026-08-23T13:27:43+0200,aa89dba4-771d-4653-9ac4-44e4858bfe00,2026-07-24T08:45:00Z,2026-07-24T10:45:00+0200,53.34,EUR/MWh,BE,BE,imbalance_price,Long,2026-08-23T11:28:30Z
2026-08-23T11:27:43Z,2026-08-23T13:27:43+0200,aa89dba4-771d-4653-9ac4-44e4858bfe00,2026-07-24T08:45:00Z,2026-07-24T10:45:00+0200,53.34,EUR/MWh,BE,BE,imbalance_price,Short,2026-08-23T11:28:30Z
2026-08-23T11:27:43Z,2026-08-23T13:27:43+0200,aa89dba4-771d-4653-9ac4-44e4858bfe00,2026-07-24T09:00:00Z,2026-07-24T11:00:00+0200,62.0,EUR/MWh,BE,BE,imbalance_price,Long,2026-08-23T11:28:30Z
2026-08-23T11:27:43Z,2026-08-23T13:27:43+0200,aa89dba4-771d-4653-9ac4-44e4858bfe00,2026-07-24T09:00:00Z,2026-07-24T11:00:00+0200,62.0,EUR/MWh,BE,BE,imbalance_price,Short,2026-08-23T11:28:30Z
2026-08-23T11:27:43Z,2026-08-23T13:27:43+0200,aa89dba4-771d-4653-9ac4-44e4858bfe00,2026-07-24T09:15:00Z,2026-07-24T11:15:00+0200,62.95,EUR/MWh,BE,BE,imbalance_price,Long,2026-08-23T11:28:30Z
2026-08-23T11:27:43Z,2026-08-23T13:27:43+0200,aa89dba4-771d-4653-9ac4-44e4858bfe00,2026-07-24T09:15:00Z,2026-07-24T11:15:00+0200,62.95,EUR/MWh,BE,BE,imbalance_price,Short,2026-08-23T11:28:30Z
2026-08-23T11:27:43Z,2026-08-23T13:27:43+0200,aa89dba4-771d-4653-9ac4-44e4858bfe00,2026-07-24T09:30:00Z,2026-07-24T11:30:00+0200,27.75,EUR/MWh,BE,BE,imbalance_price,Long,2026-08-23T11:28:30Z
2026-08-23T11:27:43Z,2026-08-23T13:27:43+0200,aa89dba4-771d-4653-9ac4-44e4858bfe00,2026-07-24T09:30:00Z,2026-07-24T11:30:00+0200,27.75,EUR/MWh,BE,BE,imbalance_price,Short,2026-08-23T11:28:30Z
2026-08-23T11:27:43Z,2026-08-23T13:27:43+0200,aa89dba4-771d-4653-9ac4-44e4858bfe00,2026-07-24T09:45:00Z,2026-07-24T11:45:00+0200,83.68,EUR/MWh,BE,BE,imbalance_price,Long,2026-08-23T11:28:30Z
2026-08-23T11:27:43Z,2026-08-23T13:27:43+0200,aa89dba4-771d-4653-9ac4-44e4858bfe00,2026-07-24T09:45:00Z,2026-07-24T11:45:00+0200,83.68,EUR/MWh,BE,BE,imbalance_price,Short,2026-08-23T11:28:30Z
2026-08-23T11:27:43Z,2026-08-23T13:27:43+0200,aa89dba4-771d-4653-9ac4-44e4858bfe00,2026-07-24T10:00:00Z,2026-07-24T12:00:00+0200,32.74,EUR/MWh,BE,BE,imbalance_price,Long,2026-08-23T11:28:30Z
2026-08-23T11:27:43Z,2026-08-23T13:27:43+0200,aa89dba4-771d-4653-9ac4-44e4858bfe00,2026-07-24T10:00:00Z,2026-07-24T12:00:00+0200,32.74,EUR/MWh,BE,BE,imbalance_price,Short,2026-08-23T11:28:30Z
2026-08-23T11:27:43Z,2026-08-23T13:27:43+0200,aa89dba4-771d-4653-9ac4-44e4858bfe00,2026-07-24T10:15:00Z,2026-07-24T12:15:00+0200,61.81,EUR/MWh,BE,BE,imbalance_price,Long,2026-08-23T11:28:30Z
2026-08-23T11:27:43Z,2026-08-23T13:27:43+0200,aa89dba4-771d-4653-9ac4-44e4858bfe00,2026-07-24T10:15:00Z,2026-07-24T12:15:00+0200,61.81,EUR/MWh,BE,BE,imbalance_price,Short,2026-08-23T11:28:30Z
2026-08-23T11:27:43Z,2026-08-23T13:27:43+0200,aa89dba4-771d-4653-9ac4-44e4858bfe00,2026-07-24T10:30:00Z,2026-07-24T12:30:00+0200,20.74,EUR/MWh,BE,BE,imbalance_price,Long,2026-08-23T11:28:30Z
2026-08-23T11:27:43Z,2026-08-23T13:27:43+0200,aa89dba4-771d-4653-9ac4-44e4858bfe00,2026-07-24T10:30:00Z,2026-07-24T12:30:00+0200,20.74,EUR/MWh,BE,BE,imbalance_price,Short,2026-08-23T11:28:30Z
2026-08-23T11:27:43Z,2026-08-23T13:27:43+0200,aa89dba4-771d-4653-9ac4-44e4858bfe00,2026-07-24T10:45:00Z,2026-07-24T12:45:00+0200,2.52,EUR/MWh,BE,BE,imbalance_price,Long,2026-08-23T11:28:30Z
2026-08-23T11:27:43Z,2026-08-23T13:27:43+0200,aa89dba4-771d-4653-9ac4-44e4858bfe00,2026-07-24T10:45:00Z,2026-07-24T12:45:00+0200,2.52,EUR/MWh,BE,BE,imbalance_price,Short,2026-08-23T11:28:30Z
2026-08-23T11:27:43Z,2026-08-23T13:27:43+0200,aa89dba4-771d-4653-9ac4-44e4858bfe00,2026-07-24T11:00:00Z,2026-07-24T13:00:00+0200,6.34,EUR/MWh,BE,BE,imbalance_price,Long,2026-08-23T11:28:30Z
2026-08-23T11:27:43Z,2026-08-23T13:27:43+0200,aa89dba4-771d-4653-9ac4-44e4858bfe00,2026-07-24T11:00:00Z,2026-07-24T13:00:00+0200,6.34,EUR/MWh,BE,BE,imbalance_price,Short,2026-08-23T11:28:30Z
2026-08-23T11:27:43Z,2026-08-23T13:27:43+0200,aa89dba4-771d-4653-9ac4-44e4858bfe00,2026-07-24T11:15:00Z,2026-07-24T13:15:00+0200,-7.72,EUR/MWh,BE,BE,imbalance_price,Long,2026-08-23T11:28:30Z
2026-08-23T11:27:43Z,2026-08-23T13:27:43+0200,aa89dba4-771d-4653-9ac4-44e4858bfe00,2026-07-24T11:15:00Z,2026-07-24T13:15:00+0200,-7.72,EUR/MWh,BE,BE,imbalance_price,Short,2026-08-23T11:28:30Z
2026-08-23T11:27:43Z,2026-08-23T13:27:43+0200,aa89dba4-771d-4653-9ac4-44e4858bfe00,2026-07-24T11:30:00Z,2026-07-24T13:30:00+0200,-3.95,EUR/MWh,BE,BE,imbalance_price,Long,2026-08-23T11:28:30Z
2026-08-23T11:27:43Z,2026-08-23T13:27:43+0200,aa89dba4-771d-4653-9ac4-44e4858bfe00,2026-07-24T11:30:00Z,2026-07-24T13:30:00+0200,-3.95,EUR/MWh,BE,BE,imbalance_price,Short,2026-08-23T11:28:30Z
2026-08-23T11:27:43Z,2026-08-23T13:27:43+0200,aa89dba4-771d-4653-9ac4-44e4858bfe00,2026-07-24T11:45:00Z,2026-07-24T13:45:00+0200,-6.72,EUR/MWh,BE,BE,imbalance_price,Long,2026-08-23T11:28:30Z
2026-08-23T11:27:43Z,2026-08-23T13:27:43+0200,aa89dba4-771d-4653-9ac4-44e4858bfe00,2026-07-24T11:45:00Z,2026-07-24T13:45:00+0200,-6.72,EUR/MWh,BE,BE,imbalance_price,Short,2026-08-23T11:28:30Z
2026-08-23T11:27:43Z,2026-08-23T13:27:43+0200,aa89dba4-771d-4653-9ac4-44e4858bfe00,2026-07-24T12:00:00Z,2026-07-24T14:00:00+0200,4.67,EUR/MWh,BE,BE,imbalance_price,Long,2026-08-23T11:28:30Z
2026-08-23T11:27:43Z,2026-08-23T13:27:43+0200,aa89dba4-771d-4653-9ac4-44e4858bfe00,2026-07-24T12:00:00Z,2026-07-24T14:00:00+0200,4.67,EUR/MWh,BE,BE,imbalance_price,Short,2026-08-23T11:28:30Z
2026-08-23T11:27:43Z,2026-08-23T13:27:43+0200,aa89dba4-771d-4653-9ac4-44e4858bfe00,2026-07-24T12:15:00Z,2026-07-24T14:15:00+0200,5.47,EUR/MWh,BE,BE,imbalance_price,Long,2026-08-23T11:28:30Z
2026-08-23T11:27:43Z,2026-08-23T13:27:43+0200,aa89dba4-771d-4653-9ac4-44e4858bfe00,2026-07-24T12:15:00Z,2026-07-24T14:15:00+0200,5.47,EUR/MWh,BE,BE,imbalance_price,Short,2026-08-23T11:28:30Z
2026-08-23T11:27:43Z,2026-08-23T13:27:43+0200,aa89dba4-771d-4653-9ac4-44e4858bfe00,2026-07-24T12:30:00Z,2026-07-24T14:30:00+0200,2.27,EUR/MWh,BE,BE,imbalance_price,Long,2026-08-23T11:28:30Z
2026-08-23T11:27:43Z,2026-08-23T13:27:43+0200,aa89dba4-771d-4653-9ac4-44e4858bfe00,2026-07-24T12:30:00Z,2026-07-24T14:30:00+0200,2.27,EUR/MWh,BE,BE,imbalance_price,Short,2026-08-23T11:28:30Z
2026-08-23T11:27:43Z,2026-08-23T13:27:43+0200,aa89dba4-771d-4653-9ac4-44e4858bfe00,2026-07-24T12:45:00Z,2026-07-24T14:45:00+0200,-11.2,EUR/MWh,BE,BE,imbalance_price,Long,2026-08-23T11:28:30Z
2026-08-23T11:27:43Z,2026-08-23T13:27:43+0200,aa89dba4-771d-4653-9ac4-44e4858bfe00,2026-07-24T12:45:00Z,2026-07-24T14:45:00+0200,-11.2,EUR/MWh,BE,BE,imbalance_price,Short,2026-08-23T11:28:30Z
2026-08-23T11:27:43Z,2026-08-23T13:27:43+0200,aa89dba4-771d-4653-9ac4-44e4858bfe00,2026-07-24T13:00:00Z,2026-07-24T15:00:00+0200,-10.81,EUR/MWh,BE,BE,imbalance_price,Long,2026-08-23T11:28:30Z
2026-08-23T11:27:43Z,2026-08-23T13:27:43+0200,aa89dba4-771d-4653-9ac4-44e4858bfe00,2026-07-24T13:00:00Z,2026-07-24T15:00:00+0200,-10.81,EUR/MWh,BE,BE,imbalance_price,Short,2026-08-23T11:28:30Z
2026-08-23T11:27:43Z,2026-08-23T13:27:43+0200,aa89dba4-771d-4653-9ac4-44e4858bfe00,2026-07-24T13:15:00Z,2026-07-24T15:15:00+0200,-10.38,EUR/MWh,BE,BE,imbalance_price,Long,2026-08-23T11:28:30Z
2026-08-23T11:27:43Z,2026-08-23T13:27:43+0200,aa89dba4-771d-4653-9ac4-44e4858bfe00,2026-07-24T13:15:00Z,2026-07-24T15:15:00+0200,-10.38,EUR/MWh,BE,BE,imbalance_price,Short,2026-08-23T11:28:30Z
2026-08-23T11:27:43Z,2026-08-23T13:27:43+0200,aa89dba4-771d-4653-9ac4-44e4858bfe00,2026-07-24T13:30:00Z,2026-07-24T15:30:00+0200,-10.15,EUR/MWh,BE,BE,imbalance_price,Long,2026-08-23T11:28:30Z
2026-08-23T11:27:43Z,2026-08-23T13:27:43+0200,aa89dba4-771d-4653-9ac4-44e4858bfe00,2026-07-24T13:30:00Z,2026-07-24T15:30:00+0200,-10.15,EUR/MWh,BE,BE,imbalance_price,Short,2026-08-23T11:28:30Z
2026-08-23T11:27:43Z,2026-08-23T13:27:43+0200,aa89dba4-771d-4653-9ac4-44e4858bfe00,2026-07-24T13:45:00Z,2026-07-24T15:45:00+0200,-26.0,EUR/MWh,BE,BE,imbalance_price,Long,2026-08-23T11:28:30Z
2026-08-23T11:27:43Z,2026-08-23T13:27:43+0200,aa89dba4-771d-4653-9ac4-44e4858bfe00,2026-07-24T13:45:00Z,2026-07-24T15:45:00+0200,-26.0,EUR/MWh,BE,BE,imbalance_price,Short,2026-08-23T11:28:30Z
2026-08-23T11:27:43Z,2026-08-23T13:27:43+0200,aa89dba4-771d-4653-9ac4-44e4858bfe00,2026-07-24T14:00:00Z,2026-07-24T16:00:00+0200,-40.39,EUR/MWh,BE,BE,imbalance_price,Long,2026-08-23T11:28:30Z
2026-08-23T11:27:43Z,2026-08-23T13:27:43+0200,aa89dba4-771d-4653-9ac4-44e4858bfe00,2026-07-24T14:00:00Z,2026-07-24T16:00:00+0200,-40.39,EUR/MWh,BE,BE,imbalance_price,Short,2026-08-23T11:28:30Z
2026-08-23T11:27:43Z,2026-08-23T13:27:43+0200,aa89dba4-771d-4653-9ac4-44e4858bfe00,2026-07-24T14:15:00Z,2026-07-24T16:15:00+0200,-6.38,EUR/MWh,BE,BE,imbalance_price,Long,2026-08-23T11:28:30Z
2026-08-23T11:27:43Z,2026-08-23T13:27:43+0200,aa89dba4-771d-4653-9ac4-44e4858bfe00,2026-07-24T14:15:00Z,2026-07-24T16:15:00+0200,-6.38,EUR/MWh,BE,BE,imbalance_price,Short,2026-08-23T11:28:30Z
2026-08-23T11:27:43Z,2026-08-23T13:27:43+0200,aa89dba4-771d-4653-9ac4-44e4858bfe00,2026-07-24T14:30:00Z,2026-07-24T16:30:00+0200,6.16,EUR/MWh,BE,BE,imbalance_price,Long,2026-08-23T11:28:30Z
2026-08-23T11:27:43Z,2026-08-23T13:27:43+0200,aa89dba4-771d-4653-9ac4-44e4858bfe00,2026-07-24T14:30:00Z,2026-07-24T16:30:00+0200,6.16,EUR/MWh,BE,BE,imbalance_price,Short,2026-08-23T11:28:30Z
2026-08-23T11:27:43Z,2026-08-23T13:27:43+0200,aa89dba4-771d-4653-9ac4-44e4858bfe00,2026-07-24T14:45:00Z,2026-07-24T16:45:00+0200,99.59,EUR/MWh,BE,BE,imbalance_price,Long,2026-08-23T11:28:30Z
2026-08-23T11:27:43Z,2026-08-23T13:27:43+0200,aa89dba4-771d-4653-9ac4-44e4858bfe00,2026-07-24T14:45:00Z,2026-07-24T16:45:00+0200,99.59,EUR/MWh,BE,BE,imbalance_price,Short,2026-08-23T11:28:30Z
2026-08-23T11:27:43Z,2026-08-23T13:27:43+0200,aa89dba4-771d-4653-9ac4-44e4858bfe00,2026-07-24T15:00:00Z,2026-07-24T17:00:00+0200,107.41,EUR/MWh,BE,BE,imbalance_price,Long,2026-08-23T11:28:30Z
2026-08-23T11:27:43Z,2026-08-23T13:27:43+0200,aa89dba4-771d-4653-9ac4-44e4858bfe00,2026-07-24T15:00:00Z,2026-07-24T17:00:00+0200,107.41,EUR/MWh,BE,BE,imbalance_price,Short,2026-08-23T11:28:30Z
2026-08-23T11:27:43Z,2026-08-23T13:27:43+0200,aa89dba4-771d-4653-9ac4-44e4858bfe00,2026-07-24T15:15:00Z,2026-07-24T17:15:00+0200,135.05,EUR/MWh,BE,BE,imbalance_price,Long,2026-08-23T11:28:30Z
2026-08-23T11:27:43Z,2026-08-23T13:27:43+0200,aa89dba4-771d-4653-9ac4-44e4858bfe00,2026-07-24T15:15:00Z,2026-07-24T17:15:00+0200,135.05,EUR/MWh,BE,BE,imbalance_price,Short,2026-08-23T11:28:30Z
2026-08-23T11:27:43Z,2026-08-23T13:27:43+0200,aa89dba4-771d-4653-9ac4-44e4858bfe00,2026-07-24T15:30:00Z,2026-07-24T17:30:00+0200,144.24,EUR/MWh,BE,BE,imbalance_price,Long,2026-08-23T11:28:30Z
2026-08-23T11:27:43Z,2026-08-23T13:27:43+0200,aa89dba4-771d-4653-9ac4-44e4858bfe00,2026-07-24T15:30:00Z,2026-07-24T17:30:00+0200,144.24,EUR/MWh,BE,BE,imbalance_price,Short,2026-08-23T11:28:30Z
2026-08-23T11:27:43Z,2026-08-23T13:27:43+0200,aa89dba4-771d-4653-9ac4-44e4858bfe00,2026-07-24T15:45:00Z,2026-07-24T17:45:00+0200,162.66,EUR/MWh,BE,BE,imbalance_price,Long,2026-08-23T11:28:30Z
2026-08-23T11:27:43Z,2026-08-23T13:27:43+0200,aa89dba4-771d-4653-9ac4-44e4858bfe00,2026-07-24T15:45:00Z,2026-07-24T17:45:00+0200,162.66,EUR/MWh,BE,BE,imbalance_price,Short,2026-08-23T11:28:30Z
2026-08-23T11:27:43Z,2026-08-23T13:27:43+0200,aa89dba4-771d-4653-9ac4-44e4858bfe00,2026-07-24T16:00:00Z,2026-07-24T18:00:00+0200,138.13,EUR/MWh,BE,BE,imbalance_price,Long,2026-08-23T11:28:30Z
2026-08-23T11:27:43Z,2026-08-23T13:27:43+0200,aa89dba4-771d-4653-9ac4-44e4858bfe00,2026-07-24T16:00:00Z,2026-07-24T18:00:00+0200,138.13,EUR/MWh,BE,BE,imbalance_price,Short,2026-08-23T11:28:30Z
2026-08-23T11:27:43Z,2026-08-23T13:27:43+0200,aa89dba4-771d-4653-9ac4-44e4858bfe00,2026-07-24T16:15:00Z,2026-07-24T18:15:00+0200,164.19,EUR/MWh,BE,BE,imbalance_price,Long,2026-08-23T11:28:30Z
2026-08-23T11:27:43Z,2026-08-23T13:27:43+0200,aa89dba4-771d-4653-9ac4-44e4858bfe00,2026-07-24T16:15:00Z,2026-07-24T18:15:00+0200,164.19,EUR/MWh,BE,BE,imbalance_price,Short,2026-08-23T11:28:30Z
2026-08-23T11:27:43Z,2026-08-23T13:27:43+0200,aa89dba4-771d-4653-9ac4-44e4858bfe00,2026-07-24T16:30:00Z,2026-07-24T18:30:00+0200,170.53,EUR/MWh,BE,BE,imbalance_price,Long,2026-08-23T11:28:30Z
2026-08-23T11:27:43Z,2026-08-23T13:27:43+0200,aa89dba4-771d-4653-9ac4-44e4858bfe00,2026-07-24T16:30:00Z,2026-07-24T18:30:00+0200,170.53,EUR/MWh,BE,BE,imbalance_price,Short,2026-08-23T11:28:30Z
2026-08-23T11:27:43Z,2026-08-23T13:27:43+0200,aa89dba4-771d-4653-9ac4-44e4858bfe00,2026-07-24T16:45:00Z,2026-07-24T18:45:00+0200,179.88,EUR/MWh,BE,BE,imbalance_price,Long,2026-08-23T11:28:30Z
2026-08-23T11:27:43Z,2026-08-23T13:27:43+0200,aa89dba4-771d-4653-9ac4-44e4858bfe00,2026-07-24T16:45:00Z,2026-07-24T18:45:00+0200,179.88,EUR/MWh,BE,BE,imbalance_price,Short,2026-08-23T11:28:30Z
2026-08-23T11:27:43Z,2026-08-23T13:27:43+0200,aa89dba4-771d-4653-9ac4-44e4858bfe00,2026-07-24T17:00:00Z,2026-07-24T19:00:00+0200,178.14,EUR/MWh,BE,BE,imbalance_price,Long,2026-08-23T11:28:30Z
2026-08-23T11:27:43Z,2026-08-23T13:27:43+0200,aa89dba4-771d-4653-9ac4-44e4858bfe00,2026-07-24T17:00:00Z,2026-07-24T19:00:00+0200,178.14,EUR/MWh,BE,BE,imbalance_price,Short,2026-08-23T11:28:30Z
2026-08-23T11:27:43Z,2026-08-23T13:27:43+0200,aa89dba4-771d-4653-9ac4-44e4858bfe00,2026-07-24T17:15:00Z,2026-07-24T19:15:00+0200,190.56,EUR/MWh,BE,BE,imbalance_price,Long,2026-08-23T11:28:30Z
2026-08-23T11:27:43Z,2026-08-23T13:27:43+0200,aa89dba4-771d-4653-9ac4-44e4858bfe00,2026-07-24T17:15:00Z,2026-07-24T19:15:00+0200,190.56,EUR/MWh,BE,BE,imbalance_price,Short,2026-08-23T11:28:30Z
2026-08-23T11:27:43Z,2026-08-23T13:27:43+0200,aa89dba4-771d-4653-9ac4-44e4858bfe00,2026-07-24T17:30:00Z,2026-07-24T19:30:00+0200,206.62,EUR/MWh,BE,BE,imbalance_price,Long,2026-08-23T11:28:30Z
2026-08-23T11:27:43Z,2026-08-23T13:27:43+0200,aa89dba4-771d-4653-9ac4-44e4858bfe00,2026-07-24T17:30:00Z,2026-07-24T19:30:00+0200,206.62,EUR/MWh,BE,BE,imbalance_price,Short,2026-08-23T11:28:30Z
2026-08-23T11:27:43Z,2026-08-23T13:27:43+0200,aa89dba4-771d-4653-9ac4-44e4858bfe00,2026-07-24T17:45:00Z,2026-07-24T19:45:00+0200,200.0,EUR/MWh,BE,BE,imbalance_price,Long,2026-08-23T11:28:30Z
2026-08-23T11:27:43Z,2026-08-23T13:27:43+0200,aa89dba4-771d-4653-9ac4-44e4858bfe00,2026-07-24T17:45:00Z,2026-07-24T19:45:00+0200,200.0,EUR/MWh,BE,BE,imbalance_price,Short,2026-08-23T11:28:30Z
2026-08-23T11:27:43Z,2026-08-23T13:27:43+0200,aa89dba4-771d-4653-9ac4-44e4858bfe00,2026-07-24T18:00:00Z,2026-07-24T20:00:00+0200,177.15,EUR/MWh,BE,BE,imbalance_price,Long,2026-08-23T11:28:30Z
2026-08-23T11:27:43Z,2026-08-23T13:27:43+0200,aa89dba4-771d-4653-9ac4-44e4858bfe00,2026-07-24T18:00:00Z,2026-07-24T20:00:00+0200,177.15,EUR/MWh,BE,BE,imbalance_price,Short,2026-08-23T11:28:30Z
2026-08-23T11:27:43Z,2026-08-23T13:27:43+0200,aa89dba4-771d-4653-9ac4-44e4858bfe00,2026-07-24T18:15:00Z,2026-07-24T20:15:00+0200,142.21,EUR/MWh,BE,BE,imbalance_price,Long,2026-08-23T11:28:30Z
2026-08-23T11:27:43Z,2026-08-23T13:27:43+0200,aa89dba4-771d-4653-9ac4-44e4858bfe00,2026-07-24T18:15:00Z,2026-07-24T20:15:00+0200,142.21,EUR/MWh,BE,BE,imbalance_price,Short,2026-08-23T11:28:30Z
2026-08-23T11:27:43Z,2026-08-23T13:27:43+0200,aa89dba4-771d-4653-9ac4-44e4858bfe00,2026-07-24T18:30:00Z,2026-07-24T20:30:00+0200,175.67,EUR/MWh,BE,BE,imbalance_price,Long,2026-08-23T11:28:30Z
2026-08-23T11:27:43Z,2026-08-23T13:27:43+0200,aa89dba4-771d-4653-9ac4-44e4858bfe00,2026-07-24T18:30:00Z,2026-07-24T20:30:00+0200,175.67,EUR/MWh,BE,BE,imbalance_price,Short,2026-08-23T11:28:30Z
2026-08-23T11:27:43Z,2026-08-23T13:27:43+0200,aa89dba4-771d-4653-9ac4-44e4858bfe00,2026-07-24T18:45:00Z,2026-07-24T20:45:00+0200,173.8,EUR/MWh,BE,BE,imbalance_price,Long,2026-08-23T11:28:30Z
2026-08-23T11:27:43Z,2026-08-23T13:27:43+0200,aa89dba4-771d-4653-9ac4-44e4858bfe00,2026-07-24T18:45:00Z,2026-07-24T20:45:00+0200,173.8,EUR/MWh,BE,BE,imbalance_price,Short,2026-08-23T11:28:30Z
2026-08-23T11:27:43Z,2026-08-23T13:27:43+0200,aa89dba4-771d-4653-9ac4-44e4858bfe00,2026-07-24T19:00:00Z,2026-07-24T21:00:00+0200,173.8,EUR/MWh,BE,BE,imbalance_price,Long,2026-08-23T11:28:30Z
2026-08-23T11:27:43Z,2026-08-23T13:27:43+0200,aa89dba4-771d-4653-9ac4-44e4858bfe00,2026-07-24T19:00:00Z,2026-07-24T21:00:00+0200,173.8,EUR/MWh,BE,BE,imbalance_price,Short,2026-08-23T11:28:30Z
2026-08-23T11:27:43Z,2026-08-23T13:27:43+0200,aa89dba4-771d-4653-9ac4-44e4858bfe00,2026-07-24T19:15:00Z,2026-07-24T21:15:00+0200,173.8,EUR/MWh,BE,BE,imbalance_price,Long,2026-08-23T11:28:30Z
2026-08-23T11:27:43Z,2026-08-23T13:27:43+0200,aa89dba4-771d-4653-9ac4-44e4858bfe00,2026-07-24T19:15:00Z,2026-07-24T21:15:00+0200,173.8,EUR/MWh,BE,BE,imbalance_price,Short,2026-08-23T11:28:30Z
2026-08-23T11:27:43Z,2026-08-23T13:27:43+0200,aa89dba4-771d-4653-9ac4-44e4858bfe00,2026-07-24T19:30:00Z,2026-07-24T21:30:00+0200,190.99,EUR/MWh,BE,BE,imbalance_price,Long,2026-08-23T11:28:30Z
2026-08-23T11:27:43Z,2026-08-23T13:27:43+0200,aa89dba4-771d-4653-9ac4-44e4858bfe00,2026-07-24T19:30:00Z,2026-07-24T21:30:00+0200,190.99,EUR/MWh,BE,BE,imbalance_price,Short,2026-08-23T11:28:30Z
2026-08-23T11:27:43Z,2026-08-23T13:27:43+0200,aa89dba4-771d-4653-9ac4-44e4858bfe00,2026-07-24T19:45:00Z,2026-07-24T21:45:00+0200,182.78,EUR/MWh,BE,BE,imbalance_price,Long,2026-08-23T11:28:30Z
2026-08-23T11:27:43Z,2026-08-23T13:27:43+0200,aa89dba4-771d-4653-9ac4-44e4858bfe00,2026-07-24T19:45:00Z,2026-07-24T21:45:00+0200,182.78,EUR/MWh,BE,BE,imbalance_price,Short,2026-08-23T11:28:30Z
2026-08-23T11:27:43Z,2026-08-23T13:27:43+0200,aa89dba4-771d-4653-9ac4-44e4858bfe00,2026-07-24T20:00:00Z,2026-07-24T22:00:00+0200,179.05,EUR/MWh,BE,BE,imbalance_price,Long,2026-08-23T11:28:30Z
2026-08-23T11:27:43Z,2026-08-23T13:27:43+0200,aa89dba4-771d-4653-9ac4-44e4858bfe00,2026-07-24T20:00:00Z,2026-07-24T22:00:00+0200,179.05,EUR/MWh,BE,BE,imbalance_price,Short,2026-08-23T11:28:30Z
2026-08-23T11:27:43Z,2026-08-23T13:27:43+0200,aa89dba4-771d-4653-9ac4-44e4858bfe00,2026-07-24T20:15:00Z,2026-07-24T22:15:00+0200,170.4,EUR/MWh,BE,BE,imbalance_price,Long,2026-08-23T11:28:30Z
2026-08-23T11:27:43Z,2026-08-23T13:27:43+0200,aa89dba4-771d-4653-9ac4-44e4858bfe00,2026-07-24T20:15:00Z,2026-07-24T22:15:00+0200,170.4,EUR/MWh,BE,BE,imbalance_price,Short,2026-08-23T11:28:30Z
2026-08-23T11:27:43Z,2026-08-23T13:27:43+0200,aa89dba4-771d-4653-9ac4-44e4858bfe00,2026-07-24T20:30:00Z,2026-07-24T22:30:00+0200,181.93,EUR/MWh,BE,BE,imbalance_price,Long,2026-08-23T11:28:30Z
2026-08-23T11:27:43Z,2026-08-23T13:27:43+0200,aa89dba4-771d-4653-9ac4-44e4858bfe00,2026-07-24T20:30:00Z,2026-07-24T22:30:00+0200,181.93,EUR/MWh,BE,BE,imbalance_price,Short,2026-08-23T11:28:30Z
2026-08-23T11:27:43Z,2026-08-23T13:27:43+0200,aa89dba4-771d-4653-9ac4-44e4858bfe00,2026-07-24T20:45:00Z,2026-07-24T22:45:00+0200,170.38,EUR/MWh,BE,BE,imbalance_price,Long,2026-08-23T11:28:30Z
2026-08-23T11:27:43Z,2026-08-23T13:27:43+0200,aa89dba4-771d-4653-9ac4-44e4858bfe00,2026-07-24T20:45:00Z,2026-07-24T22:45:00+0200,170.38,EUR/MWh,BE,BE,imbalance_price,Short,2026-08-23T11:28:30Z
2026-08-23T11:27:43Z,2026-08-23T13:27:43+0200,aa89dba4-771d-4653-9ac4-44e4858bfe00,2026-07-24T21:00:00Z,2026-07-24T23:00:00+0200,168.07,EUR/MWh,BE,BE,imbalance_price,Long,2026-08-23T11:28:30Z
2026-08-23T11:27:43Z,2026-08-23T13:27:43+0200,aa89dba4-771d-4653-9ac4-44e4858bfe00,2026-07-24T21:00:00Z,2026-07-24T23:00:00+0200,168.07,EUR/MWh,BE,BE,imbalance_price,Short,2026-08-23T11:28:30Z
2026-08-23T11:27:43Z,2026-08-23T13:27:43+0200,aa89dba4-771d-4653-9ac4-44e4858bfe00,2026-07-24T21:15:00Z,2026-07-24T23:15:00+0200,166.11,EUR/MWh,BE,BE,imbalance_price,Long,2026-08-23T11:28:30Z
2026-08-23T11:27:43Z,2026-08-23T13:27:43+0200,aa89dba4-771d-4653-9ac4-44e4858bfe00,2026-07-24T21:15:00Z,2026-07-24T23:15:00+0200,166.11,EUR/MWh,BE,BE,imbalance_price,Short,2026-08-23T11:28:30Z
2026-08-23T11:27:43Z,2026-08-23T13:27:43+0200,aa89dba4-771d-4653-9ac4-44e4858bfe00,2026-07-24T21:30:00Z,2026-07-24T23:30:00+0200,165.95,EUR/MWh,BE,BE,imbalance_price,Long,2026-08-23T11:28:30Z
2026-08-23T11:27:43Z,2026-08-23T13:27:43+0200,aa89dba4-771d-4653-9ac4-44e4858bfe00,2026-07-24T21:30:00Z,2026-07-24T23:30:00+0200,165.95,EUR/MWh,BE,BE,imbalance_price,Short,2026-08-23T11:28:30Z
2026-08-23T11:27:43Z,2026-08-23T13:27:43+0200,aa89dba4-771d-4653-9ac4-44e4858bfe00,2026-07-24T21:45:00Z,2026-07-24T23:45:00+0200,155.48,EUR/MWh,BE,BE,imbalance_price,Long,2026-08-23T11:28:30Z
2026-08-23T11:27:43Z,2026-08-23T13:27:43+0200,aa89dba4-771d-4653-9ac4-44e4858bfe00,2026-07-24T21:45:00Z,2026-07-24T23:45:00+0200,155.48,EUR/MWh,BE,BE,imbalance_price,Short,2026-08-23T11:28:30Z
2026-08-23T11:27:43Z,2026-08-23T13:27:43+0200,aa89dba4-771d-4653-9ac4-44e4858bfe00,2026-07-24T22:00:00Z,2026-07-25T00:00:00+0200,137.92,EUR/MWh,BE,BE,imbalance_price,Long,2026-08-23T11:28:30Z
2026-08-23T11:27:43Z,2026-08-23T13:27:43+0200,aa89dba4-771d-4653-9ac4-44e4858bfe00,2026-07-24T22:00:00Z,2026-07-25T00:00:00+0200,137.92,EUR/MWh,BE,BE,imbalance_price,Short,2026-08-23T11:28:30Z
2026-08-23T11:27:43Z,2026-08-23T13:27:43+0200,aa89dba4-771d-4653-9ac4-44e4858bfe00,2026-07-24T22:15:00Z,2026-07-25T00:15:00+0200,144.68,EUR/MWh,BE,BE,imbalance_price,Long,2026-08-23T11:28:30Z
2026-08-23T11:27:43Z,2026-08-23T13:27:43+0200,aa89dba4-771d-4653-9ac4-44e4858bfe00,2026-07-24T22:15:00Z,2026-07-25T00:15:00+0200,144.68,EUR/MWh,BE,BE,imbalance_price,Short,2026-08-23T11:28:30Z
2026-08-23T11:27:43Z,2026-08-23T13:27:43+0200,aa89dba4-771d-4653-9ac4-44e4858bfe00,2026-07-24T22:30:00Z,2026-07-25T00:30:00+0200,179.25,EUR/MWh,BE,BE,imbalance_price,Long,2026-08-23T11:28:30Z
2026-08-23T11:27:43Z,2026-08-23T13:27:43+0200,aa89dba4-771d-4653-9ac4-44e4858bfe00,2026-07-24T22:30:00Z,2026-07-25T00:30:00+0200,179.25,EUR/MWh,BE,BE,imbalance_price,Short,2026-08-23T11:28:30Z
2026-08-23T11:27:43Z,2026-08-23T13:27:43+0200,aa89dba4-771d-4653-9ac4-44e4858bfe00,2026-07-24T22:45:00Z,2026-07-25T00:45:00+0200,142.61,EUR/MWh,BE,BE,imbalance_price,Long,2026-08-23T11:28:30Z
2026-08-23T11:27:43Z,2026-08-23T13:27:43+0200,aa89dba4-771d-4653-9ac4-44e4858bfe00,2026-07-24T22:45:00Z,2026-07-25T00:45:00+0200,142.61,EUR/MWh,BE,BE,imbalance_price,Short,2026-08-23T11:28:30Z
2026-08-23T11:27:43Z,2026-08-23T13:27:43+0200,aa89dba4-771d-4653-9ac4-44e4858bfe00,2026-07-24T23:00:00Z,2026-07-25T01:00:00+0200,143.2,EUR/MWh,BE,BE,imbalance_price,Long,2026-08-23T11:28:30Z
2026-08-23T11:27:43Z,2026-08-23T13:27:43+0200,aa89dba4-771d-4653-9ac4-44e4858bfe00,2026-07-24T23:00:00Z,2026-07-25T01:00:00+0200,143.2,EUR/MWh,BE,BE,imbalance_price,Short,2026-08-23T11:28:30Z
2026-08-23T11:27:43Z,2026-08-23T13:27:43+0200,aa89dba4-771d-4653-9ac4-44e4858bfe00,2026-07-24T23:15:00Z,2026-07-25T01:15:00+0200,146.24,EUR/MWh,BE,BE,imbalance_price,Long,2026-08-23T11:28:30Z
2026-08-23T11:27:43Z,2026-08-23T13:27:43+0200,aa89dba4-771d-4653-9ac4-44e4858bfe00,2026-07-24T23:15:00Z,2026-07-25T01:15:00+0200,146.24,EUR/MWh,BE,BE,imbalance_price,Short,2026-08-23T11:28:30Z
2026-08-23T11:27:43Z,2026-08-23T13:27:43+0200,aa89dba4-771d-4653-9ac4-44e4858bfe00,2026-07-24T23:30:00Z,2026-07-25T01:30:00+0200,147.33,EUR/MWh,BE,BE,imbalance_price,Long,2026-08-23T11:28:30Z
2026-08-23T11:27:43Z,2026-08-23T13:27:43+0200,aa89dba4-771d-4653-9ac4-44e4858bfe00,2026-07-24T23:30:00Z,2026-07-25T01:30:00+0200,147.33,EUR/MWh,BE,BE,imbalance_price,Short,2026-08-23T11:28:30Z
2026-08-23T11:27:43Z,2026-08-23T13:27:43+0200,aa89dba4-771d-4653-9ac4-44e4858bfe00,2026-07-24T23:45:00Z,2026-07-25T01:45:00+0200,150.29,EUR/MWh,BE,BE,imbalance_price,Long,2026-08-23T11:28:30Z
2026-08-23T11:27:43Z,2026-08-23T13:27:43+0200,aa89dba4-771d-4653-9ac4-44e4858bfe00,2026-07-24T23:45:00Z,2026-07-25T01:45:00+0200,150.29,EUR/MWh,BE,BE,imbalance_price,Short,2026-08-23T11:28:30Z
2026-08-23T11:27:43Z,2026-08-23T13:27:43+0200,aa89dba4-771d-4653-9ac4-44e4858bfe00,2026-07-25T00:00:00Z,2026-07-25T02:00:00+0200,105.29,EUR/MWh,BE,BE,imbalance_price,Long,2026-08-23T11:28:30Z
2026-08-23T11:27:43Z,2026-08-23T13:27:43+0200,aa89dba4-771d-4653-9ac4-44e4858bfe00,2026-07-25T00:00:00Z,2026-07-25T02:00:00+0200,105.29,EUR/MWh,BE,BE,imbalance_price,Short,2026-08-23T11:28:30Z
2026-08-23T11:27:43Z,2026-08-23T13:27:43+0200,aa89dba4-771d-4653-9ac4-44e4858bfe00,2026-07-25T00:15:00Z,2026-07-25T02:15:00+0200,122.59,EUR/MWh,BE,BE,imbalance_price,Long,2026-08-23T11:28:30Z
2026-08-23T11:27:43Z,2026-08-23T13:27:43+0200,aa89dba4-771d-4653-9ac4-44e4858bfe00,2026-07-25T00:15:00Z,2026-07-25T02:15:00+0200,122.59,EUR/MWh,BE,BE,imbalance_price,Short,2026-08-23T11:28:30Z
2026-08-23T11:27:43Z,2026-08-23T13:27:43+0200,aa89dba4-771d-4653-9ac4-44e4858bfe00,2026-07-25T00:30:00Z,2026-07-25T02:30:00+0200,122.59,EUR/MWh,BE,BE,imbalance_price,Long,2026-08-23T11:28:30Z
2026-08-23T11:27:43Z,2026-08-23T13:27:43+0200,aa89dba4-771d-4653-9ac4-44e4858bfe00,2026-07-25T00:30:00Z,2026-07-25T02:30:00+0200,122.59,EUR/MWh,BE,BE,imbalance_price,Short,2026-08-23T11:28:30Z
2026-08-23T11:27:43Z,2026-08-23T13:27:43+0200,aa89dba4-771d-4653-9ac4-44e4858bfe00,2026-07-25T00:45:00Z,2026-07-25T02:45:00+0200,122.59,EUR/MWh,BE,BE,imbalance_price,Long,2026-08-23T11:28:30Z
2026-08-23T11:27:43Z,2026-08-23T13:27:43+0200,aa89dba4-771d-4653-9ac4-44e4858bfe00,2026-07-25T00:45:00Z,2026-07-25T02:45:00+0200,122.59,EUR/MWh,BE,BE,imbalance_price,Short,2026-08-23T11:28:30Z
2026-08-23T11:27:43Z,2026-08-23T13:27:43+0200,aa89dba4-771d-4653-9ac4-44e4858bfe00,2026-07-25T01:00:00Z,2026-07-25T03:00:00+0200,121.34,EUR/MWh,BE,BE,imbalance_price,Long,2026-08-23T11:28:30Z
2026-08-23T11:27:43Z,2026-08-23T13:27:43+0200,aa89dba4-771d-4653-9ac4-44e4858bfe00,2026-07-25T01:00:00Z,2026-07-25T03:00:00+0200,121.34,EUR/MWh,BE,BE,imbalance_price,Short,2026-08-23T11:28:30Z
2026-08-23T11:27:43Z,2026-08-23T13:27:43+0200,aa89dba4-771d-4653-9ac4-44e4858bfe00,2026-07-25T01:15:00Z,2026-07-25T03:15:00+0200,141.5,EUR/MWh,BE,BE,imbalance_price,Long,2026-08-23T11:28:30Z
2026-08-23T11:27:43Z,2026-08-23T13:27:43+0200,aa89dba4-771d-4653-9ac4-44e4858bfe00,2026-07-25T01:15:00Z,2026-07-25T03:15:00+0200,141.5,EUR/MWh,BE,BE,imbalance_price,Short,2026-08-23T11:28:30Z
2026-08-23T11:27:43Z,2026-08-23T13:27:43+0200,aa89dba4-771d-4653-9ac4-44e4858bfe00,2026-07-25T01:30:00Z,2026-07-25T03:30:00+0200,144.17,EUR/MWh,BE,BE,imbalance_price,Long,2026-08-23T11:28:30Z
2026-08-23T11:27:43Z,2026-08-23T13:27:43+0200,aa89dba4-771d-4653-9ac4-44e4858bfe00,2026-07-25T01:30:00Z,2026-07-25T03:30:00+0200,144.17,EUR/MWh,BE,BE,imbalance_price,Short,2026-08-23T11:28:30Z
2026-08-23T11:27:43Z,2026-08-23T13:27:43+0200,aa89dba4-771d-4653-9ac4-44e4858bfe00,2026-07-25T01:45:00Z,2026-07-25T03:45:00+0200,140.4,EUR/MWh,BE,BE,imbalance_price,Long,2026-08-23T11:28:30Z
2026-08-23T11:27:43Z,2026-08-23T13:27:43+0200,aa89dba4-771d-4653-9ac4-44e4858bfe00,2026-07-25T01:45:00Z,2026-07-25T03:45:00+0200,140.4,EUR/MWh,BE,BE,imbalance_price,Short,2026-08-23T11:28:30Z
2026-08-23T11:27:43Z,2026-08-23T13:27:43+0200,aa89dba4-771d-4653-9ac4-44e4858bfe00,2026-07-25T02:00:00Z,2026-07-25T04:00:00+0200,136.33,EUR/MWh,BE,BE,imbalance_price,Long,2026-08-23T11:28:30Z
2026-08-23T11:27:43Z,2026-08-23T13:27:43+0200,aa89dba4-771d-4653-9ac4-44e4858bfe00,2026-07-25T02:00:00Z,2026-07-25T04:00:00+0200,136.33,EUR/MWh,BE,BE,imbalance_price,Short,2026-08-23T11:28:30Z
2026-08-23T11:27:43Z,2026-08-23T13:27:43+0200,aa89dba4-771d-4653-9ac4-44e4858bfe00,2026-07-25T02:15:00Z,2026-07-25T04:15:00+0200,123.48,EUR/MWh,BE,BE,imbalance_price,Long,2026-08-23T11:28:30Z
2026-08-23T11:27:43Z,2026-08-23T13:27:43+0200,aa89dba4-771d-4653-9ac4-44e4858bfe00,2026-07-25T02:15:00Z,2026-07-25T04:15:00+0200,123.48,EUR/MWh,BE,BE,imbalance_price,Short,2026-08-23T11:28:30Z
2026-08-23T11:27:43Z,2026-08-23T13:27:43+0200,aa89dba4-771d-4653-9ac4-44e4858bfe00,2026-07-25T02:30:00Z,2026-07-25T04:30:00+0200,117.58,EUR/MWh,BE,BE,imbalance_price,Long,2026-08-23T11:28:30Z
2026-08-23T11:27:43Z,2026-08-23T13:27:43+0200,aa89dba4-771d-4653-9ac4-44e4858bfe00,2026-07-25T02:30:00Z,2026-07-25T04:30:00+0200,117.58,EUR/MWh,BE,BE,imbalance_price,Short,2026-08-23T11:28:30Z
2026-08-23T11:27:43Z,2026-08-23T13:27:43+0200,aa89dba4-771d-4653-9ac4-44e4858bfe00,2026-07-25T02:45:00Z,2026-07-25T04:45:00+0200,127.08,EUR/MWh,BE,BE,imbalance_price,Long,2026-08-23T11:28:30Z
2026-08-23T11:27:43Z,2026-08-23T13:27:43+0200,aa89dba4-771d-4653-9ac4-44e4858bfe00,2026-07-25T02:45:00Z,2026-07-25T04:45:00+0200,127.08,EUR/MWh,BE,BE,imbalance_price,Short,2026-08-23T11:28:30Z
2026-08-23T11:27:43Z,2026-08-23T13:27:43+0200,aa89dba4-771d-4653-9ac4-44e4858bfe00,2026-07-25T03:00:00Z,2026-07-25T05:00:00+0200,120.43,EUR/MWh,BE,BE,imbalance_price,Long,2026-08-23T11:28:30Z
2026-08-23T11:27:43Z,2026-08-23T13:27:43+0200,aa89dba4-771d-4653-9ac4-44e4858bfe00,2026-07-25T03:00:00Z,2026-07-25T05:00:00+0200,120.43,EUR/MWh,BE,BE,imbalance_price,Short,2026-08-23T11:28:30Z
2026-08-23T11:27:43Z,2026-08-23T13:27:43+0200,aa89dba4-771d-4653-9ac4-44e4858bfe00,2026-07-25T03:15:00Z,2026-07-25T05:15:00+0200,120.4,EUR/MWh,BE,BE,imbalance_price,Long,2026-08-23T11:28:30Z
2026-08-23T11:27:43Z,2026-08-23T13:27:43+0200,aa89dba4-771d-4653-9ac4-44e4858bfe00,2026-07-25T03:15:00Z,2026-07-25T05:15:00+0200,120.4,EUR/MWh,BE,BE,imbalance_price,Short,2026-08-23T11:28:30Z
2026-08-23T11:27:43Z,2026-08-23T13:27:43+0200,aa89dba4-771d-4653-9ac4-44e4858bfe00,2026-07-25T03:30:00Z,2026-07-25T05:30:00+0200,97.73,EUR/MWh,BE,BE,imbalance_price,Long,2026-08-23T11:28:30Z
2026-08-23T11:27:43Z,2026-08-23T13:27:43+0200,aa89dba4-771d-4653-9ac4-44e4858bfe00,2026-07-25T03:30:00Z,2026-07-25T05:30:00+0200,97.73,EUR/MWh,BE,BE,imbalance_price,Short,2026-08-23T11:28:30Z
2026-08-23T11:27:43Z,2026-08-23T13:27:43+0200,aa89dba4-771d-4653-9ac4-44e4858bfe00,2026-07-25T03:45:00Z,2026-07-25T05:45:00+0200,106.42,EUR/MWh,BE,BE,imbalance_price,Long,2026-08-23T11:28:30Z
2026-08-23T11:27:43Z,2026-08-23T13:27:43+0200,aa89dba4-771d-4653-9ac4-44e4858bfe00,2026-07-25T03:45:00Z,2026-07-25T05:45:00+0200,106.42,EUR/MWh,BE,BE,imbalance_price,Short,2026-08-23T11:28:30Z
2026-08-23T11:27:43Z,2026-08-23T13:27:43+0200,aa89dba4-771d-4653-9ac4-44e4858bfe00,2026-07-25T04:00:00Z,2026-07-25T06:00:00+0200,137.44,EUR/MWh,BE,BE,imbalance_price,Long,2026-08-23T11:28:30Z
2026-08-23T11:27:43Z,2026-08-23T13:27:43+0200,aa89dba4-771d-4653-9ac4-44e4858bfe00,2026-07-25T04:00:00Z,2026-07-25T06:00:00+0200,137.44,EUR/MWh,BE,BE,imbalance_price,Short,2026-08-23T11:28:30Z
2026-08-23T11:27:43Z,2026-08-23T13:27:43+0200,aa89dba4-771d-4653-9ac4-44e4858bfe00,2026-07-25T04:15:00Z,2026-07-25T06:15:00+0200,140.96,EUR/MWh,BE,BE,imbalance_price,Long,2026-08-23T11:28:30Z
2026-08-23T11:27:43Z,2026-08-23T13:27:43+0200,aa89dba4-771d-4653-9ac4-44e4858bfe00,2026-07-25T04:15:00Z,2026-07-25T06:15:00+0200,140.96,EUR/MWh,BE,BE,imbalance_price,Short,2026-08-23T11:28:30Z
2026-08-23T11:27:43Z,2026-08-23T13:27:43+0200,aa89dba4-771d-4653-9ac4-44e4858bfe00,2026-07-25T04:30:00Z,2026-07-25T06:30:00+0200,123.48,EUR/MWh,BE,BE,imbalance_price,Long,2026-08-23T11:28:30Z
2026-08-23T11:27:43Z,2026-08-23T13:27:43+0200,aa89dba4-771d-4653-9ac4-44e4858bfe00,2026-07-25T04:30:00Z,2026-07-25T06:30:00+0200,123.48,EUR/MWh,BE,BE,imbalance_price,Short,2026-08-23T11:28:30Z
2026-08-23T11:27:43Z,2026-08-23T13:27:43+0200,aa89dba4-771d-4653-9ac4-44e4858bfe00,2026-07-25T04:45:00Z,2026-07-25T06:45:00+0200,108.0,EUR/MWh,BE,BE,imbalance_price,Long,2026-08-23T11:28:30Z
2026-08-23T11:27:43Z,2026-08-23T13:27:43+0200,aa89dba4-771d-4653-9ac4-44e4858bfe00,2026-07-25T04:45:00Z,2026-07-25T06:45:00+0200,108.0,EUR/MWh,BE,BE,imbalance_price,Short,2026-08-23T11:28:30Z
2026-08-23T11:27:43Z,2026-08-23T13:27:43+0200,aa89dba4-771d-4653-9ac4-44e4858bfe00,2026-07-25T05:00:00Z,2026-07-25T07:00:00+0200,124.68,EUR/MWh,BE,BE,imbalance_price,Long,2026-08-23T11:28:30Z
2026-08-23T11:27:43Z,2026-08-23T13:27:43+0200,aa89dba4-771d-4653-9ac4-44e4858bfe00,2026-07-25T05:00:00Z,2026-07-25T07:00:00+0200,124.68,EUR/MWh,BE,BE,imbalance_price,Short,2026-08-23T11:28:30Z
2026-08-23T11:27:43Z,2026-08-23T13:27:43+0200,aa89dba4-771d-4653-9ac4-44e4858bfe00,2026-07-25T05:15:00Z,2026-07-25T07:15:00+0200,70.9,EUR/MWh,BE,BE,imbalance_price,Long,2026-08-23T11:28:30Z
2026-08-23T11:27:43Z,2026-08-23T13:27:43+0200,aa89dba4-771d-4653-9ac4-44e4858bfe00,2026-07-25T05:15:00Z,2026-07-25T07:15:00+0200,70.9,EUR/MWh,BE,BE,imbalance_price,Short,2026-08-23T11:28:30Z
2026-08-23T11:27:43Z,2026-08-23T13:27:43+0200,aa89dba4-771d-4653-9ac4-44e4858bfe00,2026-07-25T05:30:00Z,2026-07-25T07:30:00+0200,67.33,EUR/MWh,BE,BE,imbalance_price,Long,2026-08-23T11:28:30Z
2026-08-23T11:27:43Z,2026-08-23T13:27:43+0200,aa89dba4-771d-4653-9ac4-44e4858bfe00,2026-07-25T05:30:00Z,2026-07-25T07:30:00+0200,67.33,EUR/MWh,BE,BE,imbalance_price,Short,2026-08-23T11:28:30Z
2026-08-23T11:27:43Z,2026-08-23T13:27:43+0200,aa89dba4-771d-4653-9ac4-44e4858bfe00,2026-07-25T05:45:00Z,2026-07-25T07:45:00+0200,34.85,EUR/MWh,BE,BE,imbalance_price,Long,2026-08-23T11:28:30Z
2026-08-23T11:27:43Z,2026-08-23T13:27:43+0200,aa89dba4-771d-4653-9ac4-44e4858bfe00,2026-07-25T05:45:00Z,2026-07-25T07:45:00+0200,34.85,EUR/MWh,BE,BE,imbalance_price,Short,2026-08-23T11:28:30Z
2026-08-23T11:27:43Z,2026-08-23T13:27:43+0200,aa89dba4-771d-4653-9ac4-44e4858bfe00,2026-07-25T06:00:00Z,2026-07-25T08:00:00+0200,50.0,EUR/MWh,BE,BE,imbalance_price,Long,2026-08-23T11:28:30Z
2026-08-23T11:27:43Z,2026-08-23T13:27:43+0200,aa89dba4-771d-4653-9ac4-44e4858bfe00,2026-07-25T06:00:00Z,2026-07-25T08:00:00+0200,50.0,EUR/MWh,BE,BE,imbalance_price,Short,2026-08-23T11:28:30Z
2026-08-23T11:27:43Z,2026-08-23T13:27:43+0200,aa89dba4-771d-4653-9ac4-44e4858bfe00,2026-07-25T06:15:00Z,2026-07-25T08:15:00+0200,41.31,EUR/MWh,BE,BE,imbalance_price,Long,2026-08-23T11:28:30Z
2026-08-23T11:27:43Z,2026-08-23T13:27:43+0200,aa89dba4-771d-4653-9ac4-44e4858bfe00,2026-07-25T06:15:00Z,2026-07-25T08:15:00+0200,41.31,EUR/MWh,BE,BE,imbalance_price,Short,2026-08-23T11:28:30Z
2026-08-23T11:27:43Z,2026-08-23T13:27:43+0200,aa89dba4-771d-4653-9ac4-44e4858bfe00,2026-07-25T06:30:00Z,2026-07-25T08:30:00+0200,-1.23,EUR/MWh,BE,BE,imbalance_price,Long,2026-08-23T11:28:30Z
2026-08-23T11:27:43Z,2026-08-23T13:27:43+0200,aa89dba4-771d-4653-9ac4-44e4858bfe00,2026-07-25T06:30:00Z,2026-07-25T08:30:00+0200,-1.23,EUR/MWh,BE,BE,imbalance_price,Short,2026-08-23T11:28:30Z
2026-08-23T11:27:43Z,2026-08-23T13:27:43+0200,aa89dba4-771d-4653-9ac4-44e4858bfe00,2026-07-25T06:45:00Z,2026-07-25T08:45:00+0200,-15.85,EUR/MWh,BE,BE,imbalance_price,Long,2026-08-23T11:28:30Z
2026-08-23T11:27:43Z,2026-08-23T13:27:43+0200,aa89dba4-771d-4653-9ac4-44e4858bfe00,2026-07-25T06:45:00Z,2026-07-25T08:45:00+0200,-15.85,EUR/MWh,BE,BE,imbalance_price,Short,2026-08-23T11:28:30Z
2026-08-23T11:27:43Z,2026-08-23T13:27:43+0200,aa89dba4-771d-4653-9ac4-44e4858bfe00,2026-07-25T07:00:00Z,2026-07-25T09:00:00+0200,-11.34,EUR/MWh,BE,BE,imbalance_price,Long,2026-08-23T11:28:30Z
2026-08-23T11:27:43Z,2026-08-23T13:27:43+0200,aa89dba4-771d-4653-9ac4-44e4858bfe00,2026-07-25T07:00:00Z,2026-07-25T09:00:00+0200,-11.34,EUR/MWh,BE,BE,imbalance_price,Short,2026-08-23T11:28:30Z
2026-08-23T11:27:43Z,2026-08-23T13:27:43+0200,aa89dba4-771d-4653-9ac4-44e4858bfe00,2026-07-25T07:15:00Z,2026-07-25T09:15:00+0200,-6.58,EUR/MWh,BE,BE,imbalance_price,Long,2026-08-23T11:28:30Z
2026-08-23T11:27:43Z,2026-08-23T13:27:43+0200,aa89dba4-771d-4653-9ac4-44e4858bfe00,2026-07-25T07:15:00Z,2026-07-25T09:15:00+0200,-6.58,EUR/MWh,BE,BE,imbalance_price,Short,2026-08-23T11:28:30Z
2026-08-23T11:27:43Z,2026-08-23T13:27:43+0200,aa89dba4-771d-4653-9ac4-44e4858bfe00,2026-07-25T07:30:00Z,2026-07-25T09:30:00+0200,-10.38,EUR/MWh,BE,BE,imbalance_price,Long,2026-08-23T11:28:30Z
2026-08-23T11:27:43Z,2026-08-23T13:27:43+0200,aa89dba4-771d-4653-9ac4-44e4858bfe00,2026-07-25T07:30:00Z,2026-07-25T09:30:00+0200,-10.38,EUR/MWh,BE,BE,imbalance_price,Short,2026-08-23T11:28:30Z
2026-08-23T11:27:43Z,2026-08-23T13:27:43+0200,aa89dba4-771d-4653-9ac4-44e4858bfe00,2026-07-25T07:45:00Z,2026-07-25T09:45:00+0200,-16.77,EUR/MWh,BE,BE,imbalance_price,Long,2026-08-23T11:28:30Z
2026-08-23T11:27:43Z,2026-08-23T13:27:43+0200,aa89dba4-771d-4653-9ac4-44e4858bfe00,2026-07-25T07:45:00Z,2026-07-25T09:45:00+0200,-16.77,EUR/MWh,BE,BE,imbalance_price,Short,2026-08-23T11:28:30Z
2026-08-23T11:27:43Z,2026-08-23T13:27:43+0200,aa89dba4-771d-4653-9ac4-44e4858bfe00,2026-07-25T08:00:00Z,2026-07-25T10:00:00+0200,8.5,EUR/MWh,BE,BE,imbalance_price,Long,2026-08-23T11:28:30Z
2026-08-23T11:27:43Z,2026-08-23T13:27:43+0200,aa89dba4-771d-4653-9ac4-44e4858bfe00,2026-07-25T08:00:00Z,2026-07-25T10:00:00+0200,8.5,EUR/MWh,BE,BE,imbalance_price,Short,2026-08-23T11:28:30Z
2026-08-23T11:27:43Z,2026-08-23T13:27:43+0200,aa89dba4-771d-4653-9ac4-44e4858bfe00,2026-07-25T08:15:00Z,2026-07-25T10:15:00+0200,-1.01,EUR/MWh,BE,BE,imbalance_price,Long,2026-08-23T11:28:30Z
2026-08-23T11:27:43Z,2026-08-23T13:27:43+0200,aa89dba4-771d-4653-9ac4-44e4858bfe00,2026-07-25T08:15:00Z,2026-07-25T10:15:00+0200,-1.01,EUR/MWh,BE,BE,imbalance_price,Short,2026-08-23T11:28:30Z
2026-08-23T11:27:43Z,2026-08-23T13:27:43+0200,aa89dba4-771d-4653-9ac4-44e4858bfe00,2026-07-25T08:30:00Z,2026-07-25T10:30:00+0200,0.58,EUR/MWh,BE,BE,imbalance_price,Long,2026-08-23T11:28:30Z
2026-08-23T11:27:43Z,2026-08-23T13:27:43+0200,aa89dba4-771d-4653-9ac4-44e4858bfe00,2026-07-25T08:30:00Z,2026-07-25T10:30:00+0200,0.58,EUR/MWh,BE,BE,imbalance_price,Short,2026-08-23T11:28:30Z
2026-08-23T11:27:43Z,2026-08-23T13:27:43+0200,aa89dba4-771d-4653-9ac4-44e4858bfe00,2026-07-25T08:45:00Z,2026-07-25T10:45:00+0200,6.5,EUR/MWh,BE,BE,imbalance_price,Long,2026-08-23T11:28:30Z
2026-08-23T11:27:43Z,2026-08-23T13:27:43+0200,aa89dba4-771d-4653-9ac4-44e4858bfe00,2026-07-25T08:45:00Z,2026-07-25T10:45:00+0200,6.5,EUR/MWh,BE,BE,imbalance_price,Short,2026-08-23T11:28:30Z
2026-08-23T11:27:43Z,2026-08-23T13:27:43+0200,aa89dba4-771d-4653-9ac4-44e4858bfe00,2026-07-25T09:00:00Z,2026-07-25T11:00:00+0200,-1.01,EUR/MWh,BE,BE,imbalance_price,Long,2026-08-23T11:28:30Z
2026-08-23T11:27:43Z,2026-08-23T13:27:43+0200,aa89dba4-771d-4653-9ac4-44e4858bfe00,2026-07-25T09:00:00Z,2026-07-25T11:00:00+0200,-1.01,EUR/MWh,BE,BE,imbalance_price,Short,2026-08-23T11:28:30Z
2026-08-23T11:27:43Z,2026-08-23T13:27:43+0200,aa89dba4-771d-4653-9ac4-44e4858bfe00,2026-07-25T09:15:00Z,2026-07-25T11:15:00+0200,-1.01,EUR/MWh,BE,BE,imbalance_price,Long,2026-08-23T11:28:30Z
2026-08-23T11:27:43Z,2026-08-23T13:27:43+0200,aa89dba4-771d-4653-9ac4-44e4858bfe00,2026-07-25T09:15:00Z,2026-07-25T11:15:00+0200,-1.01,EUR/MWh,BE,BE,imbalance_price,Short,2026-08-23T11:28:30Z
2026-08-23T11:27:43Z,2026-08-23T13:27:43+0200,aa89dba4-771d-4653-9ac4-44e4858bfe00,2026-07-25T09:30:00Z,2026-07-25T11:30:00+0200,-4.46,EUR/MWh,BE,BE,imbalance_price,Long,2026-08-23T11:28:30Z
2026-08-23T11:27:43Z,2026-08-23T13:27:43+0200,aa89dba4-771d-4653-9ac4-44e4858bfe00,2026-07-25T09:30:00Z,2026-07-25T11:30:00+0200,-4.46,EUR/MWh,BE,BE,imbalance_price,Short,2026-08-23T11:28:30Z
2026-08-23T11:27:43Z,2026-08-23T13:27:43+0200,aa89dba4-771d-4653-9ac4-44e4858bfe00,2026-07-25T09:45:00Z,2026-07-25T11:45:00+0200,-8.16,EUR/MWh,BE,BE,imbalance_price,Long,2026-08-23T11:28:30Z
2026-08-23T11:27:43Z,2026-08-23T13:27:43+0200,aa89dba4-771d-4653-9ac4-44e4858bfe00,2026-07-25T09:45:00Z,2026-07-25T11:45:00+0200,-8.16,EUR/MWh,BE,BE,imbalance_price,Short,2026-08-23T11:28:30Z
2026-08-23T11:27:43Z,2026-08-23T13:27:43+0200,aa89dba4-771d-4653-9ac4-44e4858bfe00,2026-07-25T10:00:00Z,2026-07-25T12:00:00+0200,-14.61,EUR/MWh,BE,BE,imbalance_price,Long,2026-08-23T11:28:30Z
2026-08-23T11:27:43Z,2026-08-23T13:27:43+0200,aa89dba4-771d-4653-9ac4-44e4858bfe00,2026-07-25T10:00:00Z,2026-07-25T12:00:00+0200,-14.61,EUR/MWh,BE,BE,imbalance_price,Short,2026-08-23T11:28:30Z
2026-08-23T11:27:43Z,2026-08-23T13:27:43+0200,aa89dba4-771d-4653-9ac4-44e4858bfe00,2026-07-25T10:15:00Z,2026-07-25T12:15:00+0200,-17.37,EUR/MWh,BE,BE,imbalance_price,Long,2026-08-23T11:28:30Z
2026-08-23T11:27:43Z,2026-08-23T13:27:43+0200,aa89dba4-771d-4653-9ac4-44e4858bfe00,2026-07-25T10:15:00Z,2026-07-25T12:15:00+0200,-17.37,EUR/MWh,BE,BE,imbalance_price,Short,2026-08-23T11:28:30Z
2026-08-23T11:27:43Z,2026-08-23T13:27:43+0200,aa89dba4-771d-4653-9ac4-44e4858bfe00,2026-07-25T10:30:00Z,2026-07-25T12:30:00+0200,-10.89,EUR/MWh,BE,BE,imbalance_price,Long,2026-08-23T11:28:30Z
2026-08-23T11:27:43Z,2026-08-23T13:27:43+0200,aa89dba4-771d-4653-9ac4-44e4858bfe00,2026-07-25T10:30:00Z,2026-07-25T12:30:00+0200,-10.89,EUR/MWh,BE,BE,imbalance_price,Short,2026-08-23T11:28:30Z
2026-08-23T11:27:43Z,2026-08-23T13:27:43+0200,aa89dba4-771d-4653-9ac4-44e4858bfe00,2026-07-25T10:45:00Z,2026-07-25T12:45:00+0200,-1.01,EUR/MWh,BE,BE,imbalance_price,Long,2026-08-23T11:28:30Z
2026-08-23T11:27:43Z,2026-08-23T13:27:43+0200,aa89dba4-771d-4653-9ac4-44e4858bfe00,2026-07-25T10:45:00Z,2026-07-25T12:45:00+0200,-1.01,EUR/MWh,BE,BE,imbalance_price,Short,2026-08-23T11:28:30Z
2026-08-23T11:27:43Z,2026-08-23T13:27:43+0200,aa89dba4-771d-4653-9ac4-44e4858bfe00,2026-07-25T11:00:00Z,2026-07-25T13:00:00+0200,-1.01,EUR/MWh,BE,BE,imbalance_price,Long,2026-08-23T11:28:30Z
2026-08-23T11:27:43Z,2026-08-23T13:27:43+0200,aa89dba4-771d-4653-9ac4-44e4858bfe00,2026-07-25T11:00:00Z,2026-07-25T13:00:00+0200,-1.01,EUR/MWh,BE,BE,imbalance_price,Short,2026-08-23T11:28:30Z
2026-08-23T11:27:43Z,2026-08-23T13:27:43+0200,aa89dba4-771d-4653-9ac4-44e4858bfe00,2026-07-25T11:15:00Z,2026-07-25T13:15:00+0200,4.0,EUR/MWh,BE,BE,imbalance_price,Long,2026-08-23T11:28:30Z
2026-08-23T11:27:43Z,2026-08-23T13:27:43+0200,aa89dba4-771d-4653-9ac4-44e4858bfe00,2026-07-25T11:15:00Z,2026-07-25T13:15:00+0200,4.0,EUR/MWh,BE,BE,imbalance_price,Short,2026-08-23T11:28:30Z
2026-08-23T11:27:43Z,2026-08-23T13:27:43+0200,aa89dba4-771d-4653-9ac4-44e4858bfe00,2026-07-25T11:30:00Z,2026-07-25T13:30:00+0200,7.0,EUR/MWh,BE,BE,imbalance_price,Long,2026-08-23T11:28:30Z
2026-08-23T11:27:43Z,2026-08-23T13:27:43+0200,aa89dba4-771d-4653-9ac4-44e4858bfe00,2026-07-25T11:30:00Z,2026-07-25T13:30:00+0200,7.0,EUR/MWh,BE,BE,imbalance_price,Short,2026-08-23T11:28:30Z
2026-08-23T11:27:43Z,2026-08-23T13:27:43+0200,aa89dba4-771d-4653-9ac4-44e4858bfe00,2026-07-25T11:45:00Z,2026-07-25T13:45:00+0200,22.06,EUR/MWh,BE,BE,imbalance_price,Long,2026-08-23T11:28:30Z
2026-08-23T11:27:43Z,2026-08-23T13:27:43+0200,aa89dba4-771d-4653-9ac4-44e4858bfe00,2026-07-25T11:45:00Z,2026-07-25T13:45:00+0200,22.06,EUR/MWh,BE,BE,imbalance_price,Short,2026-08-23T11:28:30Z
2026-08-23T11:27:43Z,2026-08-23T13:27:43+0200,aa89dba4-771d-4653-9ac4-44e4858bfe00,2026-07-25T12:00:00Z,2026-07-25T14:00:00+0200,-1.02,EUR/MWh,BE,BE,imbalance_price,Long,2026-08-23T11:28:30Z
2026-08-23T11:27:43Z,2026-08-23T13:27:43+0200,aa89dba4-771d-4653-9ac4-44e4858bfe00,2026-07-25T12:00:00Z,2026-07-25T14:00:00+0200,-1.02,EUR/MWh,BE,BE,imbalance_price,Short,2026-08-23T11:28:30Z
2026-08-23T11:27:43Z,2026-08-23T13:27:43+0200,aa89dba4-771d-4653-9ac4-44e4858bfe00,2026-07-25T12:15:00Z,2026-07-25T14:15:00+0200,-1.02,EUR/MWh,BE,BE,imbalance_price,Long,2026-08-23T11:28:30Z
2026-08-23T11:27:43Z,2026-08-23T13:27:43+0200,aa89dba4-771d-4653-9ac4-44e4858bfe00,2026-07-25T12:15:00Z,2026-07-25T14:15:00+0200,-1.02,EUR/MWh,BE,BE,imbalance_price,Short,2026-08-23T11:28:30Z
2026-08-23T11:27:43Z,2026-08-23T13:27:43+0200,aa89dba4-771d-4653-9ac4-44e4858bfe00,2026-07-25T12:30:00Z,2026-07-25T14:30:00+0200,-2.24,EUR/MWh,BE,BE,imbalance_price,Long,2026-08-23T11:28:30Z
2026-08-23T11:27:43Z,2026-08-23T13:27:43+0200,aa89dba4-771d-4653-9ac4-44e4858bfe00,2026-07-25T12:30:00Z,2026-07-25T14:30:00+0200,-2.24,EUR/MWh,BE,BE,imbalance_price,Short,2026-08-23T11:28:30Z
2026-08-23T11:27:43Z,2026-08-23T13:27:43+0200,aa89dba4-771d-4653-9ac4-44e4858bfe00,2026-07-25T12:45:00Z,2026-07-25T14:45:00+0200,-9.95,EUR/MWh,BE,BE,imbalance_price,Long,2026-08-23T11:28:30Z
2026-08-23T11:27:43Z,2026-08-23T13:27:43+0200,aa89dba4-771d-4653-9ac4-44e4858bfe00,2026-07-25T12:45:00Z,2026-07-25T14:45:00+0200,-9.95,EUR/MWh,BE,BE,imbalance_price,Short,2026-08-23T11:28:30Z
2026-08-23T11:27:43Z,2026-08-23T13:27:43+0200,aa89dba4-771d-4653-9ac4-44e4858bfe00,2026-07-25T13:00:00Z,2026-07-25T15:00:00+0200,-54.44,EUR/MWh,BE,BE,imbalance_price,Long,2026-08-23T11:28:30Z
2026-08-23T11:27:43Z,2026-08-23T13:27:43+0200,aa89dba4-771d-4653-9ac4-44e4858bfe00,2026-07-25T13:00:00Z,2026-07-25T15:00:00+0200,-54.44,EUR/MWh,BE,BE,imbalance_price,Short,2026-08-23T11:28:30Z
2026-08-23T11:27:43Z,2026-08-23T13:27:43+0200,aa89dba4-771d-4653-9ac4-44e4858bfe00,2026-07-25T13:15:00Z,2026-07-25T15:15:00+0200,-89.85,EUR/MWh,BE,BE,imbalance_price,Long,2026-08-23T11:28:30Z
2026-08-23T11:27:43Z,2026-08-23T13:27:43+0200,aa89dba4-771d-4653-9ac4-44e4858bfe00,2026-07-25T13:15:00Z,2026-07-25T15:15:00+0200,-89.85,EUR/MWh,BE,BE,imbalance_price,Short,2026-08-23T11:28:30Z
2026-08-23T11:27:43Z,2026-08-23T13:27:43+0200,aa89dba4-771d-4653-9ac4-44e4858bfe00,2026-07-25T13:30:00Z,2026-07-25T15:30:00+0200,-130.33,EUR/MWh,BE,BE,imbalance_price,Long,2026-08-23T11:28:30Z
2026-08-23T11:27:43Z,2026-08-23T13:27:43+0200,aa89dba4-771d-4653-9ac4-44e4858bfe00,2026-07-25T13:30:00Z,2026-07-25T15:30:00+0200,-130.33,EUR/MWh,BE,BE,imbalance_price,Short,2026-08-23T11:28:30Z
2026-08-23T11:27:43Z,2026-08-23T13:27:43+0200,aa89dba4-771d-4653-9ac4-44e4858bfe00,2026-07-25T13:45:00Z,2026-07-25T15:45:00+0200,-138.73,EUR/MWh,BE,BE,imbalance_price,Long,2026-08-23T11:28:30Z
2026-08-23T11:27:43Z,2026-08-23T13:27:43+0200,aa89dba4-771d-4653-9ac4-44e4858bfe00,2026-07-25T13:45:00Z,2026-07-25T15:45:00+0200,-138.73,EUR/MWh,BE,BE,imbalance_price,Short,2026-08-23T11:28:30Z
2026-08-23T11:27:43Z,2026-08-23T13:27:43+0200,aa89dba4-771d-4653-9ac4-44e4858bfe00,2026-07-25T14:00:00Z,2026-07-25T16:00:00+0200,-16.08,EUR/MWh,BE,BE,imbalance_price,Long,2026-08-23T11:28:30Z
2026-08-23T11:27:43Z,2026-08-23T13:27:43+0200,aa89dba4-771d-4653-9ac4-44e4858bfe00,2026-07-25T14:00:00Z,2026-07-25T16:00:00+0200,-16.08,EUR/MWh,BE,BE,imbalance_price,Short,2026-08-23T11:28:30Z
2026-08-23T11:27:43Z,2026-08-23T13:27:43+0200,aa89dba4-771d-4653-9ac4-44e4858bfe00,2026-07-25T14:15:00Z,2026-07-25T16:15:00+0200,13.85,EUR/MWh,BE,BE,imbalance_price,Long,2026-08-23T11:28:30Z
2026-08-23T11:27:43Z,2026-08-23T13:27:43+0200,aa89dba4-771d-4653-9ac4-44e4858bfe00,2026-07-25T14:15:00Z,2026-07-25T16:15:00+0200,13.85,EUR/MWh,BE,BE,imbalance_price,Short,2026-08-23T11:28:30Z
2026-08-23T11:27:43Z,2026-08-23T13:27:43+0200,aa89dba4-771d-4653-9ac4-44e4858bfe00,2026-07-25T14:30:00Z,2026-07-25T16:30:00+0200,9.92,EUR/MWh,BE,BE,imbalance_price,Long,2026-08-23T11:28:30Z
2026-08-23T11:27:43Z,2026-08-23T13:27:43+0200,aa89dba4-771d-4653-9ac4-44e4858bfe00,2026-07-25T14:30:00Z,2026-07-25T16:30:00+0200,9.92,EUR/MWh,BE,BE,imbalance_price,Short,2026-08-23T11:28:30Z
2026-08-23T11:27:43Z,2026-08-23T13:27:43+0200,aa89dba4-771d-4653-9ac4-44e4858bfe00,2026-07-25T14:45:00Z,2026-07-25T16:45:00+0200,-8.73,EUR/MWh,BE,BE,imbalance_price,Long,2026-08-23T11:28:30Z
2026-08-23T11:27:43Z,2026-08-23T13:27:43+0200,aa89dba4-771d-4653-9ac4-44e4858bfe00,2026-07-25T14:45:00Z,2026-07-25T16:45:00+0200,-8.73,EUR/MWh,BE,BE,imbalance_price,Short,2026-08-23T11:28:30Z
2026-08-23T11:27:43Z,2026-08-23T13:27:43+0200,aa89dba4-771d-4653-9ac4-44e4858bfe00,2026-07-25T15:00:00Z,2026-07-25T17:00:00+0200,74.8,EUR/MWh,BE,BE,imbalance_price,Long,2026-08-23T11:28:30Z
2026-08-23T11:27:43Z,2026-08-23T13:27:43+0200,aa89dba4-771d-4653-9ac4-44e4858bfe00,2026-07-25T15:00:00Z,2026-07-25T17:00:00+0200,74.8,EUR/MWh,BE,BE,imbalance_price,Short,2026-08-23T11:28:30Z
2026-08-23T11:27:43Z,2026-08-23T13:27:43+0200,aa89dba4-771d-4653-9ac4-44e4858bfe00,2026-07-25T15:15:00Z,2026-07-25T17:15:00+0200,23.67,EUR/MWh,BE,BE,imbalance_price,Long,2026-08-23T11:28:30Z
2026-08-23T11:27:43Z,2026-08-23T13:27:43+0200,aa89dba4-771d-4653-9ac4-44e4858bfe00,2026-07-25T15:15:00Z,2026-07-25T17:15:00+0200,23.67,EUR/MWh,BE,BE,imbalance_price,Short,2026-08-23T11:28:30Z
2026-08-23T11:27:43Z,2026-08-23T13:27:43+0200,aa89dba4-771d-4653-9ac4-44e4858bfe00,2026-07-25T15:30:00Z,2026-07-25T17:30:00+0200,82.5,EUR/MWh,BE,BE,imbalance_price,Long,2026-08-23T11:28:30Z
2026-08-23T11:27:43Z,2026-08-23T13:27:43+0200,aa89dba4-771d-4653-9ac4-44e4858bfe00,2026-07-25T15:30:00Z,2026-07-25T17:30:00+0200,82.5,EUR/MWh,BE,BE,imbalance_price,Short,2026-08-23T11:28:30Z
2026-08-23T11:27:43Z,2026-08-23T13:27:43+0200,aa89dba4-771d-4653-9ac4-44e4858bfe00,2026-07-25T15:45:00Z,2026-07-25T17:45:00+0200,35.29,EUR/MWh,BE,BE,imbalance_price,Long,2026-08-23T11:28:30Z
2026-08-23T11:27:43Z,2026-08-23T13:27:43+0200,aa89dba4-771d-4653-9ac4-44e4858bfe00,2026-07-25T15:45:00Z,2026-07-25T17:45:00+0200,35.29,EUR/MWh,BE,BE,imbalance_price,Short,2026-08-23T11:28:30Z
2026-08-23T11:27:43Z,2026-08-23T13:27:43+0200,aa89dba4-771d-4653-9ac4-44e4858bfe00,2026-07-25T16:00:00Z,2026-07-25T18:00:00+0200,107.29,EUR/MWh,BE,BE,imbalance_price,Long,2026-08-23T11:28:30Z
2026-08-23T11:27:43Z,2026-08-23T13:27:43+0200,aa89dba4-771d-4653-9ac4-44e4858bfe00,2026-07-25T16:00:00Z,2026-07-25T18:00:00+0200,107.29,EUR/MWh,BE,BE,imbalance_price,Short,2026-08-23T11:28:30Z
2026-08-23T11:27:43Z,2026-08-23T13:27:43+0200,aa89dba4-771d-4653-9ac4-44e4858bfe00,2026-07-25T16:15:00Z,2026-07-25T18:15:00+0200,160.76,EUR/MWh,BE,BE,imbalance_price,Long,2026-08-23T11:28:30Z
2026-08-23T11:27:43Z,2026-08-23T13:27:43+0200,aa89dba4-771d-4653-9ac4-44e4858bfe00,2026-07-25T16:15:00Z,2026-07-25T18:15:00+0200,160.76,EUR/MWh,BE,BE,imbalance_price,Short,2026-08-23T11:28:30Z
2026-08-23T11:27:43Z,2026-08-23T13:27:43+0200,aa89dba4-771d-4653-9ac4-44e4858bfe00,2026-07-25T16:30:00Z,2026-07-25T18:30:00+0200,165.13,EUR/MWh,BE,BE,imbalance_price,Long,2026-08-23T11:28:30Z
2026-08-23T11:27:43Z,2026-08-23T13:27:43+0200,aa89dba4-771d-4653-9ac4-44e4858bfe00,2026-07-25T16:30:00Z,2026-07-25T18:30:00+0200,165.13,EUR/MWh,BE,BE,imbalance_price,Short,2026-08-23T11:28:30Z
2026-08-23T11:27:43Z,2026-08-23T13:27:43+0200,aa89dba4-771d-4653-9ac4-44e4858bfe00,2026-07-25T16:45:00Z,2026-07-25T18:45:00+0200,175.32,EUR/MWh,BE,BE,imbalance_price,Long,2026-08-23T11:28:30Z
2026-08-23T11:27:43Z,2026-08-23T13:27:43+0200,aa89dba4-771d-4653-9ac4-44e4858bfe00,2026-07-25T16:45:00Z,2026-07-25T18:45:00+0200,175.32,EUR/MWh,BE,BE,imbalance_price,Short,2026-08-23T11:28:30Z
2026-08-23T11:27:43Z,2026-08-23T13:27:43+0200,aa89dba4-771d-4653-9ac4-44e4858bfe00,2026-07-25T17:00:00Z,2026-07-25T19:00:00+0200,158.03,EUR/MWh,BE,BE,imbalance_price,Long,2026-08-23T11:28:30Z
2026-08-23T11:27:43Z,2026-08-23T13:27:43+0200,aa89dba4-771d-4653-9ac4-44e4858bfe00,2026-07-25T17:00:00Z,2026-07-25T19:00:00+0200,158.03,EUR/MWh,BE,BE,imbalance_price,Short,2026-08-23T11:28:30Z
2026-08-23T11:27:43Z,2026-08-23T13:27:43+0200,aa89dba4-771d-4653-9ac4-44e4858bfe00,2026-07-25T17:15:00Z,2026-07-25T19:15:00+0200,169.17,EUR/MWh,BE,BE,imbalance_price,Long,2026-08-23T11:28:30Z
2026-08-23T11:27:43Z,2026-08-23T13:27:43+0200,aa89dba4-771d-4653-9ac4-44e4858bfe00,2026-07-25T17:15:00Z,2026-07-25T19:15:00+0200,169.17,EUR/MWh,BE,BE,imbalance_price,Short,2026-08-23T11:28:30Z
2026-08-23T11:27:43Z,2026-08-23T13:27:43+0200,aa89dba4-771d-4653-9ac4-44e4858bfe00,2026-07-25T17:30:00Z,2026-07-25T19:30:00+0200,156.3,EUR/MWh,BE,BE,imbalance_price,Long,2026-08-23T11:28:30Z
2026-08-23T11:27:43Z,2026-08-23T13:27:43+0200,aa89dba4-771d-4653-9ac4-44e4858bfe00,2026-07-25T17:30:00Z,2026-07-25T19:30:00+0200,156.3,EUR/MWh,BE,BE,imbalance_price,Short,2026-08-23T11:28:30Z
2026-08-23T11:27:43Z,2026-08-23T13:27:43+0200,aa89dba4-771d-4653-9ac4-44e4858bfe00,2026-07-25T17:45:00Z,2026-07-25T19:45:00+0200,143.99,EUR/MWh,BE,BE,imbalance_price,Long,2026-08-23T11:28:30Z
2026-08-23T11:27:43Z,2026-08-23T13:27:43+0200,aa89dba4-771d-4653-9ac4-44e4858bfe00,2026-07-25T17:45:00Z,2026-07-25T19:45:00+0200,143.99,EUR/MWh,BE,BE,imbalance_price,Short,2026-08-23T11:28:30Z
2026-08-23T11:27:43Z,2026-08-23T13:27:43+0200,aa89dba4-771d-4653-9ac4-44e4858bfe00,2026-07-25T18:00:00Z,2026-07-25T20:00:00+0200,159.76,EUR/MWh,BE,BE,imbalance_price,Long,2026-08-23T11:28:30Z
2026-08-23T11:27:43Z,2026-08-23T13:27:43+0200,aa89dba4-771d-4653-9ac4-44e4858bfe00,2026-07-25T18:00:00Z,2026-07-25T20:00:00+0200,159.76,EUR/MWh,BE,BE,imbalance_price,Short,2026-08-23T11:28:30Z
2026-08-23T11:27:43Z,2026-08-23T13:27:43+0200,aa89dba4-771d-4653-9ac4-44e4858bfe00,2026-07-25T18:15:00Z,2026-07-25T20:15:00+0200,156.16,EUR/MWh,BE,BE,imbalance_price,Long,2026-08-23T11:28:30Z
2026-08-23T11:27:43Z,2026-08-23T13:27:43+0200,aa89dba4-771d-4653-9ac4-44e4858bfe00,2026-07-25T18:15:00Z,2026-07-25T20:15:00+0200,156.16,EUR/MWh,BE,BE,imbalance_price,Short,2026-08-23T11:28:30Z
2026-08-23T11:27:43Z,2026-08-23T13:27:43+0200,aa89dba4-771d-4653-9ac4-44e4858bfe00,2026-07-25T18:30:00Z,2026-07-25T20:30:00+0200,160.71,EUR/MWh,BE,BE,imbalance_price,Long,2026-08-23T11:28:30Z
2026-08-23T11:27:43Z,2026-08-23T13:27:43+0200,aa89dba4-771d-4653-9ac4-44e4858bfe00,2026-07-25T18:30:00Z,2026-07-25T20:30:00+0200,160.71,EUR/MWh,BE,BE,imbalance_price,Short,2026-08-23T11:28:30Z
2026-08-23T11:27:43Z,2026-08-23T13:27:43+0200,aa89dba4-771d-4653-9ac4-44e4858bfe00,2026-07-25T18:45:00Z,2026-07-25T20:45:00+0200,157.64,EUR/MWh,BE,BE,imbalance_price,Long,2026-08-23T11:28:30Z
2026-08-23T11:27:43Z,2026-08-23T13:27:43+0200,aa89dba4-771d-4653-9ac4-44e4858bfe00,2026-07-25T18:45:00Z,2026-07-25T20:45:00+0200,157.64,EUR/MWh,BE,BE,imbalance_price,Short,2026-08-23T11:28:30Z
2026-08-23T11:27:43Z,2026-08-23T13:27:43+0200,aa89dba4-771d-4653-9ac4-44e4858bfe00,2026-07-25T19:00:00Z,2026-07-25T21:00:00+0200,128.25,EUR/MWh,BE,BE,imbalance_price,Long,2026-08-23T11:28:30Z
2026-08-23T11:27:43Z,2026-08-23T13:27:43+0200,aa89dba4-771d-4653-9ac4-44e4858bfe00,2026-07-25T19:00:00Z,2026-07-25T21:00:00+0200,128.25,EUR/MWh,BE,BE,imbalance_price,Short,2026-08-23T11:28:30Z
2026-08-23T11:27:43Z,2026-08-23T13:27:43+0200,aa89dba4-771d-4653-9ac4-44e4858bfe00,2026-07-25T19:15:00Z,2026-07-25T21:15:00+0200,129.02,EUR/MWh,BE,BE,imbalance_price,Long,2026-08-23T11:28:30Z
2026-08-23T11:27:43Z,2026-08-23T13:27:43+0200,aa89dba4-771d-4653-9ac4-44e4858bfe00,2026-07-25T19:15:00Z,2026-07-25T21:15:00+0200,129.02,EUR/MWh,BE,BE,imbalance_price,Short,2026-08-23T11:28:30Z
2026-08-23T11:27:43Z,2026-08-23T13:27:43+0200,aa89dba4-771d-4653-9ac4-44e4858bfe00,2026-07-25T19:30:00Z,2026-07-25T21:30:00+0200,128.95,EUR/MWh,BE,BE,imbalance_price,Long,2026-08-23T11:28:30Z
2026-08-23T11:27:43Z,2026-08-23T13:27:43+0200,aa89dba4-771d-4653-9ac4-44e4858bfe00,2026-07-25T19:30:00Z,2026-07-25T21:30:00+0200,128.95,EUR/MWh,BE,BE,imbalance_price,Short,2026-08-23T11:28:30Z
2026-08-23T11:27:43Z,2026-08-23T13:27:43+0200,aa89dba4-771d-4653-9ac4-44e4858bfe00,2026-07-25T19:45:00Z,2026-07-25T21:45:00+0200,154.66,EUR/MWh,BE,BE,imbalance_price,Long,2026-08-23T11:28:30Z
2026-08-23T11:27:43Z,2026-08-23T13:27:43+0200,aa89dba4-771d-4653-9ac4-44e4858bfe00,2026-07-25T19:45:00Z,2026-07-25T21:45:00+0200,154.66,EUR/MWh,BE,BE,imbalance_price,Short,2026-08-23T11:28:30Z
2026-08-23T11:27:43Z,2026-08-23T13:27:43+0200,aa89dba4-771d-4653-9ac4-44e4858bfe00,2026-07-25T20:00:00Z,2026-07-25T22:00:00+0200,175.59,EUR/MWh,BE,BE,imbalance_price,Long,2026-08-23T11:28:30Z
2026-08-23T11:27:43Z,2026-08-23T13:27:43+0200,aa89dba4-771d-4653-9ac4-44e4858bfe00,2026-07-25T20:00:00Z,2026-07-25T22:00:00+0200,175.59,EUR/MWh,BE,BE,imbalance_price,Short,2026-08-23T11:28:30Z
2026-08-23T11:27:43Z,2026-08-23T13:27:43+0200,aa89dba4-771d-4653-9ac4-44e4858bfe00,2026-07-25T20:15:00Z,2026-07-25T22:15:00+0200,233.0,EUR/MWh,BE,BE,imbalance_price,Long,2026-08-23T11:28:30Z
2026-08-23T11:27:43Z,2026-08-23T13:27:43+0200,aa89dba4-771d-4653-9ac4-44e4858bfe00,2026-07-25T20:15:00Z,2026-07-25T22:15:00+0200,233.0,EUR/MWh,BE,BE,imbalance_price,Short,2026-08-23T11:28:30Z
2026-08-23T11:27:43Z,2026-08-23T13:27:43+0200,aa89dba4-771d-4653-9ac4-44e4858bfe00,2026-07-25T20:30:00Z,2026-07-25T22:30:00+0200,148.39,EUR/MWh,BE,BE,imbalance_price,Long,2026-08-23T11:28:30Z
2026-08-23T11:27:43Z,2026-08-23T13:27:43+0200,aa89dba4-771d-4653-9ac4-44e4858bfe00,2026-07-25T20:30:00Z,2026-07-25T22:30:00+0200,148.39,EUR/MWh,BE,BE,imbalance_price,Short,2026-08-23T11:28:30Z
2026-08-23T11:27:43Z,2026-08-23T13:27:43+0200,aa89dba4-771d-4653-9ac4-44e4858bfe00,2026-07-25T20:45:00Z,2026-07-25T22:45:00+0200,126.89,EUR/MWh,BE,BE,imbalance_price,Long,2026-08-23T11:28:30Z
2026-08-23T11:27:43Z,2026-08-23T13:27:43+0200,aa89dba4-771d-4653-9ac4-44e4858bfe00,2026-07-25T20:45:00Z,2026-07-25T22:45:00+0200,126.89,EUR/MWh,BE,BE,imbalance_price,Short,2026-08-23T11:28:30Z
2026-08-23T11:27:43Z,2026-08-23T13:27:43+0200,aa89dba4-771d-4653-9ac4-44e4858bfe00,2026-07-25T21:00:00Z,2026-07-25T23:00:00+0200,145.23,EUR/MWh,BE,BE,imbalance_price,Long,2026-08-23T11:28:30Z
2026-08-23T11:27:43Z,2026-08-23T13:27:43+0200,aa89dba4-771d-4653-9ac4-44e4858bfe00,2026-07-25T21:00:00Z,2026-07-25T23:00:00+0200,145.23,EUR/MWh,BE,BE,imbalance_price,Short,2026-08-23T11:28:30Z
2026-08-23T11:27:43Z,2026-08-23T13:27:43+0200,aa89dba4-771d-4653-9ac4-44e4858bfe00,2026-07-25T21:15:00Z,2026-07-25T23:15:00+0200,138.8,EUR/MWh,BE,BE,imbalance_price,Long,2026-08-23T11:28:30Z
2026-08-23T11:27:43Z,2026-08-23T13:27:43+0200,aa89dba4-771d-4653-9ac4-44e4858bfe00,2026-07-25T21:15:00Z,2026-07-25T23:15:00+0200,138.8,EUR/MWh,BE,BE,imbalance_price,Short,2026-08-23T11:28:30Z
2026-08-23T11:27:43Z,2026-08-23T13:27:43+0200,aa89dba4-771d-4653-9ac4-44e4858bfe00,2026-07-25T21:30:00Z,2026-07-25T23:30:00+0200,103.04,EUR/MWh,BE,BE,imbalance_price,Long,2026-08-23T11:28:30Z
2026-08-23T11:27:43Z,2026-08-23T13:27:43+0200,aa89dba4-771d-4653-9ac4-44e4858bfe00,2026-07-25T21:30:00Z,2026-07-25T23:30:00+0200,103.04,EUR/MWh,BE,BE,imbalance_price,Short,2026-08-23T11:28:30Z
2026-08-23T11:27:43Z,2026-08-23T13:27:43+0200,aa89dba4-771d-4653-9ac4-44e4858bfe00,2026-07-25T21:45:00Z,2026-07-25T23:45:00+0200,130.57,EUR/MWh,BE,BE,imbalance_price,Long,2026-08-23T11:28:30Z
2026-08-23T11:27:43Z,2026-08-23T13:27:43+0200,aa89dba4-771d-4653-9ac4-44e4858bfe00,2026-07-25T21:45:00Z,2026-07-25T23:45:00+0200,130.57,EUR/MWh,BE,BE,imbalance_price,Short,2026-08-23T11:28:30Z
2026-08-23T11:27:43Z,2026-08-23T13:27:43+0200,aa89dba4-771d-4653-9ac4-44e4858bfe00,2026-07-25T22:00:00Z,2026-07-26T00:00:00+0200,113.2,EUR/MWh,BE,BE,imbalance_price,Long,2026-08-23T11:28:30Z
2026-08-23T11:27:43Z,2026-08-23T13:27:43+0200,aa89dba4-771d-4653-9ac4-44e4858bfe00,2026-07-25T22:00:00Z,2026-07-26T00:00:00+0200,113.2,EUR/MWh,BE,BE,imbalance_price,Short,2026-08-23T11:28:30Z
2026-08-23T11:27:43Z,2026-08-23T13:27:43+0200,aa89dba4-771d-4653-9ac4-44e4858bfe00,2026-07-25T22:15:00Z,2026-07-26T00:15:00+0200,97.44,EUR/MWh,BE,BE,imbalance_price,Long,2026-08-23T11:28:30Z
2026-08-23T11:27:43Z,2026-08-23T13:27:43+0200,aa89dba4-771d-4653-9ac4-44e4858bfe00,2026-07-25T22:15:00Z,2026-07-26T00:15:00+0200,97.44,EUR/MWh,BE,BE,imbalance_price,Short,2026-08-23T11:28:30Z
2026-08-23T11:27:43Z,2026-08-23T13:27:43+0200,aa89dba4-771d-4653-9ac4-44e4858bfe00,2026-07-25T22:30:00Z,2026-07-26T00:30:00+0200,87.92,EUR/MWh,BE,BE,imbalance_price,Long,2026-08-23T11:28:30Z
2026-08-23T11:27:43Z,2026-08-23T13:27:43+0200,aa89dba4-771d-4653-9ac4-44e4858bfe00,2026-07-25T22:30:00Z,2026-07-26T00:30:00+0200,87.92,EUR/MWh,BE,BE,imbalance_price,Short,2026-08-23T11:28:30Z
2026-08-23T11:27:43Z,2026-08-23T13:27:43+0200,aa89dba4-771d-4653-9ac4-44e4858bfe00,2026-07-25T22:45:00Z,2026-07-26T00:45:00+0200,90.13,EUR/MWh,BE,BE,imbalance_price,Long,2026-08-23T11:28:30Z
2026-08-23T11:27:43Z,2026-08-23T13:27:43+0200,aa89dba4-771d-4653-9ac4-44e4858bfe00,2026-07-25T22:45:00Z,2026-07-26T00:45:00+0200,90.13,EUR/MWh,BE,BE,imbalance_price,Short,2026-08-23T11:28:30Z
2026-08-23T11:27:43Z,2026-08-23T13:27:43+0200,aa89dba4-771d-4653-9ac4-44e4858bfe00,2026-07-25T23:00:00Z,2026-07-26T01:00:00+0200,80.91,EUR/MWh,BE,BE,imbalance_price,Long,2026-08-23T11:28:30Z
2026-08-23T11:27:43Z,2026-08-23T13:27:43+0200,aa89dba4-771d-4653-9ac4-44e4858bfe00,2026-07-25T23:00:00Z,2026-07-26T01:00:00+0200,80.91,EUR/MWh,BE,BE,imbalance_price,Short,2026-08-23T11:28:30Z
2026-08-23T11:27:43Z,2026-08-23T13:27:43+0200,aa89dba4-771d-4653-9ac4-44e4858bfe00,2026-07-25T23:15:00Z,2026-07-26T01:15:00+0200,16.16,EUR/MWh,BE,BE,imbalance_price,Long,2026-08-23T11:28:30Z
2026-08-23T11:27:43Z,2026-08-23T13:27:43+0200,aa89dba4-771d-4653-9ac4-44e4858bfe00,2026-07-25T23:15:00Z,2026-07-26T01:15:00+0200,16.16,EUR/MWh,BE,BE,imbalance_price,Short,2026-08-23T11:28:30Z
2026-08-23T11:27:43Z,2026-08-23T13:27:43+0200,aa89dba4-771d-4653-9ac4-44e4858bfe00,2026-07-25T23:30:00Z,2026-07-26T01:30:00+0200,17.74,EUR/MWh,BE,BE,imbalance_price,Long,2026-08-23T11:28:30Z
2026-08-23T11:27:43Z,2026-08-23T13:27:43+0200,aa89dba4-771d-4653-9ac4-44e4858bfe00,2026-07-25T23:30:00Z,2026-07-26T01:30:00+0200,17.74,EUR/MWh,BE,BE,imbalance_price,Short,2026-08-23T11:28:30Z
2026-08-23T11:27:43Z,2026-08-23T13:27:43+0200,aa89dba4-771d-4653-9ac4-44e4858bfe00,2026-07-25T23:45:00Z,2026-07-26T01:45:00+0200,29.12,EUR/MWh,BE,BE,imbalance_price,Long,2026-08-23T11:28:30Z
2026-08-23T11:27:43Z,2026-08-23T13:27:43+0200,aa89dba4-771d-4653-9ac4-44e4858bfe00,2026-07-25T23:45:00Z,2026-07-26T01:45:00+0200,29.12,EUR/MWh,BE,BE,imbalance_price,Short,2026-08-23T11:28:30Z
2026-08-23T11:27:43Z,2026-08-23T13:27:43+0200,aa89dba4-771d-4653-9ac4-44e4858bfe00,2026-07-26T00:00:00Z,2026-07-26T02:00:00+0200,87.73,EUR/MWh,BE,BE,imbalance_price,Long,2026-08-23T11:28:30Z
2026-08-23T11:27:43Z,2026-08-23T13:27:43+0200,aa89dba4-771d-4653-9ac4-44e4858bfe00,2026-07-26T00:00:00Z,2026-07-26T02:00:00+0200,87.73,EUR/MWh,BE,BE,imbalance_price,Short,2026-08-23T11:28:30Z
2026-08-23T11:27:43Z,2026-08-23T13:27:43+0200,aa89dba4-771d-4653-9ac4-44e4858bfe00,2026-07-26T00:15:00Z,2026-07-26T02:15:00+0200,103.67,EUR/MWh,BE,BE,imbalance_price,Long,2026-08-23T11:28:30Z
2026-08-23T11:27:43Z,2026-08-23T13:27:43+0200,aa89dba4-771d-4653-9ac4-44e4858bfe00,2026-07-26T00:15:00Z,2026-07-26T02:15:00+0200,103.67,EUR/MWh,BE,BE,imbalance_price,Short,2026-08-23T11:28:30Z
2026-08-23T11:27:43Z,2026-08-23T13:27:43+0200,aa89dba4-771d-4653-9ac4-44e4858bfe00,2026-07-26T00:30:00Z,2026-07-26T02:30:00+0200,121.18,EUR/MWh,BE,BE,imbalance_price,Long,2026-08-23T11:28:30Z
2026-08-23T11:27:43Z,2026-08-23T13:27:43+0200,aa89dba4-771d-4653-9ac4-44e4858bfe00,2026-07-26T00:30:00Z,2026-07-26T02:30:00+0200,121.18,EUR/MWh,BE,BE,imbalance_price,Short,2026-08-23T11:28:30Z
2026-08-23T11:27:43Z,2026-08-23T13:27:43+0200,aa89dba4-771d-4653-9ac4-44e4858bfe00,2026-07-26T00:45:00Z,2026-07-26T02:45:00+0200,135.11,EUR/MWh,BE,BE,imbalance_price,Long,2026-08-23T11:28:30Z
2026-08-23T11:27:43Z,2026-08-23T13:27:43+0200,aa89dba4-771d-4653-9ac4-44e4858bfe00,2026-07-26T00:45:00Z,2026-07-26T02:45:00+0200,135.11,EUR/MWh,BE,BE,imbalance_price,Short,2026-08-23T11:28:30Z
2026-08-23T11:27:43Z,2026-08-23T13:27:43+0200,aa89dba4-771d-4653-9ac4-44e4858bfe00,2026-07-26T01:00:00Z,2026-07-26T03:00:00+0200,138.02,EUR/MWh,BE,BE,imbalance_price,Long,2026-08-23T11:28:30Z
2026-08-23T11:27:43Z,2026-08-23T13:27:43+0200,aa89dba4-771d-4653-9ac4-44e4858bfe00,2026-07-26T01:00:00Z,2026-07-26T03:00:00+0200,138.02,EUR/MWh,BE,BE,imbalance_price,Short,2026-08-23T11:28:30Z
2026-08-23T11:27:43Z,2026-08-23T13:27:43+0200,aa89dba4-771d-4653-9ac4-44e4858bfe00,2026-07-26T01:15:00Z,2026-07-26T03:15:00+0200,139.32,EUR/MWh,BE,BE,imbalance_price,Long,2026-08-23T11:28:30Z
2026-08-23T11:27:43Z,2026-08-23T13:27:43+0200,aa89dba4-771d-4653-9ac4-44e4858bfe00,2026-07-26T01:15:00Z,2026-07-26T03:15:00+0200,139.32,EUR/MWh,BE,BE,imbalance_price,Short,2026-08-23T11:28:30Z
2026-08-23T11:27:43Z,2026-08-23T13:27:43+0200,aa89dba4-771d-4653-9ac4-44e4858bfe00,2026-07-26T01:30:00Z,2026-07-26T03:30:00+0200,141.14,EUR/MWh,BE,BE,imbalance_price,Long,2026-08-23T11:28:30Z
2026-08-23T11:27:43Z,2026-08-23T13:27:43+0200,aa89dba4-771d-4653-9ac4-44e4858bfe00,2026-07-26T01:30:00Z,2026-07-26T03:30:00+0200,141.14,EUR/MWh,BE,BE,imbalance_price,Short,2026-08-23T11:28:30Z
2026-08-23T11:27:43Z,2026-08-23T13:27:43+0200,aa89dba4-771d-4653-9ac4-44e4858bfe00,2026-07-26T01:45:00Z,2026-07-26T03:45:00+0200,130.19,EUR/MWh,BE,BE,imbalance_price,Long,2026-08-23T11:28:30Z
2026-08-23T11:27:43Z,2026-08-23T13:27:43+0200,aa89dba4-771d-4653-9ac4-44e4858bfe00,2026-07-26T01:45:00Z,2026-07-26T03:45:00+0200,130.19,EUR/MWh,BE,BE,imbalance_price,Short,2026-08-23T11:28:30Z
2026-08-23T11:27:43Z,2026-08-23T13:27:43+0200,aa89dba4-771d-4653-9ac4-44e4858bfe00,2026-07-26T02:00:00Z,2026-07-26T04:00:00+0200,124.95,EUR/MWh,BE,BE,imbalance_price,Long,2026-08-23T11:28:30Z
2026-08-23T11:27:43Z,2026-08-23T13:27:43+0200,aa89dba4-771d-4653-9ac4-44e4858bfe00,2026-07-26T02:00:00Z,2026-07-26T04:00:00+0200,124.95,EUR/MWh,BE,BE,imbalance_price,Short,2026-08-23T11:28:30Z
2026-08-23T11:27:43Z,2026-08-23T13:27:43+0200,aa89dba4-771d-4653-9ac4-44e4858bfe00,2026-07-26T02:15:00Z,2026-07-26T04:15:00+0200,115.44,EUR/MWh,BE,BE,imbalance_price,Long,2026-08-23T11:28:30Z
2026-08-23T11:27:43Z,2026-08-23T13:27:43+0200,aa89dba4-771d-4653-9ac4-44e4858bfe00,2026-07-26T02:15:00Z,2026-07-26T04:15:00+0200,115.44,EUR/MWh,BE,BE,imbalance_price,Short,2026-08-23T11:28:30Z
2026-08-23T11:27:43Z,2026-08-23T13:27:43+0200,aa89dba4-771d-4653-9ac4-44e4858bfe00,2026-07-26T02:30:00Z,2026-07-26T04:30:00+0200,109.88,EUR/MWh,BE,BE,imbalance_price,Long,2026-08-23T11:28:30Z
2026-08-23T11:27:43Z,2026-08-23T13:27:43+0200,aa89dba4-771d-4653-9ac4-44e4858bfe00,2026-07-26T02:30:00Z,2026-07-26T04:30:00+0200,109.88,EUR/MWh,BE,BE,imbalance_price,Short,2026-08-23T11:28:30Z
2026-08-23T11:27:43Z,2026-08-23T13:27:43+0200,aa89dba4-771d-4653-9ac4-44e4858bfe00,2026-07-26T02:45:00Z,2026-07-26T04:45:00+0200,103.31,EUR/MWh,BE,BE,imbalance_price,Long,2026-08-23T11:28:30Z
2026-08-23T11:27:43Z,2026-08-23T13:27:43+0200,aa89dba4-771d-4653-9ac4-44e4858bfe00,2026-07-26T02:45:00Z,2026-07-26T04:45:00+0200,103.31,EUR/MWh,BE,BE,imbalance_price,Short,2026-08-23T11:28:30Z
2026-08-23T11:27:43Z,2026-08-23T13:27:43+0200,aa89dba4-771d-4653-9ac4-44e4858bfe00,2026-07-26T03:00:00Z,2026-07-26T05:00:00+0200,99.09,EUR/MWh,BE,BE,imbalance_price,Long,2026-08-23T11:28:30Z
2026-08-23T11:27:43Z,2026-08-23T13:27:43+0200,aa89dba4-771d-4653-9ac4-44e4858bfe00,2026-07-26T03:00:00Z,2026-07-26T05:00:00+0200,99.09,EUR/MWh,BE,BE,imbalance_price,Short,2026-08-23T11:28:30Z
2026-08-23T11:27:43Z,2026-08-23T13:27:43+0200,aa89dba4-771d-4653-9ac4-44e4858bfe00,2026-07-26T03:15:00Z,2026-07-26T05:15:00+0200,82.03,EUR/MWh,BE,BE,imbalance_price,Long,2026-08-23T11:28:30Z
2026-08-23T11:27:43Z,2026-08-23T13:27:43+0200,aa89dba4-771d-4653-9ac4-44e4858bfe00,2026-07-26T03:15:00Z,2026-07-26T05:15:00+0200,82.03,EUR/MWh,BE,BE,imbalance_price,Short,2026-08-23T11:28:30Z
2026-08-23T11:27:43Z,2026-08-23T13:27:43+0200,aa89dba4-771d-4653-9ac4-44e4858bfe00,2026-07-26T03:30:00Z,2026-07-26T05:30:00+0200,71.66,EUR/MWh,BE,BE,imbalance_price,Long,2026-08-23T11:28:30Z
2026-08-23T11:27:43Z,2026-08-23T13:27:43+0200,aa89dba4-771d-4653-9ac4-44e4858bfe00,2026-07-26T03:30:00Z,2026-07-26T05:30:00+0200,71.66,EUR/MWh,BE,BE,imbalance_price,Short,2026-08-23T11:28:30Z
2026-08-23T11:27:43Z,2026-08-23T13:27:43+0200,aa89dba4-771d-4653-9ac4-44e4858bfe00,2026-07-26T03:45:00Z,2026-07-26T05:45:00+0200,63.04,EUR/MWh,BE,BE,imbalance_price,Long,2026-08-23T11:28:30Z
2026-08-23T11:27:43Z,2026-08-23T13:27:43+0200,aa89dba4-771d-4653-9ac4-44e4858bfe00,2026-07-26T03:45:00Z,2026-07-26T05:45:00+0200,63.04,EUR/MWh,BE,BE,imbalance_price,Short,2026-08-23T11:28:30Z
2026-08-23T11:27:43Z,2026-08-23T13:27:43+0200,aa89dba4-771d-4653-9ac4-44e4858bfe00,2026-07-26T04:00:00Z,2026-07-26T06:00:00+0200,83.91,EUR/MWh,BE,BE,imbalance_price,Long,2026-08-23T11:28:30Z
2026-08-23T11:27:43Z,2026-08-23T13:27:43+0200,aa89dba4-771d-4653-9ac4-44e4858bfe00,2026-07-26T04:00:00Z,2026-07-26T06:00:00+0200,83.91,EUR/MWh,BE,BE,imbalance_price,Short,2026-08-23T11:28:30Z
2026-08-23T11:27:43Z,2026-08-23T13:27:43+0200,aa89dba4-771d-4653-9ac4-44e4858bfe00,2026-07-26T04:15:00Z,2026-07-26T06:15:00+0200,86.21,EUR/MWh,BE,BE,imbalance_price,Long,2026-08-23T11:28:30Z
2026-08-23T11:27:43Z,2026-08-23T13:27:43+0200,aa89dba4-771d-4653-9ac4-44e4858bfe00,2026-07-26T04:15:00Z,2026-07-26T06:15:00+0200,86.21,EUR/MWh,BE,BE,imbalance_price,Short,2026-08-23T11:28:30Z
2026-08-23T11:27:43Z,2026-08-23T13:27:43+0200,aa89dba4-771d-4653-9ac4-44e4858bfe00,2026-07-26T04:30:00Z,2026-07-26T06:30:00+0200,80.15,EUR/MWh,BE,BE,imbalance_price,Long,2026-08-23T11:28:30Z
2026-08-23T11:27:43Z,2026-08-23T13:27:43+0200,aa89dba4-771d-4653-9ac4-44e4858bfe00,2026-07-26T04:30:00Z,2026-07-26T06:30:00+0200,80.15,EUR/MWh,BE,BE,imbalance_price,Short,2026-08-23T11:28:30Z
2026-08-23T11:27:43Z,2026-08-23T13:27:43+0200,aa89dba4-771d-4653-9ac4-44e4858bfe00,2026-07-26T04:45:00Z,2026-07-26T06:45:00+0200,82.21,EUR/MWh,BE,BE,imbalance_price,Long,2026-08-23T11:28:30Z
2026-08-23T11:27:43Z,2026-08-23T13:27:43+0200,aa89dba4-771d-4653-9ac4-44e4858bfe00,2026-07-26T04:45:00Z,2026-07-26T06:45:00+0200,82.21,EUR/MWh,BE,BE,imbalance_price,Short,2026-08-23T11:28:30Z
2026-08-23T11:27:43Z,2026-08-23T13:27:43+0200,aa89dba4-771d-4653-9ac4-44e4858bfe00,2026-07-26T05:00:00Z,2026-07-26T07:00:00+0200,91.14,EUR/MWh,BE,BE,imbalance_price,Long,2026-08-23T11:28:30Z
2026-08-23T11:27:43Z,2026-08-23T13:27:43+0200,aa89dba4-771d-4653-9ac4-44e4858bfe00,2026-07-26T05:00:00Z,2026-07-26T07:00:00+0200,91.14,EUR/MWh,BE,BE,imbalance_price,Short,2026-08-23T11:28:30Z
2026-08-23T11:27:43Z,2026-08-23T13:27:43+0200,aa89dba4-771d-4653-9ac4-44e4858bfe00,2026-07-26T05:15:00Z,2026-07-26T07:15:00+0200,58.72,EUR/MWh,BE,BE,imbalance_price,Long,2026-08-23T11:28:30Z
2026-08-23T11:27:43Z,2026-08-23T13:27:43+0200,aa89dba4-771d-4653-9ac4-44e4858bfe00,2026-07-26T05:15:00Z,2026-07-26T07:15:00+0200,58.72,EUR/MWh,BE,BE,imbalance_price,Short,2026-08-23T11:28:30Z
2026-08-23T11:27:43Z,2026-08-23T13:27:43+0200,aa89dba4-771d-4653-9ac4-44e4858bfe00,2026-07-26T05:30:00Z,2026-07-26T07:30:00+0200,22.13,EUR/MWh,BE,BE,imbalance_price,Long,2026-08-23T11:28:30Z
2026-08-23T11:27:43Z,2026-08-23T13:27:43+0200,aa89dba4-771d-4653-9ac4-44e4858bfe00,2026-07-26T05:30:00Z,2026-07-26T07:30:00+0200,22.13,EUR/MWh,BE,BE,imbalance_price,Short,2026-08-23T11:28:30Z
2026-08-23T11:27:43Z,2026-08-23T13:27:43+0200,aa89dba4-771d-4653-9ac4-44e4858bfe00,2026-07-26T05:45:00Z,2026-07-26T07:45:00+0200,32.0,EUR/MWh,BE,BE,imbalance_price,Long,2026-08-23T11:28:30Z
2026-08-23T11:27:43Z,2026-08-23T13:27:43+0200,aa89dba4-771d-4653-9ac4-44e4858bfe00,2026-07-26T05:45:00Z,2026-07-26T07:45:00+0200,32.0,EUR/MWh,BE,BE,imbalance_price,Short,2026-08-23T11:28:30Z
2026-08-23T11:27:43Z,2026-08-23T13:27:43+0200,aa89dba4-771d-4653-9ac4-44e4858bfe00,2026-07-26T06:00:00Z,2026-07-26T08:00:00+0200,11.7,EUR/MWh,BE,BE,imbalance_price,Long,2026-08-23T11:28:30Z
2026-08-23T11:27:43Z,2026-08-23T13:27:43+0200,aa89dba4-771d-4653-9ac4-44e4858bfe00,2026-07-26T06:00:00Z,2026-07-26T08:00:00+0200,11.7,EUR/MWh,BE,BE,imbalance_price,Short,2026-08-23T11:28:30Z
2026-08-23T11:27:43Z,2026-08-23T13:27:43+0200,aa89dba4-771d-4653-9ac4-44e4858bfe00,2026-07-26T06:15:00Z,2026-07-26T08:15:00+0200,-47.59,EUR/MWh,BE,BE,imbalance_price,Long,2026-08-23T11:28:30Z
2026-08-23T11:27:43Z,2026-08-23T13:27:43+0200,aa89dba4-771d-4653-9ac4-44e4858bfe00,2026-07-26T06:15:00Z,2026-07-26T08:15:00+0200,-47.59,EUR/MWh,BE,BE,imbalance_price,Short,2026-08-23T11:28:30Z
2026-08-23T11:27:43Z,2026-08-23T13:27:43+0200,aa89dba4-771d-4653-9ac4-44e4858bfe00,2026-07-26T06:30:00Z,2026-07-26T08:30:00+0200,-55.58,EUR/MWh,BE,BE,imbalance_price,Long,2026-08-23T11:28:30Z
2026-08-23T11:27:43Z,2026-08-23T13:27:43+0200,aa89dba4-771d-4653-9ac4-44e4858bfe00,2026-07-26T06:30:00Z,2026-07-26T08:30:00+0200,-55.58,EUR/MWh,BE,BE,imbalance_price,Short,2026-08-23T11:28:30Z
2026-08-23T11:27:43Z,2026-08-23T13:27:43+0200,aa89dba4-771d-4653-9ac4-44e4858bfe00,2026-07-26T06:45:00Z,2026-07-26T08:45:00+0200,-20.62,EUR/MWh,BE,BE,imbalance_price,Long,2026-08-23T11:28:30Z
2026-08-23T11:27:43Z,2026-08-23T13:27:43+0200,aa89dba4-771d-4653-9ac4-44e4858bfe00,2026-07-26T06:45:00Z,2026-07-26T08:45:00+0200,-20.62,EUR/MWh,BE,BE,imbalance_price,Short,2026-08-23T11:28:30Z
2026-08-23T11:27:43Z,2026-08-23T13:27:43+0200,aa89dba4-771d-4653-9ac4-44e4858bfe00,2026-07-26T07:00:00Z,2026-07-26T09:00:00+0200,-24.07,EUR/MWh,BE,BE,imbalance_price,Long,2026-08-23T11:28:30Z
2026-08-23T11:27:43Z,2026-08-23T13:27:43+0200,aa89dba4-771d-4653-9ac4-44e4858bfe00,2026-07-26T07:00:00Z,2026-07-26T09:00:00+0200,-24.07,EUR/MWh,BE,BE,imbalance_price,Short,2026-08-23T11:28:30Z
2026-08-23T11:27:43Z,2026-08-23T13:27:43+0200,aa89dba4-771d-4653-9ac4-44e4858bfe00,2026-07-26T07:15:00Z,2026-07-26T09:15:00+0200,-17.31,EUR/MWh,BE,BE,imbalance_price,Long,2026-08-23T11:28:30Z
2026-08-23T11:27:43Z,2026-08-23T13:27:43+0200,aa89dba4-771d-4653-9ac4-44e4858bfe00,2026-07-26T07:15:00Z,2026-07-26T09:15:00+0200,-17.31,EUR/MWh,BE,BE,imbalance_price,Short,2026-08-23T11:28:30Z
2026-08-23T11:27:43Z,2026-08-23T13:27:43+0200,aa89dba4-771d-4653-9ac4-44e4858bfe00,2026-07-26T07:30:00Z,2026-07-26T09:30:00+0200,6.81,EUR/MWh,BE,BE,imbalance_price,Long,2026-08-23T11:28:30Z
2026-08-23T11:27:43Z,2026-08-23T13:27:43+0200,aa89dba4-771d-4653-9ac4-44e4858bfe00,2026-07-26T07:30:00Z,2026-07-26T09:30:00+0200,6.81,EUR/MWh,BE,BE,imbalance_price,Short,2026-08-23T11:28:30Z
2026-08-23T11:27:43Z,2026-08-23T13:27:43+0200,aa89dba4-771d-4653-9ac4-44e4858bfe00,2026-07-26T07:45:00Z,2026-07-26T09:45:00+0200,-7.07,EUR/MWh,BE,BE,imbalance_price,Long,2026-08-23T11:28:30Z
2026-08-23T11:27:43Z,2026-08-23T13:27:43+0200,aa89dba4-771d-4653-9ac4-44e4858bfe00,2026-07-26T07:45:00Z,2026-07-26T09:45:00+0200,-7.07,EUR/MWh,BE,BE,imbalance_price,Short,2026-08-23T11:28:30Z
2026-08-23T11:27:43Z,2026-08-23T13:27:43+0200,aa89dba4-771d-4653-9ac4-44e4858bfe00,2026-07-26T08:00:00Z,2026-07-26T10:00:00+0200,-2.64,EUR/MWh,BE,BE,imbalance_price,Long,2026-08-23T11:28:30Z
2026-08-23T11:27:43Z,2026-08-23T13:27:43+0200,aa89dba4-771d-4653-9ac4-44e4858bfe00,2026-07-26T08:00:00Z,2026-07-26T10:00:00+0200,-2.64,EUR/MWh,BE,BE,imbalance_price,Short,2026-08-23T11:28:30Z
2026-08-23T11:27:43Z,2026-08-23T13:27:43+0200,aa89dba4-771d-4653-9ac4-44e4858bfe00,2026-07-26T08:15:00Z,2026-07-26T10:15:00+0200,-6.33,EUR/MWh,BE,BE,imbalance_price,Long,2026-08-23T11:28:30Z
2026-08-23T11:27:43Z,2026-08-23T13:27:43+0200,aa89dba4-771d-4653-9ac4-44e4858bfe00,2026-07-26T08:15:00Z,2026-07-26T10:15:00+0200,-6.33,EUR/MWh,BE,BE,imbalance_price,Short,2026-08-23T11:28:30Z
2026-08-23T11:27:43Z,2026-08-23T13:27:43+0200,aa89dba4-771d-4653-9ac4-44e4858bfe00,2026-07-26T08:30:00Z,2026-07-26T10:30:00+0200,-7.64,EUR/MWh,BE,BE,imbalance_price,Long,2026-08-23T11:28:30Z
2026-08-23T11:27:43Z,2026-08-23T13:27:43+0200,aa89dba4-771d-4653-9ac4-44e4858bfe00,2026-07-26T08:30:00Z,2026-07-26T10:30:00+0200,-7.64,EUR/MWh,BE,BE,imbalance_price,Short,2026-08-23T11:28:30Z
2026-08-23T11:27:43Z,2026-08-23T13:27:43+0200,aa89dba4-771d-4653-9ac4-44e4858bfe00,2026-07-26T08:45:00Z,2026-07-26T10:45:00+0200,-1.0,EUR/MWh,BE,BE,imbalance_price,Long,2026-08-23T11:28:30Z
2026-08-23T11:27:43Z,2026-08-23T13:27:43+0200,aa89dba4-771d-4653-9ac4-44e4858bfe00,2026-07-26T08:45:00Z,2026-07-26T10:45:00+0200,-1.0,EUR/MWh,BE,BE,imbalance_price,Short,2026-08-23T11:28:30Z
2026-08-23T11:27:43Z,2026-08-23T13:27:43+0200,aa89dba4-771d-4653-9ac4-44e4858bfe00,2026-07-26T09:00:00Z,2026-07-26T11:00:00+0200,-1.0,EUR/MWh,BE,BE,imbalance_price,Long,2026-08-23T11:28:30Z
2026-08-23T11:27:43Z,2026-08-23T13:27:43+0200,aa89dba4-771d-4653-9ac4-44e4858bfe00,2026-07-26T09:00:00Z,2026-07-26T11:00:00+0200,-1.0,EUR/MWh,BE,BE,imbalance_price,Short,2026-08-23T11:28:30Z
2026-08-23T11:27:43Z,2026-08-23T13:27:43+0200,aa89dba4-771d-4653-9ac4-44e4858bfe00,2026-07-26T09:15:00Z,2026-07-26T11:15:00+0200,13.83,EUR/MWh,BE,BE,imbalance_price,Long,2026-08-23T11:28:30Z
2026-08-23T11:27:43Z,2026-08-23T13:27:43+0200,aa89dba4-771d-4653-9ac4-44e4858bfe00,2026-07-26T09:15:00Z,2026-07-26T11:15:00+0200,13.83,EUR/MWh,BE,BE,imbalance_price,Short,2026-08-23T11:28:30Z
2026-08-23T11:27:43Z,2026-08-23T13:27:43+0200,aa89dba4-771d-4653-9ac4-44e4858bfe00,2026-07-26T09:30:00Z,2026-07-26T11:30:00+0200,32.35,EUR/MWh,BE,BE,imbalance_price,Long,2026-08-23T11:28:30Z
2026-08-23T11:27:43Z,2026-08-23T13:27:43+0200,aa89dba4-771d-4653-9ac4-44e4858bfe00,2026-07-26T09:30:00Z,2026-07-26T11:30:00+0200,32.35,EUR/MWh,BE,BE,imbalance_price,Short,2026-08-23T11:28:30Z
2026-08-23T11:27:43Z,2026-08-23T13:27:43+0200,aa89dba4-771d-4653-9ac4-44e4858bfe00,2026-07-26T09:45:00Z,2026-07-26T11:45:00+0200,43.69,EUR/MWh,BE,BE,imbalance_price,Long,2026-08-23T11:28:30Z
2026-08-23T11:27:43Z,2026-08-23T13:27:43+0200,aa89dba4-771d-4653-9ac4-44e4858bfe00,2026-07-26T09:45:00Z,2026-07-26T11:45:00+0200,43.69,EUR/MWh,BE,BE,imbalance_price,Short,2026-08-23T11:28:30Z
2026-08-23T11:27:43Z,2026-08-23T13:27:43+0200,aa89dba4-771d-4653-9ac4-44e4858bfe00,2026-07-26T10:00:00Z,2026-07-26T12:00:00+0200,200.0,EUR/MWh,BE,BE,imbalance_price,Long,2026-08-23T11:28:30Z
2026-08-23T11:27:43Z,2026-08-23T13:27:43+0200,aa89dba4-771d-4653-9ac4-44e4858bfe00,2026-07-26T10:00:00Z,2026-07-26T12:00:00+0200,200.0,EUR/MWh,BE,BE,imbalance_price,Short,2026-08-23T11:28:30Z
2026-08-23T11:27:43Z,2026-08-23T13:27:43+0200,aa89dba4-771d-4653-9ac4-44e4858bfe00,2026-07-26T10:15:00Z,2026-07-26T12:15:00+0200,83.57,EUR/MWh,BE,BE,imbalance_price,Long,2026-08-23T11:28:30Z
2026-08-23T11:27:43Z,2026-08-23T13:27:43+0200,aa89dba4-771d-4653-9ac4-44e4858bfe00,2026-07-26T10:15:00Z,2026-07-26T12:15:00+0200,83.57,EUR/MWh,BE,BE,imbalance_price,Short,2026-08-23T11:28:30Z
2026-08-23T11:27:43Z,2026-08-23T13:27:43+0200,aa89dba4-771d-4653-9ac4-44e4858bfe00,2026-07-26T10:30:00Z,2026-07-26T12:30:00+0200,50.52,EUR/MWh,BE,BE,imbalance_price,Long,2026-08-23T11:28:30Z
2026-08-23T11:27:43Z,2026-08-23T13:27:43+0200,aa89dba4-771d-4653-9ac4-44e4858bfe00,2026-07-26T10:30:00Z,2026-07-26T12:30:00+0200,50.52,EUR/MWh,BE,BE,imbalance_price,Short,2026-08-23T11:28:30Z
2026-08-23T11:27:43Z,2026-08-23T13:27:43+0200,aa89dba4-771d-4653-9ac4-44e4858bfe00,2026-07-26T10:45:00Z,2026-07-26T12:45:00+0200,10.34,EUR/MWh,BE,BE,imbalance_price,Long,2026-08-23T11:28:30Z
2026-08-23T11:27:43Z,2026-08-23T13:27:43+0200,aa89dba4-771d-4653-9ac4-44e4858bfe00,2026-07-26T10:45:00Z,2026-07-26T12:45:00+0200,10.34,EUR/MWh,BE,BE,imbalance_price,Short,2026-08-23T11:28:30Z
2026-08-23T11:27:43Z,2026-08-23T13:27:43+0200,aa89dba4-771d-4653-9ac4-44e4858bfe00,2026-07-26T11:00:00Z,2026-07-26T13:00:00+0200,-1.0,EUR/MWh,BE,BE,imbalance_price,Long,2026-08-23T11:28:30Z
2026-08-23T11:27:43Z,2026-08-23T13:27:43+0200,aa89dba4-771d-4653-9ac4-44e4858bfe00,2026-07-26T11:00:00Z,2026-07-26T13:00:00+0200,-1.0,EUR/MWh,BE,BE,imbalance_price,Short,2026-08-23T11:28:30Z
2026-08-23T11:27:43Z,2026-08-23T13:27:43+0200,aa89dba4-771d-4653-9ac4-44e4858bfe00,2026-07-26T11:15:00Z,2026-07-26T13:15:00+0200,8.0,EUR/MWh,BE,BE,imbalance_price,Long,2026-08-23T11:28:30Z
2026-08-23T11:27:43Z,2026-08-23T13:27:43+0200,aa89dba4-771d-4653-9ac4-44e4858bfe00,2026-07-26T11:15:00Z,2026-07-26T13:15:00+0200,8.0,EUR/MWh,BE,BE,imbalance_price,Short,2026-08-23T11:28:30Z
2026-08-23T11:27:43Z,2026-08-23T13:27:43+0200,aa89dba4-771d-4653-9ac4-44e4858bfe00,2026-07-26T11:30:00Z,2026-07-26T13:30:00+0200,7.5,EUR/MWh,BE,BE,imbalance_price,Long,2026-08-23T11:28:30Z
2026-08-23T11:27:43Z,2026-08-23T13:27:43+0200,aa89dba4-771d-4653-9ac4-44e4858bfe00,2026-07-26T11:30:00Z,2026-07-26T13:30:00+0200,7.5,EUR/MWh,BE,BE,imbalance_price,Short,2026-08-23T11:28:30Z
2026-08-23T11:27:43Z,2026-08-23T13:27:43+0200,aa89dba4-771d-4653-9ac4-44e4858bfe00,2026-07-26T11:45:00Z,2026-07-26T13:45:00+0200,-1.0,EUR/MWh,BE,BE,imbalance_price,Long,2026-08-23T11:28:30Z
2026-08-23T11:27:43Z,2026-08-23T13:27:43+0200,aa89dba4-771d-4653-9ac4-44e4858bfe00,2026-07-26T11:45:00Z,2026-07-26T13:45:00+0200,-1.0,EUR/MWh,BE,BE,imbalance_price,Short,2026-08-23T11:28:30Z
2026-08-23T11:27:43Z,2026-08-23T13:27:43+0200,aa89dba4-771d-4653-9ac4-44e4858bfe00,2026-07-26T12:00:00Z,2026-07-26T14:00:00+0200,8.0,EUR/MWh,BE,BE,imbalance_price,Long,2026-08-23T11:28:30Z
2026-08-23T11:27:43Z,2026-08-23T13:27:43+0200,aa89dba4-771d-4653-9ac4-44e4858bfe00,2026-07-26T12:00:00Z,2026-07-26T14:00:00+0200,8.0,EUR/MWh,BE,BE,imbalance_price,Short,2026-08-23T11:28:30Z
2026-08-23T11:27:43Z,2026-08-23T13:27:43+0200,aa89dba4-771d-4653-9ac4-44e4858bfe00,2026-07-26T12:15:00Z,2026-07-26T14:15:00+0200,31.4,EUR/MWh,BE,BE,imbalance_price,Long,2026-08-23T11:28:30Z
2026-08-23T11:27:43Z,2026-08-23T13:27:43+0200,aa89dba4-771d-4653-9ac4-44e4858bfe00,2026-07-26T12:15:00Z,2026-07-26T14:15:00+0200,31.4,EUR/MWh,BE,BE,imbalance_price,Short,2026-08-23T11:28:30Z
2026-08-23T11:27:43Z,2026-08-23T13:27:43+0200,aa89dba4-771d-4653-9ac4-44e4858bfe00,2026-07-26T12:30:00Z,2026-07-26T14:30:00+0200,16.89,EUR/MWh,BE,BE,imbalance_price,Long,2026-08-23T11:28:30Z
2026-08-23T11:27:43Z,2026-08-23T13:27:43+0200,aa89dba4-771d-4653-9ac4-44e4858bfe00,2026-07-26T12:30:00Z,2026-07-26T14:30:00+0200,16.89,EUR/MWh,BE,BE,imbalance_price,Short,2026-08-23T11:28:30Z
2026-08-23T11:27:43Z,2026-08-23T13:27:43+0200,aa89dba4-771d-4653-9ac4-44e4858bfe00,2026-07-26T12:45:00Z,2026-07-26T14:45:00+0200,8.0,EUR/MWh,BE,BE,imbalance_price,Long,2026-08-23T11:28:30Z
2026-08-23T11:27:43Z,2026-08-23T13:27:43+0200,aa89dba4-771d-4653-9ac4-44e4858bfe00,2026-07-26T12:45:00Z,2026-07-26T14:45:00+0200,8.0,EUR/MWh,BE,BE,imbalance_price,Short,2026-08-23T11:28:30Z
2026-08-23T11:27:43Z,2026-08-23T13:27:43+0200,aa89dba4-771d-4653-9ac4-44e4858bfe00,2026-07-26T13:00:00Z,2026-07-26T15:00:00+0200,8.0,EUR/MWh,BE,BE,imbalance_price,Long,2026-08-23T11:28:30Z
2026-08-23T11:27:43Z,2026-08-23T13:27:43+0200,aa89dba4-771d-4653-9ac4-44e4858bfe00,2026-07-26T13:00:00Z,2026-07-26T15:00:00+0200,8.0,EUR/MWh,BE,BE,imbalance_price,Short,2026-08-23T11:28:30Z
2026-08-23T11:27:43Z,2026-08-23T13:27:43+0200,aa89dba4-771d-4653-9ac4-44e4858bfe00,2026-07-26T13:15:00Z,2026-07-26T15:15:00+0200,-1.0,EUR/MWh,BE,BE,imbalance_price,Long,2026-08-23T11:28:30Z
2026-08-23T11:27:43Z,2026-08-23T13:27:43+0200,aa89dba4-771d-4653-9ac4-44e4858bfe00,2026-07-26T13:15:00Z,2026-07-26T15:15:00+0200,-1.0,EUR/MWh,BE,BE,imbalance_price,Short,2026-08-23T11:28:30Z
2026-08-23T11:27:43Z,2026-08-23T13:27:43+0200,aa89dba4-771d-4653-9ac4-44e4858bfe00,2026-07-26T13:30:00Z,2026-07-26T15:30:00+0200,-3.45,EUR/MWh,BE,BE,imbalance_price,Long,2026-08-23T11:28:30Z
2026-08-23T11:27:43Z,2026-08-23T13:27:43+0200,aa89dba4-771d-4653-9ac4-44e4858bfe00,2026-07-26T13:30:00Z,2026-07-26T15:30:00+0200,-3.45,EUR/MWh,BE,BE,imbalance_price,Short,2026-08-23T11:28:30Z
2026-08-23T11:27:43Z,2026-08-23T13:27:43+0200,aa89dba4-771d-4653-9ac4-44e4858bfe00,2026-07-26T13:45:00Z,2026-07-26T15:45:00+0200,-20.63,EUR/MWh,BE,BE,imbalance_price,Long,2026-08-23T11:28:30Z
2026-08-23T11:27:43Z,2026-08-23T13:27:43+0200,aa89dba4-771d-4653-9ac4-44e4858bfe00,2026-07-26T13:45:00Z,2026-07-26T15:45:00+0200,-20.63,EUR/MWh,BE,BE,imbalance_price,Short,2026-08-23T11:28:30Z
2026-08-23T11:27:43Z,2026-08-23T13:27:43+0200,aa89dba4-771d-4653-9ac4-44e4858bfe00,2026-07-26T14:00:00Z,2026-07-26T16:00:00+0200,-47.21,EUR/MWh,BE,BE,imbalance_price,Long,2026-08-23T11:28:30Z
2026-08-23T11:27:43Z,2026-08-23T13:27:43+0200,aa89dba4-771d-4653-9ac4-44e4858bfe00,2026-07-26T14:00:00Z,2026-07-26T16:00:00+0200,-47.21,EUR/MWh,BE,BE,imbalance_price,Short,2026-08-23T11:28:30Z
2026-08-23T11:27:43Z,2026-08-23T13:27:43+0200,aa89dba4-771d-4653-9ac4-44e4858bfe00,2026-07-26T14:15:00Z,2026-07-26T16:15:00+0200,-30.17,EUR/MWh,BE,BE,imbalance_price,Long,2026-08-23T11:28:30Z
2026-08-23T11:27:43Z,2026-08-23T13:27:43+0200,aa89dba4-771d-4653-9ac4-44e4858bfe00,2026-07-26T14:15:00Z,2026-07-26T16:15:00+0200,-30.17,EUR/MWh,BE,BE,imbalance_price,Short,2026-08-23T11:28:30Z
2026-08-23T11:27:43Z,2026-08-23T13:27:43+0200,aa89dba4-771d-4653-9ac4-44e4858bfe00,2026-07-26T14:30:00Z,2026-07-26T16:30:00+0200,-44.84,EUR/MWh,BE,BE,imbalance_price,Long,2026-08-23T11:28:30Z
2026-08-23T11:27:43Z,2026-08-23T13:27:43+0200,aa89dba4-771d-4653-9ac4-44e4858bfe00,2026-07-26T14:30:00Z,2026-07-26T16:30:00+0200,-44.84,EUR/MWh,BE,BE,imbalance_price,Short,2026-08-23T11:28:30Z
2026-08-23T11:27:43Z,2026-08-23T13:27:43+0200,aa89dba4-771d-4653-9ac4-44e4858bfe00,2026-07-26T14:45:00Z,2026-07-26T16:45:00+0200,-56.39,EUR/MWh,BE,BE,imbalance_price,Long,2026-08-23T11:28:30Z
2026-08-23T11:27:43Z,2026-08-23T13:27:43+0200,aa89dba4-771d-4653-9ac4-44e4858bfe00,2026-07-26T14:45:00Z,2026-07-26T16:45:00+0200,-56.39,EUR/MWh,BE,BE,imbalance_price,Short,2026-08-23T11:28:30Z
2026-08-23T11:27:43Z,2026-08-23T13:27:43+0200,aa89dba4-771d-4653-9ac4-44e4858bfe00,2026-07-26T15:00:00Z,2026-07-26T17:00:00+0200,-22.42,EUR/MWh,BE,BE,imbalance_price,Long,2026-08-23T11:28:30Z
2026-08-23T11:27:43Z,2026-08-23T13:27:43+0200,aa89dba4-771d-4653-9ac4-44e4858bfe00,2026-07-26T15:00:00Z,2026-07-26T17:00:00+0200,-22.42,EUR/MWh,BE,BE,imbalance_price,Short,2026-08-23T11:28:30Z
2026-08-23T11:27:43Z,2026-08-23T13:27:43+0200,aa89dba4-771d-4653-9ac4-44e4858bfe00,2026-07-26T15:15:00Z,2026-07-26T17:15:00+0200,-17.87,EUR/MWh,BE,BE,imbalance_price,Long,2026-08-23T11:28:30Z
2026-08-23T11:27:43Z,2026-08-23T13:27:43+0200,aa89dba4-771d-4653-9ac4-44e4858bfe00,2026-07-26T15:15:00Z,2026-07-26T17:15:00+0200,-17.87,EUR/MWh,BE,BE,imbalance_price,Short,2026-08-23T11:28:30Z
2026-08-23T11:27:43Z,2026-08-23T13:27:43+0200,aa89dba4-771d-4653-9ac4-44e4858bfe00,2026-07-26T15:30:00Z,2026-07-26T17:30:00+0200,-4.85,EUR/MWh,BE,BE,imbalance_price,Long,2026-08-23T11:28:30Z
2026-08-23T11:27:43Z,2026-08-23T13:27:43+0200,aa89dba4-771d-4653-9ac4-44e4858bfe00,2026-07-26T15:30:00Z,2026-07-26T17:30:00+0200,-4.85,EUR/MWh,BE,BE,imbalance_price,Short,2026-08-23T11:28:30Z
2026-08-23T11:27:43Z,2026-08-23T13:27:43+0200,aa89dba4-771d-4653-9ac4-44e4858bfe00,2026-07-26T15:45:00Z,2026-07-26T17:45:00+0200,-43.7,EUR/MWh,BE,BE,imbalance_price,Long,2026-08-23T11:28:30Z
2026-08-23T11:27:43Z,2026-08-23T13:27:43+0200,aa89dba4-771d-4653-9ac4-44e4858bfe00,2026-07-26T15:45:00Z,2026-07-26T17:45:00+0200,-43.7,EUR/MWh,BE,BE,imbalance_price,Short,2026-08-23T11:28:30Z
2026-08-23T11:27:43Z,2026-08-23T13:27:43+0200,aa89dba4-771d-4653-9ac4-44e4858bfe00,2026-07-26T16:00:00Z,2026-07-26T18:00:00+0200,16.49,EUR/MWh,BE,BE,imbalance_price,Long,2026-08-23T11:28:30Z
2026-08-23T11:27:43Z,2026-08-23T13:27:43+0200,aa89dba4-771d-4653-9ac4-44e4858bfe00,2026-07-26T16:00:00Z,2026-07-26T18:00:00+0200,16.49,EUR/MWh,BE,BE,imbalance_price,Short,2026-08-23T11:28:30Z
2026-08-23T11:27:43Z,2026-08-23T13:27:43+0200,aa89dba4-771d-4653-9ac4-44e4858bfe00,2026-07-26T16:15:00Z,2026-07-26T18:15:00+0200,-7.6,EUR/MWh,BE,BE,imbalance_price,Long,2026-08-23T11:28:30Z
2026-08-23T11:27:43Z,2026-08-23T13:27:43+0200,aa89dba4-771d-4653-9ac4-44e4858bfe00,2026-07-26T16:15:00Z,2026-07-26T18:15:00+0200,-7.6,EUR/MWh,BE,BE,imbalance_price,Short,2026-08-23T11:28:30Z
2026-08-23T11:27:43Z,2026-08-23T13:27:43+0200,aa89dba4-771d-4653-9ac4-44e4858bfe00,2026-07-26T16:30:00Z,2026-07-26T18:30:00+0200,38.8,EUR/MWh,BE,BE,imbalance_price,Long,2026-08-23T11:28:30Z
2026-08-23T11:27:43Z,2026-08-23T13:27:43+0200,aa89dba4-771d-4653-9ac4-44e4858bfe00,2026-07-26T16:30:00Z,2026-07-26T18:30:00+0200,38.8,EUR/MWh,BE,BE,imbalance_price,Short,2026-08-23T11:28:30Z
2026-08-23T11:27:43Z,2026-08-23T13:27:43+0200,aa89dba4-771d-4653-9ac4-44e4858bfe00,2026-07-26T16:45:00Z,2026-07-26T18:45:00+0200,84.17,EUR/MWh,BE,BE,imbalance_price,Long,2026-08-23T11:28:30Z
2026-08-23T11:27:43Z,2026-08-23T13:27:43+0200,aa89dba4-771d-4653-9ac4-44e4858bfe00,2026-07-26T16:45:00Z,2026-07-26T18:45:00+0200,84.17,EUR/MWh,BE,BE,imbalance_price,Short,2026-08-23T11:28:30Z
2026-08-23T11:27:43Z,2026-08-23T13:27:43+0200,aa89dba4-771d-4653-9ac4-44e4858bfe00,2026-07-26T17:00:00Z,2026-07-26T19:00:00+0200,106.0,EUR/MWh,BE,BE,imbalance_price,Long,2026-08-23T11:28:30Z
2026-08-23T11:27:43Z,2026-08-23T13:27:43+0200,aa89dba4-771d-4653-9ac4-44e4858bfe00,2026-07-26T17:00:00Z,2026-07-26T19:00:00+0200,106.0,EUR/MWh,BE,BE,imbalance_price,Short,2026-08-23T11:28:30Z
2026-08-23T11:27:43Z,2026-08-23T13:27:43+0200,aa89dba4-771d-4653-9ac4-44e4858bfe00,2026-07-26T17:15:00Z,2026-07-26T19:15:00+0200,90.54,EUR/MWh,BE,BE,imbalance_price,Long,2026-08-23T11:28:30Z
2026-08-23T11:27:43Z,2026-08-23T13:27:43+0200,aa89dba4-771d-4653-9ac4-44e4858bfe00,2026-07-26T17:15:00Z,2026-07-26T19:15:00+0200,90.54,EUR/MWh,BE,BE,imbalance_price,Short,2026-08-23T11:28:30Z
2026-08-23T11:27:43Z,2026-08-23T13:27:43+0200,aa89dba4-771d-4653-9ac4-44e4858bfe00,2026-07-26T17:30:00Z,2026-07-26T19:30:00+0200,115.49,EUR/MWh,BE,BE,imbalance_price,Long,2026-08-23T11:28:30Z
2026-08-23T11:27:43Z,2026-08-23T13:27:43+0200,aa89dba4-771d-4653-9ac4-44e4858bfe00,2026-07-26T17:30:00Z,2026-07-26T19:30:00+0200,115.49,EUR/MWh,BE,BE,imbalance_price,Short,2026-08-23T11:28:30Z
2026-08-23T11:27:43Z,2026-08-23T13:27:43+0200,aa89dba4-771d-4653-9ac4-44e4858bfe00,2026-07-26T17:45:00Z,2026-07-26T19:45:00+0200,122.89,EUR/MWh,BE,BE,imbalance_price,Long,2026-08-23T11:28:30Z
2026-08-23T11:27:43Z,2026-08-23T13:27:43+0200,aa89dba4-771d-4653-9ac4-44e4858bfe00,2026-07-26T17:45:00Z,2026-07-26T19:45:00+0200,122.89,EUR/MWh,BE,BE,imbalance_price,Short,2026-08-23T11:28:30Z
2026-08-23T11:27:43Z,2026-08-23T13:27:43+0200,aa89dba4-771d-4653-9ac4-44e4858bfe00,2026-07-26T18:00:00Z,2026-07-26T20:00:00+0200,101.61,EUR/MWh,BE,BE,imbalance_price,Long,2026-08-23T11:28:30Z
2026-08-23T11:27:43Z,2026-08-23T13:27:43+0200,aa89dba4-771d-4653-9ac4-44e4858bfe00,2026-07-26T18:00:00Z,2026-07-26T20:00:00+0200,101.61,EUR/MWh,BE,BE,imbalance_price,Short,2026-08-23T11:28:30Z
2026-08-23T11:27:43Z,2026-08-23T13:27:43+0200,aa89dba4-771d-4653-9ac4-44e4858bfe00,2026-07-26T18:15:00Z,2026-07-26T20:15:00+0200,110.56,EUR/MWh,BE,BE,imbalance_price,Long,2026-08-23T11:28:30Z
2026-08-23T11:27:43Z,2026-08-23T13:27:43+0200,aa89dba4-771d-4653-9ac4-44e4858bfe00,2026-07-26T18:15:00Z,2026-07-26T20:15:00+0200,110.56,EUR/MWh,BE,BE,imbalance_price,Short,2026-08-23T11:28:30Z
2026-08-23T11:27:43Z,2026-08-23T13:27:43+0200,aa89dba4-771d-4653-9ac4-44e4858bfe00,2026-07-26T18:30:00Z,2026-07-26T20:30:00+0200,121.22,EUR/MWh,BE,BE,imbalance_price,Long,2026-08-23T11:28:30Z
2026-08-23T11:27:43Z,2026-08-23T13:27:43+0200,aa89dba4-771d-4653-9ac4-44e4858bfe00,2026-07-26T18:30:00Z,2026-07-26T20:30:00+0200,121.22,EUR/MWh,BE,BE,imbalance_price,Short,2026-08-23T11:28:30Z
2026-08-23T11:27:43Z,2026-08-23T13:27:43+0200,aa89dba4-771d-4653-9ac4-44e4858bfe00,2026-07-26T18:45:00Z,2026-07-26T20:45:00+0200,113.07,EUR/MWh,BE,BE,imbalance_price,Long,2026-08-23T11:28:30Z
2026-08-23T11:27:43Z,2026-08-23T13:27:43+0200,aa89dba4-771d-4653-9ac4-44e4858bfe00,2026-07-26T18:45:00Z,2026-07-26T20:45:00+0200,113.07,EUR/MWh,BE,BE,imbalance_price,Short,2026-08-23T11:28:30Z
2026-08-23T11:27:43Z,2026-08-23T13:27:43+0200,aa89dba4-771d-4653-9ac4-44e4858bfe00,2026-07-26T19:00:00Z,2026-07-26T21:00:00+0200,72.55,EUR/MWh,BE,BE,imbalance_price,Long,2026-08-23T11:28:30Z
2026-08-23T11:27:43Z,2026-08-23T13:27:43+0200,aa89dba4-771d-4653-9ac4-44e4858bfe00,2026-07-26T19:00:00Z,2026-07-26T21:00:00+0200,72.55,EUR/MWh,BE,BE,imbalance_price,Short,2026-08-23T11:28:30Z
2026-08-23T11:27:43Z,2026-08-23T13:27:43+0200,aa89dba4-771d-4653-9ac4-44e4858bfe00,2026-07-26T19:15:00Z,2026-07-26T21:15:00+0200,102.24,EUR/MWh,BE,BE,imbalance_price,Long,2026-08-23T11:28:30Z
2026-08-23T11:27:43Z,2026-08-23T13:27:43+0200,aa89dba4-771d-4653-9ac4-44e4858bfe00,2026-07-26T19:15:00Z,2026-07-26T21:15:00+0200,102.24,EUR/MWh,BE,BE,imbalance_price,Short,2026-08-23T11:28:30Z
2026-08-23T11:27:43Z,2026-08-23T13:27:43+0200,aa89dba4-771d-4653-9ac4-44e4858bfe00,2026-07-26T19:30:00Z,2026-07-26T21:30:00+0200,64.55,EUR/MWh,BE,BE,imbalance_price,Long,2026-08-23T11:28:30Z
2026-08-23T11:27:43Z,2026-08-23T13:27:43+0200,aa89dba4-771d-4653-9ac4-44e4858bfe00,2026-07-26T19:30:00Z,2026-07-26T21:30:00+0200,64.55,EUR/MWh,BE,BE,imbalance_price,Short,2026-08-23T11:28:30Z
2026-08-23T11:27:43Z,2026-08-23T13:27:43+0200,aa89dba4-771d-4653-9ac4-44e4858bfe00,2026-07-26T19:45:00Z,2026-07-26T21:45:00+0200,45.01,EUR/MWh,BE,BE,imbalance_price,Long,2026-08-23T11:28:30Z
2026-08-23T11:27:43Z,2026-08-23T13:27:43+0200,aa89dba4-771d-4653-9ac4-44e4858bfe00,2026-07-26T19:45:00Z,2026-07-26T21:45:00+0200,45.01,EUR/MWh,BE,BE,imbalance_price,Short,2026-08-23T11:28:30Z
2026-08-23T11:27:43Z,2026-08-23T13:27:43+0200,aa89dba4-771d-4653-9ac4-44e4858bfe00,2026-07-26T20:00:00Z,2026-07-26T22:00:00+0200,80.32,EUR/MWh,BE,BE,imbalance_price,Long,2026-08-23T11:28:30Z
2026-08-23T11:27:43Z,2026-08-23T13:27:43+0200,aa89dba4-771d-4653-9ac4-44e4858bfe00,2026-07-26T20:00:00Z,2026-07-26T22:00:00+0200,80.32,EUR/MWh,BE,BE,imbalance_price,Short,2026-08-23T11:28:30Z
2026-08-23T11:27:43Z,2026-08-23T13:27:43+0200,aa89dba4-771d-4653-9ac4-44e4858bfe00,2026-07-26T20:15:00Z,2026-07-26T22:15:00+0200,81.24,EUR/MWh,BE,BE,imbalance_price,Long,2026-08-23T11:28:30Z
2026-08-23T11:27:43Z,2026-08-23T13:27:43+0200,aa89dba4-771d-4653-9ac4-44e4858bfe00,2026-07-26T20:15:00Z,2026-07-26T22:15:00+0200,81.24,EUR/MWh,BE,BE,imbalance_price,Short,2026-08-23T11:28:30Z
2026-08-23T11:27:43Z,2026-08-23T13:27:43+0200,aa89dba4-771d-4653-9ac4-44e4858bfe00,2026-07-26T20:30:00Z,2026-07-26T22:30:00+0200,110.56,EUR/MWh,BE,BE,imbalance_price,Long,2026-08-23T11:28:30Z
2026-08-23T11:27:43Z,2026-08-23T13:27:43+0200,aa89dba4-771d-4653-9ac4-44e4858bfe00,2026-07-26T20:30:00Z,2026-07-26T22:30:00+0200,110.56,EUR/MWh,BE,BE,imbalance_price,Short,2026-08-23T11:28:30Z
2026-08-23T11:27:43Z,2026-08-23T13:27:43+0200,aa89dba4-771d-4653-9ac4-44e4858bfe00,2026-07-26T20:45:00Z,2026-07-26T22:45:00+0200,110.56,EUR/MWh,BE,BE,imbalance_price,Long,2026-08-23T11:28:30Z
2026-08-23T11:27:43Z,2026-08-23T13:27:43+0200,aa89dba4-771d-4653-9ac4-44e4858bfe00,2026-07-26T20:45:00Z,2026-07-26T22:45:00+0200,110.56,EUR/MWh,BE,BE,imbalance_price,Short,2026-08-23T11:28:30Z
2026-08-23T11:27:43Z,2026-08-23T13:27:43+0200,aa89dba4-771d-4653-9ac4-44e4858bfe00,2026-07-26T21:00:00Z,2026-07-26T23:00:00+0200,167.95,EUR/MWh,BE,BE,imbalance_price,Long,2026-08-23T11:28:30Z
2026-08-23T11:27:43Z,2026-08-23T13:27:43+0200,aa89dba4-771d-4653-9ac4-44e4858bfe00,2026-07-26T21:00:00Z,2026-07-26T23:00:00+0200,167.95,EUR/MWh,BE,BE,imbalance_price,Short,2026-08-23T11:28:30Z
2026-08-23T11:27:43Z,2026-08-23T13:27:43+0200,aa89dba4-771d-4653-9ac4-44e4858bfe00,2026-07-26T21:15:00Z,2026-07-26T23:15:00+0200,116.18,EUR/MWh,BE,BE,imbalance_price,Long,2026-08-23T11:28:30Z
2026-08-23T11:27:43Z,2026-08-23T13:27:43+0200,aa89dba4-771d-4653-9ac4-44e4858bfe00,2026-07-26T21:15:00Z,2026-07-26T23:15:00+0200,116.18,EUR/MWh,BE,BE,imbalance_price,Short,2026-08-23T11:28:30Z
2026-08-23T11:27:43Z,2026-08-23T13:27:43+0200,aa89dba4-771d-4653-9ac4-44e4858bfe00,2026-07-26T21:30:00Z,2026-07-26T23:30:00+0200,115.46,EUR/MWh,BE,BE,imbalance_price,Long,2026-08-23T11:28:30Z
2026-08-23T11:27:43Z,2026-08-23T13:27:43+0200,aa89dba4-771d-4653-9ac4-44e4858bfe00,2026-07-26T21:30:00Z,2026-07-26T23:30:00+0200,115.46,EUR/MWh,BE,BE,imbalance_price,Short,2026-08-23T11:28:30Z
2026-08-23T11:27:43Z,2026-08-23T13:27:43+0200,aa89dba4-771d-4653-9ac4-44e4858bfe00,2026-07-26T21:45:00Z,2026-07-26T23:45:00+0200,26.41,EUR/MWh,BE,BE,imbalance_price,Long,2026-08-23T11:28:30Z
2026-08-23T11:27:43Z,2026-08-23T13:27:43+0200,aa89dba4-771d-4653-9ac4-44e4858bfe00,2026-07-26T21:45:00Z,2026-07-26T23:45:00+0200,26.41,EUR/MWh,BE,BE,imbalance_price,Short,2026-08-23T11:28:30Z
2026-08-23T11:27:43Z,2026-08-23T13:27:43+0200,aa89dba4-771d-4653-9ac4-44e4858bfe00,2026-07-26T22:00:00Z,2026-07-27T00:00:00+0200,67.58,EUR/MWh,BE,BE,imbalance_price,Long,2026-08-23T11:28:30Z
2026-08-23T11:27:43Z,2026-08-23T13:27:43+0200,aa89dba4-771d-4653-9ac4-44e4858bfe00,2026-07-26T22:00:00Z,2026-07-27T00:00:00+0200,67.58,EUR/MWh,BE,BE,imbalance_price,Short,2026-08-23T11:28:30Z
2026-08-23T11:27:43Z,2026-08-23T13:27:43+0200,aa89dba4-771d-4653-9ac4-44e4858bfe00,2026-07-26T22:15:00Z,2026-07-27T00:15:00+0200,19.6,EUR/MWh,BE,BE,imbalance_price,Long,2026-08-23T11:28:30Z
2026-08-23T11:27:43Z,2026-08-23T13:27:43+0200,aa89dba4-771d-4653-9ac4-44e4858bfe00,2026-07-26T22:15:00Z,2026-07-27T00:15:00+0200,19.6,EUR/MWh,BE,BE,imbalance_price,Short,2026-08-23T11:28:30Z
2026-08-23T11:27:43Z,2026-08-23T13:27:43+0200,aa89dba4-771d-4653-9ac4-44e4858bfe00,2026-07-26T22:30:00Z,2026-07-27T00:30:00+0200,-45.97,EUR/MWh,BE,BE,imbalance_price,Long,2026-08-23T11:28:30Z
2026-08-23T11:27:43Z,2026-08-23T13:27:43+0200,aa89dba4-771d-4653-9ac4-44e4858bfe00,2026-07-26T22:30:00Z,2026-07-27T00:30:00+0200,-45.97,EUR/MWh,BE,BE,imbalance_price,Short,2026-08-23T11:28:30Z
2026-08-23T11:27:43Z,2026-08-23T13:27:43+0200,aa89dba4-771d-4653-9ac4-44e4858bfe00,2026-07-26T22:45:00Z,2026-07-27T00:45:00+0200,8.86,EUR/MWh,BE,BE,imbalance_price,Long,2026-08-23T11:28:30Z
2026-08-23T11:27:43Z,2026-08-23T13:27:43+0200,aa89dba4-771d-4653-9ac4-44e4858bfe00,2026-07-26T22:45:00Z,2026-07-27T00:45:00+0200,8.86,EUR/MWh,BE,BE,imbalance_price,Short,2026-08-23T11:28:30Z
2026-08-23T11:27:43Z,2026-08-23T13:27:43+0200,aa89dba4-771d-4653-9ac4-44e4858bfe00,2026-07-26T23:00:00Z,2026-07-27T01:00:00+0200,40.52,EUR/MWh,BE,BE,imbalance_price,Long,2026-08-23T11:28:30Z
2026-08-23T11:27:43Z,2026-08-23T13:27:43+0200,aa89dba4-771d-4653-9ac4-44e4858bfe00,2026-07-26T23:00:00Z,2026-07-27T01:00:00+0200,40.52,EUR/MWh,BE,BE,imbalance_price,Short,2026-08-23T11:28:30Z
2026-08-23T11:27:43Z,2026-08-23T13:27:43+0200,aa89dba4-771d-4653-9ac4-44e4858bfe00,2026-07-26T23:15:00Z,2026-07-27T01:15:00+0200,54.0,EUR/MWh,BE,BE,imbalance_price,Long,2026-08-23T11:28:30Z
2026-08-23T11:27:43Z,2026-08-23T13:27:43+0200,aa89dba4-771d-4653-9ac4-44e4858bfe00,2026-07-26T23:15:00Z,2026-07-27T01:15:00+0200,54.0,EUR/MWh,BE,BE,imbalance_price,Short,2026-08-23T11:28:30Z
2026-08-23T11:27:43Z,2026-08-23T13:27:43+0200,aa89dba4-771d-4653-9ac4-44e4858bfe00,2026-07-26T23:30:00Z,2026-07-27T01:30:00+0200,76.19,EUR/MWh,BE,BE,imbalance_price,Long,2026-08-23T11:28:30Z
2026-08-23T11:27:43Z,2026-08-23T13:27:43+0200,aa89dba4-771d-4653-9ac4-44e4858bfe00,2026-07-26T23:30:00Z,2026-07-27T01:30:00+0200,76.19,EUR/MWh,BE,BE,imbalance_price,Short,2026-08-23T11:28:30Z
2026-08-23T11:27:43Z,2026-08-23T13:27:43+0200,aa89dba4-771d-4653-9ac4-44e4858bfe00,2026-07-26T23:45:00Z,2026-07-27T01:45:00+0200,81.64,EUR/MWh,BE,BE,imbalance_price,Long,2026-08-23T11:28:30Z
2026-08-23T11:27:43Z,2026-08-23T13:27:43+0200,aa89dba4-771d-4653-9ac4-44e4858bfe00,2026-07-26T23:45:00Z,2026-07-27T01:45:00+0200,81.64,EUR/MWh,BE,BE,imbalance_price,Short,2026-08-23T11:28:30Z
2026-08-23T11:27:43Z,2026-08-23T13:27:43+0200,aa89dba4-771d-4653-9ac4-44e4858bfe00,2026-07-27T00:00:00Z,2026-07-27T02:00:00+0200,109.58,EUR/MWh,BE,BE,imbalance_price,Long,2026-08-23T11:28:30Z
2026-08-23T11:27:43Z,2026-08-23T13:27:43+0200,aa89dba4-771d-4653-9ac4-44e4858bfe00,2026-07-27T00:00:00Z,2026-07-27T02:00:00+0200,109.58,EUR/MWh,BE,BE,imbalance_price,Short,2026-08-23T11:28:30Z
2026-08-23T11:27:43Z,2026-08-23T13:27:43+0200,aa89dba4-771d-4653-9ac4-44e4858bfe00,2026-07-27T00:15:00Z,2026-07-27T02:15:00+0200,122.84,EUR/MWh,BE,BE,imbalance_price,Long,2026-08-23T11:28:30Z
2026-08-23T11:27:43Z,2026-08-23T13:27:43+0200,aa89dba4-771d-4653-9ac4-44e4858bfe00,2026-07-27T00:15:00Z,2026-07-27T02:15:00+0200,122.84,EUR/MWh,BE,BE,imbalance_price,Short,2026-08-23T11:28:30Z
2026-08-23T11:27:43Z,2026-08-23T13:27:43+0200,aa89dba4-771d-4653-9ac4-44e4858bfe00,2026-07-27T00:30:00Z,2026-07-27T02:30:00+0200,137.51,EUR/MWh,BE,BE,imbalance_price,Long,2026-08-23T11:28:30Z
2026-08-23T11:27:43Z,2026-08-23T13:27:43+0200,aa89dba4-771d-4653-9ac4-44e4858bfe00,2026-07-27T00:30:00Z,2026-07-27T02:30:00+0200,137.51,EUR/MWh,BE,BE,imbalance_price,Short,2026-08-23T11:28:30Z
2026-08-23T11:27:43Z,2026-08-23T13:27:43+0200,aa89dba4-771d-4653-9ac4-44e4858bfe00,2026-07-27T00:45:00Z,2026-07-27T02:45:00+0200,133.4,EUR/MWh,BE,BE,imbalance_price,Long,2026-08-23T11:28:30Z
2026-08-23T11:27:43Z,2026-08-23T13:27:43+0200,aa89dba4-771d-4653-9ac4-44e4858bfe00,2026-07-27T00:45:00Z,2026-07-27T02:45:00+0200,133.4,EUR/MWh,BE,BE,imbalance_price,Short,2026-08-23T11:28:30Z
2026-08-23T11:27:43Z,2026-08-23T13:27:43+0200,aa89dba4-771d-4653-9ac4-44e4858bfe00,2026-07-27T01:00:00Z,2026-07-27T03:00:00+0200,124.78,EUR/MWh,BE,BE,imbalance_price,Long,2026-08-23T11:28:30Z
2026-08-23T11:27:43Z,2026-08-23T13:27:43+0200,aa89dba4-771d-4653-9ac4-44e4858bfe00,2026-07-27T01:00:00Z,2026-07-27T03:00:00+0200,124.78,EUR/MWh,BE,BE,imbalance_price,Short,2026-08-23T11:28:30Z
2026-08-23T11:27:43Z,2026-08-23T13:27:43+0200,aa89dba4-771d-4653-9ac4-44e4858bfe00,2026-07-27T01:15:00Z,2026-07-27T03:15:00+0200,116.48,EUR/MWh,BE,BE,imbalance_price,Long,2026-08-23T11:28:30Z
2026-08-23T11:27:43Z,2026-08-23T13:27:43+0200,aa89dba4-771d-4653-9ac4-44e4858bfe00,2026-07-27T01:15:00Z,2026-07-27T03:15:00+0200,116.48,EUR/MWh,BE,BE,imbalance_price,Short,2026-08-23T11:28:30Z
2026-08-23T11:27:43Z,2026-08-23T13:27:43+0200,aa89dba4-771d-4653-9ac4-44e4858bfe00,2026-07-27T01:30:00Z,2026-07-27T03:30:00+0200,96.46,EUR/MWh,BE,BE,imbalance_price,Long,2026-08-23T11:28:30Z
2026-08-23T11:27:43Z,2026-08-23T13:27:43+0200,aa89dba4-771d-4653-9ac4-44e4858bfe00,2026-07-27T01:30:00Z,2026-07-27T03:30:00+0200,96.46,EUR/MWh,BE,BE,imbalance_price,Short,2026-08-23T11:28:30Z
2026-08-23T11:27:43Z,2026-08-23T13:27:43+0200,aa89dba4-771d-4653-9ac4-44e4858bfe00,2026-07-27T01:45:00Z,2026-07-27T03:45:00+0200,78.6,EUR/MWh,BE,BE,imbalance_price,Long,2026-08-23T11:28:30Z
2026-08-23T11:27:43Z,2026-08-23T13:27:43+0200,aa89dba4-771d-4653-9ac4-44e4858bfe00,2026-07-27T01:45:00Z,2026-07-27T03:45:00+0200,78.6,EUR/MWh,BE,BE,imbalance_price,Short,2026-08-23T11:28:30Z
2026-08-23T11:27:43Z,2026-08-23T13:27:43+0200,aa89dba4-771d-4653-9ac4-44e4858bfe00,2026-07-27T02:00:00Z,2026-07-27T04:00:00+0200,66.71,EUR/MWh,BE,BE,imbalance_price,Long,2026-08-23T11:28:30Z
2026-08-23T11:27:43Z,2026-08-23T13:27:43+0200,aa89dba4-771d-4653-9ac4-44e4858bfe00,2026-07-27T02:00:00Z,2026-07-27T04:00:00+0200,66.71,EUR/MWh,BE,BE,imbalance_price,Short,2026-08-23T11:28:30Z
2026-08-23T11:27:43Z,2026-08-23T13:27:43+0200,aa89dba4-771d-4653-9ac4-44e4858bfe00,2026-07-27T02:15:00Z,2026-07-27T04:15:00+0200,93.02,EUR/MWh,BE,BE,imbalance_price,Long,2026-08-23T11:28:30Z
2026-08-23T11:27:43Z,2026-08-23T13:27:43+0200,aa89dba4-771d-4653-9ac4-44e4858bfe00,2026-07-27T02:15:00Z,2026-07-27T04:15:00+0200,93.02,EUR/MWh,BE,BE,imbalance_price,Short,2026-08-23T11:28:30Z
2026-08-23T11:27:43Z,2026-08-23T13:27:43+0200,aa89dba4-771d-4653-9ac4-44e4858bfe00,2026-07-27T02:30:00Z,2026-07-27T04:30:00+0200,91.52,EUR/MWh,BE,BE,imbalance_price,Long,2026-08-23T11:28:30Z
2026-08-23T11:27:43Z,2026-08-23T13:27:43+0200,aa89dba4-771d-4653-9ac4-44e4858bfe00,2026-07-27T02:30:00Z,2026-07-27T04:30:00+0200,91.52,EUR/MWh,BE,BE,imbalance_price,Short,2026-08-23T11:28:30Z
2026-08-23T11:27:43Z,2026-08-23T13:27:43+0200,aa89dba4-771d-4653-9ac4-44e4858bfe00,2026-07-27T02:45:00Z,2026-07-27T04:45:00+0200,128.88,EUR/MWh,BE,BE,imbalance_price,Long,2026-08-23T11:28:30Z
2026-08-23T11:27:43Z,2026-08-23T13:27:43+0200,aa89dba4-771d-4653-9ac4-44e4858bfe00,2026-07-27T02:45:00Z,2026-07-27T04:45:00+0200,128.88,EUR/MWh,BE,BE,imbalance_price,Short,2026-08-23T11:28:30Z
2026-08-23T11:27:43Z,2026-08-23T13:27:43+0200,aa89dba4-771d-4653-9ac4-44e4858bfe00,2026-07-27T03:00:00Z,2026-07-27T05:00:00+0200,93.82,EUR/MWh,BE,BE,imbalance_price,Long,2026-08-23T11:28:30Z
2026-08-23T11:27:43Z,2026-08-23T13:27:43+0200,aa89dba4-771d-4653-9ac4-44e4858bfe00,2026-07-27T03:00:00Z,2026-07-27T05:00:00+0200,93.82,EUR/MWh,BE,BE,imbalance_price,Short,2026-08-23T11:28:30Z
2026-08-23T11:27:43Z,2026-08-23T13:27:43+0200,aa89dba4-771d-4653-9ac4-44e4858bfe00,2026-07-27T03:15:00Z,2026-07-27T05:15:00+0200,101.23,EUR/MWh,BE,BE,imbalance_price,Long,2026-08-23T11:28:30Z
2026-08-23T11:27:43Z,2026-08-23T13:27:43+0200,aa89dba4-771d-4653-9ac4-44e4858bfe00,2026-07-27T03:15:00Z,2026-07-27T05:15:00+0200,101.23,EUR/MWh,BE,BE,imbalance_price,Short,2026-08-23T11:28:30Z
2026-08-23T11:27:43Z,2026-08-23T13:27:43+0200,aa89dba4-771d-4653-9ac4-44e4858bfe00,2026-07-27T03:30:00Z,2026-07-27T05:30:00+0200,122.14,EUR/MWh,BE,BE,imbalance_price,Long,2026-08-23T11:28:30Z
2026-08-23T11:27:43Z,2026-08-23T13:27:43+0200,aa89dba4-771d-4653-9ac4-44e4858bfe00,2026-07-27T03:30:00Z,2026-07-27T05:30:00+0200,122.14,EUR/MWh,BE,BE,imbalance_price,Short,2026-08-23T11:28:30Z
2026-08-23T11:27:43Z,2026-08-23T13:27:43+0200,aa89dba4-771d-4653-9ac4-44e4858bfe00,2026-07-27T03:45:00Z,2026-07-27T05:45:00+0200,151.08,EUR/MWh,BE,BE,imbalance_price,Long,2026-08-23T11:28:30Z
2026-08-23T11:27:43Z,2026-08-23T13:27:43+0200,aa89dba4-771d-4653-9ac4-44e4858bfe00,2026-07-27T03:45:00Z,2026-07-27T05:45:00+0200,151.08,EUR/MWh,BE,BE,imbalance_price,Short,2026-08-23T11:28:30Z
2026-08-23T11:27:43Z,2026-08-23T13:27:43+0200,aa89dba4-771d-4653-9ac4-44e4858bfe00,2026-07-27T04:00:00Z,2026-07-27T06:00:00+0200,126.0,EUR/MWh,BE,BE,imbalance_price,Long,2026-08-23T11:28:30Z
2026-08-23T11:27:43Z,2026-08-23T13:27:43+0200,aa89dba4-771d-4653-9ac4-44e4858bfe00,2026-07-27T04:00:00Z,2026-07-27T06:00:00+0200,126.0,EUR/MWh,BE,BE,imbalance_price,Short,2026-08-23T11:28:30Z
2026-08-23T11:27:43Z,2026-08-23T13:27:43+0200,aa89dba4-771d-4653-9ac4-44e4858bfe00,2026-07-27T04:15:00Z,2026-07-27T06:15:00+0200,107.71,EUR/MWh,BE,BE,imbalance_price,Long,2026-08-23T11:28:30Z
2026-08-23T11:27:43Z,2026-08-23T13:27:43+0200,aa89dba4-771d-4653-9ac4-44e4858bfe00,2026-07-27T04:15:00Z,2026-07-27T06:15:00+0200,107.71,EUR/MWh,BE,BE,imbalance_price,Short,2026-08-23T11:28:30Z
2026-08-23T11:27:43Z,2026-08-23T13:27:43+0200,aa89dba4-771d-4653-9ac4-44e4858bfe00,2026-07-27T04:30:00Z,2026-07-27T06:30:00+0200,112.96,EUR/MWh,BE,BE,imbalance_price,Long,2026-08-23T11:28:30Z
2026-08-23T11:27:43Z,2026-08-23T13:27:43+0200,aa89dba4-771d-4653-9ac4-44e4858bfe00,2026-07-27T04:30:00Z,2026-07-27T06:30:00+0200,112.96,EUR/MWh,BE,BE,imbalance_price,Short,2026-08-23T11:28:30Z
2026-08-23T11:27:43Z,2026-08-23T13:27:43+0200,aa89dba4-771d-4653-9ac4-44e4858bfe00,2026-07-27T04:45:00Z,2026-07-27T06:45:00+0200,121.22,EUR/MWh,BE,BE,imbalance_price,Long,2026-08-23T11:28:30Z
2026-08-23T11:27:43Z,2026-08-23T13:27:43+0200,aa89dba4-771d-4653-9ac4-44e4858bfe00,2026-07-27T04:45:00Z,2026-07-27T06:45:00+0200,121.22,EUR/MWh,BE,BE,imbalance_price,Short,2026-08-23T11:28:30Z
2026-08-23T11:27:43Z,2026-08-23T13:27:43+0200,aa89dba4-771d-4653-9ac4-44e4858bfe00,2026-07-27T05:00:00Z,2026-07-27T07:00:00+0200,108.64,EUR/MWh,BE,BE,imbalance_price,Long,2026-08-23T11:28:30Z
2026-08-23T11:27:43Z,2026-08-23T13:27:43+0200,aa89dba4-771d-4653-9ac4-44e4858bfe00,2026-07-27T05:00:00Z,2026-07-27T07:00:00+0200,108.64,EUR/MWh,BE,BE,imbalance_price,Short,2026-08-23T11:28:30Z
2026-08-23T11:27:43Z,2026-08-23T13:27:43+0200,aa89dba4-771d-4653-9ac4-44e4858bfe00,2026-07-27T05:15:00Z,2026-07-27T07:15:00+0200,126.49,EUR/MWh,BE,BE,imbalance_price,Long,2026-08-23T11:28:30Z
2026-08-23T11:27:43Z,2026-08-23T13:27:43+0200,aa89dba4-771d-4653-9ac4-44e4858bfe00,2026-07-27T05:15:00Z,2026-07-27T07:15:00+0200,126.49,EUR/MWh,BE,BE,imbalance_price,Short,2026-08-23T11:28:30Z
2026-08-23T11:27:43Z,2026-08-23T13:27:43+0200,aa89dba4-771d-4653-9ac4-44e4858bfe00,2026-07-27T05:30:00Z,2026-07-27T07:30:00+0200,97.0,EUR/MWh,BE,BE,imbalance_price,Long,2026-08-23T11:28:30Z
2026-08-23T11:27:43Z,2026-08-23T13:27:43+0200,aa89dba4-771d-4653-9ac4-44e4858bfe00,2026-07-27T05:30:00Z,2026-07-27T07:30:00+0200,97.0,EUR/MWh,BE,BE,imbalance_price,Short,2026-08-23T11:28:30Z
2026-08-23T11:27:43Z,2026-08-23T13:27:43+0200,aa89dba4-771d-4653-9ac4-44e4858bfe00,2026-07-27T05:45:00Z,2026-07-27T07:45:00+0200,110.0,EUR/MWh,BE,BE,imbalance_price,Long,2026-08-23T11:28:30Z
2026-08-23T11:27:43Z,2026-08-23T13:27:43+0200,aa89dba4-771d-4653-9ac4-44e4858bfe00,2026-07-27T05:45:00Z,2026-07-27T07:45:00+0200,110.0,EUR/MWh,BE,BE,imbalance_price,Short,2026-08-23T11:28:30Z
2026-08-23T11:27:43Z,2026-08-23T13:27:43+0200,aa89dba4-771d-4653-9ac4-44e4858bfe00,2026-07-27T06:00:00Z,2026-07-27T08:00:00+0200,153.69,EUR/MWh,BE,BE,imbalance_price,Long,2026-08-23T11:28:30Z
2026-08-23T11:27:43Z,2026-08-23T13:27:43+0200,aa89dba4-771d-4653-9ac4-44e4858bfe00,2026-07-27T06:00:00Z,2026-07-27T08:00:00+0200,153.69,EUR/MWh,BE,BE,imbalance_price,Short,2026-08-23T11:28:30Z
2026-08-23T11:27:43Z,2026-08-23T13:27:43+0200,aa89dba4-771d-4653-9ac4-44e4858bfe00,2026-07-27T06:15:00Z,2026-07-27T08:15:00+0200,168.88,EUR/MWh,BE,BE,imbalance_price,Long,2026-08-23T11:28:30Z
2026-08-23T11:27:43Z,2026-08-23T13:27:43+0200,aa89dba4-771d-4653-9ac4-44e4858bfe00,2026-07-27T06:15:00Z,2026-07-27T08:15:00+0200,168.88,EUR/MWh,BE,BE,imbalance_price,Short,2026-08-23T11:28:30Z
2026-08-23T11:27:43Z,2026-08-23T13:27:43+0200,aa89dba4-771d-4653-9ac4-44e4858bfe00,2026-07-27T06:30:00Z,2026-07-27T08:30:00+0200,106.0,EUR/MWh,BE,BE,imbalance_price,Long,2026-08-23T11:28:30Z
2026-08-23T11:27:43Z,2026-08-23T13:27:43+0200,aa89dba4-771d-4653-9ac4-44e4858bfe00,2026-07-27T06:30:00Z,2026-07-27T08:30:00+0200,106.0,EUR/MWh,BE,BE,imbalance_price,Short,2026-08-23T11:28:30Z
2026-08-23T11:27:43Z,2026-08-23T13:27:43+0200,aa89dba4-771d-4653-9ac4-44e4858bfe00,2026-07-27T06:45:00Z,2026-07-27T08:45:00+0200,106.0,EUR/MWh,BE,BE,imbalance_price,Long,2026-08-23T11:28:30Z
2026-08-23T11:27:43Z,2026-08-23T13:27:43+0200,aa89dba4-771d-4653-9ac4-44e4858bfe00,2026-07-27T06:45:00Z,2026-07-27T08:45:00+0200,106.0,EUR/MWh,BE,BE,imbalance_price,Short,2026-08-23T11:28:30Z
2026-08-23T11:27:43Z,2026-08-23T13:27:43+0200,aa89dba4-771d-4653-9ac4-44e4858bfe00,2026-07-27T07:00:00Z,2026-07-27T09:00:00+0200,98.05,EUR/MWh,BE,BE,imbalance_price,Long,2026-08-23T11:28:30Z
2026-08-23T11:27:43Z,2026-08-23T13:27:43+0200,aa89dba4-771d-4653-9ac4-44e4858bfe00,2026-07-27T07:00:00Z,2026-07-27T09:00:00+0200,98.05,EUR/MWh,BE,BE,imbalance_price,Short,2026-08-23T11:28:30Z
2026-08-23T11:27:43Z,2026-08-23T13:27:43+0200,aa89dba4-771d-4653-9ac4-44e4858bfe00,2026-07-27T07:15:00Z,2026-07-27T09:15:00+0200,62.59,EUR/MWh,BE,BE,imbalance_price,Long,2026-08-23T11:28:30Z
2026-08-23T11:27:43Z,2026-08-23T13:27:43+0200,aa89dba4-771d-4653-9ac4-44e4858bfe00,2026-07-27T07:15:00Z,2026-07-27T09:15:00+0200,62.59,EUR/MWh,BE,BE,imbalance_price,Short,2026-08-23T11:28:30Z
2026-08-23T11:27:43Z,2026-08-23T13:27:43+0200,aa89dba4-771d-4653-9ac4-44e4858bfe00,2026-07-27T07:30:00Z,2026-07-27T09:30:00+0200,60.0,EUR/MWh,BE,BE,imbalance_price,Long,2026-08-23T11:28:30Z
2026-08-23T11:27:43Z,2026-08-23T13:27:43+0200,aa89dba4-771d-4653-9ac4-44e4858bfe00,2026-07-27T07:30:00Z,2026-07-27T09:30:00+0200,60.0,EUR/MWh,BE,BE,imbalance_price,Short,2026-08-23T11:28:30Z
2026-08-23T11:27:43Z,2026-08-23T13:27:43+0200,aa89dba4-771d-4653-9ac4-44e4858bfe00,2026-07-27T07:45:00Z,2026-07-27T09:45:00+0200,59.0,EUR/MWh,BE,BE,imbalance_price,Long,2026-08-23T11:28:30Z
2026-08-23T11:27:43Z,2026-08-23T13:27:43+0200,aa89dba4-771d-4653-9ac4-44e4858bfe00,2026-07-27T07:45:00Z,2026-07-27T09:45:00+0200,59.0,EUR/MWh,BE,BE,imbalance_price,Short,2026-08-23T11:28:30Z
2026-08-23T11:27:43Z,2026-08-23T13:27:43+0200,aa89dba4-771d-4653-9ac4-44e4858bfe00,2026-07-27T08:00:00Z,2026-07-27T10:00:00+0200,61.61,EUR/MWh,BE,BE,imbalance_price,Long,2026-08-23T11:28:30Z
2026-08-23T11:27:43Z,2026-08-23T13:27:43+0200,aa89dba4-771d-4653-9ac4-44e4858bfe00,2026-07-27T08:00:00Z,2026-07-27T10:00:00+0200,61.61,EUR/MWh,BE,BE,imbalance_price,Short,2026-08-23T11:28:30Z
2026-08-23T11:27:43Z,2026-08-23T13:27:43+0200,aa89dba4-771d-4653-9ac4-44e4858bfe00,2026-07-27T08:15:00Z,2026-07-27T10:15:00+0200,63.04,EUR/MWh,BE,BE,imbalance_price,Long,2026-08-23T11:28:30Z
2026-08-23T11:27:43Z,2026-08-23T13:27:43+0200,aa89dba4-771d-4653-9ac4-44e4858bfe00,2026-07-27T08:15:00Z,2026-07-27T10:15:00+0200,63.04,EUR/MWh,BE,BE,imbalance_price,Short,2026-08-23T11:28:30Z
2026-08-23T11:27:43Z,2026-08-23T13:27:43+0200,aa89dba4-771d-4653-9ac4-44e4858bfe00,2026-07-27T08:30:00Z,2026-07-27T10:30:00+0200,62.63,EUR/MWh,BE,BE,imbalance_price,Long,2026-08-23T11:28:30Z
2026-08-23T11:27:43Z,2026-08-23T13:27:43+0200,aa89dba4-771d-4653-9ac4-44e4858bfe00,2026-07-27T08:30:00Z,2026-07-27T10:30:00+0200,62.63,EUR/MWh,BE,BE,imbalance_price,Short,2026-08-23T11:28:30Z
2026-08-23T11:27:43Z,2026-08-23T13:27:43+0200,aa89dba4-771d-4653-9ac4-44e4858bfe00,2026-07-27T08:45:00Z,2026-07-27T10:45:00+0200,75.79,EUR/MWh,BE,BE,imbalance_price,Long,2026-08-23T11:28:30Z
2026-08-23T11:27:43Z,2026-08-23T13:27:43+0200,aa89dba4-771d-4653-9ac4-44e4858bfe00,2026-07-27T08:45:00Z,2026-07-27T10:45:00+0200,75.79,EUR/MWh,BE,BE,imbalance_price,Short,2026-08-23T11:28:30Z
2026-08-23T11:27:43Z,2026-08-23T13:27:43+0200,aa89dba4-771d-4653-9ac4-44e4858bfe00,2026-07-27T09:00:00Z,2026-07-27T11:00:00+0200,161.43,EUR/MWh,BE,BE,imbalance_price,Long,2026-08-23T11:28:30Z
2026-08-23T11:27:43Z,2026-08-23T13:27:43+0200,aa89dba4-771d-4653-9ac4-44e4858bfe00,2026-07-27T09:00:00Z,2026-07-27T11:00:00+0200,161.43,EUR/MWh,BE,BE,imbalance_price,Short,2026-08-23T11:28:30Z
2026-08-23T11:27:43Z,2026-08-23T13:27:43+0200,aa89dba4-771d-4653-9ac4-44e4858bfe00,2026-07-27T09:15:00Z,2026-07-27T11:15:00+0200,106.28,EUR/MWh,BE,BE,imbalance_price,Long,2026-08-23T11:28:30Z
2026-08-23T11:27:43Z,2026-08-23T13:27:43+0200,aa89dba4-771d-4653-9ac4-44e4858bfe00,2026-07-27T09:15:00Z,2026-07-27T11:15:00+0200,106.28,EUR/MWh,BE,BE,imbalance_price,Short,2026-08-23T11:28:30Z
2026-08-23T11:27:43Z,2026-08-23T13:27:43+0200,aa89dba4-771d-4653-9ac4-44e4858bfe00,2026-07-27T09:30:00Z,2026-07-27T11:30:00+0200,88.45,EUR/MWh,BE,BE,imbalance_price,Long,2026-08-23T11:28:30Z
2026-08-23T11:27:43Z,2026-08-23T13:27:43+0200,aa89dba4-771d-4653-9ac4-44e4858bfe00,2026-07-27T09:30:00Z,2026-07-27T11:30:00+0200,88.45,EUR/MWh,BE,BE,imbalance_price,Short,2026-08-23T11:28:30Z
2026-08-23T11:27:43Z,2026-08-23T13:27:43+0200,aa89dba4-771d-4653-9ac4-44e4858bfe00,2026-07-27T09:45:00Z,2026-07-27T11:45:00+0200,71.6,EUR/MWh,BE,BE,imbalance_price,Long,2026-08-23T11:28:30Z
2026-08-23T11:27:43Z,2026-08-23T13:27:43+0200,aa89dba4-771d-4653-9ac4-44e4858bfe00,2026-07-27T09:45:00Z,2026-07-27T11:45:00+0200,71.6,EUR/MWh,BE,BE,imbalance_price,Short,2026-08-23T11:28:30Z
2026-08-23T11:27:43Z,2026-08-23T13:27:43+0200,aa89dba4-771d-4653-9ac4-44e4858bfe00,2026-07-27T10:00:00Z,2026-07-27T12:00:00+0200,69.45,EUR/MWh,BE,BE,imbalance_price,Long,2026-08-23T11:28:30Z
2026-08-23T11:27:43Z,2026-08-23T13:27:43+0200,aa89dba4-771d-4653-9ac4-44e4858bfe00,2026-07-27T10:00:00Z,2026-07-27T12:00:00+0200,69.45,EUR/MWh,BE,BE,imbalance_price,Short,2026-08-23T11:28:30Z
2026-08-23T11:27:43Z,2026-08-23T13:27:43+0200,aa89dba4-771d-4653-9ac4-44e4858bfe00,2026-07-27T10:15:00Z,2026-07-27T12:15:00+0200,142.55,EUR/MWh,BE,BE,imbalance_price,Long,2026-08-23T11:28:30Z
2026-08-23T11:27:43Z,2026-08-23T13:27:43+0200,aa89dba4-771d-4653-9ac4-44e4858bfe00,2026-07-27T10:15:00Z,2026-07-27T12:15:00+0200,142.55,EUR/MWh,BE,BE,imbalance_price,Short,2026-08-23T11:28:30Z
2026-08-23T11:27:43Z,2026-08-23T13:27:43+0200,aa89dba4-771d-4653-9ac4-44e4858bfe00,2026-07-27T10:30:00Z,2026-07-27T12:30:00+0200,152.34,EUR/MWh,BE,BE,imbalance_price,Long,2026-08-23T11:28:30Z
2026-08-23T11:27:43Z,2026-08-23T13:27:43+0200,aa89dba4-771d-4653-9ac4-44e4858bfe00,2026-07-27T10:30:00Z,2026-07-27T12:30:00+0200,152.34,EUR/MWh,BE,BE,imbalance_price,Short,2026-08-23T11:28:30Z
2026-08-23T11:27:43Z,2026-08-23T13:27:43+0200,aa89dba4-771d-4653-9ac4-44e4858bfe00,2026-07-27T10:45:00Z,2026-07-27T12:45:00+0200,164.94,EUR/MWh,BE,BE,imbalance_price,Long,2026-08-23T11:28:30Z
2026-08-23T11:27:43Z,2026-08-23T13:27:43+0200,aa89dba4-771d-4653-9ac4-44e4858bfe00,2026-07-27T10:45:00Z,2026-07-27T12:45:00+0200,164.94,EUR/MWh,BE,BE,imbalance_price,Short,2026-08-23T11:28:30Z
2026-08-23T11:27:43Z,2026-08-23T13:27:43+0200,aa89dba4-771d-4653-9ac4-44e4858bfe00,2026-07-27T11:00:00Z,2026-07-27T13:00:00+0200,72.05,EUR/MWh,BE,BE,imbalance_price,Long,2026-08-23T11:28:30Z
2026-08-23T11:27:43Z,2026-08-23T13:27:43+0200,aa89dba4-771d-4653-9ac4-44e4858bfe00,2026-07-27T11:00:00Z,2026-07-27T13:00:00+0200,72.05,EUR/MWh,BE,BE,imbalance_price,Short,2026-08-23T11:28:30Z
2026-08-23T11:27:43Z,2026-08-23T13:27:43+0200,aa89dba4-771d-4653-9ac4-44e4858bfe00,2026-07-27T11:15:00Z,2026-07-27T13:15:00+0200,59.51,EUR/MWh,BE,BE,imbalance_price,Long,2026-08-23T11:28:30Z
2026-08-23T11:27:43Z,2026-08-23T13:27:43+0200,aa89dba4-771d-4653-9ac4-44e4858bfe00,2026-07-27T11:15:00Z,2026-07-27T13:15:00+0200,59.51,EUR/MWh,BE,BE,imbalance_price,Short,2026-08-23T11:28:30Z
2026-08-23T11:27:43Z,2026-08-23T13:27:43+0200,aa89dba4-771d-4653-9ac4-44e4858bfe00,2026-07-27T11:30:00Z,2026-07-27T13:30:00+0200,54.44,EUR/MWh,BE,BE,imbalance_price,Long,2026-08-23T11:28:30Z
2026-08-23T11:27:43Z,2026-08-23T13:27:43+0200,aa89dba4-771d-4653-9ac4-44e4858bfe00,2026-07-27T11:30:00Z,2026-07-27T13:30:00+0200,54.44,EUR/MWh,BE,BE,imbalance_price,Short,2026-08-23T11:28:30Z
2026-08-23T11:27:43Z,2026-08-23T13:27:43+0200,aa89dba4-771d-4653-9ac4-44e4858bfe00,2026-07-27T11:45:00Z,2026-07-27T13:45:00+0200,-1.18,EUR/MWh,BE,BE,imbalance_price,Long,2026-08-23T11:28:30Z
2026-08-23T11:27:43Z,2026-08-23T13:27:43+0200,aa89dba4-771d-4653-9ac4-44e4858bfe00,2026-07-27T11:45:00Z,2026-07-27T13:45:00+0200,-1.18,EUR/MWh,BE,BE,imbalance_price,Short,2026-08-23T11:28:30Z
2026-08-23T11:27:43Z,2026-08-23T13:27:43+0200,aa89dba4-771d-4653-9ac4-44e4858bfe00,2026-07-27T12:00:00Z,2026-07-27T14:00:00+0200,9.01,EUR/MWh,BE,BE,imbalance_price,Long,2026-08-23T11:28:30Z
2026-08-23T11:27:43Z,2026-08-23T13:27:43+0200,aa89dba4-771d-4653-9ac4-44e4858bfe00,2026-07-27T12:00:00Z,2026-07-27T14:00:00+0200,9.01,EUR/MWh,BE,BE,imbalance_price,Short,2026-08-23T11:28:30Z
2026-08-23T11:27:43Z,2026-08-23T13:27:43+0200,aa89dba4-771d-4653-9ac4-44e4858bfe00,2026-07-27T12:15:00Z,2026-07-27T14:15:00+0200,-1.32,EUR/MWh,BE,BE,imbalance_price,Long,2026-08-23T11:28:30Z
2026-08-23T11:27:43Z,2026-08-23T13:27:43+0200,aa89dba4-771d-4653-9ac4-44e4858bfe00,2026-07-27T12:15:00Z,2026-07-27T14:15:00+0200,-1.32,EUR/MWh,BE,BE,imbalance_price,Short,2026-08-23T11:28:30Z
2026-08-23T11:27:43Z,2026-08-23T13:27:43+0200,aa89dba4-771d-4653-9ac4-44e4858bfe00,2026-07-27T12:30:00Z,2026-07-27T14:30:00+0200,29.34,EUR/MWh,BE,BE,imbalance_price,Long,2026-08-23T11:28:30Z
2026-08-23T11:27:43Z,2026-08-23T13:27:43+0200,aa89dba4-771d-4653-9ac4-44e4858bfe00,2026-07-27T12:30:00Z,2026-07-27T14:30:00+0200,29.34,EUR/MWh,BE,BE,imbalance_price,Short,2026-08-23T11:28:30Z
2026-08-23T11:27:43Z,2026-08-23T13:27:43+0200,aa89dba4-771d-4653-9ac4-44e4858bfe00,2026-07-27T12:45:00Z,2026-07-27T14:45:00+0200,0.12,EUR/MWh,BE,BE,imbalance_price,Long,2026-08-23T11:28:30Z
2026-08-23T11:27:43Z,2026-08-23T13:27:43+0200,aa89dba4-771d-4653-9ac4-44e4858bfe00,2026-07-27T12:45:00Z,2026-07-27T14:45:00+0200,0.12,EUR/MWh,BE,BE,imbalance_price,Short,2026-08-23T11:28:30Z
2026-08-23T11:27:43Z,2026-08-23T13:27:43+0200,aa89dba4-771d-4653-9ac4-44e4858bfe00,2026-07-27T13:00:00Z,2026-07-27T15:00:00+0200,17.08,EUR/MWh,BE,BE,imbalance_price,Long,2026-08-23T11:28:30Z
2026-08-23T11:27:43Z,2026-08-23T13:27:43+0200,aa89dba4-771d-4653-9ac4-44e4858bfe00,2026-07-27T13:00:00Z,2026-07-27T15:00:00+0200,17.08,EUR/MWh,BE,BE,imbalance_price,Short,2026-08-23T11:28:30Z
2026-08-23T11:27:43Z,2026-08-23T13:27:43+0200,aa89dba4-771d-4653-9ac4-44e4858bfe00,2026-07-27T13:15:00Z,2026-07-27T15:15:00+0200,38.0,EUR/MWh,BE,BE,imbalance_price,Long,2026-08-23T11:28:30Z
2026-08-23T11:27:43Z,2026-08-23T13:27:43+0200,aa89dba4-771d-4653-9ac4-44e4858bfe00,2026-07-27T13:15:00Z,2026-07-27T15:15:00+0200,38.0,EUR/MWh,BE,BE,imbalance_price,Short,2026-08-23T11:28:30Z
2026-08-23T11:27:43Z,2026-08-23T13:27:43+0200,aa89dba4-771d-4653-9ac4-44e4858bfe00,2026-07-27T13:30:00Z,2026-07-27T15:30:00+0200,15.5,EUR/MWh,BE,BE,imbalance_price,Long,2026-08-23T11:28:30Z
2026-08-23T11:27:43Z,2026-08-23T13:27:43+0200,aa89dba4-771d-4653-9ac4-44e4858bfe00,2026-07-27T13:30:00Z,2026-07-27T15:30:00+0200,15.5,EUR/MWh,BE,BE,imbalance_price,Short,2026-08-23T11:28:30Z
2026-08-23T11:27:43Z,2026-08-23T13:27:43+0200,aa89dba4-771d-4653-9ac4-44e4858bfe00,2026-07-27T13:45:00Z,2026-07-27T15:45:00+0200,14.0,EUR/MWh,BE,BE,imbalance_price,Long,2026-08-23T11:28:30Z
2026-08-23T11:27:43Z,2026-08-23T13:27:43+0200,aa89dba4-771d-4653-9ac4-44e4858bfe00,2026-07-27T13:45:00Z,2026-07-27T15:45:00+0200,14.0,EUR/MWh,BE,BE,imbalance_price,Short,2026-08-23T11:28:30Z
2026-08-23T11:27:43Z,2026-08-23T13:27:43+0200,aa89dba4-771d-4653-9ac4-44e4858bfe00,2026-07-27T14:00:00Z,2026-07-27T16:00:00+0200,10.29,EUR/MWh,BE,BE,imbalance_price,Long,2026-08-23T11:28:30Z
2026-08-23T11:27:43Z,2026-08-23T13:27:43+0200,aa89dba4-771d-4653-9ac4-44e4858bfe00,2026-07-27T14:00:00Z,2026-07-27T16:00:00+0200,10.29,EUR/MWh,BE,BE,imbalance_price,Short,2026-08-23T11:28:30Z
2026-08-23T11:27:43Z,2026-08-23T13:27:43+0200,aa89dba4-771d-4653-9ac4-44e4858bfe00,2026-07-27T14:15:00Z,2026-07-27T16:15:00+0200,16.87,EUR/MWh,BE,BE,imbalance_price,Long,2026-08-23T11:28:30Z
2026-08-23T11:27:43Z,2026-08-23T13:27:43+0200,aa89dba4-771d-4653-9ac4-44e4858bfe00,2026-07-27T14:15:00Z,2026-07-27T16:15:00+0200,16.87,EUR/MWh,BE,BE,imbalance_price,Short,2026-08-23T11:28:30Z
2026-08-23T11:27:43Z,2026-08-23T13:27:43+0200,aa89dba4-771d-4653-9ac4-44e4858bfe00,2026-07-27T14:30:00Z,2026-07-27T16:30:00+0200,49.54,EUR/MWh,BE,BE,imbalance_price,Long,2026-08-23T11:28:30Z
2026-08-23T11:27:43Z,2026-08-23T13:27:43+0200,aa89dba4-771d-4653-9ac4-44e4858bfe00,2026-07-27T14:30:00Z,2026-07-27T16:30:00+0200,49.54,EUR/MWh,BE,BE,imbalance_price,Short,2026-08-23T11:28:30Z
2026-08-23T11:27:43Z,2026-08-23T13:27:43+0200,aa89dba4-771d-4653-9ac4-44e4858bfe00,2026-07-27T14:45:00Z,2026-07-27T16:45:00+0200,77.8,EUR/MWh,BE,BE,imbalance_price,Long,2026-08-23T11:28:30Z
2026-08-23T11:27:43Z,2026-08-23T13:27:43+0200,aa89dba4-771d-4653-9ac4-44e4858bfe00,2026-07-27T14:45:00Z,2026-07-27T16:45:00+0200,77.8,EUR/MWh,BE,BE,imbalance_price,Short,2026-08-23T11:28:30Z
2026-08-23T11:27:43Z,2026-08-23T13:27:43+0200,aa89dba4-771d-4653-9ac4-44e4858bfe00,2026-07-27T15:00:00Z,2026-07-27T17:00:00+0200,138.84,EUR/MWh,BE,BE,imbalance_price,Long,2026-08-23T11:28:30Z
2026-08-23T11:27:43Z,2026-08-23T13:27:43+0200,aa89dba4-771d-4653-9ac4-44e4858bfe00,2026-07-27T15:00:00Z,2026-07-27T17:00:00+0200,138.84,EUR/MWh,BE,BE,imbalance_price,Short,2026-08-23T11:28:30Z
2026-08-23T11:27:43Z,2026-08-23T13:27:43+0200,aa89dba4-771d-4653-9ac4-44e4858bfe00,2026-07-27T15:15:00Z,2026-07-27T17:15:00+0200,114.0,EUR/MWh,BE,BE,imbalance_price,Long,2026-08-23T11:28:30Z
2026-08-23T11:27:43Z,2026-08-23T13:27:43+0200,aa89dba4-771d-4653-9ac4-44e4858bfe00,2026-07-27T15:15:00Z,2026-07-27T17:15:00+0200,114.0,EUR/MWh,BE,BE,imbalance_price,Short,2026-08-23T11:28:30Z
2026-08-23T11:27:43Z,2026-08-23T13:27:43+0200,aa89dba4-771d-4653-9ac4-44e4858bfe00,2026-07-27T15:30:00Z,2026-07-27T17:30:00+0200,68.09,EUR/MWh,BE,BE,imbalance_price,Long,2026-08-23T11:28:30Z
2026-08-23T11:27:43Z,2026-08-23T13:27:43+0200,aa89dba4-771d-4653-9ac4-44e4858bfe00,2026-07-27T15:30:00Z,2026-07-27T17:30:00+0200,68.09,EUR/MWh,BE,BE,imbalance_price,Short,2026-08-23T11:28:30Z
2026-08-23T11:27:43Z,2026-08-23T13:27:43+0200,aa89dba4-771d-4653-9ac4-44e4858bfe00,2026-07-27T15:45:00Z,2026-07-27T17:45:00+0200,141.38,EUR/MWh,BE,BE,imbalance_price,Long,2026-08-23T11:28:30Z
2026-08-23T11:27:43Z,2026-08-23T13:27:43+0200,aa89dba4-771d-4653-9ac4-44e4858bfe00,2026-07-27T15:45:00Z,2026-07-27T17:45:00+0200,141.38,EUR/MWh,BE,BE,imbalance_price,Short,2026-08-23T11:28:30Z
2026-08-23T11:27:43Z,2026-08-23T13:27:43+0200,aa89dba4-771d-4653-9ac4-44e4858bfe00,2026-07-27T16:00:00Z,2026-07-27T18:00:00+0200,21.68,EUR/MWh,BE,BE,imbalance_price,Long,2026-08-23T11:28:30Z
2026-08-23T11:27:43Z,2026-08-23T13:27:43+0200,aa89dba4-771d-4653-9ac4-44e4858bfe00,2026-07-27T16:00:00Z,2026-07-27T18:00:00+0200,21.68,EUR/MWh,BE,BE,imbalance_price,Short,2026-08-23T11:28:30Z
2026-08-23T11:27:43Z,2026-08-23T13:27:43+0200,aa89dba4-771d-4653-9ac4-44e4858bfe00,2026-07-27T16:15:00Z,2026-07-27T18:15:00+0200,76.99,EUR/MWh,BE,BE,imbalance_price,Long,2026-08-23T11:28:30Z
2026-08-23T11:27:43Z,2026-08-23T13:27:43+0200,aa89dba4-771d-4653-9ac4-44e4858bfe00,2026-07-27T16:15:00Z,2026-07-27T18:15:00+0200,76.99,EUR/MWh,BE,BE,imbalance_price,Short,2026-08-23T11:28:30Z
2026-08-23T11:27:43Z,2026-08-23T13:27:43+0200,aa89dba4-771d-4653-9ac4-44e4858bfe00,2026-07-27T16:30:00Z,2026-07-27T18:30:00+0200,131.4,EUR/MWh,BE,BE,imbalance_price,Long,2026-08-23T11:28:30Z
2026-08-23T11:27:43Z,2026-08-23T13:27:43+0200,aa89dba4-771d-4653-9ac4-44e4858bfe00,2026-07-27T16:30:00Z,2026-07-27T18:30:00+0200,131.4,EUR/MWh,BE,BE,imbalance_price,Short,2026-08-23T11:28:30Z
2026-08-23T11:27:43Z,2026-08-23T13:27:43+0200,aa89dba4-771d-4653-9ac4-44e4858bfe00,2026-07-27T16:45:00Z,2026-07-27T18:45:00+0200,153.68,EUR/MWh,BE,BE,imbalance_price,Long,2026-08-23T11:28:30Z
2026-08-23T11:27:43Z,2026-08-23T13:27:43+0200,aa89dba4-771d-4653-9ac4-44e4858bfe00,2026-07-27T16:45:00Z,2026-07-27T18:45:00+0200,153.68,EUR/MWh,BE,BE,imbalance_price,Short,2026-08-23T11:28:30Z
2026-08-23T11:27:43Z,2026-08-23T13:27:43+0200,aa89dba4-771d-4653-9ac4-44e4858bfe00,2026-07-27T17:00:00Z,2026-07-27T19:00:00+0200,162.45,EUR/MWh,BE,BE,imbalance_price,Long,2026-08-23T11:28:30Z
2026-08-23T11:27:43Z,2026-08-23T13:27:43+0200,aa89dba4-771d-4653-9ac4-44e4858bfe00,2026-07-27T17:00:00Z,2026-07-27T19:00:00+0200,162.45,EUR/MWh,BE,BE,imbalance_price,Short,2026-08-23T11:28:30Z
2026-08-23T11:27:43Z,2026-08-23T13:27:43+0200,aa89dba4-771d-4653-9ac4-44e4858bfe00,2026-07-27T17:15:00Z,2026-07-27T19:15:00+0200,169.79,EUR/MWh,BE,BE,imbalance_price,Long,2026-08-23T11:28:30Z
2026-08-23T11:27:43Z,2026-08-23T13:27:43+0200,aa89dba4-771d-4653-9ac4-44e4858bfe00,2026-07-27T17:15:00Z,2026-07-27T19:15:00+0200,169.79,EUR/MWh,BE,BE,imbalance_price,Short,2026-08-23T11:28:30Z
2026-08-23T11:27:43Z,2026-08-23T13:27:43+0200,aa89dba4-771d-4653-9ac4-44e4858bfe00,2026-07-27T17:30:00Z,2026-07-27T19:30:00+0200,171.09,EUR/MWh,BE,BE,imbalance_price,Long,2026-08-23T11:28:30Z
2026-08-23T11:27:43Z,2026-08-23T13:27:43+0200,aa89dba4-771d-4653-9ac4-44e4858bfe00,2026-07-27T17:30:00Z,2026-07-27T19:30:00+0200,171.09,EUR/MWh,BE,BE,imbalance_price,Short,2026-08-23T11:28:30Z
2026-08-23T11:27:43Z,2026-08-23T13:27:43+0200,aa89dba4-771d-4653-9ac4-44e4858bfe00,2026-07-27T17:45:00Z,2026-07-27T19:45:00+0200,175.84,EUR/MWh,BE,BE,imbalance_price,Long,2026-08-23T11:28:30Z
2026-08-23T11:27:43Z,2026-08-23T13:27:43+0200,aa89dba4-771d-4653-9ac4-44e4858bfe00,2026-07-27T17:45:00Z,2026-07-27T19:45:00+0200,175.84,EUR/MWh,BE,BE,imbalance_price,Short,2026-08-23T11:28:30Z
2026-08-23T11:27:43Z,2026-08-23T13:27:43+0200,aa89dba4-771d-4653-9ac4-44e4858bfe00,2026-07-27T18:00:00Z,2026-07-27T20:00:00+0200,164.91,EUR/MWh,BE,BE,imbalance_price,Long,2026-08-23T11:28:30Z
2026-08-23T11:27:43Z,2026-08-23T13:27:43+0200,aa89dba4-771d-4653-9ac4-44e4858bfe00,2026-07-27T18:00:00Z,2026-07-27T20:00:00+0200,164.91,EUR/MWh,BE,BE,imbalance_price,Short,2026-08-23T11:28:30Z
2026-08-23T11:27:43Z,2026-08-23T13:27:43+0200,aa89dba4-771d-4653-9ac4-44e4858bfe00,2026-07-27T18:15:00Z,2026-07-27T20:15:00+0200,164.51,EUR/MWh,BE,BE,imbalance_price,Long,2026-08-23T11:28:30Z
2026-08-23T11:27:43Z,2026-08-23T13:27:43+0200,aa89dba4-771d-4653-9ac4-44e4858bfe00,2026-07-27T18:15:00Z,2026-07-27T20:15:00+0200,164.51,EUR/MWh,BE,BE,imbalance_price,Short,2026-08-23T11:28:30Z
2026-08-23T11:27:43Z,2026-08-23T13:27:43+0200,aa89dba4-771d-4653-9ac4-44e4858bfe00,2026-07-27T18:30:00Z,2026-07-27T20:30:00+0200,159.0,EUR/MWh,BE,BE,imbalance_price,Long,2026-08-23T11:28:30Z
2026-08-23T11:27:43Z,2026-08-23T13:27:43+0200,aa89dba4-771d-4653-9ac4-44e4858bfe00,2026-07-27T18:30:00Z,2026-07-27T20:30:00+0200,159.0,EUR/MWh,BE,BE,imbalance_price,Short,2026-08-23T11:28:30Z
2026-08-23T11:27:43Z,2026-08-23T13:27:43+0200,aa89dba4-771d-4653-9ac4-44e4858bfe00,2026-07-27T18:45:00Z,2026-07-27T20:45:00+0200,159.76,EUR/MWh,BE,BE,imbalance_price,Long,2026-08-23T11:28:30Z
2026-08-23T11:27:43Z,2026-08-23T13:27:43+0200,aa89dba4-771d-4653-9ac4-44e4858bfe00,2026-07-27T18:45:00Z,2026-07-27T20:45:00+0200,159.76,EUR/MWh,BE,BE,imbalance_price,Short,2026-08-23T11:28:30Z
2026-08-23T11:27:43Z,2026-08-23T13:27:43+0200,aa89dba4-771d-4653-9ac4-44e4858bfe00,2026-07-27T19:00:00Z,2026-07-27T21:00:00+0200,156.98,EUR/MWh,BE,BE,imbalance_price,Long,2026-08-23T11:28:30Z
2026-08-23T11:27:43Z,2026-08-23T13:27:43+0200,aa89dba4-771d-4653-9ac4-44e4858bfe00,2026-07-27T19:00:00Z,2026-07-27T21:00:00+0200,156.98,EUR/MWh,BE,BE,imbalance_price,Short,2026-08-23T11:28:30Z
2026-08-23T11:27:43Z,2026-08-23T13:27:43+0200,aa89dba4-771d-4653-9ac4-44e4858bfe00,2026-07-27T19:15:00Z,2026-07-27T21:15:00+0200,156.56,EUR/MWh,BE,BE,imbalance_price,Long,2026-08-23T11:28:30Z
2026-08-23T11:27:43Z,2026-08-23T13:27:43+0200,aa89dba4-771d-4653-9ac4-44e4858bfe00,2026-07-27T19:15:00Z,2026-07-27T21:15:00+0200,156.56,EUR/MWh,BE,BE,imbalance_price,Short,2026-08-23T11:28:30Z
2026-08-23T11:27:43Z,2026-08-23T13:27:43+0200,aa89dba4-771d-4653-9ac4-44e4858bfe00,2026-07-27T19:30:00Z,2026-07-27T21:30:00+0200,151.11,EUR/MWh,BE,BE,imbalance_price,Long,2026-08-23T11:28:30Z
2026-08-23T11:27:43Z,2026-08-23T13:27:43+0200,aa89dba4-771d-4653-9ac4-44e4858bfe00,2026-07-27T19:30:00Z,2026-07-27T21:30:00+0200,151.11,EUR/MWh,BE,BE,imbalance_price,Short,2026-08-23T11:28:30Z
2026-08-23T11:27:43Z,2026-08-23T13:27:43+0200,aa89dba4-771d-4653-9ac4-44e4858bfe00,2026-07-27T19:45:00Z,2026-07-27T21:45:00+0200,140.44,EUR/MWh,BE,BE,imbalance_price,Long,2026-08-23T11:28:30Z
2026-08-23T11:27:43Z,2026-08-23T13:27:43+0200,aa89dba4-771d-4653-9ac4-44e4858bfe00,2026-07-27T19:45:00Z,2026-07-27T21:45:00+0200,140.44,EUR/MWh,BE,BE,imbalance_price,Short,2026-08-23T11:28:30Z
2026-08-23T11:27:43Z,2026-08-23T13:27:43+0200,aa89dba4-771d-4653-9ac4-44e4858bfe00,2026-07-27T20:00:00Z,2026-07-27T22:00:00+0200,145.07,EUR/MWh,BE,BE,imbalance_price,Long,2026-08-23T11:28:30Z
2026-08-23T11:27:43Z,2026-08-23T13:27:43+0200,aa89dba4-771d-4653-9ac4-44e4858bfe00,2026-07-27T20:00:00Z,2026-07-27T22:00:00+0200,145.07,EUR/MWh,BE,BE,imbalance_price,Short,2026-08-23T11:28:30Z
2026-08-23T11:27:43Z,2026-08-23T13:27:43+0200,aa89dba4-771d-4653-9ac4-44e4858bfe00,2026-07-27T20:15:00Z,2026-07-27T22:15:00+0200,147.14,EUR/MWh,BE,BE,imbalance_price,Long,2026-08-23T11:28:30Z
2026-08-23T11:27:43Z,2026-08-23T13:27:43+0200,aa89dba4-771d-4653-9ac4-44e4858bfe00,2026-07-27T20:15:00Z,2026-07-27T22:15:00+0200,147.14,EUR/MWh,BE,BE,imbalance_price,Short,2026-08-23T11:28:30Z
2026-08-23T11:27:43Z,2026-08-23T13:27:43+0200,aa89dba4-771d-4653-9ac4-44e4858bfe00,2026-07-27T20:30:00Z,2026-07-27T22:30:00+0200,152.68,EUR/MWh,BE,BE,imbalance_price,Long,2026-08-23T11:28:30Z
2026-08-23T11:27:43Z,2026-08-23T13:27:43+0200,aa89dba4-771d-4653-9ac4-44e4858bfe00,2026-07-27T20:30:00Z,2026-07-27T22:30:00+0200,152.68,EUR/MWh,BE,BE,imbalance_price,Short,2026-08-23T11:28:30Z
2026-08-23T11:27:43Z,2026-08-23T13:27:43+0200,aa89dba4-771d-4653-9ac4-44e4858bfe00,2026-07-27T20:45:00Z,2026-07-27T22:45:00+0200,162.69,EUR/MWh,BE,BE,imbalance_price,Long,2026-08-23T11:28:30Z
2026-08-23T11:27:43Z,2026-08-23T13:27:43+0200,aa89dba4-771d-4653-9ac4-44e4858bfe00,2026-07-27T20:45:00Z,2026-07-27T22:45:00+0200,162.69,EUR/MWh,BE,BE,imbalance_price,Short,2026-08-23T11:28:30Z
2026-08-23T11:27:43Z,2026-08-23T13:27:43+0200,aa89dba4-771d-4653-9ac4-44e4858bfe00,2026-07-27T21:00:00Z,2026-07-27T23:00:00+0200,131.62,EUR/MWh,BE,BE,imbalance_price,Long,2026-08-23T11:28:30Z
2026-08-23T11:27:43Z,2026-08-23T13:27:43+0200,aa89dba4-771d-4653-9ac4-44e4858bfe00,2026-07-27T21:00:00Z,2026-07-27T23:00:00+0200,131.62,EUR/MWh,BE,BE,imbalance_price,Short,2026-08-23T11:28:30Z
2026-08-23T11:27:43Z,2026-08-23T13:27:43+0200,aa89dba4-771d-4653-9ac4-44e4858bfe00,2026-07-27T21:15:00Z,2026-07-27T23:15:00+0200,136.61,EUR/MWh,BE,BE,imbalance_price,Long,2026-08-23T11:28:30Z
2026-08-23T11:27:43Z,2026-08-23T13:27:43+0200,aa89dba4-771d-4653-9ac4-44e4858bfe00,2026-07-27T21:15:00Z,2026-07-27T23:15:00+0200,136.61,EUR/MWh,BE,BE,imbalance_price,Short,2026-08-23T11:28:30Z
2026-08-23T11:27:43Z,2026-08-23T13:27:43+0200,aa89dba4-771d-4653-9ac4-44e4858bfe00,2026-07-27T21:30:00Z,2026-07-27T23:30:00+0200,150.74,EUR/MWh,BE,BE,imbalance_price,Long,2026-08-23T11:28:30Z
2026-08-23T11:27:43Z,2026-08-23T13:27:43+0200,aa89dba4-771d-4653-9ac4-44e4858bfe00,2026-07-27T21:30:00Z,2026-07-27T23:30:00+0200,150.74,EUR/MWh,BE,BE,imbalance_price,Short,2026-08-23T11:28:30Z
2026-08-23T11:27:43Z,2026-08-23T13:27:43+0200,aa89dba4-771d-4653-9ac4-44e4858bfe00,2026-07-27T21:45:00Z,2026-07-27T23:45:00+0200,115.35,EUR/MWh,BE,BE,imbalance_price,Long,2026-08-23T11:28:30Z
2026-08-23T11:27:43Z,2026-08-23T13:27:43+0200,aa89dba4-771d-4653-9ac4-44e4858bfe00,2026-07-27T21:45:00Z,2026-07-27T23:45:00+0200,115.35,EUR/MWh,BE,BE,imbalance_price,Short,2026-08-23T11:28:30Z
2026-08-23T11:27:43Z,2026-08-23T13:27:43+0200,aa89dba4-771d-4653-9ac4-44e4858bfe00,2026-07-27T22:00:00Z,2026-07-28T00:00:00+0200,166.05,EUR/MWh,BE,BE,imbalance_price,Long,2026-08-23T11:28:30Z
2026-08-23T11:27:43Z,2026-08-23T13:27:43+0200,aa89dba4-771d-4653-9ac4-44e4858bfe00,2026-07-27T22:00:00Z,2026-07-28T00:00:00+0200,166.05,EUR/MWh,BE,BE,imbalance_price,Short,2026-08-23T11:28:30Z
2026-08-23T11:27:43Z,2026-08-23T13:27:43+0200,aa89dba4-771d-4653-9ac4-44e4858bfe00,2026-07-27T22:15:00Z,2026-07-28T00:15:00+0200,148.36,EUR/MWh,BE,BE,imbalance_price,Long,2026-08-23T11:28:30Z
2026-08-23T11:27:43Z,2026-08-23T13:27:43+0200,aa89dba4-771d-4653-9ac4-44e4858bfe00,2026-07-27T22:15:00Z,2026-07-28T00:15:00+0200,148.36,EUR/MWh,BE,BE,imbalance_price,Short,2026-08-23T11:28:30Z
2026-08-23T11:27:43Z,2026-08-23T13:27:43+0200,aa89dba4-771d-4653-9ac4-44e4858bfe00,2026-07-27T22:30:00Z,2026-07-28T00:30:00+0200,173.9,EUR/MWh,BE,BE,imbalance_price,Long,2026-08-23T11:28:30Z
2026-08-23T11:27:43Z,2026-08-23T13:27:43+0200,aa89dba4-771d-4653-9ac4-44e4858bfe00,2026-07-27T22:30:00Z,2026-07-28T00:30:00+0200,173.9,EUR/MWh,BE,BE,imbalance_price,Short,2026-08-23T11:28:30Z
2026-08-23T11:27:43Z,2026-08-23T13:27:43+0200,aa89dba4-771d-4653-9ac4-44e4858bfe00,2026-07-27T22:45:00Z,2026-07-28T00:45:00+0200,142.1,EUR/MWh,BE,BE,imbalance_price,Long,2026-08-23T11:28:30Z
2026-08-23T11:27:43Z,2026-08-23T13:27:43+0200,aa89dba4-771d-4653-9ac4-44e4858bfe00,2026-07-27T22:45:00Z,2026-07-28T00:45:00+0200,142.1,EUR/MWh,BE,BE,imbalance_price,Short,2026-08-23T11:28:30Z
2026-08-23T11:27:43Z,2026-08-23T13:27:43+0200,aa89dba4-771d-4653-9ac4-44e4858bfe00,2026-07-27T23:00:00Z,2026-07-28T01:00:00+0200,147.08,EUR/MWh,BE,BE,imbalance_price,Long,2026-08-23T11:28:30Z
2026-08-23T11:27:43Z,2026-08-23T13:27:43+0200,aa89dba4-771d-4653-9ac4-44e4858bfe00,2026-07-27T23:00:00Z,2026-07-28T01:00:00+0200,147.08,EUR/MWh,BE,BE,imbalance_price,Short,2026-08-23T11:28:30Z
2026-08-23T11:27:43Z,2026-08-23T13:27:43+0200,aa89dba4-771d-4653-9ac4-44e4858bfe00,2026-07-27T23:15:00Z,2026-07-28T01:15:00+0200,158.69,EUR/MWh,BE,BE,imbalance_price,Long,2026-08-23T11:28:30Z
2026-08-23T11:27:43Z,2026-08-23T13:27:43+0200,aa89dba4-771d-4653-9ac4-44e4858bfe00,2026-07-27T23:15:00Z,2026-07-28T01:15:00+0200,158.69,EUR/MWh,BE,BE,imbalance_price,Short,2026-08-23T11:28:30Z
2026-08-23T11:27:43Z,2026-08-23T13:27:43+0200,aa89dba4-771d-4653-9ac4-44e4858bfe00,2026-07-27T23:30:00Z,2026-07-28T01:30:00+0200,149.13,EUR/MWh,BE,BE,imbalance_price,Long,2026-08-23T11:28:30Z
2026-08-23T11:27:43Z,2026-08-23T13:27:43+0200,aa89dba4-771d-4653-9ac4-44e4858bfe00,2026-07-27T23:30:00Z,2026-07-28T01:30:00+0200,149.13,EUR/MWh,BE,BE,imbalance_price,Short,2026-08-23T11:28:30Z
2026-08-23T11:27:43Z,2026-08-23T13:27:43+0200,aa89dba4-771d-4653-9ac4-44e4858bfe00,2026-07-27T23:45:00Z,2026-07-28T01:45:00+0200,145.67,EUR/MWh,BE,BE,imbalance_price,Long,2026-08-23T11:28:30Z
2026-08-23T11:27:43Z,2026-08-23T13:27:43+0200,aa89dba4-771d-4653-9ac4-44e4858bfe00,2026-07-27T23:45:00Z,2026-07-28T01:45:00+0200,145.67,EUR/MWh,BE,BE,imbalance_price,Short,2026-08-23T11:28:30Z
2026-08-23T11:27:43Z,2026-08-23T13:27:43+0200,aa89dba4-771d-4653-9ac4-44e4858bfe00,2026-07-28T00:00:00Z,2026-07-28T02:00:00+0200,142.34,EUR/MWh,BE,BE,imbalance_price,Long,2026-08-23T11:28:30Z
2026-08-23T11:27:43Z,2026-08-23T13:27:43+0200,aa89dba4-771d-4653-9ac4-44e4858bfe00,2026-07-28T00:00:00Z,2026-07-28T02:00:00+0200,142.34,EUR/MWh,BE,BE,imbalance_price,Short,2026-08-23T11:28:30Z
2026-08-23T11:27:43Z,2026-08-23T13:27:43+0200,aa89dba4-771d-4653-9ac4-44e4858bfe00,2026-07-28T00:15:00Z,2026-07-28T02:15:00+0200,137.52,EUR/MWh,BE,BE,imbalance_price,Long,2026-08-23T11:28:30Z
2026-08-23T11:27:43Z,2026-08-23T13:27:43+0200,aa89dba4-771d-4653-9ac4-44e4858bfe00,2026-07-28T00:15:00Z,2026-07-28T02:15:00+0200,137.52,EUR/MWh,BE,BE,imbalance_price,Short,2026-08-23T11:28:30Z
2026-08-23T11:27:43Z,2026-08-23T13:27:43+0200,aa89dba4-771d-4653-9ac4-44e4858bfe00,2026-07-28T00:30:00Z,2026-07-28T02:30:00+0200,134.32,EUR/MWh,BE,BE,imbalance_price,Long,2026-08-23T11:28:30Z
2026-08-23T11:27:43Z,2026-08-23T13:27:43+0200,aa89dba4-771d-4653-9ac4-44e4858bfe00,2026-07-28T00:30:00Z,2026-07-28T02:30:00+0200,134.32,EUR/MWh,BE,BE,imbalance_price,Short,2026-08-23T11:28:30Z
2026-08-23T11:27:43Z,2026-08-23T13:27:43+0200,aa89dba4-771d-4653-9ac4-44e4858bfe00,2026-07-28T00:45:00Z,2026-07-28T02:45:00+0200,125.43,EUR/MWh,BE,BE,imbalance_price,Long,2026-08-23T11:28:30Z
2026-08-23T11:27:43Z,2026-08-23T13:27:43+0200,aa89dba4-771d-4653-9ac4-44e4858bfe00,2026-07-28T00:45:00Z,2026-07-28T02:45:00+0200,125.43,EUR/MWh,BE,BE,imbalance_price,Short,2026-08-23T11:28:30Z
2026-08-23T11:27:43Z,2026-08-23T13:27:43+0200,aa89dba4-771d-4653-9ac4-44e4858bfe00,2026-07-28T01:00:00Z,2026-07-28T03:00:00+0200,133.31,EUR/MWh,BE,BE,imbalance_price,Long,2026-08-23T11:28:30Z
2026-08-23T11:27:43Z,2026-08-23T13:27:43+0200,aa89dba4-771d-4653-9ac4-44e4858bfe00,2026-07-28T01:00:00Z,2026-07-28T03:00:00+0200,133.31,EUR/MWh,BE,BE,imbalance_price,Short,2026-08-23T11:28:30Z
2026-08-23T11:27:43Z,2026-08-23T13:27:43+0200,aa89dba4-771d-4653-9ac4-44e4858bfe00,2026-07-28T01:15:00Z,2026-07-28T03:15:00+0200,127.33,EUR/MWh,BE,BE,imbalance_price,Long,2026-08-23T11:28:30Z
2026-08-23T11:27:43Z,2026-08-23T13:27:43+0200,aa89dba4-771d-4653-9ac4-44e4858bfe00,2026-07-28T01:15:00Z,2026-07-28T03:15:00+0200,127.33,EUR/MWh,BE,BE,imbalance_price,Short,2026-08-23T11:28:30Z
2026-08-23T11:27:43Z,2026-08-23T13:27:43+0200,aa89dba4-771d-4653-9ac4-44e4858bfe00,2026-07-28T01:30:00Z,2026-07-28T03:30:00+0200,107.4,EUR/MWh,BE,BE,imbalance_price,Long,2026-08-23T11:28:30Z
2026-08-23T11:27:43Z,2026-08-23T13:27:43+0200,aa89dba4-771d-4653-9ac4-44e4858bfe00,2026-07-28T01:30:00Z,2026-07-28T03:30:00+0200,107.4,EUR/MWh,BE,BE,imbalance_price,Short,2026-08-23T11:28:30Z
2026-08-23T11:27:43Z,2026-08-23T13:27:43+0200,aa89dba4-771d-4653-9ac4-44e4858bfe00,2026-07-28T01:45:00Z,2026-07-28T03:45:00+0200,93.7,EUR/MWh,BE,BE,imbalance_price,Long,2026-08-23T11:28:30Z
2026-08-23T11:27:43Z,2026-08-23T13:27:43+0200,aa89dba4-771d-4653-9ac4-44e4858bfe00,2026-07-28T01:45:00Z,2026-07-28T03:45:00+0200,93.7,EUR/MWh,BE,BE,imbalance_price,Short,2026-08-23T11:28:30Z
2026-08-23T11:27:43Z,2026-08-23T13:27:43+0200,aa89dba4-771d-4653-9ac4-44e4858bfe00,2026-07-28T02:00:00Z,2026-07-28T04:00:00+0200,134.4,EUR/MWh,BE,BE,imbalance_price,Long,2026-08-23T11:28:30Z
2026-08-23T11:27:43Z,2026-08-23T13:27:43+0200,aa89dba4-771d-4653-9ac4-44e4858bfe00,2026-07-28T02:00:00Z,2026-07-28T04:00:00+0200,134.4,EUR/MWh,BE,BE,imbalance_price,Short,2026-08-23T11:28:30Z
2026-08-23T11:27:43Z,2026-08-23T13:27:43+0200,aa89dba4-771d-4653-9ac4-44e4858bfe00,2026-07-28T02:15:00Z,2026-07-28T04:15:00+0200,133.87,EUR/MWh,BE,BE,imbalance_price,Long,2026-08-23T11:28:30Z
2026-08-23T11:27:43Z,2026-08-23T13:27:43+0200,aa89dba4-771d-4653-9ac4-44e4858bfe00,2026-07-28T02:15:00Z,2026-07-28T04:15:00+0200,133.87,EUR/MWh,BE,BE,imbalance_price,Short,2026-08-23T11:28:30Z
2026-08-23T11:27:43Z,2026-08-23T13:27:43+0200,aa89dba4-771d-4653-9ac4-44e4858bfe00,2026-07-28T02:30:00Z,2026-07-28T04:30:00+0200,136.08,EUR/MWh,BE,BE,imbalance_price,Long,2026-08-23T11:28:30Z
2026-08-23T11:27:43Z,2026-08-23T13:27:43+0200,aa89dba4-771d-4653-9ac4-44e4858bfe00,2026-07-28T02:30:00Z,2026-07-28T04:30:00+0200,136.08,EUR/MWh,BE,BE,imbalance_price,Short,2026-08-23T11:28:30Z
2026-08-23T11:27:43Z,2026-08-23T13:27:43+0200,aa89dba4-771d-4653-9ac4-44e4858bfe00,2026-07-28T02:45:00Z,2026-07-28T04:45:00+0200,138.86,EUR/MWh,BE,BE,imbalance_price,Long,2026-08-23T11:28:30Z
2026-08-23T11:27:43Z,2026-08-23T13:27:43+0200,aa89dba4-771d-4653-9ac4-44e4858bfe00,2026-07-28T02:45:00Z,2026-07-28T04:45:00+0200,138.86,EUR/MWh,BE,BE,imbalance_price,Short,2026-08-23T11:28:30Z
2026-08-23T11:27:43Z,2026-08-23T13:27:43+0200,aa89dba4-771d-4653-9ac4-44e4858bfe00,2026-07-28T03:00:00Z,2026-07-28T05:00:00+0200,142.33,EUR/MWh,BE,BE,imbalance_price,Long,2026-08-23T11:28:30Z
2026-08-23T11:27:43Z,2026-08-23T13:27:43+0200,aa89dba4-771d-4653-9ac4-44e4858bfe00,2026-07-28T03:00:00Z,2026-07-28T05:00:00+0200,142.33,EUR/MWh,BE,BE,imbalance_price,Short,2026-08-23T11:28:30Z
2026-08-23T11:27:43Z,2026-08-23T13:27:43+0200,aa89dba4-771d-4653-9ac4-44e4858bfe00,2026-07-28T03:15:00Z,2026-07-28T05:15:00+0200,146.44,EUR/MWh,BE,BE,imbalance_price,Long,2026-08-23T11:28:30Z
2026-08-23T11:27:43Z,2026-08-23T13:27:43+0200,aa89dba4-771d-4653-9ac4-44e4858bfe00,2026-07-28T03:15:00Z,2026-07-28T05:15:00+0200,146.44,EUR/MWh,BE,BE,imbalance_price,Short,2026-08-23T11:28:30Z
2026-08-23T11:27:43Z,2026-08-23T13:27:43+0200,aa89dba4-771d-4653-9ac4-44e4858bfe00,2026-07-28T03:30:00Z,2026-07-28T05:30:00+0200,143.05,EUR/MWh,BE,BE,imbalance_price,Long,2026-08-23T11:28:30Z
2026-08-23T11:27:43Z,2026-08-23T13:27:43+0200,aa89dba4-771d-4653-9ac4-44e4858bfe00,2026-07-28T03:30:00Z,2026-07-28T05:30:00+0200,143.05,EUR/MWh,BE,BE,imbalance_price,Short,2026-08-23T11:28:30Z
2026-08-23T11:27:43Z,2026-08-23T13:27:43+0200,aa89dba4-771d-4653-9ac4-44e4858bfe00,2026-07-28T03:45:00Z,2026-07-28T05:45:00+0200,148.25,EUR/MWh,BE,BE,imbalance_price,Long,2026-08-23T11:28:30Z
2026-08-23T11:27:43Z,2026-08-23T13:27:43+0200,aa89dba4-771d-4653-9ac4-44e4858bfe00,2026-07-28T03:45:00Z,2026-07-28T05:45:00+0200,148.25,EUR/MWh,BE,BE,imbalance_price,Short,2026-08-23T11:28:30Z
2026-08-23T11:27:43Z,2026-08-23T13:27:43+0200,aa89dba4-771d-4653-9ac4-44e4858bfe00,2026-07-28T04:00:00Z,2026-07-28T06:00:00+0200,141.75,EUR/MWh,BE,BE,imbalance_price,Long,2026-08-23T11:28:30Z
2026-08-23T11:27:43Z,2026-08-23T13:27:43+0200,aa89dba4-771d-4653-9ac4-44e4858bfe00,2026-07-28T04:00:00Z,2026-07-28T06:00:00+0200,141.75,EUR/MWh,BE,BE,imbalance_price,Short,2026-08-23T11:28:30Z
2026-08-23T11:27:43Z,2026-08-23T13:27:43+0200,aa89dba4-771d-4653-9ac4-44e4858bfe00,2026-07-28T04:15:00Z,2026-07-28T06:15:00+0200,137.23,EUR/MWh,BE,BE,imbalance_price,Long,2026-08-23T11:28:30Z
2026-08-23T11:27:43Z,2026-08-23T13:27:43+0200,aa89dba4-771d-4653-9ac4-44e4858bfe00,2026-07-28T04:15:00Z,2026-07-28T06:15:00+0200,137.23,EUR/MWh,BE,BE,imbalance_price,Short,2026-08-23T11:28:30Z
2026-08-23T11:27:43Z,2026-08-23T13:27:43+0200,aa89dba4-771d-4653-9ac4-44e4858bfe00,2026-07-28T04:30:00Z,2026-07-28T06:30:00+0200,150.9,EUR/MWh,BE,BE,imbalance_price,Long,2026-08-23T11:28:30Z
2026-08-23T11:27:43Z,2026-08-23T13:27:43+0200,aa89dba4-771d-4653-9ac4-44e4858bfe00,2026-07-28T04:30:00Z,2026-07-28T06:30:00+0200,150.9,EUR/MWh,BE,BE,imbalance_price,Short,2026-08-23T11:28:30Z
2026-08-23T11:27:43Z,2026-08-23T13:27:43+0200,aa89dba4-771d-4653-9ac4-44e4858bfe00,2026-07-28T04:45:00Z,2026-07-28T06:45:00+0200,130.89,EUR/MWh,BE,BE,imbalance_price,Long,2026-08-23T11:28:30Z
2026-08-23T11:27:43Z,2026-08-23T13:27:43+0200,aa89dba4-771d-4653-9ac4-44e4858bfe00,2026-07-28T04:45:00Z,2026-07-28T06:45:00+0200,130.89,EUR/MWh,BE,BE,imbalance_price,Short,2026-08-23T11:28:30Z
2026-08-23T11:27:43Z,2026-08-23T13:27:43+0200,aa89dba4-771d-4653-9ac4-44e4858bfe00,2026-07-28T05:00:00Z,2026-07-28T07:00:00+0200,137.78,EUR/MWh,BE,BE,imbalance_price,Long,2026-08-23T11:28:30Z
2026-08-23T11:27:43Z,2026-08-23T13:27:43+0200,aa89dba4-771d-4653-9ac4-44e4858bfe00,2026-07-28T05:00:00Z,2026-07-28T07:00:00+0200,137.78,EUR/MWh,BE,BE,imbalance_price,Short,2026-08-23T11:28:30Z
2026-08-23T11:27:43Z,2026-08-23T13:27:43+0200,aa89dba4-771d-4653-9ac4-44e4858bfe00,2026-07-28T05:15:00Z,2026-07-28T07:15:00+0200,118.13,EUR/MWh,BE,BE,imbalance_price,Long,2026-08-23T11:28:30Z
2026-08-23T11:27:43Z,2026-08-23T13:27:43+0200,aa89dba4-771d-4653-9ac4-44e4858bfe00,2026-07-28T05:15:00Z,2026-07-28T07:15:00+0200,118.13,EUR/MWh,BE,BE,imbalance_price,Short,2026-08-23T11:28:30Z
2026-08-23T11:27:43Z,2026-08-23T13:27:43+0200,aa89dba4-771d-4653-9ac4-44e4858bfe00,2026-07-28T05:30:00Z,2026-07-28T07:30:00+0200,78.78,EUR/MWh,BE,BE,imbalance_price,Long,2026-08-23T11:28:30Z
2026-08-23T11:27:43Z,2026-08-23T13:27:43+0200,aa89dba4-771d-4653-9ac4-44e4858bfe00,2026-07-28T05:30:00Z,2026-07-28T07:30:00+0200,78.78,EUR/MWh,BE,BE,imbalance_price,Short,2026-08-23T11:28:30Z
2026-08-23T11:27:43Z,2026-08-23T13:27:43+0200,aa89dba4-771d-4653-9ac4-44e4858bfe00,2026-07-28T05:45:00Z,2026-07-28T07:45:00+0200,96.87,EUR/MWh,BE,BE,imbalance_price,Long,2026-08-23T11:28:30Z
2026-08-23T11:27:43Z,2026-08-23T13:27:43+0200,aa89dba4-771d-4653-9ac4-44e4858bfe00,2026-07-28T05:45:00Z,2026-07-28T07:45:00+0200,96.87,EUR/MWh,BE,BE,imbalance_price,Short,2026-08-23T11:28:30Z
2026-08-23T11:27:43Z,2026-08-23T13:27:43+0200,aa89dba4-771d-4653-9ac4-44e4858bfe00,2026-07-28T06:00:00Z,2026-07-28T08:00:00+0200,99.85,EUR/MWh,BE,BE,imbalance_price,Long,2026-08-23T11:28:30Z
2026-08-23T11:27:43Z,2026-08-23T13:27:43+0200,aa89dba4-771d-4653-9ac4-44e4858bfe00,2026-07-28T06:00:00Z,2026-07-28T08:00:00+0200,99.85,EUR/MWh,BE,BE,imbalance_price,Short,2026-08-23T11:28:30Z
2026-08-23T11:27:43Z,2026-08-23T13:27:43+0200,aa89dba4-771d-4653-9ac4-44e4858bfe00,2026-07-28T06:15:00Z,2026-07-28T08:15:00+0200,47.88,EUR/MWh,BE,BE,imbalance_price,Long,2026-08-23T11:28:30Z
2026-08-23T11:27:43Z,2026-08-23T13:27:43+0200,aa89dba4-771d-4653-9ac4-44e4858bfe00,2026-07-28T06:15:00Z,2026-07-28T08:15:00+0200,47.88,EUR/MWh,BE,BE,imbalance_price,Short,2026-08-23T11:28:30Z
2026-08-23T11:27:43Z,2026-08-23T13:27:43+0200,aa89dba4-771d-4653-9ac4-44e4858bfe00,2026-07-28T06:30:00Z,2026-07-28T08:30:00+0200,59.28,EUR/MWh,BE,BE,imbalance_price,Long,2026-08-23T11:28:30Z
2026-08-23T11:27:43Z,2026-08-23T13:27:43+0200,aa89dba4-771d-4653-9ac4-44e4858bfe00,2026-07-28T06:30:00Z,2026-07-28T08:30:00+0200,59.28,EUR/MWh,BE,BE,imbalance_price,Short,2026-08-23T11:28:30Z
2026-08-23T11:27:43Z,2026-08-23T13:27:43+0200,aa89dba4-771d-4653-9ac4-44e4858bfe00,2026-07-28T06:45:00Z,2026-07-28T08:45:00+0200,61.75,EUR/MWh,BE,BE,imbalance_price,Long,2026-08-23T11:28:30Z
2026-08-23T11:27:43Z,2026-08-23T13:27:43+0200,aa89dba4-771d-4653-9ac4-44e4858bfe00,2026-07-28T06:45:00Z,2026-07-28T08:45:00+0200,61.75,EUR/MWh,BE,BE,imbalance_price,Short,2026-08-23T11:28:30Z
2026-08-23T11:27:43Z,2026-08-23T13:27:43+0200,aa89dba4-771d-4653-9ac4-44e4858bfe00,2026-07-28T07:00:00Z,2026-07-28T09:00:00+0200,59.76,EUR/MWh,BE,BE,imbalance_price,Long,2026-08-23T11:28:30Z
2026-08-23T11:27:43Z,2026-08-23T13:27:43+0200,aa89dba4-771d-4653-9ac4-44e4858bfe00,2026-07-28T07:00:00Z,2026-07-28T09:00:00+0200,59.76,EUR/MWh,BE,BE,imbalance_price,Short,2026-08-23T11:28:30Z
2026-08-23T11:27:43Z,2026-08-23T13:27:43+0200,aa89dba4-771d-4653-9ac4-44e4858bfe00,2026-07-28T07:15:00Z,2026-07-28T09:15:00+0200,-27.96,EUR/MWh,BE,BE,imbalance_price,Long,2026-08-23T11:28:30Z
2026-08-23T11:27:43Z,2026-08-23T13:27:43+0200,aa89dba4-771d-4653-9ac4-44e4858bfe00,2026-07-28T07:15:00Z,2026-07-28T09:15:00+0200,-27.96,EUR/MWh,BE,BE,imbalance_price,Short,2026-08-23T11:28:30Z
2026-08-23T11:27:43Z,2026-08-23T13:27:43+0200,aa89dba4-771d-4653-9ac4-44e4858bfe00,2026-07-28T07:30:00Z,2026-07-28T09:30:00+0200,-9.68,EUR/MWh,BE,BE,imbalance_price,Long,2026-08-23T11:28:30Z
2026-08-23T11:27:43Z,2026-08-23T13:27:43+0200,aa89dba4-771d-4653-9ac4-44e4858bfe00,2026-07-28T07:30:00Z,2026-07-28T09:30:00+0200,-9.68,EUR/MWh,BE,BE,imbalance_price,Short,2026-08-23T11:28:30Z
2026-08-23T11:27:43Z,2026-08-23T13:27:43+0200,aa89dba4-771d-4653-9ac4-44e4858bfe00,2026-07-28T07:45:00Z,2026-07-28T09:45:00+0200,0.74,EUR/MWh,BE,BE,imbalance_price,Long,2026-08-23T11:28:30Z
2026-08-23T11:27:43Z,2026-08-23T13:27:43+0200,aa89dba4-771d-4653-9ac4-44e4858bfe00,2026-07-28T07:45:00Z,2026-07-28T09:45:00+0200,0.74,EUR/MWh,BE,BE,imbalance_price,Short,2026-08-23T11:28:30Z
2026-08-23T11:27:43Z,2026-08-23T13:27:43+0200,aa89dba4-771d-4653-9ac4-44e4858bfe00,2026-07-28T08:00:00Z,2026-07-28T10:00:00+0200,-8.91,EUR/MWh,BE,BE,imbalance_price,Long,2026-08-23T11:28:30Z
2026-08-23T11:27:43Z,2026-08-23T13:27:43+0200,aa89dba4-771d-4653-9ac4-44e4858bfe00,2026-07-28T08:00:00Z,2026-07-28T10:00:00+0200,-8.91,EUR/MWh,BE,BE,imbalance_price,Short,2026-08-23T11:28:30Z
2026-08-23T11:27:43Z,2026-08-23T13:27:43+0200,aa89dba4-771d-4653-9ac4-44e4858bfe00,2026-07-28T08:15:00Z,2026-07-28T10:15:00+0200,-24.06,EUR/MWh,BE,BE,imbalance_price,Long,2026-08-23T11:28:30Z
2026-08-23T11:27:43Z,2026-08-23T13:27:43+0200,aa89dba4-771d-4653-9ac4-44e4858bfe00,2026-07-28T08:15:00Z,2026-07-28T10:15:00+0200,-24.06,EUR/MWh,BE,BE,imbalance_price,Short,2026-08-23T11:28:30Z
2026-08-23T11:27:43Z,2026-08-23T13:27:43+0200,aa89dba4-771d-4653-9ac4-44e4858bfe00,2026-07-28T08:30:00Z,2026-07-28T10:30:00+0200,-3.82,EUR/MWh,BE,BE,imbalance_price,Long,2026-08-23T11:28:30Z
2026-08-23T11:27:43Z,2026-08-23T13:27:43+0200,aa89dba4-771d-4653-9ac4-44e4858bfe00,2026-07-28T08:30:00Z,2026-07-28T10:30:00+0200,-3.82,EUR/MWh,BE,BE,imbalance_price,Short,2026-08-23T11:28:30Z
2026-08-23T11:27:43Z,2026-08-23T13:27:43+0200,aa89dba4-771d-4653-9ac4-44e4858bfe00,2026-07-28T08:45:00Z,2026-07-28T10:45:00+0200,-4.63,EUR/MWh,BE,BE,imbalance_price,Long,2026-08-23T11:28:30Z
2026-08-23T11:27:43Z,2026-08-23T13:27:43+0200,aa89dba4-771d-4653-9ac4-44e4858bfe00,2026-07-28T08:45:00Z,2026-07-28T10:45:00+0200,-4.63,EUR/MWh,BE,BE,imbalance_price,Short,2026-08-23T11:28:30Z
2026-08-23T11:27:43Z,2026-08-23T13:27:43+0200,aa89dba4-771d-4653-9ac4-44e4858bfe00,2026-07-28T09:00:00Z,2026-07-28T11:00:00+0200,-5.48,EUR/MWh,BE,BE,imbalance_price,Long,2026-08-23T11:28:30Z
2026-08-23T11:27:43Z,2026-08-23T13:27:43+0200,aa89dba4-771d-4653-9ac4-44e4858bfe00,2026-07-28T09:00:00Z,2026-07-28T11:00:00+0200,-5.48,EUR/MWh,BE,BE,imbalance_price,Short,2026-08-23T11:28:30Z
2026-08-23T11:27:43Z,2026-08-23T13:27:43+0200,aa89dba4-771d-4653-9ac4-44e4858bfe00,2026-07-28T09:15:00Z,2026-07-28T11:15:00+0200,-6.12,EUR/MWh,BE,BE,imbalance_price,Long,2026-08-23T11:28:30Z
2026-08-23T11:27:43Z,2026-08-23T13:27:43+0200,aa89dba4-771d-4653-9ac4-44e4858bfe00,2026-07-28T09:15:00Z,2026-07-28T11:15:00+0200,-6.12,EUR/MWh,BE,BE,imbalance_price,Short,2026-08-23T11:28:30Z
2026-08-23T11:27:43Z,2026-08-23T13:27:43+0200,aa89dba4-771d-4653-9ac4-44e4858bfe00,2026-07-28T09:30:00Z,2026-07-28T11:30:00+0200,-1.76,EUR/MWh,BE,BE,imbalance_price,Long,2026-08-23T11:28:30Z
2026-08-23T11:27:43Z,2026-08-23T13:27:43+0200,aa89dba4-771d-4653-9ac4-44e4858bfe00,2026-07-28T09:30:00Z,2026-07-28T11:30:00+0200,-1.76,EUR/MWh,BE,BE,imbalance_price,Short,2026-08-23T11:28:30Z
2026-08-23T11:27:43Z,2026-08-23T13:27:43+0200,aa89dba4-771d-4653-9ac4-44e4858bfe00,2026-07-28T09:45:00Z,2026-07-28T11:45:00+0200,-8.96,EUR/MWh,BE,BE,imbalance_price,Long,2026-08-23T11:28:30Z
2026-08-23T11:27:43Z,2026-08-23T13:27:43+0200,aa89dba4-771d-4653-9ac4-44e4858bfe00,2026-07-28T09:45:00Z,2026-07-28T11:45:00+0200,-8.96,EUR/MWh,BE,BE,imbalance_price,Short,2026-08-23T11:28:30Z
2026-08-23T11:27:43Z,2026-08-23T13:27:43+0200,aa89dba4-771d-4653-9ac4-44e4858bfe00,2026-07-28T10:00:00Z,2026-07-28T12:00:00+0200,-5.87,EUR/MWh,BE,BE,imbalance_price,Long,2026-08-23T11:28:30Z
2026-08-23T11:27:43Z,2026-08-23T13:27:43+0200,aa89dba4-771d-4653-9ac4-44e4858bfe00,2026-07-28T10:00:00Z,2026-07-28T12:00:00+0200,-5.87,EUR/MWh,BE,BE,imbalance_price,Short,2026-08-23T11:28:30Z
2026-08-23T11:27:43Z,2026-08-23T13:27:43+0200,aa89dba4-771d-4653-9ac4-44e4858bfe00,2026-07-28T10:15:00Z,2026-07-28T12:15:00+0200,-3.86,EUR/MWh,BE,BE,imbalance_price,Long,2026-08-23T11:28:30Z
2026-08-23T11:27:43Z,2026-08-23T13:27:43+0200,aa89dba4-771d-4653-9ac4-44e4858bfe00,2026-07-28T10:15:00Z,2026-07-28T12:15:00+0200,-3.86,EUR/MWh,BE,BE,imbalance_price,Short,2026-08-23T11:28:30Z
2026-08-23T11:27:43Z,2026-08-23T13:27:43+0200,aa89dba4-771d-4653-9ac4-44e4858bfe00,2026-07-28T10:30:00Z,2026-07-28T12:30:00+0200,-5.44,EUR/MWh,BE,BE,imbalance_price,Long,2026-08-23T11:28:30Z
2026-08-23T11:27:43Z,2026-08-23T13:27:43+0200,aa89dba4-771d-4653-9ac4-44e4858bfe00,2026-07-28T10:30:00Z,2026-07-28T12:30:00+0200,-5.44,EUR/MWh,BE,BE,imbalance_price,Short,2026-08-23T11:28:30Z
2026-08-23T11:27:43Z,2026-08-23T13:27:43+0200,aa89dba4-771d-4653-9ac4-44e4858bfe00,2026-07-28T10:45:00Z,2026-07-28T12:45:00+0200,-3.66,EUR/MWh,BE,BE,imbalance_price,Long,2026-08-23T11:28:30Z
2026-08-23T11:27:43Z,2026-08-23T13:27:43+0200,aa89dba4-771d-4653-9ac4-44e4858bfe00,2026-07-28T10:45:00Z,2026-07-28T12:45:00+0200,-3.66,EUR/MWh,BE,BE,imbalance_price,Short,2026-08-23T11:28:30Z
2026-08-23T11:27:43Z,2026-08-23T13:27:43+0200,aa89dba4-771d-4653-9ac4-44e4858bfe00,2026-07-28T11:00:00Z,2026-07-28T13:00:00+0200,-2.23,EUR/MWh,BE,BE,imbalance_price,Long,2026-08-23T11:28:30Z
2026-08-23T11:27:43Z,2026-08-23T13:27:43+0200,aa89dba4-771d-4653-9ac4-44e4858bfe00,2026-07-28T11:00:00Z,2026-07-28T13:00:00+0200,-2.23,EUR/MWh,BE,BE,imbalance_price,Short,2026-08-23T11:28:30Z
2026-08-23T11:27:43Z,2026-08-23T13:27:43+0200,aa89dba4-771d-4653-9ac4-44e4858bfe00,2026-07-28T11:15:00Z,2026-07-28T13:15:00+0200,-3.7,EUR/MWh,BE,BE,imbalance_price,Long,2026-08-23T11:28:30Z
2026-08-23T11:27:43Z,2026-08-23T13:27:43+0200,aa89dba4-771d-4653-9ac4-44e4858bfe00,2026-07-28T11:15:00Z,2026-07-28T13:15:00+0200,-3.7,EUR/MWh,BE,BE,imbalance_price,Short,2026-08-23T11:28:30Z
2026-08-23T11:27:43Z,2026-08-23T13:27:43+0200,aa89dba4-771d-4653-9ac4-44e4858bfe00,2026-07-28T11:30:00Z,2026-07-28T13:30:00+0200,-3.75,EUR/MWh,BE,BE,imbalance_price,Long,2026-08-23T11:28:30Z
2026-08-23T11:27:43Z,2026-08-23T13:27:43+0200,aa89dba4-771d-4653-9ac4-44e4858bfe00,2026-07-28T11:30:00Z,2026-07-28T13:30:00+0200,-3.75,EUR/MWh,BE,BE,imbalance_price,Short,2026-08-23T11:28:30Z
2026-08-23T11:27:43Z,2026-08-23T13:27:43+0200,aa89dba4-771d-4653-9ac4-44e4858bfe00,2026-07-28T11:45:00Z,2026-07-28T13:45:00+0200,-2.23,EUR/MWh,BE,BE,imbalance_price,Long,2026-08-23T11:28:30Z
2026-08-23T11:27:43Z,2026-08-23T13:27:43+0200,aa89dba4-771d-4653-9ac4-44e4858bfe00,2026-07-28T11:45:00Z,2026-07-28T13:45:00+0200,-2.23,EUR/MWh,BE,BE,imbalance_price,Short,2026-08-23T11:28:30Z
2026-08-23T11:27:43Z,2026-08-23T13:27:43+0200,aa89dba4-771d-4653-9ac4-44e4858bfe00,2026-07-28T12:00:00Z,2026-07-28T14:00:00+0200,-18.51,EUR/MWh,BE,BE,imbalance_price,Long,2026-08-23T11:28:30Z
2026-08-23T11:27:43Z,2026-08-23T13:27:43+0200,aa89dba4-771d-4653-9ac4-44e4858bfe00,2026-07-28T12:00:00Z,2026-07-28T14:00:00+0200,-18.51,EUR/MWh,BE,BE,imbalance_price,Short,2026-08-23T11:28:30Z
2026-08-23T11:27:43Z,2026-08-23T13:27:43+0200,aa89dba4-771d-4653-9ac4-44e4858bfe00,2026-07-28T12:15:00Z,2026-07-28T14:15:00+0200,-22.66,EUR/MWh,BE,BE,imbalance_price,Long,2026-08-23T11:28:30Z
2026-08-23T11:27:43Z,2026-08-23T13:27:43+0200,aa89dba4-771d-4653-9ac4-44e4858bfe00,2026-07-28T12:15:00Z,2026-07-28T14:15:00+0200,-22.66,EUR/MWh,BE,BE,imbalance_price,Short,2026-08-23T11:28:30Z
2026-08-23T11:27:43Z,2026-08-23T13:27:43+0200,aa89dba4-771d-4653-9ac4-44e4858bfe00,2026-07-28T12:30:00Z,2026-07-28T14:30:00+0200,-20.24,EUR/MWh,BE,BE,imbalance_price,Long,2026-08-23T11:28:30Z
2026-08-23T11:27:43Z,2026-08-23T13:27:43+0200,aa89dba4-771d-4653-9ac4-44e4858bfe00,2026-07-28T12:30:00Z,2026-07-28T14:30:00+0200,-20.24,EUR/MWh,BE,BE,imbalance_price,Short,2026-08-23T11:28:30Z
2026-08-23T11:27:43Z,2026-08-23T13:27:43+0200,aa89dba4-771d-4653-9ac4-44e4858bfe00,2026-07-28T12:45:00Z,2026-07-28T14:45:00+0200,-16.81,EUR/MWh,BE,BE,imbalance_price,Long,2026-08-23T11:28:30Z
2026-08-23T11:27:43Z,2026-08-23T13:27:43+0200,aa89dba4-771d-4653-9ac4-44e4858bfe00,2026-07-28T12:45:00Z,2026-07-28T14:45:00+0200,-16.81,EUR/MWh,BE,BE,imbalance_price,Short,2026-08-23T11:28:30Z
2026-08-23T11:27:43Z,2026-08-23T13:27:43+0200,aa89dba4-771d-4653-9ac4-44e4858bfe00,2026-07-28T13:00:00Z,2026-07-28T15:00:00+0200,-24.51,EUR/MWh,BE,BE,imbalance_price,Long,2026-08-23T11:28:30Z
2026-08-23T11:27:43Z,2026-08-23T13:27:43+0200,aa89dba4-771d-4653-9ac4-44e4858bfe00,2026-07-28T13:00:00Z,2026-07-28T15:00:00+0200,-24.51,EUR/MWh,BE,BE,imbalance_price,Short,2026-08-23T11:28:30Z
2026-08-23T11:27:43Z,2026-08-23T13:27:43+0200,aa89dba4-771d-4653-9ac4-44e4858bfe00,2026-07-28T13:15:00Z,2026-07-28T15:15:00+0200,-11.47,EUR/MWh,BE,BE,imbalance_price,Long,2026-08-23T11:28:30Z
2026-08-23T11:27:43Z,2026-08-23T13:27:43+0200,aa89dba4-771d-4653-9ac4-44e4858bfe00,2026-07-28T13:15:00Z,2026-07-28T15:15:00+0200,-11.47,EUR/MWh,BE,BE,imbalance_price,Short,2026-08-23T11:28:30Z
2026-08-23T11:27:43Z,2026-08-23T13:27:43+0200,aa89dba4-771d-4653-9ac4-44e4858bfe00,2026-07-28T13:30:00Z,2026-07-28T15:30:00+0200,-10.09,EUR/MWh,BE,BE,imbalance_price,Long,2026-08-23T11:28:30Z
2026-08-23T11:27:43Z,2026-08-23T13:27:43+0200,aa89dba4-771d-4653-9ac4-44e4858bfe00,2026-07-28T13:30:00Z,2026-07-28T15:30:00+0200,-10.09,EUR/MWh,BE,BE,imbalance_price,Short,2026-08-23T11:28:30Z
2026-08-23T11:27:43Z,2026-08-23T13:27:43+0200,aa89dba4-771d-4653-9ac4-44e4858bfe00,2026-07-28T13:45:00Z,2026-07-28T15:45:00+0200,-483.75,EUR/MWh,BE,BE,imbalance_price,Long,2026-08-23T11:28:30Z
2026-08-23T11:27:43Z,2026-08-23T13:27:43+0200,aa89dba4-771d-4653-9ac4-44e4858bfe00,2026-07-28T13:45:00Z,2026-07-28T15:45:00+0200,-483.75,EUR/MWh,BE,BE,imbalance_price,Short,2026-08-23T11:28:30Z
2026-08-23T11:27:43Z,2026-08-23T13:27:43+0200,aa89dba4-771d-4653-9ac4-44e4858bfe00,2026-07-28T14:00:00Z,2026-07-28T16:00:00+0200,-19.7,EUR/MWh,BE,BE,imbalance_price,Long,2026-08-23T11:28:30Z
2026-08-23T11:27:43Z,2026-08-23T13:27:43+0200,aa89dba4-771d-4653-9ac4-44e4858bfe00,2026-07-28T14:00:00Z,2026-07-28T16:00:00+0200,-19.7,EUR/MWh,BE,BE,imbalance_price,Short,2026-08-23T11:28:30Z
2026-08-23T11:27:43Z,2026-08-23T13:27:43+0200,aa89dba4-771d-4653-9ac4-44e4858bfe00,2026-07-28T14:15:00Z,2026-07-28T16:15:00+0200,-1.0,EUR/MWh,BE,BE,imbalance_price,Long,2026-08-23T11:28:30Z
2026-08-23T11:27:43Z,2026-08-23T13:27:43+0200,aa89dba4-771d-4653-9ac4-44e4858bfe00,2026-07-28T14:15:00Z,2026-07-28T16:15:00+0200,-1.0,EUR/MWh,BE,BE,imbalance_price,Short,2026-08-23T11:28:30Z
2026-08-23T11:27:43Z,2026-08-23T13:27:43+0200,aa89dba4-771d-4653-9ac4-44e4858bfe00,2026-07-28T14:30:00Z,2026-07-28T16:30:00+0200,-2.14,EUR/MWh,BE,BE,imbalance_price,Long,2026-08-23T11:28:30Z
2026-08-23T11:27:43Z,2026-08-23T13:27:43+0200,aa89dba4-771d-4653-9ac4-44e4858bfe00,2026-07-28T14:30:00Z,2026-07-28T16:30:00+0200,-2.14,EUR/MWh,BE,BE,imbalance_price,Short,2026-08-23T11:28:30Z
2026-08-23T11:27:43Z,2026-08-23T13:27:43+0200,aa89dba4-771d-4653-9ac4-44e4858bfe00,2026-07-28T14:45:00Z,2026-07-28T16:45:00+0200,4.71,EUR/MWh,BE,BE,imbalance_price,Long,2026-08-23T11:28:30Z
2026-08-23T11:27:43Z,2026-08-23T13:27:43+0200,aa89dba4-771d-4653-9ac4-44e4858bfe00,2026-07-28T14:45:00Z,2026-07-28T16:45:00+0200,4.71,EUR/MWh,BE,BE,imbalance_price,Short,2026-08-23T11:28:30Z
2026-08-23T11:27:43Z,2026-08-23T13:27:43+0200,aa89dba4-771d-4653-9ac4-44e4858bfe00,2026-07-28T15:00:00Z,2026-07-28T17:00:00+0200,47.72,EUR/MWh,BE,BE,imbalance_price,Long,2026-08-23T11:28:30Z
2026-08-23T11:27:43Z,2026-08-23T13:27:43+0200,aa89dba4-771d-4653-9ac4-44e4858bfe00,2026-07-28T15:00:00Z,2026-07-28T17:00:00+0200,47.72,EUR/MWh,BE,BE,imbalance_price,Short,2026-08-23T11:28:30Z
2026-08-23T11:27:43Z,2026-08-23T13:27:43+0200,aa89dba4-771d-4653-9ac4-44e4858bfe00,2026-07-28T15:15:00Z,2026-07-28T17:15:00+0200,69.05,EUR/MWh,BE,BE,imbalance_price,Long,2026-08-23T11:28:30Z
2026-08-23T11:27:43Z,2026-08-23T13:27:43+0200,aa89dba4-771d-4653-9ac4-44e4858bfe00,2026-07-28T15:15:00Z,2026-07-28T17:15:00+0200,69.05,EUR/MWh,BE,BE,imbalance_price,Short,2026-08-23T11:28:30Z
2026-08-23T11:27:43Z,2026-08-23T13:27:43+0200,aa89dba4-771d-4653-9ac4-44e4858bfe00,2026-07-28T15:30:00Z,2026-07-28T17:30:00+0200,53.56,EUR/MWh,BE,BE,imbalance_price,Long,2026-08-23T11:28:30Z
2026-08-23T11:27:43Z,2026-08-23T13:27:43+0200,aa89dba4-771d-4653-9ac4-44e4858bfe00,2026-07-28T15:30:00Z,2026-07-28T17:30:00+0200,53.56,EUR/MWh,BE,BE,imbalance_price,Short,2026-08-23T11:28:30Z
2026-08-23T11:27:43Z,2026-08-23T13:27:43+0200,aa89dba4-771d-4653-9ac4-44e4858bfe00,2026-07-28T15:45:00Z,2026-07-28T17:45:00+0200,144.35,EUR/MWh,BE,BE,imbalance_price,Long,2026-08-23T11:28:30Z
2026-08-23T11:27:43Z,2026-08-23T13:27:43+0200,aa89dba4-771d-4653-9ac4-44e4858bfe00,2026-07-28T15:45:00Z,2026-07-28T17:45:00+0200,144.35,EUR/MWh,BE,BE,imbalance_price,Short,2026-08-23T11:28:30Z
2026-08-23T11:27:43Z,2026-08-23T13:27:43+0200,aa89dba4-771d-4653-9ac4-44e4858bfe00,2026-07-28T16:00:00Z,2026-07-28T18:00:00+0200,147.58,EUR/MWh,BE,BE,imbalance_price,Long,2026-08-23T11:28:30Z
2026-08-23T11:27:43Z,2026-08-23T13:27:43+0200,aa89dba4-771d-4653-9ac4-44e4858bfe00,2026-07-28T16:00:00Z,2026-07-28T18:00:00+0200,147.58,EUR/MWh,BE,BE,imbalance_price,Short,2026-08-23T11:28:30Z
2026-08-23T11:27:43Z,2026-08-23T13:27:43+0200,aa89dba4-771d-4653-9ac4-44e4858bfe00,2026-07-28T16:15:00Z,2026-07-28T18:15:00+0200,152.49,EUR/MWh,BE,BE,imbalance_price,Long,2026-08-23T11:28:30Z
2026-08-23T11:27:43Z,2026-08-23T13:27:43+0200,aa89dba4-771d-4653-9ac4-44e4858bfe00,2026-07-28T16:15:00Z,2026-07-28T18:15:00+0200,152.49,EUR/MWh,BE,BE,imbalance_price,Short,2026-08-23T11:28:30Z
2026-08-23T11:27:43Z,2026-08-23T13:27:43+0200,aa89dba4-771d-4653-9ac4-44e4858bfe00,2026-07-28T16:30:00Z,2026-07-28T18:30:00+0200,180.53,EUR/MWh,BE,BE,imbalance_price,Long,2026-08-23T11:28:30Z
2026-08-23T11:27:43Z,2026-08-23T13:27:43+0200,aa89dba4-771d-4653-9ac4-44e4858bfe00,2026-07-28T16:30:00Z,2026-07-28T18:30:00+0200,180.53,EUR/MWh,BE,BE,imbalance_price,Short,2026-08-23T11:28:30Z
2026-08-23T11:27:43Z,2026-08-23T13:27:43+0200,aa89dba4-771d-4653-9ac4-44e4858bfe00,2026-07-28T16:45:00Z,2026-07-28T18:45:00+0200,179.49,EUR/MWh,BE,BE,imbalance_price,Long,2026-08-23T11:28:30Z
2026-08-23T11:27:43Z,2026-08-23T13:27:43+0200,aa89dba4-771d-4653-9ac4-44e4858bfe00,2026-07-28T16:45:00Z,2026-07-28T18:45:00+0200,179.49,EUR/MWh,BE,BE,imbalance_price,Short,2026-08-23T11:28:30Z
2026-08-23T11:27:43Z,2026-08-23T13:27:43+0200,aa89dba4-771d-4653-9ac4-44e4858bfe00,2026-07-28T17:00:00Z,2026-07-28T19:00:00+0200,176.0,EUR/MWh,BE,BE,imbalance_price,Long,2026-08-23T11:28:30Z
2026-08-23T11:27:43Z,2026-08-23T13:27:43+0200,aa89dba4-771d-4653-9ac4-44e4858bfe00,2026-07-28T17:00:00Z,2026-07-28T19:00:00+0200,176.0,EUR/MWh,BE,BE,imbalance_price,Short,2026-08-23T11:28:30Z
2026-08-23T11:27:43Z,2026-08-23T13:27:43+0200,aa89dba4-771d-4653-9ac4-44e4858bfe00,2026-07-28T17:15:00Z,2026-07-28T19:15:00+0200,198.68,EUR/MWh,BE,BE,imbalance_price,Long,2026-08-23T11:28:30Z
2026-08-23T11:27:43Z,2026-08-23T13:27:43+0200,aa89dba4-771d-4653-9ac4-44e4858bfe00,2026-07-28T17:15:00Z,2026-07-28T19:15:00+0200,198.68,EUR/MWh,BE,BE,imbalance_price,Short,2026-08-23T11:28:30Z
2026-08-23T11:27:43Z,2026-08-23T13:27:43+0200,aa89dba4-771d-4653-9ac4-44e4858bfe00,2026-07-28T17:30:00Z,2026-07-28T19:30:00+0200,179.16,EUR/MWh,BE,BE,imbalance_price,Long,2026-08-23T11:28:30Z
2026-08-23T11:27:43Z,2026-08-23T13:27:43+0200,aa89dba4-771d-4653-9ac4-44e4858bfe00,2026-07-28T17:30:00Z,2026-07-28T19:30:00+0200,179.16,EUR/MWh,BE,BE,imbalance_price,Short,2026-08-23T11:28:30Z
2026-08-23T11:27:43Z,2026-08-23T13:27:43+0200,aa89dba4-771d-4653-9ac4-44e4858bfe00,2026-07-28T17:45:00Z,2026-07-28T19:45:00+0200,151.02,EUR/MWh,BE,BE,imbalance_price,Long,2026-08-23T11:28:30Z
2026-08-23T11:27:43Z,2026-08-23T13:27:43+0200,aa89dba4-771d-4653-9ac4-44e4858bfe00,2026-07-28T17:45:00Z,2026-07-28T19:45:00+0200,151.02,EUR/MWh,BE,BE,imbalance_price,Short,2026-08-23T11:28:30Z
2026-08-23T11:27:43Z,2026-08-23T13:27:43+0200,aa89dba4-771d-4653-9ac4-44e4858bfe00,2026-07-28T18:00:00Z,2026-07-28T20:00:00+0200,203.48,EUR/MWh,BE,BE,imbalance_price,Long,2026-08-23T11:28:30Z
2026-08-23T11:27:43Z,2026-08-23T13:27:43+0200,aa89dba4-771d-4653-9ac4-44e4858bfe00,2026-07-28T18:00:00Z,2026-07-28T20:00:00+0200,203.48,EUR/MWh,BE,BE,imbalance_price,Short,2026-08-23T11:28:30Z
2026-08-23T11:27:43Z,2026-08-23T13:27:43+0200,aa89dba4-771d-4653-9ac4-44e4858bfe00,2026-07-28T18:15:00Z,2026-07-28T20:15:00+0200,200.37,EUR/MWh,BE,BE,imbalance_price,Long,2026-08-23T11:28:30Z
2026-08-23T11:27:43Z,2026-08-23T13:27:43+0200,aa89dba4-771d-4653-9ac4-44e4858bfe00,2026-07-28T18:15:00Z,2026-07-28T20:15:00+0200,200.37,EUR/MWh,BE,BE,imbalance_price,Short,2026-08-23T11:28:30Z
2026-08-23T11:27:43Z,2026-08-23T13:27:43+0200,aa89dba4-771d-4653-9ac4-44e4858bfe00,2026-07-28T18:30:00Z,2026-07-28T20:30:00+0200,225.0,EUR/MWh,BE,BE,imbalance_price,Long,2026-08-23T11:28:30Z
2026-08-23T11:27:43Z,2026-08-23T13:27:43+0200,aa89dba4-771d-4653-9ac4-44e4858bfe00,2026-07-28T18:30:00Z,2026-07-28T20:30:00+0200,225.0,EUR/MWh,BE,BE,imbalance_price,Short,2026-08-23T11:28:30Z
2026-08-23T11:27:43Z,2026-08-23T13:27:43+0200,aa89dba4-771d-4653-9ac4-44e4858bfe00,2026-07-28T18:45:00Z,2026-07-28T20:45:00+0200,227.37,EUR/MWh,BE,BE,imbalance_price,Long,2026-08-23T11:28:30Z
2026-08-23T11:27:43Z,2026-08-23T13:27:43+0200,aa89dba4-771d-4653-9ac4-44e4858bfe00,2026-07-28T18:45:00Z,2026-07-28T20:45:00+0200,227.37,EUR/MWh,BE,BE,imbalance_price,Short,2026-08-23T11:28:30Z
2026-08-23T11:27:43Z,2026-08-23T13:27:43+0200,aa89dba4-771d-4653-9ac4-44e4858bfe00,2026-07-28T19:00:00Z,2026-07-28T21:00:00+0200,249.03,EUR/MWh,BE,BE,imbalance_price,Long,2026-08-23T11:28:30Z
2026-08-23T11:27:43Z,2026-08-23T13:27:43+0200,aa89dba4-771d-4653-9ac4-44e4858bfe00,2026-07-28T19:00:00Z,2026-07-28T21:00:00+0200,249.03,EUR/MWh,BE,BE,imbalance_price,Short,2026-08-23T11:28:30Z
2026-08-23T11:27:43Z,2026-08-23T13:27:43+0200,aa89dba4-771d-4653-9ac4-44e4858bfe00,2026-07-28T19:15:00Z,2026-07-28T21:15:00+0200,278.07,EUR/MWh,BE,BE,imbalance_price,Long,2026-08-23T11:28:30Z
2026-08-23T11:27:43Z,2026-08-23T13:27:43+0200,aa89dba4-771d-4653-9ac4-44e4858bfe00,2026-07-28T19:15:00Z,2026-07-28T21:15:00+0200,278.07,EUR/MWh,BE,BE,imbalance_price,Short,2026-08-23T11:28:30Z
2026-08-23T11:27:43Z,2026-08-23T13:27:43+0200,aa89dba4-771d-4653-9ac4-44e4858bfe00,2026-07-28T19:30:00Z,2026-07-28T21:30:00+0200,222.15,EUR/MWh,BE,BE,imbalance_price,Long,2026-08-23T11:28:30Z
2026-08-23T11:27:43Z,2026-08-23T13:27:43+0200,aa89dba4-771d-4653-9ac4-44e4858bfe00,2026-07-28T19:30:00Z,2026-07-28T21:30:00+0200,222.15,EUR/MWh,BE,BE,imbalance_price,Short,2026-08-23T11:28:30Z
2026-08-23T11:27:43Z,2026-08-23T13:27:43+0200,aa89dba4-771d-4653-9ac4-44e4858bfe00,2026-07-28T19:45:00Z,2026-07-28T21:45:00+0200,207.48,EUR/MWh,BE,BE,imbalance_price,Long,2026-08-23T11:28:30Z
2026-08-23T11:27:43Z,2026-08-23T13:27:43+0200,aa89dba4-771d-4653-9ac4-44e4858bfe00,2026-07-28T19:45:00Z,2026-07-28T21:45:00+0200,207.48,EUR/MWh,BE,BE,imbalance_price,Short,2026-08-23T11:28:30Z
2026-08-23T11:27:43Z,2026-08-23T13:27:43+0200,aa89dba4-771d-4653-9ac4-44e4858bfe00,2026-07-28T20:00:00Z,2026-07-28T22:00:00+0200,200.9,EUR/MWh,BE,BE,imbalance_price,Long,2026-08-23T11:28:30Z
2026-08-23T11:27:43Z,2026-08-23T13:27:43+0200,aa89dba4-771d-4653-9ac4-44e4858bfe00,2026-07-28T20:00:00Z,2026-07-28T22:00:00+0200,200.9,EUR/MWh,BE,BE,imbalance_price,Short,2026-08-23T11:28:30Z
2026-08-23T11:27:43Z,2026-08-23T13:27:43+0200,aa89dba4-771d-4653-9ac4-44e4858bfe00,2026-07-28T20:15:00Z,2026-07-28T22:15:00+0200,306.75,EUR/MWh,BE,BE,imbalance_price,Long,2026-08-23T11:28:30Z
2026-08-23T11:27:43Z,2026-08-23T13:27:43+0200,aa89dba4-771d-4653-9ac4-44e4858bfe00,2026-07-28T20:15:00Z,2026-07-28T22:15:00+0200,306.75,EUR/MWh,BE,BE,imbalance_price,Short,2026-08-23T11:28:30Z
2026-08-23T11:27:43Z,2026-08-23T13:27:43+0200,aa89dba4-771d-4653-9ac4-44e4858bfe00,2026-07-28T20:30:00Z,2026-07-28T22:30:00+0200,822.0,EUR/MWh,BE,BE,imbalance_price,Long,2026-08-23T11:28:30Z
2026-08-23T11:27:43Z,2026-08-23T13:27:43+0200,aa89dba4-771d-4653-9ac4-44e4858bfe00,2026-07-28T20:30:00Z,2026-07-28T22:30:00+0200,822.0,EUR/MWh,BE,BE,imbalance_price,Short,2026-08-23T11:28:30Z
2026-08-23T11:27:43Z,2026-08-23T13:27:43+0200,aa89dba4-771d-4653-9ac4-44e4858bfe00,2026-07-28T20:45:00Z,2026-07-28T22:45:00+0200,142.37,EUR/MWh,BE,BE,imbalance_price,Long,2026-08-23T11:28:30Z
2026-08-23T11:27:43Z,2026-08-23T13:27:43+0200,aa89dba4-771d-4653-9ac4-44e4858bfe00,2026-07-28T20:45:00Z,2026-07-28T22:45:00+0200,142.37,EUR/MWh,BE,BE,imbalance_price,Short,2026-08-23T11:28:30Z
2026-08-23T11:27:43Z,2026-08-23T13:27:43+0200,aa89dba4-771d-4653-9ac4-44e4858bfe00,2026-07-28T21:00:00Z,2026-07-28T23:00:00+0200,180.8,EUR/MWh,BE,BE,imbalance_price,Long,2026-08-23T11:28:30Z
2026-08-23T11:27:43Z,2026-08-23T13:27:43+0200,aa89dba4-771d-4653-9ac4-44e4858bfe00,2026-07-28T21:00:00Z,2026-07-28T23:00:00+0200,180.8,EUR/MWh,BE,BE,imbalance_price,Short,2026-08-23T11:28:30Z
2026-08-23T11:27:43Z,2026-08-23T13:27:43+0200,aa89dba4-771d-4653-9ac4-44e4858bfe00,2026-07-28T21:15:00Z,2026-07-28T23:15:00+0200,172.58,EUR/MWh,BE,BE,imbalance_price,Long,2026-08-23T11:28:30Z
2026-08-23T11:27:43Z,2026-08-23T13:27:43+0200,aa89dba4-771d-4653-9ac4-44e4858bfe00,2026-07-28T21:15:00Z,2026-07-28T23:15:00+0200,172.58,EUR/MWh,BE,BE,imbalance_price,Short,2026-08-23T11:28:30Z
2026-08-23T11:27:43Z,2026-08-23T13:27:43+0200,aa89dba4-771d-4653-9ac4-44e4858bfe00,2026-07-28T21:30:00Z,2026-07-28T23:30:00+0200,174.69,EUR/MWh,BE,BE,imbalance_price,Long,2026-08-23T11:28:30Z
2026-08-23T11:27:43Z,2026-08-23T13:27:43+0200,aa89dba4-771d-4653-9ac4-44e4858bfe00,2026-07-28T21:30:00Z,2026-07-28T23:30:00+0200,174.69,EUR/MWh,BE,BE,imbalance_price,Short,2026-08-23T11:28:30Z
2026-08-23T11:27:43Z,2026-08-23T13:27:43+0200,aa89dba4-771d-4653-9ac4-44e4858bfe00,2026-07-28T21:45:00Z,2026-07-28T23:45:00+0200,116.8,EUR/MWh,BE,BE,imbalance_price,Long,2026-08-23T11:28:30Z
2026-08-23T11:27:43Z,2026-08-23T13:27:43+0200,aa89dba4-771d-4653-9ac4-44e4858bfe00,2026-07-28T21:45:00Z,2026-07-28T23:45:00+0200,116.8,EUR/MWh,BE,BE,imbalance_price,Short,2026-08-23T11:28:30Z
2026-08-23T11:27:43Z,2026-08-23T13:27:43+0200,aa89dba4-771d-4653-9ac4-44e4858bfe00,2026-07-28T22:00:00Z,2026-07-29T00:00:00+0200,127.52,EUR/MWh,BE,BE,imbalance_price,Long,2026-08-23T11:28:30Z
2026-08-23T11:27:43Z,2026-08-23T13:27:43+0200,aa89dba4-771d-4653-9ac4-44e4858bfe00,2026-07-28T22:00:00Z,2026-07-29T00:00:00+0200,127.52,EUR/MWh,BE,BE,imbalance_price,Short,2026-08-23T11:28:30Z
2026-08-23T11:27:43Z,2026-08-23T13:27:43+0200,aa89dba4-771d-4653-9ac4-44e4858bfe00,2026-07-28T22:15:00Z,2026-07-29T00:15:00+0200,151.06,EUR/MWh,BE,BE,imbalance_price,Long,2026-08-23T11:28:30Z
2026-08-23T11:27:43Z,2026-08-23T13:27:43+0200,aa89dba4-771d-4653-9ac4-44e4858bfe00,2026-07-28T22:15:00Z,2026-07-29T00:15:00+0200,151.06,EUR/MWh,BE,BE,imbalance_price,Short,2026-08-23T11:28:30Z
2026-08-23T11:27:43Z,2026-08-23T13:27:43+0200,aa89dba4-771d-4653-9ac4-44e4858bfe00,2026-07-28T22:30:00Z,2026-07-29T00:30:00+0200,177.1,EUR/MWh,BE,BE,imbalance_price,Long,2026-08-23T11:28:30Z
2026-08-23T11:27:43Z,2026-08-23T13:27:43+0200,aa89dba4-771d-4653-9ac4-44e4858bfe00,2026-07-28T22:30:00Z,2026-07-29T00:30:00+0200,177.1,EUR/MWh,BE,BE,imbalance_price,Short,2026-08-23T11:28:30Z
2026-08-23T11:27:43Z,2026-08-23T13:27:43+0200,aa89dba4-771d-4653-9ac4-44e4858bfe00,2026-07-28T22:45:00Z,2026-07-29T00:45:00+0200,138.18,EUR/MWh,BE,BE,imbalance_price,Long,2026-08-23T11:28:30Z
2026-08-23T11:27:43Z,2026-08-23T13:27:43+0200,aa89dba4-771d-4653-9ac4-44e4858bfe00,2026-07-28T22:45:00Z,2026-07-29T00:45:00+0200,138.18,EUR/MWh,BE,BE,imbalance_price,Short,2026-08-23T11:28:30Z
2026-08-23T11:27:43Z,2026-08-23T13:27:43+0200,aa89dba4-771d-4653-9ac4-44e4858bfe00,2026-07-28T23:00:00Z,2026-07-29T01:00:00+0200,141.84,EUR/MWh,BE,BE,imbalance_price,Long,2026-08-23T11:28:30Z
2026-08-23T11:27:43Z,2026-08-23T13:27:43+0200,aa89dba4-771d-4653-9ac4-44e4858bfe00,2026-07-28T23:00:00Z,2026-07-29T01:00:00+0200,141.84,EUR/MWh,BE,BE,imbalance_price,Short,2026-08-23T11:28:30Z
2026-08-23T11:27:43Z,2026-08-23T13:27:43+0200,aa89dba4-771d-4653-9ac4-44e4858bfe00,2026-07-28T23:15:00Z,2026-07-29T01:15:00+0200,138.83,EUR/MWh,BE,BE,imbalance_price,Long,2026-08-23T11:28:30Z
2026-08-23T11:27:43Z,2026-08-23T13:27:43+0200,aa89dba4-771d-4653-9ac4-44e4858bfe00,2026-07-28T23:15:00Z,2026-07-29T01:15:00+0200,138.83,EUR/MWh,BE,BE,imbalance_price,Short,2026-08-23T11:28:30Z
2026-08-23T11:27:43Z,2026-08-23T13:27:43+0200,aa89dba4-771d-4653-9ac4-44e4858bfe00,2026-07-28T23:30:00Z,2026-07-29T01:30:00+0200,124.95,EUR/MWh,BE,BE,imbalance_price,Long,2026-08-23T11:28:30Z
2026-08-23T11:27:43Z,2026-08-23T13:27:43+0200,aa89dba4-771d-4653-9ac4-44e4858bfe00,2026-07-28T23:30:00Z,2026-07-29T01:30:00+0200,124.95,EUR/MWh,BE,BE,imbalance_price,Short,2026-08-23T11:28:30Z
2026-08-23T11:27:43Z,2026-08-23T13:27:43+0200,aa89dba4-771d-4653-9ac4-44e4858bfe00,2026-07-28T23:45:00Z,2026-07-29T01:45:00+0200,128.92,EUR/MWh,BE,BE,imbalance_price,Long,2026-08-23T11:28:30Z
2026-08-23T11:27:43Z,2026-08-23T13:27:43+0200,aa89dba4-771d-4653-9ac4-44e4858bfe00,2026-07-28T23:45:00Z,2026-07-29T01:45:00+0200,128.92,EUR/MWh,BE,BE,imbalance_price,Short,2026-08-23T11:28:30Z
2026-08-23T11:27:43Z,2026-08-23T13:27:43+0200,aa89dba4-771d-4653-9ac4-44e4858bfe00,2026-07-29T00:00:00Z,2026-07-29T02:00:00+0200,136.26,EUR/MWh,BE,BE,imbalance_price,Long,2026-08-23T11:28:30Z
2026-08-23T11:27:43Z,2026-08-23T13:27:43+0200,aa89dba4-771d-4653-9ac4-44e4858bfe00,2026-07-29T00:00:00Z,2026-07-29T02:00:00+0200,136.26,EUR/MWh,BE,BE,imbalance_price,Short,2026-08-23T11:28:30Z
2026-08-23T11:27:43Z,2026-08-23T13:27:43+0200,aa89dba4-771d-4653-9ac4-44e4858bfe00,2026-07-29T00:15:00Z,2026-07-29T02:15:00+0200,133.73,EUR/MWh,BE,BE,imbalance_price,Long,2026-08-23T11:28:30Z
2026-08-23T11:27:43Z,2026-08-23T13:27:43+0200,aa89dba4-771d-4653-9ac4-44e4858bfe00,2026-07-29T00:15:00Z,2026-07-29T02:15:00+0200,133.73,EUR/MWh,BE,BE,imbalance_price,Short,2026-08-23T11:28:30Z
2026-08-23T11:27:43Z,2026-08-23T13:27:43+0200,aa89dba4-771d-4653-9ac4-44e4858bfe00,2026-07-29T00:30:00Z,2026-07-29T02:30:00+0200,127.8,EUR/MWh,BE,BE,imbalance_price,Long,2026-08-23T11:28:30Z
2026-08-23T11:27:43Z,2026-08-23T13:27:43+0200,aa89dba4-771d-4653-9ac4-44e4858bfe00,2026-07-29T00:30:00Z,2026-07-29T02:30:00+0200,127.8,EUR/MWh,BE,BE,imbalance_price,Short,2026-08-23T11:28:30Z
2026-08-23T11:27:43Z,2026-08-23T13:27:43+0200,aa89dba4-771d-4653-9ac4-44e4858bfe00,2026-07-29T00:45:00Z,2026-07-29T02:45:00+0200,124.58,EUR/MWh,BE,BE,imbalance_price,Long,2026-08-23T11:28:30Z
2026-08-23T11:27:43Z,2026-08-23T13:27:43+0200,aa89dba4-771d-4653-9ac4-44e4858bfe00,2026-07-29T00:45:00Z,2026-07-29T02:45:00+0200,124.58,EUR/MWh,BE,BE,imbalance_price,Short,2026-08-23T11:28:30Z
2026-08-23T11:27:43Z,2026-08-23T13:27:43+0200,aa89dba4-771d-4653-9ac4-44e4858bfe00,2026-07-29T01:00:00Z,2026-07-29T03:00:00+0200,123.98,EUR/MWh,BE,BE,imbalance_price,Long,2026-08-23T11:28:30Z
2026-08-23T11:27:43Z,2026-08-23T13:27:43+0200,aa89dba4-771d-4653-9ac4-44e4858bfe00,2026-07-29T01:00:00Z,2026-07-29T03:00:00+0200,123.98,EUR/MWh,BE,BE,imbalance_price,Short,2026-08-23T11:28:30Z
2026-08-23T11:27:43Z,2026-08-23T13:27:43+0200,aa89dba4-771d-4653-9ac4-44e4858bfe00,2026-07-29T01:15:00Z,2026-07-29T03:15:00+0200,118.98,EUR/MWh,BE,BE,imbalance_price,Long,2026-08-23T11:28:30Z
2026-08-23T11:27:43Z,2026-08-23T13:27:43+0200,aa89dba4-771d-4653-9ac4-44e4858bfe00,2026-07-29T01:15:00Z,2026-07-29T03:15:00+0200,118.98,EUR/MWh,BE,BE,imbalance_price,Short,2026-08-23T11:28:30Z
2026-08-23T11:27:43Z,2026-08-23T13:27:43+0200,aa89dba4-771d-4653-9ac4-44e4858bfe00,2026-07-29T01:30:00Z,2026-07-29T03:30:00+0200,122.36,EUR/MWh,BE,BE,imbalance_price,Long,2026-08-23T11:28:30Z
2026-08-23T11:27:43Z,2026-08-23T13:27:43+0200,aa89dba4-771d-4653-9ac4-44e4858bfe00,2026-07-29T01:30:00Z,2026-07-29T03:30:00+0200,122.36,EUR/MWh,BE,BE,imbalance_price,Short,2026-08-23T11:28:30Z
2026-08-23T11:27:43Z,2026-08-23T13:27:43+0200,aa89dba4-771d-4653-9ac4-44e4858bfe00,2026-07-29T01:45:00Z,2026-07-29T03:45:00+0200,113.81,EUR/MWh,BE,BE,imbalance_price,Long,2026-08-23T11:28:30Z
2026-08-23T11:27:43Z,2026-08-23T13:27:43+0200,aa89dba4-771d-4653-9ac4-44e4858bfe00,2026-07-29T01:45:00Z,2026-07-29T03:45:00+0200,113.81,EUR/MWh,BE,BE,imbalance_price,Short,2026-08-23T11:28:30Z
2026-08-23T11:27:43Z,2026-08-23T13:27:43+0200,aa89dba4-771d-4653-9ac4-44e4858bfe00,2026-07-29T02:00:00Z,2026-07-29T04:00:00+0200,137.45,EUR/MWh,BE,BE,imbalance_price,Long,2026-08-23T11:28:30Z
2026-08-23T11:27:43Z,2026-08-23T13:27:43+0200,aa89dba4-771d-4653-9ac4-44e4858bfe00,2026-07-29T02:00:00Z,2026-07-29T04:00:00+0200,137.45,EUR/MWh,BE,BE,imbalance_price,Short,2026-08-23T11:28:30Z
2026-08-23T11:27:43Z,2026-08-23T13:27:43+0200,aa89dba4-771d-4653-9ac4-44e4858bfe00,2026-07-29T02:15:00Z,2026-07-29T04:15:00+0200,148.25,EUR/MWh,BE,BE,imbalance_price,Long,2026-08-23T11:28:30Z
2026-08-23T11:27:43Z,2026-08-23T13:27:43+0200,aa89dba4-771d-4653-9ac4-44e4858bfe00,2026-07-29T02:15:00Z,2026-07-29T04:15:00+0200,148.25,EUR/MWh,BE,BE,imbalance_price,Short,2026-08-23T11:28:30Z
2026-08-23T11:27:43Z,2026-08-23T13:27:43+0200,aa89dba4-771d-4653-9ac4-44e4858bfe00,2026-07-29T02:30:00Z,2026-07-29T04:30:00+0200,145.87,EUR/MWh,BE,BE,imbalance_price,Long,2026-08-23T11:28:30Z
2026-08-23T11:27:43Z,2026-08-23T13:27:43+0200,aa89dba4-771d-4653-9ac4-44e4858bfe00,2026-07-29T02:30:00Z,2026-07-29T04:30:00+0200,145.87,EUR/MWh,BE,BE,imbalance_price,Short,2026-08-23T11:28:30Z
2026-08-23T11:27:43Z,2026-08-23T13:27:43+0200,aa89dba4-771d-4653-9ac4-44e4858bfe00,2026-07-29T02:45:00Z,2026-07-29T04:45:00+0200,146.34,EUR/MWh,BE,BE,imbalance_price,Long,2026-08-23T11:28:30Z
2026-08-23T11:27:43Z,2026-08-23T13:27:43+0200,aa89dba4-771d-4653-9ac4-44e4858bfe00,2026-07-29T02:45:00Z,2026-07-29T04:45:00+0200,146.34,EUR/MWh,BE,BE,imbalance_price,Short,2026-08-23T11:28:30Z
2026-08-23T11:27:43Z,2026-08-23T13:27:43+0200,aa89dba4-771d-4653-9ac4-44e4858bfe00,2026-07-29T03:00:00Z,2026-07-29T05:00:00+0200,187.0,EUR/MWh,BE,BE,imbalance_price,Long,2026-08-23T11:28:30Z
2026-08-23T11:27:43Z,2026-08-23T13:27:43+0200,aa89dba4-771d-4653-9ac4-44e4858bfe00,2026-07-29T03:00:00Z,2026-07-29T05:00:00+0200,187.0,EUR/MWh,BE,BE,imbalance_price,Short,2026-08-23T11:28:30Z
2026-08-23T11:27:43Z,2026-08-23T13:27:43+0200,aa89dba4-771d-4653-9ac4-44e4858bfe00,2026-07-29T03:15:00Z,2026-07-29T05:15:00+0200,168.0,EUR/MWh,BE,BE,imbalance_price,Long,2026-08-23T11:28:30Z
2026-08-23T11:27:43Z,2026-08-23T13:27:43+0200,aa89dba4-771d-4653-9ac4-44e4858bfe00,2026-07-29T03:15:00Z,2026-07-29T05:15:00+0200,168.0,EUR/MWh,BE,BE,imbalance_price,Short,2026-08-23T11:28:30Z
2026-08-23T11:27:43Z,2026-08-23T13:27:43+0200,aa89dba4-771d-4653-9ac4-44e4858bfe00,2026-07-29T03:30:00Z,2026-07-29T05:30:00+0200,186.76,EUR/MWh,BE,BE,imbalance_price,Long,2026-08-23T11:28:30Z
2026-08-23T11:27:43Z,2026-08-23T13:27:43+0200,aa89dba4-771d-4653-9ac4-44e4858bfe00,2026-07-29T03:30:00Z,2026-07-29T05:30:00+0200,186.76,EUR/MWh,BE,BE,imbalance_price,Short,2026-08-23T11:28:30Z
2026-08-23T11:27:43Z,2026-08-23T13:27:43+0200,aa89dba4-771d-4653-9ac4-44e4858bfe00,2026-07-29T03:45:00Z,2026-07-29T05:45:00+0200,163.97,EUR/MWh,BE,BE,imbalance_price,Long,2026-08-23T11:28:30Z
2026-08-23T11:27:43Z,2026-08-23T13:27:43+0200,aa89dba4-771d-4653-9ac4-44e4858bfe00,2026-07-29T03:45:00Z,2026-07-29T05:45:00+0200,163.97,EUR/MWh,BE,BE,imbalance_price,Short,2026-08-23T11:28:30Z
2026-08-23T11:27:43Z,2026-08-23T13:27:43+0200,aa89dba4-771d-4653-9ac4-44e4858bfe00,2026-07-29T04:00:00Z,2026-07-29T06:00:00+0200,161.07,EUR/MWh,BE,BE,imbalance_price,Long,2026-08-23T11:28:30Z
2026-08-23T11:27:43Z,2026-08-23T13:27:43+0200,aa89dba4-771d-4653-9ac4-44e4858bfe00,2026-07-29T04:00:00Z,2026-07-29T06:00:00+0200,161.07,EUR/MWh,BE,BE,imbalance_price,Short,2026-08-23T11:28:30Z
2026-08-23T11:27:43Z,2026-08-23T13:27:43+0200,aa89dba4-771d-4653-9ac4-44e4858bfe00,2026-07-29T04:15:00Z,2026-07-29T06:15:00+0200,140.81,EUR/MWh,BE,BE,imbalance_price,Long,2026-08-23T11:28:30Z
2026-08-23T11:27:43Z,2026-08-23T13:27:43+0200,aa89dba4-771d-4653-9ac4-44e4858bfe00,2026-07-29T04:15:00Z,2026-07-29T06:15:00+0200,140.81,EUR/MWh,BE,BE,imbalance_price,Short,2026-08-23T11:28:30Z
2026-08-23T11:27:43Z,2026-08-23T13:27:43+0200,aa89dba4-771d-4653-9ac4-44e4858bfe00,2026-07-29T04:30:00Z,2026-07-29T06:30:00+0200,157.26,EUR/MWh,BE,BE,imbalance_price,Long,2026-08-23T11:28:30Z
2026-08-23T11:27:43Z,2026-08-23T13:27:43+0200,aa89dba4-771d-4653-9ac4-44e4858bfe00,2026-07-29T04:30:00Z,2026-07-29T06:30:00+0200,157.26,EUR/MWh,BE,BE,imbalance_price,Short,2026-08-23T11:28:30Z
2026-08-23T11:27:43Z,2026-08-23T13:27:43+0200,aa89dba4-771d-4653-9ac4-44e4858bfe00,2026-07-29T04:45:00Z,2026-07-29T06:45:00+0200,127.96,EUR/MWh,BE,BE,imbalance_price,Long,2026-08-23T11:28:30Z
2026-08-23T11:27:43Z,2026-08-23T13:27:43+0200,aa89dba4-771d-4653-9ac4-44e4858bfe00,2026-07-29T04:45:00Z,2026-07-29T06:45:00+0200,127.96,EUR/MWh,BE,BE,imbalance_price,Short,2026-08-23T11:28:30Z
2026-08-23T11:27:43Z,2026-08-23T13:27:43+0200,aa89dba4-771d-4653-9ac4-44e4858bfe00,2026-07-29T05:00:00Z,2026-07-29T07:00:00+0200,132.95,EUR/MWh,BE,BE,imbalance_price,Long,2026-08-23T11:28:30Z
2026-08-23T11:27:43Z,2026-08-23T13:27:43+0200,aa89dba4-771d-4653-9ac4-44e4858bfe00,2026-07-29T05:00:00Z,2026-07-29T07:00:00+0200,132.95,EUR/MWh,BE,BE,imbalance_price,Short,2026-08-23T11:28:30Z
2026-08-23T11:27:43Z,2026-08-23T13:27:43+0200,aa89dba4-771d-4653-9ac4-44e4858bfe00,2026-07-29T05:15:00Z,2026-07-29T07:15:00+0200,111.53,EUR/MWh,BE,BE,imbalance_price,Long,2026-08-23T11:28:30Z
2026-08-23T11:27:43Z,2026-08-23T13:27:43+0200,aa89dba4-771d-4653-9ac4-44e4858bfe00,2026-07-29T05:15:00Z,2026-07-29T07:15:00+0200,111.53,EUR/MWh,BE,BE,imbalance_price,Short,2026-08-23T11:28:30Z
2026-08-23T11:27:43Z,2026-08-23T13:27:43+0200,aa89dba4-771d-4653-9ac4-44e4858bfe00,2026-07-29T05:30:00Z,2026-07-29T07:30:00+0200,98.99,EUR/MWh,BE,BE,imbalance_price,Long,2026-08-23T11:28:30Z
2026-08-23T11:27:43Z,2026-08-23T13:27:43+0200,aa89dba4-771d-4653-9ac4-44e4858bfe00,2026-07-29T05:30:00Z,2026-07-29T07:30:00+0200,98.99,EUR/MWh,BE,BE,imbalance_price,Short,2026-08-23T11:28:30Z
2026-08-23T11:27:43Z,2026-08-23T13:27:43+0200,aa89dba4-771d-4653-9ac4-44e4858bfe00,2026-07-29T05:45:00Z,2026-07-29T07:45:00+0200,89.31,EUR/MWh,BE,BE,imbalance_price,Long,2026-08-23T11:28:30Z
2026-08-23T11:27:43Z,2026-08-23T13:27:43+0200,aa89dba4-771d-4653-9ac4-44e4858bfe00,2026-07-29T05:45:00Z,2026-07-29T07:45:00+0200,89.31,EUR/MWh,BE,BE,imbalance_price,Short,2026-08-23T11:28:30Z
2026-08-23T11:27:43Z,2026-08-23T13:27:43+0200,aa89dba4-771d-4653-9ac4-44e4858bfe00,2026-07-29T06:00:00Z,2026-07-29T08:00:00+0200,152.0,EUR/MWh,BE,BE,imbalance_price,Long,2026-08-23T11:28:30Z
2026-08-23T11:27:43Z,2026-08-23T13:27:43+0200,aa89dba4-771d-4653-9ac4-44e4858bfe00,2026-07-29T06:00:00Z,2026-07-29T08:00:00+0200,152.0,EUR/MWh,BE,BE,imbalance_price,Short,2026-08-23T11:28:30Z
2026-08-23T11:27:43Z,2026-08-23T13:27:43+0200,aa89dba4-771d-4653-9ac4-44e4858bfe00,2026-07-29T06:15:00Z,2026-07-29T08:15:00+0200,92.35,EUR/MWh,BE,BE,imbalance_price,Long,2026-08-23T11:28:30Z
2026-08-23T11:27:43Z,2026-08-23T13:27:43+0200,aa89dba4-771d-4653-9ac4-44e4858bfe00,2026-07-29T06:15:00Z,2026-07-29T08:15:00+0200,92.35,EUR/MWh,BE,BE,imbalance_price,Short,2026-08-23T11:28:30Z
2026-08-23T11:27:43Z,2026-08-23T13:27:43+0200,aa89dba4-771d-4653-9ac4-44e4858bfe00,2026-07-29T06:30:00Z,2026-07-29T08:30:00+0200,80.54,EUR/MWh,BE,BE,imbalance_price,Long,2026-08-23T11:28:30Z
2026-08-23T11:27:43Z,2026-08-23T13:27:43+0200,aa89dba4-771d-4653-9ac4-44e4858bfe00,2026-07-29T06:30:00Z,2026-07-29T08:30:00+0200,80.54,EUR/MWh,BE,BE,imbalance_price,Short,2026-08-23T11:28:30Z
2026-08-23T11:27:43Z,2026-08-23T13:27:43+0200,aa89dba4-771d-4653-9ac4-44e4858bfe00,2026-07-29T06:45:00Z,2026-07-29T08:45:00+0200,71.02,EUR/MWh,BE,BE,imbalance_price,Long,2026-08-23T11:28:30Z
2026-08-23T11:27:43Z,2026-08-23T13:27:43+0200,aa89dba4-771d-4653-9ac4-44e4858bfe00,2026-07-29T06:45:00Z,2026-07-29T08:45:00+0200,71.02,EUR/MWh,BE,BE,imbalance_price,Short,2026-08-23T11:28:30Z
2026-08-23T11:27:43Z,2026-08-23T13:27:43+0200,aa89dba4-771d-4653-9ac4-44e4858bfe00,2026-07-29T07:00:00Z,2026-07-29T09:00:00+0200,53.65,EUR/MWh,BE,BE,imbalance_price,Long,2026-08-23T11:28:30Z
2026-08-23T11:27:43Z,2026-08-23T13:27:43+0200,aa89dba4-771d-4653-9ac4-44e4858bfe00,2026-07-29T07:00:00Z,2026-07-29T09:00:00+0200,53.65,EUR/MWh,BE,BE,imbalance_price,Short,2026-08-23T11:28:30Z
2026-08-23T11:27:43Z,2026-08-23T13:27:43+0200,aa89dba4-771d-4653-9ac4-44e4858bfe00,2026-07-29T07:15:00Z,2026-07-29T09:15:00+0200,56.24,EUR/MWh,BE,BE,imbalance_price,Long,2026-08-23T11:28:30Z
2026-08-23T11:27:43Z,2026-08-23T13:27:43+0200,aa89dba4-771d-4653-9ac4-44e4858bfe00,2026-07-29T07:15:00Z,2026-07-29T09:15:00+0200,56.24,EUR/MWh,BE,BE,imbalance_price,Short,2026-08-23T11:28:30Z
2026-08-23T11:27:43Z,2026-08-23T13:27:43+0200,aa89dba4-771d-4653-9ac4-44e4858bfe00,2026-07-29T07:30:00Z,2026-07-29T09:30:00+0200,101.96,EUR/MWh,BE,BE,imbalance_price,Long,2026-08-23T11:28:30Z
2026-08-23T11:27:43Z,2026-08-23T13:27:43+0200,aa89dba4-771d-4653-9ac4-44e4858bfe00,2026-07-29T07:30:00Z,2026-07-29T09:30:00+0200,101.96,EUR/MWh,BE,BE,imbalance_price,Short,2026-08-23T11:28:30Z
2026-08-23T11:27:43Z,2026-08-23T13:27:43+0200,aa89dba4-771d-4653-9ac4-44e4858bfe00,2026-07-29T07:45:00Z,2026-07-29T09:45:00+0200,90.81,EUR/MWh,BE,BE,imbalance_price,Long,2026-08-23T11:28:30Z
2026-08-23T11:27:43Z,2026-08-23T13:27:43+0200,aa89dba4-771d-4653-9ac4-44e4858bfe00,2026-07-29T07:45:00Z,2026-07-29T09:45:00+0200,90.81,EUR/MWh,BE,BE,imbalance_price,Short,2026-08-23T11:28:30Z
2026-08-23T11:27:43Z,2026-08-23T13:27:43+0200,aa89dba4-771d-4653-9ac4-44e4858bfe00,2026-07-29T08:00:00Z,2026-07-29T10:00:00+0200,82.25,EUR/MWh,BE,BE,imbalance_price,Long,2026-08-23T11:28:30Z
2026-08-23T11:27:43Z,2026-08-23T13:27:43+0200,aa89dba4-771d-4653-9ac4-44e4858bfe00,2026-07-29T08:00:00Z,2026-07-29T10:00:00+0200,82.25,EUR/MWh,BE,BE,imbalance_price,Short,2026-08-23T11:28:30Z
2026-08-23T11:27:43Z,2026-08-23T13:27:43+0200,aa89dba4-771d-4653-9ac4-44e4858bfe00,2026-07-29T08:15:00Z,2026-07-29T10:15:00+0200,66.02,EUR/MWh,BE,BE,imbalance_price,Long,2026-08-23T11:28:30Z
2026-08-23T11:27:43Z,2026-08-23T13:27:43+0200,aa89dba4-771d-4653-9ac4-44e4858bfe00,2026-07-29T08:15:00Z,2026-07-29T10:15:00+0200,66.02,EUR/MWh,BE,BE,imbalance_price,Short,2026-08-23T11:28:30Z
2026-08-23T11:27:43Z,2026-08-23T13:27:43+0200,aa89dba4-771d-4653-9ac4-44e4858bfe00,2026-07-29T08:30:00Z,2026-07-29T10:30:00+0200,21.77,EUR/MWh,BE,BE,imbalance_price,Long,2026-08-23T11:28:30Z
2026-08-23T11:27:43Z,2026-08-23T13:27:43+0200,aa89dba4-771d-4653-9ac4-44e4858bfe00,2026-07-29T08:30:00Z,2026-07-29T10:30:00+0200,21.77,EUR/MWh,BE,BE,imbalance_price,Short,2026-08-23T11:28:30Z
2026-08-23T11:27:43Z,2026-08-23T13:27:43+0200,aa89dba4-771d-4653-9ac4-44e4858bfe00,2026-07-29T08:45:00Z,2026-07-29T10:45:00+0200,20.42,EUR/MWh,BE,BE,imbalance_price,Long,2026-08-23T11:28:30Z
2026-08-23T11:27:43Z,2026-08-23T13:27:43+0200,aa89dba4-771d-4653-9ac4-44e4858bfe00,2026-07-29T08:45:00Z,2026-07-29T10:45:00+0200,20.42,EUR/MWh,BE,BE,imbalance_price,Short,2026-08-23T11:28:30Z
2026-08-23T11:27:43Z,2026-08-23T13:27:43+0200,aa89dba4-771d-4653-9ac4-44e4858bfe00,2026-07-29T09:00:00Z,2026-07-29T11:00:00+0200,-0.31,EUR/MWh,BE,BE,imbalance_price,Long,2026-08-23T11:28:30Z
2026-08-23T11:27:43Z,2026-08-23T13:27:43+0200,aa89dba4-771d-4653-9ac4-44e4858bfe00,2026-07-29T09:00:00Z,2026-07-29T11:00:00+0200,-0.31,EUR/MWh,BE,BE,imbalance_price,Short,2026-08-23T11:28:30Z
2026-08-23T11:27:43Z,2026-08-23T13:27:43+0200,aa89dba4-771d-4653-9ac4-44e4858bfe00,2026-07-29T09:15:00Z,2026-07-29T11:15:00+0200,-2.16,EUR/MWh,BE,BE,imbalance_price,Long,2026-08-23T11:28:30Z
2026-08-23T11:27:43Z,2026-08-23T13:27:43+0200,aa89dba4-771d-4653-9ac4-44e4858bfe00,2026-07-29T09:15:00Z,2026-07-29T11:15:00+0200,-2.16,EUR/MWh,BE,BE,imbalance_price,Short,2026-08-23T11:28:30Z
2026-08-23T11:27:43Z,2026-08-23T13:27:43+0200,aa89dba4-771d-4653-9ac4-44e4858bfe00,2026-07-29T09:30:00Z,2026-07-29T11:30:00+0200,0.0,EUR/MWh,BE,BE,imbalance_price,Long,2026-08-23T11:28:30Z
2026-08-23T11:27:43Z,2026-08-23T13:27:43+0200,aa89dba4-771d-4653-9ac4-44e4858bfe00,2026-07-29T09:30:00Z,2026-07-29T11:30:00+0200,0.0,EUR/MWh,BE,BE,imbalance_price,Short,2026-08-23T11:28:30Z
2026-08-23T11:27:43Z,2026-08-23T13:27:43+0200,aa89dba4-771d-4653-9ac4-44e4858bfe00,2026-07-29T09:45:00Z,2026-07-29T11:45:00+0200,4.56,EUR/MWh,BE,BE,imbalance_price,Long,2026-08-23T11:28:30Z
2026-08-23T11:27:43Z,2026-08-23T13:27:43+0200,aa89dba4-771d-4653-9ac4-44e4858bfe00,2026-07-29T09:45:00Z,2026-07-29T11:45:00+0200,4.56,EUR/MWh,BE,BE,imbalance_price,Short,2026-08-23T11:28:30Z
2026-08-23T11:27:43Z,2026-08-23T13:27:43+0200,aa89dba4-771d-4653-9ac4-44e4858bfe00,2026-07-29T10:00:00Z,2026-07-29T12:00:00+0200,12.46,EUR/MWh,BE,BE,imbalance_price,Long,2026-08-23T11:28:30Z
2026-08-23T11:27:43Z,2026-08-23T13:27:43+0200,aa89dba4-771d-4653-9ac4-44e4858bfe00,2026-07-29T10:00:00Z,2026-07-29T12:00:00+0200,12.46,EUR/MWh,BE,BE,imbalance_price,Short,2026-08-23T11:28:30Z
2026-08-23T11:27:43Z,2026-08-23T13:27:43+0200,aa89dba4-771d-4653-9ac4-44e4858bfe00,2026-07-29T10:15:00Z,2026-07-29T12:15:00+0200,80.07,EUR/MWh,BE,BE,imbalance_price,Long,2026-08-23T11:28:30Z
2026-08-23T11:27:43Z,2026-08-23T13:27:43+0200,aa89dba4-771d-4653-9ac4-44e4858bfe00,2026-07-29T10:15:00Z,2026-07-29T12:15:00+0200,80.07,EUR/MWh,BE,BE,imbalance_price,Short,2026-08-23T11:28:30Z
2026-08-23T11:27:43Z,2026-08-23T13:27:43+0200,aa89dba4-771d-4653-9ac4-44e4858bfe00,2026-07-29T10:30:00Z,2026-07-29T12:30:00+0200,5.82,EUR/MWh,BE,BE,imbalance_price,Long,2026-08-23T11:28:30Z
2026-08-23T11:27:43Z,2026-08-23T13:27:43+0200,aa89dba4-771d-4653-9ac4-44e4858bfe00,2026-07-29T10:30:00Z,2026-07-29T12:30:00+0200,5.82,EUR/MWh,BE,BE,imbalance_price,Short,2026-08-23T11:28:30Z
2026-08-23T11:27:43Z,2026-08-23T13:27:43+0200,aa89dba4-771d-4653-9ac4-44e4858bfe00,2026-07-29T10:45:00Z,2026-07-29T12:45:00+0200,1.6,EUR/MWh,BE,BE,imbalance_price,Long,2026-08-23T11:28:30Z
2026-08-23T11:27:43Z,2026-08-23T13:27:43+0200,aa89dba4-771d-4653-9ac4-44e4858bfe00,2026-07-29T10:45:00Z,2026-07-29T12:45:00+0200,1.6,EUR/MWh,BE,BE,imbalance_price,Short,2026-08-23T11:28:30Z
2026-08-23T11:27:43Z,2026-08-23T13:27:43+0200,aa89dba4-771d-4653-9ac4-44e4858bfe00,2026-07-29T11:00:00Z,2026-07-29T13:00:00+0200,-0.78,EUR/MWh,BE,BE,imbalance_price,Long,2026-08-23T11:28:30Z
2026-08-23T11:27:43Z,2026-08-23T13:27:43+0200,aa89dba4-771d-4653-9ac4-44e4858bfe00,2026-07-29T11:00:00Z,2026-07-29T13:00:00+0200,-0.78,EUR/MWh,BE,BE,imbalance_price,Short,2026-08-23T11:28:30Z
2026-08-23T11:27:43Z,2026-08-23T13:27:43+0200,aa89dba4-771d-4653-9ac4-44e4858bfe00,2026-07-29T11:15:00Z,2026-07-29T13:15:00+0200,-2.17,EUR/MWh,BE,BE,imbalance_price,Long,2026-08-23T11:28:30Z
2026-08-23T11:27:43Z,2026-08-23T13:27:43+0200,aa89dba4-771d-4653-9ac4-44e4858bfe00,2026-07-29T11:15:00Z,2026-07-29T13:15:00+0200,-2.17,EUR/MWh,BE,BE,imbalance_price,Short,2026-08-23T11:28:30Z
2026-08-23T11:27:43Z,2026-08-23T13:27:43+0200,aa89dba4-771d-4653-9ac4-44e4858bfe00,2026-07-29T11:30:00Z,2026-07-29T13:30:00+0200,0.35,EUR/MWh,BE,BE,imbalance_price,Long,2026-08-23T11:28:30Z
2026-08-23T11:27:43Z,2026-08-23T13:27:43+0200,aa89dba4-771d-4653-9ac4-44e4858bfe00,2026-07-29T11:30:00Z,2026-07-29T13:30:00+0200,0.35,EUR/MWh,BE,BE,imbalance_price,Short,2026-08-23T11:28:30Z
2026-08-23T11:27:43Z,2026-08-23T13:27:43+0200,aa89dba4-771d-4653-9ac4-44e4858bfe00,2026-07-29T11:45:00Z,2026-07-29T13:45:00+0200,-6.02,EUR/MWh,BE,BE,imbalance_price,Long,2026-08-23T11:28:30Z
2026-08-23T11:27:43Z,2026-08-23T13:27:43+0200,aa89dba4-771d-4653-9ac4-44e4858bfe00,2026-07-29T11:45:00Z,2026-07-29T13:45:00+0200,-6.02,EUR/MWh,BE,BE,imbalance_price,Short,2026-08-23T11:28:30Z
2026-08-23T11:27:43Z,2026-08-23T13:27:43+0200,aa89dba4-771d-4653-9ac4-44e4858bfe00,2026-07-29T12:00:00Z,2026-07-29T14:00:00+0200,12.52,EUR/MWh,BE,BE,imbalance_price,Long,2026-08-23T11:28:30Z
2026-08-23T11:27:43Z,2026-08-23T13:27:43+0200,aa89dba4-771d-4653-9ac4-44e4858bfe00,2026-07-29T12:00:00Z,2026-07-29T14:00:00+0200,12.52,EUR/MWh,BE,BE,imbalance_price,Short,2026-08-23T11:28:30Z
2026-08-23T11:27:43Z,2026-08-23T13:27:43+0200,aa89dba4-771d-4653-9ac4-44e4858bfe00,2026-07-29T12:15:00Z,2026-07-29T14:15:00+0200,5.9,EUR/MWh,BE,BE,imbalance_price,Long,2026-08-23T11:28:30Z
2026-08-23T11:27:43Z,2026-08-23T13:27:43+0200,aa89dba4-771d-4653-9ac4-44e4858bfe00,2026-07-29T12:15:00Z,2026-07-29T14:15:00+0200,5.9,EUR/MWh,BE,BE,imbalance_price,Short,2026-08-23T11:28:30Z
2026-08-23T11:27:43Z,2026-08-23T13:27:43+0200,aa89dba4-771d-4653-9ac4-44e4858bfe00,2026-07-29T12:30:00Z,2026-07-29T14:30:00+0200,7.59,EUR/MWh,BE,BE,imbalance_price,Long,2026-08-23T11:28:30Z
2026-08-23T11:27:43Z,2026-08-23T13:27:43+0200,aa89dba4-771d-4653-9ac4-44e4858bfe00,2026-07-29T12:30:00Z,2026-07-29T14:30:00+0200,7.59,EUR/MWh,BE,BE,imbalance_price,Short,2026-08-23T11:28:30Z
2026-08-23T11:27:43Z,2026-08-23T13:27:43+0200,aa89dba4-771d-4653-9ac4-44e4858bfe00,2026-07-29T12:45:00Z,2026-07-29T14:45:00+0200,1.35,EUR/MWh,BE,BE,imbalance_price,Long,2026-08-23T11:28:30Z
2026-08-23T11:27:43Z,2026-08-23T13:27:43+0200,aa89dba4-771d-4653-9ac4-44e4858bfe00,2026-07-29T12:45:00Z,2026-07-29T14:45:00+0200,1.35,EUR/MWh,BE,BE,imbalance_price,Short,2026-08-23T11:28:30Z
2026-08-23T11:27:43Z,2026-08-23T13:27:43+0200,aa89dba4-771d-4653-9ac4-44e4858bfe00,2026-07-29T13:00:00Z,2026-07-29T15:00:00+0200,5.96,EUR/MWh,BE,BE,imbalance_price,Long,2026-08-23T11:28:30Z
2026-08-23T11:27:43Z,2026-08-23T13:27:43+0200,aa89dba4-771d-4653-9ac4-44e4858bfe00,2026-07-29T13:00:00Z,2026-07-29T15:00:00+0200,5.96,EUR/MWh,BE,BE,imbalance_price,Short,2026-08-23T11:28:30Z
2026-08-23T11:27:43Z,2026-08-23T13:27:43+0200,aa89dba4-771d-4653-9ac4-44e4858bfe00,2026-07-29T13:15:00Z,2026-07-29T15:15:00+0200,-1.43,EUR/MWh,BE,BE,imbalance_price,Long,2026-08-23T11:28:30Z
2026-08-23T11:27:43Z,2026-08-23T13:27:43+0200,aa89dba4-771d-4653-9ac4-44e4858bfe00,2026-07-29T13:15:00Z,2026-07-29T15:15:00+0200,-1.43,EUR/MWh,BE,BE,imbalance_price,Short,2026-08-23T11:28:30Z
2026-08-23T11:27:43Z,2026-08-23T13:27:43+0200,aa89dba4-771d-4653-9ac4-44e4858bfe00,2026-07-29T13:30:00Z,2026-07-29T15:30:00+0200,0.86,EUR/MWh,BE,BE,imbalance_price,Long,2026-08-23T11:28:30Z
2026-08-23T11:27:43Z,2026-08-23T13:27:43+0200,aa89dba4-771d-4653-9ac4-44e4858bfe00,2026-07-29T13:30:00Z,2026-07-29T15:30:00+0200,0.86,EUR/MWh,BE,BE,imbalance_price,Short,2026-08-23T11:28:30Z
2026-08-23T11:27:43Z,2026-08-23T13:27:43+0200,aa89dba4-771d-4653-9ac4-44e4858bfe00,2026-07-29T13:45:00Z,2026-07-29T15:45:00+0200,51.17,EUR/MWh,BE,BE,imbalance_price,Long,2026-08-23T11:28:30Z
2026-08-23T11:27:43Z,2026-08-23T13:27:43+0200,aa89dba4-771d-4653-9ac4-44e4858bfe00,2026-07-29T13:45:00Z,2026-07-29T15:45:00+0200,51.17,EUR/MWh,BE,BE,imbalance_price,Short,2026-08-23T11:28:30Z
2026-08-23T11:27:43Z,2026-08-23T13:27:43+0200,aa89dba4-771d-4653-9ac4-44e4858bfe00,2026-07-29T14:00:00Z,2026-07-29T16:00:00+0200,58.72,EUR/MWh,BE,BE,imbalance_price,Long,2026-08-23T11:28:30Z
2026-08-23T11:27:43Z,2026-08-23T13:27:43+0200,aa89dba4-771d-4653-9ac4-44e4858bfe00,2026-07-29T14:00:00Z,2026-07-29T16:00:00+0200,58.72,EUR/MWh,BE,BE,imbalance_price,Short,2026-08-23T11:28:30Z
2026-08-23T11:27:43Z,2026-08-23T13:27:43+0200,aa89dba4-771d-4653-9ac4-44e4858bfe00,2026-07-29T14:15:00Z,2026-07-29T16:15:00+0200,59.64,EUR/MWh,BE,BE,imbalance_price,Long,2026-08-23T11:28:30Z
2026-08-23T11:27:43Z,2026-08-23T13:27:43+0200,aa89dba4-771d-4653-9ac4-44e4858bfe00,2026-07-29T14:15:00Z,2026-07-29T16:15:00+0200,59.64,EUR/MWh,BE,BE,imbalance_price,Short,2026-08-23T11:28:30Z
2026-08-23T11:27:43Z,2026-08-23T13:27:43+0200,aa89dba4-771d-4653-9ac4-44e4858bfe00,2026-07-29T14:30:00Z,2026-07-29T16:30:00+0200,83.0,EUR/MWh,BE,BE,imbalance_price,Long,2026-08-23T11:28:30Z
2026-08-23T11:27:43Z,2026-08-23T13:27:43+0200,aa89dba4-771d-4653-9ac4-44e4858bfe00,2026-07-29T14:30:00Z,2026-07-29T16:30:00+0200,83.0,EUR/MWh,BE,BE,imbalance_price,Short,2026-08-23T11:28:30Z
2026-08-23T11:27:43Z,2026-08-23T13:27:43+0200,aa89dba4-771d-4653-9ac4-44e4858bfe00,2026-07-29T14:45:00Z,2026-07-29T16:45:00+0200,94.2,EUR/MWh,BE,BE,imbalance_price,Long,2026-08-23T11:28:30Z
2026-08-23T11:27:43Z,2026-08-23T13:27:43+0200,aa89dba4-771d-4653-9ac4-44e4858bfe00,2026-07-29T14:45:00Z,2026-07-29T16:45:00+0200,94.2,EUR/MWh,BE,BE,imbalance_price,Short,2026-08-23T11:28:30Z
2026-08-23T11:27:43Z,2026-08-23T13:27:43+0200,aa89dba4-771d-4653-9ac4-44e4858bfe00,2026-07-29T15:00:00Z,2026-07-29T17:00:00+0200,82.76,EUR/MWh,BE,BE,imbalance_price,Long,2026-08-23T11:28:30Z
2026-08-23T11:27:43Z,2026-08-23T13:27:43+0200,aa89dba4-771d-4653-9ac4-44e4858bfe00,2026-07-29T15:00:00Z,2026-07-29T17:00:00+0200,82.76,EUR/MWh,BE,BE,imbalance_price,Short,2026-08-23T11:28:30Z
2026-08-23T11:27:43Z,2026-08-23T13:27:43+0200,aa89dba4-771d-4653-9ac4-44e4858bfe00,2026-07-29T15:15:00Z,2026-07-29T17:15:00+0200,77.95,EUR/MWh,BE,BE,imbalance_price,Long,2026-08-23T11:28:30Z
2026-08-23T11:27:43Z,2026-08-23T13:27:43+0200,aa89dba4-771d-4653-9ac4-44e4858bfe00,2026-07-29T15:15:00Z,2026-07-29T17:15:00+0200,77.95,EUR/MWh,BE,BE,imbalance_price,Short,2026-08-23T11:28:30Z
2026-08-23T11:27:43Z,2026-08-23T13:27:43+0200,aa89dba4-771d-4653-9ac4-44e4858bfe00,2026-07-29T15:30:00Z,2026-07-29T17:30:00+0200,114.22,EUR/MWh,BE,BE,imbalance_price,Long,2026-08-23T11:28:30Z
2026-08-23T11:27:43Z,2026-08-23T13:27:43+0200,aa89dba4-771d-4653-9ac4-44e4858bfe00,2026-07-29T15:30:00Z,2026-07-29T17:30:00+0200,114.22,EUR/MWh,BE,BE,imbalance_price,Short,2026-08-23T11:28:30Z
2026-08-23T11:27:43Z,2026-08-23T13:27:43+0200,aa89dba4-771d-4653-9ac4-44e4858bfe00,2026-07-29T15:45:00Z,2026-07-29T17:45:00+0200,128.21,EUR/MWh,BE,BE,imbalance_price,Long,2026-08-23T11:28:30Z
2026-08-23T11:27:43Z,2026-08-23T13:27:43+0200,aa89dba4-771d-4653-9ac4-44e4858bfe00,2026-07-29T15:45:00Z,2026-07-29T17:45:00+0200,128.21,EUR/MWh,BE,BE,imbalance_price,Short,2026-08-23T11:28:30Z
2026-08-23T11:27:43Z,2026-08-23T13:27:43+0200,aa89dba4-771d-4653-9ac4-44e4858bfe00,2026-07-29T16:00:00Z,2026-07-29T18:00:00+0200,154.63,EUR/MWh,BE,BE,imbalance_price,Long,2026-08-23T11:28:30Z
2026-08-23T11:27:43Z,2026-08-23T13:27:43+0200,aa89dba4-771d-4653-9ac4-44e4858bfe00,2026-07-29T16:00:00Z,2026-07-29T18:00:00+0200,154.63,EUR/MWh,BE,BE,imbalance_price,Short,2026-08-23T11:28:30Z
2026-08-23T11:27:43Z,2026-08-23T13:27:43+0200,aa89dba4-771d-4653-9ac4-44e4858bfe00,2026-07-29T16:15:00Z,2026-07-29T18:15:00+0200,182.51,EUR/MWh,BE,BE,imbalance_price,Long,2026-08-23T11:28:30Z
2026-08-23T11:27:43Z,2026-08-23T13:27:43+0200,aa89dba4-771d-4653-9ac4-44e4858bfe00,2026-07-29T16:15:00Z,2026-07-29T18:15:00+0200,182.51,EUR/MWh,BE,BE,imbalance_price,Short,2026-08-23T11:28:30Z
2026-08-23T11:27:43Z,2026-08-23T13:27:43+0200,aa89dba4-771d-4653-9ac4-44e4858bfe00,2026-07-29T16:30:00Z,2026-07-29T18:30:00+0200,189.36,EUR/MWh,BE,BE,imbalance_price,Long,2026-08-23T11:28:30Z
2026-08-23T11:27:43Z,2026-08-23T13:27:43+0200,aa89dba4-771d-4653-9ac4-44e4858bfe00,2026-07-29T16:30:00Z,2026-07-29T18:30:00+0200,189.36,EUR/MWh,BE,BE,imbalance_price,Short,2026-08-23T11:28:30Z
2026-08-23T11:27:43Z,2026-08-23T13:27:43+0200,aa89dba4-771d-4653-9ac4-44e4858bfe00,2026-07-29T16:45:00Z,2026-07-29T18:45:00+0200,206.72,EUR/MWh,BE,BE,imbalance_price,Long,2026-08-23T11:28:30Z
2026-08-23T11:27:43Z,2026-08-23T13:27:43+0200,aa89dba4-771d-4653-9ac4-44e4858bfe00,2026-07-29T16:45:00Z,2026-07-29T18:45:00+0200,206.72,EUR/MWh,BE,BE,imbalance_price,Short,2026-08-23T11:28:30Z
2026-08-23T11:27:43Z,2026-08-23T13:27:43+0200,aa89dba4-771d-4653-9ac4-44e4858bfe00,2026-07-29T17:00:00Z,2026-07-29T19:00:00+0200,172.8,EUR/MWh,BE,BE,imbalance_price,Long,2026-08-23T11:28:30Z
2026-08-23T11:27:43Z,2026-08-23T13:27:43+0200,aa89dba4-771d-4653-9ac4-44e4858bfe00,2026-07-29T17:00:00Z,2026-07-29T19:00:00+0200,172.8,EUR/MWh,BE,BE,imbalance_price,Short,2026-08-23T11:28:30Z
2026-08-23T11:27:43Z,2026-08-23T13:27:43+0200,aa89dba4-771d-4653-9ac4-44e4858bfe00,2026-07-29T17:15:00Z,2026-07-29T19:15:00+0200,213.0,EUR/MWh,BE,BE,imbalance_price,Long,2026-08-23T11:28:30Z
2026-08-23T11:27:43Z,2026-08-23T13:27:43+0200,aa89dba4-771d-4653-9ac4-44e4858bfe00,2026-07-29T17:15:00Z,2026-07-29T19:15:00+0200,213.0,EUR/MWh,BE,BE,imbalance_price,Short,2026-08-23T11:28:30Z
2026-08-23T11:27:43Z,2026-08-23T13:27:43+0200,aa89dba4-771d-4653-9ac4-44e4858bfe00,2026-07-29T17:30:00Z,2026-07-29T19:30:00+0200,220.38,EUR/MWh,BE,BE,imbalance_price,Long,2026-08-23T11:28:30Z
2026-08-23T11:27:43Z,2026-08-23T13:27:43+0200,aa89dba4-771d-4653-9ac4-44e4858bfe00,2026-07-29T17:30:00Z,2026-07-29T19:30:00+0200,220.38,EUR/MWh,BE,BE,imbalance_price,Short,2026-08-23T11:28:30Z
2026-08-23T11:27:43Z,2026-08-23T13:27:43+0200,aa89dba4-771d-4653-9ac4-44e4858bfe00,2026-07-29T17:45:00Z,2026-07-29T19:45:00+0200,262.75,EUR/MWh,BE,BE,imbalance_price,Long,2026-08-23T11:28:30Z
2026-08-23T11:27:43Z,2026-08-23T13:27:43+0200,aa89dba4-771d-4653-9ac4-44e4858bfe00,2026-07-29T17:45:00Z,2026-07-29T19:45:00+0200,262.75,EUR/MWh,BE,BE,imbalance_price,Short,2026-08-23T11:28:30Z
2026-08-23T11:27:43Z,2026-08-23T13:27:43+0200,aa89dba4-771d-4653-9ac4-44e4858bfe00,2026-07-29T18:00:00Z,2026-07-29T20:00:00+0200,226.67,EUR/MWh,BE,BE,imbalance_price,Long,2026-08-23T11:28:30Z
2026-08-23T11:27:43Z,2026-08-23T13:27:43+0200,aa89dba4-771d-4653-9ac4-44e4858bfe00,2026-07-29T18:00:00Z,2026-07-29T20:00:00+0200,226.67,EUR/MWh,BE,BE,imbalance_price,Short,2026-08-23T11:28:30Z
2026-08-23T11:27:43Z,2026-08-23T13:27:43+0200,aa89dba4-771d-4653-9ac4-44e4858bfe00,2026-07-29T18:15:00Z,2026-07-29T20:15:00+0200,257.95,EUR/MWh,BE,BE,imbalance_price,Long,2026-08-23T11:28:30Z
2026-08-23T11:27:43Z,2026-08-23T13:27:43+0200,aa89dba4-771d-4653-9ac4-44e4858bfe00,2026-07-29T18:15:00Z,2026-07-29T20:15:00+0200,257.95,EUR/MWh,BE,BE,imbalance_price,Short,2026-08-23T11:28:30Z
2026-08-23T11:27:43Z,2026-08-23T13:27:43+0200,aa89dba4-771d-4653-9ac4-44e4858bfe00,2026-07-29T18:30:00Z,2026-07-29T20:30:00+0200,297.68,EUR/MWh,BE,BE,imbalance_price,Long,2026-08-23T11:28:30Z
2026-08-23T11:27:43Z,2026-08-23T13:27:43+0200,aa89dba4-771d-4653-9ac4-44e4858bfe00,2026-07-29T18:30:00Z,2026-07-29T20:30:00+0200,297.68,EUR/MWh,BE,BE,imbalance_price,Short,2026-08-23T11:28:30Z
2026-08-23T11:27:43Z,2026-08-23T13:27:43+0200,aa89dba4-771d-4653-9ac4-44e4858bfe00,2026-07-29T18:45:00Z,2026-07-29T20:45:00+0200,342.71,EUR/MWh,BE,BE,imbalance_price,Long,2026-08-23T11:28:30Z
2026-08-23T11:27:43Z,2026-08-23T13:27:43+0200,aa89dba4-771d-4653-9ac4-44e4858bfe00,2026-07-29T18:45:00Z,2026-07-29T20:45:00+0200,342.71,EUR/MWh,BE,BE,imbalance_price,Short,2026-08-23T11:28:30Z
2026-08-23T11:27:43Z,2026-08-23T13:27:43+0200,aa89dba4-771d-4653-9ac4-44e4858bfe00,2026-07-29T19:00:00Z,2026-07-29T21:00:00+0200,368.22,EUR/MWh,BE,BE,imbalance_price,Long,2026-08-23T11:28:30Z
2026-08-23T11:27:43Z,2026-08-23T13:27:43+0200,aa89dba4-771d-4653-9ac4-44e4858bfe00,2026-07-29T19:00:00Z,2026-07-29T21:00:00+0200,368.22,EUR/MWh,BE,BE,imbalance_price,Short,2026-08-23T11:28:30Z
2026-08-23T11:27:43Z,2026-08-23T13:27:43+0200,aa89dba4-771d-4653-9ac4-44e4858bfe00,2026-07-29T19:15:00Z,2026-07-29T21:15:00+0200,353.09,EUR/MWh,BE,BE,imbalance_price,Long,2026-08-23T11:28:30Z
2026-08-23T11:27:43Z,2026-08-23T13:27:43+0200,aa89dba4-771d-4653-9ac4-44e4858bfe00,2026-07-29T19:15:00Z,2026-07-29T21:15:00+0200,353.09,EUR/MWh,BE,BE,imbalance_price,Short,2026-08-23T11:28:30Z
2026-08-23T11:27:43Z,2026-08-23T13:27:43+0200,aa89dba4-771d-4653-9ac4-44e4858bfe00,2026-07-29T19:30:00Z,2026-07-29T21:30:00+0200,252.11,EUR/MWh,BE,BE,imbalance_price,Long,2026-08-23T11:28:30Z
2026-08-23T11:27:43Z,2026-08-23T13:27:43+0200,aa89dba4-771d-4653-9ac4-44e4858bfe00,2026-07-29T19:30:00Z,2026-07-29T21:30:00+0200,252.11,EUR/MWh,BE,BE,imbalance_price,Short,2026-08-23T11:28:30Z
2026-08-23T11:27:43Z,2026-08-23T13:27:43+0200,aa89dba4-771d-4653-9ac4-44e4858bfe00,2026-07-29T19:45:00Z,2026-07-29T21:45:00+0200,215.68,EUR/MWh,BE,BE,imbalance_price,Long,2026-08-23T11:28:30Z
2026-08-23T11:27:43Z,2026-08-23T13:27:43+0200,aa89dba4-771d-4653-9ac4-44e4858bfe00,2026-07-29T19:45:00Z,2026-07-29T21:45:00+0200,215.68,EUR/MWh,BE,BE,imbalance_price,Short,2026-08-23T11:28:30Z
2026-08-23T11:27:43Z,2026-08-23T13:27:43+0200,aa89dba4-771d-4653-9ac4-44e4858bfe00,2026-07-29T20:00:00Z,2026-07-29T22:00:00+0200,213.18,EUR/MWh,BE,BE,imbalance_price,Long,2026-08-23T11:28:30Z
2026-08-23T11:27:43Z,2026-08-23T13:27:43+0200,aa89dba4-771d-4653-9ac4-44e4858bfe00,2026-07-29T20:00:00Z,2026-07-29T22:00:00+0200,213.18,EUR/MWh,BE,BE,imbalance_price,Short,2026-08-23T11:28:30Z
2026-08-23T11:27:43Z,2026-08-23T13:27:43+0200,aa89dba4-771d-4653-9ac4-44e4858bfe00,2026-07-29T20:15:00Z,2026-07-29T22:15:00+0200,189.6,EUR/MWh,BE,BE,imbalance_price,Long,2026-08-23T11:28:30Z
2026-08-23T11:27:43Z,2026-08-23T13:27:43+0200,aa89dba4-771d-4653-9ac4-44e4858bfe00,2026-07-29T20:15:00Z,2026-07-29T22:15:00+0200,189.6,EUR/MWh,BE,BE,imbalance_price,Short,2026-08-23T11:28:30Z
2026-08-23T11:27:43Z,2026-08-23T13:27:43+0200,aa89dba4-771d-4653-9ac4-44e4858bfe00,2026-07-29T20:30:00Z,2026-07-29T22:30:00+0200,125.87,EUR/MWh,BE,BE,imbalance_price,Long,2026-08-23T11:28:30Z
2026-08-23T11:27:43Z,2026-08-23T13:27:43+0200,aa89dba4-771d-4653-9ac4-44e4858bfe00,2026-07-29T20:30:00Z,2026-07-29T22:30:00+0200,125.87,EUR/MWh,BE,BE,imbalance_price,Short,2026-08-23T11:28:30Z
2026-08-23T11:27:43Z,2026-08-23T13:27:43+0200,aa89dba4-771d-4653-9ac4-44e4858bfe00,2026-07-29T20:45:00Z,2026-07-29T22:45:00+0200,130.46,EUR/MWh,BE,BE,imbalance_price,Long,2026-08-23T11:28:30Z
2026-08-23T11:27:43Z,2026-08-23T13:27:43+0200,aa89dba4-771d-4653-9ac4-44e4858bfe00,2026-07-29T20:45:00Z,2026-07-29T22:45:00+0200,130.46,EUR/MWh,BE,BE,imbalance_price,Short,2026-08-23T11:28:30Z
2026-08-23T11:27:43Z,2026-08-23T13:27:43+0200,aa89dba4-771d-4653-9ac4-44e4858bfe00,2026-07-29T21:00:00Z,2026-07-29T23:00:00+0200,143.95,EUR/MWh,BE,BE,imbalance_price,Long,2026-08-23T11:28:30Z
2026-08-23T11:27:43Z,2026-08-23T13:27:43+0200,aa89dba4-771d-4653-9ac4-44e4858bfe00,2026-07-29T21:00:00Z,2026-07-29T23:00:00+0200,143.95,EUR/MWh,BE,BE,imbalance_price,Short,2026-08-23T11:28:30Z
2026-08-23T11:27:43Z,2026-08-23T13:27:43+0200,aa89dba4-771d-4653-9ac4-44e4858bfe00,2026-07-29T21:15:00Z,2026-07-29T23:15:00+0200,116.7,EUR/MWh,BE,BE,imbalance_price,Long,2026-08-23T11:28:30Z
2026-08-23T11:27:43Z,2026-08-23T13:27:43+0200,aa89dba4-771d-4653-9ac4-44e4858bfe00,2026-07-29T21:15:00Z,2026-07-29T23:15:00+0200,116.7,EUR/MWh,BE,BE,imbalance_price,Short,2026-08-23T11:28:30Z
2026-08-23T11:27:43Z,2026-08-23T13:27:43+0200,aa89dba4-771d-4653-9ac4-44e4858bfe00,2026-07-29T21:30:00Z,2026-07-29T23:30:00+0200,125.56,EUR/MWh,BE,BE,imbalance_price,Long,2026-08-23T11:28:30Z
2026-08-23T11:27:43Z,2026-08-23T13:27:43+0200,aa89dba4-771d-4653-9ac4-44e4858bfe00,2026-07-29T21:30:00Z,2026-07-29T23:30:00+0200,125.56,EUR/MWh,BE,BE,imbalance_price,Short,2026-08-23T11:28:30Z
2026-08-23T11:27:43Z,2026-08-23T13:27:43+0200,aa89dba4-771d-4653-9ac4-44e4858bfe00,2026-07-29T21:45:00Z,2026-07-29T23:45:00+0200,119.72,EUR/MWh,BE,BE,imbalance_price,Long,2026-08-23T11:28:30Z
2026-08-23T11:27:43Z,2026-08-23T13:27:43+0200,aa89dba4-771d-4653-9ac4-44e4858bfe00,2026-07-29T21:45:00Z,2026-07-29T23:45:00+0200,119.72,EUR/MWh,BE,BE,imbalance_price,Short,2026-08-23T11:28:30Z
2026-08-23T11:27:43Z,2026-08-23T13:27:43+0200,aa89dba4-771d-4653-9ac4-44e4858bfe00,2026-07-29T22:00:00Z,2026-07-30T00:00:00+0200,141.14,EUR/MWh,BE,BE,imbalance_price,Long,2026-08-23T11:28:30Z
2026-08-23T11:27:43Z,2026-08-23T13:27:43+0200,aa89dba4-771d-4653-9ac4-44e4858bfe00,2026-07-29T22:00:00Z,2026-07-30T00:00:00+0200,141.14,EUR/MWh,BE,BE,imbalance_price,Short,2026-08-23T11:28:30Z
2026-08-23T11:27:43Z,2026-08-23T13:27:43+0200,aa89dba4-771d-4653-9ac4-44e4858bfe00,2026-07-29T22:15:00Z,2026-07-30T00:15:00+0200,153.43,EUR/MWh,BE,BE,imbalance_price,Long,2026-08-23T11:28:30Z
2026-08-23T11:27:43Z,2026-08-23T13:27:43+0200,aa89dba4-771d-4653-9ac4-44e4858bfe00,2026-07-29T22:15:00Z,2026-07-30T00:15:00+0200,153.43,EUR/MWh,BE,BE,imbalance_price,Short,2026-08-23T11:28:30Z
2026-08-23T11:27:43Z,2026-08-23T13:27:43+0200,aa89dba4-771d-4653-9ac4-44e4858bfe00,2026-07-29T22:30:00Z,2026-07-30T00:30:00+0200,238.92,EUR/MWh,BE,BE,imbalance_price,Long,2026-08-23T11:28:30Z
2026-08-23T11:27:43Z,2026-08-23T13:27:43+0200,aa89dba4-771d-4653-9ac4-44e4858bfe00,2026-07-29T22:30:00Z,2026-07-30T00:30:00+0200,238.92,EUR/MWh,BE,BE,imbalance_price,Short,2026-08-23T11:28:30Z
2026-08-23T11:27:43Z,2026-08-23T13:27:43+0200,aa89dba4-771d-4653-9ac4-44e4858bfe00,2026-07-29T22:45:00Z,2026-07-30T00:45:00+0200,225.68,EUR/MWh,BE,BE,imbalance_price,Long,2026-08-23T11:28:30Z
2026-08-23T11:27:43Z,2026-08-23T13:27:43+0200,aa89dba4-771d-4653-9ac4-44e4858bfe00,2026-07-29T22:45:00Z,2026-07-30T00:45:00+0200,225.68,EUR/MWh,BE,BE,imbalance_price,Short,2026-08-23T11:28:30Z
2026-08-23T11:27:43Z,2026-08-23T13:27:43+0200,aa89dba4-771d-4653-9ac4-44e4858bfe00,2026-07-29T23:00:00Z,2026-07-30T01:00:00+0200,193.1,EUR/MWh,BE,BE,imbalance_price,Long,2026-08-23T11:28:30Z
2026-08-23T11:27:43Z,2026-08-23T13:27:43+0200,aa89dba4-771d-4653-9ac4-44e4858bfe00,2026-07-29T23:00:00Z,2026-07-30T01:00:00+0200,193.1,EUR/MWh,BE,BE,imbalance_price,Short,2026-08-23T11:28:30Z
2026-08-23T11:27:43Z,2026-08-23T13:27:43+0200,aa89dba4-771d-4653-9ac4-44e4858bfe00,2026-07-29T23:15:00Z,2026-07-30T01:15:00+0200,176.2,EUR/MWh,BE,BE,imbalance_price,Long,2026-08-23T11:28:30Z
2026-08-23T11:27:43Z,2026-08-23T13:27:43+0200,aa89dba4-771d-4653-9ac4-44e4858bfe00,2026-07-29T23:15:00Z,2026-07-30T01:15:00+0200,176.2,EUR/MWh,BE,BE,imbalance_price,Short,2026-08-23T11:28:30Z
2026-08-23T11:27:43Z,2026-08-23T13:27:43+0200,aa89dba4-771d-4653-9ac4-44e4858bfe00,2026-07-29T23:30:00Z,2026-07-30T01:30:00+0200,167.44,EUR/MWh,BE,BE,imbalance_price,Long,2026-08-23T11:28:30Z
2026-08-23T11:27:43Z,2026-08-23T13:27:43+0200,aa89dba4-771d-4653-9ac4-44e4858bfe00,2026-07-29T23:30:00Z,2026-07-30T01:30:00+0200,167.44,EUR/MWh,BE,BE,imbalance_price,Short,2026-08-23T11:28:30Z
2026-08-23T11:27:43Z,2026-08-23T13:27:43+0200,aa89dba4-771d-4653-9ac4-44e4858bfe00,2026-07-29T23:45:00Z,2026-07-30T01:45:00+0200,176.6,EUR/MWh,BE,BE,imbalance_price,Long,2026-08-23T11:28:30Z
2026-08-23T11:27:43Z,2026-08-23T13:27:43+0200,aa89dba4-771d-4653-9ac4-44e4858bfe00,2026-07-29T23:45:00Z,2026-07-30T01:45:00+0200,176.6,EUR/MWh,BE,BE,imbalance_price,Short,2026-08-23T11:28:30Z
2026-08-23T11:27:43Z,2026-08-23T13:27:43+0200,aa89dba4-771d-4653-9ac4-44e4858bfe00,2026-07-30T00:00:00Z,2026-07-30T02:00:00+0200,163.15,EUR/MWh,BE,BE,imbalance_price,Long,2026-08-23T11:28:30Z
2026-08-23T11:27:43Z,2026-08-23T13:27:43+0200,aa89dba4-771d-4653-9ac4-44e4858bfe00,2026-07-30T00:00:00Z,2026-07-30T02:00:00+0200,163.15,EUR/MWh,BE,BE,imbalance_price,Short,2026-08-23T11:28:30Z
2026-08-23T11:27:43Z,2026-08-23T13:27:43+0200,aa89dba4-771d-4653-9ac4-44e4858bfe00,2026-07-30T00:15:00Z,2026-07-30T02:15:00+0200,150.09,EUR/MWh,BE,BE,imbalance_price,Long,2026-08-23T11:28:30Z
2026-08-23T11:27:43Z,2026-08-23T13:27:43+0200,aa89dba4-771d-4653-9ac4-44e4858bfe00,2026-07-30T00:15:00Z,2026-07-30T02:15:00+0200,150.09,EUR/MWh,BE,BE,imbalance_price,Short,2026-08-23T11:28:30Z
2026-08-23T11:27:43Z,2026-08-23T13:27:43+0200,aa89dba4-771d-4653-9ac4-44e4858bfe00,2026-07-30T00:30:00Z,2026-07-30T02:30:00+0200,146.63,EUR/MWh,BE,BE,imbalance_price,Long,2026-08-23T11:28:30Z
2026-08-23T11:27:43Z,2026-08-23T13:27:43+0200,aa89dba4-771d-4653-9ac4-44e4858bfe00,2026-07-30T00:30:00Z,2026-07-30T02:30:00+0200,146.63,EUR/MWh,BE,BE,imbalance_price,Short,2026-08-23T11:28:30Z
2026-08-23T11:27:43Z,2026-08-23T13:27:43+0200,aa89dba4-771d-4653-9ac4-44e4858bfe00,2026-07-30T00:45:00Z,2026-07-30T02:45:00+0200,145.03,EUR/MWh,BE,BE,imbalance_price,Long,2026-08-23T11:28:30Z
2026-08-23T11:27:43Z,2026-08-23T13:27:43+0200,aa89dba4-771d-4653-9ac4-44e4858bfe00,2026-07-30T00:45:00Z,2026-07-30T02:45:00+0200,145.03,EUR/MWh,BE,BE,imbalance_price,Short,2026-08-23T11:28:30Z
2026-08-23T11:27:43Z,2026-08-23T13:27:43+0200,aa89dba4-771d-4653-9ac4-44e4858bfe00,2026-07-30T01:00:00Z,2026-07-30T03:00:00+0200,143.18,EUR/MWh,BE,BE,imbalance_price,Long,2026-08-23T11:28:30Z
2026-08-23T11:27:43Z,2026-08-23T13:27:43+0200,aa89dba4-771d-4653-9ac4-44e4858bfe00,2026-07-30T01:00:00Z,2026-07-30T03:00:00+0200,143.18,EUR/MWh,BE,BE,imbalance_price,Short,2026-08-23T11:28:30Z
2026-08-23T11:27:43Z,2026-08-23T13:27:43+0200,aa89dba4-771d-4653-9ac4-44e4858bfe00,2026-07-30T01:15:00Z,2026-07-30T03:15:00+0200,129.76,EUR/MWh,BE,BE,imbalance_price,Long,2026-08-23T11:28:30Z
2026-08-23T11:27:43Z,2026-08-23T13:27:43+0200,aa89dba4-771d-4653-9ac4-44e4858bfe00,2026-07-30T01:15:00Z,2026-07-30T03:15:00+0200,129.76,EUR/MWh,BE,BE,imbalance_price,Short,2026-08-23T11:28:30Z
2026-08-23T11:27:43Z,2026-08-23T13:27:43+0200,aa89dba4-771d-4653-9ac4-44e4858bfe00,2026-07-30T01:30:00Z,2026-07-30T03:30:00+0200,127.61,EUR/MWh,BE,BE,imbalance_price,Long,2026-08-23T11:28:30Z
2026-08-23T11:27:43Z,2026-08-23T13:27:43+0200,aa89dba4-771d-4653-9ac4-44e4858bfe00,2026-07-30T01:30:00Z,2026-07-30T03:30:00+0200,127.61,EUR/MWh,BE,BE,imbalance_price,Short,2026-08-23T11:28:30Z
2026-08-23T11:27:43Z,2026-08-23T13:27:43+0200,aa89dba4-771d-4653-9ac4-44e4858bfe00,2026-07-30T01:45:00Z,2026-07-30T03:45:00+0200,139.88,EUR/MWh,BE,BE,imbalance_price,Long,2026-08-23T11:28:30Z
2026-08-23T11:27:43Z,2026-08-23T13:27:43+0200,aa89dba4-771d-4653-9ac4-44e4858bfe00,2026-07-30T01:45:00Z,2026-07-30T03:45:00+0200,139.88,EUR/MWh,BE,BE,imbalance_price,Short,2026-08-23T11:28:30Z
2026-08-23T11:27:43Z,2026-08-23T13:27:43+0200,aa89dba4-771d-4653-9ac4-44e4858bfe00,2026-07-30T02:00:00Z,2026-07-30T04:00:00+0200,120.6,EUR/MWh,BE,BE,imbalance_price,Long,2026-08-23T11:28:30Z
2026-08-23T11:27:43Z,2026-08-23T13:27:43+0200,aa89dba4-771d-4653-9ac4-44e4858bfe00,2026-07-30T02:00:00Z,2026-07-30T04:00:00+0200,120.6,EUR/MWh,BE,BE,imbalance_price,Short,2026-08-23T11:28:30Z
2026-08-23T11:27:43Z,2026-08-23T13:27:43+0200,aa89dba4-771d-4653-9ac4-44e4858bfe00,2026-07-30T02:15:00Z,2026-07-30T04:15:00+0200,121.6,EUR/MWh,BE,BE,imbalance_price,Long,2026-08-23T11:28:30Z
2026-08-23T11:27:43Z,2026-08-23T13:27:43+0200,aa89dba4-771d-4653-9ac4-44e4858bfe00,2026-07-30T02:15:00Z,2026-07-30T04:15:00+0200,121.6,EUR/MWh,BE,BE,imbalance_price,Short,2026-08-23T11:28:30Z
2026-08-23T11:27:43Z,2026-08-23T13:27:43+0200,aa89dba4-771d-4653-9ac4-44e4858bfe00,2026-07-30T02:30:00Z,2026-07-30T04:30:00+0200,119.61,EUR/MWh,BE,BE,imbalance_price,Long,2026-08-23T11:28:30Z
2026-08-23T11:27:43Z,2026-08-23T13:27:43+0200,aa89dba4-771d-4653-9ac4-44e4858bfe00,2026-07-30T02:30:00Z,2026-07-30T04:30:00+0200,119.61,EUR/MWh,BE,BE,imbalance_price,Short,2026-08-23T11:28:30Z
2026-08-23T11:27:43Z,2026-08-23T13:27:43+0200,aa89dba4-771d-4653-9ac4-44e4858bfe00,2026-07-30T02:45:00Z,2026-07-30T04:45:00+0200,126.83,EUR/MWh,BE,BE,imbalance_price,Long,2026-08-23T11:28:30Z
2026-08-23T11:27:43Z,2026-08-23T13:27:43+0200,aa89dba4-771d-4653-9ac4-44e4858bfe00,2026-07-30T02:45:00Z,2026-07-30T04:45:00+0200,126.83,EUR/MWh,BE,BE,imbalance_price,Short,2026-08-23T11:28:30Z
2026-08-23T11:27:43Z,2026-08-23T13:27:43+0200,aa89dba4-771d-4653-9ac4-44e4858bfe00,2026-07-30T03:00:00Z,2026-07-30T05:00:00+0200,176.0,EUR/MWh,BE,BE,imbalance_price,Long,2026-08-23T11:28:30Z
2026-08-23T11:27:43Z,2026-08-23T13:27:43+0200,aa89dba4-771d-4653-9ac4-44e4858bfe00,2026-07-30T03:00:00Z,2026-07-30T05:00:00+0200,176.0,EUR/MWh,BE,BE,imbalance_price,Short,2026-08-23T11:28:30Z
2026-08-23T11:27:43Z,2026-08-23T13:27:43+0200,aa89dba4-771d-4653-9ac4-44e4858bfe00,2026-07-30T03:15:00Z,2026-07-30T05:15:00+0200,125.19,EUR/MWh,BE,BE,imbalance_price,Long,2026-08-23T11:28:30Z
2026-08-23T11:27:43Z,2026-08-23T13:27:43+0200,aa89dba4-771d-4653-9ac4-44e4858bfe00,2026-07-30T03:15:00Z,2026-07-30T05:15:00+0200,125.19,EUR/MWh,BE,BE,imbalance_price,Short,2026-08-23T11:28:30Z
2026-08-23T11:27:43Z,2026-08-23T13:27:43+0200,aa89dba4-771d-4653-9ac4-44e4858bfe00,2026-07-30T03:30:00Z,2026-07-30T05:30:00+0200,127.54,EUR/MWh,BE,BE,imbalance_price,Long,2026-08-23T11:28:30Z
2026-08-23T11:27:43Z,2026-08-23T13:27:43+0200,aa89dba4-771d-4653-9ac4-44e4858bfe00,2026-07-30T03:30:00Z,2026-07-30T05:30:00+0200,127.54,EUR/MWh,BE,BE,imbalance_price,Short,2026-08-23T11:28:30Z
2026-08-23T11:27:43Z,2026-08-23T13:27:43+0200,aa89dba4-771d-4653-9ac4-44e4858bfe00,2026-07-30T03:45:00Z,2026-07-30T05:45:00+0200,125.43,EUR/MWh,BE,BE,imbalance_price,Long,2026-08-23T11:28:30Z
2026-08-23T11:27:43Z,2026-08-23T13:27:43+0200,aa89dba4-771d-4653-9ac4-44e4858bfe00,2026-07-30T03:45:00Z,2026-07-30T05:45:00+0200,125.43,EUR/MWh,BE,BE,imbalance_price,Short,2026-08-23T11:28:30Z
2026-08-23T11:27:43Z,2026-08-23T13:27:43+0200,aa89dba4-771d-4653-9ac4-44e4858bfe00,2026-07-30T04:00:00Z,2026-07-30T06:00:00+0200,124.5,EUR/MWh,BE,BE,imbalance_price,Long,2026-08-23T11:28:30Z
2026-08-23T11:27:43Z,2026-08-23T13:27:43+0200,aa89dba4-771d-4653-9ac4-44e4858bfe00,2026-07-30T04:00:00Z,2026-07-30T06:00:00+0200,124.5,EUR/MWh,BE,BE,imbalance_price,Short,2026-08-23T11:28:30Z
2026-08-23T11:27:43Z,2026-08-23T13:27:43+0200,aa89dba4-771d-4653-9ac4-44e4858bfe00,2026-07-30T04:15:00Z,2026-07-30T06:15:00+0200,135.58,EUR/MWh,BE,BE,imbalance_price,Long,2026-08-23T11:28:30Z
2026-08-23T11:27:43Z,2026-08-23T13:27:43+0200,aa89dba4-771d-4653-9ac4-44e4858bfe00,2026-07-30T04:15:00Z,2026-07-30T06:15:00+0200,135.58,EUR/MWh,BE,BE,imbalance_price,Short,2026-08-23T11:28:30Z
2026-08-23T11:27:43Z,2026-08-23T13:27:43+0200,aa89dba4-771d-4653-9ac4-44e4858bfe00,2026-07-30T04:30:00Z,2026-07-30T06:30:00+0200,118.2,EUR/MWh,BE,BE,imbalance_price,Long,2026-08-23T11:28:30Z
2026-08-23T11:27:43Z,2026-08-23T13:27:43+0200,aa89dba4-771d-4653-9ac4-44e4858bfe00,2026-07-30T04:30:00Z,2026-07-30T06:30:00+0200,118.2,EUR/MWh,BE,BE,imbalance_price,Short,2026-08-23T11:28:30Z
2026-08-23T11:27:43Z,2026-08-23T13:27:43+0200,aa89dba4-771d-4653-9ac4-44e4858bfe00,2026-07-30T04:45:00Z,2026-07-30T06:45:00+0200,149.59,EUR/MWh,BE,BE,imbalance_price,Long,2026-08-23T11:28:30Z
2026-08-23T11:27:43Z,2026-08-23T13:27:43+0200,aa89dba4-771d-4653-9ac4-44e4858bfe00,2026-07-30T04:45:00Z,2026-07-30T06:45:00+0200,149.59,EUR/MWh,BE,BE,imbalance_price,Short,2026-08-23T11:28:30Z
2026-08-23T11:27:43Z,2026-08-23T13:27:43+0200,aa89dba4-771d-4653-9ac4-44e4858bfe00,2026-07-30T05:00:00Z,2026-07-30T07:00:00+0200,163.64,EUR/MWh,BE,BE,imbalance_price,Long,2026-08-23T11:28:30Z
2026-08-23T11:27:43Z,2026-08-23T13:27:43+0200,aa89dba4-771d-4653-9ac4-44e4858bfe00,2026-07-30T05:00:00Z,2026-07-30T07:00:00+0200,163.64,EUR/MWh,BE,BE,imbalance_price,Short,2026-08-23T11:28:30Z
2026-08-23T11:27:43Z,2026-08-23T13:27:43+0200,aa89dba4-771d-4653-9ac4-44e4858bfe00,2026-07-30T05:15:00Z,2026-07-30T07:15:00+0200,133.76,EUR/MWh,BE,BE,imbalance_price,Long,2026-08-23T11:28:30Z
2026-08-23T11:27:43Z,2026-08-23T13:27:43+0200,aa89dba4-771d-4653-9ac4-44e4858bfe00,2026-07-30T05:15:00Z,2026-07-30T07:15:00+0200,133.76,EUR/MWh,BE,BE,imbalance_price,Short,2026-08-23T11:28:30Z
2026-08-23T11:27:43Z,2026-08-23T13:27:43+0200,aa89dba4-771d-4653-9ac4-44e4858bfe00,2026-07-30T05:30:00Z,2026-07-30T07:30:00+0200,145.87,EUR/MWh,BE,BE,imbalance_price,Long,2026-08-23T11:28:30Z
2026-08-23T11:27:43Z,2026-08-23T13:27:43+0200,aa89dba4-771d-4653-9ac4-44e4858bfe00,2026-07-30T05:30:00Z,2026-07-30T07:30:00+0200,145.87,EUR/MWh,BE,BE,imbalance_price,Short,2026-08-23T11:28:30Z
2026-08-23T11:27:43Z,2026-08-23T13:27:43+0200,aa89dba4-771d-4653-9ac4-44e4858bfe00,2026-07-30T05:45:00Z,2026-07-30T07:45:00+0200,135.76,EUR/MWh,BE,BE,imbalance_price,Long,2026-08-23T11:28:30Z
2026-08-23T11:27:43Z,2026-08-23T13:27:43+0200,aa89dba4-771d-4653-9ac4-44e4858bfe00,2026-07-30T05:45:00Z,2026-07-30T07:45:00+0200,135.76,EUR/MWh,BE,BE,imbalance_price,Short,2026-08-23T11:28:30Z
2026-08-23T11:27:43Z,2026-08-23T13:27:43+0200,aa89dba4-771d-4653-9ac4-44e4858bfe00,2026-07-30T06:00:00Z,2026-07-30T08:00:00+0200,125.24,EUR/MWh,BE,BE,imbalance_price,Long,2026-08-23T11:28:30Z
2026-08-23T11:27:43Z,2026-08-23T13:27:43+0200,aa89dba4-771d-4653-9ac4-44e4858bfe00,2026-07-30T06:00:00Z,2026-07-30T08:00:00+0200,125.24,EUR/MWh,BE,BE,imbalance_price,Short,2026-08-23T11:28:30Z
2026-08-23T11:27:43Z,2026-08-23T13:27:43+0200,aa89dba4-771d-4653-9ac4-44e4858bfe00,2026-07-30T06:15:00Z,2026-07-30T08:15:00+0200,109.32,EUR/MWh,BE,BE,imbalance_price,Long,2026-08-23T11:28:30Z
2026-08-23T11:27:43Z,2026-08-23T13:27:43+0200,aa89dba4-771d-4653-9ac4-44e4858bfe00,2026-07-30T06:15:00Z,2026-07-30T08:15:00+0200,109.32,EUR/MWh,BE,BE,imbalance_price,Short,2026-08-23T11:28:30Z
2026-08-23T11:27:43Z,2026-08-23T13:27:43+0200,aa89dba4-771d-4653-9ac4-44e4858bfe00,2026-07-30T06:30:00Z,2026-07-30T08:30:00+0200,99.62,EUR/MWh,BE,BE,imbalance_price,Long,2026-08-23T11:28:30Z
2026-08-23T11:27:43Z,2026-08-23T13:27:43+0200,aa89dba4-771d-4653-9ac4-44e4858bfe00,2026-07-30T06:30:00Z,2026-07-30T08:30:00+0200,99.62,EUR/MWh,BE,BE,imbalance_price,Short,2026-08-23T11:28:30Z
2026-08-23T11:27:43Z,2026-08-23T13:27:43+0200,aa89dba4-771d-4653-9ac4-44e4858bfe00,2026-07-30T06:45:00Z,2026-07-30T08:45:00+0200,99.62,EUR/MWh,BE,BE,imbalance_price,Long,2026-08-23T11:28:30Z
2026-08-23T11:27:43Z,2026-08-23T13:27:43+0200,aa89dba4-771d-4653-9ac4-44e4858bfe00,2026-07-30T06:45:00Z,2026-07-30T08:45:00+0200,99.62,EUR/MWh,BE,BE,imbalance_price,Short,2026-08-23T11:28:30Z
2026-08-23T11:27:43Z,2026-08-23T13:27:43+0200,aa89dba4-771d-4653-9ac4-44e4858bfe00,2026-07-30T07:00:00Z,2026-07-30T09:00:00+0200,96.74,EUR/MWh,BE,BE,imbalance_price,Long,2026-08-23T11:28:30Z
2026-08-23T11:27:43Z,2026-08-23T13:27:43+0200,aa89dba4-771d-4653-9ac4-44e4858bfe00,2026-07-30T07:00:00Z,2026-07-30T09:00:00+0200,96.74,EUR/MWh,BE,BE,imbalance_price,Short,2026-08-23T11:28:30Z
2026-08-23T11:27:43Z,2026-08-23T13:27:43+0200,aa89dba4-771d-4653-9ac4-44e4858bfe00,2026-07-30T07:15:00Z,2026-07-30T09:15:00+0200,23.73,EUR/MWh,BE,BE,imbalance_price,Long,2026-08-23T11:28:30Z
2026-08-23T11:27:43Z,2026-08-23T13:27:43+0200,aa89dba4-771d-4653-9ac4-44e4858bfe00,2026-07-30T07:15:00Z,2026-07-30T09:15:00+0200,23.73,EUR/MWh,BE,BE,imbalance_price,Short,2026-08-23T11:28:30Z
2026-08-23T11:27:43Z,2026-08-23T13:27:43+0200,aa89dba4-771d-4653-9ac4-44e4858bfe00,2026-07-30T07:30:00Z,2026-07-30T09:30:00+0200,23.73,EUR/MWh,BE,BE,imbalance_price,Long,2026-08-23T11:28:30Z
2026-08-23T11:27:43Z,2026-08-23T13:27:43+0200,aa89dba4-771d-4653-9ac4-44e4858bfe00,2026-07-30T07:30:00Z,2026-07-30T09:30:00+0200,23.73,EUR/MWh,BE,BE,imbalance_price,Short,2026-08-23T11:28:30Z
2026-08-23T11:27:43Z,2026-08-23T13:27:43+0200,aa89dba4-771d-4653-9ac4-44e4858bfe00,2026-07-30T07:45:00Z,2026-07-30T09:45:00+0200,23.73,EUR/MWh,BE,BE,imbalance_price,Long,2026-08-23T11:28:30Z
2026-08-23T11:27:43Z,2026-08-23T13:27:43+0200,aa89dba4-771d-4653-9ac4-44e4858bfe00,2026-07-30T07:45:00Z,2026-07-30T09:45:00+0200,23.73,EUR/MWh,BE,BE,imbalance_price,Short,2026-08-23T11:28:30Z
2026-08-23T11:27:43Z,2026-08-23T13:27:43+0200,aa89dba4-771d-4653-9ac4-44e4858bfe00,2026-07-30T08:00:00Z,2026-07-30T10:00:00+0200,17.31,EUR/MWh,BE,BE,imbalance_price,Long,2026-08-23T11:28:30Z
2026-08-23T11:27:43Z,2026-08-23T13:27:43+0200,aa89dba4-771d-4653-9ac4-44e4858bfe00,2026-07-30T08:00:00Z,2026-07-30T10:00:00+0200,17.31,EUR/MWh,BE,BE,imbalance_price,Short,2026-08-23T11:28:30Z
2026-08-23T11:27:43Z,2026-08-23T13:27:43+0200,aa89dba4-771d-4653-9ac4-44e4858bfe00,2026-07-30T08:15:00Z,2026-07-30T10:15:00+0200,-22.19,EUR/MWh,BE,BE,imbalance_price,Long,2026-08-23T11:28:30Z
2026-08-23T11:27:43Z,2026-08-23T13:27:43+0200,aa89dba4-771d-4653-9ac4-44e4858bfe00,2026-07-30T08:15:00Z,2026-07-30T10:15:00+0200,-22.19,EUR/MWh,BE,BE,imbalance_price,Short,2026-08-23T11:28:30Z
2026-08-23T11:27:43Z,2026-08-23T13:27:43+0200,aa89dba4-771d-4653-9ac4-44e4858bfe00,2026-07-30T08:30:00Z,2026-07-30T10:30:00+0200,5.25,EUR/MWh,BE,BE,imbalance_price,Long,2026-08-23T11:28:30Z
2026-08-23T11:27:43Z,2026-08-23T13:27:43+0200,aa89dba4-771d-4653-9ac4-44e4858bfe00,2026-07-30T08:30:00Z,2026-07-30T10:30:00+0200,5.25,EUR/MWh,BE,BE,imbalance_price,Short,2026-08-23T11:28:30Z
2026-08-23T11:27:43Z,2026-08-23T13:27:43+0200,aa89dba4-771d-4653-9ac4-44e4858bfe00,2026-07-30T08:45:00Z,2026-07-30T10:45:00+0200,-2.5,EUR/MWh,BE,BE,imbalance_price,Long,2026-08-23T11:28:30Z
2026-08-23T11:27:43Z,2026-08-23T13:27:43+0200,aa89dba4-771d-4653-9ac4-44e4858bfe00,2026-07-30T08:45:00Z,2026-07-30T10:45:00+0200,-2.5,EUR/MWh,BE,BE,imbalance_price,Short,2026-08-23T11:28:30Z
2026-08-23T11:27:43Z,2026-08-23T13:27:43+0200,aa89dba4-771d-4653-9ac4-44e4858bfe00,2026-07-30T09:00:00Z,2026-07-30T11:00:00+0200,-12.7,EUR/MWh,BE,BE,imbalance_price,Long,2026-08-23T11:28:30Z
2026-08-23T11:27:43Z,2026-08-23T13:27:43+0200,aa89dba4-771d-4653-9ac4-44e4858bfe00,2026-07-30T09:00:00Z,2026-07-30T11:00:00+0200,-12.7,EUR/MWh,BE,BE,imbalance_price,Short,2026-08-23T11:28:30Z
2026-08-23T11:27:43Z,2026-08-23T13:27:43+0200,aa89dba4-771d-4653-9ac4-44e4858bfe00,2026-07-30T09:15:00Z,2026-07-30T11:15:00+0200,23.73,EUR/MWh,BE,BE,imbalance_price,Long,2026-08-23T11:28:30Z
2026-08-23T11:27:43Z,2026-08-23T13:27:43+0200,aa89dba4-771d-4653-9ac4-44e4858bfe00,2026-07-30T09:15:00Z,2026-07-30T11:15:00+0200,23.73,EUR/MWh,BE,BE,imbalance_price,Short,2026-08-23T11:28:30Z
2026-08-23T11:27:43Z,2026-08-23T13:27:43+0200,aa89dba4-771d-4653-9ac4-44e4858bfe00,2026-07-30T09:30:00Z,2026-07-30T11:30:00+0200,108.42,EUR/MWh,BE,BE,imbalance_price,Long,2026-08-23T11:28:30Z
2026-08-23T11:27:43Z,2026-08-23T13:27:43+0200,aa89dba4-771d-4653-9ac4-44e4858bfe00,2026-07-30T09:30:00Z,2026-07-30T11:30:00+0200,108.42,EUR/MWh,BE,BE,imbalance_price,Short,2026-08-23T11:28:30Z
2026-08-23T11:27:43Z,2026-08-23T13:27:43+0200,aa89dba4-771d-4653-9ac4-44e4858bfe00,2026-07-30T09:45:00Z,2026-07-30T11:45:00+0200,90.98,EUR/MWh,BE,BE,imbalance_price,Long,2026-08-23T11:28:30Z
2026-08-23T11:27:43Z,2026-08-23T13:27:43+0200,aa89dba4-771d-4653-9ac4-44e4858bfe00,2026-07-30T09:45:00Z,2026-07-30T11:45:00+0200,90.98,EUR/MWh,BE,BE,imbalance_price,Short,2026-08-23T11:28:30Z
2026-08-23T11:27:43Z,2026-08-23T13:27:43+0200,aa89dba4-771d-4653-9ac4-44e4858bfe00,2026-07-30T10:00:00Z,2026-07-30T12:00:00+0200,16.51,EUR/MWh,BE,BE,imbalance_price,Long,2026-08-23T11:28:30Z
2026-08-23T11:27:43Z,2026-08-23T13:27:43+0200,aa89dba4-771d-4653-9ac4-44e4858bfe00,2026-07-30T10:00:00Z,2026-07-30T12:00:00+0200,16.51,EUR/MWh,BE,BE,imbalance_price,Short,2026-08-23T11:28:30Z
2026-08-23T11:27:43Z,2026-08-23T13:27:43+0200,aa89dba4-771d-4653-9ac4-44e4858bfe00,2026-07-30T10:15:00Z,2026-07-30T12:15:00+0200,21.52,EUR/MWh,BE,BE,imbalance_price,Long,2026-08-23T11:28:30Z
2026-08-23T11:27:43Z,2026-08-23T13:27:43+0200,aa89dba4-771d-4653-9ac4-44e4858bfe00,2026-07-30T10:15:00Z,2026-07-30T12:15:00+0200,21.52,EUR/MWh,BE,BE,imbalance_price,Short,2026-08-23T11:28:30Z
2026-08-23T11:27:43Z,2026-08-23T13:27:43+0200,aa89dba4-771d-4653-9ac4-44e4858bfe00,2026-07-30T10:30:00Z,2026-07-30T12:30:00+0200,16.98,EUR/MWh,BE,BE,imbalance_price,Long,2026-08-23T11:28:30Z
2026-08-23T11:27:43Z,2026-08-23T13:27:43+0200,aa89dba4-771d-4653-9ac4-44e4858bfe00,2026-07-30T10:30:00Z,2026-07-30T12:30:00+0200,16.98,EUR/MWh,BE,BE,imbalance_price,Short,2026-08-23T11:28:30Z
2026-08-23T11:27:43Z,2026-08-23T13:27:43+0200,aa89dba4-771d-4653-9ac4-44e4858bfe00,2026-07-30T10:45:00Z,2026-07-30T12:45:00+0200,130.92,EUR/MWh,BE,BE,imbalance_price,Long,2026-08-23T11:28:30Z
2026-08-23T11:27:43Z,2026-08-23T13:27:43+0200,aa89dba4-771d-4653-9ac4-44e4858bfe00,2026-07-30T10:45:00Z,2026-07-30T12:45:00+0200,130.92,EUR/MWh,BE,BE,imbalance_price,Short,2026-08-23T11:28:30Z
2026-08-23T11:27:43Z,2026-08-23T13:27:43+0200,aa89dba4-771d-4653-9ac4-44e4858bfe00,2026-07-30T11:00:00Z,2026-07-30T13:00:00+0200,167.05,EUR/MWh,BE,BE,imbalance_price,Long,2026-08-23T11:28:30Z
2026-08-23T11:27:43Z,2026-08-23T13:27:43+0200,aa89dba4-771d-4653-9ac4-44e4858bfe00,2026-07-30T11:00:00Z,2026-07-30T13:00:00+0200,167.05,EUR/MWh,BE,BE,imbalance_price,Short,2026-08-23T11:28:30Z
2026-08-23T11:27:43Z,2026-08-23T13:27:43+0200,aa89dba4-771d-4653-9ac4-44e4858bfe00,2026-07-30T11:15:00Z,2026-07-30T13:15:00+0200,155.42,EUR/MWh,BE,BE,imbalance_price,Long,2026-08-23T11:28:30Z
2026-08-23T11:27:43Z,2026-08-23T13:27:43+0200,aa89dba4-771d-4653-9ac4-44e4858bfe00,2026-07-30T11:15:00Z,2026-07-30T13:15:00+0200,155.42,EUR/MWh,BE,BE,imbalance_price,Short,2026-08-23T11:28:30Z
2026-08-23T11:27:43Z,2026-08-23T13:27:43+0200,aa89dba4-771d-4653-9ac4-44e4858bfe00,2026-07-30T11:30:00Z,2026-07-30T13:30:00+0200,171.16,EUR/MWh,BE,BE,imbalance_price,Long,2026-08-23T11:28:30Z
2026-08-23T11:27:43Z,2026-08-23T13:27:43+0200,aa89dba4-771d-4653-9ac4-44e4858bfe00,2026-07-30T11:30:00Z,2026-07-30T13:30:00+0200,171.16,EUR/MWh,BE,BE,imbalance_price,Short,2026-08-23T11:28:30Z
2026-08-23T11:27:43Z,2026-08-23T13:27:43+0200,aa89dba4-771d-4653-9ac4-44e4858bfe00,2026-07-30T11:45:00Z,2026-07-30T13:45:00+0200,183.42,EUR/MWh,BE,BE,imbalance_price,Long,2026-08-23T11:28:30Z
2026-08-23T11:27:43Z,2026-08-23T13:27:43+0200,aa89dba4-771d-4653-9ac4-44e4858bfe00,2026-07-30T11:45:00Z,2026-07-30T13:45:00+0200,183.42,EUR/MWh,BE,BE,imbalance_price,Short,2026-08-23T11:28:30Z
2026-08-23T11:27:43Z,2026-08-23T13:27:43+0200,aa89dba4-771d-4653-9ac4-44e4858bfe00,2026-07-30T12:00:00Z,2026-07-30T14:00:00+0200,175.38,EUR/MWh,BE,BE,imbalance_price,Long,2026-08-23T11:28:30Z
2026-08-23T11:27:43Z,2026-08-23T13:27:43+0200,aa89dba4-771d-4653-9ac4-44e4858bfe00,2026-07-30T12:00:00Z,2026-07-30T14:00:00+0200,175.38,EUR/MWh,BE,BE,imbalance_price,Short,2026-08-23T11:28:30Z
2026-08-23T11:27:43Z,2026-08-23T13:27:43+0200,aa89dba4-771d-4653-9ac4-44e4858bfe00,2026-07-30T12:15:00Z,2026-07-30T14:15:00+0200,194.87,EUR/MWh,BE,BE,imbalance_price,Long,2026-08-23T11:28:30Z
2026-08-23T11:27:43Z,2026-08-23T13:27:43+0200,aa89dba4-771d-4653-9ac4-44e4858bfe00,2026-07-30T12:15:00Z,2026-07-30T14:15:00+0200,194.87,EUR/MWh,BE,BE,imbalance_price,Short,2026-08-23T11:28:30Z
2026-08-23T11:27:43Z,2026-08-23T13:27:43+0200,aa89dba4-771d-4653-9ac4-44e4858bfe00,2026-07-30T12:30:00Z,2026-07-30T14:30:00+0200,381.94,EUR/MWh,BE,BE,imbalance_price,Long,2026-08-23T11:28:30Z
2026-08-23T11:27:43Z,2026-08-23T13:27:43+0200,aa89dba4-771d-4653-9ac4-44e4858bfe00,2026-07-30T12:30:00Z,2026-07-30T14:30:00+0200,381.94,EUR/MWh,BE,BE,imbalance_price,Short,2026-08-23T11:28:30Z
2026-08-23T11:27:43Z,2026-08-23T13:27:43+0200,aa89dba4-771d-4653-9ac4-44e4858bfe00,2026-07-30T12:45:00Z,2026-07-30T14:45:00+0200,336.08,EUR/MWh,BE,BE,imbalance_price,Long,2026-08-23T11:28:30Z
2026-08-23T11:27:43Z,2026-08-23T13:27:43+0200,aa89dba4-771d-4653-9ac4-44e4858bfe00,2026-07-30T12:45:00Z,2026-07-30T14:45:00+0200,336.08,EUR/MWh,BE,BE,imbalance_price,Short,2026-08-23T11:28:30Z
2026-08-23T11:27:43Z,2026-08-23T13:27:43+0200,aa89dba4-771d-4653-9ac4-44e4858bfe00,2026-07-30T13:00:00Z,2026-07-30T15:00:00+0200,222.33,EUR/MWh,BE,BE,imbalance_price,Long,2026-08-23T11:28:30Z
2026-08-23T11:27:43Z,2026-08-23T13:27:43+0200,aa89dba4-771d-4653-9ac4-44e4858bfe00,2026-07-30T13:00:00Z,2026-07-30T15:00:00+0200,222.33,EUR/MWh,BE,BE,imbalance_price,Short,2026-08-23T11:28:30Z
2026-08-23T11:27:43Z,2026-08-23T13:27:43+0200,aa89dba4-771d-4653-9ac4-44e4858bfe00,2026-07-30T13:15:00Z,2026-07-30T15:15:00+0200,281.15,EUR/MWh,BE,BE,imbalance_price,Long,2026-08-23T11:28:30Z
2026-08-23T11:27:43Z,2026-08-23T13:27:43+0200,aa89dba4-771d-4653-9ac4-44e4858bfe00,2026-07-30T13:15:00Z,2026-07-30T15:15:00+0200,281.15,EUR/MWh,BE,BE,imbalance_price,Short,2026-08-23T11:28:30Z
2026-08-23T11:27:43Z,2026-08-23T13:27:43+0200,aa89dba4-771d-4653-9ac4-44e4858bfe00,2026-07-30T13:30:00Z,2026-07-30T15:30:00+0200,352.3,EUR/MWh,BE,BE,imbalance_price,Long,2026-08-23T11:28:30Z
2026-08-23T11:27:43Z,2026-08-23T13:27:43+0200,aa89dba4-771d-4653-9ac4-44e4858bfe00,2026-07-30T13:30:00Z,2026-07-30T15:30:00+0200,352.3,EUR/MWh,BE,BE,imbalance_price,Short,2026-08-23T11:28:30Z
2026-08-23T11:27:43Z,2026-08-23T13:27:43+0200,aa89dba4-771d-4653-9ac4-44e4858bfe00,2026-07-30T13:45:00Z,2026-07-30T15:45:00+0200,249.64,EUR/MWh,BE,BE,imbalance_price,Long,2026-08-23T11:28:30Z
2026-08-23T11:27:43Z,2026-08-23T13:27:43+0200,aa89dba4-771d-4653-9ac4-44e4858bfe00,2026-07-30T13:45:00Z,2026-07-30T15:45:00+0200,249.64,EUR/MWh,BE,BE,imbalance_price,Short,2026-08-23T11:28:30Z
2026-08-23T11:27:43Z,2026-08-23T13:27:43+0200,aa89dba4-771d-4653-9ac4-44e4858bfe00,2026-07-30T14:00:00Z,2026-07-30T16:00:00+0200,90.02,EUR/MWh,BE,BE,imbalance_price,Long,2026-08-23T11:28:30Z
2026-08-23T11:27:43Z,2026-08-23T13:27:43+0200,aa89dba4-771d-4653-9ac4-44e4858bfe00,2026-07-30T14:00:00Z,2026-07-30T16:00:00+0200,90.02,EUR/MWh,BE,BE,imbalance_price,Short,2026-08-23T11:28:30Z
2026-08-23T11:27:43Z,2026-08-23T13:27:43+0200,aa89dba4-771d-4653-9ac4-44e4858bfe00,2026-07-30T14:15:00Z,2026-07-30T16:15:00+0200,84.54,EUR/MWh,BE,BE,imbalance_price,Long,2026-08-23T11:28:30Z
2026-08-23T11:27:43Z,2026-08-23T13:27:43+0200,aa89dba4-771d-4653-9ac4-44e4858bfe00,2026-07-30T14:15:00Z,2026-07-30T16:15:00+0200,84.54,EUR/MWh,BE,BE,imbalance_price,Short,2026-08-23T11:28:30Z
2026-08-23T11:27:43Z,2026-08-23T13:27:43+0200,aa89dba4-771d-4653-9ac4-44e4858bfe00,2026-07-30T14:30:00Z,2026-07-30T16:30:00+0200,231.26,EUR/MWh,BE,BE,imbalance_price,Long,2026-08-23T11:28:30Z
2026-08-23T11:27:43Z,2026-08-23T13:27:43+0200,aa89dba4-771d-4653-9ac4-44e4858bfe00,2026-07-30T14:30:00Z,2026-07-30T16:30:00+0200,231.26,EUR/MWh,BE,BE,imbalance_price,Short,2026-08-23T11:28:30Z
2026-08-23T11:27:43Z,2026-08-23T13:27:43+0200,aa89dba4-771d-4653-9ac4-44e4858bfe00,2026-07-30T14:45:00Z,2026-07-30T16:45:00+0200,20.63,EUR/MWh,BE,BE,imbalance_price,Long,2026-08-23T11:28:30Z
2026-08-23T11:27:43Z,2026-08-23T13:27:43+0200,aa89dba4-771d-4653-9ac4-44e4858bfe00,2026-07-30T14:45:00Z,2026-07-30T16:45:00+0200,20.63,EUR/MWh,BE,BE,imbalance_price,Short,2026-08-23T11:28:30Z
2026-08-23T11:27:43Z,2026-08-23T13:27:43+0200,aa89dba4-771d-4653-9ac4-44e4858bfe00,2026-07-30T15:00:00Z,2026-07-30T17:00:00+0200,17.09,EUR/MWh,BE,BE,imbalance_price,Long,2026-08-23T11:28:30Z
2026-08-23T11:27:43Z,2026-08-23T13:27:43+0200,aa89dba4-771d-4653-9ac4-44e4858bfe00,2026-07-30T15:00:00Z,2026-07-30T17:00:00+0200,17.09,EUR/MWh,BE,BE,imbalance_price,Short,2026-08-23T11:28:30Z
2026-08-23T11:27:43Z,2026-08-23T13:27:43+0200,aa89dba4-771d-4653-9ac4-44e4858bfe00,2026-07-30T15:15:00Z,2026-07-30T17:15:00+0200,5.24,EUR/MWh,BE,BE,imbalance_price,Long,2026-08-23T11:28:30Z
2026-08-23T11:27:43Z,2026-08-23T13:27:43+0200,aa89dba4-771d-4653-9ac4-44e4858bfe00,2026-07-30T15:15:00Z,2026-07-30T17:15:00+0200,5.24,EUR/MWh,BE,BE,imbalance_price,Short,2026-08-23T11:28:30Z
2026-08-23T11:27:43Z,2026-08-23T13:27:43+0200,aa89dba4-771d-4653-9ac4-44e4858bfe00,2026-07-30T15:30:00Z,2026-07-30T17:30:00+0200,43.71,EUR/MWh,BE,BE,imbalance_price,Long,2026-08-23T11:28:30Z
2026-08-23T11:27:43Z,2026-08-23T13:27:43+0200,aa89dba4-771d-4653-9ac4-44e4858bfe00,2026-07-30T15:30:00Z,2026-07-30T17:30:00+0200,43.71,EUR/MWh,BE,BE,imbalance_price,Short,2026-08-23T11:28:30Z
2026-08-23T11:27:43Z,2026-08-23T13:27:43+0200,aa89dba4-771d-4653-9ac4-44e4858bfe00,2026-07-30T15:45:00Z,2026-07-30T17:45:00+0200,116.99,EUR/MWh,BE,BE,imbalance_price,Long,2026-08-23T11:28:30Z
2026-08-23T11:27:43Z,2026-08-23T13:27:43+0200,aa89dba4-771d-4653-9ac4-44e4858bfe00,2026-07-30T15:45:00Z,2026-07-30T17:45:00+0200,116.99,EUR/MWh,BE,BE,imbalance_price,Short,2026-08-23T11:28:30Z
2026-08-23T11:27:43Z,2026-08-23T13:27:43+0200,aa89dba4-771d-4653-9ac4-44e4858bfe00,2026-07-30T16:00:00Z,2026-07-30T18:00:00+0200,109.57,EUR/MWh,BE,BE,imbalance_price,Long,2026-08-23T11:28:30Z
2026-08-23T11:27:43Z,2026-08-23T13:27:43+0200,aa89dba4-771d-4653-9ac4-44e4858bfe00,2026-07-30T16:00:00Z,2026-07-30T18:00:00+0200,109.57,EUR/MWh,BE,BE,imbalance_price,Short,2026-08-23T11:28:30Z
2026-08-23T11:27:43Z,2026-08-23T13:27:43+0200,aa89dba4-771d-4653-9ac4-44e4858bfe00,2026-07-30T16:15:00Z,2026-07-30T18:15:00+0200,145.0,EUR/MWh,BE,BE,imbalance_price,Long,2026-08-23T11:28:30Z
2026-08-23T11:27:43Z,2026-08-23T13:27:43+0200,aa89dba4-771d-4653-9ac4-44e4858bfe00,2026-07-30T16:15:00Z,2026-07-30T18:15:00+0200,145.0,EUR/MWh,BE,BE,imbalance_price,Short,2026-08-23T11:28:30Z
2026-08-23T11:27:43Z,2026-08-23T13:27:43+0200,aa89dba4-771d-4653-9ac4-44e4858bfe00,2026-07-30T16:30:00Z,2026-07-30T18:30:00+0200,205.91,EUR/MWh,BE,BE,imbalance_price,Long,2026-08-23T11:28:30Z
2026-08-23T11:27:43Z,2026-08-23T13:27:43+0200,aa89dba4-771d-4653-9ac4-44e4858bfe00,2026-07-30T16:30:00Z,2026-07-30T18:30:00+0200,205.91,EUR/MWh,BE,BE,imbalance_price,Short,2026-08-23T11:28:30Z
2026-08-23T11:27:43Z,2026-08-23T13:27:43+0200,aa89dba4-771d-4653-9ac4-44e4858bfe00,2026-07-30T16:45:00Z,2026-07-30T18:45:00+0200,196.97,EUR/MWh,BE,BE,imbalance_price,Long,2026-08-23T11:28:30Z
2026-08-23T11:27:43Z,2026-08-23T13:27:43+0200,aa89dba4-771d-4653-9ac4-44e4858bfe00,2026-07-30T16:45:00Z,2026-07-30T18:45:00+0200,196.97,EUR/MWh,BE,BE,imbalance_price,Short,2026-08-23T11:28:30Z
2026-08-23T11:27:43Z,2026-08-23T13:27:43+0200,aa89dba4-771d-4653-9ac4-44e4858bfe00,2026-07-30T17:00:00Z,2026-07-30T19:00:00+0200,128.41,EUR/MWh,BE,BE,imbalance_price,Long,2026-08-23T11:28:30Z
2026-08-23T11:27:43Z,2026-08-23T13:27:43+0200,aa89dba4-771d-4653-9ac4-44e4858bfe00,2026-07-30T17:00:00Z,2026-07-30T19:00:00+0200,128.41,EUR/MWh,BE,BE,imbalance_price,Short,2026-08-23T11:28:30Z
2026-08-23T11:27:43Z,2026-08-23T13:27:43+0200,aa89dba4-771d-4653-9ac4-44e4858bfe00,2026-07-30T17:15:00Z,2026-07-30T19:15:00+0200,200.0,EUR/MWh,BE,BE,imbalance_price,Long,2026-08-23T11:28:30Z
2026-08-23T11:27:43Z,2026-08-23T13:27:43+0200,aa89dba4-771d-4653-9ac4-44e4858bfe00,2026-07-30T17:15:00Z,2026-07-30T19:15:00+0200,200.0,EUR/MWh,BE,BE,imbalance_price,Short,2026-08-23T11:28:30Z
2026-08-23T11:27:43Z,2026-08-23T13:27:43+0200,aa89dba4-771d-4653-9ac4-44e4858bfe00,2026-07-30T17:30:00Z,2026-07-30T19:30:00+0200,198.0,EUR/MWh,BE,BE,imbalance_price,Long,2026-08-23T11:28:30Z
2026-08-23T11:27:43Z,2026-08-23T13:27:43+0200,aa89dba4-771d-4653-9ac4-44e4858bfe00,2026-07-30T17:30:00Z,2026-07-30T19:30:00+0200,198.0,EUR/MWh,BE,BE,imbalance_price,Short,2026-08-23T11:28:30Z
2026-08-23T11:27:43Z,2026-08-23T13:27:43+0200,aa89dba4-771d-4653-9ac4-44e4858bfe00,2026-07-30T17:45:00Z,2026-07-30T19:45:00+0200,189.85,EUR/MWh,BE,BE,imbalance_price,Long,2026-08-23T11:28:30Z
2026-08-23T11:27:43Z,2026-08-23T13:27:43+0200,aa89dba4-771d-4653-9ac4-44e4858bfe00,2026-07-30T17:45:00Z,2026-07-30T19:45:00+0200,189.85,EUR/MWh,BE,BE,imbalance_price,Short,2026-08-23T11:28:30Z
2026-08-23T11:27:43Z,2026-08-23T13:27:43+0200,aa89dba4-771d-4653-9ac4-44e4858bfe00,2026-07-30T18:00:00Z,2026-07-30T20:00:00+0200,210.0,EUR/MWh,BE,BE,imbalance_price,Long,2026-08-23T11:28:30Z
2026-08-23T11:27:43Z,2026-08-23T13:27:43+0200,aa89dba4-771d-4653-9ac4-44e4858bfe00,2026-07-30T18:00:00Z,2026-07-30T20:00:00+0200,210.0,EUR/MWh,BE,BE,imbalance_price,Short,2026-08-23T11:28:30Z
2026-08-23T11:27:43Z,2026-08-23T13:27:43+0200,aa89dba4-771d-4653-9ac4-44e4858bfe00,2026-07-30T18:15:00Z,2026-07-30T20:15:00+0200,213.79,EUR/MWh,BE,BE,imbalance_price,Long,2026-08-23T11:28:30Z
2026-08-23T11:27:43Z,2026-08-23T13:27:43+0200,aa89dba4-771d-4653-9ac4-44e4858bfe00,2026-07-30T18:15:00Z,2026-07-30T20:15:00+0200,213.79,EUR/MWh,BE,BE,imbalance_price,Short,2026-08-23T11:28:30Z
2026-08-23T11:27:43Z,2026-08-23T13:27:43+0200,aa89dba4-771d-4653-9ac4-44e4858bfe00,2026-07-30T18:30:00Z,2026-07-30T20:30:00+0200,213.94,EUR/MWh,BE,BE,imbalance_price,Long,2026-08-23T11:28:30Z
2026-08-23T11:27:43Z,2026-08-23T13:27:43+0200,aa89dba4-771d-4653-9ac4-44e4858bfe00,2026-07-30T18:30:00Z,2026-07-30T20:30:00+0200,213.94,EUR/MWh,BE,BE,imbalance_price,Short,2026-08-23T11:28:30Z
2026-08-23T11:27:43Z,2026-08-23T13:27:43+0200,aa89dba4-771d-4653-9ac4-44e4858bfe00,2026-07-30T18:45:00Z,2026-07-30T20:45:00+0200,214.2,EUR/MWh,BE,BE,imbalance_price,Long,2026-08-23T11:28:30Z
2026-08-23T11:27:43Z,2026-08-23T13:27:43+0200,aa89dba4-771d-4653-9ac4-44e4858bfe00,2026-07-30T18:45:00Z,2026-07-30T20:45:00+0200,214.2,EUR/MWh,BE,BE,imbalance_price,Short,2026-08-23T11:28:30Z
2026-08-23T11:27:43Z,2026-08-23T13:27:43+0200,aa89dba4-771d-4653-9ac4-44e4858bfe00,2026-07-30T19:00:00Z,2026-07-30T21:00:00+0200,182.69,EUR/MWh,BE,BE,imbalance_price,Long,2026-08-23T11:28:30Z
2026-08-23T11:27:43Z,2026-08-23T13:27:43+0200,aa89dba4-771d-4653-9ac4-44e4858bfe00,2026-07-30T19:00:00Z,2026-07-30T21:00:00+0200,182.69,EUR/MWh,BE,BE,imbalance_price,Short,2026-08-23T11:28:30Z
2026-08-23T11:27:43Z,2026-08-23T13:27:43+0200,aa89dba4-771d-4653-9ac4-44e4858bfe00,2026-07-30T19:15:00Z,2026-07-30T21:15:00+0200,177.85,EUR/MWh,BE,BE,imbalance_price,Long,2026-08-23T11:28:30Z
2026-08-23T11:27:43Z,2026-08-23T13:27:43+0200,aa89dba4-771d-4653-9ac4-44e4858bfe00,2026-07-30T19:15:00Z,2026-07-30T21:15:00+0200,177.85,EUR/MWh,BE,BE,imbalance_price,Short,2026-08-23T11:28:30Z
2026-08-23T11:27:43Z,2026-08-23T13:27:43+0200,aa89dba4-771d-4653-9ac4-44e4858bfe00,2026-07-30T19:30:00Z,2026-07-30T21:30:00+0200,179.39,EUR/MWh,BE,BE,imbalance_price,Long,2026-08-23T11:28:30Z
2026-08-23T11:27:43Z,2026-08-23T13:27:43+0200,aa89dba4-771d-4653-9ac4-44e4858bfe00,2026-07-30T19:30:00Z,2026-07-30T21:30:00+0200,179.39,EUR/MWh,BE,BE,imbalance_price,Short,2026-08-23T11:28:30Z
2026-08-23T11:27:43Z,2026-08-23T13:27:43+0200,aa89dba4-771d-4653-9ac4-44e4858bfe00,2026-07-30T19:45:00Z,2026-07-30T21:45:00+0200,168.55,EUR/MWh,BE,BE,imbalance_price,Long,2026-08-23T11:28:30Z
2026-08-23T11:27:43Z,2026-08-23T13:27:43+0200,aa89dba4-771d-4653-9ac4-44e4858bfe00,2026-07-30T19:45:00Z,2026-07-30T21:45:00+0200,168.55,EUR/MWh,BE,BE,imbalance_price,Short,2026-08-23T11:28:30Z
2026-08-23T11:27:43Z,2026-08-23T13:27:43+0200,aa89dba4-771d-4653-9ac4-44e4858bfe00,2026-07-30T20:00:00Z,2026-07-30T22:00:00+0200,170.82,EUR/MWh,BE,BE,imbalance_price,Long,2026-08-23T11:28:30Z
2026-08-23T11:27:43Z,2026-08-23T13:27:43+0200,aa89dba4-771d-4653-9ac4-44e4858bfe00,2026-07-30T20:00:00Z,2026-07-30T22:00:00+0200,170.82,EUR/MWh,BE,BE,imbalance_price,Short,2026-08-23T11:28:30Z
2026-08-23T11:27:43Z,2026-08-23T13:27:43+0200,aa89dba4-771d-4653-9ac4-44e4858bfe00,2026-07-30T20:15:00Z,2026-07-30T22:15:00+0200,179.72,EUR/MWh,BE,BE,imbalance_price,Long,2026-08-23T11:28:30Z
2026-08-23T11:27:43Z,2026-08-23T13:27:43+0200,aa89dba4-771d-4653-9ac4-44e4858bfe00,2026-07-30T20:15:00Z,2026-07-30T22:15:00+0200,179.72,EUR/MWh,BE,BE,imbalance_price,Short,2026-08-23T11:28:30Z
2026-08-23T11:27:43Z,2026-08-23T13:27:43+0200,aa89dba4-771d-4653-9ac4-44e4858bfe00,2026-07-30T20:30:00Z,2026-07-30T22:30:00+0200,170.84,EUR/MWh,BE,BE,imbalance_price,Long,2026-08-23T11:28:30Z
2026-08-23T11:27:43Z,2026-08-23T13:27:43+0200,aa89dba4-771d-4653-9ac4-44e4858bfe00,2026-07-30T20:30:00Z,2026-07-30T22:30:00+0200,170.84,EUR/MWh,BE,BE,imbalance_price,Short,2026-08-23T11:28:30Z
2026-08-23T11:27:43Z,2026-08-23T13:27:43+0200,aa89dba4-771d-4653-9ac4-44e4858bfe00,2026-07-30T20:45:00Z,2026-07-30T22:45:00+0200,181.56,EUR/MWh,BE,BE,imbalance_price,Long,2026-08-23T11:28:30Z
2026-08-23T11:27:43Z,2026-08-23T13:27:43+0200,aa89dba4-771d-4653-9ac4-44e4858bfe00,2026-07-30T20:45:00Z,2026-07-30T22:45:00+0200,181.56,EUR/MWh,BE,BE,imbalance_price,Short,2026-08-23T11:28:30Z
2026-08-23T11:27:43Z,2026-08-23T13:27:43+0200,aa89dba4-771d-4653-9ac4-44e4858bfe00,2026-07-30T21:00:00Z,2026-07-30T23:00:00+0200,182.75,EUR/MWh,BE,BE,imbalance_price,Long,2026-08-23T11:28:30Z
2026-08-23T11:27:43Z,2026-08-23T13:27:43+0200,aa89dba4-771d-4653-9ac4-44e4858bfe00,2026-07-30T21:00:00Z,2026-07-30T23:00:00+0200,182.75,EUR/MWh,BE,BE,imbalance_price,Short,2026-08-23T11:28:30Z
2026-08-23T11:27:43Z,2026-08-23T13:27:43+0200,aa89dba4-771d-4653-9ac4-44e4858bfe00,2026-07-30T21:15:00Z,2026-07-30T23:15:00+0200,182.49,EUR/MWh,BE,BE,imbalance_price,Long,2026-08-23T11:28:30Z
2026-08-23T11:27:43Z,2026-08-23T13:27:43+0200,aa89dba4-771d-4653-9ac4-44e4858bfe00,2026-07-30T21:15:00Z,2026-07-30T23:15:00+0200,182.49,EUR/MWh,BE,BE,imbalance_price,Short,2026-08-23T11:28:30Z
2026-08-23T11:27:43Z,2026-08-23T13:27:43+0200,aa89dba4-771d-4653-9ac4-44e4858bfe00,2026-07-30T21:30:00Z,2026-07-30T23:30:00+0200,178.07,EUR/MWh,BE,BE,imbalance_price,Long,2026-08-23T11:28:30Z
2026-08-23T11:27:43Z,2026-08-23T13:27:43+0200,aa89dba4-771d-4653-9ac4-44e4858bfe00,2026-07-30T21:30:00Z,2026-07-30T23:30:00+0200,178.07,EUR/MWh,BE,BE,imbalance_price,Short,2026-08-23T11:28:30Z
2026-08-23T11:27:43Z,2026-08-23T13:27:43+0200,aa89dba4-771d-4653-9ac4-44e4858bfe00,2026-07-30T21:45:00Z,2026-07-30T23:45:00+0200,182.31,EUR/MWh,BE,BE,imbalance_price,Long,2026-08-23T11:28:30Z
2026-08-23T11:27:43Z,2026-08-23T13:27:43+0200,aa89dba4-771d-4653-9ac4-44e4858bfe00,2026-07-30T21:45:00Z,2026-07-30T23:45:00+0200,182.31,EUR/MWh,BE,BE,imbalance_price,Short,2026-08-23T11:28:30Z
2026-08-23T11:27:43Z,2026-08-23T13:27:43+0200,aa89dba4-771d-4653-9ac4-44e4858bfe00,2026-07-30T22:00:00Z,2026-07-31T00:00:00+0200,182.43,EUR/MWh,BE,BE,imbalance_price,Long,2026-08-23T11:28:30Z
2026-08-23T11:27:43Z,2026-08-23T13:27:43+0200,aa89dba4-771d-4653-9ac4-44e4858bfe00,2026-07-30T22:00:00Z,2026-07-31T00:00:00+0200,182.43,EUR/MWh,BE,BE,imbalance_price,Short,2026-08-23T11:28:30Z
2026-08-23T11:27:43Z,2026-08-23T13:27:43+0200,aa89dba4-771d-4653-9ac4-44e4858bfe00,2026-07-30T22:15:00Z,2026-07-31T00:15:00+0200,183.34,EUR/MWh,BE,BE,imbalance_price,Long,2026-08-23T11:28:30Z
2026-08-23T11:27:43Z,2026-08-23T13:27:43+0200,aa89dba4-771d-4653-9ac4-44e4858bfe00,2026-07-30T22:15:00Z,2026-07-31T00:15:00+0200,183.34,EUR/MWh,BE,BE,imbalance_price,Short,2026-08-23T11:28:30Z
2026-08-23T11:27:43Z,2026-08-23T13:27:43+0200,aa89dba4-771d-4653-9ac4-44e4858bfe00,2026-07-30T22:30:00Z,2026-07-31T00:30:00+0200,170.13,EUR/MWh,BE,BE,imbalance_price,Long,2026-08-23T11:28:30Z
2026-08-23T11:27:43Z,2026-08-23T13:27:43+0200,aa89dba4-771d-4653-9ac4-44e4858bfe00,2026-07-30T22:30:00Z,2026-07-31T00:30:00+0200,170.13,EUR/MWh,BE,BE,imbalance_price,Short,2026-08-23T11:28:30Z
2026-08-23T11:27:43Z,2026-08-23T13:27:43+0200,aa89dba4-771d-4653-9ac4-44e4858bfe00,2026-07-30T22:45:00Z,2026-07-31T00:45:00+0200,171.42,EUR/MWh,BE,BE,imbalance_price,Long,2026-08-23T11:28:30Z
2026-08-23T11:27:43Z,2026-08-23T13:27:43+0200,aa89dba4-771d-4653-9ac4-44e4858bfe00,2026-07-30T22:45:00Z,2026-07-31T00:45:00+0200,171.42,EUR/MWh,BE,BE,imbalance_price,Short,2026-08-23T11:28:30Z
2026-08-23T11:27:43Z,2026-08-23T13:27:43+0200,aa89dba4-771d-4653-9ac4-44e4858bfe00,2026-07-30T23:00:00Z,2026-07-31T01:00:00+0200,166.0,EUR/MWh,BE,BE,imbalance_price,Long,2026-08-23T11:28:30Z
2026-08-23T11:27:43Z,2026-08-23T13:27:43+0200,aa89dba4-771d-4653-9ac4-44e4858bfe00,2026-07-30T23:00:00Z,2026-07-31T01:00:00+0200,166.0,EUR/MWh,BE,BE,imbalance_price,Short,2026-08-23T11:28:30Z
2026-08-23T11:27:43Z,2026-08-23T13:27:43+0200,aa89dba4-771d-4653-9ac4-44e4858bfe00,2026-07-30T23:15:00Z,2026-07-31T01:15:00+0200,167.03,EUR/MWh,BE,BE,imbalance_price,Long,2026-08-23T11:28:30Z
2026-08-23T11:27:43Z,2026-08-23T13:27:43+0200,aa89dba4-771d-4653-9ac4-44e4858bfe00,2026-07-30T23:15:00Z,2026-07-31T01:15:00+0200,167.03,EUR/MWh,BE,BE,imbalance_price,Short,2026-08-23T11:28:30Z
2026-08-23T11:27:43Z,2026-08-23T13:27:43+0200,aa89dba4-771d-4653-9ac4-44e4858bfe00,2026-07-30T23:30:00Z,2026-07-31T01:30:00+0200,173.81,EUR/MWh,BE,BE,imbalance_price,Long,2026-08-23T11:28:30Z
2026-08-23T11:27:43Z,2026-08-23T13:27:43+0200,aa89dba4-771d-4653-9ac4-44e4858bfe00,2026-07-30T23:30:00Z,2026-07-31T01:30:00+0200,173.81,EUR/MWh,BE,BE,imbalance_price,Short,2026-08-23T11:28:30Z
2026-08-23T11:27:43Z,2026-08-23T13:27:43+0200,aa89dba4-771d-4653-9ac4-44e4858bfe00,2026-07-30T23:45:00Z,2026-07-31T01:45:00+0200,171.68,EUR/MWh,BE,BE,imbalance_price,Long,2026-08-23T11:28:30Z
2026-08-23T11:27:43Z,2026-08-23T13:27:43+0200,aa89dba4-771d-4653-9ac4-44e4858bfe00,2026-07-30T23:45:00Z,2026-07-31T01:45:00+0200,171.68,EUR/MWh,BE,BE,imbalance_price,Short,2026-08-23T11:28:30Z
2026-08-23T11:27:43Z,2026-08-23T13:27:43+0200,aa89dba4-771d-4653-9ac4-44e4858bfe00,2026-07-31T00:00:00Z,2026-07-31T02:00:00+0200,158.59,EUR/MWh,BE,BE,imbalance_price,Long,2026-08-23T11:28:30Z
2026-08-23T11:27:43Z,2026-08-23T13:27:43+0200,aa89dba4-771d-4653-9ac4-44e4858bfe00,2026-07-31T00:00:00Z,2026-07-31T02:00:00+0200,158.59,EUR/MWh,BE,BE,imbalance_price,Short,2026-08-23T11:28:30Z
2026-08-23T11:27:43Z,2026-08-23T13:27:43+0200,aa89dba4-771d-4653-9ac4-44e4858bfe00,2026-07-31T00:15:00Z,2026-07-31T02:15:00+0200,175.12,EUR/MWh,BE,BE,imbalance_price,Long,2026-08-23T11:28:30Z
2026-08-23T11:27:43Z,2026-08-23T13:27:43+0200,aa89dba4-771d-4653-9ac4-44e4858bfe00,2026-07-31T00:15:00Z,2026-07-31T02:15:00+0200,175.12,EUR/MWh,BE,BE,imbalance_price,Short,2026-08-23T11:28:30Z
2026-08-23T11:27:43Z,2026-08-23T13:27:43+0200,aa89dba4-771d-4653-9ac4-44e4858bfe00,2026-07-31T00:30:00Z,2026-07-31T02:30:00+0200,169.53,EUR/MWh,BE,BE,imbalance_price,Long,2026-08-23T11:28:30Z
2026-08-23T11:27:43Z,2026-08-23T13:27:43+0200,aa89dba4-771d-4653-9ac4-44e4858bfe00,2026-07-31T00:30:00Z,2026-07-31T02:30:00+0200,169.53,EUR/MWh,BE,BE,imbalance_price,Short,2026-08-23T11:28:30Z
2026-08-23T11:27:43Z,2026-08-23T13:27:43+0200,aa89dba4-771d-4653-9ac4-44e4858bfe00,2026-07-31T00:45:00Z,2026-07-31T02:45:00+0200,152.08,EUR/MWh,BE,BE,imbalance_price,Long,2026-08-23T11:28:30Z
2026-08-23T11:27:43Z,2026-08-23T13:27:43+0200,aa89dba4-771d-4653-9ac4-44e4858bfe00,2026-07-31T00:45:00Z,2026-07-31T02:45:00+0200,152.08,EUR/MWh,BE,BE,imbalance_price,Short,2026-08-23T11:28:30Z
2026-08-23T11:27:43Z,2026-08-23T13:27:43+0200,aa89dba4-771d-4653-9ac4-44e4858bfe00,2026-07-31T01:00:00Z,2026-07-31T03:00:00+0200,150.83,EUR/MWh,BE,BE,imbalance_price,Long,2026-08-23T11:28:30Z
2026-08-23T11:27:43Z,2026-08-23T13:27:43+0200,aa89dba4-771d-4653-9ac4-44e4858bfe00,2026-07-31T01:00:00Z,2026-07-31T03:00:00+0200,150.83,EUR/MWh,BE,BE,imbalance_price,Short,2026-08-23T11:28:30Z
2026-08-23T11:27:43Z,2026-08-23T13:27:43+0200,aa89dba4-771d-4653-9ac4-44e4858bfe00,2026-07-31T01:15:00Z,2026-07-31T03:15:00+0200,144.44,EUR/MWh,BE,BE,imbalance_price,Long,2026-08-23T11:28:30Z
2026-08-23T11:27:43Z,2026-08-23T13:27:43+0200,aa89dba4-771d-4653-9ac4-44e4858bfe00,2026-07-31T01:15:00Z,2026-07-31T03:15:00+0200,144.44,EUR/MWh,BE,BE,imbalance_price,Short,2026-08-23T11:28:30Z
2026-08-23T11:27:43Z,2026-08-23T13:27:43+0200,aa89dba4-771d-4653-9ac4-44e4858bfe00,2026-07-31T01:30:00Z,2026-07-31T03:30:00+0200,162.26,EUR/MWh,BE,BE,imbalance_price,Long,2026-08-23T11:28:30Z
2026-08-23T11:27:43Z,2026-08-23T13:27:43+0200,aa89dba4-771d-4653-9ac4-44e4858bfe00,2026-07-31T01:30:00Z,2026-07-31T03:30:00+0200,162.26,EUR/MWh,BE,BE,imbalance_price,Short,2026-08-23T11:28:30Z
2026-08-23T11:27:43Z,2026-08-23T13:27:43+0200,aa89dba4-771d-4653-9ac4-44e4858bfe00,2026-07-31T01:45:00Z,2026-07-31T03:45:00+0200,173.27,EUR/MWh,BE,BE,imbalance_price,Long,2026-08-23T11:28:30Z
2026-08-23T11:27:43Z,2026-08-23T13:27:43+0200,aa89dba4-771d-4653-9ac4-44e4858bfe00,2026-07-31T01:45:00Z,2026-07-31T03:45:00+0200,173.27,EUR/MWh,BE,BE,imbalance_price,Short,2026-08-23T11:28:30Z
2026-08-23T11:27:43Z,2026-08-23T13:27:43+0200,aa89dba4-771d-4653-9ac4-44e4858bfe00,2026-07-31T02:00:00Z,2026-07-31T04:00:00+0200,170.33,EUR/MWh,BE,BE,imbalance_price,Long,2026-08-23T11:28:30Z
2026-08-23T11:27:43Z,2026-08-23T13:27:43+0200,aa89dba4-771d-4653-9ac4-44e4858bfe00,2026-07-31T02:00:00Z,2026-07-31T04:00:00+0200,170.33,EUR/MWh,BE,BE,imbalance_price,Short,2026-08-23T11:28:30Z
2026-08-23T11:27:43Z,2026-08-23T13:27:43+0200,aa89dba4-771d-4653-9ac4-44e4858bfe00,2026-07-31T02:15:00Z,2026-07-31T04:15:00+0200,157.4,EUR/MWh,BE,BE,imbalance_price,Long,2026-08-23T11:28:30Z
2026-08-23T11:27:43Z,2026-08-23T13:27:43+0200,aa89dba4-771d-4653-9ac4-44e4858bfe00,2026-07-31T02:15:00Z,2026-07-31T04:15:00+0200,157.4,EUR/MWh,BE,BE,imbalance_price,Short,2026-08-23T11:28:30Z
2026-08-23T11:27:43Z,2026-08-23T13:27:43+0200,aa89dba4-771d-4653-9ac4-44e4858bfe00,2026-07-31T02:30:00Z,2026-07-31T04:30:00+0200,151.26,EUR/MWh,BE,BE,imbalance_price,Long,2026-08-23T11:28:30Z
2026-08-23T11:27:43Z,2026-08-23T13:27:43+0200,aa89dba4-771d-4653-9ac4-44e4858bfe00,2026-07-31T02:30:00Z,2026-07-31T04:30:00+0200,151.26,EUR/MWh,BE,BE,imbalance_price,Short,2026-08-23T11:28:30Z
2026-08-23T11:27:43Z,2026-08-23T13:27:43+0200,aa89dba4-771d-4653-9ac4-44e4858bfe00,2026-07-31T02:45:00Z,2026-07-31T04:45:00+0200,173.42,EUR/MWh,BE,BE,imbalance_price,Long,2026-08-23T11:28:30Z
2026-08-23T11:27:43Z,2026-08-23T13:27:43+0200,aa89dba4-771d-4653-9ac4-44e4858bfe00,2026-07-31T02:45:00Z,2026-07-31T04:45:00+0200,173.42,EUR/MWh,BE,BE,imbalance_price,Short,2026-08-23T11:28:30Z
2026-08-23T11:27:43Z,2026-08-23T13:27:43+0200,aa89dba4-771d-4653-9ac4-44e4858bfe00,2026-07-31T03:00:00Z,2026-07-31T05:00:00+0200,171.68,EUR/MWh,BE,BE,imbalance_price,Long,2026-08-23T11:28:30Z
2026-08-23T11:27:43Z,2026-08-23T13:27:43+0200,aa89dba4-771d-4653-9ac4-44e4858bfe00,2026-07-31T03:00:00Z,2026-07-31T05:00:00+0200,171.68,EUR/MWh,BE,BE,imbalance_price,Short,2026-08-23T11:28:30Z
2026-08-23T11:27:43Z,2026-08-23T13:27:43+0200,aa89dba4-771d-4653-9ac4-44e4858bfe00,2026-07-31T03:15:00Z,2026-07-31T05:15:00+0200,175.68,EUR/MWh,BE,BE,imbalance_price,Long,2026-08-23T11:28:30Z
2026-08-23T11:27:43Z,2026-08-23T13:27:43+0200,aa89dba4-771d-4653-9ac4-44e4858bfe00,2026-07-31T03:15:00Z,2026-07-31T05:15:00+0200,175.68,EUR/MWh,BE,BE,imbalance_price,Short,2026-08-23T11:28:30Z
2026-08-23T11:27:43Z,2026-08-23T13:27:43+0200,aa89dba4-771d-4653-9ac4-44e4858bfe00,2026-07-31T03:30:00Z,2026-07-31T05:30:00+0200,177.46,EUR/MWh,BE,BE,imbalance_price,Long,2026-08-23T11:28:30Z
2026-08-23T11:27:43Z,2026-08-23T13:27:43+0200,aa89dba4-771d-4653-9ac4-44e4858bfe00,2026-07-31T03:30:00Z,2026-07-31T05:30:00+0200,177.46,EUR/MWh,BE,BE,imbalance_price,Short,2026-08-23T11:28:30Z
2026-08-23T11:27:43Z,2026-08-23T13:27:43+0200,aa89dba4-771d-4653-9ac4-44e4858bfe00,2026-07-31T03:45:00Z,2026-07-31T05:45:00+0200,175.24,EUR/MWh,BE,BE,imbalance_price,Long,2026-08-23T11:28:30Z
2026-08-23T11:27:43Z,2026-08-23T13:27:43+0200,aa89dba4-771d-4653-9ac4-44e4858bfe00,2026-07-31T03:45:00Z,2026-07-31T05:45:00+0200,175.24,EUR/MWh,BE,BE,imbalance_price,Short,2026-08-23T11:28:30Z
2026-08-23T11:27:43Z,2026-08-23T13:27:43+0200,aa89dba4-771d-4653-9ac4-44e4858bfe00,2026-07-31T04:00:00Z,2026-07-31T06:00:00+0200,177.45,EUR/MWh,BE,BE,imbalance_price,Long,2026-08-23T11:28:30Z
2026-08-23T11:27:43Z,2026-08-23T13:27:43+0200,aa89dba4-771d-4653-9ac4-44e4858bfe00,2026-07-31T04:00:00Z,2026-07-31T06:00:00+0200,177.45,EUR/MWh,BE,BE,imbalance_price,Short,2026-08-23T11:28:30Z
2026-08-23T11:27:43Z,2026-08-23T13:27:43+0200,aa89dba4-771d-4653-9ac4-44e4858bfe00,2026-07-31T04:15:00Z,2026-07-31T06:15:00+0200,183.13,EUR/MWh,BE,BE,imbalance_price,Long,2026-08-23T11:28:30Z
2026-08-23T11:27:43Z,2026-08-23T13:27:43+0200,aa89dba4-771d-4653-9ac4-44e4858bfe00,2026-07-31T04:15:00Z,2026-07-31T06:15:00+0200,183.13,EUR/MWh,BE,BE,imbalance_price,Short,2026-08-23T11:28:30Z
2026-08-23T11:27:43Z,2026-08-23T13:27:43+0200,aa89dba4-771d-4653-9ac4-44e4858bfe00,2026-07-31T04:30:00Z,2026-07-31T06:30:00+0200,174.24,EUR/MWh,BE,BE,imbalance_price,Long,2026-08-23T11:28:30Z
2026-08-23T11:27:43Z,2026-08-23T13:27:43+0200,aa89dba4-771d-4653-9ac4-44e4858bfe00,2026-07-31T04:30:00Z,2026-07-31T06:30:00+0200,174.24,EUR/MWh,BE,BE,imbalance_price,Short,2026-08-23T11:28:30Z
2026-08-23T11:27:43Z,2026-08-23T13:27:43+0200,aa89dba4-771d-4653-9ac4-44e4858bfe00,2026-07-31T04:45:00Z,2026-07-31T06:45:00+0200,172.36,EUR/MWh,BE,BE,imbalance_price,Long,2026-08-23T11:28:30Z
2026-08-23T11:27:43Z,2026-08-23T13:27:43+0200,aa89dba4-771d-4653-9ac4-44e4858bfe00,2026-07-31T04:45:00Z,2026-07-31T06:45:00+0200,172.36,EUR/MWh,BE,BE,imbalance_price,Short,2026-08-23T11:28:30Z
2026-08-23T11:27:43Z,2026-08-23T13:27:43+0200,aa89dba4-771d-4653-9ac4-44e4858bfe00,2026-07-31T05:00:00Z,2026-07-31T07:00:00+0200,176.22,EUR/MWh,BE,BE,imbalance_price,Long,2026-08-23T11:28:30Z
2026-08-23T11:27:43Z,2026-08-23T13:27:43+0200,aa89dba4-771d-4653-9ac4-44e4858bfe00,2026-07-31T05:00:00Z,2026-07-31T07:00:00+0200,176.22,EUR/MWh,BE,BE,imbalance_price,Short,2026-08-23T11:28:30Z
2026-08-23T11:27:43Z,2026-08-23T13:27:43+0200,aa89dba4-771d-4653-9ac4-44e4858bfe00,2026-07-31T05:15:00Z,2026-07-31T07:15:00+0200,156.53,EUR/MWh,BE,BE,imbalance_price,Long,2026-08-23T11:28:30Z
2026-08-23T11:27:43Z,2026-08-23T13:27:43+0200,aa89dba4-771d-4653-9ac4-44e4858bfe00,2026-07-31T05:15:00Z,2026-07-31T07:15:00+0200,156.53,EUR/MWh,BE,BE,imbalance_price,Short,2026-08-23T11:28:30Z
2026-08-23T11:27:43Z,2026-08-23T13:27:43+0200,aa89dba4-771d-4653-9ac4-44e4858bfe00,2026-07-31T05:30:00Z,2026-07-31T07:30:00+0200,168.55,EUR/MWh,BE,BE,imbalance_price,Long,2026-08-23T11:28:30Z
2026-08-23T11:27:43Z,2026-08-23T13:27:43+0200,aa89dba4-771d-4653-9ac4-44e4858bfe00,2026-07-31T05:30:00Z,2026-07-31T07:30:00+0200,168.55,EUR/MWh,BE,BE,imbalance_price,Short,2026-08-23T11:28:30Z
2026-08-23T11:27:43Z,2026-08-23T13:27:43+0200,aa89dba4-771d-4653-9ac4-44e4858bfe00,2026-07-31T05:45:00Z,2026-07-31T07:45:00+0200,154.91,EUR/MWh,BE,BE,imbalance_price,Long,2026-08-23T11:28:30Z
2026-08-23T11:27:43Z,2026-08-23T13:27:43+0200,aa89dba4-771d-4653-9ac4-44e4858bfe00,2026-07-31T05:45:00Z,2026-07-31T07:45:00+0200,154.91,EUR/MWh,BE,BE,imbalance_price,Short,2026-08-23T11:28:30Z
2026-08-23T11:27:43Z,2026-08-23T13:27:43+0200,aa89dba4-771d-4653-9ac4-44e4858bfe00,2026-07-31T06:00:00Z,2026-07-31T08:00:00+0200,157.59,EUR/MWh,BE,BE,imbalance_price,Long,2026-08-23T11:28:30Z
2026-08-23T11:27:43Z,2026-08-23T13:27:43+0200,aa89dba4-771d-4653-9ac4-44e4858bfe00,2026-07-31T06:00:00Z,2026-07-31T08:00:00+0200,157.59,EUR/MWh,BE,BE,imbalance_price,Short,2026-08-23T11:28:30Z
2026-08-23T11:27:43Z,2026-08-23T13:27:43+0200,aa89dba4-771d-4653-9ac4-44e4858bfe00,2026-07-31T06:15:00Z,2026-07-31T08:15:00+0200,163.35,EUR/MWh,BE,BE,imbalance_price,Long,2026-08-23T11:28:30Z
2026-08-23T11:27:43Z,2026-08-23T13:27:43+0200,aa89dba4-771d-4653-9ac4-44e4858bfe00,2026-07-31T06:15:00Z,2026-07-31T08:15:00+0200,163.35,EUR/MWh,BE,BE,imbalance_price,Short,2026-08-23T11:28:30Z
2026-08-23T11:27:43Z,2026-08-23T13:27:43+0200,aa89dba4-771d-4653-9ac4-44e4858bfe00,2026-07-31T06:30:00Z,2026-07-31T08:30:00+0200,125.53,EUR/MWh,BE,BE,imbalance_price,Long,2026-08-23T11:28:30Z
2026-08-23T11:27:43Z,2026-08-23T13:27:43+0200,aa89dba4-771d-4653-9ac4-44e4858bfe00,2026-07-31T06:30:00Z,2026-07-31T08:30:00+0200,125.53,EUR/MWh,BE,BE,imbalance_price,Short,2026-08-23T11:28:30Z
2026-08-23T11:27:43Z,2026-08-23T13:27:43+0200,aa89dba4-771d-4653-9ac4-44e4858bfe00,2026-07-31T06:45:00Z,2026-07-31T08:45:00+0200,125.1,EUR/MWh,BE,BE,imbalance_price,Long,2026-08-23T11:28:30Z
2026-08-23T11:27:43Z,2026-08-23T13:27:43+0200,aa89dba4-771d-4653-9ac4-44e4858bfe00,2026-07-31T06:45:00Z,2026-07-31T08:45:00+0200,125.1,EUR/MWh,BE,BE,imbalance_price,Short,2026-08-23T11:28:30Z
2026-08-23T11:27:43Z,2026-08-23T13:27:43+0200,aa89dba4-771d-4653-9ac4-44e4858bfe00,2026-07-31T07:00:00Z,2026-07-31T09:00:00+0200,112.08,EUR/MWh,BE,BE,imbalance_price,Long,2026-08-23T11:28:30Z
2026-08-23T11:27:43Z,2026-08-23T13:27:43+0200,aa89dba4-771d-4653-9ac4-44e4858bfe00,2026-07-31T07:00:00Z,2026-07-31T09:00:00+0200,112.08,EUR/MWh,BE,BE,imbalance_price,Short,2026-08-23T11:28:30Z
2026-08-23T11:27:43Z,2026-08-23T13:27:43+0200,aa89dba4-771d-4653-9ac4-44e4858bfe00,2026-07-31T07:15:00Z,2026-07-31T09:15:00+0200,111.28,EUR/MWh,BE,BE,imbalance_price,Long,2026-08-23T11:28:30Z
2026-08-23T11:27:43Z,2026-08-23T13:27:43+0200,aa89dba4-771d-4653-9ac4-44e4858bfe00,2026-07-31T07:15:00Z,2026-07-31T09:15:00+0200,111.28,EUR/MWh,BE,BE,imbalance_price,Short,2026-08-23T11:28:30Z
2026-08-23T11:27:43Z,2026-08-23T13:27:43+0200,aa89dba4-771d-4653-9ac4-44e4858bfe00,2026-07-31T07:30:00Z,2026-07-31T09:30:00+0200,111.73,EUR/MWh,BE,BE,imbalance_price,Long,2026-08-23T11:28:30Z
2026-08-23T11:27:43Z,2026-08-23T13:27:43+0200,aa89dba4-771d-4653-9ac4-44e4858bfe00,2026-07-31T07:30:00Z,2026-07-31T09:30:00+0200,111.73,EUR/MWh,BE,BE,imbalance_price,Short,2026-08-23T11:28:30Z
2026-08-23T11:27:43Z,2026-08-23T13:27:43+0200,aa89dba4-771d-4653-9ac4-44e4858bfe00,2026-07-31T07:45:00Z,2026-07-31T09:45:00+0200,117.0,EUR/MWh,BE,BE,imbalance_price,Long,2026-08-23T11:28:30Z
2026-08-23T11:27:43Z,2026-08-23T13:27:43+0200,aa89dba4-771d-4653-9ac4-44e4858bfe00,2026-07-31T07:45:00Z,2026-07-31T09:45:00+0200,117.0,EUR/MWh,BE,BE,imbalance_price,Short,2026-08-23T11:28:30Z
2026-08-23T11:27:43Z,2026-08-23T13:27:43+0200,aa89dba4-771d-4653-9ac4-44e4858bfe00,2026-07-31T08:00:00Z,2026-07-31T10:00:00+0200,111.85,EUR/MWh,BE,BE,imbalance_price,Long,2026-08-23T11:28:30Z
2026-08-23T11:27:43Z,2026-08-23T13:27:43+0200,aa89dba4-771d-4653-9ac4-44e4858bfe00,2026-07-31T08:00:00Z,2026-07-31T10:00:00+0200,111.85,EUR/MWh,BE,BE,imbalance_price,Short,2026-08-23T11:28:30Z
2026-08-23T11:27:43Z,2026-08-23T13:27:43+0200,aa89dba4-771d-4653-9ac4-44e4858bfe00,2026-07-31T08:15:00Z,2026-07-31T10:15:00+0200,91.3,EUR/MWh,BE,BE,imbalance_price,Long,2026-08-23T11:28:30Z
2026-08-23T11:27:43Z,2026-08-23T13:27:43+0200,aa89dba4-771d-4653-9ac4-44e4858bfe00,2026-07-31T08:15:00Z,2026-07-31T10:15:00+0200,91.3,EUR/MWh,BE,BE,imbalance_price,Short,2026-08-23T11:28:30Z
2026-08-23T11:27:43Z,2026-08-23T13:27:43+0200,aa89dba4-771d-4653-9ac4-44e4858bfe00,2026-07-31T08:30:00Z,2026-07-31T10:30:00+0200,95.78,EUR/MWh,BE,BE,imbalance_price,Long,2026-08-23T11:28:30Z
2026-08-23T11:27:43Z,2026-08-23T13:27:43+0200,aa89dba4-771d-4653-9ac4-44e4858bfe00,2026-07-31T08:30:00Z,2026-07-31T10:30:00+0200,95.78,EUR/MWh,BE,BE,imbalance_price,Short,2026-08-23T11:28:30Z
2026-08-23T11:27:43Z,2026-08-23T13:27:43+0200,aa89dba4-771d-4653-9ac4-44e4858bfe00,2026-07-31T08:45:00Z,2026-07-31T10:45:00+0200,50.77,EUR/MWh,BE,BE,imbalance_price,Long,2026-08-23T11:28:30Z
2026-08-23T11:27:43Z,2026-08-23T13:27:43+0200,aa89dba4-771d-4653-9ac4-44e4858bfe00,2026-07-31T08:45:00Z,2026-07-31T10:45:00+0200,50.77,EUR/MWh,BE,BE,imbalance_price,Short,2026-08-23T11:28:30Z
2026-08-23T11:27:43Z,2026-08-23T13:27:43+0200,aa89dba4-771d-4653-9ac4-44e4858bfe00,2026-07-31T09:00:00Z,2026-07-31T11:00:00+0200,75.82,EUR/MWh,BE,BE,imbalance_price,Long,2026-08-23T11:28:30Z
2026-08-23T11:27:43Z,2026-08-23T13:27:43+0200,aa89dba4-771d-4653-9ac4-44e4858bfe00,2026-07-31T09:00:00Z,2026-07-31T11:00:00+0200,75.82,EUR/MWh,BE,BE,imbalance_price,Short,2026-08-23T11:28:30Z
2026-08-23T11:27:43Z,2026-08-23T13:27:43+0200,aa89dba4-771d-4653-9ac4-44e4858bfe00,2026-07-31T09:15:00Z,2026-07-31T11:15:00+0200,73.03,EUR/MWh,BE,BE,imbalance_price,Long,2026-08-23T11:28:30Z
2026-08-23T11:27:43Z,2026-08-23T13:27:43+0200,aa89dba4-771d-4653-9ac4-44e4858bfe00,2026-07-31T09:15:00Z,2026-07-31T11:15:00+0200,73.03,EUR/MWh,BE,BE,imbalance_price,Short,2026-08-23T11:28:30Z
2026-08-23T11:27:43Z,2026-08-23T13:27:43+0200,aa89dba4-771d-4653-9ac4-44e4858bfe00,2026-07-31T09:30:00Z,2026-07-31T11:30:00+0200,55.44,EUR/MWh,BE,BE,imbalance_price,Long,2026-08-23T11:28:30Z
2026-08-23T11:27:43Z,2026-08-23T13:27:43+0200,aa89dba4-771d-4653-9ac4-44e4858bfe00,2026-07-31T09:30:00Z,2026-07-31T11:30:00+0200,55.44,EUR/MWh,BE,BE,imbalance_price,Short,2026-08-23T11:28:30Z
2026-08-23T11:27:43Z,2026-08-23T13:27:43+0200,aa89dba4-771d-4653-9ac4-44e4858bfe00,2026-07-31T09:45:00Z,2026-07-31T11:45:00+0200,107.12,EUR/MWh,BE,BE,imbalance_price,Long,2026-08-23T11:28:30Z
2026-08-23T11:27:43Z,2026-08-23T13:27:43+0200,aa89dba4-771d-4653-9ac4-44e4858bfe00,2026-07-31T09:45:00Z,2026-07-31T11:45:00+0200,107.12,EUR/MWh,BE,BE,imbalance_price,Short,2026-08-23T11:28:30Z
2026-08-23T11:27:43Z,2026-08-23T13:27:43+0200,aa89dba4-771d-4653-9ac4-44e4858bfe00,2026-07-31T10:00:00Z,2026-07-31T12:00:00+0200,99.05,EUR/MWh,BE,BE,imbalance_price,Long,2026-08-23T11:28:30Z
2026-08-23T11:27:43Z,2026-08-23T13:27:43+0200,aa89dba4-771d-4653-9ac4-44e4858bfe00,2026-07-31T10:00:00Z,2026-07-31T12:00:00+0200,99.05,EUR/MWh,BE,BE,imbalance_price,Short,2026-08-23T11:28:30Z
2026-08-23T11:27:43Z,2026-08-23T13:27:43+0200,aa89dba4-771d-4653-9ac4-44e4858bfe00,2026-07-31T10:15:00Z,2026-07-31T12:15:00+0200,78.43,EUR/MWh,BE,BE,imbalance_price,Long,2026-08-23T11:28:30Z
2026-08-23T11:27:43Z,2026-08-23T13:27:43+0200,aa89dba4-771d-4653-9ac4-44e4858bfe00,2026-07-31T10:15:00Z,2026-07-31T12:15:00+0200,78.43,EUR/MWh,BE,BE,imbalance_price,Short,2026-08-23T11:28:30Z
2026-08-23T11:27:43Z,2026-08-23T13:27:43+0200,aa89dba4-771d-4653-9ac4-44e4858bfe00,2026-07-31T10:30:00Z,2026-07-31T12:30:00+0200,103.49,EUR/MWh,BE,BE,imbalance_price,Long,2026-08-23T11:28:30Z
2026-08-23T11:27:43Z,2026-08-23T13:27:43+0200,aa89dba4-771d-4653-9ac4-44e4858bfe00,2026-07-31T10:30:00Z,2026-07-31T12:30:00+0200,103.49,EUR/MWh,BE,BE,imbalance_price,Short,2026-08-23T11:28:30Z
2026-08-23T11:27:43Z,2026-08-23T13:27:43+0200,aa89dba4-771d-4653-9ac4-44e4858bfe00,2026-07-31T10:45:00Z,2026-07-31T12:45:00+0200,34.43,EUR/MWh,BE,BE,imbalance_price,Long,2026-08-23T11:28:30Z
2026-08-23T11:27:43Z,2026-08-23T13:27:43+0200,aa89dba4-771d-4653-9ac4-44e4858bfe00,2026-07-31T10:45:00Z,2026-07-31T12:45:00+0200,34.43,EUR/MWh,BE,BE,imbalance_price,Short,2026-08-23T11:28:30Z
2026-08-23T11:27:43Z,2026-08-23T13:27:43+0200,aa89dba4-771d-4653-9ac4-44e4858bfe00,2026-07-31T11:00:00Z,2026-07-31T13:00:00+0200,121.0,EUR/MWh,BE,BE,imbalance_price,Long,2026-08-23T11:28:30Z
2026-08-23T11:27:43Z,2026-08-23T13:27:43+0200,aa89dba4-771d-4653-9ac4-44e4858bfe00,2026-07-31T11:00:00Z,2026-07-31T13:00:00+0200,121.0,EUR/MWh,BE,BE,imbalance_price,Short,2026-08-23T11:28:30Z
2026-08-23T11:27:43Z,2026-08-23T13:27:43+0200,aa89dba4-771d-4653-9ac4-44e4858bfe00,2026-07-31T11:15:00Z,2026-07-31T13:15:00+0200,122.56,EUR/MWh,BE,BE,imbalance_price,Long,2026-08-23T11:28:30Z
2026-08-23T11:27:43Z,2026-08-23T13:27:43+0200,aa89dba4-771d-4653-9ac4-44e4858bfe00,2026-07-31T11:15:00Z,2026-07-31T13:15:00+0200,122.56,EUR/MWh,BE,BE,imbalance_price,Short,2026-08-23T11:28:30Z
2026-08-23T11:27:43Z,2026-08-23T13:27:43+0200,aa89dba4-771d-4653-9ac4-44e4858bfe00,2026-07-31T11:30:00Z,2026-07-31T13:30:00+0200,124.99,EUR/MWh,BE,BE,imbalance_price,Long,2026-08-23T11:28:30Z
2026-08-23T11:27:43Z,2026-08-23T13:27:43+0200,aa89dba4-771d-4653-9ac4-44e4858bfe00,2026-07-31T11:30:00Z,2026-07-31T13:30:00+0200,124.99,EUR/MWh,BE,BE,imbalance_price,Short,2026-08-23T11:28:30Z
2026-08-23T11:27:43Z,2026-08-23T13:27:43+0200,aa89dba4-771d-4653-9ac4-44e4858bfe00,2026-07-31T11:45:00Z,2026-07-31T13:45:00+0200,126.12,EUR/MWh,BE,BE,imbalance_price,Long,2026-08-23T11:28:30Z
2026-08-23T11:27:43Z,2026-08-23T13:27:43+0200,aa89dba4-771d-4653-9ac4-44e4858bfe00,2026-07-31T11:45:00Z,2026-07-31T13:45:00+0200,126.12,EUR/MWh,BE,BE,imbalance_price,Short,2026-08-23T11:28:30Z
2026-08-23T11:27:43Z,2026-08-23T13:27:43+0200,aa89dba4-771d-4653-9ac4-44e4858bfe00,2026-07-31T12:00:00Z,2026-07-31T14:00:00+0200,126.26,EUR/MWh,BE,BE,imbalance_price,Long,2026-08-23T11:28:30Z
2026-08-23T11:27:43Z,2026-08-23T13:27:43+0200,aa89dba4-771d-4653-9ac4-44e4858bfe00,2026-07-31T12:00:00Z,2026-07-31T14:00:00+0200,126.26,EUR/MWh,BE,BE,imbalance_price,Short,2026-08-23T11:28:30Z
2026-08-23T11:27:43Z,2026-08-23T13:27:43+0200,aa89dba4-771d-4653-9ac4-44e4858bfe00,2026-07-31T12:15:00Z,2026-07-31T14:15:00+0200,122.0,EUR/MWh,BE,BE,imbalance_price,Long,2026-08-23T11:28:30Z
2026-08-23T11:27:43Z,2026-08-23T13:27:43+0200,aa89dba4-771d-4653-9ac4-44e4858bfe00,2026-07-31T12:15:00Z,2026-07-31T14:15:00+0200,122.0,EUR/MWh,BE,BE,imbalance_price,Short,2026-08-23T11:28:30Z
2026-08-23T11:27:43Z,2026-08-23T13:27:43+0200,aa89dba4-771d-4653-9ac4-44e4858bfe00,2026-07-31T12:30:00Z,2026-07-31T14:30:00+0200,97.28,EUR/MWh,BE,BE,imbalance_price,Long,2026-08-23T11:28:30Z
2026-08-23T11:27:43Z,2026-08-23T13:27:43+0200,aa89dba4-771d-4653-9ac4-44e4858bfe00,2026-07-31T12:30:00Z,2026-07-31T14:30:00+0200,97.28,EUR/MWh,BE,BE,imbalance_price,Short,2026-08-23T11:28:30Z
2026-08-23T11:27:43Z,2026-08-23T13:27:43+0200,aa89dba4-771d-4653-9ac4-44e4858bfe00,2026-07-31T12:45:00Z,2026-07-31T14:45:00+0200,126.26,EUR/MWh,BE,BE,imbalance_price,Long,2026-08-23T11:28:30Z
2026-08-23T11:27:43Z,2026-08-23T13:27:43+0200,aa89dba4-771d-4653-9ac4-44e4858bfe00,2026-07-31T12:45:00Z,2026-07-31T14:45:00+0200,126.26,EUR/MWh,BE,BE,imbalance_price,Short,2026-08-23T11:28:30Z
2026-08-23T11:27:43Z,2026-08-23T13:27:43+0200,aa89dba4-771d-4653-9ac4-44e4858bfe00,2026-07-31T13:00:00Z,2026-07-31T15:00:00+0200,124.35,EUR/MWh,BE,BE,imbalance_price,Long,2026-08-23T11:28:30Z
2026-08-23T11:27:43Z,2026-08-23T13:27:43+0200,aa89dba4-771d-4653-9ac4-44e4858bfe00,2026-07-31T13:00:00Z,2026-07-31T15:00:00+0200,124.35,EUR/MWh,BE,BE,imbalance_price,Short,2026-08-23T11:28:30Z
2026-08-23T11:27:43Z,2026-08-23T13:27:43+0200,aa89dba4-771d-4653-9ac4-44e4858bfe00,2026-07-31T13:15:00Z,2026-07-31T15:15:00+0200,169.16,EUR/MWh,BE,BE,imbalance_price,Long,2026-08-23T11:28:30Z
2026-08-23T11:27:43Z,2026-08-23T13:27:43+0200,aa89dba4-771d-4653-9ac4-44e4858bfe00,2026-07-31T13:15:00Z,2026-07-31T15:15:00+0200,169.16,EUR/MWh,BE,BE,imbalance_price,Short,2026-08-23T11:28:30Z
2026-08-23T11:27:43Z,2026-08-23T13:27:43+0200,aa89dba4-771d-4653-9ac4-44e4858bfe00,2026-07-31T13:30:00Z,2026-07-31T15:30:00+0200,107.82,EUR/MWh,BE,BE,imbalance_price,Long,2026-08-23T11:28:30Z
2026-08-23T11:27:43Z,2026-08-23T13:27:43+0200,aa89dba4-771d-4653-9ac4-44e4858bfe00,2026-07-31T13:30:00Z,2026-07-31T15:30:00+0200,107.82,EUR/MWh,BE,BE,imbalance_price,Short,2026-08-23T11:28:30Z
2026-08-23T11:27:43Z,2026-08-23T13:27:43+0200,aa89dba4-771d-4653-9ac4-44e4858bfe00,2026-07-31T13:45:00Z,2026-07-31T15:45:00+0200,113.05,EUR/MWh,BE,BE,imbalance_price,Long,2026-08-23T11:28:30Z
2026-08-23T11:27:43Z,2026-08-23T13:27:43+0200,aa89dba4-771d-4653-9ac4-44e4858bfe00,2026-07-31T13:45:00Z,2026-07-31T15:45:00+0200,113.05,EUR/MWh,BE,BE,imbalance_price,Short,2026-08-23T11:28:30Z
2026-08-23T11:27:43Z,2026-08-23T13:27:43+0200,aa89dba4-771d-4653-9ac4-44e4858bfe00,2026-07-31T14:00:00Z,2026-07-31T16:00:00+0200,125.41,EUR/MWh,BE,BE,imbalance_price,Long,2026-08-23T11:28:30Z
2026-08-23T11:27:43Z,2026-08-23T13:27:43+0200,aa89dba4-771d-4653-9ac4-44e4858bfe00,2026-07-31T14:00:00Z,2026-07-31T16:00:00+0200,125.41,EUR/MWh,BE,BE,imbalance_price,Short,2026-08-23T11:28:30Z
2026-08-23T11:27:43Z,2026-08-23T13:27:43+0200,aa89dba4-771d-4653-9ac4-44e4858bfe00,2026-07-31T14:15:00Z,2026-07-31T16:15:00+0200,134.02,EUR/MWh,BE,BE,imbalance_price,Long,2026-08-23T11:28:30Z
2026-08-23T11:27:43Z,2026-08-23T13:27:43+0200,aa89dba4-771d-4653-9ac4-44e4858bfe00,2026-07-31T14:15:00Z,2026-07-31T16:15:00+0200,134.02,EUR/MWh,BE,BE,imbalance_price,Short,2026-08-23T11:28:30Z
2026-08-23T11:27:43Z,2026-08-23T13:27:43+0200,aa89dba4-771d-4653-9ac4-44e4858bfe00,2026-07-31T14:30:00Z,2026-07-31T16:30:00+0200,148.62,EUR/MWh,BE,BE,imbalance_price,Long,2026-08-23T11:28:30Z
2026-08-23T11:27:43Z,2026-08-23T13:27:43+0200,aa89dba4-771d-4653-9ac4-44e4858bfe00,2026-07-31T14:30:00Z,2026-07-31T16:30:00+0200,148.62,EUR/MWh,BE,BE,imbalance_price,Short,2026-08-23T11:28:30Z
2026-08-23T11:27:43Z,2026-08-23T13:27:43+0200,aa89dba4-771d-4653-9ac4-44e4858bfe00,2026-07-31T14:45:00Z,2026-07-31T16:45:00+0200,135.97,EUR/MWh,BE,BE,imbalance_price,Long,2026-08-23T11:28:30Z
2026-08-23T11:27:43Z,2026-08-23T13:27:43+0200,aa89dba4-771d-4653-9ac4-44e4858bfe00,2026-07-31T14:45:00Z,2026-07-31T16:45:00+0200,135.97,EUR/MWh,BE,BE,imbalance_price,Short,2026-08-23T11:28:30Z
2026-08-23T11:27:43Z,2026-08-23T13:27:43+0200,aa89dba4-771d-4653-9ac4-44e4858bfe00,2026-07-31T15:00:00Z,2026-07-31T17:00:00+0200,148.17,EUR/MWh,BE,BE,imbalance_price,Long,2026-08-23T11:28:30Z
2026-08-23T11:27:43Z,2026-08-23T13:27:43+0200,aa89dba4-771d-4653-9ac4-44e4858bfe00,2026-07-31T15:00:00Z,2026-07-31T17:00:00+0200,148.17,EUR/MWh,BE,BE,imbalance_price,Short,2026-08-23T11:28:30Z
2026-08-23T11:27:43Z,2026-08-23T13:27:43+0200,aa89dba4-771d-4653-9ac4-44e4858bfe00,2026-07-31T15:15:00Z,2026-07-31T17:15:00+0200,143.22,EUR/MWh,BE,BE,imbalance_price,Long,2026-08-23T11:28:30Z
2026-08-23T11:27:43Z,2026-08-23T13:27:43+0200,aa89dba4-771d-4653-9ac4-44e4858bfe00,2026-07-31T15:15:00Z,2026-07-31T17:15:00+0200,143.22,EUR/MWh,BE,BE,imbalance_price,Short,2026-08-23T11:28:30Z
2026-08-23T11:27:43Z,2026-08-23T13:27:43+0200,aa89dba4-771d-4653-9ac4-44e4858bfe00,2026-07-31T15:30:00Z,2026-07-31T17:30:00+0200,190.13,EUR/MWh,BE,BE,imbalance_price,Long,2026-08-23T11:28:30Z
2026-08-23T11:27:43Z,2026-08-23T13:27:43+0200,aa89dba4-771d-4653-9ac4-44e4858bfe00,2026-07-31T15:30:00Z,2026-07-31T17:30:00+0200,190.13,EUR/MWh,BE,BE,imbalance_price,Short,2026-08-23T11:28:30Z
2026-08-23T11:27:43Z,2026-08-23T13:27:43+0200,aa89dba4-771d-4653-9ac4-44e4858bfe00,2026-07-31T15:45:00Z,2026-07-31T17:45:00+0200,170.15,EUR/MWh,BE,BE,imbalance_price,Long,2026-08-23T11:28:30Z
2026-08-23T11:27:43Z,2026-08-23T13:27:43+0200,aa89dba4-771d-4653-9ac4-44e4858bfe00,2026-07-31T15:45:00Z,2026-07-31T17:45:00+0200,170.15,EUR/MWh,BE,BE,imbalance_price,Short,2026-08-23T11:28:30Z
2026-08-23T11:27:43Z,2026-08-23T13:27:43+0200,aa89dba4-771d-4653-9ac4-44e4858bfe00,2026-07-31T16:00:00Z,2026-07-31T18:00:00+0200,174.98,EUR/MWh,BE,BE,imbalance_price,Long,2026-08-23T11:28:30Z
2026-08-23T11:27:43Z,2026-08-23T13:27:43+0200,aa89dba4-771d-4653-9ac4-44e4858bfe00,2026-07-31T16:00:00Z,2026-07-31T18:00:00+0200,174.98,EUR/MWh,BE,BE,imbalance_price,Short,2026-08-23T11:28:30Z
2026-08-23T11:27:43Z,2026-08-23T13:27:43+0200,aa89dba4-771d-4653-9ac4-44e4858bfe00,2026-07-31T16:15:00Z,2026-07-31T18:15:00+0200,163.24,EUR/MWh,BE,BE,imbalance_price,Long,2026-08-23T11:28:30Z
2026-08-23T11:27:43Z,2026-08-23T13:27:43+0200,aa89dba4-771d-4653-9ac4-44e4858bfe00,2026-07-31T16:15:00Z,2026-07-31T18:15:00+0200,163.24,EUR/MWh,BE,BE,imbalance_price,Short,2026-08-23T11:28:30Z
2026-08-23T11:27:43Z,2026-08-23T13:27:43+0200,aa89dba4-771d-4653-9ac4-44e4858bfe00,2026-07-31T16:30:00Z,2026-07-31T18:30:00+0200,158.29,EUR/MWh,BE,BE,imbalance_price,Long,2026-08-23T11:28:30Z
2026-08-23T11:27:43Z,2026-08-23T13:27:43+0200,aa89dba4-771d-4653-9ac4-44e4858bfe00,2026-07-31T16:30:00Z,2026-07-31T18:30:00+0200,158.29,EUR/MWh,BE,BE,imbalance_price,Short,2026-08-23T11:28:30Z
2026-08-23T11:27:43Z,2026-08-23T13:27:43+0200,aa89dba4-771d-4653-9ac4-44e4858bfe00,2026-07-31T16:45:00Z,2026-07-31T18:45:00+0200,158.36,EUR/MWh,BE,BE,imbalance_price,Long,2026-08-23T11:28:30Z
2026-08-23T11:27:43Z,2026-08-23T13:27:43+0200,aa89dba4-771d-4653-9ac4-44e4858bfe00,2026-07-31T16:45:00Z,2026-07-31T18:45:00+0200,158.36,EUR/MWh,BE,BE,imbalance_price,Short,2026-08-23T11:28:30Z
2026-08-23T11:27:43Z,2026-08-23T13:27:43+0200,aa89dba4-771d-4653-9ac4-44e4858bfe00,2026-07-31T17:00:00Z,2026-07-31T19:00:00+0200,146.18,EUR/MWh,BE,BE,imbalance_price,Long,2026-08-23T11:28:30Z
2026-08-23T11:27:43Z,2026-08-23T13:27:43+0200,aa89dba4-771d-4653-9ac4-44e4858bfe00,2026-07-31T17:00:00Z,2026-07-31T19:00:00+0200,146.18,EUR/MWh,BE,BE,imbalance_price,Short,2026-08-23T11:28:30Z
2026-08-23T11:27:43Z,2026-08-23T13:27:43+0200,aa89dba4-771d-4653-9ac4-44e4858bfe00,2026-07-31T17:15:00Z,2026-07-31T19:15:00+0200,146.45,EUR/MWh,BE,BE,imbalance_price,Long,2026-08-23T11:28:30Z
2026-08-23T11:27:43Z,2026-08-23T13:27:43+0200,aa89dba4-771d-4653-9ac4-44e4858bfe00,2026-07-31T17:15:00Z,2026-07-31T19:15:00+0200,146.45,EUR/MWh,BE,BE,imbalance_price,Short,2026-08-23T11:28:30Z
2026-08-23T11:27:43Z,2026-08-23T13:27:43+0200,aa89dba4-771d-4653-9ac4-44e4858bfe00,2026-07-31T17:30:00Z,2026-07-31T19:30:00+0200,158.8,EUR/MWh,BE,BE,imbalance_price,Long,2026-08-23T11:28:30Z
2026-08-23T11:27:43Z,2026-08-23T13:27:43+0200,aa89dba4-771d-4653-9ac4-44e4858bfe00,2026-07-31T17:30:00Z,2026-07-31T19:30:00+0200,158.8,EUR/MWh,BE,BE,imbalance_price,Short,2026-08-23T11:28:30Z
2026-08-23T11:27:43Z,2026-08-23T13:27:43+0200,aa89dba4-771d-4653-9ac4-44e4858bfe00,2026-07-31T17:45:00Z,2026-07-31T19:45:00+0200,143.36,EUR/MWh,BE,BE,imbalance_price,Long,2026-08-23T11:28:30Z
2026-08-23T11:27:43Z,2026-08-23T13:27:43+0200,aa89dba4-771d-4653-9ac4-44e4858bfe00,2026-07-31T17:45:00Z,2026-07-31T19:45:00+0200,143.36,EUR/MWh,BE,BE,imbalance_price,Short,2026-08-23T11:28:30Z
2026-08-23T11:27:43Z,2026-08-23T13:27:43+0200,aa89dba4-771d-4653-9ac4-44e4858bfe00,2026-07-31T18:00:00Z,2026-07-31T20:00:00+0200,128.4,EUR/MWh,BE,BE,imbalance_price,Long,2026-08-23T11:28:30Z
2026-08-23T11:27:43Z,2026-08-23T13:27:43+0200,aa89dba4-771d-4653-9ac4-44e4858bfe00,2026-07-31T18:00:00Z,2026-07-31T20:00:00+0200,128.4,EUR/MWh,BE,BE,imbalance_price,Short,2026-08-23T11:28:30Z
2026-08-23T11:27:43Z,2026-08-23T13:27:43+0200,aa89dba4-771d-4653-9ac4-44e4858bfe00,2026-07-31T18:15:00Z,2026-07-31T20:15:00+0200,125.07,EUR/MWh,BE,BE,imbalance_price,Long,2026-08-23T11:28:30Z
2026-08-23T11:27:43Z,2026-08-23T13:27:43+0200,aa89dba4-771d-4653-9ac4-44e4858bfe00,2026-07-31T18:15:00Z,2026-07-31T20:15:00+0200,125.07,EUR/MWh,BE,BE,imbalance_price,Short,2026-08-23T11:28:30Z
2026-08-23T11:27:43Z,2026-08-23T13:27:43+0200,aa89dba4-771d-4653-9ac4-44e4858bfe00,2026-07-31T18:30:00Z,2026-07-31T20:30:00+0200,132.28,EUR/MWh,BE,BE,imbalance_price,Long,2026-08-23T11:28:30Z
2026-08-23T11:27:43Z,2026-08-23T13:27:43+0200,aa89dba4-771d-4653-9ac4-44e4858bfe00,2026-07-31T18:30:00Z,2026-07-31T20:30:00+0200,132.28,EUR/MWh,BE,BE,imbalance_price,Short,2026-08-23T11:28:30Z
2026-08-23T11:27:43Z,2026-08-23T13:27:43+0200,aa89dba4-771d-4653-9ac4-44e4858bfe00,2026-07-31T18:45:00Z,2026-07-31T20:45:00+0200,127.44,EUR/MWh,BE,BE,imbalance_price,Long,2026-08-23T11:28:30Z
2026-08-23T11:27:43Z,2026-08-23T13:27:43+0200,aa89dba4-771d-4653-9ac4-44e4858bfe00,2026-07-31T18:45:00Z,2026-07-31T20:45:00+0200,127.44,EUR/MWh,BE,BE,imbalance_price,Short,2026-08-23T11:28:30Z
2026-08-23T11:27:43Z,2026-08-23T13:27:43+0200,aa89dba4-771d-4653-9ac4-44e4858bfe00,2026-07-31T19:00:00Z,2026-07-31T21:00:00+0200,145.74,EUR/MWh,BE,BE,imbalance_price,Long,2026-08-23T11:28:30Z
2026-08-23T11:27:43Z,2026-08-23T13:27:43+0200,aa89dba4-771d-4653-9ac4-44e4858bfe00,2026-07-31T19:00:00Z,2026-07-31T21:00:00+0200,145.74,EUR/MWh,BE,BE,imbalance_price,Short,2026-08-23T11:28:30Z
2026-08-23T11:27:43Z,2026-08-23T13:27:43+0200,aa89dba4-771d-4653-9ac4-44e4858bfe00,2026-07-31T19:15:00Z,2026-07-31T21:15:00+0200,168.15,EUR/MWh,BE,BE,imbalance_price,Long,2026-08-23T11:28:30Z
2026-08-23T11:27:43Z,2026-08-23T13:27:43+0200,aa89dba4-771d-4653-9ac4-44e4858bfe00,2026-07-31T19:15:00Z,2026-07-31T21:15:00+0200,168.15,EUR/MWh,BE,BE,imbalance_price,Short,2026-08-23T11:28:30Z
2026-08-23T11:27:43Z,2026-08-23T13:27:43+0200,aa89dba4-771d-4653-9ac4-44e4858bfe00,2026-07-31T19:30:00Z,2026-07-31T21:30:00+0200,181.28,EUR/MWh,BE,BE,imbalance_price,Long,2026-08-23T11:28:30Z
2026-08-23T11:27:43Z,2026-08-23T13:27:43+0200,aa89dba4-771d-4653-9ac4-44e4858bfe00,2026-07-31T19:30:00Z,2026-07-31T21:30:00+0200,181.28,EUR/MWh,BE,BE,imbalance_price,Short,2026-08-23T11:28:30Z
2026-08-23T11:27:43Z,2026-08-23T13:27:43+0200,aa89dba4-771d-4653-9ac4-44e4858bfe00,2026-07-31T19:45:00Z,2026-07-31T21:45:00+0200,176.53,EUR/MWh,BE,BE,imbalance_price,Long,2026-08-23T11:28:30Z
2026-08-23T11:27:43Z,2026-08-23T13:27:43+0200,aa89dba4-771d-4653-9ac4-44e4858bfe00,2026-07-31T19:45:00Z,2026-07-31T21:45:00+0200,176.53,EUR/MWh,BE,BE,imbalance_price,Short,2026-08-23T11:28:30Z
2026-08-23T11:27:43Z,2026-08-23T13:27:43+0200,aa89dba4-771d-4653-9ac4-44e4858bfe00,2026-07-31T20:00:00Z,2026-07-31T22:00:00+0200,189.87,EUR/MWh,BE,BE,imbalance_price,Long,2026-08-23T11:28:30Z
2026-08-23T11:27:43Z,2026-08-23T13:27:43+0200,aa89dba4-771d-4653-9ac4-44e4858bfe00,2026-07-31T20:00:00Z,2026-07-31T22:00:00+0200,189.87,EUR/MWh,BE,BE,imbalance_price,Short,2026-08-23T11:28:30Z
2026-08-23T11:27:43Z,2026-08-23T13:27:43+0200,aa89dba4-771d-4653-9ac4-44e4858bfe00,2026-07-31T20:15:00Z,2026-07-31T22:15:00+0200,189.64,EUR/MWh,BE,BE,imbalance_price,Long,2026-08-23T11:28:30Z
2026-08-23T11:27:43Z,2026-08-23T13:27:43+0200,aa89dba4-771d-4653-9ac4-44e4858bfe00,2026-07-31T20:15:00Z,2026-07-31T22:15:00+0200,189.64,EUR/MWh,BE,BE,imbalance_price,Short,2026-08-23T11:28:30Z
2026-08-23T11:27:43Z,2026-08-23T13:27:43+0200,aa89dba4-771d-4653-9ac4-44e4858bfe00,2026-07-31T20:30:00Z,2026-07-31T22:30:00+0200,182.47,EUR/MWh,BE,BE,imbalance_price,Long,2026-08-23T11:28:30Z
2026-08-23T11:27:43Z,2026-08-23T13:27:43+0200,aa89dba4-771d-4653-9ac4-44e4858bfe00,2026-07-31T20:30:00Z,2026-07-31T22:30:00+0200,182.47,EUR/MWh,BE,BE,imbalance_price,Short,2026-08-23T11:28:30Z
2026-08-23T11:27:43Z,2026-08-23T13:27:43+0200,aa89dba4-771d-4653-9ac4-44e4858bfe00,2026-07-31T20:45:00Z,2026-07-31T22:45:00+0200,181.17,EUR/MWh,BE,BE,imbalance_price,Long,2026-08-23T11:28:30Z
2026-08-23T11:27:43Z,2026-08-23T13:27:43+0200,aa89dba4-771d-4653-9ac4-44e4858bfe00,2026-07-31T20:45:00Z,2026-07-31T22:45:00+0200,181.17,EUR/MWh,BE,BE,imbalance_price,Short,2026-08-23T11:28:30Z
2026-08-23T11:27:43Z,2026-08-23T13:27:43+0200,aa89dba4-771d-4653-9ac4-44e4858bfe00,2026-07-31T21:00:00Z,2026-07-31T23:00:00+0200,182.42,EUR/MWh,BE,BE,imbalance_price,Long,2026-08-23T11:28:30Z
2026-08-23T11:27:43Z,2026-08-23T13:27:43+0200,aa89dba4-771d-4653-9ac4-44e4858bfe00,2026-07-31T21:00:00Z,2026-07-31T23:00:00+0200,182.42,EUR/MWh,BE,BE,imbalance_price,Short,2026-08-23T11:28:30Z
2026-08-23T11:27:43Z,2026-08-23T13:27:43+0200,aa89dba4-771d-4653-9ac4-44e4858bfe00,2026-07-31T21:15:00Z,2026-07-31T23:15:00+0200,178.82,EUR/MWh,BE,BE,imbalance_price,Long,2026-08-23T11:28:30Z
2026-08-23T11:27:43Z,2026-08-23T13:27:43+0200,aa89dba4-771d-4653-9ac4-44e4858bfe00,2026-07-31T21:15:00Z,2026-07-31T23:15:00+0200,178.82,EUR/MWh,BE,BE,imbalance_price,Short,2026-08-23T11:28:30Z
2026-08-23T11:27:43Z,2026-08-23T13:27:43+0200,aa89dba4-771d-4653-9ac4-44e4858bfe00,2026-07-31T21:30:00Z,2026-07-31T23:30:00+0200,163.75,EUR/MWh,BE,BE,imbalance_price,Long,2026-08-23T11:28:30Z
2026-08-23T11:27:43Z,2026-08-23T13:27:43+0200,aa89dba4-771d-4653-9ac4-44e4858bfe00,2026-07-31T21:30:00Z,2026-07-31T23:30:00+0200,163.75,EUR/MWh,BE,BE,imbalance_price,Short,2026-08-23T11:28:30Z
2026-08-23T11:27:43Z,2026-08-23T13:27:43+0200,aa89dba4-771d-4653-9ac4-44e4858bfe00,2026-07-31T21:45:00Z,2026-07-31T23:45:00+0200,190.29,EUR/MWh,BE,BE,imbalance_price,Long,2026-08-23T11:28:30Z
2026-08-23T11:27:43Z,2026-08-23T13:27:43+0200,aa89dba4-771d-4653-9ac4-44e4858bfe00,2026-07-31T21:45:00Z,2026-07-31T23:45:00+0200,190.29,EUR/MWh,BE,BE,imbalance_price,Short,2026-08-23T11:28:30Z
2026-08-23T11:27:43Z,2026-08-23T13:27:43+0200,aa89dba4-771d-4653-9ac4-44e4858bfe00,2026-07-31T22:00:00Z,2026-08-01T00:00:00+0200,183.07,EUR/MWh,BE,BE,imbalance_price,Long,2026-08-23T11:28:30Z
2026-08-23T11:27:43Z,2026-08-23T13:27:43+0200,aa89dba4-771d-4653-9ac4-44e4858bfe00,2026-07-31T22:00:00Z,2026-08-01T00:00:00+0200,183.07,EUR/MWh,BE,BE,imbalance_price,Short,2026-08-23T11:28:30Z
2026-08-23T11:27:43Z,2026-08-23T13:27:43+0200,aa89dba4-771d-4653-9ac4-44e4858bfe00,2026-07-31T22:15:00Z,2026-08-01T00:15:00+0200,185.24,EUR/MWh,BE,BE,imbalance_price,Long,2026-08-23T11:28:30Z
2026-08-23T11:27:43Z,2026-08-23T13:27:43+0200,aa89dba4-771d-4653-9ac4-44e4858bfe00,2026-07-31T22:15:00Z,2026-08-01T00:15:00+0200,185.24,EUR/MWh,BE,BE,imbalance_price,Short,2026-08-23T11:28:30Z
2026-08-23T11:27:43Z,2026-08-23T13:27:43+0200,aa89dba4-771d-4653-9ac4-44e4858bfe00,2026-07-31T22:30:00Z,2026-08-01T00:30:00+0200,180.99,EUR/MWh,BE,BE,imbalance_price,Long,2026-08-23T11:28:30Z
2026-08-23T11:27:43Z,2026-08-23T13:27:43+0200,aa89dba4-771d-4653-9ac4-44e4858bfe00,2026-07-31T22:30:00Z,2026-08-01T00:30:00+0200,180.99,EUR/MWh,BE,BE,imbalance_price,Short,2026-08-23T11:28:30Z
2026-08-23T11:27:43Z,2026-08-23T13:27:43+0200,aa89dba4-771d-4653-9ac4-44e4858bfe00,2026-07-31T22:45:00Z,2026-08-01T00:45:00+0200,164.97,EUR/MWh,BE,BE,imbalance_price,Long,2026-08-23T11:28:30Z
2026-08-23T11:27:43Z,2026-08-23T13:27:43+0200,aa89dba4-771d-4653-9ac4-44e4858bfe00,2026-07-31T22:45:00Z,2026-08-01T00:45:00+0200,164.97,EUR/MWh,BE,BE,imbalance_price,Short,2026-08-23T11:28:30Z
2026-08-23T11:27:43Z,2026-08-23T13:27:43+0200,aa89dba4-771d-4653-9ac4-44e4858bfe00,2026-07-31T23:00:00Z,2026-08-01T01:00:00+0200,182.71,EUR/MWh,BE,BE,imbalance_price,Long,2026-08-23T11:28:30Z
2026-08-23T11:27:43Z,2026-08-23T13:27:43+0200,aa89dba4-771d-4653-9ac4-44e4858bfe00,2026-07-31T23:00:00Z,2026-08-01T01:00:00+0200,182.71,EUR/MWh,BE,BE,imbalance_price,Short,2026-08-23T11:28:30Z
2026-08-23T11:27:43Z,2026-08-23T13:27:43+0200,aa89dba4-771d-4653-9ac4-44e4858bfe00,2026-07-31T23:15:00Z,2026-08-01T01:15:00+0200,170.27,EUR/MWh,BE,BE,imbalance_price,Long,2026-08-23T11:28:30Z
2026-08-23T11:27:43Z,2026-08-23T13:27:43+0200,aa89dba4-771d-4653-9ac4-44e4858bfe00,2026-07-31T23:15:00Z,2026-08-01T01:15:00+0200,170.27,EUR/MWh,BE,BE,imbalance_price,Short,2026-08-23T11:28:30Z
2026-08-23T11:27:43Z,2026-08-23T13:27:43+0200,aa89dba4-771d-4653-9ac4-44e4858bfe00,2026-07-31T23:30:00Z,2026-08-01T01:30:00+0200,168.78,EUR/MWh,BE,BE,imbalance_price,Long,2026-08-23T11:28:30Z
2026-08-23T11:27:43Z,2026-08-23T13:27:43+0200,aa89dba4-771d-4653-9ac4-44e4858bfe00,2026-07-31T23:30:00Z,2026-08-01T01:30:00+0200,168.78,EUR/MWh,BE,BE,imbalance_price,Short,2026-08-23T11:28:30Z
2026-08-23T11:27:43Z,2026-08-23T13:27:43+0200,aa89dba4-771d-4653-9ac4-44e4858bfe00,2026-07-31T23:45:00Z,2026-08-01T01:45:00+0200,165.09,EUR/MWh,BE,BE,imbalance_price,Long,2026-08-23T11:28:30Z
2026-08-23T11:27:43Z,2026-08-23T13:27:43+0200,aa89dba4-771d-4653-9ac4-44e4858bfe00,2026-07-31T23:45:00Z,2026-08-01T01:45:00+0200,165.09,EUR/MWh,BE,BE,imbalance_price,Short,2026-08-23T11:28:30Z
2026-08-23T11:27:43Z,2026-08-23T13:27:43+0200,aa89dba4-771d-4653-9ac4-44e4858bfe00,2026-08-01T00:00:00Z,2026-08-01T02:00:00+0200,150.45,EUR/MWh,BE,BE,imbalance_price,Long,2026-08-23T11:28:30Z
2026-08-23T11:27:43Z,2026-08-23T13:27:43+0200,aa89dba4-771d-4653-9ac4-44e4858bfe00,2026-08-01T00:00:00Z,2026-08-01T02:00:00+0200,150.45,EUR/MWh,BE,BE,imbalance_price,Short,2026-08-23T11:28:30Z
2026-08-23T11:27:43Z,2026-08-23T13:27:43+0200,aa89dba4-771d-4653-9ac4-44e4858bfe00,2026-08-01T00:15:00Z,2026-08-01T02:15:00+0200,145.84,EUR/MWh,BE,BE,imbalance_price,Long,2026-08-23T11:28:30Z
2026-08-23T11:27:43Z,2026-08-23T13:27:43+0200,aa89dba4-771d-4653-9ac4-44e4858bfe00,2026-08-01T00:15:00Z,2026-08-01T02:15:00+0200,145.84,EUR/MWh,BE,BE,imbalance_price,Short,2026-08-23T11:28:30Z
2026-08-23T11:27:43Z,2026-08-23T13:27:43+0200,aa89dba4-771d-4653-9ac4-44e4858bfe00,2026-08-01T00:30:00Z,2026-08-01T02:30:00+0200,129.13,EUR/MWh,BE,BE,imbalance_price,Long,2026-08-23T11:28:30Z
2026-08-23T11:27:43Z,2026-08-23T13:27:43+0200,aa89dba4-771d-4653-9ac4-44e4858bfe00,2026-08-01T00:30:00Z,2026-08-01T02:30:00+0200,129.13,EUR/MWh,BE,BE,imbalance_price,Short,2026-08-23T11:28:30Z
2026-08-23T11:27:43Z,2026-08-23T13:27:43+0200,aa89dba4-771d-4653-9ac4-44e4858bfe00,2026-08-01T00:45:00Z,2026-08-01T02:45:00+0200,143.72,EUR/MWh,BE,BE,imbalance_price,Long,2026-08-23T11:28:30Z
2026-08-23T11:27:43Z,2026-08-23T13:27:43+0200,aa89dba4-771d-4653-9ac4-44e4858bfe00,2026-08-01T00:45:00Z,2026-08-01T02:45:00+0200,143.72,EUR/MWh,BE,BE,imbalance_price,Short,2026-08-23T11:28:30Z
2026-08-23T11:27:43Z,2026-08-23T13:27:43+0200,aa89dba4-771d-4653-9ac4-44e4858bfe00,2026-08-01T01:00:00Z,2026-08-01T03:00:00+0200,172.6,EUR/MWh,BE,BE,imbalance_price,Long,2026-08-23T11:28:30Z
2026-08-23T11:27:43Z,2026-08-23T13:27:43+0200,aa89dba4-771d-4653-9ac4-44e4858bfe00,2026-08-01T01:00:00Z,2026-08-01T03:00:00+0200,172.6,EUR/MWh,BE,BE,imbalance_price,Short,2026-08-23T11:28:30Z
2026-08-23T11:27:43Z,2026-08-23T13:27:43+0200,aa89dba4-771d-4653-9ac4-44e4858bfe00,2026-08-01T01:15:00Z,2026-08-01T03:15:00+0200,165.01,EUR/MWh,BE,BE,imbalance_price,Long,2026-08-23T11:28:30Z
2026-08-23T11:27:43Z,2026-08-23T13:27:43+0200,aa89dba4-771d-4653-9ac4-44e4858bfe00,2026-08-01T01:15:00Z,2026-08-01T03:15:00+0200,165.01,EUR/MWh,BE,BE,imbalance_price,Short,2026-08-23T11:28:30Z
2026-08-23T11:27:43Z,2026-08-23T13:27:43+0200,aa89dba4-771d-4653-9ac4-44e4858bfe00,2026-08-01T01:30:00Z,2026-08-01T03:30:00+0200,143.74,EUR/MWh,BE,BE,imbalance_price,Long,2026-08-23T11:28:30Z
2026-08-23T11:27:43Z,2026-08-23T13:27:43+0200,aa89dba4-771d-4653-9ac4-44e4858bfe00,2026-08-01T01:30:00Z,2026-08-01T03:30:00+0200,143.74,EUR/MWh,BE,BE,imbalance_price,Short,2026-08-23T11:28:30Z
2026-08-23T11:27:43Z,2026-08-23T13:27:43+0200,aa89dba4-771d-4653-9ac4-44e4858bfe00,2026-08-01T01:45:00Z,2026-08-01T03:45:00+0200,153.48,EUR/MWh,BE,BE,imbalance_price,Long,2026-08-23T11:28:30Z
2026-08-23T11:27:43Z,2026-08-23T13:27:43+0200,aa89dba4-771d-4653-9ac4-44e4858bfe00,2026-08-01T01:45:00Z,2026-08-01T03:45:00+0200,153.48,EUR/MWh,BE,BE,imbalance_price,Short,2026-08-23T11:28:30Z
2026-08-23T11:27:43Z,2026-08-23T13:27:43+0200,aa89dba4-771d-4653-9ac4-44e4858bfe00,2026-08-01T02:00:00Z,2026-08-01T04:00:00+0200,153.0,EUR/MWh,BE,BE,imbalance_price,Long,2026-08-23T11:28:30Z
2026-08-23T11:27:43Z,2026-08-23T13:27:43+0200,aa89dba4-771d-4653-9ac4-44e4858bfe00,2026-08-01T02:00:00Z,2026-08-01T04:00:00+0200,153.0,EUR/MWh,BE,BE,imbalance_price,Short,2026-08-23T11:28:30Z
2026-08-23T11:27:43Z,2026-08-23T13:27:43+0200,aa89dba4-771d-4653-9ac4-44e4858bfe00,2026-08-01T02:15:00Z,2026-08-01T04:15:00+0200,150.61,EUR/MWh,BE,BE,imbalance_price,Long,2026-08-23T11:28:30Z
2026-08-23T11:27:43Z,2026-08-23T13:27:43+0200,aa89dba4-771d-4653-9ac4-44e4858bfe00,2026-08-01T02:15:00Z,2026-08-01T04:15:00+0200,150.61,EUR/MWh,BE,BE,imbalance_price,Short,2026-08-23T11:28:30Z
2026-08-23T11:27:43Z,2026-08-23T13:27:43+0200,aa89dba4-771d-4653-9ac4-44e4858bfe00,2026-08-01T02:30:00Z,2026-08-01T04:30:00+0200,175.63,EUR/MWh,BE,BE,imbalance_price,Long,2026-08-23T11:28:30Z
2026-08-23T11:27:43Z,2026-08-23T13:27:43+0200,aa89dba4-771d-4653-9ac4-44e4858bfe00,2026-08-01T02:30:00Z,2026-08-01T04:30:00+0200,175.63,EUR/MWh,BE,BE,imbalance_price,Short,2026-08-23T11:28:30Z
2026-08-23T11:27:43Z,2026-08-23T13:27:43+0200,aa89dba4-771d-4653-9ac4-44e4858bfe00,2026-08-01T02:45:00Z,2026-08-01T04:45:00+0200,167.59,EUR/MWh,BE,BE,imbalance_price,Long,2026-08-23T11:28:30Z
2026-08-23T11:27:43Z,2026-08-23T13:27:43+0200,aa89dba4-771d-4653-9ac4-44e4858bfe00,2026-08-01T02:45:00Z,2026-08-01T04:45:00+0200,167.59,EUR/MWh,BE,BE,imbalance_price,Short,2026-08-23T11:28:30Z
2026-08-23T11:27:43Z,2026-08-23T13:27:43+0200,aa89dba4-771d-4653-9ac4-44e4858bfe00,2026-08-01T03:00:00Z,2026-08-01T05:00:00+0200,177.16,EUR/MWh,BE,BE,imbalance_price,Long,2026-08-23T11:28:30Z
2026-08-23T11:27:43Z,2026-08-23T13:27:43+0200,aa89dba4-771d-4653-9ac4-44e4858bfe00,2026-08-01T03:00:00Z,2026-08-01T05:00:00+0200,177.16,EUR/MWh,BE,BE,imbalance_price,Short,2026-08-23T11:28:30Z
2026-08-23T11:27:43Z,2026-08-23T13:27:43+0200,aa89dba4-771d-4653-9ac4-44e4858bfe00,2026-08-01T03:15:00Z,2026-08-01T05:15:00+0200,159.25,EUR/MWh,BE,BE,imbalance_price,Long,2026-08-23T11:28:30Z
2026-08-23T11:27:43Z,2026-08-23T13:27:43+0200,aa89dba4-771d-4653-9ac4-44e4858bfe00,2026-08-01T03:15:00Z,2026-08-01T05:15:00+0200,159.25,EUR/MWh,BE,BE,imbalance_price,Short,2026-08-23T11:28:30Z
2026-08-23T11:27:43Z,2026-08-23T13:27:43+0200,aa89dba4-771d-4653-9ac4-44e4858bfe00,2026-08-01T03:30:00Z,2026-08-01T05:30:00+0200,158.68,EUR/MWh,BE,BE,imbalance_price,Long,2026-08-23T11:28:30Z
2026-08-23T11:27:43Z,2026-08-23T13:27:43+0200,aa89dba4-771d-4653-9ac4-44e4858bfe00,2026-08-01T03:30:00Z,2026-08-01T05:30:00+0200,158.68,EUR/MWh,BE,BE,imbalance_price,Short,2026-08-23T11:28:30Z
2026-08-23T11:27:43Z,2026-08-23T13:27:43+0200,aa89dba4-771d-4653-9ac4-44e4858bfe00,2026-08-01T03:45:00Z,2026-08-01T05:45:00+0200,153.85,EUR/MWh,BE,BE,imbalance_price,Long,2026-08-23T11:28:30Z
2026-08-23T11:27:43Z,2026-08-23T13:27:43+0200,aa89dba4-771d-4653-9ac4-44e4858bfe00,2026-08-01T03:45:00Z,2026-08-01T05:45:00+0200,153.85,EUR/MWh,BE,BE,imbalance_price,Short,2026-08-23T11:28:30Z
2026-08-23T11:27:43Z,2026-08-23T13:27:43+0200,aa89dba4-771d-4653-9ac4-44e4858bfe00,2026-08-01T04:00:00Z,2026-08-01T06:00:00+0200,176.21,EUR/MWh,BE,BE,imbalance_price,Long,2026-08-23T11:28:30Z
2026-08-23T11:27:43Z,2026-08-23T13:27:43+0200,aa89dba4-771d-4653-9ac4-44e4858bfe00,2026-08-01T04:00:00Z,2026-08-01T06:00:00+0200,176.21,EUR/MWh,BE,BE,imbalance_price,Short,2026-08-23T11:28:30Z
2026-08-23T11:27:43Z,2026-08-23T13:27:43+0200,aa89dba4-771d-4653-9ac4-44e4858bfe00,2026-08-01T04:15:00Z,2026-08-01T06:15:00+0200,155.59,EUR/MWh,BE,BE,imbalance_price,Long,2026-08-23T11:28:30Z
2026-08-23T11:27:43Z,2026-08-23T13:27:43+0200,aa89dba4-771d-4653-9ac4-44e4858bfe00,2026-08-01T04:15:00Z,2026-08-01T06:15:00+0200,155.59,EUR/MWh,BE,BE,imbalance_price,Short,2026-08-23T11:28:30Z
2026-08-23T11:27:43Z,2026-08-23T13:27:43+0200,aa89dba4-771d-4653-9ac4-44e4858bfe00,2026-08-01T04:30:00Z,2026-08-01T06:30:00+0200,163.59,EUR/MWh,BE,BE,imbalance_price,Long,2026-08-23T11:28:30Z
2026-08-23T11:27:43Z,2026-08-23T13:27:43+0200,aa89dba4-771d-4653-9ac4-44e4858bfe00,2026-08-01T04:30:00Z,2026-08-01T06:30:00+0200,163.59,EUR/MWh,BE,BE,imbalance_price,Short,2026-08-23T11:28:30Z
2026-08-23T11:27:43Z,2026-08-23T13:27:43+0200,aa89dba4-771d-4653-9ac4-44e4858bfe00,2026-08-01T04:45:00Z,2026-08-01T06:45:00+0200,154.04,EUR/MWh,BE,BE,imbalance_price,Long,2026-08-23T11:28:30Z
2026-08-23T11:27:43Z,2026-08-23T13:27:43+0200,aa89dba4-771d-4653-9ac4-44e4858bfe00,2026-08-01T04:45:00Z,2026-08-01T06:45:00+0200,154.04,EUR/MWh,BE,BE,imbalance_price,Short,2026-08-23T11:28:30Z
2026-08-23T11:27:43Z,2026-08-23T13:27:43+0200,aa89dba4-771d-4653-9ac4-44e4858bfe00,2026-08-01T05:00:00Z,2026-08-01T07:00:00+0200,163.68,EUR/MWh,BE,BE,imbalance_price,Long,2026-08-23T11:28:30Z
2026-08-23T11:27:43Z,2026-08-23T13:27:43+0200,aa89dba4-771d-4653-9ac4-44e4858bfe00,2026-08-01T05:00:00Z,2026-08-01T07:00:00+0200,163.68,EUR/MWh,BE,BE,imbalance_price,Short,2026-08-23T11:28:30Z
2026-08-23T11:27:43Z,2026-08-23T13:27:43+0200,aa89dba4-771d-4653-9ac4-44e4858bfe00,2026-08-01T05:15:00Z,2026-08-01T07:15:00+0200,166.67,EUR/MWh,BE,BE,imbalance_price,Long,2026-08-23T11:28:30Z
2026-08-23T11:27:43Z,2026-08-23T13:27:43+0200,aa89dba4-771d-4653-9ac4-44e4858bfe00,2026-08-01T05:15:00Z,2026-08-01T07:15:00+0200,166.67,EUR/MWh,BE,BE,imbalance_price,Short,2026-08-23T11:28:30Z
2026-08-23T11:27:43Z,2026-08-23T13:27:43+0200,aa89dba4-771d-4653-9ac4-44e4858bfe00,2026-08-01T05:30:00Z,2026-08-01T07:30:00+0200,163.79,EUR/MWh,BE,BE,imbalance_price,Long,2026-08-23T11:28:30Z
2026-08-23T11:27:43Z,2026-08-23T13:27:43+0200,aa89dba4-771d-4653-9ac4-44e4858bfe00,2026-08-01T05:30:00Z,2026-08-01T07:30:00+0200,163.79,EUR/MWh,BE,BE,imbalance_price,Short,2026-08-23T11:28:30Z
2026-08-23T11:27:43Z,2026-08-23T13:27:43+0200,aa89dba4-771d-4653-9ac4-44e4858bfe00,2026-08-01T05:45:00Z,2026-08-01T07:45:00+0200,166.49,EUR/MWh,BE,BE,imbalance_price,Long,2026-08-23T11:28:30Z
2026-08-23T11:27:43Z,2026-08-23T13:27:43+0200,aa89dba4-771d-4653-9ac4-44e4858bfe00,2026-08-01T05:45:00Z,2026-08-01T07:45:00+0200,166.49,EUR/MWh,BE,BE,imbalance_price,Short,2026-08-23T11:28:30Z
2026-08-23T11:27:43Z,2026-08-23T13:27:43+0200,aa89dba4-771d-4653-9ac4-44e4858bfe00,2026-08-01T06:00:00Z,2026-08-01T08:00:00+0200,157.5,EUR/MWh,BE,BE,imbalance_price,Long,2026-08-23T11:28:30Z
2026-08-23T11:27:43Z,2026-08-23T13:27:43+0200,aa89dba4-771d-4653-9ac4-44e4858bfe00,2026-08-01T06:00:00Z,2026-08-01T08:00:00+0200,157.5,EUR/MWh,BE,BE,imbalance_price,Short,2026-08-23T11:28:30Z
2026-08-23T11:27:43Z,2026-08-23T13:27:43+0200,aa89dba4-771d-4653-9ac4-44e4858bfe00,2026-08-01T06:15:00Z,2026-08-01T08:15:00+0200,133.15,EUR/MWh,BE,BE,imbalance_price,Long,2026-08-23T11:28:30Z
2026-08-23T11:27:43Z,2026-08-23T13:27:43+0200,aa89dba4-771d-4653-9ac4-44e4858bfe00,2026-08-01T06:15:00Z,2026-08-01T08:15:00+0200,133.15,EUR/MWh,BE,BE,imbalance_price,Short,2026-08-23T11:28:30Z
2026-08-23T11:27:43Z,2026-08-23T13:27:43+0200,aa89dba4-771d-4653-9ac4-44e4858bfe00,2026-08-01T06:30:00Z,2026-08-01T08:30:00+0200,122.28,EUR/MWh,BE,BE,imbalance_price,Long,2026-08-23T11:28:30Z
2026-08-23T11:27:43Z,2026-08-23T13:27:43+0200,aa89dba4-771d-4653-9ac4-44e4858bfe00,2026-08-01T06:30:00Z,2026-08-01T08:30:00+0200,122.28,EUR/MWh,BE,BE,imbalance_price,Short,2026-08-23T11:28:30Z
2026-08-23T11:27:43Z,2026-08-23T13:27:43+0200,aa89dba4-771d-4653-9ac4-44e4858bfe00,2026-08-01T06:45:00Z,2026-08-01T08:45:00+0200,118.0,EUR/MWh,BE,BE,imbalance_price,Long,2026-08-23T11:28:30Z
2026-08-23T11:27:43Z,2026-08-23T13:27:43+0200,aa89dba4-771d-4653-9ac4-44e4858bfe00,2026-08-01T06:45:00Z,2026-08-01T08:45:00+0200,118.0,EUR/MWh,BE,BE,imbalance_price,Short,2026-08-23T11:28:30Z
2026-08-23T11:27:43Z,2026-08-23T13:27:43+0200,aa89dba4-771d-4653-9ac4-44e4858bfe00,2026-08-01T07:00:00Z,2026-08-01T09:00:00+0200,118.0,EUR/MWh,BE,BE,imbalance_price,Long,2026-08-23T11:28:30Z
2026-08-23T11:27:43Z,2026-08-23T13:27:43+0200,aa89dba4-771d-4653-9ac4-44e4858bfe00,2026-08-01T07:00:00Z,2026-08-01T09:00:00+0200,118.0,EUR/MWh,BE,BE,imbalance_price,Short,2026-08-23T11:28:30Z
2026-08-23T11:27:43Z,2026-08-23T13:27:43+0200,aa89dba4-771d-4653-9ac4-44e4858bfe00,2026-08-01T07:15:00Z,2026-08-01T09:15:00+0200,95.82,EUR/MWh,BE,BE,imbalance_price,Long,2026-08-23T11:28:30Z
2026-08-23T11:27:43Z,2026-08-23T13:27:43+0200,aa89dba4-771d-4653-9ac4-44e4858bfe00,2026-08-01T07:15:00Z,2026-08-01T09:15:00+0200,95.82,EUR/MWh,BE,BE,imbalance_price,Short,2026-08-23T11:28:30Z
2026-08-23T11:27:43Z,2026-08-23T13:27:43+0200,aa89dba4-771d-4653-9ac4-44e4858bfe00,2026-08-01T07:30:00Z,2026-08-01T09:30:00+0200,103.0,EUR/MWh,BE,BE,imbalance_price,Long,2026-08-23T11:28:30Z
2026-08-23T11:27:43Z,2026-08-23T13:27:43+0200,aa89dba4-771d-4653-9ac4-44e4858bfe00,2026-08-01T07:30:00Z,2026-08-01T09:30:00+0200,103.0,EUR/MWh,BE,BE,imbalance_price,Short,2026-08-23T11:28:30Z
2026-08-23T11:27:43Z,2026-08-23T13:27:43+0200,aa89dba4-771d-4653-9ac4-44e4858bfe00,2026-08-01T07:45:00Z,2026-08-01T09:45:00+0200,101.0,EUR/MWh,BE,BE,imbalance_price,Long,2026-08-23T11:28:30Z
2026-08-23T11:27:43Z,2026-08-23T13:27:43+0200,aa89dba4-771d-4653-9ac4-44e4858bfe00,2026-08-01T07:45:00Z,2026-08-01T09:45:00+0200,101.0,EUR/MWh,BE,BE,imbalance_price,Short,2026-08-23T11:28:30Z
2026-08-23T11:27:43Z,2026-08-23T13:27:43+0200,aa89dba4-771d-4653-9ac4-44e4858bfe00,2026-08-01T08:00:00Z,2026-08-01T10:00:00+0200,116.38,EUR/MWh,BE,BE,imbalance_price,Long,2026-08-23T11:28:30Z
2026-08-23T11:27:43Z,2026-08-23T13:27:43+0200,aa89dba4-771d-4653-9ac4-44e4858bfe00,2026-08-01T08:00:00Z,2026-08-01T10:00:00+0200,116.38,EUR/MWh,BE,BE,imbalance_price,Short,2026-08-23T11:28:30Z
2026-08-23T11:27:43Z,2026-08-23T13:27:43+0200,aa89dba4-771d-4653-9ac4-44e4858bfe00,2026-08-01T08:15:00Z,2026-08-01T10:15:00+0200,113.0,EUR/MWh,BE,BE,imbalance_price,Long,2026-08-23T11:28:30Z
2026-08-23T11:27:43Z,2026-08-23T13:27:43+0200,aa89dba4-771d-4653-9ac4-44e4858bfe00,2026-08-01T08:15:00Z,2026-08-01T10:15:00+0200,113.0,EUR/MWh,BE,BE,imbalance_price,Short,2026-08-23T11:28:30Z
2026-08-23T11:27:43Z,2026-08-23T13:27:43+0200,aa89dba4-771d-4653-9ac4-44e4858bfe00,2026-08-01T08:30:00Z,2026-08-01T10:30:00+0200,118.0,EUR/MWh,BE,BE,imbalance_price,Long,2026-08-23T11:28:30Z
2026-08-23T11:27:43Z,2026-08-23T13:27:43+0200,aa89dba4-771d-4653-9ac4-44e4858bfe00,2026-08-01T08:30:00Z,2026-08-01T10:30:00+0200,118.0,EUR/MWh,BE,BE,imbalance_price,Short,2026-08-23T11:28:30Z
2026-08-23T11:27:43Z,2026-08-23T13:27:43+0200,aa89dba4-771d-4653-9ac4-44e4858bfe00,2026-08-01T08:45:00Z,2026-08-01T10:45:00+0200,118.0,EUR/MWh,BE,BE,imbalance_price,Long,2026-08-23T11:28:30Z
2026-08-23T11:27:43Z,2026-08-23T13:27:43+0200,aa89dba4-771d-4653-9ac4-44e4858bfe00,2026-08-01T08:45:00Z,2026-08-01T10:45:00+0200,118.0,EUR/MWh,BE,BE,imbalance_price,Short,2026-08-23T11:28:30Z
2026-08-23T11:27:43Z,2026-08-23T13:27:43+0200,aa89dba4-771d-4653-9ac4-44e4858bfe00,2026-08-01T09:00:00Z,2026-08-01T11:00:00+0200,92.19,EUR/MWh,BE,BE,imbalance_price,Long,2026-08-23T11:28:30Z
2026-08-23T11:27:43Z,2026-08-23T13:27:43+0200,aa89dba4-771d-4653-9ac4-44e4858bfe00,2026-08-01T09:00:00Z,2026-08-01T11:00:00+0200,92.19,EUR/MWh,BE,BE,imbalance_price,Short,2026-08-23T11:28:30Z
2026-08-23T11:27:43Z,2026-08-23T13:27:43+0200,aa89dba4-771d-4653-9ac4-44e4858bfe00,2026-08-01T09:15:00Z,2026-08-01T11:15:00+0200,95.87,EUR/MWh,BE,BE,imbalance_price,Long,2026-08-23T11:28:30Z
2026-08-23T11:27:43Z,2026-08-23T13:27:43+0200,aa89dba4-771d-4653-9ac4-44e4858bfe00,2026-08-01T09:15:00Z,2026-08-01T11:15:00+0200,95.87,EUR/MWh,BE,BE,imbalance_price,Short,2026-08-23T11:28:30Z
2026-08-23T11:27:43Z,2026-08-23T13:27:43+0200,aa89dba4-771d-4653-9ac4-44e4858bfe00,2026-08-01T09:30:00Z,2026-08-01T11:30:00+0200,82.61,EUR/MWh,BE,BE,imbalance_price,Long,2026-08-23T11:28:30Z
2026-08-23T11:27:43Z,2026-08-23T13:27:43+0200,aa89dba4-771d-4653-9ac4-44e4858bfe00,2026-08-01T09:30:00Z,2026-08-01T11:30:00+0200,82.61,EUR/MWh,BE,BE,imbalance_price,Short,2026-08-23T11:28:30Z
2026-08-23T11:27:43Z,2026-08-23T13:27:43+0200,aa89dba4-771d-4653-9ac4-44e4858bfe00,2026-08-01T09:45:00Z,2026-08-01T11:45:00+0200,28.94,EUR/MWh,BE,BE,imbalance_price,Long,2026-08-23T11:28:30Z
2026-08-23T11:27:43Z,2026-08-23T13:27:43+0200,aa89dba4-771d-4653-9ac4-44e4858bfe00,2026-08-01T09:45:00Z,2026-08-01T11:45:00+0200,28.94,EUR/MWh,BE,BE,imbalance_price,Short,2026-08-23T11:28:30Z
2026-08-23T11:27:43Z,2026-08-23T13:27:43+0200,aa89dba4-771d-4653-9ac4-44e4858bfe00,2026-08-01T10:00:00Z,2026-08-01T12:00:00+0200,25.64,EUR/MWh,BE,BE,imbalance_price,Long,2026-08-23T11:28:30Z
2026-08-23T11:27:43Z,2026-08-23T13:27:43+0200,aa89dba4-771d-4653-9ac4-44e4858bfe00,2026-08-01T10:00:00Z,2026-08-01T12:00:00+0200,25.64,EUR/MWh,BE,BE,imbalance_price,Short,2026-08-23T11:28:30Z
2026-08-23T11:27:43Z,2026-08-23T13:27:43+0200,aa89dba4-771d-4653-9ac4-44e4858bfe00,2026-08-01T10:15:00Z,2026-08-01T12:15:00+0200,25.65,EUR/MWh,BE,BE,imbalance_price,Long,2026-08-23T11:28:30Z
2026-08-23T11:27:43Z,2026-08-23T13:27:43+0200,aa89dba4-771d-4653-9ac4-44e4858bfe00,2026-08-01T10:15:00Z,2026-08-01T12:15:00+0200,25.65,EUR/MWh,BE,BE,imbalance_price,Short,2026-08-23T11:28:30Z
2026-08-23T11:27:43Z,2026-08-23T13:27:43+0200,aa89dba4-771d-4653-9ac4-44e4858bfe00,2026-08-01T10:30:00Z,2026-08-01T12:30:00+0200,25.64,EUR/MWh,BE,BE,imbalance_price,Long,2026-08-23T11:28:30Z
2026-08-23T11:27:43Z,2026-08-23T13:27:43+0200,aa89dba4-771d-4653-9ac4-44e4858bfe00,2026-08-01T10:30:00Z,2026-08-01T12:30:00+0200,25.64,EUR/MWh,BE,BE,imbalance_price,Short,2026-08-23T11:28:30Z
2026-08-23T11:27:43Z,2026-08-23T13:27:43+0200,aa89dba4-771d-4653-9ac4-44e4858bfe00,2026-08-01T10:45:00Z,2026-08-01T12:45:00+0200,21.0,EUR/MWh,BE,BE,imbalance_price,Long,2026-08-23T11:28:30Z
2026-08-23T11:27:43Z,2026-08-23T13:27:43+0200,aa89dba4-771d-4653-9ac4-44e4858bfe00,2026-08-01T10:45:00Z,2026-08-01T12:45:00+0200,21.0,EUR/MWh,BE,BE,imbalance_price,Short,2026-08-23T11:28:30Z
2026-08-23T11:27:43Z,2026-08-23T13:27:43+0200,aa89dba4-771d-4653-9ac4-44e4858bfe00,2026-08-01T11:00:00Z,2026-08-01T13:00:00+0200,13.22,EUR/MWh,BE,BE,imbalance_price,Long,2026-08-23T11:28:30Z
2026-08-23T11:27:43Z,2026-08-23T13:27:43+0200,aa89dba4-771d-4653-9ac4-44e4858bfe00,2026-08-01T11:00:00Z,2026-08-01T13:00:00+0200,13.22,EUR/MWh,BE,BE,imbalance_price,Short,2026-08-23T11:28:30Z
2026-08-23T11:27:43Z,2026-08-23T13:27:43+0200,aa89dba4-771d-4653-9ac4-44e4858bfe00,2026-08-01T11:15:00Z,2026-08-01T13:15:00+0200,15.27,EUR/MWh,BE,BE,imbalance_price,Long,2026-08-23T11:28:30Z
2026-08-23T11:27:43Z,2026-08-23T13:27:43+0200,aa89dba4-771d-4653-9ac4-44e4858bfe00,2026-08-01T11:15:00Z,2026-08-01T13:15:00+0200,15.27,EUR/MWh,BE,BE,imbalance_price,Short,2026-08-23T11:28:30Z
2026-08-23T11:27:43Z,2026-08-23T13:27:43+0200,aa89dba4-771d-4653-9ac4-44e4858bfe00,2026-08-01T11:30:00Z,2026-08-01T13:30:00+0200,8.53,EUR/MWh,BE,BE,imbalance_price,Long,2026-08-23T11:28:30Z
2026-08-23T11:27:43Z,2026-08-23T13:27:43+0200,aa89dba4-771d-4653-9ac4-44e4858bfe00,2026-08-01T11:30:00Z,2026-08-01T13:30:00+0200,8.53,EUR/MWh,BE,BE,imbalance_price,Short,2026-08-23T11:28:30Z
2026-08-23T11:27:43Z,2026-08-23T13:27:43+0200,aa89dba4-771d-4653-9ac4-44e4858bfe00,2026-08-01T11:45:00Z,2026-08-01T13:45:00+0200,21.63,EUR/MWh,BE,BE,imbalance_price,Long,2026-08-23T11:28:30Z
2026-08-23T11:27:43Z,2026-08-23T13:27:43+0200,aa89dba4-771d-4653-9ac4-44e4858bfe00,2026-08-01T11:45:00Z,2026-08-01T13:45:00+0200,21.63,EUR/MWh,BE,BE,imbalance_price,Short,2026-08-23T11:28:30Z
2026-08-23T11:27:43Z,2026-08-23T13:27:43+0200,aa89dba4-771d-4653-9ac4-44e4858bfe00,2026-08-01T12:00:00Z,2026-08-01T14:00:00+0200,15.38,EUR/MWh,BE,BE,imbalance_price,Long,2026-08-23T11:28:30Z
2026-08-23T11:27:43Z,2026-08-23T13:27:43+0200,aa89dba4-771d-4653-9ac4-44e4858bfe00,2026-08-01T12:00:00Z,2026-08-01T14:00:00+0200,15.38,EUR/MWh,BE,BE,imbalance_price,Short,2026-08-23T11:28:30Z
2026-08-23T11:27:43Z,2026-08-23T13:27:43+0200,aa89dba4-771d-4653-9ac4-44e4858bfe00,2026-08-01T12:15:00Z,2026-08-01T14:15:00+0200,30.19,EUR/MWh,BE,BE,imbalance_price,Long,2026-08-23T11:28:30Z
2026-08-23T11:27:43Z,2026-08-23T13:27:43+0200,aa89dba4-771d-4653-9ac4-44e4858bfe00,2026-08-01T12:15:00Z,2026-08-01T14:15:00+0200,30.19,EUR/MWh,BE,BE,imbalance_price,Short,2026-08-23T11:28:30Z
2026-08-23T11:27:43Z,2026-08-23T13:27:43+0200,aa89dba4-771d-4653-9ac4-44e4858bfe00,2026-08-01T12:30:00Z,2026-08-01T14:30:00+0200,28.41,EUR/MWh,BE,BE,imbalance_price,Long,2026-08-23T11:28:30Z
2026-08-23T11:27:43Z,2026-08-23T13:27:43+0200,aa89dba4-771d-4653-9ac4-44e4858bfe00,2026-08-01T12:30:00Z,2026-08-01T14:30:00+0200,28.41,EUR/MWh,BE,BE,imbalance_price,Short,2026-08-23T11:28:30Z
2026-08-23T11:27:43Z,2026-08-23T13:27:43+0200,aa89dba4-771d-4653-9ac4-44e4858bfe00,2026-08-01T12:45:00Z,2026-08-01T14:45:00+0200,17.12,EUR/MWh,BE,BE,imbalance_price,Long,2026-08-23T11:28:30Z
2026-08-23T11:27:43Z,2026-08-23T13:27:43+0200,aa89dba4-771d-4653-9ac4-44e4858bfe00,2026-08-01T12:45:00Z,2026-08-01T14:45:00+0200,17.12,EUR/MWh,BE,BE,imbalance_price,Short,2026-08-23T11:28:30Z
2026-08-23T11:27:43Z,2026-08-23T13:27:43+0200,aa89dba4-771d-4653-9ac4-44e4858bfe00,2026-08-01T13:00:00Z,2026-08-01T15:00:00+0200,20.08,EUR/MWh,BE,BE,imbalance_price,Long,2026-08-23T11:28:30Z
2026-08-23T11:27:43Z,2026-08-23T13:27:43+0200,aa89dba4-771d-4653-9ac4-44e4858bfe00,2026-08-01T13:00:00Z,2026-08-01T15:00:00+0200,20.08,EUR/MWh,BE,BE,imbalance_price,Short,2026-08-23T11:28:30Z
2026-08-23T11:27:43Z,2026-08-23T13:27:43+0200,aa89dba4-771d-4653-9ac4-44e4858bfe00,2026-08-01T13:15:00Z,2026-08-01T15:15:00+0200,18.64,EUR/MWh,BE,BE,imbalance_price,Long,2026-08-23T11:28:30Z
2026-08-23T11:27:43Z,2026-08-23T13:27:43+0200,aa89dba4-771d-4653-9ac4-44e4858bfe00,2026-08-01T13:15:00Z,2026-08-01T15:15:00+0200,18.64,EUR/MWh,BE,BE,imbalance_price,Short,2026-08-23T11:28:30Z
2026-08-23T11:27:43Z,2026-08-23T13:27:43+0200,aa89dba4-771d-4653-9ac4-44e4858bfe00,2026-08-01T13:30:00Z,2026-08-01T15:30:00+0200,21.68,EUR/MWh,BE,BE,imbalance_price,Long,2026-08-23T11:28:30Z
2026-08-23T11:27:43Z,2026-08-23T13:27:43+0200,aa89dba4-771d-4653-9ac4-44e4858bfe00,2026-08-01T13:30:00Z,2026-08-01T15:30:00+0200,21.68,EUR/MWh,BE,BE,imbalance_price,Short,2026-08-23T11:28:30Z
2026-08-23T11:27:43Z,2026-08-23T13:27:43+0200,aa89dba4-771d-4653-9ac4-44e4858bfe00,2026-08-01T13:45:00Z,2026-08-01T15:45:00+0200,19.28,EUR/MWh,BE,BE,imbalance_price,Long,2026-08-23T11:28:30Z
2026-08-23T11:27:43Z,2026-08-23T13:27:43+0200,aa89dba4-771d-4653-9ac4-44e4858bfe00,2026-08-01T13:45:00Z,2026-08-01T15:45:00+0200,19.28,EUR/MWh,BE,BE,imbalance_price,Short,2026-08-23T11:28:30Z
2026-08-23T11:27:43Z,2026-08-23T13:27:43+0200,aa89dba4-771d-4653-9ac4-44e4858bfe00,2026-08-01T14:00:00Z,2026-08-01T16:00:00+0200,21.68,EUR/MWh,BE,BE,imbalance_price,Long,2026-08-23T11:28:30Z
2026-08-23T11:27:43Z,2026-08-23T13:27:43+0200,aa89dba4-771d-4653-9ac4-44e4858bfe00,2026-08-01T14:00:00Z,2026-08-01T16:00:00+0200,21.68,EUR/MWh,BE,BE,imbalance_price,Short,2026-08-23T11:28:30Z
2026-08-23T11:27:43Z,2026-08-23T13:27:43+0200,aa89dba4-771d-4653-9ac4-44e4858bfe00,2026-08-01T14:15:00Z,2026-08-01T16:15:00+0200,21.68,EUR/MWh,BE,BE,imbalance_price,Long,2026-08-23T11:28:30Z
2026-08-23T11:27:43Z,2026-08-23T13:27:43+0200,aa89dba4-771d-4653-9ac4-44e4858bfe00,2026-08-01T14:15:00Z,2026-08-01T16:15:00+0200,21.68,EUR/MWh,BE,BE,imbalance_price,Short,2026-08-23T11:28:30Z
2026-08-23T11:27:43Z,2026-08-23T13:27:43+0200,aa89dba4-771d-4653-9ac4-44e4858bfe00,2026-08-01T14:30:00Z,2026-08-01T16:30:00+0200,134.96,EUR/MWh,BE,BE,imbalance_price,Long,2026-08-23T11:28:30Z
2026-08-23T11:27:43Z,2026-08-23T13:27:43+0200,aa89dba4-771d-4653-9ac4-44e4858bfe00,2026-08-01T14:30:00Z,2026-08-01T16:30:00+0200,134.96,EUR/MWh,BE,BE,imbalance_price,Short,2026-08-23T11:28:30Z
2026-08-23T11:27:43Z,2026-08-23T13:27:43+0200,aa89dba4-771d-4653-9ac4-44e4858bfe00,2026-08-01T14:45:00Z,2026-08-01T16:45:00+0200,122.99,EUR/MWh,BE,BE,imbalance_price,Long,2026-08-23T11:28:30Z
2026-08-23T11:27:43Z,2026-08-23T13:27:43+0200,aa89dba4-771d-4653-9ac4-44e4858bfe00,2026-08-01T14:45:00Z,2026-08-01T16:45:00+0200,122.99,EUR/MWh,BE,BE,imbalance_price,Short,2026-08-23T11:28:30Z
2026-08-23T11:27:43Z,2026-08-23T13:27:43+0200,aa89dba4-771d-4653-9ac4-44e4858bfe00,2026-08-01T15:00:00Z,2026-08-01T17:00:00+0200,110.05,EUR/MWh,BE,BE,imbalance_price,Long,2026-08-23T11:28:30Z
2026-08-23T11:27:43Z,2026-08-23T13:27:43+0200,aa89dba4-771d-4653-9ac4-44e4858bfe00,2026-08-01T15:00:00Z,2026-08-01T17:00:00+0200,110.05,EUR/MWh,BE,BE,imbalance_price,Short,2026-08-23T11:28:30Z
2026-08-23T11:27:43Z,2026-08-23T13:27:43+0200,aa89dba4-771d-4653-9ac4-44e4858bfe00,2026-08-01T15:15:00Z,2026-08-01T17:15:00+0200,112.73,EUR/MWh,BE,BE,imbalance_price,Long,2026-08-23T11:28:30Z
2026-08-23T11:27:43Z,2026-08-23T13:27:43+0200,aa89dba4-771d-4653-9ac4-44e4858bfe00,2026-08-01T15:15:00Z,2026-08-01T17:15:00+0200,112.73,EUR/MWh,BE,BE,imbalance_price,Short,2026-08-23T11:28:30Z
2026-08-23T11:27:43Z,2026-08-23T13:27:43+0200,aa89dba4-771d-4653-9ac4-44e4858bfe00,2026-08-01T15:30:00Z,2026-08-01T17:30:00+0200,153.28,EUR/MWh,BE,BE,imbalance_price,Long,2026-08-23T11:28:30Z
2026-08-23T11:27:43Z,2026-08-23T13:27:43+0200,aa89dba4-771d-4653-9ac4-44e4858bfe00,2026-08-01T15:30:00Z,2026-08-01T17:30:00+0200,153.28,EUR/MWh,BE,BE,imbalance_price,Short,2026-08-23T11:28:30Z
2026-08-23T11:27:43Z,2026-08-23T13:27:43+0200,aa89dba4-771d-4653-9ac4-44e4858bfe00,2026-08-01T15:45:00Z,2026-08-01T17:45:00+0200,151.77,EUR/MWh,BE,BE,imbalance_price,Long,2026-08-23T11:28:30Z
2026-08-23T11:27:43Z,2026-08-23T13:27:43+0200,aa89dba4-771d-4653-9ac4-44e4858bfe00,2026-08-01T15:45:00Z,2026-08-01T17:45:00+0200,151.77,EUR/MWh,BE,BE,imbalance_price,Short,2026-08-23T11:28:30Z
2026-08-23T11:27:43Z,2026-08-23T13:27:43+0200,aa89dba4-771d-4653-9ac4-44e4858bfe00,2026-08-01T16:00:00Z,2026-08-01T18:00:00+0200,161.65,EUR/MWh,BE,BE,imbalance_price,Long,2026-08-23T11:28:30Z
2026-08-23T11:27:43Z,2026-08-23T13:27:43+0200,aa89dba4-771d-4653-9ac4-44e4858bfe00,2026-08-01T16:00:00Z,2026-08-01T18:00:00+0200,161.65,EUR/MWh,BE,BE,imbalance_price,Short,2026-08-23T11:28:30Z
2026-08-23T11:27:43Z,2026-08-23T13:27:43+0200,aa89dba4-771d-4653-9ac4-44e4858bfe00,2026-08-01T16:15:00Z,2026-08-01T18:15:00+0200,174.62,EUR/MWh,BE,BE,imbalance_price,Long,2026-08-23T11:28:30Z
2026-08-23T11:27:43Z,2026-08-23T13:27:43+0200,aa89dba4-771d-4653-9ac4-44e4858bfe00,2026-08-01T16:15:00Z,2026-08-01T18:15:00+0200,174.62,EUR/MWh,BE,BE,imbalance_price,Short,2026-08-23T11:28:30Z
2026-08-23T11:27:43Z,2026-08-23T13:27:43+0200,aa89dba4-771d-4653-9ac4-44e4858bfe00,2026-08-01T16:30:00Z,2026-08-01T18:30:00+0200,184.3,EUR/MWh,BE,BE,imbalance_price,Long,2026-08-23T11:28:30Z
2026-08-23T11:27:43Z,2026-08-23T13:27:43+0200,aa89dba4-771d-4653-9ac4-44e4858bfe00,2026-08-01T16:30:00Z,2026-08-01T18:30:00+0200,184.3,EUR/MWh,BE,BE,imbalance_price,Short,2026-08-23T11:28:30Z
2026-08-23T11:27:43Z,2026-08-23T13:27:43+0200,aa89dba4-771d-4653-9ac4-44e4858bfe00,2026-08-01T16:45:00Z,2026-08-01T18:45:00+0200,189.78,EUR/MWh,BE,BE,imbalance_price,Long,2026-08-23T11:28:30Z
2026-08-23T11:27:43Z,2026-08-23T13:27:43+0200,aa89dba4-771d-4653-9ac4-44e4858bfe00,2026-08-01T16:45:00Z,2026-08-01T18:45:00+0200,189.78,EUR/MWh,BE,BE,imbalance_price,Short,2026-08-23T11:28:30Z
2026-08-23T11:27:43Z,2026-08-23T13:27:43+0200,aa89dba4-771d-4653-9ac4-44e4858bfe00,2026-08-01T17:00:00Z,2026-08-01T19:00:00+0200,191.49,EUR/MWh,BE,BE,imbalance_price,Long,2026-08-23T11:28:30Z
2026-08-23T11:27:43Z,2026-08-23T13:27:43+0200,aa89dba4-771d-4653-9ac4-44e4858bfe00,2026-08-01T17:00:00Z,2026-08-01T19:00:00+0200,191.49,EUR/MWh,BE,BE,imbalance_price,Short,2026-08-23T11:28:30Z
2026-08-23T11:27:43Z,2026-08-23T13:27:43+0200,aa89dba4-771d-4653-9ac4-44e4858bfe00,2026-08-01T17:15:00Z,2026-08-01T19:15:00+0200,192.77,EUR/MWh,BE,BE,imbalance_price,Long,2026-08-23T11:28:30Z
2026-08-23T11:27:43Z,2026-08-23T13:27:43+0200,aa89dba4-771d-4653-9ac4-44e4858bfe00,2026-08-01T17:15:00Z,2026-08-01T19:15:00+0200,192.77,EUR/MWh,BE,BE,imbalance_price,Short,2026-08-23T11:28:30Z
2026-08-23T11:27:43Z,2026-08-23T13:27:43+0200,aa89dba4-771d-4653-9ac4-44e4858bfe00,2026-08-01T17:30:00Z,2026-08-01T19:30:00+0200,178.84,EUR/MWh,BE,BE,imbalance_price,Long,2026-08-23T11:28:30Z
2026-08-23T11:27:43Z,2026-08-23T13:27:43+0200,aa89dba4-771d-4653-9ac4-44e4858bfe00,2026-08-01T17:30:00Z,2026-08-01T19:30:00+0200,178.84,EUR/MWh,BE,BE,imbalance_price,Short,2026-08-23T11:28:30Z
2026-08-23T11:27:43Z,2026-08-23T13:27:43+0200,aa89dba4-771d-4653-9ac4-44e4858bfe00,2026-08-01T17:45:00Z,2026-08-01T19:45:00+0200,159.73,EUR/MWh,BE,BE,imbalance_price,Long,2026-08-23T11:28:30Z
2026-08-23T11:27:43Z,2026-08-23T13:27:43+0200,aa89dba4-771d-4653-9ac4-44e4858bfe00,2026-08-01T17:45:00Z,2026-08-01T19:45:00+0200,159.73,EUR/MWh,BE,BE,imbalance_price,Short,2026-08-23T11:28:30Z
2026-08-23T11:27:43Z,2026-08-23T13:27:43+0200,aa89dba4-771d-4653-9ac4-44e4858bfe00,2026-08-01T18:00:00Z,2026-08-01T20:00:00+0200,189.0,EUR/MWh,BE,BE,imbalance_price,Long,2026-08-23T11:28:30Z
2026-08-23T11:27:43Z,2026-08-23T13:27:43+0200,aa89dba4-771d-4653-9ac4-44e4858bfe00,2026-08-01T18:00:00Z,2026-08-01T20:00:00+0200,189.0,EUR/MWh,BE,BE,imbalance_price,Short,2026-08-23T11:28:30Z
2026-08-23T11:27:43Z,2026-08-23T13:27:43+0200,aa89dba4-771d-4653-9ac4-44e4858bfe00,2026-08-01T18:15:00Z,2026-08-01T20:15:00+0200,191.09,EUR/MWh,BE,BE,imbalance_price,Long,2026-08-23T11:28:30Z
2026-08-23T11:27:43Z,2026-08-23T13:27:43+0200,aa89dba4-771d-4653-9ac4-44e4858bfe00,2026-08-01T18:15:00Z,2026-08-01T20:15:00+0200,191.09,EUR/MWh,BE,BE,imbalance_price,Short,2026-08-23T11:28:30Z
2026-08-23T11:27:43Z,2026-08-23T13:27:43+0200,aa89dba4-771d-4653-9ac4-44e4858bfe00,2026-08-01T18:30:00Z,2026-08-01T20:30:00+0200,191.14,EUR/MWh,BE,BE,imbalance_price,Long,2026-08-23T11:28:30Z
2026-08-23T11:27:43Z,2026-08-23T13:27:43+0200,aa89dba4-771d-4653-9ac4-44e4858bfe00,2026-08-01T18:30:00Z,2026-08-01T20:30:00+0200,191.14,EUR/MWh,BE,BE,imbalance_price,Short,2026-08-23T11:28:30Z
2026-08-23T11:27:43Z,2026-08-23T13:27:43+0200,aa89dba4-771d-4653-9ac4-44e4858bfe00,2026-08-01T18:45:00Z,2026-08-01T20:45:00+0200,177.76,EUR/MWh,BE,BE,imbalance_price,Long,2026-08-23T11:28:30Z
2026-08-23T11:27:43Z,2026-08-23T13:27:43+0200,aa89dba4-771d-4653-9ac4-44e4858bfe00,2026-08-01T18:45:00Z,2026-08-01T20:45:00+0200,177.76,EUR/MWh,BE,BE,imbalance_price,Short,2026-08-23T11:28:30Z
2026-08-23T11:27:43Z,2026-08-23T13:27:43+0200,aa89dba4-771d-4653-9ac4-44e4858bfe00,2026-08-01T19:00:00Z,2026-08-01T21:00:00+0200,191.17,EUR/MWh,BE,BE,imbalance_price,Long,2026-08-23T11:28:30Z
2026-08-23T11:27:43Z,2026-08-23T13:27:43+0200,aa89dba4-771d-4653-9ac4-44e4858bfe00,2026-08-01T19:00:00Z,2026-08-01T21:00:00+0200,191.17,EUR/MWh,BE,BE,imbalance_price,Short,2026-08-23T11:28:30Z
2026-08-23T11:27:43Z,2026-08-23T13:27:43+0200,aa89dba4-771d-4653-9ac4-44e4858bfe00,2026-08-01T19:15:00Z,2026-08-01T21:15:00+0200,191.11,EUR/MWh,BE,BE,imbalance_price,Long,2026-08-23T11:28:30Z
2026-08-23T11:27:43Z,2026-08-23T13:27:43+0200,aa89dba4-771d-4653-9ac4-44e4858bfe00,2026-08-01T19:15:00Z,2026-08-01T21:15:00+0200,191.11,EUR/MWh,BE,BE,imbalance_price,Short,2026-08-23T11:28:30Z
2026-08-23T11:27:43Z,2026-08-23T13:27:43+0200,aa89dba4-771d-4653-9ac4-44e4858bfe00,2026-08-01T19:30:00Z,2026-08-01T21:30:00+0200,194.31,EUR/MWh,BE,BE,imbalance_price,Long,2026-08-23T11:28:30Z
2026-08-23T11:27:43Z,2026-08-23T13:27:43+0200,aa89dba4-771d-4653-9ac4-44e4858bfe00,2026-08-01T19:30:00Z,2026-08-01T21:30:00+0200,194.31,EUR/MWh,BE,BE,imbalance_price,Short,2026-08-23T11:28:30Z
2026-08-23T11:27:43Z,2026-08-23T13:27:43+0200,aa89dba4-771d-4653-9ac4-44e4858bfe00,2026-08-01T19:45:00Z,2026-08-01T21:45:00+0200,197.82,EUR/MWh,BE,BE,imbalance_price,Long,2026-08-23T11:28:30Z
2026-08-23T11:27:43Z,2026-08-23T13:27:43+0200,aa89dba4-771d-4653-9ac4-44e4858bfe00,2026-08-01T19:45:00Z,2026-08-01T21:45:00+0200,197.82,EUR/MWh,BE,BE,imbalance_price,Short,2026-08-23T11:28:30Z
2026-08-23T11:27:43Z,2026-08-23T13:27:43+0200,aa89dba4-771d-4653-9ac4-44e4858bfe00,2026-08-01T20:00:00Z,2026-08-01T22:00:00+0200,191.25,EUR/MWh,BE,BE,imbalance_price,Long,2026-08-23T11:28:30Z
2026-08-23T11:27:43Z,2026-08-23T13:27:43+0200,aa89dba4-771d-4653-9ac4-44e4858bfe00,2026-08-01T20:00:00Z,2026-08-01T22:00:00+0200,191.25,EUR/MWh,BE,BE,imbalance_price,Short,2026-08-23T11:28:30Z
2026-08-23T11:27:43Z,2026-08-23T13:27:43+0200,aa89dba4-771d-4653-9ac4-44e4858bfe00,2026-08-01T20:15:00Z,2026-08-01T22:15:00+0200,188.06,EUR/MWh,BE,BE,imbalance_price,Long,2026-08-23T11:28:30Z
2026-08-23T11:27:43Z,2026-08-23T13:27:43+0200,aa89dba4-771d-4653-9ac4-44e4858bfe00,2026-08-01T20:15:00Z,2026-08-01T22:15:00+0200,188.06,EUR/MWh,BE,BE,imbalance_price,Short,2026-08-23T11:28:30Z
2026-08-23T11:27:43Z,2026-08-23T13:27:43+0200,aa89dba4-771d-4653-9ac4-44e4858bfe00,2026-08-01T20:30:00Z,2026-08-01T22:30:00+0200,187.98,EUR/MWh,BE,BE,imbalance_price,Long,2026-08-23T11:28:30Z
2026-08-23T11:27:43Z,2026-08-23T13:27:43+0200,aa89dba4-771d-4653-9ac4-44e4858bfe00,2026-08-01T20:30:00Z,2026-08-01T22:30:00+0200,187.98,EUR/MWh,BE,BE,imbalance_price,Short,2026-08-23T11:28:30Z
2026-08-23T11:27:43Z,2026-08-23T13:27:43+0200,aa89dba4-771d-4653-9ac4-44e4858bfe00,2026-08-01T20:45:00Z,2026-08-01T22:45:00+0200,187.88,EUR/MWh,BE,BE,imbalance_price,Long,2026-08-23T11:28:30Z
2026-08-23T11:27:43Z,2026-08-23T13:27:43+0200,aa89dba4-771d-4653-9ac4-44e4858bfe00,2026-08-01T20:45:00Z,2026-08-01T22:45:00+0200,187.88,EUR/MWh,BE,BE,imbalance_price,Short,2026-08-23T11:28:30Z
2026-08-23T11:27:43Z,2026-08-23T13:27:43+0200,aa89dba4-771d-4653-9ac4-44e4858bfe00,2026-08-01T21:00:00Z,2026-08-01T23:00:00+0200,187.93,EUR/MWh,BE,BE,imbalance_price,Long,2026-08-23T11:28:30Z
2026-08-23T11:27:43Z,2026-08-23T13:27:43+0200,aa89dba4-771d-4653-9ac4-44e4858bfe00,2026-08-01T21:00:00Z,2026-08-01T23:00:00+0200,187.93,EUR/MWh,BE,BE,imbalance_price,Short,2026-08-23T11:28:30Z
2026-08-23T11:27:43Z,2026-08-23T13:27:43+0200,aa89dba4-771d-4653-9ac4-44e4858bfe00,2026-08-01T21:15:00Z,2026-08-01T23:15:00+0200,136.15,EUR/MWh,BE,BE,imbalance_price,Long,2026-08-23T11:28:30Z
2026-08-23T11:27:43Z,2026-08-23T13:27:43+0200,aa89dba4-771d-4653-9ac4-44e4858bfe00,2026-08-01T21:15:00Z,2026-08-01T23:15:00+0200,136.15,EUR/MWh,BE,BE,imbalance_price,Short,2026-08-23T11:28:30Z
2026-08-23T11:27:43Z,2026-08-23T13:27:43+0200,aa89dba4-771d-4653-9ac4-44e4858bfe00,2026-08-01T21:30:00Z,2026-08-01T23:30:00+0200,156.0,EUR/MWh,BE,BE,imbalance_price,Long,2026-08-23T11:28:30Z
2026-08-23T11:27:43Z,2026-08-23T13:27:43+0200,aa89dba4-771d-4653-9ac4-44e4858bfe00,2026-08-01T21:30:00Z,2026-08-01T23:30:00+0200,156.0,EUR/MWh,BE,BE,imbalance_price,Short,2026-08-23T11:28:30Z
2026-08-23T11:27:43Z,2026-08-23T13:27:43+0200,aa89dba4-771d-4653-9ac4-44e4858bfe00,2026-08-01T21:45:00Z,2026-08-01T23:45:00+0200,175.0,EUR/MWh,BE,BE,imbalance_price,Long,2026-08-23T11:28:30Z
2026-08-23T11:27:43Z,2026-08-23T13:27:43+0200,aa89dba4-771d-4653-9ac4-44e4858bfe00,2026-08-01T21:45:00Z,2026-08-01T23:45:00+0200,175.0,EUR/MWh,BE,BE,imbalance_price,Short,2026-08-23T11:28:30Z
2026-08-23T11:27:43Z,2026-08-23T13:27:43+0200,aa89dba4-771d-4653-9ac4-44e4858bfe00,2026-08-01T22:00:00Z,2026-08-02T00:00:00+0200,132.86,EUR/MWh,BE,BE,imbalance_price,Long,2026-08-23T11:28:30Z
2026-08-23T11:27:43Z,2026-08-23T13:27:43+0200,aa89dba4-771d-4653-9ac4-44e4858bfe00,2026-08-01T22:00:00Z,2026-08-02T00:00:00+0200,132.86,EUR/MWh,BE,BE,imbalance_price,Short,2026-08-23T11:28:30Z
2026-08-23T11:27:43Z,2026-08-23T13:27:43+0200,aa89dba4-771d-4653-9ac4-44e4858bfe00,2026-08-01T22:15:00Z,2026-08-02T00:15:00+0200,150.58,EUR/MWh,BE,BE,imbalance_price,Long,2026-08-23T11:28:30Z
2026-08-23T11:27:43Z,2026-08-23T13:27:43+0200,aa89dba4-771d-4653-9ac4-44e4858bfe00,2026-08-01T22:15:00Z,2026-08-02T00:15:00+0200,150.58,EUR/MWh,BE,BE,imbalance_price,Short,2026-08-23T11:28:30Z
2026-08-23T11:27:43Z,2026-08-23T13:27:43+0200,aa89dba4-771d-4653-9ac4-44e4858bfe00,2026-08-01T22:30:00Z,2026-08-02T00:30:00+0200,164.13,EUR/MWh,BE,BE,imbalance_price,Long,2026-08-23T11:28:30Z
2026-08-23T11:27:43Z,2026-08-23T13:27:43+0200,aa89dba4-771d-4653-9ac4-44e4858bfe00,2026-08-01T22:30:00Z,2026-08-02T00:30:00+0200,164.13,EUR/MWh,BE,BE,imbalance_price,Short,2026-08-23T11:28:30Z
2026-08-23T11:27:43Z,2026-08-23T13:27:43+0200,aa89dba4-771d-4653-9ac4-44e4858bfe00,2026-08-01T22:45:00Z,2026-08-02T00:45:00+0200,150.1,EUR/MWh,BE,BE,imbalance_price,Long,2026-08-23T11:28:30Z
2026-08-23T11:27:43Z,2026-08-23T13:27:43+0200,aa89dba4-771d-4653-9ac4-44e4858bfe00,2026-08-01T22:45:00Z,2026-08-02T00:45:00+0200,150.1,EUR/MWh,BE,BE,imbalance_price,Short,2026-08-23T11:28:30Z
2026-08-23T11:27:43Z,2026-08-23T13:27:43+0200,aa89dba4-771d-4653-9ac4-44e4858bfe00,2026-08-01T23:00:00Z,2026-08-02T01:00:00+0200,154.1,EUR/MWh,BE,BE,imbalance_price,Long,2026-08-23T11:28:30Z
2026-08-23T11:27:43Z,2026-08-23T13:27:43+0200,aa89dba4-771d-4653-9ac4-44e4858bfe00,2026-08-01T23:00:00Z,2026-08-02T01:00:00+0200,154.1,EUR/MWh,BE,BE,imbalance_price,Short,2026-08-23T11:28:30Z
2026-08-23T11:27:43Z,2026-08-23T13:27:43+0200,aa89dba4-771d-4653-9ac4-44e4858bfe00,2026-08-01T23:15:00Z,2026-08-02T01:15:00+0200,142.52,EUR/MWh,BE,BE,imbalance_price,Long,2026-08-23T11:28:30Z
2026-08-23T11:27:43Z,2026-08-23T13:27:43+0200,aa89dba4-771d-4653-9ac4-44e4858bfe00,2026-08-01T23:15:00Z,2026-08-02T01:15:00+0200,142.52,EUR/MWh,BE,BE,imbalance_price,Short,2026-08-23T11:28:30Z
2026-08-23T11:27:43Z,2026-08-23T13:27:43+0200,aa89dba4-771d-4653-9ac4-44e4858bfe00,2026-08-01T23:30:00Z,2026-08-02T01:30:00+0200,150.96,EUR/MWh,BE,BE,imbalance_price,Long,2026-08-23T11:28:30Z
2026-08-23T11:27:43Z,2026-08-23T13:27:43+0200,aa89dba4-771d-4653-9ac4-44e4858bfe00,2026-08-01T23:30:00Z,2026-08-02T01:30:00+0200,150.96,EUR/MWh,BE,BE,imbalance_price,Short,2026-08-23T11:28:30Z
2026-08-23T11:27:43Z,2026-08-23T13:27:43+0200,aa89dba4-771d-4653-9ac4-44e4858bfe00,2026-08-01T23:45:00Z,2026-08-02T01:45:00+0200,146.54,EUR/MWh,BE,BE,imbalance_price,Long,2026-08-23T11:28:30Z
2026-08-23T11:27:43Z,2026-08-23T13:27:43+0200,aa89dba4-771d-4653-9ac4-44e4858bfe00,2026-08-01T23:45:00Z,2026-08-02T01:45:00+0200,146.54,EUR/MWh,BE,BE,imbalance_price,Short,2026-08-23T11:28:30Z
2026-08-23T11:27:43Z,2026-08-23T13:27:43+0200,aa89dba4-771d-4653-9ac4-44e4858bfe00,2026-08-02T00:00:00Z,2026-08-02T02:00:00+0200,152.64,EUR/MWh,BE,BE,imbalance_price,Long,2026-08-23T11:28:30Z
2026-08-23T11:27:43Z,2026-08-23T13:27:43+0200,aa89dba4-771d-4653-9ac4-44e4858bfe00,2026-08-02T00:00:00Z,2026-08-02T02:00:00+0200,152.64,EUR/MWh,BE,BE,imbalance_price,Short,2026-08-23T11:28:30Z
2026-08-23T11:27:43Z,2026-08-23T13:27:43+0200,aa89dba4-771d-4653-9ac4-44e4858bfe00,2026-08-02T00:15:00Z,2026-08-02T02:15:00+0200,150.98,EUR/MWh,BE,BE,imbalance_price,Long,2026-08-23T11:28:30Z
2026-08-23T11:27:43Z,2026-08-23T13:27:43+0200,aa89dba4-771d-4653-9ac4-44e4858bfe00,2026-08-02T00:15:00Z,2026-08-02T02:15:00+0200,150.98,EUR/MWh,BE,BE,imbalance_price,Short,2026-08-23T11:28:30Z
2026-08-23T11:27:43Z,2026-08-23T13:27:43+0200,aa89dba4-771d-4653-9ac4-44e4858bfe00,2026-08-02T00:30:00Z,2026-08-02T02:30:00+0200,181.66,EUR/MWh,BE,BE,imbalance_price,Long,2026-08-23T11:28:30Z
2026-08-23T11:27:43Z,2026-08-23T13:27:43+0200,aa89dba4-771d-4653-9ac4-44e4858bfe00,2026-08-02T00:30:00Z,2026-08-02T02:30:00+0200,181.66,EUR/MWh,BE,BE,imbalance_price,Short,2026-08-23T11:28:30Z
2026-08-23T11:27:43Z,2026-08-23T13:27:43+0200,aa89dba4-771d-4653-9ac4-44e4858bfe00,2026-08-02T00:45:00Z,2026-08-02T02:45:00+0200,152.62,EUR/MWh,BE,BE,imbalance_price,Long,2026-08-23T11:28:30Z
2026-08-23T11:27:43Z,2026-08-23T13:27:43+0200,aa89dba4-771d-4653-9ac4-44e4858bfe00,2026-08-02T00:45:00Z,2026-08-02T02:45:00+0200,152.62,EUR/MWh,BE,BE,imbalance_price,Short,2026-08-23T11:28:30Z
2026-08-23T11:27:43Z,2026-08-23T13:27:43+0200,aa89dba4-771d-4653-9ac4-44e4858bfe00,2026-08-02T01:00:00Z,2026-08-02T03:00:00+0200,162.37,EUR/MWh,BE,BE,imbalance_price,Long,2026-08-23T11:28:30Z
2026-08-23T11:27:43Z,2026-08-23T13:27:43+0200,aa89dba4-771d-4653-9ac4-44e4858bfe00,2026-08-02T01:00:00Z,2026-08-02T03:00:00+0200,162.37,EUR/MWh,BE,BE,imbalance_price,Short,2026-08-23T11:28:30Z
2026-08-23T11:27:43Z,2026-08-23T13:27:43+0200,aa89dba4-771d-4653-9ac4-44e4858bfe00,2026-08-02T01:15:00Z,2026-08-02T03:15:00+0200,164.45,EUR/MWh,BE,BE,imbalance_price,Long,2026-08-23T11:28:30Z
2026-08-23T11:27:43Z,2026-08-23T13:27:43+0200,aa89dba4-771d-4653-9ac4-44e4858bfe00,2026-08-02T01:15:00Z,2026-08-02T03:15:00+0200,164.45,EUR/MWh,BE,BE,imbalance_price,Short,2026-08-23T11:28:30Z
2026-08-23T11:27:43Z,2026-08-23T13:27:43+0200,aa89dba4-771d-4653-9ac4-44e4858bfe00,2026-08-02T01:30:00Z,2026-08-02T03:30:00+0200,160.92,EUR/MWh,BE,BE,imbalance_price,Long,2026-08-23T11:28:30Z
2026-08-23T11:27:43Z,2026-08-23T13:27:43+0200,aa89dba4-771d-4653-9ac4-44e4858bfe00,2026-08-02T01:30:00Z,2026-08-02T03:30:00+0200,160.92,EUR/MWh,BE,BE,imbalance_price,Short,2026-08-23T11:28:30Z
2026-08-23T11:27:43Z,2026-08-23T13:27:43+0200,aa89dba4-771d-4653-9ac4-44e4858bfe00,2026-08-02T01:45:00Z,2026-08-02T03:45:00+0200,165.22,EUR/MWh,BE,BE,imbalance_price,Long,2026-08-23T11:28:30Z
2026-08-23T11:27:43Z,2026-08-23T13:27:43+0200,aa89dba4-771d-4653-9ac4-44e4858bfe00,2026-08-02T01:45:00Z,2026-08-02T03:45:00+0200,165.22,EUR/MWh,BE,BE,imbalance_price,Short,2026-08-23T11:28:30Z
2026-08-23T11:27:43Z,2026-08-23T13:27:43+0200,aa89dba4-771d-4653-9ac4-44e4858bfe00,2026-08-02T02:00:00Z,2026-08-02T04:00:00+0200,175.46,EUR/MWh,BE,BE,imbalance_price,Long,2026-08-23T11:28:30Z
2026-08-23T11:27:43Z,2026-08-23T13:27:43+0200,aa89dba4-771d-4653-9ac4-44e4858bfe00,2026-08-02T02:00:00Z,2026-08-02T04:00:00+0200,175.46,EUR/MWh,BE,BE,imbalance_price,Short,2026-08-23T11:28:30Z
2026-08-23T11:27:43Z,2026-08-23T13:27:43+0200,aa89dba4-771d-4653-9ac4-44e4858bfe00,2026-08-02T02:15:00Z,2026-08-02T04:15:00+0200,122.64,EUR/MWh,BE,BE,imbalance_price,Long,2026-08-23T11:28:30Z
2026-08-23T11:27:43Z,2026-08-23T13:27:43+0200,aa89dba4-771d-4653-9ac4-44e4858bfe00,2026-08-02T02:15:00Z,2026-08-02T04:15:00+0200,122.64,EUR/MWh,BE,BE,imbalance_price,Short,2026-08-23T11:28:30Z
2026-08-23T11:27:43Z,2026-08-23T13:27:43+0200,aa89dba4-771d-4653-9ac4-44e4858bfe00,2026-08-02T02:30:00Z,2026-08-02T04:30:00+0200,169.15,EUR/MWh,BE,BE,imbalance_price,Long,2026-08-23T11:28:30Z
2026-08-23T11:27:43Z,2026-08-23T13:27:43+0200,aa89dba4-771d-4653-9ac4-44e4858bfe00,2026-08-02T02:30:00Z,2026-08-02T04:30:00+0200,169.15,EUR/MWh,BE,BE,imbalance_price,Short,2026-08-23T11:28:30Z
2026-08-23T11:27:43Z,2026-08-23T13:27:43+0200,aa89dba4-771d-4653-9ac4-44e4858bfe00,2026-08-02T02:45:00Z,2026-08-02T04:45:00+0200,170.24,EUR/MWh,BE,BE,imbalance_price,Long,2026-08-23T11:28:30Z
2026-08-23T11:27:43Z,2026-08-23T13:27:43+0200,aa89dba4-771d-4653-9ac4-44e4858bfe00,2026-08-02T02:45:00Z,2026-08-02T04:45:00+0200,170.24,EUR/MWh,BE,BE,imbalance_price,Short,2026-08-23T11:28:30Z
2026-08-23T11:27:43Z,2026-08-23T13:27:43+0200,aa89dba4-771d-4653-9ac4-44e4858bfe00,2026-08-02T03:00:00Z,2026-08-02T05:00:00+0200,169.59,EUR/MWh,BE,BE,imbalance_price,Long,2026-08-23T11:28:30Z
2026-08-23T11:27:43Z,2026-08-23T13:27:43+0200,aa89dba4-771d-4653-9ac4-44e4858bfe00,2026-08-02T03:00:00Z,2026-08-02T05:00:00+0200,169.59,EUR/MWh,BE,BE,imbalance_price,Short,2026-08-23T11:28:30Z
2026-08-23T11:27:43Z,2026-08-23T13:27:43+0200,aa89dba4-771d-4653-9ac4-44e4858bfe00,2026-08-02T03:15:00Z,2026-08-02T05:15:00+0200,169.63,EUR/MWh,BE,BE,imbalance_price,Long,2026-08-23T11:28:30Z
2026-08-23T11:27:43Z,2026-08-23T13:27:43+0200,aa89dba4-771d-4653-9ac4-44e4858bfe00,2026-08-02T03:15:00Z,2026-08-02T05:15:00+0200,169.63,EUR/MWh,BE,BE,imbalance_price,Short,2026-08-23T11:28:30Z
2026-08-23T11:27:43Z,2026-08-23T13:27:43+0200,aa89dba4-771d-4653-9ac4-44e4858bfe00,2026-08-02T03:30:00Z,2026-08-02T05:30:00+0200,174.19,EUR/MWh,BE,BE,imbalance_price,Long,2026-08-23T11:28:30Z
2026-08-23T11:27:43Z,2026-08-23T13:27:43+0200,aa89dba4-771d-4653-9ac4-44e4858bfe00,2026-08-02T03:30:00Z,2026-08-02T05:30:00+0200,174.19,EUR/MWh,BE,BE,imbalance_price,Short,2026-08-23T11:28:30Z
2026-08-23T11:27:43Z,2026-08-23T13:27:43+0200,aa89dba4-771d-4653-9ac4-44e4858bfe00,2026-08-02T03:45:00Z,2026-08-02T05:45:00+0200,170.47,EUR/MWh,BE,BE,imbalance_price,Long,2026-08-23T11:28:30Z
2026-08-23T11:27:43Z,2026-08-23T13:27:43+0200,aa89dba4-771d-4653-9ac4-44e4858bfe00,2026-08-02T03:45:00Z,2026-08-02T05:45:00+0200,170.47,EUR/MWh,BE,BE,imbalance_price,Short,2026-08-23T11:28:30Z
2026-08-23T11:27:43Z,2026-08-23T13:27:43+0200,aa89dba4-771d-4653-9ac4-44e4858bfe00,2026-08-02T04:00:00Z,2026-08-02T06:00:00+0200,135.74,EUR/MWh,BE,BE,imbalance_price,Long,2026-08-23T11:28:30Z
2026-08-23T11:27:43Z,2026-08-23T13:27:43+0200,aa89dba4-771d-4653-9ac4-44e4858bfe00,2026-08-02T04:00:00Z,2026-08-02T06:00:00+0200,135.74,EUR/MWh,BE,BE,imbalance_price,Short,2026-08-23T11:28:30Z
2026-08-23T11:27:43Z,2026-08-23T13:27:43+0200,aa89dba4-771d-4653-9ac4-44e4858bfe00,2026-08-02T04:15:00Z,2026-08-02T06:15:00+0200,131.79,EUR/MWh,BE,BE,imbalance_price,Long,2026-08-23T11:28:30Z
2026-08-23T11:27:43Z,2026-08-23T13:27:43+0200,aa89dba4-771d-4653-9ac4-44e4858bfe00,2026-08-02T04:15:00Z,2026-08-02T06:15:00+0200,131.79,EUR/MWh,BE,BE,imbalance_price,Short,2026-08-23T11:28:30Z
2026-08-23T11:27:43Z,2026-08-23T13:27:43+0200,aa89dba4-771d-4653-9ac4-44e4858bfe00,2026-08-02T04:30:00Z,2026-08-02T06:30:00+0200,153.33,EUR/MWh,BE,BE,imbalance_price,Long,2026-08-23T11:28:30Z
2026-08-23T11:27:43Z,2026-08-23T13:27:43+0200,aa89dba4-771d-4653-9ac4-44e4858bfe00,2026-08-02T04:30:00Z,2026-08-02T06:30:00+0200,153.33,EUR/MWh,BE,BE,imbalance_price,Short,2026-08-23T11:28:30Z
2026-08-23T11:27:43Z,2026-08-23T13:27:43+0200,aa89dba4-771d-4653-9ac4-44e4858bfe00,2026-08-02T04:45:00Z,2026-08-02T06:45:00+0200,149.05,EUR/MWh,BE,BE,imbalance_price,Long,2026-08-23T11:28:30Z
2026-08-23T11:27:43Z,2026-08-23T13:27:43+0200,aa89dba4-771d-4653-9ac4-44e4858bfe00,2026-08-02T04:45:00Z,2026-08-02T06:45:00+0200,149.05,EUR/MWh,BE,BE,imbalance_price,Short,2026-08-23T11:28:30Z
2026-08-23T11:27:43Z,2026-08-23T13:27:43+0200,aa89dba4-771d-4653-9ac4-44e4858bfe00,2026-08-02T05:00:00Z,2026-08-02T07:00:00+0200,137.83,EUR/MWh,BE,BE,imbalance_price,Long,2026-08-23T11:28:30Z
2026-08-23T11:27:43Z,2026-08-23T13:27:43+0200,aa89dba4-771d-4653-9ac4-44e4858bfe00,2026-08-02T05:00:00Z,2026-08-02T07:00:00+0200,137.83,EUR/MWh,BE,BE,imbalance_price,Short,2026-08-23T11:28:30Z
2026-08-23T11:27:43Z,2026-08-23T13:27:43+0200,aa89dba4-771d-4653-9ac4-44e4858bfe00,2026-08-02T05:15:00Z,2026-08-02T07:15:00+0200,139.25,EUR/MWh,BE,BE,imbalance_price,Long,2026-08-23T11:28:30Z
2026-08-23T11:27:43Z,2026-08-23T13:27:43+0200,aa89dba4-771d-4653-9ac4-44e4858bfe00,2026-08-02T05:15:00Z,2026-08-02T07:15:00+0200,139.25,EUR/MWh,BE,BE,imbalance_price,Short,2026-08-23T11:28:30Z
2026-08-23T11:27:43Z,2026-08-23T13:27:43+0200,aa89dba4-771d-4653-9ac4-44e4858bfe00,2026-08-02T05:30:00Z,2026-08-02T07:30:00+0200,130.23,EUR/MWh,BE,BE,imbalance_price,Long,2026-08-23T11:28:30Z
2026-08-23T11:27:43Z,2026-08-23T13:27:43+0200,aa89dba4-771d-4653-9ac4-44e4858bfe00,2026-08-02T05:30:00Z,2026-08-02T07:30:00+0200,130.23,EUR/MWh,BE,BE,imbalance_price,Short,2026-08-23T11:28:30Z
2026-08-23T11:27:43Z,2026-08-23T13:27:43+0200,aa89dba4-771d-4653-9ac4-44e4858bfe00,2026-08-02T05:45:00Z,2026-08-02T07:45:00+0200,107.18,EUR/MWh,BE,BE,imbalance_price,Long,2026-08-23T11:28:30Z
2026-08-23T11:27:43Z,2026-08-23T13:27:43+0200,aa89dba4-771d-4653-9ac4-44e4858bfe00,2026-08-02T05:45:00Z,2026-08-02T07:45:00+0200,107.18,EUR/MWh,BE,BE,imbalance_price,Short,2026-08-23T11:28:30Z
2026-08-23T11:27:43Z,2026-08-23T13:27:43+0200,aa89dba4-771d-4653-9ac4-44e4858bfe00,2026-08-02T06:00:00Z,2026-08-02T08:00:00+0200,131.42,EUR/MWh,BE,BE,imbalance_price,Long,2026-08-23T11:28:30Z
2026-08-23T11:27:43Z,2026-08-23T13:27:43+0200,aa89dba4-771d-4653-9ac4-44e4858bfe00,2026-08-02T06:00:00Z,2026-08-02T08:00:00+0200,131.42,EUR/MWh,BE,BE,imbalance_price,Short,2026-08-23T11:28:30Z
2026-08-23T11:27:43Z,2026-08-23T13:27:43+0200,aa89dba4-771d-4653-9ac4-44e4858bfe00,2026-08-02T06:15:00Z,2026-08-02T08:15:00+0200,60.0,EUR/MWh,BE,BE,imbalance_price,Long,2026-08-23T11:28:30Z
2026-08-23T11:27:43Z,2026-08-23T13:27:43+0200,aa89dba4-771d-4653-9ac4-44e4858bfe00,2026-08-02T06:15:00Z,2026-08-02T08:15:00+0200,60.0,EUR/MWh,BE,BE,imbalance_price,Short,2026-08-23T11:28:30Z
2026-08-23T11:27:43Z,2026-08-23T13:27:43+0200,aa89dba4-771d-4653-9ac4-44e4858bfe00,2026-08-02T06:30:00Z,2026-08-02T08:30:00+0200,57.36,EUR/MWh,BE,BE,imbalance_price,Long,2026-08-23T11:28:30Z
2026-08-23T11:27:43Z,2026-08-23T13:27:43+0200,aa89dba4-771d-4653-9ac4-44e4858bfe00,2026-08-02T06:30:00Z,2026-08-02T08:30:00+0200,57.36,EUR/MWh,BE,BE,imbalance_price,Short,2026-08-23T11:28:30Z
2026-08-23T11:27:43Z,2026-08-23T13:27:43+0200,aa89dba4-771d-4653-9ac4-44e4858bfe00,2026-08-02T06:45:00Z,2026-08-02T08:45:00+0200,30.74,EUR/MWh,BE,BE,imbalance_price,Long,2026-08-23T11:28:30Z
2026-08-23T11:27:43Z,2026-08-23T13:27:43+0200,aa89dba4-771d-4653-9ac4-44e4858bfe00,2026-08-02T06:45:00Z,2026-08-02T08:45:00+0200,30.74,EUR/MWh,BE,BE,imbalance_price,Short,2026-08-23T11:28:30Z
2026-08-23T11:27:43Z,2026-08-23T13:27:43+0200,aa89dba4-771d-4653-9ac4-44e4858bfe00,2026-08-02T07:00:00Z,2026-08-02T09:00:00+0200,4.48,EUR/MWh,BE,BE,imbalance_price,Long,2026-08-23T11:28:30Z
2026-08-23T11:27:43Z,2026-08-23T13:27:43+0200,aa89dba4-771d-4653-9ac4-44e4858bfe00,2026-08-02T07:00:00Z,2026-08-02T09:00:00+0200,4.48,EUR/MWh,BE,BE,imbalance_price,Short,2026-08-23T11:28:30Z
2026-08-23T11:27:43Z,2026-08-23T13:27:43+0200,aa89dba4-771d-4653-9ac4-44e4858bfe00,2026-08-02T07:15:00Z,2026-08-02T09:15:00+0200,-4.55,EUR/MWh,BE,BE,imbalance_price,Long,2026-08-23T11:28:30Z
2026-08-23T11:27:43Z,2026-08-23T13:27:43+0200,aa89dba4-771d-4653-9ac4-44e4858bfe00,2026-08-02T07:15:00Z,2026-08-02T09:15:00+0200,-4.55,EUR/MWh,BE,BE,imbalance_price,Short,2026-08-23T11:28:30Z
2026-08-23T11:27:43Z,2026-08-23T13:27:43+0200,aa89dba4-771d-4653-9ac4-44e4858bfe00,2026-08-02T07:30:00Z,2026-08-02T09:30:00+0200,-47.55,EUR/MWh,BE,BE,imbalance_price,Long,2026-08-23T11:28:30Z
2026-08-23T11:27:43Z,2026-08-23T13:27:43+0200,aa89dba4-771d-4653-9ac4-44e4858bfe00,2026-08-02T07:30:00Z,2026-08-02T09:30:00+0200,-47.55,EUR/MWh,BE,BE,imbalance_price,Short,2026-08-23T11:28:30Z
2026-08-23T11:27:43Z,2026-08-23T13:27:43+0200,aa89dba4-771d-4653-9ac4-44e4858bfe00,2026-08-02T07:45:00Z,2026-08-02T09:45:00+0200,-29.77,EUR/MWh,BE,BE,imbalance_price,Long,2026-08-23T11:28:30Z
2026-08-23T11:27:43Z,2026-08-23T13:27:43+0200,aa89dba4-771d-4653-9ac4-44e4858bfe00,2026-08-02T07:45:00Z,2026-08-02T09:45:00+0200,-29.77,EUR/MWh,BE,BE,imbalance_price,Short,2026-08-23T11:28:30Z
2026-08-23T11:27:43Z,2026-08-23T13:27:43+0200,aa89dba4-771d-4653-9ac4-44e4858bfe00,2026-08-02T08:00:00Z,2026-08-02T10:00:00+0200,-24.57,EUR/MWh,BE,BE,imbalance_price,Long,2026-08-23T11:28:30Z
2026-08-23T11:27:43Z,2026-08-23T13:27:43+0200,aa89dba4-771d-4653-9ac4-44e4858bfe00,2026-08-02T08:00:00Z,2026-08-02T10:00:00+0200,-24.57,EUR/MWh,BE,BE,imbalance_price,Short,2026-08-23T11:28:30Z
2026-08-23T11:27:43Z,2026-08-23T13:27:43+0200,aa89dba4-771d-4653-9ac4-44e4858bfe00,2026-08-02T08:15:00Z,2026-08-02T10:15:00+0200,-36.37,EUR/MWh,BE,BE,imbalance_price,Long,2026-08-23T11:28:30Z
2026-08-23T11:27:43Z,2026-08-23T13:27:43+0200,aa89dba4-771d-4653-9ac4-44e4858bfe00,2026-08-02T08:15:00Z,2026-08-02T10:15:00+0200,-36.37,EUR/MWh,BE,BE,imbalance_price,Short,2026-08-23T11:28:30Z
2026-08-23T11:27:43Z,2026-08-23T13:27:43+0200,aa89dba4-771d-4653-9ac4-44e4858bfe00,2026-08-02T08:30:00Z,2026-08-02T10:30:00+0200,-45.47,EUR/MWh,BE,BE,imbalance_price,Long,2026-08-23T11:28:30Z
2026-08-23T11:27:43Z,2026-08-23T13:27:43+0200,aa89dba4-771d-4653-9ac4-44e4858bfe00,2026-08-02T08:30:00Z,2026-08-02T10:30:00+0200,-45.47,EUR/MWh,BE,BE,imbalance_price,Short,2026-08-23T11:28:30Z
2026-08-23T11:27:43Z,2026-08-23T13:27:43+0200,aa89dba4-771d-4653-9ac4-44e4858bfe00,2026-08-02T08:45:00Z,2026-08-02T10:45:00+0200,-47.99,EUR/MWh,BE,BE,imbalance_price,Long,2026-08-23T11:28:30Z
2026-08-23T11:27:43Z,2026-08-23T13:27:43+0200,aa89dba4-771d-4653-9ac4-44e4858bfe00,2026-08-02T08:45:00Z,2026-08-02T10:45:00+0200,-47.99,EUR/MWh,BE,BE,imbalance_price,Short,2026-08-23T11:28:30Z
2026-08-23T11:27:43Z,2026-08-23T13:27:43+0200,aa89dba4-771d-4653-9ac4-44e4858bfe00,2026-08-02T09:00:00Z,2026-08-02T11:00:00+0200,-16.8,EUR/MWh,BE,BE,imbalance_price,Long,2026-08-23T11:28:30Z
2026-08-23T11:27:43Z,2026-08-23T13:27:43+0200,aa89dba4-771d-4653-9ac4-44e4858bfe00,2026-08-02T09:00:00Z,2026-08-02T11:00:00+0200,-16.8,EUR/MWh,BE,BE,imbalance_price,Short,2026-08-23T11:28:30Z
2026-08-23T11:27:43Z,2026-08-23T13:27:43+0200,aa89dba4-771d-4653-9ac4-44e4858bfe00,2026-08-02T09:15:00Z,2026-08-02T11:15:00+0200,-29.69,EUR/MWh,BE,BE,imbalance_price,Long,2026-08-23T11:28:30Z
2026-08-23T11:27:43Z,2026-08-23T13:27:43+0200,aa89dba4-771d-4653-9ac4-44e4858bfe00,2026-08-02T09:15:00Z,2026-08-02T11:15:00+0200,-29.69,EUR/MWh,BE,BE,imbalance_price,Short,2026-08-23T11:28:30Z
2026-08-23T11:27:43Z,2026-08-23T13:27:43+0200,aa89dba4-771d-4653-9ac4-44e4858bfe00,2026-08-02T09:30:00Z,2026-08-02T11:30:00+0200,-33.21,EUR/MWh,BE,BE,imbalance_price,Long,2026-08-23T11:28:30Z
2026-08-23T11:27:43Z,2026-08-23T13:27:43+0200,aa89dba4-771d-4653-9ac4-44e4858bfe00,2026-08-02T09:30:00Z,2026-08-02T11:30:00+0200,-33.21,EUR/MWh,BE,BE,imbalance_price,Short,2026-08-23T11:28:30Z
2026-08-23T11:27:43Z,2026-08-23T13:27:43+0200,aa89dba4-771d-4653-9ac4-44e4858bfe00,2026-08-02T09:45:00Z,2026-08-02T11:45:00+0200,-28.51,EUR/MWh,BE,BE,imbalance_price,Long,2026-08-23T11:28:30Z
2026-08-23T11:27:43Z,2026-08-23T13:27:43+0200,aa89dba4-771d-4653-9ac4-44e4858bfe00,2026-08-02T09:45:00Z,2026-08-02T11:45:00+0200,-28.51,EUR/MWh,BE,BE,imbalance_price,Short,2026-08-23T11:28:30Z
2026-08-23T11:27:43Z,2026-08-23T13:27:43+0200,aa89dba4-771d-4653-9ac4-44e4858bfe00,2026-08-02T10:00:00Z,2026-08-02T12:00:00+0200,-23.11,EUR/MWh,BE,BE,imbalance_price,Long,2026-08-23T11:28:30Z
2026-08-23T11:27:43Z,2026-08-23T13:27:43+0200,aa89dba4-771d-4653-9ac4-44e4858bfe00,2026-08-02T10:00:00Z,2026-08-02T12:00:00+0200,-23.11,EUR/MWh,BE,BE,imbalance_price,Short,2026-08-23T11:28:30Z
2026-08-23T11:27:43Z,2026-08-23T13:27:43+0200,aa89dba4-771d-4653-9ac4-44e4858bfe00,2026-08-02T10:15:00Z,2026-08-02T12:15:00+0200,-19.18,EUR/MWh,BE,BE,imbalance_price,Long,2026-08-23T11:28:30Z
2026-08-23T11:27:43Z,2026-08-23T13:27:43+0200,aa89dba4-771d-4653-9ac4-44e4858bfe00,2026-08-02T10:15:00Z,2026-08-02T12:15:00+0200,-19.18,EUR/MWh,BE,BE,imbalance_price,Short,2026-08-23T11:28:30Z
2026-08-23T11:27:43Z,2026-08-23T13:27:43+0200,aa89dba4-771d-4653-9ac4-44e4858bfe00,2026-08-02T10:30:00Z,2026-08-02T12:30:00+0200,-25.36,EUR/MWh,BE,BE,imbalance_price,Long,2026-08-23T11:28:30Z
2026-08-23T11:27:43Z,2026-08-23T13:27:43+0200,aa89dba4-771d-4653-9ac4-44e4858bfe00,2026-08-02T10:30:00Z,2026-08-02T12:30:00+0200,-25.36,EUR/MWh,BE,BE,imbalance_price,Short,2026-08-23T11:28:30Z
2026-08-23T11:27:43Z,2026-08-23T13:27:43+0200,aa89dba4-771d-4653-9ac4-44e4858bfe00,2026-08-02T10:45:00Z,2026-08-02T12:45:00+0200,-16.81,EUR/MWh,BE,BE,imbalance_price,Long,2026-08-23T11:28:30Z
2026-08-23T11:27:43Z,2026-08-23T13:27:43+0200,aa89dba4-771d-4653-9ac4-44e4858bfe00,2026-08-02T10:45:00Z,2026-08-02T12:45:00+0200,-16.81,EUR/MWh,BE,BE,imbalance_price,Short,2026-08-23T11:28:30Z
2026-08-23T11:27:43Z,2026-08-23T13:27:43+0200,aa89dba4-771d-4653-9ac4-44e4858bfe00,2026-08-02T11:00:00Z,2026-08-02T13:00:00+0200,-14.91,EUR/MWh,BE,BE,imbalance_price,Long,2026-08-23T11:28:30Z
2026-08-23T11:27:43Z,2026-08-23T13:27:43+0200,aa89dba4-771d-4653-9ac4-44e4858bfe00,2026-08-02T11:00:00Z,2026-08-02T13:00:00+0200,-14.91,EUR/MWh,BE,BE,imbalance_price,Short,2026-08-23T11:28:30Z
2026-08-23T11:27:43Z,2026-08-23T13:27:43+0200,aa89dba4-771d-4653-9ac4-44e4858bfe00,2026-08-02T11:15:00Z,2026-08-02T13:15:00+0200,-18.13,EUR/MWh,BE,BE,imbalance_price,Long,2026-08-23T11:28:30Z
2026-08-23T11:27:43Z,2026-08-23T13:27:43+0200,aa89dba4-771d-4653-9ac4-44e4858bfe00,2026-08-02T11:15:00Z,2026-08-02T13:15:00+0200,-18.13,EUR/MWh,BE,BE,imbalance_price,Short,2026-08-23T11:28:30Z
2026-08-23T11:27:43Z,2026-08-23T13:27:43+0200,aa89dba4-771d-4653-9ac4-44e4858bfe00,2026-08-02T11:30:00Z,2026-08-02T13:30:00+0200,-23.88,EUR/MWh,BE,BE,imbalance_price,Long,2026-08-23T11:28:30Z
2026-08-23T11:27:43Z,2026-08-23T13:27:43+0200,aa89dba4-771d-4653-9ac4-44e4858bfe00,2026-08-02T11:30:00Z,2026-08-02T13:30:00+0200,-23.88,EUR/MWh,BE,BE,imbalance_price,Short,2026-08-23T11:28:30Z
2026-08-23T11:27:43Z,2026-08-23T13:27:43+0200,aa89dba4-771d-4653-9ac4-44e4858bfe00,2026-08-02T11:45:00Z,2026-08-02T13:45:00+0200,-21.87,EUR/MWh,BE,BE,imbalance_price,Long,2026-08-23T11:28:30Z
2026-08-23T11:27:43Z,2026-08-23T13:27:43+0200,aa89dba4-771d-4653-9ac4-44e4858bfe00,2026-08-02T11:45:00Z,2026-08-02T13:45:00+0200,-21.87,EUR/MWh,BE,BE,imbalance_price,Short,2026-08-23T11:28:30Z
2026-08-23T11:27:43Z,2026-08-23T13:27:43+0200,aa89dba4-771d-4653-9ac4-44e4858bfe00,2026-08-02T12:00:00Z,2026-08-02T14:00:00+0200,-27.5,EUR/MWh,BE,BE,imbalance_price,Long,2026-08-23T11:28:30Z
2026-08-23T11:27:43Z,2026-08-23T13:27:43+0200,aa89dba4-771d-4653-9ac4-44e4858bfe00,2026-08-02T12:00:00Z,2026-08-02T14:00:00+0200,-27.5,EUR/MWh,BE,BE,imbalance_price,Short,2026-08-23T11:28:30Z
2026-08-23T11:27:43Z,2026-08-23T13:27:43+0200,aa89dba4-771d-4653-9ac4-44e4858bfe00,2026-08-02T12:15:00Z,2026-08-02T14:15:00+0200,-24.83,EUR/MWh,BE,BE,imbalance_price,Long,2026-08-23T11:28:30Z
2026-08-23T11:27:43Z,2026-08-23T13:27:43+0200,aa89dba4-771d-4653-9ac4-44e4858bfe00,2026-08-02T12:15:00Z,2026-08-02T14:15:00+0200,-24.83,EUR/MWh,BE,BE,imbalance_price,Short,2026-08-23T11:28:30Z
2026-08-23T11:27:43Z,2026-08-23T13:27:43+0200,aa89dba4-771d-4653-9ac4-44e4858bfe00,2026-08-02T12:30:00Z,2026-08-02T14:30:00+0200,-13.91,EUR/MWh,BE,BE,imbalance_price,Long,2026-08-23T11:28:30Z
2026-08-23T11:27:43Z,2026-08-23T13:27:43+0200,aa89dba4-771d-4653-9ac4-44e4858bfe00,2026-08-02T12:30:00Z,2026-08-02T14:30:00+0200,-13.91,EUR/MWh,BE,BE,imbalance_price,Short,2026-08-23T11:28:30Z
2026-08-23T11:27:43Z,2026-08-23T13:27:43+0200,aa89dba4-771d-4653-9ac4-44e4858bfe00,2026-08-02T12:45:00Z,2026-08-02T14:45:00+0200,-13.85,EUR/MWh,BE,BE,imbalance_price,Long,2026-08-23T11:28:30Z
2026-08-23T11:27:43Z,2026-08-23T13:27:43+0200,aa89dba4-771d-4653-9ac4-44e4858bfe00,2026-08-02T12:45:00Z,2026-08-02T14:45:00+0200,-13.85,EUR/MWh,BE,BE,imbalance_price,Short,2026-08-23T11:28:30Z
2026-08-23T11:27:43Z,2026-08-23T13:27:43+0200,aa89dba4-771d-4653-9ac4-44e4858bfe00,2026-08-02T13:00:00Z,2026-08-02T15:00:00+0200,-23.37,EUR/MWh,BE,BE,imbalance_price,Long,2026-08-23T11:28:30Z
2026-08-23T11:27:43Z,2026-08-23T13:27:43+0200,aa89dba4-771d-4653-9ac4-44e4858bfe00,2026-08-02T13:00:00Z,2026-08-02T15:00:00+0200,-23.37,EUR/MWh,BE,BE,imbalance_price,Short,2026-08-23T11:28:30Z
2026-08-23T11:27:43Z,2026-08-23T13:27:43+0200,aa89dba4-771d-4653-9ac4-44e4858bfe00,2026-08-02T13:15:00Z,2026-08-02T15:15:00+0200,-27.37,EUR/MWh,BE,BE,imbalance_price,Long,2026-08-23T11:28:30Z
2026-08-23T11:27:43Z,2026-08-23T13:27:43+0200,aa89dba4-771d-4653-9ac4-44e4858bfe00,2026-08-02T13:15:00Z,2026-08-02T15:15:00+0200,-27.37,EUR/MWh,BE,BE,imbalance_price,Short,2026-08-23T11:28:30Z
2026-08-23T11:27:43Z,2026-08-23T13:27:43+0200,aa89dba4-771d-4653-9ac4-44e4858bfe00,2026-08-02T13:30:00Z,2026-08-02T15:30:00+0200,-51.83,EUR/MWh,BE,BE,imbalance_price,Long,2026-08-23T11:28:30Z
2026-08-23T11:27:43Z,2026-08-23T13:27:43+0200,aa89dba4-771d-4653-9ac4-44e4858bfe00,2026-08-02T13:30:00Z,2026-08-02T15:30:00+0200,-51.83,EUR/MWh,BE,BE,imbalance_price,Short,2026-08-23T11:28:30Z
2026-08-23T11:27:43Z,2026-08-23T13:27:43+0200,aa89dba4-771d-4653-9ac4-44e4858bfe00,2026-08-02T13:45:00Z,2026-08-02T15:45:00+0200,1.3,EUR/MWh,BE,BE,imbalance_price,Long,2026-08-23T11:28:30Z
2026-08-23T11:27:43Z,2026-08-23T13:27:43+0200,aa89dba4-771d-4653-9ac4-44e4858bfe00,2026-08-02T13:45:00Z,2026-08-02T15:45:00+0200,1.3,EUR/MWh,BE,BE,imbalance_price,Short,2026-08-23T11:28:30Z
2026-08-23T11:27:43Z,2026-08-23T13:27:43+0200,aa89dba4-771d-4653-9ac4-44e4858bfe00,2026-08-02T14:00:00Z,2026-08-02T16:00:00+0200,-50.03,EUR/MWh,BE,BE,imbalance_price,Long,2026-08-23T11:28:30Z
2026-08-23T11:27:43Z,2026-08-23T13:27:43+0200,aa89dba4-771d-4653-9ac4-44e4858bfe00,2026-08-02T14:00:00Z,2026-08-02T16:00:00+0200,-50.03,EUR/MWh,BE,BE,imbalance_price,Short,2026-08-23T11:28:30Z
2026-08-23T11:27:43Z,2026-08-23T13:27:43+0200,aa89dba4-771d-4653-9ac4-44e4858bfe00,2026-08-02T14:15:00Z,2026-08-02T16:15:00+0200,-7.17,EUR/MWh,BE,BE,imbalance_price,Long,2026-08-23T11:28:30Z
2026-08-23T11:27:43Z,2026-08-23T13:27:43+0200,aa89dba4-771d-4653-9ac4-44e4858bfe00,2026-08-02T14:15:00Z,2026-08-02T16:15:00+0200,-7.17,EUR/MWh,BE,BE,imbalance_price,Short,2026-08-23T11:28:30Z
2026-08-23T11:27:43Z,2026-08-23T13:27:43+0200,aa89dba4-771d-4653-9ac4-44e4858bfe00,2026-08-02T14:30:00Z,2026-08-02T16:30:00+0200,7.75,EUR/MWh,BE,BE,imbalance_price,Long,2026-08-23T11:28:30Z
2026-08-23T11:27:43Z,2026-08-23T13:27:43+0200,aa89dba4-771d-4653-9ac4-44e4858bfe00,2026-08-02T14:30:00Z,2026-08-02T16:30:00+0200,7.75,EUR/MWh,BE,BE,imbalance_price,Short,2026-08-23T11:28:30Z
2026-08-23T11:27:43Z,2026-08-23T13:27:43+0200,aa89dba4-771d-4653-9ac4-44e4858bfe00,2026-08-02T14:45:00Z,2026-08-02T16:45:00+0200,-14.35,EUR/MWh,BE,BE,imbalance_price,Long,2026-08-23T11:28:30Z
2026-08-23T11:27:43Z,2026-08-23T13:27:43+0200,aa89dba4-771d-4653-9ac4-44e4858bfe00,2026-08-02T14:45:00Z,2026-08-02T16:45:00+0200,-14.35,EUR/MWh,BE,BE,imbalance_price,Short,2026-08-23T11:28:30Z
2026-08-23T11:27:43Z,2026-08-23T13:27:43+0200,aa89dba4-771d-4653-9ac4-44e4858bfe00,2026-08-02T15:00:00Z,2026-08-02T17:00:00+0200,-7.1,EUR/MWh,BE,BE,imbalance_price,Long,2026-08-23T11:28:30Z
2026-08-23T11:27:43Z,2026-08-23T13:27:43+0200,aa89dba4-771d-4653-9ac4-44e4858bfe00,2026-08-02T15:00:00Z,2026-08-02T17:00:00+0200,-7.1,EUR/MWh,BE,BE,imbalance_price,Short,2026-08-23T11:28:30Z
2026-08-23T11:27:43Z,2026-08-23T13:27:43+0200,aa89dba4-771d-4653-9ac4-44e4858bfe00,2026-08-02T15:15:00Z,2026-08-02T17:15:00+0200,86.7,EUR/MWh,BE,BE,imbalance_price,Long,2026-08-23T11:28:30Z
2026-08-23T11:27:43Z,2026-08-23T13:27:43+0200,aa89dba4-771d-4653-9ac4-44e4858bfe00,2026-08-02T15:15:00Z,2026-08-02T17:15:00+0200,86.7,EUR/MWh,BE,BE,imbalance_price,Short,2026-08-23T11:28:30Z
2026-08-23T11:27:43Z,2026-08-23T13:27:43+0200,aa89dba4-771d-4653-9ac4-44e4858bfe00,2026-08-02T15:30:00Z,2026-08-02T17:30:00+0200,115.97,EUR/MWh,BE,BE,imbalance_price,Long,2026-08-23T11:28:30Z
2026-08-23T11:27:43Z,2026-08-23T13:27:43+0200,aa89dba4-771d-4653-9ac4-44e4858bfe00,2026-08-02T15:30:00Z,2026-08-02T17:30:00+0200,115.97,EUR/MWh,BE,BE,imbalance_price,Short,2026-08-23T11:28:30Z
2026-08-23T11:27:43Z,2026-08-23T13:27:43+0200,aa89dba4-771d-4653-9ac4-44e4858bfe00,2026-08-02T15:45:00Z,2026-08-02T17:45:00+0200,138.06,EUR/MWh,BE,BE,imbalance_price,Long,2026-08-23T11:28:30Z
2026-08-23T11:27:43Z,2026-08-23T13:27:43+0200,aa89dba4-771d-4653-9ac4-44e4858bfe00,2026-08-02T15:45:00Z,2026-08-02T17:45:00+0200,138.06,EUR/MWh,BE,BE,imbalance_price,Short,2026-08-23T11:28:30Z
2026-08-23T11:27:43Z,2026-08-23T13:27:43+0200,aa89dba4-771d-4653-9ac4-44e4858bfe00,2026-08-02T16:00:00Z,2026-08-02T18:00:00+0200,141.21,EUR/MWh,BE,BE,imbalance_price,Long,2026-08-23T11:28:30Z
2026-08-23T11:27:43Z,2026-08-23T13:27:43+0200,aa89dba4-771d-4653-9ac4-44e4858bfe00,2026-08-02T16:00:00Z,2026-08-02T18:00:00+0200,141.21,EUR/MWh,BE,BE,imbalance_price,Short,2026-08-23T11:28:30Z
2026-08-23T11:27:43Z,2026-08-23T13:27:43+0200,aa89dba4-771d-4653-9ac4-44e4858bfe00,2026-08-02T16:15:00Z,2026-08-02T18:15:00+0200,151.01,EUR/MWh,BE,BE,imbalance_price,Long,2026-08-23T11:28:30Z
2026-08-23T11:27:43Z,2026-08-23T13:27:43+0200,aa89dba4-771d-4653-9ac4-44e4858bfe00,2026-08-02T16:15:00Z,2026-08-02T18:15:00+0200,151.01,EUR/MWh,BE,BE,imbalance_price,Short,2026-08-23T11:28:30Z
2026-08-23T11:27:43Z,2026-08-23T13:27:43+0200,aa89dba4-771d-4653-9ac4-44e4858bfe00,2026-08-02T16:30:00Z,2026-08-02T18:30:00+0200,172.2,EUR/MWh,BE,BE,imbalance_price,Long,2026-08-23T11:28:30Z
2026-08-23T11:27:43Z,2026-08-23T13:27:43+0200,aa89dba4-771d-4653-9ac4-44e4858bfe00,2026-08-02T16:30:00Z,2026-08-02T18:30:00+0200,172.2,EUR/MWh,BE,BE,imbalance_price,Short,2026-08-23T11:28:30Z
2026-08-23T11:27:43Z,2026-08-23T13:27:43+0200,aa89dba4-771d-4653-9ac4-44e4858bfe00,2026-08-02T16:45:00Z,2026-08-02T18:45:00+0200,173.08,EUR/MWh,BE,BE,imbalance_price,Long,2026-08-23T11:28:30Z
2026-08-23T11:27:43Z,2026-08-23T13:27:43+0200,aa89dba4-771d-4653-9ac4-44e4858bfe00,2026-08-02T16:45:00Z,2026-08-02T18:45:00+0200,173.08,EUR/MWh,BE,BE,imbalance_price,Short,2026-08-23T11:28:30Z
2026-08-23T11:27:43Z,2026-08-23T13:27:43+0200,aa89dba4-771d-4653-9ac4-44e4858bfe00,2026-08-02T17:00:00Z,2026-08-02T19:00:00+0200,160.76,EUR/MWh,BE,BE,imbalance_price,Long,2026-08-23T11:28:30Z
2026-08-23T11:27:43Z,2026-08-23T13:27:43+0200,aa89dba4-771d-4653-9ac4-44e4858bfe00,2026-08-02T17:00:00Z,2026-08-02T19:00:00+0200,160.76,EUR/MWh,BE,BE,imbalance_price,Short,2026-08-23T11:28:30Z
2026-08-23T11:27:43Z,2026-08-23T13:27:43+0200,aa89dba4-771d-4653-9ac4-44e4858bfe00,2026-08-02T17:15:00Z,2026-08-02T19:15:00+0200,172.39,EUR/MWh,BE,BE,imbalance_price,Long,2026-08-23T11:28:30Z
2026-08-23T11:27:43Z,2026-08-23T13:27:43+0200,aa89dba4-771d-4653-9ac4-44e4858bfe00,2026-08-02T17:15:00Z,2026-08-02T19:15:00+0200,172.39,EUR/MWh,BE,BE,imbalance_price,Short,2026-08-23T11:28:30Z
2026-08-23T11:27:43Z,2026-08-23T13:27:43+0200,aa89dba4-771d-4653-9ac4-44e4858bfe00,2026-08-02T17:30:00Z,2026-08-02T19:30:00+0200,189.58,EUR/MWh,BE,BE,imbalance_price,Long,2026-08-23T11:28:30Z
2026-08-23T11:27:43Z,2026-08-23T13:27:43+0200,aa89dba4-771d-4653-9ac4-44e4858bfe00,2026-08-02T17:30:00Z,2026-08-02T19:30:00+0200,189.58,EUR/MWh,BE,BE,imbalance_price,Short,2026-08-23T11:28:30Z
2026-08-23T11:27:43Z,2026-08-23T13:27:43+0200,aa89dba4-771d-4653-9ac4-44e4858bfe00,2026-08-02T17:45:00Z,2026-08-02T19:45:00+0200,193.61,EUR/MWh,BE,BE,imbalance_price,Long,2026-08-23T11:28:30Z
2026-08-23T11:27:43Z,2026-08-23T13:27:43+0200,aa89dba4-771d-4653-9ac4-44e4858bfe00,2026-08-02T17:45:00Z,2026-08-02T19:45:00+0200,193.61,EUR/MWh,BE,BE,imbalance_price,Short,2026-08-23T11:28:30Z
2026-08-23T11:27:43Z,2026-08-23T13:27:43+0200,aa89dba4-771d-4653-9ac4-44e4858bfe00,2026-08-02T18:00:00Z,2026-08-02T20:00:00+0200,193.45,EUR/MWh,BE,BE,imbalance_price,Long,2026-08-23T11:28:30Z
2026-08-23T11:27:43Z,2026-08-23T13:27:43+0200,aa89dba4-771d-4653-9ac4-44e4858bfe00,2026-08-02T18:00:00Z,2026-08-02T20:00:00+0200,193.45,EUR/MWh,BE,BE,imbalance_price,Short,2026-08-23T11:28:30Z
2026-08-23T11:27:43Z,2026-08-23T13:27:43+0200,aa89dba4-771d-4653-9ac4-44e4858bfe00,2026-08-02T18:15:00Z,2026-08-02T20:15:00+0200,194.53,EUR/MWh,BE,BE,imbalance_price,Long,2026-08-23T11:28:30Z
2026-08-23T11:27:43Z,2026-08-23T13:27:43+0200,aa89dba4-771d-4653-9ac4-44e4858bfe00,2026-08-02T18:15:00Z,2026-08-02T20:15:00+0200,194.53,EUR/MWh,BE,BE,imbalance_price,Short,2026-08-23T11:28:30Z
2026-08-23T11:27:43Z,2026-08-23T13:27:43+0200,aa89dba4-771d-4653-9ac4-44e4858bfe00,2026-08-02T18:30:00Z,2026-08-02T20:30:00+0200,180.85,EUR/MWh,BE,BE,imbalance_price,Long,2026-08-23T11:28:30Z
2026-08-23T11:27:43Z,2026-08-23T13:27:43+0200,aa89dba4-771d-4653-9ac4-44e4858bfe00,2026-08-02T18:30:00Z,2026-08-02T20:30:00+0200,180.85,EUR/MWh,BE,BE,imbalance_price,Short,2026-08-23T11:28:30Z
2026-08-23T11:27:43Z,2026-08-23T13:27:43+0200,aa89dba4-771d-4653-9ac4-44e4858bfe00,2026-08-02T18:45:00Z,2026-08-02T20:45:00+0200,183.0,EUR/MWh,BE,BE,imbalance_price,Long,2026-08-23T11:28:30Z
2026-08-23T11:27:43Z,2026-08-23T13:27:43+0200,aa89dba4-771d-4653-9ac4-44e4858bfe00,2026-08-02T18:45:00Z,2026-08-02T20:45:00+0200,183.0,EUR/MWh,BE,BE,imbalance_price,Short,2026-08-23T11:28:30Z
2026-08-23T11:27:43Z,2026-08-23T13:27:43+0200,aa89dba4-771d-4653-9ac4-44e4858bfe00,2026-08-02T19:00:00Z,2026-08-02T21:00:00+0200,230.5,EUR/MWh,BE,BE,imbalance_price,Long,2026-08-23T11:28:30Z
2026-08-23T11:27:43Z,2026-08-23T13:27:43+0200,aa89dba4-771d-4653-9ac4-44e4858bfe00,2026-08-02T19:00:00Z,2026-08-02T21:00:00+0200,230.5,EUR/MWh,BE,BE,imbalance_price,Short,2026-08-23T11:28:30Z
2026-08-23T11:27:43Z,2026-08-23T13:27:43+0200,aa89dba4-771d-4653-9ac4-44e4858bfe00,2026-08-02T19:15:00Z,2026-08-02T21:15:00+0200,210.86,EUR/MWh,BE,BE,imbalance_price,Long,2026-08-23T11:28:30Z
2026-08-23T11:27:43Z,2026-08-23T13:27:43+0200,aa89dba4-771d-4653-9ac4-44e4858bfe00,2026-08-02T19:15:00Z,2026-08-02T21:15:00+0200,210.86,EUR/MWh,BE,BE,imbalance_price,Short,2026-08-23T11:28:30Z
2026-08-23T11:27:43Z,2026-08-23T13:27:43+0200,aa89dba4-771d-4653-9ac4-44e4858bfe00,2026-08-02T19:30:00Z,2026-08-02T21:30:00+0200,198.05,EUR/MWh,BE,BE,imbalance_price,Long,2026-08-23T11:28:30Z
2026-08-23T11:27:43Z,2026-08-23T13:27:43+0200,aa89dba4-771d-4653-9ac4-44e4858bfe00,2026-08-02T19:30:00Z,2026-08-02T21:30:00+0200,198.05,EUR/MWh,BE,BE,imbalance_price,Short,2026-08-23T11:28:30Z
2026-08-23T11:27:43Z,2026-08-23T13:27:43+0200,aa89dba4-771d-4653-9ac4-44e4858bfe00,2026-08-02T19:45:00Z,2026-08-02T21:45:00+0200,214.02,EUR/MWh,BE,BE,imbalance_price,Long,2026-08-23T11:28:30Z
2026-08-23T11:27:43Z,2026-08-23T13:27:43+0200,aa89dba4-771d-4653-9ac4-44e4858bfe00,2026-08-02T19:45:00Z,2026-08-02T21:45:00+0200,214.02,EUR/MWh,BE,BE,imbalance_price,Short,2026-08-23T11:28:30Z
2026-08-23T11:27:43Z,2026-08-23T13:27:43+0200,aa89dba4-771d-4653-9ac4-44e4858bfe00,2026-08-02T20:00:00Z,2026-08-02T22:00:00+0200,281.67,EUR/MWh,BE,BE,imbalance_price,Long,2026-08-23T11:28:30Z
2026-08-23T11:27:43Z,2026-08-23T13:27:43+0200,aa89dba4-771d-4653-9ac4-44e4858bfe00,2026-08-02T20:00:00Z,2026-08-02T22:00:00+0200,281.67,EUR/MWh,BE,BE,imbalance_price,Short,2026-08-23T11:28:30Z
2026-08-23T11:27:43Z,2026-08-23T13:27:43+0200,aa89dba4-771d-4653-9ac4-44e4858bfe00,2026-08-02T20:15:00Z,2026-08-02T22:15:00+0200,159.67,EUR/MWh,BE,BE,imbalance_price,Long,2026-08-23T11:28:30Z
2026-08-23T11:27:43Z,2026-08-23T13:27:43+0200,aa89dba4-771d-4653-9ac4-44e4858bfe00,2026-08-02T20:15:00Z,2026-08-02T22:15:00+0200,159.67,EUR/MWh,BE,BE,imbalance_price,Short,2026-08-23T11:28:30Z
2026-08-23T11:27:43Z,2026-08-23T13:27:43+0200,aa89dba4-771d-4653-9ac4-44e4858bfe00,2026-08-02T20:30:00Z,2026-08-02T22:30:00+0200,280.03,EUR/MWh,BE,BE,imbalance_price,Long,2026-08-23T11:28:30Z
2026-08-23T11:27:43Z,2026-08-23T13:27:43+0200,aa89dba4-771d-4653-9ac4-44e4858bfe00,2026-08-02T20:30:00Z,2026-08-02T22:30:00+0200,280.03,EUR/MWh,BE,BE,imbalance_price,Short,2026-08-23T11:28:30Z
2026-08-23T11:27:43Z,2026-08-23T13:27:43+0200,aa89dba4-771d-4653-9ac4-44e4858bfe00,2026-08-02T20:45:00Z,2026-08-02T22:45:00+0200,137.66,EUR/MWh,BE,BE,imbalance_price,Long,2026-08-23T11:28:30Z
2026-08-23T11:27:43Z,2026-08-23T13:27:43+0200,aa89dba4-771d-4653-9ac4-44e4858bfe00,2026-08-02T20:45:00Z,2026-08-02T22:45:00+0200,137.66,EUR/MWh,BE,BE,imbalance_price,Short,2026-08-23T11:28:30Z
2026-08-23T11:27:43Z,2026-08-23T13:27:43+0200,aa89dba4-771d-4653-9ac4-44e4858bfe00,2026-08-02T21:00:00Z,2026-08-02T23:00:00+0200,140.55,EUR/MWh,BE,BE,imbalance_price,Long,2026-08-23T11:28:30Z
2026-08-23T11:27:43Z,2026-08-23T13:27:43+0200,aa89dba4-771d-4653-9ac4-44e4858bfe00,2026-08-02T21:00:00Z,2026-08-02T23:00:00+0200,140.55,EUR/MWh,BE,BE,imbalance_price,Short,2026-08-23T11:28:30Z
2026-08-23T11:27:43Z,2026-08-23T13:27:43+0200,aa89dba4-771d-4653-9ac4-44e4858bfe00,2026-08-02T21:15:00Z,2026-08-02T23:15:00+0200,149.92,EUR/MWh,BE,BE,imbalance_price,Long,2026-08-23T11:28:30Z
2026-08-23T11:27:43Z,2026-08-23T13:27:43+0200,aa89dba4-771d-4653-9ac4-44e4858bfe00,2026-08-02T21:15:00Z,2026-08-02T23:15:00+0200,149.92,EUR/MWh,BE,BE,imbalance_price,Short,2026-08-23T11:28:30Z
2026-08-23T11:27:43Z,2026-08-23T13:27:43+0200,aa89dba4-771d-4653-9ac4-44e4858bfe00,2026-08-02T21:30:00Z,2026-08-02T23:30:00+0200,161.23,EUR/MWh,BE,BE,imbalance_price,Long,2026-08-23T11:28:30Z
2026-08-23T11:27:43Z,2026-08-23T13:27:43+0200,aa89dba4-771d-4653-9ac4-44e4858bfe00,2026-08-02T21:30:00Z,2026-08-02T23:30:00+0200,161.23,EUR/MWh,BE,BE,imbalance_price,Short,2026-08-23T11:28:30Z
2026-08-23T11:27:43Z,2026-08-23T13:27:43+0200,aa89dba4-771d-4653-9ac4-44e4858bfe00,2026-08-02T21:45:00Z,2026-08-02T23:45:00+0200,143.47,EUR/MWh,BE,BE,imbalance_price,Long,2026-08-23T11:28:30Z
2026-08-23T11:27:43Z,2026-08-23T13:27:43+0200,aa89dba4-771d-4653-9ac4-44e4858bfe00,2026-08-02T21:45:00Z,2026-08-02T23:45:00+0200,143.47,EUR/MWh,BE,BE,imbalance_price,Short,2026-08-23T11:28:30Z
2026-08-23T11:27:43Z,2026-08-23T13:27:43+0200,aa89dba4-771d-4653-9ac4-44e4858bfe00,2026-08-02T22:00:00Z,2026-08-03T00:00:00+0200,132.84,EUR/MWh,BE,BE,imbalance_price,Long,2026-08-23T11:28:30Z
2026-08-23T11:27:43Z,2026-08-23T13:27:43+0200,aa89dba4-771d-4653-9ac4-44e4858bfe00,2026-08-02T22:00:00Z,2026-08-03T00:00:00+0200,132.84,EUR/MWh,BE,BE,imbalance_price,Short,2026-08-23T11:28:30Z
2026-08-23T11:27:43Z,2026-08-23T13:27:43+0200,aa89dba4-771d-4653-9ac4-44e4858bfe00,2026-08-02T22:15:00Z,2026-08-03T00:15:00+0200,143.08,EUR/MWh,BE,BE,imbalance_price,Long,2026-08-23T11:28:30Z
2026-08-23T11:27:43Z,2026-08-23T13:27:43+0200,aa89dba4-771d-4653-9ac4-44e4858bfe00,2026-08-02T22:15:00Z,2026-08-03T00:15:00+0200,143.08,EUR/MWh,BE,BE,imbalance_price,Short,2026-08-23T11:28:30Z
2026-08-23T11:27:43Z,2026-08-23T13:27:43+0200,aa89dba4-771d-4653-9ac4-44e4858bfe00,2026-08-02T22:30:00Z,2026-08-03T00:30:00+0200,134.29,EUR/MWh,BE,BE,imbalance_price,Long,2026-08-23T11:28:30Z
2026-08-23T11:27:43Z,2026-08-23T13:27:43+0200,aa89dba4-771d-4653-9ac4-44e4858bfe00,2026-08-02T22:30:00Z,2026-08-03T00:30:00+0200,134.29,EUR/MWh,BE,BE,imbalance_price,Short,2026-08-23T11:28:30Z
2026-08-23T11:27:43Z,2026-08-23T13:27:43+0200,aa89dba4-771d-4653-9ac4-44e4858bfe00,2026-08-02T22:45:00Z,2026-08-03T00:45:00+0200,151.68,EUR/MWh,BE,BE,imbalance_price,Long,2026-08-23T11:28:30Z
2026-08-23T11:27:43Z,2026-08-23T13:27:43+0200,aa89dba4-771d-4653-9ac4-44e4858bfe00,2026-08-02T22:45:00Z,2026-08-03T00:45:00+0200,151.68,EUR/MWh,BE,BE,imbalance_price,Short,2026-08-23T11:28:30Z
2026-08-23T11:27:43Z,2026-08-23T13:27:43+0200,aa89dba4-771d-4653-9ac4-44e4858bfe00,2026-08-02T23:00:00Z,2026-08-03T01:00:00+0200,164.6,EUR/MWh,BE,BE,imbalance_price,Long,2026-08-23T11:28:30Z
2026-08-23T11:27:43Z,2026-08-23T13:27:43+0200,aa89dba4-771d-4653-9ac4-44e4858bfe00,2026-08-02T23:00:00Z,2026-08-03T01:00:00+0200,164.6,EUR/MWh,BE,BE,imbalance_price,Short,2026-08-23T11:28:30Z
2026-08-23T11:27:43Z,2026-08-23T13:27:43+0200,aa89dba4-771d-4653-9ac4-44e4858bfe00,2026-08-02T23:15:00Z,2026-08-03T01:15:00+0200,143.38,EUR/MWh,BE,BE,imbalance_price,Long,2026-08-23T11:28:30Z
2026-08-23T11:27:43Z,2026-08-23T13:27:43+0200,aa89dba4-771d-4653-9ac4-44e4858bfe00,2026-08-02T23:15:00Z,2026-08-03T01:15:00+0200,143.38,EUR/MWh,BE,BE,imbalance_price,Short,2026-08-23T11:28:30Z
2026-08-23T11:27:43Z,2026-08-23T13:27:43+0200,aa89dba4-771d-4653-9ac4-44e4858bfe00,2026-08-02T23:30:00Z,2026-08-03T01:30:00+0200,156.02,EUR/MWh,BE,BE,imbalance_price,Long,2026-08-23T11:28:30Z
2026-08-23T11:27:43Z,2026-08-23T13:27:43+0200,aa89dba4-771d-4653-9ac4-44e4858bfe00,2026-08-02T23:30:00Z,2026-08-03T01:30:00+0200,156.02,EUR/MWh,BE,BE,imbalance_price,Short,2026-08-23T11:28:30Z
2026-08-23T11:27:43Z,2026-08-23T13:27:43+0200,aa89dba4-771d-4653-9ac4-44e4858bfe00,2026-08-02T23:45:00Z,2026-08-03T01:45:00+0200,145.23,EUR/MWh,BE,BE,imbalance_price,Long,2026-08-23T11:28:30Z
2026-08-23T11:27:43Z,2026-08-23T13:27:43+0200,aa89dba4-771d-4653-9ac4-44e4858bfe00,2026-08-02T23:45:00Z,2026-08-03T01:45:00+0200,145.23,EUR/MWh,BE,BE,imbalance_price,Short,2026-08-23T11:28:30Z
2026-08-23T11:27:43Z,2026-08-23T13:27:43+0200,aa89dba4-771d-4653-9ac4-44e4858bfe00,2026-08-03T00:00:00Z,2026-08-03T02:00:00+0200,157.79,EUR/MWh,BE,BE,imbalance_price,Long,2026-08-23T11:28:30Z
2026-08-23T11:27:43Z,2026-08-23T13:27:43+0200,aa89dba4-771d-4653-9ac4-44e4858bfe00,2026-08-03T00:00:00Z,2026-08-03T02:00:00+0200,157.79,EUR/MWh,BE,BE,imbalance_price,Short,2026-08-23T11:28:30Z
2026-08-23T11:27:43Z,2026-08-23T13:27:43+0200,aa89dba4-771d-4653-9ac4-44e4858bfe00,2026-08-03T00:15:00Z,2026-08-03T02:15:00+0200,151.5,EUR/MWh,BE,BE,imbalance_price,Long,2026-08-23T11:28:30Z
2026-08-23T11:27:43Z,2026-08-23T13:27:43+0200,aa89dba4-771d-4653-9ac4-44e4858bfe00,2026-08-03T00:15:00Z,2026-08-03T02:15:00+0200,151.5,EUR/MWh,BE,BE,imbalance_price,Short,2026-08-23T11:28:30Z
2026-08-23T11:27:43Z,2026-08-23T13:27:43+0200,aa89dba4-771d-4653-9ac4-44e4858bfe00,2026-08-03T00:30:00Z,2026-08-03T02:30:00+0200,142.87,EUR/MWh,BE,BE,imbalance_price,Long,2026-08-23T11:28:30Z
2026-08-23T11:27:43Z,2026-08-23T13:27:43+0200,aa89dba4-771d-4653-9ac4-44e4858bfe00,2026-08-03T00:30:00Z,2026-08-03T02:30:00+0200,142.87,EUR/MWh,BE,BE,imbalance_price,Short,2026-08-23T11:28:30Z
2026-08-23T11:27:43Z,2026-08-23T13:27:43+0200,aa89dba4-771d-4653-9ac4-44e4858bfe00,2026-08-03T00:45:00Z,2026-08-03T02:45:00+0200,108.49,EUR/MWh,BE,BE,imbalance_price,Long,2026-08-23T11:28:30Z
2026-08-23T11:27:43Z,2026-08-23T13:27:43+0200,aa89dba4-771d-4653-9ac4-44e4858bfe00,2026-08-03T00:45:00Z,2026-08-03T02:45:00+0200,108.49,EUR/MWh,BE,BE,imbalance_price,Short,2026-08-23T11:28:30Z
2026-08-23T11:27:43Z,2026-08-23T13:27:43+0200,aa89dba4-771d-4653-9ac4-44e4858bfe00,2026-08-03T01:00:00Z,2026-08-03T03:00:00+0200,122.03,EUR/MWh,BE,BE,imbalance_price,Long,2026-08-23T11:28:30Z
2026-08-23T11:27:43Z,2026-08-23T13:27:43+0200,aa89dba4-771d-4653-9ac4-44e4858bfe00,2026-08-03T01:00:00Z,2026-08-03T03:00:00+0200,122.03,EUR/MWh,BE,BE,imbalance_price,Short,2026-08-23T11:28:30Z
2026-08-23T11:27:43Z,2026-08-23T13:27:43+0200,aa89dba4-771d-4653-9ac4-44e4858bfe00,2026-08-03T01:15:00Z,2026-08-03T03:15:00+0200,124.89,EUR/MWh,BE,BE,imbalance_price,Long,2026-08-23T11:28:30Z
2026-08-23T11:27:43Z,2026-08-23T13:27:43+0200,aa89dba4-771d-4653-9ac4-44e4858bfe00,2026-08-03T01:15:00Z,2026-08-03T03:15:00+0200,124.89,EUR/MWh,BE,BE,imbalance_price,Short,2026-08-23T11:28:30Z
2026-08-23T11:27:43Z,2026-08-23T13:27:43+0200,aa89dba4-771d-4653-9ac4-44e4858bfe00,2026-08-03T01:30:00Z,2026-08-03T03:30:00+0200,115.69,EUR/MWh,BE,BE,imbalance_price,Long,2026-08-23T11:28:30Z
2026-08-23T11:27:43Z,2026-08-23T13:27:43+0200,aa89dba4-771d-4653-9ac4-44e4858bfe00,2026-08-03T01:30:00Z,2026-08-03T03:30:00+0200,115.69,EUR/MWh,BE,BE,imbalance_price,Short,2026-08-23T11:28:30Z
2026-08-23T11:27:43Z,2026-08-23T13:27:43+0200,aa89dba4-771d-4653-9ac4-44e4858bfe00,2026-08-03T01:45:00Z,2026-08-03T03:45:00+0200,108.18,EUR/MWh,BE,BE,imbalance_price,Long,2026-08-23T11:28:30Z
2026-08-23T11:27:43Z,2026-08-23T13:27:43+0200,aa89dba4-771d-4653-9ac4-44e4858bfe00,2026-08-03T01:45:00Z,2026-08-03T03:45:00+0200,108.18,EUR/MWh,BE,BE,imbalance_price,Short,2026-08-23T11:28:30Z
2026-08-23T11:27:43Z,2026-08-23T13:27:43+0200,aa89dba4-771d-4653-9ac4-44e4858bfe00,2026-08-03T02:00:00Z,2026-08-03T04:00:00+0200,112.94,EUR/MWh,BE,BE,imbalance_price,Long,2026-08-23T11:28:30Z
2026-08-23T11:27:43Z,2026-08-23T13:27:43+0200,aa89dba4-771d-4653-9ac4-44e4858bfe00,2026-08-03T02:00:00Z,2026-08-03T04:00:00+0200,112.94,EUR/MWh,BE,BE,imbalance_price,Short,2026-08-23T11:28:30Z
2026-08-23T11:27:43Z,2026-08-23T13:27:43+0200,aa89dba4-771d-4653-9ac4-44e4858bfe00,2026-08-03T02:15:00Z,2026-08-03T04:15:00+0200,111.98,EUR/MWh,BE,BE,imbalance_price,Long,2026-08-23T11:28:30Z
2026-08-23T11:27:43Z,2026-08-23T13:27:43+0200,aa89dba4-771d-4653-9ac4-44e4858bfe00,2026-08-03T02:15:00Z,2026-08-03T04:15:00+0200,111.98,EUR/MWh,BE,BE,imbalance_price,Short,2026-08-23T11:28:30Z
2026-08-23T11:27:43Z,2026-08-23T13:27:43+0200,aa89dba4-771d-4653-9ac4-44e4858bfe00,2026-08-03T02:30:00Z,2026-08-03T04:30:00+0200,117.02,EUR/MWh,BE,BE,imbalance_price,Long,2026-08-23T11:28:30Z
2026-08-23T11:27:43Z,2026-08-23T13:27:43+0200,aa89dba4-771d-4653-9ac4-44e4858bfe00,2026-08-03T02:30:00Z,2026-08-03T04:30:00+0200,117.02,EUR/MWh,BE,BE,imbalance_price,Short,2026-08-23T11:28:30Z
2026-08-23T11:27:43Z,2026-08-23T13:27:43+0200,aa89dba4-771d-4653-9ac4-44e4858bfe00,2026-08-03T02:45:00Z,2026-08-03T04:45:00+0200,112.87,EUR/MWh,BE,BE,imbalance_price,Long,2026-08-23T11:28:30Z
2026-08-23T11:27:43Z,2026-08-23T13:27:43+0200,aa89dba4-771d-4653-9ac4-44e4858bfe00,2026-08-03T02:45:00Z,2026-08-03T04:45:00+0200,112.87,EUR/MWh,BE,BE,imbalance_price,Short,2026-08-23T11:28:30Z
2026-08-23T11:27:43Z,2026-08-23T13:27:43+0200,aa89dba4-771d-4653-9ac4-44e4858bfe00,2026-08-03T03:00:00Z,2026-08-03T05:00:00+0200,110.32,EUR/MWh,BE,BE,imbalance_price,Long,2026-08-23T11:28:30Z
2026-08-23T11:27:43Z,2026-08-23T13:27:43+0200,aa89dba4-771d-4653-9ac4-44e4858bfe00,2026-08-03T03:00:00Z,2026-08-03T05:00:00+0200,110.32,EUR/MWh,BE,BE,imbalance_price,Short,2026-08-23T11:28:30Z
2026-08-23T11:27:43Z,2026-08-23T13:27:43+0200,aa89dba4-771d-4653-9ac4-44e4858bfe00,2026-08-03T03:15:00Z,2026-08-03T05:15:00+0200,113.14,EUR/MWh,BE,BE,imbalance_price,Long,2026-08-23T11:28:30Z
2026-08-23T11:27:43Z,2026-08-23T13:27:43+0200,aa89dba4-771d-4653-9ac4-44e4858bfe00,2026-08-03T03:15:00Z,2026-08-03T05:15:00+0200,113.14,EUR/MWh,BE,BE,imbalance_price,Short,2026-08-23T11:28:30Z
2026-08-23T11:27:43Z,2026-08-23T13:27:43+0200,aa89dba4-771d-4653-9ac4-44e4858bfe00,2026-08-03T03:30:00Z,2026-08-03T05:30:00+0200,121.4,EUR/MWh,BE,BE,imbalance_price,Long,2026-08-23T11:28:30Z
2026-08-23T11:27:43Z,2026-08-23T13:27:43+0200,aa89dba4-771d-4653-9ac4-44e4858bfe00,2026-08-03T03:30:00Z,2026-08-03T05:30:00+0200,121.4,EUR/MWh,BE,BE,imbalance_price,Short,2026-08-23T11:28:30Z
2026-08-23T11:27:43Z,2026-08-23T13:27:43+0200,aa89dba4-771d-4653-9ac4-44e4858bfe00,2026-08-03T03:45:00Z,2026-08-03T05:45:00+0200,111.22,EUR/MWh,BE,BE,imbalance_price,Long,2026-08-23T11:28:30Z
2026-08-23T11:27:43Z,2026-08-23T13:27:43+0200,aa89dba4-771d-4653-9ac4-44e4858bfe00,2026-08-03T03:45:00Z,2026-08-03T05:45:00+0200,111.22,EUR/MWh,BE,BE,imbalance_price,Short,2026-08-23T11:28:30Z
2026-08-23T11:27:43Z,2026-08-23T13:27:43+0200,aa89dba4-771d-4653-9ac4-44e4858bfe00,2026-08-03T04:00:00Z,2026-08-03T06:00:00+0200,167.12,EUR/MWh,BE,BE,imbalance_price,Long,2026-08-23T11:28:30Z
2026-08-23T11:27:43Z,2026-08-23T13:27:43+0200,aa89dba4-771d-4653-9ac4-44e4858bfe00,2026-08-03T04:00:00Z,2026-08-03T06:00:00+0200,167.12,EUR/MWh,BE,BE,imbalance_price,Short,2026-08-23T11:28:30Z
2026-08-23T11:27:43Z,2026-08-23T13:27:43+0200,aa89dba4-771d-4653-9ac4-44e4858bfe00,2026-08-03T04:15:00Z,2026-08-03T06:15:00+0200,160.29,EUR/MWh,BE,BE,imbalance_price,Long,2026-08-23T11:28:30Z
2026-08-23T11:27:43Z,2026-08-23T13:27:43+0200,aa89dba4-771d-4653-9ac4-44e4858bfe00,2026-08-03T04:15:00Z,2026-08-03T06:15:00+0200,160.29,EUR/MWh,BE,BE,imbalance_price,Short,2026-08-23T11:28:30Z
2026-08-23T11:27:43Z,2026-08-23T13:27:43+0200,aa89dba4-771d-4653-9ac4-44e4858bfe00,2026-08-03T04:30:00Z,2026-08-03T06:30:00+0200,144.83,EUR/MWh,BE,BE,imbalance_price,Long,2026-08-23T11:28:30Z
2026-08-23T11:27:43Z,2026-08-23T13:27:43+0200,aa89dba4-771d-4653-9ac4-44e4858bfe00,2026-08-03T04:30:00Z,2026-08-03T06:30:00+0200,144.83,EUR/MWh,BE,BE,imbalance_price,Short,2026-08-23T11:28:30Z
2026-08-23T11:27:43Z,2026-08-23T13:27:43+0200,aa89dba4-771d-4653-9ac4-44e4858bfe00,2026-08-03T04:45:00Z,2026-08-03T06:45:00+0200,149.67,EUR/MWh,BE,BE,imbalance_price,Long,2026-08-23T11:28:30Z
2026-08-23T11:27:43Z,2026-08-23T13:27:43+0200,aa89dba4-771d-4653-9ac4-44e4858bfe00,2026-08-03T04:45:00Z,2026-08-03T06:45:00+0200,149.67,EUR/MWh,BE,BE,imbalance_price,Short,2026-08-23T11:28:30Z
2026-08-23T11:27:43Z,2026-08-23T13:27:43+0200,aa89dba4-771d-4653-9ac4-44e4858bfe00,2026-08-03T05:00:00Z,2026-08-03T07:00:00+0200,150.26,EUR/MWh,BE,BE,imbalance_price,Long,2026-08-23T11:28:30Z
2026-08-23T11:27:43Z,2026-08-23T13:27:43+0200,aa89dba4-771d-4653-9ac4-44e4858bfe00,2026-08-03T05:00:00Z,2026-08-03T07:00:00+0200,150.26,EUR/MWh,BE,BE,imbalance_price,Short,2026-08-23T11:28:30Z
2026-08-23T11:27:43Z,2026-08-23T13:27:43+0200,aa89dba4-771d-4653-9ac4-44e4858bfe00,2026-08-03T05:15:00Z,2026-08-03T07:15:00+0200,145.27,EUR/MWh,BE,BE,imbalance_price,Long,2026-08-23T11:28:30Z
2026-08-23T11:27:43Z,2026-08-23T13:27:43+0200,aa89dba4-771d-4653-9ac4-44e4858bfe00,2026-08-03T05:15:00Z,2026-08-03T07:15:00+0200,145.27,EUR/MWh,BE,BE,imbalance_price,Short,2026-08-23T11:28:30Z
2026-08-23T11:27:43Z,2026-08-23T13:27:43+0200,aa89dba4-771d-4653-9ac4-44e4858bfe00,2026-08-03T05:30:00Z,2026-08-03T07:30:00+0200,88.45,EUR/MWh,BE,BE,imbalance_price,Long,2026-08-23T11:28:30Z
2026-08-23T11:27:43Z,2026-08-23T13:27:43+0200,aa89dba4-771d-4653-9ac4-44e4858bfe00,2026-08-03T05:30:00Z,2026-08-03T07:30:00+0200,88.45,EUR/MWh,BE,BE,imbalance_price,Short,2026-08-23T11:28:30Z
2026-08-23T11:27:43Z,2026-08-23T13:27:43+0200,aa89dba4-771d-4653-9ac4-44e4858bfe00,2026-08-03T05:45:00Z,2026-08-03T07:45:00+0200,129.94,EUR/MWh,BE,BE,imbalance_price,Long,2026-08-23T11:28:30Z
2026-08-23T11:27:43Z,2026-08-23T13:27:43+0200,aa89dba4-771d-4653-9ac4-44e4858bfe00,2026-08-03T05:45:00Z,2026-08-03T07:45:00+0200,129.94,EUR/MWh,BE,BE,imbalance_price,Short,2026-08-23T11:28:30Z
2026-08-23T11:27:43Z,2026-08-23T13:27:43+0200,aa89dba4-771d-4653-9ac4-44e4858bfe00,2026-08-03T06:00:00Z,2026-08-03T08:00:00+0200,156.47,EUR/MWh,BE,BE,imbalance_price,Long,2026-08-23T11:28:30Z
2026-08-23T11:27:43Z,2026-08-23T13:27:43+0200,aa89dba4-771d-4653-9ac4-44e4858bfe00,2026-08-03T06:00:00Z,2026-08-03T08:00:00+0200,156.47,EUR/MWh,BE,BE,imbalance_price,Short,2026-08-23T11:28:30Z
2026-08-23T11:27:43Z,2026-08-23T13:27:43+0200,aa89dba4-771d-4653-9ac4-44e4858bfe00,2026-08-03T06:15:00Z,2026-08-03T08:15:00+0200,116.52,EUR/MWh,BE,BE,imbalance_price,Long,2026-08-23T11:28:30Z
2026-08-23T11:27:43Z,2026-08-23T13:27:43+0200,aa89dba4-771d-4653-9ac4-44e4858bfe00,2026-08-03T06:15:00Z,2026-08-03T08:15:00+0200,116.52,EUR/MWh,BE,BE,imbalance_price,Short,2026-08-23T11:28:30Z
2026-08-23T11:27:43Z,2026-08-23T13:27:43+0200,aa89dba4-771d-4653-9ac4-44e4858bfe00,2026-08-03T06:30:00Z,2026-08-03T08:30:00+0200,112.79,EUR/MWh,BE,BE,imbalance_price,Long,2026-08-23T11:28:30Z
2026-08-23T11:27:43Z,2026-08-23T13:27:43+0200,aa89dba4-771d-4653-9ac4-44e4858bfe00,2026-08-03T06:30:00Z,2026-08-03T08:30:00+0200,112.79,EUR/MWh,BE,BE,imbalance_price,Short,2026-08-23T11:28:30Z
2026-08-23T11:27:43Z,2026-08-23T13:27:43+0200,aa89dba4-771d-4653-9ac4-44e4858bfe00,2026-08-03T06:45:00Z,2026-08-03T08:45:00+0200,117.1,EUR/MWh,BE,BE,imbalance_price,Long,2026-08-23T11:28:30Z
2026-08-23T11:27:43Z,2026-08-23T13:27:43+0200,aa89dba4-771d-4653-9ac4-44e4858bfe00,2026-08-03T06:45:00Z,2026-08-03T08:45:00+0200,117.1,EUR/MWh,BE,BE,imbalance_price,Short,2026-08-23T11:28:30Z
2026-08-23T11:27:43Z,2026-08-23T13:27:43+0200,aa89dba4-771d-4653-9ac4-44e4858bfe00,2026-08-03T07:00:00Z,2026-08-03T09:00:00+0200,122.82,EUR/MWh,BE,BE,imbalance_price,Long,2026-08-23T11:28:30Z
2026-08-23T11:27:43Z,2026-08-23T13:27:43+0200,aa89dba4-771d-4653-9ac4-44e4858bfe00,2026-08-03T07:00:00Z,2026-08-03T09:00:00+0200,122.82,EUR/MWh,BE,BE,imbalance_price,Short,2026-08-23T11:28:30Z
2026-08-23T11:27:43Z,2026-08-23T13:27:43+0200,aa89dba4-771d-4653-9ac4-44e4858bfe00,2026-08-03T07:15:00Z,2026-08-03T09:15:00+0200,131.15,EUR/MWh,BE,BE,imbalance_price,Long,2026-08-23T11:28:30Z
2026-08-23T11:27:43Z,2026-08-23T13:27:43+0200,aa89dba4-771d-4653-9ac4-44e4858bfe00,2026-08-03T07:15:00Z,2026-08-03T09:15:00+0200,131.15,EUR/MWh,BE,BE,imbalance_price,Short,2026-08-23T11:28:30Z
2026-08-23T11:27:43Z,2026-08-23T13:27:43+0200,aa89dba4-771d-4653-9ac4-44e4858bfe00,2026-08-03T07:30:00Z,2026-08-03T09:30:00+0200,137.39,EUR/MWh,BE,BE,imbalance_price,Long,2026-08-23T11:28:30Z
2026-08-23T11:27:43Z,2026-08-23T13:27:43+0200,aa89dba4-771d-4653-9ac4-44e4858bfe00,2026-08-03T07:30:00Z,2026-08-03T09:30:00+0200,137.39,EUR/MWh,BE,BE,imbalance_price,Short,2026-08-23T11:28:30Z
2026-08-23T11:27:43Z,2026-08-23T13:27:43+0200,aa89dba4-771d-4653-9ac4-44e4858bfe00,2026-08-03T07:45:00Z,2026-08-03T09:45:00+0200,117.29,EUR/MWh,BE,BE,imbalance_price,Long,2026-08-23T11:28:30Z
2026-08-23T11:27:43Z,2026-08-23T13:27:43+0200,aa89dba4-771d-4653-9ac4-44e4858bfe00,2026-08-03T07:45:00Z,2026-08-03T09:45:00+0200,117.29,EUR/MWh,BE,BE,imbalance_price,Short,2026-08-23T11:28:30Z
2026-08-23T11:27:43Z,2026-08-23T13:27:43+0200,aa89dba4-771d-4653-9ac4-44e4858bfe00,2026-08-03T08:00:00Z,2026-08-03T10:00:00+0200,21.68,EUR/MWh,BE,BE,imbalance_price,Long,2026-08-23T11:28:30Z
2026-08-23T11:27:43Z,2026-08-23T13:27:43+0200,aa89dba4-771d-4653-9ac4-44e4858bfe00,2026-08-03T08:00:00Z,2026-08-03T10:00:00+0200,21.68,EUR/MWh,BE,BE,imbalance_price,Short,2026-08-23T11:28:30Z
2026-08-23T11:27:43Z,2026-08-23T13:27:43+0200,aa89dba4-771d-4653-9ac4-44e4858bfe00,2026-08-03T08:15:00Z,2026-08-03T10:15:00+0200,21.68,EUR/MWh,BE,BE,imbalance_price,Long,2026-08-23T11:28:30Z
2026-08-23T11:27:43Z,2026-08-23T13:27:43+0200,aa89dba4-771d-4653-9ac4-44e4858bfe00,2026-08-03T08:15:00Z,2026-08-03T10:15:00+0200,21.68,EUR/MWh,BE,BE,imbalance_price,Short,2026-08-23T11:28:30Z
2026-08-23T11:27:43Z,2026-08-23T13:27:43+0200,aa89dba4-771d-4653-9ac4-44e4858bfe00,2026-08-03T08:30:00Z,2026-08-03T10:30:00+0200,21.68,EUR/MWh,BE,BE,imbalance_price,Long,2026-08-23T11:28:30Z
2026-08-23T11:27:43Z,2026-08-23T13:27:43+0200,aa89dba4-771d-4653-9ac4-44e4858bfe00,2026-08-03T08:30:00Z,2026-08-03T10:30:00+0200,21.68,EUR/MWh,BE,BE,imbalance_price,Short,2026-08-23T11:28:30Z
2026-08-23T11:27:43Z,2026-08-23T13:27:43+0200,aa89dba4-771d-4653-9ac4-44e4858bfe00,2026-08-03T08:45:00Z,2026-08-03T10:45:00+0200,21.68,EUR/MWh,BE,BE,imbalance_price,Long,2026-08-23T11:28:30Z
2026-08-23T11:27:43Z,2026-08-23T13:27:43+0200,aa89dba4-771d-4653-9ac4-44e4858bfe00,2026-08-03T08:45:00Z,2026-08-03T10:45:00+0200,21.68,EUR/MWh,BE,BE,imbalance_price,Short,2026-08-23T11:28:30Z
2026-08-23T11:27:43Z,2026-08-23T13:27:43+0200,aa89dba4-771d-4653-9ac4-44e4858bfe00,2026-08-03T09:00:00Z,2026-08-03T11:00:00+0200,62.26,EUR/MWh,BE,BE,imbalance_price,Long,2026-08-23T11:28:30Z
2026-08-23T11:27:43Z,2026-08-23T13:27:43+0200,aa89dba4-771d-4653-9ac4-44e4858bfe00,2026-08-03T09:00:00Z,2026-08-03T11:00:00+0200,62.26,EUR/MWh,BE,BE,imbalance_price,Short,2026-08-23T11:28:30Z
2026-08-23T11:27:43Z,2026-08-23T13:27:43+0200,aa89dba4-771d-4653-9ac4-44e4858bfe00,2026-08-03T09:15:00Z,2026-08-03T11:15:00+0200,148.38,EUR/MWh,BE,BE,imbalance_price,Long,2026-08-23T11:28:30Z
2026-08-23T11:27:43Z,2026-08-23T13:27:43+0200,aa89dba4-771d-4653-9ac4-44e4858bfe00,2026-08-03T09:15:00Z,2026-08-03T11:15:00+0200,148.38,EUR/MWh,BE,BE,imbalance_price,Short,2026-08-23T11:28:30Z
2026-08-23T11:27:43Z,2026-08-23T13:27:43+0200,aa89dba4-771d-4653-9ac4-44e4858bfe00,2026-08-03T09:30:00Z,2026-08-03T11:30:00+0200,144.07,EUR/MWh,BE,BE,imbalance_price,Long,2026-08-23T11:28:30Z
2026-08-23T11:27:43Z,2026-08-23T13:27:43+0200,aa89dba4-771d-4653-9ac4-44e4858bfe00,2026-08-03T09:30:00Z,2026-08-03T11:30:00+0200,144.07,EUR/MWh,BE,BE,imbalance_price,Short,2026-08-23T11:28:30Z
2026-08-23T11:27:43Z,2026-08-23T13:27:43+0200,aa89dba4-771d-4653-9ac4-44e4858bfe00,2026-08-03T09:45:00Z,2026-08-03T11:45:00+0200,150.84,EUR/MWh,BE,BE,imbalance_price,Long,2026-08-23T11:28:30Z
2026-08-23T11:27:43Z,2026-08-23T13:27:43+0200,aa89dba4-771d-4653-9ac4-44e4858bfe00,2026-08-03T09:45:00Z,2026-08-03T11:45:00+0200,150.84,EUR/MWh,BE,BE,imbalance_price,Short,2026-08-23T11:28:30Z
2026-08-23T11:27:43Z,2026-08-23T13:27:43+0200,aa89dba4-771d-4653-9ac4-44e4858bfe00,2026-08-03T10:00:00Z,2026-08-03T12:00:00+0200,67.32,EUR/MWh,BE,BE,imbalance_price,Long,2026-08-23T11:28:30Z
2026-08-23T11:27:43Z,2026-08-23T13:27:43+0200,aa89dba4-771d-4653-9ac4-44e4858bfe00,2026-08-03T10:00:00Z,2026-08-03T12:00:00+0200,67.32,EUR/MWh,BE,BE,imbalance_price,Short,2026-08-23T11:28:30Z
2026-08-23T11:27:43Z,2026-08-23T13:27:43+0200,aa89dba4-771d-4653-9ac4-44e4858bfe00,2026-08-03T10:15:00Z,2026-08-03T12:15:00+0200,156.62,EUR/MWh,BE,BE,imbalance_price,Long,2026-08-23T11:28:30Z
2026-08-23T11:27:43Z,2026-08-23T13:27:43+0200,aa89dba4-771d-4653-9ac4-44e4858bfe00,2026-08-03T10:15:00Z,2026-08-03T12:15:00+0200,156.62,EUR/MWh,BE,BE,imbalance_price,Short,2026-08-23T11:28:30Z
2026-08-23T11:27:43Z,2026-08-23T13:27:43+0200,aa89dba4-771d-4653-9ac4-44e4858bfe00,2026-08-03T10:30:00Z,2026-08-03T12:30:00+0200,70.89,EUR/MWh,BE,BE,imbalance_price,Long,2026-08-23T11:28:30Z
2026-08-23T11:27:43Z,2026-08-23T13:27:43+0200,aa89dba4-771d-4653-9ac4-44e4858bfe00,2026-08-03T10:30:00Z,2026-08-03T12:30:00+0200,70.89,EUR/MWh,BE,BE,imbalance_price,Short,2026-08-23T11:28:30Z
2026-08-23T11:27:43Z,2026-08-23T13:27:43+0200,aa89dba4-771d-4653-9ac4-44e4858bfe00,2026-08-03T10:45:00Z,2026-08-03T12:45:00+0200,78.45,EUR/MWh,BE,BE,imbalance_price,Long,2026-08-23T11:28:30Z
2026-08-23T11:27:43Z,2026-08-23T13:27:43+0200,aa89dba4-771d-4653-9ac4-44e4858bfe00,2026-08-03T10:45:00Z,2026-08-03T12:45:00+0200,78.45,EUR/MWh,BE,BE,imbalance_price,Short,2026-08-23T11:28:30Z
2026-08-23T11:27:43Z,2026-08-23T13:27:43+0200,aa89dba4-771d-4653-9ac4-44e4858bfe00,2026-08-03T11:00:00Z,2026-08-03T13:00:00+0200,170.14,EUR/MWh,BE,BE,imbalance_price,Long,2026-08-23T11:28:30Z
2026-08-23T11:27:43Z,2026-08-23T13:27:43+0200,aa89dba4-771d-4653-9ac4-44e4858bfe00,2026-08-03T11:00:00Z,2026-08-03T13:00:00+0200,170.14,EUR/MWh,BE,BE,imbalance_price,Short,2026-08-23T11:28:30Z
2026-08-23T11:27:43Z,2026-08-23T13:27:43+0200,aa89dba4-771d-4653-9ac4-44e4858bfe00,2026-08-03T11:15:00Z,2026-08-03T13:15:00+0200,162.05,EUR/MWh,BE,BE,imbalance_price,Long,2026-08-23T11:28:30Z
2026-08-23T11:27:43Z,2026-08-23T13:27:43+0200,aa89dba4-771d-4653-9ac4-44e4858bfe00,2026-08-03T11:15:00Z,2026-08-03T13:15:00+0200,162.05,EUR/MWh,BE,BE,imbalance_price,Short,2026-08-23T11:28:30Z
2026-08-23T11:27:43Z,2026-08-23T13:27:43+0200,aa89dba4-771d-4653-9ac4-44e4858bfe00,2026-08-03T11:30:00Z,2026-08-03T13:30:00+0200,108.54,EUR/MWh,BE,BE,imbalance_price,Long,2026-08-23T11:28:30Z
2026-08-23T11:27:43Z,2026-08-23T13:27:43+0200,aa89dba4-771d-4653-9ac4-44e4858bfe00,2026-08-03T11:30:00Z,2026-08-03T13:30:00+0200,108.54,EUR/MWh,BE,BE,imbalance_price,Short,2026-08-23T11:28:30Z
2026-08-23T11:27:43Z,2026-08-23T13:27:43+0200,aa89dba4-771d-4653-9ac4-44e4858bfe00,2026-08-03T11:45:00Z,2026-08-03T13:45:00+0200,113.07,EUR/MWh,BE,BE,imbalance_price,Long,2026-08-23T11:28:30Z
2026-08-23T11:27:43Z,2026-08-23T13:27:43+0200,aa89dba4-771d-4653-9ac4-44e4858bfe00,2026-08-03T11:45:00Z,2026-08-03T13:45:00+0200,113.07,EUR/MWh,BE,BE,imbalance_price,Short,2026-08-23T11:28:30Z
2026-08-23T11:27:43Z,2026-08-23T13:27:43+0200,aa89dba4-771d-4653-9ac4-44e4858bfe00,2026-08-03T12:00:00Z,2026-08-03T14:00:00+0200,133.42,EUR/MWh,BE,BE,imbalance_price,Long,2026-08-23T11:28:30Z
2026-08-23T11:27:43Z,2026-08-23T13:27:43+0200,aa89dba4-771d-4653-9ac4-44e4858bfe00,2026-08-03T12:00:00Z,2026-08-03T14:00:00+0200,133.42,EUR/MWh,BE,BE,imbalance_price,Short,2026-08-23T11:28:30Z
2026-08-23T11:27:43Z,2026-08-23T13:27:43+0200,aa89dba4-771d-4653-9ac4-44e4858bfe00,2026-08-03T12:15:00Z,2026-08-03T14:15:00+0200,73.6,EUR/MWh,BE,BE,imbalance_price,Long,2026-08-23T11:28:30Z
2026-08-23T11:27:43Z,2026-08-23T13:27:43+0200,aa89dba4-771d-4653-9ac4-44e4858bfe00,2026-08-03T12:15:00Z,2026-08-03T14:15:00+0200,73.6,EUR/MWh,BE,BE,imbalance_price,Short,2026-08-23T11:28:30Z
2026-08-23T11:27:43Z,2026-08-23T13:27:43+0200,aa89dba4-771d-4653-9ac4-44e4858bfe00,2026-08-03T12:30:00Z,2026-08-03T14:30:00+0200,76.01,EUR/MWh,BE,BE,imbalance_price,Long,2026-08-23T11:28:30Z
2026-08-23T11:27:43Z,2026-08-23T13:27:43+0200,aa89dba4-771d-4653-9ac4-44e4858bfe00,2026-08-03T12:30:00Z,2026-08-03T14:30:00+0200,76.01,EUR/MWh,BE,BE,imbalance_price,Short,2026-08-23T11:28:30Z
2026-08-23T11:27:43Z,2026-08-23T13:27:43+0200,aa89dba4-771d-4653-9ac4-44e4858bfe00,2026-08-03T12:45:00Z,2026-08-03T14:45:00+0200,83.89,EUR/MWh,BE,BE,imbalance_price,Long,2026-08-23T11:28:30Z
2026-08-23T11:27:43Z,2026-08-23T13:27:43+0200,aa89dba4-771d-4653-9ac4-44e4858bfe00,2026-08-03T12:45:00Z,2026-08-03T14:45:00+0200,83.89,EUR/MWh,BE,BE,imbalance_price,Short,2026-08-23T11:28:30Z
2026-08-23T11:27:43Z,2026-08-23T13:27:43+0200,aa89dba4-771d-4653-9ac4-44e4858bfe00,2026-08-03T13:00:00Z,2026-08-03T15:00:00+0200,21.68,EUR/MWh,BE,BE,imbalance_price,Long,2026-08-23T11:28:30Z
2026-08-23T11:27:43Z,2026-08-23T13:27:43+0200,aa89dba4-771d-4653-9ac4-44e4858bfe00,2026-08-03T13:00:00Z,2026-08-03T15:00:00+0200,21.68,EUR/MWh,BE,BE,imbalance_price,Short,2026-08-23T11:28:30Z
2026-08-23T11:27:43Z,2026-08-23T13:27:43+0200,aa89dba4-771d-4653-9ac4-44e4858bfe00,2026-08-03T13:15:00Z,2026-08-03T15:15:00+0200,21.68,EUR/MWh,BE,BE,imbalance_price,Long,2026-08-23T11:28:30Z
2026-08-23T11:27:43Z,2026-08-23T13:27:43+0200,aa89dba4-771d-4653-9ac4-44e4858bfe00,2026-08-03T13:15:00Z,2026-08-03T15:15:00+0200,21.68,EUR/MWh,BE,BE,imbalance_price,Short,2026-08-23T11:28:30Z
2026-08-23T11:27:43Z,2026-08-23T13:27:43+0200,aa89dba4-771d-4653-9ac4-44e4858bfe00,2026-08-03T13:30:00Z,2026-08-03T15:30:00+0200,21.68,EUR/MWh,BE,BE,imbalance_price,Long,2026-08-23T11:28:30Z
2026-08-23T11:27:43Z,2026-08-23T13:27:43+0200,aa89dba4-771d-4653-9ac4-44e4858bfe00,2026-08-03T13:30:00Z,2026-08-03T15:30:00+0200,21.68,EUR/MWh,BE,BE,imbalance_price,Short,2026-08-23T11:28:30Z
2026-08-23T11:27:43Z,2026-08-23T13:27:43+0200,aa89dba4-771d-4653-9ac4-44e4858bfe00,2026-08-03T13:45:00Z,2026-08-03T15:45:00+0200,125.25,EUR/MWh,BE,BE,imbalance_price,Long,2026-08-23T11:28:30Z
2026-08-23T11:27:43Z,2026-08-23T13:27:43+0200,aa89dba4-771d-4653-9ac4-44e4858bfe00,2026-08-03T13:45:00Z,2026-08-03T15:45:00+0200,125.25,EUR/MWh,BE,BE,imbalance_price,Short,2026-08-23T11:28:30Z
2026-08-23T11:27:43Z,2026-08-23T13:27:43+0200,aa89dba4-771d-4653-9ac4-44e4858bfe00,2026-08-03T14:00:00Z,2026-08-03T16:00:00+0200,108.39,EUR/MWh,BE,BE,imbalance_price,Long,2026-08-23T11:28:30Z
2026-08-23T11:27:43Z,2026-08-23T13:27:43+0200,aa89dba4-771d-4653-9ac4-44e4858bfe00,2026-08-03T14:00:00Z,2026-08-03T16:00:00+0200,108.39,EUR/MWh,BE,BE,imbalance_price,Short,2026-08-23T11:28:30Z
2026-08-23T11:27:43Z,2026-08-23T13:27:43+0200,aa89dba4-771d-4653-9ac4-44e4858bfe00,2026-08-03T14:15:00Z,2026-08-03T16:15:00+0200,116.5,EUR/MWh,BE,BE,imbalance_price,Long,2026-08-23T11:28:30Z
2026-08-23T11:27:43Z,2026-08-23T13:27:43+0200,aa89dba4-771d-4653-9ac4-44e4858bfe00,2026-08-03T14:15:00Z,2026-08-03T16:15:00+0200,116.5,EUR/MWh,BE,BE,imbalance_price,Short,2026-08-23T11:28:30Z
2026-08-23T11:27:43Z,2026-08-23T13:27:43+0200,aa89dba4-771d-4653-9ac4-44e4858bfe00,2026-08-03T14:30:00Z,2026-08-03T16:30:00+0200,47.84,EUR/MWh,BE,BE,imbalance_price,Long,2026-08-23T11:28:30Z
2026-08-23T11:27:43Z,2026-08-23T13:27:43+0200,aa89dba4-771d-4653-9ac4-44e4858bfe00,2026-08-03T14:30:00Z,2026-08-03T16:30:00+0200,47.84,EUR/MWh,BE,BE,imbalance_price,Short,2026-08-23T11:28:30Z
2026-08-23T11:27:43Z,2026-08-23T13:27:43+0200,aa89dba4-771d-4653-9ac4-44e4858bfe00,2026-08-03T14:45:00Z,2026-08-03T16:45:00+0200,97.93,EUR/MWh,BE,BE,imbalance_price,Long,2026-08-23T11:28:30Z
2026-08-23T11:27:43Z,2026-08-23T13:27:43+0200,aa89dba4-771d-4653-9ac4-44e4858bfe00,2026-08-03T14:45:00Z,2026-08-03T16:45:00+0200,97.93,EUR/MWh,BE,BE,imbalance_price,Short,2026-08-23T11:28:30Z
2026-08-23T11:27:43Z,2026-08-23T13:27:43+0200,aa89dba4-771d-4653-9ac4-44e4858bfe00,2026-08-03T15:00:00Z,2026-08-03T17:00:00+0200,101.33,EUR/MWh,BE,BE,imbalance_price,Long,2026-08-23T11:28:30Z
2026-08-23T11:27:43Z,2026-08-23T13:27:43+0200,aa89dba4-771d-4653-9ac4-44e4858bfe00,2026-08-03T15:00:00Z,2026-08-03T17:00:00+0200,101.33,EUR/MWh,BE,BE,imbalance_price,Short,2026-08-23T11:28:30Z
2026-08-23T11:27:43Z,2026-08-23T13:27:43+0200,aa89dba4-771d-4653-9ac4-44e4858bfe00,2026-08-03T15:15:00Z,2026-08-03T17:15:00+0200,104.01,EUR/MWh,BE,BE,imbalance_price,Long,2026-08-23T11:28:30Z
2026-08-23T11:27:43Z,2026-08-23T13:27:43+0200,aa89dba4-771d-4653-9ac4-44e4858bfe00,2026-08-03T15:15:00Z,2026-08-03T17:15:00+0200,104.01,EUR/MWh,BE,BE,imbalance_price,Short,2026-08-23T11:28:30Z
2026-08-23T11:27:43Z,2026-08-23T13:27:43+0200,aa89dba4-771d-4653-9ac4-44e4858bfe00,2026-08-03T15:30:00Z,2026-08-03T17:30:00+0200,21.68,EUR/MWh,BE,BE,imbalance_price,Long,2026-08-23T11:28:30Z
2026-08-23T11:27:43Z,2026-08-23T13:27:43+0200,aa89dba4-771d-4653-9ac4-44e4858bfe00,2026-08-03T15:30:00Z,2026-08-03T17:30:00+0200,21.68,EUR/MWh,BE,BE,imbalance_price,Short,2026-08-23T11:28:30Z
2026-08-23T11:27:43Z,2026-08-23T13:27:43+0200,aa89dba4-771d-4653-9ac4-44e4858bfe00,2026-08-03T15:45:00Z,2026-08-03T17:45:00+0200,22.87,EUR/MWh,BE,BE,imbalance_price,Long,2026-08-23T11:28:30Z
2026-08-23T11:27:43Z,2026-08-23T13:27:43+0200,aa89dba4-771d-4653-9ac4-44e4858bfe00,2026-08-03T15:45:00Z,2026-08-03T17:45:00+0200,22.87,EUR/MWh,BE,BE,imbalance_price,Short,2026-08-23T11:28:30Z
2026-08-23T11:27:43Z,2026-08-23T13:27:43+0200,aa89dba4-771d-4653-9ac4-44e4858bfe00,2026-08-03T16:00:00Z,2026-08-03T18:00:00+0200,160.3,EUR/MWh,BE,BE,imbalance_price,Long,2026-08-23T11:28:30Z
2026-08-23T11:27:43Z,2026-08-23T13:27:43+0200,aa89dba4-771d-4653-9ac4-44e4858bfe00,2026-08-03T16:00:00Z,2026-08-03T18:00:00+0200,160.3,EUR/MWh,BE,BE,imbalance_price,Short,2026-08-23T11:28:30Z
2026-08-23T11:27:43Z,2026-08-23T13:27:43+0200,aa89dba4-771d-4653-9ac4-44e4858bfe00,2026-08-03T16:15:00Z,2026-08-03T18:15:00+0200,184.41,EUR/MWh,BE,BE,imbalance_price,Long,2026-08-23T11:28:30Z
2026-08-23T11:27:43Z,2026-08-23T13:27:43+0200,aa89dba4-771d-4653-9ac4-44e4858bfe00,2026-08-03T16:15:00Z,2026-08-03T18:15:00+0200,184.41,EUR/MWh,BE,BE,imbalance_price,Short,2026-08-23T11:28:30Z
2026-08-23T11:27:43Z,2026-08-23T13:27:43+0200,aa89dba4-771d-4653-9ac4-44e4858bfe00,2026-08-03T16:30:00Z,2026-08-03T18:30:00+0200,168.1,EUR/MWh,BE,BE,imbalance_price,Long,2026-08-23T11:28:30Z
2026-08-23T11:27:43Z,2026-08-23T13:27:43+0200,aa89dba4-771d-4653-9ac4-44e4858bfe00,2026-08-03T16:30:00Z,2026-08-03T18:30:00+0200,168.1,EUR/MWh,BE,BE,imbalance_price,Short,2026-08-23T11:28:30Z
2026-08-23T11:27:43Z,2026-08-23T13:27:43+0200,aa89dba4-771d-4653-9ac4-44e4858bfe00,2026-08-03T16:45:00Z,2026-08-03T18:45:00+0200,188.81,EUR/MWh,BE,BE,imbalance_price,Long,2026-08-23T11:28:30Z
2026-08-23T11:27:43Z,2026-08-23T13:27:43+0200,aa89dba4-771d-4653-9ac4-44e4858bfe00,2026-08-03T16:45:00Z,2026-08-03T18:45:00+0200,188.81,EUR/MWh,BE,BE,imbalance_price,Short,2026-08-23T11:28:30Z
2026-08-23T11:27:43Z,2026-08-23T13:27:43+0200,aa89dba4-771d-4653-9ac4-44e4858bfe00,2026-08-03T17:00:00Z,2026-08-03T19:00:00+0200,94.34,EUR/MWh,BE,BE,imbalance_price,Long,2026-08-23T11:28:30Z
2026-08-23T11:27:43Z,2026-08-23T13:27:43+0200,aa89dba4-771d-4653-9ac4-44e4858bfe00,2026-08-03T17:00:00Z,2026-08-03T19:00:00+0200,94.34,EUR/MWh,BE,BE,imbalance_price,Short,2026-08-23T11:28:30Z
2026-08-23T11:27:43Z,2026-08-23T13:27:43+0200,aa89dba4-771d-4653-9ac4-44e4858bfe00,2026-08-03T17:15:00Z,2026-08-03T19:15:00+0200,180.0,EUR/MWh,BE,BE,imbalance_price,Long,2026-08-23T11:28:30Z
2026-08-23T11:27:43Z,2026-08-23T13:27:43+0200,aa89dba4-771d-4653-9ac4-44e4858bfe00,2026-08-03T17:15:00Z,2026-08-03T19:15:00+0200,180.0,EUR/MWh,BE,BE,imbalance_price,Short,2026-08-23T11:28:30Z
2026-08-23T11:27:43Z,2026-08-23T13:27:43+0200,aa89dba4-771d-4653-9ac4-44e4858bfe00,2026-08-03T17:30:00Z,2026-08-03T19:30:00+0200,175.5,EUR/MWh,BE,BE,imbalance_price,Long,2026-08-23T11:28:30Z
2026-08-23T11:27:43Z,2026-08-23T13:27:43+0200,aa89dba4-771d-4653-9ac4-44e4858bfe00,2026-08-03T17:30:00Z,2026-08-03T19:30:00+0200,175.5,EUR/MWh,BE,BE,imbalance_price,Short,2026-08-23T11:28:30Z
2026-08-23T11:27:43Z,2026-08-23T13:27:43+0200,aa89dba4-771d-4653-9ac4-44e4858bfe00,2026-08-03T17:45:00Z,2026-08-03T19:45:00+0200,182.0,EUR/MWh,BE,BE,imbalance_price,Long,2026-08-23T11:28:30Z
2026-08-23T11:27:43Z,2026-08-23T13:27:43+0200,aa89dba4-771d-4653-9ac4-44e4858bfe00,2026-08-03T17:45:00Z,2026-08-03T19:45:00+0200,182.0,EUR/MWh,BE,BE,imbalance_price,Short,2026-08-23T11:28:30Z
2026-08-23T11:27:43Z,2026-08-23T13:27:43+0200,aa89dba4-771d-4653-9ac4-44e4858bfe00,2026-08-03T18:00:00Z,2026-08-03T20:00:00+0200,152.39,EUR/MWh,BE,BE,imbalance_price,Long,2026-08-23T11:28:30Z
2026-08-23T11:27:43Z,2026-08-23T13:27:43+0200,aa89dba4-771d-4653-9ac4-44e4858bfe00,2026-08-03T18:00:00Z,2026-08-03T20:00:00+0200,152.39,EUR/MWh,BE,BE,imbalance_price,Short,2026-08-23T11:28:30Z
2026-08-23T11:27:43Z,2026-08-23T13:27:43+0200,aa89dba4-771d-4653-9ac4-44e4858bfe00,2026-08-03T18:15:00Z,2026-08-03T20:15:00+0200,167.47,EUR/MWh,BE,BE,imbalance_price,Long,2026-08-23T11:28:30Z
2026-08-23T11:27:43Z,2026-08-23T13:27:43+0200,aa89dba4-771d-4653-9ac4-44e4858bfe00,2026-08-03T18:15:00Z,2026-08-03T20:15:00+0200,167.47,EUR/MWh,BE,BE,imbalance_price,Short,2026-08-23T11:28:30Z
2026-08-23T11:27:43Z,2026-08-23T13:27:43+0200,aa89dba4-771d-4653-9ac4-44e4858bfe00,2026-08-03T18:30:00Z,2026-08-03T20:30:00+0200,167.67,EUR/MWh,BE,BE,imbalance_price,Long,2026-08-23T11:28:30Z
2026-08-23T11:27:43Z,2026-08-23T13:27:43+0200,aa89dba4-771d-4653-9ac4-44e4858bfe00,2026-08-03T18:30:00Z,2026-08-03T20:30:00+0200,167.67,EUR/MWh,BE,BE,imbalance_price,Short,2026-08-23T11:28:30Z
2026-08-23T11:27:43Z,2026-08-23T13:27:43+0200,aa89dba4-771d-4653-9ac4-44e4858bfe00,2026-08-03T18:45:00Z,2026-08-03T20:45:00+0200,94.74,EUR/MWh,BE,BE,imbalance_price,Long,2026-08-23T11:28:30Z
2026-08-23T11:27:43Z,2026-08-23T13:27:43+0200,aa89dba4-771d-4653-9ac4-44e4858bfe00,2026-08-03T18:45:00Z,2026-08-03T20:45:00+0200,94.74,EUR/MWh,BE,BE,imbalance_price,Short,2026-08-23T11:28:30Z
2026-08-23T11:27:43Z,2026-08-23T13:27:43+0200,aa89dba4-771d-4653-9ac4-44e4858bfe00,2026-08-03T19:00:00Z,2026-08-03T21:00:00+0200,143.84,EUR/MWh,BE,BE,imbalance_price,Long,2026-08-23T11:28:30Z
2026-08-23T11:27:43Z,2026-08-23T13:27:43+0200,aa89dba4-771d-4653-9ac4-44e4858bfe00,2026-08-03T19:00:00Z,2026-08-03T21:00:00+0200,143.84,EUR/MWh,BE,BE,imbalance_price,Short,2026-08-23T11:28:30Z
2026-08-23T11:27:43Z,2026-08-23T13:27:43+0200,aa89dba4-771d-4653-9ac4-44e4858bfe00,2026-08-03T19:15:00Z,2026-08-03T21:15:00+0200,121.29,EUR/MWh,BE,BE,imbalance_price,Long,2026-08-23T11:28:30Z
2026-08-23T11:27:43Z,2026-08-23T13:27:43+0200,aa89dba4-771d-4653-9ac4-44e4858bfe00,2026-08-03T19:15:00Z,2026-08-03T21:15:00+0200,121.29,EUR/MWh,BE,BE,imbalance_price,Short,2026-08-23T11:28:30Z
2026-08-23T11:27:43Z,2026-08-23T13:27:43+0200,aa89dba4-771d-4653-9ac4-44e4858bfe00,2026-08-03T19:30:00Z,2026-08-03T21:30:00+0200,131.16,EUR/MWh,BE,BE,imbalance_price,Long,2026-08-23T11:28:30Z
2026-08-23T11:27:43Z,2026-08-23T13:27:43+0200,aa89dba4-771d-4653-9ac4-44e4858bfe00,2026-08-03T19:30:00Z,2026-08-03T21:30:00+0200,131.16,EUR/MWh,BE,BE,imbalance_price,Short,2026-08-23T11:28:30Z
2026-08-23T11:27:43Z,2026-08-23T13:27:43+0200,aa89dba4-771d-4653-9ac4-44e4858bfe00,2026-08-03T19:45:00Z,2026-08-03T21:45:00+0200,128.5,EUR/MWh,BE,BE,imbalance_price,Long,2026-08-23T11:28:30Z
2026-08-23T11:27:43Z,2026-08-23T13:27:43+0200,aa89dba4-771d-4653-9ac4-44e4858bfe00,2026-08-03T19:45:00Z,2026-08-03T21:45:00+0200,128.5,EUR/MWh,BE,BE,imbalance_price,Short,2026-08-23T11:28:30Z
2026-08-23T11:27:43Z,2026-08-23T13:27:43+0200,aa89dba4-771d-4653-9ac4-44e4858bfe00,2026-08-03T20:00:00Z,2026-08-03T22:00:00+0200,160.62,EUR/MWh,BE,BE,imbalance_price,Long,2026-08-23T11:28:30Z
2026-08-23T11:27:43Z,2026-08-23T13:27:43+0200,aa89dba4-771d-4653-9ac4-44e4858bfe00,2026-08-03T20:00:00Z,2026-08-03T22:00:00+0200,160.62,EUR/MWh,BE,BE,imbalance_price,Short,2026-08-23T11:28:30Z
2026-08-23T11:27:43Z,2026-08-23T13:27:43+0200,aa89dba4-771d-4653-9ac4-44e4858bfe00,2026-08-03T20:15:00Z,2026-08-03T22:15:00+0200,149.96,EUR/MWh,BE,BE,imbalance_price,Long,2026-08-23T11:28:30Z
2026-08-23T11:27:43Z,2026-08-23T13:27:43+0200,aa89dba4-771d-4653-9ac4-44e4858bfe00,2026-08-03T20:15:00Z,2026-08-03T22:15:00+0200,149.96,EUR/MWh,BE,BE,imbalance_price,Short,2026-08-23T11:28:30Z
2026-08-23T11:27:43Z,2026-08-23T13:27:43+0200,aa89dba4-771d-4653-9ac4-44e4858bfe00,2026-08-03T20:30:00Z,2026-08-03T22:30:00+0200,131.97,EUR/MWh,BE,BE,imbalance_price,Long,2026-08-23T11:28:30Z
2026-08-23T11:27:43Z,2026-08-23T13:27:43+0200,aa89dba4-771d-4653-9ac4-44e4858bfe00,2026-08-03T20:30:00Z,2026-08-03T22:30:00+0200,131.97,EUR/MWh,BE,BE,imbalance_price,Short,2026-08-23T11:28:30Z
2026-08-23T11:27:43Z,2026-08-23T13:27:43+0200,aa89dba4-771d-4653-9ac4-44e4858bfe00,2026-08-03T20:45:00Z,2026-08-03T22:45:00+0200,158.44,EUR/MWh,BE,BE,imbalance_price,Long,2026-08-23T11:28:30Z
2026-08-23T11:27:43Z,2026-08-23T13:27:43+0200,aa89dba4-771d-4653-9ac4-44e4858bfe00,2026-08-03T20:45:00Z,2026-08-03T22:45:00+0200,158.44,EUR/MWh,BE,BE,imbalance_price,Short,2026-08-23T11:28:30Z
2026-08-23T11:27:43Z,2026-08-23T13:27:43+0200,aa89dba4-771d-4653-9ac4-44e4858bfe00,2026-08-03T21:00:00Z,2026-08-03T23:00:00+0200,166.68,EUR/MWh,BE,BE,imbalance_price,Long,2026-08-23T11:28:30Z
2026-08-23T11:27:43Z,2026-08-23T13:27:43+0200,aa89dba4-771d-4653-9ac4-44e4858bfe00,2026-08-03T21:00:00Z,2026-08-03T23:00:00+0200,166.68,EUR/MWh,BE,BE,imbalance_price,Short,2026-08-23T11:28:30Z
2026-08-23T11:27:43Z,2026-08-23T13:27:43+0200,aa89dba4-771d-4653-9ac4-44e4858bfe00,2026-08-03T21:15:00Z,2026-08-03T23:15:00+0200,86.17,EUR/MWh,BE,BE,imbalance_price,Long,2026-08-23T11:28:30Z
2026-08-23T11:27:43Z,2026-08-23T13:27:43+0200,aa89dba4-771d-4653-9ac4-44e4858bfe00,2026-08-03T21:15:00Z,2026-08-03T23:15:00+0200,86.17,EUR/MWh,BE,BE,imbalance_price,Short,2026-08-23T11:28:30Z
2026-08-23T11:27:43Z,2026-08-23T13:27:43+0200,aa89dba4-771d-4653-9ac4-44e4858bfe00,2026-08-03T21:30:00Z,2026-08-03T23:30:00+0200,162.94,EUR/MWh,BE,BE,imbalance_price,Long,2026-08-23T11:28:30Z
2026-08-23T11:27:43Z,2026-08-23T13:27:43+0200,aa89dba4-771d-4653-9ac4-44e4858bfe00,2026-08-03T21:30:00Z,2026-08-03T23:30:00+0200,162.94,EUR/MWh,BE,BE,imbalance_price,Short,2026-08-23T11:28:30Z
2026-08-23T11:27:43Z,2026-08-23T13:27:43+0200,aa89dba4-771d-4653-9ac4-44e4858bfe00,2026-08-03T21:45:00Z,2026-08-03T23:45:00+0200,158.58,EUR/MWh,BE,BE,imbalance_price,Long,2026-08-23T11:28:30Z
2026-08-23T11:27:43Z,2026-08-23T13:27:43+0200,aa89dba4-771d-4653-9ac4-44e4858bfe00,2026-08-03T21:45:00Z,2026-08-03T23:45:00+0200,158.58,EUR/MWh,BE,BE,imbalance_price,Short,2026-08-23T11:28:30Z
2026-08-23T11:27:43Z,2026-08-23T13:27:43+0200,aa89dba4-771d-4653-9ac4-44e4858bfe00,2026-08-03T22:00:00Z,2026-08-04T00:00:00+0200,154.37,EUR/MWh,BE,BE,imbalance_price,Long,2026-08-23T11:28:30Z
2026-08-23T11:27:43Z,2026-08-23T13:27:43+0200,aa89dba4-771d-4653-9ac4-44e4858bfe00,2026-08-03T22:00:00Z,2026-08-04T00:00:00+0200,154.37,EUR/MWh,BE,BE,imbalance_price,Short,2026-08-23T11:28:30Z
2026-08-23T11:27:43Z,2026-08-23T13:27:43+0200,aa89dba4-771d-4653-9ac4-44e4858bfe00,2026-08-03T22:15:00Z,2026-08-04T00:15:00+0200,173.14,EUR/MWh,BE,BE,imbalance_price,Long,2026-08-23T11:28:30Z
2026-08-23T11:27:43Z,2026-08-23T13:27:43+0200,aa89dba4-771d-4653-9ac4-44e4858bfe00,2026-08-03T22:15:00Z,2026-08-04T00:15:00+0200,173.14,EUR/MWh,BE,BE,imbalance_price,Short,2026-08-23T11:28:30Z
2026-08-23T11:27:43Z,2026-08-23T13:27:43+0200,aa89dba4-771d-4653-9ac4-44e4858bfe00,2026-08-03T22:30:00Z,2026-08-04T00:30:00+0200,179.4,EUR/MWh,BE,BE,imbalance_price,Long,2026-08-23T11:28:30Z
2026-08-23T11:27:43Z,2026-08-23T13:27:43+0200,aa89dba4-771d-4653-9ac4-44e4858bfe00,2026-08-03T22:30:00Z,2026-08-04T00:30:00+0200,179.4,EUR/MWh,BE,BE,imbalance_price,Short,2026-08-23T11:28:30Z
2026-08-23T11:27:43Z,2026-08-23T13:27:43+0200,aa89dba4-771d-4653-9ac4-44e4858bfe00,2026-08-03T22:45:00Z,2026-08-04T00:45:00+0200,151.35,EUR/MWh,BE,BE,imbalance_price,Long,2026-08-23T11:28:30Z
2026-08-23T11:27:43Z,2026-08-23T13:27:43+0200,aa89dba4-771d-4653-9ac4-44e4858bfe00,2026-08-03T22:45:00Z,2026-08-04T00:45:00+0200,151.35,EUR/MWh,BE,BE,imbalance_price,Short,2026-08-23T11:28:30Z
2026-08-23T11:27:43Z,2026-08-23T13:27:43+0200,aa89dba4-771d-4653-9ac4-44e4858bfe00,2026-08-03T23:00:00Z,2026-08-04T01:00:00+0200,153.53,EUR/MWh,BE,BE,imbalance_price,Long,2026-08-23T11:28:30Z
2026-08-23T11:27:43Z,2026-08-23T13:27:43+0200,aa89dba4-771d-4653-9ac4-44e4858bfe00,2026-08-03T23:00:00Z,2026-08-04T01:00:00+0200,153.53,EUR/MWh,BE,BE,imbalance_price,Short,2026-08-23T11:28:30Z
2026-08-23T11:27:43Z,2026-08-23T13:27:43+0200,aa89dba4-771d-4653-9ac4-44e4858bfe00,2026-08-03T23:15:00Z,2026-08-04T01:15:00+0200,136.91,EUR/MWh,BE,BE,imbalance_price,Long,2026-08-23T11:28:30Z
2026-08-23T11:27:43Z,2026-08-23T13:27:43+0200,aa89dba4-771d-4653-9ac4-44e4858bfe00,2026-08-03T23:15:00Z,2026-08-04T01:15:00+0200,136.91,EUR/MWh,BE,BE,imbalance_price,Short,2026-08-23T11:28:30Z
2026-08-23T11:27:43Z,2026-08-23T13:27:43+0200,aa89dba4-771d-4653-9ac4-44e4858bfe00,2026-08-03T23:30:00Z,2026-08-04T01:30:00+0200,79.51,EUR/MWh,BE,BE,imbalance_price,Long,2026-08-23T11:28:30Z
2026-08-23T11:27:43Z,2026-08-23T13:27:43+0200,aa89dba4-771d-4653-9ac4-44e4858bfe00,2026-08-03T23:30:00Z,2026-08-04T01:30:00+0200,79.51,EUR/MWh,BE,BE,imbalance_price,Short,2026-08-23T11:28:30Z
2026-08-23T11:27:43Z,2026-08-23T13:27:43+0200,aa89dba4-771d-4653-9ac4-44e4858bfe00,2026-08-03T23:45:00Z,2026-08-04T01:45:00+0200,111.37,EUR/MWh,BE,BE,imbalance_price,Long,2026-08-23T11:28:30Z
2026-08-23T11:27:43Z,2026-08-23T13:27:43+0200,aa89dba4-771d-4653-9ac4-44e4858bfe00,2026-08-03T23:45:00Z,2026-08-04T01:45:00+0200,111.37,EUR/MWh,BE,BE,imbalance_price,Short,2026-08-23T11:28:30Z
2026-08-23T11:27:43Z,2026-08-23T13:27:43+0200,aa89dba4-771d-4653-9ac4-44e4858bfe00,2026-08-04T00:00:00Z,2026-08-04T02:00:00+0200,164.52,EUR/MWh,BE,BE,imbalance_price,Long,2026-08-23T11:28:30Z
2026-08-23T11:27:43Z,2026-08-23T13:27:43+0200,aa89dba4-771d-4653-9ac4-44e4858bfe00,2026-08-04T00:00:00Z,2026-08-04T02:00:00+0200,164.52,EUR/MWh,BE,BE,imbalance_price,Short,2026-08-23T11:28:30Z
2026-08-23T11:27:43Z,2026-08-23T13:27:43+0200,aa89dba4-771d-4653-9ac4-44e4858bfe00,2026-08-04T00:15:00Z,2026-08-04T02:15:00+0200,151.62,EUR/MWh,BE,BE,imbalance_price,Long,2026-08-23T11:28:30Z
2026-08-23T11:27:43Z,2026-08-23T13:27:43+0200,aa89dba4-771d-4653-9ac4-44e4858bfe00,2026-08-04T00:15:00Z,2026-08-04T02:15:00+0200,151.62,EUR/MWh,BE,BE,imbalance_price,Short,2026-08-23T11:28:30Z
2026-08-23T11:27:43Z,2026-08-23T13:27:43+0200,aa89dba4-771d-4653-9ac4-44e4858bfe00,2026-08-04T00:30:00Z,2026-08-04T02:30:00+0200,156.36,EUR/MWh,BE,BE,imbalance_price,Long,2026-08-23T11:28:30Z
2026-08-23T11:27:43Z,2026-08-23T13:27:43+0200,aa89dba4-771d-4653-9ac4-44e4858bfe00,2026-08-04T00:30:00Z,2026-08-04T02:30:00+0200,156.36,EUR/MWh,BE,BE,imbalance_price,Short,2026-08-23T11:28:30Z
2026-08-23T11:27:43Z,2026-08-23T13:27:43+0200,aa89dba4-771d-4653-9ac4-44e4858bfe00,2026-08-04T00:45:00Z,2026-08-04T02:45:00+0200,146.42,EUR/MWh,BE,BE,imbalance_price,Long,2026-08-23T11:28:30Z
2026-08-23T11:27:43Z,2026-08-23T13:27:43+0200,aa89dba4-771d-4653-9ac4-44e4858bfe00,2026-08-04T00:45:00Z,2026-08-04T02:45:00+0200,146.42,EUR/MWh,BE,BE,imbalance_price,Short,2026-08-23T11:28:30Z
2026-08-23T11:27:43Z,2026-08-23T13:27:43+0200,aa89dba4-771d-4653-9ac4-44e4858bfe00,2026-08-04T01:00:00Z,2026-08-04T03:00:00+0200,147.64,EUR/MWh,BE,BE,imbalance_price,Long,2026-08-23T11:28:30Z
2026-08-23T11:27:43Z,2026-08-23T13:27:43+0200,aa89dba4-771d-4653-9ac4-44e4858bfe00,2026-08-04T01:00:00Z,2026-08-04T03:00:00+0200,147.64,EUR/MWh,BE,BE,imbalance_price,Short,2026-08-23T11:28:30Z
2026-08-23T11:27:43Z,2026-08-23T13:27:43+0200,aa89dba4-771d-4653-9ac4-44e4858bfe00,2026-08-04T01:15:00Z,2026-08-04T03:15:00+0200,148.76,EUR/MWh,BE,BE,imbalance_price,Long,2026-08-23T11:28:30Z
2026-08-23T11:27:43Z,2026-08-23T13:27:43+0200,aa89dba4-771d-4653-9ac4-44e4858bfe00,2026-08-04T01:15:00Z,2026-08-04T03:15:00+0200,148.76,EUR/MWh,BE,BE,imbalance_price,Short,2026-08-23T11:28:30Z
2026-08-23T11:27:43Z,2026-08-23T13:27:43+0200,aa89dba4-771d-4653-9ac4-44e4858bfe00,2026-08-04T01:30:00Z,2026-08-04T03:30:00+0200,164.35,EUR/MWh,BE,BE,imbalance_price,Long,2026-08-23T11:28:30Z
2026-08-23T11:27:43Z,2026-08-23T13:27:43+0200,aa89dba4-771d-4653-9ac4-44e4858bfe00,2026-08-04T01:30:00Z,2026-08-04T03:30:00+0200,164.35,EUR/MWh,BE,BE,imbalance_price,Short,2026-08-23T11:28:30Z
2026-08-23T11:27:43Z,2026-08-23T13:27:43+0200,aa89dba4-771d-4653-9ac4-44e4858bfe00,2026-08-04T01:45:00Z,2026-08-04T03:45:00+0200,152.8,EUR/MWh,BE,BE,imbalance_price,Long,2026-08-23T11:28:30Z
2026-08-23T11:27:43Z,2026-08-23T13:27:43+0200,aa89dba4-771d-4653-9ac4-44e4858bfe00,2026-08-04T01:45:00Z,2026-08-04T03:45:00+0200,152.8,EUR/MWh,BE,BE,imbalance_price,Short,2026-08-23T11:28:30Z
2026-08-23T11:27:43Z,2026-08-23T13:27:43+0200,aa89dba4-771d-4653-9ac4-44e4858bfe00,2026-08-04T02:00:00Z,2026-08-04T04:00:00+0200,138.02,EUR/MWh,BE,BE,imbalance_price,Long,2026-08-23T11:28:30Z
2026-08-23T11:27:43Z,2026-08-23T13:27:43+0200,aa89dba4-771d-4653-9ac4-44e4858bfe00,2026-08-04T02:00:00Z,2026-08-04T04:00:00+0200,138.02,EUR/MWh,BE,BE,imbalance_price,Short,2026-08-23T11:28:30Z
2026-08-23T11:27:43Z,2026-08-23T13:27:43+0200,aa89dba4-771d-4653-9ac4-44e4858bfe00,2026-08-04T02:15:00Z,2026-08-04T04:15:00+0200,117.71,EUR/MWh,BE,BE,imbalance_price,Long,2026-08-23T11:28:30Z
2026-08-23T11:27:43Z,2026-08-23T13:27:43+0200,aa89dba4-771d-4653-9ac4-44e4858bfe00,2026-08-04T02:15:00Z,2026-08-04T04:15:00+0200,117.71,EUR/MWh,BE,BE,imbalance_price,Short,2026-08-23T11:28:30Z
2026-08-23T11:27:43Z,2026-08-23T13:27:43+0200,aa89dba4-771d-4653-9ac4-44e4858bfe00,2026-08-04T02:30:00Z,2026-08-04T04:30:00+0200,121.12,EUR/MWh,BE,BE,imbalance_price,Long,2026-08-23T11:28:30Z
2026-08-23T11:27:43Z,2026-08-23T13:27:43+0200,aa89dba4-771d-4653-9ac4-44e4858bfe00,2026-08-04T02:30:00Z,2026-08-04T04:30:00+0200,121.12,EUR/MWh,BE,BE,imbalance_price,Short,2026-08-23T11:28:30Z
2026-08-23T11:27:43Z,2026-08-23T13:27:43+0200,aa89dba4-771d-4653-9ac4-44e4858bfe00,2026-08-04T02:45:00Z,2026-08-04T04:45:00+0200,124.37,EUR/MWh,BE,BE,imbalance_price,Long,2026-08-23T11:28:30Z
2026-08-23T11:27:43Z,2026-08-23T13:27:43+0200,aa89dba4-771d-4653-9ac4-44e4858bfe00,2026-08-04T02:45:00Z,2026-08-04T04:45:00+0200,124.37,EUR/MWh,BE,BE,imbalance_price,Short,2026-08-23T11:28:30Z
2026-08-23T11:27:43Z,2026-08-23T13:27:43+0200,aa89dba4-771d-4653-9ac4-44e4858bfe00,2026-08-04T03:00:00Z,2026-08-04T05:00:00+0200,158.46,EUR/MWh,BE,BE,imbalance_price,Long,2026-08-23T11:28:30Z
2026-08-23T11:27:43Z,2026-08-23T13:27:43+0200,aa89dba4-771d-4653-9ac4-44e4858bfe00,2026-08-04T03:00:00Z,2026-08-04T05:00:00+0200,158.46,EUR/MWh,BE,BE,imbalance_price,Short,2026-08-23T11:28:30Z
2026-08-23T11:27:43Z,2026-08-23T13:27:43+0200,aa89dba4-771d-4653-9ac4-44e4858bfe00,2026-08-04T03:15:00Z,2026-08-04T05:15:00+0200,129.8,EUR/MWh,BE,BE,imbalance_price,Long,2026-08-23T11:28:30Z
2026-08-23T11:27:43Z,2026-08-23T13:27:43+0200,aa89dba4-771d-4653-9ac4-44e4858bfe00,2026-08-04T03:15:00Z,2026-08-04T05:15:00+0200,129.8,EUR/MWh,BE,BE,imbalance_price,Short,2026-08-23T11:28:30Z
2026-08-23T11:27:43Z,2026-08-23T13:27:43+0200,aa89dba4-771d-4653-9ac4-44e4858bfe00,2026-08-04T03:30:00Z,2026-08-04T05:30:00+0200,134.31,EUR/MWh,BE,BE,imbalance_price,Long,2026-08-23T11:28:30Z
2026-08-23T11:27:43Z,2026-08-23T13:27:43+0200,aa89dba4-771d-4653-9ac4-44e4858bfe00,2026-08-04T03:30:00Z,2026-08-04T05:30:00+0200,134.31,EUR/MWh,BE,BE,imbalance_price,Short,2026-08-23T11:28:30Z
2026-08-23T11:27:43Z,2026-08-23T13:27:43+0200,aa89dba4-771d-4653-9ac4-44e4858bfe00,2026-08-04T03:45:00Z,2026-08-04T05:45:00+0200,100.35,EUR/MWh,BE,BE,imbalance_price,Long,2026-08-23T11:28:30Z
2026-08-23T11:27:43Z,2026-08-23T13:27:43+0200,aa89dba4-771d-4653-9ac4-44e4858bfe00,2026-08-04T03:45:00Z,2026-08-04T05:45:00+0200,100.35,EUR/MWh,BE,BE,imbalance_price,Short,2026-08-23T11:28:30Z
2026-08-23T11:27:43Z,2026-08-23T13:27:43+0200,aa89dba4-771d-4653-9ac4-44e4858bfe00,2026-08-04T04:00:00Z,2026-08-04T06:00:00+0200,60.31,EUR/MWh,BE,BE,imbalance_price,Long,2026-08-23T11:28:30Z
2026-08-23T11:27:43Z,2026-08-23T13:27:43+0200,aa89dba4-771d-4653-9ac4-44e4858bfe00,2026-08-04T04:00:00Z,2026-08-04T06:00:00+0200,60.31,EUR/MWh,BE,BE,imbalance_price,Short,2026-08-23T11:28:30Z
2026-08-23T11:27:43Z,2026-08-23T13:27:43+0200,aa89dba4-771d-4653-9ac4-44e4858bfe00,2026-08-04T04:15:00Z,2026-08-04T06:15:00+0200,68.54,EUR/MWh,BE,BE,imbalance_price,Long,2026-08-23T11:28:30Z
2026-08-23T11:27:43Z,2026-08-23T13:27:43+0200,aa89dba4-771d-4653-9ac4-44e4858bfe00,2026-08-04T04:15:00Z,2026-08-04T06:15:00+0200,68.54,EUR/MWh,BE,BE,imbalance_price,Short,2026-08-23T11:28:30Z
2026-08-23T11:27:43Z,2026-08-23T13:27:43+0200,aa89dba4-771d-4653-9ac4-44e4858bfe00,2026-08-04T04:30:00Z,2026-08-04T06:30:00+0200,60.63,EUR/MWh,BE,BE,imbalance_price,Long,2026-08-23T11:28:30Z
2026-08-23T11:27:43Z,2026-08-23T13:27:43+0200,aa89dba4-771d-4653-9ac4-44e4858bfe00,2026-08-04T04:30:00Z,2026-08-04T06:30:00+0200,60.63,EUR/MWh,BE,BE,imbalance_price,Short,2026-08-23T11:28:30Z
2026-08-23T11:27:43Z,2026-08-23T13:27:43+0200,aa89dba4-771d-4653-9ac4-44e4858bfe00,2026-08-04T04:45:00Z,2026-08-04T06:45:00+0200,79.81,EUR/MWh,BE,BE,imbalance_price,Long,2026-08-23T11:28:30Z
2026-08-23T11:27:43Z,2026-08-23T13:27:43+0200,aa89dba4-771d-4653-9ac4-44e4858bfe00,2026-08-04T04:45:00Z,2026-08-04T06:45:00+0200,79.81,EUR/MWh,BE,BE,imbalance_price,Short,2026-08-23T11:28:30Z
2026-08-23T11:27:43Z,2026-08-23T13:27:43+0200,aa89dba4-771d-4653-9ac4-44e4858bfe00,2026-08-04T05:00:00Z,2026-08-04T07:00:00+0200,121.82,EUR/MWh,BE,BE,imbalance_price,Long,2026-08-23T11:28:30Z
2026-08-23T11:27:43Z,2026-08-23T13:27:43+0200,aa89dba4-771d-4653-9ac4-44e4858bfe00,2026-08-04T05:00:00Z,2026-08-04T07:00:00+0200,121.82,EUR/MWh,BE,BE,imbalance_price,Short,2026-08-23T11:28:30Z
2026-08-23T11:27:43Z,2026-08-23T13:27:43+0200,aa89dba4-771d-4653-9ac4-44e4858bfe00,2026-08-04T05:15:00Z,2026-08-04T07:15:00+0200,118.79,EUR/MWh,BE,BE,imbalance_price,Long,2026-08-23T11:28:30Z
2026-08-23T11:27:43Z,2026-08-23T13:27:43+0200,aa89dba4-771d-4653-9ac4-44e4858bfe00,2026-08-04T05:15:00Z,2026-08-04T07:15:00+0200,118.79,EUR/MWh,BE,BE,imbalance_price,Short,2026-08-23T11:28:30Z
2026-08-23T11:27:43Z,2026-08-23T13:27:43+0200,aa89dba4-771d-4653-9ac4-44e4858bfe00,2026-08-04T05:30:00Z,2026-08-04T07:30:00+0200,117.43,EUR/MWh,BE,BE,imbalance_price,Long,2026-08-23T11:28:30Z
2026-08-23T11:27:43Z,2026-08-23T13:27:43+0200,aa89dba4-771d-4653-9ac4-44e4858bfe00,2026-08-04T05:30:00Z,2026-08-04T07:30:00+0200,117.43,EUR/MWh,BE,BE,imbalance_price,Short,2026-08-23T11:28:30Z
2026-08-23T11:27:43Z,2026-08-23T13:27:43+0200,aa89dba4-771d-4653-9ac4-44e4858bfe00,2026-08-04T05:45:00Z,2026-08-04T07:45:00+0200,151.14,EUR/MWh,BE,BE,imbalance_price,Long,2026-08-23T11:28:30Z
2026-08-23T11:27:43Z,2026-08-23T13:27:43+0200,aa89dba4-771d-4653-9ac4-44e4858bfe00,2026-08-04T05:45:00Z,2026-08-04T07:45:00+0200,151.14,EUR/MWh,BE,BE,imbalance_price,Short,2026-08-23T11:28:30Z
2026-08-23T11:27:43Z,2026-08-23T13:27:43+0200,aa89dba4-771d-4653-9ac4-44e4858bfe00,2026-08-04T06:00:00Z,2026-08-04T08:00:00+0200,154.58,EUR/MWh,BE,BE,imbalance_price,Long,2026-08-23T11:28:30Z
2026-08-23T11:27:43Z,2026-08-23T13:27:43+0200,aa89dba4-771d-4653-9ac4-44e4858bfe00,2026-08-04T06:00:00Z,2026-08-04T08:00:00+0200,154.58,EUR/MWh,BE,BE,imbalance_price,Short,2026-08-23T11:28:30Z
2026-08-23T11:27:43Z,2026-08-23T13:27:43+0200,aa89dba4-771d-4653-9ac4-44e4858bfe00,2026-08-04T06:15:00Z,2026-08-04T08:15:00+0200,202.46,EUR/MWh,BE,BE,imbalance_price,Long,2026-08-23T11:28:30Z
2026-08-23T11:27:43Z,2026-08-23T13:27:43+0200,aa89dba4-771d-4653-9ac4-44e4858bfe00,2026-08-04T06:15:00Z,2026-08-04T08:15:00+0200,202.46,EUR/MWh,BE,BE,imbalance_price,Short,2026-08-23T11:28:30Z
2026-08-23T11:27:43Z,2026-08-23T13:27:43+0200,aa89dba4-771d-4653-9ac4-44e4858bfe00,2026-08-04T06:30:00Z,2026-08-04T08:30:00+0200,189.1,EUR/MWh,BE,BE,imbalance_price,Long,2026-08-23T11:28:30Z
2026-08-23T11:27:43Z,2026-08-23T13:27:43+0200,aa89dba4-771d-4653-9ac4-44e4858bfe00,2026-08-04T06:30:00Z,2026-08-04T08:30:00+0200,189.1,EUR/MWh,BE,BE,imbalance_price,Short,2026-08-23T11:28:30Z
2026-08-23T11:27:43Z,2026-08-23T13:27:43+0200,aa89dba4-771d-4653-9ac4-44e4858bfe00,2026-08-04T06:45:00Z,2026-08-04T08:45:00+0200,162.23,EUR/MWh,BE,BE,imbalance_price,Long,2026-08-23T11:28:30Z
2026-08-23T11:27:43Z,2026-08-23T13:27:43+0200,aa89dba4-771d-4653-9ac4-44e4858bfe00,2026-08-04T06:45:00Z,2026-08-04T08:45:00+0200,162.23,EUR/MWh,BE,BE,imbalance_price,Short,2026-08-23T11:28:30Z
2026-08-23T11:27:43Z,2026-08-23T13:27:43+0200,aa89dba4-771d-4653-9ac4-44e4858bfe00,2026-08-04T07:00:00Z,2026-08-04T09:00:00+0200,148.3,EUR/MWh,BE,BE,imbalance_price,Long,2026-08-23T11:28:30Z
2026-08-23T11:27:43Z,2026-08-23T13:27:43+0200,aa89dba4-771d-4653-9ac4-44e4858bfe00,2026-08-04T07:00:00Z,2026-08-04T09:00:00+0200,148.3,EUR/MWh,BE,BE,imbalance_price,Short,2026-08-23T11:28:30Z
2026-08-23T11:27:43Z,2026-08-23T13:27:43+0200,aa89dba4-771d-4653-9ac4-44e4858bfe00,2026-08-04T07:15:00Z,2026-08-04T09:15:00+0200,130.02,EUR/MWh,BE,BE,imbalance_price,Long,2026-08-23T11:28:30Z
2026-08-23T11:27:43Z,2026-08-23T13:27:43+0200,aa89dba4-771d-4653-9ac4-44e4858bfe00,2026-08-04T07:15:00Z,2026-08-04T09:15:00+0200,130.02,EUR/MWh,BE,BE,imbalance_price,Short,2026-08-23T11:28:30Z
2026-08-23T11:27:43Z,2026-08-23T13:27:43+0200,aa89dba4-771d-4653-9ac4-44e4858bfe00,2026-08-04T07:30:00Z,2026-08-04T09:30:00+0200,105.88,EUR/MWh,BE,BE,imbalance_price,Long,2026-08-23T11:28:30Z
2026-08-23T11:27:43Z,2026-08-23T13:27:43+0200,aa89dba4-771d-4653-9ac4-44e4858bfe00,2026-08-04T07:30:00Z,2026-08-04T09:30:00+0200,105.88,EUR/MWh,BE,BE,imbalance_price,Short,2026-08-23T11:28:30Z
2026-08-23T11:27:43Z,2026-08-23T13:27:43+0200,aa89dba4-771d-4653-9ac4-44e4858bfe00,2026-08-04T07:45:00Z,2026-08-04T09:45:00+0200,115.97,EUR/MWh,BE,BE,imbalance_price,Long,2026-08-23T11:28:30Z
2026-08-23T11:27:43Z,2026-08-23T13:27:43+0200,aa89dba4-771d-4653-9ac4-44e4858bfe00,2026-08-04T07:45:00Z,2026-08-04T09:45:00+0200,115.97,EUR/MWh,BE,BE,imbalance_price,Short,2026-08-23T11:28:30Z
2026-08-23T11:27:43Z,2026-08-23T13:27:43+0200,aa89dba4-771d-4653-9ac4-44e4858bfe00,2026-08-04T08:00:00Z,2026-08-04T10:00:00+0200,69.02,EUR/MWh,BE,BE,imbalance_price,Long,2026-08-23T11:28:30Z
2026-08-23T11:27:43Z,2026-08-23T13:27:43+0200,aa89dba4-771d-4653-9ac4-44e4858bfe00,2026-08-04T08:00:00Z,2026-08-04T10:00:00+0200,69.02,EUR/MWh,BE,BE,imbalance_price,Short,2026-08-23T11:28:30Z
2026-08-23T11:27:43Z,2026-08-23T13:27:43+0200,aa89dba4-771d-4653-9ac4-44e4858bfe00,2026-08-04T08:15:00Z,2026-08-04T10:15:00+0200,67.17,EUR/MWh,BE,BE,imbalance_price,Long,2026-08-23T11:28:30Z
2026-08-23T11:27:43Z,2026-08-23T13:27:43+0200,aa89dba4-771d-4653-9ac4-44e4858bfe00,2026-08-04T08:15:00Z,2026-08-04T10:15:00+0200,67.17,EUR/MWh,BE,BE,imbalance_price,Short,2026-08-23T11:28:30Z
2026-08-23T11:27:43Z,2026-08-23T13:27:43+0200,aa89dba4-771d-4653-9ac4-44e4858bfe00,2026-08-04T08:30:00Z,2026-08-04T10:30:00+0200,64.35,EUR/MWh,BE,BE,imbalance_price,Long,2026-08-23T11:28:30Z
2026-08-23T11:27:43Z,2026-08-23T13:27:43+0200,aa89dba4-771d-4653-9ac4-44e4858bfe00,2026-08-04T08:30:00Z,2026-08-04T10:30:00+0200,64.35,EUR/MWh,BE,BE,imbalance_price,Short,2026-08-23T11:28:30Z
2026-08-23T11:27:43Z,2026-08-23T13:27:43+0200,aa89dba4-771d-4653-9ac4-44e4858bfe00,2026-08-04T08:45:00Z,2026-08-04T10:45:00+0200,24.01,EUR/MWh,BE,BE,imbalance_price,Long,2026-08-23T11:28:30Z
2026-08-23T11:27:43Z,2026-08-23T13:27:43+0200,aa89dba4-771d-4653-9ac4-44e4858bfe00,2026-08-04T08:45:00Z,2026-08-04T10:45:00+0200,24.01,EUR/MWh,BE,BE,imbalance_price,Short,2026-08-23T11:28:30Z
2026-08-23T11:27:43Z,2026-08-23T13:27:43+0200,aa89dba4-771d-4653-9ac4-44e4858bfe00,2026-08-04T09:00:00Z,2026-08-04T11:00:00+0200,48.36,EUR/MWh,BE,BE,imbalance_price,Long,2026-08-23T11:28:30Z
2026-08-23T11:27:43Z,2026-08-23T13:27:43+0200,aa89dba4-771d-4653-9ac4-44e4858bfe00,2026-08-04T09:00:00Z,2026-08-04T11:00:00+0200,48.36,EUR/MWh,BE,BE,imbalance_price,Short,2026-08-23T11:28:30Z
2026-08-23T11:27:43Z,2026-08-23T13:27:43+0200,aa89dba4-771d-4653-9ac4-44e4858bfe00,2026-08-04T09:15:00Z,2026-08-04T11:15:00+0200,113.81,EUR/MWh,BE,BE,imbalance_price,Long,2026-08-23T11:28:30Z
2026-08-23T11:27:43Z,2026-08-23T13:27:43+0200,aa89dba4-771d-4653-9ac4-44e4858bfe00,2026-08-04T09:15:00Z,2026-08-04T11:15:00+0200,113.81,EUR/MWh,BE,BE,imbalance_price,Short,2026-08-23T11:28:30Z
2026-08-23T11:27:43Z,2026-08-23T13:27:43+0200,aa89dba4-771d-4653-9ac4-44e4858bfe00,2026-08-04T09:30:00Z,2026-08-04T11:30:00+0200,107.39,EUR/MWh,BE,BE,imbalance_price,Long,2026-08-23T11:28:30Z
2026-08-23T11:27:43Z,2026-08-23T13:27:43+0200,aa89dba4-771d-4653-9ac4-44e4858bfe00,2026-08-04T09:30:00Z,2026-08-04T11:30:00+0200,107.39,EUR/MWh,BE,BE,imbalance_price,Short,2026-08-23T11:28:30Z
2026-08-23T11:27:43Z,2026-08-23T13:27:43+0200,aa89dba4-771d-4653-9ac4-44e4858bfe00,2026-08-04T09:45:00Z,2026-08-04T11:45:00+0200,55.38,EUR/MWh,BE,BE,imbalance_price,Long,2026-08-23T11:28:30Z
2026-08-23T11:27:43Z,2026-08-23T13:27:43+0200,aa89dba4-771d-4653-9ac4-44e4858bfe00,2026-08-04T09:45:00Z,2026-08-04T11:45:00+0200,55.38,EUR/MWh,BE,BE,imbalance_price,Short,2026-08-23T11:28:30Z
2026-08-23T11:27:43Z,2026-08-23T13:27:43+0200,aa89dba4-771d-4653-9ac4-44e4858bfe00,2026-08-04T10:00:00Z,2026-08-04T12:00:00+0200,21.68,EUR/MWh,BE,BE,imbalance_price,Long,2026-08-23T11:28:30Z
2026-08-23T11:27:43Z,2026-08-23T13:27:43+0200,aa89dba4-771d-4653-9ac4-44e4858bfe00,2026-08-04T10:00:00Z,2026-08-04T12:00:00+0200,21.68,EUR/MWh,BE,BE,imbalance_price,Short,2026-08-23T11:28:30Z
2026-08-23T11:27:43Z,2026-08-23T13:27:43+0200,aa89dba4-771d-4653-9ac4-44e4858bfe00,2026-08-04T10:15:00Z,2026-08-04T12:15:00+0200,21.71,EUR/MWh,BE,BE,imbalance_price,Long,2026-08-23T11:28:30Z
2026-08-23T11:27:43Z,2026-08-23T13:27:43+0200,aa89dba4-771d-4653-9ac4-44e4858bfe00,2026-08-04T10:15:00Z,2026-08-04T12:15:00+0200,21.71,EUR/MWh,BE,BE,imbalance_price,Short,2026-08-23T11:28:30Z
2026-08-23T11:27:43Z,2026-08-23T13:27:43+0200,aa89dba4-771d-4653-9ac4-44e4858bfe00,2026-08-04T10:30:00Z,2026-08-04T12:30:00+0200,101.06,EUR/MWh,BE,BE,imbalance_price,Long,2026-08-23T11:28:30Z
2026-08-23T11:27:43Z,2026-08-23T13:27:43+0200,aa89dba4-771d-4653-9ac4-44e4858bfe00,2026-08-04T10:30:00Z,2026-08-04T12:30:00+0200,101.06,EUR/MWh,BE,BE,imbalance_price,Short,2026-08-23T11:28:30Z
2026-08-23T11:27:43Z,2026-08-23T13:27:43+0200,aa89dba4-771d-4653-9ac4-44e4858bfe00,2026-08-04T10:45:00Z,2026-08-04T12:45:00+0200,104.68,EUR/MWh,BE,BE,imbalance_price,Long,2026-08-23T11:28:30Z
2026-08-23T11:27:43Z,2026-08-23T13:27:43+0200,aa89dba4-771d-4653-9ac4-44e4858bfe00,2026-08-04T10:45:00Z,2026-08-04T12:45:00+0200,104.68,EUR/MWh,BE,BE,imbalance_price,Short,2026-08-23T11:28:30Z
2026-08-23T11:27:43Z,2026-08-23T13:27:43+0200,aa89dba4-771d-4653-9ac4-44e4858bfe00,2026-08-04T11:00:00Z,2026-08-04T13:00:00+0200,21.68,EUR/MWh,BE,BE,imbalance_price,Long,2026-08-23T11:28:30Z
2026-08-23T11:27:43Z,2026-08-23T13:27:43+0200,aa89dba4-771d-4653-9ac4-44e4858bfe00,2026-08-04T11:00:00Z,2026-08-04T13:00:00+0200,21.68,EUR/MWh,BE,BE,imbalance_price,Short,2026-08-23T11:28:30Z
2026-08-23T11:27:43Z,2026-08-23T13:27:43+0200,aa89dba4-771d-4653-9ac4-44e4858bfe00,2026-08-04T11:15:00Z,2026-08-04T13:15:00+0200,147.67,EUR/MWh,BE,BE,imbalance_price,Long,2026-08-23T11:28:30Z
2026-08-23T11:27:43Z,2026-08-23T13:27:43+0200,aa89dba4-771d-4653-9ac4-44e4858bfe00,2026-08-04T11:15:00Z,2026-08-04T13:15:00+0200,147.67,EUR/MWh,BE,BE,imbalance_price,Short,2026-08-23T11:28:30Z
2026-08-23T11:27:43Z,2026-08-23T13:27:43+0200,aa89dba4-771d-4653-9ac4-44e4858bfe00,2026-08-04T11:30:00Z,2026-08-04T13:30:00+0200,224.66,EUR/MWh,BE,BE,imbalance_price,Long,2026-08-23T11:28:30Z
2026-08-23T11:27:43Z,2026-08-23T13:27:43+0200,aa89dba4-771d-4653-9ac4-44e4858bfe00,2026-08-04T11:30:00Z,2026-08-04T13:30:00+0200,224.66,EUR/MWh,BE,BE,imbalance_price,Short,2026-08-23T11:28:30Z
2026-08-23T11:27:43Z,2026-08-23T13:27:43+0200,aa89dba4-771d-4653-9ac4-44e4858bfe00,2026-08-04T11:45:00Z,2026-08-04T13:45:00+0200,380.52,EUR/MWh,BE,BE,imbalance_price,Long,2026-08-23T11:28:30Z
2026-08-23T11:27:43Z,2026-08-23T13:27:43+0200,aa89dba4-771d-4653-9ac4-44e4858bfe00,2026-08-04T11:45:00Z,2026-08-04T13:45:00+0200,380.52,EUR/MWh,BE,BE,imbalance_price,Short,2026-08-23T11:28:30Z
2026-08-23T11:27:43Z,2026-08-23T13:27:43+0200,aa89dba4-771d-4653-9ac4-44e4858bfe00,2026-08-04T12:00:00Z,2026-08-04T14:00:00+0200,202.48,EUR/MWh,BE,BE,imbalance_price,Long,2026-08-23T11:28:30Z
2026-08-23T11:27:43Z,2026-08-23T13:27:43+0200,aa89dba4-771d-4653-9ac4-44e4858bfe00,2026-08-04T12:00:00Z,2026-08-04T14:00:00+0200,202.48,EUR/MWh,BE,BE,imbalance_price,Short,2026-08-23T11:28:30Z
2026-08-23T11:27:43Z,2026-08-23T13:27:43+0200,aa89dba4-771d-4653-9ac4-44e4858bfe00,2026-08-04T12:15:00Z,2026-08-04T14:15:00+0200,293.81,EUR/MWh,BE,BE,imbalance_price,Long,2026-08-23T11:28:30Z
2026-08-23T11:27:43Z,2026-08-23T13:27:43+0200,aa89dba4-771d-4653-9ac4-44e4858bfe00,2026-08-04T12:15:00Z,2026-08-04T14:15:00+0200,293.81,EUR/MWh,BE,BE,imbalance_price,Short,2026-08-23T11:28:30Z
2026-08-23T11:27:43Z,2026-08-23T13:27:43+0200,aa89dba4-771d-4653-9ac4-44e4858bfe00,2026-08-04T12:30:00Z,2026-08-04T14:30:00+0200,284.94,EUR/MWh,BE,BE,imbalance_price,Long,2026-08-23T11:28:30Z
2026-08-23T11:27:43Z,2026-08-23T13:27:43+0200,aa89dba4-771d-4653-9ac4-44e4858bfe00,2026-08-04T12:30:00Z,2026-08-04T14:30:00+0200,284.94,EUR/MWh,BE,BE,imbalance_price,Short,2026-08-23T11:28:30Z
2026-08-23T11:27:43Z,2026-08-23T13:27:43+0200,aa89dba4-771d-4653-9ac4-44e4858bfe00,2026-08-04T12:45:00Z,2026-08-04T14:45:00+0200,297.57,EUR/MWh,BE,BE,imbalance_price,Long,2026-08-23T11:28:30Z
2026-08-23T11:27:43Z,2026-08-23T13:27:43+0200,aa89dba4-771d-4653-9ac4-44e4858bfe00,2026-08-04T12:45:00Z,2026-08-04T14:45:00+0200,297.57,EUR/MWh,BE,BE,imbalance_price,Short,2026-08-23T11:28:30Z
2026-08-23T11:27:43Z,2026-08-23T13:27:43+0200,aa89dba4-771d-4653-9ac4-44e4858bfe00,2026-08-04T13:00:00Z,2026-08-04T15:00:00+0200,379.17,EUR/MWh,BE,BE,imbalance_price,Long,2026-08-23T11:28:30Z
2026-08-23T11:27:43Z,2026-08-23T13:27:43+0200,aa89dba4-771d-4653-9ac4-44e4858bfe00,2026-08-04T13:00:00Z,2026-08-04T15:00:00+0200,379.17,EUR/MWh,BE,BE,imbalance_price,Short,2026-08-23T11:28:30Z
2026-08-23T11:27:43Z,2026-08-23T13:27:43+0200,aa89dba4-771d-4653-9ac4-44e4858bfe00,2026-08-04T13:15:00Z,2026-08-04T15:15:00+0200,397.01,EUR/MWh,BE,BE,imbalance_price,Long,2026-08-23T11:28:30Z
2026-08-23T11:27:43Z,2026-08-23T13:27:43+0200,aa89dba4-771d-4653-9ac4-44e4858bfe00,2026-08-04T13:15:00Z,2026-08-04T15:15:00+0200,397.01,EUR/MWh,BE,BE,imbalance_price,Short,2026-08-23T11:28:30Z
2026-08-23T11:27:43Z,2026-08-23T13:27:43+0200,aa89dba4-771d-4653-9ac4-44e4858bfe00,2026-08-04T13:30:00Z,2026-08-04T15:30:00+0200,399.54,EUR/MWh,BE,BE,imbalance_price,Long,2026-08-23T11:28:30Z
2026-08-23T11:27:43Z,2026-08-23T13:27:43+0200,aa89dba4-771d-4653-9ac4-44e4858bfe00,2026-08-04T13:30:00Z,2026-08-04T15:30:00+0200,399.54,EUR/MWh,BE,BE,imbalance_price,Short,2026-08-23T11:28:30Z
2026-08-23T11:27:43Z,2026-08-23T13:27:43+0200,aa89dba4-771d-4653-9ac4-44e4858bfe00,2026-08-04T13:45:00Z,2026-08-04T15:45:00+0200,391.79,EUR/MWh,BE,BE,imbalance_price,Long,2026-08-23T11:28:30Z
2026-08-23T11:27:43Z,2026-08-23T13:27:43+0200,aa89dba4-771d-4653-9ac4-44e4858bfe00,2026-08-04T13:45:00Z,2026-08-04T15:45:00+0200,391.79,EUR/MWh,BE,BE,imbalance_price,Short,2026-08-23T11:28:30Z
2026-08-23T11:27:43Z,2026-08-23T13:27:43+0200,aa89dba4-771d-4653-9ac4-44e4858bfe00,2026-08-04T14:00:00Z,2026-08-04T16:00:00+0200,292.34,EUR/MWh,BE,BE,imbalance_price,Long,2026-08-23T11:28:30Z
2026-08-23T11:27:43Z,2026-08-23T13:27:43+0200,aa89dba4-771d-4653-9ac4-44e4858bfe00,2026-08-04T14:00:00Z,2026-08-04T16:00:00+0200,292.34,EUR/MWh,BE,BE,imbalance_price,Short,2026-08-23T11:28:30Z
2026-08-23T11:27:43Z,2026-08-23T13:27:43+0200,aa89dba4-771d-4653-9ac4-44e4858bfe00,2026-08-04T14:15:00Z,2026-08-04T16:15:00+0200,190.46,EUR/MWh,BE,BE,imbalance_price,Long,2026-08-23T11:28:30Z
2026-08-23T11:27:43Z,2026-08-23T13:27:43+0200,aa89dba4-771d-4653-9ac4-44e4858bfe00,2026-08-04T14:15:00Z,2026-08-04T16:15:00+0200,190.46,EUR/MWh,BE,BE,imbalance_price,Short,2026-08-23T11:28:30Z
2026-08-23T11:27:43Z,2026-08-23T13:27:43+0200,aa89dba4-771d-4653-9ac4-44e4858bfe00,2026-08-04T14:30:00Z,2026-08-04T16:30:00+0200,167.9,EUR/MWh,BE,BE,imbalance_price,Long,2026-08-23T11:28:30Z
2026-08-23T11:27:43Z,2026-08-23T13:27:43+0200,aa89dba4-771d-4653-9ac4-44e4858bfe00,2026-08-04T14:30:00Z,2026-08-04T16:30:00+0200,167.9,EUR/MWh,BE,BE,imbalance_price,Short,2026-08-23T11:28:30Z
2026-08-23T11:27:43Z,2026-08-23T13:27:43+0200,aa89dba4-771d-4653-9ac4-44e4858bfe00,2026-08-04T14:45:00Z,2026-08-04T16:45:00+0200,75.4,EUR/MWh,BE,BE,imbalance_price,Long,2026-08-23T11:28:30Z
2026-08-23T11:27:43Z,2026-08-23T13:27:43+0200,aa89dba4-771d-4653-9ac4-44e4858bfe00,2026-08-04T14:45:00Z,2026-08-04T16:45:00+0200,75.4,EUR/MWh,BE,BE,imbalance_price,Short,2026-08-23T11:28:30Z
2026-08-23T11:27:43Z,2026-08-23T13:27:43+0200,aa89dba4-771d-4653-9ac4-44e4858bfe00,2026-08-04T15:00:00Z,2026-08-04T17:00:00+0200,59.72,EUR/MWh,BE,BE,imbalance_price,Long,2026-08-23T11:28:30Z
2026-08-23T11:27:43Z,2026-08-23T13:27:43+0200,aa89dba4-771d-4653-9ac4-44e4858bfe00,2026-08-04T15:00:00Z,2026-08-04T17:00:00+0200,59.72,EUR/MWh,BE,BE,imbalance_price,Short,2026-08-23T11:28:30Z
2026-08-23T11:27:43Z,2026-08-23T13:27:43+0200,aa89dba4-771d-4653-9ac4-44e4858bfe00,2026-08-04T15:15:00Z,2026-08-04T17:15:00+0200,148.45,EUR/MWh,BE,BE,imbalance_price,Long,2026-08-23T11:28:30Z
2026-08-23T11:27:43Z,2026-08-23T13:27:43+0200,aa89dba4-771d-4653-9ac4-44e4858bfe00,2026-08-04T15:15:00Z,2026-08-04T17:15:00+0200,148.45,EUR/MWh,BE,BE,imbalance_price,Short,2026-08-23T11:28:30Z
2026-08-23T11:27:43Z,2026-08-23T13:27:43+0200,aa89dba4-771d-4653-9ac4-44e4858bfe00,2026-08-04T15:30:00Z,2026-08-04T17:30:00+0200,144.94,EUR/MWh,BE,BE,imbalance_price,Long,2026-08-23T11:28:30Z
2026-08-23T11:27:43Z,2026-08-23T13:27:43+0200,aa89dba4-771d-4653-9ac4-44e4858bfe00,2026-08-04T15:30:00Z,2026-08-04T17:30:00+0200,144.94,EUR/MWh,BE,BE,imbalance_price,Short,2026-08-23T11:28:30Z
2026-08-23T11:27:43Z,2026-08-23T13:27:43+0200,aa89dba4-771d-4653-9ac4-44e4858bfe00,2026-08-04T15:45:00Z,2026-08-04T17:45:00+0200,155.73,EUR/MWh,BE,BE,imbalance_price,Long,2026-08-23T11:28:30Z
2026-08-23T11:27:43Z,2026-08-23T13:27:43+0200,aa89dba4-771d-4653-9ac4-44e4858bfe00,2026-08-04T15:45:00Z,2026-08-04T17:45:00+0200,155.73,EUR/MWh,BE,BE,imbalance_price,Short,2026-08-23T11:28:30Z
2026-08-23T11:27:43Z,2026-08-23T13:27:43+0200,aa89dba4-771d-4653-9ac4-44e4858bfe00,2026-08-04T16:00:00Z,2026-08-04T18:00:00+0200,220.53,EUR/MWh,BE,BE,imbalance_price,Long,2026-08-23T11:28:30Z
2026-08-23T11:27:43Z,2026-08-23T13:27:43+0200,aa89dba4-771d-4653-9ac4-44e4858bfe00,2026-08-04T16:00:00Z,2026-08-04T18:00:00+0200,220.53,EUR/MWh,BE,BE,imbalance_price,Short,2026-08-23T11:28:30Z
2026-08-23T11:27:43Z,2026-08-23T13:27:43+0200,aa89dba4-771d-4653-9ac4-44e4858bfe00,2026-08-04T16:15:00Z,2026-08-04T18:15:00+0200,146.5,EUR/MWh,BE,BE,imbalance_price,Long,2026-08-23T11:28:30Z
2026-08-23T11:27:43Z,2026-08-23T13:27:43+0200,aa89dba4-771d-4653-9ac4-44e4858bfe00,2026-08-04T16:15:00Z,2026-08-04T18:15:00+0200,146.5,EUR/MWh,BE,BE,imbalance_price,Short,2026-08-23T11:28:30Z
2026-08-23T11:27:43Z,2026-08-23T13:27:43+0200,aa89dba4-771d-4653-9ac4-44e4858bfe00,2026-08-04T16:30:00Z,2026-08-04T18:30:00+0200,146.68,EUR/MWh,BE,BE,imbalance_price,Long,2026-08-23T11:28:30Z
2026-08-23T11:27:43Z,2026-08-23T13:27:43+0200,aa89dba4-771d-4653-9ac4-44e4858bfe00,2026-08-04T16:30:00Z,2026-08-04T18:30:00+0200,146.68,EUR/MWh,BE,BE,imbalance_price,Short,2026-08-23T11:28:30Z
2026-08-23T11:27:43Z,2026-08-23T13:27:43+0200,aa89dba4-771d-4653-9ac4-44e4858bfe00,2026-08-04T16:45:00Z,2026-08-04T18:45:00+0200,160.58,EUR/MWh,BE,BE,imbalance_price,Long,2026-08-23T11:28:30Z
2026-08-23T11:27:43Z,2026-08-23T13:27:43+0200,aa89dba4-771d-4653-9ac4-44e4858bfe00,2026-08-04T16:45:00Z,2026-08-04T18:45:00+0200,160.58,EUR/MWh,BE,BE,imbalance_price,Short,2026-08-23T11:28:30Z
2026-08-23T11:27:43Z,2026-08-23T13:27:43+0200,aa89dba4-771d-4653-9ac4-44e4858bfe00,2026-08-04T17:00:00Z,2026-08-04T19:00:00+0200,181.25,EUR/MWh,BE,BE,imbalance_price,Long,2026-08-23T11:28:30Z
2026-08-23T11:27:43Z,2026-08-23T13:27:43+0200,aa89dba4-771d-4653-9ac4-44e4858bfe00,2026-08-04T17:00:00Z,2026-08-04T19:00:00+0200,181.25,EUR/MWh,BE,BE,imbalance_price,Short,2026-08-23T11:28:30Z
2026-08-23T11:27:43Z,2026-08-23T13:27:43+0200,aa89dba4-771d-4653-9ac4-44e4858bfe00,2026-08-04T17:15:00Z,2026-08-04T19:15:00+0200,195.43,EUR/MWh,BE,BE,imbalance_price,Long,2026-08-23T11:28:30Z
2026-08-23T11:27:43Z,2026-08-23T13:27:43+0200,aa89dba4-771d-4653-9ac4-44e4858bfe00,2026-08-04T17:15:00Z,2026-08-04T19:15:00+0200,195.43,EUR/MWh,BE,BE,imbalance_price,Short,2026-08-23T11:28:30Z
2026-08-23T11:27:43Z,2026-08-23T13:27:43+0200,aa89dba4-771d-4653-9ac4-44e4858bfe00,2026-08-04T17:30:00Z,2026-08-04T19:30:00+0200,187.13,EUR/MWh,BE,BE,imbalance_price,Long,2026-08-23T11:28:30Z
2026-08-23T11:27:43Z,2026-08-23T13:27:43+0200,aa89dba4-771d-4653-9ac4-44e4858bfe00,2026-08-04T17:30:00Z,2026-08-04T19:30:00+0200,187.13,EUR/MWh,BE,BE,imbalance_price,Short,2026-08-23T11:28:30Z
2026-08-23T11:27:43Z,2026-08-23T13:27:43+0200,aa89dba4-771d-4653-9ac4-44e4858bfe00,2026-08-04T17:45:00Z,2026-08-04T19:45:00+0200,181.49,EUR/MWh,BE,BE,imbalance_price,Long,2026-08-23T11:28:30Z
2026-08-23T11:27:43Z,2026-08-23T13:27:43+0200,aa89dba4-771d-4653-9ac4-44e4858bfe00,2026-08-04T17:45:00Z,2026-08-04T19:45:00+0200,181.49,EUR/MWh,BE,BE,imbalance_price,Short,2026-08-23T11:28:30Z
2026-08-23T11:27:43Z,2026-08-23T13:27:43+0200,aa89dba4-771d-4653-9ac4-44e4858bfe00,2026-08-04T18:00:00Z,2026-08-04T20:00:00+0200,140.98,EUR/MWh,BE,BE,imbalance_price,Long,2026-08-23T11:28:30Z
2026-08-23T11:27:43Z,2026-08-23T13:27:43+0200,aa89dba4-771d-4653-9ac4-44e4858bfe00,2026-08-04T18:00:00Z,2026-08-04T20:00:00+0200,140.98,EUR/MWh,BE,BE,imbalance_price,Short,2026-08-23T11:28:30Z
2026-08-23T11:27:43Z,2026-08-23T13:27:43+0200,aa89dba4-771d-4653-9ac4-44e4858bfe00,2026-08-04T18:15:00Z,2026-08-04T20:15:00+0200,200.7,EUR/MWh,BE,BE,imbalance_price,Long,2026-08-23T11:28:30Z
2026-08-23T11:27:43Z,2026-08-23T13:27:43+0200,aa89dba4-771d-4653-9ac4-44e4858bfe00,2026-08-04T18:15:00Z,2026-08-04T20:15:00+0200,200.7,EUR/MWh,BE,BE,imbalance_price,Short,2026-08-23T11:28:30Z
2026-08-23T11:27:43Z,2026-08-23T13:27:43+0200,aa89dba4-771d-4653-9ac4-44e4858bfe00,2026-08-04T18:30:00Z,2026-08-04T20:30:00+0200,195.09,EUR/MWh,BE,BE,imbalance_price,Long,2026-08-23T11:28:30Z
2026-08-23T11:27:43Z,2026-08-23T13:27:43+0200,aa89dba4-771d-4653-9ac4-44e4858bfe00,2026-08-04T18:30:00Z,2026-08-04T20:30:00+0200,195.09,EUR/MWh,BE,BE,imbalance_price,Short,2026-08-23T11:28:30Z
2026-08-23T11:27:43Z,2026-08-23T13:27:43+0200,aa89dba4-771d-4653-9ac4-44e4858bfe00,2026-08-04T18:45:00Z,2026-08-04T20:45:00+0200,152.58,EUR/MWh,BE,BE,imbalance_price,Long,2026-08-23T11:28:30Z
2026-08-23T11:27:43Z,2026-08-23T13:27:43+0200,aa89dba4-771d-4653-9ac4-44e4858bfe00,2026-08-04T18:45:00Z,2026-08-04T20:45:00+0200,152.58,EUR/MWh,BE,BE,imbalance_price,Short,2026-08-23T11:28:30Z
2026-08-23T11:27:43Z,2026-08-23T13:27:43+0200,aa89dba4-771d-4653-9ac4-44e4858bfe00,2026-08-04T19:00:00Z,2026-08-04T21:00:00+0200,198.8,EUR/MWh,BE,BE,imbalance_price,Long,2026-08-23T11:28:30Z
2026-08-23T11:27:43Z,2026-08-23T13:27:43+0200,aa89dba4-771d-4653-9ac4-44e4858bfe00,2026-08-04T19:00:00Z,2026-08-04T21:00:00+0200,198.8,EUR/MWh,BE,BE,imbalance_price,Short,2026-08-23T11:28:30Z
2026-08-23T11:27:43Z,2026-08-23T13:27:43+0200,aa89dba4-771d-4653-9ac4-44e4858bfe00,2026-08-04T19:15:00Z,2026-08-04T21:15:00+0200,223.18,EUR/MWh,BE,BE,imbalance_price,Long,2026-08-23T11:28:30Z
2026-08-23T11:27:43Z,2026-08-23T13:27:43+0200,aa89dba4-771d-4653-9ac4-44e4858bfe00,2026-08-04T19:15:00Z,2026-08-04T21:15:00+0200,223.18,EUR/MWh,BE,BE,imbalance_price,Short,2026-08-23T11:28:30Z
2026-08-23T11:27:43Z,2026-08-23T13:27:43+0200,aa89dba4-771d-4653-9ac4-44e4858bfe00,2026-08-04T19:30:00Z,2026-08-04T21:30:00+0200,257.96,EUR/MWh,BE,BE,imbalance_price,Long,2026-08-23T11:28:30Z
2026-08-23T11:27:43Z,2026-08-23T13:27:43+0200,aa89dba4-771d-4653-9ac4-44e4858bfe00,2026-08-04T19:30:00Z,2026-08-04T21:30:00+0200,257.96,EUR/MWh,BE,BE,imbalance_price,Short,2026-08-23T11:28:30Z
2026-08-23T11:27:43Z,2026-08-23T13:27:43+0200,aa89dba4-771d-4653-9ac4-44e4858bfe00,2026-08-04T19:45:00Z,2026-08-04T21:45:00+0200,270.94,EUR/MWh,BE,BE,imbalance_price,Long,2026-08-23T11:28:30Z
2026-08-23T11:27:43Z,2026-08-23T13:27:43+0200,aa89dba4-771d-4653-9ac4-44e4858bfe00,2026-08-04T19:45:00Z,2026-08-04T21:45:00+0200,270.94,EUR/MWh,BE,BE,imbalance_price,Short,2026-08-23T11:28:30Z
2026-08-23T11:27:43Z,2026-08-23T13:27:43+0200,aa89dba4-771d-4653-9ac4-44e4858bfe00,2026-08-04T20:00:00Z,2026-08-04T22:00:00+0200,299.87,EUR/MWh,BE,BE,imbalance_price,Long,2026-08-23T11:28:30Z
2026-08-23T11:27:43Z,2026-08-23T13:27:43+0200,aa89dba4-771d-4653-9ac4-44e4858bfe00,2026-08-04T20:00:00Z,2026-08-04T22:00:00+0200,299.87,EUR/MWh,BE,BE,imbalance_price,Short,2026-08-23T11:28:30Z
2026-08-23T11:27:43Z,2026-08-23T13:27:43+0200,aa89dba4-771d-4653-9ac4-44e4858bfe00,2026-08-04T20:15:00Z,2026-08-04T22:15:00+0200,356.06,EUR/MWh,BE,BE,imbalance_price,Long,2026-08-23T11:28:30Z
2026-08-23T11:27:43Z,2026-08-23T13:27:43+0200,aa89dba4-771d-4653-9ac4-44e4858bfe00,2026-08-04T20:15:00Z,2026-08-04T22:15:00+0200,356.06,EUR/MWh,BE,BE,imbalance_price,Short,2026-08-23T11:28:30Z
2026-08-23T11:27:43Z,2026-08-23T13:27:43+0200,aa89dba4-771d-4653-9ac4-44e4858bfe00,2026-08-04T20:30:00Z,2026-08-04T22:30:00+0200,158.17,EUR/MWh,BE,BE,imbalance_price,Long,2026-08-23T11:28:30Z
2026-08-23T11:27:43Z,2026-08-23T13:27:43+0200,aa89dba4-771d-4653-9ac4-44e4858bfe00,2026-08-04T20:30:00Z,2026-08-04T22:30:00+0200,158.17,EUR/MWh,BE,BE,imbalance_price,Short,2026-08-23T11:28:30Z
2026-08-23T11:27:43Z,2026-08-23T13:27:43+0200,aa89dba4-771d-4653-9ac4-44e4858bfe00,2026-08-04T20:45:00Z,2026-08-04T22:45:00+0200,215.1,EUR/MWh,BE,BE,imbalance_price,Long,2026-08-23T11:28:30Z
2026-08-23T11:27:43Z,2026-08-23T13:27:43+0200,aa89dba4-771d-4653-9ac4-44e4858bfe00,2026-08-04T20:45:00Z,2026-08-04T22:45:00+0200,215.1,EUR/MWh,BE,BE,imbalance_price,Short,2026-08-23T11:28:30Z
2026-08-23T11:27:43Z,2026-08-23T13:27:43+0200,aa89dba4-771d-4653-9ac4-44e4858bfe00,2026-08-04T21:00:00Z,2026-08-04T23:00:00+0200,140.73,EUR/MWh,BE,BE,imbalance_price,Long,2026-08-23T11:28:30Z
2026-08-23T11:27:43Z,2026-08-23T13:27:43+0200,aa89dba4-771d-4653-9ac4-44e4858bfe00,2026-08-04T21:00:00Z,2026-08-04T23:00:00+0200,140.73,EUR/MWh,BE,BE,imbalance_price,Short,2026-08-23T11:28:30Z
2026-08-23T11:27:43Z,2026-08-23T13:27:43+0200,aa89dba4-771d-4653-9ac4-44e4858bfe00,2026-08-04T21:15:00Z,2026-08-04T23:15:00+0200,155.5,EUR/MWh,BE,BE,imbalance_price,Long,2026-08-23T11:28:30Z
2026-08-23T11:27:43Z,2026-08-23T13:27:43+0200,aa89dba4-771d-4653-9ac4-44e4858bfe00,2026-08-04T21:15:00Z,2026-08-04T23:15:00+0200,155.5,EUR/MWh,BE,BE,imbalance_price,Short,2026-08-23T11:28:30Z
2026-08-23T11:27:43Z,2026-08-23T13:27:43+0200,aa89dba4-771d-4653-9ac4-44e4858bfe00,2026-08-04T21:30:00Z,2026-08-04T23:30:00+0200,170.69,EUR/MWh,BE,BE,imbalance_price,Long,2026-08-23T11:28:30Z
2026-08-23T11:27:43Z,2026-08-23T13:27:43+0200,aa89dba4-771d-4653-9ac4-44e4858bfe00,2026-08-04T21:30:00Z,2026-08-04T23:30:00+0200,170.69,EUR/MWh,BE,BE,imbalance_price,Short,2026-08-23T11:28:30Z
2026-08-23T11:27:43Z,2026-08-23T13:27:43+0200,aa89dba4-771d-4653-9ac4-44e4858bfe00,2026-08-04T21:45:00Z,2026-08-04T23:45:00+0200,164.82,EUR/MWh,BE,BE,imbalance_price,Long,2026-08-23T11:28:30Z
2026-08-23T11:27:43Z,2026-08-23T13:27:43+0200,aa89dba4-771d-4653-9ac4-44e4858bfe00,2026-08-04T21:45:00Z,2026-08-04T23:45:00+0200,164.82,EUR/MWh,BE,BE,imbalance_price,Short,2026-08-23T11:28:30Z
2026-08-23T11:27:43Z,2026-08-23T13:27:43+0200,aa89dba4-771d-4653-9ac4-44e4858bfe00,2026-08-04T22:00:00Z,2026-08-05T00:00:00+0200,106.04,EUR/MWh,BE,BE,imbalance_price,Long,2026-08-23T11:28:30Z
2026-08-23T11:27:43Z,2026-08-23T13:27:43+0200,aa89dba4-771d-4653-9ac4-44e4858bfe00,2026-08-04T22:00:00Z,2026-08-05T00:00:00+0200,106.04,EUR/MWh,BE,BE,imbalance_price,Short,2026-08-23T11:28:30Z
2026-08-23T11:27:43Z,2026-08-23T13:27:43+0200,aa89dba4-771d-4653-9ac4-44e4858bfe00,2026-08-04T22:15:00Z,2026-08-05T00:15:00+0200,165.12,EUR/MWh,BE,BE,imbalance_price,Long,2026-08-23T11:28:30Z
2026-08-23T11:27:43Z,2026-08-23T13:27:43+0200,aa89dba4-771d-4653-9ac4-44e4858bfe00,2026-08-04T22:15:00Z,2026-08-05T00:15:00+0200,165.12,EUR/MWh,BE,BE,imbalance_price,Short,2026-08-23T11:28:30Z
2026-08-23T11:27:43Z,2026-08-23T13:27:43+0200,aa89dba4-771d-4653-9ac4-44e4858bfe00,2026-08-04T22:30:00Z,2026-08-05T00:30:00+0200,182.25,EUR/MWh,BE,BE,imbalance_price,Long,2026-08-23T11:28:30Z
2026-08-23T11:27:43Z,2026-08-23T13:27:43+0200,aa89dba4-771d-4653-9ac4-44e4858bfe00,2026-08-04T22:30:00Z,2026-08-05T00:30:00+0200,182.25,EUR/MWh,BE,BE,imbalance_price,Short,2026-08-23T11:28:30Z
2026-08-23T11:27:43Z,2026-08-23T13:27:43+0200,aa89dba4-771d-4653-9ac4-44e4858bfe00,2026-08-04T22:45:00Z,2026-08-05T00:45:00+0200,183.98,EUR/MWh,BE,BE,imbalance_price,Long,2026-08-23T11:28:30Z
2026-08-23T11:27:43Z,2026-08-23T13:27:43+0200,aa89dba4-771d-4653-9ac4-44e4858bfe00,2026-08-04T22:45:00Z,2026-08-05T00:45:00+0200,183.98,EUR/MWh,BE,BE,imbalance_price,Short,2026-08-23T11:28:30Z
2026-08-23T11:27:43Z,2026-08-23T13:27:43+0200,aa89dba4-771d-4653-9ac4-44e4858bfe00,2026-08-04T23:00:00Z,2026-08-05T01:00:00+0200,165.71,EUR/MWh,BE,BE,imbalance_price,Long,2026-08-23T11:28:30Z
2026-08-23T11:27:43Z,2026-08-23T13:27:43+0200,aa89dba4-771d-4653-9ac4-44e4858bfe00,2026-08-04T23:00:00Z,2026-08-05T01:00:00+0200,165.71,EUR/MWh,BE,BE,imbalance_price,Short,2026-08-23T11:28:30Z
2026-08-23T11:27:43Z,2026-08-23T13:27:43+0200,aa89dba4-771d-4653-9ac4-44e4858bfe00,2026-08-04T23:15:00Z,2026-08-05T01:15:00+0200,157.51,EUR/MWh,BE,BE,imbalance_price,Long,2026-08-23T11:28:30Z
2026-08-23T11:27:43Z,2026-08-23T13:27:43+0200,aa89dba4-771d-4653-9ac4-44e4858bfe00,2026-08-04T23:15:00Z,2026-08-05T01:15:00+0200,157.51,EUR/MWh,BE,BE,imbalance_price,Short,2026-08-23T11:28:30Z
2026-08-23T11:27:43Z,2026-08-23T13:27:43+0200,aa89dba4-771d-4653-9ac4-44e4858bfe00,2026-08-04T23:30:00Z,2026-08-05T01:30:00+0200,158.41,EUR/MWh,BE,BE,imbalance_price,Long,2026-08-23T11:28:30Z
2026-08-23T11:27:43Z,2026-08-23T13:27:43+0200,aa89dba4-771d-4653-9ac4-44e4858bfe00,2026-08-04T23:30:00Z,2026-08-05T01:30:00+0200,158.41,EUR/MWh,BE,BE,imbalance_price,Short,2026-08-23T11:28:30Z
2026-08-23T11:27:43Z,2026-08-23T13:27:43+0200,aa89dba4-771d-4653-9ac4-44e4858bfe00,2026-08-04T23:45:00Z,2026-08-05T01:45:00+0200,151.96,EUR/MWh,BE,BE,imbalance_price,Long,2026-08-23T11:28:30Z
2026-08-23T11:27:43Z,2026-08-23T13:27:43+0200,aa89dba4-771d-4653-9ac4-44e4858bfe00,2026-08-04T23:45:00Z,2026-08-05T01:45:00+0200,151.96,EUR/MWh,BE,BE,imbalance_price,Short,2026-08-23T11:28:30Z
2026-08-23T11:27:43Z,2026-08-23T13:27:43+0200,aa89dba4-771d-4653-9ac4-44e4858bfe00,2026-08-05T00:00:00Z,2026-08-05T02:00:00+0200,170.04,EUR/MWh,BE,BE,imbalance_price,Long,2026-08-23T11:28:30Z
2026-08-23T11:27:43Z,2026-08-23T13:27:43+0200,aa89dba4-771d-4653-9ac4-44e4858bfe00,2026-08-05T00:00:00Z,2026-08-05T02:00:00+0200,170.04,EUR/MWh,BE,BE,imbalance_price,Short,2026-08-23T11:28:30Z
2026-08-23T11:27:43Z,2026-08-23T13:27:43+0200,aa89dba4-771d-4653-9ac4-44e4858bfe00,2026-08-05T00:15:00Z,2026-08-05T02:15:00+0200,137.4,EUR/MWh,BE,BE,imbalance_price,Long,2026-08-23T11:28:30Z
2026-08-23T11:27:43Z,2026-08-23T13:27:43+0200,aa89dba4-771d-4653-9ac4-44e4858bfe00,2026-08-05T00:15:00Z,2026-08-05T02:15:00+0200,137.4,EUR/MWh,BE,BE,imbalance_price,Short,2026-08-23T11:28:30Z
2026-08-23T11:27:43Z,2026-08-23T13:27:43+0200,aa89dba4-771d-4653-9ac4-44e4858bfe00,2026-08-05T00:30:00Z,2026-08-05T02:30:00+0200,155.5,EUR/MWh,BE,BE,imbalance_price,Long,2026-08-23T11:28:30Z
2026-08-23T11:27:43Z,2026-08-23T13:27:43+0200,aa89dba4-771d-4653-9ac4-44e4858bfe00,2026-08-05T00:30:00Z,2026-08-05T02:30:00+0200,155.5,EUR/MWh,BE,BE,imbalance_price,Short,2026-08-23T11:28:30Z
2026-08-23T11:27:43Z,2026-08-23T13:27:43+0200,aa89dba4-771d-4653-9ac4-44e4858bfe00,2026-08-05T00:45:00Z,2026-08-05T02:45:00+0200,160.17,EUR/MWh,BE,BE,imbalance_price,Long,2026-08-23T11:28:30Z
2026-08-23T11:27:43Z,2026-08-23T13:27:43+0200,aa89dba4-771d-4653-9ac4-44e4858bfe00,2026-08-05T00:45:00Z,2026-08-05T02:45:00+0200,160.17,EUR/MWh,BE,BE,imbalance_price,Short,2026-08-23T11:28:30Z
2026-08-23T11:27:43Z,2026-08-23T13:27:43+0200,aa89dba4-771d-4653-9ac4-44e4858bfe00,2026-08-05T01:00:00Z,2026-08-05T03:00:00+0200,180.96,EUR/MWh,BE,BE,imbalance_price,Long,2026-08-23T11:28:30Z
2026-08-23T11:27:43Z,2026-08-23T13:27:43+0200,aa89dba4-771d-4653-9ac4-44e4858bfe00,2026-08-05T01:00:00Z,2026-08-05T03:00:00+0200,180.96,EUR/MWh,BE,BE,imbalance_price,Short,2026-08-23T11:28:30Z
2026-08-23T11:27:43Z,2026-08-23T13:27:43+0200,aa89dba4-771d-4653-9ac4-44e4858bfe00,2026-08-05T01:15:00Z,2026-08-05T03:15:00+0200,175.69,EUR/MWh,BE,BE,imbalance_price,Long,2026-08-23T11:28:30Z
2026-08-23T11:27:43Z,2026-08-23T13:27:43+0200,aa89dba4-771d-4653-9ac4-44e4858bfe00,2026-08-05T01:15:00Z,2026-08-05T03:15:00+0200,175.69,EUR/MWh,BE,BE,imbalance_price,Short,2026-08-23T11:28:30Z
2026-08-23T11:27:43Z,2026-08-23T13:27:43+0200,aa89dba4-771d-4653-9ac4-44e4858bfe00,2026-08-05T01:30:00Z,2026-08-05T03:30:00+0200,154.1,EUR/MWh,BE,BE,imbalance_price,Long,2026-08-23T11:28:30Z
2026-08-23T11:27:43Z,2026-08-23T13:27:43+0200,aa89dba4-771d-4653-9ac4-44e4858bfe00,2026-08-05T01:30:00Z,2026-08-05T03:30:00+0200,154.1,EUR/MWh,BE,BE,imbalance_price,Short,2026-08-23T11:28:30Z
2026-08-23T11:27:43Z,2026-08-23T13:27:43+0200,aa89dba4-771d-4653-9ac4-44e4858bfe00,2026-08-05T01:45:00Z,2026-08-05T03:45:00+0200,183.0,EUR/MWh,BE,BE,imbalance_price,Long,2026-08-23T11:28:30Z
2026-08-23T11:27:43Z,2026-08-23T13:27:43+0200,aa89dba4-771d-4653-9ac4-44e4858bfe00,2026-08-05T01:45:00Z,2026-08-05T03:45:00+0200,183.0,EUR/MWh,BE,BE,imbalance_price,Short,2026-08-23T11:28:30Z
2026-08-23T11:27:43Z,2026-08-23T13:27:43+0200,aa89dba4-771d-4653-9ac4-44e4858bfe00,2026-08-05T02:00:00Z,2026-08-05T04:00:00+0200,181.21,EUR/MWh,BE,BE,imbalance_price,Long,2026-08-23T11:28:30Z
2026-08-23T11:27:43Z,2026-08-23T13:27:43+0200,aa89dba4-771d-4653-9ac4-44e4858bfe00,2026-08-05T02:00:00Z,2026-08-05T04:00:00+0200,181.21,EUR/MWh,BE,BE,imbalance_price,Short,2026-08-23T11:28:30Z
2026-08-23T11:27:43Z,2026-08-23T13:27:43+0200,aa89dba4-771d-4653-9ac4-44e4858bfe00,2026-08-05T02:15:00Z,2026-08-05T04:15:00+0200,153.82,EUR/MWh,BE,BE,imbalance_price,Long,2026-08-23T11:28:30Z
2026-08-23T11:27:43Z,2026-08-23T13:27:43+0200,aa89dba4-771d-4653-9ac4-44e4858bfe00,2026-08-05T02:15:00Z,2026-08-05T04:15:00+0200,153.82,EUR/MWh,BE,BE,imbalance_price,Short,2026-08-23T11:28:30Z
2026-08-23T11:27:43Z,2026-08-23T13:27:43+0200,aa89dba4-771d-4653-9ac4-44e4858bfe00,2026-08-05T02:30:00Z,2026-08-05T04:30:00+0200,146.03,EUR/MWh,BE,BE,imbalance_price,Long,2026-08-23T11:28:30Z
2026-08-23T11:27:43Z,2026-08-23T13:27:43+0200,aa89dba4-771d-4653-9ac4-44e4858bfe00,2026-08-05T02:30:00Z,2026-08-05T04:30:00+0200,146.03,EUR/MWh,BE,BE,imbalance_price,Short,2026-08-23T11:28:30Z
2026-08-23T11:27:43Z,2026-08-23T13:27:43+0200,aa89dba4-771d-4653-9ac4-44e4858bfe00,2026-08-05T02:45:00Z,2026-08-05T04:45:00+0200,166.19,EUR/MWh,BE,BE,imbalance_price,Long,2026-08-23T11:28:30Z
2026-08-23T11:27:43Z,2026-08-23T13:27:43+0200,aa89dba4-771d-4653-9ac4-44e4858bfe00,2026-08-05T02:45:00Z,2026-08-05T04:45:00+0200,166.19,EUR/MWh,BE,BE,imbalance_price,Short,2026-08-23T11:28:30Z
2026-08-23T11:27:43Z,2026-08-23T13:27:43+0200,aa89dba4-771d-4653-9ac4-44e4858bfe00,2026-08-05T03:00:00Z,2026-08-05T05:00:00+0200,172.88,EUR/MWh,BE,BE,imbalance_price,Long,2026-08-23T11:28:30Z
2026-08-23T11:27:43Z,2026-08-23T13:27:43+0200,aa89dba4-771d-4653-9ac4-44e4858bfe00,2026-08-05T03:00:00Z,2026-08-05T05:00:00+0200,172.88,EUR/MWh,BE,BE,imbalance_price,Short,2026-08-23T11:28:30Z
2026-08-23T11:27:43Z,2026-08-23T13:27:43+0200,aa89dba4-771d-4653-9ac4-44e4858bfe00,2026-08-05T03:15:00Z,2026-08-05T05:15:00+0200,170.84,EUR/MWh,BE,BE,imbalance_price,Long,2026-08-23T11:28:30Z
2026-08-23T11:27:43Z,2026-08-23T13:27:43+0200,aa89dba4-771d-4653-9ac4-44e4858bfe00,2026-08-05T03:15:00Z,2026-08-05T05:15:00+0200,170.84,EUR/MWh,BE,BE,imbalance_price,Short,2026-08-23T11:28:30Z
2026-08-23T11:27:43Z,2026-08-23T13:27:43+0200,aa89dba4-771d-4653-9ac4-44e4858bfe00,2026-08-05T03:30:00Z,2026-08-05T05:30:00+0200,202.58,EUR/MWh,BE,BE,imbalance_price,Long,2026-08-23T11:28:30Z
2026-08-23T11:27:43Z,2026-08-23T13:27:43+0200,aa89dba4-771d-4653-9ac4-44e4858bfe00,2026-08-05T03:30:00Z,2026-08-05T05:30:00+0200,202.58,EUR/MWh,BE,BE,imbalance_price,Short,2026-08-23T11:28:30Z
2026-08-23T11:27:43Z,2026-08-23T13:27:43+0200,aa89dba4-771d-4653-9ac4-44e4858bfe00,2026-08-05T03:45:00Z,2026-08-05T05:45:00+0200,173.34,EUR/MWh,BE,BE,imbalance_price,Long,2026-08-23T11:28:30Z
2026-08-23T11:27:43Z,2026-08-23T13:27:43+0200,aa89dba4-771d-4653-9ac4-44e4858bfe00,2026-08-05T03:45:00Z,2026-08-05T05:45:00+0200,173.34,EUR/MWh,BE,BE,imbalance_price,Short,2026-08-23T11:28:30Z
2026-08-23T11:27:43Z,2026-08-23T13:27:43+0200,aa89dba4-771d-4653-9ac4-44e4858bfe00,2026-08-05T04:00:00Z,2026-08-05T06:00:00+0200,215.18,EUR/MWh,BE,BE,imbalance_price,Long,2026-08-23T11:28:30Z
2026-08-23T11:27:43Z,2026-08-23T13:27:43+0200,aa89dba4-771d-4653-9ac4-44e4858bfe00,2026-08-05T04:00:00Z,2026-08-05T06:00:00+0200,215.18,EUR/MWh,BE,BE,imbalance_price,Short,2026-08-23T11:28:30Z
2026-08-23T11:27:43Z,2026-08-23T13:27:43+0200,aa89dba4-771d-4653-9ac4-44e4858bfe00,2026-08-05T04:15:00Z,2026-08-05T06:15:00+0200,172.32,EUR/MWh,BE,BE,imbalance_price,Long,2026-08-23T11:28:30Z
2026-08-23T11:27:43Z,2026-08-23T13:27:43+0200,aa89dba4-771d-4653-9ac4-44e4858bfe00,2026-08-05T04:15:00Z,2026-08-05T06:15:00+0200,172.32,EUR/MWh,BE,BE,imbalance_price,Short,2026-08-23T11:28:30Z
2026-08-23T11:27:43Z,2026-08-23T13:27:43+0200,aa89dba4-771d-4653-9ac4-44e4858bfe00,2026-08-05T04:30:00Z,2026-08-05T06:30:00+0200,168.54,EUR/MWh,BE,BE,imbalance_price,Long,2026-08-23T11:28:30Z
2026-08-23T11:27:43Z,2026-08-23T13:27:43+0200,aa89dba4-771d-4653-9ac4-44e4858bfe00,2026-08-05T04:30:00Z,2026-08-05T06:30:00+0200,168.54,EUR/MWh,BE,BE,imbalance_price,Short,2026-08-23T11:28:30Z
2026-08-23T11:27:43Z,2026-08-23T13:27:43+0200,aa89dba4-771d-4653-9ac4-44e4858bfe00,2026-08-05T04:45:00Z,2026-08-05T06:45:00+0200,181.34,EUR/MWh,BE,BE,imbalance_price,Long,2026-08-23T11:28:30Z
2026-08-23T11:27:43Z,2026-08-23T13:27:43+0200,aa89dba4-771d-4653-9ac4-44e4858bfe00,2026-08-05T04:45:00Z,2026-08-05T06:45:00+0200,181.34,EUR/MWh,BE,BE,imbalance_price,Short,2026-08-23T11:28:30Z
2026-08-23T11:27:43Z,2026-08-23T13:27:43+0200,aa89dba4-771d-4653-9ac4-44e4858bfe00,2026-08-05T05:00:00Z,2026-08-05T07:00:00+0200,190.21,EUR/MWh,BE,BE,imbalance_price,Long,2026-08-23T11:28:30Z
2026-08-23T11:27:43Z,2026-08-23T13:27:43+0200,aa89dba4-771d-4653-9ac4-44e4858bfe00,2026-08-05T05:00:00Z,2026-08-05T07:00:00+0200,190.21,EUR/MWh,BE,BE,imbalance_price,Short,2026-08-23T11:28:30Z
2026-08-23T11:27:43Z,2026-08-23T13:27:43+0200,aa89dba4-771d-4653-9ac4-44e4858bfe00,2026-08-05T05:15:00Z,2026-08-05T07:15:00+0200,222.26,EUR/MWh,BE,BE,imbalance_price,Long,2026-08-23T11:28:30Z
2026-08-23T11:27:43Z,2026-08-23T13:27:43+0200,aa89dba4-771d-4653-9ac4-44e4858bfe00,2026-08-05T05:15:00Z,2026-08-05T07:15:00+0200,222.26,EUR/MWh,BE,BE,imbalance_price,Short,2026-08-23T11:28:30Z
2026-08-23T11:27:43Z,2026-08-23T13:27:43+0200,aa89dba4-771d-4653-9ac4-44e4858bfe00,2026-08-05T05:30:00Z,2026-08-05T07:30:00+0200,142.42,EUR/MWh,BE,BE,imbalance_price,Long,2026-08-23T11:28:30Z
2026-08-23T11:27:43Z,2026-08-23T13:27:43+0200,aa89dba4-771d-4653-9ac4-44e4858bfe00,2026-08-05T05:30:00Z,2026-08-05T07:30:00+0200,142.42,EUR/MWh,BE,BE,imbalance_price,Short,2026-08-23T11:28:30Z
2026-08-23T11:27:43Z,2026-08-23T13:27:43+0200,aa89dba4-771d-4653-9ac4-44e4858bfe00,2026-08-05T05:45:00Z,2026-08-05T07:45:00+0200,131.0,EUR/MWh,BE,BE,imbalance_price,Long,2026-08-23T11:28:30Z
2026-08-23T11:27:43Z,2026-08-23T13:27:43+0200,aa89dba4-771d-4653-9ac4-44e4858bfe00,2026-08-05T05:45:00Z,2026-08-05T07:45:00+0200,131.0,EUR/MWh,BE,BE,imbalance_price,Short,2026-08-23T11:28:30Z
2026-08-23T11:27:43Z,2026-08-23T13:27:43+0200,aa89dba4-771d-4653-9ac4-44e4858bfe00,2026-08-05T06:00:00Z,2026-08-05T08:00:00+0200,306.17,EUR/MWh,BE,BE,imbalance_price,Long,2026-08-23T11:28:30Z
2026-08-23T11:27:43Z,2026-08-23T13:27:43+0200,aa89dba4-771d-4653-9ac4-44e4858bfe00,2026-08-05T06:00:00Z,2026-08-05T08:00:00+0200,306.17,EUR/MWh,BE,BE,imbalance_price,Short,2026-08-23T11:28:30Z
2026-08-23T11:27:43Z,2026-08-23T13:27:43+0200,aa89dba4-771d-4653-9ac4-44e4858bfe00,2026-08-05T06:15:00Z,2026-08-05T08:15:00+0200,456.95,EUR/MWh,BE,BE,imbalance_price,Long,2026-08-23T11:28:30Z
2026-08-23T11:27:43Z,2026-08-23T13:27:43+0200,aa89dba4-771d-4653-9ac4-44e4858bfe00,2026-08-05T06:15:00Z,2026-08-05T08:15:00+0200,456.95,EUR/MWh,BE,BE,imbalance_price,Short,2026-08-23T11:28:30Z
2026-08-23T11:27:43Z,2026-08-23T13:27:43+0200,aa89dba4-771d-4653-9ac4-44e4858bfe00,2026-08-05T06:30:00Z,2026-08-05T08:30:00+0200,379.4,EUR/MWh,BE,BE,imbalance_price,Long,2026-08-23T11:28:30Z
2026-08-23T11:27:43Z,2026-08-23T13:27:43+0200,aa89dba4-771d-4653-9ac4-44e4858bfe00,2026-08-05T06:30:00Z,2026-08-05T08:30:00+0200,379.4,EUR/MWh,BE,BE,imbalance_price,Short,2026-08-23T11:28:30Z
2026-08-23T11:27:43Z,2026-08-23T13:27:43+0200,aa89dba4-771d-4653-9ac4-44e4858bfe00,2026-08-05T06:45:00Z,2026-08-05T08:45:00+0200,117.0,EUR/MWh,BE,BE,imbalance_price,Long,2026-08-23T11:28:30Z
2026-08-23T11:27:43Z,2026-08-23T13:27:43+0200,aa89dba4-771d-4653-9ac4-44e4858bfe00,2026-08-05T06:45:00Z,2026-08-05T08:45:00+0200,117.0,EUR/MWh,BE,BE,imbalance_price,Short,2026-08-23T11:28:30Z
2026-08-23T11:27:43Z,2026-08-23T13:27:43+0200,aa89dba4-771d-4653-9ac4-44e4858bfe00,2026-08-05T07:00:00Z,2026-08-05T09:00:00+0200,212.64,EUR/MWh,BE,BE,imbalance_price,Long,2026-08-23T11:28:30Z
2026-08-23T11:27:43Z,2026-08-23T13:27:43+0200,aa89dba4-771d-4653-9ac4-44e4858bfe00,2026-08-05T07:00:00Z,2026-08-05T09:00:00+0200,212.64,EUR/MWh,BE,BE,imbalance_price,Short,2026-08-23T11:28:30Z
2026-08-23T11:27:43Z,2026-08-23T13:27:43+0200,aa89dba4-771d-4653-9ac4-44e4858bfe00,2026-08-05T07:15:00Z,2026-08-05T09:15:00+0200,63.0,EUR/MWh,BE,BE,imbalance_price,Long,2026-08-23T11:28:30Z
2026-08-23T11:27:43Z,2026-08-23T13:27:43+0200,aa89dba4-771d-4653-9ac4-44e4858bfe00,2026-08-05T07:15:00Z,2026-08-05T09:15:00+0200,63.0,EUR/MWh,BE,BE,imbalance_price,Short,2026-08-23T11:28:30Z
2026-08-23T11:27:43Z,2026-08-23T13:27:43+0200,aa89dba4-771d-4653-9ac4-44e4858bfe00,2026-08-05T07:30:00Z,2026-08-05T09:30:00+0200,60.85,EUR/MWh,BE,BE,imbalance_price,Long,2026-08-23T11:28:30Z
2026-08-23T11:27:43Z,2026-08-23T13:27:43+0200,aa89dba4-771d-4653-9ac4-44e4858bfe00,2026-08-05T07:30:00Z,2026-08-05T09:30:00+0200,60.85,EUR/MWh,BE,BE,imbalance_price,Short,2026-08-23T11:28:30Z
2026-08-23T11:27:43Z,2026-08-23T13:27:43+0200,aa89dba4-771d-4653-9ac4-44e4858bfe00,2026-08-05T07:45:00Z,2026-08-05T09:45:00+0200,48.3,EUR/MWh,BE,BE,imbalance_price,Long,2026-08-23T11:28:30Z
2026-08-23T11:27:43Z,2026-08-23T13:27:43+0200,aa89dba4-771d-4653-9ac4-44e4858bfe00,2026-08-05T07:45:00Z,2026-08-05T09:45:00+0200,48.3,EUR/MWh,BE,BE,imbalance_price,Short,2026-08-23T11:28:30Z
2026-08-23T11:27:43Z,2026-08-23T13:27:43+0200,aa89dba4-771d-4653-9ac4-44e4858bfe00,2026-08-05T08:00:00Z,2026-08-05T10:00:00+0200,54.0,EUR/MWh,BE,BE,imbalance_price,Long,2026-08-23T11:28:30Z
2026-08-23T11:27:43Z,2026-08-23T13:27:43+0200,aa89dba4-771d-4653-9ac4-44e4858bfe00,2026-08-05T08:00:00Z,2026-08-05T10:00:00+0200,54.0,EUR/MWh,BE,BE,imbalance_price,Short,2026-08-23T11:28:30Z
2026-08-23T11:27:43Z,2026-08-23T13:27:43+0200,aa89dba4-771d-4653-9ac4-44e4858bfe00,2026-08-05T08:15:00Z,2026-08-05T10:15:00+0200,40.0,EUR/MWh,BE,BE,imbalance_price,Long,2026-08-23T11:28:30Z
2026-08-23T11:27:43Z,2026-08-23T13:27:43+0200,aa89dba4-771d-4653-9ac4-44e4858bfe00,2026-08-05T08:15:00Z,2026-08-05T10:15:00+0200,40.0,EUR/MWh,BE,BE,imbalance_price,Short,2026-08-23T11:28:30Z
2026-08-23T11:27:43Z,2026-08-23T13:27:43+0200,aa89dba4-771d-4653-9ac4-44e4858bfe00,2026-08-05T08:30:00Z,2026-08-05T10:30:00+0200,25.0,EUR/MWh,BE,BE,imbalance_price,Long,2026-08-23T11:28:30Z
2026-08-23T11:27:43Z,2026-08-23T13:27:43+0200,aa89dba4-771d-4653-9ac4-44e4858bfe00,2026-08-05T08:30:00Z,2026-08-05T10:30:00+0200,25.0,EUR/MWh,BE,BE,imbalance_price,Short,2026-08-23T11:28:30Z
2026-08-23T11:27:43Z,2026-08-23T13:27:43+0200,aa89dba4-771d-4653-9ac4-44e4858bfe00,2026-08-05T08:45:00Z,2026-08-05T10:45:00+0200,18.02,EUR/MWh,BE,BE,imbalance_price,Long,2026-08-23T11:28:30Z
2026-08-23T11:27:43Z,2026-08-23T13:27:43+0200,aa89dba4-771d-4653-9ac4-44e4858bfe00,2026-08-05T08:45:00Z,2026-08-05T10:45:00+0200,18.02,EUR/MWh,BE,BE,imbalance_price,Short,2026-08-23T11:28:30Z
2026-08-23T11:27:43Z,2026-08-23T13:27:43+0200,aa89dba4-771d-4653-9ac4-44e4858bfe00,2026-08-05T09:00:00Z,2026-08-05T11:00:00+0200,24.0,EUR/MWh,BE,BE,imbalance_price,Long,2026-08-23T11:28:30Z
2026-08-23T11:27:43Z,2026-08-23T13:27:43+0200,aa89dba4-771d-4653-9ac4-44e4858bfe00,2026-08-05T09:00:00Z,2026-08-05T11:00:00+0200,24.0,EUR/MWh,BE,BE,imbalance_price,Short,2026-08-23T11:28:30Z
2026-08-23T11:27:43Z,2026-08-23T13:27:43+0200,aa89dba4-771d-4653-9ac4-44e4858bfe00,2026-08-05T09:15:00Z,2026-08-05T11:15:00+0200,135.0,EUR/MWh,BE,BE,imbalance_price,Long,2026-08-23T11:28:30Z
2026-08-23T11:27:43Z,2026-08-23T13:27:43+0200,aa89dba4-771d-4653-9ac4-44e4858bfe00,2026-08-05T09:15:00Z,2026-08-05T11:15:00+0200,135.0,EUR/MWh,BE,BE,imbalance_price,Short,2026-08-23T11:28:30Z
2026-08-23T11:27:43Z,2026-08-23T13:27:43+0200,aa89dba4-771d-4653-9ac4-44e4858bfe00,2026-08-05T09:30:00Z,2026-08-05T11:30:00+0200,135.0,EUR/MWh,BE,BE,imbalance_price,Long,2026-08-23T11:28:30Z
2026-08-23T11:27:43Z,2026-08-23T13:27:43+0200,aa89dba4-771d-4653-9ac4-44e4858bfe00,2026-08-05T09:30:00Z,2026-08-05T11:30:00+0200,135.0,EUR/MWh,BE,BE,imbalance_price,Short,2026-08-23T11:28:30Z
2026-08-23T11:27:43Z,2026-08-23T13:27:43+0200,aa89dba4-771d-4653-9ac4-44e4858bfe00,2026-08-05T09:45:00Z,2026-08-05T11:45:00+0200,135.0,EUR/MWh,BE,BE,imbalance_price,Long,2026-08-23T11:28:30Z
2026-08-23T11:27:43Z,2026-08-23T13:27:43+0200,aa89dba4-771d-4653-9ac4-44e4858bfe00,2026-08-05T09:45:00Z,2026-08-05T11:45:00+0200,135.0,EUR/MWh,BE,BE,imbalance_price,Short,2026-08-23T11:28:30Z
2026-08-23T11:27:43Z,2026-08-23T13:27:43+0200,aa89dba4-771d-4653-9ac4-44e4858bfe00,2026-08-05T10:00:00Z,2026-08-05T12:00:00+0200,92.5,EUR/MWh,BE,BE,imbalance_price,Long,2026-08-23T11:28:30Z
2026-08-23T11:27:43Z,2026-08-23T13:27:43+0200,aa89dba4-771d-4653-9ac4-44e4858bfe00,2026-08-05T10:00:00Z,2026-08-05T12:00:00+0200,92.5,EUR/MWh,BE,BE,imbalance_price,Short,2026-08-23T11:28:30Z
2026-08-23T11:27:43Z,2026-08-23T13:27:43+0200,aa89dba4-771d-4653-9ac4-44e4858bfe00,2026-08-05T10:15:00Z,2026-08-05T12:15:00+0200,76.94,EUR/MWh,BE,BE,imbalance_price,Long,2026-08-23T11:28:30Z
2026-08-23T11:27:43Z,2026-08-23T13:27:43+0200,aa89dba4-771d-4653-9ac4-44e4858bfe00,2026-08-05T10:15:00Z,2026-08-05T12:15:00+0200,76.94,EUR/MWh,BE,BE,imbalance_price,Short,2026-08-23T11:28:30Z
2026-08-23T11:27:43Z,2026-08-23T13:27:43+0200,aa89dba4-771d-4653-9ac4-44e4858bfe00,2026-08-05T10:30:00Z,2026-08-05T12:30:00+0200,38.6,EUR/MWh,BE,BE,imbalance_price,Long,2026-08-23T11:28:30Z
2026-08-23T11:27:43Z,2026-08-23T13:27:43+0200,aa89dba4-771d-4653-9ac4-44e4858bfe00,2026-08-05T10:30:00Z,2026-08-05T12:30:00+0200,38.6,EUR/MWh,BE,BE,imbalance_price,Short,2026-08-23T11:28:30Z
2026-08-23T11:27:43Z,2026-08-23T13:27:43+0200,aa89dba4-771d-4653-9ac4-44e4858bfe00,2026-08-05T10:45:00Z,2026-08-05T12:45:00+0200,137.0,EUR/MWh,BE,BE,imbalance_price,Long,2026-08-23T11:28:30Z
2026-08-23T11:27:43Z,2026-08-23T13:27:43+0200,aa89dba4-771d-4653-9ac4-44e4858bfe00,2026-08-05T10:45:00Z,2026-08-05T12:45:00+0200,137.0,EUR/MWh,BE,BE,imbalance_price,Short,2026-08-23T11:28:30Z
2026-08-23T11:27:43Z,2026-08-23T13:27:43+0200,aa89dba4-771d-4653-9ac4-44e4858bfe00,2026-08-05T11:00:00Z,2026-08-05T13:00:00+0200,87.5,EUR/MWh,BE,BE,imbalance_price,Long,2026-08-23T11:28:30Z
2026-08-23T11:27:43Z,2026-08-23T13:27:43+0200,aa89dba4-771d-4653-9ac4-44e4858bfe00,2026-08-05T11:00:00Z,2026-08-05T13:00:00+0200,87.5,EUR/MWh,BE,BE,imbalance_price,Short,2026-08-23T11:28:30Z
2026-08-23T11:27:43Z,2026-08-23T13:27:43+0200,aa89dba4-771d-4653-9ac4-44e4858bfe00,2026-08-05T11:15:00Z,2026-08-05T13:15:00+0200,77.34,EUR/MWh,BE,BE,imbalance_price,Long,2026-08-23T11:28:30Z
2026-08-23T11:27:43Z,2026-08-23T13:27:43+0200,aa89dba4-771d-4653-9ac4-44e4858bfe00,2026-08-05T11:15:00Z,2026-08-05T13:15:00+0200,77.34,EUR/MWh,BE,BE,imbalance_price,Short,2026-08-23T11:28:30Z
2026-08-23T11:27:43Z,2026-08-23T13:27:43+0200,aa89dba4-771d-4653-9ac4-44e4858bfe00,2026-08-05T11:30:00Z,2026-08-05T13:30:00+0200,11.0,EUR/MWh,BE,BE,imbalance_price,Long,2026-08-23T11:28:30Z
2026-08-23T11:27:43Z,2026-08-23T13:27:43+0200,aa89dba4-771d-4653-9ac4-44e4858bfe00,2026-08-05T11:30:00Z,2026-08-05T13:30:00+0200,11.0,EUR/MWh,BE,BE,imbalance_price,Short,2026-08-23T11:28:30Z
2026-08-23T11:27:43Z,2026-08-23T13:27:43+0200,aa89dba4-771d-4653-9ac4-44e4858bfe00,2026-08-05T11:45:00Z,2026-08-05T13:45:00+0200,-9.57,EUR/MWh,BE,BE,imbalance_price,Long,2026-08-23T11:28:30Z
2026-08-23T11:27:43Z,2026-08-23T13:27:43+0200,aa89dba4-771d-4653-9ac4-44e4858bfe00,2026-08-05T11:45:00Z,2026-08-05T13:45:00+0200,-9.57,EUR/MWh,BE,BE,imbalance_price,Short,2026-08-23T11:28:30Z
2026-08-23T11:27:43Z,2026-08-23T13:27:43+0200,aa89dba4-771d-4653-9ac4-44e4858bfe00,2026-08-05T12:00:00Z,2026-08-05T14:00:00+0200,-10.52,EUR/MWh,BE,BE,imbalance_price,Long,2026-08-23T11:28:30Z
2026-08-23T11:27:43Z,2026-08-23T13:27:43+0200,aa89dba4-771d-4653-9ac4-44e4858bfe00,2026-08-05T12:00:00Z,2026-08-05T14:00:00+0200,-10.52,EUR/MWh,BE,BE,imbalance_price,Short,2026-08-23T11:28:30Z
2026-08-23T11:27:43Z,2026-08-23T13:27:43+0200,aa89dba4-771d-4653-9ac4-44e4858bfe00,2026-08-05T12:15:00Z,2026-08-05T14:15:00+0200,-12.14,EUR/MWh,BE,BE,imbalance_price,Long,2026-08-23T11:28:30Z
2026-08-23T11:27:43Z,2026-08-23T13:27:43+0200,aa89dba4-771d-4653-9ac4-44e4858bfe00,2026-08-05T12:15:00Z,2026-08-05T14:15:00+0200,-12.14,EUR/MWh,BE,BE,imbalance_price,Short,2026-08-23T11:28:30Z
2026-08-23T11:27:43Z,2026-08-23T13:27:43+0200,aa89dba4-771d-4653-9ac4-44e4858bfe00,2026-08-05T12:30:00Z,2026-08-05T14:30:00+0200,-17.71,EUR/MWh,BE,BE,imbalance_price,Long,2026-08-23T11:28:30Z
2026-08-23T11:27:43Z,2026-08-23T13:27:43+0200,aa89dba4-771d-4653-9ac4-44e4858bfe00,2026-08-05T12:30:00Z,2026-08-05T14:30:00+0200,-17.71,EUR/MWh,BE,BE,imbalance_price,Short,2026-08-23T11:28:30Z
2026-08-23T11:27:43Z,2026-08-23T13:27:43+0200,aa89dba4-771d-4653-9ac4-44e4858bfe00,2026-08-05T12:45:00Z,2026-08-05T14:45:00+0200,-24.13,EUR/MWh,BE,BE,imbalance_price,Long,2026-08-23T11:28:30Z
2026-08-23T11:27:43Z,2026-08-23T13:27:43+0200,aa89dba4-771d-4653-9ac4-44e4858bfe00,2026-08-05T12:45:00Z,2026-08-05T14:45:00+0200,-24.13,EUR/MWh,BE,BE,imbalance_price,Short,2026-08-23T11:28:30Z
2026-08-23T11:27:43Z,2026-08-23T13:27:43+0200,aa89dba4-771d-4653-9ac4-44e4858bfe00,2026-08-05T13:00:00Z,2026-08-05T15:00:00+0200,2.8,EUR/MWh,BE,BE,imbalance_price,Long,2026-08-23T11:28:30Z
2026-08-23T11:27:43Z,2026-08-23T13:27:43+0200,aa89dba4-771d-4653-9ac4-44e4858bfe00,2026-08-05T13:00:00Z,2026-08-05T15:00:00+0200,2.8,EUR/MWh,BE,BE,imbalance_price,Short,2026-08-23T11:28:30Z
2026-08-23T11:27:43Z,2026-08-23T13:27:43+0200,aa89dba4-771d-4653-9ac4-44e4858bfe00,2026-08-05T13:15:00Z,2026-08-05T15:15:00+0200,-6.09,EUR/MWh,BE,BE,imbalance_price,Long,2026-08-23T11:28:30Z
2026-08-23T11:27:43Z,2026-08-23T13:27:43+0200,aa89dba4-771d-4653-9ac4-44e4858bfe00,2026-08-05T13:15:00Z,2026-08-05T15:15:00+0200,-6.09,EUR/MWh,BE,BE,imbalance_price,Short,2026-08-23T11:28:30Z
2026-08-23T11:27:43Z,2026-08-23T13:27:43+0200,aa89dba4-771d-4653-9ac4-44e4858bfe00,2026-08-05T13:30:00Z,2026-08-05T15:30:00+0200,-7.5,EUR/MWh,BE,BE,imbalance_price,Long,2026-08-23T11:28:30Z
2026-08-23T11:27:43Z,2026-08-23T13:27:43+0200,aa89dba4-771d-4653-9ac4-44e4858bfe00,2026-08-05T13:30:00Z,2026-08-05T15:30:00+0200,-7.5,EUR/MWh,BE,BE,imbalance_price,Short,2026-08-23T11:28:30Z
2026-08-23T11:27:43Z,2026-08-23T13:27:43+0200,aa89dba4-771d-4653-9ac4-44e4858bfe00,2026-08-05T13:45:00Z,2026-08-05T15:45:00+0200,-2.71,EUR/MWh,BE,BE,imbalance_price,Long,2026-08-23T11:28:30Z
2026-08-23T11:27:43Z,2026-08-23T13:27:43+0200,aa89dba4-771d-4653-9ac4-44e4858bfe00,2026-08-05T13:45:00Z,2026-08-05T15:45:00+0200,-2.71,EUR/MWh,BE,BE,imbalance_price,Short,2026-08-23T11:28:30Z
2026-08-23T11:27:43Z,2026-08-23T13:27:43+0200,aa89dba4-771d-4653-9ac4-44e4858bfe00,2026-08-05T14:00:00Z,2026-08-05T16:00:00+0200,-0.02,EUR/MWh,BE,BE,imbalance_price,Long,2026-08-23T11:28:30Z
2026-08-23T11:27:43Z,2026-08-23T13:27:43+0200,aa89dba4-771d-4653-9ac4-44e4858bfe00,2026-08-05T14:00:00Z,2026-08-05T16:00:00+0200,-0.02,EUR/MWh,BE,BE,imbalance_price,Short,2026-08-23T11:28:30Z
2026-08-23T11:27:43Z,2026-08-23T13:27:43+0200,aa89dba4-771d-4653-9ac4-44e4858bfe00,2026-08-05T14:15:00Z,2026-08-05T16:15:00+0200,1.23,EUR/MWh,BE,BE,imbalance_price,Long,2026-08-23T11:28:30Z
2026-08-23T11:27:43Z,2026-08-23T13:27:43+0200,aa89dba4-771d-4653-9ac4-44e4858bfe00,2026-08-05T14:15:00Z,2026-08-05T16:15:00+0200,1.23,EUR/MWh,BE,BE,imbalance_price,Short,2026-08-23T11:28:30Z
2026-08-23T11:27:43Z,2026-08-23T13:27:43+0200,aa89dba4-771d-4653-9ac4-44e4858bfe00,2026-08-05T14:30:00Z,2026-08-05T16:30:00+0200,-1.25,EUR/MWh,BE,BE,imbalance_price,Long,2026-08-23T11:28:30Z
2026-08-23T11:27:43Z,2026-08-23T13:27:43+0200,aa89dba4-771d-4653-9ac4-44e4858bfe00,2026-08-05T14:30:00Z,2026-08-05T16:30:00+0200,-1.25,EUR/MWh,BE,BE,imbalance_price,Short,2026-08-23T11:28:30Z
2026-08-23T11:27:43Z,2026-08-23T13:27:43+0200,aa89dba4-771d-4653-9ac4-44e4858bfe00,2026-08-05T14:45:00Z,2026-08-05T16:45:00+0200,5.7,EUR/MWh,BE,BE,imbalance_price,Long,2026-08-23T11:28:30Z
2026-08-23T11:27:43Z,2026-08-23T13:27:43+0200,aa89dba4-771d-4653-9ac4-44e4858bfe00,2026-08-05T14:45:00Z,2026-08-05T16:45:00+0200,5.7,EUR/MWh,BE,BE,imbalance_price,Short,2026-08-23T11:28:30Z
2026-08-23T11:27:43Z,2026-08-23T13:27:43+0200,aa89dba4-771d-4653-9ac4-44e4858bfe00,2026-08-05T15:00:00Z,2026-08-05T17:00:00+0200,-17.96,EUR/MWh,BE,BE,imbalance_price,Long,2026-08-23T11:28:30Z
2026-08-23T11:27:43Z,2026-08-23T13:27:43+0200,aa89dba4-771d-4653-9ac4-44e4858bfe00,2026-08-05T15:00:00Z,2026-08-05T17:00:00+0200,-17.96,EUR/MWh,BE,BE,imbalance_price,Short,2026-08-23T11:28:30Z
2026-08-23T11:27:43Z,2026-08-23T13:27:43+0200,aa89dba4-771d-4653-9ac4-44e4858bfe00,2026-08-05T15:15:00Z,2026-08-05T17:15:00+0200,-5.68,EUR/MWh,BE,BE,imbalance_price,Long,2026-08-23T11:28:30Z
2026-08-23T11:27:43Z,2026-08-23T13:27:43+0200,aa89dba4-771d-4653-9ac4-44e4858bfe00,2026-08-05T15:15:00Z,2026-08-05T17:15:00+0200,-5.68,EUR/MWh,BE,BE,imbalance_price,Short,2026-08-23T11:28:30Z
2026-08-23T11:27:43Z,2026-08-23T13:27:43+0200,aa89dba4-771d-4653-9ac4-44e4858bfe00,2026-08-05T15:30:00Z,2026-08-05T17:30:00+0200,12.9,EUR/MWh,BE,BE,imbalance_price,Long,2026-08-23T11:28:30Z
2026-08-23T11:27:43Z,2026-08-23T13:27:43+0200,aa89dba4-771d-4653-9ac4-44e4858bfe00,2026-08-05T15:30:00Z,2026-08-05T17:30:00+0200,12.9,EUR/MWh,BE,BE,imbalance_price,Short,2026-08-23T11:28:30Z
2026-08-23T11:27:43Z,2026-08-23T13:27:43+0200,aa89dba4-771d-4653-9ac4-44e4858bfe00,2026-08-05T15:45:00Z,2026-08-05T17:45:00+0200,24.35,EUR/MWh,BE,BE,imbalance_price,Long,2026-08-23T11:28:30Z
2026-08-23T11:27:43Z,2026-08-23T13:27:43+0200,aa89dba4-771d-4653-9ac4-44e4858bfe00,2026-08-05T15:45:00Z,2026-08-05T17:45:00+0200,24.35,EUR/MWh,BE,BE,imbalance_price,Short,2026-08-23T11:28:30Z
2026-08-23T11:27:43Z,2026-08-23T13:27:43+0200,aa89dba4-771d-4653-9ac4-44e4858bfe00,2026-08-05T16:00:00Z,2026-08-05T18:00:00+0200,9.7,EUR/MWh,BE,BE,imbalance_price,Long,2026-08-23T11:28:30Z
2026-08-23T11:27:43Z,2026-08-23T13:27:43+0200,aa89dba4-771d-4653-9ac4-44e4858bfe00,2026-08-05T16:00:00Z,2026-08-05T18:00:00+0200,9.7,EUR/MWh,BE,BE,imbalance_price,Short,2026-08-23T11:28:30Z
2026-08-23T11:27:43Z,2026-08-23T13:27:43+0200,aa89dba4-771d-4653-9ac4-44e4858bfe00,2026-08-05T16:15:00Z,2026-08-05T18:15:00+0200,25.28,EUR/MWh,BE,BE,imbalance_price,Long,2026-08-23T11:28:30Z
2026-08-23T11:27:43Z,2026-08-23T13:27:43+0200,aa89dba4-771d-4653-9ac4-44e4858bfe00,2026-08-05T16:15:00Z,2026-08-05T18:15:00+0200,25.28,EUR/MWh,BE,BE,imbalance_price,Short,2026-08-23T11:28:30Z
2026-08-23T11:27:43Z,2026-08-23T13:27:43+0200,aa89dba4-771d-4653-9ac4-44e4858bfe00,2026-08-05T16:30:00Z,2026-08-05T18:30:00+0200,125.18,EUR/MWh,BE,BE,imbalance_price,Long,2026-08-23T11:28:30Z
2026-08-23T11:27:43Z,2026-08-23T13:27:43+0200,aa89dba4-771d-4653-9ac4-44e4858bfe00,2026-08-05T16:30:00Z,2026-08-05T18:30:00+0200,125.18,EUR/MWh,BE,BE,imbalance_price,Short,2026-08-23T11:28:30Z
2026-08-23T11:27:43Z,2026-08-23T13:27:43+0200,aa89dba4-771d-4653-9ac4-44e4858bfe00,2026-08-05T16:45:00Z,2026-08-05T18:45:00+0200,133.76,EUR/MWh,BE,BE,imbalance_price,Long,2026-08-23T11:28:30Z
2026-08-23T11:27:43Z,2026-08-23T13:27:43+0200,aa89dba4-771d-4653-9ac4-44e4858bfe00,2026-08-05T16:45:00Z,2026-08-05T18:45:00+0200,133.76,EUR/MWh,BE,BE,imbalance_price,Short,2026-08-23T11:28:30Z
2026-08-23T11:27:43Z,2026-08-23T13:27:43+0200,aa89dba4-771d-4653-9ac4-44e4858bfe00,2026-08-05T17:00:00Z,2026-08-05T19:00:00+0200,129.19,EUR/MWh,BE,BE,imbalance_price,Long,2026-08-23T11:28:30Z
2026-08-23T11:27:43Z,2026-08-23T13:27:43+0200,aa89dba4-771d-4653-9ac4-44e4858bfe00,2026-08-05T17:00:00Z,2026-08-05T19:00:00+0200,129.19,EUR/MWh,BE,BE,imbalance_price,Short,2026-08-23T11:28:30Z
2026-08-23T11:27:43Z,2026-08-23T13:27:43+0200,aa89dba4-771d-4653-9ac4-44e4858bfe00,2026-08-05T17:15:00Z,2026-08-05T19:15:00+0200,127.57,EUR/MWh,BE,BE,imbalance_price,Long,2026-08-23T11:28:30Z
2026-08-23T11:27:43Z,2026-08-23T13:27:43+0200,aa89dba4-771d-4653-9ac4-44e4858bfe00,2026-08-05T17:15:00Z,2026-08-05T19:15:00+0200,127.57,EUR/MWh,BE,BE,imbalance_price,Short,2026-08-23T11:28:30Z
2026-08-23T11:27:43Z,2026-08-23T13:27:43+0200,aa89dba4-771d-4653-9ac4-44e4858bfe00,2026-08-05T17:30:00Z,2026-08-05T19:30:00+0200,143.72,EUR/MWh,BE,BE,imbalance_price,Long,2026-08-23T11:28:30Z
2026-08-23T11:27:43Z,2026-08-23T13:27:43+0200,aa89dba4-771d-4653-9ac4-44e4858bfe00,2026-08-05T17:30:00Z,2026-08-05T19:30:00+0200,143.72,EUR/MWh,BE,BE,imbalance_price,Short,2026-08-23T11:28:30Z
2026-08-23T11:27:43Z,2026-08-23T13:27:43+0200,aa89dba4-771d-4653-9ac4-44e4858bfe00,2026-08-05T17:45:00Z,2026-08-05T19:45:00+0200,133.3,EUR/MWh,BE,BE,imbalance_price,Long,2026-08-23T11:28:30Z
2026-08-23T11:27:43Z,2026-08-23T13:27:43+0200,aa89dba4-771d-4653-9ac4-44e4858bfe00,2026-08-05T17:45:00Z,2026-08-05T19:45:00+0200,133.3,EUR/MWh,BE,BE,imbalance_price,Short,2026-08-23T11:28:30Z
2026-08-23T11:27:43Z,2026-08-23T13:27:43+0200,aa89dba4-771d-4653-9ac4-44e4858bfe00,2026-08-05T18:00:00Z,2026-08-05T20:00:00+0200,136.95,EUR/MWh,BE,BE,imbalance_price,Long,2026-08-23T11:28:30Z
2026-08-23T11:27:43Z,2026-08-23T13:27:43+0200,aa89dba4-771d-4653-9ac4-44e4858bfe00,2026-08-05T18:00:00Z,2026-08-05T20:00:00+0200,136.95,EUR/MWh,BE,BE,imbalance_price,Short,2026-08-23T11:28:30Z
2026-08-23T11:27:43Z,2026-08-23T13:27:43+0200,aa89dba4-771d-4653-9ac4-44e4858bfe00,2026-08-05T18:15:00Z,2026-08-05T20:15:00+0200,180.18,EUR/MWh,BE,BE,imbalance_price,Long,2026-08-23T11:28:30Z
2026-08-23T11:27:43Z,2026-08-23T13:27:43+0200,aa89dba4-771d-4653-9ac4-44e4858bfe00,2026-08-05T18:15:00Z,2026-08-05T20:15:00+0200,180.18,EUR/MWh,BE,BE,imbalance_price,Short,2026-08-23T11:28:30Z
2026-08-23T11:27:43Z,2026-08-23T13:27:43+0200,aa89dba4-771d-4653-9ac4-44e4858bfe00,2026-08-05T18:30:00Z,2026-08-05T20:30:00+0200,177.38,EUR/MWh,BE,BE,imbalance_price,Long,2026-08-23T11:28:30Z
2026-08-23T11:27:43Z,2026-08-23T13:27:43+0200,aa89dba4-771d-4653-9ac4-44e4858bfe00,2026-08-05T18:30:00Z,2026-08-05T20:30:00+0200,177.38,EUR/MWh,BE,BE,imbalance_price,Short,2026-08-23T11:28:30Z
2026-08-23T11:27:43Z,2026-08-23T13:27:43+0200,aa89dba4-771d-4653-9ac4-44e4858bfe00,2026-08-05T18:45:00Z,2026-08-05T20:45:00+0200,163.23,EUR/MWh,BE,BE,imbalance_price,Long,2026-08-23T11:28:30Z
2026-08-23T11:27:43Z,2026-08-23T13:27:43+0200,aa89dba4-771d-4653-9ac4-44e4858bfe00,2026-08-05T18:45:00Z,2026-08-05T20:45:00+0200,163.23,EUR/MWh,BE,BE,imbalance_price,Short,2026-08-23T11:28:30Z
2026-08-23T11:27:43Z,2026-08-23T13:27:43+0200,aa89dba4-771d-4653-9ac4-44e4858bfe00,2026-08-05T19:00:00Z,2026-08-05T21:00:00+0200,191.1,EUR/MWh,BE,BE,imbalance_price,Long,2026-08-23T11:28:30Z
2026-08-23T11:27:43Z,2026-08-23T13:27:43+0200,aa89dba4-771d-4653-9ac4-44e4858bfe00,2026-08-05T19:00:00Z,2026-08-05T21:00:00+0200,191.1,EUR/MWh,BE,BE,imbalance_price,Short,2026-08-23T11:28:30Z
2026-08-23T11:27:43Z,2026-08-23T13:27:43+0200,aa89dba4-771d-4653-9ac4-44e4858bfe00,2026-08-05T19:15:00Z,2026-08-05T21:15:00+0200,155.47,EUR/MWh,BE,BE,imbalance_price,Long,2026-08-23T11:28:30Z
2026-08-23T11:27:43Z,2026-08-23T13:27:43+0200,aa89dba4-771d-4653-9ac4-44e4858bfe00,2026-08-05T19:15:00Z,2026-08-05T21:15:00+0200,155.47,EUR/MWh,BE,BE,imbalance_price,Short,2026-08-23T11:28:30Z
2026-08-23T11:27:43Z,2026-08-23T13:27:43+0200,aa89dba4-771d-4653-9ac4-44e4858bfe00,2026-08-05T19:30:00Z,2026-08-05T21:30:00+0200,172.48,EUR/MWh,BE,BE,imbalance_price,Long,2026-08-23T11:28:30Z
2026-08-23T11:27:43Z,2026-08-23T13:27:43+0200,aa89dba4-771d-4653-9ac4-44e4858bfe00,2026-08-05T19:30:00Z,2026-08-05T21:30:00+0200,172.48,EUR/MWh,BE,BE,imbalance_price,Short,2026-08-23T11:28:30Z
2026-08-23T11:27:43Z,2026-08-23T13:27:43+0200,aa89dba4-771d-4653-9ac4-44e4858bfe00,2026-08-05T19:45:00Z,2026-08-05T21:45:00+0200,179.3,EUR/MWh,BE,BE,imbalance_price,Long,2026-08-23T11:28:30Z
2026-08-23T11:27:43Z,2026-08-23T13:27:43+0200,aa89dba4-771d-4653-9ac4-44e4858bfe00,2026-08-05T19:45:00Z,2026-08-05T21:45:00+0200,179.3,EUR/MWh,BE,BE,imbalance_price,Short,2026-08-23T11:28:30Z
2026-08-23T11:27:43Z,2026-08-23T13:27:43+0200,aa89dba4-771d-4653-9ac4-44e4858bfe00,2026-08-05T20:00:00Z,2026-08-05T22:00:00+0200,180.49,EUR/MWh,BE,BE,imbalance_price,Long,2026-08-23T11:28:30Z
2026-08-23T11:27:43Z,2026-08-23T13:27:43+0200,aa89dba4-771d-4653-9ac4-44e4858bfe00,2026-08-05T20:00:00Z,2026-08-05T22:00:00+0200,180.49,EUR/MWh,BE,BE,imbalance_price,Short,2026-08-23T11:28:30Z
2026-08-23T11:27:43Z,2026-08-23T13:27:43+0200,aa89dba4-771d-4653-9ac4-44e4858bfe00,2026-08-05T20:15:00Z,2026-08-05T22:15:00+0200,181.5,EUR/MWh,BE,BE,imbalance_price,Long,2026-08-23T11:28:30Z
2026-08-23T11:27:43Z,2026-08-23T13:27:43+0200,aa89dba4-771d-4653-9ac4-44e4858bfe00,2026-08-05T20:15:00Z,2026-08-05T22:15:00+0200,181.5,EUR/MWh,BE,BE,imbalance_price,Short,2026-08-23T11:28:30Z
2026-08-23T11:27:43Z,2026-08-23T13:27:43+0200,aa89dba4-771d-4653-9ac4-44e4858bfe00,2026-08-05T20:30:00Z,2026-08-05T22:30:00+0200,183.0,EUR/MWh,BE,BE,imbalance_price,Long,2026-08-23T11:28:30Z
2026-08-23T11:27:43Z,2026-08-23T13:27:43+0200,aa89dba4-771d-4653-9ac4-44e4858bfe00,2026-08-05T20:30:00Z,2026-08-05T22:30:00+0200,183.0,EUR/MWh,BE,BE,imbalance_price,Short,2026-08-23T11:28:30Z
2026-08-23T11:27:43Z,2026-08-23T13:27:43+0200,aa89dba4-771d-4653-9ac4-44e4858bfe00,2026-08-05T20:45:00Z,2026-08-05T22:45:00+0200,183.0,EUR/MWh,BE,BE,imbalance_price,Long,2026-08-23T11:28:30Z
2026-08-23T11:27:43Z,2026-08-23T13:27:43+0200,aa89dba4-771d-4653-9ac4-44e4858bfe00,2026-08-05T20:45:00Z,2026-08-05T22:45:00+0200,183.0,EUR/MWh,BE,BE,imbalance_price,Short,2026-08-23T11:28:30Z
2026-08-23T11:27:43Z,2026-08-23T13:27:43+0200,aa89dba4-771d-4653-9ac4-44e4858bfe00,2026-08-05T21:00:00Z,2026-08-05T23:00:00+0200,181.5,EUR/MWh,BE,BE,imbalance_price,Long,2026-08-23T11:28:30Z
2026-08-23T11:27:43Z,2026-08-23T13:27:43+0200,aa89dba4-771d-4653-9ac4-44e4858bfe00,2026-08-05T21:00:00Z,2026-08-05T23:00:00+0200,181.5,EUR/MWh,BE,BE,imbalance_price,Short,2026-08-23T11:28:30Z
2026-08-23T11:27:43Z,2026-08-23T13:27:43+0200,aa89dba4-771d-4653-9ac4-44e4858bfe00,2026-08-05T21:15:00Z,2026-08-05T23:15:00+0200,183.0,EUR/MWh,BE,BE,imbalance_price,Long,2026-08-23T11:28:30Z
2026-08-23T11:27:43Z,2026-08-23T13:27:43+0200,aa89dba4-771d-4653-9ac4-44e4858bfe00,2026-08-05T21:15:00Z,2026-08-05T23:15:00+0200,183.0,EUR/MWh,BE,BE,imbalance_price,Short,2026-08-23T11:28:30Z
2026-08-23T11:27:43Z,2026-08-23T13:27:43+0200,aa89dba4-771d-4653-9ac4-44e4858bfe00,2026-08-05T21:30:00Z,2026-08-05T23:30:00+0200,179.44,EUR/MWh,BE,BE,imbalance_price,Long,2026-08-23T11:28:30Z
2026-08-23T11:27:43Z,2026-08-23T13:27:43+0200,aa89dba4-771d-4653-9ac4-44e4858bfe00,2026-08-05T21:30:00Z,2026-08-05T23:30:00+0200,179.44,EUR/MWh,BE,BE,imbalance_price,Short,2026-08-23T11:28:30Z
2026-08-23T11:27:43Z,2026-08-23T13:27:43+0200,aa89dba4-771d-4653-9ac4-44e4858bfe00,2026-08-05T21:45:00Z,2026-08-05T23:45:00+0200,166.67,EUR/MWh,BE,BE,imbalance_price,Long,2026-08-23T11:28:30Z
2026-08-23T11:27:43Z,2026-08-23T13:27:43+0200,aa89dba4-771d-4653-9ac4-44e4858bfe00,2026-08-05T21:45:00Z,2026-08-05T23:45:00+0200,166.67,EUR/MWh,BE,BE,imbalance_price,Short,2026-08-23T11:28:30Z
2026-08-23T11:27:43Z,2026-08-23T13:27:43+0200,aa89dba4-771d-4653-9ac4-44e4858bfe00,2026-08-05T22:00:00Z,2026-08-06T00:00:00+0200,135.05,EUR/MWh,BE,BE,imbalance_price,Long,2026-08-23T11:28:30Z
2026-08-23T11:27:43Z,2026-08-23T13:27:43+0200,aa89dba4-771d-4653-9ac4-44e4858bfe00,2026-08-05T22:00:00Z,2026-08-06T00:00:00+0200,135.05,EUR/MWh,BE,BE,imbalance_price,Short,2026-08-23T11:28:30Z
2026-08-23T11:27:43Z,2026-08-23T13:27:43+0200,aa89dba4-771d-4653-9ac4-44e4858bfe00,2026-08-05T22:15:00Z,2026-08-06T00:15:00+0200,182.94,EUR/MWh,BE,BE,imbalance_price,Long,2026-08-23T11:28:30Z
2026-08-23T11:27:43Z,2026-08-23T13:27:43+0200,aa89dba4-771d-4653-9ac4-44e4858bfe00,2026-08-05T22:15:00Z,2026-08-06T00:15:00+0200,182.94,EUR/MWh,BE,BE,imbalance_price,Short,2026-08-23T11:28:30Z
2026-08-23T11:27:43Z,2026-08-23T13:27:43+0200,aa89dba4-771d-4653-9ac4-44e4858bfe00,2026-08-05T22:30:00Z,2026-08-06T00:30:00+0200,179.71,EUR/MWh,BE,BE,imbalance_price,Long,2026-08-23T11:28:30Z
2026-08-23T11:27:43Z,2026-08-23T13:27:43+0200,aa89dba4-771d-4653-9ac4-44e4858bfe00,2026-08-05T22:30:00Z,2026-08-06T00:30:00+0200,179.71,EUR/MWh,BE,BE,imbalance_price,Short,2026-08-23T11:28:30Z
2026-08-23T11:27:43Z,2026-08-23T13:27:43+0200,aa89dba4-771d-4653-9ac4-44e4858bfe00,2026-08-05T22:45:00Z,2026-08-06T00:45:00+0200,183.89,EUR/MWh,BE,BE,imbalance_price,Long,2026-08-23T11:28:30Z
2026-08-23T11:27:43Z,2026-08-23T13:27:43+0200,aa89dba4-771d-4653-9ac4-44e4858bfe00,2026-08-05T22:45:00Z,2026-08-06T00:45:00+0200,183.89,EUR/MWh,BE,BE,imbalance_price,Short,2026-08-23T11:28:30Z
2026-08-23T11:27:43Z,2026-08-23T13:27:43+0200,aa89dba4-771d-4653-9ac4-44e4858bfe00,2026-08-05T23:00:00Z,2026-08-06T01:00:00+0200,153.7,EUR/MWh,BE,BE,imbalance_price,Long,2026-08-23T11:28:30Z
2026-08-23T11:27:43Z,2026-08-23T13:27:43+0200,aa89dba4-771d-4653-9ac4-44e4858bfe00,2026-08-05T23:00:00Z,2026-08-06T01:00:00+0200,153.7,EUR/MWh,BE,BE,imbalance_price,Short,2026-08-23T11:28:30Z
2026-08-23T11:27:43Z,2026-08-23T13:27:43+0200,aa89dba4-771d-4653-9ac4-44e4858bfe00,2026-08-05T23:15:00Z,2026-08-06T01:15:00+0200,153.31,EUR/MWh,BE,BE,imbalance_price,Long,2026-08-23T11:28:30Z
2026-08-23T11:27:43Z,2026-08-23T13:27:43+0200,aa89dba4-771d-4653-9ac4-44e4858bfe00,2026-08-05T23:15:00Z,2026-08-06T01:15:00+0200,153.31,EUR/MWh,BE,BE,imbalance_price,Short,2026-08-23T11:28:30Z
2026-08-23T11:27:43Z,2026-08-23T13:27:43+0200,aa89dba4-771d-4653-9ac4-44e4858bfe00,2026-08-05T23:30:00Z,2026-08-06T01:30:00+0200,132.92,EUR/MWh,BE,BE,imbalance_price,Long,2026-08-23T11:28:30Z
2026-08-23T11:27:43Z,2026-08-23T13:27:43+0200,aa89dba4-771d-4653-9ac4-44e4858bfe00,2026-08-05T23:30:00Z,2026-08-06T01:30:00+0200,132.92,EUR/MWh,BE,BE,imbalance_price,Short,2026-08-23T11:28:30Z
2026-08-23T11:27:43Z,2026-08-23T13:27:43+0200,aa89dba4-771d-4653-9ac4-44e4858bfe00,2026-08-05T23:45:00Z,2026-08-06T01:45:00+0200,130.61,EUR/MWh,BE,BE,imbalance_price,Long,2026-08-23T11:28:30Z
2026-08-23T11:27:43Z,2026-08-23T13:27:43+0200,aa89dba4-771d-4653-9ac4-44e4858bfe00,2026-08-05T23:45:00Z,2026-08-06T01:45:00+0200,130.61,EUR/MWh,BE,BE,imbalance_price,Short,2026-08-23T11:28:30Z
2026-08-23T11:27:43Z,2026-08-23T13:27:43+0200,aa89dba4-771d-4653-9ac4-44e4858bfe00,2026-08-06T00:00:00Z,2026-08-06T02:00:00+0200,130.93,EUR/MWh,BE,BE,imbalance_price,Long,2026-08-23T11:28:30Z
2026-08-23T11:27:43Z,2026-08-23T13:27:43+0200,aa89dba4-771d-4653-9ac4-44e4858bfe00,2026-08-06T00:00:00Z,2026-08-06T02:00:00+0200,130.93,EUR/MWh,BE,BE,imbalance_price,Short,2026-08-23T11:28:30Z
2026-08-23T11:27:43Z,2026-08-23T13:27:43+0200,aa89dba4-771d-4653-9ac4-44e4858bfe00,2026-08-06T00:15:00Z,2026-08-06T02:15:00+0200,129.66,EUR/MWh,BE,BE,imbalance_price,Long,2026-08-23T11:28:30Z
2026-08-23T11:27:43Z,2026-08-23T13:27:43+0200,aa89dba4-771d-4653-9ac4-44e4858bfe00,2026-08-06T00:15:00Z,2026-08-06T02:15:00+0200,129.66,EUR/MWh,BE,BE,imbalance_price,Short,2026-08-23T11:28:30Z
2026-08-23T11:27:43Z,2026-08-23T13:27:43+0200,aa89dba4-771d-4653-9ac4-44e4858bfe00,2026-08-06T00:30:00Z,2026-08-06T02:30:00+0200,120.04,EUR/MWh,BE,BE,imbalance_price,Long,2026-08-23T11:28:30Z
2026-08-23T11:27:43Z,2026-08-23T13:27:43+0200,aa89dba4-771d-4653-9ac4-44e4858bfe00,2026-08-06T00:30:00Z,2026-08-06T02:30:00+0200,120.04,EUR/MWh,BE,BE,imbalance_price,Short,2026-08-23T11:28:30Z
2026-08-23T11:27:43Z,2026-08-23T13:27:43+0200,aa89dba4-771d-4653-9ac4-44e4858bfe00,2026-08-06T00:45:00Z,2026-08-06T02:45:00+0200,131.08,EUR/MWh,BE,BE,imbalance_price,Long,2026-08-23T11:28:30Z
2026-08-23T11:27:43Z,2026-08-23T13:27:43+0200,aa89dba4-771d-4653-9ac4-44e4858bfe00,2026-08-06T00:45:00Z,2026-08-06T02:45:00+0200,131.08,EUR/MWh,BE,BE,imbalance_price,Short,2026-08-23T11:28:30Z
2026-08-23T11:27:43Z,2026-08-23T13:27:43+0200,aa89dba4-771d-4653-9ac4-44e4858bfe00,2026-08-06T01:00:00Z,2026-08-06T03:00:00+0200,155.84,EUR/MWh,BE,BE,imbalance_price,Long,2026-08-23T11:28:30Z
2026-08-23T11:27:43Z,2026-08-23T13:27:43+0200,aa89dba4-771d-4653-9ac4-44e4858bfe00,2026-08-06T01:00:00Z,2026-08-06T03:00:00+0200,155.84,EUR/MWh,BE,BE,imbalance_price,Short,2026-08-23T11:28:30Z
2026-08-23T11:27:43Z,2026-08-23T13:27:43+0200,aa89dba4-771d-4653-9ac4-44e4858bfe00,2026-08-06T01:15:00Z,2026-08-06T03:15:00+0200,148.31,EUR/MWh,BE,BE,imbalance_price,Long,2026-08-23T11:28:30Z
2026-08-23T11:27:43Z,2026-08-23T13:27:43+0200,aa89dba4-771d-4653-9ac4-44e4858bfe00,2026-08-06T01:15:00Z,2026-08-06T03:15:00+0200,148.31,EUR/MWh,BE,BE,imbalance_price,Short,2026-08-23T11:28:30Z
2026-08-23T11:27:43Z,2026-08-23T13:27:43+0200,aa89dba4-771d-4653-9ac4-44e4858bfe00,2026-08-06T01:30:00Z,2026-08-06T03:30:00+0200,110.48,EUR/MWh,BE,BE,imbalance_price,Long,2026-08-23T11:28:30Z
2026-08-23T11:27:43Z,2026-08-23T13:27:43+0200,aa89dba4-771d-4653-9ac4-44e4858bfe00,2026-08-06T01:30:00Z,2026-08-06T03:30:00+0200,110.48,EUR/MWh,BE,BE,imbalance_price,Short,2026-08-23T11:28:30Z
2026-08-23T11:27:43Z,2026-08-23T13:27:43+0200,aa89dba4-771d-4653-9ac4-44e4858bfe00,2026-08-06T01:45:00Z,2026-08-06T03:45:00+0200,110.0,EUR/MWh,BE,BE,imbalance_price,Long,2026-08-23T11:28:30Z
2026-08-23T11:27:43Z,2026-08-23T13:27:43+0200,aa89dba4-771d-4653-9ac4-44e4858bfe00,2026-08-06T01:45:00Z,2026-08-06T03:45:00+0200,110.0,EUR/MWh,BE,BE,imbalance_price,Short,2026-08-23T11:28:30Z
2026-08-23T11:27:43Z,2026-08-23T13:27:43+0200,aa89dba4-771d-4653-9ac4-44e4858bfe00,2026-08-06T02:00:00Z,2026-08-06T04:00:00+0200,110.0,EUR/MWh,BE,BE,imbalance_price,Long,2026-08-23T11:28:30Z
2026-08-23T11:27:43Z,2026-08-23T13:27:43+0200,aa89dba4-771d-4653-9ac4-44e4858bfe00,2026-08-06T02:00:00Z,2026-08-06T04:00:00+0200,110.0,EUR/MWh,BE,BE,imbalance_price,Short,2026-08-23T11:28:30Z
2026-08-23T11:27:43Z,2026-08-23T13:27:43+0200,aa89dba4-771d-4653-9ac4-44e4858bfe00,2026-08-06T02:15:00Z,2026-08-06T04:15:00+0200,108.67,EUR/MWh,BE,BE,imbalance_price,Long,2026-08-23T11:28:30Z
2026-08-23T11:27:43Z,2026-08-23T13:27:43+0200,aa89dba4-771d-4653-9ac4-44e4858bfe00,2026-08-06T02:15:00Z,2026-08-06T04:15:00+0200,108.67,EUR/MWh,BE,BE,imbalance_price,Short,2026-08-23T11:28:30Z
2026-08-23T11:27:43Z,2026-08-23T13:27:43+0200,aa89dba4-771d-4653-9ac4-44e4858bfe00,2026-08-06T02:30:00Z,2026-08-06T04:30:00+0200,106.13,EUR/MWh,BE,BE,imbalance_price,Long,2026-08-23T11:28:30Z
2026-08-23T11:27:43Z,2026-08-23T13:27:43+0200,aa89dba4-771d-4653-9ac4-44e4858bfe00,2026-08-06T02:30:00Z,2026-08-06T04:30:00+0200,106.13,EUR/MWh,BE,BE,imbalance_price,Short,2026-08-23T11:28:30Z
2026-08-23T11:27:43Z,2026-08-23T13:27:43+0200,aa89dba4-771d-4653-9ac4-44e4858bfe00,2026-08-06T02:45:00Z,2026-08-06T04:45:00+0200,106.49,EUR/MWh,BE,BE,imbalance_price,Long,2026-08-23T11:28:30Z
2026-08-23T11:27:43Z,2026-08-23T13:27:43+0200,aa89dba4-771d-4653-9ac4-44e4858bfe00,2026-08-06T02:45:00Z,2026-08-06T04:45:00+0200,106.49,EUR/MWh,BE,BE,imbalance_price,Short,2026-08-23T11:28:30Z
2026-08-23T11:27:43Z,2026-08-23T13:27:43+0200,aa89dba4-771d-4653-9ac4-44e4858bfe00,2026-08-06T03:00:00Z,2026-08-06T05:00:00+0200,117.26,EUR/MWh,BE,BE,imbalance_price,Long,2026-08-23T11:28:30Z
2026-08-23T11:27:43Z,2026-08-23T13:27:43+0200,aa89dba4-771d-4653-9ac4-44e4858bfe00,2026-08-06T03:00:00Z,2026-08-06T05:00:00+0200,117.26,EUR/MWh,BE,BE,imbalance_price,Short,2026-08-23T11:28:30Z
2026-08-23T11:27:43Z,2026-08-23T13:27:43+0200,aa89dba4-771d-4653-9ac4-44e4858bfe00,2026-08-06T03:15:00Z,2026-08-06T05:15:00+0200,101.0,EUR/MWh,BE,BE,imbalance_price,Long,2026-08-23T11:28:30Z
2026-08-23T11:27:43Z,2026-08-23T13:27:43+0200,aa89dba4-771d-4653-9ac4-44e4858bfe00,2026-08-06T03:15:00Z,2026-08-06T05:15:00+0200,101.0,EUR/MWh,BE,BE,imbalance_price,Short,2026-08-23T11:28:30Z
2026-08-23T11:27:43Z,2026-08-23T13:27:43+0200,aa89dba4-771d-4653-9ac4-44e4858bfe00,2026-08-06T03:30:00Z,2026-08-06T05:30:00+0200,123.64,EUR/MWh,BE,BE,imbalance_price,Long,2026-08-23T11:28:30Z
2026-08-23T11:27:43Z,2026-08-23T13:27:43+0200,aa89dba4-771d-4653-9ac4-44e4858bfe00,2026-08-06T03:30:00Z,2026-08-06T05:30:00+0200,123.64,EUR/MWh,BE,BE,imbalance_price,Short,2026-08-23T11:28:30Z
2026-08-23T11:27:43Z,2026-08-23T13:27:43+0200,aa89dba4-771d-4653-9ac4-44e4858bfe00,2026-08-06T03:45:00Z,2026-08-06T05:45:00+0200,118.22,EUR/MWh,BE,BE,imbalance_price,Long,2026-08-23T11:28:30Z
2026-08-23T11:27:43Z,2026-08-23T13:27:43+0200,aa89dba4-771d-4653-9ac4-44e4858bfe00,2026-08-06T03:45:00Z,2026-08-06T05:45:00+0200,118.22,EUR/MWh,BE,BE,imbalance_price,Short,2026-08-23T11:28:30Z
2026-08-23T11:27:43Z,2026-08-23T13:27:43+0200,aa89dba4-771d-4653-9ac4-44e4858bfe00,2026-08-06T04:00:00Z,2026-08-06T06:00:00+0200,143.66,EUR/MWh,BE,BE,imbalance_price,Long,2026-08-23T11:28:30Z
2026-08-23T11:27:43Z,2026-08-23T13:27:43+0200,aa89dba4-771d-4653-9ac4-44e4858bfe00,2026-08-06T04:00:00Z,2026-08-06T06:00:00+0200,143.66,EUR/MWh,BE,BE,imbalance_price,Short,2026-08-23T11:28:30Z
2026-08-23T11:27:43Z,2026-08-23T13:27:43+0200,aa89dba4-771d-4653-9ac4-44e4858bfe00,2026-08-06T04:15:00Z,2026-08-06T06:15:00+0200,110.0,EUR/MWh,BE,BE,imbalance_price,Long,2026-08-23T11:28:30Z
2026-08-23T11:27:43Z,2026-08-23T13:27:43+0200,aa89dba4-771d-4653-9ac4-44e4858bfe00,2026-08-06T04:15:00Z,2026-08-06T06:15:00+0200,110.0,EUR/MWh,BE,BE,imbalance_price,Short,2026-08-23T11:28:30Z
2026-08-23T11:27:43Z,2026-08-23T13:27:43+0200,aa89dba4-771d-4653-9ac4-44e4858bfe00,2026-08-06T04:30:00Z,2026-08-06T06:30:00+0200,131.22,EUR/MWh,BE,BE,imbalance_price,Long,2026-08-23T11:28:30Z
2026-08-23T11:27:43Z,2026-08-23T13:27:43+0200,aa89dba4-771d-4653-9ac4-44e4858bfe00,2026-08-06T04:30:00Z,2026-08-06T06:30:00+0200,131.22,EUR/MWh,BE,BE,imbalance_price,Short,2026-08-23T11:28:30Z
2026-08-23T11:27:43Z,2026-08-23T13:27:43+0200,aa89dba4-771d-4653-9ac4-44e4858bfe00,2026-08-06T04:45:00Z,2026-08-06T06:45:00+0200,139.89,EUR/MWh,BE,BE,imbalance_price,Long,2026-08-23T11:28:30Z
2026-08-23T11:27:43Z,2026-08-23T13:27:43+0200,aa89dba4-771d-4653-9ac4-44e4858bfe00,2026-08-06T04:45:00Z,2026-08-06T06:45:00+0200,139.89,EUR/MWh,BE,BE,imbalance_price,Short,2026-08-23T11:28:30Z
2026-08-23T11:27:43Z,2026-08-23T13:27:43+0200,aa89dba4-771d-4653-9ac4-44e4858bfe00,2026-08-06T05:00:00Z,2026-08-06T07:00:00+0200,161.72,EUR/MWh,BE,BE,imbalance_price,Long,2026-08-23T11:28:30Z
2026-08-23T11:27:43Z,2026-08-23T13:27:43+0200,aa89dba4-771d-4653-9ac4-44e4858bfe00,2026-08-06T05:00:00Z,2026-08-06T07:00:00+0200,161.72,EUR/MWh,BE,BE,imbalance_price,Short,2026-08-23T11:28:30Z
2026-08-23T11:27:43Z,2026-08-23T13:27:43+0200,aa89dba4-771d-4653-9ac4-44e4858bfe00,2026-08-06T05:15:00Z,2026-08-06T07:15:00+0200,160.97,EUR/MWh,BE,BE,imbalance_price,Long,2026-08-23T11:28:30Z
2026-08-23T11:27:43Z,2026-08-23T13:27:43+0200,aa89dba4-771d-4653-9ac4-44e4858bfe00,2026-08-06T05:15:00Z,2026-08-06T07:15:00+0200,160.97,EUR/MWh,BE,BE,imbalance_price,Short,2026-08-23T11:28:30Z
2026-08-23T11:27:43Z,2026-08-23T13:27:43+0200,aa89dba4-771d-4653-9ac4-44e4858bfe00,2026-08-06T05:30:00Z,2026-08-06T07:30:00+0200,128.28,EUR/MWh,BE,BE,imbalance_price,Long,2026-08-23T11:28:30Z
2026-08-23T11:27:43Z,2026-08-23T13:27:43+0200,aa89dba4-771d-4653-9ac4-44e4858bfe00,2026-08-06T05:30:00Z,2026-08-06T07:30:00+0200,128.28,EUR/MWh,BE,BE,imbalance_price,Short,2026-08-23T11:28:30Z
2026-08-23T11:27:43Z,2026-08-23T13:27:43+0200,aa89dba4-771d-4653-9ac4-44e4858bfe00,2026-08-06T05:45:00Z,2026-08-06T07:45:00+0200,137.38,EUR/MWh,BE,BE,imbalance_price,Long,2026-08-23T11:28:30Z
2026-08-23T11:27:43Z,2026-08-23T13:27:43+0200,aa89dba4-771d-4653-9ac4-44e4858bfe00,2026-08-06T05:45:00Z,2026-08-06T07:45:00+0200,137.38,EUR/MWh,BE,BE,imbalance_price,Short,2026-08-23T11:28:30Z
2026-08-23T11:27:43Z,2026-08-23T13:27:43+0200,aa89dba4-771d-4653-9ac4-44e4858bfe00,2026-08-06T06:00:00Z,2026-08-06T08:00:00+0200,153.59,EUR/MWh,BE,BE,imbalance_price,Long,2026-08-23T11:28:30Z
2026-08-23T11:27:43Z,2026-08-23T13:27:43+0200,aa89dba4-771d-4653-9ac4-44e4858bfe00,2026-08-06T06:00:00Z,2026-08-06T08:00:00+0200,153.59,EUR/MWh,BE,BE,imbalance_price,Short,2026-08-23T11:28:30Z
2026-08-23T11:27:43Z,2026-08-23T13:27:43+0200,aa89dba4-771d-4653-9ac4-44e4858bfe00,2026-08-06T06:15:00Z,2026-08-06T08:15:00+0200,169.37,EUR/MWh,BE,BE,imbalance_price,Long,2026-08-23T11:28:30Z
2026-08-23T11:27:43Z,2026-08-23T13:27:43+0200,aa89dba4-771d-4653-9ac4-44e4858bfe00,2026-08-06T06:15:00Z,2026-08-06T08:15:00+0200,169.37,EUR/MWh,BE,BE,imbalance_price,Short,2026-08-23T11:28:30Z
2026-08-23T11:27:43Z,2026-08-23T13:27:43+0200,aa89dba4-771d-4653-9ac4-44e4858bfe00,2026-08-06T06:30:00Z,2026-08-06T08:30:00+0200,112.08,EUR/MWh,BE,BE,imbalance_price,Long,2026-08-23T11:28:30Z
2026-08-23T11:27:43Z,2026-08-23T13:27:43+0200,aa89dba4-771d-4653-9ac4-44e4858bfe00,2026-08-06T06:30:00Z,2026-08-06T08:30:00+0200,112.08,EUR/MWh,BE,BE,imbalance_price,Short,2026-08-23T11:28:30Z
2026-08-23T11:27:43Z,2026-08-23T13:27:43+0200,aa89dba4-771d-4653-9ac4-44e4858bfe00,2026-08-06T06:45:00Z,2026-08-06T08:45:00+0200,110.5,EUR/MWh,BE,BE,imbalance_price,Long,2026-08-23T11:28:30Z
2026-08-23T11:27:43Z,2026-08-23T13:27:43+0200,aa89dba4-771d-4653-9ac4-44e4858bfe00,2026-08-06T06:45:00Z,2026-08-06T08:45:00+0200,110.5,EUR/MWh,BE,BE,imbalance_price,Short,2026-08-23T11:28:30Z
2026-08-23T11:27:43Z,2026-08-23T13:27:43+0200,aa89dba4-771d-4653-9ac4-44e4858bfe00,2026-08-06T07:00:00Z,2026-08-06T09:00:00+0200,97.49,EUR/MWh,BE,BE,imbalance_price,Long,2026-08-23T11:28:30Z
2026-08-23T11:27:43Z,2026-08-23T13:27:43+0200,aa89dba4-771d-4653-9ac4-44e4858bfe00,2026-08-06T07:00:00Z,2026-08-06T09:00:00+0200,97.49,EUR/MWh,BE,BE,imbalance_price,Short,2026-08-23T11:28:30Z
2026-08-23T11:27:43Z,2026-08-23T13:27:43+0200,aa89dba4-771d-4653-9ac4-44e4858bfe00,2026-08-06T07:15:00Z,2026-08-06T09:15:00+0200,74.2,EUR/MWh,BE,BE,imbalance_price,Long,2026-08-23T11:28:30Z
2026-08-23T11:27:43Z,2026-08-23T13:27:43+0200,aa89dba4-771d-4653-9ac4-44e4858bfe00,2026-08-06T07:15:00Z,2026-08-06T09:15:00+0200,74.2,EUR/MWh,BE,BE,imbalance_price,Short,2026-08-23T11:28:30Z
2026-08-23T11:27:43Z,2026-08-23T13:27:43+0200,aa89dba4-771d-4653-9ac4-44e4858bfe00,2026-08-06T07:30:00Z,2026-08-06T09:30:00+0200,31.85,EUR/MWh,BE,BE,imbalance_price,Long,2026-08-23T11:28:30Z
2026-08-23T11:27:43Z,2026-08-23T13:27:43+0200,aa89dba4-771d-4653-9ac4-44e4858bfe00,2026-08-06T07:30:00Z,2026-08-06T09:30:00+0200,31.85,EUR/MWh,BE,BE,imbalance_price,Short,2026-08-23T11:28:30Z
2026-08-23T11:27:43Z,2026-08-23T13:27:43+0200,aa89dba4-771d-4653-9ac4-44e4858bfe00,2026-08-06T07:45:00Z,2026-08-06T09:45:00+0200,2.67,EUR/MWh,BE,BE,imbalance_price,Long,2026-08-23T11:28:30Z
2026-08-23T11:27:43Z,2026-08-23T13:27:43+0200,aa89dba4-771d-4653-9ac4-44e4858bfe00,2026-08-06T07:45:00Z,2026-08-06T09:45:00+0200,2.67,EUR/MWh,BE,BE,imbalance_price,Short,2026-08-23T11:28:30Z
2026-08-23T11:27:43Z,2026-08-23T13:27:43+0200,aa89dba4-771d-4653-9ac4-44e4858bfe00,2026-08-06T08:00:00Z,2026-08-06T10:00:00+0200,8.11,EUR/MWh,BE,BE,imbalance_price,Long,2026-08-23T11:28:30Z
2026-08-23T11:27:43Z,2026-08-23T13:27:43+0200,aa89dba4-771d-4653-9ac4-44e4858bfe00,2026-08-06T08:00:00Z,2026-08-06T10:00:00+0200,8.11,EUR/MWh,BE,BE,imbalance_price,Short,2026-08-23T11:28:30Z
2026-08-23T11:27:43Z,2026-08-23T13:27:43+0200,aa89dba4-771d-4653-9ac4-44e4858bfe00,2026-08-06T08:15:00Z,2026-08-06T10:15:00+0200,5.36,EUR/MWh,BE,BE,imbalance_price,Long,2026-08-23T11:28:30Z
2026-08-23T11:27:43Z,2026-08-23T13:27:43+0200,aa89dba4-771d-4653-9ac4-44e4858bfe00,2026-08-06T08:15:00Z,2026-08-06T10:15:00+0200,5.36,EUR/MWh,BE,BE,imbalance_price,Short,2026-08-23T11:28:30Z
2026-08-23T11:27:43Z,2026-08-23T13:27:43+0200,aa89dba4-771d-4653-9ac4-44e4858bfe00,2026-08-06T08:30:00Z,2026-08-06T10:30:00+0200,-2.25,EUR/MWh,BE,BE,imbalance_price,Long,2026-08-23T11:28:30Z
2026-08-23T11:27:43Z,2026-08-23T13:27:43+0200,aa89dba4-771d-4653-9ac4-44e4858bfe00,2026-08-06T08:30:00Z,2026-08-06T10:30:00+0200,-2.25,EUR/MWh,BE,BE,imbalance_price,Short,2026-08-23T11:28:30Z
2026-08-23T11:27:43Z,2026-08-23T13:27:43+0200,aa89dba4-771d-4653-9ac4-44e4858bfe00,2026-08-06T08:45:00Z,2026-08-06T10:45:00+0200,-17.44,EUR/MWh,BE,BE,imbalance_price,Long,2026-08-23T11:28:30Z
2026-08-23T11:27:43Z,2026-08-23T13:27:43+0200,aa89dba4-771d-4653-9ac4-44e4858bfe00,2026-08-06T08:45:00Z,2026-08-06T10:45:00+0200,-17.44,EUR/MWh,BE,BE,imbalance_price,Short,2026-08-23T11:28:30Z
2026-08-23T11:27:43Z,2026-08-23T13:27:43+0200,aa89dba4-771d-4653-9ac4-44e4858bfe00,2026-08-06T09:00:00Z,2026-08-06T11:00:00+0200,10.48,EUR/MWh,BE,BE,imbalance_price,Long,2026-08-23T11:28:30Z
2026-08-23T11:27:43Z,2026-08-23T13:27:43+0200,aa89dba4-771d-4653-9ac4-44e4858bfe00,2026-08-06T09:00:00Z,2026-08-06T11:00:00+0200,10.48,EUR/MWh,BE,BE,imbalance_price,Short,2026-08-23T11:28:30Z
2026-08-23T11:27:43Z,2026-08-23T13:27:43+0200,aa89dba4-771d-4653-9ac4-44e4858bfe00,2026-08-06T09:15:00Z,2026-08-06T11:15:00+0200,22.5,EUR/MWh,BE,BE,imbalance_price,Long,2026-08-23T11:28:30Z
2026-08-23T11:27:43Z,2026-08-23T13:27:43+0200,aa89dba4-771d-4653-9ac4-44e4858bfe00,2026-08-06T09:15:00Z,2026-08-06T11:15:00+0200,22.5,EUR/MWh,BE,BE,imbalance_price,Short,2026-08-23T11:28:30Z
2026-08-23T11:27:43Z,2026-08-23T13:27:43+0200,aa89dba4-771d-4653-9ac4-44e4858bfe00,2026-08-06T09:30:00Z,2026-08-06T11:30:00+0200,22.12,EUR/MWh,BE,BE,imbalance_price,Long,2026-08-23T11:28:30Z
2026-08-23T11:27:43Z,2026-08-23T13:27:43+0200,aa89dba4-771d-4653-9ac4-44e4858bfe00,2026-08-06T09:30:00Z,2026-08-06T11:30:00+0200,22.12,EUR/MWh,BE,BE,imbalance_price,Short,2026-08-23T11:28:30Z
2026-08-23T11:27:43Z,2026-08-23T13:27:43+0200,aa89dba4-771d-4653-9ac4-44e4858bfe00,2026-08-06T09:45:00Z,2026-08-06T11:45:00+0200,61.26,EUR/MWh,BE,BE,imbalance_price,Long,2026-08-23T11:28:30Z
2026-08-23T11:27:43Z,2026-08-23T13:27:43+0200,aa89dba4-771d-4653-9ac4-44e4858bfe00,2026-08-06T09:45:00Z,2026-08-06T11:45:00+0200,61.26,EUR/MWh,BE,BE,imbalance_price,Short,2026-08-23T11:28:30Z
2026-08-23T11:27:43Z,2026-08-23T13:27:43+0200,aa89dba4-771d-4653-9ac4-44e4858bfe00,2026-08-06T10:00:00Z,2026-08-06T12:00:00+0200,21.96,EUR/MWh,BE,BE,imbalance_price,Long,2026-08-23T11:28:30Z
2026-08-23T11:27:43Z,2026-08-23T13:27:43+0200,aa89dba4-771d-4653-9ac4-44e4858bfe00,2026-08-06T10:00:00Z,2026-08-06T12:00:00+0200,21.96,EUR/MWh,BE,BE,imbalance_price,Short,2026-08-23T11:28:30Z
2026-08-23T11:27:43Z,2026-08-23T13:27:43+0200,aa89dba4-771d-4653-9ac4-44e4858bfe00,2026-08-06T10:15:00Z,2026-08-06T12:15:00+0200,50.0,EUR/MWh,BE,BE,imbalance_price,Long,2026-08-23T11:28:30Z
2026-08-23T11:27:43Z,2026-08-23T13:27:43+0200,aa89dba4-771d-4653-9ac4-44e4858bfe00,2026-08-06T10:15:00Z,2026-08-06T12:15:00+0200,50.0,EUR/MWh,BE,BE,imbalance_price,Short,2026-08-23T11:28:30Z
2026-08-23T11:27:43Z,2026-08-23T13:27:43+0200,aa89dba4-771d-4653-9ac4-44e4858bfe00,2026-08-06T10:30:00Z,2026-08-06T12:30:00+0200,50.0,EUR/MWh,BE,BE,imbalance_price,Long,2026-08-23T11:28:30Z
2026-08-23T11:27:43Z,2026-08-23T13:27:43+0200,aa89dba4-771d-4653-9ac4-44e4858bfe00,2026-08-06T10:30:00Z,2026-08-06T12:30:00+0200,50.0,EUR/MWh,BE,BE,imbalance_price,Short,2026-08-23T11:28:30Z
2026-08-23T11:27:43Z,2026-08-23T13:27:43+0200,aa89dba4-771d-4653-9ac4-44e4858bfe00,2026-08-06T10:45:00Z,2026-08-06T12:45:00+0200,-0.57,EUR/MWh,BE,BE,imbalance_price,Long,2026-08-23T11:28:30Z
2026-08-23T11:27:43Z,2026-08-23T13:27:43+0200,aa89dba4-771d-4653-9ac4-44e4858bfe00,2026-08-06T10:45:00Z,2026-08-06T12:45:00+0200,-0.57,EUR/MWh,BE,BE,imbalance_price,Short,2026-08-23T11:28:30Z
2026-08-23T11:27:43Z,2026-08-23T13:27:43+0200,aa89dba4-771d-4653-9ac4-44e4858bfe00,2026-08-06T11:00:00Z,2026-08-06T13:00:00+0200,2.87,EUR/MWh,BE,BE,imbalance_price,Long,2026-08-23T11:28:30Z
2026-08-23T11:27:43Z,2026-08-23T13:27:43+0200,aa89dba4-771d-4653-9ac4-44e4858bfe00,2026-08-06T11:00:00Z,2026-08-06T13:00:00+0200,2.87,EUR/MWh,BE,BE,imbalance_price,Short,2026-08-23T11:28:30Z
2026-08-23T11:27:43Z,2026-08-23T13:27:43+0200,aa89dba4-771d-4653-9ac4-44e4858bfe00,2026-08-06T11:15:00Z,2026-08-06T13:15:00+0200,-18.93,EUR/MWh,BE,BE,imbalance_price,Long,2026-08-23T11:28:30Z
2026-08-23T11:27:43Z,2026-08-23T13:27:43+0200,aa89dba4-771d-4653-9ac4-44e4858bfe00,2026-08-06T11:15:00Z,2026-08-06T13:15:00+0200,-18.93,EUR/MWh,BE,BE,imbalance_price,Short,2026-08-23T11:28:30Z
2026-08-23T11:27:43Z,2026-08-23T13:27:43+0200,aa89dba4-771d-4653-9ac4-44e4858bfe00,2026-08-06T11:30:00Z,2026-08-06T13:30:00+0200,-1.0,EUR/MWh,BE,BE,imbalance_price,Long,2026-08-23T11:28:30Z
2026-08-23T11:27:43Z,2026-08-23T13:27:43+0200,aa89dba4-771d-4653-9ac4-44e4858bfe00,2026-08-06T11:30:00Z,2026-08-06T13:30:00+0200,-1.0,EUR/MWh,BE,BE,imbalance_price,Short,2026-08-23T11:28:30Z
2026-08-23T11:27:43Z,2026-08-23T13:27:43+0200,aa89dba4-771d-4653-9ac4-44e4858bfe00,2026-08-06T11:45:00Z,2026-08-06T13:45:00+0200,-14.97,EUR/MWh,BE,BE,imbalance_price,Long,2026-08-23T11:28:30Z
2026-08-23T11:27:43Z,2026-08-23T13:27:43+0200,aa89dba4-771d-4653-9ac4-44e4858bfe00,2026-08-06T11:45:00Z,2026-08-06T13:45:00+0200,-14.97,EUR/MWh,BE,BE,imbalance_price,Short,2026-08-23T11:28:30Z
2026-08-23T11:27:43Z,2026-08-23T13:27:43+0200,aa89dba4-771d-4653-9ac4-44e4858bfe00,2026-08-06T12:00:00Z,2026-08-06T14:00:00+0200,-13.78,EUR/MWh,BE,BE,imbalance_price,Long,2026-08-23T11:28:30Z
2026-08-23T11:27:43Z,2026-08-23T13:27:43+0200,aa89dba4-771d-4653-9ac4-44e4858bfe00,2026-08-06T12:00:00Z,2026-08-06T14:00:00+0200,-13.78,EUR/MWh,BE,BE,imbalance_price,Short,2026-08-23T11:28:30Z
2026-08-23T11:27:43Z,2026-08-23T13:27:43+0200,aa89dba4-771d-4653-9ac4-44e4858bfe00,2026-08-06T12:15:00Z,2026-08-06T14:15:00+0200,-23.77,EUR/MWh,BE,BE,imbalance_price,Long,2026-08-23T11:28:30Z
2026-08-23T11:27:43Z,2026-08-23T13:27:43+0200,aa89dba4-771d-4653-9ac4-44e4858bfe00,2026-08-06T12:15:00Z,2026-08-06T14:15:00+0200,-23.77,EUR/MWh,BE,BE,imbalance_price,Short,2026-08-23T11:28:30Z
2026-08-23T11:27:43Z,2026-08-23T13:27:43+0200,aa89dba4-771d-4653-9ac4-44e4858bfe00,2026-08-06T12:30:00Z,2026-08-06T14:30:00+0200,-21.02,EUR/MWh,BE,BE,imbalance_price,Long,2026-08-23T11:28:30Z
2026-08-23T11:27:43Z,2026-08-23T13:27:43+0200,aa89dba4-771d-4653-9ac4-44e4858bfe00,2026-08-06T12:30:00Z,2026-08-06T14:30:00+0200,-21.02,EUR/MWh,BE,BE,imbalance_price,Short,2026-08-23T11:28:30Z
2026-08-23T11:27:43Z,2026-08-23T13:27:43+0200,aa89dba4-771d-4653-9ac4-44e4858bfe00,2026-08-06T12:45:00Z,2026-08-06T14:45:00+0200,-24.82,EUR/MWh,BE,BE,imbalance_price,Long,2026-08-23T11:28:30Z
2026-08-23T11:27:43Z,2026-08-23T13:27:43+0200,aa89dba4-771d-4653-9ac4-44e4858bfe00,2026-08-06T12:45:00Z,2026-08-06T14:45:00+0200,-24.82,EUR/MWh,BE,BE,imbalance_price,Short,2026-08-23T11:28:30Z
2026-08-23T11:27:43Z,2026-08-23T13:27:43+0200,aa89dba4-771d-4653-9ac4-44e4858bfe00,2026-08-06T13:00:00Z,2026-08-06T15:00:00+0200,-0.75,EUR/MWh,BE,BE,imbalance_price,Long,2026-08-23T11:28:30Z
2026-08-23T11:27:43Z,2026-08-23T13:27:43+0200,aa89dba4-771d-4653-9ac4-44e4858bfe00,2026-08-06T13:00:00Z,2026-08-06T15:00:00+0200,-0.75,EUR/MWh,BE,BE,imbalance_price,Short,2026-08-23T11:28:30Z
2026-08-23T11:27:43Z,2026-08-23T13:27:43+0200,aa89dba4-771d-4653-9ac4-44e4858bfe00,2026-08-06T13:15:00Z,2026-08-06T15:15:00+0200,-41.28,EUR/MWh,BE,BE,imbalance_price,Long,2026-08-23T11:28:30Z
2026-08-23T11:27:43Z,2026-08-23T13:27:43+0200,aa89dba4-771d-4653-9ac4-44e4858bfe00,2026-08-06T13:15:00Z,2026-08-06T15:15:00+0200,-41.28,EUR/MWh,BE,BE,imbalance_price,Short,2026-08-23T11:28:30Z
2026-08-23T11:27:43Z,2026-08-23T13:27:43+0200,aa89dba4-771d-4653-9ac4-44e4858bfe00,2026-08-06T13:30:00Z,2026-08-06T15:30:00+0200,-16.83,EUR/MWh,BE,BE,imbalance_price,Long,2026-08-23T11:28:30Z
2026-08-23T11:27:43Z,2026-08-23T13:27:43+0200,aa89dba4-771d-4653-9ac4-44e4858bfe00,2026-08-06T13:30:00Z,2026-08-06T15:30:00+0200,-16.83,EUR/MWh,BE,BE,imbalance_price,Short,2026-08-23T11:28:30Z
2026-08-23T11:27:43Z,2026-08-23T13:27:43+0200,aa89dba4-771d-4653-9ac4-44e4858bfe00,2026-08-06T13:45:00Z,2026-08-06T15:45:00+0200,-22.59,EUR/MWh,BE,BE,imbalance_price,Long,2026-08-23T11:28:30Z
2026-08-23T11:27:43Z,2026-08-23T13:27:43+0200,aa89dba4-771d-4653-9ac4-44e4858bfe00,2026-08-06T13:45:00Z,2026-08-06T15:45:00+0200,-22.59,EUR/MWh,BE,BE,imbalance_price,Short,2026-08-23T11:28:30Z
2026-08-23T11:27:43Z,2026-08-23T13:27:43+0200,aa89dba4-771d-4653-9ac4-44e4858bfe00,2026-08-06T14:00:00Z,2026-08-06T16:00:00+0200,0.07,EUR/MWh,BE,BE,imbalance_price,Long,2026-08-23T11:28:30Z
2026-08-23T11:27:43Z,2026-08-23T13:27:43+0200,aa89dba4-771d-4653-9ac4-44e4858bfe00,2026-08-06T14:00:00Z,2026-08-06T16:00:00+0200,0.07,EUR/MWh,BE,BE,imbalance_price,Short,2026-08-23T11:28:30Z
2026-08-23T11:27:43Z,2026-08-23T13:27:43+0200,aa89dba4-771d-4653-9ac4-44e4858bfe00,2026-08-06T14:15:00Z,2026-08-06T16:15:00+0200,-2.8,EUR/MWh,BE,BE,imbalance_price,Long,2026-08-23T11:28:30Z
2026-08-23T11:27:43Z,2026-08-23T13:27:43+0200,aa89dba4-771d-4653-9ac4-44e4858bfe00,2026-08-06T14:15:00Z,2026-08-06T16:15:00+0200,-2.8,EUR/MWh,BE,BE,imbalance_price,Short,2026-08-23T11:28:30Z
2026-08-23T11:27:43Z,2026-08-23T13:27:43+0200,aa89dba4-771d-4653-9ac4-44e4858bfe00,2026-08-06T14:30:00Z,2026-08-06T16:30:00+0200,-32.45,EUR/MWh,BE,BE,imbalance_price,Long,2026-08-23T11:28:30Z
2026-08-23T11:27:43Z,2026-08-23T13:27:43+0200,aa89dba4-771d-4653-9ac4-44e4858bfe00,2026-08-06T14:30:00Z,2026-08-06T16:30:00+0200,-32.45,EUR/MWh,BE,BE,imbalance_price,Short,2026-08-23T11:28:30Z
2026-08-23T11:27:43Z,2026-08-23T13:27:43+0200,aa89dba4-771d-4653-9ac4-44e4858bfe00,2026-08-06T14:45:00Z,2026-08-06T16:45:00+0200,-13.41,EUR/MWh,BE,BE,imbalance_price,Long,2026-08-23T11:28:30Z
2026-08-23T11:27:43Z,2026-08-23T13:27:43+0200,aa89dba4-771d-4653-9ac4-44e4858bfe00,2026-08-06T14:45:00Z,2026-08-06T16:45:00+0200,-13.41,EUR/MWh,BE,BE,imbalance_price,Short,2026-08-23T11:28:30Z
2026-08-23T11:27:43Z,2026-08-23T13:27:43+0200,aa89dba4-771d-4653-9ac4-44e4858bfe00,2026-08-06T15:00:00Z,2026-08-06T17:00:00+0200,-20.71,EUR/MWh,BE,BE,imbalance_price,Long,2026-08-23T11:28:30Z
2026-08-23T11:27:43Z,2026-08-23T13:27:43+0200,aa89dba4-771d-4653-9ac4-44e4858bfe00,2026-08-06T15:00:00Z,2026-08-06T17:00:00+0200,-20.71,EUR/MWh,BE,BE,imbalance_price,Short,2026-08-23T11:28:30Z
2026-08-23T11:27:43Z,2026-08-23T13:27:43+0200,aa89dba4-771d-4653-9ac4-44e4858bfe00,2026-08-06T15:15:00Z,2026-08-06T17:15:00+0200,-31.41,EUR/MWh,BE,BE,imbalance_price,Long,2026-08-23T11:28:30Z
2026-08-23T11:27:43Z,2026-08-23T13:27:43+0200,aa89dba4-771d-4653-9ac4-44e4858bfe00,2026-08-06T15:15:00Z,2026-08-06T17:15:00+0200,-31.41,EUR/MWh,BE,BE,imbalance_price,Short,2026-08-23T11:28:30Z
2026-08-23T11:27:43Z,2026-08-23T13:27:43+0200,aa89dba4-771d-4653-9ac4-44e4858bfe00,2026-08-06T15:30:00Z,2026-08-06T17:30:00+0200,-3.57,EUR/MWh,BE,BE,imbalance_price,Long,2026-08-23T11:28:30Z
2026-08-23T11:27:43Z,2026-08-23T13:27:43+0200,aa89dba4-771d-4653-9ac4-44e4858bfe00,2026-08-06T15:30:00Z,2026-08-06T17:30:00+0200,-3.57,EUR/MWh,BE,BE,imbalance_price,Short,2026-08-23T11:28:30Z
2026-08-23T11:27:43Z,2026-08-23T13:27:43+0200,aa89dba4-771d-4653-9ac4-44e4858bfe00,2026-08-06T15:45:00Z,2026-08-06T17:45:00+0200,46.29,EUR/MWh,BE,BE,imbalance_price,Long,2026-08-23T11:28:30Z
2026-08-23T11:27:43Z,2026-08-23T13:27:43+0200,aa89dba4-771d-4653-9ac4-44e4858bfe00,2026-08-06T15:45:00Z,2026-08-06T17:45:00+0200,46.29,EUR/MWh,BE,BE,imbalance_price,Short,2026-08-23T11:28:30Z
2026-08-23T11:27:43Z,2026-08-23T13:27:43+0200,aa89dba4-771d-4653-9ac4-44e4858bfe00,2026-08-06T16:00:00Z,2026-08-06T18:00:00+0200,5.14,EUR/MWh,BE,BE,imbalance_price,Long,2026-08-23T11:28:30Z
2026-08-23T11:27:43Z,2026-08-23T13:27:43+0200,aa89dba4-771d-4653-9ac4-44e4858bfe00,2026-08-06T16:00:00Z,2026-08-06T18:00:00+0200,5.14,EUR/MWh,BE,BE,imbalance_price,Short,2026-08-23T11:28:30Z
2026-08-23T11:27:43Z,2026-08-23T13:27:43+0200,aa89dba4-771d-4653-9ac4-44e4858bfe00,2026-08-06T16:15:00Z,2026-08-06T18:15:00+0200,57.85,EUR/MWh,BE,BE,imbalance_price,Long,2026-08-23T11:28:30Z
2026-08-23T11:27:43Z,2026-08-23T13:27:43+0200,aa89dba4-771d-4653-9ac4-44e4858bfe00,2026-08-06T16:15:00Z,2026-08-06T18:15:00+0200,57.85,EUR/MWh,BE,BE,imbalance_price,Short,2026-08-23T11:28:30Z
2026-08-23T11:27:43Z,2026-08-23T13:27:43+0200,aa89dba4-771d-4653-9ac4-44e4858bfe00,2026-08-06T16:30:00Z,2026-08-06T18:30:00+0200,138.55,EUR/MWh,BE,BE,imbalance_price,Long,2026-08-23T11:28:30Z
2026-08-23T11:27:43Z,2026-08-23T13:27:43+0200,aa89dba4-771d-4653-9ac4-44e4858bfe00,2026-08-06T16:30:00Z,2026-08-06T18:30:00+0200,138.55,EUR/MWh,BE,BE,imbalance_price,Short,2026-08-23T11:28:30Z
2026-08-23T11:27:43Z,2026-08-23T13:27:43+0200,aa89dba4-771d-4653-9ac4-44e4858bfe00,2026-08-06T16:45:00Z,2026-08-06T18:45:00+0200,129.72,EUR/MWh,BE,BE,imbalance_price,Long,2026-08-23T11:28:30Z
2026-08-23T11:27:43Z,2026-08-23T13:27:43+0200,aa89dba4-771d-4653-9ac4-44e4858bfe00,2026-08-06T16:45:00Z,2026-08-06T18:45:00+0200,129.72,EUR/MWh,BE,BE,imbalance_price,Short,2026-08-23T11:28:30Z
2026-08-23T11:27:43Z,2026-08-23T13:27:43+0200,aa89dba4-771d-4653-9ac4-44e4858bfe00,2026-08-06T17:00:00Z,2026-08-06T19:00:00+0200,146.49,EUR/MWh,BE,BE,imbalance_price,Long,2026-08-23T11:28:30Z
2026-08-23T11:27:43Z,2026-08-23T13:27:43+0200,aa89dba4-771d-4653-9ac4-44e4858bfe00,2026-08-06T17:00:00Z,2026-08-06T19:00:00+0200,146.49,EUR/MWh,BE,BE,imbalance_price,Short,2026-08-23T11:28:30Z
2026-08-23T11:27:43Z,2026-08-23T13:27:43+0200,aa89dba4-771d-4653-9ac4-44e4858bfe00,2026-08-06T17:15:00Z,2026-08-06T19:15:00+0200,165.3,EUR/MWh,BE,BE,imbalance_price,Long,2026-08-23T11:28:30Z
2026-08-23T11:27:43Z,2026-08-23T13:27:43+0200,aa89dba4-771d-4653-9ac4-44e4858bfe00,2026-08-06T17:15:00Z,2026-08-06T19:15:00+0200,165.3,EUR/MWh,BE,BE,imbalance_price,Short,2026-08-23T11:28:30Z
2026-08-23T11:27:43Z,2026-08-23T13:27:43+0200,aa89dba4-771d-4653-9ac4-44e4858bfe00,2026-08-06T17:30:00Z,2026-08-06T19:30:00+0200,173.19,EUR/MWh,BE,BE,imbalance_price,Long,2026-08-23T11:28:30Z
2026-08-23T11:27:43Z,2026-08-23T13:27:43+0200,aa89dba4-771d-4653-9ac4-44e4858bfe00,2026-08-06T17:30:00Z,2026-08-06T19:30:00+0200,173.19,EUR/MWh,BE,BE,imbalance_price,Short,2026-08-23T11:28:30Z
2026-08-23T11:27:43Z,2026-08-23T13:27:43+0200,aa89dba4-771d-4653-9ac4-44e4858bfe00,2026-08-06T17:45:00Z,2026-08-06T19:45:00+0200,194.93,EUR/MWh,BE,BE,imbalance_price,Long,2026-08-23T11:28:30Z
2026-08-23T11:27:43Z,2026-08-23T13:27:43+0200,aa89dba4-771d-4653-9ac4-44e4858bfe00,2026-08-06T17:45:00Z,2026-08-06T19:45:00+0200,194.93,EUR/MWh,BE,BE,imbalance_price,Short,2026-08-23T11:28:30Z
2026-08-23T11:27:43Z,2026-08-23T13:27:43+0200,aa89dba4-771d-4653-9ac4-44e4858bfe00,2026-08-06T18:00:00Z,2026-08-06T20:00:00+0200,129.39,EUR/MWh,BE,BE,imbalance_price,Long,2026-08-23T11:28:30Z
2026-08-23T11:27:43Z,2026-08-23T13:27:43+0200,aa89dba4-771d-4653-9ac4-44e4858bfe00,2026-08-06T18:00:00Z,2026-08-06T20:00:00+0200,129.39,EUR/MWh,BE,BE,imbalance_price,Short,2026-08-23T11:28:30Z
2026-08-23T11:27:43Z,2026-08-23T13:27:43+0200,aa89dba4-771d-4653-9ac4-44e4858bfe00,2026-08-06T18:15:00Z,2026-08-06T20:15:00+0200,189.38,EUR/MWh,BE,BE,imbalance_price,Long,2026-08-23T11:28:30Z
2026-08-23T11:27:43Z,2026-08-23T13:27:43+0200,aa89dba4-771d-4653-9ac4-44e4858bfe00,2026-08-06T18:15:00Z,2026-08-06T20:15:00+0200,189.38,EUR/MWh,BE,BE,imbalance_price,Short,2026-08-23T11:28:30Z
2026-08-23T11:27:43Z,2026-08-23T13:27:43+0200,aa89dba4-771d-4653-9ac4-44e4858bfe00,2026-08-06T18:30:00Z,2026-08-06T20:30:00+0200,171.46,EUR/MWh,BE,BE,imbalance_price,Long,2026-08-23T11:28:30Z
2026-08-23T11:27:43Z,2026-08-23T13:27:43+0200,aa89dba4-771d-4653-9ac4-44e4858bfe00,2026-08-06T18:30:00Z,2026-08-06T20:30:00+0200,171.46,EUR/MWh,BE,BE,imbalance_price,Short,2026-08-23T11:28:30Z
2026-08-23T11:27:43Z,2026-08-23T13:27:43+0200,aa89dba4-771d-4653-9ac4-44e4858bfe00,2026-08-06T18:45:00Z,2026-08-06T20:45:00+0200,138.27,EUR/MWh,BE,BE,imbalance_price,Long,2026-08-23T11:28:30Z
2026-08-23T11:27:43Z,2026-08-23T13:27:43+0200,aa89dba4-771d-4653-9ac4-44e4858bfe00,2026-08-06T18:45:00Z,2026-08-06T20:45:00+0200,138.27,EUR/MWh,BE,BE,imbalance_price,Short,2026-08-23T11:28:30Z
2026-08-23T11:27:43Z,2026-08-23T13:27:43+0200,aa89dba4-771d-4653-9ac4-44e4858bfe00,2026-08-06T19:00:00Z,2026-08-06T21:00:00+0200,110.0,EUR/MWh,BE,BE,imbalance_price,Long,2026-08-23T11:28:30Z
2026-08-23T11:27:43Z,2026-08-23T13:27:43+0200,aa89dba4-771d-4653-9ac4-44e4858bfe00,2026-08-06T19:00:00Z,2026-08-06T21:00:00+0200,110.0,EUR/MWh,BE,BE,imbalance_price,Short,2026-08-23T11:28:30Z
2026-08-23T11:27:43Z,2026-08-23T13:27:43+0200,aa89dba4-771d-4653-9ac4-44e4858bfe00,2026-08-06T19:15:00Z,2026-08-06T21:15:00+0200,132.79,EUR/MWh,BE,BE,imbalance_price,Long,2026-08-23T11:28:30Z
2026-08-23T11:27:43Z,2026-08-23T13:27:43+0200,aa89dba4-771d-4653-9ac4-44e4858bfe00,2026-08-06T19:15:00Z,2026-08-06T21:15:00+0200,132.79,EUR/MWh,BE,BE,imbalance_price,Short,2026-08-23T11:28:30Z
2026-08-23T11:27:43Z,2026-08-23T13:27:43+0200,aa89dba4-771d-4653-9ac4-44e4858bfe00,2026-08-06T19:30:00Z,2026-08-06T21:30:00+0200,138.03,EUR/MWh,BE,BE,imbalance_price,Long,2026-08-23T11:28:30Z
2026-08-23T11:27:43Z,2026-08-23T13:27:43+0200,aa89dba4-771d-4653-9ac4-44e4858bfe00,2026-08-06T19:30:00Z,2026-08-06T21:30:00+0200,138.03,EUR/MWh,BE,BE,imbalance_price,Short,2026-08-23T11:28:30Z
2026-08-23T11:27:43Z,2026-08-23T13:27:43+0200,aa89dba4-771d-4653-9ac4-44e4858bfe00,2026-08-06T19:45:00Z,2026-08-06T21:45:00+0200,137.15,EUR/MWh,BE,BE,imbalance_price,Long,2026-08-23T11:28:30Z
2026-08-23T11:27:43Z,2026-08-23T13:27:43+0200,aa89dba4-771d-4653-9ac4-44e4858bfe00,2026-08-06T19:45:00Z,2026-08-06T21:45:00+0200,137.15,EUR/MWh,BE,BE,imbalance_price,Short,2026-08-23T11:28:30Z
2026-08-23T11:27:43Z,2026-08-23T13:27:43+0200,aa89dba4-771d-4653-9ac4-44e4858bfe00,2026-08-06T20:00:00Z,2026-08-06T22:00:00+0200,161.39,EUR/MWh,BE,BE,imbalance_price,Long,2026-08-23T11:28:30Z
2026-08-23T11:27:43Z,2026-08-23T13:27:43+0200,aa89dba4-771d-4653-9ac4-44e4858bfe00,2026-08-06T20:00:00Z,2026-08-06T22:00:00+0200,161.39,EUR/MWh,BE,BE,imbalance_price,Short,2026-08-23T11:28:30Z
2026-08-23T11:27:43Z,2026-08-23T13:27:43+0200,aa89dba4-771d-4653-9ac4-44e4858bfe00,2026-08-06T20:15:00Z,2026-08-06T22:15:00+0200,171.79,EUR/MWh,BE,BE,imbalance_price,Long,2026-08-23T11:28:30Z
2026-08-23T11:27:43Z,2026-08-23T13:27:43+0200,aa89dba4-771d-4653-9ac4-44e4858bfe00,2026-08-06T20:15:00Z,2026-08-06T22:15:00+0200,171.79,EUR/MWh,BE,BE,imbalance_price,Short,2026-08-23T11:28:30Z
2026-08-23T11:27:43Z,2026-08-23T13:27:43+0200,aa89dba4-771d-4653-9ac4-44e4858bfe00,2026-08-06T20:30:00Z,2026-08-06T22:30:00+0200,176.82,EUR/MWh,BE,BE,imbalance_price,Long,2026-08-23T11:28:30Z
2026-08-23T11:27:43Z,2026-08-23T13:27:43+0200,aa89dba4-771d-4653-9ac4-44e4858bfe00,2026-08-06T20:30:00Z,2026-08-06T22:30:00+0200,176.82,EUR/MWh,BE,BE,imbalance_price,Short,2026-08-23T11:28:30Z
2026-08-23T11:27:43Z,2026-08-23T13:27:43+0200,aa89dba4-771d-4653-9ac4-44e4858bfe00,2026-08-06T20:45:00Z,2026-08-06T22:45:00+0200,143.89,EUR/MWh,BE,BE,imbalance_price,Long,2026-08-23T11:28:30Z
2026-08-23T11:27:43Z,2026-08-23T13:27:43+0200,aa89dba4-771d-4653-9ac4-44e4858bfe00,2026-08-06T20:45:00Z,2026-08-06T22:45:00+0200,143.89,EUR/MWh,BE,BE,imbalance_price,Short,2026-08-23T11:28:30Z
2026-08-23T11:27:43Z,2026-08-23T13:27:43+0200,aa89dba4-771d-4653-9ac4-44e4858bfe00,2026-08-06T21:00:00Z,2026-08-06T23:00:00+0200,167.31,EUR/MWh,BE,BE,imbalance_price,Long,2026-08-23T11:28:30Z
2026-08-23T11:27:43Z,2026-08-23T13:27:43+0200,aa89dba4-771d-4653-9ac4-44e4858bfe00,2026-08-06T21:00:00Z,2026-08-06T23:00:00+0200,167.31,EUR/MWh,BE,BE,imbalance_price,Short,2026-08-23T11:28:30Z
2026-08-23T11:27:43Z,2026-08-23T13:27:43+0200,aa89dba4-771d-4653-9ac4-44e4858bfe00,2026-08-06T21:15:00Z,2026-08-06T23:15:00+0200,128.62,EUR/MWh,BE,BE,imbalance_price,Long,2026-08-23T11:28:30Z
2026-08-23T11:27:43Z,2026-08-23T13:27:43+0200,aa89dba4-771d-4653-9ac4-44e4858bfe00,2026-08-06T21:15:00Z,2026-08-06T23:15:00+0200,128.62,EUR/MWh,BE,BE,imbalance_price,Short,2026-08-23T11:28:30Z
2026-08-23T11:27:43Z,2026-08-23T13:27:43+0200,aa89dba4-771d-4653-9ac4-44e4858bfe00,2026-08-06T21:30:00Z,2026-08-06T23:30:00+0200,160.44,EUR/MWh,BE,BE,imbalance_price,Long,2026-08-23T11:28:30Z
2026-08-23T11:27:43Z,2026-08-23T13:27:43+0200,aa89dba4-771d-4653-9ac4-44e4858bfe00,2026-08-06T21:30:00Z,2026-08-06T23:30:00+0200,160.44,EUR/MWh,BE,BE,imbalance_price,Short,2026-08-23T11:28:30Z
2026-08-23T11:27:43Z,2026-08-23T13:27:43+0200,aa89dba4-771d-4653-9ac4-44e4858bfe00,2026-08-06T21:45:00Z,2026-08-06T23:45:00+0200,132.72,EUR/MWh,BE,BE,imbalance_price,Long,2026-08-23T11:28:30Z
2026-08-23T11:27:43Z,2026-08-23T13:27:43+0200,aa89dba4-771d-4653-9ac4-44e4858bfe00,2026-08-06T21:45:00Z,2026-08-06T23:45:00+0200,132.72,EUR/MWh,BE,BE,imbalance_price,Short,2026-08-23T11:28:30Z
2026-08-23T11:27:43Z,2026-08-23T13:27:43+0200,aa89dba4-771d-4653-9ac4-44e4858bfe00,2026-08-06T22:00:00Z,2026-08-07T00:00:00+0200,176.13,EUR/MWh,BE,BE,imbalance_price,Long,2026-08-23T11:28:30Z
2026-08-23T11:27:43Z,2026-08-23T13:27:43+0200,aa89dba4-771d-4653-9ac4-44e4858bfe00,2026-08-06T22:00:00Z,2026-08-07T00:00:00+0200,176.13,EUR/MWh,BE,BE,imbalance_price,Short,2026-08-23T11:28:30Z
2026-08-23T11:27:43Z,2026-08-23T13:27:43+0200,aa89dba4-771d-4653-9ac4-44e4858bfe00,2026-08-06T22:15:00Z,2026-08-07T00:15:00+0200,164.28,EUR/MWh,BE,BE,imbalance_price,Long,2026-08-23T11:28:30Z
2026-08-23T11:27:43Z,2026-08-23T13:27:43+0200,aa89dba4-771d-4653-9ac4-44e4858bfe00,2026-08-06T22:15:00Z,2026-08-07T00:15:00+0200,164.28,EUR/MWh,BE,BE,imbalance_price,Short,2026-08-23T11:28:30Z
2026-08-23T11:27:43Z,2026-08-23T13:27:43+0200,aa89dba4-771d-4653-9ac4-44e4858bfe00,2026-08-06T22:30:00Z,2026-08-07T00:30:00+0200,146.64,EUR/MWh,BE,BE,imbalance_price,Long,2026-08-23T11:28:30Z
2026-08-23T11:27:43Z,2026-08-23T13:27:43+0200,aa89dba4-771d-4653-9ac4-44e4858bfe00,2026-08-06T22:30:00Z,2026-08-07T00:30:00+0200,146.64,EUR/MWh,BE,BE,imbalance_price,Short,2026-08-23T11:28:30Z
2026-08-23T11:27:43Z,2026-08-23T13:27:43+0200,aa89dba4-771d-4653-9ac4-44e4858bfe00,2026-08-06T22:45:00Z,2026-08-07T00:45:00+0200,157.97,EUR/MWh,BE,BE,imbalance_price,Long,2026-08-23T11:28:30Z
2026-08-23T11:27:43Z,2026-08-23T13:27:43+0200,aa89dba4-771d-4653-9ac4-44e4858bfe00,2026-08-06T22:45:00Z,2026-08-07T00:45:00+0200,157.97,EUR/MWh,BE,BE,imbalance_price,Short,2026-08-23T11:28:30Z
2026-08-23T11:27:43Z,2026-08-23T13:27:43+0200,aa89dba4-771d-4653-9ac4-44e4858bfe00,2026-08-06T23:00:00Z,2026-08-07T01:00:00+0200,157.97,EUR/MWh,BE,BE,imbalance_price,Long,2026-08-23T11:28:30Z
2026-08-23T11:27:43Z,2026-08-23T13:27:43+0200,aa89dba4-771d-4653-9ac4-44e4858bfe00,2026-08-06T23:00:00Z,2026-08-07T01:00:00+0200,157.97,EUR/MWh,BE,BE,imbalance_price,Short,2026-08-23T11:28:30Z
2026-08-23T11:27:43Z,2026-08-23T13:27:43+0200,aa89dba4-771d-4653-9ac4-44e4858bfe00,2026-08-06T23:15:00Z,2026-08-07T01:15:00+0200,147.33,EUR/MWh,BE,BE,imbalance_price,Long,2026-08-23T11:28:30Z
2026-08-23T11:27:43Z,2026-08-23T13:27:43+0200,aa89dba4-771d-4653-9ac4-44e4858bfe00,2026-08-06T23:15:00Z,2026-08-07T01:15:00+0200,147.33,EUR/MWh,BE,BE,imbalance_price,Short,2026-08-23T11:28:30Z
2026-08-23T11:27:43Z,2026-08-23T13:27:43+0200,aa89dba4-771d-4653-9ac4-44e4858bfe00,2026-08-06T23:30:00Z,2026-08-07T01:30:00+0200,144.33,EUR/MWh,BE,BE,imbalance_price,Long,2026-08-23T11:28:30Z
2026-08-23T11:27:43Z,2026-08-23T13:27:43+0200,aa89dba4-771d-4653-9ac4-44e4858bfe00,2026-08-06T23:30:00Z,2026-08-07T01:30:00+0200,144.33,EUR/MWh,BE,BE,imbalance_price,Short,2026-08-23T11:28:30Z
2026-08-23T11:27:43Z,2026-08-23T13:27:43+0200,aa89dba4-771d-4653-9ac4-44e4858bfe00,2026-08-06T23:45:00Z,2026-08-07T01:45:00+0200,137.46,EUR/MWh,BE,BE,imbalance_price,Long,2026-08-23T11:28:30Z
2026-08-23T11:27:43Z,2026-08-23T13:27:43+0200,aa89dba4-771d-4653-9ac4-44e4858bfe00,2026-08-06T23:45:00Z,2026-08-07T01:45:00+0200,137.46,EUR/MWh,BE,BE,imbalance_price,Short,2026-08-23T11:28:30Z
2026-08-23T11:27:43Z,2026-08-23T13:27:43+0200,aa89dba4-771d-4653-9ac4-44e4858bfe00,2026-08-07T00:00:00Z,2026-08-07T02:00:00+0200,150.52,EUR/MWh,BE,BE,imbalance_price,Long,2026-08-23T11:28:30Z
2026-08-23T11:27:43Z,2026-08-23T13:27:43+0200,aa89dba4-771d-4653-9ac4-44e4858bfe00,2026-08-07T00:00:00Z,2026-08-07T02:00:00+0200,150.52,EUR/MWh,BE,BE,imbalance_price,Short,2026-08-23T11:28:30Z
2026-08-23T11:27:43Z,2026-08-23T13:27:43+0200,aa89dba4-771d-4653-9ac4-44e4858bfe00,2026-08-07T00:15:00Z,2026-08-07T02:15:00+0200,165.01,EUR/MWh,BE,BE,imbalance_price,Long,2026-08-23T11:28:30Z
2026-08-23T11:27:43Z,2026-08-23T13:27:43+0200,aa89dba4-771d-4653-9ac4-44e4858bfe00,2026-08-07T00:15:00Z,2026-08-07T02:15:00+0200,165.01,EUR/MWh,BE,BE,imbalance_price,Short,2026-08-23T11:28:30Z
2026-08-23T11:27:43Z,2026-08-23T13:27:43+0200,aa89dba4-771d-4653-9ac4-44e4858bfe00,2026-08-07T00:30:00Z,2026-08-07T02:30:00+0200,112.02,EUR/MWh,BE,BE,imbalance_price,Long,2026-08-23T11:28:30Z
2026-08-23T11:27:43Z,2026-08-23T13:27:43+0200,aa89dba4-771d-4653-9ac4-44e4858bfe00,2026-08-07T00:30:00Z,2026-08-07T02:30:00+0200,112.02,EUR/MWh,BE,BE,imbalance_price,Short,2026-08-23T11:28:30Z
2026-08-23T11:27:43Z,2026-08-23T13:27:43+0200,aa89dba4-771d-4653-9ac4-44e4858bfe00,2026-08-07T00:45:00Z,2026-08-07T02:45:00+0200,126.09,EUR/MWh,BE,BE,imbalance_price,Long,2026-08-23T11:28:30Z
2026-08-23T11:27:43Z,2026-08-23T13:27:43+0200,aa89dba4-771d-4653-9ac4-44e4858bfe00,2026-08-07T00:45:00Z,2026-08-07T02:45:00+0200,126.09,EUR/MWh,BE,BE,imbalance_price,Short,2026-08-23T11:28:30Z
2026-08-23T11:27:43Z,2026-08-23T13:27:43+0200,aa89dba4-771d-4653-9ac4-44e4858bfe00,2026-08-07T01:00:00Z,2026-08-07T03:00:00+0200,124.13,EUR/MWh,BE,BE,imbalance_price,Long,2026-08-23T11:28:30Z
2026-08-23T11:27:43Z,2026-08-23T13:27:43+0200,aa89dba4-771d-4653-9ac4-44e4858bfe00,2026-08-07T01:00:00Z,2026-08-07T03:00:00+0200,124.13,EUR/MWh,BE,BE,imbalance_price,Short,2026-08-23T11:28:30Z
2026-08-23T11:27:43Z,2026-08-23T13:27:43+0200,aa89dba4-771d-4653-9ac4-44e4858bfe00,2026-08-07T01:15:00Z,2026-08-07T03:15:00+0200,119.04,EUR/MWh,BE,BE,imbalance_price,Long,2026-08-23T11:28:30Z
2026-08-23T11:27:43Z,2026-08-23T13:27:43+0200,aa89dba4-771d-4653-9ac4-44e4858bfe00,2026-08-07T01:15:00Z,2026-08-07T03:15:00+0200,119.04,EUR/MWh,BE,BE,imbalance_price,Short,2026-08-23T11:28:30Z
2026-08-23T11:27:43Z,2026-08-23T13:27:43+0200,aa89dba4-771d-4653-9ac4-44e4858bfe00,2026-08-07T01:30:00Z,2026-08-07T03:30:00+0200,138.96,EUR/MWh,BE,BE,imbalance_price,Long,2026-08-23T11:28:30Z
2026-08-23T11:27:43Z,2026-08-23T13:27:43+0200,aa89dba4-771d-4653-9ac4-44e4858bfe00,2026-08-07T01:30:00Z,2026-08-07T03:30:00+0200,138.96,EUR/MWh,BE,BE,imbalance_price,Short,2026-08-23T11:28:30Z
2026-08-23T11:27:43Z,2026-08-23T13:27:43+0200,aa89dba4-771d-4653-9ac4-44e4858bfe00,2026-08-07T01:45:00Z,2026-08-07T03:45:00+0200,134.45,EUR/MWh,BE,BE,imbalance_price,Long,2026-08-23T11:28:30Z
2026-08-23T11:27:43Z,2026-08-23T13:27:43+0200,aa89dba4-771d-4653-9ac4-44e4858bfe00,2026-08-07T01:45:00Z,2026-08-07T03:45:00+0200,134.45,EUR/MWh,BE,BE,imbalance_price,Short,2026-08-23T11:28:30Z
2026-08-23T11:27:43Z,2026-08-23T13:27:43+0200,aa89dba4-771d-4653-9ac4-44e4858bfe00,2026-08-07T02:00:00Z,2026-08-07T04:00:00+0200,129.31,EUR/MWh,BE,BE,imbalance_price,Long,2026-08-23T11:28:30Z
2026-08-23T11:27:43Z,2026-08-23T13:27:43+0200,aa89dba4-771d-4653-9ac4-44e4858bfe00,2026-08-07T02:00:00Z,2026-08-07T04:00:00+0200,129.31,EUR/MWh,BE,BE,imbalance_price,Short,2026-08-23T11:28:30Z
2026-08-23T11:27:43Z,2026-08-23T13:27:43+0200,aa89dba4-771d-4653-9ac4-44e4858bfe00,2026-08-07T02:15:00Z,2026-08-07T04:15:00+0200,153.32,EUR/MWh,BE,BE,imbalance_price,Long,2026-08-23T11:28:30Z
2026-08-23T11:27:43Z,2026-08-23T13:27:43+0200,aa89dba4-771d-4653-9ac4-44e4858bfe00,2026-08-07T02:15:00Z,2026-08-07T04:15:00+0200,153.32,EUR/MWh,BE,BE,imbalance_price,Short,2026-08-23T11:28:30Z
2026-08-23T11:27:43Z,2026-08-23T13:27:43+0200,aa89dba4-771d-4653-9ac4-44e4858bfe00,2026-08-07T02:30:00Z,2026-08-07T04:30:00+0200,156.1,EUR/MWh,BE,BE,imbalance_price,Long,2026-08-23T11:28:30Z
2026-08-23T11:27:43Z,2026-08-23T13:27:43+0200,aa89dba4-771d-4653-9ac4-44e4858bfe00,2026-08-07T02:30:00Z,2026-08-07T04:30:00+0200,156.1,EUR/MWh,BE,BE,imbalance_price,Short,2026-08-23T11:28:30Z
2026-08-23T11:27:43Z,2026-08-23T13:27:43+0200,aa89dba4-771d-4653-9ac4-44e4858bfe00,2026-08-07T02:45:00Z,2026-08-07T04:45:00+0200,138.86,EUR/MWh,BE,BE,imbalance_price,Long,2026-08-23T11:28:30Z
2026-08-23T11:27:43Z,2026-08-23T13:27:43+0200,aa89dba4-771d-4653-9ac4-44e4858bfe00,2026-08-07T02:45:00Z,2026-08-07T04:45:00+0200,138.86,EUR/MWh,BE,BE,imbalance_price,Short,2026-08-23T11:28:30Z
2026-08-23T11:27:43Z,2026-08-23T13:27:43+0200,aa89dba4-771d-4653-9ac4-44e4858bfe00,2026-08-07T03:00:00Z,2026-08-07T05:00:00+0200,151.45,EUR/MWh,BE,BE,imbalance_price,Long,2026-08-23T11:28:30Z
2026-08-23T11:27:43Z,2026-08-23T13:27:43+0200,aa89dba4-771d-4653-9ac4-44e4858bfe00,2026-08-07T03:00:00Z,2026-08-07T05:00:00+0200,151.45,EUR/MWh,BE,BE,imbalance_price,Short,2026-08-23T11:28:30Z
2026-08-23T11:27:43Z,2026-08-23T13:27:43+0200,aa89dba4-771d-4653-9ac4-44e4858bfe00,2026-08-07T03:15:00Z,2026-08-07T05:15:00+0200,162.94,EUR/MWh,BE,BE,imbalance_price,Long,2026-08-23T11:28:30Z
2026-08-23T11:27:43Z,2026-08-23T13:27:43+0200,aa89dba4-771d-4653-9ac4-44e4858bfe00,2026-08-07T03:15:00Z,2026-08-07T05:15:00+0200,162.94,EUR/MWh,BE,BE,imbalance_price,Short,2026-08-23T11:28:30Z
2026-08-23T11:27:43Z,2026-08-23T13:27:43+0200,aa89dba4-771d-4653-9ac4-44e4858bfe00,2026-08-07T03:30:00Z,2026-08-07T05:30:00+0200,159.05,EUR/MWh,BE,BE,imbalance_price,Long,2026-08-23T11:28:30Z
2026-08-23T11:27:43Z,2026-08-23T13:27:43+0200,aa89dba4-771d-4653-9ac4-44e4858bfe00,2026-08-07T03:30:00Z,2026-08-07T05:30:00+0200,159.05,EUR/MWh,BE,BE,imbalance_price,Short,2026-08-23T11:28:30Z
2026-08-23T11:27:43Z,2026-08-23T13:27:43+0200,aa89dba4-771d-4653-9ac4-44e4858bfe00,2026-08-07T03:45:00Z,2026-08-07T05:45:00+0200,156.79,EUR/MWh,BE,BE,imbalance_price,Long,2026-08-23T11:28:30Z
2026-08-23T11:27:43Z,2026-08-23T13:27:43+0200,aa89dba4-771d-4653-9ac4-44e4858bfe00,2026-08-07T03:45:00Z,2026-08-07T05:45:00+0200,156.79,EUR/MWh,BE,BE,imbalance_price,Short,2026-08-23T11:28:30Z
2026-08-23T11:27:43Z,2026-08-23T13:27:43+0200,aa89dba4-771d-4653-9ac4-44e4858bfe00,2026-08-07T04:00:00Z,2026-08-07T06:00:00+0200,160.11,EUR/MWh,BE,BE,imbalance_price,Long,2026-08-23T11:28:30Z
2026-08-23T11:27:43Z,2026-08-23T13:27:43+0200,aa89dba4-771d-4653-9ac4-44e4858bfe00,2026-08-07T04:00:00Z,2026-08-07T06:00:00+0200,160.11,EUR/MWh,BE,BE,imbalance_price,Short,2026-08-23T11:28:30Z
2026-08-23T11:27:43Z,2026-08-23T13:27:43+0200,aa89dba4-771d-4653-9ac4-44e4858bfe00,2026-08-07T04:15:00Z,2026-08-07T06:15:00+0200,160.74,EUR/MWh,BE,BE,imbalance_price,Long,2026-08-23T11:28:30Z
2026-08-23T11:27:43Z,2026-08-23T13:27:43+0200,aa89dba4-771d-4653-9ac4-44e4858bfe00,2026-08-07T04:15:00Z,2026-08-07T06:15:00+0200,160.74,EUR/MWh,BE,BE,imbalance_price,Short,2026-08-23T11:28:30Z
2026-08-23T11:27:43Z,2026-08-23T13:27:43+0200,aa89dba4-771d-4653-9ac4-44e4858bfe00,2026-08-07T04:30:00Z,2026-08-07T06:30:00+0200,164.34,EUR/MWh,BE,BE,imbalance_price,Long,2026-08-23T11:28:30Z
2026-08-23T11:27:43Z,2026-08-23T13:27:43+0200,aa89dba4-771d-4653-9ac4-44e4858bfe00,2026-08-07T04:30:00Z,2026-08-07T06:30:00+0200,164.34,EUR/MWh,BE,BE,imbalance_price,Short,2026-08-23T11:28:30Z
2026-08-23T11:27:43Z,2026-08-23T13:27:43+0200,aa89dba4-771d-4653-9ac4-44e4858bfe00,2026-08-07T04:45:00Z,2026-08-07T06:45:00+0200,173.16,EUR/MWh,BE,BE,imbalance_price,Long,2026-08-23T11:28:30Z
2026-08-23T11:27:43Z,2026-08-23T13:27:43+0200,aa89dba4-771d-4653-9ac4-44e4858bfe00,2026-08-07T04:45:00Z,2026-08-07T06:45:00+0200,173.16,EUR/MWh,BE,BE,imbalance_price,Short,2026-08-23T11:28:30Z
2026-08-23T11:27:43Z,2026-08-23T13:27:43+0200,aa89dba4-771d-4653-9ac4-44e4858bfe00,2026-08-07T05:00:00Z,2026-08-07T07:00:00+0200,170.59,EUR/MWh,BE,BE,imbalance_price,Long,2026-08-23T11:28:30Z
2026-08-23T11:27:43Z,2026-08-23T13:27:43+0200,aa89dba4-771d-4653-9ac4-44e4858bfe00,2026-08-07T05:00:00Z,2026-08-07T07:00:00+0200,170.59,EUR/MWh,BE,BE,imbalance_price,Short,2026-08-23T11:28:30Z
2026-08-23T11:27:43Z,2026-08-23T13:27:43+0200,aa89dba4-771d-4653-9ac4-44e4858bfe00,2026-08-07T05:15:00Z,2026-08-07T07:15:00+0200,147.37,EUR/MWh,BE,BE,imbalance_price,Long,2026-08-23T11:28:30Z
2026-08-23T11:27:43Z,2026-08-23T13:27:43+0200,aa89dba4-771d-4653-9ac4-44e4858bfe00,2026-08-07T05:15:00Z,2026-08-07T07:15:00+0200,147.37,EUR/MWh,BE,BE,imbalance_price,Short,2026-08-23T11:28:30Z
2026-08-23T11:27:43Z,2026-08-23T13:27:43+0200,aa89dba4-771d-4653-9ac4-44e4858bfe00,2026-08-07T05:30:00Z,2026-08-07T07:30:00+0200,137.39,EUR/MWh,BE,BE,imbalance_price,Long,2026-08-23T11:28:30Z
2026-08-23T11:27:43Z,2026-08-23T13:27:43+0200,aa89dba4-771d-4653-9ac4-44e4858bfe00,2026-08-07T05:30:00Z,2026-08-07T07:30:00+0200,137.39,EUR/MWh,BE,BE,imbalance_price,Short,2026-08-23T11:28:30Z
2026-08-23T11:27:43Z,2026-08-23T13:27:43+0200,aa89dba4-771d-4653-9ac4-44e4858bfe00,2026-08-07T05:45:00Z,2026-08-07T07:45:00+0200,121.38,EUR/MWh,BE,BE,imbalance_price,Long,2026-08-23T11:28:30Z
2026-08-23T11:27:43Z,2026-08-23T13:27:43+0200,aa89dba4-771d-4653-9ac4-44e4858bfe00,2026-08-07T05:45:00Z,2026-08-07T07:45:00+0200,121.38,EUR/MWh,BE,BE,imbalance_price,Short,2026-08-23T11:28:30Z
2026-08-23T11:27:43Z,2026-08-23T13:27:43+0200,aa89dba4-771d-4653-9ac4-44e4858bfe00,2026-08-07T06:00:00Z,2026-08-07T08:00:00+0200,136.48,EUR/MWh,BE,BE,imbalance_price,Long,2026-08-23T11:28:30Z
2026-08-23T11:27:43Z,2026-08-23T13:27:43+0200,aa89dba4-771d-4653-9ac4-44e4858bfe00,2026-08-07T06:00:00Z,2026-08-07T08:00:00+0200,136.48,EUR/MWh,BE,BE,imbalance_price,Short,2026-08-23T11:28:30Z
2026-08-23T11:27:43Z,2026-08-23T13:27:43+0200,aa89dba4-771d-4653-9ac4-44e4858bfe00,2026-08-07T06:15:00Z,2026-08-07T08:15:00+0200,129.95,EUR/MWh,BE,BE,imbalance_price,Long,2026-08-23T11:28:30Z
2026-08-23T11:27:43Z,2026-08-23T13:27:43+0200,aa89dba4-771d-4653-9ac4-44e4858bfe00,2026-08-07T06:15:00Z,2026-08-07T08:15:00+0200,129.95,EUR/MWh,BE,BE,imbalance_price,Short,2026-08-23T11:28:30Z
2026-08-23T11:27:43Z,2026-08-23T13:27:43+0200,aa89dba4-771d-4653-9ac4-44e4858bfe00,2026-08-07T06:30:00Z,2026-08-07T08:30:00+0200,117.8,EUR/MWh,BE,BE,imbalance_price,Long,2026-08-23T11:28:30Z
2026-08-23T11:27:43Z,2026-08-23T13:27:43+0200,aa89dba4-771d-4653-9ac4-44e4858bfe00,2026-08-07T06:30:00Z,2026-08-07T08:30:00+0200,117.8,EUR/MWh,BE,BE,imbalance_price,Short,2026-08-23T11:28:30Z
2026-08-23T11:27:43Z,2026-08-23T13:27:43+0200,aa89dba4-771d-4653-9ac4-44e4858bfe00,2026-08-07T06:45:00Z,2026-08-07T08:45:00+0200,94.0,EUR/MWh,BE,BE,imbalance_price,Long,2026-08-23T11:28:30Z
2026-08-23T11:27:43Z,2026-08-23T13:27:43+0200,aa89dba4-771d-4653-9ac4-44e4858bfe00,2026-08-07T06:45:00Z,2026-08-07T08:45:00+0200,94.0,EUR/MWh,BE,BE,imbalance_price,Short,2026-08-23T11:28:30Z
2026-08-23T11:27:43Z,2026-08-23T13:27:43+0200,aa89dba4-771d-4653-9ac4-44e4858bfe00,2026-08-07T07:00:00Z,2026-08-07T09:00:00+0200,120.59,EUR/MWh,BE,BE,imbalance_price,Long,2026-08-23T11:28:30Z
2026-08-23T11:27:43Z,2026-08-23T13:27:43+0200,aa89dba4-771d-4653-9ac4-44e4858bfe00,2026-08-07T07:00:00Z,2026-08-07T09:00:00+0200,120.59,EUR/MWh,BE,BE,imbalance_price,Short,2026-08-23T11:28:30Z
2026-08-23T11:27:43Z,2026-08-23T13:27:43+0200,aa89dba4-771d-4653-9ac4-44e4858bfe00,2026-08-07T07:15:00Z,2026-08-07T09:15:00+0200,117.28,EUR/MWh,BE,BE,imbalance_price,Long,2026-08-23T11:28:30Z
2026-08-23T11:27:43Z,2026-08-23T13:27:43+0200,aa89dba4-771d-4653-9ac4-44e4858bfe00,2026-08-07T07:15:00Z,2026-08-07T09:15:00+0200,117.28,EUR/MWh,BE,BE,imbalance_price,Short,2026-08-23T11:28:30Z
2026-08-23T11:27:43Z,2026-08-23T13:27:43+0200,aa89dba4-771d-4653-9ac4-44e4858bfe00,2026-08-07T07:30:00Z,2026-08-07T09:30:00+0200,121.69,EUR/MWh,BE,BE,imbalance_price,Long,2026-08-23T11:28:30Z
2026-08-23T11:27:43Z,2026-08-23T13:27:43+0200,aa89dba4-771d-4653-9ac4-44e4858bfe00,2026-08-07T07:30:00Z,2026-08-07T09:30:00+0200,121.69,EUR/MWh,BE,BE,imbalance_price,Short,2026-08-23T11:28:30Z
2026-08-23T11:27:43Z,2026-08-23T13:27:43+0200,aa89dba4-771d-4653-9ac4-44e4858bfe00,2026-08-07T07:45:00Z,2026-08-07T09:45:00+0200,106.17,EUR/MWh,BE,BE,imbalance_price,Long,2026-08-23T11:28:30Z
2026-08-23T11:27:43Z,2026-08-23T13:27:43+0200,aa89dba4-771d-4653-9ac4-44e4858bfe00,2026-08-07T07:45:00Z,2026-08-07T09:45:00+0200,106.17,EUR/MWh,BE,BE,imbalance_price,Short,2026-08-23T11:28:30Z
2026-08-23T11:27:43Z,2026-08-23T13:27:43+0200,aa89dba4-771d-4653-9ac4-44e4858bfe00,2026-08-07T08:00:00Z,2026-08-07T10:00:00+0200,237.68,EUR/MWh,BE,BE,imbalance_price,Long,2026-08-23T11:28:30Z
2026-08-23T11:27:43Z,2026-08-23T13:27:43+0200,aa89dba4-771d-4653-9ac4-44e4858bfe00,2026-08-07T08:00:00Z,2026-08-07T10:00:00+0200,237.68,EUR/MWh,BE,BE,imbalance_price,Short,2026-08-23T11:28:30Z
2026-08-23T11:27:43Z,2026-08-23T13:27:43+0200,aa89dba4-771d-4653-9ac4-44e4858bfe00,2026-08-07T08:15:00Z,2026-08-07T10:15:00+0200,145.45,EUR/MWh,BE,BE,imbalance_price,Long,2026-08-23T11:28:30Z
2026-08-23T11:27:43Z,2026-08-23T13:27:43+0200,aa89dba4-771d-4653-9ac4-44e4858bfe00,2026-08-07T08:15:00Z,2026-08-07T10:15:00+0200,145.45,EUR/MWh,BE,BE,imbalance_price,Short,2026-08-23T11:28:30Z
2026-08-23T11:27:43Z,2026-08-23T13:27:43+0200,aa89dba4-771d-4653-9ac4-44e4858bfe00,2026-08-07T08:30:00Z,2026-08-07T10:30:00+0200,96.3,EUR/MWh,BE,BE,imbalance_price,Long,2026-08-23T11:28:30Z
2026-08-23T11:27:43Z,2026-08-23T13:27:43+0200,aa89dba4-771d-4653-9ac4-44e4858bfe00,2026-08-07T08:30:00Z,2026-08-07T10:30:00+0200,96.3,EUR/MWh,BE,BE,imbalance_price,Short,2026-08-23T11:28:30Z
2026-08-23T11:27:43Z,2026-08-23T13:27:43+0200,aa89dba4-771d-4653-9ac4-44e4858bfe00,2026-08-07T08:45:00Z,2026-08-07T10:45:00+0200,91.95,EUR/MWh,BE,BE,imbalance_price,Long,2026-08-23T11:28:30Z
2026-08-23T11:27:43Z,2026-08-23T13:27:43+0200,aa89dba4-771d-4653-9ac4-44e4858bfe00,2026-08-07T08:45:00Z,2026-08-07T10:45:00+0200,91.95,EUR/MWh,BE,BE,imbalance_price,Short,2026-08-23T11:28:30Z
2026-08-23T11:27:43Z,2026-08-23T13:27:43+0200,aa89dba4-771d-4653-9ac4-44e4858bfe00,2026-08-07T09:00:00Z,2026-08-07T11:00:00+0200,196.83,EUR/MWh,BE,BE,imbalance_price,Long,2026-08-23T11:28:30Z
2026-08-23T11:27:43Z,2026-08-23T13:27:43+0200,aa89dba4-771d-4653-9ac4-44e4858bfe00,2026-08-07T09:00:00Z,2026-08-07T11:00:00+0200,196.83,EUR/MWh,BE,BE,imbalance_price,Short,2026-08-23T11:28:30Z
2026-08-23T11:27:43Z,2026-08-23T13:27:43+0200,aa89dba4-771d-4653-9ac4-44e4858bfe00,2026-08-07T09:15:00Z,2026-08-07T11:15:00+0200,128.88,EUR/MWh,BE,BE,imbalance_price,Long,2026-08-23T11:28:30Z
2026-08-23T11:27:43Z,2026-08-23T13:27:43+0200,aa89dba4-771d-4653-9ac4-44e4858bfe00,2026-08-07T09:15:00Z,2026-08-07T11:15:00+0200,128.88,EUR/MWh,BE,BE,imbalance_price,Short,2026-08-23T11:28:30Z
2026-08-23T11:27:43Z,2026-08-23T13:27:43+0200,aa89dba4-771d-4653-9ac4-44e4858bfe00,2026-08-07T09:30:00Z,2026-08-07T11:30:00+0200,272.28,EUR/MWh,BE,BE,imbalance_price,Long,2026-08-23T11:28:30Z
2026-08-23T11:27:43Z,2026-08-23T13:27:43+0200,aa89dba4-771d-4653-9ac4-44e4858bfe00,2026-08-07T09:30:00Z,2026-08-07T11:30:00+0200,272.28,EUR/MWh,BE,BE,imbalance_price,Short,2026-08-23T11:28:30Z
2026-08-23T11:27:43Z,2026-08-23T13:27:43+0200,aa89dba4-771d-4653-9ac4-44e4858bfe00,2026-08-07T09:45:00Z,2026-08-07T11:45:00+0200,215.09,EUR/MWh,BE,BE,imbalance_price,Long,2026-08-23T11:28:30Z
2026-08-23T11:27:43Z,2026-08-23T13:27:43+0200,aa89dba4-771d-4653-9ac4-44e4858bfe00,2026-08-07T09:45:00Z,2026-08-07T11:45:00+0200,215.09,EUR/MWh,BE,BE,imbalance_price,Short,2026-08-23T11:28:30Z
2026-08-23T11:27:43Z,2026-08-23T13:27:43+0200,aa89dba4-771d-4653-9ac4-44e4858bfe00,2026-08-07T10:00:00Z,2026-08-07T12:00:00+0200,180.22,EUR/MWh,BE,BE,imbalance_price,Long,2026-08-23T11:28:30Z
2026-08-23T11:27:43Z,2026-08-23T13:27:43+0200,aa89dba4-771d-4653-9ac4-44e4858bfe00,2026-08-07T10:00:00Z,2026-08-07T12:00:00+0200,180.22,EUR/MWh,BE,BE,imbalance_price,Short,2026-08-23T11:28:30Z
2026-08-23T11:27:43Z,2026-08-23T13:27:43+0200,aa89dba4-771d-4653-9ac4-44e4858bfe00,2026-08-07T10:15:00Z,2026-08-07T12:15:00+0200,113.0,EUR/MWh,BE,BE,imbalance_price,Long,2026-08-23T11:28:30Z
2026-08-23T11:27:43Z,2026-08-23T13:27:43+0200,aa89dba4-771d-4653-9ac4-44e4858bfe00,2026-08-07T10:15:00Z,2026-08-07T12:15:00+0200,113.0,EUR/MWh,BE,BE,imbalance_price,Short,2026-08-23T11:28:30Z
2026-08-23T11:27:43Z,2026-08-23T13:27:43+0200,aa89dba4-771d-4653-9ac4-44e4858bfe00,2026-08-07T10:30:00Z,2026-08-07T12:30:00+0200,138.8,EUR/MWh,BE,BE,imbalance_price,Long,2026-08-23T11:28:30Z
2026-08-23T11:27:43Z,2026-08-23T13:27:43+0200,aa89dba4-771d-4653-9ac4-44e4858bfe00,2026-08-07T10:30:00Z,2026-08-07T12:30:00+0200,138.8,EUR/MWh,BE,BE,imbalance_price,Short,2026-08-23T11:28:30Z
2026-08-23T11:27:43Z,2026-08-23T13:27:43+0200,aa89dba4-771d-4653-9ac4-44e4858bfe00,2026-08-07T10:45:00Z,2026-08-07T12:45:00+0200,95.0,EUR/MWh,BE,BE,imbalance_price,Long,2026-08-23T11:28:30Z
2026-08-23T11:27:43Z,2026-08-23T13:27:43+0200,aa89dba4-771d-4653-9ac4-44e4858bfe00,2026-08-07T10:45:00Z,2026-08-07T12:45:00+0200,95.0,EUR/MWh,BE,BE,imbalance_price,Short,2026-08-23T11:28:30Z
2026-08-23T11:27:43Z,2026-08-23T13:27:43+0200,aa89dba4-771d-4653-9ac4-44e4858bfe00,2026-08-07T11:00:00Z,2026-08-07T13:00:00+0200,110.9,EUR/MWh,BE,BE,imbalance_price,Long,2026-08-23T11:28:30Z
2026-08-23T11:27:43Z,2026-08-23T13:27:43+0200,aa89dba4-771d-4653-9ac4-44e4858bfe00,2026-08-07T11:00:00Z,2026-08-07T13:00:00+0200,110.9,EUR/MWh,BE,BE,imbalance_price,Short,2026-08-23T11:28:30Z
2026-08-23T11:27:43Z,2026-08-23T13:27:43+0200,aa89dba4-771d-4653-9ac4-44e4858bfe00,2026-08-07T11:15:00Z,2026-08-07T13:15:00+0200,72.17,EUR/MWh,BE,BE,imbalance_price,Long,2026-08-23T11:28:30Z
2026-08-23T11:27:43Z,2026-08-23T13:27:43+0200,aa89dba4-771d-4653-9ac4-44e4858bfe00,2026-08-07T11:15:00Z,2026-08-07T13:15:00+0200,72.17,EUR/MWh,BE,BE,imbalance_price,Short,2026-08-23T11:28:30Z
2026-08-23T11:27:43Z,2026-08-23T13:27:43+0200,aa89dba4-771d-4653-9ac4-44e4858bfe00,2026-08-07T11:30:00Z,2026-08-07T13:30:00+0200,88.81,EUR/MWh,BE,BE,imbalance_price,Long,2026-08-23T11:28:30Z
2026-08-23T11:27:43Z,2026-08-23T13:27:43+0200,aa89dba4-771d-4653-9ac4-44e4858bfe00,2026-08-07T11:30:00Z,2026-08-07T13:30:00+0200,88.81,EUR/MWh,BE,BE,imbalance_price,Short,2026-08-23T11:28:30Z
2026-08-23T11:27:43Z,2026-08-23T13:27:43+0200,aa89dba4-771d-4653-9ac4-44e4858bfe00,2026-08-07T11:45:00Z,2026-08-07T13:45:00+0200,77.12,EUR/MWh,BE,BE,imbalance_price,Long,2026-08-23T11:28:30Z
2026-08-23T11:27:43Z,2026-08-23T13:27:43+0200,aa89dba4-771d-4653-9ac4-44e4858bfe00,2026-08-07T11:45:00Z,2026-08-07T13:45:00+0200,77.12,EUR/MWh,BE,BE,imbalance_price,Short,2026-08-23T11:28:30Z
2026-08-23T11:27:43Z,2026-08-23T13:27:43+0200,aa89dba4-771d-4653-9ac4-44e4858bfe00,2026-08-07T12:00:00Z,2026-08-07T14:00:00+0200,63.28,EUR/MWh,BE,BE,imbalance_price,Long,2026-08-23T11:28:30Z
2026-08-23T11:27:43Z,2026-08-23T13:27:43+0200,aa89dba4-771d-4653-9ac4-44e4858bfe00,2026-08-07T12:00:00Z,2026-08-07T14:00:00+0200,63.28,EUR/MWh,BE,BE,imbalance_price,Short,2026-08-23T11:28:30Z
2026-08-23T11:27:43Z,2026-08-23T13:27:43+0200,aa89dba4-771d-4653-9ac4-44e4858bfe00,2026-08-07T12:15:00Z,2026-08-07T14:15:00+0200,59.24,EUR/MWh,BE,BE,imbalance_price,Long,2026-08-23T11:28:30Z
2026-08-23T11:27:43Z,2026-08-23T13:27:43+0200,aa89dba4-771d-4653-9ac4-44e4858bfe00,2026-08-07T12:15:00Z,2026-08-07T14:15:00+0200,59.24,EUR/MWh,BE,BE,imbalance_price,Short,2026-08-23T11:28:30Z
2026-08-23T11:27:43Z,2026-08-23T13:27:43+0200,aa89dba4-771d-4653-9ac4-44e4858bfe00,2026-08-07T12:30:00Z,2026-08-07T14:30:00+0200,70.8,EUR/MWh,BE,BE,imbalance_price,Long,2026-08-23T11:28:30Z
2026-08-23T11:27:43Z,2026-08-23T13:27:43+0200,aa89dba4-771d-4653-9ac4-44e4858bfe00,2026-08-07T12:30:00Z,2026-08-07T14:30:00+0200,70.8,EUR/MWh,BE,BE,imbalance_price,Short,2026-08-23T11:28:30Z
2026-08-23T11:27:43Z,2026-08-23T13:27:43+0200,aa89dba4-771d-4653-9ac4-44e4858bfe00,2026-08-07T12:45:00Z,2026-08-07T14:45:00+0200,-3.86,EUR/MWh,BE,BE,imbalance_price,Long,2026-08-23T11:28:30Z
2026-08-23T11:27:43Z,2026-08-23T13:27:43+0200,aa89dba4-771d-4653-9ac4-44e4858bfe00,2026-08-07T12:45:00Z,2026-08-07T14:45:00+0200,-3.86,EUR/MWh,BE,BE,imbalance_price,Short,2026-08-23T11:28:30Z
2026-08-23T11:27:43Z,2026-08-23T13:27:43+0200,aa89dba4-771d-4653-9ac4-44e4858bfe00,2026-08-07T13:00:00Z,2026-08-07T15:00:00+0200,63.03,EUR/MWh,BE,BE,imbalance_price,Long,2026-08-23T11:28:30Z
2026-08-23T11:27:43Z,2026-08-23T13:27:43+0200,aa89dba4-771d-4653-9ac4-44e4858bfe00,2026-08-07T13:00:00Z,2026-08-07T15:00:00+0200,63.03,EUR/MWh,BE,BE,imbalance_price,Short,2026-08-23T11:28:30Z
2026-08-23T11:27:43Z,2026-08-23T13:27:43+0200,aa89dba4-771d-4653-9ac4-44e4858bfe00,2026-08-07T13:15:00Z,2026-08-07T15:15:00+0200,-145.55,EUR/MWh,BE,BE,imbalance_price,Long,2026-08-23T11:28:30Z
2026-08-23T11:27:43Z,2026-08-23T13:27:43+0200,aa89dba4-771d-4653-9ac4-44e4858bfe00,2026-08-07T13:15:00Z,2026-08-07T15:15:00+0200,-145.55,EUR/MWh,BE,BE,imbalance_price,Short,2026-08-23T11:28:30Z
2026-08-23T11:27:43Z,2026-08-23T13:27:43+0200,aa89dba4-771d-4653-9ac4-44e4858bfe00,2026-08-07T13:30:00Z,2026-08-07T15:30:00+0200,-199.05,EUR/MWh,BE,BE,imbalance_price,Long,2026-08-23T11:28:30Z
2026-08-23T11:27:43Z,2026-08-23T13:27:43+0200,aa89dba4-771d-4653-9ac4-44e4858bfe00,2026-08-07T13:30:00Z,2026-08-07T15:30:00+0200,-199.05,EUR/MWh,BE,BE,imbalance_price,Short,2026-08-23T11:28:30Z
2026-08-23T11:27:43Z,2026-08-23T13:27:43+0200,aa89dba4-771d-4653-9ac4-44e4858bfe00,2026-08-07T13:45:00Z,2026-08-07T15:45:00+0200,-33.4,EUR/MWh,BE,BE,imbalance_price,Long,2026-08-23T11:28:30Z
2026-08-23T11:27:43Z,2026-08-23T13:27:43+0200,aa89dba4-771d-4653-9ac4-44e4858bfe00,2026-08-07T13:45:00Z,2026-08-07T15:45:00+0200,-33.4,EUR/MWh,BE,BE,imbalance_price,Short,2026-08-23T11:28:30Z
2026-08-23T11:27:43Z,2026-08-23T13:27:43+0200,aa89dba4-771d-4653-9ac4-44e4858bfe00,2026-08-07T14:00:00Z,2026-08-07T16:00:00+0200,0.62,EUR/MWh,BE,BE,imbalance_price,Long,2026-08-23T11:28:30Z
2026-08-23T11:27:43Z,2026-08-23T13:27:43+0200,aa89dba4-771d-4653-9ac4-44e4858bfe00,2026-08-07T14:00:00Z,2026-08-07T16:00:00+0200,0.62,EUR/MWh,BE,BE,imbalance_price,Short,2026-08-23T11:28:30Z
2026-08-23T11:27:43Z,2026-08-23T13:27:43+0200,aa89dba4-771d-4653-9ac4-44e4858bfe00,2026-08-07T14:15:00Z,2026-08-07T16:15:00+0200,7.8,EUR/MWh,BE,BE,imbalance_price,Long,2026-08-23T11:28:30Z
2026-08-23T11:27:43Z,2026-08-23T13:27:43+0200,aa89dba4-771d-4653-9ac4-44e4858bfe00,2026-08-07T14:15:00Z,2026-08-07T16:15:00+0200,7.8,EUR/MWh,BE,BE,imbalance_price,Short,2026-08-23T11:28:30Z
2026-08-23T11:27:43Z,2026-08-23T13:27:43+0200,aa89dba4-771d-4653-9ac4-44e4858bfe00,2026-08-07T14:30:00Z,2026-08-07T16:30:00+0200,-36.89,EUR/MWh,BE,BE,imbalance_price,Long,2026-08-23T11:28:30Z
2026-08-23T11:27:43Z,2026-08-23T13:27:43+0200,aa89dba4-771d-4653-9ac4-44e4858bfe00,2026-08-07T14:30:00Z,2026-08-07T16:30:00+0200,-36.89,EUR/MWh,BE,BE,imbalance_price,Short,2026-08-23T11:28:30Z
2026-08-23T11:27:43Z,2026-08-23T13:27:43+0200,aa89dba4-771d-4653-9ac4-44e4858bfe00,2026-08-07T14:45:00Z,2026-08-07T16:45:00+0200,69.43,EUR/MWh,BE,BE,imbalance_price,Long,2026-08-23T11:28:30Z
2026-08-23T11:27:43Z,2026-08-23T13:27:43+0200,aa89dba4-771d-4653-9ac4-44e4858bfe00,2026-08-07T14:45:00Z,2026-08-07T16:45:00+0200,69.43,EUR/MWh,BE,BE,imbalance_price,Short,2026-08-23T11:28:30Z
2026-08-23T11:27:43Z,2026-08-23T13:27:43+0200,aa89dba4-771d-4653-9ac4-44e4858bfe00,2026-08-07T15:00:00Z,2026-08-07T17:00:00+0200,68.39,EUR/MWh,BE,BE,imbalance_price,Long,2026-08-23T11:28:30Z
2026-08-23T11:27:43Z,2026-08-23T13:27:43+0200,aa89dba4-771d-4653-9ac4-44e4858bfe00,2026-08-07T15:00:00Z,2026-08-07T17:00:00+0200,68.39,EUR/MWh,BE,BE,imbalance_price,Short,2026-08-23T11:28:30Z
2026-08-23T11:27:43Z,2026-08-23T13:27:43+0200,aa89dba4-771d-4653-9ac4-44e4858bfe00,2026-08-07T15:15:00Z,2026-08-07T17:15:00+0200,96.0,EUR/MWh,BE,BE,imbalance_price,Long,2026-08-23T11:28:30Z
2026-08-23T11:27:43Z,2026-08-23T13:27:43+0200,aa89dba4-771d-4653-9ac4-44e4858bfe00,2026-08-07T15:15:00Z,2026-08-07T17:15:00+0200,96.0,EUR/MWh,BE,BE,imbalance_price,Short,2026-08-23T11:28:30Z
2026-08-23T11:27:43Z,2026-08-23T13:27:43+0200,aa89dba4-771d-4653-9ac4-44e4858bfe00,2026-08-07T15:30:00Z,2026-08-07T17:30:00+0200,108.08,EUR/MWh,BE,BE,imbalance_price,Long,2026-08-23T11:28:30Z
2026-08-23T11:27:43Z,2026-08-23T13:27:43+0200,aa89dba4-771d-4653-9ac4-44e4858bfe00,2026-08-07T15:30:00Z,2026-08-07T17:30:00+0200,108.08,EUR/MWh,BE,BE,imbalance_price,Short,2026-08-23T11:28:30Z
2026-08-23T11:27:43Z,2026-08-23T13:27:43+0200,aa89dba4-771d-4653-9ac4-44e4858bfe00,2026-08-07T15:45:00Z,2026-08-07T17:45:00+0200,141.59,EUR/MWh,BE,BE,imbalance_price,Long,2026-08-23T11:28:30Z
2026-08-23T11:27:43Z,2026-08-23T13:27:43+0200,aa89dba4-771d-4653-9ac4-44e4858bfe00,2026-08-07T15:45:00Z,2026-08-07T17:45:00+0200,141.59,EUR/MWh,BE,BE,imbalance_price,Short,2026-08-23T11:28:30Z
2026-08-23T11:27:43Z,2026-08-23T13:27:43+0200,aa89dba4-771d-4653-9ac4-44e4858bfe00,2026-08-07T16:00:00Z,2026-08-07T18:00:00+0200,112.73,EUR/MWh,BE,BE,imbalance_price,Long,2026-08-23T11:28:30Z
2026-08-23T11:27:43Z,2026-08-23T13:27:43+0200,aa89dba4-771d-4653-9ac4-44e4858bfe00,2026-08-07T16:00:00Z,2026-08-07T18:00:00+0200,112.73,EUR/MWh,BE,BE,imbalance_price,Short,2026-08-23T11:28:30Z
2026-08-23T11:27:43Z,2026-08-23T13:27:43+0200,aa89dba4-771d-4653-9ac4-44e4858bfe00,2026-08-07T16:15:00Z,2026-08-07T18:15:00+0200,162.02,EUR/MWh,BE,BE,imbalance_price,Long,2026-08-23T11:28:30Z
2026-08-23T11:27:43Z,2026-08-23T13:27:43+0200,aa89dba4-771d-4653-9ac4-44e4858bfe00,2026-08-07T16:15:00Z,2026-08-07T18:15:00+0200,162.02,EUR/MWh,BE,BE,imbalance_price,Short,2026-08-23T11:28:30Z
2026-08-23T11:27:43Z,2026-08-23T13:27:43+0200,aa89dba4-771d-4653-9ac4-44e4858bfe00,2026-08-07T16:30:00Z,2026-08-07T18:30:00+0200,168.45,EUR/MWh,BE,BE,imbalance_price,Long,2026-08-23T11:28:30Z
2026-08-23T11:27:43Z,2026-08-23T13:27:43+0200,aa89dba4-771d-4653-9ac4-44e4858bfe00,2026-08-07T16:30:00Z,2026-08-07T18:30:00+0200,168.45,EUR/MWh,BE,BE,imbalance_price,Short,2026-08-23T11:28:30Z
2026-08-23T11:27:43Z,2026-08-23T13:27:43+0200,aa89dba4-771d-4653-9ac4-44e4858bfe00,2026-08-07T16:45:00Z,2026-08-07T18:45:00+0200,176.55,EUR/MWh,BE,BE,imbalance_price,Long,2026-08-23T11:28:30Z
2026-08-23T11:27:43Z,2026-08-23T13:27:43+0200,aa89dba4-771d-4653-9ac4-44e4858bfe00,2026-08-07T16:45:00Z,2026-08-07T18:45:00+0200,176.55,EUR/MWh,BE,BE,imbalance_price,Short,2026-08-23T11:28:30Z
2026-08-23T11:27:43Z,2026-08-23T13:27:43+0200,aa89dba4-771d-4653-9ac4-44e4858bfe00,2026-08-07T17:00:00Z,2026-08-07T19:00:00+0200,173.7,EUR/MWh,BE,BE,imbalance_price,Long,2026-08-23T11:28:30Z
2026-08-23T11:27:43Z,2026-08-23T13:27:43+0200,aa89dba4-771d-4653-9ac4-44e4858bfe00,2026-08-07T17:00:00Z,2026-08-07T19:00:00+0200,173.7,EUR/MWh,BE,BE,imbalance_price,Short,2026-08-23T11:28:30Z
2026-08-23T11:27:43Z,2026-08-23T13:27:43+0200,aa89dba4-771d-4653-9ac4-44e4858bfe00,2026-08-07T17:15:00Z,2026-08-07T19:15:00+0200,191.65,EUR/MWh,BE,BE,imbalance_price,Long,2026-08-23T11:28:30Z
2026-08-23T11:27:43Z,2026-08-23T13:27:43+0200,aa89dba4-771d-4653-9ac4-44e4858bfe00,2026-08-07T17:15:00Z,2026-08-07T19:15:00+0200,191.65,EUR/MWh,BE,BE,imbalance_price,Short,2026-08-23T11:28:30Z
2026-08-23T11:27:43Z,2026-08-23T13:27:43+0200,aa89dba4-771d-4653-9ac4-44e4858bfe00,2026-08-07T17:30:00Z,2026-08-07T19:30:00+0200,191.76,EUR/MWh,BE,BE,imbalance_price,Long,2026-08-23T11:28:30Z
2026-08-23T11:27:43Z,2026-08-23T13:27:43+0200,aa89dba4-771d-4653-9ac4-44e4858bfe00,2026-08-07T17:30:00Z,2026-08-07T19:30:00+0200,191.76,EUR/MWh,BE,BE,imbalance_price,Short,2026-08-23T11:28:30Z
2026-08-23T11:27:43Z,2026-08-23T13:27:43+0200,aa89dba4-771d-4653-9ac4-44e4858bfe00,2026-08-07T17:45:00Z,2026-08-07T19:45:00+0200,191.99,EUR/MWh,BE,BE,imbalance_price,Long,2026-08-23T11:28:30Z
2026-08-23T11:27:43Z,2026-08-23T13:27:43+0200,aa89dba4-771d-4653-9ac4-44e4858bfe00,2026-08-07T17:45:00Z,2026-08-07T19:45:00+0200,191.99,EUR/MWh,BE,BE,imbalance_price,Short,2026-08-23T11:28:30Z
2026-08-23T11:27:43Z,2026-08-23T13:27:43+0200,aa89dba4-771d-4653-9ac4-44e4858bfe00,2026-08-07T18:00:00Z,2026-08-07T20:00:00+0200,183.86,EUR/MWh,BE,BE,imbalance_price,Long,2026-08-23T11:28:30Z
2026-08-23T11:27:43Z,2026-08-23T13:27:43+0200,aa89dba4-771d-4653-9ac4-44e4858bfe00,2026-08-07T18:00:00Z,2026-08-07T20:00:00+0200,183.86,EUR/MWh,BE,BE,imbalance_price,Short,2026-08-23T11:28:30Z
2026-08-23T11:27:43Z,2026-08-23T13:27:43+0200,aa89dba4-771d-4653-9ac4-44e4858bfe00,2026-08-07T18:15:00Z,2026-08-07T20:15:00+0200,191.88,EUR/MWh,BE,BE,imbalance_price,Long,2026-08-23T11:28:30Z
2026-08-23T11:27:43Z,2026-08-23T13:27:43+0200,aa89dba4-771d-4653-9ac4-44e4858bfe00,2026-08-07T18:15:00Z,2026-08-07T20:15:00+0200,191.88,EUR/MWh,BE,BE,imbalance_price,Short,2026-08-23T11:28:30Z
2026-08-23T11:27:43Z,2026-08-23T13:27:43+0200,aa89dba4-771d-4653-9ac4-44e4858bfe00,2026-08-07T18:30:00Z,2026-08-07T20:30:00+0200,191.97,EUR/MWh,BE,BE,imbalance_price,Long,2026-08-23T11:28:30Z
2026-08-23T11:27:43Z,2026-08-23T13:27:43+0200,aa89dba4-771d-4653-9ac4-44e4858bfe00,2026-08-07T18:30:00Z,2026-08-07T20:30:00+0200,191.97,EUR/MWh,BE,BE,imbalance_price,Short,2026-08-23T11:28:30Z
2026-08-23T11:27:43Z,2026-08-23T13:27:43+0200,aa89dba4-771d-4653-9ac4-44e4858bfe00,2026-08-07T18:45:00Z,2026-08-07T20:45:00+0200,191.86,EUR/MWh,BE,BE,imbalance_price,Long,2026-08-23T11:28:30Z
2026-08-23T11:27:43Z,2026-08-23T13:27:43+0200,aa89dba4-771d-4653-9ac4-44e4858bfe00,2026-08-07T18:45:00Z,2026-08-07T20:45:00+0200,191.86,EUR/MWh,BE,BE,imbalance_price,Short,2026-08-23T11:28:30Z
2026-08-23T11:27:43Z,2026-08-23T13:27:43+0200,aa89dba4-771d-4653-9ac4-44e4858bfe00,2026-08-07T19:00:00Z,2026-08-07T21:00:00+0200,201.41,EUR/MWh,BE,BE,imbalance_price,Long,2026-08-23T11:28:30Z
2026-08-23T11:27:43Z,2026-08-23T13:27:43+0200,aa89dba4-771d-4653-9ac4-44e4858bfe00,2026-08-07T19:00:00Z,2026-08-07T21:00:00+0200,201.41,EUR/MWh,BE,BE,imbalance_price,Short,2026-08-23T11:28:30Z
2026-08-23T11:27:43Z,2026-08-23T13:27:43+0200,aa89dba4-771d-4653-9ac4-44e4858bfe00,2026-08-07T19:15:00Z,2026-08-07T21:15:00+0200,186.99,EUR/MWh,BE,BE,imbalance_price,Long,2026-08-23T11:28:30Z
2026-08-23T11:27:43Z,2026-08-23T13:27:43+0200,aa89dba4-771d-4653-9ac4-44e4858bfe00,2026-08-07T19:15:00Z,2026-08-07T21:15:00+0200,186.99,EUR/MWh,BE,BE,imbalance_price,Short,2026-08-23T11:28:30Z
2026-08-23T11:27:43Z,2026-08-23T13:27:43+0200,aa89dba4-771d-4653-9ac4-44e4858bfe00,2026-08-07T19:30:00Z,2026-08-07T21:30:00+0200,178.8,EUR/MWh,BE,BE,imbalance_price,Long,2026-08-23T11:28:30Z
2026-08-23T11:27:43Z,2026-08-23T13:27:43+0200,aa89dba4-771d-4653-9ac4-44e4858bfe00,2026-08-07T19:30:00Z,2026-08-07T21:30:00+0200,178.8,EUR/MWh,BE,BE,imbalance_price,Short,2026-08-23T11:28:30Z
2026-08-23T11:27:43Z,2026-08-23T13:27:43+0200,aa89dba4-771d-4653-9ac4-44e4858bfe00,2026-08-07T19:45:00Z,2026-08-07T21:45:00+0200,178.71,EUR/MWh,BE,BE,imbalance_price,Long,2026-08-23T11:28:30Z
2026-08-23T11:27:43Z,2026-08-23T13:27:43+0200,aa89dba4-771d-4653-9ac4-44e4858bfe00,2026-08-07T19:45:00Z,2026-08-07T21:45:00+0200,178.71,EUR/MWh,BE,BE,imbalance_price,Short,2026-08-23T11:28:30Z
2026-08-23T11:27:43Z,2026-08-23T13:27:43+0200,aa89dba4-771d-4653-9ac4-44e4858bfe00,2026-08-07T20:00:00Z,2026-08-07T22:00:00+0200,180.2,EUR/MWh,BE,BE,imbalance_price,Long,2026-08-23T11:28:30Z
2026-08-23T11:27:43Z,2026-08-23T13:27:43+0200,aa89dba4-771d-4653-9ac4-44e4858bfe00,2026-08-07T20:00:00Z,2026-08-07T22:00:00+0200,180.2,EUR/MWh,BE,BE,imbalance_price,Short,2026-08-23T11:28:30Z
2026-08-23T11:27:43Z,2026-08-23T13:27:43+0200,aa89dba4-771d-4653-9ac4-44e4858bfe00,2026-08-07T20:15:00Z,2026-08-07T22:15:00+0200,203.13,EUR/MWh,BE,BE,imbalance_price,Long,2026-08-23T11:28:30Z
2026-08-23T11:27:43Z,2026-08-23T13:27:43+0200,aa89dba4-771d-4653-9ac4-44e4858bfe00,2026-08-07T20:15:00Z,2026-08-07T22:15:00+0200,203.13,EUR/MWh,BE,BE,imbalance_price,Short,2026-08-23T11:28:30Z
2026-08-23T11:27:43Z,2026-08-23T13:27:43+0200,aa89dba4-771d-4653-9ac4-44e4858bfe00,2026-08-07T20:30:00Z,2026-08-07T22:30:00+0200,167.19,EUR/MWh,BE,BE,imbalance_price,Long,2026-08-23T11:28:30Z
2026-08-23T11:27:43Z,2026-08-23T13:27:43+0200,aa89dba4-771d-4653-9ac4-44e4858bfe00,2026-08-07T20:30:00Z,2026-08-07T22:30:00+0200,167.19,EUR/MWh,BE,BE,imbalance_price,Short,2026-08-23T11:28:30Z
2026-08-23T11:27:43Z,2026-08-23T13:27:43+0200,aa89dba4-771d-4653-9ac4-44e4858bfe00,2026-08-07T20:45:00Z,2026-08-07T22:45:00+0200,189.22,EUR/MWh,BE,BE,imbalance_price,Long,2026-08-23T11:28:30Z
2026-08-23T11:27:43Z,2026-08-23T13:27:43+0200,aa89dba4-771d-4653-9ac4-44e4858bfe00,2026-08-07T20:45:00Z,2026-08-07T22:45:00+0200,189.22,EUR/MWh,BE,BE,imbalance_price,Short,2026-08-23T11:28:30Z
2026-08-23T11:27:43Z,2026-08-23T13:27:43+0200,aa89dba4-771d-4653-9ac4-44e4858bfe00,2026-08-07T21:00:00Z,2026-08-07T23:00:00+0200,169.57,EUR/MWh,BE,BE,imbalance_price,Long,2026-08-23T11:28:30Z
2026-08-23T11:27:43Z,2026-08-23T13:27:43+0200,aa89dba4-771d-4653-9ac4-44e4858bfe00,2026-08-07T21:00:00Z,2026-08-07T23:00:00+0200,169.57,EUR/MWh,BE,BE,imbalance_price,Short,2026-08-23T11:28:30Z
2026-08-23T11:27:43Z,2026-08-23T13:27:43+0200,aa89dba4-771d-4653-9ac4-44e4858bfe00,2026-08-07T21:15:00Z,2026-08-07T23:15:00+0200,156.82,EUR/MWh,BE,BE,imbalance_price,Long,2026-08-23T11:28:30Z
2026-08-23T11:27:43Z,2026-08-23T13:27:43+0200,aa89dba4-771d-4653-9ac4-44e4858bfe00,2026-08-07T21:15:00Z,2026-08-07T23:15:00+0200,156.82,EUR/MWh,BE,BE,imbalance_price,Short,2026-08-23T11:28:30Z
2026-08-23T11:27:43Z,2026-08-23T13:27:43+0200,aa89dba4-771d-4653-9ac4-44e4858bfe00,2026-08-07T21:30:00Z,2026-08-07T23:30:00+0200,146.26,EUR/MWh,BE,BE,imbalance_price,Long,2026-08-23T11:28:30Z
2026-08-23T11:27:43Z,2026-08-23T13:27:43+0200,aa89dba4-771d-4653-9ac4-44e4858bfe00,2026-08-07T21:30:00Z,2026-08-07T23:30:00+0200,146.26,EUR/MWh,BE,BE,imbalance_price,Short,2026-08-23T11:28:30Z
2026-08-23T11:27:43Z,2026-08-23T13:27:43+0200,aa89dba4-771d-4653-9ac4-44e4858bfe00,2026-08-07T21:45:00Z,2026-08-07T23:45:00+0200,156.86,EUR/MWh,BE,BE,imbalance_price,Long,2026-08-23T11:28:30Z
2026-08-23T11:27:43Z,2026-08-23T13:27:43+0200,aa89dba4-771d-4653-9ac4-44e4858bfe00,2026-08-07T21:45:00Z,2026-08-07T23:45:00+0200,156.86,EUR/MWh,BE,BE,imbalance_price,Short,2026-08-23T11:28:30Z
2026-08-23T11:27:43Z,2026-08-23T13:27:43+0200,aa89dba4-771d-4653-9ac4-44e4858bfe00,2026-08-07T22:00:00Z,2026-08-08T00:00:00+0200,143.23,EUR/MWh,BE,BE,imbalance_price,Long,2026-08-23T11:28:30Z
2026-08-23T11:27:43Z,2026-08-23T13:27:43+0200,aa89dba4-771d-4653-9ac4-44e4858bfe00,2026-08-07T22:00:00Z,2026-08-08T00:00:00+0200,143.23,EUR/MWh,BE,BE,imbalance_price,Short,2026-08-23T11:28:30Z
2026-08-23T11:27:43Z,2026-08-23T13:27:43+0200,aa89dba4-771d-4653-9ac4-44e4858bfe00,2026-08-07T22:15:00Z,2026-08-08T00:15:00+0200,144.79,EUR/MWh,BE,BE,imbalance_price,Long,2026-08-23T11:28:30Z
2026-08-23T11:27:43Z,2026-08-23T13:27:43+0200,aa89dba4-771d-4653-9ac4-44e4858bfe00,2026-08-07T22:15:00Z,2026-08-08T00:15:00+0200,144.79,EUR/MWh,BE,BE,imbalance_price,Short,2026-08-23T11:28:30Z
2026-08-23T11:27:43Z,2026-08-23T13:27:43+0200,aa89dba4-771d-4653-9ac4-44e4858bfe00,2026-08-07T22:30:00Z,2026-08-08T00:30:00+0200,138.79,EUR/MWh,BE,BE,imbalance_price,Long,2026-08-23T11:28:30Z
2026-08-23T11:27:43Z,2026-08-23T13:27:43+0200,aa89dba4-771d-4653-9ac4-44e4858bfe00,2026-08-07T22:30:00Z,2026-08-08T00:30:00+0200,138.79,EUR/MWh,BE,BE,imbalance_price,Short,2026-08-23T11:28:30Z
2026-08-23T11:27:43Z,2026-08-23T13:27:43+0200,aa89dba4-771d-4653-9ac4-44e4858bfe00,2026-08-07T22:45:00Z,2026-08-08T00:45:00+0200,119.7,EUR/MWh,BE,BE,imbalance_price,Long,2026-08-23T11:28:30Z
2026-08-23T11:27:43Z,2026-08-23T13:27:43+0200,aa89dba4-771d-4653-9ac4-44e4858bfe00,2026-08-07T22:45:00Z,2026-08-08T00:45:00+0200,119.7,EUR/MWh,BE,BE,imbalance_price,Short,2026-08-23T11:28:30Z
2026-08-23T11:27:43Z,2026-08-23T13:27:43+0200,aa89dba4-771d-4653-9ac4-44e4858bfe00,2026-08-07T23:00:00Z,2026-08-08T01:00:00+0200,137.04,EUR/MWh,BE,BE,imbalance_price,Long,2026-08-23T11:28:30Z
2026-08-23T11:27:43Z,2026-08-23T13:27:43+0200,aa89dba4-771d-4653-9ac4-44e4858bfe00,2026-08-07T23:00:00Z,2026-08-08T01:00:00+0200,137.04,EUR/MWh,BE,BE,imbalance_price,Short,2026-08-23T11:28:30Z
2026-08-23T11:27:43Z,2026-08-23T13:27:43+0200,aa89dba4-771d-4653-9ac4-44e4858bfe00,2026-08-07T23:15:00Z,2026-08-08T01:15:00+0200,137.43,EUR/MWh,BE,BE,imbalance_price,Long,2026-08-23T11:28:30Z
2026-08-23T11:27:43Z,2026-08-23T13:27:43+0200,aa89dba4-771d-4653-9ac4-44e4858bfe00,2026-08-07T23:15:00Z,2026-08-08T01:15:00+0200,137.43,EUR/MWh,BE,BE,imbalance_price,Short,2026-08-23T11:28:30Z
2026-08-23T11:27:43Z,2026-08-23T13:27:43+0200,aa89dba4-771d-4653-9ac4-44e4858bfe00,2026-08-07T23:30:00Z,2026-08-08T01:30:00+0200,132.34,EUR/MWh,BE,BE,imbalance_price,Long,2026-08-23T11:28:30Z
2026-08-23T11:27:43Z,2026-08-23T13:27:43+0200,aa89dba4-771d-4653-9ac4-44e4858bfe00,2026-08-07T23:30:00Z,2026-08-08T01:30:00+0200,132.34,EUR/MWh,BE,BE,imbalance_price,Short,2026-08-23T11:28:30Z
2026-08-23T11:27:43Z,2026-08-23T13:27:43+0200,aa89dba4-771d-4653-9ac4-44e4858bfe00,2026-08-07T23:45:00Z,2026-08-08T01:45:00+0200,134.18,EUR/MWh,BE,BE,imbalance_price,Long,2026-08-23T11:28:30Z
2026-08-23T11:27:43Z,2026-08-23T13:27:43+0200,aa89dba4-771d-4653-9ac4-44e4858bfe00,2026-08-07T23:45:00Z,2026-08-08T01:45:00+0200,134.18,EUR/MWh,BE,BE,imbalance_price,Short,2026-08-23T11:28:30Z
2026-08-23T11:27:43Z,2026-08-23T13:27:43+0200,aa89dba4-771d-4653-9ac4-44e4858bfe00,2026-08-08T00:00:00Z,2026-08-08T02:00:00+0200,145.81,EUR/MWh,BE,BE,imbalance_price,Long,2026-08-23T11:28:30Z
2026-08-23T11:27:43Z,2026-08-23T13:27:43+0200,aa89dba4-771d-4653-9ac4-44e4858bfe00,2026-08-08T00:00:00Z,2026-08-08T02:00:00+0200,145.81,EUR/MWh,BE,BE,imbalance_price,Short,2026-08-23T11:28:30Z
2026-08-23T11:27:43Z,2026-08-23T13:27:43+0200,aa89dba4-771d-4653-9ac4-44e4858bfe00,2026-08-08T00:15:00Z,2026-08-08T02:15:00+0200,117.28,EUR/MWh,BE,BE,imbalance_price,Long,2026-08-23T11:28:30Z
2026-08-23T11:27:43Z,2026-08-23T13:27:43+0200,aa89dba4-771d-4653-9ac4-44e4858bfe00,2026-08-08T00:15:00Z,2026-08-08T02:15:00+0200,117.28,EUR/MWh,BE,BE,imbalance_price,Short,2026-08-23T11:28:30Z
2026-08-23T11:27:43Z,2026-08-23T13:27:43+0200,aa89dba4-771d-4653-9ac4-44e4858bfe00,2026-08-08T00:30:00Z,2026-08-08T02:30:00+0200,110.73,EUR/MWh,BE,BE,imbalance_price,Long,2026-08-23T11:28:30Z
2026-08-23T11:27:43Z,2026-08-23T13:27:43+0200,aa89dba4-771d-4653-9ac4-44e4858bfe00,2026-08-08T00:30:00Z,2026-08-08T02:30:00+0200,110.73,EUR/MWh,BE,BE,imbalance_price,Short,2026-08-23T11:28:30Z
2026-08-23T11:27:43Z,2026-08-23T13:27:43+0200,aa89dba4-771d-4653-9ac4-44e4858bfe00,2026-08-08T00:45:00Z,2026-08-08T02:45:00+0200,142.25,EUR/MWh,BE,BE,imbalance_price,Long,2026-08-23T11:28:30Z
2026-08-23T11:27:43Z,2026-08-23T13:27:43+0200,aa89dba4-771d-4653-9ac4-44e4858bfe00,2026-08-08T00:45:00Z,2026-08-08T02:45:00+0200,142.25,EUR/MWh,BE,BE,imbalance_price,Short,2026-08-23T11:28:30Z
2026-08-23T11:27:43Z,2026-08-23T13:27:43+0200,aa89dba4-771d-4653-9ac4-44e4858bfe00,2026-08-08T01:00:00Z,2026-08-08T03:00:00+0200,110.34,EUR/MWh,BE,BE,imbalance_price,Long,2026-08-23T11:28:30Z
2026-08-23T11:27:43Z,2026-08-23T13:27:43+0200,aa89dba4-771d-4653-9ac4-44e4858bfe00,2026-08-08T01:00:00Z,2026-08-08T03:00:00+0200,110.34,EUR/MWh,BE,BE,imbalance_price,Short,2026-08-23T11:28:30Z
2026-08-23T11:27:43Z,2026-08-23T13:27:43+0200,aa89dba4-771d-4653-9ac4-44e4858bfe00,2026-08-08T01:15:00Z,2026-08-08T03:15:00+0200,122.27,EUR/MWh,BE,BE,imbalance_price,Long,2026-08-23T11:28:30Z
2026-08-23T11:27:43Z,2026-08-23T13:27:43+0200,aa89dba4-771d-4653-9ac4-44e4858bfe00,2026-08-08T01:15:00Z,2026-08-08T03:15:00+0200,122.27,EUR/MWh,BE,BE,imbalance_price,Short,2026-08-23T11:28:30Z
2026-08-23T11:27:43Z,2026-08-23T13:27:43+0200,aa89dba4-771d-4653-9ac4-44e4858bfe00,2026-08-08T01:30:00Z,2026-08-08T03:30:00+0200,117.17,EUR/MWh,BE,BE,imbalance_price,Long,2026-08-23T11:28:30Z
2026-08-23T11:27:43Z,2026-08-23T13:27:43+0200,aa89dba4-771d-4653-9ac4-44e4858bfe00,2026-08-08T01:30:00Z,2026-08-08T03:30:00+0200,117.17,EUR/MWh,BE,BE,imbalance_price,Short,2026-08-23T11:28:30Z
2026-08-23T11:27:43Z,2026-08-23T13:27:43+0200,aa89dba4-771d-4653-9ac4-44e4858bfe00,2026-08-08T01:45:00Z,2026-08-08T03:45:00+0200,126.02,EUR/MWh,BE,BE,imbalance_price,Long,2026-08-23T11:28:30Z
2026-08-23T11:27:43Z,2026-08-23T13:27:43+0200,aa89dba4-771d-4653-9ac4-44e4858bfe00,2026-08-08T01:45:00Z,2026-08-08T03:45:00+0200,126.02,EUR/MWh,BE,BE,imbalance_price,Short,2026-08-23T11:28:30Z
2026-08-23T11:27:43Z,2026-08-23T13:27:43+0200,aa89dba4-771d-4653-9ac4-44e4858bfe00,2026-08-08T02:00:00Z,2026-08-08T04:00:00+0200,130.21,EUR/MWh,BE,BE,imbalance_price,Long,2026-08-23T11:28:30Z
2026-08-23T11:27:43Z,2026-08-23T13:27:43+0200,aa89dba4-771d-4653-9ac4-44e4858bfe00,2026-08-08T02:00:00Z,2026-08-08T04:00:00+0200,130.21,EUR/MWh,BE,BE,imbalance_price,Short,2026-08-23T11:28:30Z
2026-08-23T11:27:43Z,2026-08-23T13:27:43+0200,aa89dba4-771d-4653-9ac4-44e4858bfe00,2026-08-08T02:15:00Z,2026-08-08T04:15:00+0200,107.47,EUR/MWh,BE,BE,imbalance_price,Long,2026-08-23T11:28:30Z
2026-08-23T11:27:43Z,2026-08-23T13:27:43+0200,aa89dba4-771d-4653-9ac4-44e4858bfe00,2026-08-08T02:15:00Z,2026-08-08T04:15:00+0200,107.47,EUR/MWh,BE,BE,imbalance_price,Short,2026-08-23T11:28:30Z
2026-08-23T11:27:43Z,2026-08-23T13:27:43+0200,aa89dba4-771d-4653-9ac4-44e4858bfe00,2026-08-08T02:30:00Z,2026-08-08T04:30:00+0200,125.79,EUR/MWh,BE,BE,imbalance_price,Long,2026-08-23T11:28:30Z
2026-08-23T11:27:43Z,2026-08-23T13:27:43+0200,aa89dba4-771d-4653-9ac4-44e4858bfe00,2026-08-08T02:30:00Z,2026-08-08T04:30:00+0200,125.79,EUR/MWh,BE,BE,imbalance_price,Short,2026-08-23T11:28:30Z
2026-08-23T11:27:43Z,2026-08-23T13:27:43+0200,aa89dba4-771d-4653-9ac4-44e4858bfe00,2026-08-08T02:45:00Z,2026-08-08T04:45:00+0200,123.02,EUR/MWh,BE,BE,imbalance_price,Long,2026-08-23T11:28:30Z
2026-08-23T11:27:43Z,2026-08-23T13:27:43+0200,aa89dba4-771d-4653-9ac4-44e4858bfe00,2026-08-08T02:45:00Z,2026-08-08T04:45:00+0200,123.02,EUR/MWh,BE,BE,imbalance_price,Short,2026-08-23T11:28:30Z
2026-08-23T11:27:43Z,2026-08-23T13:27:43+0200,aa89dba4-771d-4653-9ac4-44e4858bfe00,2026-08-08T03:00:00Z,2026-08-08T05:00:00+0200,124.46,EUR/MWh,BE,BE,imbalance_price,Long,2026-08-23T11:28:30Z
2026-08-23T11:27:43Z,2026-08-23T13:27:43+0200,aa89dba4-771d-4653-9ac4-44e4858bfe00,2026-08-08T03:00:00Z,2026-08-08T05:00:00+0200,124.46,EUR/MWh,BE,BE,imbalance_price,Short,2026-08-23T11:28:30Z
2026-08-23T11:27:43Z,2026-08-23T13:27:43+0200,aa89dba4-771d-4653-9ac4-44e4858bfe00,2026-08-08T03:15:00Z,2026-08-08T05:15:00+0200,127.97,EUR/MWh,BE,BE,imbalance_price,Long,2026-08-23T11:28:30Z
2026-08-23T11:27:43Z,2026-08-23T13:27:43+0200,aa89dba4-771d-4653-9ac4-44e4858bfe00,2026-08-08T03:15:00Z,2026-08-08T05:15:00+0200,127.97,EUR/MWh,BE,BE,imbalance_price,Short,2026-08-23T11:28:30Z
2026-08-23T11:27:43Z,2026-08-23T13:27:43+0200,aa89dba4-771d-4653-9ac4-44e4858bfe00,2026-08-08T03:30:00Z,2026-08-08T05:30:00+0200,131.48,EUR/MWh,BE,BE,imbalance_price,Long,2026-08-23T11:28:30Z
2026-08-23T11:27:43Z,2026-08-23T13:27:43+0200,aa89dba4-771d-4653-9ac4-44e4858bfe00,2026-08-08T03:30:00Z,2026-08-08T05:30:00+0200,131.48,EUR/MWh,BE,BE,imbalance_price,Short,2026-08-23T11:28:30Z
2026-08-23T11:27:43Z,2026-08-23T13:27:43+0200,aa89dba4-771d-4653-9ac4-44e4858bfe00,2026-08-08T03:45:00Z,2026-08-08T05:45:00+0200,142.85,EUR/MWh,BE,BE,imbalance_price,Long,2026-08-23T11:28:30Z
2026-08-23T11:27:43Z,2026-08-23T13:27:43+0200,aa89dba4-771d-4653-9ac4-44e4858bfe00,2026-08-08T03:45:00Z,2026-08-08T05:45:00+0200,142.85,EUR/MWh,BE,BE,imbalance_price,Short,2026-08-23T11:28:30Z
2026-08-23T11:27:43Z,2026-08-23T13:27:43+0200,aa89dba4-771d-4653-9ac4-44e4858bfe00,2026-08-08T04:00:00Z,2026-08-08T06:00:00+0200,185.2,EUR/MWh,BE,BE,imbalance_price,Long,2026-08-23T11:28:30Z
2026-08-23T11:27:43Z,2026-08-23T13:27:43+0200,aa89dba4-771d-4653-9ac4-44e4858bfe00,2026-08-08T04:00:00Z,2026-08-08T06:00:00+0200,185.2,EUR/MWh,BE,BE,imbalance_price,Short,2026-08-23T11:28:30Z
2026-08-23T11:27:43Z,2026-08-23T13:27:43+0200,aa89dba4-771d-4653-9ac4-44e4858bfe00,2026-08-08T04:15:00Z,2026-08-08T06:15:00+0200,180.58,EUR/MWh,BE,BE,imbalance_price,Long,2026-08-23T11:28:30Z
2026-08-23T11:27:43Z,2026-08-23T13:27:43+0200,aa89dba4-771d-4653-9ac4-44e4858bfe00,2026-08-08T04:15:00Z,2026-08-08T06:15:00+0200,180.58,EUR/MWh,BE,BE,imbalance_price,Short,2026-08-23T11:28:30Z
2026-08-23T11:27:43Z,2026-08-23T13:27:43+0200,aa89dba4-771d-4653-9ac4-44e4858bfe00,2026-08-08T04:30:00Z,2026-08-08T06:30:00+0200,155.36,EUR/MWh,BE,BE,imbalance_price,Long,2026-08-23T11:28:30Z
2026-08-23T11:27:43Z,2026-08-23T13:27:43+0200,aa89dba4-771d-4653-9ac4-44e4858bfe00,2026-08-08T04:30:00Z,2026-08-08T06:30:00+0200,155.36,EUR/MWh,BE,BE,imbalance_price,Short,2026-08-23T11:28:30Z
2026-08-23T11:27:43Z,2026-08-23T13:27:43+0200,aa89dba4-771d-4653-9ac4-44e4858bfe00,2026-08-08T04:45:00Z,2026-08-08T06:45:00+0200,128.04,EUR/MWh,BE,BE,imbalance_price,Long,2026-08-23T11:28:30Z
2026-08-23T11:27:43Z,2026-08-23T13:27:43+0200,aa89dba4-771d-4653-9ac4-44e4858bfe00,2026-08-08T04:45:00Z,2026-08-08T06:45:00+0200,128.04,EUR/MWh,BE,BE,imbalance_price,Short,2026-08-23T11:28:30Z
2026-08-23T11:27:43Z,2026-08-23T13:27:43+0200,aa89dba4-771d-4653-9ac4-44e4858bfe00,2026-08-08T05:00:00Z,2026-08-08T07:00:00+0200,139.41,EUR/MWh,BE,BE,imbalance_price,Long,2026-08-23T11:28:30Z
2026-08-23T11:27:43Z,2026-08-23T13:27:43+0200,aa89dba4-771d-4653-9ac4-44e4858bfe00,2026-08-08T05:00:00Z,2026-08-08T07:00:00+0200,139.41,EUR/MWh,BE,BE,imbalance_price,Short,2026-08-23T11:28:30Z
2026-08-23T11:27:43Z,2026-08-23T13:27:43+0200,aa89dba4-771d-4653-9ac4-44e4858bfe00,2026-08-08T05:15:00Z,2026-08-08T07:15:00+0200,130.81,EUR/MWh,BE,BE,imbalance_price,Long,2026-08-23T11:28:30Z
2026-08-23T11:27:43Z,2026-08-23T13:27:43+0200,aa89dba4-771d-4653-9ac4-44e4858bfe00,2026-08-08T05:15:00Z,2026-08-08T07:15:00+0200,130.81,EUR/MWh,BE,BE,imbalance_price,Short,2026-08-23T11:28:30Z
2026-08-23T11:27:43Z,2026-08-23T13:27:43+0200,aa89dba4-771d-4653-9ac4-44e4858bfe00,2026-08-08T05:30:00Z,2026-08-08T07:30:00+0200,134.54,EUR/MWh,BE,BE,imbalance_price,Long,2026-08-23T11:28:30Z
2026-08-23T11:27:43Z,2026-08-23T13:27:43+0200,aa89dba4-771d-4653-9ac4-44e4858bfe00,2026-08-08T05:30:00Z,2026-08-08T07:30:00+0200,134.54,EUR/MWh,BE,BE,imbalance_price,Short,2026-08-23T11:28:30Z
2026-08-23T11:27:43Z,2026-08-23T13:27:43+0200,aa89dba4-771d-4653-9ac4-44e4858bfe00,2026-08-08T05:45:00Z,2026-08-08T07:45:00+0200,104.43,EUR/MWh,BE,BE,imbalance_price,Long,2026-08-23T11:28:30Z
2026-08-23T11:27:43Z,2026-08-23T13:27:43+0200,aa89dba4-771d-4653-9ac4-44e4858bfe00,2026-08-08T05:45:00Z,2026-08-08T07:45:00+0200,104.43,EUR/MWh,BE,BE,imbalance_price,Short,2026-08-23T11:28:30Z
2026-08-23T11:27:43Z,2026-08-23T13:27:43+0200,aa89dba4-771d-4653-9ac4-44e4858bfe00,2026-08-08T06:00:00Z,2026-08-08T08:00:00+0200,95.0,EUR/MWh,BE,BE,imbalance_price,Long,2026-08-23T11:28:30Z
2026-08-23T11:27:43Z,2026-08-23T13:27:43+0200,aa89dba4-771d-4653-9ac4-44e4858bfe00,2026-08-08T06:00:00Z,2026-08-08T08:00:00+0200,95.0,EUR/MWh,BE,BE,imbalance_price,Short,2026-08-23T11:28:30Z
2026-08-23T11:27:43Z,2026-08-23T13:27:43+0200,aa89dba4-771d-4653-9ac4-44e4858bfe00,2026-08-08T06:15:00Z,2026-08-08T08:15:00+0200,54.4,EUR/MWh,BE,BE,imbalance_price,Long,2026-08-23T11:28:30Z
2026-08-23T11:27:43Z,2026-08-23T13:27:43+0200,aa89dba4-771d-4653-9ac4-44e4858bfe00,2026-08-08T06:15:00Z,2026-08-08T08:15:00+0200,54.4,EUR/MWh,BE,BE,imbalance_price,Short,2026-08-23T11:28:30Z
2026-08-23T11:27:43Z,2026-08-23T13:27:43+0200,aa89dba4-771d-4653-9ac4-44e4858bfe00,2026-08-08T06:30:00Z,2026-08-08T08:30:00+0200,57.53,EUR/MWh,BE,BE,imbalance_price,Long,2026-08-23T11:28:30Z
2026-08-23T11:27:43Z,2026-08-23T13:27:43+0200,aa89dba4-771d-4653-9ac4-44e4858bfe00,2026-08-08T06:30:00Z,2026-08-08T08:30:00+0200,57.53,EUR/MWh,BE,BE,imbalance_price,Short,2026-08-23T11:28:30Z
2026-08-23T11:27:43Z,2026-08-23T13:27:43+0200,aa89dba4-771d-4653-9ac4-44e4858bfe00,2026-08-08T06:45:00Z,2026-08-08T08:45:00+0200,19.87,EUR/MWh,BE,BE,imbalance_price,Long,2026-08-23T11:28:30Z
2026-08-23T11:27:43Z,2026-08-23T13:27:43+0200,aa89dba4-771d-4653-9ac4-44e4858bfe00,2026-08-08T06:45:00Z,2026-08-08T08:45:00+0200,19.87,EUR/MWh,BE,BE,imbalance_price,Short,2026-08-23T11:28:30Z
2026-08-23T11:27:43Z,2026-08-23T13:27:43+0200,aa89dba4-771d-4653-9ac4-44e4858bfe00,2026-08-08T07:00:00Z,2026-08-08T09:00:00+0200,50.0,EUR/MWh,BE,BE,imbalance_price,Long,2026-08-23T11:28:30Z
2026-08-23T11:27:43Z,2026-08-23T13:27:43+0200,aa89dba4-771d-4653-9ac4-44e4858bfe00,2026-08-08T07:00:00Z,2026-08-08T09:00:00+0200,50.0,EUR/MWh,BE,BE,imbalance_price,Short,2026-08-23T11:28:30Z
2026-08-23T11:27:43Z,2026-08-23T13:27:43+0200,aa89dba4-771d-4653-9ac4-44e4858bfe00,2026-08-08T07:15:00Z,2026-08-08T09:15:00+0200,21.11,EUR/MWh,BE,BE,imbalance_price,Long,2026-08-23T11:28:30Z
2026-08-23T11:27:43Z,2026-08-23T13:27:43+0200,aa89dba4-771d-4653-9ac4-44e4858bfe00,2026-08-08T07:15:00Z,2026-08-08T09:15:00+0200,21.11,EUR/MWh,BE,BE,imbalance_price,Short,2026-08-23T11:28:30Z
2026-08-23T11:27:43Z,2026-08-23T13:27:43+0200,aa89dba4-771d-4653-9ac4-44e4858bfe00,2026-08-08T07:30:00Z,2026-08-08T09:30:00+0200,0.98,EUR/MWh,BE,BE,imbalance_price,Long,2026-08-23T11:28:30Z
2026-08-23T11:27:43Z,2026-08-23T13:27:43+0200,aa89dba4-771d-4653-9ac4-44e4858bfe00,2026-08-08T07:30:00Z,2026-08-08T09:30:00+0200,0.98,EUR/MWh,BE,BE,imbalance_price,Short,2026-08-23T11:28:30Z
2026-08-23T11:27:43Z,2026-08-23T13:27:43+0200,aa89dba4-771d-4653-9ac4-44e4858bfe00,2026-08-08T07:45:00Z,2026-08-08T09:45:00+0200,-6.23,EUR/MWh,BE,BE,imbalance_price,Long,2026-08-23T11:28:30Z
2026-08-23T11:27:43Z,2026-08-23T13:27:43+0200,aa89dba4-771d-4653-9ac4-44e4858bfe00,2026-08-08T07:45:00Z,2026-08-08T09:45:00+0200,-6.23,EUR/MWh,BE,BE,imbalance_price,Short,2026-08-23T11:28:30Z
2026-08-23T11:27:43Z,2026-08-23T13:27:43+0200,aa89dba4-771d-4653-9ac4-44e4858bfe00,2026-08-08T08:00:00Z,2026-08-08T10:00:00+0200,65.0,EUR/MWh,BE,BE,imbalance_price,Long,2026-08-23T11:28:30Z
2026-08-23T11:27:43Z,2026-08-23T13:27:43+0200,aa89dba4-771d-4653-9ac4-44e4858bfe00,2026-08-08T08:00:00Z,2026-08-08T10:00:00+0200,65.0,EUR/MWh,BE,BE,imbalance_price,Short,2026-08-23T11:28:30Z
2026-08-23T11:27:43Z,2026-08-23T13:27:43+0200,aa89dba4-771d-4653-9ac4-44e4858bfe00,2026-08-08T08:15:00Z,2026-08-08T10:15:00+0200,-0.49,EUR/MWh,BE,BE,imbalance_price,Long,2026-08-23T11:28:30Z
2026-08-23T11:27:43Z,2026-08-23T13:27:43+0200,aa89dba4-771d-4653-9ac4-44e4858bfe00,2026-08-08T08:15:00Z,2026-08-08T10:15:00+0200,-0.49,EUR/MWh,BE,BE,imbalance_price,Short,2026-08-23T11:28:30Z
2026-08-23T11:27:43Z,2026-08-23T13:27:43+0200,aa89dba4-771d-4653-9ac4-44e4858bfe00,2026-08-08T08:30:00Z,2026-08-08T10:30:00+0200,10.38,EUR/MWh,BE,BE,imbalance_price,Long,2026-08-23T11:28:30Z
2026-08-23T11:27:43Z,2026-08-23T13:27:43+0200,aa89dba4-771d-4653-9ac4-44e4858bfe00,2026-08-08T08:30:00Z,2026-08-08T10:30:00+0200,10.38,EUR/MWh,BE,BE,imbalance_price,Short,2026-08-23T11:28:30Z
2026-08-23T11:27:43Z,2026-08-23T13:27:43+0200,aa89dba4-771d-4653-9ac4-44e4858bfe00,2026-08-08T08:45:00Z,2026-08-08T10:45:00+0200,5.2,EUR/MWh,BE,BE,imbalance_price,Long,2026-08-23T11:28:30Z
2026-08-23T11:27:43Z,2026-08-23T13:27:43+0200,aa89dba4-771d-4653-9ac4-44e4858bfe00,2026-08-08T08:45:00Z,2026-08-08T10:45:00+0200,5.2,EUR/MWh,BE,BE,imbalance_price,Short,2026-08-23T11:28:30Z
2026-08-23T11:27:43Z,2026-08-23T13:27:43+0200,aa89dba4-771d-4653-9ac4-44e4858bfe00,2026-08-08T09:00:00Z,2026-08-08T11:00:00+0200,9.78,EUR/MWh,BE,BE,imbalance_price,Long,2026-08-23T11:28:30Z
2026-08-23T11:27:43Z,2026-08-23T13:27:43+0200,aa89dba4-771d-4653-9ac4-44e4858bfe00,2026-08-08T09:00:00Z,2026-08-08T11:00:00+0200,9.78,EUR/MWh,BE,BE,imbalance_price,Short,2026-08-23T11:28:30Z
2026-08-23T11:27:43Z,2026-08-23T13:27:43+0200,aa89dba4-771d-4653-9ac4-44e4858bfe00,2026-08-08T09:15:00Z,2026-08-08T11:15:00+0200,-2.37,EUR/MWh,BE,BE,imbalance_price,Long,2026-08-23T11:28:30Z
2026-08-23T11:27:43Z,2026-08-23T13:27:43+0200,aa89dba4-771d-4653-9ac4-44e4858bfe00,2026-08-08T09:15:00Z,2026-08-08T11:15:00+0200,-2.37,EUR/MWh,BE,BE,imbalance_price,Short,2026-08-23T11:28:30Z
2026-08-23T11:27:43Z,2026-08-23T13:27:43+0200,aa89dba4-771d-4653-9ac4-44e4858bfe00,2026-08-08T09:30:00Z,2026-08-08T11:30:00+0200,-3.66,EUR/MWh,BE,BE,imbalance_price,Long,2026-08-23T11:28:30Z
2026-08-23T11:27:43Z,2026-08-23T13:27:43+0200,aa89dba4-771d-4653-9ac4-44e4858bfe00,2026-08-08T09:30:00Z,2026-08-08T11:30:00+0200,-3.66,EUR/MWh,BE,BE,imbalance_price,Short,2026-08-23T11:28:30Z
2026-08-23T11:27:43Z,2026-08-23T13:27:43+0200,aa89dba4-771d-4653-9ac4-44e4858bfe00,2026-08-08T09:45:00Z,2026-08-08T11:45:00+0200,-10.64,EUR/MWh,BE,BE,imbalance_price,Long,2026-08-23T11:28:30Z
2026-08-23T11:27:43Z,2026-08-23T13:27:43+0200,aa89dba4-771d-4653-9ac4-44e4858bfe00,2026-08-08T09:45:00Z,2026-08-08T11:45:00+0200,-10.64,EUR/MWh,BE,BE,imbalance_price,Short,2026-08-23T11:28:30Z
2026-08-23T11:27:43Z,2026-08-23T13:27:43+0200,aa89dba4-771d-4653-9ac4-44e4858bfe00,2026-08-08T10:00:00Z,2026-08-08T12:00:00+0200,-8.56,EUR/MWh,BE,BE,imbalance_price,Long,2026-08-23T11:28:30Z
2026-08-23T11:27:43Z,2026-08-23T13:27:43+0200,aa89dba4-771d-4653-9ac4-44e4858bfe00,2026-08-08T10:00:00Z,2026-08-08T12:00:00+0200,-8.56,EUR/MWh,BE,BE,imbalance_price,Short,2026-08-23T11:28:30Z
2026-08-23T11:27:43Z,2026-08-23T13:27:43+0200,aa89dba4-771d-4653-9ac4-44e4858bfe00,2026-08-08T10:15:00Z,2026-08-08T12:15:00+0200,-6.19,EUR/MWh,BE,BE,imbalance_price,Long,2026-08-23T11:28:30Z
2026-08-23T11:27:43Z,2026-08-23T13:27:43+0200,aa89dba4-771d-4653-9ac4-44e4858bfe00,2026-08-08T10:15:00Z,2026-08-08T12:15:00+0200,-6.19,EUR/MWh,BE,BE,imbalance_price,Short,2026-08-23T11:28:30Z
2026-08-23T11:27:43Z,2026-08-23T13:27:43+0200,aa89dba4-771d-4653-9ac4-44e4858bfe00,2026-08-08T10:30:00Z,2026-08-08T12:30:00+0200,-0.25,EUR/MWh,BE,BE,imbalance_price,Long,2026-08-23T11:28:30Z
2026-08-23T11:27:43Z,2026-08-23T13:27:43+0200,aa89dba4-771d-4653-9ac4-44e4858bfe00,2026-08-08T10:30:00Z,2026-08-08T12:30:00+0200,-0.25,EUR/MWh,BE,BE,imbalance_price,Short,2026-08-23T11:28:30Z
2026-08-23T11:27:43Z,2026-08-23T13:27:43+0200,aa89dba4-771d-4653-9ac4-44e4858bfe00,2026-08-08T10:45:00Z,2026-08-08T12:45:00+0200,-4.47,EUR/MWh,BE,BE,imbalance_price,Long,2026-08-23T11:28:30Z
2026-08-23T11:27:43Z,2026-08-23T13:27:43+0200,aa89dba4-771d-4653-9ac4-44e4858bfe00,2026-08-08T10:45:00Z,2026-08-08T12:45:00+0200,-4.47,EUR/MWh,BE,BE,imbalance_price,Short,2026-08-23T11:28:30Z
2026-08-23T11:27:43Z,2026-08-23T13:27:43+0200,aa89dba4-771d-4653-9ac4-44e4858bfe00,2026-08-08T11:00:00Z,2026-08-08T13:00:00+0200,-1.6,EUR/MWh,BE,BE,imbalance_price,Long,2026-08-23T11:28:30Z
2026-08-23T11:27:43Z,2026-08-23T13:27:43+0200,aa89dba4-771d-4653-9ac4-44e4858bfe00,2026-08-08T11:00:00Z,2026-08-08T13:00:00+0200,-1.6,EUR/MWh,BE,BE,imbalance_price,Short,2026-08-23T11:28:30Z
2026-08-23T11:27:43Z,2026-08-23T13:27:43+0200,aa89dba4-771d-4653-9ac4-44e4858bfe00,2026-08-08T11:15:00Z,2026-08-08T13:15:00+0200,-11.09,EUR/MWh,BE,BE,imbalance_price,Long,2026-08-23T11:28:30Z
2026-08-23T11:27:43Z,2026-08-23T13:27:43+0200,aa89dba4-771d-4653-9ac4-44e4858bfe00,2026-08-08T11:15:00Z,2026-08-08T13:15:00+0200,-11.09,EUR/MWh,BE,BE,imbalance_price,Short,2026-08-23T11:28:30Z
2026-08-23T11:27:43Z,2026-08-23T13:27:43+0200,aa89dba4-771d-4653-9ac4-44e4858bfe00,2026-08-08T11:30:00Z,2026-08-08T13:30:00+0200,-15.33,EUR/MWh,BE,BE,imbalance_price,Long,2026-08-23T11:28:30Z
2026-08-23T11:27:43Z,2026-08-23T13:27:43+0200,aa89dba4-771d-4653-9ac4-44e4858bfe00,2026-08-08T11:30:00Z,2026-08-08T13:30:00+0200,-15.33,EUR/MWh,BE,BE,imbalance_price,Short,2026-08-23T11:28:30Z
2026-08-23T11:27:43Z,2026-08-23T13:27:43+0200,aa89dba4-771d-4653-9ac4-44e4858bfe00,2026-08-08T11:45:00Z,2026-08-08T13:45:00+0200,-11.84,EUR/MWh,BE,BE,imbalance_price,Long,2026-08-23T11:28:30Z
2026-08-23T11:27:43Z,2026-08-23T13:27:43+0200,aa89dba4-771d-4653-9ac4-44e4858bfe00,2026-08-08T11:45:00Z,2026-08-08T13:45:00+0200,-11.84,EUR/MWh,BE,BE,imbalance_price,Short,2026-08-23T11:28:30Z
2026-08-23T11:27:43Z,2026-08-23T13:27:43+0200,aa89dba4-771d-4653-9ac4-44e4858bfe00,2026-08-08T12:00:00Z,2026-08-08T14:00:00+0200,-14.91,EUR/MWh,BE,BE,imbalance_price,Long,2026-08-23T11:28:30Z
2026-08-23T11:27:43Z,2026-08-23T13:27:43+0200,aa89dba4-771d-4653-9ac4-44e4858bfe00,2026-08-08T12:00:00Z,2026-08-08T14:00:00+0200,-14.91,EUR/MWh,BE,BE,imbalance_price,Short,2026-08-23T11:28:30Z
2026-08-23T11:27:43Z,2026-08-23T13:27:43+0200,aa89dba4-771d-4653-9ac4-44e4858bfe00,2026-08-08T12:15:00Z,2026-08-08T14:15:00+0200,-8.23,EUR/MWh,BE,BE,imbalance_price,Long,2026-08-23T11:28:30Z
2026-08-23T11:27:43Z,2026-08-23T13:27:43+0200,aa89dba4-771d-4653-9ac4-44e4858bfe00,2026-08-08T12:15:00Z,2026-08-08T14:15:00+0200,-8.23,EUR/MWh,BE,BE,imbalance_price,Short,2026-08-23T11:28:30Z
2026-08-23T11:27:43Z,2026-08-23T13:27:43+0200,aa89dba4-771d-4653-9ac4-44e4858bfe00,2026-08-08T12:30:00Z,2026-08-08T14:30:00+0200,-7.12,EUR/MWh,BE,BE,imbalance_price,Long,2026-08-23T11:28:30Z
2026-08-23T11:27:43Z,2026-08-23T13:27:43+0200,aa89dba4-771d-4653-9ac4-44e4858bfe00,2026-08-08T12:30:00Z,2026-08-08T14:30:00+0200,-7.12,EUR/MWh,BE,BE,imbalance_price,Short,2026-08-23T11:28:30Z
2026-08-23T11:27:43Z,2026-08-23T13:27:43+0200,aa89dba4-771d-4653-9ac4-44e4858bfe00,2026-08-08T12:45:00Z,2026-08-08T14:45:00+0200,-2.3,EUR/MWh,BE,BE,imbalance_price,Long,2026-08-23T11:28:30Z
2026-08-23T11:27:43Z,2026-08-23T13:27:43+0200,aa89dba4-771d-4653-9ac4-44e4858bfe00,2026-08-08T12:45:00Z,2026-08-08T14:45:00+0200,-2.3,EUR/MWh,BE,BE,imbalance_price,Short,2026-08-23T11:28:30Z
2026-08-23T11:27:43Z,2026-08-23T13:27:43+0200,aa89dba4-771d-4653-9ac4-44e4858bfe00,2026-08-08T13:00:00Z,2026-08-08T15:00:00+0200,-16.29,EUR/MWh,BE,BE,imbalance_price,Long,2026-08-23T11:28:30Z
2026-08-23T11:27:43Z,2026-08-23T13:27:43+0200,aa89dba4-771d-4653-9ac4-44e4858bfe00,2026-08-08T13:00:00Z,2026-08-08T15:00:00+0200,-16.29,EUR/MWh,BE,BE,imbalance_price,Short,2026-08-23T11:28:30Z
2026-08-23T11:27:43Z,2026-08-23T13:27:43+0200,aa89dba4-771d-4653-9ac4-44e4858bfe00,2026-08-08T13:15:00Z,2026-08-08T15:15:00+0200,-22.41,EUR/MWh,BE,BE,imbalance_price,Long,2026-08-23T11:28:30Z
2026-08-23T11:27:43Z,2026-08-23T13:27:43+0200,aa89dba4-771d-4653-9ac4-44e4858bfe00,2026-08-08T13:15:00Z,2026-08-08T15:15:00+0200,-22.41,EUR/MWh,BE,BE,imbalance_price,Short,2026-08-23T11:28:30Z
2026-08-23T11:27:43Z,2026-08-23T13:27:43+0200,aa89dba4-771d-4653-9ac4-44e4858bfe00,2026-08-08T13:30:00Z,2026-08-08T15:30:00+0200,-22.27,EUR/MWh,BE,BE,imbalance_price,Long,2026-08-23T11:28:30Z
2026-08-23T11:27:43Z,2026-08-23T13:27:43+0200,aa89dba4-771d-4653-9ac4-44e4858bfe00,2026-08-08T13:30:00Z,2026-08-08T15:30:00+0200,-22.27,EUR/MWh,BE,BE,imbalance_price,Short,2026-08-23T11:28:30Z
2026-08-23T11:27:43Z,2026-08-23T13:27:43+0200,aa89dba4-771d-4653-9ac4-44e4858bfe00,2026-08-08T13:45:00Z,2026-08-08T15:45:00+0200,-0.91,EUR/MWh,BE,BE,imbalance_price,Long,2026-08-23T11:28:30Z
2026-08-23T11:27:43Z,2026-08-23T13:27:43+0200,aa89dba4-771d-4653-9ac4-44e4858bfe00,2026-08-08T13:45:00Z,2026-08-08T15:45:00+0200,-0.91,EUR/MWh,BE,BE,imbalance_price,Short,2026-08-23T11:28:30Z
2026-08-23T11:27:43Z,2026-08-23T13:27:43+0200,aa89dba4-771d-4653-9ac4-44e4858bfe00,2026-08-08T14:00:00Z,2026-08-08T16:00:00+0200,9.14,EUR/MWh,BE,BE,imbalance_price,Long,2026-08-23T11:28:30Z
2026-08-23T11:27:43Z,2026-08-23T13:27:43+0200,aa89dba4-771d-4653-9ac4-44e4858bfe00,2026-08-08T14:00:00Z,2026-08-08T16:00:00+0200,9.14,EUR/MWh,BE,BE,imbalance_price,Short,2026-08-23T11:28:30Z
2026-08-23T11:27:43Z,2026-08-23T13:27:43+0200,aa89dba4-771d-4653-9ac4-44e4858bfe00,2026-08-08T14:15:00Z,2026-08-08T16:15:00+0200,11.38,EUR/MWh,BE,BE,imbalance_price,Long,2026-08-23T11:28:30Z
2026-08-23T11:27:43Z,2026-08-23T13:27:43+0200,aa89dba4-771d-4653-9ac4-44e4858bfe00,2026-08-08T14:15:00Z,2026-08-08T16:15:00+0200,11.38,EUR/MWh,BE,BE,imbalance_price,Short,2026-08-23T11:28:30Z
2026-08-23T11:27:43Z,2026-08-23T13:27:43+0200,aa89dba4-771d-4653-9ac4-44e4858bfe00,2026-08-08T14:30:00Z,2026-08-08T16:30:00+0200,6.19,EUR/MWh,BE,BE,imbalance_price,Long,2026-08-23T11:28:30Z
2026-08-23T11:27:43Z,2026-08-23T13:27:43+0200,aa89dba4-771d-4653-9ac4-44e4858bfe00,2026-08-08T14:30:00Z,2026-08-08T16:30:00+0200,6.19,EUR/MWh,BE,BE,imbalance_price,Short,2026-08-23T11:28:30Z
2026-08-23T11:27:43Z,2026-08-23T13:27:43+0200,aa89dba4-771d-4653-9ac4-44e4858bfe00,2026-08-08T14:45:00Z,2026-08-08T16:45:00+0200,-2.3,EUR/MWh,BE,BE,imbalance_price,Long,2026-08-23T11:28:30Z
2026-08-23T11:27:43Z,2026-08-23T13:27:43+0200,aa89dba4-771d-4653-9ac4-44e4858bfe00,2026-08-08T14:45:00Z,2026-08-08T16:45:00+0200,-2.3,EUR/MWh,BE,BE,imbalance_price,Short,2026-08-23T11:28:30Z
2026-08-23T11:27:43Z,2026-08-23T13:27:43+0200,aa89dba4-771d-4653-9ac4-44e4858bfe00,2026-08-08T15:00:00Z,2026-08-08T17:00:00+0200,42.32,EUR/MWh,BE,BE,imbalance_price,Long,2026-08-23T11:28:30Z
2026-08-23T11:27:43Z,2026-08-23T13:27:43+0200,aa89dba4-771d-4653-9ac4-44e4858bfe00,2026-08-08T15:00:00Z,2026-08-08T17:00:00+0200,42.32,EUR/MWh,BE,BE,imbalance_price,Short,2026-08-23T11:28:30Z
2026-08-23T11:27:43Z,2026-08-23T13:27:43+0200,aa89dba4-771d-4653-9ac4-44e4858bfe00,2026-08-08T15:15:00Z,2026-08-08T17:15:00+0200,68.9,EUR/MWh,BE,BE,imbalance_price,Long,2026-08-23T11:28:30Z
2026-08-23T11:27:43Z,2026-08-23T13:27:43+0200,aa89dba4-771d-4653-9ac4-44e4858bfe00,2026-08-08T15:15:00Z,2026-08-08T17:15:00+0200,68.9,EUR/MWh,BE,BE,imbalance_price,Short,2026-08-23T11:28:30Z
2026-08-23T11:27:43Z,2026-08-23T13:27:43+0200,aa89dba4-771d-4653-9ac4-44e4858bfe00,2026-08-08T15:30:00Z,2026-08-08T17:30:00+0200,77.8,EUR/MWh,BE,BE,imbalance_price,Long,2026-08-23T11:28:30Z
2026-08-23T11:27:43Z,2026-08-23T13:27:43+0200,aa89dba4-771d-4653-9ac4-44e4858bfe00,2026-08-08T15:30:00Z,2026-08-08T17:30:00+0200,77.8,EUR/MWh,BE,BE,imbalance_price,Short,2026-08-23T11:28:30Z
2026-08-23T11:27:43Z,2026-08-23T13:27:43+0200,aa89dba4-771d-4653-9ac4-44e4858bfe00,2026-08-08T15:45:00Z,2026-08-08T17:45:00+0200,148.03,EUR/MWh,BE,BE,imbalance_price,Long,2026-08-23T11:28:30Z
2026-08-23T11:27:43Z,2026-08-23T13:27:43+0200,aa89dba4-771d-4653-9ac4-44e4858bfe00,2026-08-08T15:45:00Z,2026-08-08T17:45:00+0200,148.03,EUR/MWh,BE,BE,imbalance_price,Short,2026-08-23T11:28:30Z
2026-08-23T11:27:43Z,2026-08-23T13:27:43+0200,aa89dba4-771d-4653-9ac4-44e4858bfe00,2026-08-08T16:00:00Z,2026-08-08T18:00:00+0200,115.98,EUR/MWh,BE,BE,imbalance_price,Long,2026-08-23T11:28:30Z
2026-08-23T11:27:43Z,2026-08-23T13:27:43+0200,aa89dba4-771d-4653-9ac4-44e4858bfe00,2026-08-08T16:00:00Z,2026-08-08T18:00:00+0200,115.98,EUR/MWh,BE,BE,imbalance_price,Short,2026-08-23T11:28:30Z
2026-08-23T11:27:43Z,2026-08-23T13:27:43+0200,aa89dba4-771d-4653-9ac4-44e4858bfe00,2026-08-08T16:15:00Z,2026-08-08T18:15:00+0200,120.99,EUR/MWh,BE,BE,imbalance_price,Long,2026-08-23T11:28:30Z
2026-08-23T11:27:43Z,2026-08-23T13:27:43+0200,aa89dba4-771d-4653-9ac4-44e4858bfe00,2026-08-08T16:15:00Z,2026-08-08T18:15:00+0200,120.99,EUR/MWh,BE,BE,imbalance_price,Short,2026-08-23T11:28:30Z
2026-08-23T11:27:43Z,2026-08-23T13:27:43+0200,aa89dba4-771d-4653-9ac4-44e4858bfe00,2026-08-08T16:30:00Z,2026-08-08T18:30:00+0200,144.46,EUR/MWh,BE,BE,imbalance_price,Long,2026-08-23T11:28:30Z
2026-08-23T11:27:43Z,2026-08-23T13:27:43+0200,aa89dba4-771d-4653-9ac4-44e4858bfe00,2026-08-08T16:30:00Z,2026-08-08T18:30:00+0200,144.46,EUR/MWh,BE,BE,imbalance_price,Short,2026-08-23T11:28:30Z
2026-08-23T11:27:43Z,2026-08-23T13:27:43+0200,aa89dba4-771d-4653-9ac4-44e4858bfe00,2026-08-08T16:45:00Z,2026-08-08T18:45:00+0200,175.86,EUR/MWh,BE,BE,imbalance_price,Long,2026-08-23T11:28:30Z
2026-08-23T11:27:43Z,2026-08-23T13:27:43+0200,aa89dba4-771d-4653-9ac4-44e4858bfe00,2026-08-08T16:45:00Z,2026-08-08T18:45:00+0200,175.86,EUR/MWh,BE,BE,imbalance_price,Short,2026-08-23T11:28:30Z
2026-08-23T11:27:43Z,2026-08-23T13:27:43+0200,aa89dba4-771d-4653-9ac4-44e4858bfe00,2026-08-08T17:00:00Z,2026-08-08T19:00:00+0200,153.01,EUR/MWh,BE,BE,imbalance_price,Long,2026-08-23T11:28:30Z
2026-08-23T11:27:43Z,2026-08-23T13:27:43+0200,aa89dba4-771d-4653-9ac4-44e4858bfe00,2026-08-08T17:00:00Z,2026-08-08T19:00:00+0200,153.01,EUR/MWh,BE,BE,imbalance_price,Short,2026-08-23T11:28:30Z
2026-08-23T11:27:43Z,2026-08-23T13:27:43+0200,aa89dba4-771d-4653-9ac4-44e4858bfe00,2026-08-08T17:15:00Z,2026-08-08T19:15:00+0200,249.92,EUR/MWh,BE,BE,imbalance_price,Long,2026-08-23T11:28:30Z
2026-08-23T11:27:43Z,2026-08-23T13:27:43+0200,aa89dba4-771d-4653-9ac4-44e4858bfe00,2026-08-08T17:15:00Z,2026-08-08T19:15:00+0200,249.92,EUR/MWh,BE,BE,imbalance_price,Short,2026-08-23T11:28:30Z
2026-08-23T11:27:43Z,2026-08-23T13:27:43+0200,aa89dba4-771d-4653-9ac4-44e4858bfe00,2026-08-08T17:30:00Z,2026-08-08T19:30:00+0200,176.91,EUR/MWh,BE,BE,imbalance_price,Long,2026-08-23T11:28:30Z
2026-08-23T11:27:43Z,2026-08-23T13:27:43+0200,aa89dba4-771d-4653-9ac4-44e4858bfe00,2026-08-08T17:30:00Z,2026-08-08T19:30:00+0200,176.91,EUR/MWh,BE,BE,imbalance_price,Short,2026-08-23T11:28:30Z
2026-08-23T11:27:43Z,2026-08-23T13:27:43+0200,aa89dba4-771d-4653-9ac4-44e4858bfe00,2026-08-08T17:45:00Z,2026-08-08T19:45:00+0200,189.73,EUR/MWh,BE,BE,imbalance_price,Long,2026-08-23T11:28:30Z
2026-08-23T11:27:43Z,2026-08-23T13:27:43+0200,aa89dba4-771d-4653-9ac4-44e4858bfe00,2026-08-08T17:45:00Z,2026-08-08T19:45:00+0200,189.73,EUR/MWh,BE,BE,imbalance_price,Short,2026-08-23T11:28:30Z
2026-08-23T11:27:43Z,2026-08-23T13:27:43+0200,aa89dba4-771d-4653-9ac4-44e4858bfe00,2026-08-08T18:00:00Z,2026-08-08T20:00:00+0200,174.84,EUR/MWh,BE,BE,imbalance_price,Long,2026-08-23T11:28:30Z
2026-08-23T11:27:43Z,2026-08-23T13:27:43+0200,aa89dba4-771d-4653-9ac4-44e4858bfe00,2026-08-08T18:00:00Z,2026-08-08T20:00:00+0200,174.84,EUR/MWh,BE,BE,imbalance_price,Short,2026-08-23T11:28:30Z
2026-08-23T11:27:43Z,2026-08-23T13:27:43+0200,aa89dba4-771d-4653-9ac4-44e4858bfe00,2026-08-08T18:15:00Z,2026-08-08T20:15:00+0200,145.46,EUR/MWh,BE,BE,imbalance_price,Long,2026-08-23T11:28:30Z
2026-08-23T11:27:43Z,2026-08-23T13:27:43+0200,aa89dba4-771d-4653-9ac4-44e4858bfe00,2026-08-08T18:15:00Z,2026-08-08T20:15:00+0200,145.46,EUR/MWh,BE,BE,imbalance_price,Short,2026-08-23T11:28:30Z
2026-08-23T11:27:43Z,2026-08-23T13:27:43+0200,aa89dba4-771d-4653-9ac4-44e4858bfe00,2026-08-08T18:30:00Z,2026-08-08T20:30:00+0200,188.62,EUR/MWh,BE,BE,imbalance_price,Long,2026-08-23T11:28:30Z
2026-08-23T11:27:43Z,2026-08-23T13:27:43+0200,aa89dba4-771d-4653-9ac4-44e4858bfe00,2026-08-08T18:30:00Z,2026-08-08T20:30:00+0200,188.62,EUR/MWh,BE,BE,imbalance_price,Short,2026-08-23T11:28:30Z
2026-08-23T11:27:43Z,2026-08-23T13:27:43+0200,aa89dba4-771d-4653-9ac4-44e4858bfe00,2026-08-08T18:45:00Z,2026-08-08T20:45:00+0200,170.32,EUR/MWh,BE,BE,imbalance_price,Long,2026-08-23T11:28:30Z
2026-08-23T11:27:43Z,2026-08-23T13:27:43+0200,aa89dba4-771d-4653-9ac4-44e4858bfe00,2026-08-08T18:45:00Z,2026-08-08T20:45:00+0200,170.32,EUR/MWh,BE,BE,imbalance_price,Short,2026-08-23T11:28:30Z
2026-08-23T11:27:43Z,2026-08-23T13:27:43+0200,aa89dba4-771d-4653-9ac4-44e4858bfe00,2026-08-08T19:00:00Z,2026-08-08T21:00:00+0200,177.88,EUR/MWh,BE,BE,imbalance_price,Long,2026-08-23T11:28:30Z
2026-08-23T11:27:43Z,2026-08-23T13:27:43+0200,aa89dba4-771d-4653-9ac4-44e4858bfe00,2026-08-08T19:00:00Z,2026-08-08T21:00:00+0200,177.88,EUR/MWh,BE,BE,imbalance_price,Short,2026-08-23T11:28:30Z
2026-08-23T11:27:43Z,2026-08-23T13:27:43+0200,aa89dba4-771d-4653-9ac4-44e4858bfe00,2026-08-08T19:15:00Z,2026-08-08T21:15:00+0200,162.21,EUR/MWh,BE,BE,imbalance_price,Long,2026-08-23T11:28:30Z
2026-08-23T11:27:43Z,2026-08-23T13:27:43+0200,aa89dba4-771d-4653-9ac4-44e4858bfe00,2026-08-08T19:15:00Z,2026-08-08T21:15:00+0200,162.21,EUR/MWh,BE,BE,imbalance_price,Short,2026-08-23T11:28:30Z
2026-08-23T11:27:43Z,2026-08-23T13:27:43+0200,aa89dba4-771d-4653-9ac4-44e4858bfe00,2026-08-08T19:30:00Z,2026-08-08T21:30:00+0200,177.42,EUR/MWh,BE,BE,imbalance_price,Long,2026-08-23T11:28:30Z
2026-08-23T11:27:43Z,2026-08-23T13:27:43+0200,aa89dba4-771d-4653-9ac4-44e4858bfe00,2026-08-08T19:30:00Z,2026-08-08T21:30:00+0200,177.42,EUR/MWh,BE,BE,imbalance_price,Short,2026-08-23T11:28:30Z
2026-08-23T11:27:43Z,2026-08-23T13:27:43+0200,aa89dba4-771d-4653-9ac4-44e4858bfe00,2026-08-08T19:45:00Z,2026-08-08T21:45:00+0200,116.98,EUR/MWh,BE,BE,imbalance_price,Long,2026-08-23T11:28:30Z
2026-08-23T11:27:43Z,2026-08-23T13:27:43+0200,aa89dba4-771d-4653-9ac4-44e4858bfe00,2026-08-08T19:45:00Z,2026-08-08T21:45:00+0200,116.98,EUR/MWh,BE,BE,imbalance_price,Short,2026-08-23T11:28:30Z
2026-08-23T11:27:43Z,2026-08-23T13:27:43+0200,aa89dba4-771d-4653-9ac4-44e4858bfe00,2026-08-08T20:00:00Z,2026-08-08T22:00:00+0200,135.53,EUR/MWh,BE,BE,imbalance_price,Long,2026-08-23T11:28:30Z
2026-08-23T11:27:43Z,2026-08-23T13:27:43+0200,aa89dba4-771d-4653-9ac4-44e4858bfe00,2026-08-08T20:00:00Z,2026-08-08T22:00:00+0200,135.53,EUR/MWh,BE,BE,imbalance_price,Short,2026-08-23T11:28:30Z
2026-08-23T11:27:43Z,2026-08-23T13:27:43+0200,aa89dba4-771d-4653-9ac4-44e4858bfe00,2026-08-08T20:15:00Z,2026-08-08T22:15:00+0200,165.95,EUR/MWh,BE,BE,imbalance_price,Long,2026-08-23T11:28:30Z
2026-08-23T11:27:43Z,2026-08-23T13:27:43+0200,aa89dba4-771d-4653-9ac4-44e4858bfe00,2026-08-08T20:15:00Z,2026-08-08T22:15:00+0200,165.95,EUR/MWh,BE,BE,imbalance_price,Short,2026-08-23T11:28:30Z
2026-08-23T11:27:43Z,2026-08-23T13:27:43+0200,aa89dba4-771d-4653-9ac4-44e4858bfe00,2026-08-08T20:30:00Z,2026-08-08T22:30:00+0200,161.52,EUR/MWh,BE,BE,imbalance_price,Long,2026-08-23T11:28:30Z
2026-08-23T11:27:43Z,2026-08-23T13:27:43+0200,aa89dba4-771d-4653-9ac4-44e4858bfe00,2026-08-08T20:30:00Z,2026-08-08T22:30:00+0200,161.52,EUR/MWh,BE,BE,imbalance_price,Short,2026-08-23T11:28:30Z
2026-08-23T11:27:43Z,2026-08-23T13:27:43+0200,aa89dba4-771d-4653-9ac4-44e4858bfe00,2026-08-08T20:45:00Z,2026-08-08T22:45:00+0200,152.91,EUR/MWh,BE,BE,imbalance_price,Long,2026-08-23T11:28:30Z
2026-08-23T11:27:43Z,2026-08-23T13:27:43+0200,aa89dba4-771d-4653-9ac4-44e4858bfe00,2026-08-08T20:45:00Z,2026-08-08T22:45:00+0200,152.91,EUR/MWh,BE,BE,imbalance_price,Short,2026-08-23T11:28:30Z
2026-08-23T11:27:43Z,2026-08-23T13:27:43+0200,aa89dba4-771d-4653-9ac4-44e4858bfe00,2026-08-08T21:00:00Z,2026-08-08T23:00:00+0200,143.92,EUR/MWh,BE,BE,imbalance_price,Long,2026-08-23T11:28:30Z
2026-08-23T11:27:43Z,2026-08-23T13:27:43+0200,aa89dba4-771d-4653-9ac4-44e4858bfe00,2026-08-08T21:00:00Z,2026-08-08T23:00:00+0200,143.92,EUR/MWh,BE,BE,imbalance_price,Short,2026-08-23T11:28:30Z
2026-08-23T11:27:43Z,2026-08-23T13:27:43+0200,aa89dba4-771d-4653-9ac4-44e4858bfe00,2026-08-08T21:15:00Z,2026-08-08T23:15:00+0200,144.67,EUR/MWh,BE,BE,imbalance_price,Long,2026-08-23T11:28:30Z
2026-08-23T11:27:43Z,2026-08-23T13:27:43+0200,aa89dba4-771d-4653-9ac4-44e4858bfe00,2026-08-08T21:15:00Z,2026-08-08T23:15:00+0200,144.67,EUR/MWh,BE,BE,imbalance_price,Short,2026-08-23T11:28:30Z
2026-08-23T11:27:43Z,2026-08-23T13:27:43+0200,aa89dba4-771d-4653-9ac4-44e4858bfe00,2026-08-08T21:30:00Z,2026-08-08T23:30:00+0200,134.11,EUR/MWh,BE,BE,imbalance_price,Long,2026-08-23T11:28:30Z
2026-08-23T11:27:43Z,2026-08-23T13:27:43+0200,aa89dba4-771d-4653-9ac4-44e4858bfe00,2026-08-08T21:30:00Z,2026-08-08T23:30:00+0200,134.11,EUR/MWh,BE,BE,imbalance_price,Short,2026-08-23T11:28:30Z
2026-08-23T11:27:43Z,2026-08-23T13:27:43+0200,aa89dba4-771d-4653-9ac4-44e4858bfe00,2026-08-08T21:45:00Z,2026-08-08T23:45:00+0200,124.59,EUR/MWh,BE,BE,imbalance_price,Long,2026-08-23T11:28:30Z
2026-08-23T11:27:43Z,2026-08-23T13:27:43+0200,aa89dba4-771d-4653-9ac4-44e4858bfe00,2026-08-08T21:45:00Z,2026-08-08T23:45:00+0200,124.59,EUR/MWh,BE,BE,imbalance_price,Short,2026-08-23T11:28:30Z
2026-08-23T11:27:43Z,2026-08-23T13:27:43+0200,aa89dba4-771d-4653-9ac4-44e4858bfe00,2026-08-08T22:00:00Z,2026-08-09T00:00:00+0200,144.62,EUR/MWh,BE,BE,imbalance_price,Long,2026-08-23T11:28:30Z
2026-08-23T11:27:43Z,2026-08-23T13:27:43+0200,aa89dba4-771d-4653-9ac4-44e4858bfe00,2026-08-08T22:00:00Z,2026-08-09T00:00:00+0200,144.62,EUR/MWh,BE,BE,imbalance_price,Short,2026-08-23T11:28:30Z
2026-08-23T11:27:43Z,2026-08-23T13:27:43+0200,aa89dba4-771d-4653-9ac4-44e4858bfe00,2026-08-08T22:15:00Z,2026-08-09T00:15:00+0200,134.04,EUR/MWh,BE,BE,imbalance_price,Long,2026-08-23T11:28:30Z
2026-08-23T11:27:43Z,2026-08-23T13:27:43+0200,aa89dba4-771d-4653-9ac4-44e4858bfe00,2026-08-08T22:15:00Z,2026-08-09T00:15:00+0200,134.04,EUR/MWh,BE,BE,imbalance_price,Short,2026-08-23T11:28:30Z
2026-08-23T11:27:43Z,2026-08-23T13:27:43+0200,aa89dba4-771d-4653-9ac4-44e4858bfe00,2026-08-08T22:30:00Z,2026-08-09T00:30:00+0200,134.05,EUR/MWh,BE,BE,imbalance_price,Long,2026-08-23T11:28:30Z
2026-08-23T11:27:43Z,2026-08-23T13:27:43+0200,aa89dba4-771d-4653-9ac4-44e4858bfe00,2026-08-08T22:30:00Z,2026-08-09T00:30:00+0200,134.05,EUR/MWh,BE,BE,imbalance_price,Short,2026-08-23T11:28:30Z
2026-08-23T11:27:43Z,2026-08-23T13:27:43+0200,aa89dba4-771d-4653-9ac4-44e4858bfe00,2026-08-08T22:45:00Z,2026-08-09T00:45:00+0200,134.11,EUR/MWh,BE,BE,imbalance_price,Long,2026-08-23T11:28:30Z
2026-08-23T11:27:43Z,2026-08-23T13:27:43+0200,aa89dba4-771d-4653-9ac4-44e4858bfe00,2026-08-08T22:45:00Z,2026-08-09T00:45:00+0200,134.11,EUR/MWh,BE,BE,imbalance_price,Short,2026-08-23T11:28:30Z
2026-08-23T11:27:43Z,2026-08-23T13:27:43+0200,aa89dba4-771d-4653-9ac4-44e4858bfe00,2026-08-08T23:00:00Z,2026-08-09T01:00:00+0200,132.56,EUR/MWh,BE,BE,imbalance_price,Long,2026-08-23T11:28:30Z
2026-08-23T11:27:43Z,2026-08-23T13:27:43+0200,aa89dba4-771d-4653-9ac4-44e4858bfe00,2026-08-08T23:00:00Z,2026-08-09T01:00:00+0200,132.56,EUR/MWh,BE,BE,imbalance_price,Short,2026-08-23T11:28:30Z
2026-08-23T11:27:43Z,2026-08-23T13:27:43+0200,aa89dba4-771d-4653-9ac4-44e4858bfe00,2026-08-08T23:15:00Z,2026-08-09T01:15:00+0200,140.27,EUR/MWh,BE,BE,imbalance_price,Long,2026-08-23T11:28:30Z
2026-08-23T11:27:43Z,2026-08-23T13:27:43+0200,aa89dba4-771d-4653-9ac4-44e4858bfe00,2026-08-08T23:15:00Z,2026-08-09T01:15:00+0200,140.27,EUR/MWh,BE,BE,imbalance_price,Short,2026-08-23T11:28:30Z
2026-08-23T11:27:43Z,2026-08-23T13:27:43+0200,aa89dba4-771d-4653-9ac4-44e4858bfe00,2026-08-08T23:30:00Z,2026-08-09T01:30:00+0200,133.57,EUR/MWh,BE,BE,imbalance_price,Long,2026-08-23T11:28:30Z
2026-08-23T11:27:43Z,2026-08-23T13:27:43+0200,aa89dba4-771d-4653-9ac4-44e4858bfe00,2026-08-08T23:30:00Z,2026-08-09T01:30:00+0200,133.57,EUR/MWh,BE,BE,imbalance_price,Short,2026-08-23T11:28:30Z
2026-08-23T11:27:43Z,2026-08-23T13:27:43+0200,aa89dba4-771d-4653-9ac4-44e4858bfe00,2026-08-08T23:45:00Z,2026-08-09T01:45:00+0200,135.21,EUR/MWh,BE,BE,imbalance_price,Long,2026-08-23T11:28:30Z
2026-08-23T11:27:43Z,2026-08-23T13:27:43+0200,aa89dba4-771d-4653-9ac4-44e4858bfe00,2026-08-08T23:45:00Z,2026-08-09T01:45:00+0200,135.21,EUR/MWh,BE,BE,imbalance_price,Short,2026-08-23T11:28:30Z
2026-08-23T11:27:43Z,2026-08-23T13:27:43+0200,aa89dba4-771d-4653-9ac4-44e4858bfe00,2026-08-09T00:00:00Z,2026-08-09T02:00:00+0200,168.37,EUR/MWh,BE,BE,imbalance_price,Long,2026-08-23T11:28:30Z
2026-08-23T11:27:43Z,2026-08-23T13:27:43+0200,aa89dba4-771d-4653-9ac4-44e4858bfe00,2026-08-09T00:00:00Z,2026-08-09T02:00:00+0200,168.37,EUR/MWh,BE,BE,imbalance_price,Short,2026-08-23T11:28:30Z
2026-08-23T11:27:43Z,2026-08-23T13:27:43+0200,aa89dba4-771d-4653-9ac4-44e4858bfe00,2026-08-09T00:15:00Z,2026-08-09T02:15:00+0200,144.16,EUR/MWh,BE,BE,imbalance_price,Long,2026-08-23T11:28:30Z
2026-08-23T11:27:43Z,2026-08-23T13:27:43+0200,aa89dba4-771d-4653-9ac4-44e4858bfe00,2026-08-09T00:15:00Z,2026-08-09T02:15:00+0200,144.16,EUR/MWh,BE,BE,imbalance_price,Short,2026-08-23T11:28:30Z
2026-08-23T11:27:43Z,2026-08-23T13:27:43+0200,aa89dba4-771d-4653-9ac4-44e4858bfe00,2026-08-09T00:30:00Z,2026-08-09T02:30:00+0200,133.23,EUR/MWh,BE,BE,imbalance_price,Long,2026-08-23T11:28:30Z
2026-08-23T11:27:43Z,2026-08-23T13:27:43+0200,aa89dba4-771d-4653-9ac4-44e4858bfe00,2026-08-09T00:30:00Z,2026-08-09T02:30:00+0200,133.23,EUR/MWh,BE,BE,imbalance_price,Short,2026-08-23T11:28:30Z
2026-08-23T11:27:43Z,2026-08-23T13:27:43+0200,aa89dba4-771d-4653-9ac4-44e4858bfe00,2026-08-09T00:45:00Z,2026-08-09T02:45:00+0200,146.93,EUR/MWh,BE,BE,imbalance_price,Long,2026-08-23T11:28:30Z
2026-08-23T11:27:43Z,2026-08-23T13:27:43+0200,aa89dba4-771d-4653-9ac4-44e4858bfe00,2026-08-09T00:45:00Z,2026-08-09T02:45:00+0200,146.93,EUR/MWh,BE,BE,imbalance_price,Short,2026-08-23T11:28:30Z
2026-08-23T11:27:43Z,2026-08-23T13:27:43+0200,aa89dba4-771d-4653-9ac4-44e4858bfe00,2026-08-09T01:00:00Z,2026-08-09T03:00:00+0200,131.47,EUR/MWh,BE,BE,imbalance_price,Long,2026-08-23T11:28:30Z
2026-08-23T11:27:43Z,2026-08-23T13:27:43+0200,aa89dba4-771d-4653-9ac4-44e4858bfe00,2026-08-09T01:00:00Z,2026-08-09T03:00:00+0200,131.47,EUR/MWh,BE,BE,imbalance_price,Short,2026-08-23T11:28:30Z
2026-08-23T11:27:43Z,2026-08-23T13:27:43+0200,aa89dba4-771d-4653-9ac4-44e4858bfe00,2026-08-09T01:15:00Z,2026-08-09T03:15:00+0200,131.77,EUR/MWh,BE,BE,imbalance_price,Long,2026-08-23T11:28:30Z
2026-08-23T11:27:43Z,2026-08-23T13:27:43+0200,aa89dba4-771d-4653-9ac4-44e4858bfe00,2026-08-09T01:15:00Z,2026-08-09T03:15:00+0200,131.77,EUR/MWh,BE,BE,imbalance_price,Short,2026-08-23T11:28:30Z
2026-08-23T11:27:43Z,2026-08-23T13:27:43+0200,aa89dba4-771d-4653-9ac4-44e4858bfe00,2026-08-09T01:30:00Z,2026-08-09T03:30:00+0200,135.71,EUR/MWh,BE,BE,imbalance_price,Long,2026-08-23T11:28:30Z
2026-08-23T11:27:43Z,2026-08-23T13:27:43+0200,aa89dba4-771d-4653-9ac4-44e4858bfe00,2026-08-09T01:30:00Z,2026-08-09T03:30:00+0200,135.71,EUR/MWh,BE,BE,imbalance_price,Short,2026-08-23T11:28:30Z
2026-08-23T11:27:43Z,2026-08-23T13:27:43+0200,aa89dba4-771d-4653-9ac4-44e4858bfe00,2026-08-09T01:45:00Z,2026-08-09T03:45:00+0200,133.54,EUR/MWh,BE,BE,imbalance_price,Long,2026-08-23T11:28:30Z
2026-08-23T11:27:43Z,2026-08-23T13:27:43+0200,aa89dba4-771d-4653-9ac4-44e4858bfe00,2026-08-09T01:45:00Z,2026-08-09T03:45:00+0200,133.54,EUR/MWh,BE,BE,imbalance_price,Short,2026-08-23T11:28:30Z
2026-08-23T11:27:43Z,2026-08-23T13:27:43+0200,aa89dba4-771d-4653-9ac4-44e4858bfe00,2026-08-09T02:00:00Z,2026-08-09T04:00:00+0200,120.66,EUR/MWh,BE,BE,imbalance_price,Long,2026-08-23T11:28:30Z
2026-08-23T11:27:43Z,2026-08-23T13:27:43+0200,aa89dba4-771d-4653-9ac4-44e4858bfe00,2026-08-09T02:00:00Z,2026-08-09T04:00:00+0200,120.66,EUR/MWh,BE,BE,imbalance_price,Short,2026-08-23T11:28:30Z
2026-08-23T11:27:43Z,2026-08-23T13:27:43+0200,aa89dba4-771d-4653-9ac4-44e4858bfe00,2026-08-09T02:15:00Z,2026-08-09T04:15:00+0200,115.9,EUR/MWh,BE,BE,imbalance_price,Long,2026-08-23T11:28:30Z
2026-08-23T11:27:43Z,2026-08-23T13:27:43+0200,aa89dba4-771d-4653-9ac4-44e4858bfe00,2026-08-09T02:15:00Z,2026-08-09T04:15:00+0200,115.9,EUR/MWh,BE,BE,imbalance_price,Short,2026-08-23T11:28:30Z
2026-08-23T11:27:43Z,2026-08-23T13:27:43+0200,aa89dba4-771d-4653-9ac4-44e4858bfe00,2026-08-09T02:30:00Z,2026-08-09T04:30:00+0200,123.95,EUR/MWh,BE,BE,imbalance_price,Long,2026-08-23T11:28:30Z
2026-08-23T11:27:43Z,2026-08-23T13:27:43+0200,aa89dba4-771d-4653-9ac4-44e4858bfe00,2026-08-09T02:30:00Z,2026-08-09T04:30:00+0200,123.95,EUR/MWh,BE,BE,imbalance_price,Short,2026-08-23T11:28:30Z
2026-08-23T11:27:43Z,2026-08-23T13:27:43+0200,aa89dba4-771d-4653-9ac4-44e4858bfe00,2026-08-09T02:45:00Z,2026-08-09T04:45:00+0200,132.5,EUR/MWh,BE,BE,imbalance_price,Long,2026-08-23T11:28:30Z
2026-08-23T11:27:43Z,2026-08-23T13:27:43+0200,aa89dba4-771d-4653-9ac4-44e4858bfe00,2026-08-09T02:45:00Z,2026-08-09T04:45:00+0200,132.5,EUR/MWh,BE,BE,imbalance_price,Short,2026-08-23T11:28:30Z
2026-08-23T11:27:43Z,2026-08-23T13:27:43+0200,aa89dba4-771d-4653-9ac4-44e4858bfe00,2026-08-09T03:00:00Z,2026-08-09T05:00:00+0200,140.63,EUR/MWh,BE,BE,imbalance_price,Long,2026-08-23T11:28:30Z
2026-08-23T11:27:43Z,2026-08-23T13:27:43+0200,aa89dba4-771d-4653-9ac4-44e4858bfe00,2026-08-09T03:00:00Z,2026-08-09T05:00:00+0200,140.63,EUR/MWh,BE,BE,imbalance_price,Short,2026-08-23T11:28:30Z
2026-08-23T11:27:43Z,2026-08-23T13:27:43+0200,aa89dba4-771d-4653-9ac4-44e4858bfe00,2026-08-09T03:15:00Z,2026-08-09T05:15:00+0200,140.6,EUR/MWh,BE,BE,imbalance_price,Long,2026-08-23T11:28:30Z
2026-08-23T11:27:43Z,2026-08-23T13:27:43+0200,aa89dba4-771d-4653-9ac4-44e4858bfe00,2026-08-09T03:15:00Z,2026-08-09T05:15:00+0200,140.6,EUR/MWh,BE,BE,imbalance_price,Short,2026-08-23T11:28:30Z
2026-08-23T11:27:43Z,2026-08-23T13:27:43+0200,aa89dba4-771d-4653-9ac4-44e4858bfe00,2026-08-09T03:30:00Z,2026-08-09T05:30:00+0200,140.61,EUR/MWh,BE,BE,imbalance_price,Long,2026-08-23T11:28:30Z
2026-08-23T11:27:43Z,2026-08-23T13:27:43+0200,aa89dba4-771d-4653-9ac4-44e4858bfe00,2026-08-09T03:30:00Z,2026-08-09T05:30:00+0200,140.61,EUR/MWh,BE,BE,imbalance_price,Short,2026-08-23T11:28:30Z
2026-08-23T11:27:43Z,2026-08-23T13:27:43+0200,aa89dba4-771d-4653-9ac4-44e4858bfe00,2026-08-09T03:45:00Z,2026-08-09T05:45:00+0200,143.95,EUR/MWh,BE,BE,imbalance_price,Long,2026-08-23T11:28:30Z
2026-08-23T11:27:43Z,2026-08-23T13:27:43+0200,aa89dba4-771d-4653-9ac4-44e4858bfe00,2026-08-09T03:45:00Z,2026-08-09T05:45:00+0200,143.95,EUR/MWh,BE,BE,imbalance_price,Short,2026-08-23T11:28:30Z
2026-08-23T11:27:43Z,2026-08-23T13:27:43+0200,aa89dba4-771d-4653-9ac4-44e4858bfe00,2026-08-09T04:00:00Z,2026-08-09T06:00:00+0200,168.3,EUR/MWh,BE,BE,imbalance_price,Long,2026-08-23T11:28:30Z
2026-08-23T11:27:43Z,2026-08-23T13:27:43+0200,aa89dba4-771d-4653-9ac4-44e4858bfe00,2026-08-09T04:00:00Z,2026-08-09T06:00:00+0200,168.3,EUR/MWh,BE,BE,imbalance_price,Short,2026-08-23T11:28:30Z
2026-08-23T11:27:43Z,2026-08-23T13:27:43+0200,aa89dba4-771d-4653-9ac4-44e4858bfe00,2026-08-09T04:15:00Z,2026-08-09T06:15:00+0200,163.2,EUR/MWh,BE,BE,imbalance_price,Long,2026-08-23T11:28:30Z
2026-08-23T11:27:43Z,2026-08-23T13:27:43+0200,aa89dba4-771d-4653-9ac4-44e4858bfe00,2026-08-09T04:15:00Z,2026-08-09T06:15:00+0200,163.2,EUR/MWh,BE,BE,imbalance_price,Short,2026-08-23T11:28:30Z
2026-08-23T11:27:43Z,2026-08-23T13:27:43+0200,aa89dba4-771d-4653-9ac4-44e4858bfe00,2026-08-09T04:30:00Z,2026-08-09T06:30:00+0200,158.53,EUR/MWh,BE,BE,imbalance_price,Long,2026-08-23T11:28:30Z
2026-08-23T11:27:43Z,2026-08-23T13:27:43+0200,aa89dba4-771d-4653-9ac4-44e4858bfe00,2026-08-09T04:30:00Z,2026-08-09T06:30:00+0200,158.53,EUR/MWh,BE,BE,imbalance_price,Short,2026-08-23T11:28:30Z
2026-08-23T11:27:43Z,2026-08-23T13:27:43+0200,aa89dba4-771d-4653-9ac4-44e4858bfe00,2026-08-09T04:45:00Z,2026-08-09T06:45:00+0200,113.75,EUR/MWh,BE,BE,imbalance_price,Long,2026-08-23T11:28:30Z
2026-08-23T11:27:43Z,2026-08-23T13:27:43+0200,aa89dba4-771d-4653-9ac4-44e4858bfe00,2026-08-09T04:45:00Z,2026-08-09T06:45:00+0200,113.75,EUR/MWh,BE,BE,imbalance_price,Short,2026-08-23T11:28:30Z
2026-08-23T11:27:43Z,2026-08-23T13:27:43+0200,aa89dba4-771d-4653-9ac4-44e4858bfe00,2026-08-09T05:00:00Z,2026-08-09T07:00:00+0200,138.97,EUR/MWh,BE,BE,imbalance_price,Long,2026-08-23T11:28:30Z
2026-08-23T11:27:43Z,2026-08-23T13:27:43+0200,aa89dba4-771d-4653-9ac4-44e4858bfe00,2026-08-09T05:00:00Z,2026-08-09T07:00:00+0200,138.97,EUR/MWh,BE,BE,imbalance_price,Short,2026-08-23T11:28:30Z
2026-08-23T11:27:43Z,2026-08-23T13:27:43+0200,aa89dba4-771d-4653-9ac4-44e4858bfe00,2026-08-09T05:15:00Z,2026-08-09T07:15:00+0200,90.8,EUR/MWh,BE,BE,imbalance_price,Long,2026-08-23T11:28:30Z
2026-08-23T11:27:43Z,2026-08-23T13:27:43+0200,aa89dba4-771d-4653-9ac4-44e4858bfe00,2026-08-09T05:15:00Z,2026-08-09T07:15:00+0200,90.8,EUR/MWh,BE,BE,imbalance_price,Short,2026-08-23T11:28:30Z
2026-08-23T11:27:43Z,2026-08-23T13:27:43+0200,aa89dba4-771d-4653-9ac4-44e4858bfe00,2026-08-09T05:30:00Z,2026-08-09T07:30:00+0200,80.37,EUR/MWh,BE,BE,imbalance_price,Long,2026-08-23T11:28:30Z
2026-08-23T11:27:43Z,2026-08-23T13:27:43+0200,aa89dba4-771d-4653-9ac4-44e4858bfe00,2026-08-09T05:30:00Z,2026-08-09T07:30:00+0200,80.37,EUR/MWh,BE,BE,imbalance_price,Short,2026-08-23T11:28:30Z
2026-08-23T11:27:43Z,2026-08-23T13:27:43+0200,aa89dba4-771d-4653-9ac4-44e4858bfe00,2026-08-09T05:45:00Z,2026-08-09T07:45:00+0200,94.0,EUR/MWh,BE,BE,imbalance_price,Long,2026-08-23T11:28:30Z
2026-08-23T11:27:43Z,2026-08-23T13:27:43+0200,aa89dba4-771d-4653-9ac4-44e4858bfe00,2026-08-09T05:45:00Z,2026-08-09T07:45:00+0200,94.0,EUR/MWh,BE,BE,imbalance_price,Short,2026-08-23T11:28:30Z
2026-08-23T11:27:43Z,2026-08-23T13:27:43+0200,aa89dba4-771d-4653-9ac4-44e4858bfe00,2026-08-09T06:00:00Z,2026-08-09T08:00:00+0200,72.29,EUR/MWh,BE,BE,imbalance_price,Long,2026-08-23T11:28:30Z
2026-08-23T11:27:43Z,2026-08-23T13:27:43+0200,aa89dba4-771d-4653-9ac4-44e4858bfe00,2026-08-09T06:00:00Z,2026-08-09T08:00:00+0200,72.29,EUR/MWh,BE,BE,imbalance_price,Short,2026-08-23T11:28:30Z
2026-08-23T11:27:43Z,2026-08-23T13:27:43+0200,aa89dba4-771d-4653-9ac4-44e4858bfe00,2026-08-09T06:15:00Z,2026-08-09T08:15:00+0200,64.2,EUR/MWh,BE,BE,imbalance_price,Long,2026-08-23T11:28:30Z
2026-08-23T11:27:43Z,2026-08-23T13:27:43+0200,aa89dba4-771d-4653-9ac4-44e4858bfe00,2026-08-09T06:15:00Z,2026-08-09T08:15:00+0200,64.2,EUR/MWh,BE,BE,imbalance_price,Short,2026-08-23T11:28:30Z
2026-08-23T11:27:43Z,2026-08-23T13:27:43+0200,aa89dba4-771d-4653-9ac4-44e4858bfe00,2026-08-09T06:30:00Z,2026-08-09T08:30:00+0200,53.19,EUR/MWh,BE,BE,imbalance_price,Long,2026-08-23T11:28:30Z
2026-08-23T11:27:43Z,2026-08-23T13:27:43+0200,aa89dba4-771d-4653-9ac4-44e4858bfe00,2026-08-09T06:30:00Z,2026-08-09T08:30:00+0200,53.19,EUR/MWh,BE,BE,imbalance_price,Short,2026-08-23T11:28:30Z
2026-08-23T11:27:43Z,2026-08-23T13:27:43+0200,aa89dba4-771d-4653-9ac4-44e4858bfe00,2026-08-09T06:45:00Z,2026-08-09T08:45:00+0200,9.94,EUR/MWh,BE,BE,imbalance_price,Long,2026-08-23T11:28:30Z
2026-08-23T11:27:43Z,2026-08-23T13:27:43+0200,aa89dba4-771d-4653-9ac4-44e4858bfe00,2026-08-09T06:45:00Z,2026-08-09T08:45:00+0200,9.94,EUR/MWh,BE,BE,imbalance_price,Short,2026-08-23T11:28:30Z
2026-08-23T11:27:43Z,2026-08-23T13:27:43+0200,aa89dba4-771d-4653-9ac4-44e4858bfe00,2026-08-09T07:00:00Z,2026-08-09T09:00:00+0200,42.86,EUR/MWh,BE,BE,imbalance_price,Long,2026-08-23T11:28:30Z
2026-08-23T11:27:43Z,2026-08-23T13:27:43+0200,aa89dba4-771d-4653-9ac4-44e4858bfe00,2026-08-09T07:00:00Z,2026-08-09T09:00:00+0200,42.86,EUR/MWh,BE,BE,imbalance_price,Short,2026-08-23T11:28:30Z
2026-08-23T11:27:43Z,2026-08-23T13:27:43+0200,aa89dba4-771d-4653-9ac4-44e4858bfe00,2026-08-09T07:15:00Z,2026-08-09T09:15:00+0200,-10.86,EUR/MWh,BE,BE,imbalance_price,Long,2026-08-23T11:28:30Z
2026-08-23T11:27:43Z,2026-08-23T13:27:43+0200,aa89dba4-771d-4653-9ac4-44e4858bfe00,2026-08-09T07:15:00Z,2026-08-09T09:15:00+0200,-10.86,EUR/MWh,BE,BE,imbalance_price,Short,2026-08-23T11:28:30Z
2026-08-23T11:27:43Z,2026-08-23T13:27:43+0200,aa89dba4-771d-4653-9ac4-44e4858bfe00,2026-08-09T07:30:00Z,2026-08-09T09:30:00+0200,-75.19,EUR/MWh,BE,BE,imbalance_price,Long,2026-08-23T11:28:30Z
2026-08-23T11:27:43Z,2026-08-23T13:27:43+0200,aa89dba4-771d-4653-9ac4-44e4858bfe00,2026-08-09T07:30:00Z,2026-08-09T09:30:00+0200,-75.19,EUR/MWh,BE,BE,imbalance_price,Short,2026-08-23T11:28:30Z
2026-08-23T11:27:43Z,2026-08-23T13:27:43+0200,aa89dba4-771d-4653-9ac4-44e4858bfe00,2026-08-09T07:45:00Z,2026-08-09T09:45:00+0200,-88.22,EUR/MWh,BE,BE,imbalance_price,Long,2026-08-23T11:28:30Z
2026-08-23T11:27:43Z,2026-08-23T13:27:43+0200,aa89dba4-771d-4653-9ac4-44e4858bfe00,2026-08-09T07:45:00Z,2026-08-09T09:45:00+0200,-88.22,EUR/MWh,BE,BE,imbalance_price,Short,2026-08-23T11:28:30Z
2026-08-23T11:27:43Z,2026-08-23T13:27:43+0200,aa89dba4-771d-4653-9ac4-44e4858bfe00,2026-08-09T08:00:00Z,2026-08-09T10:00:00+0200,-13.38,EUR/MWh,BE,BE,imbalance_price,Long,2026-08-23T11:28:30Z
2026-08-23T11:27:43Z,2026-08-23T13:27:43+0200,aa89dba4-771d-4653-9ac4-44e4858bfe00,2026-08-09T08:00:00Z,2026-08-09T10:00:00+0200,-13.38,EUR/MWh,BE,BE,imbalance_price,Short,2026-08-23T11:28:30Z
2026-08-23T11:27:43Z,2026-08-23T13:27:43+0200,aa89dba4-771d-4653-9ac4-44e4858bfe00,2026-08-09T08:15:00Z,2026-08-09T10:15:00+0200,-15.93,EUR/MWh,BE,BE,imbalance_price,Long,2026-08-23T11:28:30Z
2026-08-23T11:27:43Z,2026-08-23T13:27:43+0200,aa89dba4-771d-4653-9ac4-44e4858bfe00,2026-08-09T08:15:00Z,2026-08-09T10:15:00+0200,-15.93,EUR/MWh,BE,BE,imbalance_price,Short,2026-08-23T11:28:30Z
2026-08-23T11:27:43Z,2026-08-23T13:27:43+0200,aa89dba4-771d-4653-9ac4-44e4858bfe00,2026-08-09T08:30:00Z,2026-08-09T10:30:00+0200,-9.0,EUR/MWh,BE,BE,imbalance_price,Long,2026-08-23T11:28:30Z
2026-08-23T11:27:43Z,2026-08-23T13:27:43+0200,aa89dba4-771d-4653-9ac4-44e4858bfe00,2026-08-09T08:30:00Z,2026-08-09T10:30:00+0200,-9.0,EUR/MWh,BE,BE,imbalance_price,Short,2026-08-23T11:28:30Z
2026-08-23T11:27:43Z,2026-08-23T13:27:43+0200,aa89dba4-771d-4653-9ac4-44e4858bfe00,2026-08-09T08:45:00Z,2026-08-09T10:45:00+0200,47.7,EUR/MWh,BE,BE,imbalance_price,Long,2026-08-23T11:28:30Z
2026-08-23T11:27:43Z,2026-08-23T13:27:43+0200,aa89dba4-771d-4653-9ac4-44e4858bfe00,2026-08-09T08:45:00Z,2026-08-09T10:45:00+0200,47.7,EUR/MWh,BE,BE,imbalance_price,Short,2026-08-23T11:28:30Z
2026-08-23T11:27:43Z,2026-08-23T13:27:43+0200,aa89dba4-771d-4653-9ac4-44e4858bfe00,2026-08-09T09:00:00Z,2026-08-09T11:00:00+0200,59.4,EUR/MWh,BE,BE,imbalance_price,Long,2026-08-23T11:28:30Z
2026-08-23T11:27:43Z,2026-08-23T13:27:43+0200,aa89dba4-771d-4653-9ac4-44e4858bfe00,2026-08-09T09:00:00Z,2026-08-09T11:00:00+0200,59.4,EUR/MWh,BE,BE,imbalance_price,Short,2026-08-23T11:28:30Z
2026-08-23T11:27:43Z,2026-08-23T13:27:43+0200,aa89dba4-771d-4653-9ac4-44e4858bfe00,2026-08-09T09:15:00Z,2026-08-09T11:15:00+0200,64.6,EUR/MWh,BE,BE,imbalance_price,Long,2026-08-23T11:28:30Z
2026-08-23T11:27:43Z,2026-08-23T13:27:43+0200,aa89dba4-771d-4653-9ac4-44e4858bfe00,2026-08-09T09:15:00Z,2026-08-09T11:15:00+0200,64.6,EUR/MWh,BE,BE,imbalance_price,Short,2026-08-23T11:28:30Z
2026-08-23T11:27:43Z,2026-08-23T13:27:43+0200,aa89dba4-771d-4653-9ac4-44e4858bfe00,2026-08-09T09:30:00Z,2026-08-09T11:30:00+0200,81.31,EUR/MWh,BE,BE,imbalance_price,Long,2026-08-23T11:28:30Z
2026-08-23T11:27:43Z,2026-08-23T13:27:43+0200,aa89dba4-771d-4653-9ac4-44e4858bfe00,2026-08-09T09:30:00Z,2026-08-09T11:30:00+0200,81.31,EUR/MWh,BE,BE,imbalance_price,Short,2026-08-23T11:28:30Z
2026-08-23T11:27:43Z,2026-08-23T13:27:43+0200,aa89dba4-771d-4653-9ac4-44e4858bfe00,2026-08-09T09:45:00Z,2026-08-09T11:45:00+0200,74.13,EUR/MWh,BE,BE,imbalance_price,Long,2026-08-23T11:28:30Z
2026-08-23T11:27:43Z,2026-08-23T13:27:43+0200,aa89dba4-771d-4653-9ac4-44e4858bfe00,2026-08-09T09:45:00Z,2026-08-09T11:45:00+0200,74.13,EUR/MWh,BE,BE,imbalance_price,Short,2026-08-23T11:28:30Z
2026-08-23T11:27:43Z,2026-08-23T13:27:43+0200,aa89dba4-771d-4653-9ac4-44e4858bfe00,2026-08-09T10:00:00Z,2026-08-09T12:00:00+0200,112.5,EUR/MWh,BE,BE,imbalance_price,Long,2026-08-23T11:28:30Z
2026-08-23T11:27:43Z,2026-08-23T13:27:43+0200,aa89dba4-771d-4653-9ac4-44e4858bfe00,2026-08-09T10:00:00Z,2026-08-09T12:00:00+0200,112.5,EUR/MWh,BE,BE,imbalance_price,Short,2026-08-23T11:28:30Z
2026-08-23T11:27:43Z,2026-08-23T13:27:43+0200,aa89dba4-771d-4653-9ac4-44e4858bfe00,2026-08-09T10:15:00Z,2026-08-09T12:15:00+0200,105.32,EUR/MWh,BE,BE,imbalance_price,Long,2026-08-23T11:28:30Z
2026-08-23T11:27:43Z,2026-08-23T13:27:43+0200,aa89dba4-771d-4653-9ac4-44e4858bfe00,2026-08-09T10:15:00Z,2026-08-09T12:15:00+0200,105.32,EUR/MWh,BE,BE,imbalance_price,Short,2026-08-23T11:28:30Z
2026-08-23T11:27:43Z,2026-08-23T13:27:43+0200,aa89dba4-771d-4653-9ac4-44e4858bfe00,2026-08-09T10:30:00Z,2026-08-09T12:30:00+0200,108.96,EUR/MWh,BE,BE,imbalance_price,Long,2026-08-23T11:28:30Z
2026-08-23T11:27:43Z,2026-08-23T13:27:43+0200,aa89dba4-771d-4653-9ac4-44e4858bfe00,2026-08-09T10:30:00Z,2026-08-09T12:30:00+0200,108.96,EUR/MWh,BE,BE,imbalance_price,Short,2026-08-23T11:28:30Z
2026-08-23T11:27:43Z,2026-08-23T13:27:43+0200,aa89dba4-771d-4653-9ac4-44e4858bfe00,2026-08-09T10:45:00Z,2026-08-09T12:45:00+0200,67.36,EUR/MWh,BE,BE,imbalance_price,Long,2026-08-23T11:28:30Z
2026-08-23T11:27:43Z,2026-08-23T13:27:43+0200,aa89dba4-771d-4653-9ac4-44e4858bfe00,2026-08-09T10:45:00Z,2026-08-09T12:45:00+0200,67.36,EUR/MWh,BE,BE,imbalance_price,Short,2026-08-23T11:28:30Z
2026-08-23T11:27:43Z,2026-08-23T13:27:43+0200,aa89dba4-771d-4653-9ac4-44e4858bfe00,2026-08-09T11:00:00Z,2026-08-09T13:00:00+0200,-10.23,EUR/MWh,BE,BE,imbalance_price,Long,2026-08-23T11:28:30Z
2026-08-23T11:27:43Z,2026-08-23T13:27:43+0200,aa89dba4-771d-4653-9ac4-44e4858bfe00,2026-08-09T11:00:00Z,2026-08-09T13:00:00+0200,-10.23,EUR/MWh,BE,BE,imbalance_price,Short,2026-08-23T11:28:30Z
2026-08-23T11:27:43Z,2026-08-23T13:27:43+0200,aa89dba4-771d-4653-9ac4-44e4858bfe00,2026-08-09T11:15:00Z,2026-08-09T13:15:00+0200,0.38,EUR/MWh,BE,BE,imbalance_price,Long,2026-08-23T11:28:30Z
2026-08-23T11:27:43Z,2026-08-23T13:27:43+0200,aa89dba4-771d-4653-9ac4-44e4858bfe00,2026-08-09T11:15:00Z,2026-08-09T13:15:00+0200,0.38,EUR/MWh,BE,BE,imbalance_price,Short,2026-08-23T11:28:30Z
2026-08-23T11:27:43Z,2026-08-23T13:27:43+0200,aa89dba4-771d-4653-9ac4-44e4858bfe00,2026-08-09T11:30:00Z,2026-08-09T13:30:00+0200,-1.36,EUR/MWh,BE,BE,imbalance_price,Long,2026-08-23T11:28:30Z
2026-08-23T11:27:43Z,2026-08-23T13:27:43+0200,aa89dba4-771d-4653-9ac4-44e4858bfe00,2026-08-09T11:30:00Z,2026-08-09T13:30:00+0200,-1.36,EUR/MWh,BE,BE,imbalance_price,Short,2026-08-23T11:28:30Z
2026-08-23T11:27:43Z,2026-08-23T13:27:43+0200,aa89dba4-771d-4653-9ac4-44e4858bfe00,2026-08-09T11:45:00Z,2026-08-09T13:45:00+0200,-12.26,EUR/MWh,BE,BE,imbalance_price,Long,2026-08-23T11:28:30Z
2026-08-23T11:27:43Z,2026-08-23T13:27:43+0200,aa89dba4-771d-4653-9ac4-44e4858bfe00,2026-08-09T11:45:00Z,2026-08-09T13:45:00+0200,-12.26,EUR/MWh,BE,BE,imbalance_price,Short,2026-08-23T11:28:30Z
2026-08-23T11:27:43Z,2026-08-23T13:27:43+0200,aa89dba4-771d-4653-9ac4-44e4858bfe00,2026-08-09T12:00:00Z,2026-08-09T14:00:00+0200,-25.87,EUR/MWh,BE,BE,imbalance_price,Long,2026-08-23T11:28:30Z
2026-08-23T11:27:43Z,2026-08-23T13:27:43+0200,aa89dba4-771d-4653-9ac4-44e4858bfe00,2026-08-09T12:00:00Z,2026-08-09T14:00:00+0200,-25.87,EUR/MWh,BE,BE,imbalance_price,Short,2026-08-23T11:28:30Z
2026-08-23T11:27:43Z,2026-08-23T13:27:43+0200,aa89dba4-771d-4653-9ac4-44e4858bfe00,2026-08-09T12:15:00Z,2026-08-09T14:15:00+0200,-10.99,EUR/MWh,BE,BE,imbalance_price,Long,2026-08-23T11:28:30Z
2026-08-23T11:27:43Z,2026-08-23T13:27:43+0200,aa89dba4-771d-4653-9ac4-44e4858bfe00,2026-08-09T12:15:00Z,2026-08-09T14:15:00+0200,-10.99,EUR/MWh,BE,BE,imbalance_price,Short,2026-08-23T11:28:30Z
2026-08-23T11:27:43Z,2026-08-23T13:27:43+0200,aa89dba4-771d-4653-9ac4-44e4858bfe00,2026-08-09T12:30:00Z,2026-08-09T14:30:00+0200,10.74,EUR/MWh,BE,BE,imbalance_price,Long,2026-08-23T11:28:30Z
2026-08-23T11:27:43Z,2026-08-23T13:27:43+0200,aa89dba4-771d-4653-9ac4-44e4858bfe00,2026-08-09T12:30:00Z,2026-08-09T14:30:00+0200,10.74,EUR/MWh,BE,BE,imbalance_price,Short,2026-08-23T11:28:30Z
2026-08-23T11:27:43Z,2026-08-23T13:27:43+0200,aa89dba4-771d-4653-9ac4-44e4858bfe00,2026-08-09T12:45:00Z,2026-08-09T14:45:00+0200,54.68,EUR/MWh,BE,BE,imbalance_price,Long,2026-08-23T11:28:30Z
2026-08-23T11:27:43Z,2026-08-23T13:27:43+0200,aa89dba4-771d-4653-9ac4-44e4858bfe00,2026-08-09T12:45:00Z,2026-08-09T14:45:00+0200,54.68,EUR/MWh,BE,BE,imbalance_price,Short,2026-08-23T11:28:30Z
2026-08-23T11:27:43Z,2026-08-23T13:27:43+0200,aa89dba4-771d-4653-9ac4-44e4858bfe00,2026-08-09T13:00:00Z,2026-08-09T15:00:00+0200,117.47,EUR/MWh,BE,BE,imbalance_price,Long,2026-08-23T11:28:30Z
2026-08-23T11:27:43Z,2026-08-23T13:27:43+0200,aa89dba4-771d-4653-9ac4-44e4858bfe00,2026-08-09T13:00:00Z,2026-08-09T15:00:00+0200,117.47,EUR/MWh,BE,BE,imbalance_price,Short,2026-08-23T11:28:30Z
2026-08-23T11:27:43Z,2026-08-23T13:27:43+0200,aa89dba4-771d-4653-9ac4-44e4858bfe00,2026-08-09T13:15:00Z,2026-08-09T15:15:00+0200,133.34,EUR/MWh,BE,BE,imbalance_price,Long,2026-08-23T11:28:30Z
2026-08-23T11:27:43Z,2026-08-23T13:27:43+0200,aa89dba4-771d-4653-9ac4-44e4858bfe00,2026-08-09T13:15:00Z,2026-08-09T15:15:00+0200,133.34,EUR/MWh,BE,BE,imbalance_price,Short,2026-08-23T11:28:30Z
2026-08-23T11:27:43Z,2026-08-23T13:27:43+0200,aa89dba4-771d-4653-9ac4-44e4858bfe00,2026-08-09T13:30:00Z,2026-08-09T15:30:00+0200,138.51,EUR/MWh,BE,BE,imbalance_price,Long,2026-08-23T11:28:30Z
2026-08-23T11:27:43Z,2026-08-23T13:27:43+0200,aa89dba4-771d-4653-9ac4-44e4858bfe00,2026-08-09T13:30:00Z,2026-08-09T15:30:00+0200,138.51,EUR/MWh,BE,BE,imbalance_price,Short,2026-08-23T11:28:30Z
2026-08-23T11:27:43Z,2026-08-23T13:27:43+0200,aa89dba4-771d-4653-9ac4-44e4858bfe00,2026-08-09T13:45:00Z,2026-08-09T15:45:00+0200,176.93,EUR/MWh,BE,BE,imbalance_price,Long,2026-08-23T11:28:30Z
2026-08-23T11:27:43Z,2026-08-23T13:27:43+0200,aa89dba4-771d-4653-9ac4-44e4858bfe00,2026-08-09T13:45:00Z,2026-08-09T15:45:00+0200,176.93,EUR/MWh,BE,BE,imbalance_price,Short,2026-08-23T11:28:30Z
2026-08-23T11:27:43Z,2026-08-23T13:27:43+0200,aa89dba4-771d-4653-9ac4-44e4858bfe00,2026-08-09T14:00:00Z,2026-08-09T16:00:00+0200,156.45,EUR/MWh,BE,BE,imbalance_price,Long,2026-08-23T11:28:30Z
2026-08-23T11:27:43Z,2026-08-23T13:27:43+0200,aa89dba4-771d-4653-9ac4-44e4858bfe00,2026-08-09T14:00:00Z,2026-08-09T16:00:00+0200,156.45,EUR/MWh,BE,BE,imbalance_price,Short,2026-08-23T11:28:30Z
2026-08-23T11:27:43Z,2026-08-23T13:27:43+0200,aa89dba4-771d-4653-9ac4-44e4858bfe00,2026-08-09T14:15:00Z,2026-08-09T16:15:00+0200,210.74,EUR/MWh,BE,BE,imbalance_price,Long,2026-08-23T11:28:30Z
2026-08-23T11:27:43Z,2026-08-23T13:27:43+0200,aa89dba4-771d-4653-9ac4-44e4858bfe00,2026-08-09T14:15:00Z,2026-08-09T16:15:00+0200,210.74,EUR/MWh,BE,BE,imbalance_price,Short,2026-08-23T11:28:30Z
2026-08-23T11:27:43Z,2026-08-23T13:27:43+0200,aa89dba4-771d-4653-9ac4-44e4858bfe00,2026-08-09T14:30:00Z,2026-08-09T16:30:00+0200,149.59,EUR/MWh,BE,BE,imbalance_price,Long,2026-08-23T11:28:30Z
2026-08-23T11:27:43Z,2026-08-23T13:27:43+0200,aa89dba4-771d-4653-9ac4-44e4858bfe00,2026-08-09T14:30:00Z,2026-08-09T16:30:00+0200,149.59,EUR/MWh,BE,BE,imbalance_price,Short,2026-08-23T11:28:30Z
2026-08-23T11:27:43Z,2026-08-23T13:27:43+0200,aa89dba4-771d-4653-9ac4-44e4858bfe00,2026-08-09T14:45:00Z,2026-08-09T16:45:00+0200,164.62,EUR/MWh,BE,BE,imbalance_price,Long,2026-08-23T11:28:30Z
2026-08-23T11:27:43Z,2026-08-23T13:27:43+0200,aa89dba4-771d-4653-9ac4-44e4858bfe00,2026-08-09T14:45:00Z,2026-08-09T16:45:00+0200,164.62,EUR/MWh,BE,BE,imbalance_price,Short,2026-08-23T11:28:30Z
2026-08-23T11:27:43Z,2026-08-23T13:27:43+0200,aa89dba4-771d-4653-9ac4-44e4858bfe00,2026-08-09T15:00:00Z,2026-08-09T17:00:00+0200,210.76,EUR/MWh,BE,BE,imbalance_price,Long,2026-08-23T11:28:30Z
2026-08-23T11:27:43Z,2026-08-23T13:27:43+0200,aa89dba4-771d-4653-9ac4-44e4858bfe00,2026-08-09T15:00:00Z,2026-08-09T17:00:00+0200,210.76,EUR/MWh,BE,BE,imbalance_price,Short,2026-08-23T11:28:30Z
2026-08-23T11:27:43Z,2026-08-23T13:27:43+0200,aa89dba4-771d-4653-9ac4-44e4858bfe00,2026-08-09T15:15:00Z,2026-08-09T17:15:00+0200,256.0,EUR/MWh,BE,BE,imbalance_price,Long,2026-08-23T11:28:30Z
2026-08-23T11:27:43Z,2026-08-23T13:27:43+0200,aa89dba4-771d-4653-9ac4-44e4858bfe00,2026-08-09T15:15:00Z,2026-08-09T17:15:00+0200,256.0,EUR/MWh,BE,BE,imbalance_price,Short,2026-08-23T11:28:30Z
2026-08-23T11:27:43Z,2026-08-23T13:27:43+0200,aa89dba4-771d-4653-9ac4-44e4858bfe00,2026-08-09T15:30:00Z,2026-08-09T17:30:00+0200,196.72,EUR/MWh,BE,BE,imbalance_price,Long,2026-08-23T11:28:30Z
2026-08-23T11:27:43Z,2026-08-23T13:27:43+0200,aa89dba4-771d-4653-9ac4-44e4858bfe00,2026-08-09T15:30:00Z,2026-08-09T17:30:00+0200,196.72,EUR/MWh,BE,BE,imbalance_price,Short,2026-08-23T11:28:30Z
2026-08-23T11:27:43Z,2026-08-23T13:27:43+0200,aa89dba4-771d-4653-9ac4-44e4858bfe00,2026-08-09T15:45:00Z,2026-08-09T17:45:00+0200,181.22,EUR/MWh,BE,BE,imbalance_price,Long,2026-08-23T11:28:30Z
2026-08-23T11:27:43Z,2026-08-23T13:27:43+0200,aa89dba4-771d-4653-9ac4-44e4858bfe00,2026-08-09T15:45:00Z,2026-08-09T17:45:00+0200,181.22,EUR/MWh,BE,BE,imbalance_price,Short,2026-08-23T11:28:30Z
2026-08-23T11:27:43Z,2026-08-23T13:27:43+0200,aa89dba4-771d-4653-9ac4-44e4858bfe00,2026-08-09T16:00:00Z,2026-08-09T18:00:00+0200,136.68,EUR/MWh,BE,BE,imbalance_price,Long,2026-08-23T11:28:30Z
2026-08-23T11:27:43Z,2026-08-23T13:27:43+0200,aa89dba4-771d-4653-9ac4-44e4858bfe00,2026-08-09T16:00:00Z,2026-08-09T18:00:00+0200,136.68,EUR/MWh,BE,BE,imbalance_price,Short,2026-08-23T11:28:30Z
2026-08-23T11:27:43Z,2026-08-23T13:27:43+0200,aa89dba4-771d-4653-9ac4-44e4858bfe00,2026-08-09T16:15:00Z,2026-08-09T18:15:00+0200,140.72,EUR/MWh,BE,BE,imbalance_price,Long,2026-08-23T11:28:30Z
2026-08-23T11:27:43Z,2026-08-23T13:27:43+0200,aa89dba4-771d-4653-9ac4-44e4858bfe00,2026-08-09T16:15:00Z,2026-08-09T18:15:00+0200,140.72,EUR/MWh,BE,BE,imbalance_price,Short,2026-08-23T11:28:30Z
2026-08-23T11:27:43Z,2026-08-23T13:27:43+0200,aa89dba4-771d-4653-9ac4-44e4858bfe00,2026-08-09T16:30:00Z,2026-08-09T18:30:00+0200,162.97,EUR/MWh,BE,BE,imbalance_price,Long,2026-08-23T11:28:30Z
2026-08-23T11:27:43Z,2026-08-23T13:27:43+0200,aa89dba4-771d-4653-9ac4-44e4858bfe00,2026-08-09T16:30:00Z,2026-08-09T18:30:00+0200,162.97,EUR/MWh,BE,BE,imbalance_price,Short,2026-08-23T11:28:30Z
2026-08-23T11:27:43Z,2026-08-23T13:27:43+0200,aa89dba4-771d-4653-9ac4-44e4858bfe00,2026-08-09T16:45:00Z,2026-08-09T18:45:00+0200,140.99,EUR/MWh,BE,BE,imbalance_price,Long,2026-08-23T11:28:30Z
2026-08-23T11:27:43Z,2026-08-23T13:27:43+0200,aa89dba4-771d-4653-9ac4-44e4858bfe00,2026-08-09T16:45:00Z,2026-08-09T18:45:00+0200,140.99,EUR/MWh,BE,BE,imbalance_price,Short,2026-08-23T11:28:30Z
2026-08-23T11:27:43Z,2026-08-23T13:27:43+0200,aa89dba4-771d-4653-9ac4-44e4858bfe00,2026-08-09T17:00:00Z,2026-08-09T19:00:00+0200,151.76,EUR/MWh,BE,BE,imbalance_price,Long,2026-08-23T11:28:30Z
2026-08-23T11:27:43Z,2026-08-23T13:27:43+0200,aa89dba4-771d-4653-9ac4-44e4858bfe00,2026-08-09T17:00:00Z,2026-08-09T19:00:00+0200,151.76,EUR/MWh,BE,BE,imbalance_price,Short,2026-08-23T11:28:30Z
2026-08-23T11:27:43Z,2026-08-23T13:27:43+0200,aa89dba4-771d-4653-9ac4-44e4858bfe00,2026-08-09T17:15:00Z,2026-08-09T19:15:00+0200,187.33,EUR/MWh,BE,BE,imbalance_price,Long,2026-08-23T11:28:30Z
2026-08-23T11:27:43Z,2026-08-23T13:27:43+0200,aa89dba4-771d-4653-9ac4-44e4858bfe00,2026-08-09T17:15:00Z,2026-08-09T19:15:00+0200,187.33,EUR/MWh,BE,BE,imbalance_price,Short,2026-08-23T11:28:30Z
2026-08-23T11:27:43Z,2026-08-23T13:27:43+0200,aa89dba4-771d-4653-9ac4-44e4858bfe00,2026-08-09T17:30:00Z,2026-08-09T19:30:00+0200,156.71,EUR/MWh,BE,BE,imbalance_price,Long,2026-08-23T11:28:30Z
2026-08-23T11:27:43Z,2026-08-23T13:27:43+0200,aa89dba4-771d-4653-9ac4-44e4858bfe00,2026-08-09T17:30:00Z,2026-08-09T19:30:00+0200,156.71,EUR/MWh,BE,BE,imbalance_price,Short,2026-08-23T11:28:30Z
2026-08-23T11:27:43Z,2026-08-23T13:27:43+0200,aa89dba4-771d-4653-9ac4-44e4858bfe00,2026-08-09T17:45:00Z,2026-08-09T19:45:00+0200,127.3,EUR/MWh,BE,BE,imbalance_price,Long,2026-08-23T11:28:30Z
2026-08-23T11:27:43Z,2026-08-23T13:27:43+0200,aa89dba4-771d-4653-9ac4-44e4858bfe00,2026-08-09T17:45:00Z,2026-08-09T19:45:00+0200,127.3,EUR/MWh,BE,BE,imbalance_price,Short,2026-08-23T11:28:30Z
2026-08-23T11:27:43Z,2026-08-23T13:27:43+0200,aa89dba4-771d-4653-9ac4-44e4858bfe00,2026-08-09T18:00:00Z,2026-08-09T20:00:00+0200,151.48,EUR/MWh,BE,BE,imbalance_price,Long,2026-08-23T11:28:30Z
2026-08-23T11:27:43Z,2026-08-23T13:27:43+0200,aa89dba4-771d-4653-9ac4-44e4858bfe00,2026-08-09T18:00:00Z,2026-08-09T20:00:00+0200,151.48,EUR/MWh,BE,BE,imbalance_price,Short,2026-08-23T11:28:30Z
2026-08-23T11:27:43Z,2026-08-23T13:27:43+0200,aa89dba4-771d-4653-9ac4-44e4858bfe00,2026-08-09T18:15:00Z,2026-08-09T20:15:00+0200,144.21,EUR/MWh,BE,BE,imbalance_price,Long,2026-08-23T11:28:30Z
2026-08-23T11:27:43Z,2026-08-23T13:27:43+0200,aa89dba4-771d-4653-9ac4-44e4858bfe00,2026-08-09T18:15:00Z,2026-08-09T20:15:00+0200,144.21,EUR/MWh,BE,BE,imbalance_price,Short,2026-08-23T11:28:30Z
2026-08-23T11:27:43Z,2026-08-23T13:27:43+0200,aa89dba4-771d-4653-9ac4-44e4858bfe00,2026-08-09T18:30:00Z,2026-08-09T20:30:00+0200,142.48,EUR/MWh,BE,BE,imbalance_price,Long,2026-08-23T11:28:30Z
2026-08-23T11:27:43Z,2026-08-23T13:27:43+0200,aa89dba4-771d-4653-9ac4-44e4858bfe00,2026-08-09T18:30:00Z,2026-08-09T20:30:00+0200,142.48,EUR/MWh,BE,BE,imbalance_price,Short,2026-08-23T11:28:30Z
2026-08-23T11:27:43Z,2026-08-23T13:27:43+0200,aa89dba4-771d-4653-9ac4-44e4858bfe00,2026-08-09T18:45:00Z,2026-08-09T20:45:00+0200,139.03,EUR/MWh,BE,BE,imbalance_price,Long,2026-08-23T11:28:30Z
2026-08-23T11:27:43Z,2026-08-23T13:27:43+0200,aa89dba4-771d-4653-9ac4-44e4858bfe00,2026-08-09T18:45:00Z,2026-08-09T20:45:00+0200,139.03,EUR/MWh,BE,BE,imbalance_price,Short,2026-08-23T11:28:30Z
2026-08-23T11:27:43Z,2026-08-23T13:27:43+0200,aa89dba4-771d-4653-9ac4-44e4858bfe00,2026-08-09T19:00:00Z,2026-08-09T21:00:00+0200,167.48,EUR/MWh,BE,BE,imbalance_price,Long,2026-08-23T11:28:30Z
2026-08-23T11:27:43Z,2026-08-23T13:27:43+0200,aa89dba4-771d-4653-9ac4-44e4858bfe00,2026-08-09T19:00:00Z,2026-08-09T21:00:00+0200,167.48,EUR/MWh,BE,BE,imbalance_price,Short,2026-08-23T11:28:30Z
2026-08-23T11:27:43Z,2026-08-23T13:27:43+0200,aa89dba4-771d-4653-9ac4-44e4858bfe00,2026-08-09T19:15:00Z,2026-08-09T21:15:00+0200,170.23,EUR/MWh,BE,BE,imbalance_price,Long,2026-08-23T11:28:30Z
2026-08-23T11:27:43Z,2026-08-23T13:27:43+0200,aa89dba4-771d-4653-9ac4-44e4858bfe00,2026-08-09T19:15:00Z,2026-08-09T21:15:00+0200,170.23,EUR/MWh,BE,BE,imbalance_price,Short,2026-08-23T11:28:30Z
2026-08-23T11:27:43Z,2026-08-23T13:27:43+0200,aa89dba4-771d-4653-9ac4-44e4858bfe00,2026-08-09T19:30:00Z,2026-08-09T21:30:00+0200,142.58,EUR/MWh,BE,BE,imbalance_price,Long,2026-08-23T11:28:30Z
2026-08-23T11:27:43Z,2026-08-23T13:27:43+0200,aa89dba4-771d-4653-9ac4-44e4858bfe00,2026-08-09T19:30:00Z,2026-08-09T21:30:00+0200,142.58,EUR/MWh,BE,BE,imbalance_price,Short,2026-08-23T11:28:30Z
2026-08-23T11:27:43Z,2026-08-23T13:27:43+0200,aa89dba4-771d-4653-9ac4-44e4858bfe00,2026-08-09T19:45:00Z,2026-08-09T21:45:00+0200,154.23,EUR/MWh,BE,BE,imbalance_price,Long,2026-08-23T11:28:30Z
2026-08-23T11:27:43Z,2026-08-23T13:27:43+0200,aa89dba4-771d-4653-9ac4-44e4858bfe00,2026-08-09T19:45:00Z,2026-08-09T21:45:00+0200,154.23,EUR/MWh,BE,BE,imbalance_price,Short,2026-08-23T11:28:30Z
2026-08-23T11:27:43Z,2026-08-23T13:27:43+0200,aa89dba4-771d-4653-9ac4-44e4858bfe00,2026-08-09T20:00:00Z,2026-08-09T22:00:00+0200,136.25,EUR/MWh,BE,BE,imbalance_price,Long,2026-08-23T11:28:30Z
2026-08-23T11:27:43Z,2026-08-23T13:27:43+0200,aa89dba4-771d-4653-9ac4-44e4858bfe00,2026-08-09T20:00:00Z,2026-08-09T22:00:00+0200,136.25,EUR/MWh,BE,BE,imbalance_price,Short,2026-08-23T11:28:30Z
2026-08-23T11:27:43Z,2026-08-23T13:27:43+0200,aa89dba4-771d-4653-9ac4-44e4858bfe00,2026-08-09T20:15:00Z,2026-08-09T22:15:00+0200,127.35,EUR/MWh,BE,BE,imbalance_price,Long,2026-08-23T11:28:30Z
2026-08-23T11:27:43Z,2026-08-23T13:27:43+0200,aa89dba4-771d-4653-9ac4-44e4858bfe00,2026-08-09T20:15:00Z,2026-08-09T22:15:00+0200,127.35,EUR/MWh,BE,BE,imbalance_price,Short,2026-08-23T11:28:30Z
2026-08-23T11:27:43Z,2026-08-23T13:27:43+0200,aa89dba4-771d-4653-9ac4-44e4858bfe00,2026-08-09T20:30:00Z,2026-08-09T22:30:00+0200,133.66,EUR/MWh,BE,BE,imbalance_price,Long,2026-08-23T11:28:30Z
2026-08-23T11:27:43Z,2026-08-23T13:27:43+0200,aa89dba4-771d-4653-9ac4-44e4858bfe00,2026-08-09T20:30:00Z,2026-08-09T22:30:00+0200,133.66,EUR/MWh,BE,BE,imbalance_price,Short,2026-08-23T11:28:30Z
2026-08-23T11:27:43Z,2026-08-23T13:27:43+0200,aa89dba4-771d-4653-9ac4-44e4858bfe00,2026-08-09T20:45:00Z,2026-08-09T22:45:00+0200,116.48,EUR/MWh,BE,BE,imbalance_price,Long,2026-08-23T11:28:30Z
2026-08-23T11:27:43Z,2026-08-23T13:27:43+0200,aa89dba4-771d-4653-9ac4-44e4858bfe00,2026-08-09T20:45:00Z,2026-08-09T22:45:00+0200,116.48,EUR/MWh,BE,BE,imbalance_price,Short,2026-08-23T11:28:30Z
2026-08-23T11:27:43Z,2026-08-23T13:27:43+0200,aa89dba4-771d-4653-9ac4-44e4858bfe00,2026-08-09T21:00:00Z,2026-08-09T23:00:00+0200,124.85,EUR/MWh,BE,BE,imbalance_price,Long,2026-08-23T11:28:30Z
2026-08-23T11:27:43Z,2026-08-23T13:27:43+0200,aa89dba4-771d-4653-9ac4-44e4858bfe00,2026-08-09T21:00:00Z,2026-08-09T23:00:00+0200,124.85,EUR/MWh,BE,BE,imbalance_price,Short,2026-08-23T11:28:30Z
2026-08-23T11:27:43Z,2026-08-23T13:27:43+0200,aa89dba4-771d-4653-9ac4-44e4858bfe00,2026-08-09T21:15:00Z,2026-08-09T23:15:00+0200,119.34,EUR/MWh,BE,BE,imbalance_price,Long,2026-08-23T11:28:30Z
2026-08-23T11:27:43Z,2026-08-23T13:27:43+0200,aa89dba4-771d-4653-9ac4-44e4858bfe00,2026-08-09T21:15:00Z,2026-08-09T23:15:00+0200,119.34,EUR/MWh,BE,BE,imbalance_price,Short,2026-08-23T11:28:30Z
2026-08-23T11:27:43Z,2026-08-23T13:27:43+0200,aa89dba4-771d-4653-9ac4-44e4858bfe00,2026-08-09T21:30:00Z,2026-08-09T23:30:00+0200,119.55,EUR/MWh,BE,BE,imbalance_price,Long,2026-08-23T11:28:30Z
2026-08-23T11:27:43Z,2026-08-23T13:27:43+0200,aa89dba4-771d-4653-9ac4-44e4858bfe00,2026-08-09T21:30:00Z,2026-08-09T23:30:00+0200,119.55,EUR/MWh,BE,BE,imbalance_price,Short,2026-08-23T11:28:30Z
2026-08-23T11:27:43Z,2026-08-23T13:27:43+0200,aa89dba4-771d-4653-9ac4-44e4858bfe00,2026-08-09T21:45:00Z,2026-08-09T23:45:00+0200,115.37,EUR/MWh,BE,BE,imbalance_price,Long,2026-08-23T11:28:30Z
2026-08-23T11:27:43Z,2026-08-23T13:27:43+0200,aa89dba4-771d-4653-9ac4-44e4858bfe00,2026-08-09T21:45:00Z,2026-08-09T23:45:00+0200,115.37,EUR/MWh,BE,BE,imbalance_price,Short,2026-08-23T11:28:30Z
2026-08-23T11:27:43Z,2026-08-23T13:27:43+0200,aa89dba4-771d-4653-9ac4-44e4858bfe00,2026-08-09T22:00:00Z,2026-08-10T00:00:00+0200,114.74,EUR/MWh,BE,BE,imbalance_price,Long,2026-08-23T11:28:30Z
2026-08-23T11:27:43Z,2026-08-23T13:27:43+0200,aa89dba4-771d-4653-9ac4-44e4858bfe00,2026-08-09T22:00:00Z,2026-08-10T00:00:00+0200,114.74,EUR/MWh,BE,BE,imbalance_price,Short,2026-08-23T11:28:30Z
2026-08-23T11:27:43Z,2026-08-23T13:27:43+0200,aa89dba4-771d-4653-9ac4-44e4858bfe00,2026-08-09T22:15:00Z,2026-08-10T00:15:00+0200,116.02,EUR/MWh,BE,BE,imbalance_price,Long,2026-08-23T11:28:30Z
2026-08-23T11:27:43Z,2026-08-23T13:27:43+0200,aa89dba4-771d-4653-9ac4-44e4858bfe00,2026-08-09T22:15:00Z,2026-08-10T00:15:00+0200,116.02,EUR/MWh,BE,BE,imbalance_price,Short,2026-08-23T11:28:30Z
2026-08-23T11:27:43Z,2026-08-23T13:27:43+0200,aa89dba4-771d-4653-9ac4-44e4858bfe00,2026-08-09T22:30:00Z,2026-08-10T00:30:00+0200,137.68,EUR/MWh,BE,BE,imbalance_price,Long,2026-08-23T11:28:30Z
2026-08-23T11:27:43Z,2026-08-23T13:27:43+0200,aa89dba4-771d-4653-9ac4-44e4858bfe00,2026-08-09T22:30:00Z,2026-08-10T00:30:00+0200,137.68,EUR/MWh,BE,BE,imbalance_price,Short,2026-08-23T11:28:30Z
2026-08-23T11:27:43Z,2026-08-23T13:27:43+0200,aa89dba4-771d-4653-9ac4-44e4858bfe00,2026-08-09T22:45:00Z,2026-08-10T00:45:00+0200,135.31,EUR/MWh,BE,BE,imbalance_price,Long,2026-08-23T11:28:30Z
2026-08-23T11:27:43Z,2026-08-23T13:27:43+0200,aa89dba4-771d-4653-9ac4-44e4858bfe00,2026-08-09T22:45:00Z,2026-08-10T00:45:00+0200,135.31,EUR/MWh,BE,BE,imbalance_price,Short,2026-08-23T11:28:30Z
2026-08-23T11:27:43Z,2026-08-23T13:27:43+0200,aa89dba4-771d-4653-9ac4-44e4858bfe00,2026-08-09T23:00:00Z,2026-08-10T01:00:00+0200,150.09,EUR/MWh,BE,BE,imbalance_price,Long,2026-08-23T11:28:30Z
2026-08-23T11:27:43Z,2026-08-23T13:27:43+0200,aa89dba4-771d-4653-9ac4-44e4858bfe00,2026-08-09T23:00:00Z,2026-08-10T01:00:00+0200,150.09,EUR/MWh,BE,BE,imbalance_price,Short,2026-08-23T11:28:30Z
2026-08-23T11:27:43Z,2026-08-23T13:27:43+0200,aa89dba4-771d-4653-9ac4-44e4858bfe00,2026-08-09T23:15:00Z,2026-08-10T01:15:00+0200,166.89,EUR/MWh,BE,BE,imbalance_price,Long,2026-08-23T11:28:30Z
2026-08-23T11:27:43Z,2026-08-23T13:27:43+0200,aa89dba4-771d-4653-9ac4-44e4858bfe00,2026-08-09T23:15:00Z,2026-08-10T01:15:00+0200,166.89,EUR/MWh,BE,BE,imbalance_price,Short,2026-08-23T11:28:30Z
2026-08-23T11:27:43Z,2026-08-23T13:27:43+0200,aa89dba4-771d-4653-9ac4-44e4858bfe00,2026-08-09T23:30:00Z,2026-08-10T01:30:00+0200,158.51,EUR/MWh,BE,BE,imbalance_price,Long,2026-08-23T11:28:30Z
2026-08-23T11:27:43Z,2026-08-23T13:27:43+0200,aa89dba4-771d-4653-9ac4-44e4858bfe00,2026-08-09T23:30:00Z,2026-08-10T01:30:00+0200,158.51,EUR/MWh,BE,BE,imbalance_price,Short,2026-08-23T11:28:30Z
2026-08-23T11:27:43Z,2026-08-23T13:27:43+0200,aa89dba4-771d-4653-9ac4-44e4858bfe00,2026-08-09T23:45:00Z,2026-08-10T01:45:00+0200,161.06,EUR/MWh,BE,BE,imbalance_price,Long,2026-08-23T11:28:30Z
2026-08-23T11:27:43Z,2026-08-23T13:27:43+0200,aa89dba4-771d-4653-9ac4-44e4858bfe00,2026-08-09T23:45:00Z,2026-08-10T01:45:00+0200,161.06,EUR/MWh,BE,BE,imbalance_price,Short,2026-08-23T11:28:30Z
2026-08-23T11:27:43Z,2026-08-23T13:27:43+0200,aa89dba4-771d-4653-9ac4-44e4858bfe00,2026-08-10T00:00:00Z,2026-08-10T02:00:00+0200,153.7,EUR/MWh,BE,BE,imbalance_price,Long,2026-08-23T11:28:30Z
2026-08-23T11:27:43Z,2026-08-23T13:27:43+0200,aa89dba4-771d-4653-9ac4-44e4858bfe00,2026-08-10T00:00:00Z,2026-08-10T02:00:00+0200,153.7,EUR/MWh,BE,BE,imbalance_price,Short,2026-08-23T11:28:30Z
2026-08-23T11:27:43Z,2026-08-23T13:27:43+0200,aa89dba4-771d-4653-9ac4-44e4858bfe00,2026-08-10T00:15:00Z,2026-08-10T02:15:00+0200,145.05,EUR/MWh,BE,BE,imbalance_price,Long,2026-08-23T11:28:30Z
2026-08-23T11:27:43Z,2026-08-23T13:27:43+0200,aa89dba4-771d-4653-9ac4-44e4858bfe00,2026-08-10T00:15:00Z,2026-08-10T02:15:00+0200,145.05,EUR/MWh,BE,BE,imbalance_price,Short,2026-08-23T11:28:30Z
2026-08-23T11:27:43Z,2026-08-23T13:27:43+0200,aa89dba4-771d-4653-9ac4-44e4858bfe00,2026-08-10T00:30:00Z,2026-08-10T02:30:00+0200,140.35,EUR/MWh,BE,BE,imbalance_price,Long,2026-08-23T11:28:30Z
2026-08-23T11:27:43Z,2026-08-23T13:27:43+0200,aa89dba4-771d-4653-9ac4-44e4858bfe00,2026-08-10T00:30:00Z,2026-08-10T02:30:00+0200,140.35,EUR/MWh,BE,BE,imbalance_price,Short,2026-08-23T11:28:30Z
2026-08-23T11:27:43Z,2026-08-23T13:27:43+0200,aa89dba4-771d-4653-9ac4-44e4858bfe00,2026-08-10T00:45:00Z,2026-08-10T02:45:00+0200,138.64,EUR/MWh,BE,BE,imbalance_price,Long,2026-08-23T11:28:30Z
2026-08-23T11:27:43Z,2026-08-23T13:27:43+0200,aa89dba4-771d-4653-9ac4-44e4858bfe00,2026-08-10T00:45:00Z,2026-08-10T02:45:00+0200,138.64,EUR/MWh,BE,BE,imbalance_price,Short,2026-08-23T11:28:30Z
2026-08-23T11:27:43Z,2026-08-23T13:27:43+0200,aa89dba4-771d-4653-9ac4-44e4858bfe00,2026-08-10T01:00:00Z,2026-08-10T03:00:00+0200,138.0,EUR/MWh,BE,BE,imbalance_price,Long,2026-08-23T11:28:30Z
2026-08-23T11:27:43Z,2026-08-23T13:27:43+0200,aa89dba4-771d-4653-9ac4-44e4858bfe00,2026-08-10T01:00:00Z,2026-08-10T03:00:00+0200,138.0,EUR/MWh,BE,BE,imbalance_price,Short,2026-08-23T11:28:30Z
2026-08-23T11:27:43Z,2026-08-23T13:27:43+0200,aa89dba4-771d-4653-9ac4-44e4858bfe00,2026-08-10T01:15:00Z,2026-08-10T03:15:00+0200,132.7,EUR/MWh,BE,BE,imbalance_price,Long,2026-08-23T11:28:30Z
2026-08-23T11:27:43Z,2026-08-23T13:27:43+0200,aa89dba4-771d-4653-9ac4-44e4858bfe00,2026-08-10T01:15:00Z,2026-08-10T03:15:00+0200,132.7,EUR/MWh,BE,BE,imbalance_price,Short,2026-08-23T11:28:30Z
2026-08-23T11:27:43Z,2026-08-23T13:27:43+0200,aa89dba4-771d-4653-9ac4-44e4858bfe00,2026-08-10T01:30:00Z,2026-08-10T03:30:00+0200,121.75,EUR/MWh,BE,BE,imbalance_price,Long,2026-08-23T11:28:30Z
2026-08-23T11:27:43Z,2026-08-23T13:27:43+0200,aa89dba4-771d-4653-9ac4-44e4858bfe00,2026-08-10T01:30:00Z,2026-08-10T03:30:00+0200,121.75,EUR/MWh,BE,BE,imbalance_price,Short,2026-08-23T11:28:30Z
2026-08-23T11:27:43Z,2026-08-23T13:27:43+0200,aa89dba4-771d-4653-9ac4-44e4858bfe00,2026-08-10T01:45:00Z,2026-08-10T03:45:00+0200,127.91,EUR/MWh,BE,BE,imbalance_price,Long,2026-08-23T11:28:30Z
2026-08-23T11:27:43Z,2026-08-23T13:27:43+0200,aa89dba4-771d-4653-9ac4-44e4858bfe00,2026-08-10T01:45:00Z,2026-08-10T03:45:00+0200,127.91,EUR/MWh,BE,BE,imbalance_price,Short,2026-08-23T11:28:30Z
2026-08-23T11:27:43Z,2026-08-23T13:27:43+0200,aa89dba4-771d-4653-9ac4-44e4858bfe00,2026-08-10T02:00:00Z,2026-08-10T04:00:00+0200,123.19,EUR/MWh,BE,BE,imbalance_price,Long,2026-08-23T11:28:30Z
2026-08-23T11:27:43Z,2026-08-23T13:27:43+0200,aa89dba4-771d-4653-9ac4-44e4858bfe00,2026-08-10T02:00:00Z,2026-08-10T04:00:00+0200,123.19,EUR/MWh,BE,BE,imbalance_price,Short,2026-08-23T11:28:30Z
2026-08-23T11:27:43Z,2026-08-23T13:27:43+0200,aa89dba4-771d-4653-9ac4-44e4858bfe00,2026-08-10T02:15:00Z,2026-08-10T04:15:00+0200,128.57,EUR/MWh,BE,BE,imbalance_price,Long,2026-08-23T11:28:30Z
2026-08-23T11:27:43Z,2026-08-23T13:27:43+0200,aa89dba4-771d-4653-9ac4-44e4858bfe00,2026-08-10T02:15:00Z,2026-08-10T04:15:00+0200,128.57,EUR/MWh,BE,BE,imbalance_price,Short,2026-08-23T11:28:30Z
2026-08-23T11:27:43Z,2026-08-23T13:27:43+0200,aa89dba4-771d-4653-9ac4-44e4858bfe00,2026-08-10T02:30:00Z,2026-08-10T04:30:00+0200,143.41,EUR/MWh,BE,BE,imbalance_price,Long,2026-08-23T11:28:30Z
2026-08-23T11:27:43Z,2026-08-23T13:27:43+0200,aa89dba4-771d-4653-9ac4-44e4858bfe00,2026-08-10T02:30:00Z,2026-08-10T04:30:00+0200,143.41,EUR/MWh,BE,BE,imbalance_price,Short,2026-08-23T11:28:30Z
2026-08-23T11:27:43Z,2026-08-23T13:27:43+0200,aa89dba4-771d-4653-9ac4-44e4858bfe00,2026-08-10T02:45:00Z,2026-08-10T04:45:00+0200,160.94,EUR/MWh,BE,BE,imbalance_price,Long,2026-08-23T11:28:30Z
2026-08-23T11:27:43Z,2026-08-23T13:27:43+0200,aa89dba4-771d-4653-9ac4-44e4858bfe00,2026-08-10T02:45:00Z,2026-08-10T04:45:00+0200,160.94,EUR/MWh,BE,BE,imbalance_price,Short,2026-08-23T11:28:30Z
2026-08-23T11:27:43Z,2026-08-23T13:27:43+0200,aa89dba4-771d-4653-9ac4-44e4858bfe00,2026-08-10T03:00:00Z,2026-08-10T05:00:00+0200,170.47,EUR/MWh,BE,BE,imbalance_price,Long,2026-08-23T11:28:30Z
2026-08-23T11:27:43Z,2026-08-23T13:27:43+0200,aa89dba4-771d-4653-9ac4-44e4858bfe00,2026-08-10T03:00:00Z,2026-08-10T05:00:00+0200,170.47,EUR/MWh,BE,BE,imbalance_price,Short,2026-08-23T11:28:30Z
2026-08-23T11:27:43Z,2026-08-23T13:27:43+0200,aa89dba4-771d-4653-9ac4-44e4858bfe00,2026-08-10T03:15:00Z,2026-08-10T05:15:00+0200,135.52,EUR/MWh,BE,BE,imbalance_price,Long,2026-08-23T11:28:30Z
2026-08-23T11:27:43Z,2026-08-23T13:27:43+0200,aa89dba4-771d-4653-9ac4-44e4858bfe00,2026-08-10T03:15:00Z,2026-08-10T05:15:00+0200,135.52,EUR/MWh,BE,BE,imbalance_price,Short,2026-08-23T11:28:30Z
2026-08-23T11:27:43Z,2026-08-23T13:27:43+0200,aa89dba4-771d-4653-9ac4-44e4858bfe00,2026-08-10T03:30:00Z,2026-08-10T05:30:00+0200,138.52,EUR/MWh,BE,BE,imbalance_price,Long,2026-08-23T11:28:30Z
2026-08-23T11:27:43Z,2026-08-23T13:27:43+0200,aa89dba4-771d-4653-9ac4-44e4858bfe00,2026-08-10T03:30:00Z,2026-08-10T05:30:00+0200,138.52,EUR/MWh,BE,BE,imbalance_price,Short,2026-08-23T11:28:30Z
2026-08-23T11:27:43Z,2026-08-23T13:27:43+0200,aa89dba4-771d-4653-9ac4-44e4858bfe00,2026-08-10T03:45:00Z,2026-08-10T05:45:00+0200,148.72,EUR/MWh,BE,BE,imbalance_price,Long,2026-08-23T11:28:30Z
2026-08-23T11:27:43Z,2026-08-23T13:27:43+0200,aa89dba4-771d-4653-9ac4-44e4858bfe00,2026-08-10T03:45:00Z,2026-08-10T05:45:00+0200,148.72,EUR/MWh,BE,BE,imbalance_price,Short,2026-08-23T11:28:30Z
2026-08-23T11:27:43Z,2026-08-23T13:27:43+0200,aa89dba4-771d-4653-9ac4-44e4858bfe00,2026-08-10T04:00:00Z,2026-08-10T06:00:00+0200,150.52,EUR/MWh,BE,BE,imbalance_price,Long,2026-08-23T11:28:30Z
2026-08-23T11:27:43Z,2026-08-23T13:27:43+0200,aa89dba4-771d-4653-9ac4-44e4858bfe00,2026-08-10T04:00:00Z,2026-08-10T06:00:00+0200,150.52,EUR/MWh,BE,BE,imbalance_price,Short,2026-08-23T11:28:30Z
2026-08-23T11:27:43Z,2026-08-23T13:27:43+0200,aa89dba4-771d-4653-9ac4-44e4858bfe00,2026-08-10T04:15:00Z,2026-08-10T06:15:00+0200,129.75,EUR/MWh,BE,BE,imbalance_price,Long,2026-08-23T11:28:30Z
2026-08-23T11:27:43Z,2026-08-23T13:27:43+0200,aa89dba4-771d-4653-9ac4-44e4858bfe00,2026-08-10T04:15:00Z,2026-08-10T06:15:00+0200,129.75,EUR/MWh,BE,BE,imbalance_price,Short,2026-08-23T11:28:30Z
2026-08-23T11:27:43Z,2026-08-23T13:27:43+0200,aa89dba4-771d-4653-9ac4-44e4858bfe00,2026-08-10T04:30:00Z,2026-08-10T06:30:00+0200,137.35,EUR/MWh,BE,BE,imbalance_price,Long,2026-08-23T11:28:30Z
2026-08-23T11:27:43Z,2026-08-23T13:27:43+0200,aa89dba4-771d-4653-9ac4-44e4858bfe00,2026-08-10T04:30:00Z,2026-08-10T06:30:00+0200,137.35,EUR/MWh,BE,BE,imbalance_price,Short,2026-08-23T11:28:30Z
2026-08-23T11:27:43Z,2026-08-23T13:27:43+0200,aa89dba4-771d-4653-9ac4-44e4858bfe00,2026-08-10T04:45:00Z,2026-08-10T06:45:00+0200,175.24,EUR/MWh,BE,BE,imbalance_price,Long,2026-08-23T11:28:30Z
2026-08-23T11:27:43Z,2026-08-23T13:27:43+0200,aa89dba4-771d-4653-9ac4-44e4858bfe00,2026-08-10T04:45:00Z,2026-08-10T06:45:00+0200,175.24,EUR/MWh,BE,BE,imbalance_price,Short,2026-08-23T11:28:30Z
2026-08-23T11:27:43Z,2026-08-23T13:27:43+0200,aa89dba4-771d-4653-9ac4-44e4858bfe00,2026-08-10T05:00:00Z,2026-08-10T07:00:00+0200,140.42,EUR/MWh,BE,BE,imbalance_price,Long,2026-08-23T11:28:30Z
2026-08-23T11:27:43Z,2026-08-23T13:27:43+0200,aa89dba4-771d-4653-9ac4-44e4858bfe00,2026-08-10T05:00:00Z,2026-08-10T07:00:00+0200,140.42,EUR/MWh,BE,BE,imbalance_price,Short,2026-08-23T11:28:30Z
2026-08-23T11:27:43Z,2026-08-23T13:27:43+0200,aa89dba4-771d-4653-9ac4-44e4858bfe00,2026-08-10T05:15:00Z,2026-08-10T07:15:00+0200,144.18,EUR/MWh,BE,BE,imbalance_price,Long,2026-08-23T11:28:30Z
2026-08-23T11:27:43Z,2026-08-23T13:27:43+0200,aa89dba4-771d-4653-9ac4-44e4858bfe00,2026-08-10T05:15:00Z,2026-08-10T07:15:00+0200,144.18,EUR/MWh,BE,BE,imbalance_price,Short,2026-08-23T11:28:30Z
2026-08-23T11:27:43Z,2026-08-23T13:27:43+0200,aa89dba4-771d-4653-9ac4-44e4858bfe00,2026-08-10T05:30:00Z,2026-08-10T07:30:00+0200,137.86,EUR/MWh,BE,BE,imbalance_price,Long,2026-08-23T11:28:30Z
2026-08-23T11:27:43Z,2026-08-23T13:27:43+0200,aa89dba4-771d-4653-9ac4-44e4858bfe00,2026-08-10T05:30:00Z,2026-08-10T07:30:00+0200,137.86,EUR/MWh,BE,BE,imbalance_price,Short,2026-08-23T11:28:30Z
2026-08-23T11:27:43Z,2026-08-23T13:27:43+0200,aa89dba4-771d-4653-9ac4-44e4858bfe00,2026-08-10T05:45:00Z,2026-08-10T07:45:00+0200,134.59,EUR/MWh,BE,BE,imbalance_price,Long,2026-08-23T11:28:30Z
2026-08-23T11:27:43Z,2026-08-23T13:27:43+0200,aa89dba4-771d-4653-9ac4-44e4858bfe00,2026-08-10T05:45:00Z,2026-08-10T07:45:00+0200,134.59,EUR/MWh,BE,BE,imbalance_price,Short,2026-08-23T11:28:30Z
2026-08-23T11:27:43Z,2026-08-23T13:27:43+0200,aa89dba4-771d-4653-9ac4-44e4858bfe00,2026-08-10T06:00:00Z,2026-08-10T08:00:00+0200,143.43,EUR/MWh,BE,BE,imbalance_price,Long,2026-08-23T11:28:30Z
2026-08-23T11:27:43Z,2026-08-23T13:27:43+0200,aa89dba4-771d-4653-9ac4-44e4858bfe00,2026-08-10T06:00:00Z,2026-08-10T08:00:00+0200,143.43,EUR/MWh,BE,BE,imbalance_price,Short,2026-08-23T11:28:30Z
2026-08-23T11:27:43Z,2026-08-23T13:27:43+0200,aa89dba4-771d-4653-9ac4-44e4858bfe00,2026-08-10T06:15:00Z,2026-08-10T08:15:00+0200,191.4,EUR/MWh,BE,BE,imbalance_price,Long,2026-08-23T11:28:30Z
2026-08-23T11:27:43Z,2026-08-23T13:27:43+0200,aa89dba4-771d-4653-9ac4-44e4858bfe00,2026-08-10T06:15:00Z,2026-08-10T08:15:00+0200,191.4,EUR/MWh,BE,BE,imbalance_price,Short,2026-08-23T11:28:30Z
2026-08-23T11:27:43Z,2026-08-23T13:27:43+0200,aa89dba4-771d-4653-9ac4-44e4858bfe00,2026-08-10T06:30:00Z,2026-08-10T08:30:00+0200,160.57,EUR/MWh,BE,BE,imbalance_price,Long,2026-08-23T11:28:30Z
2026-08-23T11:27:43Z,2026-08-23T13:27:43+0200,aa89dba4-771d-4653-9ac4-44e4858bfe00,2026-08-10T06:30:00Z,2026-08-10T08:30:00+0200,160.57,EUR/MWh,BE,BE,imbalance_price,Short,2026-08-23T11:28:30Z
2026-08-23T11:27:43Z,2026-08-23T13:27:43+0200,aa89dba4-771d-4653-9ac4-44e4858bfe00,2026-08-10T06:45:00Z,2026-08-10T08:45:00+0200,129.37,EUR/MWh,BE,BE,imbalance_price,Long,2026-08-23T11:28:30Z
2026-08-23T11:27:43Z,2026-08-23T13:27:43+0200,aa89dba4-771d-4653-9ac4-44e4858bfe00,2026-08-10T06:45:00Z,2026-08-10T08:45:00+0200,129.37,EUR/MWh,BE,BE,imbalance_price,Short,2026-08-23T11:28:30Z
2026-08-23T11:27:43Z,2026-08-23T13:27:43+0200,aa89dba4-771d-4653-9ac4-44e4858bfe00,2026-08-10T07:00:00Z,2026-08-10T09:00:00+0200,130.23,EUR/MWh,BE,BE,imbalance_price,Long,2026-08-23T11:28:30Z
2026-08-23T11:27:43Z,2026-08-23T13:27:43+0200,aa89dba4-771d-4653-9ac4-44e4858bfe00,2026-08-10T07:00:00Z,2026-08-10T09:00:00+0200,130.23,EUR/MWh,BE,BE,imbalance_price,Short,2026-08-23T11:28:30Z
2026-08-23T11:27:43Z,2026-08-23T13:27:43+0200,aa89dba4-771d-4653-9ac4-44e4858bfe00,2026-08-10T07:15:00Z,2026-08-10T09:15:00+0200,148.68,EUR/MWh,BE,BE,imbalance_price,Long,2026-08-23T11:28:30Z
2026-08-23T11:27:43Z,2026-08-23T13:27:43+0200,aa89dba4-771d-4653-9ac4-44e4858bfe00,2026-08-10T07:15:00Z,2026-08-10T09:15:00+0200,148.68,EUR/MWh,BE,BE,imbalance_price,Short,2026-08-23T11:28:30Z
2026-08-23T11:27:43Z,2026-08-23T13:27:43+0200,aa89dba4-771d-4653-9ac4-44e4858bfe00,2026-08-10T07:30:00Z,2026-08-10T09:30:00+0200,179.24,EUR/MWh,BE,BE,imbalance_price,Long,2026-08-23T11:28:30Z
2026-08-23T11:27:43Z,2026-08-23T13:27:43+0200,aa89dba4-771d-4653-9ac4-44e4858bfe00,2026-08-10T07:30:00Z,2026-08-10T09:30:00+0200,179.24,EUR/MWh,BE,BE,imbalance_price,Short,2026-08-23T11:28:30Z
2026-08-23T11:27:43Z,2026-08-23T13:27:43+0200,aa89dba4-771d-4653-9ac4-44e4858bfe00,2026-08-10T07:45:00Z,2026-08-10T09:45:00+0200,159.97,EUR/MWh,BE,BE,imbalance_price,Long,2026-08-23T11:28:30Z
2026-08-23T11:27:43Z,2026-08-23T13:27:43+0200,aa89dba4-771d-4653-9ac4-44e4858bfe00,2026-08-10T07:45:00Z,2026-08-10T09:45:00+0200,159.97,EUR/MWh,BE,BE,imbalance_price,Short,2026-08-23T11:28:30Z
2026-08-23T11:27:43Z,2026-08-23T13:27:43+0200,aa89dba4-771d-4653-9ac4-44e4858bfe00,2026-08-10T08:00:00Z,2026-08-10T10:00:00+0200,147.87,EUR/MWh,BE,BE,imbalance_price,Long,2026-08-23T11:28:30Z
2026-08-23T11:27:43Z,2026-08-23T13:27:43+0200,aa89dba4-771d-4653-9ac4-44e4858bfe00,2026-08-10T08:00:00Z,2026-08-10T10:00:00+0200,147.87,EUR/MWh,BE,BE,imbalance_price,Short,2026-08-23T11:28:30Z
2026-08-23T11:27:43Z,2026-08-23T13:27:43+0200,aa89dba4-771d-4653-9ac4-44e4858bfe00,2026-08-10T08:15:00Z,2026-08-10T10:15:00+0200,154.37,EUR/MWh,BE,BE,imbalance_price,Long,2026-08-23T11:28:30Z
2026-08-23T11:27:43Z,2026-08-23T13:27:43+0200,aa89dba4-771d-4653-9ac4-44e4858bfe00,2026-08-10T08:15:00Z,2026-08-10T10:15:00+0200,154.37,EUR/MWh,BE,BE,imbalance_price,Short,2026-08-23T11:28:30Z
2026-08-23T11:27:43Z,2026-08-23T13:27:43+0200,aa89dba4-771d-4653-9ac4-44e4858bfe00,2026-08-10T08:30:00Z,2026-08-10T10:30:00+0200,116.66,EUR/MWh,BE,BE,imbalance_price,Long,2026-08-23T11:28:30Z
2026-08-23T11:27:43Z,2026-08-23T13:27:43+0200,aa89dba4-771d-4653-9ac4-44e4858bfe00,2026-08-10T08:30:00Z,2026-08-10T10:30:00+0200,116.66,EUR/MWh,BE,BE,imbalance_price,Short,2026-08-23T11:28:30Z
2026-08-23T11:27:43Z,2026-08-23T13:27:43+0200,aa89dba4-771d-4653-9ac4-44e4858bfe00,2026-08-10T08:45:00Z,2026-08-10T10:45:00+0200,108.12,EUR/MWh,BE,BE,imbalance_price,Long,2026-08-23T11:28:30Z
2026-08-23T11:27:43Z,2026-08-23T13:27:43+0200,aa89dba4-771d-4653-9ac4-44e4858bfe00,2026-08-10T08:45:00Z,2026-08-10T10:45:00+0200,108.12,EUR/MWh,BE,BE,imbalance_price,Short,2026-08-23T11:28:30Z
2026-08-23T11:27:43Z,2026-08-23T13:27:43+0200,aa89dba4-771d-4653-9ac4-44e4858bfe00,2026-08-10T09:00:00Z,2026-08-10T11:00:00+0200,69.06,EUR/MWh,BE,BE,imbalance_price,Long,2026-08-23T11:28:30Z
2026-08-23T11:27:43Z,2026-08-23T13:27:43+0200,aa89dba4-771d-4653-9ac4-44e4858bfe00,2026-08-10T09:00:00Z,2026-08-10T11:00:00+0200,69.06,EUR/MWh,BE,BE,imbalance_price,Short,2026-08-23T11:28:30Z
2026-08-23T11:27:43Z,2026-08-23T13:27:43+0200,aa89dba4-771d-4653-9ac4-44e4858bfe00,2026-08-10T09:15:00Z,2026-08-10T11:15:00+0200,54.98,EUR/MWh,BE,BE,imbalance_price,Long,2026-08-23T11:28:30Z
2026-08-23T11:27:43Z,2026-08-23T13:27:43+0200,aa89dba4-771d-4653-9ac4-44e4858bfe00,2026-08-10T09:15:00Z,2026-08-10T11:15:00+0200,54.98,EUR/MWh,BE,BE,imbalance_price,Short,2026-08-23T11:28:30Z
2026-08-23T11:27:43Z,2026-08-23T13:27:43+0200,aa89dba4-771d-4653-9ac4-44e4858bfe00,2026-08-10T09:30:00Z,2026-08-10T11:30:00+0200,4.34,EUR/MWh,BE,BE,imbalance_price,Long,2026-08-23T11:28:30Z
2026-08-23T11:27:43Z,2026-08-23T13:27:43+0200,aa89dba4-771d-4653-9ac4-44e4858bfe00,2026-08-10T09:30:00Z,2026-08-10T11:30:00+0200,4.34,EUR/MWh,BE,BE,imbalance_price,Short,2026-08-23T11:28:30Z
2026-08-23T11:27:43Z,2026-08-23T13:27:43+0200,aa89dba4-771d-4653-9ac4-44e4858bfe00,2026-08-10T09:45:00Z,2026-08-10T11:45:00+0200,-4.79,EUR/MWh,BE,BE,imbalance_price,Long,2026-08-23T11:28:30Z
2026-08-23T11:27:43Z,2026-08-23T13:27:43+0200,aa89dba4-771d-4653-9ac4-44e4858bfe00,2026-08-10T09:45:00Z,2026-08-10T11:45:00+0200,-4.79,EUR/MWh,BE,BE,imbalance_price,Short,2026-08-23T11:28:30Z
2026-08-23T11:27:43Z,2026-08-23T13:27:43+0200,aa89dba4-771d-4653-9ac4-44e4858bfe00,2026-08-10T10:00:00Z,2026-08-10T12:00:00+0200,1.7,EUR/MWh,BE,BE,imbalance_price,Long,2026-08-23T11:28:30Z
2026-08-23T11:27:43Z,2026-08-23T13:27:43+0200,aa89dba4-771d-4653-9ac4-44e4858bfe00,2026-08-10T10:00:00Z,2026-08-10T12:00:00+0200,1.7,EUR/MWh,BE,BE,imbalance_price,Short,2026-08-23T11:28:30Z
2026-08-23T11:27:43Z,2026-08-23T13:27:43+0200,aa89dba4-771d-4653-9ac4-44e4858bfe00,2026-08-10T10:15:00Z,2026-08-10T12:15:00+0200,5.71,EUR/MWh,BE,BE,imbalance_price,Long,2026-08-23T11:28:30Z
2026-08-23T11:27:43Z,2026-08-23T13:27:43+0200,aa89dba4-771d-4653-9ac4-44e4858bfe00,2026-08-10T10:15:00Z,2026-08-10T12:15:00+0200,5.71,EUR/MWh,BE,BE,imbalance_price,Short,2026-08-23T11:28:30Z
2026-08-23T11:27:43Z,2026-08-23T13:27:43+0200,aa89dba4-771d-4653-9ac4-44e4858bfe00,2026-08-10T10:30:00Z,2026-08-10T12:30:00+0200,24.92,EUR/MWh,BE,BE,imbalance_price,Long,2026-08-23T11:28:30Z
2026-08-23T11:27:43Z,2026-08-23T13:27:43+0200,aa89dba4-771d-4653-9ac4-44e4858bfe00,2026-08-10T10:30:00Z,2026-08-10T12:30:00+0200,24.92,EUR/MWh,BE,BE,imbalance_price,Short,2026-08-23T11:28:30Z
2026-08-23T11:27:43Z,2026-08-23T13:27:43+0200,aa89dba4-771d-4653-9ac4-44e4858bfe00,2026-08-10T10:45:00Z,2026-08-10T12:45:00+0200,-2.24,EUR/MWh,BE,BE,imbalance_price,Long,2026-08-23T11:28:30Z
2026-08-23T11:27:43Z,2026-08-23T13:27:43+0200,aa89dba4-771d-4653-9ac4-44e4858bfe00,2026-08-10T10:45:00Z,2026-08-10T12:45:00+0200,-2.24,EUR/MWh,BE,BE,imbalance_price,Short,2026-08-23T11:28:30Z
2026-08-23T11:27:43Z,2026-08-23T13:27:43+0200,aa89dba4-771d-4653-9ac4-44e4858bfe00,2026-08-10T11:00:00Z,2026-08-10T13:00:00+0200,-2.41,EUR/MWh,BE,BE,imbalance_price,Long,2026-08-23T11:28:30Z
2026-08-23T11:27:43Z,2026-08-23T13:27:43+0200,aa89dba4-771d-4653-9ac4-44e4858bfe00,2026-08-10T11:00:00Z,2026-08-10T13:00:00+0200,-2.41,EUR/MWh,BE,BE,imbalance_price,Short,2026-08-23T11:28:30Z
2026-08-23T11:27:43Z,2026-08-23T13:27:43+0200,aa89dba4-771d-4653-9ac4-44e4858bfe00,2026-08-10T11:15:00Z,2026-08-10T13:15:00+0200,41.16,EUR/MWh,BE,BE,imbalance_price,Long,2026-08-23T11:28:30Z
2026-08-23T11:27:43Z,2026-08-23T13:27:43+0200,aa89dba4-771d-4653-9ac4-44e4858bfe00,2026-08-10T11:15:00Z,2026-08-10T13:15:00+0200,41.16,EUR/MWh,BE,BE,imbalance_price,Short,2026-08-23T11:28:30Z
2026-08-23T11:27:43Z,2026-08-23T13:27:43+0200,aa89dba4-771d-4653-9ac4-44e4858bfe00,2026-08-10T11:30:00Z,2026-08-10T13:30:00+0200,29.97,EUR/MWh,BE,BE,imbalance_price,Long,2026-08-23T11:28:30Z
2026-08-23T11:27:43Z,2026-08-23T13:27:43+0200,aa89dba4-771d-4653-9ac4-44e4858bfe00,2026-08-10T11:30:00Z,2026-08-10T13:30:00+0200,29.97,EUR/MWh,BE,BE,imbalance_price,Short,2026-08-23T11:28:30Z
2026-08-23T11:27:43Z,2026-08-23T13:27:43+0200,aa89dba4-771d-4653-9ac4-44e4858bfe00,2026-08-10T11:45:00Z,2026-08-10T13:45:00+0200,50.0,EUR/MWh,BE,BE,imbalance_price,Long,2026-08-23T11:28:30Z
2026-08-23T11:27:43Z,2026-08-23T13:27:43+0200,aa89dba4-771d-4653-9ac4-44e4858bfe00,2026-08-10T11:45:00Z,2026-08-10T13:45:00+0200,50.0,EUR/MWh,BE,BE,imbalance_price,Short,2026-08-23T11:28:30Z
2026-08-23T11:27:43Z,2026-08-23T13:27:43+0200,aa89dba4-771d-4653-9ac4-44e4858bfe00,2026-08-10T12:00:00Z,2026-08-10T14:00:00+0200,95.97,EUR/MWh,BE,BE,imbalance_price,Long,2026-08-23T11:28:30Z
2026-08-23T11:27:43Z,2026-08-23T13:27:43+0200,aa89dba4-771d-4653-9ac4-44e4858bfe00,2026-08-10T12:00:00Z,2026-08-10T14:00:00+0200,95.97,EUR/MWh,BE,BE,imbalance_price,Short,2026-08-23T11:28:30Z
2026-08-23T11:27:43Z,2026-08-23T13:27:43+0200,aa89dba4-771d-4653-9ac4-44e4858bfe00,2026-08-10T12:15:00Z,2026-08-10T14:15:00+0200,132.8,EUR/MWh,BE,BE,imbalance_price,Long,2026-08-23T11:28:30Z
2026-08-23T11:27:43Z,2026-08-23T13:27:43+0200,aa89dba4-771d-4653-9ac4-44e4858bfe00,2026-08-10T12:15:00Z,2026-08-10T14:15:00+0200,132.8,EUR/MWh,BE,BE,imbalance_price,Short,2026-08-23T11:28:30Z
2026-08-23T11:27:43Z,2026-08-23T13:27:43+0200,aa89dba4-771d-4653-9ac4-44e4858bfe00,2026-08-10T12:30:00Z,2026-08-10T14:30:00+0200,110.26,EUR/MWh,BE,BE,imbalance_price,Long,2026-08-23T11:28:30Z
2026-08-23T11:27:43Z,2026-08-23T13:27:43+0200,aa89dba4-771d-4653-9ac4-44e4858bfe00,2026-08-10T12:30:00Z,2026-08-10T14:30:00+0200,110.26,EUR/MWh,BE,BE,imbalance_price,Short,2026-08-23T11:28:30Z
2026-08-23T11:27:43Z,2026-08-23T13:27:43+0200,aa89dba4-771d-4653-9ac4-44e4858bfe00,2026-08-10T12:45:00Z,2026-08-10T14:45:00+0200,125.49,EUR/MWh,BE,BE,imbalance_price,Long,2026-08-23T11:28:30Z
2026-08-23T11:27:43Z,2026-08-23T13:27:43+0200,aa89dba4-771d-4653-9ac4-44e4858bfe00,2026-08-10T12:45:00Z,2026-08-10T14:45:00+0200,125.49,EUR/MWh,BE,BE,imbalance_price,Short,2026-08-23T11:28:30Z
2026-08-23T11:27:43Z,2026-08-23T13:27:43+0200,aa89dba4-771d-4653-9ac4-44e4858bfe00,2026-08-10T13:00:00Z,2026-08-10T15:00:00+0200,147.92,EUR/MWh,BE,BE,imbalance_price,Long,2026-08-23T11:28:30Z
2026-08-23T11:27:43Z,2026-08-23T13:27:43+0200,aa89dba4-771d-4653-9ac4-44e4858bfe00,2026-08-10T13:00:00Z,2026-08-10T15:00:00+0200,147.92,EUR/MWh,BE,BE,imbalance_price,Short,2026-08-23T11:28:30Z
2026-08-23T11:27:43Z,2026-08-23T13:27:43+0200,aa89dba4-771d-4653-9ac4-44e4858bfe00,2026-08-10T13:15:00Z,2026-08-10T15:15:00+0200,96.17,EUR/MWh,BE,BE,imbalance_price,Long,2026-08-23T11:28:30Z
2026-08-23T11:27:43Z,2026-08-23T13:27:43+0200,aa89dba4-771d-4653-9ac4-44e4858bfe00,2026-08-10T13:15:00Z,2026-08-10T15:15:00+0200,96.17,EUR/MWh,BE,BE,imbalance_price,Short,2026-08-23T11:28:30Z
2026-08-23T11:27:43Z,2026-08-23T13:27:43+0200,aa89dba4-771d-4653-9ac4-44e4858bfe00,2026-08-10T13:30:00Z,2026-08-10T15:30:00+0200,63.84,EUR/MWh,BE,BE,imbalance_price,Long,2026-08-23T11:28:30Z
2026-08-23T11:27:43Z,2026-08-23T13:27:43+0200,aa89dba4-771d-4653-9ac4-44e4858bfe00,2026-08-10T13:30:00Z,2026-08-10T15:30:00+0200,63.84,EUR/MWh,BE,BE,imbalance_price,Short,2026-08-23T11:28:30Z
2026-08-23T11:27:43Z,2026-08-23T13:27:43+0200,aa89dba4-771d-4653-9ac4-44e4858bfe00,2026-08-10T13:45:00Z,2026-08-10T15:45:00+0200,101.5,EUR/MWh,BE,BE,imbalance_price,Long,2026-08-23T11:28:30Z
2026-08-23T11:27:43Z,2026-08-23T13:27:43+0200,aa89dba4-771d-4653-9ac4-44e4858bfe00,2026-08-10T13:45:00Z,2026-08-10T15:45:00+0200,101.5,EUR/MWh,BE,BE,imbalance_price,Short,2026-08-23T11:28:30Z
2026-08-23T11:27:43Z,2026-08-23T13:27:43+0200,aa89dba4-771d-4653-9ac4-44e4858bfe00,2026-08-10T14:00:00Z,2026-08-10T16:00:00+0200,63.18,EUR/MWh,BE,BE,imbalance_price,Long,2026-08-23T11:28:30Z
2026-08-23T11:27:43Z,2026-08-23T13:27:43+0200,aa89dba4-771d-4653-9ac4-44e4858bfe00,2026-08-10T14:00:00Z,2026-08-10T16:00:00+0200,63.18,EUR/MWh,BE,BE,imbalance_price,Short,2026-08-23T11:28:30Z
2026-08-23T11:27:43Z,2026-08-23T13:27:43+0200,aa89dba4-771d-4653-9ac4-44e4858bfe00,2026-08-10T14:15:00Z,2026-08-10T16:15:00+0200,81.22,EUR/MWh,BE,BE,imbalance_price,Long,2026-08-23T11:28:30Z
2026-08-23T11:27:43Z,2026-08-23T13:27:43+0200,aa89dba4-771d-4653-9ac4-44e4858bfe00,2026-08-10T14:15:00Z,2026-08-10T16:15:00+0200,81.22,EUR/MWh,BE,BE,imbalance_price,Short,2026-08-23T11:28:30Z
2026-08-23T11:27:43Z,2026-08-23T13:27:43+0200,aa89dba4-771d-4653-9ac4-44e4858bfe00,2026-08-10T14:30:00Z,2026-08-10T16:30:00+0200,90.65,EUR/MWh,BE,BE,imbalance_price,Long,2026-08-23T11:28:30Z
2026-08-23T11:27:43Z,2026-08-23T13:27:43+0200,aa89dba4-771d-4653-9ac4-44e4858bfe00,2026-08-10T14:30:00Z,2026-08-10T16:30:00+0200,90.65,EUR/MWh,BE,BE,imbalance_price,Short,2026-08-23T11:28:30Z
2026-08-23T11:27:43Z,2026-08-23T13:27:43+0200,aa89dba4-771d-4653-9ac4-44e4858bfe00,2026-08-10T14:45:00Z,2026-08-10T16:45:00+0200,62.37,EUR/MWh,BE,BE,imbalance_price,Long,2026-08-23T11:28:30Z
2026-08-23T11:27:43Z,2026-08-23T13:27:43+0200,aa89dba4-771d-4653-9ac4-44e4858bfe00,2026-08-10T14:45:00Z,2026-08-10T16:45:00+0200,62.37,EUR/MWh,BE,BE,imbalance_price,Short,2026-08-23T11:28:30Z
2026-08-23T11:27:43Z,2026-08-23T13:27:43+0200,aa89dba4-771d-4653-9ac4-44e4858bfe00,2026-08-10T15:00:00Z,2026-08-10T17:00:00+0200,104.88,EUR/MWh,BE,BE,imbalance_price,Long,2026-08-23T11:28:30Z
2026-08-23T11:27:43Z,2026-08-23T13:27:43+0200,aa89dba4-771d-4653-9ac4-44e4858bfe00,2026-08-10T15:00:00Z,2026-08-10T17:00:00+0200,104.88,EUR/MWh,BE,BE,imbalance_price,Short,2026-08-23T11:28:30Z
2026-08-23T11:27:43Z,2026-08-23T13:27:43+0200,aa89dba4-771d-4653-9ac4-44e4858bfe00,2026-08-10T15:15:00Z,2026-08-10T17:15:00+0200,84.39,EUR/MWh,BE,BE,imbalance_price,Long,2026-08-23T11:28:30Z
2026-08-23T11:27:43Z,2026-08-23T13:27:43+0200,aa89dba4-771d-4653-9ac4-44e4858bfe00,2026-08-10T15:15:00Z,2026-08-10T17:15:00+0200,84.39,EUR/MWh,BE,BE,imbalance_price,Short,2026-08-23T11:28:30Z
2026-08-23T11:27:43Z,2026-08-23T13:27:43+0200,aa89dba4-771d-4653-9ac4-44e4858bfe00,2026-08-10T15:30:00Z,2026-08-10T17:30:00+0200,67.27,EUR/MWh,BE,BE,imbalance_price,Long,2026-08-23T11:28:30Z
2026-08-23T11:27:43Z,2026-08-23T13:27:43+0200,aa89dba4-771d-4653-9ac4-44e4858bfe00,2026-08-10T15:30:00Z,2026-08-10T17:30:00+0200,67.27,EUR/MWh,BE,BE,imbalance_price,Short,2026-08-23T11:28:30Z
2026-08-23T11:27:43Z,2026-08-23T13:27:43+0200,aa89dba4-771d-4653-9ac4-44e4858bfe00,2026-08-10T15:45:00Z,2026-08-10T17:45:00+0200,109.39,EUR/MWh,BE,BE,imbalance_price,Long,2026-08-23T11:28:30Z
2026-08-23T11:27:43Z,2026-08-23T13:27:43+0200,aa89dba4-771d-4653-9ac4-44e4858bfe00,2026-08-10T15:45:00Z,2026-08-10T17:45:00+0200,109.39,EUR/MWh,BE,BE,imbalance_price,Short,2026-08-23T11:28:30Z
2026-08-23T11:27:43Z,2026-08-23T13:27:43+0200,aa89dba4-771d-4653-9ac4-44e4858bfe00,2026-08-10T16:00:00Z,2026-08-10T18:00:00+0200,96.89,EUR/MWh,BE,BE,imbalance_price,Long,2026-08-23T11:28:30Z
2026-08-23T11:27:43Z,2026-08-23T13:27:43+0200,aa89dba4-771d-4653-9ac4-44e4858bfe00,2026-08-10T16:00:00Z,2026-08-10T18:00:00+0200,96.89,EUR/MWh,BE,BE,imbalance_price,Short,2026-08-23T11:28:30Z
2026-08-23T11:27:43Z,2026-08-23T13:27:43+0200,aa89dba4-771d-4653-9ac4-44e4858bfe00,2026-08-10T16:15:00Z,2026-08-10T18:15:00+0200,117.1,EUR/MWh,BE,BE,imbalance_price,Long,2026-08-23T11:28:30Z
2026-08-23T11:27:43Z,2026-08-23T13:27:43+0200,aa89dba4-771d-4653-9ac4-44e4858bfe00,2026-08-10T16:15:00Z,2026-08-10T18:15:00+0200,117.1,EUR/MWh,BE,BE,imbalance_price,Short,2026-08-23T11:28:30Z
2026-08-23T11:27:43Z,2026-08-23T13:27:43+0200,aa89dba4-771d-4653-9ac4-44e4858bfe00,2026-08-10T16:30:00Z,2026-08-10T18:30:00+0200,116.8,EUR/MWh,BE,BE,imbalance_price,Long,2026-08-23T11:28:30Z
2026-08-23T11:27:43Z,2026-08-23T13:27:43+0200,aa89dba4-771d-4653-9ac4-44e4858bfe00,2026-08-10T16:30:00Z,2026-08-10T18:30:00+0200,116.8,EUR/MWh,BE,BE,imbalance_price,Short,2026-08-23T11:28:30Z
2026-08-23T11:27:43Z,2026-08-23T13:27:43+0200,aa89dba4-771d-4653-9ac4-44e4858bfe00,2026-08-10T16:45:00Z,2026-08-10T18:45:00+0200,162.44,EUR/MWh,BE,BE,imbalance_price,Long,2026-08-23T11:28:30Z
2026-08-23T11:27:43Z,2026-08-23T13:27:43+0200,aa89dba4-771d-4653-9ac4-44e4858bfe00,2026-08-10T16:45:00Z,2026-08-10T18:45:00+0200,162.44,EUR/MWh,BE,BE,imbalance_price,Short,2026-08-23T11:28:30Z
2026-08-23T11:27:43Z,2026-08-23T13:27:43+0200,aa89dba4-771d-4653-9ac4-44e4858bfe00,2026-08-10T17:00:00Z,2026-08-10T19:00:00+0200,114.87,EUR/MWh,BE,BE,imbalance_price,Long,2026-08-23T11:28:30Z
2026-08-23T11:27:43Z,2026-08-23T13:27:43+0200,aa89dba4-771d-4653-9ac4-44e4858bfe00,2026-08-10T17:00:00Z,2026-08-10T19:00:00+0200,114.87,EUR/MWh,BE,BE,imbalance_price,Short,2026-08-23T11:28:30Z
2026-08-23T11:27:43Z,2026-08-23T13:27:43+0200,aa89dba4-771d-4653-9ac4-44e4858bfe00,2026-08-10T17:15:00Z,2026-08-10T19:15:00+0200,167.57,EUR/MWh,BE,BE,imbalance_price,Long,2026-08-23T11:28:30Z
2026-08-23T11:27:43Z,2026-08-23T13:27:43+0200,aa89dba4-771d-4653-9ac4-44e4858bfe00,2026-08-10T17:15:00Z,2026-08-10T19:15:00+0200,167.57,EUR/MWh,BE,BE,imbalance_price,Short,2026-08-23T11:28:30Z
2026-08-23T11:27:43Z,2026-08-23T13:27:43+0200,aa89dba4-771d-4653-9ac4-44e4858bfe00,2026-08-10T17:30:00Z,2026-08-10T19:30:00+0200,156.11,EUR/MWh,BE,BE,imbalance_price,Long,2026-08-23T11:28:30Z
2026-08-23T11:27:43Z,2026-08-23T13:27:43+0200,aa89dba4-771d-4653-9ac4-44e4858bfe00,2026-08-10T17:30:00Z,2026-08-10T19:30:00+0200,156.11,EUR/MWh,BE,BE,imbalance_price,Short,2026-08-23T11:28:30Z
2026-08-23T11:27:43Z,2026-08-23T13:27:43+0200,aa89dba4-771d-4653-9ac4-44e4858bfe00,2026-08-10T17:45:00Z,2026-08-10T19:45:00+0200,153.19,EUR/MWh,BE,BE,imbalance_price,Long,2026-08-23T11:28:30Z
2026-08-23T11:27:43Z,2026-08-23T13:27:43+0200,aa89dba4-771d-4653-9ac4-44e4858bfe00,2026-08-10T17:45:00Z,2026-08-10T19:45:00+0200,153.19,EUR/MWh,BE,BE,imbalance_price,Short,2026-08-23T11:28:30Z
2026-08-23T11:27:43Z,2026-08-23T13:27:43+0200,aa89dba4-771d-4653-9ac4-44e4858bfe00,2026-08-10T18:00:00Z,2026-08-10T20:00:00+0200,268.79,EUR/MWh,BE,BE,imbalance_price,Long,2026-08-23T11:28:30Z
2026-08-23T11:27:43Z,2026-08-23T13:27:43+0200,aa89dba4-771d-4653-9ac4-44e4858bfe00,2026-08-10T18:00:00Z,2026-08-10T20:00:00+0200,268.79,EUR/MWh,BE,BE,imbalance_price,Short,2026-08-23T11:28:30Z
2026-08-23T11:27:43Z,2026-08-23T13:27:43+0200,aa89dba4-771d-4653-9ac4-44e4858bfe00,2026-08-10T18:15:00Z,2026-08-10T20:15:00+0200,142.79,EUR/MWh,BE,BE,imbalance_price,Long,2026-08-23T11:28:30Z
2026-08-23T11:27:43Z,2026-08-23T13:27:43+0200,aa89dba4-771d-4653-9ac4-44e4858bfe00,2026-08-10T18:15:00Z,2026-08-10T20:15:00+0200,142.79,EUR/MWh,BE,BE,imbalance_price,Short,2026-08-23T11:28:30Z
2026-08-23T11:27:43Z,2026-08-23T13:27:43+0200,aa89dba4-771d-4653-9ac4-44e4858bfe00,2026-08-10T18:30:00Z,2026-08-10T20:30:00+0200,123.34,EUR/MWh,BE,BE,imbalance_price,Long,2026-08-23T11:28:30Z
2026-08-23T11:27:43Z,2026-08-23T13:27:43+0200,aa89dba4-771d-4653-9ac4-44e4858bfe00,2026-08-10T18:30:00Z,2026-08-10T20:30:00+0200,123.34,EUR/MWh,BE,BE,imbalance_price,Short,2026-08-23T11:28:30Z
2026-08-23T11:27:43Z,2026-08-23T13:27:43+0200,aa89dba4-771d-4653-9ac4-44e4858bfe00,2026-08-10T18:45:00Z,2026-08-10T20:45:00+0200,181.01,EUR/MWh,BE,BE,imbalance_price,Long,2026-08-23T11:28:30Z
2026-08-23T11:27:43Z,2026-08-23T13:27:43+0200,aa89dba4-771d-4653-9ac4-44e4858bfe00,2026-08-10T18:45:00Z,2026-08-10T20:45:00+0200,181.01,EUR/MWh,BE,BE,imbalance_price,Short,2026-08-23T11:28:30Z
2026-08-23T11:27:43Z,2026-08-23T13:27:43+0200,aa89dba4-771d-4653-9ac4-44e4858bfe00,2026-08-10T19:00:00Z,2026-08-10T21:00:00+0200,193.9,EUR/MWh,BE,BE,imbalance_price,Long,2026-08-23T11:28:30Z
2026-08-23T11:27:43Z,2026-08-23T13:27:43+0200,aa89dba4-771d-4653-9ac4-44e4858bfe00,2026-08-10T19:00:00Z,2026-08-10T21:00:00+0200,193.9,EUR/MWh,BE,BE,imbalance_price,Short,2026-08-23T11:28:30Z
2026-08-23T11:27:43Z,2026-08-23T13:27:43+0200,aa89dba4-771d-4653-9ac4-44e4858bfe00,2026-08-10T19:15:00Z,2026-08-10T21:15:00+0200,189.94,EUR/MWh,BE,BE,imbalance_price,Long,2026-08-23T11:28:30Z
2026-08-23T11:27:43Z,2026-08-23T13:27:43+0200,aa89dba4-771d-4653-9ac4-44e4858bfe00,2026-08-10T19:15:00Z,2026-08-10T21:15:00+0200,189.94,EUR/MWh,BE,BE,imbalance_price,Short,2026-08-23T11:28:30Z
2026-08-23T11:27:43Z,2026-08-23T13:27:43+0200,aa89dba4-771d-4653-9ac4-44e4858bfe00,2026-08-10T19:30:00Z,2026-08-10T21:30:00+0200,185.76,EUR/MWh,BE,BE,imbalance_price,Long,2026-08-23T11:28:30Z
2026-08-23T11:27:43Z,2026-08-23T13:27:43+0200,aa89dba4-771d-4653-9ac4-44e4858bfe00,2026-08-10T19:30:00Z,2026-08-10T21:30:00+0200,185.76,EUR/MWh,BE,BE,imbalance_price,Short,2026-08-23T11:28:30Z
2026-08-23T11:27:43Z,2026-08-23T13:27:43+0200,aa89dba4-771d-4653-9ac4-44e4858bfe00,2026-08-10T19:45:00Z,2026-08-10T21:45:00+0200,185.09,EUR/MWh,BE,BE,imbalance_price,Long,2026-08-23T11:28:30Z
2026-08-23T11:27:43Z,2026-08-23T13:27:43+0200,aa89dba4-771d-4653-9ac4-44e4858bfe00,2026-08-10T19:45:00Z,2026-08-10T21:45:00+0200,185.09,EUR/MWh,BE,BE,imbalance_price,Short,2026-08-23T11:28:30Z
2026-08-23T11:27:43Z,2026-08-23T13:27:43+0200,aa89dba4-771d-4653-9ac4-44e4858bfe00,2026-08-10T20:00:00Z,2026-08-10T22:00:00+0200,185.01,EUR/MWh,BE,BE,imbalance_price,Long,2026-08-23T11:28:30Z
2026-08-23T11:27:43Z,2026-08-23T13:27:43+0200,aa89dba4-771d-4653-9ac4-44e4858bfe00,2026-08-10T20:00:00Z,2026-08-10T22:00:00+0200,185.01,EUR/MWh,BE,BE,imbalance_price,Short,2026-08-23T11:28:30Z
2026-08-23T11:27:43Z,2026-08-23T13:27:43+0200,aa89dba4-771d-4653-9ac4-44e4858bfe00,2026-08-10T20:15:00Z,2026-08-10T22:15:00+0200,181.31,EUR/MWh,BE,BE,imbalance_price,Long,2026-08-23T11:28:30Z
2026-08-23T11:27:43Z,2026-08-23T13:27:43+0200,aa89dba4-771d-4653-9ac4-44e4858bfe00,2026-08-10T20:15:00Z,2026-08-10T22:15:00+0200,181.31,EUR/MWh,BE,BE,imbalance_price,Short,2026-08-23T11:28:30Z
2026-08-23T11:27:43Z,2026-08-23T13:27:43+0200,aa89dba4-771d-4653-9ac4-44e4858bfe00,2026-08-10T20:30:00Z,2026-08-10T22:30:00+0200,176.9,EUR/MWh,BE,BE,imbalance_price,Long,2026-08-23T11:28:30Z
2026-08-23T11:27:43Z,2026-08-23T13:27:43+0200,aa89dba4-771d-4653-9ac4-44e4858bfe00,2026-08-10T20:30:00Z,2026-08-10T22:30:00+0200,176.9,EUR/MWh,BE,BE,imbalance_price,Short,2026-08-23T11:28:30Z
2026-08-23T11:27:43Z,2026-08-23T13:27:43+0200,aa89dba4-771d-4653-9ac4-44e4858bfe00,2026-08-10T20:45:00Z,2026-08-10T22:45:00+0200,192.1,EUR/MWh,BE,BE,imbalance_price,Long,2026-08-23T11:28:30Z
2026-08-23T11:27:43Z,2026-08-23T13:27:43+0200,aa89dba4-771d-4653-9ac4-44e4858bfe00,2026-08-10T20:45:00Z,2026-08-10T22:45:00+0200,192.1,EUR/MWh,BE,BE,imbalance_price,Short,2026-08-23T11:28:30Z
2026-08-23T11:27:43Z,2026-08-23T13:27:43+0200,aa89dba4-771d-4653-9ac4-44e4858bfe00,2026-08-10T21:00:00Z,2026-08-10T23:00:00+0200,163.63,EUR/MWh,BE,BE,imbalance_price,Long,2026-08-23T11:28:30Z
2026-08-23T11:27:43Z,2026-08-23T13:27:43+0200,aa89dba4-771d-4653-9ac4-44e4858bfe00,2026-08-10T21:00:00Z,2026-08-10T23:00:00+0200,163.63,EUR/MWh,BE,BE,imbalance_price,Short,2026-08-23T11:28:30Z
2026-08-23T11:27:43Z,2026-08-23T13:27:43+0200,aa89dba4-771d-4653-9ac4-44e4858bfe00,2026-08-10T21:15:00Z,2026-08-10T23:15:00+0200,145.12,EUR/MWh,BE,BE,imbalance_price,Long,2026-08-23T11:28:30Z
2026-08-23T11:27:43Z,2026-08-23T13:27:43+0200,aa89dba4-771d-4653-9ac4-44e4858bfe00,2026-08-10T21:15:00Z,2026-08-10T23:15:00+0200,145.12,EUR/MWh,BE,BE,imbalance_price,Short,2026-08-23T11:28:30Z
2026-08-23T11:27:43Z,2026-08-23T13:27:43+0200,aa89dba4-771d-4653-9ac4-44e4858bfe00,2026-08-10T21:30:00Z,2026-08-10T23:30:00+0200,160.05,EUR/MWh,BE,BE,imbalance_price,Long,2026-08-23T11:28:30Z
2026-08-23T11:27:43Z,2026-08-23T13:27:43+0200,aa89dba4-771d-4653-9ac4-44e4858bfe00,2026-08-10T21:30:00Z,2026-08-10T23:30:00+0200,160.05,EUR/MWh,BE,BE,imbalance_price,Short,2026-08-23T11:28:30Z
2026-08-23T11:27:43Z,2026-08-23T13:27:43+0200,aa89dba4-771d-4653-9ac4-44e4858bfe00,2026-08-10T21:45:00Z,2026-08-10T23:45:00+0200,143.16,EUR/MWh,BE,BE,imbalance_price,Long,2026-08-23T11:28:30Z
2026-08-23T11:27:43Z,2026-08-23T13:27:43+0200,aa89dba4-771d-4653-9ac4-44e4858bfe00,2026-08-10T21:45:00Z,2026-08-10T23:45:00+0200,143.16,EUR/MWh,BE,BE,imbalance_price,Short,2026-08-23T11:28:30Z
2026-08-23T11:27:43Z,2026-08-23T13:27:43+0200,aa89dba4-771d-4653-9ac4-44e4858bfe00,2026-08-10T22:00:00Z,2026-08-11T00:00:00+0200,162.02,EUR/MWh,BE,BE,imbalance_price,Long,2026-08-23T11:28:30Z
2026-08-23T11:27:43Z,2026-08-23T13:27:43+0200,aa89dba4-771d-4653-9ac4-44e4858bfe00,2026-08-10T22:00:00Z,2026-08-11T00:00:00+0200,162.02,EUR/MWh,BE,BE,imbalance_price,Short,2026-08-23T11:28:30Z
2026-08-23T11:27:43Z,2026-08-23T13:27:43+0200,aa89dba4-771d-4653-9ac4-44e4858bfe00,2026-08-10T22:15:00Z,2026-08-11T00:15:00+0200,159.2,EUR/MWh,BE,BE,imbalance_price,Long,2026-08-23T11:28:30Z
2026-08-23T11:27:43Z,2026-08-23T13:27:43+0200,aa89dba4-771d-4653-9ac4-44e4858bfe00,2026-08-10T22:15:00Z,2026-08-11T00:15:00+0200,159.2,EUR/MWh,BE,BE,imbalance_price,Short,2026-08-23T11:28:30Z
2026-08-23T11:27:43Z,2026-08-23T13:27:43+0200,aa89dba4-771d-4653-9ac4-44e4858bfe00,2026-08-10T22:30:00Z,2026-08-11T00:30:00+0200,140.92,EUR/MWh,BE,BE,imbalance_price,Long,2026-08-23T11:28:30Z
2026-08-23T11:27:43Z,2026-08-23T13:27:43+0200,aa89dba4-771d-4653-9ac4-44e4858bfe00,2026-08-10T22:30:00Z,2026-08-11T00:30:00+0200,140.92,EUR/MWh,BE,BE,imbalance_price,Short,2026-08-23T11:28:30Z
2026-08-23T11:27:43Z,2026-08-23T13:27:43+0200,aa89dba4-771d-4653-9ac4-44e4858bfe00,2026-08-10T22:45:00Z,2026-08-11T00:45:00+0200,125.92,EUR/MWh,BE,BE,imbalance_price,Long,2026-08-23T11:28:30Z
2026-08-23T11:27:43Z,2026-08-23T13:27:43+0200,aa89dba4-771d-4653-9ac4-44e4858bfe00,2026-08-10T22:45:00Z,2026-08-11T00:45:00+0200,125.92,EUR/MWh,BE,BE,imbalance_price,Short,2026-08-23T11:28:30Z
2026-08-23T11:27:43Z,2026-08-23T13:27:43+0200,aa89dba4-771d-4653-9ac4-44e4858bfe00,2026-08-10T23:00:00Z,2026-08-11T01:00:00+0200,155.97,EUR/MWh,BE,BE,imbalance_price,Long,2026-08-23T11:28:30Z
2026-08-23T11:27:43Z,2026-08-23T13:27:43+0200,aa89dba4-771d-4653-9ac4-44e4858bfe00,2026-08-10T23:00:00Z,2026-08-11T01:00:00+0200,155.97,EUR/MWh,BE,BE,imbalance_price,Short,2026-08-23T11:28:30Z
2026-08-23T11:27:43Z,2026-08-23T13:27:43+0200,aa89dba4-771d-4653-9ac4-44e4858bfe00,2026-08-10T23:15:00Z,2026-08-11T01:15:00+0200,155.68,EUR/MWh,BE,BE,imbalance_price,Long,2026-08-23T11:28:30Z
2026-08-23T11:27:43Z,2026-08-23T13:27:43+0200,aa89dba4-771d-4653-9ac4-44e4858bfe00,2026-08-10T23:15:00Z,2026-08-11T01:15:00+0200,155.68,EUR/MWh,BE,BE,imbalance_price,Short,2026-08-23T11:28:30Z
2026-08-23T11:27:43Z,2026-08-23T13:27:43+0200,aa89dba4-771d-4653-9ac4-44e4858bfe00,2026-08-10T23:30:00Z,2026-08-11T01:30:00+0200,156.57,EUR/MWh,BE,BE,imbalance_price,Long,2026-08-23T11:28:30Z
2026-08-23T11:27:43Z,2026-08-23T13:27:43+0200,aa89dba4-771d-4653-9ac4-44e4858bfe00,2026-08-10T23:30:00Z,2026-08-11T01:30:00+0200,156.57,EUR/MWh,BE,BE,imbalance_price,Short,2026-08-23T11:28:30Z
2026-08-23T11:27:43Z,2026-08-23T13:27:43+0200,aa89dba4-771d-4653-9ac4-44e4858bfe00,2026-08-10T23:45:00Z,2026-08-11T01:45:00+0200,165.54,EUR/MWh,BE,BE,imbalance_price,Long,2026-08-23T11:28:30Z
2026-08-23T11:27:43Z,2026-08-23T13:27:43+0200,aa89dba4-771d-4653-9ac4-44e4858bfe00,2026-08-10T23:45:00Z,2026-08-11T01:45:00+0200,165.54,EUR/MWh,BE,BE,imbalance_price,Short,2026-08-23T11:28:30Z
2026-08-23T11:27:43Z,2026-08-23T13:27:43+0200,aa89dba4-771d-4653-9ac4-44e4858bfe00,2026-08-11T00:00:00Z,2026-08-11T02:00:00+0200,156.1,EUR/MWh,BE,BE,imbalance_price,Long,2026-08-23T11:28:30Z
2026-08-23T11:27:43Z,2026-08-23T13:27:43+0200,aa89dba4-771d-4653-9ac4-44e4858bfe00,2026-08-11T00:00:00Z,2026-08-11T02:00:00+0200,156.1,EUR/MWh,BE,BE,imbalance_price,Short,2026-08-23T11:28:30Z
2026-08-23T11:27:43Z,2026-08-23T13:27:43+0200,aa89dba4-771d-4653-9ac4-44e4858bfe00,2026-08-11T00:15:00Z,2026-08-11T02:15:00+0200,158.16,EUR/MWh,BE,BE,imbalance_price,Long,2026-08-23T11:28:30Z
2026-08-23T11:27:43Z,2026-08-23T13:27:43+0200,aa89dba4-771d-4653-9ac4-44e4858bfe00,2026-08-11T00:15:00Z,2026-08-11T02:15:00+0200,158.16,EUR/MWh,BE,BE,imbalance_price,Short,2026-08-23T11:28:30Z
2026-08-23T11:27:43Z,2026-08-23T13:27:43+0200,aa89dba4-771d-4653-9ac4-44e4858bfe00,2026-08-11T00:30:00Z,2026-08-11T02:30:00+0200,157.83,EUR/MWh,BE,BE,imbalance_price,Long,2026-08-23T11:28:30Z
2026-08-23T11:27:43Z,2026-08-23T13:27:43+0200,aa89dba4-771d-4653-9ac4-44e4858bfe00,2026-08-11T00:30:00Z,2026-08-11T02:30:00+0200,157.83,EUR/MWh,BE,BE,imbalance_price,Short,2026-08-23T11:28:30Z
2026-08-23T11:27:43Z,2026-08-23T13:27:43+0200,aa89dba4-771d-4653-9ac4-44e4858bfe00,2026-08-11T00:45:00Z,2026-08-11T02:45:00+0200,151.75,EUR/MWh,BE,BE,imbalance_price,Long,2026-08-23T11:28:30Z
2026-08-23T11:27:43Z,2026-08-23T13:27:43+0200,aa89dba4-771d-4653-9ac4-44e4858bfe00,2026-08-11T00:45:00Z,2026-08-11T02:45:00+0200,151.75,EUR/MWh,BE,BE,imbalance_price,Short,2026-08-23T11:28:30Z
2026-08-23T11:27:43Z,2026-08-23T13:27:43+0200,aa89dba4-771d-4653-9ac4-44e4858bfe00,2026-08-11T01:00:00Z,2026-08-11T03:00:00+0200,135.64,EUR/MWh,BE,BE,imbalance_price,Long,2026-08-23T11:28:30Z
2026-08-23T11:27:43Z,2026-08-23T13:27:43+0200,aa89dba4-771d-4653-9ac4-44e4858bfe00,2026-08-11T01:00:00Z,2026-08-11T03:00:00+0200,135.64,EUR/MWh,BE,BE,imbalance_price,Short,2026-08-23T11:28:30Z
2026-08-23T11:27:43Z,2026-08-23T13:27:43+0200,aa89dba4-771d-4653-9ac4-44e4858bfe00,2026-08-11T01:15:00Z,2026-08-11T03:15:00+0200,123.56,EUR/MWh,BE,BE,imbalance_price,Long,2026-08-23T11:28:30Z
2026-08-23T11:27:43Z,2026-08-23T13:27:43+0200,aa89dba4-771d-4653-9ac4-44e4858bfe00,2026-08-11T01:15:00Z,2026-08-11T03:15:00+0200,123.56,EUR/MWh,BE,BE,imbalance_price,Short,2026-08-23T11:28:30Z
2026-08-23T11:27:43Z,2026-08-23T13:27:43+0200,aa89dba4-771d-4653-9ac4-44e4858bfe00,2026-08-11T01:30:00Z,2026-08-11T03:30:00+0200,136.18,EUR/MWh,BE,BE,imbalance_price,Long,2026-08-23T11:28:30Z
2026-08-23T11:27:43Z,2026-08-23T13:27:43+0200,aa89dba4-771d-4653-9ac4-44e4858bfe00,2026-08-11T01:30:00Z,2026-08-11T03:30:00+0200,136.18,EUR/MWh,BE,BE,imbalance_price,Short,2026-08-23T11:28:30Z
2026-08-23T11:27:43Z,2026-08-23T13:27:43+0200,aa89dba4-771d-4653-9ac4-44e4858bfe00,2026-08-11T01:45:00Z,2026-08-11T03:45:00+0200,133.55,EUR/MWh,BE,BE,imbalance_price,Long,2026-08-23T11:28:30Z
2026-08-23T11:27:43Z,2026-08-23T13:27:43+0200,aa89dba4-771d-4653-9ac4-44e4858bfe00,2026-08-11T01:45:00Z,2026-08-11T03:45:00+0200,133.55,EUR/MWh,BE,BE,imbalance_price,Short,2026-08-23T11:28:30Z
2026-08-23T11:27:43Z,2026-08-23T13:27:43+0200,aa89dba4-771d-4653-9ac4-44e4858bfe00,2026-08-11T02:00:00Z,2026-08-11T04:00:00+0200,131.88,EUR/MWh,BE,BE,imbalance_price,Long,2026-08-23T11:28:30Z
2026-08-23T11:27:43Z,2026-08-23T13:27:43+0200,aa89dba4-771d-4653-9ac4-44e4858bfe00,2026-08-11T02:00:00Z,2026-08-11T04:00:00+0200,131.88,EUR/MWh,BE,BE,imbalance_price,Short,2026-08-23T11:28:30Z
2026-08-23T11:27:43Z,2026-08-23T13:27:43+0200,aa89dba4-771d-4653-9ac4-44e4858bfe00,2026-08-11T02:15:00Z,2026-08-11T04:15:00+0200,129.92,EUR/MWh,BE,BE,imbalance_price,Long,2026-08-23T11:28:30Z
2026-08-23T11:27:43Z,2026-08-23T13:27:43+0200,aa89dba4-771d-4653-9ac4-44e4858bfe00,2026-08-11T02:15:00Z,2026-08-11T04:15:00+0200,129.92,EUR/MWh,BE,BE,imbalance_price,Short,2026-08-23T11:28:30Z
2026-08-23T11:27:43Z,2026-08-23T13:27:43+0200,aa89dba4-771d-4653-9ac4-44e4858bfe00,2026-08-11T02:30:00Z,2026-08-11T04:30:00+0200,145.87,EUR/MWh,BE,BE,imbalance_price,Long,2026-08-23T11:28:30Z
2026-08-23T11:27:43Z,2026-08-23T13:27:43+0200,aa89dba4-771d-4653-9ac4-44e4858bfe00,2026-08-11T02:30:00Z,2026-08-11T04:30:00+0200,145.87,EUR/MWh,BE,BE,imbalance_price,Short,2026-08-23T11:28:30Z
2026-08-23T11:27:43Z,2026-08-23T13:27:43+0200,aa89dba4-771d-4653-9ac4-44e4858bfe00,2026-08-11T02:45:00Z,2026-08-11T04:45:00+0200,130.25,EUR/MWh,BE,BE,imbalance_price,Long,2026-08-23T11:28:30Z
2026-08-23T11:27:43Z,2026-08-23T13:27:43+0200,aa89dba4-771d-4653-9ac4-44e4858bfe00,2026-08-11T02:45:00Z,2026-08-11T04:45:00+0200,130.25,EUR/MWh,BE,BE,imbalance_price,Short,2026-08-23T11:28:30Z
2026-08-23T11:27:43Z,2026-08-23T13:27:43+0200,aa89dba4-771d-4653-9ac4-44e4858bfe00,2026-08-11T03:00:00Z,2026-08-11T05:00:00+0200,154.93,EUR/MWh,BE,BE,imbalance_price,Long,2026-08-23T11:28:30Z
2026-08-23T11:27:43Z,2026-08-23T13:27:43+0200,aa89dba4-771d-4653-9ac4-44e4858bfe00,2026-08-11T03:00:00Z,2026-08-11T05:00:00+0200,154.93,EUR/MWh,BE,BE,imbalance_price,Short,2026-08-23T11:28:30Z
2026-08-23T11:27:43Z,2026-08-23T13:27:43+0200,aa89dba4-771d-4653-9ac4-44e4858bfe00,2026-08-11T03:15:00Z,2026-08-11T05:15:00+0200,146.25,EUR/MWh,BE,BE,imbalance_price,Long,2026-08-23T11:28:30Z
2026-08-23T11:27:43Z,2026-08-23T13:27:43+0200,aa89dba4-771d-4653-9ac4-44e4858bfe00,2026-08-11T03:15:00Z,2026-08-11T05:15:00+0200,146.25,EUR/MWh,BE,BE,imbalance_price,Short,2026-08-23T11:28:30Z
2026-08-23T11:27:43Z,2026-08-23T13:27:43+0200,aa89dba4-771d-4653-9ac4-44e4858bfe00,2026-08-11T03:30:00Z,2026-08-11T05:30:00+0200,149.48,EUR/MWh,BE,BE,imbalance_price,Long,2026-08-23T11:28:30Z
2026-08-23T11:27:43Z,2026-08-23T13:27:43+0200,aa89dba4-771d-4653-9ac4-44e4858bfe00,2026-08-11T03:30:00Z,2026-08-11T05:30:00+0200,149.48,EUR/MWh,BE,BE,imbalance_price,Short,2026-08-23T11:28:30Z
2026-08-23T11:27:43Z,2026-08-23T13:27:43+0200,aa89dba4-771d-4653-9ac4-44e4858bfe00,2026-08-11T03:45:00Z,2026-08-11T05:45:00+0200,152.59,EUR/MWh,BE,BE,imbalance_price,Long,2026-08-23T11:28:30Z
2026-08-23T11:27:43Z,2026-08-23T13:27:43+0200,aa89dba4-771d-4653-9ac4-44e4858bfe00,2026-08-11T03:45:00Z,2026-08-11T05:45:00+0200,152.59,EUR/MWh,BE,BE,imbalance_price,Short,2026-08-23T11:28:30Z
2026-08-23T11:27:43Z,2026-08-23T13:27:43+0200,aa89dba4-771d-4653-9ac4-44e4858bfe00,2026-08-11T04:00:00Z,2026-08-11T06:00:00+0200,166.76,EUR/MWh,BE,BE,imbalance_price,Long,2026-08-23T11:28:30Z
2026-08-23T11:27:43Z,2026-08-23T13:27:43+0200,aa89dba4-771d-4653-9ac4-44e4858bfe00,2026-08-11T04:00:00Z,2026-08-11T06:00:00+0200,166.76,EUR/MWh,BE,BE,imbalance_price,Short,2026-08-23T11:28:30Z
2026-08-23T11:27:43Z,2026-08-23T13:27:43+0200,aa89dba4-771d-4653-9ac4-44e4858bfe00,2026-08-11T04:15:00Z,2026-08-11T06:15:00+0200,155.44,EUR/MWh,BE,BE,imbalance_price,Long,2026-08-23T11:28:30Z
2026-08-23T11:27:43Z,2026-08-23T13:27:43+0200,aa89dba4-771d-4653-9ac4-44e4858bfe00,2026-08-11T04:15:00Z,2026-08-11T06:15:00+0200,155.44,EUR/MWh,BE,BE,imbalance_price,Short,2026-08-23T11:28:30Z
2026-08-23T11:27:43Z,2026-08-23T13:27:43+0200,aa89dba4-771d-4653-9ac4-44e4858bfe00,2026-08-11T04:30:00Z,2026-08-11T06:30:00+0200,153.62,EUR/MWh,BE,BE,imbalance_price,Long,2026-08-23T11:28:30Z
2026-08-23T11:27:43Z,2026-08-23T13:27:43+0200,aa89dba4-771d-4653-9ac4-44e4858bfe00,2026-08-11T04:30:00Z,2026-08-11T06:30:00+0200,153.62,EUR/MWh,BE,BE,imbalance_price,Short,2026-08-23T11:28:30Z
2026-08-23T11:27:43Z,2026-08-23T13:27:43+0200,aa89dba4-771d-4653-9ac4-44e4858bfe00,2026-08-11T04:45:00Z,2026-08-11T06:45:00+0200,156.71,EUR/MWh,BE,BE,imbalance_price,Long,2026-08-23T11:28:30Z
2026-08-23T11:27:43Z,2026-08-23T13:27:43+0200,aa89dba4-771d-4653-9ac4-44e4858bfe00,2026-08-11T04:45:00Z,2026-08-11T06:45:00+0200,156.71,EUR/MWh,BE,BE,imbalance_price,Short,2026-08-23T11:28:30Z
2026-08-23T11:27:43Z,2026-08-23T13:27:43+0200,aa89dba4-771d-4653-9ac4-44e4858bfe00,2026-08-11T05:00:00Z,2026-08-11T07:00:00+0200,155.8,EUR/MWh,BE,BE,imbalance_price,Long,2026-08-23T11:28:30Z
2026-08-23T11:27:43Z,2026-08-23T13:27:43+0200,aa89dba4-771d-4653-9ac4-44e4858bfe00,2026-08-11T05:00:00Z,2026-08-11T07:00:00+0200,155.8,EUR/MWh,BE,BE,imbalance_price,Short,2026-08-23T11:28:30Z
2026-08-23T11:27:43Z,2026-08-23T13:27:43+0200,aa89dba4-771d-4653-9ac4-44e4858bfe00,2026-08-11T05:15:00Z,2026-08-11T07:15:00+0200,147.54,EUR/MWh,BE,BE,imbalance_price,Long,2026-08-23T11:28:30Z
2026-08-23T11:27:43Z,2026-08-23T13:27:43+0200,aa89dba4-771d-4653-9ac4-44e4858bfe00,2026-08-11T05:15:00Z,2026-08-11T07:15:00+0200,147.54,EUR/MWh,BE,BE,imbalance_price,Short,2026-08-23T11:28:30Z
2026-08-23T11:27:43Z,2026-08-23T13:27:43+0200,aa89dba4-771d-4653-9ac4-44e4858bfe00,2026-08-11T05:30:00Z,2026-08-11T07:30:00+0200,122.31,EUR/MWh,BE,BE,imbalance_price,Long,2026-08-23T11:28:30Z
2026-08-23T11:27:43Z,2026-08-23T13:27:43+0200,aa89dba4-771d-4653-9ac4-44e4858bfe00,2026-08-11T05:30:00Z,2026-08-11T07:30:00+0200,122.31,EUR/MWh,BE,BE,imbalance_price,Short,2026-08-23T11:28:30Z
2026-08-23T11:27:43Z,2026-08-23T13:27:43+0200,aa89dba4-771d-4653-9ac4-44e4858bfe00,2026-08-11T05:45:00Z,2026-08-11T07:45:00+0200,117.13,EUR/MWh,BE,BE,imbalance_price,Long,2026-08-23T11:28:30Z
2026-08-23T11:27:43Z,2026-08-23T13:27:43+0200,aa89dba4-771d-4653-9ac4-44e4858bfe00,2026-08-11T05:45:00Z,2026-08-11T07:45:00+0200,117.13,EUR/MWh,BE,BE,imbalance_price,Short,2026-08-23T11:28:30Z
2026-08-23T11:27:43Z,2026-08-23T13:27:43+0200,aa89dba4-771d-4653-9ac4-44e4858bfe00,2026-08-11T06:00:00Z,2026-08-11T08:00:00+0200,128.07,EUR/MWh,BE,BE,imbalance_price,Long,2026-08-23T11:28:30Z
2026-08-23T11:27:43Z,2026-08-23T13:27:43+0200,aa89dba4-771d-4653-9ac4-44e4858bfe00,2026-08-11T06:00:00Z,2026-08-11T08:00:00+0200,128.07,EUR/MWh,BE,BE,imbalance_price,Short,2026-08-23T11:28:30Z
2026-08-23T11:27:43Z,2026-08-23T13:27:43+0200,aa89dba4-771d-4653-9ac4-44e4858bfe00,2026-08-11T06:15:00Z,2026-08-11T08:15:00+0200,135.24,EUR/MWh,BE,BE,imbalance_price,Long,2026-08-23T11:28:30Z
2026-08-23T11:27:43Z,2026-08-23T13:27:43+0200,aa89dba4-771d-4653-9ac4-44e4858bfe00,2026-08-11T06:15:00Z,2026-08-11T08:15:00+0200,135.24,EUR/MWh,BE,BE,imbalance_price,Short,2026-08-23T11:28:30Z
2026-08-23T11:27:43Z,2026-08-23T13:27:43+0200,aa89dba4-771d-4653-9ac4-44e4858bfe00,2026-08-11T06:30:00Z,2026-08-11T08:30:00+0200,120.0,EUR/MWh,BE,BE,imbalance_price,Long,2026-08-23T11:28:30Z
2026-08-23T11:27:43Z,2026-08-23T13:27:43+0200,aa89dba4-771d-4653-9ac4-44e4858bfe00,2026-08-11T06:30:00Z,2026-08-11T08:30:00+0200,120.0,EUR/MWh,BE,BE,imbalance_price,Short,2026-08-23T11:28:30Z
2026-08-23T11:27:43Z,2026-08-23T13:27:43+0200,aa89dba4-771d-4653-9ac4-44e4858bfe00,2026-08-11T06:45:00Z,2026-08-11T08:45:00+0200,117.0,EUR/MWh,BE,BE,imbalance_price,Long,2026-08-23T11:28:30Z
2026-08-23T11:27:43Z,2026-08-23T13:27:43+0200,aa89dba4-771d-4653-9ac4-44e4858bfe00,2026-08-11T06:45:00Z,2026-08-11T08:45:00+0200,117.0,EUR/MWh,BE,BE,imbalance_price,Short,2026-08-23T11:28:30Z
2026-08-23T11:27:43Z,2026-08-23T13:27:43+0200,aa89dba4-771d-4653-9ac4-44e4858bfe00,2026-08-11T07:00:00Z,2026-08-11T09:00:00+0200,106.21,EUR/MWh,BE,BE,imbalance_price,Long,2026-08-23T11:28:30Z
2026-08-23T11:27:43Z,2026-08-23T13:27:43+0200,aa89dba4-771d-4653-9ac4-44e4858bfe00,2026-08-11T07:00:00Z,2026-08-11T09:00:00+0200,106.21,EUR/MWh,BE,BE,imbalance_price,Short,2026-08-23T11:28:30Z
2026-08-23T11:27:43Z,2026-08-23T13:27:43+0200,aa89dba4-771d-4653-9ac4-44e4858bfe00,2026-08-11T07:15:00Z,2026-08-11T09:15:00+0200,133.46,EUR/MWh,BE,BE,imbalance_price,Long,2026-08-23T11:28:30Z
2026-08-23T11:27:43Z,2026-08-23T13:27:43+0200,aa89dba4-771d-4653-9ac4-44e4858bfe00,2026-08-11T07:15:00Z,2026-08-11T09:15:00+0200,133.46,EUR/MWh,BE,BE,imbalance_price,Short,2026-08-23T11:28:30Z
2026-08-23T11:27:43Z,2026-08-23T13:27:43+0200,aa89dba4-771d-4653-9ac4-44e4858bfe00,2026-08-11T07:30:00Z,2026-08-11T09:30:00+0200,103.0,EUR/MWh,BE,BE,imbalance_price,Long,2026-08-23T11:28:30Z
2026-08-23T11:27:43Z,2026-08-23T13:27:43+0200,aa89dba4-771d-4653-9ac4-44e4858bfe00,2026-08-11T07:30:00Z,2026-08-11T09:30:00+0200,103.0,EUR/MWh,BE,BE,imbalance_price,Short,2026-08-23T11:28:30Z
2026-08-23T11:27:43Z,2026-08-23T13:27:43+0200,aa89dba4-771d-4653-9ac4-44e4858bfe00,2026-08-11T07:45:00Z,2026-08-11T09:45:00+0200,100.0,EUR/MWh,BE,BE,imbalance_price,Long,2026-08-23T11:28:30Z
2026-08-23T11:27:43Z,2026-08-23T13:27:43+0200,aa89dba4-771d-4653-9ac4-44e4858bfe00,2026-08-11T07:45:00Z,2026-08-11T09:45:00+0200,100.0,EUR/MWh,BE,BE,imbalance_price,Short,2026-08-23T11:28:30Z
2026-08-23T11:27:43Z,2026-08-23T13:27:43+0200,aa89dba4-771d-4653-9ac4-44e4858bfe00,2026-08-11T08:00:00Z,2026-08-11T10:00:00+0200,107.59,EUR/MWh,BE,BE,imbalance_price,Long,2026-08-23T11:28:30Z
2026-08-23T11:27:43Z,2026-08-23T13:27:43+0200,aa89dba4-771d-4653-9ac4-44e4858bfe00,2026-08-11T08:00:00Z,2026-08-11T10:00:00+0200,107.59,EUR/MWh,BE,BE,imbalance_price,Short,2026-08-23T11:28:30Z
2026-08-23T11:27:43Z,2026-08-23T13:27:43+0200,aa89dba4-771d-4653-9ac4-44e4858bfe00,2026-08-11T08:15:00Z,2026-08-11T10:15:00+0200,97.79,EUR/MWh,BE,BE,imbalance_price,Long,2026-08-23T11:28:30Z
2026-08-23T11:27:43Z,2026-08-23T13:27:43+0200,aa89dba4-771d-4653-9ac4-44e4858bfe00,2026-08-11T08:15:00Z,2026-08-11T10:15:00+0200,97.79,EUR/MWh,BE,BE,imbalance_price,Short,2026-08-23T11:28:30Z
2026-08-23T11:27:43Z,2026-08-23T13:27:43+0200,aa89dba4-771d-4653-9ac4-44e4858bfe00,2026-08-11T08:30:00Z,2026-08-11T10:30:00+0200,47.0,EUR/MWh,BE,BE,imbalance_price,Long,2026-08-23T11:28:30Z
2026-08-23T11:27:43Z,2026-08-23T13:27:43+0200,aa89dba4-771d-4653-9ac4-44e4858bfe00,2026-08-11T08:30:00Z,2026-08-11T10:30:00+0200,47.0,EUR/MWh,BE,BE,imbalance_price,Short,2026-08-23T11:28:30Z
2026-08-23T11:27:43Z,2026-08-23T13:27:43+0200,aa89dba4-771d-4653-9ac4-44e4858bfe00,2026-08-11T08:45:00Z,2026-08-11T10:45:00+0200,9.81,EUR/MWh,BE,BE,imbalance_price,Long,2026-08-23T11:28:30Z
2026-08-23T11:27:43Z,2026-08-23T13:27:43+0200,aa89dba4-771d-4653-9ac4-44e4858bfe00,2026-08-11T08:45:00Z,2026-08-11T10:45:00+0200,9.81,EUR/MWh,BE,BE,imbalance_price,Short,2026-08-23T11:28:30Z
2026-08-23T11:27:43Z,2026-08-23T13:27:43+0200,aa89dba4-771d-4653-9ac4-44e4858bfe00,2026-08-11T09:00:00Z,2026-08-11T11:00:00+0200,5.0,EUR/MWh,BE,BE,imbalance_price,Long,2026-08-23T11:28:30Z
2026-08-23T11:27:43Z,2026-08-23T13:27:43+0200,aa89dba4-771d-4653-9ac4-44e4858bfe00,2026-08-11T09:00:00Z,2026-08-11T11:00:00+0200,5.0,EUR/MWh,BE,BE,imbalance_price,Short,2026-08-23T11:28:30Z
2026-08-23T11:27:43Z,2026-08-23T13:27:43+0200,aa89dba4-771d-4653-9ac4-44e4858bfe00,2026-08-11T09:15:00Z,2026-08-11T11:15:00+0200,-20.44,EUR/MWh,BE,BE,imbalance_price,Long,2026-08-23T11:28:30Z
2026-08-23T11:27:43Z,2026-08-23T13:27:43+0200,aa89dba4-771d-4653-9ac4-44e4858bfe00,2026-08-11T09:15:00Z,2026-08-11T11:15:00+0200,-20.44,EUR/MWh,BE,BE,imbalance_price,Short,2026-08-23T11:28:30Z
2026-08-23T11:27:43Z,2026-08-23T13:27:43+0200,aa89dba4-771d-4653-9ac4-44e4858bfe00,2026-08-11T09:30:00Z,2026-08-11T11:30:00+0200,-17.58,EUR/MWh,BE,BE,imbalance_price,Long,2026-08-23T11:28:30Z
2026-08-23T11:27:43Z,2026-08-23T13:27:43+0200,aa89dba4-771d-4653-9ac4-44e4858bfe00,2026-08-11T09:30:00Z,2026-08-11T11:30:00+0200,-17.58,EUR/MWh,BE,BE,imbalance_price,Short,2026-08-23T11:28:30Z
2026-08-23T11:27:43Z,2026-08-23T13:27:43+0200,aa89dba4-771d-4653-9ac4-44e4858bfe00,2026-08-11T09:45:00Z,2026-08-11T11:45:00+0200,-30.33,EUR/MWh,BE,BE,imbalance_price,Long,2026-08-23T11:28:30Z
2026-08-23T11:27:43Z,2026-08-23T13:27:43+0200,aa89dba4-771d-4653-9ac4-44e4858bfe00,2026-08-11T09:45:00Z,2026-08-11T11:45:00+0200,-30.33,EUR/MWh,BE,BE,imbalance_price,Short,2026-08-23T11:28:30Z
2026-08-23T11:27:43Z,2026-08-23T13:27:43+0200,aa89dba4-771d-4653-9ac4-44e4858bfe00,2026-08-11T10:00:00Z,2026-08-11T12:00:00+0200,-21.65,EUR/MWh,BE,BE,imbalance_price,Long,2026-08-23T11:28:30Z
2026-08-23T11:27:43Z,2026-08-23T13:27:43+0200,aa89dba4-771d-4653-9ac4-44e4858bfe00,2026-08-11T10:00:00Z,2026-08-11T12:00:00+0200,-21.65,EUR/MWh,BE,BE,imbalance_price,Short,2026-08-23T11:28:30Z
2026-08-23T11:27:43Z,2026-08-23T13:27:43+0200,aa89dba4-771d-4653-9ac4-44e4858bfe00,2026-08-11T10:15:00Z,2026-08-11T12:15:00+0200,-8.57,EUR/MWh,BE,BE,imbalance_price,Long,2026-08-23T11:28:30Z
2026-08-23T11:27:43Z,2026-08-23T13:27:43+0200,aa89dba4-771d-4653-9ac4-44e4858bfe00,2026-08-11T10:15:00Z,2026-08-11T12:15:00+0200,-8.57,EUR/MWh,BE,BE,imbalance_price,Short,2026-08-23T11:28:30Z
2026-08-23T11:27:43Z,2026-08-23T13:27:43+0200,aa89dba4-771d-4653-9ac4-44e4858bfe00,2026-08-11T10:30:00Z,2026-08-11T12:30:00+0200,-5.82,EUR/MWh,BE,BE,imbalance_price,Long,2026-08-23T11:28:30Z
2026-08-23T11:27:43Z,2026-08-23T13:27:43+0200,aa89dba4-771d-4653-9ac4-44e4858bfe00,2026-08-11T10:30:00Z,2026-08-11T12:30:00+0200,-5.82,EUR/MWh,BE,BE,imbalance_price,Short,2026-08-23T11:28:30Z
2026-08-23T11:27:43Z,2026-08-23T13:27:43+0200,aa89dba4-771d-4653-9ac4-44e4858bfe00,2026-08-11T10:45:00Z,2026-08-11T12:45:00+0200,-2.01,EUR/MWh,BE,BE,imbalance_price,Long,2026-08-23T11:28:30Z
2026-08-23T11:27:43Z,2026-08-23T13:27:43+0200,aa89dba4-771d-4653-9ac4-44e4858bfe00,2026-08-11T10:45:00Z,2026-08-11T12:45:00+0200,-2.01,EUR/MWh,BE,BE,imbalance_price,Short,2026-08-23T11:28:30Z
2026-08-23T11:27:43Z,2026-08-23T13:27:43+0200,aa89dba4-771d-4653-9ac4-44e4858bfe00,2026-08-11T11:00:00Z,2026-08-11T13:00:00+0200,3.51,EUR/MWh,BE,BE,imbalance_price,Long,2026-08-23T11:28:30Z
2026-08-23T11:27:43Z,2026-08-23T13:27:43+0200,aa89dba4-771d-4653-9ac4-44e4858bfe00,2026-08-11T11:00:00Z,2026-08-11T13:00:00+0200,3.51,EUR/MWh,BE,BE,imbalance_price,Short,2026-08-23T11:28:30Z
2026-08-23T11:27:43Z,2026-08-23T13:27:43+0200,aa89dba4-771d-4653-9ac4-44e4858bfe00,2026-08-11T11:15:00Z,2026-08-11T13:15:00+0200,-1.97,EUR/MWh,BE,BE,imbalance_price,Long,2026-08-23T11:28:30Z
2026-08-23T11:27:43Z,2026-08-23T13:27:43+0200,aa89dba4-771d-4653-9ac4-44e4858bfe00,2026-08-11T11:15:00Z,2026-08-11T13:15:00+0200,-1.97,EUR/MWh,BE,BE,imbalance_price,Short,2026-08-23T11:28:30Z
2026-08-23T11:27:43Z,2026-08-23T13:27:43+0200,aa89dba4-771d-4653-9ac4-44e4858bfe00,2026-08-11T11:30:00Z,2026-08-11T13:30:00+0200,-0.63,EUR/MWh,BE,BE,imbalance_price,Long,2026-08-23T11:28:30Z
2026-08-23T11:27:43Z,2026-08-23T13:27:43+0200,aa89dba4-771d-4653-9ac4-44e4858bfe00,2026-08-11T11:30:00Z,2026-08-11T13:30:00+0200,-0.63,EUR/MWh,BE,BE,imbalance_price,Short,2026-08-23T11:28:30Z
2026-08-23T11:27:43Z,2026-08-23T13:27:43+0200,aa89dba4-771d-4653-9ac4-44e4858bfe00,2026-08-11T11:45:00Z,2026-08-11T13:45:00+0200,-0.38,EUR/MWh,BE,BE,imbalance_price,Long,2026-08-23T11:28:30Z
2026-08-23T11:27:43Z,2026-08-23T13:27:43+0200,aa89dba4-771d-4653-9ac4-44e4858bfe00,2026-08-11T11:45:00Z,2026-08-11T13:45:00+0200,-0.38,EUR/MWh,BE,BE,imbalance_price,Short,2026-08-23T11:28:30Z
2026-08-23T11:27:43Z,2026-08-23T13:27:43+0200,aa89dba4-771d-4653-9ac4-44e4858bfe00,2026-08-11T12:00:00Z,2026-08-11T14:00:00+0200,-12.06,EUR/MWh,BE,BE,imbalance_price,Long,2026-08-23T11:28:30Z
2026-08-23T11:27:43Z,2026-08-23T13:27:43+0200,aa89dba4-771d-4653-9ac4-44e4858bfe00,2026-08-11T12:00:00Z,2026-08-11T14:00:00+0200,-12.06,EUR/MWh,BE,BE,imbalance_price,Short,2026-08-23T11:28:30Z
2026-08-23T11:27:43Z,2026-08-23T13:27:43+0200,aa89dba4-771d-4653-9ac4-44e4858bfe00,2026-08-11T12:15:00Z,2026-08-11T14:15:00+0200,-1.51,EUR/MWh,BE,BE,imbalance_price,Long,2026-08-23T11:28:30Z
2026-08-23T11:27:43Z,2026-08-23T13:27:43+0200,aa89dba4-771d-4653-9ac4-44e4858bfe00,2026-08-11T12:15:00Z,2026-08-11T14:15:00+0200,-1.51,EUR/MWh,BE,BE,imbalance_price,Short,2026-08-23T11:28:30Z
2026-08-23T11:27:43Z,2026-08-23T13:27:43+0200,aa89dba4-771d-4653-9ac4-44e4858bfe00,2026-08-11T12:30:00Z,2026-08-11T14:30:00+0200,1.77,EUR/MWh,BE,BE,imbalance_price,Long,2026-08-23T11:28:30Z
2026-08-23T11:27:43Z,2026-08-23T13:27:43+0200,aa89dba4-771d-4653-9ac4-44e4858bfe00,2026-08-11T12:30:00Z,2026-08-11T14:30:00+0200,1.77,EUR/MWh,BE,BE,imbalance_price,Short,2026-08-23T11:28:30Z
2026-08-23T11:27:43Z,2026-08-23T13:27:43+0200,aa89dba4-771d-4653-9ac4-44e4858bfe00,2026-08-11T12:45:00Z,2026-08-11T14:45:00+0200,6.19,EUR/MWh,BE,BE,imbalance_price,Long,2026-08-23T11:28:30Z
2026-08-23T11:27:43Z,2026-08-23T13:27:43+0200,aa89dba4-771d-4653-9ac4-44e4858bfe00,2026-08-11T12:45:00Z,2026-08-11T14:45:00+0200,6.19,EUR/MWh,BE,BE,imbalance_price,Short,2026-08-23T11:28:30Z
2026-08-23T11:27:43Z,2026-08-23T13:27:43+0200,aa89dba4-771d-4653-9ac4-44e4858bfe00,2026-08-11T13:00:00Z,2026-08-11T15:00:00+0200,-9.68,EUR/MWh,BE,BE,imbalance_price,Long,2026-08-23T11:28:30Z
2026-08-23T11:27:43Z,2026-08-23T13:27:43+0200,aa89dba4-771d-4653-9ac4-44e4858bfe00,2026-08-11T13:00:00Z,2026-08-11T15:00:00+0200,-9.68,EUR/MWh,BE,BE,imbalance_price,Short,2026-08-23T11:28:30Z
2026-08-23T11:27:43Z,2026-08-23T13:27:43+0200,aa89dba4-771d-4653-9ac4-44e4858bfe00,2026-08-11T13:15:00Z,2026-08-11T15:15:00+0200,0.29,EUR/MWh,BE,BE,imbalance_price,Long,2026-08-23T11:28:30Z
2026-08-23T11:27:43Z,2026-08-23T13:27:43+0200,aa89dba4-771d-4653-9ac4-44e4858bfe00,2026-08-11T13:15:00Z,2026-08-11T15:15:00+0200,0.29,EUR/MWh,BE,BE,imbalance_price,Short,2026-08-23T11:28:30Z
2026-08-23T11:27:43Z,2026-08-23T13:27:43+0200,aa89dba4-771d-4653-9ac4-44e4858bfe00,2026-08-11T13:30:00Z,2026-08-11T15:30:00+0200,11.11,EUR/MWh,BE,BE,imbalance_price,Long,2026-08-23T11:28:30Z
2026-08-23T11:27:43Z,2026-08-23T13:27:43+0200,aa89dba4-771d-4653-9ac4-44e4858bfe00,2026-08-11T13:30:00Z,2026-08-11T15:30:00+0200,11.11,EUR/MWh,BE,BE,imbalance_price,Short,2026-08-23T11:28:30Z
2026-08-23T11:27:43Z,2026-08-23T13:27:43+0200,aa89dba4-771d-4653-9ac4-44e4858bfe00,2026-08-11T13:45:00Z,2026-08-11T15:45:00+0200,12.55,EUR/MWh,BE,BE,imbalance_price,Long,2026-08-23T11:28:30Z
2026-08-23T11:27:43Z,2026-08-23T13:27:43+0200,aa89dba4-771d-4653-9ac4-44e4858bfe00,2026-08-11T13:45:00Z,2026-08-11T15:45:00+0200,12.55,EUR/MWh,BE,BE,imbalance_price,Short,2026-08-23T11:28:30Z
2026-08-23T11:27:43Z,2026-08-23T13:27:43+0200,aa89dba4-771d-4653-9ac4-44e4858bfe00,2026-08-11T14:00:00Z,2026-08-11T16:00:00+0200,22.53,EUR/MWh,BE,BE,imbalance_price,Long,2026-08-23T11:28:30Z
2026-08-23T11:27:43Z,2026-08-23T13:27:43+0200,aa89dba4-771d-4653-9ac4-44e4858bfe00,2026-08-11T14:00:00Z,2026-08-11T16:00:00+0200,22.53,EUR/MWh,BE,BE,imbalance_price,Short,2026-08-23T11:28:30Z
2026-08-23T11:27:43Z,2026-08-23T13:27:43+0200,aa89dba4-771d-4653-9ac4-44e4858bfe00,2026-08-11T14:15:00Z,2026-08-11T16:15:00+0200,117.96,EUR/MWh,BE,BE,imbalance_price,Long,2026-08-23T11:28:30Z
2026-08-23T11:27:43Z,2026-08-23T13:27:43+0200,aa89dba4-771d-4653-9ac4-44e4858bfe00,2026-08-11T14:15:00Z,2026-08-11T16:15:00+0200,117.96,EUR/MWh,BE,BE,imbalance_price,Short,2026-08-23T11:28:30Z
2026-08-23T11:27:43Z,2026-08-23T13:27:43+0200,aa89dba4-771d-4653-9ac4-44e4858bfe00,2026-08-11T14:30:00Z,2026-08-11T16:30:00+0200,133.98,EUR/MWh,BE,BE,imbalance_price,Long,2026-08-23T11:28:30Z
2026-08-23T11:27:43Z,2026-08-23T13:27:43+0200,aa89dba4-771d-4653-9ac4-44e4858bfe00,2026-08-11T14:30:00Z,2026-08-11T16:30:00+0200,133.98,EUR/MWh,BE,BE,imbalance_price,Short,2026-08-23T11:28:30Z
2026-08-23T11:27:43Z,2026-08-23T13:27:43+0200,aa89dba4-771d-4653-9ac4-44e4858bfe00,2026-08-11T14:45:00Z,2026-08-11T16:45:00+0200,140.77,EUR/MWh,BE,BE,imbalance_price,Long,2026-08-23T11:28:30Z
2026-08-23T11:27:43Z,2026-08-23T13:27:43+0200,aa89dba4-771d-4653-9ac4-44e4858bfe00,2026-08-11T14:45:00Z,2026-08-11T16:45:00+0200,140.77,EUR/MWh,BE,BE,imbalance_price,Short,2026-08-23T11:28:30Z
2026-08-23T11:27:43Z,2026-08-23T13:27:43+0200,aa89dba4-771d-4653-9ac4-44e4858bfe00,2026-08-11T15:00:00Z,2026-08-11T17:00:00+0200,163.1,EUR/MWh,BE,BE,imbalance_price,Long,2026-08-23T11:28:30Z
2026-08-23T11:27:43Z,2026-08-23T13:27:43+0200,aa89dba4-771d-4653-9ac4-44e4858bfe00,2026-08-11T15:00:00Z,2026-08-11T17:00:00+0200,163.1,EUR/MWh,BE,BE,imbalance_price,Short,2026-08-23T11:28:30Z
2026-08-23T11:27:43Z,2026-08-23T13:27:43+0200,aa89dba4-771d-4653-9ac4-44e4858bfe00,2026-08-11T15:15:00Z,2026-08-11T17:15:00+0200,171.47,EUR/MWh,BE,BE,imbalance_price,Long,2026-08-23T11:28:30Z
2026-08-23T11:27:43Z,2026-08-23T13:27:43+0200,aa89dba4-771d-4653-9ac4-44e4858bfe00,2026-08-11T15:15:00Z,2026-08-11T17:15:00+0200,171.47,EUR/MWh,BE,BE,imbalance_price,Short,2026-08-23T11:28:30Z
2026-08-23T11:27:43Z,2026-08-23T13:27:43+0200,aa89dba4-771d-4653-9ac4-44e4858bfe00,2026-08-11T15:30:00Z,2026-08-11T17:30:00+0200,188.98,EUR/MWh,BE,BE,imbalance_price,Long,2026-08-23T11:28:30Z
2026-08-23T11:27:43Z,2026-08-23T13:27:43+0200,aa89dba4-771d-4653-9ac4-44e4858bfe00,2026-08-11T15:30:00Z,2026-08-11T17:30:00+0200,188.98,EUR/MWh,BE,BE,imbalance_price,Short,2026-08-23T11:28:30Z
2026-08-23T11:27:43Z,2026-08-23T13:27:43+0200,aa89dba4-771d-4653-9ac4-44e4858bfe00,2026-08-11T15:45:00Z,2026-08-11T17:45:00+0200,182.11,EUR/MWh,BE,BE,imbalance_price,Long,2026-08-23T11:28:30Z
2026-08-23T11:27:43Z,2026-08-23T13:27:43+0200,aa89dba4-771d-4653-9ac4-44e4858bfe00,2026-08-11T15:45:00Z,2026-08-11T17:45:00+0200,182.11,EUR/MWh,BE,BE,imbalance_price,Short,2026-08-23T11:28:30Z
2026-08-23T11:27:43Z,2026-08-23T13:27:43+0200,aa89dba4-771d-4653-9ac4-44e4858bfe00,2026-08-11T16:00:00Z,2026-08-11T18:00:00+0200,160.11,EUR/MWh,BE,BE,imbalance_price,Long,2026-08-23T11:28:30Z
2026-08-23T11:27:43Z,2026-08-23T13:27:43+0200,aa89dba4-771d-4653-9ac4-44e4858bfe00,2026-08-11T16:00:00Z,2026-08-11T18:00:00+0200,160.11,EUR/MWh,BE,BE,imbalance_price,Short,2026-08-23T11:28:30Z
2026-08-23T11:27:43Z,2026-08-23T13:27:43+0200,aa89dba4-771d-4653-9ac4-44e4858bfe00,2026-08-11T16:15:00Z,2026-08-11T18:15:00+0200,186.08,EUR/MWh,BE,BE,imbalance_price,Long,2026-08-23T11:28:30Z
2026-08-23T11:27:43Z,2026-08-23T13:27:43+0200,aa89dba4-771d-4653-9ac4-44e4858bfe00,2026-08-11T16:15:00Z,2026-08-11T18:15:00+0200,186.08,EUR/MWh,BE,BE,imbalance_price,Short,2026-08-23T11:28:30Z
2026-08-23T11:27:43Z,2026-08-23T13:27:43+0200,aa89dba4-771d-4653-9ac4-44e4858bfe00,2026-08-11T16:30:00Z,2026-08-11T18:30:00+0200,185.62,EUR/MWh,BE,BE,imbalance_price,Long,2026-08-23T11:28:30Z
2026-08-23T11:27:43Z,2026-08-23T13:27:43+0200,aa89dba4-771d-4653-9ac4-44e4858bfe00,2026-08-11T16:30:00Z,2026-08-11T18:30:00+0200,185.62,EUR/MWh,BE,BE,imbalance_price,Short,2026-08-23T11:28:30Z
2026-08-23T11:27:43Z,2026-08-23T13:27:43+0200,aa89dba4-771d-4653-9ac4-44e4858bfe00,2026-08-11T16:45:00Z,2026-08-11T18:45:00+0200,166.14,EUR/MWh,BE,BE,imbalance_price,Long,2026-08-23T11:28:30Z
2026-08-23T11:27:43Z,2026-08-23T13:27:43+0200,aa89dba4-771d-4653-9ac4-44e4858bfe00,2026-08-11T16:45:00Z,2026-08-11T18:45:00+0200,166.14,EUR/MWh,BE,BE,imbalance_price,Short,2026-08-23T11:28:30Z
2026-08-23T11:27:43Z,2026-08-23T13:27:43+0200,aa89dba4-771d-4653-9ac4-44e4858bfe00,2026-08-11T17:00:00Z,2026-08-11T19:00:00+0200,200.0,EUR/MWh,BE,BE,imbalance_price,Long,2026-08-23T11:28:30Z
2026-08-23T11:27:43Z,2026-08-23T13:27:43+0200,aa89dba4-771d-4653-9ac4-44e4858bfe00,2026-08-11T17:00:00Z,2026-08-11T19:00:00+0200,200.0,EUR/MWh,BE,BE,imbalance_price,Short,2026-08-23T11:28:30Z
2026-08-23T11:27:43Z,2026-08-23T13:27:43+0200,aa89dba4-771d-4653-9ac4-44e4858bfe00,2026-08-11T17:15:00Z,2026-08-11T19:15:00+0200,181.95,EUR/MWh,BE,BE,imbalance_price,Long,2026-08-23T11:28:30Z
2026-08-23T11:27:43Z,2026-08-23T13:27:43+0200,aa89dba4-771d-4653-9ac4-44e4858bfe00,2026-08-11T17:15:00Z,2026-08-11T19:15:00+0200,181.95,EUR/MWh,BE,BE,imbalance_price,Short,2026-08-23T11:28:30Z
2026-08-23T11:27:43Z,2026-08-23T13:27:43+0200,aa89dba4-771d-4653-9ac4-44e4858bfe00,2026-08-11T17:30:00Z,2026-08-11T19:30:00+0200,200.0,EUR/MWh,BE,BE,imbalance_price,Long,2026-08-23T11:28:30Z
2026-08-23T11:27:43Z,2026-08-23T13:27:43+0200,aa89dba4-771d-4653-9ac4-44e4858bfe00,2026-08-11T17:30:00Z,2026-08-11T19:30:00+0200,200.0,EUR/MWh,BE,BE,imbalance_price,Short,2026-08-23T11:28:30Z
2026-08-23T11:27:43Z,2026-08-23T13:27:43+0200,aa89dba4-771d-4653-9ac4-44e4858bfe00,2026-08-11T17:45:00Z,2026-08-11T19:45:00+0200,200.0,EUR/MWh,BE,BE,imbalance_price,Long,2026-08-23T11:28:30Z
2026-08-23T11:27:43Z,2026-08-23T13:27:43+0200,aa89dba4-771d-4653-9ac4-44e4858bfe00,2026-08-11T17:45:00Z,2026-08-11T19:45:00+0200,200.0,EUR/MWh,BE,BE,imbalance_price,Short,2026-08-23T11:28:30Z
2026-08-23T11:27:43Z,2026-08-23T13:27:43+0200,aa89dba4-771d-4653-9ac4-44e4858bfe00,2026-08-11T18:00:00Z,2026-08-11T20:00:00+0200,225.92,EUR/MWh,BE,BE,imbalance_price,Long,2026-08-23T11:28:30Z
2026-08-23T11:27:43Z,2026-08-23T13:27:43+0200,aa89dba4-771d-4653-9ac4-44e4858bfe00,2026-08-11T18:00:00Z,2026-08-11T20:00:00+0200,225.92,EUR/MWh,BE,BE,imbalance_price,Short,2026-08-23T11:28:30Z
2026-08-23T11:27:43Z,2026-08-23T13:27:43+0200,aa89dba4-771d-4653-9ac4-44e4858bfe00,2026-08-11T18:15:00Z,2026-08-11T20:15:00+0200,241.64,EUR/MWh,BE,BE,imbalance_price,Long,2026-08-23T11:28:30Z
2026-08-23T11:27:43Z,2026-08-23T13:27:43+0200,aa89dba4-771d-4653-9ac4-44e4858bfe00,2026-08-11T18:15:00Z,2026-08-11T20:15:00+0200,241.64,EUR/MWh,BE,BE,imbalance_price,Short,2026-08-23T11:28:30Z
2026-08-23T11:27:43Z,2026-08-23T13:27:43+0200,aa89dba4-771d-4653-9ac4-44e4858bfe00,2026-08-11T18:30:00Z,2026-08-11T20:30:00+0200,236.36,EUR/MWh,BE,BE,imbalance_price,Long,2026-08-23T11:28:30Z
2026-08-23T11:27:43Z,2026-08-23T13:27:43+0200,aa89dba4-771d-4653-9ac4-44e4858bfe00,2026-08-11T18:30:00Z,2026-08-11T20:30:00+0200,236.36,EUR/MWh,BE,BE,imbalance_price,Short,2026-08-23T11:28:30Z
2026-08-23T11:27:43Z,2026-08-23T13:27:43+0200,aa89dba4-771d-4653-9ac4-44e4858bfe00,2026-08-11T18:45:00Z,2026-08-11T20:45:00+0200,226.64,EUR/MWh,BE,BE,imbalance_price,Long,2026-08-23T11:28:30Z
2026-08-23T11:27:43Z,2026-08-23T13:27:43+0200,aa89dba4-771d-4653-9ac4-44e4858bfe00,2026-08-11T18:45:00Z,2026-08-11T20:45:00+0200,226.64,EUR/MWh,BE,BE,imbalance_price,Short,2026-08-23T11:28:30Z
2026-08-23T11:27:43Z,2026-08-23T13:27:43+0200,aa89dba4-771d-4653-9ac4-44e4858bfe00,2026-08-11T19:00:00Z,2026-08-11T21:00:00+0200,282.47,EUR/MWh,BE,BE,imbalance_price,Long,2026-08-23T11:28:30Z
2026-08-23T11:27:43Z,2026-08-23T13:27:43+0200,aa89dba4-771d-4653-9ac4-44e4858bfe00,2026-08-11T19:00:00Z,2026-08-11T21:00:00+0200,282.47,EUR/MWh,BE,BE,imbalance_price,Short,2026-08-23T11:28:30Z
2026-08-23T11:27:43Z,2026-08-23T13:27:43+0200,aa89dba4-771d-4653-9ac4-44e4858bfe00,2026-08-11T19:15:00Z,2026-08-11T21:15:00+0200,264.0,EUR/MWh,BE,BE,imbalance_price,Long,2026-08-23T11:28:30Z
2026-08-23T11:27:43Z,2026-08-23T13:27:43+0200,aa89dba4-771d-4653-9ac4-44e4858bfe00,2026-08-11T19:15:00Z,2026-08-11T21:15:00+0200,264.0,EUR/MWh,BE,BE,imbalance_price,Short,2026-08-23T11:28:30Z
2026-08-23T11:27:43Z,2026-08-23T13:27:43+0200,aa89dba4-771d-4653-9ac4-44e4858bfe00,2026-08-11T19:30:00Z,2026-08-11T21:30:00+0200,183.32,EUR/MWh,BE,BE,imbalance_price,Long,2026-08-23T11:28:30Z
2026-08-23T11:27:43Z,2026-08-23T13:27:43+0200,aa89dba4-771d-4653-9ac4-44e4858bfe00,2026-08-11T19:30:00Z,2026-08-11T21:30:00+0200,183.32,EUR/MWh,BE,BE,imbalance_price,Short,2026-08-23T11:28:30Z
2026-08-23T11:27:43Z,2026-08-23T13:27:43+0200,aa89dba4-771d-4653-9ac4-44e4858bfe00,2026-08-11T19:45:00Z,2026-08-11T21:45:00+0200,174.0,EUR/MWh,BE,BE,imbalance_price,Long,2026-08-23T11:28:30Z
2026-08-23T11:27:43Z,2026-08-23T13:27:43+0200,aa89dba4-771d-4653-9ac4-44e4858bfe00,2026-08-11T19:45:00Z,2026-08-11T21:45:00+0200,174.0,EUR/MWh,BE,BE,imbalance_price,Short,2026-08-23T11:28:30Z
2026-08-23T11:27:43Z,2026-08-23T13:27:43+0200,aa89dba4-771d-4653-9ac4-44e4858bfe00,2026-08-11T20:00:00Z,2026-08-11T22:00:00+0200,181.08,EUR/MWh,BE,BE,imbalance_price,Long,2026-08-23T11:28:30Z
2026-08-23T11:27:43Z,2026-08-23T13:27:43+0200,aa89dba4-771d-4653-9ac4-44e4858bfe00,2026-08-11T20:00:00Z,2026-08-11T22:00:00+0200,181.08,EUR/MWh,BE,BE,imbalance_price,Short,2026-08-23T11:28:30Z
2026-08-23T11:27:43Z,2026-08-23T13:27:43+0200,aa89dba4-771d-4653-9ac4-44e4858bfe00,2026-08-11T20:15:00Z,2026-08-11T22:15:00+0200,171.06,EUR/MWh,BE,BE,imbalance_price,Long,2026-08-23T11:28:30Z
2026-08-23T11:27:43Z,2026-08-23T13:27:43+0200,aa89dba4-771d-4653-9ac4-44e4858bfe00,2026-08-11T20:15:00Z,2026-08-11T22:15:00+0200,171.06,EUR/MWh,BE,BE,imbalance_price,Short,2026-08-23T11:28:30Z
2026-08-23T11:27:43Z,2026-08-23T13:27:43+0200,aa89dba4-771d-4653-9ac4-44e4858bfe00,2026-08-11T20:30:00Z,2026-08-11T22:30:00+0200,125.32,EUR/MWh,BE,BE,imbalance_price,Long,2026-08-23T11:28:30Z
2026-08-23T11:27:43Z,2026-08-23T13:27:43+0200,aa89dba4-771d-4653-9ac4-44e4858bfe00,2026-08-11T20:30:00Z,2026-08-11T22:30:00+0200,125.32,EUR/MWh,BE,BE,imbalance_price,Short,2026-08-23T11:28:30Z
2026-08-23T11:27:43Z,2026-08-23T13:27:43+0200,aa89dba4-771d-4653-9ac4-44e4858bfe00,2026-08-11T20:45:00Z,2026-08-11T22:45:00+0200,200.0,EUR/MWh,BE,BE,imbalance_price,Long,2026-08-23T11:28:30Z
2026-08-23T11:27:43Z,2026-08-23T13:27:43+0200,aa89dba4-771d-4653-9ac4-44e4858bfe00,2026-08-11T20:45:00Z,2026-08-11T22:45:00+0200,200.0,EUR/MWh,BE,BE,imbalance_price,Short,2026-08-23T11:28:30Z
2026-08-23T11:27:43Z,2026-08-23T13:27:43+0200,aa89dba4-771d-4653-9ac4-44e4858bfe00,2026-08-11T21:00:00Z,2026-08-11T23:00:00+0200,197.5,EUR/MWh,BE,BE,imbalance_price,Long,2026-08-23T11:28:30Z
2026-08-23T11:27:43Z,2026-08-23T13:27:43+0200,aa89dba4-771d-4653-9ac4-44e4858bfe00,2026-08-11T21:00:00Z,2026-08-11T23:00:00+0200,197.5,EUR/MWh,BE,BE,imbalance_price,Short,2026-08-23T11:28:30Z
2026-08-23T11:27:43Z,2026-08-23T13:27:43+0200,aa89dba4-771d-4653-9ac4-44e4858bfe00,2026-08-11T21:15:00Z,2026-08-11T23:15:00+0200,154.84,EUR/MWh,BE,BE,imbalance_price,Long,2026-08-23T11:28:30Z
2026-08-23T11:27:43Z,2026-08-23T13:27:43+0200,aa89dba4-771d-4653-9ac4-44e4858bfe00,2026-08-11T21:15:00Z,2026-08-11T23:15:00+0200,154.84,EUR/MWh,BE,BE,imbalance_price,Short,2026-08-23T11:28:30Z
2026-08-23T11:27:43Z,2026-08-23T13:27:43+0200,aa89dba4-771d-4653-9ac4-44e4858bfe00,2026-08-11T21:30:00Z,2026-08-11T23:30:00+0200,197.5,EUR/MWh,BE,BE,imbalance_price,Long,2026-08-23T11:28:30Z
2026-08-23T11:27:43Z,2026-08-23T13:27:43+0200,aa89dba4-771d-4653-9ac4-44e4858bfe00,2026-08-11T21:30:00Z,2026-08-11T23:30:00+0200,197.5,EUR/MWh,BE,BE,imbalance_price,Short,2026-08-23T11:28:30Z
2026-08-23T11:27:43Z,2026-08-23T13:27:43+0200,aa89dba4-771d-4653-9ac4-44e4858bfe00,2026-08-11T21:45:00Z,2026-08-11T23:45:00+0200,189.0,EUR/MWh,BE,BE,imbalance_price,Long,2026-08-23T11:28:30Z
2026-08-23T11:27:43Z,2026-08-23T13:27:43+0200,aa89dba4-771d-4653-9ac4-44e4858bfe00,2026-08-11T21:45:00Z,2026-08-11T23:45:00+0200,189.0,EUR/MWh,BE,BE,imbalance_price,Short,2026-08-23T11:28:30Z
2026-08-23T11:27:43Z,2026-08-23T13:27:43+0200,aa89dba4-771d-4653-9ac4-44e4858bfe00,2026-08-11T22:00:00Z,2026-08-12T00:00:00+0200,151.0,EUR/MWh,BE,BE,imbalance_price,Long,2026-08-23T11:28:30Z
2026-08-23T11:27:43Z,2026-08-23T13:27:43+0200,aa89dba4-771d-4653-9ac4-44e4858bfe00,2026-08-11T22:00:00Z,2026-08-12T00:00:00+0200,151.0,EUR/MWh,BE,BE,imbalance_price,Short,2026-08-23T11:28:30Z
2026-08-23T11:27:43Z,2026-08-23T13:27:43+0200,aa89dba4-771d-4653-9ac4-44e4858bfe00,2026-08-11T22:15:00Z,2026-08-12T00:15:00+0200,158.79,EUR/MWh,BE,BE,imbalance_price,Long,2026-08-23T11:28:30Z
2026-08-23T11:27:43Z,2026-08-23T13:27:43+0200,aa89dba4-771d-4653-9ac4-44e4858bfe00,2026-08-11T22:15:00Z,2026-08-12T00:15:00+0200,158.79,EUR/MWh,BE,BE,imbalance_price,Short,2026-08-23T11:28:30Z
2026-08-23T11:27:43Z,2026-08-23T13:27:43+0200,aa89dba4-771d-4653-9ac4-44e4858bfe00,2026-08-11T22:30:00Z,2026-08-12T00:30:00+0200,166.96,EUR/MWh,BE,BE,imbalance_price,Long,2026-08-23T11:28:30Z
2026-08-23T11:27:43Z,2026-08-23T13:27:43+0200,aa89dba4-771d-4653-9ac4-44e4858bfe00,2026-08-11T22:30:00Z,2026-08-12T00:30:00+0200,166.96,EUR/MWh,BE,BE,imbalance_price,Short,2026-08-23T11:28:30Z
2026-08-23T11:27:43Z,2026-08-23T13:27:43+0200,aa89dba4-771d-4653-9ac4-44e4858bfe00,2026-08-11T22:45:00Z,2026-08-12T00:45:00+0200,153.7,EUR/MWh,BE,BE,imbalance_price,Long,2026-08-23T11:28:30Z
2026-08-23T11:27:43Z,2026-08-23T13:27:43+0200,aa89dba4-771d-4653-9ac4-44e4858bfe00,2026-08-11T22:45:00Z,2026-08-12T00:45:00+0200,153.7,EUR/MWh,BE,BE,imbalance_price,Short,2026-08-23T11:28:30Z
2026-08-23T11:27:43Z,2026-08-23T13:27:43+0200,aa89dba4-771d-4653-9ac4-44e4858bfe00,2026-08-11T23:00:00Z,2026-08-12T01:00:00+0200,181.79,EUR/MWh,BE,BE,imbalance_price,Long,2026-08-23T11:28:30Z
2026-08-23T11:27:43Z,2026-08-23T13:27:43+0200,aa89dba4-771d-4653-9ac4-44e4858bfe00,2026-08-11T23:00:00Z,2026-08-12T01:00:00+0200,181.79,EUR/MWh,BE,BE,imbalance_price,Short,2026-08-23T11:28:30Z
2026-08-23T11:27:43Z,2026-08-23T13:27:43+0200,aa89dba4-771d-4653-9ac4-44e4858bfe00,2026-08-11T23:15:00Z,2026-08-12T01:15:00+0200,168.0,EUR/MWh,BE,BE,imbalance_price,Long,2026-08-23T11:28:30Z
2026-08-23T11:27:43Z,2026-08-23T13:27:43+0200,aa89dba4-771d-4653-9ac4-44e4858bfe00,2026-08-11T23:15:00Z,2026-08-12T01:15:00+0200,168.0,EUR/MWh,BE,BE,imbalance_price,Short,2026-08-23T11:28:30Z
2026-08-23T11:27:43Z,2026-08-23T13:27:43+0200,aa89dba4-771d-4653-9ac4-44e4858bfe00,2026-08-11T23:30:00Z,2026-08-12T01:30:00+0200,184.61,EUR/MWh,BE,BE,imbalance_price,Long,2026-08-23T11:28:30Z
2026-08-23T11:27:43Z,2026-08-23T13:27:43+0200,aa89dba4-771d-4653-9ac4-44e4858bfe00,2026-08-11T23:30:00Z,2026-08-12T01:30:00+0200,184.61,EUR/MWh,BE,BE,imbalance_price,Short,2026-08-23T11:28:30Z
2026-08-23T11:27:43Z,2026-08-23T13:27:43+0200,aa89dba4-771d-4653-9ac4-44e4858bfe00,2026-08-11T23:45:00Z,2026-08-12T01:45:00+0200,160.62,EUR/MWh,BE,BE,imbalance_price,Long,2026-08-23T11:28:30Z
2026-08-23T11:27:43Z,2026-08-23T13:27:43+0200,aa89dba4-771d-4653-9ac4-44e4858bfe00,2026-08-11T23:45:00Z,2026-08-12T01:45:00+0200,160.62,EUR/MWh,BE,BE,imbalance_price,Short,2026-08-23T11:28:30Z
2026-08-23T11:27:43Z,2026-08-23T13:27:43+0200,aa89dba4-771d-4653-9ac4-44e4858bfe00,2026-08-12T00:00:00Z,2026-08-12T02:00:00+0200,176.48,EUR/MWh,BE,BE,imbalance_price,Long,2026-08-23T11:28:30Z
2026-08-23T11:27:43Z,2026-08-23T13:27:43+0200,aa89dba4-771d-4653-9ac4-44e4858bfe00,2026-08-12T00:00:00Z,2026-08-12T02:00:00+0200,176.48,EUR/MWh,BE,BE,imbalance_price,Short,2026-08-23T11:28:30Z
2026-08-23T11:27:43Z,2026-08-23T13:27:43+0200,aa89dba4-771d-4653-9ac4-44e4858bfe00,2026-08-12T00:15:00Z,2026-08-12T02:15:00+0200,161.64,EUR/MWh,BE,BE,imbalance_price,Long,2026-08-23T11:28:30Z
2026-08-23T11:27:43Z,2026-08-23T13:27:43+0200,aa89dba4-771d-4653-9ac4-44e4858bfe00,2026-08-12T00:15:00Z,2026-08-12T02:15:00+0200,161.64,EUR/MWh,BE,BE,imbalance_price,Short,2026-08-23T11:28:30Z
2026-08-23T11:27:43Z,2026-08-23T13:27:43+0200,aa89dba4-771d-4653-9ac4-44e4858bfe00,2026-08-12T00:30:00Z,2026-08-12T02:30:00+0200,163.32,EUR/MWh,BE,BE,imbalance_price,Long,2026-08-23T11:28:30Z
2026-08-23T11:27:43Z,2026-08-23T13:27:43+0200,aa89dba4-771d-4653-9ac4-44e4858bfe00,2026-08-12T00:30:00Z,2026-08-12T02:30:00+0200,163.32,EUR/MWh,BE,BE,imbalance_price,Short,2026-08-23T11:28:30Z
2026-08-23T11:27:43Z,2026-08-23T13:27:43+0200,aa89dba4-771d-4653-9ac4-44e4858bfe00,2026-08-12T00:45:00Z,2026-08-12T02:45:00+0200,149.72,EUR/MWh,BE,BE,imbalance_price,Long,2026-08-23T11:28:30Z
2026-08-23T11:27:43Z,2026-08-23T13:27:43+0200,aa89dba4-771d-4653-9ac4-44e4858bfe00,2026-08-12T00:45:00Z,2026-08-12T02:45:00+0200,149.72,EUR/MWh,BE,BE,imbalance_price,Short,2026-08-23T11:28:30Z
2026-08-23T11:27:43Z,2026-08-23T13:27:43+0200,aa89dba4-771d-4653-9ac4-44e4858bfe00,2026-08-12T01:00:00Z,2026-08-12T03:00:00+0200,149.39,EUR/MWh,BE,BE,imbalance_price,Long,2026-08-23T11:28:30Z
2026-08-23T11:27:43Z,2026-08-23T13:27:43+0200,aa89dba4-771d-4653-9ac4-44e4858bfe00,2026-08-12T01:00:00Z,2026-08-12T03:00:00+0200,149.39,EUR/MWh,BE,BE,imbalance_price,Short,2026-08-23T11:28:30Z
2026-08-23T11:27:43Z,2026-08-23T13:27:43+0200,aa89dba4-771d-4653-9ac4-44e4858bfe00,2026-08-12T01:15:00Z,2026-08-12T03:15:00+0200,149.84,EUR/MWh,BE,BE,imbalance_price,Long,2026-08-23T11:28:30Z
2026-08-23T11:27:43Z,2026-08-23T13:27:43+0200,aa89dba4-771d-4653-9ac4-44e4858bfe00,2026-08-12T01:15:00Z,2026-08-12T03:15:00+0200,149.84,EUR/MWh,BE,BE,imbalance_price,Short,2026-08-23T11:28:30Z
2026-08-23T11:27:43Z,2026-08-23T13:27:43+0200,aa89dba4-771d-4653-9ac4-44e4858bfe00,2026-08-12T01:30:00Z,2026-08-12T03:30:00+0200,150.1,EUR/MWh,BE,BE,imbalance_price,Long,2026-08-23T11:28:30Z
2026-08-23T11:27:43Z,2026-08-23T13:27:43+0200,aa89dba4-771d-4653-9ac4-44e4858bfe00,2026-08-12T01:30:00Z,2026-08-12T03:30:00+0200,150.1,EUR/MWh,BE,BE,imbalance_price,Short,2026-08-23T11:28:30Z
2026-08-23T11:27:43Z,2026-08-23T13:27:43+0200,aa89dba4-771d-4653-9ac4-44e4858bfe00,2026-08-12T01:45:00Z,2026-08-12T03:45:00+0200,146.11,EUR/MWh,BE,BE,imbalance_price,Long,2026-08-23T11:28:30Z
2026-08-23T11:27:43Z,2026-08-23T13:27:43+0200,aa89dba4-771d-4653-9ac4-44e4858bfe00,2026-08-12T01:45:00Z,2026-08-12T03:45:00+0200,146.11,EUR/MWh,BE,BE,imbalance_price,Short,2026-08-23T11:28:30Z
2026-08-23T11:27:43Z,2026-08-23T13:27:43+0200,aa89dba4-771d-4653-9ac4-44e4858bfe00,2026-08-12T02:00:00Z,2026-08-12T04:00:00+0200,142.33,EUR/MWh,BE,BE,imbalance_price,Long,2026-08-23T11:28:30Z
2026-08-23T11:27:43Z,2026-08-23T13:27:43+0200,aa89dba4-771d-4653-9ac4-44e4858bfe00,2026-08-12T02:00:00Z,2026-08-12T04:00:00+0200,142.33,EUR/MWh,BE,BE,imbalance_price,Short,2026-08-23T11:28:30Z
2026-08-23T11:27:43Z,2026-08-23T13:27:43+0200,aa89dba4-771d-4653-9ac4-44e4858bfe00,2026-08-12T02:15:00Z,2026-08-12T04:15:00+0200,137.05,EUR/MWh,BE,BE,imbalance_price,Long,2026-08-23T11:28:30Z
2026-08-23T11:27:43Z,2026-08-23T13:27:43+0200,aa89dba4-771d-4653-9ac4-44e4858bfe00,2026-08-12T02:15:00Z,2026-08-12T04:15:00+0200,137.05,EUR/MWh,BE,BE,imbalance_price,Short,2026-08-23T11:28:30Z
2026-08-23T11:27:43Z,2026-08-23T13:27:43+0200,aa89dba4-771d-4653-9ac4-44e4858bfe00,2026-08-12T02:30:00Z,2026-08-12T04:30:00+0200,153.93,EUR/MWh,BE,BE,imbalance_price,Long,2026-08-23T11:28:30Z
2026-08-23T11:27:43Z,2026-08-23T13:27:43+0200,aa89dba4-771d-4653-9ac4-44e4858bfe00,2026-08-12T02:30:00Z,2026-08-12T04:30:00+0200,153.93,EUR/MWh,BE,BE,imbalance_price,Short,2026-08-23T11:28:30Z
2026-08-23T11:27:43Z,2026-08-23T13:27:43+0200,aa89dba4-771d-4653-9ac4-44e4858bfe00,2026-08-12T02:45:00Z,2026-08-12T04:45:00+0200,152.71,EUR/MWh,BE,BE,imbalance_price,Long,2026-08-23T11:28:30Z
2026-08-23T11:27:43Z,2026-08-23T13:27:43+0200,aa89dba4-771d-4653-9ac4-44e4858bfe00,2026-08-12T02:45:00Z,2026-08-12T04:45:00+0200,152.71,EUR/MWh,BE,BE,imbalance_price,Short,2026-08-23T11:28:30Z
2026-08-23T11:27:43Z,2026-08-23T13:27:43+0200,aa89dba4-771d-4653-9ac4-44e4858bfe00,2026-08-12T03:00:00Z,2026-08-12T05:00:00+0200,157.72,EUR/MWh,BE,BE,imbalance_price,Long,2026-08-23T11:28:30Z
2026-08-23T11:27:43Z,2026-08-23T13:27:43+0200,aa89dba4-771d-4653-9ac4-44e4858bfe00,2026-08-12T03:00:00Z,2026-08-12T05:00:00+0200,157.72,EUR/MWh,BE,BE,imbalance_price,Short,2026-08-23T11:28:30Z
2026-08-23T11:27:43Z,2026-08-23T13:27:43+0200,aa89dba4-771d-4653-9ac4-44e4858bfe00,2026-08-12T03:15:00Z,2026-08-12T05:15:00+0200,159.48,EUR/MWh,BE,BE,imbalance_price,Long,2026-08-23T11:28:30Z
2026-08-23T11:27:43Z,2026-08-23T13:27:43+0200,aa89dba4-771d-4653-9ac4-44e4858bfe00,2026-08-12T03:15:00Z,2026-08-12T05:15:00+0200,159.48,EUR/MWh,BE,BE,imbalance_price,Short,2026-08-23T11:28:30Z
2026-08-23T11:27:43Z,2026-08-23T13:27:43+0200,aa89dba4-771d-4653-9ac4-44e4858bfe00,2026-08-12T03:30:00Z,2026-08-12T05:30:00+0200,164.13,EUR/MWh,BE,BE,imbalance_price,Long,2026-08-23T11:28:30Z
2026-08-23T11:27:43Z,2026-08-23T13:27:43+0200,aa89dba4-771d-4653-9ac4-44e4858bfe00,2026-08-12T03:30:00Z,2026-08-12T05:30:00+0200,164.13,EUR/MWh,BE,BE,imbalance_price,Short,2026-08-23T11:28:30Z
2026-08-23T11:27:43Z,2026-08-23T13:27:43+0200,aa89dba4-771d-4653-9ac4-44e4858bfe00,2026-08-12T03:45:00Z,2026-08-12T05:45:00+0200,156.51,EUR/MWh,BE,BE,imbalance_price,Long,2026-08-23T11:28:30Z
2026-08-23T11:27:43Z,2026-08-23T13:27:43+0200,aa89dba4-771d-4653-9ac4-44e4858bfe00,2026-08-12T03:45:00Z,2026-08-12T05:45:00+0200,156.51,EUR/MWh,BE,BE,imbalance_price,Short,2026-08-23T11:28:30Z
2026-08-23T11:27:43Z,2026-08-23T13:27:43+0200,aa89dba4-771d-4653-9ac4-44e4858bfe00,2026-08-12T04:00:00Z,2026-08-12T06:00:00+0200,169.11,EUR/MWh,BE,BE,imbalance_price,Long,2026-08-23T11:28:30Z
2026-08-23T11:27:43Z,2026-08-23T13:27:43+0200,aa89dba4-771d-4653-9ac4-44e4858bfe00,2026-08-12T04:00:00Z,2026-08-12T06:00:00+0200,169.11,EUR/MWh,BE,BE,imbalance_price,Short,2026-08-23T11:28:30Z
2026-08-23T11:27:43Z,2026-08-23T13:27:43+0200,aa89dba4-771d-4653-9ac4-44e4858bfe00,2026-08-12T04:15:00Z,2026-08-12T06:15:00+0200,174.48,EUR/MWh,BE,BE,imbalance_price,Long,2026-08-23T11:28:30Z
2026-08-23T11:27:43Z,2026-08-23T13:27:43+0200,aa89dba4-771d-4653-9ac4-44e4858bfe00,2026-08-12T04:15:00Z,2026-08-12T06:15:00+0200,174.48,EUR/MWh,BE,BE,imbalance_price,Short,2026-08-23T11:28:30Z
2026-08-23T11:27:43Z,2026-08-23T13:27:43+0200,aa89dba4-771d-4653-9ac4-44e4858bfe00,2026-08-12T04:30:00Z,2026-08-12T06:30:00+0200,167.91,EUR/MWh,BE,BE,imbalance_price,Long,2026-08-23T11:28:30Z
2026-08-23T11:27:43Z,2026-08-23T13:27:43+0200,aa89dba4-771d-4653-9ac4-44e4858bfe00,2026-08-12T04:30:00Z,2026-08-12T06:30:00+0200,167.91,EUR/MWh,BE,BE,imbalance_price,Short,2026-08-23T11:28:30Z
2026-08-23T11:27:43Z,2026-08-23T13:27:43+0200,aa89dba4-771d-4653-9ac4-44e4858bfe00,2026-08-12T04:45:00Z,2026-08-12T06:45:00+0200,161.07,EUR/MWh,BE,BE,imbalance_price,Long,2026-08-23T11:28:30Z
2026-08-23T11:27:43Z,2026-08-23T13:27:43+0200,aa89dba4-771d-4653-9ac4-44e4858bfe00,2026-08-12T04:45:00Z,2026-08-12T06:45:00+0200,161.07,EUR/MWh,BE,BE,imbalance_price,Short,2026-08-23T11:28:30Z
2026-08-23T11:27:43Z,2026-08-23T13:27:43+0200,aa89dba4-771d-4653-9ac4-44e4858bfe00,2026-08-12T05:00:00Z,2026-08-12T07:00:00+0200,167.87,EUR/MWh,BE,BE,imbalance_price,Long,2026-08-23T11:28:30Z
2026-08-23T11:27:43Z,2026-08-23T13:27:43+0200,aa89dba4-771d-4653-9ac4-44e4858bfe00,2026-08-12T05:00:00Z,2026-08-12T07:00:00+0200,167.87,EUR/MWh,BE,BE,imbalance_price,Short,2026-08-23T11:28:30Z
2026-08-23T11:27:43Z,2026-08-23T13:27:43+0200,aa89dba4-771d-4653-9ac4-44e4858bfe00,2026-08-12T05:15:00Z,2026-08-12T07:15:00+0200,172.06,EUR/MWh,BE,BE,imbalance_price,Long,2026-08-23T11:28:30Z
2026-08-23T11:27:43Z,2026-08-23T13:27:43+0200,aa89dba4-771d-4653-9ac4-44e4858bfe00,2026-08-12T05:15:00Z,2026-08-12T07:15:00+0200,172.06,EUR/MWh,BE,BE,imbalance_price,Short,2026-08-23T11:28:30Z
2026-08-23T11:27:43Z,2026-08-23T13:27:43+0200,aa89dba4-771d-4653-9ac4-44e4858bfe00,2026-08-12T05:30:00Z,2026-08-12T07:30:00+0200,167.85,EUR/MWh,BE,BE,imbalance_price,Long,2026-08-23T11:28:30Z
2026-08-23T11:27:43Z,2026-08-23T13:27:43+0200,aa89dba4-771d-4653-9ac4-44e4858bfe00,2026-08-12T05:30:00Z,2026-08-12T07:30:00+0200,167.85,EUR/MWh,BE,BE,imbalance_price,Short,2026-08-23T11:28:30Z
2026-08-23T11:27:43Z,2026-08-23T13:27:43+0200,aa89dba4-771d-4653-9ac4-44e4858bfe00,2026-08-12T05:45:00Z,2026-08-12T07:45:00+0200,152.99,EUR/MWh,BE,BE,imbalance_price,Long,2026-08-23T11:28:30Z
2026-08-23T11:27:43Z,2026-08-23T13:27:43+0200,aa89dba4-771d-4653-9ac4-44e4858bfe00,2026-08-12T05:45:00Z,2026-08-12T07:45:00+0200,152.99,EUR/MWh,BE,BE,imbalance_price,Short,2026-08-23T11:28:30Z
2026-08-23T11:27:43Z,2026-08-23T13:27:43+0200,aa89dba4-771d-4653-9ac4-44e4858bfe00,2026-08-12T06:00:00Z,2026-08-12T08:00:00+0200,142.53,EUR/MWh,BE,BE,imbalance_price,Long,2026-08-23T11:28:30Z
2026-08-23T11:27:43Z,2026-08-23T13:27:43+0200,aa89dba4-771d-4653-9ac4-44e4858bfe00,2026-08-12T06:00:00Z,2026-08-12T08:00:00+0200,142.53,EUR/MWh,BE,BE,imbalance_price,Short,2026-08-23T11:28:30Z
2026-08-23T11:27:43Z,2026-08-23T13:27:43+0200,aa89dba4-771d-4653-9ac4-44e4858bfe00,2026-08-12T06:15:00Z,2026-08-12T08:15:00+0200,159.94,EUR/MWh,BE,BE,imbalance_price,Long,2026-08-23T11:28:30Z
2026-08-23T11:27:43Z,2026-08-23T13:27:43+0200,aa89dba4-771d-4653-9ac4-44e4858bfe00,2026-08-12T06:15:00Z,2026-08-12T08:15:00+0200,159.94,EUR/MWh,BE,BE,imbalance_price,Short,2026-08-23T11:28:30Z
2026-08-23T11:27:43Z,2026-08-23T13:27:43+0200,aa89dba4-771d-4653-9ac4-44e4858bfe00,2026-08-12T06:30:00Z,2026-08-12T08:30:00+0200,111.23,EUR/MWh,BE,BE,imbalance_price,Long,2026-08-23T11:28:30Z
2026-08-23T11:27:43Z,2026-08-23T13:27:43+0200,aa89dba4-771d-4653-9ac4-44e4858bfe00,2026-08-12T06:30:00Z,2026-08-12T08:30:00+0200,111.23,EUR/MWh,BE,BE,imbalance_price,Short,2026-08-23T11:28:30Z
2026-08-23T11:27:43Z,2026-08-23T13:27:43+0200,aa89dba4-771d-4653-9ac4-44e4858bfe00,2026-08-12T06:45:00Z,2026-08-12T08:45:00+0200,103.45,EUR/MWh,BE,BE,imbalance_price,Long,2026-08-23T11:28:30Z
2026-08-23T11:27:43Z,2026-08-23T13:27:43+0200,aa89dba4-771d-4653-9ac4-44e4858bfe00,2026-08-12T06:45:00Z,2026-08-12T08:45:00+0200,103.45,EUR/MWh,BE,BE,imbalance_price,Short,2026-08-23T11:28:30Z
2026-08-23T11:27:43Z,2026-08-23T13:27:43+0200,aa89dba4-771d-4653-9ac4-44e4858bfe00,2026-08-12T07:00:00Z,2026-08-12T09:00:00+0200,100.2,EUR/MWh,BE,BE,imbalance_price,Long,2026-08-23T11:28:30Z
2026-08-23T11:27:43Z,2026-08-23T13:27:43+0200,aa89dba4-771d-4653-9ac4-44e4858bfe00,2026-08-12T07:00:00Z,2026-08-12T09:00:00+0200,100.2,EUR/MWh,BE,BE,imbalance_price,Short,2026-08-23T11:28:30Z
2026-08-23T11:27:43Z,2026-08-23T13:27:43+0200,aa89dba4-771d-4653-9ac4-44e4858bfe00,2026-08-12T07:15:00Z,2026-08-12T09:15:00+0200,98.35,EUR/MWh,BE,BE,imbalance_price,Long,2026-08-23T11:28:30Z
2026-08-23T11:27:43Z,2026-08-23T13:27:43+0200,aa89dba4-771d-4653-9ac4-44e4858bfe00,2026-08-12T07:15:00Z,2026-08-12T09:15:00+0200,98.35,EUR/MWh,BE,BE,imbalance_price,Short,2026-08-23T11:28:30Z
2026-08-23T11:27:43Z,2026-08-23T13:27:43+0200,aa89dba4-771d-4653-9ac4-44e4858bfe00,2026-08-12T07:30:00Z,2026-08-12T09:30:00+0200,97.62,EUR/MWh,BE,BE,imbalance_price,Long,2026-08-23T11:28:30Z
2026-08-23T11:27:43Z,2026-08-23T13:27:43+0200,aa89dba4-771d-4653-9ac4-44e4858bfe00,2026-08-12T07:30:00Z,2026-08-12T09:30:00+0200,97.62,EUR/MWh,BE,BE,imbalance_price,Short,2026-08-23T11:28:30Z
2026-08-23T11:27:43Z,2026-08-23T13:27:43+0200,aa89dba4-771d-4653-9ac4-44e4858bfe00,2026-08-12T07:45:00Z,2026-08-12T09:45:00+0200,95.9,EUR/MWh,BE,BE,imbalance_price,Long,2026-08-23T11:28:30Z
2026-08-23T11:27:43Z,2026-08-23T13:27:43+0200,aa89dba4-771d-4653-9ac4-44e4858bfe00,2026-08-12T07:45:00Z,2026-08-12T09:45:00+0200,95.9,EUR/MWh,BE,BE,imbalance_price,Short,2026-08-23T11:28:30Z
2026-08-23T11:27:43Z,2026-08-23T13:27:43+0200,aa89dba4-771d-4653-9ac4-44e4858bfe00,2026-08-12T08:00:00Z,2026-08-12T10:00:00+0200,86.55,EUR/MWh,BE,BE,imbalance_price,Long,2026-08-23T11:28:30Z
2026-08-23T11:27:43Z,2026-08-23T13:27:43+0200,aa89dba4-771d-4653-9ac4-44e4858bfe00,2026-08-12T08:00:00Z,2026-08-12T10:00:00+0200,86.55,EUR/MWh,BE,BE,imbalance_price,Short,2026-08-23T11:28:30Z
2026-08-23T11:27:43Z,2026-08-23T13:27:43+0200,aa89dba4-771d-4653-9ac4-44e4858bfe00,2026-08-12T08:15:00Z,2026-08-12T10:15:00+0200,77.0,EUR/MWh,BE,BE,imbalance_price,Long,2026-08-23T11:28:30Z
2026-08-23T11:27:43Z,2026-08-23T13:27:43+0200,aa89dba4-771d-4653-9ac4-44e4858bfe00,2026-08-12T08:15:00Z,2026-08-12T10:15:00+0200,77.0,EUR/MWh,BE,BE,imbalance_price,Short,2026-08-23T11:28:30Z
2026-08-23T11:27:43Z,2026-08-23T13:27:43+0200,aa89dba4-771d-4653-9ac4-44e4858bfe00,2026-08-12T08:30:00Z,2026-08-12T10:30:00+0200,14.77,EUR/MWh,BE,BE,imbalance_price,Long,2026-08-23T11:28:30Z
2026-08-23T11:27:43Z,2026-08-23T13:27:43+0200,aa89dba4-771d-4653-9ac4-44e4858bfe00,2026-08-12T08:30:00Z,2026-08-12T10:30:00+0200,14.77,EUR/MWh,BE,BE,imbalance_price,Short,2026-08-23T11:28:30Z
2026-08-23T11:27:43Z,2026-08-23T13:27:43+0200,aa89dba4-771d-4653-9ac4-44e4858bfe00,2026-08-12T08:45:00Z,2026-08-12T10:45:00+0200,8.78,EUR/MWh,BE,BE,imbalance_price,Long,2026-08-23T11:28:30Z
2026-08-23T11:27:43Z,2026-08-23T13:27:43+0200,aa89dba4-771d-4653-9ac4-44e4858bfe00,2026-08-12T08:45:00Z,2026-08-12T10:45:00+0200,8.78,EUR/MWh,BE,BE,imbalance_price,Short,2026-08-23T11:28:30Z
2026-08-23T11:27:43Z,2026-08-23T13:27:43+0200,aa89dba4-771d-4653-9ac4-44e4858bfe00,2026-08-12T09:00:00Z,2026-08-12T11:00:00+0200,72.47,EUR/MWh,BE,BE,imbalance_price,Long,2026-08-23T11:28:30Z
2026-08-23T11:27:43Z,2026-08-23T13:27:43+0200,aa89dba4-771d-4653-9ac4-44e4858bfe00,2026-08-12T09:00:00Z,2026-08-12T11:00:00+0200,72.47,EUR/MWh,BE,BE,imbalance_price,Short,2026-08-23T11:28:30Z
2026-08-23T11:27:43Z,2026-08-23T13:27:43+0200,aa89dba4-771d-4653-9ac4-44e4858bfe00,2026-08-12T09:15:00Z,2026-08-12T11:15:00+0200,83.94,EUR/MWh,BE,BE,imbalance_price,Long,2026-08-23T11:28:30Z
2026-08-23T11:27:43Z,2026-08-23T13:27:43+0200,aa89dba4-771d-4653-9ac4-44e4858bfe00,2026-08-12T09:15:00Z,2026-08-12T11:15:00+0200,83.94,EUR/MWh,BE,BE,imbalance_price,Short,2026-08-23T11:28:30Z
2026-08-23T11:27:43Z,2026-08-23T13:27:43+0200,aa89dba4-771d-4653-9ac4-44e4858bfe00,2026-08-12T09:30:00Z,2026-08-12T11:30:00+0200,3.42,EUR/MWh,BE,BE,imbalance_price,Long,2026-08-23T11:28:30Z
2026-08-23T11:27:43Z,2026-08-23T13:27:43+0200,aa89dba4-771d-4653-9ac4-44e4858bfe00,2026-08-12T09:30:00Z,2026-08-12T11:30:00+0200,3.42,EUR/MWh,BE,BE,imbalance_price,Short,2026-08-23T11:28:30Z
2026-08-23T11:27:43Z,2026-08-23T13:27:43+0200,aa89dba4-771d-4653-9ac4-44e4858bfe00,2026-08-12T09:45:00Z,2026-08-12T11:45:00+0200,6.27,EUR/MWh,BE,BE,imbalance_price,Long,2026-08-23T11:28:30Z
2026-08-23T11:27:43Z,2026-08-23T13:27:43+0200,aa89dba4-771d-4653-9ac4-44e4858bfe00,2026-08-12T09:45:00Z,2026-08-12T11:45:00+0200,6.27,EUR/MWh,BE,BE,imbalance_price,Short,2026-08-23T11:28:30Z
2026-08-23T11:27:43Z,2026-08-23T13:27:43+0200,aa89dba4-771d-4653-9ac4-44e4858bfe00,2026-08-12T10:00:00Z,2026-08-12T12:00:00+0200,8.31,EUR/MWh,BE,BE,imbalance_price,Long,2026-08-23T11:28:30Z
2026-08-23T11:27:43Z,2026-08-23T13:27:43+0200,aa89dba4-771d-4653-9ac4-44e4858bfe00,2026-08-12T10:00:00Z,2026-08-12T12:00:00+0200,8.31,EUR/MWh,BE,BE,imbalance_price,Short,2026-08-23T11:28:30Z
2026-08-23T11:27:43Z,2026-08-23T13:27:43+0200,aa89dba4-771d-4653-9ac4-44e4858bfe00,2026-08-12T10:15:00Z,2026-08-12T12:15:00+0200,24.31,EUR/MWh,BE,BE,imbalance_price,Long,2026-08-23T11:28:30Z
2026-08-23T11:27:43Z,2026-08-23T13:27:43+0200,aa89dba4-771d-4653-9ac4-44e4858bfe00,2026-08-12T10:15:00Z,2026-08-12T12:15:00+0200,24.31,EUR/MWh,BE,BE,imbalance_price,Short,2026-08-23T11:28:30Z
2026-08-23T11:27:43Z,2026-08-23T13:27:43+0200,aa89dba4-771d-4653-9ac4-44e4858bfe00,2026-08-12T10:30:00Z,2026-08-12T12:30:00+0200,15.96,EUR/MWh,BE,BE,imbalance_price,Long,2026-08-23T11:28:30Z
2026-08-23T11:27:43Z,2026-08-23T13:27:43+0200,aa89dba4-771d-4653-9ac4-44e4858bfe00,2026-08-12T10:30:00Z,2026-08-12T12:30:00+0200,15.96,EUR/MWh,BE,BE,imbalance_price,Short,2026-08-23T11:28:30Z
2026-08-23T11:27:43Z,2026-08-23T13:27:43+0200,aa89dba4-771d-4653-9ac4-44e4858bfe00,2026-08-12T10:45:00Z,2026-08-12T12:45:00+0200,5.53,EUR/MWh,BE,BE,imbalance_price,Long,2026-08-23T11:28:30Z
2026-08-23T11:27:43Z,2026-08-23T13:27:43+0200,aa89dba4-771d-4653-9ac4-44e4858bfe00,2026-08-12T10:45:00Z,2026-08-12T12:45:00+0200,5.53,EUR/MWh,BE,BE,imbalance_price,Short,2026-08-23T11:28:30Z
2026-08-23T11:27:43Z,2026-08-23T13:27:43+0200,aa89dba4-771d-4653-9ac4-44e4858bfe00,2026-08-12T11:00:00Z,2026-08-12T13:00:00+0200,15.67,EUR/MWh,BE,BE,imbalance_price,Long,2026-08-23T11:28:30Z
2026-08-23T11:27:43Z,2026-08-23T13:27:43+0200,aa89dba4-771d-4653-9ac4-44e4858bfe00,2026-08-12T11:00:00Z,2026-08-12T13:00:00+0200,15.67,EUR/MWh,BE,BE,imbalance_price,Short,2026-08-23T11:28:30Z
2026-08-23T11:27:43Z,2026-08-23T13:27:43+0200,aa89dba4-771d-4653-9ac4-44e4858bfe00,2026-08-12T11:15:00Z,2026-08-12T13:15:00+0200,15.8,EUR/MWh,BE,BE,imbalance_price,Long,2026-08-23T11:28:30Z
2026-08-23T11:27:43Z,2026-08-23T13:27:43+0200,aa89dba4-771d-4653-9ac4-44e4858bfe00,2026-08-12T11:15:00Z,2026-08-12T13:15:00+0200,15.8,EUR/MWh,BE,BE,imbalance_price,Short,2026-08-23T11:28:30Z
2026-08-23T11:27:43Z,2026-08-23T13:27:43+0200,aa89dba4-771d-4653-9ac4-44e4858bfe00,2026-08-12T11:30:00Z,2026-08-12T13:30:00+0200,5.13,EUR/MWh,BE,BE,imbalance_price,Long,2026-08-23T11:28:30Z
2026-08-23T11:27:43Z,2026-08-23T13:27:43+0200,aa89dba4-771d-4653-9ac4-44e4858bfe00,2026-08-12T11:30:00Z,2026-08-12T13:30:00+0200,5.13,EUR/MWh,BE,BE,imbalance_price,Short,2026-08-23T11:28:30Z
2026-08-23T11:27:43Z,2026-08-23T13:27:43+0200,aa89dba4-771d-4653-9ac4-44e4858bfe00,2026-08-12T11:45:00Z,2026-08-12T13:45:00+0200,-11.68,EUR/MWh,BE,BE,imbalance_price,Long,2026-08-23T11:28:30Z
2026-08-23T11:27:43Z,2026-08-23T13:27:43+0200,aa89dba4-771d-4653-9ac4-44e4858bfe00,2026-08-12T11:45:00Z,2026-08-12T13:45:00+0200,-11.68,EUR/MWh,BE,BE,imbalance_price,Short,2026-08-23T11:28:30Z
2026-08-23T11:27:43Z,2026-08-23T13:27:43+0200,aa89dba4-771d-4653-9ac4-44e4858bfe00,2026-08-12T12:00:00Z,2026-08-12T14:00:00+0200,-3.4,EUR/MWh,BE,BE,imbalance_price,Long,2026-08-23T11:28:30Z
2026-08-23T11:27:43Z,2026-08-23T13:27:43+0200,aa89dba4-771d-4653-9ac4-44e4858bfe00,2026-08-12T12:00:00Z,2026-08-12T14:00:00+0200,-3.4,EUR/MWh,BE,BE,imbalance_price,Short,2026-08-23T11:28:30Z
2026-08-23T11:27:43Z,2026-08-23T13:27:43+0200,aa89dba4-771d-4653-9ac4-44e4858bfe00,2026-08-12T12:15:00Z,2026-08-12T14:15:00+0200,7.79,EUR/MWh,BE,BE,imbalance_price,Long,2026-08-23T11:28:30Z
2026-08-23T11:27:43Z,2026-08-23T13:27:43+0200,aa89dba4-771d-4653-9ac4-44e4858bfe00,2026-08-12T12:15:00Z,2026-08-12T14:15:00+0200,7.79,EUR/MWh,BE,BE,imbalance_price,Short,2026-08-23T11:28:30Z
2026-08-23T11:27:43Z,2026-08-23T13:27:43+0200,aa89dba4-771d-4653-9ac4-44e4858bfe00,2026-08-12T12:30:00Z,2026-08-12T14:30:00+0200,9.86,EUR/MWh,BE,BE,imbalance_price,Long,2026-08-23T11:28:30Z
2026-08-23T11:27:43Z,2026-08-23T13:27:43+0200,aa89dba4-771d-4653-9ac4-44e4858bfe00,2026-08-12T12:30:00Z,2026-08-12T14:30:00+0200,9.86,EUR/MWh,BE,BE,imbalance_price,Short,2026-08-23T11:28:30Z
2026-08-23T11:27:43Z,2026-08-23T13:27:43+0200,aa89dba4-771d-4653-9ac4-44e4858bfe00,2026-08-12T12:45:00Z,2026-08-12T14:45:00+0200,-4.03,EUR/MWh,BE,BE,imbalance_price,Long,2026-08-23T11:28:30Z
2026-08-23T11:27:43Z,2026-08-23T13:27:43+0200,aa89dba4-771d-4653-9ac4-44e4858bfe00,2026-08-12T12:45:00Z,2026-08-12T14:45:00+0200,-4.03,EUR/MWh,BE,BE,imbalance_price,Short,2026-08-23T11:28:30Z
2026-08-23T11:27:43Z,2026-08-23T13:27:43+0200,aa89dba4-771d-4653-9ac4-44e4858bfe00,2026-08-12T13:00:00Z,2026-08-12T15:00:00+0200,0.57,EUR/MWh,BE,BE,imbalance_price,Long,2026-08-23T11:28:30Z
2026-08-23T11:27:43Z,2026-08-23T13:27:43+0200,aa89dba4-771d-4653-9ac4-44e4858bfe00,2026-08-12T13:00:00Z,2026-08-12T15:00:00+0200,0.57,EUR/MWh,BE,BE,imbalance_price,Short,2026-08-23T11:28:30Z
2026-08-23T11:27:43Z,2026-08-23T13:27:43+0200,aa89dba4-771d-4653-9ac4-44e4858bfe00,2026-08-12T13:15:00Z,2026-08-12T15:15:00+0200,9.24,EUR/MWh,BE,BE,imbalance_price,Long,2026-08-23T11:28:30Z
2026-08-23T11:27:43Z,2026-08-23T13:27:43+0200,aa89dba4-771d-4653-9ac4-44e4858bfe00,2026-08-12T13:15:00Z,2026-08-12T15:15:00+0200,9.24,EUR/MWh,BE,BE,imbalance_price,Short,2026-08-23T11:28:30Z
2026-08-23T11:27:43Z,2026-08-23T13:27:43+0200,aa89dba4-771d-4653-9ac4-44e4858bfe00,2026-08-12T13:30:00Z,2026-08-12T15:30:00+0200,15.34,EUR/MWh,BE,BE,imbalance_price,Long,2026-08-23T11:28:30Z
2026-08-23T11:27:43Z,2026-08-23T13:27:43+0200,aa89dba4-771d-4653-9ac4-44e4858bfe00,2026-08-12T13:30:00Z,2026-08-12T15:30:00+0200,15.34,EUR/MWh,BE,BE,imbalance_price,Short,2026-08-23T11:28:30Z
2026-08-23T11:27:43Z,2026-08-23T13:27:43+0200,aa89dba4-771d-4653-9ac4-44e4858bfe00,2026-08-12T13:45:00Z,2026-08-12T15:45:00+0200,78.76,EUR/MWh,BE,BE,imbalance_price,Long,2026-08-23T11:28:30Z
2026-08-23T11:27:43Z,2026-08-23T13:27:43+0200,aa89dba4-771d-4653-9ac4-44e4858bfe00,2026-08-12T13:45:00Z,2026-08-12T15:45:00+0200,78.76,EUR/MWh,BE,BE,imbalance_price,Short,2026-08-23T11:28:30Z
2026-08-23T11:27:43Z,2026-08-23T13:27:43+0200,aa89dba4-771d-4653-9ac4-44e4858bfe00,2026-08-12T14:00:00Z,2026-08-12T16:00:00+0200,102.0,EUR/MWh,BE,BE,imbalance_price,Long,2026-08-23T11:28:30Z
2026-08-23T11:27:43Z,2026-08-23T13:27:43+0200,aa89dba4-771d-4653-9ac4-44e4858bfe00,2026-08-12T14:00:00Z,2026-08-12T16:00:00+0200,102.0,EUR/MWh,BE,BE,imbalance_price,Short,2026-08-23T11:28:30Z
2026-08-23T11:27:43Z,2026-08-23T13:27:43+0200,aa89dba4-771d-4653-9ac4-44e4858bfe00,2026-08-12T14:15:00Z,2026-08-12T16:15:00+0200,147.71,EUR/MWh,BE,BE,imbalance_price,Long,2026-08-23T11:28:30Z
2026-08-23T11:27:43Z,2026-08-23T13:27:43+0200,aa89dba4-771d-4653-9ac4-44e4858bfe00,2026-08-12T14:15:00Z,2026-08-12T16:15:00+0200,147.71,EUR/MWh,BE,BE,imbalance_price,Short,2026-08-23T11:28:30Z
2026-08-23T11:27:43Z,2026-08-23T13:27:43+0200,aa89dba4-771d-4653-9ac4-44e4858bfe00,2026-08-12T14:30:00Z,2026-08-12T16:30:00+0200,142.81,EUR/MWh,BE,BE,imbalance_price,Long,2026-08-23T11:28:30Z
2026-08-23T11:27:43Z,2026-08-23T13:27:43+0200,aa89dba4-771d-4653-9ac4-44e4858bfe00,2026-08-12T14:30:00Z,2026-08-12T16:30:00+0200,142.81,EUR/MWh,BE,BE,imbalance_price,Short,2026-08-23T11:28:30Z
2026-08-23T11:27:43Z,2026-08-23T13:27:43+0200,aa89dba4-771d-4653-9ac4-44e4858bfe00,2026-08-12T14:45:00Z,2026-08-12T16:45:00+0200,143.67,EUR/MWh,BE,BE,imbalance_price,Long,2026-08-23T11:28:30Z
2026-08-23T11:27:43Z,2026-08-23T13:27:43+0200,aa89dba4-771d-4653-9ac4-44e4858bfe00,2026-08-12T14:45:00Z,2026-08-12T16:45:00+0200,143.67,EUR/MWh,BE,BE,imbalance_price,Short,2026-08-23T11:28:30Z
2026-08-23T11:27:43Z,2026-08-23T13:27:43+0200,aa89dba4-771d-4653-9ac4-44e4858bfe00,2026-08-12T15:00:00Z,2026-08-12T17:00:00+0200,94.19,EUR/MWh,BE,BE,imbalance_price,Long,2026-08-23T11:28:30Z
2026-08-23T11:27:43Z,2026-08-23T13:27:43+0200,aa89dba4-771d-4653-9ac4-44e4858bfe00,2026-08-12T15:00:00Z,2026-08-12T17:00:00+0200,94.19,EUR/MWh,BE,BE,imbalance_price,Short,2026-08-23T11:28:30Z
2026-08-23T11:27:43Z,2026-08-23T13:27:43+0200,aa89dba4-771d-4653-9ac4-44e4858bfe00,2026-08-12T15:15:00Z,2026-08-12T17:15:00+0200,134.34,EUR/MWh,BE,BE,imbalance_price,Long,2026-08-23T11:28:30Z
2026-08-23T11:27:43Z,2026-08-23T13:27:43+0200,aa89dba4-771d-4653-9ac4-44e4858bfe00,2026-08-12T15:15:00Z,2026-08-12T17:15:00+0200,134.34,EUR/MWh,BE,BE,imbalance_price,Short,2026-08-23T11:28:30Z
2026-08-23T11:27:43Z,2026-08-23T13:27:43+0200,aa89dba4-771d-4653-9ac4-44e4858bfe00,2026-08-12T15:30:00Z,2026-08-12T17:30:00+0200,148.49,EUR/MWh,BE,BE,imbalance_price,Long,2026-08-23T11:28:30Z
2026-08-23T11:27:43Z,2026-08-23T13:27:43+0200,aa89dba4-771d-4653-9ac4-44e4858bfe00,2026-08-12T15:30:00Z,2026-08-12T17:30:00+0200,148.49,EUR/MWh,BE,BE,imbalance_price,Short,2026-08-23T11:28:30Z
2026-08-23T11:27:43Z,2026-08-23T13:27:43+0200,aa89dba4-771d-4653-9ac4-44e4858bfe00,2026-08-12T15:45:00Z,2026-08-12T17:45:00+0200,144.92,EUR/MWh,BE,BE,imbalance_price,Long,2026-08-23T11:28:30Z
2026-08-23T11:27:43Z,2026-08-23T13:27:43+0200,aa89dba4-771d-4653-9ac4-44e4858bfe00,2026-08-12T15:45:00Z,2026-08-12T17:45:00+0200,144.92,EUR/MWh,BE,BE,imbalance_price,Short,2026-08-23T11:28:30Z
2026-08-23T11:27:43Z,2026-08-23T13:27:43+0200,aa89dba4-771d-4653-9ac4-44e4858bfe00,2026-08-12T16:00:00Z,2026-08-12T18:00:00+0200,122.89,EUR/MWh,BE,BE,imbalance_price,Long,2026-08-23T11:28:30Z
2026-08-23T11:27:43Z,2026-08-23T13:27:43+0200,aa89dba4-771d-4653-9ac4-44e4858bfe00,2026-08-12T16:00:00Z,2026-08-12T18:00:00+0200,122.89,EUR/MWh,BE,BE,imbalance_price,Short,2026-08-23T11:28:30Z
2026-08-23T11:27:43Z,2026-08-23T13:27:43+0200,aa89dba4-771d-4653-9ac4-44e4858bfe00,2026-08-12T16:15:00Z,2026-08-12T18:15:00+0200,118.53,EUR/MWh,BE,BE,imbalance_price,Long,2026-08-23T11:28:30Z
2026-08-23T11:27:43Z,2026-08-23T13:27:43+0200,aa89dba4-771d-4653-9ac4-44e4858bfe00,2026-08-12T16:15:00Z,2026-08-12T18:15:00+0200,118.53,EUR/MWh,BE,BE,imbalance_price,Short,2026-08-23T11:28:30Z
2026-08-23T11:27:43Z,2026-08-23T13:27:43+0200,aa89dba4-771d-4653-9ac4-44e4858bfe00,2026-08-12T16:30:00Z,2026-08-12T18:30:00+0200,200.0,EUR/MWh,BE,BE,imbalance_price,Long,2026-08-23T11:28:30Z
2026-08-23T11:27:43Z,2026-08-23T13:27:43+0200,aa89dba4-771d-4653-9ac4-44e4858bfe00,2026-08-12T16:30:00Z,2026-08-12T18:30:00+0200,200.0,EUR/MWh,BE,BE,imbalance_price,Short,2026-08-23T11:28:30Z
2026-08-23T11:27:43Z,2026-08-23T13:27:43+0200,aa89dba4-771d-4653-9ac4-44e4858bfe00,2026-08-12T16:45:00Z,2026-08-12T18:45:00+0200,66.18,EUR/MWh,BE,BE,imbalance_price,Long,2026-08-23T11:28:30Z
2026-08-23T11:27:43Z,2026-08-23T13:27:43+0200,aa89dba4-771d-4653-9ac4-44e4858bfe00,2026-08-12T16:45:00Z,2026-08-12T18:45:00+0200,66.18,EUR/MWh,BE,BE,imbalance_price,Short,2026-08-23T11:28:30Z
2026-08-23T11:27:43Z,2026-08-23T13:27:43+0200,aa89dba4-771d-4653-9ac4-44e4858bfe00,2026-08-12T17:00:00Z,2026-08-12T19:00:00+0200,195.95,EUR/MWh,BE,BE,imbalance_price,Long,2026-08-23T11:28:30Z
2026-08-23T11:27:43Z,2026-08-23T13:27:43+0200,aa89dba4-771d-4653-9ac4-44e4858bfe00,2026-08-12T17:00:00Z,2026-08-12T19:00:00+0200,195.95,EUR/MWh,BE,BE,imbalance_price,Short,2026-08-23T11:28:30Z
2026-08-23T11:27:43Z,2026-08-23T13:27:43+0200,aa89dba4-771d-4653-9ac4-44e4858bfe00,2026-08-12T17:15:00Z,2026-08-12T19:15:00+0200,180.41,EUR/MWh,BE,BE,imbalance_price,Long,2026-08-23T11:28:30Z
2026-08-23T11:27:43Z,2026-08-23T13:27:43+0200,aa89dba4-771d-4653-9ac4-44e4858bfe00,2026-08-12T17:15:00Z,2026-08-12T19:15:00+0200,180.41,EUR/MWh,BE,BE,imbalance_price,Short,2026-08-23T11:28:30Z
2026-08-23T11:27:43Z,2026-08-23T13:27:43+0200,aa89dba4-771d-4653-9ac4-44e4858bfe00,2026-08-12T17:30:00Z,2026-08-12T19:30:00+0200,225.0,EUR/MWh,BE,BE,imbalance_price,Long,2026-08-23T11:28:30Z
2026-08-23T11:27:43Z,2026-08-23T13:27:43+0200,aa89dba4-771d-4653-9ac4-44e4858bfe00,2026-08-12T17:30:00Z,2026-08-12T19:30:00+0200,225.0,EUR/MWh,BE,BE,imbalance_price,Short,2026-08-23T11:28:30Z
2026-08-23T11:27:43Z,2026-08-23T13:27:43+0200,aa89dba4-771d-4653-9ac4-44e4858bfe00,2026-08-12T17:45:00Z,2026-08-12T19:45:00+0200,203.94,EUR/MWh,BE,BE,imbalance_price,Long,2026-08-23T11:28:30Z
2026-08-23T11:27:43Z,2026-08-23T13:27:43+0200,aa89dba4-771d-4653-9ac4-44e4858bfe00,2026-08-12T17:45:00Z,2026-08-12T19:45:00+0200,203.94,EUR/MWh,BE,BE,imbalance_price,Short,2026-08-23T11:28:30Z
2026-08-23T11:27:43Z,2026-08-23T13:27:43+0200,aa89dba4-771d-4653-9ac4-44e4858bfe00,2026-08-12T18:00:00Z,2026-08-12T20:00:00+0200,213.48,EUR/MWh,BE,BE,imbalance_price,Long,2026-08-23T11:28:30Z
2026-08-23T11:27:43Z,2026-08-23T13:27:43+0200,aa89dba4-771d-4653-9ac4-44e4858bfe00,2026-08-12T18:00:00Z,2026-08-12T20:00:00+0200,213.48,EUR/MWh,BE,BE,imbalance_price,Short,2026-08-23T11:28:30Z
2026-08-23T11:27:43Z,2026-08-23T13:27:43+0200,aa89dba4-771d-4653-9ac4-44e4858bfe00,2026-08-12T18:15:00Z,2026-08-12T20:15:00+0200,188.24,EUR/MWh,BE,BE,imbalance_price,Long,2026-08-23T11:28:30Z
2026-08-23T11:27:43Z,2026-08-23T13:27:43+0200,aa89dba4-771d-4653-9ac4-44e4858bfe00,2026-08-12T18:15:00Z,2026-08-12T20:15:00+0200,188.24,EUR/MWh,BE,BE,imbalance_price,Short,2026-08-23T11:28:30Z
2026-08-23T11:27:43Z,2026-08-23T13:27:43+0200,aa89dba4-771d-4653-9ac4-44e4858bfe00,2026-08-12T18:30:00Z,2026-08-12T20:30:00+0200,136.03,EUR/MWh,BE,BE,imbalance_price,Long,2026-08-23T11:28:30Z
2026-08-23T11:27:43Z,2026-08-23T13:27:43+0200,aa89dba4-771d-4653-9ac4-44e4858bfe00,2026-08-12T18:30:00Z,2026-08-12T20:30:00+0200,136.03,EUR/MWh,BE,BE,imbalance_price,Short,2026-08-23T11:28:30Z
2026-08-23T11:27:43Z,2026-08-23T13:27:43+0200,aa89dba4-771d-4653-9ac4-44e4858bfe00,2026-08-12T18:45:00Z,2026-08-12T20:45:00+0200,145.16,EUR/MWh,BE,BE,imbalance_price,Long,2026-08-23T11:28:30Z
2026-08-23T11:27:43Z,2026-08-23T13:27:43+0200,aa89dba4-771d-4653-9ac4-44e4858bfe00,2026-08-12T18:45:00Z,2026-08-12T20:45:00+0200,145.16,EUR/MWh,BE,BE,imbalance_price,Short,2026-08-23T11:28:30Z
2026-08-23T11:27:43Z,2026-08-23T13:27:43+0200,aa89dba4-771d-4653-9ac4-44e4858bfe00,2026-08-12T19:00:00Z,2026-08-12T21:00:00+0200,148.81,EUR/MWh,BE,BE,imbalance_price,Long,2026-08-23T11:28:30Z
2026-08-23T11:27:43Z,2026-08-23T13:27:43+0200,aa89dba4-771d-4653-9ac4-44e4858bfe00,2026-08-12T19:00:00Z,2026-08-12T21:00:00+0200,148.81,EUR/MWh,BE,BE,imbalance_price,Short,2026-08-23T11:28:30Z
2026-08-23T11:27:43Z,2026-08-23T13:27:43+0200,aa89dba4-771d-4653-9ac4-44e4858bfe00,2026-08-12T19:15:00Z,2026-08-12T21:15:00+0200,126.46,EUR/MWh,BE,BE,imbalance_price,Long,2026-08-23T11:28:30Z
2026-08-23T11:27:43Z,2026-08-23T13:27:43+0200,aa89dba4-771d-4653-9ac4-44e4858bfe00,2026-08-12T19:15:00Z,2026-08-12T21:15:00+0200,126.46,EUR/MWh,BE,BE,imbalance_price,Short,2026-08-23T11:28:30Z
2026-08-23T11:27:43Z,2026-08-23T13:27:43+0200,aa89dba4-771d-4653-9ac4-44e4858bfe00,2026-08-12T19:30:00Z,2026-08-12T21:30:00+0200,143.64,EUR/MWh,BE,BE,imbalance_price,Long,2026-08-23T11:28:30Z
2026-08-23T11:27:43Z,2026-08-23T13:27:43+0200,aa89dba4-771d-4653-9ac4-44e4858bfe00,2026-08-12T19:30:00Z,2026-08-12T21:30:00+0200,143.64,EUR/MWh,BE,BE,imbalance_price,Short,2026-08-23T11:28:30Z
2026-08-23T11:27:43Z,2026-08-23T13:27:43+0200,aa89dba4-771d-4653-9ac4-44e4858bfe00,2026-08-12T19:45:00Z,2026-08-12T21:45:00+0200,143.8,EUR/MWh,BE,BE,imbalance_price,Long,2026-08-23T11:28:30Z
2026-08-23T11:27:43Z,2026-08-23T13:27:43+0200,aa89dba4-771d-4653-9ac4-44e4858bfe00,2026-08-12T19:45:00Z,2026-08-12T21:45:00+0200,143.8,EUR/MWh,BE,BE,imbalance_price,Short,2026-08-23T11:28:30Z
2026-08-23T11:27:43Z,2026-08-23T13:27:43+0200,aa89dba4-771d-4653-9ac4-44e4858bfe00,2026-08-12T20:00:00Z,2026-08-12T22:00:00+0200,167.0,EUR/MWh,BE,BE,imbalance_price,Long,2026-08-23T11:28:30Z
2026-08-23T11:27:43Z,2026-08-23T13:27:43+0200,aa89dba4-771d-4653-9ac4-44e4858bfe00,2026-08-12T20:00:00Z,2026-08-12T22:00:00+0200,167.0,EUR/MWh,BE,BE,imbalance_price,Short,2026-08-23T11:28:30Z
2026-08-23T11:27:43Z,2026-08-23T13:27:43+0200,aa89dba4-771d-4653-9ac4-44e4858bfe00,2026-08-12T20:15:00Z,2026-08-12T22:15:00+0200,167.0,EUR/MWh,BE,BE,imbalance_price,Long,2026-08-23T11:28:30Z
2026-08-23T11:27:43Z,2026-08-23T13:27:43+0200,aa89dba4-771d-4653-9ac4-44e4858bfe00,2026-08-12T20:15:00Z,2026-08-12T22:15:00+0200,167.0,EUR/MWh,BE,BE,imbalance_price,Short,2026-08-23T11:28:30Z
2026-08-23T11:27:43Z,2026-08-23T13:27:43+0200,aa89dba4-771d-4653-9ac4-44e4858bfe00,2026-08-12T20:30:00Z,2026-08-12T22:30:00+0200,111.03,EUR/MWh,BE,BE,imbalance_price,Long,2026-08-23T11:28:30Z
2026-08-23T11:27:43Z,2026-08-23T13:27:43+0200,aa89dba4-771d-4653-9ac4-44e4858bfe00,2026-08-12T20:30:00Z,2026-08-12T22:30:00+0200,111.03,EUR/MWh,BE,BE,imbalance_price,Short,2026-08-23T11:28:30Z
2026-08-23T11:27:43Z,2026-08-23T13:27:43+0200,aa89dba4-771d-4653-9ac4-44e4858bfe00,2026-08-12T20:45:00Z,2026-08-12T22:45:00+0200,162.21,EUR/MWh,BE,BE,imbalance_price,Long,2026-08-23T11:28:30Z
2026-08-23T11:27:43Z,2026-08-23T13:27:43+0200,aa89dba4-771d-4653-9ac4-44e4858bfe00,2026-08-12T20:45:00Z,2026-08-12T22:45:00+0200,162.21,EUR/MWh,BE,BE,imbalance_price,Short,2026-08-23T11:28:30Z
2026-08-23T11:27:43Z,2026-08-23T13:27:43+0200,aa89dba4-771d-4653-9ac4-44e4858bfe00,2026-08-12T21:00:00Z,2026-08-12T23:00:00+0200,125.47,EUR/MWh,BE,BE,imbalance_price,Long,2026-08-23T11:28:30Z
2026-08-23T11:27:43Z,2026-08-23T13:27:43+0200,aa89dba4-771d-4653-9ac4-44e4858bfe00,2026-08-12T21:00:00Z,2026-08-12T23:00:00+0200,125.47,EUR/MWh,BE,BE,imbalance_price,Short,2026-08-23T11:28:30Z
2026-08-23T11:27:43Z,2026-08-23T13:27:43+0200,aa89dba4-771d-4653-9ac4-44e4858bfe00,2026-08-12T21:15:00Z,2026-08-12T23:15:00+0200,141.98,EUR/MWh,BE,BE,imbalance_price,Long,2026-08-23T11:28:30Z
2026-08-23T11:27:43Z,2026-08-23T13:27:43+0200,aa89dba4-771d-4653-9ac4-44e4858bfe00,2026-08-12T21:15:00Z,2026-08-12T23:15:00+0200,141.98,EUR/MWh,BE,BE,imbalance_price,Short,2026-08-23T11:28:30Z
2026-08-23T11:27:43Z,2026-08-23T13:27:43+0200,aa89dba4-771d-4653-9ac4-44e4858bfe00,2026-08-12T21:30:00Z,2026-08-12T23:30:00+0200,127.96,EUR/MWh,BE,BE,imbalance_price,Long,2026-08-23T11:28:30Z
2026-08-23T11:27:43Z,2026-08-23T13:27:43+0200,aa89dba4-771d-4653-9ac4-44e4858bfe00,2026-08-12T21:30:00Z,2026-08-12T23:30:00+0200,127.96,EUR/MWh,BE,BE,imbalance_price,Short,2026-08-23T11:28:30Z
2026-08-23T11:27:43Z,2026-08-23T13:27:43+0200,aa89dba4-771d-4653-9ac4-44e4858bfe00,2026-08-12T21:45:00Z,2026-08-12T23:45:00+0200,152.56,EUR/MWh,BE,BE,imbalance_price,Long,2026-08-23T11:28:30Z
2026-08-23T11:27:43Z,2026-08-23T13:27:43+0200,aa89dba4-771d-4653-9ac4-44e4858bfe00,2026-08-12T21:45:00Z,2026-08-12T23:45:00+0200,152.56,EUR/MWh,BE,BE,imbalance_price,Short,2026-08-23T11:28:30Z
2026-08-23T11:27:43Z,2026-08-23T13:27:43+0200,aa89dba4-771d-4653-9ac4-44e4858bfe00,2026-08-12T22:00:00Z,2026-08-13T00:00:00+0200,155.81,EUR/MWh,BE,BE,imbalance_price,Long,2026-08-23T11:28:30Z
2026-08-23T11:27:43Z,2026-08-23T13:27:43+0200,aa89dba4-771d-4653-9ac4-44e4858bfe00,2026-08-12T22:00:00Z,2026-08-13T00:00:00+0200,155.81,EUR/MWh,BE,BE,imbalance_price,Short,2026-08-23T11:28:30Z
2026-08-23T11:27:43Z,2026-08-23T13:27:43+0200,aa89dba4-771d-4653-9ac4-44e4858bfe00,2026-08-12T22:15:00Z,2026-08-13T00:15:00+0200,156.72,EUR/MWh,BE,BE,imbalance_price,Long,2026-08-23T11:28:30Z
2026-08-23T11:27:43Z,2026-08-23T13:27:43+0200,aa89dba4-771d-4653-9ac4-44e4858bfe00,2026-08-12T22:15:00Z,2026-08-13T00:15:00+0200,156.72,EUR/MWh,BE,BE,imbalance_price,Short,2026-08-23T11:28:30Z
2026-08-23T11:27:43Z,2026-08-23T13:27:43+0200,aa89dba4-771d-4653-9ac4-44e4858bfe00,2026-08-12T22:30:00Z,2026-08-13T00:30:00+0200,146.08,EUR/MWh,BE,BE,imbalance_price,Long,2026-08-23T11:28:30Z
2026-08-23T11:27:43Z,2026-08-23T13:27:43+0200,aa89dba4-771d-4653-9ac4-44e4858bfe00,2026-08-12T22:30:00Z,2026-08-13T00:30:00+0200,146.08,EUR/MWh,BE,BE,imbalance_price,Short,2026-08-23T11:28:30Z
2026-08-23T11:27:43Z,2026-08-23T13:27:43+0200,aa89dba4-771d-4653-9ac4-44e4858bfe00,2026-08-12T22:45:00Z,2026-08-13T00:45:00+0200,148.31,EUR/MWh,BE,BE,imbalance_price,Long,2026-08-23T11:28:30Z
2026-08-23T11:27:43Z,2026-08-23T13:27:43+0200,aa89dba4-771d-4653-9ac4-44e4858bfe00,2026-08-12T22:45:00Z,2026-08-13T00:45:00+0200,148.31,EUR/MWh,BE,BE,imbalance_price,Short,2026-08-23T11:28:30Z
2026-08-23T11:27:43Z,2026-08-23T13:27:43+0200,aa89dba4-771d-4653-9ac4-44e4858bfe00,2026-08-12T23:00:00Z,2026-08-13T01:00:00+0200,134.34,EUR/MWh,BE,BE,imbalance_price,Long,2026-08-23T11:28:30Z
2026-08-23T11:27:43Z,2026-08-23T13:27:43+0200,aa89dba4-771d-4653-9ac4-44e4858bfe00,2026-08-12T23:00:00Z,2026-08-13T01:00:00+0200,134.34,EUR/MWh,BE,BE,imbalance_price,Short,2026-08-23T11:28:30Z
2026-08-23T11:27:43Z,2026-08-23T13:27:43+0200,aa89dba4-771d-4653-9ac4-44e4858bfe00,2026-08-12T23:15:00Z,2026-08-13T01:15:00+0200,129.83,EUR/MWh,BE,BE,imbalance_price,Long,2026-08-23T11:28:30Z
2026-08-23T11:27:43Z,2026-08-23T13:27:43+0200,aa89dba4-771d-4653-9ac4-44e4858bfe00,2026-08-12T23:15:00Z,2026-08-13T01:15:00+0200,129.83,EUR/MWh,BE,BE,imbalance_price,Short,2026-08-23T11:28:30Z
2026-08-23T11:27:43Z,2026-08-23T13:27:43+0200,aa89dba4-771d-4653-9ac4-44e4858bfe00,2026-08-12T23:30:00Z,2026-08-13T01:30:00+0200,126.66,EUR/MWh,BE,BE,imbalance_price,Long,2026-08-23T11:28:30Z
2026-08-23T11:27:43Z,2026-08-23T13:27:43+0200,aa89dba4-771d-4653-9ac4-44e4858bfe00,2026-08-12T23:30:00Z,2026-08-13T01:30:00+0200,126.66,EUR/MWh,BE,BE,imbalance_price,Short,2026-08-23T11:28:30Z
2026-08-23T11:27:43Z,2026-08-23T13:27:43+0200,aa89dba4-771d-4653-9ac4-44e4858bfe00,2026-08-12T23:45:00Z,2026-08-13T01:45:00+0200,148.64,EUR/MWh,BE,BE,imbalance_price,Long,2026-08-23T11:28:30Z
2026-08-23T11:27:43Z,2026-08-23T13:27:43+0200,aa89dba4-771d-4653-9ac4-44e4858bfe00,2026-08-12T23:45:00Z,2026-08-13T01:45:00+0200,148.64,EUR/MWh,BE,BE,imbalance_price,Short,2026-08-23T11:28:30Z
2026-08-23T11:27:43Z,2026-08-23T13:27:43+0200,aa89dba4-771d-4653-9ac4-44e4858bfe00,2026-08-13T00:00:00Z,2026-08-13T02:00:00+0200,150.16,EUR/MWh,BE,BE,imbalance_price,Long,2026-08-23T11:28:30Z
2026-08-23T11:27:43Z,2026-08-23T13:27:43+0200,aa89dba4-771d-4653-9ac4-44e4858bfe00,2026-08-13T00:00:00Z,2026-08-13T02:00:00+0200,150.16,EUR/MWh,BE,BE,imbalance_price,Short,2026-08-23T11:28:30Z
2026-08-23T11:27:43Z,2026-08-23T13:27:43+0200,aa89dba4-771d-4653-9ac4-44e4858bfe00,2026-08-13T00:15:00Z,2026-08-13T02:15:00+0200,150.29,EUR/MWh,BE,BE,imbalance_price,Long,2026-08-23T11:28:30Z
2026-08-23T11:27:43Z,2026-08-23T13:27:43+0200,aa89dba4-771d-4653-9ac4-44e4858bfe00,2026-08-13T00:15:00Z,2026-08-13T02:15:00+0200,150.29,EUR/MWh,BE,BE,imbalance_price,Short,2026-08-23T11:28:30Z
2026-08-23T11:27:43Z,2026-08-23T13:27:43+0200,aa89dba4-771d-4653-9ac4-44e4858bfe00,2026-08-13T00:30:00Z,2026-08-13T02:30:00+0200,147.44,EUR/MWh,BE,BE,imbalance_price,Long,2026-08-23T11:28:30Z
2026-08-23T11:27:43Z,2026-08-23T13:27:43+0200,aa89dba4-771d-4653-9ac4-44e4858bfe00,2026-08-13T00:30:00Z,2026-08-13T02:30:00+0200,147.44,EUR/MWh,BE,BE,imbalance_price,Short,2026-08-23T11:28:30Z
2026-08-23T11:27:43Z,2026-08-23T13:27:43+0200,aa89dba4-771d-4653-9ac4-44e4858bfe00,2026-08-13T00:45:00Z,2026-08-13T02:45:00+0200,147.72,EUR/MWh,BE,BE,imbalance_price,Long,2026-08-23T11:28:30Z
2026-08-23T11:27:43Z,2026-08-23T13:27:43+0200,aa89dba4-771d-4653-9ac4-44e4858bfe00,2026-08-13T00:45:00Z,2026-08-13T02:45:00+0200,147.72,EUR/MWh,BE,BE,imbalance_price,Short,2026-08-23T11:28:30Z
2026-08-23T11:27:43Z,2026-08-23T13:27:43+0200,aa89dba4-771d-4653-9ac4-44e4858bfe00,2026-08-13T01:00:00Z,2026-08-13T03:00:00+0200,160.96,EUR/MWh,BE,BE,imbalance_price,Long,2026-08-23T11:28:30Z
2026-08-23T11:27:43Z,2026-08-23T13:27:43+0200,aa89dba4-771d-4653-9ac4-44e4858bfe00,2026-08-13T01:00:00Z,2026-08-13T03:00:00+0200,160.96,EUR/MWh,BE,BE,imbalance_price,Short,2026-08-23T11:28:30Z
2026-08-23T11:27:43Z,2026-08-23T13:27:43+0200,aa89dba4-771d-4653-9ac4-44e4858bfe00,2026-08-13T01:15:00Z,2026-08-13T03:15:00+0200,155.35,EUR/MWh,BE,BE,imbalance_price,Long,2026-08-23T11:28:30Z
2026-08-23T11:27:43Z,2026-08-23T13:27:43+0200,aa89dba4-771d-4653-9ac4-44e4858bfe00,2026-08-13T01:15:00Z,2026-08-13T03:15:00+0200,155.35,EUR/MWh,BE,BE,imbalance_price,Short,2026-08-23T11:28:30Z
2026-08-23T11:27:43Z,2026-08-23T13:27:43+0200,aa89dba4-771d-4653-9ac4-44e4858bfe00,2026-08-13T01:30:00Z,2026-08-13T03:30:00+0200,142.95,EUR/MWh,BE,BE,imbalance_price,Long,2026-08-23T11:28:30Z
2026-08-23T11:27:43Z,2026-08-23T13:27:43+0200,aa89dba4-771d-4653-9ac4-44e4858bfe00,2026-08-13T01:30:00Z,2026-08-13T03:30:00+0200,142.95,EUR/MWh,BE,BE,imbalance_price,Short,2026-08-23T11:28:30Z
2026-08-23T11:27:43Z,2026-08-23T13:27:43+0200,aa89dba4-771d-4653-9ac4-44e4858bfe00,2026-08-13T01:45:00Z,2026-08-13T03:45:00+0200,145.69,EUR/MWh,BE,BE,imbalance_price,Long,2026-08-23T11:28:30Z
2026-08-23T11:27:43Z,2026-08-23T13:27:43+0200,aa89dba4-771d-4653-9ac4-44e4858bfe00,2026-08-13T01:45:00Z,2026-08-13T03:45:00+0200,145.69,EUR/MWh,BE,BE,imbalance_price,Short,2026-08-23T11:28:30Z
2026-08-23T11:27:43Z,2026-08-23T13:27:43+0200,aa89dba4-771d-4653-9ac4-44e4858bfe00,2026-08-13T02:00:00Z,2026-08-13T04:00:00+0200,167.91,EUR/MWh,BE,BE,imbalance_price,Long,2026-08-23T11:28:30Z
2026-08-23T11:27:43Z,2026-08-23T13:27:43+0200,aa89dba4-771d-4653-9ac4-44e4858bfe00,2026-08-13T02:00:00Z,2026-08-13T04:00:00+0200,167.91,EUR/MWh,BE,BE,imbalance_price,Short,2026-08-23T11:28:30Z
2026-08-23T11:27:43Z,2026-08-23T13:27:43+0200,aa89dba4-771d-4653-9ac4-44e4858bfe00,2026-08-13T02:15:00Z,2026-08-13T04:15:00+0200,140.86,EUR/MWh,BE,BE,imbalance_price,Long,2026-08-23T11:28:30Z
2026-08-23T11:27:43Z,2026-08-23T13:27:43+0200,aa89dba4-771d-4653-9ac4-44e4858bfe00,2026-08-13T02:15:00Z,2026-08-13T04:15:00+0200,140.86,EUR/MWh,BE,BE,imbalance_price,Short,2026-08-23T11:28:30Z
2026-08-23T11:27:43Z,2026-08-23T13:27:43+0200,aa89dba4-771d-4653-9ac4-44e4858bfe00,2026-08-13T02:30:00Z,2026-08-13T04:30:00+0200,129.85,EUR/MWh,BE,BE,imbalance_price,Long,2026-08-23T11:28:30Z
2026-08-23T11:27:43Z,2026-08-23T13:27:43+0200,aa89dba4-771d-4653-9ac4-44e4858bfe00,2026-08-13T02:30:00Z,2026-08-13T04:30:00+0200,129.85,EUR/MWh,BE,BE,imbalance_price,Short,2026-08-23T11:28:30Z
2026-08-23T11:27:43Z,2026-08-23T13:27:43+0200,aa89dba4-771d-4653-9ac4-44e4858bfe00,2026-08-13T02:45:00Z,2026-08-13T04:45:00+0200,125.47,EUR/MWh,BE,BE,imbalance_price,Long,2026-08-23T11:28:30Z
2026-08-23T11:27:43Z,2026-08-23T13:27:43+0200,aa89dba4-771d-4653-9ac4-44e4858bfe00,2026-08-13T02:45:00Z,2026-08-13T04:45:00+0200,125.47,EUR/MWh,BE,BE,imbalance_price,Short,2026-08-23T11:28:30Z
2026-08-23T11:27:43Z,2026-08-23T13:27:43+0200,aa89dba4-771d-4653-9ac4-44e4858bfe00,2026-08-13T03:00:00Z,2026-08-13T05:00:00+0200,145.18,EUR/MWh,BE,BE,imbalance_price,Long,2026-08-23T11:28:30Z
2026-08-23T11:27:43Z,2026-08-23T13:27:43+0200,aa89dba4-771d-4653-9ac4-44e4858bfe00,2026-08-13T03:00:00Z,2026-08-13T05:00:00+0200,145.18,EUR/MWh,BE,BE,imbalance_price,Short,2026-08-23T11:28:30Z
2026-08-23T11:27:43Z,2026-08-23T13:27:43+0200,aa89dba4-771d-4653-9ac4-44e4858bfe00,2026-08-13T03:15:00Z,2026-08-13T05:15:00+0200,144.09,EUR/MWh,BE,BE,imbalance_price,Long,2026-08-23T11:28:30Z
2026-08-23T11:27:43Z,2026-08-23T13:27:43+0200,aa89dba4-771d-4653-9ac4-44e4858bfe00,2026-08-13T03:15:00Z,2026-08-13T05:15:00+0200,144.09,EUR/MWh,BE,BE,imbalance_price,Short,2026-08-23T11:28:30Z
2026-08-23T11:27:43Z,2026-08-23T13:27:43+0200,aa89dba4-771d-4653-9ac4-44e4858bfe00,2026-08-13T03:30:00Z,2026-08-13T05:30:00+0200,149.57,EUR/MWh,BE,BE,imbalance_price,Long,2026-08-23T11:28:30Z
2026-08-23T11:27:43Z,2026-08-23T13:27:43+0200,aa89dba4-771d-4653-9ac4-44e4858bfe00,2026-08-13T03:30:00Z,2026-08-13T05:30:00+0200,149.57,EUR/MWh,BE,BE,imbalance_price,Short,2026-08-23T11:28:30Z
2026-08-23T11:27:43Z,2026-08-23T13:27:43+0200,aa89dba4-771d-4653-9ac4-44e4858bfe00,2026-08-13T03:45:00Z,2026-08-13T05:45:00+0200,149.54,EUR/MWh,BE,BE,imbalance_price,Long,2026-08-23T11:28:30Z
2026-08-23T11:27:43Z,2026-08-23T13:27:43+0200,aa89dba4-771d-4653-9ac4-44e4858bfe00,2026-08-13T03:45:00Z,2026-08-13T05:45:00+0200,149.54,EUR/MWh,BE,BE,imbalance_price,Short,2026-08-23T11:28:30Z
2026-08-23T11:27:43Z,2026-08-23T13:27:43+0200,aa89dba4-771d-4653-9ac4-44e4858bfe00,2026-08-13T04:00:00Z,2026-08-13T06:00:00+0200,166.79,EUR/MWh,BE,BE,imbalance_price,Long,2026-08-23T11:28:30Z
2026-08-23T11:27:43Z,2026-08-23T13:27:43+0200,aa89dba4-771d-4653-9ac4-44e4858bfe00,2026-08-13T04:00:00Z,2026-08-13T06:00:00+0200,166.79,EUR/MWh,BE,BE,imbalance_price,Short,2026-08-23T11:28:30Z
2026-08-23T11:27:43Z,2026-08-23T13:27:43+0200,aa89dba4-771d-4653-9ac4-44e4858bfe00,2026-08-13T04:15:00Z,2026-08-13T06:15:00+0200,154.11,EUR/MWh,BE,BE,imbalance_price,Long,2026-08-23T11:28:30Z
2026-08-23T11:27:43Z,2026-08-23T13:27:43+0200,aa89dba4-771d-4653-9ac4-44e4858bfe00,2026-08-13T04:15:00Z,2026-08-13T06:15:00+0200,154.11,EUR/MWh,BE,BE,imbalance_price,Short,2026-08-23T11:28:30Z
2026-08-23T11:27:43Z,2026-08-23T13:27:43+0200,aa89dba4-771d-4653-9ac4-44e4858bfe00,2026-08-13T04:30:00Z,2026-08-13T06:30:00+0200,137.29,EUR/MWh,BE,BE,imbalance_price,Long,2026-08-23T11:28:30Z
2026-08-23T11:27:43Z,2026-08-23T13:27:43+0200,aa89dba4-771d-4653-9ac4-44e4858bfe00,2026-08-13T04:30:00Z,2026-08-13T06:30:00+0200,137.29,EUR/MWh,BE,BE,imbalance_price,Short,2026-08-23T11:28:30Z
2026-08-23T11:27:43Z,2026-08-23T13:27:43+0200,aa89dba4-771d-4653-9ac4-44e4858bfe00,2026-08-13T04:45:00Z,2026-08-13T06:45:00+0200,152.82,EUR/MWh,BE,BE,imbalance_price,Long,2026-08-23T11:28:30Z
2026-08-23T11:27:43Z,2026-08-23T13:27:43+0200,aa89dba4-771d-4653-9ac4-44e4858bfe00,2026-08-13T04:45:00Z,2026-08-13T06:45:00+0200,152.82,EUR/MWh,BE,BE,imbalance_price,Short,2026-08-23T11:28:30Z
2026-08-23T11:27:43Z,2026-08-23T13:27:43+0200,aa89dba4-771d-4653-9ac4-44e4858bfe00,2026-08-13T05:00:00Z,2026-08-13T07:00:00+0200,157.86,EUR/MWh,BE,BE,imbalance_price,Long,2026-08-23T11:28:30Z
2026-08-23T11:27:43Z,2026-08-23T13:27:43+0200,aa89dba4-771d-4653-9ac4-44e4858bfe00,2026-08-13T05:00:00Z,2026-08-13T07:00:00+0200,157.86,EUR/MWh,BE,BE,imbalance_price,Short,2026-08-23T11:28:30Z
2026-08-23T11:27:43Z,2026-08-23T13:27:43+0200,aa89dba4-771d-4653-9ac4-44e4858bfe00,2026-08-13T05:15:00Z,2026-08-13T07:15:00+0200,148.83,EUR/MWh,BE,BE,imbalance_price,Long,2026-08-23T11:28:30Z
2026-08-23T11:27:43Z,2026-08-23T13:27:43+0200,aa89dba4-771d-4653-9ac4-44e4858bfe00,2026-08-13T05:15:00Z,2026-08-13T07:15:00+0200,148.83,EUR/MWh,BE,BE,imbalance_price,Short,2026-08-23T11:28:30Z
2026-08-23T11:27:43Z,2026-08-23T13:27:43+0200,aa89dba4-771d-4653-9ac4-44e4858bfe00,2026-08-13T05:30:00Z,2026-08-13T07:30:00+0200,157.62,EUR/MWh,BE,BE,imbalance_price,Long,2026-08-23T11:28:30Z
2026-08-23T11:27:43Z,2026-08-23T13:27:43+0200,aa89dba4-771d-4653-9ac4-44e4858bfe00,2026-08-13T05:30:00Z,2026-08-13T07:30:00+0200,157.62,EUR/MWh,BE,BE,imbalance_price,Short,2026-08-23T11:28:30Z
2026-08-23T11:27:43Z,2026-08-23T13:27:43+0200,aa89dba4-771d-4653-9ac4-44e4858bfe00,2026-08-13T05:45:00Z,2026-08-13T07:45:00+0200,147.16,EUR/MWh,BE,BE,imbalance_price,Long,2026-08-23T11:28:30Z
2026-08-23T11:27:43Z,2026-08-23T13:27:43+0200,aa89dba4-771d-4653-9ac4-44e4858bfe00,2026-08-13T05:45:00Z,2026-08-13T07:45:00+0200,147.16,EUR/MWh,BE,BE,imbalance_price,Short,2026-08-23T11:28:30Z
2026-08-23T11:27:43Z,2026-08-23T13:27:43+0200,aa89dba4-771d-4653-9ac4-44e4858bfe00,2026-08-13T06:00:00Z,2026-08-13T08:00:00+0200,172.01,EUR/MWh,BE,BE,imbalance_price,Long,2026-08-23T11:28:30Z
2026-08-23T11:27:43Z,2026-08-23T13:27:43+0200,aa89dba4-771d-4653-9ac4-44e4858bfe00,2026-08-13T06:00:00Z,2026-08-13T08:00:00+0200,172.01,EUR/MWh,BE,BE,imbalance_price,Short,2026-08-23T11:28:30Z
2026-08-23T11:27:43Z,2026-08-23T13:27:43+0200,aa89dba4-771d-4653-9ac4-44e4858bfe00,2026-08-13T06:15:00Z,2026-08-13T08:15:00+0200,163.3,EUR/MWh,BE,BE,imbalance_price,Long,2026-08-23T11:28:30Z
2026-08-23T11:27:43Z,2026-08-23T13:27:43+0200,aa89dba4-771d-4653-9ac4-44e4858bfe00,2026-08-13T06:15:00Z,2026-08-13T08:15:00+0200,163.3,EUR/MWh,BE,BE,imbalance_price,Short,2026-08-23T11:28:30Z
2026-08-23T11:27:43Z,2026-08-23T13:27:43+0200,aa89dba4-771d-4653-9ac4-44e4858bfe00,2026-08-13T06:30:00Z,2026-08-13T08:30:00+0200,123.53,EUR/MWh,BE,BE,imbalance_price,Long,2026-08-23T11:28:30Z
2026-08-23T11:27:43Z,2026-08-23T13:27:43+0200,aa89dba4-771d-4653-9ac4-44e4858bfe00,2026-08-13T06:30:00Z,2026-08-13T08:30:00+0200,123.53,EUR/MWh,BE,BE,imbalance_price,Short,2026-08-23T11:28:30Z
2026-08-23T11:27:43Z,2026-08-23T13:27:43+0200,aa89dba4-771d-4653-9ac4-44e4858bfe00,2026-08-13T06:45:00Z,2026-08-13T08:45:00+0200,144.8,EUR/MWh,BE,BE,imbalance_price,Long,2026-08-23T11:28:30Z
2026-08-23T11:27:43Z,2026-08-23T13:27:43+0200,aa89dba4-771d-4653-9ac4-44e4858bfe00,2026-08-13T06:45:00Z,2026-08-13T08:45:00+0200,144.8,EUR/MWh,BE,BE,imbalance_price,Short,2026-08-23T11:28:30Z
2026-08-23T11:27:43Z,2026-08-23T13:27:43+0200,aa89dba4-771d-4653-9ac4-44e4858bfe00,2026-08-13T07:00:00Z,2026-08-13T09:00:00+0200,126.2,EUR/MWh,BE,BE,imbalance_price,Long,2026-08-23T11:28:30Z
2026-08-23T11:27:43Z,2026-08-23T13:27:43+0200,aa89dba4-771d-4653-9ac4-44e4858bfe00,2026-08-13T07:00:00Z,2026-08-13T09:00:00+0200,126.2,EUR/MWh,BE,BE,imbalance_price,Short,2026-08-23T11:28:30Z
2026-08-23T11:27:43Z,2026-08-23T13:27:43+0200,aa89dba4-771d-4653-9ac4-44e4858bfe00,2026-08-13T07:15:00Z,2026-08-13T09:15:00+0200,117.6,EUR/MWh,BE,BE,imbalance_price,Long,2026-08-23T11:28:30Z
2026-08-23T11:27:43Z,2026-08-23T13:27:43+0200,aa89dba4-771d-4653-9ac4-44e4858bfe00,2026-08-13T07:15:00Z,2026-08-13T09:15:00+0200,117.6,EUR/MWh,BE,BE,imbalance_price,Short,2026-08-23T11:28:30Z
2026-08-23T11:27:43Z,2026-08-23T13:27:43+0200,aa89dba4-771d-4653-9ac4-44e4858bfe00,2026-08-13T07:30:00Z,2026-08-13T09:30:00+0200,110.88,EUR/MWh,BE,BE,imbalance_price,Long,2026-08-23T11:28:30Z
2026-08-23T11:27:43Z,2026-08-23T13:27:43+0200,aa89dba4-771d-4653-9ac4-44e4858bfe00,2026-08-13T07:30:00Z,2026-08-13T09:30:00+0200,110.88,EUR/MWh,BE,BE,imbalance_price,Short,2026-08-23T11:28:30Z
2026-08-23T11:27:43Z,2026-08-23T13:27:43+0200,aa89dba4-771d-4653-9ac4-44e4858bfe00,2026-08-13T07:45:00Z,2026-08-13T09:45:00+0200,128.17,EUR/MWh,BE,BE,imbalance_price,Long,2026-08-23T11:28:30Z
2026-08-23T11:27:43Z,2026-08-23T13:27:43+0200,aa89dba4-771d-4653-9ac4-44e4858bfe00,2026-08-13T07:45:00Z,2026-08-13T09:45:00+0200,128.17,EUR/MWh,BE,BE,imbalance_price,Short,2026-08-23T11:28:30Z
2026-08-23T11:27:43Z,2026-08-23T13:27:43+0200,aa89dba4-771d-4653-9ac4-44e4858bfe00,2026-08-13T08:00:00Z,2026-08-13T10:00:00+0200,174.51,EUR/MWh,BE,BE,imbalance_price,Long,2026-08-23T11:28:30Z
2026-08-23T11:27:43Z,2026-08-23T13:27:43+0200,aa89dba4-771d-4653-9ac4-44e4858bfe00,2026-08-13T08:00:00Z,2026-08-13T10:00:00+0200,174.51,EUR/MWh,BE,BE,imbalance_price,Short,2026-08-23T11:28:30Z
2026-08-23T11:27:43Z,2026-08-23T13:27:43+0200,aa89dba4-771d-4653-9ac4-44e4858bfe00,2026-08-13T08:15:00Z,2026-08-13T10:15:00+0200,146.88,EUR/MWh,BE,BE,imbalance_price,Long,2026-08-23T11:28:30Z
2026-08-23T11:27:43Z,2026-08-23T13:27:43+0200,aa89dba4-771d-4653-9ac4-44e4858bfe00,2026-08-13T08:15:00Z,2026-08-13T10:15:00+0200,146.88,EUR/MWh,BE,BE,imbalance_price,Short,2026-08-23T11:28:30Z
2026-08-23T11:27:43Z,2026-08-23T13:27:43+0200,aa89dba4-771d-4653-9ac4-44e4858bfe00,2026-08-13T08:30:00Z,2026-08-13T10:30:00+0200,85.37,EUR/MWh,BE,BE,imbalance_price,Long,2026-08-23T11:28:30Z
2026-08-23T11:27:43Z,2026-08-23T13:27:43+0200,aa89dba4-771d-4653-9ac4-44e4858bfe00,2026-08-13T08:30:00Z,2026-08-13T10:30:00+0200,85.37,EUR/MWh,BE,BE,imbalance_price,Short,2026-08-23T11:28:30Z
2026-08-23T11:27:43Z,2026-08-23T13:27:43+0200,aa89dba4-771d-4653-9ac4-44e4858bfe00,2026-08-13T08:45:00Z,2026-08-13T10:45:00+0200,84.87,EUR/MWh,BE,BE,imbalance_price,Long,2026-08-23T11:28:30Z
2026-08-23T11:27:43Z,2026-08-23T13:27:43+0200,aa89dba4-771d-4653-9ac4-44e4858bfe00,2026-08-13T08:45:00Z,2026-08-13T10:45:00+0200,84.87,EUR/MWh,BE,BE,imbalance_price,Short,2026-08-23T11:28:30Z
2026-08-23T11:27:43Z,2026-08-23T13:27:43+0200,aa89dba4-771d-4653-9ac4-44e4858bfe00,2026-08-13T09:00:00Z,2026-08-13T11:00:00+0200,84.74,EUR/MWh,BE,BE,imbalance_price,Long,2026-08-23T11:28:30Z
2026-08-23T11:27:43Z,2026-08-23T13:27:43+0200,aa89dba4-771d-4653-9ac4-44e4858bfe00,2026-08-13T09:00:00Z,2026-08-13T11:00:00+0200,84.74,EUR/MWh,BE,BE,imbalance_price,Short,2026-08-23T11:28:30Z
2026-08-23T11:27:43Z,2026-08-23T13:27:43+0200,aa89dba4-771d-4653-9ac4-44e4858bfe00,2026-08-13T09:15:00Z,2026-08-13T11:15:00+0200,87.22,EUR/MWh,BE,BE,imbalance_price,Long,2026-08-23T11:28:30Z
2026-08-23T11:27:43Z,2026-08-23T13:27:43+0200,aa89dba4-771d-4653-9ac4-44e4858bfe00,2026-08-13T09:15:00Z,2026-08-13T11:15:00+0200,87.22,EUR/MWh,BE,BE,imbalance_price,Short,2026-08-23T11:28:30Z
2026-08-23T11:27:43Z,2026-08-23T13:27:43+0200,aa89dba4-771d-4653-9ac4-44e4858bfe00,2026-08-13T09:30:00Z,2026-08-13T11:30:00+0200,84.74,EUR/MWh,BE,BE,imbalance_price,Long,2026-08-23T11:28:30Z
2026-08-23T11:27:43Z,2026-08-23T13:27:43+0200,aa89dba4-771d-4653-9ac4-44e4858bfe00,2026-08-13T09:30:00Z,2026-08-13T11:30:00+0200,84.74,EUR/MWh,BE,BE,imbalance_price,Short,2026-08-23T11:28:30Z
2026-08-23T11:27:43Z,2026-08-23T13:27:43+0200,aa89dba4-771d-4653-9ac4-44e4858bfe00,2026-08-13T09:45:00Z,2026-08-13T11:45:00+0200,84.74,EUR/MWh,BE,BE,imbalance_price,Long,2026-08-23T11:28:30Z
2026-08-23T11:27:43Z,2026-08-23T13:27:43+0200,aa89dba4-771d-4653-9ac4-44e4858bfe00,2026-08-13T09:45:00Z,2026-08-13T11:45:00+0200,84.74,EUR/MWh,BE,BE,imbalance_price,Short,2026-08-23T11:28:30Z
2026-08-23T11:27:43Z,2026-08-23T13:27:43+0200,aa89dba4-771d-4653-9ac4-44e4858bfe00,2026-08-13T10:00:00Z,2026-08-13T12:00:00+0200,82.63,EUR/MWh,BE,BE,imbalance_price,Long,2026-08-23T11:28:30Z
2026-08-23T11:27:43Z,2026-08-23T13:27:43+0200,aa89dba4-771d-4653-9ac4-44e4858bfe00,2026-08-13T10:00:00Z,2026-08-13T12:00:00+0200,82.63,EUR/MWh,BE,BE,imbalance_price,Short,2026-08-23T11:28:30Z
2026-08-23T11:27:43Z,2026-08-23T13:27:43+0200,aa89dba4-771d-4653-9ac4-44e4858bfe00,2026-08-13T10:15:00Z,2026-08-13T12:15:00+0200,82.63,EUR/MWh,BE,BE,imbalance_price,Long,2026-08-23T11:28:30Z
2026-08-23T11:27:43Z,2026-08-23T13:27:43+0200,aa89dba4-771d-4653-9ac4-44e4858bfe00,2026-08-13T10:15:00Z,2026-08-13T12:15:00+0200,82.63,EUR/MWh,BE,BE,imbalance_price,Short,2026-08-23T11:28:30Z
2026-08-23T11:27:43Z,2026-08-23T13:27:43+0200,aa89dba4-771d-4653-9ac4-44e4858bfe00,2026-08-13T10:30:00Z,2026-08-13T12:30:00+0200,48.3,EUR/MWh,BE,BE,imbalance_price,Long,2026-08-23T11:28:30Z
2026-08-23T11:27:43Z,2026-08-23T13:27:43+0200,aa89dba4-771d-4653-9ac4-44e4858bfe00,2026-08-13T10:30:00Z,2026-08-13T12:30:00+0200,48.3,EUR/MWh,BE,BE,imbalance_price,Short,2026-08-23T11:28:30Z
2026-08-23T11:27:43Z,2026-08-23T13:27:43+0200,aa89dba4-771d-4653-9ac4-44e4858bfe00,2026-08-13T10:45:00Z,2026-08-13T12:45:00+0200,55.18,EUR/MWh,BE,BE,imbalance_price,Long,2026-08-23T11:28:30Z
2026-08-23T11:27:43Z,2026-08-23T13:27:43+0200,aa89dba4-771d-4653-9ac4-44e4858bfe00,2026-08-13T10:45:00Z,2026-08-13T12:45:00+0200,55.18,EUR/MWh,BE,BE,imbalance_price,Short,2026-08-23T11:28:30Z
2026-08-23T11:27:43Z,2026-08-23T13:27:43+0200,aa89dba4-771d-4653-9ac4-44e4858bfe00,2026-08-13T11:00:00Z,2026-08-13T13:00:00+0200,57.64,EUR/MWh,BE,BE,imbalance_price,Long,2026-08-23T11:28:30Z
2026-08-23T11:27:43Z,2026-08-23T13:27:43+0200,aa89dba4-771d-4653-9ac4-44e4858bfe00,2026-08-13T11:00:00Z,2026-08-13T13:00:00+0200,57.64,EUR/MWh,BE,BE,imbalance_price,Short,2026-08-23T11:28:30Z
2026-08-23T11:27:43Z,2026-08-23T13:27:43+0200,aa89dba4-771d-4653-9ac4-44e4858bfe00,2026-08-13T11:15:00Z,2026-08-13T13:15:00+0200,11.95,EUR/MWh,BE,BE,imbalance_price,Long,2026-08-23T11:28:30Z
2026-08-23T11:27:43Z,2026-08-23T13:27:43+0200,aa89dba4-771d-4653-9ac4-44e4858bfe00,2026-08-13T11:15:00Z,2026-08-13T13:15:00+0200,11.95,EUR/MWh,BE,BE,imbalance_price,Short,2026-08-23T11:28:30Z
2026-08-23T11:27:43Z,2026-08-23T13:27:43+0200,aa89dba4-771d-4653-9ac4-44e4858bfe00,2026-08-13T11:30:00Z,2026-08-13T13:30:00+0200,22.48,EUR/MWh,BE,BE,imbalance_price,Long,2026-08-23T11:28:30Z
2026-08-23T11:27:43Z,2026-08-23T13:27:43+0200,aa89dba4-771d-4653-9ac4-44e4858bfe00,2026-08-13T11:30:00Z,2026-08-13T13:30:00+0200,22.48,EUR/MWh,BE,BE,imbalance_price,Short,2026-08-23T11:28:30Z
2026-08-23T11:27:43Z,2026-08-23T13:27:43+0200,aa89dba4-771d-4653-9ac4-44e4858bfe00,2026-08-13T11:45:00Z,2026-08-13T13:45:00+0200,25.95,EUR/MWh,BE,BE,imbalance_price,Long,2026-08-23T11:28:30Z
2026-08-23T11:27:43Z,2026-08-23T13:27:43+0200,aa89dba4-771d-4653-9ac4-44e4858bfe00,2026-08-13T11:45:00Z,2026-08-13T13:45:00+0200,25.95,EUR/MWh,BE,BE,imbalance_price,Short,2026-08-23T11:28:30Z
2026-08-23T11:27:43Z,2026-08-23T13:27:43+0200,aa89dba4-771d-4653-9ac4-44e4858bfe00,2026-08-13T12:00:00Z,2026-08-13T14:00:00+0200,62.0,EUR/MWh,BE,BE,imbalance_price,Long,2026-08-23T11:28:30Z
2026-08-23T11:27:43Z,2026-08-23T13:27:43+0200,aa89dba4-771d-4653-9ac4-44e4858bfe00,2026-08-13T12:00:00Z,2026-08-13T14:00:00+0200,62.0,EUR/MWh,BE,BE,imbalance_price,Short,2026-08-23T11:28:30Z
2026-08-23T11:27:43Z,2026-08-23T13:27:43+0200,aa89dba4-771d-4653-9ac4-44e4858bfe00,2026-08-13T12:15:00Z,2026-08-13T14:15:00+0200,111.14,EUR/MWh,BE,BE,imbalance_price,Long,2026-08-23T11:28:30Z
2026-08-23T11:27:43Z,2026-08-23T13:27:43+0200,aa89dba4-771d-4653-9ac4-44e4858bfe00,2026-08-13T12:15:00Z,2026-08-13T14:15:00+0200,111.14,EUR/MWh,BE,BE,imbalance_price,Short,2026-08-23T11:28:30Z
2026-08-23T11:27:43Z,2026-08-23T13:27:43+0200,aa89dba4-771d-4653-9ac4-44e4858bfe00,2026-08-13T12:30:00Z,2026-08-13T14:30:00+0200,92.24,EUR/MWh,BE,BE,imbalance_price,Long,2026-08-23T11:28:30Z
2026-08-23T11:27:43Z,2026-08-23T13:27:43+0200,aa89dba4-771d-4653-9ac4-44e4858bfe00,2026-08-13T12:30:00Z,2026-08-13T14:30:00+0200,92.24,EUR/MWh,BE,BE,imbalance_price,Short,2026-08-23T11:28:30Z
2026-08-23T11:27:43Z,2026-08-23T13:27:43+0200,aa89dba4-771d-4653-9ac4-44e4858bfe00,2026-08-13T12:45:00Z,2026-08-13T14:45:00+0200,100.58,EUR/MWh,BE,BE,imbalance_price,Long,2026-08-23T11:28:30Z
2026-08-23T11:27:43Z,2026-08-23T13:27:43+0200,aa89dba4-771d-4653-9ac4-44e4858bfe00,2026-08-13T12:45:00Z,2026-08-13T14:45:00+0200,100.58,EUR/MWh,BE,BE,imbalance_price,Short,2026-08-23T11:28:30Z
2026-08-23T11:27:43Z,2026-08-23T13:27:43+0200,aa89dba4-771d-4653-9ac4-44e4858bfe00,2026-08-13T13:00:00Z,2026-08-13T15:00:00+0200,111.84,EUR/MWh,BE,BE,imbalance_price,Long,2026-08-23T11:28:30Z
2026-08-23T11:27:43Z,2026-08-23T13:27:43+0200,aa89dba4-771d-4653-9ac4-44e4858bfe00,2026-08-13T13:00:00Z,2026-08-13T15:00:00+0200,111.84,EUR/MWh,BE,BE,imbalance_price,Short,2026-08-23T11:28:30Z
2026-08-23T11:27:43Z,2026-08-23T13:27:43+0200,aa89dba4-771d-4653-9ac4-44e4858bfe00,2026-08-13T13:15:00Z,2026-08-13T15:15:00+0200,110.3,EUR/MWh,BE,BE,imbalance_price,Long,2026-08-23T11:28:30Z
2026-08-23T11:27:43Z,2026-08-23T13:27:43+0200,aa89dba4-771d-4653-9ac4-44e4858bfe00,2026-08-13T13:15:00Z,2026-08-13T15:15:00+0200,110.3,EUR/MWh,BE,BE,imbalance_price,Short,2026-08-23T11:28:30Z
2026-08-23T11:27:43Z,2026-08-23T13:27:43+0200,aa89dba4-771d-4653-9ac4-44e4858bfe00,2026-08-13T13:30:00Z,2026-08-13T15:30:00+0200,103.68,EUR/MWh,BE,BE,imbalance_price,Long,2026-08-23T11:28:30Z
2026-08-23T11:27:43Z,2026-08-23T13:27:43+0200,aa89dba4-771d-4653-9ac4-44e4858bfe00,2026-08-13T13:30:00Z,2026-08-13T15:30:00+0200,103.68,EUR/MWh,BE,BE,imbalance_price,Short,2026-08-23T11:28:30Z
2026-08-23T11:27:43Z,2026-08-23T13:27:43+0200,aa89dba4-771d-4653-9ac4-44e4858bfe00,2026-08-13T13:45:00Z,2026-08-13T15:45:00+0200,101.75,EUR/MWh,BE,BE,imbalance_price,Long,2026-08-23T11:28:30Z
2026-08-23T11:27:43Z,2026-08-23T13:27:43+0200,aa89dba4-771d-4653-9ac4-44e4858bfe00,2026-08-13T13:45:00Z,2026-08-13T15:45:00+0200,101.75,EUR/MWh,BE,BE,imbalance_price,Short,2026-08-23T11:28:30Z
2026-08-23T11:27:43Z,2026-08-23T13:27:43+0200,aa89dba4-771d-4653-9ac4-44e4858bfe00,2026-08-13T14:00:00Z,2026-08-13T16:00:00+0200,173.5,EUR/MWh,BE,BE,imbalance_price,Long,2026-08-23T11:28:30Z
2026-08-23T11:27:43Z,2026-08-23T13:27:43+0200,aa89dba4-771d-4653-9ac4-44e4858bfe00,2026-08-13T14:00:00Z,2026-08-13T16:00:00+0200,173.5,EUR/MWh,BE,BE,imbalance_price,Short,2026-08-23T11:28:30Z
2026-08-23T11:27:43Z,2026-08-23T13:27:43+0200,aa89dba4-771d-4653-9ac4-44e4858bfe00,2026-08-13T14:15:00Z,2026-08-13T16:15:00+0200,172.9,EUR/MWh,BE,BE,imbalance_price,Long,2026-08-23T11:28:30Z
2026-08-23T11:27:43Z,2026-08-23T13:27:43+0200,aa89dba4-771d-4653-9ac4-44e4858bfe00,2026-08-13T14:15:00Z,2026-08-13T16:15:00+0200,172.9,EUR/MWh,BE,BE,imbalance_price,Short,2026-08-23T11:28:30Z
2026-08-23T11:27:43Z,2026-08-23T13:27:43+0200,aa89dba4-771d-4653-9ac4-44e4858bfe00,2026-08-13T14:30:00Z,2026-08-13T16:30:00+0200,117.9,EUR/MWh,BE,BE,imbalance_price,Long,2026-08-23T11:28:30Z
2026-08-23T11:27:43Z,2026-08-23T13:27:43+0200,aa89dba4-771d-4653-9ac4-44e4858bfe00,2026-08-13T14:30:00Z,2026-08-13T16:30:00+0200,117.9,EUR/MWh,BE,BE,imbalance_price,Short,2026-08-23T11:28:30Z
2026-08-23T11:27:43Z,2026-08-23T13:27:43+0200,aa89dba4-771d-4653-9ac4-44e4858bfe00,2026-08-13T14:45:00Z,2026-08-13T16:45:00+0200,117.95,EUR/MWh,BE,BE,imbalance_price,Long,2026-08-23T11:28:30Z
2026-08-23T11:27:43Z,2026-08-23T13:27:43+0200,aa89dba4-771d-4653-9ac4-44e4858bfe00,2026-08-13T14:45:00Z,2026-08-13T16:45:00+0200,117.95,EUR/MWh,BE,BE,imbalance_price,Short,2026-08-23T11:28:30Z
2026-08-23T11:27:43Z,2026-08-23T13:27:43+0200,aa89dba4-771d-4653-9ac4-44e4858bfe00,2026-08-13T15:00:00Z,2026-08-13T17:00:00+0200,166.88,EUR/MWh,BE,BE,imbalance_price,Long,2026-08-23T11:28:30Z
2026-08-23T11:27:43Z,2026-08-23T13:27:43+0200,aa89dba4-771d-4653-9ac4-44e4858bfe00,2026-08-13T15:00:00Z,2026-08-13T17:00:00+0200,166.88,EUR/MWh,BE,BE,imbalance_price,Short,2026-08-23T11:28:30Z
2026-08-23T11:27:43Z,2026-08-23T13:27:43+0200,aa89dba4-771d-4653-9ac4-44e4858bfe00,2026-08-13T15:15:00Z,2026-08-13T17:15:00+0200,145.6,EUR/MWh,BE,BE,imbalance_price,Long,2026-08-23T11:28:30Z
2026-08-23T11:27:43Z,2026-08-23T13:27:43+0200,aa89dba4-771d-4653-9ac4-44e4858bfe00,2026-08-13T15:15:00Z,2026-08-13T17:15:00+0200,145.6,EUR/MWh,BE,BE,imbalance_price,Short,2026-08-23T11:28:30Z
2026-08-23T11:27:43Z,2026-08-23T13:27:43+0200,aa89dba4-771d-4653-9ac4-44e4858bfe00,2026-08-13T15:30:00Z,2026-08-13T17:30:00+0200,190.94,EUR/MWh,BE,BE,imbalance_price,Long,2026-08-23T11:28:30Z
2026-08-23T11:27:43Z,2026-08-23T13:27:43+0200,aa89dba4-771d-4653-9ac4-44e4858bfe00,2026-08-13T15:30:00Z,2026-08-13T17:30:00+0200,190.94,EUR/MWh,BE,BE,imbalance_price,Short,2026-08-23T11:28:30Z
2026-08-23T11:27:43Z,2026-08-23T13:27:43+0200,aa89dba4-771d-4653-9ac4-44e4858bfe00,2026-08-13T15:45:00Z,2026-08-13T17:45:00+0200,200.0,EUR/MWh,BE,BE,imbalance_price,Long,2026-08-23T11:28:30Z
2026-08-23T11:27:43Z,2026-08-23T13:27:43+0200,aa89dba4-771d-4653-9ac4-44e4858bfe00,2026-08-13T15:45:00Z,2026-08-13T17:45:00+0200,200.0,EUR/MWh,BE,BE,imbalance_price,Short,2026-08-23T11:28:30Z
2026-08-23T11:27:43Z,2026-08-23T13:27:43+0200,aa89dba4-771d-4653-9ac4-44e4858bfe00,2026-08-13T16:00:00Z,2026-08-13T18:00:00+0200,190.55,EUR/MWh,BE,BE,imbalance_price,Long,2026-08-23T11:28:30Z
2026-08-23T11:27:43Z,2026-08-23T13:27:43+0200,aa89dba4-771d-4653-9ac4-44e4858bfe00,2026-08-13T16:00:00Z,2026-08-13T18:00:00+0200,190.55,EUR/MWh,BE,BE,imbalance_price,Short,2026-08-23T11:28:30Z
2026-08-23T11:27:43Z,2026-08-23T13:27:43+0200,aa89dba4-771d-4653-9ac4-44e4858bfe00,2026-08-13T16:15:00Z,2026-08-13T18:15:00+0200,170.14,EUR/MWh,BE,BE,imbalance_price,Long,2026-08-23T11:28:30Z
2026-08-23T11:27:43Z,2026-08-23T13:27:43+0200,aa89dba4-771d-4653-9ac4-44e4858bfe00,2026-08-13T16:15:00Z,2026-08-13T18:15:00+0200,170.14,EUR/MWh,BE,BE,imbalance_price,Short,2026-08-23T11:28:30Z
2026-08-23T11:27:43Z,2026-08-23T13:27:43+0200,aa89dba4-771d-4653-9ac4-44e4858bfe00,2026-08-13T16:30:00Z,2026-08-13T18:30:00+0200,180.0,EUR/MWh,BE,BE,imbalance_price,Long,2026-08-23T11:28:30Z
2026-08-23T11:27:43Z,2026-08-23T13:27:43+0200,aa89dba4-771d-4653-9ac4-44e4858bfe00,2026-08-13T16:30:00Z,2026-08-13T18:30:00+0200,180.0,EUR/MWh,BE,BE,imbalance_price,Short,2026-08-23T11:28:30Z
2026-08-23T11:27:43Z,2026-08-23T13:27:43+0200,aa89dba4-771d-4653-9ac4-44e4858bfe00,2026-08-13T16:45:00Z,2026-08-13T18:45:00+0200,181.62,EUR/MWh,BE,BE,imbalance_price,Long,2026-08-23T11:28:30Z
2026-08-23T11:27:43Z,2026-08-23T13:27:43+0200,aa89dba4-771d-4653-9ac4-44e4858bfe00,2026-08-13T16:45:00Z,2026-08-13T18:45:00+0200,181.62,EUR/MWh,BE,BE,imbalance_price,Short,2026-08-23T11:28:30Z
2026-08-23T11:27:43Z,2026-08-23T13:27:43+0200,aa89dba4-771d-4653-9ac4-44e4858bfe00,2026-08-13T17:00:00Z,2026-08-13T19:00:00+0200,200.66,EUR/MWh,BE,BE,imbalance_price,Long,2026-08-23T11:28:30Z
2026-08-23T11:27:43Z,2026-08-23T13:27:43+0200,aa89dba4-771d-4653-9ac4-44e4858bfe00,2026-08-13T17:00:00Z,2026-08-13T19:00:00+0200,200.66,EUR/MWh,BE,BE,imbalance_price,Short,2026-08-23T11:28:30Z
2026-08-23T11:27:43Z,2026-08-23T13:27:43+0200,aa89dba4-771d-4653-9ac4-44e4858bfe00,2026-08-13T17:15:00Z,2026-08-13T19:15:00+0200,212.5,EUR/MWh,BE,BE,imbalance_price,Long,2026-08-23T11:28:30Z
2026-08-23T11:27:43Z,2026-08-23T13:27:43+0200,aa89dba4-771d-4653-9ac4-44e4858bfe00,2026-08-13T17:15:00Z,2026-08-13T19:15:00+0200,212.5,EUR/MWh,BE,BE,imbalance_price,Short,2026-08-23T11:28:30Z
2026-08-23T11:27:43Z,2026-08-23T13:27:43+0200,aa89dba4-771d-4653-9ac4-44e4858bfe00,2026-08-13T17:30:00Z,2026-08-13T19:30:00+0200,225.0,EUR/MWh,BE,BE,imbalance_price,Long,2026-08-23T11:28:30Z
2026-08-23T11:27:43Z,2026-08-23T13:27:43+0200,aa89dba4-771d-4653-9ac4-44e4858bfe00,2026-08-13T17:30:00Z,2026-08-13T19:30:00+0200,225.0,EUR/MWh,BE,BE,imbalance_price,Short,2026-08-23T11:28:30Z
2026-08-23T11:27:43Z,2026-08-23T13:27:43+0200,aa89dba4-771d-4653-9ac4-44e4858bfe00,2026-08-13T17:45:00Z,2026-08-13T19:45:00+0200,228.29,EUR/MWh,BE,BE,imbalance_price,Long,2026-08-23T11:28:30Z
2026-08-23T11:27:43Z,2026-08-23T13:27:43+0200,aa89dba4-771d-4653-9ac4-44e4858bfe00,2026-08-13T17:45:00Z,2026-08-13T19:45:00+0200,228.29,EUR/MWh,BE,BE,imbalance_price,Short,2026-08-23T11:28:30Z
2026-08-23T11:27:43Z,2026-08-23T13:27:43+0200,aa89dba4-771d-4653-9ac4-44e4858bfe00,2026-08-13T18:00:00Z,2026-08-13T20:00:00+0200,210.73,EUR/MWh,BE,BE,imbalance_price,Long,2026-08-23T11:28:30Z
2026-08-23T11:27:43Z,2026-08-23T13:27:43+0200,aa89dba4-771d-4653-9ac4-44e4858bfe00,2026-08-13T18:00:00Z,2026-08-13T20:00:00+0200,210.73,EUR/MWh,BE,BE,imbalance_price,Short,2026-08-23T11:28:30Z
2026-08-23T11:27:43Z,2026-08-23T13:27:43+0200,aa89dba4-771d-4653-9ac4-44e4858bfe00,2026-08-13T18:15:00Z,2026-08-13T20:15:00+0200,189.19,EUR/MWh,BE,BE,imbalance_price,Long,2026-08-23T11:28:30Z
2026-08-23T11:27:43Z,2026-08-23T13:27:43+0200,aa89dba4-771d-4653-9ac4-44e4858bfe00,2026-08-13T18:15:00Z,2026-08-13T20:15:00+0200,189.19,EUR/MWh,BE,BE,imbalance_price,Short,2026-08-23T11:28:30Z
2026-08-23T11:27:43Z,2026-08-23T13:27:43+0200,aa89dba4-771d-4653-9ac4-44e4858bfe00,2026-08-13T18:30:00Z,2026-08-13T20:30:00+0200,200.0,EUR/MWh,BE,BE,imbalance_price,Long,2026-08-23T11:28:30Z
2026-08-23T11:27:43Z,2026-08-23T13:27:43+0200,aa89dba4-771d-4653-9ac4-44e4858bfe00,2026-08-13T18:30:00Z,2026-08-13T20:30:00+0200,200.0,EUR/MWh,BE,BE,imbalance_price,Short,2026-08-23T11:28:30Z
2026-08-23T11:27:43Z,2026-08-23T13:27:43+0200,aa89dba4-771d-4653-9ac4-44e4858bfe00,2026-08-13T18:45:00Z,2026-08-13T20:45:00+0200,164.09,EUR/MWh,BE,BE,imbalance_price,Long,2026-08-23T11:28:30Z
2026-08-23T11:27:43Z,2026-08-23T13:27:43+0200,aa89dba4-771d-4653-9ac4-44e4858bfe00,2026-08-13T18:45:00Z,2026-08-13T20:45:00+0200,164.09,EUR/MWh,BE,BE,imbalance_price,Short,2026-08-23T11:28:30Z
2026-08-23T11:27:43Z,2026-08-23T13:27:43+0200,aa89dba4-771d-4653-9ac4-44e4858bfe00,2026-08-13T19:00:00Z,2026-08-13T21:00:00+0200,209.95,EUR/MWh,BE,BE,imbalance_price,Long,2026-08-23T11:28:30Z
2026-08-23T11:27:43Z,2026-08-23T13:27:43+0200,aa89dba4-771d-4653-9ac4-44e4858bfe00,2026-08-13T19:00:00Z,2026-08-13T21:00:00+0200,209.95,EUR/MWh,BE,BE,imbalance_price,Short,2026-08-23T11:28:30Z
2026-08-23T11:27:43Z,2026-08-23T13:27:43+0200,aa89dba4-771d-4653-9ac4-44e4858bfe00,2026-08-13T19:15:00Z,2026-08-13T21:15:00+0200,212.48,EUR/MWh,BE,BE,imbalance_price,Long,2026-08-23T11:28:30Z
2026-08-23T11:27:43Z,2026-08-23T13:27:43+0200,aa89dba4-771d-4653-9ac4-44e4858bfe00,2026-08-13T19:15:00Z,2026-08-13T21:15:00+0200,212.48,EUR/MWh,BE,BE,imbalance_price,Short,2026-08-23T11:28:30Z
2026-08-23T11:27:43Z,2026-08-23T13:27:43+0200,aa89dba4-771d-4653-9ac4-44e4858bfe00,2026-08-13T19:30:00Z,2026-08-13T21:30:00+0200,127.21,EUR/MWh,BE,BE,imbalance_price,Long,2026-08-23T11:28:30Z
2026-08-23T11:27:43Z,2026-08-23T13:27:43+0200,aa89dba4-771d-4653-9ac4-44e4858bfe00,2026-08-13T19:30:00Z,2026-08-13T21:30:00+0200,127.21,EUR/MWh,BE,BE,imbalance_price,Short,2026-08-23T11:28:30Z
2026-08-23T11:27:43Z,2026-08-23T13:27:43+0200,aa89dba4-771d-4653-9ac4-44e4858bfe00,2026-08-13T19:45:00Z,2026-08-13T21:45:00+0200,131.94,EUR/MWh,BE,BE,imbalance_price,Long,2026-08-23T11:28:30Z
2026-08-23T11:27:43Z,2026-08-23T13:27:43+0200,aa89dba4-771d-4653-9ac4-44e4858bfe00,2026-08-13T19:45:00Z,2026-08-13T21:45:00+0200,131.94,EUR/MWh,BE,BE,imbalance_price,Short,2026-08-23T11:28:30Z
2026-08-23T11:27:43Z,2026-08-23T13:27:43+0200,aa89dba4-771d-4653-9ac4-44e4858bfe00,2026-08-13T20:00:00Z,2026-08-13T22:00:00+0200,150.03,EUR/MWh,BE,BE,imbalance_price,Long,2026-08-23T11:28:30Z
2026-08-23T11:27:43Z,2026-08-23T13:27:43+0200,aa89dba4-771d-4653-9ac4-44e4858bfe00,2026-08-13T20:00:00Z,2026-08-13T22:00:00+0200,150.03,EUR/MWh,BE,BE,imbalance_price,Short,2026-08-23T11:28:30Z
2026-08-23T11:27:43Z,2026-08-23T13:27:43+0200,aa89dba4-771d-4653-9ac4-44e4858bfe00,2026-08-13T20:15:00Z,2026-08-13T22:15:00+0200,145.44,EUR/MWh,BE,BE,imbalance_price,Long,2026-08-23T11:28:30Z
2026-08-23T11:27:43Z,2026-08-23T13:27:43+0200,aa89dba4-771d-4653-9ac4-44e4858bfe00,2026-08-13T20:15:00Z,2026-08-13T22:15:00+0200,145.44,EUR/MWh,BE,BE,imbalance_price,Short,2026-08-23T11:28:30Z
2026-08-23T11:27:43Z,2026-08-23T13:27:43+0200,aa89dba4-771d-4653-9ac4-44e4858bfe00,2026-08-13T20:30:00Z,2026-08-13T22:30:00+0200,162.59,EUR/MWh,BE,BE,imbalance_price,Long,2026-08-23T11:28:30Z
2026-08-23T11:27:43Z,2026-08-23T13:27:43+0200,aa89dba4-771d-4653-9ac4-44e4858bfe00,2026-08-13T20:30:00Z,2026-08-13T22:30:00+0200,162.59,EUR/MWh,BE,BE,imbalance_price,Short,2026-08-23T11:28:30Z
2026-08-23T11:27:43Z,2026-08-23T13:27:43+0200,aa89dba4-771d-4653-9ac4-44e4858bfe00,2026-08-13T20:45:00Z,2026-08-13T22:45:00+0200,152.69,EUR/MWh,BE,BE,imbalance_price,Long,2026-08-23T11:28:30Z
2026-08-23T11:27:43Z,2026-08-23T13:27:43+0200,aa89dba4-771d-4653-9ac4-44e4858bfe00,2026-08-13T20:45:00Z,2026-08-13T22:45:00+0200,152.69,EUR/MWh,BE,BE,imbalance_price,Short,2026-08-23T11:28:30Z
2026-08-23T11:27:43Z,2026-08-23T13:27:43+0200,aa89dba4-771d-4653-9ac4-44e4858bfe00,2026-08-13T21:00:00Z,2026-08-13T23:00:00+0200,156.86,EUR/MWh,BE,BE,imbalance_price,Long,2026-08-23T11:28:30Z
2026-08-23T11:27:43Z,2026-08-23T13:27:43+0200,aa89dba4-771d-4653-9ac4-44e4858bfe00,2026-08-13T21:00:00Z,2026-08-13T23:00:00+0200,156.86,EUR/MWh,BE,BE,imbalance_price,Short,2026-08-23T11:28:30Z
2026-08-23T11:27:43Z,2026-08-23T13:27:43+0200,aa89dba4-771d-4653-9ac4-44e4858bfe00,2026-08-13T21:15:00Z,2026-08-13T23:15:00+0200,143.29,EUR/MWh,BE,BE,imbalance_price,Long,2026-08-23T11:28:30Z
2026-08-23T11:27:43Z,2026-08-23T13:27:43+0200,aa89dba4-771d-4653-9ac4-44e4858bfe00,2026-08-13T21:15:00Z,2026-08-13T23:15:00+0200,143.29,EUR/MWh,BE,BE,imbalance_price,Short,2026-08-23T11:28:30Z
2026-08-23T11:27:43Z,2026-08-23T13:27:43+0200,aa89dba4-771d-4653-9ac4-44e4858bfe00,2026-08-13T21:30:00Z,2026-08-13T23:30:00+0200,146.43,EUR/MWh,BE,BE,imbalance_price,Long,2026-08-23T11:28:30Z
2026-08-23T11:27:43Z,2026-08-23T13:27:43+0200,aa89dba4-771d-4653-9ac4-44e4858bfe00,2026-08-13T21:30:00Z,2026-08-13T23:30:00+0200,146.43,EUR/MWh,BE,BE,imbalance_price,Short,2026-08-23T11:28:30Z
2026-08-23T11:27:43Z,2026-08-23T13:27:43+0200,aa89dba4-771d-4653-9ac4-44e4858bfe00,2026-08-13T21:45:00Z,2026-08-13T23:45:00+0200,144.0,EUR/MWh,BE,BE,imbalance_price,Long,2026-08-23T11:28:30Z
2026-08-23T11:27:43Z,2026-08-23T13:27:43+0200,aa89dba4-771d-4653-9ac4-44e4858bfe00,2026-08-13T21:45:00Z,2026-08-13T23:45:00+0200,144.0,EUR/MWh,BE,BE,imbalance_price,Short,2026-08-23T11:28:30Z
2026-08-23T11:27:43Z,2026-08-23T13:27:43+0200,aa89dba4-771d-4653-9ac4-44e4858bfe00,2026-08-13T22:00:00Z,2026-08-14T00:00:00+0200,188.04,EUR/MWh,BE,BE,imbalance_price,Long,2026-08-23T11:28:30Z
2026-08-23T11:27:43Z,2026-08-23T13:27:43+0200,aa89dba4-771d-4653-9ac4-44e4858bfe00,2026-08-13T22:00:00Z,2026-08-14T00:00:00+0200,188.04,EUR/MWh,BE,BE,imbalance_price,Short,2026-08-23T11:28:30Z
2026-08-23T11:27:43Z,2026-08-23T13:27:43+0200,aa89dba4-771d-4653-9ac4-44e4858bfe00,2026-08-13T22:15:00Z,2026-08-14T00:15:00+0200,166.78,EUR/MWh,BE,BE,imbalance_price,Long,2026-08-23T11:28:30Z
2026-08-23T11:27:43Z,2026-08-23T13:27:43+0200,aa89dba4-771d-4653-9ac4-44e4858bfe00,2026-08-13T22:15:00Z,2026-08-14T00:15:00+0200,166.78,EUR/MWh,BE,BE,imbalance_price,Short,2026-08-23T11:28:30Z
2026-08-23T11:27:43Z,2026-08-23T13:27:43+0200,aa89dba4-771d-4653-9ac4-44e4858bfe00,2026-08-13T22:30:00Z,2026-08-14T00:30:00+0200,170.75,EUR/MWh,BE,BE,imbalance_price,Long,2026-08-23T11:28:30Z
2026-08-23T11:27:43Z,2026-08-23T13:27:43+0200,aa89dba4-771d-4653-9ac4-44e4858bfe00,2026-08-13T22:30:00Z,2026-08-14T00:30:00+0200,170.75,EUR/MWh,BE,BE,imbalance_price,Short,2026-08-23T11:28:30Z
2026-08-23T11:27:43Z,2026-08-23T13:27:43+0200,aa89dba4-771d-4653-9ac4-44e4858bfe00,2026-08-13T22:45:00Z,2026-08-14T00:45:00+0200,149.7,EUR/MWh,BE,BE,imbalance_price,Long,2026-08-23T11:28:30Z
2026-08-23T11:27:43Z,2026-08-23T13:27:43+0200,aa89dba4-771d-4653-9ac4-44e4858bfe00,2026-08-13T22:45:00Z,2026-08-14T00:45:00+0200,149.7,EUR/MWh,BE,BE,imbalance_price,Short,2026-08-23T11:28:30Z
2026-08-23T11:27:43Z,2026-08-23T13:27:43+0200,aa89dba4-771d-4653-9ac4-44e4858bfe00,2026-08-13T23:00:00Z,2026-08-14T01:00:00+0200,180.36,EUR/MWh,BE,BE,imbalance_price,Long,2026-08-23T11:28:30Z
2026-08-23T11:27:43Z,2026-08-23T13:27:43+0200,aa89dba4-771d-4653-9ac4-44e4858bfe00,2026-08-13T23:00:00Z,2026-08-14T01:00:00+0200,180.36,EUR/MWh,BE,BE,imbalance_price,Short,2026-08-23T11:28:30Z
2026-08-23T11:27:43Z,2026-08-23T13:27:43+0200,aa89dba4-771d-4653-9ac4-44e4858bfe00,2026-08-13T23:15:00Z,2026-08-14T01:15:00+0200,169.54,EUR/MWh,BE,BE,imbalance_price,Long,2026-08-23T11:28:30Z
2026-08-23T11:27:43Z,2026-08-23T13:27:43+0200,aa89dba4-771d-4653-9ac4-44e4858bfe00,2026-08-13T23:15:00Z,2026-08-14T01:15:00+0200,169.54,EUR/MWh,BE,BE,imbalance_price,Short,2026-08-23T11:28:30Z
2026-08-23T11:27:43Z,2026-08-23T13:27:43+0200,aa89dba4-771d-4653-9ac4-44e4858bfe00,2026-08-13T23:30:00Z,2026-08-14T01:30:00+0200,138.83,EUR/MWh,BE,BE,imbalance_price,Long,2026-08-23T11:28:30Z
2026-08-23T11:27:43Z,2026-08-23T13:27:43+0200,aa89dba4-771d-4653-9ac4-44e4858bfe00,2026-08-13T23:30:00Z,2026-08-14T01:30:00+0200,138.83,EUR/MWh,BE,BE,imbalance_price,Short,2026-08-23T11:28:30Z
2026-08-23T11:27:43Z,2026-08-23T13:27:43+0200,aa89dba4-771d-4653-9ac4-44e4858bfe00,2026-08-13T23:45:00Z,2026-08-14T01:45:00+0200,163.38,EUR/MWh,BE,BE,imbalance_price,Long,2026-08-23T11:28:30Z
2026-08-23T11:27:43Z,2026-08-23T13:27:43+0200,aa89dba4-771d-4653-9ac4-44e4858bfe00,2026-08-13T23:45:00Z,2026-08-14T01:45:00+0200,163.38,EUR/MWh,BE,BE,imbalance_price,Short,2026-08-23T11:28:30Z
2026-08-23T11:27:43Z,2026-08-23T13:27:43+0200,aa89dba4-771d-4653-9ac4-44e4858bfe00,2026-08-14T00:00:00Z,2026-08-14T02:00:00+0200,145.24,EUR/MWh,BE,BE,imbalance_price,Long,2026-08-23T11:28:30Z
2026-08-23T11:27:43Z,2026-08-23T13:27:43+0200,aa89dba4-771d-4653-9ac4-44e4858bfe00,2026-08-14T00:00:00Z,2026-08-14T02:00:00+0200,145.24,EUR/MWh,BE,BE,imbalance_price,Short,2026-08-23T11:28:30Z
2026-08-23T11:27:43Z,2026-08-23T13:27:43+0200,aa89dba4-771d-4653-9ac4-44e4858bfe00,2026-08-14T00:15:00Z,2026-08-14T02:15:00+0200,131.28,EUR/MWh,BE,BE,imbalance_price,Long,2026-08-23T11:28:30Z
2026-08-23T11:27:43Z,2026-08-23T13:27:43+0200,aa89dba4-771d-4653-9ac4-44e4858bfe00,2026-08-14T00:15:00Z,2026-08-14T02:15:00+0200,131.28,EUR/MWh,BE,BE,imbalance_price,Short,2026-08-23T11:28:30Z
2026-08-23T11:27:43Z,2026-08-23T13:27:43+0200,aa89dba4-771d-4653-9ac4-44e4858bfe00,2026-08-14T00:30:00Z,2026-08-14T02:30:00+0200,127.02,EUR/MWh,BE,BE,imbalance_price,Long,2026-08-23T11:28:30Z
2026-08-23T11:27:43Z,2026-08-23T13:27:43+0200,aa89dba4-771d-4653-9ac4-44e4858bfe00,2026-08-14T00:30:00Z,2026-08-14T02:30:00+0200,127.02,EUR/MWh,BE,BE,imbalance_price,Short,2026-08-23T11:28:30Z
2026-08-23T11:27:43Z,2026-08-23T13:27:43+0200,aa89dba4-771d-4653-9ac4-44e4858bfe00,2026-08-14T00:45:00Z,2026-08-14T02:45:00+0200,132.27,EUR/MWh,BE,BE,imbalance_price,Long,2026-08-23T11:28:30Z
2026-08-23T11:27:43Z,2026-08-23T13:27:43+0200,aa89dba4-771d-4653-9ac4-44e4858bfe00,2026-08-14T00:45:00Z,2026-08-14T02:45:00+0200,132.27,EUR/MWh,BE,BE,imbalance_price,Short,2026-08-23T11:28:30Z
2026-08-23T11:27:43Z,2026-08-23T13:27:43+0200,aa89dba4-771d-4653-9ac4-44e4858bfe00,2026-08-14T01:00:00Z,2026-08-14T03:00:00+0200,124.7,EUR/MWh,BE,BE,imbalance_price,Long,2026-08-23T11:28:30Z
2026-08-23T11:27:43Z,2026-08-23T13:27:43+0200,aa89dba4-771d-4653-9ac4-44e4858bfe00,2026-08-14T01:00:00Z,2026-08-14T03:00:00+0200,124.7,EUR/MWh,BE,BE,imbalance_price,Short,2026-08-23T11:28:30Z
2026-08-23T11:27:43Z,2026-08-23T13:27:43+0200,aa89dba4-771d-4653-9ac4-44e4858bfe00,2026-08-14T01:15:00Z,2026-08-14T03:15:00+0200,134.5,EUR/MWh,BE,BE,imbalance_price,Long,2026-08-23T11:28:30Z
2026-08-23T11:27:43Z,2026-08-23T13:27:43+0200,aa89dba4-771d-4653-9ac4-44e4858bfe00,2026-08-14T01:15:00Z,2026-08-14T03:15:00+0200,134.5,EUR/MWh,BE,BE,imbalance_price,Short,2026-08-23T11:28:30Z
2026-08-23T11:27:43Z,2026-08-23T13:27:43+0200,aa89dba4-771d-4653-9ac4-44e4858bfe00,2026-08-14T01:30:00Z,2026-08-14T03:30:00+0200,140.57,EUR/MWh,BE,BE,imbalance_price,Long,2026-08-23T11:28:30Z
2026-08-23T11:27:43Z,2026-08-23T13:27:43+0200,aa89dba4-771d-4653-9ac4-44e4858bfe00,2026-08-14T01:30:00Z,2026-08-14T03:30:00+0200,140.57,EUR/MWh,BE,BE,imbalance_price,Short,2026-08-23T11:28:30Z
2026-08-23T11:27:43Z,2026-08-23T13:27:43+0200,aa89dba4-771d-4653-9ac4-44e4858bfe00,2026-08-14T01:45:00Z,2026-08-14T03:45:00+0200,141.82,EUR/MWh,BE,BE,imbalance_price,Long,2026-08-23T11:28:30Z
2026-08-23T11:27:43Z,2026-08-23T13:27:43+0200,aa89dba4-771d-4653-9ac4-44e4858bfe00,2026-08-14T01:45:00Z,2026-08-14T03:45:00+0200,141.82,EUR/MWh,BE,BE,imbalance_price,Short,2026-08-23T11:28:30Z
2026-08-23T11:27:43Z,2026-08-23T13:27:43+0200,aa89dba4-771d-4653-9ac4-44e4858bfe00,2026-08-14T02:00:00Z,2026-08-14T04:00:00+0200,127.64,EUR/MWh,BE,BE,imbalance_price,Long,2026-08-23T11:28:30Z
2026-08-23T11:27:43Z,2026-08-23T13:27:43+0200,aa89dba4-771d-4653-9ac4-44e4858bfe00,2026-08-14T02:00:00Z,2026-08-14T04:00:00+0200,127.64,EUR/MWh,BE,BE,imbalance_price,Short,2026-08-23T11:28:30Z
2026-08-23T11:27:43Z,2026-08-23T13:27:43+0200,aa89dba4-771d-4653-9ac4-44e4858bfe00,2026-08-14T02:15:00Z,2026-08-14T04:15:00+0200,111.68,EUR/MWh,BE,BE,imbalance_price,Long,2026-08-23T11:28:30Z
2026-08-23T11:27:43Z,2026-08-23T13:27:43+0200,aa89dba4-771d-4653-9ac4-44e4858bfe00,2026-08-14T02:15:00Z,2026-08-14T04:15:00+0200,111.68,EUR/MWh,BE,BE,imbalance_price,Short,2026-08-23T11:28:30Z
2026-08-23T11:27:43Z,2026-08-23T13:27:43+0200,aa89dba4-771d-4653-9ac4-44e4858bfe00,2026-08-14T02:30:00Z,2026-08-14T04:30:00+0200,136.94,EUR/MWh,BE,BE,imbalance_price,Long,2026-08-23T11:28:30Z
2026-08-23T11:27:43Z,2026-08-23T13:27:43+0200,aa89dba4-771d-4653-9ac4-44e4858bfe00,2026-08-14T02:30:00Z,2026-08-14T04:30:00+0200,136.94,EUR/MWh,BE,BE,imbalance_price,Short,2026-08-23T11:28:30Z
2026-08-23T11:27:43Z,2026-08-23T13:27:43+0200,aa89dba4-771d-4653-9ac4-44e4858bfe00,2026-08-14T02:45:00Z,2026-08-14T04:45:00+0200,129.79,EUR/MWh,BE,BE,imbalance_price,Long,2026-08-23T11:28:30Z
2026-08-23T11:27:43Z,2026-08-23T13:27:43+0200,aa89dba4-771d-4653-9ac4-44e4858bfe00,2026-08-14T02:45:00Z,2026-08-14T04:45:00+0200,129.79,EUR/MWh,BE,BE,imbalance_price,Short,2026-08-23T11:28:30Z
2026-08-23T11:27:43Z,2026-08-23T13:27:43+0200,aa89dba4-771d-4653-9ac4-44e4858bfe00,2026-08-14T03:00:00Z,2026-08-14T05:00:00+0200,142.12,EUR/MWh,BE,BE,imbalance_price,Long,2026-08-23T11:28:30Z
2026-08-23T11:27:43Z,2026-08-23T13:27:43+0200,aa89dba4-771d-4653-9ac4-44e4858bfe00,2026-08-14T03:00:00Z,2026-08-14T05:00:00+0200,142.12,EUR/MWh,BE,BE,imbalance_price,Short,2026-08-23T11:28:30Z
2026-08-23T11:27:43Z,2026-08-23T13:27:43+0200,aa89dba4-771d-4653-9ac4-44e4858bfe00,2026-08-14T03:15:00Z,2026-08-14T05:15:00+0200,123.01,EUR/MWh,BE,BE,imbalance_price,Long,2026-08-23T11:28:30Z
2026-08-23T11:27:43Z,2026-08-23T13:27:43+0200,aa89dba4-771d-4653-9ac4-44e4858bfe00,2026-08-14T03:15:00Z,2026-08-14T05:15:00+0200,123.01,EUR/MWh,BE,BE,imbalance_price,Short,2026-08-23T11:28:30Z
2026-08-23T11:27:43Z,2026-08-23T13:27:43+0200,aa89dba4-771d-4653-9ac4-44e4858bfe00,2026-08-14T03:30:00Z,2026-08-14T05:30:00+0200,137.56,EUR/MWh,BE,BE,imbalance_price,Long,2026-08-23T11:28:30Z
2026-08-23T11:27:43Z,2026-08-23T13:27:43+0200,aa89dba4-771d-4653-9ac4-44e4858bfe00,2026-08-14T03:30:00Z,2026-08-14T05:30:00+0200,137.56,EUR/MWh,BE,BE,imbalance_price,Short,2026-08-23T11:28:30Z
2026-08-23T11:27:43Z,2026-08-23T13:27:43+0200,aa89dba4-771d-4653-9ac4-44e4858bfe00,2026-08-14T03:45:00Z,2026-08-14T05:45:00+0200,163.81,EUR/MWh,BE,BE,imbalance_price,Long,2026-08-23T11:28:30Z
2026-08-23T11:27:43Z,2026-08-23T13:27:43+0200,aa89dba4-771d-4653-9ac4-44e4858bfe00,2026-08-14T03:45:00Z,2026-08-14T05:45:00+0200,163.81,EUR/MWh,BE,BE,imbalance_price,Short,2026-08-23T11:28:30Z
2026-08-23T11:27:43Z,2026-08-23T13:27:43+0200,aa89dba4-771d-4653-9ac4-44e4858bfe00,2026-08-14T04:00:00Z,2026-08-14T06:00:00+0200,162.23,EUR/MWh,BE,BE,imbalance_price,Long,2026-08-23T11:28:30Z
2026-08-23T11:27:43Z,2026-08-23T13:27:43+0200,aa89dba4-771d-4653-9ac4-44e4858bfe00,2026-08-14T04:00:00Z,2026-08-14T06:00:00+0200,162.23,EUR/MWh,BE,BE,imbalance_price,Short,2026-08-23T11:28:30Z
2026-08-23T11:27:43Z,2026-08-23T13:27:43+0200,aa89dba4-771d-4653-9ac4-44e4858bfe00,2026-08-14T04:15:00Z,2026-08-14T06:15:00+0200,138.29,EUR/MWh,BE,BE,imbalance_price,Long,2026-08-23T11:28:30Z
2026-08-23T11:27:43Z,2026-08-23T13:27:43+0200,aa89dba4-771d-4653-9ac4-44e4858bfe00,2026-08-14T04:15:00Z,2026-08-14T06:15:00+0200,138.29,EUR/MWh,BE,BE,imbalance_price,Short,2026-08-23T11:28:30Z
2026-08-23T11:27:43Z,2026-08-23T13:27:43+0200,aa89dba4-771d-4653-9ac4-44e4858bfe00,2026-08-14T04:30:00Z,2026-08-14T06:30:00+0200,144.54,EUR/MWh,BE,BE,imbalance_price,Long,2026-08-23T11:28:30Z
2026-08-23T11:27:43Z,2026-08-23T13:27:43+0200,aa89dba4-771d-4653-9ac4-44e4858bfe00,2026-08-14T04:30:00Z,2026-08-14T06:30:00+0200,144.54,EUR/MWh,BE,BE,imbalance_price,Short,2026-08-23T11:28:30Z
2026-08-23T11:27:43Z,2026-08-23T13:27:43+0200,aa89dba4-771d-4653-9ac4-44e4858bfe00,2026-08-14T04:45:00Z,2026-08-14T06:45:00+0200,171.84,EUR/MWh,BE,BE,imbalance_price,Long,2026-08-23T11:28:30Z
2026-08-23T11:27:43Z,2026-08-23T13:27:43+0200,aa89dba4-771d-4653-9ac4-44e4858bfe00,2026-08-14T04:45:00Z,2026-08-14T06:45:00+0200,171.84,EUR/MWh,BE,BE,imbalance_price,Short,2026-08-23T11:28:30Z
2026-08-23T11:27:43Z,2026-08-23T13:27:43+0200,aa89dba4-771d-4653-9ac4-44e4858bfe00,2026-08-14T05:00:00Z,2026-08-14T07:00:00+0200,175.86,EUR/MWh,BE,BE,imbalance_price,Long,2026-08-23T11:28:30Z
2026-08-23T11:27:43Z,2026-08-23T13:27:43+0200,aa89dba4-771d-4653-9ac4-44e4858bfe00,2026-08-14T05:00:00Z,2026-08-14T07:00:00+0200,175.86,EUR/MWh,BE,BE,imbalance_price,Short,2026-08-23T11:28:30Z
2026-08-23T11:27:43Z,2026-08-23T13:27:43+0200,aa89dba4-771d-4653-9ac4-44e4858bfe00,2026-08-14T05:15:00Z,2026-08-14T07:15:00+0200,181.46,EUR/MWh,BE,BE,imbalance_price,Long,2026-08-23T11:28:30Z
2026-08-23T11:27:43Z,2026-08-23T13:27:43+0200,aa89dba4-771d-4653-9ac4-44e4858bfe00,2026-08-14T05:15:00Z,2026-08-14T07:15:00+0200,181.46,EUR/MWh,BE,BE,imbalance_price,Short,2026-08-23T11:28:30Z
2026-08-23T11:27:43Z,2026-08-23T13:27:43+0200,aa89dba4-771d-4653-9ac4-44e4858bfe00,2026-08-14T05:30:00Z,2026-08-14T07:30:00+0200,165.97,EUR/MWh,BE,BE,imbalance_price,Long,2026-08-23T11:28:30Z
2026-08-23T11:27:43Z,2026-08-23T13:27:43+0200,aa89dba4-771d-4653-9ac4-44e4858bfe00,2026-08-14T05:30:00Z,2026-08-14T07:30:00+0200,165.97,EUR/MWh,BE,BE,imbalance_price,Short,2026-08-23T11:28:30Z
2026-08-23T11:27:43Z,2026-08-23T13:27:43+0200,aa89dba4-771d-4653-9ac4-44e4858bfe00,2026-08-14T05:45:00Z,2026-08-14T07:45:00+0200,143.69,EUR/MWh,BE,BE,imbalance_price,Long,2026-08-23T11:28:30Z
2026-08-23T11:27:43Z,2026-08-23T13:27:43+0200,aa89dba4-771d-4653-9ac4-44e4858bfe00,2026-08-14T05:45:00Z,2026-08-14T07:45:00+0200,143.69,EUR/MWh,BE,BE,imbalance_price,Short,2026-08-23T11:28:30Z
2026-08-23T11:27:43Z,2026-08-23T13:27:43+0200,aa89dba4-771d-4653-9ac4-44e4858bfe00,2026-08-14T06:00:00Z,2026-08-14T08:00:00+0200,157.0,EUR/MWh,BE,BE,imbalance_price,Long,2026-08-23T11:28:30Z
2026-08-23T11:27:43Z,2026-08-23T13:27:43+0200,aa89dba4-771d-4653-9ac4-44e4858bfe00,2026-08-14T06:00:00Z,2026-08-14T08:00:00+0200,157.0,EUR/MWh,BE,BE,imbalance_price,Short,2026-08-23T11:28:30Z
2026-08-23T11:27:43Z,2026-08-23T13:27:43+0200,aa89dba4-771d-4653-9ac4-44e4858bfe00,2026-08-14T06:15:00Z,2026-08-14T08:15:00+0200,132.47,EUR/MWh,BE,BE,imbalance_price,Long,2026-08-23T11:28:30Z
2026-08-23T11:27:43Z,2026-08-23T13:27:43+0200,aa89dba4-771d-4653-9ac4-44e4858bfe00,2026-08-14T06:15:00Z,2026-08-14T08:15:00+0200,132.47,EUR/MWh,BE,BE,imbalance_price,Short,2026-08-23T11:28:30Z
2026-08-23T11:27:43Z,2026-08-23T13:27:43+0200,aa89dba4-771d-4653-9ac4-44e4858bfe00,2026-08-14T06:30:00Z,2026-08-14T08:30:00+0200,116.91,EUR/MWh,BE,BE,imbalance_price,Long,2026-08-23T11:28:30Z
2026-08-23T11:27:43Z,2026-08-23T13:27:43+0200,aa89dba4-771d-4653-9ac4-44e4858bfe00,2026-08-14T06:30:00Z,2026-08-14T08:30:00+0200,116.91,EUR/MWh,BE,BE,imbalance_price,Short,2026-08-23T11:28:30Z
2026-08-23T11:27:43Z,2026-08-23T13:27:43+0200,aa89dba4-771d-4653-9ac4-44e4858bfe00,2026-08-14T06:45:00Z,2026-08-14T08:45:00+0200,118.09,EUR/MWh,BE,BE,imbalance_price,Long,2026-08-23T11:28:30Z
2026-08-23T11:27:43Z,2026-08-23T13:27:43+0200,aa89dba4-771d-4653-9ac4-44e4858bfe00,2026-08-14T06:45:00Z,2026-08-14T08:45:00+0200,118.09,EUR/MWh,BE,BE,imbalance_price,Short,2026-08-23T11:28:30Z
2026-08-23T11:27:43Z,2026-08-23T13:27:43+0200,aa89dba4-771d-4653-9ac4-44e4858bfe00,2026-08-14T07:00:00Z,2026-08-14T09:00:00+0200,118.0,EUR/MWh,BE,BE,imbalance_price,Long,2026-08-23T11:28:30Z
2026-08-23T11:27:43Z,2026-08-23T13:27:43+0200,aa89dba4-771d-4653-9ac4-44e4858bfe00,2026-08-14T07:00:00Z,2026-08-14T09:00:00+0200,118.0,EUR/MWh,BE,BE,imbalance_price,Short,2026-08-23T11:28:30Z
2026-08-23T11:27:43Z,2026-08-23T13:27:43+0200,aa89dba4-771d-4653-9ac4-44e4858bfe00,2026-08-14T07:15:00Z,2026-08-14T09:15:00+0200,123.78,EUR/MWh,BE,BE,imbalance_price,Long,2026-08-23T11:28:30Z
2026-08-23T11:27:43Z,2026-08-23T13:27:43+0200,aa89dba4-771d-4653-9ac4-44e4858bfe00,2026-08-14T07:15:00Z,2026-08-14T09:15:00+0200,123.78,EUR/MWh,BE,BE,imbalance_price,Short,2026-08-23T11:28:30Z
2026-08-23T11:27:43Z,2026-08-23T13:27:43+0200,aa89dba4-771d-4653-9ac4-44e4858bfe00,2026-08-14T07:30:00Z,2026-08-14T09:30:00+0200,172.5,EUR/MWh,BE,BE,imbalance_price,Long,2026-08-23T11:28:30Z
2026-08-23T11:27:43Z,2026-08-23T13:27:43+0200,aa89dba4-771d-4653-9ac4-44e4858bfe00,2026-08-14T07:30:00Z,2026-08-14T09:30:00+0200,172.5,EUR/MWh,BE,BE,imbalance_price,Short,2026-08-23T11:28:30Z
2026-08-23T11:27:43Z,2026-08-23T13:27:43+0200,aa89dba4-771d-4653-9ac4-44e4858bfe00,2026-08-14T07:45:00Z,2026-08-14T09:45:00+0200,152.65,EUR/MWh,BE,BE,imbalance_price,Long,2026-08-23T11:28:30Z
2026-08-23T11:27:43Z,2026-08-23T13:27:43+0200,aa89dba4-771d-4653-9ac4-44e4858bfe00,2026-08-14T07:45:00Z,2026-08-14T09:45:00+0200,152.65,EUR/MWh,BE,BE,imbalance_price,Short,2026-08-23T11:28:30Z
2026-08-23T11:27:43Z,2026-08-23T13:27:43+0200,aa89dba4-771d-4653-9ac4-44e4858bfe00,2026-08-14T08:00:00Z,2026-08-14T10:00:00+0200,207.62,EUR/MWh,BE,BE,imbalance_price,Long,2026-08-23T11:28:30Z
2026-08-23T11:27:43Z,2026-08-23T13:27:43+0200,aa89dba4-771d-4653-9ac4-44e4858bfe00,2026-08-14T08:00:00Z,2026-08-14T10:00:00+0200,207.62,EUR/MWh,BE,BE,imbalance_price,Short,2026-08-23T11:28:30Z
2026-08-23T11:27:43Z,2026-08-23T13:27:43+0200,aa89dba4-771d-4653-9ac4-44e4858bfe00,2026-08-14T08:15:00Z,2026-08-14T10:15:00+0200,368.43,EUR/MWh,BE,BE,imbalance_price,Long,2026-08-23T11:28:30Z
2026-08-23T11:27:43Z,2026-08-23T13:27:43+0200,aa89dba4-771d-4653-9ac4-44e4858bfe00,2026-08-14T08:15:00Z,2026-08-14T10:15:00+0200,368.43,EUR/MWh,BE,BE,imbalance_price,Short,2026-08-23T11:28:30Z
2026-08-23T11:27:43Z,2026-08-23T13:27:43+0200,aa89dba4-771d-4653-9ac4-44e4858bfe00,2026-08-14T08:30:00Z,2026-08-14T10:30:00+0200,114.22,EUR/MWh,BE,BE,imbalance_price,Long,2026-08-23T11:28:30Z
2026-08-23T11:27:43Z,2026-08-23T13:27:43+0200,aa89dba4-771d-4653-9ac4-44e4858bfe00,2026-08-14T08:30:00Z,2026-08-14T10:30:00+0200,114.22,EUR/MWh,BE,BE,imbalance_price,Short,2026-08-23T11:28:30Z
2026-08-23T11:27:43Z,2026-08-23T13:27:43+0200,aa89dba4-771d-4653-9ac4-44e4858bfe00,2026-08-14T08:45:00Z,2026-08-14T10:45:00+0200,204.32,EUR/MWh,BE,BE,imbalance_price,Long,2026-08-23T11:28:30Z
2026-08-23T11:27:43Z,2026-08-23T13:27:43+0200,aa89dba4-771d-4653-9ac4-44e4858bfe00,2026-08-14T08:45:00Z,2026-08-14T10:45:00+0200,204.32,EUR/MWh,BE,BE,imbalance_price,Short,2026-08-23T11:28:30Z
2026-08-23T11:27:43Z,2026-08-23T13:27:43+0200,aa89dba4-771d-4653-9ac4-44e4858bfe00,2026-08-14T09:00:00Z,2026-08-14T11:00:00+0200,100.05,EUR/MWh,BE,BE,imbalance_price,Long,2026-08-23T11:28:30Z
2026-08-23T11:27:43Z,2026-08-23T13:27:43+0200,aa89dba4-771d-4653-9ac4-44e4858bfe00,2026-08-14T09:00:00Z,2026-08-14T11:00:00+0200,100.05,EUR/MWh,BE,BE,imbalance_price,Short,2026-08-23T11:28:30Z
2026-08-23T11:27:43Z,2026-08-23T13:27:43+0200,aa89dba4-771d-4653-9ac4-44e4858bfe00,2026-08-14T09:15:00Z,2026-08-14T11:15:00+0200,186.55,EUR/MWh,BE,BE,imbalance_price,Long,2026-08-23T11:28:30Z
2026-08-23T11:27:43Z,2026-08-23T13:27:43+0200,aa89dba4-771d-4653-9ac4-44e4858bfe00,2026-08-14T09:15:00Z,2026-08-14T11:15:00+0200,186.55,EUR/MWh,BE,BE,imbalance_price,Short,2026-08-23T11:28:30Z
2026-08-23T11:27:43Z,2026-08-23T13:27:43+0200,aa89dba4-771d-4653-9ac4-44e4858bfe00,2026-08-14T09:30:00Z,2026-08-14T11:30:00+0200,100.05,EUR/MWh,BE,BE,imbalance_price,Long,2026-08-23T11:28:30Z
2026-08-23T11:27:43Z,2026-08-23T13:27:43+0200,aa89dba4-771d-4653-9ac4-44e4858bfe00,2026-08-14T09:30:00Z,2026-08-14T11:30:00+0200,100.05,EUR/MWh,BE,BE,imbalance_price,Short,2026-08-23T11:28:30Z
2026-08-23T11:27:43Z,2026-08-23T13:27:43+0200,aa89dba4-771d-4653-9ac4-44e4858bfe00,2026-08-14T09:45:00Z,2026-08-14T11:45:00+0200,110.7,EUR/MWh,BE,BE,imbalance_price,Long,2026-08-23T11:28:30Z
2026-08-23T11:27:43Z,2026-08-23T13:27:43+0200,aa89dba4-771d-4653-9ac4-44e4858bfe00,2026-08-14T09:45:00Z,2026-08-14T11:45:00+0200,110.7,EUR/MWh,BE,BE,imbalance_price,Short,2026-08-23T11:28:30Z
2026-08-23T11:27:43Z,2026-08-23T13:27:43+0200,aa89dba4-771d-4653-9ac4-44e4858bfe00,2026-08-14T10:00:00Z,2026-08-14T12:00:00+0200,100.74,EUR/MWh,BE,BE,imbalance_price,Long,2026-08-23T11:28:30Z
2026-08-23T11:27:43Z,2026-08-23T13:27:43+0200,aa89dba4-771d-4653-9ac4-44e4858bfe00,2026-08-14T10:00:00Z,2026-08-14T12:00:00+0200,100.74,EUR/MWh,BE,BE,imbalance_price,Short,2026-08-23T11:28:30Z
2026-08-23T11:27:43Z,2026-08-23T13:27:43+0200,aa89dba4-771d-4653-9ac4-44e4858bfe00,2026-08-14T10:15:00Z,2026-08-14T12:15:00+0200,104.0,EUR/MWh,BE,BE,imbalance_price,Long,2026-08-23T11:28:30Z
2026-08-23T11:27:43Z,2026-08-23T13:27:43+0200,aa89dba4-771d-4653-9ac4-44e4858bfe00,2026-08-14T10:15:00Z,2026-08-14T12:15:00+0200,104.0,EUR/MWh,BE,BE,imbalance_price,Short,2026-08-23T11:28:30Z
2026-08-23T11:27:43Z,2026-08-23T13:27:43+0200,aa89dba4-771d-4653-9ac4-44e4858bfe00,2026-08-14T10:30:00Z,2026-08-14T12:30:00+0200,105.9,EUR/MWh,BE,BE,imbalance_price,Long,2026-08-23T11:28:30Z
2026-08-23T11:27:43Z,2026-08-23T13:27:43+0200,aa89dba4-771d-4653-9ac4-44e4858bfe00,2026-08-14T10:30:00Z,2026-08-14T12:30:00+0200,105.9,EUR/MWh,BE,BE,imbalance_price,Short,2026-08-23T11:28:30Z
2026-08-23T11:27:43Z,2026-08-23T13:27:43+0200,aa89dba4-771d-4653-9ac4-44e4858bfe00,2026-08-14T10:45:00Z,2026-08-14T12:45:00+0200,87.36,EUR/MWh,BE,BE,imbalance_price,Long,2026-08-23T11:28:30Z
2026-08-23T11:27:43Z,2026-08-23T13:27:43+0200,aa89dba4-771d-4653-9ac4-44e4858bfe00,2026-08-14T10:45:00Z,2026-08-14T12:45:00+0200,87.36,EUR/MWh,BE,BE,imbalance_price,Short,2026-08-23T11:28:30Z
2026-08-23T11:27:43Z,2026-08-23T13:27:43+0200,aa89dba4-771d-4653-9ac4-44e4858bfe00,2026-08-14T11:00:00Z,2026-08-14T13:00:00+0200,105.0,EUR/MWh,BE,BE,imbalance_price,Long,2026-08-23T11:28:30Z
2026-08-23T11:27:43Z,2026-08-23T13:27:43+0200,aa89dba4-771d-4653-9ac4-44e4858bfe00,2026-08-14T11:00:00Z,2026-08-14T13:00:00+0200,105.0,EUR/MWh,BE,BE,imbalance_price,Short,2026-08-23T11:28:30Z
2026-08-23T11:27:43Z,2026-08-23T13:27:43+0200,aa89dba4-771d-4653-9ac4-44e4858bfe00,2026-08-14T11:15:00Z,2026-08-14T13:15:00+0200,105.0,EUR/MWh,BE,BE,imbalance_price,Long,2026-08-23T11:28:30Z
2026-08-23T11:27:43Z,2026-08-23T13:27:43+0200,aa89dba4-771d-4653-9ac4-44e4858bfe00,2026-08-14T11:15:00Z,2026-08-14T13:15:00+0200,105.0,EUR/MWh,BE,BE,imbalance_price,Short,2026-08-23T11:28:30Z
2026-08-23T11:27:43Z,2026-08-23T13:27:43+0200,aa89dba4-771d-4653-9ac4-44e4858bfe00,2026-08-14T11:30:00Z,2026-08-14T13:30:00+0200,105.0,EUR/MWh,BE,BE,imbalance_price,Long,2026-08-23T11:28:30Z
2026-08-23T11:27:43Z,2026-08-23T13:27:43+0200,aa89dba4-771d-4653-9ac4-44e4858bfe00,2026-08-14T11:30:00Z,2026-08-14T13:30:00+0200,105.0,EUR/MWh,BE,BE,imbalance_price,Short,2026-08-23T11:28:30Z
2026-08-23T11:27:43Z,2026-08-23T13:27:43+0200,aa89dba4-771d-4653-9ac4-44e4858bfe00,2026-08-14T11:45:00Z,2026-08-14T13:45:00+0200,72.41,EUR/MWh,BE,BE,imbalance_price,Long,2026-08-23T11:28:30Z
2026-08-23T11:27:43Z,2026-08-23T13:27:43+0200,aa89dba4-771d-4653-9ac4-44e4858bfe00,2026-08-14T11:45:00Z,2026-08-14T13:45:00+0200,72.41,EUR/MWh,BE,BE,imbalance_price,Short,2026-08-23T11:28:30Z
2026-08-23T11:27:43Z,2026-08-23T13:27:43+0200,aa89dba4-771d-4653-9ac4-44e4858bfe00,2026-08-14T12:00:00Z,2026-08-14T14:00:00+0200,105.5,EUR/MWh,BE,BE,imbalance_price,Long,2026-08-23T11:28:30Z
2026-08-23T11:27:43Z,2026-08-23T13:27:43+0200,aa89dba4-771d-4653-9ac4-44e4858bfe00,2026-08-14T12:00:00Z,2026-08-14T14:00:00+0200,105.5,EUR/MWh,BE,BE,imbalance_price,Short,2026-08-23T11:28:30Z
2026-08-23T11:27:43Z,2026-08-23T13:27:43+0200,aa89dba4-771d-4653-9ac4-44e4858bfe00,2026-08-14T12:15:00Z,2026-08-14T14:15:00+0200,71.33,EUR/MWh,BE,BE,imbalance_price,Long,2026-08-23T11:28:30Z
2026-08-23T11:27:43Z,2026-08-23T13:27:43+0200,aa89dba4-771d-4653-9ac4-44e4858bfe00,2026-08-14T12:15:00Z,2026-08-14T14:15:00+0200,71.33,EUR/MWh,BE,BE,imbalance_price,Short,2026-08-23T11:28:30Z
2026-08-23T11:27:43Z,2026-08-23T13:27:43+0200,aa89dba4-771d-4653-9ac4-44e4858bfe00,2026-08-14T12:30:00Z,2026-08-14T14:30:00+0200,92.23,EUR/MWh,BE,BE,imbalance_price,Long,2026-08-23T11:28:30Z
2026-08-23T11:27:43Z,2026-08-23T13:27:43+0200,aa89dba4-771d-4653-9ac4-44e4858bfe00,2026-08-14T12:30:00Z,2026-08-14T14:30:00+0200,92.23,EUR/MWh,BE,BE,imbalance_price,Short,2026-08-23T11:28:30Z
2026-08-23T11:27:43Z,2026-08-23T13:27:43+0200,aa89dba4-771d-4653-9ac4-44e4858bfe00,2026-08-14T12:45:00Z,2026-08-14T14:45:00+0200,104.25,EUR/MWh,BE,BE,imbalance_price,Long,2026-08-23T11:28:30Z
2026-08-23T11:27:43Z,2026-08-23T13:27:43+0200,aa89dba4-771d-4653-9ac4-44e4858bfe00,2026-08-14T12:45:00Z,2026-08-14T14:45:00+0200,104.25,EUR/MWh,BE,BE,imbalance_price,Short,2026-08-23T11:28:30Z
2026-08-23T11:27:43Z,2026-08-23T13:27:43+0200,aa89dba4-771d-4653-9ac4-44e4858bfe00,2026-08-14T13:00:00Z,2026-08-14T15:00:00+0200,105.0,EUR/MWh,BE,BE,imbalance_price,Long,2026-08-23T11:28:30Z
2026-08-23T11:27:43Z,2026-08-23T13:27:43+0200,aa89dba4-771d-4653-9ac4-44e4858bfe00,2026-08-14T13:00:00Z,2026-08-14T15:00:00+0200,105.0,EUR/MWh,BE,BE,imbalance_price,Short,2026-08-23T11:28:30Z
2026-08-23T11:27:43Z,2026-08-23T13:27:43+0200,aa89dba4-771d-4653-9ac4-44e4858bfe00,2026-08-14T13:15:00Z,2026-08-14T15:15:00+0200,143.07,EUR/MWh,BE,BE,imbalance_price,Long,2026-08-23T11:28:30Z
2026-08-23T11:27:43Z,2026-08-23T13:27:43+0200,aa89dba4-771d-4653-9ac4-44e4858bfe00,2026-08-14T13:15:00Z,2026-08-14T15:15:00+0200,143.07,EUR/MWh,BE,BE,imbalance_price,Short,2026-08-23T11:28:30Z
2026-08-23T11:27:43Z,2026-08-23T13:27:43+0200,aa89dba4-771d-4653-9ac4-44e4858bfe00,2026-08-14T13:30:00Z,2026-08-14T15:30:00+0200,113.4,EUR/MWh,BE,BE,imbalance_price,Long,2026-08-23T11:28:30Z
2026-08-23T11:27:43Z,2026-08-23T13:27:43+0200,aa89dba4-771d-4653-9ac4-44e4858bfe00,2026-08-14T13:30:00Z,2026-08-14T15:30:00+0200,113.4,EUR/MWh,BE,BE,imbalance_price,Short,2026-08-23T11:28:30Z
2026-08-23T11:27:43Z,2026-08-23T13:27:43+0200,aa89dba4-771d-4653-9ac4-44e4858bfe00,2026-08-14T13:45:00Z,2026-08-14T15:45:00+0200,113.18,EUR/MWh,BE,BE,imbalance_price,Long,2026-08-23T11:28:30Z
2026-08-23T11:27:43Z,2026-08-23T13:27:43+0200,aa89dba4-771d-4653-9ac4-44e4858bfe00,2026-08-14T13:45:00Z,2026-08-14T15:45:00+0200,113.18,EUR/MWh,BE,BE,imbalance_price,Short,2026-08-23T11:28:30Z
2026-08-23T11:27:43Z,2026-08-23T13:27:43+0200,aa89dba4-771d-4653-9ac4-44e4858bfe00,2026-08-14T14:00:00Z,2026-08-14T16:00:00+0200,123.73,EUR/MWh,BE,BE,imbalance_price,Long,2026-08-23T11:28:30Z
2026-08-23T11:27:43Z,2026-08-23T13:27:43+0200,aa89dba4-771d-4653-9ac4-44e4858bfe00,2026-08-14T14:00:00Z,2026-08-14T16:00:00+0200,123.73,EUR/MWh,BE,BE,imbalance_price,Short,2026-08-23T11:28:30Z
2026-08-23T11:27:43Z,2026-08-23T13:27:43+0200,aa89dba4-771d-4653-9ac4-44e4858bfe00,2026-08-14T14:15:00Z,2026-08-14T16:15:00+0200,122.94,EUR/MWh,BE,BE,imbalance_price,Long,2026-08-23T11:28:30Z
2026-08-23T11:27:43Z,2026-08-23T13:27:43+0200,aa89dba4-771d-4653-9ac4-44e4858bfe00,2026-08-14T14:15:00Z,2026-08-14T16:15:00+0200,122.94,EUR/MWh,BE,BE,imbalance_price,Short,2026-08-23T11:28:30Z
2026-08-23T11:27:43Z,2026-08-23T13:27:43+0200,aa89dba4-771d-4653-9ac4-44e4858bfe00,2026-08-14T14:30:00Z,2026-08-14T16:30:00+0200,131.4,EUR/MWh,BE,BE,imbalance_price,Long,2026-08-23T11:28:30Z
2026-08-23T11:27:43Z,2026-08-23T13:27:43+0200,aa89dba4-771d-4653-9ac4-44e4858bfe00,2026-08-14T14:30:00Z,2026-08-14T16:30:00+0200,131.4,EUR/MWh,BE,BE,imbalance_price,Short,2026-08-23T11:28:30Z
2026-08-23T11:27:43Z,2026-08-23T13:27:43+0200,aa89dba4-771d-4653-9ac4-44e4858bfe00,2026-08-14T14:45:00Z,2026-08-14T16:45:00+0200,173.42,EUR/MWh,BE,BE,imbalance_price,Long,2026-08-23T11:28:30Z
2026-08-23T11:27:43Z,2026-08-23T13:27:43+0200,aa89dba4-771d-4653-9ac4-44e4858bfe00,2026-08-14T14:45:00Z,2026-08-14T16:45:00+0200,173.42,EUR/MWh,BE,BE,imbalance_price,Short,2026-08-23T11:28:30Z
2026-08-23T11:27:43Z,2026-08-23T13:27:43+0200,aa89dba4-771d-4653-9ac4-44e4858bfe00,2026-08-14T15:00:00Z,2026-08-14T17:00:00+0200,163.08,EUR/MWh,BE,BE,imbalance_price,Long,2026-08-23T11:28:30Z
2026-08-23T11:27:43Z,2026-08-23T13:27:43+0200,aa89dba4-771d-4653-9ac4-44e4858bfe00,2026-08-14T15:00:00Z,2026-08-14T17:00:00+0200,163.08,EUR/MWh,BE,BE,imbalance_price,Short,2026-08-23T11:28:30Z
2026-08-23T11:27:43Z,2026-08-23T13:27:43+0200,aa89dba4-771d-4653-9ac4-44e4858bfe00,2026-08-14T15:15:00Z,2026-08-14T17:15:00+0200,130.62,EUR/MWh,BE,BE,imbalance_price,Long,2026-08-23T11:28:30Z
2026-08-23T11:27:43Z,2026-08-23T13:27:43+0200,aa89dba4-771d-4653-9ac4-44e4858bfe00,2026-08-14T15:15:00Z,2026-08-14T17:15:00+0200,130.62,EUR/MWh,BE,BE,imbalance_price,Short,2026-08-23T11:28:30Z
2026-08-23T11:27:43Z,2026-08-23T13:27:43+0200,aa89dba4-771d-4653-9ac4-44e4858bfe00,2026-08-14T15:30:00Z,2026-08-14T17:30:00+0200,169.5,EUR/MWh,BE,BE,imbalance_price,Long,2026-08-23T11:28:30Z
2026-08-23T11:27:43Z,2026-08-23T13:27:43+0200,aa89dba4-771d-4653-9ac4-44e4858bfe00,2026-08-14T15:30:00Z,2026-08-14T17:30:00+0200,169.5,EUR/MWh,BE,BE,imbalance_price,Short,2026-08-23T11:28:30Z
2026-08-23T11:27:43Z,2026-08-23T13:27:43+0200,aa89dba4-771d-4653-9ac4-44e4858bfe00,2026-08-14T15:45:00Z,2026-08-14T17:45:00+0200,238.54,EUR/MWh,BE,BE,imbalance_price,Long,2026-08-23T11:28:30Z
2026-08-23T11:27:43Z,2026-08-23T13:27:43+0200,aa89dba4-771d-4653-9ac4-44e4858bfe00,2026-08-14T15:45:00Z,2026-08-14T17:45:00+0200,238.54,EUR/MWh,BE,BE,imbalance_price,Short,2026-08-23T11:28:30Z
2026-08-23T11:27:43Z,2026-08-23T13:27:43+0200,aa89dba4-771d-4653-9ac4-44e4858bfe00,2026-08-14T16:00:00Z,2026-08-14T18:00:00+0200,215.45,EUR/MWh,BE,BE,imbalance_price,Long,2026-08-23T11:28:30Z
2026-08-23T11:27:43Z,2026-08-23T13:27:43+0200,aa89dba4-771d-4653-9ac4-44e4858bfe00,2026-08-14T16:00:00Z,2026-08-14T18:00:00+0200,215.45,EUR/MWh,BE,BE,imbalance_price,Short,2026-08-23T11:28:30Z
2026-08-23T11:27:43Z,2026-08-23T13:27:43+0200,aa89dba4-771d-4653-9ac4-44e4858bfe00,2026-08-14T16:15:00Z,2026-08-14T18:15:00+0200,200.0,EUR/MWh,BE,BE,imbalance_price,Long,2026-08-23T11:28:30Z
2026-08-23T11:27:43Z,2026-08-23T13:27:43+0200,aa89dba4-771d-4653-9ac4-44e4858bfe00,2026-08-14T16:15:00Z,2026-08-14T18:15:00+0200,200.0,EUR/MWh,BE,BE,imbalance_price,Short,2026-08-23T11:28:30Z
2026-08-23T11:27:43Z,2026-08-23T13:27:43+0200,aa89dba4-771d-4653-9ac4-44e4858bfe00,2026-08-14T16:30:00Z,2026-08-14T18:30:00+0200,203.18,EUR/MWh,BE,BE,imbalance_price,Long,2026-08-23T11:28:30Z
2026-08-23T11:27:43Z,2026-08-23T13:27:43+0200,aa89dba4-771d-4653-9ac4-44e4858bfe00,2026-08-14T16:30:00Z,2026-08-14T18:30:00+0200,203.18,EUR/MWh,BE,BE,imbalance_price,Short,2026-08-23T11:28:30Z
2026-08-23T11:27:43Z,2026-08-23T13:27:43+0200,aa89dba4-771d-4653-9ac4-44e4858bfe00,2026-08-14T16:45:00Z,2026-08-14T18:45:00+0200,230.76,EUR/MWh,BE,BE,imbalance_price,Long,2026-08-23T11:28:30Z
2026-08-23T11:27:43Z,2026-08-23T13:27:43+0200,aa89dba4-771d-4653-9ac4-44e4858bfe00,2026-08-14T16:45:00Z,2026-08-14T18:45:00+0200,230.76,EUR/MWh,BE,BE,imbalance_price,Short,2026-08-23T11:28:30Z
2026-08-23T11:27:43Z,2026-08-23T13:27:43+0200,aa89dba4-771d-4653-9ac4-44e4858bfe00,2026-08-14T17:00:00Z,2026-08-14T19:00:00+0200,217.53,EUR/MWh,BE,BE,imbalance_price,Long,2026-08-23T11:28:30Z
2026-08-23T11:27:43Z,2026-08-23T13:27:43+0200,aa89dba4-771d-4653-9ac4-44e4858bfe00,2026-08-14T17:00:00Z,2026-08-14T19:00:00+0200,217.53,EUR/MWh,BE,BE,imbalance_price,Short,2026-08-23T11:28:30Z
2026-08-23T11:27:43Z,2026-08-23T13:27:43+0200,aa89dba4-771d-4653-9ac4-44e4858bfe00,2026-08-14T17:15:00Z,2026-08-14T19:15:00+0200,219.63,EUR/MWh,BE,BE,imbalance_price,Long,2026-08-23T11:28:30Z
2026-08-23T11:27:43Z,2026-08-23T13:27:43+0200,aa89dba4-771d-4653-9ac4-44e4858bfe00,2026-08-14T17:15:00Z,2026-08-14T19:15:00+0200,219.63,EUR/MWh,BE,BE,imbalance_price,Short,2026-08-23T11:28:30Z
2026-08-23T11:27:43Z,2026-08-23T13:27:43+0200,aa89dba4-771d-4653-9ac4-44e4858bfe00,2026-08-14T17:30:00Z,2026-08-14T19:30:00+0200,225.14,EUR/MWh,BE,BE,imbalance_price,Long,2026-08-23T11:28:30Z
2026-08-23T11:27:43Z,2026-08-23T13:27:43+0200,aa89dba4-771d-4653-9ac4-44e4858bfe00,2026-08-14T17:30:00Z,2026-08-14T19:30:00+0200,225.14,EUR/MWh,BE,BE,imbalance_price,Short,2026-08-23T11:28:30Z
2026-08-23T11:27:43Z,2026-08-23T13:27:43+0200,aa89dba4-771d-4653-9ac4-44e4858bfe00,2026-08-14T17:45:00Z,2026-08-14T19:45:00+0200,211.39,EUR/MWh,BE,BE,imbalance_price,Long,2026-08-23T11:28:30Z
2026-08-23T11:27:43Z,2026-08-23T13:27:43+0200,aa89dba4-771d-4653-9ac4-44e4858bfe00,2026-08-14T17:45:00Z,2026-08-14T19:45:00+0200,211.39,EUR/MWh,BE,BE,imbalance_price,Short,2026-08-23T11:28:30Z
2026-08-23T11:27:43Z,2026-08-23T13:27:43+0200,aa89dba4-771d-4653-9ac4-44e4858bfe00,2026-08-14T18:00:00Z,2026-08-14T20:00:00+0200,202.0,EUR/MWh,BE,BE,imbalance_price,Long,2026-08-23T11:28:30Z
2026-08-23T11:27:43Z,2026-08-23T13:27:43+0200,aa89dba4-771d-4653-9ac4-44e4858bfe00,2026-08-14T18:00:00Z,2026-08-14T20:00:00+0200,202.0,EUR/MWh,BE,BE,imbalance_price,Short,2026-08-23T11:28:30Z
2026-08-23T11:27:43Z,2026-08-23T13:27:43+0200,aa89dba4-771d-4653-9ac4-44e4858bfe00,2026-08-14T18:15:00Z,2026-08-14T20:15:00+0200,202.0,EUR/MWh,BE,BE,imbalance_price,Long,2026-08-23T11:28:30Z
2026-08-23T11:27:43Z,2026-08-23T13:27:43+0200,aa89dba4-771d-4653-9ac4-44e4858bfe00,2026-08-14T18:15:00Z,2026-08-14T20:15:00+0200,202.0,EUR/MWh,BE,BE,imbalance_price,Short,2026-08-23T11:28:30Z
2026-08-23T11:27:43Z,2026-08-23T13:27:43+0200,aa89dba4-771d-4653-9ac4-44e4858bfe00,2026-08-14T18:30:00Z,2026-08-14T20:30:00+0200,202.0,EUR/MWh,BE,BE,imbalance_price,Long,2026-08-23T11:28:30Z
2026-08-23T11:27:43Z,2026-08-23T13:27:43+0200,aa89dba4-771d-4653-9ac4-44e4858bfe00,2026-08-14T18:30:00Z,2026-08-14T20:30:00+0200,202.0,EUR/MWh,BE,BE,imbalance_price,Short,2026-08-23T11:28:30Z
2026-08-23T11:27:43Z,2026-08-23T13:27:43+0200,aa89dba4-771d-4653-9ac4-44e4858bfe00,2026-08-14T18:45:00Z,2026-08-14T20:45:00+0200,196.61,EUR/MWh,BE,BE,imbalance_price,Long,2026-08-23T11:28:30Z
2026-08-23T11:27:43Z,2026-08-23T13:27:43+0200,aa89dba4-771d-4653-9ac4-44e4858bfe00,2026-08-14T18:45:00Z,2026-08-14T20:45:00+0200,196.61,EUR/MWh,BE,BE,imbalance_price,Short,2026-08-23T11:28:30Z
2026-08-23T11:27:43Z,2026-08-23T13:27:43+0200,aa89dba4-771d-4653-9ac4-44e4858bfe00,2026-08-14T19:00:00Z,2026-08-14T21:00:00+0200,203.0,EUR/MWh,BE,BE,imbalance_price,Long,2026-08-23T11:28:30Z
2026-08-23T11:27:43Z,2026-08-23T13:27:43+0200,aa89dba4-771d-4653-9ac4-44e4858bfe00,2026-08-14T19:00:00Z,2026-08-14T21:00:00+0200,203.0,EUR/MWh,BE,BE,imbalance_price,Short,2026-08-23T11:28:30Z
2026-08-23T11:27:43Z,2026-08-23T13:27:43+0200,aa89dba4-771d-4653-9ac4-44e4858bfe00,2026-08-14T19:15:00Z,2026-08-14T21:15:00+0200,193.85,EUR/MWh,BE,BE,imbalance_price,Long,2026-08-23T11:28:30Z
2026-08-23T11:27:43Z,2026-08-23T13:27:43+0200,aa89dba4-771d-4653-9ac4-44e4858bfe00,2026-08-14T19:15:00Z,2026-08-14T21:15:00+0200,193.85,EUR/MWh,BE,BE,imbalance_price,Short,2026-08-23T11:28:30Z
2026-08-23T11:27:43Z,2026-08-23T13:27:43+0200,aa89dba4-771d-4653-9ac4-44e4858bfe00,2026-08-14T19:30:00Z,2026-08-14T21:30:00+0200,193.67,EUR/MWh,BE,BE,imbalance_price,Long,2026-08-23T11:28:30Z
2026-08-23T11:27:43Z,2026-08-23T13:27:43+0200,aa89dba4-771d-4653-9ac4-44e4858bfe00,2026-08-14T19:30:00Z,2026-08-14T21:30:00+0200,193.67,EUR/MWh,BE,BE,imbalance_price,Short,2026-08-23T11:28:30Z
2026-08-23T11:27:43Z,2026-08-23T13:27:43+0200,aa89dba4-771d-4653-9ac4-44e4858bfe00,2026-08-14T19:45:00Z,2026-08-14T21:45:00+0200,157.74,EUR/MWh,BE,BE,imbalance_price,Long,2026-08-23T11:28:30Z
2026-08-23T11:27:43Z,2026-08-23T13:27:43+0200,aa89dba4-771d-4653-9ac4-44e4858bfe00,2026-08-14T19:45:00Z,2026-08-14T21:45:00+0200,157.74,EUR/MWh,BE,BE,imbalance_price,Short,2026-08-23T11:28:30Z
2026-08-23T11:27:43Z,2026-08-23T13:27:43+0200,aa89dba4-771d-4653-9ac4-44e4858bfe00,2026-08-14T20:00:00Z,2026-08-14T22:00:00+0200,176.25,EUR/MWh,BE,BE,imbalance_price,Long,2026-08-23T11:28:30Z
2026-08-23T11:27:43Z,2026-08-23T13:27:43+0200,aa89dba4-771d-4653-9ac4-44e4858bfe00,2026-08-14T20:00:00Z,2026-08-14T22:00:00+0200,176.25,EUR/MWh,BE,BE,imbalance_price,Short,2026-08-23T11:28:30Z
2026-08-23T11:27:43Z,2026-08-23T13:27:43+0200,aa89dba4-771d-4653-9ac4-44e4858bfe00,2026-08-14T20:15:00Z,2026-08-14T22:15:00+0200,144.38,EUR/MWh,BE,BE,imbalance_price,Long,2026-08-23T11:28:30Z
2026-08-23T11:27:43Z,2026-08-23T13:27:43+0200,aa89dba4-771d-4653-9ac4-44e4858bfe00,2026-08-14T20:15:00Z,2026-08-14T22:15:00+0200,144.38,EUR/MWh,BE,BE,imbalance_price,Short,2026-08-23T11:28:30Z
2026-08-23T11:27:43Z,2026-08-23T13:27:43+0200,aa89dba4-771d-4653-9ac4-44e4858bfe00,2026-08-14T20:30:00Z,2026-08-14T22:30:00+0200,145.02,EUR/MWh,BE,BE,imbalance_price,Long,2026-08-23T11:28:30Z
2026-08-23T11:27:43Z,2026-08-23T13:27:43+0200,aa89dba4-771d-4653-9ac4-44e4858bfe00,2026-08-14T20:30:00Z,2026-08-14T22:30:00+0200,145.02,EUR/MWh,BE,BE,imbalance_price,Short,2026-08-23T11:28:30Z
2026-08-23T11:27:43Z,2026-08-23T13:27:43+0200,aa89dba4-771d-4653-9ac4-44e4858bfe00,2026-08-14T20:45:00Z,2026-08-14T22:45:00+0200,138.6,EUR/MWh,BE,BE,imbalance_price,Long,2026-08-23T11:28:30Z
2026-08-23T11:27:43Z,2026-08-23T13:27:43+0200,aa89dba4-771d-4653-9ac4-44e4858bfe00,2026-08-14T20:45:00Z,2026-08-14T22:45:00+0200,138.6,EUR/MWh,BE,BE,imbalance_price,Short,2026-08-23T11:28:30Z
2026-08-23T11:27:43Z,2026-08-23T13:27:43+0200,aa89dba4-771d-4653-9ac4-44e4858bfe00,2026-08-14T21:00:00Z,2026-08-14T23:00:00+0200,166.87,EUR/MWh,BE,BE,imbalance_price,Long,2026-08-23T11:28:30Z
2026-08-23T11:27:43Z,2026-08-23T13:27:43+0200,aa89dba4-771d-4653-9ac4-44e4858bfe00,2026-08-14T21:00:00Z,2026-08-14T23:00:00+0200,166.87,EUR/MWh,BE,BE,imbalance_price,Short,2026-08-23T11:28:30Z
2026-08-23T11:27:43Z,2026-08-23T13:27:43+0200,aa89dba4-771d-4653-9ac4-44e4858bfe00,2026-08-14T21:15:00Z,2026-08-14T23:15:00+0200,170.12,EUR/MWh,BE,BE,imbalance_price,Long,2026-08-23T11:28:30Z
2026-08-23T11:27:43Z,2026-08-23T13:27:43+0200,aa89dba4-771d-4653-9ac4-44e4858bfe00,2026-08-14T21:15:00Z,2026-08-14T23:15:00+0200,170.12,EUR/MWh,BE,BE,imbalance_price,Short,2026-08-23T11:28:30Z
2026-08-23T11:27:43Z,2026-08-23T13:27:43+0200,aa89dba4-771d-4653-9ac4-44e4858bfe00,2026-08-14T21:30:00Z,2026-08-14T23:30:00+0200,169.01,EUR/MWh,BE,BE,imbalance_price,Long,2026-08-23T11:28:30Z
2026-08-23T11:27:43Z,2026-08-23T13:27:43+0200,aa89dba4-771d-4653-9ac4-44e4858bfe00,2026-08-14T21:30:00Z,2026-08-14T23:30:00+0200,169.01,EUR/MWh,BE,BE,imbalance_price,Short,2026-08-23T11:28:30Z
2026-08-23T11:27:43Z,2026-08-23T13:27:43+0200,aa89dba4-771d-4653-9ac4-44e4858bfe00,2026-08-14T21:45:00Z,2026-08-14T23:45:00+0200,177.18,EUR/MWh,BE,BE,imbalance_price,Long,2026-08-23T11:28:30Z
2026-08-23T11:27:43Z,2026-08-23T13:27:43+0200,aa89dba4-771d-4653-9ac4-44e4858bfe00,2026-08-14T21:45:00Z,2026-08-14T23:45:00+0200,177.18,EUR/MWh,BE,BE,imbalance_price,Short,2026-08-23T11:28:30Z
2026-08-23T11:27:43Z,2026-08-23T13:27:43+0200,aa89dba4-771d-4653-9ac4-44e4858bfe00,2026-08-14T22:00:00Z,2026-08-15T00:00:00+0200,189.71,EUR/MWh,BE,BE,imbalance_price,Long,2026-08-23T11:28:30Z
2026-08-23T11:27:43Z,2026-08-23T13:27:43+0200,aa89dba4-771d-4653-9ac4-44e4858bfe00,2026-08-14T22:00:00Z,2026-08-15T00:00:00+0200,189.71,EUR/MWh,BE,BE,imbalance_price,Short,2026-08-23T11:28:30Z
2026-08-23T11:27:43Z,2026-08-23T13:27:43+0200,aa89dba4-771d-4653-9ac4-44e4858bfe00,2026-08-14T22:15:00Z,2026-08-15T00:15:00+0200,196.75,EUR/MWh,BE,BE,imbalance_price,Long,2026-08-23T11:28:30Z
2026-08-23T11:27:43Z,2026-08-23T13:27:43+0200,aa89dba4-771d-4653-9ac4-44e4858bfe00,2026-08-14T22:15:00Z,2026-08-15T00:15:00+0200,196.75,EUR/MWh,BE,BE,imbalance_price,Short,2026-08-23T11:28:30Z
2026-08-23T11:27:43Z,2026-08-23T13:27:43+0200,aa89dba4-771d-4653-9ac4-44e4858bfe00,2026-08-14T22:30:00Z,2026-08-15T00:30:00+0200,166.66,EUR/MWh,BE,BE,imbalance_price,Long,2026-08-23T11:28:30Z
2026-08-23T11:27:43Z,2026-08-23T13:27:43+0200,aa89dba4-771d-4653-9ac4-44e4858bfe00,2026-08-14T22:30:00Z,2026-08-15T00:30:00+0200,166.66,EUR/MWh,BE,BE,imbalance_price,Short,2026-08-23T11:28:30Z
2026-08-23T11:27:43Z,2026-08-23T13:27:43+0200,aa89dba4-771d-4653-9ac4-44e4858bfe00,2026-08-14T22:45:00Z,2026-08-15T00:45:00+0200,184.52,EUR/MWh,BE,BE,imbalance_price,Long,2026-08-23T11:28:30Z
2026-08-23T11:27:43Z,2026-08-23T13:27:43+0200,aa89dba4-771d-4653-9ac4-44e4858bfe00,2026-08-14T22:45:00Z,2026-08-15T00:45:00+0200,184.52,EUR/MWh,BE,BE,imbalance_price,Short,2026-08-23T11:28:30Z
2026-08-23T11:27:43Z,2026-08-23T13:27:43+0200,aa89dba4-771d-4653-9ac4-44e4858bfe00,2026-08-14T23:00:00Z,2026-08-15T01:00:00+0200,174.62,EUR/MWh,BE,BE,imbalance_price,Long,2026-08-23T11:28:30Z
2026-08-23T11:27:43Z,2026-08-23T13:27:43+0200,aa89dba4-771d-4653-9ac4-44e4858bfe00,2026-08-14T23:00:00Z,2026-08-15T01:00:00+0200,174.62,EUR/MWh,BE,BE,imbalance_price,Short,2026-08-23T11:28:30Z
2026-08-23T11:27:43Z,2026-08-23T13:27:43+0200,aa89dba4-771d-4653-9ac4-44e4858bfe00,2026-08-14T23:15:00Z,2026-08-15T01:15:00+0200,184.29,EUR/MWh,BE,BE,imbalance_price,Long,2026-08-23T11:28:30Z
2026-08-23T11:27:43Z,2026-08-23T13:27:43+0200,aa89dba4-771d-4653-9ac4-44e4858bfe00,2026-08-14T23:15:00Z,2026-08-15T01:15:00+0200,184.29,EUR/MWh,BE,BE,imbalance_price,Short,2026-08-23T11:28:30Z
2026-08-23T11:27:43Z,2026-08-23T13:27:43+0200,aa89dba4-771d-4653-9ac4-44e4858bfe00,2026-08-14T23:30:00Z,2026-08-15T01:30:00+0200,165.83,EUR/MWh,BE,BE,imbalance_price,Long,2026-08-23T11:28:30Z
2026-08-23T11:27:43Z,2026-08-23T13:27:43+0200,aa89dba4-771d-4653-9ac4-44e4858bfe00,2026-08-14T23:30:00Z,2026-08-15T01:30:00+0200,165.83,EUR/MWh,BE,BE,imbalance_price,Short,2026-08-23T11:28:30Z
2026-08-23T11:27:43Z,2026-08-23T13:27:43+0200,aa89dba4-771d-4653-9ac4-44e4858bfe00,2026-08-14T23:45:00Z,2026-08-15T01:45:00+0200,146.75,EUR/MWh,BE,BE,imbalance_price,Long,2026-08-23T11:28:30Z
2026-08-23T11:27:43Z,2026-08-23T13:27:43+0200,aa89dba4-771d-4653-9ac4-44e4858bfe00,2026-08-14T23:45:00Z,2026-08-15T01:45:00+0200,146.75,EUR/MWh,BE,BE,imbalance_price,Short,2026-08-23T11:28:30Z
2026-08-23T11:27:43Z,2026-08-23T13:27:43+0200,aa89dba4-771d-4653-9ac4-44e4858bfe00,2026-08-15T00:00:00Z,2026-08-15T02:00:00+0200,155.71,EUR/MWh,BE,BE,imbalance_price,Long,2026-08-23T11:28:30Z
2026-08-23T11:27:43Z,2026-08-23T13:27:43+0200,aa89dba4-771d-4653-9ac4-44e4858bfe00,2026-08-15T00:00:00Z,2026-08-15T02:00:00+0200,155.71,EUR/MWh,BE,BE,imbalance_price,Short,2026-08-23T11:28:30Z
2026-08-23T11:27:43Z,2026-08-23T13:27:43+0200,aa89dba4-771d-4653-9ac4-44e4858bfe00,2026-08-15T00:15:00Z,2026-08-15T02:15:00+0200,145.84,EUR/MWh,BE,BE,imbalance_price,Long,2026-08-23T11:28:30Z
2026-08-23T11:27:43Z,2026-08-23T13:27:43+0200,aa89dba4-771d-4653-9ac4-44e4858bfe00,2026-08-15T00:15:00Z,2026-08-15T02:15:00+0200,145.84,EUR/MWh,BE,BE,imbalance_price,Short,2026-08-23T11:28:30Z
2026-08-23T11:27:43Z,2026-08-23T13:27:43+0200,aa89dba4-771d-4653-9ac4-44e4858bfe00,2026-08-15T00:30:00Z,2026-08-15T02:30:00+0200,144.57,EUR/MWh,BE,BE,imbalance_price,Long,2026-08-23T11:28:30Z
2026-08-23T11:27:43Z,2026-08-23T13:27:43+0200,aa89dba4-771d-4653-9ac4-44e4858bfe00,2026-08-15T00:30:00Z,2026-08-15T02:30:00+0200,144.57,EUR/MWh,BE,BE,imbalance_price,Short,2026-08-23T11:28:30Z
2026-08-23T11:27:43Z,2026-08-23T13:27:43+0200,aa89dba4-771d-4653-9ac4-44e4858bfe00,2026-08-15T00:45:00Z,2026-08-15T02:45:00+0200,140.25,EUR/MWh,BE,BE,imbalance_price,Long,2026-08-23T11:28:30Z
2026-08-23T11:27:43Z,2026-08-23T13:27:43+0200,aa89dba4-771d-4653-9ac4-44e4858bfe00,2026-08-15T00:45:00Z,2026-08-15T02:45:00+0200,140.25,EUR/MWh,BE,BE,imbalance_price,Short,2026-08-23T11:28:30Z
2026-08-23T11:27:43Z,2026-08-23T13:27:43+0200,aa89dba4-771d-4653-9ac4-44e4858bfe00,2026-08-15T01:00:00Z,2026-08-15T03:00:00+0200,140.37,EUR/MWh,BE,BE,imbalance_price,Long,2026-08-23T11:28:30Z
2026-08-23T11:27:43Z,2026-08-23T13:27:43+0200,aa89dba4-771d-4653-9ac4-44e4858bfe00,2026-08-15T01:00:00Z,2026-08-15T03:00:00+0200,140.37,EUR/MWh,BE,BE,imbalance_price,Short,2026-08-23T11:28:30Z
2026-08-23T11:27:43Z,2026-08-23T13:27:43+0200,aa89dba4-771d-4653-9ac4-44e4858bfe00,2026-08-15T01:15:00Z,2026-08-15T03:15:00+0200,156.56,EUR/MWh,BE,BE,imbalance_price,Long,2026-08-23T11:28:30Z
2026-08-23T11:27:43Z,2026-08-23T13:27:43+0200,aa89dba4-771d-4653-9ac4-44e4858bfe00,2026-08-15T01:15:00Z,2026-08-15T03:15:00+0200,156.56,EUR/MWh,BE,BE,imbalance_price,Short,2026-08-23T11:28:30Z
2026-08-23T11:27:43Z,2026-08-23T13:27:43+0200,aa89dba4-771d-4653-9ac4-44e4858bfe00,2026-08-15T01:30:00Z,2026-08-15T03:30:00+0200,152.55,EUR/MWh,BE,BE,imbalance_price,Long,2026-08-23T11:28:30Z
2026-08-23T11:27:43Z,2026-08-23T13:27:43+0200,aa89dba4-771d-4653-9ac4-44e4858bfe00,2026-08-15T01:30:00Z,2026-08-15T03:30:00+0200,152.55,EUR/MWh,BE,BE,imbalance_price,Short,2026-08-23T11:28:30Z
2026-08-23T11:27:43Z,2026-08-23T13:27:43+0200,aa89dba4-771d-4653-9ac4-44e4858bfe00,2026-08-15T01:45:00Z,2026-08-15T03:45:00+0200,147.55,EUR/MWh,BE,BE,imbalance_price,Long,2026-08-23T11:28:30Z
2026-08-23T11:27:43Z,2026-08-23T13:27:43+0200,aa89dba4-771d-4653-9ac4-44e4858bfe00,2026-08-15T01:45:00Z,2026-08-15T03:45:00+0200,147.55,EUR/MWh,BE,BE,imbalance_price,Short,2026-08-23T11:28:30Z
2026-08-23T11:27:43Z,2026-08-23T13:27:43+0200,aa89dba4-771d-4653-9ac4-44e4858bfe00,2026-08-15T02:00:00Z,2026-08-15T04:00:00+0200,154.44,EUR/MWh,BE,BE,imbalance_price,Long,2026-08-23T11:28:30Z
2026-08-23T11:27:43Z,2026-08-23T13:27:43+0200,aa89dba4-771d-4653-9ac4-44e4858bfe00,2026-08-15T02:00:00Z,2026-08-15T04:00:00+0200,154.44,EUR/MWh,BE,BE,imbalance_price,Short,2026-08-23T11:28:30Z
2026-08-23T11:27:43Z,2026-08-23T13:27:43+0200,aa89dba4-771d-4653-9ac4-44e4858bfe00,2026-08-15T02:15:00Z,2026-08-15T04:15:00+0200,152.23,EUR/MWh,BE,BE,imbalance_price,Long,2026-08-23T11:28:30Z
2026-08-23T11:27:43Z,2026-08-23T13:27:43+0200,aa89dba4-771d-4653-9ac4-44e4858bfe00,2026-08-15T02:15:00Z,2026-08-15T04:15:00+0200,152.23,EUR/MWh,BE,BE,imbalance_price,Short,2026-08-23T11:28:30Z
2026-08-23T11:27:43Z,2026-08-23T13:27:43+0200,aa89dba4-771d-4653-9ac4-44e4858bfe00,2026-08-15T02:30:00Z,2026-08-15T04:30:00+0200,140.34,EUR/MWh,BE,BE,imbalance_price,Long,2026-08-23T11:28:30Z
2026-08-23T11:27:43Z,2026-08-23T13:27:43+0200,aa89dba4-771d-4653-9ac4-44e4858bfe00,2026-08-15T02:30:00Z,2026-08-15T04:30:00+0200,140.34,EUR/MWh,BE,BE,imbalance_price,Short,2026-08-23T11:28:30Z
2026-08-23T11:27:43Z,2026-08-23T13:27:43+0200,aa89dba4-771d-4653-9ac4-44e4858bfe00,2026-08-15T02:45:00Z,2026-08-15T04:45:00+0200,140.34,EUR/MWh,BE,BE,imbalance_price,Long,2026-08-23T11:28:30Z
2026-08-23T11:27:43Z,2026-08-23T13:27:43+0200,aa89dba4-771d-4653-9ac4-44e4858bfe00,2026-08-15T02:45:00Z,2026-08-15T04:45:00+0200,140.34,EUR/MWh,BE,BE,imbalance_price,Short,2026-08-23T11:28:30Z
2026-08-23T11:27:43Z,2026-08-23T13:27:43+0200,aa89dba4-771d-4653-9ac4-44e4858bfe00,2026-08-15T03:00:00Z,2026-08-15T05:00:00+0200,140.29,EUR/MWh,BE,BE,imbalance_price,Long,2026-08-23T11:28:30Z
2026-08-23T11:27:43Z,2026-08-23T13:27:43+0200,aa89dba4-771d-4653-9ac4-44e4858bfe00,2026-08-15T03:00:00Z,2026-08-15T05:00:00+0200,140.29,EUR/MWh,BE,BE,imbalance_price,Short,2026-08-23T11:28:30Z
2026-08-23T11:27:43Z,2026-08-23T13:27:43+0200,aa89dba4-771d-4653-9ac4-44e4858bfe00,2026-08-15T03:15:00Z,2026-08-15T05:15:00+0200,140.3,EUR/MWh,BE,BE,imbalance_price,Long,2026-08-23T11:28:30Z
2026-08-23T11:27:43Z,2026-08-23T13:27:43+0200,aa89dba4-771d-4653-9ac4-44e4858bfe00,2026-08-15T03:15:00Z,2026-08-15T05:15:00+0200,140.3,EUR/MWh,BE,BE,imbalance_price,Short,2026-08-23T11:28:30Z
2026-08-23T11:27:43Z,2026-08-23T13:27:43+0200,aa89dba4-771d-4653-9ac4-44e4858bfe00,2026-08-15T03:30:00Z,2026-08-15T05:30:00+0200,140.35,EUR/MWh,BE,BE,imbalance_price,Long,2026-08-23T11:28:30Z
2026-08-23T11:27:43Z,2026-08-23T13:27:43+0200,aa89dba4-771d-4653-9ac4-44e4858bfe00,2026-08-15T03:30:00Z,2026-08-15T05:30:00+0200,140.35,EUR/MWh,BE,BE,imbalance_price,Short,2026-08-23T11:28:30Z
2026-08-23T11:27:43Z,2026-08-23T13:27:43+0200,aa89dba4-771d-4653-9ac4-44e4858bfe00,2026-08-15T03:45:00Z,2026-08-15T05:45:00+0200,140.41,EUR/MWh,BE,BE,imbalance_price,Long,2026-08-23T11:28:30Z
2026-08-23T11:27:43Z,2026-08-23T13:27:43+0200,aa89dba4-771d-4653-9ac4-44e4858bfe00,2026-08-15T03:45:00Z,2026-08-15T05:45:00+0200,140.41,EUR/MWh,BE,BE,imbalance_price,Short,2026-08-23T11:28:30Z
2026-08-23T11:27:43Z,2026-08-23T13:27:43+0200,aa89dba4-771d-4653-9ac4-44e4858bfe00,2026-08-15T04:00:00Z,2026-08-15T06:00:00+0200,144.67,EUR/MWh,BE,BE,imbalance_price,Long,2026-08-23T11:28:30Z
2026-08-23T11:27:43Z,2026-08-23T13:27:43+0200,aa89dba4-771d-4653-9ac4-44e4858bfe00,2026-08-15T04:00:00Z,2026-08-15T06:00:00+0200,144.67,EUR/MWh,BE,BE,imbalance_price,Short,2026-08-23T11:28:30Z
2026-08-23T11:27:43Z,2026-08-23T13:27:43+0200,aa89dba4-771d-4653-9ac4-44e4858bfe00,2026-08-15T04:15:00Z,2026-08-15T06:15:00+0200,140.44,EUR/MWh,BE,BE,imbalance_price,Long,2026-08-23T11:28:30Z
2026-08-23T11:27:43Z,2026-08-23T13:27:43+0200,aa89dba4-771d-4653-9ac4-44e4858bfe00,2026-08-15T04:15:00Z,2026-08-15T06:15:00+0200,140.44,EUR/MWh,BE,BE,imbalance_price,Short,2026-08-23T11:28:30Z
2026-08-23T11:27:43Z,2026-08-23T13:27:43+0200,aa89dba4-771d-4653-9ac4-44e4858bfe00,2026-08-15T04:30:00Z,2026-08-15T06:30:00+0200,141.71,EUR/MWh,BE,BE,imbalance_price,Long,2026-08-23T11:28:30Z
2026-08-23T11:27:43Z,2026-08-23T13:27:43+0200,aa89dba4-771d-4653-9ac4-44e4858bfe00,2026-08-15T04:30:00Z,2026-08-15T06:30:00+0200,141.71,EUR/MWh,BE,BE,imbalance_price,Short,2026-08-23T11:28:30Z
2026-08-23T11:27:43Z,2026-08-23T13:27:43+0200,aa89dba4-771d-4653-9ac4-44e4858bfe00,2026-08-15T04:45:00Z,2026-08-15T06:45:00+0200,143.58,EUR/MWh,BE,BE,imbalance_price,Long,2026-08-23T11:28:30Z
2026-08-23T11:27:43Z,2026-08-23T13:27:43+0200,aa89dba4-771d-4653-9ac4-44e4858bfe00,2026-08-15T04:45:00Z,2026-08-15T06:45:00+0200,143.58,EUR/MWh,BE,BE,imbalance_price,Short,2026-08-23T11:28:30Z
2026-08-23T11:27:43Z,2026-08-23T13:27:43+0200,aa89dba4-771d-4653-9ac4-44e4858bfe00,2026-08-15T05:00:00Z,2026-08-15T07:00:00+0200,161.75,EUR/MWh,BE,BE,imbalance_price,Long,2026-08-23T11:28:30Z
2026-08-23T11:27:43Z,2026-08-23T13:27:43+0200,aa89dba4-771d-4653-9ac4-44e4858bfe00,2026-08-15T05:00:00Z,2026-08-15T07:00:00+0200,161.75,EUR/MWh,BE,BE,imbalance_price,Short,2026-08-23T11:28:30Z
2026-08-23T11:27:43Z,2026-08-23T13:27:43+0200,aa89dba4-771d-4653-9ac4-44e4858bfe00,2026-08-15T05:15:00Z,2026-08-15T07:15:00+0200,152.72,EUR/MWh,BE,BE,imbalance_price,Long,2026-08-23T11:28:30Z
2026-08-23T11:27:43Z,2026-08-23T13:27:43+0200,aa89dba4-771d-4653-9ac4-44e4858bfe00,2026-08-15T05:15:00Z,2026-08-15T07:15:00+0200,152.72,EUR/MWh,BE,BE,imbalance_price,Short,2026-08-23T11:28:30Z
2026-08-23T11:27:43Z,2026-08-23T13:27:43+0200,aa89dba4-771d-4653-9ac4-44e4858bfe00,2026-08-15T05:30:00Z,2026-08-15T07:30:00+0200,143.41,EUR/MWh,BE,BE,imbalance_price,Long,2026-08-23T11:28:30Z
2026-08-23T11:27:43Z,2026-08-23T13:27:43+0200,aa89dba4-771d-4653-9ac4-44e4858bfe00,2026-08-15T05:30:00Z,2026-08-15T07:30:00+0200,143.41,EUR/MWh,BE,BE,imbalance_price,Short,2026-08-23T11:28:30Z
2026-08-23T11:27:43Z,2026-08-23T13:27:43+0200,aa89dba4-771d-4653-9ac4-44e4858bfe00,2026-08-15T05:45:00Z,2026-08-15T07:45:00+0200,143.06,EUR/MWh,BE,BE,imbalance_price,Long,2026-08-23T11:28:30Z
2026-08-23T11:27:43Z,2026-08-23T13:27:43+0200,aa89dba4-771d-4653-9ac4-44e4858bfe00,2026-08-15T05:45:00Z,2026-08-15T07:45:00+0200,143.06,EUR/MWh,BE,BE,imbalance_price,Short,2026-08-23T11:28:30Z
2026-08-23T11:27:43Z,2026-08-23T13:27:43+0200,aa89dba4-771d-4653-9ac4-44e4858bfe00,2026-08-15T06:00:00Z,2026-08-15T08:00:00+0200,206.58,EUR/MWh,BE,BE,imbalance_price,Long,2026-08-23T11:28:30Z
2026-08-23T11:27:43Z,2026-08-23T13:27:43+0200,aa89dba4-771d-4653-9ac4-44e4858bfe00,2026-08-15T06:00:00Z,2026-08-15T08:00:00+0200,206.58,EUR/MWh,BE,BE,imbalance_price,Short,2026-08-23T11:28:30Z
2026-08-23T11:27:43Z,2026-08-23T13:27:43+0200,aa89dba4-771d-4653-9ac4-44e4858bfe00,2026-08-15T06:15:00Z,2026-08-15T08:15:00+0200,201.1,EUR/MWh,BE,BE,imbalance_price,Long,2026-08-23T11:28:30Z
2026-08-23T11:27:43Z,2026-08-23T13:27:43+0200,aa89dba4-771d-4653-9ac4-44e4858bfe00,2026-08-15T06:15:00Z,2026-08-15T08:15:00+0200,201.1,EUR/MWh,BE,BE,imbalance_price,Short,2026-08-23T11:28:30Z
2026-08-23T11:27:43Z,2026-08-23T13:27:43+0200,aa89dba4-771d-4653-9ac4-44e4858bfe00,2026-08-15T06:30:00Z,2026-08-15T08:30:00+0200,88.87,EUR/MWh,BE,BE,imbalance_price,Long,2026-08-23T11:28:30Z
2026-08-23T11:27:43Z,2026-08-23T13:27:43+0200,aa89dba4-771d-4653-9ac4-44e4858bfe00,2026-08-15T06:30:00Z,2026-08-15T08:30:00+0200,88.87,EUR/MWh,BE,BE,imbalance_price,Short,2026-08-23T11:28:30Z
2026-08-23T11:27:43Z,2026-08-23T13:27:43+0200,aa89dba4-771d-4653-9ac4-44e4858bfe00,2026-08-15T06:45:00Z,2026-08-15T08:45:00+0200,92.52,EUR/MWh,BE,BE,imbalance_price,Long,2026-08-23T11:28:30Z
2026-08-23T11:27:43Z,2026-08-23T13:27:43+0200,aa89dba4-771d-4653-9ac4-44e4858bfe00,2026-08-15T06:45:00Z,2026-08-15T08:45:00+0200,92.52,EUR/MWh,BE,BE,imbalance_price,Short,2026-08-23T11:28:30Z
2026-08-23T11:27:43Z,2026-08-23T13:27:43+0200,aa89dba4-771d-4653-9ac4-44e4858bfe00,2026-08-15T07:00:00Z,2026-08-15T09:00:00+0200,62.0,EUR/MWh,BE,BE,imbalance_price,Long,2026-08-23T11:28:30Z
2026-08-23T11:27:43Z,2026-08-23T13:27:43+0200,aa89dba4-771d-4653-9ac4-44e4858bfe00,2026-08-15T07:00:00Z,2026-08-15T09:00:00+0200,62.0,EUR/MWh,BE,BE,imbalance_price,Short,2026-08-23T11:28:30Z
2026-08-23T11:27:43Z,2026-08-23T13:27:43+0200,aa89dba4-771d-4653-9ac4-44e4858bfe00,2026-08-15T07:15:00Z,2026-08-15T09:15:00+0200,62.0,EUR/MWh,BE,BE,imbalance_price,Long,2026-08-23T11:28:30Z
2026-08-23T11:27:43Z,2026-08-23T13:27:43+0200,aa89dba4-771d-4653-9ac4-44e4858bfe00,2026-08-15T07:15:00Z,2026-08-15T09:15:00+0200,62.0,EUR/MWh,BE,BE,imbalance_price,Short,2026-08-23T11:28:30Z
2026-08-23T11:27:43Z,2026-08-23T13:27:43+0200,aa89dba4-771d-4653-9ac4-44e4858bfe00,2026-08-15T07:30:00Z,2026-08-15T09:30:00+0200,62.0,EUR/MWh,BE,BE,imbalance_price,Long,2026-08-23T11:28:30Z
2026-08-23T11:27:43Z,2026-08-23T13:27:43+0200,aa89dba4-771d-4653-9ac4-44e4858bfe00,2026-08-15T07:30:00Z,2026-08-15T09:30:00+0200,62.0,EUR/MWh,BE,BE,imbalance_price,Short,2026-08-23T11:28:30Z
2026-08-23T11:27:43Z,2026-08-23T13:27:43+0200,aa89dba4-771d-4653-9ac4-44e4858bfe00,2026-08-15T07:45:00Z,2026-08-15T09:45:00+0200,62.0,EUR/MWh,BE,BE,imbalance_price,Long,2026-08-23T11:28:30Z
2026-08-23T11:27:43Z,2026-08-23T13:27:43+0200,aa89dba4-771d-4653-9ac4-44e4858bfe00,2026-08-15T07:45:00Z,2026-08-15T09:45:00+0200,62.0,EUR/MWh,BE,BE,imbalance_price,Short,2026-08-23T11:28:30Z
2026-08-23T11:27:43Z,2026-08-23T13:27:43+0200,aa89dba4-771d-4653-9ac4-44e4858bfe00,2026-08-15T08:00:00Z,2026-08-15T10:00:00+0200,91.78,EUR/MWh,BE,BE,imbalance_price,Long,2026-08-23T11:28:30Z
2026-08-23T11:27:43Z,2026-08-23T13:27:43+0200,aa89dba4-771d-4653-9ac4-44e4858bfe00,2026-08-15T08:00:00Z,2026-08-15T10:00:00+0200,91.78,EUR/MWh,BE,BE,imbalance_price,Short,2026-08-23T11:28:30Z
2026-08-23T11:27:43Z,2026-08-23T13:27:43+0200,aa89dba4-771d-4653-9ac4-44e4858bfe00,2026-08-15T08:15:00Z,2026-08-15T10:15:00+0200,204.63,EUR/MWh,BE,BE,imbalance_price,Long,2026-08-23T11:28:30Z
2026-08-23T11:27:43Z,2026-08-23T13:27:43+0200,aa89dba4-771d-4653-9ac4-44e4858bfe00,2026-08-15T08:15:00Z,2026-08-15T10:15:00+0200,204.63,EUR/MWh,BE,BE,imbalance_price,Short,2026-08-23T11:28:30Z
2026-08-23T11:27:43Z,2026-08-23T13:27:43+0200,aa89dba4-771d-4653-9ac4-44e4858bfe00,2026-08-15T08:30:00Z,2026-08-15T10:30:00+0200,185.9,EUR/MWh,BE,BE,imbalance_price,Long,2026-08-23T11:28:30Z
2026-08-23T11:27:43Z,2026-08-23T13:27:43+0200,aa89dba4-771d-4653-9ac4-44e4858bfe00,2026-08-15T08:30:00Z,2026-08-15T10:30:00+0200,185.9,EUR/MWh,BE,BE,imbalance_price,Short,2026-08-23T11:28:30Z
2026-08-23T11:27:43Z,2026-08-23T13:27:43+0200,aa89dba4-771d-4653-9ac4-44e4858bfe00,2026-08-15T08:45:00Z,2026-08-15T10:45:00+0200,84.0,EUR/MWh,BE,BE,imbalance_price,Long,2026-08-23T11:28:30Z
2026-08-23T11:27:43Z,2026-08-23T13:27:43+0200,aa89dba4-771d-4653-9ac4-44e4858bfe00,2026-08-15T08:45:00Z,2026-08-15T10:45:00+0200,84.0,EUR/MWh,BE,BE,imbalance_price,Short,2026-08-23T11:28:30Z
2026-08-23T11:27:43Z,2026-08-23T13:27:43+0200,aa89dba4-771d-4653-9ac4-44e4858bfe00,2026-08-15T09:00:00Z,2026-08-15T11:00:00+0200,176.02,EUR/MWh,BE,BE,imbalance_price,Long,2026-08-23T11:28:30Z
2026-08-23T11:27:43Z,2026-08-23T13:27:43+0200,aa89dba4-771d-4653-9ac4-44e4858bfe00,2026-08-15T09:00:00Z,2026-08-15T11:00:00+0200,176.02,EUR/MWh,BE,BE,imbalance_price,Short,2026-08-23T11:28:30Z
2026-08-23T11:27:43Z,2026-08-23T13:27:43+0200,aa89dba4-771d-4653-9ac4-44e4858bfe00,2026-08-15T09:15:00Z,2026-08-15T11:15:00+0200,204.14,EUR/MWh,BE,BE,imbalance_price,Long,2026-08-23T11:28:30Z
2026-08-23T11:27:43Z,2026-08-23T13:27:43+0200,aa89dba4-771d-4653-9ac4-44e4858bfe00,2026-08-15T09:15:00Z,2026-08-15T11:15:00+0200,204.14,EUR/MWh,BE,BE,imbalance_price,Short,2026-08-23T11:28:30Z
2026-08-23T11:27:43Z,2026-08-23T13:27:43+0200,aa89dba4-771d-4653-9ac4-44e4858bfe00,2026-08-15T09:30:00Z,2026-08-15T11:30:00+0200,1147.24,EUR/MWh,BE,BE,imbalance_price,Long,2026-08-23T11:28:30Z
2026-08-23T11:27:43Z,2026-08-23T13:27:43+0200,aa89dba4-771d-4653-9ac4-44e4858bfe00,2026-08-15T09:30:00Z,2026-08-15T11:30:00+0200,1147.24,EUR/MWh,BE,BE,imbalance_price,Short,2026-08-23T11:28:30Z
2026-08-23T11:27:43Z,2026-08-23T13:27:43+0200,aa89dba4-771d-4653-9ac4-44e4858bfe00,2026-08-15T09:45:00Z,2026-08-15T11:45:00+0200,3114.67,EUR/MWh,BE,BE,imbalance_price,Long,2026-08-23T11:28:30Z
2026-08-23T11:27:43Z,2026-08-23T13:27:43+0200,aa89dba4-771d-4653-9ac4-44e4858bfe00,2026-08-15T09:45:00Z,2026-08-15T11:45:00+0200,3114.67,EUR/MWh,BE,BE,imbalance_price,Short,2026-08-23T11:28:30Z
2026-08-23T11:27:43Z,2026-08-23T13:27:43+0200,aa89dba4-771d-4653-9ac4-44e4858bfe00,2026-08-15T10:00:00Z,2026-08-15T12:00:00+0200,1835.17,EUR/MWh,BE,BE,imbalance_price,Long,2026-08-23T11:28:30Z
2026-08-23T11:27:43Z,2026-08-23T13:27:43+0200,aa89dba4-771d-4653-9ac4-44e4858bfe00,2026-08-15T10:00:00Z,2026-08-15T12:00:00+0200,1835.17,EUR/MWh,BE,BE,imbalance_price,Short,2026-08-23T11:28:30Z
2026-08-23T11:27:43Z,2026-08-23T13:27:43+0200,aa89dba4-771d-4653-9ac4-44e4858bfe00,2026-08-15T10:15:00Z,2026-08-15T12:15:00+0200,211.48,EUR/MWh,BE,BE,imbalance_price,Long,2026-08-23T11:28:30Z
2026-08-23T11:27:43Z,2026-08-23T13:27:43+0200,aa89dba4-771d-4653-9ac4-44e4858bfe00,2026-08-15T10:15:00Z,2026-08-15T12:15:00+0200,211.48,EUR/MWh,BE,BE,imbalance_price,Short,2026-08-23T11:28:30Z
2026-08-23T11:27:43Z,2026-08-23T13:27:43+0200,aa89dba4-771d-4653-9ac4-44e4858bfe00,2026-08-15T10:30:00Z,2026-08-15T12:30:00+0200,107.45,EUR/MWh,BE,BE,imbalance_price,Long,2026-08-23T11:28:30Z
2026-08-23T11:27:43Z,2026-08-23T13:27:43+0200,aa89dba4-771d-4653-9ac4-44e4858bfe00,2026-08-15T10:30:00Z,2026-08-15T12:30:00+0200,107.45,EUR/MWh,BE,BE,imbalance_price,Short,2026-08-23T11:28:30Z
2026-08-23T11:27:43Z,2026-08-23T13:27:43+0200,aa89dba4-771d-4653-9ac4-44e4858bfe00,2026-08-15T10:45:00Z,2026-08-15T12:45:00+0200,106.03,EUR/MWh,BE,BE,imbalance_price,Long,2026-08-23T11:28:30Z
2026-08-23T11:27:43Z,2026-08-23T13:27:43+0200,aa89dba4-771d-4653-9ac4-44e4858bfe00,2026-08-15T10:45:00Z,2026-08-15T12:45:00+0200,106.03,EUR/MWh,BE,BE,imbalance_price,Short,2026-08-23T11:28:30Z
2026-08-23T11:27:43Z,2026-08-23T13:27:43+0200,aa89dba4-771d-4653-9ac4-44e4858bfe00,2026-08-15T11:00:00Z,2026-08-15T13:00:00+0200,124.15,EUR/MWh,BE,BE,imbalance_price,Long,2026-08-23T11:28:30Z
2026-08-23T11:27:43Z,2026-08-23T13:27:43+0200,aa89dba4-771d-4653-9ac4-44e4858bfe00,2026-08-15T11:00:00Z,2026-08-15T13:00:00+0200,124.15,EUR/MWh,BE,BE,imbalance_price,Short,2026-08-23T11:28:30Z
2026-08-23T11:27:43Z,2026-08-23T13:27:43+0200,aa89dba4-771d-4653-9ac4-44e4858bfe00,2026-08-15T11:15:00Z,2026-08-15T13:15:00+0200,136.69,EUR/MWh,BE,BE,imbalance_price,Long,2026-08-23T11:28:30Z
2026-08-23T11:27:43Z,2026-08-23T13:27:43+0200,aa89dba4-771d-4653-9ac4-44e4858bfe00,2026-08-15T11:15:00Z,2026-08-15T13:15:00+0200,136.69,EUR/MWh,BE,BE,imbalance_price,Short,2026-08-23T11:28:30Z
2026-08-23T11:27:43Z,2026-08-23T13:27:43+0200,aa89dba4-771d-4653-9ac4-44e4858bfe00,2026-08-15T11:30:00Z,2026-08-15T13:30:00+0200,87.64,EUR/MWh,BE,BE,imbalance_price,Long,2026-08-23T11:28:30Z
2026-08-23T11:27:43Z,2026-08-23T13:27:43+0200,aa89dba4-771d-4653-9ac4-44e4858bfe00,2026-08-15T11:30:00Z,2026-08-15T13:30:00+0200,87.64,EUR/MWh,BE,BE,imbalance_price,Short,2026-08-23T11:28:30Z
2026-08-23T11:27:43Z,2026-08-23T13:27:43+0200,aa89dba4-771d-4653-9ac4-44e4858bfe00,2026-08-15T11:45:00Z,2026-08-15T13:45:00+0200,154.83,EUR/MWh,BE,BE,imbalance_price,Long,2026-08-23T11:28:30Z
2026-08-23T11:27:43Z,2026-08-23T13:27:43+0200,aa89dba4-771d-4653-9ac4-44e4858bfe00,2026-08-15T11:45:00Z,2026-08-15T13:45:00+0200,154.83,EUR/MWh,BE,BE,imbalance_price,Short,2026-08-23T11:28:30Z
2026-08-23T11:27:43Z,2026-08-23T13:27:43+0200,aa89dba4-771d-4653-9ac4-44e4858bfe00,2026-08-15T12:00:00Z,2026-08-15T14:00:00+0200,62.0,EUR/MWh,BE,BE,imbalance_price,Long,2026-08-23T11:28:30Z
2026-08-23T11:27:43Z,2026-08-23T13:27:43+0200,aa89dba4-771d-4653-9ac4-44e4858bfe00,2026-08-15T12:00:00Z,2026-08-15T14:00:00+0200,62.0,EUR/MWh,BE,BE,imbalance_price,Short,2026-08-23T11:28:30Z
2026-08-23T11:27:43Z,2026-08-23T13:27:43+0200,aa89dba4-771d-4653-9ac4-44e4858bfe00,2026-08-15T12:15:00Z,2026-08-15T14:15:00+0200,60.8,EUR/MWh,BE,BE,imbalance_price,Long,2026-08-23T11:28:30Z
2026-08-23T11:27:43Z,2026-08-23T13:27:43+0200,aa89dba4-771d-4653-9ac4-44e4858bfe00,2026-08-15T12:15:00Z,2026-08-15T14:15:00+0200,60.8,EUR/MWh,BE,BE,imbalance_price,Short,2026-08-23T11:28:30Z
2026-08-23T11:27:43Z,2026-08-23T13:27:43+0200,aa89dba4-771d-4653-9ac4-44e4858bfe00,2026-08-15T12:30:00Z,2026-08-15T14:30:00+0200,53.53,EUR/MWh,BE,BE,imbalance_price,Long,2026-08-23T11:28:30Z
2026-08-23T11:27:43Z,2026-08-23T13:27:43+0200,aa89dba4-771d-4653-9ac4-44e4858bfe00,2026-08-15T12:30:00Z,2026-08-15T14:30:00+0200,53.53,EUR/MWh,BE,BE,imbalance_price,Short,2026-08-23T11:28:30Z
2026-08-23T11:27:43Z,2026-08-23T13:27:43+0200,aa89dba4-771d-4653-9ac4-44e4858bfe00,2026-08-15T12:45:00Z,2026-08-15T14:45:00+0200,-0.39,EUR/MWh,BE,BE,imbalance_price,Long,2026-08-23T11:28:30Z
2026-08-23T11:27:43Z,2026-08-23T13:27:43+0200,aa89dba4-771d-4653-9ac4-44e4858bfe00,2026-08-15T12:45:00Z,2026-08-15T14:45:00+0200,-0.39,EUR/MWh,BE,BE,imbalance_price,Short,2026-08-23T11:28:30Z
2026-08-23T11:27:43Z,2026-08-23T13:27:43+0200,aa89dba4-771d-4653-9ac4-44e4858bfe00,2026-08-15T13:00:00Z,2026-08-15T15:00:00+0200,-1.57,EUR/MWh,BE,BE,imbalance_price,Long,2026-08-23T11:28:30Z
2026-08-23T11:27:43Z,2026-08-23T13:27:43+0200,aa89dba4-771d-4653-9ac4-44e4858bfe00,2026-08-15T13:00:00Z,2026-08-15T15:00:00+0200,-1.57,EUR/MWh,BE,BE,imbalance_price,Short,2026-08-23T11:28:30Z
2026-08-23T11:27:43Z,2026-08-23T13:27:43+0200,aa89dba4-771d-4653-9ac4-44e4858bfe00,2026-08-15T13:15:00Z,2026-08-15T15:15:00+0200,5.85,EUR/MWh,BE,BE,imbalance_price,Long,2026-08-23T11:28:30Z
2026-08-23T11:27:43Z,2026-08-23T13:27:43+0200,aa89dba4-771d-4653-9ac4-44e4858bfe00,2026-08-15T13:15:00Z,2026-08-15T15:15:00+0200,5.85,EUR/MWh,BE,BE,imbalance_price,Short,2026-08-23T11:28:30Z
2026-08-23T11:27:43Z,2026-08-23T13:27:43+0200,aa89dba4-771d-4653-9ac4-44e4858bfe00,2026-08-15T13:30:00Z,2026-08-15T15:30:00+0200,-9.44,EUR/MWh,BE,BE,imbalance_price,Long,2026-08-23T11:28:30Z
2026-08-23T11:27:43Z,2026-08-23T13:27:43+0200,aa89dba4-771d-4653-9ac4-44e4858bfe00,2026-08-15T13:30:00Z,2026-08-15T15:30:00+0200,-9.44,EUR/MWh,BE,BE,imbalance_price,Short,2026-08-23T11:28:30Z
2026-08-23T11:27:43Z,2026-08-23T13:27:43+0200,aa89dba4-771d-4653-9ac4-44e4858bfe00,2026-08-15T13:45:00Z,2026-08-15T15:45:00+0200,26.6,EUR/MWh,BE,BE,imbalance_price,Long,2026-08-23T11:28:30Z
2026-08-23T11:27:43Z,2026-08-23T13:27:43+0200,aa89dba4-771d-4653-9ac4-44e4858bfe00,2026-08-15T13:45:00Z,2026-08-15T15:45:00+0200,26.6,EUR/MWh,BE,BE,imbalance_price,Short,2026-08-23T11:28:30Z
2026-08-23T11:27:43Z,2026-08-23T13:27:43+0200,aa89dba4-771d-4653-9ac4-44e4858bfe00,2026-08-15T14:00:00Z,2026-08-15T16:00:00+0200,62.0,EUR/MWh,BE,BE,imbalance_price,Long,2026-08-23T11:28:30Z
2026-08-23T11:27:43Z,2026-08-23T13:27:43+0200,aa89dba4-771d-4653-9ac4-44e4858bfe00,2026-08-15T14:00:00Z,2026-08-15T16:00:00+0200,62.0,EUR/MWh,BE,BE,imbalance_price,Short,2026-08-23T11:28:30Z
2026-08-23T11:27:43Z,2026-08-23T13:27:43+0200,aa89dba4-771d-4653-9ac4-44e4858bfe00,2026-08-15T14:15:00Z,2026-08-15T16:15:00+0200,156.91,EUR/MWh,BE,BE,imbalance_price,Long,2026-08-23T11:28:30Z
2026-08-23T11:27:43Z,2026-08-23T13:27:43+0200,aa89dba4-771d-4653-9ac4-44e4858bfe00,2026-08-15T14:15:00Z,2026-08-15T16:15:00+0200,156.91,EUR/MWh,BE,BE,imbalance_price,Short,2026-08-23T11:28:30Z
2026-08-23T11:27:43Z,2026-08-23T13:27:43+0200,aa89dba4-771d-4653-9ac4-44e4858bfe00,2026-08-15T14:30:00Z,2026-08-15T16:30:00+0200,194.06,EUR/MWh,BE,BE,imbalance_price,Long,2026-08-23T11:28:30Z
2026-08-23T11:27:43Z,2026-08-23T13:27:43+0200,aa89dba4-771d-4653-9ac4-44e4858bfe00,2026-08-15T14:30:00Z,2026-08-15T16:30:00+0200,194.06,EUR/MWh,BE,BE,imbalance_price,Short,2026-08-23T11:28:30Z
2026-08-23T11:27:43Z,2026-08-23T13:27:43+0200,aa89dba4-771d-4653-9ac4-44e4858bfe00,2026-08-15T14:45:00Z,2026-08-15T16:45:00+0200,140.0,EUR/MWh,BE,BE,imbalance_price,Long,2026-08-23T11:28:30Z
2026-08-23T11:27:43Z,2026-08-23T13:27:43+0200,aa89dba4-771d-4653-9ac4-44e4858bfe00,2026-08-15T14:45:00Z,2026-08-15T16:45:00+0200,140.0,EUR/MWh,BE,BE,imbalance_price,Short,2026-08-23T11:28:30Z
2026-08-23T11:27:43Z,2026-08-23T13:27:43+0200,aa89dba4-771d-4653-9ac4-44e4858bfe00,2026-08-15T15:00:00Z,2026-08-15T17:00:00+0200,123.21,EUR/MWh,BE,BE,imbalance_price,Long,2026-08-23T11:28:30Z
2026-08-23T11:27:43Z,2026-08-23T13:27:43+0200,aa89dba4-771d-4653-9ac4-44e4858bfe00,2026-08-15T15:00:00Z,2026-08-15T17:00:00+0200,123.21,EUR/MWh,BE,BE,imbalance_price,Short,2026-08-23T11:28:30Z
2026-08-23T11:27:43Z,2026-08-23T13:27:43+0200,aa89dba4-771d-4653-9ac4-44e4858bfe00,2026-08-15T15:15:00Z,2026-08-15T17:15:00+0200,176.05,EUR/MWh,BE,BE,imbalance_price,Long,2026-08-23T11:28:30Z
2026-08-23T11:27:43Z,2026-08-23T13:27:43+0200,aa89dba4-771d-4653-9ac4-44e4858bfe00,2026-08-15T15:15:00Z,2026-08-15T17:15:00+0200,176.05,EUR/MWh,BE,BE,imbalance_price,Short,2026-08-23T11:28:30Z
2026-08-23T11:27:43Z,2026-08-23T13:27:43+0200,aa89dba4-771d-4653-9ac4-44e4858bfe00,2026-08-15T15:30:00Z,2026-08-15T17:30:00+0200,175.21,EUR/MWh,BE,BE,imbalance_price,Long,2026-08-23T11:28:30Z
2026-08-23T11:27:43Z,2026-08-23T13:27:43+0200,aa89dba4-771d-4653-9ac4-44e4858bfe00,2026-08-15T15:30:00Z,2026-08-15T17:30:00+0200,175.21,EUR/MWh,BE,BE,imbalance_price,Short,2026-08-23T11:28:30Z
2026-08-23T11:27:43Z,2026-08-23T13:27:43+0200,aa89dba4-771d-4653-9ac4-44e4858bfe00,2026-08-15T15:45:00Z,2026-08-15T17:45:00+0200,196.29,EUR/MWh,BE,BE,imbalance_price,Long,2026-08-23T11:28:30Z
2026-08-23T11:27:43Z,2026-08-23T13:27:43+0200,aa89dba4-771d-4653-9ac4-44e4858bfe00,2026-08-15T15:45:00Z,2026-08-15T17:45:00+0200,196.29,EUR/MWh,BE,BE,imbalance_price,Short,2026-08-23T11:28:30Z
2026-08-23T11:27:43Z,2026-08-23T13:27:43+0200,aa89dba4-771d-4653-9ac4-44e4858bfe00,2026-08-15T16:00:00Z,2026-08-15T18:00:00+0200,206.0,EUR/MWh,BE,BE,imbalance_price,Long,2026-08-23T11:28:30Z
2026-08-23T11:27:43Z,2026-08-23T13:27:43+0200,aa89dba4-771d-4653-9ac4-44e4858bfe00,2026-08-15T16:00:00Z,2026-08-15T18:00:00+0200,206.0,EUR/MWh,BE,BE,imbalance_price,Short,2026-08-23T11:28:30Z
2026-08-23T11:27:43Z,2026-08-23T13:27:43+0200,aa89dba4-771d-4653-9ac4-44e4858bfe00,2026-08-15T16:15:00Z,2026-08-15T18:15:00+0200,181.6,EUR/MWh,BE,BE,imbalance_price,Long,2026-08-23T11:28:30Z
2026-08-23T11:27:43Z,2026-08-23T13:27:43+0200,aa89dba4-771d-4653-9ac4-44e4858bfe00,2026-08-15T16:15:00Z,2026-08-15T18:15:00+0200,181.6,EUR/MWh,BE,BE,imbalance_price,Short,2026-08-23T11:28:30Z
2026-08-23T11:27:43Z,2026-08-23T13:27:43+0200,aa89dba4-771d-4653-9ac4-44e4858bfe00,2026-08-15T16:30:00Z,2026-08-15T18:30:00+0200,218.12,EUR/MWh,BE,BE,imbalance_price,Long,2026-08-23T11:28:30Z
2026-08-23T11:27:43Z,2026-08-23T13:27:43+0200,aa89dba4-771d-4653-9ac4-44e4858bfe00,2026-08-15T16:30:00Z,2026-08-15T18:30:00+0200,218.12,EUR/MWh,BE,BE,imbalance_price,Short,2026-08-23T11:28:30Z
2026-08-23T11:27:43Z,2026-08-23T13:27:43+0200,aa89dba4-771d-4653-9ac4-44e4858bfe00,2026-08-15T16:45:00Z,2026-08-15T18:45:00+0200,160.29,EUR/MWh,BE,BE,imbalance_price,Long,2026-08-23T11:28:30Z
2026-08-23T11:27:43Z,2026-08-23T13:27:43+0200,aa89dba4-771d-4653-9ac4-44e4858bfe00,2026-08-15T16:45:00Z,2026-08-15T18:45:00+0200,160.29,EUR/MWh,BE,BE,imbalance_price,Short,2026-08-23T11:28:30Z
2026-08-23T11:27:43Z,2026-08-23T13:27:43+0200,aa89dba4-771d-4653-9ac4-44e4858bfe00,2026-08-15T17:00:00Z,2026-08-15T19:00:00+0200,140.44,EUR/MWh,BE,BE,imbalance_price,Long,2026-08-23T11:28:30Z
2026-08-23T11:27:43Z,2026-08-23T13:27:43+0200,aa89dba4-771d-4653-9ac4-44e4858bfe00,2026-08-15T17:00:00Z,2026-08-15T19:00:00+0200,140.44,EUR/MWh,BE,BE,imbalance_price,Short,2026-08-23T11:28:30Z
2026-08-23T11:27:43Z,2026-08-23T13:27:43+0200,aa89dba4-771d-4653-9ac4-44e4858bfe00,2026-08-15T17:15:00Z,2026-08-15T19:15:00+0200,174.77,EUR/MWh,BE,BE,imbalance_price,Long,2026-08-23T11:28:30Z
2026-08-23T11:27:43Z,2026-08-23T13:27:43+0200,aa89dba4-771d-4653-9ac4-44e4858bfe00,2026-08-15T17:15:00Z,2026-08-15T19:15:00+0200,174.77,EUR/MWh,BE,BE,imbalance_price,Short,2026-08-23T11:28:30Z
2026-08-23T11:27:43Z,2026-08-23T13:27:43+0200,aa89dba4-771d-4653-9ac4-44e4858bfe00,2026-08-15T17:30:00Z,2026-08-15T19:30:00+0200,171.83,EUR/MWh,BE,BE,imbalance_price,Long,2026-08-23T11:28:30Z
2026-08-23T11:27:43Z,2026-08-23T13:27:43+0200,aa89dba4-771d-4653-9ac4-44e4858bfe00,2026-08-15T17:30:00Z,2026-08-15T19:30:00+0200,171.83,EUR/MWh,BE,BE,imbalance_price,Short,2026-08-23T11:28:30Z
2026-08-23T11:27:43Z,2026-08-23T13:27:43+0200,aa89dba4-771d-4653-9ac4-44e4858bfe00,2026-08-15T17:45:00Z,2026-08-15T19:45:00+0200,154.23,EUR/MWh,BE,BE,imbalance_price,Long,2026-08-23T11:28:30Z
2026-08-23T11:27:43Z,2026-08-23T13:27:43+0200,aa89dba4-771d-4653-9ac4-44e4858bfe00,2026-08-15T17:45:00Z,2026-08-15T19:45:00+0200,154.23,EUR/MWh,BE,BE,imbalance_price,Short,2026-08-23T11:28:30Z
2026-08-23T11:27:43Z,2026-08-23T13:27:43+0200,aa89dba4-771d-4653-9ac4-44e4858bfe00,2026-08-15T18:00:00Z,2026-08-15T20:00:00+0200,151.79,EUR/MWh,BE,BE,imbalance_price,Long,2026-08-23T11:28:30Z
2026-08-23T11:27:43Z,2026-08-23T13:27:43+0200,aa89dba4-771d-4653-9ac4-44e4858bfe00,2026-08-15T18:00:00Z,2026-08-15T20:00:00+0200,151.79,EUR/MWh,BE,BE,imbalance_price,Short,2026-08-23T11:28:30Z
2026-08-23T11:27:43Z,2026-08-23T13:27:43+0200,aa89dba4-771d-4653-9ac4-44e4858bfe00,2026-08-15T18:15:00Z,2026-08-15T20:15:00+0200,153.15,EUR/MWh,BE,BE,imbalance_price,Long,2026-08-23T11:28:30Z
2026-08-23T11:27:43Z,2026-08-23T13:27:43+0200,aa89dba4-771d-4653-9ac4-44e4858bfe00,2026-08-15T18:15:00Z,2026-08-15T20:15:00+0200,153.15,EUR/MWh,BE,BE,imbalance_price,Short,2026-08-23T11:28:30Z
2026-08-23T11:27:43Z,2026-08-23T13:27:43+0200,aa89dba4-771d-4653-9ac4-44e4858bfe00,2026-08-15T18:30:00Z,2026-08-15T20:30:00+0200,167.63,EUR/MWh,BE,BE,imbalance_price,Long,2026-08-23T11:28:30Z
2026-08-23T11:27:43Z,2026-08-23T13:27:43+0200,aa89dba4-771d-4653-9ac4-44e4858bfe00,2026-08-15T18:30:00Z,2026-08-15T20:30:00+0200,167.63,EUR/MWh,BE,BE,imbalance_price,Short,2026-08-23T11:28:30Z
2026-08-23T11:27:43Z,2026-08-23T13:27:43+0200,aa89dba4-771d-4653-9ac4-44e4858bfe00,2026-08-15T18:45:00Z,2026-08-15T20:45:00+0200,189.11,EUR/MWh,BE,BE,imbalance_price,Long,2026-08-23T11:28:30Z
2026-08-23T11:27:43Z,2026-08-23T13:27:43+0200,aa89dba4-771d-4653-9ac4-44e4858bfe00,2026-08-15T18:45:00Z,2026-08-15T20:45:00+0200,189.11,EUR/MWh,BE,BE,imbalance_price,Short,2026-08-23T11:28:30Z
2026-08-23T11:27:43Z,2026-08-23T13:27:43+0200,aa89dba4-771d-4653-9ac4-44e4858bfe00,2026-08-15T19:00:00Z,2026-08-15T21:00:00+0200,200.76,EUR/MWh,BE,BE,imbalance_price,Long,2026-08-23T11:28:30Z
2026-08-23T11:27:43Z,2026-08-23T13:27:43+0200,aa89dba4-771d-4653-9ac4-44e4858bfe00,2026-08-15T19:00:00Z,2026-08-15T21:00:00+0200,200.76,EUR/MWh,BE,BE,imbalance_price,Short,2026-08-23T11:28:30Z
2026-08-23T11:27:43Z,2026-08-23T13:27:43+0200,aa89dba4-771d-4653-9ac4-44e4858bfe00,2026-08-15T19:15:00Z,2026-08-15T21:15:00+0200,191.89,EUR/MWh,BE,BE,imbalance_price,Long,2026-08-23T11:28:30Z
2026-08-23T11:27:43Z,2026-08-23T13:27:43+0200,aa89dba4-771d-4653-9ac4-44e4858bfe00,2026-08-15T19:15:00Z,2026-08-15T21:15:00+0200,191.89,EUR/MWh,BE,BE,imbalance_price,Short,2026-08-23T11:28:30Z
2026-08-23T11:27:43Z,2026-08-23T13:27:43+0200,aa89dba4-771d-4653-9ac4-44e4858bfe00,2026-08-15T19:30:00Z,2026-08-15T21:30:00+0200,211.54,EUR/MWh,BE,BE,imbalance_price,Long,2026-08-23T11:28:30Z
2026-08-23T11:27:43Z,2026-08-23T13:27:43+0200,aa89dba4-771d-4653-9ac4-44e4858bfe00,2026-08-15T19:30:00Z,2026-08-15T21:30:00+0200,211.54,EUR/MWh,BE,BE,imbalance_price,Short,2026-08-23T11:28:30Z
2026-08-23T11:27:43Z,2026-08-23T13:27:43+0200,aa89dba4-771d-4653-9ac4-44e4858bfe00,2026-08-15T19:45:00Z,2026-08-15T21:45:00+0200,194.85,EUR/MWh,BE,BE,imbalance_price,Long,2026-08-23T11:28:30Z
2026-08-23T11:27:43Z,2026-08-23T13:27:43+0200,aa89dba4-771d-4653-9ac4-44e4858bfe00,2026-08-15T19:45:00Z,2026-08-15T21:45:00+0200,194.85,EUR/MWh,BE,BE,imbalance_price,Short,2026-08-23T11:28:30Z
2026-08-23T11:27:43Z,2026-08-23T13:27:43+0200,aa89dba4-771d-4653-9ac4-44e4858bfe00,2026-08-15T20:00:00Z,2026-08-15T22:00:00+0200,188.2,EUR/MWh,BE,BE,imbalance_price,Long,2026-08-23T11:28:30Z
2026-08-23T11:27:43Z,2026-08-23T13:27:43+0200,aa89dba4-771d-4653-9ac4-44e4858bfe00,2026-08-15T20:00:00Z,2026-08-15T22:00:00+0200,188.2,EUR/MWh,BE,BE,imbalance_price,Short,2026-08-23T11:28:30Z
2026-08-23T11:27:43Z,2026-08-23T13:27:43+0200,aa89dba4-771d-4653-9ac4-44e4858bfe00,2026-08-15T20:15:00Z,2026-08-15T22:15:00+0200,160.52,EUR/MWh,BE,BE,imbalance_price,Long,2026-08-23T11:28:30Z
2026-08-23T11:27:43Z,2026-08-23T13:27:43+0200,aa89dba4-771d-4653-9ac4-44e4858bfe00,2026-08-15T20:15:00Z,2026-08-15T22:15:00+0200,160.52,EUR/MWh,BE,BE,imbalance_price,Short,2026-08-23T11:28:30Z
2026-08-23T11:27:43Z,2026-08-23T13:27:43+0200,aa89dba4-771d-4653-9ac4-44e4858bfe00,2026-08-15T20:30:00Z,2026-08-15T22:30:00+0200,199.59,EUR/MWh,BE,BE,imbalance_price,Long,2026-08-23T11:28:30Z
2026-08-23T11:27:43Z,2026-08-23T13:27:43+0200,aa89dba4-771d-4653-9ac4-44e4858bfe00,2026-08-15T20:30:00Z,2026-08-15T22:30:00+0200,199.59,EUR/MWh,BE,BE,imbalance_price,Short,2026-08-23T11:28:30Z
2026-08-23T11:27:43Z,2026-08-23T13:27:43+0200,aa89dba4-771d-4653-9ac4-44e4858bfe00,2026-08-15T20:45:00Z,2026-08-15T22:45:00+0200,194.42,EUR/MWh,BE,BE,imbalance_price,Long,2026-08-23T11:28:30Z
2026-08-23T11:27:43Z,2026-08-23T13:27:43+0200,aa89dba4-771d-4653-9ac4-44e4858bfe00,2026-08-15T20:45:00Z,2026-08-15T22:45:00+0200,194.42,EUR/MWh,BE,BE,imbalance_price,Short,2026-08-23T11:28:30Z
2026-08-23T11:27:43Z,2026-08-23T13:27:43+0200,aa89dba4-771d-4653-9ac4-44e4858bfe00,2026-08-15T21:00:00Z,2026-08-15T23:00:00+0200,185.54,EUR/MWh,BE,BE,imbalance_price,Long,2026-08-23T11:28:30Z
2026-08-23T11:27:43Z,2026-08-23T13:27:43+0200,aa89dba4-771d-4653-9ac4-44e4858bfe00,2026-08-15T21:00:00Z,2026-08-15T23:00:00+0200,185.54,EUR/MWh,BE,BE,imbalance_price,Short,2026-08-23T11:28:30Z
2026-08-23T11:27:43Z,2026-08-23T13:27:43+0200,aa89dba4-771d-4653-9ac4-44e4858bfe00,2026-08-15T21:15:00Z,2026-08-15T23:15:00+0200,185.39,EUR/MWh,BE,BE,imbalance_price,Long,2026-08-23T11:28:30Z
2026-08-23T11:27:43Z,2026-08-23T13:27:43+0200,aa89dba4-771d-4653-9ac4-44e4858bfe00,2026-08-15T21:15:00Z,2026-08-15T23:15:00+0200,185.39,EUR/MWh,BE,BE,imbalance_price,Short,2026-08-23T11:28:30Z
2026-08-23T11:27:43Z,2026-08-23T13:27:43+0200,aa89dba4-771d-4653-9ac4-44e4858bfe00,2026-08-15T21:30:00Z,2026-08-15T23:30:00+0200,202.27,EUR/MWh,BE,BE,imbalance_price,Long,2026-08-23T11:28:30Z
2026-08-23T11:27:43Z,2026-08-23T13:27:43+0200,aa89dba4-771d-4653-9ac4-44e4858bfe00,2026-08-15T21:30:00Z,2026-08-15T23:30:00+0200,202.27,EUR/MWh,BE,BE,imbalance_price,Short,2026-08-23T11:28:30Z
2026-08-23T11:27:43Z,2026-08-23T13:27:43+0200,aa89dba4-771d-4653-9ac4-44e4858bfe00,2026-08-15T21:45:00Z,2026-08-15T23:45:00+0200,188.03,EUR/MWh,BE,BE,imbalance_price,Long,2026-08-23T11:28:30Z
2026-08-23T11:27:43Z,2026-08-23T13:27:43+0200,aa89dba4-771d-4653-9ac4-44e4858bfe00,2026-08-15T21:45:00Z,2026-08-15T23:45:00+0200,188.03,EUR/MWh,BE,BE,imbalance_price,Short,2026-08-23T11:28:30Z
2026-08-23T11:27:43Z,2026-08-23T13:27:43+0200,aa89dba4-771d-4653-9ac4-44e4858bfe00,2026-08-15T22:00:00Z,2026-08-16T00:00:00+0200,217.48,EUR/MWh,BE,BE,imbalance_price,Long,2026-08-23T11:28:30Z
2026-08-23T11:27:43Z,2026-08-23T13:27:43+0200,aa89dba4-771d-4653-9ac4-44e4858bfe00,2026-08-15T22:00:00Z,2026-08-16T00:00:00+0200,217.48,EUR/MWh,BE,BE,imbalance_price,Short,2026-08-23T11:28:30Z
2026-08-23T11:27:43Z,2026-08-23T13:27:43+0200,aa89dba4-771d-4653-9ac4-44e4858bfe00,2026-08-15T22:15:00Z,2026-08-16T00:15:00+0200,220.19,EUR/MWh,BE,BE,imbalance_price,Long,2026-08-23T11:28:30Z
2026-08-23T11:27:43Z,2026-08-23T13:27:43+0200,aa89dba4-771d-4653-9ac4-44e4858bfe00,2026-08-15T22:15:00Z,2026-08-16T00:15:00+0200,220.19,EUR/MWh,BE,BE,imbalance_price,Short,2026-08-23T11:28:30Z
2026-08-23T11:27:43Z,2026-08-23T13:27:43+0200,aa89dba4-771d-4653-9ac4-44e4858bfe00,2026-08-15T22:30:00Z,2026-08-16T00:30:00+0200,211.25,EUR/MWh,BE,BE,imbalance_price,Long,2026-08-23T11:28:30Z
2026-08-23T11:27:43Z,2026-08-23T13:27:43+0200,aa89dba4-771d-4653-9ac4-44e4858bfe00,2026-08-15T22:30:00Z,2026-08-16T00:30:00+0200,211.25,EUR/MWh,BE,BE,imbalance_price,Short,2026-08-23T11:28:30Z
2026-08-23T11:27:43Z,2026-08-23T13:27:43+0200,aa89dba4-771d-4653-9ac4-44e4858bfe00,2026-08-15T22:45:00Z,2026-08-16T00:45:00+0200,205.83,EUR/MWh,BE,BE,imbalance_price,Long,2026-08-23T11:28:30Z
2026-08-23T11:27:43Z,2026-08-23T13:27:43+0200,aa89dba4-771d-4653-9ac4-44e4858bfe00,2026-08-15T22:45:00Z,2026-08-16T00:45:00+0200,205.83,EUR/MWh,BE,BE,imbalance_price,Short,2026-08-23T11:28:30Z
2026-08-23T11:27:43Z,2026-08-23T13:27:43+0200,aa89dba4-771d-4653-9ac4-44e4858bfe00,2026-08-15T23:00:00Z,2026-08-16T01:00:00+0200,196.27,EUR/MWh,BE,BE,imbalance_price,Long,2026-08-23T11:28:30Z
2026-08-23T11:27:43Z,2026-08-23T13:27:43+0200,aa89dba4-771d-4653-9ac4-44e4858bfe00,2026-08-15T23:00:00Z,2026-08-16T01:00:00+0200,196.27,EUR/MWh,BE,BE,imbalance_price,Short,2026-08-23T11:28:30Z
2026-08-23T11:27:43Z,2026-08-23T13:27:43+0200,aa89dba4-771d-4653-9ac4-44e4858bfe00,2026-08-15T23:15:00Z,2026-08-16T01:15:00+0200,188.03,EUR/MWh,BE,BE,imbalance_price,Long,2026-08-23T11:28:30Z
2026-08-23T11:27:43Z,2026-08-23T13:27:43+0200,aa89dba4-771d-4653-9ac4-44e4858bfe00,2026-08-15T23:15:00Z,2026-08-16T01:15:00+0200,188.03,EUR/MWh,BE,BE,imbalance_price,Short,2026-08-23T11:28:30Z
2026-08-23T11:27:43Z,2026-08-23T13:27:43+0200,aa89dba4-771d-4653-9ac4-44e4858bfe00,2026-08-15T23:30:00Z,2026-08-16T01:30:00+0200,202.63,EUR/MWh,BE,BE,imbalance_price,Long,2026-08-23T11:28:30Z
2026-08-23T11:27:43Z,2026-08-23T13:27:43+0200,aa89dba4-771d-4653-9ac4-44e4858bfe00,2026-08-15T23:30:00Z,2026-08-16T01:30:00+0200,202.63,EUR/MWh,BE,BE,imbalance_price,Short,2026-08-23T11:28:30Z
2026-08-23T11:27:43Z,2026-08-23T13:27:43+0200,aa89dba4-771d-4653-9ac4-44e4858bfe00,2026-08-15T23:45:00Z,2026-08-16T01:45:00+0200,191.71,EUR/MWh,BE,BE,imbalance_price,Long,2026-08-23T11:28:30Z
2026-08-23T11:27:43Z,2026-08-23T13:27:43+0200,aa89dba4-771d-4653-9ac4-44e4858bfe00,2026-08-15T23:45:00Z,2026-08-16T01:45:00+0200,191.71,EUR/MWh,BE,BE,imbalance_price,Short,2026-08-23T11:28:30Z
2026-08-23T11:27:43Z,2026-08-23T13:27:43+0200,aa89dba4-771d-4653-9ac4-44e4858bfe00,2026-08-16T00:00:00Z,2026-08-16T02:00:00+0200,204.5,EUR/MWh,BE,BE,imbalance_price,Long,2026-08-23T11:28:30Z
2026-08-23T11:27:43Z,2026-08-23T13:27:43+0200,aa89dba4-771d-4653-9ac4-44e4858bfe00,2026-08-16T00:00:00Z,2026-08-16T02:00:00+0200,204.5,EUR/MWh,BE,BE,imbalance_price,Short,2026-08-23T11:28:30Z
2026-08-23T11:27:43Z,2026-08-23T13:27:43+0200,aa89dba4-771d-4653-9ac4-44e4858bfe00,2026-08-16T00:15:00Z,2026-08-16T02:15:00+0200,190.2,EUR/MWh,BE,BE,imbalance_price,Long,2026-08-23T11:28:30Z
2026-08-23T11:27:43Z,2026-08-23T13:27:43+0200,aa89dba4-771d-4653-9ac4-44e4858bfe00,2026-08-16T00:15:00Z,2026-08-16T02:15:00+0200,190.2,EUR/MWh,BE,BE,imbalance_price,Short,2026-08-23T11:28:30Z
2026-08-23T11:27:43Z,2026-08-23T13:27:43+0200,aa89dba4-771d-4653-9ac4-44e4858bfe00,2026-08-16T00:30:00Z,2026-08-16T02:30:00+0200,170.0,EUR/MWh,BE,BE,imbalance_price,Long,2026-08-23T11:28:30Z
2026-08-23T11:27:43Z,2026-08-23T13:27:43+0200,aa89dba4-771d-4653-9ac4-44e4858bfe00,2026-08-16T00:30:00Z,2026-08-16T02:30:00+0200,170.0,EUR/MWh,BE,BE,imbalance_price,Short,2026-08-23T11:28:30Z
2026-08-23T11:27:43Z,2026-08-23T13:27:43+0200,aa89dba4-771d-4653-9ac4-44e4858bfe00,2026-08-16T00:45:00Z,2026-08-16T02:45:00+0200,170.12,EUR/MWh,BE,BE,imbalance_price,Long,2026-08-23T11:28:30Z
2026-08-23T11:27:43Z,2026-08-23T13:27:43+0200,aa89dba4-771d-4653-9ac4-44e4858bfe00,2026-08-16T00:45:00Z,2026-08-16T02:45:00+0200,170.12,EUR/MWh,BE,BE,imbalance_price,Short,2026-08-23T11:28:30Z
2026-08-23T11:27:43Z,2026-08-23T13:27:43+0200,aa89dba4-771d-4653-9ac4-44e4858bfe00,2026-08-16T01:00:00Z,2026-08-16T03:00:00+0200,196.0,EUR/MWh,BE,BE,imbalance_price,Long,2026-08-23T11:28:30Z
2026-08-23T11:27:43Z,2026-08-23T13:27:43+0200,aa89dba4-771d-4653-9ac4-44e4858bfe00,2026-08-16T01:00:00Z,2026-08-16T03:00:00+0200,196.0,EUR/MWh,BE,BE,imbalance_price,Short,2026-08-23T11:28:30Z
2026-08-23T11:27:43Z,2026-08-23T13:27:43+0200,aa89dba4-771d-4653-9ac4-44e4858bfe00,2026-08-16T01:15:00Z,2026-08-16T03:15:00+0200,164.8,EUR/MWh,BE,BE,imbalance_price,Long,2026-08-23T11:28:30Z
2026-08-23T11:27:43Z,2026-08-23T13:27:43+0200,aa89dba4-771d-4653-9ac4-44e4858bfe00,2026-08-16T01:15:00Z,2026-08-16T03:15:00+0200,164.8,EUR/MWh,BE,BE,imbalance_price,Short,2026-08-23T11:28:30Z
2026-08-23T11:27:43Z,2026-08-23T13:27:43+0200,aa89dba4-771d-4653-9ac4-44e4858bfe00,2026-08-16T01:30:00Z,2026-08-16T03:30:00+0200,160.32,EUR/MWh,BE,BE,imbalance_price,Long,2026-08-23T11:28:30Z
2026-08-23T11:27:43Z,2026-08-23T13:27:43+0200,aa89dba4-771d-4653-9ac4-44e4858bfe00,2026-08-16T01:30:00Z,2026-08-16T03:30:00+0200,160.32,EUR/MWh,BE,BE,imbalance_price,Short,2026-08-23T11:28:30Z
2026-08-23T11:27:43Z,2026-08-23T13:27:43+0200,aa89dba4-771d-4653-9ac4-44e4858bfe00,2026-08-16T01:45:00Z,2026-08-16T03:45:00+0200,181.08,EUR/MWh,BE,BE,imbalance_price,Long,2026-08-23T11:28:30Z
2026-08-23T11:27:43Z,2026-08-23T13:27:43+0200,aa89dba4-771d-4653-9ac4-44e4858bfe00,2026-08-16T01:45:00Z,2026-08-16T03:45:00+0200,181.08,EUR/MWh,BE,BE,imbalance_price,Short,2026-08-23T11:28:30Z
2026-08-23T11:27:43Z,2026-08-23T13:27:43+0200,aa89dba4-771d-4653-9ac4-44e4858bfe00,2026-08-16T02:00:00Z,2026-08-16T04:00:00+0200,203.58,EUR/MWh,BE,BE,imbalance_price,Long,2026-08-23T11:28:30Z
2026-08-23T11:27:43Z,2026-08-23T13:27:43+0200,aa89dba4-771d-4653-9ac4-44e4858bfe00,2026-08-16T02:00:00Z,2026-08-16T04:00:00+0200,203.58,EUR/MWh,BE,BE,imbalance_price,Short,2026-08-23T11:28:30Z
2026-08-23T11:27:43Z,2026-08-23T13:27:43+0200,aa89dba4-771d-4653-9ac4-44e4858bfe00,2026-08-16T02:15:00Z,2026-08-16T04:15:00+0200,199.63,EUR/MWh,BE,BE,imbalance_price,Long,2026-08-23T11:28:30Z
2026-08-23T11:27:43Z,2026-08-23T13:27:43+0200,aa89dba4-771d-4653-9ac4-44e4858bfe00,2026-08-16T02:15:00Z,2026-08-16T04:15:00+0200,199.63,EUR/MWh,BE,BE,imbalance_price,Short,2026-08-23T11:28:30Z
2026-08-23T11:27:43Z,2026-08-23T13:27:43+0200,aa89dba4-771d-4653-9ac4-44e4858bfe00,2026-08-16T02:30:00Z,2026-08-16T04:30:00+0200,203.58,EUR/MWh,BE,BE,imbalance_price,Long,2026-08-23T11:28:30Z
2026-08-23T11:27:43Z,2026-08-23T13:27:43+0200,aa89dba4-771d-4653-9ac4-44e4858bfe00,2026-08-16T02:30:00Z,2026-08-16T04:30:00+0200,203.58,EUR/MWh,BE,BE,imbalance_price,Short,2026-08-23T11:28:30Z
2026-08-23T11:27:43Z,2026-08-23T13:27:43+0200,aa89dba4-771d-4653-9ac4-44e4858bfe00,2026-08-16T02:45:00Z,2026-08-16T04:45:00+0200,200.0,EUR/MWh,BE,BE,imbalance_price,Long,2026-08-23T11:28:30Z
2026-08-23T11:27:43Z,2026-08-23T13:27:43+0200,aa89dba4-771d-4653-9ac4-44e4858bfe00,2026-08-16T02:45:00Z,2026-08-16T04:45:00+0200,200.0,EUR/MWh,BE,BE,imbalance_price,Short,2026-08-23T11:28:30Z
2026-08-23T11:27:43Z,2026-08-23T13:27:43+0200,aa89dba4-771d-4653-9ac4-44e4858bfe00,2026-08-16T03:00:00Z,2026-08-16T05:00:00+0200,206.4,EUR/MWh,BE,BE,imbalance_price,Long,2026-08-23T11:28:30Z
2026-08-23T11:27:43Z,2026-08-23T13:27:43+0200,aa89dba4-771d-4653-9ac4-44e4858bfe00,2026-08-16T03:00:00Z,2026-08-16T05:00:00+0200,206.4,EUR/MWh,BE,BE,imbalance_price,Short,2026-08-23T11:28:30Z
2026-08-23T11:27:43Z,2026-08-23T13:27:43+0200,aa89dba4-771d-4653-9ac4-44e4858bfe00,2026-08-16T03:15:00Z,2026-08-16T05:15:00+0200,209.79,EUR/MWh,BE,BE,imbalance_price,Long,2026-08-23T11:28:30Z
2026-08-23T11:27:43Z,2026-08-23T13:27:43+0200,aa89dba4-771d-4653-9ac4-44e4858bfe00,2026-08-16T03:15:00Z,2026-08-16T05:15:00+0200,209.79,EUR/MWh,BE,BE,imbalance_price,Short,2026-08-23T11:28:30Z
2026-08-23T11:27:43Z,2026-08-23T13:27:43+0200,aa89dba4-771d-4653-9ac4-44e4858bfe00,2026-08-16T03:30:00Z,2026-08-16T05:30:00+0200,204.28,EUR/MWh,BE,BE,imbalance_price,Long,2026-08-23T11:28:30Z
2026-08-23T11:27:43Z,2026-08-23T13:27:43+0200,aa89dba4-771d-4653-9ac4-44e4858bfe00,2026-08-16T03:30:00Z,2026-08-16T05:30:00+0200,204.28,EUR/MWh,BE,BE,imbalance_price,Short,2026-08-23T11:28:30Z
2026-08-23T11:27:43Z,2026-08-23T13:27:43+0200,aa89dba4-771d-4653-9ac4-44e4858bfe00,2026-08-16T03:45:00Z,2026-08-16T05:45:00+0200,231.73,EUR/MWh,BE,BE,imbalance_price,Long,2026-08-23T11:28:30Z
2026-08-23T11:27:43Z,2026-08-23T13:27:43+0200,aa89dba4-771d-4653-9ac4-44e4858bfe00,2026-08-16T03:45:00Z,2026-08-16T05:45:00+0200,231.73,EUR/MWh,BE,BE,imbalance_price,Short,2026-08-23T11:28:30Z
2026-08-23T11:27:43Z,2026-08-23T13:27:43+0200,aa89dba4-771d-4653-9ac4-44e4858bfe00,2026-08-16T04:00:00Z,2026-08-16T06:00:00+0200,219.86,EUR/MWh,BE,BE,imbalance_price,Long,2026-08-23T11:28:30Z
2026-08-23T11:27:43Z,2026-08-23T13:27:43+0200,aa89dba4-771d-4653-9ac4-44e4858bfe00,2026-08-16T04:00:00Z,2026-08-16T06:00:00+0200,219.86,EUR/MWh,BE,BE,imbalance_price,Short,2026-08-23T11:28:30Z
2026-08-23T11:27:43Z,2026-08-23T13:27:43+0200,aa89dba4-771d-4653-9ac4-44e4858bfe00,2026-08-16T04:15:00Z,2026-08-16T06:15:00+0200,206.44,EUR/MWh,BE,BE,imbalance_price,Long,2026-08-23T11:28:30Z
2026-08-23T11:27:43Z,2026-08-23T13:27:43+0200,aa89dba4-771d-4653-9ac4-44e4858bfe00,2026-08-16T04:15:00Z,2026-08-16T06:15:00+0200,206.44,EUR/MWh,BE,BE,imbalance_price,Short,2026-08-23T11:28:30Z
2026-08-23T11:27:43Z,2026-08-23T13:27:43+0200,aa89dba4-771d-4653-9ac4-44e4858bfe00,2026-08-16T04:30:00Z,2026-08-16T06:30:00+0200,198.0,EUR/MWh,BE,BE,imbalance_price,Long,2026-08-23T11:28:30Z
2026-08-23T11:27:43Z,2026-08-23T13:27:43+0200,aa89dba4-771d-4653-9ac4-44e4858bfe00,2026-08-16T04:30:00Z,2026-08-16T06:30:00+0200,198.0,EUR/MWh,BE,BE,imbalance_price,Short,2026-08-23T11:28:30Z
2026-08-23T11:27:43Z,2026-08-23T13:27:43+0200,aa89dba4-771d-4653-9ac4-44e4858bfe00,2026-08-16T04:45:00Z,2026-08-16T06:45:00+0200,194.33,EUR/MWh,BE,BE,imbalance_price,Long,2026-08-23T11:28:30Z
2026-08-23T11:27:43Z,2026-08-23T13:27:43+0200,aa89dba4-771d-4653-9ac4-44e4858bfe00,2026-08-16T04:45:00Z,2026-08-16T06:45:00+0200,194.33,EUR/MWh,BE,BE,imbalance_price,Short,2026-08-23T11:28:30Z
2026-08-23T11:27:43Z,2026-08-23T13:27:43+0200,aa89dba4-771d-4653-9ac4-44e4858bfe00,2026-08-16T05:00:00Z,2026-08-16T07:00:00+0200,187.78,EUR/MWh,BE,BE,imbalance_price,Long,2026-08-23T11:28:30Z
2026-08-23T11:27:43Z,2026-08-23T13:27:43+0200,aa89dba4-771d-4653-9ac4-44e4858bfe00,2026-08-16T05:00:00Z,2026-08-16T07:00:00+0200,187.78,EUR/MWh,BE,BE,imbalance_price,Short,2026-08-23T11:28:30Z
2026-08-23T11:27:43Z,2026-08-23T13:27:43+0200,aa89dba4-771d-4653-9ac4-44e4858bfe00,2026-08-16T05:15:00Z,2026-08-16T07:15:00+0200,197.77,EUR/MWh,BE,BE,imbalance_price,Long,2026-08-23T11:28:30Z
2026-08-23T11:27:43Z,2026-08-23T13:27:43+0200,aa89dba4-771d-4653-9ac4-44e4858bfe00,2026-08-16T05:15:00Z,2026-08-16T07:15:00+0200,197.77,EUR/MWh,BE,BE,imbalance_price,Short,2026-08-23T11:28:30Z
2026-08-23T11:27:43Z,2026-08-23T13:27:43+0200,aa89dba4-771d-4653-9ac4-44e4858bfe00,2026-08-16T05:30:00Z,2026-08-16T07:30:00+0200,178.64,EUR/MWh,BE,BE,imbalance_price,Long,2026-08-23T11:28:30Z
2026-08-23T11:27:43Z,2026-08-23T13:27:43+0200,aa89dba4-771d-4653-9ac4-44e4858bfe00,2026-08-16T05:30:00Z,2026-08-16T07:30:00+0200,178.64,EUR/MWh,BE,BE,imbalance_price,Short,2026-08-23T11:28:30Z
2026-08-23T11:27:43Z,2026-08-23T13:27:43+0200,aa89dba4-771d-4653-9ac4-44e4858bfe00,2026-08-16T05:45:00Z,2026-08-16T07:45:00+0200,174.0,EUR/MWh,BE,BE,imbalance_price,Long,2026-08-23T11:28:30Z
2026-08-23T11:27:43Z,2026-08-23T13:27:43+0200,aa89dba4-771d-4653-9ac4-44e4858bfe00,2026-08-16T05:45:00Z,2026-08-16T07:45:00+0200,174.0,EUR/MWh,BE,BE,imbalance_price,Short,2026-08-23T11:28:30Z
2026-08-23T11:27:43Z,2026-08-23T13:27:43+0200,aa89dba4-771d-4653-9ac4-44e4858bfe00,2026-08-16T06:00:00Z,2026-08-16T08:00:00+0200,164.0,EUR/MWh,BE,BE,imbalance_price,Long,2026-08-23T11:28:30Z
2026-08-23T11:27:43Z,2026-08-23T13:27:43+0200,aa89dba4-771d-4653-9ac4-44e4858bfe00,2026-08-16T06:00:00Z,2026-08-16T08:00:00+0200,164.0,EUR/MWh,BE,BE,imbalance_price,Short,2026-08-23T11:28:30Z
2026-08-23T11:27:43Z,2026-08-23T13:27:43+0200,aa89dba4-771d-4653-9ac4-44e4858bfe00,2026-08-16T06:15:00Z,2026-08-16T08:15:00+0200,134.75,EUR/MWh,BE,BE,imbalance_price,Long,2026-08-23T11:28:30Z
2026-08-23T11:27:43Z,2026-08-23T13:27:43+0200,aa89dba4-771d-4653-9ac4-44e4858bfe00,2026-08-16T06:15:00Z,2026-08-16T08:15:00+0200,134.75,EUR/MWh,BE,BE,imbalance_price,Short,2026-08-23T11:28:30Z
2026-08-23T11:27:43Z,2026-08-23T13:27:43+0200,aa89dba4-771d-4653-9ac4-44e4858bfe00,2026-08-16T06:30:00Z,2026-08-16T08:30:00+0200,105.5,EUR/MWh,BE,BE,imbalance_price,Long,2026-08-23T11:28:30Z
2026-08-23T11:27:43Z,2026-08-23T13:27:43+0200,aa89dba4-771d-4653-9ac4-44e4858bfe00,2026-08-16T06:30:00Z,2026-08-16T08:30:00+0200,105.5,EUR/MWh,BE,BE,imbalance_price,Short,2026-08-23T11:28:30Z
2026-08-23T11:27:43Z,2026-08-23T13:27:43+0200,aa89dba4-771d-4653-9ac4-44e4858bfe00,2026-08-16T06:45:00Z,2026-08-16T08:45:00+0200,105.5,EUR/MWh,BE,BE,imbalance_price,Long,2026-08-23T11:28:30Z
2026-08-23T11:27:43Z,2026-08-23T13:27:43+0200,aa89dba4-771d-4653-9ac4-44e4858bfe00,2026-08-16T06:45:00Z,2026-08-16T08:45:00+0200,105.5,EUR/MWh,BE,BE,imbalance_price,Short,2026-08-23T11:28:30Z
2026-08-23T11:27:43Z,2026-08-23T13:27:43+0200,aa89dba4-771d-4653-9ac4-44e4858bfe00,2026-08-16T07:00:00Z,2026-08-16T09:00:00+0200,102.15,EUR/MWh,BE,BE,imbalance_price,Long,2026-08-23T11:28:30Z
2026-08-23T11:27:43Z,2026-08-23T13:27:43+0200,aa89dba4-771d-4653-9ac4-44e4858bfe00,2026-08-16T07:00:00Z,2026-08-16T09:00:00+0200,102.15,EUR/MWh,BE,BE,imbalance_price,Short,2026-08-23T11:28:30Z
2026-08-23T11:27:43Z,2026-08-23T13:27:43+0200,aa89dba4-771d-4653-9ac4-44e4858bfe00,2026-08-16T07:15:00Z,2026-08-16T09:15:00+0200,78.64,EUR/MWh,BE,BE,imbalance_price,Long,2026-08-23T11:28:30Z
2026-08-23T11:27:43Z,2026-08-23T13:27:43+0200,aa89dba4-771d-4653-9ac4-44e4858bfe00,2026-08-16T07:15:00Z,2026-08-16T09:15:00+0200,78.64,EUR/MWh,BE,BE,imbalance_price,Short,2026-08-23T11:28:30Z
2026-08-23T11:27:43Z,2026-08-23T13:27:43+0200,aa89dba4-771d-4653-9ac4-44e4858bfe00,2026-08-16T07:30:00Z,2026-08-16T09:30:00+0200,38.28,EUR/MWh,BE,BE,imbalance_price,Long,2026-08-23T11:28:30Z
2026-08-23T11:27:43Z,2026-08-23T13:27:43+0200,aa89dba4-771d-4653-9ac4-44e4858bfe00,2026-08-16T07:30:00Z,2026-08-16T09:30:00+0200,38.28,EUR/MWh,BE,BE,imbalance_price,Short,2026-08-23T11:28:30Z
2026-08-23T11:27:43Z,2026-08-23T13:27:43+0200,aa89dba4-771d-4653-9ac4-44e4858bfe00,2026-08-16T07:45:00Z,2026-08-16T09:45:00+0200,24.79,EUR/MWh,BE,BE,imbalance_price,Long,2026-08-23T11:28:30Z
2026-08-23T11:27:43Z,2026-08-23T13:27:43+0200,aa89dba4-771d-4653-9ac4-44e4858bfe00,2026-08-16T07:45:00Z,2026-08-16T09:45:00+0200,24.79,EUR/MWh,BE,BE,imbalance_price,Short,2026-08-23T11:28:30Z
2026-08-23T11:27:43Z,2026-08-23T13:27:43+0200,aa89dba4-771d-4653-9ac4-44e4858bfe00,2026-08-16T08:00:00Z,2026-08-16T10:00:00+0200,9.16,EUR/MWh,BE,BE,imbalance_price,Long,2026-08-23T11:28:30Z
2026-08-23T11:27:43Z,2026-08-23T13:27:43+0200,aa89dba4-771d-4653-9ac4-44e4858bfe00,2026-08-16T08:00:00Z,2026-08-16T10:00:00+0200,9.16,EUR/MWh,BE,BE,imbalance_price,Short,2026-08-23T11:28:30Z
2026-08-23T11:27:43Z,2026-08-23T13:27:43+0200,aa89dba4-771d-4653-9ac4-44e4858bfe00,2026-08-16T08:15:00Z,2026-08-16T10:15:00+0200,2.34,EUR/MWh,BE,BE,imbalance_price,Long,2026-08-23T11:28:30Z
2026-08-23T11:27:43Z,2026-08-23T13:27:43+0200,aa89dba4-771d-4653-9ac4-44e4858bfe00,2026-08-16T08:15:00Z,2026-08-16T10:15:00+0200,2.34,EUR/MWh,BE,BE,imbalance_price,Short,2026-08-23T11:28:30Z
2026-08-23T11:27:43Z,2026-08-23T13:27:43+0200,aa89dba4-771d-4653-9ac4-44e4858bfe00,2026-08-16T08:30:00Z,2026-08-16T10:30:00+0200,19.84,EUR/MWh,BE,BE,imbalance_price,Long,2026-08-23T11:28:30Z
2026-08-23T11:27:43Z,2026-08-23T13:27:43+0200,aa89dba4-771d-4653-9ac4-44e4858bfe00,2026-08-16T08:30:00Z,2026-08-16T10:30:00+0200,19.84,EUR/MWh,BE,BE,imbalance_price,Short,2026-08-23T11:28:30Z
2026-08-23T11:27:43Z,2026-08-23T13:27:43+0200,aa89dba4-771d-4653-9ac4-44e4858bfe00,2026-08-16T08:45:00Z,2026-08-16T10:45:00+0200,17.77,EUR/MWh,BE,BE,imbalance_price,Long,2026-08-23T11:28:30Z
2026-08-23T11:27:43Z,2026-08-23T13:27:43+0200,aa89dba4-771d-4653-9ac4-44e4858bfe00,2026-08-16T08:45:00Z,2026-08-16T10:45:00+0200,17.77,EUR/MWh,BE,BE,imbalance_price,Short,2026-08-23T11:28:30Z
2026-08-23T11:27:43Z,2026-08-23T13:27:43+0200,aa89dba4-771d-4653-9ac4-44e4858bfe00,2026-08-16T09:00:00Z,2026-08-16T11:00:00+0200,50.0,EUR/MWh,BE,BE,imbalance_price,Long,2026-08-23T11:28:30Z
2026-08-23T11:27:43Z,2026-08-23T13:27:43+0200,aa89dba4-771d-4653-9ac4-44e4858bfe00,2026-08-16T09:00:00Z,2026-08-16T11:00:00+0200,50.0,EUR/MWh,BE,BE,imbalance_price,Short,2026-08-23T11:28:30Z
2026-08-23T11:27:43Z,2026-08-23T13:27:43+0200,aa89dba4-771d-4653-9ac4-44e4858bfe00,2026-08-16T09:15:00Z,2026-08-16T11:15:00+0200,1.19,EUR/MWh,BE,BE,imbalance_price,Long,2026-08-23T11:28:30Z
2026-08-23T11:27:43Z,2026-08-23T13:27:43+0200,aa89dba4-771d-4653-9ac4-44e4858bfe00,2026-08-16T09:15:00Z,2026-08-16T11:15:00+0200,1.19,EUR/MWh,BE,BE,imbalance_price,Short,2026-08-23T11:28:30Z
2026-08-23T11:27:43Z,2026-08-23T13:27:43+0200,aa89dba4-771d-4653-9ac4-44e4858bfe00,2026-08-16T09:30:00Z,2026-08-16T11:30:00+0200,3.49,EUR/MWh,BE,BE,imbalance_price,Long,2026-08-23T11:28:30Z
2026-08-23T11:27:43Z,2026-08-23T13:27:43+0200,aa89dba4-771d-4653-9ac4-44e4858bfe00,2026-08-16T09:30:00Z,2026-08-16T11:30:00+0200,3.49,EUR/MWh,BE,BE,imbalance_price,Short,2026-08-23T11:28:30Z
2026-08-23T11:27:43Z,2026-08-23T13:27:43+0200,aa89dba4-771d-4653-9ac4-44e4858bfe00,2026-08-16T09:45:00Z,2026-08-16T11:45:00+0200,0.71,EUR/MWh,BE,BE,imbalance_price,Long,2026-08-23T11:28:30Z
2026-08-23T11:27:43Z,2026-08-23T13:27:43+0200,aa89dba4-771d-4653-9ac4-44e4858bfe00,2026-08-16T09:45:00Z,2026-08-16T11:45:00+0200,0.71,EUR/MWh,BE,BE,imbalance_price,Short,2026-08-23T11:28:30Z
2026-08-23T11:27:43Z,2026-08-23T13:27:43+0200,aa89dba4-771d-4653-9ac4-44e4858bfe00,2026-08-16T10:00:00Z,2026-08-16T12:00:00+0200,-11.44,EUR/MWh,BE,BE,imbalance_price,Long,2026-08-23T11:28:30Z
2026-08-23T11:27:43Z,2026-08-23T13:27:43+0200,aa89dba4-771d-4653-9ac4-44e4858bfe00,2026-08-16T10:00:00Z,2026-08-16T12:00:00+0200,-11.44,EUR/MWh,BE,BE,imbalance_price,Short,2026-08-23T11:28:30Z
2026-08-23T11:27:43Z,2026-08-23T13:27:43+0200,aa89dba4-771d-4653-9ac4-44e4858bfe00,2026-08-16T10:15:00Z,2026-08-16T12:15:00+0200,-8.4,EUR/MWh,BE,BE,imbalance_price,Long,2026-08-23T11:28:30Z
2026-08-23T11:27:43Z,2026-08-23T13:27:43+0200,aa89dba4-771d-4653-9ac4-44e4858bfe00,2026-08-16T10:15:00Z,2026-08-16T12:15:00+0200,-8.4,EUR/MWh,BE,BE,imbalance_price,Short,2026-08-23T11:28:30Z
2026-08-23T11:27:43Z,2026-08-23T13:27:43+0200,aa89dba4-771d-4653-9ac4-44e4858bfe00,2026-08-16T10:30:00Z,2026-08-16T12:30:00+0200,-10.16,EUR/MWh,BE,BE,imbalance_price,Long,2026-08-23T11:28:30Z
2026-08-23T11:27:43Z,2026-08-23T13:27:43+0200,aa89dba4-771d-4653-9ac4-44e4858bfe00,2026-08-16T10:30:00Z,2026-08-16T12:30:00+0200,-10.16,EUR/MWh,BE,BE,imbalance_price,Short,2026-08-23T11:28:30Z
2026-08-23T11:27:43Z,2026-08-23T13:27:43+0200,aa89dba4-771d-4653-9ac4-44e4858bfe00,2026-08-16T10:45:00Z,2026-08-16T12:45:00+0200,0.04,EUR/MWh,BE,BE,imbalance_price,Long,2026-08-23T11:28:30Z
2026-08-23T11:27:43Z,2026-08-23T13:27:43+0200,aa89dba4-771d-4653-9ac4-44e4858bfe00,2026-08-16T10:45:00Z,2026-08-16T12:45:00+0200,0.04,EUR/MWh,BE,BE,imbalance_price,Short,2026-08-23T11:28:30Z
2026-08-23T11:27:43Z,2026-08-23T13:27:43+0200,aa89dba4-771d-4653-9ac4-44e4858bfe00,2026-08-16T11:00:00Z,2026-08-16T13:00:00+0200,11.15,EUR/MWh,BE,BE,imbalance_price,Long,2026-08-23T11:28:30Z
2026-08-23T11:27:43Z,2026-08-23T13:27:43+0200,aa89dba4-771d-4653-9ac4-44e4858bfe00,2026-08-16T11:00:00Z,2026-08-16T13:00:00+0200,11.15,EUR/MWh,BE,BE,imbalance_price,Short,2026-08-23T11:28:30Z
2026-08-23T11:27:43Z,2026-08-23T13:27:43+0200,aa89dba4-771d-4653-9ac4-44e4858bfe00,2026-08-16T11:15:00Z,2026-08-16T13:15:00+0200,6.32,EUR/MWh,BE,BE,imbalance_price,Long,2026-08-23T11:28:30Z
2026-08-23T11:27:43Z,2026-08-23T13:27:43+0200,aa89dba4-771d-4653-9ac4-44e4858bfe00,2026-08-16T11:15:00Z,2026-08-16T13:15:00+0200,6.32,EUR/MWh,BE,BE,imbalance_price,Short,2026-08-23T11:28:30Z
2026-08-23T11:27:43Z,2026-08-23T13:27:43+0200,aa89dba4-771d-4653-9ac4-44e4858bfe00,2026-08-16T11:30:00Z,2026-08-16T13:30:00+0200,7.07,EUR/MWh,BE,BE,imbalance_price,Long,2026-08-23T11:28:30Z
2026-08-23T11:27:43Z,2026-08-23T13:27:43+0200,aa89dba4-771d-4653-9ac4-44e4858bfe00,2026-08-16T11:30:00Z,2026-08-16T13:30:00+0200,7.07,EUR/MWh,BE,BE,imbalance_price,Short,2026-08-23T11:28:30Z
2026-08-23T11:27:43Z,2026-08-23T13:27:43+0200,aa89dba4-771d-4653-9ac4-44e4858bfe00,2026-08-16T11:45:00Z,2026-08-16T13:45:00+0200,12.92,EUR/MWh,BE,BE,imbalance_price,Long,2026-08-23T11:28:30Z
2026-08-23T11:27:43Z,2026-08-23T13:27:43+0200,aa89dba4-771d-4653-9ac4-44e4858bfe00,2026-08-16T11:45:00Z,2026-08-16T13:45:00+0200,12.92,EUR/MWh,BE,BE,imbalance_price,Short,2026-08-23T11:28:30Z
2026-08-23T11:27:43Z,2026-08-23T13:27:43+0200,aa89dba4-771d-4653-9ac4-44e4858bfe00,2026-08-16T12:00:00Z,2026-08-16T14:00:00+0200,5.85,EUR/MWh,BE,BE,imbalance_price,Long,2026-08-23T11:28:30Z
2026-08-23T11:27:43Z,2026-08-23T13:27:43+0200,aa89dba4-771d-4653-9ac4-44e4858bfe00,2026-08-16T12:00:00Z,2026-08-16T14:00:00+0200,5.85,EUR/MWh,BE,BE,imbalance_price,Short,2026-08-23T11:28:30Z
2026-08-23T11:27:43Z,2026-08-23T13:27:43+0200,aa89dba4-771d-4653-9ac4-44e4858bfe00,2026-08-16T12:15:00Z,2026-08-16T14:15:00+0200,16.92,EUR/MWh,BE,BE,imbalance_price,Long,2026-08-23T11:28:30Z
2026-08-23T11:27:43Z,2026-08-23T13:27:43+0200,aa89dba4-771d-4653-9ac4-44e4858bfe00,2026-08-16T12:15:00Z,2026-08-16T14:15:00+0200,16.92,EUR/MWh,BE,BE,imbalance_price,Short,2026-08-23T11:28:30Z
2026-08-23T11:27:43Z,2026-08-23T13:27:43+0200,aa89dba4-771d-4653-9ac4-44e4858bfe00,2026-08-16T12:30:00Z,2026-08-16T14:30:00+0200,37.69,EUR/MWh,BE,BE,imbalance_price,Long,2026-08-23T11:28:30Z
2026-08-23T11:27:43Z,2026-08-23T13:27:43+0200,aa89dba4-771d-4653-9ac4-44e4858bfe00,2026-08-16T12:30:00Z,2026-08-16T14:30:00+0200,37.69,EUR/MWh,BE,BE,imbalance_price,Short,2026-08-23T11:28:30Z
2026-08-23T11:27:43Z,2026-08-23T13:27:43+0200,aa89dba4-771d-4653-9ac4-44e4858bfe00,2026-08-16T12:45:00Z,2026-08-16T14:45:00+0200,14.8,EUR/MWh,BE,BE,imbalance_price,Long,2026-08-23T11:28:30Z
2026-08-23T11:27:43Z,2026-08-23T13:27:43+0200,aa89dba4-771d-4653-9ac4-44e4858bfe00,2026-08-16T12:45:00Z,2026-08-16T14:45:00+0200,14.8,EUR/MWh,BE,BE,imbalance_price,Short,2026-08-23T11:28:30Z
2026-08-23T11:27:43Z,2026-08-23T13:27:43+0200,aa89dba4-771d-4653-9ac4-44e4858bfe00,2026-08-16T13:00:00Z,2026-08-16T15:00:00+0200,36.93,EUR/MWh,BE,BE,imbalance_price,Long,2026-08-23T11:28:30Z
2026-08-23T11:27:43Z,2026-08-23T13:27:43+0200,aa89dba4-771d-4653-9ac4-44e4858bfe00,2026-08-16T13:00:00Z,2026-08-16T15:00:00+0200,36.93,EUR/MWh,BE,BE,imbalance_price,Short,2026-08-23T11:28:30Z
2026-08-23T11:27:43Z,2026-08-23T13:27:43+0200,aa89dba4-771d-4653-9ac4-44e4858bfe00,2026-08-16T13:15:00Z,2026-08-16T15:15:00+0200,73.56,EUR/MWh,BE,BE,imbalance_price,Long,2026-08-23T11:28:30Z
2026-08-23T11:27:43Z,2026-08-23T13:27:43+0200,aa89dba4-771d-4653-9ac4-44e4858bfe00,2026-08-16T13:15:00Z,2026-08-16T15:15:00+0200,73.56,EUR/MWh,BE,BE,imbalance_price,Short,2026-08-23T11:28:30Z
2026-08-23T11:27:43Z,2026-08-23T13:27:43+0200,aa89dba4-771d-4653-9ac4-44e4858bfe00,2026-08-16T13:30:00Z,2026-08-16T15:30:00+0200,117.26,EUR/MWh,BE,BE,imbalance_price,Long,2026-08-23T11:28:30Z
2026-08-23T11:27:43Z,2026-08-23T13:27:43+0200,aa89dba4-771d-4653-9ac4-44e4858bfe00,2026-08-16T13:30:00Z,2026-08-16T15:30:00+0200,117.26,EUR/MWh,BE,BE,imbalance_price,Short,2026-08-23T11:28:30Z
2026-08-23T11:27:43Z,2026-08-23T13:27:43+0200,aa89dba4-771d-4653-9ac4-44e4858bfe00,2026-08-16T13:45:00Z,2026-08-16T15:45:00+0200,160.95,EUR/MWh,BE,BE,imbalance_price,Long,2026-08-23T11:28:30Z
2026-08-23T11:27:43Z,2026-08-23T13:27:43+0200,aa89dba4-771d-4653-9ac4-44e4858bfe00,2026-08-16T13:45:00Z,2026-08-16T15:45:00+0200,160.95,EUR/MWh,BE,BE,imbalance_price,Short,2026-08-23T11:28:30Z
2026-08-23T11:27:43Z,2026-08-23T13:27:43+0200,aa89dba4-771d-4653-9ac4-44e4858bfe00,2026-08-16T14:00:00Z,2026-08-16T16:00:00+0200,205.52,EUR/MWh,BE,BE,imbalance_price,Long,2026-08-23T11:28:30Z
2026-08-23T11:27:43Z,2026-08-23T13:27:43+0200,aa89dba4-771d-4653-9ac4-44e4858bfe00,2026-08-16T14:00:00Z,2026-08-16T16:00:00+0200,205.52,EUR/MWh,BE,BE,imbalance_price,Short,2026-08-23T11:28:30Z
2026-08-23T11:27:43Z,2026-08-23T13:27:43+0200,aa89dba4-771d-4653-9ac4-44e4858bfe00,2026-08-16T14:15:00Z,2026-08-16T16:15:00+0200,188.56,EUR/MWh,BE,BE,imbalance_price,Long,2026-08-23T11:28:30Z
2026-08-23T11:27:43Z,2026-08-23T13:27:43+0200,aa89dba4-771d-4653-9ac4-44e4858bfe00,2026-08-16T14:15:00Z,2026-08-16T16:15:00+0200,188.56,EUR/MWh,BE,BE,imbalance_price,Short,2026-08-23T11:28:30Z
2026-08-23T11:27:43Z,2026-08-23T13:27:43+0200,aa89dba4-771d-4653-9ac4-44e4858bfe00,2026-08-16T14:30:00Z,2026-08-16T16:30:00+0200,193.0,EUR/MWh,BE,BE,imbalance_price,Long,2026-08-23T11:28:30Z
2026-08-23T11:27:43Z,2026-08-23T13:27:43+0200,aa89dba4-771d-4653-9ac4-44e4858bfe00,2026-08-16T14:30:00Z,2026-08-16T16:30:00+0200,193.0,EUR/MWh,BE,BE,imbalance_price,Short,2026-08-23T11:28:30Z
2026-08-23T11:27:43Z,2026-08-23T13:27:43+0200,aa89dba4-771d-4653-9ac4-44e4858bfe00,2026-08-16T14:45:00Z,2026-08-16T16:45:00+0200,122.8,EUR/MWh,BE,BE,imbalance_price,Long,2026-08-23T11:28:30Z
2026-08-23T11:27:43Z,2026-08-23T13:27:43+0200,aa89dba4-771d-4653-9ac4-44e4858bfe00,2026-08-16T14:45:00Z,2026-08-16T16:45:00+0200,122.8,EUR/MWh,BE,BE,imbalance_price,Short,2026-08-23T11:28:30Z
2026-08-23T11:27:43Z,2026-08-23T13:27:43+0200,aa89dba4-771d-4653-9ac4-44e4858bfe00,2026-08-16T15:00:00Z,2026-08-16T17:00:00+0200,108.98,EUR/MWh,BE,BE,imbalance_price,Long,2026-08-23T11:28:30Z
2026-08-23T11:27:43Z,2026-08-23T13:27:43+0200,aa89dba4-771d-4653-9ac4-44e4858bfe00,2026-08-16T15:00:00Z,2026-08-16T17:00:00+0200,108.98,EUR/MWh,BE,BE,imbalance_price,Short,2026-08-23T11:28:30Z
2026-08-23T11:27:43Z,2026-08-23T13:27:43+0200,aa89dba4-771d-4653-9ac4-44e4858bfe00,2026-08-16T15:15:00Z,2026-08-16T17:15:00+0200,119.9,EUR/MWh,BE,BE,imbalance_price,Long,2026-08-23T11:28:30Z
2026-08-23T11:27:43Z,2026-08-23T13:27:43+0200,aa89dba4-771d-4653-9ac4-44e4858bfe00,2026-08-16T15:15:00Z,2026-08-16T17:15:00+0200,119.9,EUR/MWh,BE,BE,imbalance_price,Short,2026-08-23T11:28:30Z
2026-08-23T11:27:43Z,2026-08-23T13:27:43+0200,aa89dba4-771d-4653-9ac4-44e4858bfe00,2026-08-16T15:30:00Z,2026-08-16T17:30:00+0200,142.39,EUR/MWh,BE,BE,imbalance_price,Long,2026-08-23T11:28:30Z
2026-08-23T11:27:43Z,2026-08-23T13:27:43+0200,aa89dba4-771d-4653-9ac4-44e4858bfe00,2026-08-16T15:30:00Z,2026-08-16T17:30:00+0200,142.39,EUR/MWh,BE,BE,imbalance_price,Short,2026-08-23T11:28:30Z
2026-08-23T11:27:43Z,2026-08-23T13:27:43+0200,aa89dba4-771d-4653-9ac4-44e4858bfe00,2026-08-16T15:45:00Z,2026-08-16T17:45:00+0200,158.9,EUR/MWh,BE,BE,imbalance_price,Long,2026-08-23T11:28:30Z
2026-08-23T11:27:43Z,2026-08-23T13:27:43+0200,aa89dba4-771d-4653-9ac4-44e4858bfe00,2026-08-16T15:45:00Z,2026-08-16T17:45:00+0200,158.9,EUR/MWh,BE,BE,imbalance_price,Short,2026-08-23T11:28:30Z
2026-08-23T11:27:43Z,2026-08-23T13:27:43+0200,aa89dba4-771d-4653-9ac4-44e4858bfe00,2026-08-16T16:00:00Z,2026-08-16T18:00:00+0200,200.91,EUR/MWh,BE,BE,imbalance_price,Long,2026-08-23T11:28:30Z
2026-08-23T11:27:43Z,2026-08-23T13:27:43+0200,aa89dba4-771d-4653-9ac4-44e4858bfe00,2026-08-16T16:00:00Z,2026-08-16T18:00:00+0200,200.91,EUR/MWh,BE,BE,imbalance_price,Short,2026-08-23T11:28:30Z
2026-08-23T11:27:43Z,2026-08-23T13:27:43+0200,aa89dba4-771d-4653-9ac4-44e4858bfe00,2026-08-16T16:15:00Z,2026-08-16T18:15:00+0200,212.11,EUR/MWh,BE,BE,imbalance_price,Long,2026-08-23T11:28:30Z
2026-08-23T11:27:43Z,2026-08-23T13:27:43+0200,aa89dba4-771d-4653-9ac4-44e4858bfe00,2026-08-16T16:15:00Z,2026-08-16T18:15:00+0200,212.11,EUR/MWh,BE,BE,imbalance_price,Short,2026-08-23T11:28:30Z
2026-08-23T11:27:43Z,2026-08-23T13:27:43+0200,aa89dba4-771d-4653-9ac4-44e4858bfe00,2026-08-16T16:30:00Z,2026-08-16T18:30:00+0200,218.31,EUR/MWh,BE,BE,imbalance_price,Long,2026-08-23T11:28:30Z
2026-08-23T11:27:43Z,2026-08-23T13:27:43+0200,aa89dba4-771d-4653-9ac4-44e4858bfe00,2026-08-16T16:30:00Z,2026-08-16T18:30:00+0200,218.31,EUR/MWh,BE,BE,imbalance_price,Short,2026-08-23T11:28:30Z
2026-08-23T11:27:43Z,2026-08-23T13:27:43+0200,aa89dba4-771d-4653-9ac4-44e4858bfe00,2026-08-16T16:45:00Z,2026-08-16T18:45:00+0200,228.27,EUR/MWh,BE,BE,imbalance_price,Long,2026-08-23T11:28:30Z
2026-08-23T11:27:43Z,2026-08-23T13:27:43+0200,aa89dba4-771d-4653-9ac4-44e4858bfe00,2026-08-16T16:45:00Z,2026-08-16T18:45:00+0200,228.27,EUR/MWh,BE,BE,imbalance_price,Short,2026-08-23T11:28:30Z
2026-08-23T11:27:43Z,2026-08-23T13:27:43+0200,aa89dba4-771d-4653-9ac4-44e4858bfe00,2026-08-16T17:00:00Z,2026-08-16T19:00:00+0200,255.16,EUR/MWh,BE,BE,imbalance_price,Long,2026-08-23T11:28:30Z
2026-08-23T11:27:43Z,2026-08-23T13:27:43+0200,aa89dba4-771d-4653-9ac4-44e4858bfe00,2026-08-16T17:00:00Z,2026-08-16T19:00:00+0200,255.16,EUR/MWh,BE,BE,imbalance_price,Short,2026-08-23T11:28:30Z
2026-08-23T11:27:43Z,2026-08-23T13:27:43+0200,aa89dba4-771d-4653-9ac4-44e4858bfe00,2026-08-16T17:15:00Z,2026-08-16T19:15:00+0200,327.56,EUR/MWh,BE,BE,imbalance_price,Long,2026-08-23T11:28:30Z
2026-08-23T11:27:43Z,2026-08-23T13:27:43+0200,aa89dba4-771d-4653-9ac4-44e4858bfe00,2026-08-16T17:15:00Z,2026-08-16T19:15:00+0200,327.56,EUR/MWh,BE,BE,imbalance_price,Short,2026-08-23T11:28:30Z
2026-08-23T11:27:43Z,2026-08-23T13:27:43+0200,aa89dba4-771d-4653-9ac4-44e4858bfe00,2026-08-16T17:30:00Z,2026-08-16T19:30:00+0200,366.93,EUR/MWh,BE,BE,imbalance_price,Long,2026-08-23T11:28:30Z
2026-08-23T11:27:43Z,2026-08-23T13:27:43+0200,aa89dba4-771d-4653-9ac4-44e4858bfe00,2026-08-16T17:30:00Z,2026-08-16T19:30:00+0200,366.93,EUR/MWh,BE,BE,imbalance_price,Short,2026-08-23T11:28:30Z
2026-08-23T11:27:43Z,2026-08-23T13:27:43+0200,aa89dba4-771d-4653-9ac4-44e4858bfe00,2026-08-16T17:45:00Z,2026-08-16T19:45:00+0200,380.21,EUR/MWh,BE,BE,imbalance_price,Long,2026-08-23T11:28:30Z
2026-08-23T11:27:43Z,2026-08-23T13:27:43+0200,aa89dba4-771d-4653-9ac4-44e4858bfe00,2026-08-16T17:45:00Z,2026-08-16T19:45:00+0200,380.21,EUR/MWh,BE,BE,imbalance_price,Short,2026-08-23T11:28:30Z
2026-08-23T11:27:43Z,2026-08-23T13:27:43+0200,aa89dba4-771d-4653-9ac4-44e4858bfe00,2026-08-16T18:00:00Z,2026-08-16T20:00:00+0200,289.89,EUR/MWh,BE,BE,imbalance_price,Long,2026-08-23T11:28:30Z
2026-08-23T11:27:43Z,2026-08-23T13:27:43+0200,aa89dba4-771d-4653-9ac4-44e4858bfe00,2026-08-16T18:00:00Z,2026-08-16T20:00:00+0200,289.89,EUR/MWh,BE,BE,imbalance_price,Short,2026-08-23T11:28:30Z
2026-08-23T11:27:43Z,2026-08-23T13:27:43+0200,aa89dba4-771d-4653-9ac4-44e4858bfe00,2026-08-16T18:15:00Z,2026-08-16T20:15:00+0200,245.93,EUR/MWh,BE,BE,imbalance_price,Long,2026-08-23T11:28:30Z
2026-08-23T11:27:43Z,2026-08-23T13:27:43+0200,aa89dba4-771d-4653-9ac4-44e4858bfe00,2026-08-16T18:15:00Z,2026-08-16T20:15:00+0200,245.93,EUR/MWh,BE,BE,imbalance_price,Short,2026-08-23T11:28:30Z
2026-08-23T11:27:43Z,2026-08-23T13:27:43+0200,aa89dba4-771d-4653-9ac4-44e4858bfe00,2026-08-16T18:30:00Z,2026-08-16T20:30:00+0200,250.91,EUR/MWh,BE,BE,imbalance_price,Long,2026-08-23T11:28:30Z
2026-08-23T11:27:43Z,2026-08-23T13:27:43+0200,aa89dba4-771d-4653-9ac4-44e4858bfe00,2026-08-16T18:30:00Z,2026-08-16T20:30:00+0200,250.91,EUR/MWh,BE,BE,imbalance_price,Short,2026-08-23T11:28:30Z
2026-08-23T11:27:43Z,2026-08-23T13:27:43+0200,aa89dba4-771d-4653-9ac4-44e4858bfe00,2026-08-16T18:45:00Z,2026-08-16T20:45:00+0200,239.32,EUR/MWh,BE,BE,imbalance_price,Long,2026-08-23T11:28:30Z
2026-08-23T11:27:43Z,2026-08-23T13:27:43+0200,aa89dba4-771d-4653-9ac4-44e4858bfe00,2026-08-16T18:45:00Z,2026-08-16T20:45:00+0200,239.32,EUR/MWh,BE,BE,imbalance_price,Short,2026-08-23T11:28:30Z
2026-08-23T11:27:43Z,2026-08-23T13:27:43+0200,aa89dba4-771d-4653-9ac4-44e4858bfe00,2026-08-16T19:00:00Z,2026-08-16T21:00:00+0200,252.32,EUR/MWh,BE,BE,imbalance_price,Long,2026-08-23T11:28:30Z
2026-08-23T11:27:43Z,2026-08-23T13:27:43+0200,aa89dba4-771d-4653-9ac4-44e4858bfe00,2026-08-16T19:00:00Z,2026-08-16T21:00:00+0200,252.32,EUR/MWh,BE,BE,imbalance_price,Short,2026-08-23T11:28:30Z
2026-08-23T11:27:43Z,2026-08-23T13:27:43+0200,aa89dba4-771d-4653-9ac4-44e4858bfe00,2026-08-16T19:15:00Z,2026-08-16T21:15:00+0200,283.44,EUR/MWh,BE,BE,imbalance_price,Long,2026-08-23T11:28:30Z
2026-08-23T11:27:43Z,2026-08-23T13:27:43+0200,aa89dba4-771d-4653-9ac4-44e4858bfe00,2026-08-16T19:15:00Z,2026-08-16T21:15:00+0200,283.44,EUR/MWh,BE,BE,imbalance_price,Short,2026-08-23T11:28:30Z
2026-08-23T11:27:43Z,2026-08-23T13:27:43+0200,aa89dba4-771d-4653-9ac4-44e4858bfe00,2026-08-16T19:30:00Z,2026-08-16T21:30:00+0200,283.06,EUR/MWh,BE,BE,imbalance_price,Long,2026-08-23T11:28:30Z
2026-08-23T11:27:43Z,2026-08-23T13:27:43+0200,aa89dba4-771d-4653-9ac4-44e4858bfe00,2026-08-16T19:30:00Z,2026-08-16T21:30:00+0200,283.06,EUR/MWh,BE,BE,imbalance_price,Short,2026-08-23T11:28:30Z
2026-08-23T11:27:43Z,2026-08-23T13:27:43+0200,aa89dba4-771d-4653-9ac4-44e4858bfe00,2026-08-16T19:45:00Z,2026-08-16T21:45:00+0200,293.13,EUR/MWh,BE,BE,imbalance_price,Long,2026-08-23T11:28:30Z
2026-08-23T11:27:43Z,2026-08-23T13:27:43+0200,aa89dba4-771d-4653-9ac4-44e4858bfe00,2026-08-16T19:45:00Z,2026-08-16T21:45:00+0200,293.13,EUR/MWh,BE,BE,imbalance_price,Short,2026-08-23T11:28:30Z
2026-08-23T11:27:43Z,2026-08-23T13:27:43+0200,aa89dba4-771d-4653-9ac4-44e4858bfe00,2026-08-16T20:00:00Z,2026-08-16T22:00:00+0200,290.55,EUR/MWh,BE,BE,imbalance_price,Long,2026-08-23T11:28:30Z
2026-08-23T11:27:43Z,2026-08-23T13:27:43+0200,aa89dba4-771d-4653-9ac4-44e4858bfe00,2026-08-16T20:00:00Z,2026-08-16T22:00:00+0200,290.55,EUR/MWh,BE,BE,imbalance_price,Short,2026-08-23T11:28:30Z
2026-08-23T11:27:43Z,2026-08-23T13:27:43+0200,aa89dba4-771d-4653-9ac4-44e4858bfe00,2026-08-16T20:15:00Z,2026-08-16T22:15:00+0200,276.11,EUR/MWh,BE,BE,imbalance_price,Long,2026-08-23T11:28:30Z
2026-08-23T11:27:43Z,2026-08-23T13:27:43+0200,aa89dba4-771d-4653-9ac4-44e4858bfe00,2026-08-16T20:15:00Z,2026-08-16T22:15:00+0200,276.11,EUR/MWh,BE,BE,imbalance_price,Short,2026-08-23T11:28:30Z
2026-08-23T11:27:43Z,2026-08-23T13:27:43+0200,aa89dba4-771d-4653-9ac4-44e4858bfe00,2026-08-16T20:30:00Z,2026-08-16T22:30:00+0200,280.29,EUR/MWh,BE,BE,imbalance_price,Long,2026-08-23T11:28:30Z
2026-08-23T11:27:43Z,2026-08-23T13:27:43+0200,aa89dba4-771d-4653-9ac4-44e4858bfe00,2026-08-16T20:30:00Z,2026-08-16T22:30:00+0200,280.29,EUR/MWh,BE,BE,imbalance_price,Short,2026-08-23T11:28:30Z
2026-08-23T11:27:43Z,2026-08-23T13:27:43+0200,aa89dba4-771d-4653-9ac4-44e4858bfe00,2026-08-16T20:45:00Z,2026-08-16T22:45:00+0200,252.75,EUR/MWh,BE,BE,imbalance_price,Long,2026-08-23T11:28:30Z
2026-08-23T11:27:43Z,2026-08-23T13:27:43+0200,aa89dba4-771d-4653-9ac4-44e4858bfe00,2026-08-16T20:45:00Z,2026-08-16T22:45:00+0200,252.75,EUR/MWh,BE,BE,imbalance_price,Short,2026-08-23T11:28:30Z
2026-08-23T11:27:43Z,2026-08-23T13:27:43+0200,aa89dba4-771d-4653-9ac4-44e4858bfe00,2026-08-16T21:00:00Z,2026-08-16T23:00:00+0200,241.31,EUR/MWh,BE,BE,imbalance_price,Long,2026-08-23T11:28:30Z
2026-08-23T11:27:43Z,2026-08-23T13:27:43+0200,aa89dba4-771d-4653-9ac4-44e4858bfe00,2026-08-16T21:00:00Z,2026-08-16T23:00:00+0200,241.31,EUR/MWh,BE,BE,imbalance_price,Short,2026-08-23T11:28:30Z
2026-08-23T11:27:43Z,2026-08-23T13:27:43+0200,aa89dba4-771d-4653-9ac4-44e4858bfe00,2026-08-16T21:15:00Z,2026-08-16T23:15:00+0200,225.89,EUR/MWh,BE,BE,imbalance_price,Long,2026-08-23T11:28:30Z
2026-08-23T11:27:43Z,2026-08-23T13:27:43+0200,aa89dba4-771d-4653-9ac4-44e4858bfe00,2026-08-16T21:15:00Z,2026-08-16T23:15:00+0200,225.89,EUR/MWh,BE,BE,imbalance_price,Short,2026-08-23T11:28:30Z
2026-08-23T11:27:43Z,2026-08-23T13:27:43+0200,aa89dba4-771d-4653-9ac4-44e4858bfe00,2026-08-16T21:30:00Z,2026-08-16T23:30:00+0200,208.42,EUR/MWh,BE,BE,imbalance_price,Long,2026-08-23T11:28:30Z
2026-08-23T11:27:43Z,2026-08-23T13:27:43+0200,aa89dba4-771d-4653-9ac4-44e4858bfe00,2026-08-16T21:30:00Z,2026-08-16T23:30:00+0200,208.42,EUR/MWh,BE,BE,imbalance_price,Short,2026-08-23T11:28:30Z
2026-08-23T11:27:43Z,2026-08-23T13:27:43+0200,aa89dba4-771d-4653-9ac4-44e4858bfe00,2026-08-16T21:45:00Z,2026-08-16T23:45:00+0200,213.1,EUR/MWh,BE,BE,imbalance_price,Long,2026-08-23T11:28:30Z
2026-08-23T11:27:43Z,2026-08-23T13:27:43+0200,aa89dba4-771d-4653-9ac4-44e4858bfe00,2026-08-16T21:45:00Z,2026-08-16T23:45:00+0200,213.1,EUR/MWh,BE,BE,imbalance_price,Short,2026-08-23T11:28:30Z
2026-08-23T11:27:43Z,2026-08-23T13:27:43+0200,aa89dba4-771d-4653-9ac4-44e4858bfe00,2026-08-16T22:00:00Z,2026-08-17T00:00:00+0200,251.75,EUR/MWh,BE,BE,imbalance_price,Long,2026-08-23T11:28:30Z
2026-08-23T11:27:43Z,2026-08-23T13:27:43+0200,aa89dba4-771d-4653-9ac4-44e4858bfe00,2026-08-16T22:00:00Z,2026-08-17T00:00:00+0200,251.75,EUR/MWh,BE,BE,imbalance_price,Short,2026-08-23T11:28:30Z
2026-08-23T11:27:43Z,2026-08-23T13:27:43+0200,aa89dba4-771d-4653-9ac4-44e4858bfe00,2026-08-16T22:15:00Z,2026-08-17T00:15:00+0200,206.83,EUR/MWh,BE,BE,imbalance_price,Long,2026-08-23T11:28:30Z
2026-08-23T11:27:43Z,2026-08-23T13:27:43+0200,aa89dba4-771d-4653-9ac4-44e4858bfe00,2026-08-16T22:15:00Z,2026-08-17T00:15:00+0200,206.83,EUR/MWh,BE,BE,imbalance_price,Short,2026-08-23T11:28:30Z
2026-08-23T11:27:43Z,2026-08-23T13:27:43+0200,aa89dba4-771d-4653-9ac4-44e4858bfe00,2026-08-16T22:30:00Z,2026-08-17T00:30:00+0200,191.48,EUR/MWh,BE,BE,imbalance_price,Long,2026-08-23T11:28:30Z
2026-08-23T11:27:43Z,2026-08-23T13:27:43+0200,aa89dba4-771d-4653-9ac4-44e4858bfe00,2026-08-16T22:30:00Z,2026-08-17T00:30:00+0200,191.48,EUR/MWh,BE,BE,imbalance_price,Short,2026-08-23T11:28:30Z
2026-08-23T11:27:43Z,2026-08-23T13:27:43+0200,aa89dba4-771d-4653-9ac4-44e4858bfe00,2026-08-16T22:45:00Z,2026-08-17T00:45:00+0200,180.0,EUR/MWh,BE,BE,imbalance_price,Long,2026-08-23T11:28:30Z
2026-08-23T11:27:43Z,2026-08-23T13:27:43+0200,aa89dba4-771d-4653-9ac4-44e4858bfe00,2026-08-16T22:45:00Z,2026-08-17T00:45:00+0200,180.0,EUR/MWh,BE,BE,imbalance_price,Short,2026-08-23T11:28:30Z
2026-08-23T11:27:43Z,2026-08-23T13:27:43+0200,aa89dba4-771d-4653-9ac4-44e4858bfe00,2026-08-16T23:00:00Z,2026-08-17T01:00:00+0200,192.39,EUR/MWh,BE,BE,imbalance_price,Long,2026-08-23T11:28:30Z
2026-08-23T11:27:43Z,2026-08-23T13:27:43+0200,aa89dba4-771d-4653-9ac4-44e4858bfe00,2026-08-16T23:00:00Z,2026-08-17T01:00:00+0200,192.39,EUR/MWh,BE,BE,imbalance_price,Short,2026-08-23T11:28:30Z
2026-08-23T11:27:43Z,2026-08-23T13:27:43+0200,aa89dba4-771d-4653-9ac4-44e4858bfe00,2026-08-16T23:15:00Z,2026-08-17T01:15:00+0200,183.88,EUR/MWh,BE,BE,imbalance_price,Long,2026-08-23T11:28:30Z
2026-08-23T11:27:43Z,2026-08-23T13:27:43+0200,aa89dba4-771d-4653-9ac4-44e4858bfe00,2026-08-16T23:15:00Z,2026-08-17T01:15:00+0200,183.88,EUR/MWh,BE,BE,imbalance_price,Short,2026-08-23T11:28:30Z
2026-08-23T11:27:43Z,2026-08-23T13:27:43+0200,aa89dba4-771d-4653-9ac4-44e4858bfe00,2026-08-16T23:30:00Z,2026-08-17T01:30:00+0200,233.27,EUR/MWh,BE,BE,imbalance_price,Long,2026-08-23T11:28:30Z
2026-08-23T11:27:43Z,2026-08-23T13:27:43+0200,aa89dba4-771d-4653-9ac4-44e4858bfe00,2026-08-16T23:30:00Z,2026-08-17T01:30:00+0200,233.27,EUR/MWh,BE,BE,imbalance_price,Short,2026-08-23T11:28:30Z
2026-08-23T11:27:43Z,2026-08-23T13:27:43+0200,aa89dba4-771d-4653-9ac4-44e4858bfe00,2026-08-16T23:45:00Z,2026-08-17T01:45:00+0200,181.84,EUR/MWh,BE,BE,imbalance_price,Long,2026-08-23T11:28:30Z
2026-08-23T11:27:43Z,2026-08-23T13:27:43+0200,aa89dba4-771d-4653-9ac4-44e4858bfe00,2026-08-16T23:45:00Z,2026-08-17T01:45:00+0200,181.84,EUR/MWh,BE,BE,imbalance_price,Short,2026-08-23T11:28:30Z
2026-08-23T11:27:43Z,2026-08-23T13:27:43+0200,aa89dba4-771d-4653-9ac4-44e4858bfe00,2026-08-17T00:00:00Z,2026-08-17T02:00:00+0200,197.05,EUR/MWh,BE,BE,imbalance_price,Long,2026-08-23T11:28:30Z
2026-08-23T11:27:43Z,2026-08-23T13:27:43+0200,aa89dba4-771d-4653-9ac4-44e4858bfe00,2026-08-17T00:00:00Z,2026-08-17T02:00:00+0200,197.05,EUR/MWh,BE,BE,imbalance_price,Short,2026-08-23T11:28:30Z
2026-08-23T11:27:43Z,2026-08-23T13:27:43+0200,aa89dba4-771d-4653-9ac4-44e4858bfe00,2026-08-17T00:15:00Z,2026-08-17T02:15:00+0200,195.83,EUR/MWh,BE,BE,imbalance_price,Long,2026-08-23T11:28:30Z
2026-08-23T11:27:43Z,2026-08-23T13:27:43+0200,aa89dba4-771d-4653-9ac4-44e4858bfe00,2026-08-17T00:15:00Z,2026-08-17T02:15:00+0200,195.83,EUR/MWh,BE,BE,imbalance_price,Short,2026-08-23T11:28:30Z
2026-08-23T11:27:43Z,2026-08-23T13:27:43+0200,aa89dba4-771d-4653-9ac4-44e4858bfe00,2026-08-17T00:30:00Z,2026-08-17T02:30:00+0200,160.0,EUR/MWh,BE,BE,imbalance_price,Long,2026-08-23T11:28:30Z
2026-08-23T11:27:43Z,2026-08-23T13:27:43+0200,aa89dba4-771d-4653-9ac4-44e4858bfe00,2026-08-17T00:30:00Z,2026-08-17T02:30:00+0200,160.0,EUR/MWh,BE,BE,imbalance_price,Short,2026-08-23T11:28:30Z
2026-08-23T11:27:43Z,2026-08-23T13:27:43+0200,aa89dba4-771d-4653-9ac4-44e4858bfe00,2026-08-17T00:45:00Z,2026-08-17T02:45:00+0200,160.0,EUR/MWh,BE,BE,imbalance_price,Long,2026-08-23T11:28:30Z
2026-08-23T11:27:43Z,2026-08-23T13:27:43+0200,aa89dba4-771d-4653-9ac4-44e4858bfe00,2026-08-17T00:45:00Z,2026-08-17T02:45:00+0200,160.0,EUR/MWh,BE,BE,imbalance_price,Short,2026-08-23T11:28:30Z
2026-08-23T11:27:43Z,2026-08-23T13:27:43+0200,aa89dba4-771d-4653-9ac4-44e4858bfe00,2026-08-17T01:00:00Z,2026-08-17T03:00:00+0200,160.0,EUR/MWh,BE,BE,imbalance_price,Long,2026-08-23T11:28:30Z
2026-08-23T11:27:43Z,2026-08-23T13:27:43+0200,aa89dba4-771d-4653-9ac4-44e4858bfe00,2026-08-17T01:00:00Z,2026-08-17T03:00:00+0200,160.0,EUR/MWh,BE,BE,imbalance_price,Short,2026-08-23T11:28:30Z
2026-08-23T11:27:43Z,2026-08-23T13:27:43+0200,aa89dba4-771d-4653-9ac4-44e4858bfe00,2026-08-17T01:15:00Z,2026-08-17T03:15:00+0200,140.0,EUR/MWh,BE,BE,imbalance_price,Long,2026-08-23T11:28:30Z
2026-08-23T11:27:43Z,2026-08-23T13:27:43+0200,aa89dba4-771d-4653-9ac4-44e4858bfe00,2026-08-17T01:15:00Z,2026-08-17T03:15:00+0200,140.0,EUR/MWh,BE,BE,imbalance_price,Short,2026-08-23T11:28:30Z
2026-08-23T11:27:43Z,2026-08-23T13:27:43+0200,aa89dba4-771d-4653-9ac4-44e4858bfe00,2026-08-17T01:30:00Z,2026-08-17T03:30:00+0200,158.17,EUR/MWh,BE,BE,imbalance_price,Long,2026-08-23T11:28:30Z
2026-08-23T11:27:43Z,2026-08-23T13:27:43+0200,aa89dba4-771d-4653-9ac4-44e4858bfe00,2026-08-17T01:30:00Z,2026-08-17T03:30:00+0200,158.17,EUR/MWh,BE,BE,imbalance_price,Short,2026-08-23T11:28:30Z
2026-08-23T11:27:43Z,2026-08-23T13:27:43+0200,aa89dba4-771d-4653-9ac4-44e4858bfe00,2026-08-17T01:45:00Z,2026-08-17T03:45:00+0200,160.0,EUR/MWh,BE,BE,imbalance_price,Long,2026-08-23T11:28:30Z
2026-08-23T11:27:43Z,2026-08-23T13:27:43+0200,aa89dba4-771d-4653-9ac4-44e4858bfe00,2026-08-17T01:45:00Z,2026-08-17T03:45:00+0200,160.0,EUR/MWh,BE,BE,imbalance_price,Short,2026-08-23T11:28:30Z
2026-08-23T11:27:43Z,2026-08-23T13:27:43+0200,aa89dba4-771d-4653-9ac4-44e4858bfe00,2026-08-17T02:00:00Z,2026-08-17T04:00:00+0200,178.86,EUR/MWh,BE,BE,imbalance_price,Long,2026-08-23T11:28:30Z
2026-08-23T11:27:43Z,2026-08-23T13:27:43+0200,aa89dba4-771d-4653-9ac4-44e4858bfe00,2026-08-17T02:00:00Z,2026-08-17T04:00:00+0200,178.86,EUR/MWh,BE,BE,imbalance_price,Short,2026-08-23T11:28:30Z
2026-08-23T11:27:43Z,2026-08-23T13:27:43+0200,aa89dba4-771d-4653-9ac4-44e4858bfe00,2026-08-17T02:15:00Z,2026-08-17T04:15:00+0200,175.8,EUR/MWh,BE,BE,imbalance_price,Long,2026-08-23T11:28:30Z
2026-08-23T11:27:43Z,2026-08-23T13:27:43+0200,aa89dba4-771d-4653-9ac4-44e4858bfe00,2026-08-17T02:15:00Z,2026-08-17T04:15:00+0200,175.8,EUR/MWh,BE,BE,imbalance_price,Short,2026-08-23T11:28:30Z
2026-08-23T11:27:43Z,2026-08-23T13:27:43+0200,aa89dba4-771d-4653-9ac4-44e4858bfe00,2026-08-17T02:30:00Z,2026-08-17T04:30:00+0200,180.0,EUR/MWh,BE,BE,imbalance_price,Long,2026-08-23T11:28:30Z
2026-08-23T11:27:43Z,2026-08-23T13:27:43+0200,aa89dba4-771d-4653-9ac4-44e4858bfe00,2026-08-17T02:30:00Z,2026-08-17T04:30:00+0200,180.0,EUR/MWh,BE,BE,imbalance_price,Short,2026-08-23T11:28:30Z
2026-08-23T11:27:43Z,2026-08-23T13:27:43+0200,aa89dba4-771d-4653-9ac4-44e4858bfe00,2026-08-17T02:45:00Z,2026-08-17T04:45:00+0200,180.0,EUR/MWh,BE,BE,imbalance_price,Long,2026-08-23T11:28:30Z
2026-08-23T11:27:43Z,2026-08-23T13:27:43+0200,aa89dba4-771d-4653-9ac4-44e4858bfe00,2026-08-17T02:45:00Z,2026-08-17T04:45:00+0200,180.0,EUR/MWh,BE,BE,imbalance_price,Short,2026-08-23T11:28:30Z
2026-08-23T11:27:43Z,2026-08-23T13:27:43+0200,aa89dba4-771d-4653-9ac4-44e4858bfe00,2026-08-17T03:00:00Z,2026-08-17T05:00:00+0200,160.0,EUR/MWh,BE,BE,imbalance_price,Long,2026-08-23T11:28:30Z
2026-08-23T11:27:43Z,2026-08-23T13:27:43+0200,aa89dba4-771d-4653-9ac4-44e4858bfe00,2026-08-17T03:00:00Z,2026-08-17T05:00:00+0200,160.0,EUR/MWh,BE,BE,imbalance_price,Short,2026-08-23T11:28:30Z
2026-08-23T11:27:43Z,2026-08-23T13:27:43+0200,aa89dba4-771d-4653-9ac4-44e4858bfe00,2026-08-17T03:15:00Z,2026-08-17T05:15:00+0200,160.0,EUR/MWh,BE,BE,imbalance_price,Long,2026-08-23T11:28:30Z
2026-08-23T11:27:43Z,2026-08-23T13:27:43+0200,aa89dba4-771d-4653-9ac4-44e4858bfe00,2026-08-17T03:15:00Z,2026-08-17T05:15:00+0200,160.0,EUR/MWh,BE,BE,imbalance_price,Short,2026-08-23T11:28:30Z
2026-08-23T11:27:43Z,2026-08-23T13:27:43+0200,aa89dba4-771d-4653-9ac4-44e4858bfe00,2026-08-17T03:30:00Z,2026-08-17T05:30:00+0200,208.36,EUR/MWh,BE,BE,imbalance_price,Long,2026-08-23T11:28:30Z
2026-08-23T11:27:43Z,2026-08-23T13:27:43+0200,aa89dba4-771d-4653-9ac4-44e4858bfe00,2026-08-17T03:30:00Z,2026-08-17T05:30:00+0200,208.36,EUR/MWh,BE,BE,imbalance_price,Short,2026-08-23T11:28:30Z
2026-08-23T11:27:43Z,2026-08-23T13:27:43+0200,aa89dba4-771d-4653-9ac4-44e4858bfe00,2026-08-17T03:45:00Z,2026-08-17T05:45:00+0200,213.66,EUR/MWh,BE,BE,imbalance_price,Long,2026-08-23T11:28:30Z
2026-08-23T11:27:43Z,2026-08-23T13:27:43+0200,aa89dba4-771d-4653-9ac4-44e4858bfe00,2026-08-17T03:45:00Z,2026-08-17T05:45:00+0200,213.66,EUR/MWh,BE,BE,imbalance_price,Short,2026-08-23T11:28:30Z
2026-08-23T11:27:43Z,2026-08-23T13:27:43+0200,aa89dba4-771d-4653-9ac4-44e4858bfe00,2026-08-17T04:00:00Z,2026-08-17T06:00:00+0200,251.05,EUR/MWh,BE,BE,imbalance_price,Long,2026-08-23T11:28:30Z
2026-08-23T11:27:43Z,2026-08-23T13:27:43+0200,aa89dba4-771d-4653-9ac4-44e4858bfe00,2026-08-17T04:00:00Z,2026-08-17T06:00:00+0200,251.05,EUR/MWh,BE,BE,imbalance_price,Short,2026-08-23T11:28:30Z
2026-08-23T11:27:43Z,2026-08-23T13:27:43+0200,aa89dba4-771d-4653-9ac4-44e4858bfe00,2026-08-17T04:15:00Z,2026-08-17T06:15:00+0200,239.78,EUR/MWh,BE,BE,imbalance_price,Long,2026-08-23T11:28:30Z
2026-08-23T11:27:43Z,2026-08-23T13:27:43+0200,aa89dba4-771d-4653-9ac4-44e4858bfe00,2026-08-17T04:15:00Z,2026-08-17T06:15:00+0200,239.78,EUR/MWh,BE,BE,imbalance_price,Short,2026-08-23T11:28:30Z
2026-08-23T11:27:43Z,2026-08-23T13:27:43+0200,aa89dba4-771d-4653-9ac4-44e4858bfe00,2026-08-17T04:30:00Z,2026-08-17T06:30:00+0200,252.74,EUR/MWh,BE,BE,imbalance_price,Long,2026-08-23T11:28:30Z
2026-08-23T11:27:43Z,2026-08-23T13:27:43+0200,aa89dba4-771d-4653-9ac4-44e4858bfe00,2026-08-17T04:30:00Z,2026-08-17T06:30:00+0200,252.74,EUR/MWh,BE,BE,imbalance_price,Short,2026-08-23T11:28:30Z
2026-08-23T11:27:43Z,2026-08-23T13:27:43+0200,aa89dba4-771d-4653-9ac4-44e4858bfe00,2026-08-17T04:45:00Z,2026-08-17T06:45:00+0200,272.23,EUR/MWh,BE,BE,imbalance_price,Long,2026-08-23T11:28:30Z
2026-08-23T11:27:43Z,2026-08-23T13:27:43+0200,aa89dba4-771d-4653-9ac4-44e4858bfe00,2026-08-17T04:45:00Z,2026-08-17T06:45:00+0200,272.23,EUR/MWh,BE,BE,imbalance_price,Short,2026-08-23T11:28:30Z
2026-08-23T11:27:43Z,2026-08-23T13:27:43+0200,aa89dba4-771d-4653-9ac4-44e4858bfe00,2026-08-17T05:00:00Z,2026-08-17T07:00:00+0200,300.8,EUR/MWh,BE,BE,imbalance_price,Long,2026-08-23T11:28:30Z
2026-08-23T11:27:43Z,2026-08-23T13:27:43+0200,aa89dba4-771d-4653-9ac4-44e4858bfe00,2026-08-17T05:00:00Z,2026-08-17T07:00:00+0200,300.8,EUR/MWh,BE,BE,imbalance_price,Short,2026-08-23T11:28:30Z
2026-08-23T11:27:43Z,2026-08-23T13:27:43+0200,aa89dba4-771d-4653-9ac4-44e4858bfe00,2026-08-17T05:15:00Z,2026-08-17T07:15:00+0200,286.09,EUR/MWh,BE,BE,imbalance_price,Long,2026-08-23T11:28:30Z
2026-08-23T11:27:43Z,2026-08-23T13:27:43+0200,aa89dba4-771d-4653-9ac4-44e4858bfe00,2026-08-17T05:15:00Z,2026-08-17T07:15:00+0200,286.09,EUR/MWh,BE,BE,imbalance_price,Short,2026-08-23T11:28:30Z
2026-08-23T11:27:43Z,2026-08-23T13:27:43+0200,aa89dba4-771d-4653-9ac4-44e4858bfe00,2026-08-17T05:30:00Z,2026-08-17T07:30:00+0200,278.0,EUR/MWh,BE,BE,imbalance_price,Long,2026-08-23T11:28:30Z
2026-08-23T11:27:43Z,2026-08-23T13:27:43+0200,aa89dba4-771d-4653-9ac4-44e4858bfe00,2026-08-17T05:30:00Z,2026-08-17T07:30:00+0200,278.0,EUR/MWh,BE,BE,imbalance_price,Short,2026-08-23T11:28:30Z
2026-08-23T11:27:43Z,2026-08-23T13:27:43+0200,aa89dba4-771d-4653-9ac4-44e4858bfe00,2026-08-17T05:45:00Z,2026-08-17T07:45:00+0200,235.12,EUR/MWh,BE,BE,imbalance_price,Long,2026-08-23T11:28:30Z
2026-08-23T11:27:43Z,2026-08-23T13:27:43+0200,aa89dba4-771d-4653-9ac4-44e4858bfe00,2026-08-17T05:45:00Z,2026-08-17T07:45:00+0200,235.12,EUR/MWh,BE,BE,imbalance_price,Short,2026-08-23T11:28:30Z
2026-08-23T11:27:43Z,2026-08-23T13:27:43+0200,aa89dba4-771d-4653-9ac4-44e4858bfe00,2026-08-17T06:00:00Z,2026-08-17T08:00:00+0200,237.75,EUR/MWh,BE,BE,imbalance_price,Long,2026-08-23T11:28:30Z
2026-08-23T11:27:43Z,2026-08-23T13:27:43+0200,aa89dba4-771d-4653-9ac4-44e4858bfe00,2026-08-17T06:00:00Z,2026-08-17T08:00:00+0200,237.75,EUR/MWh,BE,BE,imbalance_price,Short,2026-08-23T11:28:30Z
2026-08-23T11:27:43Z,2026-08-23T13:27:43+0200,aa89dba4-771d-4653-9ac4-44e4858bfe00,2026-08-17T06:15:00Z,2026-08-17T08:15:00+0200,218.75,EUR/MWh,BE,BE,imbalance_price,Long,2026-08-23T11:28:30Z
2026-08-23T11:27:43Z,2026-08-23T13:27:43+0200,aa89dba4-771d-4653-9ac4-44e4858bfe00,2026-08-17T06:15:00Z,2026-08-17T08:15:00+0200,218.75,EUR/MWh,BE,BE,imbalance_price,Short,2026-08-23T11:28:30Z
2026-08-23T11:27:43Z,2026-08-23T13:27:43+0200,aa89dba4-771d-4653-9ac4-44e4858bfe00,2026-08-17T06:30:00Z,2026-08-17T08:30:00+0200,186.89,EUR/MWh,BE,BE,imbalance_price,Long,2026-08-23T11:28:30Z
2026-08-23T11:27:43Z,2026-08-23T13:27:43+0200,aa89dba4-771d-4653-9ac4-44e4858bfe00,2026-08-17T06:30:00Z,2026-08-17T08:30:00+0200,186.89,EUR/MWh,BE,BE,imbalance_price,Short,2026-08-23T11:28:30Z
2026-08-23T11:27:43Z,2026-08-23T13:27:43+0200,aa89dba4-771d-4653-9ac4-44e4858bfe00,2026-08-17T06:45:00Z,2026-08-17T08:45:00+0200,222.16,EUR/MWh,BE,BE,imbalance_price,Long,2026-08-23T11:28:30Z
2026-08-23T11:27:43Z,2026-08-23T13:27:43+0200,aa89dba4-771d-4653-9ac4-44e4858bfe00,2026-08-17T06:45:00Z,2026-08-17T08:45:00+0200,222.16,EUR/MWh,BE,BE,imbalance_price,Short,2026-08-23T11:28:30Z
2026-08-23T11:27:43Z,2026-08-23T13:27:43+0200,aa89dba4-771d-4653-9ac4-44e4858bfe00,2026-08-17T07:00:00Z,2026-08-17T09:00:00+0200,216.78,EUR/MWh,BE,BE,imbalance_price,Long,2026-08-23T11:28:30Z
2026-08-23T11:27:43Z,2026-08-23T13:27:43+0200,aa89dba4-771d-4653-9ac4-44e4858bfe00,2026-08-17T07:00:00Z,2026-08-17T09:00:00+0200,216.78,EUR/MWh,BE,BE,imbalance_price,Short,2026-08-23T11:28:30Z
2026-08-23T11:27:43Z,2026-08-23T13:27:43+0200,aa89dba4-771d-4653-9ac4-44e4858bfe00,2026-08-17T07:15:00Z,2026-08-17T09:15:00+0200,198.25,EUR/MWh,BE,BE,imbalance_price,Long,2026-08-23T11:28:30Z
2026-08-23T11:27:43Z,2026-08-23T13:27:43+0200,aa89dba4-771d-4653-9ac4-44e4858bfe00,2026-08-17T07:15:00Z,2026-08-17T09:15:00+0200,198.25,EUR/MWh,BE,BE,imbalance_price,Short,2026-08-23T11:28:30Z
2026-08-23T11:27:43Z,2026-08-23T13:27:43+0200,aa89dba4-771d-4653-9ac4-44e4858bfe00,2026-08-17T07:30:00Z,2026-08-17T09:30:00+0200,176.26,EUR/MWh,BE,BE,imbalance_price,Long,2026-08-23T11:28:30Z
2026-08-23T11:27:43Z,2026-08-23T13:27:43+0200,aa89dba4-771d-4653-9ac4-44e4858bfe00,2026-08-17T07:30:00Z,2026-08-17T09:30:00+0200,176.26,EUR/MWh,BE,BE,imbalance_price,Short,2026-08-23T11:28:30Z
2026-08-23T11:27:43Z,2026-08-23T13:27:43+0200,aa89dba4-771d-4653-9ac4-44e4858bfe00,2026-08-17T07:45:00Z,2026-08-17T09:45:00+0200,169.0,EUR/MWh,BE,BE,imbalance_price,Long,2026-08-23T11:28:30Z
2026-08-23T11:27:43Z,2026-08-23T13:27:43+0200,aa89dba4-771d-4653-9ac4-44e4858bfe00,2026-08-17T07:45:00Z,2026-08-17T09:45:00+0200,169.0,EUR/MWh,BE,BE,imbalance_price,Short,2026-08-23T11:28:30Z
2026-08-23T11:27:43Z,2026-08-23T13:27:43+0200,aa89dba4-771d-4653-9ac4-44e4858bfe00,2026-08-17T08:00:00Z,2026-08-17T10:00:00+0200,221.6,EUR/MWh,BE,BE,imbalance_price,Long,2026-08-23T11:28:30Z
2026-08-23T11:27:43Z,2026-08-23T13:27:43+0200,aa89dba4-771d-4653-9ac4-44e4858bfe00,2026-08-17T08:00:00Z,2026-08-17T10:00:00+0200,221.6,EUR/MWh,BE,BE,imbalance_price,Short,2026-08-23T11:28:30Z
2026-08-23T11:27:43Z,2026-08-23T13:27:43+0200,aa89dba4-771d-4653-9ac4-44e4858bfe00,2026-08-17T08:15:00Z,2026-08-17T10:15:00+0200,203.0,EUR/MWh,BE,BE,imbalance_price,Long,2026-08-23T11:28:30Z
2026-08-23T11:27:43Z,2026-08-23T13:27:43+0200,aa89dba4-771d-4653-9ac4-44e4858bfe00,2026-08-17T08:15:00Z,2026-08-17T10:15:00+0200,203.0,EUR/MWh,BE,BE,imbalance_price,Short,2026-08-23T11:28:30Z
2026-08-23T11:27:43Z,2026-08-23T13:27:43+0200,aa89dba4-771d-4653-9ac4-44e4858bfe00,2026-08-17T08:30:00Z,2026-08-17T10:30:00+0200,137.89,EUR/MWh,BE,BE,imbalance_price,Long,2026-08-23T11:28:30Z
2026-08-23T11:27:43Z,2026-08-23T13:27:43+0200,aa89dba4-771d-4653-9ac4-44e4858bfe00,2026-08-17T08:30:00Z,2026-08-17T10:30:00+0200,137.89,EUR/MWh,BE,BE,imbalance_price,Short,2026-08-23T11:28:30Z
2026-08-23T11:27:43Z,2026-08-23T13:27:43+0200,aa89dba4-771d-4653-9ac4-44e4858bfe00,2026-08-17T08:45:00Z,2026-08-17T10:45:00+0200,153.61,EUR/MWh,BE,BE,imbalance_price,Long,2026-08-23T11:28:30Z
2026-08-23T11:27:43Z,2026-08-23T13:27:43+0200,aa89dba4-771d-4653-9ac4-44e4858bfe00,2026-08-17T08:45:00Z,2026-08-17T10:45:00+0200,153.61,EUR/MWh,BE,BE,imbalance_price,Short,2026-08-23T11:28:30Z
2026-08-23T11:27:43Z,2026-08-23T13:27:43+0200,aa89dba4-771d-4653-9ac4-44e4858bfe00,2026-08-17T09:00:00Z,2026-08-17T11:00:00+0200,171.0,EUR/MWh,BE,BE,imbalance_price,Long,2026-08-23T11:28:30Z
2026-08-23T11:27:43Z,2026-08-23T13:27:43+0200,aa89dba4-771d-4653-9ac4-44e4858bfe00,2026-08-17T09:00:00Z,2026-08-17T11:00:00+0200,171.0,EUR/MWh,BE,BE,imbalance_price,Short,2026-08-23T11:28:30Z
2026-08-23T11:27:43Z,2026-08-23T13:27:43+0200,aa89dba4-771d-4653-9ac4-44e4858bfe00,2026-08-17T09:15:00Z,2026-08-17T11:15:00+0200,155.36,EUR/MWh,BE,BE,imbalance_price,Long,2026-08-23T11:28:30Z
2026-08-23T11:27:43Z,2026-08-23T13:27:43+0200,aa89dba4-771d-4653-9ac4-44e4858bfe00,2026-08-17T09:15:00Z,2026-08-17T11:15:00+0200,155.36,EUR/MWh,BE,BE,imbalance_price,Short,2026-08-23T11:28:30Z
2026-08-23T11:27:43Z,2026-08-23T13:27:43+0200,aa89dba4-771d-4653-9ac4-44e4858bfe00,2026-08-17T09:30:00Z,2026-08-17T11:30:00+0200,161.55,EUR/MWh,BE,BE,imbalance_price,Long,2026-08-23T11:28:30Z
2026-08-23T11:27:43Z,2026-08-23T13:27:43+0200,aa89dba4-771d-4653-9ac4-44e4858bfe00,2026-08-17T09:30:00Z,2026-08-17T11:30:00+0200,161.55,EUR/MWh,BE,BE,imbalance_price,Short,2026-08-23T11:28:30Z
2026-08-23T11:27:43Z,2026-08-23T13:27:43+0200,aa89dba4-771d-4653-9ac4-44e4858bfe00,2026-08-17T09:45:00Z,2026-08-17T11:45:00+0200,159.49,EUR/MWh,BE,BE,imbalance_price,Long,2026-08-23T11:28:30Z
2026-08-23T11:27:43Z,2026-08-23T13:27:43+0200,aa89dba4-771d-4653-9ac4-44e4858bfe00,2026-08-17T09:45:00Z,2026-08-17T11:45:00+0200,159.49,EUR/MWh,BE,BE,imbalance_price,Short,2026-08-23T11:28:30Z
2026-08-23T11:27:43Z,2026-08-23T13:27:43+0200,aa89dba4-771d-4653-9ac4-44e4858bfe00,2026-08-17T10:00:00Z,2026-08-17T12:00:00+0200,187.11,EUR/MWh,BE,BE,imbalance_price,Long,2026-08-23T11:28:30Z
2026-08-23T11:27:43Z,2026-08-23T13:27:43+0200,aa89dba4-771d-4653-9ac4-44e4858bfe00,2026-08-17T10:00:00Z,2026-08-17T12:00:00+0200,187.11,EUR/MWh,BE,BE,imbalance_price,Short,2026-08-23T11:28:30Z
2026-08-23T11:27:43Z,2026-08-23T13:27:43+0200,aa89dba4-771d-4653-9ac4-44e4858bfe00,2026-08-17T10:15:00Z,2026-08-17T12:15:00+0200,202.93,EUR/MWh,BE,BE,imbalance_price,Long,2026-08-23T11:28:30Z
2026-08-23T11:27:43Z,2026-08-23T13:27:43+0200,aa89dba4-771d-4653-9ac4-44e4858bfe00,2026-08-17T10:15:00Z,2026-08-17T12:15:00+0200,202.93,EUR/MWh,BE,BE,imbalance_price,Short,2026-08-23T11:28:30Z
2026-08-23T11:27:43Z,2026-08-23T13:27:43+0200,aa89dba4-771d-4653-9ac4-44e4858bfe00,2026-08-17T10:30:00Z,2026-08-17T12:30:00+0200,205.15,EUR/MWh,BE,BE,imbalance_price,Long,2026-08-23T11:28:30Z
2026-08-23T11:27:43Z,2026-08-23T13:27:43+0200,aa89dba4-771d-4653-9ac4-44e4858bfe00,2026-08-17T10:30:00Z,2026-08-17T12:30:00+0200,205.15,EUR/MWh,BE,BE,imbalance_price,Short,2026-08-23T11:28:30Z
2026-08-23T11:27:43Z,2026-08-23T13:27:43+0200,aa89dba4-771d-4653-9ac4-44e4858bfe00,2026-08-17T10:45:00Z,2026-08-17T12:45:00+0200,202.21,EUR/MWh,BE,BE,imbalance_price,Long,2026-08-23T11:28:30Z
2026-08-23T11:27:43Z,2026-08-23T13:27:43+0200,aa89dba4-771d-4653-9ac4-44e4858bfe00,2026-08-17T10:45:00Z,2026-08-17T12:45:00+0200,202.21,EUR/MWh,BE,BE,imbalance_price,Short,2026-08-23T11:28:30Z
2026-08-23T11:27:43Z,2026-08-23T13:27:43+0200,aa89dba4-771d-4653-9ac4-44e4858bfe00,2026-08-17T11:00:00Z,2026-08-17T13:00:00+0200,188.84,EUR/MWh,BE,BE,imbalance_price,Long,2026-08-23T11:28:30Z
2026-08-23T11:27:43Z,2026-08-23T13:27:43+0200,aa89dba4-771d-4653-9ac4-44e4858bfe00,2026-08-17T11:00:00Z,2026-08-17T13:00:00+0200,188.84,EUR/MWh,BE,BE,imbalance_price,Short,2026-08-23T11:28:30Z
2026-08-23T11:27:43Z,2026-08-23T13:27:43+0200,aa89dba4-771d-4653-9ac4-44e4858bfe00,2026-08-17T11:15:00Z,2026-08-17T13:15:00+0200,177.67,EUR/MWh,BE,BE,imbalance_price,Long,2026-08-23T11:28:30Z
2026-08-23T11:27:43Z,2026-08-23T13:27:43+0200,aa89dba4-771d-4653-9ac4-44e4858bfe00,2026-08-17T11:15:00Z,2026-08-17T13:15:00+0200,177.67,EUR/MWh,BE,BE,imbalance_price,Short,2026-08-23T11:28:30Z
2026-08-23T11:27:43Z,2026-08-23T13:27:43+0200,aa89dba4-771d-4653-9ac4-44e4858bfe00,2026-08-17T11:30:00Z,2026-08-17T13:30:00+0200,203.83,EUR/MWh,BE,BE,imbalance_price,Long,2026-08-23T11:28:30Z
2026-08-23T11:27:43Z,2026-08-23T13:27:43+0200,aa89dba4-771d-4653-9ac4-44e4858bfe00,2026-08-17T11:30:00Z,2026-08-17T13:30:00+0200,203.83,EUR/MWh,BE,BE,imbalance_price,Short,2026-08-23T11:28:30Z
2026-08-23T11:27:43Z,2026-08-23T13:27:43+0200,aa89dba4-771d-4653-9ac4-44e4858bfe00,2026-08-17T11:45:00Z,2026-08-17T13:45:00+0200,145.0,EUR/MWh,BE,BE,imbalance_price,Long,2026-08-23T11:28:30Z
2026-08-23T11:27:43Z,2026-08-23T13:27:43+0200,aa89dba4-771d-4653-9ac4-44e4858bfe00,2026-08-17T11:45:00Z,2026-08-17T13:45:00+0200,145.0,EUR/MWh,BE,BE,imbalance_price,Short,2026-08-23T11:28:30Z
2026-08-23T11:27:43Z,2026-08-23T13:27:43+0200,aa89dba4-771d-4653-9ac4-44e4858bfe00,2026-08-17T12:00:00Z,2026-08-17T14:00:00+0200,143.94,EUR/MWh,BE,BE,imbalance_price,Long,2026-08-23T11:28:30Z
2026-08-23T11:27:43Z,2026-08-23T13:27:43+0200,aa89dba4-771d-4653-9ac4-44e4858bfe00,2026-08-17T12:00:00Z,2026-08-17T14:00:00+0200,143.94,EUR/MWh,BE,BE,imbalance_price,Short,2026-08-23T11:28:30Z
2026-08-23T11:27:43Z,2026-08-23T13:27:43+0200,aa89dba4-771d-4653-9ac4-44e4858bfe00,2026-08-17T12:15:00Z,2026-08-17T14:15:00+0200,160.0,EUR/MWh,BE,BE,imbalance_price,Long,2026-08-23T11:28:30Z
2026-08-23T11:27:43Z,2026-08-23T13:27:43+0200,aa89dba4-771d-4653-9ac4-44e4858bfe00,2026-08-17T12:15:00Z,2026-08-17T14:15:00+0200,160.0,EUR/MWh,BE,BE,imbalance_price,Short,2026-08-23T11:28:30Z
2026-08-23T11:27:43Z,2026-08-23T13:27:43+0200,aa89dba4-771d-4653-9ac4-44e4858bfe00,2026-08-17T12:30:00Z,2026-08-17T14:30:00+0200,162.0,EUR/MWh,BE,BE,imbalance_price,Long,2026-08-23T11:28:30Z
2026-08-23T11:27:43Z,2026-08-23T13:27:43+0200,aa89dba4-771d-4653-9ac4-44e4858bfe00,2026-08-17T12:30:00Z,2026-08-17T14:30:00+0200,162.0,EUR/MWh,BE,BE,imbalance_price,Short,2026-08-23T11:28:30Z
2026-08-23T11:27:43Z,2026-08-23T13:27:43+0200,aa89dba4-771d-4653-9ac4-44e4858bfe00,2026-08-17T12:45:00Z,2026-08-17T14:45:00+0200,212.7,EUR/MWh,BE,BE,imbalance_price,Long,2026-08-23T11:28:30Z
2026-08-23T11:27:43Z,2026-08-23T13:27:43+0200,aa89dba4-771d-4653-9ac4-44e4858bfe00,2026-08-17T12:45:00Z,2026-08-17T14:45:00+0200,212.7,EUR/MWh,BE,BE,imbalance_price,Short,2026-08-23T11:28:30Z
2026-08-23T11:27:43Z,2026-08-23T13:27:43+0200,aa89dba4-771d-4653-9ac4-44e4858bfe00,2026-08-17T13:00:00Z,2026-08-17T15:00:00+0200,214.89,EUR/MWh,BE,BE,imbalance_price,Long,2026-08-23T11:28:30Z
2026-08-23T11:27:43Z,2026-08-23T13:27:43+0200,aa89dba4-771d-4653-9ac4-44e4858bfe00,2026-08-17T13:00:00Z,2026-08-17T15:00:00+0200,214.89,EUR/MWh,BE,BE,imbalance_price,Short,2026-08-23T11:28:30Z
2026-08-23T11:27:43Z,2026-08-23T13:27:43+0200,aa89dba4-771d-4653-9ac4-44e4858bfe00,2026-08-17T13:15:00Z,2026-08-17T15:15:00+0200,238.7,EUR/MWh,BE,BE,imbalance_price,Long,2026-08-23T11:28:30Z
2026-08-23T11:27:43Z,2026-08-23T13:27:43+0200,aa89dba4-771d-4653-9ac4-44e4858bfe00,2026-08-17T13:15:00Z,2026-08-17T15:15:00+0200,238.7,EUR/MWh,BE,BE,imbalance_price,Short,2026-08-23T11:28:30Z
2026-08-23T11:27:43Z,2026-08-23T13:27:43+0200,aa89dba4-771d-4653-9ac4-44e4858bfe00,2026-08-17T13:30:00Z,2026-08-17T15:30:00+0200,178.51,EUR/MWh,BE,BE,imbalance_price,Long,2026-08-23T11:28:30Z
2026-08-23T11:27:43Z,2026-08-23T13:27:43+0200,aa89dba4-771d-4653-9ac4-44e4858bfe00,2026-08-17T13:30:00Z,2026-08-17T15:30:00+0200,178.51,EUR/MWh,BE,BE,imbalance_price,Short,2026-08-23T11:28:30Z
2026-08-23T11:27:43Z,2026-08-23T13:27:43+0200,aa89dba4-771d-4653-9ac4-44e4858bfe00,2026-08-17T13:45:00Z,2026-08-17T15:45:00+0200,207.66,EUR/MWh,BE,BE,imbalance_price,Long,2026-08-23T11:28:30Z
2026-08-23T11:27:43Z,2026-08-23T13:27:43+0200,aa89dba4-771d-4653-9ac4-44e4858bfe00,2026-08-17T13:45:00Z,2026-08-17T15:45:00+0200,207.66,EUR/MWh,BE,BE,imbalance_price,Short,2026-08-23T11:28:30Z
2026-08-23T11:27:43Z,2026-08-23T13:27:43+0200,aa89dba4-771d-4653-9ac4-44e4858bfe00,2026-08-17T14:00:00Z,2026-08-17T16:00:00+0200,185.73,EUR/MWh,BE,BE,imbalance_price,Long,2026-08-23T11:28:30Z
2026-08-23T11:27:43Z,2026-08-23T13:27:43+0200,aa89dba4-771d-4653-9ac4-44e4858bfe00,2026-08-17T14:00:00Z,2026-08-17T16:00:00+0200,185.73,EUR/MWh,BE,BE,imbalance_price,Short,2026-08-23T11:28:30Z
2026-08-23T11:27:43Z,2026-08-23T13:27:43+0200,aa89dba4-771d-4653-9ac4-44e4858bfe00,2026-08-17T14:15:00Z,2026-08-17T16:15:00+0200,185.11,EUR/MWh,BE,BE,imbalance_price,Long,2026-08-23T11:28:30Z
2026-08-23T11:27:43Z,2026-08-23T13:27:43+0200,aa89dba4-771d-4653-9ac4-44e4858bfe00,2026-08-17T14:15:00Z,2026-08-17T16:15:00+0200,185.11,EUR/MWh,BE,BE,imbalance_price,Short,2026-08-23T11:28:30Z
2026-08-23T11:27:43Z,2026-08-23T13:27:43+0200,aa89dba4-771d-4653-9ac4-44e4858bfe00,2026-08-17T14:30:00Z,2026-08-17T16:30:00+0200,212.05,EUR/MWh,BE,BE,imbalance_price,Long,2026-08-23T11:28:30Z
2026-08-23T11:27:43Z,2026-08-23T13:27:43+0200,aa89dba4-771d-4653-9ac4-44e4858bfe00,2026-08-17T14:30:00Z,2026-08-17T16:30:00+0200,212.05,EUR/MWh,BE,BE,imbalance_price,Short,2026-08-23T11:28:30Z
2026-08-23T11:27:43Z,2026-08-23T13:27:43+0200,aa89dba4-771d-4653-9ac4-44e4858bfe00,2026-08-17T14:45:00Z,2026-08-17T16:45:00+0200,220.91,EUR/MWh,BE,BE,imbalance_price,Long,2026-08-23T11:28:30Z
2026-08-23T11:27:43Z,2026-08-23T13:27:43+0200,aa89dba4-771d-4653-9ac4-44e4858bfe00,2026-08-17T14:45:00Z,2026-08-17T16:45:00+0200,220.91,EUR/MWh,BE,BE,imbalance_price,Short,2026-08-23T11:28:30Z
2026-08-23T11:27:43Z,2026-08-23T13:27:43+0200,aa89dba4-771d-4653-9ac4-44e4858bfe00,2026-08-17T15:00:00Z,2026-08-17T17:00:00+0200,203.45,EUR/MWh,BE,BE,imbalance_price,Long,2026-08-23T11:28:30Z
2026-08-23T11:27:43Z,2026-08-23T13:27:43+0200,aa89dba4-771d-4653-9ac4-44e4858bfe00,2026-08-17T15:00:00Z,2026-08-17T17:00:00+0200,203.45,EUR/MWh,BE,BE,imbalance_price,Short,2026-08-23T11:28:30Z
2026-08-23T11:27:43Z,2026-08-23T13:27:43+0200,aa89dba4-771d-4653-9ac4-44e4858bfe00,2026-08-17T15:15:00Z,2026-08-17T17:15:00+0200,249.86,EUR/MWh,BE,BE,imbalance_price,Long,2026-08-23T11:28:30Z
2026-08-23T11:27:43Z,2026-08-23T13:27:43+0200,aa89dba4-771d-4653-9ac4-44e4858bfe00,2026-08-17T15:15:00Z,2026-08-17T17:15:00+0200,249.86,EUR/MWh,BE,BE,imbalance_price,Short,2026-08-23T11:28:30Z
2026-08-23T11:27:43Z,2026-08-23T13:27:43+0200,aa89dba4-771d-4653-9ac4-44e4858bfe00,2026-08-17T15:30:00Z,2026-08-17T17:30:00+0200,235.02,EUR/MWh,BE,BE,imbalance_price,Long,2026-08-23T11:28:30Z
2026-08-23T11:27:43Z,2026-08-23T13:27:43+0200,aa89dba4-771d-4653-9ac4-44e4858bfe00,2026-08-17T15:30:00Z,2026-08-17T17:30:00+0200,235.02,EUR/MWh,BE,BE,imbalance_price,Short,2026-08-23T11:28:30Z
2026-08-23T11:27:43Z,2026-08-23T13:27:43+0200,aa89dba4-771d-4653-9ac4-44e4858bfe00,2026-08-17T15:45:00Z,2026-08-17T17:45:00+0200,299.85,EUR/MWh,BE,BE,imbalance_price,Long,2026-08-23T11:28:30Z
2026-08-23T11:27:43Z,2026-08-23T13:27:43+0200,aa89dba4-771d-4653-9ac4-44e4858bfe00,2026-08-17T15:45:00Z,2026-08-17T17:45:00+0200,299.85,EUR/MWh,BE,BE,imbalance_price,Short,2026-08-23T11:28:30Z
2026-08-23T11:27:43Z,2026-08-23T13:27:43+0200,aa89dba4-771d-4653-9ac4-44e4858bfe00,2026-08-17T16:00:00Z,2026-08-17T18:00:00+0200,208.48,EUR/MWh,BE,BE,imbalance_price,Long,2026-08-23T11:28:30Z
2026-08-23T11:27:43Z,2026-08-23T13:27:43+0200,aa89dba4-771d-4653-9ac4-44e4858bfe00,2026-08-17T16:00:00Z,2026-08-17T18:00:00+0200,208.48,EUR/MWh,BE,BE,imbalance_price,Short,2026-08-23T11:28:30Z
2026-08-23T11:27:43Z,2026-08-23T13:27:43+0200,aa89dba4-771d-4653-9ac4-44e4858bfe00,2026-08-17T16:15:00Z,2026-08-17T18:15:00+0200,210.24,EUR/MWh,BE,BE,imbalance_price,Long,2026-08-23T11:28:30Z
2026-08-23T11:27:43Z,2026-08-23T13:27:43+0200,aa89dba4-771d-4653-9ac4-44e4858bfe00,2026-08-17T16:15:00Z,2026-08-17T18:15:00+0200,210.24,EUR/MWh,BE,BE,imbalance_price,Short,2026-08-23T11:28:30Z
2026-08-23T11:27:43Z,2026-08-23T13:27:43+0200,aa89dba4-771d-4653-9ac4-44e4858bfe00,2026-08-17T16:30:00Z,2026-08-17T18:30:00+0200,247.93,EUR/MWh,BE,BE,imbalance_price,Long,2026-08-23T11:28:30Z
2026-08-23T11:27:43Z,2026-08-23T13:27:43+0200,aa89dba4-771d-4653-9ac4-44e4858bfe00,2026-08-17T16:30:00Z,2026-08-17T18:30:00+0200,247.93,EUR/MWh,BE,BE,imbalance_price,Short,2026-08-23T11:28:30Z
2026-08-23T11:27:43Z,2026-08-23T13:27:43+0200,aa89dba4-771d-4653-9ac4-44e4858bfe00,2026-08-17T16:45:00Z,2026-08-17T18:45:00+0200,293.87,EUR/MWh,BE,BE,imbalance_price,Long,2026-08-23T11:28:30Z
2026-08-23T11:27:43Z,2026-08-23T13:27:43+0200,aa89dba4-771d-4653-9ac4-44e4858bfe00,2026-08-17T16:45:00Z,2026-08-17T18:45:00+0200,293.87,EUR/MWh,BE,BE,imbalance_price,Short,2026-08-23T11:28:30Z
2026-08-23T11:27:43Z,2026-08-23T13:27:43+0200,aa89dba4-771d-4653-9ac4-44e4858bfe00,2026-08-17T17:00:00Z,2026-08-17T19:00:00+0200,293.23,EUR/MWh,BE,BE,imbalance_price,Long,2026-08-23T11:28:30Z
2026-08-23T11:27:43Z,2026-08-23T13:27:43+0200,aa89dba4-771d-4653-9ac4-44e4858bfe00,2026-08-17T17:00:00Z,2026-08-17T19:00:00+0200,293.23,EUR/MWh,BE,BE,imbalance_price,Short,2026-08-23T11:28:30Z
2026-08-23T11:27:43Z,2026-08-23T13:27:43+0200,aa89dba4-771d-4653-9ac4-44e4858bfe00,2026-08-17T17:15:00Z,2026-08-17T19:15:00+0200,289.26,EUR/MWh,BE,BE,imbalance_price,Long,2026-08-23T11:28:30Z
2026-08-23T11:27:43Z,2026-08-23T13:27:43+0200,aa89dba4-771d-4653-9ac4-44e4858bfe00,2026-08-17T17:15:00Z,2026-08-17T19:15:00+0200,289.26,EUR/MWh,BE,BE,imbalance_price,Short,2026-08-23T11:28:30Z
2026-08-23T11:27:43Z,2026-08-23T13:27:43+0200,aa89dba4-771d-4653-9ac4-44e4858bfe00,2026-08-17T17:30:00Z,2026-08-17T19:30:00+0200,224.07,EUR/MWh,BE,BE,imbalance_price,Long,2026-08-23T11:28:30Z
2026-08-23T11:27:43Z,2026-08-23T13:27:43+0200,aa89dba4-771d-4653-9ac4-44e4858bfe00,2026-08-17T17:30:00Z,2026-08-17T19:30:00+0200,224.07,EUR/MWh,BE,BE,imbalance_price,Short,2026-08-23T11:28:30Z
2026-08-23T11:27:43Z,2026-08-23T13:27:43+0200,aa89dba4-771d-4653-9ac4-44e4858bfe00,2026-08-17T17:45:00Z,2026-08-17T19:45:00+0200,225.66,EUR/MWh,BE,BE,imbalance_price,Long,2026-08-23T11:28:30Z
2026-08-23T11:27:43Z,2026-08-23T13:27:43+0200,aa89dba4-771d-4653-9ac4-44e4858bfe00,2026-08-17T17:45:00Z,2026-08-17T19:45:00+0200,225.66,EUR/MWh,BE,BE,imbalance_price,Short,2026-08-23T11:28:30Z
2026-08-23T11:27:43Z,2026-08-23T13:27:43+0200,aa89dba4-771d-4653-9ac4-44e4858bfe00,2026-08-17T18:00:00Z,2026-08-17T20:00:00+0200,247.03,EUR/MWh,BE,BE,imbalance_price,Long,2026-08-23T11:28:30Z
2026-08-23T11:27:43Z,2026-08-23T13:27:43+0200,aa89dba4-771d-4653-9ac4-44e4858bfe00,2026-08-17T18:00:00Z,2026-08-17T20:00:00+0200,247.03,EUR/MWh,BE,BE,imbalance_price,Short,2026-08-23T11:28:30Z
2026-08-23T11:27:43Z,2026-08-23T13:27:43+0200,aa89dba4-771d-4653-9ac4-44e4858bfe00,2026-08-17T18:15:00Z,2026-08-17T20:15:00+0200,198.87,EUR/MWh,BE,BE,imbalance_price,Long,2026-08-23T11:28:30Z
2026-08-23T11:27:43Z,2026-08-23T13:27:43+0200,aa89dba4-771d-4653-9ac4-44e4858bfe00,2026-08-17T18:15:00Z,2026-08-17T20:15:00+0200,198.87,EUR/MWh,BE,BE,imbalance_price,Short,2026-08-23T11:28:30Z
2026-08-23T11:27:43Z,2026-08-23T13:27:43+0200,aa89dba4-771d-4653-9ac4-44e4858bfe00,2026-08-17T18:30:00Z,2026-08-17T20:30:00+0200,197.29,EUR/MWh,BE,BE,imbalance_price,Long,2026-08-23T11:28:30Z
2026-08-23T11:27:43Z,2026-08-23T13:27:43+0200,aa89dba4-771d-4653-9ac4-44e4858bfe00,2026-08-17T18:30:00Z,2026-08-17T20:30:00+0200,197.29,EUR/MWh,BE,BE,imbalance_price,Short,2026-08-23T11:28:30Z
2026-08-23T11:27:43Z,2026-08-23T13:27:43+0200,aa89dba4-771d-4653-9ac4-44e4858bfe00,2026-08-17T18:45:00Z,2026-08-17T20:45:00+0200,180.0,EUR/MWh,BE,BE,imbalance_price,Long,2026-08-23T11:28:30Z
2026-08-23T11:27:43Z,2026-08-23T13:27:43+0200,aa89dba4-771d-4653-9ac4-44e4858bfe00,2026-08-17T18:45:00Z,2026-08-17T20:45:00+0200,180.0,EUR/MWh,BE,BE,imbalance_price,Short,2026-08-23T11:28:30Z
2026-08-23T11:27:43Z,2026-08-23T13:27:43+0200,aa89dba4-771d-4653-9ac4-44e4858bfe00,2026-08-17T19:00:00Z,2026-08-17T21:00:00+0200,212.96,EUR/MWh,BE,BE,imbalance_price,Long,2026-08-23T11:28:30Z
2026-08-23T11:27:43Z,2026-08-23T13:27:43+0200,aa89dba4-771d-4653-9ac4-44e4858bfe00,2026-08-17T19:00:00Z,2026-08-17T21:00:00+0200,212.96,EUR/MWh,BE,BE,imbalance_price,Short,2026-08-23T11:28:30Z
2026-08-23T11:27:43Z,2026-08-23T13:27:43+0200,aa89dba4-771d-4653-9ac4-44e4858bfe00,2026-08-17T19:15:00Z,2026-08-17T21:15:00+0200,206.05,EUR/MWh,BE,BE,imbalance_price,Long,2026-08-23T11:28:30Z
2026-08-23T11:27:43Z,2026-08-23T13:27:43+0200,aa89dba4-771d-4653-9ac4-44e4858bfe00,2026-08-17T19:15:00Z,2026-08-17T21:15:00+0200,206.05,EUR/MWh,BE,BE,imbalance_price,Short,2026-08-23T11:28:30Z
2026-08-23T11:27:43Z,2026-08-23T13:27:43+0200,aa89dba4-771d-4653-9ac4-44e4858bfe00,2026-08-17T19:30:00Z,2026-08-17T21:30:00+0200,216.28,EUR/MWh,BE,BE,imbalance_price,Long,2026-08-23T11:28:30Z
2026-08-23T11:27:43Z,2026-08-23T13:27:43+0200,aa89dba4-771d-4653-9ac4-44e4858bfe00,2026-08-17T19:30:00Z,2026-08-17T21:30:00+0200,216.28,EUR/MWh,BE,BE,imbalance_price,Short,2026-08-23T11:28:30Z
2026-08-23T11:27:43Z,2026-08-23T13:27:43+0200,aa89dba4-771d-4653-9ac4-44e4858bfe00,2026-08-17T19:45:00Z,2026-08-17T21:45:00+0200,221.94,EUR/MWh,BE,BE,imbalance_price,Long,2026-08-23T11:28:30Z
2026-08-23T11:27:43Z,2026-08-23T13:27:43+0200,aa89dba4-771d-4653-9ac4-44e4858bfe00,2026-08-17T19:45:00Z,2026-08-17T21:45:00+0200,221.94,EUR/MWh,BE,BE,imbalance_price,Short,2026-08-23T11:28:30Z
2026-08-23T11:27:43Z,2026-08-23T13:27:43+0200,aa89dba4-771d-4653-9ac4-44e4858bfe00,2026-08-17T20:00:00Z,2026-08-17T22:00:00+0200,204.17,EUR/MWh,BE,BE,imbalance_price,Long,2026-08-23T11:28:30Z
2026-08-23T11:27:43Z,2026-08-23T13:27:43+0200,aa89dba4-771d-4653-9ac4-44e4858bfe00,2026-08-17T20:00:00Z,2026-08-17T22:00:00+0200,204.17,EUR/MWh,BE,BE,imbalance_price,Short,2026-08-23T11:28:30Z
2026-08-23T11:27:43Z,2026-08-23T13:27:43+0200,aa89dba4-771d-4653-9ac4-44e4858bfe00,2026-08-17T20:15:00Z,2026-08-17T22:15:00+0200,212.12,EUR/MWh,BE,BE,imbalance_price,Long,2026-08-23T11:28:30Z
2026-08-23T11:27:43Z,2026-08-23T13:27:43+0200,aa89dba4-771d-4653-9ac4-44e4858bfe00,2026-08-17T20:15:00Z,2026-08-17T22:15:00+0200,212.12,EUR/MWh,BE,BE,imbalance_price,Short,2026-08-23T11:28:30Z
2026-08-23T11:27:43Z,2026-08-23T13:27:43+0200,aa89dba4-771d-4653-9ac4-44e4858bfe00,2026-08-17T20:30:00Z,2026-08-17T22:30:00+0200,193.26,EUR/MWh,BE,BE,imbalance_price,Long,2026-08-23T11:28:30Z
2026-08-23T11:27:43Z,2026-08-23T13:27:43+0200,aa89dba4-771d-4653-9ac4-44e4858bfe00,2026-08-17T20:30:00Z,2026-08-17T22:30:00+0200,193.26,EUR/MWh,BE,BE,imbalance_price,Short,2026-08-23T11:28:30Z
2026-08-23T11:27:43Z,2026-08-23T13:27:43+0200,aa89dba4-771d-4653-9ac4-44e4858bfe00,2026-08-17T20:45:00Z,2026-08-17T22:45:00+0200,198.54,EUR/MWh,BE,BE,imbalance_price,Long,2026-08-23T11:28:30Z
2026-08-23T11:27:43Z,2026-08-23T13:27:43+0200,aa89dba4-771d-4653-9ac4-44e4858bfe00,2026-08-17T20:45:00Z,2026-08-17T22:45:00+0200,198.54,EUR/MWh,BE,BE,imbalance_price,Short,2026-08-23T11:28:30Z
2026-08-23T11:27:43Z,2026-08-23T13:27:43+0200,aa89dba4-771d-4653-9ac4-44e4858bfe00,2026-08-17T21:00:00Z,2026-08-17T23:00:00+0200,180.0,EUR/MWh,BE,BE,imbalance_price,Long,2026-08-23T11:28:30Z
2026-08-23T11:27:43Z,2026-08-23T13:27:43+0200,aa89dba4-771d-4653-9ac4-44e4858bfe00,2026-08-17T21:00:00Z,2026-08-17T23:00:00+0200,180.0,EUR/MWh,BE,BE,imbalance_price,Short,2026-08-23T11:28:30Z
2026-08-23T11:27:43Z,2026-08-23T13:27:43+0200,aa89dba4-771d-4653-9ac4-44e4858bfe00,2026-08-17T21:15:00Z,2026-08-17T23:15:00+0200,180.0,EUR/MWh,BE,BE,imbalance_price,Long,2026-08-23T11:28:30Z
2026-08-23T11:27:43Z,2026-08-23T13:27:43+0200,aa89dba4-771d-4653-9ac4-44e4858bfe00,2026-08-17T21:15:00Z,2026-08-17T23:15:00+0200,180.0,EUR/MWh,BE,BE,imbalance_price,Short,2026-08-23T11:28:30Z
2026-08-23T11:27:43Z,2026-08-23T13:27:43+0200,aa89dba4-771d-4653-9ac4-44e4858bfe00,2026-08-17T21:30:00Z,2026-08-17T23:30:00+0200,180.0,EUR/MWh,BE,BE,imbalance_price,Long,2026-08-23T11:28:30Z
2026-08-23T11:27:43Z,2026-08-23T13:27:43+0200,aa89dba4-771d-4653-9ac4-44e4858bfe00,2026-08-17T21:30:00Z,2026-08-17T23:30:00+0200,180.0,EUR/MWh,BE,BE,imbalance_price,Short,2026-08-23T11:28:30Z
2026-08-23T11:27:43Z,2026-08-23T13:27:43+0200,aa89dba4-771d-4653-9ac4-44e4858bfe00,2026-08-17T21:45:00Z,2026-08-17T23:45:00+0200,180.0,EUR/MWh,BE,BE,imbalance_price,Long,2026-08-23T11:28:30Z
2026-08-23T11:27:43Z,2026-08-23T13:27:43+0200,aa89dba4-771d-4653-9ac4-44e4858bfe00,2026-08-17T21:45:00Z,2026-08-17T23:45:00+0200,180.0,EUR/MWh,BE,BE,imbalance_price,Short,2026-08-23T11:28:30Z
2026-08-23T11:27:43Z,2026-08-23T13:27:43+0200,aa89dba4-771d-4653-9ac4-44e4858bfe00,2026-08-17T22:00:00Z,2026-08-18T00:00:00+0200,165.6,EUR/MWh,BE,BE,imbalance_price,Long,2026-08-23T11:28:30Z
2026-08-23T11:27:43Z,2026-08-23T13:27:43+0200,aa89dba4-771d-4653-9ac4-44e4858bfe00,2026-08-17T22:00:00Z,2026-08-18T00:00:00+0200,165.6,EUR/MWh,BE,BE,imbalance_price,Short,2026-08-23T11:28:30Z
2026-08-23T11:27:43Z,2026-08-23T13:27:43+0200,aa89dba4-771d-4653-9ac4-44e4858bfe00,2026-08-17T22:15:00Z,2026-08-18T00:15:00+0200,158.78,EUR/MWh,BE,BE,imbalance_price,Long,2026-08-23T11:28:30Z
2026-08-23T11:27:43Z,2026-08-23T13:27:43+0200,aa89dba4-771d-4653-9ac4-44e4858bfe00,2026-08-17T22:15:00Z,2026-08-18T00:15:00+0200,158.78,EUR/MWh,BE,BE,imbalance_price,Short,2026-08-23T11:28:30Z
2026-08-23T11:27:43Z,2026-08-23T13:27:43+0200,aa89dba4-771d-4653-9ac4-44e4858bfe00,2026-08-17T22:30:00Z,2026-08-18T00:30:00+0200,160.67,EUR/MWh,BE,BE,imbalance_price,Long,2026-08-23T11:28:30Z
2026-08-23T11:27:43Z,2026-08-23T13:27:43+0200,aa89dba4-771d-4653-9ac4-44e4858bfe00,2026-08-17T22:30:00Z,2026-08-18T00:30:00+0200,160.67,EUR/MWh,BE,BE,imbalance_price,Short,2026-08-23T11:28:30Z
2026-08-23T11:27:43Z,2026-08-23T13:27:43+0200,aa89dba4-771d-4653-9ac4-44e4858bfe00,2026-08-17T22:45:00Z,2026-08-18T00:45:00+0200,109.24,EUR/MWh,BE,BE,imbalance_price,Long,2026-08-23T11:28:30Z
2026-08-23T11:27:43Z,2026-08-23T13:27:43+0200,aa89dba4-771d-4653-9ac4-44e4858bfe00,2026-08-17T22:45:00Z,2026-08-18T00:45:00+0200,109.24,EUR/MWh,BE,BE,imbalance_price,Short,2026-08-23T11:28:30Z
2026-08-23T11:27:43Z,2026-08-23T13:27:43+0200,aa89dba4-771d-4653-9ac4-44e4858bfe00,2026-08-17T23:00:00Z,2026-08-18T01:00:00+0200,163.31,EUR/MWh,BE,BE,imbalance_price,Long,2026-08-23T11:28:30Z
2026-08-23T11:27:43Z,2026-08-23T13:27:43+0200,aa89dba4-771d-4653-9ac4-44e4858bfe00,2026-08-17T23:00:00Z,2026-08-18T01:00:00+0200,163.31,EUR/MWh,BE,BE,imbalance_price,Short,2026-08-23T11:28:30Z
2026-08-23T11:27:43Z,2026-08-23T13:27:43+0200,aa89dba4-771d-4653-9ac4-44e4858bfe00,2026-08-17T23:15:00Z,2026-08-18T01:15:00+0200,171.58,EUR/MWh,BE,BE,imbalance_price,Long,2026-08-23T11:28:30Z
2026-08-23T11:27:43Z,2026-08-23T13:27:43+0200,aa89dba4-771d-4653-9ac4-44e4858bfe00,2026-08-17T23:15:00Z,2026-08-18T01:15:00+0200,171.58,EUR/MWh,BE,BE,imbalance_price,Short,2026-08-23T11:28:30Z
2026-08-23T11:27:43Z,2026-08-23T13:27:43+0200,aa89dba4-771d-4653-9ac4-44e4858bfe00,2026-08-17T23:30:00Z,2026-08-18T01:30:00+0200,163.82,EUR/MWh,BE,BE,imbalance_price,Long,2026-08-23T11:28:30Z
2026-08-23T11:27:43Z,2026-08-23T13:27:43+0200,aa89dba4-771d-4653-9ac4-44e4858bfe00,2026-08-17T23:30:00Z,2026-08-18T01:30:00+0200,163.82,EUR/MWh,BE,BE,imbalance_price,Short,2026-08-23T11:28:30Z
2026-08-23T11:27:43Z,2026-08-23T13:27:43+0200,aa89dba4-771d-4653-9ac4-44e4858bfe00,2026-08-17T23:45:00Z,2026-08-18T01:45:00+0200,149.4,EUR/MWh,BE,BE,imbalance_price,Long,2026-08-23T11:28:30Z
2026-08-23T11:27:43Z,2026-08-23T13:27:43+0200,aa89dba4-771d-4653-9ac4-44e4858bfe00,2026-08-17T23:45:00Z,2026-08-18T01:45:00+0200,149.4,EUR/MWh,BE,BE,imbalance_price,Short,2026-08-23T11:28:30Z
2026-08-23T11:27:43Z,2026-08-23T13:27:43+0200,aa89dba4-771d-4653-9ac4-44e4858bfe00,2026-08-18T00:00:00Z,2026-08-18T02:00:00+0200,155.83,EUR/MWh,BE,BE,imbalance_price,Long,2026-08-23T11:28:30Z
2026-08-23T11:27:43Z,2026-08-23T13:27:43+0200,aa89dba4-771d-4653-9ac4-44e4858bfe00,2026-08-18T00:00:00Z,2026-08-18T02:00:00+0200,155.83,EUR/MWh,BE,BE,imbalance_price,Short,2026-08-23T11:28:30Z
2026-08-23T11:27:43Z,2026-08-23T13:27:43+0200,aa89dba4-771d-4653-9ac4-44e4858bfe00,2026-08-18T00:15:00Z,2026-08-18T02:15:00+0200,150.08,EUR/MWh,BE,BE,imbalance_price,Long,2026-08-23T11:28:30Z
2026-08-23T11:27:43Z,2026-08-23T13:27:43+0200,aa89dba4-771d-4653-9ac4-44e4858bfe00,2026-08-18T00:15:00Z,2026-08-18T02:15:00+0200,150.08,EUR/MWh,BE,BE,imbalance_price,Short,2026-08-23T11:28:30Z
2026-08-23T11:27:43Z,2026-08-23T13:27:43+0200,aa89dba4-771d-4653-9ac4-44e4858bfe00,2026-08-18T00:30:00Z,2026-08-18T02:30:00+0200,152.7,EUR/MWh,BE,BE,imbalance_price,Long,2026-08-23T11:28:30Z
2026-08-23T11:27:43Z,2026-08-23T13:27:43+0200,aa89dba4-771d-4653-9ac4-44e4858bfe00,2026-08-18T00:30:00Z,2026-08-18T02:30:00+0200,152.7,EUR/MWh,BE,BE,imbalance_price,Short,2026-08-23T11:28:30Z
2026-08-23T11:27:43Z,2026-08-23T13:27:43+0200,aa89dba4-771d-4653-9ac4-44e4858bfe00,2026-08-18T00:45:00Z,2026-08-18T02:45:00+0200,162.99,EUR/MWh,BE,BE,imbalance_price,Long,2026-08-23T11:28:30Z
2026-08-23T11:27:43Z,2026-08-23T13:27:43+0200,aa89dba4-771d-4653-9ac4-44e4858bfe00,2026-08-18T00:45:00Z,2026-08-18T02:45:00+0200,162.99,EUR/MWh,BE,BE,imbalance_price,Short,2026-08-23T11:28:30Z
2026-08-23T11:27:43Z,2026-08-23T13:27:43+0200,aa89dba4-771d-4653-9ac4-44e4858bfe00,2026-08-18T01:00:00Z,2026-08-18T03:00:00+0200,173.15,EUR/MWh,BE,BE,imbalance_price,Long,2026-08-23T11:28:30Z
2026-08-23T11:27:43Z,2026-08-23T13:27:43+0200,aa89dba4-771d-4653-9ac4-44e4858bfe00,2026-08-18T01:00:00Z,2026-08-18T03:00:00+0200,173.15,EUR/MWh,BE,BE,imbalance_price,Short,2026-08-23T11:28:30Z
2026-08-23T11:27:43Z,2026-08-23T13:27:43+0200,aa89dba4-771d-4653-9ac4-44e4858bfe00,2026-08-18T01:15:00Z,2026-08-18T03:15:00+0200,183.38,EUR/MWh,BE,BE,imbalance_price,Long,2026-08-23T11:28:30Z
2026-08-23T11:27:43Z,2026-08-23T13:27:43+0200,aa89dba4-771d-4653-9ac4-44e4858bfe00,2026-08-18T01:15:00Z,2026-08-18T03:15:00+0200,183.38,EUR/MWh,BE,BE,imbalance_price,Short,2026-08-23T11:28:30Z
2026-08-23T11:27:43Z,2026-08-23T13:27:43+0200,aa89dba4-771d-4653-9ac4-44e4858bfe00,2026-08-18T01:30:00Z,2026-08-18T03:30:00+0200,176.3,EUR/MWh,BE,BE,imbalance_price,Long,2026-08-23T11:28:30Z
2026-08-23T11:27:43Z,2026-08-23T13:27:43+0200,aa89dba4-771d-4653-9ac4-44e4858bfe00,2026-08-18T01:30:00Z,2026-08-18T03:30:00+0200,176.3,EUR/MWh,BE,BE,imbalance_price,Short,2026-08-23T11:28:30Z
2026-08-23T11:27:43Z,2026-08-23T13:27:43+0200,aa89dba4-771d-4653-9ac4-44e4858bfe00,2026-08-18T01:45:00Z,2026-08-18T03:45:00+0200,153.68,EUR/MWh,BE,BE,imbalance_price,Long,2026-08-23T11:28:30Z
2026-08-23T11:27:43Z,2026-08-23T13:27:43+0200,aa89dba4-771d-4653-9ac4-44e4858bfe00,2026-08-18T01:45:00Z,2026-08-18T03:45:00+0200,153.68,EUR/MWh,BE,BE,imbalance_price,Short,2026-08-23T11:28:30Z
2026-08-23T11:27:43Z,2026-08-23T13:27:43+0200,aa89dba4-771d-4653-9ac4-44e4858bfe00,2026-08-18T02:00:00Z,2026-08-18T04:00:00+0200,163.16,EUR/MWh,BE,BE,imbalance_price,Long,2026-08-23T11:28:30Z
2026-08-23T11:27:43Z,2026-08-23T13:27:43+0200,aa89dba4-771d-4653-9ac4-44e4858bfe00,2026-08-18T02:00:00Z,2026-08-18T04:00:00+0200,163.16,EUR/MWh,BE,BE,imbalance_price,Short,2026-08-23T11:28:30Z
2026-08-23T11:27:43Z,2026-08-23T13:27:43+0200,aa89dba4-771d-4653-9ac4-44e4858bfe00,2026-08-18T02:15:00Z,2026-08-18T04:15:00+0200,179.74,EUR/MWh,BE,BE,imbalance_price,Long,2026-08-23T11:28:30Z
2026-08-23T11:27:43Z,2026-08-23T13:27:43+0200,aa89dba4-771d-4653-9ac4-44e4858bfe00,2026-08-18T02:15:00Z,2026-08-18T04:15:00+0200,179.74,EUR/MWh,BE,BE,imbalance_price,Short,2026-08-23T11:28:30Z
2026-08-23T11:27:43Z,2026-08-23T13:27:43+0200,aa89dba4-771d-4653-9ac4-44e4858bfe00,2026-08-18T02:30:00Z,2026-08-18T04:30:00+0200,162.56,EUR/MWh,BE,BE,imbalance_price,Long,2026-08-23T11:28:30Z
2026-08-23T11:27:43Z,2026-08-23T13:27:43+0200,aa89dba4-771d-4653-9ac4-44e4858bfe00,2026-08-18T02:30:00Z,2026-08-18T04:30:00+0200,162.56,EUR/MWh,BE,BE,imbalance_price,Short,2026-08-23T11:28:30Z
2026-08-23T11:27:43Z,2026-08-23T13:27:43+0200,aa89dba4-771d-4653-9ac4-44e4858bfe00,2026-08-18T02:45:00Z,2026-08-18T04:45:00+0200,162.97,EUR/MWh,BE,BE,imbalance_price,Long,2026-08-23T11:28:30Z
2026-08-23T11:27:43Z,2026-08-23T13:27:43+0200,aa89dba4-771d-4653-9ac4-44e4858bfe00,2026-08-18T02:45:00Z,2026-08-18T04:45:00+0200,162.97,EUR/MWh,BE,BE,imbalance_price,Short,2026-08-23T11:28:30Z
2026-08-23T11:27:43Z,2026-08-23T13:27:43+0200,aa89dba4-771d-4653-9ac4-44e4858bfe00,2026-08-18T03:00:00Z,2026-08-18T05:00:00+0200,145.71,EUR/MWh,BE,BE,imbalance_price,Long,2026-08-23T11:28:30Z
2026-08-23T11:27:43Z,2026-08-23T13:27:43+0200,aa89dba4-771d-4653-9ac4-44e4858bfe00,2026-08-18T03:00:00Z,2026-08-18T05:00:00+0200,145.71,EUR/MWh,BE,BE,imbalance_price,Short,2026-08-23T11:28:30Z
2026-08-23T11:27:43Z,2026-08-23T13:27:43+0200,aa89dba4-771d-4653-9ac4-44e4858bfe00,2026-08-18T03:15:00Z,2026-08-18T05:15:00+0200,152.58,EUR/MWh,BE,BE,imbalance_price,Long,2026-08-23T11:28:30Z
2026-08-23T11:27:43Z,2026-08-23T13:27:43+0200,aa89dba4-771d-4653-9ac4-44e4858bfe00,2026-08-18T03:15:00Z,2026-08-18T05:15:00+0200,152.58,EUR/MWh,BE,BE,imbalance_price,Short,2026-08-23T11:28:30Z
2026-08-23T11:27:43Z,2026-08-23T13:27:43+0200,aa89dba4-771d-4653-9ac4-44e4858bfe00,2026-08-18T03:30:00Z,2026-08-18T05:30:00+0200,177.71,EUR/MWh,BE,BE,imbalance_price,Long,2026-08-23T11:28:30Z
2026-08-23T11:27:43Z,2026-08-23T13:27:43+0200,aa89dba4-771d-4653-9ac4-44e4858bfe00,2026-08-18T03:30:00Z,2026-08-18T05:30:00+0200,177.71,EUR/MWh,BE,BE,imbalance_price,Short,2026-08-23T11:28:30Z
2026-08-23T11:27:43Z,2026-08-23T13:27:43+0200,aa89dba4-771d-4653-9ac4-44e4858bfe00,2026-08-18T03:45:00Z,2026-08-18T05:45:00+0200,223.89,EUR/MWh,BE,BE,imbalance_price,Long,2026-08-23T11:28:30Z
2026-08-23T11:27:43Z,2026-08-23T13:27:43+0200,aa89dba4-771d-4653-9ac4-44e4858bfe00,2026-08-18T03:45:00Z,2026-08-18T05:45:00+0200,223.89,EUR/MWh,BE,BE,imbalance_price,Short,2026-08-23T11:28:30Z
2026-08-23T11:27:43Z,2026-08-23T13:27:43+0200,aa89dba4-771d-4653-9ac4-44e4858bfe00,2026-08-18T04:00:00Z,2026-08-18T06:00:00+0200,216.0,EUR/MWh,BE,BE,imbalance_price,Long,2026-08-23T11:28:30Z
2026-08-23T11:27:43Z,2026-08-23T13:27:43+0200,aa89dba4-771d-4653-9ac4-44e4858bfe00,2026-08-18T04:00:00Z,2026-08-18T06:00:00+0200,216.0,EUR/MWh,BE,BE,imbalance_price,Short,2026-08-23T11:28:30Z
2026-08-23T11:27:43Z,2026-08-23T13:27:43+0200,aa89dba4-771d-4653-9ac4-44e4858bfe00,2026-08-18T04:15:00Z,2026-08-18T06:15:00+0200,233.02,EUR/MWh,BE,BE,imbalance_price,Long,2026-08-23T11:28:30Z
2026-08-23T11:27:43Z,2026-08-23T13:27:43+0200,aa89dba4-771d-4653-9ac4-44e4858bfe00,2026-08-18T04:15:00Z,2026-08-18T06:15:00+0200,233.02,EUR/MWh,BE,BE,imbalance_price,Short,2026-08-23T11:28:30Z
2026-08-23T11:27:43Z,2026-08-23T13:27:43+0200,aa89dba4-771d-4653-9ac4-44e4858bfe00,2026-08-18T04:30:00Z,2026-08-18T06:30:00+0200,201.52,EUR/MWh,BE,BE,imbalance_price,Long,2026-08-23T11:28:30Z
2026-08-23T11:27:43Z,2026-08-23T13:27:43+0200,aa89dba4-771d-4653-9ac4-44e4858bfe00,2026-08-18T04:30:00Z,2026-08-18T06:30:00+0200,201.52,EUR/MWh,BE,BE,imbalance_price,Short,2026-08-23T11:28:30Z
2026-08-23T11:27:43Z,2026-08-23T13:27:43+0200,aa89dba4-771d-4653-9ac4-44e4858bfe00,2026-08-18T04:45:00Z,2026-08-18T06:45:00+0200,231.98,EUR/MWh,BE,BE,imbalance_price,Long,2026-08-23T11:28:30Z
2026-08-23T11:27:43Z,2026-08-23T13:27:43+0200,aa89dba4-771d-4653-9ac4-44e4858bfe00,2026-08-18T04:45:00Z,2026-08-18T06:45:00+0200,231.98,EUR/MWh,BE,BE,imbalance_price,Short,2026-08-23T11:28:30Z
2026-08-23T11:27:43Z,2026-08-23T13:27:43+0200,aa89dba4-771d-4653-9ac4-44e4858bfe00,2026-08-18T05:00:00Z,2026-08-18T07:00:00+0200,269.24,EUR/MWh,BE,BE,imbalance_price,Long,2026-08-23T11:28:30Z
2026-08-23T11:27:43Z,2026-08-23T13:27:43+0200,aa89dba4-771d-4653-9ac4-44e4858bfe00,2026-08-18T05:00:00Z,2026-08-18T07:00:00+0200,269.24,EUR/MWh,BE,BE,imbalance_price,Short,2026-08-23T11:28:30Z
2026-08-23T11:27:43Z,2026-08-23T13:27:43+0200,aa89dba4-771d-4653-9ac4-44e4858bfe00,2026-08-18T05:15:00Z,2026-08-18T07:15:00+0200,449.59,EUR/MWh,BE,BE,imbalance_price,Long,2026-08-23T11:28:30Z
2026-08-23T11:27:43Z,2026-08-23T13:27:43+0200,aa89dba4-771d-4653-9ac4-44e4858bfe00,2026-08-18T05:15:00Z,2026-08-18T07:15:00+0200,449.59,EUR/MWh,BE,BE,imbalance_price,Short,2026-08-23T11:28:30Z
2026-08-23T11:27:43Z,2026-08-23T13:27:43+0200,aa89dba4-771d-4653-9ac4-44e4858bfe00,2026-08-18T05:30:00Z,2026-08-18T07:30:00+0200,278.0,EUR/MWh,BE,BE,imbalance_price,Long,2026-08-23T11:28:30Z
2026-08-23T11:27:43Z,2026-08-23T13:27:43+0200,aa89dba4-771d-4653-9ac4-44e4858bfe00,2026-08-18T05:30:00Z,2026-08-18T07:30:00+0200,278.0,EUR/MWh,BE,BE,imbalance_price,Short,2026-08-23T11:28:30Z
2026-08-23T11:27:43Z,2026-08-23T13:27:43+0200,aa89dba4-771d-4653-9ac4-44e4858bfe00,2026-08-18T05:45:00Z,2026-08-18T07:45:00+0200,265.69,EUR/MWh,BE,BE,imbalance_price,Long,2026-08-23T11:28:30Z
2026-08-23T11:27:43Z,2026-08-23T13:27:43+0200,aa89dba4-771d-4653-9ac4-44e4858bfe00,2026-08-18T05:45:00Z,2026-08-18T07:45:00+0200,265.69,EUR/MWh,BE,BE,imbalance_price,Short,2026-08-23T11:28:30Z
2026-08-23T11:27:43Z,2026-08-23T13:27:43+0200,aa89dba4-771d-4653-9ac4-44e4858bfe00,2026-08-18T06:00:00Z,2026-08-18T08:00:00+0200,217.9,EUR/MWh,BE,BE,imbalance_price,Long,2026-08-23T11:28:30Z
2026-08-23T11:27:43Z,2026-08-23T13:27:43+0200,aa89dba4-771d-4653-9ac4-44e4858bfe00,2026-08-18T06:00:00Z,2026-08-18T08:00:00+0200,217.9,EUR/MWh,BE,BE,imbalance_price,Short,2026-08-23T11:28:30Z
2026-08-23T11:27:43Z,2026-08-23T13:27:43+0200,aa89dba4-771d-4653-9ac4-44e4858bfe00,2026-08-18T06:15:00Z,2026-08-18T08:15:00+0200,189.44,EUR/MWh,BE,BE,imbalance_price,Long,2026-08-23T11:28:30Z
2026-08-23T11:27:43Z,2026-08-23T13:27:43+0200,aa89dba4-771d-4653-9ac4-44e4858bfe00,2026-08-18T06:15:00Z,2026-08-18T08:15:00+0200,189.44,EUR/MWh,BE,BE,imbalance_price,Short,2026-08-23T11:28:30Z
2026-08-23T11:27:43Z,2026-08-23T13:27:43+0200,aa89dba4-771d-4653-9ac4-44e4858bfe00,2026-08-18T06:30:00Z,2026-08-18T08:30:00+0200,166.75,EUR/MWh,BE,BE,imbalance_price,Long,2026-08-23T11:28:30Z
2026-08-23T11:27:43Z,2026-08-23T13:27:43+0200,aa89dba4-771d-4653-9ac4-44e4858bfe00,2026-08-18T06:30:00Z,2026-08-18T08:30:00+0200,166.75,EUR/MWh,BE,BE,imbalance_price,Short,2026-08-23T11:28:30Z
2026-08-23T11:27:43Z,2026-08-23T13:27:43+0200,aa89dba4-771d-4653-9ac4-44e4858bfe00,2026-08-18T06:45:00Z,2026-08-18T08:45:00+0200,142.9,EUR/MWh,BE,BE,imbalance_price,Long,2026-08-23T11:28:30Z
2026-08-23T11:27:43Z,2026-08-23T13:27:43+0200,aa89dba4-771d-4653-9ac4-44e4858bfe00,2026-08-18T06:45:00Z,2026-08-18T08:45:00+0200,142.9,EUR/MWh,BE,BE,imbalance_price,Short,2026-08-23T11:28:30Z
2026-08-23T11:27:43Z,2026-08-23T13:27:43+0200,aa89dba4-771d-4653-9ac4-44e4858bfe00,2026-08-18T07:00:00Z,2026-08-18T09:00:00+0200,141.05,EUR/MWh,BE,BE,imbalance_price,Long,2026-08-23T11:28:30Z
2026-08-23T11:27:43Z,2026-08-23T13:27:43+0200,aa89dba4-771d-4653-9ac4-44e4858bfe00,2026-08-18T07:00:00Z,2026-08-18T09:00:00+0200,141.05,EUR/MWh,BE,BE,imbalance_price,Short,2026-08-23T11:28:30Z
2026-08-23T11:27:43Z,2026-08-23T13:27:43+0200,aa89dba4-771d-4653-9ac4-44e4858bfe00,2026-08-18T07:15:00Z,2026-08-18T09:15:00+0200,143.77,EUR/MWh,BE,BE,imbalance_price,Long,2026-08-23T11:28:30Z
2026-08-23T11:27:43Z,2026-08-23T13:27:43+0200,aa89dba4-771d-4653-9ac4-44e4858bfe00,2026-08-18T07:15:00Z,2026-08-18T09:15:00+0200,143.77,EUR/MWh,BE,BE,imbalance_price,Short,2026-08-23T11:28:30Z
2026-08-23T11:27:43Z,2026-08-23T13:27:43+0200,aa89dba4-771d-4653-9ac4-44e4858bfe00,2026-08-18T07:30:00Z,2026-08-18T09:30:00+0200,202.86,EUR/MWh,BE,BE,imbalance_price,Long,2026-08-23T11:28:30Z
2026-08-23T11:27:43Z,2026-08-23T13:27:43+0200,aa89dba4-771d-4653-9ac4-44e4858bfe00,2026-08-18T07:30:00Z,2026-08-18T09:30:00+0200,202.86,EUR/MWh,BE,BE,imbalance_price,Short,2026-08-23T11:28:30Z
2026-08-23T11:27:43Z,2026-08-23T13:27:43+0200,aa89dba4-771d-4653-9ac4-44e4858bfe00,2026-08-18T07:45:00Z,2026-08-18T09:45:00+0200,170.09,EUR/MWh,BE,BE,imbalance_price,Long,2026-08-23T11:28:30Z
2026-08-23T11:27:43Z,2026-08-23T13:27:43+0200,aa89dba4-771d-4653-9ac4-44e4858bfe00,2026-08-18T07:45:00Z,2026-08-18T09:45:00+0200,170.09,EUR/MWh,BE,BE,imbalance_price,Short,2026-08-23T11:28:30Z
2026-08-23T11:27:43Z,2026-08-23T13:27:43+0200,aa89dba4-771d-4653-9ac4-44e4858bfe00,2026-08-18T08:00:00Z,2026-08-18T10:00:00+0200,185.82,EUR/MWh,BE,BE,imbalance_price,Long,2026-08-23T11:28:30Z
2026-08-23T11:27:43Z,2026-08-23T13:27:43+0200,aa89dba4-771d-4653-9ac4-44e4858bfe00,2026-08-18T08:00:00Z,2026-08-18T10:00:00+0200,185.82,EUR/MWh,BE,BE,imbalance_price,Short,2026-08-23T11:28:30Z
2026-08-23T11:27:43Z,2026-08-23T13:27:43+0200,aa89dba4-771d-4653-9ac4-44e4858bfe00,2026-08-18T08:15:00Z,2026-08-18T10:15:00+0200,210.3,EUR/MWh,BE,BE,imbalance_price,Long,2026-08-23T11:28:30Z
2026-08-23T11:27:43Z,2026-08-23T13:27:43+0200,aa89dba4-771d-4653-9ac4-44e4858bfe00,2026-08-18T08:15:00Z,2026-08-18T10:15:00+0200,210.3,EUR/MWh,BE,BE,imbalance_price,Short,2026-08-23T11:28:30Z
2026-08-23T11:27:43Z,2026-08-23T13:27:43+0200,aa89dba4-771d-4653-9ac4-44e4858bfe00,2026-08-18T08:30:00Z,2026-08-18T10:30:00+0200,185.23,EUR/MWh,BE,BE,imbalance_price,Long,2026-08-23T11:28:30Z
2026-08-23T11:27:43Z,2026-08-23T13:27:43+0200,aa89dba4-771d-4653-9ac4-44e4858bfe00,2026-08-18T08:30:00Z,2026-08-18T10:30:00+0200,185.23,EUR/MWh,BE,BE,imbalance_price,Short,2026-08-23T11:28:30Z
2026-08-23T11:27:43Z,2026-08-23T13:27:43+0200,aa89dba4-771d-4653-9ac4-44e4858bfe00,2026-08-18T08:45:00Z,2026-08-18T10:45:00+0200,159.54,EUR/MWh,BE,BE,imbalance_price,Long,2026-08-23T11:28:30Z
2026-08-23T11:27:43Z,2026-08-23T13:27:43+0200,aa89dba4-771d-4653-9ac4-44e4858bfe00,2026-08-18T08:45:00Z,2026-08-18T10:45:00+0200,159.54,EUR/MWh,BE,BE,imbalance_price,Short,2026-08-23T11:28:30Z
2026-08-23T11:27:43Z,2026-08-23T13:27:43+0200,aa89dba4-771d-4653-9ac4-44e4858bfe00,2026-08-18T09:00:00Z,2026-08-18T11:00:00+0200,162.92,EUR/MWh,BE,BE,imbalance_price,Long,2026-08-23T11:28:30Z
2026-08-23T11:27:43Z,2026-08-23T13:27:43+0200,aa89dba4-771d-4653-9ac4-44e4858bfe00,2026-08-18T09:00:00Z,2026-08-18T11:00:00+0200,162.92,EUR/MWh,BE,BE,imbalance_price,Short,2026-08-23T11:28:30Z
2026-08-23T11:27:43Z,2026-08-23T13:27:43+0200,aa89dba4-771d-4653-9ac4-44e4858bfe00,2026-08-18T09:15:00Z,2026-08-18T11:15:00+0200,205.42,EUR/MWh,BE,BE,imbalance_price,Long,2026-08-23T11:28:30Z
2026-08-23T11:27:43Z,2026-08-23T13:27:43+0200,aa89dba4-771d-4653-9ac4-44e4858bfe00,2026-08-18T09:15:00Z,2026-08-18T11:15:00+0200,205.42,EUR/MWh,BE,BE,imbalance_price,Short,2026-08-23T11:28:30Z
2026-08-23T11:27:43Z,2026-08-23T13:27:43+0200,aa89dba4-771d-4653-9ac4-44e4858bfe00,2026-08-18T09:30:00Z,2026-08-18T11:30:00+0200,210.09,EUR/MWh,BE,BE,imbalance_price,Long,2026-08-23T11:28:30Z
2026-08-23T11:27:43Z,2026-08-23T13:27:43+0200,aa89dba4-771d-4653-9ac4-44e4858bfe00,2026-08-18T09:30:00Z,2026-08-18T11:30:00+0200,210.09,EUR/MWh,BE,BE,imbalance_price,Short,2026-08-23T11:28:30Z
2026-08-23T11:27:43Z,2026-08-23T13:27:43+0200,aa89dba4-771d-4653-9ac4-44e4858bfe00,2026-08-18T09:45:00Z,2026-08-18T11:45:00+0200,192.59,EUR/MWh,BE,BE,imbalance_price,Long,2026-08-23T11:28:30Z
2026-08-23T11:27:43Z,2026-08-23T13:27:43+0200,aa89dba4-771d-4653-9ac4-44e4858bfe00,2026-08-18T09:45:00Z,2026-08-18T11:45:00+0200,192.59,EUR/MWh,BE,BE,imbalance_price,Short,2026-08-23T11:28:30Z
2026-08-23T11:27:43Z,2026-08-23T13:27:43+0200,aa89dba4-771d-4653-9ac4-44e4858bfe00,2026-08-18T10:00:00Z,2026-08-18T12:00:00+0200,144.71,EUR/MWh,BE,BE,imbalance_price,Long,2026-08-23T11:28:30Z
2026-08-23T11:27:43Z,2026-08-23T13:27:43+0200,aa89dba4-771d-4653-9ac4-44e4858bfe00,2026-08-18T10:00:00Z,2026-08-18T12:00:00+0200,144.71,EUR/MWh,BE,BE,imbalance_price,Short,2026-08-23T11:28:30Z
2026-08-23T11:27:43Z,2026-08-23T13:27:43+0200,aa89dba4-771d-4653-9ac4-44e4858bfe00,2026-08-18T10:15:00Z,2026-08-18T12:15:00+0200,470.05,EUR/MWh,BE,BE,imbalance_price,Long,2026-08-23T11:28:30Z
2026-08-23T11:27:43Z,2026-08-23T13:27:43+0200,aa89dba4-771d-4653-9ac4-44e4858bfe00,2026-08-18T10:15:00Z,2026-08-18T12:15:00+0200,470.05,EUR/MWh,BE,BE,imbalance_price,Short,2026-08-23T11:28:30Z
2026-08-23T11:27:43Z,2026-08-23T13:27:43+0200,aa89dba4-771d-4653-9ac4-44e4858bfe00,2026-08-18T10:30:00Z,2026-08-18T12:30:00+0200,177.88,EUR/MWh,BE,BE,imbalance_price,Long,2026-08-23T11:28:30Z
2026-08-23T11:27:43Z,2026-08-23T13:27:43+0200,aa89dba4-771d-4653-9ac4-44e4858bfe00,2026-08-18T10:30:00Z,2026-08-18T12:30:00+0200,177.88,EUR/MWh,BE,BE,imbalance_price,Short,2026-08-23T11:28:30Z
2026-08-23T11:27:43Z,2026-08-23T13:27:43+0200,aa89dba4-771d-4653-9ac4-44e4858bfe00,2026-08-18T10:45:00Z,2026-08-18T12:45:00+0200,176.98,EUR/MWh,BE,BE,imbalance_price,Long,2026-08-23T11:28:30Z
2026-08-23T11:27:43Z,2026-08-23T13:27:43+0200,aa89dba4-771d-4653-9ac4-44e4858bfe00,2026-08-18T10:45:00Z,2026-08-18T12:45:00+0200,176.98,EUR/MWh,BE,BE,imbalance_price,Short,2026-08-23T11:28:30Z
2026-08-23T11:27:43Z,2026-08-23T13:27:43+0200,aa89dba4-771d-4653-9ac4-44e4858bfe00,2026-08-18T11:00:00Z,2026-08-18T13:00:00+0200,255.96,EUR/MWh,BE,BE,imbalance_price,Long,2026-08-23T11:28:30Z
2026-08-23T11:27:43Z,2026-08-23T13:27:43+0200,aa89dba4-771d-4653-9ac4-44e4858bfe00,2026-08-18T11:00:00Z,2026-08-18T13:00:00+0200,255.96,EUR/MWh,BE,BE,imbalance_price,Short,2026-08-23T11:28:30Z
2026-08-23T11:27:43Z,2026-08-23T13:27:43+0200,aa89dba4-771d-4653-9ac4-44e4858bfe00,2026-08-18T11:15:00Z,2026-08-18T13:15:00+0200,290.08,EUR/MWh,BE,BE,imbalance_price,Long,2026-08-23T11:28:30Z
2026-08-23T11:27:43Z,2026-08-23T13:27:43+0200,aa89dba4-771d-4653-9ac4-44e4858bfe00,2026-08-18T11:15:00Z,2026-08-18T13:15:00+0200,290.08,EUR/MWh,BE,BE,imbalance_price,Short,2026-08-23T11:28:30Z
2026-08-23T11:27:43Z,2026-08-23T13:27:43+0200,aa89dba4-771d-4653-9ac4-44e4858bfe00,2026-08-18T11:30:00Z,2026-08-18T13:30:00+0200,341.4,EUR/MWh,BE,BE,imbalance_price,Long,2026-08-23T11:28:30Z
2026-08-23T11:27:43Z,2026-08-23T13:27:43+0200,aa89dba4-771d-4653-9ac4-44e4858bfe00,2026-08-18T11:30:00Z,2026-08-18T13:30:00+0200,341.4,EUR/MWh,BE,BE,imbalance_price,Short,2026-08-23T11:28:30Z
2026-08-23T11:27:43Z,2026-08-23T13:27:43+0200,aa89dba4-771d-4653-9ac4-44e4858bfe00,2026-08-18T11:45:00Z,2026-08-18T13:45:00+0200,480.66,EUR/MWh,BE,BE,imbalance_price,Long,2026-08-23T11:28:30Z
2026-08-23T11:27:43Z,2026-08-23T13:27:43+0200,aa89dba4-771d-4653-9ac4-44e4858bfe00,2026-08-18T11:45:00Z,2026-08-18T13:45:00+0200,480.66,EUR/MWh,BE,BE,imbalance_price,Short,2026-08-23T11:28:30Z
2026-08-23T11:27:43Z,2026-08-23T13:27:43+0200,aa89dba4-771d-4653-9ac4-44e4858bfe00,2026-08-18T12:00:00Z,2026-08-18T14:00:00+0200,602.15,EUR/MWh,BE,BE,imbalance_price,Long,2026-08-23T11:28:30Z
2026-08-23T11:27:43Z,2026-08-23T13:27:43+0200,aa89dba4-771d-4653-9ac4-44e4858bfe00,2026-08-18T12:00:00Z,2026-08-18T14:00:00+0200,602.15,EUR/MWh,BE,BE,imbalance_price,Short,2026-08-23T11:28:30Z
2026-08-23T11:27:43Z,2026-08-23T13:27:43+0200,aa89dba4-771d-4653-9ac4-44e4858bfe00,2026-08-18T12:15:00Z,2026-08-18T14:15:00+0200,500.54,EUR/MWh,BE,BE,imbalance_price,Long,2026-08-23T11:28:30Z
2026-08-23T11:27:43Z,2026-08-23T13:27:43+0200,aa89dba4-771d-4653-9ac4-44e4858bfe00,2026-08-18T12:15:00Z,2026-08-18T14:15:00+0200,500.54,EUR/MWh,BE,BE,imbalance_price,Short,2026-08-23T11:28:30Z
2026-08-23T11:27:43Z,2026-08-23T13:27:43+0200,aa89dba4-771d-4653-9ac4-44e4858bfe00,2026-08-18T12:30:00Z,2026-08-18T14:30:00+0200,519.39,EUR/MWh,BE,BE,imbalance_price,Long,2026-08-23T11:28:30Z
2026-08-23T11:27:43Z,2026-08-23T13:27:43+0200,aa89dba4-771d-4653-9ac4-44e4858bfe00,2026-08-18T12:30:00Z,2026-08-18T14:30:00+0200,519.39,EUR/MWh,BE,BE,imbalance_price,Short,2026-08-23T11:28:30Z
2026-08-23T11:27:43Z,2026-08-23T13:27:43+0200,aa89dba4-771d-4653-9ac4-44e4858bfe00,2026-08-18T12:45:00Z,2026-08-18T14:45:00+0200,299.76,EUR/MWh,BE,BE,imbalance_price,Long,2026-08-23T11:28:30Z
2026-08-23T11:27:43Z,2026-08-23T13:27:43+0200,aa89dba4-771d-4653-9ac4-44e4858bfe00,2026-08-18T12:45:00Z,2026-08-18T14:45:00+0200,299.76,EUR/MWh,BE,BE,imbalance_price,Short,2026-08-23T11:28:30Z
2026-08-23T11:27:43Z,2026-08-23T13:27:43+0200,aa89dba4-771d-4653-9ac4-44e4858bfe00,2026-08-18T13:00:00Z,2026-08-18T15:00:00+0200,288.0,EUR/MWh,BE,BE,imbalance_price,Long,2026-08-23T11:28:30Z
2026-08-23T11:27:43Z,2026-08-23T13:27:43+0200,aa89dba4-771d-4653-9ac4-44e4858bfe00,2026-08-18T13:00:00Z,2026-08-18T15:00:00+0200,288.0,EUR/MWh,BE,BE,imbalance_price,Short,2026-08-23T11:28:30Z
2026-08-23T11:27:43Z,2026-08-23T13:27:43+0200,aa89dba4-771d-4653-9ac4-44e4858bfe00,2026-08-18T13:15:00Z,2026-08-18T15:15:00+0200,275.31,EUR/MWh,BE,BE,imbalance_price,Long,2026-08-23T11:28:30Z
2026-08-23T11:27:43Z,2026-08-23T13:27:43+0200,aa89dba4-771d-4653-9ac4-44e4858bfe00,2026-08-18T13:15:00Z,2026-08-18T15:15:00+0200,275.31,EUR/MWh,BE,BE,imbalance_price,Short,2026-08-23T11:28:30Z
2026-08-23T11:27:43Z,2026-08-23T13:27:43+0200,aa89dba4-771d-4653-9ac4-44e4858bfe00,2026-08-18T13:30:00Z,2026-08-18T15:30:00+0200,181.51,EUR/MWh,BE,BE,imbalance_price,Long,2026-08-23T11:28:30Z
2026-08-23T11:27:43Z,2026-08-23T13:27:43+0200,aa89dba4-771d-4653-9ac4-44e4858bfe00,2026-08-18T13:30:00Z,2026-08-18T15:30:00+0200,181.51,EUR/MWh,BE,BE,imbalance_price,Short,2026-08-23T11:28:30Z
2026-08-23T11:27:43Z,2026-08-23T13:27:43+0200,aa89dba4-771d-4653-9ac4-44e4858bfe00,2026-08-18T13:45:00Z,2026-08-18T15:45:00+0200,274.59,EUR/MWh,BE,BE,imbalance_price,Long,2026-08-23T11:28:30Z
2026-08-23T11:27:43Z,2026-08-23T13:27:43+0200,aa89dba4-771d-4653-9ac4-44e4858bfe00,2026-08-18T13:45:00Z,2026-08-18T15:45:00+0200,274.59,EUR/MWh,BE,BE,imbalance_price,Short,2026-08-23T11:28:30Z
2026-08-23T11:27:43Z,2026-08-23T13:27:43+0200,aa89dba4-771d-4653-9ac4-44e4858bfe00,2026-08-18T14:00:00Z,2026-08-18T16:00:00+0200,402.4,EUR/MWh,BE,BE,imbalance_price,Long,2026-08-23T11:28:30Z
2026-08-23T11:27:43Z,2026-08-23T13:27:43+0200,aa89dba4-771d-4653-9ac4-44e4858bfe00,2026-08-18T14:00:00Z,2026-08-18T16:00:00+0200,402.4,EUR/MWh,BE,BE,imbalance_price,Short,2026-08-23T11:28:30Z
2026-08-23T11:27:43Z,2026-08-23T13:27:43+0200,aa89dba4-771d-4653-9ac4-44e4858bfe00,2026-08-18T14:15:00Z,2026-08-18T16:15:00+0200,241.91,EUR/MWh,BE,BE,imbalance_price,Long,2026-08-23T11:28:30Z
2026-08-23T11:27:43Z,2026-08-23T13:27:43+0200,aa89dba4-771d-4653-9ac4-44e4858bfe00,2026-08-18T14:15:00Z,2026-08-18T16:15:00+0200,241.91,EUR/MWh,BE,BE,imbalance_price,Short,2026-08-23T11:28:30Z
2026-08-23T11:27:43Z,2026-08-23T13:27:43+0200,aa89dba4-771d-4653-9ac4-44e4858bfe00,2026-08-18T14:30:00Z,2026-08-18T16:30:00+0200,270.0,EUR/MWh,BE,BE,imbalance_price,Long,2026-08-23T11:28:30Z
2026-08-23T11:27:43Z,2026-08-23T13:27:43+0200,aa89dba4-771d-4653-9ac4-44e4858bfe00,2026-08-18T14:30:00Z,2026-08-18T16:30:00+0200,270.0,EUR/MWh,BE,BE,imbalance_price,Short,2026-08-23T11:28:30Z
2026-08-23T11:27:43Z,2026-08-23T13:27:43+0200,aa89dba4-771d-4653-9ac4-44e4858bfe00,2026-08-18T14:45:00Z,2026-08-18T16:45:00+0200,354.81,EUR/MWh,BE,BE,imbalance_price,Long,2026-08-23T11:28:30Z
2026-08-23T11:27:43Z,2026-08-23T13:27:43+0200,aa89dba4-771d-4653-9ac4-44e4858bfe00,2026-08-18T14:45:00Z,2026-08-18T16:45:00+0200,354.81,EUR/MWh,BE,BE,imbalance_price,Short,2026-08-23T11:28:30Z
2026-08-23T11:27:43Z,2026-08-23T13:27:43+0200,aa89dba4-771d-4653-9ac4-44e4858bfe00,2026-08-18T15:00:00Z,2026-08-18T17:00:00+0200,238.37,EUR/MWh,BE,BE,imbalance_price,Long,2026-08-23T11:28:30Z
2026-08-23T11:27:43Z,2026-08-23T13:27:43+0200,aa89dba4-771d-4653-9ac4-44e4858bfe00,2026-08-18T15:00:00Z,2026-08-18T17:00:00+0200,238.37,EUR/MWh,BE,BE,imbalance_price,Short,2026-08-23T11:28:30Z
2026-08-23T11:27:43Z,2026-08-23T13:27:43+0200,aa89dba4-771d-4653-9ac4-44e4858bfe00,2026-08-18T15:15:00Z,2026-08-18T17:15:00+0200,265.89,EUR/MWh,BE,BE,imbalance_price,Long,2026-08-23T11:28:30Z
2026-08-23T11:27:43Z,2026-08-23T13:27:43+0200,aa89dba4-771d-4653-9ac4-44e4858bfe00,2026-08-18T15:15:00Z,2026-08-18T17:15:00+0200,265.89,EUR/MWh,BE,BE,imbalance_price,Short,2026-08-23T11:28:30Z
2026-08-23T11:27:43Z,2026-08-23T13:27:43+0200,aa89dba4-771d-4653-9ac4-44e4858bfe00,2026-08-18T15:30:00Z,2026-08-18T17:30:00+0200,193.68,EUR/MWh,BE,BE,imbalance_price,Long,2026-08-23T11:28:30Z
2026-08-23T11:27:43Z,2026-08-23T13:27:43+0200,aa89dba4-771d-4653-9ac4-44e4858bfe00,2026-08-18T15:30:00Z,2026-08-18T17:30:00+0200,193.68,EUR/MWh,BE,BE,imbalance_price,Short,2026-08-23T11:28:30Z
2026-08-23T11:27:43Z,2026-08-23T13:27:43+0200,aa89dba4-771d-4653-9ac4-44e4858bfe00,2026-08-18T15:45:00Z,2026-08-18T17:45:00+0200,193.64,EUR/MWh,BE,BE,imbalance_price,Long,2026-08-23T11:28:30Z
2026-08-23T11:27:43Z,2026-08-23T13:27:43+0200,aa89dba4-771d-4653-9ac4-44e4858bfe00,2026-08-18T15:45:00Z,2026-08-18T17:45:00+0200,193.64,EUR/MWh,BE,BE,imbalance_price,Short,2026-08-23T11:28:30Z
2026-08-23T11:27:43Z,2026-08-23T13:27:43+0200,aa89dba4-771d-4653-9ac4-44e4858bfe00,2026-08-18T16:00:00Z,2026-08-18T18:00:00+0200,219.4,EUR/MWh,BE,BE,imbalance_price,Long,2026-08-23T11:28:30Z
2026-08-23T11:27:43Z,2026-08-23T13:27:43+0200,aa89dba4-771d-4653-9ac4-44e4858bfe00,2026-08-18T16:00:00Z,2026-08-18T18:00:00+0200,219.4,EUR/MWh,BE,BE,imbalance_price,Short,2026-08-23T11:28:30Z
2026-08-23T11:27:43Z,2026-08-23T13:27:43+0200,aa89dba4-771d-4653-9ac4-44e4858bfe00,2026-08-18T16:15:00Z,2026-08-18T18:15:00+0200,218.79,EUR/MWh,BE,BE,imbalance_price,Long,2026-08-23T11:28:30Z
2026-08-23T11:27:43Z,2026-08-23T13:27:43+0200,aa89dba4-771d-4653-9ac4-44e4858bfe00,2026-08-18T16:15:00Z,2026-08-18T18:15:00+0200,218.79,EUR/MWh,BE,BE,imbalance_price,Short,2026-08-23T11:28:30Z
2026-08-23T11:27:43Z,2026-08-23T13:27:43+0200,aa89dba4-771d-4653-9ac4-44e4858bfe00,2026-08-18T16:30:00Z,2026-08-18T18:30:00+0200,257.99,EUR/MWh,BE,BE,imbalance_price,Long,2026-08-23T11:28:30Z
2026-08-23T11:27:43Z,2026-08-23T13:27:43+0200,aa89dba4-771d-4653-9ac4-44e4858bfe00,2026-08-18T16:30:00Z,2026-08-18T18:30:00+0200,257.99,EUR/MWh,BE,BE,imbalance_price,Short,2026-08-23T11:28:30Z
2026-08-23T11:27:43Z,2026-08-23T13:27:43+0200,aa89dba4-771d-4653-9ac4-44e4858bfe00,2026-08-18T16:45:00Z,2026-08-18T18:45:00+0200,267.84,EUR/MWh,BE,BE,imbalance_price,Long,2026-08-23T11:28:30Z
2026-08-23T11:27:43Z,2026-08-23T13:27:43+0200,aa89dba4-771d-4653-9ac4-44e4858bfe00,2026-08-18T16:45:00Z,2026-08-18T18:45:00+0200,267.84,EUR/MWh,BE,BE,imbalance_price,Short,2026-08-23T11:28:30Z
2026-08-23T11:27:43Z,2026-08-23T13:27:43+0200,aa89dba4-771d-4653-9ac4-44e4858bfe00,2026-08-18T17:00:00Z,2026-08-18T19:00:00+0200,440.14,EUR/MWh,BE,BE,imbalance_price,Long,2026-08-23T11:28:30Z
2026-08-23T11:27:43Z,2026-08-23T13:27:43+0200,aa89dba4-771d-4653-9ac4-44e4858bfe00,2026-08-18T17:00:00Z,2026-08-18T19:00:00+0200,440.14,EUR/MWh,BE,BE,imbalance_price,Short,2026-08-23T11:28:30Z
2026-08-23T11:27:43Z,2026-08-23T13:27:43+0200,aa89dba4-771d-4653-9ac4-44e4858bfe00,2026-08-18T17:15:00Z,2026-08-18T19:15:00+0200,546.67,EUR/MWh,BE,BE,imbalance_price,Long,2026-08-23T11:28:30Z
2026-08-23T11:27:43Z,2026-08-23T13:27:43+0200,aa89dba4-771d-4653-9ac4-44e4858bfe00,2026-08-18T17:15:00Z,2026-08-18T19:15:00+0200,546.67,EUR/MWh,BE,BE,imbalance_price,Short,2026-08-23T11:28:30Z
2026-08-23T11:27:43Z,2026-08-23T13:27:43+0200,aa89dba4-771d-4653-9ac4-44e4858bfe00,2026-08-18T17:30:00Z,2026-08-18T19:30:00+0200,543.1,EUR/MWh,BE,BE,imbalance_price,Long,2026-08-23T11:28:30Z
2026-08-23T11:27:43Z,2026-08-23T13:27:43+0200,aa89dba4-771d-4653-9ac4-44e4858bfe00,2026-08-18T17:30:00Z,2026-08-18T19:30:00+0200,543.1,EUR/MWh,BE,BE,imbalance_price,Short,2026-08-23T11:28:30Z
2026-08-23T11:27:43Z,2026-08-23T13:27:43+0200,aa89dba4-771d-4653-9ac4-44e4858bfe00,2026-08-18T17:45:00Z,2026-08-18T19:45:00+0200,278.21,EUR/MWh,BE,BE,imbalance_price,Long,2026-08-23T11:28:30Z
2026-08-23T11:27:43Z,2026-08-23T13:27:43+0200,aa89dba4-771d-4653-9ac4-44e4858bfe00,2026-08-18T17:45:00Z,2026-08-18T19:45:00+0200,278.21,EUR/MWh,BE,BE,imbalance_price,Short,2026-08-23T11:28:30Z
2026-08-23T11:27:43Z,2026-08-23T13:27:43+0200,aa89dba4-771d-4653-9ac4-44e4858bfe00,2026-08-18T18:00:00Z,2026-08-18T20:00:00+0200,969.26,EUR/MWh,BE,BE,imbalance_price,Long,2026-08-23T11:28:30Z
2026-08-23T11:27:43Z,2026-08-23T13:27:43+0200,aa89dba4-771d-4653-9ac4-44e4858bfe00,2026-08-18T18:00:00Z,2026-08-18T20:00:00+0200,969.26,EUR/MWh,BE,BE,imbalance_price,Short,2026-08-23T11:28:30Z
2026-08-23T11:27:43Z,2026-08-23T13:27:43+0200,aa89dba4-771d-4653-9ac4-44e4858bfe00,2026-08-18T18:15:00Z,2026-08-18T20:15:00+0200,974.96,EUR/MWh,BE,BE,imbalance_price,Long,2026-08-23T11:28:30Z
2026-08-23T11:27:43Z,2026-08-23T13:27:43+0200,aa89dba4-771d-4653-9ac4-44e4858bfe00,2026-08-18T18:15:00Z,2026-08-18T20:15:00+0200,974.96,EUR/MWh,BE,BE,imbalance_price,Short,2026-08-23T11:28:30Z
2026-08-23T11:27:43Z,2026-08-23T13:27:43+0200,aa89dba4-771d-4653-9ac4-44e4858bfe00,2026-08-18T18:30:00Z,2026-08-18T20:30:00+0200,346.52,EUR/MWh,BE,BE,imbalance_price,Long,2026-08-23T11:28:30Z
2026-08-23T11:27:43Z,2026-08-23T13:27:43+0200,aa89dba4-771d-4653-9ac4-44e4858bfe00,2026-08-18T18:30:00Z,2026-08-18T20:30:00+0200,346.52,EUR/MWh,BE,BE,imbalance_price,Short,2026-08-23T11:28:30Z
2026-08-23T11:27:43Z,2026-08-23T13:27:43+0200,aa89dba4-771d-4653-9ac4-44e4858bfe00,2026-08-18T18:45:00Z,2026-08-18T20:45:00+0200,360.19,EUR/MWh,BE,BE,imbalance_price,Long,2026-08-23T11:28:30Z
2026-08-23T11:27:43Z,2026-08-23T13:27:43+0200,aa89dba4-771d-4653-9ac4-44e4858bfe00,2026-08-18T18:45:00Z,2026-08-18T20:45:00+0200,360.19,EUR/MWh,BE,BE,imbalance_price,Short,2026-08-23T11:28:30Z
2026-08-23T11:27:43Z,2026-08-23T13:27:43+0200,aa89dba4-771d-4653-9ac4-44e4858bfe00,2026-08-18T19:00:00Z,2026-08-18T21:00:00+0200,266.78,EUR/MWh,BE,BE,imbalance_price,Long,2026-08-23T11:28:30Z
2026-08-23T11:27:43Z,2026-08-23T13:27:43+0200,aa89dba4-771d-4653-9ac4-44e4858bfe00,2026-08-18T19:00:00Z,2026-08-18T21:00:00+0200,266.78,EUR/MWh,BE,BE,imbalance_price,Short,2026-08-23T11:28:30Z
2026-08-23T11:27:43Z,2026-08-23T13:27:43+0200,aa89dba4-771d-4653-9ac4-44e4858bfe00,2026-08-18T19:15:00Z,2026-08-18T21:15:00+0200,252.08,EUR/MWh,BE,BE,imbalance_price,Long,2026-08-23T11:28:30Z
2026-08-23T11:27:43Z,2026-08-23T13:27:43+0200,aa89dba4-771d-4653-9ac4-44e4858bfe00,2026-08-18T19:15:00Z,2026-08-18T21:15:00+0200,252.08,EUR/MWh,BE,BE,imbalance_price,Short,2026-08-23T11:28:30Z
2026-08-23T11:27:43Z,2026-08-23T13:27:43+0200,aa89dba4-771d-4653-9ac4-44e4858bfe00,2026-08-18T19:30:00Z,2026-08-18T21:30:00+0200,242.0,EUR/MWh,BE,BE,imbalance_price,Long,2026-08-23T11:28:30Z
2026-08-23T11:27:43Z,2026-08-23T13:27:43+0200,aa89dba4-771d-4653-9ac4-44e4858bfe00,2026-08-18T19:30:00Z,2026-08-18T21:30:00+0200,242.0,EUR/MWh,BE,BE,imbalance_price,Short,2026-08-23T11:28:30Z
2026-08-23T11:27:43Z,2026-08-23T13:27:43+0200,aa89dba4-771d-4653-9ac4-44e4858bfe00,2026-08-18T19:45:00Z,2026-08-18T21:45:00+0200,242.0,EUR/MWh,BE,BE,imbalance_price,Long,2026-08-23T11:28:30Z
2026-08-23T11:27:43Z,2026-08-23T13:27:43+0200,aa89dba4-771d-4653-9ac4-44e4858bfe00,2026-08-18T19:45:00Z,2026-08-18T21:45:00+0200,242.0,EUR/MWh,BE,BE,imbalance_price,Short,2026-08-23T11:28:30Z
2026-08-23T11:27:43Z,2026-08-23T13:27:43+0200,aa89dba4-771d-4653-9ac4-44e4858bfe00,2026-08-18T20:00:00Z,2026-08-18T22:00:00+0200,247.0,EUR/MWh,BE,BE,imbalance_price,Long,2026-08-23T11:28:30Z
2026-08-23T11:27:43Z,2026-08-23T13:27:43+0200,aa89dba4-771d-4653-9ac4-44e4858bfe00,2026-08-18T20:00:00Z,2026-08-18T22:00:00+0200,247.0,EUR/MWh,BE,BE,imbalance_price,Short,2026-08-23T11:28:30Z
2026-08-23T11:27:43Z,2026-08-23T13:27:43+0200,aa89dba4-771d-4653-9ac4-44e4858bfe00,2026-08-18T20:15:00Z,2026-08-18T22:15:00+0200,233.4,EUR/MWh,BE,BE,imbalance_price,Long,2026-08-23T11:28:30Z
2026-08-23T11:27:43Z,2026-08-23T13:27:43+0200,aa89dba4-771d-4653-9ac4-44e4858bfe00,2026-08-18T20:15:00Z,2026-08-18T22:15:00+0200,233.4,EUR/MWh,BE,BE,imbalance_price,Short,2026-08-23T11:28:30Z
2026-08-23T11:27:43Z,2026-08-23T13:27:43+0200,aa89dba4-771d-4653-9ac4-44e4858bfe00,2026-08-18T20:30:00Z,2026-08-18T22:30:00+0200,233.4,EUR/MWh,BE,BE,imbalance_price,Long,2026-08-23T11:28:30Z
2026-08-23T11:27:43Z,2026-08-23T13:27:43+0200,aa89dba4-771d-4653-9ac4-44e4858bfe00,2026-08-18T20:30:00Z,2026-08-18T22:30:00+0200,233.4,EUR/MWh,BE,BE,imbalance_price,Short,2026-08-23T11:28:30Z
2026-08-23T11:27:43Z,2026-08-23T13:27:43+0200,aa89dba4-771d-4653-9ac4-44e4858bfe00,2026-08-18T20:45:00Z,2026-08-18T22:45:00+0200,233.4,EUR/MWh,BE,BE,imbalance_price,Long,2026-08-23T11:28:30Z
2026-08-23T11:27:43Z,2026-08-23T13:27:43+0200,aa89dba4-771d-4653-9ac4-44e4858bfe00,2026-08-18T20:45:00Z,2026-08-18T22:45:00+0200,233.4,EUR/MWh,BE,BE,imbalance_price,Short,2026-08-23T11:28:30Z
2026-08-23T11:27:43Z,2026-08-23T13:27:43+0200,aa89dba4-771d-4653-9ac4-44e4858bfe00,2026-08-18T21:00:00Z,2026-08-18T23:00:00+0200,222.67,EUR/MWh,BE,BE,imbalance_price,Long,2026-08-23T11:28:30Z
2026-08-23T11:27:43Z,2026-08-23T13:27:43+0200,aa89dba4-771d-4653-9ac4-44e4858bfe00,2026-08-18T21:00:00Z,2026-08-18T23:00:00+0200,222.67,EUR/MWh,BE,BE,imbalance_price,Short,2026-08-23T11:28:30Z
2026-08-23T11:27:43Z,2026-08-23T13:27:43+0200,aa89dba4-771d-4653-9ac4-44e4858bfe00,2026-08-18T21:15:00Z,2026-08-18T23:15:00+0200,221.46,EUR/MWh,BE,BE,imbalance_price,Long,2026-08-23T11:28:30Z
2026-08-23T11:27:43Z,2026-08-23T13:27:43+0200,aa89dba4-771d-4653-9ac4-44e4858bfe00,2026-08-18T21:15:00Z,2026-08-18T23:15:00+0200,221.46,EUR/MWh,BE,BE,imbalance_price,Short,2026-08-23T11:28:30Z
2026-08-23T11:27:43Z,2026-08-23T13:27:43+0200,aa89dba4-771d-4653-9ac4-44e4858bfe00,2026-08-18T21:30:00Z,2026-08-18T23:30:00+0200,221.9,EUR/MWh,BE,BE,imbalance_price,Long,2026-08-23T11:28:30Z
2026-08-23T11:27:43Z,2026-08-23T13:27:43+0200,aa89dba4-771d-4653-9ac4-44e4858bfe00,2026-08-18T21:30:00Z,2026-08-18T23:30:00+0200,221.9,EUR/MWh,BE,BE,imbalance_price,Short,2026-08-23T11:28:30Z
2026-08-23T11:27:43Z,2026-08-23T13:27:43+0200,aa89dba4-771d-4653-9ac4-44e4858bfe00,2026-08-18T21:45:00Z,2026-08-18T23:45:00+0200,221.9,EUR/MWh,BE,BE,imbalance_price,Long,2026-08-23T11:28:30Z
2026-08-23T11:27:43Z,2026-08-23T13:27:43+0200,aa89dba4-771d-4653-9ac4-44e4858bfe00,2026-08-18T21:45:00Z,2026-08-18T23:45:00+0200,221.9,EUR/MWh,BE,BE,imbalance_price,Short,2026-08-23T11:28:30Z
2026-08-23T11:27:43Z,2026-08-23T13:27:43+0200,aa89dba4-771d-4653-9ac4-44e4858bfe00,2026-08-18T22:00:00Z,2026-08-19T00:00:00+0200,209.44,EUR/MWh,BE,BE,imbalance_price,Long,2026-08-23T11:28:30Z
2026-08-23T11:27:43Z,2026-08-23T13:27:43+0200,aa89dba4-771d-4653-9ac4-44e4858bfe00,2026-08-18T22:00:00Z,2026-08-19T00:00:00+0200,209.44,EUR/MWh,BE,BE,imbalance_price,Short,2026-08-23T11:28:30Z
2026-08-23T11:27:43Z,2026-08-23T13:27:43+0200,aa89dba4-771d-4653-9ac4-44e4858bfe00,2026-08-18T22:15:00Z,2026-08-19T00:15:00+0200,243.98,EUR/MWh,BE,BE,imbalance_price,Long,2026-08-23T11:28:30Z
2026-08-23T11:27:43Z,2026-08-23T13:27:43+0200,aa89dba4-771d-4653-9ac4-44e4858bfe00,2026-08-18T22:15:00Z,2026-08-19T00:15:00+0200,243.98,EUR/MWh,BE,BE,imbalance_price,Short,2026-08-23T11:28:30Z
2026-08-23T11:27:43Z,2026-08-23T13:27:43+0200,aa89dba4-771d-4653-9ac4-44e4858bfe00,2026-08-18T22:30:00Z,2026-08-19T00:30:00+0200,200.0,EUR/MWh,BE,BE,imbalance_price,Long,2026-08-23T11:28:30Z
2026-08-23T11:27:43Z,2026-08-23T13:27:43+0200,aa89dba4-771d-4653-9ac4-44e4858bfe00,2026-08-18T22:30:00Z,2026-08-19T00:30:00+0200,200.0,EUR/MWh,BE,BE,imbalance_price,Short,2026-08-23T11:28:30Z
2026-08-23T11:27:43Z,2026-08-23T13:27:43+0200,aa89dba4-771d-4653-9ac4-44e4858bfe00,2026-08-18T22:45:00Z,2026-08-19T00:45:00+0200,192.56,EUR/MWh,BE,BE,imbalance_price,Long,2026-08-23T11:28:30Z
2026-08-23T11:27:43Z,2026-08-23T13:27:43+0200,aa89dba4-771d-4653-9ac4-44e4858bfe00,2026-08-18T22:45:00Z,2026-08-19T00:45:00+0200,192.56,EUR/MWh,BE,BE,imbalance_price,Short,2026-08-23T11:28:30Z
2026-08-23T11:27:43Z,2026-08-23T13:27:43+0200,aa89dba4-771d-4653-9ac4-44e4858bfe00,2026-08-18T23:00:00Z,2026-08-19T01:00:00+0200,201.84,EUR/MWh,BE,BE,imbalance_price,Long,2026-08-23T11:28:30Z
2026-08-23T11:27:43Z,2026-08-23T13:27:43+0200,aa89dba4-771d-4653-9ac4-44e4858bfe00,2026-08-18T23:00:00Z,2026-08-19T01:00:00+0200,201.84,EUR/MWh,BE,BE,imbalance_price,Short,2026-08-23T11:28:30Z
2026-08-23T11:27:43Z,2026-08-23T13:27:43+0200,aa89dba4-771d-4653-9ac4-44e4858bfe00,2026-08-18T23:15:00Z,2026-08-19T01:15:00+0200,187.56,EUR/MWh,BE,BE,imbalance_price,Long,2026-08-23T11:28:30Z
2026-08-23T11:27:43Z,2026-08-23T13:27:43+0200,aa89dba4-771d-4653-9ac4-44e4858bfe00,2026-08-18T23:15:00Z,2026-08-19T01:15:00+0200,187.56,EUR/MWh,BE,BE,imbalance_price,Short,2026-08-23T11:28:30Z
2026-08-23T11:27:43Z,2026-08-23T13:27:43+0200,aa89dba4-771d-4653-9ac4-44e4858bfe00,2026-08-18T23:30:00Z,2026-08-19T01:30:00+0200,198.62,EUR/MWh,BE,BE,imbalance_price,Long,2026-08-23T11:28:30Z
2026-08-23T11:27:43Z,2026-08-23T13:27:43+0200,aa89dba4-771d-4653-9ac4-44e4858bfe00,2026-08-18T23:30:00Z,2026-08-19T01:30:00+0200,198.62,EUR/MWh,BE,BE,imbalance_price,Short,2026-08-23T11:28:30Z
2026-08-23T11:27:43Z,2026-08-23T13:27:43+0200,aa89dba4-771d-4653-9ac4-44e4858bfe00,2026-08-18T23:45:00Z,2026-08-19T01:45:00+0200,198.88,EUR/MWh,BE,BE,imbalance_price,Long,2026-08-23T11:28:30Z
2026-08-23T11:27:43Z,2026-08-23T13:27:43+0200,aa89dba4-771d-4653-9ac4-44e4858bfe00,2026-08-18T23:45:00Z,2026-08-19T01:45:00+0200,198.88,EUR/MWh,BE,BE,imbalance_price,Short,2026-08-23T11:28:30Z
2026-08-23T11:27:43Z,2026-08-23T13:27:43+0200,aa89dba4-771d-4653-9ac4-44e4858bfe00,2026-08-19T00:00:00Z,2026-08-19T02:00:00+0200,184.08,EUR/MWh,BE,BE,imbalance_price,Long,2026-08-23T11:28:30Z
2026-08-23T11:27:43Z,2026-08-23T13:27:43+0200,aa89dba4-771d-4653-9ac4-44e4858bfe00,2026-08-19T00:00:00Z,2026-08-19T02:00:00+0200,184.08,EUR/MWh,BE,BE,imbalance_price,Short,2026-08-23T11:28:30Z
2026-08-23T11:27:43Z,2026-08-23T13:27:43+0200,aa89dba4-771d-4653-9ac4-44e4858bfe00,2026-08-19T00:15:00Z,2026-08-19T02:15:00+0200,187.64,EUR/MWh,BE,BE,imbalance_price,Long,2026-08-23T11:28:30Z
2026-08-23T11:27:43Z,2026-08-23T13:27:43+0200,aa89dba4-771d-4653-9ac4-44e4858bfe00,2026-08-19T00:15:00Z,2026-08-19T02:15:00+0200,187.64,EUR/MWh,BE,BE,imbalance_price,Short,2026-08-23T11:28:30Z
2026-08-23T11:27:43Z,2026-08-23T13:27:43+0200,aa89dba4-771d-4653-9ac4-44e4858bfe00,2026-08-19T00:30:00Z,2026-08-19T02:30:00+0200,204.07,EUR/MWh,BE,BE,imbalance_price,Long,2026-08-23T11:28:30Z
2026-08-23T11:27:43Z,2026-08-23T13:27:43+0200,aa89dba4-771d-4653-9ac4-44e4858bfe00,2026-08-19T00:30:00Z,2026-08-19T02:30:00+0200,204.07,EUR/MWh,BE,BE,imbalance_price,Short,2026-08-23T11:28:30Z
2026-08-23T11:27:43Z,2026-08-23T13:27:43+0200,aa89dba4-771d-4653-9ac4-44e4858bfe00,2026-08-19T00:45:00Z,2026-08-19T02:45:00+0200,214.71,EUR/MWh,BE,BE,imbalance_price,Long,2026-08-23T11:28:30Z
2026-08-23T11:27:43Z,2026-08-23T13:27:43+0200,aa89dba4-771d-4653-9ac4-44e4858bfe00,2026-08-19T00:45:00Z,2026-08-19T02:45:00+0200,214.71,EUR/MWh,BE,BE,imbalance_price,Short,2026-08-23T11:28:30Z
2026-08-23T11:27:43Z,2026-08-23T13:27:43+0200,aa89dba4-771d-4653-9ac4-44e4858bfe00,2026-08-19T01:00:00Z,2026-08-19T03:00:00+0200,215.73,EUR/MWh,BE,BE,imbalance_price,Long,2026-08-23T11:28:30Z
2026-08-23T11:27:43Z,2026-08-23T13:27:43+0200,aa89dba4-771d-4653-9ac4-44e4858bfe00,2026-08-19T01:00:00Z,2026-08-19T03:00:00+0200,215.73,EUR/MWh,BE,BE,imbalance_price,Short,2026-08-23T11:28:30Z
2026-08-23T11:27:43Z,2026-08-23T13:27:43+0200,aa89dba4-771d-4653-9ac4-44e4858bfe00,2026-08-19T01:15:00Z,2026-08-19T03:15:00+0200,209.32,EUR/MWh,BE,BE,imbalance_price,Long,2026-08-23T11:28:30Z
2026-08-23T11:27:43Z,2026-08-23T13:27:43+0200,aa89dba4-771d-4653-9ac4-44e4858bfe00,2026-08-19T01:15:00Z,2026-08-19T03:15:00+0200,209.32,EUR/MWh,BE,BE,imbalance_price,Short,2026-08-23T11:28:30Z
2026-08-23T11:27:43Z,2026-08-23T13:27:43+0200,aa89dba4-771d-4653-9ac4-44e4858bfe00,2026-08-19T01:30:00Z,2026-08-19T03:30:00+0200,209.83,EUR/MWh,BE,BE,imbalance_price,Long,2026-08-23T11:28:30Z
2026-08-23T11:27:43Z,2026-08-23T13:27:43+0200,aa89dba4-771d-4653-9ac4-44e4858bfe00,2026-08-19T01:30:00Z,2026-08-19T03:30:00+0200,209.83,EUR/MWh,BE,BE,imbalance_price,Short,2026-08-23T11:28:30Z
2026-08-23T11:27:43Z,2026-08-23T13:27:43+0200,aa89dba4-771d-4653-9ac4-44e4858bfe00,2026-08-19T01:45:00Z,2026-08-19T03:45:00+0200,190.0,EUR/MWh,BE,BE,imbalance_price,Long,2026-08-23T11:28:30Z
2026-08-23T11:27:43Z,2026-08-23T13:27:43+0200,aa89dba4-771d-4653-9ac4-44e4858bfe00,2026-08-19T01:45:00Z,2026-08-19T03:45:00+0200,190.0,EUR/MWh,BE,BE,imbalance_price,Short,2026-08-23T11:28:30Z
2026-08-23T11:27:43Z,2026-08-23T13:27:43+0200,aa89dba4-771d-4653-9ac4-44e4858bfe00,2026-08-19T02:00:00Z,2026-08-19T04:00:00+0200,218.15,EUR/MWh,BE,BE,imbalance_price,Long,2026-08-23T11:28:30Z
2026-08-23T11:27:43Z,2026-08-23T13:27:43+0200,aa89dba4-771d-4653-9ac4-44e4858bfe00,2026-08-19T02:00:00Z,2026-08-19T04:00:00+0200,218.15,EUR/MWh,BE,BE,imbalance_price,Short,2026-08-23T11:28:30Z
2026-08-23T11:27:43Z,2026-08-23T13:27:43+0200,aa89dba4-771d-4653-9ac4-44e4858bfe00,2026-08-19T02:15:00Z,2026-08-19T04:15:00+0200,238.35,EUR/MWh,BE,BE,imbalance_price,Long,2026-08-23T11:28:30Z
2026-08-23T11:27:43Z,2026-08-23T13:27:43+0200,aa89dba4-771d-4653-9ac4-44e4858bfe00,2026-08-19T02:15:00Z,2026-08-19T04:15:00+0200,238.35,EUR/MWh,BE,BE,imbalance_price,Short,2026-08-23T11:28:30Z
2026-08-23T11:27:43Z,2026-08-23T13:27:43+0200,aa89dba4-771d-4653-9ac4-44e4858bfe00,2026-08-19T02:30:00Z,2026-08-19T04:30:00+0200,201.76,EUR/MWh,BE,BE,imbalance_price,Long,2026-08-23T11:28:30Z
2026-08-23T11:27:43Z,2026-08-23T13:27:43+0200,aa89dba4-771d-4653-9ac4-44e4858bfe00,2026-08-19T02:30:00Z,2026-08-19T04:30:00+0200,201.76,EUR/MWh,BE,BE,imbalance_price,Short,2026-08-23T11:28:30Z
2026-08-23T11:27:43Z,2026-08-23T13:27:43+0200,aa89dba4-771d-4653-9ac4-44e4858bfe00,2026-08-19T02:45:00Z,2026-08-19T04:45:00+0200,191.97,EUR/MWh,BE,BE,imbalance_price,Long,2026-08-23T11:28:30Z
2026-08-23T11:27:43Z,2026-08-23T13:27:43+0200,aa89dba4-771d-4653-9ac4-44e4858bfe00,2026-08-19T02:45:00Z,2026-08-19T04:45:00+0200,191.97,EUR/MWh,BE,BE,imbalance_price,Short,2026-08-23T11:28:30Z
2026-08-23T11:27:43Z,2026-08-23T13:27:43+0200,aa89dba4-771d-4653-9ac4-44e4858bfe00,2026-08-19T03:00:00Z,2026-08-19T05:00:00+0200,215.44,EUR/MWh,BE,BE,imbalance_price,Long,2026-08-23T11:28:30Z
2026-08-23T11:27:43Z,2026-08-23T13:27:43+0200,aa89dba4-771d-4653-9ac4-44e4858bfe00,2026-08-19T03:00:00Z,2026-08-19T05:00:00+0200,215.44,EUR/MWh,BE,BE,imbalance_price,Short,2026-08-23T11:28:30Z
2026-08-23T11:27:43Z,2026-08-23T13:27:43+0200,aa89dba4-771d-4653-9ac4-44e4858bfe00,2026-08-19T03:15:00Z,2026-08-19T05:15:00+0200,221.61,EUR/MWh,BE,BE,imbalance_price,Long,2026-08-23T11:28:30Z
2026-08-23T11:27:43Z,2026-08-23T13:27:43+0200,aa89dba4-771d-4653-9ac4-44e4858bfe00,2026-08-19T03:15:00Z,2026-08-19T05:15:00+0200,221.61,EUR/MWh,BE,BE,imbalance_price,Short,2026-08-23T11:28:30Z
2026-08-23T11:27:43Z,2026-08-23T13:27:43+0200,aa89dba4-771d-4653-9ac4-44e4858bfe00,2026-08-19T03:30:00Z,2026-08-19T05:30:00+0200,190.0,EUR/MWh,BE,BE,imbalance_price,Long,2026-08-23T11:28:30Z
2026-08-23T11:27:43Z,2026-08-23T13:27:43+0200,aa89dba4-771d-4653-9ac4-44e4858bfe00,2026-08-19T03:30:00Z,2026-08-19T05:30:00+0200,190.0,EUR/MWh,BE,BE,imbalance_price,Short,2026-08-23T11:28:30Z
2026-08-23T11:27:43Z,2026-08-23T13:27:43+0200,aa89dba4-771d-4653-9ac4-44e4858bfe00,2026-08-19T03:45:00Z,2026-08-19T05:45:00+0200,180.0,EUR/MWh,BE,BE,imbalance_price,Long,2026-08-23T11:28:30Z
2026-08-23T11:27:43Z,2026-08-23T13:27:43+0200,aa89dba4-771d-4653-9ac4-44e4858bfe00,2026-08-19T03:45:00Z,2026-08-19T05:45:00+0200,180.0,EUR/MWh,BE,BE,imbalance_price,Short,2026-08-23T11:28:30Z
2026-08-23T11:27:43Z,2026-08-23T13:27:43+0200,aa89dba4-771d-4653-9ac4-44e4858bfe00,2026-08-19T04:00:00Z,2026-08-19T06:00:00+0200,149.06,EUR/MWh,BE,BE,imbalance_price,Long,2026-08-23T11:28:30Z
2026-08-23T11:27:43Z,2026-08-23T13:27:43+0200,aa89dba4-771d-4653-9ac4-44e4858bfe00,2026-08-19T04:00:00Z,2026-08-19T06:00:00+0200,149.06,EUR/MWh,BE,BE,imbalance_price,Short,2026-08-23T11:28:30Z
2026-08-23T11:27:43Z,2026-08-23T13:27:43+0200,aa89dba4-771d-4653-9ac4-44e4858bfe00,2026-08-19T04:15:00Z,2026-08-19T06:15:00+0200,141.44,EUR/MWh,BE,BE,imbalance_price,Long,2026-08-23T11:28:30Z
2026-08-23T11:27:43Z,2026-08-23T13:27:43+0200,aa89dba4-771d-4653-9ac4-44e4858bfe00,2026-08-19T04:15:00Z,2026-08-19T06:15:00+0200,141.44,EUR/MWh,BE,BE,imbalance_price,Short,2026-08-23T11:28:30Z
2026-08-23T11:27:43Z,2026-08-23T13:27:43+0200,aa89dba4-771d-4653-9ac4-44e4858bfe00,2026-08-19T04:30:00Z,2026-08-19T06:30:00+0200,129.9,EUR/MWh,BE,BE,imbalance_price,Long,2026-08-23T11:28:30Z
2026-08-23T11:27:43Z,2026-08-23T13:27:43+0200,aa89dba4-771d-4653-9ac4-44e4858bfe00,2026-08-19T04:30:00Z,2026-08-19T06:30:00+0200,129.9,EUR/MWh,BE,BE,imbalance_price,Short,2026-08-23T11:28:30Z
2026-08-23T11:27:43Z,2026-08-23T13:27:43+0200,aa89dba4-771d-4653-9ac4-44e4858bfe00,2026-08-19T04:45:00Z,2026-08-19T06:45:00+0200,132.83,EUR/MWh,BE,BE,imbalance_price,Long,2026-08-23T11:28:30Z
2026-08-23T11:27:43Z,2026-08-23T13:27:43+0200,aa89dba4-771d-4653-9ac4-44e4858bfe00,2026-08-19T04:45:00Z,2026-08-19T06:45:00+0200,132.83,EUR/MWh,BE,BE,imbalance_price,Short,2026-08-23T11:28:30Z
2026-08-23T11:27:43Z,2026-08-23T13:27:43+0200,aa89dba4-771d-4653-9ac4-44e4858bfe00,2026-08-19T05:00:00Z,2026-08-19T07:00:00+0200,153.25,EUR/MWh,BE,BE,imbalance_price,Long,2026-08-23T11:28:30Z
2026-08-23T11:27:43Z,2026-08-23T13:27:43+0200,aa89dba4-771d-4653-9ac4-44e4858bfe00,2026-08-19T05:00:00Z,2026-08-19T07:00:00+0200,153.25,EUR/MWh,BE,BE,imbalance_price,Short,2026-08-23T11:28:30Z
2026-08-23T11:27:43Z,2026-08-23T13:27:43+0200,aa89dba4-771d-4653-9ac4-44e4858bfe00,2026-08-19T05:15:00Z,2026-08-19T07:15:00+0200,129.29,EUR/MWh,BE,BE,imbalance_price,Long,2026-08-23T11:28:30Z
2026-08-23T11:27:43Z,2026-08-23T13:27:43+0200,aa89dba4-771d-4653-9ac4-44e4858bfe00,2026-08-19T05:15:00Z,2026-08-19T07:15:00+0200,129.29,EUR/MWh,BE,BE,imbalance_price,Short,2026-08-23T11:28:30Z
2026-08-23T11:27:43Z,2026-08-23T13:27:43+0200,aa89dba4-771d-4653-9ac4-44e4858bfe00,2026-08-19T05:30:00Z,2026-08-19T07:30:00+0200,123.06,EUR/MWh,BE,BE,imbalance_price,Long,2026-08-23T11:28:30Z
2026-08-23T11:27:43Z,2026-08-23T13:27:43+0200,aa89dba4-771d-4653-9ac4-44e4858bfe00,2026-08-19T05:30:00Z,2026-08-19T07:30:00+0200,123.06,EUR/MWh,BE,BE,imbalance_price,Short,2026-08-23T11:28:30Z
2026-08-23T11:27:43Z,2026-08-23T13:27:43+0200,aa89dba4-771d-4653-9ac4-44e4858bfe00,2026-08-19T05:45:00Z,2026-08-19T07:45:00+0200,190.92,EUR/MWh,BE,BE,imbalance_price,Long,2026-08-23T11:28:30Z
2026-08-23T11:27:43Z,2026-08-23T13:27:43+0200,aa89dba4-771d-4653-9ac4-44e4858bfe00,2026-08-19T05:45:00Z,2026-08-19T07:45:00+0200,190.92,EUR/MWh,BE,BE,imbalance_price,Short,2026-08-23T11:28:30Z
2026-08-23T11:27:43Z,2026-08-23T13:27:43+0200,aa89dba4-771d-4653-9ac4-44e4858bfe00,2026-08-19T06:00:00Z,2026-08-19T08:00:00+0200,186.16,EUR/MWh,BE,BE,imbalance_price,Long,2026-08-23T11:28:30Z
2026-08-23T11:27:43Z,2026-08-23T13:27:43+0200,aa89dba4-771d-4653-9ac4-44e4858bfe00,2026-08-19T06:00:00Z,2026-08-19T08:00:00+0200,186.16,EUR/MWh,BE,BE,imbalance_price,Short,2026-08-23T11:28:30Z
2026-08-23T11:27:43Z,2026-08-23T13:27:43+0200,aa89dba4-771d-4653-9ac4-44e4858bfe00,2026-08-19T06:15:00Z,2026-08-19T08:15:00+0200,176.3,EUR/MWh,BE,BE,imbalance_price,Long,2026-08-23T11:28:30Z
2026-08-23T11:27:43Z,2026-08-23T13:27:43+0200,aa89dba4-771d-4653-9ac4-44e4858bfe00,2026-08-19T06:15:00Z,2026-08-19T08:15:00+0200,176.3,EUR/MWh,BE,BE,imbalance_price,Short,2026-08-23T11:28:30Z
2026-08-23T11:27:43Z,2026-08-23T13:27:43+0200,aa89dba4-771d-4653-9ac4-44e4858bfe00,2026-08-19T06:30:00Z,2026-08-19T08:30:00+0200,139.14,EUR/MWh,BE,BE,imbalance_price,Long,2026-08-23T11:28:30Z
2026-08-23T11:27:43Z,2026-08-23T13:27:43+0200,aa89dba4-771d-4653-9ac4-44e4858bfe00,2026-08-19T06:30:00Z,2026-08-19T08:30:00+0200,139.14,EUR/MWh,BE,BE,imbalance_price,Short,2026-08-23T11:28:30Z
2026-08-23T11:27:43Z,2026-08-23T13:27:43+0200,aa89dba4-771d-4653-9ac4-44e4858bfe00,2026-08-19T06:45:00Z,2026-08-19T08:45:00+0200,137.53,EUR/MWh,BE,BE,imbalance_price,Long,2026-08-23T11:28:30Z
2026-08-23T11:27:43Z,2026-08-23T13:27:43+0200,aa89dba4-771d-4653-9ac4-44e4858bfe00,2026-08-19T06:45:00Z,2026-08-19T08:45:00+0200,137.53,EUR/MWh,BE,BE,imbalance_price,Short,2026-08-23T11:28:30Z
2026-08-23T11:27:43Z,2026-08-23T13:27:43+0200,aa89dba4-771d-4653-9ac4-44e4858bfe00,2026-08-19T07:00:00Z,2026-08-19T09:00:00+0200,130.76,EUR/MWh,BE,BE,imbalance_price,Long,2026-08-23T11:28:30Z
2026-08-23T11:27:43Z,2026-08-23T13:27:43+0200,aa89dba4-771d-4653-9ac4-44e4858bfe00,2026-08-19T07:00:00Z,2026-08-19T09:00:00+0200,130.76,EUR/MWh,BE,BE,imbalance_price,Short,2026-08-23T11:28:30Z
2026-08-23T11:27:43Z,2026-08-23T13:27:43+0200,aa89dba4-771d-4653-9ac4-44e4858bfe00,2026-08-19T07:15:00Z,2026-08-19T09:15:00+0200,123.51,EUR/MWh,BE,BE,imbalance_price,Long,2026-08-23T11:28:30Z
2026-08-23T11:27:43Z,2026-08-23T13:27:43+0200,aa89dba4-771d-4653-9ac4-44e4858bfe00,2026-08-19T07:15:00Z,2026-08-19T09:15:00+0200,123.51,EUR/MWh,BE,BE,imbalance_price,Short,2026-08-23T11:28:30Z
2026-08-23T11:27:43Z,2026-08-23T13:27:43+0200,aa89dba4-771d-4653-9ac4-44e4858bfe00,2026-08-19T07:30:00Z,2026-08-19T09:30:00+0200,131.0,EUR/MWh,BE,BE,imbalance_price,Long,2026-08-23T11:28:30Z
2026-08-23T11:27:43Z,2026-08-23T13:27:43+0200,aa89dba4-771d-4653-9ac4-44e4858bfe00,2026-08-19T07:30:00Z,2026-08-19T09:30:00+0200,131.0,EUR/MWh,BE,BE,imbalance_price,Short,2026-08-23T11:28:30Z
2026-08-23T11:27:43Z,2026-08-23T13:27:43+0200,aa89dba4-771d-4653-9ac4-44e4858bfe00,2026-08-19T07:45:00Z,2026-08-19T09:45:00+0200,123.64,EUR/MWh,BE,BE,imbalance_price,Long,2026-08-23T11:28:30Z
2026-08-23T11:27:43Z,2026-08-23T13:27:43+0200,aa89dba4-771d-4653-9ac4-44e4858bfe00,2026-08-19T07:45:00Z,2026-08-19T09:45:00+0200,123.64,EUR/MWh,BE,BE,imbalance_price,Short,2026-08-23T11:28:30Z
2026-08-23T11:27:43Z,2026-08-23T13:27:43+0200,aa89dba4-771d-4653-9ac4-44e4858bfe00,2026-08-19T08:00:00Z,2026-08-19T10:00:00+0200,106.28,EUR/MWh,BE,BE,imbalance_price,Long,2026-08-23T11:28:30Z
2026-08-23T11:27:43Z,2026-08-23T13:27:43+0200,aa89dba4-771d-4653-9ac4-44e4858bfe00,2026-08-19T08:00:00Z,2026-08-19T10:00:00+0200,106.28,EUR/MWh,BE,BE,imbalance_price,Short,2026-08-23T11:28:30Z
2026-08-23T11:27:43Z,2026-08-23T13:27:43+0200,aa89dba4-771d-4653-9ac4-44e4858bfe00,2026-08-19T08:15:00Z,2026-08-19T10:15:00+0200,115.91,EUR/MWh,BE,BE,imbalance_price,Long,2026-08-23T11:28:30Z
2026-08-23T11:27:43Z,2026-08-23T13:27:43+0200,aa89dba4-771d-4653-9ac4-44e4858bfe00,2026-08-19T08:15:00Z,2026-08-19T10:15:00+0200,115.91,EUR/MWh,BE,BE,imbalance_price,Short,2026-08-23T11:28:30Z
2026-08-23T11:27:43Z,2026-08-23T13:27:43+0200,aa89dba4-771d-4653-9ac4-44e4858bfe00,2026-08-19T08:30:00Z,2026-08-19T10:30:00+0200,124.51,EUR/MWh,BE,BE,imbalance_price,Long,2026-08-23T11:28:30Z
2026-08-23T11:27:43Z,2026-08-23T13:27:43+0200,aa89dba4-771d-4653-9ac4-44e4858bfe00,2026-08-19T08:30:00Z,2026-08-19T10:30:00+0200,124.51,EUR/MWh,BE,BE,imbalance_price,Short,2026-08-23T11:28:30Z
2026-08-23T11:27:43Z,2026-08-23T13:27:43+0200,aa89dba4-771d-4653-9ac4-44e4858bfe00,2026-08-19T08:45:00Z,2026-08-19T10:45:00+0200,137.37,EUR/MWh,BE,BE,imbalance_price,Long,2026-08-23T11:28:30Z
2026-08-23T11:27:43Z,2026-08-23T13:27:43+0200,aa89dba4-771d-4653-9ac4-44e4858bfe00,2026-08-19T08:45:00Z,2026-08-19T10:45:00+0200,137.37,EUR/MWh,BE,BE,imbalance_price,Short,2026-08-23T11:28:30Z
2026-08-23T11:27:43Z,2026-08-23T13:27:43+0200,aa89dba4-771d-4653-9ac4-44e4858bfe00,2026-08-19T09:00:00Z,2026-08-19T11:00:00+0200,73.09,EUR/MWh,BE,BE,imbalance_price,Long,2026-08-23T11:28:30Z
2026-08-23T11:27:43Z,2026-08-23T13:27:43+0200,aa89dba4-771d-4653-9ac4-44e4858bfe00,2026-08-19T09:00:00Z,2026-08-19T11:00:00+0200,73.09,EUR/MWh,BE,BE,imbalance_price,Short,2026-08-23T11:28:30Z
2026-08-23T11:27:43Z,2026-08-23T13:27:43+0200,aa89dba4-771d-4653-9ac4-44e4858bfe00,2026-08-19T09:15:00Z,2026-08-19T11:15:00+0200,87.9,EUR/MWh,BE,BE,imbalance_price,Long,2026-08-23T11:28:30Z
2026-08-23T11:27:43Z,2026-08-23T13:27:43+0200,aa89dba4-771d-4653-9ac4-44e4858bfe00,2026-08-19T09:15:00Z,2026-08-19T11:15:00+0200,87.9,EUR/MWh,BE,BE,imbalance_price,Short,2026-08-23T11:28:30Z
2026-08-23T11:27:43Z,2026-08-23T13:27:43+0200,aa89dba4-771d-4653-9ac4-44e4858bfe00,2026-08-19T09:30:00Z,2026-08-19T11:30:00+0200,109.5,EUR/MWh,BE,BE,imbalance_price,Long,2026-08-23T11:28:30Z
2026-08-23T11:27:43Z,2026-08-23T13:27:43+0200,aa89dba4-771d-4653-9ac4-44e4858bfe00,2026-08-19T09:30:00Z,2026-08-19T11:30:00+0200,109.5,EUR/MWh,BE,BE,imbalance_price,Short,2026-08-23T11:28:30Z
2026-08-23T11:27:43Z,2026-08-23T13:27:43+0200,aa89dba4-771d-4653-9ac4-44e4858bfe00,2026-08-19T09:45:00Z,2026-08-19T11:45:00+0200,120.14,EUR/MWh,BE,BE,imbalance_price,Long,2026-08-23T11:28:30Z
2026-08-23T11:27:43Z,2026-08-23T13:27:43+0200,aa89dba4-771d-4653-9ac4-44e4858bfe00,2026-08-19T09:45:00Z,2026-08-19T11:45:00+0200,120.14,EUR/MWh,BE,BE,imbalance_price,Short,2026-08-23T11:28:30Z
2026-08-23T11:27:43Z,2026-08-23T13:27:43+0200,aa89dba4-771d-4653-9ac4-44e4858bfe00,2026-08-19T10:00:00Z,2026-08-19T12:00:00+0200,118.52,EUR/MWh,BE,BE,imbalance_price,Long,2026-08-23T11:28:30Z
2026-08-23T11:27:43Z,2026-08-23T13:27:43+0200,aa89dba4-771d-4653-9ac4-44e4858bfe00,2026-08-19T10:00:00Z,2026-08-19T12:00:00+0200,118.52,EUR/MWh,BE,BE,imbalance_price,Short,2026-08-23T11:28:30Z
2026-08-23T11:27:43Z,2026-08-23T13:27:43+0200,aa89dba4-771d-4653-9ac4-44e4858bfe00,2026-08-19T10:15:00Z,2026-08-19T12:15:00+0200,139.82,EUR/MWh,BE,BE,imbalance_price,Long,2026-08-23T11:28:30Z
2026-08-23T11:27:43Z,2026-08-23T13:27:43+0200,aa89dba4-771d-4653-9ac4-44e4858bfe00,2026-08-19T10:15:00Z,2026-08-19T12:15:00+0200,139.82,EUR/MWh,BE,BE,imbalance_price,Short,2026-08-23T11:28:30Z
2026-08-23T11:27:43Z,2026-08-23T13:27:43+0200,aa89dba4-771d-4653-9ac4-44e4858bfe00,2026-08-19T10:30:00Z,2026-08-19T12:30:00+0200,151.62,EUR/MWh,BE,BE,imbalance_price,Long,2026-08-23T11:28:30Z
2026-08-23T11:27:43Z,2026-08-23T13:27:43+0200,aa89dba4-771d-4653-9ac4-44e4858bfe00,2026-08-19T10:30:00Z,2026-08-19T12:30:00+0200,151.62,EUR/MWh,BE,BE,imbalance_price,Short,2026-08-23T11:28:30Z
2026-08-23T11:27:43Z,2026-08-23T13:27:43+0200,aa89dba4-771d-4653-9ac4-44e4858bfe00,2026-08-19T10:45:00Z,2026-08-19T12:45:00+0200,131.7,EUR/MWh,BE,BE,imbalance_price,Long,2026-08-23T11:28:30Z
2026-08-23T11:27:43Z,2026-08-23T13:27:43+0200,aa89dba4-771d-4653-9ac4-44e4858bfe00,2026-08-19T10:45:00Z,2026-08-19T12:45:00+0200,131.7,EUR/MWh,BE,BE,imbalance_price,Short,2026-08-23T11:28:30Z
2026-08-23T11:27:43Z,2026-08-23T13:27:43+0200,aa89dba4-771d-4653-9ac4-44e4858bfe00,2026-08-19T11:00:00Z,2026-08-19T13:00:00+0200,146.9,EUR/MWh,BE,BE,imbalance_price,Long,2026-08-23T11:28:30Z
2026-08-23T11:27:43Z,2026-08-23T13:27:43+0200,aa89dba4-771d-4653-9ac4-44e4858bfe00,2026-08-19T11:00:00Z,2026-08-19T13:00:00+0200,146.9,EUR/MWh,BE,BE,imbalance_price,Short,2026-08-23T11:28:30Z
2026-08-23T11:27:43Z,2026-08-23T13:27:43+0200,aa89dba4-771d-4653-9ac4-44e4858bfe00,2026-08-19T11:15:00Z,2026-08-19T13:15:00+0200,163.08,EUR/MWh,BE,BE,imbalance_price,Long,2026-08-23T11:28:30Z
2026-08-23T11:27:43Z,2026-08-23T13:27:43+0200,aa89dba4-771d-4653-9ac4-44e4858bfe00,2026-08-19T11:15:00Z,2026-08-19T13:15:00+0200,163.08,EUR/MWh,BE,BE,imbalance_price,Short,2026-08-23T11:28:30Z
2026-08-23T11:27:43Z,2026-08-23T13:27:43+0200,aa89dba4-771d-4653-9ac4-44e4858bfe00,2026-08-19T11:30:00Z,2026-08-19T13:30:00+0200,158.51,EUR/MWh,BE,BE,imbalance_price,Long,2026-08-23T11:28:30Z
2026-08-23T11:27:43Z,2026-08-23T13:27:43+0200,aa89dba4-771d-4653-9ac4-44e4858bfe00,2026-08-19T11:30:00Z,2026-08-19T13:30:00+0200,158.51,EUR/MWh,BE,BE,imbalance_price,Short,2026-08-23T11:28:30Z
2026-08-23T11:27:43Z,2026-08-23T13:27:43+0200,aa89dba4-771d-4653-9ac4-44e4858bfe00,2026-08-19T11:45:00Z,2026-08-19T13:45:00+0200,171.84,EUR/MWh,BE,BE,imbalance_price,Long,2026-08-23T11:28:30Z
2026-08-23T11:27:43Z,2026-08-23T13:27:43+0200,aa89dba4-771d-4653-9ac4-44e4858bfe00,2026-08-19T11:45:00Z,2026-08-19T13:45:00+0200,171.84,EUR/MWh,BE,BE,imbalance_price,Short,2026-08-23T11:28:30Z
2026-08-23T11:27:43Z,2026-08-23T13:27:43+0200,aa89dba4-771d-4653-9ac4-44e4858bfe00,2026-08-19T12:00:00Z,2026-08-19T14:00:00+0200,176.06,EUR/MWh,BE,BE,imbalance_price,Long,2026-08-23T11:28:30Z
2026-08-23T11:27:43Z,2026-08-23T13:27:43+0200,aa89dba4-771d-4653-9ac4-44e4858bfe00,2026-08-19T12:00:00Z,2026-08-19T14:00:00+0200,176.06,EUR/MWh,BE,BE,imbalance_price,Short,2026-08-23T11:28:30Z
2026-08-23T11:27:43Z,2026-08-23T13:27:43+0200,aa89dba4-771d-4653-9ac4-44e4858bfe00,2026-08-19T12:15:00Z,2026-08-19T14:15:00+0200,172.32,EUR/MWh,BE,BE,imbalance_price,Long,2026-08-23T11:28:30Z
2026-08-23T11:27:43Z,2026-08-23T13:27:43+0200,aa89dba4-771d-4653-9ac4-44e4858bfe00,2026-08-19T12:15:00Z,2026-08-19T14:15:00+0200,172.32,EUR/MWh,BE,BE,imbalance_price,Short,2026-08-23T11:28:30Z
2026-08-23T11:27:43Z,2026-08-23T13:27:43+0200,aa89dba4-771d-4653-9ac4-44e4858bfe00,2026-08-19T12:30:00Z,2026-08-19T14:30:00+0200,198.79,EUR/MWh,BE,BE,imbalance_price,Long,2026-08-23T11:28:30Z
2026-08-23T11:27:43Z,2026-08-23T13:27:43+0200,aa89dba4-771d-4653-9ac4-44e4858bfe00,2026-08-19T12:30:00Z,2026-08-19T14:30:00+0200,198.79,EUR/MWh,BE,BE,imbalance_price,Short,2026-08-23T11:28:30Z
2026-08-23T11:27:43Z,2026-08-23T13:27:43+0200,aa89dba4-771d-4653-9ac4-44e4858bfe00,2026-08-19T12:45:00Z,2026-08-19T14:45:00+0200,190.34,EUR/MWh,BE,BE,imbalance_price,Long,2026-08-23T11:28:30Z
2026-08-23T11:27:43Z,2026-08-23T13:27:43+0200,aa89dba4-771d-4653-9ac4-44e4858bfe00,2026-08-19T12:45:00Z,2026-08-19T14:45:00+0200,190.34,EUR/MWh,BE,BE,imbalance_price,Short,2026-08-23T11:28:30Z
2026-08-23T11:27:43Z,2026-08-23T13:27:43+0200,aa89dba4-771d-4653-9ac4-44e4858bfe00,2026-08-19T13:00:00Z,2026-08-19T15:00:00+0200,220.13,EUR/MWh,BE,BE,imbalance_price,Long,2026-08-23T11:28:30Z
2026-08-23T11:27:43Z,2026-08-23T13:27:43+0200,aa89dba4-771d-4653-9ac4-44e4858bfe00,2026-08-19T13:00:00Z,2026-08-19T15:00:00+0200,220.13,EUR/MWh,BE,BE,imbalance_price,Short,2026-08-23T11:28:30Z
2026-08-23T11:27:43Z,2026-08-23T13:27:43+0200,aa89dba4-771d-4653-9ac4-44e4858bfe00,2026-08-19T13:15:00Z,2026-08-19T15:15:00+0200,240.89,EUR/MWh,BE,BE,imbalance_price,Long,2026-08-23T11:28:30Z
2026-08-23T11:27:43Z,2026-08-23T13:27:43+0200,aa89dba4-771d-4653-9ac4-44e4858bfe00,2026-08-19T13:15:00Z,2026-08-19T15:15:00+0200,240.89,EUR/MWh,BE,BE,imbalance_price,Short,2026-08-23T11:28:30Z
2026-08-23T11:27:43Z,2026-08-23T13:27:43+0200,aa89dba4-771d-4653-9ac4-44e4858bfe00,2026-08-19T13:30:00Z,2026-08-19T15:30:00+0200,230.6,EUR/MWh,BE,BE,imbalance_price,Long,2026-08-23T11:28:30Z
2026-08-23T11:27:43Z,2026-08-23T13:27:43+0200,aa89dba4-771d-4653-9ac4-44e4858bfe00,2026-08-19T13:30:00Z,2026-08-19T15:30:00+0200,230.6,EUR/MWh,BE,BE,imbalance_price,Short,2026-08-23T11:28:30Z
2026-08-23T11:27:43Z,2026-08-23T13:27:43+0200,aa89dba4-771d-4653-9ac4-44e4858bfe00,2026-08-19T13:45:00Z,2026-08-19T15:45:00+0200,181.48,EUR/MWh,BE,BE,imbalance_price,Long,2026-08-23T11:28:30Z
2026-08-23T11:27:43Z,2026-08-23T13:27:43+0200,aa89dba4-771d-4653-9ac4-44e4858bfe00,2026-08-19T13:45:00Z,2026-08-19T15:45:00+0200,181.48,EUR/MWh,BE,BE,imbalance_price,Short,2026-08-23T11:28:30Z
2026-08-23T11:27:43Z,2026-08-23T13:27:43+0200,aa89dba4-771d-4653-9ac4-44e4858bfe00,2026-08-19T14:00:00Z,2026-08-19T16:00:00+0200,201.77,EUR/MWh,BE,BE,imbalance_price,Long,2026-08-23T11:28:30Z
2026-08-23T11:27:43Z,2026-08-23T13:27:43+0200,aa89dba4-771d-4653-9ac4-44e4858bfe00,2026-08-19T14:00:00Z,2026-08-19T16:00:00+0200,201.77,EUR/MWh,BE,BE,imbalance_price,Short,2026-08-23T11:28:30Z
2026-08-23T11:27:43Z,2026-08-23T13:27:43+0200,aa89dba4-771d-4653-9ac4-44e4858bfe00,2026-08-19T14:15:00Z,2026-08-19T16:15:00+0200,200.53,EUR/MWh,BE,BE,imbalance_price,Long,2026-08-23T11:28:30Z
2026-08-23T11:27:43Z,2026-08-23T13:27:43+0200,aa89dba4-771d-4653-9ac4-44e4858bfe00,2026-08-19T14:15:00Z,2026-08-19T16:15:00+0200,200.53,EUR/MWh,BE,BE,imbalance_price,Short,2026-08-23T11:28:30Z
2026-08-23T11:27:43Z,2026-08-23T13:27:43+0200,aa89dba4-771d-4653-9ac4-44e4858bfe00,2026-08-19T14:30:00Z,2026-08-19T16:30:00+0200,195.02,EUR/MWh,BE,BE,imbalance_price,Long,2026-08-23T11:28:30Z
2026-08-23T11:27:43Z,2026-08-23T13:27:43+0200,aa89dba4-771d-4653-9ac4-44e4858bfe00,2026-08-19T14:30:00Z,2026-08-19T16:30:00+0200,195.02,EUR/MWh,BE,BE,imbalance_price,Short,2026-08-23T11:28:30Z
2026-08-23T11:27:43Z,2026-08-23T13:27:43+0200,aa89dba4-771d-4653-9ac4-44e4858bfe00,2026-08-19T14:45:00Z,2026-08-19T16:45:00+0200,200.0,EUR/MWh,BE,BE,imbalance_price,Long,2026-08-23T11:28:30Z
2026-08-23T11:27:43Z,2026-08-23T13:27:43+0200,aa89dba4-771d-4653-9ac4-44e4858bfe00,2026-08-19T14:45:00Z,2026-08-19T16:45:00+0200,200.0,EUR/MWh,BE,BE,imbalance_price,Short,2026-08-23T11:28:30Z
2026-08-23T11:27:43Z,2026-08-23T13:27:43+0200,aa89dba4-771d-4653-9ac4-44e4858bfe00,2026-08-19T15:00:00Z,2026-08-19T17:00:00+0200,221.98,EUR/MWh,BE,BE,imbalance_price,Long,2026-08-23T11:28:30Z
2026-08-23T11:27:43Z,2026-08-23T13:27:43+0200,aa89dba4-771d-4653-9ac4-44e4858bfe00,2026-08-19T15:00:00Z,2026-08-19T17:00:00+0200,221.98,EUR/MWh,BE,BE,imbalance_price,Short,2026-08-23T11:28:30Z
2026-08-23T11:27:43Z,2026-08-23T13:27:43+0200,aa89dba4-771d-4653-9ac4-44e4858bfe00,2026-08-19T15:15:00Z,2026-08-19T17:15:00+0200,248.91,EUR/MWh,BE,BE,imbalance_price,Long,2026-08-23T11:28:30Z
2026-08-23T11:27:43Z,2026-08-23T13:27:43+0200,aa89dba4-771d-4653-9ac4-44e4858bfe00,2026-08-19T15:15:00Z,2026-08-19T17:15:00+0200,248.91,EUR/MWh,BE,BE,imbalance_price,Short,2026-08-23T11:28:30Z
2026-08-23T11:27:43Z,2026-08-23T13:27:43+0200,aa89dba4-771d-4653-9ac4-44e4858bfe00,2026-08-19T15:30:00Z,2026-08-19T17:30:00+0200,277.7,EUR/MWh,BE,BE,imbalance_price,Long,2026-08-23T11:28:30Z
2026-08-23T11:27:43Z,2026-08-23T13:27:43+0200,aa89dba4-771d-4653-9ac4-44e4858bfe00,2026-08-19T15:30:00Z,2026-08-19T17:30:00+0200,277.7,EUR/MWh,BE,BE,imbalance_price,Short,2026-08-23T11:28:30Z
2026-08-23T11:27:43Z,2026-08-23T13:27:43+0200,aa89dba4-771d-4653-9ac4-44e4858bfe00,2026-08-19T15:45:00Z,2026-08-19T17:45:00+0200,294.02,EUR/MWh,BE,BE,imbalance_price,Long,2026-08-23T11:28:30Z
2026-08-23T11:27:43Z,2026-08-23T13:27:43+0200,aa89dba4-771d-4653-9ac4-44e4858bfe00,2026-08-19T15:45:00Z,2026-08-19T17:45:00+0200,294.02,EUR/MWh,BE,BE,imbalance_price,Short,2026-08-23T11:28:30Z
2026-08-23T11:27:43Z,2026-08-23T13:27:43+0200,aa89dba4-771d-4653-9ac4-44e4858bfe00,2026-08-19T16:00:00Z,2026-08-19T18:00:00+0200,285.93,EUR/MWh,BE,BE,imbalance_price,Long,2026-08-23T11:28:30Z
2026-08-23T11:27:43Z,2026-08-23T13:27:43+0200,aa89dba4-771d-4653-9ac4-44e4858bfe00,2026-08-19T16:00:00Z,2026-08-19T18:00:00+0200,285.93,EUR/MWh,BE,BE,imbalance_price,Short,2026-08-23T11:28:30Z
2026-08-23T11:27:43Z,2026-08-23T13:27:43+0200,aa89dba4-771d-4653-9ac4-44e4858bfe00,2026-08-19T16:15:00Z,2026-08-19T18:15:00+0200,266.4,EUR/MWh,BE,BE,imbalance_price,Long,2026-08-23T11:28:30Z
2026-08-23T11:27:43Z,2026-08-23T13:27:43+0200,aa89dba4-771d-4653-9ac4-44e4858bfe00,2026-08-19T16:15:00Z,2026-08-19T18:15:00+0200,266.4,EUR/MWh,BE,BE,imbalance_price,Short,2026-08-23T11:28:30Z
2026-08-23T11:27:43Z,2026-08-23T13:27:43+0200,aa89dba4-771d-4653-9ac4-44e4858bfe00,2026-08-19T16:30:00Z,2026-08-19T18:30:00+0200,294.56,EUR/MWh,BE,BE,imbalance_price,Long,2026-08-23T11:28:30Z
2026-08-23T11:27:43Z,2026-08-23T13:27:43+0200,aa89dba4-771d-4653-9ac4-44e4858bfe00,2026-08-19T16:30:00Z,2026-08-19T18:30:00+0200,294.56,EUR/MWh,BE,BE,imbalance_price,Short,2026-08-23T11:28:30Z
2026-08-23T11:27:43Z,2026-08-23T13:27:43+0200,aa89dba4-771d-4653-9ac4-44e4858bfe00,2026-08-19T16:45:00Z,2026-08-19T18:45:00+0200,269.73,EUR/MWh,BE,BE,imbalance_price,Long,2026-08-23T11:28:30Z
2026-08-23T11:27:43Z,2026-08-23T13:27:43+0200,aa89dba4-771d-4653-9ac4-44e4858bfe00,2026-08-19T16:45:00Z,2026-08-19T18:45:00+0200,269.73,EUR/MWh,BE,BE,imbalance_price,Short,2026-08-23T11:28:30Z
2026-08-23T11:27:43Z,2026-08-23T13:27:43+0200,aa89dba4-771d-4653-9ac4-44e4858bfe00,2026-08-19T17:00:00Z,2026-08-19T19:00:00+0200,274.5,EUR/MWh,BE,BE,imbalance_price,Long,2026-08-23T11:28:30Z
2026-08-23T11:27:43Z,2026-08-23T13:27:43+0200,aa89dba4-771d-4653-9ac4-44e4858bfe00,2026-08-19T17:00:00Z,2026-08-19T19:00:00+0200,274.5,EUR/MWh,BE,BE,imbalance_price,Short,2026-08-23T11:28:30Z
2026-08-23T11:27:43Z,2026-08-23T13:27:43+0200,aa89dba4-771d-4653-9ac4-44e4858bfe00,2026-08-19T17:15:00Z,2026-08-19T19:15:00+0200,291.06,EUR/MWh,BE,BE,imbalance_price,Long,2026-08-23T11:28:30Z
2026-08-23T11:27:43Z,2026-08-23T13:27:43+0200,aa89dba4-771d-4653-9ac4-44e4858bfe00,2026-08-19T17:15:00Z,2026-08-19T19:15:00+0200,291.06,EUR/MWh,BE,BE,imbalance_price,Short,2026-08-23T11:28:30Z
2026-08-23T11:27:43Z,2026-08-23T13:27:43+0200,aa89dba4-771d-4653-9ac4-44e4858bfe00,2026-08-19T17:30:00Z,2026-08-19T19:30:00+0200,225.0,EUR/MWh,BE,BE,imbalance_price,Long,2026-08-23T11:28:30Z
2026-08-23T11:27:43Z,2026-08-23T13:27:43+0200,aa89dba4-771d-4653-9ac4-44e4858bfe00,2026-08-19T17:30:00Z,2026-08-19T19:30:00+0200,225.0,EUR/MWh,BE,BE,imbalance_price,Short,2026-08-23T11:28:30Z
2026-08-23T11:27:43Z,2026-08-23T13:27:43+0200,aa89dba4-771d-4653-9ac4-44e4858bfe00,2026-08-19T17:45:00Z,2026-08-19T19:45:00+0200,225.0,EUR/MWh,BE,BE,imbalance_price,Long,2026-08-23T11:28:30Z
2026-08-23T11:27:43Z,2026-08-23T13:27:43+0200,aa89dba4-771d-4653-9ac4-44e4858bfe00,2026-08-19T17:45:00Z,2026-08-19T19:45:00+0200,225.0,EUR/MWh,BE,BE,imbalance_price,Short,2026-08-23T11:28:30Z
2026-08-23T11:27:43Z,2026-08-23T13:27:43+0200,aa89dba4-771d-4653-9ac4-44e4858bfe00,2026-08-19T18:00:00Z,2026-08-19T20:00:00+0200,402.3,EUR/MWh,BE,BE,imbalance_price,Long,2026-08-23T11:28:30Z
2026-08-23T11:27:43Z,2026-08-23T13:27:43+0200,aa89dba4-771d-4653-9ac4-44e4858bfe00,2026-08-19T18:00:00Z,2026-08-19T20:00:00+0200,402.3,EUR/MWh,BE,BE,imbalance_price,Short,2026-08-23T11:28:30Z
2026-08-23T11:27:43Z,2026-08-23T13:27:43+0200,aa89dba4-771d-4653-9ac4-44e4858bfe00,2026-08-19T18:15:00Z,2026-08-19T20:15:00+0200,225.0,EUR/MWh,BE,BE,imbalance_price,Long,2026-08-23T11:28:30Z
2026-08-23T11:27:43Z,2026-08-23T13:27:43+0200,aa89dba4-771d-4653-9ac4-44e4858bfe00,2026-08-19T18:15:00Z,2026-08-19T20:15:00+0200,225.0,EUR/MWh,BE,BE,imbalance_price,Short,2026-08-23T11:28:30Z
2026-08-23T11:27:43Z,2026-08-23T13:27:43+0200,aa89dba4-771d-4653-9ac4-44e4858bfe00,2026-08-19T18:30:00Z,2026-08-19T20:30:00+0200,224.75,EUR/MWh,BE,BE,imbalance_price,Long,2026-08-23T11:28:30Z
2026-08-23T11:27:43Z,2026-08-23T13:27:43+0200,aa89dba4-771d-4653-9ac4-44e4858bfe00,2026-08-19T18:30:00Z,2026-08-19T20:30:00+0200,224.75,EUR/MWh,BE,BE,imbalance_price,Short,2026-08-23T11:28:30Z
2026-08-23T11:27:43Z,2026-08-23T13:27:43+0200,aa89dba4-771d-4653-9ac4-44e4858bfe00,2026-08-19T18:45:00Z,2026-08-19T20:45:00+0200,202.5,EUR/MWh,BE,BE,imbalance_price,Long,2026-08-23T11:28:30Z
2026-08-23T11:27:43Z,2026-08-23T13:27:43+0200,aa89dba4-771d-4653-9ac4-44e4858bfe00,2026-08-19T18:45:00Z,2026-08-19T20:45:00+0200,202.5,EUR/MWh,BE,BE,imbalance_price,Short,2026-08-23T11:28:30Z
2026-08-23T11:27:43Z,2026-08-23T13:27:43+0200,aa89dba4-771d-4653-9ac4-44e4858bfe00,2026-08-19T19:00:00Z,2026-08-19T21:00:00+0200,214.03,EUR/MWh,BE,BE,imbalance_price,Long,2026-08-23T11:28:30Z
2026-08-23T11:27:43Z,2026-08-23T13:27:43+0200,aa89dba4-771d-4653-9ac4-44e4858bfe00,2026-08-19T19:00:00Z,2026-08-19T21:00:00+0200,214.03,EUR/MWh,BE,BE,imbalance_price,Short,2026-08-23T11:28:30Z
2026-08-23T11:27:43Z,2026-08-23T13:27:43+0200,aa89dba4-771d-4653-9ac4-44e4858bfe00,2026-08-19T19:15:00Z,2026-08-19T21:15:00+0200,225.0,EUR/MWh,BE,BE,imbalance_price,Long,2026-08-23T11:28:30Z
2026-08-23T11:27:43Z,2026-08-23T13:27:43+0200,aa89dba4-771d-4653-9ac4-44e4858bfe00,2026-08-19T19:15:00Z,2026-08-19T21:15:00+0200,225.0,EUR/MWh,BE,BE,imbalance_price,Short,2026-08-23T11:28:30Z
2026-08-23T11:27:43Z,2026-08-23T13:27:43+0200,aa89dba4-771d-4653-9ac4-44e4858bfe00,2026-08-19T19:30:00Z,2026-08-19T21:30:00+0200,171.41,EUR/MWh,BE,BE,imbalance_price,Long,2026-08-23T11:28:30Z
2026-08-23T11:27:43Z,2026-08-23T13:27:43+0200,aa89dba4-771d-4653-9ac4-44e4858bfe00,2026-08-19T19:30:00Z,2026-08-19T21:30:00+0200,171.41,EUR/MWh,BE,BE,imbalance_price,Short,2026-08-23T11:28:30Z
2026-08-23T11:27:43Z,2026-08-23T13:27:43+0200,aa89dba4-771d-4653-9ac4-44e4858bfe00,2026-08-19T19:45:00Z,2026-08-19T21:45:00+0200,134.35,EUR/MWh,BE,BE,imbalance_price,Long,2026-08-23T11:28:30Z
2026-08-23T11:27:43Z,2026-08-23T13:27:43+0200,aa89dba4-771d-4653-9ac4-44e4858bfe00,2026-08-19T19:45:00Z,2026-08-19T21:45:00+0200,134.35,EUR/MWh,BE,BE,imbalance_price,Short,2026-08-23T11:28:30Z
2026-08-23T11:27:43Z,2026-08-23T13:27:43+0200,aa89dba4-771d-4653-9ac4-44e4858bfe00,2026-08-19T20:00:00Z,2026-08-19T22:00:00+0200,149.44,EUR/MWh,BE,BE,imbalance_price,Long,2026-08-23T11:28:30Z
2026-08-23T11:27:43Z,2026-08-23T13:27:43+0200,aa89dba4-771d-4653-9ac4-44e4858bfe00,2026-08-19T20:00:00Z,2026-08-19T22:00:00+0200,149.44,EUR/MWh,BE,BE,imbalance_price,Short,2026-08-23T11:28:30Z
2026-08-23T11:27:43Z,2026-08-23T13:27:43+0200,aa89dba4-771d-4653-9ac4-44e4858bfe00,2026-08-19T20:15:00Z,2026-08-19T22:15:00+0200,137.51,EUR/MWh,BE,BE,imbalance_price,Long,2026-08-23T11:28:30Z
2026-08-23T11:27:43Z,2026-08-23T13:27:43+0200,aa89dba4-771d-4653-9ac4-44e4858bfe00,2026-08-19T20:15:00Z,2026-08-19T22:15:00+0200,137.51,EUR/MWh,BE,BE,imbalance_price,Short,2026-08-23T11:28:30Z
2026-08-23T11:27:43Z,2026-08-23T13:27:43+0200,aa89dba4-771d-4653-9ac4-44e4858bfe00,2026-08-19T20:30:00Z,2026-08-19T22:30:00+0200,169.32,EUR/MWh,BE,BE,imbalance_price,Long,2026-08-23T11:28:30Z
2026-08-23T11:27:43Z,2026-08-23T13:27:43+0200,aa89dba4-771d-4653-9ac4-44e4858bfe00,2026-08-19T20:30:00Z,2026-08-19T22:30:00+0200,169.32,EUR/MWh,BE,BE,imbalance_price,Short,2026-08-23T11:28:30Z
2026-08-23T11:27:43Z,2026-08-23T13:27:43+0200,aa89dba4-771d-4653-9ac4-44e4858bfe00,2026-08-19T20:45:00Z,2026-08-19T22:45:00+0200,184.89,EUR/MWh,BE,BE,imbalance_price,Long,2026-08-23T11:28:30Z
2026-08-23T11:27:43Z,2026-08-23T13:27:43+0200,aa89dba4-771d-4653-9ac4-44e4858bfe00,2026-08-19T20:45:00Z,2026-08-19T22:45:00+0200,184.89,EUR/MWh,BE,BE,imbalance_price,Short,2026-08-23T11:28:30Z
2026-08-23T11:27:43Z,2026-08-23T13:27:43+0200,aa89dba4-771d-4653-9ac4-44e4858bfe00,2026-08-19T21:00:00Z,2026-08-19T23:00:00+0200,154.64,EUR/MWh,BE,BE,imbalance_price,Long,2026-08-23T11:28:30Z
2026-08-23T11:27:43Z,2026-08-23T13:27:43+0200,aa89dba4-771d-4653-9ac4-44e4858bfe00,2026-08-19T21:00:00Z,2026-08-19T23:00:00+0200,154.64,EUR/MWh,BE,BE,imbalance_price,Short,2026-08-23T11:28:30Z
2026-08-23T11:27:43Z,2026-08-23T13:27:43+0200,aa89dba4-771d-4653-9ac4-44e4858bfe00,2026-08-19T21:15:00Z,2026-08-19T23:15:00+0200,144.84,EUR/MWh,BE,BE,imbalance_price,Long,2026-08-23T11:28:30Z
2026-08-23T11:27:43Z,2026-08-23T13:27:43+0200,aa89dba4-771d-4653-9ac4-44e4858bfe00,2026-08-19T21:15:00Z,2026-08-19T23:15:00+0200,144.84,EUR/MWh,BE,BE,imbalance_price,Short,2026-08-23T11:28:30Z
2026-08-23T11:27:43Z,2026-08-23T13:27:43+0200,aa89dba4-771d-4653-9ac4-44e4858bfe00,2026-08-19T21:30:00Z,2026-08-19T23:30:00+0200,99.23,EUR/MWh,BE,BE,imbalance_price,Long,2026-08-23T11:28:30Z
2026-08-23T11:27:43Z,2026-08-23T13:27:43+0200,aa89dba4-771d-4653-9ac4-44e4858bfe00,2026-08-19T21:30:00Z,2026-08-19T23:30:00+0200,99.23,EUR/MWh,BE,BE,imbalance_price,Short,2026-08-23T11:28:30Z
2026-08-23T11:27:43Z,2026-08-23T13:27:43+0200,aa89dba4-771d-4653-9ac4-44e4858bfe00,2026-08-19T21:45:00Z,2026-08-19T23:45:00+0200,146.65,EUR/MWh,BE,BE,imbalance_price,Long,2026-08-23T11:28:30Z
2026-08-23T11:27:43Z,2026-08-23T13:27:43+0200,aa89dba4-771d-4653-9ac4-44e4858bfe00,2026-08-19T21:45:00Z,2026-08-19T23:45:00+0200,146.65,EUR/MWh,BE,BE,imbalance_price,Short,2026-08-23T11:28:30Z
2026-08-23T11:27:43Z,2026-08-23T13:27:43+0200,aa89dba4-771d-4653-9ac4-44e4858bfe00,2026-08-19T22:00:00Z,2026-08-20T00:00:00+0200,145.88,EUR/MWh,BE,BE,imbalance_price,Long,2026-08-23T11:28:30Z
2026-08-23T11:27:43Z,2026-08-23T13:27:43+0200,aa89dba4-771d-4653-9ac4-44e4858bfe00,2026-08-19T22:00:00Z,2026-08-20T00:00:00+0200,145.88,EUR/MWh,BE,BE,imbalance_price,Short,2026-08-23T11:28:30Z
2026-08-23T11:27:43Z,2026-08-23T13:27:43+0200,aa89dba4-771d-4653-9ac4-44e4858bfe00,2026-08-19T22:15:00Z,2026-08-20T00:15:00+0200,162.11,EUR/MWh,BE,BE,imbalance_price,Long,2026-08-23T11:28:30Z
2026-08-23T11:27:43Z,2026-08-23T13:27:43+0200,aa89dba4-771d-4653-9ac4-44e4858bfe00,2026-08-19T22:15:00Z,2026-08-20T00:15:00+0200,162.11,EUR/MWh,BE,BE,imbalance_price,Short,2026-08-23T11:28:30Z
2026-08-23T11:27:43Z,2026-08-23T13:27:43+0200,aa89dba4-771d-4653-9ac4-44e4858bfe00,2026-08-19T22:30:00Z,2026-08-20T00:30:00+0200,156.0,EUR/MWh,BE,BE,imbalance_price,Long,2026-08-23T11:28:30Z
2026-08-23T11:27:43Z,2026-08-23T13:27:43+0200,aa89dba4-771d-4653-9ac4-44e4858bfe00,2026-08-19T22:30:00Z,2026-08-20T00:30:00+0200,156.0,EUR/MWh,BE,BE,imbalance_price,Short,2026-08-23T11:28:30Z
2026-08-23T11:27:43Z,2026-08-23T13:27:43+0200,aa89dba4-771d-4653-9ac4-44e4858bfe00,2026-08-19T22:45:00Z,2026-08-20T00:45:00+0200,198.4,EUR/MWh,BE,BE,imbalance_price,Long,2026-08-23T11:28:30Z
2026-08-23T11:27:43Z,2026-08-23T13:27:43+0200,aa89dba4-771d-4653-9ac4-44e4858bfe00,2026-08-19T22:45:00Z,2026-08-20T00:45:00+0200,198.4,EUR/MWh,BE,BE,imbalance_price,Short,2026-08-23T11:28:30Z
2026-08-23T11:27:43Z,2026-08-23T13:27:43+0200,aa89dba4-771d-4653-9ac4-44e4858bfe00,2026-08-19T23:00:00Z,2026-08-20T01:00:00+0200,194.05,EUR/MWh,BE,BE,imbalance_price,Long,2026-08-23T11:28:30Z
2026-08-23T11:27:43Z,2026-08-23T13:27:43+0200,aa89dba4-771d-4653-9ac4-44e4858bfe00,2026-08-19T23:00:00Z,2026-08-20T01:00:00+0200,194.05,EUR/MWh,BE,BE,imbalance_price,Short,2026-08-23T11:28:30Z
2026-08-23T11:27:43Z,2026-08-23T13:27:43+0200,aa89dba4-771d-4653-9ac4-44e4858bfe00,2026-08-19T23:15:00Z,2026-08-20T01:15:00+0200,258.87,EUR/MWh,BE,BE,imbalance_price,Long,2026-08-23T11:28:30Z
2026-08-23T11:27:43Z,2026-08-23T13:27:43+0200,aa89dba4-771d-4653-9ac4-44e4858bfe00,2026-08-19T23:15:00Z,2026-08-20T01:15:00+0200,258.87,EUR/MWh,BE,BE,imbalance_price,Short,2026-08-23T11:28:30Z
2026-08-23T11:27:43Z,2026-08-23T13:27:43+0200,aa89dba4-771d-4653-9ac4-44e4858bfe00,2026-08-19T23:30:00Z,2026-08-20T01:30:00+0200,276.92,EUR/MWh,BE,BE,imbalance_price,Long,2026-08-23T11:28:30Z
2026-08-23T11:27:43Z,2026-08-23T13:27:43+0200,aa89dba4-771d-4653-9ac4-44e4858bfe00,2026-08-19T23:30:00Z,2026-08-20T01:30:00+0200,276.92,EUR/MWh,BE,BE,imbalance_price,Short,2026-08-23T11:28:30Z
2026-08-23T11:27:43Z,2026-08-23T13:27:43+0200,aa89dba4-771d-4653-9ac4-44e4858bfe00,2026-08-19T23:45:00Z,2026-08-20T01:45:00+0200,277.01,EUR/MWh,BE,BE,imbalance_price,Long,2026-08-23T11:28:30Z
2026-08-23T11:27:43Z,2026-08-23T13:27:43+0200,aa89dba4-771d-4653-9ac4-44e4858bfe00,2026-08-19T23:45:00Z,2026-08-20T01:45:00+0200,277.01,EUR/MWh,BE,BE,imbalance_price,Short,2026-08-23T11:28:30Z
2026-08-23T11:27:43Z,2026-08-23T13:27:43+0200,aa89dba4-771d-4653-9ac4-44e4858bfe00,2026-08-20T00:00:00Z,2026-08-20T02:00:00+0200,261.36,EUR/MWh,BE,BE,imbalance_price,Long,2026-08-23T11:28:30Z
2026-08-23T11:27:43Z,2026-08-23T13:27:43+0200,aa89dba4-771d-4653-9ac4-44e4858bfe00,2026-08-20T00:00:00Z,2026-08-20T02:00:00+0200,261.36,EUR/MWh,BE,BE,imbalance_price,Short,2026-08-23T11:28:30Z
2026-08-23T11:27:43Z,2026-08-23T13:27:43+0200,aa89dba4-771d-4653-9ac4-44e4858bfe00,2026-08-20T00:15:00Z,2026-08-20T02:15:00+0200,301.66,EUR/MWh,BE,BE,imbalance_price,Long,2026-08-23T11:28:30Z
2026-08-23T11:27:43Z,2026-08-23T13:27:43+0200,aa89dba4-771d-4653-9ac4-44e4858bfe00,2026-08-20T00:15:00Z,2026-08-20T02:15:00+0200,301.66,EUR/MWh,BE,BE,imbalance_price,Short,2026-08-23T11:28:30Z
2026-08-23T11:27:43Z,2026-08-23T13:27:43+0200,aa89dba4-771d-4653-9ac4-44e4858bfe00,2026-08-20T00:30:00Z,2026-08-20T02:30:00+0200,338.37,EUR/MWh,BE,BE,imbalance_price,Long,2026-08-23T11:28:30Z
2026-08-23T11:27:43Z,2026-08-23T13:27:43+0200,aa89dba4-771d-4653-9ac4-44e4858bfe00,2026-08-20T00:30:00Z,2026-08-20T02:30:00+0200,338.37,EUR/MWh,BE,BE,imbalance_price,Short,2026-08-23T11:28:30Z
2026-08-23T11:27:43Z,2026-08-23T13:27:43+0200,aa89dba4-771d-4653-9ac4-44e4858bfe00,2026-08-20T00:45:00Z,2026-08-20T02:45:00+0200,290.19,EUR/MWh,BE,BE,imbalance_price,Long,2026-08-23T11:28:30Z
2026-08-23T11:27:43Z,2026-08-23T13:27:43+0200,aa89dba4-771d-4653-9ac4-44e4858bfe00,2026-08-20T00:45:00Z,2026-08-20T02:45:00+0200,290.19,EUR/MWh,BE,BE,imbalance_price,Short,2026-08-23T11:28:30Z
2026-08-23T11:27:43Z,2026-08-23T13:27:43+0200,aa89dba4-771d-4653-9ac4-44e4858bfe00,2026-08-20T01:00:00Z,2026-08-20T03:00:00+0200,257.0,EUR/MWh,BE,BE,imbalance_price,Long,2026-08-23T11:28:30Z
2026-08-23T11:27:43Z,2026-08-23T13:27:43+0200,aa89dba4-771d-4653-9ac4-44e4858bfe00,2026-08-20T01:00:00Z,2026-08-20T03:00:00+0200,257.0,EUR/MWh,BE,BE,imbalance_price,Short,2026-08-23T11:28:30Z
2026-08-23T11:27:43Z,2026-08-23T13:27:43+0200,aa89dba4-771d-4653-9ac4-44e4858bfe00,2026-08-20T01:15:00Z,2026-08-20T03:15:00+0200,200.0,EUR/MWh,BE,BE,imbalance_price,Long,2026-08-23T11:28:30Z
2026-08-23T11:27:43Z,2026-08-23T13:27:43+0200,aa89dba4-771d-4653-9ac4-44e4858bfe00,2026-08-20T01:15:00Z,2026-08-20T03:15:00+0200,200.0,EUR/MWh,BE,BE,imbalance_price,Short,2026-08-23T11:28:30Z
2026-08-23T11:27:43Z,2026-08-23T13:27:43+0200,aa89dba4-771d-4653-9ac4-44e4858bfe00,2026-08-20T01:30:00Z,2026-08-20T03:30:00+0200,200.0,EUR/MWh,BE,BE,imbalance_price,Long,2026-08-23T11:28:30Z
2026-08-23T11:27:43Z,2026-08-23T13:27:43+0200,aa89dba4-771d-4653-9ac4-44e4858bfe00,2026-08-20T01:30:00Z,2026-08-20T03:30:00+0200,200.0,EUR/MWh,BE,BE,imbalance_price,Short,2026-08-23T11:28:30Z
2026-08-23T11:27:43Z,2026-08-23T13:27:43+0200,aa89dba4-771d-4653-9ac4-44e4858bfe00,2026-08-20T01:45:00Z,2026-08-20T03:45:00+0200,200.0,EUR/MWh,BE,BE,imbalance_price,Long,2026-08-23T11:28:30Z
2026-08-23T11:27:43Z,2026-08-23T13:27:43+0200,aa89dba4-771d-4653-9ac4-44e4858bfe00,2026-08-20T01:45:00Z,2026-08-20T03:45:00+0200,200.0,EUR/MWh,BE,BE,imbalance_price,Short,2026-08-23T11:28:30Z
2026-08-23T11:27:43Z,2026-08-23T13:27:43+0200,aa89dba4-771d-4653-9ac4-44e4858bfe00,2026-08-20T02:00:00Z,2026-08-20T04:00:00+0200,200.0,EUR/MWh,BE,BE,imbalance_price,Long,2026-08-23T11:28:30Z
2026-08-23T11:27:43Z,2026-08-23T13:27:43+0200,aa89dba4-771d-4653-9ac4-44e4858bfe00,2026-08-20T02:00:00Z,2026-08-20T04:00:00+0200,200.0,EUR/MWh,BE,BE,imbalance_price,Short,2026-08-23T11:28:30Z
2026-08-23T11:27:43Z,2026-08-23T13:27:43+0200,aa89dba4-771d-4653-9ac4-44e4858bfe00,2026-08-20T02:15:00Z,2026-08-20T04:15:00+0200,200.0,EUR/MWh,BE,BE,imbalance_price,Long,2026-08-23T11:28:30Z
2026-08-23T11:27:43Z,2026-08-23T13:27:43+0200,aa89dba4-771d-4653-9ac4-44e4858bfe00,2026-08-20T02:15:00Z,2026-08-20T04:15:00+0200,200.0,EUR/MWh,BE,BE,imbalance_price,Short,2026-08-23T11:28:30Z
2026-08-23T11:27:43Z,2026-08-23T13:27:43+0200,aa89dba4-771d-4653-9ac4-44e4858bfe00,2026-08-20T02:30:00Z,2026-08-20T04:30:00+0200,204.78,EUR/MWh,BE,BE,imbalance_price,Long,2026-08-23T11:28:30Z
2026-08-23T11:27:43Z,2026-08-23T13:27:43+0200,aa89dba4-771d-4653-9ac4-44e4858bfe00,2026-08-20T02:30:00Z,2026-08-20T04:30:00+0200,204.78,EUR/MWh,BE,BE,imbalance_price,Short,2026-08-23T11:28:30Z
2026-08-23T11:27:43Z,2026-08-23T13:27:43+0200,aa89dba4-771d-4653-9ac4-44e4858bfe00,2026-08-20T02:45:00Z,2026-08-20T04:45:00+0200,206.4,EUR/MWh,BE,BE,imbalance_price,Long,2026-08-23T11:28:30Z
2026-08-23T11:27:43Z,2026-08-23T13:27:43+0200,aa89dba4-771d-4653-9ac4-44e4858bfe00,2026-08-20T02:45:00Z,2026-08-20T04:45:00+0200,206.4,EUR/MWh,BE,BE,imbalance_price,Short,2026-08-23T11:28:30Z
2026-08-23T11:27:43Z,2026-08-23T13:27:43+0200,aa89dba4-771d-4653-9ac4-44e4858bfe00,2026-08-20T03:00:00Z,2026-08-20T05:00:00+0200,204.44,EUR/MWh,BE,BE,imbalance_price,Long,2026-08-23T11:28:30Z
2026-08-23T11:27:43Z,2026-08-23T13:27:43+0200,aa89dba4-771d-4653-9ac4-44e4858bfe00,2026-08-20T03:00:00Z,2026-08-20T05:00:00+0200,204.44,EUR/MWh,BE,BE,imbalance_price,Short,2026-08-23T11:28:30Z
2026-08-23T11:27:43Z,2026-08-23T13:27:43+0200,aa89dba4-771d-4653-9ac4-44e4858bfe00,2026-08-20T03:15:00Z,2026-08-20T05:15:00+0200,205.25,EUR/MWh,BE,BE,imbalance_price,Long,2026-08-23T11:28:30Z
2026-08-23T11:27:43Z,2026-08-23T13:27:43+0200,aa89dba4-771d-4653-9ac4-44e4858bfe00,2026-08-20T03:15:00Z,2026-08-20T05:15:00+0200,205.25,EUR/MWh,BE,BE,imbalance_price,Short,2026-08-23T11:28:30Z
2026-08-23T11:27:43Z,2026-08-23T13:27:43+0200,aa89dba4-771d-4653-9ac4-44e4858bfe00,2026-08-20T03:30:00Z,2026-08-20T05:30:00+0200,200.0,EUR/MWh,BE,BE,imbalance_price,Long,2026-08-23T11:28:30Z
2026-08-23T11:27:43Z,2026-08-23T13:27:43+0200,aa89dba4-771d-4653-9ac4-44e4858bfe00,2026-08-20T03:30:00Z,2026-08-20T05:30:00+0200,200.0,EUR/MWh,BE,BE,imbalance_price,Short,2026-08-23T11:28:30Z
2026-08-23T11:27:43Z,2026-08-23T13:27:43+0200,aa89dba4-771d-4653-9ac4-44e4858bfe00,2026-08-20T03:45:00Z,2026-08-20T05:45:00+0200,184.5,EUR/MWh,BE,BE,imbalance_price,Long,2026-08-23T11:28:30Z
2026-08-23T11:27:43Z,2026-08-23T13:27:43+0200,aa89dba4-771d-4653-9ac4-44e4858bfe00,2026-08-20T03:45:00Z,2026-08-20T05:45:00+0200,184.5,EUR/MWh,BE,BE,imbalance_price,Short,2026-08-23T11:28:30Z
2026-08-23T11:27:43Z,2026-08-23T13:27:43+0200,aa89dba4-771d-4653-9ac4-44e4858bfe00,2026-08-20T04:00:00Z,2026-08-20T06:00:00+0200,436.82,EUR/MWh,BE,BE,imbalance_price,Long,2026-08-23T11:28:30Z
2026-08-23T11:27:43Z,2026-08-23T13:27:43+0200,aa89dba4-771d-4653-9ac4-44e4858bfe00,2026-08-20T04:00:00Z,2026-08-20T06:00:00+0200,436.82,EUR/MWh,BE,BE,imbalance_price,Short,2026-08-23T11:28:30Z
2026-08-23T11:27:43Z,2026-08-23T13:27:43+0200,aa89dba4-771d-4653-9ac4-44e4858bfe00,2026-08-20T04:15:00Z,2026-08-20T06:15:00+0200,211.4,EUR/MWh,BE,BE,imbalance_price,Long,2026-08-23T11:28:30Z
2026-08-23T11:27:43Z,2026-08-23T13:27:43+0200,aa89dba4-771d-4653-9ac4-44e4858bfe00,2026-08-20T04:15:00Z,2026-08-20T06:15:00+0200,211.4,EUR/MWh,BE,BE,imbalance_price,Short,2026-08-23T11:28:30Z
2026-08-23T11:27:43Z,2026-08-23T13:27:43+0200,aa89dba4-771d-4653-9ac4-44e4858bfe00,2026-08-20T04:30:00Z,2026-08-20T06:30:00+0200,240.8,EUR/MWh,BE,BE,imbalance_price,Long,2026-08-23T11:28:30Z
2026-08-23T11:27:43Z,2026-08-23T13:27:43+0200,aa89dba4-771d-4653-9ac4-44e4858bfe00,2026-08-20T04:30:00Z,2026-08-20T06:30:00+0200,240.8,EUR/MWh,BE,BE,imbalance_price,Short,2026-08-23T11:28:30Z
2026-08-23T11:27:43Z,2026-08-23T13:27:43+0200,aa89dba4-771d-4653-9ac4-44e4858bfe00,2026-08-20T04:45:00Z,2026-08-20T06:45:00+0200,247.8,EUR/MWh,BE,BE,imbalance_price,Long,2026-08-23T11:28:30Z
2026-08-23T11:27:43Z,2026-08-23T13:27:43+0200,aa89dba4-771d-4653-9ac4-44e4858bfe00,2026-08-20T04:45:00Z,2026-08-20T06:45:00+0200,247.8,EUR/MWh,BE,BE,imbalance_price,Short,2026-08-23T11:28:30Z
2026-08-23T11:27:43Z,2026-08-23T13:27:43+0200,aa89dba4-771d-4653-9ac4-44e4858bfe00,2026-08-20T05:00:00Z,2026-08-20T07:00:00+0200,211.6,EUR/MWh,BE,BE,imbalance_price,Long,2026-08-23T11:28:30Z
2026-08-23T11:27:43Z,2026-08-23T13:27:43+0200,aa89dba4-771d-4653-9ac4-44e4858bfe00,2026-08-20T05:00:00Z,2026-08-20T07:00:00+0200,211.6,EUR/MWh,BE,BE,imbalance_price,Short,2026-08-23T11:28:30Z
2026-08-23T11:27:43Z,2026-08-23T13:27:43+0200,aa89dba4-771d-4653-9ac4-44e4858bfe00,2026-08-20T05:15:00Z,2026-08-20T07:15:00+0200,201.43,EUR/MWh,BE,BE,imbalance_price,Long,2026-08-23T11:28:30Z
2026-08-23T11:27:43Z,2026-08-23T13:27:43+0200,aa89dba4-771d-4653-9ac4-44e4858bfe00,2026-08-20T05:15:00Z,2026-08-20T07:15:00+0200,201.43,EUR/MWh,BE,BE,imbalance_price,Short,2026-08-23T11:28:30Z
2026-08-23T11:27:43Z,2026-08-23T13:27:43+0200,aa89dba4-771d-4653-9ac4-44e4858bfe00,2026-08-20T05:30:00Z,2026-08-20T07:30:00+0200,180.0,EUR/MWh,BE,BE,imbalance_price,Long,2026-08-23T11:28:30Z
2026-08-23T11:27:43Z,2026-08-23T13:27:43+0200,aa89dba4-771d-4653-9ac4-44e4858bfe00,2026-08-20T05:30:00Z,2026-08-20T07:30:00+0200,180.0,EUR/MWh,BE,BE,imbalance_price,Short,2026-08-23T11:28:30Z
2026-08-23T11:27:43Z,2026-08-23T13:27:43+0200,aa89dba4-771d-4653-9ac4-44e4858bfe00,2026-08-20T05:45:00Z,2026-08-20T07:45:00+0200,165.0,EUR/MWh,BE,BE,imbalance_price,Long,2026-08-23T11:28:30Z
2026-08-23T11:27:43Z,2026-08-23T13:27:43+0200,aa89dba4-771d-4653-9ac4-44e4858bfe00,2026-08-20T05:45:00Z,2026-08-20T07:45:00+0200,165.0,EUR/MWh,BE,BE,imbalance_price,Short,2026-08-23T11:28:30Z
2026-08-23T11:27:43Z,2026-08-23T13:27:43+0200,aa89dba4-771d-4653-9ac4-44e4858bfe00,2026-08-20T06:00:00Z,2026-08-20T08:00:00+0200,134.0,EUR/MWh,BE,BE,imbalance_price,Long,2026-08-23T11:28:30Z
2026-08-23T11:27:43Z,2026-08-23T13:27:43+0200,aa89dba4-771d-4653-9ac4-44e4858bfe00,2026-08-20T06:00:00Z,2026-08-20T08:00:00+0200,134.0,EUR/MWh,BE,BE,imbalance_price,Short,2026-08-23T11:28:30Z
2026-08-23T11:27:43Z,2026-08-23T13:27:43+0200,aa89dba4-771d-4653-9ac4-44e4858bfe00,2026-08-20T06:15:00Z,2026-08-20T08:15:00+0200,169.0,EUR/MWh,BE,BE,imbalance_price,Long,2026-08-23T11:28:30Z
2026-08-23T11:27:43Z,2026-08-23T13:27:43+0200,aa89dba4-771d-4653-9ac4-44e4858bfe00,2026-08-20T06:15:00Z,2026-08-20T08:15:00+0200,169.0,EUR/MWh,BE,BE,imbalance_price,Short,2026-08-23T11:28:30Z
2026-08-23T11:27:43Z,2026-08-23T13:27:43+0200,aa89dba4-771d-4653-9ac4-44e4858bfe00,2026-08-20T06:30:00Z,2026-08-20T08:30:00+0200,168.96,EUR/MWh,BE,BE,imbalance_price,Long,2026-08-23T11:28:30Z
2026-08-23T11:27:43Z,2026-08-23T13:27:43+0200,aa89dba4-771d-4653-9ac4-44e4858bfe00,2026-08-20T06:30:00Z,2026-08-20T08:30:00+0200,168.96,EUR/MWh,BE,BE,imbalance_price,Short,2026-08-23T11:28:30Z
2026-08-23T11:27:43Z,2026-08-23T13:27:43+0200,aa89dba4-771d-4653-9ac4-44e4858bfe00,2026-08-20T06:45:00Z,2026-08-20T08:45:00+0200,177.28,EUR/MWh,BE,BE,imbalance_price,Long,2026-08-23T11:28:30Z
2026-08-23T11:27:43Z,2026-08-23T13:27:43+0200,aa89dba4-771d-4653-9ac4-44e4858bfe00,2026-08-20T06:45:00Z,2026-08-20T08:45:00+0200,177.28,EUR/MWh,BE,BE,imbalance_price,Short,2026-08-23T11:28:30Z
2026-08-23T11:27:43Z,2026-08-23T13:27:43+0200,aa89dba4-771d-4653-9ac4-44e4858bfe00,2026-08-20T07:00:00Z,2026-08-20T09:00:00+0200,230.5,EUR/MWh,BE,BE,imbalance_price,Long,2026-08-23T11:28:30Z
2026-08-23T11:27:43Z,2026-08-23T13:27:43+0200,aa89dba4-771d-4653-9ac4-44e4858bfe00,2026-08-20T07:00:00Z,2026-08-20T09:00:00+0200,230.5,EUR/MWh,BE,BE,imbalance_price,Short,2026-08-23T11:28:30Z
2026-08-23T11:27:43Z,2026-08-23T13:27:43+0200,aa89dba4-771d-4653-9ac4-44e4858bfe00,2026-08-20T07:15:00Z,2026-08-20T09:15:00+0200,272.74,EUR/MWh,BE,BE,imbalance_price,Long,2026-08-23T11:28:30Z
2026-08-23T11:27:43Z,2026-08-23T13:27:43+0200,aa89dba4-771d-4653-9ac4-44e4858bfe00,2026-08-20T07:15:00Z,2026-08-20T09:15:00+0200,272.74,EUR/MWh,BE,BE,imbalance_price,Short,2026-08-23T11:28:30Z
2026-08-23T11:27:43Z,2026-08-23T13:27:43+0200,aa89dba4-771d-4653-9ac4-44e4858bfe00,2026-08-20T07:30:00Z,2026-08-20T09:30:00+0200,209.0,EUR/MWh,BE,BE,imbalance_price,Long,2026-08-23T11:28:30Z
2026-08-23T11:27:43Z,2026-08-23T13:27:43+0200,aa89dba4-771d-4653-9ac4-44e4858bfe00,2026-08-20T07:30:00Z,2026-08-20T09:30:00+0200,209.0,EUR/MWh,BE,BE,imbalance_price,Short,2026-08-23T11:28:30Z
2026-08-23T11:27:43Z,2026-08-23T13:27:43+0200,aa89dba4-771d-4653-9ac4-44e4858bfe00,2026-08-20T07:45:00Z,2026-08-20T09:45:00+0200,215.0,EUR/MWh,BE,BE,imbalance_price,Long,2026-08-23T11:28:30Z
2026-08-23T11:27:43Z,2026-08-23T13:27:43+0200,aa89dba4-771d-4653-9ac4-44e4858bfe00,2026-08-20T07:45:00Z,2026-08-20T09:45:00+0200,215.0,EUR/MWh,BE,BE,imbalance_price,Short,2026-08-23T11:28:30Z
2026-08-23T11:27:43Z,2026-08-23T13:27:43+0200,aa89dba4-771d-4653-9ac4-44e4858bfe00,2026-08-20T08:00:00Z,2026-08-20T10:00:00+0200,118.0,EUR/MWh,BE,BE,imbalance_price,Long,2026-08-23T11:28:30Z
2026-08-23T11:27:43Z,2026-08-23T13:27:43+0200,aa89dba4-771d-4653-9ac4-44e4858bfe00,2026-08-20T08:00:00Z,2026-08-20T10:00:00+0200,118.0,EUR/MWh,BE,BE,imbalance_price,Short,2026-08-23T11:28:30Z
2026-08-23T11:27:43Z,2026-08-23T13:27:43+0200,aa89dba4-771d-4653-9ac4-44e4858bfe00,2026-08-20T08:15:00Z,2026-08-20T10:15:00+0200,115.47,EUR/MWh,BE,BE,imbalance_price,Long,2026-08-23T11:28:30Z
2026-08-23T11:27:43Z,2026-08-23T13:27:43+0200,aa89dba4-771d-4653-9ac4-44e4858bfe00,2026-08-20T08:15:00Z,2026-08-20T10:15:00+0200,115.47,EUR/MWh,BE,BE,imbalance_price,Short,2026-08-23T11:28:30Z
2026-08-23T11:27:43Z,2026-08-23T13:27:43+0200,aa89dba4-771d-4653-9ac4-44e4858bfe00,2026-08-20T08:30:00Z,2026-08-20T10:30:00+0200,118.98,EUR/MWh,BE,BE,imbalance_price,Long,2026-08-23T11:28:30Z
2026-08-23T11:27:43Z,2026-08-23T13:27:43+0200,aa89dba4-771d-4653-9ac4-44e4858bfe00,2026-08-20T08:30:00Z,2026-08-20T10:30:00+0200,118.98,EUR/MWh,BE,BE,imbalance_price,Short,2026-08-23T11:28:30Z
2026-08-23T11:27:43Z,2026-08-23T13:27:43+0200,aa89dba4-771d-4653-9ac4-44e4858bfe00,2026-08-20T08:45:00Z,2026-08-20T10:45:00+0200,112.19,EUR/MWh,BE,BE,imbalance_price,Long,2026-08-23T11:28:30Z
2026-08-23T11:27:43Z,2026-08-23T13:27:43+0200,aa89dba4-771d-4653-9ac4-44e4858bfe00,2026-08-20T08:45:00Z,2026-08-20T10:45:00+0200,112.19,EUR/MWh,BE,BE,imbalance_price,Short,2026-08-23T11:28:30Z
2026-08-23T11:27:43Z,2026-08-23T13:27:43+0200,aa89dba4-771d-4653-9ac4-44e4858bfe00,2026-08-20T09:00:00Z,2026-08-20T11:00:00+0200,103.76,EUR/MWh,BE,BE,imbalance_price,Long,2026-08-23T11:28:30Z
2026-08-23T11:27:43Z,2026-08-23T13:27:43+0200,aa89dba4-771d-4653-9ac4-44e4858bfe00,2026-08-20T09:00:00Z,2026-08-20T11:00:00+0200,103.76,EUR/MWh,BE,BE,imbalance_price,Short,2026-08-23T11:28:30Z
2026-08-23T11:27:43Z,2026-08-23T13:27:43+0200,aa89dba4-771d-4653-9ac4-44e4858bfe00,2026-08-20T09:15:00Z,2026-08-20T11:15:00+0200,82.55,EUR/MWh,BE,BE,imbalance_price,Long,2026-08-23T11:28:30Z
2026-08-23T11:27:43Z,2026-08-23T13:27:43+0200,aa89dba4-771d-4653-9ac4-44e4858bfe00,2026-08-20T09:15:00Z,2026-08-20T11:15:00+0200,82.55,EUR/MWh,BE,BE,imbalance_price,Short,2026-08-23T11:28:30Z
2026-08-23T11:27:43Z,2026-08-23T13:27:43+0200,aa89dba4-771d-4653-9ac4-44e4858bfe00,2026-08-20T09:30:00Z,2026-08-20T11:30:00+0200,76.77,EUR/MWh,BE,BE,imbalance_price,Long,2026-08-23T11:28:30Z
2026-08-23T11:27:43Z,2026-08-23T13:27:43+0200,aa89dba4-771d-4653-9ac4-44e4858bfe00,2026-08-20T09:30:00Z,2026-08-20T11:30:00+0200,76.77,EUR/MWh,BE,BE,imbalance_price,Short,2026-08-23T11:28:30Z
2026-08-23T11:27:43Z,2026-08-23T13:27:43+0200,aa89dba4-771d-4653-9ac4-44e4858bfe00,2026-08-20T09:45:00Z,2026-08-20T11:45:00+0200,88.76,EUR/MWh,BE,BE,imbalance_price,Long,2026-08-23T11:28:30Z
2026-08-23T11:27:43Z,2026-08-23T13:27:43+0200,aa89dba4-771d-4653-9ac4-44e4858bfe00,2026-08-20T09:45:00Z,2026-08-20T11:45:00+0200,88.76,EUR/MWh,BE,BE,imbalance_price,Short,2026-08-23T11:28:30Z
2026-08-23T11:27:43Z,2026-08-23T13:27:43+0200,aa89dba4-771d-4653-9ac4-44e4858bfe00,2026-08-20T10:00:00Z,2026-08-20T12:00:00+0200,60.85,EUR/MWh,BE,BE,imbalance_price,Long,2026-08-23T11:28:30Z
2026-08-23T11:27:43Z,2026-08-23T13:27:43+0200,aa89dba4-771d-4653-9ac4-44e4858bfe00,2026-08-20T10:00:00Z,2026-08-20T12:00:00+0200,60.85,EUR/MWh,BE,BE,imbalance_price,Short,2026-08-23T11:28:30Z
2026-08-23T11:27:43Z,2026-08-23T13:27:43+0200,aa89dba4-771d-4653-9ac4-44e4858bfe00,2026-08-20T10:15:00Z,2026-08-20T12:15:00+0200,54.21,EUR/MWh,BE,BE,imbalance_price,Long,2026-08-23T11:28:30Z
2026-08-23T11:27:43Z,2026-08-23T13:27:43+0200,aa89dba4-771d-4653-9ac4-44e4858bfe00,2026-08-20T10:15:00Z,2026-08-20T12:15:00+0200,54.21,EUR/MWh,BE,BE,imbalance_price,Short,2026-08-23T11:28:30Z
2026-08-23T11:27:43Z,2026-08-23T13:27:43+0200,aa89dba4-771d-4653-9ac4-44e4858bfe00,2026-08-20T10:30:00Z,2026-08-20T12:30:00+0200,64.63,EUR/MWh,BE,BE,imbalance_price,Long,2026-08-23T11:28:30Z
2026-08-23T11:27:43Z,2026-08-23T13:27:43+0200,aa89dba4-771d-4653-9ac4-44e4858bfe00,2026-08-20T10:30:00Z,2026-08-20T12:30:00+0200,64.63,EUR/MWh,BE,BE,imbalance_price,Short,2026-08-23T11:28:30Z
2026-08-23T11:27:43Z,2026-08-23T13:27:43+0200,aa89dba4-771d-4653-9ac4-44e4858bfe00,2026-08-20T10:45:00Z,2026-08-20T12:45:00+0200,76.95,EUR/MWh,BE,BE,imbalance_price,Long,2026-08-23T11:28:30Z
2026-08-23T11:27:43Z,2026-08-23T13:27:43+0200,aa89dba4-771d-4653-9ac4-44e4858bfe00,2026-08-20T10:45:00Z,2026-08-20T12:45:00+0200,76.95,EUR/MWh,BE,BE,imbalance_price,Short,2026-08-23T11:28:30Z
2026-08-23T11:27:43Z,2026-08-23T13:27:43+0200,aa89dba4-771d-4653-9ac4-44e4858bfe00,2026-08-20T11:00:00Z,2026-08-20T13:00:00+0200,34.92,EUR/MWh,BE,BE,imbalance_price,Long,2026-08-23T11:28:30Z
2026-08-23T11:27:43Z,2026-08-23T13:27:43+0200,aa89dba4-771d-4653-9ac4-44e4858bfe00,2026-08-20T11:00:00Z,2026-08-20T13:00:00+0200,34.92,EUR/MWh,BE,BE,imbalance_price,Short,2026-08-23T11:28:30Z
2026-08-23T11:27:43Z,2026-08-23T13:27:43+0200,aa89dba4-771d-4653-9ac4-44e4858bfe00,2026-08-20T11:15:00Z,2026-08-20T13:15:00+0200,86.52,EUR/MWh,BE,BE,imbalance_price,Long,2026-08-23T11:28:30Z
2026-08-23T11:27:43Z,2026-08-23T13:27:43+0200,aa89dba4-771d-4653-9ac4-44e4858bfe00,2026-08-20T11:15:00Z,2026-08-20T13:15:00+0200,86.52,EUR/MWh,BE,BE,imbalance_price,Short,2026-08-23T11:28:30Z
2026-08-23T11:27:43Z,2026-08-23T13:27:43+0200,aa89dba4-771d-4653-9ac4-44e4858bfe00,2026-08-20T11:30:00Z,2026-08-20T13:30:00+0200,90.54,EUR/MWh,BE,BE,imbalance_price,Long,2026-08-23T11:28:30Z
2026-08-23T11:27:43Z,2026-08-23T13:27:43+0200,aa89dba4-771d-4653-9ac4-44e4858bfe00,2026-08-20T11:30:00Z,2026-08-20T13:30:00+0200,90.54,EUR/MWh,BE,BE,imbalance_price,Short,2026-08-23T11:28:30Z
2026-08-23T11:27:43Z,2026-08-23T13:27:43+0200,aa89dba4-771d-4653-9ac4-44e4858bfe00,2026-08-20T11:45:00Z,2026-08-20T13:45:00+0200,109.69,EUR/MWh,BE,BE,imbalance_price,Long,2026-08-23T11:28:30Z
2026-08-23T11:27:43Z,2026-08-23T13:27:43+0200,aa89dba4-771d-4653-9ac4-44e4858bfe00,2026-08-20T11:45:00Z,2026-08-20T13:45:00+0200,109.69,EUR/MWh,BE,BE,imbalance_price,Short,2026-08-23T11:28:30Z
2026-08-23T11:27:43Z,2026-08-23T13:27:43+0200,aa89dba4-771d-4653-9ac4-44e4858bfe00,2026-08-20T12:00:00Z,2026-08-20T14:00:00+0200,135.52,EUR/MWh,BE,BE,imbalance_price,Long,2026-08-23T11:28:30Z
2026-08-23T11:27:43Z,2026-08-23T13:27:43+0200,aa89dba4-771d-4653-9ac4-44e4858bfe00,2026-08-20T12:00:00Z,2026-08-20T14:00:00+0200,135.52,EUR/MWh,BE,BE,imbalance_price,Short,2026-08-23T11:28:30Z
2026-08-23T11:27:43Z,2026-08-23T13:27:43+0200,aa89dba4-771d-4653-9ac4-44e4858bfe00,2026-08-20T12:15:00Z,2026-08-20T14:15:00+0200,171.75,EUR/MWh,BE,BE,imbalance_price,Long,2026-08-23T11:28:30Z
2026-08-23T11:27:43Z,2026-08-23T13:27:43+0200,aa89dba4-771d-4653-9ac4-44e4858bfe00,2026-08-20T12:15:00Z,2026-08-20T14:15:00+0200,171.75,EUR/MWh,BE,BE,imbalance_price,Short,2026-08-23T11:28:30Z
2026-08-23T11:27:43Z,2026-08-23T13:27:43+0200,aa89dba4-771d-4653-9ac4-44e4858bfe00,2026-08-20T12:30:00Z,2026-08-20T14:30:00+0200,154.45,EUR/MWh,BE,BE,imbalance_price,Long,2026-08-23T11:28:30Z
2026-08-23T11:27:43Z,2026-08-23T13:27:43+0200,aa89dba4-771d-4653-9ac4-44e4858bfe00,2026-08-20T12:30:00Z,2026-08-20T14:30:00+0200,154.45,EUR/MWh,BE,BE,imbalance_price,Short,2026-08-23T11:28:30Z
2026-08-23T11:27:43Z,2026-08-23T13:27:43+0200,aa89dba4-771d-4653-9ac4-44e4858bfe00,2026-08-20T12:45:00Z,2026-08-20T14:45:00+0200,192.78,EUR/MWh,BE,BE,imbalance_price,Long,2026-08-23T11:28:30Z
2026-08-23T11:27:43Z,2026-08-23T13:27:43+0200,aa89dba4-771d-4653-9ac4-44e4858bfe00,2026-08-20T12:45:00Z,2026-08-20T14:45:00+0200,192.78,EUR/MWh,BE,BE,imbalance_price,Short,2026-08-23T11:28:30Z
2026-08-23T11:27:43Z,2026-08-23T13:27:43+0200,aa89dba4-771d-4653-9ac4-44e4858bfe00,2026-08-20T13:00:00Z,2026-08-20T15:00:00+0200,181.74,EUR/MWh,BE,BE,imbalance_price,Long,2026-08-23T11:28:30Z
2026-08-23T11:27:43Z,2026-08-23T13:27:43+0200,aa89dba4-771d-4653-9ac4-44e4858bfe00,2026-08-20T13:00:00Z,2026-08-20T15:00:00+0200,181.74,EUR/MWh,BE,BE,imbalance_price,Short,2026-08-23T11:28:30Z
2026-08-23T11:27:43Z,2026-08-23T13:27:43+0200,aa89dba4-771d-4653-9ac4-44e4858bfe00,2026-08-20T13:15:00Z,2026-08-20T15:15:00+0200,185.6,EUR/MWh,BE,BE,imbalance_price,Long,2026-08-23T11:28:30Z
2026-08-23T11:27:43Z,2026-08-23T13:27:43+0200,aa89dba4-771d-4653-9ac4-44e4858bfe00,2026-08-20T13:15:00Z,2026-08-20T15:15:00+0200,185.6,EUR/MWh,BE,BE,imbalance_price,Short,2026-08-23T11:28:30Z
2026-08-23T11:27:43Z,2026-08-23T13:27:43+0200,aa89dba4-771d-4653-9ac4-44e4858bfe00,2026-08-20T13:30:00Z,2026-08-20T15:30:00+0200,121.62,EUR/MWh,BE,BE,imbalance_price,Long,2026-08-23T11:28:30Z
2026-08-23T11:27:43Z,2026-08-23T13:27:43+0200,aa89dba4-771d-4653-9ac4-44e4858bfe00,2026-08-20T13:30:00Z,2026-08-20T15:30:00+0200,121.62,EUR/MWh,BE,BE,imbalance_price,Short,2026-08-23T11:28:30Z
2026-08-23T11:27:43Z,2026-08-23T13:27:43+0200,aa89dba4-771d-4653-9ac4-44e4858bfe00,2026-08-20T13:45:00Z,2026-08-20T15:45:00+0200,108.76,EUR/MWh,BE,BE,imbalance_price,Long,2026-08-23T11:28:30Z
2026-08-23T11:27:43Z,2026-08-23T13:27:43+0200,aa89dba4-771d-4653-9ac4-44e4858bfe00,2026-08-20T13:45:00Z,2026-08-20T15:45:00+0200,108.76,EUR/MWh,BE,BE,imbalance_price,Short,2026-08-23T11:28:30Z
2026-08-23T11:27:43Z,2026-08-23T13:27:43+0200,aa89dba4-771d-4653-9ac4-44e4858bfe00,2026-08-20T14:00:00Z,2026-08-20T16:00:00+0200,76.84,EUR/MWh,BE,BE,imbalance_price,Long,2026-08-23T11:28:30Z
2026-08-23T11:27:43Z,2026-08-23T13:27:43+0200,aa89dba4-771d-4653-9ac4-44e4858bfe00,2026-08-20T14:00:00Z,2026-08-20T16:00:00+0200,76.84,EUR/MWh,BE,BE,imbalance_price,Short,2026-08-23T11:28:30Z
2026-08-23T11:27:43Z,2026-08-23T13:27:43+0200,aa89dba4-771d-4653-9ac4-44e4858bfe00,2026-08-20T14:15:00Z,2026-08-20T16:15:00+0200,75.62,EUR/MWh,BE,BE,imbalance_price,Long,2026-08-23T11:28:30Z
2026-08-23T11:27:43Z,2026-08-23T13:27:43+0200,aa89dba4-771d-4653-9ac4-44e4858bfe00,2026-08-20T14:15:00Z,2026-08-20T16:15:00+0200,75.62,EUR/MWh,BE,BE,imbalance_price,Short,2026-08-23T11:28:30Z
2026-08-23T11:27:43Z,2026-08-23T13:27:43+0200,aa89dba4-771d-4653-9ac4-44e4858bfe00,2026-08-20T14:30:00Z,2026-08-20T16:30:00+0200,143.65,EUR/MWh,BE,BE,imbalance_price,Long,2026-08-23T11:28:30Z
2026-08-23T11:27:43Z,2026-08-23T13:27:43+0200,aa89dba4-771d-4653-9ac4-44e4858bfe00,2026-08-20T14:30:00Z,2026-08-20T16:30:00+0200,143.65,EUR/MWh,BE,BE,imbalance_price,Short,2026-08-23T11:28:30Z
2026-08-23T11:27:43Z,2026-08-23T13:27:43+0200,aa89dba4-771d-4653-9ac4-44e4858bfe00,2026-08-20T14:45:00Z,2026-08-20T16:45:00+0200,136.25,EUR/MWh,BE,BE,imbalance_price,Long,2026-08-23T11:28:30Z
2026-08-23T11:27:43Z,2026-08-23T13:27:43+0200,aa89dba4-771d-4653-9ac4-44e4858bfe00,2026-08-20T14:45:00Z,2026-08-20T16:45:00+0200,136.25,EUR/MWh,BE,BE,imbalance_price,Short,2026-08-23T11:28:30Z
2026-08-23T11:27:43Z,2026-08-23T13:27:43+0200,aa89dba4-771d-4653-9ac4-44e4858bfe00,2026-08-20T15:00:00Z,2026-08-20T17:00:00+0200,156.19,EUR/MWh,BE,BE,imbalance_price,Long,2026-08-23T11:28:30Z
2026-08-23T11:27:43Z,2026-08-23T13:27:43+0200,aa89dba4-771d-4653-9ac4-44e4858bfe00,2026-08-20T15:00:00Z,2026-08-20T17:00:00+0200,156.19,EUR/MWh,BE,BE,imbalance_price,Short,2026-08-23T11:28:30Z
2026-08-23T11:27:43Z,2026-08-23T13:27:43+0200,aa89dba4-771d-4653-9ac4-44e4858bfe00,2026-08-20T15:15:00Z,2026-08-20T17:15:00+0200,187.49,EUR/MWh,BE,BE,imbalance_price,Long,2026-08-23T11:28:30Z
2026-08-23T11:27:43Z,2026-08-23T13:27:43+0200,aa89dba4-771d-4653-9ac4-44e4858bfe00,2026-08-20T15:15:00Z,2026-08-20T17:15:00+0200,187.49,EUR/MWh,BE,BE,imbalance_price,Short,2026-08-23T11:28:30Z
2026-08-23T11:27:43Z,2026-08-23T13:27:43+0200,aa89dba4-771d-4653-9ac4-44e4858bfe00,2026-08-20T15:30:00Z,2026-08-20T17:30:00+0200,186.66,EUR/MWh,BE,BE,imbalance_price,Long,2026-08-23T11:28:30Z
2026-08-23T11:27:43Z,2026-08-23T13:27:43+0200,aa89dba4-771d-4653-9ac4-44e4858bfe00,2026-08-20T15:30:00Z,2026-08-20T17:30:00+0200,186.66,EUR/MWh,BE,BE,imbalance_price,Short,2026-08-23T11:28:30Z
2026-08-23T11:27:43Z,2026-08-23T13:27:43+0200,aa89dba4-771d-4653-9ac4-44e4858bfe00,2026-08-20T15:45:00Z,2026-08-20T17:45:00+0200,201.68,EUR/MWh,BE,BE,imbalance_price,Long,2026-08-23T11:28:30Z
2026-08-23T11:27:43Z,2026-08-23T13:27:43+0200,aa89dba4-771d-4653-9ac4-44e4858bfe00,2026-08-20T15:45:00Z,2026-08-20T17:45:00+0200,201.68,EUR/MWh,BE,BE,imbalance_price,Short,2026-08-23T11:28:30Z
2026-08-23T11:27:43Z,2026-08-23T13:27:43+0200,aa89dba4-771d-4653-9ac4-44e4858bfe00,2026-08-20T16:00:00Z,2026-08-20T18:00:00+0200,200.0,EUR/MWh,BE,BE,imbalance_price,Long,2026-08-23T11:28:30Z
2026-08-23T11:27:43Z,2026-08-23T13:27:43+0200,aa89dba4-771d-4653-9ac4-44e4858bfe00,2026-08-20T16:00:00Z,2026-08-20T18:00:00+0200,200.0,EUR/MWh,BE,BE,imbalance_price,Short,2026-08-23T11:28:30Z
2026-08-23T11:27:43Z,2026-08-23T13:27:43+0200,aa89dba4-771d-4653-9ac4-44e4858bfe00,2026-08-20T16:15:00Z,2026-08-20T18:15:00+0200,162.0,EUR/MWh,BE,BE,imbalance_price,Long,2026-08-23T11:28:30Z
2026-08-23T11:27:43Z,2026-08-23T13:27:43+0200,aa89dba4-771d-4653-9ac4-44e4858bfe00,2026-08-20T16:15:00Z,2026-08-20T18:15:00+0200,162.0,EUR/MWh,BE,BE,imbalance_price,Short,2026-08-23T11:28:30Z
2026-08-23T11:27:43Z,2026-08-23T13:27:43+0200,aa89dba4-771d-4653-9ac4-44e4858bfe00,2026-08-20T16:30:00Z,2026-08-20T18:30:00+0200,162.0,EUR/MWh,BE,BE,imbalance_price,Long,2026-08-23T11:28:30Z
2026-08-23T11:27:43Z,2026-08-23T13:27:43+0200,aa89dba4-771d-4653-9ac4-44e4858bfe00,2026-08-20T16:30:00Z,2026-08-20T18:30:00+0200,162.0,EUR/MWh,BE,BE,imbalance_price,Short,2026-08-23T11:28:30Z
2026-08-23T11:27:43Z,2026-08-23T13:27:43+0200,aa89dba4-771d-4653-9ac4-44e4858bfe00,2026-08-20T16:45:00Z,2026-08-20T18:45:00+0200,116.42,EUR/MWh,BE,BE,imbalance_price,Long,2026-08-23T11:28:30Z
2026-08-23T11:27:43Z,2026-08-23T13:27:43+0200,aa89dba4-771d-4653-9ac4-44e4858bfe00,2026-08-20T16:45:00Z,2026-08-20T18:45:00+0200,116.42,EUR/MWh,BE,BE,imbalance_price,Short,2026-08-23T11:28:30Z
2026-08-23T11:27:43Z,2026-08-23T13:27:43+0200,aa89dba4-771d-4653-9ac4-44e4858bfe00,2026-08-20T17:00:00Z,2026-08-20T19:00:00+0200,50.42,EUR/MWh,BE,BE,imbalance_price,Long,2026-08-23T11:28:30Z
2026-08-23T11:27:43Z,2026-08-23T13:27:43+0200,aa89dba4-771d-4653-9ac4-44e4858bfe00,2026-08-20T17:00:00Z,2026-08-20T19:00:00+0200,50.42,EUR/MWh,BE,BE,imbalance_price,Short,2026-08-23T11:28:30Z
2026-08-23T11:27:43Z,2026-08-23T13:27:43+0200,aa89dba4-771d-4653-9ac4-44e4858bfe00,2026-08-20T17:15:00Z,2026-08-20T19:15:00+0200,162.0,EUR/MWh,BE,BE,imbalance_price,Long,2026-08-23T11:28:30Z
2026-08-23T11:27:43Z,2026-08-23T13:27:43+0200,aa89dba4-771d-4653-9ac4-44e4858bfe00,2026-08-20T17:15:00Z,2026-08-20T19:15:00+0200,162.0,EUR/MWh,BE,BE,imbalance_price,Short,2026-08-23T11:28:30Z
2026-08-23T11:27:43Z,2026-08-23T13:27:43+0200,aa89dba4-771d-4653-9ac4-44e4858bfe00,2026-08-20T17:30:00Z,2026-08-20T19:30:00+0200,124.0,EUR/MWh,BE,BE,imbalance_price,Long,2026-08-23T11:28:30Z
2026-08-23T11:27:43Z,2026-08-23T13:27:43+0200,aa89dba4-771d-4653-9ac4-44e4858bfe00,2026-08-20T17:30:00Z,2026-08-20T19:30:00+0200,124.0,EUR/MWh,BE,BE,imbalance_price,Short,2026-08-23T11:28:30Z
2026-08-23T11:27:43Z,2026-08-23T13:27:43+0200,aa89dba4-771d-4653-9ac4-44e4858bfe00,2026-08-20T17:45:00Z,2026-08-20T19:45:00+0200,121.78,EUR/MWh,BE,BE,imbalance_price,Long,2026-08-23T11:28:30Z
2026-08-23T11:27:43Z,2026-08-23T13:27:43+0200,aa89dba4-771d-4653-9ac4-44e4858bfe00,2026-08-20T17:45:00Z,2026-08-20T19:45:00+0200,121.78,EUR/MWh,BE,BE,imbalance_price,Short,2026-08-23T11:28:30Z
2026-08-23T11:27:43Z,2026-08-23T13:27:43+0200,aa89dba4-771d-4653-9ac4-44e4858bfe00,2026-08-20T18:00:00Z,2026-08-20T20:00:00+0200,157.55,EUR/MWh,BE,BE,imbalance_price,Long,2026-08-23T11:28:30Z
2026-08-23T11:27:43Z,2026-08-23T13:27:43+0200,aa89dba4-771d-4653-9ac4-44e4858bfe00,2026-08-20T18:00:00Z,2026-08-20T20:00:00+0200,157.55,EUR/MWh,BE,BE,imbalance_price,Short,2026-08-23T11:28:30Z
2026-08-23T11:27:43Z,2026-08-23T13:27:43+0200,aa89dba4-771d-4653-9ac4-44e4858bfe00,2026-08-20T18:15:00Z,2026-08-20T20:15:00+0200,147.1,EUR/MWh,BE,BE,imbalance_price,Long,2026-08-23T11:28:30Z
2026-08-23T11:27:43Z,2026-08-23T13:27:43+0200,aa89dba4-771d-4653-9ac4-44e4858bfe00,2026-08-20T18:15:00Z,2026-08-20T20:15:00+0200,147.1,EUR/MWh,BE,BE,imbalance_price,Short,2026-08-23T11:28:30Z
2026-08-23T11:27:43Z,2026-08-23T13:27:43+0200,aa89dba4-771d-4653-9ac4-44e4858bfe00,2026-08-20T18:30:00Z,2026-08-20T20:30:00+0200,144.46,EUR/MWh,BE,BE,imbalance_price,Long,2026-08-23T11:28:30Z
2026-08-23T11:27:43Z,2026-08-23T13:27:43+0200,aa89dba4-771d-4653-9ac4-44e4858bfe00,2026-08-20T18:30:00Z,2026-08-20T20:30:00+0200,144.46,EUR/MWh,BE,BE,imbalance_price,Short,2026-08-23T11:28:30Z
2026-08-23T11:27:43Z,2026-08-23T13:27:43+0200,aa89dba4-771d-4653-9ac4-44e4858bfe00,2026-08-20T18:45:00Z,2026-08-20T20:45:00+0200,138.48,EUR/MWh,BE,BE,imbalance_price,Long,2026-08-23T11:28:30Z
2026-08-23T11:27:43Z,2026-08-23T13:27:43+0200,aa89dba4-771d-4653-9ac4-44e4858bfe00,2026-08-20T18:45:00Z,2026-08-20T20:45:00+0200,138.48,EUR/MWh,BE,BE,imbalance_price,Short,2026-08-23T11:28:30Z
2026-08-23T11:27:43Z,2026-08-23T13:27:43+0200,aa89dba4-771d-4653-9ac4-44e4858bfe00,2026-08-20T19:00:00Z,2026-08-20T21:00:00+0200,138.51,EUR/MWh,BE,BE,imbalance_price,Long,2026-08-23T11:28:30Z
2026-08-23T11:27:43Z,2026-08-23T13:27:43+0200,aa89dba4-771d-4653-9ac4-44e4858bfe00,2026-08-20T19:00:00Z,2026-08-20T21:00:00+0200,138.51,EUR/MWh,BE,BE,imbalance_price,Short,2026-08-23T11:28:30Z
2026-08-23T11:27:43Z,2026-08-23T13:27:43+0200,aa89dba4-771d-4653-9ac4-44e4858bfe00,2026-08-20T19:15:00Z,2026-08-20T21:15:00+0200,160.62,EUR/MWh,BE,BE,imbalance_price,Long,2026-08-23T11:28:30Z
2026-08-23T11:27:43Z,2026-08-23T13:27:43+0200,aa89dba4-771d-4653-9ac4-44e4858bfe00,2026-08-20T19:15:00Z,2026-08-20T21:15:00+0200,160.62,EUR/MWh,BE,BE,imbalance_price,Short,2026-08-23T11:28:30Z
2026-08-23T11:27:43Z,2026-08-23T13:27:43+0200,aa89dba4-771d-4653-9ac4-44e4858bfe00,2026-08-20T19:30:00Z,2026-08-20T21:30:00+0200,190.0,EUR/MWh,BE,BE,imbalance_price,Long,2026-08-23T11:28:30Z
2026-08-23T11:27:43Z,2026-08-23T13:27:43+0200,aa89dba4-771d-4653-9ac4-44e4858bfe00,2026-08-20T19:30:00Z,2026-08-20T21:30:00+0200,190.0,EUR/MWh,BE,BE,imbalance_price,Short,2026-08-23T11:28:30Z
2026-08-23T11:27:43Z,2026-08-23T13:27:43+0200,aa89dba4-771d-4653-9ac4-44e4858bfe00,2026-08-20T19:45:00Z,2026-08-20T21:45:00+0200,191.59,EUR/MWh,BE,BE,imbalance_price,Long,2026-08-23T11:28:30Z
2026-08-23T11:27:43Z,2026-08-23T13:27:43+0200,aa89dba4-771d-4653-9ac4-44e4858bfe00,2026-08-20T19:45:00Z,2026-08-20T21:45:00+0200,191.59,EUR/MWh,BE,BE,imbalance_price,Short,2026-08-23T11:28:30Z
2026-08-23T11:27:43Z,2026-08-23T13:27:43+0200,aa89dba4-771d-4653-9ac4-44e4858bfe00,2026-08-20T20:00:00Z,2026-08-20T22:00:00+0200,235.09,EUR/MWh,BE,BE,imbalance_price,Long,2026-08-23T11:28:30Z
2026-08-23T11:27:43Z,2026-08-23T13:27:43+0200,aa89dba4-771d-4653-9ac4-44e4858bfe00,2026-08-20T20:00:00Z,2026-08-20T22:00:00+0200,235.09,EUR/MWh,BE,BE,imbalance_price,Short,2026-08-23T11:28:30Z
2026-08-23T11:27:43Z,2026-08-23T13:27:43+0200,aa89dba4-771d-4653-9ac4-44e4858bfe00,2026-08-20T20:15:00Z,2026-08-20T22:15:00+0200,341.28,EUR/MWh,BE,BE,imbalance_price,Long,2026-08-23T11:28:30Z
2026-08-23T11:27:43Z,2026-08-23T13:27:43+0200,aa89dba4-771d-4653-9ac4-44e4858bfe00,2026-08-20T20:15:00Z,2026-08-20T22:15:00+0200,341.28,EUR/MWh,BE,BE,imbalance_price,Short,2026-08-23T11:28:30Z
2026-08-23T11:27:43Z,2026-08-23T13:27:43+0200,aa89dba4-771d-4653-9ac4-44e4858bfe00,2026-08-20T20:30:00Z,2026-08-20T22:30:00+0200,384.98,EUR/MWh,BE,BE,imbalance_price,Long,2026-08-23T11:28:30Z
2026-08-23T11:27:43Z,2026-08-23T13:27:43+0200,aa89dba4-771d-4653-9ac4-44e4858bfe00,2026-08-20T20:30:00Z,2026-08-20T22:30:00+0200,384.98,EUR/MWh,BE,BE,imbalance_price,Short,2026-08-23T11:28:30Z
2026-08-23T11:27:43Z,2026-08-23T13:27:43+0200,aa89dba4-771d-4653-9ac4-44e4858bfe00,2026-08-20T20:45:00Z,2026-08-20T22:45:00+0200,353.83,EUR/MWh,BE,BE,imbalance_price,Long,2026-08-23T11:28:30Z
2026-08-23T11:27:43Z,2026-08-23T13:27:43+0200,aa89dba4-771d-4653-9ac4-44e4858bfe00,2026-08-20T20:45:00Z,2026-08-20T22:45:00+0200,353.83,EUR/MWh,BE,BE,imbalance_price,Short,2026-08-23T11:28:30Z
2026-08-23T11:27:43Z,2026-08-23T13:27:43+0200,aa89dba4-771d-4653-9ac4-44e4858bfe00,2026-08-20T21:00:00Z,2026-08-20T23:00:00+0200,179.92,EUR/MWh,BE,BE,imbalance_price,Long,2026-08-23T11:28:30Z
2026-08-23T11:27:43Z,2026-08-23T13:27:43+0200,aa89dba4-771d-4653-9ac4-44e4858bfe00,2026-08-20T21:00:00Z,2026-08-20T23:00:00+0200,179.92,EUR/MWh,BE,BE,imbalance_price,Short,2026-08-23T11:28:30Z
2026-08-23T11:27:43Z,2026-08-23T13:27:43+0200,aa89dba4-771d-4653-9ac4-44e4858bfe00,2026-08-20T21:15:00Z,2026-08-20T23:15:00+0200,183.2,EUR/MWh,BE,BE,imbalance_price,Long,2026-08-23T11:28:30Z
2026-08-23T11:27:43Z,2026-08-23T13:27:43+0200,aa89dba4-771d-4653-9ac4-44e4858bfe00,2026-08-20T21:15:00Z,2026-08-20T23:15:00+0200,183.2,EUR/MWh,BE,BE,imbalance_price,Short,2026-08-23T11:28:30Z
2026-08-23T11:27:43Z,2026-08-23T13:27:43+0200,aa89dba4-771d-4653-9ac4-44e4858bfe00,2026-08-20T21:30:00Z,2026-08-20T23:30:00+0200,155.21,EUR/MWh,BE,BE,imbalance_price,Long,2026-08-23T11:28:30Z
2026-08-23T11:27:43Z,2026-08-23T13:27:43+0200,aa89dba4-771d-4653-9ac4-44e4858bfe00,2026-08-20T21:30:00Z,2026-08-20T23:30:00+0200,155.21,EUR/MWh,BE,BE,imbalance_price,Short,2026-08-23T11:28:30Z
2026-08-23T11:27:43Z,2026-08-23T13:27:43+0200,aa89dba4-771d-4653-9ac4-44e4858bfe00,2026-08-20T21:45:00Z,2026-08-20T23:45:00+0200,145.58,EUR/MWh,BE,BE,imbalance_price,Long,2026-08-23T11:28:30Z
2026-08-23T11:27:43Z,2026-08-23T13:27:43+0200,aa89dba4-771d-4653-9ac4-44e4858bfe00,2026-08-20T21:45:00Z,2026-08-20T23:45:00+0200,145.58,EUR/MWh,BE,BE,imbalance_price,Short,2026-08-23T11:28:30Z
2026-08-23T11:27:43Z,2026-08-23T13:27:43+0200,aa89dba4-771d-4653-9ac4-44e4858bfe00,2026-08-20T22:00:00Z,2026-08-21T00:00:00+0200,142.06,EUR/MWh,BE,BE,imbalance_price,Long,2026-08-23T11:28:30Z
2026-08-23T11:27:43Z,2026-08-23T13:27:43+0200,aa89dba4-771d-4653-9ac4-44e4858bfe00,2026-08-20T22:00:00Z,2026-08-21T00:00:00+0200,142.06,EUR/MWh,BE,BE,imbalance_price,Short,2026-08-23T11:28:30Z
2026-08-23T11:27:43Z,2026-08-23T13:27:43+0200,aa89dba4-771d-4653-9ac4-44e4858bfe00,2026-08-20T22:15:00Z,2026-08-21T00:15:00+0200,139.61,EUR/MWh,BE,BE,imbalance_price,Long,2026-08-23T11:28:30Z
2026-08-23T11:27:43Z,2026-08-23T13:27:43+0200,aa89dba4-771d-4653-9ac4-44e4858bfe00,2026-08-20T22:15:00Z,2026-08-21T00:15:00+0200,139.61,EUR/MWh,BE,BE,imbalance_price,Short,2026-08-23T11:28:30Z
2026-08-23T11:27:43Z,2026-08-23T13:27:43+0200,aa89dba4-771d-4653-9ac4-44e4858bfe00,2026-08-20T22:30:00Z,2026-08-21T00:30:00+0200,138.04,EUR/MWh,BE,BE,imbalance_price,Long,2026-08-23T11:28:30Z
2026-08-23T11:27:43Z,2026-08-23T13:27:43+0200,aa89dba4-771d-4653-9ac4-44e4858bfe00,2026-08-20T22:30:00Z,2026-08-21T00:30:00+0200,138.04,EUR/MWh,BE,BE,imbalance_price,Short,2026-08-23T11:28:30Z
2026-08-23T11:27:43Z,2026-08-23T13:27:43+0200,aa89dba4-771d-4653-9ac4-44e4858bfe00,2026-08-20T22:45:00Z,2026-08-21T00:45:00+0200,137.65,EUR/MWh,BE,BE,imbalance_price,Long,2026-08-23T11:28:30Z
2026-08-23T11:27:43Z,2026-08-23T13:27:43+0200,aa89dba4-771d-4653-9ac4-44e4858bfe00,2026-08-20T22:45:00Z,2026-08-21T00:45:00+0200,137.65,EUR/MWh,BE,BE,imbalance_price,Short,2026-08-23T11:28:30Z
2026-08-23T11:27:43Z,2026-08-23T13:27:43+0200,aa89dba4-771d-4653-9ac4-44e4858bfe00,2026-08-20T23:00:00Z,2026-08-21T01:00:00+0200,171.01,EUR/MWh,BE,BE,imbalance_price,Long,2026-08-23T11:28:30Z
2026-08-23T11:27:43Z,2026-08-23T13:27:43+0200,aa89dba4-771d-4653-9ac4-44e4858bfe00,2026-08-20T23:00:00Z,2026-08-21T01:00:00+0200,171.01,EUR/MWh,BE,BE,imbalance_price,Short,2026-08-23T11:28:30Z
2026-08-23T11:27:43Z,2026-08-23T13:27:43+0200,aa89dba4-771d-4653-9ac4-44e4858bfe00,2026-08-20T23:15:00Z,2026-08-21T01:15:00+0200,156.2,EUR/MWh,BE,BE,imbalance_price,Long,2026-08-23T11:28:30Z
2026-08-23T11:27:43Z,2026-08-23T13:27:43+0200,aa89dba4-771d-4653-9ac4-44e4858bfe00,2026-08-20T23:15:00Z,2026-08-21T01:15:00+0200,156.2,EUR/MWh,BE,BE,imbalance_price,Short,2026-08-23T11:28:30Z
2026-08-23T11:27:43Z,2026-08-23T13:27:43+0200,aa89dba4-771d-4653-9ac4-44e4858bfe00,2026-08-20T23:30:00Z,2026-08-21T01:30:00+0200,174.37,EUR/MWh,BE,BE,imbalance_price,Long,2026-08-23T11:28:30Z
2026-08-23T11:27:43Z,2026-08-23T13:27:43+0200,aa89dba4-771d-4653-9ac4-44e4858bfe00,2026-08-20T23:30:00Z,2026-08-21T01:30:00+0200,174.37,EUR/MWh,BE,BE,imbalance_price,Short,2026-08-23T11:28:30Z
2026-08-23T11:27:43Z,2026-08-23T13:27:43+0200,aa89dba4-771d-4653-9ac4-44e4858bfe00,2026-08-20T23:45:00Z,2026-08-21T01:45:00+0200,130.72,EUR/MWh,BE,BE,imbalance_price,Long,2026-08-23T11:28:30Z
2026-08-23T11:27:43Z,2026-08-23T13:27:43+0200,aa89dba4-771d-4653-9ac4-44e4858bfe00,2026-08-20T23:45:00Z,2026-08-21T01:45:00+0200,130.72,EUR/MWh,BE,BE,imbalance_price,Short,2026-08-23T11:28:30Z
2026-08-23T11:27:43Z,2026-08-23T13:27:43+0200,aa89dba4-771d-4653-9ac4-44e4858bfe00,2026-08-21T00:00:00Z,2026-08-21T02:00:00+0200,156.06,EUR/MWh,BE,BE,imbalance_price,Long,2026-08-23T11:28:30Z
2026-08-23T11:27:43Z,2026-08-23T13:27:43+0200,aa89dba4-771d-4653-9ac4-44e4858bfe00,2026-08-21T00:00:00Z,2026-08-21T02:00:00+0200,156.06,EUR/MWh,BE,BE,imbalance_price,Short,2026-08-23T11:28:30Z
2026-08-23T11:27:43Z,2026-08-23T13:27:43+0200,aa89dba4-771d-4653-9ac4-44e4858bfe00,2026-08-21T00:15:00Z,2026-08-21T02:15:00+0200,179.42,EUR/MWh,BE,BE,imbalance_price,Long,2026-08-23T11:28:30Z
2026-08-23T11:27:43Z,2026-08-23T13:27:43+0200,aa89dba4-771d-4653-9ac4-44e4858bfe00,2026-08-21T00:15:00Z,2026-08-21T02:15:00+0200,179.42,EUR/MWh,BE,BE,imbalance_price,Short,2026-08-23T11:28:30Z
2026-08-23T11:27:43Z,2026-08-23T13:27:43+0200,aa89dba4-771d-4653-9ac4-44e4858bfe00,2026-08-21T00:30:00Z,2026-08-21T02:30:00+0200,143.48,EUR/MWh,BE,BE,imbalance_price,Long,2026-08-23T11:28:30Z
2026-08-23T11:27:43Z,2026-08-23T13:27:43+0200,aa89dba4-771d-4653-9ac4-44e4858bfe00,2026-08-21T00:30:00Z,2026-08-21T02:30:00+0200,143.48,EUR/MWh,BE,BE,imbalance_price,Short,2026-08-23T11:28:30Z
2026-08-23T11:27:43Z,2026-08-23T13:27:43+0200,aa89dba4-771d-4653-9ac4-44e4858bfe00,2026-08-21T00:45:00Z,2026-08-21T02:45:00+0200,136.34,EUR/MWh,BE,BE,imbalance_price,Long,2026-08-23T11:28:30Z
2026-08-23T11:27:43Z,2026-08-23T13:27:43+0200,aa89dba4-771d-4653-9ac4-44e4858bfe00,2026-08-21T00:45:00Z,2026-08-21T02:45:00+0200,136.34,EUR/MWh,BE,BE,imbalance_price,Short,2026-08-23T11:28:30Z
2026-08-23T11:27:43Z,2026-08-23T13:27:43+0200,aa89dba4-771d-4653-9ac4-44e4858bfe00,2026-08-21T01:00:00Z,2026-08-21T03:00:00+0200,165.42,EUR/MWh,BE,BE,imbalance_price,Long,2026-08-23T11:28:30Z
2026-08-23T11:27:43Z,2026-08-23T13:27:43+0200,aa89dba4-771d-4653-9ac4-44e4858bfe00,2026-08-21T01:00:00Z,2026-08-21T03:00:00+0200,165.42,EUR/MWh,BE,BE,imbalance_price,Short,2026-08-23T11:28:30Z
2026-08-23T11:27:43Z,2026-08-23T13:27:43+0200,aa89dba4-771d-4653-9ac4-44e4858bfe00,2026-08-21T01:15:00Z,2026-08-21T03:15:00+0200,153.9,EUR/MWh,BE,BE,imbalance_price,Long,2026-08-23T11:28:30Z
2026-08-23T11:27:43Z,2026-08-23T13:27:43+0200,aa89dba4-771d-4653-9ac4-44e4858bfe00,2026-08-21T01:15:00Z,2026-08-21T03:15:00+0200,153.9,EUR/MWh,BE,BE,imbalance_price,Short,2026-08-23T11:28:30Z
2026-08-23T11:27:43Z,2026-08-23T13:27:43+0200,aa89dba4-771d-4653-9ac4-44e4858bfe00,2026-08-21T01:30:00Z,2026-08-21T03:30:00+0200,138.42,EUR/MWh,BE,BE,imbalance_price,Long,2026-08-23T11:28:30Z
2026-08-23T11:27:43Z,2026-08-23T13:27:43+0200,aa89dba4-771d-4653-9ac4-44e4858bfe00,2026-08-21T01:30:00Z,2026-08-21T03:30:00+0200,138.42,EUR/MWh,BE,BE,imbalance_price,Short,2026-08-23T11:28:30Z
2026-08-23T11:27:43Z,2026-08-23T13:27:43+0200,aa89dba4-771d-4653-9ac4-44e4858bfe00,2026-08-21T01:45:00Z,2026-08-21T03:45:00+0200,168.35,EUR/MWh,BE,BE,imbalance_price,Long,2026-08-23T11:28:30Z
2026-08-23T11:27:43Z,2026-08-23T13:27:43+0200,aa89dba4-771d-4653-9ac4-44e4858bfe00,2026-08-21T01:45:00Z,2026-08-21T03:45:00+0200,168.35,EUR/MWh,BE,BE,imbalance_price,Short,2026-08-23T11:28:30Z
2026-08-23T11:27:43Z,2026-08-23T13:27:43+0200,aa89dba4-771d-4653-9ac4-44e4858bfe00,2026-08-21T02:00:00Z,2026-08-21T04:00:00+0200,167.96,EUR/MWh,BE,BE,imbalance_price,Long,2026-08-23T11:28:30Z
2026-08-23T11:27:43Z,2026-08-23T13:27:43+0200,aa89dba4-771d-4653-9ac4-44e4858bfe00,2026-08-21T02:00:00Z,2026-08-21T04:00:00+0200,167.96,EUR/MWh,BE,BE,imbalance_price,Short,2026-08-23T11:28:30Z
2026-08-23T11:27:43Z,2026-08-23T13:27:43+0200,aa89dba4-771d-4653-9ac4-44e4858bfe00,2026-08-21T02:15:00Z,2026-08-21T04:15:00+0200,140.37,EUR/MWh,BE,BE,imbalance_price,Long,2026-08-23T11:28:30Z
2026-08-23T11:27:43Z,2026-08-23T13:27:43+0200,aa89dba4-771d-4653-9ac4-44e4858bfe00,2026-08-21T02:15:00Z,2026-08-21T04:15:00+0200,140.37,EUR/MWh,BE,BE,imbalance_price,Short,2026-08-23T11:28:30Z
2026-08-23T11:27:43Z,2026-08-23T13:27:43+0200,aa89dba4-771d-4653-9ac4-44e4858bfe00,2026-08-21T02:30:00Z,2026-08-21T04:30:00+0200,187.0,EUR/MWh,BE,BE,imbalance_price,Long,2026-08-23T11:28:30Z
2026-08-23T11:27:43Z,2026-08-23T13:27:43+0200,aa89dba4-771d-4653-9ac4-44e4858bfe00,2026-08-21T02:30:00Z,2026-08-21T04:30:00+0200,187.0,EUR/MWh,BE,BE,imbalance_price,Short,2026-08-23T11:28:30Z
2026-08-23T11:27:43Z,2026-08-23T13:27:43+0200,aa89dba4-771d-4653-9ac4-44e4858bfe00,2026-08-21T02:45:00Z,2026-08-21T04:45:00+0200,178.38,EUR/MWh,BE,BE,imbalance_price,Long,2026-08-23T11:28:30Z
2026-08-23T11:27:43Z,2026-08-23T13:27:43+0200,aa89dba4-771d-4653-9ac4-44e4858bfe00,2026-08-21T02:45:00Z,2026-08-21T04:45:00+0200,178.38,EUR/MWh,BE,BE,imbalance_price,Short,2026-08-23T11:28:30Z
2026-08-23T11:27:43Z,2026-08-23T13:27:43+0200,aa89dba4-771d-4653-9ac4-44e4858bfe00,2026-08-21T03:00:00Z,2026-08-21T05:00:00+0200,140.99,EUR/MWh,BE,BE,imbalance_price,Long,2026-08-23T11:28:30Z
2026-08-23T11:27:43Z,2026-08-23T13:27:43+0200,aa89dba4-771d-4653-9ac4-44e4858bfe00,2026-08-21T03:00:00Z,2026-08-21T05:00:00+0200,140.99,EUR/MWh,BE,BE,imbalance_price,Short,2026-08-23T11:28:30Z
2026-08-23T11:27:43Z,2026-08-23T13:27:43+0200,aa89dba4-771d-4653-9ac4-44e4858bfe00,2026-08-21T03:15:00Z,2026-08-21T05:15:00+0200,140.47,EUR/MWh,BE,BE,imbalance_price,Long,2026-08-23T11:28:30Z
2026-08-23T11:27:43Z,2026-08-23T13:27:43+0200,aa89dba4-771d-4653-9ac4-44e4858bfe00,2026-08-21T03:15:00Z,2026-08-21T05:15:00+0200,140.47,EUR/MWh,BE,BE,imbalance_price,Short,2026-08-23T11:28:30Z
2026-08-23T11:27:43Z,2026-08-23T13:27:43+0200,aa89dba4-771d-4653-9ac4-44e4858bfe00,2026-08-21T03:30:00Z,2026-08-21T05:30:00+0200,144.46,EUR/MWh,BE,BE,imbalance_price,Long,2026-08-23T11:28:30Z
2026-08-23T11:27:43Z,2026-08-23T13:27:43+0200,aa89dba4-771d-4653-9ac4-44e4858bfe00,2026-08-21T03:30:00Z,2026-08-21T05:30:00+0200,144.46,EUR/MWh,BE,BE,imbalance_price,Short,2026-08-23T11:28:30Z
2026-08-23T11:27:43Z,2026-08-23T13:27:43+0200,aa89dba4-771d-4653-9ac4-44e4858bfe00,2026-08-21T03:45:00Z,2026-08-21T05:45:00+0200,169.7,EUR/MWh,BE,BE,imbalance_price,Long,2026-08-23T11:28:30Z
2026-08-23T11:27:43Z,2026-08-23T13:27:43+0200,aa89dba4-771d-4653-9ac4-44e4858bfe00,2026-08-21T03:45:00Z,2026-08-21T05:45:00+0200,169.7,EUR/MWh,BE,BE,imbalance_price,Short,2026-08-23T11:28:30Z
2026-08-23T11:27:43Z,2026-08-23T13:27:43+0200,aa89dba4-771d-4653-9ac4-44e4858bfe00,2026-08-21T04:00:00Z,2026-08-21T06:00:00+0200,179.75,EUR/MWh,BE,BE,imbalance_price,Long,2026-08-23T11:28:30Z
2026-08-23T11:27:43Z,2026-08-23T13:27:43+0200,aa89dba4-771d-4653-9ac4-44e4858bfe00,2026-08-21T04:00:00Z,2026-08-21T06:00:00+0200,179.75,EUR/MWh,BE,BE,imbalance_price,Short,2026-08-23T11:28:30Z
2026-08-23T11:27:43Z,2026-08-23T13:27:43+0200,aa89dba4-771d-4653-9ac4-44e4858bfe00,2026-08-21T04:15:00Z,2026-08-21T06:15:00+0200,184.83,EUR/MWh,BE,BE,imbalance_price,Long,2026-08-23T11:28:30Z
2026-08-23T11:27:43Z,2026-08-23T13:27:43+0200,aa89dba4-771d-4653-9ac4-44e4858bfe00,2026-08-21T04:15:00Z,2026-08-21T06:15:00+0200,184.83,EUR/MWh,BE,BE,imbalance_price,Short,2026-08-23T11:28:30Z
2026-08-23T11:27:43Z,2026-08-23T13:27:43+0200,aa89dba4-771d-4653-9ac4-44e4858bfe00,2026-08-21T04:30:00Z,2026-08-21T06:30:00+0200,183.55,EUR/MWh,BE,BE,imbalance_price,Long,2026-08-23T11:28:30Z
2026-08-23T11:27:43Z,2026-08-23T13:27:43+0200,aa89dba4-771d-4653-9ac4-44e4858bfe00,2026-08-21T04:30:00Z,2026-08-21T06:30:00+0200,183.55,EUR/MWh,BE,BE,imbalance_price,Short,2026-08-23T11:28:30Z
2026-08-23T11:27:43Z,2026-08-23T13:27:43+0200,aa89dba4-771d-4653-9ac4-44e4858bfe00,2026-08-21T04:45:00Z,2026-08-21T06:45:00+0200,177.8,EUR/MWh,BE,BE,imbalance_price,Long,2026-08-23T11:28:30Z
2026-08-23T11:27:43Z,2026-08-23T13:27:43+0200,aa89dba4-771d-4653-9ac4-44e4858bfe00,2026-08-21T04:45:00Z,2026-08-21T06:45:00+0200,177.8,EUR/MWh,BE,BE,imbalance_price,Short,2026-08-23T11:28:30Z
2026-08-23T11:27:43Z,2026-08-23T13:27:43+0200,aa89dba4-771d-4653-9ac4-44e4858bfe00,2026-08-21T05:00:00Z,2026-08-21T07:00:00+0200,180.11,EUR/MWh,BE,BE,imbalance_price,Long,2026-08-23T11:28:30Z
2026-08-23T11:27:43Z,2026-08-23T13:27:43+0200,aa89dba4-771d-4653-9ac4-44e4858bfe00,2026-08-21T05:00:00Z,2026-08-21T07:00:00+0200,180.11,EUR/MWh,BE,BE,imbalance_price,Short,2026-08-23T11:28:30Z
2026-08-23T11:27:43Z,2026-08-23T13:27:43+0200,aa89dba4-771d-4653-9ac4-44e4858bfe00,2026-08-21T05:15:00Z,2026-08-21T07:15:00+0200,178.4,EUR/MWh,BE,BE,imbalance_price,Long,2026-08-23T11:28:30Z
2026-08-23T11:27:43Z,2026-08-23T13:27:43+0200,aa89dba4-771d-4653-9ac4-44e4858bfe00,2026-08-21T05:15:00Z,2026-08-21T07:15:00+0200,178.4,EUR/MWh,BE,BE,imbalance_price,Short,2026-08-23T11:28:30Z
2026-08-23T11:27:43Z,2026-08-23T13:27:43+0200,aa89dba4-771d-4653-9ac4-44e4858bfe00,2026-08-21T05:30:00Z,2026-08-21T07:30:00+0200,164.92,EUR/MWh,BE,BE,imbalance_price,Long,2026-08-23T11:28:30Z
2026-08-23T11:27:43Z,2026-08-23T13:27:43+0200,aa89dba4-771d-4653-9ac4-44e4858bfe00,2026-08-21T05:30:00Z,2026-08-21T07:30:00+0200,164.92,EUR/MWh,BE,BE,imbalance_price,Short,2026-08-23T11:28:30Z
2026-08-23T11:27:43Z,2026-08-23T13:27:43+0200,aa89dba4-771d-4653-9ac4-44e4858bfe00,2026-08-21T05:45:00Z,2026-08-21T07:45:00+0200,167.46,EUR/MWh,BE,BE,imbalance_price,Long,2026-08-23T11:28:30Z
2026-08-23T11:27:43Z,2026-08-23T13:27:43+0200,aa89dba4-771d-4653-9ac4-44e4858bfe00,2026-08-21T05:45:00Z,2026-08-21T07:45:00+0200,167.46,EUR/MWh,BE,BE,imbalance_price,Short,2026-08-23T11:28:30Z
2026-08-23T11:27:43Z,2026-08-23T13:27:43+0200,aa89dba4-771d-4653-9ac4-44e4858bfe00,2026-08-21T06:00:00Z,2026-08-21T08:00:00+0200,163.58,EUR/MWh,BE,BE,imbalance_price,Long,2026-08-23T11:28:30Z
2026-08-23T11:27:43Z,2026-08-23T13:27:43+0200,aa89dba4-771d-4653-9ac4-44e4858bfe00,2026-08-21T06:00:00Z,2026-08-21T08:00:00+0200,163.58,EUR/MWh,BE,BE,imbalance_price,Short,2026-08-23T11:28:30Z
2026-08-23T11:27:43Z,2026-08-23T13:27:43+0200,aa89dba4-771d-4653-9ac4-44e4858bfe00,2026-08-21T06:15:00Z,2026-08-21T08:15:00+0200,185.42,EUR/MWh,BE,BE,imbalance_price,Long,2026-08-23T11:28:30Z
2026-08-23T11:27:43Z,2026-08-23T13:27:43+0200,aa89dba4-771d-4653-9ac4-44e4858bfe00,2026-08-21T06:15:00Z,2026-08-21T08:15:00+0200,185.42,EUR/MWh,BE,BE,imbalance_price,Short,2026-08-23T11:28:30Z
2026-08-23T11:27:43Z,2026-08-23T13:27:43+0200,aa89dba4-771d-4653-9ac4-44e4858bfe00,2026-08-21T06:30:00Z,2026-08-21T08:30:00+0200,181.91,EUR/MWh,BE,BE,imbalance_price,Long,2026-08-23T11:28:30Z
2026-08-23T11:27:43Z,2026-08-23T13:27:43+0200,aa89dba4-771d-4653-9ac4-44e4858bfe00,2026-08-21T06:30:00Z,2026-08-21T08:30:00+0200,181.91,EUR/MWh,BE,BE,imbalance_price,Short,2026-08-23T11:28:30Z
2026-08-23T11:27:43Z,2026-08-23T13:27:43+0200,aa89dba4-771d-4653-9ac4-44e4858bfe00,2026-08-21T06:45:00Z,2026-08-21T08:45:00+0200,133.0,EUR/MWh,BE,BE,imbalance_price,Long,2026-08-23T11:28:30Z
2026-08-23T11:27:43Z,2026-08-23T13:27:43+0200,aa89dba4-771d-4653-9ac4-44e4858bfe00,2026-08-21T06:45:00Z,2026-08-21T08:45:00+0200,133.0,EUR/MWh,BE,BE,imbalance_price,Short,2026-08-23T11:28:30Z
2026-08-23T11:27:43Z,2026-08-23T13:27:43+0200,aa89dba4-771d-4653-9ac4-44e4858bfe00,2026-08-21T07:00:00Z,2026-08-21T09:00:00+0200,138.94,EUR/MWh,BE,BE,imbalance_price,Long,2026-08-23T11:28:30Z
2026-08-23T11:27:43Z,2026-08-23T13:27:43+0200,aa89dba4-771d-4653-9ac4-44e4858bfe00,2026-08-21T07:00:00Z,2026-08-21T09:00:00+0200,138.94,EUR/MWh,BE,BE,imbalance_price,Short,2026-08-23T11:28:30Z
2026-08-23T11:27:43Z,2026-08-23T13:27:43+0200,aa89dba4-771d-4653-9ac4-44e4858bfe00,2026-08-21T07:15:00Z,2026-08-21T09:15:00+0200,132.0,EUR/MWh,BE,BE,imbalance_price,Long,2026-08-23T11:28:30Z
2026-08-23T11:27:43Z,2026-08-23T13:27:43+0200,aa89dba4-771d-4653-9ac4-44e4858bfe00,2026-08-21T07:15:00Z,2026-08-21T09:15:00+0200,132.0,EUR/MWh,BE,BE,imbalance_price,Short,2026-08-23T11:28:30Z
2026-08-23T11:27:43Z,2026-08-23T13:27:43+0200,aa89dba4-771d-4653-9ac4-44e4858bfe00,2026-08-21T07:30:00Z,2026-08-21T09:30:00+0200,122.83,EUR/MWh,BE,BE,imbalance_price,Long,2026-08-23T11:28:30Z
2026-08-23T11:27:43Z,2026-08-23T13:27:43+0200,aa89dba4-771d-4653-9ac4-44e4858bfe00,2026-08-21T07:30:00Z,2026-08-21T09:30:00+0200,122.83,EUR/MWh,BE,BE,imbalance_price,Short,2026-08-23T11:28:30Z
2026-08-23T11:27:43Z,2026-08-23T13:27:43+0200,aa89dba4-771d-4653-9ac4-44e4858bfe00,2026-08-21T07:45:00Z,2026-08-21T09:45:00+0200,122.43,EUR/MWh,BE,BE,imbalance_price,Long,2026-08-23T11:28:30Z
2026-08-23T11:27:43Z,2026-08-23T13:27:43+0200,aa89dba4-771d-4653-9ac4-44e4858bfe00,2026-08-21T07:45:00Z,2026-08-21T09:45:00+0200,122.43,EUR/MWh,BE,BE,imbalance_price,Short,2026-08-23T11:28:30Z
2026-08-23T11:27:43Z,2026-08-23T13:27:43+0200,aa89dba4-771d-4653-9ac4-44e4858bfe00,2026-08-21T08:00:00Z,2026-08-21T10:00:00+0200,118.65,EUR/MWh,BE,BE,imbalance_price,Long,2026-08-23T11:28:30Z
2026-08-23T11:27:43Z,2026-08-23T13:27:43+0200,aa89dba4-771d-4653-9ac4-44e4858bfe00,2026-08-21T08:00:00Z,2026-08-21T10:00:00+0200,118.65,EUR/MWh,BE,BE,imbalance_price,Short,2026-08-23T11:28:30Z
2026-08-23T11:27:43Z,2026-08-23T13:27:43+0200,aa89dba4-771d-4653-9ac4-44e4858bfe00,2026-08-21T08:15:00Z,2026-08-21T10:15:00+0200,125.4,EUR/MWh,BE,BE,imbalance_price,Long,2026-08-23T11:28:30Z
2026-08-23T11:27:43Z,2026-08-23T13:27:43+0200,aa89dba4-771d-4653-9ac4-44e4858bfe00,2026-08-21T08:15:00Z,2026-08-21T10:15:00+0200,125.4,EUR/MWh,BE,BE,imbalance_price,Short,2026-08-23T11:28:30Z
2026-08-23T11:27:43Z,2026-08-23T13:27:43+0200,aa89dba4-771d-4653-9ac4-44e4858bfe00,2026-08-21T08:30:00Z,2026-08-21T10:30:00+0200,125.14,EUR/MWh,BE,BE,imbalance_price,Long,2026-08-23T11:28:30Z
2026-08-23T11:27:43Z,2026-08-23T13:27:43+0200,aa89dba4-771d-4653-9ac4-44e4858bfe00,2026-08-21T08:30:00Z,2026-08-21T10:30:00+0200,125.14,EUR/MWh,BE,BE,imbalance_price,Short,2026-08-23T11:28:30Z
2026-08-23T11:27:43Z,2026-08-23T13:27:43+0200,aa89dba4-771d-4653-9ac4-44e4858bfe00,2026-08-21T08:45:00Z,2026-08-21T10:45:00+0200,120.4,EUR/MWh,BE,BE,imbalance_price,Long,2026-08-23T11:28:30Z
2026-08-23T11:27:43Z,2026-08-23T13:27:43+0200,aa89dba4-771d-4653-9ac4-44e4858bfe00,2026-08-21T08:45:00Z,2026-08-21T10:45:00+0200,120.4,EUR/MWh,BE,BE,imbalance_price,Short,2026-08-23T11:28:30Z
2026-08-23T11:27:43Z,2026-08-23T13:27:43+0200,aa89dba4-771d-4653-9ac4-44e4858bfe00,2026-08-21T09:00:00Z,2026-08-21T11:00:00+0200,128.08,EUR/MWh,BE,BE,imbalance_price,Long,2026-08-23T11:28:30Z
2026-08-23T11:27:43Z,2026-08-23T13:27:43+0200,aa89dba4-771d-4653-9ac4-44e4858bfe00,2026-08-21T09:00:00Z,2026-08-21T11:00:00+0200,128.08,EUR/MWh,BE,BE,imbalance_price,Short,2026-08-23T11:28:30Z
2026-08-23T11:27:43Z,2026-08-23T13:27:43+0200,aa89dba4-771d-4653-9ac4-44e4858bfe00,2026-08-21T09:15:00Z,2026-08-21T11:15:00+0200,126.3,EUR/MWh,BE,BE,imbalance_price,Long,2026-08-23T11:28:30Z
2026-08-23T11:27:43Z,2026-08-23T13:27:43+0200,aa89dba4-771d-4653-9ac4-44e4858bfe00,2026-08-21T09:15:00Z,2026-08-21T11:15:00+0200,126.3,EUR/MWh,BE,BE,imbalance_price,Short,2026-08-23T11:28:30Z
2026-08-23T11:27:43Z,2026-08-23T13:27:43+0200,aa89dba4-771d-4653-9ac4-44e4858bfe00,2026-08-21T09:30:00Z,2026-08-21T11:30:00+0200,120.46,EUR/MWh,BE,BE,imbalance_price,Long,2026-08-23T11:28:30Z
2026-08-23T11:27:43Z,2026-08-23T13:27:43+0200,aa89dba4-771d-4653-9ac4-44e4858bfe00,2026-08-21T09:30:00Z,2026-08-21T11:30:00+0200,120.46,EUR/MWh,BE,BE,imbalance_price,Short,2026-08-23T11:28:30Z
2026-08-23T11:27:43Z,2026-08-23T13:27:43+0200,aa89dba4-771d-4653-9ac4-44e4858bfe00,2026-08-21T09:45:00Z,2026-08-21T11:45:00+0200,127.92,EUR/MWh,BE,BE,imbalance_price,Long,2026-08-23T11:28:30Z
2026-08-23T11:27:43Z,2026-08-23T13:27:43+0200,aa89dba4-771d-4653-9ac4-44e4858bfe00,2026-08-21T09:45:00Z,2026-08-21T11:45:00+0200,127.92,EUR/MWh,BE,BE,imbalance_price,Short,2026-08-23T11:28:30Z
2026-08-23T11:27:43Z,2026-08-23T13:27:43+0200,aa89dba4-771d-4653-9ac4-44e4858bfe00,2026-08-21T10:00:00Z,2026-08-21T12:00:00+0200,110.43,EUR/MWh,BE,BE,imbalance_price,Long,2026-08-23T11:28:30Z
2026-08-23T11:27:43Z,2026-08-23T13:27:43+0200,aa89dba4-771d-4653-9ac4-44e4858bfe00,2026-08-21T10:00:00Z,2026-08-21T12:00:00+0200,110.43,EUR/MWh,BE,BE,imbalance_price,Short,2026-08-23T11:28:30Z
2026-08-23T11:27:43Z,2026-08-23T13:27:43+0200,aa89dba4-771d-4653-9ac4-44e4858bfe00,2026-08-21T10:15:00Z,2026-08-21T12:15:00+0200,84.77,EUR/MWh,BE,BE,imbalance_price,Long,2026-08-23T11:28:30Z
2026-08-23T11:27:43Z,2026-08-23T13:27:43+0200,aa89dba4-771d-4653-9ac4-44e4858bfe00,2026-08-21T10:15:00Z,2026-08-21T12:15:00+0200,84.77,EUR/MWh,BE,BE,imbalance_price,Short,2026-08-23T11:28:30Z
2026-08-23T11:27:43Z,2026-08-23T13:27:43+0200,aa89dba4-771d-4653-9ac4-44e4858bfe00,2026-08-21T10:30:00Z,2026-08-21T12:30:00+0200,109.57,EUR/MWh,BE,BE,imbalance_price,Long,2026-08-23T11:28:30Z
2026-08-23T11:27:43Z,2026-08-23T13:27:43+0200,aa89dba4-771d-4653-9ac4-44e4858bfe00,2026-08-21T10:30:00Z,2026-08-21T12:30:00+0200,109.57,EUR/MWh,BE,BE,imbalance_price,Short,2026-08-23T11:28:30Z
2026-08-23T11:27:43Z,2026-08-23T13:27:43+0200,aa89dba4-771d-4653-9ac4-44e4858bfe00,2026-08-21T10:45:00Z,2026-08-21T12:45:00+0200,115.58,EUR/MWh,BE,BE,imbalance_price,Long,2026-08-23T11:28:30Z
2026-08-23T11:27:43Z,2026-08-23T13:27:43+0200,aa89dba4-771d-4653-9ac4-44e4858bfe00,2026-08-21T10:45:00Z,2026-08-21T12:45:00+0200,115.58,EUR/MWh,BE,BE,imbalance_price,Short,2026-08-23T11:28:30Z
2026-08-23T11:27:43Z,2026-08-23T13:27:43+0200,aa89dba4-771d-4653-9ac4-44e4858bfe00,2026-08-21T11:00:00Z,2026-08-21T13:00:00+0200,123.0,EUR/MWh,BE,BE,imbalance_price,Long,2026-08-23T11:28:30Z
2026-08-23T11:27:43Z,2026-08-23T13:27:43+0200,aa89dba4-771d-4653-9ac4-44e4858bfe00,2026-08-21T11:00:00Z,2026-08-21T13:00:00+0200,123.0,EUR/MWh,BE,BE,imbalance_price,Short,2026-08-23T11:28:30Z
2026-08-23T11:27:43Z,2026-08-23T13:27:43+0200,aa89dba4-771d-4653-9ac4-44e4858bfe00,2026-08-21T11:15:00Z,2026-08-21T13:15:00+0200,169.97,EUR/MWh,BE,BE,imbalance_price,Long,2026-08-23T11:28:30Z
2026-08-23T11:27:43Z,2026-08-23T13:27:43+0200,aa89dba4-771d-4653-9ac4-44e4858bfe00,2026-08-21T11:15:00Z,2026-08-21T13:15:00+0200,169.97,EUR/MWh,BE,BE,imbalance_price,Short,2026-08-23T11:28:30Z
2026-08-23T11:27:43Z,2026-08-23T13:27:43+0200,aa89dba4-771d-4653-9ac4-44e4858bfe00,2026-08-21T11:30:00Z,2026-08-21T13:30:00+0200,151.39,EUR/MWh,BE,BE,imbalance_price,Long,2026-08-23T11:28:30Z
2026-08-23T11:27:43Z,2026-08-23T13:27:43+0200,aa89dba4-771d-4653-9ac4-44e4858bfe00,2026-08-21T11:30:00Z,2026-08-21T13:30:00+0200,151.39,EUR/MWh,BE,BE,imbalance_price,Short,2026-08-23T11:28:30Z
2026-08-23T11:27:43Z,2026-08-23T13:27:43+0200,aa89dba4-771d-4653-9ac4-44e4858bfe00,2026-08-21T11:45:00Z,2026-08-21T13:45:00+0200,170.64,EUR/MWh,BE,BE,imbalance_price,Long,2026-08-23T11:28:30Z
2026-08-23T11:27:43Z,2026-08-23T13:27:43+0200,aa89dba4-771d-4653-9ac4-44e4858bfe00,2026-08-21T11:45:00Z,2026-08-21T13:45:00+0200,170.64,EUR/MWh,BE,BE,imbalance_price,Short,2026-08-23T11:28:30Z
2026-08-23T11:27:43Z,2026-08-23T13:27:43+0200,aa89dba4-771d-4653-9ac4-44e4858bfe00,2026-08-21T12:00:00Z,2026-08-21T14:00:00+0200,126.61,EUR/MWh,BE,BE,imbalance_price,Long,2026-08-23T11:28:30Z
2026-08-23T11:27:43Z,2026-08-23T13:27:43+0200,aa89dba4-771d-4653-9ac4-44e4858bfe00,2026-08-21T12:00:00Z,2026-08-21T14:00:00+0200,126.61,EUR/MWh,BE,BE,imbalance_price,Short,2026-08-23T11:28:30Z
2026-08-23T11:27:43Z,2026-08-23T13:27:43+0200,aa89dba4-771d-4653-9ac4-44e4858bfe00,2026-08-21T12:15:00Z,2026-08-21T14:15:00+0200,132.99,EUR/MWh,BE,BE,imbalance_price,Long,2026-08-23T11:28:30Z
2026-08-23T11:27:43Z,2026-08-23T13:27:43+0200,aa89dba4-771d-4653-9ac4-44e4858bfe00,2026-08-21T12:15:00Z,2026-08-21T14:15:00+0200,132.99,EUR/MWh,BE,BE,imbalance_price,Short,2026-08-23T11:28:30Z
2026-08-23T11:27:43Z,2026-08-23T13:27:43+0200,aa89dba4-771d-4653-9ac4-44e4858bfe00,2026-08-21T12:30:00Z,2026-08-21T14:30:00+0200,124.52,EUR/MWh,BE,BE,imbalance_price,Long,2026-08-23T11:28:30Z
2026-08-23T11:27:43Z,2026-08-23T13:27:43+0200,aa89dba4-771d-4653-9ac4-44e4858bfe00,2026-08-21T12:30:00Z,2026-08-21T14:30:00+0200,124.52,EUR/MWh,BE,BE,imbalance_price,Short,2026-08-23T11:28:30Z
2026-08-23T11:27:43Z,2026-08-23T13:27:43+0200,aa89dba4-771d-4653-9ac4-44e4858bfe00,2026-08-21T12:45:00Z,2026-08-21T14:45:00+0200,90.89,EUR/MWh,BE,BE,imbalance_price,Long,2026-08-23T11:28:30Z
2026-08-23T11:27:43Z,2026-08-23T13:27:43+0200,aa89dba4-771d-4653-9ac4-44e4858bfe00,2026-08-21T12:45:00Z,2026-08-21T14:45:00+0200,90.89,EUR/MWh,BE,BE,imbalance_price,Short,2026-08-23T11:28:30Z
2026-08-23T11:27:43Z,2026-08-23T13:27:43+0200,aa89dba4-771d-4653-9ac4-44e4858bfe00,2026-08-21T13:00:00Z,2026-08-21T15:00:00+0200,-91.92,EUR/MWh,BE,BE,imbalance_price,Long,2026-08-23T11:28:30Z
2026-08-23T11:27:43Z,2026-08-23T13:27:43+0200,aa89dba4-771d-4653-9ac4-44e4858bfe00,2026-08-21T13:00:00Z,2026-08-21T15:00:00+0200,-91.92,EUR/MWh,BE,BE,imbalance_price,Short,2026-08-23T11:28:30Z
2026-08-23T11:27:43Z,2026-08-23T13:27:43+0200,aa89dba4-771d-4653-9ac4-44e4858bfe00,2026-08-21T13:15:00Z,2026-08-21T15:15:00+0200,-18.79,EUR/MWh,BE,BE,imbalance_price,Long,2026-08-23T11:28:30Z
2026-08-23T11:27:43Z,2026-08-23T13:27:43+0200,aa89dba4-771d-4653-9ac4-44e4858bfe00,2026-08-21T13:15:00Z,2026-08-21T15:15:00+0200,-18.79,EUR/MWh,BE,BE,imbalance_price,Short,2026-08-23T11:28:30Z
2026-08-23T11:27:43Z,2026-08-23T13:27:43+0200,aa89dba4-771d-4653-9ac4-44e4858bfe00,2026-08-21T13:30:00Z,2026-08-21T15:30:00+0200,73.87,EUR/MWh,BE,BE,imbalance_price,Long,2026-08-23T11:28:30Z
2026-08-23T11:27:43Z,2026-08-23T13:27:43+0200,aa89dba4-771d-4653-9ac4-44e4858bfe00,2026-08-21T13:30:00Z,2026-08-21T15:30:00+0200,73.87,EUR/MWh,BE,BE,imbalance_price,Short,2026-08-23T11:28:30Z
2026-08-23T11:27:43Z,2026-08-23T13:27:43+0200,aa89dba4-771d-4653-9ac4-44e4858bfe00,2026-08-21T13:45:00Z,2026-08-21T15:45:00+0200,60.21,EUR/MWh,BE,BE,imbalance_price,Long,2026-08-23T11:28:30Z
2026-08-23T11:27:43Z,2026-08-23T13:27:43+0200,aa89dba4-771d-4653-9ac4-44e4858bfe00,2026-08-21T13:45:00Z,2026-08-21T15:45:00+0200,60.21,EUR/MWh,BE,BE,imbalance_price,Short,2026-08-23T11:28:30Z
2026-08-23T11:27:43Z,2026-08-23T13:27:43+0200,aa89dba4-771d-4653-9ac4-44e4858bfe00,2026-08-21T14:00:00Z,2026-08-21T16:00:00+0200,151.17,EUR/MWh,BE,BE,imbalance_price,Long,2026-08-23T11:28:30Z
2026-08-23T11:27:43Z,2026-08-23T13:27:43+0200,aa89dba4-771d-4653-9ac4-44e4858bfe00,2026-08-21T14:00:00Z,2026-08-21T16:00:00+0200,151.17,EUR/MWh,BE,BE,imbalance_price,Short,2026-08-23T11:28:30Z
2026-08-23T11:27:43Z,2026-08-23T13:27:43+0200,aa89dba4-771d-4653-9ac4-44e4858bfe00,2026-08-21T14:15:00Z,2026-08-21T16:15:00+0200,167.75,EUR/MWh,BE,BE,imbalance_price,Long,2026-08-23T11:28:30Z
2026-08-23T11:27:43Z,2026-08-23T13:27:43+0200,aa89dba4-771d-4653-9ac4-44e4858bfe00,2026-08-21T14:15:00Z,2026-08-21T16:15:00+0200,167.75,EUR/MWh,BE,BE,imbalance_price,Short,2026-08-23T11:28:30Z
2026-08-23T11:27:43Z,2026-08-23T13:27:43+0200,aa89dba4-771d-4653-9ac4-44e4858bfe00,2026-08-21T14:30:00Z,2026-08-21T16:30:00+0200,163.99,EUR/MWh,BE,BE,imbalance_price,Long,2026-08-23T11:28:30Z
2026-08-23T11:27:43Z,2026-08-23T13:27:43+0200,aa89dba4-771d-4653-9ac4-44e4858bfe00,2026-08-21T14:30:00Z,2026-08-21T16:30:00+0200,163.99,EUR/MWh,BE,BE,imbalance_price,Short,2026-08-23T11:28:30Z
2026-08-23T11:27:43Z,2026-08-23T13:27:43+0200,aa89dba4-771d-4653-9ac4-44e4858bfe00,2026-08-21T14:45:00Z,2026-08-21T16:45:00+0200,164.73,EUR/MWh,BE,BE,imbalance_price,Long,2026-08-23T11:28:30Z
2026-08-23T11:27:43Z,2026-08-23T13:27:43+0200,aa89dba4-771d-4653-9ac4-44e4858bfe00,2026-08-21T14:45:00Z,2026-08-21T16:45:00+0200,164.73,EUR/MWh,BE,BE,imbalance_price,Short,2026-08-23T11:28:30Z
2026-08-23T11:27:43Z,2026-08-23T13:27:43+0200,aa89dba4-771d-4653-9ac4-44e4858bfe00,2026-08-21T15:00:00Z,2026-08-21T17:00:00+0200,174.94,EUR/MWh,BE,BE,imbalance_price,Long,2026-08-23T11:28:30Z
2026-08-23T11:27:43Z,2026-08-23T13:27:43+0200,aa89dba4-771d-4653-9ac4-44e4858bfe00,2026-08-21T15:00:00Z,2026-08-21T17:00:00+0200,174.94,EUR/MWh,BE,BE,imbalance_price,Short,2026-08-23T11:28:30Z
2026-08-23T11:27:43Z,2026-08-23T13:27:43+0200,aa89dba4-771d-4653-9ac4-44e4858bfe00,2026-08-21T15:15:00Z,2026-08-21T17:15:00+0200,167.95,EUR/MWh,BE,BE,imbalance_price,Long,2026-08-23T11:28:30Z
2026-08-23T11:27:43Z,2026-08-23T13:27:43+0200,aa89dba4-771d-4653-9ac4-44e4858bfe00,2026-08-21T15:15:00Z,2026-08-21T17:15:00+0200,167.95,EUR/MWh,BE,BE,imbalance_price,Short,2026-08-23T11:28:30Z
2026-08-23T11:27:43Z,2026-08-23T13:27:43+0200,aa89dba4-771d-4653-9ac4-44e4858bfe00,2026-08-21T15:30:00Z,2026-08-21T17:30:00+0200,163.71,EUR/MWh,BE,BE,imbalance_price,Long,2026-08-23T11:28:30Z
2026-08-23T11:27:43Z,2026-08-23T13:27:43+0200,aa89dba4-771d-4653-9ac4-44e4858bfe00,2026-08-21T15:30:00Z,2026-08-21T17:30:00+0200,163.71,EUR/MWh,BE,BE,imbalance_price,Short,2026-08-23T11:28:30Z
2026-08-23T11:27:43Z,2026-08-23T13:27:43+0200,aa89dba4-771d-4653-9ac4-44e4858bfe00,2026-08-21T15:45:00Z,2026-08-21T17:45:00+0200,174.78,EUR/MWh,BE,BE,imbalance_price,Long,2026-08-23T11:28:30Z
2026-08-23T11:27:43Z,2026-08-23T13:27:43+0200,aa89dba4-771d-4653-9ac4-44e4858bfe00,2026-08-21T15:45:00Z,2026-08-21T17:45:00+0200,174.78,EUR/MWh,BE,BE,imbalance_price,Short,2026-08-23T11:28:30Z
2026-08-23T11:27:43Z,2026-08-23T13:27:43+0200,aa89dba4-771d-4653-9ac4-44e4858bfe00,2026-08-21T16:00:00Z,2026-08-21T18:00:00+0200,174.72,EUR/MWh,BE,BE,imbalance_price,Long,2026-08-23T11:28:30Z
2026-08-23T11:27:43Z,2026-08-23T13:27:43+0200,aa89dba4-771d-4653-9ac4-44e4858bfe00,2026-08-21T16:00:00Z,2026-08-21T18:00:00+0200,174.72,EUR/MWh,BE,BE,imbalance_price,Short,2026-08-23T11:28:30Z
2026-08-23T11:27:43Z,2026-08-23T13:27:43+0200,aa89dba4-771d-4653-9ac4-44e4858bfe00,2026-08-21T16:15:00Z,2026-08-21T18:15:00+0200,168.48,EUR/MWh,BE,BE,imbalance_price,Long,2026-08-23T11:28:30Z
2026-08-23T11:27:43Z,2026-08-23T13:27:43+0200,aa89dba4-771d-4653-9ac4-44e4858bfe00,2026-08-21T16:15:00Z,2026-08-21T18:15:00+0200,168.48,EUR/MWh,BE,BE,imbalance_price,Short,2026-08-23T11:28:30Z
2026-08-23T11:27:43Z,2026-08-23T13:27:43+0200,aa89dba4-771d-4653-9ac4-44e4858bfe00,2026-08-21T16:30:00Z,2026-08-21T18:30:00+0200,172.97,EUR/MWh,BE,BE,imbalance_price,Long,2026-08-23T11:28:30Z
2026-08-23T11:27:43Z,2026-08-23T13:27:43+0200,aa89dba4-771d-4653-9ac4-44e4858bfe00,2026-08-21T16:30:00Z,2026-08-21T18:30:00+0200,172.97,EUR/MWh,BE,BE,imbalance_price,Short,2026-08-23T11:28:30Z
2026-08-23T11:27:43Z,2026-08-23T13:27:43+0200,aa89dba4-771d-4653-9ac4-44e4858bfe00,2026-08-21T16:45:00Z,2026-08-21T18:45:00+0200,168.07,EUR/MWh,BE,BE,imbalance_price,Long,2026-08-23T11:28:30Z
2026-08-23T11:27:43Z,2026-08-23T13:27:43+0200,aa89dba4-771d-4653-9ac4-44e4858bfe00,2026-08-21T16:45:00Z,2026-08-21T18:45:00+0200,168.07,EUR/MWh,BE,BE,imbalance_price,Short,2026-08-23T11:28:30Z
2026-08-23T11:27:43Z,2026-08-23T13:27:43+0200,aa89dba4-771d-4653-9ac4-44e4858bfe00,2026-08-21T17:00:00Z,2026-08-21T19:00:00+0200,176.47,EUR/MWh,BE,BE,imbalance_price,Long,2026-08-23T11:28:30Z
2026-08-23T11:27:43Z,2026-08-23T13:27:43+0200,aa89dba4-771d-4653-9ac4-44e4858bfe00,2026-08-21T17:00:00Z,2026-08-21T19:00:00+0200,176.47,EUR/MWh,BE,BE,imbalance_price,Short,2026-08-23T11:28:30Z
2026-08-23T11:27:43Z,2026-08-23T13:27:43+0200,aa89dba4-771d-4653-9ac4-44e4858bfe00,2026-08-21T17:15:00Z,2026-08-21T19:15:00+0200,179.93,EUR/MWh,BE,BE,imbalance_price,Long,2026-08-23T11:28:30Z
2026-08-23T11:27:43Z,2026-08-23T13:27:43+0200,aa89dba4-771d-4653-9ac4-44e4858bfe00,2026-08-21T17:15:00Z,2026-08-21T19:15:00+0200,179.93,EUR/MWh,BE,BE,imbalance_price,Short,2026-08-23T11:28:30Z
2026-08-23T11:27:43Z,2026-08-23T13:27:43+0200,aa89dba4-771d-4653-9ac4-44e4858bfe00,2026-08-21T17:30:00Z,2026-08-21T19:30:00+0200,159.55,EUR/MWh,BE,BE,imbalance_price,Long,2026-08-23T11:28:30Z
2026-08-23T11:27:43Z,2026-08-23T13:27:43+0200,aa89dba4-771d-4653-9ac4-44e4858bfe00,2026-08-21T17:30:00Z,2026-08-21T19:30:00+0200,159.55,EUR/MWh,BE,BE,imbalance_price,Short,2026-08-23T11:28:30Z
2026-08-23T11:27:43Z,2026-08-23T13:27:43+0200,aa89dba4-771d-4653-9ac4-44e4858bfe00,2026-08-21T17:45:00Z,2026-08-21T19:45:00+0200,167.78,EUR/MWh,BE,BE,imbalance_price,Long,2026-08-23T11:28:30Z
2026-08-23T11:27:43Z,2026-08-23T13:27:43+0200,aa89dba4-771d-4653-9ac4-44e4858bfe00,2026-08-21T17:45:00Z,2026-08-21T19:45:00+0200,167.78,EUR/MWh,BE,BE,imbalance_price,Short,2026-08-23T11:28:30Z
2026-08-23T11:27:43Z,2026-08-23T13:27:43+0200,aa89dba4-771d-4653-9ac4-44e4858bfe00,2026-08-21T18:00:00Z,2026-08-21T20:00:00+0200,161.78,EUR/MWh,BE,BE,imbalance_price,Long,2026-08-23T11:28:30Z
2026-08-23T11:27:43Z,2026-08-23T13:27:43+0200,aa89dba4-771d-4653-9ac4-44e4858bfe00,2026-08-21T18:00:00Z,2026-08-21T20:00:00+0200,161.78,EUR/MWh,BE,BE,imbalance_price,Short,2026-08-23T11:28:30Z
2026-08-23T11:27:43Z,2026-08-23T13:27:43+0200,aa89dba4-771d-4653-9ac4-44e4858bfe00,2026-08-21T18:15:00Z,2026-08-21T20:15:00+0200,172.78,EUR/MWh,BE,BE,imbalance_price,Long,2026-08-23T11:28:30Z
2026-08-23T11:27:43Z,2026-08-23T13:27:43+0200,aa89dba4-771d-4653-9ac4-44e4858bfe00,2026-08-21T18:15:00Z,2026-08-21T20:15:00+0200,172.78,EUR/MWh,BE,BE,imbalance_price,Short,2026-08-23T11:28:30Z
2026-08-23T11:27:43Z,2026-08-23T13:27:43+0200,aa89dba4-771d-4653-9ac4-44e4858bfe00,2026-08-21T18:30:00Z,2026-08-21T20:30:00+0200,176.96,EUR/MWh,BE,BE,imbalance_price,Long,2026-08-23T11:28:30Z
2026-08-23T11:27:43Z,2026-08-23T13:27:43+0200,aa89dba4-771d-4653-9ac4-44e4858bfe00,2026-08-21T18:30:00Z,2026-08-21T20:30:00+0200,176.96,EUR/MWh,BE,BE,imbalance_price,Short,2026-08-23T11:28:30Z
2026-08-23T11:27:43Z,2026-08-23T13:27:43+0200,aa89dba4-771d-4653-9ac4-44e4858bfe00,2026-08-21T18:45:00Z,2026-08-21T20:45:00+0200,200.0,EUR/MWh,BE,BE,imbalance_price,Long,2026-08-23T11:28:30Z
2026-08-23T11:27:43Z,2026-08-23T13:27:43+0200,aa89dba4-771d-4653-9ac4-44e4858bfe00,2026-08-21T18:45:00Z,2026-08-21T20:45:00+0200,200.0,EUR/MWh,BE,BE,imbalance_price,Short,2026-08-23T11:28:30Z
2026-08-23T11:27:43Z,2026-08-23T13:27:43+0200,aa89dba4-771d-4653-9ac4-44e4858bfe00,2026-08-21T19:00:00Z,2026-08-21T21:00:00+0200,200.0,EUR/MWh,BE,BE,imbalance_price,Long,2026-08-23T11:28:30Z
2026-08-23T11:27:43Z,2026-08-23T13:27:43+0200,aa89dba4-771d-4653-9ac4-44e4858bfe00,2026-08-21T19:00:00Z,2026-08-21T21:00:00+0200,200.0,EUR/MWh,BE,BE,imbalance_price,Short,2026-08-23T11:28:30Z
2026-08-23T11:27:43Z,2026-08-23T13:27:43+0200,aa89dba4-771d-4653-9ac4-44e4858bfe00,2026-08-21T19:15:00Z,2026-08-21T21:15:00+0200,200.0,EUR/MWh,BE,BE,imbalance_price,Long,2026-08-23T11:28:30Z
2026-08-23T11:27:43Z,2026-08-23T13:27:43+0200,aa89dba4-771d-4653-9ac4-44e4858bfe00,2026-08-21T19:15:00Z,2026-08-21T21:15:00+0200,200.0,EUR/MWh,BE,BE,imbalance_price,Short,2026-08-23T11:28:30Z
2026-08-23T11:27:43Z,2026-08-23T13:27:43+0200,aa89dba4-771d-4653-9ac4-44e4858bfe00,2026-08-21T19:30:00Z,2026-08-21T21:30:00+0200,182.86,EUR/MWh,BE,BE,imbalance_price,Long,2026-08-23T11:28:30Z
2026-08-23T11:27:43Z,2026-08-23T13:27:43+0200,aa89dba4-771d-4653-9ac4-44e4858bfe00,2026-08-21T19:30:00Z,2026-08-21T21:30:00+0200,182.86,EUR/MWh,BE,BE,imbalance_price,Short,2026-08-23T11:28:30Z
2026-08-23T11:27:43Z,2026-08-23T13:27:43+0200,aa89dba4-771d-4653-9ac4-44e4858bfe00,2026-08-21T19:45:00Z,2026-08-21T21:45:00+0200,179.78,EUR/MWh,BE,BE,imbalance_price,Long,2026-08-23T11:28:30Z
2026-08-23T11:27:43Z,2026-08-23T13:27:43+0200,aa89dba4-771d-4653-9ac4-44e4858bfe00,2026-08-21T19:45:00Z,2026-08-21T21:45:00+0200,179.78,EUR/MWh,BE,BE,imbalance_price,Short,2026-08-23T11:28:30Z
2026-08-23T11:27:43Z,2026-08-23T13:27:43+0200,aa89dba4-771d-4653-9ac4-44e4858bfe00,2026-08-21T20:00:00Z,2026-08-21T22:00:00+0200,123.65,EUR/MWh,BE,BE,imbalance_price,Long,2026-08-23T11:28:30Z
2026-08-23T11:27:43Z,2026-08-23T13:27:43+0200,aa89dba4-771d-4653-9ac4-44e4858bfe00,2026-08-21T20:00:00Z,2026-08-21T22:00:00+0200,123.65,EUR/MWh,BE,BE,imbalance_price,Short,2026-08-23T11:28:30Z
2026-08-23T11:27:43Z,2026-08-23T13:27:43+0200,aa89dba4-771d-4653-9ac4-44e4858bfe00,2026-08-21T20:15:00Z,2026-08-21T22:15:00+0200,130.02,EUR/MWh,BE,BE,imbalance_price,Long,2026-08-23T11:28:30Z
2026-08-23T11:27:43Z,2026-08-23T13:27:43+0200,aa89dba4-771d-4653-9ac4-44e4858bfe00,2026-08-21T20:15:00Z,2026-08-21T22:15:00+0200,130.02,EUR/MWh,BE,BE,imbalance_price,Short,2026-08-23T11:28:30Z
2026-08-23T11:27:43Z,2026-08-23T13:27:43+0200,aa89dba4-771d-4653-9ac4-44e4858bfe00,2026-08-21T20:30:00Z,2026-08-21T22:30:00+0200,126.19,EUR/MWh,BE,BE,imbalance_price,Long,2026-08-23T11:28:30Z
2026-08-23T11:27:43Z,2026-08-23T13:27:43+0200,aa89dba4-771d-4653-9ac4-44e4858bfe00,2026-08-21T20:30:00Z,2026-08-21T22:30:00+0200,126.19,EUR/MWh,BE,BE,imbalance_price,Short,2026-08-23T11:28:30Z
2026-08-23T11:27:43Z,2026-08-23T13:27:43+0200,aa89dba4-771d-4653-9ac4-44e4858bfe00,2026-08-21T20:45:00Z,2026-08-21T22:45:00+0200,182.41,EUR/MWh,BE,BE,imbalance_price,Long,2026-08-23T11:28:30Z
2026-08-23T11:27:43Z,2026-08-23T13:27:43+0200,aa89dba4-771d-4653-9ac4-44e4858bfe00,2026-08-21T20:45:00Z,2026-08-21T22:45:00+0200,182.41,EUR/MWh,BE,BE,imbalance_price,Short,2026-08-23T11:28:30Z
2026-08-23T11:27:43Z,2026-08-23T13:27:43+0200,aa89dba4-771d-4653-9ac4-44e4858bfe00,2026-08-21T21:00:00Z,2026-08-21T23:00:00+0200,200.0,EUR/MWh,BE,BE,imbalance_price,Long,2026-08-23T11:28:30Z
2026-08-23T11:27:43Z,2026-08-23T13:27:43+0200,aa89dba4-771d-4653-9ac4-44e4858bfe00,2026-08-21T21:00:00Z,2026-08-21T23:00:00+0200,200.0,EUR/MWh,BE,BE,imbalance_price,Short,2026-08-23T11:28:30Z
2026-08-23T11:27:43Z,2026-08-23T13:27:43+0200,aa89dba4-771d-4653-9ac4-44e4858bfe00,2026-08-21T21:15:00Z,2026-08-21T23:15:00+0200,200.0,EUR/MWh,BE,BE,imbalance_price,Long,2026-08-23T11:28:30Z
2026-08-23T11:27:43Z,2026-08-23T13:27:43+0200,aa89dba4-771d-4653-9ac4-44e4858bfe00,2026-08-21T21:15:00Z,2026-08-21T23:15:00+0200,200.0,EUR/MWh,BE,BE,imbalance_price,Short,2026-08-23T11:28:30Z
2026-08-23T11:27:43Z,2026-08-23T13:27:43+0200,aa89dba4-771d-4653-9ac4-44e4858bfe00,2026-08-21T21:30:00Z,2026-08-21T23:30:00+0200,200.0,EUR/MWh,BE,BE,imbalance_price,Long,2026-08-23T11:28:30Z
2026-08-23T11:27:43Z,2026-08-23T13:27:43+0200,aa89dba4-771d-4653-9ac4-44e4858bfe00,2026-08-21T21:30:00Z,2026-08-21T23:30:00+0200,200.0,EUR/MWh,BE,BE,imbalance_price,Short,2026-08-23T11:28:30Z
2026-08-23T11:27:43Z,2026-08-23T13:27:43+0200,aa89dba4-771d-4653-9ac4-44e4858bfe00,2026-08-21T21:45:00Z,2026-08-21T23:45:00+0200,200.0,EUR/MWh,BE,BE,imbalance_price,Long,2026-08-23T11:28:30Z
2026-08-23T11:27:43Z,2026-08-23T13:27:43+0200,aa89dba4-771d-4653-9ac4-44e4858bfe00,2026-08-21T21:45:00Z,2026-08-21T23:45:00+0200,200.0,EUR/MWh,BE,BE,imbalance_price,Short,2026-08-23T11:28:30Z
2026-08-23T11:27:43Z,2026-08-23T13:27:43+0200,aa89dba4-771d-4653-9ac4-44e4858bfe00,2026-08-21T22:00:00Z,2026-08-22T00:00:00+0200,176.92,EUR/MWh,BE,BE,imbalance_price,Long,2026-08-23T11:28:30Z
2026-08-23T11:27:43Z,2026-08-23T13:27:43+0200,aa89dba4-771d-4653-9ac4-44e4858bfe00,2026-08-21T22:00:00Z,2026-08-22T00:00:00+0200,176.92,EUR/MWh,BE,BE,imbalance_price,Short,2026-08-23T11:28:30Z
2026-08-23T11:27:43Z,2026-08-23T13:27:43+0200,aa89dba4-771d-4653-9ac4-44e4858bfe00,2026-08-21T22:15:00Z,2026-08-22T00:15:00+0200,171.27,EUR/MWh,BE,BE,imbalance_price,Long,2026-08-23T11:28:30Z
2026-08-23T11:27:43Z,2026-08-23T13:27:43+0200,aa89dba4-771d-4653-9ac4-44e4858bfe00,2026-08-21T22:15:00Z,2026-08-22T00:15:00+0200,171.27,EUR/MWh,BE,BE,imbalance_price,Short,2026-08-23T11:28:30Z
2026-08-23T11:27:43Z,2026-08-23T13:27:43+0200,aa89dba4-771d-4653-9ac4-44e4858bfe00,2026-08-21T22:30:00Z,2026-08-22T00:30:00+0200,164.8,EUR/MWh,BE,BE,imbalance_price,Long,2026-08-23T11:28:30Z
2026-08-23T11:27:43Z,2026-08-23T13:27:43+0200,aa89dba4-771d-4653-9ac4-44e4858bfe00,2026-08-21T22:30:00Z,2026-08-22T00:30:00+0200,164.8,EUR/MWh,BE,BE,imbalance_price,Short,2026-08-23T11:28:30Z
2026-08-23T11:27:43Z,2026-08-23T13:27:43+0200,aa89dba4-771d-4653-9ac4-44e4858bfe00,2026-08-21T22:45:00Z,2026-08-22T00:45:00+0200,168.91,EUR/MWh,BE,BE,imbalance_price,Long,2026-08-23T11:28:30Z
2026-08-23T11:27:43Z,2026-08-23T13:27:43+0200,aa89dba4-771d-4653-9ac4-44e4858bfe00,2026-08-21T22:45:00Z,2026-08-22T00:45:00+0200,168.91,EUR/MWh,BE,BE,imbalance_price,Short,2026-08-23T11:28:30Z
2026-08-23T11:27:43Z,2026-08-23T13:27:43+0200,aa89dba4-771d-4653-9ac4-44e4858bfe00,2026-08-21T23:00:00Z,2026-08-22T01:00:00+0200,138.42,EUR/MWh,BE,BE,imbalance_price,Long,2026-08-23T11:28:30Z
2026-08-23T11:27:43Z,2026-08-23T13:27:43+0200,aa89dba4-771d-4653-9ac4-44e4858bfe00,2026-08-21T23:00:00Z,2026-08-22T01:00:00+0200,138.42,EUR/MWh,BE,BE,imbalance_price,Short,2026-08-23T11:28:30Z
2026-08-23T11:27:43Z,2026-08-23T13:27:43+0200,aa89dba4-771d-4653-9ac4-44e4858bfe00,2026-08-21T23:15:00Z,2026-08-22T01:15:00+0200,151.17,EUR/MWh,BE,BE,imbalance_price,Long,2026-08-23T11:28:30Z
2026-08-23T11:27:43Z,2026-08-23T13:27:43+0200,aa89dba4-771d-4653-9ac4-44e4858bfe00,2026-08-21T23:15:00Z,2026-08-22T01:15:00+0200,151.17,EUR/MWh,BE,BE,imbalance_price,Short,2026-08-23T11:28:30Z
2026-08-23T11:27:43Z,2026-08-23T13:27:43+0200,aa89dba4-771d-4653-9ac4-44e4858bfe00,2026-08-21T23:30:00Z,2026-08-22T01:30:00+0200,147.16,EUR/MWh,BE,BE,imbalance_price,Long,2026-08-23T11:28:30Z
2026-08-23T11:27:43Z,2026-08-23T13:27:43+0200,aa89dba4-771d-4653-9ac4-44e4858bfe00,2026-08-21T23:30:00Z,2026-08-22T01:30:00+0200,147.16,EUR/MWh,BE,BE,imbalance_price,Short,2026-08-23T11:28:30Z
2026-08-23T11:27:43Z,2026-08-23T13:27:43+0200,aa89dba4-771d-4653-9ac4-44e4858bfe00,2026-08-21T23:45:00Z,2026-08-22T01:45:00+0200,144.74,EUR/MWh,BE,BE,imbalance_price,Long,2026-08-23T11:28:30Z
2026-08-23T11:27:43Z,2026-08-23T13:27:43+0200,aa89dba4-771d-4653-9ac4-44e4858bfe00,2026-08-21T23:45:00Z,2026-08-22T01:45:00+0200,144.74,EUR/MWh,BE,BE,imbalance_price,Short,2026-08-23T11:28:30Z
2026-08-23T11:27:43Z,2026-08-23T13:27:43+0200,aa89dba4-771d-4653-9ac4-44e4858bfe00,2026-08-22T00:00:00Z,2026-08-22T02:00:00+0200,145.36,EUR/MWh,BE,BE,imbalance_price,Long,2026-08-23T11:28:30Z
2026-08-23T11:27:43Z,2026-08-23T13:27:43+0200,aa89dba4-771d-4653-9ac4-44e4858bfe00,2026-08-22T00:00:00Z,2026-08-22T02:00:00+0200,145.36,EUR/MWh,BE,BE,imbalance_price,Short,2026-08-23T11:28:30Z
2026-08-23T11:27:43Z,2026-08-23T13:27:43+0200,aa89dba4-771d-4653-9ac4-44e4858bfe00,2026-08-22T00:15:00Z,2026-08-22T02:15:00+0200,161.01,EUR/MWh,BE,BE,imbalance_price,Long,2026-08-23T11:28:30Z
2026-08-23T11:27:43Z,2026-08-23T13:27:43+0200,aa89dba4-771d-4653-9ac4-44e4858bfe00,2026-08-22T00:15:00Z,2026-08-22T02:15:00+0200,161.01,EUR/MWh,BE,BE,imbalance_price,Short,2026-08-23T11:28:30Z
2026-08-23T11:27:43Z,2026-08-23T13:27:43+0200,aa89dba4-771d-4653-9ac4-44e4858bfe00,2026-08-22T00:30:00Z,2026-08-22T02:30:00+0200,162.67,EUR/MWh,BE,BE,imbalance_price,Long,2026-08-23T11:28:30Z
2026-08-23T11:27:43Z,2026-08-23T13:27:43+0200,aa89dba4-771d-4653-9ac4-44e4858bfe00,2026-08-22T00:30:00Z,2026-08-22T02:30:00+0200,162.67,EUR/MWh,BE,BE,imbalance_price,Short,2026-08-23T11:28:30Z
2026-08-23T11:27:43Z,2026-08-23T13:27:43+0200,aa89dba4-771d-4653-9ac4-44e4858bfe00,2026-08-22T00:45:00Z,2026-08-22T02:45:00+0200,124.42,EUR/MWh,BE,BE,imbalance_price,Long,2026-08-23T11:28:30Z
2026-08-23T11:27:43Z,2026-08-23T13:27:43+0200,aa89dba4-771d-4653-9ac4-44e4858bfe00,2026-08-22T00:45:00Z,2026-08-22T02:45:00+0200,124.42,EUR/MWh,BE,BE,imbalance_price,Short,2026-08-23T11:28:30Z
2026-08-23T11:27:43Z,2026-08-23T13:27:43+0200,aa89dba4-771d-4653-9ac4-44e4858bfe00,2026-08-22T01:00:00Z,2026-08-22T03:00:00+0200,128.94,EUR/MWh,BE,BE,imbalance_price,Long,2026-08-23T11:28:30Z
2026-08-23T11:27:43Z,2026-08-23T13:27:43+0200,aa89dba4-771d-4653-9ac4-44e4858bfe00,2026-08-22T01:00:00Z,2026-08-22T03:00:00+0200,128.94,EUR/MWh,BE,BE,imbalance_price,Short,2026-08-23T11:28:30Z
2026-08-23T11:27:43Z,2026-08-23T13:27:43+0200,aa89dba4-771d-4653-9ac4-44e4858bfe00,2026-08-22T01:15:00Z,2026-08-22T03:15:00+0200,107.44,EUR/MWh,BE,BE,imbalance_price,Long,2026-08-23T11:28:30Z
2026-08-23T11:27:43Z,2026-08-23T13:27:43+0200,aa89dba4-771d-4653-9ac4-44e4858bfe00,2026-08-22T01:15:00Z,2026-08-22T03:15:00+0200,107.44,EUR/MWh,BE,BE,imbalance_price,Short,2026-08-23T11:28:30Z
2026-08-23T11:27:43Z,2026-08-23T13:27:43+0200,aa89dba4-771d-4653-9ac4-44e4858bfe00,2026-08-22T01:30:00Z,2026-08-22T03:30:00+0200,109.13,EUR/MWh,BE,BE,imbalance_price,Long,2026-08-23T11:28:30Z
2026-08-23T11:27:43Z,2026-08-23T13:27:43+0200,aa89dba4-771d-4653-9ac4-44e4858bfe00,2026-08-22T01:30:00Z,2026-08-22T03:30:00+0200,109.13,EUR/MWh,BE,BE,imbalance_price,Short,2026-08-23T11:28:30Z
2026-08-23T11:27:43Z,2026-08-23T13:27:43+0200,aa89dba4-771d-4653-9ac4-44e4858bfe00,2026-08-22T01:45:00Z,2026-08-22T03:45:00+0200,108.99,EUR/MWh,BE,BE,imbalance_price,Long,2026-08-23T11:28:30Z
2026-08-23T11:27:43Z,2026-08-23T13:27:43+0200,aa89dba4-771d-4653-9ac4-44e4858bfe00,2026-08-22T01:45:00Z,2026-08-22T03:45:00+0200,108.99,EUR/MWh,BE,BE,imbalance_price,Short,2026-08-23T11:28:30Z
2026-08-23T11:27:43Z,2026-08-23T13:27:43+0200,aa89dba4-771d-4653-9ac4-44e4858bfe00,2026-08-22T02:00:00Z,2026-08-22T04:00:00+0200,106.17,EUR/MWh,BE,BE,imbalance_price,Long,2026-08-23T11:28:30Z
2026-08-23T11:27:43Z,2026-08-23T13:27:43+0200,aa89dba4-771d-4653-9ac4-44e4858bfe00,2026-08-22T02:00:00Z,2026-08-22T04:00:00+0200,106.17,EUR/MWh,BE,BE,imbalance_price,Short,2026-08-23T11:28:30Z
2026-08-23T11:27:43Z,2026-08-23T13:27:43+0200,aa89dba4-771d-4653-9ac4-44e4858bfe00,2026-08-22T02:15:00Z,2026-08-22T04:15:00+0200,118.41,EUR/MWh,BE,BE,imbalance_price,Long,2026-08-23T11:28:30Z
2026-08-23T11:27:43Z,2026-08-23T13:27:43+0200,aa89dba4-771d-4653-9ac4-44e4858bfe00,2026-08-22T02:15:00Z,2026-08-22T04:15:00+0200,118.41,EUR/MWh,BE,BE,imbalance_price,Short,2026-08-23T11:28:30Z
2026-08-23T11:27:43Z,2026-08-23T13:27:43+0200,aa89dba4-771d-4653-9ac4-44e4858bfe00,2026-08-22T02:30:00Z,2026-08-22T04:30:00+0200,97.75,EUR/MWh,BE,BE,imbalance_price,Long,2026-08-23T11:28:30Z
2026-08-23T11:27:43Z,2026-08-23T13:27:43+0200,aa89dba4-771d-4653-9ac4-44e4858bfe00,2026-08-22T02:30:00Z,2026-08-22T04:30:00+0200,97.75,EUR/MWh,BE,BE,imbalance_price,Short,2026-08-23T11:28:30Z
2026-08-23T11:27:43Z,2026-08-23T13:27:43+0200,aa89dba4-771d-4653-9ac4-44e4858bfe00,2026-08-22T02:45:00Z,2026-08-22T04:45:00+0200,105.74,EUR/MWh,BE,BE,imbalance_price,Long,2026-08-23T11:28:30Z
2026-08-23T11:27:43Z,2026-08-23T13:27:43+0200,aa89dba4-771d-4653-9ac4-44e4858bfe00,2026-08-22T02:45:00Z,2026-08-22T04:45:00+0200,105.74,EUR/MWh,BE,BE,imbalance_price,Short,2026-08-23T11:28:30Z
2026-08-23T11:27:43Z,2026-08-23T13:27:43+0200,aa89dba4-771d-4653-9ac4-44e4858bfe00,2026-08-22T03:00:00Z,2026-08-22T05:00:00+0200,88.08,EUR/MWh,BE,BE,imbalance_price,Long,2026-08-23T11:28:30Z
2026-08-23T11:27:43Z,2026-08-23T13:27:43+0200,aa89dba4-771d-4653-9ac4-44e4858bfe00,2026-08-22T03:00:00Z,2026-08-22T05:00:00+0200,88.08,EUR/MWh,BE,BE,imbalance_price,Short,2026-08-23T11:28:30Z
2026-08-23T11:27:43Z,2026-08-23T13:27:43+0200,aa89dba4-771d-4653-9ac4-44e4858bfe00,2026-08-22T03:15:00Z,2026-08-22T05:15:00+0200,72.08,EUR/MWh,BE,BE,imbalance_price,Long,2026-08-23T11:28:30Z
2026-08-23T11:27:43Z,2026-08-23T13:27:43+0200,aa89dba4-771d-4653-9ac4-44e4858bfe00,2026-08-22T03:15:00Z,2026-08-22T05:15:00+0200,72.08,EUR/MWh,BE,BE,imbalance_price,Short,2026-08-23T11:28:30Z
2026-08-23T11:27:43Z,2026-08-23T13:27:43+0200,aa89dba4-771d-4653-9ac4-44e4858bfe00,2026-08-22T03:30:00Z,2026-08-22T05:30:00+0200,90.54,EUR/MWh,BE,BE,imbalance_price,Long,2026-08-23T11:28:30Z
2026-08-23T11:27:43Z,2026-08-23T13:27:43+0200,aa89dba4-771d-4653-9ac4-44e4858bfe00,2026-08-22T03:30:00Z,2026-08-22T05:30:00+0200,90.54,EUR/MWh,BE,BE,imbalance_price,Short,2026-08-23T11:28:30Z
2026-08-23T11:27:43Z,2026-08-23T13:27:43+0200,aa89dba4-771d-4653-9ac4-44e4858bfe00,2026-08-22T03:45:00Z,2026-08-22T05:45:00+0200,80.79,EUR/MWh,BE,BE,imbalance_price,Long,2026-08-23T11:28:30Z
2026-08-23T11:27:43Z,2026-08-23T13:27:43+0200,aa89dba4-771d-4653-9ac4-44e4858bfe00,2026-08-22T03:45:00Z,2026-08-22T05:45:00+0200,80.79,EUR/MWh,BE,BE,imbalance_price,Short,2026-08-23T11:28:30Z
2026-08-23T11:27:43Z,2026-08-23T13:27:43+0200,aa89dba4-771d-4653-9ac4-44e4858bfe00,2026-08-22T04:00:00Z,2026-08-22T06:00:00+0200,97.93,EUR/MWh,BE,BE,imbalance_price,Long,2026-08-23T11:28:30Z
2026-08-23T11:27:43Z,2026-08-23T13:27:43+0200,aa89dba4-771d-4653-9ac4-44e4858bfe00,2026-08-22T04:00:00Z,2026-08-22T06:00:00+0200,97.93,EUR/MWh,BE,BE,imbalance_price,Short,2026-08-23T11:28:30Z
2026-08-23T11:27:43Z,2026-08-23T13:27:43+0200,aa89dba4-771d-4653-9ac4-44e4858bfe00,2026-08-22T04:15:00Z,2026-08-22T06:15:00+0200,92.84,EUR/MWh,BE,BE,imbalance_price,Long,2026-08-23T11:28:30Z
2026-08-23T11:27:43Z,2026-08-23T13:27:43+0200,aa89dba4-771d-4653-9ac4-44e4858bfe00,2026-08-22T04:15:00Z,2026-08-22T06:15:00+0200,92.84,EUR/MWh,BE,BE,imbalance_price,Short,2026-08-23T11:28:30Z
2026-08-23T11:27:43Z,2026-08-23T13:27:43+0200,aa89dba4-771d-4653-9ac4-44e4858bfe00,2026-08-22T04:30:00Z,2026-08-22T06:30:00+0200,98.54,EUR/MWh,BE,BE,imbalance_price,Long,2026-08-23T11:28:30Z
2026-08-23T11:27:43Z,2026-08-23T13:27:43+0200,aa89dba4-771d-4653-9ac4-44e4858bfe00,2026-08-22T04:30:00Z,2026-08-22T06:30:00+0200,98.54,EUR/MWh,BE,BE,imbalance_price,Short,2026-08-23T11:28:30Z
2026-08-23T11:27:43Z,2026-08-23T13:27:43+0200,aa89dba4-771d-4653-9ac4-44e4858bfe00,2026-08-22T04:45:00Z,2026-08-22T06:45:00+0200,115.04,EUR/MWh,BE,BE,imbalance_price,Long,2026-08-23T11:28:30Z
2026-08-23T11:27:43Z,2026-08-23T13:27:43+0200,aa89dba4-771d-4653-9ac4-44e4858bfe00,2026-08-22T04:45:00Z,2026-08-22T06:45:00+0200,115.04,EUR/MWh,BE,BE,imbalance_price,Short,2026-08-23T11:28:30Z
2026-08-23T11:27:43Z,2026-08-23T13:27:43+0200,aa89dba4-771d-4653-9ac4-44e4858bfe00,2026-08-22T05:00:00Z,2026-08-22T07:00:00+0200,128.35,EUR/MWh,BE,BE,imbalance_price,Long,2026-08-23T11:28:30Z
2026-08-23T11:27:43Z,2026-08-23T13:27:43+0200,aa89dba4-771d-4653-9ac4-44e4858bfe00,2026-08-22T05:00:00Z,2026-08-22T07:00:00+0200,128.35,EUR/MWh,BE,BE,imbalance_price,Short,2026-08-23T11:28:30Z
2026-08-23T11:27:43Z,2026-08-23T13:27:43+0200,aa89dba4-771d-4653-9ac4-44e4858bfe00,2026-08-22T05:15:00Z,2026-08-22T07:15:00+0200,113.86,EUR/MWh,BE,BE,imbalance_price,Long,2026-08-23T11:28:30Z
2026-08-23T11:27:43Z,2026-08-23T13:27:43+0200,aa89dba4-771d-4653-9ac4-44e4858bfe00,2026-08-22T05:15:00Z,2026-08-22T07:15:00+0200,113.86,EUR/MWh,BE,BE,imbalance_price,Short,2026-08-23T11:28:30Z
2026-08-23T11:27:43Z,2026-08-23T13:27:43+0200,aa89dba4-771d-4653-9ac4-44e4858bfe00,2026-08-22T05:30:00Z,2026-08-22T07:30:00+0200,134.03,EUR/MWh,BE,BE,imbalance_price,Long,2026-08-23T11:28:30Z
2026-08-23T11:27:43Z,2026-08-23T13:27:43+0200,aa89dba4-771d-4653-9ac4-44e4858bfe00,2026-08-22T05:30:00Z,2026-08-22T07:30:00+0200,134.03,EUR/MWh,BE,BE,imbalance_price,Short,2026-08-23T11:28:30Z
2026-08-23T11:27:43Z,2026-08-23T13:27:43+0200,aa89dba4-771d-4653-9ac4-44e4858bfe00,2026-08-22T05:45:00Z,2026-08-22T07:45:00+0200,125.32,EUR/MWh,BE,BE,imbalance_price,Long,2026-08-23T11:28:30Z
2026-08-23T11:27:43Z,2026-08-23T13:27:43+0200,aa89dba4-771d-4653-9ac4-44e4858bfe00,2026-08-22T05:45:00Z,2026-08-22T07:45:00+0200,125.32,EUR/MWh,BE,BE,imbalance_price,Short,2026-08-23T11:28:30Z
2026-08-23T11:27:43Z,2026-08-23T13:27:43+0200,aa89dba4-771d-4653-9ac4-44e4858bfe00,2026-08-22T06:00:00Z,2026-08-22T08:00:00+0200,129.47,EUR/MWh,BE,BE,imbalance_price,Long,2026-08-23T11:28:30Z
2026-08-23T11:27:43Z,2026-08-23T13:27:43+0200,aa89dba4-771d-4653-9ac4-44e4858bfe00,2026-08-22T06:00:00Z,2026-08-22T08:00:00+0200,129.47,EUR/MWh,BE,BE,imbalance_price,Short,2026-08-23T11:28:30Z
2026-08-23T11:27:43Z,2026-08-23T13:27:43+0200,aa89dba4-771d-4653-9ac4-44e4858bfe00,2026-08-22T06:15:00Z,2026-08-22T08:15:00+0200,118.08,EUR/MWh,BE,BE,imbalance_price,Long,2026-08-23T11:28:30Z
2026-08-23T11:27:43Z,2026-08-23T13:27:43+0200,aa89dba4-771d-4653-9ac4-44e4858bfe00,2026-08-22T06:15:00Z,2026-08-22T08:15:00+0200,118.08,EUR/MWh,BE,BE,imbalance_price,Short,2026-08-23T11:28:30Z
2026-08-23T11:27:43Z,2026-08-23T13:27:43+0200,aa89dba4-771d-4653-9ac4-44e4858bfe00,2026-08-22T06:30:00Z,2026-08-22T08:30:00+0200,84.86,EUR/MWh,BE,BE,imbalance_price,Long,2026-08-23T11:28:30Z
2026-08-23T11:27:43Z,2026-08-23T13:27:43+0200,aa89dba4-771d-4653-9ac4-44e4858bfe00,2026-08-22T06:30:00Z,2026-08-22T08:30:00+0200,84.86,EUR/MWh,BE,BE,imbalance_price,Short,2026-08-23T11:28:30Z
2026-08-23T11:27:43Z,2026-08-23T13:27:43+0200,aa89dba4-771d-4653-9ac4-44e4858bfe00,2026-08-22T06:45:00Z,2026-08-22T08:45:00+0200,48.8,EUR/MWh,BE,BE,imbalance_price,Long,2026-08-23T11:28:30Z
2026-08-23T11:27:43Z,2026-08-23T13:27:43+0200,aa89dba4-771d-4653-9ac4-44e4858bfe00,2026-08-22T06:45:00Z,2026-08-22T08:45:00+0200,48.8,EUR/MWh,BE,BE,imbalance_price,Short,2026-08-23T11:28:30Z
2026-08-23T11:27:43Z,2026-08-23T13:27:43+0200,aa89dba4-771d-4653-9ac4-44e4858bfe00,2026-08-22T07:00:00Z,2026-08-22T09:00:00+0200,54.0,EUR/MWh,BE,BE,imbalance_price,Long,2026-08-23T11:28:30Z
2026-08-23T11:27:43Z,2026-08-23T13:27:43+0200,aa89dba4-771d-4653-9ac4-44e4858bfe00,2026-08-22T07:00:00Z,2026-08-22T09:00:00+0200,54.0,EUR/MWh,BE,BE,imbalance_price,Short,2026-08-23T11:28:30Z
2026-08-23T11:27:43Z,2026-08-23T13:27:43+0200,aa89dba4-771d-4653-9ac4-44e4858bfe00,2026-08-22T07:15:00Z,2026-08-22T09:15:00+0200,20.18,EUR/MWh,BE,BE,imbalance_price,Long,2026-08-23T11:28:30Z
2026-08-23T11:27:43Z,2026-08-23T13:27:43+0200,aa89dba4-771d-4653-9ac4-44e4858bfe00,2026-08-22T07:15:00Z,2026-08-22T09:15:00+0200,20.18,EUR/MWh,BE,BE,imbalance_price,Short,2026-08-23T11:28:30Z
2026-08-23T11:27:43Z,2026-08-23T13:27:43+0200,aa89dba4-771d-4653-9ac4-44e4858bfe00,2026-08-22T07:30:00Z,2026-08-22T09:30:00+0200,-12.53,EUR/MWh,BE,BE,imbalance_price,Long,2026-08-23T11:28:30Z
2026-08-23T11:27:43Z,2026-08-23T13:27:43+0200,aa89dba4-771d-4653-9ac4-44e4858bfe00,2026-08-22T07:30:00Z,2026-08-22T09:30:00+0200,-12.53,EUR/MWh,BE,BE,imbalance_price,Short,2026-08-23T11:28:30Z
2026-08-23T11:27:43Z,2026-08-23T13:27:43+0200,aa89dba4-771d-4653-9ac4-44e4858bfe00,2026-08-22T07:45:00Z,2026-08-22T09:45:00+0200,-17.59,EUR/MWh,BE,BE,imbalance_price,Long,2026-08-23T11:28:30Z
2026-08-23T11:27:43Z,2026-08-23T13:27:43+0200,aa89dba4-771d-4653-9ac4-44e4858bfe00,2026-08-22T07:45:00Z,2026-08-22T09:45:00+0200,-17.59,EUR/MWh,BE,BE,imbalance_price,Short,2026-08-23T11:28:30Z
2026-08-23T11:27:43Z,2026-08-23T13:27:43+0200,aa89dba4-771d-4653-9ac4-44e4858bfe00,2026-08-22T08:00:00Z,2026-08-22T10:00:00+0200,-57.19,EUR/MWh,BE,BE,imbalance_price,Long,2026-08-23T11:28:30Z
2026-08-23T11:27:43Z,2026-08-23T13:27:43+0200,aa89dba4-771d-4653-9ac4-44e4858bfe00,2026-08-22T08:00:00Z,2026-08-22T10:00:00+0200,-57.19,EUR/MWh,BE,BE,imbalance_price,Short,2026-08-23T11:28:30Z
2026-08-23T11:27:43Z,2026-08-23T13:27:43+0200,aa89dba4-771d-4653-9ac4-44e4858bfe00,2026-08-22T08:15:00Z,2026-08-22T10:15:00+0200,-55.5,EUR/MWh,BE,BE,imbalance_price,Long,2026-08-23T11:28:30Z
2026-08-23T11:27:43Z,2026-08-23T13:27:43+0200,aa89dba4-771d-4653-9ac4-44e4858bfe00,2026-08-22T08:15:00Z,2026-08-22T10:15:00+0200,-55.5,EUR/MWh,BE,BE,imbalance_price,Short,2026-08-23T11:28:30Z
2026-08-23T11:27:43Z,2026-08-23T13:27:43+0200,aa89dba4-771d-4653-9ac4-44e4858bfe00,2026-08-22T08:30:00Z,2026-08-22T10:30:00+0200,-37.05,EUR/MWh,BE,BE,imbalance_price,Long,2026-08-23T11:28:30Z
2026-08-23T11:27:43Z,2026-08-23T13:27:43+0200,aa89dba4-771d-4653-9ac4-44e4858bfe00,2026-08-22T08:30:00Z,2026-08-22T10:30:00+0200,-37.05,EUR/MWh,BE,BE,imbalance_price,Short,2026-08-23T11:28:30Z
2026-08-23T11:27:43Z,2026-08-23T13:27:43+0200,aa89dba4-771d-4653-9ac4-44e4858bfe00,2026-08-22T08:45:00Z,2026-08-22T10:45:00+0200,-18.87,EUR/MWh,BE,BE,imbalance_price,Long,2026-08-23T11:28:30Z
2026-08-23T11:27:43Z,2026-08-23T13:27:43+0200,aa89dba4-771d-4653-9ac4-44e4858bfe00,2026-08-22T08:45:00Z,2026-08-22T10:45:00+0200,-18.87,EUR/MWh,BE,BE,imbalance_price,Short,2026-08-23T11:28:30Z
2026-08-23T11:27:43Z,2026-08-23T13:27:43+0200,aa89dba4-771d-4653-9ac4-44e4858bfe00,2026-08-22T09:00:00Z,2026-08-22T11:00:00+0200,-0.46,EUR/MWh,BE,BE,imbalance_price,Long,2026-08-23T11:28:30Z
2026-08-23T11:27:43Z,2026-08-23T13:27:43+0200,aa89dba4-771d-4653-9ac4-44e4858bfe00,2026-08-22T09:00:00Z,2026-08-22T11:00:00+0200,-0.46,EUR/MWh,BE,BE,imbalance_price,Short,2026-08-23T11:28:30Z
2026-08-23T11:27:43Z,2026-08-23T13:27:43+0200,aa89dba4-771d-4653-9ac4-44e4858bfe00,2026-08-22T09:15:00Z,2026-08-22T11:15:00+0200,-4.74,EUR/MWh,BE,BE,imbalance_price,Long,2026-08-23T11:28:30Z
2026-08-23T11:27:43Z,2026-08-23T13:27:43+0200,aa89dba4-771d-4653-9ac4-44e4858bfe00,2026-08-22T09:15:00Z,2026-08-22T11:15:00+0200,-4.74,EUR/MWh,BE,BE,imbalance_price,Short,2026-08-23T11:28:30Z
2026-08-23T11:27:43Z,2026-08-23T13:27:43+0200,aa89dba4-771d-4653-9ac4-44e4858bfe00,2026-08-22T09:30:00Z,2026-08-22T11:30:00+0200,-1.69,EUR/MWh,BE,BE,imbalance_price,Long,2026-08-23T11:28:30Z
2026-08-23T11:27:43Z,2026-08-23T13:27:43+0200,aa89dba4-771d-4653-9ac4-44e4858bfe00,2026-08-22T09:30:00Z,2026-08-22T11:30:00+0200,-1.69,EUR/MWh,BE,BE,imbalance_price,Short,2026-08-23T11:28:30Z
2026-08-23T11:27:43Z,2026-08-23T13:27:43+0200,aa89dba4-771d-4653-9ac4-44e4858bfe00,2026-08-22T09:45:00Z,2026-08-22T11:45:00+0200,-18.88,EUR/MWh,BE,BE,imbalance_price,Long,2026-08-23T11:28:30Z
2026-08-23T11:27:43Z,2026-08-23T13:27:43+0200,aa89dba4-771d-4653-9ac4-44e4858bfe00,2026-08-22T09:45:00Z,2026-08-22T11:45:00+0200,-18.88,EUR/MWh,BE,BE,imbalance_price,Short,2026-08-23T11:28:30Z
2026-08-23T11:27:43Z,2026-08-23T13:27:43+0200,aa89dba4-771d-4653-9ac4-44e4858bfe00,2026-08-22T10:00:00Z,2026-08-22T12:00:00+0200,-5.54,EUR/MWh,BE,BE,imbalance_price,Long,2026-08-23T11:28:30Z
2026-08-23T11:27:43Z,2026-08-23T13:27:43+0200,aa89dba4-771d-4653-9ac4-44e4858bfe00,2026-08-22T10:00:00Z,2026-08-22T12:00:00+0200,-5.54,EUR/MWh,BE,BE,imbalance_price,Short,2026-08-23T11:28:30Z
2026-08-23T11:27:43Z,2026-08-23T13:27:43+0200,aa89dba4-771d-4653-9ac4-44e4858bfe00,2026-08-22T10:15:00Z,2026-08-22T12:15:00+0200,-10.33,EUR/MWh,BE,BE,imbalance_price,Long,2026-08-23T11:28:30Z
2026-08-23T11:27:43Z,2026-08-23T13:27:43+0200,aa89dba4-771d-4653-9ac4-44e4858bfe00,2026-08-22T10:15:00Z,2026-08-22T12:15:00+0200,-10.33,EUR/MWh,BE,BE,imbalance_price,Short,2026-08-23T11:28:30Z
2026-08-23T11:27:43Z,2026-08-23T13:27:43+0200,aa89dba4-771d-4653-9ac4-44e4858bfe00,2026-08-22T10:30:00Z,2026-08-22T12:30:00+0200,-4.98,EUR/MWh,BE,BE,imbalance_price,Long,2026-08-23T11:28:30Z
2026-08-23T11:27:43Z,2026-08-23T13:27:43+0200,aa89dba4-771d-4653-9ac4-44e4858bfe00,2026-08-22T10:30:00Z,2026-08-22T12:30:00+0200,-4.98,EUR/MWh,BE,BE,imbalance_price,Short,2026-08-23T11:28:30Z
2026-08-23T11:27:43Z,2026-08-23T13:27:43+0200,aa89dba4-771d-4653-9ac4-44e4858bfe00,2026-08-22T10:45:00Z,2026-08-22T12:45:00+0200,-1.0,EUR/MWh,BE,BE,imbalance_price,Long,2026-08-23T11:28:30Z
2026-08-23T11:27:43Z,2026-08-23T13:27:43+0200,aa89dba4-771d-4653-9ac4-44e4858bfe00,2026-08-22T10:45:00Z,2026-08-22T12:45:00+0200,-1.0,EUR/MWh,BE,BE,imbalance_price,Short,2026-08-23T11:28:30Z
2026-08-23T11:27:43Z,2026-08-23T13:27:43+0200,aa89dba4-771d-4653-9ac4-44e4858bfe00,2026-08-22T11:00:00Z,2026-08-22T13:00:00+0200,-3.85,EUR/MWh,BE,BE,imbalance_price,Long,2026-08-23T11:28:30Z
2026-08-23T11:27:43Z,2026-08-23T13:27:43+0200,aa89dba4-771d-4653-9ac4-44e4858bfe00,2026-08-22T11:00:00Z,2026-08-22T13:00:00+0200,-3.85,EUR/MWh,BE,BE,imbalance_price,Short,2026-08-23T11:28:30Z
2026-08-23T11:27:43Z,2026-08-23T13:27:43+0200,aa89dba4-771d-4653-9ac4-44e4858bfe00,2026-08-22T11:15:00Z,2026-08-22T13:15:00+0200,-30.59,EUR/MWh,BE,BE,imbalance_price,Long,2026-08-23T11:28:30Z
2026-08-23T11:27:43Z,2026-08-23T13:27:43+0200,aa89dba4-771d-4653-9ac4-44e4858bfe00,2026-08-22T11:15:00Z,2026-08-22T13:15:00+0200,-30.59,EUR/MWh,BE,BE,imbalance_price,Short,2026-08-23T11:28:30Z
2026-08-23T11:27:43Z,2026-08-23T13:27:43+0200,aa89dba4-771d-4653-9ac4-44e4858bfe00,2026-08-22T11:30:00Z,2026-08-22T13:30:00+0200,-19.58,EUR/MWh,BE,BE,imbalance_price,Long,2026-08-23T11:28:30Z
2026-08-23T11:27:43Z,2026-08-23T13:27:43+0200,aa89dba4-771d-4653-9ac4-44e4858bfe00,2026-08-22T11:30:00Z,2026-08-22T13:30:00+0200,-19.58,EUR/MWh,BE,BE,imbalance_price,Short,2026-08-23T11:28:30Z
2026-08-23T11:27:43Z,2026-08-23T13:27:43+0200,aa89dba4-771d-4653-9ac4-44e4858bfe00,2026-08-22T11:45:00Z,2026-08-22T13:45:00+0200,-9.31,EUR/MWh,BE,BE,imbalance_price,Long,2026-08-23T11:28:30Z
2026-08-23T11:27:43Z,2026-08-23T13:27:43+0200,aa89dba4-771d-4653-9ac4-44e4858bfe00,2026-08-22T11:45:00Z,2026-08-22T13:45:00+0200,-9.31,EUR/MWh,BE,BE,imbalance_price,Short,2026-08-23T11:28:30Z
2026-08-23T11:27:43Z,2026-08-23T13:27:43+0200,aa89dba4-771d-4653-9ac4-44e4858bfe00,2026-08-22T12:00:00Z,2026-08-22T14:00:00+0200,-9.06,EUR/MWh,BE,BE,imbalance_price,Long,2026-08-23T11:28:30Z
2026-08-23T11:27:43Z,2026-08-23T13:27:43+0200,aa89dba4-771d-4653-9ac4-44e4858bfe00,2026-08-22T12:00:00Z,2026-08-22T14:00:00+0200,-9.06,EUR/MWh,BE,BE,imbalance_price,Short,2026-08-23T11:28:30Z
2026-08-23T11:27:43Z,2026-08-23T13:27:43+0200,aa89dba4-771d-4653-9ac4-44e4858bfe00,2026-08-22T12:15:00Z,2026-08-22T14:15:00+0200,-77.71,EUR/MWh,BE,BE,imbalance_price,Long,2026-08-23T11:28:30Z
2026-08-23T11:27:43Z,2026-08-23T13:27:43+0200,aa89dba4-771d-4653-9ac4-44e4858bfe00,2026-08-22T12:15:00Z,2026-08-22T14:15:00+0200,-77.71,EUR/MWh,BE,BE,imbalance_price,Short,2026-08-23T11:28:30Z
2026-08-23T11:27:43Z,2026-08-23T13:27:43+0200,aa89dba4-771d-4653-9ac4-44e4858bfe00,2026-08-22T12:30:00Z,2026-08-22T14:30:00+0200,-133.46,EUR/MWh,BE,BE,imbalance_price,Long,2026-08-23T11:28:30Z
2026-08-23T11:27:43Z,2026-08-23T13:27:43+0200,aa89dba4-771d-4653-9ac4-44e4858bfe00,2026-08-22T12:30:00Z,2026-08-22T14:30:00+0200,-133.46,EUR/MWh,BE,BE,imbalance_price,Short,2026-08-23T11:28:30Z
2026-08-23T11:27:43Z,2026-08-23T13:27:43+0200,aa89dba4-771d-4653-9ac4-44e4858bfe00,2026-08-22T12:45:00Z,2026-08-22T14:45:00+0200,-121.53,EUR/MWh,BE,BE,imbalance_price,Long,2026-08-23T11:28:30Z
2026-08-23T11:27:43Z,2026-08-23T13:27:43+0200,aa89dba4-771d-4653-9ac4-44e4858bfe00,2026-08-22T12:45:00Z,2026-08-22T14:45:00+0200,-121.53,EUR/MWh,BE,BE,imbalance_price,Short,2026-08-23T11:28:30Z
2026-08-23T11:27:43Z,2026-08-23T13:27:43+0200,aa89dba4-771d-4653-9ac4-44e4858bfe00,2026-08-22T13:00:00Z,2026-08-22T15:00:00+0200,-121.59,EUR/MWh,BE,BE,imbalance_price,Long,2026-08-23T11:28:30Z
2026-08-23T11:27:43Z,2026-08-23T13:27:43+0200,aa89dba4-771d-4653-9ac4-44e4858bfe00,2026-08-22T13:00:00Z,2026-08-22T15:00:00+0200,-121.59,EUR/MWh,BE,BE,imbalance_price,Short,2026-08-23T11:28:30Z
2026-08-23T11:27:43Z,2026-08-23T13:27:43+0200,aa89dba4-771d-4653-9ac4-44e4858bfe00,2026-08-22T13:15:00Z,2026-08-22T15:15:00+0200,-146.45,EUR/MWh,BE,BE,imbalance_price,Long,2026-08-23T11:28:30Z
2026-08-23T11:27:43Z,2026-08-23T13:27:43+0200,aa89dba4-771d-4653-9ac4-44e4858bfe00,2026-08-22T13:15:00Z,2026-08-22T15:15:00+0200,-146.45,EUR/MWh,BE,BE,imbalance_price,Short,2026-08-23T11:28:30Z
2026-08-23T11:27:43Z,2026-08-23T13:27:43+0200,aa89dba4-771d-4653-9ac4-44e4858bfe00,2026-08-22T13:30:00Z,2026-08-22T15:30:00+0200,-1000.0,EUR/MWh,BE,BE,imbalance_price,Long,2026-08-23T11:28:30Z
2026-08-23T11:27:43Z,2026-08-23T13:27:43+0200,aa89dba4-771d-4653-9ac4-44e4858bfe00,2026-08-22T13:30:00Z,2026-08-22T15:30:00+0200,-1000.0,EUR/MWh,BE,BE,imbalance_price,Short,2026-08-23T11:28:30Z
2026-08-23T11:27:43Z,2026-08-23T13:27:43+0200,aa89dba4-771d-4653-9ac4-44e4858bfe00,2026-08-22T13:45:00Z,2026-08-22T15:45:00+0200,-1000.0,EUR/MWh,BE,BE,imbalance_price,Long,2026-08-23T11:28:30Z
2026-08-23T11:27:43Z,2026-08-23T13:27:43+0200,aa89dba4-771d-4653-9ac4-44e4858bfe00,2026-08-22T13:45:00Z,2026-08-22T15:45:00+0200,-1000.0,EUR/MWh,BE,BE,imbalance_price,Short,2026-08-23T11:28:30Z
2026-08-23T11:27:43Z,2026-08-23T13:27:43+0200,aa89dba4-771d-4653-9ac4-44e4858bfe00,2026-08-22T14:00:00Z,2026-08-22T16:00:00+0200,-168.4,EUR/MWh,BE,BE,imbalance_price,Long,2026-08-23T11:28:30Z
2026-08-23T11:27:43Z,2026-08-23T13:27:43+0200,aa89dba4-771d-4653-9ac4-44e4858bfe00,2026-08-22T14:00:00Z,2026-08-22T16:00:00+0200,-168.4,EUR/MWh,BE,BE,imbalance_price,Short,2026-08-23T11:28:30Z
2026-08-23T11:27:43Z,2026-08-23T13:27:43+0200,aa89dba4-771d-4653-9ac4-44e4858bfe00,2026-08-22T14:15:00Z,2026-08-22T16:15:00+0200,-36.04,EUR/MWh,BE,BE,imbalance_price,Long,2026-08-23T11:28:30Z
2026-08-23T11:27:43Z,2026-08-23T13:27:43+0200,aa89dba4-771d-4653-9ac4-44e4858bfe00,2026-08-22T14:15:00Z,2026-08-22T16:15:00+0200,-36.04,EUR/MWh,BE,BE,imbalance_price,Short,2026-08-23T11:28:30Z
2026-08-23T11:27:43Z,2026-08-23T13:27:43+0200,aa89dba4-771d-4653-9ac4-44e4858bfe00,2026-08-22T14:30:00Z,2026-08-22T16:30:00+0200,-107.05,EUR/MWh,BE,BE,imbalance_price,Long,2026-08-23T11:28:30Z
2026-08-23T11:27:43Z,2026-08-23T13:27:43+0200,aa89dba4-771d-4653-9ac4-44e4858bfe00,2026-08-22T14:30:00Z,2026-08-22T16:30:00+0200,-107.05,EUR/MWh,BE,BE,imbalance_price,Short,2026-08-23T11:28:30Z
2026-08-23T11:27:43Z,2026-08-23T13:27:43+0200,aa89dba4-771d-4653-9ac4-44e4858bfe00,2026-08-22T14:45:00Z,2026-08-22T16:45:00+0200,-59.83,EUR/MWh,BE,BE,imbalance_price,Long,2026-08-23T11:28:30Z
2026-08-23T11:27:43Z,2026-08-23T13:27:43+0200,aa89dba4-771d-4653-9ac4-44e4858bfe00,2026-08-22T14:45:00Z,2026-08-22T16:45:00+0200,-59.83,EUR/MWh,BE,BE,imbalance_price,Short,2026-08-23T11:28:30Z
2026-08-23T11:27:43Z,2026-08-23T13:27:43+0200,aa89dba4-771d-4653-9ac4-44e4858bfe00,2026-08-22T15:00:00Z,2026-08-22T17:00:00+0200,-20.37,EUR/MWh,BE,BE,imbalance_price,Long,2026-08-23T11:28:30Z
2026-08-23T11:27:43Z,2026-08-23T13:27:43+0200,aa89dba4-771d-4653-9ac4-44e4858bfe00,2026-08-22T15:00:00Z,2026-08-22T17:00:00+0200,-20.37,EUR/MWh,BE,BE,imbalance_price,Short,2026-08-23T11:28:30Z
2026-08-23T11:27:43Z,2026-08-23T13:27:43+0200,aa89dba4-771d-4653-9ac4-44e4858bfe00,2026-08-22T15:15:00Z,2026-08-22T17:15:00+0200,-35.11,EUR/MWh,BE,BE,imbalance_price,Long,2026-08-23T11:28:30Z
2026-08-23T11:27:43Z,2026-08-23T13:27:43+0200,aa89dba4-771d-4653-9ac4-44e4858bfe00,2026-08-22T15:15:00Z,2026-08-22T17:15:00+0200,-35.11,EUR/MWh,BE,BE,imbalance_price,Short,2026-08-23T11:28:30Z
2026-08-23T11:27:43Z,2026-08-23T13:27:43+0200,aa89dba4-771d-4653-9ac4-44e4858bfe00,2026-08-22T15:30:00Z,2026-08-22T17:30:00+0200,-6.5,EUR/MWh,BE,BE,imbalance_price,Long,2026-08-23T11:28:30Z
2026-08-23T11:27:43Z,2026-08-23T13:27:43+0200,aa89dba4-771d-4653-9ac4-44e4858bfe00,2026-08-22T15:30:00Z,2026-08-22T17:30:00+0200,-6.5,EUR/MWh,BE,BE,imbalance_price,Short,2026-08-23T11:28:30Z
2026-08-23T11:27:43Z,2026-08-23T13:27:43+0200,aa89dba4-771d-4653-9ac4-44e4858bfe00,2026-08-22T15:45:00Z,2026-08-22T17:45:00+0200,54.93,EUR/MWh,BE,BE,imbalance_price,Long,2026-08-23T11:28:30Z
2026-08-23T11:27:43Z,2026-08-23T13:27:43+0200,aa89dba4-771d-4653-9ac4-44e4858bfe00,2026-08-22T15:45:00Z,2026-08-22T17:45:00+0200,54.93,EUR/MWh,BE,BE,imbalance_price,Short,2026-08-23T11:28:30Z
2026-08-23T11:27:43Z,2026-08-23T13:27:43+0200,aa89dba4-771d-4653-9ac4-44e4858bfe00,2026-08-22T16:00:00Z,2026-08-22T18:00:00+0200,79.82,EUR/MWh,BE,BE,imbalance_price,Long,2026-08-23T11:28:30Z
2026-08-23T11:27:43Z,2026-08-23T13:27:43+0200,aa89dba4-771d-4653-9ac4-44e4858bfe00,2026-08-22T16:00:00Z,2026-08-22T18:00:00+0200,79.82,EUR/MWh,BE,BE,imbalance_price,Short,2026-08-23T11:28:30Z
2026-08-23T11:27:43Z,2026-08-23T13:27:43+0200,aa89dba4-771d-4653-9ac4-44e4858bfe00,2026-08-22T16:15:00Z,2026-08-22T18:15:00+0200,95.47,EUR/MWh,BE,BE,imbalance_price,Long,2026-08-23T11:28:30Z
2026-08-23T11:27:43Z,2026-08-23T13:27:43+0200,aa89dba4-771d-4653-9ac4-44e4858bfe00,2026-08-22T16:15:00Z,2026-08-22T18:15:00+0200,95.47,EUR/MWh,BE,BE,imbalance_price,Short,2026-08-23T11:28:30Z
2026-08-23T11:27:43Z,2026-08-23T13:27:43+0200,aa89dba4-771d-4653-9ac4-44e4858bfe00,2026-08-22T16:30:00Z,2026-08-22T18:30:00+0200,103.31,EUR/MWh,BE,BE,imbalance_price,Long,2026-08-23T11:28:30Z
2026-08-23T11:27:43Z,2026-08-23T13:27:43+0200,aa89dba4-771d-4653-9ac4-44e4858bfe00,2026-08-22T16:30:00Z,2026-08-22T18:30:00+0200,103.31,EUR/MWh,BE,BE,imbalance_price,Short,2026-08-23T11:28:30Z
2026-08-23T11:27:43Z,2026-08-23T13:27:43+0200,aa89dba4-771d-4653-9ac4-44e4858bfe00,2026-08-22T16:45:00Z,2026-08-22T18:45:00+0200,150.69,EUR/MWh,BE,BE,imbalance_price,Long,2026-08-23T11:28:30Z
2026-08-23T11:27:43Z,2026-08-23T13:27:43+0200,aa89dba4-771d-4653-9ac4-44e4858bfe00,2026-08-22T16:45:00Z,2026-08-22T18:45:00+0200,150.69,EUR/MWh,BE,BE,imbalance_price,Short,2026-08-23T11:28:30Z
2026-08-23T11:27:43Z,2026-08-23T13:27:43+0200,aa89dba4-771d-4653-9ac4-44e4858bfe00,2026-08-22T17:00:00Z,2026-08-22T19:00:00+0200,182.17,EUR/MWh,BE,BE,imbalance_price,Long,2026-08-23T11:28:30Z
2026-08-23T11:27:43Z,2026-08-23T13:27:43+0200,aa89dba4-771d-4653-9ac4-44e4858bfe00,2026-08-22T17:00:00Z,2026-08-22T19:00:00+0200,182.17,EUR/MWh,BE,BE,imbalance_price,Short,2026-08-23T11:28:30Z
2026-08-23T11:27:43Z,2026-08-23T13:27:43+0200,aa89dba4-771d-4653-9ac4-44e4858bfe00,2026-08-22T17:15:00Z,2026-08-22T19:15:00+0200,179.85,EUR/MWh,BE,BE,imbalance_price,Long,2026-08-23T11:28:30Z
2026-08-23T11:27:43Z,2026-08-23T13:27:43+0200,aa89dba4-771d-4653-9ac4-44e4858bfe00,2026-08-22T17:15:00Z,2026-08-22T19:15:00+0200,179.85,EUR/MWh,BE,BE,imbalance_price,Short,2026-08-23T11:28:30Z
2026-08-23T11:27:43Z,2026-08-23T13:27:43+0200,aa89dba4-771d-4653-9ac4-44e4858bfe00,2026-08-22T17:30:00Z,2026-08-22T19:30:00+0200,319.1,EUR/MWh,BE,BE,imbalance_price,Long,2026-08-23T11:28:30Z
2026-08-23T11:27:43Z,2026-08-23T13:27:43+0200,aa89dba4-771d-4653-9ac4-44e4858bfe00,2026-08-22T17:30:00Z,2026-08-22T19:30:00+0200,319.1,EUR/MWh,BE,BE,imbalance_price,Short,2026-08-23T11:28:30Z
2026-08-23T11:27:43Z,2026-08-23T13:27:43+0200,aa89dba4-771d-4653-9ac4-44e4858bfe00,2026-08-22T17:45:00Z,2026-08-22T19:45:00+0200,518.54,EUR/MWh,BE,BE,imbalance_price,Long,2026-08-23T11:28:30Z
2026-08-23T11:27:43Z,2026-08-23T13:27:43+0200,aa89dba4-771d-4653-9ac4-44e4858bfe00,2026-08-22T17:45:00Z,2026-08-22T19:45:00+0200,518.54,EUR/MWh,BE,BE,imbalance_price,Short,2026-08-23T11:28:30Z
2026-08-23T11:27:43Z,2026-08-23T13:27:43+0200,aa89dba4-771d-4653-9ac4-44e4858bfe00,2026-08-22T18:00:00Z,2026-08-22T20:00:00+0200,208.54,EUR/MWh,BE,BE,imbalance_price,Long,2026-08-23T11:28:30Z
2026-08-23T11:27:43Z,2026-08-23T13:27:43+0200,aa89dba4-771d-4653-9ac4-44e4858bfe00,2026-08-22T18:00:00Z,2026-08-22T20:00:00+0200,208.54,EUR/MWh,BE,BE,imbalance_price,Short,2026-08-23T11:28:30Z
2026-08-23T11:27:43Z,2026-08-23T13:27:43+0200,aa89dba4-771d-4653-9ac4-44e4858bfe00,2026-08-22T18:15:00Z,2026-08-22T20:15:00+0200,196.55,EUR/MWh,BE,BE,imbalance_price,Long,2026-08-23T11:28:30Z
2026-08-23T11:27:43Z,2026-08-23T13:27:43+0200,aa89dba4-771d-4653-9ac4-44e4858bfe00,2026-08-22T18:15:00Z,2026-08-22T20:15:00+0200,196.55,EUR/MWh,BE,BE,imbalance_price,Short,2026-08-23T11:28:30Z
2026-08-23T11:27:43Z,2026-08-23T13:27:43+0200,aa89dba4-771d-4653-9ac4-44e4858bfe00,2026-08-22T18:30:00Z,2026-08-22T20:30:00+0200,170.19,EUR/MWh,BE,BE,imbalance_price,Long,2026-08-23T11:28:30Z
2026-08-23T11:27:43Z,2026-08-23T13:27:43+0200,aa89dba4-771d-4653-9ac4-44e4858bfe00,2026-08-22T18:30:00Z,2026-08-22T20:30:00+0200,170.19,EUR/MWh,BE,BE,imbalance_price,Short,2026-08-23T11:28:30Z
2026-08-23T11:27:43Z,2026-08-23T13:27:43+0200,aa89dba4-771d-4653-9ac4-44e4858bfe00,2026-08-22T18:45:00Z,2026-08-22T20:45:00+0200,202.16,EUR/MWh,BE,BE,imbalance_price,Long,2026-08-23T11:28:30Z
2026-08-23T11:27:43Z,2026-08-23T13:27:43+0200,aa89dba4-771d-4653-9ac4-44e4858bfe00,2026-08-22T18:45:00Z,2026-08-22T20:45:00+0200,202.16,EUR/MWh,BE,BE,imbalance_price,Short,2026-08-23T11:28:30Z
2026-08-23T11:27:43Z,2026-08-23T13:27:43+0200,aa89dba4-771d-4653-9ac4-44e4858bfe00,2026-08-22T19:00:00Z,2026-08-22T21:00:00+0200,196.91,EUR/MWh,BE,BE,imbalance_price,Long,2026-08-23T11:28:30Z
2026-08-23T11:27:43Z,2026-08-23T13:27:43+0200,aa89dba4-771d-4653-9ac4-44e4858bfe00,2026-08-22T19:00:00Z,2026-08-22T21:00:00+0200,196.91,EUR/MWh,BE,BE,imbalance_price,Short,2026-08-23T11:28:30Z
2026-08-23T11:27:43Z,2026-08-23T13:27:43+0200,aa89dba4-771d-4653-9ac4-44e4858bfe00,2026-08-22T19:15:00Z,2026-08-22T21:15:00+0200,200.0,EUR/MWh,BE,BE,imbalance_price,Long,2026-08-23T11:28:30Z
2026-08-23T11:27:43Z,2026-08-23T13:27:43+0200,aa89dba4-771d-4653-9ac4-44e4858bfe00,2026-08-22T19:15:00Z,2026-08-22T21:15:00+0200,200.0,EUR/MWh,BE,BE,imbalance_price,Short,2026-08-23T11:28:30Z
2026-08-23T11:27:43Z,2026-08-23T13:27:43+0200,aa89dba4-771d-4653-9ac4-44e4858bfe00,2026-08-22T19:30:00Z,2026-08-22T21:30:00+0200,200.0,EUR/MWh,BE,BE,imbalance_price,Long,2026-08-23T11:28:30Z
2026-08-23T11:27:43Z,2026-08-23T13:27:43+0200,aa89dba4-771d-4653-9ac4-44e4858bfe00,2026-08-22T19:30:00Z,2026-08-22T21:30:00+0200,200.0,EUR/MWh,BE,BE,imbalance_price,Short,2026-08-23T11:28:30Z
2026-08-23T11:27:43Z,2026-08-23T13:27:43+0200,aa89dba4-771d-4653-9ac4-44e4858bfe00,2026-08-22T19:45:00Z,2026-08-22T21:45:00+0200,200.0,EUR/MWh,BE,BE,imbalance_price,Long,2026-08-23T11:28:30Z
2026-08-23T11:27:43Z,2026-08-23T13:27:43+0200,aa89dba4-771d-4653-9ac4-44e4858bfe00,2026-08-22T19:45:00Z,2026-08-22T21:45:00+0200,200.0,EUR/MWh,BE,BE,imbalance_price,Short,2026-08-23T11:28:30Z
2026-08-23T11:27:43Z,2026-08-23T13:27:43+0200,aa89dba4-771d-4653-9ac4-44e4858bfe00,2026-08-22T20:00:00Z,2026-08-22T22:00:00+0200,184.13,EUR/MWh,BE,BE,imbalance_price,Long,2026-08-23T11:28:30Z
2026-08-23T11:27:43Z,2026-08-23T13:27:43+0200,aa89dba4-771d-4653-9ac4-44e4858bfe00,2026-08-22T20:00:00Z,2026-08-22T22:00:00+0200,184.13,EUR/MWh,BE,BE,imbalance_price,Short,2026-08-23T11:28:30Z
2026-08-23T11:27:43Z,2026-08-23T13:27:43+0200,aa89dba4-771d-4653-9ac4-44e4858bfe00,2026-08-22T20:15:00Z,2026-08-22T22:15:00+0200,200.0,EUR/MWh,BE,BE,imbalance_price,Long,2026-08-23T11:28:30Z
2026-08-23T11:27:43Z,2026-08-23T13:27:43+0200,aa89dba4-771d-4653-9ac4-44e4858bfe00,2026-08-22T20:15:00Z,2026-08-22T22:15:00+0200,200.0,EUR/MWh,BE,BE,imbalance_price,Short,2026-08-23T11:28:30Z
2026-08-23T11:27:43Z,2026-08-23T13:27:43+0200,aa89dba4-771d-4653-9ac4-44e4858bfe00,2026-08-22T20:30:00Z,2026-08-22T22:30:00+0200,200.0,EUR/MWh,BE,BE,imbalance_price,Long,2026-08-23T11:28:30Z
2026-08-23T11:27:43Z,2026-08-23T13:27:43+0200,aa89dba4-771d-4653-9ac4-44e4858bfe00,2026-08-22T20:30:00Z,2026-08-22T22:30:00+0200,200.0,EUR/MWh,BE,BE,imbalance_price,Short,2026-08-23T11:28:30Z
2026-08-23T11:27:43Z,2026-08-23T13:27:43+0200,aa89dba4-771d-4653-9ac4-44e4858bfe00,2026-08-22T20:45:00Z,2026-08-22T22:45:00+0200,201.74,EUR/MWh,BE,BE,imbalance_price,Long,2026-08-23T11:28:30Z
2026-08-23T11:27:43Z,2026-08-23T13:27:43+0200,aa89dba4-771d-4653-9ac4-44e4858bfe00,2026-08-22T20:45:00Z,2026-08-22T22:45:00+0200,201.74,EUR/MWh,BE,BE,imbalance_price,Short,2026-08-23T11:28:30Z
2026-08-23T11:27:43Z,2026-08-23T13:27:43+0200,aa89dba4-771d-4653-9ac4-44e4858bfe00,2026-08-22T21:00:00Z,2026-08-22T23:00:00+0200,203.57,EUR/MWh,BE,BE,imbalance_price,Long,2026-08-23T11:28:30Z
2026-08-23T11:27:43Z,2026-08-23T13:27:43+0200,aa89dba4-771d-4653-9ac4-44e4858bfe00,2026-08-22T21:00:00Z,2026-08-22T23:00:00+0200,203.57,EUR/MWh,BE,BE,imbalance_price,Short,2026-08-23T11:28:30Z
2026-08-23T11:27:43Z,2026-08-23T13:27:43+0200,aa89dba4-771d-4653-9ac4-44e4858bfe00,2026-08-22T21:15:00Z,2026-08-22T23:15:00+0200,203.61,EUR/MWh,BE,BE,imbalance_price,Long,2026-08-23T11:28:30Z
2026-08-23T11:27:43Z,2026-08-23T13:27:43+0200,aa89dba4-771d-4653-9ac4-44e4858bfe00,2026-08-22T21:15:00Z,2026-08-22T23:15:00+0200,203.61,EUR/MWh,BE,BE,imbalance_price,Short,2026-08-23T11:28:30Z
2026-08-23T11:27:43Z,2026-08-23T13:27:43+0200,aa89dba4-771d-4653-9ac4-44e4858bfe00,2026-08-22T21:30:00Z,2026-08-22T23:30:00+0200,200.0,EUR/MWh,BE,BE,imbalance_price,Long,2026-08-23T11:28:30Z
2026-08-23T11:27:43Z,2026-08-23T13:27:43+0200,aa89dba4-771d-4653-9ac4-44e4858bfe00,2026-08-22T21:30:00Z,2026-08-22T23:30:00+0200,200.0,EUR/MWh,BE,BE,imbalance_price,Short,2026-08-23T11:28:30Z
2026-08-23T11:27:43Z,2026-08-23T13:27:43+0200,aa89dba4-771d-4653-9ac4-44e4858bfe00,2026-08-22T21:45:00Z,2026-08-22T23:45:00+0200,200.0,EUR/MWh,BE,BE,imbalance_price,Long,2026-08-23T11:28:30Z
2026-08-23T11:27:43Z,2026-08-23T13:27:43+0200,aa89dba4-771d-4653-9ac4-44e4858bfe00,2026-08-22T21:45:00Z,2026-08-22T23:45:00+0200,200.0,EUR/MWh,BE,BE,imbalance_price,Short,2026-08-23T11:28:30Z
2026-08-23T11:27:43Z,2026-08-23T13:27:43+0200,aa89dba4-771d-4653-9ac4-44e4858bfe00,2026-08-22T22:00:00Z,2026-08-23T00:00:00+0200,164.5,EUR/MWh,BE,BE,imbalance_price,Long,2026-08-23T11:28:30Z
2026-08-23T11:27:43Z,2026-08-23T13:27:43+0200,aa89dba4-771d-4653-9ac4-44e4858bfe00,2026-08-22T22:00:00Z,2026-08-23T00:00:00+0200,164.5,EUR/MWh,BE,BE,imbalance_price,Short,2026-08-23T11:28:30Z
2026-08-23T11:27:43Z,2026-08-23T13:27:43+0200,aa89dba4-771d-4653-9ac4-44e4858bfe00,2026-08-22T22:15:00Z,2026-08-23T00:15:00+0200,164.5,EUR/MWh,BE,BE,imbalance_price,Long,2026-08-23T11:28:30Z
2026-08-23T11:27:43Z,2026-08-23T13:27:43+0200,aa89dba4-771d-4653-9ac4-44e4858bfe00,2026-08-22T22:15:00Z,2026-08-23T00:15:00+0200,164.5,EUR/MWh,BE,BE,imbalance_price,Short,2026-08-23T11:28:30Z
2026-08-23T11:27:43Z,2026-08-23T13:27:43+0200,aa89dba4-771d-4653-9ac4-44e4858bfe00,2026-08-22T22:30:00Z,2026-08-23T00:30:00+0200,129.0,EUR/MWh,BE,BE,imbalance_price,Long,2026-08-23T11:28:30Z
2026-08-23T11:27:43Z,2026-08-23T13:27:43+0200,aa89dba4-771d-4653-9ac4-44e4858bfe00,2026-08-22T22:30:00Z,2026-08-23T00:30:00+0200,129.0,EUR/MWh,BE,BE,imbalance_price,Short,2026-08-23T11:28:30Z
2026-08-23T11:27:43Z,2026-08-23T13:27:43+0200,aa89dba4-771d-4653-9ac4-44e4858bfe00,2026-08-22T22:45:00Z,2026-08-23T00:45:00+0200,129.0,EUR/MWh,BE,BE,imbalance_price,Long,2026-08-23T11:28:30Z
2026-08-23T11:27:43Z,2026-08-23T13:27:43+0200,aa89dba4-771d-4653-9ac4-44e4858bfe00,2026-08-22T22:45:00Z,2026-08-23T00:45:00+0200,129.0,EUR/MWh,BE,BE,imbalance_price,Short,2026-08-23T11:28:30Z
2026-08-23T11:27:43Z,2026-08-23T13:27:43+0200,aa89dba4-771d-4653-9ac4-44e4858bfe00,2026-08-22T23:00:00Z,2026-08-23T01:00:00+0200,164.5,EUR/MWh,BE,BE,imbalance_price,Long,2026-08-23T11:28:30Z
2026-08-23T11:27:43Z,2026-08-23T13:27:43+0200,aa89dba4-771d-4653-9ac4-44e4858bfe00,2026-08-22T23:00:00Z,2026-08-23T01:00:00+0200,164.5,EUR/MWh,BE,BE,imbalance_price,Short,2026-08-23T11:28:30Z
2026-08-23T11:27:43Z,2026-08-23T13:27:43+0200,aa89dba4-771d-4653-9ac4-44e4858bfe00,2026-08-22T23:15:00Z,2026-08-23T01:15:00+0200,164.5,EUR/MWh,BE,BE,imbalance_price,Long,2026-08-23T11:28:30Z
2026-08-23T11:27:43Z,2026-08-23T13:27:43+0200,aa89dba4-771d-4653-9ac4-44e4858bfe00,2026-08-22T23:15:00Z,2026-08-23T01:15:00+0200,164.5,EUR/MWh,BE,BE,imbalance_price,Short,2026-08-23T11:28:30Z
2026-08-23T11:27:43Z,2026-08-23T13:27:43+0200,aa89dba4-771d-4653-9ac4-44e4858bfe00,2026-08-22T23:30:00Z,2026-08-23T01:30:00+0200,164.5,EUR/MWh,BE,BE,imbalance_price,Long,2026-08-23T11:28:30Z
2026-08-23T11:27:43Z,2026-08-23T13:27:43+0200,aa89dba4-771d-4653-9ac4-44e4858bfe00,2026-08-22T23:30:00Z,2026-08-23T01:30:00+0200,164.5,EUR/MWh,BE,BE,imbalance_price,Short,2026-08-23T11:28:30Z
2026-08-23T11:27:43Z,2026-08-23T13:27:43+0200,aa89dba4-771d-4653-9ac4-44e4858bfe00,2026-08-22T23:45:00Z,2026-08-23T01:45:00+0200,200.0,EUR/MWh,BE,BE,imbalance_price,Long,2026-08-23T11:28:30Z
2026-08-23T11:27:43Z,2026-08-23T13:27:43+0200,aa89dba4-771d-4653-9ac4-44e4858bfe00,2026-08-22T23:45:00Z,2026-08-23T01:45:00+0200,200.0,EUR/MWh,BE,BE,imbalance_price,Short,2026-08-23T11:28:30Z
2026-08-23T11:27:43Z,2026-08-23T13:27:43+0200,aa89dba4-771d-4653-9ac4-44e4858bfe00,2026-08-23T00:00:00Z,2026-08-23T02:00:00+0200,164.5,EUR/MWh,BE,BE,imbalance_price,Long,2026-08-23T11:28:30Z
2026-08-23T11:27:43Z,2026-08-23T13:27:43+0200,aa89dba4-771d-4653-9ac4-44e4858bfe00,2026-08-23T00:00:00Z,2026-08-23T02:00:00+0200,164.5,EUR/MWh,BE,BE,imbalance_price,Short,2026-08-23T11:28:30Z
2026-08-23T11:27:43Z,2026-08-23T13:27:43+0200,aa89dba4-771d-4653-9ac4-44e4858bfe00,2026-08-23T00:15:00Z,2026-08-23T02:15:00+0200,129.0,EUR/MWh,BE,BE,imbalance_price,Long,2026-08-23T11:28:30Z
2026-08-23T11:27:43Z,2026-08-23T13:27:43+0200,aa89dba4-771d-4653-9ac4-44e4858bfe00,2026-08-23T00:15:00Z,2026-08-23T02:15:00+0200,129.0,EUR/MWh,BE,BE,imbalance_price,Short,2026-08-23T11:28:30Z
2026-08-23T11:27:43Z,2026-08-23T13:27:43+0200,aa89dba4-771d-4653-9ac4-44e4858bfe00,2026-08-23T00:30:00Z,2026-08-23T02:30:00+0200,129.0,EUR/MWh,BE,BE,imbalance_price,Long,2026-08-23T11:28:30Z
2026-08-23T11:27:43Z,2026-08-23T13:27:43+0200,aa89dba4-771d-4653-9ac4-44e4858bfe00,2026-08-23T00:30:00Z,2026-08-23T02:30:00+0200,129.0,EUR/MWh,BE,BE,imbalance_price,Short,2026-08-23T11:28:30Z
2026-08-23T11:27:43Z,2026-08-23T13:27:43+0200,aa89dba4-771d-4653-9ac4-44e4858bfe00,2026-08-23T00:45:00Z,2026-08-23T02:45:00+0200,164.5,EUR/MWh,BE,BE,imbalance_price,Long,2026-08-23T11:28:30Z
2026-08-23T11:27:43Z,2026-08-23T13:27:43+0200,aa89dba4-771d-4653-9ac4-44e4858bfe00,2026-08-23T00:45:00Z,2026-08-23T02:45:00+0200,164.5,EUR/MWh,BE,BE,imbalance_price,Short,2026-08-23T11:28:30Z
2026-08-23T11:27:43Z,2026-08-23T13:27:43+0200,aa89dba4-771d-4653-9ac4-44e4858bfe00,2026-08-23T01:00:00Z,2026-08-23T03:00:00+0200,164.5,EUR/MWh,BE,BE,imbalance_price,Long,2026-08-23T11:28:30Z
2026-08-23T11:27:43Z,2026-08-23T13:27:43+0200,aa89dba4-771d-4653-9ac4-44e4858bfe00,2026-08-23T01:00:00Z,2026-08-23T03:00:00+0200,164.5,EUR/MWh,BE,BE,imbalance_price,Short,2026-08-23T11:28:30Z
2026-08-23T11:27:43Z,2026-08-23T13:27:43+0200,aa89dba4-771d-4653-9ac4-44e4858bfe00,2026-08-23T01:15:00Z,2026-08-23T03:15:00+0200,129.0,EUR/MWh,BE,BE,imbalance_price,Long,2026-08-23T11:28:30Z
2026-08-23T11:27:43Z,2026-08-23T13:27:43+0200,aa89dba4-771d-4653-9ac4-44e4858bfe00,2026-08-23T01:15:00Z,2026-08-23T03:15:00+0200,129.0,EUR/MWh,BE,BE,imbalance_price,Short,2026-08-23T11:28:30Z
2026-08-23T11:27:43Z,2026-08-23T13:27:43+0200,aa89dba4-771d-4653-9ac4-44e4858bfe00,2026-08-23T01:30:00Z,2026-08-23T03:30:00+0200,129.0,EUR/MWh,BE,BE,imbalance_price,Long,2026-08-23T11:28:30Z
2026-08-23T11:27:43Z,2026-08-23T13:27:43+0200,aa89dba4-771d-4653-9ac4-44e4858bfe00,2026-08-23T01:30:00Z,2026-08-23T03:30:00+0200,129.0,EUR/MWh,BE,BE,imbalance_price,Short,2026-08-23T11:28:30Z
2026-08-23T11:27:43Z,2026-08-23T13:27:43+0200,aa89dba4-771d-4653-9ac4-44e4858bfe00,2026-08-23T01:45:00Z,2026-08-23T03:45:00+0200,129.0,EUR/MWh,BE,BE,imbalance_price,Long,2026-08-23T11:28:30Z
2026-08-23T11:27:43Z,2026-08-23T13:27:43+0200,aa89dba4-771d-4653-9ac4-44e4858bfe00,2026-08-23T01:45:00Z,2026-08-23T03:45:00+0200,129.0,EUR/MWh,BE,BE,imbalance_price,Short,2026-08-23T11:28:30Z
2026-08-23T11:27:43Z,2026-08-23T13:27:43+0200,aa89dba4-771d-4653-9ac4-44e4858bfe00,2026-08-23T02:00:00Z,2026-08-23T04:00:00+0200,113.18,EUR/MWh,BE,BE,imbalance_price,Long,2026-08-23T11:28:30Z
2026-08-23T11:27:43Z,2026-08-23T13:27:43+0200,aa89dba4-771d-4653-9ac4-44e4858bfe00,2026-08-23T02:00:00Z,2026-08-23T04:00:00+0200,113.18,EUR/MWh,BE,BE,imbalance_price,Short,2026-08-23T11:28:30Z
2026-08-23T11:27:43Z,2026-08-23T13:27:43+0200,aa89dba4-771d-4653-9ac4-44e4858bfe00,2026-08-23T02:15:00Z,2026-08-23T04:15:00+0200,113.18,EUR/MWh,BE,BE,imbalance_price,Long,2026-08-23T11:28:30Z
2026-08-23T11:27:43Z,2026-08-23T13:27:43+0200,aa89dba4-771d-4653-9ac4-44e4858bfe00,2026-08-23T02:15:00Z,2026-08-23T04:15:00+0200,113.18,EUR/MWh,BE,BE,imbalance_price,Short,2026-08-23T11:28:30Z
2026-08-23T11:27:43Z,2026-08-23T13:27:43+0200,aa89dba4-771d-4653-9ac4-44e4858bfe00,2026-08-23T02:30:00Z,2026-08-23T04:30:00+0200,113.18,EUR/MWh,BE,BE,imbalance_price,Long,2026-08-23T11:28:30Z
2026-08-23T11:27:43Z,2026-08-23T13:27:43+0200,aa89dba4-771d-4653-9ac4-44e4858bfe00,2026-08-23T02:30:00Z,2026-08-23T04:30:00+0200,113.18,EUR/MWh,BE,BE,imbalance_price,Short,2026-08-23T11:28:30Z
2026-08-23T11:27:43Z,2026-08-23T13:27:43+0200,aa89dba4-771d-4653-9ac4-44e4858bfe00,2026-08-23T02:45:00Z,2026-08-23T04:45:00+0200,113.18,EUR/MWh,BE,BE,imbalance_price,Long,2026-08-23T11:28:30Z
2026-08-23T11:27:43Z,2026-08-23T13:27:43+0200,aa89dba4-771d-4653-9ac4-44e4858bfe00,2026-08-23T02:45:00Z,2026-08-23T04:45:00+0200,113.18,EUR/MWh,BE,BE,imbalance_price,Short,2026-08-23T11:28:30Z
2026-08-23T11:27:43Z,2026-08-23T13:27:43+0200,aa89dba4-771d-4653-9ac4-44e4858bfe00,2026-08-23T03:00:00Z,2026-08-23T05:00:00+0200,156.59,EUR/MWh,BE,BE,imbalance_price,Long,2026-08-23T11:28:30Z
2026-08-23T11:27:43Z,2026-08-23T13:27:43+0200,aa89dba4-771d-4653-9ac4-44e4858bfe00,2026-08-23T03:00:00Z,2026-08-23T05:00:00+0200,156.59,EUR/MWh,BE,BE,imbalance_price,Short,2026-08-23T11:28:30Z
2026-08-23T11:27:43Z,2026-08-23T13:27:43+0200,aa89dba4-771d-4653-9ac4-44e4858bfe00,2026-08-23T03:15:00Z,2026-08-23T05:15:00+0200,156.59,EUR/MWh,BE,BE,imbalance_price,Long,2026-08-23T11:28:30Z
2026-08-23T11:27:43Z,2026-08-23T13:27:43+0200,aa89dba4-771d-4653-9ac4-44e4858bfe00,2026-08-23T03:15:00Z,2026-08-23T05:15:00+0200,156.59,EUR/MWh,BE,BE,imbalance_price,Short,2026-08-23T11:28:30Z
2026-08-23T11:27:43Z,2026-08-23T13:27:43+0200,aa89dba4-771d-4653-9ac4-44e4858bfe00,2026-08-23T03:30:00Z,2026-08-23T05:30:00+0200,244.0,EUR/MWh,BE,BE,imbalance_price,Long,2026-08-23T11:28:30Z
2026-08-23T11:27:43Z,2026-08-23T13:27:43+0200,aa89dba4-771d-4653-9ac4-44e4858bfe00,2026-08-23T03:30:00Z,2026-08-23T05:30:00+0200,244.0,EUR/MWh,BE,BE,imbalance_price,Short,2026-08-23T11:28:30Z
2026-08-23T11:27:43Z,2026-08-23T13:27:43+0200,aa89dba4-771d-4653-9ac4-44e4858bfe00,2026-08-23T03:45:00Z,2026-08-23T05:45:00+0200,362.37,EUR/MWh,BE,BE,imbalance_price,Long,2026-08-23T11:28:30Z
2026-08-23T11:27:43Z,2026-08-23T13:27:43+0200,aa89dba4-771d-4653-9ac4-44e4858bfe00,2026-08-23T03:45:00Z,2026-08-23T05:45:00+0200,362.37,EUR/MWh,BE,BE,imbalance_price,Short,2026-08-23T11:28:30Z
2026-08-23T11:27:43Z,2026-08-23T13:27:43+0200,aa89dba4-771d-4653-9ac4-44e4858bfe00,2026-08-23T04:00:00Z,2026-08-23T06:00:00+0200,249.14,EUR/MWh,BE,BE,imbalance_price,Long,2026-08-23T11:28:30Z
2026-08-23T11:27:43Z,2026-08-23T13:27:43+0200,aa89dba4-771d-4653-9ac4-44e4858bfe00,2026-08-23T04:00:00Z,2026-08-23T06:00:00+0200,249.14,EUR/MWh,BE,BE,imbalance_price,Short,2026-08-23T11:28:30Z
2026-08-23T11:27:43Z,2026-08-23T13:27:43+0200,aa89dba4-771d-4653-9ac4-44e4858bfe00,2026-08-23T04:15:00Z,2026-08-23T06:15:00+0200,167.98,EUR/MWh,BE,BE,imbalance_price,Long,2026-08-23T11:28:30Z
2026-08-23T11:27:43Z,2026-08-23T13:27:43+0200,aa89dba4-771d-4653-9ac4-44e4858bfe00,2026-08-23T04:15:00Z,2026-08-23T06:15:00+0200,167.98,EUR/MWh,BE,BE,imbalance_price,Short,2026-08-23T11:28:30Z
2026-08-23T11:27:43Z,2026-08-23T13:27:43+0200,aa89dba4-771d-4653-9ac4-44e4858bfe00,2026-08-23T04:30:00Z,2026-08-23T06:30:00+0200,119.85,EUR/MWh,BE,BE,imbalance_price,Long,2026-08-23T11:28:30Z
2026-08-23T11:27:43Z,2026-08-23T13:27:43+0200,aa89dba4-771d-4653-9ac4-44e4858bfe00,2026-08-23T04:30:00Z,2026-08-23T06:30:00+0200,119.85,EUR/MWh,BE,BE,imbalance_price,Short,2026-08-23T11:28:30Z
2026-08-23T11:27:43Z,2026-08-23T13:27:43+0200,aa89dba4-771d-4653-9ac4-44e4858bfe00,2026-08-23T04:45:00Z,2026-08-23T06:45:00+0200,123.84,EUR/MWh,BE,BE,imbalance_price,Long,2026-08-23T11:28:30Z
2026-08-23T11:27:43Z,2026-08-23T13:27:43+0200,aa89dba4-771d-4653-9ac4-44e4858bfe00,2026-08-23T04:45:00Z,2026-08-23T06:45:00+0200,123.84,EUR/MWh,BE,BE,imbalance_price,Short,2026-08-23T11:28:30Z
2026-08-23T11:27:43Z,2026-08-23T13:27:43+0200,aa89dba4-771d-4653-9ac4-44e4858bfe00,2026-08-23T05:00:00Z,2026-08-23T07:00:00+0200,323.21,EUR/MWh,BE,BE,imbalance_price,Long,2026-08-23T11:28:30Z
2026-08-23T11:27:43Z,2026-08-23T13:27:43+0200,aa89dba4-771d-4653-9ac4-44e4858bfe00,2026-08-23T05:00:00Z,2026-08-23T07:00:00+0200,323.21,EUR/MWh,BE,BE,imbalance_price,Short,2026-08-23T11:28:30Z
2026-08-23T11:27:43Z,2026-08-23T13:27:43+0200,aa89dba4-771d-4653-9ac4-44e4858bfe00,2026-08-23T05:15:00Z,2026-08-23T07:15:00+0200,70.1,EUR/MWh,BE,BE,imbalance_price,Long,2026-08-23T11:28:30Z
2026-08-23T11:27:43Z,2026-08-23T13:27:43+0200,aa89dba4-771d-4653-9ac4-44e4858bfe00,2026-08-23T05:15:00Z,2026-08-23T07:15:00+0200,70.1,EUR/MWh,BE,BE,imbalance_price,Short,2026-08-23T11:28:30Z
2026-08-23T11:27:43Z,2026-08-23T13:27:43+0200,aa89dba4-771d-4653-9ac4-44e4858bfe00,2026-08-23T05:30:00Z,2026-08-23T07:30:00+0200,83.9,EUR/MWh,BE,BE,imbalance_price,Long,2026-08-23T11:28:30Z
2026-08-23T11:27:43Z,2026-08-23T13:27:43+0200,aa89dba4-771d-4653-9ac4-44e4858bfe00,2026-08-23T05:30:00Z,2026-08-23T07:30:00+0200,83.9,EUR/MWh,BE,BE,imbalance_price,Short,2026-08-23T11:28:30Z
2026-08-23T11:27:43Z,2026-08-23T13:27:43+0200,aa89dba4-771d-4653-9ac4-44e4858bfe00,2026-08-23T05:45:00Z,2026-08-23T07:45:00+0200,80.05,EUR/MWh,BE,BE,imbalance_price,Long,2026-08-23T11:28:30Z
2026-08-23T11:27:43Z,2026-08-23T13:27:43+0200,aa89dba4-771d-4653-9ac4-44e4858bfe00,2026-08-23T05:45:00Z,2026-08-23T07:45:00+0200,80.05,EUR/MWh,BE,BE,imbalance_price,Short,2026-08-23T11:28:30Z
2026-08-23T11:27:43Z,2026-08-23T13:27:43+0200,aa89dba4-771d-4653-9ac4-44e4858bfe00,2026-08-23T06:00:00Z,2026-08-23T08:00:00+0200,74.77,EUR/MWh,BE,BE,imbalance_price,Long,2026-08-23T11:28:30Z
2026-08-23T11:27:43Z,2026-08-23T13:27:43+0200,aa89dba4-771d-4653-9ac4-44e4858bfe00,2026-08-23T06:00:00Z,2026-08-23T08:00:00+0200,74.77,EUR/MWh,BE,BE,imbalance_price,Short,2026-08-23T11:28:30Z
2026-08-23T11:27:43Z,2026-08-23T13:27:43+0200,aa89dba4-771d-4653-9ac4-44e4858bfe00,2026-08-23T06:15:00Z,2026-08-23T08:15:00+0200,62.0,EUR/MWh,BE,BE,imbalance_price,Long,2026-08-23T11:28:30Z
2026-08-23T11:27:43Z,2026-08-23T13:27:43+0200,aa89dba4-771d-4653-9ac4-44e4858bfe00,2026-08-23T06:15:00Z,2026-08-23T08:15:00+0200,62.0,EUR/MWh,BE,BE,imbalance_price,Short,2026-08-23T11:28:30Z
2026-08-23T11:27:43Z,2026-08-23T13:27:43+0200,aa89dba4-771d-4653-9ac4-44e4858bfe00,2026-08-23T06:30:00Z,2026-08-23T08:30:00+0200,8.91,EUR/MWh,BE,BE,imbalance_price,Long,2026-08-23T11:28:30Z
2026-08-23T11:27:43Z,2026-08-23T13:27:43+0200,aa89dba4-771d-4653-9ac4-44e4858bfe00,2026-08-23T06:30:00Z,2026-08-23T08:30:00+0200,8.91,EUR/MWh,BE,BE,imbalance_price,Short,2026-08-23T11:28:30Z
2026-08-23T11:27:43Z,2026-08-23T13:27:43+0200,aa89dba4-771d-4653-9ac4-44e4858bfe00,2026-08-23T06:45:00Z,2026-08-23T08:45:00+0200,-17.9,EUR/MWh,BE,BE,imbalance_price,Long,2026-08-23T11:28:30Z
2026-08-23T11:27:43Z,2026-08-23T13:27:43+0200,aa89dba4-771d-4653-9ac4-44e4858bfe00,2026-08-23T06:45:00Z,2026-08-23T08:45:00+0200,-17.9,EUR/MWh,BE,BE,imbalance_price,Short,2026-08-23T11:28:30Z
2026-08-23T11:27:43Z,2026-08-23T13:27:43+0200,aa89dba4-771d-4653-9ac4-44e4858bfe00,2026-08-23T07:00:00Z,2026-08-23T09:00:00+0200,8.38,EUR/MWh,BE,BE,imbalance_price,Long,2026-08-23T11:28:30Z
2026-08-23T11:27:43Z,2026-08-23T13:27:43+0200,aa89dba4-771d-4653-9ac4-44e4858bfe00,2026-08-23T07:00:00Z,2026-08-23T09:00:00+0200,8.38,EUR/MWh,BE,BE,imbalance_price,Short,2026-08-23T11:28:30Z
2026-08-23T11:27:43Z,2026-08-23T13:27:43+0200,aa89dba4-771d-4653-9ac4-44e4858bfe00,2026-08-23T07:15:00Z,2026-08-23T09:15:00+0200,-1.03,EUR/MWh,BE,BE,imbalance_price,Long,2026-08-23T11:28:30Z
2026-08-23T11:27:43Z,2026-08-23T13:27:43+0200,aa89dba4-771d-4653-9ac4-44e4858bfe00,2026-08-23T07:15:00Z,2026-08-23T09:15:00+0200,-1.03,EUR/MWh,BE,BE,imbalance_price,Short,2026-08-23T11:28:30Z
2026-08-23T11:27:43Z,2026-08-23T13:27:43+0200,aa89dba4-771d-4653-9ac4-44e4858bfe00,2026-08-23T07:30:00Z,2026-08-23T09:30:00+0200,-1.03,EUR/MWh,BE,BE,imbalance_price,Long,2026-08-23T11:28:30Z
2026-08-23T11:27:43Z,2026-08-23T13:27:43+0200,aa89dba4-771d-4653-9ac4-44e4858bfe00,2026-08-23T07:30:00Z,2026-08-23T09:30:00+0200,-1.03,EUR/MWh,BE,BE,imbalance_price,Short,2026-08-23T11:28:30Z
2026-08-23T11:27:43Z,2026-08-23T13:27:43+0200,aa89dba4-771d-4653-9ac4-44e4858bfe00,2026-08-23T07:45:00Z,2026-08-23T09:45:00+0200,-13.36,EUR/MWh,BE,BE,imbalance_price,Long,2026-08-23T11:28:30Z
2026-08-23T11:27:43Z,2026-08-23T13:27:43+0200,aa89dba4-771d-4653-9ac4-44e4858bfe00,2026-08-23T07:45:00Z,2026-08-23T09:45:00+0200,-13.36,EUR/MWh,BE,BE,imbalance_price,Short,2026-08-23T11:28:30Z
2026-08-23T11:27:43Z,2026-08-23T13:27:43+0200,aa89dba4-771d-4653-9ac4-44e4858bfe00,2026-08-23T08:00:00Z,2026-08-23T10:00:00+0200,8.85,EUR/MWh,BE,BE,imbalance_price,Long,2026-08-23T11:28:30Z
2026-08-23T11:27:43Z,2026-08-23T13:27:43+0200,aa89dba4-771d-4653-9ac4-44e4858bfe00,2026-08-23T08:00:00Z,2026-08-23T10:00:00+0200,8.85,EUR/MWh,BE,BE,imbalance_price,Short,2026-08-23T11:28:30Z
2026-08-23T11:27:43Z,2026-08-23T13:27:43+0200,aa89dba4-771d-4653-9ac4-44e4858bfe00,2026-08-23T08:15:00Z,2026-08-23T10:15:00+0200,-5.7,EUR/MWh,BE,BE,imbalance_price,Long,2026-08-23T11:28:30Z
2026-08-23T11:27:43Z,2026-08-23T13:27:43+0200,aa89dba4-771d-4653-9ac4-44e4858bfe00,2026-08-23T08:15:00Z,2026-08-23T10:15:00+0200,-5.7,EUR/MWh,BE,BE,imbalance_price,Short,2026-08-23T11:28:30Z
2026-08-23T11:27:43Z,2026-08-23T13:27:43+0200,aa89dba4-771d-4653-9ac4-44e4858bfe00,2026-08-23T08:30:00Z,2026-08-23T10:30:00+0200,-7.04,EUR/MWh,BE,BE,imbalance_price,Long,2026-08-23T11:28:30Z
2026-08-23T11:27:43Z,2026-08-23T13:27:43+0200,aa89dba4-771d-4653-9ac4-44e4858bfe00,2026-08-23T08:30:00Z,2026-08-23T10:30:00+0200,-7.04,EUR/MWh,BE,BE,imbalance_price,Short,2026-08-23T11:28:30Z
2026-08-23T11:27:43Z,2026-08-23T13:27:43+0200,aa89dba4-771d-4653-9ac4-44e4858bfe00,2026-08-23T08:45:00Z,2026-08-23T10:45:00+0200,-10.86,EUR/MWh,BE,BE,imbalance_price,Long,2026-08-23T11:28:30Z
2026-08-23T11:27:43Z,2026-08-23T13:27:43+0200,aa89dba4-771d-4653-9ac4-44e4858bfe00,2026-08-23T08:45:00Z,2026-08-23T10:45:00+0200,-10.86,EUR/MWh,BE,BE,imbalance_price,Short,2026-08-23T11:28:30Z
2026-08-23T11:27:43Z,2026-08-23T13:27:43+0200,aa89dba4-771d-4653-9ac4-44e4858bfe00,2026-08-23T09:00:00Z,2026-08-23T11:00:00+0200,17.81,EUR/MWh,BE,BE,imbalance_price,Long,2026-08-23T11:28:30Z
2026-08-23T11:27:43Z,2026-08-23T13:27:43+0200,aa89dba4-771d-4653-9ac4-44e4858bfe00,2026-08-23T09:00:00Z,2026-08-23T11:00:00+0200,17.81,EUR/MWh,BE,BE,imbalance_price,Short,2026-08-23T11:28:30Z
2026-08-23T11:27:43Z,2026-08-23T13:27:43+0200,aa89dba4-771d-4653-9ac4-44e4858bfe00,2026-08-23T09:15:00Z,2026-08-23T11:15:00+0200,34.0,EUR/MWh,BE,BE,imbalance_price,Long,2026-08-23T11:28:30Z
2026-08-23T11:27:43Z,2026-08-23T13:27:43+0200,aa89dba4-771d-4653-9ac4-44e4858bfe00,2026-08-23T09:15:00Z,2026-08-23T11:15:00+0200,34.0,EUR/MWh,BE,BE,imbalance_price,Short,2026-08-23T11:28:30Z
2026-08-23T11:27:43Z,2026-08-23T13:27:43+0200,aa89dba4-771d-4653-9ac4-44e4858bfe00,2026-08-23T09:30:00Z,2026-08-23T11:30:00+0200,3.24,EUR/MWh,BE,BE,imbalance_price,Long,2026-08-23T11:28:30Z
2026-08-23T11:27:43Z,2026-08-23T13:27:43+0200,aa89dba4-771d-4653-9ac4-44e4858bfe00,2026-08-23T09:30:00Z,2026-08-23T11:30:00+0200,3.24,EUR/MWh,BE,BE,imbalance_price,Short,2026-08-23T11:28:30Z
2026-08-23T11:27:43Z,2026-08-23T13:27:43+0200,aa89dba4-771d-4653-9ac4-44e4858bfe00,2026-08-23T09:45:00Z,2026-08-23T11:45:00+0200,34.0,EUR/MWh,BE,BE,imbalance_price,Long,2026-08-23T11:28:30Z
2026-08-23T11:27:43Z,2026-08-23T13:27:43+0200,aa89dba4-771d-4653-9ac4-44e4858bfe00,2026-08-23T09:45:00Z,2026-08-23T11:45:00+0200,34.0,EUR/MWh,BE,BE,imbalance_price,Short,2026-08-23T11:28:30Z
2026-08-23T11:27:43Z,2026-08-23T13:27:43+0200,aa89dba4-771d-4653-9ac4-44e4858bfe00,2026-08-23T10:00:00Z,2026-08-23T12:00:00+0200,22.5,EUR/MWh,BE,BE,imbalance_price,Long,2026-08-23T11:28:30Z
2026-08-23T11:27:43Z,2026-08-23T13:27:43+0200,aa89dba4-771d-4653-9ac4-44e4858bfe00,2026-08-23T10:00:00Z,2026-08-23T12:00:00+0200,22.5,EUR/MWh,BE,BE,imbalance_price,Short,2026-08-23T11:28:30Z
2026-08-23T11:27:43Z,2026-08-23T13:27:43+0200,aa89dba4-771d-4653-9ac4-44e4858bfe00,2026-08-23T10:15:00Z,2026-08-23T12:15:00+0200,22.5,EUR/MWh,BE,BE,imbalance_price,Long,2026-08-23T11:28:30Z
2026-08-23T11:27:43Z,2026-08-23T13:27:43+0200,aa89dba4-771d-4653-9ac4-44e4858bfe00,2026-08-23T10:15:00Z,2026-08-23T12:15:00+0200,22.5,EUR/MWh,BE,BE,imbalance_price,Short,2026-08-23T11:28:30Z
2026-08-23T11:27:43Z,2026-08-23T13:27:43+0200,aa89dba4-771d-4653-9ac4-44e4858bfe00,2026-08-23T10:30:00Z,2026-08-23T12:30:00+0200,-2.29,EUR/MWh,BE,BE,imbalance_price,Long,2026-08-23T11:28:30Z
2026-08-23T11:27:43Z,2026-08-23T13:27:43+0200,aa89dba4-771d-4653-9ac4-44e4858bfe00,2026-08-23T10:30:00Z,2026-08-23T12:30:00+0200,-2.29,EUR/MWh,BE,BE,imbalance_price,Short,2026-08-23T11:28:30Z
2026-08-23T11:27:43Z,2026-08-23T13:27:43+0200,aa89dba4-771d-4653-9ac4-44e4858bfe00,2026-08-23T10:45:00Z,2026-08-23T12:45:00+0200,-0.19,EUR/MWh,BE,BE,imbalance_price,Long,2026-08-23T11:28:30Z
2026-08-23T11:27:43Z,2026-08-23T13:27:43+0200,aa89dba4-771d-4653-9ac4-44e4858bfe00,2026-08-23T10:45:00Z,2026-08-23T12:45:00+0200,-0.19,EUR/MWh,BE,BE,imbalance_price,Short,2026-08-23T11:28:30Z
2026-08-23T11:27:43Z,2026-08-23T13:27:43+0200,aa89dba4-771d-4653-9ac4-44e4858bfe00,2026-08-23T11:00:00Z,2026-08-23T13:00:00+0200,-0.36,EUR/MWh,BE,BE,imbalance_price,Long,2026-08-23T11:28:30Z
2026-08-23T11:27:43Z,2026-08-23T13:27:43+0200,aa89dba4-771d-4653-9ac4-44e4858bfe00,2026-08-23T11:00:00Z,2026-08-23T13:00:00+0200,-0.36,EUR/MWh,BE,BE,imbalance_price,Short,2026-08-23T11:28:30Z
