collection_time_utc,collection_time_local,run_id,timestamp_utc,timestamp_local,value,unit,country,entsoe_area,variable,source,updated_at_utc
2026-09-07T07:40:17Z,2026-09-07T09:40:17+0200,7285bef3-a604-45d5-af29-a8fe1b71188a,2026-08-31T07:45:00Z,2026-08-31T09:45:00+0200,2.51,EUR/MWh,PT,PT,day_ahead_price,value,2026-09-07T07:43:22Z
2026-09-07T07:40:17Z,2026-09-07T09:40:17+0200,7285bef3-a604-45d5-af29-a8fe1b71188a,2026-08-31T08:00:00Z,2026-08-31T10:00:00+0200,2.0,EUR/MWh,PT,PT,day_ahead_price,value,2026-09-07T07:43:22Z
2026-09-07T07:40:17Z,2026-09-07T09:40:17+0200,7285bef3-a604-45d5-af29-a8fe1b71188a,2026-08-31T08:15:00Z,2026-08-31T10:15:00+0200,1.08,EUR/MWh,PT,PT,day_ahead_price,value,2026-09-07T07:43:22Z
2026-09-07T07:40:17Z,2026-09-07T09:40:17+0200,7285bef3-a604-45d5-af29-a8fe1b71188a,2026-08-31T08:30:00Z,2026-08-31T10:30:00+0200,0.1,EUR/MWh,PT,PT,day_ahead_price,value,2026-09-07T07:43:22Z
2026-09-07T07:40:17Z,2026-09-07T09:40:17+0200,7285bef3-a604-45d5-af29-a8fe1b71188a,2026-08-31T08:45:00Z,2026-08-31T10:45:00+0200,0.0,EUR/MWh,PT,PT,day_ahead_price,value,2026-09-07T07:43:22Z
2026-09-07T07:40:17Z,2026-09-07T09:40:17+0200,7285bef3-a604-45d5-af29-a8fe1b71188a,2026-08-31T09:00:00Z,2026-08-31T11:00:00+0200,0.51,EUR/MWh,PT,PT,day_ahead_price,value,2026-09-07T07:43:22Z
2026-09-07T07:40:17Z,2026-09-07T09:40:17+0200,7285bef3-a604-45d5-af29-a8fe1b71188a,2026-08-31T09:15:00Z,2026-08-31T11:15:00+0200,0.51,EUR/MWh,PT,PT,day_ahead_price,value,2026-09-07T07:43:22Z
2026-09-07T07:40:17Z,2026-09-07T09:40:17+0200,7285bef3-a604-45d5-af29-a8fe1b71188a,2026-08-31T09:30:00Z,2026-08-31T11:30:00+0200,0.51,EUR/MWh,PT,PT,day_ahead_price,value,2026-09-07T07:43:22Z
2026-09-07T07:40:17Z,2026-09-07T09:40:17+0200,7285bef3-a604-45d5-af29-a8fe1b71188a,2026-08-31T09:45:00Z,2026-08-31T11:45:00+0200,0.51,EUR/MWh,PT,PT,day_ahead_price,value,2026-09-07T07:43:22Z
2026-09-07T07:40:17Z,2026-09-07T09:40:17+0200,7285bef3-a604-45d5-af29-a8fe1b71188a,2026-08-31T10:00:00Z,2026-08-31T12:00:00+0200,0.0,EUR/MWh,PT,PT,day_ahead_price,value,2026-09-07T07:43:22Z
2026-09-07T07:40:17Z,2026-09-07T09:40:17+0200,7285bef3-a604-45d5-af29-a8fe1b71188a,2026-08-31T10:15:00Z,2026-08-31T12:15:00+0200,0.0,EUR/MWh,PT,PT,day_ahead_price,value,2026-09-07T07:43:22Z
2026-09-07T07:40:17Z,2026-09-07T09:40:17+0200,7285bef3-a604-45d5-af29-a8fe1b71188a,2026-08-31T10:30:00Z,2026-08-31T12:30:00+0200,0.0,EUR/MWh,PT,PT,day_ahead_price,value,2026-09-07T07:43:22Z
2026-09-07T07:40:17Z,2026-09-07T09:40:17+0200,7285bef3-a604-45d5-af29-a8fe1b71188a,2026-08-31T10:45:00Z,2026-08-31T12:45:00+0200,0.0,EUR/MWh,PT,PT,day_ahead_price,value,2026-09-07T07:43:22Z
2026-09-07T07:40:17Z,2026-09-07T09:40:17+0200,7285bef3-a604-45d5-af29-a8fe1b71188a,2026-08-31T11:00:00Z,2026-08-31T13:00:00+0200,0.0,EUR/MWh,PT,PT,day_ahead_price,value,2026-09-07T07:43:22Z
2026-09-07T07:40:17Z,2026-09-07T09:40:17+0200,7285bef3-a604-45d5-af29-a8fe1b71188a,2026-08-31T11:15:00Z,2026-08-31T13:15:00+0200,0.0,EUR/MWh,PT,PT,day_ahead_price,value,2026-09-07T07:43:22Z
2026-09-07T07:40:17Z,2026-09-07T09:40:17+0200,7285bef3-a604-45d5-af29-a8fe1b71188a,2026-08-31T11:30:00Z,2026-08-31T13:30:00+0200,0.0,EUR/MWh,PT,PT,day_ahead_price,value,2026-09-07T07:43:22Z
2026-09-07T07:40:17Z,2026-09-07T09:40:17+0200,7285bef3-a604-45d5-af29-a8fe1b71188a,2026-08-31T11:45:00Z,2026-08-31T13:45:00+0200,0.0,EUR/MWh,PT,PT,day_ahead_price,value,2026-09-07T07:43:22Z
2026-09-07T07:40:17Z,2026-09-07T09:40:17+0200,7285bef3-a604-45d5-af29-a8fe1b71188a,2026-08-31T12:00:00Z,2026-08-31T14:00:00+0200,0.0,EUR/MWh,PT,PT,day_ahead_price,value,2026-09-07T07:43:22Z
2026-09-07T07:40:17Z,2026-09-07T09:40:17+0200,7285bef3-a604-45d5-af29-a8fe1b71188a,2026-08-31T12:15:00Z,2026-08-31T14:15:00+0200,0.0,EUR/MWh,PT,PT,day_ahead_price,value,2026-09-07T07:43:22Z
2026-09-07T07:40:17Z,2026-09-07T09:40:17+0200,7285bef3-a604-45d5-af29-a8fe1b71188a,2026-08-31T12:30:00Z,2026-08-31T14:30:00+0200,0.0,EUR/MWh,PT,PT,day_ahead_price,value,2026-09-07T07:43:22Z
2026-09-07T07:40:17Z,2026-09-07T09:40:17+0200,7285bef3-a604-45d5-af29-a8fe1b71188a,2026-08-31T12:45:00Z,2026-08-31T14:45:00+0200,0.0,EUR/MWh,PT,PT,day_ahead_price,value,2026-09-07T07:43:22Z
2026-09-07T07:40:17Z,2026-09-07T09:40:17+0200,7285bef3-a604-45d5-af29-a8fe1b71188a,2026-08-31T13:00:00Z,2026-08-31T15:00:00+0200,0.0,EUR/MWh,PT,PT,day_ahead_price,value,2026-09-07T07:43:22Z
2026-09-07T07:40:17Z,2026-09-07T09:40:17+0200,7285bef3-a604-45d5-af29-a8fe1b71188a,2026-08-31T13:15:00Z,2026-08-31T15:15:00+0200,0.0,EUR/MWh,PT,PT,day_ahead_price,value,2026-09-07T07:43:22Z
2026-09-07T07:40:17Z,2026-09-07T09:40:17+0200,7285bef3-a604-45d5-af29-a8fe1b71188a,2026-08-31T13:30:00Z,2026-08-31T15:30:00+0200,0.0,EUR/MWh,PT,PT,day_ahead_price,value,2026-09-07T07:43:22Z
2026-09-07T07:40:17Z,2026-09-07T09:40:17+0200,7285bef3-a604-45d5-af29-a8fe1b71188a,2026-08-31T13:45:00Z,2026-08-31T15:45:00+0200,0.0,EUR/MWh,PT,PT,day_ahead_price,value,2026-09-07T07:43:22Z
2026-09-07T07:40:17Z,2026-09-07T09:40:17+0200,7285bef3-a604-45d5-af29-a8fe1b71188a,2026-08-31T14:00:00Z,2026-08-31T16:00:00+0200,0.0,EUR/MWh,PT,PT,day_ahead_price,value,2026-09-07T07:43:22Z
2026-09-07T07:40:17Z,2026-09-07T09:40:17+0200,7285bef3-a604-45d5-af29-a8fe1b71188a,2026-08-31T14:15:00Z,2026-08-31T16:15:00+0200,0.0,EUR/MWh,PT,PT,day_ahead_price,value,2026-09-07T07:43:22Z
2026-09-07T07:40:17Z,2026-09-07T09:40:17+0200,7285bef3-a604-45d5-af29-a8fe1b71188a,2026-08-31T14:30:00Z,2026-08-31T16:30:00+0200,0.0,EUR/MWh,PT,PT,day_ahead_price,value,2026-09-07T07:43:22Z
2026-09-07T07:40:17Z,2026-09-07T09:40:17+0200,7285bef3-a604-45d5-af29-a8fe1b71188a,2026-08-31T14:45:00Z,2026-08-31T16:45:00+0200,0.0,EUR/MWh,PT,PT,day_ahead_price,value,2026-09-07T07:43:22Z
2026-09-07T07:40:17Z,2026-09-07T09:40:17+0200,7285bef3-a604-45d5-af29-a8fe1b71188a,2026-08-31T15:00:00Z,2026-08-31T17:00:00+0200,0.51,EUR/MWh,PT,PT,day_ahead_price,value,2026-09-07T07:43:22Z
2026-09-07T07:40:17Z,2026-09-07T09:40:17+0200,7285bef3-a604-45d5-af29-a8fe1b71188a,2026-08-31T15:15:00Z,2026-08-31T17:15:00+0200,1.2,EUR/MWh,PT,PT,day_ahead_price,value,2026-09-07T07:43:22Z
2026-09-07T07:40:17Z,2026-09-07T09:40:17+0200,7285bef3-a604-45d5-af29-a8fe1b71188a,2026-08-31T15:30:00Z,2026-08-31T17:30:00+0200,2.51,EUR/MWh,PT,PT,day_ahead_price,value,2026-09-07T07:43:22Z
2026-09-07T07:40:17Z,2026-09-07T09:40:17+0200,7285bef3-a604-45d5-af29-a8fe1b71188a,2026-08-31T15:45:00Z,2026-08-31T17:45:00+0200,8.0,EUR/MWh,PT,PT,day_ahead_price,value,2026-09-07T07:43:22Z
2026-09-07T07:40:17Z,2026-09-07T09:40:17+0200,7285bef3-a604-45d5-af29-a8fe1b71188a,2026-08-31T16:00:00Z,2026-08-31T18:00:00+0200,19.9,EUR/MWh,PT,PT,day_ahead_price,value,2026-09-07T07:43:22Z
2026-09-07T07:40:17Z,2026-09-07T09:40:17+0200,7285bef3-a604-45d5-af29-a8fe1b71188a,2026-08-31T16:15:00Z,2026-08-31T18:15:00+0200,41.42,EUR/MWh,PT,PT,day_ahead_price,value,2026-09-07T07:43:22Z
2026-09-07T07:40:17Z,2026-09-07T09:40:17+0200,7285bef3-a604-45d5-af29-a8fe1b71188a,2026-08-31T16:30:00Z,2026-08-31T18:30:00+0200,90.4,EUR/MWh,PT,PT,day_ahead_price,value,2026-09-07T07:43:22Z
2026-09-07T07:40:17Z,2026-09-07T09:40:17+0200,7285bef3-a604-45d5-af29-a8fe1b71188a,2026-08-31T16:45:00Z,2026-08-31T18:45:00+0200,120.27,EUR/MWh,PT,PT,day_ahead_price,value,2026-09-07T07:43:22Z
2026-09-07T07:40:17Z,2026-09-07T09:40:17+0200,7285bef3-a604-45d5-af29-a8fe1b71188a,2026-08-31T17:00:00Z,2026-08-31T19:00:00+0200,120.27,EUR/MWh,PT,PT,day_ahead_price,value,2026-09-07T07:43:22Z
2026-09-07T07:40:17Z,2026-09-07T09:40:17+0200,7285bef3-a604-45d5-af29-a8fe1b71188a,2026-08-31T17:15:00Z,2026-08-31T19:15:00+0200,159.99,EUR/MWh,PT,PT,day_ahead_price,value,2026-09-07T07:43:22Z
2026-09-07T07:40:17Z,2026-09-07T09:40:17+0200,7285bef3-a604-45d5-af29-a8fe1b71188a,2026-08-31T17:30:00Z,2026-08-31T19:30:00+0200,182.03,EUR/MWh,PT,PT,day_ahead_price,value,2026-09-07T07:43:22Z
2026-09-07T07:40:17Z,2026-09-07T09:40:17+0200,7285bef3-a604-45d5-af29-a8fe1b71188a,2026-08-31T17:45:00Z,2026-08-31T19:45:00+0200,215.0,EUR/MWh,PT,PT,day_ahead_price,value,2026-09-07T07:43:22Z
2026-09-07T07:40:17Z,2026-09-07T09:40:17+0200,7285bef3-a604-45d5-af29-a8fe1b71188a,2026-08-31T18:00:00Z,2026-08-31T20:00:00+0200,184.27,EUR/MWh,PT,PT,day_ahead_price,value,2026-09-07T07:43:22Z
2026-09-07T07:40:17Z,2026-09-07T09:40:17+0200,7285bef3-a604-45d5-af29-a8fe1b71188a,2026-08-31T18:15:00Z,2026-08-31T20:15:00+0200,195.8,EUR/MWh,PT,PT,day_ahead_price,value,2026-09-07T07:43:22Z
2026-09-07T07:40:17Z,2026-09-07T09:40:17+0200,7285bef3-a604-45d5-af29-a8fe1b71188a,2026-08-31T18:30:00Z,2026-08-31T20:30:00+0200,214.0,EUR/MWh,PT,PT,day_ahead_price,value,2026-09-07T07:43:22Z
2026-09-07T07:40:17Z,2026-09-07T09:40:17+0200,7285bef3-a604-45d5-af29-a8fe1b71188a,2026-08-31T18:45:00Z,2026-08-31T20:45:00+0200,217.0,EUR/MWh,PT,PT,day_ahead_price,value,2026-09-07T07:43:22Z
2026-09-07T07:40:17Z,2026-09-07T09:40:17+0200,7285bef3-a604-45d5-af29-a8fe1b71188a,2026-08-31T19:00:00Z,2026-08-31T21:00:00+0200,216.0,EUR/MWh,PT,PT,day_ahead_price,value,2026-09-07T07:43:22Z
2026-09-07T07:40:17Z,2026-09-07T09:40:17+0200,7285bef3-a604-45d5-af29-a8fe1b71188a,2026-08-31T19:15:00Z,2026-08-31T21:15:00+0200,217.0,EUR/MWh,PT,PT,day_ahead_price,value,2026-09-07T07:43:22Z
2026-09-07T07:40:17Z,2026-09-07T09:40:17+0200,7285bef3-a604-45d5-af29-a8fe1b71188a,2026-08-31T19:30:00Z,2026-08-31T21:30:00+0200,216.0,EUR/MWh,PT,PT,day_ahead_price,value,2026-09-07T07:43:22Z
2026-09-07T07:40:17Z,2026-09-07T09:40:17+0200,7285bef3-a604-45d5-af29-a8fe1b71188a,2026-08-31T19:45:00Z,2026-08-31T21:45:00+0200,206.04,EUR/MWh,PT,PT,day_ahead_price,value,2026-09-07T07:43:22Z
2026-09-07T07:40:17Z,2026-09-07T09:40:17+0200,7285bef3-a604-45d5-af29-a8fe1b71188a,2026-08-31T20:00:00Z,2026-08-31T22:00:00+0200,200.85,EUR/MWh,PT,PT,day_ahead_price,value,2026-09-07T07:43:22Z
2026-09-07T07:40:17Z,2026-09-07T09:40:17+0200,7285bef3-a604-45d5-af29-a8fe1b71188a,2026-08-31T20:15:00Z,2026-08-31T22:15:00+0200,185.0,EUR/MWh,PT,PT,day_ahead_price,value,2026-09-07T07:43:22Z
2026-09-07T07:40:17Z,2026-09-07T09:40:17+0200,7285bef3-a604-45d5-af29-a8fe1b71188a,2026-08-31T20:30:00Z,2026-08-31T22:30:00+0200,181.5,EUR/MWh,PT,PT,day_ahead_price,value,2026-09-07T07:43:22Z
2026-09-07T07:40:17Z,2026-09-07T09:40:17+0200,7285bef3-a604-45d5-af29-a8fe1b71188a,2026-08-31T20:45:00Z,2026-08-31T22:45:00+0200,180.52,EUR/MWh,PT,PT,day_ahead_price,value,2026-09-07T07:43:22Z
2026-09-07T07:40:17Z,2026-09-07T09:40:17+0200,7285bef3-a604-45d5-af29-a8fe1b71188a,2026-08-31T21:00:00Z,2026-08-31T23:00:00+0200,180.5,EUR/MWh,PT,PT,day_ahead_price,value,2026-09-07T07:43:22Z
2026-09-07T07:40:17Z,2026-09-07T09:40:17+0200,7285bef3-a604-45d5-af29-a8fe1b71188a,2026-08-31T21:15:00Z,2026-08-31T23:15:00+0200,177.99,EUR/MWh,PT,PT,day_ahead_price,value,2026-09-07T07:43:22Z
2026-09-07T07:40:17Z,2026-09-07T09:40:17+0200,7285bef3-a604-45d5-af29-a8fe1b71188a,2026-08-31T21:30:00Z,2026-08-31T23:30:00+0200,176.69,EUR/MWh,PT,PT,day_ahead_price,value,2026-09-07T07:43:22Z
2026-09-07T07:40:17Z,2026-09-07T09:40:17+0200,7285bef3-a604-45d5-af29-a8fe1b71188a,2026-08-31T21:45:00Z,2026-08-31T23:45:00+0200,172.03,EUR/MWh,PT,PT,day_ahead_price,value,2026-09-07T07:43:22Z
2026-09-07T07:40:17Z,2026-09-07T09:40:17+0200,7285bef3-a604-45d5-af29-a8fe1b71188a,2026-08-31T22:00:00Z,2026-09-01T00:00:00+0200,180.24,EUR/MWh,PT,PT,day_ahead_price,value,2026-09-07T07:43:22Z
2026-09-07T07:40:17Z,2026-09-07T09:40:17+0200,7285bef3-a604-45d5-af29-a8fe1b71188a,2026-08-31T22:15:00Z,2026-09-01T00:15:00+0200,178.5,EUR/MWh,PT,PT,day_ahead_price,value,2026-09-07T07:43:22Z
2026-09-07T07:40:17Z,2026-09-07T09:40:17+0200,7285bef3-a604-45d5-af29-a8fe1b71188a,2026-08-31T22:30:00Z,2026-09-01T00:30:00+0200,175.0,EUR/MWh,PT,PT,day_ahead_price,value,2026-09-07T07:43:22Z
2026-09-07T07:40:17Z,2026-09-07T09:40:17+0200,7285bef3-a604-45d5-af29-a8fe1b71188a,2026-08-31T22:45:00Z,2026-09-01T00:45:00+0200,174.0,EUR/MWh,PT,PT,day_ahead_price,value,2026-09-07T07:43:22Z
2026-09-07T07:40:17Z,2026-09-07T09:40:17+0200,7285bef3-a604-45d5-af29-a8fe1b71188a,2026-08-31T23:00:00Z,2026-09-01T01:00:00+0200,177.49,EUR/MWh,PT,PT,day_ahead_price,value,2026-09-07T07:43:22Z
2026-09-07T07:40:17Z,2026-09-07T09:40:17+0200,7285bef3-a604-45d5-af29-a8fe1b71188a,2026-08-31T23:15:00Z,2026-09-01T01:15:00+0200,177.49,EUR/MWh,PT,PT,day_ahead_price,value,2026-09-07T07:43:22Z
2026-09-07T07:40:17Z,2026-09-07T09:40:17+0200,7285bef3-a604-45d5-af29-a8fe1b71188a,2026-08-31T23:30:00Z,2026-09-01T01:30:00+0200,175.67,EUR/MWh,PT,PT,day_ahead_price,value,2026-09-07T07:43:22Z
2026-09-07T07:40:17Z,2026-09-07T09:40:17+0200,7285bef3-a604-45d5-af29-a8fe1b71188a,2026-08-31T23:45:00Z,2026-09-01T01:45:00+0200,175.0,EUR/MWh,PT,PT,day_ahead_price,value,2026-09-07T07:43:22Z
2026-09-07T07:40:17Z,2026-09-07T09:40:17+0200,7285bef3-a604-45d5-af29-a8fe1b71188a,2026-09-01T00:00:00Z,2026-09-01T02:00:00+0200,169.98,EUR/MWh,PT,PT,day_ahead_price,value,2026-09-07T07:43:22Z
2026-09-07T07:40:17Z,2026-09-07T09:40:17+0200,7285bef3-a604-45d5-af29-a8fe1b71188a,2026-09-01T00:15:00Z,2026-09-01T02:15:00+0200,165.66,EUR/MWh,PT,PT,day_ahead_price,value,2026-09-07T07:43:22Z
2026-09-07T07:40:17Z,2026-09-07T09:40:17+0200,7285bef3-a604-45d5-af29-a8fe1b71188a,2026-09-01T00:30:00Z,2026-09-01T02:30:00+0200,165.66,EUR/MWh,PT,PT,day_ahead_price,value,2026-09-07T07:43:22Z
2026-09-07T07:40:17Z,2026-09-07T09:40:17+0200,7285bef3-a604-45d5-af29-a8fe1b71188a,2026-09-01T00:45:00Z,2026-09-01T02:45:00+0200,165.66,EUR/MWh,PT,PT,day_ahead_price,value,2026-09-07T07:43:22Z
2026-09-07T07:40:17Z,2026-09-07T09:40:17+0200,7285bef3-a604-45d5-af29-a8fe1b71188a,2026-09-01T01:00:00Z,2026-09-01T03:00:00+0200,165.0,EUR/MWh,PT,PT,day_ahead_price,value,2026-09-07T07:43:22Z
2026-09-07T07:40:17Z,2026-09-07T09:40:17+0200,7285bef3-a604-45d5-af29-a8fe1b71188a,2026-09-01T01:15:00Z,2026-09-01T03:15:00+0200,174.4,EUR/MWh,PT,PT,day_ahead_price,value,2026-09-07T07:43:22Z
2026-09-07T07:40:17Z,2026-09-07T09:40:17+0200,7285bef3-a604-45d5-af29-a8fe1b71188a,2026-09-01T01:30:00Z,2026-09-01T03:30:00+0200,174.8,EUR/MWh,PT,PT,day_ahead_price,value,2026-09-07T07:43:22Z
2026-09-07T07:40:17Z,2026-09-07T09:40:17+0200,7285bef3-a604-45d5-af29-a8fe1b71188a,2026-09-01T01:45:00Z,2026-09-01T03:45:00+0200,175.0,EUR/MWh,PT,PT,day_ahead_price,value,2026-09-07T07:43:22Z
2026-09-07T07:40:17Z,2026-09-07T09:40:17+0200,7285bef3-a604-45d5-af29-a8fe1b71188a,2026-09-01T02:00:00Z,2026-09-01T04:00:00+0200,175.0,EUR/MWh,PT,PT,day_ahead_price,value,2026-09-07T07:43:22Z
2026-09-07T07:40:17Z,2026-09-07T09:40:17+0200,7285bef3-a604-45d5-af29-a8fe1b71188a,2026-09-01T02:15:00Z,2026-09-01T04:15:00+0200,175.0,EUR/MWh,PT,PT,day_ahead_price,value,2026-09-07T07:43:22Z
2026-09-07T07:40:17Z,2026-09-07T09:40:17+0200,7285bef3-a604-45d5-af29-a8fe1b71188a,2026-09-01T02:30:00Z,2026-09-01T04:30:00+0200,176.5,EUR/MWh,PT,PT,day_ahead_price,value,2026-09-07T07:43:22Z
2026-09-07T07:40:17Z,2026-09-07T09:40:17+0200,7285bef3-a604-45d5-af29-a8fe1b71188a,2026-09-01T02:45:00Z,2026-09-01T04:45:00+0200,177.42,EUR/MWh,PT,PT,day_ahead_price,value,2026-09-07T07:43:22Z
2026-09-07T07:40:17Z,2026-09-07T09:40:17+0200,7285bef3-a604-45d5-af29-a8fe1b71188a,2026-09-01T03:00:00Z,2026-09-01T05:00:00+0200,177.42,EUR/MWh,PT,PT,day_ahead_price,value,2026-09-07T07:43:22Z
2026-09-07T07:40:17Z,2026-09-07T09:40:17+0200,7285bef3-a604-45d5-af29-a8fe1b71188a,2026-09-01T03:15:00Z,2026-09-01T05:15:00+0200,178.5,EUR/MWh,PT,PT,day_ahead_price,value,2026-09-07T07:43:22Z
2026-09-07T07:40:17Z,2026-09-07T09:40:17+0200,7285bef3-a604-45d5-af29-a8fe1b71188a,2026-09-01T03:30:00Z,2026-09-01T05:30:00+0200,179.3,EUR/MWh,PT,PT,day_ahead_price,value,2026-09-07T07:43:22Z
2026-09-07T07:40:17Z,2026-09-07T09:40:17+0200,7285bef3-a604-45d5-af29-a8fe1b71188a,2026-09-01T03:45:00Z,2026-09-01T05:45:00+0200,180.0,EUR/MWh,PT,PT,day_ahead_price,value,2026-09-07T07:43:22Z
2026-09-07T07:40:17Z,2026-09-07T09:40:17+0200,7285bef3-a604-45d5-af29-a8fe1b71188a,2026-09-01T04:00:00Z,2026-09-01T06:00:00+0200,182.49,EUR/MWh,PT,PT,day_ahead_price,value,2026-09-07T07:43:22Z
2026-09-07T07:40:17Z,2026-09-07T09:40:17+0200,7285bef3-a604-45d5-af29-a8fe1b71188a,2026-09-01T04:15:00Z,2026-09-01T06:15:00+0200,192.65,EUR/MWh,PT,PT,day_ahead_price,value,2026-09-07T07:43:22Z
2026-09-07T07:40:17Z,2026-09-07T09:40:17+0200,7285bef3-a604-45d5-af29-a8fe1b71188a,2026-09-01T04:30:00Z,2026-09-01T06:30:00+0200,196.39,EUR/MWh,PT,PT,day_ahead_price,value,2026-09-07T07:43:22Z
2026-09-07T07:40:17Z,2026-09-07T09:40:17+0200,7285bef3-a604-45d5-af29-a8fe1b71188a,2026-09-01T04:45:00Z,2026-09-01T06:45:00+0200,197.59,EUR/MWh,PT,PT,day_ahead_price,value,2026-09-07T07:43:22Z
2026-09-07T07:40:17Z,2026-09-07T09:40:17+0200,7285bef3-a604-45d5-af29-a8fe1b71188a,2026-09-01T05:00:00Z,2026-09-01T07:00:00+0200,208.56,EUR/MWh,PT,PT,day_ahead_price,value,2026-09-07T07:43:22Z
2026-09-07T07:40:17Z,2026-09-07T09:40:17+0200,7285bef3-a604-45d5-af29-a8fe1b71188a,2026-09-01T05:15:00Z,2026-09-01T07:15:00+0200,212.74,EUR/MWh,PT,PT,day_ahead_price,value,2026-09-07T07:43:22Z
2026-09-07T07:40:17Z,2026-09-07T09:40:17+0200,7285bef3-a604-45d5-af29-a8fe1b71188a,2026-09-01T05:30:00Z,2026-09-01T07:30:00+0200,208.63,EUR/MWh,PT,PT,day_ahead_price,value,2026-09-07T07:43:22Z
2026-09-07T07:40:17Z,2026-09-07T09:40:17+0200,7285bef3-a604-45d5-af29-a8fe1b71188a,2026-09-01T05:45:00Z,2026-09-01T07:45:00+0200,206.5,EUR/MWh,PT,PT,day_ahead_price,value,2026-09-07T07:43:22Z
2026-09-07T07:40:17Z,2026-09-07T09:40:17+0200,7285bef3-a604-45d5-af29-a8fe1b71188a,2026-09-01T06:00:00Z,2026-09-01T08:00:00+0200,217.5,EUR/MWh,PT,PT,day_ahead_price,value,2026-09-07T07:43:22Z
2026-09-07T07:40:17Z,2026-09-07T09:40:17+0200,7285bef3-a604-45d5-af29-a8fe1b71188a,2026-09-01T06:15:00Z,2026-09-01T08:15:00+0200,205.0,EUR/MWh,PT,PT,day_ahead_price,value,2026-09-07T07:43:22Z
2026-09-07T07:40:17Z,2026-09-07T09:40:17+0200,7285bef3-a604-45d5-af29-a8fe1b71188a,2026-09-01T06:30:00Z,2026-09-01T08:30:00+0200,187.68,EUR/MWh,PT,PT,day_ahead_price,value,2026-09-07T07:43:22Z
2026-09-07T07:40:17Z,2026-09-07T09:40:17+0200,7285bef3-a604-45d5-af29-a8fe1b71188a,2026-09-01T06:45:00Z,2026-09-01T08:45:00+0200,169.98,EUR/MWh,PT,PT,day_ahead_price,value,2026-09-07T07:43:22Z
2026-09-07T07:40:17Z,2026-09-07T09:40:17+0200,7285bef3-a604-45d5-af29-a8fe1b71188a,2026-09-01T07:00:00Z,2026-09-01T09:00:00+0200,188.27,EUR/MWh,PT,PT,day_ahead_price,value,2026-09-07T07:43:22Z
2026-09-07T07:40:17Z,2026-09-07T09:40:17+0200,7285bef3-a604-45d5-af29-a8fe1b71188a,2026-09-01T07:15:00Z,2026-09-01T09:15:00+0200,179.3,EUR/MWh,PT,PT,day_ahead_price,value,2026-09-07T07:43:22Z
2026-09-07T07:40:17Z,2026-09-07T09:40:17+0200,7285bef3-a604-45d5-af29-a8fe1b71188a,2026-09-01T07:30:00Z,2026-09-01T09:30:00+0200,155.0,EUR/MWh,PT,PT,day_ahead_price,value,2026-09-07T07:43:22Z
2026-09-07T07:40:17Z,2026-09-07T09:40:17+0200,7285bef3-a604-45d5-af29-a8fe1b71188a,2026-09-01T07:45:00Z,2026-09-01T09:45:00+0200,129.26,EUR/MWh,PT,PT,day_ahead_price,value,2026-09-07T07:43:22Z
2026-09-07T07:40:17Z,2026-09-07T09:40:17+0200,7285bef3-a604-45d5-af29-a8fe1b71188a,2026-09-01T08:00:00Z,2026-09-01T10:00:00+0200,135.0,EUR/MWh,PT,PT,day_ahead_price,value,2026-09-07T07:43:22Z
2026-09-07T07:40:17Z,2026-09-07T09:40:17+0200,7285bef3-a604-45d5-af29-a8fe1b71188a,2026-09-01T08:15:00Z,2026-09-01T10:15:00+0200,121.8,EUR/MWh,PT,PT,day_ahead_price,value,2026-09-07T07:43:22Z
2026-09-07T07:40:17Z,2026-09-07T09:40:17+0200,7285bef3-a604-45d5-af29-a8fe1b71188a,2026-09-01T08:30:00Z,2026-09-01T10:30:00+0200,100.0,EUR/MWh,PT,PT,day_ahead_price,value,2026-09-07T07:43:22Z
2026-09-07T07:40:17Z,2026-09-07T09:40:17+0200,7285bef3-a604-45d5-af29-a8fe1b71188a,2026-09-01T08:45:00Z,2026-09-01T10:45:00+0200,90.0,EUR/MWh,PT,PT,day_ahead_price,value,2026-09-07T07:43:22Z
2026-09-07T07:40:17Z,2026-09-07T09:40:17+0200,7285bef3-a604-45d5-af29-a8fe1b71188a,2026-09-01T09:00:00Z,2026-09-01T11:00:00+0200,61.88,EUR/MWh,PT,PT,day_ahead_price,value,2026-09-07T07:43:22Z
2026-09-07T07:40:17Z,2026-09-07T09:40:17+0200,7285bef3-a604-45d5-af29-a8fe1b71188a,2026-09-01T09:15:00Z,2026-09-01T11:15:00+0200,50.0,EUR/MWh,PT,PT,day_ahead_price,value,2026-09-07T07:43:22Z
2026-09-07T07:40:17Z,2026-09-07T09:40:17+0200,7285bef3-a604-45d5-af29-a8fe1b71188a,2026-09-01T09:30:00Z,2026-09-01T11:30:00+0200,40.1,EUR/MWh,PT,PT,day_ahead_price,value,2026-09-07T07:43:22Z
2026-09-07T07:40:17Z,2026-09-07T09:40:17+0200,7285bef3-a604-45d5-af29-a8fe1b71188a,2026-09-01T09:45:00Z,2026-09-01T11:45:00+0200,38.77,EUR/MWh,PT,PT,day_ahead_price,value,2026-09-07T07:43:22Z
2026-09-07T07:40:17Z,2026-09-07T09:40:17+0200,7285bef3-a604-45d5-af29-a8fe1b71188a,2026-09-01T10:00:00Z,2026-09-01T12:00:00+0200,38.99,EUR/MWh,PT,PT,day_ahead_price,value,2026-09-07T07:43:22Z
2026-09-07T07:40:17Z,2026-09-07T09:40:17+0200,7285bef3-a604-45d5-af29-a8fe1b71188a,2026-09-01T10:15:00Z,2026-09-01T12:15:00+0200,38.88,EUR/MWh,PT,PT,day_ahead_price,value,2026-09-07T07:43:22Z
2026-09-07T07:40:17Z,2026-09-07T09:40:17+0200,7285bef3-a604-45d5-af29-a8fe1b71188a,2026-09-01T10:30:00Z,2026-09-01T12:30:00+0200,38.55,EUR/MWh,PT,PT,day_ahead_price,value,2026-09-07T07:43:22Z
2026-09-07T07:40:17Z,2026-09-07T09:40:17+0200,7285bef3-a604-45d5-af29-a8fe1b71188a,2026-09-01T10:45:00Z,2026-09-01T12:45:00+0200,38.66,EUR/MWh,PT,PT,day_ahead_price,value,2026-09-07T07:43:22Z
2026-09-07T07:40:17Z,2026-09-07T09:40:17+0200,7285bef3-a604-45d5-af29-a8fe1b71188a,2026-09-01T11:00:00Z,2026-09-01T13:00:00+0200,38.66,EUR/MWh,PT,PT,day_ahead_price,value,2026-09-07T07:43:22Z
2026-09-07T07:40:17Z,2026-09-07T09:40:17+0200,7285bef3-a604-45d5-af29-a8fe1b71188a,2026-09-01T11:15:00Z,2026-09-01T13:15:00+0200,36.97,EUR/MWh,PT,PT,day_ahead_price,value,2026-09-07T07:43:22Z
2026-09-07T07:40:17Z,2026-09-07T09:40:17+0200,7285bef3-a604-45d5-af29-a8fe1b71188a,2026-09-01T11:30:00Z,2026-09-01T13:30:00+0200,31.57,EUR/MWh,PT,PT,day_ahead_price,value,2026-09-07T07:43:22Z
2026-09-07T07:40:17Z,2026-09-07T09:40:17+0200,7285bef3-a604-45d5-af29-a8fe1b71188a,2026-09-01T11:45:00Z,2026-09-01T13:45:00+0200,28.0,EUR/MWh,PT,PT,day_ahead_price,value,2026-09-07T07:43:22Z
2026-09-07T07:40:17Z,2026-09-07T09:40:17+0200,7285bef3-a604-45d5-af29-a8fe1b71188a,2026-09-01T12:00:00Z,2026-09-01T14:00:00+0200,28.0,EUR/MWh,PT,PT,day_ahead_price,value,2026-09-07T07:43:22Z
2026-09-07T07:40:17Z,2026-09-07T09:40:17+0200,7285bef3-a604-45d5-af29-a8fe1b71188a,2026-09-01T12:15:00Z,2026-09-01T14:15:00+0200,36.32,EUR/MWh,PT,PT,day_ahead_price,value,2026-09-07T07:43:22Z
2026-09-07T07:40:17Z,2026-09-07T09:40:17+0200,7285bef3-a604-45d5-af29-a8fe1b71188a,2026-09-01T12:30:00Z,2026-09-01T14:30:00+0200,28.0,EUR/MWh,PT,PT,day_ahead_price,value,2026-09-07T07:43:22Z
2026-09-07T07:40:17Z,2026-09-07T09:40:17+0200,7285bef3-a604-45d5-af29-a8fe1b71188a,2026-09-01T12:45:00Z,2026-09-01T14:45:00+0200,24.75,EUR/MWh,PT,PT,day_ahead_price,value,2026-09-07T07:43:22Z
2026-09-07T07:40:17Z,2026-09-07T09:40:17+0200,7285bef3-a604-45d5-af29-a8fe1b71188a,2026-09-01T13:00:00Z,2026-09-01T15:00:00+0200,38.88,EUR/MWh,PT,PT,day_ahead_price,value,2026-09-07T07:43:22Z
2026-09-07T07:40:17Z,2026-09-07T09:40:17+0200,7285bef3-a604-45d5-af29-a8fe1b71188a,2026-09-01T13:15:00Z,2026-09-01T15:15:00+0200,38.77,EUR/MWh,PT,PT,day_ahead_price,value,2026-09-07T07:43:22Z
2026-09-07T07:40:17Z,2026-09-07T09:40:17+0200,7285bef3-a604-45d5-af29-a8fe1b71188a,2026-09-01T13:30:00Z,2026-09-01T15:30:00+0200,38.66,EUR/MWh,PT,PT,day_ahead_price,value,2026-09-07T07:43:22Z
2026-09-07T07:40:17Z,2026-09-07T09:40:17+0200,7285bef3-a604-45d5-af29-a8fe1b71188a,2026-09-01T13:45:00Z,2026-09-01T15:45:00+0200,38.88,EUR/MWh,PT,PT,day_ahead_price,value,2026-09-07T07:43:22Z
2026-09-07T07:40:17Z,2026-09-07T09:40:17+0200,7285bef3-a604-45d5-af29-a8fe1b71188a,2026-09-01T14:00:00Z,2026-09-01T16:00:00+0200,38.77,EUR/MWh,PT,PT,day_ahead_price,value,2026-09-07T07:43:22Z
2026-09-07T07:40:17Z,2026-09-07T09:40:17+0200,7285bef3-a604-45d5-af29-a8fe1b71188a,2026-09-01T14:15:00Z,2026-09-01T16:15:00+0200,38.88,EUR/MWh,PT,PT,day_ahead_price,value,2026-09-07T07:43:22Z
2026-09-07T07:40:17Z,2026-09-07T09:40:17+0200,7285bef3-a604-45d5-af29-a8fe1b71188a,2026-09-01T14:30:00Z,2026-09-01T16:30:00+0200,39.1,EUR/MWh,PT,PT,day_ahead_price,value,2026-09-07T07:43:22Z
2026-09-07T07:40:17Z,2026-09-07T09:40:17+0200,7285bef3-a604-45d5-af29-a8fe1b71188a,2026-09-01T14:45:00Z,2026-09-01T16:45:00+0200,45.67,EUR/MWh,PT,PT,day_ahead_price,value,2026-09-07T07:43:22Z
2026-09-07T07:40:17Z,2026-09-07T09:40:17+0200,7285bef3-a604-45d5-af29-a8fe1b71188a,2026-09-01T15:00:00Z,2026-09-01T17:00:00+0200,59.0,EUR/MWh,PT,PT,day_ahead_price,value,2026-09-07T07:43:22Z
2026-09-07T07:40:17Z,2026-09-07T09:40:17+0200,7285bef3-a604-45d5-af29-a8fe1b71188a,2026-09-01T15:15:00Z,2026-09-01T17:15:00+0200,80.0,EUR/MWh,PT,PT,day_ahead_price,value,2026-09-07T07:43:22Z
2026-09-07T07:40:17Z,2026-09-07T09:40:17+0200,7285bef3-a604-45d5-af29-a8fe1b71188a,2026-09-01T15:30:00Z,2026-09-01T17:30:00+0200,87.99,EUR/MWh,PT,PT,day_ahead_price,value,2026-09-07T07:43:22Z
2026-09-07T07:40:17Z,2026-09-07T09:40:17+0200,7285bef3-a604-45d5-af29-a8fe1b71188a,2026-09-01T15:45:00Z,2026-09-01T17:45:00+0200,94.29,EUR/MWh,PT,PT,day_ahead_price,value,2026-09-07T07:43:22Z
2026-09-07T07:40:17Z,2026-09-07T09:40:17+0200,7285bef3-a604-45d5-af29-a8fe1b71188a,2026-09-01T16:00:00Z,2026-09-01T18:00:00+0200,104.2,EUR/MWh,PT,PT,day_ahead_price,value,2026-09-07T07:43:22Z
2026-09-07T07:40:17Z,2026-09-07T09:40:17+0200,7285bef3-a604-45d5-af29-a8fe1b71188a,2026-09-01T16:15:00Z,2026-09-01T18:15:00+0200,124.14,EUR/MWh,PT,PT,day_ahead_price,value,2026-09-07T07:43:22Z
2026-09-07T07:40:17Z,2026-09-07T09:40:17+0200,7285bef3-a604-45d5-af29-a8fe1b71188a,2026-09-01T16:30:00Z,2026-09-01T18:30:00+0200,142.0,EUR/MWh,PT,PT,day_ahead_price,value,2026-09-07T07:43:22Z
2026-09-07T07:40:17Z,2026-09-07T09:40:17+0200,7285bef3-a604-45d5-af29-a8fe1b71188a,2026-09-01T16:45:00Z,2026-09-01T18:45:00+0200,179.3,EUR/MWh,PT,PT,day_ahead_price,value,2026-09-07T07:43:22Z
2026-09-07T07:40:17Z,2026-09-07T09:40:17+0200,7285bef3-a604-45d5-af29-a8fe1b71188a,2026-09-01T17:00:00Z,2026-09-01T19:00:00+0200,155.5,EUR/MWh,PT,PT,day_ahead_price,value,2026-09-07T07:43:22Z
2026-09-07T07:40:17Z,2026-09-07T09:40:17+0200,7285bef3-a604-45d5-af29-a8fe1b71188a,2026-09-01T17:15:00Z,2026-09-01T19:15:00+0200,182.46,EUR/MWh,PT,PT,day_ahead_price,value,2026-09-07T07:43:22Z
2026-09-07T07:40:17Z,2026-09-07T09:40:17+0200,7285bef3-a604-45d5-af29-a8fe1b71188a,2026-09-01T17:30:00Z,2026-09-01T19:30:00+0200,215.0,EUR/MWh,PT,PT,day_ahead_price,value,2026-09-07T07:43:22Z
2026-09-07T07:40:17Z,2026-09-07T09:40:17+0200,7285bef3-a604-45d5-af29-a8fe1b71188a,2026-09-01T17:45:00Z,2026-09-01T19:45:00+0200,225.01,EUR/MWh,PT,PT,day_ahead_price,value,2026-09-07T07:43:22Z
2026-09-07T07:40:17Z,2026-09-07T09:40:17+0200,7285bef3-a604-45d5-af29-a8fe1b71188a,2026-09-01T18:00:00Z,2026-09-01T20:00:00+0200,225.01,EUR/MWh,PT,PT,day_ahead_price,value,2026-09-07T07:43:22Z
2026-09-07T07:40:17Z,2026-09-07T09:40:17+0200,7285bef3-a604-45d5-af29-a8fe1b71188a,2026-09-01T18:15:00Z,2026-09-01T20:15:00+0200,233.2,EUR/MWh,PT,PT,day_ahead_price,value,2026-09-07T07:43:22Z
2026-09-07T07:40:17Z,2026-09-07T09:40:17+0200,7285bef3-a604-45d5-af29-a8fe1b71188a,2026-09-01T18:30:00Z,2026-09-01T20:30:00+0200,238.74,EUR/MWh,PT,PT,day_ahead_price,value,2026-09-07T07:43:22Z
2026-09-07T07:40:17Z,2026-09-07T09:40:17+0200,7285bef3-a604-45d5-af29-a8fe1b71188a,2026-09-01T18:45:00Z,2026-09-01T20:45:00+0200,236.19,EUR/MWh,PT,PT,day_ahead_price,value,2026-09-07T07:43:22Z
2026-09-07T07:40:17Z,2026-09-07T09:40:17+0200,7285bef3-a604-45d5-af29-a8fe1b71188a,2026-09-01T19:00:00Z,2026-09-01T21:00:00+0200,228.93,EUR/MWh,PT,PT,day_ahead_price,value,2026-09-07T07:43:22Z
2026-09-07T07:40:17Z,2026-09-07T09:40:17+0200,7285bef3-a604-45d5-af29-a8fe1b71188a,2026-09-01T19:15:00Z,2026-09-01T21:15:00+0200,220.27,EUR/MWh,PT,PT,day_ahead_price,value,2026-09-07T07:43:22Z
2026-09-07T07:40:17Z,2026-09-07T09:40:17+0200,7285bef3-a604-45d5-af29-a8fe1b71188a,2026-09-01T19:30:00Z,2026-09-01T21:30:00+0200,217.5,EUR/MWh,PT,PT,day_ahead_price,value,2026-09-07T07:43:22Z
2026-09-07T07:40:17Z,2026-09-07T09:40:17+0200,7285bef3-a604-45d5-af29-a8fe1b71188a,2026-09-01T19:45:00Z,2026-09-01T21:45:00+0200,214.0,EUR/MWh,PT,PT,day_ahead_price,value,2026-09-07T07:43:22Z
2026-09-07T07:40:17Z,2026-09-07T09:40:17+0200,7285bef3-a604-45d5-af29-a8fe1b71188a,2026-09-01T20:00:00Z,2026-09-01T22:00:00+0200,214.0,EUR/MWh,PT,PT,day_ahead_price,value,2026-09-07T07:43:22Z
2026-09-07T07:40:17Z,2026-09-07T09:40:17+0200,7285bef3-a604-45d5-af29-a8fe1b71188a,2026-09-01T20:15:00Z,2026-09-01T22:15:00+0200,202.4,EUR/MWh,PT,PT,day_ahead_price,value,2026-09-07T07:43:22Z
2026-09-07T07:40:17Z,2026-09-07T09:40:17+0200,7285bef3-a604-45d5-af29-a8fe1b71188a,2026-09-01T20:30:00Z,2026-09-01T22:30:00+0200,198.21,EUR/MWh,PT,PT,day_ahead_price,value,2026-09-07T07:43:22Z
2026-09-07T07:40:17Z,2026-09-07T09:40:17+0200,7285bef3-a604-45d5-af29-a8fe1b71188a,2026-09-01T20:45:00Z,2026-09-01T22:45:00+0200,192.0,EUR/MWh,PT,PT,day_ahead_price,value,2026-09-07T07:43:22Z
2026-09-07T07:40:17Z,2026-09-07T09:40:17+0200,7285bef3-a604-45d5-af29-a8fe1b71188a,2026-09-01T21:00:00Z,2026-09-01T23:00:00+0200,191.28,EUR/MWh,PT,PT,day_ahead_price,value,2026-09-07T07:43:22Z
2026-09-07T07:40:17Z,2026-09-07T09:40:17+0200,7285bef3-a604-45d5-af29-a8fe1b71188a,2026-09-01T21:15:00Z,2026-09-01T23:15:00+0200,182.14,EUR/MWh,PT,PT,day_ahead_price,value,2026-09-07T07:43:22Z
2026-09-07T07:40:17Z,2026-09-07T09:40:17+0200,7285bef3-a604-45d5-af29-a8fe1b71188a,2026-09-01T21:30:00Z,2026-09-01T23:30:00+0200,180.01,EUR/MWh,PT,PT,day_ahead_price,value,2026-09-07T07:43:22Z
2026-09-07T07:40:17Z,2026-09-07T09:40:17+0200,7285bef3-a604-45d5-af29-a8fe1b71188a,2026-09-01T21:45:00Z,2026-09-01T23:45:00+0200,176.75,EUR/MWh,PT,PT,day_ahead_price,value,2026-09-07T07:43:22Z
2026-09-07T07:40:17Z,2026-09-07T09:40:17+0200,7285bef3-a604-45d5-af29-a8fe1b71188a,2026-09-01T22:00:00Z,2026-09-02T00:00:00+0200,195.51,EUR/MWh,PT,PT,day_ahead_price,value,2026-09-07T07:43:22Z
2026-09-07T07:40:17Z,2026-09-07T09:40:17+0200,7285bef3-a604-45d5-af29-a8fe1b71188a,2026-09-01T22:15:00Z,2026-09-02T00:15:00+0200,192.1,EUR/MWh,PT,PT,day_ahead_price,value,2026-09-07T07:43:22Z
2026-09-07T07:40:17Z,2026-09-07T09:40:17+0200,7285bef3-a604-45d5-af29-a8fe1b71188a,2026-09-01T22:30:00Z,2026-09-02T00:30:00+0200,189.69,EUR/MWh,PT,PT,day_ahead_price,value,2026-09-07T07:43:22Z
2026-09-07T07:40:17Z,2026-09-07T09:40:17+0200,7285bef3-a604-45d5-af29-a8fe1b71188a,2026-09-01T22:45:00Z,2026-09-02T00:45:00+0200,188.98,EUR/MWh,PT,PT,day_ahead_price,value,2026-09-07T07:43:22Z
2026-09-07T07:40:17Z,2026-09-07T09:40:17+0200,7285bef3-a604-45d5-af29-a8fe1b71188a,2026-09-01T23:00:00Z,2026-09-02T01:00:00+0200,192.5,EUR/MWh,PT,PT,day_ahead_price,value,2026-09-07T07:43:22Z
2026-09-07T07:40:17Z,2026-09-07T09:40:17+0200,7285bef3-a604-45d5-af29-a8fe1b71188a,2026-09-01T23:15:00Z,2026-09-02T01:15:00+0200,190.0,EUR/MWh,PT,PT,day_ahead_price,value,2026-09-07T07:43:22Z
2026-09-07T07:40:17Z,2026-09-07T09:40:17+0200,7285bef3-a604-45d5-af29-a8fe1b71188a,2026-09-01T23:30:00Z,2026-09-02T01:30:00+0200,189.69,EUR/MWh,PT,PT,day_ahead_price,value,2026-09-07T07:43:22Z
2026-09-07T07:40:17Z,2026-09-07T09:40:17+0200,7285bef3-a604-45d5-af29-a8fe1b71188a,2026-09-01T23:45:00Z,2026-09-02T01:45:00+0200,189.24,EUR/MWh,PT,PT,day_ahead_price,value,2026-09-07T07:43:22Z
2026-09-07T07:40:17Z,2026-09-07T09:40:17+0200,7285bef3-a604-45d5-af29-a8fe1b71188a,2026-09-02T00:00:00Z,2026-09-02T02:00:00+0200,187.27,EUR/MWh,PT,PT,day_ahead_price,value,2026-09-07T07:43:22Z
2026-09-07T07:40:17Z,2026-09-07T09:40:17+0200,7285bef3-a604-45d5-af29-a8fe1b71188a,2026-09-02T00:15:00Z,2026-09-02T02:15:00+0200,185.53,EUR/MWh,PT,PT,day_ahead_price,value,2026-09-07T07:43:22Z
2026-09-07T07:40:17Z,2026-09-07T09:40:17+0200,7285bef3-a604-45d5-af29-a8fe1b71188a,2026-09-02T00:30:00Z,2026-09-02T02:30:00+0200,185.53,EUR/MWh,PT,PT,day_ahead_price,value,2026-09-07T07:43:22Z
2026-09-07T07:40:17Z,2026-09-07T09:40:17+0200,7285bef3-a604-45d5-af29-a8fe1b71188a,2026-09-02T00:45:00Z,2026-09-02T02:45:00+0200,185.53,EUR/MWh,PT,PT,day_ahead_price,value,2026-09-07T07:43:22Z
2026-09-07T07:40:17Z,2026-09-07T09:40:17+0200,7285bef3-a604-45d5-af29-a8fe1b71188a,2026-09-02T01:00:00Z,2026-09-02T03:00:00+0200,183.95,EUR/MWh,PT,PT,day_ahead_price,value,2026-09-07T07:43:22Z
2026-09-07T07:40:17Z,2026-09-07T09:40:17+0200,7285bef3-a604-45d5-af29-a8fe1b71188a,2026-09-02T01:15:00Z,2026-09-02T03:15:00+0200,183.95,EUR/MWh,PT,PT,day_ahead_price,value,2026-09-07T07:43:22Z
2026-09-07T07:40:17Z,2026-09-07T09:40:17+0200,7285bef3-a604-45d5-af29-a8fe1b71188a,2026-09-02T01:30:00Z,2026-09-02T03:30:00+0200,183.95,EUR/MWh,PT,PT,day_ahead_price,value,2026-09-07T07:43:22Z
2026-09-07T07:40:17Z,2026-09-07T09:40:17+0200,7285bef3-a604-45d5-af29-a8fe1b71188a,2026-09-02T01:45:00Z,2026-09-02T03:45:00+0200,183.95,EUR/MWh,PT,PT,day_ahead_price,value,2026-09-07T07:43:22Z
2026-09-07T07:40:17Z,2026-09-07T09:40:17+0200,7285bef3-a604-45d5-af29-a8fe1b71188a,2026-09-02T02:00:00Z,2026-09-02T04:00:00+0200,183.31,EUR/MWh,PT,PT,day_ahead_price,value,2026-09-07T07:43:22Z
2026-09-07T07:40:17Z,2026-09-07T09:40:17+0200,7285bef3-a604-45d5-af29-a8fe1b71188a,2026-09-02T02:15:00Z,2026-09-02T04:15:00+0200,183.31,EUR/MWh,PT,PT,day_ahead_price,value,2026-09-07T07:43:22Z
2026-09-07T07:40:17Z,2026-09-07T09:40:17+0200,7285bef3-a604-45d5-af29-a8fe1b71188a,2026-09-02T02:30:00Z,2026-09-02T04:30:00+0200,183.95,EUR/MWh,PT,PT,day_ahead_price,value,2026-09-07T07:43:22Z
2026-09-07T07:40:17Z,2026-09-07T09:40:17+0200,7285bef3-a604-45d5-af29-a8fe1b71188a,2026-09-02T02:45:00Z,2026-09-02T04:45:00+0200,184.39,EUR/MWh,PT,PT,day_ahead_price,value,2026-09-07T07:43:22Z
2026-09-07T07:40:17Z,2026-09-07T09:40:17+0200,7285bef3-a604-45d5-af29-a8fe1b71188a,2026-09-02T03:00:00Z,2026-09-02T05:00:00+0200,182.37,EUR/MWh,PT,PT,day_ahead_price,value,2026-09-07T07:43:22Z
2026-09-07T07:40:17Z,2026-09-07T09:40:17+0200,7285bef3-a604-45d5-af29-a8fe1b71188a,2026-09-02T03:15:00Z,2026-09-02T05:15:00+0200,183.15,EUR/MWh,PT,PT,day_ahead_price,value,2026-09-07T07:43:22Z
2026-09-07T07:40:17Z,2026-09-07T09:40:17+0200,7285bef3-a604-45d5-af29-a8fe1b71188a,2026-09-02T03:30:00Z,2026-09-02T05:30:00+0200,183.95,EUR/MWh,PT,PT,day_ahead_price,value,2026-09-07T07:43:22Z
2026-09-07T07:40:17Z,2026-09-07T09:40:17+0200,7285bef3-a604-45d5-af29-a8fe1b71188a,2026-09-02T03:45:00Z,2026-09-02T05:45:00+0200,186.2,EUR/MWh,PT,PT,day_ahead_price,value,2026-09-07T07:43:22Z
2026-09-07T07:40:17Z,2026-09-07T09:40:17+0200,7285bef3-a604-45d5-af29-a8fe1b71188a,2026-09-02T04:00:00Z,2026-09-02T06:00:00+0200,188.98,EUR/MWh,PT,PT,day_ahead_price,value,2026-09-07T07:43:22Z
2026-09-07T07:40:17Z,2026-09-07T09:40:17+0200,7285bef3-a604-45d5-af29-a8fe1b71188a,2026-09-02T04:15:00Z,2026-09-02T06:15:00+0200,196.7,EUR/MWh,PT,PT,day_ahead_price,value,2026-09-07T07:43:22Z
2026-09-07T07:40:17Z,2026-09-07T09:40:17+0200,7285bef3-a604-45d5-af29-a8fe1b71188a,2026-09-02T04:30:00Z,2026-09-02T06:30:00+0200,201.85,EUR/MWh,PT,PT,day_ahead_price,value,2026-09-07T07:43:22Z
2026-09-07T07:40:17Z,2026-09-07T09:40:17+0200,7285bef3-a604-45d5-af29-a8fe1b71188a,2026-09-02T04:45:00Z,2026-09-02T06:45:00+0200,210.76,EUR/MWh,PT,PT,day_ahead_price,value,2026-09-07T07:43:22Z
2026-09-07T07:40:17Z,2026-09-07T09:40:17+0200,7285bef3-a604-45d5-af29-a8fe1b71188a,2026-09-02T05:00:00Z,2026-09-02T07:00:00+0200,216.0,EUR/MWh,PT,PT,day_ahead_price,value,2026-09-07T07:43:22Z
2026-09-07T07:40:17Z,2026-09-07T09:40:17+0200,7285bef3-a604-45d5-af29-a8fe1b71188a,2026-09-02T05:15:00Z,2026-09-02T07:15:00+0200,214.0,EUR/MWh,PT,PT,day_ahead_price,value,2026-09-07T07:43:22Z
2026-09-07T07:40:17Z,2026-09-07T09:40:17+0200,7285bef3-a604-45d5-af29-a8fe1b71188a,2026-09-02T05:30:00Z,2026-09-02T07:30:00+0200,211.15,EUR/MWh,PT,PT,day_ahead_price,value,2026-09-07T07:43:22Z
2026-09-07T07:40:17Z,2026-09-07T09:40:17+0200,7285bef3-a604-45d5-af29-a8fe1b71188a,2026-09-02T05:45:00Z,2026-09-02T07:45:00+0200,206.14,EUR/MWh,PT,PT,day_ahead_price,value,2026-09-07T07:43:22Z
2026-09-07T07:40:17Z,2026-09-07T09:40:17+0200,7285bef3-a604-45d5-af29-a8fe1b71188a,2026-09-02T06:00:00Z,2026-09-02T08:00:00+0200,221.3,EUR/MWh,PT,PT,day_ahead_price,value,2026-09-07T07:43:22Z
2026-09-07T07:40:17Z,2026-09-07T09:40:17+0200,7285bef3-a604-45d5-af29-a8fe1b71188a,2026-09-02T06:15:00Z,2026-09-02T08:15:00+0200,209.52,EUR/MWh,PT,PT,day_ahead_price,value,2026-09-07T07:43:22Z
2026-09-07T07:40:17Z,2026-09-07T09:40:17+0200,7285bef3-a604-45d5-af29-a8fe1b71188a,2026-09-02T06:30:00Z,2026-09-02T08:30:00+0200,196.92,EUR/MWh,PT,PT,day_ahead_price,value,2026-09-07T07:43:22Z
2026-09-07T07:40:17Z,2026-09-07T09:40:17+0200,7285bef3-a604-45d5-af29-a8fe1b71188a,2026-09-02T06:45:00Z,2026-09-02T08:45:00+0200,179.17,EUR/MWh,PT,PT,day_ahead_price,value,2026-09-07T07:43:22Z
2026-09-07T07:40:17Z,2026-09-07T09:40:17+0200,7285bef3-a604-45d5-af29-a8fe1b71188a,2026-09-02T07:00:00Z,2026-09-02T09:00:00+0200,193.97,EUR/MWh,PT,PT,day_ahead_price,value,2026-09-07T07:43:22Z
2026-09-07T07:40:17Z,2026-09-07T09:40:17+0200,7285bef3-a604-45d5-af29-a8fe1b71188a,2026-09-02T07:15:00Z,2026-09-02T09:15:00+0200,185.1,EUR/MWh,PT,PT,day_ahead_price,value,2026-09-07T07:43:22Z
2026-09-07T07:40:17Z,2026-09-07T09:40:17+0200,7285bef3-a604-45d5-af29-a8fe1b71188a,2026-09-02T07:30:00Z,2026-09-02T09:30:00+0200,170.78,EUR/MWh,PT,PT,day_ahead_price,value,2026-09-07T07:43:22Z
2026-09-07T07:40:17Z,2026-09-07T09:40:17+0200,7285bef3-a604-45d5-af29-a8fe1b71188a,2026-09-02T07:45:00Z,2026-09-02T09:45:00+0200,145.74,EUR/MWh,PT,PT,day_ahead_price,value,2026-09-07T07:43:22Z
2026-09-07T07:40:17Z,2026-09-07T09:40:17+0200,7285bef3-a604-45d5-af29-a8fe1b71188a,2026-09-02T08:00:00Z,2026-09-02T10:00:00+0200,147.5,EUR/MWh,PT,PT,day_ahead_price,value,2026-09-07T07:43:22Z
2026-09-07T07:40:17Z,2026-09-07T09:40:17+0200,7285bef3-a604-45d5-af29-a8fe1b71188a,2026-09-02T08:15:00Z,2026-09-02T10:15:00+0200,125.67,EUR/MWh,PT,PT,day_ahead_price,value,2026-09-07T07:43:22Z
2026-09-07T07:40:17Z,2026-09-07T09:40:17+0200,7285bef3-a604-45d5-af29-a8fe1b71188a,2026-09-02T08:30:00Z,2026-09-02T10:30:00+0200,110.3,EUR/MWh,PT,PT,day_ahead_price,value,2026-09-07T07:43:22Z
2026-09-07T07:40:17Z,2026-09-07T09:40:17+0200,7285bef3-a604-45d5-af29-a8fe1b71188a,2026-09-02T08:45:00Z,2026-09-02T10:45:00+0200,100.0,EUR/MWh,PT,PT,day_ahead_price,value,2026-09-07T07:43:22Z
2026-09-07T07:40:17Z,2026-09-07T09:40:17+0200,7285bef3-a604-45d5-af29-a8fe1b71188a,2026-09-02T09:00:00Z,2026-09-02T11:00:00+0200,95.24,EUR/MWh,PT,PT,day_ahead_price,value,2026-09-07T07:43:22Z
2026-09-07T07:40:17Z,2026-09-07T09:40:17+0200,7285bef3-a604-45d5-af29-a8fe1b71188a,2026-09-02T09:15:00Z,2026-09-02T11:15:00+0200,91.44,EUR/MWh,PT,PT,day_ahead_price,value,2026-09-07T07:43:22Z
2026-09-07T07:40:17Z,2026-09-07T09:40:17+0200,7285bef3-a604-45d5-af29-a8fe1b71188a,2026-09-02T09:30:00Z,2026-09-02T11:30:00+0200,85.0,EUR/MWh,PT,PT,day_ahead_price,value,2026-09-07T07:43:22Z
2026-09-07T07:40:17Z,2026-09-07T09:40:17+0200,7285bef3-a604-45d5-af29-a8fe1b71188a,2026-09-02T09:45:00Z,2026-09-02T11:45:00+0200,80.16,EUR/MWh,PT,PT,day_ahead_price,value,2026-09-07T07:43:22Z
2026-09-07T07:40:17Z,2026-09-07T09:40:17+0200,7285bef3-a604-45d5-af29-a8fe1b71188a,2026-09-02T10:00:00Z,2026-09-02T12:00:00+0200,80.0,EUR/MWh,PT,PT,day_ahead_price,value,2026-09-07T07:43:22Z
2026-09-07T07:40:17Z,2026-09-07T09:40:17+0200,7285bef3-a604-45d5-af29-a8fe1b71188a,2026-09-02T10:15:00Z,2026-09-02T12:15:00+0200,70.27,EUR/MWh,PT,PT,day_ahead_price,value,2026-09-07T07:43:22Z
2026-09-07T07:40:17Z,2026-09-07T09:40:17+0200,7285bef3-a604-45d5-af29-a8fe1b71188a,2026-09-02T10:30:00Z,2026-09-02T12:30:00+0200,69.32,EUR/MWh,PT,PT,day_ahead_price,value,2026-09-07T07:43:22Z
2026-09-07T07:40:17Z,2026-09-07T09:40:17+0200,7285bef3-a604-45d5-af29-a8fe1b71188a,2026-09-02T10:45:00Z,2026-09-02T12:45:00+0200,69.32,EUR/MWh,PT,PT,day_ahead_price,value,2026-09-07T07:43:22Z
2026-09-07T07:40:17Z,2026-09-07T09:40:17+0200,7285bef3-a604-45d5-af29-a8fe1b71188a,2026-09-02T11:00:00Z,2026-09-02T13:00:00+0200,69.32,EUR/MWh,PT,PT,day_ahead_price,value,2026-09-07T07:43:22Z
2026-09-07T07:40:17Z,2026-09-07T09:40:17+0200,7285bef3-a604-45d5-af29-a8fe1b71188a,2026-09-02T11:15:00Z,2026-09-02T13:15:00+0200,69.32,EUR/MWh,PT,PT,day_ahead_price,value,2026-09-07T07:43:22Z
2026-09-07T07:40:17Z,2026-09-07T09:40:17+0200,7285bef3-a604-45d5-af29-a8fe1b71188a,2026-09-02T11:30:00Z,2026-09-02T13:30:00+0200,67.8,EUR/MWh,PT,PT,day_ahead_price,value,2026-09-07T07:43:22Z
2026-09-07T07:40:17Z,2026-09-07T09:40:17+0200,7285bef3-a604-45d5-af29-a8fe1b71188a,2026-09-02T11:45:00Z,2026-09-02T13:45:00+0200,65.0,EUR/MWh,PT,PT,day_ahead_price,value,2026-09-07T07:43:22Z
2026-09-07T07:40:17Z,2026-09-07T09:40:17+0200,7285bef3-a604-45d5-af29-a8fe1b71188a,2026-09-02T12:00:00Z,2026-09-02T14:00:00+0200,66.2,EUR/MWh,PT,PT,day_ahead_price,value,2026-09-07T07:43:22Z
2026-09-07T07:40:17Z,2026-09-07T09:40:17+0200,7285bef3-a604-45d5-af29-a8fe1b71188a,2026-09-02T12:15:00Z,2026-09-02T14:15:00+0200,69.32,EUR/MWh,PT,PT,day_ahead_price,value,2026-09-07T07:43:22Z
2026-09-07T07:40:17Z,2026-09-07T09:40:17+0200,7285bef3-a604-45d5-af29-a8fe1b71188a,2026-09-02T12:30:00Z,2026-09-02T14:30:00+0200,69.32,EUR/MWh,PT,PT,day_ahead_price,value,2026-09-07T07:43:22Z
2026-09-07T07:40:17Z,2026-09-07T09:40:17+0200,7285bef3-a604-45d5-af29-a8fe1b71188a,2026-09-02T12:45:00Z,2026-09-02T14:45:00+0200,65.87,EUR/MWh,PT,PT,day_ahead_price,value,2026-09-07T07:43:22Z
2026-09-07T07:40:17Z,2026-09-07T09:40:17+0200,7285bef3-a604-45d5-af29-a8fe1b71188a,2026-09-02T13:00:00Z,2026-09-02T15:00:00+0200,58.88,EUR/MWh,PT,PT,day_ahead_price,value,2026-09-07T07:43:22Z
2026-09-07T07:40:17Z,2026-09-07T09:40:17+0200,7285bef3-a604-45d5-af29-a8fe1b71188a,2026-09-02T13:15:00Z,2026-09-02T15:15:00+0200,58.23,EUR/MWh,PT,PT,day_ahead_price,value,2026-09-07T07:43:22Z
2026-09-07T07:40:17Z,2026-09-07T09:40:17+0200,7285bef3-a604-45d5-af29-a8fe1b71188a,2026-09-02T13:30:00Z,2026-09-02T15:30:00+0200,63.0,EUR/MWh,PT,PT,day_ahead_price,value,2026-09-07T07:43:22Z
2026-09-07T07:40:17Z,2026-09-07T09:40:17+0200,7285bef3-a604-45d5-af29-a8fe1b71188a,2026-09-02T13:45:00Z,2026-09-02T15:45:00+0200,69.32,EUR/MWh,PT,PT,day_ahead_price,value,2026-09-07T07:43:22Z
2026-09-07T07:40:17Z,2026-09-07T09:40:17+0200,7285bef3-a604-45d5-af29-a8fe1b71188a,2026-09-02T14:00:00Z,2026-09-02T16:00:00+0200,70.27,EUR/MWh,PT,PT,day_ahead_price,value,2026-09-07T07:43:22Z
2026-09-07T07:40:17Z,2026-09-07T09:40:17+0200,7285bef3-a604-45d5-af29-a8fe1b71188a,2026-09-02T14:15:00Z,2026-09-02T16:15:00+0200,77.35,EUR/MWh,PT,PT,day_ahead_price,value,2026-09-07T07:43:22Z
2026-09-07T07:40:17Z,2026-09-07T09:40:17+0200,7285bef3-a604-45d5-af29-a8fe1b71188a,2026-09-02T14:30:00Z,2026-09-02T16:30:00+0200,85.0,EUR/MWh,PT,PT,day_ahead_price,value,2026-09-07T07:43:22Z
2026-09-07T07:40:17Z,2026-09-07T09:40:17+0200,7285bef3-a604-45d5-af29-a8fe1b71188a,2026-09-02T14:45:00Z,2026-09-02T16:45:00+0200,92.13,EUR/MWh,PT,PT,day_ahead_price,value,2026-09-07T07:43:22Z
2026-09-07T07:40:17Z,2026-09-07T09:40:17+0200,7285bef3-a604-45d5-af29-a8fe1b71188a,2026-09-02T15:00:00Z,2026-09-02T17:00:00+0200,94.29,EUR/MWh,PT,PT,day_ahead_price,value,2026-09-07T07:43:22Z
2026-09-07T07:40:17Z,2026-09-07T09:40:17+0200,7285bef3-a604-45d5-af29-a8fe1b71188a,2026-09-02T15:15:00Z,2026-09-02T17:15:00+0200,110.0,EUR/MWh,PT,PT,day_ahead_price,value,2026-09-07T07:43:22Z
2026-09-07T07:40:17Z,2026-09-07T09:40:17+0200,7285bef3-a604-45d5-af29-a8fe1b71188a,2026-09-02T15:30:00Z,2026-09-02T17:30:00+0200,124.34,EUR/MWh,PT,PT,day_ahead_price,value,2026-09-07T07:43:22Z
2026-09-07T07:40:17Z,2026-09-07T09:40:17+0200,7285bef3-a604-45d5-af29-a8fe1b71188a,2026-09-02T15:45:00Z,2026-09-02T17:45:00+0200,129.29,EUR/MWh,PT,PT,day_ahead_price,value,2026-09-07T07:43:22Z
2026-09-07T07:40:17Z,2026-09-07T09:40:17+0200,7285bef3-a604-45d5-af29-a8fe1b71188a,2026-09-02T16:00:00Z,2026-09-02T18:00:00+0200,129.29,EUR/MWh,PT,PT,day_ahead_price,value,2026-09-07T07:43:22Z
2026-09-07T07:40:17Z,2026-09-07T09:40:17+0200,7285bef3-a604-45d5-af29-a8fe1b71188a,2026-09-02T16:15:00Z,2026-09-02T18:15:00+0200,150.0,EUR/MWh,PT,PT,day_ahead_price,value,2026-09-07T07:43:22Z
2026-09-07T07:40:17Z,2026-09-07T09:40:17+0200,7285bef3-a604-45d5-af29-a8fe1b71188a,2026-09-02T16:30:00Z,2026-09-02T18:30:00+0200,182.2,EUR/MWh,PT,PT,day_ahead_price,value,2026-09-07T07:43:22Z
2026-09-07T07:40:17Z,2026-09-07T09:40:17+0200,7285bef3-a604-45d5-af29-a8fe1b71188a,2026-09-02T16:45:00Z,2026-09-02T18:45:00+0200,188.98,EUR/MWh,PT,PT,day_ahead_price,value,2026-09-07T07:43:22Z
2026-09-07T07:40:17Z,2026-09-07T09:40:17+0200,7285bef3-a604-45d5-af29-a8fe1b71188a,2026-09-02T17:00:00Z,2026-09-02T19:00:00+0200,177.52,EUR/MWh,PT,PT,day_ahead_price,value,2026-09-07T07:43:22Z
2026-09-07T07:40:17Z,2026-09-07T09:40:17+0200,7285bef3-a604-45d5-af29-a8fe1b71188a,2026-09-02T17:15:00Z,2026-09-02T19:15:00+0200,190.88,EUR/MWh,PT,PT,day_ahead_price,value,2026-09-07T07:43:22Z
2026-09-07T07:40:17Z,2026-09-07T09:40:17+0200,7285bef3-a604-45d5-af29-a8fe1b71188a,2026-09-02T17:30:00Z,2026-09-02T19:30:00+0200,217.0,EUR/MWh,PT,PT,day_ahead_price,value,2026-09-07T07:43:22Z
2026-09-07T07:40:17Z,2026-09-07T09:40:17+0200,7285bef3-a604-45d5-af29-a8fe1b71188a,2026-09-02T17:45:00Z,2026-09-02T19:45:00+0200,240.84,EUR/MWh,PT,PT,day_ahead_price,value,2026-09-07T07:43:22Z
2026-09-07T07:40:17Z,2026-09-07T09:40:17+0200,7285bef3-a604-45d5-af29-a8fe1b71188a,2026-09-02T18:00:00Z,2026-09-02T20:00:00+0200,222.38,EUR/MWh,PT,PT,day_ahead_price,value,2026-09-07T07:43:22Z
2026-09-07T07:40:17Z,2026-09-07T09:40:17+0200,7285bef3-a604-45d5-af29-a8fe1b71188a,2026-09-02T18:15:00Z,2026-09-02T20:15:00+0200,236.05,EUR/MWh,PT,PT,day_ahead_price,value,2026-09-07T07:43:22Z
2026-09-07T07:40:17Z,2026-09-07T09:40:17+0200,7285bef3-a604-45d5-af29-a8fe1b71188a,2026-09-02T18:30:00Z,2026-09-02T20:30:00+0200,245.64,EUR/MWh,PT,PT,day_ahead_price,value,2026-09-07T07:43:22Z
2026-09-07T07:40:17Z,2026-09-07T09:40:17+0200,7285bef3-a604-45d5-af29-a8fe1b71188a,2026-09-02T18:45:00Z,2026-09-02T20:45:00+0200,247.27,EUR/MWh,PT,PT,day_ahead_price,value,2026-09-07T07:43:22Z
2026-09-07T07:40:17Z,2026-09-07T09:40:17+0200,7285bef3-a604-45d5-af29-a8fe1b71188a,2026-09-02T19:00:00Z,2026-09-02T21:00:00+0200,240.84,EUR/MWh,PT,PT,day_ahead_price,value,2026-09-07T07:43:22Z
2026-09-07T07:40:17Z,2026-09-07T09:40:17+0200,7285bef3-a604-45d5-af29-a8fe1b71188a,2026-09-02T19:15:00Z,2026-09-02T21:15:00+0200,241.11,EUR/MWh,PT,PT,day_ahead_price,value,2026-09-07T07:43:22Z
2026-09-07T07:40:17Z,2026-09-07T09:40:17+0200,7285bef3-a604-45d5-af29-a8fe1b71188a,2026-09-02T19:30:00Z,2026-09-02T21:30:00+0200,235.83,EUR/MWh,PT,PT,day_ahead_price,value,2026-09-07T07:43:22Z
2026-09-07T07:40:17Z,2026-09-07T09:40:17+0200,7285bef3-a604-45d5-af29-a8fe1b71188a,2026-09-02T19:45:00Z,2026-09-02T21:45:00+0200,227.4,EUR/MWh,PT,PT,day_ahead_price,value,2026-09-07T07:43:22Z
2026-09-07T07:40:17Z,2026-09-07T09:40:17+0200,7285bef3-a604-45d5-af29-a8fe1b71188a,2026-09-02T20:00:00Z,2026-09-02T22:00:00+0200,223.01,EUR/MWh,PT,PT,day_ahead_price,value,2026-09-07T07:43:22Z
2026-09-07T07:40:17Z,2026-09-07T09:40:17+0200,7285bef3-a604-45d5-af29-a8fe1b71188a,2026-09-02T20:15:00Z,2026-09-02T22:15:00+0200,217.5,EUR/MWh,PT,PT,day_ahead_price,value,2026-09-07T07:43:22Z
2026-09-07T07:40:17Z,2026-09-07T09:40:17+0200,7285bef3-a604-45d5-af29-a8fe1b71188a,2026-09-02T20:30:00Z,2026-09-02T22:30:00+0200,208.02,EUR/MWh,PT,PT,day_ahead_price,value,2026-09-07T07:43:22Z
2026-09-07T07:40:17Z,2026-09-07T09:40:17+0200,7285bef3-a604-45d5-af29-a8fe1b71188a,2026-09-02T20:45:00Z,2026-09-02T22:45:00+0200,196.7,EUR/MWh,PT,PT,day_ahead_price,value,2026-09-07T07:43:22Z
2026-09-07T07:40:17Z,2026-09-07T09:40:17+0200,7285bef3-a604-45d5-af29-a8fe1b71188a,2026-09-02T21:00:00Z,2026-09-02T23:00:00+0200,210.78,EUR/MWh,PT,PT,day_ahead_price,value,2026-09-07T07:43:22Z
2026-09-07T07:40:17Z,2026-09-07T09:40:17+0200,7285bef3-a604-45d5-af29-a8fe1b71188a,2026-09-02T21:15:00Z,2026-09-02T23:15:00+0200,206.58,EUR/MWh,PT,PT,day_ahead_price,value,2026-09-07T07:43:22Z
2026-09-07T07:40:17Z,2026-09-07T09:40:17+0200,7285bef3-a604-45d5-af29-a8fe1b71188a,2026-09-02T21:30:00Z,2026-09-02T23:30:00+0200,200.0,EUR/MWh,PT,PT,day_ahead_price,value,2026-09-07T07:43:22Z
2026-09-07T07:40:17Z,2026-09-07T09:40:17+0200,7285bef3-a604-45d5-af29-a8fe1b71188a,2026-09-02T21:45:00Z,2026-09-02T23:45:00+0200,190.88,EUR/MWh,PT,PT,day_ahead_price,value,2026-09-07T07:43:22Z
2026-09-07T07:40:17Z,2026-09-07T09:40:17+0200,7285bef3-a604-45d5-af29-a8fe1b71188a,2026-09-02T22:00:00Z,2026-09-03T00:00:00+0200,207.6,EUR/MWh,PT,PT,day_ahead_price,value,2026-09-07T07:43:22Z
2026-09-07T07:40:17Z,2026-09-07T09:40:17+0200,7285bef3-a604-45d5-af29-a8fe1b71188a,2026-09-02T22:15:00Z,2026-09-03T00:15:00+0200,204.25,EUR/MWh,PT,PT,day_ahead_price,value,2026-09-07T07:43:22Z
2026-09-07T07:40:17Z,2026-09-07T09:40:17+0200,7285bef3-a604-45d5-af29-a8fe1b71188a,2026-09-02T22:30:00Z,2026-09-03T00:30:00+0200,197.69,EUR/MWh,PT,PT,day_ahead_price,value,2026-09-07T07:43:22Z
2026-09-07T07:40:17Z,2026-09-07T09:40:17+0200,7285bef3-a604-45d5-af29-a8fe1b71188a,2026-09-02T22:45:00Z,2026-09-03T00:45:00+0200,190.81,EUR/MWh,PT,PT,day_ahead_price,value,2026-09-07T07:43:22Z
2026-09-07T07:40:17Z,2026-09-07T09:40:17+0200,7285bef3-a604-45d5-af29-a8fe1b71188a,2026-09-02T23:00:00Z,2026-09-03T01:00:00+0200,198.65,EUR/MWh,PT,PT,day_ahead_price,value,2026-09-07T07:43:22Z
2026-09-07T07:40:17Z,2026-09-07T09:40:17+0200,7285bef3-a604-45d5-af29-a8fe1b71188a,2026-09-02T23:15:00Z,2026-09-03T01:15:00+0200,195.08,EUR/MWh,PT,PT,day_ahead_price,value,2026-09-07T07:43:22Z
2026-09-07T07:40:17Z,2026-09-07T09:40:17+0200,7285bef3-a604-45d5-af29-a8fe1b71188a,2026-09-02T23:30:00Z,2026-09-03T01:30:00+0200,190.81,EUR/MWh,PT,PT,day_ahead_price,value,2026-09-07T07:43:22Z
2026-09-07T07:40:17Z,2026-09-07T09:40:17+0200,7285bef3-a604-45d5-af29-a8fe1b71188a,2026-09-02T23:45:00Z,2026-09-03T01:45:00+0200,188.98,EUR/MWh,PT,PT,day_ahead_price,value,2026-09-07T07:43:22Z
2026-09-07T07:40:17Z,2026-09-07T09:40:17+0200,7285bef3-a604-45d5-af29-a8fe1b71188a,2026-09-03T00:00:00Z,2026-09-03T02:00:00+0200,188.46,EUR/MWh,PT,PT,day_ahead_price,value,2026-09-07T07:43:22Z
2026-09-07T07:40:17Z,2026-09-07T09:40:17+0200,7285bef3-a604-45d5-af29-a8fe1b71188a,2026-09-03T00:15:00Z,2026-09-03T02:15:00+0200,188.46,EUR/MWh,PT,PT,day_ahead_price,value,2026-09-07T07:43:22Z
2026-09-07T07:40:17Z,2026-09-07T09:40:17+0200,7285bef3-a604-45d5-af29-a8fe1b71188a,2026-09-03T00:30:00Z,2026-09-03T02:30:00+0200,186.88,EUR/MWh,PT,PT,day_ahead_price,value,2026-09-07T07:43:22Z
2026-09-07T07:40:17Z,2026-09-07T09:40:17+0200,7285bef3-a604-45d5-af29-a8fe1b71188a,2026-09-03T00:45:00Z,2026-09-03T02:45:00+0200,186.88,EUR/MWh,PT,PT,day_ahead_price,value,2026-09-07T07:43:22Z
2026-09-07T07:40:17Z,2026-09-07T09:40:17+0200,7285bef3-a604-45d5-af29-a8fe1b71188a,2026-09-03T01:00:00Z,2026-09-03T03:00:00+0200,186.24,EUR/MWh,PT,PT,day_ahead_price,value,2026-09-07T07:43:22Z
2026-09-07T07:40:17Z,2026-09-07T09:40:17+0200,7285bef3-a604-45d5-af29-a8fe1b71188a,2026-09-03T01:15:00Z,2026-09-03T03:15:00+0200,186.24,EUR/MWh,PT,PT,day_ahead_price,value,2026-09-07T07:43:22Z
2026-09-07T07:40:17Z,2026-09-07T09:40:17+0200,7285bef3-a604-45d5-af29-a8fe1b71188a,2026-09-03T01:30:00Z,2026-09-03T03:30:00+0200,185.3,EUR/MWh,PT,PT,day_ahead_price,value,2026-09-07T07:43:22Z
2026-09-07T07:40:17Z,2026-09-07T09:40:17+0200,7285bef3-a604-45d5-af29-a8fe1b71188a,2026-09-03T01:45:00Z,2026-09-03T03:45:00+0200,186.24,EUR/MWh,PT,PT,day_ahead_price,value,2026-09-07T07:43:22Z
2026-09-07T07:40:17Z,2026-09-07T09:40:17+0200,7285bef3-a604-45d5-af29-a8fe1b71188a,2026-09-03T02:00:00Z,2026-09-03T04:00:00+0200,185.3,EUR/MWh,PT,PT,day_ahead_price,value,2026-09-07T07:43:22Z
2026-09-07T07:40:17Z,2026-09-07T09:40:17+0200,7285bef3-a604-45d5-af29-a8fe1b71188a,2026-09-03T02:15:00Z,2026-09-03T04:15:00+0200,186.24,EUR/MWh,PT,PT,day_ahead_price,value,2026-09-07T07:43:22Z
2026-09-07T07:40:17Z,2026-09-07T09:40:17+0200,7285bef3-a604-45d5-af29-a8fe1b71188a,2026-09-03T02:30:00Z,2026-09-03T04:30:00+0200,186.88,EUR/MWh,PT,PT,day_ahead_price,value,2026-09-07T07:43:22Z
2026-09-07T07:40:17Z,2026-09-07T09:40:17+0200,7285bef3-a604-45d5-af29-a8fe1b71188a,2026-09-03T02:45:00Z,2026-09-03T04:45:00+0200,188.46,EUR/MWh,PT,PT,day_ahead_price,value,2026-09-07T07:43:22Z
2026-09-07T07:40:17Z,2026-09-07T09:40:17+0200,7285bef3-a604-45d5-af29-a8fe1b71188a,2026-09-03T03:00:00Z,2026-09-03T05:00:00+0200,186.88,EUR/MWh,PT,PT,day_ahead_price,value,2026-09-07T07:43:22Z
2026-09-07T07:40:17Z,2026-09-07T09:40:17+0200,7285bef3-a604-45d5-af29-a8fe1b71188a,2026-09-03T03:15:00Z,2026-09-03T05:15:00+0200,188.46,EUR/MWh,PT,PT,day_ahead_price,value,2026-09-07T07:43:22Z
2026-09-07T07:40:17Z,2026-09-07T09:40:17+0200,7285bef3-a604-45d5-af29-a8fe1b71188a,2026-09-03T03:30:00Z,2026-09-03T05:30:00+0200,188.98,EUR/MWh,PT,PT,day_ahead_price,value,2026-09-07T07:43:22Z
2026-09-07T07:40:17Z,2026-09-07T09:40:17+0200,7285bef3-a604-45d5-af29-a8fe1b71188a,2026-09-03T03:45:00Z,2026-09-03T05:45:00+0200,188.98,EUR/MWh,PT,PT,day_ahead_price,value,2026-09-07T07:43:22Z
2026-09-07T07:40:17Z,2026-09-07T09:40:17+0200,7285bef3-a604-45d5-af29-a8fe1b71188a,2026-09-03T04:00:00Z,2026-09-03T06:00:00+0200,192.71,EUR/MWh,PT,PT,day_ahead_price,value,2026-09-07T07:43:22Z
2026-09-07T07:40:17Z,2026-09-07T09:40:17+0200,7285bef3-a604-45d5-af29-a8fe1b71188a,2026-09-03T04:15:00Z,2026-09-03T06:15:00+0200,200.0,EUR/MWh,PT,PT,day_ahead_price,value,2026-09-07T07:43:22Z
2026-09-07T07:40:17Z,2026-09-07T09:40:17+0200,7285bef3-a604-45d5-af29-a8fe1b71188a,2026-09-03T04:30:00Z,2026-09-03T06:30:00+0200,205.0,EUR/MWh,PT,PT,day_ahead_price,value,2026-09-07T07:43:22Z
2026-09-07T07:40:17Z,2026-09-07T09:40:17+0200,7285bef3-a604-45d5-af29-a8fe1b71188a,2026-09-03T04:45:00Z,2026-09-03T06:45:00+0200,210.37,EUR/MWh,PT,PT,day_ahead_price,value,2026-09-07T07:43:22Z
2026-09-07T07:40:17Z,2026-09-07T09:40:17+0200,7285bef3-a604-45d5-af29-a8fe1b71188a,2026-09-03T05:00:00Z,2026-09-03T07:00:00+0200,208.03,EUR/MWh,PT,PT,day_ahead_price,value,2026-09-07T07:43:22Z
2026-09-07T07:40:17Z,2026-09-07T09:40:17+0200,7285bef3-a604-45d5-af29-a8fe1b71188a,2026-09-03T05:15:00Z,2026-09-03T07:15:00+0200,217.5,EUR/MWh,PT,PT,day_ahead_price,value,2026-09-07T07:43:22Z
2026-09-07T07:40:17Z,2026-09-07T09:40:17+0200,7285bef3-a604-45d5-af29-a8fe1b71188a,2026-09-03T05:30:00Z,2026-09-03T07:30:00+0200,217.5,EUR/MWh,PT,PT,day_ahead_price,value,2026-09-07T07:43:22Z
2026-09-07T07:40:17Z,2026-09-07T09:40:17+0200,7285bef3-a604-45d5-af29-a8fe1b71188a,2026-09-03T05:45:00Z,2026-09-03T07:45:00+0200,217.5,EUR/MWh,PT,PT,day_ahead_price,value,2026-09-07T07:43:22Z
2026-09-07T07:40:17Z,2026-09-07T09:40:17+0200,7285bef3-a604-45d5-af29-a8fe1b71188a,2026-09-03T06:00:00Z,2026-09-03T08:00:00+0200,208.03,EUR/MWh,PT,PT,day_ahead_price,value,2026-09-07T07:43:22Z
2026-09-07T07:40:17Z,2026-09-07T09:40:17+0200,7285bef3-a604-45d5-af29-a8fe1b71188a,2026-09-03T06:15:00Z,2026-09-03T08:15:00+0200,189.44,EUR/MWh,PT,PT,day_ahead_price,value,2026-09-07T07:43:22Z
2026-09-07T07:40:17Z,2026-09-07T09:40:17+0200,7285bef3-a604-45d5-af29-a8fe1b71188a,2026-09-03T06:30:00Z,2026-09-03T08:30:00+0200,182.0,EUR/MWh,PT,PT,day_ahead_price,value,2026-09-07T07:43:22Z
2026-09-07T07:40:17Z,2026-09-07T09:40:17+0200,7285bef3-a604-45d5-af29-a8fe1b71188a,2026-09-03T06:45:00Z,2026-09-03T08:45:00+0200,165.54,EUR/MWh,PT,PT,day_ahead_price,value,2026-09-07T07:43:22Z
2026-09-07T07:40:17Z,2026-09-07T09:40:17+0200,7285bef3-a604-45d5-af29-a8fe1b71188a,2026-09-03T07:00:00Z,2026-09-03T09:00:00+0200,185.21,EUR/MWh,PT,PT,day_ahead_price,value,2026-09-07T07:43:22Z
2026-09-07T07:40:17Z,2026-09-07T09:40:17+0200,7285bef3-a604-45d5-af29-a8fe1b71188a,2026-09-03T07:15:00Z,2026-09-03T09:15:00+0200,156.62,EUR/MWh,PT,PT,day_ahead_price,value,2026-09-07T07:43:22Z
2026-09-07T07:40:17Z,2026-09-07T09:40:17+0200,7285bef3-a604-45d5-af29-a8fe1b71188a,2026-09-03T07:30:00Z,2026-09-03T09:30:00+0200,135.0,EUR/MWh,PT,PT,day_ahead_price,value,2026-09-07T07:43:22Z
2026-09-07T07:40:17Z,2026-09-07T09:40:17+0200,7285bef3-a604-45d5-af29-a8fe1b71188a,2026-09-03T07:45:00Z,2026-09-03T09:45:00+0200,121.5,EUR/MWh,PT,PT,day_ahead_price,value,2026-09-07T07:43:22Z
2026-09-07T07:40:17Z,2026-09-07T09:40:17+0200,7285bef3-a604-45d5-af29-a8fe1b71188a,2026-09-03T08:00:00Z,2026-09-03T10:00:00+0200,130.01,EUR/MWh,PT,PT,day_ahead_price,value,2026-09-07T07:43:22Z
2026-09-07T07:40:17Z,2026-09-07T09:40:17+0200,7285bef3-a604-45d5-af29-a8fe1b71188a,2026-09-03T08:15:00Z,2026-09-03T10:15:00+0200,119.91,EUR/MWh,PT,PT,day_ahead_price,value,2026-09-07T07:43:22Z
2026-09-07T07:40:17Z,2026-09-07T09:40:17+0200,7285bef3-a604-45d5-af29-a8fe1b71188a,2026-09-03T08:30:00Z,2026-09-03T10:30:00+0200,103.99,EUR/MWh,PT,PT,day_ahead_price,value,2026-09-07T07:43:22Z
2026-09-07T07:40:17Z,2026-09-07T09:40:17+0200,7285bef3-a604-45d5-af29-a8fe1b71188a,2026-09-03T08:45:00Z,2026-09-03T10:45:00+0200,92.23,EUR/MWh,PT,PT,day_ahead_price,value,2026-09-07T07:43:22Z
2026-09-07T07:40:17Z,2026-09-07T09:40:17+0200,7285bef3-a604-45d5-af29-a8fe1b71188a,2026-09-03T09:00:00Z,2026-09-03T11:00:00+0200,90.49,EUR/MWh,PT,PT,day_ahead_price,value,2026-09-07T07:43:22Z
2026-09-07T07:40:17Z,2026-09-07T09:40:17+0200,7285bef3-a604-45d5-af29-a8fe1b71188a,2026-09-03T09:15:00Z,2026-09-03T11:15:00+0200,72.98,EUR/MWh,PT,PT,day_ahead_price,value,2026-09-07T07:43:22Z
2026-09-07T07:40:17Z,2026-09-07T09:40:17+0200,7285bef3-a604-45d5-af29-a8fe1b71188a,2026-09-03T09:30:00Z,2026-09-03T11:30:00+0200,68.0,EUR/MWh,PT,PT,day_ahead_price,value,2026-09-07T07:43:22Z
2026-09-07T07:40:17Z,2026-09-07T09:40:17+0200,7285bef3-a604-45d5-af29-a8fe1b71188a,2026-09-03T09:45:00Z,2026-09-03T11:45:00+0200,60.5,EUR/MWh,PT,PT,day_ahead_price,value,2026-09-07T07:43:22Z
2026-09-07T07:40:17Z,2026-09-07T09:40:17+0200,7285bef3-a604-45d5-af29-a8fe1b71188a,2026-09-03T10:00:00Z,2026-09-03T12:00:00+0200,65.71,EUR/MWh,PT,PT,day_ahead_price,value,2026-09-07T07:43:22Z
2026-09-07T07:40:17Z,2026-09-07T09:40:17+0200,7285bef3-a604-45d5-af29-a8fe1b71188a,2026-09-03T10:15:00Z,2026-09-03T12:15:00+0200,56.2,EUR/MWh,PT,PT,day_ahead_price,value,2026-09-07T07:43:22Z
2026-09-07T07:40:17Z,2026-09-07T09:40:17+0200,7285bef3-a604-45d5-af29-a8fe1b71188a,2026-09-03T10:30:00Z,2026-09-03T12:30:00+0200,46.7,EUR/MWh,PT,PT,day_ahead_price,value,2026-09-07T07:43:22Z
2026-09-07T07:40:17Z,2026-09-07T09:40:17+0200,7285bef3-a604-45d5-af29-a8fe1b71188a,2026-09-03T10:45:00Z,2026-09-03T12:45:00+0200,38.77,EUR/MWh,PT,PT,day_ahead_price,value,2026-09-07T07:43:22Z
2026-09-07T07:40:17Z,2026-09-07T09:40:17+0200,7285bef3-a604-45d5-af29-a8fe1b71188a,2026-09-03T11:00:00Z,2026-09-03T13:00:00+0200,38.88,EUR/MWh,PT,PT,day_ahead_price,value,2026-09-07T07:43:22Z
2026-09-07T07:40:17Z,2026-09-07T09:40:17+0200,7285bef3-a604-45d5-af29-a8fe1b71188a,2026-09-03T11:15:00Z,2026-09-03T13:15:00+0200,35.64,EUR/MWh,PT,PT,day_ahead_price,value,2026-09-07T07:43:22Z
2026-09-07T07:40:17Z,2026-09-07T09:40:17+0200,7285bef3-a604-45d5-af29-a8fe1b71188a,2026-09-03T11:30:00Z,2026-09-03T13:30:00+0200,33.0,EUR/MWh,PT,PT,day_ahead_price,value,2026-09-07T07:43:22Z
2026-09-07T07:40:17Z,2026-09-07T09:40:17+0200,7285bef3-a604-45d5-af29-a8fe1b71188a,2026-09-03T11:45:00Z,2026-09-03T13:45:00+0200,27.0,EUR/MWh,PT,PT,day_ahead_price,value,2026-09-07T07:43:22Z
2026-09-07T07:40:17Z,2026-09-07T09:40:17+0200,7285bef3-a604-45d5-af29-a8fe1b71188a,2026-09-03T12:00:00Z,2026-09-03T14:00:00+0200,31.32,EUR/MWh,PT,PT,day_ahead_price,value,2026-09-07T07:43:22Z
2026-09-07T07:40:17Z,2026-09-07T09:40:17+0200,7285bef3-a604-45d5-af29-a8fe1b71188a,2026-09-03T12:15:00Z,2026-09-03T14:15:00+0200,27.0,EUR/MWh,PT,PT,day_ahead_price,value,2026-09-07T07:43:22Z
2026-09-07T07:40:17Z,2026-09-07T09:40:17+0200,7285bef3-a604-45d5-af29-a8fe1b71188a,2026-09-03T12:30:00Z,2026-09-03T14:30:00+0200,34.18,EUR/MWh,PT,PT,day_ahead_price,value,2026-09-07T07:43:22Z
2026-09-07T07:40:17Z,2026-09-07T09:40:17+0200,7285bef3-a604-45d5-af29-a8fe1b71188a,2026-09-03T12:45:00Z,2026-09-03T14:45:00+0200,34.04,EUR/MWh,PT,PT,day_ahead_price,value,2026-09-07T07:43:22Z
2026-09-07T07:40:17Z,2026-09-07T09:40:17+0200,7285bef3-a604-45d5-af29-a8fe1b71188a,2026-09-03T13:00:00Z,2026-09-03T15:00:00+0200,33.63,EUR/MWh,PT,PT,day_ahead_price,value,2026-09-07T07:43:22Z
2026-09-07T07:40:17Z,2026-09-07T09:40:17+0200,7285bef3-a604-45d5-af29-a8fe1b71188a,2026-09-03T13:15:00Z,2026-09-03T15:15:00+0200,35.05,EUR/MWh,PT,PT,day_ahead_price,value,2026-09-07T07:43:22Z
2026-09-07T07:40:17Z,2026-09-07T09:40:17+0200,7285bef3-a604-45d5-af29-a8fe1b71188a,2026-09-03T13:30:00Z,2026-09-03T15:30:00+0200,38.66,EUR/MWh,PT,PT,day_ahead_price,value,2026-09-07T07:43:22Z
2026-09-07T07:40:17Z,2026-09-07T09:40:17+0200,7285bef3-a604-45d5-af29-a8fe1b71188a,2026-09-03T13:45:00Z,2026-09-03T15:45:00+0200,35.05,EUR/MWh,PT,PT,day_ahead_price,value,2026-09-07T07:43:22Z
2026-09-07T07:40:17Z,2026-09-07T09:40:17+0200,7285bef3-a604-45d5-af29-a8fe1b71188a,2026-09-03T14:00:00Z,2026-09-03T16:00:00+0200,45.58,EUR/MWh,PT,PT,day_ahead_price,value,2026-09-07T07:43:22Z
2026-09-07T07:40:17Z,2026-09-07T09:40:17+0200,7285bef3-a604-45d5-af29-a8fe1b71188a,2026-09-03T14:15:00Z,2026-09-03T16:15:00+0200,58.98,EUR/MWh,PT,PT,day_ahead_price,value,2026-09-07T07:43:22Z
2026-09-07T07:40:17Z,2026-09-07T09:40:17+0200,7285bef3-a604-45d5-af29-a8fe1b71188a,2026-09-03T14:30:00Z,2026-09-03T16:30:00+0200,74.01,EUR/MWh,PT,PT,day_ahead_price,value,2026-09-07T07:43:22Z
2026-09-07T07:40:17Z,2026-09-07T09:40:17+0200,7285bef3-a604-45d5-af29-a8fe1b71188a,2026-09-03T14:45:00Z,2026-09-03T16:45:00+0200,90.6,EUR/MWh,PT,PT,day_ahead_price,value,2026-09-07T07:43:22Z
2026-09-07T07:40:17Z,2026-09-07T09:40:17+0200,7285bef3-a604-45d5-af29-a8fe1b71188a,2026-09-03T15:00:00Z,2026-09-03T17:00:00+0200,92.39,EUR/MWh,PT,PT,day_ahead_price,value,2026-09-07T07:43:22Z
2026-09-07T07:40:17Z,2026-09-07T09:40:17+0200,7285bef3-a604-45d5-af29-a8fe1b71188a,2026-09-03T15:15:00Z,2026-09-03T17:15:00+0200,98.94,EUR/MWh,PT,PT,day_ahead_price,value,2026-09-07T07:43:22Z
2026-09-07T07:40:17Z,2026-09-07T09:40:17+0200,7285bef3-a604-45d5-af29-a8fe1b71188a,2026-09-03T15:30:00Z,2026-09-03T17:30:00+0200,115.0,EUR/MWh,PT,PT,day_ahead_price,value,2026-09-07T07:43:22Z
2026-09-07T07:40:17Z,2026-09-07T09:40:17+0200,7285bef3-a604-45d5-af29-a8fe1b71188a,2026-09-03T15:45:00Z,2026-09-03T17:45:00+0200,125.18,EUR/MWh,PT,PT,day_ahead_price,value,2026-09-07T07:43:22Z
2026-09-07T07:40:17Z,2026-09-07T09:40:17+0200,7285bef3-a604-45d5-af29-a8fe1b71188a,2026-09-03T16:00:00Z,2026-09-03T18:00:00+0200,124.4,EUR/MWh,PT,PT,day_ahead_price,value,2026-09-07T07:43:22Z
2026-09-07T07:40:17Z,2026-09-07T09:40:17+0200,7285bef3-a604-45d5-af29-a8fe1b71188a,2026-09-03T16:15:00Z,2026-09-03T18:15:00+0200,146.73,EUR/MWh,PT,PT,day_ahead_price,value,2026-09-07T07:43:22Z
2026-09-07T07:40:17Z,2026-09-07T09:40:17+0200,7285bef3-a604-45d5-af29-a8fe1b71188a,2026-09-03T16:30:00Z,2026-09-03T18:30:00+0200,175.4,EUR/MWh,PT,PT,day_ahead_price,value,2026-09-07T07:43:22Z
2026-09-07T07:40:17Z,2026-09-07T09:40:17+0200,7285bef3-a604-45d5-af29-a8fe1b71188a,2026-09-03T16:45:00Z,2026-09-03T18:45:00+0200,186.11,EUR/MWh,PT,PT,day_ahead_price,value,2026-09-07T07:43:22Z
2026-09-07T07:40:17Z,2026-09-07T09:40:17+0200,7285bef3-a604-45d5-af29-a8fe1b71188a,2026-09-03T17:00:00Z,2026-09-03T19:00:00+0200,169.98,EUR/MWh,PT,PT,day_ahead_price,value,2026-09-07T07:43:22Z
2026-09-07T07:40:17Z,2026-09-07T09:40:17+0200,7285bef3-a604-45d5-af29-a8fe1b71188a,2026-09-03T17:15:00Z,2026-09-03T19:15:00+0200,188.12,EUR/MWh,PT,PT,day_ahead_price,value,2026-09-07T07:43:22Z
2026-09-07T07:40:17Z,2026-09-07T09:40:17+0200,7285bef3-a604-45d5-af29-a8fe1b71188a,2026-09-03T17:30:00Z,2026-09-03T19:30:00+0200,208.98,EUR/MWh,PT,PT,day_ahead_price,value,2026-09-07T07:43:22Z
2026-09-07T07:40:17Z,2026-09-07T09:40:17+0200,7285bef3-a604-45d5-af29-a8fe1b71188a,2026-09-03T17:45:00Z,2026-09-03T19:45:00+0200,232.17,EUR/MWh,PT,PT,day_ahead_price,value,2026-09-07T07:43:22Z
2026-09-07T07:40:17Z,2026-09-07T09:40:17+0200,7285bef3-a604-45d5-af29-a8fe1b71188a,2026-09-03T18:00:00Z,2026-09-03T20:00:00+0200,235.82,EUR/MWh,PT,PT,day_ahead_price,value,2026-09-07T07:43:22Z
2026-09-07T07:40:17Z,2026-09-07T09:40:17+0200,7285bef3-a604-45d5-af29-a8fe1b71188a,2026-09-03T18:15:00Z,2026-09-03T20:15:00+0200,232.19,EUR/MWh,PT,PT,day_ahead_price,value,2026-09-07T07:43:22Z
2026-09-07T07:40:17Z,2026-09-07T09:40:17+0200,7285bef3-a604-45d5-af29-a8fe1b71188a,2026-09-03T18:30:00Z,2026-09-03T20:30:00+0200,257.01,EUR/MWh,PT,PT,day_ahead_price,value,2026-09-07T07:43:22Z
2026-09-07T07:40:17Z,2026-09-07T09:40:17+0200,7285bef3-a604-45d5-af29-a8fe1b71188a,2026-09-03T18:45:00Z,2026-09-03T20:45:00+0200,282.73,EUR/MWh,PT,PT,day_ahead_price,value,2026-09-07T07:43:22Z
2026-09-07T07:40:17Z,2026-09-07T09:40:17+0200,7285bef3-a604-45d5-af29-a8fe1b71188a,2026-09-03T19:00:00Z,2026-09-03T21:00:00+0200,300.0,EUR/MWh,PT,PT,day_ahead_price,value,2026-09-07T07:43:22Z
2026-09-07T07:40:17Z,2026-09-07T09:40:17+0200,7285bef3-a604-45d5-af29-a8fe1b71188a,2026-09-03T19:15:00Z,2026-09-03T21:15:00+0200,300.0,EUR/MWh,PT,PT,day_ahead_price,value,2026-09-07T07:43:22Z
2026-09-07T07:40:17Z,2026-09-07T09:40:17+0200,7285bef3-a604-45d5-af29-a8fe1b71188a,2026-09-03T19:30:00Z,2026-09-03T21:30:00+0200,300.0,EUR/MWh,PT,PT,day_ahead_price,value,2026-09-07T07:43:22Z
2026-09-07T07:40:17Z,2026-09-07T09:40:17+0200,7285bef3-a604-45d5-af29-a8fe1b71188a,2026-09-03T19:45:00Z,2026-09-03T21:45:00+0200,275.0,EUR/MWh,PT,PT,day_ahead_price,value,2026-09-07T07:43:22Z
2026-09-07T07:40:17Z,2026-09-07T09:40:17+0200,7285bef3-a604-45d5-af29-a8fe1b71188a,2026-09-03T20:00:00Z,2026-09-03T22:00:00+0200,250.0,EUR/MWh,PT,PT,day_ahead_price,value,2026-09-07T07:43:22Z
2026-09-07T07:40:17Z,2026-09-07T09:40:17+0200,7285bef3-a604-45d5-af29-a8fe1b71188a,2026-09-03T20:15:00Z,2026-09-03T22:15:00+0200,239.62,EUR/MWh,PT,PT,day_ahead_price,value,2026-09-07T07:43:22Z
2026-09-07T07:40:17Z,2026-09-07T09:40:17+0200,7285bef3-a604-45d5-af29-a8fe1b71188a,2026-09-03T20:30:00Z,2026-09-03T22:30:00+0200,230.01,EUR/MWh,PT,PT,day_ahead_price,value,2026-09-07T07:43:22Z
2026-09-07T07:40:17Z,2026-09-07T09:40:17+0200,7285bef3-a604-45d5-af29-a8fe1b71188a,2026-09-03T20:45:00Z,2026-09-03T22:45:00+0200,225.41,EUR/MWh,PT,PT,day_ahead_price,value,2026-09-07T07:43:22Z
2026-09-07T07:40:17Z,2026-09-07T09:40:17+0200,7285bef3-a604-45d5-af29-a8fe1b71188a,2026-09-03T21:00:00Z,2026-09-03T23:00:00+0200,220.0,EUR/MWh,PT,PT,day_ahead_price,value,2026-09-07T07:43:22Z
2026-09-07T07:40:17Z,2026-09-07T09:40:17+0200,7285bef3-a604-45d5-af29-a8fe1b71188a,2026-09-03T21:15:00Z,2026-09-03T23:15:00+0200,214.62,EUR/MWh,PT,PT,day_ahead_price,value,2026-09-07T07:43:22Z
2026-09-07T07:40:17Z,2026-09-07T09:40:17+0200,7285bef3-a604-45d5-af29-a8fe1b71188a,2026-09-03T21:30:00Z,2026-09-03T23:30:00+0200,205.39,EUR/MWh,PT,PT,day_ahead_price,value,2026-09-07T07:43:22Z
2026-09-07T07:40:17Z,2026-09-07T09:40:17+0200,7285bef3-a604-45d5-af29-a8fe1b71188a,2026-09-03T21:45:00Z,2026-09-03T23:45:00+0200,197.8,EUR/MWh,PT,PT,day_ahead_price,value,2026-09-07T07:43:22Z
2026-09-07T07:40:17Z,2026-09-07T09:40:17+0200,7285bef3-a604-45d5-af29-a8fe1b71188a,2026-09-03T22:00:00Z,2026-09-04T00:00:00+0200,217.5,EUR/MWh,PT,PT,day_ahead_price,value,2026-09-07T07:43:22Z
2026-09-07T07:40:17Z,2026-09-07T09:40:17+0200,7285bef3-a604-45d5-af29-a8fe1b71188a,2026-09-03T22:15:00Z,2026-09-04T00:15:00+0200,217.0,EUR/MWh,PT,PT,day_ahead_price,value,2026-09-07T07:43:22Z
2026-09-07T07:40:17Z,2026-09-07T09:40:17+0200,7285bef3-a604-45d5-af29-a8fe1b71188a,2026-09-03T22:30:00Z,2026-09-04T00:30:00+0200,215.0,EUR/MWh,PT,PT,day_ahead_price,value,2026-09-07T07:43:22Z
2026-09-07T07:40:17Z,2026-09-07T09:40:17+0200,7285bef3-a604-45d5-af29-a8fe1b71188a,2026-09-03T22:45:00Z,2026-09-04T00:45:00+0200,211.96,EUR/MWh,PT,PT,day_ahead_price,value,2026-09-07T07:43:22Z
2026-09-07T07:40:17Z,2026-09-07T09:40:17+0200,7285bef3-a604-45d5-af29-a8fe1b71188a,2026-09-03T23:00:00Z,2026-09-04T01:00:00+0200,216.0,EUR/MWh,PT,PT,day_ahead_price,value,2026-09-07T07:43:22Z
2026-09-07T07:40:17Z,2026-09-07T09:40:17+0200,7285bef3-a604-45d5-af29-a8fe1b71188a,2026-09-03T23:15:00Z,2026-09-04T01:15:00+0200,214.0,EUR/MWh,PT,PT,day_ahead_price,value,2026-09-07T07:43:22Z
2026-09-07T07:40:17Z,2026-09-07T09:40:17+0200,7285bef3-a604-45d5-af29-a8fe1b71188a,2026-09-03T23:30:00Z,2026-09-04T01:30:00+0200,210.98,EUR/MWh,PT,PT,day_ahead_price,value,2026-09-07T07:43:22Z
2026-09-07T07:40:17Z,2026-09-07T09:40:17+0200,7285bef3-a604-45d5-af29-a8fe1b71188a,2026-09-03T23:45:00Z,2026-09-04T01:45:00+0200,211.72,EUR/MWh,PT,PT,day_ahead_price,value,2026-09-07T07:43:22Z
2026-09-07T07:40:17Z,2026-09-07T09:40:17+0200,7285bef3-a604-45d5-af29-a8fe1b71188a,2026-09-04T00:00:00Z,2026-09-04T02:00:00+0200,212.73,EUR/MWh,PT,PT,day_ahead_price,value,2026-09-07T07:43:22Z
2026-09-07T07:40:17Z,2026-09-07T09:40:17+0200,7285bef3-a604-45d5-af29-a8fe1b71188a,2026-09-04T00:15:00Z,2026-09-04T02:15:00+0200,210.0,EUR/MWh,PT,PT,day_ahead_price,value,2026-09-07T07:43:22Z
2026-09-07T07:40:17Z,2026-09-07T09:40:17+0200,7285bef3-a604-45d5-af29-a8fe1b71188a,2026-09-04T00:30:00Z,2026-09-04T02:30:00+0200,204.25,EUR/MWh,PT,PT,day_ahead_price,value,2026-09-07T07:43:22Z
2026-09-07T07:40:17Z,2026-09-07T09:40:17+0200,7285bef3-a604-45d5-af29-a8fe1b71188a,2026-09-04T00:45:00Z,2026-09-04T02:45:00+0200,203.3,EUR/MWh,PT,PT,day_ahead_price,value,2026-09-07T07:43:22Z
2026-09-07T07:40:17Z,2026-09-07T09:40:17+0200,7285bef3-a604-45d5-af29-a8fe1b71188a,2026-09-04T01:00:00Z,2026-09-04T03:00:00+0200,199.0,EUR/MWh,PT,PT,day_ahead_price,value,2026-09-07T07:43:22Z
2026-09-07T07:40:17Z,2026-09-07T09:40:17+0200,7285bef3-a604-45d5-af29-a8fe1b71188a,2026-09-04T01:15:00Z,2026-09-04T03:15:00+0200,195.08,EUR/MWh,PT,PT,day_ahead_price,value,2026-09-07T07:43:22Z
2026-09-07T07:40:17Z,2026-09-07T09:40:17+0200,7285bef3-a604-45d5-af29-a8fe1b71188a,2026-09-04T01:30:00Z,2026-09-04T03:30:00+0200,194.0,EUR/MWh,PT,PT,day_ahead_price,value,2026-09-07T07:43:22Z
2026-09-07T07:40:17Z,2026-09-07T09:40:17+0200,7285bef3-a604-45d5-af29-a8fe1b71188a,2026-09-04T01:45:00Z,2026-09-04T03:45:00+0200,193.16,EUR/MWh,PT,PT,day_ahead_price,value,2026-09-07T07:43:22Z
2026-09-07T07:40:17Z,2026-09-07T09:40:17+0200,7285bef3-a604-45d5-af29-a8fe1b71188a,2026-09-04T02:00:00Z,2026-09-04T04:00:00+0200,192.99,EUR/MWh,PT,PT,day_ahead_price,value,2026-09-07T07:43:22Z
2026-09-07T07:40:17Z,2026-09-07T09:40:17+0200,7285bef3-a604-45d5-af29-a8fe1b71188a,2026-09-04T02:15:00Z,2026-09-04T04:15:00+0200,191.69,EUR/MWh,PT,PT,day_ahead_price,value,2026-09-07T07:43:22Z
2026-09-07T07:40:17Z,2026-09-07T09:40:17+0200,7285bef3-a604-45d5-af29-a8fe1b71188a,2026-09-04T02:30:00Z,2026-09-04T04:30:00+0200,191.46,EUR/MWh,PT,PT,day_ahead_price,value,2026-09-07T07:43:22Z
2026-09-07T07:40:17Z,2026-09-07T09:40:17+0200,7285bef3-a604-45d5-af29-a8fe1b71188a,2026-09-04T02:45:00Z,2026-09-04T04:45:00+0200,191.46,EUR/MWh,PT,PT,day_ahead_price,value,2026-09-07T07:43:22Z
2026-09-07T07:40:17Z,2026-09-07T09:40:17+0200,7285bef3-a604-45d5-af29-a8fe1b71188a,2026-09-04T03:00:00Z,2026-09-04T05:00:00+0200,189.88,EUR/MWh,PT,PT,day_ahead_price,value,2026-09-07T07:43:22Z
2026-09-07T07:40:17Z,2026-09-07T09:40:17+0200,7285bef3-a604-45d5-af29-a8fe1b71188a,2026-09-04T03:15:00Z,2026-09-04T05:15:00+0200,190.0,EUR/MWh,PT,PT,day_ahead_price,value,2026-09-07T07:43:22Z
2026-09-07T07:40:17Z,2026-09-07T09:40:17+0200,7285bef3-a604-45d5-af29-a8fe1b71188a,2026-09-04T03:30:00Z,2026-09-04T05:30:00+0200,190.0,EUR/MWh,PT,PT,day_ahead_price,value,2026-09-07T07:43:22Z
2026-09-07T07:40:17Z,2026-09-07T09:40:17+0200,7285bef3-a604-45d5-af29-a8fe1b71188a,2026-09-04T03:45:00Z,2026-09-04T05:45:00+0200,191.46,EUR/MWh,PT,PT,day_ahead_price,value,2026-09-07T07:43:22Z
2026-09-07T07:40:17Z,2026-09-07T09:40:17+0200,7285bef3-a604-45d5-af29-a8fe1b71188a,2026-09-04T04:00:00Z,2026-09-04T06:00:00+0200,183.01,EUR/MWh,PT,PT,day_ahead_price,value,2026-09-07T07:43:22Z
2026-09-07T07:40:17Z,2026-09-07T09:40:17+0200,7285bef3-a604-45d5-af29-a8fe1b71188a,2026-09-04T04:15:00Z,2026-09-04T06:15:00+0200,185.0,EUR/MWh,PT,PT,day_ahead_price,value,2026-09-07T07:43:22Z
2026-09-07T07:40:17Z,2026-09-07T09:40:17+0200,7285bef3-a604-45d5-af29-a8fe1b71188a,2026-09-04T04:30:00Z,2026-09-04T06:30:00+0200,183.0,EUR/MWh,PT,PT,day_ahead_price,value,2026-09-07T07:43:22Z
2026-09-07T07:40:17Z,2026-09-07T09:40:17+0200,7285bef3-a604-45d5-af29-a8fe1b71188a,2026-09-04T04:45:00Z,2026-09-04T06:45:00+0200,187.58,EUR/MWh,PT,PT,day_ahead_price,value,2026-09-07T07:43:22Z
2026-09-07T07:40:17Z,2026-09-07T09:40:17+0200,7285bef3-a604-45d5-af29-a8fe1b71188a,2026-09-04T05:00:00Z,2026-09-04T07:00:00+0200,191.46,EUR/MWh,PT,PT,day_ahead_price,value,2026-09-07T07:43:22Z
2026-09-07T07:40:17Z,2026-09-07T09:40:17+0200,7285bef3-a604-45d5-af29-a8fe1b71188a,2026-09-04T05:15:00Z,2026-09-04T07:15:00+0200,195.33,EUR/MWh,PT,PT,day_ahead_price,value,2026-09-07T07:43:22Z
2026-09-07T07:40:17Z,2026-09-07T09:40:17+0200,7285bef3-a604-45d5-af29-a8fe1b71188a,2026-09-04T05:30:00Z,2026-09-04T07:30:00+0200,195.46,EUR/MWh,PT,PT,day_ahead_price,value,2026-09-07T07:43:22Z
2026-09-07T07:40:17Z,2026-09-07T09:40:17+0200,7285bef3-a604-45d5-af29-a8fe1b71188a,2026-09-04T05:45:00Z,2026-09-04T07:45:00+0200,193.16,EUR/MWh,PT,PT,day_ahead_price,value,2026-09-07T07:43:22Z
2026-09-07T07:40:17Z,2026-09-07T09:40:17+0200,7285bef3-a604-45d5-af29-a8fe1b71188a,2026-09-04T06:00:00Z,2026-09-04T08:00:00+0200,203.03,EUR/MWh,PT,PT,day_ahead_price,value,2026-09-07T07:43:22Z
2026-09-07T07:40:17Z,2026-09-07T09:40:17+0200,7285bef3-a604-45d5-af29-a8fe1b71188a,2026-09-04T06:15:00Z,2026-09-04T08:15:00+0200,210.16,EUR/MWh,PT,PT,day_ahead_price,value,2026-09-07T07:43:22Z
2026-09-07T07:40:17Z,2026-09-07T09:40:17+0200,7285bef3-a604-45d5-af29-a8fe1b71188a,2026-09-04T06:30:00Z,2026-09-04T08:30:00+0200,203.3,EUR/MWh,PT,PT,day_ahead_price,value,2026-09-07T07:43:22Z
2026-09-07T07:40:17Z,2026-09-07T09:40:17+0200,7285bef3-a604-45d5-af29-a8fe1b71188a,2026-09-04T06:45:00Z,2026-09-04T08:45:00+0200,180.34,EUR/MWh,PT,PT,day_ahead_price,value,2026-09-07T07:43:22Z
2026-09-07T07:40:17Z,2026-09-07T09:40:17+0200,7285bef3-a604-45d5-af29-a8fe1b71188a,2026-09-04T07:00:00Z,2026-09-04T09:00:00+0200,195.95,EUR/MWh,PT,PT,day_ahead_price,value,2026-09-07T07:43:22Z
2026-09-07T07:40:17Z,2026-09-07T09:40:17+0200,7285bef3-a604-45d5-af29-a8fe1b71188a,2026-09-04T07:15:00Z,2026-09-04T09:15:00+0200,177.04,EUR/MWh,PT,PT,day_ahead_price,value,2026-09-07T07:43:22Z
2026-09-07T07:40:17Z,2026-09-07T09:40:17+0200,7285bef3-a604-45d5-af29-a8fe1b71188a,2026-09-04T07:30:00Z,2026-09-04T09:30:00+0200,144.0,EUR/MWh,PT,PT,day_ahead_price,value,2026-09-07T07:43:22Z
2026-09-07T07:40:17Z,2026-09-07T09:40:17+0200,7285bef3-a604-45d5-af29-a8fe1b71188a,2026-09-04T07:45:00Z,2026-09-04T09:45:00+0200,117.5,EUR/MWh,PT,PT,day_ahead_price,value,2026-09-07T07:43:22Z
2026-09-07T07:40:17Z,2026-09-07T09:40:17+0200,7285bef3-a604-45d5-af29-a8fe1b71188a,2026-09-04T08:00:00Z,2026-09-04T10:00:00+0200,140.0,EUR/MWh,PT,PT,day_ahead_price,value,2026-09-07T07:43:22Z
2026-09-07T07:40:17Z,2026-09-07T09:40:17+0200,7285bef3-a604-45d5-af29-a8fe1b71188a,2026-09-04T08:15:00Z,2026-09-04T10:15:00+0200,115.0,EUR/MWh,PT,PT,day_ahead_price,value,2026-09-07T07:43:22Z
2026-09-07T07:40:17Z,2026-09-07T09:40:17+0200,7285bef3-a604-45d5-af29-a8fe1b71188a,2026-09-04T08:30:00Z,2026-09-04T10:30:00+0200,105.0,EUR/MWh,PT,PT,day_ahead_price,value,2026-09-07T07:43:22Z
2026-09-07T07:40:17Z,2026-09-07T09:40:17+0200,7285bef3-a604-45d5-af29-a8fe1b71188a,2026-09-04T08:45:00Z,2026-09-04T10:45:00+0200,94.2,EUR/MWh,PT,PT,day_ahead_price,value,2026-09-07T07:43:22Z
2026-09-07T07:40:17Z,2026-09-07T09:40:17+0200,7285bef3-a604-45d5-af29-a8fe1b71188a,2026-09-04T09:00:00Z,2026-09-04T11:00:00+0200,100.01,EUR/MWh,PT,PT,day_ahead_price,value,2026-09-07T07:43:22Z
2026-09-07T07:40:17Z,2026-09-07T09:40:17+0200,7285bef3-a604-45d5-af29-a8fe1b71188a,2026-09-04T09:15:00Z,2026-09-04T11:15:00+0200,92.06,EUR/MWh,PT,PT,day_ahead_price,value,2026-09-07T07:43:22Z
2026-09-07T07:40:17Z,2026-09-07T09:40:17+0200,7285bef3-a604-45d5-af29-a8fe1b71188a,2026-09-04T09:30:00Z,2026-09-04T11:30:00+0200,88.74,EUR/MWh,PT,PT,day_ahead_price,value,2026-09-07T07:43:22Z
2026-09-07T07:40:17Z,2026-09-07T09:40:17+0200,7285bef3-a604-45d5-af29-a8fe1b71188a,2026-09-04T09:45:00Z,2026-09-04T11:45:00+0200,85.0,EUR/MWh,PT,PT,day_ahead_price,value,2026-09-07T07:43:22Z
2026-09-07T07:40:17Z,2026-09-07T09:40:17+0200,7285bef3-a604-45d5-af29-a8fe1b71188a,2026-09-04T10:00:00Z,2026-09-04T12:00:00+0200,90.0,EUR/MWh,PT,PT,day_ahead_price,value,2026-09-07T07:43:22Z
2026-09-07T07:40:17Z,2026-09-07T09:40:17+0200,7285bef3-a604-45d5-af29-a8fe1b71188a,2026-09-04T10:15:00Z,2026-09-04T12:15:00+0200,87.0,EUR/MWh,PT,PT,day_ahead_price,value,2026-09-07T07:43:22Z
2026-09-07T07:40:17Z,2026-09-07T09:40:17+0200,7285bef3-a604-45d5-af29-a8fe1b71188a,2026-09-04T10:30:00Z,2026-09-04T12:30:00+0200,87.0,EUR/MWh,PT,PT,day_ahead_price,value,2026-09-07T07:43:22Z
2026-09-07T07:40:17Z,2026-09-07T09:40:17+0200,7285bef3-a604-45d5-af29-a8fe1b71188a,2026-09-04T10:45:00Z,2026-09-04T12:45:00+0200,87.0,EUR/MWh,PT,PT,day_ahead_price,value,2026-09-07T07:43:22Z
2026-09-07T07:40:17Z,2026-09-07T09:40:17+0200,7285bef3-a604-45d5-af29-a8fe1b71188a,2026-09-04T11:00:00Z,2026-09-04T13:00:00+0200,100.0,EUR/MWh,PT,PT,day_ahead_price,value,2026-09-07T07:43:22Z
2026-09-07T07:40:17Z,2026-09-07T09:40:17+0200,7285bef3-a604-45d5-af29-a8fe1b71188a,2026-09-04T11:15:00Z,2026-09-04T13:15:00+0200,100.0,EUR/MWh,PT,PT,day_ahead_price,value,2026-09-07T07:43:22Z
2026-09-07T07:40:17Z,2026-09-07T09:40:17+0200,7285bef3-a604-45d5-af29-a8fe1b71188a,2026-09-04T11:30:00Z,2026-09-04T13:30:00+0200,90.0,EUR/MWh,PT,PT,day_ahead_price,value,2026-09-07T07:43:22Z
2026-09-07T07:40:17Z,2026-09-07T09:40:17+0200,7285bef3-a604-45d5-af29-a8fe1b71188a,2026-09-04T11:45:00Z,2026-09-04T13:45:00+0200,90.0,EUR/MWh,PT,PT,day_ahead_price,value,2026-09-07T07:43:22Z
2026-09-07T07:40:17Z,2026-09-07T09:40:17+0200,7285bef3-a604-45d5-af29-a8fe1b71188a,2026-09-04T12:00:00Z,2026-09-04T14:00:00+0200,88.74,EUR/MWh,PT,PT,day_ahead_price,value,2026-09-07T07:43:22Z
2026-09-07T07:40:17Z,2026-09-07T09:40:17+0200,7285bef3-a604-45d5-af29-a8fe1b71188a,2026-09-04T12:15:00Z,2026-09-04T14:15:00+0200,89.49,EUR/MWh,PT,PT,day_ahead_price,value,2026-09-07T07:43:22Z
2026-09-07T07:40:17Z,2026-09-07T09:40:17+0200,7285bef3-a604-45d5-af29-a8fe1b71188a,2026-09-04T12:30:00Z,2026-09-04T14:30:00+0200,88.99,EUR/MWh,PT,PT,day_ahead_price,value,2026-09-07T07:43:22Z
2026-09-07T07:40:17Z,2026-09-07T09:40:17+0200,7285bef3-a604-45d5-af29-a8fe1b71188a,2026-09-04T12:45:00Z,2026-09-04T14:45:00+0200,88.74,EUR/MWh,PT,PT,day_ahead_price,value,2026-09-07T07:43:22Z
2026-09-07T07:40:17Z,2026-09-07T09:40:17+0200,7285bef3-a604-45d5-af29-a8fe1b71188a,2026-09-04T13:00:00Z,2026-09-04T15:00:00+0200,87.99,EUR/MWh,PT,PT,day_ahead_price,value,2026-09-07T07:43:22Z
2026-09-07T07:40:17Z,2026-09-07T09:40:17+0200,7285bef3-a604-45d5-af29-a8fe1b71188a,2026-09-04T13:15:00Z,2026-09-04T15:15:00+0200,89.49,EUR/MWh,PT,PT,day_ahead_price,value,2026-09-07T07:43:22Z
2026-09-07T07:40:17Z,2026-09-07T09:40:17+0200,7285bef3-a604-45d5-af29-a8fe1b71188a,2026-09-04T13:30:00Z,2026-09-04T15:30:00+0200,90.49,EUR/MWh,PT,PT,day_ahead_price,value,2026-09-07T07:43:22Z
2026-09-07T07:40:17Z,2026-09-07T09:40:17+0200,7285bef3-a604-45d5-af29-a8fe1b71188a,2026-09-04T13:45:00Z,2026-09-04T15:45:00+0200,92.06,EUR/MWh,PT,PT,day_ahead_price,value,2026-09-07T07:43:22Z
2026-09-07T07:40:17Z,2026-09-07T09:40:17+0200,7285bef3-a604-45d5-af29-a8fe1b71188a,2026-09-04T14:00:00Z,2026-09-04T16:00:00+0200,93.34,EUR/MWh,PT,PT,day_ahead_price,value,2026-09-07T07:43:22Z
2026-09-07T07:40:17Z,2026-09-07T09:40:17+0200,7285bef3-a604-45d5-af29-a8fe1b71188a,2026-09-04T14:15:00Z,2026-09-04T16:15:00+0200,95.24,EUR/MWh,PT,PT,day_ahead_price,value,2026-09-07T07:43:22Z
2026-09-07T07:40:17Z,2026-09-07T09:40:17+0200,7285bef3-a604-45d5-af29-a8fe1b71188a,2026-09-04T14:30:00Z,2026-09-04T16:30:00+0200,105.0,EUR/MWh,PT,PT,day_ahead_price,value,2026-09-07T07:43:22Z
2026-09-07T07:40:17Z,2026-09-07T09:40:17+0200,7285bef3-a604-45d5-af29-a8fe1b71188a,2026-09-04T14:45:00Z,2026-09-04T16:45:00+0200,114.27,EUR/MWh,PT,PT,day_ahead_price,value,2026-09-07T07:43:22Z
2026-09-07T07:40:17Z,2026-09-07T09:40:17+0200,7285bef3-a604-45d5-af29-a8fe1b71188a,2026-09-04T15:00:00Z,2026-09-04T17:00:00+0200,124.93,EUR/MWh,PT,PT,day_ahead_price,value,2026-09-07T07:43:22Z
2026-09-07T07:40:17Z,2026-09-07T09:40:17+0200,7285bef3-a604-45d5-af29-a8fe1b71188a,2026-09-04T15:15:00Z,2026-09-04T17:15:00+0200,130.0,EUR/MWh,PT,PT,day_ahead_price,value,2026-09-07T07:43:22Z
2026-09-07T07:40:17Z,2026-09-07T09:40:17+0200,7285bef3-a604-45d5-af29-a8fe1b71188a,2026-09-04T15:30:00Z,2026-09-04T17:30:00+0200,144.85,EUR/MWh,PT,PT,day_ahead_price,value,2026-09-07T07:43:22Z
2026-09-07T07:40:17Z,2026-09-07T09:40:17+0200,7285bef3-a604-45d5-af29-a8fe1b71188a,2026-09-04T15:45:00Z,2026-09-04T17:45:00+0200,175.89,EUR/MWh,PT,PT,day_ahead_price,value,2026-09-07T07:43:22Z
2026-09-07T07:40:17Z,2026-09-07T09:40:17+0200,7285bef3-a604-45d5-af29-a8fe1b71188a,2026-09-04T16:00:00Z,2026-09-04T18:00:00+0200,171.5,EUR/MWh,PT,PT,day_ahead_price,value,2026-09-07T07:43:22Z
2026-09-07T07:40:17Z,2026-09-07T09:40:17+0200,7285bef3-a604-45d5-af29-a8fe1b71188a,2026-09-04T16:15:00Z,2026-09-04T18:15:00+0200,189.88,EUR/MWh,PT,PT,day_ahead_price,value,2026-09-07T07:43:22Z
2026-09-07T07:40:17Z,2026-09-07T09:40:17+0200,7285bef3-a604-45d5-af29-a8fe1b71188a,2026-09-04T16:30:00Z,2026-09-04T18:30:00+0200,195.08,EUR/MWh,PT,PT,day_ahead_price,value,2026-09-07T07:43:22Z
2026-09-07T07:40:17Z,2026-09-07T09:40:17+0200,7285bef3-a604-45d5-af29-a8fe1b71188a,2026-09-04T16:45:00Z,2026-09-04T18:45:00+0200,195.95,EUR/MWh,PT,PT,day_ahead_price,value,2026-09-07T07:43:22Z
2026-09-07T07:40:17Z,2026-09-07T09:40:17+0200,7285bef3-a604-45d5-af29-a8fe1b71188a,2026-09-04T17:00:00Z,2026-09-04T19:00:00+0200,193.04,EUR/MWh,PT,PT,day_ahead_price,value,2026-09-07T07:43:22Z
2026-09-07T07:40:17Z,2026-09-07T09:40:17+0200,7285bef3-a604-45d5-af29-a8fe1b71188a,2026-09-04T17:15:00Z,2026-09-04T19:15:00+0200,201.65,EUR/MWh,PT,PT,day_ahead_price,value,2026-09-07T07:43:22Z
2026-09-07T07:40:17Z,2026-09-07T09:40:17+0200,7285bef3-a604-45d5-af29-a8fe1b71188a,2026-09-04T17:30:00Z,2026-09-04T19:30:00+0200,216.0,EUR/MWh,PT,PT,day_ahead_price,value,2026-09-07T07:43:22Z
2026-09-07T07:40:17Z,2026-09-07T09:40:17+0200,7285bef3-a604-45d5-af29-a8fe1b71188a,2026-09-04T17:45:00Z,2026-09-04T19:45:00+0200,218.89,EUR/MWh,PT,PT,day_ahead_price,value,2026-09-07T07:43:22Z
2026-09-07T07:40:17Z,2026-09-07T09:40:17+0200,7285bef3-a604-45d5-af29-a8fe1b71188a,2026-09-04T18:00:00Z,2026-09-04T20:00:00+0200,230.45,EUR/MWh,PT,PT,day_ahead_price,value,2026-09-07T07:43:22Z
2026-09-07T07:40:17Z,2026-09-07T09:40:17+0200,7285bef3-a604-45d5-af29-a8fe1b71188a,2026-09-04T18:15:00Z,2026-09-04T20:15:00+0200,232.19,EUR/MWh,PT,PT,day_ahead_price,value,2026-09-07T07:43:22Z
2026-09-07T07:40:17Z,2026-09-07T09:40:17+0200,7285bef3-a604-45d5-af29-a8fe1b71188a,2026-09-04T18:30:00Z,2026-09-04T20:30:00+0200,247.0,EUR/MWh,PT,PT,day_ahead_price,value,2026-09-07T07:43:22Z
2026-09-07T07:40:17Z,2026-09-07T09:40:17+0200,7285bef3-a604-45d5-af29-a8fe1b71188a,2026-09-04T18:45:00Z,2026-09-04T20:45:00+0200,253.65,EUR/MWh,PT,PT,day_ahead_price,value,2026-09-07T07:43:22Z
2026-09-07T07:40:17Z,2026-09-07T09:40:17+0200,7285bef3-a604-45d5-af29-a8fe1b71188a,2026-09-04T19:00:00Z,2026-09-04T21:00:00+0200,259.12,EUR/MWh,PT,PT,day_ahead_price,value,2026-09-07T07:43:22Z
2026-09-07T07:40:17Z,2026-09-07T09:40:17+0200,7285bef3-a604-45d5-af29-a8fe1b71188a,2026-09-04T19:15:00Z,2026-09-04T21:15:00+0200,260.27,EUR/MWh,PT,PT,day_ahead_price,value,2026-09-07T07:43:22Z
2026-09-07T07:40:17Z,2026-09-07T09:40:17+0200,7285bef3-a604-45d5-af29-a8fe1b71188a,2026-09-04T19:30:00Z,2026-09-04T21:30:00+0200,250.84,EUR/MWh,PT,PT,day_ahead_price,value,2026-09-07T07:43:22Z
2026-09-07T07:40:17Z,2026-09-07T09:40:17+0200,7285bef3-a604-45d5-af29-a8fe1b71188a,2026-09-04T19:45:00Z,2026-09-04T21:45:00+0200,238.99,EUR/MWh,PT,PT,day_ahead_price,value,2026-09-07T07:43:22Z
2026-09-07T07:40:17Z,2026-09-07T09:40:17+0200,7285bef3-a604-45d5-af29-a8fe1b71188a,2026-09-04T20:00:00Z,2026-09-04T22:00:00+0200,225.35,EUR/MWh,PT,PT,day_ahead_price,value,2026-09-07T07:43:22Z
2026-09-07T07:40:17Z,2026-09-07T09:40:17+0200,7285bef3-a604-45d5-af29-a8fe1b71188a,2026-09-04T20:15:00Z,2026-09-04T22:15:00+0200,224.15,EUR/MWh,PT,PT,day_ahead_price,value,2026-09-07T07:43:22Z
2026-09-07T07:40:17Z,2026-09-07T09:40:17+0200,7285bef3-a604-45d5-af29-a8fe1b71188a,2026-09-04T20:30:00Z,2026-09-04T22:30:00+0200,218.89,EUR/MWh,PT,PT,day_ahead_price,value,2026-09-07T07:43:22Z
2026-09-07T07:40:17Z,2026-09-07T09:40:17+0200,7285bef3-a604-45d5-af29-a8fe1b71188a,2026-09-04T20:45:00Z,2026-09-04T22:45:00+0200,217.45,EUR/MWh,PT,PT,day_ahead_price,value,2026-09-07T07:43:22Z
2026-09-07T07:40:17Z,2026-09-07T09:40:17+0200,7285bef3-a604-45d5-af29-a8fe1b71188a,2026-09-04T21:00:00Z,2026-09-04T23:00:00+0200,217.5,EUR/MWh,PT,PT,day_ahead_price,value,2026-09-07T07:43:22Z
2026-09-07T07:40:17Z,2026-09-07T09:40:17+0200,7285bef3-a604-45d5-af29-a8fe1b71188a,2026-09-04T21:15:00Z,2026-09-04T23:15:00+0200,217.0,EUR/MWh,PT,PT,day_ahead_price,value,2026-09-07T07:43:22Z
2026-09-07T07:40:17Z,2026-09-07T09:40:17+0200,7285bef3-a604-45d5-af29-a8fe1b71188a,2026-09-04T21:30:00Z,2026-09-04T23:30:00+0200,215.0,EUR/MWh,PT,PT,day_ahead_price,value,2026-09-07T07:43:22Z
2026-09-07T07:40:17Z,2026-09-07T09:40:17+0200,7285bef3-a604-45d5-af29-a8fe1b71188a,2026-09-04T21:45:00Z,2026-09-04T23:45:00+0200,214.0,EUR/MWh,PT,PT,day_ahead_price,value,2026-09-07T07:43:22Z
2026-09-07T07:40:17Z,2026-09-07T09:40:17+0200,7285bef3-a604-45d5-af29-a8fe1b71188a,2026-09-04T22:00:00Z,2026-09-05T00:00:00+0200,214.0,EUR/MWh,PT,PT,day_ahead_price,value,2026-09-07T07:43:22Z
2026-09-07T07:40:17Z,2026-09-07T09:40:17+0200,7285bef3-a604-45d5-af29-a8fe1b71188a,2026-09-04T22:15:00Z,2026-09-05T00:15:00+0200,209.78,EUR/MWh,PT,PT,day_ahead_price,value,2026-09-07T07:43:22Z
2026-09-07T07:40:17Z,2026-09-07T09:40:17+0200,7285bef3-a604-45d5-af29-a8fe1b71188a,2026-09-04T22:30:00Z,2026-09-05T00:30:00+0200,204.12,EUR/MWh,PT,PT,day_ahead_price,value,2026-09-07T07:43:22Z
2026-09-07T07:40:17Z,2026-09-07T09:40:17+0200,7285bef3-a604-45d5-af29-a8fe1b71188a,2026-09-04T22:45:00Z,2026-09-05T00:45:00+0200,193.24,EUR/MWh,PT,PT,day_ahead_price,value,2026-09-07T07:43:22Z
2026-09-07T07:40:17Z,2026-09-07T09:40:17+0200,7285bef3-a604-45d5-af29-a8fe1b71188a,2026-09-04T23:00:00Z,2026-09-05T01:00:00+0200,209.95,EUR/MWh,PT,PT,day_ahead_price,value,2026-09-07T07:43:22Z
2026-09-07T07:40:17Z,2026-09-07T09:40:17+0200,7285bef3-a604-45d5-af29-a8fe1b71188a,2026-09-04T23:15:00Z,2026-09-05T01:15:00+0200,202.85,EUR/MWh,PT,PT,day_ahead_price,value,2026-09-07T07:43:22Z
2026-09-07T07:40:17Z,2026-09-07T09:40:17+0200,7285bef3-a604-45d5-af29-a8fe1b71188a,2026-09-04T23:30:00Z,2026-09-05T01:30:00+0200,200.0,EUR/MWh,PT,PT,day_ahead_price,value,2026-09-07T07:43:22Z
2026-09-07T07:40:17Z,2026-09-07T09:40:17+0200,7285bef3-a604-45d5-af29-a8fe1b71188a,2026-09-04T23:45:00Z,2026-09-05T01:45:00+0200,191.12,EUR/MWh,PT,PT,day_ahead_price,value,2026-09-07T07:43:22Z
2026-09-07T07:40:17Z,2026-09-07T09:40:17+0200,7285bef3-a604-45d5-af29-a8fe1b71188a,2026-09-05T00:00:00Z,2026-09-05T02:00:00+0200,204.25,EUR/MWh,PT,PT,day_ahead_price,value,2026-09-07T07:43:22Z
2026-09-07T07:40:17Z,2026-09-07T09:40:17+0200,7285bef3-a604-45d5-af29-a8fe1b71188a,2026-09-05T00:15:00Z,2026-09-05T02:15:00+0200,193.24,EUR/MWh,PT,PT,day_ahead_price,value,2026-09-07T07:43:22Z
2026-09-07T07:40:17Z,2026-09-07T09:40:17+0200,7285bef3-a604-45d5-af29-a8fe1b71188a,2026-09-05T00:30:00Z,2026-09-05T02:30:00+0200,188.62,EUR/MWh,PT,PT,day_ahead_price,value,2026-09-07T07:43:22Z
2026-09-07T07:40:17Z,2026-09-07T09:40:17+0200,7285bef3-a604-45d5-af29-a8fe1b71188a,2026-09-05T00:45:00Z,2026-09-05T02:45:00+0200,186.35,EUR/MWh,PT,PT,day_ahead_price,value,2026-09-07T07:43:22Z
2026-09-07T07:40:17Z,2026-09-07T09:40:17+0200,7285bef3-a604-45d5-af29-a8fe1b71188a,2026-09-05T01:00:00Z,2026-09-05T03:00:00+0200,188.51,EUR/MWh,PT,PT,day_ahead_price,value,2026-09-07T07:43:22Z
2026-09-07T07:40:17Z,2026-09-07T09:40:17+0200,7285bef3-a604-45d5-af29-a8fe1b71188a,2026-09-05T01:15:00Z,2026-09-05T03:15:00+0200,187.57,EUR/MWh,PT,PT,day_ahead_price,value,2026-09-07T07:43:22Z
2026-09-07T07:40:17Z,2026-09-07T09:40:17+0200,7285bef3-a604-45d5-af29-a8fe1b71188a,2026-09-05T01:30:00Z,2026-09-05T03:30:00+0200,186.77,EUR/MWh,PT,PT,day_ahead_price,value,2026-09-07T07:43:22Z
2026-09-07T07:40:17Z,2026-09-07T09:40:17+0200,7285bef3-a604-45d5-af29-a8fe1b71188a,2026-09-05T01:45:00Z,2026-09-05T03:45:00+0200,186.77,EUR/MWh,PT,PT,day_ahead_price,value,2026-09-07T07:43:22Z
2026-09-07T07:40:17Z,2026-09-07T09:40:17+0200,7285bef3-a604-45d5-af29-a8fe1b71188a,2026-09-05T02:00:00Z,2026-09-05T04:00:00+0200,186.77,EUR/MWh,PT,PT,day_ahead_price,value,2026-09-07T07:43:22Z
2026-09-07T07:40:17Z,2026-09-07T09:40:17+0200,7285bef3-a604-45d5-af29-a8fe1b71188a,2026-09-05T02:15:00Z,2026-09-05T04:15:00+0200,187.57,EUR/MWh,PT,PT,day_ahead_price,value,2026-09-07T07:43:22Z
2026-09-07T07:40:17Z,2026-09-07T09:40:17+0200,7285bef3-a604-45d5-af29-a8fe1b71188a,2026-09-05T02:30:00Z,2026-09-05T04:30:00+0200,187.57,EUR/MWh,PT,PT,day_ahead_price,value,2026-09-07T07:43:22Z
2026-09-07T07:40:17Z,2026-09-07T09:40:17+0200,7285bef3-a604-45d5-af29-a8fe1b71188a,2026-09-05T02:45:00Z,2026-09-05T04:45:00+0200,187.57,EUR/MWh,PT,PT,day_ahead_price,value,2026-09-07T07:43:22Z
2026-09-07T07:40:17Z,2026-09-07T09:40:17+0200,7285bef3-a604-45d5-af29-a8fe1b71188a,2026-09-05T03:00:00Z,2026-09-05T05:00:00+0200,187.57,EUR/MWh,PT,PT,day_ahead_price,value,2026-09-07T07:43:22Z
2026-09-07T07:40:17Z,2026-09-07T09:40:17+0200,7285bef3-a604-45d5-af29-a8fe1b71188a,2026-09-05T03:15:00Z,2026-09-05T05:15:00+0200,186.77,EUR/MWh,PT,PT,day_ahead_price,value,2026-09-07T07:43:22Z
2026-09-07T07:40:17Z,2026-09-07T09:40:17+0200,7285bef3-a604-45d5-af29-a8fe1b71188a,2026-09-05T03:30:00Z,2026-09-05T05:30:00+0200,186.77,EUR/MWh,PT,PT,day_ahead_price,value,2026-09-07T07:43:22Z
2026-09-07T07:40:17Z,2026-09-07T09:40:17+0200,7285bef3-a604-45d5-af29-a8fe1b71188a,2026-09-05T03:45:00Z,2026-09-05T05:45:00+0200,186.35,EUR/MWh,PT,PT,day_ahead_price,value,2026-09-07T07:43:22Z
2026-09-07T07:40:17Z,2026-09-07T09:40:17+0200,7285bef3-a604-45d5-af29-a8fe1b71188a,2026-09-05T04:00:00Z,2026-09-05T06:00:00+0200,186.35,EUR/MWh,PT,PT,day_ahead_price,value,2026-09-07T07:43:22Z
2026-09-07T07:40:17Z,2026-09-07T09:40:17+0200,7285bef3-a604-45d5-af29-a8fe1b71188a,2026-09-05T04:15:00Z,2026-09-05T06:15:00+0200,186.35,EUR/MWh,PT,PT,day_ahead_price,value,2026-09-07T07:43:22Z
2026-09-07T07:40:17Z,2026-09-07T09:40:17+0200,7285bef3-a604-45d5-af29-a8fe1b71188a,2026-09-05T04:30:00Z,2026-09-05T06:30:00+0200,186.97,EUR/MWh,PT,PT,day_ahead_price,value,2026-09-07T07:43:22Z
2026-09-07T07:40:17Z,2026-09-07T09:40:17+0200,7285bef3-a604-45d5-af29-a8fe1b71188a,2026-09-05T04:45:00Z,2026-09-05T06:45:00+0200,187.93,EUR/MWh,PT,PT,day_ahead_price,value,2026-09-07T07:43:22Z
2026-09-07T07:40:17Z,2026-09-07T09:40:17+0200,7285bef3-a604-45d5-af29-a8fe1b71188a,2026-09-05T05:00:00Z,2026-09-05T07:00:00+0200,191.12,EUR/MWh,PT,PT,day_ahead_price,value,2026-09-07T07:43:22Z
2026-09-07T07:40:17Z,2026-09-07T09:40:17+0200,7285bef3-a604-45d5-af29-a8fe1b71188a,2026-09-05T05:15:00Z,2026-09-05T07:15:00+0200,195.08,EUR/MWh,PT,PT,day_ahead_price,value,2026-09-07T07:43:22Z
2026-09-07T07:40:17Z,2026-09-07T09:40:17+0200,7285bef3-a604-45d5-af29-a8fe1b71188a,2026-09-05T05:30:00Z,2026-09-05T07:30:00+0200,195.08,EUR/MWh,PT,PT,day_ahead_price,value,2026-09-07T07:43:22Z
2026-09-07T07:40:17Z,2026-09-07T09:40:17+0200,7285bef3-a604-45d5-af29-a8fe1b71188a,2026-09-05T05:45:00Z,2026-09-05T07:45:00+0200,195.0,EUR/MWh,PT,PT,day_ahead_price,value,2026-09-07T07:43:22Z
2026-09-07T07:40:17Z,2026-09-07T09:40:17+0200,7285bef3-a604-45d5-af29-a8fe1b71188a,2026-09-05T06:00:00Z,2026-09-05T08:00:00+0200,193.24,EUR/MWh,PT,PT,day_ahead_price,value,2026-09-07T07:43:22Z
2026-09-07T07:40:17Z,2026-09-07T09:40:17+0200,7285bef3-a604-45d5-af29-a8fe1b71188a,2026-09-05T06:15:00Z,2026-09-05T08:15:00+0200,188.51,EUR/MWh,PT,PT,day_ahead_price,value,2026-09-07T07:43:22Z
2026-09-07T07:40:17Z,2026-09-07T09:40:17+0200,7285bef3-a604-45d5-af29-a8fe1b71188a,2026-09-05T06:30:00Z,2026-09-05T08:30:00+0200,183.01,EUR/MWh,PT,PT,day_ahead_price,value,2026-09-07T07:43:22Z
2026-09-07T07:40:17Z,2026-09-07T09:40:17+0200,7285bef3-a604-45d5-af29-a8fe1b71188a,2026-09-05T06:45:00Z,2026-09-05T08:45:00+0200,177.47,EUR/MWh,PT,PT,day_ahead_price,value,2026-09-07T07:43:22Z
2026-09-07T07:40:17Z,2026-09-07T09:40:17+0200,7285bef3-a604-45d5-af29-a8fe1b71188a,2026-09-05T07:00:00Z,2026-09-05T09:00:00+0200,178.47,EUR/MWh,PT,PT,day_ahead_price,value,2026-09-07T07:43:22Z
2026-09-07T07:40:17Z,2026-09-07T09:40:17+0200,7285bef3-a604-45d5-af29-a8fe1b71188a,2026-09-05T07:15:00Z,2026-09-05T09:15:00+0200,147.3,EUR/MWh,PT,PT,day_ahead_price,value,2026-09-07T07:43:22Z
2026-09-07T07:40:17Z,2026-09-07T09:40:17+0200,7285bef3-a604-45d5-af29-a8fe1b71188a,2026-09-05T07:30:00Z,2026-09-05T09:30:00+0200,120.0,EUR/MWh,PT,PT,day_ahead_price,value,2026-09-07T07:43:22Z
2026-09-07T07:40:17Z,2026-09-07T09:40:17+0200,7285bef3-a604-45d5-af29-a8fe1b71188a,2026-09-05T07:45:00Z,2026-09-05T09:45:00+0200,100.01,EUR/MWh,PT,PT,day_ahead_price,value,2026-09-07T07:43:22Z
2026-09-07T07:40:17Z,2026-09-07T09:40:17+0200,7285bef3-a604-45d5-af29-a8fe1b71188a,2026-09-05T08:00:00Z,2026-09-05T10:00:00+0200,116.64,EUR/MWh,PT,PT,day_ahead_price,value,2026-09-07T07:43:22Z
2026-09-07T07:40:17Z,2026-09-07T09:40:17+0200,7285bef3-a604-45d5-af29-a8fe1b71188a,2026-09-05T08:15:00Z,2026-09-05T10:15:00+0200,100.0,EUR/MWh,PT,PT,day_ahead_price,value,2026-09-07T07:43:22Z
2026-09-07T07:40:17Z,2026-09-07T09:40:17+0200,7285bef3-a604-45d5-af29-a8fe1b71188a,2026-09-05T08:30:00Z,2026-09-05T10:30:00+0200,90.0,EUR/MWh,PT,PT,day_ahead_price,value,2026-09-07T07:43:22Z
2026-09-07T07:40:17Z,2026-09-07T09:40:17+0200,7285bef3-a604-45d5-af29-a8fe1b71188a,2026-09-05T08:45:00Z,2026-09-05T10:45:00+0200,80.0,EUR/MWh,PT,PT,day_ahead_price,value,2026-09-07T07:43:22Z
2026-09-07T07:40:17Z,2026-09-07T09:40:17+0200,7285bef3-a604-45d5-af29-a8fe1b71188a,2026-09-05T09:00:00Z,2026-09-05T11:00:00+0200,61.01,EUR/MWh,PT,PT,day_ahead_price,value,2026-09-07T07:43:22Z
2026-09-07T07:40:17Z,2026-09-07T09:40:17+0200,7285bef3-a604-45d5-af29-a8fe1b71188a,2026-09-05T09:15:00Z,2026-09-05T11:15:00+0200,39.06,EUR/MWh,PT,PT,day_ahead_price,value,2026-09-07T07:43:22Z
2026-09-07T07:40:17Z,2026-09-07T09:40:17+0200,7285bef3-a604-45d5-af29-a8fe1b71188a,2026-09-05T09:30:00Z,2026-09-05T11:30:00+0200,30.0,EUR/MWh,PT,PT,day_ahead_price,value,2026-09-07T07:43:22Z
2026-09-07T07:40:17Z,2026-09-07T09:40:17+0200,7285bef3-a604-45d5-af29-a8fe1b71188a,2026-09-05T09:45:00Z,2026-09-05T11:45:00+0200,16.99,EUR/MWh,PT,PT,day_ahead_price,value,2026-09-07T07:43:22Z
2026-09-07T07:40:17Z,2026-09-07T09:40:17+0200,7285bef3-a604-45d5-af29-a8fe1b71188a,2026-09-05T10:00:00Z,2026-09-05T12:00:00+0200,10.1,EUR/MWh,PT,PT,day_ahead_price,value,2026-09-07T07:43:22Z
2026-09-07T07:40:17Z,2026-09-07T09:40:17+0200,7285bef3-a604-45d5-af29-a8fe1b71188a,2026-09-05T10:15:00Z,2026-09-05T12:15:00+0200,11.11,EUR/MWh,PT,PT,day_ahead_price,value,2026-09-07T07:43:22Z
2026-09-07T07:40:17Z,2026-09-07T09:40:17+0200,7285bef3-a604-45d5-af29-a8fe1b71188a,2026-09-05T10:30:00Z,2026-09-05T12:30:00+0200,5.88,EUR/MWh,PT,PT,day_ahead_price,value,2026-09-07T07:43:22Z
2026-09-07T07:40:17Z,2026-09-07T09:40:17+0200,7285bef3-a604-45d5-af29-a8fe1b71188a,2026-09-05T10:45:00Z,2026-09-05T12:45:00+0200,4.0,EUR/MWh,PT,PT,day_ahead_price,value,2026-09-07T07:43:22Z
2026-09-07T07:40:17Z,2026-09-07T09:40:17+0200,7285bef3-a604-45d5-af29-a8fe1b71188a,2026-09-05T11:00:00Z,2026-09-05T13:00:00+0200,4.1,EUR/MWh,PT,PT,day_ahead_price,value,2026-09-07T07:43:22Z
2026-09-07T07:40:17Z,2026-09-07T09:40:17+0200,7285bef3-a604-45d5-af29-a8fe1b71188a,2026-09-05T11:15:00Z,2026-09-05T13:15:00+0200,4.0,EUR/MWh,PT,PT,day_ahead_price,value,2026-09-07T07:43:22Z
2026-09-07T07:40:17Z,2026-09-07T09:40:17+0200,7285bef3-a604-45d5-af29-a8fe1b71188a,2026-09-05T11:30:00Z,2026-09-05T13:30:00+0200,3.43,EUR/MWh,PT,PT,day_ahead_price,value,2026-09-07T07:43:22Z
2026-09-07T07:40:17Z,2026-09-07T09:40:17+0200,7285bef3-a604-45d5-af29-a8fe1b71188a,2026-09-05T11:45:00Z,2026-09-05T13:45:00+0200,3.04,EUR/MWh,PT,PT,day_ahead_price,value,2026-09-07T07:43:22Z
2026-09-07T07:40:17Z,2026-09-07T09:40:17+0200,7285bef3-a604-45d5-af29-a8fe1b71188a,2026-09-05T12:00:00Z,2026-09-05T14:00:00+0200,3.43,EUR/MWh,PT,PT,day_ahead_price,value,2026-09-07T07:43:22Z
2026-09-07T07:40:17Z,2026-09-07T09:40:17+0200,7285bef3-a604-45d5-af29-a8fe1b71188a,2026-09-05T12:15:00Z,2026-09-05T14:15:00+0200,3.43,EUR/MWh,PT,PT,day_ahead_price,value,2026-09-07T07:43:22Z
2026-09-07T07:40:17Z,2026-09-07T09:40:17+0200,7285bef3-a604-45d5-af29-a8fe1b71188a,2026-09-05T12:30:00Z,2026-09-05T14:30:00+0200,3.43,EUR/MWh,PT,PT,day_ahead_price,value,2026-09-07T07:43:22Z
2026-09-07T07:40:17Z,2026-09-07T09:40:17+0200,7285bef3-a604-45d5-af29-a8fe1b71188a,2026-09-05T12:45:00Z,2026-09-05T14:45:00+0200,3.04,EUR/MWh,PT,PT,day_ahead_price,value,2026-09-07T07:43:22Z
2026-09-07T07:40:17Z,2026-09-07T09:40:17+0200,7285bef3-a604-45d5-af29-a8fe1b71188a,2026-09-05T13:00:00Z,2026-09-05T15:00:00+0200,2.81,EUR/MWh,PT,PT,day_ahead_price,value,2026-09-07T07:43:22Z
2026-09-07T07:40:17Z,2026-09-07T09:40:17+0200,7285bef3-a604-45d5-af29-a8fe1b71188a,2026-09-05T13:15:00Z,2026-09-05T15:15:00+0200,2.99,EUR/MWh,PT,PT,day_ahead_price,value,2026-09-07T07:43:22Z
2026-09-07T07:40:17Z,2026-09-07T09:40:17+0200,7285bef3-a604-45d5-af29-a8fe1b71188a,2026-09-05T13:30:00Z,2026-09-05T15:30:00+0200,3.0,EUR/MWh,PT,PT,day_ahead_price,value,2026-09-07T07:43:22Z
2026-09-07T07:40:17Z,2026-09-07T09:40:17+0200,7285bef3-a604-45d5-af29-a8fe1b71188a,2026-09-05T13:45:00Z,2026-09-05T15:45:00+0200,4.02,EUR/MWh,PT,PT,day_ahead_price,value,2026-09-07T07:43:22Z
2026-09-07T07:40:17Z,2026-09-07T09:40:17+0200,7285bef3-a604-45d5-af29-a8fe1b71188a,2026-09-05T14:00:00Z,2026-09-05T16:00:00+0200,3.43,EUR/MWh,PT,PT,day_ahead_price,value,2026-09-07T07:43:22Z
2026-09-07T07:40:17Z,2026-09-07T09:40:17+0200,7285bef3-a604-45d5-af29-a8fe1b71188a,2026-09-05T14:15:00Z,2026-09-05T16:15:00+0200,7.78,EUR/MWh,PT,PT,day_ahead_price,value,2026-09-07T07:43:22Z
2026-09-07T07:40:17Z,2026-09-07T09:40:17+0200,7285bef3-a604-45d5-af29-a8fe1b71188a,2026-09-05T14:30:00Z,2026-09-05T16:30:00+0200,21.4,EUR/MWh,PT,PT,day_ahead_price,value,2026-09-07T07:43:22Z
2026-09-07T07:40:17Z,2026-09-07T09:40:17+0200,7285bef3-a604-45d5-af29-a8fe1b71188a,2026-09-05T14:45:00Z,2026-09-05T16:45:00+0200,38.27,EUR/MWh,PT,PT,day_ahead_price,value,2026-09-07T07:43:22Z
2026-09-07T07:40:17Z,2026-09-07T09:40:17+0200,7285bef3-a604-45d5-af29-a8fe1b71188a,2026-09-05T15:00:00Z,2026-09-05T17:00:00+0200,38.62,EUR/MWh,PT,PT,day_ahead_price,value,2026-09-07T07:43:22Z
2026-09-07T07:40:17Z,2026-09-07T09:40:17+0200,7285bef3-a604-45d5-af29-a8fe1b71188a,2026-09-05T15:15:00Z,2026-09-05T17:15:00+0200,61.01,EUR/MWh,PT,PT,day_ahead_price,value,2026-09-07T07:43:22Z
2026-09-07T07:40:17Z,2026-09-07T09:40:17+0200,7285bef3-a604-45d5-af29-a8fe1b71188a,2026-09-05T15:30:00Z,2026-09-05T17:30:00+0200,90.47,EUR/MWh,PT,PT,day_ahead_price,value,2026-09-07T07:43:22Z
2026-09-07T07:40:17Z,2026-09-07T09:40:17+0200,7285bef3-a604-45d5-af29-a8fe1b71188a,2026-09-05T15:45:00Z,2026-09-05T17:45:00+0200,120.6,EUR/MWh,PT,PT,day_ahead_price,value,2026-09-07T07:43:22Z
2026-09-07T07:40:17Z,2026-09-07T09:40:17+0200,7285bef3-a604-45d5-af29-a8fe1b71188a,2026-09-05T16:00:00Z,2026-09-05T18:00:00+0200,108.59,EUR/MWh,PT,PT,day_ahead_price,value,2026-09-07T07:43:22Z
2026-09-07T07:40:17Z,2026-09-07T09:40:17+0200,7285bef3-a604-45d5-af29-a8fe1b71188a,2026-09-05T16:15:00Z,2026-09-05T18:15:00+0200,140.0,EUR/MWh,PT,PT,day_ahead_price,value,2026-09-07T07:43:22Z
2026-09-07T07:40:17Z,2026-09-07T09:40:17+0200,7285bef3-a604-45d5-af29-a8fe1b71188a,2026-09-05T16:30:00Z,2026-09-05T18:30:00+0200,173.43,EUR/MWh,PT,PT,day_ahead_price,value,2026-09-07T07:43:22Z
2026-09-07T07:40:17Z,2026-09-07T09:40:17+0200,7285bef3-a604-45d5-af29-a8fe1b71188a,2026-09-05T16:45:00Z,2026-09-05T18:45:00+0200,183.96,EUR/MWh,PT,PT,day_ahead_price,value,2026-09-07T07:43:22Z
2026-09-07T07:40:17Z,2026-09-07T09:40:17+0200,7285bef3-a604-45d5-af29-a8fe1b71188a,2026-09-05T17:00:00Z,2026-09-05T19:00:00+0200,163.69,EUR/MWh,PT,PT,day_ahead_price,value,2026-09-07T07:43:22Z
2026-09-07T07:40:17Z,2026-09-07T09:40:17+0200,7285bef3-a604-45d5-af29-a8fe1b71188a,2026-09-05T17:15:00Z,2026-09-05T19:15:00+0200,177.87,EUR/MWh,PT,PT,day_ahead_price,value,2026-09-07T07:43:22Z
2026-09-07T07:40:17Z,2026-09-07T09:40:17+0200,7285bef3-a604-45d5-af29-a8fe1b71188a,2026-09-05T17:30:00Z,2026-09-05T19:30:00+0200,190.0,EUR/MWh,PT,PT,day_ahead_price,value,2026-09-07T07:43:22Z
2026-09-07T07:40:17Z,2026-09-07T09:40:17+0200,7285bef3-a604-45d5-af29-a8fe1b71188a,2026-09-05T17:45:00Z,2026-09-05T19:45:00+0200,209.99,EUR/MWh,PT,PT,day_ahead_price,value,2026-09-07T07:43:22Z
2026-09-07T07:40:17Z,2026-09-07T09:40:17+0200,7285bef3-a604-45d5-af29-a8fe1b71188a,2026-09-05T18:00:00Z,2026-09-05T20:00:00+0200,205.3,EUR/MWh,PT,PT,day_ahead_price,value,2026-09-07T07:43:22Z
2026-09-07T07:40:17Z,2026-09-07T09:40:17+0200,7285bef3-a604-45d5-af29-a8fe1b71188a,2026-09-05T18:15:00Z,2026-09-05T20:15:00+0200,209.99,EUR/MWh,PT,PT,day_ahead_price,value,2026-09-07T07:43:22Z
2026-09-07T07:40:17Z,2026-09-07T09:40:17+0200,7285bef3-a604-45d5-af29-a8fe1b71188a,2026-09-05T18:30:00Z,2026-09-05T20:30:00+0200,217.5,EUR/MWh,PT,PT,day_ahead_price,value,2026-09-07T07:43:22Z
2026-09-07T07:40:17Z,2026-09-07T09:40:17+0200,7285bef3-a604-45d5-af29-a8fe1b71188a,2026-09-05T18:45:00Z,2026-09-05T20:45:00+0200,220.0,EUR/MWh,PT,PT,day_ahead_price,value,2026-09-07T07:43:22Z
2026-09-07T07:40:17Z,2026-09-07T09:40:17+0200,7285bef3-a604-45d5-af29-a8fe1b71188a,2026-09-05T19:00:00Z,2026-09-05T21:00:00+0200,223.37,EUR/MWh,PT,PT,day_ahead_price,value,2026-09-07T07:43:22Z
2026-09-07T07:40:17Z,2026-09-07T09:40:17+0200,7285bef3-a604-45d5-af29-a8fe1b71188a,2026-09-05T19:15:00Z,2026-09-05T21:15:00+0200,225.01,EUR/MWh,PT,PT,day_ahead_price,value,2026-09-07T07:43:22Z
2026-09-07T07:40:17Z,2026-09-07T09:40:17+0200,7285bef3-a604-45d5-af29-a8fe1b71188a,2026-09-05T19:30:00Z,2026-09-05T21:30:00+0200,223.32,EUR/MWh,PT,PT,day_ahead_price,value,2026-09-07T07:43:22Z
2026-09-07T07:40:17Z,2026-09-07T09:40:17+0200,7285bef3-a604-45d5-af29-a8fe1b71188a,2026-09-05T19:45:00Z,2026-09-05T21:45:00+0200,220.0,EUR/MWh,PT,PT,day_ahead_price,value,2026-09-07T07:43:22Z
2026-09-07T07:40:17Z,2026-09-07T09:40:17+0200,7285bef3-a604-45d5-af29-a8fe1b71188a,2026-09-05T20:00:00Z,2026-09-05T22:00:00+0200,217.5,EUR/MWh,PT,PT,day_ahead_price,value,2026-09-07T07:43:22Z
2026-09-07T07:40:17Z,2026-09-07T09:40:17+0200,7285bef3-a604-45d5-af29-a8fe1b71188a,2026-09-05T20:15:00Z,2026-09-05T22:15:00+0200,217.5,EUR/MWh,PT,PT,day_ahead_price,value,2026-09-07T07:43:22Z
2026-09-07T07:40:17Z,2026-09-07T09:40:17+0200,7285bef3-a604-45d5-af29-a8fe1b71188a,2026-09-05T20:30:00Z,2026-09-05T22:30:00+0200,217.5,EUR/MWh,PT,PT,day_ahead_price,value,2026-09-07T07:43:22Z
2026-09-07T07:40:17Z,2026-09-07T09:40:17+0200,7285bef3-a604-45d5-af29-a8fe1b71188a,2026-09-05T20:45:00Z,2026-09-05T22:45:00+0200,217.5,EUR/MWh,PT,PT,day_ahead_price,value,2026-09-07T07:43:22Z
2026-09-07T07:40:17Z,2026-09-07T09:40:17+0200,7285bef3-a604-45d5-af29-a8fe1b71188a,2026-09-05T21:00:00Z,2026-09-05T23:00:00+0200,217.0,EUR/MWh,PT,PT,day_ahead_price,value,2026-09-07T07:43:22Z
2026-09-07T07:40:17Z,2026-09-07T09:40:17+0200,7285bef3-a604-45d5-af29-a8fe1b71188a,2026-09-05T21:15:00Z,2026-09-05T23:15:00+0200,215.0,EUR/MWh,PT,PT,day_ahead_price,value,2026-09-07T07:43:22Z
2026-09-07T07:40:17Z,2026-09-07T09:40:17+0200,7285bef3-a604-45d5-af29-a8fe1b71188a,2026-09-05T21:30:00Z,2026-09-05T23:30:00+0200,214.0,EUR/MWh,PT,PT,day_ahead_price,value,2026-09-07T07:43:22Z
2026-09-07T07:40:17Z,2026-09-07T09:40:17+0200,7285bef3-a604-45d5-af29-a8fe1b71188a,2026-09-05T21:45:00Z,2026-09-05T23:45:00+0200,207.06,EUR/MWh,PT,PT,day_ahead_price,value,2026-09-07T07:43:22Z
2026-09-07T07:40:17Z,2026-09-07T09:40:17+0200,7285bef3-a604-45d5-af29-a8fe1b71188a,2026-09-05T22:00:00Z,2026-09-06T00:00:00+0200,214.0,EUR/MWh,PT,PT,day_ahead_price,value,2026-09-07T07:43:22Z
2026-09-07T07:40:17Z,2026-09-07T09:40:17+0200,7285bef3-a604-45d5-af29-a8fe1b71188a,2026-09-05T22:15:00Z,2026-09-06T00:15:00+0200,209.82,EUR/MWh,PT,PT,day_ahead_price,value,2026-09-07T07:43:22Z
2026-09-07T07:40:17Z,2026-09-07T09:40:17+0200,7285bef3-a604-45d5-af29-a8fe1b71188a,2026-09-05T22:30:00Z,2026-09-06T00:30:00+0200,204.24,EUR/MWh,PT,PT,day_ahead_price,value,2026-09-07T07:43:22Z
2026-09-07T07:40:17Z,2026-09-07T09:40:17+0200,7285bef3-a604-45d5-af29-a8fe1b71188a,2026-09-05T22:45:00Z,2026-09-06T00:45:00+0200,201.48,EUR/MWh,PT,PT,day_ahead_price,value,2026-09-07T07:43:22Z
2026-09-07T07:40:17Z,2026-09-07T09:40:17+0200,7285bef3-a604-45d5-af29-a8fe1b71188a,2026-09-05T23:00:00Z,2026-09-06T01:00:00+0200,210.0,EUR/MWh,PT,PT,day_ahead_price,value,2026-09-07T07:43:22Z
2026-09-07T07:40:17Z,2026-09-07T09:40:17+0200,7285bef3-a604-45d5-af29-a8fe1b71188a,2026-09-05T23:15:00Z,2026-09-06T01:15:00+0200,207.86,EUR/MWh,PT,PT,day_ahead_price,value,2026-09-07T07:43:22Z
2026-09-07T07:40:17Z,2026-09-07T09:40:17+0200,7285bef3-a604-45d5-af29-a8fe1b71188a,2026-09-05T23:30:00Z,2026-09-06T01:30:00+0200,204.24,EUR/MWh,PT,PT,day_ahead_price,value,2026-09-07T07:43:22Z
2026-09-07T07:40:17Z,2026-09-07T09:40:17+0200,7285bef3-a604-45d5-af29-a8fe1b71188a,2026-09-05T23:45:00Z,2026-09-06T01:45:00+0200,201.65,EUR/MWh,PT,PT,day_ahead_price,value,2026-09-07T07:43:22Z
2026-09-07T07:40:17Z,2026-09-07T09:40:17+0200,7285bef3-a604-45d5-af29-a8fe1b71188a,2026-09-06T00:00:00Z,2026-09-06T02:00:00+0200,205.0,EUR/MWh,PT,PT,day_ahead_price,value,2026-09-07T07:43:22Z
2026-09-07T07:40:17Z,2026-09-07T09:40:17+0200,7285bef3-a604-45d5-af29-a8fe1b71188a,2026-09-06T00:15:00Z,2026-09-06T02:15:00+0200,204.24,EUR/MWh,PT,PT,day_ahead_price,value,2026-09-07T07:43:22Z
2026-09-07T07:40:17Z,2026-09-07T09:40:17+0200,7285bef3-a604-45d5-af29-a8fe1b71188a,2026-09-06T00:30:00Z,2026-09-06T02:30:00+0200,202.12,EUR/MWh,PT,PT,day_ahead_price,value,2026-09-07T07:43:22Z
2026-09-07T07:40:17Z,2026-09-07T09:40:17+0200,7285bef3-a604-45d5-af29-a8fe1b71188a,2026-09-06T00:45:00Z,2026-09-06T02:45:00+0200,200.48,EUR/MWh,PT,PT,day_ahead_price,value,2026-09-07T07:43:22Z
2026-09-07T07:40:17Z,2026-09-07T09:40:17+0200,7285bef3-a604-45d5-af29-a8fe1b71188a,2026-09-06T01:00:00Z,2026-09-06T03:00:00+0200,199.5,EUR/MWh,PT,PT,day_ahead_price,value,2026-09-07T07:43:22Z
2026-09-07T07:40:17Z,2026-09-07T09:40:17+0200,7285bef3-a604-45d5-af29-a8fe1b71188a,2026-09-06T01:15:00Z,2026-09-06T03:15:00+0200,200.41,EUR/MWh,PT,PT,day_ahead_price,value,2026-09-07T07:43:22Z
2026-09-07T07:40:17Z,2026-09-07T09:40:17+0200,7285bef3-a604-45d5-af29-a8fe1b71188a,2026-09-06T01:30:00Z,2026-09-06T03:30:00+0200,202.12,EUR/MWh,PT,PT,day_ahead_price,value,2026-09-07T07:43:22Z
2026-09-07T07:40:17Z,2026-09-07T09:40:17+0200,7285bef3-a604-45d5-af29-a8fe1b71188a,2026-09-06T01:45:00Z,2026-09-06T03:45:00+0200,201.44,EUR/MWh,PT,PT,day_ahead_price,value,2026-09-07T07:43:22Z
2026-09-07T07:40:17Z,2026-09-07T09:40:17+0200,7285bef3-a604-45d5-af29-a8fe1b71188a,2026-09-06T02:00:00Z,2026-09-06T04:00:00+0200,197.78,EUR/MWh,PT,PT,day_ahead_price,value,2026-09-07T07:43:22Z
2026-09-07T07:40:17Z,2026-09-07T09:40:17+0200,7285bef3-a604-45d5-af29-a8fe1b71188a,2026-09-06T02:15:00Z,2026-09-06T04:15:00+0200,197.45,EUR/MWh,PT,PT,day_ahead_price,value,2026-09-07T07:43:22Z
2026-09-07T07:40:17Z,2026-09-07T09:40:17+0200,7285bef3-a604-45d5-af29-a8fe1b71188a,2026-09-06T02:30:00Z,2026-09-06T04:30:00+0200,196.7,EUR/MWh,PT,PT,day_ahead_price,value,2026-09-07T07:43:22Z
2026-09-07T07:40:17Z,2026-09-07T09:40:17+0200,7285bef3-a604-45d5-af29-a8fe1b71188a,2026-09-06T02:45:00Z,2026-09-06T04:45:00+0200,197.47,EUR/MWh,PT,PT,day_ahead_price,value,2026-09-07T07:43:22Z
2026-09-07T07:40:17Z,2026-09-07T09:40:17+0200,7285bef3-a604-45d5-af29-a8fe1b71188a,2026-09-06T03:00:00Z,2026-09-06T05:00:00+0200,195.95,EUR/MWh,PT,PT,day_ahead_price,value,2026-09-07T07:43:22Z
2026-09-07T07:40:17Z,2026-09-07T09:40:17+0200,7285bef3-a604-45d5-af29-a8fe1b71188a,2026-09-06T03:15:00Z,2026-09-06T05:15:00+0200,196.28,EUR/MWh,PT,PT,day_ahead_price,value,2026-09-07T07:43:22Z
2026-09-07T07:40:17Z,2026-09-07T09:40:17+0200,7285bef3-a604-45d5-af29-a8fe1b71188a,2026-09-06T03:30:00Z,2026-09-06T05:30:00+0200,194.7,EUR/MWh,PT,PT,day_ahead_price,value,2026-09-07T07:43:22Z
2026-09-07T07:40:17Z,2026-09-07T09:40:17+0200,7285bef3-a604-45d5-af29-a8fe1b71188a,2026-09-06T03:45:00Z,2026-09-06T05:45:00+0200,194.7,EUR/MWh,PT,PT,day_ahead_price,value,2026-09-07T07:43:22Z
2026-09-07T07:40:17Z,2026-09-07T09:40:17+0200,7285bef3-a604-45d5-af29-a8fe1b71188a,2026-09-06T04:00:00Z,2026-09-06T06:00:00+0200,194.7,EUR/MWh,PT,PT,day_ahead_price,value,2026-09-07T07:43:22Z
2026-09-07T07:40:17Z,2026-09-07T09:40:17+0200,7285bef3-a604-45d5-af29-a8fe1b71188a,2026-09-06T04:15:00Z,2026-09-06T06:15:00+0200,194.7,EUR/MWh,PT,PT,day_ahead_price,value,2026-09-07T07:43:22Z
2026-09-07T07:40:17Z,2026-09-07T09:40:17+0200,7285bef3-a604-45d5-af29-a8fe1b71188a,2026-09-06T04:30:00Z,2026-09-06T06:30:00+0200,194.7,EUR/MWh,PT,PT,day_ahead_price,value,2026-09-07T07:43:22Z
2026-09-07T07:40:17Z,2026-09-07T09:40:17+0200,7285bef3-a604-45d5-af29-a8fe1b71188a,2026-09-06T04:45:00Z,2026-09-06T06:45:00+0200,197.46,EUR/MWh,PT,PT,day_ahead_price,value,2026-09-07T07:43:22Z
2026-09-07T07:40:17Z,2026-09-07T09:40:17+0200,7285bef3-a604-45d5-af29-a8fe1b71188a,2026-09-06T05:00:00Z,2026-09-06T07:00:00+0200,198.14,EUR/MWh,PT,PT,day_ahead_price,value,2026-09-07T07:43:22Z
2026-09-07T07:40:17Z,2026-09-07T09:40:17+0200,7285bef3-a604-45d5-af29-a8fe1b71188a,2026-09-06T05:15:00Z,2026-09-06T07:15:00+0200,200.0,EUR/MWh,PT,PT,day_ahead_price,value,2026-09-07T07:43:22Z
2026-09-07T07:40:17Z,2026-09-07T09:40:17+0200,7285bef3-a604-45d5-af29-a8fe1b71188a,2026-09-06T05:30:00Z,2026-09-06T07:30:00+0200,197.47,EUR/MWh,PT,PT,day_ahead_price,value,2026-09-07T07:43:22Z
2026-09-07T07:40:17Z,2026-09-07T09:40:17+0200,7285bef3-a604-45d5-af29-a8fe1b71188a,2026-09-06T05:45:00Z,2026-09-06T07:45:00+0200,201.45,EUR/MWh,PT,PT,day_ahead_price,value,2026-09-07T07:43:22Z
2026-09-07T07:40:17Z,2026-09-07T09:40:17+0200,7285bef3-a604-45d5-af29-a8fe1b71188a,2026-09-06T06:00:00Z,2026-09-06T08:00:00+0200,211.38,EUR/MWh,PT,PT,day_ahead_price,value,2026-09-07T07:43:22Z
2026-09-07T07:40:17Z,2026-09-07T09:40:17+0200,7285bef3-a604-45d5-af29-a8fe1b71188a,2026-09-06T06:15:00Z,2026-09-06T08:15:00+0200,205.86,EUR/MWh,PT,PT,day_ahead_price,value,2026-09-07T07:43:22Z
2026-09-07T07:40:17Z,2026-09-07T09:40:17+0200,7285bef3-a604-45d5-af29-a8fe1b71188a,2026-09-06T06:30:00Z,2026-09-06T08:30:00+0200,192.5,EUR/MWh,PT,PT,day_ahead_price,value,2026-09-07T07:43:22Z
2026-09-07T07:40:17Z,2026-09-07T09:40:17+0200,7285bef3-a604-45d5-af29-a8fe1b71188a,2026-09-06T06:45:00Z,2026-09-06T08:45:00+0200,160.0,EUR/MWh,PT,PT,day_ahead_price,value,2026-09-07T07:43:22Z
2026-09-07T07:40:17Z,2026-09-07T09:40:17+0200,7285bef3-a604-45d5-af29-a8fe1b71188a,2026-09-06T07:00:00Z,2026-09-06T09:00:00+0200,155.92,EUR/MWh,PT,PT,day_ahead_price,value,2026-09-07T07:43:22Z
2026-09-07T07:40:17Z,2026-09-07T09:40:17+0200,7285bef3-a604-45d5-af29-a8fe1b71188a,2026-09-06T07:15:00Z,2026-09-06T09:15:00+0200,125.03,EUR/MWh,PT,PT,day_ahead_price,value,2026-09-07T07:43:22Z
2026-09-07T07:40:17Z,2026-09-07T09:40:17+0200,7285bef3-a604-45d5-af29-a8fe1b71188a,2026-09-06T07:30:00Z,2026-09-06T09:30:00+0200,93.59,EUR/MWh,PT,PT,day_ahead_price,value,2026-09-07T07:43:22Z
2026-09-07T07:40:17Z,2026-09-07T09:40:17+0200,7285bef3-a604-45d5-af29-a8fe1b71188a,2026-09-06T07:45:00Z,2026-09-06T09:45:00+0200,61.01,EUR/MWh,PT,PT,day_ahead_price,value,2026-09-07T07:43:22Z
2026-09-07T07:40:17Z,2026-09-07T09:40:17+0200,7285bef3-a604-45d5-af29-a8fe1b71188a,2026-09-06T08:00:00Z,2026-09-06T10:00:00+0200,64.25,EUR/MWh,PT,PT,day_ahead_price,value,2026-09-07T07:43:22Z
2026-09-07T07:40:17Z,2026-09-07T09:40:17+0200,7285bef3-a604-45d5-af29-a8fe1b71188a,2026-09-06T08:15:00Z,2026-09-06T10:15:00+0200,39.1,EUR/MWh,PT,PT,day_ahead_price,value,2026-09-07T07:43:22Z
2026-09-07T07:40:17Z,2026-09-07T09:40:17+0200,7285bef3-a604-45d5-af29-a8fe1b71188a,2026-09-06T08:30:00Z,2026-09-06T10:30:00+0200,10.0,EUR/MWh,PT,PT,day_ahead_price,value,2026-09-07T07:43:22Z
2026-09-07T07:40:17Z,2026-09-07T09:40:17+0200,7285bef3-a604-45d5-af29-a8fe1b71188a,2026-09-06T08:45:00Z,2026-09-06T10:45:00+0200,1.81,EUR/MWh,PT,PT,day_ahead_price,value,2026-09-07T07:43:22Z
2026-09-07T07:40:17Z,2026-09-07T09:40:17+0200,7285bef3-a604-45d5-af29-a8fe1b71188a,2026-09-06T09:00:00Z,2026-09-06T11:00:00+0200,1.08,EUR/MWh,PT,PT,day_ahead_price,value,2026-09-07T07:43:22Z
2026-09-07T07:40:17Z,2026-09-07T09:40:17+0200,7285bef3-a604-45d5-af29-a8fe1b71188a,2026-09-06T09:15:00Z,2026-09-06T11:15:00+0200,0.51,EUR/MWh,PT,PT,day_ahead_price,value,2026-09-07T07:43:22Z
2026-09-07T07:40:17Z,2026-09-07T09:40:17+0200,7285bef3-a604-45d5-af29-a8fe1b71188a,2026-09-06T09:30:00Z,2026-09-06T11:30:00+0200,0.2,EUR/MWh,PT,PT,day_ahead_price,value,2026-09-07T07:43:22Z
2026-09-07T07:40:17Z,2026-09-07T09:40:17+0200,7285bef3-a604-45d5-af29-a8fe1b71188a,2026-09-06T09:45:00Z,2026-09-06T11:45:00+0200,0.01,EUR/MWh,PT,PT,day_ahead_price,value,2026-09-07T07:43:22Z
2026-09-07T07:40:17Z,2026-09-07T09:40:17+0200,7285bef3-a604-45d5-af29-a8fe1b71188a,2026-09-06T10:00:00Z,2026-09-06T12:00:00+0200,0.0,EUR/MWh,PT,PT,day_ahead_price,value,2026-09-07T07:43:22Z
2026-09-07T07:40:17Z,2026-09-07T09:40:17+0200,7285bef3-a604-45d5-af29-a8fe1b71188a,2026-09-06T10:15:00Z,2026-09-06T12:15:00+0200,0.0,EUR/MWh,PT,PT,day_ahead_price,value,2026-09-07T07:43:22Z
2026-09-07T07:40:17Z,2026-09-07T09:40:17+0200,7285bef3-a604-45d5-af29-a8fe1b71188a,2026-09-06T10:30:00Z,2026-09-06T12:30:00+0200,0.0,EUR/MWh,PT,PT,day_ahead_price,value,2026-09-07T07:43:22Z
2026-09-07T07:40:17Z,2026-09-07T09:40:17+0200,7285bef3-a604-45d5-af29-a8fe1b71188a,2026-09-06T10:45:00Z,2026-09-06T12:45:00+0200,0.0,EUR/MWh,PT,PT,day_ahead_price,value,2026-09-07T07:43:22Z
2026-09-07T07:40:17Z,2026-09-07T09:40:17+0200,7285bef3-a604-45d5-af29-a8fe1b71188a,2026-09-06T11:00:00Z,2026-09-06T13:00:00+0200,0.0,EUR/MWh,PT,PT,day_ahead_price,value,2026-09-07T07:43:22Z
2026-09-07T07:40:17Z,2026-09-07T09:40:17+0200,7285bef3-a604-45d5-af29-a8fe1b71188a,2026-09-06T11:15:00Z,2026-09-06T13:15:00+0200,0.01,EUR/MWh,PT,PT,day_ahead_price,value,2026-09-07T07:43:22Z
2026-09-07T07:40:17Z,2026-09-07T09:40:17+0200,7285bef3-a604-45d5-af29-a8fe1b71188a,2026-09-06T11:30:00Z,2026-09-06T13:30:00+0200,0.01,EUR/MWh,PT,PT,day_ahead_price,value,2026-09-07T07:43:22Z
2026-09-07T07:40:17Z,2026-09-07T09:40:17+0200,7285bef3-a604-45d5-af29-a8fe1b71188a,2026-09-06T11:45:00Z,2026-09-06T13:45:00+0200,0.01,EUR/MWh,PT,PT,day_ahead_price,value,2026-09-07T07:43:22Z
2026-09-07T07:40:17Z,2026-09-07T09:40:17+0200,7285bef3-a604-45d5-af29-a8fe1b71188a,2026-09-06T12:00:00Z,2026-09-06T14:00:00+0200,0.51,EUR/MWh,PT,PT,day_ahead_price,value,2026-09-07T07:43:22Z
2026-09-07T07:40:17Z,2026-09-07T09:40:17+0200,7285bef3-a604-45d5-af29-a8fe1b71188a,2026-09-06T12:15:00Z,2026-09-06T14:15:00+0200,0.51,EUR/MWh,PT,PT,day_ahead_price,value,2026-09-07T07:43:22Z
2026-09-07T07:40:17Z,2026-09-07T09:40:17+0200,7285bef3-a604-45d5-af29-a8fe1b71188a,2026-09-06T12:30:00Z,2026-09-06T14:30:00+0200,0.51,EUR/MWh,PT,PT,day_ahead_price,value,2026-09-07T07:43:22Z
2026-09-07T07:40:17Z,2026-09-07T09:40:17+0200,7285bef3-a604-45d5-af29-a8fe1b71188a,2026-09-06T12:45:00Z,2026-09-06T14:45:00+0200,0.51,EUR/MWh,PT,PT,day_ahead_price,value,2026-09-07T07:43:22Z
2026-09-07T07:40:17Z,2026-09-07T09:40:17+0200,7285bef3-a604-45d5-af29-a8fe1b71188a,2026-09-06T13:00:00Z,2026-09-06T15:00:00+0200,0.28,EUR/MWh,PT,PT,day_ahead_price,value,2026-09-07T07:43:22Z
2026-09-07T07:40:17Z,2026-09-07T09:40:17+0200,7285bef3-a604-45d5-af29-a8fe1b71188a,2026-09-06T13:15:00Z,2026-09-06T15:15:00+0200,0.3,EUR/MWh,PT,PT,day_ahead_price,value,2026-09-07T07:43:22Z
2026-09-07T07:40:17Z,2026-09-07T09:40:17+0200,7285bef3-a604-45d5-af29-a8fe1b71188a,2026-09-06T13:30:00Z,2026-09-06T15:30:00+0200,0.51,EUR/MWh,PT,PT,day_ahead_price,value,2026-09-07T07:43:22Z
2026-09-07T07:40:17Z,2026-09-07T09:40:17+0200,7285bef3-a604-45d5-af29-a8fe1b71188a,2026-09-06T13:45:00Z,2026-09-06T15:45:00+0200,0.51,EUR/MWh,PT,PT,day_ahead_price,value,2026-09-07T07:43:22Z
2026-09-07T07:40:17Z,2026-09-07T09:40:17+0200,7285bef3-a604-45d5-af29-a8fe1b71188a,2026-09-06T14:00:00Z,2026-09-06T16:00:00+0200,0.52,EUR/MWh,PT,PT,day_ahead_price,value,2026-09-07T07:43:22Z
2026-09-07T07:40:17Z,2026-09-07T09:40:17+0200,7285bef3-a604-45d5-af29-a8fe1b71188a,2026-09-06T14:15:00Z,2026-09-06T16:15:00+0200,1.94,EUR/MWh,PT,PT,day_ahead_price,value,2026-09-07T07:43:22Z
2026-09-07T07:40:17Z,2026-09-07T09:40:17+0200,7285bef3-a604-45d5-af29-a8fe1b71188a,2026-09-06T14:30:00Z,2026-09-06T16:30:00+0200,20.0,EUR/MWh,PT,PT,day_ahead_price,value,2026-09-07T07:43:22Z
2026-09-07T07:40:17Z,2026-09-07T09:40:17+0200,7285bef3-a604-45d5-af29-a8fe1b71188a,2026-09-06T14:45:00Z,2026-09-06T16:45:00+0200,57.83,EUR/MWh,PT,PT,day_ahead_price,value,2026-09-07T07:43:22Z
2026-09-07T07:40:17Z,2026-09-07T09:40:17+0200,7285bef3-a604-45d5-af29-a8fe1b71188a,2026-09-06T15:00:00Z,2026-09-06T17:00:00+0200,57.23,EUR/MWh,PT,PT,day_ahead_price,value,2026-09-07T07:43:22Z
2026-09-07T07:40:17Z,2026-09-07T09:40:17+0200,7285bef3-a604-45d5-af29-a8fe1b71188a,2026-09-06T15:15:00Z,2026-09-06T17:15:00+0200,92.4,EUR/MWh,PT,PT,day_ahead_price,value,2026-09-07T07:43:22Z
2026-09-07T07:40:17Z,2026-09-07T09:40:17+0200,7285bef3-a604-45d5-af29-a8fe1b71188a,2026-09-06T15:30:00Z,2026-09-06T17:30:00+0200,111.2,EUR/MWh,PT,PT,day_ahead_price,value,2026-09-07T07:43:22Z
2026-09-07T07:40:17Z,2026-09-07T09:40:17+0200,7285bef3-a604-45d5-af29-a8fe1b71188a,2026-09-06T15:45:00Z,2026-09-06T17:45:00+0200,125.7,EUR/MWh,PT,PT,day_ahead_price,value,2026-09-07T07:43:22Z
2026-09-07T07:40:17Z,2026-09-07T09:40:17+0200,7285bef3-a604-45d5-af29-a8fe1b71188a,2026-09-06T16:00:00Z,2026-09-06T18:00:00+0200,126.0,EUR/MWh,PT,PT,day_ahead_price,value,2026-09-07T07:43:22Z
2026-09-07T07:40:17Z,2026-09-07T09:40:17+0200,7285bef3-a604-45d5-af29-a8fe1b71188a,2026-09-06T16:15:00Z,2026-09-06T18:15:00+0200,139.99,EUR/MWh,PT,PT,day_ahead_price,value,2026-09-07T07:43:22Z
2026-09-07T07:40:17Z,2026-09-07T09:40:17+0200,7285bef3-a604-45d5-af29-a8fe1b71188a,2026-09-06T16:30:00Z,2026-09-06T18:30:00+0200,165.0,EUR/MWh,PT,PT,day_ahead_price,value,2026-09-07T07:43:22Z
2026-09-07T07:40:17Z,2026-09-07T09:40:17+0200,7285bef3-a604-45d5-af29-a8fe1b71188a,2026-09-06T16:45:00Z,2026-09-06T18:45:00+0200,194.7,EUR/MWh,PT,PT,day_ahead_price,value,2026-09-07T07:43:22Z
2026-09-07T07:40:17Z,2026-09-07T09:40:17+0200,7285bef3-a604-45d5-af29-a8fe1b71188a,2026-09-06T17:00:00Z,2026-09-06T19:00:00+0200,193.3,EUR/MWh,PT,PT,day_ahead_price,value,2026-09-07T07:43:22Z
2026-09-07T07:40:17Z,2026-09-07T09:40:17+0200,7285bef3-a604-45d5-af29-a8fe1b71188a,2026-09-06T17:15:00Z,2026-09-06T19:15:00+0200,217.3,EUR/MWh,PT,PT,day_ahead_price,value,2026-09-07T07:43:22Z
2026-09-07T07:40:17Z,2026-09-07T09:40:17+0200,7285bef3-a604-45d5-af29-a8fe1b71188a,2026-09-06T17:30:00Z,2026-09-06T19:30:00+0200,225.01,EUR/MWh,PT,PT,day_ahead_price,value,2026-09-07T07:43:22Z
2026-09-07T07:40:17Z,2026-09-07T09:40:17+0200,7285bef3-a604-45d5-af29-a8fe1b71188a,2026-09-06T17:45:00Z,2026-09-06T19:45:00+0200,240.47,EUR/MWh,PT,PT,day_ahead_price,value,2026-09-07T07:43:22Z
2026-09-07T07:40:17Z,2026-09-07T09:40:17+0200,7285bef3-a604-45d5-af29-a8fe1b71188a,2026-09-06T18:00:00Z,2026-09-06T20:00:00+0200,224.99,EUR/MWh,PT,PT,day_ahead_price,value,2026-09-07T07:43:22Z
2026-09-07T07:40:17Z,2026-09-07T09:40:17+0200,7285bef3-a604-45d5-af29-a8fe1b71188a,2026-09-06T18:15:00Z,2026-09-06T20:15:00+0200,228.57,EUR/MWh,PT,PT,day_ahead_price,value,2026-09-07T07:43:22Z
2026-09-07T07:40:17Z,2026-09-07T09:40:17+0200,7285bef3-a604-45d5-af29-a8fe1b71188a,2026-09-06T18:30:00Z,2026-09-06T20:30:00+0200,235.06,EUR/MWh,PT,PT,day_ahead_price,value,2026-09-07T07:43:22Z
2026-09-07T07:40:17Z,2026-09-07T09:40:17+0200,7285bef3-a604-45d5-af29-a8fe1b71188a,2026-09-06T18:45:00Z,2026-09-06T20:45:00+0200,236.02,EUR/MWh,PT,PT,day_ahead_price,value,2026-09-07T07:43:22Z
2026-09-07T07:40:17Z,2026-09-07T09:40:17+0200,7285bef3-a604-45d5-af29-a8fe1b71188a,2026-09-06T19:00:00Z,2026-09-06T21:00:00+0200,240.83,EUR/MWh,PT,PT,day_ahead_price,value,2026-09-07T07:43:22Z
2026-09-07T07:40:17Z,2026-09-07T09:40:17+0200,7285bef3-a604-45d5-af29-a8fe1b71188a,2026-09-06T19:15:00Z,2026-09-06T21:15:00+0200,249.3,EUR/MWh,PT,PT,day_ahead_price,value,2026-09-07T07:43:22Z
2026-09-07T07:40:17Z,2026-09-07T09:40:17+0200,7285bef3-a604-45d5-af29-a8fe1b71188a,2026-09-06T19:30:00Z,2026-09-06T21:30:00+0200,248.97,EUR/MWh,PT,PT,day_ahead_price,value,2026-09-07T07:43:22Z
2026-09-07T07:40:17Z,2026-09-07T09:40:17+0200,7285bef3-a604-45d5-af29-a8fe1b71188a,2026-09-06T19:45:00Z,2026-09-06T21:45:00+0200,247.9,EUR/MWh,PT,PT,day_ahead_price,value,2026-09-07T07:43:22Z
2026-09-07T07:40:17Z,2026-09-07T09:40:17+0200,7285bef3-a604-45d5-af29-a8fe1b71188a,2026-09-06T20:00:00Z,2026-09-06T22:00:00+0200,238.74,EUR/MWh,PT,PT,day_ahead_price,value,2026-09-07T07:43:22Z
2026-09-07T07:40:17Z,2026-09-07T09:40:17+0200,7285bef3-a604-45d5-af29-a8fe1b71188a,2026-09-06T20:15:00Z,2026-09-06T22:15:00+0200,235.06,EUR/MWh,PT,PT,day_ahead_price,value,2026-09-07T07:43:22Z
2026-09-07T07:40:17Z,2026-09-07T09:40:17+0200,7285bef3-a604-45d5-af29-a8fe1b71188a,2026-09-06T20:30:00Z,2026-09-06T22:30:00+0200,226.29,EUR/MWh,PT,PT,day_ahead_price,value,2026-09-07T07:43:22Z
2026-09-07T07:40:17Z,2026-09-07T09:40:17+0200,7285bef3-a604-45d5-af29-a8fe1b71188a,2026-09-06T20:45:00Z,2026-09-06T22:45:00+0200,225.01,EUR/MWh,PT,PT,day_ahead_price,value,2026-09-07T07:43:22Z
2026-09-07T07:40:17Z,2026-09-07T09:40:17+0200,7285bef3-a604-45d5-af29-a8fe1b71188a,2026-09-06T21:00:00Z,2026-09-06T23:00:00+0200,228.02,EUR/MWh,PT,PT,day_ahead_price,value,2026-09-07T07:43:22Z
2026-09-07T07:40:17Z,2026-09-07T09:40:17+0200,7285bef3-a604-45d5-af29-a8fe1b71188a,2026-09-06T21:15:00Z,2026-09-06T23:15:00+0200,223.8,EUR/MWh,PT,PT,day_ahead_price,value,2026-09-07T07:43:22Z
2026-09-07T07:40:17Z,2026-09-07T09:40:17+0200,7285bef3-a604-45d5-af29-a8fe1b71188a,2026-09-06T21:30:00Z,2026-09-06T23:30:00+0200,219.95,EUR/MWh,PT,PT,day_ahead_price,value,2026-09-07T07:43:22Z
2026-09-07T07:40:17Z,2026-09-07T09:40:17+0200,7285bef3-a604-45d5-af29-a8fe1b71188a,2026-09-06T21:45:00Z,2026-09-06T23:45:00+0200,219.95,EUR/MWh,PT,PT,day_ahead_price,value,2026-09-07T07:43:22Z
2026-09-07T07:40:17Z,2026-09-07T09:40:17+0200,7285bef3-a604-45d5-af29-a8fe1b71188a,2026-09-06T22:00:00Z,2026-09-07T00:00:00+0200,214.0,EUR/MWh,PT,PT,day_ahead_price,value,2026-09-07T07:43:22Z
2026-09-07T07:40:17Z,2026-09-07T09:40:17+0200,7285bef3-a604-45d5-af29-a8fe1b71188a,2026-09-06T22:15:00Z,2026-09-07T00:15:00+0200,208.86,EUR/MWh,PT,PT,day_ahead_price,value,2026-09-07T07:43:22Z
2026-09-07T07:40:17Z,2026-09-07T09:40:17+0200,7285bef3-a604-45d5-af29-a8fe1b71188a,2026-09-06T22:30:00Z,2026-09-07T00:30:00+0200,206.24,EUR/MWh,PT,PT,day_ahead_price,value,2026-09-07T07:43:22Z
2026-09-07T07:40:17Z,2026-09-07T09:40:17+0200,7285bef3-a604-45d5-af29-a8fe1b71188a,2026-09-06T22:45:00Z,2026-09-07T00:45:00+0200,203.83,EUR/MWh,PT,PT,day_ahead_price,value,2026-09-07T07:43:22Z
2026-09-07T07:40:17Z,2026-09-07T09:40:17+0200,7285bef3-a604-45d5-af29-a8fe1b71188a,2026-09-06T23:00:00Z,2026-09-07T01:00:00+0200,208.86,EUR/MWh,PT,PT,day_ahead_price,value,2026-09-07T07:43:22Z
2026-09-07T07:40:17Z,2026-09-07T09:40:17+0200,7285bef3-a604-45d5-af29-a8fe1b71188a,2026-09-06T23:15:00Z,2026-09-07T01:15:00+0200,206.24,EUR/MWh,PT,PT,day_ahead_price,value,2026-09-07T07:43:22Z
2026-09-07T07:40:17Z,2026-09-07T09:40:17+0200,7285bef3-a604-45d5-af29-a8fe1b71188a,2026-09-06T23:30:00Z,2026-09-07T01:30:00+0200,205.3,EUR/MWh,PT,PT,day_ahead_price,value,2026-09-07T07:43:22Z
2026-09-07T07:40:17Z,2026-09-07T09:40:17+0200,7285bef3-a604-45d5-af29-a8fe1b71188a,2026-09-06T23:45:00Z,2026-09-07T01:45:00+0200,204.5,EUR/MWh,PT,PT,day_ahead_price,value,2026-09-07T07:43:22Z
2026-09-07T07:40:17Z,2026-09-07T09:40:17+0200,7285bef3-a604-45d5-af29-a8fe1b71188a,2026-09-07T00:00:00Z,2026-09-07T02:00:00+0200,204.65,EUR/MWh,PT,PT,day_ahead_price,value,2026-09-07T07:43:22Z
2026-09-07T07:40:17Z,2026-09-07T09:40:17+0200,7285bef3-a604-45d5-af29-a8fe1b71188a,2026-09-07T00:15:00Z,2026-09-07T02:15:00+0200,204.5,EUR/MWh,PT,PT,day_ahead_price,value,2026-09-07T07:43:22Z
2026-09-07T07:40:17Z,2026-09-07T09:40:17+0200,7285bef3-a604-45d5-af29-a8fe1b71188a,2026-09-07T00:30:00Z,2026-09-07T02:30:00+0200,202.16,EUR/MWh,PT,PT,day_ahead_price,value,2026-09-07T07:43:22Z
2026-09-07T07:40:17Z,2026-09-07T09:40:17+0200,7285bef3-a604-45d5-af29-a8fe1b71188a,2026-09-07T00:45:00Z,2026-09-07T02:45:00+0200,200.11,EUR/MWh,PT,PT,day_ahead_price,value,2026-09-07T07:43:22Z
2026-09-07T07:40:17Z,2026-09-07T09:40:17+0200,7285bef3-a604-45d5-af29-a8fe1b71188a,2026-09-07T01:00:00Z,2026-09-07T03:00:00+0200,205.3,EUR/MWh,PT,PT,day_ahead_price,value,2026-09-07T07:43:22Z
2026-09-07T07:40:17Z,2026-09-07T09:40:17+0200,7285bef3-a604-45d5-af29-a8fe1b71188a,2026-09-07T01:15:00Z,2026-09-07T03:15:00+0200,204.81,EUR/MWh,PT,PT,day_ahead_price,value,2026-09-07T07:43:22Z
2026-09-07T07:40:17Z,2026-09-07T09:40:17+0200,7285bef3-a604-45d5-af29-a8fe1b71188a,2026-09-07T01:30:00Z,2026-09-07T03:30:00+0200,204.5,EUR/MWh,PT,PT,day_ahead_price,value,2026-09-07T07:43:22Z
2026-09-07T07:40:17Z,2026-09-07T09:40:17+0200,7285bef3-a604-45d5-af29-a8fe1b71188a,2026-09-07T01:45:00Z,2026-09-07T03:45:00+0200,204.5,EUR/MWh,PT,PT,day_ahead_price,value,2026-09-07T07:43:22Z
2026-09-07T07:40:17Z,2026-09-07T09:40:17+0200,7285bef3-a604-45d5-af29-a8fe1b71188a,2026-09-07T02:00:00Z,2026-09-07T04:00:00+0200,200.0,EUR/MWh,PT,PT,day_ahead_price,value,2026-09-07T07:43:22Z
2026-09-07T07:40:17Z,2026-09-07T09:40:17+0200,7285bef3-a604-45d5-af29-a8fe1b71188a,2026-09-07T02:15:00Z,2026-09-07T04:15:00+0200,200.16,EUR/MWh,PT,PT,day_ahead_price,value,2026-09-07T07:43:22Z
2026-09-07T07:40:17Z,2026-09-07T09:40:17+0200,7285bef3-a604-45d5-af29-a8fe1b71188a,2026-09-07T02:30:00Z,2026-09-07T04:30:00+0200,201.08,EUR/MWh,PT,PT,day_ahead_price,value,2026-09-07T07:43:22Z
2026-09-07T07:40:17Z,2026-09-07T09:40:17+0200,7285bef3-a604-45d5-af29-a8fe1b71188a,2026-09-07T02:45:00Z,2026-09-07T04:45:00+0200,201.68,EUR/MWh,PT,PT,day_ahead_price,value,2026-09-07T07:43:22Z
2026-09-07T07:40:17Z,2026-09-07T09:40:17+0200,7285bef3-a604-45d5-af29-a8fe1b71188a,2026-09-07T03:00:00Z,2026-09-07T05:00:00+0200,200.0,EUR/MWh,PT,PT,day_ahead_price,value,2026-09-07T07:43:22Z
2026-09-07T07:40:17Z,2026-09-07T09:40:17+0200,7285bef3-a604-45d5-af29-a8fe1b71188a,2026-09-07T03:15:00Z,2026-09-07T05:15:00+0200,201.99,EUR/MWh,PT,PT,day_ahead_price,value,2026-09-07T07:43:22Z
2026-09-07T07:40:17Z,2026-09-07T09:40:17+0200,7285bef3-a604-45d5-af29-a8fe1b71188a,2026-09-07T03:30:00Z,2026-09-07T05:30:00+0200,204.5,EUR/MWh,PT,PT,day_ahead_price,value,2026-09-07T07:43:22Z
2026-09-07T07:40:17Z,2026-09-07T09:40:17+0200,7285bef3-a604-45d5-af29-a8fe1b71188a,2026-09-07T03:45:00Z,2026-09-07T05:45:00+0200,205.3,EUR/MWh,PT,PT,day_ahead_price,value,2026-09-07T07:43:22Z
2026-09-07T07:40:17Z,2026-09-07T09:40:17+0200,7285bef3-a604-45d5-af29-a8fe1b71188a,2026-09-07T04:00:00Z,2026-09-07T06:00:00+0200,205.3,EUR/MWh,PT,PT,day_ahead_price,value,2026-09-07T07:43:22Z
2026-09-07T07:40:17Z,2026-09-07T09:40:17+0200,7285bef3-a604-45d5-af29-a8fe1b71188a,2026-09-07T04:15:00Z,2026-09-07T06:15:00+0200,207.54,EUR/MWh,PT,PT,day_ahead_price,value,2026-09-07T07:43:22Z
2026-09-07T07:40:17Z,2026-09-07T09:40:17+0200,7285bef3-a604-45d5-af29-a8fe1b71188a,2026-09-07T04:30:00Z,2026-09-07T06:30:00+0200,214.0,EUR/MWh,PT,PT,day_ahead_price,value,2026-09-07T07:43:22Z
2026-09-07T07:40:17Z,2026-09-07T09:40:17+0200,7285bef3-a604-45d5-af29-a8fe1b71188a,2026-09-07T04:45:00Z,2026-09-07T06:45:00+0200,219.32,EUR/MWh,PT,PT,day_ahead_price,value,2026-09-07T07:43:22Z
2026-09-07T07:40:17Z,2026-09-07T09:40:17+0200,7285bef3-a604-45d5-af29-a8fe1b71188a,2026-09-07T05:00:00Z,2026-09-07T07:00:00+0200,221.76,EUR/MWh,PT,PT,day_ahead_price,value,2026-09-07T07:43:22Z
2026-09-07T07:40:17Z,2026-09-07T09:40:17+0200,7285bef3-a604-45d5-af29-a8fe1b71188a,2026-09-07T05:15:00Z,2026-09-07T07:15:00+0200,225.01,EUR/MWh,PT,PT,day_ahead_price,value,2026-09-07T07:43:22Z
2026-09-07T07:40:17Z,2026-09-07T09:40:17+0200,7285bef3-a604-45d5-af29-a8fe1b71188a,2026-09-07T05:30:00Z,2026-09-07T07:30:00+0200,225.01,EUR/MWh,PT,PT,day_ahead_price,value,2026-09-07T07:43:22Z
2026-09-07T07:40:17Z,2026-09-07T09:40:17+0200,7285bef3-a604-45d5-af29-a8fe1b71188a,2026-09-07T05:45:00Z,2026-09-07T07:45:00+0200,219.95,EUR/MWh,PT,PT,day_ahead_price,value,2026-09-07T07:43:22Z
2026-09-07T07:40:17Z,2026-09-07T09:40:17+0200,7285bef3-a604-45d5-af29-a8fe1b71188a,2026-09-07T06:00:00Z,2026-09-07T08:00:00+0200,230.04,EUR/MWh,PT,PT,day_ahead_price,value,2026-09-07T07:43:22Z
2026-09-07T07:40:17Z,2026-09-07T09:40:17+0200,7285bef3-a604-45d5-af29-a8fe1b71188a,2026-09-07T06:15:00Z,2026-09-07T08:15:00+0200,219.95,EUR/MWh,PT,PT,day_ahead_price,value,2026-09-07T07:43:22Z
2026-09-07T07:40:17Z,2026-09-07T09:40:17+0200,7285bef3-a604-45d5-af29-a8fe1b71188a,2026-09-07T06:30:00Z,2026-09-07T08:30:00+0200,206.24,EUR/MWh,PT,PT,day_ahead_price,value,2026-09-07T07:43:22Z
2026-09-07T07:40:17Z,2026-09-07T09:40:17+0200,7285bef3-a604-45d5-af29-a8fe1b71188a,2026-09-07T06:45:00Z,2026-09-07T08:45:00+0200,193.0,EUR/MWh,PT,PT,day_ahead_price,value,2026-09-07T07:43:22Z
2026-09-07T07:40:17Z,2026-09-07T09:40:17+0200,7285bef3-a604-45d5-af29-a8fe1b71188a,2026-09-07T07:00:00Z,2026-09-07T09:00:00+0200,210.0,EUR/MWh,PT,PT,day_ahead_price,value,2026-09-07T07:43:22Z
2026-09-07T07:40:17Z,2026-09-07T09:40:17+0200,7285bef3-a604-45d5-af29-a8fe1b71188a,2026-09-07T07:15:00Z,2026-09-07T09:15:00+0200,204.5,EUR/MWh,PT,PT,day_ahead_price,value,2026-09-07T07:43:22Z
2026-09-07T07:40:17Z,2026-09-07T09:40:17+0200,7285bef3-a604-45d5-af29-a8fe1b71188a,2026-09-07T07:30:00Z,2026-09-07T09:30:00+0200,178.0,EUR/MWh,PT,PT,day_ahead_price,value,2026-09-07T07:43:22Z
2026-09-07T07:40:17Z,2026-09-07T09:40:17+0200,7285bef3-a604-45d5-af29-a8fe1b71188a,2026-09-07T07:45:00Z,2026-09-07T09:45:00+0200,150.7,EUR/MWh,PT,PT,day_ahead_price,value,2026-09-07T07:43:33Z
2026-09-07T07:40:17Z,2026-09-07T09:40:17+0200,7285bef3-a604-45d5-af29-a8fe1b71188a,2026-09-07T08:00:00Z,2026-09-07T10:00:00+0200,175.0,EUR/MWh,PT,PT,day_ahead_price,value,2026-09-07T07:43:33Z
2026-09-07T07:40:17Z,2026-09-07T09:40:17+0200,7285bef3-a604-45d5-af29-a8fe1b71188a,2026-09-07T08:15:00Z,2026-09-07T10:15:00+0200,150.28,EUR/MWh,PT,PT,day_ahead_price,value,2026-09-07T07:43:33Z
2026-09-07T07:40:17Z,2026-09-07T09:40:17+0200,7285bef3-a604-45d5-af29-a8fe1b71188a,2026-09-07T08:30:00Z,2026-09-07T10:30:00+0200,140.0,EUR/MWh,PT,PT,day_ahead_price,value,2026-09-07T07:43:33Z
2026-09-07T07:40:17Z,2026-09-07T09:40:17+0200,7285bef3-a604-45d5-af29-a8fe1b71188a,2026-09-07T08:45:00Z,2026-09-07T10:45:00+0200,130.01,EUR/MWh,PT,PT,day_ahead_price,value,2026-09-07T07:43:33Z
2026-09-07T07:40:17Z,2026-09-07T09:40:17+0200,7285bef3-a604-45d5-af29-a8fe1b71188a,2026-09-07T09:00:00Z,2026-09-07T11:00:00+0200,110.0,EUR/MWh,PT,PT,day_ahead_price,value,2026-09-07T07:43:33Z
2026-09-07T07:40:17Z,2026-09-07T09:40:17+0200,7285bef3-a604-45d5-af29-a8fe1b71188a,2026-09-07T09:15:00Z,2026-09-07T11:15:00+0200,95.24,EUR/MWh,PT,PT,day_ahead_price,value,2026-09-07T07:43:33Z
2026-09-07T07:40:17Z,2026-09-07T09:40:17+0200,7285bef3-a604-45d5-af29-a8fe1b71188a,2026-09-07T09:30:00Z,2026-09-07T11:30:00+0200,92.06,EUR/MWh,PT,PT,day_ahead_price,value,2026-09-07T07:43:33Z
2026-09-07T07:40:17Z,2026-09-07T09:40:17+0200,7285bef3-a604-45d5-af29-a8fe1b71188a,2026-09-07T09:45:00Z,2026-09-07T11:45:00+0200,90.49,EUR/MWh,PT,PT,day_ahead_price,value,2026-09-07T07:43:33Z
2026-09-07T07:40:17Z,2026-09-07T09:40:17+0200,7285bef3-a604-45d5-af29-a8fe1b71188a,2026-09-07T10:00:00Z,2026-09-07T12:00:00+0200,87.99,EUR/MWh,PT,PT,day_ahead_price,value,2026-09-07T07:43:33Z
2026-09-07T07:40:17Z,2026-09-07T09:40:17+0200,7285bef3-a604-45d5-af29-a8fe1b71188a,2026-09-07T10:15:00Z,2026-09-07T12:15:00+0200,85.2,EUR/MWh,PT,PT,day_ahead_price,value,2026-09-07T07:43:33Z
2026-09-07T07:40:17Z,2026-09-07T09:40:17+0200,7285bef3-a604-45d5-af29-a8fe1b71188a,2026-09-07T10:30:00Z,2026-09-07T12:30:00+0200,85.01,EUR/MWh,PT,PT,day_ahead_price,value,2026-09-07T07:43:33Z
2026-09-07T07:40:17Z,2026-09-07T09:40:17+0200,7285bef3-a604-45d5-af29-a8fe1b71188a,2026-09-07T10:45:00Z,2026-09-07T12:45:00+0200,77.25,EUR/MWh,PT,PT,day_ahead_price,value,2026-09-07T07:43:33Z
2026-09-07T07:40:17Z,2026-09-07T09:40:17+0200,7285bef3-a604-45d5-af29-a8fe1b71188a,2026-09-07T11:00:00Z,2026-09-07T13:00:00+0200,77.38,EUR/MWh,PT,PT,day_ahead_price,value,2026-09-07T07:43:33Z
2026-09-07T07:40:17Z,2026-09-07T09:40:17+0200,7285bef3-a604-45d5-af29-a8fe1b71188a,2026-09-07T11:15:00Z,2026-09-07T13:15:00+0200,70.0,EUR/MWh,PT,PT,day_ahead_price,value,2026-09-07T07:43:33Z
2026-09-07T07:40:17Z,2026-09-07T09:40:17+0200,7285bef3-a604-45d5-af29-a8fe1b71188a,2026-09-07T11:30:00Z,2026-09-07T13:30:00+0200,64.67,EUR/MWh,PT,PT,day_ahead_price,value,2026-09-07T07:43:33Z
2026-09-07T07:40:17Z,2026-09-07T09:40:17+0200,7285bef3-a604-45d5-af29-a8fe1b71188a,2026-09-07T11:45:00Z,2026-09-07T13:45:00+0200,57.0,EUR/MWh,PT,PT,day_ahead_price,value,2026-09-07T07:43:33Z
2026-09-07T07:40:17Z,2026-09-07T09:40:17+0200,7285bef3-a604-45d5-af29-a8fe1b71188a,2026-09-07T12:00:00Z,2026-09-07T14:00:00+0200,66.84,EUR/MWh,PT,PT,day_ahead_price,value,2026-09-07T07:43:33Z
2026-09-07T07:40:17Z,2026-09-07T09:40:17+0200,7285bef3-a604-45d5-af29-a8fe1b71188a,2026-09-07T12:15:00Z,2026-09-07T14:15:00+0200,70.01,EUR/MWh,PT,PT,day_ahead_price,value,2026-09-07T07:43:33Z
2026-09-07T07:40:17Z,2026-09-07T09:40:17+0200,7285bef3-a604-45d5-af29-a8fe1b71188a,2026-09-07T12:30:00Z,2026-09-07T14:30:00+0200,70.01,EUR/MWh,PT,PT,day_ahead_price,value,2026-09-07T07:43:33Z
2026-09-07T07:40:17Z,2026-09-07T09:40:17+0200,7285bef3-a604-45d5-af29-a8fe1b71188a,2026-09-07T12:45:00Z,2026-09-07T14:45:00+0200,70.0,EUR/MWh,PT,PT,day_ahead_price,value,2026-09-07T07:43:33Z
2026-09-07T07:40:17Z,2026-09-07T09:40:17+0200,7285bef3-a604-45d5-af29-a8fe1b71188a,2026-09-07T13:00:00Z,2026-09-07T15:00:00+0200,68.94,EUR/MWh,PT,PT,day_ahead_price,value,2026-09-07T07:43:33Z
2026-09-07T07:40:17Z,2026-09-07T09:40:17+0200,7285bef3-a604-45d5-af29-a8fe1b71188a,2026-09-07T13:15:00Z,2026-09-07T15:15:00+0200,70.01,EUR/MWh,PT,PT,day_ahead_price,value,2026-09-07T07:43:33Z
2026-09-07T07:40:17Z,2026-09-07T09:40:17+0200,7285bef3-a604-45d5-af29-a8fe1b71188a,2026-09-07T13:30:00Z,2026-09-07T15:30:00+0200,80.35,EUR/MWh,PT,PT,day_ahead_price,value,2026-09-07T07:43:33Z
2026-09-07T07:40:17Z,2026-09-07T09:40:17+0200,7285bef3-a604-45d5-af29-a8fe1b71188a,2026-09-07T13:45:00Z,2026-09-07T15:45:00+0200,85.01,EUR/MWh,PT,PT,day_ahead_price,value,2026-09-07T07:43:33Z
2026-09-07T07:40:17Z,2026-09-07T09:40:17+0200,7285bef3-a604-45d5-af29-a8fe1b71188a,2026-09-07T14:00:00Z,2026-09-07T16:00:00+0200,70.01,EUR/MWh,PT,PT,day_ahead_price,value,2026-09-07T07:43:33Z
2026-09-07T07:40:17Z,2026-09-07T09:40:17+0200,7285bef3-a604-45d5-af29-a8fe1b71188a,2026-09-07T14:15:00Z,2026-09-07T16:15:00+0200,85.2,EUR/MWh,PT,PT,day_ahead_price,value,2026-09-07T07:43:33Z
2026-09-07T07:40:17Z,2026-09-07T09:40:17+0200,7285bef3-a604-45d5-af29-a8fe1b71188a,2026-09-07T14:30:00Z,2026-09-07T16:30:00+0200,89.49,EUR/MWh,PT,PT,day_ahead_price,value,2026-09-07T07:43:33Z
2026-09-07T07:40:17Z,2026-09-07T09:40:17+0200,7285bef3-a604-45d5-af29-a8fe1b71188a,2026-09-07T14:45:00Z,2026-09-07T16:45:00+0200,94.84,EUR/MWh,PT,PT,day_ahead_price,value,2026-09-07T07:43:33Z
2026-09-07T07:40:17Z,2026-09-07T09:40:17+0200,7285bef3-a604-45d5-af29-a8fe1b71188a,2026-09-07T15:00:00Z,2026-09-07T17:00:00+0200,104.84,EUR/MWh,PT,PT,day_ahead_price,value,2026-09-07T07:43:33Z
2026-09-07T07:40:17Z,2026-09-07T09:40:17+0200,7285bef3-a604-45d5-af29-a8fe1b71188a,2026-09-07T15:15:00Z,2026-09-07T17:15:00+0200,125.0,EUR/MWh,PT,PT,day_ahead_price,value,2026-09-07T07:43:33Z
2026-09-07T07:40:17Z,2026-09-07T09:40:17+0200,7285bef3-a604-45d5-af29-a8fe1b71188a,2026-09-07T15:30:00Z,2026-09-07T17:30:00+0200,139.44,EUR/MWh,PT,PT,day_ahead_price,value,2026-09-07T07:43:33Z
2026-09-07T07:40:17Z,2026-09-07T09:40:17+0200,7285bef3-a604-45d5-af29-a8fe1b71188a,2026-09-07T15:45:00Z,2026-09-07T17:45:00+0200,144.97,EUR/MWh,PT,PT,day_ahead_price,value,2026-09-07T07:43:33Z
2026-09-07T07:40:17Z,2026-09-07T09:40:17+0200,7285bef3-a604-45d5-af29-a8fe1b71188a,2026-09-07T16:00:00Z,2026-09-07T18:00:00+0200,144.85,EUR/MWh,PT,PT,day_ahead_price,value,2026-09-07T07:43:33Z
2026-09-07T07:40:17Z,2026-09-07T09:40:17+0200,7285bef3-a604-45d5-af29-a8fe1b71188a,2026-09-07T16:15:00Z,2026-09-07T18:15:00+0200,160.54,EUR/MWh,PT,PT,day_ahead_price,value,2026-09-07T07:43:33Z
2026-09-07T07:40:17Z,2026-09-07T09:40:17+0200,7285bef3-a604-45d5-af29-a8fe1b71188a,2026-09-07T16:30:00Z,2026-09-07T18:30:00+0200,193.58,EUR/MWh,PT,PT,day_ahead_price,value,2026-09-07T07:43:33Z
2026-09-07T07:40:17Z,2026-09-07T09:40:17+0200,7285bef3-a604-45d5-af29-a8fe1b71188a,2026-09-07T16:45:00Z,2026-09-07T18:45:00+0200,197.87,EUR/MWh,PT,PT,day_ahead_price,value,2026-09-07T07:43:33Z
2026-09-07T07:40:17Z,2026-09-07T09:40:17+0200,7285bef3-a604-45d5-af29-a8fe1b71188a,2026-09-07T17:00:00Z,2026-09-07T19:00:00+0200,193.0,EUR/MWh,PT,PT,day_ahead_price,value,2026-09-07T07:43:33Z
2026-09-07T07:40:17Z,2026-09-07T09:40:17+0200,7285bef3-a604-45d5-af29-a8fe1b71188a,2026-09-07T17:15:00Z,2026-09-07T19:15:00+0200,208.86,EUR/MWh,PT,PT,day_ahead_price,value,2026-09-07T07:43:33Z
2026-09-07T07:40:17Z,2026-09-07T09:40:17+0200,7285bef3-a604-45d5-af29-a8fe1b71188a,2026-09-07T17:30:00Z,2026-09-07T19:30:00+0200,220.27,EUR/MWh,PT,PT,day_ahead_price,value,2026-09-07T07:43:33Z
2026-09-07T07:40:17Z,2026-09-07T09:40:17+0200,7285bef3-a604-45d5-af29-a8fe1b71188a,2026-09-07T17:45:00Z,2026-09-07T19:45:00+0200,255.85,EUR/MWh,PT,PT,day_ahead_price,value,2026-09-07T07:43:33Z
2026-09-07T07:40:17Z,2026-09-07T09:40:17+0200,7285bef3-a604-45d5-af29-a8fe1b71188a,2026-09-07T18:00:00Z,2026-09-07T20:00:00+0200,234.27,EUR/MWh,PT,PT,day_ahead_price,value,2026-09-07T07:43:33Z
2026-09-07T07:40:17Z,2026-09-07T09:40:17+0200,7285bef3-a604-45d5-af29-a8fe1b71188a,2026-09-07T18:15:00Z,2026-09-07T20:15:00+0200,238.81,EUR/MWh,PT,PT,day_ahead_price,value,2026-09-07T07:43:33Z
2026-09-07T07:40:17Z,2026-09-07T09:40:17+0200,7285bef3-a604-45d5-af29-a8fe1b71188a,2026-09-07T18:30:00Z,2026-09-07T20:30:00+0200,242.39,EUR/MWh,PT,PT,day_ahead_price,value,2026-09-07T07:43:33Z
2026-09-07T07:40:17Z,2026-09-07T09:40:17+0200,7285bef3-a604-45d5-af29-a8fe1b71188a,2026-09-07T18:45:00Z,2026-09-07T20:45:00+0200,247.76,EUR/MWh,PT,PT,day_ahead_price,value,2026-09-07T07:43:33Z
2026-09-07T07:40:17Z,2026-09-07T09:40:17+0200,7285bef3-a604-45d5-af29-a8fe1b71188a,2026-09-07T19:00:00Z,2026-09-07T21:00:00+0200,257.01,EUR/MWh,PT,PT,day_ahead_price,value,2026-09-07T07:43:33Z
2026-09-07T07:40:17Z,2026-09-07T09:40:17+0200,7285bef3-a604-45d5-af29-a8fe1b71188a,2026-09-07T19:15:00Z,2026-09-07T21:15:00+0200,265.0,EUR/MWh,PT,PT,day_ahead_price,value,2026-09-07T07:43:33Z
2026-09-07T07:40:17Z,2026-09-07T09:40:17+0200,7285bef3-a604-45d5-af29-a8fe1b71188a,2026-09-07T19:30:00Z,2026-09-07T21:30:00+0200,250.75,EUR/MWh,PT,PT,day_ahead_price,value,2026-09-07T07:43:33Z
2026-09-07T07:40:17Z,2026-09-07T09:40:17+0200,7285bef3-a604-45d5-af29-a8fe1b71188a,2026-09-07T19:45:00Z,2026-09-07T21:45:00+0200,240.71,EUR/MWh,PT,PT,day_ahead_price,value,2026-09-07T07:43:33Z
2026-09-07T07:40:17Z,2026-09-07T09:40:17+0200,7285bef3-a604-45d5-af29-a8fe1b71188a,2026-09-07T20:00:00Z,2026-09-07T22:00:00+0200,228.56,EUR/MWh,PT,PT,day_ahead_price,value,2026-09-07T07:43:33Z
2026-09-07T07:40:17Z,2026-09-07T09:40:17+0200,7285bef3-a604-45d5-af29-a8fe1b71188a,2026-09-07T20:15:00Z,2026-09-07T22:15:00+0200,225.01,EUR/MWh,PT,PT,day_ahead_price,value,2026-09-07T07:43:33Z
2026-09-07T07:40:17Z,2026-09-07T09:40:17+0200,7285bef3-a604-45d5-af29-a8fe1b71188a,2026-09-07T20:30:00Z,2026-09-07T22:30:00+0200,219.95,EUR/MWh,PT,PT,day_ahead_price,value,2026-09-07T07:43:33Z
2026-09-07T07:40:17Z,2026-09-07T09:40:17+0200,7285bef3-a604-45d5-af29-a8fe1b71188a,2026-09-07T20:45:00Z,2026-09-07T22:45:00+0200,216.57,EUR/MWh,PT,PT,day_ahead_price,value,2026-09-07T07:43:33Z
2026-09-07T07:40:17Z,2026-09-07T09:40:17+0200,7285bef3-a604-45d5-af29-a8fe1b71188a,2026-09-07T21:00:00Z,2026-09-07T23:00:00+0200,216.99,EUR/MWh,PT,PT,day_ahead_price,value,2026-09-07T07:43:33Z
2026-09-07T07:40:17Z,2026-09-07T09:40:17+0200,7285bef3-a604-45d5-af29-a8fe1b71188a,2026-09-07T21:15:00Z,2026-09-07T23:15:00+0200,208.57,EUR/MWh,PT,PT,day_ahead_price,value,2026-09-07T07:43:33Z
2026-09-07T07:40:17Z,2026-09-07T09:40:17+0200,7285bef3-a604-45d5-af29-a8fe1b71188a,2026-09-07T21:30:00Z,2026-09-07T23:30:00+0200,200.18,EUR/MWh,PT,PT,day_ahead_price,value,2026-09-07T07:43:33Z
2026-09-07T07:40:17Z,2026-09-07T09:40:17+0200,7285bef3-a604-45d5-af29-a8fe1b71188a,2026-09-07T21:45:00Z,2026-09-07T23:45:00+0200,195.37,EUR/MWh,PT,PT,day_ahead_price,value,2026-09-07T07:43:33Z
