collection_time_utc,collection_time_local,run_id,timestamp_utc,timestamp_local,value,unit,country,entsoe_area,variable,source,updated_at_utc
2026-09-23T08:01:26Z,2026-09-23T10:01:26+0200,518a423e-2169-475e-ae06-4c6d2407d974,2026-09-16T08:15:00Z,2026-09-16T10:15:00+0200,5.88,EUR/MWh,PT,PT,day_ahead_price,value,2026-09-23T08:05:09Z
2026-09-23T08:01:26Z,2026-09-23T10:01:26+0200,518a423e-2169-475e-ae06-4c6d2407d974,2026-09-16T08:30:00Z,2026-09-16T10:30:00+0200,2.81,EUR/MWh,PT,PT,day_ahead_price,value,2026-09-23T08:05:09Z
2026-09-23T08:01:26Z,2026-09-23T10:01:26+0200,518a423e-2169-475e-ae06-4c6d2407d974,2026-09-16T08:45:00Z,2026-09-16T10:45:00+0200,1.08,EUR/MWh,PT,PT,day_ahead_price,value,2026-09-23T08:05:09Z
2026-09-23T08:01:26Z,2026-09-23T10:01:26+0200,518a423e-2169-475e-ae06-4c6d2407d974,2026-09-16T09:00:00Z,2026-09-16T11:00:00+0200,1.08,EUR/MWh,PT,PT,day_ahead_price,value,2026-09-23T08:05:09Z
2026-09-23T08:01:26Z,2026-09-23T10:01:26+0200,518a423e-2169-475e-ae06-4c6d2407d974,2026-09-16T09:15:00Z,2026-09-16T11:15:00+0200,0.51,EUR/MWh,PT,PT,day_ahead_price,value,2026-09-23T08:05:09Z
2026-09-23T08:01:26Z,2026-09-23T10:01:26+0200,518a423e-2169-475e-ae06-4c6d2407d974,2026-09-16T09:30:00Z,2026-09-16T11:30:00+0200,0.44,EUR/MWh,PT,PT,day_ahead_price,value,2026-09-23T08:05:09Z
2026-09-23T08:01:26Z,2026-09-23T10:01:26+0200,518a423e-2169-475e-ae06-4c6d2407d974,2026-09-16T09:45:00Z,2026-09-16T11:45:00+0200,0.1,EUR/MWh,PT,PT,day_ahead_price,value,2026-09-23T08:05:09Z
2026-09-23T08:01:26Z,2026-09-23T10:01:26+0200,518a423e-2169-475e-ae06-4c6d2407d974,2026-09-16T10:00:00Z,2026-09-16T12:00:00+0200,0.01,EUR/MWh,PT,PT,day_ahead_price,value,2026-09-23T08:05:09Z
2026-09-23T08:01:26Z,2026-09-23T10:01:26+0200,518a423e-2169-475e-ae06-4c6d2407d974,2026-09-16T10:15:00Z,2026-09-16T12:15:00+0200,0.01,EUR/MWh,PT,PT,day_ahead_price,value,2026-09-23T08:05:09Z
2026-09-23T08:01:26Z,2026-09-23T10:01:26+0200,518a423e-2169-475e-ae06-4c6d2407d974,2026-09-16T10:30:00Z,2026-09-16T12:30:00+0200,0.01,EUR/MWh,PT,PT,day_ahead_price,value,2026-09-23T08:05:09Z
2026-09-23T08:01:26Z,2026-09-23T10:01:26+0200,518a423e-2169-475e-ae06-4c6d2407d974,2026-09-16T10:45:00Z,2026-09-16T12:45:00+0200,0.01,EUR/MWh,PT,PT,day_ahead_price,value,2026-09-23T08:05:09Z
2026-09-23T08:01:26Z,2026-09-23T10:01:26+0200,518a423e-2169-475e-ae06-4c6d2407d974,2026-09-16T11:00:00Z,2026-09-16T13:00:00+0200,0.01,EUR/MWh,PT,PT,day_ahead_price,value,2026-09-23T08:05:09Z
2026-09-23T08:01:26Z,2026-09-23T10:01:26+0200,518a423e-2169-475e-ae06-4c6d2407d974,2026-09-16T11:15:00Z,2026-09-16T13:15:00+0200,0.01,EUR/MWh,PT,PT,day_ahead_price,value,2026-09-23T08:05:09Z
2026-09-23T08:01:26Z,2026-09-23T10:01:26+0200,518a423e-2169-475e-ae06-4c6d2407d974,2026-09-16T11:30:00Z,2026-09-16T13:30:00+0200,0.01,EUR/MWh,PT,PT,day_ahead_price,value,2026-09-23T08:05:09Z
2026-09-23T08:01:26Z,2026-09-23T10:01:26+0200,518a423e-2169-475e-ae06-4c6d2407d974,2026-09-16T11:45:00Z,2026-09-16T13:45:00+0200,0.0,EUR/MWh,PT,PT,day_ahead_price,value,2026-09-23T08:05:09Z
2026-09-23T08:01:26Z,2026-09-23T10:01:26+0200,518a423e-2169-475e-ae06-4c6d2407d974,2026-09-16T12:00:00Z,2026-09-16T14:00:00+0200,0.0,EUR/MWh,PT,PT,day_ahead_price,value,2026-09-23T08:05:09Z
2026-09-23T08:01:26Z,2026-09-23T10:01:26+0200,518a423e-2169-475e-ae06-4c6d2407d974,2026-09-16T12:15:00Z,2026-09-16T14:15:00+0200,0.0,EUR/MWh,PT,PT,day_ahead_price,value,2026-09-23T08:05:09Z
2026-09-23T08:01:26Z,2026-09-23T10:01:26+0200,518a423e-2169-475e-ae06-4c6d2407d974,2026-09-16T12:30:00Z,2026-09-16T14:30:00+0200,0.0,EUR/MWh,PT,PT,day_ahead_price,value,2026-09-23T08:05:09Z
2026-09-23T08:01:26Z,2026-09-23T10:01:26+0200,518a423e-2169-475e-ae06-4c6d2407d974,2026-09-16T12:45:00Z,2026-09-16T14:45:00+0200,0.01,EUR/MWh,PT,PT,day_ahead_price,value,2026-09-23T08:05:09Z
2026-09-23T08:01:26Z,2026-09-23T10:01:26+0200,518a423e-2169-475e-ae06-4c6d2407d974,2026-09-16T13:00:00Z,2026-09-16T15:00:00+0200,0.0,EUR/MWh,PT,PT,day_ahead_price,value,2026-09-23T08:05:09Z
2026-09-23T08:01:26Z,2026-09-23T10:01:26+0200,518a423e-2169-475e-ae06-4c6d2407d974,2026-09-16T13:15:00Z,2026-09-16T15:15:00+0200,0.0,EUR/MWh,PT,PT,day_ahead_price,value,2026-09-23T08:05:09Z
2026-09-23T08:01:26Z,2026-09-23T10:01:26+0200,518a423e-2169-475e-ae06-4c6d2407d974,2026-09-16T13:30:00Z,2026-09-16T15:30:00+0200,0.01,EUR/MWh,PT,PT,day_ahead_price,value,2026-09-23T08:05:09Z
2026-09-23T08:01:26Z,2026-09-23T10:01:26+0200,518a423e-2169-475e-ae06-4c6d2407d974,2026-09-16T13:45:00Z,2026-09-16T15:45:00+0200,0.01,EUR/MWh,PT,PT,day_ahead_price,value,2026-09-23T08:05:09Z
2026-09-23T08:01:26Z,2026-09-23T10:01:26+0200,518a423e-2169-475e-ae06-4c6d2407d974,2026-09-16T14:00:00Z,2026-09-16T16:00:00+0200,0.01,EUR/MWh,PT,PT,day_ahead_price,value,2026-09-23T08:05:09Z
2026-09-23T08:01:26Z,2026-09-23T10:01:26+0200,518a423e-2169-475e-ae06-4c6d2407d974,2026-09-16T14:15:00Z,2026-09-16T16:15:00+0200,0.28,EUR/MWh,PT,PT,day_ahead_price,value,2026-09-23T08:05:09Z
2026-09-23T08:01:26Z,2026-09-23T10:01:26+0200,518a423e-2169-475e-ae06-4c6d2407d974,2026-09-16T14:30:00Z,2026-09-16T16:30:00+0200,0.52,EUR/MWh,PT,PT,day_ahead_price,value,2026-09-23T08:05:09Z
2026-09-23T08:01:26Z,2026-09-23T10:01:26+0200,518a423e-2169-475e-ae06-4c6d2407d974,2026-09-16T14:45:00Z,2026-09-16T16:45:00+0200,1.0,EUR/MWh,PT,PT,day_ahead_price,value,2026-09-23T08:05:09Z
2026-09-23T08:01:26Z,2026-09-23T10:01:26+0200,518a423e-2169-475e-ae06-4c6d2407d974,2026-09-16T15:00:00Z,2026-09-16T17:00:00+0200,1.08,EUR/MWh,PT,PT,day_ahead_price,value,2026-09-23T08:05:09Z
2026-09-23T08:01:26Z,2026-09-23T10:01:26+0200,518a423e-2169-475e-ae06-4c6d2407d974,2026-09-16T15:15:00Z,2026-09-16T17:15:00+0200,1.95,EUR/MWh,PT,PT,day_ahead_price,value,2026-09-23T08:05:09Z
2026-09-23T08:01:26Z,2026-09-23T10:01:26+0200,518a423e-2169-475e-ae06-4c6d2407d974,2026-09-16T15:30:00Z,2026-09-16T17:30:00+0200,5.1,EUR/MWh,PT,PT,day_ahead_price,value,2026-09-23T08:05:09Z
2026-09-23T08:01:26Z,2026-09-23T10:01:26+0200,518a423e-2169-475e-ae06-4c6d2407d974,2026-09-16T15:45:00Z,2026-09-16T17:45:00+0200,6.07,EUR/MWh,PT,PT,day_ahead_price,value,2026-09-23T08:05:09Z
2026-09-23T08:01:26Z,2026-09-23T10:01:26+0200,518a423e-2169-475e-ae06-4c6d2407d974,2026-09-16T16:00:00Z,2026-09-16T18:00:00+0200,1.75,EUR/MWh,PT,PT,day_ahead_price,value,2026-09-23T08:05:09Z
2026-09-23T08:01:26Z,2026-09-23T10:01:26+0200,518a423e-2169-475e-ae06-4c6d2407d974,2026-09-16T16:15:00Z,2026-09-16T18:15:00+0200,12.55,EUR/MWh,PT,PT,day_ahead_price,value,2026-09-23T08:05:09Z
2026-09-23T08:01:26Z,2026-09-23T10:01:26+0200,518a423e-2169-475e-ae06-4c6d2407d974,2026-09-16T16:30:00Z,2026-09-16T18:30:00+0200,38.55,EUR/MWh,PT,PT,day_ahead_price,value,2026-09-23T08:05:09Z
2026-09-23T08:01:26Z,2026-09-23T10:01:26+0200,518a423e-2169-475e-ae06-4c6d2407d974,2026-09-16T16:45:00Z,2026-09-16T18:45:00+0200,90.65,EUR/MWh,PT,PT,day_ahead_price,value,2026-09-23T08:05:09Z
2026-09-23T08:01:26Z,2026-09-23T10:01:26+0200,518a423e-2169-475e-ae06-4c6d2407d974,2026-09-16T17:00:00Z,2026-09-16T19:00:00+0200,90.0,EUR/MWh,PT,PT,day_ahead_price,value,2026-09-23T08:05:09Z
2026-09-23T08:01:26Z,2026-09-23T10:01:26+0200,518a423e-2169-475e-ae06-4c6d2407d974,2026-09-16T17:15:00Z,2026-09-16T19:15:00+0200,119.01,EUR/MWh,PT,PT,day_ahead_price,value,2026-09-23T08:05:09Z
2026-09-23T08:01:26Z,2026-09-23T10:01:26+0200,518a423e-2169-475e-ae06-4c6d2407d974,2026-09-16T17:30:00Z,2026-09-16T19:30:00+0200,130.0,EUR/MWh,PT,PT,day_ahead_price,value,2026-09-23T08:05:09Z
2026-09-23T08:01:26Z,2026-09-23T10:01:26+0200,518a423e-2169-475e-ae06-4c6d2407d974,2026-09-16T17:45:00Z,2026-09-16T19:45:00+0200,180.3,EUR/MWh,PT,PT,day_ahead_price,value,2026-09-23T08:05:09Z
2026-09-23T08:01:26Z,2026-09-23T10:01:26+0200,518a423e-2169-475e-ae06-4c6d2407d974,2026-09-16T18:00:00Z,2026-09-16T20:00:00+0200,180.0,EUR/MWh,PT,PT,day_ahead_price,value,2026-09-23T08:05:09Z
2026-09-23T08:01:26Z,2026-09-23T10:01:26+0200,518a423e-2169-475e-ae06-4c6d2407d974,2026-09-16T18:15:00Z,2026-09-16T20:15:00+0200,194.24,EUR/MWh,PT,PT,day_ahead_price,value,2026-09-23T08:05:09Z
2026-09-23T08:01:26Z,2026-09-23T10:01:26+0200,518a423e-2169-475e-ae06-4c6d2407d974,2026-09-16T18:30:00Z,2026-09-16T20:30:00+0200,196.12,EUR/MWh,PT,PT,day_ahead_price,value,2026-09-23T08:05:09Z
2026-09-23T08:01:26Z,2026-09-23T10:01:26+0200,518a423e-2169-475e-ae06-4c6d2407d974,2026-09-16T18:45:00Z,2026-09-16T20:45:00+0200,196.18,EUR/MWh,PT,PT,day_ahead_price,value,2026-09-23T08:05:09Z
2026-09-23T08:01:26Z,2026-09-23T10:01:26+0200,518a423e-2169-475e-ae06-4c6d2407d974,2026-09-16T19:00:00Z,2026-09-16T21:00:00+0200,196.12,EUR/MWh,PT,PT,day_ahead_price,value,2026-09-23T08:05:09Z
2026-09-23T08:01:26Z,2026-09-23T10:01:26+0200,518a423e-2169-475e-ae06-4c6d2407d974,2026-09-16T19:15:00Z,2026-09-16T21:15:00+0200,195.18,EUR/MWh,PT,PT,day_ahead_price,value,2026-09-23T08:05:09Z
2026-09-23T08:01:26Z,2026-09-23T10:01:26+0200,518a423e-2169-475e-ae06-4c6d2407d974,2026-09-16T19:30:00Z,2026-09-16T21:30:00+0200,194.24,EUR/MWh,PT,PT,day_ahead_price,value,2026-09-23T08:05:09Z
2026-09-23T08:01:26Z,2026-09-23T10:01:26+0200,518a423e-2169-475e-ae06-4c6d2407d974,2026-09-16T19:45:00Z,2026-09-16T21:45:00+0200,189.66,EUR/MWh,PT,PT,day_ahead_price,value,2026-09-23T08:05:09Z
2026-09-23T08:01:26Z,2026-09-23T10:01:26+0200,518a423e-2169-475e-ae06-4c6d2407d974,2026-09-16T20:00:00Z,2026-09-16T22:00:00+0200,174.73,EUR/MWh,PT,PT,day_ahead_price,value,2026-09-23T08:05:09Z
2026-09-23T08:01:26Z,2026-09-23T10:01:26+0200,518a423e-2169-475e-ae06-4c6d2407d974,2026-09-16T20:15:00Z,2026-09-16T22:15:00+0200,168.99,EUR/MWh,PT,PT,day_ahead_price,value,2026-09-23T08:05:09Z
2026-09-23T08:01:26Z,2026-09-23T10:01:26+0200,518a423e-2169-475e-ae06-4c6d2407d974,2026-09-16T20:30:00Z,2026-09-16T22:30:00+0200,152.0,EUR/MWh,PT,PT,day_ahead_price,value,2026-09-23T08:05:09Z
2026-09-23T08:01:26Z,2026-09-23T10:01:26+0200,518a423e-2169-475e-ae06-4c6d2407d974,2026-09-16T20:45:00Z,2026-09-16T22:45:00+0200,150.0,EUR/MWh,PT,PT,day_ahead_price,value,2026-09-23T08:05:09Z
2026-09-23T08:01:26Z,2026-09-23T10:01:26+0200,518a423e-2169-475e-ae06-4c6d2407d974,2026-09-16T21:00:00Z,2026-09-16T23:00:00+0200,152.0,EUR/MWh,PT,PT,day_ahead_price,value,2026-09-23T08:05:09Z
2026-09-23T08:01:26Z,2026-09-23T10:01:26+0200,518a423e-2169-475e-ae06-4c6d2407d974,2026-09-16T21:15:00Z,2026-09-16T23:15:00+0200,150.0,EUR/MWh,PT,PT,day_ahead_price,value,2026-09-23T08:05:09Z
2026-09-23T08:01:26Z,2026-09-23T10:01:26+0200,518a423e-2169-475e-ae06-4c6d2407d974,2026-09-16T21:30:00Z,2026-09-16T23:30:00+0200,135.0,EUR/MWh,PT,PT,day_ahead_price,value,2026-09-23T08:05:09Z
2026-09-23T08:01:26Z,2026-09-23T10:01:26+0200,518a423e-2169-475e-ae06-4c6d2407d974,2026-09-16T21:45:00Z,2026-09-16T23:45:00+0200,127.66,EUR/MWh,PT,PT,day_ahead_price,value,2026-09-23T08:05:09Z
2026-09-23T08:01:26Z,2026-09-23T10:01:26+0200,518a423e-2169-475e-ae06-4c6d2407d974,2026-09-16T22:00:00Z,2026-09-17T00:00:00+0200,188.57,EUR/MWh,PT,PT,day_ahead_price,value,2026-09-23T08:05:09Z
2026-09-23T08:01:26Z,2026-09-23T10:01:26+0200,518a423e-2169-475e-ae06-4c6d2407d974,2026-09-16T22:15:00Z,2026-09-17T00:15:00+0200,177.0,EUR/MWh,PT,PT,day_ahead_price,value,2026-09-23T08:05:09Z
2026-09-23T08:01:26Z,2026-09-23T10:01:26+0200,518a423e-2169-475e-ae06-4c6d2407d974,2026-09-16T22:30:00Z,2026-09-17T00:30:00+0200,169.23,EUR/MWh,PT,PT,day_ahead_price,value,2026-09-23T08:05:09Z
2026-09-23T08:01:26Z,2026-09-23T10:01:26+0200,518a423e-2169-475e-ae06-4c6d2407d974,2026-09-16T22:45:00Z,2026-09-17T00:45:00+0200,160.0,EUR/MWh,PT,PT,day_ahead_price,value,2026-09-23T08:05:09Z
2026-09-23T08:01:26Z,2026-09-23T10:01:26+0200,518a423e-2169-475e-ae06-4c6d2407d974,2026-09-16T23:00:00Z,2026-09-17T01:00:00+0200,162.05,EUR/MWh,PT,PT,day_ahead_price,value,2026-09-23T08:05:09Z
2026-09-23T08:01:26Z,2026-09-23T10:01:26+0200,518a423e-2169-475e-ae06-4c6d2407d974,2026-09-16T23:15:00Z,2026-09-17T01:15:00+0200,155.38,EUR/MWh,PT,PT,day_ahead_price,value,2026-09-23T08:05:09Z
2026-09-23T08:01:26Z,2026-09-23T10:01:26+0200,518a423e-2169-475e-ae06-4c6d2407d974,2026-09-16T23:30:00Z,2026-09-17T01:30:00+0200,155.2,EUR/MWh,PT,PT,day_ahead_price,value,2026-09-23T08:05:09Z
2026-09-23T08:01:26Z,2026-09-23T10:01:26+0200,518a423e-2169-475e-ae06-4c6d2407d974,2026-09-16T23:45:00Z,2026-09-17T01:45:00+0200,151.33,EUR/MWh,PT,PT,day_ahead_price,value,2026-09-23T08:05:09Z
2026-09-23T08:01:26Z,2026-09-23T10:01:26+0200,518a423e-2169-475e-ae06-4c6d2407d974,2026-09-17T00:00:00Z,2026-09-17T02:00:00+0200,149.38,EUR/MWh,PT,PT,day_ahead_price,value,2026-09-23T08:05:09Z
2026-09-23T08:01:26Z,2026-09-23T10:01:26+0200,518a423e-2169-475e-ae06-4c6d2407d974,2026-09-17T00:15:00Z,2026-09-17T02:15:00+0200,139.11,EUR/MWh,PT,PT,day_ahead_price,value,2026-09-23T08:05:09Z
2026-09-23T08:01:26Z,2026-09-23T10:01:26+0200,518a423e-2169-475e-ae06-4c6d2407d974,2026-09-17T00:30:00Z,2026-09-17T02:30:00+0200,130.01,EUR/MWh,PT,PT,day_ahead_price,value,2026-09-23T08:05:09Z
2026-09-23T08:01:26Z,2026-09-23T10:01:26+0200,518a423e-2169-475e-ae06-4c6d2407d974,2026-09-17T00:45:00Z,2026-09-17T02:45:00+0200,126.0,EUR/MWh,PT,PT,day_ahead_price,value,2026-09-23T08:05:09Z
2026-09-23T08:01:26Z,2026-09-23T10:01:26+0200,518a423e-2169-475e-ae06-4c6d2407d974,2026-09-17T01:00:00Z,2026-09-17T03:00:00+0200,125.77,EUR/MWh,PT,PT,day_ahead_price,value,2026-09-23T08:05:09Z
2026-09-23T08:01:26Z,2026-09-23T10:01:26+0200,518a423e-2169-475e-ae06-4c6d2407d974,2026-09-17T01:15:00Z,2026-09-17T03:15:00+0200,125.35,EUR/MWh,PT,PT,day_ahead_price,value,2026-09-23T08:05:09Z
2026-09-23T08:01:26Z,2026-09-23T10:01:26+0200,518a423e-2169-475e-ae06-4c6d2407d974,2026-09-17T01:30:00Z,2026-09-17T03:30:00+0200,125.35,EUR/MWh,PT,PT,day_ahead_price,value,2026-09-23T08:05:09Z
2026-09-23T08:01:26Z,2026-09-23T10:01:26+0200,518a423e-2169-475e-ae06-4c6d2407d974,2026-09-17T01:45:00Z,2026-09-17T03:45:00+0200,125.35,EUR/MWh,PT,PT,day_ahead_price,value,2026-09-23T08:05:09Z
2026-09-23T08:01:26Z,2026-09-23T10:01:26+0200,518a423e-2169-475e-ae06-4c6d2407d974,2026-09-17T02:00:00Z,2026-09-17T04:00:00+0200,125.77,EUR/MWh,PT,PT,day_ahead_price,value,2026-09-23T08:05:09Z
2026-09-23T08:01:26Z,2026-09-23T10:01:26+0200,518a423e-2169-475e-ae06-4c6d2407d974,2026-09-17T02:15:00Z,2026-09-17T04:15:00+0200,126.05,EUR/MWh,PT,PT,day_ahead_price,value,2026-09-23T08:05:09Z
2026-09-23T08:01:26Z,2026-09-23T10:01:26+0200,518a423e-2169-475e-ae06-4c6d2407d974,2026-09-17T02:30:00Z,2026-09-17T04:30:00+0200,130.0,EUR/MWh,PT,PT,day_ahead_price,value,2026-09-23T08:05:09Z
2026-09-23T08:01:26Z,2026-09-23T10:01:26+0200,518a423e-2169-475e-ae06-4c6d2407d974,2026-09-17T02:45:00Z,2026-09-17T04:45:00+0200,140.0,EUR/MWh,PT,PT,day_ahead_price,value,2026-09-23T08:05:09Z
2026-09-23T08:01:26Z,2026-09-23T10:01:26+0200,518a423e-2169-475e-ae06-4c6d2407d974,2026-09-17T03:00:00Z,2026-09-17T05:00:00+0200,132.06,EUR/MWh,PT,PT,day_ahead_price,value,2026-09-23T08:05:09Z
2026-09-23T08:01:26Z,2026-09-23T10:01:26+0200,518a423e-2169-475e-ae06-4c6d2407d974,2026-09-17T03:15:00Z,2026-09-17T05:15:00+0200,135.0,EUR/MWh,PT,PT,day_ahead_price,value,2026-09-23T08:05:09Z
2026-09-23T08:01:26Z,2026-09-23T10:01:26+0200,518a423e-2169-475e-ae06-4c6d2407d974,2026-09-17T03:30:00Z,2026-09-17T05:30:00+0200,145.0,EUR/MWh,PT,PT,day_ahead_price,value,2026-09-23T08:05:09Z
2026-09-23T08:01:26Z,2026-09-23T10:01:26+0200,518a423e-2169-475e-ae06-4c6d2407d974,2026-09-17T03:45:00Z,2026-09-17T05:45:00+0200,150.0,EUR/MWh,PT,PT,day_ahead_price,value,2026-09-23T08:05:09Z
2026-09-23T08:01:26Z,2026-09-23T10:01:26+0200,518a423e-2169-475e-ae06-4c6d2407d974,2026-09-17T04:00:00Z,2026-09-17T06:00:00+0200,165.75,EUR/MWh,PT,PT,day_ahead_price,value,2026-09-23T08:05:09Z
2026-09-23T08:01:26Z,2026-09-23T10:01:26+0200,518a423e-2169-475e-ae06-4c6d2407d974,2026-09-17T04:15:00Z,2026-09-17T06:15:00+0200,185.5,EUR/MWh,PT,PT,day_ahead_price,value,2026-09-23T08:05:09Z
2026-09-23T08:01:26Z,2026-09-23T10:01:26+0200,518a423e-2169-475e-ae06-4c6d2407d974,2026-09-17T04:30:00Z,2026-09-17T06:30:00+0200,190.67,EUR/MWh,PT,PT,day_ahead_price,value,2026-09-23T08:05:09Z
2026-09-23T08:01:26Z,2026-09-23T10:01:26+0200,518a423e-2169-475e-ae06-4c6d2407d974,2026-09-17T04:45:00Z,2026-09-17T06:45:00+0200,192.25,EUR/MWh,PT,PT,day_ahead_price,value,2026-09-23T08:05:09Z
2026-09-23T08:01:26Z,2026-09-23T10:01:26+0200,518a423e-2169-475e-ae06-4c6d2407d974,2026-09-17T05:00:00Z,2026-09-17T07:00:00+0200,193.83,EUR/MWh,PT,PT,day_ahead_price,value,2026-09-23T08:05:09Z
2026-09-23T08:01:26Z,2026-09-23T10:01:26+0200,518a423e-2169-475e-ae06-4c6d2407d974,2026-09-17T05:15:00Z,2026-09-17T07:15:00+0200,200.67,EUR/MWh,PT,PT,day_ahead_price,value,2026-09-23T08:05:09Z
2026-09-23T08:01:26Z,2026-09-23T10:01:26+0200,518a423e-2169-475e-ae06-4c6d2407d974,2026-09-17T05:30:00Z,2026-09-17T07:30:00+0200,210.2,EUR/MWh,PT,PT,day_ahead_price,value,2026-09-23T08:05:09Z
2026-09-23T08:01:26Z,2026-09-23T10:01:26+0200,518a423e-2169-475e-ae06-4c6d2407d974,2026-09-17T05:45:00Z,2026-09-17T07:45:00+0200,205.0,EUR/MWh,PT,PT,day_ahead_price,value,2026-09-23T08:05:09Z
2026-09-23T08:01:26Z,2026-09-23T10:01:26+0200,518a423e-2169-475e-ae06-4c6d2407d974,2026-09-17T06:00:00Z,2026-09-17T08:00:00+0200,215.92,EUR/MWh,PT,PT,day_ahead_price,value,2026-09-23T08:05:09Z
2026-09-23T08:01:26Z,2026-09-23T10:01:26+0200,518a423e-2169-475e-ae06-4c6d2407d974,2026-09-17T06:15:00Z,2026-09-17T08:15:00+0200,204.95,EUR/MWh,PT,PT,day_ahead_price,value,2026-09-23T08:05:09Z
2026-09-23T08:01:26Z,2026-09-23T10:01:26+0200,518a423e-2169-475e-ae06-4c6d2407d974,2026-09-17T06:30:00Z,2026-09-17T08:30:00+0200,195.0,EUR/MWh,PT,PT,day_ahead_price,value,2026-09-23T08:05:09Z
2026-09-23T08:01:26Z,2026-09-23T10:01:26+0200,518a423e-2169-475e-ae06-4c6d2407d974,2026-09-17T06:45:00Z,2026-09-17T08:45:00+0200,175.0,EUR/MWh,PT,PT,day_ahead_price,value,2026-09-23T08:05:09Z
2026-09-23T08:01:26Z,2026-09-23T10:01:26+0200,518a423e-2169-475e-ae06-4c6d2407d974,2026-09-17T07:00:00Z,2026-09-17T09:00:00+0200,200.0,EUR/MWh,PT,PT,day_ahead_price,value,2026-09-23T08:05:09Z
2026-09-23T08:01:26Z,2026-09-23T10:01:26+0200,518a423e-2169-475e-ae06-4c6d2407d974,2026-09-17T07:15:00Z,2026-09-17T09:15:00+0200,180.0,EUR/MWh,PT,PT,day_ahead_price,value,2026-09-23T08:05:09Z
2026-09-23T08:01:26Z,2026-09-23T10:01:26+0200,518a423e-2169-475e-ae06-4c6d2407d974,2026-09-17T07:30:00Z,2026-09-17T09:30:00+0200,155.2,EUR/MWh,PT,PT,day_ahead_price,value,2026-09-23T08:05:09Z
2026-09-23T08:01:26Z,2026-09-23T10:01:26+0200,518a423e-2169-475e-ae06-4c6d2407d974,2026-09-17T07:45:00Z,2026-09-17T09:45:00+0200,124.86,EUR/MWh,PT,PT,day_ahead_price,value,2026-09-23T08:05:09Z
2026-09-23T08:01:26Z,2026-09-23T10:01:26+0200,518a423e-2169-475e-ae06-4c6d2407d974,2026-09-17T08:00:00Z,2026-09-17T10:00:00+0200,119.34,EUR/MWh,PT,PT,day_ahead_price,value,2026-09-23T08:05:09Z
2026-09-23T08:01:26Z,2026-09-23T10:01:26+0200,518a423e-2169-475e-ae06-4c6d2407d974,2026-09-17T08:15:00Z,2026-09-17T10:15:00+0200,101.6,EUR/MWh,PT,PT,day_ahead_price,value,2026-09-23T08:05:09Z
2026-09-23T08:01:26Z,2026-09-23T10:01:26+0200,518a423e-2169-475e-ae06-4c6d2407d974,2026-09-17T08:30:00Z,2026-09-17T10:30:00+0200,84.06,EUR/MWh,PT,PT,day_ahead_price,value,2026-09-23T08:05:09Z
2026-09-23T08:01:26Z,2026-09-23T10:01:26+0200,518a423e-2169-475e-ae06-4c6d2407d974,2026-09-17T08:45:00Z,2026-09-17T10:45:00+0200,44.49,EUR/MWh,PT,PT,day_ahead_price,value,2026-09-23T08:05:09Z
2026-09-23T08:01:26Z,2026-09-23T10:01:26+0200,518a423e-2169-475e-ae06-4c6d2407d974,2026-09-17T09:00:00Z,2026-09-17T11:00:00+0200,25.2,EUR/MWh,PT,PT,day_ahead_price,value,2026-09-23T08:05:09Z
2026-09-23T08:01:26Z,2026-09-23T10:01:26+0200,518a423e-2169-475e-ae06-4c6d2407d974,2026-09-17T09:15:00Z,2026-09-17T11:15:00+0200,6.07,EUR/MWh,PT,PT,day_ahead_price,value,2026-09-23T08:05:09Z
2026-09-23T08:01:26Z,2026-09-23T10:01:26+0200,518a423e-2169-475e-ae06-4c6d2407d974,2026-09-17T09:30:00Z,2026-09-17T11:30:00+0200,1.52,EUR/MWh,PT,PT,day_ahead_price,value,2026-09-23T08:05:09Z
2026-09-23T08:01:26Z,2026-09-23T10:01:26+0200,518a423e-2169-475e-ae06-4c6d2407d974,2026-09-17T09:45:00Z,2026-09-17T11:45:00+0200,1.08,EUR/MWh,PT,PT,day_ahead_price,value,2026-09-23T08:05:09Z
2026-09-23T08:01:26Z,2026-09-23T10:01:26+0200,518a423e-2169-475e-ae06-4c6d2407d974,2026-09-17T10:00:00Z,2026-09-17T12:00:00+0200,2.0,EUR/MWh,PT,PT,day_ahead_price,value,2026-09-23T08:05:09Z
2026-09-23T08:01:26Z,2026-09-23T10:01:26+0200,518a423e-2169-475e-ae06-4c6d2407d974,2026-09-17T10:15:00Z,2026-09-17T12:15:00+0200,2.0,EUR/MWh,PT,PT,day_ahead_price,value,2026-09-23T08:05:09Z
2026-09-23T08:01:26Z,2026-09-23T10:01:26+0200,518a423e-2169-475e-ae06-4c6d2407d974,2026-09-17T10:30:00Z,2026-09-17T12:30:00+0200,2.0,EUR/MWh,PT,PT,day_ahead_price,value,2026-09-23T08:05:09Z
2026-09-23T08:01:26Z,2026-09-23T10:01:26+0200,518a423e-2169-475e-ae06-4c6d2407d974,2026-09-17T10:45:00Z,2026-09-17T12:45:00+0200,2.0,EUR/MWh,PT,PT,day_ahead_price,value,2026-09-23T08:05:09Z
2026-09-23T08:01:26Z,2026-09-23T10:01:26+0200,518a423e-2169-475e-ae06-4c6d2407d974,2026-09-17T11:00:00Z,2026-09-17T13:00:00+0200,4.77,EUR/MWh,PT,PT,day_ahead_price,value,2026-09-23T08:05:09Z
2026-09-23T08:01:26Z,2026-09-23T10:01:26+0200,518a423e-2169-475e-ae06-4c6d2407d974,2026-09-17T11:15:00Z,2026-09-17T13:15:00+0200,4.0,EUR/MWh,PT,PT,day_ahead_price,value,2026-09-23T08:05:09Z
2026-09-23T08:01:26Z,2026-09-23T10:01:26+0200,518a423e-2169-475e-ae06-4c6d2407d974,2026-09-17T11:30:00Z,2026-09-17T13:30:00+0200,2.32,EUR/MWh,PT,PT,day_ahead_price,value,2026-09-23T08:05:09Z
2026-09-23T08:01:26Z,2026-09-23T10:01:26+0200,518a423e-2169-475e-ae06-4c6d2407d974,2026-09-17T11:45:00Z,2026-09-17T13:45:00+0200,2.0,EUR/MWh,PT,PT,day_ahead_price,value,2026-09-23T08:05:09Z
2026-09-23T08:01:26Z,2026-09-23T10:01:26+0200,518a423e-2169-475e-ae06-4c6d2407d974,2026-09-17T12:00:00Z,2026-09-17T14:00:00+0200,2.0,EUR/MWh,PT,PT,day_ahead_price,value,2026-09-23T08:05:09Z
2026-09-23T08:01:26Z,2026-09-23T10:01:26+0200,518a423e-2169-475e-ae06-4c6d2407d974,2026-09-17T12:15:00Z,2026-09-17T14:15:00+0200,2.0,EUR/MWh,PT,PT,day_ahead_price,value,2026-09-23T08:05:09Z
2026-09-23T08:01:26Z,2026-09-23T10:01:26+0200,518a423e-2169-475e-ae06-4c6d2407d974,2026-09-17T12:30:00Z,2026-09-17T14:30:00+0200,2.0,EUR/MWh,PT,PT,day_ahead_price,value,2026-09-23T08:05:09Z
2026-09-23T08:01:26Z,2026-09-23T10:01:26+0200,518a423e-2169-475e-ae06-4c6d2407d974,2026-09-17T12:45:00Z,2026-09-17T14:45:00+0200,4.0,EUR/MWh,PT,PT,day_ahead_price,value,2026-09-23T08:05:09Z
2026-09-23T08:01:26Z,2026-09-23T10:01:26+0200,518a423e-2169-475e-ae06-4c6d2407d974,2026-09-17T13:00:00Z,2026-09-17T15:00:00+0200,5.02,EUR/MWh,PT,PT,day_ahead_price,value,2026-09-23T08:05:09Z
2026-09-23T08:01:26Z,2026-09-23T10:01:26+0200,518a423e-2169-475e-ae06-4c6d2407d974,2026-09-17T13:15:00Z,2026-09-17T15:15:00+0200,5.02,EUR/MWh,PT,PT,day_ahead_price,value,2026-09-23T08:05:09Z
2026-09-23T08:01:26Z,2026-09-23T10:01:26+0200,518a423e-2169-475e-ae06-4c6d2407d974,2026-09-17T13:30:00Z,2026-09-17T15:30:00+0200,9.48,EUR/MWh,PT,PT,day_ahead_price,value,2026-09-23T08:05:09Z
2026-09-23T08:01:26Z,2026-09-23T10:01:26+0200,518a423e-2169-475e-ae06-4c6d2407d974,2026-09-17T13:45:00Z,2026-09-17T15:45:00+0200,13.21,EUR/MWh,PT,PT,day_ahead_price,value,2026-09-23T08:05:09Z
2026-09-23T08:01:26Z,2026-09-23T10:01:26+0200,518a423e-2169-475e-ae06-4c6d2407d974,2026-09-17T14:00:00Z,2026-09-17T16:00:00+0200,12.55,EUR/MWh,PT,PT,day_ahead_price,value,2026-09-23T08:05:09Z
2026-09-23T08:01:26Z,2026-09-23T10:01:26+0200,518a423e-2169-475e-ae06-4c6d2407d974,2026-09-17T14:15:00Z,2026-09-17T16:15:00+0200,24.0,EUR/MWh,PT,PT,day_ahead_price,value,2026-09-23T08:05:09Z
2026-09-23T08:01:26Z,2026-09-23T10:01:26+0200,518a423e-2169-475e-ae06-4c6d2407d974,2026-09-17T14:30:00Z,2026-09-17T16:30:00+0200,37.85,EUR/MWh,PT,PT,day_ahead_price,value,2026-09-23T08:05:09Z
2026-09-23T08:01:26Z,2026-09-23T10:01:26+0200,518a423e-2169-475e-ae06-4c6d2407d974,2026-09-17T14:45:00Z,2026-09-17T16:45:00+0200,45.05,EUR/MWh,PT,PT,day_ahead_price,value,2026-09-23T08:05:09Z
2026-09-23T08:01:26Z,2026-09-23T10:01:26+0200,518a423e-2169-475e-ae06-4c6d2407d974,2026-09-17T15:00:00Z,2026-09-17T17:00:00+0200,66.47,EUR/MWh,PT,PT,day_ahead_price,value,2026-09-23T08:05:09Z
2026-09-23T08:01:26Z,2026-09-23T10:01:26+0200,518a423e-2169-475e-ae06-4c6d2407d974,2026-09-17T15:15:00Z,2026-09-17T17:15:00+0200,90.3,EUR/MWh,PT,PT,day_ahead_price,value,2026-09-23T08:05:09Z
2026-09-23T08:01:26Z,2026-09-23T10:01:26+0200,518a423e-2169-475e-ae06-4c6d2407d974,2026-09-17T15:30:00Z,2026-09-17T17:30:00+0200,108.3,EUR/MWh,PT,PT,day_ahead_price,value,2026-09-23T08:05:09Z
2026-09-23T08:01:26Z,2026-09-23T10:01:26+0200,518a423e-2169-475e-ae06-4c6d2407d974,2026-09-17T15:45:00Z,2026-09-17T17:45:00+0200,125.1,EUR/MWh,PT,PT,day_ahead_price,value,2026-09-23T08:05:09Z
2026-09-23T08:01:26Z,2026-09-23T10:01:26+0200,518a423e-2169-475e-ae06-4c6d2407d974,2026-09-17T16:00:00Z,2026-09-17T18:00:00+0200,125.35,EUR/MWh,PT,PT,day_ahead_price,value,2026-09-23T08:05:09Z
2026-09-23T08:01:26Z,2026-09-23T10:01:26+0200,518a423e-2169-475e-ae06-4c6d2407d974,2026-09-17T16:15:00Z,2026-09-17T18:15:00+0200,160.0,EUR/MWh,PT,PT,day_ahead_price,value,2026-09-23T08:05:09Z
2026-09-23T08:01:26Z,2026-09-23T10:01:26+0200,518a423e-2169-475e-ae06-4c6d2407d974,2026-09-17T16:30:00Z,2026-09-17T18:30:00+0200,189.87,EUR/MWh,PT,PT,day_ahead_price,value,2026-09-23T08:05:09Z
2026-09-23T08:01:26Z,2026-09-23T10:01:26+0200,518a423e-2169-475e-ae06-4c6d2407d974,2026-09-17T16:45:00Z,2026-09-17T18:45:00+0200,210.2,EUR/MWh,PT,PT,day_ahead_price,value,2026-09-23T08:05:09Z
2026-09-23T08:01:26Z,2026-09-23T10:01:26+0200,518a423e-2169-475e-ae06-4c6d2407d974,2026-09-17T17:00:00Z,2026-09-17T19:00:00+0200,181.0,EUR/MWh,PT,PT,day_ahead_price,value,2026-09-23T08:05:09Z
2026-09-23T08:01:26Z,2026-09-23T10:01:26+0200,518a423e-2169-475e-ae06-4c6d2407d974,2026-09-17T17:15:00Z,2026-09-17T19:15:00+0200,200.51,EUR/MWh,PT,PT,day_ahead_price,value,2026-09-23T08:05:09Z
2026-09-23T08:01:26Z,2026-09-23T10:01:26+0200,518a423e-2169-475e-ae06-4c6d2407d974,2026-09-17T17:30:00Z,2026-09-17T19:30:00+0200,219.14,EUR/MWh,PT,PT,day_ahead_price,value,2026-09-23T08:05:09Z
2026-09-23T08:01:26Z,2026-09-23T10:01:26+0200,518a423e-2169-475e-ae06-4c6d2407d974,2026-09-17T17:45:00Z,2026-09-17T19:45:00+0200,244.11,EUR/MWh,PT,PT,day_ahead_price,value,2026-09-23T08:05:09Z
2026-09-23T08:01:26Z,2026-09-23T10:01:26+0200,518a423e-2169-475e-ae06-4c6d2407d974,2026-09-17T18:00:00Z,2026-09-17T20:00:00+0200,224.55,EUR/MWh,PT,PT,day_ahead_price,value,2026-09-23T08:05:09Z
2026-09-23T08:01:26Z,2026-09-23T10:01:26+0200,518a423e-2169-475e-ae06-4c6d2407d974,2026-09-17T18:15:00Z,2026-09-17T20:15:00+0200,221.63,EUR/MWh,PT,PT,day_ahead_price,value,2026-09-23T08:05:09Z
2026-09-23T08:01:26Z,2026-09-23T10:01:26+0200,518a423e-2169-475e-ae06-4c6d2407d974,2026-09-17T18:30:00Z,2026-09-17T20:30:00+0200,222.52,EUR/MWh,PT,PT,day_ahead_price,value,2026-09-23T08:05:09Z
2026-09-23T08:01:26Z,2026-09-23T10:01:26+0200,518a423e-2169-475e-ae06-4c6d2407d974,2026-09-17T18:45:00Z,2026-09-17T20:45:00+0200,219.44,EUR/MWh,PT,PT,day_ahead_price,value,2026-09-23T08:05:09Z
2026-09-23T08:01:26Z,2026-09-23T10:01:26+0200,518a423e-2169-475e-ae06-4c6d2407d974,2026-09-17T19:00:00Z,2026-09-17T21:00:00+0200,226.0,EUR/MWh,PT,PT,day_ahead_price,value,2026-09-23T08:05:09Z
2026-09-23T08:01:26Z,2026-09-23T10:01:26+0200,518a423e-2169-475e-ae06-4c6d2407d974,2026-09-17T19:15:00Z,2026-09-17T21:15:00+0200,225.0,EUR/MWh,PT,PT,day_ahead_price,value,2026-09-23T08:05:09Z
2026-09-23T08:01:26Z,2026-09-23T10:01:26+0200,518a423e-2169-475e-ae06-4c6d2407d974,2026-09-17T19:30:00Z,2026-09-17T21:30:00+0200,213.61,EUR/MWh,PT,PT,day_ahead_price,value,2026-09-23T08:05:09Z
2026-09-23T08:01:26Z,2026-09-23T10:01:26+0200,518a423e-2169-475e-ae06-4c6d2407d974,2026-09-17T19:45:00Z,2026-09-17T21:45:00+0200,209.86,EUR/MWh,PT,PT,day_ahead_price,value,2026-09-23T08:05:09Z
2026-09-23T08:01:26Z,2026-09-23T10:01:26+0200,518a423e-2169-475e-ae06-4c6d2407d974,2026-09-17T20:00:00Z,2026-09-17T22:00:00+0200,210.2,EUR/MWh,PT,PT,day_ahead_price,value,2026-09-23T08:05:09Z
2026-09-23T08:01:26Z,2026-09-23T10:01:26+0200,518a423e-2169-475e-ae06-4c6d2407d974,2026-09-17T20:15:00Z,2026-09-17T22:15:00+0200,201.12,EUR/MWh,PT,PT,day_ahead_price,value,2026-09-23T08:05:09Z
2026-09-23T08:01:26Z,2026-09-23T10:01:26+0200,518a423e-2169-475e-ae06-4c6d2407d974,2026-09-17T20:30:00Z,2026-09-17T22:30:00+0200,199.0,EUR/MWh,PT,PT,day_ahead_price,value,2026-09-23T08:05:09Z
2026-09-23T08:01:26Z,2026-09-23T10:01:26+0200,518a423e-2169-475e-ae06-4c6d2407d974,2026-09-17T20:45:00Z,2026-09-17T22:45:00+0200,192.53,EUR/MWh,PT,PT,day_ahead_price,value,2026-09-23T08:05:09Z
2026-09-23T08:01:26Z,2026-09-23T10:01:26+0200,518a423e-2169-475e-ae06-4c6d2407d974,2026-09-17T21:00:00Z,2026-09-17T23:00:00+0200,193.83,EUR/MWh,PT,PT,day_ahead_price,value,2026-09-23T08:05:09Z
2026-09-23T08:01:26Z,2026-09-23T10:01:26+0200,518a423e-2169-475e-ae06-4c6d2407d974,2026-09-17T21:15:00Z,2026-09-17T23:15:00+0200,191.88,EUR/MWh,PT,PT,day_ahead_price,value,2026-09-23T08:05:09Z
2026-09-23T08:01:26Z,2026-09-23T10:01:26+0200,518a423e-2169-475e-ae06-4c6d2407d974,2026-09-17T21:30:00Z,2026-09-17T23:30:00+0200,190.0,EUR/MWh,PT,PT,day_ahead_price,value,2026-09-23T08:05:09Z
2026-09-23T08:01:26Z,2026-09-23T10:01:26+0200,518a423e-2169-475e-ae06-4c6d2407d974,2026-09-17T21:45:00Z,2026-09-17T23:45:00+0200,185.0,EUR/MWh,PT,PT,day_ahead_price,value,2026-09-23T08:05:09Z
2026-09-23T08:01:26Z,2026-09-23T10:01:26+0200,518a423e-2169-475e-ae06-4c6d2407d974,2026-09-17T22:00:00Z,2026-09-18T00:00:00+0200,190.67,EUR/MWh,PT,PT,day_ahead_price,value,2026-09-23T08:05:09Z
2026-09-23T08:01:26Z,2026-09-23T10:01:26+0200,518a423e-2169-475e-ae06-4c6d2407d974,2026-09-17T22:15:00Z,2026-09-18T00:15:00+0200,190.67,EUR/MWh,PT,PT,day_ahead_price,value,2026-09-23T08:05:09Z
2026-09-23T08:01:26Z,2026-09-23T10:01:26+0200,518a423e-2169-475e-ae06-4c6d2407d974,2026-09-17T22:30:00Z,2026-09-18T00:30:00+0200,184.25,EUR/MWh,PT,PT,day_ahead_price,value,2026-09-23T08:05:09Z
2026-09-23T08:01:26Z,2026-09-23T10:01:26+0200,518a423e-2169-475e-ae06-4c6d2407d974,2026-09-17T22:45:00Z,2026-09-18T00:45:00+0200,183.18,EUR/MWh,PT,PT,day_ahead_price,value,2026-09-23T08:05:09Z
2026-09-23T08:01:26Z,2026-09-23T10:01:26+0200,518a423e-2169-475e-ae06-4c6d2407d974,2026-09-17T23:00:00Z,2026-09-18T01:00:00+0200,182.24,EUR/MWh,PT,PT,day_ahead_price,value,2026-09-23T08:05:09Z
2026-09-23T08:01:26Z,2026-09-23T10:01:26+0200,518a423e-2169-475e-ae06-4c6d2407d974,2026-09-17T23:15:00Z,2026-09-18T01:15:00+0200,180.5,EUR/MWh,PT,PT,day_ahead_price,value,2026-09-23T08:05:09Z
2026-09-23T08:01:26Z,2026-09-23T10:01:26+0200,518a423e-2169-475e-ae06-4c6d2407d974,2026-09-17T23:30:00Z,2026-09-18T01:30:00+0200,179.94,EUR/MWh,PT,PT,day_ahead_price,value,2026-09-23T08:05:09Z
2026-09-23T08:01:26Z,2026-09-23T10:01:26+0200,518a423e-2169-475e-ae06-4c6d2407d974,2026-09-17T23:45:00Z,2026-09-18T01:45:00+0200,179.5,EUR/MWh,PT,PT,day_ahead_price,value,2026-09-23T08:05:09Z
2026-09-23T08:01:26Z,2026-09-23T10:01:26+0200,518a423e-2169-475e-ae06-4c6d2407d974,2026-09-18T00:00:00Z,2026-09-18T02:00:00+0200,179.5,EUR/MWh,PT,PT,day_ahead_price,value,2026-09-23T08:05:09Z
2026-09-23T08:01:26Z,2026-09-23T10:01:26+0200,518a423e-2169-475e-ae06-4c6d2407d974,2026-09-18T00:15:00Z,2026-09-18T02:15:00+0200,179.5,EUR/MWh,PT,PT,day_ahead_price,value,2026-09-23T08:05:09Z
2026-09-23T08:01:26Z,2026-09-23T10:01:26+0200,518a423e-2169-475e-ae06-4c6d2407d974,2026-09-18T00:30:00Z,2026-09-18T02:30:00+0200,179.0,EUR/MWh,PT,PT,day_ahead_price,value,2026-09-23T08:05:09Z
2026-09-23T08:01:26Z,2026-09-23T10:01:26+0200,518a423e-2169-475e-ae06-4c6d2407d974,2026-09-18T00:45:00Z,2026-09-18T02:45:00+0200,178.0,EUR/MWh,PT,PT,day_ahead_price,value,2026-09-23T08:05:09Z
2026-09-23T08:01:26Z,2026-09-23T10:01:26+0200,518a423e-2169-475e-ae06-4c6d2407d974,2026-09-18T01:00:00Z,2026-09-18T03:00:00+0200,178.4,EUR/MWh,PT,PT,day_ahead_price,value,2026-09-23T08:05:09Z
2026-09-23T08:01:26Z,2026-09-23T10:01:26+0200,518a423e-2169-475e-ae06-4c6d2407d974,2026-09-18T01:15:00Z,2026-09-18T03:15:00+0200,175.9,EUR/MWh,PT,PT,day_ahead_price,value,2026-09-23T08:05:09Z
2026-09-23T08:01:26Z,2026-09-23T10:01:26+0200,518a423e-2169-475e-ae06-4c6d2407d974,2026-09-18T01:30:00Z,2026-09-18T03:30:00+0200,175.9,EUR/MWh,PT,PT,day_ahead_price,value,2026-09-23T08:05:09Z
2026-09-23T08:01:26Z,2026-09-23T10:01:26+0200,518a423e-2169-475e-ae06-4c6d2407d974,2026-09-18T01:45:00Z,2026-09-18T03:45:00+0200,174.54,EUR/MWh,PT,PT,day_ahead_price,value,2026-09-23T08:05:09Z
2026-09-23T08:01:26Z,2026-09-23T10:01:26+0200,518a423e-2169-475e-ae06-4c6d2407d974,2026-09-18T02:00:00Z,2026-09-18T04:00:00+0200,172.99,EUR/MWh,PT,PT,day_ahead_price,value,2026-09-23T08:05:09Z
2026-09-23T08:01:26Z,2026-09-23T10:01:26+0200,518a423e-2169-475e-ae06-4c6d2407d974,2026-09-18T02:15:00Z,2026-09-18T04:15:00+0200,170.88,EUR/MWh,PT,PT,day_ahead_price,value,2026-09-23T08:05:09Z
2026-09-23T08:01:26Z,2026-09-23T10:01:26+0200,518a423e-2169-475e-ae06-4c6d2407d974,2026-09-18T02:30:00Z,2026-09-18T04:30:00+0200,170.79,EUR/MWh,PT,PT,day_ahead_price,value,2026-09-23T08:05:09Z
2026-09-23T08:01:26Z,2026-09-23T10:01:26+0200,518a423e-2169-475e-ae06-4c6d2407d974,2026-09-18T02:45:00Z,2026-09-18T04:45:00+0200,171.71,EUR/MWh,PT,PT,day_ahead_price,value,2026-09-23T08:05:09Z
2026-09-23T08:01:26Z,2026-09-23T10:01:26+0200,518a423e-2169-475e-ae06-4c6d2407d974,2026-09-18T03:00:00Z,2026-09-18T05:00:00+0200,174.0,EUR/MWh,PT,PT,day_ahead_price,value,2026-09-23T08:05:09Z
2026-09-23T08:01:26Z,2026-09-23T10:01:26+0200,518a423e-2169-475e-ae06-4c6d2407d974,2026-09-18T03:15:00Z,2026-09-18T05:15:00+0200,175.9,EUR/MWh,PT,PT,day_ahead_price,value,2026-09-23T08:05:09Z
2026-09-23T08:01:26Z,2026-09-23T10:01:26+0200,518a423e-2169-475e-ae06-4c6d2407d974,2026-09-18T03:30:00Z,2026-09-18T05:30:00+0200,178.4,EUR/MWh,PT,PT,day_ahead_price,value,2026-09-23T08:05:09Z
2026-09-23T08:01:26Z,2026-09-23T10:01:26+0200,518a423e-2169-475e-ae06-4c6d2407d974,2026-09-18T03:45:00Z,2026-09-18T05:45:00+0200,179.5,EUR/MWh,PT,PT,day_ahead_price,value,2026-09-23T08:05:09Z
2026-09-23T08:01:26Z,2026-09-23T10:01:26+0200,518a423e-2169-475e-ae06-4c6d2407d974,2026-09-18T04:00:00Z,2026-09-18T06:00:00+0200,180.7,EUR/MWh,PT,PT,day_ahead_price,value,2026-09-23T08:05:09Z
2026-09-23T08:01:26Z,2026-09-23T10:01:26+0200,518a423e-2169-475e-ae06-4c6d2407d974,2026-09-18T04:15:00Z,2026-09-18T06:15:00+0200,188.16,EUR/MWh,PT,PT,day_ahead_price,value,2026-09-23T08:05:09Z
2026-09-23T08:01:26Z,2026-09-23T10:01:26+0200,518a423e-2169-475e-ae06-4c6d2407d974,2026-09-18T04:30:00Z,2026-09-18T06:30:00+0200,190.67,EUR/MWh,PT,PT,day_ahead_price,value,2026-09-23T08:05:09Z
2026-09-23T08:01:26Z,2026-09-23T10:01:26+0200,518a423e-2169-475e-ae06-4c6d2407d974,2026-09-18T04:45:00Z,2026-09-18T06:45:00+0200,199.0,EUR/MWh,PT,PT,day_ahead_price,value,2026-09-23T08:05:09Z
2026-09-23T08:01:26Z,2026-09-23T10:01:26+0200,518a423e-2169-475e-ae06-4c6d2407d974,2026-09-18T05:00:00Z,2026-09-18T07:00:00+0200,199.25,EUR/MWh,PT,PT,day_ahead_price,value,2026-09-23T08:05:09Z
2026-09-23T08:01:26Z,2026-09-23T10:01:26+0200,518a423e-2169-475e-ae06-4c6d2407d974,2026-09-18T05:15:00Z,2026-09-18T07:15:00+0200,207.4,EUR/MWh,PT,PT,day_ahead_price,value,2026-09-23T08:05:09Z
2026-09-23T08:01:26Z,2026-09-23T10:01:26+0200,518a423e-2169-475e-ae06-4c6d2407d974,2026-09-18T05:30:00Z,2026-09-18T07:30:00+0200,210.53,EUR/MWh,PT,PT,day_ahead_price,value,2026-09-23T08:05:09Z
2026-09-23T08:01:26Z,2026-09-23T10:01:26+0200,518a423e-2169-475e-ae06-4c6d2407d974,2026-09-18T05:45:00Z,2026-09-18T07:45:00+0200,216.8,EUR/MWh,PT,PT,day_ahead_price,value,2026-09-23T08:05:09Z
2026-09-23T08:01:26Z,2026-09-23T10:01:26+0200,518a423e-2169-475e-ae06-4c6d2407d974,2026-09-18T06:00:00Z,2026-09-18T08:00:00+0200,228.78,EUR/MWh,PT,PT,day_ahead_price,value,2026-09-23T08:05:09Z
2026-09-23T08:01:26Z,2026-09-23T10:01:26+0200,518a423e-2169-475e-ae06-4c6d2407d974,2026-09-18T06:15:00Z,2026-09-18T08:15:00+0200,211.85,EUR/MWh,PT,PT,day_ahead_price,value,2026-09-23T08:05:09Z
2026-09-23T08:01:26Z,2026-09-23T10:01:26+0200,518a423e-2169-475e-ae06-4c6d2407d974,2026-09-18T06:30:00Z,2026-09-18T08:30:00+0200,207.4,EUR/MWh,PT,PT,day_ahead_price,value,2026-09-23T08:05:09Z
2026-09-23T08:01:26Z,2026-09-23T10:01:26+0200,518a423e-2169-475e-ae06-4c6d2407d974,2026-09-18T06:45:00Z,2026-09-18T08:45:00+0200,189.67,EUR/MWh,PT,PT,day_ahead_price,value,2026-09-23T08:05:09Z
2026-09-23T08:01:26Z,2026-09-23T10:01:26+0200,518a423e-2169-475e-ae06-4c6d2407d974,2026-09-18T07:00:00Z,2026-09-18T09:00:00+0200,209.4,EUR/MWh,PT,PT,day_ahead_price,value,2026-09-23T08:05:09Z
2026-09-23T08:01:26Z,2026-09-23T10:01:26+0200,518a423e-2169-475e-ae06-4c6d2407d974,2026-09-18T07:15:00Z,2026-09-18T09:15:00+0200,182.22,EUR/MWh,PT,PT,day_ahead_price,value,2026-09-23T08:05:09Z
2026-09-23T08:01:26Z,2026-09-23T10:01:26+0200,518a423e-2169-475e-ae06-4c6d2407d974,2026-09-18T07:30:00Z,2026-09-18T09:30:00+0200,150.0,EUR/MWh,PT,PT,day_ahead_price,value,2026-09-23T08:05:09Z
2026-09-23T08:01:26Z,2026-09-23T10:01:26+0200,518a423e-2169-475e-ae06-4c6d2407d974,2026-09-18T07:45:00Z,2026-09-18T09:45:00+0200,114.83,EUR/MWh,PT,PT,day_ahead_price,value,2026-09-23T08:05:09Z
2026-09-23T08:01:26Z,2026-09-23T10:01:26+0200,518a423e-2169-475e-ae06-4c6d2407d974,2026-09-18T08:00:00Z,2026-09-18T10:00:00+0200,109.14,EUR/MWh,PT,PT,day_ahead_price,value,2026-09-23T08:05:09Z
2026-09-23T08:01:26Z,2026-09-23T10:01:26+0200,518a423e-2169-475e-ae06-4c6d2407d974,2026-09-18T08:15:00Z,2026-09-18T10:15:00+0200,92.55,EUR/MWh,PT,PT,day_ahead_price,value,2026-09-23T08:05:09Z
2026-09-23T08:01:26Z,2026-09-23T10:01:26+0200,518a423e-2169-475e-ae06-4c6d2407d974,2026-09-18T08:30:00Z,2026-09-18T10:30:00+0200,45.0,EUR/MWh,PT,PT,day_ahead_price,value,2026-09-23T08:05:09Z
2026-09-23T08:01:26Z,2026-09-23T10:01:26+0200,518a423e-2169-475e-ae06-4c6d2407d974,2026-09-18T08:45:00Z,2026-09-18T10:45:00+0200,20.01,EUR/MWh,PT,PT,day_ahead_price,value,2026-09-23T08:05:09Z
2026-09-23T08:01:26Z,2026-09-23T10:01:26+0200,518a423e-2169-475e-ae06-4c6d2407d974,2026-09-18T09:00:00Z,2026-09-18T11:00:00+0200,12.01,EUR/MWh,PT,PT,day_ahead_price,value,2026-09-23T08:05:09Z
2026-09-23T08:01:26Z,2026-09-23T10:01:26+0200,518a423e-2169-475e-ae06-4c6d2407d974,2026-09-18T09:15:00Z,2026-09-18T11:15:00+0200,2.0,EUR/MWh,PT,PT,day_ahead_price,value,2026-09-23T08:05:09Z
2026-09-23T08:01:26Z,2026-09-23T10:01:26+0200,518a423e-2169-475e-ae06-4c6d2407d974,2026-09-18T09:30:00Z,2026-09-18T11:30:00+0200,2.0,EUR/MWh,PT,PT,day_ahead_price,value,2026-09-23T08:05:09Z
2026-09-23T08:01:26Z,2026-09-23T10:01:26+0200,518a423e-2169-475e-ae06-4c6d2407d974,2026-09-18T09:45:00Z,2026-09-18T11:45:00+0200,2.0,EUR/MWh,PT,PT,day_ahead_price,value,2026-09-23T08:05:09Z
2026-09-23T08:01:26Z,2026-09-23T10:01:26+0200,518a423e-2169-475e-ae06-4c6d2407d974,2026-09-18T10:00:00Z,2026-09-18T12:00:00+0200,4.77,EUR/MWh,PT,PT,day_ahead_price,value,2026-09-23T08:05:09Z
2026-09-23T08:01:26Z,2026-09-23T10:01:26+0200,518a423e-2169-475e-ae06-4c6d2407d974,2026-09-18T10:15:00Z,2026-09-18T12:15:00+0200,5.01,EUR/MWh,PT,PT,day_ahead_price,value,2026-09-23T08:05:09Z
2026-09-23T08:01:26Z,2026-09-23T10:01:26+0200,518a423e-2169-475e-ae06-4c6d2407d974,2026-09-18T10:30:00Z,2026-09-18T12:30:00+0200,5.01,EUR/MWh,PT,PT,day_ahead_price,value,2026-09-23T08:05:09Z
2026-09-23T08:01:26Z,2026-09-23T10:01:26+0200,518a423e-2169-475e-ae06-4c6d2407d974,2026-09-18T10:45:00Z,2026-09-18T12:45:00+0200,6.01,EUR/MWh,PT,PT,day_ahead_price,value,2026-09-23T08:05:09Z
2026-09-23T08:01:26Z,2026-09-23T10:01:26+0200,518a423e-2169-475e-ae06-4c6d2407d974,2026-09-18T11:00:00Z,2026-09-18T13:00:00+0200,4.0,EUR/MWh,PT,PT,day_ahead_price,value,2026-09-23T08:05:09Z
2026-09-23T08:01:26Z,2026-09-23T10:01:26+0200,518a423e-2169-475e-ae06-4c6d2407d974,2026-09-18T11:15:00Z,2026-09-18T13:15:00+0200,4.0,EUR/MWh,PT,PT,day_ahead_price,value,2026-09-23T08:05:09Z
2026-09-23T08:01:26Z,2026-09-23T10:01:26+0200,518a423e-2169-475e-ae06-4c6d2407d974,2026-09-18T11:30:00Z,2026-09-18T13:30:00+0200,4.0,EUR/MWh,PT,PT,day_ahead_price,value,2026-09-23T08:05:09Z
2026-09-23T08:01:26Z,2026-09-23T10:01:26+0200,518a423e-2169-475e-ae06-4c6d2407d974,2026-09-18T11:45:00Z,2026-09-18T13:45:00+0200,4.77,EUR/MWh,PT,PT,day_ahead_price,value,2026-09-23T08:05:09Z
2026-09-23T08:01:26Z,2026-09-23T10:01:26+0200,518a423e-2169-475e-ae06-4c6d2407d974,2026-09-18T12:00:00Z,2026-09-18T14:00:00+0200,4.77,EUR/MWh,PT,PT,day_ahead_price,value,2026-09-23T08:05:09Z
2026-09-23T08:01:26Z,2026-09-23T10:01:26+0200,518a423e-2169-475e-ae06-4c6d2407d974,2026-09-18T12:15:00Z,2026-09-18T14:15:00+0200,5.01,EUR/MWh,PT,PT,day_ahead_price,value,2026-09-23T08:05:09Z
2026-09-23T08:01:26Z,2026-09-23T10:01:26+0200,518a423e-2169-475e-ae06-4c6d2407d974,2026-09-18T12:30:00Z,2026-09-18T14:30:00+0200,5.7,EUR/MWh,PT,PT,day_ahead_price,value,2026-09-23T08:05:09Z
2026-09-23T08:01:26Z,2026-09-23T10:01:26+0200,518a423e-2169-475e-ae06-4c6d2407d974,2026-09-18T12:45:00Z,2026-09-18T14:45:00+0200,6.01,EUR/MWh,PT,PT,day_ahead_price,value,2026-09-23T08:05:09Z
2026-09-23T08:01:26Z,2026-09-23T10:01:26+0200,518a423e-2169-475e-ae06-4c6d2407d974,2026-09-18T13:00:00Z,2026-09-18T15:00:00+0200,9.01,EUR/MWh,PT,PT,day_ahead_price,value,2026-09-23T08:05:09Z
2026-09-23T08:01:26Z,2026-09-23T10:01:26+0200,518a423e-2169-475e-ae06-4c6d2407d974,2026-09-18T13:15:00Z,2026-09-18T15:15:00+0200,9.01,EUR/MWh,PT,PT,day_ahead_price,value,2026-09-23T08:05:09Z
2026-09-23T08:01:26Z,2026-09-23T10:01:26+0200,518a423e-2169-475e-ae06-4c6d2407d974,2026-09-18T13:30:00Z,2026-09-18T15:30:00+0200,10.01,EUR/MWh,PT,PT,day_ahead_price,value,2026-09-23T08:05:09Z
2026-09-23T08:01:26Z,2026-09-23T10:01:26+0200,518a423e-2169-475e-ae06-4c6d2407d974,2026-09-18T13:45:00Z,2026-09-18T15:45:00+0200,10.01,EUR/MWh,PT,PT,day_ahead_price,value,2026-09-23T08:05:09Z
2026-09-23T08:01:26Z,2026-09-23T10:01:26+0200,518a423e-2169-475e-ae06-4c6d2407d974,2026-09-18T14:00:00Z,2026-09-18T16:00:00+0200,10.5,EUR/MWh,PT,PT,day_ahead_price,value,2026-09-23T08:05:09Z
2026-09-23T08:01:26Z,2026-09-23T10:01:26+0200,518a423e-2169-475e-ae06-4c6d2407d974,2026-09-18T14:15:00Z,2026-09-18T16:15:00+0200,12.01,EUR/MWh,PT,PT,day_ahead_price,value,2026-09-23T08:05:09Z
2026-09-23T08:01:26Z,2026-09-23T10:01:26+0200,518a423e-2169-475e-ae06-4c6d2407d974,2026-09-18T14:30:00Z,2026-09-18T16:30:00+0200,12.01,EUR/MWh,PT,PT,day_ahead_price,value,2026-09-23T08:05:09Z
2026-09-23T08:01:26Z,2026-09-23T10:01:26+0200,518a423e-2169-475e-ae06-4c6d2407d974,2026-09-18T14:45:00Z,2026-09-18T16:45:00+0200,13.01,EUR/MWh,PT,PT,day_ahead_price,value,2026-09-23T08:05:09Z
2026-09-23T08:01:26Z,2026-09-23T10:01:26+0200,518a423e-2169-475e-ae06-4c6d2407d974,2026-09-18T15:00:00Z,2026-09-18T17:00:00+0200,13.01,EUR/MWh,PT,PT,day_ahead_price,value,2026-09-23T08:05:09Z
2026-09-23T08:01:26Z,2026-09-23T10:01:26+0200,518a423e-2169-475e-ae06-4c6d2407d974,2026-09-18T15:15:00Z,2026-09-18T17:15:00+0200,20.01,EUR/MWh,PT,PT,day_ahead_price,value,2026-09-23T08:05:09Z
2026-09-23T08:01:26Z,2026-09-23T10:01:26+0200,518a423e-2169-475e-ae06-4c6d2407d974,2026-09-18T15:30:00Z,2026-09-18T17:30:00+0200,41.78,EUR/MWh,PT,PT,day_ahead_price,value,2026-09-23T08:05:09Z
2026-09-23T08:01:26Z,2026-09-23T10:01:26+0200,518a423e-2169-475e-ae06-4c6d2407d974,2026-09-18T15:45:00Z,2026-09-18T17:45:00+0200,90.0,EUR/MWh,PT,PT,day_ahead_price,value,2026-09-23T08:05:09Z
2026-09-23T08:01:26Z,2026-09-23T10:01:26+0200,518a423e-2169-475e-ae06-4c6d2407d974,2026-09-18T16:00:00Z,2026-09-18T18:00:00+0200,85.0,EUR/MWh,PT,PT,day_ahead_price,value,2026-09-23T08:05:09Z
2026-09-23T08:01:26Z,2026-09-23T10:01:26+0200,518a423e-2169-475e-ae06-4c6d2407d974,2026-09-18T16:15:00Z,2026-09-18T18:15:00+0200,109.14,EUR/MWh,PT,PT,day_ahead_price,value,2026-09-23T08:05:09Z
2026-09-23T08:01:26Z,2026-09-23T10:01:26+0200,518a423e-2169-475e-ae06-4c6d2407d974,2026-09-18T16:30:00Z,2026-09-18T18:30:00+0200,134.5,EUR/MWh,PT,PT,day_ahead_price,value,2026-09-23T08:05:09Z
2026-09-23T08:01:26Z,2026-09-23T10:01:26+0200,518a423e-2169-475e-ae06-4c6d2407d974,2026-09-18T16:45:00Z,2026-09-18T18:45:00+0200,180.0,EUR/MWh,PT,PT,day_ahead_price,value,2026-09-23T08:05:09Z
2026-09-23T08:01:26Z,2026-09-23T10:01:26+0200,518a423e-2169-475e-ae06-4c6d2407d974,2026-09-18T17:00:00Z,2026-09-18T19:00:00+0200,167.0,EUR/MWh,PT,PT,day_ahead_price,value,2026-09-23T08:05:09Z
2026-09-23T08:01:26Z,2026-09-23T10:01:26+0200,518a423e-2169-475e-ae06-4c6d2407d974,2026-09-18T17:15:00Z,2026-09-18T19:15:00+0200,183.33,EUR/MWh,PT,PT,day_ahead_price,value,2026-09-23T08:05:09Z
2026-09-23T08:01:26Z,2026-09-23T10:01:26+0200,518a423e-2169-475e-ae06-4c6d2407d974,2026-09-18T17:30:00Z,2026-09-18T19:30:00+0200,196.42,EUR/MWh,PT,PT,day_ahead_price,value,2026-09-23T08:05:09Z
2026-09-23T08:01:26Z,2026-09-23T10:01:26+0200,518a423e-2169-475e-ae06-4c6d2407d974,2026-09-18T17:45:00Z,2026-09-18T19:45:00+0200,217.28,EUR/MWh,PT,PT,day_ahead_price,value,2026-09-23T08:05:09Z
2026-09-23T08:01:26Z,2026-09-23T10:01:26+0200,518a423e-2169-475e-ae06-4c6d2407d974,2026-09-18T18:00:00Z,2026-09-18T20:00:00+0200,207.4,EUR/MWh,PT,PT,day_ahead_price,value,2026-09-23T08:05:09Z
2026-09-23T08:01:26Z,2026-09-23T10:01:26+0200,518a423e-2169-475e-ae06-4c6d2407d974,2026-09-18T18:15:00Z,2026-09-18T20:15:00+0200,207.4,EUR/MWh,PT,PT,day_ahead_price,value,2026-09-23T08:05:09Z
2026-09-23T08:01:26Z,2026-09-23T10:01:26+0200,518a423e-2169-475e-ae06-4c6d2407d974,2026-09-18T18:30:00Z,2026-09-18T20:30:00+0200,200.81,EUR/MWh,PT,PT,day_ahead_price,value,2026-09-23T08:05:09Z
2026-09-23T08:01:26Z,2026-09-23T10:01:26+0200,518a423e-2169-475e-ae06-4c6d2407d974,2026-09-18T18:45:00Z,2026-09-18T20:45:00+0200,196.21,EUR/MWh,PT,PT,day_ahead_price,value,2026-09-23T08:05:09Z
2026-09-23T08:01:26Z,2026-09-23T10:01:26+0200,518a423e-2169-475e-ae06-4c6d2407d974,2026-09-18T19:00:00Z,2026-09-18T21:00:00+0200,195.47,EUR/MWh,PT,PT,day_ahead_price,value,2026-09-23T08:05:09Z
2026-09-23T08:01:26Z,2026-09-23T10:01:26+0200,518a423e-2169-475e-ae06-4c6d2407d974,2026-09-18T19:15:00Z,2026-09-18T21:15:00+0200,191.54,EUR/MWh,PT,PT,day_ahead_price,value,2026-09-23T08:05:09Z
2026-09-23T08:01:26Z,2026-09-23T10:01:26+0200,518a423e-2169-475e-ae06-4c6d2407d974,2026-09-18T19:30:00Z,2026-09-18T21:30:00+0200,182.17,EUR/MWh,PT,PT,day_ahead_price,value,2026-09-23T08:05:09Z
2026-09-23T08:01:26Z,2026-09-23T10:01:26+0200,518a423e-2169-475e-ae06-4c6d2407d974,2026-09-18T19:45:00Z,2026-09-18T21:45:00+0200,178.1,EUR/MWh,PT,PT,day_ahead_price,value,2026-09-23T08:05:09Z
2026-09-23T08:01:26Z,2026-09-23T10:01:26+0200,518a423e-2169-475e-ae06-4c6d2407d974,2026-09-18T20:00:00Z,2026-09-18T22:00:00+0200,181.3,EUR/MWh,PT,PT,day_ahead_price,value,2026-09-23T08:05:09Z
2026-09-23T08:01:26Z,2026-09-23T10:01:26+0200,518a423e-2169-475e-ae06-4c6d2407d974,2026-09-18T20:15:00Z,2026-09-18T22:15:00+0200,178.03,EUR/MWh,PT,PT,day_ahead_price,value,2026-09-23T08:05:09Z
2026-09-23T08:01:26Z,2026-09-23T10:01:26+0200,518a423e-2169-475e-ae06-4c6d2407d974,2026-09-18T20:30:00Z,2026-09-18T22:30:00+0200,172.58,EUR/MWh,PT,PT,day_ahead_price,value,2026-09-23T08:05:09Z
2026-09-23T08:01:26Z,2026-09-23T10:01:26+0200,518a423e-2169-475e-ae06-4c6d2407d974,2026-09-18T20:45:00Z,2026-09-18T22:45:00+0200,152.97,EUR/MWh,PT,PT,day_ahead_price,value,2026-09-23T08:05:09Z
2026-09-23T08:01:26Z,2026-09-23T10:01:26+0200,518a423e-2169-475e-ae06-4c6d2407d974,2026-09-18T21:00:00Z,2026-09-18T23:00:00+0200,170.36,EUR/MWh,PT,PT,day_ahead_price,value,2026-09-23T08:05:09Z
2026-09-23T08:01:26Z,2026-09-23T10:01:26+0200,518a423e-2169-475e-ae06-4c6d2407d974,2026-09-18T21:15:00Z,2026-09-18T23:15:00+0200,164.02,EUR/MWh,PT,PT,day_ahead_price,value,2026-09-23T08:05:09Z
2026-09-23T08:01:26Z,2026-09-23T10:01:26+0200,518a423e-2169-475e-ae06-4c6d2407d974,2026-09-18T21:30:00Z,2026-09-18T23:30:00+0200,152.0,EUR/MWh,PT,PT,day_ahead_price,value,2026-09-23T08:05:09Z
2026-09-23T08:01:26Z,2026-09-23T10:01:26+0200,518a423e-2169-475e-ae06-4c6d2407d974,2026-09-18T21:45:00Z,2026-09-18T23:45:00+0200,150.0,EUR/MWh,PT,PT,day_ahead_price,value,2026-09-23T08:05:09Z
2026-09-23T08:01:26Z,2026-09-23T10:01:26+0200,518a423e-2169-475e-ae06-4c6d2407d974,2026-09-18T22:00:00Z,2026-09-19T00:00:00+0200,179.16,EUR/MWh,PT,PT,day_ahead_price,value,2026-09-23T08:05:09Z
2026-09-23T08:01:26Z,2026-09-23T10:01:26+0200,518a423e-2169-475e-ae06-4c6d2407d974,2026-09-18T22:15:00Z,2026-09-19T00:15:00+0200,179.16,EUR/MWh,PT,PT,day_ahead_price,value,2026-09-23T08:05:09Z
2026-09-23T08:01:26Z,2026-09-23T10:01:26+0200,518a423e-2169-475e-ae06-4c6d2407d974,2026-09-18T22:30:00Z,2026-09-19T00:30:00+0200,179.16,EUR/MWh,PT,PT,day_ahead_price,value,2026-09-23T08:05:09Z
2026-09-23T08:01:26Z,2026-09-23T10:01:26+0200,518a423e-2169-475e-ae06-4c6d2407d974,2026-09-18T22:45:00Z,2026-09-19T00:45:00+0200,177.89,EUR/MWh,PT,PT,day_ahead_price,value,2026-09-23T08:05:09Z
2026-09-23T08:01:26Z,2026-09-23T10:01:26+0200,518a423e-2169-475e-ae06-4c6d2407d974,2026-09-18T23:00:00Z,2026-09-19T01:00:00+0200,179.16,EUR/MWh,PT,PT,day_ahead_price,value,2026-09-23T08:05:09Z
2026-09-23T08:01:26Z,2026-09-23T10:01:26+0200,518a423e-2169-475e-ae06-4c6d2407d974,2026-09-18T23:15:00Z,2026-09-19T01:15:00+0200,176.8,EUR/MWh,PT,PT,day_ahead_price,value,2026-09-23T08:05:09Z
2026-09-23T08:01:26Z,2026-09-23T10:01:26+0200,518a423e-2169-475e-ae06-4c6d2407d974,2026-09-18T23:30:00Z,2026-09-19T01:30:00+0200,175.2,EUR/MWh,PT,PT,day_ahead_price,value,2026-09-23T08:05:09Z
2026-09-23T08:01:26Z,2026-09-23T10:01:26+0200,518a423e-2169-475e-ae06-4c6d2407d974,2026-09-18T23:45:00Z,2026-09-19T01:45:00+0200,170.21,EUR/MWh,PT,PT,day_ahead_price,value,2026-09-23T08:05:09Z
2026-09-23T08:01:26Z,2026-09-23T10:01:26+0200,518a423e-2169-475e-ae06-4c6d2407d974,2026-09-19T00:00:00Z,2026-09-19T02:00:00+0200,175.0,EUR/MWh,PT,PT,day_ahead_price,value,2026-09-23T08:05:09Z
2026-09-23T08:01:26Z,2026-09-23T10:01:26+0200,518a423e-2169-475e-ae06-4c6d2407d974,2026-09-19T00:15:00Z,2026-09-19T02:15:00+0200,171.39,EUR/MWh,PT,PT,day_ahead_price,value,2026-09-23T08:05:09Z
2026-09-23T08:01:26Z,2026-09-23T10:01:26+0200,518a423e-2169-475e-ae06-4c6d2407d974,2026-09-19T00:30:00Z,2026-09-19T02:30:00+0200,170.21,EUR/MWh,PT,PT,day_ahead_price,value,2026-09-23T08:05:09Z
2026-09-23T08:01:26Z,2026-09-23T10:01:26+0200,518a423e-2169-475e-ae06-4c6d2407d974,2026-09-19T00:45:00Z,2026-09-19T02:45:00+0200,170.21,EUR/MWh,PT,PT,day_ahead_price,value,2026-09-23T08:05:09Z
2026-09-23T08:01:26Z,2026-09-23T10:01:26+0200,518a423e-2169-475e-ae06-4c6d2407d974,2026-09-19T01:00:00Z,2026-09-19T03:00:00+0200,170.0,EUR/MWh,PT,PT,day_ahead_price,value,2026-09-23T08:05:09Z
2026-09-23T08:01:26Z,2026-09-23T10:01:26+0200,518a423e-2169-475e-ae06-4c6d2407d974,2026-09-19T01:15:00Z,2026-09-19T03:15:00+0200,170.0,EUR/MWh,PT,PT,day_ahead_price,value,2026-09-23T08:05:09Z
2026-09-23T08:01:26Z,2026-09-23T10:01:26+0200,518a423e-2169-475e-ae06-4c6d2407d974,2026-09-19T01:30:00Z,2026-09-19T03:30:00+0200,170.0,EUR/MWh,PT,PT,day_ahead_price,value,2026-09-23T08:05:09Z
2026-09-23T08:01:26Z,2026-09-23T10:01:26+0200,518a423e-2169-475e-ae06-4c6d2407d974,2026-09-19T01:45:00Z,2026-09-19T03:45:00+0200,170.0,EUR/MWh,PT,PT,day_ahead_price,value,2026-09-23T08:05:09Z
2026-09-23T08:01:26Z,2026-09-23T10:01:26+0200,518a423e-2169-475e-ae06-4c6d2407d974,2026-09-19T02:00:00Z,2026-09-19T04:00:00+0200,170.21,EUR/MWh,PT,PT,day_ahead_price,value,2026-09-23T08:05:09Z
2026-09-23T08:01:26Z,2026-09-23T10:01:26+0200,518a423e-2169-475e-ae06-4c6d2407d974,2026-09-19T02:15:00Z,2026-09-19T04:15:00+0200,170.21,EUR/MWh,PT,PT,day_ahead_price,value,2026-09-23T08:05:09Z
2026-09-23T08:01:26Z,2026-09-23T10:01:26+0200,518a423e-2169-475e-ae06-4c6d2407d974,2026-09-19T02:30:00Z,2026-09-19T04:30:00+0200,175.4,EUR/MWh,PT,PT,day_ahead_price,value,2026-09-23T08:05:09Z
2026-09-23T08:01:26Z,2026-09-23T10:01:26+0200,518a423e-2169-475e-ae06-4c6d2407d974,2026-09-19T02:45:00Z,2026-09-19T04:45:00+0200,175.4,EUR/MWh,PT,PT,day_ahead_price,value,2026-09-23T08:05:09Z
2026-09-23T08:01:26Z,2026-09-23T10:01:26+0200,518a423e-2169-475e-ae06-4c6d2407d974,2026-09-19T03:00:00Z,2026-09-19T05:00:00+0200,175.4,EUR/MWh,PT,PT,day_ahead_price,value,2026-09-23T08:05:09Z
2026-09-23T08:01:26Z,2026-09-23T10:01:26+0200,518a423e-2169-475e-ae06-4c6d2407d974,2026-09-19T03:15:00Z,2026-09-19T05:15:00+0200,175.9,EUR/MWh,PT,PT,day_ahead_price,value,2026-09-23T08:05:09Z
2026-09-23T08:01:26Z,2026-09-23T10:01:26+0200,518a423e-2169-475e-ae06-4c6d2407d974,2026-09-19T03:30:00Z,2026-09-19T05:30:00+0200,177.99,EUR/MWh,PT,PT,day_ahead_price,value,2026-09-23T08:05:09Z
2026-09-23T08:01:26Z,2026-09-23T10:01:26+0200,518a423e-2169-475e-ae06-4c6d2407d974,2026-09-19T03:45:00Z,2026-09-19T05:45:00+0200,170.21,EUR/MWh,PT,PT,day_ahead_price,value,2026-09-23T08:05:09Z
2026-09-23T08:01:26Z,2026-09-23T10:01:26+0200,518a423e-2169-475e-ae06-4c6d2407d974,2026-09-19T04:00:00Z,2026-09-19T06:00:00+0200,179.16,EUR/MWh,PT,PT,day_ahead_price,value,2026-09-23T08:05:09Z
2026-09-23T08:01:26Z,2026-09-23T10:01:26+0200,518a423e-2169-475e-ae06-4c6d2407d974,2026-09-19T04:15:00Z,2026-09-19T06:15:00+0200,180.0,EUR/MWh,PT,PT,day_ahead_price,value,2026-09-23T08:05:09Z
2026-09-23T08:01:26Z,2026-09-23T10:01:26+0200,518a423e-2169-475e-ae06-4c6d2407d974,2026-09-19T04:30:00Z,2026-09-19T06:30:00+0200,180.1,EUR/MWh,PT,PT,day_ahead_price,value,2026-09-23T08:05:09Z
2026-09-23T08:01:26Z,2026-09-23T10:01:26+0200,518a423e-2169-475e-ae06-4c6d2407d974,2026-09-19T04:45:00Z,2026-09-19T06:45:00+0200,185.6,EUR/MWh,PT,PT,day_ahead_price,value,2026-09-23T08:05:09Z
2026-09-23T08:01:26Z,2026-09-23T10:01:26+0200,518a423e-2169-475e-ae06-4c6d2407d974,2026-09-19T05:00:00Z,2026-09-19T07:00:00+0200,186.04,EUR/MWh,PT,PT,day_ahead_price,value,2026-09-23T08:05:09Z
2026-09-23T08:01:26Z,2026-09-23T10:01:26+0200,518a423e-2169-475e-ae06-4c6d2407d974,2026-09-19T05:15:00Z,2026-09-19T07:15:00+0200,187.5,EUR/MWh,PT,PT,day_ahead_price,value,2026-09-23T08:05:09Z
2026-09-23T08:01:26Z,2026-09-23T10:01:26+0200,518a423e-2169-475e-ae06-4c6d2407d974,2026-09-19T05:30:00Z,2026-09-19T07:30:00+0200,188.76,EUR/MWh,PT,PT,day_ahead_price,value,2026-09-23T08:05:09Z
2026-09-23T08:01:26Z,2026-09-23T10:01:26+0200,518a423e-2169-475e-ae06-4c6d2407d974,2026-09-19T05:45:00Z,2026-09-19T07:45:00+0200,189.24,EUR/MWh,PT,PT,day_ahead_price,value,2026-09-23T08:05:09Z
2026-09-23T08:01:26Z,2026-09-23T10:01:26+0200,518a423e-2169-475e-ae06-4c6d2407d974,2026-09-19T06:00:00Z,2026-09-19T08:00:00+0200,189.24,EUR/MWh,PT,PT,day_ahead_price,value,2026-09-23T08:05:09Z
2026-09-23T08:01:26Z,2026-09-23T10:01:26+0200,518a423e-2169-475e-ae06-4c6d2407d974,2026-09-19T06:15:00Z,2026-09-19T08:15:00+0200,187.18,EUR/MWh,PT,PT,day_ahead_price,value,2026-09-23T08:05:09Z
2026-09-23T08:01:26Z,2026-09-23T10:01:26+0200,518a423e-2169-475e-ae06-4c6d2407d974,2026-09-19T06:30:00Z,2026-09-19T08:30:00+0200,175.4,EUR/MWh,PT,PT,day_ahead_price,value,2026-09-23T08:05:09Z
2026-09-23T08:01:26Z,2026-09-23T10:01:26+0200,518a423e-2169-475e-ae06-4c6d2407d974,2026-09-19T06:45:00Z,2026-09-19T08:45:00+0200,124.16,EUR/MWh,PT,PT,day_ahead_price,value,2026-09-23T08:05:09Z
2026-09-23T08:01:26Z,2026-09-23T10:01:26+0200,518a423e-2169-475e-ae06-4c6d2407d974,2026-09-19T07:00:00Z,2026-09-19T09:00:00+0200,128.2,EUR/MWh,PT,PT,day_ahead_price,value,2026-09-23T08:05:09Z
2026-09-23T08:01:26Z,2026-09-23T10:01:26+0200,518a423e-2169-475e-ae06-4c6d2407d974,2026-09-19T07:15:00Z,2026-09-19T09:15:00+0200,95.4,EUR/MWh,PT,PT,day_ahead_price,value,2026-09-23T08:05:09Z
2026-09-23T08:01:26Z,2026-09-23T10:01:26+0200,518a423e-2169-475e-ae06-4c6d2407d974,2026-09-19T07:30:00Z,2026-09-19T09:30:00+0200,38.55,EUR/MWh,PT,PT,day_ahead_price,value,2026-09-23T08:05:09Z
2026-09-23T08:01:26Z,2026-09-23T10:01:26+0200,518a423e-2169-475e-ae06-4c6d2407d974,2026-09-19T07:45:00Z,2026-09-19T09:45:00+0200,1.08,EUR/MWh,PT,PT,day_ahead_price,value,2026-09-23T08:05:09Z
2026-09-23T08:01:26Z,2026-09-23T10:01:26+0200,518a423e-2169-475e-ae06-4c6d2407d974,2026-09-19T08:00:00Z,2026-09-19T10:00:00+0200,0.51,EUR/MWh,PT,PT,day_ahead_price,value,2026-09-23T08:05:09Z
2026-09-23T08:01:26Z,2026-09-23T10:01:26+0200,518a423e-2169-475e-ae06-4c6d2407d974,2026-09-19T08:15:00Z,2026-09-19T10:15:00+0200,0.23,EUR/MWh,PT,PT,day_ahead_price,value,2026-09-23T08:05:09Z
2026-09-23T08:01:26Z,2026-09-23T10:01:26+0200,518a423e-2169-475e-ae06-4c6d2407d974,2026-09-19T08:30:00Z,2026-09-19T10:30:00+0200,0.0,EUR/MWh,PT,PT,day_ahead_price,value,2026-09-23T08:05:09Z
2026-09-23T08:01:26Z,2026-09-23T10:01:26+0200,518a423e-2169-475e-ae06-4c6d2407d974,2026-09-19T08:45:00Z,2026-09-19T10:45:00+0200,0.0,EUR/MWh,PT,PT,day_ahead_price,value,2026-09-23T08:05:09Z
2026-09-23T08:01:26Z,2026-09-23T10:01:26+0200,518a423e-2169-475e-ae06-4c6d2407d974,2026-09-19T09:00:00Z,2026-09-19T11:00:00+0200,0.0,EUR/MWh,PT,PT,day_ahead_price,value,2026-09-23T08:05:09Z
2026-09-23T08:01:26Z,2026-09-23T10:01:26+0200,518a423e-2169-475e-ae06-4c6d2407d974,2026-09-19T09:15:00Z,2026-09-19T11:15:00+0200,0.0,EUR/MWh,PT,PT,day_ahead_price,value,2026-09-23T08:05:09Z
2026-09-23T08:01:26Z,2026-09-23T10:01:26+0200,518a423e-2169-475e-ae06-4c6d2407d974,2026-09-19T09:30:00Z,2026-09-19T11:30:00+0200,0.0,EUR/MWh,PT,PT,day_ahead_price,value,2026-09-23T08:05:09Z
2026-09-23T08:01:26Z,2026-09-23T10:01:26+0200,518a423e-2169-475e-ae06-4c6d2407d974,2026-09-19T09:45:00Z,2026-09-19T11:45:00+0200,-0.02,EUR/MWh,PT,PT,day_ahead_price,value,2026-09-23T08:05:09Z
2026-09-23T08:01:26Z,2026-09-23T10:01:26+0200,518a423e-2169-475e-ae06-4c6d2407d974,2026-09-19T10:00:00Z,2026-09-19T12:00:00+0200,-0.11,EUR/MWh,PT,PT,day_ahead_price,value,2026-09-23T08:05:09Z
2026-09-23T08:01:26Z,2026-09-23T10:01:26+0200,518a423e-2169-475e-ae06-4c6d2407d974,2026-09-19T10:15:00Z,2026-09-19T12:15:00+0200,-0.11,EUR/MWh,PT,PT,day_ahead_price,value,2026-09-23T08:05:09Z
2026-09-23T08:01:26Z,2026-09-23T10:01:26+0200,518a423e-2169-475e-ae06-4c6d2407d974,2026-09-19T10:30:00Z,2026-09-19T12:30:00+0200,0.0,EUR/MWh,PT,PT,day_ahead_price,value,2026-09-23T08:05:09Z
2026-09-23T08:01:26Z,2026-09-23T10:01:26+0200,518a423e-2169-475e-ae06-4c6d2407d974,2026-09-19T10:45:00Z,2026-09-19T12:45:00+0200,0.0,EUR/MWh,PT,PT,day_ahead_price,value,2026-09-23T08:05:09Z
2026-09-23T08:01:26Z,2026-09-23T10:01:26+0200,518a423e-2169-475e-ae06-4c6d2407d974,2026-09-19T11:00:00Z,2026-09-19T13:00:00+0200,0.0,EUR/MWh,PT,PT,day_ahead_price,value,2026-09-23T08:05:09Z
2026-09-23T08:01:26Z,2026-09-23T10:01:26+0200,518a423e-2169-475e-ae06-4c6d2407d974,2026-09-19T11:15:00Z,2026-09-19T13:15:00+0200,0.0,EUR/MWh,PT,PT,day_ahead_price,value,2026-09-23T08:05:09Z
2026-09-23T08:01:26Z,2026-09-23T10:01:26+0200,518a423e-2169-475e-ae06-4c6d2407d974,2026-09-19T11:30:00Z,2026-09-19T13:30:00+0200,0.0,EUR/MWh,PT,PT,day_ahead_price,value,2026-09-23T08:05:09Z
2026-09-23T08:01:26Z,2026-09-23T10:01:26+0200,518a423e-2169-475e-ae06-4c6d2407d974,2026-09-19T11:45:00Z,2026-09-19T13:45:00+0200,0.0,EUR/MWh,PT,PT,day_ahead_price,value,2026-09-23T08:05:09Z
2026-09-23T08:01:26Z,2026-09-23T10:01:26+0200,518a423e-2169-475e-ae06-4c6d2407d974,2026-09-19T12:00:00Z,2026-09-19T14:00:00+0200,0.0,EUR/MWh,PT,PT,day_ahead_price,value,2026-09-23T08:05:09Z
2026-09-23T08:01:26Z,2026-09-23T10:01:26+0200,518a423e-2169-475e-ae06-4c6d2407d974,2026-09-19T12:15:00Z,2026-09-19T14:15:00+0200,0.0,EUR/MWh,PT,PT,day_ahead_price,value,2026-09-23T08:05:09Z
2026-09-23T08:01:26Z,2026-09-23T10:01:26+0200,518a423e-2169-475e-ae06-4c6d2407d974,2026-09-19T12:30:00Z,2026-09-19T14:30:00+0200,0.0,EUR/MWh,PT,PT,day_ahead_price,value,2026-09-23T08:05:09Z
2026-09-23T08:01:26Z,2026-09-23T10:01:26+0200,518a423e-2169-475e-ae06-4c6d2407d974,2026-09-19T12:45:00Z,2026-09-19T14:45:00+0200,0.0,EUR/MWh,PT,PT,day_ahead_price,value,2026-09-23T08:05:09Z
2026-09-23T08:01:26Z,2026-09-23T10:01:26+0200,518a423e-2169-475e-ae06-4c6d2407d974,2026-09-19T13:00:00Z,2026-09-19T15:00:00+0200,0.0,EUR/MWh,PT,PT,day_ahead_price,value,2026-09-23T08:05:09Z
2026-09-23T08:01:26Z,2026-09-23T10:01:26+0200,518a423e-2169-475e-ae06-4c6d2407d974,2026-09-19T13:15:00Z,2026-09-19T15:15:00+0200,0.0,EUR/MWh,PT,PT,day_ahead_price,value,2026-09-23T08:05:09Z
2026-09-23T08:01:26Z,2026-09-23T10:01:26+0200,518a423e-2169-475e-ae06-4c6d2407d974,2026-09-19T13:30:00Z,2026-09-19T15:30:00+0200,0.0,EUR/MWh,PT,PT,day_ahead_price,value,2026-09-23T08:05:09Z
2026-09-23T08:01:26Z,2026-09-23T10:01:26+0200,518a423e-2169-475e-ae06-4c6d2407d974,2026-09-19T13:45:00Z,2026-09-19T15:45:00+0200,0.0,EUR/MWh,PT,PT,day_ahead_price,value,2026-09-23T08:05:09Z
2026-09-23T08:01:26Z,2026-09-23T10:01:26+0200,518a423e-2169-475e-ae06-4c6d2407d974,2026-09-19T14:00:00Z,2026-09-19T16:00:00+0200,0.0,EUR/MWh,PT,PT,day_ahead_price,value,2026-09-23T08:05:09Z
2026-09-23T08:01:26Z,2026-09-23T10:01:26+0200,518a423e-2169-475e-ae06-4c6d2407d974,2026-09-19T14:15:00Z,2026-09-19T16:15:00+0200,0.0,EUR/MWh,PT,PT,day_ahead_price,value,2026-09-23T08:05:09Z
2026-09-23T08:01:26Z,2026-09-23T10:01:26+0200,518a423e-2169-475e-ae06-4c6d2407d974,2026-09-19T14:30:00Z,2026-09-19T16:30:00+0200,0.0,EUR/MWh,PT,PT,day_ahead_price,value,2026-09-23T08:05:09Z
2026-09-23T08:01:26Z,2026-09-23T10:01:26+0200,518a423e-2169-475e-ae06-4c6d2407d974,2026-09-19T14:45:00Z,2026-09-19T16:45:00+0200,0.01,EUR/MWh,PT,PT,day_ahead_price,value,2026-09-23T08:05:09Z
2026-09-23T08:01:26Z,2026-09-23T10:01:26+0200,518a423e-2169-475e-ae06-4c6d2407d974,2026-09-19T15:00:00Z,2026-09-19T17:00:00+0200,0.0,EUR/MWh,PT,PT,day_ahead_price,value,2026-09-23T08:05:09Z
2026-09-23T08:01:26Z,2026-09-23T10:01:26+0200,518a423e-2169-475e-ae06-4c6d2407d974,2026-09-19T15:15:00Z,2026-09-19T17:15:00+0200,0.0,EUR/MWh,PT,PT,day_ahead_price,value,2026-09-23T08:05:09Z
2026-09-23T08:01:26Z,2026-09-23T10:01:26+0200,518a423e-2169-475e-ae06-4c6d2407d974,2026-09-19T15:30:00Z,2026-09-19T17:30:00+0200,0.51,EUR/MWh,PT,PT,day_ahead_price,value,2026-09-23T08:05:09Z
2026-09-23T08:01:26Z,2026-09-23T10:01:26+0200,518a423e-2169-475e-ae06-4c6d2407d974,2026-09-19T15:45:00Z,2026-09-19T17:45:00+0200,2.51,EUR/MWh,PT,PT,day_ahead_price,value,2026-09-23T08:05:09Z
2026-09-23T08:01:26Z,2026-09-23T10:01:26+0200,518a423e-2169-475e-ae06-4c6d2407d974,2026-09-19T16:00:00Z,2026-09-19T18:00:00+0200,15.01,EUR/MWh,PT,PT,day_ahead_price,value,2026-09-23T08:05:09Z
2026-09-23T08:01:26Z,2026-09-23T10:01:26+0200,518a423e-2169-475e-ae06-4c6d2407d974,2026-09-19T16:15:00Z,2026-09-19T18:15:00+0200,64.08,EUR/MWh,PT,PT,day_ahead_price,value,2026-09-23T08:05:09Z
2026-09-23T08:01:26Z,2026-09-23T10:01:26+0200,518a423e-2169-475e-ae06-4c6d2407d974,2026-09-19T16:30:00Z,2026-09-19T18:30:00+0200,94.5,EUR/MWh,PT,PT,day_ahead_price,value,2026-09-23T08:05:09Z
2026-09-23T08:01:26Z,2026-09-23T10:01:26+0200,518a423e-2169-475e-ae06-4c6d2407d974,2026-09-19T16:45:00Z,2026-09-19T18:45:00+0200,115.03,EUR/MWh,PT,PT,day_ahead_price,value,2026-09-23T08:05:09Z
2026-09-23T08:01:26Z,2026-09-23T10:01:26+0200,518a423e-2169-475e-ae06-4c6d2407d974,2026-09-19T17:00:00Z,2026-09-19T19:00:00+0200,115.0,EUR/MWh,PT,PT,day_ahead_price,value,2026-09-23T08:05:09Z
2026-09-23T08:01:26Z,2026-09-23T10:01:26+0200,518a423e-2169-475e-ae06-4c6d2407d974,2026-09-19T17:15:00Z,2026-09-19T19:15:00+0200,140.0,EUR/MWh,PT,PT,day_ahead_price,value,2026-09-23T08:05:09Z
2026-09-23T08:01:26Z,2026-09-23T10:01:26+0200,518a423e-2169-475e-ae06-4c6d2407d974,2026-09-19T17:30:00Z,2026-09-19T19:30:00+0200,177.28,EUR/MWh,PT,PT,day_ahead_price,value,2026-09-23T08:05:09Z
2026-09-23T08:01:26Z,2026-09-23T10:01:26+0200,518a423e-2169-475e-ae06-4c6d2407d974,2026-09-19T17:45:00Z,2026-09-19T19:45:00+0200,189.24,EUR/MWh,PT,PT,day_ahead_price,value,2026-09-23T08:05:09Z
2026-09-23T08:01:26Z,2026-09-23T10:01:26+0200,518a423e-2169-475e-ae06-4c6d2407d974,2026-09-19T18:00:00Z,2026-09-19T20:00:00+0200,190.58,EUR/MWh,PT,PT,day_ahead_price,value,2026-09-23T08:05:09Z
2026-09-23T08:01:26Z,2026-09-23T10:01:26+0200,518a423e-2169-475e-ae06-4c6d2407d974,2026-09-19T18:15:00Z,2026-09-19T20:15:00+0200,196.46,EUR/MWh,PT,PT,day_ahead_price,value,2026-09-23T08:05:09Z
2026-09-23T08:01:26Z,2026-09-23T10:01:26+0200,518a423e-2169-475e-ae06-4c6d2407d974,2026-09-19T18:30:00Z,2026-09-19T20:30:00+0200,201.15,EUR/MWh,PT,PT,day_ahead_price,value,2026-09-23T08:05:09Z
2026-09-23T08:01:26Z,2026-09-23T10:01:26+0200,518a423e-2169-475e-ae06-4c6d2407d974,2026-09-19T18:45:00Z,2026-09-19T20:45:00+0200,201.15,EUR/MWh,PT,PT,day_ahead_price,value,2026-09-23T08:05:09Z
2026-09-23T08:01:26Z,2026-09-23T10:01:26+0200,518a423e-2169-475e-ae06-4c6d2407d974,2026-09-19T19:00:00Z,2026-09-19T21:00:00+0200,201.15,EUR/MWh,PT,PT,day_ahead_price,value,2026-09-23T08:05:09Z
2026-09-23T08:01:26Z,2026-09-23T10:01:26+0200,518a423e-2169-475e-ae06-4c6d2407d974,2026-09-19T19:15:00Z,2026-09-19T21:15:00+0200,201.15,EUR/MWh,PT,PT,day_ahead_price,value,2026-09-23T08:05:09Z
2026-09-23T08:01:26Z,2026-09-23T10:01:26+0200,518a423e-2169-475e-ae06-4c6d2407d974,2026-09-19T19:30:00Z,2026-09-19T21:30:00+0200,196.5,EUR/MWh,PT,PT,day_ahead_price,value,2026-09-23T08:05:09Z
2026-09-23T08:01:26Z,2026-09-23T10:01:26+0200,518a423e-2169-475e-ae06-4c6d2407d974,2026-09-19T19:45:00Z,2026-09-19T21:45:00+0200,196.33,EUR/MWh,PT,PT,day_ahead_price,value,2026-09-23T08:05:09Z
2026-09-23T08:01:26Z,2026-09-23T10:01:26+0200,518a423e-2169-475e-ae06-4c6d2407d974,2026-09-19T20:00:00Z,2026-09-19T22:00:00+0200,193.5,EUR/MWh,PT,PT,day_ahead_price,value,2026-09-23T08:05:09Z
2026-09-23T08:01:26Z,2026-09-23T10:01:26+0200,518a423e-2169-475e-ae06-4c6d2407d974,2026-09-19T20:15:00Z,2026-09-19T22:15:00+0200,190.0,EUR/MWh,PT,PT,day_ahead_price,value,2026-09-23T08:05:09Z
2026-09-23T08:01:26Z,2026-09-23T10:01:26+0200,518a423e-2169-475e-ae06-4c6d2407d974,2026-09-19T20:30:00Z,2026-09-19T22:30:00+0200,188.76,EUR/MWh,PT,PT,day_ahead_price,value,2026-09-23T08:05:09Z
2026-09-23T08:01:26Z,2026-09-23T10:01:26+0200,518a423e-2169-475e-ae06-4c6d2407d974,2026-09-19T20:45:00Z,2026-09-19T22:45:00+0200,186.0,EUR/MWh,PT,PT,day_ahead_price,value,2026-09-23T08:05:09Z
2026-09-23T08:01:26Z,2026-09-23T10:01:26+0200,518a423e-2169-475e-ae06-4c6d2407d974,2026-09-19T21:00:00Z,2026-09-19T23:00:00+0200,188.76,EUR/MWh,PT,PT,day_ahead_price,value,2026-09-23T08:05:09Z
2026-09-23T08:01:26Z,2026-09-23T10:01:26+0200,518a423e-2169-475e-ae06-4c6d2407d974,2026-09-19T21:15:00Z,2026-09-19T23:15:00+0200,187.5,EUR/MWh,PT,PT,day_ahead_price,value,2026-09-23T08:05:09Z
2026-09-23T08:01:26Z,2026-09-23T10:01:26+0200,518a423e-2169-475e-ae06-4c6d2407d974,2026-09-19T21:30:00Z,2026-09-19T23:30:00+0200,186.5,EUR/MWh,PT,PT,day_ahead_price,value,2026-09-23T08:05:09Z
2026-09-23T08:01:26Z,2026-09-23T10:01:26+0200,518a423e-2169-475e-ae06-4c6d2407d974,2026-09-19T21:45:00Z,2026-09-19T23:45:00+0200,184.24,EUR/MWh,PT,PT,day_ahead_price,value,2026-09-23T08:05:09Z
2026-09-23T08:01:26Z,2026-09-23T10:01:26+0200,518a423e-2169-475e-ae06-4c6d2407d974,2026-09-19T22:00:00Z,2026-09-20T00:00:00+0200,187.32,EUR/MWh,PT,PT,day_ahead_price,value,2026-09-23T08:05:09Z
2026-09-23T08:01:26Z,2026-09-23T10:01:26+0200,518a423e-2169-475e-ae06-4c6d2407d974,2026-09-19T22:15:00Z,2026-09-20T00:15:00+0200,186.76,EUR/MWh,PT,PT,day_ahead_price,value,2026-09-23T08:05:09Z
2026-09-23T08:01:26Z,2026-09-23T10:01:26+0200,518a423e-2169-475e-ae06-4c6d2407d974,2026-09-19T22:30:00Z,2026-09-20T00:30:00+0200,185.0,EUR/MWh,PT,PT,day_ahead_price,value,2026-09-23T08:05:09Z
2026-09-23T08:01:26Z,2026-09-23T10:01:26+0200,518a423e-2169-475e-ae06-4c6d2407d974,2026-09-19T22:45:00Z,2026-09-20T00:45:00+0200,185.0,EUR/MWh,PT,PT,day_ahead_price,value,2026-09-23T08:05:09Z
2026-09-23T08:01:26Z,2026-09-23T10:01:26+0200,518a423e-2169-475e-ae06-4c6d2407d974,2026-09-19T23:00:00Z,2026-09-20T01:00:00+0200,186.76,EUR/MWh,PT,PT,day_ahead_price,value,2026-09-23T08:05:09Z
2026-09-23T08:01:26Z,2026-09-23T10:01:26+0200,518a423e-2169-475e-ae06-4c6d2407d974,2026-09-19T23:15:00Z,2026-09-20T01:15:00+0200,185.0,EUR/MWh,PT,PT,day_ahead_price,value,2026-09-23T08:05:09Z
2026-09-23T08:01:26Z,2026-09-23T10:01:26+0200,518a423e-2169-475e-ae06-4c6d2407d974,2026-09-19T23:30:00Z,2026-09-20T01:30:00+0200,183.94,EUR/MWh,PT,PT,day_ahead_price,value,2026-09-23T08:05:09Z
2026-09-23T08:01:26Z,2026-09-23T10:01:26+0200,518a423e-2169-475e-ae06-4c6d2407d974,2026-09-19T23:45:00Z,2026-09-20T01:45:00+0200,183.56,EUR/MWh,PT,PT,day_ahead_price,value,2026-09-23T08:05:09Z
2026-09-23T08:01:26Z,2026-09-23T10:01:26+0200,518a423e-2169-475e-ae06-4c6d2407d974,2026-09-20T00:00:00Z,2026-09-20T02:00:00+0200,185.18,EUR/MWh,PT,PT,day_ahead_price,value,2026-09-23T08:05:09Z
2026-09-23T08:01:26Z,2026-09-23T10:01:26+0200,518a423e-2169-475e-ae06-4c6d2407d974,2026-09-20T00:15:00Z,2026-09-20T02:15:00+0200,185.0,EUR/MWh,PT,PT,day_ahead_price,value,2026-09-23T08:05:09Z
2026-09-23T08:01:26Z,2026-09-23T10:01:26+0200,518a423e-2169-475e-ae06-4c6d2407d974,2026-09-20T00:30:00Z,2026-09-20T02:30:00+0200,184.3,EUR/MWh,PT,PT,day_ahead_price,value,2026-09-23T08:05:09Z
2026-09-23T08:01:26Z,2026-09-23T10:01:26+0200,518a423e-2169-475e-ae06-4c6d2407d974,2026-09-20T00:45:00Z,2026-09-20T02:45:00+0200,184.24,EUR/MWh,PT,PT,day_ahead_price,value,2026-09-23T08:05:09Z
2026-09-23T08:01:26Z,2026-09-23T10:01:26+0200,518a423e-2169-475e-ae06-4c6d2407d974,2026-09-20T01:00:00Z,2026-09-20T03:00:00+0200,184.24,EUR/MWh,PT,PT,day_ahead_price,value,2026-09-23T08:05:09Z
2026-09-23T08:01:26Z,2026-09-23T10:01:26+0200,518a423e-2169-475e-ae06-4c6d2407d974,2026-09-20T01:15:00Z,2026-09-20T03:15:00+0200,183.94,EUR/MWh,PT,PT,day_ahead_price,value,2026-09-23T08:05:09Z
2026-09-23T08:01:26Z,2026-09-23T10:01:26+0200,518a423e-2169-475e-ae06-4c6d2407d974,2026-09-20T01:30:00Z,2026-09-20T03:30:00+0200,184.3,EUR/MWh,PT,PT,day_ahead_price,value,2026-09-23T08:05:09Z
2026-09-23T08:01:26Z,2026-09-23T10:01:26+0200,518a423e-2169-475e-ae06-4c6d2407d974,2026-09-20T01:45:00Z,2026-09-20T03:45:00+0200,183.94,EUR/MWh,PT,PT,day_ahead_price,value,2026-09-23T08:05:09Z
2026-09-23T08:01:26Z,2026-09-23T10:01:26+0200,518a423e-2169-475e-ae06-4c6d2407d974,2026-09-20T02:00:00Z,2026-09-20T04:00:00+0200,184.25,EUR/MWh,PT,PT,day_ahead_price,value,2026-09-23T08:05:09Z
2026-09-23T08:01:26Z,2026-09-23T10:01:26+0200,518a423e-2169-475e-ae06-4c6d2407d974,2026-09-20T02:15:00Z,2026-09-20T04:15:00+0200,184.24,EUR/MWh,PT,PT,day_ahead_price,value,2026-09-23T08:05:09Z
2026-09-23T08:01:26Z,2026-09-23T10:01:26+0200,518a423e-2169-475e-ae06-4c6d2407d974,2026-09-20T02:30:00Z,2026-09-20T04:30:00+0200,183.94,EUR/MWh,PT,PT,day_ahead_price,value,2026-09-23T08:05:09Z
2026-09-23T08:01:26Z,2026-09-23T10:01:26+0200,518a423e-2169-475e-ae06-4c6d2407d974,2026-09-20T02:45:00Z,2026-09-20T04:45:00+0200,183.94,EUR/MWh,PT,PT,day_ahead_price,value,2026-09-23T08:05:09Z
2026-09-23T08:01:26Z,2026-09-23T10:01:26+0200,518a423e-2169-475e-ae06-4c6d2407d974,2026-09-20T03:00:00Z,2026-09-20T05:00:00+0200,183.6,EUR/MWh,PT,PT,day_ahead_price,value,2026-09-23T08:05:09Z
2026-09-23T08:01:26Z,2026-09-23T10:01:26+0200,518a423e-2169-475e-ae06-4c6d2407d974,2026-09-20T03:15:00Z,2026-09-20T05:15:00+0200,183.6,EUR/MWh,PT,PT,day_ahead_price,value,2026-09-23T08:05:09Z
2026-09-23T08:01:26Z,2026-09-23T10:01:26+0200,518a423e-2169-475e-ae06-4c6d2407d974,2026-09-20T03:30:00Z,2026-09-20T05:30:00+0200,183.6,EUR/MWh,PT,PT,day_ahead_price,value,2026-09-23T08:05:09Z
2026-09-23T08:01:26Z,2026-09-23T10:01:26+0200,518a423e-2169-475e-ae06-4c6d2407d974,2026-09-20T03:45:00Z,2026-09-20T05:45:00+0200,183.6,EUR/MWh,PT,PT,day_ahead_price,value,2026-09-23T08:05:09Z
2026-09-23T08:01:26Z,2026-09-23T10:01:26+0200,518a423e-2169-475e-ae06-4c6d2407d974,2026-09-20T04:00:00Z,2026-09-20T06:00:00+0200,183.5,EUR/MWh,PT,PT,day_ahead_price,value,2026-09-23T08:05:09Z
2026-09-23T08:01:26Z,2026-09-23T10:01:26+0200,518a423e-2169-475e-ae06-4c6d2407d974,2026-09-20T04:15:00Z,2026-09-20T06:15:00+0200,183.5,EUR/MWh,PT,PT,day_ahead_price,value,2026-09-23T08:05:09Z
2026-09-23T08:01:26Z,2026-09-23T10:01:26+0200,518a423e-2169-475e-ae06-4c6d2407d974,2026-09-20T04:30:00Z,2026-09-20T06:30:00+0200,180.1,EUR/MWh,PT,PT,day_ahead_price,value,2026-09-23T08:05:09Z
2026-09-23T08:01:26Z,2026-09-23T10:01:26+0200,518a423e-2169-475e-ae06-4c6d2407d974,2026-09-20T04:45:00Z,2026-09-20T06:45:00+0200,183.22,EUR/MWh,PT,PT,day_ahead_price,value,2026-09-23T08:05:09Z
2026-09-23T08:01:26Z,2026-09-23T10:01:26+0200,518a423e-2169-475e-ae06-4c6d2407d974,2026-09-20T05:00:00Z,2026-09-20T07:00:00+0200,183.94,EUR/MWh,PT,PT,day_ahead_price,value,2026-09-23T08:05:09Z
2026-09-23T08:01:26Z,2026-09-23T10:01:26+0200,518a423e-2169-475e-ae06-4c6d2407d974,2026-09-20T05:15:00Z,2026-09-20T07:15:00+0200,184.24,EUR/MWh,PT,PT,day_ahead_price,value,2026-09-23T08:05:09Z
2026-09-23T08:01:26Z,2026-09-23T10:01:26+0200,518a423e-2169-475e-ae06-4c6d2407d974,2026-09-20T05:30:00Z,2026-09-20T07:30:00+0200,184.3,EUR/MWh,PT,PT,day_ahead_price,value,2026-09-23T08:05:09Z
2026-09-23T08:01:26Z,2026-09-23T10:01:26+0200,518a423e-2169-475e-ae06-4c6d2407d974,2026-09-20T05:45:00Z,2026-09-20T07:45:00+0200,183.94,EUR/MWh,PT,PT,day_ahead_price,value,2026-09-23T08:05:09Z
2026-09-23T08:01:26Z,2026-09-23T10:01:26+0200,518a423e-2169-475e-ae06-4c6d2407d974,2026-09-20T06:00:00Z,2026-09-20T08:00:00+0200,184.3,EUR/MWh,PT,PT,day_ahead_price,value,2026-09-23T08:05:09Z
2026-09-23T08:01:26Z,2026-09-23T10:01:26+0200,518a423e-2169-475e-ae06-4c6d2407d974,2026-09-20T06:15:00Z,2026-09-20T08:15:00+0200,180.0,EUR/MWh,PT,PT,day_ahead_price,value,2026-09-23T08:05:09Z
2026-09-23T08:01:26Z,2026-09-23T10:01:26+0200,518a423e-2169-475e-ae06-4c6d2407d974,2026-09-20T06:30:00Z,2026-09-20T08:30:00+0200,166.0,EUR/MWh,PT,PT,day_ahead_price,value,2026-09-23T08:05:09Z
2026-09-23T08:01:26Z,2026-09-23T10:01:26+0200,518a423e-2169-475e-ae06-4c6d2407d974,2026-09-20T06:45:00Z,2026-09-20T08:45:00+0200,115.05,EUR/MWh,PT,PT,day_ahead_price,value,2026-09-23T08:05:09Z
2026-09-23T08:01:26Z,2026-09-23T10:01:26+0200,518a423e-2169-475e-ae06-4c6d2407d974,2026-09-20T07:00:00Z,2026-09-20T09:00:00+0200,93.5,EUR/MWh,PT,PT,day_ahead_price,value,2026-09-23T08:05:09Z
2026-09-23T08:01:26Z,2026-09-23T10:01:26+0200,518a423e-2169-475e-ae06-4c6d2407d974,2026-09-20T07:15:00Z,2026-09-20T09:15:00+0200,38.99,EUR/MWh,PT,PT,day_ahead_price,value,2026-09-23T08:05:09Z
2026-09-23T08:01:26Z,2026-09-23T10:01:26+0200,518a423e-2169-475e-ae06-4c6d2407d974,2026-09-20T07:30:00Z,2026-09-20T09:30:00+0200,1.4,EUR/MWh,PT,PT,day_ahead_price,value,2026-09-23T08:05:09Z
2026-09-23T08:01:26Z,2026-09-23T10:01:26+0200,518a423e-2169-475e-ae06-4c6d2407d974,2026-09-20T07:45:00Z,2026-09-20T09:45:00+0200,0.01,EUR/MWh,PT,PT,day_ahead_price,value,2026-09-23T08:05:09Z
2026-09-23T08:01:26Z,2026-09-23T10:01:26+0200,518a423e-2169-475e-ae06-4c6d2407d974,2026-09-20T08:00:00Z,2026-09-20T10:00:00+0200,0.01,EUR/MWh,PT,PT,day_ahead_price,value,2026-09-23T08:05:09Z
2026-09-23T08:01:26Z,2026-09-23T10:01:26+0200,518a423e-2169-475e-ae06-4c6d2407d974,2026-09-20T08:15:00Z,2026-09-20T10:15:00+0200,0.0,EUR/MWh,PT,PT,day_ahead_price,value,2026-09-23T08:05:09Z
2026-09-23T08:01:26Z,2026-09-23T10:01:26+0200,518a423e-2169-475e-ae06-4c6d2407d974,2026-09-20T08:30:00Z,2026-09-20T10:30:00+0200,-0.01,EUR/MWh,PT,PT,day_ahead_price,value,2026-09-23T08:05:09Z
2026-09-23T08:01:26Z,2026-09-23T10:01:26+0200,518a423e-2169-475e-ae06-4c6d2407d974,2026-09-20T08:45:00Z,2026-09-20T10:45:00+0200,-0.03,EUR/MWh,PT,PT,day_ahead_price,value,2026-09-23T08:05:09Z
2026-09-23T08:01:26Z,2026-09-23T10:01:26+0200,518a423e-2169-475e-ae06-4c6d2407d974,2026-09-20T09:00:00Z,2026-09-20T11:00:00+0200,-0.02,EUR/MWh,PT,PT,day_ahead_price,value,2026-09-23T08:05:09Z
2026-09-23T08:01:26Z,2026-09-23T10:01:26+0200,518a423e-2169-475e-ae06-4c6d2407d974,2026-09-20T09:15:00Z,2026-09-20T11:15:00+0200,-0.02,EUR/MWh,PT,PT,day_ahead_price,value,2026-09-23T08:05:09Z
2026-09-23T08:01:26Z,2026-09-23T10:01:26+0200,518a423e-2169-475e-ae06-4c6d2407d974,2026-09-20T09:30:00Z,2026-09-20T11:30:00+0200,-0.02,EUR/MWh,PT,PT,day_ahead_price,value,2026-09-23T08:05:09Z
2026-09-23T08:01:26Z,2026-09-23T10:01:26+0200,518a423e-2169-475e-ae06-4c6d2407d974,2026-09-20T09:45:00Z,2026-09-20T11:45:00+0200,-0.02,EUR/MWh,PT,PT,day_ahead_price,value,2026-09-23T08:05:09Z
2026-09-23T08:01:26Z,2026-09-23T10:01:26+0200,518a423e-2169-475e-ae06-4c6d2407d974,2026-09-20T10:00:00Z,2026-09-20T12:00:00+0200,-0.02,EUR/MWh,PT,PT,day_ahead_price,value,2026-09-23T08:05:09Z
2026-09-23T08:01:26Z,2026-09-23T10:01:26+0200,518a423e-2169-475e-ae06-4c6d2407d974,2026-09-20T10:15:00Z,2026-09-20T12:15:00+0200,-0.02,EUR/MWh,PT,PT,day_ahead_price,value,2026-09-23T08:05:09Z
2026-09-23T08:01:26Z,2026-09-23T10:01:26+0200,518a423e-2169-475e-ae06-4c6d2407d974,2026-09-20T10:30:00Z,2026-09-20T12:30:00+0200,-0.01,EUR/MWh,PT,PT,day_ahead_price,value,2026-09-23T08:05:09Z
2026-09-23T08:01:26Z,2026-09-23T10:01:26+0200,518a423e-2169-475e-ae06-4c6d2407d974,2026-09-20T10:45:00Z,2026-09-20T12:45:00+0200,-0.01,EUR/MWh,PT,PT,day_ahead_price,value,2026-09-23T08:05:09Z
2026-09-23T08:01:26Z,2026-09-23T10:01:26+0200,518a423e-2169-475e-ae06-4c6d2407d974,2026-09-20T11:00:00Z,2026-09-20T13:00:00+0200,-0.01,EUR/MWh,PT,PT,day_ahead_price,value,2026-09-23T08:05:09Z
2026-09-23T08:01:26Z,2026-09-23T10:01:26+0200,518a423e-2169-475e-ae06-4c6d2407d974,2026-09-20T11:15:00Z,2026-09-20T13:15:00+0200,-0.01,EUR/MWh,PT,PT,day_ahead_price,value,2026-09-23T08:05:09Z
2026-09-23T08:01:26Z,2026-09-23T10:01:26+0200,518a423e-2169-475e-ae06-4c6d2407d974,2026-09-20T11:30:00Z,2026-09-20T13:30:00+0200,-0.01,EUR/MWh,PT,PT,day_ahead_price,value,2026-09-23T08:05:09Z
2026-09-23T08:01:26Z,2026-09-23T10:01:26+0200,518a423e-2169-475e-ae06-4c6d2407d974,2026-09-20T11:45:00Z,2026-09-20T13:45:00+0200,-0.01,EUR/MWh,PT,PT,day_ahead_price,value,2026-09-23T08:05:09Z
2026-09-23T08:01:26Z,2026-09-23T10:01:26+0200,518a423e-2169-475e-ae06-4c6d2407d974,2026-09-20T12:00:00Z,2026-09-20T14:00:00+0200,-0.01,EUR/MWh,PT,PT,day_ahead_price,value,2026-09-23T08:05:09Z
2026-09-23T08:01:26Z,2026-09-23T10:01:26+0200,518a423e-2169-475e-ae06-4c6d2407d974,2026-09-20T12:15:00Z,2026-09-20T14:15:00+0200,-0.01,EUR/MWh,PT,PT,day_ahead_price,value,2026-09-23T08:05:09Z
2026-09-23T08:01:26Z,2026-09-23T10:01:26+0200,518a423e-2169-475e-ae06-4c6d2407d974,2026-09-20T12:30:00Z,2026-09-20T14:30:00+0200,-0.01,EUR/MWh,PT,PT,day_ahead_price,value,2026-09-23T08:05:09Z
2026-09-23T08:01:26Z,2026-09-23T10:01:26+0200,518a423e-2169-475e-ae06-4c6d2407d974,2026-09-20T12:45:00Z,2026-09-20T14:45:00+0200,-0.01,EUR/MWh,PT,PT,day_ahead_price,value,2026-09-23T08:05:09Z
2026-09-23T08:01:26Z,2026-09-23T10:01:26+0200,518a423e-2169-475e-ae06-4c6d2407d974,2026-09-20T13:00:00Z,2026-09-20T15:00:00+0200,-0.02,EUR/MWh,PT,PT,day_ahead_price,value,2026-09-23T08:05:09Z
2026-09-23T08:01:26Z,2026-09-23T10:01:26+0200,518a423e-2169-475e-ae06-4c6d2407d974,2026-09-20T13:15:00Z,2026-09-20T15:15:00+0200,-0.02,EUR/MWh,PT,PT,day_ahead_price,value,2026-09-23T08:05:09Z
2026-09-23T08:01:26Z,2026-09-23T10:01:26+0200,518a423e-2169-475e-ae06-4c6d2407d974,2026-09-20T13:30:00Z,2026-09-20T15:30:00+0200,-0.02,EUR/MWh,PT,PT,day_ahead_price,value,2026-09-23T08:05:09Z
2026-09-23T08:01:26Z,2026-09-23T10:01:26+0200,518a423e-2169-475e-ae06-4c6d2407d974,2026-09-20T13:45:00Z,2026-09-20T15:45:00+0200,-0.02,EUR/MWh,PT,PT,day_ahead_price,value,2026-09-23T08:05:09Z
2026-09-23T08:01:26Z,2026-09-23T10:01:26+0200,518a423e-2169-475e-ae06-4c6d2407d974,2026-09-20T14:00:00Z,2026-09-20T16:00:00+0200,-0.02,EUR/MWh,PT,PT,day_ahead_price,value,2026-09-23T08:05:09Z
2026-09-23T08:01:26Z,2026-09-23T10:01:26+0200,518a423e-2169-475e-ae06-4c6d2407d974,2026-09-20T14:15:00Z,2026-09-20T16:15:00+0200,-0.02,EUR/MWh,PT,PT,day_ahead_price,value,2026-09-23T08:05:09Z
2026-09-23T08:01:26Z,2026-09-23T10:01:26+0200,518a423e-2169-475e-ae06-4c6d2407d974,2026-09-20T14:30:00Z,2026-09-20T16:30:00+0200,-0.02,EUR/MWh,PT,PT,day_ahead_price,value,2026-09-23T08:05:09Z
2026-09-23T08:01:26Z,2026-09-23T10:01:26+0200,518a423e-2169-475e-ae06-4c6d2407d974,2026-09-20T14:45:00Z,2026-09-20T16:45:00+0200,-0.01,EUR/MWh,PT,PT,day_ahead_price,value,2026-09-23T08:05:09Z
2026-09-23T08:01:26Z,2026-09-23T10:01:26+0200,518a423e-2169-475e-ae06-4c6d2407d974,2026-09-20T15:00:00Z,2026-09-20T17:00:00+0200,-0.01,EUR/MWh,PT,PT,day_ahead_price,value,2026-09-23T08:05:09Z
2026-09-23T08:01:26Z,2026-09-23T10:01:26+0200,518a423e-2169-475e-ae06-4c6d2407d974,2026-09-20T15:15:00Z,2026-09-20T17:15:00+0200,0.0,EUR/MWh,PT,PT,day_ahead_price,value,2026-09-23T08:05:09Z
2026-09-23T08:01:26Z,2026-09-23T10:01:26+0200,518a423e-2169-475e-ae06-4c6d2407d974,2026-09-20T15:30:00Z,2026-09-20T17:30:00+0200,0.0,EUR/MWh,PT,PT,day_ahead_price,value,2026-09-23T08:05:09Z
2026-09-23T08:01:26Z,2026-09-23T10:01:26+0200,518a423e-2169-475e-ae06-4c6d2407d974,2026-09-20T15:45:00Z,2026-09-20T17:45:00+0200,0.51,EUR/MWh,PT,PT,day_ahead_price,value,2026-09-23T08:05:09Z
2026-09-23T08:01:26Z,2026-09-23T10:01:26+0200,518a423e-2169-475e-ae06-4c6d2407d974,2026-09-20T16:00:00Z,2026-09-20T18:00:00+0200,1.44,EUR/MWh,PT,PT,day_ahead_price,value,2026-09-23T08:05:09Z
2026-09-23T08:01:26Z,2026-09-23T10:01:26+0200,518a423e-2169-475e-ae06-4c6d2407d974,2026-09-20T16:15:00Z,2026-09-20T18:15:00+0200,38.88,EUR/MWh,PT,PT,day_ahead_price,value,2026-09-23T08:05:09Z
2026-09-23T08:01:26Z,2026-09-23T10:01:26+0200,518a423e-2169-475e-ae06-4c6d2407d974,2026-09-20T16:30:00Z,2026-09-20T18:30:00+0200,91.14,EUR/MWh,PT,PT,day_ahead_price,value,2026-09-23T08:05:09Z
2026-09-23T08:01:26Z,2026-09-23T10:01:26+0200,518a423e-2169-475e-ae06-4c6d2407d974,2026-09-20T16:45:00Z,2026-09-20T18:45:00+0200,115.72,EUR/MWh,PT,PT,day_ahead_price,value,2026-09-23T08:05:09Z
2026-09-23T08:01:26Z,2026-09-23T10:01:26+0200,518a423e-2169-475e-ae06-4c6d2407d974,2026-09-20T17:00:00Z,2026-09-20T19:00:00+0200,150.0,EUR/MWh,PT,PT,day_ahead_price,value,2026-09-23T08:05:09Z
2026-09-23T08:01:26Z,2026-09-23T10:01:26+0200,518a423e-2169-475e-ae06-4c6d2407d974,2026-09-20T17:15:00Z,2026-09-20T19:15:00+0200,184.3,EUR/MWh,PT,PT,day_ahead_price,value,2026-09-23T08:05:09Z
2026-09-23T08:01:26Z,2026-09-23T10:01:26+0200,518a423e-2169-475e-ae06-4c6d2407d974,2026-09-20T17:30:00Z,2026-09-20T19:30:00+0200,200.74,EUR/MWh,PT,PT,day_ahead_price,value,2026-09-23T08:05:09Z
2026-09-23T08:01:26Z,2026-09-23T10:01:26+0200,518a423e-2169-475e-ae06-4c6d2407d974,2026-09-20T17:45:00Z,2026-09-20T19:45:00+0200,225.57,EUR/MWh,PT,PT,day_ahead_price,value,2026-09-23T08:05:09Z
2026-09-23T08:01:26Z,2026-09-23T10:01:26+0200,518a423e-2169-475e-ae06-4c6d2407d974,2026-09-20T18:00:00Z,2026-09-20T20:00:00+0200,198.9,EUR/MWh,PT,PT,day_ahead_price,value,2026-09-23T08:05:09Z
2026-09-23T08:01:26Z,2026-09-23T10:01:26+0200,518a423e-2169-475e-ae06-4c6d2407d974,2026-09-20T18:15:00Z,2026-09-20T20:15:00+0200,200.74,EUR/MWh,PT,PT,day_ahead_price,value,2026-09-23T08:05:09Z
2026-09-23T08:01:26Z,2026-09-23T10:01:26+0200,518a423e-2169-475e-ae06-4c6d2407d974,2026-09-20T18:30:00Z,2026-09-20T20:30:00+0200,205.71,EUR/MWh,PT,PT,day_ahead_price,value,2026-09-23T08:05:09Z
2026-09-23T08:01:26Z,2026-09-23T10:01:26+0200,518a423e-2169-475e-ae06-4c6d2407d974,2026-09-20T18:45:00Z,2026-09-20T20:45:00+0200,200.74,EUR/MWh,PT,PT,day_ahead_price,value,2026-09-23T08:05:09Z
2026-09-23T08:01:26Z,2026-09-23T10:01:26+0200,518a423e-2169-475e-ae06-4c6d2407d974,2026-09-20T19:00:00Z,2026-09-20T21:00:00+0200,211.13,EUR/MWh,PT,PT,day_ahead_price,value,2026-09-23T08:05:09Z
2026-09-23T08:01:26Z,2026-09-23T10:01:26+0200,518a423e-2169-475e-ae06-4c6d2407d974,2026-09-20T19:15:00Z,2026-09-20T21:15:00+0200,200.99,EUR/MWh,PT,PT,day_ahead_price,value,2026-09-23T08:05:09Z
2026-09-23T08:01:26Z,2026-09-23T10:01:26+0200,518a423e-2169-475e-ae06-4c6d2407d974,2026-09-20T19:30:00Z,2026-09-20T21:30:00+0200,200.74,EUR/MWh,PT,PT,day_ahead_price,value,2026-09-23T08:05:09Z
2026-09-23T08:01:26Z,2026-09-23T10:01:26+0200,518a423e-2169-475e-ae06-4c6d2407d974,2026-09-20T19:45:00Z,2026-09-20T21:45:00+0200,199.0,EUR/MWh,PT,PT,day_ahead_price,value,2026-09-23T08:05:09Z
2026-09-23T08:01:26Z,2026-09-23T10:01:26+0200,518a423e-2169-475e-ae06-4c6d2407d974,2026-09-20T20:00:00Z,2026-09-20T22:00:00+0200,200.74,EUR/MWh,PT,PT,day_ahead_price,value,2026-09-23T08:05:09Z
2026-09-23T08:01:26Z,2026-09-23T10:01:26+0200,518a423e-2169-475e-ae06-4c6d2407d974,2026-09-20T20:15:00Z,2026-09-20T22:15:00+0200,196.7,EUR/MWh,PT,PT,day_ahead_price,value,2026-09-23T08:05:09Z
2026-09-23T08:01:26Z,2026-09-23T10:01:26+0200,518a423e-2169-475e-ae06-4c6d2407d974,2026-09-20T20:30:00Z,2026-09-20T22:30:00+0200,195.87,EUR/MWh,PT,PT,day_ahead_price,value,2026-09-23T08:05:09Z
2026-09-23T08:01:26Z,2026-09-23T10:01:26+0200,518a423e-2169-475e-ae06-4c6d2407d974,2026-09-20T20:45:00Z,2026-09-20T22:45:00+0200,186.76,EUR/MWh,PT,PT,day_ahead_price,value,2026-09-23T08:05:09Z
2026-09-23T08:01:26Z,2026-09-23T10:01:26+0200,518a423e-2169-475e-ae06-4c6d2407d974,2026-09-20T21:00:00Z,2026-09-20T23:00:00+0200,186.76,EUR/MWh,PT,PT,day_ahead_price,value,2026-09-23T08:05:09Z
2026-09-23T08:01:26Z,2026-09-23T10:01:26+0200,518a423e-2169-475e-ae06-4c6d2407d974,2026-09-20T21:15:00Z,2026-09-20T23:15:00+0200,186.76,EUR/MWh,PT,PT,day_ahead_price,value,2026-09-23T08:05:09Z
2026-09-23T08:01:26Z,2026-09-23T10:01:26+0200,518a423e-2169-475e-ae06-4c6d2407d974,2026-09-20T21:30:00Z,2026-09-20T23:30:00+0200,186.18,EUR/MWh,PT,PT,day_ahead_price,value,2026-09-23T08:05:09Z
2026-09-23T08:01:26Z,2026-09-23T10:01:26+0200,518a423e-2169-475e-ae06-4c6d2407d974,2026-09-20T21:45:00Z,2026-09-20T23:45:00+0200,183.5,EUR/MWh,PT,PT,day_ahead_price,value,2026-09-23T08:05:09Z
2026-09-23T08:01:26Z,2026-09-23T10:01:26+0200,518a423e-2169-475e-ae06-4c6d2407d974,2026-09-20T22:00:00Z,2026-09-21T00:00:00+0200,200.76,EUR/MWh,PT,PT,day_ahead_price,value,2026-09-23T08:05:09Z
2026-09-23T08:01:26Z,2026-09-23T10:01:26+0200,518a423e-2169-475e-ae06-4c6d2407d974,2026-09-20T22:15:00Z,2026-09-21T00:15:00+0200,190.0,EUR/MWh,PT,PT,day_ahead_price,value,2026-09-23T08:05:09Z
2026-09-23T08:01:26Z,2026-09-23T10:01:26+0200,518a423e-2169-475e-ae06-4c6d2407d974,2026-09-20T22:30:00Z,2026-09-21T00:30:00+0200,186.31,EUR/MWh,PT,PT,day_ahead_price,value,2026-09-23T08:05:09Z
2026-09-23T08:01:26Z,2026-09-23T10:01:26+0200,518a423e-2169-475e-ae06-4c6d2407d974,2026-09-20T22:45:00Z,2026-09-21T00:45:00+0200,186.25,EUR/MWh,PT,PT,day_ahead_price,value,2026-09-23T08:05:09Z
2026-09-23T08:01:26Z,2026-09-23T10:01:26+0200,518a423e-2169-475e-ae06-4c6d2407d974,2026-09-20T23:00:00Z,2026-09-21T01:00:00+0200,185.37,EUR/MWh,PT,PT,day_ahead_price,value,2026-09-23T08:05:09Z
2026-09-23T08:01:26Z,2026-09-23T10:01:26+0200,518a423e-2169-475e-ae06-4c6d2407d974,2026-09-20T23:15:00Z,2026-09-21T01:15:00+0200,184.67,EUR/MWh,PT,PT,day_ahead_price,value,2026-09-23T08:05:09Z
2026-09-23T08:01:26Z,2026-09-23T10:01:26+0200,518a423e-2169-475e-ae06-4c6d2407d974,2026-09-20T23:30:00Z,2026-09-21T01:30:00+0200,184.57,EUR/MWh,PT,PT,day_ahead_price,value,2026-09-23T08:05:09Z
2026-09-23T08:01:26Z,2026-09-23T10:01:26+0200,518a423e-2169-475e-ae06-4c6d2407d974,2026-09-20T23:45:00Z,2026-09-21T01:45:00+0200,179.08,EUR/MWh,PT,PT,day_ahead_price,value,2026-09-23T08:05:09Z
2026-09-23T08:01:26Z,2026-09-23T10:01:26+0200,518a423e-2169-475e-ae06-4c6d2407d974,2026-09-21T00:00:00Z,2026-09-21T02:00:00+0200,183.56,EUR/MWh,PT,PT,day_ahead_price,value,2026-09-23T08:05:09Z
2026-09-23T08:01:26Z,2026-09-23T10:01:26+0200,518a423e-2169-475e-ae06-4c6d2407d974,2026-09-21T00:15:00Z,2026-09-21T02:15:00+0200,176.07,EUR/MWh,PT,PT,day_ahead_price,value,2026-09-23T08:05:09Z
2026-09-23T08:01:26Z,2026-09-23T10:01:26+0200,518a423e-2169-475e-ae06-4c6d2407d974,2026-09-21T00:30:00Z,2026-09-21T02:30:00+0200,175.9,EUR/MWh,PT,PT,day_ahead_price,value,2026-09-23T08:05:09Z
2026-09-23T08:01:26Z,2026-09-23T10:01:26+0200,518a423e-2169-475e-ae06-4c6d2407d974,2026-09-21T00:45:00Z,2026-09-21T02:45:00+0200,175.9,EUR/MWh,PT,PT,day_ahead_price,value,2026-09-23T08:05:09Z
2026-09-23T08:01:26Z,2026-09-23T10:01:26+0200,518a423e-2169-475e-ae06-4c6d2407d974,2026-09-21T01:00:00Z,2026-09-21T03:00:00+0200,175.0,EUR/MWh,PT,PT,day_ahead_price,value,2026-09-23T08:05:09Z
2026-09-23T08:01:26Z,2026-09-23T10:01:26+0200,518a423e-2169-475e-ae06-4c6d2407d974,2026-09-21T01:15:00Z,2026-09-21T03:15:00+0200,175.0,EUR/MWh,PT,PT,day_ahead_price,value,2026-09-23T08:05:09Z
2026-09-23T08:01:26Z,2026-09-23T10:01:26+0200,518a423e-2169-475e-ae06-4c6d2407d974,2026-09-21T01:30:00Z,2026-09-21T03:30:00+0200,174.16,EUR/MWh,PT,PT,day_ahead_price,value,2026-09-23T08:05:09Z
2026-09-23T08:01:26Z,2026-09-23T10:01:26+0200,518a423e-2169-475e-ae06-4c6d2407d974,2026-09-21T01:45:00Z,2026-09-21T03:45:00+0200,174.16,EUR/MWh,PT,PT,day_ahead_price,value,2026-09-23T08:05:09Z
2026-09-23T08:01:26Z,2026-09-23T10:01:26+0200,518a423e-2169-475e-ae06-4c6d2407d974,2026-09-21T02:00:00Z,2026-09-21T04:00:00+0200,174.16,EUR/MWh,PT,PT,day_ahead_price,value,2026-09-23T08:05:09Z
2026-09-23T08:01:26Z,2026-09-23T10:01:26+0200,518a423e-2169-475e-ae06-4c6d2407d974,2026-09-21T02:15:00Z,2026-09-21T04:15:00+0200,174.16,EUR/MWh,PT,PT,day_ahead_price,value,2026-09-23T08:05:09Z
2026-09-23T08:01:26Z,2026-09-23T10:01:26+0200,518a423e-2169-475e-ae06-4c6d2407d974,2026-09-21T02:30:00Z,2026-09-21T04:30:00+0200,174.29,EUR/MWh,PT,PT,day_ahead_price,value,2026-09-23T08:05:09Z
2026-09-23T08:01:26Z,2026-09-23T10:01:26+0200,518a423e-2169-475e-ae06-4c6d2407d974,2026-09-21T02:45:00Z,2026-09-21T04:45:00+0200,175.0,EUR/MWh,PT,PT,day_ahead_price,value,2026-09-23T08:05:09Z
2026-09-23T08:01:26Z,2026-09-23T10:01:26+0200,518a423e-2169-475e-ae06-4c6d2407d974,2026-09-21T03:00:00Z,2026-09-21T05:00:00+0200,175.0,EUR/MWh,PT,PT,day_ahead_price,value,2026-09-23T08:05:09Z
2026-09-23T08:01:26Z,2026-09-23T10:01:26+0200,518a423e-2169-475e-ae06-4c6d2407d974,2026-09-21T03:15:00Z,2026-09-21T05:15:00+0200,175.0,EUR/MWh,PT,PT,day_ahead_price,value,2026-09-23T08:05:09Z
2026-09-23T08:01:26Z,2026-09-23T10:01:26+0200,518a423e-2169-475e-ae06-4c6d2407d974,2026-09-21T03:30:00Z,2026-09-21T05:30:00+0200,176.6,EUR/MWh,PT,PT,day_ahead_price,value,2026-09-23T08:05:09Z
2026-09-23T08:01:26Z,2026-09-23T10:01:26+0200,518a423e-2169-475e-ae06-4c6d2407d974,2026-09-21T03:45:00Z,2026-09-21T05:45:00+0200,184.67,EUR/MWh,PT,PT,day_ahead_price,value,2026-09-23T08:05:09Z
2026-09-23T08:01:26Z,2026-09-23T10:01:26+0200,518a423e-2169-475e-ae06-4c6d2407d974,2026-09-21T04:00:00Z,2026-09-21T06:00:00+0200,184.67,EUR/MWh,PT,PT,day_ahead_price,value,2026-09-23T08:05:09Z
2026-09-23T08:01:26Z,2026-09-23T10:01:26+0200,518a423e-2169-475e-ae06-4c6d2407d974,2026-09-21T04:15:00Z,2026-09-21T06:15:00+0200,187.13,EUR/MWh,PT,PT,day_ahead_price,value,2026-09-23T08:05:09Z
2026-09-23T08:01:26Z,2026-09-23T10:01:26+0200,518a423e-2169-475e-ae06-4c6d2407d974,2026-09-21T04:30:00Z,2026-09-21T06:30:00+0200,190.0,EUR/MWh,PT,PT,day_ahead_price,value,2026-09-23T08:05:09Z
2026-09-23T08:01:26Z,2026-09-23T10:01:26+0200,518a423e-2169-475e-ae06-4c6d2407d974,2026-09-21T04:45:00Z,2026-09-21T06:45:00+0200,200.5,EUR/MWh,PT,PT,day_ahead_price,value,2026-09-23T08:05:09Z
2026-09-23T08:01:26Z,2026-09-23T10:01:26+0200,518a423e-2169-475e-ae06-4c6d2407d974,2026-09-21T05:00:00Z,2026-09-21T07:00:00+0200,211.7,EUR/MWh,PT,PT,day_ahead_price,value,2026-09-23T08:05:09Z
2026-09-23T08:01:26Z,2026-09-23T10:01:26+0200,518a423e-2169-475e-ae06-4c6d2407d974,2026-09-21T05:15:00Z,2026-09-21T07:15:00+0200,224.0,EUR/MWh,PT,PT,day_ahead_price,value,2026-09-23T08:05:09Z
2026-09-23T08:01:26Z,2026-09-23T10:01:26+0200,518a423e-2169-475e-ae06-4c6d2407d974,2026-09-21T05:30:00Z,2026-09-21T07:30:00+0200,227.0,EUR/MWh,PT,PT,day_ahead_price,value,2026-09-23T08:05:09Z
2026-09-23T08:01:26Z,2026-09-23T10:01:26+0200,518a423e-2169-475e-ae06-4c6d2407d974,2026-09-21T05:45:00Z,2026-09-21T07:45:00+0200,230.57,EUR/MWh,PT,PT,day_ahead_price,value,2026-09-23T08:05:09Z
2026-09-23T08:01:26Z,2026-09-23T10:01:26+0200,518a423e-2169-475e-ae06-4c6d2407d974,2026-09-21T06:00:00Z,2026-09-21T08:00:00+0200,263.9,EUR/MWh,PT,PT,day_ahead_price,value,2026-09-23T08:05:09Z
2026-09-23T08:01:26Z,2026-09-23T10:01:26+0200,518a423e-2169-475e-ae06-4c6d2407d974,2026-09-21T06:15:00Z,2026-09-21T08:15:00+0200,246.23,EUR/MWh,PT,PT,day_ahead_price,value,2026-09-23T08:05:09Z
2026-09-23T08:01:26Z,2026-09-23T10:01:26+0200,518a423e-2169-475e-ae06-4c6d2407d974,2026-09-21T06:30:00Z,2026-09-21T08:30:00+0200,226.0,EUR/MWh,PT,PT,day_ahead_price,value,2026-09-23T08:05:09Z
2026-09-23T08:01:26Z,2026-09-23T10:01:26+0200,518a423e-2169-475e-ae06-4c6d2407d974,2026-09-21T06:45:00Z,2026-09-21T08:45:00+0200,195.0,EUR/MWh,PT,PT,day_ahead_price,value,2026-09-23T08:05:09Z
2026-09-23T08:01:26Z,2026-09-23T10:01:26+0200,518a423e-2169-475e-ae06-4c6d2407d974,2026-09-21T07:00:00Z,2026-09-21T09:00:00+0200,212.25,EUR/MWh,PT,PT,day_ahead_price,value,2026-09-23T08:05:09Z
2026-09-23T08:01:26Z,2026-09-23T10:01:26+0200,518a423e-2169-475e-ae06-4c6d2407d974,2026-09-21T07:15:00Z,2026-09-21T09:15:00+0200,186.25,EUR/MWh,PT,PT,day_ahead_price,value,2026-09-23T08:05:09Z
2026-09-23T08:01:26Z,2026-09-23T10:01:26+0200,518a423e-2169-475e-ae06-4c6d2407d974,2026-09-21T07:30:00Z,2026-09-21T09:30:00+0200,167.52,EUR/MWh,PT,PT,day_ahead_price,value,2026-09-23T08:05:09Z
2026-09-23T08:01:26Z,2026-09-23T10:01:26+0200,518a423e-2169-475e-ae06-4c6d2407d974,2026-09-21T07:45:00Z,2026-09-21T09:45:00+0200,110.77,EUR/MWh,PT,PT,day_ahead_price,value,2026-09-23T08:05:09Z
2026-09-23T08:01:26Z,2026-09-23T10:01:26+0200,518a423e-2169-475e-ae06-4c6d2407d974,2026-09-21T08:00:00Z,2026-09-21T10:00:00+0200,110.1,EUR/MWh,PT,PT,day_ahead_price,value,2026-09-23T08:05:09Z
2026-09-23T08:01:26Z,2026-09-23T10:01:26+0200,518a423e-2169-475e-ae06-4c6d2407d974,2026-09-21T08:15:00Z,2026-09-21T10:15:00+0200,91.6,EUR/MWh,PT,PT,day_ahead_price,value,2026-09-23T08:05:09Z
2026-09-23T08:01:26Z,2026-09-23T10:01:26+0200,518a423e-2169-475e-ae06-4c6d2407d974,2026-09-21T08:30:00Z,2026-09-21T10:30:00+0200,65.0,EUR/MWh,PT,PT,day_ahead_price,value,2026-09-23T08:05:09Z
2026-09-23T08:01:26Z,2026-09-23T10:01:26+0200,518a423e-2169-475e-ae06-4c6d2407d974,2026-09-21T08:45:00Z,2026-09-21T10:45:00+0200,38.73,EUR/MWh,PT,PT,day_ahead_price,value,2026-09-23T08:05:09Z
2026-09-23T08:01:26Z,2026-09-23T10:01:26+0200,518a423e-2169-475e-ae06-4c6d2407d974,2026-09-21T09:00:00Z,2026-09-21T11:00:00+0200,11.85,EUR/MWh,PT,PT,day_ahead_price,value,2026-09-23T08:05:09Z
2026-09-23T08:01:26Z,2026-09-23T10:01:26+0200,518a423e-2169-475e-ae06-4c6d2407d974,2026-09-21T09:15:00Z,2026-09-21T11:15:00+0200,2.99,EUR/MWh,PT,PT,day_ahead_price,value,2026-09-23T08:05:09Z
2026-09-23T08:01:26Z,2026-09-23T10:01:26+0200,518a423e-2169-475e-ae06-4c6d2407d974,2026-09-21T09:30:00Z,2026-09-21T11:30:00+0200,2.0,EUR/MWh,PT,PT,day_ahead_price,value,2026-09-23T08:05:09Z
2026-09-23T08:01:26Z,2026-09-23T10:01:26+0200,518a423e-2169-475e-ae06-4c6d2407d974,2026-09-21T09:45:00Z,2026-09-21T11:45:00+0200,1.81,EUR/MWh,PT,PT,day_ahead_price,value,2026-09-23T08:05:09Z
2026-09-23T08:01:26Z,2026-09-23T10:01:26+0200,518a423e-2169-475e-ae06-4c6d2407d974,2026-09-21T10:00:00Z,2026-09-21T12:00:00+0200,1.52,EUR/MWh,PT,PT,day_ahead_price,value,2026-09-23T08:05:09Z
2026-09-23T08:01:26Z,2026-09-23T10:01:26+0200,518a423e-2169-475e-ae06-4c6d2407d974,2026-09-21T10:15:00Z,2026-09-21T12:15:00+0200,1.5,EUR/MWh,PT,PT,day_ahead_price,value,2026-09-23T08:05:09Z
2026-09-23T08:01:26Z,2026-09-23T10:01:26+0200,518a423e-2169-475e-ae06-4c6d2407d974,2026-09-21T10:30:00Z,2026-09-21T12:30:00+0200,1.49,EUR/MWh,PT,PT,day_ahead_price,value,2026-09-23T08:05:09Z
2026-09-23T08:01:26Z,2026-09-23T10:01:26+0200,518a423e-2169-475e-ae06-4c6d2407d974,2026-09-21T10:45:00Z,2026-09-21T12:45:00+0200,1.5,EUR/MWh,PT,PT,day_ahead_price,value,2026-09-23T08:05:09Z
2026-09-23T08:01:26Z,2026-09-23T10:01:26+0200,518a423e-2169-475e-ae06-4c6d2407d974,2026-09-21T11:00:00Z,2026-09-21T13:00:00+0200,1.82,EUR/MWh,PT,PT,day_ahead_price,value,2026-09-23T08:05:09Z
2026-09-23T08:01:26Z,2026-09-23T10:01:26+0200,518a423e-2169-475e-ae06-4c6d2407d974,2026-09-21T11:15:00Z,2026-09-21T13:15:00+0200,1.82,EUR/MWh,PT,PT,day_ahead_price,value,2026-09-23T08:05:09Z
2026-09-23T08:01:26Z,2026-09-23T10:01:26+0200,518a423e-2169-475e-ae06-4c6d2407d974,2026-09-21T11:30:00Z,2026-09-21T13:30:00+0200,1.75,EUR/MWh,PT,PT,day_ahead_price,value,2026-09-23T08:05:09Z
2026-09-23T08:01:26Z,2026-09-23T10:01:26+0200,518a423e-2169-475e-ae06-4c6d2407d974,2026-09-21T11:45:00Z,2026-09-21T13:45:00+0200,1.52,EUR/MWh,PT,PT,day_ahead_price,value,2026-09-23T08:05:09Z
2026-09-23T08:01:26Z,2026-09-23T10:01:26+0200,518a423e-2169-475e-ae06-4c6d2407d974,2026-09-21T12:00:00Z,2026-09-21T14:00:00+0200,1.52,EUR/MWh,PT,PT,day_ahead_price,value,2026-09-23T08:05:09Z
2026-09-23T08:01:26Z,2026-09-23T10:01:26+0200,518a423e-2169-475e-ae06-4c6d2407d974,2026-09-21T12:15:00Z,2026-09-21T14:15:00+0200,1.82,EUR/MWh,PT,PT,day_ahead_price,value,2026-09-23T08:05:09Z
2026-09-23T08:01:26Z,2026-09-23T10:01:26+0200,518a423e-2169-475e-ae06-4c6d2407d974,2026-09-21T12:30:00Z,2026-09-21T14:30:00+0200,1.95,EUR/MWh,PT,PT,day_ahead_price,value,2026-09-23T08:05:09Z
2026-09-23T08:01:26Z,2026-09-23T10:01:26+0200,518a423e-2169-475e-ae06-4c6d2407d974,2026-09-21T12:45:00Z,2026-09-21T14:45:00+0200,1.85,EUR/MWh,PT,PT,day_ahead_price,value,2026-09-23T08:05:09Z
2026-09-23T08:01:26Z,2026-09-23T10:01:26+0200,518a423e-2169-475e-ae06-4c6d2407d974,2026-09-21T13:00:00Z,2026-09-21T15:00:00+0200,3.43,EUR/MWh,PT,PT,day_ahead_price,value,2026-09-23T08:05:09Z
2026-09-23T08:01:26Z,2026-09-23T10:01:26+0200,518a423e-2169-475e-ae06-4c6d2407d974,2026-09-21T13:15:00Z,2026-09-21T15:15:00+0200,3.43,EUR/MWh,PT,PT,day_ahead_price,value,2026-09-23T08:05:09Z
2026-09-23T08:01:26Z,2026-09-23T10:01:26+0200,518a423e-2169-475e-ae06-4c6d2407d974,2026-09-21T13:30:00Z,2026-09-21T15:30:00+0200,5.0,EUR/MWh,PT,PT,day_ahead_price,value,2026-09-23T08:05:09Z
2026-09-23T08:01:26Z,2026-09-23T10:01:26+0200,518a423e-2169-475e-ae06-4c6d2407d974,2026-09-21T13:45:00Z,2026-09-21T15:45:00+0200,5.88,EUR/MWh,PT,PT,day_ahead_price,value,2026-09-23T08:05:09Z
2026-09-23T08:01:26Z,2026-09-23T10:01:26+0200,518a423e-2169-475e-ae06-4c6d2407d974,2026-09-21T14:00:00Z,2026-09-21T16:00:00+0200,6.07,EUR/MWh,PT,PT,day_ahead_price,value,2026-09-23T08:05:09Z
2026-09-23T08:01:26Z,2026-09-23T10:01:26+0200,518a423e-2169-475e-ae06-4c6d2407d974,2026-09-21T14:15:00Z,2026-09-21T16:15:00+0200,14.8,EUR/MWh,PT,PT,day_ahead_price,value,2026-09-23T08:05:09Z
2026-09-23T08:01:26Z,2026-09-23T10:01:26+0200,518a423e-2169-475e-ae06-4c6d2407d974,2026-09-21T14:30:00Z,2026-09-21T16:30:00+0200,24.01,EUR/MWh,PT,PT,day_ahead_price,value,2026-09-23T08:05:09Z
2026-09-23T08:01:26Z,2026-09-23T10:01:26+0200,518a423e-2169-475e-ae06-4c6d2407d974,2026-09-21T14:45:00Z,2026-09-21T16:45:00+0200,27.0,EUR/MWh,PT,PT,day_ahead_price,value,2026-09-23T08:05:09Z
2026-09-23T08:01:26Z,2026-09-23T10:01:26+0200,518a423e-2169-475e-ae06-4c6d2407d974,2026-09-21T15:00:00Z,2026-09-21T17:00:00+0200,27.0,EUR/MWh,PT,PT,day_ahead_price,value,2026-09-23T08:05:09Z
2026-09-23T08:01:26Z,2026-09-23T10:01:26+0200,518a423e-2169-475e-ae06-4c6d2407d974,2026-09-21T15:15:00Z,2026-09-21T17:15:00+0200,50.0,EUR/MWh,PT,PT,day_ahead_price,value,2026-09-23T08:05:09Z
2026-09-23T08:01:26Z,2026-09-23T10:01:26+0200,518a423e-2169-475e-ae06-4c6d2407d974,2026-09-21T15:30:00Z,2026-09-21T17:30:00+0200,85.0,EUR/MWh,PT,PT,day_ahead_price,value,2026-09-23T08:05:09Z
2026-09-23T08:01:26Z,2026-09-23T10:01:26+0200,518a423e-2169-475e-ae06-4c6d2407d974,2026-09-21T15:45:00Z,2026-09-21T17:45:00+0200,97.0,EUR/MWh,PT,PT,day_ahead_price,value,2026-09-23T08:05:09Z
2026-09-23T08:01:26Z,2026-09-23T10:01:26+0200,518a423e-2169-475e-ae06-4c6d2407d974,2026-09-21T16:00:00Z,2026-09-21T18:00:00+0200,92.55,EUR/MWh,PT,PT,day_ahead_price,value,2026-09-23T08:05:09Z
2026-09-23T08:01:26Z,2026-09-23T10:01:26+0200,518a423e-2169-475e-ae06-4c6d2407d974,2026-09-21T16:15:00Z,2026-09-21T18:15:00+0200,112.0,EUR/MWh,PT,PT,day_ahead_price,value,2026-09-23T08:05:09Z
2026-09-23T08:01:26Z,2026-09-23T10:01:26+0200,518a423e-2169-475e-ae06-4c6d2407d974,2026-09-21T16:30:00Z,2026-09-21T18:30:00+0200,150.0,EUR/MWh,PT,PT,day_ahead_price,value,2026-09-23T08:05:09Z
2026-09-23T08:01:26Z,2026-09-23T10:01:26+0200,518a423e-2169-475e-ae06-4c6d2407d974,2026-09-21T16:45:00Z,2026-09-21T18:45:00+0200,190.01,EUR/MWh,PT,PT,day_ahead_price,value,2026-09-23T08:05:09Z
2026-09-23T08:01:26Z,2026-09-23T10:01:26+0200,518a423e-2169-475e-ae06-4c6d2407d974,2026-09-21T17:00:00Z,2026-09-21T19:00:00+0200,190.0,EUR/MWh,PT,PT,day_ahead_price,value,2026-09-23T08:05:09Z
2026-09-23T08:01:26Z,2026-09-23T10:01:26+0200,518a423e-2169-475e-ae06-4c6d2407d974,2026-09-21T17:15:00Z,2026-09-21T19:15:00+0200,224.92,EUR/MWh,PT,PT,day_ahead_price,value,2026-09-23T08:05:09Z
2026-09-23T08:01:26Z,2026-09-23T10:01:26+0200,518a423e-2169-475e-ae06-4c6d2407d974,2026-09-21T17:30:00Z,2026-09-21T19:30:00+0200,251.9,EUR/MWh,PT,PT,day_ahead_price,value,2026-09-23T08:05:09Z
2026-09-23T08:01:26Z,2026-09-23T10:01:26+0200,518a423e-2169-475e-ae06-4c6d2407d974,2026-09-21T17:45:00Z,2026-09-21T19:45:00+0200,276.54,EUR/MWh,PT,PT,day_ahead_price,value,2026-09-23T08:05:09Z
2026-09-23T08:01:26Z,2026-09-23T10:01:26+0200,518a423e-2169-475e-ae06-4c6d2407d974,2026-09-21T18:00:00Z,2026-09-21T20:00:00+0200,251.3,EUR/MWh,PT,PT,day_ahead_price,value,2026-09-23T08:05:09Z
2026-09-23T08:01:26Z,2026-09-23T10:01:26+0200,518a423e-2169-475e-ae06-4c6d2407d974,2026-09-21T18:15:00Z,2026-09-21T20:15:00+0200,250.28,EUR/MWh,PT,PT,day_ahead_price,value,2026-09-23T08:05:09Z
2026-09-23T08:01:26Z,2026-09-23T10:01:26+0200,518a423e-2169-475e-ae06-4c6d2407d974,2026-09-21T18:30:00Z,2026-09-21T20:30:00+0200,250.0,EUR/MWh,PT,PT,day_ahead_price,value,2026-09-23T08:05:09Z
2026-09-23T08:01:26Z,2026-09-23T10:01:26+0200,518a423e-2169-475e-ae06-4c6d2407d974,2026-09-21T18:45:00Z,2026-09-21T20:45:00+0200,251.3,EUR/MWh,PT,PT,day_ahead_price,value,2026-09-23T08:05:09Z
2026-09-23T08:01:26Z,2026-09-23T10:01:26+0200,518a423e-2169-475e-ae06-4c6d2407d974,2026-09-21T19:00:00Z,2026-09-21T21:00:00+0200,253.01,EUR/MWh,PT,PT,day_ahead_price,value,2026-09-23T08:05:09Z
2026-09-23T08:01:26Z,2026-09-23T10:01:26+0200,518a423e-2169-475e-ae06-4c6d2407d974,2026-09-21T19:15:00Z,2026-09-21T21:15:00+0200,250.0,EUR/MWh,PT,PT,day_ahead_price,value,2026-09-23T08:05:09Z
2026-09-23T08:01:26Z,2026-09-23T10:01:26+0200,518a423e-2169-475e-ae06-4c6d2407d974,2026-09-21T19:30:00Z,2026-09-21T21:30:00+0200,240.01,EUR/MWh,PT,PT,day_ahead_price,value,2026-09-23T08:05:09Z
2026-09-23T08:01:26Z,2026-09-23T10:01:26+0200,518a423e-2169-475e-ae06-4c6d2407d974,2026-09-21T19:45:00Z,2026-09-21T21:45:00+0200,212.25,EUR/MWh,PT,PT,day_ahead_price,value,2026-09-23T08:05:09Z
2026-09-23T08:01:26Z,2026-09-23T10:01:26+0200,518a423e-2169-475e-ae06-4c6d2407d974,2026-09-21T20:00:00Z,2026-09-21T22:00:00+0200,225.0,EUR/MWh,PT,PT,day_ahead_price,value,2026-09-23T08:05:09Z
2026-09-23T08:01:26Z,2026-09-23T10:01:26+0200,518a423e-2169-475e-ae06-4c6d2407d974,2026-09-21T20:15:00Z,2026-09-21T22:15:00+0200,212.25,EUR/MWh,PT,PT,day_ahead_price,value,2026-09-23T08:05:09Z
2026-09-23T08:01:26Z,2026-09-23T10:01:26+0200,518a423e-2169-475e-ae06-4c6d2407d974,2026-09-21T20:30:00Z,2026-09-21T22:30:00+0200,206.93,EUR/MWh,PT,PT,day_ahead_price,value,2026-09-23T08:05:09Z
2026-09-23T08:01:26Z,2026-09-23T10:01:26+0200,518a423e-2169-475e-ae06-4c6d2407d974,2026-09-21T20:45:00Z,2026-09-21T22:45:00+0200,200.0,EUR/MWh,PT,PT,day_ahead_price,value,2026-09-23T08:05:09Z
2026-09-23T08:01:26Z,2026-09-23T10:01:26+0200,518a423e-2169-475e-ae06-4c6d2407d974,2026-09-21T21:00:00Z,2026-09-21T23:00:00+0200,200.0,EUR/MWh,PT,PT,day_ahead_price,value,2026-09-23T08:05:09Z
2026-09-23T08:01:26Z,2026-09-23T10:01:26+0200,518a423e-2169-475e-ae06-4c6d2407d974,2026-09-21T21:15:00Z,2026-09-21T23:15:00+0200,188.19,EUR/MWh,PT,PT,day_ahead_price,value,2026-09-23T08:05:09Z
2026-09-23T08:01:26Z,2026-09-23T10:01:26+0200,518a423e-2169-475e-ae06-4c6d2407d974,2026-09-21T21:30:00Z,2026-09-21T23:30:00+0200,187.25,EUR/MWh,PT,PT,day_ahead_price,value,2026-09-23T08:05:09Z
2026-09-23T08:01:26Z,2026-09-23T10:01:26+0200,518a423e-2169-475e-ae06-4c6d2407d974,2026-09-21T21:45:00Z,2026-09-21T23:45:00+0200,184.67,EUR/MWh,PT,PT,day_ahead_price,value,2026-09-23T08:05:09Z
2026-09-23T08:01:26Z,2026-09-23T10:01:26+0200,518a423e-2169-475e-ae06-4c6d2407d974,2026-09-21T22:00:00Z,2026-09-22T00:00:00+0200,199.28,EUR/MWh,PT,PT,day_ahead_price,value,2026-09-23T08:05:09Z
2026-09-23T08:01:26Z,2026-09-23T10:01:26+0200,518a423e-2169-475e-ae06-4c6d2407d974,2026-09-21T22:15:00Z,2026-09-22T00:15:00+0200,199.28,EUR/MWh,PT,PT,day_ahead_price,value,2026-09-23T08:05:09Z
2026-09-23T08:01:26Z,2026-09-23T10:01:26+0200,518a423e-2169-475e-ae06-4c6d2407d974,2026-09-21T22:30:00Z,2026-09-22T00:30:00+0200,197.5,EUR/MWh,PT,PT,day_ahead_price,value,2026-09-23T08:05:09Z
2026-09-23T08:01:26Z,2026-09-23T10:01:26+0200,518a423e-2169-475e-ae06-4c6d2407d974,2026-09-21T22:45:00Z,2026-09-22T00:45:00+0200,198.34,EUR/MWh,PT,PT,day_ahead_price,value,2026-09-23T08:05:09Z
2026-09-23T08:01:26Z,2026-09-23T10:01:26+0200,518a423e-2169-475e-ae06-4c6d2407d974,2026-09-21T23:00:00Z,2026-09-22T01:00:00+0200,196.0,EUR/MWh,PT,PT,day_ahead_price,value,2026-09-23T08:05:09Z
2026-09-23T08:01:26Z,2026-09-23T10:01:26+0200,518a423e-2169-475e-ae06-4c6d2407d974,2026-09-21T23:15:00Z,2026-09-22T01:15:00+0200,195.25,EUR/MWh,PT,PT,day_ahead_price,value,2026-09-23T08:05:09Z
2026-09-23T08:01:26Z,2026-09-23T10:01:26+0200,518a423e-2169-475e-ae06-4c6d2407d974,2026-09-21T23:30:00Z,2026-09-22T01:30:00+0200,190.46,EUR/MWh,PT,PT,day_ahead_price,value,2026-09-23T08:05:09Z
2026-09-23T08:01:26Z,2026-09-23T10:01:26+0200,518a423e-2169-475e-ae06-4c6d2407d974,2026-09-21T23:45:00Z,2026-09-22T01:45:00+0200,189.0,EUR/MWh,PT,PT,day_ahead_price,value,2026-09-23T08:05:09Z
2026-09-23T08:01:26Z,2026-09-23T10:01:26+0200,518a423e-2169-475e-ae06-4c6d2407d974,2026-09-22T00:00:00Z,2026-09-22T02:00:00+0200,195.21,EUR/MWh,PT,PT,day_ahead_price,value,2026-09-23T08:05:09Z
2026-09-23T08:01:26Z,2026-09-23T10:01:26+0200,518a423e-2169-475e-ae06-4c6d2407d974,2026-09-22T00:15:00Z,2026-09-22T02:15:00+0200,195.0,EUR/MWh,PT,PT,day_ahead_price,value,2026-09-23T08:05:09Z
2026-09-23T08:01:26Z,2026-09-23T10:01:26+0200,518a423e-2169-475e-ae06-4c6d2407d974,2026-09-22T00:30:00Z,2026-09-22T02:30:00+0200,190.01,EUR/MWh,PT,PT,day_ahead_price,value,2026-09-23T08:05:09Z
2026-09-23T08:01:26Z,2026-09-23T10:01:26+0200,518a423e-2169-475e-ae06-4c6d2407d974,2026-09-22T00:45:00Z,2026-09-22T02:45:00+0200,190.0,EUR/MWh,PT,PT,day_ahead_price,value,2026-09-23T08:05:09Z
2026-09-23T08:01:26Z,2026-09-23T10:01:26+0200,518a423e-2169-475e-ae06-4c6d2407d974,2026-09-22T01:00:00Z,2026-09-22T03:00:00+0200,190.0,EUR/MWh,PT,PT,day_ahead_price,value,2026-09-23T08:05:09Z
2026-09-23T08:01:26Z,2026-09-23T10:01:26+0200,518a423e-2169-475e-ae06-4c6d2407d974,2026-09-22T01:15:00Z,2026-09-22T03:15:00+0200,190.0,EUR/MWh,PT,PT,day_ahead_price,value,2026-09-23T08:05:09Z
2026-09-23T08:01:26Z,2026-09-23T10:01:26+0200,518a423e-2169-475e-ae06-4c6d2407d974,2026-09-22T01:30:00Z,2026-09-22T03:30:00+0200,190.0,EUR/MWh,PT,PT,day_ahead_price,value,2026-09-23T08:05:09Z
2026-09-23T08:01:26Z,2026-09-23T10:01:26+0200,518a423e-2169-475e-ae06-4c6d2407d974,2026-09-22T01:45:00Z,2026-09-22T03:45:00+0200,186.0,EUR/MWh,PT,PT,day_ahead_price,value,2026-09-23T08:05:09Z
2026-09-23T08:01:26Z,2026-09-23T10:01:26+0200,518a423e-2169-475e-ae06-4c6d2407d974,2026-09-22T02:00:00Z,2026-09-22T04:00:00+0200,190.0,EUR/MWh,PT,PT,day_ahead_price,value,2026-09-23T08:05:09Z
2026-09-23T08:01:26Z,2026-09-23T10:01:26+0200,518a423e-2169-475e-ae06-4c6d2407d974,2026-09-22T02:15:00Z,2026-09-22T04:15:00+0200,190.0,EUR/MWh,PT,PT,day_ahead_price,value,2026-09-23T08:05:09Z
2026-09-23T08:01:26Z,2026-09-23T10:01:26+0200,518a423e-2169-475e-ae06-4c6d2407d974,2026-09-22T02:30:00Z,2026-09-22T04:30:00+0200,190.0,EUR/MWh,PT,PT,day_ahead_price,value,2026-09-23T08:05:09Z
2026-09-23T08:01:26Z,2026-09-23T10:01:26+0200,518a423e-2169-475e-ae06-4c6d2407d974,2026-09-22T02:45:00Z,2026-09-22T04:45:00+0200,190.0,EUR/MWh,PT,PT,day_ahead_price,value,2026-09-23T08:05:09Z
2026-09-23T08:01:26Z,2026-09-23T10:01:26+0200,518a423e-2169-475e-ae06-4c6d2407d974,2026-09-22T03:00:00Z,2026-09-22T05:00:00+0200,185.4,EUR/MWh,PT,PT,day_ahead_price,value,2026-09-23T08:05:09Z
2026-09-23T08:01:26Z,2026-09-23T10:01:26+0200,518a423e-2169-475e-ae06-4c6d2407d974,2026-09-22T03:15:00Z,2026-09-22T05:15:00+0200,186.0,EUR/MWh,PT,PT,day_ahead_price,value,2026-09-23T08:05:09Z
2026-09-23T08:01:26Z,2026-09-23T10:01:26+0200,518a423e-2169-475e-ae06-4c6d2407d974,2026-09-22T03:30:00Z,2026-09-22T05:30:00+0200,192.99,EUR/MWh,PT,PT,day_ahead_price,value,2026-09-23T08:05:09Z
2026-09-23T08:01:26Z,2026-09-23T10:01:26+0200,518a423e-2169-475e-ae06-4c6d2407d974,2026-09-22T03:45:00Z,2026-09-22T05:45:00+0200,195.13,EUR/MWh,PT,PT,day_ahead_price,value,2026-09-23T08:05:09Z
2026-09-23T08:01:26Z,2026-09-23T10:01:26+0200,518a423e-2169-475e-ae06-4c6d2407d974,2026-09-22T04:00:00Z,2026-09-22T06:00:00+0200,199.28,EUR/MWh,PT,PT,day_ahead_price,value,2026-09-23T08:05:09Z
2026-09-23T08:01:26Z,2026-09-23T10:01:26+0200,518a423e-2169-475e-ae06-4c6d2407d974,2026-09-22T04:15:00Z,2026-09-22T06:15:00+0200,201.5,EUR/MWh,PT,PT,day_ahead_price,value,2026-09-23T08:05:09Z
2026-09-23T08:01:26Z,2026-09-23T10:01:26+0200,518a423e-2169-475e-ae06-4c6d2407d974,2026-09-22T04:30:00Z,2026-09-22T06:30:00+0200,202.1,EUR/MWh,PT,PT,day_ahead_price,value,2026-09-23T08:05:09Z
2026-09-23T08:01:26Z,2026-09-23T10:01:26+0200,518a423e-2169-475e-ae06-4c6d2407d974,2026-09-22T04:45:00Z,2026-09-22T06:45:00+0200,210.0,EUR/MWh,PT,PT,day_ahead_price,value,2026-09-23T08:05:09Z
2026-09-23T08:01:26Z,2026-09-23T10:01:26+0200,518a423e-2169-475e-ae06-4c6d2407d974,2026-09-22T05:00:00Z,2026-09-22T07:00:00+0200,226.0,EUR/MWh,PT,PT,day_ahead_price,value,2026-09-23T08:05:09Z
2026-09-23T08:01:26Z,2026-09-23T10:01:26+0200,518a423e-2169-475e-ae06-4c6d2407d974,2026-09-22T05:15:00Z,2026-09-22T07:15:00+0200,228.72,EUR/MWh,PT,PT,day_ahead_price,value,2026-09-23T08:05:09Z
2026-09-23T08:01:26Z,2026-09-23T10:01:26+0200,518a423e-2169-475e-ae06-4c6d2407d974,2026-09-22T05:30:00Z,2026-09-22T07:30:00+0200,237.23,EUR/MWh,PT,PT,day_ahead_price,value,2026-09-23T08:05:09Z
2026-09-23T08:01:26Z,2026-09-23T10:01:26+0200,518a423e-2169-475e-ae06-4c6d2407d974,2026-09-22T05:45:00Z,2026-09-22T07:45:00+0200,244.71,EUR/MWh,PT,PT,day_ahead_price,value,2026-09-23T08:05:09Z
2026-09-23T08:01:26Z,2026-09-23T10:01:26+0200,518a423e-2169-475e-ae06-4c6d2407d974,2026-09-22T06:00:00Z,2026-09-22T08:00:00+0200,282.29,EUR/MWh,PT,PT,day_ahead_price,value,2026-09-23T08:05:09Z
2026-09-23T08:01:26Z,2026-09-23T10:01:26+0200,518a423e-2169-475e-ae06-4c6d2407d974,2026-09-22T06:15:00Z,2026-09-22T08:15:00+0200,268.06,EUR/MWh,PT,PT,day_ahead_price,value,2026-09-23T08:05:09Z
2026-09-23T08:01:26Z,2026-09-23T10:01:26+0200,518a423e-2169-475e-ae06-4c6d2407d974,2026-09-22T06:30:00Z,2026-09-22T08:30:00+0200,240.76,EUR/MWh,PT,PT,day_ahead_price,value,2026-09-23T08:05:09Z
2026-09-23T08:01:26Z,2026-09-23T10:01:26+0200,518a423e-2169-475e-ae06-4c6d2407d974,2026-09-22T06:45:00Z,2026-09-22T08:45:00+0200,204.98,EUR/MWh,PT,PT,day_ahead_price,value,2026-09-23T08:05:09Z
2026-09-23T08:01:26Z,2026-09-23T10:01:26+0200,518a423e-2169-475e-ae06-4c6d2407d974,2026-09-22T07:00:00Z,2026-09-22T09:00:00+0200,215.0,EUR/MWh,PT,PT,day_ahead_price,value,2026-09-23T08:05:09Z
2026-09-23T08:01:26Z,2026-09-23T10:01:26+0200,518a423e-2169-475e-ae06-4c6d2407d974,2026-09-22T07:15:00Z,2026-09-22T09:15:00+0200,193.91,EUR/MWh,PT,PT,day_ahead_price,value,2026-09-23T08:05:09Z
2026-09-23T08:01:26Z,2026-09-23T10:01:26+0200,518a423e-2169-475e-ae06-4c6d2407d974,2026-09-22T07:30:00Z,2026-09-22T09:30:00+0200,160.0,EUR/MWh,PT,PT,day_ahead_price,value,2026-09-23T08:05:09Z
2026-09-23T08:01:26Z,2026-09-23T10:01:26+0200,518a423e-2169-475e-ae06-4c6d2407d974,2026-09-22T07:45:00Z,2026-09-22T09:45:00+0200,110.27,EUR/MWh,PT,PT,day_ahead_price,value,2026-09-23T08:05:09Z
2026-09-23T08:01:26Z,2026-09-23T10:01:26+0200,518a423e-2169-475e-ae06-4c6d2407d974,2026-09-22T08:00:00Z,2026-09-22T10:00:00+0200,110.28,EUR/MWh,PT,PT,day_ahead_price,value,2026-09-23T08:05:09Z
2026-09-23T08:01:26Z,2026-09-23T10:01:26+0200,518a423e-2169-475e-ae06-4c6d2407d974,2026-09-22T08:15:00Z,2026-09-22T10:15:00+0200,102.3,EUR/MWh,PT,PT,day_ahead_price,value,2026-09-23T08:05:09Z
2026-09-23T08:01:26Z,2026-09-23T10:01:26+0200,518a423e-2169-475e-ae06-4c6d2407d974,2026-09-22T08:30:00Z,2026-09-22T10:30:00+0200,88.15,EUR/MWh,PT,PT,day_ahead_price,value,2026-09-23T08:05:09Z
2026-09-23T08:01:26Z,2026-09-23T10:01:26+0200,518a423e-2169-475e-ae06-4c6d2407d974,2026-09-22T08:45:00Z,2026-09-22T10:45:00+0200,40.0,EUR/MWh,PT,PT,day_ahead_price,value,2026-09-23T08:05:09Z
2026-09-23T08:01:26Z,2026-09-23T10:01:26+0200,518a423e-2169-475e-ae06-4c6d2407d974,2026-09-22T09:00:00Z,2026-09-22T11:00:00+0200,52.0,EUR/MWh,PT,PT,day_ahead_price,value,2026-09-23T08:05:09Z
2026-09-23T08:01:26Z,2026-09-23T10:01:26+0200,518a423e-2169-475e-ae06-4c6d2407d974,2026-09-22T09:15:00Z,2026-09-22T11:15:00+0200,38.99,EUR/MWh,PT,PT,day_ahead_price,value,2026-09-23T08:05:09Z
2026-09-23T08:01:26Z,2026-09-23T10:01:26+0200,518a423e-2169-475e-ae06-4c6d2407d974,2026-09-22T09:30:00Z,2026-09-22T11:30:00+0200,38.66,EUR/MWh,PT,PT,day_ahead_price,value,2026-09-23T08:05:09Z
2026-09-23T08:01:26Z,2026-09-23T10:01:26+0200,518a423e-2169-475e-ae06-4c6d2407d974,2026-09-22T09:45:00Z,2026-09-22T11:45:00+0200,27.0,EUR/MWh,PT,PT,day_ahead_price,value,2026-09-23T08:05:09Z
2026-09-23T08:01:26Z,2026-09-23T10:01:26+0200,518a423e-2169-475e-ae06-4c6d2407d974,2026-09-22T10:00:00Z,2026-09-22T12:00:00+0200,24.01,EUR/MWh,PT,PT,day_ahead_price,value,2026-09-23T08:05:09Z
2026-09-23T08:01:26Z,2026-09-23T10:01:26+0200,518a423e-2169-475e-ae06-4c6d2407d974,2026-09-22T10:15:00Z,2026-09-22T12:15:00+0200,24.01,EUR/MWh,PT,PT,day_ahead_price,value,2026-09-23T08:05:09Z
2026-09-23T08:01:26Z,2026-09-23T10:01:26+0200,518a423e-2169-475e-ae06-4c6d2407d974,2026-09-22T10:30:00Z,2026-09-22T12:30:00+0200,20.33,EUR/MWh,PT,PT,day_ahead_price,value,2026-09-23T08:05:09Z
2026-09-23T08:01:26Z,2026-09-23T10:01:26+0200,518a423e-2169-475e-ae06-4c6d2407d974,2026-09-22T10:45:00Z,2026-09-22T12:45:00+0200,20.0,EUR/MWh,PT,PT,day_ahead_price,value,2026-09-23T08:05:09Z
2026-09-23T08:01:26Z,2026-09-23T10:01:26+0200,518a423e-2169-475e-ae06-4c6d2407d974,2026-09-22T11:00:00Z,2026-09-22T13:00:00+0200,10.02,EUR/MWh,PT,PT,day_ahead_price,value,2026-09-23T08:05:09Z
2026-09-23T08:01:26Z,2026-09-23T10:01:26+0200,518a423e-2169-475e-ae06-4c6d2407d974,2026-09-22T11:15:00Z,2026-09-22T13:15:00+0200,10.02,EUR/MWh,PT,PT,day_ahead_price,value,2026-09-23T08:05:09Z
2026-09-23T08:01:26Z,2026-09-23T10:01:26+0200,518a423e-2169-475e-ae06-4c6d2407d974,2026-09-22T11:30:00Z,2026-09-22T13:30:00+0200,10.02,EUR/MWh,PT,PT,day_ahead_price,value,2026-09-23T08:05:09Z
2026-09-23T08:01:26Z,2026-09-23T10:01:26+0200,518a423e-2169-475e-ae06-4c6d2407d974,2026-09-22T11:45:00Z,2026-09-22T13:45:00+0200,10.02,EUR/MWh,PT,PT,day_ahead_price,value,2026-09-23T08:05:09Z
2026-09-23T08:01:26Z,2026-09-23T10:01:26+0200,518a423e-2169-475e-ae06-4c6d2407d974,2026-09-22T12:00:00Z,2026-09-22T14:00:00+0200,10.02,EUR/MWh,PT,PT,day_ahead_price,value,2026-09-23T08:05:09Z
2026-09-23T08:01:26Z,2026-09-23T10:01:26+0200,518a423e-2169-475e-ae06-4c6d2407d974,2026-09-22T12:15:00Z,2026-09-22T14:15:00+0200,15.1,EUR/MWh,PT,PT,day_ahead_price,value,2026-09-23T08:05:09Z
2026-09-23T08:01:26Z,2026-09-23T10:01:26+0200,518a423e-2169-475e-ae06-4c6d2407d974,2026-09-22T12:30:00Z,2026-09-22T14:30:00+0200,20.17,EUR/MWh,PT,PT,day_ahead_price,value,2026-09-23T08:05:09Z
2026-09-23T08:01:26Z,2026-09-23T10:01:26+0200,518a423e-2169-475e-ae06-4c6d2407d974,2026-09-22T12:45:00Z,2026-09-22T14:45:00+0200,24.11,EUR/MWh,PT,PT,day_ahead_price,value,2026-09-23T08:05:09Z
2026-09-23T08:01:26Z,2026-09-23T10:01:26+0200,518a423e-2169-475e-ae06-4c6d2407d974,2026-09-22T13:00:00Z,2026-09-22T15:00:00+0200,25.0,EUR/MWh,PT,PT,day_ahead_price,value,2026-09-23T08:05:09Z
2026-09-23T08:01:26Z,2026-09-23T10:01:26+0200,518a423e-2169-475e-ae06-4c6d2407d974,2026-09-22T13:15:00Z,2026-09-22T15:15:00+0200,24.01,EUR/MWh,PT,PT,day_ahead_price,value,2026-09-23T08:05:09Z
2026-09-23T08:01:26Z,2026-09-23T10:01:26+0200,518a423e-2169-475e-ae06-4c6d2407d974,2026-09-22T13:30:00Z,2026-09-22T15:30:00+0200,22.14,EUR/MWh,PT,PT,day_ahead_price,value,2026-09-23T08:05:09Z
2026-09-23T08:01:26Z,2026-09-23T10:01:26+0200,518a423e-2169-475e-ae06-4c6d2407d974,2026-09-22T13:45:00Z,2026-09-22T15:45:00+0200,24.01,EUR/MWh,PT,PT,day_ahead_price,value,2026-09-23T08:05:09Z
2026-09-23T08:01:26Z,2026-09-23T10:01:26+0200,518a423e-2169-475e-ae06-4c6d2407d974,2026-09-22T14:00:00Z,2026-09-22T16:00:00+0200,32.5,EUR/MWh,PT,PT,day_ahead_price,value,2026-09-23T08:05:09Z
2026-09-23T08:01:26Z,2026-09-23T10:01:26+0200,518a423e-2169-475e-ae06-4c6d2407d974,2026-09-22T14:15:00Z,2026-09-22T16:15:00+0200,39.09,EUR/MWh,PT,PT,day_ahead_price,value,2026-09-23T08:05:09Z
2026-09-23T08:01:26Z,2026-09-23T10:01:26+0200,518a423e-2169-475e-ae06-4c6d2407d974,2026-09-22T14:30:00Z,2026-09-22T16:30:00+0200,54.41,EUR/MWh,PT,PT,day_ahead_price,value,2026-09-23T08:05:09Z
2026-09-23T08:01:26Z,2026-09-23T10:01:26+0200,518a423e-2169-475e-ae06-4c6d2407d974,2026-09-22T14:45:00Z,2026-09-22T16:45:00+0200,70.0,EUR/MWh,PT,PT,day_ahead_price,value,2026-09-23T08:05:09Z
2026-09-23T08:01:26Z,2026-09-23T10:01:26+0200,518a423e-2169-475e-ae06-4c6d2407d974,2026-09-22T15:00:00Z,2026-09-22T17:00:00+0200,92.55,EUR/MWh,PT,PT,day_ahead_price,value,2026-09-23T08:05:09Z
2026-09-23T08:01:26Z,2026-09-23T10:01:26+0200,518a423e-2169-475e-ae06-4c6d2407d974,2026-09-22T15:15:00Z,2026-09-22T17:15:00+0200,105.0,EUR/MWh,PT,PT,day_ahead_price,value,2026-09-23T08:05:09Z
2026-09-23T08:01:26Z,2026-09-23T10:01:26+0200,518a423e-2169-475e-ae06-4c6d2407d974,2026-09-22T15:30:00Z,2026-09-22T17:30:00+0200,110.03,EUR/MWh,PT,PT,day_ahead_price,value,2026-09-23T08:05:09Z
2026-09-23T08:01:26Z,2026-09-23T10:01:26+0200,518a423e-2169-475e-ae06-4c6d2407d974,2026-09-22T15:45:00Z,2026-09-22T17:45:00+0200,115.0,EUR/MWh,PT,PT,day_ahead_price,value,2026-09-23T08:05:09Z
2026-09-23T08:01:26Z,2026-09-23T10:01:26+0200,518a423e-2169-475e-ae06-4c6d2407d974,2026-09-22T16:00:00Z,2026-09-22T18:00:00+0200,110.28,EUR/MWh,PT,PT,day_ahead_price,value,2026-09-23T08:05:09Z
2026-09-23T08:01:26Z,2026-09-23T10:01:26+0200,518a423e-2169-475e-ae06-4c6d2407d974,2026-09-22T16:15:00Z,2026-09-22T18:15:00+0200,135.57,EUR/MWh,PT,PT,day_ahead_price,value,2026-09-23T08:05:09Z
2026-09-23T08:01:26Z,2026-09-23T10:01:26+0200,518a423e-2169-475e-ae06-4c6d2407d974,2026-09-22T16:30:00Z,2026-09-22T18:30:00+0200,196.38,EUR/MWh,PT,PT,day_ahead_price,value,2026-09-23T08:05:09Z
2026-09-23T08:01:26Z,2026-09-23T10:01:26+0200,518a423e-2169-475e-ae06-4c6d2407d974,2026-09-22T16:45:00Z,2026-09-22T18:45:00+0200,204.98,EUR/MWh,PT,PT,day_ahead_price,value,2026-09-23T08:05:09Z
2026-09-23T08:01:26Z,2026-09-23T10:01:26+0200,518a423e-2169-475e-ae06-4c6d2407d974,2026-09-22T17:00:00Z,2026-09-22T19:00:00+0200,199.28,EUR/MWh,PT,PT,day_ahead_price,value,2026-09-23T08:05:09Z
2026-09-23T08:01:26Z,2026-09-23T10:01:26+0200,518a423e-2169-475e-ae06-4c6d2407d974,2026-09-22T17:15:00Z,2026-09-22T19:15:00+0200,226.0,EUR/MWh,PT,PT,day_ahead_price,value,2026-09-23T08:05:09Z
2026-09-23T08:01:26Z,2026-09-23T10:01:26+0200,518a423e-2169-475e-ae06-4c6d2407d974,2026-09-22T17:30:00Z,2026-09-22T19:30:00+0200,281.57,EUR/MWh,PT,PT,day_ahead_price,value,2026-09-23T08:05:09Z
2026-09-23T08:01:26Z,2026-09-23T10:01:26+0200,518a423e-2169-475e-ae06-4c6d2407d974,2026-09-22T17:45:00Z,2026-09-22T19:45:00+0200,300.0,EUR/MWh,PT,PT,day_ahead_price,value,2026-09-23T08:05:09Z
2026-09-23T08:01:26Z,2026-09-23T10:01:26+0200,518a423e-2169-475e-ae06-4c6d2407d974,2026-09-22T18:00:00Z,2026-09-22T20:00:00+0200,285.0,EUR/MWh,PT,PT,day_ahead_price,value,2026-09-23T08:05:09Z
2026-09-23T08:01:26Z,2026-09-23T10:01:26+0200,518a423e-2169-475e-ae06-4c6d2407d974,2026-09-22T18:15:00Z,2026-09-22T20:15:00+0200,290.01,EUR/MWh,PT,PT,day_ahead_price,value,2026-09-23T08:05:09Z
2026-09-23T08:01:26Z,2026-09-23T10:01:26+0200,518a423e-2169-475e-ae06-4c6d2407d974,2026-09-22T18:30:00Z,2026-09-22T20:30:00+0200,278.18,EUR/MWh,PT,PT,day_ahead_price,value,2026-09-23T08:05:09Z
2026-09-23T08:01:26Z,2026-09-23T10:01:26+0200,518a423e-2169-475e-ae06-4c6d2407d974,2026-09-22T18:45:00Z,2026-09-22T20:45:00+0200,276.54,EUR/MWh,PT,PT,day_ahead_price,value,2026-09-23T08:05:09Z
2026-09-23T08:01:26Z,2026-09-23T10:01:26+0200,518a423e-2169-475e-ae06-4c6d2407d974,2026-09-22T19:00:00Z,2026-09-22T21:00:00+0200,272.51,EUR/MWh,PT,PT,day_ahead_price,value,2026-09-23T08:05:09Z
2026-09-23T08:01:26Z,2026-09-23T10:01:26+0200,518a423e-2169-475e-ae06-4c6d2407d974,2026-09-22T19:15:00Z,2026-09-22T21:15:00+0200,261.17,EUR/MWh,PT,PT,day_ahead_price,value,2026-09-23T08:05:09Z
2026-09-23T08:01:26Z,2026-09-23T10:01:26+0200,518a423e-2169-475e-ae06-4c6d2407d974,2026-09-22T19:30:00Z,2026-09-22T21:30:00+0200,261.17,EUR/MWh,PT,PT,day_ahead_price,value,2026-09-23T08:05:09Z
2026-09-23T08:01:26Z,2026-09-23T10:01:26+0200,518a423e-2169-475e-ae06-4c6d2407d974,2026-09-22T19:45:00Z,2026-09-22T21:45:00+0200,255.1,EUR/MWh,PT,PT,day_ahead_price,value,2026-09-23T08:05:09Z
2026-09-23T08:01:26Z,2026-09-23T10:01:26+0200,518a423e-2169-475e-ae06-4c6d2407d974,2026-09-22T20:00:00Z,2026-09-22T22:00:00+0200,253.01,EUR/MWh,PT,PT,day_ahead_price,value,2026-09-23T08:05:09Z
2026-09-23T08:01:26Z,2026-09-23T10:01:26+0200,518a423e-2169-475e-ae06-4c6d2407d974,2026-09-22T20:15:00Z,2026-09-22T22:15:00+0200,231.8,EUR/MWh,PT,PT,day_ahead_price,value,2026-09-23T08:05:09Z
2026-09-23T08:01:26Z,2026-09-23T10:01:26+0200,518a423e-2169-475e-ae06-4c6d2407d974,2026-09-22T20:30:00Z,2026-09-22T22:30:00+0200,232.19,EUR/MWh,PT,PT,day_ahead_price,value,2026-09-23T08:05:09Z
2026-09-23T08:01:26Z,2026-09-23T10:01:26+0200,518a423e-2169-475e-ae06-4c6d2407d974,2026-09-22T20:45:00Z,2026-09-22T22:45:00+0200,224.41,EUR/MWh,PT,PT,day_ahead_price,value,2026-09-23T08:05:09Z
2026-09-23T08:01:26Z,2026-09-23T10:01:26+0200,518a423e-2169-475e-ae06-4c6d2407d974,2026-09-22T21:00:00Z,2026-09-22T23:00:00+0200,224.0,EUR/MWh,PT,PT,day_ahead_price,value,2026-09-23T08:05:09Z
2026-09-23T08:01:26Z,2026-09-23T10:01:26+0200,518a423e-2169-475e-ae06-4c6d2407d974,2026-09-22T21:15:00Z,2026-09-22T23:15:00+0200,214.54,EUR/MWh,PT,PT,day_ahead_price,value,2026-09-23T08:05:09Z
2026-09-23T08:01:26Z,2026-09-23T10:01:26+0200,518a423e-2169-475e-ae06-4c6d2407d974,2026-09-22T21:30:00Z,2026-09-22T23:30:00+0200,210.21,EUR/MWh,PT,PT,day_ahead_price,value,2026-09-23T08:05:09Z
2026-09-23T08:01:26Z,2026-09-23T10:01:26+0200,518a423e-2169-475e-ae06-4c6d2407d974,2026-09-22T21:45:00Z,2026-09-22T23:45:00+0200,201.18,EUR/MWh,PT,PT,day_ahead_price,value,2026-09-23T08:05:09Z
2026-09-23T08:01:26Z,2026-09-23T10:01:26+0200,518a423e-2169-475e-ae06-4c6d2407d974,2026-09-22T22:00:00Z,2026-09-23T00:00:00+0200,206.18,EUR/MWh,PT,PT,day_ahead_price,value,2026-09-23T08:05:09Z
2026-09-23T08:01:26Z,2026-09-23T10:01:26+0200,518a423e-2169-475e-ae06-4c6d2407d974,2026-09-22T22:15:00Z,2026-09-23T00:15:00+0200,205.24,EUR/MWh,PT,PT,day_ahead_price,value,2026-09-23T08:05:09Z
2026-09-23T08:01:26Z,2026-09-23T10:01:26+0200,518a423e-2169-475e-ae06-4c6d2407d974,2026-09-22T22:30:00Z,2026-09-23T00:30:00+0200,203.5,EUR/MWh,PT,PT,day_ahead_price,value,2026-09-23T08:05:09Z
2026-09-23T08:01:26Z,2026-09-23T10:01:26+0200,518a423e-2169-475e-ae06-4c6d2407d974,2026-09-22T22:45:00Z,2026-09-23T00:45:00+0200,203.5,EUR/MWh,PT,PT,day_ahead_price,value,2026-09-23T08:05:09Z
2026-09-23T08:01:26Z,2026-09-23T10:01:26+0200,518a423e-2169-475e-ae06-4c6d2407d974,2026-09-22T23:00:00Z,2026-09-23T01:00:00+0200,203.5,EUR/MWh,PT,PT,day_ahead_price,value,2026-09-23T08:05:09Z
2026-09-23T08:01:26Z,2026-09-23T10:01:26+0200,518a423e-2169-475e-ae06-4c6d2407d974,2026-09-22T23:15:00Z,2026-09-23T01:15:00+0200,202.76,EUR/MWh,PT,PT,day_ahead_price,value,2026-09-23T08:05:09Z
2026-09-23T08:01:26Z,2026-09-23T10:01:26+0200,518a423e-2169-475e-ae06-4c6d2407d974,2026-09-22T23:30:00Z,2026-09-23T01:30:00+0200,201.18,EUR/MWh,PT,PT,day_ahead_price,value,2026-09-23T08:05:09Z
2026-09-23T08:01:26Z,2026-09-23T10:01:26+0200,518a423e-2169-475e-ae06-4c6d2407d974,2026-09-22T23:45:00Z,2026-09-23T01:45:00+0200,200.0,EUR/MWh,PT,PT,day_ahead_price,value,2026-09-23T08:05:09Z
2026-09-23T08:01:26Z,2026-09-23T10:01:26+0200,518a423e-2169-475e-ae06-4c6d2407d974,2026-09-23T00:00:00Z,2026-09-23T02:00:00+0200,199.6,EUR/MWh,PT,PT,day_ahead_price,value,2026-09-23T08:05:09Z
2026-09-23T08:01:26Z,2026-09-23T10:01:26+0200,518a423e-2169-475e-ae06-4c6d2407d974,2026-09-23T00:15:00Z,2026-09-23T02:15:00+0200,196.5,EUR/MWh,PT,PT,day_ahead_price,value,2026-09-23T08:05:09Z
2026-09-23T08:01:26Z,2026-09-23T10:01:26+0200,518a423e-2169-475e-ae06-4c6d2407d974,2026-09-23T00:30:00Z,2026-09-23T02:30:00+0200,195.37,EUR/MWh,PT,PT,day_ahead_price,value,2026-09-23T08:05:09Z
2026-09-23T08:01:26Z,2026-09-23T10:01:26+0200,518a423e-2169-475e-ae06-4c6d2407d974,2026-09-23T00:45:00Z,2026-09-23T02:45:00+0200,195.37,EUR/MWh,PT,PT,day_ahead_price,value,2026-09-23T08:05:09Z
2026-09-23T08:01:26Z,2026-09-23T10:01:26+0200,518a423e-2169-475e-ae06-4c6d2407d974,2026-09-23T01:00:00Z,2026-09-23T03:00:00+0200,199.95,EUR/MWh,PT,PT,day_ahead_price,value,2026-09-23T08:05:09Z
2026-09-23T08:01:26Z,2026-09-23T10:01:26+0200,518a423e-2169-475e-ae06-4c6d2407d974,2026-09-23T01:15:00Z,2026-09-23T03:15:00+0200,199.6,EUR/MWh,PT,PT,day_ahead_price,value,2026-09-23T08:05:09Z
2026-09-23T08:01:26Z,2026-09-23T10:01:26+0200,518a423e-2169-475e-ae06-4c6d2407d974,2026-09-23T01:30:00Z,2026-09-23T03:30:00+0200,199.6,EUR/MWh,PT,PT,day_ahead_price,value,2026-09-23T08:05:09Z
2026-09-23T08:01:26Z,2026-09-23T10:01:26+0200,518a423e-2169-475e-ae06-4c6d2407d974,2026-09-23T01:45:00Z,2026-09-23T03:45:00+0200,199.6,EUR/MWh,PT,PT,day_ahead_price,value,2026-09-23T08:05:09Z
2026-09-23T08:01:26Z,2026-09-23T10:01:26+0200,518a423e-2169-475e-ae06-4c6d2407d974,2026-09-23T02:00:00Z,2026-09-23T04:00:00+0200,201.18,EUR/MWh,PT,PT,day_ahead_price,value,2026-09-23T08:05:09Z
2026-09-23T08:01:26Z,2026-09-23T10:01:26+0200,518a423e-2169-475e-ae06-4c6d2407d974,2026-09-23T02:15:00Z,2026-09-23T04:15:00+0200,201.18,EUR/MWh,PT,PT,day_ahead_price,value,2026-09-23T08:05:09Z
2026-09-23T08:01:26Z,2026-09-23T10:01:26+0200,518a423e-2169-475e-ae06-4c6d2407d974,2026-09-23T02:30:00Z,2026-09-23T04:30:00+0200,201.18,EUR/MWh,PT,PT,day_ahead_price,value,2026-09-23T08:05:09Z
2026-09-23T08:01:26Z,2026-09-23T10:01:26+0200,518a423e-2169-475e-ae06-4c6d2407d974,2026-09-23T02:45:00Z,2026-09-23T04:45:00+0200,202.48,EUR/MWh,PT,PT,day_ahead_price,value,2026-09-23T08:05:09Z
2026-09-23T08:01:26Z,2026-09-23T10:01:26+0200,518a423e-2169-475e-ae06-4c6d2407d974,2026-09-23T03:00:00Z,2026-09-23T05:00:00+0200,198.7,EUR/MWh,PT,PT,day_ahead_price,value,2026-09-23T08:05:09Z
2026-09-23T08:01:26Z,2026-09-23T10:01:26+0200,518a423e-2169-475e-ae06-4c6d2407d974,2026-09-23T03:15:00Z,2026-09-23T05:15:00+0200,199.6,EUR/MWh,PT,PT,day_ahead_price,value,2026-09-23T08:05:09Z
2026-09-23T08:01:26Z,2026-09-23T10:01:26+0200,518a423e-2169-475e-ae06-4c6d2407d974,2026-09-23T03:30:00Z,2026-09-23T05:30:00+0200,201.18,EUR/MWh,PT,PT,day_ahead_price,value,2026-09-23T08:05:09Z
2026-09-23T08:01:26Z,2026-09-23T10:01:26+0200,518a423e-2169-475e-ae06-4c6d2407d974,2026-09-23T03:45:00Z,2026-09-23T05:45:00+0200,202.48,EUR/MWh,PT,PT,day_ahead_price,value,2026-09-23T08:05:09Z
2026-09-23T08:01:26Z,2026-09-23T10:01:26+0200,518a423e-2169-475e-ae06-4c6d2407d974,2026-09-23T04:00:00Z,2026-09-23T06:00:00+0200,203.0,EUR/MWh,PT,PT,day_ahead_price,value,2026-09-23T08:05:09Z
2026-09-23T08:01:26Z,2026-09-23T10:01:26+0200,518a423e-2169-475e-ae06-4c6d2407d974,2026-09-23T04:15:00Z,2026-09-23T06:15:00+0200,205.12,EUR/MWh,PT,PT,day_ahead_price,value,2026-09-23T08:05:09Z
2026-09-23T08:01:26Z,2026-09-23T10:01:26+0200,518a423e-2169-475e-ae06-4c6d2407d974,2026-09-23T04:30:00Z,2026-09-23T06:30:00+0200,205.0,EUR/MWh,PT,PT,day_ahead_price,value,2026-09-23T08:05:09Z
2026-09-23T08:01:26Z,2026-09-23T10:01:26+0200,518a423e-2169-475e-ae06-4c6d2407d974,2026-09-23T04:45:00Z,2026-09-23T06:45:00+0200,210.01,EUR/MWh,PT,PT,day_ahead_price,value,2026-09-23T08:05:09Z
2026-09-23T08:01:26Z,2026-09-23T10:01:26+0200,518a423e-2169-475e-ae06-4c6d2407d974,2026-09-23T05:00:00Z,2026-09-23T07:00:00+0200,206.5,EUR/MWh,PT,PT,day_ahead_price,value,2026-09-23T08:05:09Z
2026-09-23T08:01:26Z,2026-09-23T10:01:26+0200,518a423e-2169-475e-ae06-4c6d2407d974,2026-09-23T05:15:00Z,2026-09-23T07:15:00+0200,219.88,EUR/MWh,PT,PT,day_ahead_price,value,2026-09-23T08:05:09Z
2026-09-23T08:01:26Z,2026-09-23T10:01:26+0200,518a423e-2169-475e-ae06-4c6d2407d974,2026-09-23T05:30:00Z,2026-09-23T07:30:00+0200,225.0,EUR/MWh,PT,PT,day_ahead_price,value,2026-09-23T08:05:09Z
2026-09-23T08:01:26Z,2026-09-23T10:01:26+0200,518a423e-2169-475e-ae06-4c6d2407d974,2026-09-23T05:45:00Z,2026-09-23T07:45:00+0200,226.9,EUR/MWh,PT,PT,day_ahead_price,value,2026-09-23T08:05:09Z
2026-09-23T08:01:26Z,2026-09-23T10:01:26+0200,518a423e-2169-475e-ae06-4c6d2407d974,2026-09-23T06:00:00Z,2026-09-23T08:00:00+0200,257.65,EUR/MWh,PT,PT,day_ahead_price,value,2026-09-23T08:05:09Z
2026-09-23T08:01:26Z,2026-09-23T10:01:26+0200,518a423e-2169-475e-ae06-4c6d2407d974,2026-09-23T06:15:00Z,2026-09-23T08:15:00+0200,240.5,EUR/MWh,PT,PT,day_ahead_price,value,2026-09-23T08:05:09Z
2026-09-23T08:01:26Z,2026-09-23T10:01:26+0200,518a423e-2169-475e-ae06-4c6d2407d974,2026-09-23T06:30:00Z,2026-09-23T08:30:00+0200,224.31,EUR/MWh,PT,PT,day_ahead_price,value,2026-09-23T08:05:09Z
2026-09-23T08:01:26Z,2026-09-23T10:01:26+0200,518a423e-2169-475e-ae06-4c6d2407d974,2026-09-23T06:45:00Z,2026-09-23T08:45:00+0200,189.12,EUR/MWh,PT,PT,day_ahead_price,value,2026-09-23T08:05:09Z
2026-09-23T08:01:26Z,2026-09-23T10:01:26+0200,518a423e-2169-475e-ae06-4c6d2407d974,2026-09-23T07:00:00Z,2026-09-23T09:00:00+0200,207.12,EUR/MWh,PT,PT,day_ahead_price,value,2026-09-23T08:05:09Z
2026-09-23T08:01:26Z,2026-09-23T10:01:26+0200,518a423e-2169-475e-ae06-4c6d2407d974,2026-09-23T07:15:00Z,2026-09-23T09:15:00+0200,193.88,EUR/MWh,PT,PT,day_ahead_price,value,2026-09-23T08:05:09Z
2026-09-23T08:01:26Z,2026-09-23T10:01:26+0200,518a423e-2169-475e-ae06-4c6d2407d974,2026-09-23T07:30:00Z,2026-09-23T09:30:00+0200,170.82,EUR/MWh,PT,PT,day_ahead_price,value,2026-09-23T08:05:09Z
2026-09-23T08:01:26Z,2026-09-23T10:01:26+0200,518a423e-2169-475e-ae06-4c6d2407d974,2026-09-23T07:45:00Z,2026-09-23T09:45:00+0200,134.93,EUR/MWh,PT,PT,day_ahead_price,value,2026-09-23T08:05:09Z
2026-09-23T08:01:26Z,2026-09-23T10:01:26+0200,518a423e-2169-475e-ae06-4c6d2407d974,2026-09-23T08:00:00Z,2026-09-23T10:00:00+0200,147.5,EUR/MWh,PT,PT,day_ahead_price,value,2026-09-23T08:05:09Z
2026-09-23T08:01:26Z,2026-09-23T10:01:26+0200,518a423e-2169-475e-ae06-4c6d2407d974,2026-09-23T08:15:00Z,2026-09-23T10:15:00+0200,115.27,EUR/MWh,PT,PT,day_ahead_price,value,2026-09-23T08:05:18Z
2026-09-23T08:01:26Z,2026-09-23T10:01:26+0200,518a423e-2169-475e-ae06-4c6d2407d974,2026-09-23T08:30:00Z,2026-09-23T10:30:00+0200,110.03,EUR/MWh,PT,PT,day_ahead_price,value,2026-09-23T08:05:18Z
2026-09-23T08:01:26Z,2026-09-23T10:01:26+0200,518a423e-2169-475e-ae06-4c6d2407d974,2026-09-23T08:45:00Z,2026-09-23T10:45:00+0200,100.0,EUR/MWh,PT,PT,day_ahead_price,value,2026-09-23T08:05:18Z
2026-09-23T08:01:26Z,2026-09-23T10:01:26+0200,518a423e-2169-475e-ae06-4c6d2407d974,2026-09-23T09:00:00Z,2026-09-23T11:00:00+0200,100.01,EUR/MWh,PT,PT,day_ahead_price,value,2026-09-23T08:05:18Z
2026-09-23T08:01:26Z,2026-09-23T10:01:26+0200,518a423e-2169-475e-ae06-4c6d2407d974,2026-09-23T09:15:00Z,2026-09-23T11:15:00+0200,75.0,EUR/MWh,PT,PT,day_ahead_price,value,2026-09-23T08:05:18Z
2026-09-23T08:01:26Z,2026-09-23T10:01:26+0200,518a423e-2169-475e-ae06-4c6d2407d974,2026-09-23T09:30:00Z,2026-09-23T11:30:00+0200,90.0,EUR/MWh,PT,PT,day_ahead_price,value,2026-09-23T08:05:18Z
2026-09-23T08:01:26Z,2026-09-23T10:01:26+0200,518a423e-2169-475e-ae06-4c6d2407d974,2026-09-23T09:45:00Z,2026-09-23T11:45:00+0200,75.0,EUR/MWh,PT,PT,day_ahead_price,value,2026-09-23T08:05:18Z
2026-09-23T08:01:26Z,2026-09-23T10:01:26+0200,518a423e-2169-475e-ae06-4c6d2407d974,2026-09-23T10:00:00Z,2026-09-23T12:00:00+0200,40.0,EUR/MWh,PT,PT,day_ahead_price,value,2026-09-23T08:05:18Z
2026-09-23T08:01:26Z,2026-09-23T10:01:26+0200,518a423e-2169-475e-ae06-4c6d2407d974,2026-09-23T10:15:00Z,2026-09-23T12:15:00+0200,35.0,EUR/MWh,PT,PT,day_ahead_price,value,2026-09-23T08:05:18Z
2026-09-23T08:01:26Z,2026-09-23T10:01:26+0200,518a423e-2169-475e-ae06-4c6d2407d974,2026-09-23T10:30:00Z,2026-09-23T12:30:00+0200,35.0,EUR/MWh,PT,PT,day_ahead_price,value,2026-09-23T08:05:18Z
2026-09-23T08:01:26Z,2026-09-23T10:01:26+0200,518a423e-2169-475e-ae06-4c6d2407d974,2026-09-23T10:45:00Z,2026-09-23T12:45:00+0200,30.0,EUR/MWh,PT,PT,day_ahead_price,value,2026-09-23T08:05:18Z
2026-09-23T08:01:26Z,2026-09-23T10:01:26+0200,518a423e-2169-475e-ae06-4c6d2407d974,2026-09-23T11:00:00Z,2026-09-23T13:00:00+0200,24.01,EUR/MWh,PT,PT,day_ahead_price,value,2026-09-23T08:05:18Z
2026-09-23T08:01:26Z,2026-09-23T10:01:26+0200,518a423e-2169-475e-ae06-4c6d2407d974,2026-09-23T11:15:00Z,2026-09-23T13:15:00+0200,24.01,EUR/MWh,PT,PT,day_ahead_price,value,2026-09-23T08:05:18Z
2026-09-23T08:01:26Z,2026-09-23T10:01:26+0200,518a423e-2169-475e-ae06-4c6d2407d974,2026-09-23T11:30:00Z,2026-09-23T13:30:00+0200,11.1,EUR/MWh,PT,PT,day_ahead_price,value,2026-09-23T08:05:18Z
2026-09-23T08:01:26Z,2026-09-23T10:01:26+0200,518a423e-2169-475e-ae06-4c6d2407d974,2026-09-23T11:45:00Z,2026-09-23T13:45:00+0200,10.02,EUR/MWh,PT,PT,day_ahead_price,value,2026-09-23T08:05:18Z
2026-09-23T08:01:26Z,2026-09-23T10:01:26+0200,518a423e-2169-475e-ae06-4c6d2407d974,2026-09-23T12:00:00Z,2026-09-23T14:00:00+0200,24.01,EUR/MWh,PT,PT,day_ahead_price,value,2026-09-23T08:05:18Z
2026-09-23T08:01:26Z,2026-09-23T10:01:26+0200,518a423e-2169-475e-ae06-4c6d2407d974,2026-09-23T12:15:00Z,2026-09-23T14:15:00+0200,23.38,EUR/MWh,PT,PT,day_ahead_price,value,2026-09-23T08:05:18Z
2026-09-23T08:01:26Z,2026-09-23T10:01:26+0200,518a423e-2169-475e-ae06-4c6d2407d974,2026-09-23T12:30:00Z,2026-09-23T14:30:00+0200,25.58,EUR/MWh,PT,PT,day_ahead_price,value,2026-09-23T08:05:18Z
2026-09-23T08:01:26Z,2026-09-23T10:01:26+0200,518a423e-2169-475e-ae06-4c6d2407d974,2026-09-23T12:45:00Z,2026-09-23T14:45:00+0200,27.23,EUR/MWh,PT,PT,day_ahead_price,value,2026-09-23T08:05:18Z
2026-09-23T08:01:26Z,2026-09-23T10:01:26+0200,518a423e-2169-475e-ae06-4c6d2407d974,2026-09-23T13:00:00Z,2026-09-23T15:00:00+0200,25.71,EUR/MWh,PT,PT,day_ahead_price,value,2026-09-23T08:05:18Z
2026-09-23T08:01:26Z,2026-09-23T10:01:26+0200,518a423e-2169-475e-ae06-4c6d2407d974,2026-09-23T13:15:00Z,2026-09-23T15:15:00+0200,28.28,EUR/MWh,PT,PT,day_ahead_price,value,2026-09-23T08:05:18Z
2026-09-23T08:01:26Z,2026-09-23T10:01:26+0200,518a423e-2169-475e-ae06-4c6d2407d974,2026-09-23T13:30:00Z,2026-09-23T15:30:00+0200,34.08,EUR/MWh,PT,PT,day_ahead_price,value,2026-09-23T08:05:18Z
2026-09-23T08:01:26Z,2026-09-23T10:01:26+0200,518a423e-2169-475e-ae06-4c6d2407d974,2026-09-23T13:45:00Z,2026-09-23T15:45:00+0200,38.77,EUR/MWh,PT,PT,day_ahead_price,value,2026-09-23T08:05:18Z
2026-09-23T08:01:26Z,2026-09-23T10:01:26+0200,518a423e-2169-475e-ae06-4c6d2407d974,2026-09-23T14:00:00Z,2026-09-23T16:00:00+0200,38.77,EUR/MWh,PT,PT,day_ahead_price,value,2026-09-23T08:05:18Z
2026-09-23T08:01:26Z,2026-09-23T10:01:26+0200,518a423e-2169-475e-ae06-4c6d2407d974,2026-09-23T14:15:00Z,2026-09-23T16:15:00+0200,50.0,EUR/MWh,PT,PT,day_ahead_price,value,2026-09-23T08:05:18Z
2026-09-23T08:01:26Z,2026-09-23T10:01:26+0200,518a423e-2169-475e-ae06-4c6d2407d974,2026-09-23T14:30:00Z,2026-09-23T16:30:00+0200,65.0,EUR/MWh,PT,PT,day_ahead_price,value,2026-09-23T08:05:18Z
2026-09-23T08:01:26Z,2026-09-23T10:01:26+0200,518a423e-2169-475e-ae06-4c6d2407d974,2026-09-23T14:45:00Z,2026-09-23T16:45:00+0200,80.0,EUR/MWh,PT,PT,day_ahead_price,value,2026-09-23T08:05:18Z
2026-09-23T08:01:26Z,2026-09-23T10:01:26+0200,518a423e-2169-475e-ae06-4c6d2407d974,2026-09-23T15:00:00Z,2026-09-23T17:00:00+0200,88.9,EUR/MWh,PT,PT,day_ahead_price,value,2026-09-23T08:05:18Z
2026-09-23T08:01:26Z,2026-09-23T10:01:26+0200,518a423e-2169-475e-ae06-4c6d2407d974,2026-09-23T15:15:00Z,2026-09-23T17:15:00+0200,96.8,EUR/MWh,PT,PT,day_ahead_price,value,2026-09-23T08:05:18Z
2026-09-23T08:01:26Z,2026-09-23T10:01:26+0200,518a423e-2169-475e-ae06-4c6d2407d974,2026-09-23T15:30:00Z,2026-09-23T17:30:00+0200,106.0,EUR/MWh,PT,PT,day_ahead_price,value,2026-09-23T08:05:18Z
2026-09-23T08:01:26Z,2026-09-23T10:01:26+0200,518a423e-2169-475e-ae06-4c6d2407d974,2026-09-23T15:45:00Z,2026-09-23T17:45:00+0200,114.0,EUR/MWh,PT,PT,day_ahead_price,value,2026-09-23T08:05:18Z
2026-09-23T08:01:26Z,2026-09-23T10:01:26+0200,518a423e-2169-475e-ae06-4c6d2407d974,2026-09-23T16:00:00Z,2026-09-23T18:00:00+0200,110.03,EUR/MWh,PT,PT,day_ahead_price,value,2026-09-23T08:05:18Z
2026-09-23T08:01:26Z,2026-09-23T10:01:26+0200,518a423e-2169-475e-ae06-4c6d2407d974,2026-09-23T16:15:00Z,2026-09-23T18:15:00+0200,120.98,EUR/MWh,PT,PT,day_ahead_price,value,2026-09-23T08:05:18Z
2026-09-23T08:01:26Z,2026-09-23T10:01:26+0200,518a423e-2169-475e-ae06-4c6d2407d974,2026-09-23T16:30:00Z,2026-09-23T18:30:00+0200,185.0,EUR/MWh,PT,PT,day_ahead_price,value,2026-09-23T08:05:18Z
2026-09-23T08:01:26Z,2026-09-23T10:01:26+0200,518a423e-2169-475e-ae06-4c6d2407d974,2026-09-23T16:45:00Z,2026-09-23T18:45:00+0200,203.5,EUR/MWh,PT,PT,day_ahead_price,value,2026-09-23T08:05:18Z
2026-09-23T08:01:26Z,2026-09-23T10:01:26+0200,518a423e-2169-475e-ae06-4c6d2407d974,2026-09-23T17:00:00Z,2026-09-23T19:00:00+0200,195.0,EUR/MWh,PT,PT,day_ahead_price,value,2026-09-23T08:05:18Z
2026-09-23T08:01:26Z,2026-09-23T10:01:26+0200,518a423e-2169-475e-ae06-4c6d2407d974,2026-09-23T17:15:00Z,2026-09-23T19:15:00+0200,223.53,EUR/MWh,PT,PT,day_ahead_price,value,2026-09-23T08:05:18Z
2026-09-23T08:01:26Z,2026-09-23T10:01:26+0200,518a423e-2169-475e-ae06-4c6d2407d974,2026-09-23T17:30:00Z,2026-09-23T19:30:00+0200,256.01,EUR/MWh,PT,PT,day_ahead_price,value,2026-09-23T08:05:18Z
2026-09-23T08:01:26Z,2026-09-23T10:01:26+0200,518a423e-2169-475e-ae06-4c6d2407d974,2026-09-23T17:45:00Z,2026-09-23T19:45:00+0200,274.36,EUR/MWh,PT,PT,day_ahead_price,value,2026-09-23T08:05:18Z
2026-09-23T08:01:26Z,2026-09-23T10:01:26+0200,518a423e-2169-475e-ae06-4c6d2407d974,2026-09-23T18:00:00Z,2026-09-23T20:00:00+0200,266.17,EUR/MWh,PT,PT,day_ahead_price,value,2026-09-23T08:05:18Z
2026-09-23T08:01:26Z,2026-09-23T10:01:26+0200,518a423e-2169-475e-ae06-4c6d2407d974,2026-09-23T18:15:00Z,2026-09-23T20:15:00+0200,267.01,EUR/MWh,PT,PT,day_ahead_price,value,2026-09-23T08:05:18Z
2026-09-23T08:01:26Z,2026-09-23T10:01:26+0200,518a423e-2169-475e-ae06-4c6d2407d974,2026-09-23T18:30:00Z,2026-09-23T20:30:00+0200,261.2,EUR/MWh,PT,PT,day_ahead_price,value,2026-09-23T08:05:18Z
2026-09-23T08:01:26Z,2026-09-23T10:01:26+0200,518a423e-2169-475e-ae06-4c6d2407d974,2026-09-23T18:45:00Z,2026-09-23T20:45:00+0200,261.17,EUR/MWh,PT,PT,day_ahead_price,value,2026-09-23T08:05:18Z
2026-09-23T08:01:26Z,2026-09-23T10:01:26+0200,518a423e-2169-475e-ae06-4c6d2407d974,2026-09-23T19:00:00Z,2026-09-23T21:00:00+0200,252.02,EUR/MWh,PT,PT,day_ahead_price,value,2026-09-23T08:05:18Z
2026-09-23T08:01:26Z,2026-09-23T10:01:26+0200,518a423e-2169-475e-ae06-4c6d2407d974,2026-09-23T19:15:00Z,2026-09-23T21:15:00+0200,249.61,EUR/MWh,PT,PT,day_ahead_price,value,2026-09-23T08:05:18Z
2026-09-23T08:01:26Z,2026-09-23T10:01:26+0200,518a423e-2169-475e-ae06-4c6d2407d974,2026-09-23T19:30:00Z,2026-09-23T21:30:00+0200,240.01,EUR/MWh,PT,PT,day_ahead_price,value,2026-09-23T08:05:18Z
2026-09-23T08:01:26Z,2026-09-23T10:01:26+0200,518a423e-2169-475e-ae06-4c6d2407d974,2026-09-23T19:45:00Z,2026-09-23T21:45:00+0200,251.72,EUR/MWh,PT,PT,day_ahead_price,value,2026-09-23T08:05:18Z
2026-09-23T08:01:26Z,2026-09-23T10:01:26+0200,518a423e-2169-475e-ae06-4c6d2407d974,2026-09-23T20:00:00Z,2026-09-23T22:00:00+0200,230.0,EUR/MWh,PT,PT,day_ahead_price,value,2026-09-23T08:05:18Z
2026-09-23T08:01:26Z,2026-09-23T10:01:26+0200,518a423e-2169-475e-ae06-4c6d2407d974,2026-09-23T20:15:00Z,2026-09-23T22:15:00+0200,226.0,EUR/MWh,PT,PT,day_ahead_price,value,2026-09-23T08:05:18Z
2026-09-23T08:01:26Z,2026-09-23T10:01:26+0200,518a423e-2169-475e-ae06-4c6d2407d974,2026-09-23T20:30:00Z,2026-09-23T22:30:00+0200,223.53,EUR/MWh,PT,PT,day_ahead_price,value,2026-09-23T08:05:18Z
2026-09-23T08:01:26Z,2026-09-23T10:01:26+0200,518a423e-2169-475e-ae06-4c6d2407d974,2026-09-23T20:45:00Z,2026-09-23T22:45:00+0200,219.88,EUR/MWh,PT,PT,day_ahead_price,value,2026-09-23T08:05:18Z
2026-09-23T08:01:26Z,2026-09-23T10:01:26+0200,518a423e-2169-475e-ae06-4c6d2407d974,2026-09-23T21:00:00Z,2026-09-23T23:00:00+0200,219.88,EUR/MWh,PT,PT,day_ahead_price,value,2026-09-23T08:05:18Z
2026-09-23T08:01:26Z,2026-09-23T10:01:26+0200,518a423e-2169-475e-ae06-4c6d2407d974,2026-09-23T21:15:00Z,2026-09-23T23:15:00+0200,210.63,EUR/MWh,PT,PT,day_ahead_price,value,2026-09-23T08:05:18Z
2026-09-23T08:01:26Z,2026-09-23T10:01:26+0200,518a423e-2169-475e-ae06-4c6d2407d974,2026-09-23T21:30:00Z,2026-09-23T23:30:00+0200,207.12,EUR/MWh,PT,PT,day_ahead_price,value,2026-09-23T08:05:18Z
2026-09-23T08:01:26Z,2026-09-23T10:01:26+0200,518a423e-2169-475e-ae06-4c6d2407d974,2026-09-23T21:45:00Z,2026-09-23T23:45:00+0200,205.24,EUR/MWh,PT,PT,day_ahead_price,value,2026-09-23T08:05:18Z
