collection_time_utc,collection_time_local,run_id,timestamp_utc,timestamp_local,value,unit,country,entsoe_area,variable,source,updated_at_utc
2026-09-06T22:33:26Z,2026-09-07T00:33:26+0200,93a2d44c-eeb1-4c93-8f4c-fe9405447247,2026-08-30T23:00:00Z,2026-08-31T01:00:00+0200,0.0,MW,ES,ES,actual_offshore_wind_generation,Wind Offshore,2026-09-06T22:35:37Z
2026-09-06T22:33:26Z,2026-09-07T00:33:26+0200,93a2d44c-eeb1-4c93-8f4c-fe9405447247,2026-08-30T23:15:00Z,2026-08-31T01:15:00+0200,0.0,MW,ES,ES,actual_offshore_wind_generation,Wind Offshore,2026-09-06T22:35:37Z
2026-09-06T22:33:26Z,2026-09-07T00:33:26+0200,93a2d44c-eeb1-4c93-8f4c-fe9405447247,2026-08-30T23:30:00Z,2026-08-31T01:30:00+0200,0.0,MW,ES,ES,actual_offshore_wind_generation,Wind Offshore,2026-09-06T22:35:37Z
2026-09-06T22:33:26Z,2026-09-07T00:33:26+0200,93a2d44c-eeb1-4c93-8f4c-fe9405447247,2026-08-30T23:45:00Z,2026-08-31T01:45:00+0200,0.0,MW,ES,ES,actual_offshore_wind_generation,Wind Offshore,2026-09-06T22:35:37Z
2026-09-06T22:33:26Z,2026-09-07T00:33:26+0200,93a2d44c-eeb1-4c93-8f4c-fe9405447247,2026-08-31T00:00:00Z,2026-08-31T02:00:00+0200,0.0,MW,ES,ES,actual_offshore_wind_generation,Wind Offshore,2026-09-06T22:35:37Z
2026-09-06T22:33:26Z,2026-09-07T00:33:26+0200,93a2d44c-eeb1-4c93-8f4c-fe9405447247,2026-08-31T00:15:00Z,2026-08-31T02:15:00+0200,0.0,MW,ES,ES,actual_offshore_wind_generation,Wind Offshore,2026-09-06T22:35:37Z
2026-09-06T22:33:26Z,2026-09-07T00:33:26+0200,93a2d44c-eeb1-4c93-8f4c-fe9405447247,2026-08-31T00:30:00Z,2026-08-31T02:30:00+0200,0.0,MW,ES,ES,actual_offshore_wind_generation,Wind Offshore,2026-09-06T22:35:37Z
2026-09-06T22:33:26Z,2026-09-07T00:33:26+0200,93a2d44c-eeb1-4c93-8f4c-fe9405447247,2026-08-31T00:45:00Z,2026-08-31T02:45:00+0200,0.0,MW,ES,ES,actual_offshore_wind_generation,Wind Offshore,2026-09-06T22:35:37Z
2026-09-06T22:33:26Z,2026-09-07T00:33:26+0200,93a2d44c-eeb1-4c93-8f4c-fe9405447247,2026-08-31T01:00:00Z,2026-08-31T03:00:00+0200,0.0,MW,ES,ES,actual_offshore_wind_generation,Wind Offshore,2026-09-06T22:35:37Z
2026-09-06T22:33:26Z,2026-09-07T00:33:26+0200,93a2d44c-eeb1-4c93-8f4c-fe9405447247,2026-08-31T01:15:00Z,2026-08-31T03:15:00+0200,0.0,MW,ES,ES,actual_offshore_wind_generation,Wind Offshore,2026-09-06T22:35:37Z
2026-09-06T22:33:26Z,2026-09-07T00:33:26+0200,93a2d44c-eeb1-4c93-8f4c-fe9405447247,2026-08-31T01:30:00Z,2026-08-31T03:30:00+0200,0.0,MW,ES,ES,actual_offshore_wind_generation,Wind Offshore,2026-09-06T22:35:37Z
2026-09-06T22:33:26Z,2026-09-07T00:33:26+0200,93a2d44c-eeb1-4c93-8f4c-fe9405447247,2026-08-31T01:45:00Z,2026-08-31T03:45:00+0200,0.0,MW,ES,ES,actual_offshore_wind_generation,Wind Offshore,2026-09-06T22:35:37Z
2026-09-06T22:33:26Z,2026-09-07T00:33:26+0200,93a2d44c-eeb1-4c93-8f4c-fe9405447247,2026-08-31T02:00:00Z,2026-08-31T04:00:00+0200,0.0,MW,ES,ES,actual_offshore_wind_generation,Wind Offshore,2026-09-06T22:35:37Z
2026-09-06T22:33:26Z,2026-09-07T00:33:26+0200,93a2d44c-eeb1-4c93-8f4c-fe9405447247,2026-08-31T02:15:00Z,2026-08-31T04:15:00+0200,0.0,MW,ES,ES,actual_offshore_wind_generation,Wind Offshore,2026-09-06T22:35:37Z
2026-09-06T22:33:26Z,2026-09-07T00:33:26+0200,93a2d44c-eeb1-4c93-8f4c-fe9405447247,2026-08-31T02:30:00Z,2026-08-31T04:30:00+0200,0.0,MW,ES,ES,actual_offshore_wind_generation,Wind Offshore,2026-09-06T22:35:37Z
2026-09-06T22:33:26Z,2026-09-07T00:33:26+0200,93a2d44c-eeb1-4c93-8f4c-fe9405447247,2026-08-31T02:45:00Z,2026-08-31T04:45:00+0200,0.0,MW,ES,ES,actual_offshore_wind_generation,Wind Offshore,2026-09-06T22:35:37Z
2026-09-06T22:33:26Z,2026-09-07T00:33:26+0200,93a2d44c-eeb1-4c93-8f4c-fe9405447247,2026-08-31T03:00:00Z,2026-08-31T05:00:00+0200,0.0,MW,ES,ES,actual_offshore_wind_generation,Wind Offshore,2026-09-06T22:35:37Z
2026-09-06T22:33:26Z,2026-09-07T00:33:26+0200,93a2d44c-eeb1-4c93-8f4c-fe9405447247,2026-08-31T03:15:00Z,2026-08-31T05:15:00+0200,0.0,MW,ES,ES,actual_offshore_wind_generation,Wind Offshore,2026-09-06T22:35:37Z
2026-09-06T22:33:26Z,2026-09-07T00:33:26+0200,93a2d44c-eeb1-4c93-8f4c-fe9405447247,2026-08-31T03:30:00Z,2026-08-31T05:30:00+0200,0.0,MW,ES,ES,actual_offshore_wind_generation,Wind Offshore,2026-09-06T22:35:37Z
2026-09-06T22:33:26Z,2026-09-07T00:33:26+0200,93a2d44c-eeb1-4c93-8f4c-fe9405447247,2026-08-31T03:45:00Z,2026-08-31T05:45:00+0200,0.0,MW,ES,ES,actual_offshore_wind_generation,Wind Offshore,2026-09-06T22:35:37Z
2026-09-06T22:33:26Z,2026-09-07T00:33:26+0200,93a2d44c-eeb1-4c93-8f4c-fe9405447247,2026-08-31T04:00:00Z,2026-08-31T06:00:00+0200,0.0,MW,ES,ES,actual_offshore_wind_generation,Wind Offshore,2026-09-06T22:35:37Z
2026-09-06T22:33:26Z,2026-09-07T00:33:26+0200,93a2d44c-eeb1-4c93-8f4c-fe9405447247,2026-08-31T04:15:00Z,2026-08-31T06:15:00+0200,0.0,MW,ES,ES,actual_offshore_wind_generation,Wind Offshore,2026-09-06T22:35:37Z
2026-09-06T22:33:26Z,2026-09-07T00:33:26+0200,93a2d44c-eeb1-4c93-8f4c-fe9405447247,2026-08-31T04:30:00Z,2026-08-31T06:30:00+0200,0.0,MW,ES,ES,actual_offshore_wind_generation,Wind Offshore,2026-09-06T22:35:37Z
2026-09-06T22:33:26Z,2026-09-07T00:33:26+0200,93a2d44c-eeb1-4c93-8f4c-fe9405447247,2026-08-31T04:45:00Z,2026-08-31T06:45:00+0200,0.0,MW,ES,ES,actual_offshore_wind_generation,Wind Offshore,2026-09-06T22:35:37Z
2026-09-06T22:33:26Z,2026-09-07T00:33:26+0200,93a2d44c-eeb1-4c93-8f4c-fe9405447247,2026-08-31T05:00:00Z,2026-08-31T07:00:00+0200,0.0,MW,ES,ES,actual_offshore_wind_generation,Wind Offshore,2026-09-06T22:35:37Z
2026-09-06T22:33:26Z,2026-09-07T00:33:26+0200,93a2d44c-eeb1-4c93-8f4c-fe9405447247,2026-08-31T05:15:00Z,2026-08-31T07:15:00+0200,0.0,MW,ES,ES,actual_offshore_wind_generation,Wind Offshore,2026-09-06T22:35:37Z
2026-09-06T22:33:26Z,2026-09-07T00:33:26+0200,93a2d44c-eeb1-4c93-8f4c-fe9405447247,2026-08-31T05:30:00Z,2026-08-31T07:30:00+0200,0.0,MW,ES,ES,actual_offshore_wind_generation,Wind Offshore,2026-09-06T22:35:37Z
2026-09-06T22:33:26Z,2026-09-07T00:33:26+0200,93a2d44c-eeb1-4c93-8f4c-fe9405447247,2026-08-31T05:45:00Z,2026-08-31T07:45:00+0200,0.0,MW,ES,ES,actual_offshore_wind_generation,Wind Offshore,2026-09-06T22:35:37Z
2026-09-06T22:33:26Z,2026-09-07T00:33:26+0200,93a2d44c-eeb1-4c93-8f4c-fe9405447247,2026-08-31T06:00:00Z,2026-08-31T08:00:00+0200,0.0,MW,ES,ES,actual_offshore_wind_generation,Wind Offshore,2026-09-06T22:35:37Z
2026-09-06T22:33:26Z,2026-09-07T00:33:26+0200,93a2d44c-eeb1-4c93-8f4c-fe9405447247,2026-08-31T06:15:00Z,2026-08-31T08:15:00+0200,0.0,MW,ES,ES,actual_offshore_wind_generation,Wind Offshore,2026-09-06T22:35:37Z
2026-09-06T22:33:26Z,2026-09-07T00:33:26+0200,93a2d44c-eeb1-4c93-8f4c-fe9405447247,2026-08-31T06:30:00Z,2026-08-31T08:30:00+0200,0.0,MW,ES,ES,actual_offshore_wind_generation,Wind Offshore,2026-09-06T22:35:37Z
2026-09-06T22:33:26Z,2026-09-07T00:33:26+0200,93a2d44c-eeb1-4c93-8f4c-fe9405447247,2026-08-31T06:45:00Z,2026-08-31T08:45:00+0200,0.0,MW,ES,ES,actual_offshore_wind_generation,Wind Offshore,2026-09-06T22:35:37Z
2026-09-06T22:33:26Z,2026-09-07T00:33:26+0200,93a2d44c-eeb1-4c93-8f4c-fe9405447247,2026-08-31T07:00:00Z,2026-08-31T09:00:00+0200,0.0,MW,ES,ES,actual_offshore_wind_generation,Wind Offshore,2026-09-06T22:35:37Z
2026-09-06T22:33:26Z,2026-09-07T00:33:26+0200,93a2d44c-eeb1-4c93-8f4c-fe9405447247,2026-08-31T07:15:00Z,2026-08-31T09:15:00+0200,0.0,MW,ES,ES,actual_offshore_wind_generation,Wind Offshore,2026-09-06T22:35:37Z
2026-09-06T22:33:26Z,2026-09-07T00:33:26+0200,93a2d44c-eeb1-4c93-8f4c-fe9405447247,2026-08-31T07:30:00Z,2026-08-31T09:30:00+0200,0.0,MW,ES,ES,actual_offshore_wind_generation,Wind Offshore,2026-09-06T22:35:37Z
2026-09-06T22:33:26Z,2026-09-07T00:33:26+0200,93a2d44c-eeb1-4c93-8f4c-fe9405447247,2026-08-31T07:45:00Z,2026-08-31T09:45:00+0200,0.0,MW,ES,ES,actual_offshore_wind_generation,Wind Offshore,2026-09-06T22:35:37Z
2026-09-06T22:33:26Z,2026-09-07T00:33:26+0200,93a2d44c-eeb1-4c93-8f4c-fe9405447247,2026-08-31T08:00:00Z,2026-08-31T10:00:00+0200,0.0,MW,ES,ES,actual_offshore_wind_generation,Wind Offshore,2026-09-06T22:35:37Z
2026-09-06T22:33:26Z,2026-09-07T00:33:26+0200,93a2d44c-eeb1-4c93-8f4c-fe9405447247,2026-08-31T08:15:00Z,2026-08-31T10:15:00+0200,0.0,MW,ES,ES,actual_offshore_wind_generation,Wind Offshore,2026-09-06T22:35:37Z
2026-09-06T22:33:26Z,2026-09-07T00:33:26+0200,93a2d44c-eeb1-4c93-8f4c-fe9405447247,2026-08-31T08:30:00Z,2026-08-31T10:30:00+0200,0.0,MW,ES,ES,actual_offshore_wind_generation,Wind Offshore,2026-09-06T22:35:37Z
2026-09-06T22:33:26Z,2026-09-07T00:33:26+0200,93a2d44c-eeb1-4c93-8f4c-fe9405447247,2026-08-31T08:45:00Z,2026-08-31T10:45:00+0200,0.0,MW,ES,ES,actual_offshore_wind_generation,Wind Offshore,2026-09-06T22:35:37Z
2026-09-06T22:33:26Z,2026-09-07T00:33:26+0200,93a2d44c-eeb1-4c93-8f4c-fe9405447247,2026-08-31T09:00:00Z,2026-08-31T11:00:00+0200,0.0,MW,ES,ES,actual_offshore_wind_generation,Wind Offshore,2026-09-06T22:35:37Z
2026-09-06T22:33:26Z,2026-09-07T00:33:26+0200,93a2d44c-eeb1-4c93-8f4c-fe9405447247,2026-08-31T09:15:00Z,2026-08-31T11:15:00+0200,0.0,MW,ES,ES,actual_offshore_wind_generation,Wind Offshore,2026-09-06T22:35:37Z
2026-09-06T22:33:26Z,2026-09-07T00:33:26+0200,93a2d44c-eeb1-4c93-8f4c-fe9405447247,2026-08-31T09:30:00Z,2026-08-31T11:30:00+0200,0.0,MW,ES,ES,actual_offshore_wind_generation,Wind Offshore,2026-09-06T22:35:37Z
2026-09-06T22:33:26Z,2026-09-07T00:33:26+0200,93a2d44c-eeb1-4c93-8f4c-fe9405447247,2026-08-31T09:45:00Z,2026-08-31T11:45:00+0200,0.0,MW,ES,ES,actual_offshore_wind_generation,Wind Offshore,2026-09-06T22:35:37Z
2026-09-06T22:33:26Z,2026-09-07T00:33:26+0200,93a2d44c-eeb1-4c93-8f4c-fe9405447247,2026-08-31T10:00:00Z,2026-08-31T12:00:00+0200,0.0,MW,ES,ES,actual_offshore_wind_generation,Wind Offshore,2026-09-06T22:35:37Z
2026-09-06T22:33:26Z,2026-09-07T00:33:26+0200,93a2d44c-eeb1-4c93-8f4c-fe9405447247,2026-08-31T10:15:00Z,2026-08-31T12:15:00+0200,0.0,MW,ES,ES,actual_offshore_wind_generation,Wind Offshore,2026-09-06T22:35:37Z
2026-09-06T22:33:26Z,2026-09-07T00:33:26+0200,93a2d44c-eeb1-4c93-8f4c-fe9405447247,2026-08-31T10:30:00Z,2026-08-31T12:30:00+0200,0.0,MW,ES,ES,actual_offshore_wind_generation,Wind Offshore,2026-09-06T22:35:37Z
2026-09-06T22:33:26Z,2026-09-07T00:33:26+0200,93a2d44c-eeb1-4c93-8f4c-fe9405447247,2026-08-31T10:45:00Z,2026-08-31T12:45:00+0200,0.0,MW,ES,ES,actual_offshore_wind_generation,Wind Offshore,2026-09-06T22:35:37Z
2026-09-06T22:33:26Z,2026-09-07T00:33:26+0200,93a2d44c-eeb1-4c93-8f4c-fe9405447247,2026-08-31T11:00:00Z,2026-08-31T13:00:00+0200,0.0,MW,ES,ES,actual_offshore_wind_generation,Wind Offshore,2026-09-06T22:35:37Z
2026-09-06T22:33:26Z,2026-09-07T00:33:26+0200,93a2d44c-eeb1-4c93-8f4c-fe9405447247,2026-08-31T11:15:00Z,2026-08-31T13:15:00+0200,0.0,MW,ES,ES,actual_offshore_wind_generation,Wind Offshore,2026-09-06T22:35:37Z
2026-09-06T22:33:26Z,2026-09-07T00:33:26+0200,93a2d44c-eeb1-4c93-8f4c-fe9405447247,2026-08-31T11:30:00Z,2026-08-31T13:30:00+0200,0.0,MW,ES,ES,actual_offshore_wind_generation,Wind Offshore,2026-09-06T22:35:37Z
2026-09-06T22:33:26Z,2026-09-07T00:33:26+0200,93a2d44c-eeb1-4c93-8f4c-fe9405447247,2026-08-31T11:45:00Z,2026-08-31T13:45:00+0200,0.0,MW,ES,ES,actual_offshore_wind_generation,Wind Offshore,2026-09-06T22:35:37Z
2026-09-06T22:33:26Z,2026-09-07T00:33:26+0200,93a2d44c-eeb1-4c93-8f4c-fe9405447247,2026-08-31T12:00:00Z,2026-08-31T14:00:00+0200,0.0,MW,ES,ES,actual_offshore_wind_generation,Wind Offshore,2026-09-06T22:35:37Z
2026-09-06T22:33:26Z,2026-09-07T00:33:26+0200,93a2d44c-eeb1-4c93-8f4c-fe9405447247,2026-08-31T12:15:00Z,2026-08-31T14:15:00+0200,0.0,MW,ES,ES,actual_offshore_wind_generation,Wind Offshore,2026-09-06T22:35:37Z
2026-09-06T22:33:26Z,2026-09-07T00:33:26+0200,93a2d44c-eeb1-4c93-8f4c-fe9405447247,2026-08-31T12:30:00Z,2026-08-31T14:30:00+0200,0.0,MW,ES,ES,actual_offshore_wind_generation,Wind Offshore,2026-09-06T22:35:37Z
2026-09-06T22:33:26Z,2026-09-07T00:33:26+0200,93a2d44c-eeb1-4c93-8f4c-fe9405447247,2026-08-31T12:45:00Z,2026-08-31T14:45:00+0200,0.0,MW,ES,ES,actual_offshore_wind_generation,Wind Offshore,2026-09-06T22:35:37Z
2026-09-06T22:33:26Z,2026-09-07T00:33:26+0200,93a2d44c-eeb1-4c93-8f4c-fe9405447247,2026-08-31T13:00:00Z,2026-08-31T15:00:00+0200,0.0,MW,ES,ES,actual_offshore_wind_generation,Wind Offshore,2026-09-06T22:35:37Z
2026-09-06T22:33:26Z,2026-09-07T00:33:26+0200,93a2d44c-eeb1-4c93-8f4c-fe9405447247,2026-08-31T13:15:00Z,2026-08-31T15:15:00+0200,0.0,MW,ES,ES,actual_offshore_wind_generation,Wind Offshore,2026-09-06T22:35:37Z
2026-09-06T22:33:26Z,2026-09-07T00:33:26+0200,93a2d44c-eeb1-4c93-8f4c-fe9405447247,2026-08-31T13:30:00Z,2026-08-31T15:30:00+0200,0.0,MW,ES,ES,actual_offshore_wind_generation,Wind Offshore,2026-09-06T22:35:37Z
2026-09-06T22:33:26Z,2026-09-07T00:33:26+0200,93a2d44c-eeb1-4c93-8f4c-fe9405447247,2026-08-31T13:45:00Z,2026-08-31T15:45:00+0200,0.0,MW,ES,ES,actual_offshore_wind_generation,Wind Offshore,2026-09-06T22:35:37Z
2026-09-06T22:33:26Z,2026-09-07T00:33:26+0200,93a2d44c-eeb1-4c93-8f4c-fe9405447247,2026-08-31T14:00:00Z,2026-08-31T16:00:00+0200,0.0,MW,ES,ES,actual_offshore_wind_generation,Wind Offshore,2026-09-06T22:35:37Z
2026-09-06T22:33:26Z,2026-09-07T00:33:26+0200,93a2d44c-eeb1-4c93-8f4c-fe9405447247,2026-08-31T14:15:00Z,2026-08-31T16:15:00+0200,0.0,MW,ES,ES,actual_offshore_wind_generation,Wind Offshore,2026-09-06T22:35:37Z
2026-09-06T22:33:26Z,2026-09-07T00:33:26+0200,93a2d44c-eeb1-4c93-8f4c-fe9405447247,2026-08-31T14:30:00Z,2026-08-31T16:30:00+0200,0.0,MW,ES,ES,actual_offshore_wind_generation,Wind Offshore,2026-09-06T22:35:37Z
2026-09-06T22:33:26Z,2026-09-07T00:33:26+0200,93a2d44c-eeb1-4c93-8f4c-fe9405447247,2026-08-31T14:45:00Z,2026-08-31T16:45:00+0200,0.0,MW,ES,ES,actual_offshore_wind_generation,Wind Offshore,2026-09-06T22:35:37Z
2026-09-06T22:33:26Z,2026-09-07T00:33:26+0200,93a2d44c-eeb1-4c93-8f4c-fe9405447247,2026-08-31T15:00:00Z,2026-08-31T17:00:00+0200,0.0,MW,ES,ES,actual_offshore_wind_generation,Wind Offshore,2026-09-06T22:35:37Z
2026-09-06T22:33:26Z,2026-09-07T00:33:26+0200,93a2d44c-eeb1-4c93-8f4c-fe9405447247,2026-08-31T15:15:00Z,2026-08-31T17:15:00+0200,0.0,MW,ES,ES,actual_offshore_wind_generation,Wind Offshore,2026-09-06T22:35:37Z
2026-09-06T22:33:26Z,2026-09-07T00:33:26+0200,93a2d44c-eeb1-4c93-8f4c-fe9405447247,2026-08-31T15:30:00Z,2026-08-31T17:30:00+0200,0.0,MW,ES,ES,actual_offshore_wind_generation,Wind Offshore,2026-09-06T22:35:37Z
2026-09-06T22:33:26Z,2026-09-07T00:33:26+0200,93a2d44c-eeb1-4c93-8f4c-fe9405447247,2026-08-31T15:45:00Z,2026-08-31T17:45:00+0200,0.0,MW,ES,ES,actual_offshore_wind_generation,Wind Offshore,2026-09-06T22:35:37Z
2026-09-06T22:33:26Z,2026-09-07T00:33:26+0200,93a2d44c-eeb1-4c93-8f4c-fe9405447247,2026-08-31T16:00:00Z,2026-08-31T18:00:00+0200,0.0,MW,ES,ES,actual_offshore_wind_generation,Wind Offshore,2026-09-06T22:35:37Z
2026-09-06T22:33:26Z,2026-09-07T00:33:26+0200,93a2d44c-eeb1-4c93-8f4c-fe9405447247,2026-08-31T16:15:00Z,2026-08-31T18:15:00+0200,0.0,MW,ES,ES,actual_offshore_wind_generation,Wind Offshore,2026-09-06T22:35:37Z
2026-09-06T22:33:26Z,2026-09-07T00:33:26+0200,93a2d44c-eeb1-4c93-8f4c-fe9405447247,2026-08-31T16:30:00Z,2026-08-31T18:30:00+0200,0.0,MW,ES,ES,actual_offshore_wind_generation,Wind Offshore,2026-09-06T22:35:37Z
2026-09-06T22:33:26Z,2026-09-07T00:33:26+0200,93a2d44c-eeb1-4c93-8f4c-fe9405447247,2026-08-31T16:45:00Z,2026-08-31T18:45:00+0200,0.0,MW,ES,ES,actual_offshore_wind_generation,Wind Offshore,2026-09-06T22:35:37Z
2026-09-06T22:33:26Z,2026-09-07T00:33:26+0200,93a2d44c-eeb1-4c93-8f4c-fe9405447247,2026-08-31T17:00:00Z,2026-08-31T19:00:00+0200,0.0,MW,ES,ES,actual_offshore_wind_generation,Wind Offshore,2026-09-06T22:35:37Z
2026-09-06T22:33:26Z,2026-09-07T00:33:26+0200,93a2d44c-eeb1-4c93-8f4c-fe9405447247,2026-08-31T17:15:00Z,2026-08-31T19:15:00+0200,0.0,MW,ES,ES,actual_offshore_wind_generation,Wind Offshore,2026-09-06T22:35:37Z
2026-09-06T22:33:26Z,2026-09-07T00:33:26+0200,93a2d44c-eeb1-4c93-8f4c-fe9405447247,2026-08-31T17:30:00Z,2026-08-31T19:30:00+0200,0.0,MW,ES,ES,actual_offshore_wind_generation,Wind Offshore,2026-09-06T22:35:37Z
2026-09-06T22:33:26Z,2026-09-07T00:33:26+0200,93a2d44c-eeb1-4c93-8f4c-fe9405447247,2026-08-31T17:45:00Z,2026-08-31T19:45:00+0200,0.0,MW,ES,ES,actual_offshore_wind_generation,Wind Offshore,2026-09-06T22:35:37Z
2026-09-06T22:33:26Z,2026-09-07T00:33:26+0200,93a2d44c-eeb1-4c93-8f4c-fe9405447247,2026-08-31T18:00:00Z,2026-08-31T20:00:00+0200,0.0,MW,ES,ES,actual_offshore_wind_generation,Wind Offshore,2026-09-06T22:35:37Z
2026-09-06T22:33:26Z,2026-09-07T00:33:26+0200,93a2d44c-eeb1-4c93-8f4c-fe9405447247,2026-08-31T18:15:00Z,2026-08-31T20:15:00+0200,0.0,MW,ES,ES,actual_offshore_wind_generation,Wind Offshore,2026-09-06T22:35:37Z
2026-09-06T22:33:26Z,2026-09-07T00:33:26+0200,93a2d44c-eeb1-4c93-8f4c-fe9405447247,2026-08-31T18:30:00Z,2026-08-31T20:30:00+0200,0.0,MW,ES,ES,actual_offshore_wind_generation,Wind Offshore,2026-09-06T22:35:37Z
2026-09-06T22:33:26Z,2026-09-07T00:33:26+0200,93a2d44c-eeb1-4c93-8f4c-fe9405447247,2026-08-31T18:45:00Z,2026-08-31T20:45:00+0200,0.0,MW,ES,ES,actual_offshore_wind_generation,Wind Offshore,2026-09-06T22:35:37Z
2026-09-06T22:33:26Z,2026-09-07T00:33:26+0200,93a2d44c-eeb1-4c93-8f4c-fe9405447247,2026-08-31T19:00:00Z,2026-08-31T21:00:00+0200,0.0,MW,ES,ES,actual_offshore_wind_generation,Wind Offshore,2026-09-06T22:35:37Z
2026-09-06T22:33:26Z,2026-09-07T00:33:26+0200,93a2d44c-eeb1-4c93-8f4c-fe9405447247,2026-08-31T19:15:00Z,2026-08-31T21:15:00+0200,0.0,MW,ES,ES,actual_offshore_wind_generation,Wind Offshore,2026-09-06T22:35:37Z
2026-09-06T22:33:26Z,2026-09-07T00:33:26+0200,93a2d44c-eeb1-4c93-8f4c-fe9405447247,2026-08-31T19:30:00Z,2026-08-31T21:30:00+0200,0.0,MW,ES,ES,actual_offshore_wind_generation,Wind Offshore,2026-09-06T22:35:37Z
2026-09-06T22:33:26Z,2026-09-07T00:33:26+0200,93a2d44c-eeb1-4c93-8f4c-fe9405447247,2026-08-31T19:45:00Z,2026-08-31T21:45:00+0200,0.0,MW,ES,ES,actual_offshore_wind_generation,Wind Offshore,2026-09-06T22:35:37Z
2026-09-06T22:33:26Z,2026-09-07T00:33:26+0200,93a2d44c-eeb1-4c93-8f4c-fe9405447247,2026-08-31T20:00:00Z,2026-08-31T22:00:00+0200,0.0,MW,ES,ES,actual_offshore_wind_generation,Wind Offshore,2026-09-06T22:35:37Z
2026-09-06T22:33:26Z,2026-09-07T00:33:26+0200,93a2d44c-eeb1-4c93-8f4c-fe9405447247,2026-08-31T20:15:00Z,2026-08-31T22:15:00+0200,0.0,MW,ES,ES,actual_offshore_wind_generation,Wind Offshore,2026-09-06T22:35:37Z
2026-09-06T22:33:26Z,2026-09-07T00:33:26+0200,93a2d44c-eeb1-4c93-8f4c-fe9405447247,2026-08-31T20:30:00Z,2026-08-31T22:30:00+0200,0.0,MW,ES,ES,actual_offshore_wind_generation,Wind Offshore,2026-09-06T22:35:37Z
2026-09-06T22:33:26Z,2026-09-07T00:33:26+0200,93a2d44c-eeb1-4c93-8f4c-fe9405447247,2026-08-31T20:45:00Z,2026-08-31T22:45:00+0200,0.0,MW,ES,ES,actual_offshore_wind_generation,Wind Offshore,2026-09-06T22:35:37Z
2026-09-06T22:33:26Z,2026-09-07T00:33:26+0200,93a2d44c-eeb1-4c93-8f4c-fe9405447247,2026-08-31T21:00:00Z,2026-08-31T23:00:00+0200,0.0,MW,ES,ES,actual_offshore_wind_generation,Wind Offshore,2026-09-06T22:35:37Z
2026-09-06T22:33:26Z,2026-09-07T00:33:26+0200,93a2d44c-eeb1-4c93-8f4c-fe9405447247,2026-08-31T21:15:00Z,2026-08-31T23:15:00+0200,0.0,MW,ES,ES,actual_offshore_wind_generation,Wind Offshore,2026-09-06T22:35:37Z
2026-09-06T22:33:26Z,2026-09-07T00:33:26+0200,93a2d44c-eeb1-4c93-8f4c-fe9405447247,2026-08-31T21:30:00Z,2026-08-31T23:30:00+0200,0.0,MW,ES,ES,actual_offshore_wind_generation,Wind Offshore,2026-09-06T22:35:37Z
2026-09-06T22:33:26Z,2026-09-07T00:33:26+0200,93a2d44c-eeb1-4c93-8f4c-fe9405447247,2026-08-31T21:45:00Z,2026-08-31T23:45:00+0200,0.0,MW,ES,ES,actual_offshore_wind_generation,Wind Offshore,2026-09-06T22:35:37Z
2026-09-06T22:33:26Z,2026-09-07T00:33:26+0200,93a2d44c-eeb1-4c93-8f4c-fe9405447247,2026-08-31T22:00:00Z,2026-09-01T00:00:00+0200,0.0,MW,ES,ES,actual_offshore_wind_generation,Wind Offshore,2026-09-06T22:35:37Z
2026-09-06T22:33:26Z,2026-09-07T00:33:26+0200,93a2d44c-eeb1-4c93-8f4c-fe9405447247,2026-08-31T22:15:00Z,2026-09-01T00:15:00+0200,0.0,MW,ES,ES,actual_offshore_wind_generation,Wind Offshore,2026-09-06T22:35:37Z
2026-09-06T22:33:26Z,2026-09-07T00:33:26+0200,93a2d44c-eeb1-4c93-8f4c-fe9405447247,2026-08-31T22:30:00Z,2026-09-01T00:30:00+0200,0.0,MW,ES,ES,actual_offshore_wind_generation,Wind Offshore,2026-09-06T22:35:37Z
2026-09-06T22:33:26Z,2026-09-07T00:33:26+0200,93a2d44c-eeb1-4c93-8f4c-fe9405447247,2026-08-31T22:45:00Z,2026-09-01T00:45:00+0200,0.0,MW,ES,ES,actual_offshore_wind_generation,Wind Offshore,2026-09-06T22:35:37Z
2026-09-06T22:33:26Z,2026-09-07T00:33:26+0200,93a2d44c-eeb1-4c93-8f4c-fe9405447247,2026-08-31T23:00:00Z,2026-09-01T01:00:00+0200,0.0,MW,ES,ES,actual_offshore_wind_generation,Wind Offshore,2026-09-06T22:35:37Z
2026-09-06T22:33:26Z,2026-09-07T00:33:26+0200,93a2d44c-eeb1-4c93-8f4c-fe9405447247,2026-08-31T23:15:00Z,2026-09-01T01:15:00+0200,0.0,MW,ES,ES,actual_offshore_wind_generation,Wind Offshore,2026-09-06T22:35:37Z
2026-09-06T22:33:26Z,2026-09-07T00:33:26+0200,93a2d44c-eeb1-4c93-8f4c-fe9405447247,2026-08-31T23:30:00Z,2026-09-01T01:30:00+0200,0.0,MW,ES,ES,actual_offshore_wind_generation,Wind Offshore,2026-09-06T22:35:37Z
2026-09-06T22:33:26Z,2026-09-07T00:33:26+0200,93a2d44c-eeb1-4c93-8f4c-fe9405447247,2026-08-31T23:45:00Z,2026-09-01T01:45:00+0200,0.0,MW,ES,ES,actual_offshore_wind_generation,Wind Offshore,2026-09-06T22:35:37Z
2026-09-06T22:33:26Z,2026-09-07T00:33:26+0200,93a2d44c-eeb1-4c93-8f4c-fe9405447247,2026-09-01T00:00:00Z,2026-09-01T02:00:00+0200,0.0,MW,ES,ES,actual_offshore_wind_generation,Wind Offshore,2026-09-06T22:35:37Z
2026-09-06T22:33:26Z,2026-09-07T00:33:26+0200,93a2d44c-eeb1-4c93-8f4c-fe9405447247,2026-09-01T00:15:00Z,2026-09-01T02:15:00+0200,0.0,MW,ES,ES,actual_offshore_wind_generation,Wind Offshore,2026-09-06T22:35:37Z
2026-09-06T22:33:26Z,2026-09-07T00:33:26+0200,93a2d44c-eeb1-4c93-8f4c-fe9405447247,2026-09-01T00:30:00Z,2026-09-01T02:30:00+0200,0.0,MW,ES,ES,actual_offshore_wind_generation,Wind Offshore,2026-09-06T22:35:37Z
2026-09-06T22:33:26Z,2026-09-07T00:33:26+0200,93a2d44c-eeb1-4c93-8f4c-fe9405447247,2026-09-01T00:45:00Z,2026-09-01T02:45:00+0200,0.0,MW,ES,ES,actual_offshore_wind_generation,Wind Offshore,2026-09-06T22:35:37Z
2026-09-06T22:33:26Z,2026-09-07T00:33:26+0200,93a2d44c-eeb1-4c93-8f4c-fe9405447247,2026-09-01T01:00:00Z,2026-09-01T03:00:00+0200,0.0,MW,ES,ES,actual_offshore_wind_generation,Wind Offshore,2026-09-06T22:35:37Z
2026-09-06T22:33:26Z,2026-09-07T00:33:26+0200,93a2d44c-eeb1-4c93-8f4c-fe9405447247,2026-09-01T01:15:00Z,2026-09-01T03:15:00+0200,0.0,MW,ES,ES,actual_offshore_wind_generation,Wind Offshore,2026-09-06T22:35:37Z
2026-09-06T22:33:26Z,2026-09-07T00:33:26+0200,93a2d44c-eeb1-4c93-8f4c-fe9405447247,2026-09-01T01:30:00Z,2026-09-01T03:30:00+0200,0.0,MW,ES,ES,actual_offshore_wind_generation,Wind Offshore,2026-09-06T22:35:37Z
2026-09-06T22:33:26Z,2026-09-07T00:33:26+0200,93a2d44c-eeb1-4c93-8f4c-fe9405447247,2026-09-01T01:45:00Z,2026-09-01T03:45:00+0200,0.0,MW,ES,ES,actual_offshore_wind_generation,Wind Offshore,2026-09-06T22:35:37Z
2026-09-06T22:33:26Z,2026-09-07T00:33:26+0200,93a2d44c-eeb1-4c93-8f4c-fe9405447247,2026-09-01T02:00:00Z,2026-09-01T04:00:00+0200,0.0,MW,ES,ES,actual_offshore_wind_generation,Wind Offshore,2026-09-06T22:35:37Z
2026-09-06T22:33:26Z,2026-09-07T00:33:26+0200,93a2d44c-eeb1-4c93-8f4c-fe9405447247,2026-09-01T02:15:00Z,2026-09-01T04:15:00+0200,0.0,MW,ES,ES,actual_offshore_wind_generation,Wind Offshore,2026-09-06T22:35:37Z
2026-09-06T22:33:26Z,2026-09-07T00:33:26+0200,93a2d44c-eeb1-4c93-8f4c-fe9405447247,2026-09-01T02:30:00Z,2026-09-01T04:30:00+0200,0.0,MW,ES,ES,actual_offshore_wind_generation,Wind Offshore,2026-09-06T22:35:37Z
2026-09-06T22:33:26Z,2026-09-07T00:33:26+0200,93a2d44c-eeb1-4c93-8f4c-fe9405447247,2026-09-01T02:45:00Z,2026-09-01T04:45:00+0200,0.0,MW,ES,ES,actual_offshore_wind_generation,Wind Offshore,2026-09-06T22:35:37Z
2026-09-06T22:33:26Z,2026-09-07T00:33:26+0200,93a2d44c-eeb1-4c93-8f4c-fe9405447247,2026-09-01T03:00:00Z,2026-09-01T05:00:00+0200,0.0,MW,ES,ES,actual_offshore_wind_generation,Wind Offshore,2026-09-06T22:35:37Z
2026-09-06T22:33:26Z,2026-09-07T00:33:26+0200,93a2d44c-eeb1-4c93-8f4c-fe9405447247,2026-09-01T03:15:00Z,2026-09-01T05:15:00+0200,0.0,MW,ES,ES,actual_offshore_wind_generation,Wind Offshore,2026-09-06T22:35:37Z
2026-09-06T22:33:26Z,2026-09-07T00:33:26+0200,93a2d44c-eeb1-4c93-8f4c-fe9405447247,2026-09-01T03:30:00Z,2026-09-01T05:30:00+0200,0.0,MW,ES,ES,actual_offshore_wind_generation,Wind Offshore,2026-09-06T22:35:37Z
2026-09-06T22:33:26Z,2026-09-07T00:33:26+0200,93a2d44c-eeb1-4c93-8f4c-fe9405447247,2026-09-01T03:45:00Z,2026-09-01T05:45:00+0200,0.0,MW,ES,ES,actual_offshore_wind_generation,Wind Offshore,2026-09-06T22:35:37Z
2026-09-06T22:33:26Z,2026-09-07T00:33:26+0200,93a2d44c-eeb1-4c93-8f4c-fe9405447247,2026-09-01T04:00:00Z,2026-09-01T06:00:00+0200,0.0,MW,ES,ES,actual_offshore_wind_generation,Wind Offshore,2026-09-06T22:35:37Z
2026-09-06T22:33:26Z,2026-09-07T00:33:26+0200,93a2d44c-eeb1-4c93-8f4c-fe9405447247,2026-09-01T04:15:00Z,2026-09-01T06:15:00+0200,0.0,MW,ES,ES,actual_offshore_wind_generation,Wind Offshore,2026-09-06T22:35:37Z
2026-09-06T22:33:26Z,2026-09-07T00:33:26+0200,93a2d44c-eeb1-4c93-8f4c-fe9405447247,2026-09-01T04:30:00Z,2026-09-01T06:30:00+0200,0.0,MW,ES,ES,actual_offshore_wind_generation,Wind Offshore,2026-09-06T22:35:37Z
2026-09-06T22:33:26Z,2026-09-07T00:33:26+0200,93a2d44c-eeb1-4c93-8f4c-fe9405447247,2026-09-01T04:45:00Z,2026-09-01T06:45:00+0200,0.0,MW,ES,ES,actual_offshore_wind_generation,Wind Offshore,2026-09-06T22:35:37Z
2026-09-06T22:33:26Z,2026-09-07T00:33:26+0200,93a2d44c-eeb1-4c93-8f4c-fe9405447247,2026-09-01T05:00:00Z,2026-09-01T07:00:00+0200,0.0,MW,ES,ES,actual_offshore_wind_generation,Wind Offshore,2026-09-06T22:35:37Z
2026-09-06T22:33:26Z,2026-09-07T00:33:26+0200,93a2d44c-eeb1-4c93-8f4c-fe9405447247,2026-09-01T05:15:00Z,2026-09-01T07:15:00+0200,0.0,MW,ES,ES,actual_offshore_wind_generation,Wind Offshore,2026-09-06T22:35:37Z
2026-09-06T22:33:26Z,2026-09-07T00:33:26+0200,93a2d44c-eeb1-4c93-8f4c-fe9405447247,2026-09-01T05:30:00Z,2026-09-01T07:30:00+0200,0.0,MW,ES,ES,actual_offshore_wind_generation,Wind Offshore,2026-09-06T22:35:37Z
2026-09-06T22:33:26Z,2026-09-07T00:33:26+0200,93a2d44c-eeb1-4c93-8f4c-fe9405447247,2026-09-01T05:45:00Z,2026-09-01T07:45:00+0200,0.0,MW,ES,ES,actual_offshore_wind_generation,Wind Offshore,2026-09-06T22:35:37Z
2026-09-06T22:33:26Z,2026-09-07T00:33:26+0200,93a2d44c-eeb1-4c93-8f4c-fe9405447247,2026-09-01T06:00:00Z,2026-09-01T08:00:00+0200,0.0,MW,ES,ES,actual_offshore_wind_generation,Wind Offshore,2026-09-06T22:35:37Z
2026-09-06T22:33:26Z,2026-09-07T00:33:26+0200,93a2d44c-eeb1-4c93-8f4c-fe9405447247,2026-09-01T06:15:00Z,2026-09-01T08:15:00+0200,0.0,MW,ES,ES,actual_offshore_wind_generation,Wind Offshore,2026-09-06T22:35:37Z
2026-09-06T22:33:26Z,2026-09-07T00:33:26+0200,93a2d44c-eeb1-4c93-8f4c-fe9405447247,2026-09-01T06:30:00Z,2026-09-01T08:30:00+0200,0.0,MW,ES,ES,actual_offshore_wind_generation,Wind Offshore,2026-09-06T22:35:37Z
2026-09-06T22:33:26Z,2026-09-07T00:33:26+0200,93a2d44c-eeb1-4c93-8f4c-fe9405447247,2026-09-01T06:45:00Z,2026-09-01T08:45:00+0200,0.0,MW,ES,ES,actual_offshore_wind_generation,Wind Offshore,2026-09-06T22:35:37Z
2026-09-06T22:33:26Z,2026-09-07T00:33:26+0200,93a2d44c-eeb1-4c93-8f4c-fe9405447247,2026-09-01T07:00:00Z,2026-09-01T09:00:00+0200,0.0,MW,ES,ES,actual_offshore_wind_generation,Wind Offshore,2026-09-06T22:35:37Z
2026-09-06T22:33:26Z,2026-09-07T00:33:26+0200,93a2d44c-eeb1-4c93-8f4c-fe9405447247,2026-09-01T07:15:00Z,2026-09-01T09:15:00+0200,0.0,MW,ES,ES,actual_offshore_wind_generation,Wind Offshore,2026-09-06T22:35:37Z
2026-09-06T22:33:26Z,2026-09-07T00:33:26+0200,93a2d44c-eeb1-4c93-8f4c-fe9405447247,2026-09-01T07:30:00Z,2026-09-01T09:30:00+0200,0.0,MW,ES,ES,actual_offshore_wind_generation,Wind Offshore,2026-09-06T22:35:37Z
2026-09-06T22:33:26Z,2026-09-07T00:33:26+0200,93a2d44c-eeb1-4c93-8f4c-fe9405447247,2026-09-01T07:45:00Z,2026-09-01T09:45:00+0200,0.0,MW,ES,ES,actual_offshore_wind_generation,Wind Offshore,2026-09-06T22:35:37Z
2026-09-06T22:33:26Z,2026-09-07T00:33:26+0200,93a2d44c-eeb1-4c93-8f4c-fe9405447247,2026-09-01T08:00:00Z,2026-09-01T10:00:00+0200,0.0,MW,ES,ES,actual_offshore_wind_generation,Wind Offshore,2026-09-06T22:35:37Z
2026-09-06T22:33:26Z,2026-09-07T00:33:26+0200,93a2d44c-eeb1-4c93-8f4c-fe9405447247,2026-09-01T08:15:00Z,2026-09-01T10:15:00+0200,0.0,MW,ES,ES,actual_offshore_wind_generation,Wind Offshore,2026-09-06T22:35:37Z
2026-09-06T22:33:26Z,2026-09-07T00:33:26+0200,93a2d44c-eeb1-4c93-8f4c-fe9405447247,2026-09-01T08:30:00Z,2026-09-01T10:30:00+0200,0.0,MW,ES,ES,actual_offshore_wind_generation,Wind Offshore,2026-09-06T22:35:37Z
2026-09-06T22:33:26Z,2026-09-07T00:33:26+0200,93a2d44c-eeb1-4c93-8f4c-fe9405447247,2026-09-01T08:45:00Z,2026-09-01T10:45:00+0200,0.0,MW,ES,ES,actual_offshore_wind_generation,Wind Offshore,2026-09-06T22:35:37Z
2026-09-06T22:33:26Z,2026-09-07T00:33:26+0200,93a2d44c-eeb1-4c93-8f4c-fe9405447247,2026-09-01T09:00:00Z,2026-09-01T11:00:00+0200,0.0,MW,ES,ES,actual_offshore_wind_generation,Wind Offshore,2026-09-06T22:35:37Z
2026-09-06T22:33:26Z,2026-09-07T00:33:26+0200,93a2d44c-eeb1-4c93-8f4c-fe9405447247,2026-09-01T09:15:00Z,2026-09-01T11:15:00+0200,0.0,MW,ES,ES,actual_offshore_wind_generation,Wind Offshore,2026-09-06T22:35:37Z
2026-09-06T22:33:26Z,2026-09-07T00:33:26+0200,93a2d44c-eeb1-4c93-8f4c-fe9405447247,2026-09-01T09:30:00Z,2026-09-01T11:30:00+0200,0.0,MW,ES,ES,actual_offshore_wind_generation,Wind Offshore,2026-09-06T22:35:37Z
2026-09-06T22:33:26Z,2026-09-07T00:33:26+0200,93a2d44c-eeb1-4c93-8f4c-fe9405447247,2026-09-01T09:45:00Z,2026-09-01T11:45:00+0200,0.0,MW,ES,ES,actual_offshore_wind_generation,Wind Offshore,2026-09-06T22:35:37Z
2026-09-06T22:33:26Z,2026-09-07T00:33:26+0200,93a2d44c-eeb1-4c93-8f4c-fe9405447247,2026-09-01T10:00:00Z,2026-09-01T12:00:00+0200,0.0,MW,ES,ES,actual_offshore_wind_generation,Wind Offshore,2026-09-06T22:35:37Z
2026-09-06T22:33:26Z,2026-09-07T00:33:26+0200,93a2d44c-eeb1-4c93-8f4c-fe9405447247,2026-09-01T10:15:00Z,2026-09-01T12:15:00+0200,0.0,MW,ES,ES,actual_offshore_wind_generation,Wind Offshore,2026-09-06T22:35:37Z
2026-09-06T22:33:26Z,2026-09-07T00:33:26+0200,93a2d44c-eeb1-4c93-8f4c-fe9405447247,2026-09-01T10:30:00Z,2026-09-01T12:30:00+0200,0.0,MW,ES,ES,actual_offshore_wind_generation,Wind Offshore,2026-09-06T22:35:37Z
2026-09-06T22:33:26Z,2026-09-07T00:33:26+0200,93a2d44c-eeb1-4c93-8f4c-fe9405447247,2026-09-01T10:45:00Z,2026-09-01T12:45:00+0200,0.0,MW,ES,ES,actual_offshore_wind_generation,Wind Offshore,2026-09-06T22:35:37Z
2026-09-06T22:33:26Z,2026-09-07T00:33:26+0200,93a2d44c-eeb1-4c93-8f4c-fe9405447247,2026-09-01T11:00:00Z,2026-09-01T13:00:00+0200,0.0,MW,ES,ES,actual_offshore_wind_generation,Wind Offshore,2026-09-06T22:35:37Z
2026-09-06T22:33:26Z,2026-09-07T00:33:26+0200,93a2d44c-eeb1-4c93-8f4c-fe9405447247,2026-09-01T11:15:00Z,2026-09-01T13:15:00+0200,0.0,MW,ES,ES,actual_offshore_wind_generation,Wind Offshore,2026-09-06T22:35:37Z
2026-09-06T22:33:26Z,2026-09-07T00:33:26+0200,93a2d44c-eeb1-4c93-8f4c-fe9405447247,2026-09-01T11:30:00Z,2026-09-01T13:30:00+0200,0.0,MW,ES,ES,actual_offshore_wind_generation,Wind Offshore,2026-09-06T22:35:37Z
2026-09-06T22:33:26Z,2026-09-07T00:33:26+0200,93a2d44c-eeb1-4c93-8f4c-fe9405447247,2026-09-01T11:45:00Z,2026-09-01T13:45:00+0200,0.0,MW,ES,ES,actual_offshore_wind_generation,Wind Offshore,2026-09-06T22:35:37Z
2026-09-06T22:33:26Z,2026-09-07T00:33:26+0200,93a2d44c-eeb1-4c93-8f4c-fe9405447247,2026-09-01T12:00:00Z,2026-09-01T14:00:00+0200,0.0,MW,ES,ES,actual_offshore_wind_generation,Wind Offshore,2026-09-06T22:35:37Z
2026-09-06T22:33:26Z,2026-09-07T00:33:26+0200,93a2d44c-eeb1-4c93-8f4c-fe9405447247,2026-09-01T12:15:00Z,2026-09-01T14:15:00+0200,0.0,MW,ES,ES,actual_offshore_wind_generation,Wind Offshore,2026-09-06T22:35:37Z
2026-09-06T22:33:26Z,2026-09-07T00:33:26+0200,93a2d44c-eeb1-4c93-8f4c-fe9405447247,2026-09-01T12:30:00Z,2026-09-01T14:30:00+0200,0.0,MW,ES,ES,actual_offshore_wind_generation,Wind Offshore,2026-09-06T22:35:37Z
2026-09-06T22:33:26Z,2026-09-07T00:33:26+0200,93a2d44c-eeb1-4c93-8f4c-fe9405447247,2026-09-01T12:45:00Z,2026-09-01T14:45:00+0200,0.0,MW,ES,ES,actual_offshore_wind_generation,Wind Offshore,2026-09-06T22:35:37Z
2026-09-06T22:33:26Z,2026-09-07T00:33:26+0200,93a2d44c-eeb1-4c93-8f4c-fe9405447247,2026-09-01T13:00:00Z,2026-09-01T15:00:00+0200,0.0,MW,ES,ES,actual_offshore_wind_generation,Wind Offshore,2026-09-06T22:35:37Z
2026-09-06T22:33:26Z,2026-09-07T00:33:26+0200,93a2d44c-eeb1-4c93-8f4c-fe9405447247,2026-09-01T13:15:00Z,2026-09-01T15:15:00+0200,0.0,MW,ES,ES,actual_offshore_wind_generation,Wind Offshore,2026-09-06T22:35:37Z
2026-09-06T22:33:26Z,2026-09-07T00:33:26+0200,93a2d44c-eeb1-4c93-8f4c-fe9405447247,2026-09-01T13:30:00Z,2026-09-01T15:30:00+0200,0.0,MW,ES,ES,actual_offshore_wind_generation,Wind Offshore,2026-09-06T22:35:37Z
2026-09-06T22:33:26Z,2026-09-07T00:33:26+0200,93a2d44c-eeb1-4c93-8f4c-fe9405447247,2026-09-01T13:45:00Z,2026-09-01T15:45:00+0200,0.0,MW,ES,ES,actual_offshore_wind_generation,Wind Offshore,2026-09-06T22:35:37Z
2026-09-06T22:33:26Z,2026-09-07T00:33:26+0200,93a2d44c-eeb1-4c93-8f4c-fe9405447247,2026-09-01T14:00:00Z,2026-09-01T16:00:00+0200,0.0,MW,ES,ES,actual_offshore_wind_generation,Wind Offshore,2026-09-06T22:35:37Z
2026-09-06T22:33:26Z,2026-09-07T00:33:26+0200,93a2d44c-eeb1-4c93-8f4c-fe9405447247,2026-09-01T14:15:00Z,2026-09-01T16:15:00+0200,0.0,MW,ES,ES,actual_offshore_wind_generation,Wind Offshore,2026-09-06T22:35:37Z
2026-09-06T22:33:26Z,2026-09-07T00:33:26+0200,93a2d44c-eeb1-4c93-8f4c-fe9405447247,2026-09-01T14:30:00Z,2026-09-01T16:30:00+0200,0.0,MW,ES,ES,actual_offshore_wind_generation,Wind Offshore,2026-09-06T22:35:37Z
2026-09-06T22:33:26Z,2026-09-07T00:33:26+0200,93a2d44c-eeb1-4c93-8f4c-fe9405447247,2026-09-01T14:45:00Z,2026-09-01T16:45:00+0200,0.0,MW,ES,ES,actual_offshore_wind_generation,Wind Offshore,2026-09-06T22:35:37Z
2026-09-06T22:33:26Z,2026-09-07T00:33:26+0200,93a2d44c-eeb1-4c93-8f4c-fe9405447247,2026-09-01T15:00:00Z,2026-09-01T17:00:00+0200,0.0,MW,ES,ES,actual_offshore_wind_generation,Wind Offshore,2026-09-06T22:35:37Z
2026-09-06T22:33:26Z,2026-09-07T00:33:26+0200,93a2d44c-eeb1-4c93-8f4c-fe9405447247,2026-09-01T15:15:00Z,2026-09-01T17:15:00+0200,0.0,MW,ES,ES,actual_offshore_wind_generation,Wind Offshore,2026-09-06T22:35:37Z
2026-09-06T22:33:26Z,2026-09-07T00:33:26+0200,93a2d44c-eeb1-4c93-8f4c-fe9405447247,2026-09-01T15:30:00Z,2026-09-01T17:30:00+0200,0.0,MW,ES,ES,actual_offshore_wind_generation,Wind Offshore,2026-09-06T22:35:37Z
2026-09-06T22:33:26Z,2026-09-07T00:33:26+0200,93a2d44c-eeb1-4c93-8f4c-fe9405447247,2026-09-01T15:45:00Z,2026-09-01T17:45:00+0200,0.0,MW,ES,ES,actual_offshore_wind_generation,Wind Offshore,2026-09-06T22:35:37Z
2026-09-06T22:33:26Z,2026-09-07T00:33:26+0200,93a2d44c-eeb1-4c93-8f4c-fe9405447247,2026-09-01T16:00:00Z,2026-09-01T18:00:00+0200,0.0,MW,ES,ES,actual_offshore_wind_generation,Wind Offshore,2026-09-06T22:35:37Z
2026-09-06T22:33:26Z,2026-09-07T00:33:26+0200,93a2d44c-eeb1-4c93-8f4c-fe9405447247,2026-09-01T16:15:00Z,2026-09-01T18:15:00+0200,0.0,MW,ES,ES,actual_offshore_wind_generation,Wind Offshore,2026-09-06T22:35:37Z
2026-09-06T22:33:26Z,2026-09-07T00:33:26+0200,93a2d44c-eeb1-4c93-8f4c-fe9405447247,2026-09-01T16:30:00Z,2026-09-01T18:30:00+0200,0.0,MW,ES,ES,actual_offshore_wind_generation,Wind Offshore,2026-09-06T22:35:37Z
2026-09-06T22:33:26Z,2026-09-07T00:33:26+0200,93a2d44c-eeb1-4c93-8f4c-fe9405447247,2026-09-01T16:45:00Z,2026-09-01T18:45:00+0200,0.0,MW,ES,ES,actual_offshore_wind_generation,Wind Offshore,2026-09-06T22:35:37Z
2026-09-06T22:33:26Z,2026-09-07T00:33:26+0200,93a2d44c-eeb1-4c93-8f4c-fe9405447247,2026-09-01T17:00:00Z,2026-09-01T19:00:00+0200,0.0,MW,ES,ES,actual_offshore_wind_generation,Wind Offshore,2026-09-06T22:35:37Z
2026-09-06T22:33:26Z,2026-09-07T00:33:26+0200,93a2d44c-eeb1-4c93-8f4c-fe9405447247,2026-09-01T17:15:00Z,2026-09-01T19:15:00+0200,0.0,MW,ES,ES,actual_offshore_wind_generation,Wind Offshore,2026-09-06T22:35:37Z
2026-09-06T22:33:26Z,2026-09-07T00:33:26+0200,93a2d44c-eeb1-4c93-8f4c-fe9405447247,2026-09-01T17:30:00Z,2026-09-01T19:30:00+0200,0.0,MW,ES,ES,actual_offshore_wind_generation,Wind Offshore,2026-09-06T22:35:37Z
2026-09-06T22:33:26Z,2026-09-07T00:33:26+0200,93a2d44c-eeb1-4c93-8f4c-fe9405447247,2026-09-01T17:45:00Z,2026-09-01T19:45:00+0200,0.0,MW,ES,ES,actual_offshore_wind_generation,Wind Offshore,2026-09-06T22:35:37Z
2026-09-06T22:33:26Z,2026-09-07T00:33:26+0200,93a2d44c-eeb1-4c93-8f4c-fe9405447247,2026-09-01T18:00:00Z,2026-09-01T20:00:00+0200,0.0,MW,ES,ES,actual_offshore_wind_generation,Wind Offshore,2026-09-06T22:35:37Z
2026-09-06T22:33:26Z,2026-09-07T00:33:26+0200,93a2d44c-eeb1-4c93-8f4c-fe9405447247,2026-09-01T18:15:00Z,2026-09-01T20:15:00+0200,0.0,MW,ES,ES,actual_offshore_wind_generation,Wind Offshore,2026-09-06T22:35:37Z
2026-09-06T22:33:26Z,2026-09-07T00:33:26+0200,93a2d44c-eeb1-4c93-8f4c-fe9405447247,2026-09-01T18:30:00Z,2026-09-01T20:30:00+0200,0.0,MW,ES,ES,actual_offshore_wind_generation,Wind Offshore,2026-09-06T22:35:37Z
2026-09-06T22:33:26Z,2026-09-07T00:33:26+0200,93a2d44c-eeb1-4c93-8f4c-fe9405447247,2026-09-01T18:45:00Z,2026-09-01T20:45:00+0200,0.0,MW,ES,ES,actual_offshore_wind_generation,Wind Offshore,2026-09-06T22:35:37Z
2026-09-06T22:33:26Z,2026-09-07T00:33:26+0200,93a2d44c-eeb1-4c93-8f4c-fe9405447247,2026-09-01T19:00:00Z,2026-09-01T21:00:00+0200,0.0,MW,ES,ES,actual_offshore_wind_generation,Wind Offshore,2026-09-06T22:35:37Z
2026-09-06T22:33:26Z,2026-09-07T00:33:26+0200,93a2d44c-eeb1-4c93-8f4c-fe9405447247,2026-09-01T19:15:00Z,2026-09-01T21:15:00+0200,0.0,MW,ES,ES,actual_offshore_wind_generation,Wind Offshore,2026-09-06T22:35:37Z
2026-09-06T22:33:26Z,2026-09-07T00:33:26+0200,93a2d44c-eeb1-4c93-8f4c-fe9405447247,2026-09-01T19:30:00Z,2026-09-01T21:30:00+0200,0.0,MW,ES,ES,actual_offshore_wind_generation,Wind Offshore,2026-09-06T22:35:37Z
2026-09-06T22:33:26Z,2026-09-07T00:33:26+0200,93a2d44c-eeb1-4c93-8f4c-fe9405447247,2026-09-01T19:45:00Z,2026-09-01T21:45:00+0200,0.0,MW,ES,ES,actual_offshore_wind_generation,Wind Offshore,2026-09-06T22:35:37Z
2026-09-06T22:33:26Z,2026-09-07T00:33:26+0200,93a2d44c-eeb1-4c93-8f4c-fe9405447247,2026-09-01T20:00:00Z,2026-09-01T22:00:00+0200,0.0,MW,ES,ES,actual_offshore_wind_generation,Wind Offshore,2026-09-06T22:35:37Z
2026-09-06T22:33:26Z,2026-09-07T00:33:26+0200,93a2d44c-eeb1-4c93-8f4c-fe9405447247,2026-09-01T20:15:00Z,2026-09-01T22:15:00+0200,0.0,MW,ES,ES,actual_offshore_wind_generation,Wind Offshore,2026-09-06T22:35:37Z
2026-09-06T22:33:26Z,2026-09-07T00:33:26+0200,93a2d44c-eeb1-4c93-8f4c-fe9405447247,2026-09-01T20:30:00Z,2026-09-01T22:30:00+0200,0.0,MW,ES,ES,actual_offshore_wind_generation,Wind Offshore,2026-09-06T22:35:37Z
2026-09-06T22:33:26Z,2026-09-07T00:33:26+0200,93a2d44c-eeb1-4c93-8f4c-fe9405447247,2026-09-01T20:45:00Z,2026-09-01T22:45:00+0200,0.0,MW,ES,ES,actual_offshore_wind_generation,Wind Offshore,2026-09-06T22:35:37Z
2026-09-06T22:33:26Z,2026-09-07T00:33:26+0200,93a2d44c-eeb1-4c93-8f4c-fe9405447247,2026-09-01T21:00:00Z,2026-09-01T23:00:00+0200,0.0,MW,ES,ES,actual_offshore_wind_generation,Wind Offshore,2026-09-06T22:35:37Z
2026-09-06T22:33:26Z,2026-09-07T00:33:26+0200,93a2d44c-eeb1-4c93-8f4c-fe9405447247,2026-09-01T21:15:00Z,2026-09-01T23:15:00+0200,0.0,MW,ES,ES,actual_offshore_wind_generation,Wind Offshore,2026-09-06T22:35:37Z
2026-09-06T22:33:26Z,2026-09-07T00:33:26+0200,93a2d44c-eeb1-4c93-8f4c-fe9405447247,2026-09-01T21:30:00Z,2026-09-01T23:30:00+0200,0.0,MW,ES,ES,actual_offshore_wind_generation,Wind Offshore,2026-09-06T22:35:37Z
2026-09-06T22:33:26Z,2026-09-07T00:33:26+0200,93a2d44c-eeb1-4c93-8f4c-fe9405447247,2026-09-01T21:45:00Z,2026-09-01T23:45:00+0200,0.0,MW,ES,ES,actual_offshore_wind_generation,Wind Offshore,2026-09-06T22:35:37Z
2026-09-06T22:33:26Z,2026-09-07T00:33:26+0200,93a2d44c-eeb1-4c93-8f4c-fe9405447247,2026-09-01T22:00:00Z,2026-09-02T00:00:00+0200,0.0,MW,ES,ES,actual_offshore_wind_generation,Wind Offshore,2026-09-06T22:35:37Z
2026-09-06T22:33:26Z,2026-09-07T00:33:26+0200,93a2d44c-eeb1-4c93-8f4c-fe9405447247,2026-09-01T22:15:00Z,2026-09-02T00:15:00+0200,0.0,MW,ES,ES,actual_offshore_wind_generation,Wind Offshore,2026-09-06T22:35:37Z
2026-09-06T22:33:26Z,2026-09-07T00:33:26+0200,93a2d44c-eeb1-4c93-8f4c-fe9405447247,2026-09-01T22:30:00Z,2026-09-02T00:30:00+0200,0.0,MW,ES,ES,actual_offshore_wind_generation,Wind Offshore,2026-09-06T22:35:37Z
2026-09-06T22:33:26Z,2026-09-07T00:33:26+0200,93a2d44c-eeb1-4c93-8f4c-fe9405447247,2026-09-01T22:45:00Z,2026-09-02T00:45:00+0200,0.0,MW,ES,ES,actual_offshore_wind_generation,Wind Offshore,2026-09-06T22:35:37Z
2026-09-06T22:33:26Z,2026-09-07T00:33:26+0200,93a2d44c-eeb1-4c93-8f4c-fe9405447247,2026-09-01T23:00:00Z,2026-09-02T01:00:00+0200,0.0,MW,ES,ES,actual_offshore_wind_generation,Wind Offshore,2026-09-06T22:35:37Z
2026-09-06T22:33:26Z,2026-09-07T00:33:26+0200,93a2d44c-eeb1-4c93-8f4c-fe9405447247,2026-09-01T23:15:00Z,2026-09-02T01:15:00+0200,0.0,MW,ES,ES,actual_offshore_wind_generation,Wind Offshore,2026-09-06T22:35:37Z
2026-09-06T22:33:26Z,2026-09-07T00:33:26+0200,93a2d44c-eeb1-4c93-8f4c-fe9405447247,2026-09-01T23:30:00Z,2026-09-02T01:30:00+0200,0.0,MW,ES,ES,actual_offshore_wind_generation,Wind Offshore,2026-09-06T22:35:37Z
2026-09-06T22:33:26Z,2026-09-07T00:33:26+0200,93a2d44c-eeb1-4c93-8f4c-fe9405447247,2026-09-01T23:45:00Z,2026-09-02T01:45:00+0200,0.0,MW,ES,ES,actual_offshore_wind_generation,Wind Offshore,2026-09-06T22:35:37Z
2026-09-06T22:33:26Z,2026-09-07T00:33:26+0200,93a2d44c-eeb1-4c93-8f4c-fe9405447247,2026-09-02T00:00:00Z,2026-09-02T02:00:00+0200,0.0,MW,ES,ES,actual_offshore_wind_generation,Wind Offshore,2026-09-06T22:35:37Z
2026-09-06T22:33:26Z,2026-09-07T00:33:26+0200,93a2d44c-eeb1-4c93-8f4c-fe9405447247,2026-09-02T00:15:00Z,2026-09-02T02:15:00+0200,0.0,MW,ES,ES,actual_offshore_wind_generation,Wind Offshore,2026-09-06T22:35:37Z
2026-09-06T22:33:26Z,2026-09-07T00:33:26+0200,93a2d44c-eeb1-4c93-8f4c-fe9405447247,2026-09-02T00:30:00Z,2026-09-02T02:30:00+0200,0.0,MW,ES,ES,actual_offshore_wind_generation,Wind Offshore,2026-09-06T22:35:37Z
2026-09-06T22:33:26Z,2026-09-07T00:33:26+0200,93a2d44c-eeb1-4c93-8f4c-fe9405447247,2026-09-02T00:45:00Z,2026-09-02T02:45:00+0200,0.0,MW,ES,ES,actual_offshore_wind_generation,Wind Offshore,2026-09-06T22:35:37Z
2026-09-06T22:33:26Z,2026-09-07T00:33:26+0200,93a2d44c-eeb1-4c93-8f4c-fe9405447247,2026-09-02T01:00:00Z,2026-09-02T03:00:00+0200,0.0,MW,ES,ES,actual_offshore_wind_generation,Wind Offshore,2026-09-06T22:35:37Z
2026-09-06T22:33:26Z,2026-09-07T00:33:26+0200,93a2d44c-eeb1-4c93-8f4c-fe9405447247,2026-09-02T01:15:00Z,2026-09-02T03:15:00+0200,0.0,MW,ES,ES,actual_offshore_wind_generation,Wind Offshore,2026-09-06T22:35:37Z
2026-09-06T22:33:26Z,2026-09-07T00:33:26+0200,93a2d44c-eeb1-4c93-8f4c-fe9405447247,2026-09-02T01:30:00Z,2026-09-02T03:30:00+0200,0.0,MW,ES,ES,actual_offshore_wind_generation,Wind Offshore,2026-09-06T22:35:37Z
2026-09-06T22:33:26Z,2026-09-07T00:33:26+0200,93a2d44c-eeb1-4c93-8f4c-fe9405447247,2026-09-02T01:45:00Z,2026-09-02T03:45:00+0200,0.0,MW,ES,ES,actual_offshore_wind_generation,Wind Offshore,2026-09-06T22:35:37Z
2026-09-06T22:33:26Z,2026-09-07T00:33:26+0200,93a2d44c-eeb1-4c93-8f4c-fe9405447247,2026-09-02T02:00:00Z,2026-09-02T04:00:00+0200,0.0,MW,ES,ES,actual_offshore_wind_generation,Wind Offshore,2026-09-06T22:35:37Z
2026-09-06T22:33:26Z,2026-09-07T00:33:26+0200,93a2d44c-eeb1-4c93-8f4c-fe9405447247,2026-09-02T02:15:00Z,2026-09-02T04:15:00+0200,0.0,MW,ES,ES,actual_offshore_wind_generation,Wind Offshore,2026-09-06T22:35:37Z
2026-09-06T22:33:26Z,2026-09-07T00:33:26+0200,93a2d44c-eeb1-4c93-8f4c-fe9405447247,2026-09-02T02:30:00Z,2026-09-02T04:30:00+0200,0.0,MW,ES,ES,actual_offshore_wind_generation,Wind Offshore,2026-09-06T22:35:37Z
2026-09-06T22:33:26Z,2026-09-07T00:33:26+0200,93a2d44c-eeb1-4c93-8f4c-fe9405447247,2026-09-02T02:45:00Z,2026-09-02T04:45:00+0200,0.0,MW,ES,ES,actual_offshore_wind_generation,Wind Offshore,2026-09-06T22:35:37Z
2026-09-06T22:33:26Z,2026-09-07T00:33:26+0200,93a2d44c-eeb1-4c93-8f4c-fe9405447247,2026-09-02T03:00:00Z,2026-09-02T05:00:00+0200,0.0,MW,ES,ES,actual_offshore_wind_generation,Wind Offshore,2026-09-06T22:35:37Z
2026-09-06T22:33:26Z,2026-09-07T00:33:26+0200,93a2d44c-eeb1-4c93-8f4c-fe9405447247,2026-09-02T03:15:00Z,2026-09-02T05:15:00+0200,0.0,MW,ES,ES,actual_offshore_wind_generation,Wind Offshore,2026-09-06T22:35:37Z
2026-09-06T22:33:26Z,2026-09-07T00:33:26+0200,93a2d44c-eeb1-4c93-8f4c-fe9405447247,2026-09-02T03:30:00Z,2026-09-02T05:30:00+0200,0.0,MW,ES,ES,actual_offshore_wind_generation,Wind Offshore,2026-09-06T22:35:37Z
2026-09-06T22:33:26Z,2026-09-07T00:33:26+0200,93a2d44c-eeb1-4c93-8f4c-fe9405447247,2026-09-02T03:45:00Z,2026-09-02T05:45:00+0200,0.0,MW,ES,ES,actual_offshore_wind_generation,Wind Offshore,2026-09-06T22:35:37Z
2026-09-06T22:33:26Z,2026-09-07T00:33:26+0200,93a2d44c-eeb1-4c93-8f4c-fe9405447247,2026-09-02T04:00:00Z,2026-09-02T06:00:00+0200,0.0,MW,ES,ES,actual_offshore_wind_generation,Wind Offshore,2026-09-06T22:35:37Z
2026-09-06T22:33:26Z,2026-09-07T00:33:26+0200,93a2d44c-eeb1-4c93-8f4c-fe9405447247,2026-09-02T04:15:00Z,2026-09-02T06:15:00+0200,0.0,MW,ES,ES,actual_offshore_wind_generation,Wind Offshore,2026-09-06T22:35:37Z
2026-09-06T22:33:26Z,2026-09-07T00:33:26+0200,93a2d44c-eeb1-4c93-8f4c-fe9405447247,2026-09-02T04:30:00Z,2026-09-02T06:30:00+0200,0.0,MW,ES,ES,actual_offshore_wind_generation,Wind Offshore,2026-09-06T22:35:37Z
2026-09-06T22:33:26Z,2026-09-07T00:33:26+0200,93a2d44c-eeb1-4c93-8f4c-fe9405447247,2026-09-02T04:45:00Z,2026-09-02T06:45:00+0200,0.0,MW,ES,ES,actual_offshore_wind_generation,Wind Offshore,2026-09-06T22:35:37Z
2026-09-06T22:33:26Z,2026-09-07T00:33:26+0200,93a2d44c-eeb1-4c93-8f4c-fe9405447247,2026-09-02T05:00:00Z,2026-09-02T07:00:00+0200,0.0,MW,ES,ES,actual_offshore_wind_generation,Wind Offshore,2026-09-06T22:35:37Z
2026-09-06T22:33:26Z,2026-09-07T00:33:26+0200,93a2d44c-eeb1-4c93-8f4c-fe9405447247,2026-09-02T05:15:00Z,2026-09-02T07:15:00+0200,0.0,MW,ES,ES,actual_offshore_wind_generation,Wind Offshore,2026-09-06T22:35:37Z
2026-09-06T22:33:26Z,2026-09-07T00:33:26+0200,93a2d44c-eeb1-4c93-8f4c-fe9405447247,2026-09-02T05:30:00Z,2026-09-02T07:30:00+0200,0.0,MW,ES,ES,actual_offshore_wind_generation,Wind Offshore,2026-09-06T22:35:37Z
2026-09-06T22:33:26Z,2026-09-07T00:33:26+0200,93a2d44c-eeb1-4c93-8f4c-fe9405447247,2026-09-02T05:45:00Z,2026-09-02T07:45:00+0200,0.0,MW,ES,ES,actual_offshore_wind_generation,Wind Offshore,2026-09-06T22:35:37Z
2026-09-06T22:33:26Z,2026-09-07T00:33:26+0200,93a2d44c-eeb1-4c93-8f4c-fe9405447247,2026-09-02T06:00:00Z,2026-09-02T08:00:00+0200,0.0,MW,ES,ES,actual_offshore_wind_generation,Wind Offshore,2026-09-06T22:35:37Z
2026-09-06T22:33:26Z,2026-09-07T00:33:26+0200,93a2d44c-eeb1-4c93-8f4c-fe9405447247,2026-09-02T06:15:00Z,2026-09-02T08:15:00+0200,0.0,MW,ES,ES,actual_offshore_wind_generation,Wind Offshore,2026-09-06T22:35:37Z
2026-09-06T22:33:26Z,2026-09-07T00:33:26+0200,93a2d44c-eeb1-4c93-8f4c-fe9405447247,2026-09-02T06:30:00Z,2026-09-02T08:30:00+0200,0.0,MW,ES,ES,actual_offshore_wind_generation,Wind Offshore,2026-09-06T22:35:37Z
2026-09-06T22:33:26Z,2026-09-07T00:33:26+0200,93a2d44c-eeb1-4c93-8f4c-fe9405447247,2026-09-02T06:45:00Z,2026-09-02T08:45:00+0200,0.0,MW,ES,ES,actual_offshore_wind_generation,Wind Offshore,2026-09-06T22:35:37Z
2026-09-06T22:33:26Z,2026-09-07T00:33:26+0200,93a2d44c-eeb1-4c93-8f4c-fe9405447247,2026-09-02T07:00:00Z,2026-09-02T09:00:00+0200,0.0,MW,ES,ES,actual_offshore_wind_generation,Wind Offshore,2026-09-06T22:35:37Z
2026-09-06T22:33:26Z,2026-09-07T00:33:26+0200,93a2d44c-eeb1-4c93-8f4c-fe9405447247,2026-09-02T07:15:00Z,2026-09-02T09:15:00+0200,0.0,MW,ES,ES,actual_offshore_wind_generation,Wind Offshore,2026-09-06T22:35:37Z
2026-09-06T22:33:26Z,2026-09-07T00:33:26+0200,93a2d44c-eeb1-4c93-8f4c-fe9405447247,2026-09-02T07:30:00Z,2026-09-02T09:30:00+0200,0.0,MW,ES,ES,actual_offshore_wind_generation,Wind Offshore,2026-09-06T22:35:37Z
2026-09-06T22:33:26Z,2026-09-07T00:33:26+0200,93a2d44c-eeb1-4c93-8f4c-fe9405447247,2026-09-02T07:45:00Z,2026-09-02T09:45:00+0200,0.0,MW,ES,ES,actual_offshore_wind_generation,Wind Offshore,2026-09-06T22:35:37Z
2026-09-06T22:33:26Z,2026-09-07T00:33:26+0200,93a2d44c-eeb1-4c93-8f4c-fe9405447247,2026-09-02T08:00:00Z,2026-09-02T10:00:00+0200,0.0,MW,ES,ES,actual_offshore_wind_generation,Wind Offshore,2026-09-06T22:35:37Z
2026-09-06T22:33:26Z,2026-09-07T00:33:26+0200,93a2d44c-eeb1-4c93-8f4c-fe9405447247,2026-09-02T08:15:00Z,2026-09-02T10:15:00+0200,0.0,MW,ES,ES,actual_offshore_wind_generation,Wind Offshore,2026-09-06T22:35:37Z
2026-09-06T22:33:26Z,2026-09-07T00:33:26+0200,93a2d44c-eeb1-4c93-8f4c-fe9405447247,2026-09-02T08:30:00Z,2026-09-02T10:30:00+0200,0.0,MW,ES,ES,actual_offshore_wind_generation,Wind Offshore,2026-09-06T22:35:37Z
2026-09-06T22:33:26Z,2026-09-07T00:33:26+0200,93a2d44c-eeb1-4c93-8f4c-fe9405447247,2026-09-02T08:45:00Z,2026-09-02T10:45:00+0200,0.0,MW,ES,ES,actual_offshore_wind_generation,Wind Offshore,2026-09-06T22:35:37Z
2026-09-06T22:33:26Z,2026-09-07T00:33:26+0200,93a2d44c-eeb1-4c93-8f4c-fe9405447247,2026-09-02T09:00:00Z,2026-09-02T11:00:00+0200,0.0,MW,ES,ES,actual_offshore_wind_generation,Wind Offshore,2026-09-06T22:35:37Z
2026-09-06T22:33:26Z,2026-09-07T00:33:26+0200,93a2d44c-eeb1-4c93-8f4c-fe9405447247,2026-09-02T09:15:00Z,2026-09-02T11:15:00+0200,0.0,MW,ES,ES,actual_offshore_wind_generation,Wind Offshore,2026-09-06T22:35:37Z
2026-09-06T22:33:26Z,2026-09-07T00:33:26+0200,93a2d44c-eeb1-4c93-8f4c-fe9405447247,2026-09-02T09:30:00Z,2026-09-02T11:30:00+0200,0.0,MW,ES,ES,actual_offshore_wind_generation,Wind Offshore,2026-09-06T22:35:37Z
2026-09-06T22:33:26Z,2026-09-07T00:33:26+0200,93a2d44c-eeb1-4c93-8f4c-fe9405447247,2026-09-02T09:45:00Z,2026-09-02T11:45:00+0200,0.0,MW,ES,ES,actual_offshore_wind_generation,Wind Offshore,2026-09-06T22:35:37Z
2026-09-06T22:33:26Z,2026-09-07T00:33:26+0200,93a2d44c-eeb1-4c93-8f4c-fe9405447247,2026-09-02T10:00:00Z,2026-09-02T12:00:00+0200,0.0,MW,ES,ES,actual_offshore_wind_generation,Wind Offshore,2026-09-06T22:35:37Z
2026-09-06T22:33:26Z,2026-09-07T00:33:26+0200,93a2d44c-eeb1-4c93-8f4c-fe9405447247,2026-09-02T10:15:00Z,2026-09-02T12:15:00+0200,0.0,MW,ES,ES,actual_offshore_wind_generation,Wind Offshore,2026-09-06T22:35:37Z
2026-09-06T22:33:26Z,2026-09-07T00:33:26+0200,93a2d44c-eeb1-4c93-8f4c-fe9405447247,2026-09-02T10:30:00Z,2026-09-02T12:30:00+0200,0.0,MW,ES,ES,actual_offshore_wind_generation,Wind Offshore,2026-09-06T22:35:37Z
2026-09-06T22:33:26Z,2026-09-07T00:33:26+0200,93a2d44c-eeb1-4c93-8f4c-fe9405447247,2026-09-02T10:45:00Z,2026-09-02T12:45:00+0200,0.0,MW,ES,ES,actual_offshore_wind_generation,Wind Offshore,2026-09-06T22:35:37Z
2026-09-06T22:33:26Z,2026-09-07T00:33:26+0200,93a2d44c-eeb1-4c93-8f4c-fe9405447247,2026-09-02T11:00:00Z,2026-09-02T13:00:00+0200,0.0,MW,ES,ES,actual_offshore_wind_generation,Wind Offshore,2026-09-06T22:35:37Z
2026-09-06T22:33:26Z,2026-09-07T00:33:26+0200,93a2d44c-eeb1-4c93-8f4c-fe9405447247,2026-09-02T11:15:00Z,2026-09-02T13:15:00+0200,0.0,MW,ES,ES,actual_offshore_wind_generation,Wind Offshore,2026-09-06T22:35:37Z
2026-09-06T22:33:26Z,2026-09-07T00:33:26+0200,93a2d44c-eeb1-4c93-8f4c-fe9405447247,2026-09-02T11:30:00Z,2026-09-02T13:30:00+0200,0.0,MW,ES,ES,actual_offshore_wind_generation,Wind Offshore,2026-09-06T22:35:37Z
2026-09-06T22:33:26Z,2026-09-07T00:33:26+0200,93a2d44c-eeb1-4c93-8f4c-fe9405447247,2026-09-02T11:45:00Z,2026-09-02T13:45:00+0200,0.0,MW,ES,ES,actual_offshore_wind_generation,Wind Offshore,2026-09-06T22:35:37Z
2026-09-06T22:33:26Z,2026-09-07T00:33:26+0200,93a2d44c-eeb1-4c93-8f4c-fe9405447247,2026-09-02T12:00:00Z,2026-09-02T14:00:00+0200,0.0,MW,ES,ES,actual_offshore_wind_generation,Wind Offshore,2026-09-06T22:35:37Z
2026-09-06T22:33:26Z,2026-09-07T00:33:26+0200,93a2d44c-eeb1-4c93-8f4c-fe9405447247,2026-09-02T12:15:00Z,2026-09-02T14:15:00+0200,0.0,MW,ES,ES,actual_offshore_wind_generation,Wind Offshore,2026-09-06T22:35:37Z
2026-09-06T22:33:26Z,2026-09-07T00:33:26+0200,93a2d44c-eeb1-4c93-8f4c-fe9405447247,2026-09-02T12:30:00Z,2026-09-02T14:30:00+0200,0.0,MW,ES,ES,actual_offshore_wind_generation,Wind Offshore,2026-09-06T22:35:37Z
2026-09-06T22:33:26Z,2026-09-07T00:33:26+0200,93a2d44c-eeb1-4c93-8f4c-fe9405447247,2026-09-02T12:45:00Z,2026-09-02T14:45:00+0200,0.0,MW,ES,ES,actual_offshore_wind_generation,Wind Offshore,2026-09-06T22:35:37Z
2026-09-06T22:33:26Z,2026-09-07T00:33:26+0200,93a2d44c-eeb1-4c93-8f4c-fe9405447247,2026-09-02T13:00:00Z,2026-09-02T15:00:00+0200,0.0,MW,ES,ES,actual_offshore_wind_generation,Wind Offshore,2026-09-06T22:35:37Z
2026-09-06T22:33:26Z,2026-09-07T00:33:26+0200,93a2d44c-eeb1-4c93-8f4c-fe9405447247,2026-09-02T13:15:00Z,2026-09-02T15:15:00+0200,0.0,MW,ES,ES,actual_offshore_wind_generation,Wind Offshore,2026-09-06T22:35:37Z
2026-09-06T22:33:26Z,2026-09-07T00:33:26+0200,93a2d44c-eeb1-4c93-8f4c-fe9405447247,2026-09-02T13:30:00Z,2026-09-02T15:30:00+0200,0.0,MW,ES,ES,actual_offshore_wind_generation,Wind Offshore,2026-09-06T22:35:37Z
2026-09-06T22:33:26Z,2026-09-07T00:33:26+0200,93a2d44c-eeb1-4c93-8f4c-fe9405447247,2026-09-02T13:45:00Z,2026-09-02T15:45:00+0200,0.0,MW,ES,ES,actual_offshore_wind_generation,Wind Offshore,2026-09-06T22:35:37Z
2026-09-06T22:33:26Z,2026-09-07T00:33:26+0200,93a2d44c-eeb1-4c93-8f4c-fe9405447247,2026-09-02T14:00:00Z,2026-09-02T16:00:00+0200,0.0,MW,ES,ES,actual_offshore_wind_generation,Wind Offshore,2026-09-06T22:35:37Z
2026-09-06T22:33:26Z,2026-09-07T00:33:26+0200,93a2d44c-eeb1-4c93-8f4c-fe9405447247,2026-09-02T14:15:00Z,2026-09-02T16:15:00+0200,0.0,MW,ES,ES,actual_offshore_wind_generation,Wind Offshore,2026-09-06T22:35:37Z
2026-09-06T22:33:26Z,2026-09-07T00:33:26+0200,93a2d44c-eeb1-4c93-8f4c-fe9405447247,2026-09-02T14:30:00Z,2026-09-02T16:30:00+0200,0.0,MW,ES,ES,actual_offshore_wind_generation,Wind Offshore,2026-09-06T22:35:37Z
2026-09-06T22:33:26Z,2026-09-07T00:33:26+0200,93a2d44c-eeb1-4c93-8f4c-fe9405447247,2026-09-02T14:45:00Z,2026-09-02T16:45:00+0200,0.0,MW,ES,ES,actual_offshore_wind_generation,Wind Offshore,2026-09-06T22:35:37Z
2026-09-06T22:33:26Z,2026-09-07T00:33:26+0200,93a2d44c-eeb1-4c93-8f4c-fe9405447247,2026-09-02T15:00:00Z,2026-09-02T17:00:00+0200,0.0,MW,ES,ES,actual_offshore_wind_generation,Wind Offshore,2026-09-06T22:35:37Z
2026-09-06T22:33:26Z,2026-09-07T00:33:26+0200,93a2d44c-eeb1-4c93-8f4c-fe9405447247,2026-09-02T15:15:00Z,2026-09-02T17:15:00+0200,0.0,MW,ES,ES,actual_offshore_wind_generation,Wind Offshore,2026-09-06T22:35:37Z
2026-09-06T22:33:26Z,2026-09-07T00:33:26+0200,93a2d44c-eeb1-4c93-8f4c-fe9405447247,2026-09-02T15:30:00Z,2026-09-02T17:30:00+0200,0.0,MW,ES,ES,actual_offshore_wind_generation,Wind Offshore,2026-09-06T22:35:37Z
2026-09-06T22:33:26Z,2026-09-07T00:33:26+0200,93a2d44c-eeb1-4c93-8f4c-fe9405447247,2026-09-02T15:45:00Z,2026-09-02T17:45:00+0200,0.0,MW,ES,ES,actual_offshore_wind_generation,Wind Offshore,2026-09-06T22:35:37Z
2026-09-06T22:33:26Z,2026-09-07T00:33:26+0200,93a2d44c-eeb1-4c93-8f4c-fe9405447247,2026-09-02T16:00:00Z,2026-09-02T18:00:00+0200,0.0,MW,ES,ES,actual_offshore_wind_generation,Wind Offshore,2026-09-06T22:35:37Z
2026-09-06T22:33:26Z,2026-09-07T00:33:26+0200,93a2d44c-eeb1-4c93-8f4c-fe9405447247,2026-09-02T16:15:00Z,2026-09-02T18:15:00+0200,0.0,MW,ES,ES,actual_offshore_wind_generation,Wind Offshore,2026-09-06T22:35:37Z
2026-09-06T22:33:26Z,2026-09-07T00:33:26+0200,93a2d44c-eeb1-4c93-8f4c-fe9405447247,2026-09-02T16:30:00Z,2026-09-02T18:30:00+0200,0.0,MW,ES,ES,actual_offshore_wind_generation,Wind Offshore,2026-09-06T22:35:37Z
2026-09-06T22:33:26Z,2026-09-07T00:33:26+0200,93a2d44c-eeb1-4c93-8f4c-fe9405447247,2026-09-02T16:45:00Z,2026-09-02T18:45:00+0200,0.0,MW,ES,ES,actual_offshore_wind_generation,Wind Offshore,2026-09-06T22:35:37Z
2026-09-06T22:33:26Z,2026-09-07T00:33:26+0200,93a2d44c-eeb1-4c93-8f4c-fe9405447247,2026-09-02T17:00:00Z,2026-09-02T19:00:00+0200,0.0,MW,ES,ES,actual_offshore_wind_generation,Wind Offshore,2026-09-06T22:35:37Z
2026-09-06T22:33:26Z,2026-09-07T00:33:26+0200,93a2d44c-eeb1-4c93-8f4c-fe9405447247,2026-09-02T17:15:00Z,2026-09-02T19:15:00+0200,0.0,MW,ES,ES,actual_offshore_wind_generation,Wind Offshore,2026-09-06T22:35:37Z
2026-09-06T22:33:26Z,2026-09-07T00:33:26+0200,93a2d44c-eeb1-4c93-8f4c-fe9405447247,2026-09-02T17:30:00Z,2026-09-02T19:30:00+0200,0.0,MW,ES,ES,actual_offshore_wind_generation,Wind Offshore,2026-09-06T22:35:37Z
2026-09-06T22:33:26Z,2026-09-07T00:33:26+0200,93a2d44c-eeb1-4c93-8f4c-fe9405447247,2026-09-02T17:45:00Z,2026-09-02T19:45:00+0200,0.0,MW,ES,ES,actual_offshore_wind_generation,Wind Offshore,2026-09-06T22:35:37Z
2026-09-06T22:33:26Z,2026-09-07T00:33:26+0200,93a2d44c-eeb1-4c93-8f4c-fe9405447247,2026-09-02T18:00:00Z,2026-09-02T20:00:00+0200,0.0,MW,ES,ES,actual_offshore_wind_generation,Wind Offshore,2026-09-06T22:35:37Z
2026-09-06T22:33:26Z,2026-09-07T00:33:26+0200,93a2d44c-eeb1-4c93-8f4c-fe9405447247,2026-09-02T18:15:00Z,2026-09-02T20:15:00+0200,0.0,MW,ES,ES,actual_offshore_wind_generation,Wind Offshore,2026-09-06T22:35:37Z
2026-09-06T22:33:26Z,2026-09-07T00:33:26+0200,93a2d44c-eeb1-4c93-8f4c-fe9405447247,2026-09-02T18:30:00Z,2026-09-02T20:30:00+0200,0.0,MW,ES,ES,actual_offshore_wind_generation,Wind Offshore,2026-09-06T22:35:37Z
2026-09-06T22:33:26Z,2026-09-07T00:33:26+0200,93a2d44c-eeb1-4c93-8f4c-fe9405447247,2026-09-02T18:45:00Z,2026-09-02T20:45:00+0200,0.0,MW,ES,ES,actual_offshore_wind_generation,Wind Offshore,2026-09-06T22:35:37Z
2026-09-06T22:33:26Z,2026-09-07T00:33:26+0200,93a2d44c-eeb1-4c93-8f4c-fe9405447247,2026-09-02T19:00:00Z,2026-09-02T21:00:00+0200,0.0,MW,ES,ES,actual_offshore_wind_generation,Wind Offshore,2026-09-06T22:35:37Z
2026-09-06T22:33:26Z,2026-09-07T00:33:26+0200,93a2d44c-eeb1-4c93-8f4c-fe9405447247,2026-09-02T19:15:00Z,2026-09-02T21:15:00+0200,0.0,MW,ES,ES,actual_offshore_wind_generation,Wind Offshore,2026-09-06T22:35:37Z
2026-09-06T22:33:26Z,2026-09-07T00:33:26+0200,93a2d44c-eeb1-4c93-8f4c-fe9405447247,2026-09-02T19:30:00Z,2026-09-02T21:30:00+0200,0.0,MW,ES,ES,actual_offshore_wind_generation,Wind Offshore,2026-09-06T22:35:37Z
2026-09-06T22:33:26Z,2026-09-07T00:33:26+0200,93a2d44c-eeb1-4c93-8f4c-fe9405447247,2026-09-02T19:45:00Z,2026-09-02T21:45:00+0200,0.0,MW,ES,ES,actual_offshore_wind_generation,Wind Offshore,2026-09-06T22:35:37Z
2026-09-06T22:33:26Z,2026-09-07T00:33:26+0200,93a2d44c-eeb1-4c93-8f4c-fe9405447247,2026-09-02T20:00:00Z,2026-09-02T22:00:00+0200,0.0,MW,ES,ES,actual_offshore_wind_generation,Wind Offshore,2026-09-06T22:35:37Z
2026-09-06T22:33:26Z,2026-09-07T00:33:26+0200,93a2d44c-eeb1-4c93-8f4c-fe9405447247,2026-09-02T20:15:00Z,2026-09-02T22:15:00+0200,0.0,MW,ES,ES,actual_offshore_wind_generation,Wind Offshore,2026-09-06T22:35:37Z
2026-09-06T22:33:26Z,2026-09-07T00:33:26+0200,93a2d44c-eeb1-4c93-8f4c-fe9405447247,2026-09-02T20:30:00Z,2026-09-02T22:30:00+0200,0.0,MW,ES,ES,actual_offshore_wind_generation,Wind Offshore,2026-09-06T22:35:37Z
2026-09-06T22:33:26Z,2026-09-07T00:33:26+0200,93a2d44c-eeb1-4c93-8f4c-fe9405447247,2026-09-02T20:45:00Z,2026-09-02T22:45:00+0200,0.0,MW,ES,ES,actual_offshore_wind_generation,Wind Offshore,2026-09-06T22:35:37Z
2026-09-06T22:33:26Z,2026-09-07T00:33:26+0200,93a2d44c-eeb1-4c93-8f4c-fe9405447247,2026-09-02T21:00:00Z,2026-09-02T23:00:00+0200,0.0,MW,ES,ES,actual_offshore_wind_generation,Wind Offshore,2026-09-06T22:35:37Z
2026-09-06T22:33:26Z,2026-09-07T00:33:26+0200,93a2d44c-eeb1-4c93-8f4c-fe9405447247,2026-09-02T21:15:00Z,2026-09-02T23:15:00+0200,0.0,MW,ES,ES,actual_offshore_wind_generation,Wind Offshore,2026-09-06T22:35:37Z
2026-09-06T22:33:26Z,2026-09-07T00:33:26+0200,93a2d44c-eeb1-4c93-8f4c-fe9405447247,2026-09-02T21:30:00Z,2026-09-02T23:30:00+0200,0.0,MW,ES,ES,actual_offshore_wind_generation,Wind Offshore,2026-09-06T22:35:37Z
2026-09-06T22:33:26Z,2026-09-07T00:33:26+0200,93a2d44c-eeb1-4c93-8f4c-fe9405447247,2026-09-02T21:45:00Z,2026-09-02T23:45:00+0200,0.0,MW,ES,ES,actual_offshore_wind_generation,Wind Offshore,2026-09-06T22:35:37Z
2026-09-06T22:33:26Z,2026-09-07T00:33:26+0200,93a2d44c-eeb1-4c93-8f4c-fe9405447247,2026-09-02T22:00:00Z,2026-09-03T00:00:00+0200,0.0,MW,ES,ES,actual_offshore_wind_generation,Wind Offshore,2026-09-06T22:35:37Z
2026-09-06T22:33:26Z,2026-09-07T00:33:26+0200,93a2d44c-eeb1-4c93-8f4c-fe9405447247,2026-09-02T22:15:00Z,2026-09-03T00:15:00+0200,0.0,MW,ES,ES,actual_offshore_wind_generation,Wind Offshore,2026-09-06T22:35:37Z
2026-09-06T22:33:26Z,2026-09-07T00:33:26+0200,93a2d44c-eeb1-4c93-8f4c-fe9405447247,2026-09-02T22:30:00Z,2026-09-03T00:30:00+0200,0.0,MW,ES,ES,actual_offshore_wind_generation,Wind Offshore,2026-09-06T22:35:37Z
2026-09-06T22:33:26Z,2026-09-07T00:33:26+0200,93a2d44c-eeb1-4c93-8f4c-fe9405447247,2026-09-02T22:45:00Z,2026-09-03T00:45:00+0200,0.0,MW,ES,ES,actual_offshore_wind_generation,Wind Offshore,2026-09-06T22:35:37Z
2026-09-06T22:33:26Z,2026-09-07T00:33:26+0200,93a2d44c-eeb1-4c93-8f4c-fe9405447247,2026-09-02T23:00:00Z,2026-09-03T01:00:00+0200,0.0,MW,ES,ES,actual_offshore_wind_generation,Wind Offshore,2026-09-06T22:35:37Z
2026-09-06T22:33:26Z,2026-09-07T00:33:26+0200,93a2d44c-eeb1-4c93-8f4c-fe9405447247,2026-09-02T23:15:00Z,2026-09-03T01:15:00+0200,0.0,MW,ES,ES,actual_offshore_wind_generation,Wind Offshore,2026-09-06T22:35:37Z
2026-09-06T22:33:26Z,2026-09-07T00:33:26+0200,93a2d44c-eeb1-4c93-8f4c-fe9405447247,2026-09-02T23:30:00Z,2026-09-03T01:30:00+0200,0.0,MW,ES,ES,actual_offshore_wind_generation,Wind Offshore,2026-09-06T22:35:37Z
2026-09-06T22:33:26Z,2026-09-07T00:33:26+0200,93a2d44c-eeb1-4c93-8f4c-fe9405447247,2026-09-02T23:45:00Z,2026-09-03T01:45:00+0200,0.0,MW,ES,ES,actual_offshore_wind_generation,Wind Offshore,2026-09-06T22:35:37Z
2026-09-06T22:33:26Z,2026-09-07T00:33:26+0200,93a2d44c-eeb1-4c93-8f4c-fe9405447247,2026-09-03T00:00:00Z,2026-09-03T02:00:00+0200,0.0,MW,ES,ES,actual_offshore_wind_generation,Wind Offshore,2026-09-06T22:35:37Z
2026-09-06T22:33:26Z,2026-09-07T00:33:26+0200,93a2d44c-eeb1-4c93-8f4c-fe9405447247,2026-09-03T00:15:00Z,2026-09-03T02:15:00+0200,0.0,MW,ES,ES,actual_offshore_wind_generation,Wind Offshore,2026-09-06T22:35:37Z
2026-09-06T22:33:26Z,2026-09-07T00:33:26+0200,93a2d44c-eeb1-4c93-8f4c-fe9405447247,2026-09-03T00:30:00Z,2026-09-03T02:30:00+0200,0.0,MW,ES,ES,actual_offshore_wind_generation,Wind Offshore,2026-09-06T22:35:37Z
2026-09-06T22:33:26Z,2026-09-07T00:33:26+0200,93a2d44c-eeb1-4c93-8f4c-fe9405447247,2026-09-03T00:45:00Z,2026-09-03T02:45:00+0200,0.0,MW,ES,ES,actual_offshore_wind_generation,Wind Offshore,2026-09-06T22:35:37Z
2026-09-06T22:33:26Z,2026-09-07T00:33:26+0200,93a2d44c-eeb1-4c93-8f4c-fe9405447247,2026-09-03T01:00:00Z,2026-09-03T03:00:00+0200,0.0,MW,ES,ES,actual_offshore_wind_generation,Wind Offshore,2026-09-06T22:35:37Z
2026-09-06T22:33:26Z,2026-09-07T00:33:26+0200,93a2d44c-eeb1-4c93-8f4c-fe9405447247,2026-09-03T01:15:00Z,2026-09-03T03:15:00+0200,0.0,MW,ES,ES,actual_offshore_wind_generation,Wind Offshore,2026-09-06T22:35:37Z
2026-09-06T22:33:26Z,2026-09-07T00:33:26+0200,93a2d44c-eeb1-4c93-8f4c-fe9405447247,2026-09-03T01:30:00Z,2026-09-03T03:30:00+0200,0.0,MW,ES,ES,actual_offshore_wind_generation,Wind Offshore,2026-09-06T22:35:37Z
2026-09-06T22:33:26Z,2026-09-07T00:33:26+0200,93a2d44c-eeb1-4c93-8f4c-fe9405447247,2026-09-03T01:45:00Z,2026-09-03T03:45:00+0200,0.0,MW,ES,ES,actual_offshore_wind_generation,Wind Offshore,2026-09-06T22:35:37Z
2026-09-06T22:33:26Z,2026-09-07T00:33:26+0200,93a2d44c-eeb1-4c93-8f4c-fe9405447247,2026-09-03T02:00:00Z,2026-09-03T04:00:00+0200,0.0,MW,ES,ES,actual_offshore_wind_generation,Wind Offshore,2026-09-06T22:35:37Z
2026-09-06T22:33:26Z,2026-09-07T00:33:26+0200,93a2d44c-eeb1-4c93-8f4c-fe9405447247,2026-09-03T02:15:00Z,2026-09-03T04:15:00+0200,0.0,MW,ES,ES,actual_offshore_wind_generation,Wind Offshore,2026-09-06T22:35:37Z
2026-09-06T22:33:26Z,2026-09-07T00:33:26+0200,93a2d44c-eeb1-4c93-8f4c-fe9405447247,2026-09-03T02:30:00Z,2026-09-03T04:30:00+0200,0.0,MW,ES,ES,actual_offshore_wind_generation,Wind Offshore,2026-09-06T22:35:37Z
2026-09-06T22:33:26Z,2026-09-07T00:33:26+0200,93a2d44c-eeb1-4c93-8f4c-fe9405447247,2026-09-03T02:45:00Z,2026-09-03T04:45:00+0200,0.0,MW,ES,ES,actual_offshore_wind_generation,Wind Offshore,2026-09-06T22:35:37Z
2026-09-06T22:33:26Z,2026-09-07T00:33:26+0200,93a2d44c-eeb1-4c93-8f4c-fe9405447247,2026-09-03T03:00:00Z,2026-09-03T05:00:00+0200,0.0,MW,ES,ES,actual_offshore_wind_generation,Wind Offshore,2026-09-06T22:35:37Z
2026-09-06T22:33:26Z,2026-09-07T00:33:26+0200,93a2d44c-eeb1-4c93-8f4c-fe9405447247,2026-09-03T03:15:00Z,2026-09-03T05:15:00+0200,0.0,MW,ES,ES,actual_offshore_wind_generation,Wind Offshore,2026-09-06T22:35:37Z
2026-09-06T22:33:26Z,2026-09-07T00:33:26+0200,93a2d44c-eeb1-4c93-8f4c-fe9405447247,2026-09-03T03:30:00Z,2026-09-03T05:30:00+0200,0.0,MW,ES,ES,actual_offshore_wind_generation,Wind Offshore,2026-09-06T22:35:37Z
2026-09-06T22:33:26Z,2026-09-07T00:33:26+0200,93a2d44c-eeb1-4c93-8f4c-fe9405447247,2026-09-03T03:45:00Z,2026-09-03T05:45:00+0200,0.0,MW,ES,ES,actual_offshore_wind_generation,Wind Offshore,2026-09-06T22:35:37Z
2026-09-06T22:33:26Z,2026-09-07T00:33:26+0200,93a2d44c-eeb1-4c93-8f4c-fe9405447247,2026-09-03T04:00:00Z,2026-09-03T06:00:00+0200,0.0,MW,ES,ES,actual_offshore_wind_generation,Wind Offshore,2026-09-06T22:35:37Z
2026-09-06T22:33:26Z,2026-09-07T00:33:26+0200,93a2d44c-eeb1-4c93-8f4c-fe9405447247,2026-09-03T04:15:00Z,2026-09-03T06:15:00+0200,0.0,MW,ES,ES,actual_offshore_wind_generation,Wind Offshore,2026-09-06T22:35:37Z
2026-09-06T22:33:26Z,2026-09-07T00:33:26+0200,93a2d44c-eeb1-4c93-8f4c-fe9405447247,2026-09-03T04:30:00Z,2026-09-03T06:30:00+0200,0.0,MW,ES,ES,actual_offshore_wind_generation,Wind Offshore,2026-09-06T22:35:37Z
2026-09-06T22:33:26Z,2026-09-07T00:33:26+0200,93a2d44c-eeb1-4c93-8f4c-fe9405447247,2026-09-03T04:45:00Z,2026-09-03T06:45:00+0200,0.0,MW,ES,ES,actual_offshore_wind_generation,Wind Offshore,2026-09-06T22:35:37Z
2026-09-06T22:33:26Z,2026-09-07T00:33:26+0200,93a2d44c-eeb1-4c93-8f4c-fe9405447247,2026-09-03T05:00:00Z,2026-09-03T07:00:00+0200,0.0,MW,ES,ES,actual_offshore_wind_generation,Wind Offshore,2026-09-06T22:35:37Z
2026-09-06T22:33:26Z,2026-09-07T00:33:26+0200,93a2d44c-eeb1-4c93-8f4c-fe9405447247,2026-09-03T05:15:00Z,2026-09-03T07:15:00+0200,0.0,MW,ES,ES,actual_offshore_wind_generation,Wind Offshore,2026-09-06T22:35:37Z
2026-09-06T22:33:26Z,2026-09-07T00:33:26+0200,93a2d44c-eeb1-4c93-8f4c-fe9405447247,2026-09-03T05:30:00Z,2026-09-03T07:30:00+0200,0.0,MW,ES,ES,actual_offshore_wind_generation,Wind Offshore,2026-09-06T22:35:37Z
2026-09-06T22:33:26Z,2026-09-07T00:33:26+0200,93a2d44c-eeb1-4c93-8f4c-fe9405447247,2026-09-03T05:45:00Z,2026-09-03T07:45:00+0200,0.0,MW,ES,ES,actual_offshore_wind_generation,Wind Offshore,2026-09-06T22:35:37Z
2026-09-06T22:33:26Z,2026-09-07T00:33:26+0200,93a2d44c-eeb1-4c93-8f4c-fe9405447247,2026-09-03T06:00:00Z,2026-09-03T08:00:00+0200,0.0,MW,ES,ES,actual_offshore_wind_generation,Wind Offshore,2026-09-06T22:35:37Z
2026-09-06T22:33:26Z,2026-09-07T00:33:26+0200,93a2d44c-eeb1-4c93-8f4c-fe9405447247,2026-09-03T06:15:00Z,2026-09-03T08:15:00+0200,0.0,MW,ES,ES,actual_offshore_wind_generation,Wind Offshore,2026-09-06T22:35:37Z
2026-09-06T22:33:26Z,2026-09-07T00:33:26+0200,93a2d44c-eeb1-4c93-8f4c-fe9405447247,2026-09-03T06:30:00Z,2026-09-03T08:30:00+0200,0.0,MW,ES,ES,actual_offshore_wind_generation,Wind Offshore,2026-09-06T22:35:37Z
2026-09-06T22:33:26Z,2026-09-07T00:33:26+0200,93a2d44c-eeb1-4c93-8f4c-fe9405447247,2026-09-03T06:45:00Z,2026-09-03T08:45:00+0200,0.0,MW,ES,ES,actual_offshore_wind_generation,Wind Offshore,2026-09-06T22:35:37Z
2026-09-06T22:33:26Z,2026-09-07T00:33:26+0200,93a2d44c-eeb1-4c93-8f4c-fe9405447247,2026-09-03T07:00:00Z,2026-09-03T09:00:00+0200,0.0,MW,ES,ES,actual_offshore_wind_generation,Wind Offshore,2026-09-06T22:35:37Z
2026-09-06T22:33:26Z,2026-09-07T00:33:26+0200,93a2d44c-eeb1-4c93-8f4c-fe9405447247,2026-09-03T07:15:00Z,2026-09-03T09:15:00+0200,0.0,MW,ES,ES,actual_offshore_wind_generation,Wind Offshore,2026-09-06T22:35:37Z
2026-09-06T22:33:26Z,2026-09-07T00:33:26+0200,93a2d44c-eeb1-4c93-8f4c-fe9405447247,2026-09-03T07:30:00Z,2026-09-03T09:30:00+0200,0.0,MW,ES,ES,actual_offshore_wind_generation,Wind Offshore,2026-09-06T22:35:37Z
2026-09-06T22:33:26Z,2026-09-07T00:33:26+0200,93a2d44c-eeb1-4c93-8f4c-fe9405447247,2026-09-03T07:45:00Z,2026-09-03T09:45:00+0200,0.0,MW,ES,ES,actual_offshore_wind_generation,Wind Offshore,2026-09-06T22:35:37Z
2026-09-06T22:33:26Z,2026-09-07T00:33:26+0200,93a2d44c-eeb1-4c93-8f4c-fe9405447247,2026-09-03T08:00:00Z,2026-09-03T10:00:00+0200,0.0,MW,ES,ES,actual_offshore_wind_generation,Wind Offshore,2026-09-06T22:35:37Z
2026-09-06T22:33:26Z,2026-09-07T00:33:26+0200,93a2d44c-eeb1-4c93-8f4c-fe9405447247,2026-09-03T08:15:00Z,2026-09-03T10:15:00+0200,0.0,MW,ES,ES,actual_offshore_wind_generation,Wind Offshore,2026-09-06T22:35:37Z
2026-09-06T22:33:26Z,2026-09-07T00:33:26+0200,93a2d44c-eeb1-4c93-8f4c-fe9405447247,2026-09-03T08:30:00Z,2026-09-03T10:30:00+0200,0.0,MW,ES,ES,actual_offshore_wind_generation,Wind Offshore,2026-09-06T22:35:37Z
2026-09-06T22:33:26Z,2026-09-07T00:33:26+0200,93a2d44c-eeb1-4c93-8f4c-fe9405447247,2026-09-03T08:45:00Z,2026-09-03T10:45:00+0200,0.0,MW,ES,ES,actual_offshore_wind_generation,Wind Offshore,2026-09-06T22:35:37Z
2026-09-06T22:33:26Z,2026-09-07T00:33:26+0200,93a2d44c-eeb1-4c93-8f4c-fe9405447247,2026-09-03T09:00:00Z,2026-09-03T11:00:00+0200,0.0,MW,ES,ES,actual_offshore_wind_generation,Wind Offshore,2026-09-06T22:35:37Z
2026-09-06T22:33:26Z,2026-09-07T00:33:26+0200,93a2d44c-eeb1-4c93-8f4c-fe9405447247,2026-09-03T09:15:00Z,2026-09-03T11:15:00+0200,0.0,MW,ES,ES,actual_offshore_wind_generation,Wind Offshore,2026-09-06T22:35:37Z
2026-09-06T22:33:26Z,2026-09-07T00:33:26+0200,93a2d44c-eeb1-4c93-8f4c-fe9405447247,2026-09-03T09:30:00Z,2026-09-03T11:30:00+0200,0.0,MW,ES,ES,actual_offshore_wind_generation,Wind Offshore,2026-09-06T22:35:37Z
2026-09-06T22:33:26Z,2026-09-07T00:33:26+0200,93a2d44c-eeb1-4c93-8f4c-fe9405447247,2026-09-03T09:45:00Z,2026-09-03T11:45:00+0200,0.0,MW,ES,ES,actual_offshore_wind_generation,Wind Offshore,2026-09-06T22:35:37Z
2026-09-06T22:33:26Z,2026-09-07T00:33:26+0200,93a2d44c-eeb1-4c93-8f4c-fe9405447247,2026-09-03T10:00:00Z,2026-09-03T12:00:00+0200,0.0,MW,ES,ES,actual_offshore_wind_generation,Wind Offshore,2026-09-06T22:35:37Z
2026-09-06T22:33:26Z,2026-09-07T00:33:26+0200,93a2d44c-eeb1-4c93-8f4c-fe9405447247,2026-09-03T10:15:00Z,2026-09-03T12:15:00+0200,0.0,MW,ES,ES,actual_offshore_wind_generation,Wind Offshore,2026-09-06T22:35:37Z
2026-09-06T22:33:26Z,2026-09-07T00:33:26+0200,93a2d44c-eeb1-4c93-8f4c-fe9405447247,2026-09-03T10:30:00Z,2026-09-03T12:30:00+0200,0.0,MW,ES,ES,actual_offshore_wind_generation,Wind Offshore,2026-09-06T22:35:37Z
2026-09-06T22:33:26Z,2026-09-07T00:33:26+0200,93a2d44c-eeb1-4c93-8f4c-fe9405447247,2026-09-03T10:45:00Z,2026-09-03T12:45:00+0200,0.0,MW,ES,ES,actual_offshore_wind_generation,Wind Offshore,2026-09-06T22:35:37Z
2026-09-06T22:33:26Z,2026-09-07T00:33:26+0200,93a2d44c-eeb1-4c93-8f4c-fe9405447247,2026-09-03T11:00:00Z,2026-09-03T13:00:00+0200,0.0,MW,ES,ES,actual_offshore_wind_generation,Wind Offshore,2026-09-06T22:35:37Z
2026-09-06T22:33:26Z,2026-09-07T00:33:26+0200,93a2d44c-eeb1-4c93-8f4c-fe9405447247,2026-09-03T11:15:00Z,2026-09-03T13:15:00+0200,0.0,MW,ES,ES,actual_offshore_wind_generation,Wind Offshore,2026-09-06T22:35:37Z
2026-09-06T22:33:26Z,2026-09-07T00:33:26+0200,93a2d44c-eeb1-4c93-8f4c-fe9405447247,2026-09-03T11:30:00Z,2026-09-03T13:30:00+0200,0.0,MW,ES,ES,actual_offshore_wind_generation,Wind Offshore,2026-09-06T22:35:37Z
2026-09-06T22:33:26Z,2026-09-07T00:33:26+0200,93a2d44c-eeb1-4c93-8f4c-fe9405447247,2026-09-03T11:45:00Z,2026-09-03T13:45:00+0200,0.0,MW,ES,ES,actual_offshore_wind_generation,Wind Offshore,2026-09-06T22:35:37Z
2026-09-06T22:33:26Z,2026-09-07T00:33:26+0200,93a2d44c-eeb1-4c93-8f4c-fe9405447247,2026-09-03T12:00:00Z,2026-09-03T14:00:00+0200,0.0,MW,ES,ES,actual_offshore_wind_generation,Wind Offshore,2026-09-06T22:35:37Z
2026-09-06T22:33:26Z,2026-09-07T00:33:26+0200,93a2d44c-eeb1-4c93-8f4c-fe9405447247,2026-09-03T12:15:00Z,2026-09-03T14:15:00+0200,0.0,MW,ES,ES,actual_offshore_wind_generation,Wind Offshore,2026-09-06T22:35:37Z
2026-09-06T22:33:26Z,2026-09-07T00:33:26+0200,93a2d44c-eeb1-4c93-8f4c-fe9405447247,2026-09-03T12:30:00Z,2026-09-03T14:30:00+0200,0.0,MW,ES,ES,actual_offshore_wind_generation,Wind Offshore,2026-09-06T22:35:37Z
2026-09-06T22:33:26Z,2026-09-07T00:33:26+0200,93a2d44c-eeb1-4c93-8f4c-fe9405447247,2026-09-03T12:45:00Z,2026-09-03T14:45:00+0200,0.0,MW,ES,ES,actual_offshore_wind_generation,Wind Offshore,2026-09-06T22:35:37Z
2026-09-06T22:33:26Z,2026-09-07T00:33:26+0200,93a2d44c-eeb1-4c93-8f4c-fe9405447247,2026-09-03T13:00:00Z,2026-09-03T15:00:00+0200,0.0,MW,ES,ES,actual_offshore_wind_generation,Wind Offshore,2026-09-06T22:35:37Z
2026-09-06T22:33:26Z,2026-09-07T00:33:26+0200,93a2d44c-eeb1-4c93-8f4c-fe9405447247,2026-09-03T13:15:00Z,2026-09-03T15:15:00+0200,0.0,MW,ES,ES,actual_offshore_wind_generation,Wind Offshore,2026-09-06T22:35:37Z
2026-09-06T22:33:26Z,2026-09-07T00:33:26+0200,93a2d44c-eeb1-4c93-8f4c-fe9405447247,2026-09-03T13:30:00Z,2026-09-03T15:30:00+0200,0.0,MW,ES,ES,actual_offshore_wind_generation,Wind Offshore,2026-09-06T22:35:37Z
2026-09-06T22:33:26Z,2026-09-07T00:33:26+0200,93a2d44c-eeb1-4c93-8f4c-fe9405447247,2026-09-03T13:45:00Z,2026-09-03T15:45:00+0200,0.0,MW,ES,ES,actual_offshore_wind_generation,Wind Offshore,2026-09-06T22:35:37Z
2026-09-06T22:33:26Z,2026-09-07T00:33:26+0200,93a2d44c-eeb1-4c93-8f4c-fe9405447247,2026-09-03T14:00:00Z,2026-09-03T16:00:00+0200,0.0,MW,ES,ES,actual_offshore_wind_generation,Wind Offshore,2026-09-06T22:35:37Z
2026-09-06T22:33:26Z,2026-09-07T00:33:26+0200,93a2d44c-eeb1-4c93-8f4c-fe9405447247,2026-09-03T14:15:00Z,2026-09-03T16:15:00+0200,0.0,MW,ES,ES,actual_offshore_wind_generation,Wind Offshore,2026-09-06T22:35:37Z
2026-09-06T22:33:26Z,2026-09-07T00:33:26+0200,93a2d44c-eeb1-4c93-8f4c-fe9405447247,2026-09-03T14:30:00Z,2026-09-03T16:30:00+0200,0.0,MW,ES,ES,actual_offshore_wind_generation,Wind Offshore,2026-09-06T22:35:37Z
2026-09-06T22:33:26Z,2026-09-07T00:33:26+0200,93a2d44c-eeb1-4c93-8f4c-fe9405447247,2026-09-03T14:45:00Z,2026-09-03T16:45:00+0200,0.0,MW,ES,ES,actual_offshore_wind_generation,Wind Offshore,2026-09-06T22:35:37Z
2026-09-06T22:33:26Z,2026-09-07T00:33:26+0200,93a2d44c-eeb1-4c93-8f4c-fe9405447247,2026-09-03T15:00:00Z,2026-09-03T17:00:00+0200,0.0,MW,ES,ES,actual_offshore_wind_generation,Wind Offshore,2026-09-06T22:35:37Z
2026-09-06T22:33:26Z,2026-09-07T00:33:26+0200,93a2d44c-eeb1-4c93-8f4c-fe9405447247,2026-09-03T15:15:00Z,2026-09-03T17:15:00+0200,0.0,MW,ES,ES,actual_offshore_wind_generation,Wind Offshore,2026-09-06T22:35:37Z
2026-09-06T22:33:26Z,2026-09-07T00:33:26+0200,93a2d44c-eeb1-4c93-8f4c-fe9405447247,2026-09-03T15:30:00Z,2026-09-03T17:30:00+0200,0.0,MW,ES,ES,actual_offshore_wind_generation,Wind Offshore,2026-09-06T22:35:37Z
2026-09-06T22:33:26Z,2026-09-07T00:33:26+0200,93a2d44c-eeb1-4c93-8f4c-fe9405447247,2026-09-03T15:45:00Z,2026-09-03T17:45:00+0200,0.0,MW,ES,ES,actual_offshore_wind_generation,Wind Offshore,2026-09-06T22:35:37Z
2026-09-06T22:33:26Z,2026-09-07T00:33:26+0200,93a2d44c-eeb1-4c93-8f4c-fe9405447247,2026-09-03T16:00:00Z,2026-09-03T18:00:00+0200,0.0,MW,ES,ES,actual_offshore_wind_generation,Wind Offshore,2026-09-06T22:35:37Z
2026-09-06T22:33:26Z,2026-09-07T00:33:26+0200,93a2d44c-eeb1-4c93-8f4c-fe9405447247,2026-09-03T16:15:00Z,2026-09-03T18:15:00+0200,0.0,MW,ES,ES,actual_offshore_wind_generation,Wind Offshore,2026-09-06T22:35:37Z
2026-09-06T22:33:26Z,2026-09-07T00:33:26+0200,93a2d44c-eeb1-4c93-8f4c-fe9405447247,2026-09-03T16:30:00Z,2026-09-03T18:30:00+0200,0.0,MW,ES,ES,actual_offshore_wind_generation,Wind Offshore,2026-09-06T22:35:37Z
2026-09-06T22:33:26Z,2026-09-07T00:33:26+0200,93a2d44c-eeb1-4c93-8f4c-fe9405447247,2026-09-03T16:45:00Z,2026-09-03T18:45:00+0200,0.0,MW,ES,ES,actual_offshore_wind_generation,Wind Offshore,2026-09-06T22:35:37Z
2026-09-06T22:33:26Z,2026-09-07T00:33:26+0200,93a2d44c-eeb1-4c93-8f4c-fe9405447247,2026-09-03T17:00:00Z,2026-09-03T19:00:00+0200,0.0,MW,ES,ES,actual_offshore_wind_generation,Wind Offshore,2026-09-06T22:35:37Z
2026-09-06T22:33:26Z,2026-09-07T00:33:26+0200,93a2d44c-eeb1-4c93-8f4c-fe9405447247,2026-09-03T17:15:00Z,2026-09-03T19:15:00+0200,0.0,MW,ES,ES,actual_offshore_wind_generation,Wind Offshore,2026-09-06T22:35:37Z
2026-09-06T22:33:26Z,2026-09-07T00:33:26+0200,93a2d44c-eeb1-4c93-8f4c-fe9405447247,2026-09-03T17:30:00Z,2026-09-03T19:30:00+0200,0.0,MW,ES,ES,actual_offshore_wind_generation,Wind Offshore,2026-09-06T22:35:37Z
2026-09-06T22:33:26Z,2026-09-07T00:33:26+0200,93a2d44c-eeb1-4c93-8f4c-fe9405447247,2026-09-03T17:45:00Z,2026-09-03T19:45:00+0200,0.0,MW,ES,ES,actual_offshore_wind_generation,Wind Offshore,2026-09-06T22:35:37Z
2026-09-06T22:33:26Z,2026-09-07T00:33:26+0200,93a2d44c-eeb1-4c93-8f4c-fe9405447247,2026-09-03T18:00:00Z,2026-09-03T20:00:00+0200,0.0,MW,ES,ES,actual_offshore_wind_generation,Wind Offshore,2026-09-06T22:35:37Z
2026-09-06T22:33:26Z,2026-09-07T00:33:26+0200,93a2d44c-eeb1-4c93-8f4c-fe9405447247,2026-09-03T18:15:00Z,2026-09-03T20:15:00+0200,0.0,MW,ES,ES,actual_offshore_wind_generation,Wind Offshore,2026-09-06T22:35:37Z
2026-09-06T22:33:26Z,2026-09-07T00:33:26+0200,93a2d44c-eeb1-4c93-8f4c-fe9405447247,2026-09-03T18:30:00Z,2026-09-03T20:30:00+0200,0.0,MW,ES,ES,actual_offshore_wind_generation,Wind Offshore,2026-09-06T22:35:37Z
2026-09-06T22:33:26Z,2026-09-07T00:33:26+0200,93a2d44c-eeb1-4c93-8f4c-fe9405447247,2026-09-03T18:45:00Z,2026-09-03T20:45:00+0200,0.0,MW,ES,ES,actual_offshore_wind_generation,Wind Offshore,2026-09-06T22:35:37Z
2026-09-06T22:33:26Z,2026-09-07T00:33:26+0200,93a2d44c-eeb1-4c93-8f4c-fe9405447247,2026-09-03T19:00:00Z,2026-09-03T21:00:00+0200,0.0,MW,ES,ES,actual_offshore_wind_generation,Wind Offshore,2026-09-06T22:35:37Z
2026-09-06T22:33:26Z,2026-09-07T00:33:26+0200,93a2d44c-eeb1-4c93-8f4c-fe9405447247,2026-09-03T19:15:00Z,2026-09-03T21:15:00+0200,0.0,MW,ES,ES,actual_offshore_wind_generation,Wind Offshore,2026-09-06T22:35:37Z
2026-09-06T22:33:26Z,2026-09-07T00:33:26+0200,93a2d44c-eeb1-4c93-8f4c-fe9405447247,2026-09-03T19:30:00Z,2026-09-03T21:30:00+0200,0.0,MW,ES,ES,actual_offshore_wind_generation,Wind Offshore,2026-09-06T22:35:37Z
2026-09-06T22:33:26Z,2026-09-07T00:33:26+0200,93a2d44c-eeb1-4c93-8f4c-fe9405447247,2026-09-03T19:45:00Z,2026-09-03T21:45:00+0200,0.0,MW,ES,ES,actual_offshore_wind_generation,Wind Offshore,2026-09-06T22:35:37Z
2026-09-06T22:33:26Z,2026-09-07T00:33:26+0200,93a2d44c-eeb1-4c93-8f4c-fe9405447247,2026-09-03T20:00:00Z,2026-09-03T22:00:00+0200,0.0,MW,ES,ES,actual_offshore_wind_generation,Wind Offshore,2026-09-06T22:35:37Z
2026-09-06T22:33:26Z,2026-09-07T00:33:26+0200,93a2d44c-eeb1-4c93-8f4c-fe9405447247,2026-09-03T20:15:00Z,2026-09-03T22:15:00+0200,0.0,MW,ES,ES,actual_offshore_wind_generation,Wind Offshore,2026-09-06T22:35:37Z
2026-09-06T22:33:26Z,2026-09-07T00:33:26+0200,93a2d44c-eeb1-4c93-8f4c-fe9405447247,2026-09-03T20:30:00Z,2026-09-03T22:30:00+0200,0.0,MW,ES,ES,actual_offshore_wind_generation,Wind Offshore,2026-09-06T22:35:37Z
2026-09-06T22:33:26Z,2026-09-07T00:33:26+0200,93a2d44c-eeb1-4c93-8f4c-fe9405447247,2026-09-03T20:45:00Z,2026-09-03T22:45:00+0200,0.0,MW,ES,ES,actual_offshore_wind_generation,Wind Offshore,2026-09-06T22:35:37Z
2026-09-06T22:33:26Z,2026-09-07T00:33:26+0200,93a2d44c-eeb1-4c93-8f4c-fe9405447247,2026-09-03T21:00:00Z,2026-09-03T23:00:00+0200,0.0,MW,ES,ES,actual_offshore_wind_generation,Wind Offshore,2026-09-06T22:35:37Z
2026-09-06T22:33:26Z,2026-09-07T00:33:26+0200,93a2d44c-eeb1-4c93-8f4c-fe9405447247,2026-09-03T21:15:00Z,2026-09-03T23:15:00+0200,0.0,MW,ES,ES,actual_offshore_wind_generation,Wind Offshore,2026-09-06T22:35:37Z
2026-09-06T22:33:26Z,2026-09-07T00:33:26+0200,93a2d44c-eeb1-4c93-8f4c-fe9405447247,2026-09-03T21:30:00Z,2026-09-03T23:30:00+0200,0.0,MW,ES,ES,actual_offshore_wind_generation,Wind Offshore,2026-09-06T22:35:37Z
2026-09-06T22:33:26Z,2026-09-07T00:33:26+0200,93a2d44c-eeb1-4c93-8f4c-fe9405447247,2026-09-03T21:45:00Z,2026-09-03T23:45:00+0200,0.0,MW,ES,ES,actual_offshore_wind_generation,Wind Offshore,2026-09-06T22:35:37Z
2026-09-06T22:33:26Z,2026-09-07T00:33:26+0200,93a2d44c-eeb1-4c93-8f4c-fe9405447247,2026-09-03T22:00:00Z,2026-09-04T00:00:00+0200,0.0,MW,ES,ES,actual_offshore_wind_generation,Wind Offshore,2026-09-06T22:35:37Z
2026-09-06T22:33:26Z,2026-09-07T00:33:26+0200,93a2d44c-eeb1-4c93-8f4c-fe9405447247,2026-09-03T22:15:00Z,2026-09-04T00:15:00+0200,0.0,MW,ES,ES,actual_offshore_wind_generation,Wind Offshore,2026-09-06T22:35:37Z
2026-09-06T22:33:26Z,2026-09-07T00:33:26+0200,93a2d44c-eeb1-4c93-8f4c-fe9405447247,2026-09-03T22:30:00Z,2026-09-04T00:30:00+0200,0.0,MW,ES,ES,actual_offshore_wind_generation,Wind Offshore,2026-09-06T22:35:37Z
2026-09-06T22:33:26Z,2026-09-07T00:33:26+0200,93a2d44c-eeb1-4c93-8f4c-fe9405447247,2026-09-03T22:45:00Z,2026-09-04T00:45:00+0200,0.0,MW,ES,ES,actual_offshore_wind_generation,Wind Offshore,2026-09-06T22:35:37Z
2026-09-06T22:33:26Z,2026-09-07T00:33:26+0200,93a2d44c-eeb1-4c93-8f4c-fe9405447247,2026-09-03T23:00:00Z,2026-09-04T01:00:00+0200,0.0,MW,ES,ES,actual_offshore_wind_generation,Wind Offshore,2026-09-06T22:35:37Z
2026-09-06T22:33:26Z,2026-09-07T00:33:26+0200,93a2d44c-eeb1-4c93-8f4c-fe9405447247,2026-09-03T23:15:00Z,2026-09-04T01:15:00+0200,0.0,MW,ES,ES,actual_offshore_wind_generation,Wind Offshore,2026-09-06T22:35:37Z
2026-09-06T22:33:26Z,2026-09-07T00:33:26+0200,93a2d44c-eeb1-4c93-8f4c-fe9405447247,2026-09-03T23:30:00Z,2026-09-04T01:30:00+0200,0.0,MW,ES,ES,actual_offshore_wind_generation,Wind Offshore,2026-09-06T22:35:37Z
2026-09-06T22:33:26Z,2026-09-07T00:33:26+0200,93a2d44c-eeb1-4c93-8f4c-fe9405447247,2026-09-03T23:45:00Z,2026-09-04T01:45:00+0200,0.0,MW,ES,ES,actual_offshore_wind_generation,Wind Offshore,2026-09-06T22:35:37Z
2026-09-06T22:33:26Z,2026-09-07T00:33:26+0200,93a2d44c-eeb1-4c93-8f4c-fe9405447247,2026-09-04T00:00:00Z,2026-09-04T02:00:00+0200,0.0,MW,ES,ES,actual_offshore_wind_generation,Wind Offshore,2026-09-06T22:35:37Z
2026-09-06T22:33:26Z,2026-09-07T00:33:26+0200,93a2d44c-eeb1-4c93-8f4c-fe9405447247,2026-09-04T00:15:00Z,2026-09-04T02:15:00+0200,0.0,MW,ES,ES,actual_offshore_wind_generation,Wind Offshore,2026-09-06T22:35:37Z
2026-09-06T22:33:26Z,2026-09-07T00:33:26+0200,93a2d44c-eeb1-4c93-8f4c-fe9405447247,2026-09-04T00:30:00Z,2026-09-04T02:30:00+0200,0.0,MW,ES,ES,actual_offshore_wind_generation,Wind Offshore,2026-09-06T22:35:37Z
2026-09-06T22:33:26Z,2026-09-07T00:33:26+0200,93a2d44c-eeb1-4c93-8f4c-fe9405447247,2026-09-04T00:45:00Z,2026-09-04T02:45:00+0200,0.0,MW,ES,ES,actual_offshore_wind_generation,Wind Offshore,2026-09-06T22:35:37Z
2026-09-06T22:33:26Z,2026-09-07T00:33:26+0200,93a2d44c-eeb1-4c93-8f4c-fe9405447247,2026-09-04T01:00:00Z,2026-09-04T03:00:00+0200,0.0,MW,ES,ES,actual_offshore_wind_generation,Wind Offshore,2026-09-06T22:35:37Z
2026-09-06T22:33:26Z,2026-09-07T00:33:26+0200,93a2d44c-eeb1-4c93-8f4c-fe9405447247,2026-09-04T01:15:00Z,2026-09-04T03:15:00+0200,0.0,MW,ES,ES,actual_offshore_wind_generation,Wind Offshore,2026-09-06T22:35:37Z
2026-09-06T22:33:26Z,2026-09-07T00:33:26+0200,93a2d44c-eeb1-4c93-8f4c-fe9405447247,2026-09-04T01:30:00Z,2026-09-04T03:30:00+0200,0.0,MW,ES,ES,actual_offshore_wind_generation,Wind Offshore,2026-09-06T22:35:37Z
2026-09-06T22:33:26Z,2026-09-07T00:33:26+0200,93a2d44c-eeb1-4c93-8f4c-fe9405447247,2026-09-04T01:45:00Z,2026-09-04T03:45:00+0200,0.0,MW,ES,ES,actual_offshore_wind_generation,Wind Offshore,2026-09-06T22:35:37Z
2026-09-06T22:33:26Z,2026-09-07T00:33:26+0200,93a2d44c-eeb1-4c93-8f4c-fe9405447247,2026-09-04T02:00:00Z,2026-09-04T04:00:00+0200,0.0,MW,ES,ES,actual_offshore_wind_generation,Wind Offshore,2026-09-06T22:35:37Z
2026-09-06T22:33:26Z,2026-09-07T00:33:26+0200,93a2d44c-eeb1-4c93-8f4c-fe9405447247,2026-09-04T02:15:00Z,2026-09-04T04:15:00+0200,0.0,MW,ES,ES,actual_offshore_wind_generation,Wind Offshore,2026-09-06T22:35:37Z
2026-09-06T22:33:26Z,2026-09-07T00:33:26+0200,93a2d44c-eeb1-4c93-8f4c-fe9405447247,2026-09-04T02:30:00Z,2026-09-04T04:30:00+0200,0.0,MW,ES,ES,actual_offshore_wind_generation,Wind Offshore,2026-09-06T22:35:37Z
2026-09-06T22:33:26Z,2026-09-07T00:33:26+0200,93a2d44c-eeb1-4c93-8f4c-fe9405447247,2026-09-04T02:45:00Z,2026-09-04T04:45:00+0200,0.0,MW,ES,ES,actual_offshore_wind_generation,Wind Offshore,2026-09-06T22:35:37Z
2026-09-06T22:33:26Z,2026-09-07T00:33:26+0200,93a2d44c-eeb1-4c93-8f4c-fe9405447247,2026-09-04T03:00:00Z,2026-09-04T05:00:00+0200,0.0,MW,ES,ES,actual_offshore_wind_generation,Wind Offshore,2026-09-06T22:35:37Z
2026-09-06T22:33:26Z,2026-09-07T00:33:26+0200,93a2d44c-eeb1-4c93-8f4c-fe9405447247,2026-09-04T03:15:00Z,2026-09-04T05:15:00+0200,0.0,MW,ES,ES,actual_offshore_wind_generation,Wind Offshore,2026-09-06T22:35:37Z
2026-09-06T22:33:26Z,2026-09-07T00:33:26+0200,93a2d44c-eeb1-4c93-8f4c-fe9405447247,2026-09-04T03:30:00Z,2026-09-04T05:30:00+0200,0.0,MW,ES,ES,actual_offshore_wind_generation,Wind Offshore,2026-09-06T22:35:37Z
2026-09-06T22:33:26Z,2026-09-07T00:33:26+0200,93a2d44c-eeb1-4c93-8f4c-fe9405447247,2026-09-04T03:45:00Z,2026-09-04T05:45:00+0200,0.0,MW,ES,ES,actual_offshore_wind_generation,Wind Offshore,2026-09-06T22:35:37Z
2026-09-06T22:33:26Z,2026-09-07T00:33:26+0200,93a2d44c-eeb1-4c93-8f4c-fe9405447247,2026-09-04T04:00:00Z,2026-09-04T06:00:00+0200,0.0,MW,ES,ES,actual_offshore_wind_generation,Wind Offshore,2026-09-06T22:35:37Z
2026-09-06T22:33:26Z,2026-09-07T00:33:26+0200,93a2d44c-eeb1-4c93-8f4c-fe9405447247,2026-09-04T04:15:00Z,2026-09-04T06:15:00+0200,0.0,MW,ES,ES,actual_offshore_wind_generation,Wind Offshore,2026-09-06T22:35:37Z
2026-09-06T22:33:26Z,2026-09-07T00:33:26+0200,93a2d44c-eeb1-4c93-8f4c-fe9405447247,2026-09-04T04:30:00Z,2026-09-04T06:30:00+0200,0.0,MW,ES,ES,actual_offshore_wind_generation,Wind Offshore,2026-09-06T22:35:37Z
2026-09-06T22:33:26Z,2026-09-07T00:33:26+0200,93a2d44c-eeb1-4c93-8f4c-fe9405447247,2026-09-04T04:45:00Z,2026-09-04T06:45:00+0200,0.0,MW,ES,ES,actual_offshore_wind_generation,Wind Offshore,2026-09-06T22:35:37Z
2026-09-06T22:33:26Z,2026-09-07T00:33:26+0200,93a2d44c-eeb1-4c93-8f4c-fe9405447247,2026-09-04T05:00:00Z,2026-09-04T07:00:00+0200,0.0,MW,ES,ES,actual_offshore_wind_generation,Wind Offshore,2026-09-06T22:35:37Z
2026-09-06T22:33:26Z,2026-09-07T00:33:26+0200,93a2d44c-eeb1-4c93-8f4c-fe9405447247,2026-09-04T05:15:00Z,2026-09-04T07:15:00+0200,0.0,MW,ES,ES,actual_offshore_wind_generation,Wind Offshore,2026-09-06T22:35:37Z
2026-09-06T22:33:26Z,2026-09-07T00:33:26+0200,93a2d44c-eeb1-4c93-8f4c-fe9405447247,2026-09-04T05:30:00Z,2026-09-04T07:30:00+0200,0.0,MW,ES,ES,actual_offshore_wind_generation,Wind Offshore,2026-09-06T22:35:37Z
2026-09-06T22:33:26Z,2026-09-07T00:33:26+0200,93a2d44c-eeb1-4c93-8f4c-fe9405447247,2026-09-04T05:45:00Z,2026-09-04T07:45:00+0200,0.0,MW,ES,ES,actual_offshore_wind_generation,Wind Offshore,2026-09-06T22:35:37Z
2026-09-06T22:33:26Z,2026-09-07T00:33:26+0200,93a2d44c-eeb1-4c93-8f4c-fe9405447247,2026-09-04T06:00:00Z,2026-09-04T08:00:00+0200,0.0,MW,ES,ES,actual_offshore_wind_generation,Wind Offshore,2026-09-06T22:35:37Z
2026-09-06T22:33:26Z,2026-09-07T00:33:26+0200,93a2d44c-eeb1-4c93-8f4c-fe9405447247,2026-09-04T06:15:00Z,2026-09-04T08:15:00+0200,0.0,MW,ES,ES,actual_offshore_wind_generation,Wind Offshore,2026-09-06T22:35:37Z
2026-09-06T22:33:26Z,2026-09-07T00:33:26+0200,93a2d44c-eeb1-4c93-8f4c-fe9405447247,2026-09-04T06:30:00Z,2026-09-04T08:30:00+0200,0.0,MW,ES,ES,actual_offshore_wind_generation,Wind Offshore,2026-09-06T22:35:37Z
2026-09-06T22:33:26Z,2026-09-07T00:33:26+0200,93a2d44c-eeb1-4c93-8f4c-fe9405447247,2026-09-04T06:45:00Z,2026-09-04T08:45:00+0200,0.0,MW,ES,ES,actual_offshore_wind_generation,Wind Offshore,2026-09-06T22:35:37Z
2026-09-06T22:33:26Z,2026-09-07T00:33:26+0200,93a2d44c-eeb1-4c93-8f4c-fe9405447247,2026-09-04T07:00:00Z,2026-09-04T09:00:00+0200,0.0,MW,ES,ES,actual_offshore_wind_generation,Wind Offshore,2026-09-06T22:35:37Z
2026-09-06T22:33:26Z,2026-09-07T00:33:26+0200,93a2d44c-eeb1-4c93-8f4c-fe9405447247,2026-09-04T07:15:00Z,2026-09-04T09:15:00+0200,0.0,MW,ES,ES,actual_offshore_wind_generation,Wind Offshore,2026-09-06T22:35:37Z
2026-09-06T22:33:26Z,2026-09-07T00:33:26+0200,93a2d44c-eeb1-4c93-8f4c-fe9405447247,2026-09-04T07:30:00Z,2026-09-04T09:30:00+0200,0.0,MW,ES,ES,actual_offshore_wind_generation,Wind Offshore,2026-09-06T22:35:37Z
2026-09-06T22:33:26Z,2026-09-07T00:33:26+0200,93a2d44c-eeb1-4c93-8f4c-fe9405447247,2026-09-04T07:45:00Z,2026-09-04T09:45:00+0200,0.0,MW,ES,ES,actual_offshore_wind_generation,Wind Offshore,2026-09-06T22:35:37Z
2026-09-06T22:33:26Z,2026-09-07T00:33:26+0200,93a2d44c-eeb1-4c93-8f4c-fe9405447247,2026-09-04T08:00:00Z,2026-09-04T10:00:00+0200,0.0,MW,ES,ES,actual_offshore_wind_generation,Wind Offshore,2026-09-06T22:35:37Z
2026-09-06T22:33:26Z,2026-09-07T00:33:26+0200,93a2d44c-eeb1-4c93-8f4c-fe9405447247,2026-09-04T08:15:00Z,2026-09-04T10:15:00+0200,0.0,MW,ES,ES,actual_offshore_wind_generation,Wind Offshore,2026-09-06T22:35:37Z
2026-09-06T22:33:26Z,2026-09-07T00:33:26+0200,93a2d44c-eeb1-4c93-8f4c-fe9405447247,2026-09-04T08:30:00Z,2026-09-04T10:30:00+0200,0.0,MW,ES,ES,actual_offshore_wind_generation,Wind Offshore,2026-09-06T22:35:37Z
2026-09-06T22:33:26Z,2026-09-07T00:33:26+0200,93a2d44c-eeb1-4c93-8f4c-fe9405447247,2026-09-04T08:45:00Z,2026-09-04T10:45:00+0200,0.0,MW,ES,ES,actual_offshore_wind_generation,Wind Offshore,2026-09-06T22:35:37Z
2026-09-06T22:33:26Z,2026-09-07T00:33:26+0200,93a2d44c-eeb1-4c93-8f4c-fe9405447247,2026-09-04T09:00:00Z,2026-09-04T11:00:00+0200,0.0,MW,ES,ES,actual_offshore_wind_generation,Wind Offshore,2026-09-06T22:35:37Z
2026-09-06T22:33:26Z,2026-09-07T00:33:26+0200,93a2d44c-eeb1-4c93-8f4c-fe9405447247,2026-09-04T09:15:00Z,2026-09-04T11:15:00+0200,0.0,MW,ES,ES,actual_offshore_wind_generation,Wind Offshore,2026-09-06T22:35:37Z
2026-09-06T22:33:26Z,2026-09-07T00:33:26+0200,93a2d44c-eeb1-4c93-8f4c-fe9405447247,2026-09-04T09:30:00Z,2026-09-04T11:30:00+0200,0.0,MW,ES,ES,actual_offshore_wind_generation,Wind Offshore,2026-09-06T22:35:37Z
2026-09-06T22:33:26Z,2026-09-07T00:33:26+0200,93a2d44c-eeb1-4c93-8f4c-fe9405447247,2026-09-04T09:45:00Z,2026-09-04T11:45:00+0200,0.0,MW,ES,ES,actual_offshore_wind_generation,Wind Offshore,2026-09-06T22:35:37Z
2026-09-06T22:33:26Z,2026-09-07T00:33:26+0200,93a2d44c-eeb1-4c93-8f4c-fe9405447247,2026-09-04T10:00:00Z,2026-09-04T12:00:00+0200,0.0,MW,ES,ES,actual_offshore_wind_generation,Wind Offshore,2026-09-06T22:35:37Z
2026-09-06T22:33:26Z,2026-09-07T00:33:26+0200,93a2d44c-eeb1-4c93-8f4c-fe9405447247,2026-09-04T10:15:00Z,2026-09-04T12:15:00+0200,0.0,MW,ES,ES,actual_offshore_wind_generation,Wind Offshore,2026-09-06T22:35:37Z
2026-09-06T22:33:26Z,2026-09-07T00:33:26+0200,93a2d44c-eeb1-4c93-8f4c-fe9405447247,2026-09-04T10:30:00Z,2026-09-04T12:30:00+0200,0.0,MW,ES,ES,actual_offshore_wind_generation,Wind Offshore,2026-09-06T22:35:37Z
2026-09-06T22:33:26Z,2026-09-07T00:33:26+0200,93a2d44c-eeb1-4c93-8f4c-fe9405447247,2026-09-04T10:45:00Z,2026-09-04T12:45:00+0200,0.0,MW,ES,ES,actual_offshore_wind_generation,Wind Offshore,2026-09-06T22:35:37Z
2026-09-06T22:33:26Z,2026-09-07T00:33:26+0200,93a2d44c-eeb1-4c93-8f4c-fe9405447247,2026-09-04T11:00:00Z,2026-09-04T13:00:00+0200,0.0,MW,ES,ES,actual_offshore_wind_generation,Wind Offshore,2026-09-06T22:35:37Z
2026-09-06T22:33:26Z,2026-09-07T00:33:26+0200,93a2d44c-eeb1-4c93-8f4c-fe9405447247,2026-09-04T11:15:00Z,2026-09-04T13:15:00+0200,0.0,MW,ES,ES,actual_offshore_wind_generation,Wind Offshore,2026-09-06T22:35:37Z
2026-09-06T22:33:26Z,2026-09-07T00:33:26+0200,93a2d44c-eeb1-4c93-8f4c-fe9405447247,2026-09-04T11:30:00Z,2026-09-04T13:30:00+0200,0.0,MW,ES,ES,actual_offshore_wind_generation,Wind Offshore,2026-09-06T22:35:37Z
2026-09-06T22:33:26Z,2026-09-07T00:33:26+0200,93a2d44c-eeb1-4c93-8f4c-fe9405447247,2026-09-04T11:45:00Z,2026-09-04T13:45:00+0200,0.0,MW,ES,ES,actual_offshore_wind_generation,Wind Offshore,2026-09-06T22:35:37Z
2026-09-06T22:33:26Z,2026-09-07T00:33:26+0200,93a2d44c-eeb1-4c93-8f4c-fe9405447247,2026-09-04T12:00:00Z,2026-09-04T14:00:00+0200,0.0,MW,ES,ES,actual_offshore_wind_generation,Wind Offshore,2026-09-06T22:35:37Z
2026-09-06T22:33:26Z,2026-09-07T00:33:26+0200,93a2d44c-eeb1-4c93-8f4c-fe9405447247,2026-09-04T12:15:00Z,2026-09-04T14:15:00+0200,0.0,MW,ES,ES,actual_offshore_wind_generation,Wind Offshore,2026-09-06T22:35:37Z
2026-09-06T22:33:26Z,2026-09-07T00:33:26+0200,93a2d44c-eeb1-4c93-8f4c-fe9405447247,2026-09-04T12:30:00Z,2026-09-04T14:30:00+0200,0.0,MW,ES,ES,actual_offshore_wind_generation,Wind Offshore,2026-09-06T22:35:37Z
2026-09-06T22:33:26Z,2026-09-07T00:33:26+0200,93a2d44c-eeb1-4c93-8f4c-fe9405447247,2026-09-04T12:45:00Z,2026-09-04T14:45:00+0200,0.0,MW,ES,ES,actual_offshore_wind_generation,Wind Offshore,2026-09-06T22:35:37Z
2026-09-06T22:33:26Z,2026-09-07T00:33:26+0200,93a2d44c-eeb1-4c93-8f4c-fe9405447247,2026-09-04T13:00:00Z,2026-09-04T15:00:00+0200,0.0,MW,ES,ES,actual_offshore_wind_generation,Wind Offshore,2026-09-06T22:35:37Z
2026-09-06T22:33:26Z,2026-09-07T00:33:26+0200,93a2d44c-eeb1-4c93-8f4c-fe9405447247,2026-09-04T13:15:00Z,2026-09-04T15:15:00+0200,0.0,MW,ES,ES,actual_offshore_wind_generation,Wind Offshore,2026-09-06T22:35:37Z
2026-09-06T22:33:26Z,2026-09-07T00:33:26+0200,93a2d44c-eeb1-4c93-8f4c-fe9405447247,2026-09-04T13:30:00Z,2026-09-04T15:30:00+0200,0.0,MW,ES,ES,actual_offshore_wind_generation,Wind Offshore,2026-09-06T22:35:37Z
2026-09-06T22:33:26Z,2026-09-07T00:33:26+0200,93a2d44c-eeb1-4c93-8f4c-fe9405447247,2026-09-04T13:45:00Z,2026-09-04T15:45:00+0200,0.0,MW,ES,ES,actual_offshore_wind_generation,Wind Offshore,2026-09-06T22:35:37Z
2026-09-06T22:33:26Z,2026-09-07T00:33:26+0200,93a2d44c-eeb1-4c93-8f4c-fe9405447247,2026-09-04T14:00:00Z,2026-09-04T16:00:00+0200,0.0,MW,ES,ES,actual_offshore_wind_generation,Wind Offshore,2026-09-06T22:35:37Z
2026-09-06T22:33:26Z,2026-09-07T00:33:26+0200,93a2d44c-eeb1-4c93-8f4c-fe9405447247,2026-09-04T14:15:00Z,2026-09-04T16:15:00+0200,0.0,MW,ES,ES,actual_offshore_wind_generation,Wind Offshore,2026-09-06T22:35:37Z
2026-09-06T22:33:26Z,2026-09-07T00:33:26+0200,93a2d44c-eeb1-4c93-8f4c-fe9405447247,2026-09-04T14:30:00Z,2026-09-04T16:30:00+0200,0.0,MW,ES,ES,actual_offshore_wind_generation,Wind Offshore,2026-09-06T22:35:37Z
2026-09-06T22:33:26Z,2026-09-07T00:33:26+0200,93a2d44c-eeb1-4c93-8f4c-fe9405447247,2026-09-04T14:45:00Z,2026-09-04T16:45:00+0200,0.0,MW,ES,ES,actual_offshore_wind_generation,Wind Offshore,2026-09-06T22:35:37Z
2026-09-06T22:33:26Z,2026-09-07T00:33:26+0200,93a2d44c-eeb1-4c93-8f4c-fe9405447247,2026-09-04T15:00:00Z,2026-09-04T17:00:00+0200,0.0,MW,ES,ES,actual_offshore_wind_generation,Wind Offshore,2026-09-06T22:35:37Z
2026-09-06T22:33:26Z,2026-09-07T00:33:26+0200,93a2d44c-eeb1-4c93-8f4c-fe9405447247,2026-09-04T15:15:00Z,2026-09-04T17:15:00+0200,0.0,MW,ES,ES,actual_offshore_wind_generation,Wind Offshore,2026-09-06T22:35:37Z
2026-09-06T22:33:26Z,2026-09-07T00:33:26+0200,93a2d44c-eeb1-4c93-8f4c-fe9405447247,2026-09-04T15:30:00Z,2026-09-04T17:30:00+0200,0.0,MW,ES,ES,actual_offshore_wind_generation,Wind Offshore,2026-09-06T22:35:37Z
2026-09-06T22:33:26Z,2026-09-07T00:33:26+0200,93a2d44c-eeb1-4c93-8f4c-fe9405447247,2026-09-04T15:45:00Z,2026-09-04T17:45:00+0200,0.0,MW,ES,ES,actual_offshore_wind_generation,Wind Offshore,2026-09-06T22:35:37Z
2026-09-06T22:33:26Z,2026-09-07T00:33:26+0200,93a2d44c-eeb1-4c93-8f4c-fe9405447247,2026-09-04T16:00:00Z,2026-09-04T18:00:00+0200,0.0,MW,ES,ES,actual_offshore_wind_generation,Wind Offshore,2026-09-06T22:35:37Z
2026-09-06T22:33:26Z,2026-09-07T00:33:26+0200,93a2d44c-eeb1-4c93-8f4c-fe9405447247,2026-09-04T16:15:00Z,2026-09-04T18:15:00+0200,0.0,MW,ES,ES,actual_offshore_wind_generation,Wind Offshore,2026-09-06T22:35:37Z
2026-09-06T22:33:26Z,2026-09-07T00:33:26+0200,93a2d44c-eeb1-4c93-8f4c-fe9405447247,2026-09-04T16:30:00Z,2026-09-04T18:30:00+0200,0.0,MW,ES,ES,actual_offshore_wind_generation,Wind Offshore,2026-09-06T22:35:37Z
2026-09-06T22:33:26Z,2026-09-07T00:33:26+0200,93a2d44c-eeb1-4c93-8f4c-fe9405447247,2026-09-04T16:45:00Z,2026-09-04T18:45:00+0200,0.0,MW,ES,ES,actual_offshore_wind_generation,Wind Offshore,2026-09-06T22:35:37Z
2026-09-06T22:33:26Z,2026-09-07T00:33:26+0200,93a2d44c-eeb1-4c93-8f4c-fe9405447247,2026-09-04T17:00:00Z,2026-09-04T19:00:00+0200,0.0,MW,ES,ES,actual_offshore_wind_generation,Wind Offshore,2026-09-06T22:35:37Z
2026-09-06T22:33:26Z,2026-09-07T00:33:26+0200,93a2d44c-eeb1-4c93-8f4c-fe9405447247,2026-09-04T17:15:00Z,2026-09-04T19:15:00+0200,0.0,MW,ES,ES,actual_offshore_wind_generation,Wind Offshore,2026-09-06T22:35:37Z
2026-09-06T22:33:26Z,2026-09-07T00:33:26+0200,93a2d44c-eeb1-4c93-8f4c-fe9405447247,2026-09-04T17:30:00Z,2026-09-04T19:30:00+0200,0.0,MW,ES,ES,actual_offshore_wind_generation,Wind Offshore,2026-09-06T22:35:37Z
2026-09-06T22:33:26Z,2026-09-07T00:33:26+0200,93a2d44c-eeb1-4c93-8f4c-fe9405447247,2026-09-04T17:45:00Z,2026-09-04T19:45:00+0200,0.0,MW,ES,ES,actual_offshore_wind_generation,Wind Offshore,2026-09-06T22:35:37Z
2026-09-06T22:33:26Z,2026-09-07T00:33:26+0200,93a2d44c-eeb1-4c93-8f4c-fe9405447247,2026-09-04T18:00:00Z,2026-09-04T20:00:00+0200,0.0,MW,ES,ES,actual_offshore_wind_generation,Wind Offshore,2026-09-06T22:35:37Z
2026-09-06T22:33:26Z,2026-09-07T00:33:26+0200,93a2d44c-eeb1-4c93-8f4c-fe9405447247,2026-09-04T18:15:00Z,2026-09-04T20:15:00+0200,0.0,MW,ES,ES,actual_offshore_wind_generation,Wind Offshore,2026-09-06T22:35:37Z
2026-09-06T22:33:26Z,2026-09-07T00:33:26+0200,93a2d44c-eeb1-4c93-8f4c-fe9405447247,2026-09-04T18:30:00Z,2026-09-04T20:30:00+0200,0.0,MW,ES,ES,actual_offshore_wind_generation,Wind Offshore,2026-09-06T22:35:37Z
2026-09-06T22:33:26Z,2026-09-07T00:33:26+0200,93a2d44c-eeb1-4c93-8f4c-fe9405447247,2026-09-04T18:45:00Z,2026-09-04T20:45:00+0200,0.0,MW,ES,ES,actual_offshore_wind_generation,Wind Offshore,2026-09-06T22:35:37Z
2026-09-06T22:33:26Z,2026-09-07T00:33:26+0200,93a2d44c-eeb1-4c93-8f4c-fe9405447247,2026-09-04T19:00:00Z,2026-09-04T21:00:00+0200,0.0,MW,ES,ES,actual_offshore_wind_generation,Wind Offshore,2026-09-06T22:35:37Z
2026-09-06T22:33:26Z,2026-09-07T00:33:26+0200,93a2d44c-eeb1-4c93-8f4c-fe9405447247,2026-09-04T19:15:00Z,2026-09-04T21:15:00+0200,0.0,MW,ES,ES,actual_offshore_wind_generation,Wind Offshore,2026-09-06T22:35:37Z
2026-09-06T22:33:26Z,2026-09-07T00:33:26+0200,93a2d44c-eeb1-4c93-8f4c-fe9405447247,2026-09-04T19:30:00Z,2026-09-04T21:30:00+0200,0.0,MW,ES,ES,actual_offshore_wind_generation,Wind Offshore,2026-09-06T22:35:37Z
2026-09-06T22:33:26Z,2026-09-07T00:33:26+0200,93a2d44c-eeb1-4c93-8f4c-fe9405447247,2026-09-04T19:45:00Z,2026-09-04T21:45:00+0200,0.0,MW,ES,ES,actual_offshore_wind_generation,Wind Offshore,2026-09-06T22:35:37Z
2026-09-06T22:33:26Z,2026-09-07T00:33:26+0200,93a2d44c-eeb1-4c93-8f4c-fe9405447247,2026-09-04T20:00:00Z,2026-09-04T22:00:00+0200,0.0,MW,ES,ES,actual_offshore_wind_generation,Wind Offshore,2026-09-06T22:35:37Z
2026-09-06T22:33:26Z,2026-09-07T00:33:26+0200,93a2d44c-eeb1-4c93-8f4c-fe9405447247,2026-09-04T20:15:00Z,2026-09-04T22:15:00+0200,0.0,MW,ES,ES,actual_offshore_wind_generation,Wind Offshore,2026-09-06T22:35:37Z
2026-09-06T22:33:26Z,2026-09-07T00:33:26+0200,93a2d44c-eeb1-4c93-8f4c-fe9405447247,2026-09-04T20:30:00Z,2026-09-04T22:30:00+0200,0.0,MW,ES,ES,actual_offshore_wind_generation,Wind Offshore,2026-09-06T22:35:37Z
2026-09-06T22:33:26Z,2026-09-07T00:33:26+0200,93a2d44c-eeb1-4c93-8f4c-fe9405447247,2026-09-04T20:45:00Z,2026-09-04T22:45:00+0200,0.0,MW,ES,ES,actual_offshore_wind_generation,Wind Offshore,2026-09-06T22:35:37Z
2026-09-06T22:33:26Z,2026-09-07T00:33:26+0200,93a2d44c-eeb1-4c93-8f4c-fe9405447247,2026-09-04T21:00:00Z,2026-09-04T23:00:00+0200,0.0,MW,ES,ES,actual_offshore_wind_generation,Wind Offshore,2026-09-06T22:35:37Z
2026-09-06T22:33:26Z,2026-09-07T00:33:26+0200,93a2d44c-eeb1-4c93-8f4c-fe9405447247,2026-09-04T21:15:00Z,2026-09-04T23:15:00+0200,0.0,MW,ES,ES,actual_offshore_wind_generation,Wind Offshore,2026-09-06T22:35:37Z
2026-09-06T22:33:26Z,2026-09-07T00:33:26+0200,93a2d44c-eeb1-4c93-8f4c-fe9405447247,2026-09-04T21:45:00Z,2026-09-04T23:45:00+0200,0.0,MW,ES,ES,actual_offshore_wind_generation,Wind Offshore,2026-09-06T22:35:37Z
2026-09-06T22:33:26Z,2026-09-07T00:33:26+0200,93a2d44c-eeb1-4c93-8f4c-fe9405447247,2026-09-04T22:00:00Z,2026-09-05T00:00:00+0200,0.0,MW,ES,ES,actual_offshore_wind_generation,Wind Offshore,2026-09-06T22:35:37Z
2026-09-06T22:33:26Z,2026-09-07T00:33:26+0200,93a2d44c-eeb1-4c93-8f4c-fe9405447247,2026-09-04T22:15:00Z,2026-09-05T00:15:00+0200,0.0,MW,ES,ES,actual_offshore_wind_generation,Wind Offshore,2026-09-06T22:35:37Z
2026-09-06T22:33:26Z,2026-09-07T00:33:26+0200,93a2d44c-eeb1-4c93-8f4c-fe9405447247,2026-09-04T22:30:00Z,2026-09-05T00:30:00+0200,0.0,MW,ES,ES,actual_offshore_wind_generation,Wind Offshore,2026-09-06T22:35:37Z
2026-09-06T22:33:26Z,2026-09-07T00:33:26+0200,93a2d44c-eeb1-4c93-8f4c-fe9405447247,2026-09-04T22:45:00Z,2026-09-05T00:45:00+0200,0.0,MW,ES,ES,actual_offshore_wind_generation,Wind Offshore,2026-09-06T22:35:37Z
2026-09-06T22:33:26Z,2026-09-07T00:33:26+0200,93a2d44c-eeb1-4c93-8f4c-fe9405447247,2026-09-04T23:00:00Z,2026-09-05T01:00:00+0200,0.0,MW,ES,ES,actual_offshore_wind_generation,Wind Offshore,2026-09-06T22:35:37Z
2026-09-06T22:33:26Z,2026-09-07T00:33:26+0200,93a2d44c-eeb1-4c93-8f4c-fe9405447247,2026-09-04T23:15:00Z,2026-09-05T01:15:00+0200,0.0,MW,ES,ES,actual_offshore_wind_generation,Wind Offshore,2026-09-06T22:35:37Z
2026-09-06T22:33:26Z,2026-09-07T00:33:26+0200,93a2d44c-eeb1-4c93-8f4c-fe9405447247,2026-09-04T23:30:00Z,2026-09-05T01:30:00+0200,0.0,MW,ES,ES,actual_offshore_wind_generation,Wind Offshore,2026-09-06T22:35:37Z
2026-09-06T22:33:26Z,2026-09-07T00:33:26+0200,93a2d44c-eeb1-4c93-8f4c-fe9405447247,2026-09-04T23:45:00Z,2026-09-05T01:45:00+0200,0.0,MW,ES,ES,actual_offshore_wind_generation,Wind Offshore,2026-09-06T22:35:37Z
2026-09-06T22:33:26Z,2026-09-07T00:33:26+0200,93a2d44c-eeb1-4c93-8f4c-fe9405447247,2026-09-05T00:00:00Z,2026-09-05T02:00:00+0200,0.0,MW,ES,ES,actual_offshore_wind_generation,Wind Offshore,2026-09-06T22:35:37Z
2026-09-06T22:33:26Z,2026-09-07T00:33:26+0200,93a2d44c-eeb1-4c93-8f4c-fe9405447247,2026-09-05T00:15:00Z,2026-09-05T02:15:00+0200,0.0,MW,ES,ES,actual_offshore_wind_generation,Wind Offshore,2026-09-06T22:35:37Z
2026-09-06T22:33:26Z,2026-09-07T00:33:26+0200,93a2d44c-eeb1-4c93-8f4c-fe9405447247,2026-09-05T00:30:00Z,2026-09-05T02:30:00+0200,0.0,MW,ES,ES,actual_offshore_wind_generation,Wind Offshore,2026-09-06T22:35:37Z
2026-09-06T22:33:26Z,2026-09-07T00:33:26+0200,93a2d44c-eeb1-4c93-8f4c-fe9405447247,2026-09-05T00:45:00Z,2026-09-05T02:45:00+0200,0.0,MW,ES,ES,actual_offshore_wind_generation,Wind Offshore,2026-09-06T22:35:37Z
2026-09-06T22:33:26Z,2026-09-07T00:33:26+0200,93a2d44c-eeb1-4c93-8f4c-fe9405447247,2026-09-05T01:00:00Z,2026-09-05T03:00:00+0200,0.0,MW,ES,ES,actual_offshore_wind_generation,Wind Offshore,2026-09-06T22:35:37Z
2026-09-06T22:33:26Z,2026-09-07T00:33:26+0200,93a2d44c-eeb1-4c93-8f4c-fe9405447247,2026-09-05T01:15:00Z,2026-09-05T03:15:00+0200,0.0,MW,ES,ES,actual_offshore_wind_generation,Wind Offshore,2026-09-06T22:35:37Z
2026-09-06T22:33:26Z,2026-09-07T00:33:26+0200,93a2d44c-eeb1-4c93-8f4c-fe9405447247,2026-09-05T01:30:00Z,2026-09-05T03:30:00+0200,0.0,MW,ES,ES,actual_offshore_wind_generation,Wind Offshore,2026-09-06T22:35:37Z
2026-09-06T22:33:26Z,2026-09-07T00:33:26+0200,93a2d44c-eeb1-4c93-8f4c-fe9405447247,2026-09-05T01:45:00Z,2026-09-05T03:45:00+0200,0.0,MW,ES,ES,actual_offshore_wind_generation,Wind Offshore,2026-09-06T22:35:37Z
2026-09-06T22:33:26Z,2026-09-07T00:33:26+0200,93a2d44c-eeb1-4c93-8f4c-fe9405447247,2026-09-05T02:00:00Z,2026-09-05T04:00:00+0200,0.0,MW,ES,ES,actual_offshore_wind_generation,Wind Offshore,2026-09-06T22:35:37Z
2026-09-06T22:33:26Z,2026-09-07T00:33:26+0200,93a2d44c-eeb1-4c93-8f4c-fe9405447247,2026-09-05T02:15:00Z,2026-09-05T04:15:00+0200,0.0,MW,ES,ES,actual_offshore_wind_generation,Wind Offshore,2026-09-06T22:35:37Z
2026-09-06T22:33:26Z,2026-09-07T00:33:26+0200,93a2d44c-eeb1-4c93-8f4c-fe9405447247,2026-09-05T02:30:00Z,2026-09-05T04:30:00+0200,0.0,MW,ES,ES,actual_offshore_wind_generation,Wind Offshore,2026-09-06T22:35:37Z
2026-09-06T22:33:26Z,2026-09-07T00:33:26+0200,93a2d44c-eeb1-4c93-8f4c-fe9405447247,2026-09-05T02:45:00Z,2026-09-05T04:45:00+0200,0.0,MW,ES,ES,actual_offshore_wind_generation,Wind Offshore,2026-09-06T22:35:37Z
2026-09-06T22:33:26Z,2026-09-07T00:33:26+0200,93a2d44c-eeb1-4c93-8f4c-fe9405447247,2026-09-05T03:00:00Z,2026-09-05T05:00:00+0200,0.0,MW,ES,ES,actual_offshore_wind_generation,Wind Offshore,2026-09-06T22:35:37Z
2026-09-06T22:33:26Z,2026-09-07T00:33:26+0200,93a2d44c-eeb1-4c93-8f4c-fe9405447247,2026-09-05T03:15:00Z,2026-09-05T05:15:00+0200,0.0,MW,ES,ES,actual_offshore_wind_generation,Wind Offshore,2026-09-06T22:35:37Z
2026-09-06T22:33:26Z,2026-09-07T00:33:26+0200,93a2d44c-eeb1-4c93-8f4c-fe9405447247,2026-09-05T03:30:00Z,2026-09-05T05:30:00+0200,0.0,MW,ES,ES,actual_offshore_wind_generation,Wind Offshore,2026-09-06T22:35:37Z
2026-09-06T22:33:26Z,2026-09-07T00:33:26+0200,93a2d44c-eeb1-4c93-8f4c-fe9405447247,2026-09-05T03:45:00Z,2026-09-05T05:45:00+0200,0.0,MW,ES,ES,actual_offshore_wind_generation,Wind Offshore,2026-09-06T22:35:37Z
2026-09-06T22:33:26Z,2026-09-07T00:33:26+0200,93a2d44c-eeb1-4c93-8f4c-fe9405447247,2026-09-05T04:00:00Z,2026-09-05T06:00:00+0200,0.0,MW,ES,ES,actual_offshore_wind_generation,Wind Offshore,2026-09-06T22:35:37Z
2026-09-06T22:33:26Z,2026-09-07T00:33:26+0200,93a2d44c-eeb1-4c93-8f4c-fe9405447247,2026-09-05T04:15:00Z,2026-09-05T06:15:00+0200,0.0,MW,ES,ES,actual_offshore_wind_generation,Wind Offshore,2026-09-06T22:35:37Z
2026-09-06T22:33:26Z,2026-09-07T00:33:26+0200,93a2d44c-eeb1-4c93-8f4c-fe9405447247,2026-09-05T04:30:00Z,2026-09-05T06:30:00+0200,0.0,MW,ES,ES,actual_offshore_wind_generation,Wind Offshore,2026-09-06T22:35:37Z
2026-09-06T22:33:26Z,2026-09-07T00:33:26+0200,93a2d44c-eeb1-4c93-8f4c-fe9405447247,2026-09-05T04:45:00Z,2026-09-05T06:45:00+0200,0.0,MW,ES,ES,actual_offshore_wind_generation,Wind Offshore,2026-09-06T22:35:37Z
2026-09-06T22:33:26Z,2026-09-07T00:33:26+0200,93a2d44c-eeb1-4c93-8f4c-fe9405447247,2026-09-05T05:00:00Z,2026-09-05T07:00:00+0200,0.0,MW,ES,ES,actual_offshore_wind_generation,Wind Offshore,2026-09-06T22:35:37Z
2026-09-06T22:33:26Z,2026-09-07T00:33:26+0200,93a2d44c-eeb1-4c93-8f4c-fe9405447247,2026-09-05T05:15:00Z,2026-09-05T07:15:00+0200,0.0,MW,ES,ES,actual_offshore_wind_generation,Wind Offshore,2026-09-06T22:35:37Z
2026-09-06T22:33:26Z,2026-09-07T00:33:26+0200,93a2d44c-eeb1-4c93-8f4c-fe9405447247,2026-09-05T05:30:00Z,2026-09-05T07:30:00+0200,0.0,MW,ES,ES,actual_offshore_wind_generation,Wind Offshore,2026-09-06T22:35:37Z
2026-09-06T22:33:26Z,2026-09-07T00:33:26+0200,93a2d44c-eeb1-4c93-8f4c-fe9405447247,2026-09-05T05:45:00Z,2026-09-05T07:45:00+0200,0.0,MW,ES,ES,actual_offshore_wind_generation,Wind Offshore,2026-09-06T22:35:37Z
2026-09-06T22:33:26Z,2026-09-07T00:33:26+0200,93a2d44c-eeb1-4c93-8f4c-fe9405447247,2026-09-05T06:00:00Z,2026-09-05T08:00:00+0200,0.0,MW,ES,ES,actual_offshore_wind_generation,Wind Offshore,2026-09-06T22:35:37Z
2026-09-06T22:33:26Z,2026-09-07T00:33:26+0200,93a2d44c-eeb1-4c93-8f4c-fe9405447247,2026-09-05T06:15:00Z,2026-09-05T08:15:00+0200,0.0,MW,ES,ES,actual_offshore_wind_generation,Wind Offshore,2026-09-06T22:35:37Z
2026-09-06T22:33:26Z,2026-09-07T00:33:26+0200,93a2d44c-eeb1-4c93-8f4c-fe9405447247,2026-09-05T06:30:00Z,2026-09-05T08:30:00+0200,0.0,MW,ES,ES,actual_offshore_wind_generation,Wind Offshore,2026-09-06T22:35:37Z
2026-09-06T22:33:26Z,2026-09-07T00:33:26+0200,93a2d44c-eeb1-4c93-8f4c-fe9405447247,2026-09-05T06:45:00Z,2026-09-05T08:45:00+0200,0.0,MW,ES,ES,actual_offshore_wind_generation,Wind Offshore,2026-09-06T22:35:37Z
2026-09-06T22:33:26Z,2026-09-07T00:33:26+0200,93a2d44c-eeb1-4c93-8f4c-fe9405447247,2026-09-05T07:00:00Z,2026-09-05T09:00:00+0200,0.0,MW,ES,ES,actual_offshore_wind_generation,Wind Offshore,2026-09-06T22:35:37Z
2026-09-06T22:33:26Z,2026-09-07T00:33:26+0200,93a2d44c-eeb1-4c93-8f4c-fe9405447247,2026-09-05T07:15:00Z,2026-09-05T09:15:00+0200,0.0,MW,ES,ES,actual_offshore_wind_generation,Wind Offshore,2026-09-06T22:35:37Z
2026-09-06T22:33:26Z,2026-09-07T00:33:26+0200,93a2d44c-eeb1-4c93-8f4c-fe9405447247,2026-09-05T07:30:00Z,2026-09-05T09:30:00+0200,0.0,MW,ES,ES,actual_offshore_wind_generation,Wind Offshore,2026-09-06T22:35:37Z
2026-09-06T22:33:26Z,2026-09-07T00:33:26+0200,93a2d44c-eeb1-4c93-8f4c-fe9405447247,2026-09-05T07:45:00Z,2026-09-05T09:45:00+0200,0.0,MW,ES,ES,actual_offshore_wind_generation,Wind Offshore,2026-09-06T22:35:37Z
2026-09-06T22:33:26Z,2026-09-07T00:33:26+0200,93a2d44c-eeb1-4c93-8f4c-fe9405447247,2026-09-05T08:00:00Z,2026-09-05T10:00:00+0200,0.0,MW,ES,ES,actual_offshore_wind_generation,Wind Offshore,2026-09-06T22:35:37Z
2026-09-06T22:33:26Z,2026-09-07T00:33:26+0200,93a2d44c-eeb1-4c93-8f4c-fe9405447247,2026-09-05T08:15:00Z,2026-09-05T10:15:00+0200,0.0,MW,ES,ES,actual_offshore_wind_generation,Wind Offshore,2026-09-06T22:35:37Z
2026-09-06T22:33:26Z,2026-09-07T00:33:26+0200,93a2d44c-eeb1-4c93-8f4c-fe9405447247,2026-09-05T08:30:00Z,2026-09-05T10:30:00+0200,0.0,MW,ES,ES,actual_offshore_wind_generation,Wind Offshore,2026-09-06T22:35:37Z
2026-09-06T22:33:26Z,2026-09-07T00:33:26+0200,93a2d44c-eeb1-4c93-8f4c-fe9405447247,2026-09-05T08:45:00Z,2026-09-05T10:45:00+0200,0.0,MW,ES,ES,actual_offshore_wind_generation,Wind Offshore,2026-09-06T22:35:37Z
2026-09-06T22:33:26Z,2026-09-07T00:33:26+0200,93a2d44c-eeb1-4c93-8f4c-fe9405447247,2026-09-05T09:00:00Z,2026-09-05T11:00:00+0200,0.0,MW,ES,ES,actual_offshore_wind_generation,Wind Offshore,2026-09-06T22:35:37Z
2026-09-06T22:33:26Z,2026-09-07T00:33:26+0200,93a2d44c-eeb1-4c93-8f4c-fe9405447247,2026-09-05T09:15:00Z,2026-09-05T11:15:00+0200,0.0,MW,ES,ES,actual_offshore_wind_generation,Wind Offshore,2026-09-06T22:35:37Z
2026-09-06T22:33:26Z,2026-09-07T00:33:26+0200,93a2d44c-eeb1-4c93-8f4c-fe9405447247,2026-09-05T09:30:00Z,2026-09-05T11:30:00+0200,0.0,MW,ES,ES,actual_offshore_wind_generation,Wind Offshore,2026-09-06T22:35:37Z
2026-09-06T22:33:26Z,2026-09-07T00:33:26+0200,93a2d44c-eeb1-4c93-8f4c-fe9405447247,2026-09-05T09:45:00Z,2026-09-05T11:45:00+0200,0.0,MW,ES,ES,actual_offshore_wind_generation,Wind Offshore,2026-09-06T22:35:37Z
2026-09-06T22:33:26Z,2026-09-07T00:33:26+0200,93a2d44c-eeb1-4c93-8f4c-fe9405447247,2026-09-05T10:00:00Z,2026-09-05T12:00:00+0200,0.0,MW,ES,ES,actual_offshore_wind_generation,Wind Offshore,2026-09-06T22:35:37Z
2026-09-06T22:33:26Z,2026-09-07T00:33:26+0200,93a2d44c-eeb1-4c93-8f4c-fe9405447247,2026-09-05T10:15:00Z,2026-09-05T12:15:00+0200,0.0,MW,ES,ES,actual_offshore_wind_generation,Wind Offshore,2026-09-06T22:35:37Z
2026-09-06T22:33:26Z,2026-09-07T00:33:26+0200,93a2d44c-eeb1-4c93-8f4c-fe9405447247,2026-09-05T10:30:00Z,2026-09-05T12:30:00+0200,0.0,MW,ES,ES,actual_offshore_wind_generation,Wind Offshore,2026-09-06T22:35:37Z
2026-09-06T22:33:26Z,2026-09-07T00:33:26+0200,93a2d44c-eeb1-4c93-8f4c-fe9405447247,2026-09-05T10:45:00Z,2026-09-05T12:45:00+0200,0.0,MW,ES,ES,actual_offshore_wind_generation,Wind Offshore,2026-09-06T22:35:37Z
2026-09-06T22:33:26Z,2026-09-07T00:33:26+0200,93a2d44c-eeb1-4c93-8f4c-fe9405447247,2026-09-05T11:00:00Z,2026-09-05T13:00:00+0200,0.0,MW,ES,ES,actual_offshore_wind_generation,Wind Offshore,2026-09-06T22:35:37Z
2026-09-06T22:33:26Z,2026-09-07T00:33:26+0200,93a2d44c-eeb1-4c93-8f4c-fe9405447247,2026-09-05T11:15:00Z,2026-09-05T13:15:00+0200,0.0,MW,ES,ES,actual_offshore_wind_generation,Wind Offshore,2026-09-06T22:35:37Z
2026-09-06T22:33:26Z,2026-09-07T00:33:26+0200,93a2d44c-eeb1-4c93-8f4c-fe9405447247,2026-09-05T11:30:00Z,2026-09-05T13:30:00+0200,0.0,MW,ES,ES,actual_offshore_wind_generation,Wind Offshore,2026-09-06T22:35:37Z
2026-09-06T22:33:26Z,2026-09-07T00:33:26+0200,93a2d44c-eeb1-4c93-8f4c-fe9405447247,2026-09-05T11:45:00Z,2026-09-05T13:45:00+0200,0.0,MW,ES,ES,actual_offshore_wind_generation,Wind Offshore,2026-09-06T22:35:37Z
2026-09-06T22:33:26Z,2026-09-07T00:33:26+0200,93a2d44c-eeb1-4c93-8f4c-fe9405447247,2026-09-05T12:00:00Z,2026-09-05T14:00:00+0200,0.0,MW,ES,ES,actual_offshore_wind_generation,Wind Offshore,2026-09-06T22:35:37Z
2026-09-06T22:33:26Z,2026-09-07T00:33:26+0200,93a2d44c-eeb1-4c93-8f4c-fe9405447247,2026-09-05T12:15:00Z,2026-09-05T14:15:00+0200,0.0,MW,ES,ES,actual_offshore_wind_generation,Wind Offshore,2026-09-06T22:35:37Z
2026-09-06T22:33:26Z,2026-09-07T00:33:26+0200,93a2d44c-eeb1-4c93-8f4c-fe9405447247,2026-09-05T12:30:00Z,2026-09-05T14:30:00+0200,0.0,MW,ES,ES,actual_offshore_wind_generation,Wind Offshore,2026-09-06T22:35:37Z
2026-09-06T22:33:26Z,2026-09-07T00:33:26+0200,93a2d44c-eeb1-4c93-8f4c-fe9405447247,2026-09-05T12:45:00Z,2026-09-05T14:45:00+0200,0.0,MW,ES,ES,actual_offshore_wind_generation,Wind Offshore,2026-09-06T22:35:37Z
2026-09-06T22:33:26Z,2026-09-07T00:33:26+0200,93a2d44c-eeb1-4c93-8f4c-fe9405447247,2026-09-05T13:00:00Z,2026-09-05T15:00:00+0200,0.0,MW,ES,ES,actual_offshore_wind_generation,Wind Offshore,2026-09-06T22:35:37Z
2026-09-06T22:33:26Z,2026-09-07T00:33:26+0200,93a2d44c-eeb1-4c93-8f4c-fe9405447247,2026-09-05T13:15:00Z,2026-09-05T15:15:00+0200,0.0,MW,ES,ES,actual_offshore_wind_generation,Wind Offshore,2026-09-06T22:35:37Z
2026-09-06T22:33:26Z,2026-09-07T00:33:26+0200,93a2d44c-eeb1-4c93-8f4c-fe9405447247,2026-09-05T13:30:00Z,2026-09-05T15:30:00+0200,0.0,MW,ES,ES,actual_offshore_wind_generation,Wind Offshore,2026-09-06T22:35:37Z
2026-09-06T22:33:26Z,2026-09-07T00:33:26+0200,93a2d44c-eeb1-4c93-8f4c-fe9405447247,2026-09-05T13:45:00Z,2026-09-05T15:45:00+0200,0.0,MW,ES,ES,actual_offshore_wind_generation,Wind Offshore,2026-09-06T22:35:37Z
2026-09-06T22:33:26Z,2026-09-07T00:33:26+0200,93a2d44c-eeb1-4c93-8f4c-fe9405447247,2026-09-05T14:00:00Z,2026-09-05T16:00:00+0200,0.0,MW,ES,ES,actual_offshore_wind_generation,Wind Offshore,2026-09-06T22:35:37Z
2026-09-06T22:33:26Z,2026-09-07T00:33:26+0200,93a2d44c-eeb1-4c93-8f4c-fe9405447247,2026-09-05T14:15:00Z,2026-09-05T16:15:00+0200,0.0,MW,ES,ES,actual_offshore_wind_generation,Wind Offshore,2026-09-06T22:35:37Z
2026-09-06T22:33:26Z,2026-09-07T00:33:26+0200,93a2d44c-eeb1-4c93-8f4c-fe9405447247,2026-09-05T14:30:00Z,2026-09-05T16:30:00+0200,0.0,MW,ES,ES,actual_offshore_wind_generation,Wind Offshore,2026-09-06T22:35:37Z
2026-09-06T22:33:26Z,2026-09-07T00:33:26+0200,93a2d44c-eeb1-4c93-8f4c-fe9405447247,2026-09-05T14:45:00Z,2026-09-05T16:45:00+0200,0.0,MW,ES,ES,actual_offshore_wind_generation,Wind Offshore,2026-09-06T22:35:37Z
2026-09-06T22:33:26Z,2026-09-07T00:33:26+0200,93a2d44c-eeb1-4c93-8f4c-fe9405447247,2026-09-05T15:00:00Z,2026-09-05T17:00:00+0200,0.0,MW,ES,ES,actual_offshore_wind_generation,Wind Offshore,2026-09-06T22:35:37Z
2026-09-06T22:33:26Z,2026-09-07T00:33:26+0200,93a2d44c-eeb1-4c93-8f4c-fe9405447247,2026-09-05T15:15:00Z,2026-09-05T17:15:00+0200,0.0,MW,ES,ES,actual_offshore_wind_generation,Wind Offshore,2026-09-06T22:35:37Z
2026-09-06T22:33:26Z,2026-09-07T00:33:26+0200,93a2d44c-eeb1-4c93-8f4c-fe9405447247,2026-09-05T15:30:00Z,2026-09-05T17:30:00+0200,0.0,MW,ES,ES,actual_offshore_wind_generation,Wind Offshore,2026-09-06T22:35:37Z
2026-09-06T22:33:26Z,2026-09-07T00:33:26+0200,93a2d44c-eeb1-4c93-8f4c-fe9405447247,2026-09-05T15:45:00Z,2026-09-05T17:45:00+0200,0.0,MW,ES,ES,actual_offshore_wind_generation,Wind Offshore,2026-09-06T22:35:37Z
2026-09-06T22:33:26Z,2026-09-07T00:33:26+0200,93a2d44c-eeb1-4c93-8f4c-fe9405447247,2026-09-05T16:00:00Z,2026-09-05T18:00:00+0200,0.0,MW,ES,ES,actual_offshore_wind_generation,Wind Offshore,2026-09-06T22:35:37Z
2026-09-06T22:33:26Z,2026-09-07T00:33:26+0200,93a2d44c-eeb1-4c93-8f4c-fe9405447247,2026-09-05T16:15:00Z,2026-09-05T18:15:00+0200,0.0,MW,ES,ES,actual_offshore_wind_generation,Wind Offshore,2026-09-06T22:35:37Z
2026-09-06T22:33:26Z,2026-09-07T00:33:26+0200,93a2d44c-eeb1-4c93-8f4c-fe9405447247,2026-09-05T16:30:00Z,2026-09-05T18:30:00+0200,0.0,MW,ES,ES,actual_offshore_wind_generation,Wind Offshore,2026-09-06T22:35:37Z
2026-09-06T22:33:26Z,2026-09-07T00:33:26+0200,93a2d44c-eeb1-4c93-8f4c-fe9405447247,2026-09-05T16:45:00Z,2026-09-05T18:45:00+0200,0.0,MW,ES,ES,actual_offshore_wind_generation,Wind Offshore,2026-09-06T22:35:37Z
2026-09-06T22:33:26Z,2026-09-07T00:33:26+0200,93a2d44c-eeb1-4c93-8f4c-fe9405447247,2026-09-05T17:00:00Z,2026-09-05T19:00:00+0200,0.0,MW,ES,ES,actual_offshore_wind_generation,Wind Offshore,2026-09-06T22:35:37Z
2026-09-06T22:33:26Z,2026-09-07T00:33:26+0200,93a2d44c-eeb1-4c93-8f4c-fe9405447247,2026-09-05T17:15:00Z,2026-09-05T19:15:00+0200,0.0,MW,ES,ES,actual_offshore_wind_generation,Wind Offshore,2026-09-06T22:35:37Z
2026-09-06T22:33:26Z,2026-09-07T00:33:26+0200,93a2d44c-eeb1-4c93-8f4c-fe9405447247,2026-09-05T17:30:00Z,2026-09-05T19:30:00+0200,0.0,MW,ES,ES,actual_offshore_wind_generation,Wind Offshore,2026-09-06T22:35:37Z
2026-09-06T22:33:26Z,2026-09-07T00:33:26+0200,93a2d44c-eeb1-4c93-8f4c-fe9405447247,2026-09-05T17:45:00Z,2026-09-05T19:45:00+0200,0.0,MW,ES,ES,actual_offshore_wind_generation,Wind Offshore,2026-09-06T22:35:37Z
2026-09-06T22:33:26Z,2026-09-07T00:33:26+0200,93a2d44c-eeb1-4c93-8f4c-fe9405447247,2026-09-05T18:00:00Z,2026-09-05T20:00:00+0200,0.0,MW,ES,ES,actual_offshore_wind_generation,Wind Offshore,2026-09-06T22:35:37Z
2026-09-06T22:33:26Z,2026-09-07T00:33:26+0200,93a2d44c-eeb1-4c93-8f4c-fe9405447247,2026-09-05T18:15:00Z,2026-09-05T20:15:00+0200,0.0,MW,ES,ES,actual_offshore_wind_generation,Wind Offshore,2026-09-06T22:35:37Z
2026-09-06T22:33:26Z,2026-09-07T00:33:26+0200,93a2d44c-eeb1-4c93-8f4c-fe9405447247,2026-09-05T18:30:00Z,2026-09-05T20:30:00+0200,0.0,MW,ES,ES,actual_offshore_wind_generation,Wind Offshore,2026-09-06T22:35:37Z
2026-09-06T22:33:26Z,2026-09-07T00:33:26+0200,93a2d44c-eeb1-4c93-8f4c-fe9405447247,2026-09-05T18:45:00Z,2026-09-05T20:45:00+0200,0.0,MW,ES,ES,actual_offshore_wind_generation,Wind Offshore,2026-09-06T22:35:37Z
2026-09-06T22:33:26Z,2026-09-07T00:33:26+0200,93a2d44c-eeb1-4c93-8f4c-fe9405447247,2026-09-05T19:00:00Z,2026-09-05T21:00:00+0200,0.0,MW,ES,ES,actual_offshore_wind_generation,Wind Offshore,2026-09-06T22:35:37Z
2026-09-06T22:33:26Z,2026-09-07T00:33:26+0200,93a2d44c-eeb1-4c93-8f4c-fe9405447247,2026-09-05T19:15:00Z,2026-09-05T21:15:00+0200,0.0,MW,ES,ES,actual_offshore_wind_generation,Wind Offshore,2026-09-06T22:35:37Z
2026-09-06T22:33:26Z,2026-09-07T00:33:26+0200,93a2d44c-eeb1-4c93-8f4c-fe9405447247,2026-09-05T19:30:00Z,2026-09-05T21:30:00+0200,0.0,MW,ES,ES,actual_offshore_wind_generation,Wind Offshore,2026-09-06T22:35:37Z
2026-09-06T22:33:26Z,2026-09-07T00:33:26+0200,93a2d44c-eeb1-4c93-8f4c-fe9405447247,2026-09-05T19:45:00Z,2026-09-05T21:45:00+0200,0.0,MW,ES,ES,actual_offshore_wind_generation,Wind Offshore,2026-09-06T22:35:37Z
2026-09-06T22:33:26Z,2026-09-07T00:33:26+0200,93a2d44c-eeb1-4c93-8f4c-fe9405447247,2026-09-05T20:00:00Z,2026-09-05T22:00:00+0200,0.0,MW,ES,ES,actual_offshore_wind_generation,Wind Offshore,2026-09-06T22:35:37Z
2026-09-06T22:33:26Z,2026-09-07T00:33:26+0200,93a2d44c-eeb1-4c93-8f4c-fe9405447247,2026-09-05T20:15:00Z,2026-09-05T22:15:00+0200,0.0,MW,ES,ES,actual_offshore_wind_generation,Wind Offshore,2026-09-06T22:35:37Z
2026-09-06T22:33:26Z,2026-09-07T00:33:26+0200,93a2d44c-eeb1-4c93-8f4c-fe9405447247,2026-09-05T20:30:00Z,2026-09-05T22:30:00+0200,0.0,MW,ES,ES,actual_offshore_wind_generation,Wind Offshore,2026-09-06T22:35:37Z
2026-09-06T22:33:26Z,2026-09-07T00:33:26+0200,93a2d44c-eeb1-4c93-8f4c-fe9405447247,2026-09-05T20:45:00Z,2026-09-05T22:45:00+0200,0.0,MW,ES,ES,actual_offshore_wind_generation,Wind Offshore,2026-09-06T22:35:37Z
2026-09-06T22:33:26Z,2026-09-07T00:33:26+0200,93a2d44c-eeb1-4c93-8f4c-fe9405447247,2026-09-05T21:00:00Z,2026-09-05T23:00:00+0200,0.0,MW,ES,ES,actual_offshore_wind_generation,Wind Offshore,2026-09-06T22:35:37Z
2026-09-06T22:33:26Z,2026-09-07T00:33:26+0200,93a2d44c-eeb1-4c93-8f4c-fe9405447247,2026-09-05T21:15:00Z,2026-09-05T23:15:00+0200,0.0,MW,ES,ES,actual_offshore_wind_generation,Wind Offshore,2026-09-06T22:35:37Z
2026-09-06T22:33:26Z,2026-09-07T00:33:26+0200,93a2d44c-eeb1-4c93-8f4c-fe9405447247,2026-09-05T21:30:00Z,2026-09-05T23:30:00+0200,0.0,MW,ES,ES,actual_offshore_wind_generation,Wind Offshore,2026-09-06T22:35:37Z
2026-09-06T22:33:26Z,2026-09-07T00:33:26+0200,93a2d44c-eeb1-4c93-8f4c-fe9405447247,2026-09-05T21:45:00Z,2026-09-05T23:45:00+0200,0.0,MW,ES,ES,actual_offshore_wind_generation,Wind Offshore,2026-09-06T22:35:37Z
2026-09-06T22:33:26Z,2026-09-07T00:33:26+0200,93a2d44c-eeb1-4c93-8f4c-fe9405447247,2026-09-05T22:00:00Z,2026-09-06T00:00:00+0200,0.0,MW,ES,ES,actual_offshore_wind_generation,Wind Offshore,2026-09-06T22:35:37Z
2026-09-06T22:33:26Z,2026-09-07T00:33:26+0200,93a2d44c-eeb1-4c93-8f4c-fe9405447247,2026-09-05T22:15:00Z,2026-09-06T00:15:00+0200,0.0,MW,ES,ES,actual_offshore_wind_generation,Wind Offshore,2026-09-06T22:35:37Z
2026-09-06T22:33:26Z,2026-09-07T00:33:26+0200,93a2d44c-eeb1-4c93-8f4c-fe9405447247,2026-09-05T22:30:00Z,2026-09-06T00:30:00+0200,0.0,MW,ES,ES,actual_offshore_wind_generation,Wind Offshore,2026-09-06T22:35:37Z
2026-09-06T22:33:26Z,2026-09-07T00:33:26+0200,93a2d44c-eeb1-4c93-8f4c-fe9405447247,2026-09-05T22:45:00Z,2026-09-06T00:45:00+0200,0.0,MW,ES,ES,actual_offshore_wind_generation,Wind Offshore,2026-09-06T22:35:37Z
2026-09-06T22:33:26Z,2026-09-07T00:33:26+0200,93a2d44c-eeb1-4c93-8f4c-fe9405447247,2026-09-05T23:00:00Z,2026-09-06T01:00:00+0200,0.0,MW,ES,ES,actual_offshore_wind_generation,Wind Offshore,2026-09-06T22:35:37Z
2026-09-06T22:33:26Z,2026-09-07T00:33:26+0200,93a2d44c-eeb1-4c93-8f4c-fe9405447247,2026-09-05T23:15:00Z,2026-09-06T01:15:00+0200,0.0,MW,ES,ES,actual_offshore_wind_generation,Wind Offshore,2026-09-06T22:35:37Z
2026-09-06T22:33:26Z,2026-09-07T00:33:26+0200,93a2d44c-eeb1-4c93-8f4c-fe9405447247,2026-09-05T23:30:00Z,2026-09-06T01:30:00+0200,0.0,MW,ES,ES,actual_offshore_wind_generation,Wind Offshore,2026-09-06T22:35:37Z
2026-09-06T22:33:26Z,2026-09-07T00:33:26+0200,93a2d44c-eeb1-4c93-8f4c-fe9405447247,2026-09-05T23:45:00Z,2026-09-06T01:45:00+0200,0.0,MW,ES,ES,actual_offshore_wind_generation,Wind Offshore,2026-09-06T22:35:37Z
2026-09-06T22:33:26Z,2026-09-07T00:33:26+0200,93a2d44c-eeb1-4c93-8f4c-fe9405447247,2026-09-06T00:00:00Z,2026-09-06T02:00:00+0200,0.0,MW,ES,ES,actual_offshore_wind_generation,Wind Offshore,2026-09-06T22:35:37Z
2026-09-06T22:33:26Z,2026-09-07T00:33:26+0200,93a2d44c-eeb1-4c93-8f4c-fe9405447247,2026-09-06T00:15:00Z,2026-09-06T02:15:00+0200,0.0,MW,ES,ES,actual_offshore_wind_generation,Wind Offshore,2026-09-06T22:35:37Z
2026-09-06T22:33:26Z,2026-09-07T00:33:26+0200,93a2d44c-eeb1-4c93-8f4c-fe9405447247,2026-09-06T00:30:00Z,2026-09-06T02:30:00+0200,0.0,MW,ES,ES,actual_offshore_wind_generation,Wind Offshore,2026-09-06T22:35:37Z
2026-09-06T22:33:26Z,2026-09-07T00:33:26+0200,93a2d44c-eeb1-4c93-8f4c-fe9405447247,2026-09-06T00:45:00Z,2026-09-06T02:45:00+0200,0.0,MW,ES,ES,actual_offshore_wind_generation,Wind Offshore,2026-09-06T22:35:37Z
2026-09-06T22:33:26Z,2026-09-07T00:33:26+0200,93a2d44c-eeb1-4c93-8f4c-fe9405447247,2026-09-06T01:00:00Z,2026-09-06T03:00:00+0200,0.0,MW,ES,ES,actual_offshore_wind_generation,Wind Offshore,2026-09-06T22:35:37Z
2026-09-06T22:33:26Z,2026-09-07T00:33:26+0200,93a2d44c-eeb1-4c93-8f4c-fe9405447247,2026-09-06T01:15:00Z,2026-09-06T03:15:00+0200,0.0,MW,ES,ES,actual_offshore_wind_generation,Wind Offshore,2026-09-06T22:35:37Z
2026-09-06T22:33:26Z,2026-09-07T00:33:26+0200,93a2d44c-eeb1-4c93-8f4c-fe9405447247,2026-09-06T01:30:00Z,2026-09-06T03:30:00+0200,0.0,MW,ES,ES,actual_offshore_wind_generation,Wind Offshore,2026-09-06T22:35:37Z
2026-09-06T22:33:26Z,2026-09-07T00:33:26+0200,93a2d44c-eeb1-4c93-8f4c-fe9405447247,2026-09-06T01:45:00Z,2026-09-06T03:45:00+0200,0.0,MW,ES,ES,actual_offshore_wind_generation,Wind Offshore,2026-09-06T22:35:37Z
2026-09-06T22:33:26Z,2026-09-07T00:33:26+0200,93a2d44c-eeb1-4c93-8f4c-fe9405447247,2026-09-06T02:00:00Z,2026-09-06T04:00:00+0200,0.0,MW,ES,ES,actual_offshore_wind_generation,Wind Offshore,2026-09-06T22:35:37Z
2026-09-06T22:33:26Z,2026-09-07T00:33:26+0200,93a2d44c-eeb1-4c93-8f4c-fe9405447247,2026-09-06T02:15:00Z,2026-09-06T04:15:00+0200,0.0,MW,ES,ES,actual_offshore_wind_generation,Wind Offshore,2026-09-06T22:35:37Z
2026-09-06T22:33:26Z,2026-09-07T00:33:26+0200,93a2d44c-eeb1-4c93-8f4c-fe9405447247,2026-09-06T02:30:00Z,2026-09-06T04:30:00+0200,0.0,MW,ES,ES,actual_offshore_wind_generation,Wind Offshore,2026-09-06T22:35:37Z
2026-09-06T22:33:26Z,2026-09-07T00:33:26+0200,93a2d44c-eeb1-4c93-8f4c-fe9405447247,2026-09-06T02:45:00Z,2026-09-06T04:45:00+0200,0.0,MW,ES,ES,actual_offshore_wind_generation,Wind Offshore,2026-09-06T22:35:37Z
2026-09-06T22:33:26Z,2026-09-07T00:33:26+0200,93a2d44c-eeb1-4c93-8f4c-fe9405447247,2026-09-06T03:00:00Z,2026-09-06T05:00:00+0200,0.0,MW,ES,ES,actual_offshore_wind_generation,Wind Offshore,2026-09-06T22:35:37Z
2026-09-06T22:33:26Z,2026-09-07T00:33:26+0200,93a2d44c-eeb1-4c93-8f4c-fe9405447247,2026-09-06T03:15:00Z,2026-09-06T05:15:00+0200,0.0,MW,ES,ES,actual_offshore_wind_generation,Wind Offshore,2026-09-06T22:35:37Z
2026-09-06T22:33:26Z,2026-09-07T00:33:26+0200,93a2d44c-eeb1-4c93-8f4c-fe9405447247,2026-09-06T03:30:00Z,2026-09-06T05:30:00+0200,0.0,MW,ES,ES,actual_offshore_wind_generation,Wind Offshore,2026-09-06T22:35:37Z
2026-09-06T22:33:26Z,2026-09-07T00:33:26+0200,93a2d44c-eeb1-4c93-8f4c-fe9405447247,2026-09-06T03:45:00Z,2026-09-06T05:45:00+0200,0.0,MW,ES,ES,actual_offshore_wind_generation,Wind Offshore,2026-09-06T22:35:37Z
2026-09-06T22:33:26Z,2026-09-07T00:33:26+0200,93a2d44c-eeb1-4c93-8f4c-fe9405447247,2026-09-06T04:00:00Z,2026-09-06T06:00:00+0200,0.0,MW,ES,ES,actual_offshore_wind_generation,Wind Offshore,2026-09-06T22:35:37Z
2026-09-06T22:33:26Z,2026-09-07T00:33:26+0200,93a2d44c-eeb1-4c93-8f4c-fe9405447247,2026-09-06T04:15:00Z,2026-09-06T06:15:00+0200,0.0,MW,ES,ES,actual_offshore_wind_generation,Wind Offshore,2026-09-06T22:35:37Z
2026-09-06T22:33:26Z,2026-09-07T00:33:26+0200,93a2d44c-eeb1-4c93-8f4c-fe9405447247,2026-09-06T04:30:00Z,2026-09-06T06:30:00+0200,0.0,MW,ES,ES,actual_offshore_wind_generation,Wind Offshore,2026-09-06T22:35:37Z
2026-09-06T22:33:26Z,2026-09-07T00:33:26+0200,93a2d44c-eeb1-4c93-8f4c-fe9405447247,2026-09-06T04:45:00Z,2026-09-06T06:45:00+0200,0.0,MW,ES,ES,actual_offshore_wind_generation,Wind Offshore,2026-09-06T22:35:37Z
2026-09-06T22:33:26Z,2026-09-07T00:33:26+0200,93a2d44c-eeb1-4c93-8f4c-fe9405447247,2026-09-06T05:00:00Z,2026-09-06T07:00:00+0200,0.0,MW,ES,ES,actual_offshore_wind_generation,Wind Offshore,2026-09-06T22:35:37Z
2026-09-06T22:33:26Z,2026-09-07T00:33:26+0200,93a2d44c-eeb1-4c93-8f4c-fe9405447247,2026-09-06T05:15:00Z,2026-09-06T07:15:00+0200,0.0,MW,ES,ES,actual_offshore_wind_generation,Wind Offshore,2026-09-06T22:35:37Z
2026-09-06T22:33:26Z,2026-09-07T00:33:26+0200,93a2d44c-eeb1-4c93-8f4c-fe9405447247,2026-09-06T05:30:00Z,2026-09-06T07:30:00+0200,0.0,MW,ES,ES,actual_offshore_wind_generation,Wind Offshore,2026-09-06T22:35:37Z
2026-09-06T22:33:26Z,2026-09-07T00:33:26+0200,93a2d44c-eeb1-4c93-8f4c-fe9405447247,2026-09-06T05:45:00Z,2026-09-06T07:45:00+0200,0.0,MW,ES,ES,actual_offshore_wind_generation,Wind Offshore,2026-09-06T22:35:37Z
2026-09-06T22:33:26Z,2026-09-07T00:33:26+0200,93a2d44c-eeb1-4c93-8f4c-fe9405447247,2026-09-06T06:00:00Z,2026-09-06T08:00:00+0200,0.0,MW,ES,ES,actual_offshore_wind_generation,Wind Offshore,2026-09-06T22:35:37Z
2026-09-06T22:33:26Z,2026-09-07T00:33:26+0200,93a2d44c-eeb1-4c93-8f4c-fe9405447247,2026-09-06T06:15:00Z,2026-09-06T08:15:00+0200,0.0,MW,ES,ES,actual_offshore_wind_generation,Wind Offshore,2026-09-06T22:35:37Z
2026-09-06T22:33:26Z,2026-09-07T00:33:26+0200,93a2d44c-eeb1-4c93-8f4c-fe9405447247,2026-09-06T06:30:00Z,2026-09-06T08:30:00+0200,0.0,MW,ES,ES,actual_offshore_wind_generation,Wind Offshore,2026-09-06T22:35:37Z
2026-09-06T22:33:26Z,2026-09-07T00:33:26+0200,93a2d44c-eeb1-4c93-8f4c-fe9405447247,2026-09-06T06:45:00Z,2026-09-06T08:45:00+0200,0.0,MW,ES,ES,actual_offshore_wind_generation,Wind Offshore,2026-09-06T22:35:37Z
2026-09-06T22:33:26Z,2026-09-07T00:33:26+0200,93a2d44c-eeb1-4c93-8f4c-fe9405447247,2026-09-06T07:00:00Z,2026-09-06T09:00:00+0200,0.0,MW,ES,ES,actual_offshore_wind_generation,Wind Offshore,2026-09-06T22:35:37Z
2026-09-06T22:33:26Z,2026-09-07T00:33:26+0200,93a2d44c-eeb1-4c93-8f4c-fe9405447247,2026-09-06T07:15:00Z,2026-09-06T09:15:00+0200,0.0,MW,ES,ES,actual_offshore_wind_generation,Wind Offshore,2026-09-06T22:35:37Z
2026-09-06T22:33:26Z,2026-09-07T00:33:26+0200,93a2d44c-eeb1-4c93-8f4c-fe9405447247,2026-09-06T07:30:00Z,2026-09-06T09:30:00+0200,0.0,MW,ES,ES,actual_offshore_wind_generation,Wind Offshore,2026-09-06T22:35:37Z
2026-09-06T22:33:26Z,2026-09-07T00:33:26+0200,93a2d44c-eeb1-4c93-8f4c-fe9405447247,2026-09-06T07:45:00Z,2026-09-06T09:45:00+0200,0.0,MW,ES,ES,actual_offshore_wind_generation,Wind Offshore,2026-09-06T22:35:37Z
2026-09-06T22:33:26Z,2026-09-07T00:33:26+0200,93a2d44c-eeb1-4c93-8f4c-fe9405447247,2026-09-06T08:00:00Z,2026-09-06T10:00:00+0200,0.0,MW,ES,ES,actual_offshore_wind_generation,Wind Offshore,2026-09-06T22:35:37Z
2026-09-06T22:33:26Z,2026-09-07T00:33:26+0200,93a2d44c-eeb1-4c93-8f4c-fe9405447247,2026-09-06T08:15:00Z,2026-09-06T10:15:00+0200,0.0,MW,ES,ES,actual_offshore_wind_generation,Wind Offshore,2026-09-06T22:35:37Z
2026-09-06T22:33:26Z,2026-09-07T00:33:26+0200,93a2d44c-eeb1-4c93-8f4c-fe9405447247,2026-09-06T08:30:00Z,2026-09-06T10:30:00+0200,0.0,MW,ES,ES,actual_offshore_wind_generation,Wind Offshore,2026-09-06T22:35:37Z
2026-09-06T22:33:26Z,2026-09-07T00:33:26+0200,93a2d44c-eeb1-4c93-8f4c-fe9405447247,2026-09-06T08:45:00Z,2026-09-06T10:45:00+0200,0.0,MW,ES,ES,actual_offshore_wind_generation,Wind Offshore,2026-09-06T22:35:37Z
2026-09-06T22:33:26Z,2026-09-07T00:33:26+0200,93a2d44c-eeb1-4c93-8f4c-fe9405447247,2026-09-06T09:00:00Z,2026-09-06T11:00:00+0200,0.0,MW,ES,ES,actual_offshore_wind_generation,Wind Offshore,2026-09-06T22:35:37Z
2026-09-06T22:33:26Z,2026-09-07T00:33:26+0200,93a2d44c-eeb1-4c93-8f4c-fe9405447247,2026-09-06T09:15:00Z,2026-09-06T11:15:00+0200,0.0,MW,ES,ES,actual_offshore_wind_generation,Wind Offshore,2026-09-06T22:35:37Z
2026-09-06T22:33:26Z,2026-09-07T00:33:26+0200,93a2d44c-eeb1-4c93-8f4c-fe9405447247,2026-09-06T09:30:00Z,2026-09-06T11:30:00+0200,0.0,MW,ES,ES,actual_offshore_wind_generation,Wind Offshore,2026-09-06T22:35:37Z
2026-09-06T22:33:26Z,2026-09-07T00:33:26+0200,93a2d44c-eeb1-4c93-8f4c-fe9405447247,2026-09-06T09:45:00Z,2026-09-06T11:45:00+0200,0.0,MW,ES,ES,actual_offshore_wind_generation,Wind Offshore,2026-09-06T22:35:37Z
2026-09-06T22:33:26Z,2026-09-07T00:33:26+0200,93a2d44c-eeb1-4c93-8f4c-fe9405447247,2026-09-06T10:00:00Z,2026-09-06T12:00:00+0200,0.0,MW,ES,ES,actual_offshore_wind_generation,Wind Offshore,2026-09-06T22:35:37Z
2026-09-06T22:33:26Z,2026-09-07T00:33:26+0200,93a2d44c-eeb1-4c93-8f4c-fe9405447247,2026-09-06T10:15:00Z,2026-09-06T12:15:00+0200,0.0,MW,ES,ES,actual_offshore_wind_generation,Wind Offshore,2026-09-06T22:35:37Z
2026-09-06T22:33:26Z,2026-09-07T00:33:26+0200,93a2d44c-eeb1-4c93-8f4c-fe9405447247,2026-09-06T10:30:00Z,2026-09-06T12:30:00+0200,0.0,MW,ES,ES,actual_offshore_wind_generation,Wind Offshore,2026-09-06T22:35:37Z
2026-09-06T22:33:26Z,2026-09-07T00:33:26+0200,93a2d44c-eeb1-4c93-8f4c-fe9405447247,2026-09-06T10:45:00Z,2026-09-06T12:45:00+0200,0.0,MW,ES,ES,actual_offshore_wind_generation,Wind Offshore,2026-09-06T22:35:37Z
2026-09-06T22:33:26Z,2026-09-07T00:33:26+0200,93a2d44c-eeb1-4c93-8f4c-fe9405447247,2026-09-06T11:00:00Z,2026-09-06T13:00:00+0200,0.0,MW,ES,ES,actual_offshore_wind_generation,Wind Offshore,2026-09-06T22:35:37Z
2026-09-06T22:33:26Z,2026-09-07T00:33:26+0200,93a2d44c-eeb1-4c93-8f4c-fe9405447247,2026-09-06T11:15:00Z,2026-09-06T13:15:00+0200,0.0,MW,ES,ES,actual_offshore_wind_generation,Wind Offshore,2026-09-06T22:35:37Z
2026-09-06T22:33:26Z,2026-09-07T00:33:26+0200,93a2d44c-eeb1-4c93-8f4c-fe9405447247,2026-09-06T11:30:00Z,2026-09-06T13:30:00+0200,0.0,MW,ES,ES,actual_offshore_wind_generation,Wind Offshore,2026-09-06T22:35:37Z
2026-09-06T22:33:26Z,2026-09-07T00:33:26+0200,93a2d44c-eeb1-4c93-8f4c-fe9405447247,2026-09-06T11:45:00Z,2026-09-06T13:45:00+0200,0.0,MW,ES,ES,actual_offshore_wind_generation,Wind Offshore,2026-09-06T22:35:37Z
2026-09-06T22:33:26Z,2026-09-07T00:33:26+0200,93a2d44c-eeb1-4c93-8f4c-fe9405447247,2026-09-06T12:00:00Z,2026-09-06T14:00:00+0200,0.0,MW,ES,ES,actual_offshore_wind_generation,Wind Offshore,2026-09-06T22:35:37Z
2026-09-06T22:33:26Z,2026-09-07T00:33:26+0200,93a2d44c-eeb1-4c93-8f4c-fe9405447247,2026-09-06T12:15:00Z,2026-09-06T14:15:00+0200,0.0,MW,ES,ES,actual_offshore_wind_generation,Wind Offshore,2026-09-06T22:35:37Z
2026-09-06T22:33:26Z,2026-09-07T00:33:26+0200,93a2d44c-eeb1-4c93-8f4c-fe9405447247,2026-09-06T12:30:00Z,2026-09-06T14:30:00+0200,0.0,MW,ES,ES,actual_offshore_wind_generation,Wind Offshore,2026-09-06T22:35:37Z
2026-09-06T22:33:26Z,2026-09-07T00:33:26+0200,93a2d44c-eeb1-4c93-8f4c-fe9405447247,2026-09-06T12:45:00Z,2026-09-06T14:45:00+0200,0.0,MW,ES,ES,actual_offshore_wind_generation,Wind Offshore,2026-09-06T22:35:37Z
2026-09-06T22:33:26Z,2026-09-07T00:33:26+0200,93a2d44c-eeb1-4c93-8f4c-fe9405447247,2026-09-06T13:00:00Z,2026-09-06T15:00:00+0200,0.0,MW,ES,ES,actual_offshore_wind_generation,Wind Offshore,2026-09-06T22:35:37Z
2026-09-06T22:33:26Z,2026-09-07T00:33:26+0200,93a2d44c-eeb1-4c93-8f4c-fe9405447247,2026-09-06T13:15:00Z,2026-09-06T15:15:00+0200,0.0,MW,ES,ES,actual_offshore_wind_generation,Wind Offshore,2026-09-06T22:35:37Z
2026-09-06T22:33:26Z,2026-09-07T00:33:26+0200,93a2d44c-eeb1-4c93-8f4c-fe9405447247,2026-09-06T13:30:00Z,2026-09-06T15:30:00+0200,0.0,MW,ES,ES,actual_offshore_wind_generation,Wind Offshore,2026-09-06T22:35:37Z
2026-09-06T22:33:26Z,2026-09-07T00:33:26+0200,93a2d44c-eeb1-4c93-8f4c-fe9405447247,2026-09-06T13:45:00Z,2026-09-06T15:45:00+0200,0.0,MW,ES,ES,actual_offshore_wind_generation,Wind Offshore,2026-09-06T22:35:37Z
2026-09-06T22:33:26Z,2026-09-07T00:33:26+0200,93a2d44c-eeb1-4c93-8f4c-fe9405447247,2026-09-06T14:00:00Z,2026-09-06T16:00:00+0200,0.0,MW,ES,ES,actual_offshore_wind_generation,Wind Offshore,2026-09-06T22:35:37Z
2026-09-06T22:33:26Z,2026-09-07T00:33:26+0200,93a2d44c-eeb1-4c93-8f4c-fe9405447247,2026-09-06T14:15:00Z,2026-09-06T16:15:00+0200,0.0,MW,ES,ES,actual_offshore_wind_generation,Wind Offshore,2026-09-06T22:35:37Z
2026-09-06T22:33:26Z,2026-09-07T00:33:26+0200,93a2d44c-eeb1-4c93-8f4c-fe9405447247,2026-09-06T14:30:00Z,2026-09-06T16:30:00+0200,0.0,MW,ES,ES,actual_offshore_wind_generation,Wind Offshore,2026-09-06T22:35:37Z
2026-09-06T22:33:26Z,2026-09-07T00:33:26+0200,93a2d44c-eeb1-4c93-8f4c-fe9405447247,2026-09-06T14:45:00Z,2026-09-06T16:45:00+0200,0.0,MW,ES,ES,actual_offshore_wind_generation,Wind Offshore,2026-09-06T22:35:37Z
2026-09-06T22:33:26Z,2026-09-07T00:33:26+0200,93a2d44c-eeb1-4c93-8f4c-fe9405447247,2026-09-06T15:00:00Z,2026-09-06T17:00:00+0200,0.0,MW,ES,ES,actual_offshore_wind_generation,Wind Offshore,2026-09-06T22:35:37Z
2026-09-06T22:33:26Z,2026-09-07T00:33:26+0200,93a2d44c-eeb1-4c93-8f4c-fe9405447247,2026-09-06T15:15:00Z,2026-09-06T17:15:00+0200,0.0,MW,ES,ES,actual_offshore_wind_generation,Wind Offshore,2026-09-06T22:35:37Z
2026-09-06T22:33:26Z,2026-09-07T00:33:26+0200,93a2d44c-eeb1-4c93-8f4c-fe9405447247,2026-09-06T15:30:00Z,2026-09-06T17:30:00+0200,0.0,MW,ES,ES,actual_offshore_wind_generation,Wind Offshore,2026-09-06T22:35:37Z
2026-09-06T22:33:26Z,2026-09-07T00:33:26+0200,93a2d44c-eeb1-4c93-8f4c-fe9405447247,2026-09-06T15:45:00Z,2026-09-06T17:45:00+0200,0.0,MW,ES,ES,actual_offshore_wind_generation,Wind Offshore,2026-09-06T22:35:37Z
2026-09-06T22:33:26Z,2026-09-07T00:33:26+0200,93a2d44c-eeb1-4c93-8f4c-fe9405447247,2026-09-06T16:00:00Z,2026-09-06T18:00:00+0200,0.0,MW,ES,ES,actual_offshore_wind_generation,Wind Offshore,2026-09-06T22:35:37Z
2026-09-06T22:33:26Z,2026-09-07T00:33:26+0200,93a2d44c-eeb1-4c93-8f4c-fe9405447247,2026-09-06T16:15:00Z,2026-09-06T18:15:00+0200,0.0,MW,ES,ES,actual_offshore_wind_generation,Wind Offshore,2026-09-06T22:35:37Z
2026-09-06T22:33:26Z,2026-09-07T00:33:26+0200,93a2d44c-eeb1-4c93-8f4c-fe9405447247,2026-09-06T16:30:00Z,2026-09-06T18:30:00+0200,0.0,MW,ES,ES,actual_offshore_wind_generation,Wind Offshore,2026-09-06T22:35:37Z
2026-09-06T22:33:26Z,2026-09-07T00:33:26+0200,93a2d44c-eeb1-4c93-8f4c-fe9405447247,2026-09-06T16:45:00Z,2026-09-06T18:45:00+0200,0.0,MW,ES,ES,actual_offshore_wind_generation,Wind Offshore,2026-09-06T22:35:37Z
2026-09-06T22:33:26Z,2026-09-07T00:33:26+0200,93a2d44c-eeb1-4c93-8f4c-fe9405447247,2026-09-06T17:00:00Z,2026-09-06T19:00:00+0200,0.0,MW,ES,ES,actual_offshore_wind_generation,Wind Offshore,2026-09-06T22:35:37Z
2026-09-06T22:33:26Z,2026-09-07T00:33:26+0200,93a2d44c-eeb1-4c93-8f4c-fe9405447247,2026-09-06T17:15:00Z,2026-09-06T19:15:00+0200,0.0,MW,ES,ES,actual_offshore_wind_generation,Wind Offshore,2026-09-06T22:35:37Z
2026-09-06T22:33:26Z,2026-09-07T00:33:26+0200,93a2d44c-eeb1-4c93-8f4c-fe9405447247,2026-09-06T17:30:00Z,2026-09-06T19:30:00+0200,0.0,MW,ES,ES,actual_offshore_wind_generation,Wind Offshore,2026-09-06T22:35:37Z
2026-09-06T22:33:26Z,2026-09-07T00:33:26+0200,93a2d44c-eeb1-4c93-8f4c-fe9405447247,2026-09-06T17:45:00Z,2026-09-06T19:45:00+0200,0.0,MW,ES,ES,actual_offshore_wind_generation,Wind Offshore,2026-09-06T22:35:37Z
2026-09-06T22:33:26Z,2026-09-07T00:33:26+0200,93a2d44c-eeb1-4c93-8f4c-fe9405447247,2026-09-06T18:00:00Z,2026-09-06T20:00:00+0200,0.0,MW,ES,ES,actual_offshore_wind_generation,Wind Offshore,2026-09-06T22:35:37Z
2026-09-06T22:33:26Z,2026-09-07T00:33:26+0200,93a2d44c-eeb1-4c93-8f4c-fe9405447247,2026-09-06T18:15:00Z,2026-09-06T20:15:00+0200,0.0,MW,ES,ES,actual_offshore_wind_generation,Wind Offshore,2026-09-06T22:35:37Z
2026-09-06T22:33:26Z,2026-09-07T00:33:26+0200,93a2d44c-eeb1-4c93-8f4c-fe9405447247,2026-09-06T18:30:00Z,2026-09-06T20:30:00+0200,0.0,MW,ES,ES,actual_offshore_wind_generation,Wind Offshore,2026-09-06T22:35:37Z
2026-09-06T22:33:26Z,2026-09-07T00:33:26+0200,93a2d44c-eeb1-4c93-8f4c-fe9405447247,2026-09-06T18:45:00Z,2026-09-06T20:45:00+0200,0.0,MW,ES,ES,actual_offshore_wind_generation,Wind Offshore,2026-09-06T22:35:37Z
2026-09-06T22:33:26Z,2026-09-07T00:33:26+0200,93a2d44c-eeb1-4c93-8f4c-fe9405447247,2026-09-06T19:00:00Z,2026-09-06T21:00:00+0200,0.0,MW,ES,ES,actual_offshore_wind_generation,Wind Offshore,2026-09-06T22:35:37Z
2026-09-06T22:33:26Z,2026-09-07T00:33:26+0200,93a2d44c-eeb1-4c93-8f4c-fe9405447247,2026-09-06T19:15:00Z,2026-09-06T21:15:00+0200,0.0,MW,ES,ES,actual_offshore_wind_generation,Wind Offshore,2026-09-06T22:35:37Z
2026-09-06T22:33:26Z,2026-09-07T00:33:26+0200,93a2d44c-eeb1-4c93-8f4c-fe9405447247,2026-09-06T19:30:00Z,2026-09-06T21:30:00+0200,0.0,MW,ES,ES,actual_offshore_wind_generation,Wind Offshore,2026-09-06T22:35:37Z
2026-09-06T22:33:26Z,2026-09-07T00:33:26+0200,93a2d44c-eeb1-4c93-8f4c-fe9405447247,2026-09-06T19:45:00Z,2026-09-06T21:45:00+0200,0.0,MW,ES,ES,actual_offshore_wind_generation,Wind Offshore,2026-09-06T22:35:37Z
2026-09-06T22:33:26Z,2026-09-07T00:33:26+0200,93a2d44c-eeb1-4c93-8f4c-fe9405447247,2026-09-06T20:00:00Z,2026-09-06T22:00:00+0200,0.0,MW,ES,ES,actual_offshore_wind_generation,Wind Offshore,2026-09-06T22:35:37Z
2026-09-06T22:33:26Z,2026-09-07T00:33:26+0200,93a2d44c-eeb1-4c93-8f4c-fe9405447247,2026-09-06T20:15:00Z,2026-09-06T22:15:00+0200,0.0,MW,ES,ES,actual_offshore_wind_generation,Wind Offshore,2026-09-06T22:35:37Z
2026-09-06T22:33:26Z,2026-09-07T00:33:26+0200,93a2d44c-eeb1-4c93-8f4c-fe9405447247,2026-09-06T20:30:00Z,2026-09-06T22:30:00+0200,0.0,MW,ES,ES,actual_offshore_wind_generation,Wind Offshore,2026-09-06T22:35:37Z
2026-09-06T22:33:26Z,2026-09-07T00:33:26+0200,93a2d44c-eeb1-4c93-8f4c-fe9405447247,2026-09-06T20:45:00Z,2026-09-06T22:45:00+0200,0.0,MW,ES,ES,actual_offshore_wind_generation,Wind Offshore,2026-09-06T22:35:37Z
2026-09-06T22:33:26Z,2026-09-07T00:33:26+0200,93a2d44c-eeb1-4c93-8f4c-fe9405447247,2026-09-06T21:00:00Z,2026-09-06T23:00:00+0200,0.0,MW,ES,ES,actual_offshore_wind_generation,Wind Offshore,2026-09-06T22:35:37Z
2026-09-06T22:33:26Z,2026-09-07T00:33:26+0200,93a2d44c-eeb1-4c93-8f4c-fe9405447247,2026-09-06T21:15:00Z,2026-09-06T23:15:00+0200,0.0,MW,ES,ES,actual_offshore_wind_generation,Wind Offshore,2026-09-06T22:35:37Z
2026-09-06T22:33:26Z,2026-09-07T00:33:26+0200,93a2d44c-eeb1-4c93-8f4c-fe9405447247,2026-09-06T21:45:00Z,2026-09-06T23:45:00+0200,0.0,MW,ES,ES,actual_offshore_wind_generation,Wind Offshore,2026-09-06T22:35:37Z
2026-09-06T22:33:26Z,2026-09-07T00:33:26+0200,93a2d44c-eeb1-4c93-8f4c-fe9405447247,2026-09-06T22:00:00Z,2026-09-07T00:00:00+0200,0.0,MW,ES,ES,actual_offshore_wind_generation,Wind Offshore,2026-09-06T22:35:37Z
