collection_time_utc,collection_time_local,run_id,timestamp_utc,timestamp_local,value,unit,country,entsoe_area,variable,source,updated_at_utc
2026-06-11T21:18:08Z,2026-06-11T23:18:08+0200,4e273271-2dd1-4145-994c-b9bfe17baf4e,2026-05-11T22:00:00Z,2026-05-12T00:00:00+0200,406.95999,MW,FR,FR,forecast_offshore_wind_generation,Wind Offshore,2026-06-11T21:19:02Z
2026-06-11T21:18:08Z,2026-06-11T23:18:08+0200,4e273271-2dd1-4145-994c-b9bfe17baf4e,2026-05-11T22:15:00Z,2026-05-12T00:15:00+0200,389.46503,MW,FR,FR,forecast_offshore_wind_generation,Wind Offshore,2026-06-11T21:19:02Z
2026-06-11T21:18:08Z,2026-06-11T23:18:08+0200,4e273271-2dd1-4145-994c-b9bfe17baf4e,2026-05-11T22:30:00Z,2026-05-12T00:30:00+0200,371.96997,MW,FR,FR,forecast_offshore_wind_generation,Wind Offshore,2026-06-11T21:19:02Z
2026-06-11T21:18:08Z,2026-06-11T23:18:08+0200,4e273271-2dd1-4145-994c-b9bfe17baf4e,2026-05-11T22:45:00Z,2026-05-12T00:45:00+0200,354.47501,MW,FR,FR,forecast_offshore_wind_generation,Wind Offshore,2026-06-11T21:19:02Z
2026-06-11T21:18:08Z,2026-06-11T23:18:08+0200,4e273271-2dd1-4145-994c-b9bfe17baf4e,2026-05-11T23:00:00Z,2026-05-12T01:00:00+0200,336.98001,MW,FR,FR,forecast_offshore_wind_generation,Wind Offshore,2026-06-11T21:19:02Z
2026-06-11T21:18:08Z,2026-06-11T23:18:08+0200,4e273271-2dd1-4145-994c-b9bfe17baf4e,2026-05-11T23:15:00Z,2026-05-12T01:15:00+0200,317.22,MW,FR,FR,forecast_offshore_wind_generation,Wind Offshore,2026-06-11T21:19:02Z
2026-06-11T21:18:08Z,2026-06-11T23:18:08+0200,4e273271-2dd1-4145-994c-b9bfe17baf4e,2026-05-11T23:30:00Z,2026-05-12T01:30:00+0200,297.45999,MW,FR,FR,forecast_offshore_wind_generation,Wind Offshore,2026-06-11T21:19:02Z
2026-06-11T21:18:08Z,2026-06-11T23:18:08+0200,4e273271-2dd1-4145-994c-b9bfe17baf4e,2026-05-11T23:45:00Z,2026-05-12T01:45:00+0200,277.70001,MW,FR,FR,forecast_offshore_wind_generation,Wind Offshore,2026-06-11T21:19:02Z
2026-06-11T21:18:08Z,2026-06-11T23:18:08+0200,4e273271-2dd1-4145-994c-b9bfe17baf4e,2026-05-12T00:00:00Z,2026-05-12T02:00:00+0200,257.94,MW,FR,FR,forecast_offshore_wind_generation,Wind Offshore,2026-06-11T21:19:02Z
2026-06-11T21:18:08Z,2026-06-11T23:18:08+0200,4e273271-2dd1-4145-994c-b9bfe17baf4e,2026-05-12T00:15:00Z,2026-05-12T02:15:00+0200,240.64,MW,FR,FR,forecast_offshore_wind_generation,Wind Offshore,2026-06-11T21:19:02Z
2026-06-11T21:18:08Z,2026-06-11T23:18:08+0200,4e273271-2dd1-4145-994c-b9bfe17baf4e,2026-05-12T00:30:00Z,2026-05-12T02:30:00+0200,223.34,MW,FR,FR,forecast_offshore_wind_generation,Wind Offshore,2026-06-11T21:19:02Z
2026-06-11T21:18:08Z,2026-06-11T23:18:08+0200,4e273271-2dd1-4145-994c-b9bfe17baf4e,2026-05-12T00:45:00Z,2026-05-12T02:45:00+0200,206.03999,MW,FR,FR,forecast_offshore_wind_generation,Wind Offshore,2026-06-11T21:19:02Z
2026-06-11T21:18:08Z,2026-06-11T23:18:08+0200,4e273271-2dd1-4145-994c-b9bfe17baf4e,2026-05-12T01:00:00Z,2026-05-12T03:00:00+0200,188.74001,MW,FR,FR,forecast_offshore_wind_generation,Wind Offshore,2026-06-11T21:19:02Z
2026-06-11T21:18:08Z,2026-06-11T23:18:08+0200,4e273271-2dd1-4145-994c-b9bfe17baf4e,2026-05-12T01:15:00Z,2026-05-12T03:15:00+0200,179.995,MW,FR,FR,forecast_offshore_wind_generation,Wind Offshore,2026-06-11T21:19:02Z
2026-06-11T21:18:08Z,2026-06-11T23:18:08+0200,4e273271-2dd1-4145-994c-b9bfe17baf4e,2026-05-12T01:30:00Z,2026-05-12T03:30:00+0200,171.25,MW,FR,FR,forecast_offshore_wind_generation,Wind Offshore,2026-06-11T21:19:02Z
2026-06-11T21:18:08Z,2026-06-11T23:18:08+0200,4e273271-2dd1-4145-994c-b9bfe17baf4e,2026-05-12T01:45:00Z,2026-05-12T03:45:00+0200,162.505,MW,FR,FR,forecast_offshore_wind_generation,Wind Offshore,2026-06-11T21:19:02Z
2026-06-11T21:18:08Z,2026-06-11T23:18:08+0200,4e273271-2dd1-4145-994c-b9bfe17baf4e,2026-05-12T02:00:00Z,2026-05-12T04:00:00+0200,153.76001,MW,FR,FR,forecast_offshore_wind_generation,Wind Offshore,2026-06-11T21:19:02Z
2026-06-11T21:18:08Z,2026-06-11T23:18:08+0200,4e273271-2dd1-4145-994c-b9bfe17baf4e,2026-05-12T02:15:00Z,2026-05-12T04:15:00+0200,153.39249,MW,FR,FR,forecast_offshore_wind_generation,Wind Offshore,2026-06-11T21:19:02Z
2026-06-11T21:18:08Z,2026-06-11T23:18:08+0200,4e273271-2dd1-4145-994c-b9bfe17baf4e,2026-05-12T02:30:00Z,2026-05-12T04:30:00+0200,153.02499,MW,FR,FR,forecast_offshore_wind_generation,Wind Offshore,2026-06-11T21:19:02Z
2026-06-11T21:18:08Z,2026-06-11T23:18:08+0200,4e273271-2dd1-4145-994c-b9bfe17baf4e,2026-05-12T02:45:00Z,2026-05-12T04:45:00+0200,152.65749,MW,FR,FR,forecast_offshore_wind_generation,Wind Offshore,2026-06-11T21:19:02Z
2026-06-11T21:18:08Z,2026-06-11T23:18:08+0200,4e273271-2dd1-4145-994c-b9bfe17baf4e,2026-05-12T03:00:00Z,2026-05-12T05:00:00+0200,152.28999,MW,FR,FR,forecast_offshore_wind_generation,Wind Offshore,2026-06-11T21:19:02Z
2026-06-11T21:18:08Z,2026-06-11T23:18:08+0200,4e273271-2dd1-4145-994c-b9bfe17baf4e,2026-05-12T03:15:00Z,2026-05-12T05:15:00+0200,160.30499,MW,FR,FR,forecast_offshore_wind_generation,Wind Offshore,2026-06-11T21:19:02Z
2026-06-11T21:18:08Z,2026-06-11T23:18:08+0200,4e273271-2dd1-4145-994c-b9bfe17baf4e,2026-05-12T03:30:00Z,2026-05-12T05:30:00+0200,168.31999,MW,FR,FR,forecast_offshore_wind_generation,Wind Offshore,2026-06-11T21:19:02Z
2026-06-11T21:18:08Z,2026-06-11T23:18:08+0200,4e273271-2dd1-4145-994c-b9bfe17baf4e,2026-05-12T03:45:00Z,2026-05-12T05:45:00+0200,176.33501,MW,FR,FR,forecast_offshore_wind_generation,Wind Offshore,2026-06-11T21:19:02Z
2026-06-11T21:18:08Z,2026-06-11T23:18:08+0200,4e273271-2dd1-4145-994c-b9bfe17baf4e,2026-05-12T04:00:00Z,2026-05-12T06:00:00+0200,184.35001,MW,FR,FR,forecast_offshore_wind_generation,Wind Offshore,2026-06-11T21:19:02Z
2026-06-11T21:18:08Z,2026-06-11T23:18:08+0200,4e273271-2dd1-4145-994c-b9bfe17baf4e,2026-05-12T04:15:00Z,2026-05-12T06:15:00+0200,192.1275,MW,FR,FR,forecast_offshore_wind_generation,Wind Offshore,2026-06-11T21:19:02Z
2026-06-11T21:18:08Z,2026-06-11T23:18:08+0200,4e273271-2dd1-4145-994c-b9bfe17baf4e,2026-05-12T04:30:00Z,2026-05-12T06:30:00+0200,199.905,MW,FR,FR,forecast_offshore_wind_generation,Wind Offshore,2026-06-11T21:19:02Z
2026-06-11T21:18:08Z,2026-06-11T23:18:08+0200,4e273271-2dd1-4145-994c-b9bfe17baf4e,2026-05-12T04:45:00Z,2026-05-12T06:45:00+0200,207.6825,MW,FR,FR,forecast_offshore_wind_generation,Wind Offshore,2026-06-11T21:19:02Z
2026-06-11T21:18:08Z,2026-06-11T23:18:08+0200,4e273271-2dd1-4145-994c-b9bfe17baf4e,2026-05-12T05:00:00Z,2026-05-12T07:00:00+0200,215.46001,MW,FR,FR,forecast_offshore_wind_generation,Wind Offshore,2026-06-11T21:19:02Z
2026-06-11T21:18:08Z,2026-06-11T23:18:08+0200,4e273271-2dd1-4145-994c-b9bfe17baf4e,2026-05-12T05:15:00Z,2026-05-12T07:15:00+0200,217.6725,MW,FR,FR,forecast_offshore_wind_generation,Wind Offshore,2026-06-11T21:19:02Z
2026-06-11T21:18:08Z,2026-06-11T23:18:08+0200,4e273271-2dd1-4145-994c-b9bfe17baf4e,2026-05-12T05:30:00Z,2026-05-12T07:30:00+0200,219.88499,MW,FR,FR,forecast_offshore_wind_generation,Wind Offshore,2026-06-11T21:19:02Z
2026-06-11T21:18:08Z,2026-06-11T23:18:08+0200,4e273271-2dd1-4145-994c-b9bfe17baf4e,2026-05-12T05:45:00Z,2026-05-12T07:45:00+0200,222.09749,MW,FR,FR,forecast_offshore_wind_generation,Wind Offshore,2026-06-11T21:19:02Z
2026-06-11T21:18:08Z,2026-06-11T23:18:08+0200,4e273271-2dd1-4145-994c-b9bfe17baf4e,2026-05-12T06:00:00Z,2026-05-12T08:00:00+0200,224.31,MW,FR,FR,forecast_offshore_wind_generation,Wind Offshore,2026-06-11T21:19:02Z
2026-06-11T21:18:08Z,2026-06-11T23:18:08+0200,4e273271-2dd1-4145-994c-b9bfe17baf4e,2026-05-12T06:15:00Z,2026-05-12T08:15:00+0200,225.99251,MW,FR,FR,forecast_offshore_wind_generation,Wind Offshore,2026-06-11T21:19:02Z
2026-06-11T21:18:08Z,2026-06-11T23:18:08+0200,4e273271-2dd1-4145-994c-b9bfe17baf4e,2026-05-12T06:30:00Z,2026-05-12T08:30:00+0200,227.675,MW,FR,FR,forecast_offshore_wind_generation,Wind Offshore,2026-06-11T21:19:02Z
2026-06-11T21:18:08Z,2026-06-11T23:18:08+0200,4e273271-2dd1-4145-994c-b9bfe17baf4e,2026-05-12T06:45:00Z,2026-05-12T08:45:00+0200,229.3575,MW,FR,FR,forecast_offshore_wind_generation,Wind Offshore,2026-06-11T21:19:02Z
2026-06-11T21:18:08Z,2026-06-11T23:18:08+0200,4e273271-2dd1-4145-994c-b9bfe17baf4e,2026-05-12T07:00:00Z,2026-05-12T09:00:00+0200,231.03999,MW,FR,FR,forecast_offshore_wind_generation,Wind Offshore,2026-06-11T21:19:02Z
2026-06-11T21:18:08Z,2026-06-11T23:18:08+0200,4e273271-2dd1-4145-994c-b9bfe17baf4e,2026-05-12T07:15:00Z,2026-05-12T09:15:00+0200,238.14749,MW,FR,FR,forecast_offshore_wind_generation,Wind Offshore,2026-06-11T21:19:02Z
2026-06-11T21:18:08Z,2026-06-11T23:18:08+0200,4e273271-2dd1-4145-994c-b9bfe17baf4e,2026-05-12T07:30:00Z,2026-05-12T09:30:00+0200,245.255,MW,FR,FR,forecast_offshore_wind_generation,Wind Offshore,2026-06-11T21:19:02Z
2026-06-11T21:18:08Z,2026-06-11T23:18:08+0200,4e273271-2dd1-4145-994c-b9bfe17baf4e,2026-05-12T07:45:00Z,2026-05-12T09:45:00+0200,252.36249,MW,FR,FR,forecast_offshore_wind_generation,Wind Offshore,2026-06-11T21:19:02Z
2026-06-11T21:18:08Z,2026-06-11T23:18:08+0200,4e273271-2dd1-4145-994c-b9bfe17baf4e,2026-05-12T08:00:00Z,2026-05-12T10:00:00+0200,259.47,MW,FR,FR,forecast_offshore_wind_generation,Wind Offshore,2026-06-11T21:19:02Z
2026-06-11T21:18:08Z,2026-06-11T23:18:08+0200,4e273271-2dd1-4145-994c-b9bfe17baf4e,2026-05-12T08:15:00Z,2026-05-12T10:15:00+0200,255.79749,MW,FR,FR,forecast_offshore_wind_generation,Wind Offshore,2026-06-11T21:19:02Z
2026-06-11T21:18:08Z,2026-06-11T23:18:08+0200,4e273271-2dd1-4145-994c-b9bfe17baf4e,2026-05-12T08:30:00Z,2026-05-12T10:30:00+0200,252.125,MW,FR,FR,forecast_offshore_wind_generation,Wind Offshore,2026-06-11T21:19:02Z
2026-06-11T21:18:08Z,2026-06-11T23:18:08+0200,4e273271-2dd1-4145-994c-b9bfe17baf4e,2026-05-12T08:45:00Z,2026-05-12T10:45:00+0200,248.45251,MW,FR,FR,forecast_offshore_wind_generation,Wind Offshore,2026-06-11T21:19:02Z
2026-06-11T21:18:08Z,2026-06-11T23:18:08+0200,4e273271-2dd1-4145-994c-b9bfe17baf4e,2026-05-12T09:00:00Z,2026-05-12T11:00:00+0200,244.77998,MW,FR,FR,forecast_offshore_wind_generation,Wind Offshore,2026-06-11T21:19:02Z
2026-06-11T21:18:08Z,2026-06-11T23:18:08+0200,4e273271-2dd1-4145-994c-b9bfe17baf4e,2026-05-12T09:15:00Z,2026-05-12T11:15:00+0200,244.58501,MW,FR,FR,forecast_offshore_wind_generation,Wind Offshore,2026-06-11T21:19:02Z
2026-06-11T21:18:08Z,2026-06-11T23:18:08+0200,4e273271-2dd1-4145-994c-b9bfe17baf4e,2026-05-12T09:30:00Z,2026-05-12T11:30:00+0200,244.38998,MW,FR,FR,forecast_offshore_wind_generation,Wind Offshore,2026-06-11T21:19:02Z
2026-06-11T21:18:08Z,2026-06-11T23:18:08+0200,4e273271-2dd1-4145-994c-b9bfe17baf4e,2026-05-12T09:45:00Z,2026-05-12T11:45:00+0200,244.19501,MW,FR,FR,forecast_offshore_wind_generation,Wind Offshore,2026-06-11T21:19:02Z
2026-06-11T21:18:08Z,2026-06-11T23:18:08+0200,4e273271-2dd1-4145-994c-b9bfe17baf4e,2026-05-12T10:00:00Z,2026-05-12T12:00:00+0200,244.0,MW,FR,FR,forecast_offshore_wind_generation,Wind Offshore,2026-06-11T21:19:02Z
2026-06-11T21:18:08Z,2026-06-11T23:18:08+0200,4e273271-2dd1-4145-994c-b9bfe17baf4e,2026-05-12T10:15:00Z,2026-05-12T12:15:00+0200,254.2775,MW,FR,FR,forecast_offshore_wind_generation,Wind Offshore,2026-06-11T21:19:02Z
2026-06-11T21:18:08Z,2026-06-11T23:18:08+0200,4e273271-2dd1-4145-994c-b9bfe17baf4e,2026-05-12T10:30:00Z,2026-05-12T12:30:00+0200,264.55499,MW,FR,FR,forecast_offshore_wind_generation,Wind Offshore,2026-06-11T21:19:02Z
2026-06-11T21:18:08Z,2026-06-11T23:18:08+0200,4e273271-2dd1-4145-994c-b9bfe17baf4e,2026-05-12T10:45:00Z,2026-05-12T12:45:00+0200,274.83252,MW,FR,FR,forecast_offshore_wind_generation,Wind Offshore,2026-06-11T21:19:02Z
2026-06-11T21:18:08Z,2026-06-11T23:18:08+0200,4e273271-2dd1-4145-994c-b9bfe17baf4e,2026-05-12T11:00:00Z,2026-05-12T13:00:00+0200,285.11002,MW,FR,FR,forecast_offshore_wind_generation,Wind Offshore,2026-06-11T21:19:02Z
2026-06-11T21:18:08Z,2026-06-11T23:18:08+0200,4e273271-2dd1-4145-994c-b9bfe17baf4e,2026-05-12T11:15:00Z,2026-05-12T13:15:00+0200,293.35248,MW,FR,FR,forecast_offshore_wind_generation,Wind Offshore,2026-06-11T21:19:02Z
2026-06-11T21:18:08Z,2026-06-11T23:18:08+0200,4e273271-2dd1-4145-994c-b9bfe17baf4e,2026-05-12T11:30:00Z,2026-05-12T13:30:00+0200,301.59497,MW,FR,FR,forecast_offshore_wind_generation,Wind Offshore,2026-06-11T21:19:02Z
2026-06-11T21:18:08Z,2026-06-11T23:18:08+0200,4e273271-2dd1-4145-994c-b9bfe17baf4e,2026-05-12T11:45:00Z,2026-05-12T13:45:00+0200,309.83749,MW,FR,FR,forecast_offshore_wind_generation,Wind Offshore,2026-06-11T21:19:02Z
2026-06-11T21:18:08Z,2026-06-11T23:18:08+0200,4e273271-2dd1-4145-994c-b9bfe17baf4e,2026-05-12T12:00:00Z,2026-05-12T14:00:00+0200,318.07999,MW,FR,FR,forecast_offshore_wind_generation,Wind Offshore,2026-06-11T21:19:02Z
2026-06-11T21:18:08Z,2026-06-11T23:18:08+0200,4e273271-2dd1-4145-994c-b9bfe17baf4e,2026-05-12T12:15:00Z,2026-05-12T14:15:00+0200,321.75748,MW,FR,FR,forecast_offshore_wind_generation,Wind Offshore,2026-06-11T21:19:02Z
2026-06-11T21:18:08Z,2026-06-11T23:18:08+0200,4e273271-2dd1-4145-994c-b9bfe17baf4e,2026-05-12T12:30:00Z,2026-05-12T14:30:00+0200,325.435,MW,FR,FR,forecast_offshore_wind_generation,Wind Offshore,2026-06-11T21:19:02Z
2026-06-11T21:18:08Z,2026-06-11T23:18:08+0200,4e273271-2dd1-4145-994c-b9bfe17baf4e,2026-05-12T12:45:00Z,2026-05-12T14:45:00+0200,329.11249,MW,FR,FR,forecast_offshore_wind_generation,Wind Offshore,2026-06-11T21:19:02Z
2026-06-11T21:18:08Z,2026-06-11T23:18:08+0200,4e273271-2dd1-4145-994c-b9bfe17baf4e,2026-05-12T13:00:00Z,2026-05-12T15:00:00+0200,332.78998,MW,FR,FR,forecast_offshore_wind_generation,Wind Offshore,2026-06-11T21:19:02Z
2026-06-11T21:18:08Z,2026-06-11T23:18:08+0200,4e273271-2dd1-4145-994c-b9bfe17baf4e,2026-05-12T13:15:00Z,2026-05-12T15:15:00+0200,345.46497,MW,FR,FR,forecast_offshore_wind_generation,Wind Offshore,2026-06-11T21:19:02Z
2026-06-11T21:18:08Z,2026-06-11T23:18:08+0200,4e273271-2dd1-4145-994c-b9bfe17baf4e,2026-05-12T13:30:00Z,2026-05-12T15:30:00+0200,358.14001,MW,FR,FR,forecast_offshore_wind_generation,Wind Offshore,2026-06-11T21:19:02Z
2026-06-11T21:18:08Z,2026-06-11T23:18:08+0200,4e273271-2dd1-4145-994c-b9bfe17baf4e,2026-05-12T13:45:00Z,2026-05-12T15:45:00+0200,370.815,MW,FR,FR,forecast_offshore_wind_generation,Wind Offshore,2026-06-11T21:19:02Z
2026-06-11T21:18:08Z,2026-06-11T23:18:08+0200,4e273271-2dd1-4145-994c-b9bfe17baf4e,2026-05-12T14:00:00Z,2026-05-12T16:00:00+0200,383.48999,MW,FR,FR,forecast_offshore_wind_generation,Wind Offshore,2026-06-11T21:19:02Z
2026-06-11T21:18:08Z,2026-06-11T23:18:08+0200,4e273271-2dd1-4145-994c-b9bfe17baf4e,2026-05-12T14:15:00Z,2026-05-12T16:15:00+0200,392.49002,MW,FR,FR,forecast_offshore_wind_generation,Wind Offshore,2026-06-11T21:19:02Z
2026-06-11T21:18:08Z,2026-06-11T23:18:08+0200,4e273271-2dd1-4145-994c-b9bfe17baf4e,2026-05-12T14:30:00Z,2026-05-12T16:30:00+0200,401.48999,MW,FR,FR,forecast_offshore_wind_generation,Wind Offshore,2026-06-11T21:19:02Z
2026-06-11T21:18:08Z,2026-06-11T23:18:08+0200,4e273271-2dd1-4145-994c-b9bfe17baf4e,2026-05-12T14:45:00Z,2026-05-12T16:45:00+0200,410.48999,MW,FR,FR,forecast_offshore_wind_generation,Wind Offshore,2026-06-11T21:19:02Z
2026-06-11T21:18:08Z,2026-06-11T23:18:08+0200,4e273271-2dd1-4145-994c-b9bfe17baf4e,2026-05-12T15:00:00Z,2026-05-12T17:00:00+0200,419.48999,MW,FR,FR,forecast_offshore_wind_generation,Wind Offshore,2026-06-11T21:19:02Z
2026-06-11T21:18:08Z,2026-06-11T23:18:08+0200,4e273271-2dd1-4145-994c-b9bfe17baf4e,2026-05-12T15:15:00Z,2026-05-12T17:15:00+0200,437.47748,MW,FR,FR,forecast_offshore_wind_generation,Wind Offshore,2026-06-11T21:19:02Z
2026-06-11T21:18:08Z,2026-06-11T23:18:08+0200,4e273271-2dd1-4145-994c-b9bfe17baf4e,2026-05-12T15:30:00Z,2026-05-12T17:30:00+0200,455.46503,MW,FR,FR,forecast_offshore_wind_generation,Wind Offshore,2026-06-11T21:19:02Z
2026-06-11T21:18:08Z,2026-06-11T23:18:08+0200,4e273271-2dd1-4145-994c-b9bfe17baf4e,2026-05-12T15:45:00Z,2026-05-12T17:45:00+0200,473.45251,MW,FR,FR,forecast_offshore_wind_generation,Wind Offshore,2026-06-11T21:19:02Z
2026-06-11T21:18:08Z,2026-06-11T23:18:08+0200,4e273271-2dd1-4145-994c-b9bfe17baf4e,2026-05-12T16:00:00Z,2026-05-12T18:00:00+0200,491.44,MW,FR,FR,forecast_offshore_wind_generation,Wind Offshore,2026-06-11T21:19:02Z
2026-06-11T21:18:08Z,2026-06-11T23:18:08+0200,4e273271-2dd1-4145-994c-b9bfe17baf4e,2026-05-12T16:15:00Z,2026-05-12T18:15:00+0200,519.02502,MW,FR,FR,forecast_offshore_wind_generation,Wind Offshore,2026-06-11T21:19:02Z
2026-06-11T21:18:08Z,2026-06-11T23:18:08+0200,4e273271-2dd1-4145-994c-b9bfe17baf4e,2026-05-12T16:30:00Z,2026-05-12T18:30:00+0200,546.60999,MW,FR,FR,forecast_offshore_wind_generation,Wind Offshore,2026-06-11T21:19:02Z
2026-06-11T21:18:08Z,2026-06-11T23:18:08+0200,4e273271-2dd1-4145-994c-b9bfe17baf4e,2026-05-12T16:45:00Z,2026-05-12T18:45:00+0200,574.19501,MW,FR,FR,forecast_offshore_wind_generation,Wind Offshore,2026-06-11T21:19:02Z
2026-06-11T21:18:08Z,2026-06-11T23:18:08+0200,4e273271-2dd1-4145-994c-b9bfe17baf4e,2026-05-12T17:00:00Z,2026-05-12T19:00:00+0200,601.78003,MW,FR,FR,forecast_offshore_wind_generation,Wind Offshore,2026-06-11T21:19:02Z
2026-06-11T21:18:08Z,2026-06-11T23:18:08+0200,4e273271-2dd1-4145-994c-b9bfe17baf4e,2026-05-12T17:15:00Z,2026-05-12T19:15:00+0200,621.64996,MW,FR,FR,forecast_offshore_wind_generation,Wind Offshore,2026-06-11T21:19:02Z
2026-06-11T21:18:08Z,2026-06-11T23:18:08+0200,4e273271-2dd1-4145-994c-b9bfe17baf4e,2026-05-12T17:30:00Z,2026-05-12T19:30:00+0200,641.52002,MW,FR,FR,forecast_offshore_wind_generation,Wind Offshore,2026-06-11T21:19:02Z
2026-06-11T21:18:08Z,2026-06-11T23:18:08+0200,4e273271-2dd1-4145-994c-b9bfe17baf4e,2026-05-12T17:45:00Z,2026-05-12T19:45:00+0200,661.39001,MW,FR,FR,forecast_offshore_wind_generation,Wind Offshore,2026-06-11T21:19:02Z
2026-06-11T21:18:08Z,2026-06-11T23:18:08+0200,4e273271-2dd1-4145-994c-b9bfe17baf4e,2026-05-12T18:00:00Z,2026-05-12T20:00:00+0200,681.26001,MW,FR,FR,forecast_offshore_wind_generation,Wind Offshore,2026-06-11T21:19:02Z
2026-06-11T21:18:08Z,2026-06-11T23:18:08+0200,4e273271-2dd1-4145-994c-b9bfe17baf4e,2026-05-12T18:15:00Z,2026-05-12T20:15:00+0200,724.66998,MW,FR,FR,forecast_offshore_wind_generation,Wind Offshore,2026-06-11T21:19:02Z
2026-06-11T21:18:08Z,2026-06-11T23:18:08+0200,4e273271-2dd1-4145-994c-b9bfe17baf4e,2026-05-12T18:30:00Z,2026-05-12T20:30:00+0200,768.07996,MW,FR,FR,forecast_offshore_wind_generation,Wind Offshore,2026-06-11T21:19:02Z
2026-06-11T21:18:08Z,2026-06-11T23:18:08+0200,4e273271-2dd1-4145-994c-b9bfe17baf4e,2026-05-12T18:45:00Z,2026-05-12T20:45:00+0200,811.48999,MW,FR,FR,forecast_offshore_wind_generation,Wind Offshore,2026-06-11T21:19:02Z
2026-06-11T21:18:08Z,2026-06-11T23:18:08+0200,4e273271-2dd1-4145-994c-b9bfe17baf4e,2026-05-12T19:00:00Z,2026-05-12T21:00:00+0200,854.89996,MW,FR,FR,forecast_offshore_wind_generation,Wind Offshore,2026-06-11T21:19:02Z
2026-06-11T21:18:08Z,2026-06-11T23:18:08+0200,4e273271-2dd1-4145-994c-b9bfe17baf4e,2026-05-12T19:15:00Z,2026-05-12T21:15:00+0200,876.46509,MW,FR,FR,forecast_offshore_wind_generation,Wind Offshore,2026-06-11T21:19:02Z
2026-06-11T21:18:08Z,2026-06-11T23:18:08+0200,4e273271-2dd1-4145-994c-b9bfe17baf4e,2026-05-12T19:30:00Z,2026-05-12T21:30:00+0200,898.02997,MW,FR,FR,forecast_offshore_wind_generation,Wind Offshore,2026-06-11T21:19:02Z
2026-06-11T21:18:08Z,2026-06-11T23:18:08+0200,4e273271-2dd1-4145-994c-b9bfe17baf4e,2026-05-12T19:45:00Z,2026-05-12T21:45:00+0200,919.59497,MW,FR,FR,forecast_offshore_wind_generation,Wind Offshore,2026-06-11T21:19:02Z
2026-06-11T21:18:08Z,2026-06-11T23:18:08+0200,4e273271-2dd1-4145-994c-b9bfe17baf4e,2026-05-12T20:00:00Z,2026-05-12T22:00:00+0200,941.16003,MW,FR,FR,forecast_offshore_wind_generation,Wind Offshore,2026-06-11T21:19:02Z
2026-06-11T21:18:08Z,2026-06-11T23:18:08+0200,4e273271-2dd1-4145-994c-b9bfe17baf4e,2026-05-12T20:15:00Z,2026-05-12T22:15:00+0200,910.54498,MW,FR,FR,forecast_offshore_wind_generation,Wind Offshore,2026-06-11T21:19:02Z
2026-06-11T21:18:08Z,2026-06-11T23:18:08+0200,4e273271-2dd1-4145-994c-b9bfe17baf4e,2026-05-12T20:30:00Z,2026-05-12T22:30:00+0200,879.93005,MW,FR,FR,forecast_offshore_wind_generation,Wind Offshore,2026-06-11T21:19:02Z
2026-06-11T21:18:08Z,2026-06-11T23:18:08+0200,4e273271-2dd1-4145-994c-b9bfe17baf4e,2026-05-12T20:45:00Z,2026-05-12T22:45:00+0200,849.31494,MW,FR,FR,forecast_offshore_wind_generation,Wind Offshore,2026-06-11T21:19:02Z
2026-06-11T21:18:08Z,2026-06-11T23:18:08+0200,4e273271-2dd1-4145-994c-b9bfe17baf4e,2026-05-12T21:00:00Z,2026-05-12T23:00:00+0200,818.70001,MW,FR,FR,forecast_offshore_wind_generation,Wind Offshore,2026-06-11T21:19:02Z
2026-06-11T21:18:08Z,2026-06-11T23:18:08+0200,4e273271-2dd1-4145-994c-b9bfe17baf4e,2026-05-12T21:15:00Z,2026-05-12T23:15:00+0200,803.52502,MW,FR,FR,forecast_offshore_wind_generation,Wind Offshore,2026-06-11T21:19:02Z
2026-06-11T21:18:08Z,2026-06-11T23:18:08+0200,4e273271-2dd1-4145-994c-b9bfe17baf4e,2026-05-12T21:30:00Z,2026-05-12T23:30:00+0200,788.35004,MW,FR,FR,forecast_offshore_wind_generation,Wind Offshore,2026-06-11T21:19:02Z
2026-06-11T21:18:08Z,2026-06-11T23:18:08+0200,4e273271-2dd1-4145-994c-b9bfe17baf4e,2026-05-12T21:45:00Z,2026-05-12T23:45:00+0200,773.17499,MW,FR,FR,forecast_offshore_wind_generation,Wind Offshore,2026-06-11T21:19:02Z
2026-06-11T21:18:08Z,2026-06-11T23:18:08+0200,4e273271-2dd1-4145-994c-b9bfe17baf4e,2026-05-12T22:00:00Z,2026-05-13T00:00:00+0200,835.73004,MW,FR,FR,forecast_offshore_wind_generation,Wind Offshore,2026-06-11T21:19:02Z
2026-06-11T21:18:08Z,2026-06-11T23:18:08+0200,4e273271-2dd1-4145-994c-b9bfe17baf4e,2026-05-12T22:15:00Z,2026-05-13T00:15:00+0200,834.15247,MW,FR,FR,forecast_offshore_wind_generation,Wind Offshore,2026-06-11T21:19:02Z
2026-06-11T21:18:08Z,2026-06-11T23:18:08+0200,4e273271-2dd1-4145-994c-b9bfe17baf4e,2026-05-12T22:30:00Z,2026-05-13T00:30:00+0200,832.57495,MW,FR,FR,forecast_offshore_wind_generation,Wind Offshore,2026-06-11T21:19:02Z
2026-06-11T21:18:08Z,2026-06-11T23:18:08+0200,4e273271-2dd1-4145-994c-b9bfe17baf4e,2026-05-12T22:45:00Z,2026-05-13T00:45:00+0200,830.9975,MW,FR,FR,forecast_offshore_wind_generation,Wind Offshore,2026-06-11T21:19:02Z
2026-06-11T21:18:08Z,2026-06-11T23:18:08+0200,4e273271-2dd1-4145-994c-b9bfe17baf4e,2026-05-12T23:00:00Z,2026-05-13T01:00:00+0200,829.42004,MW,FR,FR,forecast_offshore_wind_generation,Wind Offshore,2026-06-11T21:19:02Z
2026-06-11T21:18:08Z,2026-06-11T23:18:08+0200,4e273271-2dd1-4145-994c-b9bfe17baf4e,2026-05-12T23:15:00Z,2026-05-13T01:15:00+0200,838.17249,MW,FR,FR,forecast_offshore_wind_generation,Wind Offshore,2026-06-11T21:19:02Z
2026-06-11T21:18:08Z,2026-06-11T23:18:08+0200,4e273271-2dd1-4145-994c-b9bfe17baf4e,2026-05-12T23:30:00Z,2026-05-13T01:30:00+0200,846.92499,MW,FR,FR,forecast_offshore_wind_generation,Wind Offshore,2026-06-11T21:19:02Z
2026-06-11T21:18:08Z,2026-06-11T23:18:08+0200,4e273271-2dd1-4145-994c-b9bfe17baf4e,2026-05-12T23:45:00Z,2026-05-13T01:45:00+0200,855.67749,MW,FR,FR,forecast_offshore_wind_generation,Wind Offshore,2026-06-11T21:19:02Z
2026-06-11T21:18:08Z,2026-06-11T23:18:08+0200,4e273271-2dd1-4145-994c-b9bfe17baf4e,2026-05-13T00:00:00Z,2026-05-13T02:00:00+0200,864.42993,MW,FR,FR,forecast_offshore_wind_generation,Wind Offshore,2026-06-11T21:19:02Z
2026-06-11T21:18:08Z,2026-06-11T23:18:08+0200,4e273271-2dd1-4145-994c-b9bfe17baf4e,2026-05-13T00:15:00Z,2026-05-13T02:15:00+0200,867.1225,MW,FR,FR,forecast_offshore_wind_generation,Wind Offshore,2026-06-11T21:19:02Z
2026-06-11T21:18:08Z,2026-06-11T23:18:08+0200,4e273271-2dd1-4145-994c-b9bfe17baf4e,2026-05-13T00:30:00Z,2026-05-13T02:30:00+0200,869.81506,MW,FR,FR,forecast_offshore_wind_generation,Wind Offshore,2026-06-11T21:19:02Z
2026-06-11T21:18:08Z,2026-06-11T23:18:08+0200,4e273271-2dd1-4145-994c-b9bfe17baf4e,2026-05-13T00:45:00Z,2026-05-13T02:45:00+0200,872.50745,MW,FR,FR,forecast_offshore_wind_generation,Wind Offshore,2026-06-11T21:19:02Z
2026-06-11T21:18:08Z,2026-06-11T23:18:08+0200,4e273271-2dd1-4145-994c-b9bfe17baf4e,2026-05-13T01:00:00Z,2026-05-13T03:00:00+0200,875.19995,MW,FR,FR,forecast_offshore_wind_generation,Wind Offshore,2026-06-11T21:19:02Z
2026-06-11T21:18:08Z,2026-06-11T23:18:08+0200,4e273271-2dd1-4145-994c-b9bfe17baf4e,2026-05-13T01:15:00Z,2026-05-13T03:15:00+0200,889.26257,MW,FR,FR,forecast_offshore_wind_generation,Wind Offshore,2026-06-11T21:19:02Z
2026-06-11T21:18:08Z,2026-06-11T23:18:08+0200,4e273271-2dd1-4145-994c-b9bfe17baf4e,2026-05-13T01:30:00Z,2026-05-13T03:30:00+0200,903.32501,MW,FR,FR,forecast_offshore_wind_generation,Wind Offshore,2026-06-11T21:19:02Z
2026-06-11T21:18:08Z,2026-06-11T23:18:08+0200,4e273271-2dd1-4145-994c-b9bfe17baf4e,2026-05-13T01:45:00Z,2026-05-13T03:45:00+0200,917.38745,MW,FR,FR,forecast_offshore_wind_generation,Wind Offshore,2026-06-11T21:19:02Z
2026-06-11T21:18:08Z,2026-06-11T23:18:08+0200,4e273271-2dd1-4145-994c-b9bfe17baf4e,2026-05-13T02:00:00Z,2026-05-13T04:00:00+0200,931.45007,MW,FR,FR,forecast_offshore_wind_generation,Wind Offshore,2026-06-11T21:19:02Z
2026-06-11T21:18:08Z,2026-06-11T23:18:08+0200,4e273271-2dd1-4145-994c-b9bfe17baf4e,2026-05-13T02:15:00Z,2026-05-13T04:15:00+0200,977.5625,MW,FR,FR,forecast_offshore_wind_generation,Wind Offshore,2026-06-11T21:19:02Z
2026-06-11T21:18:08Z,2026-06-11T23:18:08+0200,4e273271-2dd1-4145-994c-b9bfe17baf4e,2026-05-13T02:30:00Z,2026-05-13T04:30:00+0200,1023.67499,MW,FR,FR,forecast_offshore_wind_generation,Wind Offshore,2026-06-11T21:19:02Z
2026-06-11T21:18:08Z,2026-06-11T23:18:08+0200,4e273271-2dd1-4145-994c-b9bfe17baf4e,2026-05-13T02:45:00Z,2026-05-13T04:45:00+0200,1069.78748,MW,FR,FR,forecast_offshore_wind_generation,Wind Offshore,2026-06-11T21:19:02Z
2026-06-11T21:18:08Z,2026-06-11T23:18:08+0200,4e273271-2dd1-4145-994c-b9bfe17baf4e,2026-05-13T03:00:00Z,2026-05-13T05:00:00+0200,1115.90002,MW,FR,FR,forecast_offshore_wind_generation,Wind Offshore,2026-06-11T21:19:02Z
2026-06-11T21:18:08Z,2026-06-11T23:18:08+0200,4e273271-2dd1-4145-994c-b9bfe17baf4e,2026-05-13T03:15:00Z,2026-05-13T05:15:00+0200,1157.46497,MW,FR,FR,forecast_offshore_wind_generation,Wind Offshore,2026-06-11T21:19:02Z
2026-06-11T21:18:08Z,2026-06-11T23:18:08+0200,4e273271-2dd1-4145-994c-b9bfe17baf4e,2026-05-13T03:30:00Z,2026-05-13T05:30:00+0200,1199.03003,MW,FR,FR,forecast_offshore_wind_generation,Wind Offshore,2026-06-11T21:19:02Z
2026-06-11T21:18:08Z,2026-06-11T23:18:08+0200,4e273271-2dd1-4145-994c-b9bfe17baf4e,2026-05-13T03:45:00Z,2026-05-13T05:45:00+0200,1240.59497,MW,FR,FR,forecast_offshore_wind_generation,Wind Offshore,2026-06-11T21:19:02Z
2026-06-11T21:18:08Z,2026-06-11T23:18:08+0200,4e273271-2dd1-4145-994c-b9bfe17baf4e,2026-05-13T04:00:00Z,2026-05-13T06:00:00+0200,1282.15991,MW,FR,FR,forecast_offshore_wind_generation,Wind Offshore,2026-06-11T21:19:02Z
2026-06-11T21:18:08Z,2026-06-11T23:18:08+0200,4e273271-2dd1-4145-994c-b9bfe17baf4e,2026-05-13T04:15:00Z,2026-05-13T06:15:00+0200,1317.59741,MW,FR,FR,forecast_offshore_wind_generation,Wind Offshore,2026-06-11T21:19:02Z
2026-06-11T21:18:08Z,2026-06-11T23:18:08+0200,4e273271-2dd1-4145-994c-b9bfe17baf4e,2026-05-13T04:30:00Z,2026-05-13T06:30:00+0200,1353.03503,MW,FR,FR,forecast_offshore_wind_generation,Wind Offshore,2026-06-11T21:19:02Z
2026-06-11T21:18:08Z,2026-06-11T23:18:08+0200,4e273271-2dd1-4145-994c-b9bfe17baf4e,2026-05-13T04:45:00Z,2026-05-13T06:45:00+0200,1388.47253,MW,FR,FR,forecast_offshore_wind_generation,Wind Offshore,2026-06-11T21:19:02Z
2026-06-11T21:18:08Z,2026-06-11T23:18:08+0200,4e273271-2dd1-4145-994c-b9bfe17baf4e,2026-05-13T05:00:00Z,2026-05-13T07:00:00+0200,1423.91003,MW,FR,FR,forecast_offshore_wind_generation,Wind Offshore,2026-06-11T21:19:02Z
2026-06-11T21:18:08Z,2026-06-11T23:18:08+0200,4e273271-2dd1-4145-994c-b9bfe17baf4e,2026-05-13T05:15:00Z,2026-05-13T07:15:00+0200,1431.72241,MW,FR,FR,forecast_offshore_wind_generation,Wind Offshore,2026-06-11T21:19:02Z
2026-06-11T21:18:08Z,2026-06-11T23:18:08+0200,4e273271-2dd1-4145-994c-b9bfe17baf4e,2026-05-13T05:30:00Z,2026-05-13T07:30:00+0200,1439.53491,MW,FR,FR,forecast_offshore_wind_generation,Wind Offshore,2026-06-11T21:19:02Z
2026-06-11T21:18:08Z,2026-06-11T23:18:08+0200,4e273271-2dd1-4145-994c-b9bfe17baf4e,2026-05-13T05:45:00Z,2026-05-13T07:45:00+0200,1447.34753,MW,FR,FR,forecast_offshore_wind_generation,Wind Offshore,2026-06-11T21:19:02Z
2026-06-11T21:18:08Z,2026-06-11T23:18:08+0200,4e273271-2dd1-4145-994c-b9bfe17baf4e,2026-05-13T06:00:00Z,2026-05-13T08:00:00+0200,1455.16003,MW,FR,FR,forecast_offshore_wind_generation,Wind Offshore,2026-06-11T21:19:02Z
2026-06-11T21:18:08Z,2026-06-11T23:18:08+0200,4e273271-2dd1-4145-994c-b9bfe17baf4e,2026-05-13T06:15:00Z,2026-05-13T08:15:00+0200,1473.08997,MW,FR,FR,forecast_offshore_wind_generation,Wind Offshore,2026-06-11T21:19:02Z
2026-06-11T21:18:08Z,2026-06-11T23:18:08+0200,4e273271-2dd1-4145-994c-b9bfe17baf4e,2026-05-13T06:30:00Z,2026-05-13T08:30:00+0200,1491.02002,MW,FR,FR,forecast_offshore_wind_generation,Wind Offshore,2026-06-11T21:19:02Z
2026-06-11T21:18:08Z,2026-06-11T23:18:08+0200,4e273271-2dd1-4145-994c-b9bfe17baf4e,2026-05-13T06:45:00Z,2026-05-13T08:45:00+0200,1508.95007,MW,FR,FR,forecast_offshore_wind_generation,Wind Offshore,2026-06-11T21:19:02Z
2026-06-11T21:18:08Z,2026-06-11T23:18:08+0200,4e273271-2dd1-4145-994c-b9bfe17baf4e,2026-05-13T07:00:00Z,2026-05-13T09:00:00+0200,1526.88,MW,FR,FR,forecast_offshore_wind_generation,Wind Offshore,2026-06-11T21:19:02Z
2026-06-11T21:18:08Z,2026-06-11T23:18:08+0200,4e273271-2dd1-4145-994c-b9bfe17baf4e,2026-05-13T07:15:00Z,2026-05-13T09:15:00+0200,1536.27502,MW,FR,FR,forecast_offshore_wind_generation,Wind Offshore,2026-06-11T21:19:02Z
2026-06-11T21:18:08Z,2026-06-11T23:18:08+0200,4e273271-2dd1-4145-994c-b9bfe17baf4e,2026-05-13T07:30:00Z,2026-05-13T09:30:00+0200,1545.66992,MW,FR,FR,forecast_offshore_wind_generation,Wind Offshore,2026-06-11T21:19:02Z
2026-06-11T21:18:08Z,2026-06-11T23:18:08+0200,4e273271-2dd1-4145-994c-b9bfe17baf4e,2026-05-13T07:45:00Z,2026-05-13T09:45:00+0200,1555.06494,MW,FR,FR,forecast_offshore_wind_generation,Wind Offshore,2026-06-11T21:19:02Z
2026-06-11T21:18:08Z,2026-06-11T23:18:08+0200,4e273271-2dd1-4145-994c-b9bfe17baf4e,2026-05-13T08:00:00Z,2026-05-13T10:00:00+0200,1564.45996,MW,FR,FR,forecast_offshore_wind_generation,Wind Offshore,2026-06-11T21:19:02Z
2026-06-11T21:18:08Z,2026-06-11T23:18:08+0200,4e273271-2dd1-4145-994c-b9bfe17baf4e,2026-05-13T08:15:00Z,2026-05-13T10:15:00+0200,1583.45508,MW,FR,FR,forecast_offshore_wind_generation,Wind Offshore,2026-06-11T21:19:02Z
2026-06-11T21:18:08Z,2026-06-11T23:18:08+0200,4e273271-2dd1-4145-994c-b9bfe17baf4e,2026-05-13T08:30:00Z,2026-05-13T10:30:00+0200,1602.45007,MW,FR,FR,forecast_offshore_wind_generation,Wind Offshore,2026-06-11T21:19:02Z
2026-06-11T21:18:08Z,2026-06-11T23:18:08+0200,4e273271-2dd1-4145-994c-b9bfe17baf4e,2026-05-13T08:45:00Z,2026-05-13T10:45:00+0200,1621.44507,MW,FR,FR,forecast_offshore_wind_generation,Wind Offshore,2026-06-11T21:19:02Z
2026-06-11T21:18:08Z,2026-06-11T23:18:08+0200,4e273271-2dd1-4145-994c-b9bfe17baf4e,2026-05-13T09:00:00Z,2026-05-13T11:00:00+0200,1640.44006,MW,FR,FR,forecast_offshore_wind_generation,Wind Offshore,2026-06-11T21:19:02Z
2026-06-11T21:18:08Z,2026-06-11T23:18:08+0200,4e273271-2dd1-4145-994c-b9bfe17baf4e,2026-05-13T09:15:00Z,2026-05-13T11:15:00+0200,1645.09253,MW,FR,FR,forecast_offshore_wind_generation,Wind Offshore,2026-06-11T21:19:02Z
2026-06-11T21:18:08Z,2026-06-11T23:18:08+0200,4e273271-2dd1-4145-994c-b9bfe17baf4e,2026-05-13T09:30:00Z,2026-05-13T11:30:00+0200,1649.74487,MW,FR,FR,forecast_offshore_wind_generation,Wind Offshore,2026-06-11T21:19:02Z
2026-06-11T21:18:08Z,2026-06-11T23:18:08+0200,4e273271-2dd1-4145-994c-b9bfe17baf4e,2026-05-13T09:45:00Z,2026-05-13T11:45:00+0200,1654.39746,MW,FR,FR,forecast_offshore_wind_generation,Wind Offshore,2026-06-11T21:19:02Z
2026-06-11T21:18:08Z,2026-06-11T23:18:08+0200,4e273271-2dd1-4145-994c-b9bfe17baf4e,2026-05-13T10:00:00Z,2026-05-13T12:00:00+0200,1659.04993,MW,FR,FR,forecast_offshore_wind_generation,Wind Offshore,2026-06-11T21:19:02Z
2026-06-11T21:18:08Z,2026-06-11T23:18:08+0200,4e273271-2dd1-4145-994c-b9bfe17baf4e,2026-05-13T10:15:00Z,2026-05-13T12:15:00+0200,1671.1449,MW,FR,FR,forecast_offshore_wind_generation,Wind Offshore,2026-06-11T21:19:02Z
2026-06-11T21:18:08Z,2026-06-11T23:18:08+0200,4e273271-2dd1-4145-994c-b9bfe17baf4e,2026-05-13T10:30:00Z,2026-05-13T12:30:00+0200,1683.23999,MW,FR,FR,forecast_offshore_wind_generation,Wind Offshore,2026-06-11T21:19:02Z
2026-06-11T21:18:08Z,2026-06-11T23:18:08+0200,4e273271-2dd1-4145-994c-b9bfe17baf4e,2026-05-13T10:45:00Z,2026-05-13T12:45:00+0200,1695.33496,MW,FR,FR,forecast_offshore_wind_generation,Wind Offshore,2026-06-11T21:19:02Z
2026-06-11T21:18:08Z,2026-06-11T23:18:08+0200,4e273271-2dd1-4145-994c-b9bfe17baf4e,2026-05-13T11:00:00Z,2026-05-13T13:00:00+0200,1707.42993,MW,FR,FR,forecast_offshore_wind_generation,Wind Offshore,2026-06-11T21:19:02Z
2026-06-11T21:18:08Z,2026-06-11T23:18:08+0200,4e273271-2dd1-4145-994c-b9bfe17baf4e,2026-05-13T11:15:00Z,2026-05-13T13:15:00+0200,1718.90991,MW,FR,FR,forecast_offshore_wind_generation,Wind Offshore,2026-06-11T21:19:02Z
2026-06-11T21:18:08Z,2026-06-11T23:18:08+0200,4e273271-2dd1-4145-994c-b9bfe17baf4e,2026-05-13T11:30:00Z,2026-05-13T13:30:00+0200,1730.39001,MW,FR,FR,forecast_offshore_wind_generation,Wind Offshore,2026-06-11T21:19:02Z
2026-06-11T21:18:08Z,2026-06-11T23:18:08+0200,4e273271-2dd1-4145-994c-b9bfe17baf4e,2026-05-13T11:45:00Z,2026-05-13T13:45:00+0200,1741.87,MW,FR,FR,forecast_offshore_wind_generation,Wind Offshore,2026-06-11T21:19:02Z
2026-06-11T21:18:08Z,2026-06-11T23:18:08+0200,4e273271-2dd1-4145-994c-b9bfe17baf4e,2026-05-13T12:00:00Z,2026-05-13T14:00:00+0200,1753.34998,MW,FR,FR,forecast_offshore_wind_generation,Wind Offshore,2026-06-11T21:19:02Z
2026-06-11T21:18:08Z,2026-06-11T23:18:08+0200,4e273271-2dd1-4145-994c-b9bfe17baf4e,2026-05-13T12:15:00Z,2026-05-13T14:15:00+0200,1754.83752,MW,FR,FR,forecast_offshore_wind_generation,Wind Offshore,2026-06-11T21:19:02Z
2026-06-11T21:18:08Z,2026-06-11T23:18:08+0200,4e273271-2dd1-4145-994c-b9bfe17baf4e,2026-05-13T12:30:00Z,2026-05-13T14:30:00+0200,1756.32495,MW,FR,FR,forecast_offshore_wind_generation,Wind Offshore,2026-06-11T21:19:02Z
2026-06-11T21:18:08Z,2026-06-11T23:18:08+0200,4e273271-2dd1-4145-994c-b9bfe17baf4e,2026-05-13T12:45:00Z,2026-05-13T14:45:00+0200,1757.81262,MW,FR,FR,forecast_offshore_wind_generation,Wind Offshore,2026-06-11T21:19:02Z
2026-06-11T21:18:08Z,2026-06-11T23:18:08+0200,4e273271-2dd1-4145-994c-b9bfe17baf4e,2026-05-13T13:00:00Z,2026-05-13T15:00:00+0200,1759.30005,MW,FR,FR,forecast_offshore_wind_generation,Wind Offshore,2026-06-11T21:19:02Z
2026-06-11T21:18:08Z,2026-06-11T23:18:08+0200,4e273271-2dd1-4145-994c-b9bfe17baf4e,2026-05-13T13:15:00Z,2026-05-13T15:15:00+0200,1765.89502,MW,FR,FR,forecast_offshore_wind_generation,Wind Offshore,2026-06-11T21:19:02Z
2026-06-11T21:18:08Z,2026-06-11T23:18:08+0200,4e273271-2dd1-4145-994c-b9bfe17baf4e,2026-05-13T13:30:00Z,2026-05-13T15:30:00+0200,1772.48999,MW,FR,FR,forecast_offshore_wind_generation,Wind Offshore,2026-06-11T21:19:02Z
2026-06-11T21:18:08Z,2026-06-11T23:18:08+0200,4e273271-2dd1-4145-994c-b9bfe17baf4e,2026-05-13T13:45:00Z,2026-05-13T15:45:00+0200,1779.08496,MW,FR,FR,forecast_offshore_wind_generation,Wind Offshore,2026-06-11T21:19:02Z
2026-06-11T21:18:08Z,2026-06-11T23:18:08+0200,4e273271-2dd1-4145-994c-b9bfe17baf4e,2026-05-13T14:00:00Z,2026-05-13T16:00:00+0200,1785.67993,MW,FR,FR,forecast_offshore_wind_generation,Wind Offshore,2026-06-11T21:19:02Z
2026-06-11T21:18:08Z,2026-06-11T23:18:08+0200,4e273271-2dd1-4145-994c-b9bfe17baf4e,2026-05-13T14:15:00Z,2026-05-13T16:15:00+0200,1793.57251,MW,FR,FR,forecast_offshore_wind_generation,Wind Offshore,2026-06-11T21:19:02Z
2026-06-11T21:18:08Z,2026-06-11T23:18:08+0200,4e273271-2dd1-4145-994c-b9bfe17baf4e,2026-05-13T14:30:00Z,2026-05-13T16:30:00+0200,1801.46509,MW,FR,FR,forecast_offshore_wind_generation,Wind Offshore,2026-06-11T21:19:02Z
2026-06-11T21:18:08Z,2026-06-11T23:18:08+0200,4e273271-2dd1-4145-994c-b9bfe17baf4e,2026-05-13T14:45:00Z,2026-05-13T16:45:00+0200,1809.35742,MW,FR,FR,forecast_offshore_wind_generation,Wind Offshore,2026-06-11T21:19:02Z
2026-06-11T21:18:08Z,2026-06-11T23:18:08+0200,4e273271-2dd1-4145-994c-b9bfe17baf4e,2026-05-13T15:00:00Z,2026-05-13T17:00:00+0200,1817.25,MW,FR,FR,forecast_offshore_wind_generation,Wind Offshore,2026-06-11T21:19:02Z
2026-06-11T21:18:08Z,2026-06-11T23:18:08+0200,4e273271-2dd1-4145-994c-b9bfe17baf4e,2026-05-13T15:15:00Z,2026-05-13T17:15:00+0200,1827.51257,MW,FR,FR,forecast_offshore_wind_generation,Wind Offshore,2026-06-11T21:19:02Z
2026-06-11T21:18:08Z,2026-06-11T23:18:08+0200,4e273271-2dd1-4145-994c-b9bfe17baf4e,2026-05-13T15:30:00Z,2026-05-13T17:30:00+0200,1837.77515,MW,FR,FR,forecast_offshore_wind_generation,Wind Offshore,2026-06-11T21:19:02Z
2026-06-11T21:18:08Z,2026-06-11T23:18:08+0200,4e273271-2dd1-4145-994c-b9bfe17baf4e,2026-05-13T15:45:00Z,2026-05-13T17:45:00+0200,1848.03748,MW,FR,FR,forecast_offshore_wind_generation,Wind Offshore,2026-06-11T21:19:02Z
2026-06-11T21:18:08Z,2026-06-11T23:18:08+0200,4e273271-2dd1-4145-994c-b9bfe17baf4e,2026-05-13T16:00:00Z,2026-05-13T18:00:00+0200,1858.30005,MW,FR,FR,forecast_offshore_wind_generation,Wind Offshore,2026-06-11T21:19:02Z
2026-06-11T21:18:08Z,2026-06-11T23:18:08+0200,4e273271-2dd1-4145-994c-b9bfe17baf4e,2026-05-13T16:15:00Z,2026-05-13T18:15:00+0200,1854.60498,MW,FR,FR,forecast_offshore_wind_generation,Wind Offshore,2026-06-11T21:19:02Z
2026-06-11T21:18:08Z,2026-06-11T23:18:08+0200,4e273271-2dd1-4145-994c-b9bfe17baf4e,2026-05-13T16:30:00Z,2026-05-13T18:30:00+0200,1850.91003,MW,FR,FR,forecast_offshore_wind_generation,Wind Offshore,2026-06-11T21:19:02Z
2026-06-11T21:18:08Z,2026-06-11T23:18:08+0200,4e273271-2dd1-4145-994c-b9bfe17baf4e,2026-05-13T16:45:00Z,2026-05-13T18:45:00+0200,1847.21509,MW,FR,FR,forecast_offshore_wind_generation,Wind Offshore,2026-06-11T21:19:02Z
2026-06-11T21:18:08Z,2026-06-11T23:18:08+0200,4e273271-2dd1-4145-994c-b9bfe17baf4e,2026-05-13T17:00:00Z,2026-05-13T19:00:00+0200,1843.52014,MW,FR,FR,forecast_offshore_wind_generation,Wind Offshore,2026-06-11T21:19:02Z
2026-06-11T21:18:08Z,2026-06-11T23:18:08+0200,4e273271-2dd1-4145-994c-b9bfe17baf4e,2026-05-13T17:15:00Z,2026-05-13T19:15:00+0200,1840.77246,MW,FR,FR,forecast_offshore_wind_generation,Wind Offshore,2026-06-11T21:19:02Z
2026-06-11T21:18:08Z,2026-06-11T23:18:08+0200,4e273271-2dd1-4145-994c-b9bfe17baf4e,2026-05-13T17:30:00Z,2026-05-13T19:30:00+0200,1838.0249,MW,FR,FR,forecast_offshore_wind_generation,Wind Offshore,2026-06-11T21:19:02Z
2026-06-11T21:18:08Z,2026-06-11T23:18:08+0200,4e273271-2dd1-4145-994c-b9bfe17baf4e,2026-05-13T17:45:00Z,2026-05-13T19:45:00+0200,1835.27747,MW,FR,FR,forecast_offshore_wind_generation,Wind Offshore,2026-06-11T21:19:02Z
2026-06-11T21:18:08Z,2026-06-11T23:18:08+0200,4e273271-2dd1-4145-994c-b9bfe17baf4e,2026-05-13T18:00:00Z,2026-05-13T20:00:00+0200,1832.53003,MW,FR,FR,forecast_offshore_wind_generation,Wind Offshore,2026-06-11T21:19:02Z
2026-06-11T21:18:08Z,2026-06-11T23:18:08+0200,4e273271-2dd1-4145-994c-b9bfe17baf4e,2026-05-13T18:15:00Z,2026-05-13T20:15:00+0200,1814.30005,MW,FR,FR,forecast_offshore_wind_generation,Wind Offshore,2026-06-11T21:19:02Z
2026-06-11T21:18:08Z,2026-06-11T23:18:08+0200,4e273271-2dd1-4145-994c-b9bfe17baf4e,2026-05-13T18:30:00Z,2026-05-13T20:30:00+0200,1796.06995,MW,FR,FR,forecast_offshore_wind_generation,Wind Offshore,2026-06-11T21:19:02Z
2026-06-11T21:18:08Z,2026-06-11T23:18:08+0200,4e273271-2dd1-4145-994c-b9bfe17baf4e,2026-05-13T18:45:00Z,2026-05-13T20:45:00+0200,1777.84009,MW,FR,FR,forecast_offshore_wind_generation,Wind Offshore,2026-06-11T21:19:02Z
2026-06-11T21:18:08Z,2026-06-11T23:18:08+0200,4e273271-2dd1-4145-994c-b9bfe17baf4e,2026-05-13T19:00:00Z,2026-05-13T21:00:00+0200,1759.61011,MW,FR,FR,forecast_offshore_wind_generation,Wind Offshore,2026-06-11T21:19:02Z
2026-06-11T21:18:08Z,2026-06-11T23:18:08+0200,4e273271-2dd1-4145-994c-b9bfe17baf4e,2026-05-13T19:15:00Z,2026-05-13T21:15:00+0200,1728.40747,MW,FR,FR,forecast_offshore_wind_generation,Wind Offshore,2026-06-11T21:19:02Z
2026-06-11T21:18:08Z,2026-06-11T23:18:08+0200,4e273271-2dd1-4145-994c-b9bfe17baf4e,2026-05-13T19:30:00Z,2026-05-13T21:30:00+0200,1697.20508,MW,FR,FR,forecast_offshore_wind_generation,Wind Offshore,2026-06-11T21:19:02Z
2026-06-11T21:18:08Z,2026-06-11T23:18:08+0200,4e273271-2dd1-4145-994c-b9bfe17baf4e,2026-05-13T19:45:00Z,2026-05-13T21:45:00+0200,1666.00244,MW,FR,FR,forecast_offshore_wind_generation,Wind Offshore,2026-06-11T21:19:02Z
2026-06-11T21:18:08Z,2026-06-11T23:18:08+0200,4e273271-2dd1-4145-994c-b9bfe17baf4e,2026-05-13T20:00:00Z,2026-05-13T22:00:00+0200,1634.79993,MW,FR,FR,forecast_offshore_wind_generation,Wind Offshore,2026-06-11T21:19:02Z
2026-06-11T21:18:08Z,2026-06-11T23:18:08+0200,4e273271-2dd1-4145-994c-b9bfe17baf4e,2026-05-13T20:15:00Z,2026-05-13T22:15:00+0200,1620.42749,MW,FR,FR,forecast_offshore_wind_generation,Wind Offshore,2026-06-11T21:19:02Z
2026-06-11T21:18:08Z,2026-06-11T23:18:08+0200,4e273271-2dd1-4145-994c-b9bfe17baf4e,2026-05-13T20:30:00Z,2026-05-13T22:30:00+0200,1606.05493,MW,FR,FR,forecast_offshore_wind_generation,Wind Offshore,2026-06-11T21:19:02Z
2026-06-11T21:18:08Z,2026-06-11T23:18:08+0200,4e273271-2dd1-4145-994c-b9bfe17baf4e,2026-05-13T20:45:00Z,2026-05-13T22:45:00+0200,1591.6825,MW,FR,FR,forecast_offshore_wind_generation,Wind Offshore,2026-06-11T21:19:02Z
2026-06-11T21:18:08Z,2026-06-11T23:18:08+0200,4e273271-2dd1-4145-994c-b9bfe17baf4e,2026-05-13T21:00:00Z,2026-05-13T23:00:00+0200,1577.30994,MW,FR,FR,forecast_offshore_wind_generation,Wind Offshore,2026-06-11T21:19:02Z
2026-06-11T21:18:08Z,2026-06-11T23:18:08+0200,4e273271-2dd1-4145-994c-b9bfe17baf4e,2026-05-13T21:15:00Z,2026-05-13T23:15:00+0200,1555.49756,MW,FR,FR,forecast_offshore_wind_generation,Wind Offshore,2026-06-11T21:19:02Z
2026-06-11T21:18:08Z,2026-06-11T23:18:08+0200,4e273271-2dd1-4145-994c-b9bfe17baf4e,2026-05-13T21:30:00Z,2026-05-13T23:30:00+0200,1533.68506,MW,FR,FR,forecast_offshore_wind_generation,Wind Offshore,2026-06-11T21:19:02Z
2026-06-11T21:18:08Z,2026-06-11T23:18:08+0200,4e273271-2dd1-4145-994c-b9bfe17baf4e,2026-05-13T21:45:00Z,2026-05-13T23:45:00+0200,1511.87256,MW,FR,FR,forecast_offshore_wind_generation,Wind Offshore,2026-06-11T21:19:02Z
2026-06-11T21:18:08Z,2026-06-11T23:18:08+0200,4e273271-2dd1-4145-994c-b9bfe17baf4e,2026-05-13T22:00:00Z,2026-05-14T00:00:00+0200,1483.92993,MW,FR,FR,forecast_offshore_wind_generation,Wind Offshore,2026-06-11T21:19:02Z
2026-06-11T21:18:08Z,2026-06-11T23:18:08+0200,4e273271-2dd1-4145-994c-b9bfe17baf4e,2026-05-13T22:15:00Z,2026-05-14T00:15:00+0200,1474.91748,MW,FR,FR,forecast_offshore_wind_generation,Wind Offshore,2026-06-11T21:19:02Z
2026-06-11T21:18:08Z,2026-06-11T23:18:08+0200,4e273271-2dd1-4145-994c-b9bfe17baf4e,2026-05-13T22:30:00Z,2026-05-14T00:30:00+0200,1465.90503,MW,FR,FR,forecast_offshore_wind_generation,Wind Offshore,2026-06-11T21:19:02Z
2026-06-11T21:18:08Z,2026-06-11T23:18:08+0200,4e273271-2dd1-4145-994c-b9bfe17baf4e,2026-05-13T22:45:00Z,2026-05-14T00:45:00+0200,1456.89258,MW,FR,FR,forecast_offshore_wind_generation,Wind Offshore,2026-06-11T21:19:02Z
2026-06-11T21:18:08Z,2026-06-11T23:18:08+0200,4e273271-2dd1-4145-994c-b9bfe17baf4e,2026-05-13T23:00:00Z,2026-05-14T01:00:00+0200,1447.88,MW,FR,FR,forecast_offshore_wind_generation,Wind Offshore,2026-06-11T21:19:02Z
2026-06-11T21:18:08Z,2026-06-11T23:18:08+0200,4e273271-2dd1-4145-994c-b9bfe17baf4e,2026-05-13T23:15:00Z,2026-05-14T01:15:00+0200,1428.12,MW,FR,FR,forecast_offshore_wind_generation,Wind Offshore,2026-06-11T21:19:02Z
2026-06-11T21:18:08Z,2026-06-11T23:18:08+0200,4e273271-2dd1-4145-994c-b9bfe17baf4e,2026-05-13T23:30:00Z,2026-05-14T01:30:00+0200,1408.35999,MW,FR,FR,forecast_offshore_wind_generation,Wind Offshore,2026-06-11T21:19:02Z
2026-06-11T21:18:08Z,2026-06-11T23:18:08+0200,4e273271-2dd1-4145-994c-b9bfe17baf4e,2026-05-13T23:45:00Z,2026-05-14T01:45:00+0200,1388.59998,MW,FR,FR,forecast_offshore_wind_generation,Wind Offshore,2026-06-11T21:19:02Z
2026-06-11T21:18:08Z,2026-06-11T23:18:08+0200,4e273271-2dd1-4145-994c-b9bfe17baf4e,2026-05-14T00:00:00Z,2026-05-14T02:00:00+0200,1368.83984,MW,FR,FR,forecast_offshore_wind_generation,Wind Offshore,2026-06-11T21:19:02Z
2026-06-11T21:18:08Z,2026-06-11T23:18:08+0200,4e273271-2dd1-4145-994c-b9bfe17baf4e,2026-05-14T00:15:00Z,2026-05-14T02:15:00+0200,1379.50256,MW,FR,FR,forecast_offshore_wind_generation,Wind Offshore,2026-06-11T21:19:02Z
2026-06-11T21:18:08Z,2026-06-11T23:18:08+0200,4e273271-2dd1-4145-994c-b9bfe17baf4e,2026-05-14T00:30:00Z,2026-05-14T02:30:00+0200,1390.16504,MW,FR,FR,forecast_offshore_wind_generation,Wind Offshore,2026-06-11T21:19:02Z
2026-06-11T21:18:08Z,2026-06-11T23:18:08+0200,4e273271-2dd1-4145-994c-b9bfe17baf4e,2026-05-14T00:45:00Z,2026-05-14T02:45:00+0200,1400.82739,MW,FR,FR,forecast_offshore_wind_generation,Wind Offshore,2026-06-11T21:19:02Z
2026-06-11T21:18:08Z,2026-06-11T23:18:08+0200,4e273271-2dd1-4145-994c-b9bfe17baf4e,2026-05-14T01:00:00Z,2026-05-14T03:00:00+0200,1411.48999,MW,FR,FR,forecast_offshore_wind_generation,Wind Offshore,2026-06-11T21:19:02Z
2026-06-11T21:18:08Z,2026-06-11T23:18:08+0200,4e273271-2dd1-4145-994c-b9bfe17baf4e,2026-05-14T01:15:00Z,2026-05-14T03:15:00+0200,1395.28247,MW,FR,FR,forecast_offshore_wind_generation,Wind Offshore,2026-06-11T21:19:02Z
2026-06-11T21:18:08Z,2026-06-11T23:18:08+0200,4e273271-2dd1-4145-994c-b9bfe17baf4e,2026-05-14T01:30:00Z,2026-05-14T03:30:00+0200,1379.07495,MW,FR,FR,forecast_offshore_wind_generation,Wind Offshore,2026-06-11T21:19:02Z
2026-06-11T21:18:08Z,2026-06-11T23:18:08+0200,4e273271-2dd1-4145-994c-b9bfe17baf4e,2026-05-14T01:45:00Z,2026-05-14T03:45:00+0200,1362.86743,MW,FR,FR,forecast_offshore_wind_generation,Wind Offshore,2026-06-11T21:19:02Z
2026-06-11T21:18:08Z,2026-06-11T23:18:08+0200,4e273271-2dd1-4145-994c-b9bfe17baf4e,2026-05-14T02:00:00Z,2026-05-14T04:00:00+0200,1346.65991,MW,FR,FR,forecast_offshore_wind_generation,Wind Offshore,2026-06-11T21:19:02Z
2026-06-11T21:18:08Z,2026-06-11T23:18:08+0200,4e273271-2dd1-4145-994c-b9bfe17baf4e,2026-05-14T02:15:00Z,2026-05-14T04:15:00+0200,1350.12988,MW,FR,FR,forecast_offshore_wind_generation,Wind Offshore,2026-06-11T21:19:02Z
2026-06-11T21:18:08Z,2026-06-11T23:18:08+0200,4e273271-2dd1-4145-994c-b9bfe17baf4e,2026-05-14T02:30:00Z,2026-05-14T04:30:00+0200,1353.59985,MW,FR,FR,forecast_offshore_wind_generation,Wind Offshore,2026-06-11T21:19:02Z
2026-06-11T21:18:08Z,2026-06-11T23:18:08+0200,4e273271-2dd1-4145-994c-b9bfe17baf4e,2026-05-14T02:45:00Z,2026-05-14T04:45:00+0200,1357.06995,MW,FR,FR,forecast_offshore_wind_generation,Wind Offshore,2026-06-11T21:19:02Z
2026-06-11T21:18:08Z,2026-06-11T23:18:08+0200,4e273271-2dd1-4145-994c-b9bfe17baf4e,2026-05-14T03:00:00Z,2026-05-14T05:00:00+0200,1360.54004,MW,FR,FR,forecast_offshore_wind_generation,Wind Offshore,2026-06-11T21:19:02Z
2026-06-11T21:18:08Z,2026-06-11T23:18:08+0200,4e273271-2dd1-4145-994c-b9bfe17baf4e,2026-05-14T03:15:00Z,2026-05-14T05:15:00+0200,1363.3501,MW,FR,FR,forecast_offshore_wind_generation,Wind Offshore,2026-06-11T21:19:02Z
2026-06-11T21:18:08Z,2026-06-11T23:18:08+0200,4e273271-2dd1-4145-994c-b9bfe17baf4e,2026-05-14T03:30:00Z,2026-05-14T05:30:00+0200,1366.15991,MW,FR,FR,forecast_offshore_wind_generation,Wind Offshore,2026-06-11T21:19:02Z
2026-06-11T21:18:08Z,2026-06-11T23:18:08+0200,4e273271-2dd1-4145-994c-b9bfe17baf4e,2026-05-14T03:45:00Z,2026-05-14T05:45:00+0200,1368.96997,MW,FR,FR,forecast_offshore_wind_generation,Wind Offshore,2026-06-11T21:19:02Z
2026-06-11T21:18:08Z,2026-06-11T23:18:08+0200,4e273271-2dd1-4145-994c-b9bfe17baf4e,2026-05-14T04:00:00Z,2026-05-14T06:00:00+0200,1371.77991,MW,FR,FR,forecast_offshore_wind_generation,Wind Offshore,2026-06-11T21:19:02Z
2026-06-11T21:18:08Z,2026-06-11T23:18:08+0200,4e273271-2dd1-4145-994c-b9bfe17baf4e,2026-05-14T04:15:00Z,2026-05-14T06:15:00+0200,1393.50256,MW,FR,FR,forecast_offshore_wind_generation,Wind Offshore,2026-06-11T21:19:02Z
2026-06-11T21:18:08Z,2026-06-11T23:18:08+0200,4e273271-2dd1-4145-994c-b9bfe17baf4e,2026-05-14T04:30:00Z,2026-05-14T06:30:00+0200,1415.22498,MW,FR,FR,forecast_offshore_wind_generation,Wind Offshore,2026-06-11T21:19:02Z
2026-06-11T21:18:08Z,2026-06-11T23:18:08+0200,4e273271-2dd1-4145-994c-b9bfe17baf4e,2026-05-14T04:45:00Z,2026-05-14T06:45:00+0200,1436.94751,MW,FR,FR,forecast_offshore_wind_generation,Wind Offshore,2026-06-11T21:19:02Z
2026-06-11T21:18:08Z,2026-06-11T23:18:08+0200,4e273271-2dd1-4145-994c-b9bfe17baf4e,2026-05-14T05:00:00Z,2026-05-14T07:00:00+0200,1458.67004,MW,FR,FR,forecast_offshore_wind_generation,Wind Offshore,2026-06-11T21:19:02Z
2026-06-11T21:18:08Z,2026-06-11T23:18:08+0200,4e273271-2dd1-4145-994c-b9bfe17baf4e,2026-05-14T05:15:00Z,2026-05-14T07:15:00+0200,1446.95007,MW,FR,FR,forecast_offshore_wind_generation,Wind Offshore,2026-06-11T21:19:02Z
2026-06-11T21:18:08Z,2026-06-11T23:18:08+0200,4e273271-2dd1-4145-994c-b9bfe17baf4e,2026-05-14T05:30:00Z,2026-05-14T07:30:00+0200,1435.22998,MW,FR,FR,forecast_offshore_wind_generation,Wind Offshore,2026-06-11T21:19:02Z
2026-06-11T21:18:08Z,2026-06-11T23:18:08+0200,4e273271-2dd1-4145-994c-b9bfe17baf4e,2026-05-14T05:45:00Z,2026-05-14T07:45:00+0200,1423.51001,MW,FR,FR,forecast_offshore_wind_generation,Wind Offshore,2026-06-11T21:19:02Z
2026-06-11T21:18:08Z,2026-06-11T23:18:08+0200,4e273271-2dd1-4145-994c-b9bfe17baf4e,2026-05-14T06:00:00Z,2026-05-14T08:00:00+0200,1411.79004,MW,FR,FR,forecast_offshore_wind_generation,Wind Offshore,2026-06-11T21:19:02Z
2026-06-11T21:18:08Z,2026-06-11T23:18:08+0200,4e273271-2dd1-4145-994c-b9bfe17baf4e,2026-05-14T06:15:00Z,2026-05-14T08:15:00+0200,1409.51245,MW,FR,FR,forecast_offshore_wind_generation,Wind Offshore,2026-06-11T21:19:02Z
2026-06-11T21:18:08Z,2026-06-11T23:18:08+0200,4e273271-2dd1-4145-994c-b9bfe17baf4e,2026-05-14T06:30:00Z,2026-05-14T08:30:00+0200,1407.23499,MW,FR,FR,forecast_offshore_wind_generation,Wind Offshore,2026-06-11T21:19:02Z
2026-06-11T21:18:08Z,2026-06-11T23:18:08+0200,4e273271-2dd1-4145-994c-b9bfe17baf4e,2026-05-14T06:45:00Z,2026-05-14T08:45:00+0200,1404.95752,MW,FR,FR,forecast_offshore_wind_generation,Wind Offshore,2026-06-11T21:19:02Z
2026-06-11T21:18:08Z,2026-06-11T23:18:08+0200,4e273271-2dd1-4145-994c-b9bfe17baf4e,2026-05-14T07:00:00Z,2026-05-14T09:00:00+0200,1402.68005,MW,FR,FR,forecast_offshore_wind_generation,Wind Offshore,2026-06-11T21:19:02Z
2026-06-11T21:18:08Z,2026-06-11T23:18:08+0200,4e273271-2dd1-4145-994c-b9bfe17baf4e,2026-05-14T07:15:00Z,2026-05-14T09:15:00+0200,1405.44751,MW,FR,FR,forecast_offshore_wind_generation,Wind Offshore,2026-06-11T21:19:02Z
2026-06-11T21:18:08Z,2026-06-11T23:18:08+0200,4e273271-2dd1-4145-994c-b9bfe17baf4e,2026-05-14T07:30:00Z,2026-05-14T09:30:00+0200,1408.21509,MW,FR,FR,forecast_offshore_wind_generation,Wind Offshore,2026-06-11T21:19:02Z
2026-06-11T21:18:08Z,2026-06-11T23:18:08+0200,4e273271-2dd1-4145-994c-b9bfe17baf4e,2026-05-14T07:45:00Z,2026-05-14T09:45:00+0200,1410.98254,MW,FR,FR,forecast_offshore_wind_generation,Wind Offshore,2026-06-11T21:19:02Z
2026-06-11T21:18:08Z,2026-06-11T23:18:08+0200,4e273271-2dd1-4145-994c-b9bfe17baf4e,2026-05-14T08:00:00Z,2026-05-14T10:00:00+0200,1413.75,MW,FR,FR,forecast_offshore_wind_generation,Wind Offshore,2026-06-11T21:19:02Z
2026-06-11T21:18:08Z,2026-06-11T23:18:08+0200,4e273271-2dd1-4145-994c-b9bfe17baf4e,2026-05-14T08:15:00Z,2026-05-14T10:15:00+0200,1410.12,MW,FR,FR,forecast_offshore_wind_generation,Wind Offshore,2026-06-11T21:19:02Z
2026-06-11T21:18:08Z,2026-06-11T23:18:08+0200,4e273271-2dd1-4145-994c-b9bfe17baf4e,2026-05-14T08:30:00Z,2026-05-14T10:30:00+0200,1406.49011,MW,FR,FR,forecast_offshore_wind_generation,Wind Offshore,2026-06-11T21:19:02Z
2026-06-11T21:18:08Z,2026-06-11T23:18:08+0200,4e273271-2dd1-4145-994c-b9bfe17baf4e,2026-05-14T08:45:00Z,2026-05-14T10:45:00+0200,1402.86011,MW,FR,FR,forecast_offshore_wind_generation,Wind Offshore,2026-06-11T21:19:02Z
2026-06-11T21:18:08Z,2026-06-11T23:18:08+0200,4e273271-2dd1-4145-994c-b9bfe17baf4e,2026-05-14T09:00:00Z,2026-05-14T11:00:00+0200,1399.22998,MW,FR,FR,forecast_offshore_wind_generation,Wind Offshore,2026-06-11T21:19:02Z
2026-06-11T21:18:08Z,2026-06-11T23:18:08+0200,4e273271-2dd1-4145-994c-b9bfe17baf4e,2026-05-14T09:15:00Z,2026-05-14T11:15:00+0200,1378.375,MW,FR,FR,forecast_offshore_wind_generation,Wind Offshore,2026-06-11T21:19:02Z
2026-06-11T21:18:08Z,2026-06-11T23:18:08+0200,4e273271-2dd1-4145-994c-b9bfe17baf4e,2026-05-14T09:30:00Z,2026-05-14T11:30:00+0200,1357.52002,MW,FR,FR,forecast_offshore_wind_generation,Wind Offshore,2026-06-11T21:19:02Z
2026-06-11T21:18:08Z,2026-06-11T23:18:08+0200,4e273271-2dd1-4145-994c-b9bfe17baf4e,2026-05-14T09:45:00Z,2026-05-14T11:45:00+0200,1336.66504,MW,FR,FR,forecast_offshore_wind_generation,Wind Offshore,2026-06-11T21:19:02Z
2026-06-11T21:18:08Z,2026-06-11T23:18:08+0200,4e273271-2dd1-4145-994c-b9bfe17baf4e,2026-05-14T10:00:00Z,2026-05-14T12:00:00+0200,1315.80994,MW,FR,FR,forecast_offshore_wind_generation,Wind Offshore,2026-06-11T21:19:02Z
2026-06-11T21:18:08Z,2026-06-11T23:18:08+0200,4e273271-2dd1-4145-994c-b9bfe17baf4e,2026-05-14T10:15:00Z,2026-05-14T12:15:00+0200,1305.36499,MW,FR,FR,forecast_offshore_wind_generation,Wind Offshore,2026-06-11T21:19:02Z
2026-06-11T21:18:08Z,2026-06-11T23:18:08+0200,4e273271-2dd1-4145-994c-b9bfe17baf4e,2026-05-14T10:30:00Z,2026-05-14T12:30:00+0200,1294.92004,MW,FR,FR,forecast_offshore_wind_generation,Wind Offshore,2026-06-11T21:19:02Z
2026-06-11T21:18:08Z,2026-06-11T23:18:08+0200,4e273271-2dd1-4145-994c-b9bfe17baf4e,2026-05-14T10:45:00Z,2026-05-14T12:45:00+0200,1284.47498,MW,FR,FR,forecast_offshore_wind_generation,Wind Offshore,2026-06-11T21:19:02Z
2026-06-11T21:18:08Z,2026-06-11T23:18:08+0200,4e273271-2dd1-4145-994c-b9bfe17baf4e,2026-05-14T11:00:00Z,2026-05-14T13:00:00+0200,1274.03003,MW,FR,FR,forecast_offshore_wind_generation,Wind Offshore,2026-06-11T21:19:02Z
2026-06-11T21:18:08Z,2026-06-11T23:18:08+0200,4e273271-2dd1-4145-994c-b9bfe17baf4e,2026-05-14T11:15:00Z,2026-05-14T13:15:00+0200,1278.36499,MW,FR,FR,forecast_offshore_wind_generation,Wind Offshore,2026-06-11T21:19:02Z
2026-06-11T21:18:08Z,2026-06-11T23:18:08+0200,4e273271-2dd1-4145-994c-b9bfe17baf4e,2026-05-14T11:30:00Z,2026-05-14T13:30:00+0200,1282.69995,MW,FR,FR,forecast_offshore_wind_generation,Wind Offshore,2026-06-11T21:19:02Z
2026-06-11T21:18:08Z,2026-06-11T23:18:08+0200,4e273271-2dd1-4145-994c-b9bfe17baf4e,2026-05-14T11:45:00Z,2026-05-14T13:45:00+0200,1287.03491,MW,FR,FR,forecast_offshore_wind_generation,Wind Offshore,2026-06-11T21:19:02Z
2026-06-11T21:18:08Z,2026-06-11T23:18:08+0200,4e273271-2dd1-4145-994c-b9bfe17baf4e,2026-05-14T12:00:00Z,2026-05-14T14:00:00+0200,1291.37,MW,FR,FR,forecast_offshore_wind_generation,Wind Offshore,2026-06-11T21:19:02Z
2026-06-11T21:18:08Z,2026-06-11T23:18:08+0200,4e273271-2dd1-4145-994c-b9bfe17baf4e,2026-05-14T12:15:00Z,2026-05-14T14:15:00+0200,1301.23999,MW,FR,FR,forecast_offshore_wind_generation,Wind Offshore,2026-06-11T21:19:02Z
2026-06-11T21:18:08Z,2026-06-11T23:18:08+0200,4e273271-2dd1-4145-994c-b9bfe17baf4e,2026-05-14T12:30:00Z,2026-05-14T14:30:00+0200,1311.10999,MW,FR,FR,forecast_offshore_wind_generation,Wind Offshore,2026-06-11T21:19:02Z
2026-06-11T21:18:08Z,2026-06-11T23:18:08+0200,4e273271-2dd1-4145-994c-b9bfe17baf4e,2026-05-14T12:45:00Z,2026-05-14T14:45:00+0200,1320.97998,MW,FR,FR,forecast_offshore_wind_generation,Wind Offshore,2026-06-11T21:19:02Z
2026-06-11T21:18:08Z,2026-06-11T23:18:08+0200,4e273271-2dd1-4145-994c-b9bfe17baf4e,2026-05-14T13:00:00Z,2026-05-14T15:00:00+0200,1330.84998,MW,FR,FR,forecast_offshore_wind_generation,Wind Offshore,2026-06-11T21:19:02Z
2026-06-11T21:18:08Z,2026-06-11T23:18:08+0200,4e273271-2dd1-4145-994c-b9bfe17baf4e,2026-05-14T13:15:00Z,2026-05-14T15:15:00+0200,1331.36511,MW,FR,FR,forecast_offshore_wind_generation,Wind Offshore,2026-06-11T21:19:02Z
2026-06-11T21:18:08Z,2026-06-11T23:18:08+0200,4e273271-2dd1-4145-994c-b9bfe17baf4e,2026-05-14T13:30:00Z,2026-05-14T15:30:00+0200,1331.88,MW,FR,FR,forecast_offshore_wind_generation,Wind Offshore,2026-06-11T21:19:02Z
2026-06-11T21:18:08Z,2026-06-11T23:18:08+0200,4e273271-2dd1-4145-994c-b9bfe17baf4e,2026-05-14T13:45:00Z,2026-05-14T15:45:00+0200,1332.39502,MW,FR,FR,forecast_offshore_wind_generation,Wind Offshore,2026-06-11T21:19:02Z
2026-06-11T21:18:08Z,2026-06-11T23:18:08+0200,4e273271-2dd1-4145-994c-b9bfe17baf4e,2026-05-14T14:00:00Z,2026-05-14T16:00:00+0200,1332.91003,MW,FR,FR,forecast_offshore_wind_generation,Wind Offshore,2026-06-11T21:19:02Z
2026-06-11T21:18:08Z,2026-06-11T23:18:08+0200,4e273271-2dd1-4145-994c-b9bfe17baf4e,2026-05-14T14:15:00Z,2026-05-14T16:15:00+0200,1343.41248,MW,FR,FR,forecast_offshore_wind_generation,Wind Offshore,2026-06-11T21:19:02Z
2026-06-11T21:18:08Z,2026-06-11T23:18:08+0200,4e273271-2dd1-4145-994c-b9bfe17baf4e,2026-05-14T14:30:00Z,2026-05-14T16:30:00+0200,1353.91504,MW,FR,FR,forecast_offshore_wind_generation,Wind Offshore,2026-06-11T21:19:02Z
2026-06-11T21:18:08Z,2026-06-11T23:18:08+0200,4e273271-2dd1-4145-994c-b9bfe17baf4e,2026-05-14T14:45:00Z,2026-05-14T16:45:00+0200,1364.41748,MW,FR,FR,forecast_offshore_wind_generation,Wind Offshore,2026-06-11T21:19:02Z
2026-06-11T21:18:08Z,2026-06-11T23:18:08+0200,4e273271-2dd1-4145-994c-b9bfe17baf4e,2026-05-14T15:00:00Z,2026-05-14T17:00:00+0200,1374.92004,MW,FR,FR,forecast_offshore_wind_generation,Wind Offshore,2026-06-11T21:19:02Z
2026-06-11T21:18:08Z,2026-06-11T23:18:08+0200,4e273271-2dd1-4145-994c-b9bfe17baf4e,2026-05-14T15:15:00Z,2026-05-14T17:15:00+0200,1354.17004,MW,FR,FR,forecast_offshore_wind_generation,Wind Offshore,2026-06-11T21:19:02Z
2026-06-11T21:18:08Z,2026-06-11T23:18:08+0200,4e273271-2dd1-4145-994c-b9bfe17baf4e,2026-05-14T15:30:00Z,2026-05-14T17:30:00+0200,1333.41992,MW,FR,FR,forecast_offshore_wind_generation,Wind Offshore,2026-06-11T21:19:02Z
2026-06-11T21:18:08Z,2026-06-11T23:18:08+0200,4e273271-2dd1-4145-994c-b9bfe17baf4e,2026-05-14T15:45:00Z,2026-05-14T17:45:00+0200,1312.66992,MW,FR,FR,forecast_offshore_wind_generation,Wind Offshore,2026-06-11T21:19:02Z
2026-06-11T21:18:08Z,2026-06-11T23:18:08+0200,4e273271-2dd1-4145-994c-b9bfe17baf4e,2026-05-14T16:00:00Z,2026-05-14T18:00:00+0200,1291.92004,MW,FR,FR,forecast_offshore_wind_generation,Wind Offshore,2026-06-11T21:19:02Z
2026-06-11T21:18:08Z,2026-06-11T23:18:08+0200,4e273271-2dd1-4145-994c-b9bfe17baf4e,2026-05-14T16:15:00Z,2026-05-14T18:15:00+0200,1268.4325,MW,FR,FR,forecast_offshore_wind_generation,Wind Offshore,2026-06-11T21:19:02Z
2026-06-11T21:18:08Z,2026-06-11T23:18:08+0200,4e273271-2dd1-4145-994c-b9bfe17baf4e,2026-05-14T16:30:00Z,2026-05-14T18:30:00+0200,1244.94507,MW,FR,FR,forecast_offshore_wind_generation,Wind Offshore,2026-06-11T21:19:02Z
2026-06-11T21:18:08Z,2026-06-11T23:18:08+0200,4e273271-2dd1-4145-994c-b9bfe17baf4e,2026-05-14T16:45:00Z,2026-05-14T18:45:00+0200,1221.45752,MW,FR,FR,forecast_offshore_wind_generation,Wind Offshore,2026-06-11T21:19:02Z
2026-06-11T21:18:08Z,2026-06-11T23:18:08+0200,4e273271-2dd1-4145-994c-b9bfe17baf4e,2026-05-14T17:00:00Z,2026-05-14T19:00:00+0200,1197.96997,MW,FR,FR,forecast_offshore_wind_generation,Wind Offshore,2026-06-11T21:19:02Z
2026-06-11T21:18:08Z,2026-06-11T23:18:08+0200,4e273271-2dd1-4145-994c-b9bfe17baf4e,2026-05-14T17:15:00Z,2026-05-14T19:15:00+0200,1191.16248,MW,FR,FR,forecast_offshore_wind_generation,Wind Offshore,2026-06-11T21:19:02Z
2026-06-11T21:18:08Z,2026-06-11T23:18:08+0200,4e273271-2dd1-4145-994c-b9bfe17baf4e,2026-05-14T17:30:00Z,2026-05-14T19:30:00+0200,1184.35498,MW,FR,FR,forecast_offshore_wind_generation,Wind Offshore,2026-06-11T21:19:02Z
2026-06-11T21:18:08Z,2026-06-11T23:18:08+0200,4e273271-2dd1-4145-994c-b9bfe17baf4e,2026-05-14T17:45:00Z,2026-05-14T19:45:00+0200,1177.54749,MW,FR,FR,forecast_offshore_wind_generation,Wind Offshore,2026-06-11T21:19:02Z
2026-06-11T21:18:08Z,2026-06-11T23:18:08+0200,4e273271-2dd1-4145-994c-b9bfe17baf4e,2026-05-14T18:00:00Z,2026-05-14T20:00:00+0200,1170.73999,MW,FR,FR,forecast_offshore_wind_generation,Wind Offshore,2026-06-11T21:19:02Z
2026-06-11T21:18:08Z,2026-06-11T23:18:08+0200,4e273271-2dd1-4145-994c-b9bfe17baf4e,2026-05-14T18:15:00Z,2026-05-14T20:15:00+0200,1134.15259,MW,FR,FR,forecast_offshore_wind_generation,Wind Offshore,2026-06-11T21:19:02Z
2026-06-11T21:18:08Z,2026-06-11T23:18:08+0200,4e273271-2dd1-4145-994c-b9bfe17baf4e,2026-05-14T18:30:00Z,2026-05-14T20:30:00+0200,1097.56494,MW,FR,FR,forecast_offshore_wind_generation,Wind Offshore,2026-06-11T21:19:02Z
2026-06-11T21:18:08Z,2026-06-11T23:18:08+0200,4e273271-2dd1-4145-994c-b9bfe17baf4e,2026-05-14T18:45:00Z,2026-05-14T20:45:00+0200,1060.97754,MW,FR,FR,forecast_offshore_wind_generation,Wind Offshore,2026-06-11T21:19:02Z
2026-06-11T21:18:08Z,2026-06-11T23:18:08+0200,4e273271-2dd1-4145-994c-b9bfe17baf4e,2026-05-14T19:00:00Z,2026-05-14T21:00:00+0200,1024.39001,MW,FR,FR,forecast_offshore_wind_generation,Wind Offshore,2026-06-11T21:19:02Z
2026-06-11T21:18:08Z,2026-06-11T23:18:08+0200,4e273271-2dd1-4145-994c-b9bfe17baf4e,2026-05-14T19:15:00Z,2026-05-14T21:15:00+0200,989.75494,MW,FR,FR,forecast_offshore_wind_generation,Wind Offshore,2026-06-11T21:19:02Z
2026-06-11T21:18:08Z,2026-06-11T23:18:08+0200,4e273271-2dd1-4145-994c-b9bfe17baf4e,2026-05-14T19:30:00Z,2026-05-14T21:30:00+0200,955.11993,MW,FR,FR,forecast_offshore_wind_generation,Wind Offshore,2026-06-11T21:19:02Z
2026-06-11T21:18:08Z,2026-06-11T23:18:08+0200,4e273271-2dd1-4145-994c-b9bfe17baf4e,2026-05-14T19:45:00Z,2026-05-14T21:45:00+0200,920.48505,MW,FR,FR,forecast_offshore_wind_generation,Wind Offshore,2026-06-11T21:19:02Z
2026-06-11T21:18:08Z,2026-06-11T23:18:08+0200,4e273271-2dd1-4145-994c-b9bfe17baf4e,2026-05-14T20:00:00Z,2026-05-14T22:00:00+0200,885.84998,MW,FR,FR,forecast_offshore_wind_generation,Wind Offshore,2026-06-11T21:19:02Z
2026-06-11T21:18:08Z,2026-06-11T23:18:08+0200,4e273271-2dd1-4145-994c-b9bfe17baf4e,2026-05-14T20:15:00Z,2026-05-14T22:15:00+0200,871.71753,MW,FR,FR,forecast_offshore_wind_generation,Wind Offshore,2026-06-11T21:19:02Z
2026-06-11T21:18:08Z,2026-06-11T23:18:08+0200,4e273271-2dd1-4145-994c-b9bfe17baf4e,2026-05-14T20:30:00Z,2026-05-14T22:30:00+0200,857.58496,MW,FR,FR,forecast_offshore_wind_generation,Wind Offshore,2026-06-11T21:19:02Z
2026-06-11T21:18:08Z,2026-06-11T23:18:08+0200,4e273271-2dd1-4145-994c-b9bfe17baf4e,2026-05-14T20:45:00Z,2026-05-14T22:45:00+0200,843.45245,MW,FR,FR,forecast_offshore_wind_generation,Wind Offshore,2026-06-11T21:19:02Z
2026-06-11T21:18:08Z,2026-06-11T23:18:08+0200,4e273271-2dd1-4145-994c-b9bfe17baf4e,2026-05-14T21:00:00Z,2026-05-14T23:00:00+0200,829.31995,MW,FR,FR,forecast_offshore_wind_generation,Wind Offshore,2026-06-11T21:19:02Z
2026-06-11T21:18:08Z,2026-06-11T23:18:08+0200,4e273271-2dd1-4145-994c-b9bfe17baf4e,2026-05-14T21:15:00Z,2026-05-14T23:15:00+0200,816.8999,MW,FR,FR,forecast_offshore_wind_generation,Wind Offshore,2026-06-11T21:19:02Z
2026-06-11T21:18:08Z,2026-06-11T23:18:08+0200,4e273271-2dd1-4145-994c-b9bfe17baf4e,2026-05-14T21:30:00Z,2026-05-14T23:30:00+0200,804.47998,MW,FR,FR,forecast_offshore_wind_generation,Wind Offshore,2026-06-11T21:19:02Z
2026-06-11T21:18:08Z,2026-06-11T23:18:08+0200,4e273271-2dd1-4145-994c-b9bfe17baf4e,2026-05-14T21:45:00Z,2026-05-14T23:45:00+0200,792.06,MW,FR,FR,forecast_offshore_wind_generation,Wind Offshore,2026-06-11T21:19:02Z
2026-06-11T21:18:08Z,2026-06-11T23:18:08+0200,4e273271-2dd1-4145-994c-b9bfe17baf4e,2026-05-14T22:00:00Z,2026-05-15T00:00:00+0200,923.93005,MW,FR,FR,forecast_offshore_wind_generation,Wind Offshore,2026-06-11T21:19:02Z
2026-06-11T21:18:08Z,2026-06-11T23:18:08+0200,4e273271-2dd1-4145-994c-b9bfe17baf4e,2026-05-14T22:15:00Z,2026-05-15T00:15:00+0200,909.08508,MW,FR,FR,forecast_offshore_wind_generation,Wind Offshore,2026-06-11T21:19:02Z
2026-06-11T21:18:08Z,2026-06-11T23:18:08+0200,4e273271-2dd1-4145-994c-b9bfe17baf4e,2026-05-14T22:30:00Z,2026-05-15T00:30:00+0200,894.23999,MW,FR,FR,forecast_offshore_wind_generation,Wind Offshore,2026-06-11T21:19:02Z
2026-06-11T21:18:08Z,2026-06-11T23:18:08+0200,4e273271-2dd1-4145-994c-b9bfe17baf4e,2026-05-14T22:45:00Z,2026-05-15T00:45:00+0200,879.39502,MW,FR,FR,forecast_offshore_wind_generation,Wind Offshore,2026-06-11T21:19:02Z
2026-06-11T21:18:08Z,2026-06-11T23:18:08+0200,4e273271-2dd1-4145-994c-b9bfe17baf4e,2026-05-14T23:00:00Z,2026-05-15T01:00:00+0200,864.54993,MW,FR,FR,forecast_offshore_wind_generation,Wind Offshore,2026-06-11T21:19:02Z
2026-06-11T21:18:08Z,2026-06-11T23:18:08+0200,4e273271-2dd1-4145-994c-b9bfe17baf4e,2026-05-14T23:15:00Z,2026-05-15T01:15:00+0200,832.45251,MW,FR,FR,forecast_offshore_wind_generation,Wind Offshore,2026-06-11T21:19:02Z
2026-06-11T21:18:08Z,2026-06-11T23:18:08+0200,4e273271-2dd1-4145-994c-b9bfe17baf4e,2026-05-14T23:30:00Z,2026-05-15T01:30:00+0200,800.35492,MW,FR,FR,forecast_offshore_wind_generation,Wind Offshore,2026-06-11T21:19:02Z
2026-06-11T21:18:08Z,2026-06-11T23:18:08+0200,4e273271-2dd1-4145-994c-b9bfe17baf4e,2026-05-14T23:45:00Z,2026-05-15T01:45:00+0200,768.25745,MW,FR,FR,forecast_offshore_wind_generation,Wind Offshore,2026-06-11T21:19:02Z
2026-06-11T21:18:08Z,2026-06-11T23:18:08+0200,4e273271-2dd1-4145-994c-b9bfe17baf4e,2026-05-15T00:00:00Z,2026-05-15T02:00:00+0200,736.16003,MW,FR,FR,forecast_offshore_wind_generation,Wind Offshore,2026-06-11T21:19:02Z
2026-06-11T21:18:08Z,2026-06-11T23:18:08+0200,4e273271-2dd1-4145-994c-b9bfe17baf4e,2026-05-15T00:15:00Z,2026-05-15T02:15:00+0200,731.90247,MW,FR,FR,forecast_offshore_wind_generation,Wind Offshore,2026-06-11T21:19:02Z
2026-06-11T21:18:08Z,2026-06-11T23:18:08+0200,4e273271-2dd1-4145-994c-b9bfe17baf4e,2026-05-15T00:30:00Z,2026-05-15T02:30:00+0200,727.64502,MW,FR,FR,forecast_offshore_wind_generation,Wind Offshore,2026-06-11T21:19:02Z
2026-06-11T21:18:08Z,2026-06-11T23:18:08+0200,4e273271-2dd1-4145-994c-b9bfe17baf4e,2026-05-15T00:45:00Z,2026-05-15T02:45:00+0200,723.38751,MW,FR,FR,forecast_offshore_wind_generation,Wind Offshore,2026-06-11T21:19:02Z
2026-06-11T21:18:08Z,2026-06-11T23:18:08+0200,4e273271-2dd1-4145-994c-b9bfe17baf4e,2026-05-15T01:00:00Z,2026-05-15T03:00:00+0200,719.13,MW,FR,FR,forecast_offshore_wind_generation,Wind Offshore,2026-06-11T21:19:02Z
2026-06-11T21:18:08Z,2026-06-11T23:18:08+0200,4e273271-2dd1-4145-994c-b9bfe17baf4e,2026-05-15T01:15:00Z,2026-05-15T03:15:00+0200,717.59998,MW,FR,FR,forecast_offshore_wind_generation,Wind Offshore,2026-06-11T21:19:02Z
2026-06-11T21:18:08Z,2026-06-11T23:18:08+0200,4e273271-2dd1-4145-994c-b9bfe17baf4e,2026-05-15T01:30:00Z,2026-05-15T03:30:00+0200,716.07001,MW,FR,FR,forecast_offshore_wind_generation,Wind Offshore,2026-06-11T21:19:02Z
2026-06-11T21:18:08Z,2026-06-11T23:18:08+0200,4e273271-2dd1-4145-994c-b9bfe17baf4e,2026-05-15T01:45:00Z,2026-05-15T03:45:00+0200,714.53998,MW,FR,FR,forecast_offshore_wind_generation,Wind Offshore,2026-06-11T21:19:02Z
2026-06-11T21:18:08Z,2026-06-11T23:18:08+0200,4e273271-2dd1-4145-994c-b9bfe17baf4e,2026-05-15T02:00:00Z,2026-05-15T04:00:00+0200,713.01001,MW,FR,FR,forecast_offshore_wind_generation,Wind Offshore,2026-06-11T21:19:02Z
2026-06-11T21:18:08Z,2026-06-11T23:18:08+0200,4e273271-2dd1-4145-994c-b9bfe17baf4e,2026-05-15T02:15:00Z,2026-05-15T04:15:00+0200,700.815,MW,FR,FR,forecast_offshore_wind_generation,Wind Offshore,2026-06-11T21:19:02Z
2026-06-11T21:18:08Z,2026-06-11T23:18:08+0200,4e273271-2dd1-4145-994c-b9bfe17baf4e,2026-05-15T02:30:00Z,2026-05-15T04:30:00+0200,688.62,MW,FR,FR,forecast_offshore_wind_generation,Wind Offshore,2026-06-11T21:19:02Z
2026-06-11T21:18:08Z,2026-06-11T23:18:08+0200,4e273271-2dd1-4145-994c-b9bfe17baf4e,2026-05-15T02:45:00Z,2026-05-15T04:45:00+0200,676.42499,MW,FR,FR,forecast_offshore_wind_generation,Wind Offshore,2026-06-11T21:19:02Z
2026-06-11T21:18:08Z,2026-06-11T23:18:08+0200,4e273271-2dd1-4145-994c-b9bfe17baf4e,2026-05-15T03:00:00Z,2026-05-15T05:00:00+0200,664.22998,MW,FR,FR,forecast_offshore_wind_generation,Wind Offshore,2026-06-11T21:19:02Z
2026-06-11T21:18:08Z,2026-06-11T23:18:08+0200,4e273271-2dd1-4145-994c-b9bfe17baf4e,2026-05-15T03:15:00Z,2026-05-15T05:15:00+0200,661.96503,MW,FR,FR,forecast_offshore_wind_generation,Wind Offshore,2026-06-11T21:19:02Z
2026-06-11T21:18:08Z,2026-06-11T23:18:08+0200,4e273271-2dd1-4145-994c-b9bfe17baf4e,2026-05-15T03:30:00Z,2026-05-15T05:30:00+0200,659.70001,MW,FR,FR,forecast_offshore_wind_generation,Wind Offshore,2026-06-11T21:19:02Z
2026-06-11T21:18:08Z,2026-06-11T23:18:08+0200,4e273271-2dd1-4145-994c-b9bfe17baf4e,2026-05-15T03:45:00Z,2026-05-15T05:45:00+0200,657.43506,MW,FR,FR,forecast_offshore_wind_generation,Wind Offshore,2026-06-11T21:19:02Z
2026-06-11T21:18:08Z,2026-06-11T23:18:08+0200,4e273271-2dd1-4145-994c-b9bfe17baf4e,2026-05-15T04:00:00Z,2026-05-15T06:00:00+0200,655.17004,MW,FR,FR,forecast_offshore_wind_generation,Wind Offshore,2026-06-11T21:19:02Z
2026-06-11T21:18:08Z,2026-06-11T23:18:08+0200,4e273271-2dd1-4145-994c-b9bfe17baf4e,2026-05-15T04:15:00Z,2026-05-15T06:15:00+0200,653.55249,MW,FR,FR,forecast_offshore_wind_generation,Wind Offshore,2026-06-11T21:19:02Z
2026-06-11T21:18:08Z,2026-06-11T23:18:08+0200,4e273271-2dd1-4145-994c-b9bfe17baf4e,2026-05-15T04:30:00Z,2026-05-15T06:30:00+0200,651.935,MW,FR,FR,forecast_offshore_wind_generation,Wind Offshore,2026-06-11T21:19:02Z
2026-06-11T21:18:08Z,2026-06-11T23:18:08+0200,4e273271-2dd1-4145-994c-b9bfe17baf4e,2026-05-15T04:45:00Z,2026-05-15T06:45:00+0200,650.3175,MW,FR,FR,forecast_offshore_wind_generation,Wind Offshore,2026-06-11T21:19:02Z
2026-06-11T21:18:08Z,2026-06-11T23:18:08+0200,4e273271-2dd1-4145-994c-b9bfe17baf4e,2026-05-15T05:00:00Z,2026-05-15T07:00:00+0200,648.69995,MW,FR,FR,forecast_offshore_wind_generation,Wind Offshore,2026-06-11T21:19:02Z
2026-06-11T21:18:08Z,2026-06-11T23:18:08+0200,4e273271-2dd1-4145-994c-b9bfe17baf4e,2026-05-15T05:15:00Z,2026-05-15T07:15:00+0200,638.75745,MW,FR,FR,forecast_offshore_wind_generation,Wind Offshore,2026-06-11T21:19:02Z
2026-06-11T21:18:08Z,2026-06-11T23:18:08+0200,4e273271-2dd1-4145-994c-b9bfe17baf4e,2026-05-15T05:30:00Z,2026-05-15T07:30:00+0200,628.81506,MW,FR,FR,forecast_offshore_wind_generation,Wind Offshore,2026-06-11T21:19:02Z
2026-06-11T21:18:08Z,2026-06-11T23:18:08+0200,4e273271-2dd1-4145-994c-b9bfe17baf4e,2026-05-15T05:45:00Z,2026-05-15T07:45:00+0200,618.8725,MW,FR,FR,forecast_offshore_wind_generation,Wind Offshore,2026-06-11T21:19:02Z
2026-06-11T21:18:08Z,2026-06-11T23:18:08+0200,4e273271-2dd1-4145-994c-b9bfe17baf4e,2026-05-15T06:00:00Z,2026-05-15T08:00:00+0200,608.93005,MW,FR,FR,forecast_offshore_wind_generation,Wind Offshore,2026-06-11T21:19:02Z
2026-06-11T21:18:08Z,2026-06-11T23:18:08+0200,4e273271-2dd1-4145-994c-b9bfe17baf4e,2026-05-15T06:15:00Z,2026-05-15T08:15:00+0200,594.53998,MW,FR,FR,forecast_offshore_wind_generation,Wind Offshore,2026-06-11T21:19:02Z
2026-06-11T21:18:08Z,2026-06-11T23:18:08+0200,4e273271-2dd1-4145-994c-b9bfe17baf4e,2026-05-15T06:30:00Z,2026-05-15T08:30:00+0200,580.15002,MW,FR,FR,forecast_offshore_wind_generation,Wind Offshore,2026-06-11T21:19:02Z
2026-06-11T21:18:08Z,2026-06-11T23:18:08+0200,4e273271-2dd1-4145-994c-b9bfe17baf4e,2026-05-15T06:45:00Z,2026-05-15T08:45:00+0200,565.76001,MW,FR,FR,forecast_offshore_wind_generation,Wind Offshore,2026-06-11T21:19:02Z
2026-06-11T21:18:08Z,2026-06-11T23:18:08+0200,4e273271-2dd1-4145-994c-b9bfe17baf4e,2026-05-15T07:00:00Z,2026-05-15T09:00:00+0200,551.37006,MW,FR,FR,forecast_offshore_wind_generation,Wind Offshore,2026-06-11T21:19:02Z
2026-06-11T21:18:08Z,2026-06-11T23:18:08+0200,4e273271-2dd1-4145-994c-b9bfe17baf4e,2026-05-15T07:15:00Z,2026-05-15T09:15:00+0200,534.48755,MW,FR,FR,forecast_offshore_wind_generation,Wind Offshore,2026-06-11T21:19:02Z
2026-06-11T21:18:08Z,2026-06-11T23:18:08+0200,4e273271-2dd1-4145-994c-b9bfe17baf4e,2026-05-15T07:30:00Z,2026-05-15T09:30:00+0200,517.60498,MW,FR,FR,forecast_offshore_wind_generation,Wind Offshore,2026-06-11T21:19:02Z
2026-06-11T21:18:08Z,2026-06-11T23:18:08+0200,4e273271-2dd1-4145-994c-b9bfe17baf4e,2026-05-15T07:45:00Z,2026-05-15T09:45:00+0200,500.72253,MW,FR,FR,forecast_offshore_wind_generation,Wind Offshore,2026-06-11T21:19:02Z
2026-06-11T21:18:08Z,2026-06-11T23:18:08+0200,4e273271-2dd1-4145-994c-b9bfe17baf4e,2026-05-15T08:00:00Z,2026-05-15T10:00:00+0200,483.83997,MW,FR,FR,forecast_offshore_wind_generation,Wind Offshore,2026-06-11T21:19:02Z
2026-06-11T21:18:08Z,2026-06-11T23:18:08+0200,4e273271-2dd1-4145-994c-b9bfe17baf4e,2026-05-15T08:15:00Z,2026-05-15T10:15:00+0200,460.2525,MW,FR,FR,forecast_offshore_wind_generation,Wind Offshore,2026-06-11T21:19:02Z
2026-06-11T21:18:08Z,2026-06-11T23:18:08+0200,4e273271-2dd1-4145-994c-b9bfe17baf4e,2026-05-15T08:30:00Z,2026-05-15T10:30:00+0200,436.66504,MW,FR,FR,forecast_offshore_wind_generation,Wind Offshore,2026-06-11T21:19:02Z
2026-06-11T21:18:08Z,2026-06-11T23:18:08+0200,4e273271-2dd1-4145-994c-b9bfe17baf4e,2026-05-15T08:45:00Z,2026-05-15T10:45:00+0200,413.07755,MW,FR,FR,forecast_offshore_wind_generation,Wind Offshore,2026-06-11T21:19:02Z
2026-06-11T21:18:08Z,2026-06-11T23:18:08+0200,4e273271-2dd1-4145-994c-b9bfe17baf4e,2026-05-15T09:00:00Z,2026-05-15T11:00:00+0200,389.48999,MW,FR,FR,forecast_offshore_wind_generation,Wind Offshore,2026-06-11T21:19:02Z
2026-06-11T21:18:08Z,2026-06-11T23:18:08+0200,4e273271-2dd1-4145-994c-b9bfe17baf4e,2026-05-15T09:15:00Z,2026-05-15T11:15:00+0200,362.69254,MW,FR,FR,forecast_offshore_wind_generation,Wind Offshore,2026-06-11T21:19:02Z
2026-06-11T21:18:08Z,2026-06-11T23:18:08+0200,4e273271-2dd1-4145-994c-b9bfe17baf4e,2026-05-15T09:30:00Z,2026-05-15T11:30:00+0200,335.89502,MW,FR,FR,forecast_offshore_wind_generation,Wind Offshore,2026-06-11T21:19:02Z
2026-06-11T21:18:08Z,2026-06-11T23:18:08+0200,4e273271-2dd1-4145-994c-b9bfe17baf4e,2026-05-15T09:45:00Z,2026-05-15T11:45:00+0200,309.09747,MW,FR,FR,forecast_offshore_wind_generation,Wind Offshore,2026-06-11T21:19:02Z
2026-06-11T21:18:08Z,2026-06-11T23:18:08+0200,4e273271-2dd1-4145-994c-b9bfe17baf4e,2026-05-15T10:00:00Z,2026-05-15T12:00:00+0200,282.29999,MW,FR,FR,forecast_offshore_wind_generation,Wind Offshore,2026-06-11T21:19:02Z
2026-06-11T21:18:08Z,2026-06-11T23:18:08+0200,4e273271-2dd1-4145-994c-b9bfe17baf4e,2026-05-15T10:15:00Z,2026-05-15T12:15:00+0200,272.56,MW,FR,FR,forecast_offshore_wind_generation,Wind Offshore,2026-06-11T21:19:02Z
2026-06-11T21:18:08Z,2026-06-11T23:18:08+0200,4e273271-2dd1-4145-994c-b9bfe17baf4e,2026-05-15T10:30:00Z,2026-05-15T12:30:00+0200,262.82001,MW,FR,FR,forecast_offshore_wind_generation,Wind Offshore,2026-06-11T21:19:02Z
2026-06-11T21:18:08Z,2026-06-11T23:18:08+0200,4e273271-2dd1-4145-994c-b9bfe17baf4e,2026-05-15T10:45:00Z,2026-05-15T12:45:00+0200,253.07999,MW,FR,FR,forecast_offshore_wind_generation,Wind Offshore,2026-06-11T21:19:02Z
2026-06-11T21:18:08Z,2026-06-11T23:18:08+0200,4e273271-2dd1-4145-994c-b9bfe17baf4e,2026-05-15T11:00:00Z,2026-05-15T13:00:00+0200,243.34,MW,FR,FR,forecast_offshore_wind_generation,Wind Offshore,2026-06-11T21:19:02Z
2026-06-11T21:18:08Z,2026-06-11T23:18:08+0200,4e273271-2dd1-4145-994c-b9bfe17baf4e,2026-05-15T11:15:00Z,2026-05-15T13:15:00+0200,247.7625,MW,FR,FR,forecast_offshore_wind_generation,Wind Offshore,2026-06-11T21:19:02Z
2026-06-11T21:18:08Z,2026-06-11T23:18:08+0200,4e273271-2dd1-4145-994c-b9bfe17baf4e,2026-05-15T11:30:00Z,2026-05-15T13:30:00+0200,252.185,MW,FR,FR,forecast_offshore_wind_generation,Wind Offshore,2026-06-11T21:19:02Z
2026-06-11T21:18:08Z,2026-06-11T23:18:08+0200,4e273271-2dd1-4145-994c-b9bfe17baf4e,2026-05-15T11:45:00Z,2026-05-15T13:45:00+0200,256.60748,MW,FR,FR,forecast_offshore_wind_generation,Wind Offshore,2026-06-11T21:19:02Z
2026-06-11T21:18:08Z,2026-06-11T23:18:08+0200,4e273271-2dd1-4145-994c-b9bfe17baf4e,2026-05-15T12:00:00Z,2026-05-15T14:00:00+0200,261.03003,MW,FR,FR,forecast_offshore_wind_generation,Wind Offshore,2026-06-11T21:19:02Z
2026-06-11T21:18:08Z,2026-06-11T23:18:08+0200,4e273271-2dd1-4145-994c-b9bfe17baf4e,2026-05-15T12:15:00Z,2026-05-15T14:15:00+0200,283.01999,MW,FR,FR,forecast_offshore_wind_generation,Wind Offshore,2026-06-11T21:19:02Z
2026-06-11T21:18:08Z,2026-06-11T23:18:08+0200,4e273271-2dd1-4145-994c-b9bfe17baf4e,2026-05-15T12:30:00Z,2026-05-15T14:30:00+0200,305.01001,MW,FR,FR,forecast_offshore_wind_generation,Wind Offshore,2026-06-11T21:19:02Z
2026-06-11T21:18:08Z,2026-06-11T23:18:08+0200,4e273271-2dd1-4145-994c-b9bfe17baf4e,2026-05-15T12:45:00Z,2026-05-15T14:45:00+0200,327.0,MW,FR,FR,forecast_offshore_wind_generation,Wind Offshore,2026-06-11T21:19:02Z
2026-06-11T21:18:08Z,2026-06-11T23:18:08+0200,4e273271-2dd1-4145-994c-b9bfe17baf4e,2026-05-15T13:00:00Z,2026-05-15T15:00:00+0200,348.98999,MW,FR,FR,forecast_offshore_wind_generation,Wind Offshore,2026-06-11T21:19:02Z
2026-06-11T21:18:08Z,2026-06-11T23:18:08+0200,4e273271-2dd1-4145-994c-b9bfe17baf4e,2026-05-15T13:15:00Z,2026-05-15T15:15:00+0200,379.30997,MW,FR,FR,forecast_offshore_wind_generation,Wind Offshore,2026-06-11T21:19:02Z
2026-06-11T21:18:08Z,2026-06-11T23:18:08+0200,4e273271-2dd1-4145-994c-b9bfe17baf4e,2026-05-15T13:30:00Z,2026-05-15T15:30:00+0200,409.62997,MW,FR,FR,forecast_offshore_wind_generation,Wind Offshore,2026-06-11T21:19:02Z
2026-06-11T21:18:08Z,2026-06-11T23:18:08+0200,4e273271-2dd1-4145-994c-b9bfe17baf4e,2026-05-15T13:45:00Z,2026-05-15T15:45:00+0200,439.95001,MW,FR,FR,forecast_offshore_wind_generation,Wind Offshore,2026-06-11T21:19:02Z
2026-06-11T21:18:08Z,2026-06-11T23:18:08+0200,4e273271-2dd1-4145-994c-b9bfe17baf4e,2026-05-15T14:00:00Z,2026-05-15T16:00:00+0200,470.27002,MW,FR,FR,forecast_offshore_wind_generation,Wind Offshore,2026-06-11T21:19:02Z
2026-06-11T21:18:08Z,2026-06-11T23:18:08+0200,4e273271-2dd1-4145-994c-b9bfe17baf4e,2026-05-15T14:15:00Z,2026-05-15T16:15:00+0200,515.42499,MW,FR,FR,forecast_offshore_wind_generation,Wind Offshore,2026-06-11T21:19:02Z
2026-06-11T21:18:08Z,2026-06-11T23:18:08+0200,4e273271-2dd1-4145-994c-b9bfe17baf4e,2026-05-15T14:30:00Z,2026-05-15T16:30:00+0200,560.57996,MW,FR,FR,forecast_offshore_wind_generation,Wind Offshore,2026-06-11T21:19:02Z
2026-06-11T21:18:08Z,2026-06-11T23:18:08+0200,4e273271-2dd1-4145-994c-b9bfe17baf4e,2026-05-15T14:45:00Z,2026-05-15T16:45:00+0200,605.73499,MW,FR,FR,forecast_offshore_wind_generation,Wind Offshore,2026-06-11T21:19:02Z
2026-06-11T21:18:08Z,2026-06-11T23:18:08+0200,4e273271-2dd1-4145-994c-b9bfe17baf4e,2026-05-15T15:00:00Z,2026-05-15T17:00:00+0200,650.89001,MW,FR,FR,forecast_offshore_wind_generation,Wind Offshore,2026-06-11T21:19:02Z
2026-06-11T21:18:08Z,2026-06-11T23:18:08+0200,4e273271-2dd1-4145-994c-b9bfe17baf4e,2026-05-15T15:15:00Z,2026-05-15T17:15:00+0200,689.23004,MW,FR,FR,forecast_offshore_wind_generation,Wind Offshore,2026-06-11T21:19:02Z
2026-06-11T21:18:08Z,2026-06-11T23:18:08+0200,4e273271-2dd1-4145-994c-b9bfe17baf4e,2026-05-15T15:30:00Z,2026-05-15T17:30:00+0200,727.57001,MW,FR,FR,forecast_offshore_wind_generation,Wind Offshore,2026-06-11T21:19:02Z
2026-06-11T21:18:08Z,2026-06-11T23:18:08+0200,4e273271-2dd1-4145-994c-b9bfe17baf4e,2026-05-15T15:45:00Z,2026-05-15T17:45:00+0200,765.90997,MW,FR,FR,forecast_offshore_wind_generation,Wind Offshore,2026-06-11T21:19:02Z
2026-06-11T21:18:08Z,2026-06-11T23:18:08+0200,4e273271-2dd1-4145-994c-b9bfe17baf4e,2026-05-15T16:00:00Z,2026-05-15T18:00:00+0200,804.25,MW,FR,FR,forecast_offshore_wind_generation,Wind Offshore,2026-06-11T21:19:02Z
2026-06-11T21:18:08Z,2026-06-11T23:18:08+0200,4e273271-2dd1-4145-994c-b9bfe17baf4e,2026-05-15T16:15:00Z,2026-05-15T18:15:00+0200,833.34247,MW,FR,FR,forecast_offshore_wind_generation,Wind Offshore,2026-06-11T21:19:02Z
2026-06-11T21:18:08Z,2026-06-11T23:18:08+0200,4e273271-2dd1-4145-994c-b9bfe17baf4e,2026-05-15T16:30:00Z,2026-05-15T18:30:00+0200,862.43494,MW,FR,FR,forecast_offshore_wind_generation,Wind Offshore,2026-06-11T21:19:02Z
2026-06-11T21:18:08Z,2026-06-11T23:18:08+0200,4e273271-2dd1-4145-994c-b9bfe17baf4e,2026-05-15T16:45:00Z,2026-05-15T18:45:00+0200,891.52753,MW,FR,FR,forecast_offshore_wind_generation,Wind Offshore,2026-06-11T21:19:02Z
2026-06-11T21:18:08Z,2026-06-11T23:18:08+0200,4e273271-2dd1-4145-994c-b9bfe17baf4e,2026-05-15T17:00:00Z,2026-05-15T19:00:00+0200,920.62006,MW,FR,FR,forecast_offshore_wind_generation,Wind Offshore,2026-06-11T21:19:02Z
2026-06-11T21:18:08Z,2026-06-11T23:18:08+0200,4e273271-2dd1-4145-994c-b9bfe17baf4e,2026-05-15T17:15:00Z,2026-05-15T19:15:00+0200,953.61743,MW,FR,FR,forecast_offshore_wind_generation,Wind Offshore,2026-06-11T21:19:02Z
2026-06-11T21:18:08Z,2026-06-11T23:18:08+0200,4e273271-2dd1-4145-994c-b9bfe17baf4e,2026-05-15T17:30:00Z,2026-05-15T19:30:00+0200,986.61499,MW,FR,FR,forecast_offshore_wind_generation,Wind Offshore,2026-06-11T21:19:02Z
2026-06-11T21:18:08Z,2026-06-11T23:18:08+0200,4e273271-2dd1-4145-994c-b9bfe17baf4e,2026-05-15T17:45:00Z,2026-05-15T19:45:00+0200,1019.61243,MW,FR,FR,forecast_offshore_wind_generation,Wind Offshore,2026-06-11T21:19:02Z
2026-06-11T21:18:08Z,2026-06-11T23:18:08+0200,4e273271-2dd1-4145-994c-b9bfe17baf4e,2026-05-15T18:00:00Z,2026-05-15T20:00:00+0200,1052.61011,MW,FR,FR,forecast_offshore_wind_generation,Wind Offshore,2026-06-11T21:19:02Z
2026-06-11T21:18:08Z,2026-06-11T23:18:08+0200,4e273271-2dd1-4145-994c-b9bfe17baf4e,2026-05-15T18:15:00Z,2026-05-15T20:15:00+0200,1052.8175,MW,FR,FR,forecast_offshore_wind_generation,Wind Offshore,2026-06-11T21:19:02Z
2026-06-11T21:18:08Z,2026-06-11T23:18:08+0200,4e273271-2dd1-4145-994c-b9bfe17baf4e,2026-05-15T18:30:00Z,2026-05-15T20:30:00+0200,1053.0249,MW,FR,FR,forecast_offshore_wind_generation,Wind Offshore,2026-06-11T21:19:02Z
2026-06-11T21:18:08Z,2026-06-11T23:18:08+0200,4e273271-2dd1-4145-994c-b9bfe17baf4e,2026-05-15T18:45:00Z,2026-05-15T20:45:00+0200,1053.23254,MW,FR,FR,forecast_offshore_wind_generation,Wind Offshore,2026-06-11T21:19:02Z
2026-06-11T21:18:08Z,2026-06-11T23:18:08+0200,4e273271-2dd1-4145-994c-b9bfe17baf4e,2026-05-15T19:00:00Z,2026-05-15T21:00:00+0200,1053.43994,MW,FR,FR,forecast_offshore_wind_generation,Wind Offshore,2026-06-11T21:19:02Z
2026-06-11T21:18:08Z,2026-06-11T23:18:08+0200,4e273271-2dd1-4145-994c-b9bfe17baf4e,2026-05-15T19:15:00Z,2026-05-15T21:15:00+0200,1019.08252,MW,FR,FR,forecast_offshore_wind_generation,Wind Offshore,2026-06-11T21:19:02Z
2026-06-11T21:18:08Z,2026-06-11T23:18:08+0200,4e273271-2dd1-4145-994c-b9bfe17baf4e,2026-05-15T19:30:00Z,2026-05-15T21:30:00+0200,984.72504,MW,FR,FR,forecast_offshore_wind_generation,Wind Offshore,2026-06-11T21:19:02Z
2026-06-11T21:18:08Z,2026-06-11T23:18:08+0200,4e273271-2dd1-4145-994c-b9bfe17baf4e,2026-05-15T19:45:00Z,2026-05-15T21:45:00+0200,950.36749,MW,FR,FR,forecast_offshore_wind_generation,Wind Offshore,2026-06-11T21:19:02Z
2026-06-11T21:18:08Z,2026-06-11T23:18:08+0200,4e273271-2dd1-4145-994c-b9bfe17baf4e,2026-05-15T20:00:00Z,2026-05-15T22:00:00+0200,916.01001,MW,FR,FR,forecast_offshore_wind_generation,Wind Offshore,2026-06-11T21:19:02Z
2026-06-11T21:18:08Z,2026-06-11T23:18:08+0200,4e273271-2dd1-4145-994c-b9bfe17baf4e,2026-05-15T20:15:00Z,2026-05-15T22:15:00+0200,878.47003,MW,FR,FR,forecast_offshore_wind_generation,Wind Offshore,2026-06-11T21:19:02Z
2026-06-11T21:18:08Z,2026-06-11T23:18:08+0200,4e273271-2dd1-4145-994c-b9bfe17baf4e,2026-05-15T20:30:00Z,2026-05-15T22:30:00+0200,840.93005,MW,FR,FR,forecast_offshore_wind_generation,Wind Offshore,2026-06-11T21:19:02Z
2026-06-11T21:18:08Z,2026-06-11T23:18:08+0200,4e273271-2dd1-4145-994c-b9bfe17baf4e,2026-05-15T20:45:00Z,2026-05-15T22:45:00+0200,803.39001,MW,FR,FR,forecast_offshore_wind_generation,Wind Offshore,2026-06-11T21:19:02Z
2026-06-11T21:18:08Z,2026-06-11T23:18:08+0200,4e273271-2dd1-4145-994c-b9bfe17baf4e,2026-05-15T21:00:00Z,2026-05-15T23:00:00+0200,765.84998,MW,FR,FR,forecast_offshore_wind_generation,Wind Offshore,2026-06-11T21:19:02Z
2026-06-11T21:18:08Z,2026-06-11T23:18:08+0200,4e273271-2dd1-4145-994c-b9bfe17baf4e,2026-05-15T21:15:00Z,2026-05-15T23:15:00+0200,725.25,MW,FR,FR,forecast_offshore_wind_generation,Wind Offshore,2026-06-11T21:19:02Z
2026-06-11T21:18:08Z,2026-06-11T23:18:08+0200,4e273271-2dd1-4145-994c-b9bfe17baf4e,2026-05-15T21:30:00Z,2026-05-15T23:30:00+0200,684.65002,MW,FR,FR,forecast_offshore_wind_generation,Wind Offshore,2026-06-11T21:19:02Z
2026-06-11T21:18:08Z,2026-06-11T23:18:08+0200,4e273271-2dd1-4145-994c-b9bfe17baf4e,2026-05-15T21:45:00Z,2026-05-15T23:45:00+0200,644.04999,MW,FR,FR,forecast_offshore_wind_generation,Wind Offshore,2026-06-11T21:19:02Z
2026-06-11T21:18:08Z,2026-06-11T23:18:08+0200,4e273271-2dd1-4145-994c-b9bfe17baf4e,2026-05-15T22:00:00Z,2026-05-16T00:00:00+0200,630.49005,MW,FR,FR,forecast_offshore_wind_generation,Wind Offshore,2026-06-11T21:19:02Z
2026-06-11T21:18:08Z,2026-06-11T23:18:08+0200,4e273271-2dd1-4145-994c-b9bfe17baf4e,2026-05-15T22:15:00Z,2026-05-16T00:15:00+0200,638.71497,MW,FR,FR,forecast_offshore_wind_generation,Wind Offshore,2026-06-11T21:19:02Z
2026-06-11T21:18:08Z,2026-06-11T23:18:08+0200,4e273271-2dd1-4145-994c-b9bfe17baf4e,2026-05-15T22:30:00Z,2026-05-16T00:30:00+0200,646.94,MW,FR,FR,forecast_offshore_wind_generation,Wind Offshore,2026-06-11T21:19:02Z
2026-06-11T21:18:08Z,2026-06-11T23:18:08+0200,4e273271-2dd1-4145-994c-b9bfe17baf4e,2026-05-15T22:45:00Z,2026-05-16T00:45:00+0200,655.16498,MW,FR,FR,forecast_offshore_wind_generation,Wind Offshore,2026-06-11T21:19:02Z
2026-06-11T21:18:08Z,2026-06-11T23:18:08+0200,4e273271-2dd1-4145-994c-b9bfe17baf4e,2026-05-15T23:00:00Z,2026-05-16T01:00:00+0200,663.39001,MW,FR,FR,forecast_offshore_wind_generation,Wind Offshore,2026-06-11T21:19:02Z
2026-06-11T21:18:08Z,2026-06-11T23:18:08+0200,4e273271-2dd1-4145-994c-b9bfe17baf4e,2026-05-15T23:15:00Z,2026-05-16T01:15:00+0200,658.86749,MW,FR,FR,forecast_offshore_wind_generation,Wind Offshore,2026-06-11T21:19:02Z
2026-06-11T21:18:08Z,2026-06-11T23:18:08+0200,4e273271-2dd1-4145-994c-b9bfe17baf4e,2026-05-15T23:30:00Z,2026-05-16T01:30:00+0200,654.34497,MW,FR,FR,forecast_offshore_wind_generation,Wind Offshore,2026-06-11T21:19:02Z
2026-06-11T21:18:08Z,2026-06-11T23:18:08+0200,4e273271-2dd1-4145-994c-b9bfe17baf4e,2026-05-15T23:45:00Z,2026-05-16T01:45:00+0200,649.82251,MW,FR,FR,forecast_offshore_wind_generation,Wind Offshore,2026-06-11T21:19:02Z
2026-06-11T21:18:08Z,2026-06-11T23:18:08+0200,4e273271-2dd1-4145-994c-b9bfe17baf4e,2026-05-16T00:00:00Z,2026-05-16T02:00:00+0200,645.30005,MW,FR,FR,forecast_offshore_wind_generation,Wind Offshore,2026-06-11T21:19:02Z
2026-06-11T21:18:08Z,2026-06-11T23:18:08+0200,4e273271-2dd1-4145-994c-b9bfe17baf4e,2026-05-16T00:15:00Z,2026-05-16T02:15:00+0200,627.60004,MW,FR,FR,forecast_offshore_wind_generation,Wind Offshore,2026-06-11T21:19:02Z
2026-06-11T21:18:08Z,2026-06-11T23:18:08+0200,4e273271-2dd1-4145-994c-b9bfe17baf4e,2026-05-16T00:30:00Z,2026-05-16T02:30:00+0200,609.90002,MW,FR,FR,forecast_offshore_wind_generation,Wind Offshore,2026-06-11T21:19:02Z
2026-06-11T21:18:08Z,2026-06-11T23:18:08+0200,4e273271-2dd1-4145-994c-b9bfe17baf4e,2026-05-16T00:45:00Z,2026-05-16T02:45:00+0200,592.20001,MW,FR,FR,forecast_offshore_wind_generation,Wind Offshore,2026-06-11T21:19:02Z
2026-06-11T21:18:08Z,2026-06-11T23:18:08+0200,4e273271-2dd1-4145-994c-b9bfe17baf4e,2026-05-16T01:00:00Z,2026-05-16T03:00:00+0200,574.5,MW,FR,FR,forecast_offshore_wind_generation,Wind Offshore,2026-06-11T21:19:02Z
2026-06-11T21:18:08Z,2026-06-11T23:18:08+0200,4e273271-2dd1-4145-994c-b9bfe17baf4e,2026-05-16T01:15:00Z,2026-05-16T03:15:00+0200,556.45001,MW,FR,FR,forecast_offshore_wind_generation,Wind Offshore,2026-06-11T21:19:02Z
2026-06-11T21:18:08Z,2026-06-11T23:18:08+0200,4e273271-2dd1-4145-994c-b9bfe17baf4e,2026-05-16T01:30:00Z,2026-05-16T03:30:00+0200,538.40002,MW,FR,FR,forecast_offshore_wind_generation,Wind Offshore,2026-06-11T21:19:02Z
2026-06-11T21:18:08Z,2026-06-11T23:18:08+0200,4e273271-2dd1-4145-994c-b9bfe17baf4e,2026-05-16T01:45:00Z,2026-05-16T03:45:00+0200,520.34998,MW,FR,FR,forecast_offshore_wind_generation,Wind Offshore,2026-06-11T21:19:02Z
2026-06-11T21:18:08Z,2026-06-11T23:18:08+0200,4e273271-2dd1-4145-994c-b9bfe17baf4e,2026-05-16T02:00:00Z,2026-05-16T04:00:00+0200,502.29999,MW,FR,FR,forecast_offshore_wind_generation,Wind Offshore,2026-06-11T21:19:02Z
2026-06-11T21:18:08Z,2026-06-11T23:18:08+0200,4e273271-2dd1-4145-994c-b9bfe17baf4e,2026-05-16T02:15:00Z,2026-05-16T04:15:00+0200,496.14001,MW,FR,FR,forecast_offshore_wind_generation,Wind Offshore,2026-06-11T21:19:02Z
2026-06-11T21:18:08Z,2026-06-11T23:18:08+0200,4e273271-2dd1-4145-994c-b9bfe17baf4e,2026-05-16T02:30:00Z,2026-05-16T04:30:00+0200,489.97998,MW,FR,FR,forecast_offshore_wind_generation,Wind Offshore,2026-06-11T21:19:02Z
2026-06-11T21:18:08Z,2026-06-11T23:18:08+0200,4e273271-2dd1-4145-994c-b9bfe17baf4e,2026-05-16T02:45:00Z,2026-05-16T04:45:00+0200,483.82001,MW,FR,FR,forecast_offshore_wind_generation,Wind Offshore,2026-06-11T21:19:02Z
2026-06-11T21:18:08Z,2026-06-11T23:18:08+0200,4e273271-2dd1-4145-994c-b9bfe17baf4e,2026-05-16T03:00:00Z,2026-05-16T05:00:00+0200,477.66,MW,FR,FR,forecast_offshore_wind_generation,Wind Offshore,2026-06-11T21:19:02Z
2026-06-11T21:18:08Z,2026-06-11T23:18:08+0200,4e273271-2dd1-4145-994c-b9bfe17baf4e,2026-05-16T03:15:00Z,2026-05-16T05:15:00+0200,475.58997,MW,FR,FR,forecast_offshore_wind_generation,Wind Offshore,2026-06-11T21:19:02Z
2026-06-11T21:18:08Z,2026-06-11T23:18:08+0200,4e273271-2dd1-4145-994c-b9bfe17baf4e,2026-05-16T03:30:00Z,2026-05-16T05:30:00+0200,473.52002,MW,FR,FR,forecast_offshore_wind_generation,Wind Offshore,2026-06-11T21:19:02Z
2026-06-11T21:18:08Z,2026-06-11T23:18:08+0200,4e273271-2dd1-4145-994c-b9bfe17baf4e,2026-05-16T03:45:00Z,2026-05-16T05:45:00+0200,471.45001,MW,FR,FR,forecast_offshore_wind_generation,Wind Offshore,2026-06-11T21:19:02Z
2026-06-11T21:18:08Z,2026-06-11T23:18:08+0200,4e273271-2dd1-4145-994c-b9bfe17baf4e,2026-05-16T04:00:00Z,2026-05-16T06:00:00+0200,469.38,MW,FR,FR,forecast_offshore_wind_generation,Wind Offshore,2026-06-11T21:19:02Z
2026-06-11T21:18:08Z,2026-06-11T23:18:08+0200,4e273271-2dd1-4145-994c-b9bfe17baf4e,2026-05-16T04:15:00Z,2026-05-16T06:15:00+0200,465.6875,MW,FR,FR,forecast_offshore_wind_generation,Wind Offshore,2026-06-11T21:19:02Z
2026-06-11T21:18:08Z,2026-06-11T23:18:08+0200,4e273271-2dd1-4145-994c-b9bfe17baf4e,2026-05-16T04:30:00Z,2026-05-16T06:30:00+0200,461.995,MW,FR,FR,forecast_offshore_wind_generation,Wind Offshore,2026-06-11T21:19:02Z
2026-06-11T21:18:08Z,2026-06-11T23:18:08+0200,4e273271-2dd1-4145-994c-b9bfe17baf4e,2026-05-16T04:45:00Z,2026-05-16T06:45:00+0200,458.30249,MW,FR,FR,forecast_offshore_wind_generation,Wind Offshore,2026-06-11T21:19:02Z
2026-06-11T21:18:08Z,2026-06-11T23:18:08+0200,4e273271-2dd1-4145-994c-b9bfe17baf4e,2026-05-16T05:00:00Z,2026-05-16T07:00:00+0200,454.60999,MW,FR,FR,forecast_offshore_wind_generation,Wind Offshore,2026-06-11T21:19:02Z
2026-06-11T21:18:08Z,2026-06-11T23:18:08+0200,4e273271-2dd1-4145-994c-b9bfe17baf4e,2026-05-16T05:15:00Z,2026-05-16T07:15:00+0200,442.01248,MW,FR,FR,forecast_offshore_wind_generation,Wind Offshore,2026-06-11T21:19:02Z
2026-06-11T21:18:08Z,2026-06-11T23:18:08+0200,4e273271-2dd1-4145-994c-b9bfe17baf4e,2026-05-16T05:30:00Z,2026-05-16T07:30:00+0200,429.41501,MW,FR,FR,forecast_offshore_wind_generation,Wind Offshore,2026-06-11T21:19:02Z
2026-06-11T21:18:08Z,2026-06-11T23:18:08+0200,4e273271-2dd1-4145-994c-b9bfe17baf4e,2026-05-16T05:45:00Z,2026-05-16T07:45:00+0200,416.8175,MW,FR,FR,forecast_offshore_wind_generation,Wind Offshore,2026-06-11T21:19:02Z
2026-06-11T21:18:08Z,2026-06-11T23:18:08+0200,4e273271-2dd1-4145-994c-b9bfe17baf4e,2026-05-16T06:00:00Z,2026-05-16T08:00:00+0200,404.22,MW,FR,FR,forecast_offshore_wind_generation,Wind Offshore,2026-06-11T21:19:02Z
2026-06-11T21:18:08Z,2026-06-11T23:18:08+0200,4e273271-2dd1-4145-994c-b9bfe17baf4e,2026-05-16T06:15:00Z,2026-05-16T08:15:00+0200,387.21997,MW,FR,FR,forecast_offshore_wind_generation,Wind Offshore,2026-06-11T21:19:02Z
2026-06-11T21:18:08Z,2026-06-11T23:18:08+0200,4e273271-2dd1-4145-994c-b9bfe17baf4e,2026-05-16T06:30:00Z,2026-05-16T08:30:00+0200,370.22003,MW,FR,FR,forecast_offshore_wind_generation,Wind Offshore,2026-06-11T21:19:02Z
2026-06-11T21:18:08Z,2026-06-11T23:18:08+0200,4e273271-2dd1-4145-994c-b9bfe17baf4e,2026-05-16T06:45:00Z,2026-05-16T08:45:00+0200,353.22,MW,FR,FR,forecast_offshore_wind_generation,Wind Offshore,2026-06-11T21:19:02Z
2026-06-11T21:18:08Z,2026-06-11T23:18:08+0200,4e273271-2dd1-4145-994c-b9bfe17baf4e,2026-05-16T07:00:00Z,2026-05-16T09:00:00+0200,336.21997,MW,FR,FR,forecast_offshore_wind_generation,Wind Offshore,2026-06-11T21:19:02Z
2026-06-11T21:18:08Z,2026-06-11T23:18:08+0200,4e273271-2dd1-4145-994c-b9bfe17baf4e,2026-05-16T07:15:00Z,2026-05-16T09:15:00+0200,327.96997,MW,FR,FR,forecast_offshore_wind_generation,Wind Offshore,2026-06-11T21:19:02Z
2026-06-11T21:18:08Z,2026-06-11T23:18:08+0200,4e273271-2dd1-4145-994c-b9bfe17baf4e,2026-05-16T07:30:00Z,2026-05-16T09:30:00+0200,319.72,MW,FR,FR,forecast_offshore_wind_generation,Wind Offshore,2026-06-11T21:19:02Z
2026-06-11T21:18:08Z,2026-06-11T23:18:08+0200,4e273271-2dd1-4145-994c-b9bfe17baf4e,2026-05-16T07:45:00Z,2026-05-16T09:45:00+0200,311.47,MW,FR,FR,forecast_offshore_wind_generation,Wind Offshore,2026-06-11T21:19:02Z
2026-06-11T21:18:08Z,2026-06-11T23:18:08+0200,4e273271-2dd1-4145-994c-b9bfe17baf4e,2026-05-16T08:00:00Z,2026-05-16T10:00:00+0200,303.22,MW,FR,FR,forecast_offshore_wind_generation,Wind Offshore,2026-06-11T21:19:02Z
2026-06-11T21:18:08Z,2026-06-11T23:18:08+0200,4e273271-2dd1-4145-994c-b9bfe17baf4e,2026-05-16T08:15:00Z,2026-05-16T10:15:00+0200,315.07251,MW,FR,FR,forecast_offshore_wind_generation,Wind Offshore,2026-06-11T21:19:02Z
2026-06-11T21:18:08Z,2026-06-11T23:18:08+0200,4e273271-2dd1-4145-994c-b9bfe17baf4e,2026-05-16T08:30:00Z,2026-05-16T10:30:00+0200,326.92502,MW,FR,FR,forecast_offshore_wind_generation,Wind Offshore,2026-06-11T21:19:02Z
2026-06-11T21:18:08Z,2026-06-11T23:18:08+0200,4e273271-2dd1-4145-994c-b9bfe17baf4e,2026-05-16T08:45:00Z,2026-05-16T10:45:00+0200,338.7775,MW,FR,FR,forecast_offshore_wind_generation,Wind Offshore,2026-06-11T21:19:02Z
2026-06-11T21:18:08Z,2026-06-11T23:18:08+0200,4e273271-2dd1-4145-994c-b9bfe17baf4e,2026-05-16T09:00:00Z,2026-05-16T11:00:00+0200,350.63,MW,FR,FR,forecast_offshore_wind_generation,Wind Offshore,2026-06-11T21:19:02Z
2026-06-11T21:18:08Z,2026-06-11T23:18:08+0200,4e273271-2dd1-4145-994c-b9bfe17baf4e,2026-05-16T09:15:00Z,2026-05-16T11:15:00+0200,373.32001,MW,FR,FR,forecast_offshore_wind_generation,Wind Offshore,2026-06-11T21:19:02Z
2026-06-11T21:18:08Z,2026-06-11T23:18:08+0200,4e273271-2dd1-4145-994c-b9bfe17baf4e,2026-05-16T09:30:00Z,2026-05-16T11:30:00+0200,396.01001,MW,FR,FR,forecast_offshore_wind_generation,Wind Offshore,2026-06-11T21:19:02Z
2026-06-11T21:18:08Z,2026-06-11T23:18:08+0200,4e273271-2dd1-4145-994c-b9bfe17baf4e,2026-05-16T09:45:00Z,2026-05-16T11:45:00+0200,418.70001,MW,FR,FR,forecast_offshore_wind_generation,Wind Offshore,2026-06-11T21:19:02Z
2026-06-11T21:18:08Z,2026-06-11T23:18:08+0200,4e273271-2dd1-4145-994c-b9bfe17baf4e,2026-05-16T10:00:00Z,2026-05-16T12:00:00+0200,441.39001,MW,FR,FR,forecast_offshore_wind_generation,Wind Offshore,2026-06-11T21:19:02Z
2026-06-11T21:18:08Z,2026-06-11T23:18:08+0200,4e273271-2dd1-4145-994c-b9bfe17baf4e,2026-05-16T10:15:00Z,2026-05-16T12:15:00+0200,461.6825,MW,FR,FR,forecast_offshore_wind_generation,Wind Offshore,2026-06-11T21:19:02Z
2026-06-11T21:18:08Z,2026-06-11T23:18:08+0200,4e273271-2dd1-4145-994c-b9bfe17baf4e,2026-05-16T10:30:00Z,2026-05-16T12:30:00+0200,481.97504,MW,FR,FR,forecast_offshore_wind_generation,Wind Offshore,2026-06-11T21:19:02Z
2026-06-11T21:18:08Z,2026-06-11T23:18:08+0200,4e273271-2dd1-4145-994c-b9bfe17baf4e,2026-05-16T10:45:00Z,2026-05-16T12:45:00+0200,502.26752,MW,FR,FR,forecast_offshore_wind_generation,Wind Offshore,2026-06-11T21:19:02Z
2026-06-11T21:18:08Z,2026-06-11T23:18:08+0200,4e273271-2dd1-4145-994c-b9bfe17baf4e,2026-05-16T11:00:00Z,2026-05-16T13:00:00+0200,522.56,MW,FR,FR,forecast_offshore_wind_generation,Wind Offshore,2026-06-11T21:19:02Z
2026-06-11T21:18:08Z,2026-06-11T23:18:08+0200,4e273271-2dd1-4145-994c-b9bfe17baf4e,2026-05-16T11:15:00Z,2026-05-16T13:15:00+0200,533.6825,MW,FR,FR,forecast_offshore_wind_generation,Wind Offshore,2026-06-11T21:19:02Z
2026-06-11T21:18:08Z,2026-06-11T23:18:08+0200,4e273271-2dd1-4145-994c-b9bfe17baf4e,2026-05-16T11:30:00Z,2026-05-16T13:30:00+0200,544.80499,MW,FR,FR,forecast_offshore_wind_generation,Wind Offshore,2026-06-11T21:19:02Z
2026-06-11T21:18:08Z,2026-06-11T23:18:08+0200,4e273271-2dd1-4145-994c-b9bfe17baf4e,2026-05-16T11:45:00Z,2026-05-16T13:45:00+0200,555.92749,MW,FR,FR,forecast_offshore_wind_generation,Wind Offshore,2026-06-11T21:19:02Z
2026-06-11T21:18:08Z,2026-06-11T23:18:08+0200,4e273271-2dd1-4145-994c-b9bfe17baf4e,2026-05-16T12:00:00Z,2026-05-16T14:00:00+0200,567.03998,MW,FR,FR,forecast_offshore_wind_generation,Wind Offshore,2026-06-11T21:19:02Z
2026-06-11T21:18:08Z,2026-06-11T23:18:08+0200,4e273271-2dd1-4145-994c-b9bfe17baf4e,2026-05-16T12:15:00Z,2026-05-16T14:15:00+0200,314.17001,MW,FR,FR,forecast_offshore_wind_generation,Wind Offshore,2026-06-11T21:19:02Z
2026-06-11T21:18:08Z,2026-06-11T23:18:08+0200,4e273271-2dd1-4145-994c-b9bfe17baf4e,2026-05-16T12:30:00Z,2026-05-16T14:30:00+0200,297.15997,MW,FR,FR,forecast_offshore_wind_generation,Wind Offshore,2026-06-11T21:19:02Z
2026-06-11T21:18:08Z,2026-06-11T23:18:08+0200,4e273271-2dd1-4145-994c-b9bfe17baf4e,2026-05-16T12:45:00Z,2026-05-16T14:45:00+0200,280.15002,MW,FR,FR,forecast_offshore_wind_generation,Wind Offshore,2026-06-11T21:19:02Z
2026-06-11T21:18:08Z,2026-06-11T23:18:08+0200,4e273271-2dd1-4145-994c-b9bfe17baf4e,2026-05-16T13:00:00Z,2026-05-16T15:00:00+0200,263.14001,MW,FR,FR,forecast_offshore_wind_generation,Wind Offshore,2026-06-11T21:19:02Z
2026-06-11T21:18:08Z,2026-06-11T23:18:08+0200,4e273271-2dd1-4145-994c-b9bfe17baf4e,2026-05-16T13:15:00Z,2026-05-16T15:15:00+0200,613.19757,MW,FR,FR,forecast_offshore_wind_generation,Wind Offshore,2026-06-11T21:19:02Z
2026-06-11T21:18:08Z,2026-06-11T23:18:08+0200,4e273271-2dd1-4145-994c-b9bfe17baf4e,2026-05-16T13:30:00Z,2026-05-16T15:30:00+0200,628.67999,MW,FR,FR,forecast_offshore_wind_generation,Wind Offshore,2026-06-11T21:19:02Z
2026-06-11T21:18:08Z,2026-06-11T23:18:08+0200,4e273271-2dd1-4145-994c-b9bfe17baf4e,2026-05-16T13:45:00Z,2026-05-16T15:45:00+0200,644.16504,MW,FR,FR,forecast_offshore_wind_generation,Wind Offshore,2026-06-11T21:19:02Z
2026-06-11T21:18:08Z,2026-06-11T23:18:08+0200,4e273271-2dd1-4145-994c-b9bfe17baf4e,2026-05-16T14:00:00Z,2026-05-16T16:00:00+0200,659.65002,MW,FR,FR,forecast_offshore_wind_generation,Wind Offshore,2026-06-11T21:19:02Z
2026-06-11T21:18:08Z,2026-06-11T23:18:08+0200,4e273271-2dd1-4145-994c-b9bfe17baf4e,2026-05-16T14:15:00Z,2026-05-16T16:15:00+0200,702.65747,MW,FR,FR,forecast_offshore_wind_generation,Wind Offshore,2026-06-11T21:19:02Z
2026-06-11T21:18:08Z,2026-06-11T23:18:08+0200,4e273271-2dd1-4145-994c-b9bfe17baf4e,2026-05-16T14:30:00Z,2026-05-16T16:30:00+0200,745.66504,MW,FR,FR,forecast_offshore_wind_generation,Wind Offshore,2026-06-11T21:19:02Z
2026-06-11T21:18:08Z,2026-06-11T23:18:08+0200,4e273271-2dd1-4145-994c-b9bfe17baf4e,2026-05-16T14:45:00Z,2026-05-16T16:45:00+0200,788.67249,MW,FR,FR,forecast_offshore_wind_generation,Wind Offshore,2026-06-11T21:19:02Z
2026-06-11T21:18:08Z,2026-06-11T23:18:08+0200,4e273271-2dd1-4145-994c-b9bfe17baf4e,2026-05-16T15:00:00Z,2026-05-16T17:00:00+0200,831.67993,MW,FR,FR,forecast_offshore_wind_generation,Wind Offshore,2026-06-11T21:19:02Z
2026-06-11T21:18:08Z,2026-06-11T23:18:08+0200,4e273271-2dd1-4145-994c-b9bfe17baf4e,2026-05-16T15:15:00Z,2026-05-16T17:15:00+0200,829.23499,MW,FR,FR,forecast_offshore_wind_generation,Wind Offshore,2026-06-11T21:19:02Z
2026-06-11T21:18:08Z,2026-06-11T23:18:08+0200,4e273271-2dd1-4145-994c-b9bfe17baf4e,2026-05-16T15:30:00Z,2026-05-16T17:30:00+0200,826.79004,MW,FR,FR,forecast_offshore_wind_generation,Wind Offshore,2026-06-11T21:19:02Z
2026-06-11T21:18:08Z,2026-06-11T23:18:08+0200,4e273271-2dd1-4145-994c-b9bfe17baf4e,2026-05-16T15:45:00Z,2026-05-16T17:45:00+0200,824.34503,MW,FR,FR,forecast_offshore_wind_generation,Wind Offshore,2026-06-11T21:19:02Z
2026-06-11T21:18:08Z,2026-06-11T23:18:08+0200,4e273271-2dd1-4145-994c-b9bfe17baf4e,2026-05-16T16:00:00Z,2026-05-16T18:00:00+0200,821.89996,MW,FR,FR,forecast_offshore_wind_generation,Wind Offshore,2026-06-11T21:19:02Z
2026-06-11T21:18:08Z,2026-06-11T23:18:08+0200,4e273271-2dd1-4145-994c-b9bfe17baf4e,2026-05-16T16:15:00Z,2026-05-16T18:15:00+0200,802.29749,MW,FR,FR,forecast_offshore_wind_generation,Wind Offshore,2026-06-11T21:19:02Z
2026-06-11T21:18:08Z,2026-06-11T23:18:08+0200,4e273271-2dd1-4145-994c-b9bfe17baf4e,2026-05-16T16:30:00Z,2026-05-16T18:30:00+0200,782.69495,MW,FR,FR,forecast_offshore_wind_generation,Wind Offshore,2026-06-11T21:19:02Z
2026-06-11T21:18:08Z,2026-06-11T23:18:08+0200,4e273271-2dd1-4145-994c-b9bfe17baf4e,2026-05-16T16:45:00Z,2026-05-16T18:45:00+0200,763.09247,MW,FR,FR,forecast_offshore_wind_generation,Wind Offshore,2026-06-11T21:19:02Z
2026-06-11T21:18:08Z,2026-06-11T23:18:08+0200,4e273271-2dd1-4145-994c-b9bfe17baf4e,2026-05-16T17:00:00Z,2026-05-16T19:00:00+0200,743.48999,MW,FR,FR,forecast_offshore_wind_generation,Wind Offshore,2026-06-11T21:19:02Z
2026-06-11T21:18:08Z,2026-06-11T23:18:08+0200,4e273271-2dd1-4145-994c-b9bfe17baf4e,2026-05-16T17:15:00Z,2026-05-16T19:15:00+0200,715.06006,MW,FR,FR,forecast_offshore_wind_generation,Wind Offshore,2026-06-11T21:19:02Z
2026-06-11T21:18:08Z,2026-06-11T23:18:08+0200,4e273271-2dd1-4145-994c-b9bfe17baf4e,2026-05-16T17:30:00Z,2026-05-16T19:30:00+0200,686.62994,MW,FR,FR,forecast_offshore_wind_generation,Wind Offshore,2026-06-11T21:19:02Z
2026-06-11T21:18:08Z,2026-06-11T23:18:08+0200,4e273271-2dd1-4145-994c-b9bfe17baf4e,2026-05-16T17:45:00Z,2026-05-16T19:45:00+0200,658.20001,MW,FR,FR,forecast_offshore_wind_generation,Wind Offshore,2026-06-11T21:19:02Z
2026-06-11T21:18:08Z,2026-06-11T23:18:08+0200,4e273271-2dd1-4145-994c-b9bfe17baf4e,2026-05-16T18:00:00Z,2026-05-16T20:00:00+0200,629.77002,MW,FR,FR,forecast_offshore_wind_generation,Wind Offshore,2026-06-11T21:19:02Z
2026-06-11T21:18:08Z,2026-06-11T23:18:08+0200,4e273271-2dd1-4145-994c-b9bfe17baf4e,2026-05-16T18:15:00Z,2026-05-16T20:15:00+0200,614.91748,MW,FR,FR,forecast_offshore_wind_generation,Wind Offshore,2026-06-11T21:19:02Z
2026-06-11T21:18:08Z,2026-06-11T23:18:08+0200,4e273271-2dd1-4145-994c-b9bfe17baf4e,2026-05-16T18:30:00Z,2026-05-16T20:30:00+0200,600.06494,MW,FR,FR,forecast_offshore_wind_generation,Wind Offshore,2026-06-11T21:19:02Z
2026-06-11T21:18:08Z,2026-06-11T23:18:08+0200,4e273271-2dd1-4145-994c-b9bfe17baf4e,2026-05-16T18:45:00Z,2026-05-16T20:45:00+0200,585.21252,MW,FR,FR,forecast_offshore_wind_generation,Wind Offshore,2026-06-11T21:19:02Z
2026-06-11T21:18:08Z,2026-06-11T23:18:08+0200,4e273271-2dd1-4145-994c-b9bfe17baf4e,2026-05-16T19:00:00Z,2026-05-16T21:00:00+0200,570.35999,MW,FR,FR,forecast_offshore_wind_generation,Wind Offshore,2026-06-11T21:19:02Z
2026-06-11T21:18:08Z,2026-06-11T23:18:08+0200,4e273271-2dd1-4145-994c-b9bfe17baf4e,2026-05-16T19:15:00Z,2026-05-16T21:15:00+0200,573.88495,MW,FR,FR,forecast_offshore_wind_generation,Wind Offshore,2026-06-11T21:19:02Z
2026-06-11T21:18:08Z,2026-06-11T23:18:08+0200,4e273271-2dd1-4145-994c-b9bfe17baf4e,2026-05-16T19:30:00Z,2026-05-16T21:30:00+0200,577.40997,MW,FR,FR,forecast_offshore_wind_generation,Wind Offshore,2026-06-11T21:19:02Z
2026-06-11T21:18:08Z,2026-06-11T23:18:08+0200,4e273271-2dd1-4145-994c-b9bfe17baf4e,2026-05-16T19:45:00Z,2026-05-16T21:45:00+0200,580.935,MW,FR,FR,forecast_offshore_wind_generation,Wind Offshore,2026-06-11T21:19:02Z
2026-06-11T21:18:08Z,2026-06-11T23:18:08+0200,4e273271-2dd1-4145-994c-b9bfe17baf4e,2026-05-16T20:00:00Z,2026-05-16T22:00:00+0200,584.46002,MW,FR,FR,forecast_offshore_wind_generation,Wind Offshore,2026-06-11T21:19:02Z
2026-06-11T21:18:08Z,2026-06-11T23:18:08+0200,4e273271-2dd1-4145-994c-b9bfe17baf4e,2026-05-16T20:15:00Z,2026-05-16T22:15:00+0200,587.23499,MW,FR,FR,forecast_offshore_wind_generation,Wind Offshore,2026-06-11T21:19:02Z
2026-06-11T21:18:08Z,2026-06-11T23:18:08+0200,4e273271-2dd1-4145-994c-b9bfe17baf4e,2026-05-16T20:30:00Z,2026-05-16T22:30:00+0200,590.01001,MW,FR,FR,forecast_offshore_wind_generation,Wind Offshore,2026-06-11T21:19:02Z
2026-06-11T21:18:08Z,2026-06-11T23:18:08+0200,4e273271-2dd1-4145-994c-b9bfe17baf4e,2026-05-16T20:45:00Z,2026-05-16T22:45:00+0200,592.78497,MW,FR,FR,forecast_offshore_wind_generation,Wind Offshore,2026-06-11T21:19:02Z
2026-06-11T21:18:08Z,2026-06-11T23:18:08+0200,4e273271-2dd1-4145-994c-b9bfe17baf4e,2026-05-16T21:00:00Z,2026-05-16T23:00:00+0200,595.56,MW,FR,FR,forecast_offshore_wind_generation,Wind Offshore,2026-06-11T21:19:02Z
2026-06-11T21:18:08Z,2026-06-11T23:18:08+0200,4e273271-2dd1-4145-994c-b9bfe17baf4e,2026-05-16T21:15:00Z,2026-05-16T23:15:00+0200,590.66748,MW,FR,FR,forecast_offshore_wind_generation,Wind Offshore,2026-06-11T21:19:02Z
2026-06-11T21:18:08Z,2026-06-11T23:18:08+0200,4e273271-2dd1-4145-994c-b9bfe17baf4e,2026-05-16T21:30:00Z,2026-05-16T23:30:00+0200,585.77502,MW,FR,FR,forecast_offshore_wind_generation,Wind Offshore,2026-06-11T21:19:02Z
2026-06-11T21:18:08Z,2026-06-11T23:18:08+0200,4e273271-2dd1-4145-994c-b9bfe17baf4e,2026-05-16T21:45:00Z,2026-05-16T23:45:00+0200,580.88251,MW,FR,FR,forecast_offshore_wind_generation,Wind Offshore,2026-06-11T21:19:02Z
2026-06-11T21:18:08Z,2026-06-11T23:18:08+0200,4e273271-2dd1-4145-994c-b9bfe17baf4e,2026-05-16T22:00:00Z,2026-05-17T00:00:00+0200,582.57996,MW,FR,FR,forecast_offshore_wind_generation,Wind Offshore,2026-06-11T21:19:02Z
2026-06-11T21:18:08Z,2026-06-11T23:18:08+0200,4e273271-2dd1-4145-994c-b9bfe17baf4e,2026-05-16T22:15:00Z,2026-05-17T00:15:00+0200,556.065,MW,FR,FR,forecast_offshore_wind_generation,Wind Offshore,2026-06-11T21:19:02Z
2026-06-11T21:18:08Z,2026-06-11T23:18:08+0200,4e273271-2dd1-4145-994c-b9bfe17baf4e,2026-05-16T22:30:00Z,2026-05-17T00:30:00+0200,529.54999,MW,FR,FR,forecast_offshore_wind_generation,Wind Offshore,2026-06-11T21:19:02Z
2026-06-11T21:18:08Z,2026-06-11T23:18:08+0200,4e273271-2dd1-4145-994c-b9bfe17baf4e,2026-05-16T22:45:00Z,2026-05-17T00:45:00+0200,503.035,MW,FR,FR,forecast_offshore_wind_generation,Wind Offshore,2026-06-11T21:19:02Z
2026-06-11T21:18:08Z,2026-06-11T23:18:08+0200,4e273271-2dd1-4145-994c-b9bfe17baf4e,2026-05-16T23:00:00Z,2026-05-17T01:00:00+0200,476.52002,MW,FR,FR,forecast_offshore_wind_generation,Wind Offshore,2026-06-11T21:19:02Z
2026-06-11T21:18:08Z,2026-06-11T23:18:08+0200,4e273271-2dd1-4145-994c-b9bfe17baf4e,2026-05-16T23:15:00Z,2026-05-17T01:15:00+0200,513.59247,MW,FR,FR,forecast_offshore_wind_generation,Wind Offshore,2026-06-11T21:19:02Z
2026-06-11T21:18:08Z,2026-06-11T23:18:08+0200,4e273271-2dd1-4145-994c-b9bfe17baf4e,2026-05-16T23:30:00Z,2026-05-17T01:30:00+0200,550.66498,MW,FR,FR,forecast_offshore_wind_generation,Wind Offshore,2026-06-11T21:19:02Z
2026-06-11T21:18:08Z,2026-06-11T23:18:08+0200,4e273271-2dd1-4145-994c-b9bfe17baf4e,2026-05-16T23:45:00Z,2026-05-17T01:45:00+0200,587.73755,MW,FR,FR,forecast_offshore_wind_generation,Wind Offshore,2026-06-11T21:19:02Z
2026-06-11T21:18:08Z,2026-06-11T23:18:08+0200,4e273271-2dd1-4145-994c-b9bfe17baf4e,2026-05-17T00:00:00Z,2026-05-17T02:00:00+0200,624.81,MW,FR,FR,forecast_offshore_wind_generation,Wind Offshore,2026-06-11T21:19:02Z
2026-06-11T21:18:08Z,2026-06-11T23:18:08+0200,4e273271-2dd1-4145-994c-b9bfe17baf4e,2026-05-17T00:15:00Z,2026-05-17T02:15:00+0200,606.42999,MW,FR,FR,forecast_offshore_wind_generation,Wind Offshore,2026-06-11T21:19:02Z
2026-06-11T21:18:08Z,2026-06-11T23:18:08+0200,4e273271-2dd1-4145-994c-b9bfe17baf4e,2026-05-17T00:30:00Z,2026-05-17T02:30:00+0200,588.04999,MW,FR,FR,forecast_offshore_wind_generation,Wind Offshore,2026-06-11T21:19:02Z
2026-06-11T21:18:08Z,2026-06-11T23:18:08+0200,4e273271-2dd1-4145-994c-b9bfe17baf4e,2026-05-17T00:45:00Z,2026-05-17T02:45:00+0200,569.66998,MW,FR,FR,forecast_offshore_wind_generation,Wind Offshore,2026-06-11T21:19:02Z
2026-06-11T21:18:08Z,2026-06-11T23:18:08+0200,4e273271-2dd1-4145-994c-b9bfe17baf4e,2026-05-17T01:00:00Z,2026-05-17T03:00:00+0200,551.28998,MW,FR,FR,forecast_offshore_wind_generation,Wind Offshore,2026-06-11T21:19:02Z
2026-06-11T21:18:08Z,2026-06-11T23:18:08+0200,4e273271-2dd1-4145-994c-b9bfe17baf4e,2026-05-17T01:15:00Z,2026-05-17T03:15:00+0200,557.17999,MW,FR,FR,forecast_offshore_wind_generation,Wind Offshore,2026-06-11T21:19:02Z
2026-06-11T21:18:08Z,2026-06-11T23:18:08+0200,4e273271-2dd1-4145-994c-b9bfe17baf4e,2026-05-17T01:30:00Z,2026-05-17T03:30:00+0200,563.06995,MW,FR,FR,forecast_offshore_wind_generation,Wind Offshore,2026-06-11T21:19:02Z
2026-06-11T21:18:08Z,2026-06-11T23:18:08+0200,4e273271-2dd1-4145-994c-b9bfe17baf4e,2026-05-17T01:45:00Z,2026-05-17T03:45:00+0200,568.95996,MW,FR,FR,forecast_offshore_wind_generation,Wind Offshore,2026-06-11T21:19:02Z
2026-06-11T21:18:08Z,2026-06-11T23:18:08+0200,4e273271-2dd1-4145-994c-b9bfe17baf4e,2026-05-17T02:00:00Z,2026-05-17T04:00:00+0200,574.84998,MW,FR,FR,forecast_offshore_wind_generation,Wind Offshore,2026-06-11T21:19:02Z
2026-06-11T21:18:08Z,2026-06-11T23:18:08+0200,4e273271-2dd1-4145-994c-b9bfe17baf4e,2026-05-17T02:15:00Z,2026-05-17T04:15:00+0200,562.03998,MW,FR,FR,forecast_offshore_wind_generation,Wind Offshore,2026-06-11T21:19:02Z
2026-06-11T21:18:08Z,2026-06-11T23:18:08+0200,4e273271-2dd1-4145-994c-b9bfe17baf4e,2026-05-17T02:30:00Z,2026-05-17T04:30:00+0200,549.22998,MW,FR,FR,forecast_offshore_wind_generation,Wind Offshore,2026-06-11T21:19:02Z
2026-06-11T21:18:08Z,2026-06-11T23:18:08+0200,4e273271-2dd1-4145-994c-b9bfe17baf4e,2026-05-17T02:45:00Z,2026-05-17T04:45:00+0200,536.41998,MW,FR,FR,forecast_offshore_wind_generation,Wind Offshore,2026-06-11T21:19:02Z
2026-06-11T21:18:08Z,2026-06-11T23:18:08+0200,4e273271-2dd1-4145-994c-b9bfe17baf4e,2026-05-17T03:00:00Z,2026-05-17T05:00:00+0200,523.60999,MW,FR,FR,forecast_offshore_wind_generation,Wind Offshore,2026-06-11T21:19:02Z
2026-06-11T21:18:08Z,2026-06-11T23:18:08+0200,4e273271-2dd1-4145-994c-b9bfe17baf4e,2026-05-17T03:15:00Z,2026-05-17T05:15:00+0200,552.72498,MW,FR,FR,forecast_offshore_wind_generation,Wind Offshore,2026-06-11T21:19:02Z
2026-06-11T21:18:08Z,2026-06-11T23:18:08+0200,4e273271-2dd1-4145-994c-b9bfe17baf4e,2026-05-17T03:30:00Z,2026-05-17T05:30:00+0200,581.83997,MW,FR,FR,forecast_offshore_wind_generation,Wind Offshore,2026-06-11T21:19:02Z
2026-06-11T21:18:08Z,2026-06-11T23:18:08+0200,4e273271-2dd1-4145-994c-b9bfe17baf4e,2026-05-17T03:45:00Z,2026-05-17T05:45:00+0200,610.95496,MW,FR,FR,forecast_offshore_wind_generation,Wind Offshore,2026-06-11T21:19:02Z
2026-06-11T21:18:08Z,2026-06-11T23:18:08+0200,4e273271-2dd1-4145-994c-b9bfe17baf4e,2026-05-17T04:00:00Z,2026-05-17T06:00:00+0200,640.06995,MW,FR,FR,forecast_offshore_wind_generation,Wind Offshore,2026-06-11T21:19:02Z
2026-06-11T21:18:08Z,2026-06-11T23:18:08+0200,4e273271-2dd1-4145-994c-b9bfe17baf4e,2026-05-17T04:15:00Z,2026-05-17T06:15:00+0200,628.71252,MW,FR,FR,forecast_offshore_wind_generation,Wind Offshore,2026-06-11T21:19:02Z
2026-06-11T21:18:08Z,2026-06-11T23:18:08+0200,4e273271-2dd1-4145-994c-b9bfe17baf4e,2026-05-17T04:30:00Z,2026-05-17T06:30:00+0200,617.35498,MW,FR,FR,forecast_offshore_wind_generation,Wind Offshore,2026-06-11T21:19:02Z
2026-06-11T21:18:08Z,2026-06-11T23:18:08+0200,4e273271-2dd1-4145-994c-b9bfe17baf4e,2026-05-17T04:45:00Z,2026-05-17T06:45:00+0200,605.99756,MW,FR,FR,forecast_offshore_wind_generation,Wind Offshore,2026-06-11T21:19:02Z
2026-06-11T21:18:08Z,2026-06-11T23:18:08+0200,4e273271-2dd1-4145-994c-b9bfe17baf4e,2026-05-17T05:00:00Z,2026-05-17T07:00:00+0200,594.64001,MW,FR,FR,forecast_offshore_wind_generation,Wind Offshore,2026-06-11T21:19:02Z
2026-06-11T21:18:08Z,2026-06-11T23:18:08+0200,4e273271-2dd1-4145-994c-b9bfe17baf4e,2026-05-17T05:15:00Z,2026-05-17T07:15:00+0200,559.90747,MW,FR,FR,forecast_offshore_wind_generation,Wind Offshore,2026-06-11T21:19:02Z
2026-06-11T21:18:08Z,2026-06-11T23:18:08+0200,4e273271-2dd1-4145-994c-b9bfe17baf4e,2026-05-17T05:30:00Z,2026-05-17T07:30:00+0200,525.17499,MW,FR,FR,forecast_offshore_wind_generation,Wind Offshore,2026-06-11T21:19:02Z
2026-06-11T21:18:08Z,2026-06-11T23:18:08+0200,4e273271-2dd1-4145-994c-b9bfe17baf4e,2026-05-17T05:45:00Z,2026-05-17T07:45:00+0200,490.44244,MW,FR,FR,forecast_offshore_wind_generation,Wind Offshore,2026-06-11T21:19:02Z
2026-06-11T21:18:08Z,2026-06-11T23:18:08+0200,4e273271-2dd1-4145-994c-b9bfe17baf4e,2026-05-17T06:00:00Z,2026-05-17T08:00:00+0200,455.70999,MW,FR,FR,forecast_offshore_wind_generation,Wind Offshore,2026-06-11T21:19:02Z
2026-06-11T21:18:08Z,2026-06-11T23:18:08+0200,4e273271-2dd1-4145-994c-b9bfe17baf4e,2026-05-17T06:15:00Z,2026-05-17T08:15:00+0200,435.04251,MW,FR,FR,forecast_offshore_wind_generation,Wind Offshore,2026-06-11T21:19:02Z
2026-06-11T21:18:08Z,2026-06-11T23:18:08+0200,4e273271-2dd1-4145-994c-b9bfe17baf4e,2026-05-17T06:30:00Z,2026-05-17T08:30:00+0200,414.375,MW,FR,FR,forecast_offshore_wind_generation,Wind Offshore,2026-06-11T21:19:02Z
2026-06-11T21:18:08Z,2026-06-11T23:18:08+0200,4e273271-2dd1-4145-994c-b9bfe17baf4e,2026-05-17T06:45:00Z,2026-05-17T08:45:00+0200,393.70746,MW,FR,FR,forecast_offshore_wind_generation,Wind Offshore,2026-06-11T21:19:02Z
2026-06-11T21:18:08Z,2026-06-11T23:18:08+0200,4e273271-2dd1-4145-994c-b9bfe17baf4e,2026-05-17T07:00:00Z,2026-05-17T09:00:00+0200,373.04001,MW,FR,FR,forecast_offshore_wind_generation,Wind Offshore,2026-06-11T21:19:02Z
2026-06-11T21:18:08Z,2026-06-11T23:18:08+0200,4e273271-2dd1-4145-994c-b9bfe17baf4e,2026-05-17T07:15:00Z,2026-05-17T09:15:00+0200,357.14249,MW,FR,FR,forecast_offshore_wind_generation,Wind Offshore,2026-06-11T21:19:02Z
2026-06-11T21:18:08Z,2026-06-11T23:18:08+0200,4e273271-2dd1-4145-994c-b9bfe17baf4e,2026-05-17T07:30:00Z,2026-05-17T09:30:00+0200,341.245,MW,FR,FR,forecast_offshore_wind_generation,Wind Offshore,2026-06-11T21:19:02Z
2026-06-11T21:18:08Z,2026-06-11T23:18:08+0200,4e273271-2dd1-4145-994c-b9bfe17baf4e,2026-05-17T07:45:00Z,2026-05-17T09:45:00+0200,325.3475,MW,FR,FR,forecast_offshore_wind_generation,Wind Offshore,2026-06-11T21:19:02Z
2026-06-11T21:18:08Z,2026-06-11T23:18:08+0200,4e273271-2dd1-4145-994c-b9bfe17baf4e,2026-05-17T08:00:00Z,2026-05-17T10:00:00+0200,309.44998,MW,FR,FR,forecast_offshore_wind_generation,Wind Offshore,2026-06-11T21:19:02Z
2026-06-11T21:18:08Z,2026-06-11T23:18:08+0200,4e273271-2dd1-4145-994c-b9bfe17baf4e,2026-05-17T08:15:00Z,2026-05-17T10:15:00+0200,304.76001,MW,FR,FR,forecast_offshore_wind_generation,Wind Offshore,2026-06-11T21:19:02Z
2026-06-11T21:18:08Z,2026-06-11T23:18:08+0200,4e273271-2dd1-4145-994c-b9bfe17baf4e,2026-05-17T08:30:00Z,2026-05-17T10:30:00+0200,300.07001,MW,FR,FR,forecast_offshore_wind_generation,Wind Offshore,2026-06-11T21:19:02Z
2026-06-11T21:18:08Z,2026-06-11T23:18:08+0200,4e273271-2dd1-4145-994c-b9bfe17baf4e,2026-05-17T08:45:00Z,2026-05-17T10:45:00+0200,295.38004,MW,FR,FR,forecast_offshore_wind_generation,Wind Offshore,2026-06-11T21:19:02Z
2026-06-11T21:18:08Z,2026-06-11T23:18:08+0200,4e273271-2dd1-4145-994c-b9bfe17baf4e,2026-05-17T09:00:00Z,2026-05-17T11:00:00+0200,290.69,MW,FR,FR,forecast_offshore_wind_generation,Wind Offshore,2026-06-11T21:19:02Z
2026-06-11T21:18:08Z,2026-06-11T23:18:08+0200,4e273271-2dd1-4145-994c-b9bfe17baf4e,2026-05-17T09:15:00Z,2026-05-17T11:15:00+0200,293.16248,MW,FR,FR,forecast_offshore_wind_generation,Wind Offshore,2026-06-11T21:19:02Z
2026-06-11T21:18:08Z,2026-06-11T23:18:08+0200,4e273271-2dd1-4145-994c-b9bfe17baf4e,2026-05-17T09:30:00Z,2026-05-17T11:30:00+0200,295.63501,MW,FR,FR,forecast_offshore_wind_generation,Wind Offshore,2026-06-11T21:19:02Z
2026-06-11T21:18:08Z,2026-06-11T23:18:08+0200,4e273271-2dd1-4145-994c-b9bfe17baf4e,2026-05-17T09:45:00Z,2026-05-17T11:45:00+0200,298.10751,MW,FR,FR,forecast_offshore_wind_generation,Wind Offshore,2026-06-11T21:19:02Z
2026-06-11T21:18:08Z,2026-06-11T23:18:08+0200,4e273271-2dd1-4145-994c-b9bfe17baf4e,2026-05-17T10:00:00Z,2026-05-17T12:00:00+0200,300.58002,MW,FR,FR,forecast_offshore_wind_generation,Wind Offshore,2026-06-11T21:19:02Z
2026-06-11T21:18:08Z,2026-06-11T23:18:08+0200,4e273271-2dd1-4145-994c-b9bfe17baf4e,2026-05-17T10:15:00Z,2026-05-17T12:15:00+0200,304.69748,MW,FR,FR,forecast_offshore_wind_generation,Wind Offshore,2026-06-11T21:19:02Z
2026-06-11T21:18:08Z,2026-06-11T23:18:08+0200,4e273271-2dd1-4145-994c-b9bfe17baf4e,2026-05-17T10:30:00Z,2026-05-17T12:30:00+0200,308.815,MW,FR,FR,forecast_offshore_wind_generation,Wind Offshore,2026-06-11T21:19:02Z
2026-06-11T21:18:08Z,2026-06-11T23:18:08+0200,4e273271-2dd1-4145-994c-b9bfe17baf4e,2026-05-17T10:45:00Z,2026-05-17T12:45:00+0200,312.93253,MW,FR,FR,forecast_offshore_wind_generation,Wind Offshore,2026-06-11T21:19:02Z
2026-06-11T21:18:08Z,2026-06-11T23:18:08+0200,4e273271-2dd1-4145-994c-b9bfe17baf4e,2026-05-17T11:00:00Z,2026-05-17T13:00:00+0200,317.04999,MW,FR,FR,forecast_offshore_wind_generation,Wind Offshore,2026-06-11T21:19:02Z
2026-06-11T21:18:08Z,2026-06-11T23:18:08+0200,4e273271-2dd1-4145-994c-b9bfe17baf4e,2026-05-17T11:15:00Z,2026-05-17T13:15:00+0200,336.52249,MW,FR,FR,forecast_offshore_wind_generation,Wind Offshore,2026-06-11T21:19:02Z
2026-06-11T21:18:08Z,2026-06-11T23:18:08+0200,4e273271-2dd1-4145-994c-b9bfe17baf4e,2026-05-17T11:30:00Z,2026-05-17T13:30:00+0200,355.995,MW,FR,FR,forecast_offshore_wind_generation,Wind Offshore,2026-06-11T21:19:02Z
2026-06-11T21:18:08Z,2026-06-11T23:18:08+0200,4e273271-2dd1-4145-994c-b9bfe17baf4e,2026-05-17T11:45:00Z,2026-05-17T13:45:00+0200,375.4675,MW,FR,FR,forecast_offshore_wind_generation,Wind Offshore,2026-06-11T21:19:02Z
2026-06-11T21:18:08Z,2026-06-11T23:18:08+0200,4e273271-2dd1-4145-994c-b9bfe17baf4e,2026-05-17T12:00:00Z,2026-05-17T14:00:00+0200,394.94,MW,FR,FR,forecast_offshore_wind_generation,Wind Offshore,2026-06-11T21:19:02Z
2026-06-11T21:18:08Z,2026-06-11T23:18:08+0200,4e273271-2dd1-4145-994c-b9bfe17baf4e,2026-05-17T12:15:00Z,2026-05-17T14:15:00+0200,410.0925,MW,FR,FR,forecast_offshore_wind_generation,Wind Offshore,2026-06-11T21:19:02Z
2026-06-11T21:18:08Z,2026-06-11T23:18:08+0200,4e273271-2dd1-4145-994c-b9bfe17baf4e,2026-05-17T12:30:00Z,2026-05-17T14:30:00+0200,425.245,MW,FR,FR,forecast_offshore_wind_generation,Wind Offshore,2026-06-11T21:19:02Z
2026-06-11T21:18:08Z,2026-06-11T23:18:08+0200,4e273271-2dd1-4145-994c-b9bfe17baf4e,2026-05-17T12:45:00Z,2026-05-17T14:45:00+0200,440.39752,MW,FR,FR,forecast_offshore_wind_generation,Wind Offshore,2026-06-11T21:19:02Z
2026-06-11T21:18:08Z,2026-06-11T23:18:08+0200,4e273271-2dd1-4145-994c-b9bfe17baf4e,2026-05-17T13:00:00Z,2026-05-17T15:00:00+0200,455.55002,MW,FR,FR,forecast_offshore_wind_generation,Wind Offshore,2026-06-11T21:19:02Z
2026-06-11T21:18:08Z,2026-06-11T23:18:08+0200,4e273271-2dd1-4145-994c-b9bfe17baf4e,2026-05-17T13:15:00Z,2026-05-17T15:15:00+0200,476.89752,MW,FR,FR,forecast_offshore_wind_generation,Wind Offshore,2026-06-11T21:19:02Z
2026-06-11T21:18:08Z,2026-06-11T23:18:08+0200,4e273271-2dd1-4145-994c-b9bfe17baf4e,2026-05-17T13:30:00Z,2026-05-17T15:30:00+0200,498.245,MW,FR,FR,forecast_offshore_wind_generation,Wind Offshore,2026-06-11T21:19:02Z
2026-06-11T21:18:08Z,2026-06-11T23:18:08+0200,4e273271-2dd1-4145-994c-b9bfe17baf4e,2026-05-17T13:45:00Z,2026-05-17T15:45:00+0200,519.59253,MW,FR,FR,forecast_offshore_wind_generation,Wind Offshore,2026-06-11T21:19:02Z
2026-06-11T21:18:08Z,2026-06-11T23:18:08+0200,4e273271-2dd1-4145-994c-b9bfe17baf4e,2026-05-17T14:00:00Z,2026-05-17T16:00:00+0200,540.94,MW,FR,FR,forecast_offshore_wind_generation,Wind Offshore,2026-06-11T21:19:02Z
2026-06-11T21:18:08Z,2026-06-11T23:18:08+0200,4e273271-2dd1-4145-994c-b9bfe17baf4e,2026-05-17T14:15:00Z,2026-05-17T16:15:00+0200,550.60748,MW,FR,FR,forecast_offshore_wind_generation,Wind Offshore,2026-06-11T21:19:02Z
2026-06-11T21:18:08Z,2026-06-11T23:18:08+0200,4e273271-2dd1-4145-994c-b9bfe17baf4e,2026-05-17T14:30:00Z,2026-05-17T16:30:00+0200,560.27502,MW,FR,FR,forecast_offshore_wind_generation,Wind Offshore,2026-06-11T21:19:02Z
2026-06-11T21:18:08Z,2026-06-11T23:18:08+0200,4e273271-2dd1-4145-994c-b9bfe17baf4e,2026-05-17T14:45:00Z,2026-05-17T16:45:00+0200,569.9425,MW,FR,FR,forecast_offshore_wind_generation,Wind Offshore,2026-06-11T21:19:02Z
2026-06-11T21:18:08Z,2026-06-11T23:18:08+0200,4e273271-2dd1-4145-994c-b9bfe17baf4e,2026-05-17T15:00:00Z,2026-05-17T17:00:00+0200,579.60999,MW,FR,FR,forecast_offshore_wind_generation,Wind Offshore,2026-06-11T21:19:02Z
2026-06-11T21:18:08Z,2026-06-11T23:18:08+0200,4e273271-2dd1-4145-994c-b9bfe17baf4e,2026-05-17T15:15:00Z,2026-05-17T17:15:00+0200,604.51251,MW,FR,FR,forecast_offshore_wind_generation,Wind Offshore,2026-06-11T21:19:02Z
2026-06-11T21:18:08Z,2026-06-11T23:18:08+0200,4e273271-2dd1-4145-994c-b9bfe17baf4e,2026-05-17T15:30:00Z,2026-05-17T17:30:00+0200,629.41498,MW,FR,FR,forecast_offshore_wind_generation,Wind Offshore,2026-06-11T21:19:02Z
2026-06-11T21:18:08Z,2026-06-11T23:18:08+0200,4e273271-2dd1-4145-994c-b9bfe17baf4e,2026-05-17T15:45:00Z,2026-05-17T17:45:00+0200,654.3175,MW,FR,FR,forecast_offshore_wind_generation,Wind Offshore,2026-06-11T21:19:02Z
2026-06-11T21:18:08Z,2026-06-11T23:18:08+0200,4e273271-2dd1-4145-994c-b9bfe17baf4e,2026-05-17T16:00:00Z,2026-05-17T18:00:00+0200,679.21997,MW,FR,FR,forecast_offshore_wind_generation,Wind Offshore,2026-06-11T21:19:02Z
2026-06-11T21:18:08Z,2026-06-11T23:18:08+0200,4e273271-2dd1-4145-994c-b9bfe17baf4e,2026-05-17T16:15:00Z,2026-05-17T18:15:00+0200,708.41504,MW,FR,FR,forecast_offshore_wind_generation,Wind Offshore,2026-06-11T21:19:02Z
2026-06-11T21:18:08Z,2026-06-11T23:18:08+0200,4e273271-2dd1-4145-994c-b9bfe17baf4e,2026-05-17T16:30:00Z,2026-05-17T18:30:00+0200,737.60999,MW,FR,FR,forecast_offshore_wind_generation,Wind Offshore,2026-06-11T21:19:02Z
2026-06-11T21:18:08Z,2026-06-11T23:18:08+0200,4e273271-2dd1-4145-994c-b9bfe17baf4e,2026-05-17T16:45:00Z,2026-05-17T18:45:00+0200,766.80493,MW,FR,FR,forecast_offshore_wind_generation,Wind Offshore,2026-06-11T21:19:02Z
2026-06-11T21:18:08Z,2026-06-11T23:18:08+0200,4e273271-2dd1-4145-994c-b9bfe17baf4e,2026-05-17T17:00:00Z,2026-05-17T19:00:00+0200,796.0,MW,FR,FR,forecast_offshore_wind_generation,Wind Offshore,2026-06-11T21:19:02Z
2026-06-11T21:18:08Z,2026-06-11T23:18:08+0200,4e273271-2dd1-4145-994c-b9bfe17baf4e,2026-05-17T17:15:00Z,2026-05-17T19:15:00+0200,802.03247,MW,FR,FR,forecast_offshore_wind_generation,Wind Offshore,2026-06-11T21:19:02Z
2026-06-11T21:18:08Z,2026-06-11T23:18:08+0200,4e273271-2dd1-4145-994c-b9bfe17baf4e,2026-05-17T17:30:00Z,2026-05-17T19:30:00+0200,808.06494,MW,FR,FR,forecast_offshore_wind_generation,Wind Offshore,2026-06-11T21:19:02Z
2026-06-11T21:18:08Z,2026-06-11T23:18:08+0200,4e273271-2dd1-4145-994c-b9bfe17baf4e,2026-05-17T17:45:00Z,2026-05-17T19:45:00+0200,814.09753,MW,FR,FR,forecast_offshore_wind_generation,Wind Offshore,2026-06-11T21:19:02Z
2026-06-11T21:18:08Z,2026-06-11T23:18:08+0200,4e273271-2dd1-4145-994c-b9bfe17baf4e,2026-05-17T18:00:00Z,2026-05-17T20:00:00+0200,820.13,MW,FR,FR,forecast_offshore_wind_generation,Wind Offshore,2026-06-11T21:19:02Z
2026-06-11T21:18:08Z,2026-06-11T23:18:08+0200,4e273271-2dd1-4145-994c-b9bfe17baf4e,2026-05-17T18:15:00Z,2026-05-17T20:15:00+0200,822.10254,MW,FR,FR,forecast_offshore_wind_generation,Wind Offshore,2026-06-11T21:19:02Z
2026-06-11T21:18:08Z,2026-06-11T23:18:08+0200,4e273271-2dd1-4145-994c-b9bfe17baf4e,2026-05-17T18:30:00Z,2026-05-17T20:30:00+0200,824.07495,MW,FR,FR,forecast_offshore_wind_generation,Wind Offshore,2026-06-11T21:19:02Z
2026-06-11T21:18:08Z,2026-06-11T23:18:08+0200,4e273271-2dd1-4145-994c-b9bfe17baf4e,2026-05-17T18:45:00Z,2026-05-17T20:45:00+0200,826.04749,MW,FR,FR,forecast_offshore_wind_generation,Wind Offshore,2026-06-11T21:19:02Z
2026-06-11T21:18:08Z,2026-06-11T23:18:08+0200,4e273271-2dd1-4145-994c-b9bfe17baf4e,2026-05-17T19:00:00Z,2026-05-17T21:00:00+0200,828.02002,MW,FR,FR,forecast_offshore_wind_generation,Wind Offshore,2026-06-11T21:19:02Z
2026-06-11T21:18:08Z,2026-06-11T23:18:08+0200,4e273271-2dd1-4145-994c-b9bfe17baf4e,2026-05-17T19:15:00Z,2026-05-17T21:15:00+0200,804.29498,MW,FR,FR,forecast_offshore_wind_generation,Wind Offshore,2026-06-11T21:19:02Z
2026-06-11T21:18:08Z,2026-06-11T23:18:08+0200,4e273271-2dd1-4145-994c-b9bfe17baf4e,2026-05-17T19:30:00Z,2026-05-17T21:30:00+0200,780.57001,MW,FR,FR,forecast_offshore_wind_generation,Wind Offshore,2026-06-11T21:19:02Z
2026-06-11T21:18:08Z,2026-06-11T23:18:08+0200,4e273271-2dd1-4145-994c-b9bfe17baf4e,2026-05-17T19:45:00Z,2026-05-17T21:45:00+0200,756.84497,MW,FR,FR,forecast_offshore_wind_generation,Wind Offshore,2026-06-11T21:19:02Z
2026-06-11T21:18:08Z,2026-06-11T23:18:08+0200,4e273271-2dd1-4145-994c-b9bfe17baf4e,2026-05-17T20:00:00Z,2026-05-17T22:00:00+0200,733.12,MW,FR,FR,forecast_offshore_wind_generation,Wind Offshore,2026-06-11T21:19:02Z
2026-06-11T21:18:08Z,2026-06-11T23:18:08+0200,4e273271-2dd1-4145-994c-b9bfe17baf4e,2026-05-17T20:15:00Z,2026-05-17T22:15:00+0200,721.1275,MW,FR,FR,forecast_offshore_wind_generation,Wind Offshore,2026-06-11T21:19:02Z
2026-06-11T21:18:08Z,2026-06-11T23:18:08+0200,4e273271-2dd1-4145-994c-b9bfe17baf4e,2026-05-17T20:30:00Z,2026-05-17T22:30:00+0200,709.13501,MW,FR,FR,forecast_offshore_wind_generation,Wind Offshore,2026-06-11T21:19:02Z
2026-06-11T21:18:08Z,2026-06-11T23:18:08+0200,4e273271-2dd1-4145-994c-b9bfe17baf4e,2026-05-17T20:45:00Z,2026-05-17T22:45:00+0200,697.14246,MW,FR,FR,forecast_offshore_wind_generation,Wind Offshore,2026-06-11T21:19:02Z
2026-06-11T21:18:08Z,2026-06-11T23:18:08+0200,4e273271-2dd1-4145-994c-b9bfe17baf4e,2026-05-17T21:00:00Z,2026-05-17T23:00:00+0200,685.14996,MW,FR,FR,forecast_offshore_wind_generation,Wind Offshore,2026-06-11T21:19:02Z
2026-06-11T21:18:08Z,2026-06-11T23:18:08+0200,4e273271-2dd1-4145-994c-b9bfe17baf4e,2026-05-17T21:15:00Z,2026-05-17T23:15:00+0200,665.20251,MW,FR,FR,forecast_offshore_wind_generation,Wind Offshore,2026-06-11T21:19:02Z
2026-06-11T21:18:08Z,2026-06-11T23:18:08+0200,4e273271-2dd1-4145-994c-b9bfe17baf4e,2026-05-17T21:30:00Z,2026-05-17T23:30:00+0200,645.255,MW,FR,FR,forecast_offshore_wind_generation,Wind Offshore,2026-06-11T21:19:02Z
2026-06-11T21:18:08Z,2026-06-11T23:18:08+0200,4e273271-2dd1-4145-994c-b9bfe17baf4e,2026-05-17T21:45:00Z,2026-05-17T23:45:00+0200,625.3075,MW,FR,FR,forecast_offshore_wind_generation,Wind Offshore,2026-06-11T21:19:02Z
2026-06-11T21:18:08Z,2026-06-11T23:18:08+0200,4e273271-2dd1-4145-994c-b9bfe17baf4e,2026-05-17T22:00:00Z,2026-05-18T00:00:00+0200,536.70996,MW,FR,FR,forecast_offshore_wind_generation,Wind Offshore,2026-06-11T21:19:02Z
2026-06-11T21:18:08Z,2026-06-11T23:18:08+0200,4e273271-2dd1-4145-994c-b9bfe17baf4e,2026-05-17T22:15:00Z,2026-05-18T00:15:00+0200,535.98499,MW,FR,FR,forecast_offshore_wind_generation,Wind Offshore,2026-06-11T21:19:02Z
2026-06-11T21:18:08Z,2026-06-11T23:18:08+0200,4e273271-2dd1-4145-994c-b9bfe17baf4e,2026-05-17T22:30:00Z,2026-05-18T00:30:00+0200,535.26001,MW,FR,FR,forecast_offshore_wind_generation,Wind Offshore,2026-06-11T21:19:02Z
2026-06-11T21:18:08Z,2026-06-11T23:18:08+0200,4e273271-2dd1-4145-994c-b9bfe17baf4e,2026-05-17T22:45:00Z,2026-05-18T00:45:00+0200,534.53503,MW,FR,FR,forecast_offshore_wind_generation,Wind Offshore,2026-06-11T21:19:02Z
2026-06-11T21:18:08Z,2026-06-11T23:18:08+0200,4e273271-2dd1-4145-994c-b9bfe17baf4e,2026-05-17T23:00:00Z,2026-05-18T01:00:00+0200,533.81,MW,FR,FR,forecast_offshore_wind_generation,Wind Offshore,2026-06-11T21:19:02Z
2026-06-11T21:18:08Z,2026-06-11T23:18:08+0200,4e273271-2dd1-4145-994c-b9bfe17baf4e,2026-05-17T23:15:00Z,2026-05-18T01:15:00+0200,527.59253,MW,FR,FR,forecast_offshore_wind_generation,Wind Offshore,2026-06-11T21:19:02Z
2026-06-11T21:18:08Z,2026-06-11T23:18:08+0200,4e273271-2dd1-4145-994c-b9bfe17baf4e,2026-05-17T23:30:00Z,2026-05-18T01:30:00+0200,521.375,MW,FR,FR,forecast_offshore_wind_generation,Wind Offshore,2026-06-11T21:19:02Z
2026-06-11T21:18:08Z,2026-06-11T23:18:08+0200,4e273271-2dd1-4145-994c-b9bfe17baf4e,2026-05-17T23:45:00Z,2026-05-18T01:45:00+0200,515.15747,MW,FR,FR,forecast_offshore_wind_generation,Wind Offshore,2026-06-11T21:19:02Z
2026-06-11T21:18:08Z,2026-06-11T23:18:08+0200,4e273271-2dd1-4145-994c-b9bfe17baf4e,2026-05-18T00:00:00Z,2026-05-18T02:00:00+0200,508.94,MW,FR,FR,forecast_offshore_wind_generation,Wind Offshore,2026-06-11T21:19:02Z
2026-06-11T21:18:08Z,2026-06-11T23:18:08+0200,4e273271-2dd1-4145-994c-b9bfe17baf4e,2026-05-18T00:15:00Z,2026-05-18T02:15:00+0200,497.21249,MW,FR,FR,forecast_offshore_wind_generation,Wind Offshore,2026-06-11T21:19:02Z
2026-06-11T21:18:08Z,2026-06-11T23:18:08+0200,4e273271-2dd1-4145-994c-b9bfe17baf4e,2026-05-18T00:30:00Z,2026-05-18T02:30:00+0200,485.48499,MW,FR,FR,forecast_offshore_wind_generation,Wind Offshore,2026-06-11T21:19:02Z
2026-06-11T21:18:08Z,2026-06-11T23:18:08+0200,4e273271-2dd1-4145-994c-b9bfe17baf4e,2026-05-18T00:45:00Z,2026-05-18T02:45:00+0200,473.75751,MW,FR,FR,forecast_offshore_wind_generation,Wind Offshore,2026-06-11T21:19:02Z
2026-06-11T21:18:08Z,2026-06-11T23:18:08+0200,4e273271-2dd1-4145-994c-b9bfe17baf4e,2026-05-18T01:00:00Z,2026-05-18T03:00:00+0200,462.03003,MW,FR,FR,forecast_offshore_wind_generation,Wind Offshore,2026-06-11T21:19:02Z
2026-06-11T21:18:08Z,2026-06-11T23:18:08+0200,4e273271-2dd1-4145-994c-b9bfe17baf4e,2026-05-18T01:15:00Z,2026-05-18T03:15:00+0200,461.05002,MW,FR,FR,forecast_offshore_wind_generation,Wind Offshore,2026-06-11T21:19:02Z
2026-06-11T21:18:08Z,2026-06-11T23:18:08+0200,4e273271-2dd1-4145-994c-b9bfe17baf4e,2026-05-18T01:30:00Z,2026-05-18T03:30:00+0200,460.07001,MW,FR,FR,forecast_offshore_wind_generation,Wind Offshore,2026-06-11T21:19:02Z
2026-06-11T21:18:08Z,2026-06-11T23:18:08+0200,4e273271-2dd1-4145-994c-b9bfe17baf4e,2026-05-18T01:45:00Z,2026-05-18T03:45:00+0200,459.09003,MW,FR,FR,forecast_offshore_wind_generation,Wind Offshore,2026-06-11T21:19:02Z
2026-06-11T21:18:08Z,2026-06-11T23:18:08+0200,4e273271-2dd1-4145-994c-b9bfe17baf4e,2026-05-18T02:00:00Z,2026-05-18T04:00:00+0200,458.11002,MW,FR,FR,forecast_offshore_wind_generation,Wind Offshore,2026-06-11T21:19:02Z
2026-06-11T21:18:08Z,2026-06-11T23:18:08+0200,4e273271-2dd1-4145-994c-b9bfe17baf4e,2026-05-18T02:15:00Z,2026-05-18T04:15:00+0200,455.9425,MW,FR,FR,forecast_offshore_wind_generation,Wind Offshore,2026-06-11T21:19:02Z
2026-06-11T21:18:08Z,2026-06-11T23:18:08+0200,4e273271-2dd1-4145-994c-b9bfe17baf4e,2026-05-18T02:30:00Z,2026-05-18T04:30:00+0200,453.77499,MW,FR,FR,forecast_offshore_wind_generation,Wind Offshore,2026-06-11T21:19:02Z
2026-06-11T21:18:08Z,2026-06-11T23:18:08+0200,4e273271-2dd1-4145-994c-b9bfe17baf4e,2026-05-18T02:45:00Z,2026-05-18T04:45:00+0200,451.60748,MW,FR,FR,forecast_offshore_wind_generation,Wind Offshore,2026-06-11T21:19:02Z
2026-06-11T21:18:08Z,2026-06-11T23:18:08+0200,4e273271-2dd1-4145-994c-b9bfe17baf4e,2026-05-18T03:00:00Z,2026-05-18T05:00:00+0200,449.44,MW,FR,FR,forecast_offshore_wind_generation,Wind Offshore,2026-06-11T21:19:02Z
2026-06-11T21:18:08Z,2026-06-11T23:18:08+0200,4e273271-2dd1-4145-994c-b9bfe17baf4e,2026-05-18T03:15:00Z,2026-05-18T05:15:00+0200,444.28748,MW,FR,FR,forecast_offshore_wind_generation,Wind Offshore,2026-06-11T21:19:02Z
2026-06-11T21:18:08Z,2026-06-11T23:18:08+0200,4e273271-2dd1-4145-994c-b9bfe17baf4e,2026-05-18T03:30:00Z,2026-05-18T05:30:00+0200,439.13501,MW,FR,FR,forecast_offshore_wind_generation,Wind Offshore,2026-06-11T21:19:02Z
2026-06-11T21:18:08Z,2026-06-11T23:18:08+0200,4e273271-2dd1-4145-994c-b9bfe17baf4e,2026-05-18T03:45:00Z,2026-05-18T05:45:00+0200,433.98251,MW,FR,FR,forecast_offshore_wind_generation,Wind Offshore,2026-06-11T21:19:02Z
2026-06-11T21:18:08Z,2026-06-11T23:18:08+0200,4e273271-2dd1-4145-994c-b9bfe17baf4e,2026-05-18T04:00:00Z,2026-05-18T06:00:00+0200,428.82999,MW,FR,FR,forecast_offshore_wind_generation,Wind Offshore,2026-06-11T21:19:02Z
2026-06-11T21:18:08Z,2026-06-11T23:18:08+0200,4e273271-2dd1-4145-994c-b9bfe17baf4e,2026-05-18T04:15:00Z,2026-05-18T06:15:00+0200,413.30249,MW,FR,FR,forecast_offshore_wind_generation,Wind Offshore,2026-06-11T21:19:02Z
2026-06-11T21:18:08Z,2026-06-11T23:18:08+0200,4e273271-2dd1-4145-994c-b9bfe17baf4e,2026-05-18T04:30:00Z,2026-05-18T06:30:00+0200,397.77499,MW,FR,FR,forecast_offshore_wind_generation,Wind Offshore,2026-06-11T21:19:02Z
2026-06-11T21:18:08Z,2026-06-11T23:18:08+0200,4e273271-2dd1-4145-994c-b9bfe17baf4e,2026-05-18T04:45:00Z,2026-05-18T06:45:00+0200,382.2475,MW,FR,FR,forecast_offshore_wind_generation,Wind Offshore,2026-06-11T21:19:02Z
2026-06-11T21:18:08Z,2026-06-11T23:18:08+0200,4e273271-2dd1-4145-994c-b9bfe17baf4e,2026-05-18T05:00:00Z,2026-05-18T07:00:00+0200,366.72,MW,FR,FR,forecast_offshore_wind_generation,Wind Offshore,2026-06-11T21:19:02Z
2026-06-11T21:18:08Z,2026-06-11T23:18:08+0200,4e273271-2dd1-4145-994c-b9bfe17baf4e,2026-05-18T05:15:00Z,2026-05-18T07:15:00+0200,344.28998,MW,FR,FR,forecast_offshore_wind_generation,Wind Offshore,2026-06-11T21:19:02Z
2026-06-11T21:18:08Z,2026-06-11T23:18:08+0200,4e273271-2dd1-4145-994c-b9bfe17baf4e,2026-05-18T05:30:00Z,2026-05-18T07:30:00+0200,321.85999,MW,FR,FR,forecast_offshore_wind_generation,Wind Offshore,2026-06-11T21:19:02Z
2026-06-11T21:18:08Z,2026-06-11T23:18:08+0200,4e273271-2dd1-4145-994c-b9bfe17baf4e,2026-05-18T05:45:00Z,2026-05-18T07:45:00+0200,299.42999,MW,FR,FR,forecast_offshore_wind_generation,Wind Offshore,2026-06-11T21:19:02Z
2026-06-11T21:18:08Z,2026-06-11T23:18:08+0200,4e273271-2dd1-4145-994c-b9bfe17baf4e,2026-05-18T06:00:00Z,2026-05-18T08:00:00+0200,277.0,MW,FR,FR,forecast_offshore_wind_generation,Wind Offshore,2026-06-11T21:19:02Z
2026-06-11T21:18:08Z,2026-06-11T23:18:08+0200,4e273271-2dd1-4145-994c-b9bfe17baf4e,2026-05-18T06:15:00Z,2026-05-18T08:15:00+0200,277.995,MW,FR,FR,forecast_offshore_wind_generation,Wind Offshore,2026-06-11T21:19:02Z
2026-06-11T21:18:08Z,2026-06-11T23:18:08+0200,4e273271-2dd1-4145-994c-b9bfe17baf4e,2026-05-18T06:30:00Z,2026-05-18T08:30:00+0200,278.99002,MW,FR,FR,forecast_offshore_wind_generation,Wind Offshore,2026-06-11T21:19:02Z
2026-06-11T21:18:08Z,2026-06-11T23:18:08+0200,4e273271-2dd1-4145-994c-b9bfe17baf4e,2026-05-18T06:45:00Z,2026-05-18T08:45:00+0200,279.98502,MW,FR,FR,forecast_offshore_wind_generation,Wind Offshore,2026-06-11T21:19:02Z
2026-06-11T21:18:08Z,2026-06-11T23:18:08+0200,4e273271-2dd1-4145-994c-b9bfe17baf4e,2026-05-18T07:00:00Z,2026-05-18T09:00:00+0200,280.98001,MW,FR,FR,forecast_offshore_wind_generation,Wind Offshore,2026-06-11T21:19:02Z
2026-06-11T21:18:08Z,2026-06-11T23:18:08+0200,4e273271-2dd1-4145-994c-b9bfe17baf4e,2026-05-18T07:15:00Z,2026-05-18T09:15:00+0200,280.85999,MW,FR,FR,forecast_offshore_wind_generation,Wind Offshore,2026-06-11T21:19:02Z
2026-06-11T21:18:08Z,2026-06-11T23:18:08+0200,4e273271-2dd1-4145-994c-b9bfe17baf4e,2026-05-18T07:30:00Z,2026-05-18T09:30:00+0200,280.73999,MW,FR,FR,forecast_offshore_wind_generation,Wind Offshore,2026-06-11T21:19:02Z
2026-06-11T21:18:08Z,2026-06-11T23:18:08+0200,4e273271-2dd1-4145-994c-b9bfe17baf4e,2026-05-18T07:45:00Z,2026-05-18T09:45:00+0200,280.62,MW,FR,FR,forecast_offshore_wind_generation,Wind Offshore,2026-06-11T21:19:02Z
2026-06-11T21:18:08Z,2026-06-11T23:18:08+0200,4e273271-2dd1-4145-994c-b9bfe17baf4e,2026-05-18T08:00:00Z,2026-05-18T10:00:00+0200,280.50003,MW,FR,FR,forecast_offshore_wind_generation,Wind Offshore,2026-06-11T21:19:02Z
2026-06-11T21:18:08Z,2026-06-11T23:18:08+0200,4e273271-2dd1-4145-994c-b9bfe17baf4e,2026-05-18T08:15:00Z,2026-05-18T10:15:00+0200,263.8725,MW,FR,FR,forecast_offshore_wind_generation,Wind Offshore,2026-06-11T21:19:02Z
2026-06-11T21:18:08Z,2026-06-11T23:18:08+0200,4e273271-2dd1-4145-994c-b9bfe17baf4e,2026-05-18T08:30:00Z,2026-05-18T10:30:00+0200,247.24501,MW,FR,FR,forecast_offshore_wind_generation,Wind Offshore,2026-06-11T21:19:02Z
2026-06-11T21:18:08Z,2026-06-11T23:18:08+0200,4e273271-2dd1-4145-994c-b9bfe17baf4e,2026-05-18T08:45:00Z,2026-05-18T10:45:00+0200,230.61749,MW,FR,FR,forecast_offshore_wind_generation,Wind Offshore,2026-06-11T21:19:02Z
2026-06-11T21:18:08Z,2026-06-11T23:18:08+0200,4e273271-2dd1-4145-994c-b9bfe17baf4e,2026-05-18T09:00:00Z,2026-05-18T11:00:00+0200,213.99001,MW,FR,FR,forecast_offshore_wind_generation,Wind Offshore,2026-06-11T21:19:02Z
2026-06-11T21:18:08Z,2026-06-11T23:18:08+0200,4e273271-2dd1-4145-994c-b9bfe17baf4e,2026-05-18T09:15:00Z,2026-05-18T11:15:00+0200,213.71249,MW,FR,FR,forecast_offshore_wind_generation,Wind Offshore,2026-06-11T21:19:02Z
2026-06-11T21:18:08Z,2026-06-11T23:18:08+0200,4e273271-2dd1-4145-994c-b9bfe17baf4e,2026-05-18T09:30:00Z,2026-05-18T11:30:00+0200,213.435,MW,FR,FR,forecast_offshore_wind_generation,Wind Offshore,2026-06-11T21:19:02Z
2026-06-11T21:18:08Z,2026-06-11T23:18:08+0200,4e273271-2dd1-4145-994c-b9bfe17baf4e,2026-05-18T09:45:00Z,2026-05-18T11:45:00+0200,213.1575,MW,FR,FR,forecast_offshore_wind_generation,Wind Offshore,2026-06-11T21:19:02Z
2026-06-11T21:18:08Z,2026-06-11T23:18:08+0200,4e273271-2dd1-4145-994c-b9bfe17baf4e,2026-05-18T10:00:00Z,2026-05-18T12:00:00+0200,212.88,MW,FR,FR,forecast_offshore_wind_generation,Wind Offshore,2026-06-11T21:19:02Z
2026-06-11T21:18:08Z,2026-06-11T23:18:08+0200,4e273271-2dd1-4145-994c-b9bfe17baf4e,2026-05-18T10:15:00Z,2026-05-18T12:15:00+0200,214.9875,MW,FR,FR,forecast_offshore_wind_generation,Wind Offshore,2026-06-11T21:19:02Z
2026-06-11T21:18:08Z,2026-06-11T23:18:08+0200,4e273271-2dd1-4145-994c-b9bfe17baf4e,2026-05-18T10:30:00Z,2026-05-18T12:30:00+0200,217.095,MW,FR,FR,forecast_offshore_wind_generation,Wind Offshore,2026-06-11T21:19:02Z
2026-06-11T21:18:08Z,2026-06-11T23:18:08+0200,4e273271-2dd1-4145-994c-b9bfe17baf4e,2026-05-18T10:45:00Z,2026-05-18T12:45:00+0200,219.2025,MW,FR,FR,forecast_offshore_wind_generation,Wind Offshore,2026-06-11T21:19:02Z
2026-06-11T21:18:08Z,2026-06-11T23:18:08+0200,4e273271-2dd1-4145-994c-b9bfe17baf4e,2026-05-18T11:00:00Z,2026-05-18T13:00:00+0200,221.31001,MW,FR,FR,forecast_offshore_wind_generation,Wind Offshore,2026-06-11T21:19:02Z
2026-06-11T21:18:08Z,2026-06-11T23:18:08+0200,4e273271-2dd1-4145-994c-b9bfe17baf4e,2026-05-18T11:15:00Z,2026-05-18T13:15:00+0200,231.08749,MW,FR,FR,forecast_offshore_wind_generation,Wind Offshore,2026-06-11T21:19:02Z
2026-06-11T21:18:08Z,2026-06-11T23:18:08+0200,4e273271-2dd1-4145-994c-b9bfe17baf4e,2026-05-18T11:30:00Z,2026-05-18T13:30:00+0200,240.86499,MW,FR,FR,forecast_offshore_wind_generation,Wind Offshore,2026-06-11T21:19:02Z
2026-06-11T21:18:08Z,2026-06-11T23:18:08+0200,4e273271-2dd1-4145-994c-b9bfe17baf4e,2026-05-18T11:45:00Z,2026-05-18T13:45:00+0200,250.6425,MW,FR,FR,forecast_offshore_wind_generation,Wind Offshore,2026-06-11T21:19:02Z
2026-06-11T21:18:08Z,2026-06-11T23:18:08+0200,4e273271-2dd1-4145-994c-b9bfe17baf4e,2026-05-18T12:00:00Z,2026-05-18T14:00:00+0200,260.41998,MW,FR,FR,forecast_offshore_wind_generation,Wind Offshore,2026-06-11T21:19:02Z
2026-06-11T21:18:08Z,2026-06-11T23:18:08+0200,4e273271-2dd1-4145-994c-b9bfe17baf4e,2026-05-18T12:15:00Z,2026-05-18T14:15:00+0200,273.05499,MW,FR,FR,forecast_offshore_wind_generation,Wind Offshore,2026-06-11T21:19:02Z
2026-06-11T21:18:08Z,2026-06-11T23:18:08+0200,4e273271-2dd1-4145-994c-b9bfe17baf4e,2026-05-18T12:30:00Z,2026-05-18T14:30:00+0200,285.69,MW,FR,FR,forecast_offshore_wind_generation,Wind Offshore,2026-06-11T21:19:02Z
2026-06-11T21:18:08Z,2026-06-11T23:18:08+0200,4e273271-2dd1-4145-994c-b9bfe17baf4e,2026-05-18T12:45:00Z,2026-05-18T14:45:00+0200,298.32498,MW,FR,FR,forecast_offshore_wind_generation,Wind Offshore,2026-06-11T21:19:02Z
2026-06-11T21:18:08Z,2026-06-11T23:18:08+0200,4e273271-2dd1-4145-994c-b9bfe17baf4e,2026-05-18T13:00:00Z,2026-05-18T15:00:00+0200,310.95999,MW,FR,FR,forecast_offshore_wind_generation,Wind Offshore,2026-06-11T21:19:02Z
2026-06-11T21:18:08Z,2026-06-11T23:18:08+0200,4e273271-2dd1-4145-994c-b9bfe17baf4e,2026-05-18T13:15:00Z,2026-05-18T15:15:00+0200,313.22498,MW,FR,FR,forecast_offshore_wind_generation,Wind Offshore,2026-06-11T21:19:02Z
2026-06-11T21:18:08Z,2026-06-11T23:18:08+0200,4e273271-2dd1-4145-994c-b9bfe17baf4e,2026-05-18T13:30:00Z,2026-05-18T15:30:00+0200,315.48999,MW,FR,FR,forecast_offshore_wind_generation,Wind Offshore,2026-06-11T21:19:02Z
2026-06-11T21:18:08Z,2026-06-11T23:18:08+0200,4e273271-2dd1-4145-994c-b9bfe17baf4e,2026-05-18T13:45:00Z,2026-05-18T15:45:00+0200,317.755,MW,FR,FR,forecast_offshore_wind_generation,Wind Offshore,2026-06-11T21:19:02Z
2026-06-11T21:18:08Z,2026-06-11T23:18:08+0200,4e273271-2dd1-4145-994c-b9bfe17baf4e,2026-05-18T14:00:00Z,2026-05-18T16:00:00+0200,320.02002,MW,FR,FR,forecast_offshore_wind_generation,Wind Offshore,2026-06-11T21:19:02Z
2026-06-11T21:18:08Z,2026-06-11T23:18:08+0200,4e273271-2dd1-4145-994c-b9bfe17baf4e,2026-05-18T14:15:00Z,2026-05-18T16:15:00+0200,334.3125,MW,FR,FR,forecast_offshore_wind_generation,Wind Offshore,2026-06-11T21:19:02Z
2026-06-11T21:18:08Z,2026-06-11T23:18:08+0200,4e273271-2dd1-4145-994c-b9bfe17baf4e,2026-05-18T14:30:00Z,2026-05-18T16:30:00+0200,348.60504,MW,FR,FR,forecast_offshore_wind_generation,Wind Offshore,2026-06-11T21:19:02Z
2026-06-11T21:18:08Z,2026-06-11T23:18:08+0200,4e273271-2dd1-4145-994c-b9bfe17baf4e,2026-05-18T14:45:00Z,2026-05-18T16:45:00+0200,362.89746,MW,FR,FR,forecast_offshore_wind_generation,Wind Offshore,2026-06-11T21:19:02Z
2026-06-11T21:18:08Z,2026-06-11T23:18:08+0200,4e273271-2dd1-4145-994c-b9bfe17baf4e,2026-05-18T15:00:00Z,2026-05-18T17:00:00+0200,377.19,MW,FR,FR,forecast_offshore_wind_generation,Wind Offshore,2026-06-11T21:19:02Z
2026-06-11T21:18:08Z,2026-06-11T23:18:08+0200,4e273271-2dd1-4145-994c-b9bfe17baf4e,2026-05-18T15:15:00Z,2026-05-18T17:15:00+0200,368.99997,MW,FR,FR,forecast_offshore_wind_generation,Wind Offshore,2026-06-11T21:19:02Z
2026-06-11T21:18:08Z,2026-06-11T23:18:08+0200,4e273271-2dd1-4145-994c-b9bfe17baf4e,2026-05-18T15:30:00Z,2026-05-18T17:30:00+0200,360.81,MW,FR,FR,forecast_offshore_wind_generation,Wind Offshore,2026-06-11T21:19:02Z
2026-06-11T21:18:08Z,2026-06-11T23:18:08+0200,4e273271-2dd1-4145-994c-b9bfe17baf4e,2026-05-18T15:45:00Z,2026-05-18T17:45:00+0200,352.62,MW,FR,FR,forecast_offshore_wind_generation,Wind Offshore,2026-06-11T21:19:02Z
2026-06-11T21:18:08Z,2026-06-11T23:18:08+0200,4e273271-2dd1-4145-994c-b9bfe17baf4e,2026-05-18T16:00:00Z,2026-05-18T18:00:00+0200,344.42996,MW,FR,FR,forecast_offshore_wind_generation,Wind Offshore,2026-06-11T21:19:02Z
2026-06-11T21:18:08Z,2026-06-11T23:18:08+0200,4e273271-2dd1-4145-994c-b9bfe17baf4e,2026-05-18T16:15:00Z,2026-05-18T18:15:00+0200,369.61749,MW,FR,FR,forecast_offshore_wind_generation,Wind Offshore,2026-06-11T21:19:02Z
2026-06-11T21:18:08Z,2026-06-11T23:18:08+0200,4e273271-2dd1-4145-994c-b9bfe17baf4e,2026-05-18T16:30:00Z,2026-05-18T18:30:00+0200,394.80499,MW,FR,FR,forecast_offshore_wind_generation,Wind Offshore,2026-06-11T21:19:02Z
2026-06-11T21:18:08Z,2026-06-11T23:18:08+0200,4e273271-2dd1-4145-994c-b9bfe17baf4e,2026-05-18T16:45:00Z,2026-05-18T18:45:00+0200,419.99249,MW,FR,FR,forecast_offshore_wind_generation,Wind Offshore,2026-06-11T21:19:02Z
2026-06-11T21:18:08Z,2026-06-11T23:18:08+0200,4e273271-2dd1-4145-994c-b9bfe17baf4e,2026-05-18T17:00:00Z,2026-05-18T19:00:00+0200,445.17999,MW,FR,FR,forecast_offshore_wind_generation,Wind Offshore,2026-06-11T21:19:02Z
2026-06-11T21:18:08Z,2026-06-11T23:18:08+0200,4e273271-2dd1-4145-994c-b9bfe17baf4e,2026-05-18T17:15:00Z,2026-05-18T19:15:00+0200,449.065,MW,FR,FR,forecast_offshore_wind_generation,Wind Offshore,2026-06-11T21:19:02Z
2026-06-11T21:18:08Z,2026-06-11T23:18:08+0200,4e273271-2dd1-4145-994c-b9bfe17baf4e,2026-05-18T17:30:00Z,2026-05-18T19:30:00+0200,452.95001,MW,FR,FR,forecast_offshore_wind_generation,Wind Offshore,2026-06-11T21:19:02Z
2026-06-11T21:18:08Z,2026-06-11T23:18:08+0200,4e273271-2dd1-4145-994c-b9bfe17baf4e,2026-05-18T17:45:00Z,2026-05-18T19:45:00+0200,456.83496,MW,FR,FR,forecast_offshore_wind_generation,Wind Offshore,2026-06-11T21:19:02Z
2026-06-11T21:18:08Z,2026-06-11T23:18:08+0200,4e273271-2dd1-4145-994c-b9bfe17baf4e,2026-05-18T18:00:00Z,2026-05-18T20:00:00+0200,460.71997,MW,FR,FR,forecast_offshore_wind_generation,Wind Offshore,2026-06-11T21:19:02Z
2026-06-11T21:18:08Z,2026-06-11T23:18:08+0200,4e273271-2dd1-4145-994c-b9bfe17baf4e,2026-05-18T18:15:00Z,2026-05-18T20:15:00+0200,492.125,MW,FR,FR,forecast_offshore_wind_generation,Wind Offshore,2026-06-11T21:19:02Z
2026-06-11T21:18:08Z,2026-06-11T23:18:08+0200,4e273271-2dd1-4145-994c-b9bfe17baf4e,2026-05-18T18:30:00Z,2026-05-18T20:30:00+0200,523.52997,MW,FR,FR,forecast_offshore_wind_generation,Wind Offshore,2026-06-11T21:19:02Z
2026-06-11T21:18:08Z,2026-06-11T23:18:08+0200,4e273271-2dd1-4145-994c-b9bfe17baf4e,2026-05-18T18:45:00Z,2026-05-18T20:45:00+0200,554.93506,MW,FR,FR,forecast_offshore_wind_generation,Wind Offshore,2026-06-11T21:19:02Z
2026-06-11T21:18:08Z,2026-06-11T23:18:08+0200,4e273271-2dd1-4145-994c-b9bfe17baf4e,2026-05-18T19:00:00Z,2026-05-18T21:00:00+0200,586.34003,MW,FR,FR,forecast_offshore_wind_generation,Wind Offshore,2026-06-11T21:19:02Z
2026-06-11T21:18:08Z,2026-06-11T23:18:08+0200,4e273271-2dd1-4145-994c-b9bfe17baf4e,2026-05-18T19:15:00Z,2026-05-18T21:15:00+0200,631.34998,MW,FR,FR,forecast_offshore_wind_generation,Wind Offshore,2026-06-11T21:19:02Z
2026-06-11T21:18:08Z,2026-06-11T23:18:08+0200,4e273271-2dd1-4145-994c-b9bfe17baf4e,2026-05-18T19:30:00Z,2026-05-18T21:30:00+0200,676.35999,MW,FR,FR,forecast_offshore_wind_generation,Wind Offshore,2026-06-11T21:19:02Z
2026-06-11T21:18:08Z,2026-06-11T23:18:08+0200,4e273271-2dd1-4145-994c-b9bfe17baf4e,2026-05-18T19:45:00Z,2026-05-18T21:45:00+0200,721.37,MW,FR,FR,forecast_offshore_wind_generation,Wind Offshore,2026-06-11T21:19:02Z
2026-06-11T21:18:08Z,2026-06-11T23:18:08+0200,4e273271-2dd1-4145-994c-b9bfe17baf4e,2026-05-18T20:00:00Z,2026-05-18T22:00:00+0200,766.38,MW,FR,FR,forecast_offshore_wind_generation,Wind Offshore,2026-06-11T21:19:02Z
2026-06-11T21:18:08Z,2026-06-11T23:18:08+0200,4e273271-2dd1-4145-994c-b9bfe17baf4e,2026-05-18T20:15:00Z,2026-05-18T22:15:00+0200,788.75,MW,FR,FR,forecast_offshore_wind_generation,Wind Offshore,2026-06-11T21:19:02Z
2026-06-11T21:18:08Z,2026-06-11T23:18:08+0200,4e273271-2dd1-4145-994c-b9bfe17baf4e,2026-05-18T20:30:00Z,2026-05-18T22:30:00+0200,811.12,MW,FR,FR,forecast_offshore_wind_generation,Wind Offshore,2026-06-11T21:19:02Z
2026-06-11T21:18:08Z,2026-06-11T23:18:08+0200,4e273271-2dd1-4145-994c-b9bfe17baf4e,2026-05-18T20:45:00Z,2026-05-18T22:45:00+0200,833.48999,MW,FR,FR,forecast_offshore_wind_generation,Wind Offshore,2026-06-11T21:19:02Z
2026-06-11T21:18:08Z,2026-06-11T23:18:08+0200,4e273271-2dd1-4145-994c-b9bfe17baf4e,2026-05-18T21:00:00Z,2026-05-18T23:00:00+0200,855.85999,MW,FR,FR,forecast_offshore_wind_generation,Wind Offshore,2026-06-11T21:19:02Z
2026-06-11T21:18:08Z,2026-06-11T23:18:08+0200,4e273271-2dd1-4145-994c-b9bfe17baf4e,2026-05-18T21:15:00Z,2026-05-18T23:15:00+0200,904.3125,MW,FR,FR,forecast_offshore_wind_generation,Wind Offshore,2026-06-11T21:19:02Z
2026-06-11T21:18:08Z,2026-06-11T23:18:08+0200,4e273271-2dd1-4145-994c-b9bfe17baf4e,2026-05-18T21:30:00Z,2026-05-18T23:30:00+0200,952.76501,MW,FR,FR,forecast_offshore_wind_generation,Wind Offshore,2026-06-11T21:19:02Z
2026-06-11T21:18:08Z,2026-06-11T23:18:08+0200,4e273271-2dd1-4145-994c-b9bfe17baf4e,2026-05-18T21:45:00Z,2026-05-18T23:45:00+0200,1001.21753,MW,FR,FR,forecast_offshore_wind_generation,Wind Offshore,2026-06-11T21:19:02Z
2026-06-11T21:18:08Z,2026-06-11T23:18:08+0200,4e273271-2dd1-4145-994c-b9bfe17baf4e,2026-05-18T22:00:00Z,2026-05-19T00:00:00+0200,923.24005,MW,FR,FR,forecast_offshore_wind_generation,Wind Offshore,2026-06-11T21:19:02Z
2026-06-11T21:18:08Z,2026-06-11T23:18:08+0200,4e273271-2dd1-4145-994c-b9bfe17baf4e,2026-05-18T22:15:00Z,2026-05-19T00:15:00+0200,980.31,MW,FR,FR,forecast_offshore_wind_generation,Wind Offshore,2026-06-11T21:19:02Z
2026-06-11T21:18:08Z,2026-06-11T23:18:08+0200,4e273271-2dd1-4145-994c-b9bfe17baf4e,2026-05-18T22:30:00Z,2026-05-19T00:30:00+0200,1037.38,MW,FR,FR,forecast_offshore_wind_generation,Wind Offshore,2026-06-11T21:19:02Z
2026-06-11T21:18:08Z,2026-06-11T23:18:08+0200,4e273271-2dd1-4145-994c-b9bfe17baf4e,2026-05-18T22:45:00Z,2026-05-19T00:45:00+0200,1094.15002,MW,FR,FR,forecast_offshore_wind_generation,Wind Offshore,2026-06-11T21:19:02Z
2026-06-11T21:18:08Z,2026-06-11T23:18:08+0200,4e273271-2dd1-4145-994c-b9bfe17baf4e,2026-05-18T23:00:00Z,2026-05-19T01:00:00+0200,1150.90002,MW,FR,FR,forecast_offshore_wind_generation,Wind Offshore,2026-06-11T21:19:02Z
2026-06-11T21:18:08Z,2026-06-11T23:18:08+0200,4e273271-2dd1-4145-994c-b9bfe17baf4e,2026-05-18T23:15:00Z,2026-05-19T01:15:00+0200,1174.48999,MW,FR,FR,forecast_offshore_wind_generation,Wind Offshore,2026-06-11T21:19:02Z
2026-06-11T21:18:08Z,2026-06-11T23:18:08+0200,4e273271-2dd1-4145-994c-b9bfe17baf4e,2026-05-18T23:30:00Z,2026-05-19T01:30:00+0200,1198.08997,MW,FR,FR,forecast_offshore_wind_generation,Wind Offshore,2026-06-11T21:19:02Z
2026-06-11T21:18:08Z,2026-06-11T23:18:08+0200,4e273271-2dd1-4145-994c-b9bfe17baf4e,2026-05-18T23:45:00Z,2026-05-19T01:45:00+0200,1221.57007,MW,FR,FR,forecast_offshore_wind_generation,Wind Offshore,2026-06-11T21:19:02Z
2026-06-11T21:18:08Z,2026-06-11T23:18:08+0200,4e273271-2dd1-4145-994c-b9bfe17baf4e,2026-05-19T00:00:00Z,2026-05-19T02:00:00+0200,1245.05005,MW,FR,FR,forecast_offshore_wind_generation,Wind Offshore,2026-06-11T21:19:02Z
2026-06-11T21:18:08Z,2026-06-11T23:18:08+0200,4e273271-2dd1-4145-994c-b9bfe17baf4e,2026-05-19T00:15:00Z,2026-05-19T02:15:00+0200,1254.05005,MW,FR,FR,forecast_offshore_wind_generation,Wind Offshore,2026-06-11T21:19:02Z
2026-06-11T21:18:08Z,2026-06-11T23:18:08+0200,4e273271-2dd1-4145-994c-b9bfe17baf4e,2026-05-19T00:30:00Z,2026-05-19T02:30:00+0200,1263.05005,MW,FR,FR,forecast_offshore_wind_generation,Wind Offshore,2026-06-11T21:19:02Z
2026-06-11T21:18:08Z,2026-06-11T23:18:08+0200,4e273271-2dd1-4145-994c-b9bfe17baf4e,2026-05-19T00:45:00Z,2026-05-19T02:45:00+0200,1272.02991,MW,FR,FR,forecast_offshore_wind_generation,Wind Offshore,2026-06-11T21:19:02Z
2026-06-11T21:18:08Z,2026-06-11T23:18:08+0200,4e273271-2dd1-4145-994c-b9bfe17baf4e,2026-05-19T01:00:00Z,2026-05-19T03:00:00+0200,1281.04004,MW,FR,FR,forecast_offshore_wind_generation,Wind Offshore,2026-06-11T21:19:02Z
2026-06-11T21:18:08Z,2026-06-11T23:18:08+0200,4e273271-2dd1-4145-994c-b9bfe17baf4e,2026-05-19T01:15:00Z,2026-05-19T03:15:00+0200,1322.20007,MW,FR,FR,forecast_offshore_wind_generation,Wind Offshore,2026-06-11T21:19:02Z
2026-06-11T21:18:08Z,2026-06-11T23:18:08+0200,4e273271-2dd1-4145-994c-b9bfe17baf4e,2026-05-19T01:30:00Z,2026-05-19T03:30:00+0200,1363.35999,MW,FR,FR,forecast_offshore_wind_generation,Wind Offshore,2026-06-11T21:19:02Z
2026-06-11T21:18:08Z,2026-06-11T23:18:08+0200,4e273271-2dd1-4145-994c-b9bfe17baf4e,2026-05-19T01:45:00Z,2026-05-19T03:45:00+0200,1404.53003,MW,FR,FR,forecast_offshore_wind_generation,Wind Offshore,2026-06-11T21:19:02Z
2026-06-11T21:18:08Z,2026-06-11T23:18:08+0200,4e273271-2dd1-4145-994c-b9bfe17baf4e,2026-05-19T02:00:00Z,2026-05-19T04:00:00+0200,1445.69995,MW,FR,FR,forecast_offshore_wind_generation,Wind Offshore,2026-06-11T21:19:02Z
2026-06-11T21:18:08Z,2026-06-11T23:18:08+0200,4e273271-2dd1-4145-994c-b9bfe17baf4e,2026-05-19T02:15:00Z,2026-05-19T04:15:00+0200,1464.92004,MW,FR,FR,forecast_offshore_wind_generation,Wind Offshore,2026-06-11T21:19:02Z
2026-06-11T21:18:08Z,2026-06-11T23:18:08+0200,4e273271-2dd1-4145-994c-b9bfe17baf4e,2026-05-19T02:30:00Z,2026-05-19T04:30:00+0200,1484.13,MW,FR,FR,forecast_offshore_wind_generation,Wind Offshore,2026-06-11T21:19:02Z
2026-06-11T21:18:08Z,2026-06-11T23:18:08+0200,4e273271-2dd1-4145-994c-b9bfe17baf4e,2026-05-19T02:45:00Z,2026-05-19T04:45:00+0200,1503.33997,MW,FR,FR,forecast_offshore_wind_generation,Wind Offshore,2026-06-11T21:19:02Z
2026-06-11T21:18:08Z,2026-06-11T23:18:08+0200,4e273271-2dd1-4145-994c-b9bfe17baf4e,2026-05-19T03:00:00Z,2026-05-19T05:00:00+0200,1522.53003,MW,FR,FR,forecast_offshore_wind_generation,Wind Offshore,2026-06-11T21:19:02Z
2026-06-11T21:18:08Z,2026-06-11T23:18:08+0200,4e273271-2dd1-4145-994c-b9bfe17baf4e,2026-05-19T03:15:00Z,2026-05-19T05:15:00+0200,1512.55994,MW,FR,FR,forecast_offshore_wind_generation,Wind Offshore,2026-06-11T21:19:02Z
2026-06-11T21:18:08Z,2026-06-11T23:18:08+0200,4e273271-2dd1-4145-994c-b9bfe17baf4e,2026-05-19T03:30:00Z,2026-05-19T05:30:00+0200,1502.57007,MW,FR,FR,forecast_offshore_wind_generation,Wind Offshore,2026-06-11T21:19:02Z
2026-06-11T21:18:08Z,2026-06-11T23:18:08+0200,4e273271-2dd1-4145-994c-b9bfe17baf4e,2026-05-19T03:45:00Z,2026-05-19T05:45:00+0200,1492.51001,MW,FR,FR,forecast_offshore_wind_generation,Wind Offshore,2026-06-11T21:19:02Z
2026-06-11T21:18:08Z,2026-06-11T23:18:08+0200,4e273271-2dd1-4145-994c-b9bfe17baf4e,2026-05-19T04:00:00Z,2026-05-19T06:00:00+0200,1482.42993,MW,FR,FR,forecast_offshore_wind_generation,Wind Offshore,2026-06-11T21:19:02Z
2026-06-11T21:18:08Z,2026-06-11T23:18:08+0200,4e273271-2dd1-4145-994c-b9bfe17baf4e,2026-05-19T04:15:00Z,2026-05-19T06:15:00+0200,1501.42993,MW,FR,FR,forecast_offshore_wind_generation,Wind Offshore,2026-06-11T21:19:02Z
2026-06-11T21:18:08Z,2026-06-11T23:18:08+0200,4e273271-2dd1-4145-994c-b9bfe17baf4e,2026-05-19T04:30:00Z,2026-05-19T06:30:00+0200,1520.43005,MW,FR,FR,forecast_offshore_wind_generation,Wind Offshore,2026-06-11T21:19:02Z
2026-06-11T21:18:08Z,2026-06-11T23:18:08+0200,4e273271-2dd1-4145-994c-b9bfe17baf4e,2026-05-19T04:45:00Z,2026-05-19T06:45:00+0200,1539.3501,MW,FR,FR,forecast_offshore_wind_generation,Wind Offshore,2026-06-11T21:19:02Z
2026-06-11T21:18:08Z,2026-06-11T23:18:08+0200,4e273271-2dd1-4145-994c-b9bfe17baf4e,2026-05-19T05:00:00Z,2026-05-19T07:00:00+0200,1558.25,MW,FR,FR,forecast_offshore_wind_generation,Wind Offshore,2026-06-11T21:19:02Z
2026-06-11T21:18:08Z,2026-06-11T23:18:08+0200,4e273271-2dd1-4145-994c-b9bfe17baf4e,2026-05-19T05:15:00Z,2026-05-19T07:15:00+0200,1550.10999,MW,FR,FR,forecast_offshore_wind_generation,Wind Offshore,2026-06-11T21:19:02Z
2026-06-11T21:18:08Z,2026-06-11T23:18:08+0200,4e273271-2dd1-4145-994c-b9bfe17baf4e,2026-05-19T05:30:00Z,2026-05-19T07:30:00+0200,1541.95996,MW,FR,FR,forecast_offshore_wind_generation,Wind Offshore,2026-06-11T21:19:02Z
2026-06-11T21:18:08Z,2026-06-11T23:18:08+0200,4e273271-2dd1-4145-994c-b9bfe17baf4e,2026-05-19T05:45:00Z,2026-05-19T07:45:00+0200,1533.71997,MW,FR,FR,forecast_offshore_wind_generation,Wind Offshore,2026-06-11T21:19:02Z
2026-06-11T21:18:08Z,2026-06-11T23:18:08+0200,4e273271-2dd1-4145-994c-b9bfe17baf4e,2026-05-19T06:00:00Z,2026-05-19T08:00:00+0200,1525.47998,MW,FR,FR,forecast_offshore_wind_generation,Wind Offshore,2026-06-11T21:19:02Z
2026-06-11T21:18:08Z,2026-06-11T23:18:08+0200,4e273271-2dd1-4145-994c-b9bfe17baf4e,2026-05-19T06:15:00Z,2026-05-19T08:15:00+0200,1525.90002,MW,FR,FR,forecast_offshore_wind_generation,Wind Offshore,2026-06-11T21:19:02Z
2026-06-11T21:18:08Z,2026-06-11T23:18:08+0200,4e273271-2dd1-4145-994c-b9bfe17baf4e,2026-05-19T06:30:00Z,2026-05-19T08:30:00+0200,1526.32007,MW,FR,FR,forecast_offshore_wind_generation,Wind Offshore,2026-06-11T21:19:02Z
2026-06-11T21:18:08Z,2026-06-11T23:18:08+0200,4e273271-2dd1-4145-994c-b9bfe17baf4e,2026-05-19T06:45:00Z,2026-05-19T08:45:00+0200,1526.65991,MW,FR,FR,forecast_offshore_wind_generation,Wind Offshore,2026-06-11T21:19:02Z
2026-06-11T21:18:08Z,2026-06-11T23:18:08+0200,4e273271-2dd1-4145-994c-b9bfe17baf4e,2026-05-19T07:00:00Z,2026-05-19T09:00:00+0200,1527.03003,MW,FR,FR,forecast_offshore_wind_generation,Wind Offshore,2026-06-11T21:19:02Z
2026-06-11T21:18:08Z,2026-06-11T23:18:08+0200,4e273271-2dd1-4145-994c-b9bfe17baf4e,2026-05-19T07:15:00Z,2026-05-19T09:15:00+0200,1501.42993,MW,FR,FR,forecast_offshore_wind_generation,Wind Offshore,2026-06-11T21:19:02Z
2026-06-11T21:18:08Z,2026-06-11T23:18:08+0200,4e273271-2dd1-4145-994c-b9bfe17baf4e,2026-05-19T07:30:00Z,2026-05-19T09:30:00+0200,1475.81006,MW,FR,FR,forecast_offshore_wind_generation,Wind Offshore,2026-06-11T21:19:02Z
2026-06-11T21:18:08Z,2026-06-11T23:18:08+0200,4e273271-2dd1-4145-994c-b9bfe17baf4e,2026-05-19T07:45:00Z,2026-05-19T09:45:00+0200,1450.17993,MW,FR,FR,forecast_offshore_wind_generation,Wind Offshore,2026-06-11T21:19:02Z
2026-06-11T21:18:08Z,2026-06-11T23:18:08+0200,4e273271-2dd1-4145-994c-b9bfe17baf4e,2026-05-19T08:00:00Z,2026-05-19T10:00:00+0200,1424.56995,MW,FR,FR,forecast_offshore_wind_generation,Wind Offshore,2026-06-11T21:19:02Z
2026-06-11T21:18:08Z,2026-06-11T23:18:08+0200,4e273271-2dd1-4145-994c-b9bfe17baf4e,2026-05-19T08:15:00Z,2026-05-19T10:15:00+0200,1408.8999,MW,FR,FR,forecast_offshore_wind_generation,Wind Offshore,2026-06-11T21:19:02Z
2026-06-11T21:18:08Z,2026-06-11T23:18:08+0200,4e273271-2dd1-4145-994c-b9bfe17baf4e,2026-05-19T08:30:00Z,2026-05-19T10:30:00+0200,1393.23999,MW,FR,FR,forecast_offshore_wind_generation,Wind Offshore,2026-06-11T21:19:02Z
2026-06-11T21:18:08Z,2026-06-11T23:18:08+0200,4e273271-2dd1-4145-994c-b9bfe17baf4e,2026-05-19T08:45:00Z,2026-05-19T10:45:00+0200,1377.56006,MW,FR,FR,forecast_offshore_wind_generation,Wind Offshore,2026-06-11T21:19:02Z
2026-06-11T21:18:08Z,2026-06-11T23:18:08+0200,4e273271-2dd1-4145-994c-b9bfe17baf4e,2026-05-19T09:00:00Z,2026-05-19T11:00:00+0200,1361.89001,MW,FR,FR,forecast_offshore_wind_generation,Wind Offshore,2026-06-11T21:19:02Z
2026-06-11T21:18:08Z,2026-06-11T23:18:08+0200,4e273271-2dd1-4145-994c-b9bfe17baf4e,2026-05-19T09:15:00Z,2026-05-19T11:15:00+0200,1349.97998,MW,FR,FR,forecast_offshore_wind_generation,Wind Offshore,2026-06-11T21:19:02Z
2026-06-11T21:18:08Z,2026-06-11T23:18:08+0200,4e273271-2dd1-4145-994c-b9bfe17baf4e,2026-05-19T09:30:00Z,2026-05-19T11:30:00+0200,1338.05994,MW,FR,FR,forecast_offshore_wind_generation,Wind Offshore,2026-06-11T21:19:02Z
2026-06-11T21:18:08Z,2026-06-11T23:18:08+0200,4e273271-2dd1-4145-994c-b9bfe17baf4e,2026-05-19T09:45:00Z,2026-05-19T11:45:00+0200,1326.13989,MW,FR,FR,forecast_offshore_wind_generation,Wind Offshore,2026-06-11T21:19:02Z
2026-06-11T21:18:08Z,2026-06-11T23:18:08+0200,4e273271-2dd1-4145-994c-b9bfe17baf4e,2026-05-19T10:00:00Z,2026-05-19T12:00:00+0200,1314.20996,MW,FR,FR,forecast_offshore_wind_generation,Wind Offshore,2026-06-11T21:19:02Z
2026-06-11T21:18:08Z,2026-06-11T23:18:08+0200,4e273271-2dd1-4145-994c-b9bfe17baf4e,2026-05-19T10:15:00Z,2026-05-19T12:15:00+0200,1299.66992,MW,FR,FR,forecast_offshore_wind_generation,Wind Offshore,2026-06-11T21:19:02Z
2026-06-11T21:18:08Z,2026-06-11T23:18:08+0200,4e273271-2dd1-4145-994c-b9bfe17baf4e,2026-05-19T10:30:00Z,2026-05-19T12:30:00+0200,1285.12,MW,FR,FR,forecast_offshore_wind_generation,Wind Offshore,2026-06-11T21:19:02Z
2026-06-11T21:18:08Z,2026-06-11T23:18:08+0200,4e273271-2dd1-4145-994c-b9bfe17baf4e,2026-05-19T10:45:00Z,2026-05-19T12:45:00+0200,1270.57996,MW,FR,FR,forecast_offshore_wind_generation,Wind Offshore,2026-06-11T21:19:02Z
2026-06-11T21:18:08Z,2026-06-11T23:18:08+0200,4e273271-2dd1-4145-994c-b9bfe17baf4e,2026-05-19T11:00:00Z,2026-05-19T13:00:00+0200,1256.13,MW,FR,FR,forecast_offshore_wind_generation,Wind Offshore,2026-06-11T21:19:02Z
2026-06-11T21:18:08Z,2026-06-11T23:18:08+0200,4e273271-2dd1-4145-994c-b9bfe17baf4e,2026-05-19T11:15:00Z,2026-05-19T13:15:00+0200,1247.83008,MW,FR,FR,forecast_offshore_wind_generation,Wind Offshore,2026-06-11T21:19:02Z
2026-06-11T21:18:08Z,2026-06-11T23:18:08+0200,4e273271-2dd1-4145-994c-b9bfe17baf4e,2026-05-19T11:30:00Z,2026-05-19T13:30:00+0200,1239.54004,MW,FR,FR,forecast_offshore_wind_generation,Wind Offshore,2026-06-11T21:19:02Z
2026-06-11T21:18:08Z,2026-06-11T23:18:08+0200,4e273271-2dd1-4145-994c-b9bfe17baf4e,2026-05-19T11:45:00Z,2026-05-19T13:45:00+0200,1231.22998,MW,FR,FR,forecast_offshore_wind_generation,Wind Offshore,2026-06-11T21:19:02Z
2026-06-11T21:18:08Z,2026-06-11T23:18:08+0200,4e273271-2dd1-4145-994c-b9bfe17baf4e,2026-05-19T12:00:00Z,2026-05-19T14:00:00+0200,1222.91003,MW,FR,FR,forecast_offshore_wind_generation,Wind Offshore,2026-06-11T21:19:02Z
2026-06-11T21:18:08Z,2026-06-11T23:18:08+0200,4e273271-2dd1-4145-994c-b9bfe17baf4e,2026-05-19T12:15:00Z,2026-05-19T14:15:00+0200,1204.67004,MW,FR,FR,forecast_offshore_wind_generation,Wind Offshore,2026-06-11T21:19:02Z
2026-06-11T21:18:08Z,2026-06-11T23:18:08+0200,4e273271-2dd1-4145-994c-b9bfe17baf4e,2026-05-19T12:30:00Z,2026-05-19T14:30:00+0200,1186.45007,MW,FR,FR,forecast_offshore_wind_generation,Wind Offshore,2026-06-11T21:19:02Z
2026-06-11T21:18:08Z,2026-06-11T23:18:08+0200,4e273271-2dd1-4145-994c-b9bfe17baf4e,2026-05-19T12:45:00Z,2026-05-19T14:45:00+0200,1168.20996,MW,FR,FR,forecast_offshore_wind_generation,Wind Offshore,2026-06-11T21:19:02Z
2026-06-11T21:18:08Z,2026-06-11T23:18:08+0200,4e273271-2dd1-4145-994c-b9bfe17baf4e,2026-05-19T13:00:00Z,2026-05-19T15:00:00+0200,1149.97998,MW,FR,FR,forecast_offshore_wind_generation,Wind Offshore,2026-06-11T21:19:02Z
2026-06-11T21:18:08Z,2026-06-11T23:18:08+0200,4e273271-2dd1-4145-994c-b9bfe17baf4e,2026-05-19T13:15:00Z,2026-05-19T15:15:00+0200,1164.27991,MW,FR,FR,forecast_offshore_wind_generation,Wind Offshore,2026-06-11T21:19:02Z
2026-06-11T21:18:08Z,2026-06-11T23:18:08+0200,4e273271-2dd1-4145-994c-b9bfe17baf4e,2026-05-19T13:30:00Z,2026-05-19T15:30:00+0200,1178.58997,MW,FR,FR,forecast_offshore_wind_generation,Wind Offshore,2026-06-11T21:19:02Z
2026-06-11T21:18:08Z,2026-06-11T23:18:08+0200,4e273271-2dd1-4145-994c-b9bfe17baf4e,2026-05-19T13:45:00Z,2026-05-19T15:45:00+0200,1192.94006,MW,FR,FR,forecast_offshore_wind_generation,Wind Offshore,2026-06-11T21:19:02Z
2026-06-11T21:18:08Z,2026-06-11T23:18:08+0200,4e273271-2dd1-4145-994c-b9bfe17baf4e,2026-05-19T14:00:00Z,2026-05-19T16:00:00+0200,1207.29004,MW,FR,FR,forecast_offshore_wind_generation,Wind Offshore,2026-06-11T21:19:02Z
2026-06-11T21:18:08Z,2026-06-11T23:18:08+0200,4e273271-2dd1-4145-994c-b9bfe17baf4e,2026-05-19T14:15:00Z,2026-05-19T16:15:00+0200,1220.91992,MW,FR,FR,forecast_offshore_wind_generation,Wind Offshore,2026-06-11T21:19:02Z
2026-06-11T21:18:08Z,2026-06-11T23:18:08+0200,4e273271-2dd1-4145-994c-b9bfe17baf4e,2026-05-19T14:30:00Z,2026-05-19T16:30:00+0200,1234.54004,MW,FR,FR,forecast_offshore_wind_generation,Wind Offshore,2026-06-11T21:19:02Z
2026-06-11T21:18:08Z,2026-06-11T23:18:08+0200,4e273271-2dd1-4145-994c-b9bfe17baf4e,2026-05-19T14:45:00Z,2026-05-19T16:45:00+0200,1248.22998,MW,FR,FR,forecast_offshore_wind_generation,Wind Offshore,2026-06-11T21:19:02Z
2026-06-11T21:18:08Z,2026-06-11T23:18:08+0200,4e273271-2dd1-4145-994c-b9bfe17baf4e,2026-05-19T15:00:00Z,2026-05-19T17:00:00+0200,1261.92993,MW,FR,FR,forecast_offshore_wind_generation,Wind Offshore,2026-06-11T21:19:02Z
2026-06-11T21:18:08Z,2026-06-11T23:18:08+0200,4e273271-2dd1-4145-994c-b9bfe17baf4e,2026-05-19T15:15:00Z,2026-05-19T17:15:00+0200,1252.62012,MW,FR,FR,forecast_offshore_wind_generation,Wind Offshore,2026-06-11T21:19:02Z
2026-06-11T21:18:08Z,2026-06-11T23:18:08+0200,4e273271-2dd1-4145-994c-b9bfe17baf4e,2026-05-19T15:30:00Z,2026-05-19T17:30:00+0200,1243.30994,MW,FR,FR,forecast_offshore_wind_generation,Wind Offshore,2026-06-11T21:19:02Z
2026-06-11T21:18:08Z,2026-06-11T23:18:08+0200,4e273271-2dd1-4145-994c-b9bfe17baf4e,2026-05-19T15:45:00Z,2026-05-19T17:45:00+0200,1234.06006,MW,FR,FR,forecast_offshore_wind_generation,Wind Offshore,2026-06-11T21:19:02Z
2026-06-11T21:18:08Z,2026-06-11T23:18:08+0200,4e273271-2dd1-4145-994c-b9bfe17baf4e,2026-05-19T16:00:00Z,2026-05-19T18:00:00+0200,1224.82996,MW,FR,FR,forecast_offshore_wind_generation,Wind Offshore,2026-06-11T21:19:02Z
2026-06-11T21:18:08Z,2026-06-11T23:18:08+0200,4e273271-2dd1-4145-994c-b9bfe17baf4e,2026-05-19T16:15:00Z,2026-05-19T18:15:00+0200,1220.57007,MW,FR,FR,forecast_offshore_wind_generation,Wind Offshore,2026-06-11T21:19:02Z
2026-06-11T21:18:08Z,2026-06-11T23:18:08+0200,4e273271-2dd1-4145-994c-b9bfe17baf4e,2026-05-19T16:30:00Z,2026-05-19T18:30:00+0200,1216.28992,MW,FR,FR,forecast_offshore_wind_generation,Wind Offshore,2026-06-11T21:19:02Z
2026-06-11T21:18:08Z,2026-06-11T23:18:08+0200,4e273271-2dd1-4145-994c-b9bfe17baf4e,2026-05-19T16:45:00Z,2026-05-19T18:45:00+0200,1212.08997,MW,FR,FR,forecast_offshore_wind_generation,Wind Offshore,2026-06-11T21:19:02Z
2026-06-11T21:18:08Z,2026-06-11T23:18:08+0200,4e273271-2dd1-4145-994c-b9bfe17baf4e,2026-05-19T17:00:00Z,2026-05-19T19:00:00+0200,1207.87,MW,FR,FR,forecast_offshore_wind_generation,Wind Offshore,2026-06-11T21:19:02Z
2026-06-11T21:18:08Z,2026-06-11T23:18:08+0200,4e273271-2dd1-4145-994c-b9bfe17baf4e,2026-05-19T17:15:00Z,2026-05-19T19:15:00+0200,1190.45007,MW,FR,FR,forecast_offshore_wind_generation,Wind Offshore,2026-06-11T21:19:02Z
2026-06-11T21:18:08Z,2026-06-11T23:18:08+0200,4e273271-2dd1-4145-994c-b9bfe17baf4e,2026-05-19T17:30:00Z,2026-05-19T19:30:00+0200,1173.00012,MW,FR,FR,forecast_offshore_wind_generation,Wind Offshore,2026-06-11T21:19:02Z
2026-06-11T21:18:08Z,2026-06-11T23:18:08+0200,4e273271-2dd1-4145-994c-b9bfe17baf4e,2026-05-19T17:45:00Z,2026-05-19T19:45:00+0200,1155.63989,MW,FR,FR,forecast_offshore_wind_generation,Wind Offshore,2026-06-11T21:19:02Z
2026-06-11T21:18:08Z,2026-06-11T23:18:08+0200,4e273271-2dd1-4145-994c-b9bfe17baf4e,2026-05-19T18:00:00Z,2026-05-19T20:00:00+0200,1138.28003,MW,FR,FR,forecast_offshore_wind_generation,Wind Offshore,2026-06-11T21:19:02Z
2026-06-11T21:18:08Z,2026-06-11T23:18:08+0200,4e273271-2dd1-4145-994c-b9bfe17baf4e,2026-05-19T18:15:00Z,2026-05-19T20:15:00+0200,1150.63989,MW,FR,FR,forecast_offshore_wind_generation,Wind Offshore,2026-06-11T21:19:02Z
2026-06-11T21:18:08Z,2026-06-11T23:18:08+0200,4e273271-2dd1-4145-994c-b9bfe17baf4e,2026-05-19T18:30:00Z,2026-05-19T20:30:00+0200,1163.0,MW,FR,FR,forecast_offshore_wind_generation,Wind Offshore,2026-06-11T21:19:02Z
2026-06-11T21:18:08Z,2026-06-11T23:18:08+0200,4e273271-2dd1-4145-994c-b9bfe17baf4e,2026-05-19T18:45:00Z,2026-05-19T20:45:00+0200,1175.32996,MW,FR,FR,forecast_offshore_wind_generation,Wind Offshore,2026-06-11T21:19:02Z
2026-06-11T21:18:08Z,2026-06-11T23:18:08+0200,4e273271-2dd1-4145-994c-b9bfe17baf4e,2026-05-19T19:00:00Z,2026-05-19T21:00:00+0200,1187.65002,MW,FR,FR,forecast_offshore_wind_generation,Wind Offshore,2026-06-11T21:19:02Z
2026-06-11T21:18:08Z,2026-06-11T23:18:08+0200,4e273271-2dd1-4145-994c-b9bfe17baf4e,2026-05-19T19:15:00Z,2026-05-19T21:15:00+0200,1177.72998,MW,FR,FR,forecast_offshore_wind_generation,Wind Offshore,2026-06-11T21:19:02Z
2026-06-11T21:18:08Z,2026-06-11T23:18:08+0200,4e273271-2dd1-4145-994c-b9bfe17baf4e,2026-05-19T19:30:00Z,2026-05-19T21:30:00+0200,1167.80005,MW,FR,FR,forecast_offshore_wind_generation,Wind Offshore,2026-06-11T21:19:02Z
2026-06-11T21:18:08Z,2026-06-11T23:18:08+0200,4e273271-2dd1-4145-994c-b9bfe17baf4e,2026-05-19T19:45:00Z,2026-05-19T21:45:00+0200,1157.82996,MW,FR,FR,forecast_offshore_wind_generation,Wind Offshore,2026-06-11T21:19:02Z
2026-06-11T21:18:08Z,2026-06-11T23:18:08+0200,4e273271-2dd1-4145-994c-b9bfe17baf4e,2026-05-19T20:00:00Z,2026-05-19T22:00:00+0200,1147.88,MW,FR,FR,forecast_offshore_wind_generation,Wind Offshore,2026-06-11T21:19:02Z
2026-06-11T21:18:08Z,2026-06-11T23:18:08+0200,4e273271-2dd1-4145-994c-b9bfe17baf4e,2026-05-19T20:15:00Z,2026-05-19T22:15:00+0200,1170.59009,MW,FR,FR,forecast_offshore_wind_generation,Wind Offshore,2026-06-11T21:19:02Z
2026-06-11T21:18:08Z,2026-06-11T23:18:08+0200,4e273271-2dd1-4145-994c-b9bfe17baf4e,2026-05-19T20:30:00Z,2026-05-19T22:30:00+0200,1193.29004,MW,FR,FR,forecast_offshore_wind_generation,Wind Offshore,2026-06-11T21:19:02Z
2026-06-11T21:18:08Z,2026-06-11T23:18:08+0200,4e273271-2dd1-4145-994c-b9bfe17baf4e,2026-05-19T20:45:00Z,2026-05-19T22:45:00+0200,1215.92993,MW,FR,FR,forecast_offshore_wind_generation,Wind Offshore,2026-06-11T21:19:02Z
2026-06-11T21:18:08Z,2026-06-11T23:18:08+0200,4e273271-2dd1-4145-994c-b9bfe17baf4e,2026-05-19T21:00:00Z,2026-05-19T23:00:00+0200,1238.55005,MW,FR,FR,forecast_offshore_wind_generation,Wind Offshore,2026-06-11T21:19:02Z
2026-06-11T21:18:08Z,2026-06-11T23:18:08+0200,4e273271-2dd1-4145-994c-b9bfe17baf4e,2026-05-19T21:15:00Z,2026-05-19T23:15:00+0200,1225.39001,MW,FR,FR,forecast_offshore_wind_generation,Wind Offshore,2026-06-11T21:19:02Z
2026-06-11T21:18:08Z,2026-06-11T23:18:08+0200,4e273271-2dd1-4145-994c-b9bfe17baf4e,2026-05-19T21:30:00Z,2026-05-19T23:30:00+0200,1212.21997,MW,FR,FR,forecast_offshore_wind_generation,Wind Offshore,2026-06-11T21:19:02Z
2026-06-11T21:18:08Z,2026-06-11T23:18:08+0200,4e273271-2dd1-4145-994c-b9bfe17baf4e,2026-05-19T21:45:00Z,2026-05-19T23:45:00+0200,1198.97998,MW,FR,FR,forecast_offshore_wind_generation,Wind Offshore,2026-06-11T21:19:02Z
2026-06-11T21:18:08Z,2026-06-11T23:18:08+0200,4e273271-2dd1-4145-994c-b9bfe17baf4e,2026-05-19T22:00:00Z,2026-05-20T00:00:00+0200,1142.19995,MW,FR,FR,forecast_offshore_wind_generation,Wind Offshore,2026-06-11T21:19:02Z
2026-06-11T21:18:08Z,2026-06-11T23:18:08+0200,4e273271-2dd1-4145-994c-b9bfe17baf4e,2026-05-19T22:15:00Z,2026-05-20T00:15:00+0200,1152.73999,MW,FR,FR,forecast_offshore_wind_generation,Wind Offshore,2026-06-11T21:19:02Z
2026-06-11T21:18:08Z,2026-06-11T23:18:08+0200,4e273271-2dd1-4145-994c-b9bfe17baf4e,2026-05-19T22:30:00Z,2026-05-20T00:30:00+0200,1163.28003,MW,FR,FR,forecast_offshore_wind_generation,Wind Offshore,2026-06-11T21:19:02Z
2026-06-11T21:18:08Z,2026-06-11T23:18:08+0200,4e273271-2dd1-4145-994c-b9bfe17baf4e,2026-05-19T22:45:00Z,2026-05-20T00:45:00+0200,1173.58997,MW,FR,FR,forecast_offshore_wind_generation,Wind Offshore,2026-06-11T21:19:02Z
2026-06-11T21:18:08Z,2026-06-11T23:18:08+0200,4e273271-2dd1-4145-994c-b9bfe17baf4e,2026-05-19T23:00:00Z,2026-05-20T01:00:00+0200,1183.88989,MW,FR,FR,forecast_offshore_wind_generation,Wind Offshore,2026-06-11T21:19:02Z
2026-06-11T21:18:08Z,2026-06-11T23:18:08+0200,4e273271-2dd1-4145-994c-b9bfe17baf4e,2026-05-19T23:15:00Z,2026-05-20T01:15:00+0200,1167.0,MW,FR,FR,forecast_offshore_wind_generation,Wind Offshore,2026-06-11T21:19:02Z
2026-06-11T21:18:08Z,2026-06-11T23:18:08+0200,4e273271-2dd1-4145-994c-b9bfe17baf4e,2026-05-19T23:30:00Z,2026-05-20T01:30:00+0200,1150.09009,MW,FR,FR,forecast_offshore_wind_generation,Wind Offshore,2026-06-11T21:19:02Z
2026-06-11T21:18:08Z,2026-06-11T23:18:08+0200,4e273271-2dd1-4145-994c-b9bfe17baf4e,2026-05-19T23:45:00Z,2026-05-20T01:45:00+0200,1133.20996,MW,FR,FR,forecast_offshore_wind_generation,Wind Offshore,2026-06-11T21:19:02Z
2026-06-11T21:18:08Z,2026-06-11T23:18:08+0200,4e273271-2dd1-4145-994c-b9bfe17baf4e,2026-05-20T00:00:00Z,2026-05-20T02:00:00+0200,1116.34998,MW,FR,FR,forecast_offshore_wind_generation,Wind Offshore,2026-06-11T21:19:02Z
2026-06-11T21:18:08Z,2026-06-11T23:18:08+0200,4e273271-2dd1-4145-994c-b9bfe17baf4e,2026-05-20T00:15:00Z,2026-05-20T02:15:00+0200,1122.09009,MW,FR,FR,forecast_offshore_wind_generation,Wind Offshore,2026-06-11T21:19:02Z
2026-06-11T21:18:08Z,2026-06-11T23:18:08+0200,4e273271-2dd1-4145-994c-b9bfe17baf4e,2026-05-20T00:30:00Z,2026-05-20T02:30:00+0200,1127.84998,MW,FR,FR,forecast_offshore_wind_generation,Wind Offshore,2026-06-11T21:19:02Z
2026-06-11T21:18:08Z,2026-06-11T23:18:08+0200,4e273271-2dd1-4145-994c-b9bfe17baf4e,2026-05-20T00:45:00Z,2026-05-20T02:45:00+0200,1133.63,MW,FR,FR,forecast_offshore_wind_generation,Wind Offshore,2026-06-11T21:19:02Z
2026-06-11T21:18:08Z,2026-06-11T23:18:08+0200,4e273271-2dd1-4145-994c-b9bfe17baf4e,2026-05-20T01:00:00Z,2026-05-20T03:00:00+0200,1139.40002,MW,FR,FR,forecast_offshore_wind_generation,Wind Offshore,2026-06-11T21:19:02Z
2026-06-11T21:18:08Z,2026-06-11T23:18:08+0200,4e273271-2dd1-4145-994c-b9bfe17baf4e,2026-05-20T01:15:00Z,2026-05-20T03:15:00+0200,1159.92004,MW,FR,FR,forecast_offshore_wind_generation,Wind Offshore,2026-06-11T21:19:02Z
2026-06-11T21:18:08Z,2026-06-11T23:18:08+0200,4e273271-2dd1-4145-994c-b9bfe17baf4e,2026-05-20T01:30:00Z,2026-05-20T03:30:00+0200,1180.42993,MW,FR,FR,forecast_offshore_wind_generation,Wind Offshore,2026-06-11T21:19:02Z
2026-06-11T21:18:08Z,2026-06-11T23:18:08+0200,4e273271-2dd1-4145-994c-b9bfe17baf4e,2026-05-20T01:45:00Z,2026-05-20T03:45:00+0200,1200.92993,MW,FR,FR,forecast_offshore_wind_generation,Wind Offshore,2026-06-11T21:19:02Z
2026-06-11T21:18:08Z,2026-06-11T23:18:08+0200,4e273271-2dd1-4145-994c-b9bfe17baf4e,2026-05-20T02:00:00Z,2026-05-20T04:00:00+0200,1221.41003,MW,FR,FR,forecast_offshore_wind_generation,Wind Offshore,2026-06-11T21:19:02Z
2026-06-11T21:18:08Z,2026-06-11T23:18:08+0200,4e273271-2dd1-4145-994c-b9bfe17baf4e,2026-05-20T02:15:00Z,2026-05-20T04:15:00+0200,1211.40002,MW,FR,FR,forecast_offshore_wind_generation,Wind Offshore,2026-06-11T21:19:02Z
2026-06-11T21:18:08Z,2026-06-11T23:18:08+0200,4e273271-2dd1-4145-994c-b9bfe17baf4e,2026-05-20T02:30:00Z,2026-05-20T04:30:00+0200,1201.39014,MW,FR,FR,forecast_offshore_wind_generation,Wind Offshore,2026-06-11T21:19:02Z
2026-06-11T21:18:08Z,2026-06-11T23:18:08+0200,4e273271-2dd1-4145-994c-b9bfe17baf4e,2026-05-20T02:45:00Z,2026-05-20T04:45:00+0200,1191.17993,MW,FR,FR,forecast_offshore_wind_generation,Wind Offshore,2026-06-11T21:19:02Z
2026-06-11T21:18:08Z,2026-06-11T23:18:08+0200,4e273271-2dd1-4145-994c-b9bfe17baf4e,2026-05-20T03:00:00Z,2026-05-20T05:00:00+0200,1180.96997,MW,FR,FR,forecast_offshore_wind_generation,Wind Offshore,2026-06-11T21:19:02Z
2026-06-11T21:18:08Z,2026-06-11T23:18:08+0200,4e273271-2dd1-4145-994c-b9bfe17baf4e,2026-05-20T03:15:00Z,2026-05-20T05:15:00+0200,1155.70007,MW,FR,FR,forecast_offshore_wind_generation,Wind Offshore,2026-06-11T21:19:02Z
2026-06-11T21:18:08Z,2026-06-11T23:18:08+0200,4e273271-2dd1-4145-994c-b9bfe17baf4e,2026-05-20T03:30:00Z,2026-05-20T05:30:00+0200,1130.43005,MW,FR,FR,forecast_offshore_wind_generation,Wind Offshore,2026-06-11T21:19:02Z
2026-06-11T21:18:08Z,2026-06-11T23:18:08+0200,4e273271-2dd1-4145-994c-b9bfe17baf4e,2026-05-20T03:45:00Z,2026-05-20T05:45:00+0200,1104.94995,MW,FR,FR,forecast_offshore_wind_generation,Wind Offshore,2026-06-11T21:19:02Z
2026-06-11T21:18:08Z,2026-06-11T23:18:08+0200,4e273271-2dd1-4145-994c-b9bfe17baf4e,2026-05-20T04:00:00Z,2026-05-20T06:00:00+0200,1079.46997,MW,FR,FR,forecast_offshore_wind_generation,Wind Offshore,2026-06-11T21:19:02Z
2026-06-11T21:18:08Z,2026-06-11T23:18:08+0200,4e273271-2dd1-4145-994c-b9bfe17baf4e,2026-05-20T04:15:00Z,2026-05-20T06:15:00+0200,1052.57996,MW,FR,FR,forecast_offshore_wind_generation,Wind Offshore,2026-06-11T21:19:02Z
2026-06-11T21:18:08Z,2026-06-11T23:18:08+0200,4e273271-2dd1-4145-994c-b9bfe17baf4e,2026-05-20T04:30:00Z,2026-05-20T06:30:00+0200,1025.66003,MW,FR,FR,forecast_offshore_wind_generation,Wind Offshore,2026-06-11T21:19:02Z
2026-06-11T21:18:08Z,2026-06-11T23:18:08+0200,4e273271-2dd1-4145-994c-b9bfe17baf4e,2026-05-20T04:45:00Z,2026-05-20T06:45:00+0200,998.57001,MW,FR,FR,forecast_offshore_wind_generation,Wind Offshore,2026-06-11T21:19:02Z
2026-06-11T21:18:08Z,2026-06-11T23:18:08+0200,4e273271-2dd1-4145-994c-b9bfe17baf4e,2026-05-20T05:00:00Z,2026-05-20T07:00:00+0200,971.48999,MW,FR,FR,forecast_offshore_wind_generation,Wind Offshore,2026-06-11T21:19:02Z
2026-06-11T21:18:08Z,2026-06-11T23:18:08+0200,4e273271-2dd1-4145-994c-b9bfe17baf4e,2026-05-20T05:15:00Z,2026-05-20T07:15:00+0200,960.02002,MW,FR,FR,forecast_offshore_wind_generation,Wind Offshore,2026-06-11T21:19:02Z
2026-06-11T21:18:08Z,2026-06-11T23:18:08+0200,4e273271-2dd1-4145-994c-b9bfe17baf4e,2026-05-20T05:30:00Z,2026-05-20T07:30:00+0200,948.54004,MW,FR,FR,forecast_offshore_wind_generation,Wind Offshore,2026-06-11T21:19:02Z
2026-06-11T21:18:08Z,2026-06-11T23:18:08+0200,4e273271-2dd1-4145-994c-b9bfe17baf4e,2026-05-20T05:45:00Z,2026-05-20T07:45:00+0200,936.95001,MW,FR,FR,forecast_offshore_wind_generation,Wind Offshore,2026-06-11T21:19:02Z
2026-06-11T21:18:08Z,2026-06-11T23:18:08+0200,4e273271-2dd1-4145-994c-b9bfe17baf4e,2026-05-20T06:00:00Z,2026-05-20T08:00:00+0200,925.35999,MW,FR,FR,forecast_offshore_wind_generation,Wind Offshore,2026-06-11T21:19:02Z
2026-06-11T21:18:08Z,2026-06-11T23:18:08+0200,4e273271-2dd1-4145-994c-b9bfe17baf4e,2026-05-20T06:15:00Z,2026-05-20T08:15:00+0200,899.26996,MW,FR,FR,forecast_offshore_wind_generation,Wind Offshore,2026-06-11T21:19:02Z
2026-06-11T21:18:08Z,2026-06-11T23:18:08+0200,4e273271-2dd1-4145-994c-b9bfe17baf4e,2026-05-20T06:30:00Z,2026-05-20T08:30:00+0200,873.16003,MW,FR,FR,forecast_offshore_wind_generation,Wind Offshore,2026-06-11T21:19:02Z
2026-06-11T21:18:08Z,2026-06-11T23:18:08+0200,4e273271-2dd1-4145-994c-b9bfe17baf4e,2026-05-20T06:45:00Z,2026-05-20T08:45:00+0200,846.99005,MW,FR,FR,forecast_offshore_wind_generation,Wind Offshore,2026-06-11T21:19:02Z
2026-06-11T21:18:08Z,2026-06-11T23:18:08+0200,4e273271-2dd1-4145-994c-b9bfe17baf4e,2026-05-20T07:00:00Z,2026-05-20T09:00:00+0200,820.84998,MW,FR,FR,forecast_offshore_wind_generation,Wind Offshore,2026-06-11T21:19:02Z
2026-06-11T21:18:08Z,2026-06-11T23:18:08+0200,4e273271-2dd1-4145-994c-b9bfe17baf4e,2026-05-20T07:15:00Z,2026-05-20T09:15:00+0200,794.0,MW,FR,FR,forecast_offshore_wind_generation,Wind Offshore,2026-06-11T21:19:02Z
2026-06-11T21:18:08Z,2026-06-11T23:18:08+0200,4e273271-2dd1-4145-994c-b9bfe17baf4e,2026-05-20T07:30:00Z,2026-05-20T09:30:00+0200,767.17004,MW,FR,FR,forecast_offshore_wind_generation,Wind Offshore,2026-06-11T21:19:02Z
2026-06-11T21:18:08Z,2026-06-11T23:18:08+0200,4e273271-2dd1-4145-994c-b9bfe17baf4e,2026-05-20T07:45:00Z,2026-05-20T09:45:00+0200,740.26996,MW,FR,FR,forecast_offshore_wind_generation,Wind Offshore,2026-06-11T21:19:02Z
2026-06-11T21:18:08Z,2026-06-11T23:18:08+0200,4e273271-2dd1-4145-994c-b9bfe17baf4e,2026-05-20T08:00:00Z,2026-05-20T10:00:00+0200,713.38,MW,FR,FR,forecast_offshore_wind_generation,Wind Offshore,2026-06-11T21:19:02Z
2026-06-11T21:18:08Z,2026-06-11T23:18:08+0200,4e273271-2dd1-4145-994c-b9bfe17baf4e,2026-05-20T08:15:00Z,2026-05-20T10:15:00+0200,672.64001,MW,FR,FR,forecast_offshore_wind_generation,Wind Offshore,2026-06-11T21:19:02Z
2026-06-11T21:18:08Z,2026-06-11T23:18:08+0200,4e273271-2dd1-4145-994c-b9bfe17baf4e,2026-05-20T08:30:00Z,2026-05-20T10:30:00+0200,631.89001,MW,FR,FR,forecast_offshore_wind_generation,Wind Offshore,2026-06-11T21:19:02Z
2026-06-11T21:18:08Z,2026-06-11T23:18:08+0200,4e273271-2dd1-4145-994c-b9bfe17baf4e,2026-05-20T08:45:00Z,2026-05-20T10:45:00+0200,591.13,MW,FR,FR,forecast_offshore_wind_generation,Wind Offshore,2026-06-11T21:19:02Z
2026-06-11T21:18:08Z,2026-06-11T23:18:08+0200,4e273271-2dd1-4145-994c-b9bfe17baf4e,2026-05-20T09:00:00Z,2026-05-20T11:00:00+0200,550.38,MW,FR,FR,forecast_offshore_wind_generation,Wind Offshore,2026-06-11T21:19:02Z
2026-06-11T21:18:08Z,2026-06-11T23:18:08+0200,4e273271-2dd1-4145-994c-b9bfe17baf4e,2026-05-20T09:15:00Z,2026-05-20T11:15:00+0200,528.22998,MW,FR,FR,forecast_offshore_wind_generation,Wind Offshore,2026-06-11T21:19:02Z
2026-06-11T21:18:08Z,2026-06-11T23:18:08+0200,4e273271-2dd1-4145-994c-b9bfe17baf4e,2026-05-20T09:30:00Z,2026-05-20T11:30:00+0200,506.09,MW,FR,FR,forecast_offshore_wind_generation,Wind Offshore,2026-06-11T21:19:02Z
2026-06-11T21:18:08Z,2026-06-11T23:18:08+0200,4e273271-2dd1-4145-994c-b9bfe17baf4e,2026-05-20T09:45:00Z,2026-05-20T11:45:00+0200,483.95001,MW,FR,FR,forecast_offshore_wind_generation,Wind Offshore,2026-06-11T21:19:02Z
2026-06-11T21:18:08Z,2026-06-11T23:18:08+0200,4e273271-2dd1-4145-994c-b9bfe17baf4e,2026-05-20T10:00:00Z,2026-05-20T12:00:00+0200,461.80002,MW,FR,FR,forecast_offshore_wind_generation,Wind Offshore,2026-06-11T21:19:02Z
2026-06-11T21:18:08Z,2026-06-11T23:18:08+0200,4e273271-2dd1-4145-994c-b9bfe17baf4e,2026-05-20T10:15:00Z,2026-05-20T12:15:00+0200,459.57001,MW,FR,FR,forecast_offshore_wind_generation,Wind Offshore,2026-06-11T21:19:02Z
2026-06-11T21:18:08Z,2026-06-11T23:18:08+0200,4e273271-2dd1-4145-994c-b9bfe17baf4e,2026-05-20T10:30:00Z,2026-05-20T12:30:00+0200,457.34003,MW,FR,FR,forecast_offshore_wind_generation,Wind Offshore,2026-06-11T21:19:02Z
2026-06-11T21:18:08Z,2026-06-11T23:18:08+0200,4e273271-2dd1-4145-994c-b9bfe17baf4e,2026-05-20T10:45:00Z,2026-05-20T12:45:00+0200,455.04999,MW,FR,FR,forecast_offshore_wind_generation,Wind Offshore,2026-06-11T21:19:02Z
2026-06-11T21:18:08Z,2026-06-11T23:18:08+0200,4e273271-2dd1-4145-994c-b9bfe17baf4e,2026-05-20T11:00:00Z,2026-05-20T13:00:00+0200,452.78,MW,FR,FR,forecast_offshore_wind_generation,Wind Offshore,2026-06-11T21:19:02Z
2026-06-11T21:18:08Z,2026-06-11T23:18:08+0200,4e273271-2dd1-4145-994c-b9bfe17baf4e,2026-05-20T11:15:00Z,2026-05-20T13:15:00+0200,434.23001,MW,FR,FR,forecast_offshore_wind_generation,Wind Offshore,2026-06-11T21:19:02Z
2026-06-11T21:18:08Z,2026-06-11T23:18:08+0200,4e273271-2dd1-4145-994c-b9bfe17baf4e,2026-05-20T11:30:00Z,2026-05-20T13:30:00+0200,415.67001,MW,FR,FR,forecast_offshore_wind_generation,Wind Offshore,2026-06-11T21:19:02Z
2026-06-11T21:18:08Z,2026-06-11T23:18:08+0200,4e273271-2dd1-4145-994c-b9bfe17baf4e,2026-05-20T11:45:00Z,2026-05-20T13:45:00+0200,397.12997,MW,FR,FR,forecast_offshore_wind_generation,Wind Offshore,2026-06-11T21:19:02Z
2026-06-11T21:18:08Z,2026-06-11T23:18:08+0200,4e273271-2dd1-4145-994c-b9bfe17baf4e,2026-05-20T12:00:00Z,2026-05-20T14:00:00+0200,379.01004,MW,FR,FR,forecast_offshore_wind_generation,Wind Offshore,2026-06-11T21:19:02Z
2026-06-11T21:18:08Z,2026-06-11T23:18:08+0200,4e273271-2dd1-4145-994c-b9bfe17baf4e,2026-05-20T12:15:00Z,2026-05-20T14:15:00+0200,407.65002,MW,FR,FR,forecast_offshore_wind_generation,Wind Offshore,2026-06-11T21:19:02Z
2026-06-11T21:18:08Z,2026-06-11T23:18:08+0200,4e273271-2dd1-4145-994c-b9bfe17baf4e,2026-05-20T12:30:00Z,2026-05-20T14:30:00+0200,436.67999,MW,FR,FR,forecast_offshore_wind_generation,Wind Offshore,2026-06-11T21:19:02Z
2026-06-11T21:18:08Z,2026-06-11T23:18:08+0200,4e273271-2dd1-4145-994c-b9bfe17baf4e,2026-05-20T12:45:00Z,2026-05-20T14:45:00+0200,465.85999,MW,FR,FR,forecast_offshore_wind_generation,Wind Offshore,2026-06-11T21:19:02Z
2026-06-11T21:18:08Z,2026-06-11T23:18:08+0200,4e273271-2dd1-4145-994c-b9bfe17baf4e,2026-05-20T13:00:00Z,2026-05-20T15:00:00+0200,495.01996,MW,FR,FR,forecast_offshore_wind_generation,Wind Offshore,2026-06-11T21:19:02Z
2026-06-11T21:18:08Z,2026-06-11T23:18:08+0200,4e273271-2dd1-4145-994c-b9bfe17baf4e,2026-05-20T13:15:00Z,2026-05-20T15:15:00+0200,484.43002,MW,FR,FR,forecast_offshore_wind_generation,Wind Offshore,2026-06-11T21:19:02Z
2026-06-11T21:18:08Z,2026-06-11T23:18:08+0200,4e273271-2dd1-4145-994c-b9bfe17baf4e,2026-05-20T13:30:00Z,2026-05-20T15:30:00+0200,473.86002,MW,FR,FR,forecast_offshore_wind_generation,Wind Offshore,2026-06-11T21:19:02Z
2026-06-11T21:18:08Z,2026-06-11T23:18:08+0200,4e273271-2dd1-4145-994c-b9bfe17baf4e,2026-05-20T13:45:00Z,2026-05-20T15:45:00+0200,463.43002,MW,FR,FR,forecast_offshore_wind_generation,Wind Offshore,2026-06-11T21:19:02Z
2026-06-11T21:18:08Z,2026-06-11T23:18:08+0200,4e273271-2dd1-4145-994c-b9bfe17baf4e,2026-05-20T14:00:00Z,2026-05-20T16:00:00+0200,452.97998,MW,FR,FR,forecast_offshore_wind_generation,Wind Offshore,2026-06-11T21:19:02Z
2026-06-11T21:18:08Z,2026-06-11T23:18:08+0200,4e273271-2dd1-4145-994c-b9bfe17baf4e,2026-05-20T14:15:00Z,2026-05-20T16:15:00+0200,449.87,MW,FR,FR,forecast_offshore_wind_generation,Wind Offshore,2026-06-11T21:19:02Z
2026-06-11T21:18:08Z,2026-06-11T23:18:08+0200,4e273271-2dd1-4145-994c-b9bfe17baf4e,2026-05-20T14:30:00Z,2026-05-20T16:30:00+0200,446.75998,MW,FR,FR,forecast_offshore_wind_generation,Wind Offshore,2026-06-11T21:19:02Z
2026-06-11T21:18:08Z,2026-06-11T23:18:08+0200,4e273271-2dd1-4145-994c-b9bfe17baf4e,2026-05-20T14:45:00Z,2026-05-20T16:45:00+0200,443.81,MW,FR,FR,forecast_offshore_wind_generation,Wind Offshore,2026-06-11T21:19:02Z
2026-06-11T21:18:08Z,2026-06-11T23:18:08+0200,4e273271-2dd1-4145-994c-b9bfe17baf4e,2026-05-20T15:00:00Z,2026-05-20T17:00:00+0200,440.82999,MW,FR,FR,forecast_offshore_wind_generation,Wind Offshore,2026-06-11T21:19:02Z
2026-06-11T21:18:08Z,2026-06-11T23:18:08+0200,4e273271-2dd1-4145-994c-b9bfe17baf4e,2026-05-20T15:15:00Z,2026-05-20T17:15:00+0200,416.84998,MW,FR,FR,forecast_offshore_wind_generation,Wind Offshore,2026-06-11T21:19:02Z
2026-06-11T21:18:08Z,2026-06-11T23:18:08+0200,4e273271-2dd1-4145-994c-b9bfe17baf4e,2026-05-20T15:30:00Z,2026-05-20T17:30:00+0200,392.88,MW,FR,FR,forecast_offshore_wind_generation,Wind Offshore,2026-06-11T21:19:02Z
2026-06-11T21:18:08Z,2026-06-11T23:18:08+0200,4e273271-2dd1-4145-994c-b9bfe17baf4e,2026-05-20T15:45:00Z,2026-05-20T17:45:00+0200,369.00998,MW,FR,FR,forecast_offshore_wind_generation,Wind Offshore,2026-06-11T21:19:02Z
2026-06-11T21:18:08Z,2026-06-11T23:18:08+0200,4e273271-2dd1-4145-994c-b9bfe17baf4e,2026-05-20T16:00:00Z,2026-05-20T18:00:00+0200,345.13998,MW,FR,FR,forecast_offshore_wind_generation,Wind Offshore,2026-06-11T21:19:02Z
2026-06-11T21:18:08Z,2026-06-11T23:18:08+0200,4e273271-2dd1-4145-994c-b9bfe17baf4e,2026-05-20T16:15:00Z,2026-05-20T18:15:00+0200,321.39999,MW,FR,FR,forecast_offshore_wind_generation,Wind Offshore,2026-06-11T21:19:02Z
2026-06-11T21:18:08Z,2026-06-11T23:18:08+0200,4e273271-2dd1-4145-994c-b9bfe17baf4e,2026-05-20T16:30:00Z,2026-05-20T18:30:00+0200,297.70001,MW,FR,FR,forecast_offshore_wind_generation,Wind Offshore,2026-06-11T21:19:02Z
2026-06-11T21:18:08Z,2026-06-11T23:18:08+0200,4e273271-2dd1-4145-994c-b9bfe17baf4e,2026-05-20T16:45:00Z,2026-05-20T18:45:00+0200,274.10999,MW,FR,FR,forecast_offshore_wind_generation,Wind Offshore,2026-06-11T21:19:02Z
2026-06-11T21:18:08Z,2026-06-11T23:18:08+0200,4e273271-2dd1-4145-994c-b9bfe17baf4e,2026-05-20T17:00:00Z,2026-05-20T19:00:00+0200,250.52,MW,FR,FR,forecast_offshore_wind_generation,Wind Offshore,2026-06-11T21:19:02Z
2026-06-11T21:18:08Z,2026-06-11T23:18:08+0200,4e273271-2dd1-4145-994c-b9bfe17baf4e,2026-05-20T17:15:00Z,2026-05-20T19:15:00+0200,233.22,MW,FR,FR,forecast_offshore_wind_generation,Wind Offshore,2026-06-11T21:19:02Z
2026-06-11T21:18:08Z,2026-06-11T23:18:08+0200,4e273271-2dd1-4145-994c-b9bfe17baf4e,2026-05-20T17:30:00Z,2026-05-20T19:30:00+0200,215.92,MW,FR,FR,forecast_offshore_wind_generation,Wind Offshore,2026-06-11T21:19:02Z
2026-06-11T21:18:08Z,2026-06-11T23:18:08+0200,4e273271-2dd1-4145-994c-b9bfe17baf4e,2026-05-20T17:45:00Z,2026-05-20T19:45:00+0200,200.39999,MW,FR,FR,forecast_offshore_wind_generation,Wind Offshore,2026-06-11T21:19:02Z
2026-06-11T21:18:08Z,2026-06-11T23:18:08+0200,4e273271-2dd1-4145-994c-b9bfe17baf4e,2026-05-20T18:00:00Z,2026-05-20T20:00:00+0200,185.82999,MW,FR,FR,forecast_offshore_wind_generation,Wind Offshore,2026-06-11T21:19:02Z
2026-06-11T21:18:08Z,2026-06-11T23:18:08+0200,4e273271-2dd1-4145-994c-b9bfe17baf4e,2026-05-20T18:15:00Z,2026-05-20T20:15:00+0200,177.94,MW,FR,FR,forecast_offshore_wind_generation,Wind Offshore,2026-06-11T21:19:02Z
2026-06-11T21:18:08Z,2026-06-11T23:18:08+0200,4e273271-2dd1-4145-994c-b9bfe17baf4e,2026-05-20T18:30:00Z,2026-05-20T20:30:00+0200,170.59,MW,FR,FR,forecast_offshore_wind_generation,Wind Offshore,2026-06-11T21:19:02Z
2026-06-11T21:18:08Z,2026-06-11T23:18:08+0200,4e273271-2dd1-4145-994c-b9bfe17baf4e,2026-05-20T18:45:00Z,2026-05-20T20:45:00+0200,163.39999,MW,FR,FR,forecast_offshore_wind_generation,Wind Offshore,2026-06-11T21:19:02Z
2026-06-11T21:18:08Z,2026-06-11T23:18:08+0200,4e273271-2dd1-4145-994c-b9bfe17baf4e,2026-05-20T19:00:00Z,2026-05-20T21:00:00+0200,156.23,MW,FR,FR,forecast_offshore_wind_generation,Wind Offshore,2026-06-11T21:19:02Z
2026-06-11T21:18:08Z,2026-06-11T23:18:08+0200,4e273271-2dd1-4145-994c-b9bfe17baf4e,2026-05-20T19:15:00Z,2026-05-20T21:15:00+0200,153.34,MW,FR,FR,forecast_offshore_wind_generation,Wind Offshore,2026-06-11T21:19:02Z
2026-06-11T21:18:08Z,2026-06-11T23:18:08+0200,4e273271-2dd1-4145-994c-b9bfe17baf4e,2026-05-20T19:30:00Z,2026-05-20T21:30:00+0200,150.45,MW,FR,FR,forecast_offshore_wind_generation,Wind Offshore,2026-06-11T21:19:02Z
2026-06-11T21:18:08Z,2026-06-11T23:18:08+0200,4e273271-2dd1-4145-994c-b9bfe17baf4e,2026-05-20T19:45:00Z,2026-05-20T21:45:00+0200,147.56,MW,FR,FR,forecast_offshore_wind_generation,Wind Offshore,2026-06-11T21:19:02Z
2026-06-11T21:18:08Z,2026-06-11T23:18:08+0200,4e273271-2dd1-4145-994c-b9bfe17baf4e,2026-05-20T20:00:00Z,2026-05-20T22:00:00+0200,144.65001,MW,FR,FR,forecast_offshore_wind_generation,Wind Offshore,2026-06-11T21:19:02Z
2026-06-11T21:18:08Z,2026-06-11T23:18:08+0200,4e273271-2dd1-4145-994c-b9bfe17baf4e,2026-05-20T20:15:00Z,2026-05-20T22:15:00+0200,144.68999,MW,FR,FR,forecast_offshore_wind_generation,Wind Offshore,2026-06-11T21:19:02Z
2026-06-11T21:18:08Z,2026-06-11T23:18:08+0200,4e273271-2dd1-4145-994c-b9bfe17baf4e,2026-05-20T20:30:00Z,2026-05-20T22:30:00+0200,144.72,MW,FR,FR,forecast_offshore_wind_generation,Wind Offshore,2026-06-11T21:19:02Z
2026-06-11T21:18:08Z,2026-06-11T23:18:08+0200,4e273271-2dd1-4145-994c-b9bfe17baf4e,2026-05-20T20:45:00Z,2026-05-20T22:45:00+0200,144.73999,MW,FR,FR,forecast_offshore_wind_generation,Wind Offshore,2026-06-11T21:19:02Z
2026-06-11T21:18:08Z,2026-06-11T23:18:08+0200,4e273271-2dd1-4145-994c-b9bfe17baf4e,2026-05-20T21:00:00Z,2026-05-20T23:00:00+0200,144.78,MW,FR,FR,forecast_offshore_wind_generation,Wind Offshore,2026-06-11T21:19:02Z
2026-06-11T21:18:08Z,2026-06-11T23:18:08+0200,4e273271-2dd1-4145-994c-b9bfe17baf4e,2026-05-20T21:15:00Z,2026-05-20T23:15:00+0200,146.83,MW,FR,FR,forecast_offshore_wind_generation,Wind Offshore,2026-06-11T21:19:02Z
2026-06-11T21:18:08Z,2026-06-11T23:18:08+0200,4e273271-2dd1-4145-994c-b9bfe17baf4e,2026-05-20T21:30:00Z,2026-05-20T23:30:00+0200,148.87999,MW,FR,FR,forecast_offshore_wind_generation,Wind Offshore,2026-06-11T21:19:02Z
2026-06-11T21:18:08Z,2026-06-11T23:18:08+0200,4e273271-2dd1-4145-994c-b9bfe17baf4e,2026-05-20T21:45:00Z,2026-05-20T23:45:00+0200,151.96001,MW,FR,FR,forecast_offshore_wind_generation,Wind Offshore,2026-06-11T21:19:02Z
2026-06-11T21:18:08Z,2026-06-11T23:18:08+0200,4e273271-2dd1-4145-994c-b9bfe17baf4e,2026-05-20T22:00:00Z,2026-05-21T00:00:00+0200,162.04001,MW,FR,FR,forecast_offshore_wind_generation,Wind Offshore,2026-06-11T21:19:02Z
2026-06-11T21:18:08Z,2026-06-11T23:18:08+0200,4e273271-2dd1-4145-994c-b9bfe17baf4e,2026-05-20T22:15:00Z,2026-05-21T00:15:00+0200,164.02,MW,FR,FR,forecast_offshore_wind_generation,Wind Offshore,2026-06-11T21:19:02Z
2026-06-11T21:18:08Z,2026-06-11T23:18:08+0200,4e273271-2dd1-4145-994c-b9bfe17baf4e,2026-05-20T22:30:00Z,2026-05-21T00:30:00+0200,166.02,MW,FR,FR,forecast_offshore_wind_generation,Wind Offshore,2026-06-11T21:19:02Z
2026-06-11T21:18:08Z,2026-06-11T23:18:08+0200,4e273271-2dd1-4145-994c-b9bfe17baf4e,2026-05-20T22:45:00Z,2026-05-21T00:45:00+0200,168.09,MW,FR,FR,forecast_offshore_wind_generation,Wind Offshore,2026-06-11T21:19:02Z
2026-06-11T21:18:08Z,2026-06-11T23:18:08+0200,4e273271-2dd1-4145-994c-b9bfe17baf4e,2026-05-20T23:00:00Z,2026-05-21T01:00:00+0200,170.17,MW,FR,FR,forecast_offshore_wind_generation,Wind Offshore,2026-06-11T21:19:02Z
2026-06-11T21:18:08Z,2026-06-11T23:18:08+0200,4e273271-2dd1-4145-994c-b9bfe17baf4e,2026-05-20T23:15:00Z,2026-05-21T01:15:00+0200,160.75,MW,FR,FR,forecast_offshore_wind_generation,Wind Offshore,2026-06-11T21:19:02Z
2026-06-11T21:18:08Z,2026-06-11T23:18:08+0200,4e273271-2dd1-4145-994c-b9bfe17baf4e,2026-05-20T23:30:00Z,2026-05-21T01:30:00+0200,151.8,MW,FR,FR,forecast_offshore_wind_generation,Wind Offshore,2026-06-11T21:19:02Z
2026-06-11T21:18:08Z,2026-06-11T23:18:08+0200,4e273271-2dd1-4145-994c-b9bfe17baf4e,2026-05-20T23:45:00Z,2026-05-21T01:45:00+0200,142.88,MW,FR,FR,forecast_offshore_wind_generation,Wind Offshore,2026-06-11T21:19:02Z
2026-06-11T21:18:08Z,2026-06-11T23:18:08+0200,4e273271-2dd1-4145-994c-b9bfe17baf4e,2026-05-21T00:00:00Z,2026-05-21T02:00:00+0200,134.69,MW,FR,FR,forecast_offshore_wind_generation,Wind Offshore,2026-06-11T21:19:02Z
2026-06-11T21:18:08Z,2026-06-11T23:18:08+0200,4e273271-2dd1-4145-994c-b9bfe17baf4e,2026-05-21T00:15:00Z,2026-05-21T02:15:00+0200,125.92999,MW,FR,FR,forecast_offshore_wind_generation,Wind Offshore,2026-06-11T21:19:02Z
2026-06-11T21:18:08Z,2026-06-11T23:18:08+0200,4e273271-2dd1-4145-994c-b9bfe17baf4e,2026-05-21T00:30:00Z,2026-05-21T02:30:00+0200,117.14999,MW,FR,FR,forecast_offshore_wind_generation,Wind Offshore,2026-06-11T21:19:02Z
2026-06-11T21:18:08Z,2026-06-11T23:18:08+0200,4e273271-2dd1-4145-994c-b9bfe17baf4e,2026-05-21T00:45:00Z,2026-05-21T02:45:00+0200,108.39001,MW,FR,FR,forecast_offshore_wind_generation,Wind Offshore,2026-06-11T21:19:02Z
2026-06-11T21:18:08Z,2026-06-11T23:18:08+0200,4e273271-2dd1-4145-994c-b9bfe17baf4e,2026-05-21T01:00:00Z,2026-05-21T03:00:00+0200,99.62,MW,FR,FR,forecast_offshore_wind_generation,Wind Offshore,2026-06-11T21:19:02Z
2026-06-11T21:18:08Z,2026-06-11T23:18:08+0200,4e273271-2dd1-4145-994c-b9bfe17baf4e,2026-05-21T01:15:00Z,2026-05-21T03:15:00+0200,97.98,MW,FR,FR,forecast_offshore_wind_generation,Wind Offshore,2026-06-11T21:19:02Z
2026-06-11T21:18:08Z,2026-06-11T23:18:08+0200,4e273271-2dd1-4145-994c-b9bfe17baf4e,2026-05-21T01:30:00Z,2026-05-21T03:30:00+0200,96.34,MW,FR,FR,forecast_offshore_wind_generation,Wind Offshore,2026-06-11T21:19:02Z
2026-06-11T21:18:08Z,2026-06-11T23:18:08+0200,4e273271-2dd1-4145-994c-b9bfe17baf4e,2026-05-21T01:45:00Z,2026-05-21T03:45:00+0200,94.71001,MW,FR,FR,forecast_offshore_wind_generation,Wind Offshore,2026-06-11T21:19:02Z
2026-06-11T21:18:08Z,2026-06-11T23:18:08+0200,4e273271-2dd1-4145-994c-b9bfe17baf4e,2026-05-21T02:00:00Z,2026-05-21T04:00:00+0200,93.06001,MW,FR,FR,forecast_offshore_wind_generation,Wind Offshore,2026-06-11T21:19:02Z
2026-06-11T21:18:08Z,2026-06-11T23:18:08+0200,4e273271-2dd1-4145-994c-b9bfe17baf4e,2026-05-21T02:15:00Z,2026-05-21T04:15:00+0200,94.39,MW,FR,FR,forecast_offshore_wind_generation,Wind Offshore,2026-06-11T21:19:02Z
2026-06-11T21:18:08Z,2026-06-11T23:18:08+0200,4e273271-2dd1-4145-994c-b9bfe17baf4e,2026-05-21T02:30:00Z,2026-05-21T04:30:00+0200,95.7,MW,FR,FR,forecast_offshore_wind_generation,Wind Offshore,2026-06-11T21:19:02Z
2026-06-11T21:18:08Z,2026-06-11T23:18:08+0200,4e273271-2dd1-4145-994c-b9bfe17baf4e,2026-05-21T02:45:00Z,2026-05-21T04:45:00+0200,97.02,MW,FR,FR,forecast_offshore_wind_generation,Wind Offshore,2026-06-11T21:19:02Z
2026-06-11T21:18:08Z,2026-06-11T23:18:08+0200,4e273271-2dd1-4145-994c-b9bfe17baf4e,2026-05-21T03:00:00Z,2026-05-21T05:00:00+0200,98.33,MW,FR,FR,forecast_offshore_wind_generation,Wind Offshore,2026-06-11T21:19:02Z
2026-06-11T21:18:08Z,2026-06-11T23:18:08+0200,4e273271-2dd1-4145-994c-b9bfe17baf4e,2026-05-21T03:15:00Z,2026-05-21T05:15:00+0200,109.91,MW,FR,FR,forecast_offshore_wind_generation,Wind Offshore,2026-06-11T21:19:02Z
2026-06-11T21:18:08Z,2026-06-11T23:18:08+0200,4e273271-2dd1-4145-994c-b9bfe17baf4e,2026-05-21T03:30:00Z,2026-05-21T05:30:00+0200,121.47,MW,FR,FR,forecast_offshore_wind_generation,Wind Offshore,2026-06-11T21:19:02Z
2026-06-11T21:18:08Z,2026-06-11T23:18:08+0200,4e273271-2dd1-4145-994c-b9bfe17baf4e,2026-05-21T03:45:00Z,2026-05-21T05:45:00+0200,133.04001,MW,FR,FR,forecast_offshore_wind_generation,Wind Offshore,2026-06-11T21:19:02Z
2026-06-11T21:18:08Z,2026-06-11T23:18:08+0200,4e273271-2dd1-4145-994c-b9bfe17baf4e,2026-05-21T04:00:00Z,2026-05-21T06:00:00+0200,144.58,MW,FR,FR,forecast_offshore_wind_generation,Wind Offshore,2026-06-11T21:19:02Z
2026-06-11T21:18:08Z,2026-06-11T23:18:08+0200,4e273271-2dd1-4145-994c-b9bfe17baf4e,2026-05-21T04:15:00Z,2026-05-21T06:15:00+0200,165.22,MW,FR,FR,forecast_offshore_wind_generation,Wind Offshore,2026-06-11T21:19:02Z
2026-06-11T21:18:08Z,2026-06-11T23:18:08+0200,4e273271-2dd1-4145-994c-b9bfe17baf4e,2026-05-21T04:30:00Z,2026-05-21T06:30:00+0200,185.87,MW,FR,FR,forecast_offshore_wind_generation,Wind Offshore,2026-06-11T21:19:02Z
2026-06-11T21:18:08Z,2026-06-11T23:18:08+0200,4e273271-2dd1-4145-994c-b9bfe17baf4e,2026-05-21T04:45:00Z,2026-05-21T06:45:00+0200,206.51001,MW,FR,FR,forecast_offshore_wind_generation,Wind Offshore,2026-06-11T21:19:02Z
2026-06-11T21:18:08Z,2026-06-11T23:18:08+0200,4e273271-2dd1-4145-994c-b9bfe17baf4e,2026-05-21T05:00:00Z,2026-05-21T07:00:00+0200,227.12,MW,FR,FR,forecast_offshore_wind_generation,Wind Offshore,2026-06-11T21:19:02Z
2026-06-11T21:18:08Z,2026-06-11T23:18:08+0200,4e273271-2dd1-4145-994c-b9bfe17baf4e,2026-05-21T05:15:00Z,2026-05-21T07:15:00+0200,246.14,MW,FR,FR,forecast_offshore_wind_generation,Wind Offshore,2026-06-11T21:19:02Z
2026-06-11T21:18:08Z,2026-06-11T23:18:08+0200,4e273271-2dd1-4145-994c-b9bfe17baf4e,2026-05-21T05:30:00Z,2026-05-21T07:30:00+0200,265.14999,MW,FR,FR,forecast_offshore_wind_generation,Wind Offshore,2026-06-11T21:19:02Z
2026-06-11T21:18:08Z,2026-06-11T23:18:08+0200,4e273271-2dd1-4145-994c-b9bfe17baf4e,2026-05-21T05:45:00Z,2026-05-21T07:45:00+0200,284.13998,MW,FR,FR,forecast_offshore_wind_generation,Wind Offshore,2026-06-11T21:19:02Z
2026-06-11T21:18:08Z,2026-06-11T23:18:08+0200,4e273271-2dd1-4145-994c-b9bfe17baf4e,2026-05-21T06:00:00Z,2026-05-21T08:00:00+0200,303.12,MW,FR,FR,forecast_offshore_wind_generation,Wind Offshore,2026-06-11T21:19:02Z
2026-06-11T21:18:08Z,2026-06-11T23:18:08+0200,4e273271-2dd1-4145-994c-b9bfe17baf4e,2026-05-21T06:15:00Z,2026-05-21T08:15:00+0200,305.52002,MW,FR,FR,forecast_offshore_wind_generation,Wind Offshore,2026-06-11T21:19:02Z
2026-06-11T21:18:08Z,2026-06-11T23:18:08+0200,4e273271-2dd1-4145-994c-b9bfe17baf4e,2026-05-21T06:30:00Z,2026-05-21T08:30:00+0200,307.89999,MW,FR,FR,forecast_offshore_wind_generation,Wind Offshore,2026-06-11T21:19:02Z
2026-06-11T21:18:08Z,2026-06-11T23:18:08+0200,4e273271-2dd1-4145-994c-b9bfe17baf4e,2026-05-21T06:45:00Z,2026-05-21T08:45:00+0200,310.26001,MW,FR,FR,forecast_offshore_wind_generation,Wind Offshore,2026-06-11T21:19:02Z
2026-06-11T21:18:08Z,2026-06-11T23:18:08+0200,4e273271-2dd1-4145-994c-b9bfe17baf4e,2026-05-21T07:00:00Z,2026-05-21T09:00:00+0200,312.63,MW,FR,FR,forecast_offshore_wind_generation,Wind Offshore,2026-06-11T21:19:02Z
2026-06-11T21:18:08Z,2026-06-11T23:18:08+0200,4e273271-2dd1-4145-994c-b9bfe17baf4e,2026-05-21T07:15:00Z,2026-05-21T09:15:00+0200,299.84,MW,FR,FR,forecast_offshore_wind_generation,Wind Offshore,2026-06-11T21:19:02Z
2026-06-11T21:18:08Z,2026-06-11T23:18:08+0200,4e273271-2dd1-4145-994c-b9bfe17baf4e,2026-05-21T07:30:00Z,2026-05-21T09:30:00+0200,287.19,MW,FR,FR,forecast_offshore_wind_generation,Wind Offshore,2026-06-11T21:19:02Z
2026-06-11T21:18:08Z,2026-06-11T23:18:08+0200,4e273271-2dd1-4145-994c-b9bfe17baf4e,2026-05-21T07:45:00Z,2026-05-21T09:45:00+0200,274.56,MW,FR,FR,forecast_offshore_wind_generation,Wind Offshore,2026-06-11T21:19:02Z
2026-06-11T21:18:08Z,2026-06-11T23:18:08+0200,4e273271-2dd1-4145-994c-b9bfe17baf4e,2026-05-21T08:00:00Z,2026-05-21T10:00:00+0200,261.90002,MW,FR,FR,forecast_offshore_wind_generation,Wind Offshore,2026-06-11T21:19:02Z
2026-06-11T21:18:08Z,2026-06-11T23:18:08+0200,4e273271-2dd1-4145-994c-b9bfe17baf4e,2026-05-21T08:15:00Z,2026-05-21T10:15:00+0200,249.0,MW,FR,FR,forecast_offshore_wind_generation,Wind Offshore,2026-06-11T21:19:02Z
2026-06-11T21:18:08Z,2026-06-11T23:18:08+0200,4e273271-2dd1-4145-994c-b9bfe17baf4e,2026-05-21T08:30:00Z,2026-05-21T10:30:00+0200,236.09,MW,FR,FR,forecast_offshore_wind_generation,Wind Offshore,2026-06-11T21:19:02Z
2026-06-11T21:18:08Z,2026-06-11T23:18:08+0200,4e273271-2dd1-4145-994c-b9bfe17baf4e,2026-05-21T08:45:00Z,2026-05-21T10:45:00+0200,223.18002,MW,FR,FR,forecast_offshore_wind_generation,Wind Offshore,2026-06-11T21:19:02Z
2026-06-11T21:18:08Z,2026-06-11T23:18:08+0200,4e273271-2dd1-4145-994c-b9bfe17baf4e,2026-05-21T09:00:00Z,2026-05-21T11:00:00+0200,210.25999,MW,FR,FR,forecast_offshore_wind_generation,Wind Offshore,2026-06-11T21:19:02Z
2026-06-11T21:18:08Z,2026-06-11T23:18:08+0200,4e273271-2dd1-4145-994c-b9bfe17baf4e,2026-05-21T09:15:00Z,2026-05-21T11:15:00+0200,204.49001,MW,FR,FR,forecast_offshore_wind_generation,Wind Offshore,2026-06-11T21:19:02Z
2026-06-11T21:18:08Z,2026-06-11T23:18:08+0200,4e273271-2dd1-4145-994c-b9bfe17baf4e,2026-05-21T09:30:00Z,2026-05-21T11:30:00+0200,198.70999,MW,FR,FR,forecast_offshore_wind_generation,Wind Offshore,2026-06-11T21:19:02Z
2026-06-11T21:18:08Z,2026-06-11T23:18:08+0200,4e273271-2dd1-4145-994c-b9bfe17baf4e,2026-05-21T09:45:00Z,2026-05-21T11:45:00+0200,192.92,MW,FR,FR,forecast_offshore_wind_generation,Wind Offshore,2026-06-11T21:19:02Z
2026-06-11T21:18:08Z,2026-06-11T23:18:08+0200,4e273271-2dd1-4145-994c-b9bfe17baf4e,2026-05-21T10:00:00Z,2026-05-21T12:00:00+0200,187.16,MW,FR,FR,forecast_offshore_wind_generation,Wind Offshore,2026-06-11T21:19:02Z
2026-06-11T21:18:08Z,2026-06-11T23:18:08+0200,4e273271-2dd1-4145-994c-b9bfe17baf4e,2026-05-21T10:15:00Z,2026-05-21T12:15:00+0200,181.37,MW,FR,FR,forecast_offshore_wind_generation,Wind Offshore,2026-06-11T21:19:02Z
2026-06-11T21:18:08Z,2026-06-11T23:18:08+0200,4e273271-2dd1-4145-994c-b9bfe17baf4e,2026-05-21T10:30:00Z,2026-05-21T12:30:00+0200,175.56999,MW,FR,FR,forecast_offshore_wind_generation,Wind Offshore,2026-06-11T21:19:02Z
2026-06-11T21:18:08Z,2026-06-11T23:18:08+0200,4e273271-2dd1-4145-994c-b9bfe17baf4e,2026-05-21T10:45:00Z,2026-05-21T12:45:00+0200,169.78,MW,FR,FR,forecast_offshore_wind_generation,Wind Offshore,2026-06-11T21:19:02Z
2026-06-11T21:18:08Z,2026-06-11T23:18:08+0200,4e273271-2dd1-4145-994c-b9bfe17baf4e,2026-05-21T11:00:00Z,2026-05-21T13:00:00+0200,163.98999,MW,FR,FR,forecast_offshore_wind_generation,Wind Offshore,2026-06-11T21:19:02Z
2026-06-11T21:18:08Z,2026-06-11T23:18:08+0200,4e273271-2dd1-4145-994c-b9bfe17baf4e,2026-05-21T11:15:00Z,2026-05-21T13:15:00+0200,157.33,MW,FR,FR,forecast_offshore_wind_generation,Wind Offshore,2026-06-11T21:19:02Z
2026-06-11T21:18:08Z,2026-06-11T23:18:08+0200,4e273271-2dd1-4145-994c-b9bfe17baf4e,2026-05-21T11:30:00Z,2026-05-21T13:30:00+0200,150.67,MW,FR,FR,forecast_offshore_wind_generation,Wind Offshore,2026-06-11T21:19:02Z
2026-06-11T21:18:08Z,2026-06-11T23:18:08+0200,4e273271-2dd1-4145-994c-b9bfe17baf4e,2026-05-21T11:45:00Z,2026-05-21T13:45:00+0200,144.01001,MW,FR,FR,forecast_offshore_wind_generation,Wind Offshore,2026-06-11T21:19:02Z
2026-06-11T21:18:08Z,2026-06-11T23:18:08+0200,4e273271-2dd1-4145-994c-b9bfe17baf4e,2026-05-21T12:00:00Z,2026-05-21T14:00:00+0200,137.34,MW,FR,FR,forecast_offshore_wind_generation,Wind Offshore,2026-06-11T21:19:02Z
2026-06-11T21:18:08Z,2026-06-11T23:18:08+0200,4e273271-2dd1-4145-994c-b9bfe17baf4e,2026-05-21T12:15:00Z,2026-05-21T14:15:00+0200,134.36,MW,FR,FR,forecast_offshore_wind_generation,Wind Offshore,2026-06-11T21:19:02Z
2026-06-11T21:18:08Z,2026-06-11T23:18:08+0200,4e273271-2dd1-4145-994c-b9bfe17baf4e,2026-05-21T12:30:00Z,2026-05-21T14:30:00+0200,131.37,MW,FR,FR,forecast_offshore_wind_generation,Wind Offshore,2026-06-11T21:19:02Z
2026-06-11T21:18:08Z,2026-06-11T23:18:08+0200,4e273271-2dd1-4145-994c-b9bfe17baf4e,2026-05-21T12:45:00Z,2026-05-21T14:45:00+0200,128.39,MW,FR,FR,forecast_offshore_wind_generation,Wind Offshore,2026-06-11T21:19:02Z
2026-06-11T21:18:08Z,2026-06-11T23:18:08+0200,4e273271-2dd1-4145-994c-b9bfe17baf4e,2026-05-21T13:00:00Z,2026-05-21T15:00:00+0200,125.4,MW,FR,FR,forecast_offshore_wind_generation,Wind Offshore,2026-06-11T21:19:02Z
2026-06-11T21:18:08Z,2026-06-11T23:18:08+0200,4e273271-2dd1-4145-994c-b9bfe17baf4e,2026-05-21T13:15:00Z,2026-05-21T15:15:00+0200,121.17999,MW,FR,FR,forecast_offshore_wind_generation,Wind Offshore,2026-06-11T21:19:02Z
2026-06-11T21:18:08Z,2026-06-11T23:18:08+0200,4e273271-2dd1-4145-994c-b9bfe17baf4e,2026-05-21T13:30:00Z,2026-05-21T15:30:00+0200,116.98,MW,FR,FR,forecast_offshore_wind_generation,Wind Offshore,2026-06-11T21:19:02Z
2026-06-11T21:18:08Z,2026-06-11T23:18:08+0200,4e273271-2dd1-4145-994c-b9bfe17baf4e,2026-05-21T13:45:00Z,2026-05-21T15:45:00+0200,112.78,MW,FR,FR,forecast_offshore_wind_generation,Wind Offshore,2026-06-11T21:19:02Z
2026-06-11T21:18:08Z,2026-06-11T23:18:08+0200,4e273271-2dd1-4145-994c-b9bfe17baf4e,2026-05-21T14:00:00Z,2026-05-21T16:00:00+0200,108.57999,MW,FR,FR,forecast_offshore_wind_generation,Wind Offshore,2026-06-11T21:19:02Z
2026-06-11T21:18:08Z,2026-06-11T23:18:08+0200,4e273271-2dd1-4145-994c-b9bfe17baf4e,2026-05-21T14:15:00Z,2026-05-21T16:15:00+0200,112.7,MW,FR,FR,forecast_offshore_wind_generation,Wind Offshore,2026-06-11T21:19:02Z
2026-06-11T21:18:08Z,2026-06-11T23:18:08+0200,4e273271-2dd1-4145-994c-b9bfe17baf4e,2026-05-21T14:30:00Z,2026-05-21T16:30:00+0200,116.81999,MW,FR,FR,forecast_offshore_wind_generation,Wind Offshore,2026-06-11T21:19:02Z
2026-06-11T21:18:08Z,2026-06-11T23:18:08+0200,4e273271-2dd1-4145-994c-b9bfe17baf4e,2026-05-21T14:45:00Z,2026-05-21T16:45:00+0200,120.94,MW,FR,FR,forecast_offshore_wind_generation,Wind Offshore,2026-06-11T21:19:02Z
2026-06-11T21:18:08Z,2026-06-11T23:18:08+0200,4e273271-2dd1-4145-994c-b9bfe17baf4e,2026-05-21T15:00:00Z,2026-05-21T17:00:00+0200,125.07,MW,FR,FR,forecast_offshore_wind_generation,Wind Offshore,2026-06-11T21:19:02Z
2026-06-11T21:18:08Z,2026-06-11T23:18:08+0200,4e273271-2dd1-4145-994c-b9bfe17baf4e,2026-05-21T15:15:00Z,2026-05-21T17:15:00+0200,130.03999,MW,FR,FR,forecast_offshore_wind_generation,Wind Offshore,2026-06-11T21:19:02Z
2026-06-11T21:18:08Z,2026-06-11T23:18:08+0200,4e273271-2dd1-4145-994c-b9bfe17baf4e,2026-05-21T15:30:00Z,2026-05-21T17:30:00+0200,134.98999,MW,FR,FR,forecast_offshore_wind_generation,Wind Offshore,2026-06-11T21:19:02Z
2026-06-11T21:18:08Z,2026-06-11T23:18:08+0200,4e273271-2dd1-4145-994c-b9bfe17baf4e,2026-05-21T15:45:00Z,2026-05-21T17:45:00+0200,139.95999,MW,FR,FR,forecast_offshore_wind_generation,Wind Offshore,2026-06-11T21:19:02Z
2026-06-11T21:18:08Z,2026-06-11T23:18:08+0200,4e273271-2dd1-4145-994c-b9bfe17baf4e,2026-05-21T16:00:00Z,2026-05-21T18:00:00+0200,144.93001,MW,FR,FR,forecast_offshore_wind_generation,Wind Offshore,2026-06-11T21:19:02Z
2026-06-11T21:18:08Z,2026-06-11T23:18:08+0200,4e273271-2dd1-4145-994c-b9bfe17baf4e,2026-05-21T16:15:00Z,2026-05-21T18:15:00+0200,153.71001,MW,FR,FR,forecast_offshore_wind_generation,Wind Offshore,2026-06-11T21:19:02Z
2026-06-11T21:18:08Z,2026-06-11T23:18:08+0200,4e273271-2dd1-4145-994c-b9bfe17baf4e,2026-05-21T16:30:00Z,2026-05-21T18:30:00+0200,162.51001,MW,FR,FR,forecast_offshore_wind_generation,Wind Offshore,2026-06-11T21:19:02Z
2026-06-11T21:18:08Z,2026-06-11T23:18:08+0200,4e273271-2dd1-4145-994c-b9bfe17baf4e,2026-05-21T16:45:00Z,2026-05-21T18:45:00+0200,171.29999,MW,FR,FR,forecast_offshore_wind_generation,Wind Offshore,2026-06-11T21:19:02Z
2026-06-11T21:18:08Z,2026-06-11T23:18:08+0200,4e273271-2dd1-4145-994c-b9bfe17baf4e,2026-05-21T17:00:00Z,2026-05-21T19:00:00+0200,180.09999,MW,FR,FR,forecast_offshore_wind_generation,Wind Offshore,2026-06-11T21:19:02Z
2026-06-11T21:18:08Z,2026-06-11T23:18:08+0200,4e273271-2dd1-4145-994c-b9bfe17baf4e,2026-05-21T17:15:00Z,2026-05-21T19:15:00+0200,184.87999,MW,FR,FR,forecast_offshore_wind_generation,Wind Offshore,2026-06-11T21:19:02Z
2026-06-11T21:18:08Z,2026-06-11T23:18:08+0200,4e273271-2dd1-4145-994c-b9bfe17baf4e,2026-05-21T17:30:00Z,2026-05-21T19:30:00+0200,189.69,MW,FR,FR,forecast_offshore_wind_generation,Wind Offshore,2026-06-11T21:19:02Z
2026-06-11T21:18:08Z,2026-06-11T23:18:08+0200,4e273271-2dd1-4145-994c-b9bfe17baf4e,2026-05-21T17:45:00Z,2026-05-21T19:45:00+0200,194.5,MW,FR,FR,forecast_offshore_wind_generation,Wind Offshore,2026-06-11T21:19:02Z
2026-06-11T21:18:08Z,2026-06-11T23:18:08+0200,4e273271-2dd1-4145-994c-b9bfe17baf4e,2026-05-21T18:00:00Z,2026-05-21T20:00:00+0200,199.31001,MW,FR,FR,forecast_offshore_wind_generation,Wind Offshore,2026-06-11T21:19:02Z
2026-06-11T21:18:08Z,2026-06-11T23:18:08+0200,4e273271-2dd1-4145-994c-b9bfe17baf4e,2026-05-21T18:15:00Z,2026-05-21T20:15:00+0200,201.18001,MW,FR,FR,forecast_offshore_wind_generation,Wind Offshore,2026-06-11T21:19:02Z
2026-06-11T21:18:08Z,2026-06-11T23:18:08+0200,4e273271-2dd1-4145-994c-b9bfe17baf4e,2026-05-21T18:30:00Z,2026-05-21T20:30:00+0200,203.06001,MW,FR,FR,forecast_offshore_wind_generation,Wind Offshore,2026-06-11T21:19:02Z
2026-06-11T21:18:08Z,2026-06-11T23:18:08+0200,4e273271-2dd1-4145-994c-b9bfe17baf4e,2026-05-21T18:45:00Z,2026-05-21T20:45:00+0200,204.94,MW,FR,FR,forecast_offshore_wind_generation,Wind Offshore,2026-06-11T21:19:02Z
2026-06-11T21:18:08Z,2026-06-11T23:18:08+0200,4e273271-2dd1-4145-994c-b9bfe17baf4e,2026-05-21T19:00:00Z,2026-05-21T21:00:00+0200,206.81001,MW,FR,FR,forecast_offshore_wind_generation,Wind Offshore,2026-06-11T21:19:02Z
2026-06-11T21:18:08Z,2026-06-11T23:18:08+0200,4e273271-2dd1-4145-994c-b9bfe17baf4e,2026-05-21T19:15:00Z,2026-05-21T21:15:00+0200,215.32001,MW,FR,FR,forecast_offshore_wind_generation,Wind Offshore,2026-06-11T21:19:02Z
2026-06-11T21:18:08Z,2026-06-11T23:18:08+0200,4e273271-2dd1-4145-994c-b9bfe17baf4e,2026-05-21T19:30:00Z,2026-05-21T21:30:00+0200,223.84001,MW,FR,FR,forecast_offshore_wind_generation,Wind Offshore,2026-06-11T21:19:02Z
2026-06-11T21:18:08Z,2026-06-11T23:18:08+0200,4e273271-2dd1-4145-994c-b9bfe17baf4e,2026-05-21T19:45:00Z,2026-05-21T21:45:00+0200,232.36002,MW,FR,FR,forecast_offshore_wind_generation,Wind Offshore,2026-06-11T21:19:02Z
2026-06-11T21:18:08Z,2026-06-11T23:18:08+0200,4e273271-2dd1-4145-994c-b9bfe17baf4e,2026-05-21T20:00:00Z,2026-05-21T22:00:00+0200,240.86,MW,FR,FR,forecast_offshore_wind_generation,Wind Offshore,2026-06-11T21:19:02Z
2026-06-11T21:18:08Z,2026-06-11T23:18:08+0200,4e273271-2dd1-4145-994c-b9bfe17baf4e,2026-05-21T20:15:00Z,2026-05-21T22:15:00+0200,249.14,MW,FR,FR,forecast_offshore_wind_generation,Wind Offshore,2026-06-11T21:19:02Z
2026-06-11T21:18:08Z,2026-06-11T23:18:08+0200,4e273271-2dd1-4145-994c-b9bfe17baf4e,2026-05-21T20:30:00Z,2026-05-21T22:30:00+0200,257.43002,MW,FR,FR,forecast_offshore_wind_generation,Wind Offshore,2026-06-11T21:19:02Z
2026-06-11T21:18:08Z,2026-06-11T23:18:08+0200,4e273271-2dd1-4145-994c-b9bfe17baf4e,2026-05-21T20:45:00Z,2026-05-21T22:45:00+0200,265.72,MW,FR,FR,forecast_offshore_wind_generation,Wind Offshore,2026-06-11T21:19:02Z
2026-06-11T21:18:08Z,2026-06-11T23:18:08+0200,4e273271-2dd1-4145-994c-b9bfe17baf4e,2026-05-21T21:00:00Z,2026-05-21T23:00:00+0200,273.98999,MW,FR,FR,forecast_offshore_wind_generation,Wind Offshore,2026-06-11T21:19:02Z
2026-06-11T21:18:08Z,2026-06-11T23:18:08+0200,4e273271-2dd1-4145-994c-b9bfe17baf4e,2026-05-21T21:15:00Z,2026-05-21T23:15:00+0200,274.51999,MW,FR,FR,forecast_offshore_wind_generation,Wind Offshore,2026-06-11T21:19:02Z
2026-06-11T21:18:08Z,2026-06-11T23:18:08+0200,4e273271-2dd1-4145-994c-b9bfe17baf4e,2026-05-21T21:30:00Z,2026-05-21T23:30:00+0200,275.07001,MW,FR,FR,forecast_offshore_wind_generation,Wind Offshore,2026-06-11T21:19:02Z
2026-06-11T21:18:08Z,2026-06-11T23:18:08+0200,4e273271-2dd1-4145-994c-b9bfe17baf4e,2026-05-21T21:45:00Z,2026-05-21T23:45:00+0200,275.60001,MW,FR,FR,forecast_offshore_wind_generation,Wind Offshore,2026-06-11T21:19:02Z
2026-06-11T21:18:08Z,2026-06-11T23:18:08+0200,4e273271-2dd1-4145-994c-b9bfe17baf4e,2026-05-21T22:00:00Z,2026-05-22T00:00:00+0200,276.72998,MW,FR,FR,forecast_offshore_wind_generation,Wind Offshore,2026-06-11T21:19:02Z
2026-06-11T21:18:08Z,2026-06-11T23:18:08+0200,4e273271-2dd1-4145-994c-b9bfe17baf4e,2026-05-21T22:15:00Z,2026-05-22T00:15:00+0200,293.10999,MW,FR,FR,forecast_offshore_wind_generation,Wind Offshore,2026-06-11T21:19:02Z
2026-06-11T21:18:08Z,2026-06-11T23:18:08+0200,4e273271-2dd1-4145-994c-b9bfe17baf4e,2026-05-21T22:30:00Z,2026-05-22T00:30:00+0200,309.47998,MW,FR,FR,forecast_offshore_wind_generation,Wind Offshore,2026-06-11T21:19:02Z
2026-06-11T21:18:08Z,2026-06-11T23:18:08+0200,4e273271-2dd1-4145-994c-b9bfe17baf4e,2026-05-21T22:45:00Z,2026-05-22T00:45:00+0200,325.70996,MW,FR,FR,forecast_offshore_wind_generation,Wind Offshore,2026-06-11T21:19:02Z
2026-06-11T21:18:08Z,2026-06-11T23:18:08+0200,4e273271-2dd1-4145-994c-b9bfe17baf4e,2026-05-21T23:00:00Z,2026-05-22T01:00:00+0200,341.95999,MW,FR,FR,forecast_offshore_wind_generation,Wind Offshore,2026-06-11T21:19:02Z
2026-06-11T21:18:08Z,2026-06-11T23:18:08+0200,4e273271-2dd1-4145-994c-b9bfe17baf4e,2026-05-21T23:15:00Z,2026-05-22T01:15:00+0200,337.42001,MW,FR,FR,forecast_offshore_wind_generation,Wind Offshore,2026-06-11T21:19:02Z
2026-06-11T21:18:08Z,2026-06-11T23:18:08+0200,4e273271-2dd1-4145-994c-b9bfe17baf4e,2026-05-21T23:30:00Z,2026-05-22T01:30:00+0200,332.89001,MW,FR,FR,forecast_offshore_wind_generation,Wind Offshore,2026-06-11T21:19:02Z
2026-06-11T21:18:08Z,2026-06-11T23:18:08+0200,4e273271-2dd1-4145-994c-b9bfe17baf4e,2026-05-21T23:45:00Z,2026-05-22T01:45:00+0200,328.28998,MW,FR,FR,forecast_offshore_wind_generation,Wind Offshore,2026-06-11T21:19:02Z
2026-06-11T21:18:08Z,2026-06-11T23:18:08+0200,4e273271-2dd1-4145-994c-b9bfe17baf4e,2026-05-22T00:00:00Z,2026-05-22T02:00:00+0200,323.70999,MW,FR,FR,forecast_offshore_wind_generation,Wind Offshore,2026-06-11T21:19:02Z
2026-06-11T21:18:08Z,2026-06-11T23:18:08+0200,4e273271-2dd1-4145-994c-b9bfe17baf4e,2026-05-22T00:15:00Z,2026-05-22T02:15:00+0200,338.54999,MW,FR,FR,forecast_offshore_wind_generation,Wind Offshore,2026-06-11T21:19:02Z
2026-06-11T21:18:08Z,2026-06-11T23:18:08+0200,4e273271-2dd1-4145-994c-b9bfe17baf4e,2026-05-22T00:30:00Z,2026-05-22T02:30:00+0200,353.41003,MW,FR,FR,forecast_offshore_wind_generation,Wind Offshore,2026-06-11T21:19:02Z
2026-06-11T21:18:08Z,2026-06-11T23:18:08+0200,4e273271-2dd1-4145-994c-b9bfe17baf4e,2026-05-22T00:45:00Z,2026-05-22T02:45:00+0200,368.25,MW,FR,FR,forecast_offshore_wind_generation,Wind Offshore,2026-06-11T21:19:02Z
2026-06-11T21:18:08Z,2026-06-11T23:18:08+0200,4e273271-2dd1-4145-994c-b9bfe17baf4e,2026-05-22T01:00:00Z,2026-05-22T03:00:00+0200,383.09,MW,FR,FR,forecast_offshore_wind_generation,Wind Offshore,2026-06-11T21:19:02Z
2026-06-11T21:18:08Z,2026-06-11T23:18:08+0200,4e273271-2dd1-4145-994c-b9bfe17baf4e,2026-05-22T01:15:00Z,2026-05-22T03:15:00+0200,406.20001,MW,FR,FR,forecast_offshore_wind_generation,Wind Offshore,2026-06-11T21:19:02Z
2026-06-11T21:18:08Z,2026-06-11T23:18:08+0200,4e273271-2dd1-4145-994c-b9bfe17baf4e,2026-05-22T01:30:00Z,2026-05-22T03:30:00+0200,429.29999,MW,FR,FR,forecast_offshore_wind_generation,Wind Offshore,2026-06-11T21:19:02Z
2026-06-11T21:18:08Z,2026-06-11T23:18:08+0200,4e273271-2dd1-4145-994c-b9bfe17baf4e,2026-05-22T01:45:00Z,2026-05-22T03:45:00+0200,452.39999,MW,FR,FR,forecast_offshore_wind_generation,Wind Offshore,2026-06-11T21:19:02Z
2026-06-11T21:18:08Z,2026-06-11T23:18:08+0200,4e273271-2dd1-4145-994c-b9bfe17baf4e,2026-05-22T02:00:00Z,2026-05-22T04:00:00+0200,475.5,MW,FR,FR,forecast_offshore_wind_generation,Wind Offshore,2026-06-11T21:19:02Z
2026-06-11T21:18:08Z,2026-06-11T23:18:08+0200,4e273271-2dd1-4145-994c-b9bfe17baf4e,2026-05-22T02:15:00Z,2026-05-22T04:15:00+0200,475.60001,MW,FR,FR,forecast_offshore_wind_generation,Wind Offshore,2026-06-11T21:19:02Z
2026-06-11T21:18:08Z,2026-06-11T23:18:08+0200,4e273271-2dd1-4145-994c-b9bfe17baf4e,2026-05-22T02:30:00Z,2026-05-22T04:30:00+0200,475.69998,MW,FR,FR,forecast_offshore_wind_generation,Wind Offshore,2026-06-11T21:19:02Z
2026-06-11T21:18:08Z,2026-06-11T23:18:08+0200,4e273271-2dd1-4145-994c-b9bfe17baf4e,2026-05-22T02:45:00Z,2026-05-22T04:45:00+0200,475.81003,MW,FR,FR,forecast_offshore_wind_generation,Wind Offshore,2026-06-11T21:19:02Z
2026-06-11T21:18:08Z,2026-06-11T23:18:08+0200,4e273271-2dd1-4145-994c-b9bfe17baf4e,2026-05-22T03:00:00Z,2026-05-22T05:00:00+0200,475.90002,MW,FR,FR,forecast_offshore_wind_generation,Wind Offshore,2026-06-11T21:19:02Z
2026-06-11T21:18:08Z,2026-06-11T23:18:08+0200,4e273271-2dd1-4145-994c-b9bfe17baf4e,2026-05-22T03:15:00Z,2026-05-22T05:15:00+0200,478.89005,MW,FR,FR,forecast_offshore_wind_generation,Wind Offshore,2026-06-11T21:19:02Z
2026-06-11T21:18:08Z,2026-06-11T23:18:08+0200,4e273271-2dd1-4145-994c-b9bfe17baf4e,2026-05-22T03:30:00Z,2026-05-22T05:30:00+0200,481.88998,MW,FR,FR,forecast_offshore_wind_generation,Wind Offshore,2026-06-11T21:19:02Z
2026-06-11T21:18:08Z,2026-06-11T23:18:08+0200,4e273271-2dd1-4145-994c-b9bfe17baf4e,2026-05-22T03:45:00Z,2026-05-22T05:45:00+0200,484.85001,MW,FR,FR,forecast_offshore_wind_generation,Wind Offshore,2026-06-11T21:19:02Z
2026-06-11T21:18:08Z,2026-06-11T23:18:08+0200,4e273271-2dd1-4145-994c-b9bfe17baf4e,2026-05-22T04:00:00Z,2026-05-22T06:00:00+0200,487.79001,MW,FR,FR,forecast_offshore_wind_generation,Wind Offshore,2026-06-11T21:19:02Z
2026-06-11T21:18:08Z,2026-06-11T23:18:08+0200,4e273271-2dd1-4145-994c-b9bfe17baf4e,2026-05-22T04:15:00Z,2026-05-22T06:15:00+0200,480.75,MW,FR,FR,forecast_offshore_wind_generation,Wind Offshore,2026-06-11T21:19:02Z
2026-06-11T21:18:08Z,2026-06-11T23:18:08+0200,4e273271-2dd1-4145-994c-b9bfe17baf4e,2026-05-22T04:30:00Z,2026-05-22T06:30:00+0200,473.69,MW,FR,FR,forecast_offshore_wind_generation,Wind Offshore,2026-06-11T21:19:02Z
2026-06-11T21:18:08Z,2026-06-11T23:18:08+0200,4e273271-2dd1-4145-994c-b9bfe17baf4e,2026-05-22T04:45:00Z,2026-05-22T06:45:00+0200,466.57999,MW,FR,FR,forecast_offshore_wind_generation,Wind Offshore,2026-06-11T21:19:02Z
2026-06-11T21:18:08Z,2026-06-11T23:18:08+0200,4e273271-2dd1-4145-994c-b9bfe17baf4e,2026-05-22T05:00:00Z,2026-05-22T07:00:00+0200,459.5,MW,FR,FR,forecast_offshore_wind_generation,Wind Offshore,2026-06-11T21:19:02Z
2026-06-11T21:18:08Z,2026-06-11T23:18:08+0200,4e273271-2dd1-4145-994c-b9bfe17baf4e,2026-05-22T05:15:00Z,2026-05-22T07:15:00+0200,450.84998,MW,FR,FR,forecast_offshore_wind_generation,Wind Offshore,2026-06-11T21:19:02Z
2026-06-11T21:18:08Z,2026-06-11T23:18:08+0200,4e273271-2dd1-4145-994c-b9bfe17baf4e,2026-05-22T05:30:00Z,2026-05-22T07:30:00+0200,442.20001,MW,FR,FR,forecast_offshore_wind_generation,Wind Offshore,2026-06-11T21:19:02Z
2026-06-11T21:18:08Z,2026-06-11T23:18:08+0200,4e273271-2dd1-4145-994c-b9bfe17baf4e,2026-05-22T05:45:00Z,2026-05-22T07:45:00+0200,433.51001,MW,FR,FR,forecast_offshore_wind_generation,Wind Offshore,2026-06-11T21:19:02Z
2026-06-11T21:18:08Z,2026-06-11T23:18:08+0200,4e273271-2dd1-4145-994c-b9bfe17baf4e,2026-05-22T06:00:00Z,2026-05-22T08:00:00+0200,424.85001,MW,FR,FR,forecast_offshore_wind_generation,Wind Offshore,2026-06-11T21:19:02Z
2026-06-11T21:18:08Z,2026-06-11T23:18:08+0200,4e273271-2dd1-4145-994c-b9bfe17baf4e,2026-05-22T06:15:00Z,2026-05-22T08:15:00+0200,426.44998,MW,FR,FR,forecast_offshore_wind_generation,Wind Offshore,2026-06-11T21:19:02Z
2026-06-11T21:18:08Z,2026-06-11T23:18:08+0200,4e273271-2dd1-4145-994c-b9bfe17baf4e,2026-05-22T06:30:00Z,2026-05-22T08:30:00+0200,428.03998,MW,FR,FR,forecast_offshore_wind_generation,Wind Offshore,2026-06-11T21:19:02Z
2026-06-11T21:18:08Z,2026-06-11T23:18:08+0200,4e273271-2dd1-4145-994c-b9bfe17baf4e,2026-05-22T06:45:00Z,2026-05-22T08:45:00+0200,429.61002,MW,FR,FR,forecast_offshore_wind_generation,Wind Offshore,2026-06-11T21:19:02Z
2026-06-11T21:18:08Z,2026-06-11T23:18:08+0200,4e273271-2dd1-4145-994c-b9bfe17baf4e,2026-05-22T07:00:00Z,2026-05-22T09:00:00+0200,431.17999,MW,FR,FR,forecast_offshore_wind_generation,Wind Offshore,2026-06-11T21:19:02Z
2026-06-11T21:18:08Z,2026-06-11T23:18:08+0200,4e273271-2dd1-4145-994c-b9bfe17baf4e,2026-05-22T07:15:00Z,2026-05-22T09:15:00+0200,421.72,MW,FR,FR,forecast_offshore_wind_generation,Wind Offshore,2026-06-11T21:19:02Z
2026-06-11T21:18:08Z,2026-06-11T23:18:08+0200,4e273271-2dd1-4145-994c-b9bfe17baf4e,2026-05-22T07:30:00Z,2026-05-22T09:30:00+0200,412.26001,MW,FR,FR,forecast_offshore_wind_generation,Wind Offshore,2026-06-11T21:19:02Z
2026-06-11T21:18:08Z,2026-06-11T23:18:08+0200,4e273271-2dd1-4145-994c-b9bfe17baf4e,2026-05-22T07:45:00Z,2026-05-22T09:45:00+0200,402.78,MW,FR,FR,forecast_offshore_wind_generation,Wind Offshore,2026-06-11T21:19:02Z
2026-06-11T21:18:08Z,2026-06-11T23:18:08+0200,4e273271-2dd1-4145-994c-b9bfe17baf4e,2026-05-22T08:00:00Z,2026-05-22T10:00:00+0200,393.31998,MW,FR,FR,forecast_offshore_wind_generation,Wind Offshore,2026-06-11T21:19:02Z
2026-06-11T21:18:08Z,2026-06-11T23:18:08+0200,4e273271-2dd1-4145-994c-b9bfe17baf4e,2026-05-22T08:15:00Z,2026-05-22T10:15:00+0200,377.13998,MW,FR,FR,forecast_offshore_wind_generation,Wind Offshore,2026-06-11T21:19:02Z
2026-06-11T21:18:08Z,2026-06-11T23:18:08+0200,4e273271-2dd1-4145-994c-b9bfe17baf4e,2026-05-22T08:30:00Z,2026-05-22T10:30:00+0200,360.99002,MW,FR,FR,forecast_offshore_wind_generation,Wind Offshore,2026-06-11T21:19:02Z
2026-06-11T21:18:08Z,2026-06-11T23:18:08+0200,4e273271-2dd1-4145-994c-b9bfe17baf4e,2026-05-22T08:45:00Z,2026-05-22T10:45:00+0200,344.80002,MW,FR,FR,forecast_offshore_wind_generation,Wind Offshore,2026-06-11T21:19:02Z
2026-06-11T21:18:08Z,2026-06-11T23:18:08+0200,4e273271-2dd1-4145-994c-b9bfe17baf4e,2026-05-22T09:00:00Z,2026-05-22T11:00:00+0200,328.62,MW,FR,FR,forecast_offshore_wind_generation,Wind Offshore,2026-06-11T21:19:02Z
2026-06-11T21:18:08Z,2026-06-11T23:18:08+0200,4e273271-2dd1-4145-994c-b9bfe17baf4e,2026-05-22T09:15:00Z,2026-05-22T11:15:00+0200,327.04999,MW,FR,FR,forecast_offshore_wind_generation,Wind Offshore,2026-06-11T21:19:02Z
2026-06-11T21:18:08Z,2026-06-11T23:18:08+0200,4e273271-2dd1-4145-994c-b9bfe17baf4e,2026-05-22T09:30:00Z,2026-05-22T11:30:00+0200,325.45001,MW,FR,FR,forecast_offshore_wind_generation,Wind Offshore,2026-06-11T21:19:02Z
2026-06-11T21:18:08Z,2026-06-11T23:18:08+0200,4e273271-2dd1-4145-994c-b9bfe17baf4e,2026-05-22T09:45:00Z,2026-05-22T11:45:00+0200,323.88,MW,FR,FR,forecast_offshore_wind_generation,Wind Offshore,2026-06-11T21:19:02Z
2026-06-11T21:18:08Z,2026-06-11T23:18:08+0200,4e273271-2dd1-4145-994c-b9bfe17baf4e,2026-05-22T10:00:00Z,2026-05-22T12:00:00+0200,322.29999,MW,FR,FR,forecast_offshore_wind_generation,Wind Offshore,2026-06-11T21:19:02Z
2026-06-11T21:18:08Z,2026-06-11T23:18:08+0200,4e273271-2dd1-4145-994c-b9bfe17baf4e,2026-05-22T10:15:00Z,2026-05-22T12:15:00+0200,333.60999,MW,FR,FR,forecast_offshore_wind_generation,Wind Offshore,2026-06-11T21:19:02Z
2026-06-11T21:18:08Z,2026-06-11T23:18:08+0200,4e273271-2dd1-4145-994c-b9bfe17baf4e,2026-05-22T10:30:00Z,2026-05-22T12:30:00+0200,344.91998,MW,FR,FR,forecast_offshore_wind_generation,Wind Offshore,2026-06-11T21:19:02Z
2026-06-11T21:18:08Z,2026-06-11T23:18:08+0200,4e273271-2dd1-4145-994c-b9bfe17baf4e,2026-05-22T10:45:00Z,2026-05-22T12:45:00+0200,356.22998,MW,FR,FR,forecast_offshore_wind_generation,Wind Offshore,2026-06-11T21:19:02Z
2026-06-11T21:18:08Z,2026-06-11T23:18:08+0200,4e273271-2dd1-4145-994c-b9bfe17baf4e,2026-05-22T11:00:00Z,2026-05-22T13:00:00+0200,367.54999,MW,FR,FR,forecast_offshore_wind_generation,Wind Offshore,2026-06-11T21:19:02Z
2026-06-11T21:18:08Z,2026-06-11T23:18:08+0200,4e273271-2dd1-4145-994c-b9bfe17baf4e,2026-05-22T11:15:00Z,2026-05-22T13:15:00+0200,375.32999,MW,FR,FR,forecast_offshore_wind_generation,Wind Offshore,2026-06-11T21:19:02Z
2026-06-11T21:18:08Z,2026-06-11T23:18:08+0200,4e273271-2dd1-4145-994c-b9bfe17baf4e,2026-05-22T11:30:00Z,2026-05-22T13:30:00+0200,383.12,MW,FR,FR,forecast_offshore_wind_generation,Wind Offshore,2026-06-11T21:19:02Z
2026-06-11T21:18:08Z,2026-06-11T23:18:08+0200,4e273271-2dd1-4145-994c-b9bfe17baf4e,2026-05-22T11:45:00Z,2026-05-22T13:45:00+0200,390.90002,MW,FR,FR,forecast_offshore_wind_generation,Wind Offshore,2026-06-11T21:19:02Z
2026-06-11T21:18:08Z,2026-06-11T23:18:08+0200,4e273271-2dd1-4145-994c-b9bfe17baf4e,2026-05-22T12:00:00Z,2026-05-22T14:00:00+0200,398.67999,MW,FR,FR,forecast_offshore_wind_generation,Wind Offshore,2026-06-11T21:19:02Z
2026-06-11T21:18:08Z,2026-06-11T23:18:08+0200,4e273271-2dd1-4145-994c-b9bfe17baf4e,2026-05-22T12:15:00Z,2026-05-22T14:15:00+0200,404.88998,MW,FR,FR,forecast_offshore_wind_generation,Wind Offshore,2026-06-11T21:19:02Z
2026-06-11T21:18:08Z,2026-06-11T23:18:08+0200,4e273271-2dd1-4145-994c-b9bfe17baf4e,2026-05-22T12:30:00Z,2026-05-22T14:30:00+0200,411.10001,MW,FR,FR,forecast_offshore_wind_generation,Wind Offshore,2026-06-11T21:19:02Z
2026-06-11T21:18:08Z,2026-06-11T23:18:08+0200,4e273271-2dd1-4145-994c-b9bfe17baf4e,2026-05-22T12:45:00Z,2026-05-22T14:45:00+0200,417.32004,MW,FR,FR,forecast_offshore_wind_generation,Wind Offshore,2026-06-11T21:19:02Z
2026-06-11T21:18:08Z,2026-06-11T23:18:08+0200,4e273271-2dd1-4145-994c-b9bfe17baf4e,2026-05-22T13:00:00Z,2026-05-22T15:00:00+0200,423.51999,MW,FR,FR,forecast_offshore_wind_generation,Wind Offshore,2026-06-11T21:19:02Z
2026-06-11T21:18:08Z,2026-06-11T23:18:08+0200,4e273271-2dd1-4145-994c-b9bfe17baf4e,2026-05-22T13:15:00Z,2026-05-22T15:15:00+0200,439.71002,MW,FR,FR,forecast_offshore_wind_generation,Wind Offshore,2026-06-11T21:19:02Z
2026-06-11T21:18:08Z,2026-06-11T23:18:08+0200,4e273271-2dd1-4145-994c-b9bfe17baf4e,2026-05-22T13:30:00Z,2026-05-22T15:30:00+0200,455.91003,MW,FR,FR,forecast_offshore_wind_generation,Wind Offshore,2026-06-11T21:19:02Z
2026-06-11T21:18:08Z,2026-06-11T23:18:08+0200,4e273271-2dd1-4145-994c-b9bfe17baf4e,2026-05-22T13:45:00Z,2026-05-22T15:45:00+0200,472.13,MW,FR,FR,forecast_offshore_wind_generation,Wind Offshore,2026-06-11T21:19:02Z
2026-06-11T21:18:08Z,2026-06-11T23:18:08+0200,4e273271-2dd1-4145-994c-b9bfe17baf4e,2026-05-22T14:00:00Z,2026-05-22T16:00:00+0200,488.31998,MW,FR,FR,forecast_offshore_wind_generation,Wind Offshore,2026-06-11T21:19:02Z
2026-06-11T21:18:08Z,2026-06-11T23:18:08+0200,4e273271-2dd1-4145-994c-b9bfe17baf4e,2026-05-22T14:15:00Z,2026-05-22T16:15:00+0200,491.03998,MW,FR,FR,forecast_offshore_wind_generation,Wind Offshore,2026-06-11T21:19:02Z
2026-06-11T21:18:08Z,2026-06-11T23:18:08+0200,4e273271-2dd1-4145-994c-b9bfe17baf4e,2026-05-22T14:30:00Z,2026-05-22T16:30:00+0200,493.76001,MW,FR,FR,forecast_offshore_wind_generation,Wind Offshore,2026-06-11T21:19:02Z
2026-06-11T21:18:08Z,2026-06-11T23:18:08+0200,4e273271-2dd1-4145-994c-b9bfe17baf4e,2026-05-22T14:45:00Z,2026-05-22T16:45:00+0200,496.5,MW,FR,FR,forecast_offshore_wind_generation,Wind Offshore,2026-06-11T21:19:02Z
2026-06-11T21:18:08Z,2026-06-11T23:18:08+0200,4e273271-2dd1-4145-994c-b9bfe17baf4e,2026-05-22T15:00:00Z,2026-05-22T17:00:00+0200,499.26001,MW,FR,FR,forecast_offshore_wind_generation,Wind Offshore,2026-06-11T21:19:02Z
2026-06-11T21:18:08Z,2026-06-11T23:18:08+0200,4e273271-2dd1-4145-994c-b9bfe17baf4e,2026-05-22T15:15:00Z,2026-05-22T17:15:00+0200,469.60999,MW,FR,FR,forecast_offshore_wind_generation,Wind Offshore,2026-06-11T21:19:02Z
2026-06-11T21:18:08Z,2026-06-11T23:18:08+0200,4e273271-2dd1-4145-994c-b9bfe17baf4e,2026-05-22T15:30:00Z,2026-05-22T17:30:00+0200,439.98001,MW,FR,FR,forecast_offshore_wind_generation,Wind Offshore,2026-06-11T21:19:02Z
2026-06-11T21:18:08Z,2026-06-11T23:18:08+0200,4e273271-2dd1-4145-994c-b9bfe17baf4e,2026-05-22T15:45:00Z,2026-05-22T17:45:00+0200,410.38004,MW,FR,FR,forecast_offshore_wind_generation,Wind Offshore,2026-06-11T21:19:02Z
2026-06-11T21:18:08Z,2026-06-11T23:18:08+0200,4e273271-2dd1-4145-994c-b9bfe17baf4e,2026-05-22T16:00:00Z,2026-05-22T18:00:00+0200,380.79999,MW,FR,FR,forecast_offshore_wind_generation,Wind Offshore,2026-06-11T21:19:02Z
2026-06-11T21:18:08Z,2026-06-11T23:18:08+0200,4e273271-2dd1-4145-994c-b9bfe17baf4e,2026-05-22T16:15:00Z,2026-05-22T18:15:00+0200,347.54999,MW,FR,FR,forecast_offshore_wind_generation,Wind Offshore,2026-06-11T21:19:02Z
2026-06-11T21:18:08Z,2026-06-11T23:18:08+0200,4e273271-2dd1-4145-994c-b9bfe17baf4e,2026-05-22T16:30:00Z,2026-05-22T18:30:00+0200,314.31,MW,FR,FR,forecast_offshore_wind_generation,Wind Offshore,2026-06-11T21:19:02Z
2026-06-11T21:18:08Z,2026-06-11T23:18:08+0200,4e273271-2dd1-4145-994c-b9bfe17baf4e,2026-05-22T16:45:00Z,2026-05-22T18:45:00+0200,281.10999,MW,FR,FR,forecast_offshore_wind_generation,Wind Offshore,2026-06-11T21:19:02Z
2026-06-11T21:18:08Z,2026-06-11T23:18:08+0200,4e273271-2dd1-4145-994c-b9bfe17baf4e,2026-05-22T17:00:00Z,2026-05-22T19:00:00+0200,247.88998,MW,FR,FR,forecast_offshore_wind_generation,Wind Offshore,2026-06-11T21:19:02Z
2026-06-11T21:18:08Z,2026-06-11T23:18:08+0200,4e273271-2dd1-4145-994c-b9bfe17baf4e,2026-05-22T17:15:00Z,2026-05-22T19:15:00+0200,225.96001,MW,FR,FR,forecast_offshore_wind_generation,Wind Offshore,2026-06-11T21:19:02Z
2026-06-11T21:18:08Z,2026-06-11T23:18:08+0200,4e273271-2dd1-4145-994c-b9bfe17baf4e,2026-05-22T17:30:00Z,2026-05-22T19:30:00+0200,204.03,MW,FR,FR,forecast_offshore_wind_generation,Wind Offshore,2026-06-11T21:19:02Z
2026-06-11T21:18:08Z,2026-06-11T23:18:08+0200,4e273271-2dd1-4145-994c-b9bfe17baf4e,2026-05-22T17:45:00Z,2026-05-22T19:45:00+0200,182.13,MW,FR,FR,forecast_offshore_wind_generation,Wind Offshore,2026-06-11T21:19:02Z
2026-06-11T21:18:08Z,2026-06-11T23:18:08+0200,4e273271-2dd1-4145-994c-b9bfe17baf4e,2026-05-22T18:00:00Z,2026-05-22T20:00:00+0200,160.22,MW,FR,FR,forecast_offshore_wind_generation,Wind Offshore,2026-06-11T21:19:02Z
2026-06-11T21:18:08Z,2026-06-11T23:18:08+0200,4e273271-2dd1-4145-994c-b9bfe17baf4e,2026-05-22T18:15:00Z,2026-05-22T20:15:00+0200,147.17,MW,FR,FR,forecast_offshore_wind_generation,Wind Offshore,2026-06-11T21:19:02Z
2026-06-11T21:18:08Z,2026-06-11T23:18:08+0200,4e273271-2dd1-4145-994c-b9bfe17baf4e,2026-05-22T18:30:00Z,2026-05-22T20:30:00+0200,134.11,MW,FR,FR,forecast_offshore_wind_generation,Wind Offshore,2026-06-11T21:19:02Z
2026-06-11T21:18:08Z,2026-06-11T23:18:08+0200,4e273271-2dd1-4145-994c-b9bfe17baf4e,2026-05-22T18:45:00Z,2026-05-22T20:45:00+0200,121.06,MW,FR,FR,forecast_offshore_wind_generation,Wind Offshore,2026-06-11T21:19:02Z
2026-06-11T21:18:08Z,2026-06-11T23:18:08+0200,4e273271-2dd1-4145-994c-b9bfe17baf4e,2026-05-22T19:00:00Z,2026-05-22T21:00:00+0200,107.98,MW,FR,FR,forecast_offshore_wind_generation,Wind Offshore,2026-06-11T21:19:02Z
2026-06-11T21:18:08Z,2026-06-11T23:18:08+0200,4e273271-2dd1-4145-994c-b9bfe17baf4e,2026-05-22T19:15:00Z,2026-05-22T21:15:00+0200,105.71001,MW,FR,FR,forecast_offshore_wind_generation,Wind Offshore,2026-06-11T21:19:02Z
2026-06-11T21:18:08Z,2026-06-11T23:18:08+0200,4e273271-2dd1-4145-994c-b9bfe17baf4e,2026-05-22T19:30:00Z,2026-05-22T21:30:00+0200,103.43999,MW,FR,FR,forecast_offshore_wind_generation,Wind Offshore,2026-06-11T21:19:02Z
2026-06-11T21:18:08Z,2026-06-11T23:18:08+0200,4e273271-2dd1-4145-994c-b9bfe17baf4e,2026-05-22T19:45:00Z,2026-05-22T21:45:00+0200,101.16,MW,FR,FR,forecast_offshore_wind_generation,Wind Offshore,2026-06-11T21:19:02Z
2026-06-11T21:18:08Z,2026-06-11T23:18:08+0200,4e273271-2dd1-4145-994c-b9bfe17baf4e,2026-05-22T20:00:00Z,2026-05-22T22:00:00+0200,98.86,MW,FR,FR,forecast_offshore_wind_generation,Wind Offshore,2026-06-11T21:19:02Z
2026-06-11T21:18:08Z,2026-06-11T23:18:08+0200,4e273271-2dd1-4145-994c-b9bfe17baf4e,2026-05-22T20:15:00Z,2026-05-22T22:15:00+0200,107.73,MW,FR,FR,forecast_offshore_wind_generation,Wind Offshore,2026-06-11T21:19:02Z
2026-06-11T21:18:08Z,2026-06-11T23:18:08+0200,4e273271-2dd1-4145-994c-b9bfe17baf4e,2026-05-22T20:30:00Z,2026-05-22T22:30:00+0200,116.61001,MW,FR,FR,forecast_offshore_wind_generation,Wind Offshore,2026-06-11T21:19:02Z
2026-06-11T21:18:08Z,2026-06-11T23:18:08+0200,4e273271-2dd1-4145-994c-b9bfe17baf4e,2026-05-22T20:45:00Z,2026-05-22T22:45:00+0200,125.46,MW,FR,FR,forecast_offshore_wind_generation,Wind Offshore,2026-06-11T21:19:02Z
2026-06-11T21:18:08Z,2026-06-11T23:18:08+0200,4e273271-2dd1-4145-994c-b9bfe17baf4e,2026-05-22T21:00:00Z,2026-05-22T23:00:00+0200,134.3,MW,FR,FR,forecast_offshore_wind_generation,Wind Offshore,2026-06-11T21:19:02Z
2026-06-11T21:18:08Z,2026-06-11T23:18:08+0200,4e273271-2dd1-4145-994c-b9bfe17baf4e,2026-05-22T21:15:00Z,2026-05-22T23:15:00+0200,151.63998,MW,FR,FR,forecast_offshore_wind_generation,Wind Offshore,2026-06-11T21:19:02Z
2026-06-11T21:18:08Z,2026-06-11T23:18:08+0200,4e273271-2dd1-4145-994c-b9bfe17baf4e,2026-05-22T21:30:00Z,2026-05-22T23:30:00+0200,169.0,MW,FR,FR,forecast_offshore_wind_generation,Wind Offshore,2026-06-11T21:19:02Z
2026-06-11T21:18:08Z,2026-06-11T23:18:08+0200,4e273271-2dd1-4145-994c-b9bfe17baf4e,2026-05-22T21:45:00Z,2026-05-22T23:45:00+0200,186.32999,MW,FR,FR,forecast_offshore_wind_generation,Wind Offshore,2026-06-11T21:19:02Z
2026-06-11T21:18:08Z,2026-06-11T23:18:08+0200,4e273271-2dd1-4145-994c-b9bfe17baf4e,2026-05-22T22:00:00Z,2026-05-23T00:00:00+0200,140.83002,MW,FR,FR,forecast_offshore_wind_generation,Wind Offshore,2026-06-11T21:19:02Z
2026-06-11T21:18:08Z,2026-06-11T23:18:08+0200,4e273271-2dd1-4145-994c-b9bfe17baf4e,2026-05-22T22:15:00Z,2026-05-23T00:15:00+0200,153.13,MW,FR,FR,forecast_offshore_wind_generation,Wind Offshore,2026-06-11T21:19:02Z
2026-06-11T21:18:08Z,2026-06-11T23:18:08+0200,4e273271-2dd1-4145-994c-b9bfe17baf4e,2026-05-22T22:30:00Z,2026-05-23T00:30:00+0200,167.68001,MW,FR,FR,forecast_offshore_wind_generation,Wind Offshore,2026-06-11T21:19:02Z
2026-06-11T21:18:08Z,2026-06-11T23:18:08+0200,4e273271-2dd1-4145-994c-b9bfe17baf4e,2026-05-22T22:45:00Z,2026-05-23T00:45:00+0200,182.23999,MW,FR,FR,forecast_offshore_wind_generation,Wind Offshore,2026-06-11T21:19:02Z
2026-06-11T21:18:08Z,2026-06-11T23:18:08+0200,4e273271-2dd1-4145-994c-b9bfe17baf4e,2026-05-22T23:00:00Z,2026-05-23T01:00:00+0200,196.81,MW,FR,FR,forecast_offshore_wind_generation,Wind Offshore,2026-06-11T21:19:02Z
2026-06-11T21:18:08Z,2026-06-11T23:18:08+0200,4e273271-2dd1-4145-994c-b9bfe17baf4e,2026-05-22T23:15:00Z,2026-05-23T01:15:00+0200,215.82999,MW,FR,FR,forecast_offshore_wind_generation,Wind Offshore,2026-06-11T21:19:02Z
2026-06-11T21:18:08Z,2026-06-11T23:18:08+0200,4e273271-2dd1-4145-994c-b9bfe17baf4e,2026-05-22T23:30:00Z,2026-05-23T01:30:00+0200,234.82999,MW,FR,FR,forecast_offshore_wind_generation,Wind Offshore,2026-06-11T21:19:02Z
2026-06-11T21:18:08Z,2026-06-11T23:18:08+0200,4e273271-2dd1-4145-994c-b9bfe17baf4e,2026-05-22T23:45:00Z,2026-05-23T01:45:00+0200,253.84,MW,FR,FR,forecast_offshore_wind_generation,Wind Offshore,2026-06-11T21:19:02Z
2026-06-11T21:18:08Z,2026-06-11T23:18:08+0200,4e273271-2dd1-4145-994c-b9bfe17baf4e,2026-05-23T00:00:00Z,2026-05-23T02:00:00+0200,272.86002,MW,FR,FR,forecast_offshore_wind_generation,Wind Offshore,2026-06-11T21:19:02Z
2026-06-11T21:18:08Z,2026-06-11T23:18:08+0200,4e273271-2dd1-4145-994c-b9bfe17baf4e,2026-05-23T00:15:00Z,2026-05-23T02:15:00+0200,278.00998,MW,FR,FR,forecast_offshore_wind_generation,Wind Offshore,2026-06-11T21:19:02Z
2026-06-11T21:18:08Z,2026-06-11T23:18:08+0200,4e273271-2dd1-4145-994c-b9bfe17baf4e,2026-05-23T00:30:00Z,2026-05-23T02:30:00+0200,283.17999,MW,FR,FR,forecast_offshore_wind_generation,Wind Offshore,2026-06-11T21:19:02Z
2026-06-11T21:18:08Z,2026-06-11T23:18:08+0200,4e273271-2dd1-4145-994c-b9bfe17baf4e,2026-05-23T00:45:00Z,2026-05-23T02:45:00+0200,288.36002,MW,FR,FR,forecast_offshore_wind_generation,Wind Offshore,2026-06-11T21:19:02Z
2026-06-11T21:18:08Z,2026-06-11T23:18:08+0200,4e273271-2dd1-4145-994c-b9bfe17baf4e,2026-05-23T01:00:00Z,2026-05-23T03:00:00+0200,293.53,MW,FR,FR,forecast_offshore_wind_generation,Wind Offshore,2026-06-11T21:19:02Z
2026-06-11T21:18:08Z,2026-06-11T23:18:08+0200,4e273271-2dd1-4145-994c-b9bfe17baf4e,2026-05-23T01:15:00Z,2026-05-23T03:15:00+0200,284.51999,MW,FR,FR,forecast_offshore_wind_generation,Wind Offshore,2026-06-11T21:19:02Z
2026-06-11T21:18:08Z,2026-06-11T23:18:08+0200,4e273271-2dd1-4145-994c-b9bfe17baf4e,2026-05-23T01:30:00Z,2026-05-23T03:30:00+0200,275.5,MW,FR,FR,forecast_offshore_wind_generation,Wind Offshore,2026-06-11T21:19:02Z
2026-06-11T21:18:08Z,2026-06-11T23:18:08+0200,4e273271-2dd1-4145-994c-b9bfe17baf4e,2026-05-23T01:45:00Z,2026-05-23T03:45:00+0200,266.5,MW,FR,FR,forecast_offshore_wind_generation,Wind Offshore,2026-06-11T21:19:02Z
2026-06-11T21:18:08Z,2026-06-11T23:18:08+0200,4e273271-2dd1-4145-994c-b9bfe17baf4e,2026-05-23T02:00:00Z,2026-05-23T04:00:00+0200,257.5,MW,FR,FR,forecast_offshore_wind_generation,Wind Offshore,2026-06-11T21:19:02Z
2026-06-11T21:18:08Z,2026-06-11T23:18:08+0200,4e273271-2dd1-4145-994c-b9bfe17baf4e,2026-05-23T02:15:00Z,2026-05-23T04:15:00+0200,273.26001,MW,FR,FR,forecast_offshore_wind_generation,Wind Offshore,2026-06-11T21:19:02Z
2026-06-11T21:18:08Z,2026-06-11T23:18:08+0200,4e273271-2dd1-4145-994c-b9bfe17baf4e,2026-05-23T02:30:00Z,2026-05-23T04:30:00+0200,289.01999,MW,FR,FR,forecast_offshore_wind_generation,Wind Offshore,2026-06-11T21:19:02Z
2026-06-11T21:18:08Z,2026-06-11T23:18:08+0200,4e273271-2dd1-4145-994c-b9bfe17baf4e,2026-05-23T02:45:00Z,2026-05-23T04:45:00+0200,304.78,MW,FR,FR,forecast_offshore_wind_generation,Wind Offshore,2026-06-11T21:19:02Z
2026-06-11T21:18:08Z,2026-06-11T23:18:08+0200,4e273271-2dd1-4145-994c-b9bfe17baf4e,2026-05-23T03:00:00Z,2026-05-23T05:00:00+0200,320.53998,MW,FR,FR,forecast_offshore_wind_generation,Wind Offshore,2026-06-11T21:19:02Z
2026-06-11T21:18:08Z,2026-06-11T23:18:08+0200,4e273271-2dd1-4145-994c-b9bfe17baf4e,2026-05-23T03:15:00Z,2026-05-23T05:15:00+0200,325.84,MW,FR,FR,forecast_offshore_wind_generation,Wind Offshore,2026-06-11T21:19:02Z
2026-06-11T21:18:08Z,2026-06-11T23:18:08+0200,4e273271-2dd1-4145-994c-b9bfe17baf4e,2026-05-23T03:30:00Z,2026-05-23T05:30:00+0200,331.12,MW,FR,FR,forecast_offshore_wind_generation,Wind Offshore,2026-06-11T21:19:02Z
2026-06-11T21:18:08Z,2026-06-11T23:18:08+0200,4e273271-2dd1-4145-994c-b9bfe17baf4e,2026-05-23T03:45:00Z,2026-05-23T05:45:00+0200,336.41,MW,FR,FR,forecast_offshore_wind_generation,Wind Offshore,2026-06-11T21:19:02Z
2026-06-11T21:18:08Z,2026-06-11T23:18:08+0200,4e273271-2dd1-4145-994c-b9bfe17baf4e,2026-05-23T04:00:00Z,2026-05-23T06:00:00+0200,341.70001,MW,FR,FR,forecast_offshore_wind_generation,Wind Offshore,2026-06-11T21:19:02Z
2026-06-11T21:18:08Z,2026-06-11T23:18:08+0200,4e273271-2dd1-4145-994c-b9bfe17baf4e,2026-05-23T04:15:00Z,2026-05-23T06:15:00+0200,317.14001,MW,FR,FR,forecast_offshore_wind_generation,Wind Offshore,2026-06-11T21:19:02Z
2026-06-11T21:18:08Z,2026-06-11T23:18:08+0200,4e273271-2dd1-4145-994c-b9bfe17baf4e,2026-05-23T04:30:00Z,2026-05-23T06:30:00+0200,292.60001,MW,FR,FR,forecast_offshore_wind_generation,Wind Offshore,2026-06-11T21:19:02Z
2026-06-11T21:18:08Z,2026-06-11T23:18:08+0200,4e273271-2dd1-4145-994c-b9bfe17baf4e,2026-05-23T04:45:00Z,2026-05-23T06:45:00+0200,268.06,MW,FR,FR,forecast_offshore_wind_generation,Wind Offshore,2026-06-11T21:19:02Z
2026-06-11T21:18:08Z,2026-06-11T23:18:08+0200,4e273271-2dd1-4145-994c-b9bfe17baf4e,2026-05-23T05:00:00Z,2026-05-23T07:00:00+0200,243.50999,MW,FR,FR,forecast_offshore_wind_generation,Wind Offshore,2026-06-11T21:19:02Z
2026-06-11T21:18:08Z,2026-06-11T23:18:08+0200,4e273271-2dd1-4145-994c-b9bfe17baf4e,2026-05-23T05:15:00Z,2026-05-23T07:15:00+0200,227.39999,MW,FR,FR,forecast_offshore_wind_generation,Wind Offshore,2026-06-11T21:19:02Z
2026-06-11T21:18:08Z,2026-06-11T23:18:08+0200,4e273271-2dd1-4145-994c-b9bfe17baf4e,2026-05-23T05:30:00Z,2026-05-23T07:30:00+0200,211.28,MW,FR,FR,forecast_offshore_wind_generation,Wind Offshore,2026-06-11T21:19:02Z
2026-06-11T21:18:08Z,2026-06-11T23:18:08+0200,4e273271-2dd1-4145-994c-b9bfe17baf4e,2026-05-23T05:45:00Z,2026-05-23T07:45:00+0200,195.17001,MW,FR,FR,forecast_offshore_wind_generation,Wind Offshore,2026-06-11T21:19:02Z
2026-06-11T21:18:08Z,2026-06-11T23:18:08+0200,4e273271-2dd1-4145-994c-b9bfe17baf4e,2026-05-23T06:00:00Z,2026-05-23T08:00:00+0200,179.05,MW,FR,FR,forecast_offshore_wind_generation,Wind Offshore,2026-06-11T21:19:02Z
2026-06-11T21:18:08Z,2026-06-11T23:18:08+0200,4e273271-2dd1-4145-994c-b9bfe17baf4e,2026-05-23T06:15:00Z,2026-05-23T08:15:00+0200,171.25,MW,FR,FR,forecast_offshore_wind_generation,Wind Offshore,2026-06-11T21:19:02Z
2026-06-11T21:18:08Z,2026-06-11T23:18:08+0200,4e273271-2dd1-4145-994c-b9bfe17baf4e,2026-05-23T06:30:00Z,2026-05-23T08:30:00+0200,163.45999,MW,FR,FR,forecast_offshore_wind_generation,Wind Offshore,2026-06-11T21:19:02Z
2026-06-11T21:18:08Z,2026-06-11T23:18:08+0200,4e273271-2dd1-4145-994c-b9bfe17baf4e,2026-05-23T06:45:00Z,2026-05-23T08:45:00+0200,155.67,MW,FR,FR,forecast_offshore_wind_generation,Wind Offshore,2026-06-11T21:19:02Z
2026-06-11T21:18:08Z,2026-06-11T23:18:08+0200,4e273271-2dd1-4145-994c-b9bfe17baf4e,2026-05-23T07:00:00Z,2026-05-23T09:00:00+0200,147.88,MW,FR,FR,forecast_offshore_wind_generation,Wind Offshore,2026-06-11T21:19:02Z
2026-06-11T21:18:08Z,2026-06-11T23:18:08+0200,4e273271-2dd1-4145-994c-b9bfe17baf4e,2026-05-23T07:15:00Z,2026-05-23T09:15:00+0200,144.39001,MW,FR,FR,forecast_offshore_wind_generation,Wind Offshore,2026-06-11T21:19:02Z
2026-06-11T21:18:08Z,2026-06-11T23:18:08+0200,4e273271-2dd1-4145-994c-b9bfe17baf4e,2026-05-23T07:30:00Z,2026-05-23T09:30:00+0200,140.92,MW,FR,FR,forecast_offshore_wind_generation,Wind Offshore,2026-06-11T21:19:02Z
2026-06-11T21:18:08Z,2026-06-11T23:18:08+0200,4e273271-2dd1-4145-994c-b9bfe17baf4e,2026-05-23T07:45:00Z,2026-05-23T09:45:00+0200,137.44,MW,FR,FR,forecast_offshore_wind_generation,Wind Offshore,2026-06-11T21:19:02Z
2026-06-11T21:18:08Z,2026-06-11T23:18:08+0200,4e273271-2dd1-4145-994c-b9bfe17baf4e,2026-05-23T08:00:00Z,2026-05-23T10:00:00+0200,134.33,MW,FR,FR,forecast_offshore_wind_generation,Wind Offshore,2026-06-11T21:19:02Z
2026-06-11T21:18:08Z,2026-06-11T23:18:08+0200,4e273271-2dd1-4145-994c-b9bfe17baf4e,2026-05-23T08:15:00Z,2026-05-23T10:15:00+0200,132.05,MW,FR,FR,forecast_offshore_wind_generation,Wind Offshore,2026-06-11T21:19:02Z
2026-06-11T21:18:08Z,2026-06-11T23:18:08+0200,4e273271-2dd1-4145-994c-b9bfe17baf4e,2026-05-23T08:30:00Z,2026-05-23T10:30:00+0200,94.17,MW,FR,FR,forecast_offshore_wind_generation,Wind Offshore,2026-06-11T21:19:02Z
2026-06-11T21:18:08Z,2026-06-11T23:18:08+0200,4e273271-2dd1-4145-994c-b9bfe17baf4e,2026-05-23T08:45:00Z,2026-05-23T10:45:00+0200,95.83,MW,FR,FR,forecast_offshore_wind_generation,Wind Offshore,2026-06-11T21:19:02Z
2026-06-11T21:18:08Z,2026-06-11T23:18:08+0200,4e273271-2dd1-4145-994c-b9bfe17baf4e,2026-05-23T09:00:00Z,2026-05-23T11:00:00+0200,97.47,MW,FR,FR,forecast_offshore_wind_generation,Wind Offshore,2026-06-11T21:19:02Z
2026-06-11T21:18:08Z,2026-06-11T23:18:08+0200,4e273271-2dd1-4145-994c-b9bfe17baf4e,2026-05-23T09:15:00Z,2026-05-23T11:15:00+0200,97.73,MW,FR,FR,forecast_offshore_wind_generation,Wind Offshore,2026-06-11T21:19:02Z
2026-06-11T21:18:08Z,2026-06-11T23:18:08+0200,4e273271-2dd1-4145-994c-b9bfe17baf4e,2026-05-23T09:30:00Z,2026-05-23T11:30:00+0200,97.42001,MW,FR,FR,forecast_offshore_wind_generation,Wind Offshore,2026-06-11T21:19:02Z
2026-06-11T21:18:08Z,2026-06-11T23:18:08+0200,4e273271-2dd1-4145-994c-b9bfe17baf4e,2026-05-23T09:45:00Z,2026-05-23T11:45:00+0200,95.64,MW,FR,FR,forecast_offshore_wind_generation,Wind Offshore,2026-06-11T21:19:02Z
2026-06-11T21:18:08Z,2026-06-11T23:18:08+0200,4e273271-2dd1-4145-994c-b9bfe17baf4e,2026-05-23T10:00:00Z,2026-05-23T12:00:00+0200,93.84,MW,FR,FR,forecast_offshore_wind_generation,Wind Offshore,2026-06-11T21:19:02Z
2026-06-11T21:18:08Z,2026-06-11T23:18:08+0200,4e273271-2dd1-4145-994c-b9bfe17baf4e,2026-05-23T10:15:00Z,2026-05-23T12:15:00+0200,91.3,MW,FR,FR,forecast_offshore_wind_generation,Wind Offshore,2026-06-11T21:19:02Z
2026-06-11T21:18:08Z,2026-06-11T23:18:08+0200,4e273271-2dd1-4145-994c-b9bfe17baf4e,2026-05-23T10:30:00Z,2026-05-23T12:30:00+0200,87.83,MW,FR,FR,forecast_offshore_wind_generation,Wind Offshore,2026-06-11T21:19:02Z
2026-06-11T21:18:08Z,2026-06-11T23:18:08+0200,4e273271-2dd1-4145-994c-b9bfe17baf4e,2026-05-23T10:45:00Z,2026-05-23T12:45:00+0200,84.17001,MW,FR,FR,forecast_offshore_wind_generation,Wind Offshore,2026-06-11T21:19:02Z
2026-06-11T21:18:08Z,2026-06-11T23:18:08+0200,4e273271-2dd1-4145-994c-b9bfe17baf4e,2026-05-23T11:00:00Z,2026-05-23T13:00:00+0200,80.50001,MW,FR,FR,forecast_offshore_wind_generation,Wind Offshore,2026-06-11T21:19:02Z
2026-06-11T21:18:08Z,2026-06-11T23:18:08+0200,4e273271-2dd1-4145-994c-b9bfe17baf4e,2026-05-23T11:15:00Z,2026-05-23T13:15:00+0200,79.44,MW,FR,FR,forecast_offshore_wind_generation,Wind Offshore,2026-06-11T21:19:02Z
2026-06-11T21:18:08Z,2026-06-11T23:18:08+0200,4e273271-2dd1-4145-994c-b9bfe17baf4e,2026-05-23T11:30:00Z,2026-05-23T13:30:00+0200,77.73,MW,FR,FR,forecast_offshore_wind_generation,Wind Offshore,2026-06-11T21:19:02Z
2026-06-11T21:18:08Z,2026-06-11T23:18:08+0200,4e273271-2dd1-4145-994c-b9bfe17baf4e,2026-05-23T11:45:00Z,2026-05-23T13:45:00+0200,73.69,MW,FR,FR,forecast_offshore_wind_generation,Wind Offshore,2026-06-11T21:19:02Z
2026-06-11T21:18:08Z,2026-06-11T23:18:08+0200,4e273271-2dd1-4145-994c-b9bfe17baf4e,2026-05-23T12:00:00Z,2026-05-23T14:00:00+0200,69.39999,MW,FR,FR,forecast_offshore_wind_generation,Wind Offshore,2026-06-11T21:19:02Z
2026-06-11T21:18:08Z,2026-06-11T23:18:08+0200,4e273271-2dd1-4145-994c-b9bfe17baf4e,2026-05-23T12:15:00Z,2026-05-23T14:15:00+0200,67.55,MW,FR,FR,forecast_offshore_wind_generation,Wind Offshore,2026-06-11T21:19:02Z
2026-06-11T21:18:08Z,2026-06-11T23:18:08+0200,4e273271-2dd1-4145-994c-b9bfe17baf4e,2026-05-23T12:30:00Z,2026-05-23T14:30:00+0200,64.59,MW,FR,FR,forecast_offshore_wind_generation,Wind Offshore,2026-06-11T21:19:02Z
2026-06-11T21:18:08Z,2026-06-11T23:18:08+0200,4e273271-2dd1-4145-994c-b9bfe17baf4e,2026-05-23T12:45:00Z,2026-05-23T14:45:00+0200,61.5,MW,FR,FR,forecast_offshore_wind_generation,Wind Offshore,2026-06-11T21:19:02Z
2026-06-11T21:18:08Z,2026-06-11T23:18:08+0200,4e273271-2dd1-4145-994c-b9bfe17baf4e,2026-05-23T13:00:00Z,2026-05-23T15:00:00+0200,57.32,MW,FR,FR,forecast_offshore_wind_generation,Wind Offshore,2026-06-11T21:19:02Z
2026-06-11T21:18:08Z,2026-06-11T23:18:08+0200,4e273271-2dd1-4145-994c-b9bfe17baf4e,2026-05-23T13:15:00Z,2026-05-23T15:15:00+0200,58.15,MW,FR,FR,forecast_offshore_wind_generation,Wind Offshore,2026-06-11T21:19:02Z
2026-06-11T21:18:08Z,2026-06-11T23:18:08+0200,4e273271-2dd1-4145-994c-b9bfe17baf4e,2026-05-23T13:30:00Z,2026-05-23T15:30:00+0200,59.03,MW,FR,FR,forecast_offshore_wind_generation,Wind Offshore,2026-06-11T21:19:02Z
2026-06-11T21:18:08Z,2026-06-11T23:18:08+0200,4e273271-2dd1-4145-994c-b9bfe17baf4e,2026-05-23T13:45:00Z,2026-05-23T15:45:00+0200,59.88,MW,FR,FR,forecast_offshore_wind_generation,Wind Offshore,2026-06-11T21:19:02Z
2026-06-11T21:18:08Z,2026-06-11T23:18:08+0200,4e273271-2dd1-4145-994c-b9bfe17baf4e,2026-05-23T14:00:00Z,2026-05-23T16:00:00+0200,60.73,MW,FR,FR,forecast_offshore_wind_generation,Wind Offshore,2026-06-11T21:19:02Z
2026-06-11T21:18:08Z,2026-06-11T23:18:08+0200,4e273271-2dd1-4145-994c-b9bfe17baf4e,2026-05-23T14:15:00Z,2026-05-23T16:15:00+0200,70.95,MW,FR,FR,forecast_offshore_wind_generation,Wind Offshore,2026-06-11T21:19:02Z
2026-06-11T21:18:08Z,2026-06-11T23:18:08+0200,4e273271-2dd1-4145-994c-b9bfe17baf4e,2026-05-23T14:30:00Z,2026-05-23T16:30:00+0200,98.47,MW,FR,FR,forecast_offshore_wind_generation,Wind Offshore,2026-06-11T21:19:02Z
2026-06-11T21:18:08Z,2026-06-11T23:18:08+0200,4e273271-2dd1-4145-994c-b9bfe17baf4e,2026-05-23T14:45:00Z,2026-05-23T16:45:00+0200,110.28,MW,FR,FR,forecast_offshore_wind_generation,Wind Offshore,2026-06-11T21:19:02Z
2026-06-11T21:18:08Z,2026-06-11T23:18:08+0200,4e273271-2dd1-4145-994c-b9bfe17baf4e,2026-05-23T15:00:00Z,2026-05-23T17:00:00+0200,122.86,MW,FR,FR,forecast_offshore_wind_generation,Wind Offshore,2026-06-11T21:19:02Z
2026-06-11T21:18:08Z,2026-06-11T23:18:08+0200,4e273271-2dd1-4145-994c-b9bfe17baf4e,2026-05-23T15:15:00Z,2026-05-23T17:15:00+0200,140.82001,MW,FR,FR,forecast_offshore_wind_generation,Wind Offshore,2026-06-11T21:19:02Z
2026-06-11T21:18:08Z,2026-06-11T23:18:08+0200,4e273271-2dd1-4145-994c-b9bfe17baf4e,2026-05-23T15:30:00Z,2026-05-23T17:30:00+0200,158.78,MW,FR,FR,forecast_offshore_wind_generation,Wind Offshore,2026-06-11T21:19:02Z
2026-06-11T21:18:08Z,2026-06-11T23:18:08+0200,4e273271-2dd1-4145-994c-b9bfe17baf4e,2026-05-23T15:45:00Z,2026-05-23T17:45:00+0200,176.89,MW,FR,FR,forecast_offshore_wind_generation,Wind Offshore,2026-06-11T21:19:02Z
2026-06-11T21:18:08Z,2026-06-11T23:18:08+0200,4e273271-2dd1-4145-994c-b9bfe17baf4e,2026-05-23T16:00:00Z,2026-05-23T18:00:00+0200,194.98999,MW,FR,FR,forecast_offshore_wind_generation,Wind Offshore,2026-06-11T21:19:02Z
2026-06-11T21:18:08Z,2026-06-11T23:18:08+0200,4e273271-2dd1-4145-994c-b9bfe17baf4e,2026-05-23T16:15:00Z,2026-05-23T18:15:00+0200,210.13998,MW,FR,FR,forecast_offshore_wind_generation,Wind Offshore,2026-06-11T21:19:02Z
2026-06-11T21:18:08Z,2026-06-11T23:18:08+0200,4e273271-2dd1-4145-994c-b9bfe17baf4e,2026-05-23T16:30:00Z,2026-05-23T18:30:00+0200,225.48001,MW,FR,FR,forecast_offshore_wind_generation,Wind Offshore,2026-06-11T21:19:02Z
2026-06-11T21:18:08Z,2026-06-11T23:18:08+0200,4e273271-2dd1-4145-994c-b9bfe17baf4e,2026-05-23T16:45:00Z,2026-05-23T18:45:00+0200,240.87,MW,FR,FR,forecast_offshore_wind_generation,Wind Offshore,2026-06-11T21:19:02Z
2026-06-11T21:18:08Z,2026-06-11T23:18:08+0200,4e273271-2dd1-4145-994c-b9bfe17baf4e,2026-05-23T17:00:00Z,2026-05-23T19:00:00+0200,256.25998,MW,FR,FR,forecast_offshore_wind_generation,Wind Offshore,2026-06-11T21:19:02Z
2026-06-11T21:18:08Z,2026-06-11T23:18:08+0200,4e273271-2dd1-4145-994c-b9bfe17baf4e,2026-05-23T17:15:00Z,2026-05-23T19:15:00+0200,273.56,MW,FR,FR,forecast_offshore_wind_generation,Wind Offshore,2026-06-11T21:19:02Z
2026-06-11T21:18:08Z,2026-06-11T23:18:08+0200,4e273271-2dd1-4145-994c-b9bfe17baf4e,2026-05-23T17:30:00Z,2026-05-23T19:30:00+0200,290.87997,MW,FR,FR,forecast_offshore_wind_generation,Wind Offshore,2026-06-11T21:19:02Z
2026-06-11T21:18:08Z,2026-06-11T23:18:08+0200,4e273271-2dd1-4145-994c-b9bfe17baf4e,2026-05-23T17:45:00Z,2026-05-23T19:45:00+0200,308.17999,MW,FR,FR,forecast_offshore_wind_generation,Wind Offshore,2026-06-11T21:19:02Z
2026-06-11T21:18:08Z,2026-06-11T23:18:08+0200,4e273271-2dd1-4145-994c-b9bfe17baf4e,2026-05-23T18:00:00Z,2026-05-23T20:00:00+0200,325.48001,MW,FR,FR,forecast_offshore_wind_generation,Wind Offshore,2026-06-11T21:19:02Z
2026-06-11T21:18:08Z,2026-06-11T23:18:08+0200,4e273271-2dd1-4145-994c-b9bfe17baf4e,2026-05-23T18:15:00Z,2026-05-23T20:15:00+0200,360.09,MW,FR,FR,forecast_offshore_wind_generation,Wind Offshore,2026-06-11T21:19:02Z
2026-06-11T21:18:08Z,2026-06-11T23:18:08+0200,4e273271-2dd1-4145-994c-b9bfe17baf4e,2026-05-23T18:30:00Z,2026-05-23T20:30:00+0200,394.69,MW,FR,FR,forecast_offshore_wind_generation,Wind Offshore,2026-06-11T21:19:02Z
2026-06-11T21:18:08Z,2026-06-11T23:18:08+0200,4e273271-2dd1-4145-994c-b9bfe17baf4e,2026-05-23T18:45:00Z,2026-05-23T20:45:00+0200,429.30002,MW,FR,FR,forecast_offshore_wind_generation,Wind Offshore,2026-06-11T21:19:02Z
2026-06-11T21:18:08Z,2026-06-11T23:18:08+0200,4e273271-2dd1-4145-994c-b9bfe17baf4e,2026-05-23T19:00:00Z,2026-05-23T21:00:00+0200,463.90002,MW,FR,FR,forecast_offshore_wind_generation,Wind Offshore,2026-06-11T21:19:02Z
2026-06-11T21:18:08Z,2026-06-11T23:18:08+0200,4e273271-2dd1-4145-994c-b9bfe17baf4e,2026-05-23T19:15:00Z,2026-05-23T21:15:00+0200,501.07999,MW,FR,FR,forecast_offshore_wind_generation,Wind Offshore,2026-06-11T21:19:02Z
2026-06-11T21:18:08Z,2026-06-11T23:18:08+0200,4e273271-2dd1-4145-994c-b9bfe17baf4e,2026-05-23T19:30:00Z,2026-05-23T21:30:00+0200,538.25995,MW,FR,FR,forecast_offshore_wind_generation,Wind Offshore,2026-06-11T21:19:02Z
2026-06-11T21:18:08Z,2026-06-11T23:18:08+0200,4e273271-2dd1-4145-994c-b9bfe17baf4e,2026-05-23T19:45:00Z,2026-05-23T21:45:00+0200,575.45001,MW,FR,FR,forecast_offshore_wind_generation,Wind Offshore,2026-06-11T21:19:02Z
2026-06-11T21:18:08Z,2026-06-11T23:18:08+0200,4e273271-2dd1-4145-994c-b9bfe17baf4e,2026-05-23T20:00:00Z,2026-05-23T22:00:00+0200,612.64001,MW,FR,FR,forecast_offshore_wind_generation,Wind Offshore,2026-06-11T21:19:02Z
2026-06-11T21:18:08Z,2026-06-11T23:18:08+0200,4e273271-2dd1-4145-994c-b9bfe17baf4e,2026-05-23T20:15:00Z,2026-05-23T22:15:00+0200,640.18005,MW,FR,FR,forecast_offshore_wind_generation,Wind Offshore,2026-06-11T21:19:02Z
2026-06-11T21:18:08Z,2026-06-11T23:18:08+0200,4e273271-2dd1-4145-994c-b9bfe17baf4e,2026-05-23T20:30:00Z,2026-05-23T22:30:00+0200,667.71997,MW,FR,FR,forecast_offshore_wind_generation,Wind Offshore,2026-06-11T21:19:02Z
2026-06-11T21:18:08Z,2026-06-11T23:18:08+0200,4e273271-2dd1-4145-994c-b9bfe17baf4e,2026-05-23T20:45:00Z,2026-05-23T22:45:00+0200,695.26001,MW,FR,FR,forecast_offshore_wind_generation,Wind Offshore,2026-06-11T21:19:02Z
2026-06-11T21:18:08Z,2026-06-11T23:18:08+0200,4e273271-2dd1-4145-994c-b9bfe17baf4e,2026-05-23T21:00:00Z,2026-05-23T23:00:00+0200,722.80005,MW,FR,FR,forecast_offshore_wind_generation,Wind Offshore,2026-06-11T21:19:02Z
2026-06-11T21:18:08Z,2026-06-11T23:18:08+0200,4e273271-2dd1-4145-994c-b9bfe17baf4e,2026-05-23T21:15:00Z,2026-05-23T23:15:00+0200,719.62,MW,FR,FR,forecast_offshore_wind_generation,Wind Offshore,2026-06-11T21:19:02Z
2026-06-11T21:18:08Z,2026-06-11T23:18:08+0200,4e273271-2dd1-4145-994c-b9bfe17baf4e,2026-05-23T21:30:00Z,2026-05-23T23:30:00+0200,716.44,MW,FR,FR,forecast_offshore_wind_generation,Wind Offshore,2026-06-11T21:19:02Z
2026-06-11T21:18:08Z,2026-06-11T23:18:08+0200,4e273271-2dd1-4145-994c-b9bfe17baf4e,2026-05-23T21:45:00Z,2026-05-23T23:45:00+0200,713.26001,MW,FR,FR,forecast_offshore_wind_generation,Wind Offshore,2026-06-11T21:19:02Z
2026-06-11T21:18:08Z,2026-06-11T23:18:08+0200,4e273271-2dd1-4145-994c-b9bfe17baf4e,2026-05-23T22:00:00Z,2026-05-24T00:00:00+0200,771.59003,MW,FR,FR,forecast_offshore_wind_generation,Wind Offshore,2026-06-11T21:19:02Z
2026-06-11T21:18:08Z,2026-06-11T23:18:08+0200,4e273271-2dd1-4145-994c-b9bfe17baf4e,2026-05-23T22:15:00Z,2026-05-24T00:15:00+0200,764.96997,MW,FR,FR,forecast_offshore_wind_generation,Wind Offshore,2026-06-11T21:19:02Z
2026-06-11T21:18:08Z,2026-06-11T23:18:08+0200,4e273271-2dd1-4145-994c-b9bfe17baf4e,2026-05-23T22:30:00Z,2026-05-24T00:30:00+0200,758.34998,MW,FR,FR,forecast_offshore_wind_generation,Wind Offshore,2026-06-11T21:19:02Z
2026-06-11T21:18:08Z,2026-06-11T23:18:08+0200,4e273271-2dd1-4145-994c-b9bfe17baf4e,2026-05-23T22:45:00Z,2026-05-24T00:45:00+0200,751.73004,MW,FR,FR,forecast_offshore_wind_generation,Wind Offshore,2026-06-11T21:19:02Z
2026-06-11T21:18:08Z,2026-06-11T23:18:08+0200,4e273271-2dd1-4145-994c-b9bfe17baf4e,2026-05-23T23:00:00Z,2026-05-24T01:00:00+0200,745.09003,MW,FR,FR,forecast_offshore_wind_generation,Wind Offshore,2026-06-11T21:19:02Z
2026-06-11T21:18:08Z,2026-06-11T23:18:08+0200,4e273271-2dd1-4145-994c-b9bfe17baf4e,2026-05-23T23:15:00Z,2026-05-24T01:15:00+0200,731.98999,MW,FR,FR,forecast_offshore_wind_generation,Wind Offshore,2026-06-11T21:19:02Z
2026-06-11T21:18:08Z,2026-06-11T23:18:08+0200,4e273271-2dd1-4145-994c-b9bfe17baf4e,2026-05-23T23:30:00Z,2026-05-24T01:30:00+0200,718.88,MW,FR,FR,forecast_offshore_wind_generation,Wind Offshore,2026-06-11T21:19:02Z
2026-06-11T21:18:08Z,2026-06-11T23:18:08+0200,4e273271-2dd1-4145-994c-b9bfe17baf4e,2026-05-23T23:45:00Z,2026-05-24T01:45:00+0200,705.76996,MW,FR,FR,forecast_offshore_wind_generation,Wind Offshore,2026-06-11T21:19:02Z
2026-06-11T21:18:08Z,2026-06-11T23:18:08+0200,4e273271-2dd1-4145-994c-b9bfe17baf4e,2026-05-24T00:00:00Z,2026-05-24T02:00:00+0200,692.66998,MW,FR,FR,forecast_offshore_wind_generation,Wind Offshore,2026-06-11T21:19:02Z
2026-06-11T21:18:08Z,2026-06-11T23:18:08+0200,4e273271-2dd1-4145-994c-b9bfe17baf4e,2026-05-24T00:15:00Z,2026-05-24T02:15:00+0200,672.41998,MW,FR,FR,forecast_offshore_wind_generation,Wind Offshore,2026-06-11T21:19:02Z
2026-06-11T21:18:08Z,2026-06-11T23:18:08+0200,4e273271-2dd1-4145-994c-b9bfe17baf4e,2026-05-24T00:30:00Z,2026-05-24T02:30:00+0200,652.16998,MW,FR,FR,forecast_offshore_wind_generation,Wind Offshore,2026-06-11T21:19:02Z
2026-06-11T21:18:08Z,2026-06-11T23:18:08+0200,4e273271-2dd1-4145-994c-b9bfe17baf4e,2026-05-24T00:45:00Z,2026-05-24T02:45:00+0200,631.92999,MW,FR,FR,forecast_offshore_wind_generation,Wind Offshore,2026-06-11T21:19:02Z
2026-06-11T21:18:08Z,2026-06-11T23:18:08+0200,4e273271-2dd1-4145-994c-b9bfe17baf4e,2026-05-24T01:00:00Z,2026-05-24T03:00:00+0200,611.69,MW,FR,FR,forecast_offshore_wind_generation,Wind Offshore,2026-06-11T21:19:02Z
2026-06-11T21:18:08Z,2026-06-11T23:18:08+0200,4e273271-2dd1-4145-994c-b9bfe17baf4e,2026-05-24T01:15:00Z,2026-05-24T03:15:00+0200,610.38995,MW,FR,FR,forecast_offshore_wind_generation,Wind Offshore,2026-06-11T21:19:02Z
2026-06-11T21:18:08Z,2026-06-11T23:18:08+0200,4e273271-2dd1-4145-994c-b9bfe17baf4e,2026-05-24T01:30:00Z,2026-05-24T03:30:00+0200,609.10004,MW,FR,FR,forecast_offshore_wind_generation,Wind Offshore,2026-06-11T21:19:02Z
2026-06-11T21:18:08Z,2026-06-11T23:18:08+0200,4e273271-2dd1-4145-994c-b9bfe17baf4e,2026-05-24T01:45:00Z,2026-05-24T03:45:00+0200,607.81,MW,FR,FR,forecast_offshore_wind_generation,Wind Offshore,2026-06-11T21:19:02Z
2026-06-11T21:18:08Z,2026-06-11T23:18:08+0200,4e273271-2dd1-4145-994c-b9bfe17baf4e,2026-05-24T02:00:00Z,2026-05-24T04:00:00+0200,606.52002,MW,FR,FR,forecast_offshore_wind_generation,Wind Offshore,2026-06-11T21:19:02Z
2026-06-11T21:18:08Z,2026-06-11T23:18:08+0200,4e273271-2dd1-4145-994c-b9bfe17baf4e,2026-05-24T02:15:00Z,2026-05-24T04:15:00+0200,611.90002,MW,FR,FR,forecast_offshore_wind_generation,Wind Offshore,2026-06-11T21:19:02Z
2026-06-11T21:18:08Z,2026-06-11T23:18:08+0200,4e273271-2dd1-4145-994c-b9bfe17baf4e,2026-05-24T02:30:00Z,2026-05-24T04:30:00+0200,617.29004,MW,FR,FR,forecast_offshore_wind_generation,Wind Offshore,2026-06-11T21:19:02Z
2026-06-11T21:18:08Z,2026-06-11T23:18:08+0200,4e273271-2dd1-4145-994c-b9bfe17baf4e,2026-05-24T02:45:00Z,2026-05-24T04:45:00+0200,622.67999,MW,FR,FR,forecast_offshore_wind_generation,Wind Offshore,2026-06-11T21:19:02Z
2026-06-11T21:18:08Z,2026-06-11T23:18:08+0200,4e273271-2dd1-4145-994c-b9bfe17baf4e,2026-05-24T03:00:00Z,2026-05-24T05:00:00+0200,628.06,MW,FR,FR,forecast_offshore_wind_generation,Wind Offshore,2026-06-11T21:19:02Z
2026-06-11T21:18:08Z,2026-06-11T23:18:08+0200,4e273271-2dd1-4145-994c-b9bfe17baf4e,2026-05-24T03:15:00Z,2026-05-24T05:15:00+0200,632.40002,MW,FR,FR,forecast_offshore_wind_generation,Wind Offshore,2026-06-11T21:19:02Z
2026-06-11T21:18:08Z,2026-06-11T23:18:08+0200,4e273271-2dd1-4145-994c-b9bfe17baf4e,2026-05-24T03:30:00Z,2026-05-24T05:30:00+0200,636.76001,MW,FR,FR,forecast_offshore_wind_generation,Wind Offshore,2026-06-11T21:19:02Z
2026-06-11T21:18:08Z,2026-06-11T23:18:08+0200,4e273271-2dd1-4145-994c-b9bfe17baf4e,2026-05-24T03:45:00Z,2026-05-24T05:45:00+0200,641.09998,MW,FR,FR,forecast_offshore_wind_generation,Wind Offshore,2026-06-11T21:19:02Z
2026-06-11T21:18:08Z,2026-06-11T23:18:08+0200,4e273271-2dd1-4145-994c-b9bfe17baf4e,2026-05-24T04:00:00Z,2026-05-24T06:00:00+0200,645.46002,MW,FR,FR,forecast_offshore_wind_generation,Wind Offshore,2026-06-11T21:19:02Z
2026-06-11T21:18:08Z,2026-06-11T23:18:08+0200,4e273271-2dd1-4145-994c-b9bfe17baf4e,2026-05-24T04:15:00Z,2026-05-24T06:15:00+0200,649.62,MW,FR,FR,forecast_offshore_wind_generation,Wind Offshore,2026-06-11T21:19:02Z
2026-06-11T21:18:08Z,2026-06-11T23:18:08+0200,4e273271-2dd1-4145-994c-b9bfe17baf4e,2026-05-24T04:30:00Z,2026-05-24T06:30:00+0200,653.77002,MW,FR,FR,forecast_offshore_wind_generation,Wind Offshore,2026-06-11T21:19:02Z
2026-06-11T21:18:08Z,2026-06-11T23:18:08+0200,4e273271-2dd1-4145-994c-b9bfe17baf4e,2026-05-24T04:45:00Z,2026-05-24T06:45:00+0200,657.94,MW,FR,FR,forecast_offshore_wind_generation,Wind Offshore,2026-06-11T21:19:02Z
2026-06-11T21:18:08Z,2026-06-11T23:18:08+0200,4e273271-2dd1-4145-994c-b9bfe17baf4e,2026-05-24T05:00:00Z,2026-05-24T07:00:00+0200,662.09003,MW,FR,FR,forecast_offshore_wind_generation,Wind Offshore,2026-06-11T21:19:02Z
2026-06-11T21:18:08Z,2026-06-11T23:18:08+0200,4e273271-2dd1-4145-994c-b9bfe17baf4e,2026-05-24T05:15:00Z,2026-05-24T07:15:00+0200,675.88995,MW,FR,FR,forecast_offshore_wind_generation,Wind Offshore,2026-06-11T21:19:02Z
2026-06-11T21:18:08Z,2026-06-11T23:18:08+0200,4e273271-2dd1-4145-994c-b9bfe17baf4e,2026-05-24T05:30:00Z,2026-05-24T07:30:00+0200,689.68005,MW,FR,FR,forecast_offshore_wind_generation,Wind Offshore,2026-06-11T21:19:02Z
2026-06-11T21:18:08Z,2026-06-11T23:18:08+0200,4e273271-2dd1-4145-994c-b9bfe17baf4e,2026-05-24T05:45:00Z,2026-05-24T07:45:00+0200,703.46002,MW,FR,FR,forecast_offshore_wind_generation,Wind Offshore,2026-06-11T21:19:02Z
2026-06-11T21:18:08Z,2026-06-11T23:18:08+0200,4e273271-2dd1-4145-994c-b9bfe17baf4e,2026-05-24T06:00:00Z,2026-05-24T08:00:00+0200,717.26001,MW,FR,FR,forecast_offshore_wind_generation,Wind Offshore,2026-06-11T21:19:02Z
2026-06-11T21:18:08Z,2026-06-11T23:18:08+0200,4e273271-2dd1-4145-994c-b9bfe17baf4e,2026-05-24T06:15:00Z,2026-05-24T08:15:00+0200,719.62,MW,FR,FR,forecast_offshore_wind_generation,Wind Offshore,2026-06-11T21:19:02Z
2026-06-11T21:18:08Z,2026-06-11T23:18:08+0200,4e273271-2dd1-4145-994c-b9bfe17baf4e,2026-05-24T06:30:00Z,2026-05-24T08:30:00+0200,721.97998,MW,FR,FR,forecast_offshore_wind_generation,Wind Offshore,2026-06-11T21:19:02Z
2026-06-11T21:18:08Z,2026-06-11T23:18:08+0200,4e273271-2dd1-4145-994c-b9bfe17baf4e,2026-05-24T06:45:00Z,2026-05-24T08:45:00+0200,724.34998,MW,FR,FR,forecast_offshore_wind_generation,Wind Offshore,2026-06-11T21:19:02Z
2026-06-11T21:18:08Z,2026-06-11T23:18:08+0200,4e273271-2dd1-4145-994c-b9bfe17baf4e,2026-05-24T07:00:00Z,2026-05-24T09:00:00+0200,726.71002,MW,FR,FR,forecast_offshore_wind_generation,Wind Offshore,2026-06-11T21:19:02Z
2026-06-11T21:18:08Z,2026-06-11T23:18:08+0200,4e273271-2dd1-4145-994c-b9bfe17baf4e,2026-05-24T07:15:00Z,2026-05-24T09:15:00+0200,707.71997,MW,FR,FR,forecast_offshore_wind_generation,Wind Offshore,2026-06-11T21:19:02Z
2026-06-11T21:18:08Z,2026-06-11T23:18:08+0200,4e273271-2dd1-4145-994c-b9bfe17baf4e,2026-05-24T07:30:00Z,2026-05-24T09:30:00+0200,688.71997,MW,FR,FR,forecast_offshore_wind_generation,Wind Offshore,2026-06-11T21:19:02Z
2026-06-11T21:18:08Z,2026-06-11T23:18:08+0200,4e273271-2dd1-4145-994c-b9bfe17baf4e,2026-05-24T07:45:00Z,2026-05-24T09:45:00+0200,390.91,MW,FR,FR,forecast_offshore_wind_generation,Wind Offshore,2026-06-11T21:19:02Z
2026-06-11T21:18:08Z,2026-06-11T23:18:08+0200,4e273271-2dd1-4145-994c-b9bfe17baf4e,2026-05-24T08:00:00Z,2026-05-24T10:00:00+0200,383.61002,MW,FR,FR,forecast_offshore_wind_generation,Wind Offshore,2026-06-11T21:19:02Z
2026-06-11T21:18:08Z,2026-06-11T23:18:08+0200,4e273271-2dd1-4145-994c-b9bfe17baf4e,2026-05-24T08:15:00Z,2026-05-24T10:15:00+0200,374.75,MW,FR,FR,forecast_offshore_wind_generation,Wind Offshore,2026-06-11T21:19:02Z
2026-06-11T21:18:08Z,2026-06-11T23:18:08+0200,4e273271-2dd1-4145-994c-b9bfe17baf4e,2026-05-24T08:30:00Z,2026-05-24T10:30:00+0200,365.87003,MW,FR,FR,forecast_offshore_wind_generation,Wind Offshore,2026-06-11T21:19:02Z
2026-06-11T21:18:08Z,2026-06-11T23:18:08+0200,4e273271-2dd1-4145-994c-b9bfe17baf4e,2026-05-24T08:45:00Z,2026-05-24T10:45:00+0200,357.0,MW,FR,FR,forecast_offshore_wind_generation,Wind Offshore,2026-06-11T21:19:02Z
2026-06-11T21:18:08Z,2026-06-11T23:18:08+0200,4e273271-2dd1-4145-994c-b9bfe17baf4e,2026-05-24T09:00:00Z,2026-05-24T11:00:00+0200,348.11002,MW,FR,FR,forecast_offshore_wind_generation,Wind Offshore,2026-06-11T21:19:02Z
2026-06-11T21:18:08Z,2026-06-11T23:18:08+0200,4e273271-2dd1-4145-994c-b9bfe17baf4e,2026-05-24T09:15:00Z,2026-05-24T11:15:00+0200,342.08002,MW,FR,FR,forecast_offshore_wind_generation,Wind Offshore,2026-06-11T21:19:02Z
2026-06-11T21:18:08Z,2026-06-11T23:18:08+0200,4e273271-2dd1-4145-994c-b9bfe17baf4e,2026-05-24T09:30:00Z,2026-05-24T11:30:00+0200,336.06,MW,FR,FR,forecast_offshore_wind_generation,Wind Offshore,2026-06-11T21:19:02Z
2026-06-11T21:18:08Z,2026-06-11T23:18:08+0200,4e273271-2dd1-4145-994c-b9bfe17baf4e,2026-05-24T09:45:00Z,2026-05-24T11:45:00+0200,330.01999,MW,FR,FR,forecast_offshore_wind_generation,Wind Offshore,2026-06-11T21:19:02Z
2026-06-11T21:18:08Z,2026-06-11T23:18:08+0200,4e273271-2dd1-4145-994c-b9bfe17baf4e,2026-05-24T10:00:00Z,2026-05-24T12:00:00+0200,323.98001,MW,FR,FR,forecast_offshore_wind_generation,Wind Offshore,2026-06-11T21:19:02Z
2026-06-11T21:18:08Z,2026-06-11T23:18:08+0200,4e273271-2dd1-4145-994c-b9bfe17baf4e,2026-05-24T10:15:00Z,2026-05-24T12:15:00+0200,323.81,MW,FR,FR,forecast_offshore_wind_generation,Wind Offshore,2026-06-11T21:19:02Z
2026-06-11T21:18:08Z,2026-06-11T23:18:08+0200,4e273271-2dd1-4145-994c-b9bfe17baf4e,2026-05-24T10:30:00Z,2026-05-24T12:30:00+0200,323.63,MW,FR,FR,forecast_offshore_wind_generation,Wind Offshore,2026-06-11T21:19:02Z
2026-06-11T21:18:08Z,2026-06-11T23:18:08+0200,4e273271-2dd1-4145-994c-b9bfe17baf4e,2026-05-24T10:45:00Z,2026-05-24T12:45:00+0200,323.45999,MW,FR,FR,forecast_offshore_wind_generation,Wind Offshore,2026-06-11T21:19:02Z
2026-06-11T21:18:08Z,2026-06-11T23:18:08+0200,4e273271-2dd1-4145-994c-b9bfe17baf4e,2026-05-24T11:00:00Z,2026-05-24T13:00:00+0200,323.29001,MW,FR,FR,forecast_offshore_wind_generation,Wind Offshore,2026-06-11T21:19:02Z
2026-06-11T21:18:08Z,2026-06-11T23:18:08+0200,4e273271-2dd1-4145-994c-b9bfe17baf4e,2026-05-24T11:15:00Z,2026-05-24T13:15:00+0200,318.01999,MW,FR,FR,forecast_offshore_wind_generation,Wind Offshore,2026-06-11T21:19:02Z
2026-06-11T21:18:08Z,2026-06-11T23:18:08+0200,4e273271-2dd1-4145-994c-b9bfe17baf4e,2026-05-24T11:30:00Z,2026-05-24T13:30:00+0200,312.75,MW,FR,FR,forecast_offshore_wind_generation,Wind Offshore,2026-06-11T21:19:02Z
2026-06-11T21:18:08Z,2026-06-11T23:18:08+0200,4e273271-2dd1-4145-994c-b9bfe17baf4e,2026-05-24T11:45:00Z,2026-05-24T13:45:00+0200,307.32999,MW,FR,FR,forecast_offshore_wind_generation,Wind Offshore,2026-06-11T21:19:02Z
2026-06-11T21:18:08Z,2026-06-11T23:18:08+0200,4e273271-2dd1-4145-994c-b9bfe17baf4e,2026-05-24T12:00:00Z,2026-05-24T14:00:00+0200,301.41,MW,FR,FR,forecast_offshore_wind_generation,Wind Offshore,2026-06-11T21:19:02Z
2026-06-11T21:18:08Z,2026-06-11T23:18:08+0200,4e273271-2dd1-4145-994c-b9bfe17baf4e,2026-05-24T12:15:00Z,2026-05-24T14:15:00+0200,300.60001,MW,FR,FR,forecast_offshore_wind_generation,Wind Offshore,2026-06-11T21:19:02Z
2026-06-11T21:18:08Z,2026-06-11T23:18:08+0200,4e273271-2dd1-4145-994c-b9bfe17baf4e,2026-05-24T12:30:00Z,2026-05-24T14:30:00+0200,299.79001,MW,FR,FR,forecast_offshore_wind_generation,Wind Offshore,2026-06-11T21:19:02Z
2026-06-11T21:18:08Z,2026-06-11T23:18:08+0200,4e273271-2dd1-4145-994c-b9bfe17baf4e,2026-05-24T12:45:00Z,2026-05-24T14:45:00+0200,298.66003,MW,FR,FR,forecast_offshore_wind_generation,Wind Offshore,2026-06-11T21:19:02Z
2026-06-11T21:18:08Z,2026-06-11T23:18:08+0200,4e273271-2dd1-4145-994c-b9bfe17baf4e,2026-05-24T13:00:00Z,2026-05-24T15:00:00+0200,296.44998,MW,FR,FR,forecast_offshore_wind_generation,Wind Offshore,2026-06-11T21:19:02Z
2026-06-11T21:18:08Z,2026-06-11T23:18:08+0200,4e273271-2dd1-4145-994c-b9bfe17baf4e,2026-05-24T13:15:00Z,2026-05-24T15:15:00+0200,300.76999,MW,FR,FR,forecast_offshore_wind_generation,Wind Offshore,2026-06-11T21:19:02Z
2026-06-11T21:18:08Z,2026-06-11T23:18:08+0200,4e273271-2dd1-4145-994c-b9bfe17baf4e,2026-05-24T13:30:00Z,2026-05-24T15:30:00+0200,305.07999,MW,FR,FR,forecast_offshore_wind_generation,Wind Offshore,2026-06-11T21:19:02Z
2026-06-11T21:18:08Z,2026-06-11T23:18:08+0200,4e273271-2dd1-4145-994c-b9bfe17baf4e,2026-05-24T13:45:00Z,2026-05-24T15:45:00+0200,309.39001,MW,FR,FR,forecast_offshore_wind_generation,Wind Offshore,2026-06-11T21:19:02Z
2026-06-11T21:18:08Z,2026-06-11T23:18:08+0200,4e273271-2dd1-4145-994c-b9bfe17baf4e,2026-05-24T14:00:00Z,2026-05-24T16:00:00+0200,313.70001,MW,FR,FR,forecast_offshore_wind_generation,Wind Offshore,2026-06-11T21:19:02Z
2026-06-11T21:18:08Z,2026-06-11T23:18:08+0200,4e273271-2dd1-4145-994c-b9bfe17baf4e,2026-05-24T14:15:00Z,2026-05-24T16:15:00+0200,305.87,MW,FR,FR,forecast_offshore_wind_generation,Wind Offshore,2026-06-11T21:19:02Z
2026-06-11T21:18:08Z,2026-06-11T23:18:08+0200,4e273271-2dd1-4145-994c-b9bfe17baf4e,2026-05-24T14:30:00Z,2026-05-24T16:30:00+0200,298.03,MW,FR,FR,forecast_offshore_wind_generation,Wind Offshore,2026-06-11T21:19:02Z
2026-06-11T21:18:08Z,2026-06-11T23:18:08+0200,4e273271-2dd1-4145-994c-b9bfe17baf4e,2026-05-24T14:45:00Z,2026-05-24T16:45:00+0200,290.19,MW,FR,FR,forecast_offshore_wind_generation,Wind Offshore,2026-06-11T21:19:02Z
2026-06-11T21:18:08Z,2026-06-11T23:18:08+0200,4e273271-2dd1-4145-994c-b9bfe17baf4e,2026-05-24T15:00:00Z,2026-05-24T17:00:00+0200,583.88,MW,FR,FR,forecast_offshore_wind_generation,Wind Offshore,2026-06-11T21:19:02Z
2026-06-11T21:18:08Z,2026-06-11T23:18:08+0200,4e273271-2dd1-4145-994c-b9bfe17baf4e,2026-05-24T15:15:00Z,2026-05-24T17:15:00+0200,587.01001,MW,FR,FR,forecast_offshore_wind_generation,Wind Offshore,2026-06-11T21:19:02Z
2026-06-11T21:18:08Z,2026-06-11T23:18:08+0200,4e273271-2dd1-4145-994c-b9bfe17baf4e,2026-05-24T15:30:00Z,2026-05-24T17:30:00+0200,590.14001,MW,FR,FR,forecast_offshore_wind_generation,Wind Offshore,2026-06-11T21:19:02Z
2026-06-11T21:18:08Z,2026-06-11T23:18:08+0200,4e273271-2dd1-4145-994c-b9bfe17baf4e,2026-05-24T15:45:00Z,2026-05-24T17:45:00+0200,593.25,MW,FR,FR,forecast_offshore_wind_generation,Wind Offshore,2026-06-11T21:19:02Z
2026-06-11T21:18:08Z,2026-06-11T23:18:08+0200,4e273271-2dd1-4145-994c-b9bfe17baf4e,2026-05-24T16:00:00Z,2026-05-24T18:00:00+0200,596.37006,MW,FR,FR,forecast_offshore_wind_generation,Wind Offshore,2026-06-11T21:19:02Z
2026-06-11T21:18:08Z,2026-06-11T23:18:08+0200,4e273271-2dd1-4145-994c-b9bfe17baf4e,2026-05-24T16:15:00Z,2026-05-24T18:15:00+0200,614.62006,MW,FR,FR,forecast_offshore_wind_generation,Wind Offshore,2026-06-11T21:19:02Z
2026-06-11T21:18:08Z,2026-06-11T23:18:08+0200,4e273271-2dd1-4145-994c-b9bfe17baf4e,2026-05-24T16:30:00Z,2026-05-24T18:30:00+0200,632.87,MW,FR,FR,forecast_offshore_wind_generation,Wind Offshore,2026-06-11T21:19:02Z
2026-06-11T21:18:08Z,2026-06-11T23:18:08+0200,4e273271-2dd1-4145-994c-b9bfe17baf4e,2026-05-24T16:45:00Z,2026-05-24T18:45:00+0200,651.12,MW,FR,FR,forecast_offshore_wind_generation,Wind Offshore,2026-06-11T21:19:02Z
2026-06-11T21:18:08Z,2026-06-11T23:18:08+0200,4e273271-2dd1-4145-994c-b9bfe17baf4e,2026-05-24T17:00:00Z,2026-05-24T19:00:00+0200,669.38,MW,FR,FR,forecast_offshore_wind_generation,Wind Offshore,2026-06-11T21:19:02Z
2026-06-11T21:18:08Z,2026-06-11T23:18:08+0200,4e273271-2dd1-4145-994c-b9bfe17baf4e,2026-05-24T17:15:00Z,2026-05-24T19:15:00+0200,702.77002,MW,FR,FR,forecast_offshore_wind_generation,Wind Offshore,2026-06-11T21:19:02Z
2026-06-11T21:18:08Z,2026-06-11T23:18:08+0200,4e273271-2dd1-4145-994c-b9bfe17baf4e,2026-05-24T17:30:00Z,2026-05-24T19:30:00+0200,736.17999,MW,FR,FR,forecast_offshore_wind_generation,Wind Offshore,2026-06-11T21:19:02Z
2026-06-11T21:18:08Z,2026-06-11T23:18:08+0200,4e273271-2dd1-4145-994c-b9bfe17baf4e,2026-05-24T17:45:00Z,2026-05-24T19:45:00+0200,769.55994,MW,FR,FR,forecast_offshore_wind_generation,Wind Offshore,2026-06-11T21:19:02Z
2026-06-11T21:18:08Z,2026-06-11T23:18:08+0200,4e273271-2dd1-4145-994c-b9bfe17baf4e,2026-05-24T18:00:00Z,2026-05-24T20:00:00+0200,802.94995,MW,FR,FR,forecast_offshore_wind_generation,Wind Offshore,2026-06-11T21:19:02Z
2026-06-11T21:18:08Z,2026-06-11T23:18:08+0200,4e273271-2dd1-4145-994c-b9bfe17baf4e,2026-05-24T18:15:00Z,2026-05-24T20:15:00+0200,831.50006,MW,FR,FR,forecast_offshore_wind_generation,Wind Offshore,2026-06-11T21:19:02Z
2026-06-11T21:18:08Z,2026-06-11T23:18:08+0200,4e273271-2dd1-4145-994c-b9bfe17baf4e,2026-05-24T18:30:00Z,2026-05-24T20:30:00+0200,860.02997,MW,FR,FR,forecast_offshore_wind_generation,Wind Offshore,2026-06-11T21:19:02Z
2026-06-11T21:18:08Z,2026-06-11T23:18:08+0200,4e273271-2dd1-4145-994c-b9bfe17baf4e,2026-05-24T18:45:00Z,2026-05-24T20:45:00+0200,888.55005,MW,FR,FR,forecast_offshore_wind_generation,Wind Offshore,2026-06-11T21:19:02Z
2026-06-11T21:18:08Z,2026-06-11T23:18:08+0200,4e273271-2dd1-4145-994c-b9bfe17baf4e,2026-05-24T19:00:00Z,2026-05-24T21:00:00+0200,917.10999,MW,FR,FR,forecast_offshore_wind_generation,Wind Offshore,2026-06-11T21:19:02Z
2026-06-11T21:18:08Z,2026-06-11T23:18:08+0200,4e273271-2dd1-4145-994c-b9bfe17baf4e,2026-05-24T19:15:00Z,2026-05-24T21:15:00+0200,941.73004,MW,FR,FR,forecast_offshore_wind_generation,Wind Offshore,2026-06-11T21:19:02Z
2026-06-11T21:18:08Z,2026-06-11T23:18:08+0200,4e273271-2dd1-4145-994c-b9bfe17baf4e,2026-05-24T19:30:00Z,2026-05-24T21:30:00+0200,966.36005,MW,FR,FR,forecast_offshore_wind_generation,Wind Offshore,2026-06-11T21:19:02Z
2026-06-11T21:18:08Z,2026-06-11T23:18:08+0200,4e273271-2dd1-4145-994c-b9bfe17baf4e,2026-05-24T19:45:00Z,2026-05-24T21:45:00+0200,990.96002,MW,FR,FR,forecast_offshore_wind_generation,Wind Offshore,2026-06-11T21:19:02Z
2026-06-11T21:18:08Z,2026-06-11T23:18:08+0200,4e273271-2dd1-4145-994c-b9bfe17baf4e,2026-05-24T20:00:00Z,2026-05-24T22:00:00+0200,1015.59003,MW,FR,FR,forecast_offshore_wind_generation,Wind Offshore,2026-06-11T21:19:02Z
2026-06-11T21:18:08Z,2026-06-11T23:18:08+0200,4e273271-2dd1-4145-994c-b9bfe17baf4e,2026-05-24T20:15:00Z,2026-05-24T22:15:00+0200,1025.62988,MW,FR,FR,forecast_offshore_wind_generation,Wind Offshore,2026-06-11T21:19:02Z
2026-06-11T21:18:08Z,2026-06-11T23:18:08+0200,4e273271-2dd1-4145-994c-b9bfe17baf4e,2026-05-24T20:30:00Z,2026-05-24T22:30:00+0200,1035.65002,MW,FR,FR,forecast_offshore_wind_generation,Wind Offshore,2026-06-11T21:19:02Z
2026-06-11T21:18:08Z,2026-06-11T23:18:08+0200,4e273271-2dd1-4145-994c-b9bfe17baf4e,2026-05-24T20:45:00Z,2026-05-24T22:45:00+0200,1045.68994,MW,FR,FR,forecast_offshore_wind_generation,Wind Offshore,2026-06-11T21:19:02Z
2026-06-11T21:18:08Z,2026-06-11T23:18:08+0200,4e273271-2dd1-4145-994c-b9bfe17baf4e,2026-05-24T21:00:00Z,2026-05-24T23:00:00+0200,1055.72998,MW,FR,FR,forecast_offshore_wind_generation,Wind Offshore,2026-06-11T21:19:02Z
2026-06-11T21:18:08Z,2026-06-11T23:18:08+0200,4e273271-2dd1-4145-994c-b9bfe17baf4e,2026-05-24T21:15:00Z,2026-05-24T23:15:00+0200,1067.21008,MW,FR,FR,forecast_offshore_wind_generation,Wind Offshore,2026-06-11T21:19:02Z
2026-06-11T21:18:08Z,2026-06-11T23:18:08+0200,4e273271-2dd1-4145-994c-b9bfe17baf4e,2026-05-24T21:30:00Z,2026-05-24T23:30:00+0200,1078.69995,MW,FR,FR,forecast_offshore_wind_generation,Wind Offshore,2026-06-11T21:19:02Z
2026-06-11T21:18:08Z,2026-06-11T23:18:08+0200,4e273271-2dd1-4145-994c-b9bfe17baf4e,2026-05-24T21:45:00Z,2026-05-24T23:45:00+0200,1090.16992,MW,FR,FR,forecast_offshore_wind_generation,Wind Offshore,2026-06-11T21:19:02Z
2026-06-11T21:18:08Z,2026-06-11T23:18:08+0200,4e273271-2dd1-4145-994c-b9bfe17baf4e,2026-05-24T22:00:00Z,2026-05-25T00:00:00+0200,1064.90991,MW,FR,FR,forecast_offshore_wind_generation,Wind Offshore,2026-06-11T21:19:02Z
2026-06-11T21:18:08Z,2026-06-11T23:18:08+0200,4e273271-2dd1-4145-994c-b9bfe17baf4e,2026-05-24T22:15:00Z,2026-05-25T00:15:00+0200,1070.43005,MW,FR,FR,forecast_offshore_wind_generation,Wind Offshore,2026-06-11T21:19:02Z
2026-06-11T21:18:08Z,2026-06-11T23:18:08+0200,4e273271-2dd1-4145-994c-b9bfe17baf4e,2026-05-24T22:30:00Z,2026-05-25T00:30:00+0200,1075.95996,MW,FR,FR,forecast_offshore_wind_generation,Wind Offshore,2026-06-11T21:19:02Z
2026-06-11T21:18:08Z,2026-06-11T23:18:08+0200,4e273271-2dd1-4145-994c-b9bfe17baf4e,2026-05-24T22:45:00Z,2026-05-25T00:45:00+0200,1081.44995,MW,FR,FR,forecast_offshore_wind_generation,Wind Offshore,2026-06-11T21:19:02Z
2026-06-11T21:18:08Z,2026-06-11T23:18:08+0200,4e273271-2dd1-4145-994c-b9bfe17baf4e,2026-05-24T23:00:00Z,2026-05-25T01:00:00+0200,1086.97998,MW,FR,FR,forecast_offshore_wind_generation,Wind Offshore,2026-06-11T21:19:02Z
2026-06-11T21:18:08Z,2026-06-11T23:18:08+0200,4e273271-2dd1-4145-994c-b9bfe17baf4e,2026-05-24T23:15:00Z,2026-05-25T01:15:00+0200,1072.34998,MW,FR,FR,forecast_offshore_wind_generation,Wind Offshore,2026-06-11T21:19:02Z
2026-06-11T21:18:08Z,2026-06-11T23:18:08+0200,4e273271-2dd1-4145-994c-b9bfe17baf4e,2026-05-24T23:30:00Z,2026-05-25T01:30:00+0200,1057.71997,MW,FR,FR,forecast_offshore_wind_generation,Wind Offshore,2026-06-11T21:19:02Z
2026-06-11T21:18:08Z,2026-06-11T23:18:08+0200,4e273271-2dd1-4145-994c-b9bfe17baf4e,2026-05-24T23:45:00Z,2026-05-25T01:45:00+0200,1043.09009,MW,FR,FR,forecast_offshore_wind_generation,Wind Offshore,2026-06-11T21:19:02Z
2026-06-11T21:18:08Z,2026-06-11T23:18:08+0200,4e273271-2dd1-4145-994c-b9bfe17baf4e,2026-05-25T00:00:00Z,2026-05-25T02:00:00+0200,1028.46997,MW,FR,FR,forecast_offshore_wind_generation,Wind Offshore,2026-06-11T21:19:02Z
2026-06-11T21:18:08Z,2026-06-11T23:18:08+0200,4e273271-2dd1-4145-994c-b9bfe17baf4e,2026-05-25T00:15:00Z,2026-05-25T02:15:00+0200,996.67004,MW,FR,FR,forecast_offshore_wind_generation,Wind Offshore,2026-06-11T21:19:02Z
2026-06-11T21:18:08Z,2026-06-11T23:18:08+0200,4e273271-2dd1-4145-994c-b9bfe17baf4e,2026-05-25T00:30:00Z,2026-05-25T02:30:00+0200,964.90002,MW,FR,FR,forecast_offshore_wind_generation,Wind Offshore,2026-06-11T21:19:02Z
2026-06-11T21:18:08Z,2026-06-11T23:18:08+0200,4e273271-2dd1-4145-994c-b9bfe17baf4e,2026-05-25T00:45:00Z,2026-05-25T02:45:00+0200,933.10999,MW,FR,FR,forecast_offshore_wind_generation,Wind Offshore,2026-06-11T21:19:02Z
2026-06-11T21:18:08Z,2026-06-11T23:18:08+0200,4e273271-2dd1-4145-994c-b9bfe17baf4e,2026-05-25T01:00:00Z,2026-05-25T03:00:00+0200,901.32001,MW,FR,FR,forecast_offshore_wind_generation,Wind Offshore,2026-06-11T21:19:02Z
2026-06-11T21:18:08Z,2026-06-11T23:18:08+0200,4e273271-2dd1-4145-994c-b9bfe17baf4e,2026-05-25T01:15:00Z,2026-05-25T03:15:00+0200,889.73999,MW,FR,FR,forecast_offshore_wind_generation,Wind Offshore,2026-06-11T21:19:02Z
2026-06-11T21:18:08Z,2026-06-11T23:18:08+0200,4e273271-2dd1-4145-994c-b9bfe17baf4e,2026-05-25T01:30:00Z,2026-05-25T03:30:00+0200,878.15002,MW,FR,FR,forecast_offshore_wind_generation,Wind Offshore,2026-06-11T21:19:02Z
2026-06-11T21:18:08Z,2026-06-11T23:18:08+0200,4e273271-2dd1-4145-994c-b9bfe17baf4e,2026-05-25T01:45:00Z,2026-05-25T03:45:00+0200,866.57996,MW,FR,FR,forecast_offshore_wind_generation,Wind Offshore,2026-06-11T21:19:02Z
2026-06-11T21:18:08Z,2026-06-11T23:18:08+0200,4e273271-2dd1-4145-994c-b9bfe17baf4e,2026-05-25T02:00:00Z,2026-05-25T04:00:00+0200,854.98004,MW,FR,FR,forecast_offshore_wind_generation,Wind Offshore,2026-06-11T21:19:02Z
2026-06-11T21:18:08Z,2026-06-11T23:18:08+0200,4e273271-2dd1-4145-994c-b9bfe17baf4e,2026-05-25T02:15:00Z,2026-05-25T04:15:00+0200,853.78003,MW,FR,FR,forecast_offshore_wind_generation,Wind Offshore,2026-06-11T21:19:02Z
2026-06-11T21:18:08Z,2026-06-11T23:18:08+0200,4e273271-2dd1-4145-994c-b9bfe17baf4e,2026-05-25T02:30:00Z,2026-05-25T04:30:00+0200,852.57996,MW,FR,FR,forecast_offshore_wind_generation,Wind Offshore,2026-06-11T21:19:02Z
2026-06-11T21:18:08Z,2026-06-11T23:18:08+0200,4e273271-2dd1-4145-994c-b9bfe17baf4e,2026-05-25T02:45:00Z,2026-05-25T04:45:00+0200,851.38,MW,FR,FR,forecast_offshore_wind_generation,Wind Offshore,2026-06-11T21:19:02Z
2026-06-11T21:18:08Z,2026-06-11T23:18:08+0200,4e273271-2dd1-4145-994c-b9bfe17baf4e,2026-05-25T03:00:00Z,2026-05-25T05:00:00+0200,850.17004,MW,FR,FR,forecast_offshore_wind_generation,Wind Offshore,2026-06-11T21:19:02Z
2026-06-11T21:18:08Z,2026-06-11T23:18:08+0200,4e273271-2dd1-4145-994c-b9bfe17baf4e,2026-05-25T03:15:00Z,2026-05-25T05:15:00+0200,837.25995,MW,FR,FR,forecast_offshore_wind_generation,Wind Offshore,2026-06-11T21:19:02Z
2026-06-11T21:18:08Z,2026-06-11T23:18:08+0200,4e273271-2dd1-4145-994c-b9bfe17baf4e,2026-05-25T03:30:00Z,2026-05-25T05:30:00+0200,824.34998,MW,FR,FR,forecast_offshore_wind_generation,Wind Offshore,2026-06-11T21:19:02Z
2026-06-11T21:18:08Z,2026-06-11T23:18:08+0200,4e273271-2dd1-4145-994c-b9bfe17baf4e,2026-05-25T03:45:00Z,2026-05-25T05:45:00+0200,811.43005,MW,FR,FR,forecast_offshore_wind_generation,Wind Offshore,2026-06-11T21:19:02Z
2026-06-11T21:18:08Z,2026-06-11T23:18:08+0200,4e273271-2dd1-4145-994c-b9bfe17baf4e,2026-05-25T04:00:00Z,2026-05-25T06:00:00+0200,798.5,MW,FR,FR,forecast_offshore_wind_generation,Wind Offshore,2026-06-11T21:19:02Z
2026-06-11T21:18:08Z,2026-06-11T23:18:08+0200,4e273271-2dd1-4145-994c-b9bfe17baf4e,2026-05-25T04:15:00Z,2026-05-25T06:15:00+0200,775.47998,MW,FR,FR,forecast_offshore_wind_generation,Wind Offshore,2026-06-11T21:19:02Z
2026-06-11T21:18:08Z,2026-06-11T23:18:08+0200,4e273271-2dd1-4145-994c-b9bfe17baf4e,2026-05-25T04:30:00Z,2026-05-25T06:30:00+0200,752.43994,MW,FR,FR,forecast_offshore_wind_generation,Wind Offshore,2026-06-11T21:19:02Z
2026-06-11T21:18:08Z,2026-06-11T23:18:08+0200,4e273271-2dd1-4145-994c-b9bfe17baf4e,2026-05-25T04:45:00Z,2026-05-25T06:45:00+0200,729.40002,MW,FR,FR,forecast_offshore_wind_generation,Wind Offshore,2026-06-11T21:19:02Z
2026-06-11T21:18:08Z,2026-06-11T23:18:08+0200,4e273271-2dd1-4145-994c-b9bfe17baf4e,2026-05-25T05:00:00Z,2026-05-25T07:00:00+0200,706.35999,MW,FR,FR,forecast_offshore_wind_generation,Wind Offshore,2026-06-11T21:19:02Z
2026-06-11T21:18:08Z,2026-06-11T23:18:08+0200,4e273271-2dd1-4145-994c-b9bfe17baf4e,2026-05-25T05:15:00Z,2026-05-25T07:15:00+0200,685.13,MW,FR,FR,forecast_offshore_wind_generation,Wind Offshore,2026-06-11T21:19:02Z
2026-06-11T21:18:08Z,2026-06-11T23:18:08+0200,4e273271-2dd1-4145-994c-b9bfe17baf4e,2026-05-25T05:30:00Z,2026-05-25T07:30:00+0200,663.91998,MW,FR,FR,forecast_offshore_wind_generation,Wind Offshore,2026-06-11T21:19:02Z
2026-06-11T21:18:08Z,2026-06-11T23:18:08+0200,4e273271-2dd1-4145-994c-b9bfe17baf4e,2026-05-25T05:45:00Z,2026-05-25T07:45:00+0200,642.67999,MW,FR,FR,forecast_offshore_wind_generation,Wind Offshore,2026-06-11T21:19:02Z
2026-06-11T21:18:08Z,2026-06-11T23:18:08+0200,4e273271-2dd1-4145-994c-b9bfe17baf4e,2026-05-25T06:00:00Z,2026-05-25T08:00:00+0200,621.46002,MW,FR,FR,forecast_offshore_wind_generation,Wind Offshore,2026-06-11T21:19:02Z
2026-06-11T21:18:08Z,2026-06-11T23:18:08+0200,4e273271-2dd1-4145-994c-b9bfe17baf4e,2026-05-25T06:15:00Z,2026-05-25T08:15:00+0200,606.94,MW,FR,FR,forecast_offshore_wind_generation,Wind Offshore,2026-06-11T21:19:02Z
2026-06-11T21:18:08Z,2026-06-11T23:18:08+0200,4e273271-2dd1-4145-994c-b9bfe17baf4e,2026-05-25T06:30:00Z,2026-05-25T08:30:00+0200,592.44006,MW,FR,FR,forecast_offshore_wind_generation,Wind Offshore,2026-06-11T21:19:02Z
2026-06-11T21:18:08Z,2026-06-11T23:18:08+0200,4e273271-2dd1-4145-994c-b9bfe17baf4e,2026-05-25T06:45:00Z,2026-05-25T08:45:00+0200,577.92999,MW,FR,FR,forecast_offshore_wind_generation,Wind Offshore,2026-06-11T21:19:02Z
2026-06-11T21:18:08Z,2026-06-11T23:18:08+0200,4e273271-2dd1-4145-994c-b9bfe17baf4e,2026-05-25T07:00:00Z,2026-05-25T09:00:00+0200,563.39996,MW,FR,FR,forecast_offshore_wind_generation,Wind Offshore,2026-06-11T21:19:02Z
2026-06-11T21:18:08Z,2026-06-11T23:18:08+0200,4e273271-2dd1-4145-994c-b9bfe17baf4e,2026-05-25T07:15:00Z,2026-05-25T09:15:00+0200,533.59998,MW,FR,FR,forecast_offshore_wind_generation,Wind Offshore,2026-06-11T21:19:02Z
2026-06-11T21:18:08Z,2026-06-11T23:18:08+0200,4e273271-2dd1-4145-994c-b9bfe17baf4e,2026-05-25T07:30:00Z,2026-05-25T09:30:00+0200,503.78,MW,FR,FR,forecast_offshore_wind_generation,Wind Offshore,2026-06-11T21:19:02Z
2026-06-11T21:18:08Z,2026-06-11T23:18:08+0200,4e273271-2dd1-4145-994c-b9bfe17baf4e,2026-05-25T07:45:00Z,2026-05-25T09:45:00+0200,473.94,MW,FR,FR,forecast_offshore_wind_generation,Wind Offshore,2026-06-11T21:19:02Z
2026-06-11T21:18:08Z,2026-06-11T23:18:08+0200,4e273271-2dd1-4145-994c-b9bfe17baf4e,2026-05-25T08:00:00Z,2026-05-25T10:00:00+0200,444.10999,MW,FR,FR,forecast_offshore_wind_generation,Wind Offshore,2026-06-11T21:19:02Z
2026-06-11T21:18:08Z,2026-06-11T23:18:08+0200,4e273271-2dd1-4145-994c-b9bfe17baf4e,2026-05-25T08:15:00Z,2026-05-25T10:15:00+0200,419.85001,MW,FR,FR,forecast_offshore_wind_generation,Wind Offshore,2026-06-11T21:19:02Z
2026-06-11T21:18:08Z,2026-06-11T23:18:08+0200,4e273271-2dd1-4145-994c-b9bfe17baf4e,2026-05-25T08:30:00Z,2026-05-25T10:30:00+0200,395.56003,MW,FR,FR,forecast_offshore_wind_generation,Wind Offshore,2026-06-11T21:19:02Z
2026-06-11T21:18:08Z,2026-06-11T23:18:08+0200,4e273271-2dd1-4145-994c-b9bfe17baf4e,2026-05-25T08:45:00Z,2026-05-25T10:45:00+0200,150.97,MW,FR,FR,forecast_offshore_wind_generation,Wind Offshore,2026-06-11T21:19:02Z
2026-06-11T21:18:08Z,2026-06-11T23:18:08+0200,4e273271-2dd1-4145-994c-b9bfe17baf4e,2026-05-25T09:00:00Z,2026-05-25T11:00:00+0200,141.67999,MW,FR,FR,forecast_offshore_wind_generation,Wind Offshore,2026-06-11T21:19:02Z
2026-06-11T21:18:08Z,2026-06-11T23:18:08+0200,4e273271-2dd1-4145-994c-b9bfe17baf4e,2026-05-25T09:15:00Z,2026-05-25T11:15:00+0200,142.45001,MW,FR,FR,forecast_offshore_wind_generation,Wind Offshore,2026-06-11T21:19:02Z
2026-06-11T21:18:08Z,2026-06-11T23:18:08+0200,4e273271-2dd1-4145-994c-b9bfe17baf4e,2026-05-25T09:30:00Z,2026-05-25T11:30:00+0200,143.23999,MW,FR,FR,forecast_offshore_wind_generation,Wind Offshore,2026-06-11T21:19:02Z
2026-06-11T21:18:08Z,2026-06-11T23:18:08+0200,4e273271-2dd1-4145-994c-b9bfe17baf4e,2026-05-25T09:45:00Z,2026-05-25T11:45:00+0200,144.00999,MW,FR,FR,forecast_offshore_wind_generation,Wind Offshore,2026-06-11T21:19:02Z
2026-06-11T21:18:08Z,2026-06-11T23:18:08+0200,4e273271-2dd1-4145-994c-b9bfe17baf4e,2026-05-25T10:00:00Z,2026-05-25T12:00:00+0200,144.78,MW,FR,FR,forecast_offshore_wind_generation,Wind Offshore,2026-06-11T21:19:02Z
2026-06-11T21:18:08Z,2026-06-11T23:18:08+0200,4e273271-2dd1-4145-994c-b9bfe17baf4e,2026-05-25T10:15:00Z,2026-05-25T12:15:00+0200,148.01001,MW,FR,FR,forecast_offshore_wind_generation,Wind Offshore,2026-06-11T21:19:02Z
2026-06-11T21:18:08Z,2026-06-11T23:18:08+0200,4e273271-2dd1-4145-994c-b9bfe17baf4e,2026-05-25T10:30:00Z,2026-05-25T12:30:00+0200,151.25,MW,FR,FR,forecast_offshore_wind_generation,Wind Offshore,2026-06-11T21:19:02Z
2026-06-11T21:18:08Z,2026-06-11T23:18:08+0200,4e273271-2dd1-4145-994c-b9bfe17baf4e,2026-05-25T10:45:00Z,2026-05-25T12:45:00+0200,154.47,MW,FR,FR,forecast_offshore_wind_generation,Wind Offshore,2026-06-11T21:19:02Z
2026-06-11T21:18:08Z,2026-06-11T23:18:08+0200,4e273271-2dd1-4145-994c-b9bfe17baf4e,2026-05-25T11:00:00Z,2026-05-25T13:00:00+0200,157.70001,MW,FR,FR,forecast_offshore_wind_generation,Wind Offshore,2026-06-11T21:19:02Z
2026-06-11T21:18:08Z,2026-06-11T23:18:08+0200,4e273271-2dd1-4145-994c-b9bfe17baf4e,2026-05-25T11:15:00Z,2026-05-25T13:15:00+0200,157.23,MW,FR,FR,forecast_offshore_wind_generation,Wind Offshore,2026-06-11T21:19:02Z
2026-06-11T21:18:08Z,2026-06-11T23:18:08+0200,4e273271-2dd1-4145-994c-b9bfe17baf4e,2026-05-25T11:30:00Z,2026-05-25T13:30:00+0200,156.74001,MW,FR,FR,forecast_offshore_wind_generation,Wind Offshore,2026-06-11T21:19:02Z
2026-06-11T21:18:08Z,2026-06-11T23:18:08+0200,4e273271-2dd1-4145-994c-b9bfe17baf4e,2026-05-25T11:45:00Z,2026-05-25T13:45:00+0200,156.25002,MW,FR,FR,forecast_offshore_wind_generation,Wind Offshore,2026-06-11T21:19:02Z
2026-06-11T21:18:08Z,2026-06-11T23:18:08+0200,4e273271-2dd1-4145-994c-b9bfe17baf4e,2026-05-25T12:00:00Z,2026-05-25T14:00:00+0200,155.78,MW,FR,FR,forecast_offshore_wind_generation,Wind Offshore,2026-06-11T21:19:02Z
2026-06-11T21:18:08Z,2026-06-11T23:18:08+0200,4e273271-2dd1-4145-994c-b9bfe17baf4e,2026-05-25T12:15:00Z,2026-05-25T14:15:00+0200,152.76999,MW,FR,FR,forecast_offshore_wind_generation,Wind Offshore,2026-06-11T21:19:02Z
2026-06-11T21:18:08Z,2026-06-11T23:18:08+0200,4e273271-2dd1-4145-994c-b9bfe17baf4e,2026-05-25T12:30:00Z,2026-05-25T14:30:00+0200,149.75999,MW,FR,FR,forecast_offshore_wind_generation,Wind Offshore,2026-06-11T21:19:02Z
2026-06-11T21:18:08Z,2026-06-11T23:18:08+0200,4e273271-2dd1-4145-994c-b9bfe17baf4e,2026-05-25T12:45:00Z,2026-05-25T14:45:00+0200,146.76999,MW,FR,FR,forecast_offshore_wind_generation,Wind Offshore,2026-06-11T21:19:02Z
2026-06-11T21:18:08Z,2026-06-11T23:18:08+0200,4e273271-2dd1-4145-994c-b9bfe17baf4e,2026-05-25T13:00:00Z,2026-05-25T15:00:00+0200,143.76999,MW,FR,FR,forecast_offshore_wind_generation,Wind Offshore,2026-06-11T21:19:02Z
2026-06-11T21:18:08Z,2026-06-11T23:18:08+0200,4e273271-2dd1-4145-994c-b9bfe17baf4e,2026-05-25T13:15:00Z,2026-05-25T15:15:00+0200,134.47,MW,FR,FR,forecast_offshore_wind_generation,Wind Offshore,2026-06-11T21:19:02Z
2026-06-11T21:18:08Z,2026-06-11T23:18:08+0200,4e273271-2dd1-4145-994c-b9bfe17baf4e,2026-05-25T13:30:00Z,2026-05-25T15:30:00+0200,125.17001,MW,FR,FR,forecast_offshore_wind_generation,Wind Offshore,2026-06-11T21:19:02Z
2026-06-11T21:18:08Z,2026-06-11T23:18:08+0200,4e273271-2dd1-4145-994c-b9bfe17baf4e,2026-05-25T13:45:00Z,2026-05-25T15:45:00+0200,115.88,MW,FR,FR,forecast_offshore_wind_generation,Wind Offshore,2026-06-11T21:19:02Z
2026-06-11T21:18:08Z,2026-06-11T23:18:08+0200,4e273271-2dd1-4145-994c-b9bfe17baf4e,2026-05-25T14:00:00Z,2026-05-25T16:00:00+0200,106.59,MW,FR,FR,forecast_offshore_wind_generation,Wind Offshore,2026-06-11T21:19:02Z
2026-06-11T21:18:08Z,2026-06-11T23:18:08+0200,4e273271-2dd1-4145-994c-b9bfe17baf4e,2026-05-25T14:15:00Z,2026-05-25T16:15:00+0200,101.3,MW,FR,FR,forecast_offshore_wind_generation,Wind Offshore,2026-06-11T21:19:02Z
2026-06-11T21:18:08Z,2026-06-11T23:18:08+0200,4e273271-2dd1-4145-994c-b9bfe17baf4e,2026-05-25T14:30:00Z,2026-05-25T16:30:00+0200,96.0,MW,FR,FR,forecast_offshore_wind_generation,Wind Offshore,2026-06-11T21:19:02Z
2026-06-11T21:18:08Z,2026-06-11T23:18:08+0200,4e273271-2dd1-4145-994c-b9bfe17baf4e,2026-05-25T14:45:00Z,2026-05-25T16:45:00+0200,334.51001,MW,FR,FR,forecast_offshore_wind_generation,Wind Offshore,2026-06-11T21:19:02Z
2026-06-11T21:18:08Z,2026-06-11T23:18:08+0200,4e273271-2dd1-4145-994c-b9bfe17baf4e,2026-05-25T15:00:00Z,2026-05-25T17:00:00+0200,333.72,MW,FR,FR,forecast_offshore_wind_generation,Wind Offshore,2026-06-11T21:19:02Z
2026-06-11T21:18:08Z,2026-06-11T23:18:08+0200,4e273271-2dd1-4145-994c-b9bfe17baf4e,2026-05-25T15:15:00Z,2026-05-25T17:15:00+0200,332.92999,MW,FR,FR,forecast_offshore_wind_generation,Wind Offshore,2026-06-11T21:19:02Z
2026-06-11T21:18:08Z,2026-06-11T23:18:08+0200,4e273271-2dd1-4145-994c-b9bfe17baf4e,2026-05-25T15:30:00Z,2026-05-25T17:30:00+0200,332.14999,MW,FR,FR,forecast_offshore_wind_generation,Wind Offshore,2026-06-11T21:19:02Z
2026-06-11T21:18:08Z,2026-06-11T23:18:08+0200,4e273271-2dd1-4145-994c-b9bfe17baf4e,2026-05-25T15:45:00Z,2026-05-25T17:45:00+0200,331.35999,MW,FR,FR,forecast_offshore_wind_generation,Wind Offshore,2026-06-11T21:19:02Z
2026-06-11T21:18:08Z,2026-06-11T23:18:08+0200,4e273271-2dd1-4145-994c-b9bfe17baf4e,2026-05-25T16:00:00Z,2026-05-25T18:00:00+0200,330.57999,MW,FR,FR,forecast_offshore_wind_generation,Wind Offshore,2026-06-11T21:19:02Z
2026-06-11T21:18:08Z,2026-06-11T23:18:08+0200,4e273271-2dd1-4145-994c-b9bfe17baf4e,2026-05-25T16:15:00Z,2026-05-25T18:15:00+0200,329.45001,MW,FR,FR,forecast_offshore_wind_generation,Wind Offshore,2026-06-11T21:19:02Z
2026-06-11T21:18:08Z,2026-06-11T23:18:08+0200,4e273271-2dd1-4145-994c-b9bfe17baf4e,2026-05-25T16:30:00Z,2026-05-25T18:30:00+0200,328.31998,MW,FR,FR,forecast_offshore_wind_generation,Wind Offshore,2026-06-11T21:19:02Z
2026-06-11T21:18:08Z,2026-06-11T23:18:08+0200,4e273271-2dd1-4145-994c-b9bfe17baf4e,2026-05-25T16:45:00Z,2026-05-25T18:45:00+0200,327.19,MW,FR,FR,forecast_offshore_wind_generation,Wind Offshore,2026-06-11T21:19:02Z
2026-06-11T21:18:08Z,2026-06-11T23:18:08+0200,4e273271-2dd1-4145-994c-b9bfe17baf4e,2026-05-25T17:00:00Z,2026-05-25T19:00:00+0200,326.06,MW,FR,FR,forecast_offshore_wind_generation,Wind Offshore,2026-06-11T21:19:02Z
2026-06-11T21:18:08Z,2026-06-11T23:18:08+0200,4e273271-2dd1-4145-994c-b9bfe17baf4e,2026-05-25T17:15:00Z,2026-05-25T19:15:00+0200,320.31998,MW,FR,FR,forecast_offshore_wind_generation,Wind Offshore,2026-06-11T21:19:02Z
2026-06-11T21:18:08Z,2026-06-11T23:18:08+0200,4e273271-2dd1-4145-994c-b9bfe17baf4e,2026-05-25T17:30:00Z,2026-05-25T19:30:00+0200,314.59998,MW,FR,FR,forecast_offshore_wind_generation,Wind Offshore,2026-06-11T21:19:02Z
2026-06-11T21:18:08Z,2026-06-11T23:18:08+0200,4e273271-2dd1-4145-994c-b9bfe17baf4e,2026-05-25T17:45:00Z,2026-05-25T19:45:00+0200,308.84,MW,FR,FR,forecast_offshore_wind_generation,Wind Offshore,2026-06-11T21:19:02Z
2026-06-11T21:18:08Z,2026-06-11T23:18:08+0200,4e273271-2dd1-4145-994c-b9bfe17baf4e,2026-05-25T18:00:00Z,2026-05-25T20:00:00+0200,303.09998,MW,FR,FR,forecast_offshore_wind_generation,Wind Offshore,2026-06-11T21:19:02Z
2026-06-11T21:18:08Z,2026-06-11T23:18:08+0200,4e273271-2dd1-4145-994c-b9bfe17baf4e,2026-05-25T18:15:00Z,2026-05-25T20:15:00+0200,295.82001,MW,FR,FR,forecast_offshore_wind_generation,Wind Offshore,2026-06-11T21:19:02Z
2026-06-11T21:18:08Z,2026-06-11T23:18:08+0200,4e273271-2dd1-4145-994c-b9bfe17baf4e,2026-05-25T18:30:00Z,2026-05-25T20:30:00+0200,288.53998,MW,FR,FR,forecast_offshore_wind_generation,Wind Offshore,2026-06-11T21:19:02Z
2026-06-11T21:18:08Z,2026-06-11T23:18:08+0200,4e273271-2dd1-4145-994c-b9bfe17baf4e,2026-05-25T18:45:00Z,2026-05-25T20:45:00+0200,281.25998,MW,FR,FR,forecast_offshore_wind_generation,Wind Offshore,2026-06-11T21:19:02Z
2026-06-11T21:18:08Z,2026-06-11T23:18:08+0200,4e273271-2dd1-4145-994c-b9bfe17baf4e,2026-05-25T19:00:00Z,2026-05-25T21:00:00+0200,273.97,MW,FR,FR,forecast_offshore_wind_generation,Wind Offshore,2026-06-11T21:19:02Z
2026-06-11T21:18:08Z,2026-06-11T23:18:08+0200,4e273271-2dd1-4145-994c-b9bfe17baf4e,2026-05-25T19:15:00Z,2026-05-25T21:15:00+0200,264.82004,MW,FR,FR,forecast_offshore_wind_generation,Wind Offshore,2026-06-11T21:19:02Z
2026-06-11T21:18:08Z,2026-06-11T23:18:08+0200,4e273271-2dd1-4145-994c-b9bfe17baf4e,2026-05-25T19:30:00Z,2026-05-25T21:30:00+0200,255.64998,MW,FR,FR,forecast_offshore_wind_generation,Wind Offshore,2026-06-11T21:19:02Z
2026-06-11T21:18:08Z,2026-06-11T23:18:08+0200,4e273271-2dd1-4145-994c-b9bfe17baf4e,2026-05-25T19:45:00Z,2026-05-25T21:45:00+0200,246.48001,MW,FR,FR,forecast_offshore_wind_generation,Wind Offshore,2026-06-11T21:19:02Z
2026-06-11T21:18:08Z,2026-06-11T23:18:08+0200,4e273271-2dd1-4145-994c-b9bfe17baf4e,2026-05-25T20:00:00Z,2026-05-25T22:00:00+0200,237.32001,MW,FR,FR,forecast_offshore_wind_generation,Wind Offshore,2026-06-11T21:19:02Z
2026-06-11T21:18:08Z,2026-06-11T23:18:08+0200,4e273271-2dd1-4145-994c-b9bfe17baf4e,2026-05-25T20:15:00Z,2026-05-25T22:15:00+0200,235.14999,MW,FR,FR,forecast_offshore_wind_generation,Wind Offshore,2026-06-11T21:19:02Z
2026-06-11T21:18:08Z,2026-06-11T23:18:08+0200,4e273271-2dd1-4145-994c-b9bfe17baf4e,2026-05-25T20:30:00Z,2026-05-25T22:30:00+0200,232.99001,MW,FR,FR,forecast_offshore_wind_generation,Wind Offshore,2026-06-11T21:19:02Z
2026-06-11T21:18:08Z,2026-06-11T23:18:08+0200,4e273271-2dd1-4145-994c-b9bfe17baf4e,2026-05-25T20:45:00Z,2026-05-25T22:45:00+0200,230.81,MW,FR,FR,forecast_offshore_wind_generation,Wind Offshore,2026-06-11T21:19:02Z
2026-06-11T21:18:08Z,2026-06-11T23:18:08+0200,4e273271-2dd1-4145-994c-b9bfe17baf4e,2026-05-25T21:00:00Z,2026-05-25T23:00:00+0200,228.64999,MW,FR,FR,forecast_offshore_wind_generation,Wind Offshore,2026-06-11T21:19:02Z
2026-06-11T21:18:08Z,2026-06-11T23:18:08+0200,4e273271-2dd1-4145-994c-b9bfe17baf4e,2026-05-25T21:15:00Z,2026-05-25T23:15:00+0200,238.09,MW,FR,FR,forecast_offshore_wind_generation,Wind Offshore,2026-06-11T21:19:02Z
2026-06-11T21:18:08Z,2026-06-11T23:18:08+0200,4e273271-2dd1-4145-994c-b9bfe17baf4e,2026-05-25T21:30:00Z,2026-05-25T23:30:00+0200,247.54999,MW,FR,FR,forecast_offshore_wind_generation,Wind Offshore,2026-06-11T21:19:02Z
2026-06-11T21:18:08Z,2026-06-11T23:18:08+0200,4e273271-2dd1-4145-994c-b9bfe17baf4e,2026-05-25T21:45:00Z,2026-05-25T23:45:00+0200,257.0,MW,FR,FR,forecast_offshore_wind_generation,Wind Offshore,2026-06-11T21:19:02Z
2026-06-11T21:18:08Z,2026-06-11T23:18:08+0200,4e273271-2dd1-4145-994c-b9bfe17baf4e,2026-05-25T22:00:00Z,2026-05-26T00:00:00+0200,332.27997,MW,FR,FR,forecast_offshore_wind_generation,Wind Offshore,2026-06-11T21:19:02Z
2026-06-11T21:18:08Z,2026-06-11T23:18:08+0200,4e273271-2dd1-4145-994c-b9bfe17baf4e,2026-05-25T22:15:00Z,2026-05-26T00:15:00+0200,356.54999,MW,FR,FR,forecast_offshore_wind_generation,Wind Offshore,2026-06-11T21:19:02Z
2026-06-11T21:18:08Z,2026-06-11T23:18:08+0200,4e273271-2dd1-4145-994c-b9bfe17baf4e,2026-05-25T22:30:00Z,2026-05-26T00:30:00+0200,380.84003,MW,FR,FR,forecast_offshore_wind_generation,Wind Offshore,2026-06-11T21:19:02Z
2026-06-11T21:18:08Z,2026-06-11T23:18:08+0200,4e273271-2dd1-4145-994c-b9bfe17baf4e,2026-05-25T22:45:00Z,2026-05-26T00:45:00+0200,405.02997,MW,FR,FR,forecast_offshore_wind_generation,Wind Offshore,2026-06-11T21:19:02Z
2026-06-11T21:18:08Z,2026-06-11T23:18:08+0200,4e273271-2dd1-4145-994c-b9bfe17baf4e,2026-05-25T23:00:00Z,2026-05-26T01:00:00+0200,429.21002,MW,FR,FR,forecast_offshore_wind_generation,Wind Offshore,2026-06-11T21:19:02Z
2026-06-11T21:18:08Z,2026-06-11T23:18:08+0200,4e273271-2dd1-4145-994c-b9bfe17baf4e,2026-05-25T23:15:00Z,2026-05-26T01:15:00+0200,427.31003,MW,FR,FR,forecast_offshore_wind_generation,Wind Offshore,2026-06-11T21:19:02Z
2026-06-11T21:18:08Z,2026-06-11T23:18:08+0200,4e273271-2dd1-4145-994c-b9bfe17baf4e,2026-05-25T23:30:00Z,2026-05-26T01:30:00+0200,425.39999,MW,FR,FR,forecast_offshore_wind_generation,Wind Offshore,2026-06-11T21:19:02Z
2026-06-11T21:18:08Z,2026-06-11T23:18:08+0200,4e273271-2dd1-4145-994c-b9bfe17baf4e,2026-05-25T23:45:00Z,2026-05-26T01:45:00+0200,423.47003,MW,FR,FR,forecast_offshore_wind_generation,Wind Offshore,2026-06-11T21:19:02Z
2026-06-11T21:18:08Z,2026-06-11T23:18:08+0200,4e273271-2dd1-4145-994c-b9bfe17baf4e,2026-05-26T00:00:00Z,2026-05-26T02:00:00+0200,421.53,MW,FR,FR,forecast_offshore_wind_generation,Wind Offshore,2026-06-11T21:19:02Z
2026-06-11T21:18:08Z,2026-06-11T23:18:08+0200,4e273271-2dd1-4145-994c-b9bfe17baf4e,2026-05-26T00:15:00Z,2026-05-26T02:15:00+0200,425.81,MW,FR,FR,forecast_offshore_wind_generation,Wind Offshore,2026-06-11T21:19:02Z
2026-06-11T21:18:08Z,2026-06-11T23:18:08+0200,4e273271-2dd1-4145-994c-b9bfe17baf4e,2026-05-26T00:30:00Z,2026-05-26T02:30:00+0200,430.09998,MW,FR,FR,forecast_offshore_wind_generation,Wind Offshore,2026-06-11T21:19:02Z
2026-06-11T21:18:08Z,2026-06-11T23:18:08+0200,4e273271-2dd1-4145-994c-b9bfe17baf4e,2026-05-26T00:45:00Z,2026-05-26T02:45:00+0200,434.41003,MW,FR,FR,forecast_offshore_wind_generation,Wind Offshore,2026-06-11T21:19:02Z
2026-06-11T21:18:08Z,2026-06-11T23:18:08+0200,4e273271-2dd1-4145-994c-b9bfe17baf4e,2026-05-26T01:00:00Z,2026-05-26T03:00:00+0200,438.67999,MW,FR,FR,forecast_offshore_wind_generation,Wind Offshore,2026-06-11T21:19:02Z
2026-06-11T21:18:08Z,2026-06-11T23:18:08+0200,4e273271-2dd1-4145-994c-b9bfe17baf4e,2026-05-26T01:15:00Z,2026-05-26T03:15:00+0200,446.79001,MW,FR,FR,forecast_offshore_wind_generation,Wind Offshore,2026-06-11T21:19:02Z
2026-06-11T21:18:08Z,2026-06-11T23:18:08+0200,4e273271-2dd1-4145-994c-b9bfe17baf4e,2026-05-26T01:30:00Z,2026-05-26T03:30:00+0200,454.89996,MW,FR,FR,forecast_offshore_wind_generation,Wind Offshore,2026-06-11T21:19:02Z
2026-06-11T21:18:08Z,2026-06-11T23:18:08+0200,4e273271-2dd1-4145-994c-b9bfe17baf4e,2026-05-26T01:45:00Z,2026-05-26T03:45:00+0200,463.00998,MW,FR,FR,forecast_offshore_wind_generation,Wind Offshore,2026-06-11T21:19:02Z
2026-06-11T21:18:08Z,2026-06-11T23:18:08+0200,4e273271-2dd1-4145-994c-b9bfe17baf4e,2026-05-26T02:00:00Z,2026-05-26T04:00:00+0200,471.12,MW,FR,FR,forecast_offshore_wind_generation,Wind Offshore,2026-06-11T21:19:02Z
2026-06-11T21:18:08Z,2026-06-11T23:18:08+0200,4e273271-2dd1-4145-994c-b9bfe17baf4e,2026-05-26T02:15:00Z,2026-05-26T04:15:00+0200,476.21002,MW,FR,FR,forecast_offshore_wind_generation,Wind Offshore,2026-06-11T21:19:02Z
2026-06-11T21:18:08Z,2026-06-11T23:18:08+0200,4e273271-2dd1-4145-994c-b9bfe17baf4e,2026-05-26T02:30:00Z,2026-05-26T04:30:00+0200,481.28003,MW,FR,FR,forecast_offshore_wind_generation,Wind Offshore,2026-06-11T21:19:02Z
2026-06-11T21:18:08Z,2026-06-11T23:18:08+0200,4e273271-2dd1-4145-994c-b9bfe17baf4e,2026-05-26T02:45:00Z,2026-05-26T04:45:00+0200,486.37,MW,FR,FR,forecast_offshore_wind_generation,Wind Offshore,2026-06-11T21:19:02Z
2026-06-11T21:18:08Z,2026-06-11T23:18:08+0200,4e273271-2dd1-4145-994c-b9bfe17baf4e,2026-05-26T03:00:00Z,2026-05-26T05:00:00+0200,491.44,MW,FR,FR,forecast_offshore_wind_generation,Wind Offshore,2026-06-11T21:19:02Z
2026-06-11T21:18:08Z,2026-06-11T23:18:08+0200,4e273271-2dd1-4145-994c-b9bfe17baf4e,2026-05-26T03:15:00Z,2026-05-26T05:15:00+0200,491.34,MW,FR,FR,forecast_offshore_wind_generation,Wind Offshore,2026-06-11T21:19:02Z
2026-06-11T21:18:08Z,2026-06-11T23:18:08+0200,4e273271-2dd1-4145-994c-b9bfe17baf4e,2026-05-26T03:30:00Z,2026-05-26T05:30:00+0200,491.23999,MW,FR,FR,forecast_offshore_wind_generation,Wind Offshore,2026-06-11T21:19:02Z
2026-06-11T21:18:08Z,2026-06-11T23:18:08+0200,4e273271-2dd1-4145-994c-b9bfe17baf4e,2026-05-26T03:45:00Z,2026-05-26T05:45:00+0200,491.10001,MW,FR,FR,forecast_offshore_wind_generation,Wind Offshore,2026-06-11T21:19:02Z
2026-06-11T21:18:08Z,2026-06-11T23:18:08+0200,4e273271-2dd1-4145-994c-b9bfe17baf4e,2026-05-26T04:00:00Z,2026-05-26T06:00:00+0200,490.96997,MW,FR,FR,forecast_offshore_wind_generation,Wind Offshore,2026-06-11T21:19:02Z
2026-06-11T21:18:08Z,2026-06-11T23:18:08+0200,4e273271-2dd1-4145-994c-b9bfe17baf4e,2026-05-26T04:15:00Z,2026-05-26T06:15:00+0200,482.31998,MW,FR,FR,forecast_offshore_wind_generation,Wind Offshore,2026-06-11T21:19:02Z
2026-06-11T21:18:08Z,2026-06-11T23:18:08+0200,4e273271-2dd1-4145-994c-b9bfe17baf4e,2026-05-26T04:30:00Z,2026-05-26T06:30:00+0200,473.65002,MW,FR,FR,forecast_offshore_wind_generation,Wind Offshore,2026-06-11T21:19:02Z
2026-06-11T21:18:08Z,2026-06-11T23:18:08+0200,4e273271-2dd1-4145-994c-b9bfe17baf4e,2026-05-26T04:45:00Z,2026-05-26T06:45:00+0200,464.95999,MW,FR,FR,forecast_offshore_wind_generation,Wind Offshore,2026-06-11T21:19:02Z
2026-06-11T21:18:08Z,2026-06-11T23:18:08+0200,4e273271-2dd1-4145-994c-b9bfe17baf4e,2026-05-26T05:00:00Z,2026-05-26T07:00:00+0200,456.26999,MW,FR,FR,forecast_offshore_wind_generation,Wind Offshore,2026-06-11T21:19:02Z
2026-06-11T21:18:08Z,2026-06-11T23:18:08+0200,4e273271-2dd1-4145-994c-b9bfe17baf4e,2026-05-26T05:15:00Z,2026-05-26T07:15:00+0200,435.48999,MW,FR,FR,forecast_offshore_wind_generation,Wind Offshore,2026-06-11T21:19:02Z
2026-06-11T21:18:08Z,2026-06-11T23:18:08+0200,4e273271-2dd1-4145-994c-b9bfe17baf4e,2026-05-26T05:30:00Z,2026-05-26T07:30:00+0200,414.72,MW,FR,FR,forecast_offshore_wind_generation,Wind Offshore,2026-06-11T21:19:02Z
2026-06-11T21:18:08Z,2026-06-11T23:18:08+0200,4e273271-2dd1-4145-994c-b9bfe17baf4e,2026-05-26T05:45:00Z,2026-05-26T07:45:00+0200,393.90002,MW,FR,FR,forecast_offshore_wind_generation,Wind Offshore,2026-06-11T21:19:02Z
2026-06-11T21:18:08Z,2026-06-11T23:18:08+0200,4e273271-2dd1-4145-994c-b9bfe17baf4e,2026-05-26T06:00:00Z,2026-05-26T08:00:00+0200,373.09998,MW,FR,FR,forecast_offshore_wind_generation,Wind Offshore,2026-06-11T21:19:02Z
2026-06-11T21:18:08Z,2026-06-11T23:18:08+0200,4e273271-2dd1-4145-994c-b9bfe17baf4e,2026-05-26T06:15:00Z,2026-05-26T08:15:00+0200,353.92999,MW,FR,FR,forecast_offshore_wind_generation,Wind Offshore,2026-06-11T21:19:02Z
2026-06-11T21:18:08Z,2026-06-11T23:18:08+0200,4e273271-2dd1-4145-994c-b9bfe17baf4e,2026-05-26T06:30:00Z,2026-05-26T08:30:00+0200,334.75,MW,FR,FR,forecast_offshore_wind_generation,Wind Offshore,2026-06-11T21:19:02Z
2026-06-11T21:18:08Z,2026-06-11T23:18:08+0200,4e273271-2dd1-4145-994c-b9bfe17baf4e,2026-05-26T06:45:00Z,2026-05-26T08:45:00+0200,315.56,MW,FR,FR,forecast_offshore_wind_generation,Wind Offshore,2026-06-11T21:19:02Z
2026-06-11T21:18:08Z,2026-06-11T23:18:08+0200,4e273271-2dd1-4145-994c-b9bfe17baf4e,2026-05-26T07:00:00Z,2026-05-26T09:00:00+0200,296.37997,MW,FR,FR,forecast_offshore_wind_generation,Wind Offshore,2026-06-11T21:19:02Z
2026-06-11T21:18:08Z,2026-06-11T23:18:08+0200,4e273271-2dd1-4145-994c-b9bfe17baf4e,2026-05-26T07:15:00Z,2026-05-26T09:15:00+0200,288.59998,MW,FR,FR,forecast_offshore_wind_generation,Wind Offshore,2026-06-11T21:19:02Z
2026-06-11T21:18:08Z,2026-06-11T23:18:08+0200,4e273271-2dd1-4145-994c-b9bfe17baf4e,2026-05-26T07:30:00Z,2026-05-26T09:30:00+0200,280.85004,MW,FR,FR,forecast_offshore_wind_generation,Wind Offshore,2026-06-11T21:19:02Z
2026-06-11T21:18:08Z,2026-06-11T23:18:08+0200,4e273271-2dd1-4145-994c-b9bfe17baf4e,2026-05-26T07:45:00Z,2026-05-26T09:45:00+0200,273.06003,MW,FR,FR,forecast_offshore_wind_generation,Wind Offshore,2026-06-11T21:19:02Z
2026-06-11T21:18:08Z,2026-06-11T23:18:08+0200,4e273271-2dd1-4145-994c-b9bfe17baf4e,2026-05-26T08:00:00Z,2026-05-26T10:00:00+0200,265.29004,MW,FR,FR,forecast_offshore_wind_generation,Wind Offshore,2026-06-11T21:19:02Z
2026-06-11T21:18:08Z,2026-06-11T23:18:08+0200,4e273271-2dd1-4145-994c-b9bfe17baf4e,2026-05-26T08:15:00Z,2026-05-26T10:15:00+0200,255.04001,MW,FR,FR,forecast_offshore_wind_generation,Wind Offshore,2026-06-11T21:19:02Z
2026-06-11T21:18:08Z,2026-06-11T23:18:08+0200,4e273271-2dd1-4145-994c-b9bfe17baf4e,2026-05-26T08:30:00Z,2026-05-26T10:30:00+0200,244.80002,MW,FR,FR,forecast_offshore_wind_generation,Wind Offshore,2026-06-11T21:19:02Z
2026-06-11T21:18:08Z,2026-06-11T23:18:08+0200,4e273271-2dd1-4145-994c-b9bfe17baf4e,2026-05-26T08:45:00Z,2026-05-26T10:45:00+0200,234.53,MW,FR,FR,forecast_offshore_wind_generation,Wind Offshore,2026-06-11T21:19:02Z
2026-06-11T21:18:08Z,2026-06-11T23:18:08+0200,4e273271-2dd1-4145-994c-b9bfe17baf4e,2026-05-26T09:00:00Z,2026-05-26T11:00:00+0200,224.27,MW,FR,FR,forecast_offshore_wind_generation,Wind Offshore,2026-06-11T21:19:02Z
2026-06-11T21:18:08Z,2026-06-11T23:18:08+0200,4e273271-2dd1-4145-994c-b9bfe17baf4e,2026-05-26T09:15:00Z,2026-05-26T11:15:00+0200,223.29999,MW,FR,FR,forecast_offshore_wind_generation,Wind Offshore,2026-06-11T21:19:02Z
2026-06-11T21:18:08Z,2026-06-11T23:18:08+0200,4e273271-2dd1-4145-994c-b9bfe17baf4e,2026-05-26T09:30:00Z,2026-05-26T11:30:00+0200,222.31001,MW,FR,FR,forecast_offshore_wind_generation,Wind Offshore,2026-06-11T21:19:02Z
2026-06-11T21:18:08Z,2026-06-11T23:18:08+0200,4e273271-2dd1-4145-994c-b9bfe17baf4e,2026-05-26T09:45:00Z,2026-05-26T11:45:00+0200,221.34,MW,FR,FR,forecast_offshore_wind_generation,Wind Offshore,2026-06-11T21:19:02Z
2026-06-11T21:18:08Z,2026-06-11T23:18:08+0200,4e273271-2dd1-4145-994c-b9bfe17baf4e,2026-05-26T10:00:00Z,2026-05-26T12:00:00+0200,220.36,MW,FR,FR,forecast_offshore_wind_generation,Wind Offshore,2026-06-11T21:19:02Z
2026-06-11T21:18:08Z,2026-06-11T23:18:08+0200,4e273271-2dd1-4145-994c-b9bfe17baf4e,2026-05-26T10:15:00Z,2026-05-26T12:15:00+0200,224.03,MW,FR,FR,forecast_offshore_wind_generation,Wind Offshore,2026-06-11T21:19:02Z
2026-06-11T21:18:08Z,2026-06-11T23:18:08+0200,4e273271-2dd1-4145-994c-b9bfe17baf4e,2026-05-26T10:30:00Z,2026-05-26T12:30:00+0200,227.66998,MW,FR,FR,forecast_offshore_wind_generation,Wind Offshore,2026-06-11T21:19:02Z
2026-06-11T21:18:08Z,2026-06-11T23:18:08+0200,4e273271-2dd1-4145-994c-b9bfe17baf4e,2026-05-26T10:45:00Z,2026-05-26T12:45:00+0200,231.32999,MW,FR,FR,forecast_offshore_wind_generation,Wind Offshore,2026-06-11T21:19:02Z
2026-06-11T21:18:08Z,2026-06-11T23:18:08+0200,4e273271-2dd1-4145-994c-b9bfe17baf4e,2026-05-26T11:00:00Z,2026-05-26T13:00:00+0200,234.97998,MW,FR,FR,forecast_offshore_wind_generation,Wind Offshore,2026-06-11T21:19:02Z
2026-06-11T21:18:08Z,2026-06-11T23:18:08+0200,4e273271-2dd1-4145-994c-b9bfe17baf4e,2026-05-26T11:15:00Z,2026-05-26T13:15:00+0200,197.25,MW,FR,FR,forecast_offshore_wind_generation,Wind Offshore,2026-06-11T21:19:02Z
2026-06-11T21:18:08Z,2026-06-11T23:18:08+0200,4e273271-2dd1-4145-994c-b9bfe17baf4e,2026-05-26T11:30:00Z,2026-05-26T13:30:00+0200,197.34999,MW,FR,FR,forecast_offshore_wind_generation,Wind Offshore,2026-06-11T21:19:02Z
2026-06-11T21:18:08Z,2026-06-11T23:18:08+0200,4e273271-2dd1-4145-994c-b9bfe17baf4e,2026-05-26T11:45:00Z,2026-05-26T13:45:00+0200,197.45999,MW,FR,FR,forecast_offshore_wind_generation,Wind Offshore,2026-06-11T21:19:02Z
2026-06-11T21:18:08Z,2026-06-11T23:18:08+0200,4e273271-2dd1-4145-994c-b9bfe17baf4e,2026-05-26T12:00:00Z,2026-05-26T14:00:00+0200,197.57001,MW,FR,FR,forecast_offshore_wind_generation,Wind Offshore,2026-06-11T21:19:02Z
2026-06-11T21:18:08Z,2026-06-11T23:18:08+0200,4e273271-2dd1-4145-994c-b9bfe17baf4e,2026-05-26T12:15:00Z,2026-05-26T14:15:00+0200,193.8,MW,FR,FR,forecast_offshore_wind_generation,Wind Offshore,2026-06-11T21:19:02Z
2026-06-11T21:18:08Z,2026-06-11T23:18:08+0200,4e273271-2dd1-4145-994c-b9bfe17baf4e,2026-05-26T12:30:00Z,2026-05-26T14:30:00+0200,190.04001,MW,FR,FR,forecast_offshore_wind_generation,Wind Offshore,2026-06-11T21:19:02Z
2026-06-11T21:18:08Z,2026-06-11T23:18:08+0200,4e273271-2dd1-4145-994c-b9bfe17baf4e,2026-05-26T12:45:00Z,2026-05-26T14:45:00+0200,186.28999,MW,FR,FR,forecast_offshore_wind_generation,Wind Offshore,2026-06-11T21:19:02Z
2026-06-11T21:18:08Z,2026-06-11T23:18:08+0200,4e273271-2dd1-4145-994c-b9bfe17baf4e,2026-05-26T13:00:00Z,2026-05-26T15:00:00+0200,235.95999,MW,FR,FR,forecast_offshore_wind_generation,Wind Offshore,2026-06-11T21:19:02Z
2026-06-11T21:18:08Z,2026-06-11T23:18:08+0200,4e273271-2dd1-4145-994c-b9bfe17baf4e,2026-05-26T13:15:00Z,2026-05-26T15:15:00+0200,236.98,MW,FR,FR,forecast_offshore_wind_generation,Wind Offshore,2026-06-11T21:19:02Z
2026-06-11T21:18:08Z,2026-06-11T23:18:08+0200,4e273271-2dd1-4145-994c-b9bfe17baf4e,2026-05-26T13:30:00Z,2026-05-26T15:30:00+0200,237.98001,MW,FR,FR,forecast_offshore_wind_generation,Wind Offshore,2026-06-11T21:19:02Z
2026-06-11T21:18:08Z,2026-06-11T23:18:08+0200,4e273271-2dd1-4145-994c-b9bfe17baf4e,2026-05-26T13:45:00Z,2026-05-26T15:45:00+0200,239.0,MW,FR,FR,forecast_offshore_wind_generation,Wind Offshore,2026-06-11T21:19:02Z
2026-06-11T21:18:08Z,2026-06-11T23:18:08+0200,4e273271-2dd1-4145-994c-b9bfe17baf4e,2026-05-26T14:00:00Z,2026-05-26T16:00:00+0200,240.01001,MW,FR,FR,forecast_offshore_wind_generation,Wind Offshore,2026-06-11T21:19:02Z
2026-06-11T21:18:08Z,2026-06-11T23:18:08+0200,4e273271-2dd1-4145-994c-b9bfe17baf4e,2026-05-26T14:15:00Z,2026-05-26T16:15:00+0200,247.99998,MW,FR,FR,forecast_offshore_wind_generation,Wind Offshore,2026-06-11T21:19:02Z
2026-06-11T21:18:08Z,2026-06-11T23:18:08+0200,4e273271-2dd1-4145-994c-b9bfe17baf4e,2026-05-26T14:30:00Z,2026-05-26T16:30:00+0200,255.98,MW,FR,FR,forecast_offshore_wind_generation,Wind Offshore,2026-06-11T21:19:02Z
2026-06-11T21:18:08Z,2026-06-11T23:18:08+0200,4e273271-2dd1-4145-994c-b9bfe17baf4e,2026-05-26T14:45:00Z,2026-05-26T16:45:00+0200,263.98001,MW,FR,FR,forecast_offshore_wind_generation,Wind Offshore,2026-06-11T21:19:02Z
2026-06-11T21:18:08Z,2026-06-11T23:18:08+0200,4e273271-2dd1-4145-994c-b9bfe17baf4e,2026-05-26T15:00:00Z,2026-05-26T17:00:00+0200,271.98999,MW,FR,FR,forecast_offshore_wind_generation,Wind Offshore,2026-06-11T21:19:02Z
2026-06-11T21:18:08Z,2026-06-11T23:18:08+0200,4e273271-2dd1-4145-994c-b9bfe17baf4e,2026-05-26T15:15:00Z,2026-05-26T17:15:00+0200,267.79999,MW,FR,FR,forecast_offshore_wind_generation,Wind Offshore,2026-06-11T21:19:02Z
2026-06-11T21:18:08Z,2026-06-11T23:18:08+0200,4e273271-2dd1-4145-994c-b9bfe17baf4e,2026-05-26T15:30:00Z,2026-05-26T17:30:00+0200,263.60999,MW,FR,FR,forecast_offshore_wind_generation,Wind Offshore,2026-06-11T21:19:02Z
2026-06-11T21:18:08Z,2026-06-11T23:18:08+0200,4e273271-2dd1-4145-994c-b9bfe17baf4e,2026-05-26T15:45:00Z,2026-05-26T17:45:00+0200,259.42999,MW,FR,FR,forecast_offshore_wind_generation,Wind Offshore,2026-06-11T21:19:02Z
2026-06-11T21:18:08Z,2026-06-11T23:18:08+0200,4e273271-2dd1-4145-994c-b9bfe17baf4e,2026-05-26T16:00:00Z,2026-05-26T18:00:00+0200,255.26001,MW,FR,FR,forecast_offshore_wind_generation,Wind Offshore,2026-06-11T21:19:02Z
2026-06-11T21:18:08Z,2026-06-11T23:18:08+0200,4e273271-2dd1-4145-994c-b9bfe17baf4e,2026-05-26T16:15:00Z,2026-05-26T18:15:00+0200,247.44,MW,FR,FR,forecast_offshore_wind_generation,Wind Offshore,2026-06-11T21:19:02Z
2026-06-11T21:18:08Z,2026-06-11T23:18:08+0200,4e273271-2dd1-4145-994c-b9bfe17baf4e,2026-05-26T16:30:00Z,2026-05-26T18:30:00+0200,239.60001,MW,FR,FR,forecast_offshore_wind_generation,Wind Offshore,2026-06-11T21:19:02Z
2026-06-11T21:18:08Z,2026-06-11T23:18:08+0200,4e273271-2dd1-4145-994c-b9bfe17baf4e,2026-05-26T16:45:00Z,2026-05-26T18:45:00+0200,231.78,MW,FR,FR,forecast_offshore_wind_generation,Wind Offshore,2026-06-11T21:19:02Z
2026-06-11T21:18:08Z,2026-06-11T23:18:08+0200,4e273271-2dd1-4145-994c-b9bfe17baf4e,2026-05-26T17:00:00Z,2026-05-26T19:00:00+0200,223.96001,MW,FR,FR,forecast_offshore_wind_generation,Wind Offshore,2026-06-11T21:19:02Z
2026-06-11T21:18:08Z,2026-06-11T23:18:08+0200,4e273271-2dd1-4145-994c-b9bfe17baf4e,2026-05-26T17:15:00Z,2026-05-26T19:15:00+0200,209.75,MW,FR,FR,forecast_offshore_wind_generation,Wind Offshore,2026-06-11T21:19:02Z
2026-06-11T21:18:08Z,2026-06-11T23:18:08+0200,4e273271-2dd1-4145-994c-b9bfe17baf4e,2026-05-26T17:30:00Z,2026-05-26T19:30:00+0200,195.55,MW,FR,FR,forecast_offshore_wind_generation,Wind Offshore,2026-06-11T21:19:02Z
2026-06-11T21:18:08Z,2026-06-11T23:18:08+0200,4e273271-2dd1-4145-994c-b9bfe17baf4e,2026-05-26T17:45:00Z,2026-05-26T19:45:00+0200,181.34,MW,FR,FR,forecast_offshore_wind_generation,Wind Offshore,2026-06-11T21:19:02Z
2026-06-11T21:18:08Z,2026-06-11T23:18:08+0200,4e273271-2dd1-4145-994c-b9bfe17baf4e,2026-05-26T18:00:00Z,2026-05-26T20:00:00+0200,167.14999,MW,FR,FR,forecast_offshore_wind_generation,Wind Offshore,2026-06-11T21:19:02Z
2026-06-11T21:18:08Z,2026-06-11T23:18:08+0200,4e273271-2dd1-4145-994c-b9bfe17baf4e,2026-05-26T18:15:00Z,2026-05-26T20:15:00+0200,166.87999,MW,FR,FR,forecast_offshore_wind_generation,Wind Offshore,2026-06-11T21:19:02Z
2026-06-11T21:18:08Z,2026-06-11T23:18:08+0200,4e273271-2dd1-4145-994c-b9bfe17baf4e,2026-05-26T18:30:00Z,2026-05-26T20:30:00+0200,166.59999,MW,FR,FR,forecast_offshore_wind_generation,Wind Offshore,2026-06-11T21:19:02Z
2026-06-11T21:18:08Z,2026-06-11T23:18:08+0200,4e273271-2dd1-4145-994c-b9bfe17baf4e,2026-05-26T18:45:00Z,2026-05-26T20:45:00+0200,166.32001,MW,FR,FR,forecast_offshore_wind_generation,Wind Offshore,2026-06-11T21:19:02Z
2026-06-11T21:18:08Z,2026-06-11T23:18:08+0200,4e273271-2dd1-4145-994c-b9bfe17baf4e,2026-05-26T19:00:00Z,2026-05-26T21:00:00+0200,166.03999,MW,FR,FR,forecast_offshore_wind_generation,Wind Offshore,2026-06-11T21:19:02Z
2026-06-11T21:18:08Z,2026-06-11T23:18:08+0200,4e273271-2dd1-4145-994c-b9bfe17baf4e,2026-05-26T19:15:00Z,2026-05-26T21:15:00+0200,173.56,MW,FR,FR,forecast_offshore_wind_generation,Wind Offshore,2026-06-11T21:19:02Z
2026-06-11T21:18:08Z,2026-06-11T23:18:08+0200,4e273271-2dd1-4145-994c-b9bfe17baf4e,2026-05-26T19:30:00Z,2026-05-26T21:30:00+0200,181.09999,MW,FR,FR,forecast_offshore_wind_generation,Wind Offshore,2026-06-11T21:19:02Z
2026-06-11T21:18:08Z,2026-06-11T23:18:08+0200,4e273271-2dd1-4145-994c-b9bfe17baf4e,2026-05-26T19:45:00Z,2026-05-26T21:45:00+0200,188.63,MW,FR,FR,forecast_offshore_wind_generation,Wind Offshore,2026-06-11T21:19:02Z
2026-06-11T21:18:08Z,2026-06-11T23:18:08+0200,4e273271-2dd1-4145-994c-b9bfe17baf4e,2026-05-26T20:00:00Z,2026-05-26T22:00:00+0200,196.17001,MW,FR,FR,forecast_offshore_wind_generation,Wind Offshore,2026-06-11T21:19:02Z
2026-06-11T21:18:08Z,2026-06-11T23:18:08+0200,4e273271-2dd1-4145-994c-b9bfe17baf4e,2026-05-26T20:15:00Z,2026-05-26T22:15:00+0200,210.20999,MW,FR,FR,forecast_offshore_wind_generation,Wind Offshore,2026-06-11T21:19:02Z
2026-06-11T21:18:08Z,2026-06-11T23:18:08+0200,4e273271-2dd1-4145-994c-b9bfe17baf4e,2026-05-26T20:30:00Z,2026-05-26T22:30:00+0200,224.25999,MW,FR,FR,forecast_offshore_wind_generation,Wind Offshore,2026-06-11T21:19:02Z
2026-06-11T21:18:08Z,2026-06-11T23:18:08+0200,4e273271-2dd1-4145-994c-b9bfe17baf4e,2026-05-26T20:45:00Z,2026-05-26T22:45:00+0200,238.29001,MW,FR,FR,forecast_offshore_wind_generation,Wind Offshore,2026-06-11T21:19:02Z
2026-06-11T21:18:08Z,2026-06-11T23:18:08+0200,4e273271-2dd1-4145-994c-b9bfe17baf4e,2026-05-26T21:00:00Z,2026-05-26T23:00:00+0200,252.32001,MW,FR,FR,forecast_offshore_wind_generation,Wind Offshore,2026-06-11T21:19:02Z
2026-06-11T21:18:08Z,2026-06-11T23:18:08+0200,4e273271-2dd1-4145-994c-b9bfe17baf4e,2026-05-26T21:15:00Z,2026-05-26T23:15:00+0200,253.69,MW,FR,FR,forecast_offshore_wind_generation,Wind Offshore,2026-06-11T21:19:02Z
2026-06-11T21:18:08Z,2026-06-11T23:18:08+0200,4e273271-2dd1-4145-994c-b9bfe17baf4e,2026-05-26T21:30:00Z,2026-05-26T23:30:00+0200,255.06001,MW,FR,FR,forecast_offshore_wind_generation,Wind Offshore,2026-06-11T21:19:02Z
2026-06-11T21:18:08Z,2026-06-11T23:18:08+0200,4e273271-2dd1-4145-994c-b9bfe17baf4e,2026-05-26T21:45:00Z,2026-05-26T23:45:00+0200,256.44,MW,FR,FR,forecast_offshore_wind_generation,Wind Offshore,2026-06-11T21:19:02Z
2026-06-11T21:18:08Z,2026-06-11T23:18:08+0200,4e273271-2dd1-4145-994c-b9bfe17baf4e,2026-05-26T22:00:00Z,2026-05-27T00:00:00+0200,234.82001,MW,FR,FR,forecast_offshore_wind_generation,Wind Offshore,2026-06-11T21:19:02Z
2026-06-11T21:18:08Z,2026-06-11T23:18:08+0200,4e273271-2dd1-4145-994c-b9bfe17baf4e,2026-05-26T22:15:00Z,2026-05-27T00:15:00+0200,236.06999,MW,FR,FR,forecast_offshore_wind_generation,Wind Offshore,2026-06-11T21:19:02Z
2026-06-11T21:18:08Z,2026-06-11T23:18:08+0200,4e273271-2dd1-4145-994c-b9bfe17baf4e,2026-05-26T22:30:00Z,2026-05-27T00:30:00+0200,237.34999,MW,FR,FR,forecast_offshore_wind_generation,Wind Offshore,2026-06-11T21:19:02Z
2026-06-11T21:18:08Z,2026-06-11T23:18:08+0200,4e273271-2dd1-4145-994c-b9bfe17baf4e,2026-05-26T22:45:00Z,2026-05-27T00:45:00+0200,238.36,MW,FR,FR,forecast_offshore_wind_generation,Wind Offshore,2026-06-11T21:19:02Z
2026-06-11T21:18:08Z,2026-06-11T23:18:08+0200,4e273271-2dd1-4145-994c-b9bfe17baf4e,2026-05-26T23:00:00Z,2026-05-27T01:00:00+0200,239.35999,MW,FR,FR,forecast_offshore_wind_generation,Wind Offshore,2026-06-11T21:19:02Z
2026-06-11T21:18:08Z,2026-06-11T23:18:08+0200,4e273271-2dd1-4145-994c-b9bfe17baf4e,2026-05-26T23:15:00Z,2026-05-27T01:15:00+0200,225.0,MW,FR,FR,forecast_offshore_wind_generation,Wind Offshore,2026-06-11T21:19:02Z
2026-06-11T21:18:08Z,2026-06-11T23:18:08+0200,4e273271-2dd1-4145-994c-b9bfe17baf4e,2026-05-26T23:30:00Z,2026-05-27T01:30:00+0200,210.63,MW,FR,FR,forecast_offshore_wind_generation,Wind Offshore,2026-06-11T21:19:02Z
2026-06-11T21:18:08Z,2026-06-11T23:18:08+0200,4e273271-2dd1-4145-994c-b9bfe17baf4e,2026-05-26T23:45:00Z,2026-05-27T01:45:00+0200,196.19,MW,FR,FR,forecast_offshore_wind_generation,Wind Offshore,2026-06-11T21:19:02Z
2026-06-11T21:18:08Z,2026-06-11T23:18:08+0200,4e273271-2dd1-4145-994c-b9bfe17baf4e,2026-05-27T00:00:00Z,2026-05-27T02:00:00+0200,181.73,MW,FR,FR,forecast_offshore_wind_generation,Wind Offshore,2026-06-11T21:19:02Z
2026-06-11T21:18:08Z,2026-06-11T23:18:08+0200,4e273271-2dd1-4145-994c-b9bfe17baf4e,2026-05-27T00:15:00Z,2026-05-27T02:15:00+0200,181.00999,MW,FR,FR,forecast_offshore_wind_generation,Wind Offshore,2026-06-11T21:19:02Z
2026-06-11T21:18:08Z,2026-06-11T23:18:08+0200,4e273271-2dd1-4145-994c-b9bfe17baf4e,2026-05-27T00:30:00Z,2026-05-27T02:30:00+0200,180.28999,MW,FR,FR,forecast_offshore_wind_generation,Wind Offshore,2026-06-11T21:19:02Z
2026-06-11T21:18:08Z,2026-06-11T23:18:08+0200,4e273271-2dd1-4145-994c-b9bfe17baf4e,2026-05-27T00:45:00Z,2026-05-27T02:45:00+0200,179.58,MW,FR,FR,forecast_offshore_wind_generation,Wind Offshore,2026-06-11T21:19:02Z
2026-06-11T21:18:08Z,2026-06-11T23:18:08+0200,4e273271-2dd1-4145-994c-b9bfe17baf4e,2026-05-27T01:00:00Z,2026-05-27T03:00:00+0200,178.86,MW,FR,FR,forecast_offshore_wind_generation,Wind Offshore,2026-06-11T21:19:02Z
2026-06-11T21:18:08Z,2026-06-11T23:18:08+0200,4e273271-2dd1-4145-994c-b9bfe17baf4e,2026-05-27T01:15:00Z,2026-05-27T03:15:00+0200,197.90999,MW,FR,FR,forecast_offshore_wind_generation,Wind Offshore,2026-06-11T21:19:02Z
2026-06-11T21:18:08Z,2026-06-11T23:18:08+0200,4e273271-2dd1-4145-994c-b9bfe17baf4e,2026-05-27T01:30:00Z,2026-05-27T03:30:00+0200,216.95999,MW,FR,FR,forecast_offshore_wind_generation,Wind Offshore,2026-06-11T21:19:02Z
2026-06-11T21:18:08Z,2026-06-11T23:18:08+0200,4e273271-2dd1-4145-994c-b9bfe17baf4e,2026-05-27T01:45:00Z,2026-05-27T03:45:00+0200,236.02002,MW,FR,FR,forecast_offshore_wind_generation,Wind Offshore,2026-06-11T21:19:02Z
2026-06-11T21:18:08Z,2026-06-11T23:18:08+0200,4e273271-2dd1-4145-994c-b9bfe17baf4e,2026-05-27T02:00:00Z,2026-05-27T04:00:00+0200,255.09,MW,FR,FR,forecast_offshore_wind_generation,Wind Offshore,2026-06-11T21:19:02Z
2026-06-11T21:18:08Z,2026-06-11T23:18:08+0200,4e273271-2dd1-4145-994c-b9bfe17baf4e,2026-05-27T02:15:00Z,2026-05-27T04:15:00+0200,260.94,MW,FR,FR,forecast_offshore_wind_generation,Wind Offshore,2026-06-11T21:19:02Z
2026-06-11T21:18:08Z,2026-06-11T23:18:08+0200,4e273271-2dd1-4145-994c-b9bfe17baf4e,2026-05-27T02:30:00Z,2026-05-27T04:30:00+0200,266.82001,MW,FR,FR,forecast_offshore_wind_generation,Wind Offshore,2026-06-11T21:19:02Z
2026-06-11T21:18:08Z,2026-06-11T23:18:08+0200,4e273271-2dd1-4145-994c-b9bfe17baf4e,2026-05-27T02:45:00Z,2026-05-27T04:45:00+0200,272.67999,MW,FR,FR,forecast_offshore_wind_generation,Wind Offshore,2026-06-11T21:19:02Z
2026-06-11T21:18:08Z,2026-06-11T23:18:08+0200,4e273271-2dd1-4145-994c-b9bfe17baf4e,2026-05-27T03:00:00Z,2026-05-27T05:00:00+0200,278.53,MW,FR,FR,forecast_offshore_wind_generation,Wind Offshore,2026-06-11T21:19:02Z
2026-06-11T21:18:08Z,2026-06-11T23:18:08+0200,4e273271-2dd1-4145-994c-b9bfe17baf4e,2026-05-27T03:15:00Z,2026-05-27T05:15:00+0200,269.38,MW,FR,FR,forecast_offshore_wind_generation,Wind Offshore,2026-06-11T21:19:02Z
2026-06-11T21:18:08Z,2026-06-11T23:18:08+0200,4e273271-2dd1-4145-994c-b9bfe17baf4e,2026-05-27T03:30:00Z,2026-05-27T05:30:00+0200,260.20001,MW,FR,FR,forecast_offshore_wind_generation,Wind Offshore,2026-06-11T21:19:02Z
2026-06-11T21:18:08Z,2026-06-11T23:18:08+0200,4e273271-2dd1-4145-994c-b9bfe17baf4e,2026-05-27T03:45:00Z,2026-05-27T05:45:00+0200,250.95999,MW,FR,FR,forecast_offshore_wind_generation,Wind Offshore,2026-06-11T21:19:02Z
2026-06-11T21:18:08Z,2026-06-11T23:18:08+0200,4e273271-2dd1-4145-994c-b9bfe17baf4e,2026-05-27T04:00:00Z,2026-05-27T06:00:00+0200,241.71001,MW,FR,FR,forecast_offshore_wind_generation,Wind Offshore,2026-06-11T21:19:02Z
2026-06-11T21:18:08Z,2026-06-11T23:18:08+0200,4e273271-2dd1-4145-994c-b9bfe17baf4e,2026-05-27T04:15:00Z,2026-05-27T06:15:00+0200,231.35999,MW,FR,FR,forecast_offshore_wind_generation,Wind Offshore,2026-06-11T21:19:02Z
2026-06-11T21:18:08Z,2026-06-11T23:18:08+0200,4e273271-2dd1-4145-994c-b9bfe17baf4e,2026-05-27T04:30:00Z,2026-05-27T06:30:00+0200,221.02,MW,FR,FR,forecast_offshore_wind_generation,Wind Offshore,2026-06-11T21:19:02Z
2026-06-11T21:18:08Z,2026-06-11T23:18:08+0200,4e273271-2dd1-4145-994c-b9bfe17baf4e,2026-05-27T04:45:00Z,2026-05-27T06:45:00+0200,210.57999,MW,FR,FR,forecast_offshore_wind_generation,Wind Offshore,2026-06-11T21:19:02Z
2026-06-11T21:18:08Z,2026-06-11T23:18:08+0200,4e273271-2dd1-4145-994c-b9bfe17baf4e,2026-05-27T05:00:00Z,2026-05-27T07:00:00+0200,200.17,MW,FR,FR,forecast_offshore_wind_generation,Wind Offshore,2026-06-11T21:19:02Z
2026-06-11T21:18:08Z,2026-06-11T23:18:08+0200,4e273271-2dd1-4145-994c-b9bfe17baf4e,2026-05-27T05:15:00Z,2026-05-27T07:15:00+0200,199.84,MW,FR,FR,forecast_offshore_wind_generation,Wind Offshore,2026-06-11T21:19:02Z
2026-06-11T21:18:08Z,2026-06-11T23:18:08+0200,4e273271-2dd1-4145-994c-b9bfe17baf4e,2026-05-27T05:30:00Z,2026-05-27T07:30:00+0200,199.51001,MW,FR,FR,forecast_offshore_wind_generation,Wind Offshore,2026-06-11T21:19:02Z
2026-06-11T21:18:08Z,2026-06-11T23:18:08+0200,4e273271-2dd1-4145-994c-b9bfe17baf4e,2026-05-27T05:45:00Z,2026-05-27T07:45:00+0200,199.09999,MW,FR,FR,forecast_offshore_wind_generation,Wind Offshore,2026-06-11T21:19:02Z
2026-06-11T21:18:08Z,2026-06-11T23:18:08+0200,4e273271-2dd1-4145-994c-b9bfe17baf4e,2026-05-27T06:00:00Z,2026-05-27T08:00:00+0200,198.70999,MW,FR,FR,forecast_offshore_wind_generation,Wind Offshore,2026-06-11T21:19:02Z
2026-06-11T21:18:08Z,2026-06-11T23:18:08+0200,4e273271-2dd1-4145-994c-b9bfe17baf4e,2026-05-27T06:15:00Z,2026-05-27T08:15:00+0200,211.89999,MW,FR,FR,forecast_offshore_wind_generation,Wind Offshore,2026-06-11T21:19:02Z
2026-06-11T21:18:08Z,2026-06-11T23:18:08+0200,4e273271-2dd1-4145-994c-b9bfe17baf4e,2026-05-27T06:30:00Z,2026-05-27T08:30:00+0200,225.09,MW,FR,FR,forecast_offshore_wind_generation,Wind Offshore,2026-06-11T21:19:02Z
2026-06-11T21:18:08Z,2026-06-11T23:18:08+0200,4e273271-2dd1-4145-994c-b9bfe17baf4e,2026-05-27T06:45:00Z,2026-05-27T08:45:00+0200,238.25,MW,FR,FR,forecast_offshore_wind_generation,Wind Offshore,2026-06-11T21:19:02Z
2026-06-11T21:18:08Z,2026-06-11T23:18:08+0200,4e273271-2dd1-4145-994c-b9bfe17baf4e,2026-05-27T07:00:00Z,2026-05-27T09:00:00+0200,251.39999,MW,FR,FR,forecast_offshore_wind_generation,Wind Offshore,2026-06-11T21:19:02Z
2026-06-11T21:18:08Z,2026-06-11T23:18:08+0200,4e273271-2dd1-4145-994c-b9bfe17baf4e,2026-05-27T07:15:00Z,2026-05-27T09:15:00+0200,255.09,MW,FR,FR,forecast_offshore_wind_generation,Wind Offshore,2026-06-11T21:19:02Z
2026-06-11T21:18:08Z,2026-06-11T23:18:08+0200,4e273271-2dd1-4145-994c-b9bfe17baf4e,2026-05-27T07:30:00Z,2026-05-27T09:30:00+0200,258.75,MW,FR,FR,forecast_offshore_wind_generation,Wind Offshore,2026-06-11T21:19:02Z
2026-06-11T21:18:08Z,2026-06-11T23:18:08+0200,4e273271-2dd1-4145-994c-b9bfe17baf4e,2026-05-27T07:45:00Z,2026-05-27T09:45:00+0200,262.42999,MW,FR,FR,forecast_offshore_wind_generation,Wind Offshore,2026-06-11T21:19:02Z
2026-06-11T21:18:08Z,2026-06-11T23:18:08+0200,4e273271-2dd1-4145-994c-b9bfe17baf4e,2026-05-27T08:00:00Z,2026-05-27T10:00:00+0200,266.07001,MW,FR,FR,forecast_offshore_wind_generation,Wind Offshore,2026-06-11T21:19:02Z
2026-06-11T21:18:08Z,2026-06-11T23:18:08+0200,4e273271-2dd1-4145-994c-b9bfe17baf4e,2026-05-27T08:15:00Z,2026-05-27T10:15:00+0200,281.72,MW,FR,FR,forecast_offshore_wind_generation,Wind Offshore,2026-06-11T21:19:02Z
2026-06-11T21:18:08Z,2026-06-11T23:18:08+0200,4e273271-2dd1-4145-994c-b9bfe17baf4e,2026-05-27T08:30:00Z,2026-05-27T10:30:00+0200,297.39001,MW,FR,FR,forecast_offshore_wind_generation,Wind Offshore,2026-06-11T21:19:02Z
2026-06-11T21:18:08Z,2026-06-11T23:18:08+0200,4e273271-2dd1-4145-994c-b9bfe17baf4e,2026-05-27T08:45:00Z,2026-05-27T10:45:00+0200,313.01999,MW,FR,FR,forecast_offshore_wind_generation,Wind Offshore,2026-06-11T21:19:02Z
2026-06-11T21:18:08Z,2026-06-11T23:18:08+0200,4e273271-2dd1-4145-994c-b9bfe17baf4e,2026-05-27T09:00:00Z,2026-05-27T11:00:00+0200,328.65002,MW,FR,FR,forecast_offshore_wind_generation,Wind Offshore,2026-06-11T21:19:02Z
2026-06-11T21:18:08Z,2026-06-11T23:18:08+0200,4e273271-2dd1-4145-994c-b9bfe17baf4e,2026-05-27T09:15:00Z,2026-05-27T11:15:00+0200,334.69,MW,FR,FR,forecast_offshore_wind_generation,Wind Offshore,2026-06-11T21:19:02Z
2026-06-11T21:18:08Z,2026-06-11T23:18:08+0200,4e273271-2dd1-4145-994c-b9bfe17baf4e,2026-05-27T09:30:00Z,2026-05-27T11:30:00+0200,340.73999,MW,FR,FR,forecast_offshore_wind_generation,Wind Offshore,2026-06-11T21:19:02Z
2026-06-11T21:18:08Z,2026-06-11T23:18:08+0200,4e273271-2dd1-4145-994c-b9bfe17baf4e,2026-05-27T09:45:00Z,2026-05-27T11:45:00+0200,346.79001,MW,FR,FR,forecast_offshore_wind_generation,Wind Offshore,2026-06-11T21:19:02Z
2026-06-11T21:18:08Z,2026-06-11T23:18:08+0200,4e273271-2dd1-4145-994c-b9bfe17baf4e,2026-05-27T10:00:00Z,2026-05-27T12:00:00+0200,352.82001,MW,FR,FR,forecast_offshore_wind_generation,Wind Offshore,2026-06-11T21:19:02Z
2026-06-11T21:18:08Z,2026-06-11T23:18:08+0200,4e273271-2dd1-4145-994c-b9bfe17baf4e,2026-05-27T10:15:00Z,2026-05-27T12:15:00+0200,360.85999,MW,FR,FR,forecast_offshore_wind_generation,Wind Offshore,2026-06-11T21:19:02Z
2026-06-11T21:18:08Z,2026-06-11T23:18:08+0200,4e273271-2dd1-4145-994c-b9bfe17baf4e,2026-05-27T10:30:00Z,2026-05-27T12:30:00+0200,368.88,MW,FR,FR,forecast_offshore_wind_generation,Wind Offshore,2026-06-11T21:19:02Z
2026-06-11T21:18:08Z,2026-06-11T23:18:08+0200,4e273271-2dd1-4145-994c-b9bfe17baf4e,2026-05-27T10:45:00Z,2026-05-27T12:45:00+0200,376.91,MW,FR,FR,forecast_offshore_wind_generation,Wind Offshore,2026-06-11T21:19:02Z
2026-06-11T21:18:08Z,2026-06-11T23:18:08+0200,4e273271-2dd1-4145-994c-b9bfe17baf4e,2026-05-27T11:00:00Z,2026-05-27T13:00:00+0200,384.95001,MW,FR,FR,forecast_offshore_wind_generation,Wind Offshore,2026-06-11T21:19:02Z
2026-06-11T21:18:08Z,2026-06-11T23:18:08+0200,4e273271-2dd1-4145-994c-b9bfe17baf4e,2026-05-27T11:15:00Z,2026-05-27T13:15:00+0200,381.78,MW,FR,FR,forecast_offshore_wind_generation,Wind Offshore,2026-06-11T21:19:02Z
2026-06-11T21:18:08Z,2026-06-11T23:18:08+0200,4e273271-2dd1-4145-994c-b9bfe17baf4e,2026-05-27T11:30:00Z,2026-05-27T13:30:00+0200,378.59,MW,FR,FR,forecast_offshore_wind_generation,Wind Offshore,2026-06-11T21:19:02Z
2026-06-11T21:18:08Z,2026-06-11T23:18:08+0200,4e273271-2dd1-4145-994c-b9bfe17baf4e,2026-05-27T11:45:00Z,2026-05-27T13:45:00+0200,375.39999,MW,FR,FR,forecast_offshore_wind_generation,Wind Offshore,2026-06-11T21:19:02Z
2026-06-11T21:18:08Z,2026-06-11T23:18:08+0200,4e273271-2dd1-4145-994c-b9bfe17baf4e,2026-05-27T12:00:00Z,2026-05-27T14:00:00+0200,372.20001,MW,FR,FR,forecast_offshore_wind_generation,Wind Offshore,2026-06-11T21:19:02Z
2026-06-11T21:18:08Z,2026-06-11T23:18:08+0200,4e273271-2dd1-4145-994c-b9bfe17baf4e,2026-05-27T12:15:00Z,2026-05-27T14:15:00+0200,362.50998,MW,FR,FR,forecast_offshore_wind_generation,Wind Offshore,2026-06-11T21:19:02Z
2026-06-11T21:18:08Z,2026-06-11T23:18:08+0200,4e273271-2dd1-4145-994c-b9bfe17baf4e,2026-05-27T12:30:00Z,2026-05-27T14:30:00+0200,352.82999,MW,FR,FR,forecast_offshore_wind_generation,Wind Offshore,2026-06-11T21:19:02Z
2026-06-11T21:18:08Z,2026-06-11T23:18:08+0200,4e273271-2dd1-4145-994c-b9bfe17baf4e,2026-05-27T12:45:00Z,2026-05-27T14:45:00+0200,343.13998,MW,FR,FR,forecast_offshore_wind_generation,Wind Offshore,2026-06-11T21:19:02Z
2026-06-11T21:18:08Z,2026-06-11T23:18:08+0200,4e273271-2dd1-4145-994c-b9bfe17baf4e,2026-05-27T13:00:00Z,2026-05-27T15:00:00+0200,333.45999,MW,FR,FR,forecast_offshore_wind_generation,Wind Offshore,2026-06-11T21:19:02Z
2026-06-11T21:18:08Z,2026-06-11T23:18:08+0200,4e273271-2dd1-4145-994c-b9bfe17baf4e,2026-05-27T13:15:00Z,2026-05-27T15:15:00+0200,327.27002,MW,FR,FR,forecast_offshore_wind_generation,Wind Offshore,2026-06-11T21:19:02Z
2026-06-11T21:18:08Z,2026-06-11T23:18:08+0200,4e273271-2dd1-4145-994c-b9bfe17baf4e,2026-05-27T13:30:00Z,2026-05-27T15:30:00+0200,321.09,MW,FR,FR,forecast_offshore_wind_generation,Wind Offshore,2026-06-11T21:19:02Z
2026-06-11T21:18:08Z,2026-06-11T23:18:08+0200,4e273271-2dd1-4145-994c-b9bfe17baf4e,2026-05-27T13:45:00Z,2026-05-27T15:45:00+0200,314.95001,MW,FR,FR,forecast_offshore_wind_generation,Wind Offshore,2026-06-11T21:19:02Z
2026-06-11T21:18:08Z,2026-06-11T23:18:08+0200,4e273271-2dd1-4145-994c-b9bfe17baf4e,2026-05-27T14:00:00Z,2026-05-27T16:00:00+0200,308.80002,MW,FR,FR,forecast_offshore_wind_generation,Wind Offshore,2026-06-11T21:19:02Z
2026-06-11T21:18:08Z,2026-06-11T23:18:08+0200,4e273271-2dd1-4145-994c-b9bfe17baf4e,2026-05-27T14:15:00Z,2026-05-27T16:15:00+0200,307.79999,MW,FR,FR,forecast_offshore_wind_generation,Wind Offshore,2026-06-11T21:19:02Z
2026-06-11T21:18:08Z,2026-06-11T23:18:08+0200,4e273271-2dd1-4145-994c-b9bfe17baf4e,2026-05-27T14:30:00Z,2026-05-27T16:30:00+0200,306.79001,MW,FR,FR,forecast_offshore_wind_generation,Wind Offshore,2026-06-11T21:19:02Z
2026-06-11T21:18:08Z,2026-06-11T23:18:08+0200,4e273271-2dd1-4145-994c-b9bfe17baf4e,2026-05-27T14:45:00Z,2026-05-27T16:45:00+0200,305.82001,MW,FR,FR,forecast_offshore_wind_generation,Wind Offshore,2026-06-11T21:19:02Z
2026-06-11T21:18:08Z,2026-06-11T23:18:08+0200,4e273271-2dd1-4145-994c-b9bfe17baf4e,2026-05-27T15:00:00Z,2026-05-27T17:00:00+0200,304.87,MW,FR,FR,forecast_offshore_wind_generation,Wind Offshore,2026-06-11T21:19:02Z
2026-06-11T21:18:08Z,2026-06-11T23:18:08+0200,4e273271-2dd1-4145-994c-b9bfe17baf4e,2026-05-27T15:15:00Z,2026-05-27T17:15:00+0200,302.62,MW,FR,FR,forecast_offshore_wind_generation,Wind Offshore,2026-06-11T21:19:02Z
2026-06-11T21:18:08Z,2026-06-11T23:18:08+0200,4e273271-2dd1-4145-994c-b9bfe17baf4e,2026-05-27T15:30:00Z,2026-05-27T17:30:00+0200,300.35001,MW,FR,FR,forecast_offshore_wind_generation,Wind Offshore,2026-06-11T21:19:02Z
2026-06-11T21:18:08Z,2026-06-11T23:18:08+0200,4e273271-2dd1-4145-994c-b9bfe17baf4e,2026-05-27T15:45:00Z,2026-05-27T17:45:00+0200,298.14999,MW,FR,FR,forecast_offshore_wind_generation,Wind Offshore,2026-06-11T21:19:02Z
2026-06-11T21:18:08Z,2026-06-11T23:18:08+0200,4e273271-2dd1-4145-994c-b9bfe17baf4e,2026-05-27T16:00:00Z,2026-05-27T18:00:00+0200,295.95999,MW,FR,FR,forecast_offshore_wind_generation,Wind Offshore,2026-06-11T21:19:02Z
2026-06-11T21:18:08Z,2026-06-11T23:18:08+0200,4e273271-2dd1-4145-994c-b9bfe17baf4e,2026-05-27T16:15:00Z,2026-05-27T18:15:00+0200,293.07999,MW,FR,FR,forecast_offshore_wind_generation,Wind Offshore,2026-06-11T21:19:02Z
2026-06-11T21:18:08Z,2026-06-11T23:18:08+0200,4e273271-2dd1-4145-994c-b9bfe17baf4e,2026-05-27T16:30:00Z,2026-05-27T18:30:00+0200,291.11002,MW,FR,FR,forecast_offshore_wind_generation,Wind Offshore,2026-06-11T21:19:02Z
2026-06-11T21:18:08Z,2026-06-11T23:18:08+0200,4e273271-2dd1-4145-994c-b9bfe17baf4e,2026-05-27T16:45:00Z,2026-05-27T18:45:00+0200,290.42001,MW,FR,FR,forecast_offshore_wind_generation,Wind Offshore,2026-06-11T21:19:02Z
2026-06-11T21:18:08Z,2026-06-11T23:18:08+0200,4e273271-2dd1-4145-994c-b9bfe17baf4e,2026-05-27T17:00:00Z,2026-05-27T19:00:00+0200,290.31,MW,FR,FR,forecast_offshore_wind_generation,Wind Offshore,2026-06-11T21:19:02Z
2026-06-11T21:18:08Z,2026-06-11T23:18:08+0200,4e273271-2dd1-4145-994c-b9bfe17baf4e,2026-05-27T17:15:00Z,2026-05-27T19:15:00+0200,322.03,MW,FR,FR,forecast_offshore_wind_generation,Wind Offshore,2026-06-11T21:19:02Z
2026-06-11T21:18:08Z,2026-06-11T23:18:08+0200,4e273271-2dd1-4145-994c-b9bfe17baf4e,2026-05-27T17:30:00Z,2026-05-27T19:30:00+0200,353.73999,MW,FR,FR,forecast_offshore_wind_generation,Wind Offshore,2026-06-11T21:19:02Z
2026-06-11T21:18:08Z,2026-06-11T23:18:08+0200,4e273271-2dd1-4145-994c-b9bfe17baf4e,2026-05-27T17:45:00Z,2026-05-27T19:45:00+0200,385.45001,MW,FR,FR,forecast_offshore_wind_generation,Wind Offshore,2026-06-11T21:19:02Z
2026-06-11T21:18:08Z,2026-06-11T23:18:08+0200,4e273271-2dd1-4145-994c-b9bfe17baf4e,2026-05-27T18:00:00Z,2026-05-27T20:00:00+0200,417.16998,MW,FR,FR,forecast_offshore_wind_generation,Wind Offshore,2026-06-11T21:19:02Z
2026-06-11T21:18:08Z,2026-06-11T23:18:08+0200,4e273271-2dd1-4145-994c-b9bfe17baf4e,2026-05-27T18:15:00Z,2026-05-27T20:15:00+0200,439.09998,MW,FR,FR,forecast_offshore_wind_generation,Wind Offshore,2026-06-11T21:19:02Z
2026-06-11T21:18:08Z,2026-06-11T23:18:08+0200,4e273271-2dd1-4145-994c-b9bfe17baf4e,2026-05-27T18:30:00Z,2026-05-27T20:30:00+0200,461.03,MW,FR,FR,forecast_offshore_wind_generation,Wind Offshore,2026-06-11T21:19:02Z
2026-06-11T21:18:08Z,2026-06-11T23:18:08+0200,4e273271-2dd1-4145-994c-b9bfe17baf4e,2026-05-27T18:45:00Z,2026-05-27T20:45:00+0200,482.95999,MW,FR,FR,forecast_offshore_wind_generation,Wind Offshore,2026-06-11T21:19:02Z
2026-06-11T21:18:08Z,2026-06-11T23:18:08+0200,4e273271-2dd1-4145-994c-b9bfe17baf4e,2026-05-27T19:00:00Z,2026-05-27T21:00:00+0200,504.89001,MW,FR,FR,forecast_offshore_wind_generation,Wind Offshore,2026-06-11T21:19:02Z
2026-06-11T21:18:08Z,2026-06-11T23:18:08+0200,4e273271-2dd1-4145-994c-b9bfe17baf4e,2026-05-27T19:15:00Z,2026-05-27T21:15:00+0200,486.90997,MW,FR,FR,forecast_offshore_wind_generation,Wind Offshore,2026-06-11T21:19:02Z
2026-06-11T21:18:08Z,2026-06-11T23:18:08+0200,4e273271-2dd1-4145-994c-b9bfe17baf4e,2026-05-27T19:30:00Z,2026-05-27T21:30:00+0200,468.92999,MW,FR,FR,forecast_offshore_wind_generation,Wind Offshore,2026-06-11T21:19:02Z
2026-06-11T21:18:08Z,2026-06-11T23:18:08+0200,4e273271-2dd1-4145-994c-b9bfe17baf4e,2026-05-27T19:45:00Z,2026-05-27T21:45:00+0200,450.92999,MW,FR,FR,forecast_offshore_wind_generation,Wind Offshore,2026-06-11T21:19:02Z
2026-06-11T21:18:08Z,2026-06-11T23:18:08+0200,4e273271-2dd1-4145-994c-b9bfe17baf4e,2026-05-27T20:00:00Z,2026-05-27T22:00:00+0200,432.95001,MW,FR,FR,forecast_offshore_wind_generation,Wind Offshore,2026-06-11T21:19:02Z
2026-06-11T21:18:08Z,2026-06-11T23:18:08+0200,4e273271-2dd1-4145-994c-b9bfe17baf4e,2026-05-27T20:15:00Z,2026-05-27T22:15:00+0200,406.63,MW,FR,FR,forecast_offshore_wind_generation,Wind Offshore,2026-06-11T21:19:02Z
2026-06-11T21:18:08Z,2026-06-11T23:18:08+0200,4e273271-2dd1-4145-994c-b9bfe17baf4e,2026-05-27T20:30:00Z,2026-05-27T22:30:00+0200,380.29001,MW,FR,FR,forecast_offshore_wind_generation,Wind Offshore,2026-06-11T21:19:02Z
2026-06-11T21:18:08Z,2026-06-11T23:18:08+0200,4e273271-2dd1-4145-994c-b9bfe17baf4e,2026-05-27T20:45:00Z,2026-05-27T22:45:00+0200,353.95999,MW,FR,FR,forecast_offshore_wind_generation,Wind Offshore,2026-06-11T21:19:02Z
2026-06-11T21:18:08Z,2026-06-11T23:18:08+0200,4e273271-2dd1-4145-994c-b9bfe17baf4e,2026-05-27T21:00:00Z,2026-05-27T23:00:00+0200,327.63,MW,FR,FR,forecast_offshore_wind_generation,Wind Offshore,2026-06-11T21:19:02Z
2026-06-11T21:18:08Z,2026-06-11T23:18:08+0200,4e273271-2dd1-4145-994c-b9bfe17baf4e,2026-05-27T21:15:00Z,2026-05-27T23:15:00+0200,309.02002,MW,FR,FR,forecast_offshore_wind_generation,Wind Offshore,2026-06-11T21:19:02Z
2026-06-11T21:18:08Z,2026-06-11T23:18:08+0200,4e273271-2dd1-4145-994c-b9bfe17baf4e,2026-05-27T21:30:00Z,2026-05-27T23:30:00+0200,290.41,MW,FR,FR,forecast_offshore_wind_generation,Wind Offshore,2026-06-11T21:19:02Z
2026-06-11T21:18:08Z,2026-06-11T23:18:08+0200,4e273271-2dd1-4145-994c-b9bfe17baf4e,2026-05-27T21:45:00Z,2026-05-27T23:45:00+0200,271.80002,MW,FR,FR,forecast_offshore_wind_generation,Wind Offshore,2026-06-11T21:19:02Z
2026-06-11T21:18:08Z,2026-06-11T23:18:08+0200,4e273271-2dd1-4145-994c-b9bfe17baf4e,2026-05-27T22:00:00Z,2026-05-28T00:00:00+0200,237.59001,MW,FR,FR,forecast_offshore_wind_generation,Wind Offshore,2026-06-11T21:19:02Z
2026-06-11T21:18:08Z,2026-06-11T23:18:08+0200,4e273271-2dd1-4145-994c-b9bfe17baf4e,2026-05-27T22:15:00Z,2026-05-28T00:15:00+0200,251.7,MW,FR,FR,forecast_offshore_wind_generation,Wind Offshore,2026-06-11T21:19:02Z
2026-06-11T21:18:08Z,2026-06-11T23:18:08+0200,4e273271-2dd1-4145-994c-b9bfe17baf4e,2026-05-27T22:30:00Z,2026-05-28T00:30:00+0200,265.97,MW,FR,FR,forecast_offshore_wind_generation,Wind Offshore,2026-06-11T21:19:02Z
2026-06-11T21:18:08Z,2026-06-11T23:18:08+0200,4e273271-2dd1-4145-994c-b9bfe17baf4e,2026-05-27T22:45:00Z,2026-05-28T00:45:00+0200,280.22,MW,FR,FR,forecast_offshore_wind_generation,Wind Offshore,2026-06-11T21:19:02Z
2026-06-11T21:18:08Z,2026-06-11T23:18:08+0200,4e273271-2dd1-4145-994c-b9bfe17baf4e,2026-05-27T23:00:00Z,2026-05-28T01:00:00+0200,294.47,MW,FR,FR,forecast_offshore_wind_generation,Wind Offshore,2026-06-11T21:19:02Z
2026-06-11T21:18:08Z,2026-06-11T23:18:08+0200,4e273271-2dd1-4145-994c-b9bfe17baf4e,2026-05-27T23:15:00Z,2026-05-28T01:15:00+0200,299.62,MW,FR,FR,forecast_offshore_wind_generation,Wind Offshore,2026-06-11T21:19:02Z
2026-06-11T21:18:08Z,2026-06-11T23:18:08+0200,4e273271-2dd1-4145-994c-b9bfe17baf4e,2026-05-27T23:30:00Z,2026-05-28T01:30:00+0200,304.74002,MW,FR,FR,forecast_offshore_wind_generation,Wind Offshore,2026-06-11T21:19:02Z
2026-06-11T21:18:08Z,2026-06-11T23:18:08+0200,4e273271-2dd1-4145-994c-b9bfe17baf4e,2026-05-27T23:45:00Z,2026-05-28T01:45:00+0200,309.87,MW,FR,FR,forecast_offshore_wind_generation,Wind Offshore,2026-06-11T21:19:02Z
2026-06-11T21:18:08Z,2026-06-11T23:18:08+0200,4e273271-2dd1-4145-994c-b9bfe17baf4e,2026-05-28T00:00:00Z,2026-05-28T02:00:00+0200,315.06,MW,FR,FR,forecast_offshore_wind_generation,Wind Offshore,2026-06-11T21:19:02Z
2026-06-11T21:18:08Z,2026-06-11T23:18:08+0200,4e273271-2dd1-4145-994c-b9bfe17baf4e,2026-05-28T00:15:00Z,2026-05-28T02:15:00+0200,310.62997,MW,FR,FR,forecast_offshore_wind_generation,Wind Offshore,2026-06-11T21:19:02Z
2026-06-11T21:18:08Z,2026-06-11T23:18:08+0200,4e273271-2dd1-4145-994c-b9bfe17baf4e,2026-05-28T00:30:00Z,2026-05-28T02:30:00+0200,306.28,MW,FR,FR,forecast_offshore_wind_generation,Wind Offshore,2026-06-11T21:19:02Z
2026-06-11T21:18:08Z,2026-06-11T23:18:08+0200,4e273271-2dd1-4145-994c-b9bfe17baf4e,2026-05-28T00:45:00Z,2026-05-28T02:45:00+0200,302.06998,MW,FR,FR,forecast_offshore_wind_generation,Wind Offshore,2026-06-11T21:19:02Z
2026-06-11T21:18:08Z,2026-06-11T23:18:08+0200,4e273271-2dd1-4145-994c-b9bfe17baf4e,2026-05-28T01:00:00Z,2026-05-28T03:00:00+0200,297.89996,MW,FR,FR,forecast_offshore_wind_generation,Wind Offshore,2026-06-11T21:19:02Z
2026-06-11T21:18:08Z,2026-06-11T23:18:08+0200,4e273271-2dd1-4145-994c-b9bfe17baf4e,2026-05-28T01:15:00Z,2026-05-28T03:15:00+0200,284.40997,MW,FR,FR,forecast_offshore_wind_generation,Wind Offshore,2026-06-11T21:19:02Z
2026-06-11T21:18:08Z,2026-06-11T23:18:08+0200,4e273271-2dd1-4145-994c-b9bfe17baf4e,2026-05-28T01:30:00Z,2026-05-28T03:30:00+0200,271.29001,MW,FR,FR,forecast_offshore_wind_generation,Wind Offshore,2026-06-11T21:19:02Z
2026-06-11T21:18:08Z,2026-06-11T23:18:08+0200,4e273271-2dd1-4145-994c-b9bfe17baf4e,2026-05-28T01:45:00Z,2026-05-28T03:45:00+0200,259.20001,MW,FR,FR,forecast_offshore_wind_generation,Wind Offshore,2026-06-11T21:19:02Z
2026-06-11T21:18:08Z,2026-06-11T23:18:08+0200,4e273271-2dd1-4145-994c-b9bfe17baf4e,2026-05-28T02:00:00Z,2026-05-28T04:00:00+0200,247.43001,MW,FR,FR,forecast_offshore_wind_generation,Wind Offshore,2026-06-11T21:19:02Z
2026-06-11T21:18:08Z,2026-06-11T23:18:08+0200,4e273271-2dd1-4145-994c-b9bfe17baf4e,2026-05-28T02:15:00Z,2026-05-28T04:15:00+0200,236.03,MW,FR,FR,forecast_offshore_wind_generation,Wind Offshore,2026-06-11T21:19:02Z
2026-06-11T21:18:08Z,2026-06-11T23:18:08+0200,4e273271-2dd1-4145-994c-b9bfe17baf4e,2026-05-28T02:30:00Z,2026-05-28T04:30:00+0200,224.61,MW,FR,FR,forecast_offshore_wind_generation,Wind Offshore,2026-06-11T21:19:02Z
2026-06-11T21:18:08Z,2026-06-11T23:18:08+0200,4e273271-2dd1-4145-994c-b9bfe17baf4e,2026-05-28T02:45:00Z,2026-05-28T04:45:00+0200,213.22002,MW,FR,FR,forecast_offshore_wind_generation,Wind Offshore,2026-06-11T21:19:02Z
2026-06-11T21:18:08Z,2026-06-11T23:18:08+0200,4e273271-2dd1-4145-994c-b9bfe17baf4e,2026-05-28T03:00:00Z,2026-05-28T05:00:00+0200,201.81001,MW,FR,FR,forecast_offshore_wind_generation,Wind Offshore,2026-06-11T21:19:02Z
2026-06-11T21:18:08Z,2026-06-11T23:18:08+0200,4e273271-2dd1-4145-994c-b9bfe17baf4e,2026-05-28T03:15:00Z,2026-05-28T05:15:00+0200,206.2,MW,FR,FR,forecast_offshore_wind_generation,Wind Offshore,2026-06-11T21:19:02Z
2026-06-11T21:18:08Z,2026-06-11T23:18:08+0200,4e273271-2dd1-4145-994c-b9bfe17baf4e,2026-05-28T03:30:00Z,2026-05-28T05:30:00+0200,210.61,MW,FR,FR,forecast_offshore_wind_generation,Wind Offshore,2026-06-11T21:19:02Z
2026-06-11T21:18:08Z,2026-06-11T23:18:08+0200,4e273271-2dd1-4145-994c-b9bfe17baf4e,2026-05-28T03:45:00Z,2026-05-28T05:45:00+0200,215.03,MW,FR,FR,forecast_offshore_wind_generation,Wind Offshore,2026-06-11T21:19:02Z
2026-06-11T21:18:08Z,2026-06-11T23:18:08+0200,4e273271-2dd1-4145-994c-b9bfe17baf4e,2026-05-28T04:00:00Z,2026-05-28T06:00:00+0200,219.42001,MW,FR,FR,forecast_offshore_wind_generation,Wind Offshore,2026-06-11T21:19:02Z
2026-06-11T21:18:08Z,2026-06-11T23:18:08+0200,4e273271-2dd1-4145-994c-b9bfe17baf4e,2026-05-28T04:15:00Z,2026-05-28T06:15:00+0200,317.19,MW,FR,FR,forecast_offshore_wind_generation,Wind Offshore,2026-06-11T21:19:02Z
2026-06-11T21:18:08Z,2026-06-11T23:18:08+0200,4e273271-2dd1-4145-994c-b9bfe17baf4e,2026-05-28T04:30:00Z,2026-05-28T06:30:00+0200,414.97,MW,FR,FR,forecast_offshore_wind_generation,Wind Offshore,2026-06-11T21:19:02Z
2026-06-11T21:18:08Z,2026-06-11T23:18:08+0200,4e273271-2dd1-4145-994c-b9bfe17baf4e,2026-05-28T04:45:00Z,2026-05-28T06:45:00+0200,512.73999,MW,FR,FR,forecast_offshore_wind_generation,Wind Offshore,2026-06-11T21:19:02Z
2026-06-11T21:18:08Z,2026-06-11T23:18:08+0200,4e273271-2dd1-4145-994c-b9bfe17baf4e,2026-05-28T05:00:00Z,2026-05-28T07:00:00+0200,610.52002,MW,FR,FR,forecast_offshore_wind_generation,Wind Offshore,2026-06-11T21:19:02Z
2026-06-11T21:18:08Z,2026-06-11T23:18:08+0200,4e273271-2dd1-4145-994c-b9bfe17baf4e,2026-05-28T05:15:00Z,2026-05-28T07:15:00+0200,615.93005,MW,FR,FR,forecast_offshore_wind_generation,Wind Offshore,2026-06-11T21:19:02Z
2026-06-11T21:18:08Z,2026-06-11T23:18:08+0200,4e273271-2dd1-4145-994c-b9bfe17baf4e,2026-05-28T05:30:00Z,2026-05-28T07:30:00+0200,621.31995,MW,FR,FR,forecast_offshore_wind_generation,Wind Offshore,2026-06-11T21:19:02Z
2026-06-11T21:18:08Z,2026-06-11T23:18:08+0200,4e273271-2dd1-4145-994c-b9bfe17baf4e,2026-05-28T05:45:00Z,2026-05-28T07:45:00+0200,626.73999,MW,FR,FR,forecast_offshore_wind_generation,Wind Offshore,2026-06-11T21:19:02Z
2026-06-11T21:18:08Z,2026-06-11T23:18:08+0200,4e273271-2dd1-4145-994c-b9bfe17baf4e,2026-05-28T06:00:00Z,2026-05-28T08:00:00+0200,632.13,MW,FR,FR,forecast_offshore_wind_generation,Wind Offshore,2026-06-11T21:19:02Z
2026-06-11T21:18:08Z,2026-06-11T23:18:08+0200,4e273271-2dd1-4145-994c-b9bfe17baf4e,2026-05-28T06:15:00Z,2026-05-28T08:15:00+0200,572.40002,MW,FR,FR,forecast_offshore_wind_generation,Wind Offshore,2026-06-11T21:19:02Z
2026-06-11T21:18:08Z,2026-06-11T23:18:08+0200,4e273271-2dd1-4145-994c-b9bfe17baf4e,2026-05-28T06:30:00Z,2026-05-28T08:30:00+0200,512.66998,MW,FR,FR,forecast_offshore_wind_generation,Wind Offshore,2026-06-11T21:19:02Z
2026-06-11T21:18:08Z,2026-06-11T23:18:08+0200,4e273271-2dd1-4145-994c-b9bfe17baf4e,2026-05-28T06:45:00Z,2026-05-28T08:45:00+0200,452.94,MW,FR,FR,forecast_offshore_wind_generation,Wind Offshore,2026-06-11T21:19:02Z
2026-06-11T21:18:08Z,2026-06-11T23:18:08+0200,4e273271-2dd1-4145-994c-b9bfe17baf4e,2026-05-28T07:00:00Z,2026-05-28T09:00:00+0200,393.20999,MW,FR,FR,forecast_offshore_wind_generation,Wind Offshore,2026-06-11T21:19:02Z
2026-06-11T21:18:08Z,2026-06-11T23:18:08+0200,4e273271-2dd1-4145-994c-b9bfe17baf4e,2026-05-28T07:15:00Z,2026-05-28T09:15:00+0200,366.46997,MW,FR,FR,forecast_offshore_wind_generation,Wind Offshore,2026-06-11T21:19:02Z
2026-06-11T21:18:08Z,2026-06-11T23:18:08+0200,4e273271-2dd1-4145-994c-b9bfe17baf4e,2026-05-28T07:30:00Z,2026-05-28T09:30:00+0200,339.73001,MW,FR,FR,forecast_offshore_wind_generation,Wind Offshore,2026-06-11T21:19:02Z
2026-06-11T21:18:08Z,2026-06-11T23:18:08+0200,4e273271-2dd1-4145-994c-b9bfe17baf4e,2026-05-28T07:45:00Z,2026-05-28T09:45:00+0200,312.98001,MW,FR,FR,forecast_offshore_wind_generation,Wind Offshore,2026-06-11T21:19:02Z
2026-06-11T21:18:08Z,2026-06-11T23:18:08+0200,4e273271-2dd1-4145-994c-b9bfe17baf4e,2026-05-28T08:00:00Z,2026-05-28T10:00:00+0200,286.23999,MW,FR,FR,forecast_offshore_wind_generation,Wind Offshore,2026-06-11T21:19:02Z
2026-06-11T21:18:08Z,2026-06-11T23:18:08+0200,4e273271-2dd1-4145-994c-b9bfe17baf4e,2026-05-28T08:15:00Z,2026-05-28T10:15:00+0200,265.97998,MW,FR,FR,forecast_offshore_wind_generation,Wind Offshore,2026-06-11T21:19:02Z
2026-06-11T21:18:08Z,2026-06-11T23:18:08+0200,4e273271-2dd1-4145-994c-b9bfe17baf4e,2026-05-28T08:30:00Z,2026-05-28T10:30:00+0200,245.73999,MW,FR,FR,forecast_offshore_wind_generation,Wind Offshore,2026-06-11T21:19:02Z
2026-06-11T21:18:08Z,2026-06-11T23:18:08+0200,4e273271-2dd1-4145-994c-b9bfe17baf4e,2026-05-28T08:45:00Z,2026-05-28T10:45:00+0200,225.49002,MW,FR,FR,forecast_offshore_wind_generation,Wind Offshore,2026-06-11T21:19:02Z
2026-06-11T21:18:08Z,2026-06-11T23:18:08+0200,4e273271-2dd1-4145-994c-b9bfe17baf4e,2026-05-28T09:00:00Z,2026-05-28T11:00:00+0200,205.25002,MW,FR,FR,forecast_offshore_wind_generation,Wind Offshore,2026-06-11T21:19:02Z
2026-06-11T21:18:08Z,2026-06-11T23:18:08+0200,4e273271-2dd1-4145-994c-b9bfe17baf4e,2026-05-28T09:15:00Z,2026-05-28T11:15:00+0200,198.10001,MW,FR,FR,forecast_offshore_wind_generation,Wind Offshore,2026-06-11T21:19:02Z
2026-06-11T21:18:08Z,2026-06-11T23:18:08+0200,4e273271-2dd1-4145-994c-b9bfe17baf4e,2026-05-28T09:30:00Z,2026-05-28T11:30:00+0200,190.95001,MW,FR,FR,forecast_offshore_wind_generation,Wind Offshore,2026-06-11T21:19:02Z
2026-06-11T21:18:08Z,2026-06-11T23:18:08+0200,4e273271-2dd1-4145-994c-b9bfe17baf4e,2026-05-28T09:45:00Z,2026-05-28T11:45:00+0200,183.82001,MW,FR,FR,forecast_offshore_wind_generation,Wind Offshore,2026-06-11T21:19:02Z
2026-06-11T21:18:08Z,2026-06-11T23:18:08+0200,4e273271-2dd1-4145-994c-b9bfe17baf4e,2026-05-28T10:00:00Z,2026-05-28T12:00:00+0200,176.66,MW,FR,FR,forecast_offshore_wind_generation,Wind Offshore,2026-06-11T21:19:02Z
2026-06-11T21:18:08Z,2026-06-11T23:18:08+0200,4e273271-2dd1-4145-994c-b9bfe17baf4e,2026-05-28T10:15:00Z,2026-05-28T12:15:00+0200,170.67001,MW,FR,FR,forecast_offshore_wind_generation,Wind Offshore,2026-06-11T21:19:02Z
2026-06-11T21:18:08Z,2026-06-11T23:18:08+0200,4e273271-2dd1-4145-994c-b9bfe17baf4e,2026-05-28T10:30:00Z,2026-05-28T12:30:00+0200,164.64999,MW,FR,FR,forecast_offshore_wind_generation,Wind Offshore,2026-06-11T21:19:02Z
2026-06-11T21:18:08Z,2026-06-11T23:18:08+0200,4e273271-2dd1-4145-994c-b9bfe17baf4e,2026-05-28T10:45:00Z,2026-05-28T12:45:00+0200,158.66,MW,FR,FR,forecast_offshore_wind_generation,Wind Offshore,2026-06-11T21:19:02Z
2026-06-11T21:18:08Z,2026-06-11T23:18:08+0200,4e273271-2dd1-4145-994c-b9bfe17baf4e,2026-05-28T11:00:00Z,2026-05-28T13:00:00+0200,152.65001,MW,FR,FR,forecast_offshore_wind_generation,Wind Offshore,2026-06-11T21:19:02Z
2026-06-11T21:18:08Z,2026-06-11T23:18:08+0200,4e273271-2dd1-4145-994c-b9bfe17baf4e,2026-05-28T11:15:00Z,2026-05-28T13:15:00+0200,150.62,MW,FR,FR,forecast_offshore_wind_generation,Wind Offshore,2026-06-11T21:19:02Z
2026-06-11T21:18:08Z,2026-06-11T23:18:08+0200,4e273271-2dd1-4145-994c-b9bfe17baf4e,2026-05-28T11:30:00Z,2026-05-28T13:30:00+0200,148.59,MW,FR,FR,forecast_offshore_wind_generation,Wind Offshore,2026-06-11T21:19:02Z
2026-06-11T21:18:08Z,2026-06-11T23:18:08+0200,4e273271-2dd1-4145-994c-b9bfe17baf4e,2026-05-28T11:45:00Z,2026-05-28T13:45:00+0200,146.55,MW,FR,FR,forecast_offshore_wind_generation,Wind Offshore,2026-06-11T21:19:02Z
2026-06-11T21:18:08Z,2026-06-11T23:18:08+0200,4e273271-2dd1-4145-994c-b9bfe17baf4e,2026-05-28T12:00:00Z,2026-05-28T14:00:00+0200,144.50999,MW,FR,FR,forecast_offshore_wind_generation,Wind Offshore,2026-06-11T21:19:02Z
2026-06-11T21:18:08Z,2026-06-11T23:18:08+0200,4e273271-2dd1-4145-994c-b9bfe17baf4e,2026-05-28T12:15:00Z,2026-05-28T14:15:00+0200,149.94998,MW,FR,FR,forecast_offshore_wind_generation,Wind Offshore,2026-06-11T21:19:02Z
2026-06-11T21:18:08Z,2026-06-11T23:18:08+0200,4e273271-2dd1-4145-994c-b9bfe17baf4e,2026-05-28T12:30:00Z,2026-05-28T14:30:00+0200,155.42001,MW,FR,FR,forecast_offshore_wind_generation,Wind Offshore,2026-06-11T21:19:02Z
2026-06-11T21:18:08Z,2026-06-11T23:18:08+0200,4e273271-2dd1-4145-994c-b9bfe17baf4e,2026-05-28T12:45:00Z,2026-05-28T14:45:00+0200,160.84999,MW,FR,FR,forecast_offshore_wind_generation,Wind Offshore,2026-06-11T21:19:02Z
2026-06-11T21:18:08Z,2026-06-11T23:18:08+0200,4e273271-2dd1-4145-994c-b9bfe17baf4e,2026-05-28T13:00:00Z,2026-05-28T15:00:00+0200,166.35999,MW,FR,FR,forecast_offshore_wind_generation,Wind Offshore,2026-06-11T21:19:02Z
2026-06-11T21:18:08Z,2026-06-11T23:18:08+0200,4e273271-2dd1-4145-994c-b9bfe17baf4e,2026-05-28T13:15:00Z,2026-05-28T15:15:00+0200,173.53,MW,FR,FR,forecast_offshore_wind_generation,Wind Offshore,2026-06-11T21:19:02Z
2026-06-11T21:18:08Z,2026-06-11T23:18:08+0200,4e273271-2dd1-4145-994c-b9bfe17baf4e,2026-05-28T13:30:00Z,2026-05-28T15:30:00+0200,180.7,MW,FR,FR,forecast_offshore_wind_generation,Wind Offshore,2026-06-11T21:19:02Z
2026-06-11T21:18:08Z,2026-06-11T23:18:08+0200,4e273271-2dd1-4145-994c-b9bfe17baf4e,2026-05-28T13:45:00Z,2026-05-28T15:45:00+0200,187.88998,MW,FR,FR,forecast_offshore_wind_generation,Wind Offshore,2026-06-11T21:19:02Z
2026-06-11T21:18:08Z,2026-06-11T23:18:08+0200,4e273271-2dd1-4145-994c-b9bfe17baf4e,2026-05-28T14:00:00Z,2026-05-28T16:00:00+0200,195.06001,MW,FR,FR,forecast_offshore_wind_generation,Wind Offshore,2026-06-11T21:19:02Z
2026-06-11T21:18:08Z,2026-06-11T23:18:08+0200,4e273271-2dd1-4145-994c-b9bfe17baf4e,2026-05-28T14:15:00Z,2026-05-28T16:15:00+0200,179.67,MW,FR,FR,forecast_offshore_wind_generation,Wind Offshore,2026-06-11T21:19:02Z
2026-06-11T21:18:08Z,2026-06-11T23:18:08+0200,4e273271-2dd1-4145-994c-b9bfe17baf4e,2026-05-28T14:30:00Z,2026-05-28T16:30:00+0200,164.41,MW,FR,FR,forecast_offshore_wind_generation,Wind Offshore,2026-06-11T21:19:02Z
2026-06-11T21:18:08Z,2026-06-11T23:18:08+0200,4e273271-2dd1-4145-994c-b9bfe17baf4e,2026-05-28T14:45:00Z,2026-05-28T16:45:00+0200,149.14999,MW,FR,FR,forecast_offshore_wind_generation,Wind Offshore,2026-06-11T21:19:02Z
2026-06-11T21:18:08Z,2026-06-11T23:18:08+0200,4e273271-2dd1-4145-994c-b9bfe17baf4e,2026-05-28T15:00:00Z,2026-05-28T17:00:00+0200,133.89999,MW,FR,FR,forecast_offshore_wind_generation,Wind Offshore,2026-06-11T21:19:02Z
2026-06-11T21:18:08Z,2026-06-11T23:18:08+0200,4e273271-2dd1-4145-994c-b9bfe17baf4e,2026-05-28T15:15:00Z,2026-05-28T17:15:00+0200,133.06999,MW,FR,FR,forecast_offshore_wind_generation,Wind Offshore,2026-06-11T21:19:02Z
2026-06-11T21:18:08Z,2026-06-11T23:18:08+0200,4e273271-2dd1-4145-994c-b9bfe17baf4e,2026-05-28T15:30:00Z,2026-05-28T17:30:00+0200,132.26001,MW,FR,FR,forecast_offshore_wind_generation,Wind Offshore,2026-06-11T21:19:02Z
2026-06-11T21:18:08Z,2026-06-11T23:18:08+0200,4e273271-2dd1-4145-994c-b9bfe17baf4e,2026-05-28T15:45:00Z,2026-05-28T17:45:00+0200,131.45,MW,FR,FR,forecast_offshore_wind_generation,Wind Offshore,2026-06-11T21:19:02Z
2026-06-11T21:18:08Z,2026-06-11T23:18:08+0200,4e273271-2dd1-4145-994c-b9bfe17baf4e,2026-05-28T16:00:00Z,2026-05-28T18:00:00+0200,130.62001,MW,FR,FR,forecast_offshore_wind_generation,Wind Offshore,2026-06-11T21:19:02Z
2026-06-11T21:18:08Z,2026-06-11T23:18:08+0200,4e273271-2dd1-4145-994c-b9bfe17baf4e,2026-05-28T16:15:00Z,2026-05-28T18:15:00+0200,142.12,MW,FR,FR,forecast_offshore_wind_generation,Wind Offshore,2026-06-11T21:19:02Z
2026-06-11T21:18:08Z,2026-06-11T23:18:08+0200,4e273271-2dd1-4145-994c-b9bfe17baf4e,2026-05-28T16:30:00Z,2026-05-28T18:30:00+0200,153.59999,MW,FR,FR,forecast_offshore_wind_generation,Wind Offshore,2026-06-11T21:19:02Z
2026-06-11T21:18:08Z,2026-06-11T23:18:08+0200,4e273271-2dd1-4145-994c-b9bfe17baf4e,2026-05-28T16:45:00Z,2026-05-28T18:45:00+0200,165.09,MW,FR,FR,forecast_offshore_wind_generation,Wind Offshore,2026-06-11T21:19:02Z
2026-06-11T21:18:08Z,2026-06-11T23:18:08+0200,4e273271-2dd1-4145-994c-b9bfe17baf4e,2026-05-28T17:00:00Z,2026-05-28T19:00:00+0200,176.60001,MW,FR,FR,forecast_offshore_wind_generation,Wind Offshore,2026-06-11T21:19:02Z
2026-06-11T21:18:08Z,2026-06-11T23:18:08+0200,4e273271-2dd1-4145-994c-b9bfe17baf4e,2026-05-28T17:15:00Z,2026-05-28T19:15:00+0200,180.00002,MW,FR,FR,forecast_offshore_wind_generation,Wind Offshore,2026-06-11T21:19:02Z
2026-06-11T21:18:08Z,2026-06-11T23:18:08+0200,4e273271-2dd1-4145-994c-b9bfe17baf4e,2026-05-28T17:30:00Z,2026-05-28T19:30:00+0200,183.44,MW,FR,FR,forecast_offshore_wind_generation,Wind Offshore,2026-06-11T21:19:02Z
2026-06-11T21:18:08Z,2026-06-11T23:18:08+0200,4e273271-2dd1-4145-994c-b9bfe17baf4e,2026-05-28T17:45:00Z,2026-05-28T19:45:00+0200,186.86002,MW,FR,FR,forecast_offshore_wind_generation,Wind Offshore,2026-06-11T21:19:02Z
2026-06-11T21:18:08Z,2026-06-11T23:18:08+0200,4e273271-2dd1-4145-994c-b9bfe17baf4e,2026-05-28T18:00:00Z,2026-05-28T20:00:00+0200,190.29001,MW,FR,FR,forecast_offshore_wind_generation,Wind Offshore,2026-06-11T21:19:02Z
2026-06-11T21:18:08Z,2026-06-11T23:18:08+0200,4e273271-2dd1-4145-994c-b9bfe17baf4e,2026-05-28T18:15:00Z,2026-05-28T20:15:00+0200,175.53,MW,FR,FR,forecast_offshore_wind_generation,Wind Offshore,2026-06-11T21:19:02Z
2026-06-11T21:18:08Z,2026-06-11T23:18:08+0200,4e273271-2dd1-4145-994c-b9bfe17baf4e,2026-05-28T18:30:00Z,2026-05-28T20:30:00+0200,160.75999,MW,FR,FR,forecast_offshore_wind_generation,Wind Offshore,2026-06-11T21:19:02Z
2026-06-11T21:18:08Z,2026-06-11T23:18:08+0200,4e273271-2dd1-4145-994c-b9bfe17baf4e,2026-05-28T18:45:00Z,2026-05-28T20:45:00+0200,146.0,MW,FR,FR,forecast_offshore_wind_generation,Wind Offshore,2026-06-11T21:19:02Z
2026-06-11T21:18:08Z,2026-06-11T23:18:08+0200,4e273271-2dd1-4145-994c-b9bfe17baf4e,2026-05-28T19:00:00Z,2026-05-28T21:00:00+0200,131.23,MW,FR,FR,forecast_offshore_wind_generation,Wind Offshore,2026-06-11T21:19:02Z
2026-06-11T21:18:08Z,2026-06-11T23:18:08+0200,4e273271-2dd1-4145-994c-b9bfe17baf4e,2026-05-28T19:15:00Z,2026-05-28T21:15:00+0200,141.81,MW,FR,FR,forecast_offshore_wind_generation,Wind Offshore,2026-06-11T21:19:02Z
2026-06-11T21:18:08Z,2026-06-11T23:18:08+0200,4e273271-2dd1-4145-994c-b9bfe17baf4e,2026-05-28T19:30:00Z,2026-05-28T21:30:00+0200,152.37999,MW,FR,FR,forecast_offshore_wind_generation,Wind Offshore,2026-06-11T21:19:02Z
2026-06-11T21:18:08Z,2026-06-11T23:18:08+0200,4e273271-2dd1-4145-994c-b9bfe17baf4e,2026-05-28T19:45:00Z,2026-05-28T21:45:00+0200,162.95999,MW,FR,FR,forecast_offshore_wind_generation,Wind Offshore,2026-06-11T21:19:02Z
2026-06-11T21:18:08Z,2026-06-11T23:18:08+0200,4e273271-2dd1-4145-994c-b9bfe17baf4e,2026-05-28T20:00:00Z,2026-05-28T22:00:00+0200,173.53,MW,FR,FR,forecast_offshore_wind_generation,Wind Offshore,2026-06-11T21:19:02Z
2026-06-11T21:18:08Z,2026-06-11T23:18:08+0200,4e273271-2dd1-4145-994c-b9bfe17baf4e,2026-05-28T20:15:00Z,2026-05-28T22:15:00+0200,190.42,MW,FR,FR,forecast_offshore_wind_generation,Wind Offshore,2026-06-11T21:19:02Z
2026-06-11T21:18:08Z,2026-06-11T23:18:08+0200,4e273271-2dd1-4145-994c-b9bfe17baf4e,2026-05-28T20:30:00Z,2026-05-28T22:30:00+0200,207.30002,MW,FR,FR,forecast_offshore_wind_generation,Wind Offshore,2026-06-11T21:19:02Z
2026-06-11T21:18:08Z,2026-06-11T23:18:08+0200,4e273271-2dd1-4145-994c-b9bfe17baf4e,2026-05-28T20:45:00Z,2026-05-28T22:45:00+0200,224.19,MW,FR,FR,forecast_offshore_wind_generation,Wind Offshore,2026-06-11T21:19:02Z
2026-06-11T21:18:08Z,2026-06-11T23:18:08+0200,4e273271-2dd1-4145-994c-b9bfe17baf4e,2026-05-28T21:00:00Z,2026-05-28T23:00:00+0200,241.08,MW,FR,FR,forecast_offshore_wind_generation,Wind Offshore,2026-06-11T21:19:02Z
2026-06-11T21:18:08Z,2026-06-11T23:18:08+0200,4e273271-2dd1-4145-994c-b9bfe17baf4e,2026-05-28T21:15:00Z,2026-05-28T23:15:00+0200,258.81,MW,FR,FR,forecast_offshore_wind_generation,Wind Offshore,2026-06-11T21:19:02Z
2026-06-11T21:18:08Z,2026-06-11T23:18:08+0200,4e273271-2dd1-4145-994c-b9bfe17baf4e,2026-05-28T21:30:00Z,2026-05-28T23:30:00+0200,276.55002,MW,FR,FR,forecast_offshore_wind_generation,Wind Offshore,2026-06-11T21:19:02Z
2026-06-11T21:18:08Z,2026-06-11T23:18:08+0200,4e273271-2dd1-4145-994c-b9bfe17baf4e,2026-05-28T21:45:00Z,2026-05-28T23:45:00+0200,294.28,MW,FR,FR,forecast_offshore_wind_generation,Wind Offshore,2026-06-11T21:19:02Z
2026-06-11T21:18:08Z,2026-06-11T23:18:08+0200,4e273271-2dd1-4145-994c-b9bfe17baf4e,2026-05-28T22:00:00Z,2026-05-29T00:00:00+0200,342.88,MW,FR,FR,forecast_offshore_wind_generation,Wind Offshore,2026-06-11T21:19:02Z
2026-06-11T21:18:08Z,2026-06-11T23:18:08+0200,4e273271-2dd1-4145-994c-b9bfe17baf4e,2026-05-28T22:15:00Z,2026-05-29T00:15:00+0200,322.47003,MW,FR,FR,forecast_offshore_wind_generation,Wind Offshore,2026-06-11T21:19:02Z
2026-06-11T21:18:08Z,2026-06-11T23:18:08+0200,4e273271-2dd1-4145-994c-b9bfe17baf4e,2026-05-28T22:30:00Z,2026-05-29T00:30:00+0200,302.07001,MW,FR,FR,forecast_offshore_wind_generation,Wind Offshore,2026-06-11T21:19:02Z
2026-06-11T21:18:08Z,2026-06-11T23:18:08+0200,4e273271-2dd1-4145-994c-b9bfe17baf4e,2026-05-28T22:45:00Z,2026-05-29T00:45:00+0200,281.64999,MW,FR,FR,forecast_offshore_wind_generation,Wind Offshore,2026-06-11T21:19:02Z
2026-06-11T21:18:08Z,2026-06-11T23:18:08+0200,4e273271-2dd1-4145-994c-b9bfe17baf4e,2026-05-28T23:00:00Z,2026-05-29T01:00:00+0200,261.23999,MW,FR,FR,forecast_offshore_wind_generation,Wind Offshore,2026-06-11T21:19:02Z
2026-06-11T21:18:08Z,2026-06-11T23:18:08+0200,4e273271-2dd1-4145-994c-b9bfe17baf4e,2026-05-28T23:15:00Z,2026-05-29T01:15:00+0200,272.77002,MW,FR,FR,forecast_offshore_wind_generation,Wind Offshore,2026-06-11T21:19:02Z
2026-06-11T21:18:08Z,2026-06-11T23:18:08+0200,4e273271-2dd1-4145-994c-b9bfe17baf4e,2026-05-28T23:30:00Z,2026-05-29T01:30:00+0200,284.31003,MW,FR,FR,forecast_offshore_wind_generation,Wind Offshore,2026-06-11T21:19:02Z
2026-06-11T21:18:08Z,2026-06-11T23:18:08+0200,4e273271-2dd1-4145-994c-b9bfe17baf4e,2026-05-28T23:45:00Z,2026-05-29T01:45:00+0200,295.85001,MW,FR,FR,forecast_offshore_wind_generation,Wind Offshore,2026-06-11T21:19:02Z
2026-06-11T21:18:08Z,2026-06-11T23:18:08+0200,4e273271-2dd1-4145-994c-b9bfe17baf4e,2026-05-29T00:00:00Z,2026-05-29T02:00:00+0200,307.39001,MW,FR,FR,forecast_offshore_wind_generation,Wind Offshore,2026-06-11T21:19:02Z
2026-06-11T21:18:08Z,2026-06-11T23:18:08+0200,4e273271-2dd1-4145-994c-b9bfe17baf4e,2026-05-29T00:15:00Z,2026-05-29T02:15:00+0200,314.10999,MW,FR,FR,forecast_offshore_wind_generation,Wind Offshore,2026-06-11T21:19:02Z
2026-06-11T21:18:08Z,2026-06-11T23:18:08+0200,4e273271-2dd1-4145-994c-b9bfe17baf4e,2026-05-29T00:30:00Z,2026-05-29T02:30:00+0200,320.84,MW,FR,FR,forecast_offshore_wind_generation,Wind Offshore,2026-06-11T21:19:02Z
2026-06-11T21:18:08Z,2026-06-11T23:18:08+0200,4e273271-2dd1-4145-994c-b9bfe17baf4e,2026-05-29T00:45:00Z,2026-05-29T02:45:00+0200,327.59,MW,FR,FR,forecast_offshore_wind_generation,Wind Offshore,2026-06-11T21:19:02Z
2026-06-11T21:18:08Z,2026-06-11T23:18:08+0200,4e273271-2dd1-4145-994c-b9bfe17baf4e,2026-05-29T01:00:00Z,2026-05-29T03:00:00+0200,334.30002,MW,FR,FR,forecast_offshore_wind_generation,Wind Offshore,2026-06-11T21:19:02Z
2026-06-11T21:18:08Z,2026-06-11T23:18:08+0200,4e273271-2dd1-4145-994c-b9bfe17baf4e,2026-05-29T01:15:00Z,2026-05-29T03:15:00+0200,338.14999,MW,FR,FR,forecast_offshore_wind_generation,Wind Offshore,2026-06-11T21:19:02Z
2026-06-11T21:18:08Z,2026-06-11T23:18:08+0200,4e273271-2dd1-4145-994c-b9bfe17baf4e,2026-05-29T01:30:00Z,2026-05-29T03:30:00+0200,341.97998,MW,FR,FR,forecast_offshore_wind_generation,Wind Offshore,2026-06-11T21:19:02Z
2026-06-11T21:18:08Z,2026-06-11T23:18:08+0200,4e273271-2dd1-4145-994c-b9bfe17baf4e,2026-05-29T01:45:00Z,2026-05-29T03:45:00+0200,345.85001,MW,FR,FR,forecast_offshore_wind_generation,Wind Offshore,2026-06-11T21:19:02Z
2026-06-11T21:18:08Z,2026-06-11T23:18:08+0200,4e273271-2dd1-4145-994c-b9bfe17baf4e,2026-05-29T02:00:00Z,2026-05-29T04:00:00+0200,349.69,MW,FR,FR,forecast_offshore_wind_generation,Wind Offshore,2026-06-11T21:19:02Z
2026-06-11T21:18:08Z,2026-06-11T23:18:08+0200,4e273271-2dd1-4145-994c-b9bfe17baf4e,2026-05-29T02:15:00Z,2026-05-29T04:15:00+0200,357.92999,MW,FR,FR,forecast_offshore_wind_generation,Wind Offshore,2026-06-11T21:19:02Z
2026-06-11T21:18:08Z,2026-06-11T23:18:08+0200,4e273271-2dd1-4145-994c-b9bfe17baf4e,2026-05-29T02:30:00Z,2026-05-29T04:30:00+0200,366.19,MW,FR,FR,forecast_offshore_wind_generation,Wind Offshore,2026-06-11T21:19:02Z
2026-06-11T21:18:08Z,2026-06-11T23:18:08+0200,4e273271-2dd1-4145-994c-b9bfe17baf4e,2026-05-29T02:45:00Z,2026-05-29T04:45:00+0200,374.44,MW,FR,FR,forecast_offshore_wind_generation,Wind Offshore,2026-06-11T21:19:02Z
2026-06-11T21:18:08Z,2026-06-11T23:18:08+0200,4e273271-2dd1-4145-994c-b9bfe17baf4e,2026-05-29T03:00:00Z,2026-05-29T05:00:00+0200,382.67999,MW,FR,FR,forecast_offshore_wind_generation,Wind Offshore,2026-06-11T21:19:02Z
2026-06-11T21:18:08Z,2026-06-11T23:18:08+0200,4e273271-2dd1-4145-994c-b9bfe17baf4e,2026-05-29T03:15:00Z,2026-05-29T05:15:00+0200,362.76999,MW,FR,FR,forecast_offshore_wind_generation,Wind Offshore,2026-06-11T21:19:02Z
2026-06-11T21:18:08Z,2026-06-11T23:18:08+0200,4e273271-2dd1-4145-994c-b9bfe17baf4e,2026-05-29T03:30:00Z,2026-05-29T05:30:00+0200,342.88,MW,FR,FR,forecast_offshore_wind_generation,Wind Offshore,2026-06-11T21:19:02Z
2026-06-11T21:18:08Z,2026-06-11T23:18:08+0200,4e273271-2dd1-4145-994c-b9bfe17baf4e,2026-05-29T03:45:00Z,2026-05-29T05:45:00+0200,322.98001,MW,FR,FR,forecast_offshore_wind_generation,Wind Offshore,2026-06-11T21:19:02Z
2026-06-11T21:18:08Z,2026-06-11T23:18:08+0200,4e273271-2dd1-4145-994c-b9bfe17baf4e,2026-05-29T04:00:00Z,2026-05-29T06:00:00+0200,303.08002,MW,FR,FR,forecast_offshore_wind_generation,Wind Offshore,2026-06-11T21:19:02Z
2026-06-11T21:18:08Z,2026-06-11T23:18:08+0200,4e273271-2dd1-4145-994c-b9bfe17baf4e,2026-05-29T04:15:00Z,2026-05-29T06:15:00+0200,272.17999,MW,FR,FR,forecast_offshore_wind_generation,Wind Offshore,2026-06-11T21:19:02Z
2026-06-11T21:18:08Z,2026-06-11T23:18:08+0200,4e273271-2dd1-4145-994c-b9bfe17baf4e,2026-05-29T04:30:00Z,2026-05-29T06:30:00+0200,241.28,MW,FR,FR,forecast_offshore_wind_generation,Wind Offshore,2026-06-11T21:19:02Z
2026-06-11T21:18:08Z,2026-06-11T23:18:08+0200,4e273271-2dd1-4145-994c-b9bfe17baf4e,2026-05-29T04:45:00Z,2026-05-29T06:45:00+0200,210.37999,MW,FR,FR,forecast_offshore_wind_generation,Wind Offshore,2026-06-11T21:19:02Z
2026-06-11T21:18:08Z,2026-06-11T23:18:08+0200,4e273271-2dd1-4145-994c-b9bfe17baf4e,2026-05-29T05:00:00Z,2026-05-29T07:00:00+0200,179.48,MW,FR,FR,forecast_offshore_wind_generation,Wind Offshore,2026-06-11T21:19:02Z
2026-06-11T21:18:08Z,2026-06-11T23:18:08+0200,4e273271-2dd1-4145-994c-b9bfe17baf4e,2026-05-29T05:15:00Z,2026-05-29T07:15:00+0200,160.58,MW,FR,FR,forecast_offshore_wind_generation,Wind Offshore,2026-06-11T21:19:02Z
2026-06-11T21:18:08Z,2026-06-11T23:18:08+0200,4e273271-2dd1-4145-994c-b9bfe17baf4e,2026-05-29T05:30:00Z,2026-05-29T07:30:00+0200,141.7,MW,FR,FR,forecast_offshore_wind_generation,Wind Offshore,2026-06-11T21:19:02Z
2026-06-11T21:18:08Z,2026-06-11T23:18:08+0200,4e273271-2dd1-4145-994c-b9bfe17baf4e,2026-05-29T05:45:00Z,2026-05-29T07:45:00+0200,122.81,MW,FR,FR,forecast_offshore_wind_generation,Wind Offshore,2026-06-11T21:19:02Z
2026-06-11T21:18:08Z,2026-06-11T23:18:08+0200,4e273271-2dd1-4145-994c-b9bfe17baf4e,2026-05-29T06:00:00Z,2026-05-29T08:00:00+0200,103.93,MW,FR,FR,forecast_offshore_wind_generation,Wind Offshore,2026-06-11T21:19:02Z
2026-06-11T21:18:08Z,2026-06-11T23:18:08+0200,4e273271-2dd1-4145-994c-b9bfe17baf4e,2026-05-29T06:15:00Z,2026-05-29T08:15:00+0200,98.13,MW,FR,FR,forecast_offshore_wind_generation,Wind Offshore,2026-06-11T21:19:02Z
2026-06-11T21:18:08Z,2026-06-11T23:18:08+0200,4e273271-2dd1-4145-994c-b9bfe17baf4e,2026-05-29T06:30:00Z,2026-05-29T08:30:00+0200,92.33,MW,FR,FR,forecast_offshore_wind_generation,Wind Offshore,2026-06-11T21:19:02Z
2026-06-11T21:18:08Z,2026-06-11T23:18:08+0200,4e273271-2dd1-4145-994c-b9bfe17baf4e,2026-05-29T06:45:00Z,2026-05-29T08:45:00+0200,86.55,MW,FR,FR,forecast_offshore_wind_generation,Wind Offshore,2026-06-11T21:19:02Z
2026-06-11T21:18:08Z,2026-06-11T23:18:08+0200,4e273271-2dd1-4145-994c-b9bfe17baf4e,2026-05-29T07:00:00Z,2026-05-29T09:00:00+0200,81.50999,MW,FR,FR,forecast_offshore_wind_generation,Wind Offshore,2026-06-11T21:19:02Z
2026-06-11T21:18:08Z,2026-06-11T23:18:08+0200,4e273271-2dd1-4145-994c-b9bfe17baf4e,2026-05-29T07:15:00Z,2026-05-29T09:15:00+0200,82.87,MW,FR,FR,forecast_offshore_wind_generation,Wind Offshore,2026-06-11T21:19:02Z
2026-06-11T21:18:08Z,2026-06-11T23:18:08+0200,4e273271-2dd1-4145-994c-b9bfe17baf4e,2026-05-29T07:30:00Z,2026-05-29T09:30:00+0200,84.99999,MW,FR,FR,forecast_offshore_wind_generation,Wind Offshore,2026-06-11T21:19:02Z
2026-06-11T21:18:08Z,2026-06-11T23:18:08+0200,4e273271-2dd1-4145-994c-b9bfe17baf4e,2026-05-29T07:45:00Z,2026-05-29T09:45:00+0200,87.12,MW,FR,FR,forecast_offshore_wind_generation,Wind Offshore,2026-06-11T21:19:02Z
2026-06-11T21:18:08Z,2026-06-11T23:18:08+0200,4e273271-2dd1-4145-994c-b9bfe17baf4e,2026-05-29T08:00:00Z,2026-05-29T10:00:00+0200,89.26001,MW,FR,FR,forecast_offshore_wind_generation,Wind Offshore,2026-06-11T21:19:02Z
2026-06-11T21:18:08Z,2026-06-11T23:18:08+0200,4e273271-2dd1-4145-994c-b9bfe17baf4e,2026-05-29T08:15:00Z,2026-05-29T10:15:00+0200,96.79,MW,FR,FR,forecast_offshore_wind_generation,Wind Offshore,2026-06-11T21:19:02Z
2026-06-11T21:18:08Z,2026-06-11T23:18:08+0200,4e273271-2dd1-4145-994c-b9bfe17baf4e,2026-05-29T08:30:00Z,2026-05-29T10:30:00+0200,104.34,MW,FR,FR,forecast_offshore_wind_generation,Wind Offshore,2026-06-11T21:19:02Z
2026-06-11T21:18:08Z,2026-06-11T23:18:08+0200,4e273271-2dd1-4145-994c-b9bfe17baf4e,2026-05-29T08:45:00Z,2026-05-29T10:45:00+0200,111.87999,MW,FR,FR,forecast_offshore_wind_generation,Wind Offshore,2026-06-11T21:19:02Z
2026-06-11T21:18:08Z,2026-06-11T23:18:08+0200,4e273271-2dd1-4145-994c-b9bfe17baf4e,2026-05-29T09:00:00Z,2026-05-29T11:00:00+0200,119.43,MW,FR,FR,forecast_offshore_wind_generation,Wind Offshore,2026-06-11T21:19:02Z
2026-06-11T21:18:08Z,2026-06-11T23:18:08+0200,4e273271-2dd1-4145-994c-b9bfe17baf4e,2026-05-29T09:15:00Z,2026-05-29T11:15:00+0200,127.49999,MW,FR,FR,forecast_offshore_wind_generation,Wind Offshore,2026-06-11T21:19:02Z
2026-06-11T21:18:08Z,2026-06-11T23:18:08+0200,4e273271-2dd1-4145-994c-b9bfe17baf4e,2026-05-29T09:30:00Z,2026-05-29T11:30:00+0200,135.58,MW,FR,FR,forecast_offshore_wind_generation,Wind Offshore,2026-06-11T21:19:02Z
2026-06-11T21:18:08Z,2026-06-11T23:18:08+0200,4e273271-2dd1-4145-994c-b9bfe17baf4e,2026-05-29T09:45:00Z,2026-05-29T11:45:00+0200,143.66,MW,FR,FR,forecast_offshore_wind_generation,Wind Offshore,2026-06-11T21:19:02Z
2026-06-11T21:18:08Z,2026-06-11T23:18:08+0200,4e273271-2dd1-4145-994c-b9bfe17baf4e,2026-05-29T10:00:00Z,2026-05-29T12:00:00+0200,151.72,MW,FR,FR,forecast_offshore_wind_generation,Wind Offshore,2026-06-11T21:19:02Z
2026-06-11T21:18:08Z,2026-06-11T23:18:08+0200,4e273271-2dd1-4145-994c-b9bfe17baf4e,2026-05-29T10:15:00Z,2026-05-29T12:15:00+0200,144.37999,MW,FR,FR,forecast_offshore_wind_generation,Wind Offshore,2026-06-11T21:19:02Z
2026-06-11T21:18:08Z,2026-06-11T23:18:08+0200,4e273271-2dd1-4145-994c-b9bfe17baf4e,2026-05-29T10:30:00Z,2026-05-29T12:30:00+0200,137.02,MW,FR,FR,forecast_offshore_wind_generation,Wind Offshore,2026-06-11T21:19:02Z
2026-06-11T21:18:08Z,2026-06-11T23:18:08+0200,4e273271-2dd1-4145-994c-b9bfe17baf4e,2026-05-29T10:45:00Z,2026-05-29T12:45:00+0200,129.64999,MW,FR,FR,forecast_offshore_wind_generation,Wind Offshore,2026-06-11T21:19:02Z
2026-06-11T21:18:08Z,2026-06-11T23:18:08+0200,4e273271-2dd1-4145-994c-b9bfe17baf4e,2026-05-29T11:00:00Z,2026-05-29T13:00:00+0200,122.3,MW,FR,FR,forecast_offshore_wind_generation,Wind Offshore,2026-06-11T21:19:02Z
2026-06-11T21:18:08Z,2026-06-11T23:18:08+0200,4e273271-2dd1-4145-994c-b9bfe17baf4e,2026-05-29T11:15:00Z,2026-05-29T13:15:00+0200,112.49,MW,FR,FR,forecast_offshore_wind_generation,Wind Offshore,2026-06-11T21:19:02Z
2026-06-11T21:18:08Z,2026-06-11T23:18:08+0200,4e273271-2dd1-4145-994c-b9bfe17baf4e,2026-05-29T11:30:00Z,2026-05-29T13:30:00+0200,102.67999,MW,FR,FR,forecast_offshore_wind_generation,Wind Offshore,2026-06-11T21:19:02Z
2026-06-11T21:18:08Z,2026-06-11T23:18:08+0200,4e273271-2dd1-4145-994c-b9bfe17baf4e,2026-05-29T11:45:00Z,2026-05-29T13:45:00+0200,92.88,MW,FR,FR,forecast_offshore_wind_generation,Wind Offshore,2026-06-11T21:19:02Z
2026-06-11T21:18:08Z,2026-06-11T23:18:08+0200,4e273271-2dd1-4145-994c-b9bfe17baf4e,2026-05-29T12:00:00Z,2026-05-29T14:00:00+0200,83.07,MW,FR,FR,forecast_offshore_wind_generation,Wind Offshore,2026-06-11T21:19:02Z
2026-06-11T21:18:08Z,2026-06-11T23:18:08+0200,4e273271-2dd1-4145-994c-b9bfe17baf4e,2026-05-29T12:15:00Z,2026-05-29T14:15:00+0200,81.77,MW,FR,FR,forecast_offshore_wind_generation,Wind Offshore,2026-06-11T21:19:02Z
2026-06-11T21:18:08Z,2026-06-11T23:18:08+0200,4e273271-2dd1-4145-994c-b9bfe17baf4e,2026-05-29T12:30:00Z,2026-05-29T14:30:00+0200,80.5,MW,FR,FR,forecast_offshore_wind_generation,Wind Offshore,2026-06-11T21:19:02Z
2026-06-11T21:18:08Z,2026-06-11T23:18:08+0200,4e273271-2dd1-4145-994c-b9bfe17baf4e,2026-05-29T12:45:00Z,2026-05-29T14:45:00+0200,79.21,MW,FR,FR,forecast_offshore_wind_generation,Wind Offshore,2026-06-11T21:19:02Z
2026-06-11T21:18:08Z,2026-06-11T23:18:08+0200,4e273271-2dd1-4145-994c-b9bfe17baf4e,2026-05-29T13:00:00Z,2026-05-29T15:00:00+0200,77.93,MW,FR,FR,forecast_offshore_wind_generation,Wind Offshore,2026-06-11T21:19:02Z
2026-06-11T21:18:08Z,2026-06-11T23:18:08+0200,4e273271-2dd1-4145-994c-b9bfe17baf4e,2026-05-29T13:15:00Z,2026-05-29T15:15:00+0200,72.7,MW,FR,FR,forecast_offshore_wind_generation,Wind Offshore,2026-06-11T21:19:02Z
2026-06-11T21:18:08Z,2026-06-11T23:18:08+0200,4e273271-2dd1-4145-994c-b9bfe17baf4e,2026-05-29T13:30:00Z,2026-05-29T15:30:00+0200,67.48,MW,FR,FR,forecast_offshore_wind_generation,Wind Offshore,2026-06-11T21:19:02Z
2026-06-11T21:18:08Z,2026-06-11T23:18:08+0200,4e273271-2dd1-4145-994c-b9bfe17baf4e,2026-05-29T13:45:00Z,2026-05-29T15:45:00+0200,62.26,MW,FR,FR,forecast_offshore_wind_generation,Wind Offshore,2026-06-11T21:19:02Z
2026-06-11T21:18:08Z,2026-06-11T23:18:08+0200,4e273271-2dd1-4145-994c-b9bfe17baf4e,2026-05-29T14:00:00Z,2026-05-29T16:00:00+0200,57.03,MW,FR,FR,forecast_offshore_wind_generation,Wind Offshore,2026-06-11T21:19:02Z
2026-06-11T21:18:08Z,2026-06-11T23:18:08+0200,4e273271-2dd1-4145-994c-b9bfe17baf4e,2026-05-29T14:15:00Z,2026-05-29T16:15:00+0200,54.1,MW,FR,FR,forecast_offshore_wind_generation,Wind Offshore,2026-06-11T21:19:02Z
2026-06-11T21:18:08Z,2026-06-11T23:18:08+0200,4e273271-2dd1-4145-994c-b9bfe17baf4e,2026-05-29T14:30:00Z,2026-05-29T16:30:00+0200,51.19,MW,FR,FR,forecast_offshore_wind_generation,Wind Offshore,2026-06-11T21:19:02Z
2026-06-11T21:18:08Z,2026-06-11T23:18:08+0200,4e273271-2dd1-4145-994c-b9bfe17baf4e,2026-05-29T14:45:00Z,2026-05-29T16:45:00+0200,48.49,MW,FR,FR,forecast_offshore_wind_generation,Wind Offshore,2026-06-11T21:19:02Z
2026-06-11T21:18:08Z,2026-06-11T23:18:08+0200,4e273271-2dd1-4145-994c-b9bfe17baf4e,2026-05-29T15:00:00Z,2026-05-29T17:00:00+0200,46.2,MW,FR,FR,forecast_offshore_wind_generation,Wind Offshore,2026-06-11T21:19:02Z
2026-06-11T21:18:08Z,2026-06-11T23:18:08+0200,4e273271-2dd1-4145-994c-b9bfe17baf4e,2026-05-29T15:15:00Z,2026-05-29T17:15:00+0200,62.71,MW,FR,FR,forecast_offshore_wind_generation,Wind Offshore,2026-06-11T21:19:02Z
2026-06-11T21:18:08Z,2026-06-11T23:18:08+0200,4e273271-2dd1-4145-994c-b9bfe17baf4e,2026-05-29T15:30:00Z,2026-05-29T17:30:00+0200,80.08,MW,FR,FR,forecast_offshore_wind_generation,Wind Offshore,2026-06-11T21:19:02Z
2026-06-11T21:18:08Z,2026-06-11T23:18:08+0200,4e273271-2dd1-4145-994c-b9bfe17baf4e,2026-05-29T15:45:00Z,2026-05-29T17:45:00+0200,97.45,MW,FR,FR,forecast_offshore_wind_generation,Wind Offshore,2026-06-11T21:19:02Z
2026-06-11T21:18:08Z,2026-06-11T23:18:08+0200,4e273271-2dd1-4145-994c-b9bfe17baf4e,2026-05-29T16:00:00Z,2026-05-29T18:00:00+0200,114.82,MW,FR,FR,forecast_offshore_wind_generation,Wind Offshore,2026-06-11T21:19:02Z
2026-06-11T21:18:08Z,2026-06-11T23:18:08+0200,4e273271-2dd1-4145-994c-b9bfe17baf4e,2026-05-29T16:15:00Z,2026-05-29T18:15:00+0200,127.28999,MW,FR,FR,forecast_offshore_wind_generation,Wind Offshore,2026-06-11T21:19:02Z
2026-06-11T21:18:08Z,2026-06-11T23:18:08+0200,4e273271-2dd1-4145-994c-b9bfe17baf4e,2026-05-29T16:30:00Z,2026-05-29T18:30:00+0200,139.73,MW,FR,FR,forecast_offshore_wind_generation,Wind Offshore,2026-06-11T21:19:02Z
2026-06-11T21:18:08Z,2026-06-11T23:18:08+0200,4e273271-2dd1-4145-994c-b9bfe17baf4e,2026-05-29T16:45:00Z,2026-05-29T18:45:00+0200,152.19,MW,FR,FR,forecast_offshore_wind_generation,Wind Offshore,2026-06-11T21:19:02Z
2026-06-11T21:18:08Z,2026-06-11T23:18:08+0200,4e273271-2dd1-4145-994c-b9bfe17baf4e,2026-05-29T17:00:00Z,2026-05-29T19:00:00+0200,164.64999,MW,FR,FR,forecast_offshore_wind_generation,Wind Offshore,2026-06-11T21:19:02Z
2026-06-11T21:18:08Z,2026-06-11T23:18:08+0200,4e273271-2dd1-4145-994c-b9bfe17baf4e,2026-05-29T17:15:00Z,2026-05-29T19:15:00+0200,173.17,MW,FR,FR,forecast_offshore_wind_generation,Wind Offshore,2026-06-11T21:19:02Z
2026-06-11T21:18:08Z,2026-06-11T23:18:08+0200,4e273271-2dd1-4145-994c-b9bfe17baf4e,2026-05-29T17:30:00Z,2026-05-29T19:30:00+0200,181.69,MW,FR,FR,forecast_offshore_wind_generation,Wind Offshore,2026-06-11T21:19:02Z
2026-06-11T21:18:08Z,2026-06-11T23:18:08+0200,4e273271-2dd1-4145-994c-b9bfe17baf4e,2026-05-29T17:45:00Z,2026-05-29T19:45:00+0200,190.23,MW,FR,FR,forecast_offshore_wind_generation,Wind Offshore,2026-06-11T21:19:02Z
2026-06-11T21:18:08Z,2026-06-11T23:18:08+0200,4e273271-2dd1-4145-994c-b9bfe17baf4e,2026-05-29T18:00:00Z,2026-05-29T20:00:00+0200,198.75,MW,FR,FR,forecast_offshore_wind_generation,Wind Offshore,2026-06-11T21:19:02Z
2026-06-11T21:18:08Z,2026-06-11T23:18:08+0200,4e273271-2dd1-4145-994c-b9bfe17baf4e,2026-05-29T18:15:00Z,2026-05-29T20:15:00+0200,201.71001,MW,FR,FR,forecast_offshore_wind_generation,Wind Offshore,2026-06-11T21:19:02Z
2026-06-11T21:18:08Z,2026-06-11T23:18:08+0200,4e273271-2dd1-4145-994c-b9bfe17baf4e,2026-05-29T18:30:00Z,2026-05-29T20:30:00+0200,204.68999,MW,FR,FR,forecast_offshore_wind_generation,Wind Offshore,2026-06-11T21:19:02Z
2026-06-11T21:18:08Z,2026-06-11T23:18:08+0200,4e273271-2dd1-4145-994c-b9bfe17baf4e,2026-05-29T18:45:00Z,2026-05-29T20:45:00+0200,207.65001,MW,FR,FR,forecast_offshore_wind_generation,Wind Offshore,2026-06-11T21:19:02Z
2026-06-11T21:18:08Z,2026-06-11T23:18:08+0200,4e273271-2dd1-4145-994c-b9bfe17baf4e,2026-05-29T19:00:00Z,2026-05-29T21:00:00+0200,210.61,MW,FR,FR,forecast_offshore_wind_generation,Wind Offshore,2026-06-11T21:19:02Z
2026-06-11T21:18:08Z,2026-06-11T23:18:08+0200,4e273271-2dd1-4145-994c-b9bfe17baf4e,2026-05-29T19:15:00Z,2026-05-29T21:15:00+0200,211.75,MW,FR,FR,forecast_offshore_wind_generation,Wind Offshore,2026-06-11T21:19:02Z
2026-06-11T21:18:08Z,2026-06-11T23:18:08+0200,4e273271-2dd1-4145-994c-b9bfe17baf4e,2026-05-29T19:30:00Z,2026-05-29T21:30:00+0200,212.88,MW,FR,FR,forecast_offshore_wind_generation,Wind Offshore,2026-06-11T21:19:02Z
2026-06-11T21:18:08Z,2026-06-11T23:18:08+0200,4e273271-2dd1-4145-994c-b9bfe17baf4e,2026-05-29T19:45:00Z,2026-05-29T21:45:00+0200,214.00999,MW,FR,FR,forecast_offshore_wind_generation,Wind Offshore,2026-06-11T21:19:02Z
2026-06-11T21:18:08Z,2026-06-11T23:18:08+0200,4e273271-2dd1-4145-994c-b9bfe17baf4e,2026-05-29T20:00:00Z,2026-05-29T22:00:00+0200,215.13,MW,FR,FR,forecast_offshore_wind_generation,Wind Offshore,2026-06-11T21:19:02Z
2026-06-11T21:18:08Z,2026-06-11T23:18:08+0200,4e273271-2dd1-4145-994c-b9bfe17baf4e,2026-05-29T20:15:00Z,2026-05-29T22:15:00+0200,211.66,MW,FR,FR,forecast_offshore_wind_generation,Wind Offshore,2026-06-11T21:19:02Z
2026-06-11T21:18:08Z,2026-06-11T23:18:08+0200,4e273271-2dd1-4145-994c-b9bfe17baf4e,2026-05-29T20:30:00Z,2026-05-29T22:30:00+0200,208.19,MW,FR,FR,forecast_offshore_wind_generation,Wind Offshore,2026-06-11T21:19:02Z
2026-06-11T21:18:08Z,2026-06-11T23:18:08+0200,4e273271-2dd1-4145-994c-b9bfe17baf4e,2026-05-29T20:45:00Z,2026-05-29T22:45:00+0200,204.71001,MW,FR,FR,forecast_offshore_wind_generation,Wind Offshore,2026-06-11T21:19:02Z
2026-06-11T21:18:08Z,2026-06-11T23:18:08+0200,4e273271-2dd1-4145-994c-b9bfe17baf4e,2026-05-29T21:00:00Z,2026-05-29T23:00:00+0200,201.23999,MW,FR,FR,forecast_offshore_wind_generation,Wind Offshore,2026-06-11T21:19:02Z
2026-06-11T21:18:08Z,2026-06-11T23:18:08+0200,4e273271-2dd1-4145-994c-b9bfe17baf4e,2026-05-29T21:15:00Z,2026-05-29T23:15:00+0200,201.5,MW,FR,FR,forecast_offshore_wind_generation,Wind Offshore,2026-06-11T21:19:02Z
2026-06-11T21:18:08Z,2026-06-11T23:18:08+0200,4e273271-2dd1-4145-994c-b9bfe17baf4e,2026-05-29T21:30:00Z,2026-05-29T23:30:00+0200,201.75002,MW,FR,FR,forecast_offshore_wind_generation,Wind Offshore,2026-06-11T21:19:02Z
2026-06-11T21:18:08Z,2026-06-11T23:18:08+0200,4e273271-2dd1-4145-994c-b9bfe17baf4e,2026-05-29T21:45:00Z,2026-05-29T23:45:00+0200,201.99001,MW,FR,FR,forecast_offshore_wind_generation,Wind Offshore,2026-06-11T21:19:02Z
2026-06-11T21:18:08Z,2026-06-11T23:18:08+0200,4e273271-2dd1-4145-994c-b9bfe17baf4e,2026-05-29T22:00:00Z,2026-05-30T00:00:00+0200,246.14001,MW,FR,FR,forecast_offshore_wind_generation,Wind Offshore,2026-06-11T21:19:02Z
2026-06-11T21:18:08Z,2026-06-11T23:18:08+0200,4e273271-2dd1-4145-994c-b9bfe17baf4e,2026-05-29T22:15:00Z,2026-05-30T00:15:00+0200,237.16,MW,FR,FR,forecast_offshore_wind_generation,Wind Offshore,2026-06-11T21:19:02Z
2026-06-11T21:18:08Z,2026-06-11T23:18:08+0200,4e273271-2dd1-4145-994c-b9bfe17baf4e,2026-05-29T22:30:00Z,2026-05-30T00:30:00+0200,228.16998,MW,FR,FR,forecast_offshore_wind_generation,Wind Offshore,2026-06-11T21:19:02Z
2026-06-11T21:18:08Z,2026-06-11T23:18:08+0200,4e273271-2dd1-4145-994c-b9bfe17baf4e,2026-05-29T22:45:00Z,2026-05-30T00:45:00+0200,219.19,MW,FR,FR,forecast_offshore_wind_generation,Wind Offshore,2026-06-11T21:19:02Z
2026-06-11T21:18:08Z,2026-06-11T23:18:08+0200,4e273271-2dd1-4145-994c-b9bfe17baf4e,2026-05-29T23:00:00Z,2026-05-30T01:00:00+0200,210.20999,MW,FR,FR,forecast_offshore_wind_generation,Wind Offshore,2026-06-11T21:19:02Z
2026-06-11T21:18:08Z,2026-06-11T23:18:08+0200,4e273271-2dd1-4145-994c-b9bfe17baf4e,2026-05-29T23:15:00Z,2026-05-30T01:15:00+0200,204.26999,MW,FR,FR,forecast_offshore_wind_generation,Wind Offshore,2026-06-11T21:19:02Z
2026-06-11T21:18:08Z,2026-06-11T23:18:08+0200,4e273271-2dd1-4145-994c-b9bfe17baf4e,2026-05-29T23:30:00Z,2026-05-30T01:30:00+0200,198.31,MW,FR,FR,forecast_offshore_wind_generation,Wind Offshore,2026-06-11T21:19:02Z
2026-06-11T21:18:08Z,2026-06-11T23:18:08+0200,4e273271-2dd1-4145-994c-b9bfe17baf4e,2026-05-29T23:45:00Z,2026-05-30T01:45:00+0200,192.34999,MW,FR,FR,forecast_offshore_wind_generation,Wind Offshore,2026-06-11T21:19:02Z
2026-06-11T21:18:08Z,2026-06-11T23:18:08+0200,4e273271-2dd1-4145-994c-b9bfe17baf4e,2026-05-30T00:00:00Z,2026-05-30T02:00:00+0200,186.39999,MW,FR,FR,forecast_offshore_wind_generation,Wind Offshore,2026-06-11T21:19:02Z
2026-06-11T21:18:08Z,2026-06-11T23:18:08+0200,4e273271-2dd1-4145-994c-b9bfe17baf4e,2026-05-30T00:15:00Z,2026-05-30T02:15:00+0200,197.35001,MW,FR,FR,forecast_offshore_wind_generation,Wind Offshore,2026-06-11T21:19:02Z
2026-06-11T21:18:08Z,2026-06-11T23:18:08+0200,4e273271-2dd1-4145-994c-b9bfe17baf4e,2026-05-30T00:30:00Z,2026-05-30T02:30:00+0200,208.3,MW,FR,FR,forecast_offshore_wind_generation,Wind Offshore,2026-06-11T21:19:02Z
2026-06-11T21:18:08Z,2026-06-11T23:18:08+0200,4e273271-2dd1-4145-994c-b9bfe17baf4e,2026-05-30T00:45:00Z,2026-05-30T02:45:00+0200,219.23,MW,FR,FR,forecast_offshore_wind_generation,Wind Offshore,2026-06-11T21:19:02Z
2026-06-11T21:18:08Z,2026-06-11T23:18:08+0200,4e273271-2dd1-4145-994c-b9bfe17baf4e,2026-05-30T01:00:00Z,2026-05-30T03:00:00+0200,230.17,MW,FR,FR,forecast_offshore_wind_generation,Wind Offshore,2026-06-11T21:19:02Z
2026-06-11T21:18:08Z,2026-06-11T23:18:08+0200,4e273271-2dd1-4145-994c-b9bfe17baf4e,2026-05-30T01:15:00Z,2026-05-30T03:15:00+0200,242.76001,MW,FR,FR,forecast_offshore_wind_generation,Wind Offshore,2026-06-11T21:19:02Z
2026-06-11T21:18:08Z,2026-06-11T23:18:08+0200,4e273271-2dd1-4145-994c-b9bfe17baf4e,2026-05-30T01:30:00Z,2026-05-30T03:30:00+0200,255.35001,MW,FR,FR,forecast_offshore_wind_generation,Wind Offshore,2026-06-11T21:19:02Z
2026-06-11T21:18:08Z,2026-06-11T23:18:08+0200,4e273271-2dd1-4145-994c-b9bfe17baf4e,2026-05-30T01:45:00Z,2026-05-30T03:45:00+0200,267.95001,MW,FR,FR,forecast_offshore_wind_generation,Wind Offshore,2026-06-11T21:19:02Z
2026-06-11T21:18:08Z,2026-06-11T23:18:08+0200,4e273271-2dd1-4145-994c-b9bfe17baf4e,2026-05-30T02:00:00Z,2026-05-30T04:00:00+0200,280.54001,MW,FR,FR,forecast_offshore_wind_generation,Wind Offshore,2026-06-11T21:19:02Z
2026-06-11T21:18:08Z,2026-06-11T23:18:08+0200,4e273271-2dd1-4145-994c-b9bfe17baf4e,2026-05-30T02:15:00Z,2026-05-30T04:15:00+0200,264.87,MW,FR,FR,forecast_offshore_wind_generation,Wind Offshore,2026-06-11T21:19:02Z
2026-06-11T21:18:08Z,2026-06-11T23:18:08+0200,4e273271-2dd1-4145-994c-b9bfe17baf4e,2026-05-30T02:30:00Z,2026-05-30T04:30:00+0200,249.22002,MW,FR,FR,forecast_offshore_wind_generation,Wind Offshore,2026-06-11T21:19:02Z
2026-06-11T21:18:08Z,2026-06-11T23:18:08+0200,4e273271-2dd1-4145-994c-b9bfe17baf4e,2026-05-30T02:45:00Z,2026-05-30T04:45:00+0200,233.55,MW,FR,FR,forecast_offshore_wind_generation,Wind Offshore,2026-06-11T21:19:02Z
2026-06-11T21:18:08Z,2026-06-11T23:18:08+0200,4e273271-2dd1-4145-994c-b9bfe17baf4e,2026-05-30T03:00:00Z,2026-05-30T05:00:00+0200,217.88,MW,FR,FR,forecast_offshore_wind_generation,Wind Offshore,2026-06-11T21:19:02Z
2026-06-11T21:18:08Z,2026-06-11T23:18:08+0200,4e273271-2dd1-4145-994c-b9bfe17baf4e,2026-05-30T03:15:00Z,2026-05-30T05:15:00+0200,214.08,MW,FR,FR,forecast_offshore_wind_generation,Wind Offshore,2026-06-11T21:19:02Z
2026-06-11T21:18:08Z,2026-06-11T23:18:08+0200,4e273271-2dd1-4145-994c-b9bfe17baf4e,2026-05-30T03:30:00Z,2026-05-30T05:30:00+0200,210.27,MW,FR,FR,forecast_offshore_wind_generation,Wind Offshore,2026-06-11T21:19:02Z
2026-06-11T21:18:08Z,2026-06-11T23:18:08+0200,4e273271-2dd1-4145-994c-b9bfe17baf4e,2026-05-30T03:45:00Z,2026-05-30T05:45:00+0200,206.46002,MW,FR,FR,forecast_offshore_wind_generation,Wind Offshore,2026-06-11T21:19:02Z
2026-06-11T21:18:08Z,2026-06-11T23:18:08+0200,4e273271-2dd1-4145-994c-b9bfe17baf4e,2026-05-30T04:00:00Z,2026-05-30T06:00:00+0200,202.66,MW,FR,FR,forecast_offshore_wind_generation,Wind Offshore,2026-06-11T21:19:02Z
2026-06-11T21:18:08Z,2026-06-11T23:18:08+0200,4e273271-2dd1-4145-994c-b9bfe17baf4e,2026-05-30T04:15:00Z,2026-05-30T06:15:00+0200,195.63,MW,FR,FR,forecast_offshore_wind_generation,Wind Offshore,2026-06-11T21:19:02Z
2026-06-11T21:18:08Z,2026-06-11T23:18:08+0200,4e273271-2dd1-4145-994c-b9bfe17baf4e,2026-05-30T04:30:00Z,2026-05-30T06:30:00+0200,188.61,MW,FR,FR,forecast_offshore_wind_generation,Wind Offshore,2026-06-11T21:19:02Z
2026-06-11T21:18:08Z,2026-06-11T23:18:08+0200,4e273271-2dd1-4145-994c-b9bfe17baf4e,2026-05-30T04:45:00Z,2026-05-30T06:45:00+0200,181.57999,MW,FR,FR,forecast_offshore_wind_generation,Wind Offshore,2026-06-11T21:19:02Z
2026-06-11T21:18:08Z,2026-06-11T23:18:08+0200,4e273271-2dd1-4145-994c-b9bfe17baf4e,2026-05-30T05:00:00Z,2026-05-30T07:00:00+0200,174.56,MW,FR,FR,forecast_offshore_wind_generation,Wind Offshore,2026-06-11T21:19:02Z
2026-06-11T21:18:08Z,2026-06-11T23:18:08+0200,4e273271-2dd1-4145-994c-b9bfe17baf4e,2026-05-30T05:15:00Z,2026-05-30T07:15:00+0200,167.96001,MW,FR,FR,forecast_offshore_wind_generation,Wind Offshore,2026-06-11T21:19:02Z
2026-06-11T21:18:08Z,2026-06-11T23:18:08+0200,4e273271-2dd1-4145-994c-b9bfe17baf4e,2026-05-30T05:30:00Z,2026-05-30T07:30:00+0200,161.38,MW,FR,FR,forecast_offshore_wind_generation,Wind Offshore,2026-06-11T21:19:02Z
2026-06-11T21:18:08Z,2026-06-11T23:18:08+0200,4e273271-2dd1-4145-994c-b9bfe17baf4e,2026-05-30T05:45:00Z,2026-05-30T07:45:00+0200,154.79001,MW,FR,FR,forecast_offshore_wind_generation,Wind Offshore,2026-06-11T21:19:02Z
2026-06-11T21:18:08Z,2026-06-11T23:18:08+0200,4e273271-2dd1-4145-994c-b9bfe17baf4e,2026-05-30T06:00:00Z,2026-05-30T08:00:00+0200,148.19,MW,FR,FR,forecast_offshore_wind_generation,Wind Offshore,2026-06-11T21:19:02Z
2026-06-11T21:18:08Z,2026-06-11T23:18:08+0200,4e273271-2dd1-4145-994c-b9bfe17baf4e,2026-05-30T06:15:00Z,2026-05-30T08:15:00+0200,143.78999,MW,FR,FR,forecast_offshore_wind_generation,Wind Offshore,2026-06-11T21:19:02Z
2026-06-11T21:18:08Z,2026-06-11T23:18:08+0200,4e273271-2dd1-4145-994c-b9bfe17baf4e,2026-05-30T06:30:00Z,2026-05-30T08:30:00+0200,139.39,MW,FR,FR,forecast_offshore_wind_generation,Wind Offshore,2026-06-11T21:19:02Z
2026-06-11T21:18:08Z,2026-06-11T23:18:08+0200,4e273271-2dd1-4145-994c-b9bfe17baf4e,2026-05-30T06:45:00Z,2026-05-30T08:45:00+0200,134.98001,MW,FR,FR,forecast_offshore_wind_generation,Wind Offshore,2026-06-11T21:19:02Z
2026-06-11T21:18:08Z,2026-06-11T23:18:08+0200,4e273271-2dd1-4145-994c-b9bfe17baf4e,2026-05-30T07:00:00Z,2026-05-30T09:00:00+0200,130.57999,MW,FR,FR,forecast_offshore_wind_generation,Wind Offshore,2026-06-11T21:19:02Z
2026-06-11T21:18:08Z,2026-06-11T23:18:08+0200,4e273271-2dd1-4145-994c-b9bfe17baf4e,2026-05-30T07:15:00Z,2026-05-30T09:15:00+0200,123.61,MW,FR,FR,forecast_offshore_wind_generation,Wind Offshore,2026-06-11T21:19:02Z
2026-06-11T21:18:08Z,2026-06-11T23:18:08+0200,4e273271-2dd1-4145-994c-b9bfe17baf4e,2026-05-30T07:30:00Z,2026-05-30T09:30:00+0200,116.62,MW,FR,FR,forecast_offshore_wind_generation,Wind Offshore,2026-06-11T21:19:02Z
2026-06-11T21:18:08Z,2026-06-11T23:18:08+0200,4e273271-2dd1-4145-994c-b9bfe17baf4e,2026-05-30T07:45:00Z,2026-05-30T09:45:00+0200,109.64999,MW,FR,FR,forecast_offshore_wind_generation,Wind Offshore,2026-06-11T21:19:02Z
2026-06-11T21:18:08Z,2026-06-11T23:18:08+0200,4e273271-2dd1-4145-994c-b9bfe17baf4e,2026-05-30T08:00:00Z,2026-05-30T10:00:00+0200,102.66,MW,FR,FR,forecast_offshore_wind_generation,Wind Offshore,2026-06-11T21:19:02Z
2026-06-11T21:18:08Z,2026-06-11T23:18:08+0200,4e273271-2dd1-4145-994c-b9bfe17baf4e,2026-05-30T08:15:00Z,2026-05-30T10:15:00+0200,117.94,MW,FR,FR,forecast_offshore_wind_generation,Wind Offshore,2026-06-11T21:19:02Z
2026-06-11T21:18:08Z,2026-06-11T23:18:08+0200,4e273271-2dd1-4145-994c-b9bfe17baf4e,2026-05-30T08:30:00Z,2026-05-30T10:30:00+0200,133.21001,MW,FR,FR,forecast_offshore_wind_generation,Wind Offshore,2026-06-11T21:19:02Z
2026-06-11T21:18:08Z,2026-06-11T23:18:08+0200,4e273271-2dd1-4145-994c-b9bfe17baf4e,2026-05-30T08:45:00Z,2026-05-30T10:45:00+0200,148.48,MW,FR,FR,forecast_offshore_wind_generation,Wind Offshore,2026-06-11T21:19:02Z
2026-06-11T21:18:08Z,2026-06-11T23:18:08+0200,4e273271-2dd1-4145-994c-b9bfe17baf4e,2026-05-30T09:00:00Z,2026-05-30T11:00:00+0200,163.73001,MW,FR,FR,forecast_offshore_wind_generation,Wind Offshore,2026-06-11T21:19:02Z
2026-06-11T21:18:08Z,2026-06-11T23:18:08+0200,4e273271-2dd1-4145-994c-b9bfe17baf4e,2026-05-30T09:15:00Z,2026-05-30T11:15:00+0200,167.33,MW,FR,FR,forecast_offshore_wind_generation,Wind Offshore,2026-06-11T21:19:02Z
2026-06-11T21:18:08Z,2026-06-11T23:18:08+0200,4e273271-2dd1-4145-994c-b9bfe17baf4e,2026-05-30T09:30:00Z,2026-05-30T11:30:00+0200,170.92,MW,FR,FR,forecast_offshore_wind_generation,Wind Offshore,2026-06-11T21:19:02Z
2026-06-11T21:18:08Z,2026-06-11T23:18:08+0200,4e273271-2dd1-4145-994c-b9bfe17baf4e,2026-05-30T09:45:00Z,2026-05-30T11:45:00+0200,174.51999,MW,FR,FR,forecast_offshore_wind_generation,Wind Offshore,2026-06-11T21:19:02Z
2026-06-11T21:18:08Z,2026-06-11T23:18:08+0200,4e273271-2dd1-4145-994c-b9bfe17baf4e,2026-05-30T10:00:00Z,2026-05-30T12:00:00+0200,178.11002,MW,FR,FR,forecast_offshore_wind_generation,Wind Offshore,2026-06-11T21:19:02Z
2026-06-11T21:18:08Z,2026-06-11T23:18:08+0200,4e273271-2dd1-4145-994c-b9bfe17baf4e,2026-05-30T10:15:00Z,2026-05-30T12:15:00+0200,173.94,MW,FR,FR,forecast_offshore_wind_generation,Wind Offshore,2026-06-11T21:19:02Z
2026-06-11T21:18:08Z,2026-06-11T23:18:08+0200,4e273271-2dd1-4145-994c-b9bfe17baf4e,2026-05-30T10:30:00Z,2026-05-30T12:30:00+0200,169.73,MW,FR,FR,forecast_offshore_wind_generation,Wind Offshore,2026-06-11T21:19:02Z
2026-06-11T21:18:08Z,2026-06-11T23:18:08+0200,4e273271-2dd1-4145-994c-b9bfe17baf4e,2026-05-30T10:45:00Z,2026-05-30T12:45:00+0200,165.54001,MW,FR,FR,forecast_offshore_wind_generation,Wind Offshore,2026-06-11T21:19:02Z
2026-06-11T21:18:08Z,2026-06-11T23:18:08+0200,4e273271-2dd1-4145-994c-b9bfe17baf4e,2026-05-30T11:00:00Z,2026-05-30T13:00:00+0200,161.34,MW,FR,FR,forecast_offshore_wind_generation,Wind Offshore,2026-06-11T21:19:02Z
2026-06-11T21:18:08Z,2026-06-11T23:18:08+0200,4e273271-2dd1-4145-994c-b9bfe17baf4e,2026-05-30T11:15:00Z,2026-05-30T13:15:00+0200,173.76001,MW,FR,FR,forecast_offshore_wind_generation,Wind Offshore,2026-06-11T21:19:02Z
2026-06-11T21:18:08Z,2026-06-11T23:18:08+0200,4e273271-2dd1-4145-994c-b9bfe17baf4e,2026-05-30T11:30:00Z,2026-05-30T13:30:00+0200,106.22,MW,FR,FR,forecast_offshore_wind_generation,Wind Offshore,2026-06-11T21:19:02Z
2026-06-11T21:18:08Z,2026-06-11T23:18:08+0200,4e273271-2dd1-4145-994c-b9bfe17baf4e,2026-05-30T11:45:00Z,2026-05-30T13:45:00+0200,110.53,MW,FR,FR,forecast_offshore_wind_generation,Wind Offshore,2026-06-11T21:19:02Z
2026-06-11T21:18:08Z,2026-06-11T23:18:08+0200,4e273271-2dd1-4145-994c-b9bfe17baf4e,2026-05-30T12:00:00Z,2026-05-30T14:00:00+0200,114.82,MW,FR,FR,forecast_offshore_wind_generation,Wind Offshore,2026-06-11T21:19:02Z
2026-06-11T21:18:08Z,2026-06-11T23:18:08+0200,4e273271-2dd1-4145-994c-b9bfe17baf4e,2026-05-30T12:15:00Z,2026-05-30T14:15:00+0200,134.78,MW,FR,FR,forecast_offshore_wind_generation,Wind Offshore,2026-06-11T21:19:02Z
2026-06-11T21:18:08Z,2026-06-11T23:18:08+0200,4e273271-2dd1-4145-994c-b9bfe17baf4e,2026-05-30T12:30:00Z,2026-05-30T14:30:00+0200,154.72,MW,FR,FR,forecast_offshore_wind_generation,Wind Offshore,2026-06-11T21:19:02Z
2026-06-11T21:18:08Z,2026-06-11T23:18:08+0200,4e273271-2dd1-4145-994c-b9bfe17baf4e,2026-05-30T12:45:00Z,2026-05-30T14:45:00+0200,174.67,MW,FR,FR,forecast_offshore_wind_generation,Wind Offshore,2026-06-11T21:19:02Z
2026-06-11T21:18:08Z,2026-06-11T23:18:08+0200,4e273271-2dd1-4145-994c-b9bfe17baf4e,2026-05-30T13:00:00Z,2026-05-30T15:00:00+0200,194.62,MW,FR,FR,forecast_offshore_wind_generation,Wind Offshore,2026-06-11T21:19:02Z
2026-06-11T21:18:08Z,2026-06-11T23:18:08+0200,4e273271-2dd1-4145-994c-b9bfe17baf4e,2026-05-30T13:15:00Z,2026-05-30T15:15:00+0200,460.29999,MW,FR,FR,forecast_offshore_wind_generation,Wind Offshore,2026-06-11T21:19:02Z
2026-06-11T21:18:08Z,2026-06-11T23:18:08+0200,4e273271-2dd1-4145-994c-b9bfe17baf4e,2026-05-30T13:30:00Z,2026-05-30T15:30:00+0200,498.74002,MW,FR,FR,forecast_offshore_wind_generation,Wind Offshore,2026-06-11T21:19:02Z
2026-06-11T21:18:08Z,2026-06-11T23:18:08+0200,4e273271-2dd1-4145-994c-b9bfe17baf4e,2026-05-30T13:45:00Z,2026-05-30T15:45:00+0200,537.17999,MW,FR,FR,forecast_offshore_wind_generation,Wind Offshore,2026-06-11T21:19:02Z
2026-06-11T21:18:08Z,2026-06-11T23:18:08+0200,4e273271-2dd1-4145-994c-b9bfe17baf4e,2026-05-30T14:00:00Z,2026-05-30T16:00:00+0200,575.60992,MW,FR,FR,forecast_offshore_wind_generation,Wind Offshore,2026-06-11T21:19:02Z
2026-06-11T21:18:08Z,2026-06-11T23:18:08+0200,4e273271-2dd1-4145-994c-b9bfe17baf4e,2026-05-30T14:15:00Z,2026-05-30T16:15:00+0200,592.5,MW,FR,FR,forecast_offshore_wind_generation,Wind Offshore,2026-06-11T21:19:02Z
2026-06-11T21:18:08Z,2026-06-11T23:18:08+0200,4e273271-2dd1-4145-994c-b9bfe17baf4e,2026-05-30T14:30:00Z,2026-05-30T16:30:00+0200,609.37,MW,FR,FR,forecast_offshore_wind_generation,Wind Offshore,2026-06-11T21:19:02Z
2026-06-11T21:18:08Z,2026-06-11T23:18:08+0200,4e273271-2dd1-4145-994c-b9bfe17baf4e,2026-05-30T14:45:00Z,2026-05-30T16:45:00+0200,626.22998,MW,FR,FR,forecast_offshore_wind_generation,Wind Offshore,2026-06-11T21:19:02Z
2026-06-11T21:18:08Z,2026-06-11T23:18:08+0200,4e273271-2dd1-4145-994c-b9bfe17baf4e,2026-05-30T15:00:00Z,2026-05-30T17:00:00+0200,643.10999,MW,FR,FR,forecast_offshore_wind_generation,Wind Offshore,2026-06-11T21:19:02Z
2026-06-11T21:18:08Z,2026-06-11T23:18:08+0200,4e273271-2dd1-4145-994c-b9bfe17baf4e,2026-05-30T15:15:00Z,2026-05-30T17:15:00+0200,674.56,MW,FR,FR,forecast_offshore_wind_generation,Wind Offshore,2026-06-11T21:19:02Z
2026-06-11T21:18:08Z,2026-06-11T23:18:08+0200,4e273271-2dd1-4145-994c-b9bfe17baf4e,2026-05-30T15:30:00Z,2026-05-30T17:30:00+0200,706.02997,MW,FR,FR,forecast_offshore_wind_generation,Wind Offshore,2026-06-11T21:19:02Z
2026-06-11T21:18:08Z,2026-06-11T23:18:08+0200,4e273271-2dd1-4145-994c-b9bfe17baf4e,2026-05-30T15:45:00Z,2026-05-30T17:45:00+0200,737.48999,MW,FR,FR,forecast_offshore_wind_generation,Wind Offshore,2026-06-11T21:19:02Z
2026-06-11T21:18:08Z,2026-06-11T23:18:08+0200,4e273271-2dd1-4145-994c-b9bfe17baf4e,2026-05-30T16:00:00Z,2026-05-30T18:00:00+0200,768.94995,MW,FR,FR,forecast_offshore_wind_generation,Wind Offshore,2026-06-11T21:19:02Z
2026-06-11T21:18:08Z,2026-06-11T23:18:08+0200,4e273271-2dd1-4145-994c-b9bfe17baf4e,2026-05-30T16:15:00Z,2026-05-30T18:15:00+0200,815.35999,MW,FR,FR,forecast_offshore_wind_generation,Wind Offshore,2026-06-11T21:19:02Z
2026-06-11T21:18:08Z,2026-06-11T23:18:08+0200,4e273271-2dd1-4145-994c-b9bfe17baf4e,2026-05-30T16:30:00Z,2026-05-30T18:30:00+0200,861.76996,MW,FR,FR,forecast_offshore_wind_generation,Wind Offshore,2026-06-11T21:19:02Z
2026-06-11T21:18:08Z,2026-06-11T23:18:08+0200,4e273271-2dd1-4145-994c-b9bfe17baf4e,2026-05-30T16:45:00Z,2026-05-30T18:45:00+0200,908.18005,MW,FR,FR,forecast_offshore_wind_generation,Wind Offshore,2026-06-11T21:19:02Z
2026-06-11T21:18:08Z,2026-06-11T23:18:08+0200,4e273271-2dd1-4145-994c-b9bfe17baf4e,2026-05-30T17:00:00Z,2026-05-30T19:00:00+0200,954.59998,MW,FR,FR,forecast_offshore_wind_generation,Wind Offshore,2026-06-11T21:19:02Z
2026-06-11T21:18:08Z,2026-06-11T23:18:08+0200,4e273271-2dd1-4145-994c-b9bfe17baf4e,2026-05-30T17:15:00Z,2026-05-30T19:15:00+0200,962.39996,MW,FR,FR,forecast_offshore_wind_generation,Wind Offshore,2026-06-11T21:19:02Z
2026-06-11T21:18:08Z,2026-06-11T23:18:08+0200,4e273271-2dd1-4145-994c-b9bfe17baf4e,2026-05-30T17:30:00Z,2026-05-30T19:30:00+0200,970.20996,MW,FR,FR,forecast_offshore_wind_generation,Wind Offshore,2026-06-11T21:19:02Z
2026-06-11T21:18:08Z,2026-06-11T23:18:08+0200,4e273271-2dd1-4145-994c-b9bfe17baf4e,2026-05-30T17:45:00Z,2026-05-30T19:45:00+0200,978.0,MW,FR,FR,forecast_offshore_wind_generation,Wind Offshore,2026-06-11T21:19:02Z
2026-06-11T21:18:08Z,2026-06-11T23:18:08+0200,4e273271-2dd1-4145-994c-b9bfe17baf4e,2026-05-30T18:00:00Z,2026-05-30T20:00:00+0200,985.81,MW,FR,FR,forecast_offshore_wind_generation,Wind Offshore,2026-06-11T21:19:02Z
2026-06-11T21:18:08Z,2026-06-11T23:18:08+0200,4e273271-2dd1-4145-994c-b9bfe17baf4e,2026-05-30T18:15:00Z,2026-05-30T20:15:00+0200,1022.16003,MW,FR,FR,forecast_offshore_wind_generation,Wind Offshore,2026-06-11T21:19:02Z
2026-06-11T21:18:08Z,2026-06-11T23:18:08+0200,4e273271-2dd1-4145-994c-b9bfe17baf4e,2026-05-30T18:30:00Z,2026-05-30T20:30:00+0200,1058.55005,MW,FR,FR,forecast_offshore_wind_generation,Wind Offshore,2026-06-11T21:19:02Z
2026-06-11T21:18:08Z,2026-06-11T23:18:08+0200,4e273271-2dd1-4145-994c-b9bfe17baf4e,2026-05-30T18:45:00Z,2026-05-30T20:45:00+0200,1094.90002,MW,FR,FR,forecast_offshore_wind_generation,Wind Offshore,2026-06-11T21:19:02Z
2026-06-11T21:18:08Z,2026-06-11T23:18:08+0200,4e273271-2dd1-4145-994c-b9bfe17baf4e,2026-05-30T19:00:00Z,2026-05-30T21:00:00+0200,1131.27991,MW,FR,FR,forecast_offshore_wind_generation,Wind Offshore,2026-06-11T21:19:02Z
2026-06-11T21:18:08Z,2026-06-11T23:18:08+0200,4e273271-2dd1-4145-994c-b9bfe17baf4e,2026-05-30T19:15:00Z,2026-05-30T21:15:00+0200,1084.43005,MW,FR,FR,forecast_offshore_wind_generation,Wind Offshore,2026-06-11T21:19:02Z
2026-06-11T21:18:08Z,2026-06-11T23:18:08+0200,4e273271-2dd1-4145-994c-b9bfe17baf4e,2026-05-30T19:30:00Z,2026-05-30T21:30:00+0200,1037.59998,MW,FR,FR,forecast_offshore_wind_generation,Wind Offshore,2026-06-11T21:19:02Z
2026-06-11T21:18:08Z,2026-06-11T23:18:08+0200,4e273271-2dd1-4145-994c-b9bfe17baf4e,2026-05-30T19:45:00Z,2026-05-30T21:45:00+0200,990.76001,MW,FR,FR,forecast_offshore_wind_generation,Wind Offshore,2026-06-11T21:19:02Z
2026-06-11T21:18:08Z,2026-06-11T23:18:08+0200,4e273271-2dd1-4145-994c-b9bfe17baf4e,2026-05-30T20:00:00Z,2026-05-30T22:00:00+0200,943.91998,MW,FR,FR,forecast_offshore_wind_generation,Wind Offshore,2026-06-11T21:19:02Z
2026-06-11T21:18:08Z,2026-06-11T23:18:08+0200,4e273271-2dd1-4145-994c-b9bfe17baf4e,2026-05-30T20:15:00Z,2026-05-30T22:15:00+0200,906.87,MW,FR,FR,forecast_offshore_wind_generation,Wind Offshore,2026-06-11T21:19:02Z
2026-06-11T21:18:08Z,2026-06-11T23:18:08+0200,4e273271-2dd1-4145-994c-b9bfe17baf4e,2026-05-30T20:30:00Z,2026-05-30T22:30:00+0200,869.79004,MW,FR,FR,forecast_offshore_wind_generation,Wind Offshore,2026-06-11T21:19:02Z
2026-06-11T21:18:08Z,2026-06-11T23:18:08+0200,4e273271-2dd1-4145-994c-b9bfe17baf4e,2026-05-30T20:45:00Z,2026-05-30T22:45:00+0200,832.70996,MW,FR,FR,forecast_offshore_wind_generation,Wind Offshore,2026-06-11T21:19:02Z
2026-06-11T21:18:08Z,2026-06-11T23:18:08+0200,4e273271-2dd1-4145-994c-b9bfe17baf4e,2026-05-30T21:00:00Z,2026-05-30T23:00:00+0200,795.64001,MW,FR,FR,forecast_offshore_wind_generation,Wind Offshore,2026-06-11T21:19:02Z
2026-06-11T21:18:08Z,2026-06-11T23:18:08+0200,4e273271-2dd1-4145-994c-b9bfe17baf4e,2026-05-30T21:15:00Z,2026-05-30T23:15:00+0200,743.23999,MW,FR,FR,forecast_offshore_wind_generation,Wind Offshore,2026-06-11T21:19:02Z
2026-06-11T21:18:08Z,2026-06-11T23:18:08+0200,4e273271-2dd1-4145-994c-b9bfe17baf4e,2026-05-30T21:30:00Z,2026-05-30T23:30:00+0200,690.84003,MW,FR,FR,forecast_offshore_wind_generation,Wind Offshore,2026-06-11T21:19:02Z
2026-06-11T21:18:08Z,2026-06-11T23:18:08+0200,4e273271-2dd1-4145-994c-b9bfe17baf4e,2026-05-30T21:45:00Z,2026-05-30T23:45:00+0200,638.42004,MW,FR,FR,forecast_offshore_wind_generation,Wind Offshore,2026-06-11T21:19:02Z
2026-06-11T21:18:08Z,2026-06-11T23:18:08+0200,4e273271-2dd1-4145-994c-b9bfe17baf4e,2026-05-30T22:00:00Z,2026-05-31T00:00:00+0200,775.47003,MW,FR,FR,forecast_offshore_wind_generation,Wind Offshore,2026-06-11T21:19:02Z
2026-06-11T21:18:08Z,2026-06-11T23:18:08+0200,4e273271-2dd1-4145-994c-b9bfe17baf4e,2026-05-30T22:15:00Z,2026-05-31T00:15:00+0200,735.91003,MW,FR,FR,forecast_offshore_wind_generation,Wind Offshore,2026-06-11T21:19:02Z
2026-06-11T21:18:08Z,2026-06-11T23:18:08+0200,4e273271-2dd1-4145-994c-b9bfe17baf4e,2026-05-30T22:30:00Z,2026-05-31T00:30:00+0200,696.34003,MW,FR,FR,forecast_offshore_wind_generation,Wind Offshore,2026-06-11T21:19:02Z
2026-06-11T21:18:08Z,2026-06-11T23:18:08+0200,4e273271-2dd1-4145-994c-b9bfe17baf4e,2026-05-30T22:45:00Z,2026-05-31T00:45:00+0200,656.79004,MW,FR,FR,forecast_offshore_wind_generation,Wind Offshore,2026-06-11T21:19:02Z
2026-06-11T21:18:08Z,2026-06-11T23:18:08+0200,4e273271-2dd1-4145-994c-b9bfe17baf4e,2026-05-30T23:00:00Z,2026-05-31T01:00:00+0200,617.22998,MW,FR,FR,forecast_offshore_wind_generation,Wind Offshore,2026-06-11T21:19:02Z
2026-06-11T21:18:08Z,2026-06-11T23:18:08+0200,4e273271-2dd1-4145-994c-b9bfe17baf4e,2026-05-30T23:15:00Z,2026-05-31T01:15:00+0200,599.70996,MW,FR,FR,forecast_offshore_wind_generation,Wind Offshore,2026-06-11T21:19:02Z
2026-06-11T21:18:08Z,2026-06-11T23:18:08+0200,4e273271-2dd1-4145-994c-b9bfe17baf4e,2026-05-30T23:30:00Z,2026-05-31T01:30:00+0200,582.20001,MW,FR,FR,forecast_offshore_wind_generation,Wind Offshore,2026-06-11T21:19:02Z
2026-06-11T21:18:08Z,2026-06-11T23:18:08+0200,4e273271-2dd1-4145-994c-b9bfe17baf4e,2026-05-30T23:45:00Z,2026-05-31T01:45:00+0200,564.67999,MW,FR,FR,forecast_offshore_wind_generation,Wind Offshore,2026-06-11T21:19:02Z
2026-06-11T21:18:08Z,2026-06-11T23:18:08+0200,4e273271-2dd1-4145-994c-b9bfe17baf4e,2026-05-31T00:00:00Z,2026-05-31T02:00:00+0200,547.15997,MW,FR,FR,forecast_offshore_wind_generation,Wind Offshore,2026-06-11T21:19:02Z
2026-06-11T21:18:08Z,2026-06-11T23:18:08+0200,4e273271-2dd1-4145-994c-b9bfe17baf4e,2026-05-31T00:15:00Z,2026-05-31T02:15:00+0200,549.87,MW,FR,FR,forecast_offshore_wind_generation,Wind Offshore,2026-06-11T21:19:02Z
2026-06-11T21:18:08Z,2026-06-11T23:18:08+0200,4e273271-2dd1-4145-994c-b9bfe17baf4e,2026-05-31T00:30:00Z,2026-05-31T02:30:00+0200,552.58997,MW,FR,FR,forecast_offshore_wind_generation,Wind Offshore,2026-06-11T21:19:02Z
2026-06-11T21:18:08Z,2026-06-11T23:18:08+0200,4e273271-2dd1-4145-994c-b9bfe17baf4e,2026-05-31T00:45:00Z,2026-05-31T02:45:00+0200,555.28003,MW,FR,FR,forecast_offshore_wind_generation,Wind Offshore,2026-06-11T21:19:02Z
2026-06-11T21:18:08Z,2026-06-11T23:18:08+0200,4e273271-2dd1-4145-994c-b9bfe17baf4e,2026-05-31T01:00:00Z,2026-05-31T03:00:00+0200,557.97998,MW,FR,FR,forecast_offshore_wind_generation,Wind Offshore,2026-06-11T21:19:02Z
2026-06-11T21:18:08Z,2026-06-11T23:18:08+0200,4e273271-2dd1-4145-994c-b9bfe17baf4e,2026-05-31T01:15:00Z,2026-05-31T03:15:00+0200,546.64996,MW,FR,FR,forecast_offshore_wind_generation,Wind Offshore,2026-06-11T21:19:02Z
2026-06-11T21:18:08Z,2026-06-11T23:18:08+0200,4e273271-2dd1-4145-994c-b9bfe17baf4e,2026-05-31T01:30:00Z,2026-05-31T03:30:00+0200,535.31,MW,FR,FR,forecast_offshore_wind_generation,Wind Offshore,2026-06-11T21:19:02Z
2026-06-11T21:18:08Z,2026-06-11T23:18:08+0200,4e273271-2dd1-4145-994c-b9bfe17baf4e,2026-05-31T01:45:00Z,2026-05-31T03:45:00+0200,523.96997,MW,FR,FR,forecast_offshore_wind_generation,Wind Offshore,2026-06-11T21:19:02Z
2026-06-11T21:18:08Z,2026-06-11T23:18:08+0200,4e273271-2dd1-4145-994c-b9bfe17baf4e,2026-05-31T02:00:00Z,2026-05-31T04:00:00+0200,512.63995,MW,FR,FR,forecast_offshore_wind_generation,Wind Offshore,2026-06-11T21:19:02Z
2026-06-11T21:18:08Z,2026-06-11T23:18:08+0200,4e273271-2dd1-4145-994c-b9bfe17baf4e,2026-05-31T02:15:00Z,2026-05-31T04:15:00+0200,516.77997,MW,FR,FR,forecast_offshore_wind_generation,Wind Offshore,2026-06-11T21:19:02Z
2026-06-11T21:18:08Z,2026-06-11T23:18:08+0200,4e273271-2dd1-4145-994c-b9bfe17baf4e,2026-05-31T02:30:00Z,2026-05-31T04:30:00+0200,520.91998,MW,FR,FR,forecast_offshore_wind_generation,Wind Offshore,2026-06-11T21:19:02Z
2026-06-11T21:18:08Z,2026-06-11T23:18:08+0200,4e273271-2dd1-4145-994c-b9bfe17baf4e,2026-05-31T02:45:00Z,2026-05-31T04:45:00+0200,525.05005,MW,FR,FR,forecast_offshore_wind_generation,Wind Offshore,2026-06-11T21:19:02Z
2026-06-11T21:18:08Z,2026-06-11T23:18:08+0200,4e273271-2dd1-4145-994c-b9bfe17baf4e,2026-05-31T03:00:00Z,2026-05-31T05:00:00+0200,529.20001,MW,FR,FR,forecast_offshore_wind_generation,Wind Offshore,2026-06-11T21:19:02Z
2026-06-11T21:18:08Z,2026-06-11T23:18:08+0200,4e273271-2dd1-4145-994c-b9bfe17baf4e,2026-05-31T03:15:00Z,2026-05-31T05:15:00+0200,508.88,MW,FR,FR,forecast_offshore_wind_generation,Wind Offshore,2026-06-11T21:19:02Z
2026-06-11T21:18:08Z,2026-06-11T23:18:08+0200,4e273271-2dd1-4145-994c-b9bfe17baf4e,2026-05-31T03:30:00Z,2026-05-31T05:30:00+0200,488.53998,MW,FR,FR,forecast_offshore_wind_generation,Wind Offshore,2026-06-11T21:19:02Z
2026-06-11T21:18:08Z,2026-06-11T23:18:08+0200,4e273271-2dd1-4145-994c-b9bfe17baf4e,2026-05-31T03:45:00Z,2026-05-31T05:45:00+0200,468.22,MW,FR,FR,forecast_offshore_wind_generation,Wind Offshore,2026-06-11T21:19:02Z
2026-06-11T21:18:08Z,2026-06-11T23:18:08+0200,4e273271-2dd1-4145-994c-b9bfe17baf4e,2026-05-31T04:00:00Z,2026-05-31T06:00:00+0200,447.90002,MW,FR,FR,forecast_offshore_wind_generation,Wind Offshore,2026-06-11T21:19:02Z
2026-06-11T21:18:08Z,2026-06-11T23:18:08+0200,4e273271-2dd1-4145-994c-b9bfe17baf4e,2026-05-31T04:15:00Z,2026-05-31T06:15:00+0200,454.76001,MW,FR,FR,forecast_offshore_wind_generation,Wind Offshore,2026-06-11T21:19:02Z
2026-06-11T21:18:08Z,2026-06-11T23:18:08+0200,4e273271-2dd1-4145-994c-b9bfe17baf4e,2026-05-31T04:30:00Z,2026-05-31T06:30:00+0200,461.60999,MW,FR,FR,forecast_offshore_wind_generation,Wind Offshore,2026-06-11T21:19:02Z
2026-06-11T21:18:08Z,2026-06-11T23:18:08+0200,4e273271-2dd1-4145-994c-b9bfe17baf4e,2026-05-31T04:45:00Z,2026-05-31T06:45:00+0200,468.48001,MW,FR,FR,forecast_offshore_wind_generation,Wind Offshore,2026-06-11T21:19:02Z
2026-06-11T21:18:08Z,2026-06-11T23:18:08+0200,4e273271-2dd1-4145-994c-b9bfe17baf4e,2026-05-31T05:00:00Z,2026-05-31T07:00:00+0200,475.34003,MW,FR,FR,forecast_offshore_wind_generation,Wind Offshore,2026-06-11T21:19:02Z
2026-06-11T21:18:08Z,2026-06-11T23:18:08+0200,4e273271-2dd1-4145-994c-b9bfe17baf4e,2026-05-31T05:15:00Z,2026-05-31T07:15:00+0200,469.03,MW,FR,FR,forecast_offshore_wind_generation,Wind Offshore,2026-06-11T21:19:02Z
2026-06-11T21:18:08Z,2026-06-11T23:18:08+0200,4e273271-2dd1-4145-994c-b9bfe17baf4e,2026-05-31T05:30:00Z,2026-05-31T07:30:00+0200,462.70001,MW,FR,FR,forecast_offshore_wind_generation,Wind Offshore,2026-06-11T21:19:02Z
2026-06-11T21:18:08Z,2026-06-11T23:18:08+0200,4e273271-2dd1-4145-994c-b9bfe17baf4e,2026-05-31T05:45:00Z,2026-05-31T07:45:00+0200,456.38004,MW,FR,FR,forecast_offshore_wind_generation,Wind Offshore,2026-06-11T21:19:02Z
2026-06-11T21:18:08Z,2026-06-11T23:18:08+0200,4e273271-2dd1-4145-994c-b9bfe17baf4e,2026-05-31T06:00:00Z,2026-05-31T08:00:00+0200,450.07001,MW,FR,FR,forecast_offshore_wind_generation,Wind Offshore,2026-06-11T21:19:02Z
2026-06-11T21:18:08Z,2026-06-11T23:18:08+0200,4e273271-2dd1-4145-994c-b9bfe17baf4e,2026-05-31T06:15:00Z,2026-05-31T08:15:00+0200,442.98999,MW,FR,FR,forecast_offshore_wind_generation,Wind Offshore,2026-06-11T21:19:02Z
2026-06-11T21:18:08Z,2026-06-11T23:18:08+0200,4e273271-2dd1-4145-994c-b9bfe17baf4e,2026-05-31T06:30:00Z,2026-05-31T08:30:00+0200,435.95999,MW,FR,FR,forecast_offshore_wind_generation,Wind Offshore,2026-06-11T21:19:02Z
2026-06-11T21:18:08Z,2026-06-11T23:18:08+0200,4e273271-2dd1-4145-994c-b9bfe17baf4e,2026-05-31T06:45:00Z,2026-05-31T08:45:00+0200,428.91,MW,FR,FR,forecast_offshore_wind_generation,Wind Offshore,2026-06-11T21:19:02Z
2026-06-11T21:18:08Z,2026-06-11T23:18:08+0200,4e273271-2dd1-4145-994c-b9bfe17baf4e,2026-05-31T07:00:00Z,2026-05-31T09:00:00+0200,421.85004,MW,FR,FR,forecast_offshore_wind_generation,Wind Offshore,2026-06-11T21:19:02Z
2026-06-11T21:18:08Z,2026-06-11T23:18:08+0200,4e273271-2dd1-4145-994c-b9bfe17baf4e,2026-05-31T07:15:00Z,2026-05-31T09:15:00+0200,401.49002,MW,FR,FR,forecast_offshore_wind_generation,Wind Offshore,2026-06-11T21:19:02Z
2026-06-11T21:18:08Z,2026-06-11T23:18:08+0200,4e273271-2dd1-4145-994c-b9bfe17baf4e,2026-05-31T07:30:00Z,2026-05-31T09:30:00+0200,381.10999,MW,FR,FR,forecast_offshore_wind_generation,Wind Offshore,2026-06-11T21:19:02Z
2026-06-11T21:18:08Z,2026-06-11T23:18:08+0200,4e273271-2dd1-4145-994c-b9bfe17baf4e,2026-05-31T07:45:00Z,2026-05-31T09:45:00+0200,360.76001,MW,FR,FR,forecast_offshore_wind_generation,Wind Offshore,2026-06-11T21:19:02Z
2026-06-11T21:18:08Z,2026-06-11T23:18:08+0200,4e273271-2dd1-4145-994c-b9bfe17baf4e,2026-05-31T08:00:00Z,2026-05-31T10:00:00+0200,340.38,MW,FR,FR,forecast_offshore_wind_generation,Wind Offshore,2026-06-11T21:19:02Z
2026-06-11T21:18:08Z,2026-06-11T23:18:08+0200,4e273271-2dd1-4145-994c-b9bfe17baf4e,2026-05-31T08:15:00Z,2026-05-31T10:15:00+0200,333.13998,MW,FR,FR,forecast_offshore_wind_generation,Wind Offshore,2026-06-11T21:19:02Z
2026-06-11T21:18:08Z,2026-06-11T23:18:08+0200,4e273271-2dd1-4145-994c-b9bfe17baf4e,2026-05-31T08:30:00Z,2026-05-31T10:30:00+0200,325.91,MW,FR,FR,forecast_offshore_wind_generation,Wind Offshore,2026-06-11T21:19:02Z
2026-06-11T21:18:08Z,2026-06-11T23:18:08+0200,4e273271-2dd1-4145-994c-b9bfe17baf4e,2026-05-31T08:45:00Z,2026-05-31T10:45:00+0200,318.66998,MW,FR,FR,forecast_offshore_wind_generation,Wind Offshore,2026-06-11T21:19:02Z
2026-06-11T21:18:08Z,2026-06-11T23:18:08+0200,4e273271-2dd1-4145-994c-b9bfe17baf4e,2026-05-31T09:00:00Z,2026-05-31T11:00:00+0200,311.42999,MW,FR,FR,forecast_offshore_wind_generation,Wind Offshore,2026-06-11T21:19:02Z
2026-06-11T21:18:08Z,2026-06-11T23:18:08+0200,4e273271-2dd1-4145-994c-b9bfe17baf4e,2026-05-31T09:15:00Z,2026-05-31T11:15:00+0200,325.79001,MW,FR,FR,forecast_offshore_wind_generation,Wind Offshore,2026-06-11T21:19:02Z
2026-06-11T21:18:08Z,2026-06-11T23:18:08+0200,4e273271-2dd1-4145-994c-b9bfe17baf4e,2026-05-31T09:30:00Z,2026-05-31T11:30:00+0200,340.14999,MW,FR,FR,forecast_offshore_wind_generation,Wind Offshore,2026-06-11T21:19:02Z
2026-06-11T21:18:08Z,2026-06-11T23:18:08+0200,4e273271-2dd1-4145-994c-b9bfe17baf4e,2026-05-31T09:45:00Z,2026-05-31T11:45:00+0200,354.51001,MW,FR,FR,forecast_offshore_wind_generation,Wind Offshore,2026-06-11T21:19:02Z
2026-06-11T21:18:08Z,2026-06-11T23:18:08+0200,4e273271-2dd1-4145-994c-b9bfe17baf4e,2026-05-31T10:00:00Z,2026-05-31T12:00:00+0200,368.85999,MW,FR,FR,forecast_offshore_wind_generation,Wind Offshore,2026-06-11T21:19:02Z
2026-06-11T21:18:08Z,2026-06-11T23:18:08+0200,4e273271-2dd1-4145-994c-b9bfe17baf4e,2026-05-31T10:15:00Z,2026-05-31T12:15:00+0200,427.71997,MW,FR,FR,forecast_offshore_wind_generation,Wind Offshore,2026-06-11T21:19:02Z
2026-06-11T21:18:08Z,2026-06-11T23:18:08+0200,4e273271-2dd1-4145-994c-b9bfe17baf4e,2026-05-31T10:30:00Z,2026-05-31T12:30:00+0200,486.56,MW,FR,FR,forecast_offshore_wind_generation,Wind Offshore,2026-06-11T21:19:02Z
2026-06-11T21:18:08Z,2026-06-11T23:18:08+0200,4e273271-2dd1-4145-994c-b9bfe17baf4e,2026-05-31T10:45:00Z,2026-05-31T12:45:00+0200,545.41003,MW,FR,FR,forecast_offshore_wind_generation,Wind Offshore,2026-06-11T21:19:02Z
2026-06-11T21:18:08Z,2026-06-11T23:18:08+0200,4e273271-2dd1-4145-994c-b9bfe17baf4e,2026-05-31T11:00:00Z,2026-05-31T13:00:00+0200,604.28003,MW,FR,FR,forecast_offshore_wind_generation,Wind Offshore,2026-06-11T21:19:02Z
2026-06-11T21:18:08Z,2026-06-11T23:18:08+0200,4e273271-2dd1-4145-994c-b9bfe17baf4e,2026-05-31T11:15:00Z,2026-05-31T13:15:00+0200,592.02002,MW,FR,FR,forecast_offshore_wind_generation,Wind Offshore,2026-06-11T21:19:02Z
2026-06-11T21:18:08Z,2026-06-11T23:18:08+0200,4e273271-2dd1-4145-994c-b9bfe17baf4e,2026-05-31T11:30:00Z,2026-05-31T13:30:00+0200,579.78003,MW,FR,FR,forecast_offshore_wind_generation,Wind Offshore,2026-06-11T21:19:02Z
2026-06-11T21:18:08Z,2026-06-11T23:18:08+0200,4e273271-2dd1-4145-994c-b9bfe17baf4e,2026-05-31T11:45:00Z,2026-05-31T13:45:00+0200,567.53003,MW,FR,FR,forecast_offshore_wind_generation,Wind Offshore,2026-06-11T21:19:02Z
2026-06-11T21:18:08Z,2026-06-11T23:18:08+0200,4e273271-2dd1-4145-994c-b9bfe17baf4e,2026-05-31T12:00:00Z,2026-05-31T14:00:00+0200,555.29999,MW,FR,FR,forecast_offshore_wind_generation,Wind Offshore,2026-06-11T21:19:02Z
2026-06-11T21:18:08Z,2026-06-11T23:18:08+0200,4e273271-2dd1-4145-994c-b9bfe17baf4e,2026-05-31T12:15:00Z,2026-05-31T14:15:00+0200,587.87006,MW,FR,FR,forecast_offshore_wind_generation,Wind Offshore,2026-06-11T21:19:02Z
2026-06-11T21:18:08Z,2026-06-11T23:18:08+0200,4e273271-2dd1-4145-994c-b9bfe17baf4e,2026-05-31T12:30:00Z,2026-05-31T14:30:00+0200,620.43994,MW,FR,FR,forecast_offshore_wind_generation,Wind Offshore,2026-06-11T21:19:02Z
2026-06-11T21:18:08Z,2026-06-11T23:18:08+0200,4e273271-2dd1-4145-994c-b9bfe17baf4e,2026-05-31T12:45:00Z,2026-05-31T14:45:00+0200,653.02002,MW,FR,FR,forecast_offshore_wind_generation,Wind Offshore,2026-06-11T21:19:02Z
2026-06-11T21:18:08Z,2026-06-11T23:18:08+0200,4e273271-2dd1-4145-994c-b9bfe17baf4e,2026-05-31T13:00:00Z,2026-05-31T15:00:00+0200,685.58997,MW,FR,FR,forecast_offshore_wind_generation,Wind Offshore,2026-06-11T21:19:02Z
2026-06-11T21:18:08Z,2026-06-11T23:18:08+0200,4e273271-2dd1-4145-994c-b9bfe17baf4e,2026-05-31T13:15:00Z,2026-05-31T15:15:00+0200,686.82996,MW,FR,FR,forecast_offshore_wind_generation,Wind Offshore,2026-06-11T21:19:02Z
2026-06-11T21:18:08Z,2026-06-11T23:18:08+0200,4e273271-2dd1-4145-994c-b9bfe17baf4e,2026-05-31T13:30:00Z,2026-05-31T15:30:00+0200,688.06995,MW,FR,FR,forecast_offshore_wind_generation,Wind Offshore,2026-06-11T21:19:02Z
2026-06-11T21:18:08Z,2026-06-11T23:18:08+0200,4e273271-2dd1-4145-994c-b9bfe17baf4e,2026-05-31T13:45:00Z,2026-05-31T15:45:00+0200,689.29999,MW,FR,FR,forecast_offshore_wind_generation,Wind Offshore,2026-06-11T21:19:02Z
2026-06-11T21:18:08Z,2026-06-11T23:18:08+0200,4e273271-2dd1-4145-994c-b9bfe17baf4e,2026-05-31T14:00:00Z,2026-05-31T16:00:00+0200,690.53998,MW,FR,FR,forecast_offshore_wind_generation,Wind Offshore,2026-06-11T21:19:02Z
2026-06-11T21:18:08Z,2026-06-11T23:18:08+0200,4e273271-2dd1-4145-994c-b9bfe17baf4e,2026-05-31T14:15:00Z,2026-05-31T16:15:00+0200,686.56,MW,FR,FR,forecast_offshore_wind_generation,Wind Offshore,2026-06-11T21:19:02Z
2026-06-11T21:18:08Z,2026-06-11T23:18:08+0200,4e273271-2dd1-4145-994c-b9bfe17baf4e,2026-05-31T14:30:00Z,2026-05-31T16:30:00+0200,682.58997,MW,FR,FR,forecast_offshore_wind_generation,Wind Offshore,2026-06-11T21:19:02Z
2026-06-11T21:18:08Z,2026-06-11T23:18:08+0200,4e273271-2dd1-4145-994c-b9bfe17baf4e,2026-05-31T14:45:00Z,2026-05-31T16:45:00+0200,678.62,MW,FR,FR,forecast_offshore_wind_generation,Wind Offshore,2026-06-11T21:19:02Z
2026-06-11T21:18:08Z,2026-06-11T23:18:08+0200,4e273271-2dd1-4145-994c-b9bfe17baf4e,2026-05-31T15:00:00Z,2026-05-31T17:00:00+0200,674.64996,MW,FR,FR,forecast_offshore_wind_generation,Wind Offshore,2026-06-11T21:19:02Z
2026-06-11T21:18:08Z,2026-06-11T23:18:08+0200,4e273271-2dd1-4145-994c-b9bfe17baf4e,2026-05-31T15:15:00Z,2026-05-31T17:15:00+0200,679.48999,MW,FR,FR,forecast_offshore_wind_generation,Wind Offshore,2026-06-11T21:19:02Z
2026-06-11T21:18:08Z,2026-06-11T23:18:08+0200,4e273271-2dd1-4145-994c-b9bfe17baf4e,2026-05-31T15:30:00Z,2026-05-31T17:30:00+0200,684.34998,MW,FR,FR,forecast_offshore_wind_generation,Wind Offshore,2026-06-11T21:19:02Z
2026-06-11T21:18:08Z,2026-06-11T23:18:08+0200,4e273271-2dd1-4145-994c-b9bfe17baf4e,2026-05-31T15:45:00Z,2026-05-31T17:45:00+0200,689.17993,MW,FR,FR,forecast_offshore_wind_generation,Wind Offshore,2026-06-11T21:19:02Z
2026-06-11T21:18:08Z,2026-06-11T23:18:08+0200,4e273271-2dd1-4145-994c-b9bfe17baf4e,2026-05-31T16:00:00Z,2026-05-31T18:00:00+0200,694.03003,MW,FR,FR,forecast_offshore_wind_generation,Wind Offshore,2026-06-11T21:19:02Z
2026-06-11T21:18:08Z,2026-06-11T23:18:08+0200,4e273271-2dd1-4145-994c-b9bfe17baf4e,2026-05-31T16:15:00Z,2026-05-31T18:15:00+0200,702.29004,MW,FR,FR,forecast_offshore_wind_generation,Wind Offshore,2026-06-11T21:19:02Z
2026-06-11T21:18:08Z,2026-06-11T23:18:08+0200,4e273271-2dd1-4145-994c-b9bfe17baf4e,2026-05-31T16:30:00Z,2026-05-31T18:30:00+0200,710.54999,MW,FR,FR,forecast_offshore_wind_generation,Wind Offshore,2026-06-11T21:19:02Z
2026-06-11T21:18:08Z,2026-06-11T23:18:08+0200,4e273271-2dd1-4145-994c-b9bfe17baf4e,2026-05-31T16:45:00Z,2026-05-31T18:45:00+0200,718.81006,MW,FR,FR,forecast_offshore_wind_generation,Wind Offshore,2026-06-11T21:19:02Z
2026-06-11T21:18:08Z,2026-06-11T23:18:08+0200,4e273271-2dd1-4145-994c-b9bfe17baf4e,2026-05-31T17:00:00Z,2026-05-31T19:00:00+0200,727.07001,MW,FR,FR,forecast_offshore_wind_generation,Wind Offshore,2026-06-11T21:19:02Z
2026-06-11T21:18:08Z,2026-06-11T23:18:08+0200,4e273271-2dd1-4145-994c-b9bfe17baf4e,2026-05-31T17:15:00Z,2026-05-31T19:15:00+0200,756.90002,MW,FR,FR,forecast_offshore_wind_generation,Wind Offshore,2026-06-11T21:19:02Z
2026-06-11T21:18:08Z,2026-06-11T23:18:08+0200,4e273271-2dd1-4145-994c-b9bfe17baf4e,2026-05-31T17:30:00Z,2026-05-31T19:30:00+0200,786.75,MW,FR,FR,forecast_offshore_wind_generation,Wind Offshore,2026-06-11T21:19:02Z
2026-06-11T21:18:08Z,2026-06-11T23:18:08+0200,4e273271-2dd1-4145-994c-b9bfe17baf4e,2026-05-31T17:45:00Z,2026-05-31T19:45:00+0200,816.58002,MW,FR,FR,forecast_offshore_wind_generation,Wind Offshore,2026-06-11T21:19:02Z
2026-06-11T21:18:08Z,2026-06-11T23:18:08+0200,4e273271-2dd1-4145-994c-b9bfe17baf4e,2026-05-31T18:00:00Z,2026-05-31T20:00:00+0200,846.43005,MW,FR,FR,forecast_offshore_wind_generation,Wind Offshore,2026-06-11T21:19:02Z
2026-06-11T21:18:08Z,2026-06-11T23:18:08+0200,4e273271-2dd1-4145-994c-b9bfe17baf4e,2026-05-31T18:15:00Z,2026-05-31T20:15:00+0200,852.28998,MW,FR,FR,forecast_offshore_wind_generation,Wind Offshore,2026-06-11T21:19:02Z
2026-06-11T21:18:08Z,2026-06-11T23:18:08+0200,4e273271-2dd1-4145-994c-b9bfe17baf4e,2026-05-31T18:30:00Z,2026-05-31T20:30:00+0200,858.14001,MW,FR,FR,forecast_offshore_wind_generation,Wind Offshore,2026-06-11T21:19:02Z
2026-06-11T21:18:08Z,2026-06-11T23:18:08+0200,4e273271-2dd1-4145-994c-b9bfe17baf4e,2026-05-31T18:45:00Z,2026-05-31T20:45:00+0200,864.0,MW,FR,FR,forecast_offshore_wind_generation,Wind Offshore,2026-06-11T21:19:02Z
2026-06-11T21:18:08Z,2026-06-11T23:18:08+0200,4e273271-2dd1-4145-994c-b9bfe17baf4e,2026-05-31T19:00:00Z,2026-05-31T21:00:00+0200,869.88,MW,FR,FR,forecast_offshore_wind_generation,Wind Offshore,2026-06-11T21:19:02Z
2026-06-11T21:18:08Z,2026-06-11T23:18:08+0200,4e273271-2dd1-4145-994c-b9bfe17baf4e,2026-05-31T19:15:00Z,2026-05-31T21:15:00+0200,855.83997,MW,FR,FR,forecast_offshore_wind_generation,Wind Offshore,2026-06-11T21:19:02Z
2026-06-11T21:18:08Z,2026-06-11T23:18:08+0200,4e273271-2dd1-4145-994c-b9bfe17baf4e,2026-05-31T19:30:00Z,2026-05-31T21:30:00+0200,841.83002,MW,FR,FR,forecast_offshore_wind_generation,Wind Offshore,2026-06-11T21:19:02Z
2026-06-11T21:18:08Z,2026-06-11T23:18:08+0200,4e273271-2dd1-4145-994c-b9bfe17baf4e,2026-05-31T19:45:00Z,2026-05-31T21:45:00+0200,827.81995,MW,FR,FR,forecast_offshore_wind_generation,Wind Offshore,2026-06-11T21:19:02Z
2026-06-11T21:18:08Z,2026-06-11T23:18:08+0200,4e273271-2dd1-4145-994c-b9bfe17baf4e,2026-05-31T20:00:00Z,2026-05-31T22:00:00+0200,813.79999,MW,FR,FR,forecast_offshore_wind_generation,Wind Offshore,2026-06-11T21:19:02Z
2026-06-11T21:18:08Z,2026-06-11T23:18:08+0200,4e273271-2dd1-4145-994c-b9bfe17baf4e,2026-05-31T20:15:00Z,2026-05-31T22:15:00+0200,801.98999,MW,FR,FR,forecast_offshore_wind_generation,Wind Offshore,2026-06-11T21:19:02Z
2026-06-11T21:18:08Z,2026-06-11T23:18:08+0200,4e273271-2dd1-4145-994c-b9bfe17baf4e,2026-05-31T20:30:00Z,2026-05-31T22:30:00+0200,790.19995,MW,FR,FR,forecast_offshore_wind_generation,Wind Offshore,2026-06-11T21:19:02Z
2026-06-11T21:18:08Z,2026-06-11T23:18:08+0200,4e273271-2dd1-4145-994c-b9bfe17baf4e,2026-05-31T20:45:00Z,2026-05-31T22:45:00+0200,778.38,MW,FR,FR,forecast_offshore_wind_generation,Wind Offshore,2026-06-11T21:19:02Z
2026-06-11T21:18:08Z,2026-06-11T23:18:08+0200,4e273271-2dd1-4145-994c-b9bfe17baf4e,2026-05-31T21:00:00Z,2026-05-31T23:00:00+0200,766.58002,MW,FR,FR,forecast_offshore_wind_generation,Wind Offshore,2026-06-11T21:19:02Z
2026-06-11T21:18:08Z,2026-06-11T23:18:08+0200,4e273271-2dd1-4145-994c-b9bfe17baf4e,2026-05-31T21:15:00Z,2026-05-31T23:15:00+0200,746.29004,MW,FR,FR,forecast_offshore_wind_generation,Wind Offshore,2026-06-11T21:19:02Z
2026-06-11T21:18:08Z,2026-06-11T23:18:08+0200,4e273271-2dd1-4145-994c-b9bfe17baf4e,2026-05-31T21:30:00Z,2026-05-31T23:30:00+0200,726.0,MW,FR,FR,forecast_offshore_wind_generation,Wind Offshore,2026-06-11T21:19:02Z
2026-06-11T21:18:08Z,2026-06-11T23:18:08+0200,4e273271-2dd1-4145-994c-b9bfe17baf4e,2026-05-31T21:45:00Z,2026-05-31T23:45:00+0200,705.73004,MW,FR,FR,forecast_offshore_wind_generation,Wind Offshore,2026-06-11T21:19:02Z
2026-06-11T21:18:08Z,2026-06-11T23:18:08+0200,4e273271-2dd1-4145-994c-b9bfe17baf4e,2026-05-31T22:00:00Z,2026-06-01T00:00:00+0200,518.53003,MW,FR,FR,forecast_offshore_wind_generation,Wind Offshore,2026-06-11T21:19:02Z
2026-06-11T21:18:08Z,2026-06-11T23:18:08+0200,4e273271-2dd1-4145-994c-b9bfe17baf4e,2026-05-31T22:15:00Z,2026-06-01T00:15:00+0200,500.38,MW,FR,FR,forecast_offshore_wind_generation,Wind Offshore,2026-06-11T21:19:02Z
2026-06-11T21:18:08Z,2026-06-11T23:18:08+0200,4e273271-2dd1-4145-994c-b9bfe17baf4e,2026-05-31T22:30:00Z,2026-06-01T00:30:00+0200,482.21997,MW,FR,FR,forecast_offshore_wind_generation,Wind Offshore,2026-06-11T21:19:02Z
2026-06-11T21:18:08Z,2026-06-11T23:18:08+0200,4e273271-2dd1-4145-994c-b9bfe17baf4e,2026-05-31T22:45:00Z,2026-06-01T00:45:00+0200,464.05002,MW,FR,FR,forecast_offshore_wind_generation,Wind Offshore,2026-06-11T21:19:02Z
2026-06-11T21:18:08Z,2026-06-11T23:18:08+0200,4e273271-2dd1-4145-994c-b9bfe17baf4e,2026-05-31T23:00:00Z,2026-06-01T01:00:00+0200,445.89001,MW,FR,FR,forecast_offshore_wind_generation,Wind Offshore,2026-06-11T21:19:02Z
2026-06-11T21:18:08Z,2026-06-11T23:18:08+0200,4e273271-2dd1-4145-994c-b9bfe17baf4e,2026-05-31T23:15:00Z,2026-06-01T01:15:00+0200,430.38998,MW,FR,FR,forecast_offshore_wind_generation,Wind Offshore,2026-06-11T21:19:02Z
2026-06-11T21:18:08Z,2026-06-11T23:18:08+0200,4e273271-2dd1-4145-994c-b9bfe17baf4e,2026-05-31T23:30:00Z,2026-06-01T01:30:00+0200,414.88,MW,FR,FR,forecast_offshore_wind_generation,Wind Offshore,2026-06-11T21:19:02Z
2026-06-11T21:18:08Z,2026-06-11T23:18:08+0200,4e273271-2dd1-4145-994c-b9bfe17baf4e,2026-05-31T23:45:00Z,2026-06-01T01:45:00+0200,399.35999,MW,FR,FR,forecast_offshore_wind_generation,Wind Offshore,2026-06-11T21:19:02Z
2026-06-11T21:18:08Z,2026-06-11T23:18:08+0200,4e273271-2dd1-4145-994c-b9bfe17baf4e,2026-06-01T00:00:00Z,2026-06-01T02:00:00+0200,383.84998,MW,FR,FR,forecast_offshore_wind_generation,Wind Offshore,2026-06-11T21:19:02Z
2026-06-11T21:18:08Z,2026-06-11T23:18:08+0200,4e273271-2dd1-4145-994c-b9bfe17baf4e,2026-06-01T00:15:00Z,2026-06-01T02:15:00+0200,368.63,MW,FR,FR,forecast_offshore_wind_generation,Wind Offshore,2026-06-11T21:19:02Z
2026-06-11T21:18:08Z,2026-06-11T23:18:08+0200,4e273271-2dd1-4145-994c-b9bfe17baf4e,2026-06-01T00:30:00Z,2026-06-01T02:30:00+0200,353.41,MW,FR,FR,forecast_offshore_wind_generation,Wind Offshore,2026-06-11T21:19:02Z
2026-06-11T21:18:08Z,2026-06-11T23:18:08+0200,4e273271-2dd1-4145-994c-b9bfe17baf4e,2026-06-01T00:45:00Z,2026-06-01T02:45:00+0200,338.18997,MW,FR,FR,forecast_offshore_wind_generation,Wind Offshore,2026-06-11T21:19:02Z
2026-06-11T21:18:08Z,2026-06-11T23:18:08+0200,4e273271-2dd1-4145-994c-b9bfe17baf4e,2026-06-01T01:00:00Z,2026-06-01T03:00:00+0200,322.97,MW,FR,FR,forecast_offshore_wind_generation,Wind Offshore,2026-06-11T21:19:02Z
2026-06-11T21:18:08Z,2026-06-11T23:18:08+0200,4e273271-2dd1-4145-994c-b9bfe17baf4e,2026-06-01T01:15:00Z,2026-06-01T03:15:00+0200,315.59,MW,FR,FR,forecast_offshore_wind_generation,Wind Offshore,2026-06-11T21:19:02Z
2026-06-11T21:18:08Z,2026-06-11T23:18:08+0200,4e273271-2dd1-4145-994c-b9bfe17baf4e,2026-06-01T01:30:00Z,2026-06-01T03:30:00+0200,308.20999,MW,FR,FR,forecast_offshore_wind_generation,Wind Offshore,2026-06-11T21:19:02Z
2026-06-11T21:18:08Z,2026-06-11T23:18:08+0200,4e273271-2dd1-4145-994c-b9bfe17baf4e,2026-06-01T01:45:00Z,2026-06-01T03:45:00+0200,300.85001,MW,FR,FR,forecast_offshore_wind_generation,Wind Offshore,2026-06-11T21:19:02Z
2026-06-11T21:18:08Z,2026-06-11T23:18:08+0200,4e273271-2dd1-4145-994c-b9bfe17baf4e,2026-06-01T02:00:00Z,2026-06-01T04:00:00+0200,293.48999,MW,FR,FR,forecast_offshore_wind_generation,Wind Offshore,2026-06-11T21:19:02Z
2026-06-11T21:18:08Z,2026-06-11T23:18:08+0200,4e273271-2dd1-4145-994c-b9bfe17baf4e,2026-06-01T02:15:00Z,2026-06-01T04:15:00+0200,282.25998,MW,FR,FR,forecast_offshore_wind_generation,Wind Offshore,2026-06-11T21:19:02Z
2026-06-11T21:18:08Z,2026-06-11T23:18:08+0200,4e273271-2dd1-4145-994c-b9bfe17baf4e,2026-06-01T02:30:00Z,2026-06-01T04:30:00+0200,271.05002,MW,FR,FR,forecast_offshore_wind_generation,Wind Offshore,2026-06-11T21:19:02Z
2026-06-11T21:18:08Z,2026-06-11T23:18:08+0200,4e273271-2dd1-4145-994c-b9bfe17baf4e,2026-06-01T02:45:00Z,2026-06-01T04:45:00+0200,259.84,MW,FR,FR,forecast_offshore_wind_generation,Wind Offshore,2026-06-11T21:19:02Z
2026-06-11T21:18:08Z,2026-06-11T23:18:08+0200,4e273271-2dd1-4145-994c-b9bfe17baf4e,2026-06-01T03:00:00Z,2026-06-01T05:00:00+0200,248.65002,MW,FR,FR,forecast_offshore_wind_generation,Wind Offshore,2026-06-11T21:19:02Z
2026-06-11T21:18:08Z,2026-06-11T23:18:08+0200,4e273271-2dd1-4145-994c-b9bfe17baf4e,2026-06-01T03:15:00Z,2026-06-01T05:15:00+0200,244.42001,MW,FR,FR,forecast_offshore_wind_generation,Wind Offshore,2026-06-11T21:19:02Z
2026-06-11T21:18:08Z,2026-06-11T23:18:08+0200,4e273271-2dd1-4145-994c-b9bfe17baf4e,2026-06-01T03:30:00Z,2026-06-01T05:30:00+0200,240.17,MW,FR,FR,forecast_offshore_wind_generation,Wind Offshore,2026-06-11T21:19:02Z
2026-06-11T21:18:08Z,2026-06-11T23:18:08+0200,4e273271-2dd1-4145-994c-b9bfe17baf4e,2026-06-01T03:45:00Z,2026-06-01T05:45:00+0200,235.97,MW,FR,FR,forecast_offshore_wind_generation,Wind Offshore,2026-06-11T21:19:02Z
2026-06-11T21:18:08Z,2026-06-11T23:18:08+0200,4e273271-2dd1-4145-994c-b9bfe17baf4e,2026-06-01T04:00:00Z,2026-06-01T06:00:00+0200,231.73999,MW,FR,FR,forecast_offshore_wind_generation,Wind Offshore,2026-06-11T21:19:02Z
2026-06-11T21:18:08Z,2026-06-11T23:18:08+0200,4e273271-2dd1-4145-994c-b9bfe17baf4e,2026-06-01T04:15:00Z,2026-06-01T06:15:00+0200,227.78,MW,FR,FR,forecast_offshore_wind_generation,Wind Offshore,2026-06-11T21:19:02Z
2026-06-11T21:18:08Z,2026-06-11T23:18:08+0200,4e273271-2dd1-4145-994c-b9bfe17baf4e,2026-06-01T04:30:00Z,2026-06-01T06:30:00+0200,223.79999,MW,FR,FR,forecast_offshore_wind_generation,Wind Offshore,2026-06-11T21:19:02Z
2026-06-11T21:18:08Z,2026-06-11T23:18:08+0200,4e273271-2dd1-4145-994c-b9bfe17baf4e,2026-06-01T04:45:00Z,2026-06-01T06:45:00+0200,219.84,MW,FR,FR,forecast_offshore_wind_generation,Wind Offshore,2026-06-11T21:19:02Z
2026-06-11T21:18:08Z,2026-06-11T23:18:08+0200,4e273271-2dd1-4145-994c-b9bfe17baf4e,2026-06-01T05:00:00Z,2026-06-01T07:00:00+0200,215.89999,MW,FR,FR,forecast_offshore_wind_generation,Wind Offshore,2026-06-11T21:19:02Z
2026-06-11T21:18:08Z,2026-06-11T23:18:08+0200,4e273271-2dd1-4145-994c-b9bfe17baf4e,2026-06-01T05:15:00Z,2026-06-01T07:15:00+0200,209.92,MW,FR,FR,forecast_offshore_wind_generation,Wind Offshore,2026-06-11T21:19:02Z
2026-06-11T21:18:08Z,2026-06-11T23:18:08+0200,4e273271-2dd1-4145-994c-b9bfe17baf4e,2026-06-01T05:30:00Z,2026-06-01T07:30:00+0200,203.97,MW,FR,FR,forecast_offshore_wind_generation,Wind Offshore,2026-06-11T21:19:02Z
2026-06-11T21:18:08Z,2026-06-11T23:18:08+0200,4e273271-2dd1-4145-994c-b9bfe17baf4e,2026-06-01T05:45:00Z,2026-06-01T07:45:00+0200,198.00999,MW,FR,FR,forecast_offshore_wind_generation,Wind Offshore,2026-06-11T21:19:02Z
2026-06-11T21:18:08Z,2026-06-11T23:18:08+0200,4e273271-2dd1-4145-994c-b9bfe17baf4e,2026-06-01T06:00:00Z,2026-06-01T08:00:00+0200,192.05,MW,FR,FR,forecast_offshore_wind_generation,Wind Offshore,2026-06-11T21:19:02Z
2026-06-11T21:18:08Z,2026-06-11T23:18:08+0200,4e273271-2dd1-4145-994c-b9bfe17baf4e,2026-06-01T06:15:00Z,2026-06-01T08:15:00+0200,188.53,MW,FR,FR,forecast_offshore_wind_generation,Wind Offshore,2026-06-11T21:19:02Z
2026-06-11T21:18:08Z,2026-06-11T23:18:08+0200,4e273271-2dd1-4145-994c-b9bfe17baf4e,2026-06-01T06:30:00Z,2026-06-01T08:30:00+0200,185.02,MW,FR,FR,forecast_offshore_wind_generation,Wind Offshore,2026-06-11T21:19:02Z
2026-06-11T21:18:08Z,2026-06-11T23:18:08+0200,4e273271-2dd1-4145-994c-b9bfe17baf4e,2026-06-01T06:45:00Z,2026-06-01T08:45:00+0200,181.51001,MW,FR,FR,forecast_offshore_wind_generation,Wind Offshore,2026-06-11T21:19:02Z
2026-06-11T21:18:08Z,2026-06-11T23:18:08+0200,4e273271-2dd1-4145-994c-b9bfe17baf4e,2026-06-01T07:00:00Z,2026-06-01T09:00:00+0200,178.01001,MW,FR,FR,forecast_offshore_wind_generation,Wind Offshore,2026-06-11T21:19:02Z
2026-06-11T21:18:08Z,2026-06-11T23:18:08+0200,4e273271-2dd1-4145-994c-b9bfe17baf4e,2026-06-01T07:15:00Z,2026-06-01T09:15:00+0200,172.64999,MW,FR,FR,forecast_offshore_wind_generation,Wind Offshore,2026-06-11T21:19:02Z
2026-06-11T21:18:08Z,2026-06-11T23:18:08+0200,4e273271-2dd1-4145-994c-b9bfe17baf4e,2026-06-01T07:30:00Z,2026-06-01T09:30:00+0200,167.30002,MW,FR,FR,forecast_offshore_wind_generation,Wind Offshore,2026-06-11T21:19:02Z
2026-06-11T21:18:08Z,2026-06-11T23:18:08+0200,4e273271-2dd1-4145-994c-b9bfe17baf4e,2026-06-01T07:45:00Z,2026-06-01T09:45:00+0200,161.95999,MW,FR,FR,forecast_offshore_wind_generation,Wind Offshore,2026-06-11T21:19:02Z
2026-06-11T21:18:08Z,2026-06-11T23:18:08+0200,4e273271-2dd1-4145-994c-b9bfe17baf4e,2026-06-01T08:00:00Z,2026-06-01T10:00:00+0200,156.61,MW,FR,FR,forecast_offshore_wind_generation,Wind Offshore,2026-06-11T21:19:02Z
2026-06-11T21:18:08Z,2026-06-11T23:18:08+0200,4e273271-2dd1-4145-994c-b9bfe17baf4e,2026-06-01T08:15:00Z,2026-06-01T10:15:00+0200,153.10001,MW,FR,FR,forecast_offshore_wind_generation,Wind Offshore,2026-06-11T21:19:02Z
2026-06-11T21:18:08Z,2026-06-11T23:18:08+0200,4e273271-2dd1-4145-994c-b9bfe17baf4e,2026-06-01T08:30:00Z,2026-06-01T10:30:00+0200,149.57001,MW,FR,FR,forecast_offshore_wind_generation,Wind Offshore,2026-06-11T21:19:02Z
2026-06-11T21:18:08Z,2026-06-11T23:18:08+0200,4e273271-2dd1-4145-994c-b9bfe17baf4e,2026-06-01T08:45:00Z,2026-06-01T10:45:00+0200,146.04001,MW,FR,FR,forecast_offshore_wind_generation,Wind Offshore,2026-06-11T21:19:02Z
2026-06-11T21:18:08Z,2026-06-11T23:18:08+0200,4e273271-2dd1-4145-994c-b9bfe17baf4e,2026-06-01T09:00:00Z,2026-06-01T11:00:00+0200,142.53,MW,FR,FR,forecast_offshore_wind_generation,Wind Offshore,2026-06-11T21:19:02Z
2026-06-11T21:18:08Z,2026-06-11T23:18:08+0200,4e273271-2dd1-4145-994c-b9bfe17baf4e,2026-06-01T09:15:00Z,2026-06-01T11:15:00+0200,146.95999,MW,FR,FR,forecast_offshore_wind_generation,Wind Offshore,2026-06-11T21:19:02Z
2026-06-11T21:18:08Z,2026-06-11T23:18:08+0200,4e273271-2dd1-4145-994c-b9bfe17baf4e,2026-06-01T09:30:00Z,2026-06-01T11:30:00+0200,151.38,MW,FR,FR,forecast_offshore_wind_generation,Wind Offshore,2026-06-11T21:19:02Z
2026-06-11T21:18:08Z,2026-06-11T23:18:08+0200,4e273271-2dd1-4145-994c-b9bfe17baf4e,2026-06-01T09:45:00Z,2026-06-01T11:45:00+0200,155.81,MW,FR,FR,forecast_offshore_wind_generation,Wind Offshore,2026-06-11T21:19:02Z
2026-06-11T21:18:08Z,2026-06-11T23:18:08+0200,4e273271-2dd1-4145-994c-b9bfe17baf4e,2026-06-01T10:00:00Z,2026-06-01T12:00:00+0200,160.23,MW,FR,FR,forecast_offshore_wind_generation,Wind Offshore,2026-06-11T21:19:02Z
2026-06-11T21:18:08Z,2026-06-11T23:18:08+0200,4e273271-2dd1-4145-994c-b9bfe17baf4e,2026-06-01T10:15:00Z,2026-06-01T12:15:00+0200,165.98001,MW,FR,FR,forecast_offshore_wind_generation,Wind Offshore,2026-06-11T21:19:02Z
2026-06-11T21:18:08Z,2026-06-11T23:18:08+0200,4e273271-2dd1-4145-994c-b9bfe17baf4e,2026-06-01T10:30:00Z,2026-06-01T12:30:00+0200,171.72,MW,FR,FR,forecast_offshore_wind_generation,Wind Offshore,2026-06-11T21:19:02Z
2026-06-11T21:18:08Z,2026-06-11T23:18:08+0200,4e273271-2dd1-4145-994c-b9bfe17baf4e,2026-06-01T10:45:00Z,2026-06-01T12:45:00+0200,177.45999,MW,FR,FR,forecast_offshore_wind_generation,Wind Offshore,2026-06-11T21:19:02Z
2026-06-11T21:18:08Z,2026-06-11T23:18:08+0200,4e273271-2dd1-4145-994c-b9bfe17baf4e,2026-06-01T11:00:00Z,2026-06-01T13:00:00+0200,183.2,MW,FR,FR,forecast_offshore_wind_generation,Wind Offshore,2026-06-11T21:19:02Z
2026-06-11T21:18:08Z,2026-06-11T23:18:08+0200,4e273271-2dd1-4145-994c-b9bfe17baf4e,2026-06-01T11:15:00Z,2026-06-01T13:15:00+0200,180.67,MW,FR,FR,forecast_offshore_wind_generation,Wind Offshore,2026-06-11T21:19:02Z
2026-06-11T21:18:08Z,2026-06-11T23:18:08+0200,4e273271-2dd1-4145-994c-b9bfe17baf4e,2026-06-01T11:30:00Z,2026-06-01T13:30:00+0200,178.14999,MW,FR,FR,forecast_offshore_wind_generation,Wind Offshore,2026-06-11T21:19:02Z
2026-06-11T21:18:08Z,2026-06-11T23:18:08+0200,4e273271-2dd1-4145-994c-b9bfe17baf4e,2026-06-01T11:45:00Z,2026-06-01T13:45:00+0200,175.62,MW,FR,FR,forecast_offshore_wind_generation,Wind Offshore,2026-06-11T21:19:02Z
2026-06-11T21:18:08Z,2026-06-11T23:18:08+0200,4e273271-2dd1-4145-994c-b9bfe17baf4e,2026-06-01T12:00:00Z,2026-06-01T14:00:00+0200,173.09,MW,FR,FR,forecast_offshore_wind_generation,Wind Offshore,2026-06-11T21:19:02Z
2026-06-11T21:18:08Z,2026-06-11T23:18:08+0200,4e273271-2dd1-4145-994c-b9bfe17baf4e,2026-06-01T12:15:00Z,2026-06-01T14:15:00+0200,182.53,MW,FR,FR,forecast_offshore_wind_generation,Wind Offshore,2026-06-11T21:19:02Z
2026-06-11T21:18:08Z,2026-06-11T23:18:08+0200,4e273271-2dd1-4145-994c-b9bfe17baf4e,2026-06-01T12:30:00Z,2026-06-01T14:30:00+0200,191.98999,MW,FR,FR,forecast_offshore_wind_generation,Wind Offshore,2026-06-11T21:19:02Z
2026-06-11T21:18:08Z,2026-06-11T23:18:08+0200,4e273271-2dd1-4145-994c-b9bfe17baf4e,2026-06-01T12:45:00Z,2026-06-01T14:45:00+0200,201.42,MW,FR,FR,forecast_offshore_wind_generation,Wind Offshore,2026-06-11T21:19:02Z
2026-06-11T21:18:08Z,2026-06-11T23:18:08+0200,4e273271-2dd1-4145-994c-b9bfe17baf4e,2026-06-01T13:00:00Z,2026-06-01T15:00:00+0200,210.84,MW,FR,FR,forecast_offshore_wind_generation,Wind Offshore,2026-06-11T21:19:02Z
2026-06-11T21:18:08Z,2026-06-11T23:18:08+0200,4e273271-2dd1-4145-994c-b9bfe17baf4e,2026-06-01T13:15:00Z,2026-06-01T15:15:00+0200,227.94,MW,FR,FR,forecast_offshore_wind_generation,Wind Offshore,2026-06-11T21:19:02Z
2026-06-11T21:18:08Z,2026-06-11T23:18:08+0200,4e273271-2dd1-4145-994c-b9bfe17baf4e,2026-06-01T13:30:00Z,2026-06-01T15:30:00+0200,245.03,MW,FR,FR,forecast_offshore_wind_generation,Wind Offshore,2026-06-11T21:19:02Z
2026-06-11T21:18:08Z,2026-06-11T23:18:08+0200,4e273271-2dd1-4145-994c-b9bfe17baf4e,2026-06-01T13:45:00Z,2026-06-01T15:45:00+0200,262.12,MW,FR,FR,forecast_offshore_wind_generation,Wind Offshore,2026-06-11T21:19:02Z
2026-06-11T21:18:08Z,2026-06-11T23:18:08+0200,4e273271-2dd1-4145-994c-b9bfe17baf4e,2026-06-01T14:00:00Z,2026-06-01T16:00:00+0200,279.20001,MW,FR,FR,forecast_offshore_wind_generation,Wind Offshore,2026-06-11T21:19:02Z
2026-06-11T21:18:08Z,2026-06-11T23:18:08+0200,4e273271-2dd1-4145-994c-b9bfe17baf4e,2026-06-01T14:15:00Z,2026-06-01T16:15:00+0200,278.28,MW,FR,FR,forecast_offshore_wind_generation,Wind Offshore,2026-06-11T21:19:02Z
2026-06-11T21:18:08Z,2026-06-11T23:18:08+0200,4e273271-2dd1-4145-994c-b9bfe17baf4e,2026-06-01T14:30:00Z,2026-06-01T16:30:00+0200,277.38,MW,FR,FR,forecast_offshore_wind_generation,Wind Offshore,2026-06-11T21:19:02Z
2026-06-11T21:18:08Z,2026-06-11T23:18:08+0200,4e273271-2dd1-4145-994c-b9bfe17baf4e,2026-06-01T14:45:00Z,2026-06-01T16:45:00+0200,276.45999,MW,FR,FR,forecast_offshore_wind_generation,Wind Offshore,2026-06-11T21:19:02Z
2026-06-11T21:18:08Z,2026-06-11T23:18:08+0200,4e273271-2dd1-4145-994c-b9bfe17baf4e,2026-06-01T15:00:00Z,2026-06-01T17:00:00+0200,275.54001,MW,FR,FR,forecast_offshore_wind_generation,Wind Offshore,2026-06-11T21:19:02Z
2026-06-11T21:18:08Z,2026-06-11T23:18:08+0200,4e273271-2dd1-4145-994c-b9bfe17baf4e,2026-06-01T15:15:00Z,2026-06-01T17:15:00+0200,259.48999,MW,FR,FR,forecast_offshore_wind_generation,Wind Offshore,2026-06-11T21:19:02Z
2026-06-11T21:18:08Z,2026-06-11T23:18:08+0200,4e273271-2dd1-4145-994c-b9bfe17baf4e,2026-06-01T15:30:00Z,2026-06-01T17:30:00+0200,243.41,MW,FR,FR,forecast_offshore_wind_generation,Wind Offshore,2026-06-11T21:19:02Z
2026-06-11T21:18:08Z,2026-06-11T23:18:08+0200,4e273271-2dd1-4145-994c-b9bfe17baf4e,2026-06-01T15:45:00Z,2026-06-01T17:45:00+0200,227.35001,MW,FR,FR,forecast_offshore_wind_generation,Wind Offshore,2026-06-11T21:19:02Z
2026-06-11T21:18:08Z,2026-06-11T23:18:08+0200,4e273271-2dd1-4145-994c-b9bfe17baf4e,2026-06-01T16:00:00Z,2026-06-01T18:00:00+0200,211.27,MW,FR,FR,forecast_offshore_wind_generation,Wind Offshore,2026-06-11T21:19:02Z
2026-06-11T21:18:08Z,2026-06-11T23:18:08+0200,4e273271-2dd1-4145-994c-b9bfe17baf4e,2026-06-01T16:15:00Z,2026-06-01T18:15:00+0200,216.63998,MW,FR,FR,forecast_offshore_wind_generation,Wind Offshore,2026-06-11T21:19:02Z
2026-06-11T21:18:08Z,2026-06-11T23:18:08+0200,4e273271-2dd1-4145-994c-b9bfe17baf4e,2026-06-01T16:30:00Z,2026-06-01T18:30:00+0200,221.98999,MW,FR,FR,forecast_offshore_wind_generation,Wind Offshore,2026-06-11T21:19:02Z
2026-06-11T21:18:08Z,2026-06-11T23:18:08+0200,4e273271-2dd1-4145-994c-b9bfe17baf4e,2026-06-01T16:45:00Z,2026-06-01T18:45:00+0200,227.35999,MW,FR,FR,forecast_offshore_wind_generation,Wind Offshore,2026-06-11T21:19:02Z
2026-06-11T21:18:08Z,2026-06-11T23:18:08+0200,4e273271-2dd1-4145-994c-b9bfe17baf4e,2026-06-01T17:00:00Z,2026-06-01T19:00:00+0200,232.73001,MW,FR,FR,forecast_offshore_wind_generation,Wind Offshore,2026-06-11T21:19:02Z
2026-06-11T21:18:08Z,2026-06-11T23:18:08+0200,4e273271-2dd1-4145-994c-b9bfe17baf4e,2026-06-01T17:15:00Z,2026-06-01T19:15:00+0200,227.77002,MW,FR,FR,forecast_offshore_wind_generation,Wind Offshore,2026-06-11T21:19:02Z
2026-06-11T21:18:08Z,2026-06-11T23:18:08+0200,4e273271-2dd1-4145-994c-b9bfe17baf4e,2026-06-01T17:30:00Z,2026-06-01T19:30:00+0200,222.8,MW,FR,FR,forecast_offshore_wind_generation,Wind Offshore,2026-06-11T21:19:02Z
2026-06-11T21:18:08Z,2026-06-11T23:18:08+0200,4e273271-2dd1-4145-994c-b9bfe17baf4e,2026-06-01T17:45:00Z,2026-06-01T19:45:00+0200,217.86002,MW,FR,FR,forecast_offshore_wind_generation,Wind Offshore,2026-06-11T21:19:02Z
2026-06-11T21:18:08Z,2026-06-11T23:18:08+0200,4e273271-2dd1-4145-994c-b9bfe17baf4e,2026-06-01T18:00:00Z,2026-06-01T20:00:00+0200,212.88998,MW,FR,FR,forecast_offshore_wind_generation,Wind Offshore,2026-06-11T21:19:02Z
2026-06-11T21:18:08Z,2026-06-11T23:18:08+0200,4e273271-2dd1-4145-994c-b9bfe17baf4e,2026-06-01T18:15:00Z,2026-06-01T20:15:00+0200,253.34,MW,FR,FR,forecast_offshore_wind_generation,Wind Offshore,2026-06-11T21:19:02Z
2026-06-11T21:18:08Z,2026-06-11T23:18:08+0200,4e273271-2dd1-4145-994c-b9bfe17baf4e,2026-06-01T18:30:00Z,2026-06-01T20:30:00+0200,293.78003,MW,FR,FR,forecast_offshore_wind_generation,Wind Offshore,2026-06-11T21:19:02Z
2026-06-11T21:18:08Z,2026-06-11T23:18:08+0200,4e273271-2dd1-4145-994c-b9bfe17baf4e,2026-06-01T18:45:00Z,2026-06-01T20:45:00+0200,334.24002,MW,FR,FR,forecast_offshore_wind_generation,Wind Offshore,2026-06-11T21:19:02Z
2026-06-11T21:18:08Z,2026-06-11T23:18:08+0200,4e273271-2dd1-4145-994c-b9bfe17baf4e,2026-06-01T19:00:00Z,2026-06-01T21:00:00+0200,374.69,MW,FR,FR,forecast_offshore_wind_generation,Wind Offshore,2026-06-11T21:19:02Z
2026-06-11T21:18:08Z,2026-06-11T23:18:08+0200,4e273271-2dd1-4145-994c-b9bfe17baf4e,2026-06-01T19:15:00Z,2026-06-01T21:15:00+0200,370.01001,MW,FR,FR,forecast_offshore_wind_generation,Wind Offshore,2026-06-11T21:19:02Z
2026-06-11T21:18:08Z,2026-06-11T23:18:08+0200,4e273271-2dd1-4145-994c-b9bfe17baf4e,2026-06-01T19:30:00Z,2026-06-01T21:30:00+0200,365.34,MW,FR,FR,forecast_offshore_wind_generation,Wind Offshore,2026-06-11T21:19:02Z
2026-06-11T21:18:08Z,2026-06-11T23:18:08+0200,4e273271-2dd1-4145-994c-b9bfe17baf4e,2026-06-01T19:45:00Z,2026-06-01T21:45:00+0200,360.67001,MW,FR,FR,forecast_offshore_wind_generation,Wind Offshore,2026-06-11T21:19:02Z
2026-06-11T21:18:08Z,2026-06-11T23:18:08+0200,4e273271-2dd1-4145-994c-b9bfe17baf4e,2026-06-01T20:00:00Z,2026-06-01T22:00:00+0200,356.01001,MW,FR,FR,forecast_offshore_wind_generation,Wind Offshore,2026-06-11T21:19:02Z
2026-06-11T21:18:08Z,2026-06-11T23:18:08+0200,4e273271-2dd1-4145-994c-b9bfe17baf4e,2026-06-01T20:15:00Z,2026-06-01T22:15:00+0200,385.58002,MW,FR,FR,forecast_offshore_wind_generation,Wind Offshore,2026-06-11T21:19:02Z
2026-06-11T21:18:08Z,2026-06-11T23:18:08+0200,4e273271-2dd1-4145-994c-b9bfe17baf4e,2026-06-01T20:30:00Z,2026-06-01T22:30:00+0200,415.16,MW,FR,FR,forecast_offshore_wind_generation,Wind Offshore,2026-06-11T21:19:02Z
2026-06-11T21:18:08Z,2026-06-11T23:18:08+0200,4e273271-2dd1-4145-994c-b9bfe17baf4e,2026-06-01T20:45:00Z,2026-06-01T22:45:00+0200,444.75,MW,FR,FR,forecast_offshore_wind_generation,Wind Offshore,2026-06-11T21:19:02Z
2026-06-11T21:18:08Z,2026-06-11T23:18:08+0200,4e273271-2dd1-4145-994c-b9bfe17baf4e,2026-06-01T21:00:00Z,2026-06-01T23:00:00+0200,474.33002,MW,FR,FR,forecast_offshore_wind_generation,Wind Offshore,2026-06-11T21:19:02Z
2026-06-11T21:18:08Z,2026-06-11T23:18:08+0200,4e273271-2dd1-4145-994c-b9bfe17baf4e,2026-06-01T21:15:00Z,2026-06-01T23:15:00+0200,484.38,MW,FR,FR,forecast_offshore_wind_generation,Wind Offshore,2026-06-11T21:19:02Z
2026-06-11T21:18:08Z,2026-06-11T23:18:08+0200,4e273271-2dd1-4145-994c-b9bfe17baf4e,2026-06-01T21:30:00Z,2026-06-01T23:30:00+0200,494.41998,MW,FR,FR,forecast_offshore_wind_generation,Wind Offshore,2026-06-11T21:19:02Z
2026-06-11T21:18:08Z,2026-06-11T23:18:08+0200,4e273271-2dd1-4145-994c-b9bfe17baf4e,2026-06-01T21:45:00Z,2026-06-01T23:45:00+0200,504.47,MW,FR,FR,forecast_offshore_wind_generation,Wind Offshore,2026-06-11T21:19:02Z
2026-06-11T21:18:08Z,2026-06-11T23:18:08+0200,4e273271-2dd1-4145-994c-b9bfe17baf4e,2026-06-01T22:00:00Z,2026-06-02T00:00:00+0200,733.46002,MW,FR,FR,forecast_offshore_wind_generation,Wind Offshore,2026-06-11T21:19:02Z
2026-06-11T21:18:08Z,2026-06-11T23:18:08+0200,4e273271-2dd1-4145-994c-b9bfe17baf4e,2026-06-01T22:15:00Z,2026-06-02T00:15:00+0200,772.53998,MW,FR,FR,forecast_offshore_wind_generation,Wind Offshore,2026-06-11T21:19:02Z
2026-06-11T21:18:08Z,2026-06-11T23:18:08+0200,4e273271-2dd1-4145-994c-b9bfe17baf4e,2026-06-01T22:30:00Z,2026-06-02T00:30:00+0200,811.59998,MW,FR,FR,forecast_offshore_wind_generation,Wind Offshore,2026-06-11T21:19:02Z
2026-06-11T21:18:08Z,2026-06-11T23:18:08+0200,4e273271-2dd1-4145-994c-b9bfe17baf4e,2026-06-01T22:45:00Z,2026-06-02T00:45:00+0200,850.62,MW,FR,FR,forecast_offshore_wind_generation,Wind Offshore,2026-06-11T21:19:02Z
2026-06-11T21:18:08Z,2026-06-11T23:18:08+0200,4e273271-2dd1-4145-994c-b9bfe17baf4e,2026-06-01T23:00:00Z,2026-06-02T01:00:00+0200,889.63007,MW,FR,FR,forecast_offshore_wind_generation,Wind Offshore,2026-06-11T21:19:02Z
2026-06-11T21:18:08Z,2026-06-11T23:18:08+0200,4e273271-2dd1-4145-994c-b9bfe17baf4e,2026-06-01T23:15:00Z,2026-06-02T01:15:00+0200,935.14001,MW,FR,FR,forecast_offshore_wind_generation,Wind Offshore,2026-06-11T21:19:02Z
2026-06-11T21:18:08Z,2026-06-11T23:18:08+0200,4e273271-2dd1-4145-994c-b9bfe17baf4e,2026-06-01T23:30:00Z,2026-06-02T01:30:00+0200,980.62,MW,FR,FR,forecast_offshore_wind_generation,Wind Offshore,2026-06-11T21:19:02Z
2026-06-11T21:18:08Z,2026-06-11T23:18:08+0200,4e273271-2dd1-4145-994c-b9bfe17baf4e,2026-06-01T23:45:00Z,2026-06-02T01:45:00+0200,1026.13,MW,FR,FR,forecast_offshore_wind_generation,Wind Offshore,2026-06-11T21:19:02Z
2026-06-11T21:18:08Z,2026-06-11T23:18:08+0200,4e273271-2dd1-4145-994c-b9bfe17baf4e,2026-06-02T00:00:00Z,2026-06-02T02:00:00+0200,1071.63,MW,FR,FR,forecast_offshore_wind_generation,Wind Offshore,2026-06-11T21:19:02Z
2026-06-11T21:18:08Z,2026-06-11T23:18:08+0200,4e273271-2dd1-4145-994c-b9bfe17baf4e,2026-06-02T00:15:00Z,2026-06-02T02:15:00+0200,1113.32996,MW,FR,FR,forecast_offshore_wind_generation,Wind Offshore,2026-06-11T21:19:02Z
2026-06-11T21:18:08Z,2026-06-11T23:18:08+0200,4e273271-2dd1-4145-994c-b9bfe17baf4e,2026-06-02T00:30:00Z,2026-06-02T02:30:00+0200,1155.02002,MW,FR,FR,forecast_offshore_wind_generation,Wind Offshore,2026-06-11T21:19:02Z
2026-06-11T21:18:08Z,2026-06-11T23:18:08+0200,4e273271-2dd1-4145-994c-b9bfe17baf4e,2026-06-02T00:45:00Z,2026-06-02T02:45:00+0200,1196.73999,MW,FR,FR,forecast_offshore_wind_generation,Wind Offshore,2026-06-11T21:19:02Z
2026-06-11T21:18:08Z,2026-06-11T23:18:08+0200,4e273271-2dd1-4145-994c-b9bfe17baf4e,2026-06-02T01:00:00Z,2026-06-02T03:00:00+0200,1238.42993,MW,FR,FR,forecast_offshore_wind_generation,Wind Offshore,2026-06-11T21:19:02Z
2026-06-11T21:18:08Z,2026-06-11T23:18:08+0200,4e273271-2dd1-4145-994c-b9bfe17baf4e,2026-06-02T01:15:00Z,2026-06-02T03:15:00+0200,1217.23999,MW,FR,FR,forecast_offshore_wind_generation,Wind Offshore,2026-06-11T21:19:02Z
2026-06-11T21:18:08Z,2026-06-11T23:18:08+0200,4e273271-2dd1-4145-994c-b9bfe17baf4e,2026-06-02T01:30:00Z,2026-06-02T03:30:00+0200,1196.03003,MW,FR,FR,forecast_offshore_wind_generation,Wind Offshore,2026-06-11T21:19:02Z
2026-06-11T21:18:08Z,2026-06-11T23:18:08+0200,4e273271-2dd1-4145-994c-b9bfe17baf4e,2026-06-02T01:45:00Z,2026-06-02T03:45:00+0200,1174.82007,MW,FR,FR,forecast_offshore_wind_generation,Wind Offshore,2026-06-11T21:19:02Z
2026-06-11T21:18:08Z,2026-06-11T23:18:08+0200,4e273271-2dd1-4145-994c-b9bfe17baf4e,2026-06-02T02:00:00Z,2026-06-02T04:00:00+0200,1153.59009,MW,FR,FR,forecast_offshore_wind_generation,Wind Offshore,2026-06-11T21:19:02Z
2026-06-11T21:18:08Z,2026-06-11T23:18:08+0200,4e273271-2dd1-4145-994c-b9bfe17baf4e,2026-06-02T02:15:00Z,2026-06-02T04:15:00+0200,1167.59009,MW,FR,FR,forecast_offshore_wind_generation,Wind Offshore,2026-06-11T21:19:02Z
2026-06-11T21:18:08Z,2026-06-11T23:18:08+0200,4e273271-2dd1-4145-994c-b9bfe17baf4e,2026-06-02T02:30:00Z,2026-06-02T04:30:00+0200,1181.59998,MW,FR,FR,forecast_offshore_wind_generation,Wind Offshore,2026-06-11T21:19:02Z
2026-06-11T21:18:08Z,2026-06-11T23:18:08+0200,4e273271-2dd1-4145-994c-b9bfe17baf4e,2026-06-02T02:45:00Z,2026-06-02T04:45:00+0200,1195.56006,MW,FR,FR,forecast_offshore_wind_generation,Wind Offshore,2026-06-11T21:19:02Z
2026-06-11T21:18:08Z,2026-06-11T23:18:08+0200,4e273271-2dd1-4145-994c-b9bfe17baf4e,2026-06-02T03:00:00Z,2026-06-02T05:00:00+0200,1209.51001,MW,FR,FR,forecast_offshore_wind_generation,Wind Offshore,2026-06-11T21:19:02Z
2026-06-11T21:18:08Z,2026-06-11T23:18:08+0200,4e273271-2dd1-4145-994c-b9bfe17baf4e,2026-06-02T03:15:00Z,2026-06-02T05:15:00+0200,1230.54993,MW,FR,FR,forecast_offshore_wind_generation,Wind Offshore,2026-06-11T21:19:02Z
2026-06-11T21:18:08Z,2026-06-11T23:18:08+0200,4e273271-2dd1-4145-994c-b9bfe17baf4e,2026-06-02T03:30:00Z,2026-06-02T05:30:00+0200,1251.60999,MW,FR,FR,forecast_offshore_wind_generation,Wind Offshore,2026-06-11T21:19:02Z
2026-06-11T21:18:08Z,2026-06-11T23:18:08+0200,4e273271-2dd1-4145-994c-b9bfe17baf4e,2026-06-02T03:45:00Z,2026-06-02T05:45:00+0200,1272.61011,MW,FR,FR,forecast_offshore_wind_generation,Wind Offshore,2026-06-11T21:19:02Z
2026-06-11T21:18:08Z,2026-06-11T23:18:08+0200,4e273271-2dd1-4145-994c-b9bfe17baf4e,2026-06-02T04:00:00Z,2026-06-02T06:00:00+0200,1293.60999,MW,FR,FR,forecast_offshore_wind_generation,Wind Offshore,2026-06-11T21:19:02Z
2026-06-11T21:18:08Z,2026-06-11T23:18:08+0200,4e273271-2dd1-4145-994c-b9bfe17baf4e,2026-06-02T04:15:00Z,2026-06-02T06:15:00+0200,1308.43005,MW,FR,FR,forecast_offshore_wind_generation,Wind Offshore,2026-06-11T21:19:02Z
2026-06-11T21:18:08Z,2026-06-11T23:18:08+0200,4e273271-2dd1-4145-994c-b9bfe17baf4e,2026-06-02T04:30:00Z,2026-06-02T06:30:00+0200,1323.26001,MW,FR,FR,forecast_offshore_wind_generation,Wind Offshore,2026-06-11T21:19:02Z
2026-06-11T21:18:08Z,2026-06-11T23:18:08+0200,4e273271-2dd1-4145-994c-b9bfe17baf4e,2026-06-02T04:45:00Z,2026-06-02T06:45:00+0200,1338.06006,MW,FR,FR,forecast_offshore_wind_generation,Wind Offshore,2026-06-11T21:19:02Z
2026-06-11T21:18:08Z,2026-06-11T23:18:08+0200,4e273271-2dd1-4145-994c-b9bfe17baf4e,2026-06-02T05:00:00Z,2026-06-02T07:00:00+0200,1352.83997,MW,FR,FR,forecast_offshore_wind_generation,Wind Offshore,2026-06-11T21:19:02Z
2026-06-11T21:18:08Z,2026-06-11T23:18:08+0200,4e273271-2dd1-4145-994c-b9bfe17baf4e,2026-06-02T05:15:00Z,2026-06-02T07:15:00+0200,1332.93005,MW,FR,FR,forecast_offshore_wind_generation,Wind Offshore,2026-06-11T21:19:02Z
2026-06-11T21:18:08Z,2026-06-11T23:18:08+0200,4e273271-2dd1-4145-994c-b9bfe17baf4e,2026-06-02T05:30:00Z,2026-06-02T07:30:00+0200,1313.03992,MW,FR,FR,forecast_offshore_wind_generation,Wind Offshore,2026-06-11T21:19:02Z
2026-06-11T21:18:08Z,2026-06-11T23:18:08+0200,4e273271-2dd1-4145-994c-b9bfe17baf4e,2026-06-02T05:45:00Z,2026-06-02T07:45:00+0200,1293.09998,MW,FR,FR,forecast_offshore_wind_generation,Wind Offshore,2026-06-11T21:19:02Z
2026-06-11T21:18:08Z,2026-06-11T23:18:08+0200,4e273271-2dd1-4145-994c-b9bfe17baf4e,2026-06-02T06:00:00Z,2026-06-02T08:00:00+0200,1273.16992,MW,FR,FR,forecast_offshore_wind_generation,Wind Offshore,2026-06-11T21:19:02Z
2026-06-11T21:18:08Z,2026-06-11T23:18:08+0200,4e273271-2dd1-4145-994c-b9bfe17baf4e,2026-06-02T06:15:00Z,2026-06-02T08:15:00+0200,1269.1499,MW,FR,FR,forecast_offshore_wind_generation,Wind Offshore,2026-06-11T21:19:02Z
2026-06-11T21:18:08Z,2026-06-11T23:18:08+0200,4e273271-2dd1-4145-994c-b9bfe17baf4e,2026-06-02T06:30:00Z,2026-06-02T08:30:00+0200,1265.12988,MW,FR,FR,forecast_offshore_wind_generation,Wind Offshore,2026-06-11T21:19:02Z
2026-06-11T21:18:08Z,2026-06-11T23:18:08+0200,4e273271-2dd1-4145-994c-b9bfe17baf4e,2026-06-02T06:45:00Z,2026-06-02T08:45:00+0200,1261.09009,MW,FR,FR,forecast_offshore_wind_generation,Wind Offshore,2026-06-11T21:19:02Z
2026-06-11T21:18:08Z,2026-06-11T23:18:08+0200,4e273271-2dd1-4145-994c-b9bfe17baf4e,2026-06-02T07:00:00Z,2026-06-02T09:00:00+0200,1257.04993,MW,FR,FR,forecast_offshore_wind_generation,Wind Offshore,2026-06-11T21:19:02Z
2026-06-11T21:18:08Z,2026-06-11T23:18:08+0200,4e273271-2dd1-4145-994c-b9bfe17baf4e,2026-06-02T07:15:00Z,2026-06-02T09:15:00+0200,1278.96997,MW,FR,FR,forecast_offshore_wind_generation,Wind Offshore,2026-06-11T21:19:02Z
2026-06-11T21:18:08Z,2026-06-11T23:18:08+0200,4e273271-2dd1-4145-994c-b9bfe17baf4e,2026-06-02T07:30:00Z,2026-06-02T09:30:00+0200,1300.88,MW,FR,FR,forecast_offshore_wind_generation,Wind Offshore,2026-06-11T21:19:02Z
2026-06-11T21:18:08Z,2026-06-11T23:18:08+0200,4e273271-2dd1-4145-994c-b9bfe17baf4e,2026-06-02T07:45:00Z,2026-06-02T09:45:00+0200,1322.79004,MW,FR,FR,forecast_offshore_wind_generation,Wind Offshore,2026-06-11T21:19:02Z
2026-06-11T21:18:08Z,2026-06-11T23:18:08+0200,4e273271-2dd1-4145-994c-b9bfe17baf4e,2026-06-02T08:00:00Z,2026-06-02T10:00:00+0200,1344.70007,MW,FR,FR,forecast_offshore_wind_generation,Wind Offshore,2026-06-11T21:19:02Z
2026-06-11T21:18:08Z,2026-06-11T23:18:08+0200,4e273271-2dd1-4145-994c-b9bfe17baf4e,2026-06-02T08:15:00Z,2026-06-02T10:15:00+0200,1336.55994,MW,FR,FR,forecast_offshore_wind_generation,Wind Offshore,2026-06-11T21:19:02Z
2026-06-11T21:18:08Z,2026-06-11T23:18:08+0200,4e273271-2dd1-4145-994c-b9bfe17baf4e,2026-06-02T08:30:00Z,2026-06-02T10:30:00+0200,1328.39014,MW,FR,FR,forecast_offshore_wind_generation,Wind Offshore,2026-06-11T21:19:02Z
2026-06-11T21:18:08Z,2026-06-11T23:18:08+0200,4e273271-2dd1-4145-994c-b9bfe17baf4e,2026-06-02T08:45:00Z,2026-06-02T10:45:00+0200,1320.22998,MW,FR,FR,forecast_offshore_wind_generation,Wind Offshore,2026-06-11T21:19:02Z
2026-06-11T21:18:08Z,2026-06-11T23:18:08+0200,4e273271-2dd1-4145-994c-b9bfe17baf4e,2026-06-02T09:00:00Z,2026-06-02T11:00:00+0200,1312.08008,MW,FR,FR,forecast_offshore_wind_generation,Wind Offshore,2026-06-11T21:19:02Z
2026-06-11T21:18:08Z,2026-06-11T23:18:08+0200,4e273271-2dd1-4145-994c-b9bfe17baf4e,2026-06-02T09:15:00Z,2026-06-02T11:15:00+0200,1316.58008,MW,FR,FR,forecast_offshore_wind_generation,Wind Offshore,2026-06-11T21:19:02Z
2026-06-11T21:18:08Z,2026-06-11T23:18:08+0200,4e273271-2dd1-4145-994c-b9bfe17baf4e,2026-06-02T09:30:00Z,2026-06-02T11:30:00+0200,1321.08008,MW,FR,FR,forecast_offshore_wind_generation,Wind Offshore,2026-06-11T21:19:02Z
2026-06-11T21:18:08Z,2026-06-11T23:18:08+0200,4e273271-2dd1-4145-994c-b9bfe17baf4e,2026-06-02T09:45:00Z,2026-06-02T11:45:00+0200,1325.57996,MW,FR,FR,forecast_offshore_wind_generation,Wind Offshore,2026-06-11T21:19:02Z
2026-06-11T21:18:08Z,2026-06-11T23:18:08+0200,4e273271-2dd1-4145-994c-b9bfe17baf4e,2026-06-02T10:00:00Z,2026-06-02T12:00:00+0200,1330.07007,MW,FR,FR,forecast_offshore_wind_generation,Wind Offshore,2026-06-11T21:19:02Z
2026-06-11T21:18:08Z,2026-06-11T23:18:08+0200,4e273271-2dd1-4145-994c-b9bfe17baf4e,2026-06-02T10:15:00Z,2026-06-02T12:15:00+0200,1351.90002,MW,FR,FR,forecast_offshore_wind_generation,Wind Offshore,2026-06-11T21:19:02Z
2026-06-11T21:18:08Z,2026-06-11T23:18:08+0200,4e273271-2dd1-4145-994c-b9bfe17baf4e,2026-06-02T10:30:00Z,2026-06-02T12:30:00+0200,1373.71997,MW,FR,FR,forecast_offshore_wind_generation,Wind Offshore,2026-06-11T21:19:02Z
2026-06-11T21:18:08Z,2026-06-11T23:18:08+0200,4e273271-2dd1-4145-994c-b9bfe17baf4e,2026-06-02T10:45:00Z,2026-06-02T12:45:00+0200,1395.51001,MW,FR,FR,forecast_offshore_wind_generation,Wind Offshore,2026-06-11T21:19:02Z
2026-06-11T21:18:08Z,2026-06-11T23:18:08+0200,4e273271-2dd1-4145-994c-b9bfe17baf4e,2026-06-02T11:00:00Z,2026-06-02T13:00:00+0200,1417.32996,MW,FR,FR,forecast_offshore_wind_generation,Wind Offshore,2026-06-11T21:19:02Z
2026-06-11T21:18:08Z,2026-06-11T23:18:08+0200,4e273271-2dd1-4145-994c-b9bfe17baf4e,2026-06-02T11:15:00Z,2026-06-02T13:15:00+0200,1423.76001,MW,FR,FR,forecast_offshore_wind_generation,Wind Offshore,2026-06-11T21:19:02Z
2026-06-11T21:18:08Z,2026-06-11T23:18:08+0200,4e273271-2dd1-4145-994c-b9bfe17baf4e,2026-06-02T11:30:00Z,2026-06-02T13:30:00+0200,1430.20007,MW,FR,FR,forecast_offshore_wind_generation,Wind Offshore,2026-06-11T21:19:02Z
2026-06-11T21:18:08Z,2026-06-11T23:18:08+0200,4e273271-2dd1-4145-994c-b9bfe17baf4e,2026-06-02T11:45:00Z,2026-06-02T13:45:00+0200,1436.62988,MW,FR,FR,forecast_offshore_wind_generation,Wind Offshore,2026-06-11T21:19:02Z
2026-06-11T21:18:08Z,2026-06-11T23:18:08+0200,4e273271-2dd1-4145-994c-b9bfe17baf4e,2026-06-02T12:00:00Z,2026-06-02T14:00:00+0200,1443.08008,MW,FR,FR,forecast_offshore_wind_generation,Wind Offshore,2026-06-11T21:19:02Z
2026-06-11T21:18:08Z,2026-06-11T23:18:08+0200,4e273271-2dd1-4145-994c-b9bfe17baf4e,2026-06-02T12:15:00Z,2026-06-02T14:15:00+0200,1452.64014,MW,FR,FR,forecast_offshore_wind_generation,Wind Offshore,2026-06-11T21:19:02Z
2026-06-11T21:18:08Z,2026-06-11T23:18:08+0200,4e273271-2dd1-4145-994c-b9bfe17baf4e,2026-06-02T12:30:00Z,2026-06-02T14:30:00+0200,1462.18005,MW,FR,FR,forecast_offshore_wind_generation,Wind Offshore,2026-06-11T21:19:02Z
2026-06-11T21:18:08Z,2026-06-11T23:18:08+0200,4e273271-2dd1-4145-994c-b9bfe17baf4e,2026-06-02T12:45:00Z,2026-06-02T14:45:00+0200,1471.77002,MW,FR,FR,forecast_offshore_wind_generation,Wind Offshore,2026-06-11T21:19:02Z
2026-06-11T21:18:08Z,2026-06-11T23:18:08+0200,4e273271-2dd1-4145-994c-b9bfe17baf4e,2026-06-02T13:00:00Z,2026-06-02T15:00:00+0200,1481.34998,MW,FR,FR,forecast_offshore_wind_generation,Wind Offshore,2026-06-11T21:19:02Z
2026-06-11T21:18:08Z,2026-06-11T23:18:08+0200,4e273271-2dd1-4145-994c-b9bfe17baf4e,2026-06-02T13:15:00Z,2026-06-02T15:15:00+0200,1508.25,MW,FR,FR,forecast_offshore_wind_generation,Wind Offshore,2026-06-11T21:19:02Z
2026-06-11T21:18:08Z,2026-06-11T23:18:08+0200,4e273271-2dd1-4145-994c-b9bfe17baf4e,2026-06-02T13:30:00Z,2026-06-02T15:30:00+0200,1535.13,MW,FR,FR,forecast_offshore_wind_generation,Wind Offshore,2026-06-11T21:19:02Z
2026-06-11T21:18:08Z,2026-06-11T23:18:08+0200,4e273271-2dd1-4145-994c-b9bfe17baf4e,2026-06-02T13:45:00Z,2026-06-02T15:45:00+0200,1562.06006,MW,FR,FR,forecast_offshore_wind_generation,Wind Offshore,2026-06-11T21:19:02Z
2026-06-11T21:18:08Z,2026-06-11T23:18:08+0200,4e273271-2dd1-4145-994c-b9bfe17baf4e,2026-06-02T14:00:00Z,2026-06-02T16:00:00+0200,1589.01001,MW,FR,FR,forecast_offshore_wind_generation,Wind Offshore,2026-06-11T21:19:02Z
2026-06-11T21:18:08Z,2026-06-11T23:18:08+0200,4e273271-2dd1-4145-994c-b9bfe17baf4e,2026-06-02T14:15:00Z,2026-06-02T16:15:00+0200,1610.25,MW,FR,FR,forecast_offshore_wind_generation,Wind Offshore,2026-06-11T21:19:02Z
2026-06-11T21:18:08Z,2026-06-11T23:18:08+0200,4e273271-2dd1-4145-994c-b9bfe17baf4e,2026-06-02T14:30:00Z,2026-06-02T16:30:00+0200,1631.5,MW,FR,FR,forecast_offshore_wind_generation,Wind Offshore,2026-06-11T21:19:02Z
2026-06-11T21:18:08Z,2026-06-11T23:18:08+0200,4e273271-2dd1-4145-994c-b9bfe17baf4e,2026-06-02T14:45:00Z,2026-06-02T16:45:00+0200,1652.77002,MW,FR,FR,forecast_offshore_wind_generation,Wind Offshore,2026-06-11T21:19:02Z
2026-06-11T21:18:08Z,2026-06-11T23:18:08+0200,4e273271-2dd1-4145-994c-b9bfe17baf4e,2026-06-02T15:00:00Z,2026-06-02T17:00:00+0200,1674.07007,MW,FR,FR,forecast_offshore_wind_generation,Wind Offshore,2026-06-11T21:19:02Z
2026-06-11T21:18:08Z,2026-06-11T23:18:08+0200,4e273271-2dd1-4145-994c-b9bfe17baf4e,2026-06-02T15:15:00Z,2026-06-02T17:15:00+0200,1682.33008,MW,FR,FR,forecast_offshore_wind_generation,Wind Offshore,2026-06-11T21:19:02Z
2026-06-11T21:18:08Z,2026-06-11T23:18:08+0200,4e273271-2dd1-4145-994c-b9bfe17baf4e,2026-06-02T15:30:00Z,2026-06-02T17:30:00+0200,1690.59998,MW,FR,FR,forecast_offshore_wind_generation,Wind Offshore,2026-06-11T21:19:02Z
2026-06-11T21:18:08Z,2026-06-11T23:18:08+0200,4e273271-2dd1-4145-994c-b9bfe17baf4e,2026-06-02T15:45:00Z,2026-06-02T17:45:00+0200,1698.88,MW,FR,FR,forecast_offshore_wind_generation,Wind Offshore,2026-06-11T21:19:02Z
2026-06-11T21:18:08Z,2026-06-11T23:18:08+0200,4e273271-2dd1-4145-994c-b9bfe17baf4e,2026-06-02T16:00:00Z,2026-06-02T18:00:00+0200,1707.16003,MW,FR,FR,forecast_offshore_wind_generation,Wind Offshore,2026-06-11T21:19:02Z
2026-06-11T21:18:08Z,2026-06-11T23:18:08+0200,4e273271-2dd1-4145-994c-b9bfe17baf4e,2026-06-02T16:15:00Z,2026-06-02T18:15:00+0200,1701.43994,MW,FR,FR,forecast_offshore_wind_generation,Wind Offshore,2026-06-11T21:19:02Z
2026-06-11T21:18:08Z,2026-06-11T23:18:08+0200,4e273271-2dd1-4145-994c-b9bfe17baf4e,2026-06-02T16:30:00Z,2026-06-02T18:30:00+0200,1695.71997,MW,FR,FR,forecast_offshore_wind_generation,Wind Offshore,2026-06-11T21:19:02Z
2026-06-11T21:18:08Z,2026-06-11T23:18:08+0200,4e273271-2dd1-4145-994c-b9bfe17baf4e,2026-06-02T16:45:00Z,2026-06-02T18:45:00+0200,1690.01001,MW,FR,FR,forecast_offshore_wind_generation,Wind Offshore,2026-06-11T21:19:02Z
2026-06-11T21:18:08Z,2026-06-11T23:18:08+0200,4e273271-2dd1-4145-994c-b9bfe17baf4e,2026-06-02T17:00:00Z,2026-06-02T19:00:00+0200,1684.33008,MW,FR,FR,forecast_offshore_wind_generation,Wind Offshore,2026-06-11T21:19:02Z
2026-06-11T21:18:08Z,2026-06-11T23:18:08+0200,4e273271-2dd1-4145-994c-b9bfe17baf4e,2026-06-02T17:15:00Z,2026-06-02T19:15:00+0200,1676.77002,MW,FR,FR,forecast_offshore_wind_generation,Wind Offshore,2026-06-11T21:19:02Z
2026-06-11T21:18:08Z,2026-06-11T23:18:08+0200,4e273271-2dd1-4145-994c-b9bfe17baf4e,2026-06-02T17:30:00Z,2026-06-02T19:30:00+0200,1669.21008,MW,FR,FR,forecast_offshore_wind_generation,Wind Offshore,2026-06-11T21:19:02Z
2026-06-11T21:18:08Z,2026-06-11T23:18:08+0200,4e273271-2dd1-4145-994c-b9bfe17baf4e,2026-06-02T17:45:00Z,2026-06-02T19:45:00+0200,1661.66003,MW,FR,FR,forecast_offshore_wind_generation,Wind Offshore,2026-06-11T21:19:02Z
2026-06-11T21:18:08Z,2026-06-11T23:18:08+0200,4e273271-2dd1-4145-994c-b9bfe17baf4e,2026-06-02T18:00:00Z,2026-06-02T20:00:00+0200,1654.08997,MW,FR,FR,forecast_offshore_wind_generation,Wind Offshore,2026-06-11T21:19:02Z
2026-06-11T21:18:08Z,2026-06-11T23:18:08+0200,4e273271-2dd1-4145-994c-b9bfe17baf4e,2026-06-02T18:15:00Z,2026-06-02T20:15:00+0200,1645.23999,MW,FR,FR,forecast_offshore_wind_generation,Wind Offshore,2026-06-11T21:19:02Z
2026-06-11T21:18:08Z,2026-06-11T23:18:08+0200,4e273271-2dd1-4145-994c-b9bfe17baf4e,2026-06-02T18:30:00Z,2026-06-02T20:30:00+0200,1636.38989,MW,FR,FR,forecast_offshore_wind_generation,Wind Offshore,2026-06-11T21:19:02Z
2026-06-11T21:18:08Z,2026-06-11T23:18:08+0200,4e273271-2dd1-4145-994c-b9bfe17baf4e,2026-06-02T18:45:00Z,2026-06-02T20:45:00+0200,1627.52002,MW,FR,FR,forecast_offshore_wind_generation,Wind Offshore,2026-06-11T21:19:02Z
2026-06-11T21:18:08Z,2026-06-11T23:18:08+0200,4e273271-2dd1-4145-994c-b9bfe17baf4e,2026-06-02T19:00:00Z,2026-06-02T21:00:00+0200,1618.65002,MW,FR,FR,forecast_offshore_wind_generation,Wind Offshore,2026-06-11T21:19:02Z
2026-06-11T21:18:08Z,2026-06-11T23:18:08+0200,4e273271-2dd1-4145-994c-b9bfe17baf4e,2026-06-02T19:15:00Z,2026-06-02T21:15:00+0200,1608.90002,MW,FR,FR,forecast_offshore_wind_generation,Wind Offshore,2026-06-11T21:19:02Z
2026-06-11T21:18:08Z,2026-06-11T23:18:08+0200,4e273271-2dd1-4145-994c-b9bfe17baf4e,2026-06-02T19:30:00Z,2026-06-02T21:30:00+0200,1599.13989,MW,FR,FR,forecast_offshore_wind_generation,Wind Offshore,2026-06-11T21:19:02Z
2026-06-11T21:18:08Z,2026-06-11T23:18:08+0200,4e273271-2dd1-4145-994c-b9bfe17baf4e,2026-06-02T19:45:00Z,2026-06-02T21:45:00+0200,1589.33997,MW,FR,FR,forecast_offshore_wind_generation,Wind Offshore,2026-06-11T21:19:02Z
2026-06-11T21:18:08Z,2026-06-11T23:18:08+0200,4e273271-2dd1-4145-994c-b9bfe17baf4e,2026-06-02T20:00:00Z,2026-06-02T22:00:00+0200,1579.53003,MW,FR,FR,forecast_offshore_wind_generation,Wind Offshore,2026-06-11T21:19:02Z
2026-06-11T21:18:08Z,2026-06-11T23:18:08+0200,4e273271-2dd1-4145-994c-b9bfe17baf4e,2026-06-02T20:15:00Z,2026-06-02T22:15:00+0200,1550.51001,MW,FR,FR,forecast_offshore_wind_generation,Wind Offshore,2026-06-11T21:19:02Z
2026-06-11T21:18:08Z,2026-06-11T23:18:08+0200,4e273271-2dd1-4145-994c-b9bfe17baf4e,2026-06-02T20:30:00Z,2026-06-02T22:30:00+0200,1521.46997,MW,FR,FR,forecast_offshore_wind_generation,Wind Offshore,2026-06-11T21:19:02Z
2026-06-11T21:18:08Z,2026-06-11T23:18:08+0200,4e273271-2dd1-4145-994c-b9bfe17baf4e,2026-06-02T20:45:00Z,2026-06-02T22:45:00+0200,1492.41003,MW,FR,FR,forecast_offshore_wind_generation,Wind Offshore,2026-06-11T21:19:02Z
2026-06-11T21:18:08Z,2026-06-11T23:18:08+0200,4e273271-2dd1-4145-994c-b9bfe17baf4e,2026-06-02T21:00:00Z,2026-06-02T23:00:00+0200,1463.34009,MW,FR,FR,forecast_offshore_wind_generation,Wind Offshore,2026-06-11T21:19:02Z
2026-06-11T21:18:08Z,2026-06-11T23:18:08+0200,4e273271-2dd1-4145-994c-b9bfe17baf4e,2026-06-02T21:15:00Z,2026-06-02T23:15:00+0200,1424.55005,MW,FR,FR,forecast_offshore_wind_generation,Wind Offshore,2026-06-11T21:19:02Z
2026-06-11T21:18:08Z,2026-06-11T23:18:08+0200,4e273271-2dd1-4145-994c-b9bfe17baf4e,2026-06-02T21:30:00Z,2026-06-02T23:30:00+0200,1385.76001,MW,FR,FR,forecast_offshore_wind_generation,Wind Offshore,2026-06-11T21:19:02Z
2026-06-11T21:18:08Z,2026-06-11T23:18:08+0200,4e273271-2dd1-4145-994c-b9bfe17baf4e,2026-06-02T21:45:00Z,2026-06-02T23:45:00+0200,1346.95996,MW,FR,FR,forecast_offshore_wind_generation,Wind Offshore,2026-06-11T21:19:02Z
2026-06-11T21:18:08Z,2026-06-11T23:18:08+0200,4e273271-2dd1-4145-994c-b9bfe17baf4e,2026-06-02T22:00:00Z,2026-06-03T00:00:00+0200,1393.40002,MW,FR,FR,forecast_offshore_wind_generation,Wind Offshore,2026-06-11T21:19:02Z
2026-06-11T21:18:08Z,2026-06-11T23:18:08+0200,4e273271-2dd1-4145-994c-b9bfe17baf4e,2026-06-02T22:15:00Z,2026-06-03T00:15:00+0200,1380.92993,MW,FR,FR,forecast_offshore_wind_generation,Wind Offshore,2026-06-11T21:19:02Z
2026-06-11T21:18:08Z,2026-06-11T23:18:08+0200,4e273271-2dd1-4145-994c-b9bfe17baf4e,2026-06-02T22:30:00Z,2026-06-03T00:30:00+0200,1368.43005,MW,FR,FR,forecast_offshore_wind_generation,Wind Offshore,2026-06-11T21:19:02Z
2026-06-11T21:18:08Z,2026-06-11T23:18:08+0200,4e273271-2dd1-4145-994c-b9bfe17baf4e,2026-06-02T22:45:00Z,2026-06-03T00:45:00+0200,1355.95996,MW,FR,FR,forecast_offshore_wind_generation,Wind Offshore,2026-06-11T21:19:02Z
2026-06-11T21:18:08Z,2026-06-11T23:18:08+0200,4e273271-2dd1-4145-994c-b9bfe17baf4e,2026-06-02T23:00:00Z,2026-06-03T01:00:00+0200,1343.5,MW,FR,FR,forecast_offshore_wind_generation,Wind Offshore,2026-06-11T21:19:02Z
2026-06-11T21:18:08Z,2026-06-11T23:18:08+0200,4e273271-2dd1-4145-994c-b9bfe17baf4e,2026-06-02T23:15:00Z,2026-06-03T01:15:00+0200,1329.95996,MW,FR,FR,forecast_offshore_wind_generation,Wind Offshore,2026-06-11T21:19:02Z
2026-06-11T21:18:08Z,2026-06-11T23:18:08+0200,4e273271-2dd1-4145-994c-b9bfe17baf4e,2026-06-02T23:30:00Z,2026-06-03T01:30:00+0200,1316.43994,MW,FR,FR,forecast_offshore_wind_generation,Wind Offshore,2026-06-11T21:19:02Z
2026-06-11T21:18:08Z,2026-06-11T23:18:08+0200,4e273271-2dd1-4145-994c-b9bfe17baf4e,2026-06-02T23:45:00Z,2026-06-03T01:45:00+0200,1303.0,MW,FR,FR,forecast_offshore_wind_generation,Wind Offshore,2026-06-11T21:19:02Z
2026-06-11T21:18:08Z,2026-06-11T23:18:08+0200,4e273271-2dd1-4145-994c-b9bfe17baf4e,2026-06-03T00:00:00Z,2026-06-03T02:00:00+0200,1289.55994,MW,FR,FR,forecast_offshore_wind_generation,Wind Offshore,2026-06-11T21:19:02Z
2026-06-11T21:18:08Z,2026-06-11T23:18:08+0200,4e273271-2dd1-4145-994c-b9bfe17baf4e,2026-06-03T00:15:00Z,2026-06-03T02:15:00+0200,1292.82996,MW,FR,FR,forecast_offshore_wind_generation,Wind Offshore,2026-06-11T21:19:02Z
2026-06-11T21:18:08Z,2026-06-11T23:18:08+0200,4e273271-2dd1-4145-994c-b9bfe17baf4e,2026-06-03T00:30:00Z,2026-06-03T02:30:00+0200,1296.09998,MW,FR,FR,forecast_offshore_wind_generation,Wind Offshore,2026-06-11T21:19:02Z
2026-06-11T21:18:08Z,2026-06-11T23:18:08+0200,4e273271-2dd1-4145-994c-b9bfe17baf4e,2026-06-03T00:45:00Z,2026-06-03T02:45:00+0200,1299.45007,MW,FR,FR,forecast_offshore_wind_generation,Wind Offshore,2026-06-11T21:19:02Z
2026-06-11T21:18:08Z,2026-06-11T23:18:08+0200,4e273271-2dd1-4145-994c-b9bfe17baf4e,2026-06-03T01:00:00Z,2026-06-03T03:00:00+0200,1302.83008,MW,FR,FR,forecast_offshore_wind_generation,Wind Offshore,2026-06-11T21:19:02Z
2026-06-11T21:18:08Z,2026-06-11T23:18:08+0200,4e273271-2dd1-4145-994c-b9bfe17baf4e,2026-06-03T01:15:00Z,2026-06-03T03:15:00+0200,1293.55005,MW,FR,FR,forecast_offshore_wind_generation,Wind Offshore,2026-06-11T21:19:02Z
2026-06-11T21:18:08Z,2026-06-11T23:18:08+0200,4e273271-2dd1-4145-994c-b9bfe17baf4e,2026-06-03T01:30:00Z,2026-06-03T03:30:00+0200,1284.27002,MW,FR,FR,forecast_offshore_wind_generation,Wind Offshore,2026-06-11T21:19:02Z
2026-06-11T21:18:08Z,2026-06-11T23:18:08+0200,4e273271-2dd1-4145-994c-b9bfe17baf4e,2026-06-03T01:45:00Z,2026-06-03T03:45:00+0200,1275.09009,MW,FR,FR,forecast_offshore_wind_generation,Wind Offshore,2026-06-11T21:19:02Z
2026-06-11T21:18:08Z,2026-06-11T23:18:08+0200,4e273271-2dd1-4145-994c-b9bfe17baf4e,2026-06-03T02:00:00Z,2026-06-03T04:00:00+0200,1265.91003,MW,FR,FR,forecast_offshore_wind_generation,Wind Offshore,2026-06-11T21:19:02Z
2026-06-11T21:18:08Z,2026-06-11T23:18:08+0200,4e273271-2dd1-4145-994c-b9bfe17baf4e,2026-06-03T02:15:00Z,2026-06-03T04:15:00+0200,1248.12,MW,FR,FR,forecast_offshore_wind_generation,Wind Offshore,2026-06-11T21:19:02Z
2026-06-11T21:18:08Z,2026-06-11T23:18:08+0200,4e273271-2dd1-4145-994c-b9bfe17baf4e,2026-06-03T02:30:00Z,2026-06-03T04:30:00+0200,1230.32996,MW,FR,FR,forecast_offshore_wind_generation,Wind Offshore,2026-06-11T21:19:02Z
2026-06-11T21:18:08Z,2026-06-11T23:18:08+0200,4e273271-2dd1-4145-994c-b9bfe17baf4e,2026-06-03T02:45:00Z,2026-06-03T04:45:00+0200,1212.59009,MW,FR,FR,forecast_offshore_wind_generation,Wind Offshore,2026-06-11T21:19:02Z
2026-06-11T21:18:08Z,2026-06-11T23:18:08+0200,4e273271-2dd1-4145-994c-b9bfe17baf4e,2026-06-03T03:00:00Z,2026-06-03T05:00:00+0200,1194.8501,MW,FR,FR,forecast_offshore_wind_generation,Wind Offshore,2026-06-11T21:19:02Z
2026-06-11T21:18:08Z,2026-06-11T23:18:08+0200,4e273271-2dd1-4145-994c-b9bfe17baf4e,2026-06-03T03:15:00Z,2026-06-03T05:15:00+0200,1180.2301,MW,FR,FR,forecast_offshore_wind_generation,Wind Offshore,2026-06-11T21:19:02Z
2026-06-11T21:18:08Z,2026-06-11T23:18:08+0200,4e273271-2dd1-4145-994c-b9bfe17baf4e,2026-06-03T03:30:00Z,2026-06-03T05:30:00+0200,1165.60999,MW,FR,FR,forecast_offshore_wind_generation,Wind Offshore,2026-06-11T21:19:02Z
2026-06-11T21:18:08Z,2026-06-11T23:18:08+0200,4e273271-2dd1-4145-994c-b9bfe17baf4e,2026-06-03T03:45:00Z,2026-06-03T05:45:00+0200,1151.0,MW,FR,FR,forecast_offshore_wind_generation,Wind Offshore,2026-06-11T21:19:02Z
2026-06-11T21:18:08Z,2026-06-11T23:18:08+0200,4e273271-2dd1-4145-994c-b9bfe17baf4e,2026-06-03T04:00:00Z,2026-06-03T06:00:00+0200,1136.40991,MW,FR,FR,forecast_offshore_wind_generation,Wind Offshore,2026-06-11T21:19:02Z
2026-06-11T21:18:08Z,2026-06-11T23:18:08+0200,4e273271-2dd1-4145-994c-b9bfe17baf4e,2026-06-03T04:15:00Z,2026-06-03T06:15:00+0200,1148.8501,MW,FR,FR,forecast_offshore_wind_generation,Wind Offshore,2026-06-11T21:19:02Z
2026-06-11T21:18:08Z,2026-06-11T23:18:08+0200,4e273271-2dd1-4145-994c-b9bfe17baf4e,2026-06-03T04:30:00Z,2026-06-03T06:30:00+0200,1161.28992,MW,FR,FR,forecast_offshore_wind_generation,Wind Offshore,2026-06-11T21:19:02Z
2026-06-11T21:18:08Z,2026-06-11T23:18:08+0200,4e273271-2dd1-4145-994c-b9bfe17baf4e,2026-06-03T04:45:00Z,2026-06-03T06:45:00+0200,1173.78003,MW,FR,FR,forecast_offshore_wind_generation,Wind Offshore,2026-06-11T21:19:02Z
2026-06-11T21:18:08Z,2026-06-11T23:18:08+0200,4e273271-2dd1-4145-994c-b9bfe17baf4e,2026-06-03T05:00:00Z,2026-06-03T07:00:00+0200,1186.25,MW,FR,FR,forecast_offshore_wind_generation,Wind Offshore,2026-06-11T21:19:02Z
2026-06-11T21:18:08Z,2026-06-11T23:18:08+0200,4e273271-2dd1-4145-994c-b9bfe17baf4e,2026-06-03T05:15:00Z,2026-06-03T07:15:00+0200,1185.73999,MW,FR,FR,forecast_offshore_wind_generation,Wind Offshore,2026-06-11T21:19:02Z
2026-06-11T21:18:08Z,2026-06-11T23:18:08+0200,4e273271-2dd1-4145-994c-b9bfe17baf4e,2026-06-03T05:30:00Z,2026-06-03T07:30:00+0200,1185.22998,MW,FR,FR,forecast_offshore_wind_generation,Wind Offshore,2026-06-11T21:19:02Z
2026-06-11T21:18:08Z,2026-06-11T23:18:08+0200,4e273271-2dd1-4145-994c-b9bfe17baf4e,2026-06-03T05:45:00Z,2026-06-03T07:45:00+0200,1184.72998,MW,FR,FR,forecast_offshore_wind_generation,Wind Offshore,2026-06-11T21:19:02Z
2026-06-11T21:18:08Z,2026-06-11T23:18:08+0200,4e273271-2dd1-4145-994c-b9bfe17baf4e,2026-06-03T06:00:00Z,2026-06-03T08:00:00+0200,1184.22998,MW,FR,FR,forecast_offshore_wind_generation,Wind Offshore,2026-06-11T21:19:02Z
2026-06-11T21:18:08Z,2026-06-11T23:18:08+0200,4e273271-2dd1-4145-994c-b9bfe17baf4e,2026-06-03T06:15:00Z,2026-06-03T08:15:00+0200,1203.87,MW,FR,FR,forecast_offshore_wind_generation,Wind Offshore,2026-06-11T21:19:02Z
2026-06-11T21:18:08Z,2026-06-11T23:18:08+0200,4e273271-2dd1-4145-994c-b9bfe17baf4e,2026-06-03T06:30:00Z,2026-06-03T08:30:00+0200,1223.52002,MW,FR,FR,forecast_offshore_wind_generation,Wind Offshore,2026-06-11T21:19:02Z
2026-06-11T21:18:08Z,2026-06-11T23:18:08+0200,4e273271-2dd1-4145-994c-b9bfe17baf4e,2026-06-03T06:45:00Z,2026-06-03T08:45:00+0200,1243.1499,MW,FR,FR,forecast_offshore_wind_generation,Wind Offshore,2026-06-11T21:19:02Z
2026-06-11T21:18:08Z,2026-06-11T23:18:08+0200,4e273271-2dd1-4145-994c-b9bfe17baf4e,2026-06-03T07:00:00Z,2026-06-03T09:00:00+0200,1262.79993,MW,FR,FR,forecast_offshore_wind_generation,Wind Offshore,2026-06-11T21:19:02Z
2026-06-11T21:18:08Z,2026-06-11T23:18:08+0200,4e273271-2dd1-4145-994c-b9bfe17baf4e,2026-06-03T07:15:00Z,2026-06-03T09:15:00+0200,1305.09998,MW,FR,FR,forecast_offshore_wind_generation,Wind Offshore,2026-06-11T21:19:02Z
2026-06-11T21:18:08Z,2026-06-11T23:18:08+0200,4e273271-2dd1-4145-994c-b9bfe17baf4e,2026-06-03T07:30:00Z,2026-06-03T09:30:00+0200,1347.37,MW,FR,FR,forecast_offshore_wind_generation,Wind Offshore,2026-06-11T21:19:02Z
2026-06-11T21:18:08Z,2026-06-11T23:18:08+0200,4e273271-2dd1-4145-994c-b9bfe17baf4e,2026-06-03T07:45:00Z,2026-06-03T09:45:00+0200,1389.67004,MW,FR,FR,forecast_offshore_wind_generation,Wind Offshore,2026-06-11T21:19:02Z
2026-06-11T21:18:08Z,2026-06-11T23:18:08+0200,4e273271-2dd1-4145-994c-b9bfe17baf4e,2026-06-03T08:00:00Z,2026-06-03T10:00:00+0200,1431.97998,MW,FR,FR,forecast_offshore_wind_generation,Wind Offshore,2026-06-11T21:19:02Z
2026-06-11T21:18:08Z,2026-06-11T23:18:08+0200,4e273271-2dd1-4145-994c-b9bfe17baf4e,2026-06-03T08:15:00Z,2026-06-03T10:15:00+0200,1459.51001,MW,FR,FR,forecast_offshore_wind_generation,Wind Offshore,2026-06-11T21:19:02Z
2026-06-11T21:18:08Z,2026-06-11T23:18:08+0200,4e273271-2dd1-4145-994c-b9bfe17baf4e,2026-06-03T08:30:00Z,2026-06-03T10:30:00+0200,1487.04004,MW,FR,FR,forecast_offshore_wind_generation,Wind Offshore,2026-06-11T21:19:02Z
2026-06-11T21:18:08Z,2026-06-11T23:18:08+0200,4e273271-2dd1-4145-994c-b9bfe17baf4e,2026-06-03T08:45:00Z,2026-06-03T10:45:00+0200,1514.59009,MW,FR,FR,forecast_offshore_wind_generation,Wind Offshore,2026-06-11T21:19:02Z
2026-06-11T21:18:08Z,2026-06-11T23:18:08+0200,4e273271-2dd1-4145-994c-b9bfe17baf4e,2026-06-03T09:00:00Z,2026-06-03T11:00:00+0200,1542.12,MW,FR,FR,forecast_offshore_wind_generation,Wind Offshore,2026-06-11T21:19:02Z
2026-06-11T21:18:08Z,2026-06-11T23:18:08+0200,4e273271-2dd1-4145-994c-b9bfe17baf4e,2026-06-03T09:15:00Z,2026-06-03T11:15:00+0200,1553.76001,MW,FR,FR,forecast_offshore_wind_generation,Wind Offshore,2026-06-11T21:19:02Z
2026-06-11T21:18:08Z,2026-06-11T23:18:08+0200,4e273271-2dd1-4145-994c-b9bfe17baf4e,2026-06-03T09:30:00Z,2026-06-03T11:30:00+0200,1565.42004,MW,FR,FR,forecast_offshore_wind_generation,Wind Offshore,2026-06-11T21:19:02Z
2026-06-11T21:18:08Z,2026-06-11T23:18:08+0200,4e273271-2dd1-4145-994c-b9bfe17baf4e,2026-06-03T09:45:00Z,2026-06-03T11:45:00+0200,1576.99988,MW,FR,FR,forecast_offshore_wind_generation,Wind Offshore,2026-06-11T21:19:02Z
2026-06-11T21:18:08Z,2026-06-11T23:18:08+0200,4e273271-2dd1-4145-994c-b9bfe17baf4e,2026-06-03T10:00:00Z,2026-06-03T12:00:00+0200,1588.57996,MW,FR,FR,forecast_offshore_wind_generation,Wind Offshore,2026-06-11T21:19:02Z
2026-06-11T21:18:08Z,2026-06-11T23:18:08+0200,4e273271-2dd1-4145-994c-b9bfe17baf4e,2026-06-03T10:15:00Z,2026-06-03T12:15:00+0200,1609.46008,MW,FR,FR,forecast_offshore_wind_generation,Wind Offshore,2026-06-11T21:19:02Z
2026-06-11T21:18:08Z,2026-06-11T23:18:08+0200,4e273271-2dd1-4145-994c-b9bfe17baf4e,2026-06-03T10:30:00Z,2026-06-03T12:30:00+0200,1630.32996,MW,FR,FR,forecast_offshore_wind_generation,Wind Offshore,2026-06-11T21:19:02Z
2026-06-11T21:18:08Z,2026-06-11T23:18:08+0200,4e273271-2dd1-4145-994c-b9bfe17baf4e,2026-06-03T10:45:00Z,2026-06-03T12:45:00+0200,1651.14001,MW,FR,FR,forecast_offshore_wind_generation,Wind Offshore,2026-06-11T21:19:02Z
2026-06-11T21:18:08Z,2026-06-11T23:18:08+0200,4e273271-2dd1-4145-994c-b9bfe17baf4e,2026-06-03T11:00:00Z,2026-06-03T13:00:00+0200,1671.93994,MW,FR,FR,forecast_offshore_wind_generation,Wind Offshore,2026-06-11T21:19:02Z
2026-06-11T21:18:08Z,2026-06-11T23:18:08+0200,4e273271-2dd1-4145-994c-b9bfe17baf4e,2026-06-03T11:15:00Z,2026-06-03T13:15:00+0200,1682.06006,MW,FR,FR,forecast_offshore_wind_generation,Wind Offshore,2026-06-11T21:19:02Z
2026-06-11T21:18:08Z,2026-06-11T23:18:08+0200,4e273271-2dd1-4145-994c-b9bfe17baf4e,2026-06-03T11:30:00Z,2026-06-03T13:30:00+0200,1692.17993,MW,FR,FR,forecast_offshore_wind_generation,Wind Offshore,2026-06-11T21:19:02Z
2026-06-11T21:18:08Z,2026-06-11T23:18:08+0200,4e273271-2dd1-4145-994c-b9bfe17baf4e,2026-06-03T11:45:00Z,2026-06-03T13:45:00+0200,1702.2301,MW,FR,FR,forecast_offshore_wind_generation,Wind Offshore,2026-06-11T21:19:02Z
2026-06-11T21:18:08Z,2026-06-11T23:18:08+0200,4e273271-2dd1-4145-994c-b9bfe17baf4e,2026-06-03T12:00:00Z,2026-06-03T14:00:00+0200,1712.29004,MW,FR,FR,forecast_offshore_wind_generation,Wind Offshore,2026-06-11T21:19:02Z
2026-06-11T21:18:08Z,2026-06-11T23:18:08+0200,4e273271-2dd1-4145-994c-b9bfe17baf4e,2026-06-03T12:15:00Z,2026-06-03T14:15:00+0200,1697.94995,MW,FR,FR,forecast_offshore_wind_generation,Wind Offshore,2026-06-11T21:19:02Z
2026-06-11T21:18:08Z,2026-06-11T23:18:08+0200,4e273271-2dd1-4145-994c-b9bfe17baf4e,2026-06-03T12:30:00Z,2026-06-03T14:30:00+0200,1683.59998,MW,FR,FR,forecast_offshore_wind_generation,Wind Offshore,2026-06-11T21:19:02Z
2026-06-11T21:18:08Z,2026-06-11T23:18:08+0200,4e273271-2dd1-4145-994c-b9bfe17baf4e,2026-06-03T12:45:00Z,2026-06-03T14:45:00+0200,1669.20007,MW,FR,FR,forecast_offshore_wind_generation,Wind Offshore,2026-06-11T21:19:02Z
2026-06-11T21:18:08Z,2026-06-11T23:18:08+0200,4e273271-2dd1-4145-994c-b9bfe17baf4e,2026-06-03T13:00:00Z,2026-06-03T15:00:00+0200,1654.80005,MW,FR,FR,forecast_offshore_wind_generation,Wind Offshore,2026-06-11T21:19:02Z
2026-06-11T21:18:08Z,2026-06-11T23:18:08+0200,4e273271-2dd1-4145-994c-b9bfe17baf4e,2026-06-03T13:15:00Z,2026-06-03T15:15:00+0200,1649.58008,MW,FR,FR,forecast_offshore_wind_generation,Wind Offshore,2026-06-11T21:19:02Z
2026-06-11T21:18:08Z,2026-06-11T23:18:08+0200,4e273271-2dd1-4145-994c-b9bfe17baf4e,2026-06-03T13:30:00Z,2026-06-03T15:30:00+0200,567.71997,MW,FR,FR,forecast_offshore_wind_generation,Wind Offshore,2026-06-11T21:19:02Z
2026-06-11T21:18:08Z,2026-06-11T23:18:08+0200,4e273271-2dd1-4145-994c-b9bfe17baf4e,2026-06-03T13:45:00Z,2026-06-03T15:45:00+0200,569.71997,MW,FR,FR,forecast_offshore_wind_generation,Wind Offshore,2026-06-11T21:19:02Z
2026-06-11T21:18:08Z,2026-06-11T23:18:08+0200,4e273271-2dd1-4145-994c-b9bfe17baf4e,2026-06-03T14:00:00Z,2026-06-03T16:00:00+0200,571.72003,MW,FR,FR,forecast_offshore_wind_generation,Wind Offshore,2026-06-11T21:19:02Z
2026-06-11T21:18:08Z,2026-06-11T23:18:08+0200,4e273271-2dd1-4145-994c-b9bfe17baf4e,2026-06-03T14:15:00Z,2026-06-03T16:15:00+0200,569.77002,MW,FR,FR,forecast_offshore_wind_generation,Wind Offshore,2026-06-11T21:19:02Z
2026-06-11T21:18:08Z,2026-06-11T23:18:08+0200,4e273271-2dd1-4145-994c-b9bfe17baf4e,2026-06-03T14:30:00Z,2026-06-03T16:30:00+0200,567.84003,MW,FR,FR,forecast_offshore_wind_generation,Wind Offshore,2026-06-11T21:19:02Z
2026-06-11T21:18:08Z,2026-06-11T23:18:08+0200,4e273271-2dd1-4145-994c-b9bfe17baf4e,2026-06-03T14:45:00Z,2026-06-03T16:45:00+0200,1665.13013,MW,FR,FR,forecast_offshore_wind_generation,Wind Offshore,2026-06-11T21:19:02Z
2026-06-11T21:18:08Z,2026-06-11T23:18:08+0200,4e273271-2dd1-4145-994c-b9bfe17baf4e,2026-06-03T15:00:00Z,2026-06-03T17:00:00+0200,1675.62,MW,FR,FR,forecast_offshore_wind_generation,Wind Offshore,2026-06-11T21:19:02Z
2026-06-11T21:18:08Z,2026-06-11T23:18:08+0200,4e273271-2dd1-4145-994c-b9bfe17baf4e,2026-06-03T15:15:00Z,2026-06-03T17:15:00+0200,1648.62012,MW,FR,FR,forecast_offshore_wind_generation,Wind Offshore,2026-06-11T21:19:02Z
2026-06-11T21:18:08Z,2026-06-11T23:18:08+0200,4e273271-2dd1-4145-994c-b9bfe17baf4e,2026-06-03T15:30:00Z,2026-06-03T17:30:00+0200,1621.63989,MW,FR,FR,forecast_offshore_wind_generation,Wind Offshore,2026-06-11T21:19:02Z
2026-06-11T21:18:08Z,2026-06-11T23:18:08+0200,4e273271-2dd1-4145-994c-b9bfe17baf4e,2026-06-03T15:45:00Z,2026-06-03T17:45:00+0200,1594.69995,MW,FR,FR,forecast_offshore_wind_generation,Wind Offshore,2026-06-11T21:19:02Z
2026-06-11T21:18:08Z,2026-06-11T23:18:08+0200,4e273271-2dd1-4145-994c-b9bfe17baf4e,2026-06-03T16:00:00Z,2026-06-03T18:00:00+0200,1567.72998,MW,FR,FR,forecast_offshore_wind_generation,Wind Offshore,2026-06-11T21:19:02Z
2026-06-11T21:18:08Z,2026-06-11T23:18:08+0200,4e273271-2dd1-4145-994c-b9bfe17baf4e,2026-06-03T16:15:00Z,2026-06-03T18:15:00+0200,1523.94006,MW,FR,FR,forecast_offshore_wind_generation,Wind Offshore,2026-06-11T21:19:02Z
2026-06-11T21:18:08Z,2026-06-11T23:18:08+0200,4e273271-2dd1-4145-994c-b9bfe17baf4e,2026-06-03T16:30:00Z,2026-06-03T18:30:00+0200,1480.14001,MW,FR,FR,forecast_offshore_wind_generation,Wind Offshore,2026-06-11T21:19:02Z
2026-06-11T21:18:08Z,2026-06-11T23:18:08+0200,4e273271-2dd1-4145-994c-b9bfe17baf4e,2026-06-03T16:45:00Z,2026-06-03T18:45:00+0200,1436.43005,MW,FR,FR,forecast_offshore_wind_generation,Wind Offshore,2026-06-11T21:19:02Z
2026-06-11T21:18:08Z,2026-06-11T23:18:08+0200,4e273271-2dd1-4145-994c-b9bfe17baf4e,2026-06-03T17:00:00Z,2026-06-03T19:00:00+0200,1392.72998,MW,FR,FR,forecast_offshore_wind_generation,Wind Offshore,2026-06-11T21:19:02Z
2026-06-11T21:18:08Z,2026-06-11T23:18:08+0200,4e273271-2dd1-4145-994c-b9bfe17baf4e,2026-06-03T17:15:00Z,2026-06-03T19:15:00+0200,1435.97998,MW,FR,FR,forecast_offshore_wind_generation,Wind Offshore,2026-06-11T21:19:02Z
2026-06-11T21:18:08Z,2026-06-11T23:18:08+0200,4e273271-2dd1-4145-994c-b9bfe17baf4e,2026-06-03T17:30:00Z,2026-06-03T19:30:00+0200,1479.22998,MW,FR,FR,forecast_offshore_wind_generation,Wind Offshore,2026-06-11T21:19:02Z
2026-06-11T21:18:08Z,2026-06-11T23:18:08+0200,4e273271-2dd1-4145-994c-b9bfe17baf4e,2026-06-03T17:45:00Z,2026-06-03T19:45:00+0200,1522.53992,MW,FR,FR,forecast_offshore_wind_generation,Wind Offshore,2026-06-11T21:19:02Z
2026-06-11T21:18:08Z,2026-06-11T23:18:08+0200,4e273271-2dd1-4145-994c-b9bfe17baf4e,2026-06-03T18:00:00Z,2026-06-03T20:00:00+0200,1565.8501,MW,FR,FR,forecast_offshore_wind_generation,Wind Offshore,2026-06-11T21:19:02Z
2026-06-11T21:18:08Z,2026-06-11T23:18:08+0200,4e273271-2dd1-4145-994c-b9bfe17baf4e,2026-06-03T18:15:00Z,2026-06-03T20:15:00+0200,1557.77991,MW,FR,FR,forecast_offshore_wind_generation,Wind Offshore,2026-06-11T21:19:02Z
2026-06-11T21:18:08Z,2026-06-11T23:18:08+0200,4e273271-2dd1-4145-994c-b9bfe17baf4e,2026-06-03T18:30:00Z,2026-06-03T20:30:00+0200,1549.70007,MW,FR,FR,forecast_offshore_wind_generation,Wind Offshore,2026-06-11T21:19:02Z
2026-06-11T21:18:08Z,2026-06-11T23:18:08+0200,4e273271-2dd1-4145-994c-b9bfe17baf4e,2026-06-03T18:45:00Z,2026-06-03T20:45:00+0200,1541.62,MW,FR,FR,forecast_offshore_wind_generation,Wind Offshore,2026-06-11T21:19:02Z
2026-06-11T21:18:08Z,2026-06-11T23:18:08+0200,4e273271-2dd1-4145-994c-b9bfe17baf4e,2026-06-03T19:00:00Z,2026-06-03T21:00:00+0200,1533.57007,MW,FR,FR,forecast_offshore_wind_generation,Wind Offshore,2026-06-11T21:19:02Z
2026-06-11T21:18:08Z,2026-06-11T23:18:08+0200,4e273271-2dd1-4145-994c-b9bfe17baf4e,2026-06-03T19:15:00Z,2026-06-03T21:15:00+0200,1538.12,MW,FR,FR,forecast_offshore_wind_generation,Wind Offshore,2026-06-11T21:19:02Z
2026-06-11T21:18:08Z,2026-06-11T23:18:08+0200,4e273271-2dd1-4145-994c-b9bfe17baf4e,2026-06-03T19:30:00Z,2026-06-03T21:30:00+0200,1542.65991,MW,FR,FR,forecast_offshore_wind_generation,Wind Offshore,2026-06-11T21:19:02Z
2026-06-11T21:18:08Z,2026-06-11T23:18:08+0200,4e273271-2dd1-4145-994c-b9bfe17baf4e,2026-06-03T19:45:00Z,2026-06-03T21:45:00+0200,1547.28003,MW,FR,FR,forecast_offshore_wind_generation,Wind Offshore,2026-06-11T21:19:02Z
2026-06-11T21:18:08Z,2026-06-11T23:18:08+0200,4e273271-2dd1-4145-994c-b9bfe17baf4e,2026-06-03T20:00:00Z,2026-06-03T22:00:00+0200,1551.86987,MW,FR,FR,forecast_offshore_wind_generation,Wind Offshore,2026-06-11T21:19:02Z
2026-06-11T21:18:08Z,2026-06-11T23:18:08+0200,4e273271-2dd1-4145-994c-b9bfe17baf4e,2026-06-03T20:15:00Z,2026-06-03T22:15:00+0200,1538.45996,MW,FR,FR,forecast_offshore_wind_generation,Wind Offshore,2026-06-11T21:19:02Z
2026-06-11T21:18:08Z,2026-06-11T23:18:08+0200,4e273271-2dd1-4145-994c-b9bfe17baf4e,2026-06-03T20:30:00Z,2026-06-03T22:30:00+0200,1525.06006,MW,FR,FR,forecast_offshore_wind_generation,Wind Offshore,2026-06-11T21:19:02Z
2026-06-11T21:18:08Z,2026-06-11T23:18:08+0200,4e273271-2dd1-4145-994c-b9bfe17baf4e,2026-06-03T20:45:00Z,2026-06-03T22:45:00+0200,1511.65991,MW,FR,FR,forecast_offshore_wind_generation,Wind Offshore,2026-06-11T21:19:02Z
2026-06-11T21:18:08Z,2026-06-11T23:18:08+0200,4e273271-2dd1-4145-994c-b9bfe17baf4e,2026-06-03T21:00:00Z,2026-06-03T23:00:00+0200,1498.27002,MW,FR,FR,forecast_offshore_wind_generation,Wind Offshore,2026-06-11T21:19:02Z
2026-06-11T21:18:08Z,2026-06-11T23:18:08+0200,4e273271-2dd1-4145-994c-b9bfe17baf4e,2026-06-03T21:15:00Z,2026-06-03T23:15:00+0200,1518.54004,MW,FR,FR,forecast_offshore_wind_generation,Wind Offshore,2026-06-11T21:19:02Z
2026-06-11T21:18:08Z,2026-06-11T23:18:08+0200,4e273271-2dd1-4145-994c-b9bfe17baf4e,2026-06-03T21:30:00Z,2026-06-03T23:30:00+0200,1538.80005,MW,FR,FR,forecast_offshore_wind_generation,Wind Offshore,2026-06-11T21:19:02Z
2026-06-11T21:18:08Z,2026-06-11T23:18:08+0200,4e273271-2dd1-4145-994c-b9bfe17baf4e,2026-06-03T21:45:00Z,2026-06-03T23:45:00+0200,1559.08997,MW,FR,FR,forecast_offshore_wind_generation,Wind Offshore,2026-06-11T21:19:02Z
2026-06-11T21:18:08Z,2026-06-11T23:18:08+0200,4e273271-2dd1-4145-994c-b9bfe17baf4e,2026-06-03T22:00:00Z,2026-06-04T00:00:00+0200,1589.75989,MW,FR,FR,forecast_offshore_wind_generation,Wind Offshore,2026-06-11T21:19:02Z
2026-06-11T21:18:08Z,2026-06-11T23:18:08+0200,4e273271-2dd1-4145-994c-b9bfe17baf4e,2026-06-03T22:15:00Z,2026-06-04T00:15:00+0200,1585.18005,MW,FR,FR,forecast_offshore_wind_generation,Wind Offshore,2026-06-11T21:19:02Z
2026-06-11T21:18:08Z,2026-06-11T23:18:08+0200,4e273271-2dd1-4145-994c-b9bfe17baf4e,2026-06-03T22:30:00Z,2026-06-04T00:30:00+0200,1580.62012,MW,FR,FR,forecast_offshore_wind_generation,Wind Offshore,2026-06-11T21:19:02Z
2026-06-11T21:18:08Z,2026-06-11T23:18:08+0200,4e273271-2dd1-4145-994c-b9bfe17baf4e,2026-06-03T22:45:00Z,2026-06-04T00:45:00+0200,1576.07996,MW,FR,FR,forecast_offshore_wind_generation,Wind Offshore,2026-06-11T21:19:02Z
2026-06-11T21:18:08Z,2026-06-11T23:18:08+0200,4e273271-2dd1-4145-994c-b9bfe17baf4e,2026-06-03T23:00:00Z,2026-06-04T01:00:00+0200,1571.52002,MW,FR,FR,forecast_offshore_wind_generation,Wind Offshore,2026-06-11T21:19:02Z
2026-06-11T21:18:08Z,2026-06-11T23:18:08+0200,4e273271-2dd1-4145-994c-b9bfe17baf4e,2026-06-03T23:15:00Z,2026-06-04T01:15:00+0200,1569.82996,MW,FR,FR,forecast_offshore_wind_generation,Wind Offshore,2026-06-11T21:19:02Z
2026-06-11T21:18:08Z,2026-06-11T23:18:08+0200,4e273271-2dd1-4145-994c-b9bfe17baf4e,2026-06-03T23:30:00Z,2026-06-04T01:30:00+0200,1568.16003,MW,FR,FR,forecast_offshore_wind_generation,Wind Offshore,2026-06-11T21:19:02Z
2026-06-11T21:18:08Z,2026-06-11T23:18:08+0200,4e273271-2dd1-4145-994c-b9bfe17baf4e,2026-06-03T23:45:00Z,2026-06-04T01:45:00+0200,1566.47998,MW,FR,FR,forecast_offshore_wind_generation,Wind Offshore,2026-06-11T21:19:02Z
2026-06-11T21:18:08Z,2026-06-11T23:18:08+0200,4e273271-2dd1-4145-994c-b9bfe17baf4e,2026-06-04T00:00:00Z,2026-06-04T02:00:00+0200,1564.80994,MW,FR,FR,forecast_offshore_wind_generation,Wind Offshore,2026-06-11T21:19:02Z
2026-06-11T21:18:08Z,2026-06-11T23:18:08+0200,4e273271-2dd1-4145-994c-b9bfe17baf4e,2026-06-04T00:15:00Z,2026-06-04T02:15:00+0200,1573.64001,MW,FR,FR,forecast_offshore_wind_generation,Wind Offshore,2026-06-11T21:19:02Z
2026-06-11T21:18:08Z,2026-06-11T23:18:08+0200,4e273271-2dd1-4145-994c-b9bfe17baf4e,2026-06-04T00:30:00Z,2026-06-04T02:30:00+0200,1582.47998,MW,FR,FR,forecast_offshore_wind_generation,Wind Offshore,2026-06-11T21:19:02Z
2026-06-11T21:18:08Z,2026-06-11T23:18:08+0200,4e273271-2dd1-4145-994c-b9bfe17baf4e,2026-06-04T00:45:00Z,2026-06-04T02:45:00+0200,1591.29993,MW,FR,FR,forecast_offshore_wind_generation,Wind Offshore,2026-06-11T21:19:02Z
2026-06-11T21:18:08Z,2026-06-11T23:18:08+0200,4e273271-2dd1-4145-994c-b9bfe17baf4e,2026-06-04T01:00:00Z,2026-06-04T03:00:00+0200,1600.12,MW,FR,FR,forecast_offshore_wind_generation,Wind Offshore,2026-06-11T21:19:02Z
2026-06-11T21:18:08Z,2026-06-11T23:18:08+0200,4e273271-2dd1-4145-994c-b9bfe17baf4e,2026-06-04T01:15:00Z,2026-06-04T03:15:00+0200,1602.69995,MW,FR,FR,forecast_offshore_wind_generation,Wind Offshore,2026-06-11T21:19:02Z
2026-06-11T21:18:08Z,2026-06-11T23:18:08+0200,4e273271-2dd1-4145-994c-b9bfe17baf4e,2026-06-04T01:30:00Z,2026-06-04T03:30:00+0200,1605.26001,MW,FR,FR,forecast_offshore_wind_generation,Wind Offshore,2026-06-11T21:19:02Z
2026-06-11T21:18:08Z,2026-06-11T23:18:08+0200,4e273271-2dd1-4145-994c-b9bfe17baf4e,2026-06-04T01:45:00Z,2026-06-04T03:45:00+0200,1607.72998,MW,FR,FR,forecast_offshore_wind_generation,Wind Offshore,2026-06-11T21:19:02Z
2026-06-11T21:18:08Z,2026-06-11T23:18:08+0200,4e273271-2dd1-4145-994c-b9bfe17baf4e,2026-06-04T02:00:00Z,2026-06-04T04:00:00+0200,1610.19995,MW,FR,FR,forecast_offshore_wind_generation,Wind Offshore,2026-06-11T21:19:02Z
2026-06-11T21:18:08Z,2026-06-11T23:18:08+0200,4e273271-2dd1-4145-994c-b9bfe17baf4e,2026-06-04T02:15:00Z,2026-06-04T04:15:00+0200,1613.1499,MW,FR,FR,forecast_offshore_wind_generation,Wind Offshore,2026-06-11T21:19:02Z
2026-06-11T21:18:08Z,2026-06-11T23:18:08+0200,4e273271-2dd1-4145-994c-b9bfe17baf4e,2026-06-04T02:30:00Z,2026-06-04T04:30:00+0200,1616.10986,MW,FR,FR,forecast_offshore_wind_generation,Wind Offshore,2026-06-11T21:19:02Z
2026-06-11T21:18:08Z,2026-06-11T23:18:08+0200,4e273271-2dd1-4145-994c-b9bfe17baf4e,2026-06-04T02:45:00Z,2026-06-04T04:45:00+0200,1618.95996,MW,FR,FR,forecast_offshore_wind_generation,Wind Offshore,2026-06-11T21:19:02Z
2026-06-11T21:18:08Z,2026-06-11T23:18:08+0200,4e273271-2dd1-4145-994c-b9bfe17baf4e,2026-06-04T03:00:00Z,2026-06-04T05:00:00+0200,1621.80994,MW,FR,FR,forecast_offshore_wind_generation,Wind Offshore,2026-06-11T21:19:02Z
2026-06-11T21:18:08Z,2026-06-11T23:18:08+0200,4e273271-2dd1-4145-994c-b9bfe17baf4e,2026-06-04T03:15:00Z,2026-06-04T05:15:00+0200,1630.13,MW,FR,FR,forecast_offshore_wind_generation,Wind Offshore,2026-06-11T21:19:02Z
2026-06-11T21:18:08Z,2026-06-11T23:18:08+0200,4e273271-2dd1-4145-994c-b9bfe17baf4e,2026-06-04T03:30:00Z,2026-06-04T05:30:00+0200,1638.47009,MW,FR,FR,forecast_offshore_wind_generation,Wind Offshore,2026-06-11T21:19:02Z
2026-06-11T21:18:08Z,2026-06-11T23:18:08+0200,4e273271-2dd1-4145-994c-b9bfe17baf4e,2026-06-04T03:45:00Z,2026-06-04T05:45:00+0200,1646.69995,MW,FR,FR,forecast_offshore_wind_generation,Wind Offshore,2026-06-11T21:19:02Z
2026-06-11T21:18:08Z,2026-06-11T23:18:08+0200,4e273271-2dd1-4145-994c-b9bfe17baf4e,2026-06-04T04:00:00Z,2026-06-04T06:00:00+0200,1654.92993,MW,FR,FR,forecast_offshore_wind_generation,Wind Offshore,2026-06-11T21:19:02Z
2026-06-11T21:18:08Z,2026-06-11T23:18:08+0200,4e273271-2dd1-4145-994c-b9bfe17baf4e,2026-06-04T04:15:00Z,2026-06-04T06:15:00+0200,1653.76001,MW,FR,FR,forecast_offshore_wind_generation,Wind Offshore,2026-06-11T21:19:02Z
2026-06-11T21:18:08Z,2026-06-11T23:18:08+0200,4e273271-2dd1-4145-994c-b9bfe17baf4e,2026-06-04T04:30:00Z,2026-06-04T06:30:00+0200,1652.58008,MW,FR,FR,forecast_offshore_wind_generation,Wind Offshore,2026-06-11T21:19:02Z
2026-06-11T21:18:08Z,2026-06-11T23:18:08+0200,4e273271-2dd1-4145-994c-b9bfe17baf4e,2026-06-04T04:45:00Z,2026-06-04T06:45:00+0200,1651.35999,MW,FR,FR,forecast_offshore_wind_generation,Wind Offshore,2026-06-11T21:19:02Z
2026-06-11T21:18:08Z,2026-06-11T23:18:08+0200,4e273271-2dd1-4145-994c-b9bfe17baf4e,2026-06-04T05:00:00Z,2026-06-04T07:00:00+0200,1650.11987,MW,FR,FR,forecast_offshore_wind_generation,Wind Offshore,2026-06-11T21:19:02Z
2026-06-11T21:18:08Z,2026-06-11T23:18:08+0200,4e273271-2dd1-4145-994c-b9bfe17baf4e,2026-06-04T05:15:00Z,2026-06-04T07:15:00+0200,1660.40015,MW,FR,FR,forecast_offshore_wind_generation,Wind Offshore,2026-06-11T21:19:02Z
2026-06-11T21:18:08Z,2026-06-11T23:18:08+0200,4e273271-2dd1-4145-994c-b9bfe17baf4e,2026-06-04T05:30:00Z,2026-06-04T07:30:00+0200,1670.66992,MW,FR,FR,forecast_offshore_wind_generation,Wind Offshore,2026-06-11T21:19:02Z
2026-06-11T21:18:08Z,2026-06-11T23:18:08+0200,4e273271-2dd1-4145-994c-b9bfe17baf4e,2026-06-04T05:45:00Z,2026-06-04T07:45:00+0200,1680.91003,MW,FR,FR,forecast_offshore_wind_generation,Wind Offshore,2026-06-11T21:19:02Z
2026-06-11T21:18:08Z,2026-06-11T23:18:08+0200,4e273271-2dd1-4145-994c-b9bfe17baf4e,2026-06-04T06:00:00Z,2026-06-04T08:00:00+0200,1691.14001,MW,FR,FR,forecast_offshore_wind_generation,Wind Offshore,2026-06-11T21:19:02Z
2026-06-11T21:18:08Z,2026-06-11T23:18:08+0200,4e273271-2dd1-4145-994c-b9bfe17baf4e,2026-06-04T06:15:00Z,2026-06-04T08:15:00+0200,1691.72009,MW,FR,FR,forecast_offshore_wind_generation,Wind Offshore,2026-06-11T21:19:02Z
2026-06-11T21:18:08Z,2026-06-11T23:18:08+0200,4e273271-2dd1-4145-994c-b9bfe17baf4e,2026-06-04T06:30:00Z,2026-06-04T08:30:00+0200,1692.29004,MW,FR,FR,forecast_offshore_wind_generation,Wind Offshore,2026-06-11T21:19:02Z
2026-06-11T21:18:08Z,2026-06-11T23:18:08+0200,4e273271-2dd1-4145-994c-b9bfe17baf4e,2026-06-04T06:45:00Z,2026-06-04T08:45:00+0200,1692.84998,MW,FR,FR,forecast_offshore_wind_generation,Wind Offshore,2026-06-11T21:19:02Z
2026-06-11T21:18:08Z,2026-06-11T23:18:08+0200,4e273271-2dd1-4145-994c-b9bfe17baf4e,2026-06-04T07:00:00Z,2026-06-04T09:00:00+0200,1693.39001,MW,FR,FR,forecast_offshore_wind_generation,Wind Offshore,2026-06-11T21:19:02Z
2026-06-11T21:18:08Z,2026-06-11T23:18:08+0200,4e273271-2dd1-4145-994c-b9bfe17baf4e,2026-06-04T07:15:00Z,2026-06-04T09:15:00+0200,1689.79004,MW,FR,FR,forecast_offshore_wind_generation,Wind Offshore,2026-06-11T21:19:02Z
2026-06-11T21:18:08Z,2026-06-11T23:18:08+0200,4e273271-2dd1-4145-994c-b9bfe17baf4e,2026-06-04T07:30:00Z,2026-06-04T09:30:00+0200,1686.20996,MW,FR,FR,forecast_offshore_wind_generation,Wind Offshore,2026-06-11T21:19:02Z
2026-06-11T21:18:08Z,2026-06-11T23:18:08+0200,4e273271-2dd1-4145-994c-b9bfe17baf4e,2026-06-04T07:45:00Z,2026-06-04T09:45:00+0200,1682.62,MW,FR,FR,forecast_offshore_wind_generation,Wind Offshore,2026-06-11T21:19:02Z
2026-06-11T21:18:08Z,2026-06-11T23:18:08+0200,4e273271-2dd1-4145-994c-b9bfe17baf4e,2026-06-04T08:00:00Z,2026-06-04T10:00:00+0200,1679.03003,MW,FR,FR,forecast_offshore_wind_generation,Wind Offshore,2026-06-11T21:19:02Z
2026-06-11T21:18:08Z,2026-06-11T23:18:08+0200,4e273271-2dd1-4145-994c-b9bfe17baf4e,2026-06-04T08:15:00Z,2026-06-04T10:15:00+0200,1684.3999,MW,FR,FR,forecast_offshore_wind_generation,Wind Offshore,2026-06-11T21:19:02Z
2026-06-11T21:18:08Z,2026-06-11T23:18:08+0200,4e273271-2dd1-4145-994c-b9bfe17baf4e,2026-06-04T08:30:00Z,2026-06-04T10:30:00+0200,1689.73999,MW,FR,FR,forecast_offshore_wind_generation,Wind Offshore,2026-06-11T21:19:02Z
2026-06-11T21:18:08Z,2026-06-11T23:18:08+0200,4e273271-2dd1-4145-994c-b9bfe17baf4e,2026-06-04T08:45:00Z,2026-06-04T10:45:00+0200,1695.13,MW,FR,FR,forecast_offshore_wind_generation,Wind Offshore,2026-06-11T21:19:02Z
2026-06-11T21:18:08Z,2026-06-11T23:18:08+0200,4e273271-2dd1-4145-994c-b9bfe17baf4e,2026-06-04T09:00:00Z,2026-06-04T11:00:00+0200,1700.48999,MW,FR,FR,forecast_offshore_wind_generation,Wind Offshore,2026-06-11T21:19:02Z
2026-06-11T21:18:08Z,2026-06-11T23:18:08+0200,4e273271-2dd1-4145-994c-b9bfe17baf4e,2026-06-04T09:15:00Z,2026-06-04T11:15:00+0200,1697.58997,MW,FR,FR,forecast_offshore_wind_generation,Wind Offshore,2026-06-11T21:19:02Z
2026-06-11T21:18:08Z,2026-06-11T23:18:08+0200,4e273271-2dd1-4145-994c-b9bfe17baf4e,2026-06-04T09:30:00Z,2026-06-04T11:30:00+0200,1694.68994,MW,FR,FR,forecast_offshore_wind_generation,Wind Offshore,2026-06-11T21:19:02Z
2026-06-11T21:18:08Z,2026-06-11T23:18:08+0200,4e273271-2dd1-4145-994c-b9bfe17baf4e,2026-06-04T09:45:00Z,2026-06-04T11:45:00+0200,1691.75,MW,FR,FR,forecast_offshore_wind_generation,Wind Offshore,2026-06-11T21:19:02Z
2026-06-11T21:18:08Z,2026-06-11T23:18:08+0200,4e273271-2dd1-4145-994c-b9bfe17baf4e,2026-06-04T10:00:00Z,2026-06-04T12:00:00+0200,1688.82007,MW,FR,FR,forecast_offshore_wind_generation,Wind Offshore,2026-06-11T21:19:02Z
2026-06-11T21:18:08Z,2026-06-11T23:18:08+0200,4e273271-2dd1-4145-994c-b9bfe17baf4e,2026-06-04T10:15:00Z,2026-06-04T12:15:00+0200,1687.12,MW,FR,FR,forecast_offshore_wind_generation,Wind Offshore,2026-06-11T21:19:02Z
2026-06-11T21:18:08Z,2026-06-11T23:18:08+0200,4e273271-2dd1-4145-994c-b9bfe17baf4e,2026-06-04T10:30:00Z,2026-06-04T12:30:00+0200,1685.40002,MW,FR,FR,forecast_offshore_wind_generation,Wind Offshore,2026-06-11T21:19:02Z
2026-06-11T21:18:08Z,2026-06-11T23:18:08+0200,4e273271-2dd1-4145-994c-b9bfe17baf4e,2026-06-04T10:45:00Z,2026-06-04T12:45:00+0200,1683.68994,MW,FR,FR,forecast_offshore_wind_generation,Wind Offshore,2026-06-11T21:19:02Z
2026-06-11T21:18:08Z,2026-06-11T23:18:08+0200,4e273271-2dd1-4145-994c-b9bfe17baf4e,2026-06-04T11:00:00Z,2026-06-04T13:00:00+0200,1681.97998,MW,FR,FR,forecast_offshore_wind_generation,Wind Offshore,2026-06-11T21:19:02Z
2026-06-11T21:18:08Z,2026-06-11T23:18:08+0200,4e273271-2dd1-4145-994c-b9bfe17baf4e,2026-06-04T11:15:00Z,2026-06-04T13:15:00+0200,1680.06006,MW,FR,FR,forecast_offshore_wind_generation,Wind Offshore,2026-06-11T21:19:02Z
2026-06-11T21:18:08Z,2026-06-11T23:18:08+0200,4e273271-2dd1-4145-994c-b9bfe17baf4e,2026-06-04T11:30:00Z,2026-06-04T13:30:00+0200,1678.14001,MW,FR,FR,forecast_offshore_wind_generation,Wind Offshore,2026-06-11T21:19:02Z
2026-06-11T21:18:08Z,2026-06-11T23:18:08+0200,4e273271-2dd1-4145-994c-b9bfe17baf4e,2026-06-04T11:45:00Z,2026-06-04T13:45:00+0200,1676.29004,MW,FR,FR,forecast_offshore_wind_generation,Wind Offshore,2026-06-11T21:19:02Z
2026-06-11T21:18:08Z,2026-06-11T23:18:08+0200,4e273271-2dd1-4145-994c-b9bfe17baf4e,2026-06-04T12:00:00Z,2026-06-04T14:00:00+0200,1674.42004,MW,FR,FR,forecast_offshore_wind_generation,Wind Offshore,2026-06-11T21:19:02Z
2026-06-11T21:18:08Z,2026-06-11T23:18:08+0200,4e273271-2dd1-4145-994c-b9bfe17baf4e,2026-06-04T12:15:00Z,2026-06-04T14:15:00+0200,1671.14014,MW,FR,FR,forecast_offshore_wind_generation,Wind Offshore,2026-06-11T21:19:02Z
2026-06-11T21:18:08Z,2026-06-11T23:18:08+0200,4e273271-2dd1-4145-994c-b9bfe17baf4e,2026-06-04T12:30:00Z,2026-06-04T14:30:00+0200,1667.87,MW,FR,FR,forecast_offshore_wind_generation,Wind Offshore,2026-06-11T21:19:02Z
2026-06-11T21:18:08Z,2026-06-11T23:18:08+0200,4e273271-2dd1-4145-994c-b9bfe17baf4e,2026-06-04T12:45:00Z,2026-06-04T14:45:00+0200,1664.66992,MW,FR,FR,forecast_offshore_wind_generation,Wind Offshore,2026-06-11T21:19:02Z
2026-06-11T21:18:08Z,2026-06-11T23:18:08+0200,4e273271-2dd1-4145-994c-b9bfe17baf4e,2026-06-04T13:00:00Z,2026-06-04T15:00:00+0200,1661.46997,MW,FR,FR,forecast_offshore_wind_generation,Wind Offshore,2026-06-11T21:19:02Z
2026-06-11T21:18:08Z,2026-06-11T23:18:08+0200,4e273271-2dd1-4145-994c-b9bfe17baf4e,2026-06-04T13:15:00Z,2026-06-04T15:15:00+0200,1671.70996,MW,FR,FR,forecast_offshore_wind_generation,Wind Offshore,2026-06-11T21:19:02Z
2026-06-11T21:18:08Z,2026-06-11T23:18:08+0200,4e273271-2dd1-4145-994c-b9bfe17baf4e,2026-06-04T13:30:00Z,2026-06-04T15:30:00+0200,1681.96997,MW,FR,FR,forecast_offshore_wind_generation,Wind Offshore,2026-06-11T21:19:02Z
2026-06-11T21:18:08Z,2026-06-11T23:18:08+0200,4e273271-2dd1-4145-994c-b9bfe17baf4e,2026-06-04T13:45:00Z,2026-06-04T15:45:00+0200,1692.29016,MW,FR,FR,forecast_offshore_wind_generation,Wind Offshore,2026-06-11T21:19:02Z
2026-06-11T21:18:08Z,2026-06-11T23:18:08+0200,4e273271-2dd1-4145-994c-b9bfe17baf4e,2026-06-04T14:00:00Z,2026-06-04T16:00:00+0200,1702.60999,MW,FR,FR,forecast_offshore_wind_generation,Wind Offshore,2026-06-11T21:19:02Z
2026-06-11T21:18:08Z,2026-06-11T23:18:08+0200,4e273271-2dd1-4145-994c-b9bfe17baf4e,2026-06-04T14:15:00Z,2026-06-04T16:15:00+0200,1704.92993,MW,FR,FR,forecast_offshore_wind_generation,Wind Offshore,2026-06-11T21:19:02Z
2026-06-11T21:18:08Z,2026-06-11T23:18:08+0200,4e273271-2dd1-4145-994c-b9bfe17baf4e,2026-06-04T14:30:00Z,2026-06-04T16:30:00+0200,1707.25,MW,FR,FR,forecast_offshore_wind_generation,Wind Offshore,2026-06-11T21:19:02Z
2026-06-11T21:18:08Z,2026-06-11T23:18:08+0200,4e273271-2dd1-4145-994c-b9bfe17baf4e,2026-06-04T14:45:00Z,2026-06-04T16:45:00+0200,1709.63,MW,FR,FR,forecast_offshore_wind_generation,Wind Offshore,2026-06-11T21:19:02Z
2026-06-11T21:18:08Z,2026-06-11T23:18:08+0200,4e273271-2dd1-4145-994c-b9bfe17baf4e,2026-06-04T15:00:00Z,2026-06-04T17:00:00+0200,1712.0,MW,FR,FR,forecast_offshore_wind_generation,Wind Offshore,2026-06-11T21:19:02Z
2026-06-11T21:18:08Z,2026-06-11T23:18:08+0200,4e273271-2dd1-4145-994c-b9bfe17baf4e,2026-06-04T15:15:00Z,2026-06-04T17:15:00+0200,1710.57007,MW,FR,FR,forecast_offshore_wind_generation,Wind Offshore,2026-06-11T21:19:02Z
2026-06-11T21:18:08Z,2026-06-11T23:18:08+0200,4e273271-2dd1-4145-994c-b9bfe17baf4e,2026-06-04T15:30:00Z,2026-06-04T17:30:00+0200,1709.13989,MW,FR,FR,forecast_offshore_wind_generation,Wind Offshore,2026-06-11T21:19:02Z
2026-06-11T21:18:08Z,2026-06-11T23:18:08+0200,4e273271-2dd1-4145-994c-b9bfe17baf4e,2026-06-04T15:45:00Z,2026-06-04T17:45:00+0200,1707.78003,MW,FR,FR,forecast_offshore_wind_generation,Wind Offshore,2026-06-11T21:19:02Z
2026-06-11T21:18:08Z,2026-06-11T23:18:08+0200,4e273271-2dd1-4145-994c-b9bfe17baf4e,2026-06-04T16:00:00Z,2026-06-04T18:00:00+0200,1706.40991,MW,FR,FR,forecast_offshore_wind_generation,Wind Offshore,2026-06-11T21:19:02Z
2026-06-11T21:18:08Z,2026-06-11T23:18:08+0200,4e273271-2dd1-4145-994c-b9bfe17baf4e,2026-06-04T16:15:00Z,2026-06-04T18:15:00+0200,1703.75,MW,FR,FR,forecast_offshore_wind_generation,Wind Offshore,2026-06-11T21:19:02Z
2026-06-11T21:18:08Z,2026-06-11T23:18:08+0200,4e273271-2dd1-4145-994c-b9bfe17baf4e,2026-06-04T16:30:00Z,2026-06-04T18:30:00+0200,1701.07007,MW,FR,FR,forecast_offshore_wind_generation,Wind Offshore,2026-06-11T21:19:02Z
2026-06-11T21:18:08Z,2026-06-11T23:18:08+0200,4e273271-2dd1-4145-994c-b9bfe17baf4e,2026-06-04T16:45:00Z,2026-06-04T18:45:00+0200,1698.37988,MW,FR,FR,forecast_offshore_wind_generation,Wind Offshore,2026-06-11T21:19:02Z
2026-06-11T21:18:08Z,2026-06-11T23:18:08+0200,4e273271-2dd1-4145-994c-b9bfe17baf4e,2026-06-04T17:00:00Z,2026-06-04T19:00:00+0200,1695.65002,MW,FR,FR,forecast_offshore_wind_generation,Wind Offshore,2026-06-11T21:19:02Z
2026-06-11T21:18:08Z,2026-06-11T23:18:08+0200,4e273271-2dd1-4145-994c-b9bfe17baf4e,2026-06-04T17:15:00Z,2026-06-04T19:15:00+0200,1693.98999,MW,FR,FR,forecast_offshore_wind_generation,Wind Offshore,2026-06-11T21:19:02Z
2026-06-11T21:18:08Z,2026-06-11T23:18:08+0200,4e273271-2dd1-4145-994c-b9bfe17baf4e,2026-06-04T17:30:00Z,2026-06-04T19:30:00+0200,1692.31006,MW,FR,FR,forecast_offshore_wind_generation,Wind Offshore,2026-06-11T21:19:02Z
2026-06-11T21:18:08Z,2026-06-11T23:18:08+0200,4e273271-2dd1-4145-994c-b9bfe17baf4e,2026-06-04T17:45:00Z,2026-06-04T19:45:00+0200,1690.58997,MW,FR,FR,forecast_offshore_wind_generation,Wind Offshore,2026-06-11T21:19:02Z
2026-06-11T21:18:08Z,2026-06-11T23:18:08+0200,4e273271-2dd1-4145-994c-b9bfe17baf4e,2026-06-04T18:00:00Z,2026-06-04T20:00:00+0200,1688.88989,MW,FR,FR,forecast_offshore_wind_generation,Wind Offshore,2026-06-11T21:19:02Z
2026-06-11T21:18:08Z,2026-06-11T23:18:08+0200,4e273271-2dd1-4145-994c-b9bfe17baf4e,2026-06-04T18:15:00Z,2026-06-04T20:15:00+0200,1682.56006,MW,FR,FR,forecast_offshore_wind_generation,Wind Offshore,2026-06-11T21:19:02Z
2026-06-11T21:18:08Z,2026-06-11T23:18:08+0200,4e273271-2dd1-4145-994c-b9bfe17baf4e,2026-06-04T18:30:00Z,2026-06-04T20:30:00+0200,1676.22998,MW,FR,FR,forecast_offshore_wind_generation,Wind Offshore,2026-06-11T21:19:02Z
2026-06-11T21:18:08Z,2026-06-11T23:18:08+0200,4e273271-2dd1-4145-994c-b9bfe17baf4e,2026-06-04T18:45:00Z,2026-06-04T20:45:00+0200,1669.82007,MW,FR,FR,forecast_offshore_wind_generation,Wind Offshore,2026-06-11T21:19:02Z
2026-06-11T21:18:08Z,2026-06-11T23:18:08+0200,4e273271-2dd1-4145-994c-b9bfe17baf4e,2026-06-04T19:00:00Z,2026-06-04T21:00:00+0200,1663.41992,MW,FR,FR,forecast_offshore_wind_generation,Wind Offshore,2026-06-11T21:19:02Z
2026-06-11T21:18:08Z,2026-06-11T23:18:08+0200,4e273271-2dd1-4145-994c-b9bfe17baf4e,2026-06-04T19:15:00Z,2026-06-04T21:15:00+0200,1649.45996,MW,FR,FR,forecast_offshore_wind_generation,Wind Offshore,2026-06-11T21:19:02Z
2026-06-11T21:18:08Z,2026-06-11T23:18:08+0200,4e273271-2dd1-4145-994c-b9bfe17baf4e,2026-06-04T19:30:00Z,2026-06-04T21:30:00+0200,1635.52002,MW,FR,FR,forecast_offshore_wind_generation,Wind Offshore,2026-06-11T21:19:02Z
2026-06-11T21:18:08Z,2026-06-11T23:18:08+0200,4e273271-2dd1-4145-994c-b9bfe17baf4e,2026-06-04T19:45:00Z,2026-06-04T21:45:00+0200,1621.51001,MW,FR,FR,forecast_offshore_wind_generation,Wind Offshore,2026-06-11T21:19:02Z
2026-06-11T21:18:08Z,2026-06-11T23:18:08+0200,4e273271-2dd1-4145-994c-b9bfe17baf4e,2026-06-04T20:00:00Z,2026-06-04T22:00:00+0200,1607.51001,MW,FR,FR,forecast_offshore_wind_generation,Wind Offshore,2026-06-11T21:19:02Z
2026-06-11T21:18:08Z,2026-06-11T23:18:08+0200,4e273271-2dd1-4145-994c-b9bfe17baf4e,2026-06-04T20:15:00Z,2026-06-04T22:15:00+0200,1585.69995,MW,FR,FR,forecast_offshore_wind_generation,Wind Offshore,2026-06-11T21:19:02Z
2026-06-11T21:18:08Z,2026-06-11T23:18:08+0200,4e273271-2dd1-4145-994c-b9bfe17baf4e,2026-06-04T20:30:00Z,2026-06-04T22:30:00+0200,1563.88,MW,FR,FR,forecast_offshore_wind_generation,Wind Offshore,2026-06-11T21:19:02Z
2026-06-11T21:18:08Z,2026-06-11T23:18:08+0200,4e273271-2dd1-4145-994c-b9bfe17baf4e,2026-06-04T20:45:00Z,2026-06-04T22:45:00+0200,1542.06006,MW,FR,FR,forecast_offshore_wind_generation,Wind Offshore,2026-06-11T21:19:02Z
2026-06-11T21:18:08Z,2026-06-11T23:18:08+0200,4e273271-2dd1-4145-994c-b9bfe17baf4e,2026-06-04T21:00:00Z,2026-06-04T23:00:00+0200,1520.23999,MW,FR,FR,forecast_offshore_wind_generation,Wind Offshore,2026-06-11T21:19:02Z
2026-06-11T21:18:08Z,2026-06-11T23:18:08+0200,4e273271-2dd1-4145-994c-b9bfe17baf4e,2026-06-04T21:15:00Z,2026-06-04T23:15:00+0200,1484.39001,MW,FR,FR,forecast_offshore_wind_generation,Wind Offshore,2026-06-11T21:19:02Z
2026-06-11T21:18:08Z,2026-06-11T23:18:08+0200,4e273271-2dd1-4145-994c-b9bfe17baf4e,2026-06-04T21:30:00Z,2026-06-04T23:30:00+0200,1448.55005,MW,FR,FR,forecast_offshore_wind_generation,Wind Offshore,2026-06-11T21:19:02Z
2026-06-11T21:18:08Z,2026-06-11T23:18:08+0200,4e273271-2dd1-4145-994c-b9bfe17baf4e,2026-06-04T21:45:00Z,2026-06-04T23:45:00+0200,1412.65991,MW,FR,FR,forecast_offshore_wind_generation,Wind Offshore,2026-06-11T21:19:02Z
2026-06-11T21:18:08Z,2026-06-11T23:18:08+0200,4e273271-2dd1-4145-994c-b9bfe17baf4e,2026-06-04T22:00:00Z,2026-06-05T00:00:00+0200,1420.05005,MW,FR,FR,forecast_offshore_wind_generation,Wind Offshore,2026-06-11T21:19:02Z
2026-06-11T21:18:08Z,2026-06-11T23:18:08+0200,4e273271-2dd1-4145-994c-b9bfe17baf4e,2026-06-04T22:15:00Z,2026-06-05T00:15:00+0200,1396.57996,MW,FR,FR,forecast_offshore_wind_generation,Wind Offshore,2026-06-11T21:19:02Z
2026-06-11T21:18:08Z,2026-06-11T23:18:08+0200,4e273271-2dd1-4145-994c-b9bfe17baf4e,2026-06-04T22:30:00Z,2026-06-05T00:30:00+0200,1373.09998,MW,FR,FR,forecast_offshore_wind_generation,Wind Offshore,2026-06-11T21:19:02Z
2026-06-11T21:18:08Z,2026-06-11T23:18:08+0200,4e273271-2dd1-4145-994c-b9bfe17baf4e,2026-06-04T22:45:00Z,2026-06-05T00:45:00+0200,1349.25989,MW,FR,FR,forecast_offshore_wind_generation,Wind Offshore,2026-06-11T21:19:02Z
2026-06-11T21:18:08Z,2026-06-11T23:18:08+0200,4e273271-2dd1-4145-994c-b9bfe17baf4e,2026-06-04T23:00:00Z,2026-06-05T01:00:00+0200,1325.43994,MW,FR,FR,forecast_offshore_wind_generation,Wind Offshore,2026-06-11T21:19:02Z
2026-06-11T21:18:08Z,2026-06-11T23:18:08+0200,4e273271-2dd1-4145-994c-b9bfe17baf4e,2026-06-04T23:15:00Z,2026-06-05T01:15:00+0200,1303.60999,MW,FR,FR,forecast_offshore_wind_generation,Wind Offshore,2026-06-11T21:19:02Z
2026-06-11T21:18:08Z,2026-06-11T23:18:08+0200,4e273271-2dd1-4145-994c-b9bfe17baf4e,2026-06-04T23:30:00Z,2026-06-05T01:30:00+0200,1281.77991,MW,FR,FR,forecast_offshore_wind_generation,Wind Offshore,2026-06-11T21:19:02Z
2026-06-11T21:18:08Z,2026-06-11T23:18:08+0200,4e273271-2dd1-4145-994c-b9bfe17baf4e,2026-06-04T23:45:00Z,2026-06-05T01:45:00+0200,1259.83008,MW,FR,FR,forecast_offshore_wind_generation,Wind Offshore,2026-06-11T21:19:02Z
2026-06-11T21:18:08Z,2026-06-11T23:18:08+0200,4e273271-2dd1-4145-994c-b9bfe17baf4e,2026-06-05T00:00:00Z,2026-06-05T02:00:00+0200,1237.88,MW,FR,FR,forecast_offshore_wind_generation,Wind Offshore,2026-06-11T21:19:02Z
2026-06-11T21:18:08Z,2026-06-11T23:18:08+0200,4e273271-2dd1-4145-994c-b9bfe17baf4e,2026-06-05T00:15:00Z,2026-06-05T02:15:00+0200,1216.43994,MW,FR,FR,forecast_offshore_wind_generation,Wind Offshore,2026-06-11T21:19:02Z
2026-06-11T21:18:08Z,2026-06-11T23:18:08+0200,4e273271-2dd1-4145-994c-b9bfe17baf4e,2026-06-05T00:30:00Z,2026-06-05T02:30:00+0200,1194.98999,MW,FR,FR,forecast_offshore_wind_generation,Wind Offshore,2026-06-11T21:19:02Z
2026-06-11T21:18:08Z,2026-06-11T23:18:08+0200,4e273271-2dd1-4145-994c-b9bfe17baf4e,2026-06-05T00:45:00Z,2026-06-05T02:45:00+0200,1173.56006,MW,FR,FR,forecast_offshore_wind_generation,Wind Offshore,2026-06-11T21:19:02Z
2026-06-11T21:18:08Z,2026-06-11T23:18:08+0200,4e273271-2dd1-4145-994c-b9bfe17baf4e,2026-06-05T01:00:00Z,2026-06-05T03:00:00+0200,1152.12,MW,FR,FR,forecast_offshore_wind_generation,Wind Offshore,2026-06-11T21:19:02Z
2026-06-11T21:18:08Z,2026-06-11T23:18:08+0200,4e273271-2dd1-4145-994c-b9bfe17baf4e,2026-06-05T01:15:00Z,2026-06-05T03:15:00+0200,1133.28003,MW,FR,FR,forecast_offshore_wind_generation,Wind Offshore,2026-06-11T21:19:02Z
2026-06-11T21:18:08Z,2026-06-11T23:18:08+0200,4e273271-2dd1-4145-994c-b9bfe17baf4e,2026-06-05T01:30:00Z,2026-06-05T03:30:00+0200,1114.44995,MW,FR,FR,forecast_offshore_wind_generation,Wind Offshore,2026-06-11T21:19:02Z
2026-06-11T21:18:08Z,2026-06-11T23:18:08+0200,4e273271-2dd1-4145-994c-b9bfe17baf4e,2026-06-05T01:45:00Z,2026-06-05T03:45:00+0200,1095.63,MW,FR,FR,forecast_offshore_wind_generation,Wind Offshore,2026-06-11T21:19:02Z
2026-06-11T21:18:08Z,2026-06-11T23:18:08+0200,4e273271-2dd1-4145-994c-b9bfe17baf4e,2026-06-05T02:00:00Z,2026-06-05T04:00:00+0200,1076.79004,MW,FR,FR,forecast_offshore_wind_generation,Wind Offshore,2026-06-11T21:19:02Z
2026-06-11T21:18:08Z,2026-06-11T23:18:08+0200,4e273271-2dd1-4145-994c-b9bfe17baf4e,2026-06-05T02:15:00Z,2026-06-05T04:15:00+0200,1028.04004,MW,FR,FR,forecast_offshore_wind_generation,Wind Offshore,2026-06-11T21:19:02Z
2026-06-11T21:18:08Z,2026-06-11T23:18:08+0200,4e273271-2dd1-4145-994c-b9bfe17baf4e,2026-06-05T02:30:00Z,2026-06-05T04:30:00+0200,979.28009,MW,FR,FR,forecast_offshore_wind_generation,Wind Offshore,2026-06-11T21:19:02Z
2026-06-11T21:18:08Z,2026-06-11T23:18:08+0200,4e273271-2dd1-4145-994c-b9bfe17baf4e,2026-06-05T02:45:00Z,2026-06-05T04:45:00+0200,930.50006,MW,FR,FR,forecast_offshore_wind_generation,Wind Offshore,2026-06-11T21:19:02Z
2026-06-11T21:18:08Z,2026-06-11T23:18:08+0200,4e273271-2dd1-4145-994c-b9bfe17baf4e,2026-06-05T03:00:00Z,2026-06-05T05:00:00+0200,881.73999,MW,FR,FR,forecast_offshore_wind_generation,Wind Offshore,2026-06-11T21:19:02Z
2026-06-11T21:18:08Z,2026-06-11T23:18:08+0200,4e273271-2dd1-4145-994c-b9bfe17baf4e,2026-06-05T03:15:00Z,2026-06-05T05:15:00+0200,863.09009,MW,FR,FR,forecast_offshore_wind_generation,Wind Offshore,2026-06-11T21:19:02Z
2026-06-11T21:18:08Z,2026-06-11T23:18:08+0200,4e273271-2dd1-4145-994c-b9bfe17baf4e,2026-06-05T03:30:00Z,2026-06-05T05:30:00+0200,844.47003,MW,FR,FR,forecast_offshore_wind_generation,Wind Offshore,2026-06-11T21:19:02Z
2026-06-11T21:18:08Z,2026-06-11T23:18:08+0200,4e273271-2dd1-4145-994c-b9bfe17baf4e,2026-06-05T03:45:00Z,2026-06-05T05:45:00+0200,825.73999,MW,FR,FR,forecast_offshore_wind_generation,Wind Offshore,2026-06-11T21:19:02Z
2026-06-11T21:18:08Z,2026-06-11T23:18:08+0200,4e273271-2dd1-4145-994c-b9bfe17baf4e,2026-06-05T04:00:00Z,2026-06-05T06:00:00+0200,807.0,MW,FR,FR,forecast_offshore_wind_generation,Wind Offshore,2026-06-11T21:19:02Z
2026-06-11T21:18:08Z,2026-06-11T23:18:08+0200,4e273271-2dd1-4145-994c-b9bfe17baf4e,2026-06-05T04:15:00Z,2026-06-05T06:15:00+0200,776.01001,MW,FR,FR,forecast_offshore_wind_generation,Wind Offshore,2026-06-11T21:19:02Z
2026-06-11T21:18:08Z,2026-06-11T23:18:08+0200,4e273271-2dd1-4145-994c-b9bfe17baf4e,2026-06-05T04:30:00Z,2026-06-05T06:30:00+0200,745.03003,MW,FR,FR,forecast_offshore_wind_generation,Wind Offshore,2026-06-11T21:19:02Z
2026-06-11T21:18:08Z,2026-06-11T23:18:08+0200,4e273271-2dd1-4145-994c-b9bfe17baf4e,2026-06-05T04:45:00Z,2026-06-05T06:45:00+0200,713.93994,MW,FR,FR,forecast_offshore_wind_generation,Wind Offshore,2026-06-11T21:19:02Z
2026-06-11T21:18:08Z,2026-06-11T23:18:08+0200,4e273271-2dd1-4145-994c-b9bfe17baf4e,2026-06-05T05:00:00Z,2026-06-05T07:00:00+0200,682.85999,MW,FR,FR,forecast_offshore_wind_generation,Wind Offshore,2026-06-11T21:19:02Z
2026-06-11T21:18:08Z,2026-06-11T23:18:08+0200,4e273271-2dd1-4145-994c-b9bfe17baf4e,2026-06-05T05:15:00Z,2026-06-05T07:15:00+0200,655.84003,MW,FR,FR,forecast_offshore_wind_generation,Wind Offshore,2026-06-11T21:19:02Z
2026-06-11T21:18:08Z,2026-06-11T23:18:08+0200,4e273271-2dd1-4145-994c-b9bfe17baf4e,2026-06-05T05:30:00Z,2026-06-05T07:30:00+0200,628.84003,MW,FR,FR,forecast_offshore_wind_generation,Wind Offshore,2026-06-11T21:19:02Z
2026-06-11T21:18:08Z,2026-06-11T23:18:08+0200,4e273271-2dd1-4145-994c-b9bfe17baf4e,2026-06-05T05:45:00Z,2026-06-05T07:45:00+0200,601.75,MW,FR,FR,forecast_offshore_wind_generation,Wind Offshore,2026-06-11T21:19:02Z
2026-06-11T21:18:08Z,2026-06-11T23:18:08+0200,4e273271-2dd1-4145-994c-b9bfe17baf4e,2026-06-05T06:00:00Z,2026-06-05T08:00:00+0200,574.65002,MW,FR,FR,forecast_offshore_wind_generation,Wind Offshore,2026-06-11T21:19:02Z
2026-06-11T21:18:08Z,2026-06-11T23:18:08+0200,4e273271-2dd1-4145-994c-b9bfe17baf4e,2026-06-05T06:15:00Z,2026-06-05T08:15:00+0200,542.44,MW,FR,FR,forecast_offshore_wind_generation,Wind Offshore,2026-06-11T21:19:02Z
2026-06-11T21:18:08Z,2026-06-11T23:18:08+0200,4e273271-2dd1-4145-994c-b9bfe17baf4e,2026-06-05T06:30:00Z,2026-06-05T08:30:00+0200,510.23999,MW,FR,FR,forecast_offshore_wind_generation,Wind Offshore,2026-06-11T21:19:02Z
2026-06-11T21:18:08Z,2026-06-11T23:18:08+0200,4e273271-2dd1-4145-994c-b9bfe17baf4e,2026-06-05T06:45:00Z,2026-06-05T08:45:00+0200,477.97,MW,FR,FR,forecast_offshore_wind_generation,Wind Offshore,2026-06-11T21:19:02Z
2026-06-11T21:18:08Z,2026-06-11T23:18:08+0200,4e273271-2dd1-4145-994c-b9bfe17baf4e,2026-06-05T07:00:00Z,2026-06-05T09:00:00+0200,445.70996,MW,FR,FR,forecast_offshore_wind_generation,Wind Offshore,2026-06-11T21:19:02Z
2026-06-11T21:18:08Z,2026-06-11T23:18:08+0200,4e273271-2dd1-4145-994c-b9bfe17baf4e,2026-06-05T07:15:00Z,2026-06-05T09:15:00+0200,423.69,MW,FR,FR,forecast_offshore_wind_generation,Wind Offshore,2026-06-11T21:19:02Z
2026-06-11T21:18:08Z,2026-06-11T23:18:08+0200,4e273271-2dd1-4145-994c-b9bfe17baf4e,2026-06-05T07:30:00Z,2026-06-05T09:30:00+0200,401.84003,MW,FR,FR,forecast_offshore_wind_generation,Wind Offshore,2026-06-11T21:19:02Z
2026-06-11T21:18:08Z,2026-06-11T23:18:08+0200,4e273271-2dd1-4145-994c-b9bfe17baf4e,2026-06-05T07:45:00Z,2026-06-05T09:45:00+0200,380.98999,MW,FR,FR,forecast_offshore_wind_generation,Wind Offshore,2026-06-11T21:19:02Z
2026-06-11T21:18:08Z,2026-06-11T23:18:08+0200,4e273271-2dd1-4145-994c-b9bfe17baf4e,2026-06-05T08:00:00Z,2026-06-05T10:00:00+0200,360.14996,MW,FR,FR,forecast_offshore_wind_generation,Wind Offshore,2026-06-11T21:19:02Z
2026-06-11T21:18:08Z,2026-06-11T23:18:08+0200,4e273271-2dd1-4145-994c-b9bfe17baf4e,2026-06-05T08:15:00Z,2026-06-05T10:15:00+0200,349.53003,MW,FR,FR,forecast_offshore_wind_generation,Wind Offshore,2026-06-11T21:19:02Z
2026-06-11T21:18:08Z,2026-06-11T23:18:08+0200,4e273271-2dd1-4145-994c-b9bfe17baf4e,2026-06-05T08:30:00Z,2026-06-05T10:30:00+0200,338.91,MW,FR,FR,forecast_offshore_wind_generation,Wind Offshore,2026-06-11T21:19:02Z
2026-06-11T21:18:08Z,2026-06-11T23:18:08+0200,4e273271-2dd1-4145-994c-b9bfe17baf4e,2026-06-05T08:45:00Z,2026-06-05T10:45:00+0200,328.31,MW,FR,FR,forecast_offshore_wind_generation,Wind Offshore,2026-06-11T21:19:02Z
2026-06-11T21:18:08Z,2026-06-11T23:18:08+0200,4e273271-2dd1-4145-994c-b9bfe17baf4e,2026-06-05T09:00:00Z,2026-06-05T11:00:00+0200,317.69,MW,FR,FR,forecast_offshore_wind_generation,Wind Offshore,2026-06-11T21:19:02Z
2026-06-11T21:18:08Z,2026-06-11T23:18:08+0200,4e273271-2dd1-4145-994c-b9bfe17baf4e,2026-06-05T09:15:00Z,2026-06-05T11:15:00+0200,307.04001,MW,FR,FR,forecast_offshore_wind_generation,Wind Offshore,2026-06-11T21:19:02Z
2026-06-11T21:18:08Z,2026-06-11T23:18:08+0200,4e273271-2dd1-4145-994c-b9bfe17baf4e,2026-06-05T09:30:00Z,2026-06-05T11:30:00+0200,299.54999,MW,FR,FR,forecast_offshore_wind_generation,Wind Offshore,2026-06-11T21:19:02Z
2026-06-11T21:18:08Z,2026-06-11T23:18:08+0200,4e273271-2dd1-4145-994c-b9bfe17baf4e,2026-06-05T09:45:00Z,2026-06-05T11:45:00+0200,292.05002,MW,FR,FR,forecast_offshore_wind_generation,Wind Offshore,2026-06-11T21:19:02Z
2026-06-11T21:18:08Z,2026-06-11T23:18:08+0200,4e273271-2dd1-4145-994c-b9bfe17baf4e,2026-06-05T10:00:00Z,2026-06-05T12:00:00+0200,284.54004,MW,FR,FR,forecast_offshore_wind_generation,Wind Offshore,2026-06-11T21:19:02Z
2026-06-11T21:18:08Z,2026-06-11T23:18:08+0200,4e273271-2dd1-4145-994c-b9bfe17baf4e,2026-06-05T10:15:00Z,2026-06-05T12:15:00+0200,272.67001,MW,FR,FR,forecast_offshore_wind_generation,Wind Offshore,2026-06-11T21:19:02Z
2026-06-11T21:18:08Z,2026-06-11T23:18:08+0200,4e273271-2dd1-4145-994c-b9bfe17baf4e,2026-06-05T10:30:00Z,2026-06-05T12:30:00+0200,260.79001,MW,FR,FR,forecast_offshore_wind_generation,Wind Offshore,2026-06-11T21:19:02Z
2026-06-11T21:18:08Z,2026-06-11T23:18:08+0200,4e273271-2dd1-4145-994c-b9bfe17baf4e,2026-06-05T10:45:00Z,2026-06-05T12:45:00+0200,248.92999,MW,FR,FR,forecast_offshore_wind_generation,Wind Offshore,2026-06-11T21:19:02Z
2026-06-11T21:18:08Z,2026-06-11T23:18:08+0200,4e273271-2dd1-4145-994c-b9bfe17baf4e,2026-06-05T11:00:00Z,2026-06-05T13:00:00+0200,237.06,MW,FR,FR,forecast_offshore_wind_generation,Wind Offshore,2026-06-11T21:19:02Z
2026-06-11T21:18:08Z,2026-06-11T23:18:08+0200,4e273271-2dd1-4145-994c-b9bfe17baf4e,2026-06-05T11:15:00Z,2026-06-05T13:15:00+0200,232.28,MW,FR,FR,forecast_offshore_wind_generation,Wind Offshore,2026-06-11T21:19:02Z
2026-06-11T21:18:08Z,2026-06-11T23:18:08+0200,4e273271-2dd1-4145-994c-b9bfe17baf4e,2026-06-05T11:30:00Z,2026-06-05T13:30:00+0200,227.48,MW,FR,FR,forecast_offshore_wind_generation,Wind Offshore,2026-06-11T21:19:02Z
2026-06-11T21:18:08Z,2026-06-11T23:18:08+0200,4e273271-2dd1-4145-994c-b9bfe17baf4e,2026-06-05T11:45:00Z,2026-06-05T13:45:00+0200,222.66,MW,FR,FR,forecast_offshore_wind_generation,Wind Offshore,2026-06-11T21:19:02Z
2026-06-11T21:18:08Z,2026-06-11T23:18:08+0200,4e273271-2dd1-4145-994c-b9bfe17baf4e,2026-06-05T12:00:00Z,2026-06-05T14:00:00+0200,217.84999,MW,FR,FR,forecast_offshore_wind_generation,Wind Offshore,2026-06-11T21:19:02Z
2026-06-11T21:18:08Z,2026-06-11T23:18:08+0200,4e273271-2dd1-4145-994c-b9bfe17baf4e,2026-06-05T12:15:00Z,2026-06-05T14:15:00+0200,217.37,MW,FR,FR,forecast_offshore_wind_generation,Wind Offshore,2026-06-11T21:19:02Z
2026-06-11T21:18:08Z,2026-06-11T23:18:08+0200,4e273271-2dd1-4145-994c-b9bfe17baf4e,2026-06-05T12:30:00Z,2026-06-05T14:30:00+0200,216.88,MW,FR,FR,forecast_offshore_wind_generation,Wind Offshore,2026-06-11T21:19:02Z
2026-06-11T21:18:08Z,2026-06-11T23:18:08+0200,4e273271-2dd1-4145-994c-b9bfe17baf4e,2026-06-05T12:45:00Z,2026-06-05T14:45:00+0200,216.41,MW,FR,FR,forecast_offshore_wind_generation,Wind Offshore,2026-06-11T21:19:02Z
2026-06-11T21:18:08Z,2026-06-11T23:18:08+0200,4e273271-2dd1-4145-994c-b9bfe17baf4e,2026-06-05T13:00:00Z,2026-06-05T15:00:00+0200,215.92999,MW,FR,FR,forecast_offshore_wind_generation,Wind Offshore,2026-06-11T21:19:02Z
2026-06-11T21:18:08Z,2026-06-11T23:18:08+0200,4e273271-2dd1-4145-994c-b9bfe17baf4e,2026-06-05T13:15:00Z,2026-06-05T15:15:00+0200,222.54001,MW,FR,FR,forecast_offshore_wind_generation,Wind Offshore,2026-06-11T21:19:02Z
2026-06-11T21:18:08Z,2026-06-11T23:18:08+0200,4e273271-2dd1-4145-994c-b9bfe17baf4e,2026-06-05T13:30:00Z,2026-06-05T15:30:00+0200,229.13,MW,FR,FR,forecast_offshore_wind_generation,Wind Offshore,2026-06-11T21:19:02Z
2026-06-11T21:18:08Z,2026-06-11T23:18:08+0200,4e273271-2dd1-4145-994c-b9bfe17baf4e,2026-06-05T13:45:00Z,2026-06-05T15:45:00+0200,235.79999,MW,FR,FR,forecast_offshore_wind_generation,Wind Offshore,2026-06-11T21:19:02Z
2026-06-11T21:18:08Z,2026-06-11T23:18:08+0200,4e273271-2dd1-4145-994c-b9bfe17baf4e,2026-06-05T14:00:00Z,2026-06-05T16:00:00+0200,242.44998,MW,FR,FR,forecast_offshore_wind_generation,Wind Offshore,2026-06-11T21:19:02Z
2026-06-11T21:18:08Z,2026-06-11T23:18:08+0200,4e273271-2dd1-4145-994c-b9bfe17baf4e,2026-06-05T14:15:00Z,2026-06-05T16:15:00+0200,249.23001,MW,FR,FR,forecast_offshore_wind_generation,Wind Offshore,2026-06-11T21:19:02Z
2026-06-11T21:18:08Z,2026-06-11T23:18:08+0200,4e273271-2dd1-4145-994c-b9bfe17baf4e,2026-06-05T14:30:00Z,2026-06-05T16:30:00+0200,256.01001,MW,FR,FR,forecast_offshore_wind_generation,Wind Offshore,2026-06-11T21:19:02Z
2026-06-11T21:18:08Z,2026-06-11T23:18:08+0200,4e273271-2dd1-4145-994c-b9bfe17baf4e,2026-06-05T14:45:00Z,2026-06-05T16:45:00+0200,262.87,MW,FR,FR,forecast_offshore_wind_generation,Wind Offshore,2026-06-11T21:19:02Z
2026-06-11T21:18:08Z,2026-06-11T23:18:08+0200,4e273271-2dd1-4145-994c-b9bfe17baf4e,2026-06-05T15:00:00Z,2026-06-05T17:00:00+0200,269.73001,MW,FR,FR,forecast_offshore_wind_generation,Wind Offshore,2026-06-11T21:19:02Z
2026-06-11T21:18:08Z,2026-06-11T23:18:08+0200,4e273271-2dd1-4145-994c-b9bfe17baf4e,2026-06-05T15:15:00Z,2026-06-05T17:15:00+0200,268.84,MW,FR,FR,forecast_offshore_wind_generation,Wind Offshore,2026-06-11T21:19:02Z
2026-06-11T21:18:08Z,2026-06-11T23:18:08+0200,4e273271-2dd1-4145-994c-b9bfe17baf4e,2026-06-05T15:30:00Z,2026-06-05T17:30:00+0200,267.95001,MW,FR,FR,forecast_offshore_wind_generation,Wind Offshore,2026-06-11T21:19:02Z
2026-06-11T21:18:08Z,2026-06-11T23:18:08+0200,4e273271-2dd1-4145-994c-b9bfe17baf4e,2026-06-05T15:45:00Z,2026-06-05T17:45:00+0200,267.14001,MW,FR,FR,forecast_offshore_wind_generation,Wind Offshore,2026-06-11T21:19:02Z
2026-06-11T21:18:08Z,2026-06-11T23:18:08+0200,4e273271-2dd1-4145-994c-b9bfe17baf4e,2026-06-05T16:00:00Z,2026-06-05T18:00:00+0200,266.32001,MW,FR,FR,forecast_offshore_wind_generation,Wind Offshore,2026-06-11T21:19:02Z
2026-06-11T21:18:08Z,2026-06-11T23:18:08+0200,4e273271-2dd1-4145-994c-b9bfe17baf4e,2026-06-05T16:15:00Z,2026-06-05T18:15:00+0200,277.84,MW,FR,FR,forecast_offshore_wind_generation,Wind Offshore,2026-06-11T21:19:02Z
2026-06-11T21:18:08Z,2026-06-11T23:18:08+0200,4e273271-2dd1-4145-994c-b9bfe17baf4e,2026-06-05T16:30:00Z,2026-06-05T18:30:00+0200,289.37,MW,FR,FR,forecast_offshore_wind_generation,Wind Offshore,2026-06-11T21:19:02Z
2026-06-11T21:18:08Z,2026-06-11T23:18:08+0200,4e273271-2dd1-4145-994c-b9bfe17baf4e,2026-06-05T16:45:00Z,2026-06-05T18:45:00+0200,300.94,MW,FR,FR,forecast_offshore_wind_generation,Wind Offshore,2026-06-11T21:19:02Z
2026-06-11T21:18:08Z,2026-06-11T23:18:08+0200,4e273271-2dd1-4145-994c-b9bfe17baf4e,2026-06-05T17:00:00Z,2026-06-05T19:00:00+0200,312.51001,MW,FR,FR,forecast_offshore_wind_generation,Wind Offshore,2026-06-11T21:19:02Z
2026-06-11T21:18:08Z,2026-06-11T23:18:08+0200,4e273271-2dd1-4145-994c-b9bfe17baf4e,2026-06-05T17:15:00Z,2026-06-05T19:15:00+0200,340.98001,MW,FR,FR,forecast_offshore_wind_generation,Wind Offshore,2026-06-11T21:19:02Z
2026-06-11T21:18:08Z,2026-06-11T23:18:08+0200,4e273271-2dd1-4145-994c-b9bfe17baf4e,2026-06-05T17:30:00Z,2026-06-05T19:30:00+0200,369.42999,MW,FR,FR,forecast_offshore_wind_generation,Wind Offshore,2026-06-11T21:19:02Z
2026-06-11T21:18:08Z,2026-06-11T23:18:08+0200,4e273271-2dd1-4145-994c-b9bfe17baf4e,2026-06-05T17:45:00Z,2026-06-05T19:45:00+0200,397.94998,MW,FR,FR,forecast_offshore_wind_generation,Wind Offshore,2026-06-11T21:19:02Z
2026-06-11T21:18:08Z,2026-06-11T23:18:08+0200,4e273271-2dd1-4145-994c-b9bfe17baf4e,2026-06-05T18:00:00Z,2026-06-05T20:00:00+0200,426.47998,MW,FR,FR,forecast_offshore_wind_generation,Wind Offshore,2026-06-11T21:19:02Z
2026-06-11T21:18:08Z,2026-06-11T23:18:08+0200,4e273271-2dd1-4145-994c-b9bfe17baf4e,2026-06-05T18:15:00Z,2026-06-05T20:15:00+0200,429.38998,MW,FR,FR,forecast_offshore_wind_generation,Wind Offshore,2026-06-11T21:19:02Z
2026-06-11T21:18:08Z,2026-06-11T23:18:08+0200,4e273271-2dd1-4145-994c-b9bfe17baf4e,2026-06-05T18:30:00Z,2026-06-05T20:30:00+0200,432.29999,MW,FR,FR,forecast_offshore_wind_generation,Wind Offshore,2026-06-11T21:19:02Z
2026-06-11T21:18:08Z,2026-06-11T23:18:08+0200,4e273271-2dd1-4145-994c-b9bfe17baf4e,2026-06-05T18:45:00Z,2026-06-05T20:45:00+0200,435.19,MW,FR,FR,forecast_offshore_wind_generation,Wind Offshore,2026-06-11T21:19:02Z
2026-06-11T21:18:08Z,2026-06-11T23:18:08+0200,4e273271-2dd1-4145-994c-b9bfe17baf4e,2026-06-05T19:00:00Z,2026-06-05T21:00:00+0200,438.07001,MW,FR,FR,forecast_offshore_wind_generation,Wind Offshore,2026-06-11T21:19:02Z
2026-06-11T21:18:08Z,2026-06-11T23:18:08+0200,4e273271-2dd1-4145-994c-b9bfe17baf4e,2026-06-05T19:15:00Z,2026-06-05T21:15:00+0200,446.82999,MW,FR,FR,forecast_offshore_wind_generation,Wind Offshore,2026-06-11T21:19:02Z
2026-06-11T21:18:08Z,2026-06-11T23:18:08+0200,4e273271-2dd1-4145-994c-b9bfe17baf4e,2026-06-05T19:30:00Z,2026-06-05T21:30:00+0200,455.59,MW,FR,FR,forecast_offshore_wind_generation,Wind Offshore,2026-06-11T21:19:02Z
2026-06-11T21:18:08Z,2026-06-11T23:18:08+0200,4e273271-2dd1-4145-994c-b9bfe17baf4e,2026-06-05T19:45:00Z,2026-06-05T21:45:00+0200,464.32001,MW,FR,FR,forecast_offshore_wind_generation,Wind Offshore,2026-06-11T21:19:02Z
2026-06-11T21:18:08Z,2026-06-11T23:18:08+0200,4e273271-2dd1-4145-994c-b9bfe17baf4e,2026-06-05T20:00:00Z,2026-06-05T22:00:00+0200,473.04999,MW,FR,FR,forecast_offshore_wind_generation,Wind Offshore,2026-06-11T21:19:02Z
2026-06-11T21:18:08Z,2026-06-11T23:18:08+0200,4e273271-2dd1-4145-994c-b9bfe17baf4e,2026-06-05T20:15:00Z,2026-06-05T22:15:00+0200,511.59998,MW,FR,FR,forecast_offshore_wind_generation,Wind Offshore,2026-06-11T21:19:02Z
2026-06-11T21:18:08Z,2026-06-11T23:18:08+0200,4e273271-2dd1-4145-994c-b9bfe17baf4e,2026-06-05T20:30:00Z,2026-06-05T22:30:00+0200,550.15002,MW,FR,FR,forecast_offshore_wind_generation,Wind Offshore,2026-06-11T21:19:02Z
2026-06-11T21:18:08Z,2026-06-11T23:18:08+0200,4e273271-2dd1-4145-994c-b9bfe17baf4e,2026-06-05T20:45:00Z,2026-06-05T22:45:00+0200,588.63,MW,FR,FR,forecast_offshore_wind_generation,Wind Offshore,2026-06-11T21:19:02Z
2026-06-11T21:18:08Z,2026-06-11T23:18:08+0200,4e273271-2dd1-4145-994c-b9bfe17baf4e,2026-06-05T21:00:00Z,2026-06-05T23:00:00+0200,627.10004,MW,FR,FR,forecast_offshore_wind_generation,Wind Offshore,2026-06-11T21:19:02Z
2026-06-11T21:18:08Z,2026-06-11T23:18:08+0200,4e273271-2dd1-4145-994c-b9bfe17baf4e,2026-06-05T21:15:00Z,2026-06-05T23:15:00+0200,701.23004,MW,FR,FR,forecast_offshore_wind_generation,Wind Offshore,2026-06-11T21:19:02Z
2026-06-11T21:18:08Z,2026-06-11T23:18:08+0200,4e273271-2dd1-4145-994c-b9bfe17baf4e,2026-06-05T21:30:00Z,2026-06-05T23:30:00+0200,775.35999,MW,FR,FR,forecast_offshore_wind_generation,Wind Offshore,2026-06-11T21:19:02Z
2026-06-11T21:18:08Z,2026-06-11T23:18:08+0200,4e273271-2dd1-4145-994c-b9bfe17baf4e,2026-06-05T21:45:00Z,2026-06-05T23:45:00+0200,849.42999,MW,FR,FR,forecast_offshore_wind_generation,Wind Offshore,2026-06-11T21:19:02Z
2026-06-11T21:18:08Z,2026-06-11T23:18:08+0200,4e273271-2dd1-4145-994c-b9bfe17baf4e,2026-06-05T22:00:00Z,2026-06-06T00:00:00+0200,1035.67004,MW,FR,FR,forecast_offshore_wind_generation,Wind Offshore,2026-06-11T21:19:02Z
2026-06-11T21:18:08Z,2026-06-11T23:18:08+0200,4e273271-2dd1-4145-994c-b9bfe17baf4e,2026-06-05T22:15:00Z,2026-06-06T00:15:00+0200,1082.54993,MW,FR,FR,forecast_offshore_wind_generation,Wind Offshore,2026-06-11T21:19:02Z
2026-06-11T21:18:08Z,2026-06-11T23:18:08+0200,4e273271-2dd1-4145-994c-b9bfe17baf4e,2026-06-05T22:30:00Z,2026-06-06T00:30:00+0200,1129.45007,MW,FR,FR,forecast_offshore_wind_generation,Wind Offshore,2026-06-11T21:19:02Z
2026-06-11T21:18:08Z,2026-06-11T23:18:08+0200,4e273271-2dd1-4145-994c-b9bfe17baf4e,2026-06-05T22:45:00Z,2026-06-06T00:45:00+0200,1176.12,MW,FR,FR,forecast_offshore_wind_generation,Wind Offshore,2026-06-11T21:19:02Z
2026-06-11T21:18:08Z,2026-06-11T23:18:08+0200,4e273271-2dd1-4145-994c-b9bfe17baf4e,2026-06-05T23:00:00Z,2026-06-06T01:00:00+0200,1222.79004,MW,FR,FR,forecast_offshore_wind_generation,Wind Offshore,2026-06-11T21:19:02Z
2026-06-11T21:18:08Z,2026-06-11T23:18:08+0200,4e273271-2dd1-4145-994c-b9bfe17baf4e,2026-06-05T23:15:00Z,2026-06-06T01:15:00+0200,1225.64001,MW,FR,FR,forecast_offshore_wind_generation,Wind Offshore,2026-06-11T21:19:02Z
2026-06-11T21:18:08Z,2026-06-11T23:18:08+0200,4e273271-2dd1-4145-994c-b9bfe17baf4e,2026-06-05T23:30:00Z,2026-06-06T01:30:00+0200,1228.51001,MW,FR,FR,forecast_offshore_wind_generation,Wind Offshore,2026-06-11T21:19:02Z
2026-06-11T21:18:08Z,2026-06-11T23:18:08+0200,4e273271-2dd1-4145-994c-b9bfe17baf4e,2026-06-05T23:45:00Z,2026-06-06T01:45:00+0200,1231.30005,MW,FR,FR,forecast_offshore_wind_generation,Wind Offshore,2026-06-11T21:19:02Z
2026-06-11T21:18:08Z,2026-06-11T23:18:08+0200,4e273271-2dd1-4145-994c-b9bfe17baf4e,2026-06-06T00:00:00Z,2026-06-06T02:00:00+0200,1234.09998,MW,FR,FR,forecast_offshore_wind_generation,Wind Offshore,2026-06-11T21:19:02Z
2026-06-11T21:18:08Z,2026-06-11T23:18:08+0200,4e273271-2dd1-4145-994c-b9bfe17baf4e,2026-06-06T00:15:00Z,2026-06-06T02:15:00+0200,1258.95996,MW,FR,FR,forecast_offshore_wind_generation,Wind Offshore,2026-06-11T21:19:02Z
2026-06-11T21:18:08Z,2026-06-11T23:18:08+0200,4e273271-2dd1-4145-994c-b9bfe17baf4e,2026-06-06T00:30:00Z,2026-06-06T02:30:00+0200,1283.83008,MW,FR,FR,forecast_offshore_wind_generation,Wind Offshore,2026-06-11T21:19:02Z
2026-06-11T21:18:08Z,2026-06-11T23:18:08+0200,4e273271-2dd1-4145-994c-b9bfe17baf4e,2026-06-06T00:45:00Z,2026-06-06T02:45:00+0200,1308.71008,MW,FR,FR,forecast_offshore_wind_generation,Wind Offshore,2026-06-11T21:19:02Z
2026-06-11T21:18:08Z,2026-06-11T23:18:08+0200,4e273271-2dd1-4145-994c-b9bfe17baf4e,2026-06-06T01:00:00Z,2026-06-06T03:00:00+0200,1333.56995,MW,FR,FR,forecast_offshore_wind_generation,Wind Offshore,2026-06-11T21:19:02Z
2026-06-11T21:18:08Z,2026-06-11T23:18:08+0200,4e273271-2dd1-4145-994c-b9bfe17baf4e,2026-06-06T01:15:00Z,2026-06-06T03:15:00+0200,1360.23999,MW,FR,FR,forecast_offshore_wind_generation,Wind Offshore,2026-06-11T21:19:02Z
2026-06-11T21:18:08Z,2026-06-11T23:18:08+0200,4e273271-2dd1-4145-994c-b9bfe17baf4e,2026-06-06T01:30:00Z,2026-06-06T03:30:00+0200,1386.89001,MW,FR,FR,forecast_offshore_wind_generation,Wind Offshore,2026-06-11T21:19:02Z
2026-06-11T21:18:08Z,2026-06-11T23:18:08+0200,4e273271-2dd1-4145-994c-b9bfe17baf4e,2026-06-06T01:45:00Z,2026-06-06T03:45:00+0200,1413.55005,MW,FR,FR,forecast_offshore_wind_generation,Wind Offshore,2026-06-11T21:19:02Z
2026-06-11T21:18:08Z,2026-06-11T23:18:08+0200,4e273271-2dd1-4145-994c-b9bfe17baf4e,2026-06-06T02:00:00Z,2026-06-06T04:00:00+0200,1440.22998,MW,FR,FR,forecast_offshore_wind_generation,Wind Offshore,2026-06-11T21:19:02Z
2026-06-11T21:18:08Z,2026-06-11T23:18:08+0200,4e273271-2dd1-4145-994c-b9bfe17baf4e,2026-06-06T02:15:00Z,2026-06-06T04:15:00+0200,1453.66992,MW,FR,FR,forecast_offshore_wind_generation,Wind Offshore,2026-06-11T21:19:02Z
2026-06-11T21:18:08Z,2026-06-11T23:18:08+0200,4e273271-2dd1-4145-994c-b9bfe17baf4e,2026-06-06T02:30:00Z,2026-06-06T04:30:00+0200,1467.14001,MW,FR,FR,forecast_offshore_wind_generation,Wind Offshore,2026-06-11T21:19:02Z
2026-06-11T21:18:08Z,2026-06-11T23:18:08+0200,4e273271-2dd1-4145-994c-b9bfe17baf4e,2026-06-06T02:45:00Z,2026-06-06T04:45:00+0200,1480.59998,MW,FR,FR,forecast_offshore_wind_generation,Wind Offshore,2026-06-11T21:19:02Z
2026-06-11T21:18:08Z,2026-06-11T23:18:08+0200,4e273271-2dd1-4145-994c-b9bfe17baf4e,2026-06-06T03:00:00Z,2026-06-06T05:00:00+0200,1494.04993,MW,FR,FR,forecast_offshore_wind_generation,Wind Offshore,2026-06-11T21:19:02Z
2026-06-11T21:18:08Z,2026-06-11T23:18:08+0200,4e273271-2dd1-4145-994c-b9bfe17baf4e,2026-06-06T03:15:00Z,2026-06-06T05:15:00+0200,1519.33997,MW,FR,FR,forecast_offshore_wind_generation,Wind Offshore,2026-06-11T21:19:02Z
2026-06-11T21:18:08Z,2026-06-11T23:18:08+0200,4e273271-2dd1-4145-994c-b9bfe17baf4e,2026-06-06T03:30:00Z,2026-06-06T05:30:00+0200,1544.64001,MW,FR,FR,forecast_offshore_wind_generation,Wind Offshore,2026-06-11T21:19:02Z
2026-06-11T21:18:08Z,2026-06-11T23:18:08+0200,4e273271-2dd1-4145-994c-b9bfe17baf4e,2026-06-06T03:45:00Z,2026-06-06T05:45:00+0200,1569.87988,MW,FR,FR,forecast_offshore_wind_generation,Wind Offshore,2026-06-11T21:19:02Z
2026-06-11T21:18:08Z,2026-06-11T23:18:08+0200,4e273271-2dd1-4145-994c-b9bfe17baf4e,2026-06-06T04:00:00Z,2026-06-06T06:00:00+0200,1595.12,MW,FR,FR,forecast_offshore_wind_generation,Wind Offshore,2026-06-11T21:19:02Z
2026-06-11T21:18:08Z,2026-06-11T23:18:08+0200,4e273271-2dd1-4145-994c-b9bfe17baf4e,2026-06-06T04:15:00Z,2026-06-06T06:15:00+0200,1569.91992,MW,FR,FR,forecast_offshore_wind_generation,Wind Offshore,2026-06-11T21:19:02Z
2026-06-11T21:18:08Z,2026-06-11T23:18:08+0200,4e273271-2dd1-4145-994c-b9bfe17baf4e,2026-06-06T04:30:00Z,2026-06-06T06:30:00+0200,1544.70996,MW,FR,FR,forecast_offshore_wind_generation,Wind Offshore,2026-06-11T21:19:02Z
2026-06-11T21:18:08Z,2026-06-11T23:18:08+0200,4e273271-2dd1-4145-994c-b9bfe17baf4e,2026-06-06T04:45:00Z,2026-06-06T06:45:00+0200,1519.43994,MW,FR,FR,forecast_offshore_wind_generation,Wind Offshore,2026-06-11T21:19:02Z
2026-06-11T21:18:08Z,2026-06-11T23:18:08+0200,4e273271-2dd1-4145-994c-b9bfe17baf4e,2026-06-06T05:00:00Z,2026-06-06T07:00:00+0200,1494.18994,MW,FR,FR,forecast_offshore_wind_generation,Wind Offshore,2026-06-11T21:19:02Z
2026-06-11T21:18:08Z,2026-06-11T23:18:08+0200,4e273271-2dd1-4145-994c-b9bfe17baf4e,2026-06-06T05:15:00Z,2026-06-06T07:15:00+0200,1487.23999,MW,FR,FR,forecast_offshore_wind_generation,Wind Offshore,2026-06-11T21:19:02Z
2026-06-11T21:18:08Z,2026-06-11T23:18:08+0200,4e273271-2dd1-4145-994c-b9bfe17baf4e,2026-06-06T05:30:00Z,2026-06-06T07:30:00+0200,1480.30005,MW,FR,FR,forecast_offshore_wind_generation,Wind Offshore,2026-06-11T21:19:02Z
2026-06-11T21:18:08Z,2026-06-11T23:18:08+0200,4e273271-2dd1-4145-994c-b9bfe17baf4e,2026-06-06T05:45:00Z,2026-06-06T07:45:00+0200,1473.29004,MW,FR,FR,forecast_offshore_wind_generation,Wind Offshore,2026-06-11T21:19:02Z
2026-06-11T21:18:08Z,2026-06-11T23:18:08+0200,4e273271-2dd1-4145-994c-b9bfe17baf4e,2026-06-06T06:00:00Z,2026-06-06T08:00:00+0200,1466.29004,MW,FR,FR,forecast_offshore_wind_generation,Wind Offshore,2026-06-11T21:19:02Z
2026-06-11T21:18:08Z,2026-06-11T23:18:08+0200,4e273271-2dd1-4145-994c-b9bfe17baf4e,2026-06-06T06:15:00Z,2026-06-06T08:15:00+0200,1474.07007,MW,FR,FR,forecast_offshore_wind_generation,Wind Offshore,2026-06-11T21:19:02Z
2026-06-11T21:18:08Z,2026-06-11T23:18:08+0200,4e273271-2dd1-4145-994c-b9bfe17baf4e,2026-06-06T06:30:00Z,2026-06-06T08:30:00+0200,1481.86011,MW,FR,FR,forecast_offshore_wind_generation,Wind Offshore,2026-06-11T21:19:02Z
2026-06-11T21:18:08Z,2026-06-11T23:18:08+0200,4e273271-2dd1-4145-994c-b9bfe17baf4e,2026-06-06T06:45:00Z,2026-06-06T08:45:00+0200,1489.62,MW,FR,FR,forecast_offshore_wind_generation,Wind Offshore,2026-06-11T21:19:02Z
2026-06-11T21:18:08Z,2026-06-11T23:18:08+0200,4e273271-2dd1-4145-994c-b9bfe17baf4e,2026-06-06T07:00:00Z,2026-06-06T09:00:00+0200,1497.38,MW,FR,FR,forecast_offshore_wind_generation,Wind Offshore,2026-06-11T21:19:02Z
2026-06-11T21:18:08Z,2026-06-11T23:18:08+0200,4e273271-2dd1-4145-994c-b9bfe17baf4e,2026-06-06T07:15:00Z,2026-06-06T09:15:00+0200,1510.55005,MW,FR,FR,forecast_offshore_wind_generation,Wind Offshore,2026-06-11T21:19:02Z
2026-06-11T21:18:08Z,2026-06-11T23:18:08+0200,4e273271-2dd1-4145-994c-b9bfe17baf4e,2026-06-06T07:30:00Z,2026-06-06T09:30:00+0200,1523.73999,MW,FR,FR,forecast_offshore_wind_generation,Wind Offshore,2026-06-11T21:19:02Z
2026-06-11T21:18:08Z,2026-06-11T23:18:08+0200,4e273271-2dd1-4145-994c-b9bfe17baf4e,2026-06-06T07:45:00Z,2026-06-06T09:45:00+0200,1536.90002,MW,FR,FR,forecast_offshore_wind_generation,Wind Offshore,2026-06-11T21:19:02Z
2026-06-11T21:18:08Z,2026-06-11T23:18:08+0200,4e273271-2dd1-4145-994c-b9bfe17baf4e,2026-06-06T08:00:00Z,2026-06-06T10:00:00+0200,1550.07007,MW,FR,FR,forecast_offshore_wind_generation,Wind Offshore,2026-06-11T21:19:02Z
2026-06-11T21:18:08Z,2026-06-11T23:18:08+0200,4e273271-2dd1-4145-994c-b9bfe17baf4e,2026-06-06T08:15:00Z,2026-06-06T10:15:00+0200,1531.25,MW,FR,FR,forecast_offshore_wind_generation,Wind Offshore,2026-06-11T21:19:02Z
2026-06-11T21:18:08Z,2026-06-11T23:18:08+0200,4e273271-2dd1-4145-994c-b9bfe17baf4e,2026-06-06T08:30:00Z,2026-06-06T10:30:00+0200,1512.44995,MW,FR,FR,forecast_offshore_wind_generation,Wind Offshore,2026-06-11T21:19:02Z
2026-06-11T21:18:08Z,2026-06-11T23:18:08+0200,4e273271-2dd1-4145-994c-b9bfe17baf4e,2026-06-06T08:45:00Z,2026-06-06T10:45:00+0200,1493.59998,MW,FR,FR,forecast_offshore_wind_generation,Wind Offshore,2026-06-11T21:19:02Z
2026-06-11T21:18:08Z,2026-06-11T23:18:08+0200,4e273271-2dd1-4145-994c-b9bfe17baf4e,2026-06-06T09:00:00Z,2026-06-06T11:00:00+0200,96.18,MW,FR,FR,forecast_offshore_wind_generation,Wind Offshore,2026-06-11T21:19:02Z
2026-06-11T21:18:08Z,2026-06-11T23:18:08+0200,4e273271-2dd1-4145-994c-b9bfe17baf4e,2026-06-06T09:15:00Z,2026-06-06T11:15:00+0200,96.24,MW,FR,FR,forecast_offshore_wind_generation,Wind Offshore,2026-06-11T21:19:02Z
2026-06-11T21:18:08Z,2026-06-11T23:18:08+0200,4e273271-2dd1-4145-994c-b9bfe17baf4e,2026-06-06T09:30:00Z,2026-06-06T11:30:00+0200,96.31,MW,FR,FR,forecast_offshore_wind_generation,Wind Offshore,2026-06-11T21:19:02Z
2026-06-11T21:18:08Z,2026-06-11T23:18:08+0200,4e273271-2dd1-4145-994c-b9bfe17baf4e,2026-06-06T09:45:00Z,2026-06-06T11:45:00+0200,96.38,MW,FR,FR,forecast_offshore_wind_generation,Wind Offshore,2026-06-11T21:19:02Z
2026-06-11T21:18:08Z,2026-06-11T23:18:08+0200,4e273271-2dd1-4145-994c-b9bfe17baf4e,2026-06-06T10:00:00Z,2026-06-06T12:00:00+0200,1591.67993,MW,FR,FR,forecast_offshore_wind_generation,Wind Offshore,2026-06-11T21:19:02Z
2026-06-11T21:18:08Z,2026-06-11T23:18:08+0200,4e273271-2dd1-4145-994c-b9bfe17baf4e,2026-06-06T10:15:00Z,2026-06-06T12:15:00+0200,1581.7301,MW,FR,FR,forecast_offshore_wind_generation,Wind Offshore,2026-06-11T21:19:02Z
2026-06-11T21:18:08Z,2026-06-11T23:18:08+0200,4e273271-2dd1-4145-994c-b9bfe17baf4e,2026-06-06T10:30:00Z,2026-06-06T12:30:00+0200,1571.7699,MW,FR,FR,forecast_offshore_wind_generation,Wind Offshore,2026-06-11T21:19:02Z
2026-06-11T21:18:08Z,2026-06-11T23:18:08+0200,4e273271-2dd1-4145-994c-b9bfe17baf4e,2026-06-06T10:45:00Z,2026-06-06T12:45:00+0200,1561.81995,MW,FR,FR,forecast_offshore_wind_generation,Wind Offshore,2026-06-11T21:19:02Z
2026-06-11T21:18:08Z,2026-06-11T23:18:08+0200,4e273271-2dd1-4145-994c-b9bfe17baf4e,2026-06-06T11:00:00Z,2026-06-06T13:00:00+0200,1551.8501,MW,FR,FR,forecast_offshore_wind_generation,Wind Offshore,2026-06-11T21:19:02Z
2026-06-11T21:18:08Z,2026-06-11T23:18:08+0200,4e273271-2dd1-4145-994c-b9bfe17baf4e,2026-06-06T11:15:00Z,2026-06-06T13:15:00+0200,1564.43994,MW,FR,FR,forecast_offshore_wind_generation,Wind Offshore,2026-06-11T21:19:02Z
2026-06-11T21:18:08Z,2026-06-11T23:18:08+0200,4e273271-2dd1-4145-994c-b9bfe17baf4e,2026-06-06T11:30:00Z,2026-06-06T13:30:00+0200,1576.98999,MW,FR,FR,forecast_offshore_wind_generation,Wind Offshore,2026-06-11T21:19:02Z
2026-06-11T21:18:08Z,2026-06-11T23:18:08+0200,4e273271-2dd1-4145-994c-b9bfe17baf4e,2026-06-06T11:45:00Z,2026-06-06T13:45:00+0200,1589.57007,MW,FR,FR,forecast_offshore_wind_generation,Wind Offshore,2026-06-11T21:19:02Z
2026-06-11T21:18:08Z,2026-06-11T23:18:08+0200,4e273271-2dd1-4145-994c-b9bfe17baf4e,2026-06-06T12:00:00Z,2026-06-06T14:00:00+0200,1602.13,MW,FR,FR,forecast_offshore_wind_generation,Wind Offshore,2026-06-11T21:19:02Z
2026-06-11T21:18:08Z,2026-06-11T23:18:08+0200,4e273271-2dd1-4145-994c-b9bfe17baf4e,2026-06-06T12:15:00Z,2026-06-06T14:15:00+0200,1598.77002,MW,FR,FR,forecast_offshore_wind_generation,Wind Offshore,2026-06-11T21:19:02Z
2026-06-11T21:18:08Z,2026-06-11T23:18:08+0200,4e273271-2dd1-4145-994c-b9bfe17baf4e,2026-06-06T12:30:00Z,2026-06-06T14:30:00+0200,1595.40002,MW,FR,FR,forecast_offshore_wind_generation,Wind Offshore,2026-06-11T21:19:02Z
2026-06-11T21:18:08Z,2026-06-11T23:18:08+0200,4e273271-2dd1-4145-994c-b9bfe17baf4e,2026-06-06T12:45:00Z,2026-06-06T14:45:00+0200,98.36,MW,FR,FR,forecast_offshore_wind_generation,Wind Offshore,2026-06-11T21:19:02Z
2026-06-11T21:18:08Z,2026-06-11T23:18:08+0200,4e273271-2dd1-4145-994c-b9bfe17baf4e,2026-06-06T13:00:00Z,2026-06-06T15:00:00+0200,98.68,MW,FR,FR,forecast_offshore_wind_generation,Wind Offshore,2026-06-11T21:19:02Z
2026-06-11T21:18:08Z,2026-06-11T23:18:08+0200,4e273271-2dd1-4145-994c-b9bfe17baf4e,2026-06-06T13:15:00Z,2026-06-06T15:15:00+0200,99.14,MW,FR,FR,forecast_offshore_wind_generation,Wind Offshore,2026-06-11T21:19:02Z
2026-06-11T21:18:08Z,2026-06-11T23:18:08+0200,4e273271-2dd1-4145-994c-b9bfe17baf4e,2026-06-06T13:30:00Z,2026-06-06T15:30:00+0200,99.59,MW,FR,FR,forecast_offshore_wind_generation,Wind Offshore,2026-06-11T21:19:02Z
2026-06-11T21:18:08Z,2026-06-11T23:18:08+0200,4e273271-2dd1-4145-994c-b9bfe17baf4e,2026-06-06T13:45:00Z,2026-06-06T15:45:00+0200,100.05,MW,FR,FR,forecast_offshore_wind_generation,Wind Offshore,2026-06-11T21:19:02Z
2026-06-11T21:18:08Z,2026-06-11T23:18:08+0200,4e273271-2dd1-4145-994c-b9bfe17baf4e,2026-06-06T14:00:00Z,2026-06-06T16:00:00+0200,100.5,MW,FR,FR,forecast_offshore_wind_generation,Wind Offshore,2026-06-11T21:19:02Z
2026-06-11T21:18:08Z,2026-06-11T23:18:08+0200,4e273271-2dd1-4145-994c-b9bfe17baf4e,2026-06-06T14:15:00Z,2026-06-06T16:15:00+0200,100.48,MW,FR,FR,forecast_offshore_wind_generation,Wind Offshore,2026-06-11T21:19:02Z
2026-06-11T21:18:08Z,2026-06-11T23:18:08+0200,4e273271-2dd1-4145-994c-b9bfe17baf4e,2026-06-06T14:30:00Z,2026-06-06T16:30:00+0200,100.45,MW,FR,FR,forecast_offshore_wind_generation,Wind Offshore,2026-06-11T21:19:02Z
2026-06-11T21:18:08Z,2026-06-11T23:18:08+0200,4e273271-2dd1-4145-994c-b9bfe17baf4e,2026-06-06T14:45:00Z,2026-06-06T16:45:00+0200,100.43,MW,FR,FR,forecast_offshore_wind_generation,Wind Offshore,2026-06-11T21:19:02Z
2026-06-11T21:18:08Z,2026-06-11T23:18:08+0200,4e273271-2dd1-4145-994c-b9bfe17baf4e,2026-06-06T15:00:00Z,2026-06-06T17:00:00+0200,1504.89001,MW,FR,FR,forecast_offshore_wind_generation,Wind Offshore,2026-06-11T21:19:02Z
2026-06-11T21:18:08Z,2026-06-11T23:18:08+0200,4e273271-2dd1-4145-994c-b9bfe17baf4e,2026-06-06T15:15:00Z,2026-06-06T17:15:00+0200,1484.0,MW,FR,FR,forecast_offshore_wind_generation,Wind Offshore,2026-06-11T21:19:02Z
2026-06-11T21:18:08Z,2026-06-11T23:18:08+0200,4e273271-2dd1-4145-994c-b9bfe17baf4e,2026-06-06T15:30:00Z,2026-06-06T17:30:00+0200,1463.09998,MW,FR,FR,forecast_offshore_wind_generation,Wind Offshore,2026-06-11T21:19:02Z
2026-06-11T21:18:08Z,2026-06-11T23:18:08+0200,4e273271-2dd1-4145-994c-b9bfe17baf4e,2026-06-06T15:45:00Z,2026-06-06T17:45:00+0200,1442.22009,MW,FR,FR,forecast_offshore_wind_generation,Wind Offshore,2026-06-11T21:19:02Z
2026-06-11T21:18:08Z,2026-06-11T23:18:08+0200,4e273271-2dd1-4145-994c-b9bfe17baf4e,2026-06-06T16:00:00Z,2026-06-06T18:00:00+0200,1421.37,MW,FR,FR,forecast_offshore_wind_generation,Wind Offshore,2026-06-11T21:19:02Z
2026-06-11T21:18:08Z,2026-06-11T23:18:08+0200,4e273271-2dd1-4145-994c-b9bfe17baf4e,2026-06-06T16:15:00Z,2026-06-06T18:15:00+0200,1423.46997,MW,FR,FR,forecast_offshore_wind_generation,Wind Offshore,2026-06-11T21:19:02Z
2026-06-11T21:18:08Z,2026-06-11T23:18:08+0200,4e273271-2dd1-4145-994c-b9bfe17baf4e,2026-06-06T16:30:00Z,2026-06-06T18:30:00+0200,1425.54993,MW,FR,FR,forecast_offshore_wind_generation,Wind Offshore,2026-06-11T21:19:02Z
2026-06-11T21:18:08Z,2026-06-11T23:18:08+0200,4e273271-2dd1-4145-994c-b9bfe17baf4e,2026-06-06T16:45:00Z,2026-06-06T18:45:00+0200,1427.67004,MW,FR,FR,forecast_offshore_wind_generation,Wind Offshore,2026-06-11T21:19:02Z
2026-06-11T21:18:08Z,2026-06-11T23:18:08+0200,4e273271-2dd1-4145-994c-b9bfe17baf4e,2026-06-06T17:00:00Z,2026-06-06T19:00:00+0200,1429.79004,MW,FR,FR,forecast_offshore_wind_generation,Wind Offshore,2026-06-11T21:19:02Z
2026-06-11T21:18:08Z,2026-06-11T23:18:08+0200,4e273271-2dd1-4145-994c-b9bfe17baf4e,2026-06-06T17:15:00Z,2026-06-06T19:15:00+0200,1411.26001,MW,FR,FR,forecast_offshore_wind_generation,Wind Offshore,2026-06-11T21:19:02Z
2026-06-11T21:18:08Z,2026-06-11T23:18:08+0200,4e273271-2dd1-4145-994c-b9bfe17baf4e,2026-06-06T17:30:00Z,2026-06-06T19:30:00+0200,1392.72009,MW,FR,FR,forecast_offshore_wind_generation,Wind Offshore,2026-06-11T21:19:02Z
2026-06-11T21:18:08Z,2026-06-11T23:18:08+0200,4e273271-2dd1-4145-994c-b9bfe17baf4e,2026-06-06T17:45:00Z,2026-06-06T19:45:00+0200,1374.23999,MW,FR,FR,forecast_offshore_wind_generation,Wind Offshore,2026-06-11T21:19:02Z
2026-06-11T21:18:08Z,2026-06-11T23:18:08+0200,4e273271-2dd1-4145-994c-b9bfe17baf4e,2026-06-06T18:00:00Z,2026-06-06T20:00:00+0200,1355.75,MW,FR,FR,forecast_offshore_wind_generation,Wind Offshore,2026-06-11T21:19:02Z
2026-06-11T21:18:08Z,2026-06-11T23:18:08+0200,4e273271-2dd1-4145-994c-b9bfe17baf4e,2026-06-06T18:15:00Z,2026-06-06T20:15:00+0200,1327.46008,MW,FR,FR,forecast_offshore_wind_generation,Wind Offshore,2026-06-11T21:19:02Z
2026-06-11T21:18:08Z,2026-06-11T23:18:08+0200,4e273271-2dd1-4145-994c-b9bfe17baf4e,2026-06-06T18:30:00Z,2026-06-06T20:30:00+0200,1299.17004,MW,FR,FR,forecast_offshore_wind_generation,Wind Offshore,2026-06-11T21:19:02Z
2026-06-11T21:18:08Z,2026-06-11T23:18:08+0200,4e273271-2dd1-4145-994c-b9bfe17baf4e,2026-06-06T18:45:00Z,2026-06-06T20:45:00+0200,1270.85999,MW,FR,FR,forecast_offshore_wind_generation,Wind Offshore,2026-06-11T21:19:02Z
2026-06-11T21:18:08Z,2026-06-11T23:18:08+0200,4e273271-2dd1-4145-994c-b9bfe17baf4e,2026-06-06T19:00:00Z,2026-06-06T21:00:00+0200,1242.54993,MW,FR,FR,forecast_offshore_wind_generation,Wind Offshore,2026-06-11T21:19:02Z
2026-06-11T21:18:08Z,2026-06-11T23:18:08+0200,4e273271-2dd1-4145-994c-b9bfe17baf4e,2026-06-06T19:15:00Z,2026-06-06T21:15:00+0200,1229.32996,MW,FR,FR,forecast_offshore_wind_generation,Wind Offshore,2026-06-11T21:19:02Z
2026-06-11T21:18:08Z,2026-06-11T23:18:08+0200,4e273271-2dd1-4145-994c-b9bfe17baf4e,2026-06-06T19:30:00Z,2026-06-06T21:30:00+0200,1216.12,MW,FR,FR,forecast_offshore_wind_generation,Wind Offshore,2026-06-11T21:19:02Z
2026-06-11T21:18:08Z,2026-06-11T23:18:08+0200,4e273271-2dd1-4145-994c-b9bfe17baf4e,2026-06-06T19:45:00Z,2026-06-06T21:45:00+0200,1202.8999,MW,FR,FR,forecast_offshore_wind_generation,Wind Offshore,2026-06-11T21:19:02Z
2026-06-11T21:18:08Z,2026-06-11T23:18:08+0200,4e273271-2dd1-4145-994c-b9bfe17baf4e,2026-06-06T20:00:00Z,2026-06-06T22:00:00+0200,1189.66003,MW,FR,FR,forecast_offshore_wind_generation,Wind Offshore,2026-06-11T21:19:02Z
2026-06-11T21:18:08Z,2026-06-11T23:18:08+0200,4e273271-2dd1-4145-994c-b9bfe17baf4e,2026-06-06T20:15:00Z,2026-06-06T22:15:00+0200,1175.28003,MW,FR,FR,forecast_offshore_wind_generation,Wind Offshore,2026-06-11T21:19:02Z
2026-06-11T21:18:08Z,2026-06-11T23:18:08+0200,4e273271-2dd1-4145-994c-b9bfe17baf4e,2026-06-06T20:30:00Z,2026-06-06T22:30:00+0200,1160.91992,MW,FR,FR,forecast_offshore_wind_generation,Wind Offshore,2026-06-11T21:19:02Z
2026-06-11T21:18:08Z,2026-06-11T23:18:08+0200,4e273271-2dd1-4145-994c-b9bfe17baf4e,2026-06-06T20:45:00Z,2026-06-06T22:45:00+0200,1146.48999,MW,FR,FR,forecast_offshore_wind_generation,Wind Offshore,2026-06-11T21:19:02Z
2026-06-11T21:18:08Z,2026-06-11T23:18:08+0200,4e273271-2dd1-4145-994c-b9bfe17baf4e,2026-06-06T21:00:00Z,2026-06-06T23:00:00+0200,1132.06995,MW,FR,FR,forecast_offshore_wind_generation,Wind Offshore,2026-06-11T21:19:02Z
2026-06-11T21:18:08Z,2026-06-11T23:18:08+0200,4e273271-2dd1-4145-994c-b9bfe17baf4e,2026-06-06T21:15:00Z,2026-06-06T23:15:00+0200,1083.92004,MW,FR,FR,forecast_offshore_wind_generation,Wind Offshore,2026-06-11T21:19:02Z
2026-06-11T21:18:08Z,2026-06-11T23:18:08+0200,4e273271-2dd1-4145-994c-b9bfe17baf4e,2026-06-06T21:30:00Z,2026-06-06T23:30:00+0200,1035.75989,MW,FR,FR,forecast_offshore_wind_generation,Wind Offshore,2026-06-11T21:19:02Z
2026-06-11T21:18:08Z,2026-06-11T23:18:08+0200,4e273271-2dd1-4145-994c-b9bfe17baf4e,2026-06-06T21:45:00Z,2026-06-06T23:45:00+0200,987.55994,MW,FR,FR,forecast_offshore_wind_generation,Wind Offshore,2026-06-11T21:19:02Z
2026-06-11T21:18:08Z,2026-06-11T23:18:08+0200,4e273271-2dd1-4145-994c-b9bfe17baf4e,2026-06-06T22:00:00Z,2026-06-07T00:00:00+0200,1013.56,MW,FR,FR,forecast_offshore_wind_generation,Wind Offshore,2026-06-11T21:19:02Z
2026-06-11T21:18:08Z,2026-06-11T23:18:08+0200,4e273271-2dd1-4145-994c-b9bfe17baf4e,2026-06-06T22:15:00Z,2026-06-07T00:15:00+0200,973.16998,MW,FR,FR,forecast_offshore_wind_generation,Wind Offshore,2026-06-11T21:19:02Z
2026-06-11T21:18:08Z,2026-06-11T23:18:08+0200,4e273271-2dd1-4145-994c-b9bfe17baf4e,2026-06-06T22:30:00Z,2026-06-07T00:30:00+0200,932.78998,MW,FR,FR,forecast_offshore_wind_generation,Wind Offshore,2026-06-11T21:19:02Z
2026-06-11T21:18:08Z,2026-06-11T23:18:08+0200,4e273271-2dd1-4145-994c-b9bfe17baf4e,2026-06-06T22:45:00Z,2026-06-07T00:45:00+0200,892.38,MW,FR,FR,forecast_offshore_wind_generation,Wind Offshore,2026-06-11T21:19:02Z
2026-06-11T21:18:08Z,2026-06-11T23:18:08+0200,4e273271-2dd1-4145-994c-b9bfe17baf4e,2026-06-06T23:00:00Z,2026-06-07T01:00:00+0200,851.97003,MW,FR,FR,forecast_offshore_wind_generation,Wind Offshore,2026-06-11T21:19:02Z
2026-06-11T21:18:08Z,2026-06-11T23:18:08+0200,4e273271-2dd1-4145-994c-b9bfe17baf4e,2026-06-06T23:15:00Z,2026-06-07T01:15:00+0200,820.91998,MW,FR,FR,forecast_offshore_wind_generation,Wind Offshore,2026-06-11T21:19:02Z
2026-06-11T21:18:08Z,2026-06-11T23:18:08+0200,4e273271-2dd1-4145-994c-b9bfe17baf4e,2026-06-06T23:30:00Z,2026-06-07T01:30:00+0200,789.86005,MW,FR,FR,forecast_offshore_wind_generation,Wind Offshore,2026-06-11T21:19:02Z
2026-06-11T21:18:08Z,2026-06-11T23:18:08+0200,4e273271-2dd1-4145-994c-b9bfe17baf4e,2026-06-06T23:45:00Z,2026-06-07T01:45:00+0200,758.80005,MW,FR,FR,forecast_offshore_wind_generation,Wind Offshore,2026-06-11T21:19:02Z
2026-06-11T21:18:08Z,2026-06-11T23:18:08+0200,4e273271-2dd1-4145-994c-b9bfe17baf4e,2026-06-07T00:00:00Z,2026-06-07T02:00:00+0200,727.73999,MW,FR,FR,forecast_offshore_wind_generation,Wind Offshore,2026-06-11T21:19:02Z
2026-06-11T21:18:08Z,2026-06-11T23:18:08+0200,4e273271-2dd1-4145-994c-b9bfe17baf4e,2026-06-07T00:15:00Z,2026-06-07T02:15:00+0200,699.54999,MW,FR,FR,forecast_offshore_wind_generation,Wind Offshore,2026-06-11T21:19:02Z
2026-06-11T21:18:08Z,2026-06-11T23:18:08+0200,4e273271-2dd1-4145-994c-b9bfe17baf4e,2026-06-07T00:30:00Z,2026-06-07T02:30:00+0200,671.37,MW,FR,FR,forecast_offshore_wind_generation,Wind Offshore,2026-06-11T21:19:02Z
2026-06-11T21:18:08Z,2026-06-11T23:18:08+0200,4e273271-2dd1-4145-994c-b9bfe17baf4e,2026-06-07T00:45:00Z,2026-06-07T02:45:00+0200,643.17999,MW,FR,FR,forecast_offshore_wind_generation,Wind Offshore,2026-06-11T21:19:02Z
2026-06-11T21:18:08Z,2026-06-11T23:18:08+0200,4e273271-2dd1-4145-994c-b9bfe17baf4e,2026-06-07T01:00:00Z,2026-06-07T03:00:00+0200,615.0,MW,FR,FR,forecast_offshore_wind_generation,Wind Offshore,2026-06-11T21:19:02Z
2026-06-11T21:18:08Z,2026-06-11T23:18:08+0200,4e273271-2dd1-4145-994c-b9bfe17baf4e,2026-06-07T01:15:00Z,2026-06-07T03:15:00+0200,601.89996,MW,FR,FR,forecast_offshore_wind_generation,Wind Offshore,2026-06-11T21:19:02Z
2026-06-11T21:18:08Z,2026-06-11T23:18:08+0200,4e273271-2dd1-4145-994c-b9bfe17baf4e,2026-06-07T01:30:00Z,2026-06-07T03:30:00+0200,588.79999,MW,FR,FR,forecast_offshore_wind_generation,Wind Offshore,2026-06-11T21:19:02Z
2026-06-11T21:18:08Z,2026-06-11T23:18:08+0200,4e273271-2dd1-4145-994c-b9bfe17baf4e,2026-06-07T01:45:00Z,2026-06-07T03:45:00+0200,575.69,MW,FR,FR,forecast_offshore_wind_generation,Wind Offshore,2026-06-11T21:19:02Z
2026-06-11T21:18:08Z,2026-06-11T23:18:08+0200,4e273271-2dd1-4145-994c-b9bfe17baf4e,2026-06-07T02:00:00Z,2026-06-07T04:00:00+0200,562.58997,MW,FR,FR,forecast_offshore_wind_generation,Wind Offshore,2026-06-11T21:19:02Z
2026-06-11T21:18:08Z,2026-06-11T23:18:08+0200,4e273271-2dd1-4145-994c-b9bfe17baf4e,2026-06-07T02:15:00Z,2026-06-07T04:15:00+0200,540.62,MW,FR,FR,forecast_offshore_wind_generation,Wind Offshore,2026-06-11T21:19:02Z
2026-06-11T21:18:08Z,2026-06-11T23:18:08+0200,4e273271-2dd1-4145-994c-b9bfe17baf4e,2026-06-07T02:30:00Z,2026-06-07T04:30:00+0200,518.67004,MW,FR,FR,forecast_offshore_wind_generation,Wind Offshore,2026-06-11T21:19:02Z
2026-06-11T21:18:08Z,2026-06-11T23:18:08+0200,4e273271-2dd1-4145-994c-b9bfe17baf4e,2026-06-07T02:45:00Z,2026-06-07T04:45:00+0200,496.69,MW,FR,FR,forecast_offshore_wind_generation,Wind Offshore,2026-06-11T21:19:02Z
2026-06-11T21:18:08Z,2026-06-11T23:18:08+0200,4e273271-2dd1-4145-994c-b9bfe17baf4e,2026-06-07T03:00:00Z,2026-06-07T05:00:00+0200,474.72,MW,FR,FR,forecast_offshore_wind_generation,Wind Offshore,2026-06-11T21:19:02Z
2026-06-11T21:18:08Z,2026-06-11T23:18:08+0200,4e273271-2dd1-4145-994c-b9bfe17baf4e,2026-06-07T03:15:00Z,2026-06-07T05:15:00+0200,469.67001,MW,FR,FR,forecast_offshore_wind_generation,Wind Offshore,2026-06-11T21:19:02Z
2026-06-11T21:18:08Z,2026-06-11T23:18:08+0200,4e273271-2dd1-4145-994c-b9bfe17baf4e,2026-06-07T03:30:00Z,2026-06-07T05:30:00+0200,464.62003,MW,FR,FR,forecast_offshore_wind_generation,Wind Offshore,2026-06-11T21:19:02Z
2026-06-11T21:18:08Z,2026-06-11T23:18:08+0200,4e273271-2dd1-4145-994c-b9bfe17baf4e,2026-06-07T03:45:00Z,2026-06-07T05:45:00+0200,459.54999,MW,FR,FR,forecast_offshore_wind_generation,Wind Offshore,2026-06-11T21:19:02Z
2026-06-11T21:18:08Z,2026-06-11T23:18:08+0200,4e273271-2dd1-4145-994c-b9bfe17baf4e,2026-06-07T04:00:00Z,2026-06-07T06:00:00+0200,454.5,MW,FR,FR,forecast_offshore_wind_generation,Wind Offshore,2026-06-11T21:19:02Z
2026-06-11T21:18:08Z,2026-06-11T23:18:08+0200,4e273271-2dd1-4145-994c-b9bfe17baf4e,2026-06-07T04:15:00Z,2026-06-07T06:15:00+0200,457.44,MW,FR,FR,forecast_offshore_wind_generation,Wind Offshore,2026-06-11T21:19:02Z
2026-06-11T21:18:08Z,2026-06-11T23:18:08+0200,4e273271-2dd1-4145-994c-b9bfe17baf4e,2026-06-07T04:30:00Z,2026-06-07T06:30:00+0200,460.37003,MW,FR,FR,forecast_offshore_wind_generation,Wind Offshore,2026-06-11T21:19:02Z
2026-06-11T21:18:08Z,2026-06-11T23:18:08+0200,4e273271-2dd1-4145-994c-b9bfe17baf4e,2026-06-07T04:45:00Z,2026-06-07T06:45:00+0200,463.31003,MW,FR,FR,forecast_offshore_wind_generation,Wind Offshore,2026-06-11T21:19:02Z
2026-06-11T21:18:08Z,2026-06-11T23:18:08+0200,4e273271-2dd1-4145-994c-b9bfe17baf4e,2026-06-07T05:00:00Z,2026-06-07T07:00:00+0200,466.26001,MW,FR,FR,forecast_offshore_wind_generation,Wind Offshore,2026-06-11T21:19:02Z
2026-06-11T21:18:08Z,2026-06-11T23:18:08+0200,4e273271-2dd1-4145-994c-b9bfe17baf4e,2026-06-07T05:15:00Z,2026-06-07T07:15:00+0200,470.31003,MW,FR,FR,forecast_offshore_wind_generation,Wind Offshore,2026-06-11T21:19:02Z
2026-06-11T21:18:08Z,2026-06-11T23:18:08+0200,4e273271-2dd1-4145-994c-b9bfe17baf4e,2026-06-07T05:30:00Z,2026-06-07T07:30:00+0200,474.35001,MW,FR,FR,forecast_offshore_wind_generation,Wind Offshore,2026-06-11T21:19:02Z
2026-06-11T21:18:08Z,2026-06-11T23:18:08+0200,4e273271-2dd1-4145-994c-b9bfe17baf4e,2026-06-07T05:45:00Z,2026-06-07T07:45:00+0200,478.40002,MW,FR,FR,forecast_offshore_wind_generation,Wind Offshore,2026-06-11T21:19:02Z
2026-06-11T21:18:08Z,2026-06-11T23:18:08+0200,4e273271-2dd1-4145-994c-b9bfe17baf4e,2026-06-07T06:00:00Z,2026-06-07T08:00:00+0200,482.46002,MW,FR,FR,forecast_offshore_wind_generation,Wind Offshore,2026-06-11T21:19:02Z
2026-06-11T21:18:08Z,2026-06-11T23:18:08+0200,4e273271-2dd1-4145-994c-b9bfe17baf4e,2026-06-07T06:15:00Z,2026-06-07T08:15:00+0200,474.82001,MW,FR,FR,forecast_offshore_wind_generation,Wind Offshore,2026-06-11T21:19:02Z
2026-06-11T21:18:08Z,2026-06-11T23:18:08+0200,4e273271-2dd1-4145-994c-b9bfe17baf4e,2026-06-07T06:30:00Z,2026-06-07T08:30:00+0200,95.79,MW,FR,FR,forecast_offshore_wind_generation,Wind Offshore,2026-06-11T21:19:02Z
2026-06-11T21:18:08Z,2026-06-11T23:18:08+0200,4e273271-2dd1-4145-994c-b9bfe17baf4e,2026-06-07T06:45:00Z,2026-06-07T08:45:00+0200,93.76,MW,FR,FR,forecast_offshore_wind_generation,Wind Offshore,2026-06-11T21:19:02Z
2026-06-11T21:18:08Z,2026-06-11T23:18:08+0200,4e273271-2dd1-4145-994c-b9bfe17baf4e,2026-06-07T07:00:00Z,2026-06-07T09:00:00+0200,91.74,MW,FR,FR,forecast_offshore_wind_generation,Wind Offshore,2026-06-11T21:19:02Z
2026-06-11T21:18:08Z,2026-06-11T23:18:08+0200,4e273271-2dd1-4145-994c-b9bfe17baf4e,2026-06-07T07:15:00Z,2026-06-07T09:15:00+0200,90.82,MW,FR,FR,forecast_offshore_wind_generation,Wind Offshore,2026-06-11T21:19:02Z
2026-06-11T21:18:08Z,2026-06-11T23:18:08+0200,4e273271-2dd1-4145-994c-b9bfe17baf4e,2026-06-07T07:30:00Z,2026-06-07T09:30:00+0200,89.9,MW,FR,FR,forecast_offshore_wind_generation,Wind Offshore,2026-06-11T21:19:02Z
2026-06-11T21:18:08Z,2026-06-11T23:18:08+0200,4e273271-2dd1-4145-994c-b9bfe17baf4e,2026-06-07T07:45:00Z,2026-06-07T09:45:00+0200,88.98,MW,FR,FR,forecast_offshore_wind_generation,Wind Offshore,2026-06-11T21:19:02Z
2026-06-11T21:18:08Z,2026-06-11T23:18:08+0200,4e273271-2dd1-4145-994c-b9bfe17baf4e,2026-06-07T08:00:00Z,2026-06-07T10:00:00+0200,88.07,MW,FR,FR,forecast_offshore_wind_generation,Wind Offshore,2026-06-11T21:19:02Z
2026-06-11T21:18:08Z,2026-06-11T23:18:08+0200,4e273271-2dd1-4145-994c-b9bfe17baf4e,2026-06-07T08:15:00Z,2026-06-07T10:15:00+0200,88.8,MW,FR,FR,forecast_offshore_wind_generation,Wind Offshore,2026-06-11T21:19:02Z
2026-06-11T21:18:08Z,2026-06-11T23:18:08+0200,4e273271-2dd1-4145-994c-b9bfe17baf4e,2026-06-07T08:30:00Z,2026-06-07T10:30:00+0200,89.52,MW,FR,FR,forecast_offshore_wind_generation,Wind Offshore,2026-06-11T21:19:02Z
2026-06-11T21:18:08Z,2026-06-11T23:18:08+0200,4e273271-2dd1-4145-994c-b9bfe17baf4e,2026-06-07T08:45:00Z,2026-06-07T10:45:00+0200,90.26,MW,FR,FR,forecast_offshore_wind_generation,Wind Offshore,2026-06-11T21:19:02Z
2026-06-11T21:18:08Z,2026-06-11T23:18:08+0200,4e273271-2dd1-4145-994c-b9bfe17baf4e,2026-06-07T09:00:00Z,2026-06-07T11:00:00+0200,90.98,MW,FR,FR,forecast_offshore_wind_generation,Wind Offshore,2026-06-11T21:19:02Z
2026-06-11T21:18:08Z,2026-06-11T23:18:08+0200,4e273271-2dd1-4145-994c-b9bfe17baf4e,2026-06-07T09:15:00Z,2026-06-07T11:15:00+0200,91.14,MW,FR,FR,forecast_offshore_wind_generation,Wind Offshore,2026-06-11T21:19:02Z
2026-06-11T21:18:08Z,2026-06-11T23:18:08+0200,4e273271-2dd1-4145-994c-b9bfe17baf4e,2026-06-07T09:30:00Z,2026-06-07T11:30:00+0200,91.33,MW,FR,FR,forecast_offshore_wind_generation,Wind Offshore,2026-06-11T21:19:02Z
2026-06-11T21:18:08Z,2026-06-11T23:18:08+0200,4e273271-2dd1-4145-994c-b9bfe17baf4e,2026-06-07T09:45:00Z,2026-06-07T11:45:00+0200,91.5,MW,FR,FR,forecast_offshore_wind_generation,Wind Offshore,2026-06-11T21:19:02Z
2026-06-11T21:18:08Z,2026-06-11T23:18:08+0200,4e273271-2dd1-4145-994c-b9bfe17baf4e,2026-06-07T10:00:00Z,2026-06-07T12:00:00+0200,91.68,MW,FR,FR,forecast_offshore_wind_generation,Wind Offshore,2026-06-11T21:19:02Z
2026-06-11T21:18:08Z,2026-06-11T23:18:08+0200,4e273271-2dd1-4145-994c-b9bfe17baf4e,2026-06-07T10:15:00Z,2026-06-07T12:15:00+0200,91.05,MW,FR,FR,forecast_offshore_wind_generation,Wind Offshore,2026-06-11T21:19:02Z
2026-06-11T21:18:08Z,2026-06-11T23:18:08+0200,4e273271-2dd1-4145-994c-b9bfe17baf4e,2026-06-07T10:30:00Z,2026-06-07T12:30:00+0200,90.43999,MW,FR,FR,forecast_offshore_wind_generation,Wind Offshore,2026-06-11T21:19:02Z
2026-06-11T21:18:08Z,2026-06-11T23:18:08+0200,4e273271-2dd1-4145-994c-b9bfe17baf4e,2026-06-07T10:45:00Z,2026-06-07T12:45:00+0200,89.82,MW,FR,FR,forecast_offshore_wind_generation,Wind Offshore,2026-06-11T21:19:02Z
2026-06-11T21:18:08Z,2026-06-11T23:18:08+0200,4e273271-2dd1-4145-994c-b9bfe17baf4e,2026-06-07T11:00:00Z,2026-06-07T13:00:00+0200,89.21,MW,FR,FR,forecast_offshore_wind_generation,Wind Offshore,2026-06-11T21:19:02Z
2026-06-11T21:18:08Z,2026-06-11T23:18:08+0200,4e273271-2dd1-4145-994c-b9bfe17baf4e,2026-06-07T11:15:00Z,2026-06-07T13:15:00+0200,89.77,MW,FR,FR,forecast_offshore_wind_generation,Wind Offshore,2026-06-11T21:19:02Z
2026-06-11T21:18:08Z,2026-06-11T23:18:08+0200,4e273271-2dd1-4145-994c-b9bfe17baf4e,2026-06-07T11:30:00Z,2026-06-07T13:30:00+0200,90.33,MW,FR,FR,forecast_offshore_wind_generation,Wind Offshore,2026-06-11T21:19:02Z
2026-06-11T21:18:08Z,2026-06-11T23:18:08+0200,4e273271-2dd1-4145-994c-b9bfe17baf4e,2026-06-07T11:45:00Z,2026-06-07T13:45:00+0200,90.91,MW,FR,FR,forecast_offshore_wind_generation,Wind Offshore,2026-06-11T21:19:02Z
2026-06-11T21:18:08Z,2026-06-11T23:18:08+0200,4e273271-2dd1-4145-994c-b9bfe17baf4e,2026-06-07T12:00:00Z,2026-06-07T14:00:00+0200,91.47,MW,FR,FR,forecast_offshore_wind_generation,Wind Offshore,2026-06-11T21:19:02Z
2026-06-11T21:18:08Z,2026-06-11T23:18:08+0200,4e273271-2dd1-4145-994c-b9bfe17baf4e,2026-06-07T12:15:00Z,2026-06-07T14:15:00+0200,91.49001,MW,FR,FR,forecast_offshore_wind_generation,Wind Offshore,2026-06-11T21:19:02Z
2026-06-11T21:18:08Z,2026-06-11T23:18:08+0200,4e273271-2dd1-4145-994c-b9bfe17baf4e,2026-06-07T12:30:00Z,2026-06-07T14:30:00+0200,90.15,MW,FR,FR,forecast_offshore_wind_generation,Wind Offshore,2026-06-11T21:19:02Z
2026-06-11T21:18:08Z,2026-06-11T23:18:08+0200,4e273271-2dd1-4145-994c-b9bfe17baf4e,2026-06-07T12:45:00Z,2026-06-07T14:45:00+0200,88.81,MW,FR,FR,forecast_offshore_wind_generation,Wind Offshore,2026-06-11T21:19:02Z
2026-06-11T21:18:08Z,2026-06-11T23:18:08+0200,4e273271-2dd1-4145-994c-b9bfe17baf4e,2026-06-07T13:00:00Z,2026-06-07T15:00:00+0200,87.49,MW,FR,FR,forecast_offshore_wind_generation,Wind Offshore,2026-06-11T21:19:02Z
2026-06-11T21:18:08Z,2026-06-11T23:18:08+0200,4e273271-2dd1-4145-994c-b9bfe17baf4e,2026-06-07T13:15:00Z,2026-06-07T15:15:00+0200,84.14,MW,FR,FR,forecast_offshore_wind_generation,Wind Offshore,2026-06-11T21:19:02Z
2026-06-11T21:18:08Z,2026-06-11T23:18:08+0200,4e273271-2dd1-4145-994c-b9bfe17baf4e,2026-06-07T13:30:00Z,2026-06-07T15:30:00+0200,80.78,MW,FR,FR,forecast_offshore_wind_generation,Wind Offshore,2026-06-11T21:19:02Z
2026-06-11T21:18:08Z,2026-06-11T23:18:08+0200,4e273271-2dd1-4145-994c-b9bfe17baf4e,2026-06-07T13:45:00Z,2026-06-07T15:45:00+0200,77.43,MW,FR,FR,forecast_offshore_wind_generation,Wind Offshore,2026-06-11T21:19:02Z
2026-06-11T21:18:08Z,2026-06-11T23:18:08+0200,4e273271-2dd1-4145-994c-b9bfe17baf4e,2026-06-07T14:00:00Z,2026-06-07T16:00:00+0200,74.06001,MW,FR,FR,forecast_offshore_wind_generation,Wind Offshore,2026-06-11T21:19:02Z
2026-06-11T21:18:08Z,2026-06-11T23:18:08+0200,4e273271-2dd1-4145-994c-b9bfe17baf4e,2026-06-07T14:15:00Z,2026-06-07T16:15:00+0200,71.85,MW,FR,FR,forecast_offshore_wind_generation,Wind Offshore,2026-06-11T21:19:02Z
2026-06-11T21:18:08Z,2026-06-11T23:18:08+0200,4e273271-2dd1-4145-994c-b9bfe17baf4e,2026-06-07T14:30:00Z,2026-06-07T16:30:00+0200,69.63,MW,FR,FR,forecast_offshore_wind_generation,Wind Offshore,2026-06-11T21:19:02Z
2026-06-11T21:18:08Z,2026-06-11T23:18:08+0200,4e273271-2dd1-4145-994c-b9bfe17baf4e,2026-06-07T14:45:00Z,2026-06-07T16:45:00+0200,67.42,MW,FR,FR,forecast_offshore_wind_generation,Wind Offshore,2026-06-11T21:19:02Z
2026-06-11T21:18:08Z,2026-06-11T23:18:08+0200,4e273271-2dd1-4145-994c-b9bfe17baf4e,2026-06-07T15:00:00Z,2026-06-07T17:00:00+0200,65.16,MW,FR,FR,forecast_offshore_wind_generation,Wind Offshore,2026-06-11T21:19:02Z
2026-06-11T21:18:08Z,2026-06-11T23:18:08+0200,4e273271-2dd1-4145-994c-b9bfe17baf4e,2026-06-07T15:15:00Z,2026-06-07T17:15:00+0200,65.23,MW,FR,FR,forecast_offshore_wind_generation,Wind Offshore,2026-06-11T21:19:02Z
2026-06-11T21:18:08Z,2026-06-11T23:18:08+0200,4e273271-2dd1-4145-994c-b9bfe17baf4e,2026-06-07T15:30:00Z,2026-06-07T17:30:00+0200,64.76,MW,FR,FR,forecast_offshore_wind_generation,Wind Offshore,2026-06-11T21:19:02Z
2026-06-11T21:18:08Z,2026-06-11T23:18:08+0200,4e273271-2dd1-4145-994c-b9bfe17baf4e,2026-06-07T15:45:00Z,2026-06-07T17:45:00+0200,64.72,MW,FR,FR,forecast_offshore_wind_generation,Wind Offshore,2026-06-11T21:19:02Z
2026-06-11T21:18:08Z,2026-06-11T23:18:08+0200,4e273271-2dd1-4145-994c-b9bfe17baf4e,2026-06-07T16:00:00Z,2026-06-07T18:00:00+0200,52.72,MW,FR,FR,forecast_offshore_wind_generation,Wind Offshore,2026-06-11T21:19:02Z
2026-06-11T21:18:08Z,2026-06-11T23:18:08+0200,4e273271-2dd1-4145-994c-b9bfe17baf4e,2026-06-07T16:15:00Z,2026-06-07T18:15:00+0200,54.12,MW,FR,FR,forecast_offshore_wind_generation,Wind Offshore,2026-06-11T21:19:02Z
2026-06-11T21:18:08Z,2026-06-11T23:18:08+0200,4e273271-2dd1-4145-994c-b9bfe17baf4e,2026-06-07T16:30:00Z,2026-06-07T18:30:00+0200,55.53,MW,FR,FR,forecast_offshore_wind_generation,Wind Offshore,2026-06-11T21:19:02Z
2026-06-11T21:18:08Z,2026-06-11T23:18:08+0200,4e273271-2dd1-4145-994c-b9bfe17baf4e,2026-06-07T16:45:00Z,2026-06-07T18:45:00+0200,56.93,MW,FR,FR,forecast_offshore_wind_generation,Wind Offshore,2026-06-11T21:19:02Z
2026-06-11T21:18:08Z,2026-06-11T23:18:08+0200,4e273271-2dd1-4145-994c-b9bfe17baf4e,2026-06-07T17:00:00Z,2026-06-07T19:00:00+0200,58.32,MW,FR,FR,forecast_offshore_wind_generation,Wind Offshore,2026-06-11T21:19:02Z
2026-06-11T21:18:08Z,2026-06-11T23:18:08+0200,4e273271-2dd1-4145-994c-b9bfe17baf4e,2026-06-07T17:15:00Z,2026-06-07T19:15:00+0200,59.86,MW,FR,FR,forecast_offshore_wind_generation,Wind Offshore,2026-06-11T21:19:02Z
2026-06-11T21:18:08Z,2026-06-11T23:18:08+0200,4e273271-2dd1-4145-994c-b9bfe17baf4e,2026-06-07T17:30:00Z,2026-06-07T19:30:00+0200,61.38,MW,FR,FR,forecast_offshore_wind_generation,Wind Offshore,2026-06-11T21:19:02Z
2026-06-11T21:18:08Z,2026-06-11T23:18:08+0200,4e273271-2dd1-4145-994c-b9bfe17baf4e,2026-06-07T17:45:00Z,2026-06-07T19:45:00+0200,62.9,MW,FR,FR,forecast_offshore_wind_generation,Wind Offshore,2026-06-11T21:19:02Z
2026-06-11T21:18:08Z,2026-06-11T23:18:08+0200,4e273271-2dd1-4145-994c-b9bfe17baf4e,2026-06-07T18:00:00Z,2026-06-07T20:00:00+0200,64.45,MW,FR,FR,forecast_offshore_wind_generation,Wind Offshore,2026-06-11T21:19:02Z
2026-06-11T21:18:08Z,2026-06-11T23:18:08+0200,4e273271-2dd1-4145-994c-b9bfe17baf4e,2026-06-07T18:15:00Z,2026-06-07T20:15:00+0200,63.62,MW,FR,FR,forecast_offshore_wind_generation,Wind Offshore,2026-06-11T21:19:02Z
2026-06-11T21:18:08Z,2026-06-11T23:18:08+0200,4e273271-2dd1-4145-994c-b9bfe17baf4e,2026-06-07T18:30:00Z,2026-06-07T20:30:00+0200,62.8,MW,FR,FR,forecast_offshore_wind_generation,Wind Offshore,2026-06-11T21:19:02Z
2026-06-11T21:18:08Z,2026-06-11T23:18:08+0200,4e273271-2dd1-4145-994c-b9bfe17baf4e,2026-06-07T18:45:00Z,2026-06-07T20:45:00+0200,62.0,MW,FR,FR,forecast_offshore_wind_generation,Wind Offshore,2026-06-11T21:19:02Z
2026-06-11T21:18:08Z,2026-06-11T23:18:08+0200,4e273271-2dd1-4145-994c-b9bfe17baf4e,2026-06-07T19:00:00Z,2026-06-07T21:00:00+0200,61.17,MW,FR,FR,forecast_offshore_wind_generation,Wind Offshore,2026-06-11T21:19:02Z
2026-06-11T21:18:08Z,2026-06-11T23:18:08+0200,4e273271-2dd1-4145-994c-b9bfe17baf4e,2026-06-07T19:15:00Z,2026-06-07T21:15:00+0200,60.23,MW,FR,FR,forecast_offshore_wind_generation,Wind Offshore,2026-06-11T21:19:02Z
2026-06-11T21:18:08Z,2026-06-11T23:18:08+0200,4e273271-2dd1-4145-994c-b9bfe17baf4e,2026-06-07T19:30:00Z,2026-06-07T21:30:00+0200,59.3,MW,FR,FR,forecast_offshore_wind_generation,Wind Offshore,2026-06-11T21:19:02Z
2026-06-11T21:18:08Z,2026-06-11T23:18:08+0200,4e273271-2dd1-4145-994c-b9bfe17baf4e,2026-06-07T19:45:00Z,2026-06-07T21:45:00+0200,58.38,MW,FR,FR,forecast_offshore_wind_generation,Wind Offshore,2026-06-11T21:19:02Z
2026-06-11T21:18:08Z,2026-06-11T23:18:08+0200,4e273271-2dd1-4145-994c-b9bfe17baf4e,2026-06-07T20:00:00Z,2026-06-07T22:00:00+0200,57.43,MW,FR,FR,forecast_offshore_wind_generation,Wind Offshore,2026-06-11T21:19:02Z
2026-06-11T21:18:08Z,2026-06-11T23:18:08+0200,4e273271-2dd1-4145-994c-b9bfe17baf4e,2026-06-07T20:15:00Z,2026-06-07T22:15:00+0200,62.86,MW,FR,FR,forecast_offshore_wind_generation,Wind Offshore,2026-06-11T21:19:02Z
2026-06-11T21:18:08Z,2026-06-11T23:18:08+0200,4e273271-2dd1-4145-994c-b9bfe17baf4e,2026-06-07T20:30:00Z,2026-06-07T22:30:00+0200,68.29,MW,FR,FR,forecast_offshore_wind_generation,Wind Offshore,2026-06-11T21:19:02Z
2026-06-11T21:18:08Z,2026-06-11T23:18:08+0200,4e273271-2dd1-4145-994c-b9bfe17baf4e,2026-06-07T20:45:00Z,2026-06-07T22:45:00+0200,73.71,MW,FR,FR,forecast_offshore_wind_generation,Wind Offshore,2026-06-11T21:19:02Z
2026-06-11T21:18:08Z,2026-06-11T23:18:08+0200,4e273271-2dd1-4145-994c-b9bfe17baf4e,2026-06-07T21:00:00Z,2026-06-07T23:00:00+0200,79.16,MW,FR,FR,forecast_offshore_wind_generation,Wind Offshore,2026-06-11T21:19:02Z
2026-06-11T21:18:08Z,2026-06-11T23:18:08+0200,4e273271-2dd1-4145-994c-b9bfe17baf4e,2026-06-07T21:15:00Z,2026-06-07T23:15:00+0200,86.89,MW,FR,FR,forecast_offshore_wind_generation,Wind Offshore,2026-06-11T21:19:02Z
2026-06-11T21:18:08Z,2026-06-11T23:18:08+0200,4e273271-2dd1-4145-994c-b9bfe17baf4e,2026-06-07T21:30:00Z,2026-06-07T23:30:00+0200,94.62,MW,FR,FR,forecast_offshore_wind_generation,Wind Offshore,2026-06-11T21:19:02Z
2026-06-11T21:18:08Z,2026-06-11T23:18:08+0200,4e273271-2dd1-4145-994c-b9bfe17baf4e,2026-06-07T21:45:00Z,2026-06-07T23:45:00+0200,102.36,MW,FR,FR,forecast_offshore_wind_generation,Wind Offshore,2026-06-11T21:19:02Z
2026-06-11T21:18:08Z,2026-06-11T23:18:08+0200,4e273271-2dd1-4145-994c-b9bfe17baf4e,2026-06-07T22:00:00Z,2026-06-08T00:00:00+0200,151.87999,MW,FR,FR,forecast_offshore_wind_generation,Wind Offshore,2026-06-11T21:19:02Z
2026-06-11T21:18:08Z,2026-06-11T23:18:08+0200,4e273271-2dd1-4145-994c-b9bfe17baf4e,2026-06-07T22:15:00Z,2026-06-08T00:15:00+0200,160.22,MW,FR,FR,forecast_offshore_wind_generation,Wind Offshore,2026-06-11T21:19:02Z
2026-06-11T21:18:08Z,2026-06-11T23:18:08+0200,4e273271-2dd1-4145-994c-b9bfe17baf4e,2026-06-07T22:30:00Z,2026-06-08T00:30:00+0200,168.54999,MW,FR,FR,forecast_offshore_wind_generation,Wind Offshore,2026-06-11T21:19:02Z
2026-06-11T21:18:08Z,2026-06-11T23:18:08+0200,4e273271-2dd1-4145-994c-b9bfe17baf4e,2026-06-07T22:45:00Z,2026-06-08T00:45:00+0200,176.87,MW,FR,FR,forecast_offshore_wind_generation,Wind Offshore,2026-06-11T21:19:02Z
2026-06-11T21:18:08Z,2026-06-11T23:18:08+0200,4e273271-2dd1-4145-994c-b9bfe17baf4e,2026-06-07T23:00:00Z,2026-06-08T01:00:00+0200,185.20999,MW,FR,FR,forecast_offshore_wind_generation,Wind Offshore,2026-06-11T21:19:02Z
2026-06-11T21:18:08Z,2026-06-11T23:18:08+0200,4e273271-2dd1-4145-994c-b9bfe17baf4e,2026-06-07T23:15:00Z,2026-06-08T01:15:00+0200,183.01001,MW,FR,FR,forecast_offshore_wind_generation,Wind Offshore,2026-06-11T21:19:02Z
2026-06-11T21:18:08Z,2026-06-11T23:18:08+0200,4e273271-2dd1-4145-994c-b9bfe17baf4e,2026-06-07T23:30:00Z,2026-06-08T01:30:00+0200,180.81,MW,FR,FR,forecast_offshore_wind_generation,Wind Offshore,2026-06-11T21:19:02Z
2026-06-11T21:18:08Z,2026-06-11T23:18:08+0200,4e273271-2dd1-4145-994c-b9bfe17baf4e,2026-06-07T23:45:00Z,2026-06-08T01:45:00+0200,178.61002,MW,FR,FR,forecast_offshore_wind_generation,Wind Offshore,2026-06-11T21:19:02Z
2026-06-11T21:18:08Z,2026-06-11T23:18:08+0200,4e273271-2dd1-4145-994c-b9bfe17baf4e,2026-06-08T00:00:00Z,2026-06-08T02:00:00+0200,176.40999,MW,FR,FR,forecast_offshore_wind_generation,Wind Offshore,2026-06-11T21:19:02Z
2026-06-11T21:18:08Z,2026-06-11T23:18:08+0200,4e273271-2dd1-4145-994c-b9bfe17baf4e,2026-06-08T00:15:00Z,2026-06-08T02:15:00+0200,186.29001,MW,FR,FR,forecast_offshore_wind_generation,Wind Offshore,2026-06-11T21:19:02Z
2026-06-11T21:18:08Z,2026-06-11T23:18:08+0200,4e273271-2dd1-4145-994c-b9bfe17baf4e,2026-06-08T00:30:00Z,2026-06-08T02:30:00+0200,196.2,MW,FR,FR,forecast_offshore_wind_generation,Wind Offshore,2026-06-11T21:19:02Z
2026-06-11T21:18:08Z,2026-06-11T23:18:08+0200,4e273271-2dd1-4145-994c-b9bfe17baf4e,2026-06-08T00:45:00Z,2026-06-08T02:45:00+0200,206.06,MW,FR,FR,forecast_offshore_wind_generation,Wind Offshore,2026-06-11T21:19:02Z
2026-06-11T21:18:08Z,2026-06-11T23:18:08+0200,4e273271-2dd1-4145-994c-b9bfe17baf4e,2026-06-08T01:00:00Z,2026-06-08T03:00:00+0200,215.95,MW,FR,FR,forecast_offshore_wind_generation,Wind Offshore,2026-06-11T21:19:02Z
2026-06-11T21:18:08Z,2026-06-11T23:18:08+0200,4e273271-2dd1-4145-994c-b9bfe17baf4e,2026-06-08T01:15:00Z,2026-06-08T03:15:00+0200,236.04001,MW,FR,FR,forecast_offshore_wind_generation,Wind Offshore,2026-06-11T21:19:02Z
2026-06-11T21:18:08Z,2026-06-11T23:18:08+0200,4e273271-2dd1-4145-994c-b9bfe17baf4e,2026-06-08T01:30:00Z,2026-06-08T03:30:00+0200,256.10001,MW,FR,FR,forecast_offshore_wind_generation,Wind Offshore,2026-06-11T21:19:02Z
2026-06-11T21:18:08Z,2026-06-11T23:18:08+0200,4e273271-2dd1-4145-994c-b9bfe17baf4e,2026-06-08T01:45:00Z,2026-06-08T03:45:00+0200,276.17999,MW,FR,FR,forecast_offshore_wind_generation,Wind Offshore,2026-06-11T21:19:02Z
2026-06-11T21:18:08Z,2026-06-11T23:18:08+0200,4e273271-2dd1-4145-994c-b9bfe17baf4e,2026-06-08T02:00:00Z,2026-06-08T04:00:00+0200,296.25,MW,FR,FR,forecast_offshore_wind_generation,Wind Offshore,2026-06-11T21:19:02Z
2026-06-11T21:18:08Z,2026-06-11T23:18:08+0200,4e273271-2dd1-4145-994c-b9bfe17baf4e,2026-06-08T02:15:00Z,2026-06-08T04:15:00+0200,302.96002,MW,FR,FR,forecast_offshore_wind_generation,Wind Offshore,2026-06-11T21:19:02Z
2026-06-11T21:18:08Z,2026-06-11T23:18:08+0200,4e273271-2dd1-4145-994c-b9bfe17baf4e,2026-06-08T02:30:00Z,2026-06-08T04:30:00+0200,309.63998,MW,FR,FR,forecast_offshore_wind_generation,Wind Offshore,2026-06-11T21:19:02Z
2026-06-11T21:18:08Z,2026-06-11T23:18:08+0200,4e273271-2dd1-4145-994c-b9bfe17baf4e,2026-06-08T02:45:00Z,2026-06-08T04:45:00+0200,316.35001,MW,FR,FR,forecast_offshore_wind_generation,Wind Offshore,2026-06-11T21:19:02Z
2026-06-11T21:18:08Z,2026-06-11T23:18:08+0200,4e273271-2dd1-4145-994c-b9bfe17baf4e,2026-06-08T03:00:00Z,2026-06-08T05:00:00+0200,323.03,MW,FR,FR,forecast_offshore_wind_generation,Wind Offshore,2026-06-11T21:19:02Z
2026-06-11T21:18:08Z,2026-06-11T23:18:08+0200,4e273271-2dd1-4145-994c-b9bfe17baf4e,2026-06-08T03:15:00Z,2026-06-08T05:15:00+0200,349.59,MW,FR,FR,forecast_offshore_wind_generation,Wind Offshore,2026-06-11T21:19:02Z
2026-06-11T21:18:08Z,2026-06-11T23:18:08+0200,4e273271-2dd1-4145-994c-b9bfe17baf4e,2026-06-08T03:30:00Z,2026-06-08T05:30:00+0200,376.13,MW,FR,FR,forecast_offshore_wind_generation,Wind Offshore,2026-06-11T21:19:02Z
2026-06-11T21:18:08Z,2026-06-11T23:18:08+0200,4e273271-2dd1-4145-994c-b9bfe17baf4e,2026-06-08T03:45:00Z,2026-06-08T05:45:00+0200,402.67001,MW,FR,FR,forecast_offshore_wind_generation,Wind Offshore,2026-06-11T21:19:02Z
2026-06-11T21:18:08Z,2026-06-11T23:18:08+0200,4e273271-2dd1-4145-994c-b9bfe17baf4e,2026-06-08T04:00:00Z,2026-06-08T06:00:00+0200,429.22998,MW,FR,FR,forecast_offshore_wind_generation,Wind Offshore,2026-06-11T21:19:02Z
2026-06-11T21:18:08Z,2026-06-11T23:18:08+0200,4e273271-2dd1-4145-994c-b9bfe17baf4e,2026-06-08T04:15:00Z,2026-06-08T06:15:00+0200,441.48001,MW,FR,FR,forecast_offshore_wind_generation,Wind Offshore,2026-06-11T21:19:02Z
2026-06-11T21:18:08Z,2026-06-11T23:18:08+0200,4e273271-2dd1-4145-994c-b9bfe17baf4e,2026-06-08T04:30:00Z,2026-06-08T06:30:00+0200,453.73001,MW,FR,FR,forecast_offshore_wind_generation,Wind Offshore,2026-06-11T21:19:02Z
2026-06-11T21:18:08Z,2026-06-11T23:18:08+0200,4e273271-2dd1-4145-994c-b9bfe17baf4e,2026-06-08T04:45:00Z,2026-06-08T06:45:00+0200,465.98999,MW,FR,FR,forecast_offshore_wind_generation,Wind Offshore,2026-06-11T21:19:02Z
2026-06-11T21:18:08Z,2026-06-11T23:18:08+0200,4e273271-2dd1-4145-994c-b9bfe17baf4e,2026-06-08T05:00:00Z,2026-06-08T07:00:00+0200,478.23001,MW,FR,FR,forecast_offshore_wind_generation,Wind Offshore,2026-06-11T21:19:02Z
2026-06-11T21:18:08Z,2026-06-11T23:18:08+0200,4e273271-2dd1-4145-994c-b9bfe17baf4e,2026-06-08T05:15:00Z,2026-06-08T07:15:00+0200,487.56998,MW,FR,FR,forecast_offshore_wind_generation,Wind Offshore,2026-06-11T21:19:02Z
2026-06-11T21:18:08Z,2026-06-11T23:18:08+0200,4e273271-2dd1-4145-994c-b9bfe17baf4e,2026-06-08T05:30:00Z,2026-06-08T07:30:00+0200,496.90002,MW,FR,FR,forecast_offshore_wind_generation,Wind Offshore,2026-06-11T21:19:02Z
2026-06-11T21:18:08Z,2026-06-11T23:18:08+0200,4e273271-2dd1-4145-994c-b9bfe17baf4e,2026-06-08T05:45:00Z,2026-06-08T07:45:00+0200,506.23999,MW,FR,FR,forecast_offshore_wind_generation,Wind Offshore,2026-06-11T21:19:02Z
2026-06-11T21:18:08Z,2026-06-11T23:18:08+0200,4e273271-2dd1-4145-994c-b9bfe17baf4e,2026-06-08T06:00:00Z,2026-06-08T08:00:00+0200,515.56006,MW,FR,FR,forecast_offshore_wind_generation,Wind Offshore,2026-06-11T21:19:02Z
2026-06-11T21:18:08Z,2026-06-11T23:18:08+0200,4e273271-2dd1-4145-994c-b9bfe17baf4e,2026-06-08T06:15:00Z,2026-06-08T08:15:00+0200,545.33002,MW,FR,FR,forecast_offshore_wind_generation,Wind Offshore,2026-06-11T21:19:02Z
2026-06-11T21:18:08Z,2026-06-11T23:18:08+0200,4e273271-2dd1-4145-994c-b9bfe17baf4e,2026-06-08T06:30:00Z,2026-06-08T08:30:00+0200,575.12,MW,FR,FR,forecast_offshore_wind_generation,Wind Offshore,2026-06-11T21:19:02Z
2026-06-11T21:18:08Z,2026-06-11T23:18:08+0200,4e273271-2dd1-4145-994c-b9bfe17baf4e,2026-06-08T06:45:00Z,2026-06-08T08:45:00+0200,604.90002,MW,FR,FR,forecast_offshore_wind_generation,Wind Offshore,2026-06-11T21:19:02Z
2026-06-11T21:18:08Z,2026-06-11T23:18:08+0200,4e273271-2dd1-4145-994c-b9bfe17baf4e,2026-06-08T07:00:00Z,2026-06-08T09:00:00+0200,634.68005,MW,FR,FR,forecast_offshore_wind_generation,Wind Offshore,2026-06-11T21:19:02Z
2026-06-11T21:18:08Z,2026-06-11T23:18:08+0200,4e273271-2dd1-4145-994c-b9bfe17baf4e,2026-06-08T07:15:00Z,2026-06-08T09:15:00+0200,672.92999,MW,FR,FR,forecast_offshore_wind_generation,Wind Offshore,2026-06-11T21:19:02Z
2026-06-11T21:18:08Z,2026-06-11T23:18:08+0200,4e273271-2dd1-4145-994c-b9bfe17baf4e,2026-06-08T07:30:00Z,2026-06-08T09:30:00+0200,711.20996,MW,FR,FR,forecast_offshore_wind_generation,Wind Offshore,2026-06-11T21:19:02Z
2026-06-11T21:18:08Z,2026-06-11T23:18:08+0200,4e273271-2dd1-4145-994c-b9bfe17baf4e,2026-06-08T07:45:00Z,2026-06-08T09:45:00+0200,749.47998,MW,FR,FR,forecast_offshore_wind_generation,Wind Offshore,2026-06-11T21:19:02Z
2026-06-11T21:18:08Z,2026-06-11T23:18:08+0200,4e273271-2dd1-4145-994c-b9bfe17baf4e,2026-06-08T08:00:00Z,2026-06-08T10:00:00+0200,787.75,MW,FR,FR,forecast_offshore_wind_generation,Wind Offshore,2026-06-11T21:19:02Z
2026-06-11T21:18:08Z,2026-06-11T23:18:08+0200,4e273271-2dd1-4145-994c-b9bfe17baf4e,2026-06-08T08:15:00Z,2026-06-08T10:15:00+0200,831.21997,MW,FR,FR,forecast_offshore_wind_generation,Wind Offshore,2026-06-11T21:19:02Z
2026-06-11T21:18:08Z,2026-06-11T23:18:08+0200,4e273271-2dd1-4145-994c-b9bfe17baf4e,2026-06-08T08:30:00Z,2026-06-08T10:30:00+0200,874.71002,MW,FR,FR,forecast_offshore_wind_generation,Wind Offshore,2026-06-11T21:19:02Z
2026-06-11T21:18:08Z,2026-06-11T23:18:08+0200,4e273271-2dd1-4145-994c-b9bfe17baf4e,2026-06-08T08:45:00Z,2026-06-08T10:45:00+0200,918.19,MW,FR,FR,forecast_offshore_wind_generation,Wind Offshore,2026-06-11T21:19:02Z
2026-06-11T21:18:08Z,2026-06-11T23:18:08+0200,4e273271-2dd1-4145-994c-b9bfe17baf4e,2026-06-08T09:00:00Z,2026-06-08T11:00:00+0200,961.66003,MW,FR,FR,forecast_offshore_wind_generation,Wind Offshore,2026-06-11T21:19:02Z
2026-06-11T21:18:08Z,2026-06-11T23:18:08+0200,4e273271-2dd1-4145-994c-b9bfe17baf4e,2026-06-08T09:15:00Z,2026-06-08T11:15:00+0200,1012.81,MW,FR,FR,forecast_offshore_wind_generation,Wind Offshore,2026-06-11T21:19:02Z
2026-06-11T21:18:08Z,2026-06-11T23:18:08+0200,4e273271-2dd1-4145-994c-b9bfe17baf4e,2026-06-08T09:30:00Z,2026-06-08T11:30:00+0200,1063.96997,MW,FR,FR,forecast_offshore_wind_generation,Wind Offshore,2026-06-11T21:19:02Z
2026-06-11T21:18:08Z,2026-06-11T23:18:08+0200,4e273271-2dd1-4145-994c-b9bfe17baf4e,2026-06-08T09:45:00Z,2026-06-08T11:45:00+0200,1115.12,MW,FR,FR,forecast_offshore_wind_generation,Wind Offshore,2026-06-11T21:19:02Z
2026-06-11T21:18:08Z,2026-06-11T23:18:08+0200,4e273271-2dd1-4145-994c-b9bfe17baf4e,2026-06-08T10:00:00Z,2026-06-08T12:00:00+0200,1166.28003,MW,FR,FR,forecast_offshore_wind_generation,Wind Offshore,2026-06-11T21:19:02Z
2026-06-11T21:18:08Z,2026-06-11T23:18:08+0200,4e273271-2dd1-4145-994c-b9bfe17baf4e,2026-06-08T10:15:00Z,2026-06-08T12:15:00+0200,1144.54993,MW,FR,FR,forecast_offshore_wind_generation,Wind Offshore,2026-06-11T21:19:02Z
2026-06-11T21:18:08Z,2026-06-11T23:18:08+0200,4e273271-2dd1-4145-994c-b9bfe17baf4e,2026-06-08T10:30:00Z,2026-06-08T12:30:00+0200,1122.83008,MW,FR,FR,forecast_offshore_wind_generation,Wind Offshore,2026-06-11T21:19:02Z
2026-06-11T21:18:08Z,2026-06-11T23:18:08+0200,4e273271-2dd1-4145-994c-b9bfe17baf4e,2026-06-08T10:45:00Z,2026-06-08T12:45:00+0200,1101.11987,MW,FR,FR,forecast_offshore_wind_generation,Wind Offshore,2026-06-11T21:19:02Z
2026-06-11T21:18:08Z,2026-06-11T23:18:08+0200,4e273271-2dd1-4145-994c-b9bfe17baf4e,2026-06-08T11:00:00Z,2026-06-08T13:00:00+0200,1079.40002,MW,FR,FR,forecast_offshore_wind_generation,Wind Offshore,2026-06-11T21:19:02Z
2026-06-11T21:18:08Z,2026-06-11T23:18:08+0200,4e273271-2dd1-4145-994c-b9bfe17baf4e,2026-06-08T11:15:00Z,2026-06-08T13:15:00+0200,1084.8501,MW,FR,FR,forecast_offshore_wind_generation,Wind Offshore,2026-06-11T21:19:02Z
2026-06-11T21:18:08Z,2026-06-11T23:18:08+0200,4e273271-2dd1-4145-994c-b9bfe17baf4e,2026-06-08T11:30:00Z,2026-06-08T13:30:00+0200,1090.29004,MW,FR,FR,forecast_offshore_wind_generation,Wind Offshore,2026-06-11T21:19:02Z
2026-06-11T21:18:08Z,2026-06-11T23:18:08+0200,4e273271-2dd1-4145-994c-b9bfe17baf4e,2026-06-08T11:45:00Z,2026-06-08T13:45:00+0200,1095.72998,MW,FR,FR,forecast_offshore_wind_generation,Wind Offshore,2026-06-11T21:19:02Z
2026-06-11T21:18:08Z,2026-06-11T23:18:08+0200,4e273271-2dd1-4145-994c-b9bfe17baf4e,2026-06-08T12:00:00Z,2026-06-08T14:00:00+0200,1101.16003,MW,FR,FR,forecast_offshore_wind_generation,Wind Offshore,2026-06-11T21:19:02Z
2026-06-11T21:18:08Z,2026-06-11T23:18:08+0200,4e273271-2dd1-4145-994c-b9bfe17baf4e,2026-06-08T12:15:00Z,2026-06-08T14:15:00+0200,1092.3999,MW,FR,FR,forecast_offshore_wind_generation,Wind Offshore,2026-06-11T21:19:02Z
2026-06-11T21:18:08Z,2026-06-11T23:18:08+0200,4e273271-2dd1-4145-994c-b9bfe17baf4e,2026-06-08T12:30:00Z,2026-06-08T14:30:00+0200,1083.62988,MW,FR,FR,forecast_offshore_wind_generation,Wind Offshore,2026-06-11T21:19:02Z
2026-06-11T21:18:08Z,2026-06-11T23:18:08+0200,4e273271-2dd1-4145-994c-b9bfe17baf4e,2026-06-08T12:45:00Z,2026-06-08T14:45:00+0200,1074.85999,MW,FR,FR,forecast_offshore_wind_generation,Wind Offshore,2026-06-11T21:19:02Z
2026-06-11T21:18:08Z,2026-06-11T23:18:08+0200,4e273271-2dd1-4145-994c-b9bfe17baf4e,2026-06-08T13:00:00Z,2026-06-08T15:00:00+0200,1066.09998,MW,FR,FR,forecast_offshore_wind_generation,Wind Offshore,2026-06-11T21:19:02Z
2026-06-11T21:18:08Z,2026-06-11T23:18:08+0200,4e273271-2dd1-4145-994c-b9bfe17baf4e,2026-06-08T13:15:00Z,2026-06-08T15:15:00+0200,1040.12,MW,FR,FR,forecast_offshore_wind_generation,Wind Offshore,2026-06-11T21:19:02Z
2026-06-11T21:18:08Z,2026-06-11T23:18:08+0200,4e273271-2dd1-4145-994c-b9bfe17baf4e,2026-06-08T13:30:00Z,2026-06-08T15:30:00+0200,1014.13,MW,FR,FR,forecast_offshore_wind_generation,Wind Offshore,2026-06-11T21:19:02Z
2026-06-11T21:18:08Z,2026-06-11T23:18:08+0200,4e273271-2dd1-4145-994c-b9bfe17baf4e,2026-06-08T13:45:00Z,2026-06-08T15:45:00+0200,988.15002,MW,FR,FR,forecast_offshore_wind_generation,Wind Offshore,2026-06-11T21:19:02Z
2026-06-11T21:18:08Z,2026-06-11T23:18:08+0200,4e273271-2dd1-4145-994c-b9bfe17baf4e,2026-06-08T14:00:00Z,2026-06-08T16:00:00+0200,962.17004,MW,FR,FR,forecast_offshore_wind_generation,Wind Offshore,2026-06-11T21:19:02Z
2026-06-11T21:18:08Z,2026-06-11T23:18:08+0200,4e273271-2dd1-4145-994c-b9bfe17baf4e,2026-06-08T14:15:00Z,2026-06-08T16:15:00+0200,984.32001,MW,FR,FR,forecast_offshore_wind_generation,Wind Offshore,2026-06-11T21:19:02Z
2026-06-11T21:18:08Z,2026-06-11T23:18:08+0200,4e273271-2dd1-4145-994c-b9bfe17baf4e,2026-06-08T14:30:00Z,2026-06-08T16:30:00+0200,1006.45001,MW,FR,FR,forecast_offshore_wind_generation,Wind Offshore,2026-06-11T21:19:02Z
2026-06-11T21:18:08Z,2026-06-11T23:18:08+0200,4e273271-2dd1-4145-994c-b9bfe17baf4e,2026-06-08T14:45:00Z,2026-06-08T16:45:00+0200,1028.59998,MW,FR,FR,forecast_offshore_wind_generation,Wind Offshore,2026-06-11T21:19:02Z
2026-06-11T21:18:08Z,2026-06-11T23:18:08+0200,4e273271-2dd1-4145-994c-b9bfe17baf4e,2026-06-08T15:00:00Z,2026-06-08T17:00:00+0200,1050.73999,MW,FR,FR,forecast_offshore_wind_generation,Wind Offshore,2026-06-11T21:19:02Z
2026-06-11T21:18:08Z,2026-06-11T23:18:08+0200,4e273271-2dd1-4145-994c-b9bfe17baf4e,2026-06-08T15:15:00Z,2026-06-08T17:15:00+0200,1097.75,MW,FR,FR,forecast_offshore_wind_generation,Wind Offshore,2026-06-11T21:19:02Z
2026-06-11T21:18:08Z,2026-06-11T23:18:08+0200,4e273271-2dd1-4145-994c-b9bfe17baf4e,2026-06-08T15:30:00Z,2026-06-08T17:30:00+0200,1144.77002,MW,FR,FR,forecast_offshore_wind_generation,Wind Offshore,2026-06-11T21:19:02Z
2026-06-11T21:18:08Z,2026-06-11T23:18:08+0200,4e273271-2dd1-4145-994c-b9bfe17baf4e,2026-06-08T15:45:00Z,2026-06-08T17:45:00+0200,1191.78003,MW,FR,FR,forecast_offshore_wind_generation,Wind Offshore,2026-06-11T21:19:02Z
2026-06-11T21:18:08Z,2026-06-11T23:18:08+0200,4e273271-2dd1-4145-994c-b9bfe17baf4e,2026-06-08T16:00:00Z,2026-06-08T18:00:00+0200,1238.80005,MW,FR,FR,forecast_offshore_wind_generation,Wind Offshore,2026-06-11T21:19:02Z
2026-06-11T21:18:08Z,2026-06-11T23:18:08+0200,4e273271-2dd1-4145-994c-b9bfe17baf4e,2026-06-08T16:15:00Z,2026-06-08T18:15:00+0200,1272.11011,MW,FR,FR,forecast_offshore_wind_generation,Wind Offshore,2026-06-11T21:19:02Z
2026-06-11T21:18:08Z,2026-06-11T23:18:08+0200,4e273271-2dd1-4145-994c-b9bfe17baf4e,2026-06-08T16:30:00Z,2026-06-08T18:30:00+0200,1305.42004,MW,FR,FR,forecast_offshore_wind_generation,Wind Offshore,2026-06-11T21:19:02Z
2026-06-11T21:18:08Z,2026-06-11T23:18:08+0200,4e273271-2dd1-4145-994c-b9bfe17baf4e,2026-06-08T16:45:00Z,2026-06-08T18:45:00+0200,1338.71997,MW,FR,FR,forecast_offshore_wind_generation,Wind Offshore,2026-06-11T21:19:02Z
2026-06-11T21:18:08Z,2026-06-11T23:18:08+0200,4e273271-2dd1-4145-994c-b9bfe17baf4e,2026-06-08T17:00:00Z,2026-06-08T19:00:00+0200,1372.03003,MW,FR,FR,forecast_offshore_wind_generation,Wind Offshore,2026-06-11T21:19:02Z
2026-06-11T21:18:08Z,2026-06-11T23:18:08+0200,4e273271-2dd1-4145-994c-b9bfe17baf4e,2026-06-08T17:15:00Z,2026-06-08T19:15:00+0200,1400.68994,MW,FR,FR,forecast_offshore_wind_generation,Wind Offshore,2026-06-11T21:19:02Z
2026-06-11T21:18:08Z,2026-06-11T23:18:08+0200,4e273271-2dd1-4145-994c-b9bfe17baf4e,2026-06-08T17:30:00Z,2026-06-08T19:30:00+0200,1429.34998,MW,FR,FR,forecast_offshore_wind_generation,Wind Offshore,2026-06-11T21:19:02Z
2026-06-11T21:18:08Z,2026-06-11T23:18:08+0200,4e273271-2dd1-4145-994c-b9bfe17baf4e,2026-06-08T17:45:00Z,2026-06-08T19:45:00+0200,1458.02991,MW,FR,FR,forecast_offshore_wind_generation,Wind Offshore,2026-06-11T21:19:02Z
2026-06-11T21:18:08Z,2026-06-11T23:18:08+0200,4e273271-2dd1-4145-994c-b9bfe17baf4e,2026-06-08T18:00:00Z,2026-06-08T20:00:00+0200,1486.68005,MW,FR,FR,forecast_offshore_wind_generation,Wind Offshore,2026-06-11T21:19:02Z
2026-06-11T21:18:08Z,2026-06-11T23:18:08+0200,4e273271-2dd1-4145-994c-b9bfe17baf4e,2026-06-08T18:15:00Z,2026-06-08T20:15:00+0200,1486.27002,MW,FR,FR,forecast_offshore_wind_generation,Wind Offshore,2026-06-11T21:19:02Z
2026-06-11T21:18:08Z,2026-06-11T23:18:08+0200,4e273271-2dd1-4145-994c-b9bfe17baf4e,2026-06-08T18:30:00Z,2026-06-08T20:30:00+0200,1485.87,MW,FR,FR,forecast_offshore_wind_generation,Wind Offshore,2026-06-11T21:19:02Z
2026-06-11T21:18:08Z,2026-06-11T23:18:08+0200,4e273271-2dd1-4145-994c-b9bfe17baf4e,2026-06-08T18:45:00Z,2026-06-08T20:45:00+0200,1485.44995,MW,FR,FR,forecast_offshore_wind_generation,Wind Offshore,2026-06-11T21:19:02Z
2026-06-11T21:18:08Z,2026-06-11T23:18:08+0200,4e273271-2dd1-4145-994c-b9bfe17baf4e,2026-06-08T19:00:00Z,2026-06-08T21:00:00+0200,1485.04993,MW,FR,FR,forecast_offshore_wind_generation,Wind Offshore,2026-06-11T21:19:02Z
2026-06-11T21:18:08Z,2026-06-11T23:18:08+0200,4e273271-2dd1-4145-994c-b9bfe17baf4e,2026-06-08T19:15:00Z,2026-06-08T21:15:00+0200,1477.62,MW,FR,FR,forecast_offshore_wind_generation,Wind Offshore,2026-06-11T21:19:02Z
2026-06-11T21:18:08Z,2026-06-11T23:18:08+0200,4e273271-2dd1-4145-994c-b9bfe17baf4e,2026-06-08T19:30:00Z,2026-06-08T21:30:00+0200,1470.17004,MW,FR,FR,forecast_offshore_wind_generation,Wind Offshore,2026-06-11T21:19:02Z
2026-06-11T21:18:08Z,2026-06-11T23:18:08+0200,4e273271-2dd1-4145-994c-b9bfe17baf4e,2026-06-08T19:45:00Z,2026-06-08T21:45:00+0200,1462.75,MW,FR,FR,forecast_offshore_wind_generation,Wind Offshore,2026-06-11T21:19:02Z
2026-06-11T21:18:08Z,2026-06-11T23:18:08+0200,4e273271-2dd1-4145-994c-b9bfe17baf4e,2026-06-08T20:00:00Z,2026-06-08T22:00:00+0200,1455.30994,MW,FR,FR,forecast_offshore_wind_generation,Wind Offshore,2026-06-11T21:19:02Z
2026-06-11T21:18:08Z,2026-06-11T23:18:08+0200,4e273271-2dd1-4145-994c-b9bfe17baf4e,2026-06-08T20:15:00Z,2026-06-08T22:15:00+0200,1433.38,MW,FR,FR,forecast_offshore_wind_generation,Wind Offshore,2026-06-11T21:19:02Z
2026-06-11T21:18:08Z,2026-06-11T23:18:08+0200,4e273271-2dd1-4145-994c-b9bfe17baf4e,2026-06-08T20:30:00Z,2026-06-08T22:30:00+0200,1411.47998,MW,FR,FR,forecast_offshore_wind_generation,Wind Offshore,2026-06-11T21:19:02Z
2026-06-11T21:18:08Z,2026-06-11T23:18:08+0200,4e273271-2dd1-4145-994c-b9bfe17baf4e,2026-06-08T20:45:00Z,2026-06-08T22:45:00+0200,1389.55005,MW,FR,FR,forecast_offshore_wind_generation,Wind Offshore,2026-06-11T21:19:02Z
2026-06-11T21:18:08Z,2026-06-11T23:18:08+0200,4e273271-2dd1-4145-994c-b9bfe17baf4e,2026-06-08T21:00:00Z,2026-06-08T23:00:00+0200,1367.64001,MW,FR,FR,forecast_offshore_wind_generation,Wind Offshore,2026-06-11T21:19:02Z
2026-06-11T21:18:08Z,2026-06-11T23:18:08+0200,4e273271-2dd1-4145-994c-b9bfe17baf4e,2026-06-08T21:15:00Z,2026-06-08T23:15:00+0200,1328.78003,MW,FR,FR,forecast_offshore_wind_generation,Wind Offshore,2026-06-11T21:19:02Z
2026-06-11T21:18:08Z,2026-06-11T23:18:08+0200,4e273271-2dd1-4145-994c-b9bfe17baf4e,2026-06-08T21:30:00Z,2026-06-08T23:30:00+0200,1289.91992,MW,FR,FR,forecast_offshore_wind_generation,Wind Offshore,2026-06-11T21:19:02Z
2026-06-11T21:18:08Z,2026-06-11T23:18:08+0200,4e273271-2dd1-4145-994c-b9bfe17baf4e,2026-06-08T21:45:00Z,2026-06-08T23:45:00+0200,1251.07007,MW,FR,FR,forecast_offshore_wind_generation,Wind Offshore,2026-06-11T21:19:02Z
2026-06-11T21:18:08Z,2026-06-11T23:18:08+0200,4e273271-2dd1-4145-994c-b9bfe17baf4e,2026-06-08T22:00:00Z,2026-06-09T00:00:00+0200,1310.64001,MW,FR,FR,forecast_offshore_wind_generation,Wind Offshore,2026-06-11T21:19:02Z
2026-06-11T21:18:08Z,2026-06-11T23:18:08+0200,4e273271-2dd1-4145-994c-b9bfe17baf4e,2026-06-08T22:15:00Z,2026-06-09T00:15:00+0200,1258.33997,MW,FR,FR,forecast_offshore_wind_generation,Wind Offshore,2026-06-11T21:19:02Z
2026-06-11T21:18:08Z,2026-06-11T23:18:08+0200,4e273271-2dd1-4145-994c-b9bfe17baf4e,2026-06-08T22:30:00Z,2026-06-09T00:30:00+0200,1206.07007,MW,FR,FR,forecast_offshore_wind_generation,Wind Offshore,2026-06-11T21:19:02Z
2026-06-11T21:18:08Z,2026-06-11T23:18:08+0200,4e273271-2dd1-4145-994c-b9bfe17baf4e,2026-06-08T22:45:00Z,2026-06-09T00:45:00+0200,1154.05005,MW,FR,FR,forecast_offshore_wind_generation,Wind Offshore,2026-06-11T21:19:02Z
2026-06-11T21:18:08Z,2026-06-11T23:18:08+0200,4e273271-2dd1-4145-994c-b9bfe17baf4e,2026-06-08T23:00:00Z,2026-06-09T01:00:00+0200,1102.03003,MW,FR,FR,forecast_offshore_wind_generation,Wind Offshore,2026-06-11T21:19:02Z
2026-06-11T21:18:08Z,2026-06-11T23:18:08+0200,4e273271-2dd1-4145-994c-b9bfe17baf4e,2026-06-08T23:15:00Z,2026-06-09T01:15:00+0200,1051.01001,MW,FR,FR,forecast_offshore_wind_generation,Wind Offshore,2026-06-11T21:19:02Z
2026-06-11T21:18:08Z,2026-06-11T23:18:08+0200,4e273271-2dd1-4145-994c-b9bfe17baf4e,2026-06-08T23:30:00Z,2026-06-09T01:30:00+0200,999.98004,MW,FR,FR,forecast_offshore_wind_generation,Wind Offshore,2026-06-11T21:19:02Z
2026-06-11T21:18:08Z,2026-06-11T23:18:08+0200,4e273271-2dd1-4145-994c-b9bfe17baf4e,2026-06-08T23:45:00Z,2026-06-09T01:45:00+0200,949.05005,MW,FR,FR,forecast_offshore_wind_generation,Wind Offshore,2026-06-11T21:19:02Z
2026-06-11T21:18:08Z,2026-06-11T23:18:08+0200,4e273271-2dd1-4145-994c-b9bfe17baf4e,2026-06-09T00:00:00Z,2026-06-09T02:00:00+0200,898.12,MW,FR,FR,forecast_offshore_wind_generation,Wind Offshore,2026-06-11T21:19:02Z
2026-06-11T21:18:08Z,2026-06-11T23:18:08+0200,4e273271-2dd1-4145-994c-b9bfe17baf4e,2026-06-09T00:15:00Z,2026-06-09T02:15:00+0200,875.15997,MW,FR,FR,forecast_offshore_wind_generation,Wind Offshore,2026-06-11T21:19:02Z
2026-06-11T21:18:08Z,2026-06-11T23:18:08+0200,4e273271-2dd1-4145-994c-b9bfe17baf4e,2026-06-09T00:30:00Z,2026-06-09T02:30:00+0200,852.21002,MW,FR,FR,forecast_offshore_wind_generation,Wind Offshore,2026-06-11T21:19:02Z
2026-06-11T21:18:08Z,2026-06-11T23:18:08+0200,4e273271-2dd1-4145-994c-b9bfe17baf4e,2026-06-09T00:45:00Z,2026-06-09T02:45:00+0200,829.23999,MW,FR,FR,forecast_offshore_wind_generation,Wind Offshore,2026-06-11T21:19:02Z
2026-06-11T21:18:08Z,2026-06-11T23:18:08+0200,4e273271-2dd1-4145-994c-b9bfe17baf4e,2026-06-09T01:00:00Z,2026-06-09T03:00:00+0200,806.28003,MW,FR,FR,forecast_offshore_wind_generation,Wind Offshore,2026-06-11T21:19:02Z
2026-06-11T21:18:08Z,2026-06-11T23:18:08+0200,4e273271-2dd1-4145-994c-b9bfe17baf4e,2026-06-09T01:15:00Z,2026-06-09T03:15:00+0200,792.29004,MW,FR,FR,forecast_offshore_wind_generation,Wind Offshore,2026-06-11T21:19:02Z
2026-06-11T21:18:08Z,2026-06-11T23:18:08+0200,4e273271-2dd1-4145-994c-b9bfe17baf4e,2026-06-09T01:30:00Z,2026-06-09T03:30:00+0200,778.29004,MW,FR,FR,forecast_offshore_wind_generation,Wind Offshore,2026-06-11T21:19:02Z
2026-06-11T21:18:08Z,2026-06-11T23:18:08+0200,4e273271-2dd1-4145-994c-b9bfe17baf4e,2026-06-09T01:45:00Z,2026-06-09T03:45:00+0200,764.28998,MW,FR,FR,forecast_offshore_wind_generation,Wind Offshore,2026-06-11T21:19:02Z
2026-06-11T21:18:08Z,2026-06-11T23:18:08+0200,4e273271-2dd1-4145-994c-b9bfe17baf4e,2026-06-09T02:00:00Z,2026-06-09T04:00:00+0200,750.29004,MW,FR,FR,forecast_offshore_wind_generation,Wind Offshore,2026-06-11T21:19:02Z
2026-06-11T21:18:08Z,2026-06-11T23:18:08+0200,4e273271-2dd1-4145-994c-b9bfe17baf4e,2026-06-09T02:15:00Z,2026-06-09T04:15:00+0200,745.06,MW,FR,FR,forecast_offshore_wind_generation,Wind Offshore,2026-06-11T21:19:02Z
2026-06-11T21:18:08Z,2026-06-11T23:18:08+0200,4e273271-2dd1-4145-994c-b9bfe17baf4e,2026-06-09T02:30:00Z,2026-06-09T04:30:00+0200,739.81995,MW,FR,FR,forecast_offshore_wind_generation,Wind Offshore,2026-06-11T21:19:02Z
2026-06-11T21:18:08Z,2026-06-11T23:18:08+0200,4e273271-2dd1-4145-994c-b9bfe17baf4e,2026-06-09T02:45:00Z,2026-06-09T04:45:00+0200,734.58997,MW,FR,FR,forecast_offshore_wind_generation,Wind Offshore,2026-06-11T21:19:02Z
2026-06-11T21:18:08Z,2026-06-11T23:18:08+0200,4e273271-2dd1-4145-994c-b9bfe17baf4e,2026-06-09T03:00:00Z,2026-06-09T05:00:00+0200,729.37,MW,FR,FR,forecast_offshore_wind_generation,Wind Offshore,2026-06-11T21:19:02Z
2026-06-11T21:18:08Z,2026-06-11T23:18:08+0200,4e273271-2dd1-4145-994c-b9bfe17baf4e,2026-06-09T03:15:00Z,2026-06-09T05:15:00+0200,745.85999,MW,FR,FR,forecast_offshore_wind_generation,Wind Offshore,2026-06-11T21:19:02Z
2026-06-11T21:18:08Z,2026-06-11T23:18:08+0200,4e273271-2dd1-4145-994c-b9bfe17baf4e,2026-06-09T03:30:00Z,2026-06-09T05:30:00+0200,762.35004,MW,FR,FR,forecast_offshore_wind_generation,Wind Offshore,2026-06-11T21:19:02Z
2026-06-11T21:18:08Z,2026-06-11T23:18:08+0200,4e273271-2dd1-4145-994c-b9bfe17baf4e,2026-06-09T03:45:00Z,2026-06-09T05:45:00+0200,778.89996,MW,FR,FR,forecast_offshore_wind_generation,Wind Offshore,2026-06-11T21:19:02Z
2026-06-11T21:18:08Z,2026-06-11T23:18:08+0200,4e273271-2dd1-4145-994c-b9bfe17baf4e,2026-06-09T04:00:00Z,2026-06-09T06:00:00+0200,795.47003,MW,FR,FR,forecast_offshore_wind_generation,Wind Offshore,2026-06-11T21:19:02Z
2026-06-11T21:18:08Z,2026-06-11T23:18:08+0200,4e273271-2dd1-4145-994c-b9bfe17baf4e,2026-06-09T04:15:00Z,2026-06-09T06:15:00+0200,797.83008,MW,FR,FR,forecast_offshore_wind_generation,Wind Offshore,2026-06-11T21:19:02Z
2026-06-11T21:18:08Z,2026-06-11T23:18:08+0200,4e273271-2dd1-4145-994c-b9bfe17baf4e,2026-06-09T04:30:00Z,2026-06-09T06:30:00+0200,800.19,MW,FR,FR,forecast_offshore_wind_generation,Wind Offshore,2026-06-11T21:19:02Z
2026-06-11T21:18:08Z,2026-06-11T23:18:08+0200,4e273271-2dd1-4145-994c-b9bfe17baf4e,2026-06-09T04:45:00Z,2026-06-09T06:45:00+0200,802.62,MW,FR,FR,forecast_offshore_wind_generation,Wind Offshore,2026-06-11T21:19:02Z
2026-06-11T21:18:08Z,2026-06-11T23:18:08+0200,4e273271-2dd1-4145-994c-b9bfe17baf4e,2026-06-09T05:00:00Z,2026-06-09T07:00:00+0200,805.06995,MW,FR,FR,forecast_offshore_wind_generation,Wind Offshore,2026-06-11T21:19:02Z
2026-06-11T21:18:08Z,2026-06-11T23:18:08+0200,4e273271-2dd1-4145-994c-b9bfe17baf4e,2026-06-09T05:15:00Z,2026-06-09T07:15:00+0200,804.20001,MW,FR,FR,forecast_offshore_wind_generation,Wind Offshore,2026-06-11T21:19:02Z
2026-06-11T21:18:08Z,2026-06-11T23:18:08+0200,4e273271-2dd1-4145-994c-b9bfe17baf4e,2026-06-09T05:30:00Z,2026-06-09T07:30:00+0200,803.33002,MW,FR,FR,forecast_offshore_wind_generation,Wind Offshore,2026-06-11T21:19:02Z
2026-06-11T21:18:08Z,2026-06-11T23:18:08+0200,4e273271-2dd1-4145-994c-b9bfe17baf4e,2026-06-09T05:45:00Z,2026-06-09T07:45:00+0200,802.53003,MW,FR,FR,forecast_offshore_wind_generation,Wind Offshore,2026-06-11T21:19:02Z
2026-06-11T21:18:08Z,2026-06-11T23:18:08+0200,4e273271-2dd1-4145-994c-b9bfe17baf4e,2026-06-09T06:00:00Z,2026-06-09T08:00:00+0200,801.73999,MW,FR,FR,forecast_offshore_wind_generation,Wind Offshore,2026-06-11T21:19:02Z
2026-06-11T21:18:08Z,2026-06-11T23:18:08+0200,4e273271-2dd1-4145-994c-b9bfe17baf4e,2026-06-09T06:15:00Z,2026-06-09T08:15:00+0200,807.04999,MW,FR,FR,forecast_offshore_wind_generation,Wind Offshore,2026-06-11T21:19:02Z
2026-06-11T21:18:08Z,2026-06-11T23:18:08+0200,4e273271-2dd1-4145-994c-b9bfe17baf4e,2026-06-09T06:30:00Z,2026-06-09T08:30:00+0200,812.38,MW,FR,FR,forecast_offshore_wind_generation,Wind Offshore,2026-06-11T21:19:02Z
2026-06-11T21:18:08Z,2026-06-11T23:18:08+0200,4e273271-2dd1-4145-994c-b9bfe17baf4e,2026-06-09T06:45:00Z,2026-06-09T08:45:00+0200,817.72998,MW,FR,FR,forecast_offshore_wind_generation,Wind Offshore,2026-06-11T21:19:02Z
2026-06-11T21:18:08Z,2026-06-11T23:18:08+0200,4e273271-2dd1-4145-994c-b9bfe17baf4e,2026-06-09T07:00:00Z,2026-06-09T09:00:00+0200,823.09998,MW,FR,FR,forecast_offshore_wind_generation,Wind Offshore,2026-06-11T21:19:02Z
2026-06-11T21:18:08Z,2026-06-11T23:18:08+0200,4e273271-2dd1-4145-994c-b9bfe17baf4e,2026-06-09T07:15:00Z,2026-06-09T09:15:00+0200,832.35999,MW,FR,FR,forecast_offshore_wind_generation,Wind Offshore,2026-06-11T21:19:02Z
2026-06-11T21:18:08Z,2026-06-11T23:18:08+0200,4e273271-2dd1-4145-994c-b9bfe17baf4e,2026-06-09T07:30:00Z,2026-06-09T09:30:00+0200,841.65002,MW,FR,FR,forecast_offshore_wind_generation,Wind Offshore,2026-06-11T21:19:02Z
2026-06-11T21:18:08Z,2026-06-11T23:18:08+0200,4e273271-2dd1-4145-994c-b9bfe17baf4e,2026-06-09T07:45:00Z,2026-06-09T09:45:00+0200,850.95996,MW,FR,FR,forecast_offshore_wind_generation,Wind Offshore,2026-06-11T21:19:02Z
2026-06-11T21:18:08Z,2026-06-11T23:18:08+0200,4e273271-2dd1-4145-994c-b9bfe17baf4e,2026-06-09T08:00:00Z,2026-06-09T10:00:00+0200,860.25,MW,FR,FR,forecast_offshore_wind_generation,Wind Offshore,2026-06-11T21:19:02Z
2026-06-11T21:18:08Z,2026-06-11T23:18:08+0200,4e273271-2dd1-4145-994c-b9bfe17baf4e,2026-06-09T08:15:00Z,2026-06-09T10:15:00+0200,853.16998,MW,FR,FR,forecast_offshore_wind_generation,Wind Offshore,2026-06-11T21:19:02Z
2026-06-11T21:18:08Z,2026-06-11T23:18:08+0200,4e273271-2dd1-4145-994c-b9bfe17baf4e,2026-06-09T08:30:00Z,2026-06-09T10:30:00+0200,846.09998,MW,FR,FR,forecast_offshore_wind_generation,Wind Offshore,2026-06-11T21:19:02Z
2026-06-11T21:18:08Z,2026-06-11T23:18:08+0200,4e273271-2dd1-4145-994c-b9bfe17baf4e,2026-06-09T08:45:00Z,2026-06-09T10:45:00+0200,839.04999,MW,FR,FR,forecast_offshore_wind_generation,Wind Offshore,2026-06-11T21:19:02Z
2026-06-11T21:18:08Z,2026-06-11T23:18:08+0200,4e273271-2dd1-4145-994c-b9bfe17baf4e,2026-06-09T09:00:00Z,2026-06-09T11:00:00+0200,831.99005,MW,FR,FR,forecast_offshore_wind_generation,Wind Offshore,2026-06-11T21:19:02Z
2026-06-11T21:18:08Z,2026-06-11T23:18:08+0200,4e273271-2dd1-4145-994c-b9bfe17baf4e,2026-06-09T09:15:00Z,2026-06-09T11:15:00+0200,838.84998,MW,FR,FR,forecast_offshore_wind_generation,Wind Offshore,2026-06-11T21:19:02Z
2026-06-11T21:18:08Z,2026-06-11T23:18:08+0200,4e273271-2dd1-4145-994c-b9bfe17baf4e,2026-06-09T09:30:00Z,2026-06-09T11:30:00+0200,845.72003,MW,FR,FR,forecast_offshore_wind_generation,Wind Offshore,2026-06-11T21:19:02Z
2026-06-11T21:18:08Z,2026-06-11T23:18:08+0200,4e273271-2dd1-4145-994c-b9bfe17baf4e,2026-06-09T09:45:00Z,2026-06-09T11:45:00+0200,852.58997,MW,FR,FR,forecast_offshore_wind_generation,Wind Offshore,2026-06-11T21:19:02Z
2026-06-11T21:18:08Z,2026-06-11T23:18:08+0200,4e273271-2dd1-4145-994c-b9bfe17baf4e,2026-06-09T10:00:00Z,2026-06-09T12:00:00+0200,859.46997,MW,FR,FR,forecast_offshore_wind_generation,Wind Offshore,2026-06-11T21:19:02Z
2026-06-11T21:18:08Z,2026-06-11T23:18:08+0200,4e273271-2dd1-4145-994c-b9bfe17baf4e,2026-06-09T10:15:00Z,2026-06-09T12:15:00+0200,867.98999,MW,FR,FR,forecast_offshore_wind_generation,Wind Offshore,2026-06-11T21:19:02Z
2026-06-11T21:18:08Z,2026-06-11T23:18:08+0200,4e273271-2dd1-4145-994c-b9bfe17baf4e,2026-06-09T10:30:00Z,2026-06-09T12:30:00+0200,876.55005,MW,FR,FR,forecast_offshore_wind_generation,Wind Offshore,2026-06-11T21:19:02Z
2026-06-11T21:18:08Z,2026-06-11T23:18:08+0200,4e273271-2dd1-4145-994c-b9bfe17baf4e,2026-06-09T10:45:00Z,2026-06-09T12:45:00+0200,885.08002,MW,FR,FR,forecast_offshore_wind_generation,Wind Offshore,2026-06-11T21:19:02Z
2026-06-11T21:18:08Z,2026-06-11T23:18:08+0200,4e273271-2dd1-4145-994c-b9bfe17baf4e,2026-06-09T11:00:00Z,2026-06-09T13:00:00+0200,893.60999,MW,FR,FR,forecast_offshore_wind_generation,Wind Offshore,2026-06-11T21:19:02Z
2026-06-11T21:18:08Z,2026-06-11T23:18:08+0200,4e273271-2dd1-4145-994c-b9bfe17baf4e,2026-06-09T11:15:00Z,2026-06-09T13:15:00+0200,883.20996,MW,FR,FR,forecast_offshore_wind_generation,Wind Offshore,2026-06-11T21:19:02Z
2026-06-11T21:18:08Z,2026-06-11T23:18:08+0200,4e273271-2dd1-4145-994c-b9bfe17baf4e,2026-06-09T11:30:00Z,2026-06-09T13:30:00+0200,872.79999,MW,FR,FR,forecast_offshore_wind_generation,Wind Offshore,2026-06-11T21:19:02Z
2026-06-11T21:18:08Z,2026-06-11T23:18:08+0200,4e273271-2dd1-4145-994c-b9bfe17baf4e,2026-06-09T11:45:00Z,2026-06-09T13:45:00+0200,862.40002,MW,FR,FR,forecast_offshore_wind_generation,Wind Offshore,2026-06-11T21:19:02Z
2026-06-11T21:18:08Z,2026-06-11T23:18:08+0200,4e273271-2dd1-4145-994c-b9bfe17baf4e,2026-06-09T12:00:00Z,2026-06-09T14:00:00+0200,852.0,MW,FR,FR,forecast_offshore_wind_generation,Wind Offshore,2026-06-11T21:19:02Z
2026-06-11T21:18:08Z,2026-06-11T23:18:08+0200,4e273271-2dd1-4145-994c-b9bfe17baf4e,2026-06-09T12:15:00Z,2026-06-09T14:15:00+0200,858.08997,MW,FR,FR,forecast_offshore_wind_generation,Wind Offshore,2026-06-11T21:19:02Z
2026-06-11T21:18:08Z,2026-06-11T23:18:08+0200,4e273271-2dd1-4145-994c-b9bfe17baf4e,2026-06-09T12:30:00Z,2026-06-09T14:30:00+0200,864.15002,MW,FR,FR,forecast_offshore_wind_generation,Wind Offshore,2026-06-11T21:19:02Z
2026-06-11T21:18:08Z,2026-06-11T23:18:08+0200,4e273271-2dd1-4145-994c-b9bfe17baf4e,2026-06-09T12:45:00Z,2026-06-09T14:45:00+0200,870.24005,MW,FR,FR,forecast_offshore_wind_generation,Wind Offshore,2026-06-11T21:19:02Z
2026-06-11T21:18:08Z,2026-06-11T23:18:08+0200,4e273271-2dd1-4145-994c-b9bfe17baf4e,2026-06-09T13:00:00Z,2026-06-09T15:00:00+0200,876.32001,MW,FR,FR,forecast_offshore_wind_generation,Wind Offshore,2026-06-11T21:19:02Z
2026-06-11T21:18:08Z,2026-06-11T23:18:08+0200,4e273271-2dd1-4145-994c-b9bfe17baf4e,2026-06-09T13:15:00Z,2026-06-09T15:15:00+0200,890.0,MW,FR,FR,forecast_offshore_wind_generation,Wind Offshore,2026-06-11T21:19:02Z
2026-06-11T21:18:08Z,2026-06-11T23:18:08+0200,4e273271-2dd1-4145-994c-b9bfe17baf4e,2026-06-09T13:30:00Z,2026-06-09T15:30:00+0200,903.66003,MW,FR,FR,forecast_offshore_wind_generation,Wind Offshore,2026-06-11T21:19:02Z
2026-06-11T21:18:08Z,2026-06-11T23:18:08+0200,4e273271-2dd1-4145-994c-b9bfe17baf4e,2026-06-09T13:45:00Z,2026-06-09T15:45:00+0200,917.30005,MW,FR,FR,forecast_offshore_wind_generation,Wind Offshore,2026-06-11T21:19:02Z
2026-06-11T21:18:08Z,2026-06-11T23:18:08+0200,4e273271-2dd1-4145-994c-b9bfe17baf4e,2026-06-09T14:00:00Z,2026-06-09T16:00:00+0200,930.91998,MW,FR,FR,forecast_offshore_wind_generation,Wind Offshore,2026-06-11T21:19:02Z
2026-06-11T21:18:08Z,2026-06-11T23:18:08+0200,4e273271-2dd1-4145-994c-b9bfe17baf4e,2026-06-09T14:15:00Z,2026-06-09T16:15:00+0200,923.29004,MW,FR,FR,forecast_offshore_wind_generation,Wind Offshore,2026-06-11T21:19:02Z
2026-06-11T21:18:08Z,2026-06-11T23:18:08+0200,4e273271-2dd1-4145-994c-b9bfe17baf4e,2026-06-09T14:30:00Z,2026-06-09T16:30:00+0200,915.66003,MW,FR,FR,forecast_offshore_wind_generation,Wind Offshore,2026-06-11T21:19:02Z
2026-06-11T21:18:08Z,2026-06-11T23:18:08+0200,4e273271-2dd1-4145-994c-b9bfe17baf4e,2026-06-09T14:45:00Z,2026-06-09T16:45:00+0200,907.98004,MW,FR,FR,forecast_offshore_wind_generation,Wind Offshore,2026-06-11T21:19:02Z
2026-06-11T21:18:08Z,2026-06-11T23:18:08+0200,4e273271-2dd1-4145-994c-b9bfe17baf4e,2026-06-09T15:00:00Z,2026-06-09T17:00:00+0200,900.27997,MW,FR,FR,forecast_offshore_wind_generation,Wind Offshore,2026-06-11T21:19:02Z
2026-06-11T21:18:08Z,2026-06-11T23:18:08+0200,4e273271-2dd1-4145-994c-b9bfe17baf4e,2026-06-09T15:15:00Z,2026-06-09T17:15:00+0200,894.40997,MW,FR,FR,forecast_offshore_wind_generation,Wind Offshore,2026-06-11T21:19:02Z
2026-06-11T21:18:08Z,2026-06-11T23:18:08+0200,4e273271-2dd1-4145-994c-b9bfe17baf4e,2026-06-09T15:30:00Z,2026-06-09T17:30:00+0200,888.56,MW,FR,FR,forecast_offshore_wind_generation,Wind Offshore,2026-06-11T21:19:02Z
2026-06-11T21:18:08Z,2026-06-11T23:18:08+0200,4e273271-2dd1-4145-994c-b9bfe17baf4e,2026-06-09T15:45:00Z,2026-06-09T17:45:00+0200,882.62994,MW,FR,FR,forecast_offshore_wind_generation,Wind Offshore,2026-06-11T21:19:02Z
2026-06-11T21:18:08Z,2026-06-11T23:18:08+0200,4e273271-2dd1-4145-994c-b9bfe17baf4e,2026-06-09T16:00:00Z,2026-06-09T18:00:00+0200,876.71997,MW,FR,FR,forecast_offshore_wind_generation,Wind Offshore,2026-06-11T21:19:02Z
2026-06-11T21:18:08Z,2026-06-11T23:18:08+0200,4e273271-2dd1-4145-994c-b9bfe17baf4e,2026-06-09T16:15:00Z,2026-06-09T18:15:00+0200,874.30994,MW,FR,FR,forecast_offshore_wind_generation,Wind Offshore,2026-06-11T21:19:02Z
2026-06-11T21:18:08Z,2026-06-11T23:18:08+0200,4e273271-2dd1-4145-994c-b9bfe17baf4e,2026-06-09T16:30:00Z,2026-06-09T18:30:00+0200,871.90002,MW,FR,FR,forecast_offshore_wind_generation,Wind Offshore,2026-06-11T21:19:02Z
2026-06-11T21:18:08Z,2026-06-11T23:18:08+0200,4e273271-2dd1-4145-994c-b9bfe17baf4e,2026-06-09T16:45:00Z,2026-06-09T18:45:00+0200,869.45996,MW,FR,FR,forecast_offshore_wind_generation,Wind Offshore,2026-06-11T21:19:02Z
2026-06-11T21:18:08Z,2026-06-11T23:18:08+0200,4e273271-2dd1-4145-994c-b9bfe17baf4e,2026-06-09T17:00:00Z,2026-06-09T19:00:00+0200,867.02002,MW,FR,FR,forecast_offshore_wind_generation,Wind Offshore,2026-06-11T21:19:02Z
2026-06-11T21:18:08Z,2026-06-11T23:18:08+0200,4e273271-2dd1-4145-994c-b9bfe17baf4e,2026-06-09T17:15:00Z,2026-06-09T19:15:00+0200,860.16998,MW,FR,FR,forecast_offshore_wind_generation,Wind Offshore,2026-06-11T21:19:02Z
2026-06-11T21:18:08Z,2026-06-11T23:18:08+0200,4e273271-2dd1-4145-994c-b9bfe17baf4e,2026-06-09T17:30:00Z,2026-06-09T19:30:00+0200,853.30994,MW,FR,FR,forecast_offshore_wind_generation,Wind Offshore,2026-06-11T21:19:02Z
2026-06-11T21:18:08Z,2026-06-11T23:18:08+0200,4e273271-2dd1-4145-994c-b9bfe17baf4e,2026-06-09T17:45:00Z,2026-06-09T19:45:00+0200,846.40997,MW,FR,FR,forecast_offshore_wind_generation,Wind Offshore,2026-06-11T21:19:02Z
2026-06-11T21:18:08Z,2026-06-11T23:18:08+0200,4e273271-2dd1-4145-994c-b9bfe17baf4e,2026-06-09T18:00:00Z,2026-06-09T20:00:00+0200,839.5,MW,FR,FR,forecast_offshore_wind_generation,Wind Offshore,2026-06-11T21:19:02Z
2026-06-11T21:18:08Z,2026-06-11T23:18:08+0200,4e273271-2dd1-4145-994c-b9bfe17baf4e,2026-06-09T18:15:00Z,2026-06-09T20:15:00+0200,831.90997,MW,FR,FR,forecast_offshore_wind_generation,Wind Offshore,2026-06-11T21:19:02Z
2026-06-11T21:18:08Z,2026-06-11T23:18:08+0200,4e273271-2dd1-4145-994c-b9bfe17baf4e,2026-06-09T18:30:00Z,2026-06-09T20:30:00+0200,824.31995,MW,FR,FR,forecast_offshore_wind_generation,Wind Offshore,2026-06-11T21:19:02Z
2026-06-11T21:18:08Z,2026-06-11T23:18:08+0200,4e273271-2dd1-4145-994c-b9bfe17baf4e,2026-06-09T18:45:00Z,2026-06-09T20:45:00+0200,816.77002,MW,FR,FR,forecast_offshore_wind_generation,Wind Offshore,2026-06-11T21:19:02Z
2026-06-11T21:18:08Z,2026-06-11T23:18:08+0200,4e273271-2dd1-4145-994c-b9bfe17baf4e,2026-06-09T19:00:00Z,2026-06-09T21:00:00+0200,809.21997,MW,FR,FR,forecast_offshore_wind_generation,Wind Offshore,2026-06-11T21:19:02Z
2026-06-11T21:18:08Z,2026-06-11T23:18:08+0200,4e273271-2dd1-4145-994c-b9bfe17baf4e,2026-06-09T19:15:00Z,2026-06-09T21:15:00+0200,798.5,MW,FR,FR,forecast_offshore_wind_generation,Wind Offshore,2026-06-11T21:19:02Z
2026-06-11T21:18:08Z,2026-06-11T23:18:08+0200,4e273271-2dd1-4145-994c-b9bfe17baf4e,2026-06-09T19:30:00Z,2026-06-09T21:30:00+0200,787.78003,MW,FR,FR,forecast_offshore_wind_generation,Wind Offshore,2026-06-11T21:19:02Z
2026-06-11T21:18:08Z,2026-06-11T23:18:08+0200,4e273271-2dd1-4145-994c-b9bfe17baf4e,2026-06-09T19:45:00Z,2026-06-09T21:45:00+0200,777.09998,MW,FR,FR,forecast_offshore_wind_generation,Wind Offshore,2026-06-11T21:19:02Z
2026-06-11T21:18:08Z,2026-06-11T23:18:08+0200,4e273271-2dd1-4145-994c-b9bfe17baf4e,2026-06-09T20:00:00Z,2026-06-09T22:00:00+0200,766.39996,MW,FR,FR,forecast_offshore_wind_generation,Wind Offshore,2026-06-11T21:19:02Z
2026-06-11T21:18:08Z,2026-06-11T23:18:08+0200,4e273271-2dd1-4145-994c-b9bfe17baf4e,2026-06-09T20:15:00Z,2026-06-09T22:15:00+0200,748.53003,MW,FR,FR,forecast_offshore_wind_generation,Wind Offshore,2026-06-11T21:19:02Z
2026-06-11T21:18:08Z,2026-06-11T23:18:08+0200,4e273271-2dd1-4145-994c-b9bfe17baf4e,2026-06-09T20:30:00Z,2026-06-09T22:30:00+0200,730.67004,MW,FR,FR,forecast_offshore_wind_generation,Wind Offshore,2026-06-11T21:19:02Z
2026-06-11T21:18:08Z,2026-06-11T23:18:08+0200,4e273271-2dd1-4145-994c-b9bfe17baf4e,2026-06-09T20:45:00Z,2026-06-09T22:45:00+0200,712.85999,MW,FR,FR,forecast_offshore_wind_generation,Wind Offshore,2026-06-11T21:19:02Z
2026-06-11T21:18:08Z,2026-06-11T23:18:08+0200,4e273271-2dd1-4145-994c-b9bfe17baf4e,2026-06-09T21:00:00Z,2026-06-09T23:00:00+0200,695.03003,MW,FR,FR,forecast_offshore_wind_generation,Wind Offshore,2026-06-11T21:19:02Z
2026-06-11T21:18:08Z,2026-06-11T23:18:08+0200,4e273271-2dd1-4145-994c-b9bfe17baf4e,2026-06-09T21:15:00Z,2026-06-09T23:15:00+0200,684.66998,MW,FR,FR,forecast_offshore_wind_generation,Wind Offshore,2026-06-11T21:19:02Z
2026-06-11T21:18:08Z,2026-06-11T23:18:08+0200,4e273271-2dd1-4145-994c-b9bfe17baf4e,2026-06-09T21:30:00Z,2026-06-09T23:30:00+0200,674.29004,MW,FR,FR,forecast_offshore_wind_generation,Wind Offshore,2026-06-11T21:19:02Z
2026-06-11T21:18:08Z,2026-06-11T23:18:08+0200,4e273271-2dd1-4145-994c-b9bfe17baf4e,2026-06-09T21:45:00Z,2026-06-09T23:45:00+0200,663.97998,MW,FR,FR,forecast_offshore_wind_generation,Wind Offshore,2026-06-11T21:19:02Z
2026-06-11T21:18:08Z,2026-06-11T23:18:08+0200,4e273271-2dd1-4145-994c-b9bfe17baf4e,2026-06-09T22:00:00Z,2026-06-10T00:00:00+0200,723.66003,MW,FR,FR,forecast_offshore_wind_generation,Wind Offshore,2026-06-11T21:19:02Z
2026-06-11T21:18:08Z,2026-06-11T23:18:08+0200,4e273271-2dd1-4145-994c-b9bfe17baf4e,2026-06-09T22:15:00Z,2026-06-10T00:15:00+0200,717.25,MW,FR,FR,forecast_offshore_wind_generation,Wind Offshore,2026-06-11T21:19:02Z
2026-06-11T21:18:08Z,2026-06-11T23:18:08+0200,4e273271-2dd1-4145-994c-b9bfe17baf4e,2026-06-09T22:30:00Z,2026-06-10T00:30:00+0200,710.84003,MW,FR,FR,forecast_offshore_wind_generation,Wind Offshore,2026-06-11T21:19:02Z
2026-06-11T21:18:08Z,2026-06-11T23:18:08+0200,4e273271-2dd1-4145-994c-b9bfe17baf4e,2026-06-09T22:45:00Z,2026-06-10T00:45:00+0200,704.53998,MW,FR,FR,forecast_offshore_wind_generation,Wind Offshore,2026-06-11T21:19:02Z
2026-06-11T21:18:08Z,2026-06-11T23:18:08+0200,4e273271-2dd1-4145-994c-b9bfe17baf4e,2026-06-09T23:00:00Z,2026-06-10T01:00:00+0200,698.25,MW,FR,FR,forecast_offshore_wind_generation,Wind Offshore,2026-06-11T21:19:02Z
2026-06-11T21:18:08Z,2026-06-11T23:18:08+0200,4e273271-2dd1-4145-994c-b9bfe17baf4e,2026-06-09T23:15:00Z,2026-06-10T01:15:00+0200,696.04004,MW,FR,FR,forecast_offshore_wind_generation,Wind Offshore,2026-06-11T21:19:02Z
2026-06-11T21:18:08Z,2026-06-11T23:18:08+0200,4e273271-2dd1-4145-994c-b9bfe17baf4e,2026-06-09T23:30:00Z,2026-06-10T01:30:00+0200,693.82001,MW,FR,FR,forecast_offshore_wind_generation,Wind Offshore,2026-06-11T21:19:02Z
2026-06-11T21:18:08Z,2026-06-11T23:18:08+0200,4e273271-2dd1-4145-994c-b9bfe17baf4e,2026-06-09T23:45:00Z,2026-06-10T01:45:00+0200,691.65997,MW,FR,FR,forecast_offshore_wind_generation,Wind Offshore,2026-06-11T21:19:02Z
2026-06-11T21:18:08Z,2026-06-11T23:18:08+0200,4e273271-2dd1-4145-994c-b9bfe17baf4e,2026-06-10T00:00:00Z,2026-06-10T02:00:00+0200,689.47998,MW,FR,FR,forecast_offshore_wind_generation,Wind Offshore,2026-06-11T21:19:02Z
2026-06-11T21:18:08Z,2026-06-11T23:18:08+0200,4e273271-2dd1-4145-994c-b9bfe17baf4e,2026-06-10T00:15:00Z,2026-06-10T02:15:00+0200,675.32001,MW,FR,FR,forecast_offshore_wind_generation,Wind Offshore,2026-06-11T21:19:02Z
2026-06-11T21:18:08Z,2026-06-11T23:18:08+0200,4e273271-2dd1-4145-994c-b9bfe17baf4e,2026-06-10T00:30:00Z,2026-06-10T02:30:00+0200,661.16003,MW,FR,FR,forecast_offshore_wind_generation,Wind Offshore,2026-06-11T21:19:02Z
2026-06-11T21:18:08Z,2026-06-11T23:18:08+0200,4e273271-2dd1-4145-994c-b9bfe17baf4e,2026-06-10T00:45:00Z,2026-06-10T02:45:00+0200,646.96997,MW,FR,FR,forecast_offshore_wind_generation,Wind Offshore,2026-06-11T21:19:02Z
2026-06-11T21:18:08Z,2026-06-11T23:18:08+0200,4e273271-2dd1-4145-994c-b9bfe17baf4e,2026-06-10T01:00:00Z,2026-06-10T03:00:00+0200,632.81,MW,FR,FR,forecast_offshore_wind_generation,Wind Offshore,2026-06-11T21:19:02Z
2026-06-11T21:18:08Z,2026-06-11T23:18:08+0200,4e273271-2dd1-4145-994c-b9bfe17baf4e,2026-06-10T01:15:00Z,2026-06-10T03:15:00+0200,623.58997,MW,FR,FR,forecast_offshore_wind_generation,Wind Offshore,2026-06-11T21:19:02Z
2026-06-11T21:18:08Z,2026-06-11T23:18:08+0200,4e273271-2dd1-4145-994c-b9bfe17baf4e,2026-06-10T01:30:00Z,2026-06-10T03:30:00+0200,614.38995,MW,FR,FR,forecast_offshore_wind_generation,Wind Offshore,2026-06-11T21:19:02Z
2026-06-11T21:18:08Z,2026-06-11T23:18:08+0200,4e273271-2dd1-4145-994c-b9bfe17baf4e,2026-06-10T01:45:00Z,2026-06-10T03:45:00+0200,605.17004,MW,FR,FR,forecast_offshore_wind_generation,Wind Offshore,2026-06-11T21:19:02Z
2026-06-11T21:18:08Z,2026-06-11T23:18:08+0200,4e273271-2dd1-4145-994c-b9bfe17baf4e,2026-06-10T02:00:00Z,2026-06-10T04:00:00+0200,595.95001,MW,FR,FR,forecast_offshore_wind_generation,Wind Offshore,2026-06-11T21:19:02Z
2026-06-11T21:18:08Z,2026-06-11T23:18:08+0200,4e273271-2dd1-4145-994c-b9bfe17baf4e,2026-06-10T02:15:00Z,2026-06-10T04:15:00+0200,582.89001,MW,FR,FR,forecast_offshore_wind_generation,Wind Offshore,2026-06-11T21:19:02Z
2026-06-11T21:18:08Z,2026-06-11T23:18:08+0200,4e273271-2dd1-4145-994c-b9bfe17baf4e,2026-06-10T02:30:00Z,2026-06-10T04:30:00+0200,569.83997,MW,FR,FR,forecast_offshore_wind_generation,Wind Offshore,2026-06-11T21:19:02Z
2026-06-11T21:18:08Z,2026-06-11T23:18:08+0200,4e273271-2dd1-4145-994c-b9bfe17baf4e,2026-06-10T02:45:00Z,2026-06-10T04:45:00+0200,556.80005,MW,FR,FR,forecast_offshore_wind_generation,Wind Offshore,2026-06-11T21:19:02Z
2026-06-11T21:18:08Z,2026-06-11T23:18:08+0200,4e273271-2dd1-4145-994c-b9bfe17baf4e,2026-06-10T03:00:00Z,2026-06-10T05:00:00+0200,543.75,MW,FR,FR,forecast_offshore_wind_generation,Wind Offshore,2026-06-11T21:19:02Z
2026-06-11T21:18:08Z,2026-06-11T23:18:08+0200,4e273271-2dd1-4145-994c-b9bfe17baf4e,2026-06-10T03:15:00Z,2026-06-10T05:15:00+0200,534.67999,MW,FR,FR,forecast_offshore_wind_generation,Wind Offshore,2026-06-11T21:19:02Z
2026-06-11T21:18:08Z,2026-06-11T23:18:08+0200,4e273271-2dd1-4145-994c-b9bfe17baf4e,2026-06-10T03:30:00Z,2026-06-10T05:30:00+0200,525.60999,MW,FR,FR,forecast_offshore_wind_generation,Wind Offshore,2026-06-11T21:19:02Z
2026-06-11T21:18:08Z,2026-06-11T23:18:08+0200,4e273271-2dd1-4145-994c-b9bfe17baf4e,2026-06-10T03:45:00Z,2026-06-10T05:45:00+0200,516.58002,MW,FR,FR,forecast_offshore_wind_generation,Wind Offshore,2026-06-11T21:19:02Z
2026-06-11T21:18:08Z,2026-06-11T23:18:08+0200,4e273271-2dd1-4145-994c-b9bfe17baf4e,2026-06-10T04:00:00Z,2026-06-10T06:00:00+0200,507.55002,MW,FR,FR,forecast_offshore_wind_generation,Wind Offshore,2026-06-11T21:19:02Z
2026-06-11T21:18:08Z,2026-06-11T23:18:08+0200,4e273271-2dd1-4145-994c-b9bfe17baf4e,2026-06-10T04:15:00Z,2026-06-10T06:15:00+0200,498.28998,MW,FR,FR,forecast_offshore_wind_generation,Wind Offshore,2026-06-11T21:19:02Z
2026-06-11T21:18:08Z,2026-06-11T23:18:08+0200,4e273271-2dd1-4145-994c-b9bfe17baf4e,2026-06-10T04:30:00Z,2026-06-10T06:30:00+0200,489.01001,MW,FR,FR,forecast_offshore_wind_generation,Wind Offshore,2026-06-11T21:19:02Z
2026-06-11T21:18:08Z,2026-06-11T23:18:08+0200,4e273271-2dd1-4145-994c-b9bfe17baf4e,2026-06-10T04:45:00Z,2026-06-10T06:45:00+0200,479.77002,MW,FR,FR,forecast_offshore_wind_generation,Wind Offshore,2026-06-11T21:19:02Z
2026-06-11T21:18:08Z,2026-06-11T23:18:08+0200,4e273271-2dd1-4145-994c-b9bfe17baf4e,2026-06-10T05:00:00Z,2026-06-10T07:00:00+0200,470.53998,MW,FR,FR,forecast_offshore_wind_generation,Wind Offshore,2026-06-11T21:19:02Z
2026-06-11T21:18:08Z,2026-06-11T23:18:08+0200,4e273271-2dd1-4145-994c-b9bfe17baf4e,2026-06-10T05:15:00Z,2026-06-10T07:15:00+0200,469.39999,MW,FR,FR,forecast_offshore_wind_generation,Wind Offshore,2026-06-11T21:19:02Z
2026-06-11T21:18:08Z,2026-06-11T23:18:08+0200,4e273271-2dd1-4145-994c-b9bfe17baf4e,2026-06-10T05:30:00Z,2026-06-10T07:30:00+0200,468.28,MW,FR,FR,forecast_offshore_wind_generation,Wind Offshore,2026-06-11T21:19:02Z
2026-06-11T21:18:08Z,2026-06-11T23:18:08+0200,4e273271-2dd1-4145-994c-b9bfe17baf4e,2026-06-10T05:45:00Z,2026-06-10T07:45:00+0200,467.17999,MW,FR,FR,forecast_offshore_wind_generation,Wind Offshore,2026-06-11T21:19:02Z
2026-06-11T21:18:08Z,2026-06-11T23:18:08+0200,4e273271-2dd1-4145-994c-b9bfe17baf4e,2026-06-10T06:00:00Z,2026-06-10T08:00:00+0200,466.07999,MW,FR,FR,forecast_offshore_wind_generation,Wind Offshore,2026-06-11T21:19:02Z
2026-06-11T21:18:08Z,2026-06-11T23:18:08+0200,4e273271-2dd1-4145-994c-b9bfe17baf4e,2026-06-10T06:15:00Z,2026-06-10T08:15:00+0200,456.07001,MW,FR,FR,forecast_offshore_wind_generation,Wind Offshore,2026-06-11T21:19:02Z
2026-06-11T21:18:08Z,2026-06-11T23:18:08+0200,4e273271-2dd1-4145-994c-b9bfe17baf4e,2026-06-10T06:30:00Z,2026-06-10T08:30:00+0200,446.10001,MW,FR,FR,forecast_offshore_wind_generation,Wind Offshore,2026-06-11T21:19:02Z
2026-06-11T21:18:08Z,2026-06-11T23:18:08+0200,4e273271-2dd1-4145-994c-b9bfe17baf4e,2026-06-10T06:45:00Z,2026-06-10T08:45:00+0200,436.12,MW,FR,FR,forecast_offshore_wind_generation,Wind Offshore,2026-06-11T21:19:02Z
2026-06-11T21:18:08Z,2026-06-11T23:18:08+0200,4e273271-2dd1-4145-994c-b9bfe17baf4e,2026-06-10T07:00:00Z,2026-06-10T09:00:00+0200,426.14996,MW,FR,FR,forecast_offshore_wind_generation,Wind Offshore,2026-06-11T21:19:02Z
2026-06-11T21:18:08Z,2026-06-11T23:18:08+0200,4e273271-2dd1-4145-994c-b9bfe17baf4e,2026-06-10T07:15:00Z,2026-06-10T09:15:00+0200,423.45001,MW,FR,FR,forecast_offshore_wind_generation,Wind Offshore,2026-06-11T21:19:02Z
2026-06-11T21:18:08Z,2026-06-11T23:18:08+0200,4e273271-2dd1-4145-994c-b9bfe17baf4e,2026-06-10T07:30:00Z,2026-06-10T09:30:00+0200,420.75998,MW,FR,FR,forecast_offshore_wind_generation,Wind Offshore,2026-06-11T21:19:02Z
2026-06-11T21:18:08Z,2026-06-11T23:18:08+0200,4e273271-2dd1-4145-994c-b9bfe17baf4e,2026-06-10T07:45:00Z,2026-06-10T09:45:00+0200,418.08002,MW,FR,FR,forecast_offshore_wind_generation,Wind Offshore,2026-06-11T21:19:02Z
2026-06-11T21:18:08Z,2026-06-11T23:18:08+0200,4e273271-2dd1-4145-994c-b9bfe17baf4e,2026-06-10T08:00:00Z,2026-06-10T10:00:00+0200,415.40997,MW,FR,FR,forecast_offshore_wind_generation,Wind Offshore,2026-06-11T21:19:02Z
2026-06-11T21:18:08Z,2026-06-11T23:18:08+0200,4e273271-2dd1-4145-994c-b9bfe17baf4e,2026-06-10T08:15:00Z,2026-06-10T10:15:00+0200,421.16,MW,FR,FR,forecast_offshore_wind_generation,Wind Offshore,2026-06-11T21:19:02Z
2026-06-11T21:18:08Z,2026-06-11T23:18:08+0200,4e273271-2dd1-4145-994c-b9bfe17baf4e,2026-06-10T08:30:00Z,2026-06-10T10:30:00+0200,426.91,MW,FR,FR,forecast_offshore_wind_generation,Wind Offshore,2026-06-11T21:19:02Z
2026-06-11T21:18:08Z,2026-06-11T23:18:08+0200,4e273271-2dd1-4145-994c-b9bfe17baf4e,2026-06-10T08:45:00Z,2026-06-10T10:45:00+0200,432.66998,MW,FR,FR,forecast_offshore_wind_generation,Wind Offshore,2026-06-11T21:19:02Z
2026-06-11T21:18:08Z,2026-06-11T23:18:08+0200,4e273271-2dd1-4145-994c-b9bfe17baf4e,2026-06-10T09:00:00Z,2026-06-10T11:00:00+0200,438.42999,MW,FR,FR,forecast_offshore_wind_generation,Wind Offshore,2026-06-11T21:19:02Z
2026-06-11T21:18:08Z,2026-06-11T23:18:08+0200,4e273271-2dd1-4145-994c-b9bfe17baf4e,2026-06-10T09:15:00Z,2026-06-10T11:15:00+0200,445.61002,MW,FR,FR,forecast_offshore_wind_generation,Wind Offshore,2026-06-11T21:19:02Z
2026-06-11T21:18:08Z,2026-06-11T23:18:08+0200,4e273271-2dd1-4145-994c-b9bfe17baf4e,2026-06-10T09:30:00Z,2026-06-10T11:30:00+0200,452.76001,MW,FR,FR,forecast_offshore_wind_generation,Wind Offshore,2026-06-11T21:19:02Z
2026-06-11T21:18:08Z,2026-06-11T23:18:08+0200,4e273271-2dd1-4145-994c-b9bfe17baf4e,2026-06-10T09:45:00Z,2026-06-10T11:45:00+0200,459.92999,MW,FR,FR,forecast_offshore_wind_generation,Wind Offshore,2026-06-11T21:19:02Z
2026-06-11T21:18:08Z,2026-06-11T23:18:08+0200,4e273271-2dd1-4145-994c-b9bfe17baf4e,2026-06-10T10:00:00Z,2026-06-10T12:00:00+0200,467.09,MW,FR,FR,forecast_offshore_wind_generation,Wind Offshore,2026-06-11T21:19:02Z
2026-06-11T21:18:08Z,2026-06-11T23:18:08+0200,4e273271-2dd1-4145-994c-b9bfe17baf4e,2026-06-10T10:15:00Z,2026-06-10T12:15:00+0200,470.12,MW,FR,FR,forecast_offshore_wind_generation,Wind Offshore,2026-06-11T21:19:02Z
2026-06-11T21:18:08Z,2026-06-11T23:18:08+0200,4e273271-2dd1-4145-994c-b9bfe17baf4e,2026-06-10T10:30:00Z,2026-06-10T12:30:00+0200,473.14001,MW,FR,FR,forecast_offshore_wind_generation,Wind Offshore,2026-06-11T21:19:02Z
2026-06-11T21:18:08Z,2026-06-11T23:18:08+0200,4e273271-2dd1-4145-994c-b9bfe17baf4e,2026-06-10T10:45:00Z,2026-06-10T12:45:00+0200,476.17001,MW,FR,FR,forecast_offshore_wind_generation,Wind Offshore,2026-06-11T21:19:02Z
2026-06-11T21:18:08Z,2026-06-11T23:18:08+0200,4e273271-2dd1-4145-994c-b9bfe17baf4e,2026-06-10T11:00:00Z,2026-06-10T13:00:00+0200,479.20001,MW,FR,FR,forecast_offshore_wind_generation,Wind Offshore,2026-06-11T21:19:02Z
2026-06-11T21:18:08Z,2026-06-11T23:18:08+0200,4e273271-2dd1-4145-994c-b9bfe17baf4e,2026-06-10T11:15:00Z,2026-06-10T13:15:00+0200,506.63,MW,FR,FR,forecast_offshore_wind_generation,Wind Offshore,2026-06-11T21:19:02Z
2026-06-11T21:18:08Z,2026-06-11T23:18:08+0200,4e273271-2dd1-4145-994c-b9bfe17baf4e,2026-06-10T11:30:00Z,2026-06-10T13:30:00+0200,534.04004,MW,FR,FR,forecast_offshore_wind_generation,Wind Offshore,2026-06-11T21:19:02Z
2026-06-11T21:18:08Z,2026-06-11T23:18:08+0200,4e273271-2dd1-4145-994c-b9bfe17baf4e,2026-06-10T11:45:00Z,2026-06-10T13:45:00+0200,561.48999,MW,FR,FR,forecast_offshore_wind_generation,Wind Offshore,2026-06-11T21:19:02Z
2026-06-11T21:18:08Z,2026-06-11T23:18:08+0200,4e273271-2dd1-4145-994c-b9bfe17baf4e,2026-06-10T12:00:00Z,2026-06-10T14:00:00+0200,588.92004,MW,FR,FR,forecast_offshore_wind_generation,Wind Offshore,2026-06-11T21:19:02Z
2026-06-11T21:18:08Z,2026-06-11T23:18:08+0200,4e273271-2dd1-4145-994c-b9bfe17baf4e,2026-06-10T12:15:00Z,2026-06-10T14:15:00+0200,620.81006,MW,FR,FR,forecast_offshore_wind_generation,Wind Offshore,2026-06-11T21:19:02Z
2026-06-11T21:18:08Z,2026-06-11T23:18:08+0200,4e273271-2dd1-4145-994c-b9bfe17baf4e,2026-06-10T12:30:00Z,2026-06-10T14:30:00+0200,652.71002,MW,FR,FR,forecast_offshore_wind_generation,Wind Offshore,2026-06-11T21:19:02Z
2026-06-11T21:18:08Z,2026-06-11T23:18:08+0200,4e273271-2dd1-4145-994c-b9bfe17baf4e,2026-06-10T12:45:00Z,2026-06-10T14:45:00+0200,684.61005,MW,FR,FR,forecast_offshore_wind_generation,Wind Offshore,2026-06-11T21:19:02Z
2026-06-11T21:18:08Z,2026-06-11T23:18:08+0200,4e273271-2dd1-4145-994c-b9bfe17baf4e,2026-06-10T13:00:00Z,2026-06-10T15:00:00+0200,716.5,MW,FR,FR,forecast_offshore_wind_generation,Wind Offshore,2026-06-11T21:19:02Z
2026-06-11T21:18:08Z,2026-06-11T23:18:08+0200,4e273271-2dd1-4145-994c-b9bfe17baf4e,2026-06-10T13:15:00Z,2026-06-10T15:15:00+0200,746.08997,MW,FR,FR,forecast_offshore_wind_generation,Wind Offshore,2026-06-11T21:19:02Z
2026-06-11T21:18:08Z,2026-06-11T23:18:08+0200,4e273271-2dd1-4145-994c-b9bfe17baf4e,2026-06-10T13:30:00Z,2026-06-10T15:30:00+0200,118.49,MW,FR,FR,forecast_offshore_wind_generation,Wind Offshore,2026-06-11T21:19:02Z
2026-06-11T21:18:08Z,2026-06-11T23:18:08+0200,4e273271-2dd1-4145-994c-b9bfe17baf4e,2026-06-10T13:45:00Z,2026-06-10T15:45:00+0200,119.35,MW,FR,FR,forecast_offshore_wind_generation,Wind Offshore,2026-06-11T21:19:02Z
2026-06-11T21:18:08Z,2026-06-11T23:18:08+0200,4e273271-2dd1-4145-994c-b9bfe17baf4e,2026-06-10T14:00:00Z,2026-06-10T16:00:00+0200,120.21,MW,FR,FR,forecast_offshore_wind_generation,Wind Offshore,2026-06-11T21:19:02Z
2026-06-11T21:18:08Z,2026-06-11T23:18:08+0200,4e273271-2dd1-4145-994c-b9bfe17baf4e,2026-06-10T14:15:00Z,2026-06-10T16:15:00+0200,120.35,MW,FR,FR,forecast_offshore_wind_generation,Wind Offshore,2026-06-11T21:19:02Z
2026-06-11T21:18:08Z,2026-06-11T23:18:08+0200,4e273271-2dd1-4145-994c-b9bfe17baf4e,2026-06-10T14:30:00Z,2026-06-10T16:30:00+0200,120.48,MW,FR,FR,forecast_offshore_wind_generation,Wind Offshore,2026-06-11T21:19:02Z
2026-06-11T21:18:08Z,2026-06-11T23:18:08+0200,4e273271-2dd1-4145-994c-b9bfe17baf4e,2026-06-10T14:45:00Z,2026-06-10T16:45:00+0200,120.62,MW,FR,FR,forecast_offshore_wind_generation,Wind Offshore,2026-06-11T21:19:02Z
2026-06-11T21:18:08Z,2026-06-11T23:18:08+0200,4e273271-2dd1-4145-994c-b9bfe17baf4e,2026-06-10T15:00:00Z,2026-06-10T17:00:00+0200,120.75,MW,FR,FR,forecast_offshore_wind_generation,Wind Offshore,2026-06-11T21:19:02Z
2026-06-11T21:18:08Z,2026-06-11T23:18:08+0200,4e273271-2dd1-4145-994c-b9bfe17baf4e,2026-06-10T15:15:00Z,2026-06-10T17:15:00+0200,939.63,MW,FR,FR,forecast_offshore_wind_generation,Wind Offshore,2026-06-11T21:19:02Z
2026-06-11T21:18:08Z,2026-06-11T23:18:08+0200,4e273271-2dd1-4145-994c-b9bfe17baf4e,2026-06-10T15:30:00Z,2026-06-10T17:30:00+0200,949.65002,MW,FR,FR,forecast_offshore_wind_generation,Wind Offshore,2026-06-11T21:19:02Z
2026-06-11T21:18:08Z,2026-06-11T23:18:08+0200,4e273271-2dd1-4145-994c-b9bfe17baf4e,2026-06-10T15:45:00Z,2026-06-10T17:45:00+0200,959.64996,MW,FR,FR,forecast_offshore_wind_generation,Wind Offshore,2026-06-11T21:19:02Z
2026-06-11T21:18:08Z,2026-06-11T23:18:08+0200,4e273271-2dd1-4145-994c-b9bfe17baf4e,2026-06-10T16:00:00Z,2026-06-10T18:00:00+0200,969.64996,MW,FR,FR,forecast_offshore_wind_generation,Wind Offshore,2026-06-11T21:19:02Z
2026-06-11T21:18:08Z,2026-06-11T23:18:08+0200,4e273271-2dd1-4145-994c-b9bfe17baf4e,2026-06-10T16:15:00Z,2026-06-10T18:15:00+0200,979.63989,MW,FR,FR,forecast_offshore_wind_generation,Wind Offshore,2026-06-11T21:19:02Z
2026-06-11T21:18:08Z,2026-06-11T23:18:08+0200,4e273271-2dd1-4145-994c-b9bfe17baf4e,2026-06-10T16:30:00Z,2026-06-10T18:30:00+0200,989.62,MW,FR,FR,forecast_offshore_wind_generation,Wind Offshore,2026-06-11T21:19:02Z
2026-06-11T21:18:08Z,2026-06-11T23:18:08+0200,4e273271-2dd1-4145-994c-b9bfe17baf4e,2026-06-10T16:45:00Z,2026-06-10T18:45:00+0200,999.59998,MW,FR,FR,forecast_offshore_wind_generation,Wind Offshore,2026-06-11T21:19:02Z
2026-06-11T21:18:08Z,2026-06-11T23:18:08+0200,4e273271-2dd1-4145-994c-b9bfe17baf4e,2026-06-10T17:00:00Z,2026-06-10T19:00:00+0200,1009.57001,MW,FR,FR,forecast_offshore_wind_generation,Wind Offshore,2026-06-11T21:19:02Z
2026-06-11T21:18:08Z,2026-06-11T23:18:08+0200,4e273271-2dd1-4145-994c-b9bfe17baf4e,2026-06-10T17:15:00Z,2026-06-10T19:15:00+0200,1012.03998,MW,FR,FR,forecast_offshore_wind_generation,Wind Offshore,2026-06-11T21:19:02Z
2026-06-11T21:18:08Z,2026-06-11T23:18:08+0200,4e273271-2dd1-4145-994c-b9bfe17baf4e,2026-06-10T17:30:00Z,2026-06-10T19:30:00+0200,1014.49994,MW,FR,FR,forecast_offshore_wind_generation,Wind Offshore,2026-06-11T21:19:02Z
2026-06-11T21:18:08Z,2026-06-11T23:18:08+0200,4e273271-2dd1-4145-994c-b9bfe17baf4e,2026-06-10T17:45:00Z,2026-06-10T19:45:00+0200,1016.97992,MW,FR,FR,forecast_offshore_wind_generation,Wind Offshore,2026-06-11T21:19:02Z
2026-06-11T21:18:08Z,2026-06-11T23:18:08+0200,4e273271-2dd1-4145-994c-b9bfe17baf4e,2026-06-10T18:00:00Z,2026-06-10T20:00:00+0200,1019.42999,MW,FR,FR,forecast_offshore_wind_generation,Wind Offshore,2026-06-11T21:19:02Z
2026-06-11T21:18:08Z,2026-06-11T23:18:08+0200,4e273271-2dd1-4145-994c-b9bfe17baf4e,2026-06-10T18:15:00Z,2026-06-10T20:15:00+0200,1008.36005,MW,FR,FR,forecast_offshore_wind_generation,Wind Offshore,2026-06-11T21:19:02Z
2026-06-11T21:18:08Z,2026-06-11T23:18:08+0200,4e273271-2dd1-4145-994c-b9bfe17baf4e,2026-06-10T18:30:00Z,2026-06-10T20:30:00+0200,997.32007,MW,FR,FR,forecast_offshore_wind_generation,Wind Offshore,2026-06-11T21:19:02Z
2026-06-11T21:18:08Z,2026-06-11T23:18:08+0200,4e273271-2dd1-4145-994c-b9bfe17baf4e,2026-06-10T18:45:00Z,2026-06-10T20:45:00+0200,986.28003,MW,FR,FR,forecast_offshore_wind_generation,Wind Offshore,2026-06-11T21:19:02Z
2026-06-11T21:18:08Z,2026-06-11T23:18:08+0200,4e273271-2dd1-4145-994c-b9bfe17baf4e,2026-06-10T19:00:00Z,2026-06-10T21:00:00+0200,975.23999,MW,FR,FR,forecast_offshore_wind_generation,Wind Offshore,2026-06-11T21:19:02Z
2026-06-11T21:18:08Z,2026-06-11T23:18:08+0200,4e273271-2dd1-4145-994c-b9bfe17baf4e,2026-06-10T19:15:00Z,2026-06-10T21:15:00+0200,972.16003,MW,FR,FR,forecast_offshore_wind_generation,Wind Offshore,2026-06-11T21:19:02Z
2026-06-11T21:18:08Z,2026-06-11T23:18:08+0200,4e273271-2dd1-4145-994c-b9bfe17baf4e,2026-06-10T19:30:00Z,2026-06-10T21:30:00+0200,969.05994,MW,FR,FR,forecast_offshore_wind_generation,Wind Offshore,2026-06-11T21:19:02Z
2026-06-11T21:18:08Z,2026-06-11T23:18:08+0200,4e273271-2dd1-4145-994c-b9bfe17baf4e,2026-06-10T19:45:00Z,2026-06-10T21:45:00+0200,965.97998,MW,FR,FR,forecast_offshore_wind_generation,Wind Offshore,2026-06-11T21:19:02Z
2026-06-11T21:18:08Z,2026-06-11T23:18:08+0200,4e273271-2dd1-4145-994c-b9bfe17baf4e,2026-06-10T20:00:00Z,2026-06-10T22:00:00+0200,962.91998,MW,FR,FR,forecast_offshore_wind_generation,Wind Offshore,2026-06-11T21:19:02Z
2026-06-11T21:18:08Z,2026-06-11T23:18:08+0200,4e273271-2dd1-4145-994c-b9bfe17baf4e,2026-06-10T20:15:00Z,2026-06-10T22:15:00+0200,949.83002,MW,FR,FR,forecast_offshore_wind_generation,Wind Offshore,2026-06-11T21:19:02Z
2026-06-11T21:18:08Z,2026-06-11T23:18:08+0200,4e273271-2dd1-4145-994c-b9bfe17baf4e,2026-06-10T20:30:00Z,2026-06-10T22:30:00+0200,936.76001,MW,FR,FR,forecast_offshore_wind_generation,Wind Offshore,2026-06-11T21:19:02Z
2026-06-11T21:18:08Z,2026-06-11T23:18:08+0200,4e273271-2dd1-4145-994c-b9bfe17baf4e,2026-06-10T20:45:00Z,2026-06-10T22:45:00+0200,923.71002,MW,FR,FR,forecast_offshore_wind_generation,Wind Offshore,2026-06-11T21:19:02Z
2026-06-11T21:18:08Z,2026-06-11T23:18:08+0200,4e273271-2dd1-4145-994c-b9bfe17baf4e,2026-06-10T21:00:00Z,2026-06-10T23:00:00+0200,910.67999,MW,FR,FR,forecast_offshore_wind_generation,Wind Offshore,2026-06-11T21:19:02Z
2026-06-11T21:18:08Z,2026-06-11T23:18:08+0200,4e273271-2dd1-4145-994c-b9bfe17baf4e,2026-06-10T21:15:00Z,2026-06-10T23:15:00+0200,888.64001,MW,FR,FR,forecast_offshore_wind_generation,Wind Offshore,2026-06-11T21:19:02Z
2026-06-11T21:18:08Z,2026-06-11T23:18:08+0200,4e273271-2dd1-4145-994c-b9bfe17baf4e,2026-06-10T21:30:00Z,2026-06-10T23:30:00+0200,866.57996,MW,FR,FR,forecast_offshore_wind_generation,Wind Offshore,2026-06-11T21:19:02Z
2026-06-11T21:18:08Z,2026-06-11T23:18:08+0200,4e273271-2dd1-4145-994c-b9bfe17baf4e,2026-06-10T21:45:00Z,2026-06-10T23:45:00+0200,844.56006,MW,FR,FR,forecast_offshore_wind_generation,Wind Offshore,2026-06-11T21:19:02Z
2026-06-11T21:18:08Z,2026-06-11T23:18:08+0200,4e273271-2dd1-4145-994c-b9bfe17baf4e,2026-06-10T22:00:00Z,2026-06-11T00:00:00+0200,743.04999,MW,FR,FR,forecast_offshore_wind_generation,Wind Offshore,2026-06-11T21:19:02Z
2026-06-11T21:18:08Z,2026-06-11T23:18:08+0200,4e273271-2dd1-4145-994c-b9bfe17baf4e,2026-06-10T22:15:00Z,2026-06-11T00:15:00+0200,721.92999,MW,FR,FR,forecast_offshore_wind_generation,Wind Offshore,2026-06-11T21:19:02Z
2026-06-11T21:18:08Z,2026-06-11T23:18:08+0200,4e273271-2dd1-4145-994c-b9bfe17baf4e,2026-06-10T22:30:00Z,2026-06-11T00:30:00+0200,700.83008,MW,FR,FR,forecast_offshore_wind_generation,Wind Offshore,2026-06-11T21:19:02Z
2026-06-11T21:18:08Z,2026-06-11T23:18:08+0200,4e273271-2dd1-4145-994c-b9bfe17baf4e,2026-06-10T22:45:00Z,2026-06-11T00:45:00+0200,679.17993,MW,FR,FR,forecast_offshore_wind_generation,Wind Offshore,2026-06-11T21:19:02Z
2026-06-11T21:18:08Z,2026-06-11T23:18:08+0200,4e273271-2dd1-4145-994c-b9bfe17baf4e,2026-06-10T23:00:00Z,2026-06-11T01:00:00+0200,657.56,MW,FR,FR,forecast_offshore_wind_generation,Wind Offshore,2026-06-11T21:19:02Z
2026-06-11T21:18:08Z,2026-06-11T23:18:08+0200,4e273271-2dd1-4145-994c-b9bfe17baf4e,2026-06-10T23:15:00Z,2026-06-11T01:15:00+0200,645.70996,MW,FR,FR,forecast_offshore_wind_generation,Wind Offshore,2026-06-11T21:19:02Z
2026-06-11T21:18:08Z,2026-06-11T23:18:08+0200,4e273271-2dd1-4145-994c-b9bfe17baf4e,2026-06-10T23:30:00Z,2026-06-11T01:30:00+0200,633.84003,MW,FR,FR,forecast_offshore_wind_generation,Wind Offshore,2026-06-11T21:19:02Z
2026-06-11T21:18:08Z,2026-06-11T23:18:08+0200,4e273271-2dd1-4145-994c-b9bfe17baf4e,2026-06-10T23:45:00Z,2026-06-11T01:45:00+0200,621.79004,MW,FR,FR,forecast_offshore_wind_generation,Wind Offshore,2026-06-11T21:19:02Z
2026-06-11T21:18:08Z,2026-06-11T23:18:08+0200,4e273271-2dd1-4145-994c-b9bfe17baf4e,2026-06-11T00:00:00Z,2026-06-11T02:00:00+0200,609.75,MW,FR,FR,forecast_offshore_wind_generation,Wind Offshore,2026-06-11T21:19:02Z
2026-06-11T21:18:08Z,2026-06-11T23:18:08+0200,4e273271-2dd1-4145-994c-b9bfe17baf4e,2026-06-11T00:15:00Z,2026-06-11T02:15:00+0200,589.06,MW,FR,FR,forecast_offshore_wind_generation,Wind Offshore,2026-06-11T21:19:02Z
2026-06-11T21:18:08Z,2026-06-11T23:18:08+0200,4e273271-2dd1-4145-994c-b9bfe17baf4e,2026-06-11T00:30:00Z,2026-06-11T02:30:00+0200,568.37,MW,FR,FR,forecast_offshore_wind_generation,Wind Offshore,2026-06-11T21:19:02Z
2026-06-11T21:18:08Z,2026-06-11T23:18:08+0200,4e273271-2dd1-4145-994c-b9bfe17baf4e,2026-06-11T00:45:00Z,2026-06-11T02:45:00+0200,547.70001,MW,FR,FR,forecast_offshore_wind_generation,Wind Offshore,2026-06-11T21:19:02Z
2026-06-11T21:18:08Z,2026-06-11T23:18:08+0200,4e273271-2dd1-4145-994c-b9bfe17baf4e,2026-06-11T01:00:00Z,2026-06-11T03:00:00+0200,527.02002,MW,FR,FR,forecast_offshore_wind_generation,Wind Offshore,2026-06-11T21:19:02Z
2026-06-11T21:18:08Z,2026-06-11T23:18:08+0200,4e273271-2dd1-4145-994c-b9bfe17baf4e,2026-06-11T01:15:00Z,2026-06-11T03:15:00+0200,519.16998,MW,FR,FR,forecast_offshore_wind_generation,Wind Offshore,2026-06-11T21:19:02Z
2026-06-11T21:18:08Z,2026-06-11T23:18:08+0200,4e273271-2dd1-4145-994c-b9bfe17baf4e,2026-06-11T01:30:00Z,2026-06-11T03:30:00+0200,511.31,MW,FR,FR,forecast_offshore_wind_generation,Wind Offshore,2026-06-11T21:19:02Z
2026-06-11T21:18:08Z,2026-06-11T23:18:08+0200,4e273271-2dd1-4145-994c-b9bfe17baf4e,2026-06-11T01:45:00Z,2026-06-11T03:45:00+0200,503.45999,MW,FR,FR,forecast_offshore_wind_generation,Wind Offshore,2026-06-11T21:19:02Z
2026-06-11T21:18:08Z,2026-06-11T23:18:08+0200,4e273271-2dd1-4145-994c-b9bfe17baf4e,2026-06-11T02:00:00Z,2026-06-11T04:00:00+0200,495.62003,MW,FR,FR,forecast_offshore_wind_generation,Wind Offshore,2026-06-11T21:19:02Z
2026-06-11T21:18:08Z,2026-06-11T23:18:08+0200,4e273271-2dd1-4145-994c-b9bfe17baf4e,2026-06-11T02:15:00Z,2026-06-11T04:15:00+0200,475.33997,MW,FR,FR,forecast_offshore_wind_generation,Wind Offshore,2026-06-11T21:19:02Z
2026-06-11T21:18:08Z,2026-06-11T23:18:08+0200,4e273271-2dd1-4145-994c-b9bfe17baf4e,2026-06-11T02:30:00Z,2026-06-11T04:30:00+0200,455.04999,MW,FR,FR,forecast_offshore_wind_generation,Wind Offshore,2026-06-11T21:19:02Z
2026-06-11T21:18:08Z,2026-06-11T23:18:08+0200,4e273271-2dd1-4145-994c-b9bfe17baf4e,2026-06-11T02:45:00Z,2026-06-11T04:45:00+0200,434.76001,MW,FR,FR,forecast_offshore_wind_generation,Wind Offshore,2026-06-11T21:19:02Z
2026-06-11T21:18:08Z,2026-06-11T23:18:08+0200,4e273271-2dd1-4145-994c-b9bfe17baf4e,2026-06-11T03:00:00Z,2026-06-11T05:00:00+0200,414.45999,MW,FR,FR,forecast_offshore_wind_generation,Wind Offshore,2026-06-11T21:19:02Z
2026-06-11T21:18:08Z,2026-06-11T23:18:08+0200,4e273271-2dd1-4145-994c-b9bfe17baf4e,2026-06-11T03:15:00Z,2026-06-11T05:15:00+0200,399.57001,MW,FR,FR,forecast_offshore_wind_generation,Wind Offshore,2026-06-11T21:19:02Z
2026-06-11T21:18:08Z,2026-06-11T23:18:08+0200,4e273271-2dd1-4145-994c-b9bfe17baf4e,2026-06-11T03:30:00Z,2026-06-11T05:30:00+0200,384.69,MW,FR,FR,forecast_offshore_wind_generation,Wind Offshore,2026-06-11T21:19:02Z
2026-06-11T21:18:08Z,2026-06-11T23:18:08+0200,4e273271-2dd1-4145-994c-b9bfe17baf4e,2026-06-11T03:45:00Z,2026-06-11T05:45:00+0200,369.65997,MW,FR,FR,forecast_offshore_wind_generation,Wind Offshore,2026-06-11T21:19:02Z
2026-06-11T21:18:08Z,2026-06-11T23:18:08+0200,4e273271-2dd1-4145-994c-b9bfe17baf4e,2026-06-11T04:00:00Z,2026-06-11T06:00:00+0200,354.64001,MW,FR,FR,forecast_offshore_wind_generation,Wind Offshore,2026-06-11T21:19:02Z
2026-06-11T21:18:08Z,2026-06-11T23:18:08+0200,4e273271-2dd1-4145-994c-b9bfe17baf4e,2026-06-11T04:15:00Z,2026-06-11T06:15:00+0200,342.60999,MW,FR,FR,forecast_offshore_wind_generation,Wind Offshore,2026-06-11T21:19:02Z
2026-06-11T21:18:08Z,2026-06-11T23:18:08+0200,4e273271-2dd1-4145-994c-b9bfe17baf4e,2026-06-11T04:30:00Z,2026-06-11T06:30:00+0200,330.57999,MW,FR,FR,forecast_offshore_wind_generation,Wind Offshore,2026-06-11T21:19:02Z
2026-06-11T21:18:08Z,2026-06-11T23:18:08+0200,4e273271-2dd1-4145-994c-b9bfe17baf4e,2026-06-11T04:45:00Z,2026-06-11T06:45:00+0200,318.39001,MW,FR,FR,forecast_offshore_wind_generation,Wind Offshore,2026-06-11T21:19:02Z
2026-06-11T21:18:08Z,2026-06-11T23:18:08+0200,4e273271-2dd1-4145-994c-b9bfe17baf4e,2026-06-11T05:00:00Z,2026-06-11T07:00:00+0200,306.19,MW,FR,FR,forecast_offshore_wind_generation,Wind Offshore,2026-06-11T21:19:02Z
2026-06-11T21:18:08Z,2026-06-11T23:18:08+0200,4e273271-2dd1-4145-994c-b9bfe17baf4e,2026-06-11T05:15:00Z,2026-06-11T07:15:00+0200,299.56003,MW,FR,FR,forecast_offshore_wind_generation,Wind Offshore,2026-06-11T21:19:02Z
2026-06-11T21:18:08Z,2026-06-11T23:18:08+0200,4e273271-2dd1-4145-994c-b9bfe17baf4e,2026-06-11T05:30:00Z,2026-06-11T07:30:00+0200,292.90997,MW,FR,FR,forecast_offshore_wind_generation,Wind Offshore,2026-06-11T21:19:02Z
2026-06-11T21:18:08Z,2026-06-11T23:18:08+0200,4e273271-2dd1-4145-994c-b9bfe17baf4e,2026-06-11T05:45:00Z,2026-06-11T07:45:00+0200,286.14999,MW,FR,FR,forecast_offshore_wind_generation,Wind Offshore,2026-06-11T21:19:02Z
2026-06-11T21:18:08Z,2026-06-11T23:18:08+0200,4e273271-2dd1-4145-994c-b9bfe17baf4e,2026-06-11T06:00:00Z,2026-06-11T08:00:00+0200,279.37,MW,FR,FR,forecast_offshore_wind_generation,Wind Offshore,2026-06-11T21:19:02Z
2026-06-11T21:18:08Z,2026-06-11T23:18:08+0200,4e273271-2dd1-4145-994c-b9bfe17baf4e,2026-06-11T06:15:00Z,2026-06-11T08:15:00+0200,281.87003,MW,FR,FR,forecast_offshore_wind_generation,Wind Offshore,2026-06-11T21:19:02Z
2026-06-11T21:18:08Z,2026-06-11T23:18:08+0200,4e273271-2dd1-4145-994c-b9bfe17baf4e,2026-06-11T06:30:00Z,2026-06-11T08:30:00+0200,284.37,MW,FR,FR,forecast_offshore_wind_generation,Wind Offshore,2026-06-11T21:19:02Z
2026-06-11T21:18:08Z,2026-06-11T23:18:08+0200,4e273271-2dd1-4145-994c-b9bfe17baf4e,2026-06-11T06:45:00Z,2026-06-11T08:45:00+0200,286.79999,MW,FR,FR,forecast_offshore_wind_generation,Wind Offshore,2026-06-11T21:19:02Z
2026-06-11T21:18:08Z,2026-06-11T23:18:08+0200,4e273271-2dd1-4145-994c-b9bfe17baf4e,2026-06-11T07:00:00Z,2026-06-11T09:00:00+0200,289.20001,MW,FR,FR,forecast_offshore_wind_generation,Wind Offshore,2026-06-11T21:19:02Z
2026-06-11T21:18:08Z,2026-06-11T23:18:08+0200,4e273271-2dd1-4145-994c-b9bfe17baf4e,2026-06-11T07:15:00Z,2026-06-11T09:15:00+0200,292.62,MW,FR,FR,forecast_offshore_wind_generation,Wind Offshore,2026-06-11T21:19:02Z
2026-06-11T21:18:08Z,2026-06-11T23:18:08+0200,4e273271-2dd1-4145-994c-b9bfe17baf4e,2026-06-11T07:30:00Z,2026-06-11T09:30:00+0200,296.04001,MW,FR,FR,forecast_offshore_wind_generation,Wind Offshore,2026-06-11T21:19:02Z
2026-06-11T21:18:08Z,2026-06-11T23:18:08+0200,4e273271-2dd1-4145-994c-b9bfe17baf4e,2026-06-11T07:45:00Z,2026-06-11T09:45:00+0200,299.41998,MW,FR,FR,forecast_offshore_wind_generation,Wind Offshore,2026-06-11T21:19:02Z
2026-06-11T21:18:08Z,2026-06-11T23:18:08+0200,4e273271-2dd1-4145-994c-b9bfe17baf4e,2026-06-11T08:00:00Z,2026-06-11T10:00:00+0200,302.79001,MW,FR,FR,forecast_offshore_wind_generation,Wind Offshore,2026-06-11T21:19:02Z
2026-06-11T21:18:08Z,2026-06-11T23:18:08+0200,4e273271-2dd1-4145-994c-b9bfe17baf4e,2026-06-11T08:15:00Z,2026-06-11T10:15:00+0200,315.35999,MW,FR,FR,forecast_offshore_wind_generation,Wind Offshore,2026-06-11T21:19:02Z
2026-06-11T21:18:08Z,2026-06-11T23:18:08+0200,4e273271-2dd1-4145-994c-b9bfe17baf4e,2026-06-11T08:30:00Z,2026-06-11T10:30:00+0200,327.94,MW,FR,FR,forecast_offshore_wind_generation,Wind Offshore,2026-06-11T21:19:02Z
2026-06-11T21:18:08Z,2026-06-11T23:18:08+0200,4e273271-2dd1-4145-994c-b9bfe17baf4e,2026-06-11T08:45:00Z,2026-06-11T10:45:00+0200,340.47998,MW,FR,FR,forecast_offshore_wind_generation,Wind Offshore,2026-06-11T21:19:02Z
2026-06-11T21:18:08Z,2026-06-11T23:18:08+0200,4e273271-2dd1-4145-994c-b9bfe17baf4e,2026-06-11T09:00:00Z,2026-06-11T11:00:00+0200,353.02997,MW,FR,FR,forecast_offshore_wind_generation,Wind Offshore,2026-06-11T21:19:02Z
2026-06-11T21:18:08Z,2026-06-11T23:18:08+0200,4e273271-2dd1-4145-994c-b9bfe17baf4e,2026-06-11T09:15:00Z,2026-06-11T11:15:00+0200,369.46002,MW,FR,FR,forecast_offshore_wind_generation,Wind Offshore,2026-06-11T21:19:02Z
2026-06-11T21:18:08Z,2026-06-11T23:18:08+0200,4e273271-2dd1-4145-994c-b9bfe17baf4e,2026-06-11T09:30:00Z,2026-06-11T11:30:00+0200,385.89001,MW,FR,FR,forecast_offshore_wind_generation,Wind Offshore,2026-06-11T21:19:02Z
2026-06-11T21:18:08Z,2026-06-11T23:18:08+0200,4e273271-2dd1-4145-994c-b9bfe17baf4e,2026-06-11T09:45:00Z,2026-06-11T11:45:00+0200,402.29999,MW,FR,FR,forecast_offshore_wind_generation,Wind Offshore,2026-06-11T21:19:02Z
2026-06-11T21:18:08Z,2026-06-11T23:18:08+0200,4e273271-2dd1-4145-994c-b9bfe17baf4e,2026-06-11T10:00:00Z,2026-06-11T12:00:00+0200,418.71002,MW,FR,FR,forecast_offshore_wind_generation,Wind Offshore,2026-06-11T21:19:02Z
2026-06-11T21:18:08Z,2026-06-11T23:18:08+0200,4e273271-2dd1-4145-994c-b9bfe17baf4e,2026-06-11T10:15:00Z,2026-06-11T12:15:00+0200,404.31,MW,FR,FR,forecast_offshore_wind_generation,Wind Offshore,2026-06-11T21:19:02Z
2026-06-11T21:18:08Z,2026-06-11T23:18:08+0200,4e273271-2dd1-4145-994c-b9bfe17baf4e,2026-06-11T10:30:00Z,2026-06-11T12:30:00+0200,389.91,MW,FR,FR,forecast_offshore_wind_generation,Wind Offshore,2026-06-11T21:19:02Z
2026-06-11T21:18:08Z,2026-06-11T23:18:08+0200,4e273271-2dd1-4145-994c-b9bfe17baf4e,2026-06-11T10:45:00Z,2026-06-11T12:45:00+0200,375.52002,MW,FR,FR,forecast_offshore_wind_generation,Wind Offshore,2026-06-11T21:19:02Z
2026-06-11T21:18:08Z,2026-06-11T23:18:08+0200,4e273271-2dd1-4145-994c-b9bfe17baf4e,2026-06-11T11:00:00Z,2026-06-11T13:00:00+0200,361.11002,MW,FR,FR,forecast_offshore_wind_generation,Wind Offshore,2026-06-11T21:19:02Z
2026-06-11T21:18:08Z,2026-06-11T23:18:08+0200,4e273271-2dd1-4145-994c-b9bfe17baf4e,2026-06-11T11:15:00Z,2026-06-11T13:15:00+0200,372.76999,MW,FR,FR,forecast_offshore_wind_generation,Wind Offshore,2026-06-11T21:19:02Z
2026-06-11T21:18:08Z,2026-06-11T23:18:08+0200,4e273271-2dd1-4145-994c-b9bfe17baf4e,2026-06-11T11:30:00Z,2026-06-11T13:30:00+0200,384.42999,MW,FR,FR,forecast_offshore_wind_generation,Wind Offshore,2026-06-11T21:19:02Z
2026-06-11T21:18:08Z,2026-06-11T23:18:08+0200,4e273271-2dd1-4145-994c-b9bfe17baf4e,2026-06-11T11:45:00Z,2026-06-11T13:45:00+0200,396.05997,MW,FR,FR,forecast_offshore_wind_generation,Wind Offshore,2026-06-11T21:19:02Z
2026-06-11T21:18:08Z,2026-06-11T23:18:08+0200,4e273271-2dd1-4145-994c-b9bfe17baf4e,2026-06-11T12:00:00Z,2026-06-11T14:00:00+0200,407.68002,MW,FR,FR,forecast_offshore_wind_generation,Wind Offshore,2026-06-11T21:19:02Z
2026-06-11T21:18:08Z,2026-06-11T23:18:08+0200,4e273271-2dd1-4145-994c-b9bfe17baf4e,2026-06-11T12:15:00Z,2026-06-11T14:15:00+0200,413.82999,MW,FR,FR,forecast_offshore_wind_generation,Wind Offshore,2026-06-11T21:19:02Z
2026-06-11T21:18:08Z,2026-06-11T23:18:08+0200,4e273271-2dd1-4145-994c-b9bfe17baf4e,2026-06-11T12:30:00Z,2026-06-11T14:30:00+0200,419.96997,MW,FR,FR,forecast_offshore_wind_generation,Wind Offshore,2026-06-11T21:19:02Z
2026-06-11T21:18:08Z,2026-06-11T23:18:08+0200,4e273271-2dd1-4145-994c-b9bfe17baf4e,2026-06-11T12:45:00Z,2026-06-11T14:45:00+0200,426.10001,MW,FR,FR,forecast_offshore_wind_generation,Wind Offshore,2026-06-11T21:19:02Z
2026-06-11T21:18:08Z,2026-06-11T23:18:08+0200,4e273271-2dd1-4145-994c-b9bfe17baf4e,2026-06-11T13:00:00Z,2026-06-11T15:00:00+0200,432.23999,MW,FR,FR,forecast_offshore_wind_generation,Wind Offshore,2026-06-11T21:19:02Z
2026-06-11T21:18:08Z,2026-06-11T23:18:08+0200,4e273271-2dd1-4145-994c-b9bfe17baf4e,2026-06-11T13:15:00Z,2026-06-11T15:15:00+0200,470.12,MW,FR,FR,forecast_offshore_wind_generation,Wind Offshore,2026-06-11T21:19:02Z
2026-06-11T21:18:08Z,2026-06-11T23:18:08+0200,4e273271-2dd1-4145-994c-b9bfe17baf4e,2026-06-11T13:30:00Z,2026-06-11T15:30:00+0200,507.97003,MW,FR,FR,forecast_offshore_wind_generation,Wind Offshore,2026-06-11T21:19:02Z
2026-06-11T21:18:08Z,2026-06-11T23:18:08+0200,4e273271-2dd1-4145-994c-b9bfe17baf4e,2026-06-11T13:45:00Z,2026-06-11T15:45:00+0200,545.91998,MW,FR,FR,forecast_offshore_wind_generation,Wind Offshore,2026-06-11T21:19:02Z
2026-06-11T21:18:08Z,2026-06-11T23:18:08+0200,4e273271-2dd1-4145-994c-b9bfe17baf4e,2026-06-11T14:00:00Z,2026-06-11T16:00:00+0200,583.85999,MW,FR,FR,forecast_offshore_wind_generation,Wind Offshore,2026-06-11T21:19:02Z
2026-06-11T21:18:08Z,2026-06-11T23:18:08+0200,4e273271-2dd1-4145-994c-b9bfe17baf4e,2026-06-11T14:15:00Z,2026-06-11T16:15:00+0200,612.90002,MW,FR,FR,forecast_offshore_wind_generation,Wind Offshore,2026-06-11T21:19:02Z
2026-06-11T21:18:08Z,2026-06-11T23:18:08+0200,4e273271-2dd1-4145-994c-b9bfe17baf4e,2026-06-11T14:30:00Z,2026-06-11T16:30:00+0200,641.92999,MW,FR,FR,forecast_offshore_wind_generation,Wind Offshore,2026-06-11T21:19:02Z
2026-06-11T21:18:08Z,2026-06-11T23:18:08+0200,4e273271-2dd1-4145-994c-b9bfe17baf4e,2026-06-11T14:45:00Z,2026-06-11T16:45:00+0200,671.05005,MW,FR,FR,forecast_offshore_wind_generation,Wind Offshore,2026-06-11T21:19:02Z
2026-06-11T21:18:08Z,2026-06-11T23:18:08+0200,4e273271-2dd1-4145-994c-b9bfe17baf4e,2026-06-11T15:00:00Z,2026-06-11T17:00:00+0200,700.17999,MW,FR,FR,forecast_offshore_wind_generation,Wind Offshore,2026-06-11T21:19:02Z
2026-06-11T21:18:08Z,2026-06-11T23:18:08+0200,4e273271-2dd1-4145-994c-b9bfe17baf4e,2026-06-11T15:15:00Z,2026-06-11T17:15:00+0200,732.5,MW,FR,FR,forecast_offshore_wind_generation,Wind Offshore,2026-06-11T21:19:02Z
2026-06-11T21:18:08Z,2026-06-11T23:18:08+0200,4e273271-2dd1-4145-994c-b9bfe17baf4e,2026-06-11T15:30:00Z,2026-06-11T17:30:00+0200,764.84003,MW,FR,FR,forecast_offshore_wind_generation,Wind Offshore,2026-06-11T21:19:02Z
2026-06-11T21:18:08Z,2026-06-11T23:18:08+0200,4e273271-2dd1-4145-994c-b9bfe17baf4e,2026-06-11T15:45:00Z,2026-06-11T17:45:00+0200,797.27002,MW,FR,FR,forecast_offshore_wind_generation,Wind Offshore,2026-06-11T21:19:02Z
2026-06-11T21:18:08Z,2026-06-11T23:18:08+0200,4e273271-2dd1-4145-994c-b9bfe17baf4e,2026-06-11T16:00:00Z,2026-06-11T18:00:00+0200,829.70001,MW,FR,FR,forecast_offshore_wind_generation,Wind Offshore,2026-06-11T21:19:02Z
2026-06-11T21:18:08Z,2026-06-11T23:18:08+0200,4e273271-2dd1-4145-994c-b9bfe17baf4e,2026-06-11T16:15:00Z,2026-06-11T18:15:00+0200,833.22998,MW,FR,FR,forecast_offshore_wind_generation,Wind Offshore,2026-06-11T21:19:02Z
2026-06-11T21:18:08Z,2026-06-11T23:18:08+0200,4e273271-2dd1-4145-994c-b9bfe17baf4e,2026-06-11T16:30:00Z,2026-06-11T18:30:00+0200,836.76001,MW,FR,FR,forecast_offshore_wind_generation,Wind Offshore,2026-06-11T21:19:02Z
2026-06-11T21:18:08Z,2026-06-11T23:18:08+0200,4e273271-2dd1-4145-994c-b9bfe17baf4e,2026-06-11T16:45:00Z,2026-06-11T18:45:00+0200,840.35999,MW,FR,FR,forecast_offshore_wind_generation,Wind Offshore,2026-06-11T21:19:02Z
2026-06-11T21:18:08Z,2026-06-11T23:18:08+0200,4e273271-2dd1-4145-994c-b9bfe17baf4e,2026-06-11T17:00:00Z,2026-06-11T19:00:00+0200,843.96997,MW,FR,FR,forecast_offshore_wind_generation,Wind Offshore,2026-06-11T21:19:02Z
2026-06-11T21:18:08Z,2026-06-11T23:18:08+0200,4e273271-2dd1-4145-994c-b9bfe17baf4e,2026-06-11T17:15:00Z,2026-06-11T19:15:00+0200,850.20996,MW,FR,FR,forecast_offshore_wind_generation,Wind Offshore,2026-06-11T21:19:02Z
2026-06-11T21:18:08Z,2026-06-11T23:18:08+0200,4e273271-2dd1-4145-994c-b9bfe17baf4e,2026-06-11T17:30:00Z,2026-06-11T19:30:00+0200,856.46997,MW,FR,FR,forecast_offshore_wind_generation,Wind Offshore,2026-06-11T21:19:02Z
2026-06-11T21:18:08Z,2026-06-11T23:18:08+0200,4e273271-2dd1-4145-994c-b9bfe17baf4e,2026-06-11T17:45:00Z,2026-06-11T19:45:00+0200,862.81006,MW,FR,FR,forecast_offshore_wind_generation,Wind Offshore,2026-06-11T21:19:02Z
2026-06-11T21:18:08Z,2026-06-11T23:18:08+0200,4e273271-2dd1-4145-994c-b9bfe17baf4e,2026-06-11T18:00:00Z,2026-06-11T20:00:00+0200,869.14996,MW,FR,FR,forecast_offshore_wind_generation,Wind Offshore,2026-06-11T21:19:02Z
2026-06-11T21:18:08Z,2026-06-11T23:18:08+0200,4e273271-2dd1-4145-994c-b9bfe17baf4e,2026-06-11T18:15:00Z,2026-06-11T20:15:00+0200,863.96997,MW,FR,FR,forecast_offshore_wind_generation,Wind Offshore,2026-06-11T21:19:02Z
2026-06-11T21:18:08Z,2026-06-11T23:18:08+0200,4e273271-2dd1-4145-994c-b9bfe17baf4e,2026-06-11T18:30:00Z,2026-06-11T20:30:00+0200,858.81,MW,FR,FR,forecast_offshore_wind_generation,Wind Offshore,2026-06-11T21:19:02Z
2026-06-11T21:18:08Z,2026-06-11T23:18:08+0200,4e273271-2dd1-4145-994c-b9bfe17baf4e,2026-06-11T18:45:00Z,2026-06-11T20:45:00+0200,853.58002,MW,FR,FR,forecast_offshore_wind_generation,Wind Offshore,2026-06-11T21:19:02Z
2026-06-11T21:18:08Z,2026-06-11T23:18:08+0200,4e273271-2dd1-4145-994c-b9bfe17baf4e,2026-06-11T19:00:00Z,2026-06-11T21:00:00+0200,848.34998,MW,FR,FR,forecast_offshore_wind_generation,Wind Offshore,2026-06-11T21:19:02Z
2026-06-11T21:18:08Z,2026-06-11T23:18:08+0200,4e273271-2dd1-4145-994c-b9bfe17baf4e,2026-06-11T19:15:00Z,2026-06-11T21:15:00+0200,853.5,MW,FR,FR,forecast_offshore_wind_generation,Wind Offshore,2026-06-11T21:19:02Z
2026-06-11T21:18:08Z,2026-06-11T23:18:08+0200,4e273271-2dd1-4145-994c-b9bfe17baf4e,2026-06-11T19:30:00Z,2026-06-11T21:30:00+0200,858.66998,MW,FR,FR,forecast_offshore_wind_generation,Wind Offshore,2026-06-11T21:19:02Z
2026-06-11T21:18:08Z,2026-06-11T23:18:08+0200,4e273271-2dd1-4145-994c-b9bfe17baf4e,2026-06-11T19:45:00Z,2026-06-11T21:45:00+0200,863.78003,MW,FR,FR,forecast_offshore_wind_generation,Wind Offshore,2026-06-11T21:19:02Z
2026-06-11T21:18:08Z,2026-06-11T23:18:08+0200,4e273271-2dd1-4145-994c-b9bfe17baf4e,2026-06-11T20:00:00Z,2026-06-11T22:00:00+0200,868.87006,MW,FR,FR,forecast_offshore_wind_generation,Wind Offshore,2026-06-11T21:19:02Z
2026-06-11T21:18:08Z,2026-06-11T23:18:08+0200,4e273271-2dd1-4145-994c-b9bfe17baf4e,2026-06-11T20:15:00Z,2026-06-11T22:15:00+0200,867.73999,MW,FR,FR,forecast_offshore_wind_generation,Wind Offshore,2026-06-11T21:19:02Z
2026-06-11T21:18:08Z,2026-06-11T23:18:08+0200,4e273271-2dd1-4145-994c-b9bfe17baf4e,2026-06-11T20:30:00Z,2026-06-11T22:30:00+0200,866.58997,MW,FR,FR,forecast_offshore_wind_generation,Wind Offshore,2026-06-11T21:19:02Z
2026-06-11T21:18:08Z,2026-06-11T23:18:08+0200,4e273271-2dd1-4145-994c-b9bfe17baf4e,2026-06-11T20:45:00Z,2026-06-11T22:45:00+0200,865.33002,MW,FR,FR,forecast_offshore_wind_generation,Wind Offshore,2026-06-11T21:19:02Z
2026-06-11T21:18:08Z,2026-06-11T23:18:08+0200,4e273271-2dd1-4145-994c-b9bfe17baf4e,2026-06-11T21:00:00Z,2026-06-11T23:00:00+0200,864.06,MW,FR,FR,forecast_offshore_wind_generation,Wind Offshore,2026-06-11T21:19:02Z
2026-06-11T21:18:08Z,2026-06-11T23:18:08+0200,4e273271-2dd1-4145-994c-b9bfe17baf4e,2026-06-11T21:15:00Z,2026-06-11T23:15:00+0200,859.85999,MW,FR,FR,forecast_offshore_wind_generation,Wind Offshore,2026-06-11T21:19:02Z
2026-06-11T21:18:08Z,2026-06-11T23:18:08+0200,4e273271-2dd1-4145-994c-b9bfe17baf4e,2026-06-11T21:30:00Z,2026-06-11T23:30:00+0200,855.66003,MW,FR,FR,forecast_offshore_wind_generation,Wind Offshore,2026-06-11T21:19:02Z
