collection_time_utc,collection_time_local,run_id,timestamp_utc,timestamp_local,value,unit,country,entsoe_area,variable,source,updated_at_utc
2026-09-26T08:01:56Z,2026-09-26T10:01:56+0200,82b2df9a-ef8d-4b87-b518-3a042f7bcca1,2026-09-19T08:15:00Z,2026-09-19T10:15:00+0200,151.613333,MW,DK2,DK_2,forecast_solar_generation,Solar,2026-09-26T08:03:51Z
2026-09-26T08:01:56Z,2026-09-26T10:01:56+0200,82b2df9a-ef8d-4b87-b518-3a042f7bcca1,2026-09-19T08:30:00Z,2026-09-19T10:30:00+0200,161.52,MW,DK2,DK_2,forecast_solar_generation,Solar,2026-09-26T08:03:51Z
2026-09-26T08:01:56Z,2026-09-26T10:01:56+0200,82b2df9a-ef8d-4b87-b518-3a042f7bcca1,2026-09-19T08:45:00Z,2026-09-19T10:45:00+0200,171.858333,MW,DK2,DK_2,forecast_solar_generation,Solar,2026-09-26T08:03:51Z
2026-09-26T08:01:56Z,2026-09-26T10:01:56+0200,82b2df9a-ef8d-4b87-b518-3a042f7bcca1,2026-09-19T09:00:00Z,2026-09-19T11:00:00+0200,182.16,MW,DK2,DK_2,forecast_solar_generation,Solar,2026-09-26T08:03:51Z
2026-09-26T08:01:56Z,2026-09-26T10:01:56+0200,82b2df9a-ef8d-4b87-b518-3a042f7bcca1,2026-09-19T09:15:00Z,2026-09-19T11:15:00+0200,191.796666,MW,DK2,DK_2,forecast_solar_generation,Solar,2026-09-26T08:03:51Z
2026-09-26T08:01:56Z,2026-09-26T10:01:56+0200,82b2df9a-ef8d-4b87-b518-3a042f7bcca1,2026-09-19T09:30:00Z,2026-09-19T11:30:00+0200,200.47,MW,DK2,DK_2,forecast_solar_generation,Solar,2026-09-26T08:03:51Z
2026-09-26T08:01:56Z,2026-09-26T10:01:56+0200,82b2df9a-ef8d-4b87-b518-3a042f7bcca1,2026-09-19T09:45:00Z,2026-09-19T11:45:00+0200,207.223333,MW,DK2,DK_2,forecast_solar_generation,Solar,2026-09-26T08:03:51Z
2026-09-26T08:01:56Z,2026-09-26T10:01:56+0200,82b2df9a-ef8d-4b87-b518-3a042f7bcca1,2026-09-19T10:00:00Z,2026-09-19T12:00:00+0200,206.226666,MW,DK2,DK_2,forecast_solar_generation,Solar,2026-09-26T08:03:51Z
2026-09-26T08:01:56Z,2026-09-26T10:01:56+0200,82b2df9a-ef8d-4b87-b518-3a042f7bcca1,2026-09-19T10:15:00Z,2026-09-19T12:15:00+0200,211.966666,MW,DK2,DK_2,forecast_solar_generation,Solar,2026-09-26T08:03:51Z
2026-09-26T08:01:56Z,2026-09-26T10:01:56+0200,82b2df9a-ef8d-4b87-b518-3a042f7bcca1,2026-09-19T10:30:00Z,2026-09-19T12:30:00+0200,215.19,MW,DK2,DK_2,forecast_solar_generation,Solar,2026-09-26T08:03:51Z
2026-09-26T08:01:56Z,2026-09-26T10:01:56+0200,82b2df9a-ef8d-4b87-b518-3a042f7bcca1,2026-09-19T10:45:00Z,2026-09-19T12:45:00+0200,216.813333,MW,DK2,DK_2,forecast_solar_generation,Solar,2026-09-26T08:03:51Z
2026-09-26T08:01:56Z,2026-09-26T10:01:56+0200,82b2df9a-ef8d-4b87-b518-3a042f7bcca1,2026-09-19T11:00:00Z,2026-09-19T13:00:00+0200,217.225,MW,DK2,DK_2,forecast_solar_generation,Solar,2026-09-26T08:03:51Z
2026-09-26T08:01:56Z,2026-09-26T10:01:56+0200,82b2df9a-ef8d-4b87-b518-3a042f7bcca1,2026-09-19T11:15:00Z,2026-09-19T13:15:00+0200,216.465,MW,DK2,DK_2,forecast_solar_generation,Solar,2026-09-26T08:03:51Z
2026-09-26T08:01:56Z,2026-09-26T10:01:56+0200,82b2df9a-ef8d-4b87-b518-3a042f7bcca1,2026-09-19T11:30:00Z,2026-09-19T13:30:00+0200,214.666666,MW,DK2,DK_2,forecast_solar_generation,Solar,2026-09-26T08:03:51Z
2026-09-26T08:01:56Z,2026-09-26T10:01:56+0200,82b2df9a-ef8d-4b87-b518-3a042f7bcca1,2026-09-19T11:45:00Z,2026-09-19T13:45:00+0200,212.028333,MW,DK2,DK_2,forecast_solar_generation,Solar,2026-09-26T08:03:51Z
2026-09-26T08:01:56Z,2026-09-26T10:01:56+0200,82b2df9a-ef8d-4b87-b518-3a042f7bcca1,2026-09-19T12:00:00Z,2026-09-19T14:00:00+0200,208.298333,MW,DK2,DK_2,forecast_solar_generation,Solar,2026-09-26T08:03:51Z
2026-09-26T08:01:56Z,2026-09-26T10:01:56+0200,82b2df9a-ef8d-4b87-b518-3a042f7bcca1,2026-09-19T12:15:00Z,2026-09-19T14:15:00+0200,203.745,MW,DK2,DK_2,forecast_solar_generation,Solar,2026-09-26T08:03:51Z
2026-09-26T08:01:56Z,2026-09-26T10:01:56+0200,82b2df9a-ef8d-4b87-b518-3a042f7bcca1,2026-09-19T12:30:00Z,2026-09-19T14:30:00+0200,199.106666,MW,DK2,DK_2,forecast_solar_generation,Solar,2026-09-26T08:03:51Z
2026-09-26T08:01:56Z,2026-09-26T10:01:56+0200,82b2df9a-ef8d-4b87-b518-3a042f7bcca1,2026-09-19T12:45:00Z,2026-09-19T14:45:00+0200,195.995,MW,DK2,DK_2,forecast_solar_generation,Solar,2026-09-26T08:03:51Z
2026-09-26T08:01:56Z,2026-09-26T10:01:56+0200,82b2df9a-ef8d-4b87-b518-3a042f7bcca1,2026-09-19T13:00:00Z,2026-09-19T15:00:00+0200,192.899999,MW,DK2,DK_2,forecast_solar_generation,Solar,2026-09-26T08:03:51Z
2026-09-26T08:01:56Z,2026-09-26T10:01:56+0200,82b2df9a-ef8d-4b87-b518-3a042f7bcca1,2026-09-19T13:15:00Z,2026-09-19T15:15:00+0200,187.446666,MW,DK2,DK_2,forecast_solar_generation,Solar,2026-09-26T08:03:51Z
2026-09-26T08:01:56Z,2026-09-26T10:01:56+0200,82b2df9a-ef8d-4b87-b518-3a042f7bcca1,2026-09-19T13:30:00Z,2026-09-19T15:30:00+0200,180.468333,MW,DK2,DK_2,forecast_solar_generation,Solar,2026-09-26T08:03:51Z
2026-09-26T08:01:56Z,2026-09-26T10:01:56+0200,82b2df9a-ef8d-4b87-b518-3a042f7bcca1,2026-09-19T13:45:00Z,2026-09-19T15:45:00+0200,178.551666,MW,DK2,DK_2,forecast_solar_generation,Solar,2026-09-26T08:03:51Z
2026-09-26T08:01:56Z,2026-09-26T10:01:56+0200,82b2df9a-ef8d-4b87-b518-3a042f7bcca1,2026-09-19T14:00:00Z,2026-09-19T16:00:00+0200,167.005,MW,DK2,DK_2,forecast_solar_generation,Solar,2026-09-26T08:03:51Z
2026-09-26T08:01:56Z,2026-09-26T10:01:56+0200,82b2df9a-ef8d-4b87-b518-3a042f7bcca1,2026-09-19T14:15:00Z,2026-09-19T16:15:00+0200,159.428333,MW,DK2,DK_2,forecast_solar_generation,Solar,2026-09-26T08:03:51Z
2026-09-26T08:01:56Z,2026-09-26T10:01:56+0200,82b2df9a-ef8d-4b87-b518-3a042f7bcca1,2026-09-19T14:30:00Z,2026-09-19T16:30:00+0200,149.415,MW,DK2,DK_2,forecast_solar_generation,Solar,2026-09-26T08:03:51Z
2026-09-26T08:01:56Z,2026-09-26T10:01:56+0200,82b2df9a-ef8d-4b87-b518-3a042f7bcca1,2026-09-19T14:45:00Z,2026-09-19T16:45:00+0200,140.816666,MW,DK2,DK_2,forecast_solar_generation,Solar,2026-09-26T08:03:51Z
2026-09-26T08:01:56Z,2026-09-26T10:01:56+0200,82b2df9a-ef8d-4b87-b518-3a042f7bcca1,2026-09-19T15:00:00Z,2026-09-19T17:00:00+0200,123.866666,MW,DK2,DK_2,forecast_solar_generation,Solar,2026-09-26T08:03:51Z
2026-09-26T08:01:56Z,2026-09-26T10:01:56+0200,82b2df9a-ef8d-4b87-b518-3a042f7bcca1,2026-09-19T15:15:00Z,2026-09-19T17:15:00+0200,106.705,MW,DK2,DK_2,forecast_solar_generation,Solar,2026-09-26T08:03:51Z
2026-09-26T08:01:56Z,2026-09-26T10:01:56+0200,82b2df9a-ef8d-4b87-b518-3a042f7bcca1,2026-09-19T15:30:00Z,2026-09-19T17:30:00+0200,89.991666,MW,DK2,DK_2,forecast_solar_generation,Solar,2026-09-26T08:03:51Z
2026-09-26T08:01:56Z,2026-09-26T10:01:56+0200,82b2df9a-ef8d-4b87-b518-3a042f7bcca1,2026-09-19T15:45:00Z,2026-09-19T17:45:00+0200,74.623333,MW,DK2,DK_2,forecast_solar_generation,Solar,2026-09-26T08:03:51Z
2026-09-26T08:01:56Z,2026-09-26T10:01:56+0200,82b2df9a-ef8d-4b87-b518-3a042f7bcca1,2026-09-19T16:00:00Z,2026-09-19T18:00:00+0200,58.236666,MW,DK2,DK_2,forecast_solar_generation,Solar,2026-09-26T08:03:51Z
2026-09-26T08:01:56Z,2026-09-26T10:01:56+0200,82b2df9a-ef8d-4b87-b518-3a042f7bcca1,2026-09-19T16:15:00Z,2026-09-19T18:15:00+0200,39.846666,MW,DK2,DK_2,forecast_solar_generation,Solar,2026-09-26T08:03:51Z
2026-09-26T08:01:56Z,2026-09-26T10:01:56+0200,82b2df9a-ef8d-4b87-b518-3a042f7bcca1,2026-09-19T16:30:00Z,2026-09-19T18:30:00+0200,21.209999,MW,DK2,DK_2,forecast_solar_generation,Solar,2026-09-26T08:03:51Z
2026-09-26T08:01:56Z,2026-09-26T10:01:56+0200,82b2df9a-ef8d-4b87-b518-3a042f7bcca1,2026-09-19T16:45:00Z,2026-09-19T18:45:00+0200,7.858333,MW,DK2,DK_2,forecast_solar_generation,Solar,2026-09-26T08:03:51Z
2026-09-26T08:01:56Z,2026-09-26T10:01:56+0200,82b2df9a-ef8d-4b87-b518-3a042f7bcca1,2026-09-19T17:00:00Z,2026-09-19T19:00:00+0200,0.841666,MW,DK2,DK_2,forecast_solar_generation,Solar,2026-09-26T08:03:51Z
2026-09-26T08:01:56Z,2026-09-26T10:01:56+0200,82b2df9a-ef8d-4b87-b518-3a042f7bcca1,2026-09-19T17:15:00Z,2026-09-19T19:15:00+0200,0.006666,MW,DK2,DK_2,forecast_solar_generation,Solar,2026-09-26T08:03:51Z
2026-09-26T08:01:56Z,2026-09-26T10:01:56+0200,82b2df9a-ef8d-4b87-b518-3a042f7bcca1,2026-09-19T17:30:00Z,2026-09-19T19:30:00+0200,0.0,MW,DK2,DK_2,forecast_solar_generation,Solar,2026-09-26T08:03:51Z
2026-09-26T08:01:56Z,2026-09-26T10:01:56+0200,82b2df9a-ef8d-4b87-b518-3a042f7bcca1,2026-09-19T17:45:00Z,2026-09-19T19:45:00+0200,0.0,MW,DK2,DK_2,forecast_solar_generation,Solar,2026-09-26T08:03:51Z
2026-09-26T08:01:56Z,2026-09-26T10:01:56+0200,82b2df9a-ef8d-4b87-b518-3a042f7bcca1,2026-09-19T18:00:00Z,2026-09-19T20:00:00+0200,0.0,MW,DK2,DK_2,forecast_solar_generation,Solar,2026-09-26T08:03:51Z
2026-09-26T08:01:56Z,2026-09-26T10:01:56+0200,82b2df9a-ef8d-4b87-b518-3a042f7bcca1,2026-09-19T18:15:00Z,2026-09-19T20:15:00+0200,0.0,MW,DK2,DK_2,forecast_solar_generation,Solar,2026-09-26T08:03:51Z
2026-09-26T08:01:56Z,2026-09-26T10:01:56+0200,82b2df9a-ef8d-4b87-b518-3a042f7bcca1,2026-09-19T18:30:00Z,2026-09-19T20:30:00+0200,0.0,MW,DK2,DK_2,forecast_solar_generation,Solar,2026-09-26T08:03:51Z
2026-09-26T08:01:56Z,2026-09-26T10:01:56+0200,82b2df9a-ef8d-4b87-b518-3a042f7bcca1,2026-09-19T18:45:00Z,2026-09-19T20:45:00+0200,0.0,MW,DK2,DK_2,forecast_solar_generation,Solar,2026-09-26T08:03:51Z
2026-09-26T08:01:56Z,2026-09-26T10:01:56+0200,82b2df9a-ef8d-4b87-b518-3a042f7bcca1,2026-09-19T19:00:00Z,2026-09-19T21:00:00+0200,0.0,MW,DK2,DK_2,forecast_solar_generation,Solar,2026-09-26T08:03:51Z
2026-09-26T08:01:56Z,2026-09-26T10:01:56+0200,82b2df9a-ef8d-4b87-b518-3a042f7bcca1,2026-09-19T19:15:00Z,2026-09-19T21:15:00+0200,0.0,MW,DK2,DK_2,forecast_solar_generation,Solar,2026-09-26T08:03:51Z
2026-09-26T08:01:56Z,2026-09-26T10:01:56+0200,82b2df9a-ef8d-4b87-b518-3a042f7bcca1,2026-09-19T19:30:00Z,2026-09-19T21:30:00+0200,0.0,MW,DK2,DK_2,forecast_solar_generation,Solar,2026-09-26T08:03:51Z
2026-09-26T08:01:56Z,2026-09-26T10:01:56+0200,82b2df9a-ef8d-4b87-b518-3a042f7bcca1,2026-09-19T19:45:00Z,2026-09-19T21:45:00+0200,0.0,MW,DK2,DK_2,forecast_solar_generation,Solar,2026-09-26T08:03:51Z
2026-09-26T08:01:56Z,2026-09-26T10:01:56+0200,82b2df9a-ef8d-4b87-b518-3a042f7bcca1,2026-09-19T20:00:00Z,2026-09-19T22:00:00+0200,0.0,MW,DK2,DK_2,forecast_solar_generation,Solar,2026-09-26T08:03:51Z
2026-09-26T08:01:56Z,2026-09-26T10:01:56+0200,82b2df9a-ef8d-4b87-b518-3a042f7bcca1,2026-09-19T20:15:00Z,2026-09-19T22:15:00+0200,0.0,MW,DK2,DK_2,forecast_solar_generation,Solar,2026-09-26T08:03:51Z
2026-09-26T08:01:56Z,2026-09-26T10:01:56+0200,82b2df9a-ef8d-4b87-b518-3a042f7bcca1,2026-09-19T20:30:00Z,2026-09-19T22:30:00+0200,0.0,MW,DK2,DK_2,forecast_solar_generation,Solar,2026-09-26T08:03:51Z
2026-09-26T08:01:56Z,2026-09-26T10:01:56+0200,82b2df9a-ef8d-4b87-b518-3a042f7bcca1,2026-09-19T20:45:00Z,2026-09-19T22:45:00+0200,0.0,MW,DK2,DK_2,forecast_solar_generation,Solar,2026-09-26T08:03:51Z
2026-09-26T08:01:56Z,2026-09-26T10:01:56+0200,82b2df9a-ef8d-4b87-b518-3a042f7bcca1,2026-09-19T21:00:00Z,2026-09-19T23:00:00+0200,0.0,MW,DK2,DK_2,forecast_solar_generation,Solar,2026-09-26T08:03:51Z
2026-09-26T08:01:56Z,2026-09-26T10:01:56+0200,82b2df9a-ef8d-4b87-b518-3a042f7bcca1,2026-09-19T21:15:00Z,2026-09-19T23:15:00+0200,0.0,MW,DK2,DK_2,forecast_solar_generation,Solar,2026-09-26T08:03:51Z
2026-09-26T08:01:56Z,2026-09-26T10:01:56+0200,82b2df9a-ef8d-4b87-b518-3a042f7bcca1,2026-09-19T21:30:00Z,2026-09-19T23:30:00+0200,0.0,MW,DK2,DK_2,forecast_solar_generation,Solar,2026-09-26T08:03:51Z
2026-09-26T08:01:56Z,2026-09-26T10:01:56+0200,82b2df9a-ef8d-4b87-b518-3a042f7bcca1,2026-09-19T21:45:00Z,2026-09-19T23:45:00+0200,0.0,MW,DK2,DK_2,forecast_solar_generation,Solar,2026-09-26T08:03:51Z
2026-09-26T08:01:56Z,2026-09-26T10:01:56+0200,82b2df9a-ef8d-4b87-b518-3a042f7bcca1,2026-09-19T22:00:00Z,2026-09-20T00:00:00+0200,0.0,MW,DK2,DK_2,forecast_solar_generation,Solar,2026-09-26T08:03:51Z
2026-09-26T08:01:56Z,2026-09-26T10:01:56+0200,82b2df9a-ef8d-4b87-b518-3a042f7bcca1,2026-09-19T22:15:00Z,2026-09-20T00:15:00+0200,0.0,MW,DK2,DK_2,forecast_solar_generation,Solar,2026-09-26T08:03:51Z
2026-09-26T08:01:56Z,2026-09-26T10:01:56+0200,82b2df9a-ef8d-4b87-b518-3a042f7bcca1,2026-09-19T22:30:00Z,2026-09-20T00:30:00+0200,0.0,MW,DK2,DK_2,forecast_solar_generation,Solar,2026-09-26T08:03:51Z
2026-09-26T08:01:56Z,2026-09-26T10:01:56+0200,82b2df9a-ef8d-4b87-b518-3a042f7bcca1,2026-09-19T22:45:00Z,2026-09-20T00:45:00+0200,0.0,MW,DK2,DK_2,forecast_solar_generation,Solar,2026-09-26T08:03:51Z
2026-09-26T08:01:56Z,2026-09-26T10:01:56+0200,82b2df9a-ef8d-4b87-b518-3a042f7bcca1,2026-09-19T23:00:00Z,2026-09-20T01:00:00+0200,0.0,MW,DK2,DK_2,forecast_solar_generation,Solar,2026-09-26T08:03:51Z
2026-09-26T08:01:56Z,2026-09-26T10:01:56+0200,82b2df9a-ef8d-4b87-b518-3a042f7bcca1,2026-09-19T23:15:00Z,2026-09-20T01:15:00+0200,0.0,MW,DK2,DK_2,forecast_solar_generation,Solar,2026-09-26T08:03:51Z
2026-09-26T08:01:56Z,2026-09-26T10:01:56+0200,82b2df9a-ef8d-4b87-b518-3a042f7bcca1,2026-09-19T23:30:00Z,2026-09-20T01:30:00+0200,0.0,MW,DK2,DK_2,forecast_solar_generation,Solar,2026-09-26T08:03:51Z
2026-09-26T08:01:56Z,2026-09-26T10:01:56+0200,82b2df9a-ef8d-4b87-b518-3a042f7bcca1,2026-09-19T23:45:00Z,2026-09-20T01:45:00+0200,0.0,MW,DK2,DK_2,forecast_solar_generation,Solar,2026-09-26T08:03:51Z
2026-09-26T08:01:56Z,2026-09-26T10:01:56+0200,82b2df9a-ef8d-4b87-b518-3a042f7bcca1,2026-09-20T00:00:00Z,2026-09-20T02:00:00+0200,0.0,MW,DK2,DK_2,forecast_solar_generation,Solar,2026-09-26T08:03:51Z
2026-09-26T08:01:56Z,2026-09-26T10:01:56+0200,82b2df9a-ef8d-4b87-b518-3a042f7bcca1,2026-09-20T00:15:00Z,2026-09-20T02:15:00+0200,0.0,MW,DK2,DK_2,forecast_solar_generation,Solar,2026-09-26T08:03:51Z
2026-09-26T08:01:56Z,2026-09-26T10:01:56+0200,82b2df9a-ef8d-4b87-b518-3a042f7bcca1,2026-09-20T00:30:00Z,2026-09-20T02:30:00+0200,0.0,MW,DK2,DK_2,forecast_solar_generation,Solar,2026-09-26T08:03:51Z
2026-09-26T08:01:56Z,2026-09-26T10:01:56+0200,82b2df9a-ef8d-4b87-b518-3a042f7bcca1,2026-09-20T00:45:00Z,2026-09-20T02:45:00+0200,0.0,MW,DK2,DK_2,forecast_solar_generation,Solar,2026-09-26T08:03:51Z
2026-09-26T08:01:56Z,2026-09-26T10:01:56+0200,82b2df9a-ef8d-4b87-b518-3a042f7bcca1,2026-09-20T01:00:00Z,2026-09-20T03:00:00+0200,0.0,MW,DK2,DK_2,forecast_solar_generation,Solar,2026-09-26T08:03:51Z
2026-09-26T08:01:56Z,2026-09-26T10:01:56+0200,82b2df9a-ef8d-4b87-b518-3a042f7bcca1,2026-09-20T01:15:00Z,2026-09-20T03:15:00+0200,0.0,MW,DK2,DK_2,forecast_solar_generation,Solar,2026-09-26T08:03:51Z
2026-09-26T08:01:56Z,2026-09-26T10:01:56+0200,82b2df9a-ef8d-4b87-b518-3a042f7bcca1,2026-09-20T01:30:00Z,2026-09-20T03:30:00+0200,0.0,MW,DK2,DK_2,forecast_solar_generation,Solar,2026-09-26T08:03:51Z
2026-09-26T08:01:56Z,2026-09-26T10:01:56+0200,82b2df9a-ef8d-4b87-b518-3a042f7bcca1,2026-09-20T01:45:00Z,2026-09-20T03:45:00+0200,0.0,MW,DK2,DK_2,forecast_solar_generation,Solar,2026-09-26T08:03:51Z
2026-09-26T08:01:56Z,2026-09-26T10:01:56+0200,82b2df9a-ef8d-4b87-b518-3a042f7bcca1,2026-09-20T02:00:00Z,2026-09-20T04:00:00+0200,0.0,MW,DK2,DK_2,forecast_solar_generation,Solar,2026-09-26T08:03:51Z
2026-09-26T08:01:56Z,2026-09-26T10:01:56+0200,82b2df9a-ef8d-4b87-b518-3a042f7bcca1,2026-09-20T02:15:00Z,2026-09-20T04:15:00+0200,0.0,MW,DK2,DK_2,forecast_solar_generation,Solar,2026-09-26T08:03:51Z
2026-09-26T08:01:56Z,2026-09-26T10:01:56+0200,82b2df9a-ef8d-4b87-b518-3a042f7bcca1,2026-09-20T02:30:00Z,2026-09-20T04:30:00+0200,0.0,MW,DK2,DK_2,forecast_solar_generation,Solar,2026-09-26T08:03:51Z
2026-09-26T08:01:56Z,2026-09-26T10:01:56+0200,82b2df9a-ef8d-4b87-b518-3a042f7bcca1,2026-09-20T02:45:00Z,2026-09-20T04:45:00+0200,0.0,MW,DK2,DK_2,forecast_solar_generation,Solar,2026-09-26T08:03:51Z
2026-09-26T08:01:56Z,2026-09-26T10:01:56+0200,82b2df9a-ef8d-4b87-b518-3a042f7bcca1,2026-09-20T03:00:00Z,2026-09-20T05:00:00+0200,0.0,MW,DK2,DK_2,forecast_solar_generation,Solar,2026-09-26T08:03:51Z
2026-09-26T08:01:56Z,2026-09-26T10:01:56+0200,82b2df9a-ef8d-4b87-b518-3a042f7bcca1,2026-09-20T03:15:00Z,2026-09-20T05:15:00+0200,0.0,MW,DK2,DK_2,forecast_solar_generation,Solar,2026-09-26T08:03:51Z
2026-09-26T08:01:56Z,2026-09-26T10:01:56+0200,82b2df9a-ef8d-4b87-b518-3a042f7bcca1,2026-09-20T03:30:00Z,2026-09-20T05:30:00+0200,0.0,MW,DK2,DK_2,forecast_solar_generation,Solar,2026-09-26T08:03:51Z
2026-09-26T08:01:56Z,2026-09-26T10:01:56+0200,82b2df9a-ef8d-4b87-b518-3a042f7bcca1,2026-09-20T03:45:00Z,2026-09-20T05:45:00+0200,0.0,MW,DK2,DK_2,forecast_solar_generation,Solar,2026-09-26T08:03:51Z
2026-09-26T08:01:56Z,2026-09-26T10:01:56+0200,82b2df9a-ef8d-4b87-b518-3a042f7bcca1,2026-09-20T04:00:00Z,2026-09-20T06:00:00+0200,0.0,MW,DK2,DK_2,forecast_solar_generation,Solar,2026-09-26T08:03:51Z
2026-09-26T08:01:56Z,2026-09-26T10:01:56+0200,82b2df9a-ef8d-4b87-b518-3a042f7bcca1,2026-09-20T04:15:00Z,2026-09-20T06:15:00+0200,0.0,MW,DK2,DK_2,forecast_solar_generation,Solar,2026-09-26T08:03:51Z
2026-09-26T08:01:56Z,2026-09-26T10:01:56+0200,82b2df9a-ef8d-4b87-b518-3a042f7bcca1,2026-09-20T04:30:00Z,2026-09-20T06:30:00+0200,0.0,MW,DK2,DK_2,forecast_solar_generation,Solar,2026-09-26T08:03:51Z
2026-09-26T08:01:56Z,2026-09-26T10:01:56+0200,82b2df9a-ef8d-4b87-b518-3a042f7bcca1,2026-09-20T04:45:00Z,2026-09-20T06:45:00+0200,0.031666,MW,DK2,DK_2,forecast_solar_generation,Solar,2026-09-26T08:03:51Z
2026-09-26T08:01:56Z,2026-09-26T10:01:56+0200,82b2df9a-ef8d-4b87-b518-3a042f7bcca1,2026-09-20T05:00:00Z,2026-09-20T07:00:00+0200,1.678333,MW,DK2,DK_2,forecast_solar_generation,Solar,2026-09-26T08:03:51Z
2026-09-26T08:01:56Z,2026-09-26T10:01:56+0200,82b2df9a-ef8d-4b87-b518-3a042f7bcca1,2026-09-20T05:15:00Z,2026-09-20T07:15:00+0200,14.565,MW,DK2,DK_2,forecast_solar_generation,Solar,2026-09-26T08:03:51Z
2026-09-26T08:01:56Z,2026-09-26T10:01:56+0200,82b2df9a-ef8d-4b87-b518-3a042f7bcca1,2026-09-20T05:30:00Z,2026-09-20T07:30:00+0200,38.91,MW,DK2,DK_2,forecast_solar_generation,Solar,2026-09-26T08:03:51Z
2026-09-26T08:01:56Z,2026-09-26T10:01:56+0200,82b2df9a-ef8d-4b87-b518-3a042f7bcca1,2026-09-20T05:45:00Z,2026-09-20T07:45:00+0200,66.251666,MW,DK2,DK_2,forecast_solar_generation,Solar,2026-09-26T08:03:51Z
2026-09-26T08:01:56Z,2026-09-26T10:01:56+0200,82b2df9a-ef8d-4b87-b518-3a042f7bcca1,2026-09-20T06:00:00Z,2026-09-20T08:00:00+0200,92.658333,MW,DK2,DK_2,forecast_solar_generation,Solar,2026-09-26T08:03:51Z
2026-09-26T08:01:56Z,2026-09-26T10:01:56+0200,82b2df9a-ef8d-4b87-b518-3a042f7bcca1,2026-09-20T06:15:00Z,2026-09-20T08:15:00+0200,118.041666,MW,DK2,DK_2,forecast_solar_generation,Solar,2026-09-26T08:03:51Z
2026-09-26T08:01:56Z,2026-09-26T10:01:56+0200,82b2df9a-ef8d-4b87-b518-3a042f7bcca1,2026-09-20T06:30:00Z,2026-09-20T08:30:00+0200,144.304999,MW,DK2,DK_2,forecast_solar_generation,Solar,2026-09-26T08:03:51Z
2026-09-26T08:01:56Z,2026-09-26T10:01:56+0200,82b2df9a-ef8d-4b87-b518-3a042f7bcca1,2026-09-20T06:45:00Z,2026-09-20T08:45:00+0200,168.271666,MW,DK2,DK_2,forecast_solar_generation,Solar,2026-09-26T08:03:51Z
2026-09-26T08:01:56Z,2026-09-26T10:01:56+0200,82b2df9a-ef8d-4b87-b518-3a042f7bcca1,2026-09-20T07:00:00Z,2026-09-20T09:00:00+0200,189.938333,MW,DK2,DK_2,forecast_solar_generation,Solar,2026-09-26T08:03:51Z
2026-09-26T08:01:56Z,2026-09-26T10:01:56+0200,82b2df9a-ef8d-4b87-b518-3a042f7bcca1,2026-09-20T07:15:00Z,2026-09-20T09:15:00+0200,209.6,MW,DK2,DK_2,forecast_solar_generation,Solar,2026-09-26T08:03:51Z
2026-09-26T08:01:56Z,2026-09-26T10:01:56+0200,82b2df9a-ef8d-4b87-b518-3a042f7bcca1,2026-09-20T07:30:00Z,2026-09-20T09:30:00+0200,220.135,MW,DK2,DK_2,forecast_solar_generation,Solar,2026-09-26T08:03:51Z
2026-09-26T08:01:56Z,2026-09-26T10:01:56+0200,82b2df9a-ef8d-4b87-b518-3a042f7bcca1,2026-09-20T07:45:00Z,2026-09-20T09:45:00+0200,241.916666,MW,DK2,DK_2,forecast_solar_generation,Solar,2026-09-26T08:03:51Z
2026-09-26T08:01:56Z,2026-09-26T10:01:56+0200,82b2df9a-ef8d-4b87-b518-3a042f7bcca1,2026-09-20T08:00:00Z,2026-09-20T10:00:00+0200,277.548333,MW,DK2,DK_2,forecast_solar_generation,Solar,2026-09-26T08:03:51Z
2026-09-26T08:01:56Z,2026-09-26T10:01:56+0200,82b2df9a-ef8d-4b87-b518-3a042f7bcca1,2026-09-20T08:15:00Z,2026-09-20T10:15:00+0200,313.141666,MW,DK2,DK_2,forecast_solar_generation,Solar,2026-09-26T08:03:51Z
2026-09-26T08:01:56Z,2026-09-26T10:01:56+0200,82b2df9a-ef8d-4b87-b518-3a042f7bcca1,2026-09-20T08:30:00Z,2026-09-20T10:30:00+0200,345.068333,MW,DK2,DK_2,forecast_solar_generation,Solar,2026-09-26T08:03:51Z
2026-09-26T08:01:56Z,2026-09-26T10:01:56+0200,82b2df9a-ef8d-4b87-b518-3a042f7bcca1,2026-09-20T08:45:00Z,2026-09-20T10:45:00+0200,377.186666,MW,DK2,DK_2,forecast_solar_generation,Solar,2026-09-26T08:03:51Z
2026-09-26T08:01:56Z,2026-09-26T10:01:56+0200,82b2df9a-ef8d-4b87-b518-3a042f7bcca1,2026-09-20T09:00:00Z,2026-09-20T11:00:00+0200,409.766666,MW,DK2,DK_2,forecast_solar_generation,Solar,2026-09-26T08:03:51Z
2026-09-26T08:01:56Z,2026-09-26T10:01:56+0200,82b2df9a-ef8d-4b87-b518-3a042f7bcca1,2026-09-20T09:15:00Z,2026-09-20T11:15:00+0200,439.248333,MW,DK2,DK_2,forecast_solar_generation,Solar,2026-09-26T08:03:51Z
2026-09-26T08:01:56Z,2026-09-26T10:01:56+0200,82b2df9a-ef8d-4b87-b518-3a042f7bcca1,2026-09-20T09:30:00Z,2026-09-20T11:30:00+0200,462.853333,MW,DK2,DK_2,forecast_solar_generation,Solar,2026-09-26T08:03:51Z
2026-09-26T08:01:56Z,2026-09-26T10:01:56+0200,82b2df9a-ef8d-4b87-b518-3a042f7bcca1,2026-09-20T09:45:00Z,2026-09-20T11:45:00+0200,483.133333,MW,DK2,DK_2,forecast_solar_generation,Solar,2026-09-26T08:03:51Z
2026-09-26T08:01:56Z,2026-09-26T10:01:56+0200,82b2df9a-ef8d-4b87-b518-3a042f7bcca1,2026-09-20T10:00:00Z,2026-09-20T12:00:00+0200,500.603333,MW,DK2,DK_2,forecast_solar_generation,Solar,2026-09-26T08:03:51Z
2026-09-26T08:01:56Z,2026-09-26T10:01:56+0200,82b2df9a-ef8d-4b87-b518-3a042f7bcca1,2026-09-20T10:15:00Z,2026-09-20T12:15:00+0200,514.37,MW,DK2,DK_2,forecast_solar_generation,Solar,2026-09-26T08:03:51Z
2026-09-26T08:01:56Z,2026-09-26T10:01:56+0200,82b2df9a-ef8d-4b87-b518-3a042f7bcca1,2026-09-20T10:30:00Z,2026-09-20T12:30:00+0200,521.648333,MW,DK2,DK_2,forecast_solar_generation,Solar,2026-09-26T08:03:51Z
2026-09-26T08:01:56Z,2026-09-26T10:01:56+0200,82b2df9a-ef8d-4b87-b518-3a042f7bcca1,2026-09-20T10:45:00Z,2026-09-20T12:45:00+0200,517.521666,MW,DK2,DK_2,forecast_solar_generation,Solar,2026-09-26T08:03:51Z
2026-09-26T08:01:56Z,2026-09-26T10:01:56+0200,82b2df9a-ef8d-4b87-b518-3a042f7bcca1,2026-09-20T11:00:00Z,2026-09-20T13:00:00+0200,506.788333,MW,DK2,DK_2,forecast_solar_generation,Solar,2026-09-26T08:03:51Z
2026-09-26T08:01:56Z,2026-09-26T10:01:56+0200,82b2df9a-ef8d-4b87-b518-3a042f7bcca1,2026-09-20T11:15:00Z,2026-09-20T13:15:00+0200,495.905,MW,DK2,DK_2,forecast_solar_generation,Solar,2026-09-26T08:03:51Z
2026-09-26T08:01:56Z,2026-09-26T10:01:56+0200,82b2df9a-ef8d-4b87-b518-3a042f7bcca1,2026-09-20T11:30:00Z,2026-09-20T13:30:00+0200,490.696666,MW,DK2,DK_2,forecast_solar_generation,Solar,2026-09-26T08:03:51Z
2026-09-26T08:01:56Z,2026-09-26T10:01:56+0200,82b2df9a-ef8d-4b87-b518-3a042f7bcca1,2026-09-20T11:45:00Z,2026-09-20T13:45:00+0200,482.055,MW,DK2,DK_2,forecast_solar_generation,Solar,2026-09-26T08:03:51Z
2026-09-26T08:01:56Z,2026-09-26T10:01:56+0200,82b2df9a-ef8d-4b87-b518-3a042f7bcca1,2026-09-20T12:00:00Z,2026-09-20T14:00:00+0200,474.341666,MW,DK2,DK_2,forecast_solar_generation,Solar,2026-09-26T08:03:51Z
2026-09-26T08:01:56Z,2026-09-26T10:01:56+0200,82b2df9a-ef8d-4b87-b518-3a042f7bcca1,2026-09-20T12:15:00Z,2026-09-20T14:15:00+0200,487.343333,MW,DK2,DK_2,forecast_solar_generation,Solar,2026-09-26T08:03:51Z
2026-09-26T08:01:56Z,2026-09-26T10:01:56+0200,82b2df9a-ef8d-4b87-b518-3a042f7bcca1,2026-09-20T12:30:00Z,2026-09-20T14:30:00+0200,481.101666,MW,DK2,DK_2,forecast_solar_generation,Solar,2026-09-26T08:03:51Z
2026-09-26T08:01:56Z,2026-09-26T10:01:56+0200,82b2df9a-ef8d-4b87-b518-3a042f7bcca1,2026-09-20T12:45:00Z,2026-09-20T14:45:00+0200,481.65,MW,DK2,DK_2,forecast_solar_generation,Solar,2026-09-26T08:03:51Z
2026-09-26T08:01:56Z,2026-09-26T10:01:56+0200,82b2df9a-ef8d-4b87-b518-3a042f7bcca1,2026-09-20T13:00:00Z,2026-09-20T15:00:00+0200,489.536666,MW,DK2,DK_2,forecast_solar_generation,Solar,2026-09-26T08:03:51Z
2026-09-26T08:01:56Z,2026-09-26T10:01:56+0200,82b2df9a-ef8d-4b87-b518-3a042f7bcca1,2026-09-20T13:15:00Z,2026-09-20T15:15:00+0200,480.203333,MW,DK2,DK_2,forecast_solar_generation,Solar,2026-09-26T08:03:51Z
2026-09-26T08:01:56Z,2026-09-26T10:01:56+0200,82b2df9a-ef8d-4b87-b518-3a042f7bcca1,2026-09-20T13:30:00Z,2026-09-20T15:30:00+0200,460.664999,MW,DK2,DK_2,forecast_solar_generation,Solar,2026-09-26T08:03:51Z
2026-09-26T08:01:56Z,2026-09-26T10:01:56+0200,82b2df9a-ef8d-4b87-b518-3a042f7bcca1,2026-09-20T13:45:00Z,2026-09-20T15:45:00+0200,435.436666,MW,DK2,DK_2,forecast_solar_generation,Solar,2026-09-26T08:03:51Z
2026-09-26T08:01:56Z,2026-09-26T10:01:56+0200,82b2df9a-ef8d-4b87-b518-3a042f7bcca1,2026-09-20T14:00:00Z,2026-09-20T16:00:00+0200,377.091666,MW,DK2,DK_2,forecast_solar_generation,Solar,2026-09-26T08:03:51Z
2026-09-26T08:01:56Z,2026-09-26T10:01:56+0200,82b2df9a-ef8d-4b87-b518-3a042f7bcca1,2026-09-20T14:15:00Z,2026-09-20T16:15:00+0200,346.943333,MW,DK2,DK_2,forecast_solar_generation,Solar,2026-09-26T08:03:51Z
2026-09-26T08:01:56Z,2026-09-26T10:01:56+0200,82b2df9a-ef8d-4b87-b518-3a042f7bcca1,2026-09-20T14:30:00Z,2026-09-20T16:30:00+0200,310.115,MW,DK2,DK_2,forecast_solar_generation,Solar,2026-09-26T08:03:51Z
2026-09-26T08:01:56Z,2026-09-26T10:01:56+0200,82b2df9a-ef8d-4b87-b518-3a042f7bcca1,2026-09-20T14:45:00Z,2026-09-20T16:45:00+0200,275.236666,MW,DK2,DK_2,forecast_solar_generation,Solar,2026-09-26T08:03:51Z
2026-09-26T08:01:56Z,2026-09-26T10:01:56+0200,82b2df9a-ef8d-4b87-b518-3a042f7bcca1,2026-09-20T15:00:00Z,2026-09-20T17:00:00+0200,239.875,MW,DK2,DK_2,forecast_solar_generation,Solar,2026-09-26T08:03:51Z
2026-09-26T08:01:56Z,2026-09-26T10:01:56+0200,82b2df9a-ef8d-4b87-b518-3a042f7bcca1,2026-09-20T15:15:00Z,2026-09-20T17:15:00+0200,203.528333,MW,DK2,DK_2,forecast_solar_generation,Solar,2026-09-26T08:03:51Z
2026-09-26T08:01:56Z,2026-09-26T10:01:56+0200,82b2df9a-ef8d-4b87-b518-3a042f7bcca1,2026-09-20T15:30:00Z,2026-09-20T17:30:00+0200,166.985,MW,DK2,DK_2,forecast_solar_generation,Solar,2026-09-26T08:03:51Z
2026-09-26T08:01:56Z,2026-09-26T10:01:56+0200,82b2df9a-ef8d-4b87-b518-3a042f7bcca1,2026-09-20T15:45:00Z,2026-09-20T17:45:00+0200,132.298333,MW,DK2,DK_2,forecast_solar_generation,Solar,2026-09-26T08:03:51Z
2026-09-26T08:01:56Z,2026-09-26T10:01:56+0200,82b2df9a-ef8d-4b87-b518-3a042f7bcca1,2026-09-20T16:00:00Z,2026-09-20T18:00:00+0200,97.918333,MW,DK2,DK_2,forecast_solar_generation,Solar,2026-09-26T08:03:51Z
2026-09-26T08:01:56Z,2026-09-26T10:01:56+0200,82b2df9a-ef8d-4b87-b518-3a042f7bcca1,2026-09-20T16:15:00Z,2026-09-20T18:15:00+0200,63.74,MW,DK2,DK_2,forecast_solar_generation,Solar,2026-09-26T08:03:51Z
2026-09-26T08:01:56Z,2026-09-26T10:01:56+0200,82b2df9a-ef8d-4b87-b518-3a042f7bcca1,2026-09-20T16:30:00Z,2026-09-20T18:30:00+0200,32.601666,MW,DK2,DK_2,forecast_solar_generation,Solar,2026-09-26T08:03:51Z
2026-09-26T08:01:56Z,2026-09-26T10:01:56+0200,82b2df9a-ef8d-4b87-b518-3a042f7bcca1,2026-09-20T16:45:00Z,2026-09-20T18:45:00+0200,9.791666,MW,DK2,DK_2,forecast_solar_generation,Solar,2026-09-26T08:03:51Z
2026-09-26T08:01:56Z,2026-09-26T10:01:56+0200,82b2df9a-ef8d-4b87-b518-3a042f7bcca1,2026-09-20T17:00:00Z,2026-09-20T19:00:00+0200,0.71,MW,DK2,DK_2,forecast_solar_generation,Solar,2026-09-26T08:03:51Z
2026-09-26T08:01:56Z,2026-09-26T10:01:56+0200,82b2df9a-ef8d-4b87-b518-3a042f7bcca1,2026-09-20T17:15:00Z,2026-09-20T19:15:00+0200,0.001666,MW,DK2,DK_2,forecast_solar_generation,Solar,2026-09-26T08:03:51Z
2026-09-26T08:01:56Z,2026-09-26T10:01:56+0200,82b2df9a-ef8d-4b87-b518-3a042f7bcca1,2026-09-20T17:30:00Z,2026-09-20T19:30:00+0200,0.0,MW,DK2,DK_2,forecast_solar_generation,Solar,2026-09-26T08:03:51Z
2026-09-26T08:01:56Z,2026-09-26T10:01:56+0200,82b2df9a-ef8d-4b87-b518-3a042f7bcca1,2026-09-20T17:45:00Z,2026-09-20T19:45:00+0200,0.0,MW,DK2,DK_2,forecast_solar_generation,Solar,2026-09-26T08:03:51Z
2026-09-26T08:01:56Z,2026-09-26T10:01:56+0200,82b2df9a-ef8d-4b87-b518-3a042f7bcca1,2026-09-20T18:00:00Z,2026-09-20T20:00:00+0200,0.0,MW,DK2,DK_2,forecast_solar_generation,Solar,2026-09-26T08:03:51Z
2026-09-26T08:01:56Z,2026-09-26T10:01:56+0200,82b2df9a-ef8d-4b87-b518-3a042f7bcca1,2026-09-20T18:15:00Z,2026-09-20T20:15:00+0200,0.0,MW,DK2,DK_2,forecast_solar_generation,Solar,2026-09-26T08:03:51Z
2026-09-26T08:01:56Z,2026-09-26T10:01:56+0200,82b2df9a-ef8d-4b87-b518-3a042f7bcca1,2026-09-20T18:30:00Z,2026-09-20T20:30:00+0200,0.0,MW,DK2,DK_2,forecast_solar_generation,Solar,2026-09-26T08:03:51Z
2026-09-26T08:01:56Z,2026-09-26T10:01:56+0200,82b2df9a-ef8d-4b87-b518-3a042f7bcca1,2026-09-20T18:45:00Z,2026-09-20T20:45:00+0200,0.0,MW,DK2,DK_2,forecast_solar_generation,Solar,2026-09-26T08:03:51Z
2026-09-26T08:01:56Z,2026-09-26T10:01:56+0200,82b2df9a-ef8d-4b87-b518-3a042f7bcca1,2026-09-20T19:00:00Z,2026-09-20T21:00:00+0200,0.0,MW,DK2,DK_2,forecast_solar_generation,Solar,2026-09-26T08:03:51Z
2026-09-26T08:01:56Z,2026-09-26T10:01:56+0200,82b2df9a-ef8d-4b87-b518-3a042f7bcca1,2026-09-20T19:15:00Z,2026-09-20T21:15:00+0200,0.0,MW,DK2,DK_2,forecast_solar_generation,Solar,2026-09-26T08:03:51Z
2026-09-26T08:01:56Z,2026-09-26T10:01:56+0200,82b2df9a-ef8d-4b87-b518-3a042f7bcca1,2026-09-20T19:30:00Z,2026-09-20T21:30:00+0200,0.0,MW,DK2,DK_2,forecast_solar_generation,Solar,2026-09-26T08:03:51Z
2026-09-26T08:01:56Z,2026-09-26T10:01:56+0200,82b2df9a-ef8d-4b87-b518-3a042f7bcca1,2026-09-20T19:45:00Z,2026-09-20T21:45:00+0200,0.0,MW,DK2,DK_2,forecast_solar_generation,Solar,2026-09-26T08:03:51Z
2026-09-26T08:01:56Z,2026-09-26T10:01:56+0200,82b2df9a-ef8d-4b87-b518-3a042f7bcca1,2026-09-20T20:00:00Z,2026-09-20T22:00:00+0200,0.0,MW,DK2,DK_2,forecast_solar_generation,Solar,2026-09-26T08:03:51Z
2026-09-26T08:01:56Z,2026-09-26T10:01:56+0200,82b2df9a-ef8d-4b87-b518-3a042f7bcca1,2026-09-20T20:15:00Z,2026-09-20T22:15:00+0200,0.0,MW,DK2,DK_2,forecast_solar_generation,Solar,2026-09-26T08:03:51Z
2026-09-26T08:01:56Z,2026-09-26T10:01:56+0200,82b2df9a-ef8d-4b87-b518-3a042f7bcca1,2026-09-20T20:30:00Z,2026-09-20T22:30:00+0200,0.0,MW,DK2,DK_2,forecast_solar_generation,Solar,2026-09-26T08:03:51Z
2026-09-26T08:01:56Z,2026-09-26T10:01:56+0200,82b2df9a-ef8d-4b87-b518-3a042f7bcca1,2026-09-20T20:45:00Z,2026-09-20T22:45:00+0200,0.0,MW,DK2,DK_2,forecast_solar_generation,Solar,2026-09-26T08:03:51Z
2026-09-26T08:01:56Z,2026-09-26T10:01:56+0200,82b2df9a-ef8d-4b87-b518-3a042f7bcca1,2026-09-20T21:00:00Z,2026-09-20T23:00:00+0200,0.0,MW,DK2,DK_2,forecast_solar_generation,Solar,2026-09-26T08:03:51Z
2026-09-26T08:01:56Z,2026-09-26T10:01:56+0200,82b2df9a-ef8d-4b87-b518-3a042f7bcca1,2026-09-20T21:15:00Z,2026-09-20T23:15:00+0200,0.0,MW,DK2,DK_2,forecast_solar_generation,Solar,2026-09-26T08:03:51Z
2026-09-26T08:01:56Z,2026-09-26T10:01:56+0200,82b2df9a-ef8d-4b87-b518-3a042f7bcca1,2026-09-20T21:30:00Z,2026-09-20T23:30:00+0200,0.0,MW,DK2,DK_2,forecast_solar_generation,Solar,2026-09-26T08:03:51Z
2026-09-26T08:01:56Z,2026-09-26T10:01:56+0200,82b2df9a-ef8d-4b87-b518-3a042f7bcca1,2026-09-20T21:45:00Z,2026-09-20T23:45:00+0200,0.0,MW,DK2,DK_2,forecast_solar_generation,Solar,2026-09-26T08:03:51Z
2026-09-26T08:01:56Z,2026-09-26T10:01:56+0200,82b2df9a-ef8d-4b87-b518-3a042f7bcca1,2026-09-20T22:00:00Z,2026-09-21T00:00:00+0200,0.0,MW,DK2,DK_2,forecast_solar_generation,Solar,2026-09-26T08:03:51Z
2026-09-26T08:01:56Z,2026-09-26T10:01:56+0200,82b2df9a-ef8d-4b87-b518-3a042f7bcca1,2026-09-20T22:15:00Z,2026-09-21T00:15:00+0200,0.0,MW,DK2,DK_2,forecast_solar_generation,Solar,2026-09-26T08:03:51Z
2026-09-26T08:01:56Z,2026-09-26T10:01:56+0200,82b2df9a-ef8d-4b87-b518-3a042f7bcca1,2026-09-20T22:30:00Z,2026-09-21T00:30:00+0200,0.0,MW,DK2,DK_2,forecast_solar_generation,Solar,2026-09-26T08:03:51Z
2026-09-26T08:01:56Z,2026-09-26T10:01:56+0200,82b2df9a-ef8d-4b87-b518-3a042f7bcca1,2026-09-20T22:45:00Z,2026-09-21T00:45:00+0200,0.0,MW,DK2,DK_2,forecast_solar_generation,Solar,2026-09-26T08:03:51Z
2026-09-26T08:01:56Z,2026-09-26T10:01:56+0200,82b2df9a-ef8d-4b87-b518-3a042f7bcca1,2026-09-20T23:00:00Z,2026-09-21T01:00:00+0200,0.0,MW,DK2,DK_2,forecast_solar_generation,Solar,2026-09-26T08:03:51Z
2026-09-26T08:01:56Z,2026-09-26T10:01:56+0200,82b2df9a-ef8d-4b87-b518-3a042f7bcca1,2026-09-20T23:15:00Z,2026-09-21T01:15:00+0200,0.0,MW,DK2,DK_2,forecast_solar_generation,Solar,2026-09-26T08:03:51Z
2026-09-26T08:01:56Z,2026-09-26T10:01:56+0200,82b2df9a-ef8d-4b87-b518-3a042f7bcca1,2026-09-20T23:30:00Z,2026-09-21T01:30:00+0200,0.0,MW,DK2,DK_2,forecast_solar_generation,Solar,2026-09-26T08:03:51Z
2026-09-26T08:01:56Z,2026-09-26T10:01:56+0200,82b2df9a-ef8d-4b87-b518-3a042f7bcca1,2026-09-20T23:45:00Z,2026-09-21T01:45:00+0200,0.0,MW,DK2,DK_2,forecast_solar_generation,Solar,2026-09-26T08:03:51Z
2026-09-26T08:01:56Z,2026-09-26T10:01:56+0200,82b2df9a-ef8d-4b87-b518-3a042f7bcca1,2026-09-21T00:00:00Z,2026-09-21T02:00:00+0200,0.0,MW,DK2,DK_2,forecast_solar_generation,Solar,2026-09-26T08:03:51Z
2026-09-26T08:01:56Z,2026-09-26T10:01:56+0200,82b2df9a-ef8d-4b87-b518-3a042f7bcca1,2026-09-21T00:15:00Z,2026-09-21T02:15:00+0200,0.0,MW,DK2,DK_2,forecast_solar_generation,Solar,2026-09-26T08:03:51Z
2026-09-26T08:01:56Z,2026-09-26T10:01:56+0200,82b2df9a-ef8d-4b87-b518-3a042f7bcca1,2026-09-21T00:30:00Z,2026-09-21T02:30:00+0200,0.0,MW,DK2,DK_2,forecast_solar_generation,Solar,2026-09-26T08:03:51Z
2026-09-26T08:01:56Z,2026-09-26T10:01:56+0200,82b2df9a-ef8d-4b87-b518-3a042f7bcca1,2026-09-21T00:45:00Z,2026-09-21T02:45:00+0200,0.0,MW,DK2,DK_2,forecast_solar_generation,Solar,2026-09-26T08:03:51Z
2026-09-26T08:01:56Z,2026-09-26T10:01:56+0200,82b2df9a-ef8d-4b87-b518-3a042f7bcca1,2026-09-21T01:00:00Z,2026-09-21T03:00:00+0200,0.0,MW,DK2,DK_2,forecast_solar_generation,Solar,2026-09-26T08:03:51Z
2026-09-26T08:01:56Z,2026-09-26T10:01:56+0200,82b2df9a-ef8d-4b87-b518-3a042f7bcca1,2026-09-21T01:15:00Z,2026-09-21T03:15:00+0200,0.0,MW,DK2,DK_2,forecast_solar_generation,Solar,2026-09-26T08:03:51Z
2026-09-26T08:01:56Z,2026-09-26T10:01:56+0200,82b2df9a-ef8d-4b87-b518-3a042f7bcca1,2026-09-21T01:30:00Z,2026-09-21T03:30:00+0200,0.0,MW,DK2,DK_2,forecast_solar_generation,Solar,2026-09-26T08:03:51Z
2026-09-26T08:01:56Z,2026-09-26T10:01:56+0200,82b2df9a-ef8d-4b87-b518-3a042f7bcca1,2026-09-21T01:45:00Z,2026-09-21T03:45:00+0200,0.0,MW,DK2,DK_2,forecast_solar_generation,Solar,2026-09-26T08:03:51Z
2026-09-26T08:01:56Z,2026-09-26T10:01:56+0200,82b2df9a-ef8d-4b87-b518-3a042f7bcca1,2026-09-21T02:00:00Z,2026-09-21T04:00:00+0200,0.0,MW,DK2,DK_2,forecast_solar_generation,Solar,2026-09-26T08:03:51Z
2026-09-26T08:01:56Z,2026-09-26T10:01:56+0200,82b2df9a-ef8d-4b87-b518-3a042f7bcca1,2026-09-21T02:15:00Z,2026-09-21T04:15:00+0200,0.0,MW,DK2,DK_2,forecast_solar_generation,Solar,2026-09-26T08:03:51Z
2026-09-26T08:01:56Z,2026-09-26T10:01:56+0200,82b2df9a-ef8d-4b87-b518-3a042f7bcca1,2026-09-21T02:30:00Z,2026-09-21T04:30:00+0200,0.0,MW,DK2,DK_2,forecast_solar_generation,Solar,2026-09-26T08:03:51Z
2026-09-26T08:01:56Z,2026-09-26T10:01:56+0200,82b2df9a-ef8d-4b87-b518-3a042f7bcca1,2026-09-21T02:45:00Z,2026-09-21T04:45:00+0200,0.0,MW,DK2,DK_2,forecast_solar_generation,Solar,2026-09-26T08:03:51Z
2026-09-26T08:01:56Z,2026-09-26T10:01:56+0200,82b2df9a-ef8d-4b87-b518-3a042f7bcca1,2026-09-21T03:00:00Z,2026-09-21T05:00:00+0200,0.0,MW,DK2,DK_2,forecast_solar_generation,Solar,2026-09-26T08:03:51Z
2026-09-26T08:01:56Z,2026-09-26T10:01:56+0200,82b2df9a-ef8d-4b87-b518-3a042f7bcca1,2026-09-21T03:15:00Z,2026-09-21T05:15:00+0200,0.0,MW,DK2,DK_2,forecast_solar_generation,Solar,2026-09-26T08:03:51Z
2026-09-26T08:01:56Z,2026-09-26T10:01:56+0200,82b2df9a-ef8d-4b87-b518-3a042f7bcca1,2026-09-21T03:30:00Z,2026-09-21T05:30:00+0200,0.0,MW,DK2,DK_2,forecast_solar_generation,Solar,2026-09-26T08:03:51Z
2026-09-26T08:01:56Z,2026-09-26T10:01:56+0200,82b2df9a-ef8d-4b87-b518-3a042f7bcca1,2026-09-21T03:45:00Z,2026-09-21T05:45:00+0200,0.0,MW,DK2,DK_2,forecast_solar_generation,Solar,2026-09-26T08:03:51Z
2026-09-26T08:01:56Z,2026-09-26T10:01:56+0200,82b2df9a-ef8d-4b87-b518-3a042f7bcca1,2026-09-21T04:00:00Z,2026-09-21T06:00:00+0200,0.0,MW,DK2,DK_2,forecast_solar_generation,Solar,2026-09-26T08:03:51Z
2026-09-26T08:01:56Z,2026-09-26T10:01:56+0200,82b2df9a-ef8d-4b87-b518-3a042f7bcca1,2026-09-21T04:15:00Z,2026-09-21T06:15:00+0200,0.0,MW,DK2,DK_2,forecast_solar_generation,Solar,2026-09-26T08:03:51Z
2026-09-26T08:01:56Z,2026-09-26T10:01:56+0200,82b2df9a-ef8d-4b87-b518-3a042f7bcca1,2026-09-21T04:30:00Z,2026-09-21T06:30:00+0200,0.0,MW,DK2,DK_2,forecast_solar_generation,Solar,2026-09-26T08:03:51Z
2026-09-26T08:01:56Z,2026-09-26T10:01:56+0200,82b2df9a-ef8d-4b87-b518-3a042f7bcca1,2026-09-21T04:45:00Z,2026-09-21T06:45:00+0200,0.018333,MW,DK2,DK_2,forecast_solar_generation,Solar,2026-09-26T08:03:51Z
2026-09-26T08:01:56Z,2026-09-26T10:01:56+0200,82b2df9a-ef8d-4b87-b518-3a042f7bcca1,2026-09-21T05:00:00Z,2026-09-21T07:00:00+0200,1.318333,MW,DK2,DK_2,forecast_solar_generation,Solar,2026-09-26T08:03:51Z
2026-09-26T08:01:56Z,2026-09-26T10:01:56+0200,82b2df9a-ef8d-4b87-b518-3a042f7bcca1,2026-09-21T05:15:00Z,2026-09-21T07:15:00+0200,13.321666,MW,DK2,DK_2,forecast_solar_generation,Solar,2026-09-26T08:03:51Z
2026-09-26T08:01:56Z,2026-09-26T10:01:56+0200,82b2df9a-ef8d-4b87-b518-3a042f7bcca1,2026-09-21T05:30:00Z,2026-09-21T07:30:00+0200,39.213333,MW,DK2,DK_2,forecast_solar_generation,Solar,2026-09-26T08:03:51Z
2026-09-26T08:01:56Z,2026-09-26T10:01:56+0200,82b2df9a-ef8d-4b87-b518-3a042f7bcca1,2026-09-21T05:45:00Z,2026-09-21T07:45:00+0200,73.221666,MW,DK2,DK_2,forecast_solar_generation,Solar,2026-09-26T08:03:51Z
2026-09-26T08:01:56Z,2026-09-26T10:01:56+0200,82b2df9a-ef8d-4b87-b518-3a042f7bcca1,2026-09-21T06:00:00Z,2026-09-21T08:00:00+0200,112.994999,MW,DK2,DK_2,forecast_solar_generation,Solar,2026-09-26T08:03:51Z
2026-09-26T08:01:56Z,2026-09-26T10:01:56+0200,82b2df9a-ef8d-4b87-b518-3a042f7bcca1,2026-09-21T06:15:00Z,2026-09-21T08:15:00+0200,157.148333,MW,DK2,DK_2,forecast_solar_generation,Solar,2026-09-26T08:03:51Z
2026-09-26T08:01:56Z,2026-09-26T10:01:56+0200,82b2df9a-ef8d-4b87-b518-3a042f7bcca1,2026-09-21T06:30:00Z,2026-09-21T08:30:00+0200,203.851666,MW,DK2,DK_2,forecast_solar_generation,Solar,2026-09-26T08:03:51Z
2026-09-26T08:01:56Z,2026-09-26T10:01:56+0200,82b2df9a-ef8d-4b87-b518-3a042f7bcca1,2026-09-21T06:45:00Z,2026-09-21T08:45:00+0200,249.788333,MW,DK2,DK_2,forecast_solar_generation,Solar,2026-09-26T08:03:51Z
2026-09-26T08:01:56Z,2026-09-26T10:01:56+0200,82b2df9a-ef8d-4b87-b518-3a042f7bcca1,2026-09-21T07:00:00Z,2026-09-21T09:00:00+0200,294.119999,MW,DK2,DK_2,forecast_solar_generation,Solar,2026-09-26T08:03:51Z
2026-09-26T08:01:56Z,2026-09-26T10:01:56+0200,82b2df9a-ef8d-4b87-b518-3a042f7bcca1,2026-09-21T07:15:00Z,2026-09-21T09:15:00+0200,337.54,MW,DK2,DK_2,forecast_solar_generation,Solar,2026-09-26T08:03:51Z
2026-09-26T08:01:56Z,2026-09-26T10:01:56+0200,82b2df9a-ef8d-4b87-b518-3a042f7bcca1,2026-09-21T07:30:00Z,2026-09-21T09:30:00+0200,380.761666,MW,DK2,DK_2,forecast_solar_generation,Solar,2026-09-26T08:03:51Z
2026-09-26T08:01:56Z,2026-09-26T10:01:56+0200,82b2df9a-ef8d-4b87-b518-3a042f7bcca1,2026-09-21T07:45:00Z,2026-09-21T09:45:00+0200,421.773333,MW,DK2,DK_2,forecast_solar_generation,Solar,2026-09-26T08:03:51Z
2026-09-26T08:01:56Z,2026-09-26T10:01:56+0200,82b2df9a-ef8d-4b87-b518-3a042f7bcca1,2026-09-21T08:00:00Z,2026-09-21T10:00:00+0200,459.828333,MW,DK2,DK_2,forecast_solar_generation,Solar,2026-09-26T08:03:51Z
2026-09-26T08:01:56Z,2026-09-26T10:01:56+0200,82b2df9a-ef8d-4b87-b518-3a042f7bcca1,2026-09-21T08:15:00Z,2026-09-21T10:15:00+0200,495.151666,MW,DK2,DK_2,forecast_solar_generation,Solar,2026-09-26T08:03:51Z
2026-09-26T08:01:56Z,2026-09-26T10:01:56+0200,82b2df9a-ef8d-4b87-b518-3a042f7bcca1,2026-09-21T08:30:00Z,2026-09-21T10:30:00+0200,528.66,MW,DK2,DK_2,forecast_solar_generation,Solar,2026-09-26T08:03:51Z
2026-09-26T08:01:56Z,2026-09-26T10:01:56+0200,82b2df9a-ef8d-4b87-b518-3a042f7bcca1,2026-09-21T08:45:00Z,2026-09-21T10:45:00+0200,561.93,MW,DK2,DK_2,forecast_solar_generation,Solar,2026-09-26T08:03:51Z
2026-09-26T08:01:56Z,2026-09-26T10:01:56+0200,82b2df9a-ef8d-4b87-b518-3a042f7bcca1,2026-09-21T09:00:00Z,2026-09-21T11:00:00+0200,593.343333,MW,DK2,DK_2,forecast_solar_generation,Solar,2026-09-26T08:03:51Z
2026-09-26T08:01:56Z,2026-09-26T10:01:56+0200,82b2df9a-ef8d-4b87-b518-3a042f7bcca1,2026-09-21T09:15:00Z,2026-09-21T11:15:00+0200,620.451666,MW,DK2,DK_2,forecast_solar_generation,Solar,2026-09-26T08:03:51Z
2026-09-26T08:01:56Z,2026-09-26T10:01:56+0200,82b2df9a-ef8d-4b87-b518-3a042f7bcca1,2026-09-21T09:30:00Z,2026-09-21T11:30:00+0200,636.63,MW,DK2,DK_2,forecast_solar_generation,Solar,2026-09-26T08:03:51Z
2026-09-26T08:01:56Z,2026-09-26T10:01:56+0200,82b2df9a-ef8d-4b87-b518-3a042f7bcca1,2026-09-21T09:45:00Z,2026-09-21T11:45:00+0200,634.308333,MW,DK2,DK_2,forecast_solar_generation,Solar,2026-09-26T08:03:51Z
2026-09-26T08:01:56Z,2026-09-26T10:01:56+0200,82b2df9a-ef8d-4b87-b518-3a042f7bcca1,2026-09-21T10:00:00Z,2026-09-21T12:00:00+0200,670.213333,MW,DK2,DK_2,forecast_solar_generation,Solar,2026-09-26T08:03:51Z
2026-09-26T08:01:56Z,2026-09-26T10:01:56+0200,82b2df9a-ef8d-4b87-b518-3a042f7bcca1,2026-09-21T10:15:00Z,2026-09-21T12:15:00+0200,654.366666,MW,DK2,DK_2,forecast_solar_generation,Solar,2026-09-26T08:03:51Z
2026-09-26T08:01:56Z,2026-09-26T10:01:56+0200,82b2df9a-ef8d-4b87-b518-3a042f7bcca1,2026-09-21T10:30:00Z,2026-09-21T12:30:00+0200,660.31,MW,DK2,DK_2,forecast_solar_generation,Solar,2026-09-26T08:03:51Z
2026-09-26T08:01:56Z,2026-09-26T10:01:56+0200,82b2df9a-ef8d-4b87-b518-3a042f7bcca1,2026-09-21T10:45:00Z,2026-09-21T12:45:00+0200,666.453333,MW,DK2,DK_2,forecast_solar_generation,Solar,2026-09-26T08:03:51Z
2026-09-26T08:01:56Z,2026-09-26T10:01:56+0200,82b2df9a-ef8d-4b87-b518-3a042f7bcca1,2026-09-21T11:00:00Z,2026-09-21T13:00:00+0200,685.818333,MW,DK2,DK_2,forecast_solar_generation,Solar,2026-09-26T08:03:51Z
2026-09-26T08:01:56Z,2026-09-26T10:01:56+0200,82b2df9a-ef8d-4b87-b518-3a042f7bcca1,2026-09-21T11:15:00Z,2026-09-21T13:15:00+0200,651.756666,MW,DK2,DK_2,forecast_solar_generation,Solar,2026-09-26T08:03:51Z
2026-09-26T08:01:56Z,2026-09-26T10:01:56+0200,82b2df9a-ef8d-4b87-b518-3a042f7bcca1,2026-09-21T11:30:00Z,2026-09-21T13:30:00+0200,645.595,MW,DK2,DK_2,forecast_solar_generation,Solar,2026-09-26T08:03:51Z
2026-09-26T08:01:56Z,2026-09-26T10:01:56+0200,82b2df9a-ef8d-4b87-b518-3a042f7bcca1,2026-09-21T11:45:00Z,2026-09-21T13:45:00+0200,637.074999,MW,DK2,DK_2,forecast_solar_generation,Solar,2026-09-26T08:03:51Z
2026-09-26T08:01:56Z,2026-09-26T10:01:56+0200,82b2df9a-ef8d-4b87-b518-3a042f7bcca1,2026-09-21T12:00:00Z,2026-09-21T14:00:00+0200,625.431666,MW,DK2,DK_2,forecast_solar_generation,Solar,2026-09-26T08:03:51Z
2026-09-26T08:01:56Z,2026-09-26T10:01:56+0200,82b2df9a-ef8d-4b87-b518-3a042f7bcca1,2026-09-21T12:15:00Z,2026-09-21T14:15:00+0200,610.536666,MW,DK2,DK_2,forecast_solar_generation,Solar,2026-09-26T08:03:51Z
2026-09-26T08:01:56Z,2026-09-26T10:01:56+0200,82b2df9a-ef8d-4b87-b518-3a042f7bcca1,2026-09-21T12:30:00Z,2026-09-21T14:30:00+0200,592.741666,MW,DK2,DK_2,forecast_solar_generation,Solar,2026-09-26T08:03:51Z
2026-09-26T08:01:56Z,2026-09-26T10:01:56+0200,82b2df9a-ef8d-4b87-b518-3a042f7bcca1,2026-09-21T12:45:00Z,2026-09-21T14:45:00+0200,576.435,MW,DK2,DK_2,forecast_solar_generation,Solar,2026-09-26T08:03:51Z
2026-09-26T08:01:56Z,2026-09-26T10:01:56+0200,82b2df9a-ef8d-4b87-b518-3a042f7bcca1,2026-09-21T13:00:00Z,2026-09-21T15:00:00+0200,578.481666,MW,DK2,DK_2,forecast_solar_generation,Solar,2026-09-26T08:03:51Z
2026-09-26T08:01:56Z,2026-09-26T10:01:56+0200,82b2df9a-ef8d-4b87-b518-3a042f7bcca1,2026-09-21T13:15:00Z,2026-09-21T15:15:00+0200,550.255,MW,DK2,DK_2,forecast_solar_generation,Solar,2026-09-26T08:03:51Z
2026-09-26T08:01:56Z,2026-09-26T10:01:56+0200,82b2df9a-ef8d-4b87-b518-3a042f7bcca1,2026-09-21T13:30:00Z,2026-09-21T15:30:00+0200,519.826666,MW,DK2,DK_2,forecast_solar_generation,Solar,2026-09-26T08:03:51Z
2026-09-26T08:01:56Z,2026-09-26T10:01:56+0200,82b2df9a-ef8d-4b87-b518-3a042f7bcca1,2026-09-21T13:45:00Z,2026-09-21T15:45:00+0200,486.545,MW,DK2,DK_2,forecast_solar_generation,Solar,2026-09-26T08:03:51Z
2026-09-26T08:01:56Z,2026-09-26T10:01:56+0200,82b2df9a-ef8d-4b87-b518-3a042f7bcca1,2026-09-21T14:00:00Z,2026-09-21T16:00:00+0200,450.508333,MW,DK2,DK_2,forecast_solar_generation,Solar,2026-09-26T08:03:51Z
2026-09-26T08:01:56Z,2026-09-26T10:01:56+0200,82b2df9a-ef8d-4b87-b518-3a042f7bcca1,2026-09-21T14:15:00Z,2026-09-21T16:15:00+0200,412.105,MW,DK2,DK_2,forecast_solar_generation,Solar,2026-09-26T08:03:51Z
2026-09-26T08:01:56Z,2026-09-26T10:01:56+0200,82b2df9a-ef8d-4b87-b518-3a042f7bcca1,2026-09-21T14:30:00Z,2026-09-21T16:30:00+0200,371.896666,MW,DK2,DK_2,forecast_solar_generation,Solar,2026-09-26T08:03:51Z
2026-09-26T08:01:56Z,2026-09-26T10:01:56+0200,82b2df9a-ef8d-4b87-b518-3a042f7bcca1,2026-09-21T14:45:00Z,2026-09-21T16:45:00+0200,330.465,MW,DK2,DK_2,forecast_solar_generation,Solar,2026-09-26T08:03:51Z
2026-09-26T08:01:56Z,2026-09-26T10:01:56+0200,82b2df9a-ef8d-4b87-b518-3a042f7bcca1,2026-09-21T15:00:00Z,2026-09-21T17:00:00+0200,287.228333,MW,DK2,DK_2,forecast_solar_generation,Solar,2026-09-26T08:03:51Z
2026-09-26T08:01:56Z,2026-09-26T10:01:56+0200,82b2df9a-ef8d-4b87-b518-3a042f7bcca1,2026-09-21T15:15:00Z,2026-09-21T17:15:00+0200,241.193333,MW,DK2,DK_2,forecast_solar_generation,Solar,2026-09-26T08:03:51Z
2026-09-26T08:01:56Z,2026-09-26T10:01:56+0200,82b2df9a-ef8d-4b87-b518-3a042f7bcca1,2026-09-21T15:30:00Z,2026-09-21T17:30:00+0200,193.85,MW,DK2,DK_2,forecast_solar_generation,Solar,2026-09-26T08:03:51Z
2026-09-26T08:01:56Z,2026-09-26T10:01:56+0200,82b2df9a-ef8d-4b87-b518-3a042f7bcca1,2026-09-21T15:45:00Z,2026-09-21T17:45:00+0200,147.183333,MW,DK2,DK_2,forecast_solar_generation,Solar,2026-09-26T08:03:51Z
2026-09-26T08:01:56Z,2026-09-26T10:01:56+0200,82b2df9a-ef8d-4b87-b518-3a042f7bcca1,2026-09-21T16:00:00Z,2026-09-21T18:00:00+0200,103.255,MW,DK2,DK_2,forecast_solar_generation,Solar,2026-09-26T08:03:51Z
2026-09-26T08:01:56Z,2026-09-26T10:01:56+0200,82b2df9a-ef8d-4b87-b518-3a042f7bcca1,2026-09-21T16:15:00Z,2026-09-21T18:15:00+0200,63.596666,MW,DK2,DK_2,forecast_solar_generation,Solar,2026-09-26T08:03:51Z
2026-09-26T08:01:56Z,2026-09-26T10:01:56+0200,82b2df9a-ef8d-4b87-b518-3a042f7bcca1,2026-09-21T16:30:00Z,2026-09-21T18:30:00+0200,30.373333,MW,DK2,DK_2,forecast_solar_generation,Solar,2026-09-26T08:03:51Z
2026-09-26T08:01:56Z,2026-09-26T10:01:56+0200,82b2df9a-ef8d-4b87-b518-3a042f7bcca1,2026-09-21T16:45:00Z,2026-09-21T18:45:00+0200,7.665,MW,DK2,DK_2,forecast_solar_generation,Solar,2026-09-26T08:03:51Z
2026-09-26T08:01:56Z,2026-09-26T10:01:56+0200,82b2df9a-ef8d-4b87-b518-3a042f7bcca1,2026-09-21T17:00:00Z,2026-09-21T19:00:00+0200,0.356666,MW,DK2,DK_2,forecast_solar_generation,Solar,2026-09-26T08:03:51Z
2026-09-26T08:01:56Z,2026-09-26T10:01:56+0200,82b2df9a-ef8d-4b87-b518-3a042f7bcca1,2026-09-21T17:15:00Z,2026-09-21T19:15:00+0200,0.0,MW,DK2,DK_2,forecast_solar_generation,Solar,2026-09-26T08:03:51Z
2026-09-26T08:01:56Z,2026-09-26T10:01:56+0200,82b2df9a-ef8d-4b87-b518-3a042f7bcca1,2026-09-21T17:30:00Z,2026-09-21T19:30:00+0200,0.0,MW,DK2,DK_2,forecast_solar_generation,Solar,2026-09-26T08:03:51Z
2026-09-26T08:01:56Z,2026-09-26T10:01:56+0200,82b2df9a-ef8d-4b87-b518-3a042f7bcca1,2026-09-21T17:45:00Z,2026-09-21T19:45:00+0200,0.0,MW,DK2,DK_2,forecast_solar_generation,Solar,2026-09-26T08:03:51Z
2026-09-26T08:01:56Z,2026-09-26T10:01:56+0200,82b2df9a-ef8d-4b87-b518-3a042f7bcca1,2026-09-21T18:00:00Z,2026-09-21T20:00:00+0200,0.0,MW,DK2,DK_2,forecast_solar_generation,Solar,2026-09-26T08:03:51Z
2026-09-26T08:01:56Z,2026-09-26T10:01:56+0200,82b2df9a-ef8d-4b87-b518-3a042f7bcca1,2026-09-21T18:15:00Z,2026-09-21T20:15:00+0200,0.0,MW,DK2,DK_2,forecast_solar_generation,Solar,2026-09-26T08:03:51Z
2026-09-26T08:01:56Z,2026-09-26T10:01:56+0200,82b2df9a-ef8d-4b87-b518-3a042f7bcca1,2026-09-21T18:30:00Z,2026-09-21T20:30:00+0200,0.0,MW,DK2,DK_2,forecast_solar_generation,Solar,2026-09-26T08:03:51Z
2026-09-26T08:01:56Z,2026-09-26T10:01:56+0200,82b2df9a-ef8d-4b87-b518-3a042f7bcca1,2026-09-21T18:45:00Z,2026-09-21T20:45:00+0200,0.0,MW,DK2,DK_2,forecast_solar_generation,Solar,2026-09-26T08:03:51Z
2026-09-26T08:01:56Z,2026-09-26T10:01:56+0200,82b2df9a-ef8d-4b87-b518-3a042f7bcca1,2026-09-21T19:00:00Z,2026-09-21T21:00:00+0200,0.0,MW,DK2,DK_2,forecast_solar_generation,Solar,2026-09-26T08:03:51Z
2026-09-26T08:01:56Z,2026-09-26T10:01:56+0200,82b2df9a-ef8d-4b87-b518-3a042f7bcca1,2026-09-21T19:15:00Z,2026-09-21T21:15:00+0200,0.0,MW,DK2,DK_2,forecast_solar_generation,Solar,2026-09-26T08:03:51Z
2026-09-26T08:01:56Z,2026-09-26T10:01:56+0200,82b2df9a-ef8d-4b87-b518-3a042f7bcca1,2026-09-21T19:30:00Z,2026-09-21T21:30:00+0200,0.0,MW,DK2,DK_2,forecast_solar_generation,Solar,2026-09-26T08:03:51Z
2026-09-26T08:01:56Z,2026-09-26T10:01:56+0200,82b2df9a-ef8d-4b87-b518-3a042f7bcca1,2026-09-21T19:45:00Z,2026-09-21T21:45:00+0200,0.0,MW,DK2,DK_2,forecast_solar_generation,Solar,2026-09-26T08:03:51Z
2026-09-26T08:01:56Z,2026-09-26T10:01:56+0200,82b2df9a-ef8d-4b87-b518-3a042f7bcca1,2026-09-21T20:00:00Z,2026-09-21T22:00:00+0200,0.0,MW,DK2,DK_2,forecast_solar_generation,Solar,2026-09-26T08:03:51Z
2026-09-26T08:01:56Z,2026-09-26T10:01:56+0200,82b2df9a-ef8d-4b87-b518-3a042f7bcca1,2026-09-21T20:15:00Z,2026-09-21T22:15:00+0200,0.0,MW,DK2,DK_2,forecast_solar_generation,Solar,2026-09-26T08:03:51Z
2026-09-26T08:01:56Z,2026-09-26T10:01:56+0200,82b2df9a-ef8d-4b87-b518-3a042f7bcca1,2026-09-21T20:30:00Z,2026-09-21T22:30:00+0200,0.0,MW,DK2,DK_2,forecast_solar_generation,Solar,2026-09-26T08:03:51Z
2026-09-26T08:01:56Z,2026-09-26T10:01:56+0200,82b2df9a-ef8d-4b87-b518-3a042f7bcca1,2026-09-21T20:45:00Z,2026-09-21T22:45:00+0200,0.0,MW,DK2,DK_2,forecast_solar_generation,Solar,2026-09-26T08:03:51Z
2026-09-26T08:01:56Z,2026-09-26T10:01:56+0200,82b2df9a-ef8d-4b87-b518-3a042f7bcca1,2026-09-21T21:00:00Z,2026-09-21T23:00:00+0200,0.0,MW,DK2,DK_2,forecast_solar_generation,Solar,2026-09-26T08:03:51Z
2026-09-26T08:01:56Z,2026-09-26T10:01:56+0200,82b2df9a-ef8d-4b87-b518-3a042f7bcca1,2026-09-21T21:15:00Z,2026-09-21T23:15:00+0200,0.0,MW,DK2,DK_2,forecast_solar_generation,Solar,2026-09-26T08:03:51Z
2026-09-26T08:01:56Z,2026-09-26T10:01:56+0200,82b2df9a-ef8d-4b87-b518-3a042f7bcca1,2026-09-21T21:30:00Z,2026-09-21T23:30:00+0200,0.0,MW,DK2,DK_2,forecast_solar_generation,Solar,2026-09-26T08:03:51Z
2026-09-26T08:01:56Z,2026-09-26T10:01:56+0200,82b2df9a-ef8d-4b87-b518-3a042f7bcca1,2026-09-21T21:45:00Z,2026-09-21T23:45:00+0200,0.0,MW,DK2,DK_2,forecast_solar_generation,Solar,2026-09-26T08:03:51Z
2026-09-26T08:01:56Z,2026-09-26T10:01:56+0200,82b2df9a-ef8d-4b87-b518-3a042f7bcca1,2026-09-21T22:00:00Z,2026-09-22T00:00:00+0200,0.0,MW,DK2,DK_2,forecast_solar_generation,Solar,2026-09-26T08:03:51Z
2026-09-26T08:01:56Z,2026-09-26T10:01:56+0200,82b2df9a-ef8d-4b87-b518-3a042f7bcca1,2026-09-21T22:15:00Z,2026-09-22T00:15:00+0200,0.0,MW,DK2,DK_2,forecast_solar_generation,Solar,2026-09-26T08:03:51Z
2026-09-26T08:01:56Z,2026-09-26T10:01:56+0200,82b2df9a-ef8d-4b87-b518-3a042f7bcca1,2026-09-21T22:30:00Z,2026-09-22T00:30:00+0200,0.0,MW,DK2,DK_2,forecast_solar_generation,Solar,2026-09-26T08:03:51Z
2026-09-26T08:01:56Z,2026-09-26T10:01:56+0200,82b2df9a-ef8d-4b87-b518-3a042f7bcca1,2026-09-21T22:45:00Z,2026-09-22T00:45:00+0200,0.0,MW,DK2,DK_2,forecast_solar_generation,Solar,2026-09-26T08:03:51Z
2026-09-26T08:01:56Z,2026-09-26T10:01:56+0200,82b2df9a-ef8d-4b87-b518-3a042f7bcca1,2026-09-21T23:00:00Z,2026-09-22T01:00:00+0200,0.0,MW,DK2,DK_2,forecast_solar_generation,Solar,2026-09-26T08:03:51Z
2026-09-26T08:01:56Z,2026-09-26T10:01:56+0200,82b2df9a-ef8d-4b87-b518-3a042f7bcca1,2026-09-21T23:15:00Z,2026-09-22T01:15:00+0200,0.0,MW,DK2,DK_2,forecast_solar_generation,Solar,2026-09-26T08:03:51Z
2026-09-26T08:01:56Z,2026-09-26T10:01:56+0200,82b2df9a-ef8d-4b87-b518-3a042f7bcca1,2026-09-21T23:30:00Z,2026-09-22T01:30:00+0200,0.0,MW,DK2,DK_2,forecast_solar_generation,Solar,2026-09-26T08:03:51Z
2026-09-26T08:01:56Z,2026-09-26T10:01:56+0200,82b2df9a-ef8d-4b87-b518-3a042f7bcca1,2026-09-21T23:45:00Z,2026-09-22T01:45:00+0200,0.0,MW,DK2,DK_2,forecast_solar_generation,Solar,2026-09-26T08:03:51Z
2026-09-26T08:01:56Z,2026-09-26T10:01:56+0200,82b2df9a-ef8d-4b87-b518-3a042f7bcca1,2026-09-22T00:00:00Z,2026-09-22T02:00:00+0200,0.0,MW,DK2,DK_2,forecast_solar_generation,Solar,2026-09-26T08:03:51Z
2026-09-26T08:01:56Z,2026-09-26T10:01:56+0200,82b2df9a-ef8d-4b87-b518-3a042f7bcca1,2026-09-22T00:15:00Z,2026-09-22T02:15:00+0200,0.0,MW,DK2,DK_2,forecast_solar_generation,Solar,2026-09-26T08:03:51Z
2026-09-26T08:01:56Z,2026-09-26T10:01:56+0200,82b2df9a-ef8d-4b87-b518-3a042f7bcca1,2026-09-22T00:30:00Z,2026-09-22T02:30:00+0200,0.0,MW,DK2,DK_2,forecast_solar_generation,Solar,2026-09-26T08:03:51Z
2026-09-26T08:01:56Z,2026-09-26T10:01:56+0200,82b2df9a-ef8d-4b87-b518-3a042f7bcca1,2026-09-22T00:45:00Z,2026-09-22T02:45:00+0200,0.0,MW,DK2,DK_2,forecast_solar_generation,Solar,2026-09-26T08:03:51Z
2026-09-26T08:01:56Z,2026-09-26T10:01:56+0200,82b2df9a-ef8d-4b87-b518-3a042f7bcca1,2026-09-22T01:00:00Z,2026-09-22T03:00:00+0200,0.0,MW,DK2,DK_2,forecast_solar_generation,Solar,2026-09-26T08:03:51Z
2026-09-26T08:01:56Z,2026-09-26T10:01:56+0200,82b2df9a-ef8d-4b87-b518-3a042f7bcca1,2026-09-22T01:15:00Z,2026-09-22T03:15:00+0200,0.0,MW,DK2,DK_2,forecast_solar_generation,Solar,2026-09-26T08:03:51Z
2026-09-26T08:01:56Z,2026-09-26T10:01:56+0200,82b2df9a-ef8d-4b87-b518-3a042f7bcca1,2026-09-22T01:30:00Z,2026-09-22T03:30:00+0200,0.0,MW,DK2,DK_2,forecast_solar_generation,Solar,2026-09-26T08:03:51Z
2026-09-26T08:01:56Z,2026-09-26T10:01:56+0200,82b2df9a-ef8d-4b87-b518-3a042f7bcca1,2026-09-22T01:45:00Z,2026-09-22T03:45:00+0200,0.0,MW,DK2,DK_2,forecast_solar_generation,Solar,2026-09-26T08:03:51Z
2026-09-26T08:01:56Z,2026-09-26T10:01:56+0200,82b2df9a-ef8d-4b87-b518-3a042f7bcca1,2026-09-22T02:00:00Z,2026-09-22T04:00:00+0200,0.0,MW,DK2,DK_2,forecast_solar_generation,Solar,2026-09-26T08:03:51Z
2026-09-26T08:01:56Z,2026-09-26T10:01:56+0200,82b2df9a-ef8d-4b87-b518-3a042f7bcca1,2026-09-22T02:15:00Z,2026-09-22T04:15:00+0200,0.0,MW,DK2,DK_2,forecast_solar_generation,Solar,2026-09-26T08:03:51Z
2026-09-26T08:01:56Z,2026-09-26T10:01:56+0200,82b2df9a-ef8d-4b87-b518-3a042f7bcca1,2026-09-22T02:30:00Z,2026-09-22T04:30:00+0200,0.0,MW,DK2,DK_2,forecast_solar_generation,Solar,2026-09-26T08:03:51Z
2026-09-26T08:01:56Z,2026-09-26T10:01:56+0200,82b2df9a-ef8d-4b87-b518-3a042f7bcca1,2026-09-22T02:45:00Z,2026-09-22T04:45:00+0200,0.0,MW,DK2,DK_2,forecast_solar_generation,Solar,2026-09-26T08:03:51Z
2026-09-26T08:01:56Z,2026-09-26T10:01:56+0200,82b2df9a-ef8d-4b87-b518-3a042f7bcca1,2026-09-22T03:00:00Z,2026-09-22T05:00:00+0200,0.0,MW,DK2,DK_2,forecast_solar_generation,Solar,2026-09-26T08:03:51Z
2026-09-26T08:01:56Z,2026-09-26T10:01:56+0200,82b2df9a-ef8d-4b87-b518-3a042f7bcca1,2026-09-22T03:15:00Z,2026-09-22T05:15:00+0200,0.0,MW,DK2,DK_2,forecast_solar_generation,Solar,2026-09-26T08:03:51Z
2026-09-26T08:01:56Z,2026-09-26T10:01:56+0200,82b2df9a-ef8d-4b87-b518-3a042f7bcca1,2026-09-22T03:30:00Z,2026-09-22T05:30:00+0200,0.0,MW,DK2,DK_2,forecast_solar_generation,Solar,2026-09-26T08:03:51Z
2026-09-26T08:01:56Z,2026-09-26T10:01:56+0200,82b2df9a-ef8d-4b87-b518-3a042f7bcca1,2026-09-22T03:45:00Z,2026-09-22T05:45:00+0200,0.0,MW,DK2,DK_2,forecast_solar_generation,Solar,2026-09-26T08:03:51Z
2026-09-26T08:01:56Z,2026-09-26T10:01:56+0200,82b2df9a-ef8d-4b87-b518-3a042f7bcca1,2026-09-22T04:00:00Z,2026-09-22T06:00:00+0200,0.0,MW,DK2,DK_2,forecast_solar_generation,Solar,2026-09-26T08:03:51Z
2026-09-26T08:01:56Z,2026-09-26T10:01:56+0200,82b2df9a-ef8d-4b87-b518-3a042f7bcca1,2026-09-22T04:15:00Z,2026-09-22T06:15:00+0200,0.0,MW,DK2,DK_2,forecast_solar_generation,Solar,2026-09-26T08:03:51Z
2026-09-26T08:01:56Z,2026-09-26T10:01:56+0200,82b2df9a-ef8d-4b87-b518-3a042f7bcca1,2026-09-22T04:30:00Z,2026-09-22T06:30:00+0200,0.0,MW,DK2,DK_2,forecast_solar_generation,Solar,2026-09-26T08:03:51Z
2026-09-26T08:01:56Z,2026-09-26T10:01:56+0200,82b2df9a-ef8d-4b87-b518-3a042f7bcca1,2026-09-22T04:45:00Z,2026-09-22T06:45:00+0200,0.01,MW,DK2,DK_2,forecast_solar_generation,Solar,2026-09-26T08:03:51Z
2026-09-26T08:01:56Z,2026-09-26T10:01:56+0200,82b2df9a-ef8d-4b87-b518-3a042f7bcca1,2026-09-22T05:00:00Z,2026-09-22T07:00:00+0200,0.973333,MW,DK2,DK_2,forecast_solar_generation,Solar,2026-09-26T08:03:51Z
2026-09-26T08:01:56Z,2026-09-26T10:01:56+0200,82b2df9a-ef8d-4b87-b518-3a042f7bcca1,2026-09-22T05:15:00Z,2026-09-22T07:15:00+0200,11.376666,MW,DK2,DK_2,forecast_solar_generation,Solar,2026-09-26T08:03:51Z
2026-09-26T08:01:56Z,2026-09-26T10:01:56+0200,82b2df9a-ef8d-4b87-b518-3a042f7bcca1,2026-09-22T05:30:00Z,2026-09-22T07:30:00+0200,36.303333,MW,DK2,DK_2,forecast_solar_generation,Solar,2026-09-26T08:03:51Z
2026-09-26T08:01:56Z,2026-09-26T10:01:56+0200,82b2df9a-ef8d-4b87-b518-3a042f7bcca1,2026-09-22T05:45:00Z,2026-09-22T07:45:00+0200,70.421666,MW,DK2,DK_2,forecast_solar_generation,Solar,2026-09-26T08:03:51Z
2026-09-26T08:01:56Z,2026-09-26T10:01:56+0200,82b2df9a-ef8d-4b87-b518-3a042f7bcca1,2026-09-22T06:00:00Z,2026-09-22T08:00:00+0200,111.161666,MW,DK2,DK_2,forecast_solar_generation,Solar,2026-09-26T08:03:51Z
2026-09-26T08:01:56Z,2026-09-26T10:01:56+0200,82b2df9a-ef8d-4b87-b518-3a042f7bcca1,2026-09-22T06:15:00Z,2026-09-22T08:15:00+0200,157.038333,MW,DK2,DK_2,forecast_solar_generation,Solar,2026-09-26T08:03:51Z
2026-09-26T08:01:56Z,2026-09-26T10:01:56+0200,82b2df9a-ef8d-4b87-b518-3a042f7bcca1,2026-09-22T06:30:00Z,2026-09-22T08:30:00+0200,206.468333,MW,DK2,DK_2,forecast_solar_generation,Solar,2026-09-26T08:03:51Z
2026-09-26T08:01:56Z,2026-09-26T10:01:56+0200,82b2df9a-ef8d-4b87-b518-3a042f7bcca1,2026-09-22T06:45:00Z,2026-09-22T08:45:00+0200,257.186666,MW,DK2,DK_2,forecast_solar_generation,Solar,2026-09-26T08:03:51Z
2026-09-26T08:01:56Z,2026-09-26T10:01:56+0200,82b2df9a-ef8d-4b87-b518-3a042f7bcca1,2026-09-22T07:00:00Z,2026-09-22T09:00:00+0200,308.016666,MW,DK2,DK_2,forecast_solar_generation,Solar,2026-09-26T08:03:51Z
2026-09-26T08:01:56Z,2026-09-26T10:01:56+0200,82b2df9a-ef8d-4b87-b518-3a042f7bcca1,2026-09-22T07:15:00Z,2026-09-22T09:15:00+0200,358.175,MW,DK2,DK_2,forecast_solar_generation,Solar,2026-09-26T08:03:51Z
2026-09-26T08:01:56Z,2026-09-26T10:01:56+0200,82b2df9a-ef8d-4b87-b518-3a042f7bcca1,2026-09-22T07:30:00Z,2026-09-22T09:30:00+0200,406.983333,MW,DK2,DK_2,forecast_solar_generation,Solar,2026-09-26T08:03:51Z
2026-09-26T08:01:56Z,2026-09-26T10:01:56+0200,82b2df9a-ef8d-4b87-b518-3a042f7bcca1,2026-09-22T07:45:00Z,2026-09-22T09:45:00+0200,453.875,MW,DK2,DK_2,forecast_solar_generation,Solar,2026-09-26T08:03:51Z
2026-09-26T08:01:56Z,2026-09-26T10:01:56+0200,82b2df9a-ef8d-4b87-b518-3a042f7bcca1,2026-09-22T08:00:00Z,2026-09-22T10:00:00+0200,498.26,MW,DK2,DK_2,forecast_solar_generation,Solar,2026-09-26T08:03:51Z
2026-09-26T08:01:56Z,2026-09-26T10:01:56+0200,82b2df9a-ef8d-4b87-b518-3a042f7bcca1,2026-09-22T08:15:00Z,2026-09-22T10:15:00+0200,539.658333,MW,DK2,DK_2,forecast_solar_generation,Solar,2026-09-26T08:03:51Z
2026-09-26T08:01:56Z,2026-09-26T10:01:56+0200,82b2df9a-ef8d-4b87-b518-3a042f7bcca1,2026-09-22T08:30:00Z,2026-09-22T10:30:00+0200,577.706666,MW,DK2,DK_2,forecast_solar_generation,Solar,2026-09-26T08:03:51Z
2026-09-26T08:01:56Z,2026-09-26T10:01:56+0200,82b2df9a-ef8d-4b87-b518-3a042f7bcca1,2026-09-22T08:45:00Z,2026-09-22T10:45:00+0200,612.028333,MW,DK2,DK_2,forecast_solar_generation,Solar,2026-09-26T08:03:51Z
2026-09-26T08:01:56Z,2026-09-26T10:01:56+0200,82b2df9a-ef8d-4b87-b518-3a042f7bcca1,2026-09-22T09:00:00Z,2026-09-22T11:00:00+0200,642.2,MW,DK2,DK_2,forecast_solar_generation,Solar,2026-09-26T08:03:51Z
2026-09-26T08:01:56Z,2026-09-26T10:01:56+0200,82b2df9a-ef8d-4b87-b518-3a042f7bcca1,2026-09-22T09:15:00Z,2026-09-22T11:15:00+0200,668.843333,MW,DK2,DK_2,forecast_solar_generation,Solar,2026-09-26T08:03:51Z
2026-09-26T08:01:56Z,2026-09-26T10:01:56+0200,82b2df9a-ef8d-4b87-b518-3a042f7bcca1,2026-09-22T09:30:00Z,2026-09-22T11:30:00+0200,692.173333,MW,DK2,DK_2,forecast_solar_generation,Solar,2026-09-26T08:03:51Z
2026-09-26T08:01:56Z,2026-09-26T10:01:56+0200,82b2df9a-ef8d-4b87-b518-3a042f7bcca1,2026-09-22T09:45:00Z,2026-09-22T11:45:00+0200,711.79,MW,DK2,DK_2,forecast_solar_generation,Solar,2026-09-26T08:03:51Z
2026-09-26T08:01:56Z,2026-09-26T10:01:56+0200,82b2df9a-ef8d-4b87-b518-3a042f7bcca1,2026-09-22T10:00:00Z,2026-09-22T12:00:00+0200,727.538333,MW,DK2,DK_2,forecast_solar_generation,Solar,2026-09-26T08:03:51Z
2026-09-26T08:01:56Z,2026-09-26T10:01:56+0200,82b2df9a-ef8d-4b87-b518-3a042f7bcca1,2026-09-22T10:15:00Z,2026-09-22T12:15:00+0200,739.68,MW,DK2,DK_2,forecast_solar_generation,Solar,2026-09-26T08:03:51Z
2026-09-26T08:01:56Z,2026-09-26T10:01:56+0200,82b2df9a-ef8d-4b87-b518-3a042f7bcca1,2026-09-22T10:30:00Z,2026-09-22T12:30:00+0200,748.178333,MW,DK2,DK_2,forecast_solar_generation,Solar,2026-09-26T08:03:51Z
2026-09-26T08:01:56Z,2026-09-26T10:01:56+0200,82b2df9a-ef8d-4b87-b518-3a042f7bcca1,2026-09-22T10:45:00Z,2026-09-22T12:45:00+0200,753.439999,MW,DK2,DK_2,forecast_solar_generation,Solar,2026-09-26T08:03:51Z
2026-09-26T08:01:56Z,2026-09-26T10:01:56+0200,82b2df9a-ef8d-4b87-b518-3a042f7bcca1,2026-09-22T11:00:00Z,2026-09-22T13:00:00+0200,755.468333,MW,DK2,DK_2,forecast_solar_generation,Solar,2026-09-26T08:03:51Z
2026-09-26T08:01:56Z,2026-09-26T10:01:56+0200,82b2df9a-ef8d-4b87-b518-3a042f7bcca1,2026-09-22T11:15:00Z,2026-09-22T13:15:00+0200,754.276666,MW,DK2,DK_2,forecast_solar_generation,Solar,2026-09-26T08:03:51Z
2026-09-26T08:01:56Z,2026-09-26T10:01:56+0200,82b2df9a-ef8d-4b87-b518-3a042f7bcca1,2026-09-22T11:30:00Z,2026-09-22T13:30:00+0200,749.881666,MW,DK2,DK_2,forecast_solar_generation,Solar,2026-09-26T08:03:51Z
2026-09-26T08:01:56Z,2026-09-26T10:01:56+0200,82b2df9a-ef8d-4b87-b518-3a042f7bcca1,2026-09-22T11:45:00Z,2026-09-22T13:45:00+0200,742.181666,MW,DK2,DK_2,forecast_solar_generation,Solar,2026-09-26T08:03:51Z
2026-09-26T08:01:56Z,2026-09-26T10:01:56+0200,82b2df9a-ef8d-4b87-b518-3a042f7bcca1,2026-09-22T12:00:00Z,2026-09-22T14:00:00+0200,731.016666,MW,DK2,DK_2,forecast_solar_generation,Solar,2026-09-26T08:03:51Z
2026-09-26T08:01:56Z,2026-09-26T10:01:56+0200,82b2df9a-ef8d-4b87-b518-3a042f7bcca1,2026-09-22T12:15:00Z,2026-09-22T14:15:00+0200,716.03,MW,DK2,DK_2,forecast_solar_generation,Solar,2026-09-26T08:03:51Z
2026-09-26T08:01:56Z,2026-09-26T10:01:56+0200,82b2df9a-ef8d-4b87-b518-3a042f7bcca1,2026-09-22T12:30:00Z,2026-09-22T14:30:00+0200,696.836666,MW,DK2,DK_2,forecast_solar_generation,Solar,2026-09-26T08:03:51Z
2026-09-26T08:01:56Z,2026-09-26T10:01:56+0200,82b2df9a-ef8d-4b87-b518-3a042f7bcca1,2026-09-22T12:45:00Z,2026-09-22T14:45:00+0200,673.343333,MW,DK2,DK_2,forecast_solar_generation,Solar,2026-09-26T08:03:51Z
2026-09-26T08:01:56Z,2026-09-26T10:01:56+0200,82b2df9a-ef8d-4b87-b518-3a042f7bcca1,2026-09-22T13:00:00Z,2026-09-22T15:00:00+0200,646.155,MW,DK2,DK_2,forecast_solar_generation,Solar,2026-09-26T08:03:51Z
2026-09-26T08:01:56Z,2026-09-26T10:01:56+0200,82b2df9a-ef8d-4b87-b518-3a042f7bcca1,2026-09-22T13:15:00Z,2026-09-22T15:15:00+0200,615.391666,MW,DK2,DK_2,forecast_solar_generation,Solar,2026-09-26T08:03:51Z
2026-09-26T08:01:56Z,2026-09-26T10:01:56+0200,82b2df9a-ef8d-4b87-b518-3a042f7bcca1,2026-09-22T13:30:00Z,2026-09-22T15:30:00+0200,581.081666,MW,DK2,DK_2,forecast_solar_generation,Solar,2026-09-26T08:03:51Z
2026-09-26T08:01:56Z,2026-09-26T10:01:56+0200,82b2df9a-ef8d-4b87-b518-3a042f7bcca1,2026-09-22T13:45:00Z,2026-09-22T15:45:00+0200,543.42,MW,DK2,DK_2,forecast_solar_generation,Solar,2026-09-26T08:03:51Z
2026-09-26T08:01:56Z,2026-09-26T10:01:56+0200,82b2df9a-ef8d-4b87-b518-3a042f7bcca1,2026-09-22T14:00:00Z,2026-09-22T16:00:00+0200,502.188333,MW,DK2,DK_2,forecast_solar_generation,Solar,2026-09-26T08:03:51Z
2026-09-26T08:01:56Z,2026-09-26T10:01:56+0200,82b2df9a-ef8d-4b87-b518-3a042f7bcca1,2026-09-22T14:15:00Z,2026-09-22T16:15:00+0200,457.261666,MW,DK2,DK_2,forecast_solar_generation,Solar,2026-09-26T08:03:51Z
2026-09-26T08:01:56Z,2026-09-26T10:01:56+0200,82b2df9a-ef8d-4b87-b518-3a042f7bcca1,2026-09-22T14:30:00Z,2026-09-22T16:30:00+0200,408.918333,MW,DK2,DK_2,forecast_solar_generation,Solar,2026-09-26T08:03:51Z
2026-09-26T08:01:56Z,2026-09-26T10:01:56+0200,82b2df9a-ef8d-4b87-b518-3a042f7bcca1,2026-09-22T14:45:00Z,2026-09-22T16:45:00+0200,358.108333,MW,DK2,DK_2,forecast_solar_generation,Solar,2026-09-26T08:03:51Z
2026-09-26T08:01:56Z,2026-09-26T10:01:56+0200,82b2df9a-ef8d-4b87-b518-3a042f7bcca1,2026-09-22T15:00:00Z,2026-09-22T17:00:00+0200,305.576666,MW,DK2,DK_2,forecast_solar_generation,Solar,2026-09-26T08:03:51Z
2026-09-26T08:01:56Z,2026-09-26T10:01:56+0200,82b2df9a-ef8d-4b87-b518-3a042f7bcca1,2026-09-22T15:15:00Z,2026-09-22T17:15:00+0200,252.14,MW,DK2,DK_2,forecast_solar_generation,Solar,2026-09-26T08:03:51Z
2026-09-26T08:01:56Z,2026-09-26T10:01:56+0200,82b2df9a-ef8d-4b87-b518-3a042f7bcca1,2026-09-22T15:30:00Z,2026-09-22T17:30:00+0200,198.793333,MW,DK2,DK_2,forecast_solar_generation,Solar,2026-09-26T08:03:51Z
2026-09-26T08:01:56Z,2026-09-26T10:01:56+0200,82b2df9a-ef8d-4b87-b518-3a042f7bcca1,2026-09-22T15:45:00Z,2026-09-22T17:45:00+0200,147.265,MW,DK2,DK_2,forecast_solar_generation,Solar,2026-09-26T08:03:51Z
2026-09-26T08:01:56Z,2026-09-26T10:01:56+0200,82b2df9a-ef8d-4b87-b518-3a042f7bcca1,2026-09-22T16:00:00Z,2026-09-22T18:00:00+0200,100.253333,MW,DK2,DK_2,forecast_solar_generation,Solar,2026-09-26T08:03:51Z
2026-09-26T08:01:56Z,2026-09-26T10:01:56+0200,82b2df9a-ef8d-4b87-b518-3a042f7bcca1,2026-09-22T16:15:00Z,2026-09-22T18:15:00+0200,59.363333,MW,DK2,DK_2,forecast_solar_generation,Solar,2026-09-26T08:03:51Z
2026-09-26T08:01:56Z,2026-09-26T10:01:56+0200,82b2df9a-ef8d-4b87-b518-3a042f7bcca1,2026-09-22T16:30:00Z,2026-09-22T18:30:00+0200,26.358333,MW,DK2,DK_2,forecast_solar_generation,Solar,2026-09-26T08:03:51Z
2026-09-26T08:01:56Z,2026-09-26T10:01:56+0200,82b2df9a-ef8d-4b87-b518-3a042f7bcca1,2026-09-22T16:45:00Z,2026-09-22T18:45:00+0200,5.295,MW,DK2,DK_2,forecast_solar_generation,Solar,2026-09-26T08:03:51Z
2026-09-26T08:01:56Z,2026-09-26T10:01:56+0200,82b2df9a-ef8d-4b87-b518-3a042f7bcca1,2026-09-22T17:00:00Z,2026-09-22T19:00:00+0200,0.151666,MW,DK2,DK_2,forecast_solar_generation,Solar,2026-09-26T08:03:51Z
2026-09-26T08:01:56Z,2026-09-26T10:01:56+0200,82b2df9a-ef8d-4b87-b518-3a042f7bcca1,2026-09-22T17:15:00Z,2026-09-22T19:15:00+0200,0.0,MW,DK2,DK_2,forecast_solar_generation,Solar,2026-09-26T08:03:51Z
2026-09-26T08:01:56Z,2026-09-26T10:01:56+0200,82b2df9a-ef8d-4b87-b518-3a042f7bcca1,2026-09-22T17:30:00Z,2026-09-22T19:30:00+0200,0.0,MW,DK2,DK_2,forecast_solar_generation,Solar,2026-09-26T08:03:51Z
2026-09-26T08:01:56Z,2026-09-26T10:01:56+0200,82b2df9a-ef8d-4b87-b518-3a042f7bcca1,2026-09-22T17:45:00Z,2026-09-22T19:45:00+0200,0.0,MW,DK2,DK_2,forecast_solar_generation,Solar,2026-09-26T08:03:51Z
2026-09-26T08:01:56Z,2026-09-26T10:01:56+0200,82b2df9a-ef8d-4b87-b518-3a042f7bcca1,2026-09-22T18:00:00Z,2026-09-22T20:00:00+0200,0.0,MW,DK2,DK_2,forecast_solar_generation,Solar,2026-09-26T08:03:51Z
2026-09-26T08:01:56Z,2026-09-26T10:01:56+0200,82b2df9a-ef8d-4b87-b518-3a042f7bcca1,2026-09-22T18:15:00Z,2026-09-22T20:15:00+0200,0.0,MW,DK2,DK_2,forecast_solar_generation,Solar,2026-09-26T08:03:51Z
2026-09-26T08:01:56Z,2026-09-26T10:01:56+0200,82b2df9a-ef8d-4b87-b518-3a042f7bcca1,2026-09-22T18:30:00Z,2026-09-22T20:30:00+0200,0.0,MW,DK2,DK_2,forecast_solar_generation,Solar,2026-09-26T08:03:51Z
2026-09-26T08:01:56Z,2026-09-26T10:01:56+0200,82b2df9a-ef8d-4b87-b518-3a042f7bcca1,2026-09-22T18:45:00Z,2026-09-22T20:45:00+0200,0.0,MW,DK2,DK_2,forecast_solar_generation,Solar,2026-09-26T08:03:51Z
2026-09-26T08:01:56Z,2026-09-26T10:01:56+0200,82b2df9a-ef8d-4b87-b518-3a042f7bcca1,2026-09-22T19:00:00Z,2026-09-22T21:00:00+0200,0.0,MW,DK2,DK_2,forecast_solar_generation,Solar,2026-09-26T08:03:51Z
2026-09-26T08:01:56Z,2026-09-26T10:01:56+0200,82b2df9a-ef8d-4b87-b518-3a042f7bcca1,2026-09-22T19:15:00Z,2026-09-22T21:15:00+0200,0.0,MW,DK2,DK_2,forecast_solar_generation,Solar,2026-09-26T08:03:51Z
2026-09-26T08:01:56Z,2026-09-26T10:01:56+0200,82b2df9a-ef8d-4b87-b518-3a042f7bcca1,2026-09-22T19:30:00Z,2026-09-22T21:30:00+0200,0.0,MW,DK2,DK_2,forecast_solar_generation,Solar,2026-09-26T08:03:51Z
2026-09-26T08:01:56Z,2026-09-26T10:01:56+0200,82b2df9a-ef8d-4b87-b518-3a042f7bcca1,2026-09-22T19:45:00Z,2026-09-22T21:45:00+0200,0.0,MW,DK2,DK_2,forecast_solar_generation,Solar,2026-09-26T08:03:51Z
2026-09-26T08:01:56Z,2026-09-26T10:01:56+0200,82b2df9a-ef8d-4b87-b518-3a042f7bcca1,2026-09-22T20:00:00Z,2026-09-22T22:00:00+0200,0.0,MW,DK2,DK_2,forecast_solar_generation,Solar,2026-09-26T08:03:51Z
2026-09-26T08:01:56Z,2026-09-26T10:01:56+0200,82b2df9a-ef8d-4b87-b518-3a042f7bcca1,2026-09-22T20:15:00Z,2026-09-22T22:15:00+0200,0.0,MW,DK2,DK_2,forecast_solar_generation,Solar,2026-09-26T08:03:51Z
2026-09-26T08:01:56Z,2026-09-26T10:01:56+0200,82b2df9a-ef8d-4b87-b518-3a042f7bcca1,2026-09-22T20:30:00Z,2026-09-22T22:30:00+0200,0.0,MW,DK2,DK_2,forecast_solar_generation,Solar,2026-09-26T08:03:51Z
2026-09-26T08:01:56Z,2026-09-26T10:01:56+0200,82b2df9a-ef8d-4b87-b518-3a042f7bcca1,2026-09-22T20:45:00Z,2026-09-22T22:45:00+0200,0.0,MW,DK2,DK_2,forecast_solar_generation,Solar,2026-09-26T08:03:51Z
2026-09-26T08:01:56Z,2026-09-26T10:01:56+0200,82b2df9a-ef8d-4b87-b518-3a042f7bcca1,2026-09-22T21:00:00Z,2026-09-22T23:00:00+0200,0.0,MW,DK2,DK_2,forecast_solar_generation,Solar,2026-09-26T08:03:51Z
2026-09-26T08:01:56Z,2026-09-26T10:01:56+0200,82b2df9a-ef8d-4b87-b518-3a042f7bcca1,2026-09-22T21:15:00Z,2026-09-22T23:15:00+0200,0.0,MW,DK2,DK_2,forecast_solar_generation,Solar,2026-09-26T08:03:51Z
2026-09-26T08:01:56Z,2026-09-26T10:01:56+0200,82b2df9a-ef8d-4b87-b518-3a042f7bcca1,2026-09-22T21:30:00Z,2026-09-22T23:30:00+0200,0.0,MW,DK2,DK_2,forecast_solar_generation,Solar,2026-09-26T08:03:51Z
2026-09-26T08:01:56Z,2026-09-26T10:01:56+0200,82b2df9a-ef8d-4b87-b518-3a042f7bcca1,2026-09-22T21:45:00Z,2026-09-22T23:45:00+0200,0.0,MW,DK2,DK_2,forecast_solar_generation,Solar,2026-09-26T08:03:51Z
2026-09-26T08:01:56Z,2026-09-26T10:01:56+0200,82b2df9a-ef8d-4b87-b518-3a042f7bcca1,2026-09-22T22:00:00Z,2026-09-23T00:00:00+0200,0.0,MW,DK2,DK_2,forecast_solar_generation,Solar,2026-09-26T08:03:51Z
2026-09-26T08:01:56Z,2026-09-26T10:01:56+0200,82b2df9a-ef8d-4b87-b518-3a042f7bcca1,2026-09-22T22:15:00Z,2026-09-23T00:15:00+0200,0.0,MW,DK2,DK_2,forecast_solar_generation,Solar,2026-09-26T08:03:51Z
2026-09-26T08:01:56Z,2026-09-26T10:01:56+0200,82b2df9a-ef8d-4b87-b518-3a042f7bcca1,2026-09-22T22:30:00Z,2026-09-23T00:30:00+0200,0.0,MW,DK2,DK_2,forecast_solar_generation,Solar,2026-09-26T08:03:51Z
2026-09-26T08:01:56Z,2026-09-26T10:01:56+0200,82b2df9a-ef8d-4b87-b518-3a042f7bcca1,2026-09-22T22:45:00Z,2026-09-23T00:45:00+0200,0.0,MW,DK2,DK_2,forecast_solar_generation,Solar,2026-09-26T08:03:51Z
2026-09-26T08:01:56Z,2026-09-26T10:01:56+0200,82b2df9a-ef8d-4b87-b518-3a042f7bcca1,2026-09-22T23:00:00Z,2026-09-23T01:00:00+0200,0.0,MW,DK2,DK_2,forecast_solar_generation,Solar,2026-09-26T08:03:51Z
2026-09-26T08:01:56Z,2026-09-26T10:01:56+0200,82b2df9a-ef8d-4b87-b518-3a042f7bcca1,2026-09-22T23:15:00Z,2026-09-23T01:15:00+0200,0.0,MW,DK2,DK_2,forecast_solar_generation,Solar,2026-09-26T08:03:51Z
2026-09-26T08:01:56Z,2026-09-26T10:01:56+0200,82b2df9a-ef8d-4b87-b518-3a042f7bcca1,2026-09-22T23:30:00Z,2026-09-23T01:30:00+0200,0.0,MW,DK2,DK_2,forecast_solar_generation,Solar,2026-09-26T08:03:51Z
2026-09-26T08:01:56Z,2026-09-26T10:01:56+0200,82b2df9a-ef8d-4b87-b518-3a042f7bcca1,2026-09-22T23:45:00Z,2026-09-23T01:45:00+0200,0.0,MW,DK2,DK_2,forecast_solar_generation,Solar,2026-09-26T08:03:51Z
2026-09-26T08:01:56Z,2026-09-26T10:01:56+0200,82b2df9a-ef8d-4b87-b518-3a042f7bcca1,2026-09-23T00:00:00Z,2026-09-23T02:00:00+0200,0.0,MW,DK2,DK_2,forecast_solar_generation,Solar,2026-09-26T08:03:51Z
2026-09-26T08:01:56Z,2026-09-26T10:01:56+0200,82b2df9a-ef8d-4b87-b518-3a042f7bcca1,2026-09-23T00:15:00Z,2026-09-23T02:15:00+0200,0.0,MW,DK2,DK_2,forecast_solar_generation,Solar,2026-09-26T08:03:51Z
2026-09-26T08:01:56Z,2026-09-26T10:01:56+0200,82b2df9a-ef8d-4b87-b518-3a042f7bcca1,2026-09-23T00:30:00Z,2026-09-23T02:30:00+0200,0.0,MW,DK2,DK_2,forecast_solar_generation,Solar,2026-09-26T08:03:51Z
2026-09-26T08:01:56Z,2026-09-26T10:01:56+0200,82b2df9a-ef8d-4b87-b518-3a042f7bcca1,2026-09-23T00:45:00Z,2026-09-23T02:45:00+0200,0.0,MW,DK2,DK_2,forecast_solar_generation,Solar,2026-09-26T08:03:51Z
2026-09-26T08:01:56Z,2026-09-26T10:01:56+0200,82b2df9a-ef8d-4b87-b518-3a042f7bcca1,2026-09-23T01:00:00Z,2026-09-23T03:00:00+0200,0.0,MW,DK2,DK_2,forecast_solar_generation,Solar,2026-09-26T08:03:51Z
2026-09-26T08:01:56Z,2026-09-26T10:01:56+0200,82b2df9a-ef8d-4b87-b518-3a042f7bcca1,2026-09-23T01:15:00Z,2026-09-23T03:15:00+0200,0.0,MW,DK2,DK_2,forecast_solar_generation,Solar,2026-09-26T08:03:51Z
2026-09-26T08:01:56Z,2026-09-26T10:01:56+0200,82b2df9a-ef8d-4b87-b518-3a042f7bcca1,2026-09-23T01:30:00Z,2026-09-23T03:30:00+0200,0.0,MW,DK2,DK_2,forecast_solar_generation,Solar,2026-09-26T08:03:51Z
2026-09-26T08:01:56Z,2026-09-26T10:01:56+0200,82b2df9a-ef8d-4b87-b518-3a042f7bcca1,2026-09-23T01:45:00Z,2026-09-23T03:45:00+0200,0.0,MW,DK2,DK_2,forecast_solar_generation,Solar,2026-09-26T08:03:51Z
2026-09-26T08:01:56Z,2026-09-26T10:01:56+0200,82b2df9a-ef8d-4b87-b518-3a042f7bcca1,2026-09-23T02:00:00Z,2026-09-23T04:00:00+0200,0.0,MW,DK2,DK_2,forecast_solar_generation,Solar,2026-09-26T08:03:51Z
2026-09-26T08:01:56Z,2026-09-26T10:01:56+0200,82b2df9a-ef8d-4b87-b518-3a042f7bcca1,2026-09-23T02:15:00Z,2026-09-23T04:15:00+0200,0.0,MW,DK2,DK_2,forecast_solar_generation,Solar,2026-09-26T08:03:51Z
2026-09-26T08:01:56Z,2026-09-26T10:01:56+0200,82b2df9a-ef8d-4b87-b518-3a042f7bcca1,2026-09-23T02:30:00Z,2026-09-23T04:30:00+0200,0.0,MW,DK2,DK_2,forecast_solar_generation,Solar,2026-09-26T08:03:51Z
2026-09-26T08:01:56Z,2026-09-26T10:01:56+0200,82b2df9a-ef8d-4b87-b518-3a042f7bcca1,2026-09-23T02:45:00Z,2026-09-23T04:45:00+0200,0.0,MW,DK2,DK_2,forecast_solar_generation,Solar,2026-09-26T08:03:51Z
2026-09-26T08:01:56Z,2026-09-26T10:01:56+0200,82b2df9a-ef8d-4b87-b518-3a042f7bcca1,2026-09-23T03:00:00Z,2026-09-23T05:00:00+0200,0.0,MW,DK2,DK_2,forecast_solar_generation,Solar,2026-09-26T08:03:51Z
2026-09-26T08:01:56Z,2026-09-26T10:01:56+0200,82b2df9a-ef8d-4b87-b518-3a042f7bcca1,2026-09-23T03:15:00Z,2026-09-23T05:15:00+0200,0.0,MW,DK2,DK_2,forecast_solar_generation,Solar,2026-09-26T08:03:51Z
2026-09-26T08:01:56Z,2026-09-26T10:01:56+0200,82b2df9a-ef8d-4b87-b518-3a042f7bcca1,2026-09-23T03:30:00Z,2026-09-23T05:30:00+0200,0.0,MW,DK2,DK_2,forecast_solar_generation,Solar,2026-09-26T08:03:51Z
2026-09-26T08:01:56Z,2026-09-26T10:01:56+0200,82b2df9a-ef8d-4b87-b518-3a042f7bcca1,2026-09-23T03:45:00Z,2026-09-23T05:45:00+0200,0.0,MW,DK2,DK_2,forecast_solar_generation,Solar,2026-09-26T08:03:51Z
2026-09-26T08:01:56Z,2026-09-26T10:01:56+0200,82b2df9a-ef8d-4b87-b518-3a042f7bcca1,2026-09-23T04:00:00Z,2026-09-23T06:00:00+0200,0.0,MW,DK2,DK_2,forecast_solar_generation,Solar,2026-09-26T08:03:51Z
2026-09-26T08:01:56Z,2026-09-26T10:01:56+0200,82b2df9a-ef8d-4b87-b518-3a042f7bcca1,2026-09-23T04:15:00Z,2026-09-23T06:15:00+0200,0.0,MW,DK2,DK_2,forecast_solar_generation,Solar,2026-09-26T08:03:51Z
2026-09-26T08:01:56Z,2026-09-26T10:01:56+0200,82b2df9a-ef8d-4b87-b518-3a042f7bcca1,2026-09-23T04:30:00Z,2026-09-23T06:30:00+0200,0.0,MW,DK2,DK_2,forecast_solar_generation,Solar,2026-09-26T08:03:51Z
2026-09-26T08:01:56Z,2026-09-26T10:01:56+0200,82b2df9a-ef8d-4b87-b518-3a042f7bcca1,2026-09-23T04:45:00Z,2026-09-23T06:45:00+0200,0.003333,MW,DK2,DK_2,forecast_solar_generation,Solar,2026-09-26T08:03:51Z
2026-09-26T08:01:56Z,2026-09-26T10:01:56+0200,82b2df9a-ef8d-4b87-b518-3a042f7bcca1,2026-09-23T05:00:00Z,2026-09-23T07:00:00+0200,0.618333,MW,DK2,DK_2,forecast_solar_generation,Solar,2026-09-26T08:03:51Z
2026-09-26T08:01:56Z,2026-09-26T10:01:56+0200,82b2df9a-ef8d-4b87-b518-3a042f7bcca1,2026-09-23T05:15:00Z,2026-09-23T07:15:00+0200,8.196666,MW,DK2,DK_2,forecast_solar_generation,Solar,2026-09-26T08:03:51Z
2026-09-26T08:01:56Z,2026-09-26T10:01:56+0200,82b2df9a-ef8d-4b87-b518-3a042f7bcca1,2026-09-23T05:30:00Z,2026-09-23T07:30:00+0200,28.936666,MW,DK2,DK_2,forecast_solar_generation,Solar,2026-09-26T08:03:51Z
2026-09-26T08:01:56Z,2026-09-26T10:01:56+0200,82b2df9a-ef8d-4b87-b518-3a042f7bcca1,2026-09-23T05:45:00Z,2026-09-23T07:45:00+0200,56.163333,MW,DK2,DK_2,forecast_solar_generation,Solar,2026-09-26T08:03:51Z
2026-09-26T08:01:56Z,2026-09-26T10:01:56+0200,82b2df9a-ef8d-4b87-b518-3a042f7bcca1,2026-09-23T06:00:00Z,2026-09-23T08:00:00+0200,86.075,MW,DK2,DK_2,forecast_solar_generation,Solar,2026-09-26T08:03:51Z
2026-09-26T08:01:56Z,2026-09-26T10:01:56+0200,82b2df9a-ef8d-4b87-b518-3a042f7bcca1,2026-09-23T06:15:00Z,2026-09-23T08:15:00+0200,116.883333,MW,DK2,DK_2,forecast_solar_generation,Solar,2026-09-26T08:03:51Z
2026-09-26T08:01:56Z,2026-09-26T10:01:56+0200,82b2df9a-ef8d-4b87-b518-3a042f7bcca1,2026-09-23T06:30:00Z,2026-09-23T08:30:00+0200,147.256666,MW,DK2,DK_2,forecast_solar_generation,Solar,2026-09-26T08:03:51Z
2026-09-26T08:01:56Z,2026-09-26T10:01:56+0200,82b2df9a-ef8d-4b87-b518-3a042f7bcca1,2026-09-23T06:45:00Z,2026-09-23T08:45:00+0200,172.771666,MW,DK2,DK_2,forecast_solar_generation,Solar,2026-09-26T08:03:51Z
2026-09-26T08:01:56Z,2026-09-26T10:01:56+0200,82b2df9a-ef8d-4b87-b518-3a042f7bcca1,2026-09-23T07:00:00Z,2026-09-23T09:00:00+0200,193.076666,MW,DK2,DK_2,forecast_solar_generation,Solar,2026-09-26T08:03:51Z
2026-09-26T08:01:56Z,2026-09-26T10:01:56+0200,82b2df9a-ef8d-4b87-b518-3a042f7bcca1,2026-09-23T07:15:00Z,2026-09-23T09:15:00+0200,209.708333,MW,DK2,DK_2,forecast_solar_generation,Solar,2026-09-26T08:03:51Z
2026-09-26T08:01:56Z,2026-09-26T10:01:56+0200,82b2df9a-ef8d-4b87-b518-3a042f7bcca1,2026-09-23T07:30:00Z,2026-09-23T09:30:00+0200,225.495,MW,DK2,DK_2,forecast_solar_generation,Solar,2026-09-26T08:03:51Z
2026-09-26T08:01:56Z,2026-09-26T10:01:56+0200,82b2df9a-ef8d-4b87-b518-3a042f7bcca1,2026-09-23T07:45:00Z,2026-09-23T09:45:00+0200,235.671666,MW,DK2,DK_2,forecast_solar_generation,Solar,2026-09-26T08:03:51Z
2026-09-26T08:01:56Z,2026-09-26T10:01:56+0200,82b2df9a-ef8d-4b87-b518-3a042f7bcca1,2026-09-23T08:00:00Z,2026-09-23T10:00:00+0200,240.309999,MW,DK2,DK_2,forecast_solar_generation,Solar,2026-09-26T08:03:51Z
2026-09-26T08:01:56Z,2026-09-26T10:01:56+0200,82b2df9a-ef8d-4b87-b518-3a042f7bcca1,2026-09-23T08:15:00Z,2026-09-23T10:15:00+0200,242.823333,MW,DK2,DK_2,forecast_solar_generation,Solar,2026-09-26T08:03:51Z
2026-09-26T08:01:56Z,2026-09-26T10:01:56+0200,82b2df9a-ef8d-4b87-b518-3a042f7bcca1,2026-09-23T08:30:00Z,2026-09-23T10:30:00+0200,245.733333,MW,DK2,DK_2,forecast_solar_generation,Solar,2026-09-26T08:03:51Z
2026-09-26T08:01:56Z,2026-09-26T10:01:56+0200,82b2df9a-ef8d-4b87-b518-3a042f7bcca1,2026-09-23T08:45:00Z,2026-09-23T10:45:00+0200,245.863333,MW,DK2,DK_2,forecast_solar_generation,Solar,2026-09-26T08:03:51Z
2026-09-26T08:01:56Z,2026-09-26T10:01:56+0200,82b2df9a-ef8d-4b87-b518-3a042f7bcca1,2026-09-23T09:00:00Z,2026-09-23T11:00:00+0200,243.471666,MW,DK2,DK_2,forecast_solar_generation,Solar,2026-09-26T08:03:51Z
2026-09-26T08:01:56Z,2026-09-26T10:01:56+0200,82b2df9a-ef8d-4b87-b518-3a042f7bcca1,2026-09-23T09:15:00Z,2026-09-23T11:15:00+0200,240.995,MW,DK2,DK_2,forecast_solar_generation,Solar,2026-09-26T08:03:51Z
2026-09-26T08:01:56Z,2026-09-26T10:01:56+0200,82b2df9a-ef8d-4b87-b518-3a042f7bcca1,2026-09-23T09:30:00Z,2026-09-23T11:30:00+0200,239.965,MW,DK2,DK_2,forecast_solar_generation,Solar,2026-09-26T08:03:51Z
2026-09-26T08:01:56Z,2026-09-26T10:01:56+0200,82b2df9a-ef8d-4b87-b518-3a042f7bcca1,2026-09-23T09:45:00Z,2026-09-23T11:45:00+0200,238.656666,MW,DK2,DK_2,forecast_solar_generation,Solar,2026-09-26T08:03:51Z
2026-09-26T08:01:56Z,2026-09-26T10:01:56+0200,82b2df9a-ef8d-4b87-b518-3a042f7bcca1,2026-09-23T10:00:00Z,2026-09-23T12:00:00+0200,237.048333,MW,DK2,DK_2,forecast_solar_generation,Solar,2026-09-26T08:03:51Z
2026-09-26T08:01:56Z,2026-09-26T10:01:56+0200,82b2df9a-ef8d-4b87-b518-3a042f7bcca1,2026-09-23T10:15:00Z,2026-09-23T12:15:00+0200,235.966666,MW,DK2,DK_2,forecast_solar_generation,Solar,2026-09-26T08:03:51Z
2026-09-26T08:01:56Z,2026-09-26T10:01:56+0200,82b2df9a-ef8d-4b87-b518-3a042f7bcca1,2026-09-23T10:30:00Z,2026-09-23T12:30:00+0200,235.911666,MW,DK2,DK_2,forecast_solar_generation,Solar,2026-09-26T08:03:51Z
2026-09-26T08:01:56Z,2026-09-26T10:01:56+0200,82b2df9a-ef8d-4b87-b518-3a042f7bcca1,2026-09-23T10:45:00Z,2026-09-23T12:45:00+0200,236.326666,MW,DK2,DK_2,forecast_solar_generation,Solar,2026-09-26T08:03:51Z
2026-09-26T08:01:56Z,2026-09-26T10:01:56+0200,82b2df9a-ef8d-4b87-b518-3a042f7bcca1,2026-09-23T11:00:00Z,2026-09-23T13:00:00+0200,237.155,MW,DK2,DK_2,forecast_solar_generation,Solar,2026-09-26T08:03:51Z
2026-09-26T08:01:56Z,2026-09-26T10:01:56+0200,82b2df9a-ef8d-4b87-b518-3a042f7bcca1,2026-09-23T11:15:00Z,2026-09-23T13:15:00+0200,238.611666,MW,DK2,DK_2,forecast_solar_generation,Solar,2026-09-26T08:03:51Z
2026-09-26T08:01:56Z,2026-09-26T10:01:56+0200,82b2df9a-ef8d-4b87-b518-3a042f7bcca1,2026-09-23T11:30:00Z,2026-09-23T13:30:00+0200,241.035,MW,DK2,DK_2,forecast_solar_generation,Solar,2026-09-26T08:03:51Z
2026-09-26T08:01:56Z,2026-09-26T10:01:56+0200,82b2df9a-ef8d-4b87-b518-3a042f7bcca1,2026-09-23T11:45:00Z,2026-09-23T13:45:00+0200,243.791666,MW,DK2,DK_2,forecast_solar_generation,Solar,2026-09-26T08:03:51Z
2026-09-26T08:01:56Z,2026-09-26T10:01:56+0200,82b2df9a-ef8d-4b87-b518-3a042f7bcca1,2026-09-23T12:00:00Z,2026-09-23T14:00:00+0200,246.713333,MW,DK2,DK_2,forecast_solar_generation,Solar,2026-09-26T08:03:51Z
2026-09-26T08:01:56Z,2026-09-26T10:01:56+0200,82b2df9a-ef8d-4b87-b518-3a042f7bcca1,2026-09-23T12:15:00Z,2026-09-23T14:15:00+0200,248.426666,MW,DK2,DK_2,forecast_solar_generation,Solar,2026-09-26T08:03:51Z
2026-09-26T08:01:56Z,2026-09-26T10:01:56+0200,82b2df9a-ef8d-4b87-b518-3a042f7bcca1,2026-09-23T12:30:00Z,2026-09-23T14:30:00+0200,248.583333,MW,DK2,DK_2,forecast_solar_generation,Solar,2026-09-26T08:03:51Z
2026-09-26T08:01:56Z,2026-09-26T10:01:56+0200,82b2df9a-ef8d-4b87-b518-3a042f7bcca1,2026-09-23T12:45:00Z,2026-09-23T14:45:00+0200,248.37,MW,DK2,DK_2,forecast_solar_generation,Solar,2026-09-26T08:03:51Z
2026-09-26T08:01:56Z,2026-09-26T10:01:56+0200,82b2df9a-ef8d-4b87-b518-3a042f7bcca1,2026-09-23T13:00:00Z,2026-09-23T15:00:00+0200,246.591666,MW,DK2,DK_2,forecast_solar_generation,Solar,2026-09-26T08:03:51Z
2026-09-26T08:01:56Z,2026-09-26T10:01:56+0200,82b2df9a-ef8d-4b87-b518-3a042f7bcca1,2026-09-23T13:15:00Z,2026-09-23T15:15:00+0200,241.301666,MW,DK2,DK_2,forecast_solar_generation,Solar,2026-09-26T08:03:51Z
2026-09-26T08:01:56Z,2026-09-26T10:01:56+0200,82b2df9a-ef8d-4b87-b518-3a042f7bcca1,2026-09-23T13:30:00Z,2026-09-23T15:30:00+0200,231.42,MW,DK2,DK_2,forecast_solar_generation,Solar,2026-09-26T08:03:51Z
2026-09-26T08:01:56Z,2026-09-26T10:01:56+0200,82b2df9a-ef8d-4b87-b518-3a042f7bcca1,2026-09-23T13:45:00Z,2026-09-23T15:45:00+0200,218.546666,MW,DK2,DK_2,forecast_solar_generation,Solar,2026-09-26T08:03:51Z
2026-09-26T08:01:56Z,2026-09-26T10:01:56+0200,82b2df9a-ef8d-4b87-b518-3a042f7bcca1,2026-09-23T14:00:00Z,2026-09-23T16:00:00+0200,203.683333,MW,DK2,DK_2,forecast_solar_generation,Solar,2026-09-26T08:03:51Z
2026-09-26T08:01:56Z,2026-09-26T10:01:56+0200,82b2df9a-ef8d-4b87-b518-3a042f7bcca1,2026-09-23T14:15:00Z,2026-09-23T16:15:00+0200,187.275,MW,DK2,DK_2,forecast_solar_generation,Solar,2026-09-26T08:03:51Z
2026-09-26T08:01:56Z,2026-09-26T10:01:56+0200,82b2df9a-ef8d-4b87-b518-3a042f7bcca1,2026-09-23T14:30:00Z,2026-09-23T16:30:00+0200,169.621666,MW,DK2,DK_2,forecast_solar_generation,Solar,2026-09-26T08:03:51Z
2026-09-26T08:01:56Z,2026-09-26T10:01:56+0200,82b2df9a-ef8d-4b87-b518-3a042f7bcca1,2026-09-23T14:45:00Z,2026-09-23T16:45:00+0200,150.806666,MW,DK2,DK_2,forecast_solar_generation,Solar,2026-09-26T08:03:51Z
2026-09-26T08:01:56Z,2026-09-26T10:01:56+0200,82b2df9a-ef8d-4b87-b518-3a042f7bcca1,2026-09-23T15:00:00Z,2026-09-23T17:00:00+0200,130.943333,MW,DK2,DK_2,forecast_solar_generation,Solar,2026-09-26T08:03:51Z
2026-09-26T08:01:56Z,2026-09-26T10:01:56+0200,82b2df9a-ef8d-4b87-b518-3a042f7bcca1,2026-09-23T15:15:00Z,2026-09-23T17:15:00+0200,110.191666,MW,DK2,DK_2,forecast_solar_generation,Solar,2026-09-26T08:03:51Z
2026-09-26T08:01:56Z,2026-09-26T10:01:56+0200,82b2df9a-ef8d-4b87-b518-3a042f7bcca1,2026-09-23T15:30:00Z,2026-09-23T17:30:00+0200,89.453333,MW,DK2,DK_2,forecast_solar_generation,Solar,2026-09-26T08:03:51Z
2026-09-26T08:01:56Z,2026-09-26T10:01:56+0200,82b2df9a-ef8d-4b87-b518-3a042f7bcca1,2026-09-23T15:45:00Z,2026-09-23T17:45:00+0200,70.074999,MW,DK2,DK_2,forecast_solar_generation,Solar,2026-09-26T08:03:51Z
2026-09-26T08:01:56Z,2026-09-26T10:01:56+0200,82b2df9a-ef8d-4b87-b518-3a042f7bcca1,2026-09-23T16:00:00Z,2026-09-23T18:00:00+0200,50.296666,MW,DK2,DK_2,forecast_solar_generation,Solar,2026-09-26T08:03:51Z
2026-09-26T08:01:56Z,2026-09-26T10:01:56+0200,82b2df9a-ef8d-4b87-b518-3a042f7bcca1,2026-09-23T16:15:00Z,2026-09-23T18:15:00+0200,30.025,MW,DK2,DK_2,forecast_solar_generation,Solar,2026-09-26T08:03:51Z
2026-09-26T08:01:56Z,2026-09-26T10:01:56+0200,82b2df9a-ef8d-4b87-b518-3a042f7bcca1,2026-09-23T16:30:00Z,2026-09-23T18:30:00+0200,12.083333,MW,DK2,DK_2,forecast_solar_generation,Solar,2026-09-26T08:03:51Z
2026-09-26T08:01:56Z,2026-09-26T10:01:56+0200,82b2df9a-ef8d-4b87-b518-3a042f7bcca1,2026-09-23T16:45:00Z,2026-09-23T18:45:00+0200,1.688333,MW,DK2,DK_2,forecast_solar_generation,Solar,2026-09-26T08:03:51Z
2026-09-26T08:01:56Z,2026-09-26T10:01:56+0200,82b2df9a-ef8d-4b87-b518-3a042f7bcca1,2026-09-23T17:00:00Z,2026-09-23T19:00:00+0200,0.035,MW,DK2,DK_2,forecast_solar_generation,Solar,2026-09-26T08:03:51Z
2026-09-26T08:01:56Z,2026-09-26T10:01:56+0200,82b2df9a-ef8d-4b87-b518-3a042f7bcca1,2026-09-23T17:15:00Z,2026-09-23T19:15:00+0200,0.0,MW,DK2,DK_2,forecast_solar_generation,Solar,2026-09-26T08:03:51Z
2026-09-26T08:01:56Z,2026-09-26T10:01:56+0200,82b2df9a-ef8d-4b87-b518-3a042f7bcca1,2026-09-23T17:30:00Z,2026-09-23T19:30:00+0200,0.0,MW,DK2,DK_2,forecast_solar_generation,Solar,2026-09-26T08:03:51Z
2026-09-26T08:01:56Z,2026-09-26T10:01:56+0200,82b2df9a-ef8d-4b87-b518-3a042f7bcca1,2026-09-23T17:45:00Z,2026-09-23T19:45:00+0200,0.0,MW,DK2,DK_2,forecast_solar_generation,Solar,2026-09-26T08:03:51Z
2026-09-26T08:01:56Z,2026-09-26T10:01:56+0200,82b2df9a-ef8d-4b87-b518-3a042f7bcca1,2026-09-23T18:00:00Z,2026-09-23T20:00:00+0200,0.0,MW,DK2,DK_2,forecast_solar_generation,Solar,2026-09-26T08:03:51Z
2026-09-26T08:01:56Z,2026-09-26T10:01:56+0200,82b2df9a-ef8d-4b87-b518-3a042f7bcca1,2026-09-23T18:15:00Z,2026-09-23T20:15:00+0200,0.0,MW,DK2,DK_2,forecast_solar_generation,Solar,2026-09-26T08:03:51Z
2026-09-26T08:01:56Z,2026-09-26T10:01:56+0200,82b2df9a-ef8d-4b87-b518-3a042f7bcca1,2026-09-23T18:30:00Z,2026-09-23T20:30:00+0200,0.0,MW,DK2,DK_2,forecast_solar_generation,Solar,2026-09-26T08:03:51Z
2026-09-26T08:01:56Z,2026-09-26T10:01:56+0200,82b2df9a-ef8d-4b87-b518-3a042f7bcca1,2026-09-23T18:45:00Z,2026-09-23T20:45:00+0200,0.0,MW,DK2,DK_2,forecast_solar_generation,Solar,2026-09-26T08:03:51Z
2026-09-26T08:01:56Z,2026-09-26T10:01:56+0200,82b2df9a-ef8d-4b87-b518-3a042f7bcca1,2026-09-23T19:00:00Z,2026-09-23T21:00:00+0200,0.0,MW,DK2,DK_2,forecast_solar_generation,Solar,2026-09-26T08:03:51Z
2026-09-26T08:01:56Z,2026-09-26T10:01:56+0200,82b2df9a-ef8d-4b87-b518-3a042f7bcca1,2026-09-23T19:15:00Z,2026-09-23T21:15:00+0200,0.0,MW,DK2,DK_2,forecast_solar_generation,Solar,2026-09-26T08:03:51Z
2026-09-26T08:01:56Z,2026-09-26T10:01:56+0200,82b2df9a-ef8d-4b87-b518-3a042f7bcca1,2026-09-23T19:30:00Z,2026-09-23T21:30:00+0200,0.0,MW,DK2,DK_2,forecast_solar_generation,Solar,2026-09-26T08:03:51Z
2026-09-26T08:01:56Z,2026-09-26T10:01:56+0200,82b2df9a-ef8d-4b87-b518-3a042f7bcca1,2026-09-23T19:45:00Z,2026-09-23T21:45:00+0200,0.0,MW,DK2,DK_2,forecast_solar_generation,Solar,2026-09-26T08:03:51Z
2026-09-26T08:01:56Z,2026-09-26T10:01:56+0200,82b2df9a-ef8d-4b87-b518-3a042f7bcca1,2026-09-23T20:00:00Z,2026-09-23T22:00:00+0200,0.0,MW,DK2,DK_2,forecast_solar_generation,Solar,2026-09-26T08:03:51Z
2026-09-26T08:01:56Z,2026-09-26T10:01:56+0200,82b2df9a-ef8d-4b87-b518-3a042f7bcca1,2026-09-23T20:15:00Z,2026-09-23T22:15:00+0200,0.0,MW,DK2,DK_2,forecast_solar_generation,Solar,2026-09-26T08:03:51Z
2026-09-26T08:01:56Z,2026-09-26T10:01:56+0200,82b2df9a-ef8d-4b87-b518-3a042f7bcca1,2026-09-23T20:30:00Z,2026-09-23T22:30:00+0200,0.0,MW,DK2,DK_2,forecast_solar_generation,Solar,2026-09-26T08:03:51Z
2026-09-26T08:01:56Z,2026-09-26T10:01:56+0200,82b2df9a-ef8d-4b87-b518-3a042f7bcca1,2026-09-23T20:45:00Z,2026-09-23T22:45:00+0200,0.0,MW,DK2,DK_2,forecast_solar_generation,Solar,2026-09-26T08:03:51Z
2026-09-26T08:01:56Z,2026-09-26T10:01:56+0200,82b2df9a-ef8d-4b87-b518-3a042f7bcca1,2026-09-23T21:00:00Z,2026-09-23T23:00:00+0200,0.0,MW,DK2,DK_2,forecast_solar_generation,Solar,2026-09-26T08:03:51Z
2026-09-26T08:01:56Z,2026-09-26T10:01:56+0200,82b2df9a-ef8d-4b87-b518-3a042f7bcca1,2026-09-23T21:15:00Z,2026-09-23T23:15:00+0200,0.0,MW,DK2,DK_2,forecast_solar_generation,Solar,2026-09-26T08:03:51Z
2026-09-26T08:01:56Z,2026-09-26T10:01:56+0200,82b2df9a-ef8d-4b87-b518-3a042f7bcca1,2026-09-23T21:30:00Z,2026-09-23T23:30:00+0200,0.0,MW,DK2,DK_2,forecast_solar_generation,Solar,2026-09-26T08:03:51Z
2026-09-26T08:01:56Z,2026-09-26T10:01:56+0200,82b2df9a-ef8d-4b87-b518-3a042f7bcca1,2026-09-23T21:45:00Z,2026-09-23T23:45:00+0200,0.0,MW,DK2,DK_2,forecast_solar_generation,Solar,2026-09-26T08:03:51Z
2026-09-26T08:01:56Z,2026-09-26T10:01:56+0200,82b2df9a-ef8d-4b87-b518-3a042f7bcca1,2026-09-23T22:00:00Z,2026-09-24T00:00:00+0200,0.0,MW,DK2,DK_2,forecast_solar_generation,Solar,2026-09-26T08:03:51Z
2026-09-26T08:01:56Z,2026-09-26T10:01:56+0200,82b2df9a-ef8d-4b87-b518-3a042f7bcca1,2026-09-23T22:15:00Z,2026-09-24T00:15:00+0200,0.0,MW,DK2,DK_2,forecast_solar_generation,Solar,2026-09-26T08:03:51Z
2026-09-26T08:01:56Z,2026-09-26T10:01:56+0200,82b2df9a-ef8d-4b87-b518-3a042f7bcca1,2026-09-23T22:30:00Z,2026-09-24T00:30:00+0200,0.0,MW,DK2,DK_2,forecast_solar_generation,Solar,2026-09-26T08:03:51Z
2026-09-26T08:01:56Z,2026-09-26T10:01:56+0200,82b2df9a-ef8d-4b87-b518-3a042f7bcca1,2026-09-23T22:45:00Z,2026-09-24T00:45:00+0200,0.0,MW,DK2,DK_2,forecast_solar_generation,Solar,2026-09-26T08:03:51Z
2026-09-26T08:01:56Z,2026-09-26T10:01:56+0200,82b2df9a-ef8d-4b87-b518-3a042f7bcca1,2026-09-23T23:00:00Z,2026-09-24T01:00:00+0200,0.0,MW,DK2,DK_2,forecast_solar_generation,Solar,2026-09-26T08:03:51Z
2026-09-26T08:01:56Z,2026-09-26T10:01:56+0200,82b2df9a-ef8d-4b87-b518-3a042f7bcca1,2026-09-23T23:15:00Z,2026-09-24T01:15:00+0200,0.0,MW,DK2,DK_2,forecast_solar_generation,Solar,2026-09-26T08:03:51Z
2026-09-26T08:01:56Z,2026-09-26T10:01:56+0200,82b2df9a-ef8d-4b87-b518-3a042f7bcca1,2026-09-23T23:30:00Z,2026-09-24T01:30:00+0200,0.0,MW,DK2,DK_2,forecast_solar_generation,Solar,2026-09-26T08:03:51Z
2026-09-26T08:01:56Z,2026-09-26T10:01:56+0200,82b2df9a-ef8d-4b87-b518-3a042f7bcca1,2026-09-23T23:45:00Z,2026-09-24T01:45:00+0200,0.0,MW,DK2,DK_2,forecast_solar_generation,Solar,2026-09-26T08:03:51Z
2026-09-26T08:01:56Z,2026-09-26T10:01:56+0200,82b2df9a-ef8d-4b87-b518-3a042f7bcca1,2026-09-24T00:00:00Z,2026-09-24T02:00:00+0200,0.0,MW,DK2,DK_2,forecast_solar_generation,Solar,2026-09-26T08:03:51Z
2026-09-26T08:01:56Z,2026-09-26T10:01:56+0200,82b2df9a-ef8d-4b87-b518-3a042f7bcca1,2026-09-24T00:15:00Z,2026-09-24T02:15:00+0200,0.0,MW,DK2,DK_2,forecast_solar_generation,Solar,2026-09-26T08:03:51Z
2026-09-26T08:01:56Z,2026-09-26T10:01:56+0200,82b2df9a-ef8d-4b87-b518-3a042f7bcca1,2026-09-24T00:30:00Z,2026-09-24T02:30:00+0200,0.0,MW,DK2,DK_2,forecast_solar_generation,Solar,2026-09-26T08:03:51Z
2026-09-26T08:01:56Z,2026-09-26T10:01:56+0200,82b2df9a-ef8d-4b87-b518-3a042f7bcca1,2026-09-24T00:45:00Z,2026-09-24T02:45:00+0200,0.0,MW,DK2,DK_2,forecast_solar_generation,Solar,2026-09-26T08:03:51Z
2026-09-26T08:01:56Z,2026-09-26T10:01:56+0200,82b2df9a-ef8d-4b87-b518-3a042f7bcca1,2026-09-24T01:00:00Z,2026-09-24T03:00:00+0200,0.0,MW,DK2,DK_2,forecast_solar_generation,Solar,2026-09-26T08:03:51Z
2026-09-26T08:01:56Z,2026-09-26T10:01:56+0200,82b2df9a-ef8d-4b87-b518-3a042f7bcca1,2026-09-24T01:15:00Z,2026-09-24T03:15:00+0200,0.0,MW,DK2,DK_2,forecast_solar_generation,Solar,2026-09-26T08:03:51Z
2026-09-26T08:01:56Z,2026-09-26T10:01:56+0200,82b2df9a-ef8d-4b87-b518-3a042f7bcca1,2026-09-24T01:30:00Z,2026-09-24T03:30:00+0200,0.0,MW,DK2,DK_2,forecast_solar_generation,Solar,2026-09-26T08:03:51Z
2026-09-26T08:01:56Z,2026-09-26T10:01:56+0200,82b2df9a-ef8d-4b87-b518-3a042f7bcca1,2026-09-24T01:45:00Z,2026-09-24T03:45:00+0200,0.0,MW,DK2,DK_2,forecast_solar_generation,Solar,2026-09-26T08:03:51Z
2026-09-26T08:01:56Z,2026-09-26T10:01:56+0200,82b2df9a-ef8d-4b87-b518-3a042f7bcca1,2026-09-24T02:00:00Z,2026-09-24T04:00:00+0200,0.0,MW,DK2,DK_2,forecast_solar_generation,Solar,2026-09-26T08:03:51Z
2026-09-26T08:01:56Z,2026-09-26T10:01:56+0200,82b2df9a-ef8d-4b87-b518-3a042f7bcca1,2026-09-24T02:15:00Z,2026-09-24T04:15:00+0200,0.0,MW,DK2,DK_2,forecast_solar_generation,Solar,2026-09-26T08:03:51Z
2026-09-26T08:01:56Z,2026-09-26T10:01:56+0200,82b2df9a-ef8d-4b87-b518-3a042f7bcca1,2026-09-24T02:30:00Z,2026-09-24T04:30:00+0200,0.0,MW,DK2,DK_2,forecast_solar_generation,Solar,2026-09-26T08:03:51Z
2026-09-26T08:01:56Z,2026-09-26T10:01:56+0200,82b2df9a-ef8d-4b87-b518-3a042f7bcca1,2026-09-24T02:45:00Z,2026-09-24T04:45:00+0200,0.0,MW,DK2,DK_2,forecast_solar_generation,Solar,2026-09-26T08:03:51Z
2026-09-26T08:01:56Z,2026-09-26T10:01:56+0200,82b2df9a-ef8d-4b87-b518-3a042f7bcca1,2026-09-24T03:00:00Z,2026-09-24T05:00:00+0200,0.0,MW,DK2,DK_2,forecast_solar_generation,Solar,2026-09-26T08:03:51Z
2026-09-26T08:01:56Z,2026-09-26T10:01:56+0200,82b2df9a-ef8d-4b87-b518-3a042f7bcca1,2026-09-24T03:15:00Z,2026-09-24T05:15:00+0200,0.0,MW,DK2,DK_2,forecast_solar_generation,Solar,2026-09-26T08:03:51Z
2026-09-26T08:01:56Z,2026-09-26T10:01:56+0200,82b2df9a-ef8d-4b87-b518-3a042f7bcca1,2026-09-24T03:30:00Z,2026-09-24T05:30:00+0200,0.0,MW,DK2,DK_2,forecast_solar_generation,Solar,2026-09-26T08:03:51Z
2026-09-26T08:01:56Z,2026-09-26T10:01:56+0200,82b2df9a-ef8d-4b87-b518-3a042f7bcca1,2026-09-24T03:45:00Z,2026-09-24T05:45:00+0200,0.0,MW,DK2,DK_2,forecast_solar_generation,Solar,2026-09-26T08:03:51Z
2026-09-26T08:01:56Z,2026-09-26T10:01:56+0200,82b2df9a-ef8d-4b87-b518-3a042f7bcca1,2026-09-24T04:00:00Z,2026-09-24T06:00:00+0200,0.0,MW,DK2,DK_2,forecast_solar_generation,Solar,2026-09-26T08:03:51Z
2026-09-26T08:01:56Z,2026-09-26T10:01:56+0200,82b2df9a-ef8d-4b87-b518-3a042f7bcca1,2026-09-24T04:15:00Z,2026-09-24T06:15:00+0200,0.0,MW,DK2,DK_2,forecast_solar_generation,Solar,2026-09-26T08:03:51Z
2026-09-26T08:01:56Z,2026-09-26T10:01:56+0200,82b2df9a-ef8d-4b87-b518-3a042f7bcca1,2026-09-24T04:30:00Z,2026-09-24T06:30:00+0200,0.0,MW,DK2,DK_2,forecast_solar_generation,Solar,2026-09-26T08:03:51Z
2026-09-26T08:01:56Z,2026-09-26T10:01:56+0200,82b2df9a-ef8d-4b87-b518-3a042f7bcca1,2026-09-24T04:45:00Z,2026-09-24T06:45:00+0200,0.0,MW,DK2,DK_2,forecast_solar_generation,Solar,2026-09-26T08:03:51Z
2026-09-26T08:01:56Z,2026-09-26T10:01:56+0200,82b2df9a-ef8d-4b87-b518-3a042f7bcca1,2026-09-24T05:00:00Z,2026-09-24T07:00:00+0200,0.236666,MW,DK2,DK_2,forecast_solar_generation,Solar,2026-09-26T08:03:51Z
2026-09-26T08:01:56Z,2026-09-26T10:01:56+0200,82b2df9a-ef8d-4b87-b518-3a042f7bcca1,2026-09-24T05:15:00Z,2026-09-24T07:15:00+0200,3.406666,MW,DK2,DK_2,forecast_solar_generation,Solar,2026-09-26T08:03:51Z
2026-09-26T08:01:56Z,2026-09-26T10:01:56+0200,82b2df9a-ef8d-4b87-b518-3a042f7bcca1,2026-09-24T05:30:00Z,2026-09-24T07:30:00+0200,14.055,MW,DK2,DK_2,forecast_solar_generation,Solar,2026-09-26T08:03:51Z
2026-09-26T08:01:56Z,2026-09-26T10:01:56+0200,82b2df9a-ef8d-4b87-b518-3a042f7bcca1,2026-09-24T05:45:00Z,2026-09-24T07:45:00+0200,30.206666,MW,DK2,DK_2,forecast_solar_generation,Solar,2026-09-26T08:03:51Z
2026-09-26T08:01:56Z,2026-09-26T10:01:56+0200,82b2df9a-ef8d-4b87-b518-3a042f7bcca1,2026-09-24T06:00:00Z,2026-09-24T08:00:00+0200,49.323333,MW,DK2,DK_2,forecast_solar_generation,Solar,2026-09-26T08:03:51Z
2026-09-26T08:01:56Z,2026-09-26T10:01:56+0200,82b2df9a-ef8d-4b87-b518-3a042f7bcca1,2026-09-24T06:15:00Z,2026-09-24T08:15:00+0200,70.425,MW,DK2,DK_2,forecast_solar_generation,Solar,2026-09-26T08:03:51Z
2026-09-26T08:01:56Z,2026-09-26T10:01:56+0200,82b2df9a-ef8d-4b87-b518-3a042f7bcca1,2026-09-24T06:30:00Z,2026-09-24T08:30:00+0200,93.238333,MW,DK2,DK_2,forecast_solar_generation,Solar,2026-09-26T08:03:51Z
2026-09-26T08:01:56Z,2026-09-26T10:01:56+0200,82b2df9a-ef8d-4b87-b518-3a042f7bcca1,2026-09-24T06:45:00Z,2026-09-24T08:45:00+0200,116.653333,MW,DK2,DK_2,forecast_solar_generation,Solar,2026-09-26T08:03:51Z
2026-09-26T08:01:56Z,2026-09-26T10:01:56+0200,82b2df9a-ef8d-4b87-b518-3a042f7bcca1,2026-09-24T07:00:00Z,2026-09-24T09:00:00+0200,140.101666,MW,DK2,DK_2,forecast_solar_generation,Solar,2026-09-26T08:03:51Z
2026-09-26T08:01:56Z,2026-09-26T10:01:56+0200,82b2df9a-ef8d-4b87-b518-3a042f7bcca1,2026-09-24T07:15:00Z,2026-09-24T09:15:00+0200,163.609999,MW,DK2,DK_2,forecast_solar_generation,Solar,2026-09-26T08:03:51Z
2026-09-26T08:01:56Z,2026-09-26T10:01:56+0200,82b2df9a-ef8d-4b87-b518-3a042f7bcca1,2026-09-24T07:30:00Z,2026-09-24T09:30:00+0200,187.415,MW,DK2,DK_2,forecast_solar_generation,Solar,2026-09-26T08:03:51Z
2026-09-26T08:01:56Z,2026-09-26T10:01:56+0200,82b2df9a-ef8d-4b87-b518-3a042f7bcca1,2026-09-24T07:45:00Z,2026-09-24T09:45:00+0200,211.838333,MW,DK2,DK_2,forecast_solar_generation,Solar,2026-09-26T08:03:51Z
2026-09-26T08:01:56Z,2026-09-26T10:01:56+0200,82b2df9a-ef8d-4b87-b518-3a042f7bcca1,2026-09-24T08:00:00Z,2026-09-24T10:00:00+0200,236.583333,MW,DK2,DK_2,forecast_solar_generation,Solar,2026-09-26T08:03:51Z
2026-09-26T08:01:56Z,2026-09-26T10:01:56+0200,82b2df9a-ef8d-4b87-b518-3a042f7bcca1,2026-09-24T08:15:00Z,2026-09-24T10:15:00+0200,261.003333,MW,DK2,DK_2,forecast_solar_generation,Solar,2026-09-26T08:03:51Z
2026-09-26T08:01:56Z,2026-09-26T10:01:56+0200,82b2df9a-ef8d-4b87-b518-3a042f7bcca1,2026-09-24T08:30:00Z,2026-09-24T10:30:00+0200,285.436666,MW,DK2,DK_2,forecast_solar_generation,Solar,2026-09-26T08:03:51Z
2026-09-26T08:01:56Z,2026-09-26T10:01:56+0200,82b2df9a-ef8d-4b87-b518-3a042f7bcca1,2026-09-24T08:45:00Z,2026-09-24T10:45:00+0200,312.71,MW,DK2,DK_2,forecast_solar_generation,Solar,2026-09-26T08:03:51Z
2026-09-26T08:01:56Z,2026-09-26T10:01:56+0200,82b2df9a-ef8d-4b87-b518-3a042f7bcca1,2026-09-24T09:00:00Z,2026-09-24T11:00:00+0200,340.94,MW,DK2,DK_2,forecast_solar_generation,Solar,2026-09-26T08:03:51Z
2026-09-26T08:01:56Z,2026-09-26T10:01:56+0200,82b2df9a-ef8d-4b87-b518-3a042f7bcca1,2026-09-24T09:15:00Z,2026-09-24T11:15:00+0200,366.32,MW,DK2,DK_2,forecast_solar_generation,Solar,2026-09-26T08:03:51Z
2026-09-26T08:01:56Z,2026-09-26T10:01:56+0200,82b2df9a-ef8d-4b87-b518-3a042f7bcca1,2026-09-24T09:30:00Z,2026-09-24T11:30:00+0200,386.498333,MW,DK2,DK_2,forecast_solar_generation,Solar,2026-09-26T08:03:51Z
2026-09-26T08:01:56Z,2026-09-26T10:01:56+0200,82b2df9a-ef8d-4b87-b518-3a042f7bcca1,2026-09-24T09:45:00Z,2026-09-24T11:45:00+0200,406.071666,MW,DK2,DK_2,forecast_solar_generation,Solar,2026-09-26T08:03:51Z
2026-09-26T08:01:56Z,2026-09-26T10:01:56+0200,82b2df9a-ef8d-4b87-b518-3a042f7bcca1,2026-09-24T10:00:00Z,2026-09-24T12:00:00+0200,424.011666,MW,DK2,DK_2,forecast_solar_generation,Solar,2026-09-26T08:03:51Z
2026-09-26T08:01:56Z,2026-09-26T10:01:56+0200,82b2df9a-ef8d-4b87-b518-3a042f7bcca1,2026-09-24T10:15:00Z,2026-09-24T12:15:00+0200,439.048333,MW,DK2,DK_2,forecast_solar_generation,Solar,2026-09-26T08:03:51Z
2026-09-26T08:01:56Z,2026-09-26T10:01:56+0200,82b2df9a-ef8d-4b87-b518-3a042f7bcca1,2026-09-24T10:30:00Z,2026-09-24T12:30:00+0200,448.99,MW,DK2,DK_2,forecast_solar_generation,Solar,2026-09-26T08:03:51Z
2026-09-26T08:01:56Z,2026-09-26T10:01:56+0200,82b2df9a-ef8d-4b87-b518-3a042f7bcca1,2026-09-24T10:45:00Z,2026-09-24T12:45:00+0200,455.095,MW,DK2,DK_2,forecast_solar_generation,Solar,2026-09-26T08:03:51Z
2026-09-26T08:01:56Z,2026-09-26T10:01:56+0200,82b2df9a-ef8d-4b87-b518-3a042f7bcca1,2026-09-24T11:00:00Z,2026-09-24T13:00:00+0200,458.783333,MW,DK2,DK_2,forecast_solar_generation,Solar,2026-09-26T08:03:51Z
2026-09-26T08:01:56Z,2026-09-26T10:01:56+0200,82b2df9a-ef8d-4b87-b518-3a042f7bcca1,2026-09-24T11:15:00Z,2026-09-24T13:15:00+0200,461.039999,MW,DK2,DK_2,forecast_solar_generation,Solar,2026-09-26T08:03:51Z
2026-09-26T08:01:56Z,2026-09-26T10:01:56+0200,82b2df9a-ef8d-4b87-b518-3a042f7bcca1,2026-09-24T11:30:00Z,2026-09-24T13:30:00+0200,464.421666,MW,DK2,DK_2,forecast_solar_generation,Solar,2026-09-26T08:03:51Z
2026-09-26T08:01:56Z,2026-09-26T10:01:56+0200,82b2df9a-ef8d-4b87-b518-3a042f7bcca1,2026-09-24T11:45:00Z,2026-09-24T13:45:00+0200,473.411666,MW,DK2,DK_2,forecast_solar_generation,Solar,2026-09-26T08:03:51Z
2026-09-26T08:01:56Z,2026-09-26T10:01:56+0200,82b2df9a-ef8d-4b87-b518-3a042f7bcca1,2026-09-24T12:00:00Z,2026-09-24T14:00:00+0200,483.433333,MW,DK2,DK_2,forecast_solar_generation,Solar,2026-09-26T08:03:51Z
2026-09-26T08:01:56Z,2026-09-26T10:01:56+0200,82b2df9a-ef8d-4b87-b518-3a042f7bcca1,2026-09-24T12:15:00Z,2026-09-24T14:15:00+0200,487.481666,MW,DK2,DK_2,forecast_solar_generation,Solar,2026-09-26T08:03:51Z
2026-09-26T08:01:56Z,2026-09-26T10:01:56+0200,82b2df9a-ef8d-4b87-b518-3a042f7bcca1,2026-09-24T12:30:00Z,2026-09-24T14:30:00+0200,481.42,MW,DK2,DK_2,forecast_solar_generation,Solar,2026-09-26T08:03:51Z
2026-09-26T08:01:56Z,2026-09-26T10:01:56+0200,82b2df9a-ef8d-4b87-b518-3a042f7bcca1,2026-09-24T12:45:00Z,2026-09-24T14:45:00+0200,470.325,MW,DK2,DK_2,forecast_solar_generation,Solar,2026-09-26T08:03:51Z
2026-09-26T08:01:56Z,2026-09-26T10:01:56+0200,82b2df9a-ef8d-4b87-b518-3a042f7bcca1,2026-09-24T13:00:00Z,2026-09-24T15:00:00+0200,455.923333,MW,DK2,DK_2,forecast_solar_generation,Solar,2026-09-26T08:03:51Z
2026-09-26T08:01:56Z,2026-09-26T10:01:56+0200,82b2df9a-ef8d-4b87-b518-3a042f7bcca1,2026-09-24T13:15:00Z,2026-09-24T15:15:00+0200,437.656666,MW,DK2,DK_2,forecast_solar_generation,Solar,2026-09-26T08:03:51Z
2026-09-26T08:01:56Z,2026-09-26T10:01:56+0200,82b2df9a-ef8d-4b87-b518-3a042f7bcca1,2026-09-24T13:30:00Z,2026-09-24T15:30:00+0200,415.378333,MW,DK2,DK_2,forecast_solar_generation,Solar,2026-09-26T08:03:51Z
2026-09-26T08:01:56Z,2026-09-26T10:01:56+0200,82b2df9a-ef8d-4b87-b518-3a042f7bcca1,2026-09-24T13:45:00Z,2026-09-24T15:45:00+0200,390.245,MW,DK2,DK_2,forecast_solar_generation,Solar,2026-09-26T08:03:51Z
2026-09-26T08:01:56Z,2026-09-26T10:01:56+0200,82b2df9a-ef8d-4b87-b518-3a042f7bcca1,2026-09-24T14:00:00Z,2026-09-24T16:00:00+0200,362.291666,MW,DK2,DK_2,forecast_solar_generation,Solar,2026-09-26T08:03:51Z
2026-09-26T08:01:56Z,2026-09-26T10:01:56+0200,82b2df9a-ef8d-4b87-b518-3a042f7bcca1,2026-09-24T14:15:00Z,2026-09-24T16:15:00+0200,331.348333,MW,DK2,DK_2,forecast_solar_generation,Solar,2026-09-26T08:03:51Z
2026-09-26T08:01:56Z,2026-09-26T10:01:56+0200,82b2df9a-ef8d-4b87-b518-3a042f7bcca1,2026-09-24T14:30:00Z,2026-09-24T16:30:00+0200,295.876666,MW,DK2,DK_2,forecast_solar_generation,Solar,2026-09-26T08:03:51Z
2026-09-26T08:01:56Z,2026-09-26T10:01:56+0200,82b2df9a-ef8d-4b87-b518-3a042f7bcca1,2026-09-24T14:45:00Z,2026-09-24T16:45:00+0200,255.788333,MW,DK2,DK_2,forecast_solar_generation,Solar,2026-09-26T08:03:51Z
2026-09-26T08:01:56Z,2026-09-26T10:01:56+0200,82b2df9a-ef8d-4b87-b518-3a042f7bcca1,2026-09-24T15:00:00Z,2026-09-24T17:00:00+0200,213.655,MW,DK2,DK_2,forecast_solar_generation,Solar,2026-09-26T08:03:51Z
2026-09-26T08:01:56Z,2026-09-26T10:01:56+0200,82b2df9a-ef8d-4b87-b518-3a042f7bcca1,2026-09-24T15:15:00Z,2026-09-24T17:15:00+0200,172.311666,MW,DK2,DK_2,forecast_solar_generation,Solar,2026-09-26T08:03:51Z
2026-09-26T08:01:56Z,2026-09-26T10:01:56+0200,82b2df9a-ef8d-4b87-b518-3a042f7bcca1,2026-09-24T15:30:00Z,2026-09-24T17:30:00+0200,132.976666,MW,DK2,DK_2,forecast_solar_generation,Solar,2026-09-26T08:03:51Z
2026-09-26T08:01:56Z,2026-09-26T10:01:56+0200,82b2df9a-ef8d-4b87-b518-3a042f7bcca1,2026-09-24T15:45:00Z,2026-09-24T17:45:00+0200,95.766666,MW,DK2,DK_2,forecast_solar_generation,Solar,2026-09-26T08:03:51Z
2026-09-26T08:01:56Z,2026-09-26T10:01:56+0200,82b2df9a-ef8d-4b87-b518-3a042f7bcca1,2026-09-24T16:00:00Z,2026-09-24T18:00:00+0200,62.22,MW,DK2,DK_2,forecast_solar_generation,Solar,2026-09-26T08:03:51Z
2026-09-26T08:01:56Z,2026-09-26T10:01:56+0200,82b2df9a-ef8d-4b87-b518-3a042f7bcca1,2026-09-24T16:15:00Z,2026-09-24T18:15:00+0200,33.613333,MW,DK2,DK_2,forecast_solar_generation,Solar,2026-09-26T08:03:51Z
2026-09-26T08:01:56Z,2026-09-26T10:01:56+0200,82b2df9a-ef8d-4b87-b518-3a042f7bcca1,2026-09-24T16:30:00Z,2026-09-24T18:30:00+0200,11.803333,MW,DK2,DK_2,forecast_solar_generation,Solar,2026-09-26T08:03:51Z
2026-09-26T08:01:56Z,2026-09-26T10:01:56+0200,82b2df9a-ef8d-4b87-b518-3a042f7bcca1,2026-09-24T16:45:00Z,2026-09-24T18:45:00+0200,1.361666,MW,DK2,DK_2,forecast_solar_generation,Solar,2026-09-26T08:03:51Z
2026-09-26T08:01:56Z,2026-09-26T10:01:56+0200,82b2df9a-ef8d-4b87-b518-3a042f7bcca1,2026-09-24T17:00:00Z,2026-09-24T19:00:00+0200,0.015,MW,DK2,DK_2,forecast_solar_generation,Solar,2026-09-26T08:03:51Z
2026-09-26T08:01:56Z,2026-09-26T10:01:56+0200,82b2df9a-ef8d-4b87-b518-3a042f7bcca1,2026-09-24T17:15:00Z,2026-09-24T19:15:00+0200,0.0,MW,DK2,DK_2,forecast_solar_generation,Solar,2026-09-26T08:03:51Z
2026-09-26T08:01:56Z,2026-09-26T10:01:56+0200,82b2df9a-ef8d-4b87-b518-3a042f7bcca1,2026-09-24T17:30:00Z,2026-09-24T19:30:00+0200,0.0,MW,DK2,DK_2,forecast_solar_generation,Solar,2026-09-26T08:03:51Z
2026-09-26T08:01:56Z,2026-09-26T10:01:56+0200,82b2df9a-ef8d-4b87-b518-3a042f7bcca1,2026-09-24T17:45:00Z,2026-09-24T19:45:00+0200,0.0,MW,DK2,DK_2,forecast_solar_generation,Solar,2026-09-26T08:03:51Z
2026-09-26T08:01:56Z,2026-09-26T10:01:56+0200,82b2df9a-ef8d-4b87-b518-3a042f7bcca1,2026-09-24T18:00:00Z,2026-09-24T20:00:00+0200,0.0,MW,DK2,DK_2,forecast_solar_generation,Solar,2026-09-26T08:03:51Z
2026-09-26T08:01:56Z,2026-09-26T10:01:56+0200,82b2df9a-ef8d-4b87-b518-3a042f7bcca1,2026-09-24T18:15:00Z,2026-09-24T20:15:00+0200,0.0,MW,DK2,DK_2,forecast_solar_generation,Solar,2026-09-26T08:03:51Z
2026-09-26T08:01:56Z,2026-09-26T10:01:56+0200,82b2df9a-ef8d-4b87-b518-3a042f7bcca1,2026-09-24T18:30:00Z,2026-09-24T20:30:00+0200,0.0,MW,DK2,DK_2,forecast_solar_generation,Solar,2026-09-26T08:03:51Z
2026-09-26T08:01:56Z,2026-09-26T10:01:56+0200,82b2df9a-ef8d-4b87-b518-3a042f7bcca1,2026-09-24T18:45:00Z,2026-09-24T20:45:00+0200,0.0,MW,DK2,DK_2,forecast_solar_generation,Solar,2026-09-26T08:03:51Z
2026-09-26T08:01:56Z,2026-09-26T10:01:56+0200,82b2df9a-ef8d-4b87-b518-3a042f7bcca1,2026-09-24T19:00:00Z,2026-09-24T21:00:00+0200,0.0,MW,DK2,DK_2,forecast_solar_generation,Solar,2026-09-26T08:03:51Z
2026-09-26T08:01:56Z,2026-09-26T10:01:56+0200,82b2df9a-ef8d-4b87-b518-3a042f7bcca1,2026-09-24T19:15:00Z,2026-09-24T21:15:00+0200,0.0,MW,DK2,DK_2,forecast_solar_generation,Solar,2026-09-26T08:03:51Z
2026-09-26T08:01:56Z,2026-09-26T10:01:56+0200,82b2df9a-ef8d-4b87-b518-3a042f7bcca1,2026-09-24T19:30:00Z,2026-09-24T21:30:00+0200,0.0,MW,DK2,DK_2,forecast_solar_generation,Solar,2026-09-26T08:03:51Z
2026-09-26T08:01:56Z,2026-09-26T10:01:56+0200,82b2df9a-ef8d-4b87-b518-3a042f7bcca1,2026-09-24T19:45:00Z,2026-09-24T21:45:00+0200,0.0,MW,DK2,DK_2,forecast_solar_generation,Solar,2026-09-26T08:03:51Z
2026-09-26T08:01:56Z,2026-09-26T10:01:56+0200,82b2df9a-ef8d-4b87-b518-3a042f7bcca1,2026-09-24T20:00:00Z,2026-09-24T22:00:00+0200,0.0,MW,DK2,DK_2,forecast_solar_generation,Solar,2026-09-26T08:03:51Z
2026-09-26T08:01:56Z,2026-09-26T10:01:56+0200,82b2df9a-ef8d-4b87-b518-3a042f7bcca1,2026-09-24T20:15:00Z,2026-09-24T22:15:00+0200,0.0,MW,DK2,DK_2,forecast_solar_generation,Solar,2026-09-26T08:03:51Z
2026-09-26T08:01:56Z,2026-09-26T10:01:56+0200,82b2df9a-ef8d-4b87-b518-3a042f7bcca1,2026-09-24T20:30:00Z,2026-09-24T22:30:00+0200,0.0,MW,DK2,DK_2,forecast_solar_generation,Solar,2026-09-26T08:03:51Z
2026-09-26T08:01:56Z,2026-09-26T10:01:56+0200,82b2df9a-ef8d-4b87-b518-3a042f7bcca1,2026-09-24T20:45:00Z,2026-09-24T22:45:00+0200,0.0,MW,DK2,DK_2,forecast_solar_generation,Solar,2026-09-26T08:03:51Z
2026-09-26T08:01:56Z,2026-09-26T10:01:56+0200,82b2df9a-ef8d-4b87-b518-3a042f7bcca1,2026-09-24T21:00:00Z,2026-09-24T23:00:00+0200,0.0,MW,DK2,DK_2,forecast_solar_generation,Solar,2026-09-26T08:03:51Z
2026-09-26T08:01:56Z,2026-09-26T10:01:56+0200,82b2df9a-ef8d-4b87-b518-3a042f7bcca1,2026-09-24T21:15:00Z,2026-09-24T23:15:00+0200,0.0,MW,DK2,DK_2,forecast_solar_generation,Solar,2026-09-26T08:03:51Z
2026-09-26T08:01:56Z,2026-09-26T10:01:56+0200,82b2df9a-ef8d-4b87-b518-3a042f7bcca1,2026-09-24T21:30:00Z,2026-09-24T23:30:00+0200,0.0,MW,DK2,DK_2,forecast_solar_generation,Solar,2026-09-26T08:03:51Z
2026-09-26T08:01:56Z,2026-09-26T10:01:56+0200,82b2df9a-ef8d-4b87-b518-3a042f7bcca1,2026-09-24T21:45:00Z,2026-09-24T23:45:00+0200,0.0,MW,DK2,DK_2,forecast_solar_generation,Solar,2026-09-26T08:03:51Z
2026-09-26T08:01:56Z,2026-09-26T10:01:56+0200,82b2df9a-ef8d-4b87-b518-3a042f7bcca1,2026-09-24T22:00:00Z,2026-09-25T00:00:00+0200,0.0,MW,DK2,DK_2,forecast_solar_generation,Solar,2026-09-26T08:03:51Z
2026-09-26T08:01:56Z,2026-09-26T10:01:56+0200,82b2df9a-ef8d-4b87-b518-3a042f7bcca1,2026-09-24T22:15:00Z,2026-09-25T00:15:00+0200,0.0,MW,DK2,DK_2,forecast_solar_generation,Solar,2026-09-26T08:03:51Z
2026-09-26T08:01:56Z,2026-09-26T10:01:56+0200,82b2df9a-ef8d-4b87-b518-3a042f7bcca1,2026-09-24T22:30:00Z,2026-09-25T00:30:00+0200,0.0,MW,DK2,DK_2,forecast_solar_generation,Solar,2026-09-26T08:03:51Z
2026-09-26T08:01:56Z,2026-09-26T10:01:56+0200,82b2df9a-ef8d-4b87-b518-3a042f7bcca1,2026-09-24T22:45:00Z,2026-09-25T00:45:00+0200,0.0,MW,DK2,DK_2,forecast_solar_generation,Solar,2026-09-26T08:03:51Z
2026-09-26T08:01:56Z,2026-09-26T10:01:56+0200,82b2df9a-ef8d-4b87-b518-3a042f7bcca1,2026-09-24T23:00:00Z,2026-09-25T01:00:00+0200,0.0,MW,DK2,DK_2,forecast_solar_generation,Solar,2026-09-26T08:03:51Z
2026-09-26T08:01:56Z,2026-09-26T10:01:56+0200,82b2df9a-ef8d-4b87-b518-3a042f7bcca1,2026-09-24T23:15:00Z,2026-09-25T01:15:00+0200,0.0,MW,DK2,DK_2,forecast_solar_generation,Solar,2026-09-26T08:03:51Z
2026-09-26T08:01:56Z,2026-09-26T10:01:56+0200,82b2df9a-ef8d-4b87-b518-3a042f7bcca1,2026-09-24T23:30:00Z,2026-09-25T01:30:00+0200,0.0,MW,DK2,DK_2,forecast_solar_generation,Solar,2026-09-26T08:03:51Z
2026-09-26T08:01:56Z,2026-09-26T10:01:56+0200,82b2df9a-ef8d-4b87-b518-3a042f7bcca1,2026-09-24T23:45:00Z,2026-09-25T01:45:00+0200,0.0,MW,DK2,DK_2,forecast_solar_generation,Solar,2026-09-26T08:03:51Z
2026-09-26T08:01:56Z,2026-09-26T10:01:56+0200,82b2df9a-ef8d-4b87-b518-3a042f7bcca1,2026-09-25T00:00:00Z,2026-09-25T02:00:00+0200,0.0,MW,DK2,DK_2,forecast_solar_generation,Solar,2026-09-26T08:03:51Z
2026-09-26T08:01:56Z,2026-09-26T10:01:56+0200,82b2df9a-ef8d-4b87-b518-3a042f7bcca1,2026-09-25T00:15:00Z,2026-09-25T02:15:00+0200,0.0,MW,DK2,DK_2,forecast_solar_generation,Solar,2026-09-26T08:03:51Z
2026-09-26T08:01:56Z,2026-09-26T10:01:56+0200,82b2df9a-ef8d-4b87-b518-3a042f7bcca1,2026-09-25T00:30:00Z,2026-09-25T02:30:00+0200,0.0,MW,DK2,DK_2,forecast_solar_generation,Solar,2026-09-26T08:03:51Z
2026-09-26T08:01:56Z,2026-09-26T10:01:56+0200,82b2df9a-ef8d-4b87-b518-3a042f7bcca1,2026-09-25T00:45:00Z,2026-09-25T02:45:00+0200,0.0,MW,DK2,DK_2,forecast_solar_generation,Solar,2026-09-26T08:03:51Z
2026-09-26T08:01:56Z,2026-09-26T10:01:56+0200,82b2df9a-ef8d-4b87-b518-3a042f7bcca1,2026-09-25T01:00:00Z,2026-09-25T03:00:00+0200,0.0,MW,DK2,DK_2,forecast_solar_generation,Solar,2026-09-26T08:03:51Z
2026-09-26T08:01:56Z,2026-09-26T10:01:56+0200,82b2df9a-ef8d-4b87-b518-3a042f7bcca1,2026-09-25T01:15:00Z,2026-09-25T03:15:00+0200,0.0,MW,DK2,DK_2,forecast_solar_generation,Solar,2026-09-26T08:03:51Z
2026-09-26T08:01:56Z,2026-09-26T10:01:56+0200,82b2df9a-ef8d-4b87-b518-3a042f7bcca1,2026-09-25T01:30:00Z,2026-09-25T03:30:00+0200,0.0,MW,DK2,DK_2,forecast_solar_generation,Solar,2026-09-26T08:03:51Z
2026-09-26T08:01:56Z,2026-09-26T10:01:56+0200,82b2df9a-ef8d-4b87-b518-3a042f7bcca1,2026-09-25T01:45:00Z,2026-09-25T03:45:00+0200,0.0,MW,DK2,DK_2,forecast_solar_generation,Solar,2026-09-26T08:03:51Z
2026-09-26T08:01:56Z,2026-09-26T10:01:56+0200,82b2df9a-ef8d-4b87-b518-3a042f7bcca1,2026-09-25T02:00:00Z,2026-09-25T04:00:00+0200,0.0,MW,DK2,DK_2,forecast_solar_generation,Solar,2026-09-26T08:03:51Z
2026-09-26T08:01:56Z,2026-09-26T10:01:56+0200,82b2df9a-ef8d-4b87-b518-3a042f7bcca1,2026-09-25T02:15:00Z,2026-09-25T04:15:00+0200,0.0,MW,DK2,DK_2,forecast_solar_generation,Solar,2026-09-26T08:03:51Z
2026-09-26T08:01:56Z,2026-09-26T10:01:56+0200,82b2df9a-ef8d-4b87-b518-3a042f7bcca1,2026-09-25T02:30:00Z,2026-09-25T04:30:00+0200,0.0,MW,DK2,DK_2,forecast_solar_generation,Solar,2026-09-26T08:03:51Z
2026-09-26T08:01:56Z,2026-09-26T10:01:56+0200,82b2df9a-ef8d-4b87-b518-3a042f7bcca1,2026-09-25T02:45:00Z,2026-09-25T04:45:00+0200,0.0,MW,DK2,DK_2,forecast_solar_generation,Solar,2026-09-26T08:03:51Z
2026-09-26T08:01:56Z,2026-09-26T10:01:56+0200,82b2df9a-ef8d-4b87-b518-3a042f7bcca1,2026-09-25T03:00:00Z,2026-09-25T05:00:00+0200,0.0,MW,DK2,DK_2,forecast_solar_generation,Solar,2026-09-26T08:03:51Z
2026-09-26T08:01:56Z,2026-09-26T10:01:56+0200,82b2df9a-ef8d-4b87-b518-3a042f7bcca1,2026-09-25T03:15:00Z,2026-09-25T05:15:00+0200,0.0,MW,DK2,DK_2,forecast_solar_generation,Solar,2026-09-26T08:03:51Z
2026-09-26T08:01:56Z,2026-09-26T10:01:56+0200,82b2df9a-ef8d-4b87-b518-3a042f7bcca1,2026-09-25T03:30:00Z,2026-09-25T05:30:00+0200,0.0,MW,DK2,DK_2,forecast_solar_generation,Solar,2026-09-26T08:03:51Z
2026-09-26T08:01:56Z,2026-09-26T10:01:56+0200,82b2df9a-ef8d-4b87-b518-3a042f7bcca1,2026-09-25T03:45:00Z,2026-09-25T05:45:00+0200,0.0,MW,DK2,DK_2,forecast_solar_generation,Solar,2026-09-26T08:03:51Z
2026-09-26T08:01:56Z,2026-09-26T10:01:56+0200,82b2df9a-ef8d-4b87-b518-3a042f7bcca1,2026-09-25T04:00:00Z,2026-09-25T06:00:00+0200,0.0,MW,DK2,DK_2,forecast_solar_generation,Solar,2026-09-26T08:03:51Z
2026-09-26T08:01:56Z,2026-09-26T10:01:56+0200,82b2df9a-ef8d-4b87-b518-3a042f7bcca1,2026-09-25T04:15:00Z,2026-09-25T06:15:00+0200,0.0,MW,DK2,DK_2,forecast_solar_generation,Solar,2026-09-26T08:03:51Z
2026-09-26T08:01:56Z,2026-09-26T10:01:56+0200,82b2df9a-ef8d-4b87-b518-3a042f7bcca1,2026-09-25T04:30:00Z,2026-09-25T06:30:00+0200,0.0,MW,DK2,DK_2,forecast_solar_generation,Solar,2026-09-26T08:03:51Z
2026-09-26T08:01:56Z,2026-09-26T10:01:56+0200,82b2df9a-ef8d-4b87-b518-3a042f7bcca1,2026-09-25T04:45:00Z,2026-09-25T06:45:00+0200,0.0,MW,DK2,DK_2,forecast_solar_generation,Solar,2026-09-26T08:03:51Z
2026-09-26T08:01:56Z,2026-09-26T10:01:56+0200,82b2df9a-ef8d-4b87-b518-3a042f7bcca1,2026-09-25T05:00:00Z,2026-09-25T07:00:00+0200,0.22,MW,DK2,DK_2,forecast_solar_generation,Solar,2026-09-26T08:03:51Z
2026-09-26T08:01:56Z,2026-09-26T10:01:56+0200,82b2df9a-ef8d-4b87-b518-3a042f7bcca1,2026-09-25T05:15:00Z,2026-09-25T07:15:00+0200,4.453333,MW,DK2,DK_2,forecast_solar_generation,Solar,2026-09-26T08:03:51Z
2026-09-26T08:01:56Z,2026-09-26T10:01:56+0200,82b2df9a-ef8d-4b87-b518-3a042f7bcca1,2026-09-25T05:30:00Z,2026-09-25T07:30:00+0200,21.11,MW,DK2,DK_2,forecast_solar_generation,Solar,2026-09-26T08:03:51Z
2026-09-26T08:01:56Z,2026-09-26T10:01:56+0200,82b2df9a-ef8d-4b87-b518-3a042f7bcca1,2026-09-25T05:45:00Z,2026-09-25T07:45:00+0200,45.23,MW,DK2,DK_2,forecast_solar_generation,Solar,2026-09-26T08:03:51Z
2026-09-26T08:01:56Z,2026-09-26T10:01:56+0200,82b2df9a-ef8d-4b87-b518-3a042f7bcca1,2026-09-25T06:00:00Z,2026-09-25T08:00:00+0200,77.1,MW,DK2,DK_2,forecast_solar_generation,Solar,2026-09-26T08:03:51Z
2026-09-26T08:01:56Z,2026-09-26T10:01:56+0200,82b2df9a-ef8d-4b87-b518-3a042f7bcca1,2026-09-25T06:15:00Z,2026-09-25T08:15:00+0200,111.064999,MW,DK2,DK_2,forecast_solar_generation,Solar,2026-09-26T08:03:51Z
2026-09-26T08:01:56Z,2026-09-26T10:01:56+0200,82b2df9a-ef8d-4b87-b518-3a042f7bcca1,2026-09-25T06:30:00Z,2026-09-25T08:30:00+0200,148.905,MW,DK2,DK_2,forecast_solar_generation,Solar,2026-09-26T08:03:51Z
2026-09-26T08:01:56Z,2026-09-26T10:01:56+0200,82b2df9a-ef8d-4b87-b518-3a042f7bcca1,2026-09-25T06:45:00Z,2026-09-25T08:45:00+0200,189.393333,MW,DK2,DK_2,forecast_solar_generation,Solar,2026-09-26T08:03:51Z
2026-09-26T08:01:56Z,2026-09-26T10:01:56+0200,82b2df9a-ef8d-4b87-b518-3a042f7bcca1,2026-09-25T07:00:00Z,2026-09-25T09:00:00+0200,231.268333,MW,DK2,DK_2,forecast_solar_generation,Solar,2026-09-26T08:03:51Z
2026-09-26T08:01:56Z,2026-09-26T10:01:56+0200,82b2df9a-ef8d-4b87-b518-3a042f7bcca1,2026-09-25T07:15:00Z,2026-09-25T09:15:00+0200,273.553333,MW,DK2,DK_2,forecast_solar_generation,Solar,2026-09-26T08:03:51Z
2026-09-26T08:01:56Z,2026-09-26T10:01:56+0200,82b2df9a-ef8d-4b87-b518-3a042f7bcca1,2026-09-25T07:30:00Z,2026-09-25T09:30:00+0200,315.968333,MW,DK2,DK_2,forecast_solar_generation,Solar,2026-09-26T08:03:51Z
2026-09-26T08:01:56Z,2026-09-26T10:01:56+0200,82b2df9a-ef8d-4b87-b518-3a042f7bcca1,2026-09-25T07:45:00Z,2026-09-25T09:45:00+0200,361.02,MW,DK2,DK_2,forecast_solar_generation,Solar,2026-09-26T08:03:51Z
2026-09-26T08:01:56Z,2026-09-26T10:01:56+0200,82b2df9a-ef8d-4b87-b518-3a042f7bcca1,2026-09-25T08:00:00Z,2026-09-25T10:00:00+0200,407.638333,MW,DK2,DK_2,forecast_solar_generation,Solar,2026-09-26T08:03:51Z
2026-09-26T08:01:56Z,2026-09-26T10:01:56+0200,82b2df9a-ef8d-4b87-b518-3a042f7bcca1,2026-09-25T08:15:00Z,2026-09-25T10:15:00+0200,452.383333,MW,DK2,DK_2,forecast_solar_generation,Solar,2026-09-26T08:03:51Z
2026-09-26T08:01:56Z,2026-09-26T10:01:56+0200,82b2df9a-ef8d-4b87-b518-3a042f7bcca1,2026-09-25T08:30:00Z,2026-09-25T10:30:00+0200,492.228333,MW,DK2,DK_2,forecast_solar_generation,Solar,2026-09-26T08:03:51Z
2026-09-26T08:01:56Z,2026-09-26T10:01:56+0200,82b2df9a-ef8d-4b87-b518-3a042f7bcca1,2026-09-25T08:45:00Z,2026-09-25T10:45:00+0200,529.048333,MW,DK2,DK_2,forecast_solar_generation,Solar,2026-09-26T08:03:51Z
2026-09-26T08:01:56Z,2026-09-26T10:01:56+0200,82b2df9a-ef8d-4b87-b518-3a042f7bcca1,2026-09-25T09:00:00Z,2026-09-25T11:00:00+0200,562.408333,MW,DK2,DK_2,forecast_solar_generation,Solar,2026-09-26T08:03:51Z
2026-09-26T08:01:56Z,2026-09-26T10:01:56+0200,82b2df9a-ef8d-4b87-b518-3a042f7bcca1,2026-09-25T09:15:00Z,2026-09-25T11:15:00+0200,590.818333,MW,DK2,DK_2,forecast_solar_generation,Solar,2026-09-26T08:03:51Z
2026-09-26T08:01:56Z,2026-09-26T10:01:56+0200,82b2df9a-ef8d-4b87-b518-3a042f7bcca1,2026-09-25T09:30:00Z,2026-09-25T11:30:00+0200,613.06,MW,DK2,DK_2,forecast_solar_generation,Solar,2026-09-26T08:03:51Z
2026-09-26T08:01:56Z,2026-09-26T10:01:56+0200,82b2df9a-ef8d-4b87-b518-3a042f7bcca1,2026-09-25T09:45:00Z,2026-09-25T11:45:00+0200,630.613333,MW,DK2,DK_2,forecast_solar_generation,Solar,2026-09-26T08:03:51Z
2026-09-26T08:01:56Z,2026-09-26T10:01:56+0200,82b2df9a-ef8d-4b87-b518-3a042f7bcca1,2026-09-25T10:00:00Z,2026-09-25T12:00:00+0200,644.531666,MW,DK2,DK_2,forecast_solar_generation,Solar,2026-09-26T08:03:51Z
2026-09-26T08:01:56Z,2026-09-26T10:01:56+0200,82b2df9a-ef8d-4b87-b518-3a042f7bcca1,2026-09-25T10:15:00Z,2026-09-25T12:15:00+0200,655.366666,MW,DK2,DK_2,forecast_solar_generation,Solar,2026-09-26T08:03:51Z
2026-09-26T08:01:56Z,2026-09-26T10:01:56+0200,82b2df9a-ef8d-4b87-b518-3a042f7bcca1,2026-09-25T10:30:00Z,2026-09-25T12:30:00+0200,663.858333,MW,DK2,DK_2,forecast_solar_generation,Solar,2026-09-26T08:03:51Z
2026-09-26T08:01:56Z,2026-09-26T10:01:56+0200,82b2df9a-ef8d-4b87-b518-3a042f7bcca1,2026-09-25T10:45:00Z,2026-09-25T12:45:00+0200,670.59,MW,DK2,DK_2,forecast_solar_generation,Solar,2026-09-26T08:03:51Z
2026-09-26T08:01:56Z,2026-09-26T10:01:56+0200,82b2df9a-ef8d-4b87-b518-3a042f7bcca1,2026-09-25T11:00:00Z,2026-09-25T13:00:00+0200,674.565,MW,DK2,DK_2,forecast_solar_generation,Solar,2026-09-26T08:03:51Z
2026-09-26T08:01:56Z,2026-09-26T10:01:56+0200,82b2df9a-ef8d-4b87-b518-3a042f7bcca1,2026-09-25T11:15:00Z,2026-09-25T13:15:00+0200,674.37,MW,DK2,DK_2,forecast_solar_generation,Solar,2026-09-26T08:03:51Z
2026-09-26T08:01:56Z,2026-09-26T10:01:56+0200,82b2df9a-ef8d-4b87-b518-3a042f7bcca1,2026-09-25T11:30:00Z,2026-09-25T13:30:00+0200,668.473333,MW,DK2,DK_2,forecast_solar_generation,Solar,2026-09-26T08:03:51Z
2026-09-26T08:01:56Z,2026-09-26T10:01:56+0200,82b2df9a-ef8d-4b87-b518-3a042f7bcca1,2026-09-25T11:45:00Z,2026-09-25T13:45:00+0200,656.251666,MW,DK2,DK_2,forecast_solar_generation,Solar,2026-09-26T08:03:51Z
2026-09-26T08:01:56Z,2026-09-26T10:01:56+0200,82b2df9a-ef8d-4b87-b518-3a042f7bcca1,2026-09-25T12:00:00Z,2026-09-25T14:00:00+0200,639.758333,MW,DK2,DK_2,forecast_solar_generation,Solar,2026-09-26T08:03:51Z
2026-09-26T08:01:56Z,2026-09-26T10:01:56+0200,82b2df9a-ef8d-4b87-b518-3a042f7bcca1,2026-09-25T12:15:00Z,2026-09-25T14:15:00+0200,621.488333,MW,DK2,DK_2,forecast_solar_generation,Solar,2026-09-26T08:03:51Z
2026-09-26T08:01:56Z,2026-09-26T10:01:56+0200,82b2df9a-ef8d-4b87-b518-3a042f7bcca1,2026-09-25T12:30:00Z,2026-09-25T14:30:00+0200,603.061666,MW,DK2,DK_2,forecast_solar_generation,Solar,2026-09-26T08:03:51Z
2026-09-26T08:01:56Z,2026-09-26T10:01:56+0200,82b2df9a-ef8d-4b87-b518-3a042f7bcca1,2026-09-25T12:45:00Z,2026-09-25T14:45:00+0200,583.285,MW,DK2,DK_2,forecast_solar_generation,Solar,2026-09-26T08:03:51Z
2026-09-26T08:01:56Z,2026-09-26T10:01:56+0200,82b2df9a-ef8d-4b87-b518-3a042f7bcca1,2026-09-25T13:00:00Z,2026-09-25T15:00:00+0200,561.153333,MW,DK2,DK_2,forecast_solar_generation,Solar,2026-09-26T08:03:51Z
2026-09-26T08:01:56Z,2026-09-26T10:01:56+0200,82b2df9a-ef8d-4b87-b518-3a042f7bcca1,2026-09-25T13:15:00Z,2026-09-25T15:15:00+0200,535.77,MW,DK2,DK_2,forecast_solar_generation,Solar,2026-09-26T08:03:51Z
2026-09-26T08:01:56Z,2026-09-26T10:01:56+0200,82b2df9a-ef8d-4b87-b518-3a042f7bcca1,2026-09-25T13:30:00Z,2026-09-25T15:30:00+0200,506.923333,MW,DK2,DK_2,forecast_solar_generation,Solar,2026-09-26T08:03:51Z
2026-09-26T08:01:56Z,2026-09-26T10:01:56+0200,82b2df9a-ef8d-4b87-b518-3a042f7bcca1,2026-09-25T13:45:00Z,2026-09-25T15:45:00+0200,476.09,MW,DK2,DK_2,forecast_solar_generation,Solar,2026-09-26T08:03:51Z
2026-09-26T08:01:56Z,2026-09-26T10:01:56+0200,82b2df9a-ef8d-4b87-b518-3a042f7bcca1,2026-09-25T14:00:00Z,2026-09-25T16:00:00+0200,442.073333,MW,DK2,DK_2,forecast_solar_generation,Solar,2026-09-26T08:03:51Z
2026-09-26T08:01:56Z,2026-09-26T10:01:56+0200,82b2df9a-ef8d-4b87-b518-3a042f7bcca1,2026-09-25T14:15:00Z,2026-09-25T16:15:00+0200,403.403333,MW,DK2,DK_2,forecast_solar_generation,Solar,2026-09-26T08:03:51Z
2026-09-26T08:01:56Z,2026-09-26T10:01:56+0200,82b2df9a-ef8d-4b87-b518-3a042f7bcca1,2026-09-25T14:30:00Z,2026-09-25T16:30:00+0200,359.663333,MW,DK2,DK_2,forecast_solar_generation,Solar,2026-09-26T08:03:51Z
2026-09-26T08:01:56Z,2026-09-26T10:01:56+0200,82b2df9a-ef8d-4b87-b518-3a042f7bcca1,2026-09-25T14:45:00Z,2026-09-25T16:45:00+0200,312.283333,MW,DK2,DK_2,forecast_solar_generation,Solar,2026-09-26T08:03:51Z
2026-09-26T08:01:56Z,2026-09-26T10:01:56+0200,82b2df9a-ef8d-4b87-b518-3a042f7bcca1,2026-09-25T15:00:00Z,2026-09-25T17:00:00+0200,262.903333,MW,DK2,DK_2,forecast_solar_generation,Solar,2026-09-26T08:03:51Z
2026-09-26T08:01:56Z,2026-09-26T10:01:56+0200,82b2df9a-ef8d-4b87-b518-3a042f7bcca1,2026-09-25T15:15:00Z,2026-09-25T17:15:00+0200,212.858333,MW,DK2,DK_2,forecast_solar_generation,Solar,2026-09-26T08:03:51Z
2026-09-26T08:01:56Z,2026-09-26T10:01:56+0200,82b2df9a-ef8d-4b87-b518-3a042f7bcca1,2026-09-25T15:30:00Z,2026-09-25T17:30:00+0200,163.618333,MW,DK2,DK_2,forecast_solar_generation,Solar,2026-09-26T08:03:51Z
2026-09-26T08:01:56Z,2026-09-26T10:01:56+0200,82b2df9a-ef8d-4b87-b518-3a042f7bcca1,2026-09-25T15:45:00Z,2026-09-25T17:45:00+0200,117.55,MW,DK2,DK_2,forecast_solar_generation,Solar,2026-09-26T08:03:51Z
2026-09-26T08:01:56Z,2026-09-26T10:01:56+0200,82b2df9a-ef8d-4b87-b518-3a042f7bcca1,2026-09-25T16:00:00Z,2026-09-25T18:00:00+0200,76.001666,MW,DK2,DK_2,forecast_solar_generation,Solar,2026-09-26T08:03:51Z
2026-09-26T08:01:56Z,2026-09-26T10:01:56+0200,82b2df9a-ef8d-4b87-b518-3a042f7bcca1,2026-09-25T16:15:00Z,2026-09-25T18:15:00+0200,40.43,MW,DK2,DK_2,forecast_solar_generation,Solar,2026-09-26T08:03:51Z
2026-09-26T08:01:56Z,2026-09-26T10:01:56+0200,82b2df9a-ef8d-4b87-b518-3a042f7bcca1,2026-09-25T16:30:00Z,2026-09-25T18:30:00+0200,13.528333,MW,DK2,DK_2,forecast_solar_generation,Solar,2026-09-26T08:03:51Z
2026-09-26T08:01:56Z,2026-09-26T10:01:56+0200,82b2df9a-ef8d-4b87-b518-3a042f7bcca1,2026-09-25T16:45:00Z,2026-09-25T18:45:00+0200,1.093333,MW,DK2,DK_2,forecast_solar_generation,Solar,2026-09-26T08:03:51Z
2026-09-26T08:01:56Z,2026-09-26T10:01:56+0200,82b2df9a-ef8d-4b87-b518-3a042f7bcca1,2026-09-25T17:00:00Z,2026-09-25T19:00:00+0200,0.005,MW,DK2,DK_2,forecast_solar_generation,Solar,2026-09-26T08:03:51Z
2026-09-26T08:01:56Z,2026-09-26T10:01:56+0200,82b2df9a-ef8d-4b87-b518-3a042f7bcca1,2026-09-25T17:15:00Z,2026-09-25T19:15:00+0200,0.0,MW,DK2,DK_2,forecast_solar_generation,Solar,2026-09-26T08:03:51Z
2026-09-26T08:01:56Z,2026-09-26T10:01:56+0200,82b2df9a-ef8d-4b87-b518-3a042f7bcca1,2026-09-25T17:30:00Z,2026-09-25T19:30:00+0200,0.0,MW,DK2,DK_2,forecast_solar_generation,Solar,2026-09-26T08:03:51Z
2026-09-26T08:01:56Z,2026-09-26T10:01:56+0200,82b2df9a-ef8d-4b87-b518-3a042f7bcca1,2026-09-25T17:45:00Z,2026-09-25T19:45:00+0200,0.0,MW,DK2,DK_2,forecast_solar_generation,Solar,2026-09-26T08:03:51Z
2026-09-26T08:01:56Z,2026-09-26T10:01:56+0200,82b2df9a-ef8d-4b87-b518-3a042f7bcca1,2026-09-25T18:00:00Z,2026-09-25T20:00:00+0200,0.0,MW,DK2,DK_2,forecast_solar_generation,Solar,2026-09-26T08:03:51Z
2026-09-26T08:01:56Z,2026-09-26T10:01:56+0200,82b2df9a-ef8d-4b87-b518-3a042f7bcca1,2026-09-25T18:15:00Z,2026-09-25T20:15:00+0200,0.0,MW,DK2,DK_2,forecast_solar_generation,Solar,2026-09-26T08:03:51Z
2026-09-26T08:01:56Z,2026-09-26T10:01:56+0200,82b2df9a-ef8d-4b87-b518-3a042f7bcca1,2026-09-25T18:30:00Z,2026-09-25T20:30:00+0200,0.0,MW,DK2,DK_2,forecast_solar_generation,Solar,2026-09-26T08:03:51Z
2026-09-26T08:01:56Z,2026-09-26T10:01:56+0200,82b2df9a-ef8d-4b87-b518-3a042f7bcca1,2026-09-25T18:45:00Z,2026-09-25T20:45:00+0200,0.0,MW,DK2,DK_2,forecast_solar_generation,Solar,2026-09-26T08:03:51Z
2026-09-26T08:01:56Z,2026-09-26T10:01:56+0200,82b2df9a-ef8d-4b87-b518-3a042f7bcca1,2026-09-25T19:00:00Z,2026-09-25T21:00:00+0200,0.0,MW,DK2,DK_2,forecast_solar_generation,Solar,2026-09-26T08:03:51Z
2026-09-26T08:01:56Z,2026-09-26T10:01:56+0200,82b2df9a-ef8d-4b87-b518-3a042f7bcca1,2026-09-25T19:15:00Z,2026-09-25T21:15:00+0200,0.0,MW,DK2,DK_2,forecast_solar_generation,Solar,2026-09-26T08:03:51Z
2026-09-26T08:01:56Z,2026-09-26T10:01:56+0200,82b2df9a-ef8d-4b87-b518-3a042f7bcca1,2026-09-25T19:30:00Z,2026-09-25T21:30:00+0200,0.0,MW,DK2,DK_2,forecast_solar_generation,Solar,2026-09-26T08:03:51Z
2026-09-26T08:01:56Z,2026-09-26T10:01:56+0200,82b2df9a-ef8d-4b87-b518-3a042f7bcca1,2026-09-25T19:45:00Z,2026-09-25T21:45:00+0200,0.0,MW,DK2,DK_2,forecast_solar_generation,Solar,2026-09-26T08:03:51Z
2026-09-26T08:01:56Z,2026-09-26T10:01:56+0200,82b2df9a-ef8d-4b87-b518-3a042f7bcca1,2026-09-25T20:00:00Z,2026-09-25T22:00:00+0200,0.0,MW,DK2,DK_2,forecast_solar_generation,Solar,2026-09-26T08:03:51Z
2026-09-26T08:01:56Z,2026-09-26T10:01:56+0200,82b2df9a-ef8d-4b87-b518-3a042f7bcca1,2026-09-25T20:15:00Z,2026-09-25T22:15:00+0200,0.0,MW,DK2,DK_2,forecast_solar_generation,Solar,2026-09-26T08:03:51Z
2026-09-26T08:01:56Z,2026-09-26T10:01:56+0200,82b2df9a-ef8d-4b87-b518-3a042f7bcca1,2026-09-25T20:30:00Z,2026-09-25T22:30:00+0200,0.0,MW,DK2,DK_2,forecast_solar_generation,Solar,2026-09-26T08:03:51Z
2026-09-26T08:01:56Z,2026-09-26T10:01:56+0200,82b2df9a-ef8d-4b87-b518-3a042f7bcca1,2026-09-25T20:45:00Z,2026-09-25T22:45:00+0200,0.0,MW,DK2,DK_2,forecast_solar_generation,Solar,2026-09-26T08:03:51Z
2026-09-26T08:01:56Z,2026-09-26T10:01:56+0200,82b2df9a-ef8d-4b87-b518-3a042f7bcca1,2026-09-25T21:00:00Z,2026-09-25T23:00:00+0200,0.0,MW,DK2,DK_2,forecast_solar_generation,Solar,2026-09-26T08:03:51Z
2026-09-26T08:01:56Z,2026-09-26T10:01:56+0200,82b2df9a-ef8d-4b87-b518-3a042f7bcca1,2026-09-25T21:15:00Z,2026-09-25T23:15:00+0200,0.0,MW,DK2,DK_2,forecast_solar_generation,Solar,2026-09-26T08:03:51Z
2026-09-26T08:01:56Z,2026-09-26T10:01:56+0200,82b2df9a-ef8d-4b87-b518-3a042f7bcca1,2026-09-25T21:30:00Z,2026-09-25T23:30:00+0200,0.0,MW,DK2,DK_2,forecast_solar_generation,Solar,2026-09-26T08:03:51Z
2026-09-26T08:01:56Z,2026-09-26T10:01:56+0200,82b2df9a-ef8d-4b87-b518-3a042f7bcca1,2026-09-25T21:45:00Z,2026-09-25T23:45:00+0200,0.0,MW,DK2,DK_2,forecast_solar_generation,Solar,2026-09-26T08:03:51Z
2026-09-26T08:01:56Z,2026-09-26T10:01:56+0200,82b2df9a-ef8d-4b87-b518-3a042f7bcca1,2026-09-25T22:00:00Z,2026-09-26T00:00:00+0200,0.0,MW,DK2,DK_2,forecast_solar_generation,Solar,2026-09-26T08:03:51Z
2026-09-26T08:01:56Z,2026-09-26T10:01:56+0200,82b2df9a-ef8d-4b87-b518-3a042f7bcca1,2026-09-25T22:15:00Z,2026-09-26T00:15:00+0200,0.0,MW,DK2,DK_2,forecast_solar_generation,Solar,2026-09-26T08:03:51Z
2026-09-26T08:01:56Z,2026-09-26T10:01:56+0200,82b2df9a-ef8d-4b87-b518-3a042f7bcca1,2026-09-25T22:30:00Z,2026-09-26T00:30:00+0200,0.0,MW,DK2,DK_2,forecast_solar_generation,Solar,2026-09-26T08:03:51Z
2026-09-26T08:01:56Z,2026-09-26T10:01:56+0200,82b2df9a-ef8d-4b87-b518-3a042f7bcca1,2026-09-25T22:45:00Z,2026-09-26T00:45:00+0200,0.0,MW,DK2,DK_2,forecast_solar_generation,Solar,2026-09-26T08:03:51Z
2026-09-26T08:01:56Z,2026-09-26T10:01:56+0200,82b2df9a-ef8d-4b87-b518-3a042f7bcca1,2026-09-25T23:00:00Z,2026-09-26T01:00:00+0200,0.0,MW,DK2,DK_2,forecast_solar_generation,Solar,2026-09-26T08:03:51Z
2026-09-26T08:01:56Z,2026-09-26T10:01:56+0200,82b2df9a-ef8d-4b87-b518-3a042f7bcca1,2026-09-25T23:15:00Z,2026-09-26T01:15:00+0200,0.0,MW,DK2,DK_2,forecast_solar_generation,Solar,2026-09-26T08:03:51Z
2026-09-26T08:01:56Z,2026-09-26T10:01:56+0200,82b2df9a-ef8d-4b87-b518-3a042f7bcca1,2026-09-25T23:30:00Z,2026-09-26T01:30:00+0200,0.0,MW,DK2,DK_2,forecast_solar_generation,Solar,2026-09-26T08:03:51Z
2026-09-26T08:01:56Z,2026-09-26T10:01:56+0200,82b2df9a-ef8d-4b87-b518-3a042f7bcca1,2026-09-25T23:45:00Z,2026-09-26T01:45:00+0200,0.0,MW,DK2,DK_2,forecast_solar_generation,Solar,2026-09-26T08:03:51Z
2026-09-26T08:01:56Z,2026-09-26T10:01:56+0200,82b2df9a-ef8d-4b87-b518-3a042f7bcca1,2026-09-26T00:00:00Z,2026-09-26T02:00:00+0200,0.0,MW,DK2,DK_2,forecast_solar_generation,Solar,2026-09-26T08:03:51Z
2026-09-26T08:01:56Z,2026-09-26T10:01:56+0200,82b2df9a-ef8d-4b87-b518-3a042f7bcca1,2026-09-26T00:15:00Z,2026-09-26T02:15:00+0200,0.0,MW,DK2,DK_2,forecast_solar_generation,Solar,2026-09-26T08:03:51Z
2026-09-26T08:01:56Z,2026-09-26T10:01:56+0200,82b2df9a-ef8d-4b87-b518-3a042f7bcca1,2026-09-26T00:30:00Z,2026-09-26T02:30:00+0200,0.0,MW,DK2,DK_2,forecast_solar_generation,Solar,2026-09-26T08:03:51Z
2026-09-26T08:01:56Z,2026-09-26T10:01:56+0200,82b2df9a-ef8d-4b87-b518-3a042f7bcca1,2026-09-26T00:45:00Z,2026-09-26T02:45:00+0200,0.0,MW,DK2,DK_2,forecast_solar_generation,Solar,2026-09-26T08:03:51Z
2026-09-26T08:01:56Z,2026-09-26T10:01:56+0200,82b2df9a-ef8d-4b87-b518-3a042f7bcca1,2026-09-26T01:00:00Z,2026-09-26T03:00:00+0200,0.0,MW,DK2,DK_2,forecast_solar_generation,Solar,2026-09-26T08:03:51Z
2026-09-26T08:01:56Z,2026-09-26T10:01:56+0200,82b2df9a-ef8d-4b87-b518-3a042f7bcca1,2026-09-26T01:15:00Z,2026-09-26T03:15:00+0200,0.0,MW,DK2,DK_2,forecast_solar_generation,Solar,2026-09-26T08:03:51Z
2026-09-26T08:01:56Z,2026-09-26T10:01:56+0200,82b2df9a-ef8d-4b87-b518-3a042f7bcca1,2026-09-26T01:30:00Z,2026-09-26T03:30:00+0200,0.0,MW,DK2,DK_2,forecast_solar_generation,Solar,2026-09-26T08:03:51Z
2026-09-26T08:01:56Z,2026-09-26T10:01:56+0200,82b2df9a-ef8d-4b87-b518-3a042f7bcca1,2026-09-26T01:45:00Z,2026-09-26T03:45:00+0200,0.0,MW,DK2,DK_2,forecast_solar_generation,Solar,2026-09-26T08:03:51Z
2026-09-26T08:01:56Z,2026-09-26T10:01:56+0200,82b2df9a-ef8d-4b87-b518-3a042f7bcca1,2026-09-26T02:00:00Z,2026-09-26T04:00:00+0200,0.0,MW,DK2,DK_2,forecast_solar_generation,Solar,2026-09-26T08:03:51Z
2026-09-26T08:01:56Z,2026-09-26T10:01:56+0200,82b2df9a-ef8d-4b87-b518-3a042f7bcca1,2026-09-26T02:15:00Z,2026-09-26T04:15:00+0200,0.0,MW,DK2,DK_2,forecast_solar_generation,Solar,2026-09-26T08:03:51Z
2026-09-26T08:01:56Z,2026-09-26T10:01:56+0200,82b2df9a-ef8d-4b87-b518-3a042f7bcca1,2026-09-26T02:30:00Z,2026-09-26T04:30:00+0200,0.0,MW,DK2,DK_2,forecast_solar_generation,Solar,2026-09-26T08:03:51Z
2026-09-26T08:01:56Z,2026-09-26T10:01:56+0200,82b2df9a-ef8d-4b87-b518-3a042f7bcca1,2026-09-26T02:45:00Z,2026-09-26T04:45:00+0200,0.0,MW,DK2,DK_2,forecast_solar_generation,Solar,2026-09-26T08:03:51Z
2026-09-26T08:01:56Z,2026-09-26T10:01:56+0200,82b2df9a-ef8d-4b87-b518-3a042f7bcca1,2026-09-26T03:00:00Z,2026-09-26T05:00:00+0200,0.0,MW,DK2,DK_2,forecast_solar_generation,Solar,2026-09-26T08:03:51Z
2026-09-26T08:01:56Z,2026-09-26T10:01:56+0200,82b2df9a-ef8d-4b87-b518-3a042f7bcca1,2026-09-26T03:15:00Z,2026-09-26T05:15:00+0200,0.0,MW,DK2,DK_2,forecast_solar_generation,Solar,2026-09-26T08:03:51Z
2026-09-26T08:01:56Z,2026-09-26T10:01:56+0200,82b2df9a-ef8d-4b87-b518-3a042f7bcca1,2026-09-26T03:30:00Z,2026-09-26T05:30:00+0200,0.0,MW,DK2,DK_2,forecast_solar_generation,Solar,2026-09-26T08:03:51Z
2026-09-26T08:01:56Z,2026-09-26T10:01:56+0200,82b2df9a-ef8d-4b87-b518-3a042f7bcca1,2026-09-26T03:45:00Z,2026-09-26T05:45:00+0200,0.0,MW,DK2,DK_2,forecast_solar_generation,Solar,2026-09-26T08:03:51Z
2026-09-26T08:01:56Z,2026-09-26T10:01:56+0200,82b2df9a-ef8d-4b87-b518-3a042f7bcca1,2026-09-26T04:00:00Z,2026-09-26T06:00:00+0200,0.0,MW,DK2,DK_2,forecast_solar_generation,Solar,2026-09-26T08:03:51Z
2026-09-26T08:01:56Z,2026-09-26T10:01:56+0200,82b2df9a-ef8d-4b87-b518-3a042f7bcca1,2026-09-26T04:15:00Z,2026-09-26T06:15:00+0200,0.0,MW,DK2,DK_2,forecast_solar_generation,Solar,2026-09-26T08:03:51Z
2026-09-26T08:01:56Z,2026-09-26T10:01:56+0200,82b2df9a-ef8d-4b87-b518-3a042f7bcca1,2026-09-26T04:30:00Z,2026-09-26T06:30:00+0200,0.0,MW,DK2,DK_2,forecast_solar_generation,Solar,2026-09-26T08:03:51Z
2026-09-26T08:01:56Z,2026-09-26T10:01:56+0200,82b2df9a-ef8d-4b87-b518-3a042f7bcca1,2026-09-26T04:45:00Z,2026-09-26T06:45:00+0200,0.0,MW,DK2,DK_2,forecast_solar_generation,Solar,2026-09-26T08:03:51Z
2026-09-26T08:01:56Z,2026-09-26T10:01:56+0200,82b2df9a-ef8d-4b87-b518-3a042f7bcca1,2026-09-26T05:00:00Z,2026-09-26T07:00:00+0200,0.121666,MW,DK2,DK_2,forecast_solar_generation,Solar,2026-09-26T08:03:51Z
2026-09-26T08:01:56Z,2026-09-26T10:01:56+0200,82b2df9a-ef8d-4b87-b518-3a042f7bcca1,2026-09-26T05:15:00Z,2026-09-26T07:15:00+0200,3.176666,MW,DK2,DK_2,forecast_solar_generation,Solar,2026-09-26T08:03:51Z
2026-09-26T08:01:56Z,2026-09-26T10:01:56+0200,82b2df9a-ef8d-4b87-b518-3a042f7bcca1,2026-09-26T05:30:00Z,2026-09-26T07:30:00+0200,16.381666,MW,DK2,DK_2,forecast_solar_generation,Solar,2026-09-26T08:03:51Z
2026-09-26T08:01:56Z,2026-09-26T10:01:56+0200,82b2df9a-ef8d-4b87-b518-3a042f7bcca1,2026-09-26T05:45:00Z,2026-09-26T07:45:00+0200,35.725,MW,DK2,DK_2,forecast_solar_generation,Solar,2026-09-26T08:03:51Z
2026-09-26T08:01:56Z,2026-09-26T10:01:56+0200,82b2df9a-ef8d-4b87-b518-3a042f7bcca1,2026-09-26T06:00:00Z,2026-09-26T08:00:00+0200,56.34,MW,DK2,DK_2,forecast_solar_generation,Solar,2026-09-26T08:03:51Z
2026-09-26T08:01:56Z,2026-09-26T10:01:56+0200,82b2df9a-ef8d-4b87-b518-3a042f7bcca1,2026-09-26T06:15:00Z,2026-09-26T08:15:00+0200,77.436666,MW,DK2,DK_2,forecast_solar_generation,Solar,2026-09-26T08:03:51Z
2026-09-26T08:01:56Z,2026-09-26T10:01:56+0200,82b2df9a-ef8d-4b87-b518-3a042f7bcca1,2026-09-26T06:30:00Z,2026-09-26T08:30:00+0200,100.483333,MW,DK2,DK_2,forecast_solar_generation,Solar,2026-09-26T08:03:51Z
2026-09-26T08:01:56Z,2026-09-26T10:01:56+0200,82b2df9a-ef8d-4b87-b518-3a042f7bcca1,2026-09-26T06:45:00Z,2026-09-26T08:45:00+0200,123.206666,MW,DK2,DK_2,forecast_solar_generation,Solar,2026-09-26T08:03:51Z
2026-09-26T08:01:56Z,2026-09-26T10:01:56+0200,82b2df9a-ef8d-4b87-b518-3a042f7bcca1,2026-09-26T07:00:00Z,2026-09-26T09:00:00+0200,144.743333,MW,DK2,DK_2,forecast_solar_generation,Solar,2026-09-26T08:03:51Z
2026-09-26T08:01:56Z,2026-09-26T10:01:56+0200,82b2df9a-ef8d-4b87-b518-3a042f7bcca1,2026-09-26T07:15:00Z,2026-09-26T09:15:00+0200,166.579999,MW,DK2,DK_2,forecast_solar_generation,Solar,2026-09-26T08:03:51Z
2026-09-26T08:01:56Z,2026-09-26T10:01:56+0200,82b2df9a-ef8d-4b87-b518-3a042f7bcca1,2026-09-26T07:30:00Z,2026-09-26T09:30:00+0200,190.965,MW,DK2,DK_2,forecast_solar_generation,Solar,2026-09-26T08:03:51Z
2026-09-26T08:01:56Z,2026-09-26T10:01:56+0200,82b2df9a-ef8d-4b87-b518-3a042f7bcca1,2026-09-26T07:45:00Z,2026-09-26T09:45:00+0200,219.091666,MW,DK2,DK_2,forecast_solar_generation,Solar,2026-09-26T08:03:51Z
2026-09-26T08:01:56Z,2026-09-26T10:01:56+0200,82b2df9a-ef8d-4b87-b518-3a042f7bcca1,2026-09-26T08:15:00Z,2026-09-26T10:15:00+0200,282.508333,MW,DK2,DK_2,forecast_solar_generation,Solar,2026-09-26T08:04:03Z
2026-09-26T08:01:56Z,2026-09-26T10:01:56+0200,82b2df9a-ef8d-4b87-b518-3a042f7bcca1,2026-09-26T08:30:00Z,2026-09-26T10:30:00+0200,315.871666,MW,DK2,DK_2,forecast_solar_generation,Solar,2026-09-26T08:04:03Z
2026-09-26T08:01:56Z,2026-09-26T10:01:56+0200,82b2df9a-ef8d-4b87-b518-3a042f7bcca1,2026-09-26T08:45:00Z,2026-09-26T10:45:00+0200,356.023333,MW,DK2,DK_2,forecast_solar_generation,Solar,2026-09-26T08:04:03Z
2026-09-26T08:01:56Z,2026-09-26T10:01:56+0200,82b2df9a-ef8d-4b87-b518-3a042f7bcca1,2026-09-26T09:00:00Z,2026-09-26T11:00:00+0200,400.571666,MW,DK2,DK_2,forecast_solar_generation,Solar,2026-09-26T08:04:03Z
2026-09-26T08:01:56Z,2026-09-26T10:01:56+0200,82b2df9a-ef8d-4b87-b518-3a042f7bcca1,2026-09-26T09:15:00Z,2026-09-26T11:15:00+0200,443.289999,MW,DK2,DK_2,forecast_solar_generation,Solar,2026-09-26T08:04:03Z
2026-09-26T08:01:56Z,2026-09-26T10:01:56+0200,82b2df9a-ef8d-4b87-b518-3a042f7bcca1,2026-09-26T09:30:00Z,2026-09-26T11:30:00+0200,480.686666,MW,DK2,DK_2,forecast_solar_generation,Solar,2026-09-26T08:04:03Z
2026-09-26T08:01:56Z,2026-09-26T10:01:56+0200,82b2df9a-ef8d-4b87-b518-3a042f7bcca1,2026-09-26T09:45:00Z,2026-09-26T11:45:00+0200,521.29,MW,DK2,DK_2,forecast_solar_generation,Solar,2026-09-26T08:04:03Z
2026-09-26T08:01:56Z,2026-09-26T10:01:56+0200,82b2df9a-ef8d-4b87-b518-3a042f7bcca1,2026-09-26T10:00:00Z,2026-09-26T12:00:00+0200,562.66,MW,DK2,DK_2,forecast_solar_generation,Solar,2026-09-26T08:04:03Z
2026-09-26T08:01:56Z,2026-09-26T10:01:56+0200,82b2df9a-ef8d-4b87-b518-3a042f7bcca1,2026-09-26T10:15:00Z,2026-09-26T12:15:00+0200,597.291666,MW,DK2,DK_2,forecast_solar_generation,Solar,2026-09-26T08:04:03Z
2026-09-26T08:01:56Z,2026-09-26T10:01:56+0200,82b2df9a-ef8d-4b87-b518-3a042f7bcca1,2026-09-26T10:30:00Z,2026-09-26T12:30:00+0200,622.775,MW,DK2,DK_2,forecast_solar_generation,Solar,2026-09-26T08:04:03Z
2026-09-26T08:01:56Z,2026-09-26T10:01:56+0200,82b2df9a-ef8d-4b87-b518-3a042f7bcca1,2026-09-26T10:45:00Z,2026-09-26T12:45:00+0200,652.563333,MW,DK2,DK_2,forecast_solar_generation,Solar,2026-09-26T08:04:03Z
2026-09-26T08:01:56Z,2026-09-26T10:01:56+0200,82b2df9a-ef8d-4b87-b518-3a042f7bcca1,2026-09-26T11:00:00Z,2026-09-26T13:00:00+0200,681.574999,MW,DK2,DK_2,forecast_solar_generation,Solar,2026-09-26T08:04:03Z
2026-09-26T08:01:56Z,2026-09-26T10:01:56+0200,82b2df9a-ef8d-4b87-b518-3a042f7bcca1,2026-09-26T11:15:00Z,2026-09-26T13:15:00+0200,700.448333,MW,DK2,DK_2,forecast_solar_generation,Solar,2026-09-26T08:04:03Z
2026-09-26T08:01:56Z,2026-09-26T10:01:56+0200,82b2df9a-ef8d-4b87-b518-3a042f7bcca1,2026-09-26T11:30:00Z,2026-09-26T13:30:00+0200,702.205,MW,DK2,DK_2,forecast_solar_generation,Solar,2026-09-26T08:04:03Z
2026-09-26T08:01:56Z,2026-09-26T10:01:56+0200,82b2df9a-ef8d-4b87-b518-3a042f7bcca1,2026-09-26T11:45:00Z,2026-09-26T13:45:00+0200,696.008333,MW,DK2,DK_2,forecast_solar_generation,Solar,2026-09-26T08:04:03Z
2026-09-26T08:01:56Z,2026-09-26T10:01:56+0200,82b2df9a-ef8d-4b87-b518-3a042f7bcca1,2026-09-26T12:00:00Z,2026-09-26T14:00:00+0200,684.926666,MW,DK2,DK_2,forecast_solar_generation,Solar,2026-09-26T08:04:03Z
2026-09-26T08:01:56Z,2026-09-26T10:01:56+0200,82b2df9a-ef8d-4b87-b518-3a042f7bcca1,2026-09-26T12:15:00Z,2026-09-26T14:15:00+0200,669.938333,MW,DK2,DK_2,forecast_solar_generation,Solar,2026-09-26T08:04:03Z
2026-09-26T08:01:56Z,2026-09-26T10:01:56+0200,82b2df9a-ef8d-4b87-b518-3a042f7bcca1,2026-09-26T12:30:00Z,2026-09-26T14:30:00+0200,651.854999,MW,DK2,DK_2,forecast_solar_generation,Solar,2026-09-26T08:04:03Z
2026-09-26T08:01:56Z,2026-09-26T10:01:56+0200,82b2df9a-ef8d-4b87-b518-3a042f7bcca1,2026-09-26T12:45:00Z,2026-09-26T14:45:00+0200,631.431666,MW,DK2,DK_2,forecast_solar_generation,Solar,2026-09-26T08:04:03Z
2026-09-26T08:01:56Z,2026-09-26T10:01:56+0200,82b2df9a-ef8d-4b87-b518-3a042f7bcca1,2026-09-26T13:00:00Z,2026-09-26T15:00:00+0200,607.871666,MW,DK2,DK_2,forecast_solar_generation,Solar,2026-09-26T08:04:03Z
2026-09-26T08:01:56Z,2026-09-26T10:01:56+0200,82b2df9a-ef8d-4b87-b518-3a042f7bcca1,2026-09-26T13:15:00Z,2026-09-26T15:15:00+0200,579.663333,MW,DK2,DK_2,forecast_solar_generation,Solar,2026-09-26T08:04:03Z
2026-09-26T08:01:56Z,2026-09-26T10:01:56+0200,82b2df9a-ef8d-4b87-b518-3a042f7bcca1,2026-09-26T13:30:00Z,2026-09-26T15:30:00+0200,545.945,MW,DK2,DK_2,forecast_solar_generation,Solar,2026-09-26T08:04:03Z
2026-09-26T08:01:56Z,2026-09-26T10:01:56+0200,82b2df9a-ef8d-4b87-b518-3a042f7bcca1,2026-09-26T13:45:00Z,2026-09-26T15:45:00+0200,508.015,MW,DK2,DK_2,forecast_solar_generation,Solar,2026-09-26T08:04:03Z
2026-09-26T08:01:56Z,2026-09-26T10:01:56+0200,82b2df9a-ef8d-4b87-b518-3a042f7bcca1,2026-09-26T14:00:00Z,2026-09-26T16:00:00+0200,466.268333,MW,DK2,DK_2,forecast_solar_generation,Solar,2026-09-26T08:04:03Z
2026-09-26T08:01:56Z,2026-09-26T10:01:56+0200,82b2df9a-ef8d-4b87-b518-3a042f7bcca1,2026-09-26T14:15:00Z,2026-09-26T16:15:00+0200,420.838333,MW,DK2,DK_2,forecast_solar_generation,Solar,2026-09-26T08:04:03Z
2026-09-26T08:01:56Z,2026-09-26T10:01:56+0200,82b2df9a-ef8d-4b87-b518-3a042f7bcca1,2026-09-26T14:30:00Z,2026-09-26T16:30:00+0200,372.228333,MW,DK2,DK_2,forecast_solar_generation,Solar,2026-09-26T08:04:03Z
2026-09-26T08:01:56Z,2026-09-26T10:01:56+0200,82b2df9a-ef8d-4b87-b518-3a042f7bcca1,2026-09-26T14:45:00Z,2026-09-26T16:45:00+0200,321.345,MW,DK2,DK_2,forecast_solar_generation,Solar,2026-09-26T08:04:03Z
2026-09-26T08:01:56Z,2026-09-26T10:01:56+0200,82b2df9a-ef8d-4b87-b518-3a042f7bcca1,2026-09-26T15:00:00Z,2026-09-26T17:00:00+0200,268.973333,MW,DK2,DK_2,forecast_solar_generation,Solar,2026-09-26T08:04:03Z
2026-09-26T08:01:56Z,2026-09-26T10:01:56+0200,82b2df9a-ef8d-4b87-b518-3a042f7bcca1,2026-09-26T15:15:00Z,2026-09-26T17:15:00+0200,215.998333,MW,DK2,DK_2,forecast_solar_generation,Solar,2026-09-26T08:04:03Z
2026-09-26T08:01:56Z,2026-09-26T10:01:56+0200,82b2df9a-ef8d-4b87-b518-3a042f7bcca1,2026-09-26T15:30:00Z,2026-09-26T17:30:00+0200,163.853333,MW,DK2,DK_2,forecast_solar_generation,Solar,2026-09-26T08:04:03Z
2026-09-26T08:01:56Z,2026-09-26T10:01:56+0200,82b2df9a-ef8d-4b87-b518-3a042f7bcca1,2026-09-26T15:45:00Z,2026-09-26T17:45:00+0200,115.29,MW,DK2,DK_2,forecast_solar_generation,Solar,2026-09-26T08:04:03Z
2026-09-26T08:01:56Z,2026-09-26T10:01:56+0200,82b2df9a-ef8d-4b87-b518-3a042f7bcca1,2026-09-26T16:00:00Z,2026-09-26T18:00:00+0200,72.171666,MW,DK2,DK_2,forecast_solar_generation,Solar,2026-09-26T08:04:03Z
2026-09-26T08:01:56Z,2026-09-26T10:01:56+0200,82b2df9a-ef8d-4b87-b518-3a042f7bcca1,2026-09-26T16:15:00Z,2026-09-26T18:15:00+0200,36.23,MW,DK2,DK_2,forecast_solar_generation,Solar,2026-09-26T08:04:03Z
2026-09-26T08:01:56Z,2026-09-26T10:01:56+0200,82b2df9a-ef8d-4b87-b518-3a042f7bcca1,2026-09-26T16:30:00Z,2026-09-26T18:30:00+0200,10.549999,MW,DK2,DK_2,forecast_solar_generation,Solar,2026-09-26T08:04:03Z
2026-09-26T08:01:56Z,2026-09-26T10:01:56+0200,82b2df9a-ef8d-4b87-b518-3a042f7bcca1,2026-09-26T16:45:00Z,2026-09-26T18:45:00+0200,0.66,MW,DK2,DK_2,forecast_solar_generation,Solar,2026-09-26T08:04:03Z
2026-09-26T08:01:56Z,2026-09-26T10:01:56+0200,82b2df9a-ef8d-4b87-b518-3a042f7bcca1,2026-09-26T17:00:00Z,2026-09-26T19:00:00+0200,0.0,MW,DK2,DK_2,forecast_solar_generation,Solar,2026-09-26T08:04:03Z
2026-09-26T08:01:56Z,2026-09-26T10:01:56+0200,82b2df9a-ef8d-4b87-b518-3a042f7bcca1,2026-09-26T17:15:00Z,2026-09-26T19:15:00+0200,0.0,MW,DK2,DK_2,forecast_solar_generation,Solar,2026-09-26T08:04:03Z
2026-09-26T08:01:56Z,2026-09-26T10:01:56+0200,82b2df9a-ef8d-4b87-b518-3a042f7bcca1,2026-09-26T17:30:00Z,2026-09-26T19:30:00+0200,0.0,MW,DK2,DK_2,forecast_solar_generation,Solar,2026-09-26T08:04:03Z
2026-09-26T08:01:56Z,2026-09-26T10:01:56+0200,82b2df9a-ef8d-4b87-b518-3a042f7bcca1,2026-09-26T17:45:00Z,2026-09-26T19:45:00+0200,0.0,MW,DK2,DK_2,forecast_solar_generation,Solar,2026-09-26T08:04:03Z
2026-09-26T08:01:56Z,2026-09-26T10:01:56+0200,82b2df9a-ef8d-4b87-b518-3a042f7bcca1,2026-09-26T18:00:00Z,2026-09-26T20:00:00+0200,0.0,MW,DK2,DK_2,forecast_solar_generation,Solar,2026-09-26T08:04:03Z
2026-09-26T08:01:56Z,2026-09-26T10:01:56+0200,82b2df9a-ef8d-4b87-b518-3a042f7bcca1,2026-09-26T18:15:00Z,2026-09-26T20:15:00+0200,0.0,MW,DK2,DK_2,forecast_solar_generation,Solar,2026-09-26T08:04:03Z
2026-09-26T08:01:56Z,2026-09-26T10:01:56+0200,82b2df9a-ef8d-4b87-b518-3a042f7bcca1,2026-09-26T18:30:00Z,2026-09-26T20:30:00+0200,0.0,MW,DK2,DK_2,forecast_solar_generation,Solar,2026-09-26T08:04:03Z
2026-09-26T08:01:56Z,2026-09-26T10:01:56+0200,82b2df9a-ef8d-4b87-b518-3a042f7bcca1,2026-09-26T18:45:00Z,2026-09-26T20:45:00+0200,0.0,MW,DK2,DK_2,forecast_solar_generation,Solar,2026-09-26T08:04:03Z
2026-09-26T08:01:56Z,2026-09-26T10:01:56+0200,82b2df9a-ef8d-4b87-b518-3a042f7bcca1,2026-09-26T19:00:00Z,2026-09-26T21:00:00+0200,0.0,MW,DK2,DK_2,forecast_solar_generation,Solar,2026-09-26T08:04:03Z
2026-09-26T08:01:56Z,2026-09-26T10:01:56+0200,82b2df9a-ef8d-4b87-b518-3a042f7bcca1,2026-09-26T19:15:00Z,2026-09-26T21:15:00+0200,0.0,MW,DK2,DK_2,forecast_solar_generation,Solar,2026-09-26T08:04:03Z
2026-09-26T08:01:56Z,2026-09-26T10:01:56+0200,82b2df9a-ef8d-4b87-b518-3a042f7bcca1,2026-09-26T19:30:00Z,2026-09-26T21:30:00+0200,0.0,MW,DK2,DK_2,forecast_solar_generation,Solar,2026-09-26T08:04:03Z
2026-09-26T08:01:56Z,2026-09-26T10:01:56+0200,82b2df9a-ef8d-4b87-b518-3a042f7bcca1,2026-09-26T19:45:00Z,2026-09-26T21:45:00+0200,0.0,MW,DK2,DK_2,forecast_solar_generation,Solar,2026-09-26T08:04:03Z
2026-09-26T08:01:56Z,2026-09-26T10:01:56+0200,82b2df9a-ef8d-4b87-b518-3a042f7bcca1,2026-09-26T20:00:00Z,2026-09-26T22:00:00+0200,0.0,MW,DK2,DK_2,forecast_solar_generation,Solar,2026-09-26T08:04:03Z
2026-09-26T08:01:56Z,2026-09-26T10:01:56+0200,82b2df9a-ef8d-4b87-b518-3a042f7bcca1,2026-09-26T20:15:00Z,2026-09-26T22:15:00+0200,0.0,MW,DK2,DK_2,forecast_solar_generation,Solar,2026-09-26T08:04:03Z
2026-09-26T08:01:56Z,2026-09-26T10:01:56+0200,82b2df9a-ef8d-4b87-b518-3a042f7bcca1,2026-09-26T20:30:00Z,2026-09-26T22:30:00+0200,0.0,MW,DK2,DK_2,forecast_solar_generation,Solar,2026-09-26T08:04:03Z
2026-09-26T08:01:56Z,2026-09-26T10:01:56+0200,82b2df9a-ef8d-4b87-b518-3a042f7bcca1,2026-09-26T20:45:00Z,2026-09-26T22:45:00+0200,0.0,MW,DK2,DK_2,forecast_solar_generation,Solar,2026-09-26T08:04:03Z
2026-09-26T08:01:56Z,2026-09-26T10:01:56+0200,82b2df9a-ef8d-4b87-b518-3a042f7bcca1,2026-09-26T21:00:00Z,2026-09-26T23:00:00+0200,0.0,MW,DK2,DK_2,forecast_solar_generation,Solar,2026-09-26T08:04:03Z
2026-09-26T08:01:56Z,2026-09-26T10:01:56+0200,82b2df9a-ef8d-4b87-b518-3a042f7bcca1,2026-09-26T21:15:00Z,2026-09-26T23:15:00+0200,0.0,MW,DK2,DK_2,forecast_solar_generation,Solar,2026-09-26T08:04:03Z
2026-09-26T08:01:56Z,2026-09-26T10:01:56+0200,82b2df9a-ef8d-4b87-b518-3a042f7bcca1,2026-09-26T21:30:00Z,2026-09-26T23:30:00+0200,0.0,MW,DK2,DK_2,forecast_solar_generation,Solar,2026-09-26T08:04:03Z
2026-09-26T08:01:56Z,2026-09-26T10:01:56+0200,82b2df9a-ef8d-4b87-b518-3a042f7bcca1,2026-09-26T21:45:00Z,2026-09-26T23:45:00+0200,0.0,MW,DK2,DK_2,forecast_solar_generation,Solar,2026-09-26T08:04:03Z
