collection_time_utc,collection_time_local,run_id,timestamp_utc,timestamp_local,value,unit,country,entsoe_area,variable,source,updated_at_utc
2026-09-14T21:41:46Z,2026-09-14T23:41:46+0200,fd4fbb11-a2a7-48e0-bc44-eb470b257691,2026-09-07T22:00:00Z,2026-09-08T00:00:00+0200,2041.0,MW,DK1,DK_1,forecast_load,Forecasted Load,2026-09-14T21:42:08Z
2026-09-14T21:41:46Z,2026-09-14T23:41:46+0200,fd4fbb11-a2a7-48e0-bc44-eb470b257691,2026-09-07T23:00:00Z,2026-09-08T01:00:00+0200,2028.0,MW,DK1,DK_1,forecast_load,Forecasted Load,2026-09-14T21:42:08Z
2026-09-14T21:41:46Z,2026-09-14T23:41:46+0200,fd4fbb11-a2a7-48e0-bc44-eb470b257691,2026-09-08T00:00:00Z,2026-09-08T02:00:00+0200,2006.0,MW,DK1,DK_1,forecast_load,Forecasted Load,2026-09-14T21:42:08Z
2026-09-14T21:41:46Z,2026-09-14T23:41:46+0200,fd4fbb11-a2a7-48e0-bc44-eb470b257691,2026-09-08T01:00:00Z,2026-09-08T03:00:00+0200,1900.0,MW,DK1,DK_1,forecast_load,Forecasted Load,2026-09-14T21:42:08Z
2026-09-14T21:41:46Z,2026-09-14T23:41:46+0200,fd4fbb11-a2a7-48e0-bc44-eb470b257691,2026-09-08T02:00:00Z,2026-09-08T04:00:00+0200,1868.0,MW,DK1,DK_1,forecast_load,Forecasted Load,2026-09-14T21:42:08Z
2026-09-14T21:41:46Z,2026-09-14T23:41:46+0200,fd4fbb11-a2a7-48e0-bc44-eb470b257691,2026-09-08T03:00:00Z,2026-09-08T05:00:00+0200,1938.0,MW,DK1,DK_1,forecast_load,Forecasted Load,2026-09-14T21:42:08Z
2026-09-14T21:41:46Z,2026-09-14T23:41:46+0200,fd4fbb11-a2a7-48e0-bc44-eb470b257691,2026-09-08T04:00:00Z,2026-09-08T06:00:00+0200,2216.0,MW,DK1,DK_1,forecast_load,Forecasted Load,2026-09-14T21:42:08Z
2026-09-14T21:41:46Z,2026-09-14T23:41:46+0200,fd4fbb11-a2a7-48e0-bc44-eb470b257691,2026-09-08T05:00:00Z,2026-09-08T07:00:00+0200,2558.0,MW,DK1,DK_1,forecast_load,Forecasted Load,2026-09-14T21:42:08Z
2026-09-14T21:41:46Z,2026-09-14T23:41:46+0200,fd4fbb11-a2a7-48e0-bc44-eb470b257691,2026-09-08T06:00:00Z,2026-09-08T08:00:00+0200,2872.0,MW,DK1,DK_1,forecast_load,Forecasted Load,2026-09-14T21:42:08Z
2026-09-14T21:41:46Z,2026-09-14T23:41:46+0200,fd4fbb11-a2a7-48e0-bc44-eb470b257691,2026-09-08T07:00:00Z,2026-09-08T09:00:00+0200,2916.0,MW,DK1,DK_1,forecast_load,Forecasted Load,2026-09-14T21:42:08Z
2026-09-14T21:41:46Z,2026-09-14T23:41:46+0200,fd4fbb11-a2a7-48e0-bc44-eb470b257691,2026-09-08T08:00:00Z,2026-09-08T10:00:00+0200,2997.0,MW,DK1,DK_1,forecast_load,Forecasted Load,2026-09-14T21:42:08Z
2026-09-14T21:41:46Z,2026-09-14T23:41:46+0200,fd4fbb11-a2a7-48e0-bc44-eb470b257691,2026-09-08T09:00:00Z,2026-09-08T11:00:00+0200,3174.0,MW,DK1,DK_1,forecast_load,Forecasted Load,2026-09-14T21:42:08Z
2026-09-14T21:41:46Z,2026-09-14T23:41:46+0200,fd4fbb11-a2a7-48e0-bc44-eb470b257691,2026-09-08T10:00:00Z,2026-09-08T12:00:00+0200,3399.0,MW,DK1,DK_1,forecast_load,Forecasted Load,2026-09-14T21:42:08Z
2026-09-14T21:41:46Z,2026-09-14T23:41:46+0200,fd4fbb11-a2a7-48e0-bc44-eb470b257691,2026-09-08T11:00:00Z,2026-09-08T13:00:00+0200,3585.0,MW,DK1,DK_1,forecast_load,Forecasted Load,2026-09-14T21:42:08Z
2026-09-14T21:41:46Z,2026-09-14T23:41:46+0200,fd4fbb11-a2a7-48e0-bc44-eb470b257691,2026-09-08T12:00:00Z,2026-09-08T14:00:00+0200,3431.0,MW,DK1,DK_1,forecast_load,Forecasted Load,2026-09-14T21:42:08Z
2026-09-14T21:41:46Z,2026-09-14T23:41:46+0200,fd4fbb11-a2a7-48e0-bc44-eb470b257691,2026-09-08T13:00:00Z,2026-09-08T15:00:00+0200,3250.0,MW,DK1,DK_1,forecast_load,Forecasted Load,2026-09-14T21:42:08Z
2026-09-14T21:41:46Z,2026-09-14T23:41:46+0200,fd4fbb11-a2a7-48e0-bc44-eb470b257691,2026-09-08T14:00:00Z,2026-09-08T16:00:00+0200,3104.0,MW,DK1,DK_1,forecast_load,Forecasted Load,2026-09-14T21:42:08Z
2026-09-14T21:41:46Z,2026-09-14T23:41:46+0200,fd4fbb11-a2a7-48e0-bc44-eb470b257691,2026-09-08T15:00:00Z,2026-09-08T17:00:00+0200,3057.0,MW,DK1,DK_1,forecast_load,Forecasted Load,2026-09-14T21:42:08Z
2026-09-14T21:41:46Z,2026-09-14T23:41:46+0200,fd4fbb11-a2a7-48e0-bc44-eb470b257691,2026-09-08T16:00:00Z,2026-09-08T18:00:00+0200,2919.0,MW,DK1,DK_1,forecast_load,Forecasted Load,2026-09-14T21:42:08Z
2026-09-14T21:41:46Z,2026-09-14T23:41:46+0200,fd4fbb11-a2a7-48e0-bc44-eb470b257691,2026-09-08T17:00:00Z,2026-09-08T19:00:00+0200,2599.0,MW,DK1,DK_1,forecast_load,Forecasted Load,2026-09-14T21:42:08Z
2026-09-14T21:41:46Z,2026-09-14T23:41:46+0200,fd4fbb11-a2a7-48e0-bc44-eb470b257691,2026-09-08T18:00:00Z,2026-09-08T20:00:00+0200,2530.0,MW,DK1,DK_1,forecast_load,Forecasted Load,2026-09-14T21:42:08Z
2026-09-14T21:41:46Z,2026-09-14T23:41:46+0200,fd4fbb11-a2a7-48e0-bc44-eb470b257691,2026-09-08T19:00:00Z,2026-09-08T21:00:00+0200,2458.0,MW,DK1,DK_1,forecast_load,Forecasted Load,2026-09-14T21:42:08Z
2026-09-14T21:41:46Z,2026-09-14T23:41:46+0200,fd4fbb11-a2a7-48e0-bc44-eb470b257691,2026-09-08T20:00:00Z,2026-09-08T22:00:00+0200,2256.0,MW,DK1,DK_1,forecast_load,Forecasted Load,2026-09-14T21:42:08Z
2026-09-14T21:41:46Z,2026-09-14T23:41:46+0200,fd4fbb11-a2a7-48e0-bc44-eb470b257691,2026-09-08T21:00:00Z,2026-09-08T23:00:00+0200,2180.0,MW,DK1,DK_1,forecast_load,Forecasted Load,2026-09-14T21:42:08Z
2026-09-14T21:41:46Z,2026-09-14T23:41:46+0200,fd4fbb11-a2a7-48e0-bc44-eb470b257691,2026-09-08T22:00:00Z,2026-09-09T00:00:00+0200,2243.0,MW,DK1,DK_1,forecast_load,Forecasted Load,2026-09-14T21:42:08Z
2026-09-14T21:41:46Z,2026-09-14T23:41:46+0200,fd4fbb11-a2a7-48e0-bc44-eb470b257691,2026-09-08T23:00:00Z,2026-09-09T01:00:00+0200,2189.0,MW,DK1,DK_1,forecast_load,Forecasted Load,2026-09-14T21:42:08Z
2026-09-14T21:41:46Z,2026-09-14T23:41:46+0200,fd4fbb11-a2a7-48e0-bc44-eb470b257691,2026-09-09T00:00:00Z,2026-09-09T02:00:00+0200,2161.0,MW,DK1,DK_1,forecast_load,Forecasted Load,2026-09-14T21:42:08Z
2026-09-14T21:41:46Z,2026-09-14T23:41:46+0200,fd4fbb11-a2a7-48e0-bc44-eb470b257691,2026-09-09T01:00:00Z,2026-09-09T03:00:00+0200,2168.0,MW,DK1,DK_1,forecast_load,Forecasted Load,2026-09-14T21:42:08Z
2026-09-14T21:41:46Z,2026-09-14T23:41:46+0200,fd4fbb11-a2a7-48e0-bc44-eb470b257691,2026-09-09T02:00:00Z,2026-09-09T04:00:00+0200,2141.0,MW,DK1,DK_1,forecast_load,Forecasted Load,2026-09-14T21:42:08Z
2026-09-14T21:41:46Z,2026-09-14T23:41:46+0200,fd4fbb11-a2a7-48e0-bc44-eb470b257691,2026-09-09T03:00:00Z,2026-09-09T05:00:00+0200,2182.0,MW,DK1,DK_1,forecast_load,Forecasted Load,2026-09-14T21:42:08Z
2026-09-14T21:41:46Z,2026-09-14T23:41:46+0200,fd4fbb11-a2a7-48e0-bc44-eb470b257691,2026-09-09T04:00:00Z,2026-09-09T06:00:00+0200,2378.0,MW,DK1,DK_1,forecast_load,Forecasted Load,2026-09-14T21:42:08Z
2026-09-14T21:41:46Z,2026-09-14T23:41:46+0200,fd4fbb11-a2a7-48e0-bc44-eb470b257691,2026-09-09T05:00:00Z,2026-09-09T07:00:00+0200,2630.0,MW,DK1,DK_1,forecast_load,Forecasted Load,2026-09-14T21:42:08Z
2026-09-14T21:41:46Z,2026-09-14T23:41:46+0200,fd4fbb11-a2a7-48e0-bc44-eb470b257691,2026-09-09T06:00:00Z,2026-09-09T08:00:00+0200,2805.0,MW,DK1,DK_1,forecast_load,Forecasted Load,2026-09-14T21:42:08Z
2026-09-14T21:41:46Z,2026-09-14T23:41:46+0200,fd4fbb11-a2a7-48e0-bc44-eb470b257691,2026-09-09T07:00:00Z,2026-09-09T09:00:00+0200,2766.0,MW,DK1,DK_1,forecast_load,Forecasted Load,2026-09-14T21:42:08Z
2026-09-14T21:41:46Z,2026-09-14T23:41:46+0200,fd4fbb11-a2a7-48e0-bc44-eb470b257691,2026-09-09T08:00:00Z,2026-09-09T10:00:00+0200,3098.0,MW,DK1,DK_1,forecast_load,Forecasted Load,2026-09-14T21:42:08Z
2026-09-14T21:41:46Z,2026-09-14T23:41:46+0200,fd4fbb11-a2a7-48e0-bc44-eb470b257691,2026-09-09T09:00:00Z,2026-09-09T11:00:00+0200,3203.0,MW,DK1,DK_1,forecast_load,Forecasted Load,2026-09-14T21:42:08Z
2026-09-14T21:41:46Z,2026-09-14T23:41:46+0200,fd4fbb11-a2a7-48e0-bc44-eb470b257691,2026-09-09T10:00:00Z,2026-09-09T12:00:00+0200,3001.0,MW,DK1,DK_1,forecast_load,Forecasted Load,2026-09-14T21:42:08Z
2026-09-14T21:41:46Z,2026-09-14T23:41:46+0200,fd4fbb11-a2a7-48e0-bc44-eb470b257691,2026-09-09T11:00:00Z,2026-09-09T13:00:00+0200,3283.0,MW,DK1,DK_1,forecast_load,Forecasted Load,2026-09-14T21:42:08Z
2026-09-14T21:41:46Z,2026-09-14T23:41:46+0200,fd4fbb11-a2a7-48e0-bc44-eb470b257691,2026-09-09T12:00:00Z,2026-09-09T14:00:00+0200,3154.0,MW,DK1,DK_1,forecast_load,Forecasted Load,2026-09-14T21:42:08Z
2026-09-14T21:41:46Z,2026-09-14T23:41:46+0200,fd4fbb11-a2a7-48e0-bc44-eb470b257691,2026-09-09T13:00:00Z,2026-09-09T15:00:00+0200,3237.0,MW,DK1,DK_1,forecast_load,Forecasted Load,2026-09-14T21:42:08Z
2026-09-14T21:41:46Z,2026-09-14T23:41:46+0200,fd4fbb11-a2a7-48e0-bc44-eb470b257691,2026-09-09T14:00:00Z,2026-09-09T16:00:00+0200,3061.0,MW,DK1,DK_1,forecast_load,Forecasted Load,2026-09-14T21:42:08Z
2026-09-14T21:41:46Z,2026-09-14T23:41:46+0200,fd4fbb11-a2a7-48e0-bc44-eb470b257691,2026-09-09T15:00:00Z,2026-09-09T17:00:00+0200,3091.0,MW,DK1,DK_1,forecast_load,Forecasted Load,2026-09-14T21:42:08Z
2026-09-14T21:41:46Z,2026-09-14T23:41:46+0200,fd4fbb11-a2a7-48e0-bc44-eb470b257691,2026-09-09T16:00:00Z,2026-09-09T18:00:00+0200,2993.0,MW,DK1,DK_1,forecast_load,Forecasted Load,2026-09-14T21:42:08Z
2026-09-14T21:41:46Z,2026-09-14T23:41:46+0200,fd4fbb11-a2a7-48e0-bc44-eb470b257691,2026-09-09T17:00:00Z,2026-09-09T19:00:00+0200,2663.0,MW,DK1,DK_1,forecast_load,Forecasted Load,2026-09-14T21:42:08Z
2026-09-14T21:41:46Z,2026-09-14T23:41:46+0200,fd4fbb11-a2a7-48e0-bc44-eb470b257691,2026-09-09T18:00:00Z,2026-09-09T20:00:00+0200,2603.0,MW,DK1,DK_1,forecast_load,Forecasted Load,2026-09-14T21:42:08Z
2026-09-14T21:41:46Z,2026-09-14T23:41:46+0200,fd4fbb11-a2a7-48e0-bc44-eb470b257691,2026-09-09T19:00:00Z,2026-09-09T21:00:00+0200,2512.0,MW,DK1,DK_1,forecast_load,Forecasted Load,2026-09-14T21:42:08Z
2026-09-14T21:41:46Z,2026-09-14T23:41:46+0200,fd4fbb11-a2a7-48e0-bc44-eb470b257691,2026-09-09T20:00:00Z,2026-09-09T22:00:00+0200,2342.0,MW,DK1,DK_1,forecast_load,Forecasted Load,2026-09-14T21:42:08Z
2026-09-14T21:41:46Z,2026-09-14T23:41:46+0200,fd4fbb11-a2a7-48e0-bc44-eb470b257691,2026-09-09T21:00:00Z,2026-09-09T23:00:00+0200,2246.0,MW,DK1,DK_1,forecast_load,Forecasted Load,2026-09-14T21:42:08Z
2026-09-14T21:41:46Z,2026-09-14T23:41:46+0200,fd4fbb11-a2a7-48e0-bc44-eb470b257691,2026-09-09T22:00:00Z,2026-09-10T00:00:00+0200,2462.2,MW,DK1,DK_1,forecast_load,Forecasted Load,2026-09-14T21:42:08Z
2026-09-14T21:41:46Z,2026-09-14T23:41:46+0200,fd4fbb11-a2a7-48e0-bc44-eb470b257691,2026-09-09T23:00:00Z,2026-09-10T01:00:00+0200,2320.8,MW,DK1,DK_1,forecast_load,Forecasted Load,2026-09-14T21:42:08Z
2026-09-14T21:41:46Z,2026-09-14T23:41:46+0200,fd4fbb11-a2a7-48e0-bc44-eb470b257691,2026-09-10T00:00:00Z,2026-09-10T02:00:00+0200,2220.3,MW,DK1,DK_1,forecast_load,Forecasted Load,2026-09-14T21:42:08Z
2026-09-14T21:41:46Z,2026-09-14T23:41:46+0200,fd4fbb11-a2a7-48e0-bc44-eb470b257691,2026-09-10T01:00:00Z,2026-09-10T03:00:00+0200,2039.7,MW,DK1,DK_1,forecast_load,Forecasted Load,2026-09-14T21:42:08Z
2026-09-14T21:41:46Z,2026-09-14T23:41:46+0200,fd4fbb11-a2a7-48e0-bc44-eb470b257691,2026-09-10T02:00:00Z,2026-09-10T04:00:00+0200,1953.5,MW,DK1,DK_1,forecast_load,Forecasted Load,2026-09-14T21:42:08Z
2026-09-14T21:41:46Z,2026-09-14T23:41:46+0200,fd4fbb11-a2a7-48e0-bc44-eb470b257691,2026-09-10T03:00:00Z,2026-09-10T05:00:00+0200,2059.2,MW,DK1,DK_1,forecast_load,Forecasted Load,2026-09-14T21:42:08Z
2026-09-14T21:41:46Z,2026-09-14T23:41:46+0200,fd4fbb11-a2a7-48e0-bc44-eb470b257691,2026-09-10T04:00:00Z,2026-09-10T06:00:00+0200,2366.3,MW,DK1,DK_1,forecast_load,Forecasted Load,2026-09-14T21:42:08Z
2026-09-14T21:41:46Z,2026-09-14T23:41:46+0200,fd4fbb11-a2a7-48e0-bc44-eb470b257691,2026-09-10T05:00:00Z,2026-09-10T07:00:00+0200,2625.8,MW,DK1,DK_1,forecast_load,Forecasted Load,2026-09-14T21:42:08Z
2026-09-14T21:41:46Z,2026-09-14T23:41:46+0200,fd4fbb11-a2a7-48e0-bc44-eb470b257691,2026-09-10T06:00:00Z,2026-09-10T08:00:00+0200,2741.7,MW,DK1,DK_1,forecast_load,Forecasted Load,2026-09-14T21:42:08Z
2026-09-14T21:41:46Z,2026-09-14T23:41:46+0200,fd4fbb11-a2a7-48e0-bc44-eb470b257691,2026-09-10T07:00:00Z,2026-09-10T09:00:00+0200,2770.4,MW,DK1,DK_1,forecast_load,Forecasted Load,2026-09-14T21:42:08Z
2026-09-14T21:41:46Z,2026-09-14T23:41:46+0200,fd4fbb11-a2a7-48e0-bc44-eb470b257691,2026-09-10T08:00:00Z,2026-09-10T10:00:00+0200,2830.2,MW,DK1,DK_1,forecast_load,Forecasted Load,2026-09-14T21:42:08Z
2026-09-14T21:41:46Z,2026-09-14T23:41:46+0200,fd4fbb11-a2a7-48e0-bc44-eb470b257691,2026-09-10T09:00:00Z,2026-09-10T11:00:00+0200,2916.7,MW,DK1,DK_1,forecast_load,Forecasted Load,2026-09-14T21:42:08Z
2026-09-14T21:41:46Z,2026-09-14T23:41:46+0200,fd4fbb11-a2a7-48e0-bc44-eb470b257691,2026-09-10T10:00:00Z,2026-09-10T12:00:00+0200,3065.3,MW,DK1,DK_1,forecast_load,Forecasted Load,2026-09-14T21:42:08Z
2026-09-14T21:41:46Z,2026-09-14T23:41:46+0200,fd4fbb11-a2a7-48e0-bc44-eb470b257691,2026-09-10T11:00:00Z,2026-09-10T13:00:00+0200,3177.6,MW,DK1,DK_1,forecast_load,Forecasted Load,2026-09-14T21:42:08Z
2026-09-14T21:41:46Z,2026-09-14T23:41:46+0200,fd4fbb11-a2a7-48e0-bc44-eb470b257691,2026-09-10T12:00:00Z,2026-09-10T14:00:00+0200,3069.4,MW,DK1,DK_1,forecast_load,Forecasted Load,2026-09-14T21:42:08Z
2026-09-14T21:41:46Z,2026-09-14T23:41:46+0200,fd4fbb11-a2a7-48e0-bc44-eb470b257691,2026-09-10T13:00:00Z,2026-09-10T15:00:00+0200,2895.8,MW,DK1,DK_1,forecast_load,Forecasted Load,2026-09-14T21:42:08Z
2026-09-14T21:41:46Z,2026-09-14T23:41:46+0200,fd4fbb11-a2a7-48e0-bc44-eb470b257691,2026-09-10T14:00:00Z,2026-09-10T16:00:00+0200,2768.4,MW,DK1,DK_1,forecast_load,Forecasted Load,2026-09-14T21:42:08Z
2026-09-14T21:41:46Z,2026-09-14T23:41:46+0200,fd4fbb11-a2a7-48e0-bc44-eb470b257691,2026-09-10T15:00:00Z,2026-09-10T17:00:00+0200,2965.8,MW,DK1,DK_1,forecast_load,Forecasted Load,2026-09-14T21:42:08Z
2026-09-14T21:41:46Z,2026-09-14T23:41:46+0200,fd4fbb11-a2a7-48e0-bc44-eb470b257691,2026-09-10T16:00:00Z,2026-09-10T18:00:00+0200,2793.8,MW,DK1,DK_1,forecast_load,Forecasted Load,2026-09-14T21:42:08Z
2026-09-14T21:41:46Z,2026-09-14T23:41:46+0200,fd4fbb11-a2a7-48e0-bc44-eb470b257691,2026-09-10T17:00:00Z,2026-09-10T19:00:00+0200,2493.3,MW,DK1,DK_1,forecast_load,Forecasted Load,2026-09-14T21:42:08Z
2026-09-14T21:41:46Z,2026-09-14T23:41:46+0200,fd4fbb11-a2a7-48e0-bc44-eb470b257691,2026-09-10T18:00:00Z,2026-09-10T20:00:00+0200,2449.8,MW,DK1,DK_1,forecast_load,Forecasted Load,2026-09-14T21:42:08Z
2026-09-14T21:41:46Z,2026-09-14T23:41:46+0200,fd4fbb11-a2a7-48e0-bc44-eb470b257691,2026-09-10T19:00:00Z,2026-09-10T21:00:00+0200,2375.8,MW,DK1,DK_1,forecast_load,Forecasted Load,2026-09-14T21:42:08Z
2026-09-14T21:41:46Z,2026-09-14T23:41:46+0200,fd4fbb11-a2a7-48e0-bc44-eb470b257691,2026-09-10T20:00:00Z,2026-09-10T22:00:00+0200,2179.1,MW,DK1,DK_1,forecast_load,Forecasted Load,2026-09-14T21:42:08Z
2026-09-14T21:41:46Z,2026-09-14T23:41:46+0200,fd4fbb11-a2a7-48e0-bc44-eb470b257691,2026-09-10T21:00:00Z,2026-09-10T23:00:00+0200,2066.6,MW,DK1,DK_1,forecast_load,Forecasted Load,2026-09-14T21:42:08Z
2026-09-14T21:41:46Z,2026-09-14T23:41:46+0200,fd4fbb11-a2a7-48e0-bc44-eb470b257691,2026-09-10T22:00:00Z,2026-09-11T00:00:00+0200,2212.0,MW,DK1,DK_1,forecast_load,Forecasted Load,2026-09-14T21:42:08Z
2026-09-14T21:41:46Z,2026-09-14T23:41:46+0200,fd4fbb11-a2a7-48e0-bc44-eb470b257691,2026-09-10T23:00:00Z,2026-09-11T01:00:00+0200,2228.0,MW,DK1,DK_1,forecast_load,Forecasted Load,2026-09-14T21:42:08Z
2026-09-14T21:41:46Z,2026-09-14T23:41:46+0200,fd4fbb11-a2a7-48e0-bc44-eb470b257691,2026-09-11T00:00:00Z,2026-09-11T02:00:00+0200,2233.0,MW,DK1,DK_1,forecast_load,Forecasted Load,2026-09-14T21:42:08Z
2026-09-14T21:41:46Z,2026-09-14T23:41:46+0200,fd4fbb11-a2a7-48e0-bc44-eb470b257691,2026-09-11T01:00:00Z,2026-09-11T03:00:00+0200,2317.0,MW,DK1,DK_1,forecast_load,Forecasted Load,2026-09-14T21:42:08Z
2026-09-14T21:41:46Z,2026-09-14T23:41:46+0200,fd4fbb11-a2a7-48e0-bc44-eb470b257691,2026-09-11T02:00:00Z,2026-09-11T04:00:00+0200,2248.0,MW,DK1,DK_1,forecast_load,Forecasted Load,2026-09-14T21:42:08Z
2026-09-14T21:41:46Z,2026-09-14T23:41:46+0200,fd4fbb11-a2a7-48e0-bc44-eb470b257691,2026-09-11T03:00:00Z,2026-09-11T05:00:00+0200,2210.0,MW,DK1,DK_1,forecast_load,Forecasted Load,2026-09-14T21:42:08Z
2026-09-14T21:41:46Z,2026-09-14T23:41:46+0200,fd4fbb11-a2a7-48e0-bc44-eb470b257691,2026-09-11T04:00:00Z,2026-09-11T06:00:00+0200,2478.0,MW,DK1,DK_1,forecast_load,Forecasted Load,2026-09-14T21:42:08Z
2026-09-14T21:41:46Z,2026-09-14T23:41:46+0200,fd4fbb11-a2a7-48e0-bc44-eb470b257691,2026-09-11T05:00:00Z,2026-09-11T07:00:00+0200,2618.0,MW,DK1,DK_1,forecast_load,Forecasted Load,2026-09-14T21:42:08Z
2026-09-14T21:41:46Z,2026-09-14T23:41:46+0200,fd4fbb11-a2a7-48e0-bc44-eb470b257691,2026-09-11T06:00:00Z,2026-09-11T08:00:00+0200,2775.0,MW,DK1,DK_1,forecast_load,Forecasted Load,2026-09-14T21:42:08Z
2026-09-14T21:41:46Z,2026-09-14T23:41:46+0200,fd4fbb11-a2a7-48e0-bc44-eb470b257691,2026-09-11T07:00:00Z,2026-09-11T09:00:00+0200,2919.0,MW,DK1,DK_1,forecast_load,Forecasted Load,2026-09-14T21:42:08Z
2026-09-14T21:41:46Z,2026-09-14T23:41:46+0200,fd4fbb11-a2a7-48e0-bc44-eb470b257691,2026-09-11T08:00:00Z,2026-09-11T10:00:00+0200,3030.0,MW,DK1,DK_1,forecast_load,Forecasted Load,2026-09-14T21:42:08Z
2026-09-14T21:41:46Z,2026-09-14T23:41:46+0200,fd4fbb11-a2a7-48e0-bc44-eb470b257691,2026-09-11T09:00:00Z,2026-09-11T11:00:00+0200,3020.0,MW,DK1,DK_1,forecast_load,Forecasted Load,2026-09-14T21:42:08Z
2026-09-14T21:41:46Z,2026-09-14T23:41:46+0200,fd4fbb11-a2a7-48e0-bc44-eb470b257691,2026-09-11T10:00:00Z,2026-09-11T12:00:00+0200,3040.0,MW,DK1,DK_1,forecast_load,Forecasted Load,2026-09-14T21:42:08Z
2026-09-14T21:41:46Z,2026-09-14T23:41:46+0200,fd4fbb11-a2a7-48e0-bc44-eb470b257691,2026-09-11T11:00:00Z,2026-09-11T13:00:00+0200,3190.0,MW,DK1,DK_1,forecast_load,Forecasted Load,2026-09-14T21:42:08Z
2026-09-14T21:41:46Z,2026-09-14T23:41:46+0200,fd4fbb11-a2a7-48e0-bc44-eb470b257691,2026-09-11T12:00:00Z,2026-09-11T14:00:00+0200,3109.0,MW,DK1,DK_1,forecast_load,Forecasted Load,2026-09-14T21:42:08Z
2026-09-14T21:41:46Z,2026-09-14T23:41:46+0200,fd4fbb11-a2a7-48e0-bc44-eb470b257691,2026-09-11T13:00:00Z,2026-09-11T15:00:00+0200,2905.0,MW,DK1,DK_1,forecast_load,Forecasted Load,2026-09-14T21:42:08Z
2026-09-14T21:41:46Z,2026-09-14T23:41:46+0200,fd4fbb11-a2a7-48e0-bc44-eb470b257691,2026-09-11T14:00:00Z,2026-09-11T16:00:00+0200,2815.0,MW,DK1,DK_1,forecast_load,Forecasted Load,2026-09-14T21:42:08Z
2026-09-14T21:41:46Z,2026-09-14T23:41:46+0200,fd4fbb11-a2a7-48e0-bc44-eb470b257691,2026-09-11T15:00:00Z,2026-09-11T17:00:00+0200,2771.0,MW,DK1,DK_1,forecast_load,Forecasted Load,2026-09-14T21:42:08Z
2026-09-14T21:41:46Z,2026-09-14T23:41:46+0200,fd4fbb11-a2a7-48e0-bc44-eb470b257691,2026-09-11T16:00:00Z,2026-09-11T18:00:00+0200,2675.0,MW,DK1,DK_1,forecast_load,Forecasted Load,2026-09-14T21:42:08Z
2026-09-14T21:41:46Z,2026-09-14T23:41:46+0200,fd4fbb11-a2a7-48e0-bc44-eb470b257691,2026-09-11T17:00:00Z,2026-09-11T19:00:00+0200,2456.0,MW,DK1,DK_1,forecast_load,Forecasted Load,2026-09-14T21:42:08Z
2026-09-14T21:41:46Z,2026-09-14T23:41:46+0200,fd4fbb11-a2a7-48e0-bc44-eb470b257691,2026-09-11T18:00:00Z,2026-09-11T20:00:00+0200,2366.0,MW,DK1,DK_1,forecast_load,Forecasted Load,2026-09-14T21:42:08Z
2026-09-14T21:41:46Z,2026-09-14T23:41:46+0200,fd4fbb11-a2a7-48e0-bc44-eb470b257691,2026-09-11T19:00:00Z,2026-09-11T21:00:00+0200,2275.0,MW,DK1,DK_1,forecast_load,Forecasted Load,2026-09-14T21:42:08Z
2026-09-14T21:41:46Z,2026-09-14T23:41:46+0200,fd4fbb11-a2a7-48e0-bc44-eb470b257691,2026-09-11T20:00:00Z,2026-09-11T22:00:00+0200,2288.0,MW,DK1,DK_1,forecast_load,Forecasted Load,2026-09-14T21:42:08Z
2026-09-14T21:41:46Z,2026-09-14T23:41:46+0200,fd4fbb11-a2a7-48e0-bc44-eb470b257691,2026-09-11T21:00:00Z,2026-09-11T23:00:00+0200,2289.0,MW,DK1,DK_1,forecast_load,Forecasted Load,2026-09-14T21:42:08Z
2026-09-14T21:41:46Z,2026-09-14T23:41:46+0200,fd4fbb11-a2a7-48e0-bc44-eb470b257691,2026-09-11T22:00:00Z,2026-09-12T00:00:00+0200,2014.0,MW,DK1,DK_1,forecast_load,Forecasted Load,2026-09-14T21:42:08Z
2026-09-14T21:41:46Z,2026-09-14T23:41:46+0200,fd4fbb11-a2a7-48e0-bc44-eb470b257691,2026-09-11T23:00:00Z,2026-09-12T01:00:00+0200,1997.0,MW,DK1,DK_1,forecast_load,Forecasted Load,2026-09-14T21:42:08Z
2026-09-14T21:41:46Z,2026-09-14T23:41:46+0200,fd4fbb11-a2a7-48e0-bc44-eb470b257691,2026-09-12T00:00:00Z,2026-09-12T02:00:00+0200,2016.0,MW,DK1,DK_1,forecast_load,Forecasted Load,2026-09-14T21:42:08Z
2026-09-14T21:41:46Z,2026-09-14T23:41:46+0200,fd4fbb11-a2a7-48e0-bc44-eb470b257691,2026-09-12T01:00:00Z,2026-09-12T03:00:00+0200,1967.0,MW,DK1,DK_1,forecast_load,Forecasted Load,2026-09-14T21:42:08Z
2026-09-14T21:41:46Z,2026-09-14T23:41:46+0200,fd4fbb11-a2a7-48e0-bc44-eb470b257691,2026-09-12T02:00:00Z,2026-09-12T04:00:00+0200,1975.0,MW,DK1,DK_1,forecast_load,Forecasted Load,2026-09-14T21:42:08Z
2026-09-14T21:41:46Z,2026-09-14T23:41:46+0200,fd4fbb11-a2a7-48e0-bc44-eb470b257691,2026-09-12T03:00:00Z,2026-09-12T05:00:00+0200,1982.0,MW,DK1,DK_1,forecast_load,Forecasted Load,2026-09-14T21:42:08Z
2026-09-14T21:41:46Z,2026-09-14T23:41:46+0200,fd4fbb11-a2a7-48e0-bc44-eb470b257691,2026-09-12T04:00:00Z,2026-09-12T06:00:00+0200,1972.0,MW,DK1,DK_1,forecast_load,Forecasted Load,2026-09-14T21:42:08Z
2026-09-14T21:41:46Z,2026-09-14T23:41:46+0200,fd4fbb11-a2a7-48e0-bc44-eb470b257691,2026-09-12T05:00:00Z,2026-09-12T07:00:00+0200,2110.0,MW,DK1,DK_1,forecast_load,Forecasted Load,2026-09-14T21:42:08Z
2026-09-14T21:41:46Z,2026-09-14T23:41:46+0200,fd4fbb11-a2a7-48e0-bc44-eb470b257691,2026-09-12T06:00:00Z,2026-09-12T08:00:00+0200,2343.0,MW,DK1,DK_1,forecast_load,Forecasted Load,2026-09-14T21:42:08Z
2026-09-14T21:41:46Z,2026-09-14T23:41:46+0200,fd4fbb11-a2a7-48e0-bc44-eb470b257691,2026-09-12T07:00:00Z,2026-09-12T09:00:00+0200,2435.0,MW,DK1,DK_1,forecast_load,Forecasted Load,2026-09-14T21:42:08Z
2026-09-14T21:41:46Z,2026-09-14T23:41:46+0200,fd4fbb11-a2a7-48e0-bc44-eb470b257691,2026-09-12T08:00:00Z,2026-09-12T10:00:00+0200,2696.0,MW,DK1,DK_1,forecast_load,Forecasted Load,2026-09-14T21:42:08Z
2026-09-14T21:41:46Z,2026-09-14T23:41:46+0200,fd4fbb11-a2a7-48e0-bc44-eb470b257691,2026-09-12T09:00:00Z,2026-09-12T11:00:00+0200,2878.0,MW,DK1,DK_1,forecast_load,Forecasted Load,2026-09-14T21:42:08Z
2026-09-14T21:41:46Z,2026-09-14T23:41:46+0200,fd4fbb11-a2a7-48e0-bc44-eb470b257691,2026-09-12T10:00:00Z,2026-09-12T12:00:00+0200,3341.0,MW,DK1,DK_1,forecast_load,Forecasted Load,2026-09-14T21:42:08Z
2026-09-14T21:41:46Z,2026-09-14T23:41:46+0200,fd4fbb11-a2a7-48e0-bc44-eb470b257691,2026-09-12T11:00:00Z,2026-09-12T13:00:00+0200,3574.0,MW,DK1,DK_1,forecast_load,Forecasted Load,2026-09-14T21:42:08Z
2026-09-14T21:41:46Z,2026-09-14T23:41:46+0200,fd4fbb11-a2a7-48e0-bc44-eb470b257691,2026-09-12T12:00:00Z,2026-09-12T14:00:00+0200,3469.0,MW,DK1,DK_1,forecast_load,Forecasted Load,2026-09-14T21:42:08Z
2026-09-14T21:41:46Z,2026-09-14T23:41:46+0200,fd4fbb11-a2a7-48e0-bc44-eb470b257691,2026-09-12T13:00:00Z,2026-09-12T15:00:00+0200,3233.0,MW,DK1,DK_1,forecast_load,Forecasted Load,2026-09-14T21:42:08Z
2026-09-14T21:41:46Z,2026-09-14T23:41:46+0200,fd4fbb11-a2a7-48e0-bc44-eb470b257691,2026-09-12T14:00:00Z,2026-09-12T16:00:00+0200,3012.0,MW,DK1,DK_1,forecast_load,Forecasted Load,2026-09-14T21:42:08Z
2026-09-14T21:41:46Z,2026-09-14T23:41:46+0200,fd4fbb11-a2a7-48e0-bc44-eb470b257691,2026-09-12T15:00:00Z,2026-09-12T17:00:00+0200,2737.0,MW,DK1,DK_1,forecast_load,Forecasted Load,2026-09-14T21:42:08Z
2026-09-14T21:41:46Z,2026-09-14T23:41:46+0200,fd4fbb11-a2a7-48e0-bc44-eb470b257691,2026-09-12T16:00:00Z,2026-09-12T18:00:00+0200,2607.0,MW,DK1,DK_1,forecast_load,Forecasted Load,2026-09-14T21:42:08Z
2026-09-14T21:41:46Z,2026-09-14T23:41:46+0200,fd4fbb11-a2a7-48e0-bc44-eb470b257691,2026-09-12T17:00:00Z,2026-09-12T19:00:00+0200,2449.0,MW,DK1,DK_1,forecast_load,Forecasted Load,2026-09-14T21:42:08Z
2026-09-14T21:41:46Z,2026-09-14T23:41:46+0200,fd4fbb11-a2a7-48e0-bc44-eb470b257691,2026-09-12T18:00:00Z,2026-09-12T20:00:00+0200,2355.0,MW,DK1,DK_1,forecast_load,Forecasted Load,2026-09-14T21:42:08Z
2026-09-14T21:41:46Z,2026-09-14T23:41:46+0200,fd4fbb11-a2a7-48e0-bc44-eb470b257691,2026-09-12T19:00:00Z,2026-09-12T21:00:00+0200,2135.0,MW,DK1,DK_1,forecast_load,Forecasted Load,2026-09-14T21:42:08Z
2026-09-14T21:41:46Z,2026-09-14T23:41:46+0200,fd4fbb11-a2a7-48e0-bc44-eb470b257691,2026-09-12T20:00:00Z,2026-09-12T22:00:00+0200,2010.0,MW,DK1,DK_1,forecast_load,Forecasted Load,2026-09-14T21:42:08Z
2026-09-14T21:41:46Z,2026-09-14T23:41:46+0200,fd4fbb11-a2a7-48e0-bc44-eb470b257691,2026-09-12T21:00:00Z,2026-09-12T23:00:00+0200,1963.0,MW,DK1,DK_1,forecast_load,Forecasted Load,2026-09-14T21:42:08Z
2026-09-14T21:41:46Z,2026-09-14T23:41:46+0200,fd4fbb11-a2a7-48e0-bc44-eb470b257691,2026-09-12T22:00:00Z,2026-09-13T00:00:00+0200,1949.0,MW,DK1,DK_1,forecast_load,Forecasted Load,2026-09-14T21:42:08Z
2026-09-14T21:41:46Z,2026-09-14T23:41:46+0200,fd4fbb11-a2a7-48e0-bc44-eb470b257691,2026-09-12T23:00:00Z,2026-09-13T01:00:00+0200,1939.0,MW,DK1,DK_1,forecast_load,Forecasted Load,2026-09-14T21:42:08Z
2026-09-14T21:41:46Z,2026-09-14T23:41:46+0200,fd4fbb11-a2a7-48e0-bc44-eb470b257691,2026-09-13T00:00:00Z,2026-09-13T02:00:00+0200,1873.0,MW,DK1,DK_1,forecast_load,Forecasted Load,2026-09-14T21:42:08Z
2026-09-14T21:41:46Z,2026-09-14T23:41:46+0200,fd4fbb11-a2a7-48e0-bc44-eb470b257691,2026-09-13T01:00:00Z,2026-09-13T03:00:00+0200,1802.0,MW,DK1,DK_1,forecast_load,Forecasted Load,2026-09-14T21:42:08Z
2026-09-14T21:41:46Z,2026-09-14T23:41:46+0200,fd4fbb11-a2a7-48e0-bc44-eb470b257691,2026-09-13T02:00:00Z,2026-09-13T04:00:00+0200,1764.0,MW,DK1,DK_1,forecast_load,Forecasted Load,2026-09-14T21:42:08Z
2026-09-14T21:41:46Z,2026-09-14T23:41:46+0200,fd4fbb11-a2a7-48e0-bc44-eb470b257691,2026-09-13T03:00:00Z,2026-09-13T05:00:00+0200,1737.0,MW,DK1,DK_1,forecast_load,Forecasted Load,2026-09-14T21:42:08Z
2026-09-14T21:41:46Z,2026-09-14T23:41:46+0200,fd4fbb11-a2a7-48e0-bc44-eb470b257691,2026-09-13T04:00:00Z,2026-09-13T06:00:00+0200,1797.0,MW,DK1,DK_1,forecast_load,Forecasted Load,2026-09-14T21:42:08Z
2026-09-14T21:41:46Z,2026-09-14T23:41:46+0200,fd4fbb11-a2a7-48e0-bc44-eb470b257691,2026-09-13T05:00:00Z,2026-09-13T07:00:00+0200,1960.0,MW,DK1,DK_1,forecast_load,Forecasted Load,2026-09-14T21:42:08Z
2026-09-14T21:41:46Z,2026-09-14T23:41:46+0200,fd4fbb11-a2a7-48e0-bc44-eb470b257691,2026-09-13T06:00:00Z,2026-09-13T08:00:00+0200,2178.0,MW,DK1,DK_1,forecast_load,Forecasted Load,2026-09-14T21:42:08Z
2026-09-14T21:41:46Z,2026-09-14T23:41:46+0200,fd4fbb11-a2a7-48e0-bc44-eb470b257691,2026-09-13T07:00:00Z,2026-09-13T09:00:00+0200,2312.0,MW,DK1,DK_1,forecast_load,Forecasted Load,2026-09-14T21:42:08Z
2026-09-14T21:41:46Z,2026-09-14T23:41:46+0200,fd4fbb11-a2a7-48e0-bc44-eb470b257691,2026-09-13T08:00:00Z,2026-09-13T10:00:00+0200,2493.0,MW,DK1,DK_1,forecast_load,Forecasted Load,2026-09-14T21:42:08Z
2026-09-14T21:41:46Z,2026-09-14T23:41:46+0200,fd4fbb11-a2a7-48e0-bc44-eb470b257691,2026-09-13T09:00:00Z,2026-09-13T11:00:00+0200,2664.0,MW,DK1,DK_1,forecast_load,Forecasted Load,2026-09-14T21:42:08Z
2026-09-14T21:41:46Z,2026-09-14T23:41:46+0200,fd4fbb11-a2a7-48e0-bc44-eb470b257691,2026-09-13T10:00:00Z,2026-09-13T12:00:00+0200,2920.0,MW,DK1,DK_1,forecast_load,Forecasted Load,2026-09-14T21:42:08Z
2026-09-14T21:41:46Z,2026-09-14T23:41:46+0200,fd4fbb11-a2a7-48e0-bc44-eb470b257691,2026-09-13T11:00:00Z,2026-09-13T13:00:00+0200,2994.0,MW,DK1,DK_1,forecast_load,Forecasted Load,2026-09-14T21:42:08Z
2026-09-14T21:41:46Z,2026-09-14T23:41:46+0200,fd4fbb11-a2a7-48e0-bc44-eb470b257691,2026-09-13T12:00:00Z,2026-09-13T14:00:00+0200,2919.0,MW,DK1,DK_1,forecast_load,Forecasted Load,2026-09-14T21:42:08Z
2026-09-14T21:41:46Z,2026-09-14T23:41:46+0200,fd4fbb11-a2a7-48e0-bc44-eb470b257691,2026-09-13T13:00:00Z,2026-09-13T15:00:00+0200,2788.0,MW,DK1,DK_1,forecast_load,Forecasted Load,2026-09-14T21:42:08Z
2026-09-14T21:41:46Z,2026-09-14T23:41:46+0200,fd4fbb11-a2a7-48e0-bc44-eb470b257691,2026-09-13T14:00:00Z,2026-09-13T16:00:00+0200,2750.0,MW,DK1,DK_1,forecast_load,Forecasted Load,2026-09-14T21:42:08Z
2026-09-14T21:41:46Z,2026-09-14T23:41:46+0200,fd4fbb11-a2a7-48e0-bc44-eb470b257691,2026-09-13T15:00:00Z,2026-09-13T17:00:00+0200,2703.0,MW,DK1,DK_1,forecast_load,Forecasted Load,2026-09-14T21:42:08Z
2026-09-14T21:41:46Z,2026-09-14T23:41:46+0200,fd4fbb11-a2a7-48e0-bc44-eb470b257691,2026-09-13T16:00:00Z,2026-09-13T18:00:00+0200,2635.0,MW,DK1,DK_1,forecast_load,Forecasted Load,2026-09-14T21:42:08Z
2026-09-14T21:41:46Z,2026-09-14T23:41:46+0200,fd4fbb11-a2a7-48e0-bc44-eb470b257691,2026-09-13T17:00:00Z,2026-09-13T19:00:00+0200,2471.0,MW,DK1,DK_1,forecast_load,Forecasted Load,2026-09-14T21:42:08Z
2026-09-14T21:41:46Z,2026-09-14T23:41:46+0200,fd4fbb11-a2a7-48e0-bc44-eb470b257691,2026-09-13T18:00:00Z,2026-09-13T20:00:00+0200,2361.0,MW,DK1,DK_1,forecast_load,Forecasted Load,2026-09-14T21:42:08Z
2026-09-14T21:41:46Z,2026-09-14T23:41:46+0200,fd4fbb11-a2a7-48e0-bc44-eb470b257691,2026-09-13T19:00:00Z,2026-09-13T21:00:00+0200,2216.0,MW,DK1,DK_1,forecast_load,Forecasted Load,2026-09-14T21:42:08Z
2026-09-14T21:41:46Z,2026-09-14T23:41:46+0200,fd4fbb11-a2a7-48e0-bc44-eb470b257691,2026-09-13T20:00:00Z,2026-09-13T22:00:00+0200,2167.0,MW,DK1,DK_1,forecast_load,Forecasted Load,2026-09-14T21:42:08Z
2026-09-14T21:41:46Z,2026-09-14T23:41:46+0200,fd4fbb11-a2a7-48e0-bc44-eb470b257691,2026-09-13T21:00:00Z,2026-09-13T23:00:00+0200,2174.0,MW,DK1,DK_1,forecast_load,Forecasted Load,2026-09-14T21:42:08Z
2026-09-14T21:41:46Z,2026-09-14T23:41:46+0200,fd4fbb11-a2a7-48e0-bc44-eb470b257691,2026-09-13T22:00:00Z,2026-09-14T00:00:00+0200,2138.0,MW,DK1,DK_1,forecast_load,Forecasted Load,2026-09-14T21:42:08Z
2026-09-14T21:41:46Z,2026-09-14T23:41:46+0200,fd4fbb11-a2a7-48e0-bc44-eb470b257691,2026-09-13T23:00:00Z,2026-09-14T01:00:00+0200,2147.0,MW,DK1,DK_1,forecast_load,Forecasted Load,2026-09-14T21:42:08Z
2026-09-14T21:41:46Z,2026-09-14T23:41:46+0200,fd4fbb11-a2a7-48e0-bc44-eb470b257691,2026-09-14T00:00:00Z,2026-09-14T02:00:00+0200,2173.0,MW,DK1,DK_1,forecast_load,Forecasted Load,2026-09-14T21:42:08Z
2026-09-14T21:41:46Z,2026-09-14T23:41:46+0200,fd4fbb11-a2a7-48e0-bc44-eb470b257691,2026-09-14T01:00:00Z,2026-09-14T03:00:00+0200,2139.0,MW,DK1,DK_1,forecast_load,Forecasted Load,2026-09-14T21:42:08Z
2026-09-14T21:41:46Z,2026-09-14T23:41:46+0200,fd4fbb11-a2a7-48e0-bc44-eb470b257691,2026-09-14T02:00:00Z,2026-09-14T04:00:00+0200,2068.0,MW,DK1,DK_1,forecast_load,Forecasted Load,2026-09-14T21:42:08Z
2026-09-14T21:41:46Z,2026-09-14T23:41:46+0200,fd4fbb11-a2a7-48e0-bc44-eb470b257691,2026-09-14T03:00:00Z,2026-09-14T05:00:00+0200,2091.0,MW,DK1,DK_1,forecast_load,Forecasted Load,2026-09-14T21:42:08Z
2026-09-14T21:41:46Z,2026-09-14T23:41:46+0200,fd4fbb11-a2a7-48e0-bc44-eb470b257691,2026-09-14T04:00:00Z,2026-09-14T06:00:00+0200,2332.0,MW,DK1,DK_1,forecast_load,Forecasted Load,2026-09-14T21:42:08Z
2026-09-14T21:41:46Z,2026-09-14T23:41:46+0200,fd4fbb11-a2a7-48e0-bc44-eb470b257691,2026-09-14T05:00:00Z,2026-09-14T07:00:00+0200,2632.0,MW,DK1,DK_1,forecast_load,Forecasted Load,2026-09-14T21:42:08Z
2026-09-14T21:41:46Z,2026-09-14T23:41:46+0200,fd4fbb11-a2a7-48e0-bc44-eb470b257691,2026-09-14T06:00:00Z,2026-09-14T08:00:00+0200,2769.0,MW,DK1,DK_1,forecast_load,Forecasted Load,2026-09-14T21:42:08Z
2026-09-14T21:41:46Z,2026-09-14T23:41:46+0200,fd4fbb11-a2a7-48e0-bc44-eb470b257691,2026-09-14T07:00:00Z,2026-09-14T09:00:00+0200,2719.0,MW,DK1,DK_1,forecast_load,Forecasted Load,2026-09-14T21:42:08Z
2026-09-14T21:41:46Z,2026-09-14T23:41:46+0200,fd4fbb11-a2a7-48e0-bc44-eb470b257691,2026-09-14T08:00:00Z,2026-09-14T10:00:00+0200,2935.0,MW,DK1,DK_1,forecast_load,Forecasted Load,2026-09-14T21:42:08Z
2026-09-14T21:41:46Z,2026-09-14T23:41:46+0200,fd4fbb11-a2a7-48e0-bc44-eb470b257691,2026-09-14T09:00:00Z,2026-09-14T11:00:00+0200,2988.0,MW,DK1,DK_1,forecast_load,Forecasted Load,2026-09-14T21:42:08Z
2026-09-14T21:41:46Z,2026-09-14T23:41:46+0200,fd4fbb11-a2a7-48e0-bc44-eb470b257691,2026-09-14T10:00:00Z,2026-09-14T12:00:00+0200,3022.0,MW,DK1,DK_1,forecast_load,Forecasted Load,2026-09-14T21:42:08Z
2026-09-14T21:41:46Z,2026-09-14T23:41:46+0200,fd4fbb11-a2a7-48e0-bc44-eb470b257691,2026-09-14T11:00:00Z,2026-09-14T13:00:00+0200,3154.0,MW,DK1,DK_1,forecast_load,Forecasted Load,2026-09-14T21:42:08Z
2026-09-14T21:41:46Z,2026-09-14T23:41:46+0200,fd4fbb11-a2a7-48e0-bc44-eb470b257691,2026-09-14T12:00:00Z,2026-09-14T14:00:00+0200,3182.0,MW,DK1,DK_1,forecast_load,Forecasted Load,2026-09-14T21:42:08Z
2026-09-14T21:41:46Z,2026-09-14T23:41:46+0200,fd4fbb11-a2a7-48e0-bc44-eb470b257691,2026-09-14T13:00:00Z,2026-09-14T15:00:00+0200,2974.0,MW,DK1,DK_1,forecast_load,Forecasted Load,2026-09-14T21:42:08Z
2026-09-14T21:41:46Z,2026-09-14T23:41:46+0200,fd4fbb11-a2a7-48e0-bc44-eb470b257691,2026-09-14T14:00:00Z,2026-09-14T16:00:00+0200,2847.0,MW,DK1,DK_1,forecast_load,Forecasted Load,2026-09-14T21:42:08Z
2026-09-14T21:41:46Z,2026-09-14T23:41:46+0200,fd4fbb11-a2a7-48e0-bc44-eb470b257691,2026-09-14T15:00:00Z,2026-09-14T17:00:00+0200,2867.0,MW,DK1,DK_1,forecast_load,Forecasted Load,2026-09-14T21:42:08Z
2026-09-14T21:41:46Z,2026-09-14T23:41:46+0200,fd4fbb11-a2a7-48e0-bc44-eb470b257691,2026-09-14T16:00:00Z,2026-09-14T18:00:00+0200,2669.0,MW,DK1,DK_1,forecast_load,Forecasted Load,2026-09-14T21:42:08Z
2026-09-14T21:41:46Z,2026-09-14T23:41:46+0200,fd4fbb11-a2a7-48e0-bc44-eb470b257691,2026-09-14T17:00:00Z,2026-09-14T19:00:00+0200,2513.0,MW,DK1,DK_1,forecast_load,Forecasted Load,2026-09-14T21:42:08Z
2026-09-14T21:41:46Z,2026-09-14T23:41:46+0200,fd4fbb11-a2a7-48e0-bc44-eb470b257691,2026-09-14T18:00:00Z,2026-09-14T20:00:00+0200,2401.0,MW,DK1,DK_1,forecast_load,Forecasted Load,2026-09-14T21:42:08Z
2026-09-14T21:41:46Z,2026-09-14T23:41:46+0200,fd4fbb11-a2a7-48e0-bc44-eb470b257691,2026-09-14T19:00:00Z,2026-09-14T21:00:00+0200,2397.0,MW,DK1,DK_1,forecast_load,Forecasted Load,2026-09-14T21:42:08Z
2026-09-14T21:41:46Z,2026-09-14T23:41:46+0200,fd4fbb11-a2a7-48e0-bc44-eb470b257691,2026-09-14T20:00:00Z,2026-09-14T22:00:00+0200,2474.0,MW,DK1,DK_1,forecast_load,Forecasted Load,2026-09-14T21:42:08Z
2026-09-14T21:41:46Z,2026-09-14T23:41:46+0200,fd4fbb11-a2a7-48e0-bc44-eb470b257691,2026-09-14T21:00:00Z,2026-09-14T23:00:00+0200,2517.0,MW,DK1,DK_1,forecast_load,Forecasted Load,2026-09-14T21:42:08Z
2026-09-14T21:41:46Z,2026-09-14T23:41:46+0200,fd4fbb11-a2a7-48e0-bc44-eb470b257691,2026-09-14T22:00:00Z,2026-09-15T00:00:00+0200,2240.0,MW,DK1,DK_1,forecast_load,Forecasted Load,2026-09-14T21:42:10Z
2026-09-14T21:41:46Z,2026-09-14T23:41:46+0200,fd4fbb11-a2a7-48e0-bc44-eb470b257691,2026-09-14T23:00:00Z,2026-09-15T01:00:00+0200,2288.0,MW,DK1,DK_1,forecast_load,Forecasted Load,2026-09-14T21:42:10Z
2026-09-14T21:41:46Z,2026-09-14T23:41:46+0200,fd4fbb11-a2a7-48e0-bc44-eb470b257691,2026-09-15T00:00:00Z,2026-09-15T02:00:00+0200,2343.0,MW,DK1,DK_1,forecast_load,Forecasted Load,2026-09-14T21:42:10Z
2026-09-14T21:41:46Z,2026-09-14T23:41:46+0200,fd4fbb11-a2a7-48e0-bc44-eb470b257691,2026-09-15T01:00:00Z,2026-09-15T03:00:00+0200,2351.0,MW,DK1,DK_1,forecast_load,Forecasted Load,2026-09-14T21:42:10Z
2026-09-14T21:41:46Z,2026-09-14T23:41:46+0200,fd4fbb11-a2a7-48e0-bc44-eb470b257691,2026-09-15T02:00:00Z,2026-09-15T04:00:00+0200,2298.0,MW,DK1,DK_1,forecast_load,Forecasted Load,2026-09-14T21:42:10Z
2026-09-14T21:41:46Z,2026-09-14T23:41:46+0200,fd4fbb11-a2a7-48e0-bc44-eb470b257691,2026-09-15T03:00:00Z,2026-09-15T05:00:00+0200,2327.0,MW,DK1,DK_1,forecast_load,Forecasted Load,2026-09-14T21:42:10Z
2026-09-14T21:41:46Z,2026-09-14T23:41:46+0200,fd4fbb11-a2a7-48e0-bc44-eb470b257691,2026-09-15T04:00:00Z,2026-09-15T06:00:00+0200,2637.0,MW,DK1,DK_1,forecast_load,Forecasted Load,2026-09-14T21:42:10Z
2026-09-14T21:41:46Z,2026-09-14T23:41:46+0200,fd4fbb11-a2a7-48e0-bc44-eb470b257691,2026-09-15T05:00:00Z,2026-09-15T07:00:00+0200,2866.0,MW,DK1,DK_1,forecast_load,Forecasted Load,2026-09-14T21:42:10Z
2026-09-14T21:41:46Z,2026-09-14T23:41:46+0200,fd4fbb11-a2a7-48e0-bc44-eb470b257691,2026-09-15T06:00:00Z,2026-09-15T08:00:00+0200,3007.0,MW,DK1,DK_1,forecast_load,Forecasted Load,2026-09-14T21:42:10Z
2026-09-14T21:41:46Z,2026-09-14T23:41:46+0200,fd4fbb11-a2a7-48e0-bc44-eb470b257691,2026-09-15T07:00:00Z,2026-09-15T09:00:00+0200,3033.0,MW,DK1,DK_1,forecast_load,Forecasted Load,2026-09-14T21:42:10Z
2026-09-14T21:41:46Z,2026-09-14T23:41:46+0200,fd4fbb11-a2a7-48e0-bc44-eb470b257691,2026-09-15T08:00:00Z,2026-09-15T10:00:00+0200,3155.0,MW,DK1,DK_1,forecast_load,Forecasted Load,2026-09-14T21:42:10Z
2026-09-14T21:41:46Z,2026-09-14T23:41:46+0200,fd4fbb11-a2a7-48e0-bc44-eb470b257691,2026-09-15T09:00:00Z,2026-09-15T11:00:00+0200,3251.0,MW,DK1,DK_1,forecast_load,Forecasted Load,2026-09-14T21:42:10Z
2026-09-14T21:41:46Z,2026-09-14T23:41:46+0200,fd4fbb11-a2a7-48e0-bc44-eb470b257691,2026-09-15T10:00:00Z,2026-09-15T12:00:00+0200,3240.0,MW,DK1,DK_1,forecast_load,Forecasted Load,2026-09-14T21:42:10Z
2026-09-14T21:41:46Z,2026-09-14T23:41:46+0200,fd4fbb11-a2a7-48e0-bc44-eb470b257691,2026-09-15T11:00:00Z,2026-09-15T13:00:00+0200,3263.0,MW,DK1,DK_1,forecast_load,Forecasted Load,2026-09-14T21:42:10Z
2026-09-14T21:41:46Z,2026-09-14T23:41:46+0200,fd4fbb11-a2a7-48e0-bc44-eb470b257691,2026-09-15T12:00:00Z,2026-09-15T14:00:00+0200,3190.0,MW,DK1,DK_1,forecast_load,Forecasted Load,2026-09-14T21:42:10Z
2026-09-14T21:41:46Z,2026-09-14T23:41:46+0200,fd4fbb11-a2a7-48e0-bc44-eb470b257691,2026-09-15T13:00:00Z,2026-09-15T15:00:00+0200,3082.0,MW,DK1,DK_1,forecast_load,Forecasted Load,2026-09-14T21:42:10Z
2026-09-14T21:41:46Z,2026-09-14T23:41:46+0200,fd4fbb11-a2a7-48e0-bc44-eb470b257691,2026-09-15T14:00:00Z,2026-09-15T16:00:00+0200,2984.0,MW,DK1,DK_1,forecast_load,Forecasted Load,2026-09-14T21:42:10Z
2026-09-14T21:41:46Z,2026-09-14T23:41:46+0200,fd4fbb11-a2a7-48e0-bc44-eb470b257691,2026-09-15T15:00:00Z,2026-09-15T17:00:00+0200,2999.0,MW,DK1,DK_1,forecast_load,Forecasted Load,2026-09-14T21:42:10Z
2026-09-14T21:41:46Z,2026-09-14T23:41:46+0200,fd4fbb11-a2a7-48e0-bc44-eb470b257691,2026-09-15T16:00:00Z,2026-09-15T18:00:00+0200,2910.0,MW,DK1,DK_1,forecast_load,Forecasted Load,2026-09-14T21:42:10Z
2026-09-14T21:41:46Z,2026-09-14T23:41:46+0200,fd4fbb11-a2a7-48e0-bc44-eb470b257691,2026-09-15T17:00:00Z,2026-09-15T19:00:00+0200,2835.0,MW,DK1,DK_1,forecast_load,Forecasted Load,2026-09-14T21:42:10Z
2026-09-14T21:41:46Z,2026-09-14T23:41:46+0200,fd4fbb11-a2a7-48e0-bc44-eb470b257691,2026-09-15T18:00:00Z,2026-09-15T20:00:00+0200,2779.0,MW,DK1,DK_1,forecast_load,Forecasted Load,2026-09-14T21:42:10Z
2026-09-14T21:41:46Z,2026-09-14T23:41:46+0200,fd4fbb11-a2a7-48e0-bc44-eb470b257691,2026-09-15T19:00:00Z,2026-09-15T21:00:00+0200,2701.0,MW,DK1,DK_1,forecast_load,Forecasted Load,2026-09-14T21:42:10Z
2026-09-14T21:41:46Z,2026-09-14T23:41:46+0200,fd4fbb11-a2a7-48e0-bc44-eb470b257691,2026-09-15T20:00:00Z,2026-09-15T22:00:00+0200,2558.0,MW,DK1,DK_1,forecast_load,Forecasted Load,2026-09-14T21:42:10Z
2026-09-14T21:41:46Z,2026-09-14T23:41:46+0200,fd4fbb11-a2a7-48e0-bc44-eb470b257691,2026-09-15T21:00:00Z,2026-09-15T23:00:00+0200,2464.0,MW,DK1,DK_1,forecast_load,Forecasted Load,2026-09-14T21:42:10Z
