collection_time_utc,collection_time_local,run_id,timestamp_utc,timestamp_local,value,unit,country,entsoe_area,variable,source,updated_at_utc
2026-06-19T10:13:32Z,2026-06-19T12:13:32+0200,883e5adc-9734-481d-ba75-ca4b61ed39d5,2026-05-19T10:15:00Z,2026-05-19T12:15:00+0200,50475.3,MW,FR,FR,actual_load,Actual Load,2026-06-19T10:14:15Z
2026-06-19T10:13:32Z,2026-06-19T12:13:32+0200,883e5adc-9734-481d-ba75-ca4b61ed39d5,2026-05-19T10:30:00Z,2026-05-19T12:30:00+0200,50804.73,MW,FR,FR,actual_load,Actual Load,2026-06-19T10:14:15Z
2026-06-19T10:13:32Z,2026-06-19T12:13:32+0200,883e5adc-9734-481d-ba75-ca4b61ed39d5,2026-05-19T10:45:00Z,2026-05-19T12:45:00+0200,50169.55,MW,FR,FR,actual_load,Actual Load,2026-06-19T10:14:15Z
2026-06-19T10:13:32Z,2026-06-19T12:13:32+0200,883e5adc-9734-481d-ba75-ca4b61ed39d5,2026-05-19T11:00:00Z,2026-05-19T13:00:00+0200,49850.17,MW,FR,FR,actual_load,Actual Load,2026-06-19T10:14:15Z
2026-06-19T10:13:32Z,2026-06-19T12:13:32+0200,883e5adc-9734-481d-ba75-ca4b61ed39d5,2026-05-19T11:15:00Z,2026-05-19T13:15:00+0200,49086.88,MW,FR,FR,actual_load,Actual Load,2026-06-19T10:14:15Z
2026-06-19T10:13:32Z,2026-06-19T12:13:32+0200,883e5adc-9734-481d-ba75-ca4b61ed39d5,2026-05-19T11:30:00Z,2026-05-19T13:30:00+0200,48894.73,MW,FR,FR,actual_load,Actual Load,2026-06-19T10:14:15Z
2026-06-19T10:13:32Z,2026-06-19T12:13:32+0200,883e5adc-9734-481d-ba75-ca4b61ed39d5,2026-05-19T11:45:00Z,2026-05-19T13:45:00+0200,48895.75,MW,FR,FR,actual_load,Actual Load,2026-06-19T10:14:15Z
2026-06-19T10:13:32Z,2026-06-19T12:13:32+0200,883e5adc-9734-481d-ba75-ca4b61ed39d5,2026-05-19T12:00:00Z,2026-05-19T14:00:00+0200,49696.93,MW,FR,FR,actual_load,Actual Load,2026-06-19T10:14:15Z
2026-06-19T10:13:32Z,2026-06-19T12:13:32+0200,883e5adc-9734-481d-ba75-ca4b61ed39d5,2026-05-19T12:15:00Z,2026-05-19T14:15:00+0200,49208.43,MW,FR,FR,actual_load,Actual Load,2026-06-19T10:14:15Z
2026-06-19T10:13:32Z,2026-06-19T12:13:32+0200,883e5adc-9734-481d-ba75-ca4b61ed39d5,2026-05-19T12:30:00Z,2026-05-19T14:30:00+0200,49163.54,MW,FR,FR,actual_load,Actual Load,2026-06-19T10:14:15Z
2026-06-19T10:13:32Z,2026-06-19T12:13:32+0200,883e5adc-9734-481d-ba75-ca4b61ed39d5,2026-05-19T12:45:00Z,2026-05-19T14:45:00+0200,48739.87,MW,FR,FR,actual_load,Actual Load,2026-06-19T10:14:15Z
2026-06-19T10:13:32Z,2026-06-19T12:13:32+0200,883e5adc-9734-481d-ba75-ca4b61ed39d5,2026-05-19T13:00:00Z,2026-05-19T15:00:00+0200,48997.69,MW,FR,FR,actual_load,Actual Load,2026-06-19T10:14:15Z
2026-06-19T10:13:32Z,2026-06-19T12:13:32+0200,883e5adc-9734-481d-ba75-ca4b61ed39d5,2026-05-19T13:15:00Z,2026-05-19T15:15:00+0200,47976.23,MW,FR,FR,actual_load,Actual Load,2026-06-19T10:14:15Z
2026-06-19T10:13:32Z,2026-06-19T12:13:32+0200,883e5adc-9734-481d-ba75-ca4b61ed39d5,2026-05-19T13:30:00Z,2026-05-19T15:30:00+0200,47473.76,MW,FR,FR,actual_load,Actual Load,2026-06-19T10:14:15Z
2026-06-19T10:13:32Z,2026-06-19T12:13:32+0200,883e5adc-9734-481d-ba75-ca4b61ed39d5,2026-05-19T13:45:00Z,2026-05-19T15:45:00+0200,46800.19,MW,FR,FR,actual_load,Actual Load,2026-06-19T10:14:15Z
2026-06-19T10:13:32Z,2026-06-19T12:13:32+0200,883e5adc-9734-481d-ba75-ca4b61ed39d5,2026-05-19T14:00:00Z,2026-05-19T16:00:00+0200,46492.97,MW,FR,FR,actual_load,Actual Load,2026-06-19T10:14:15Z
2026-06-19T10:13:32Z,2026-06-19T12:13:32+0200,883e5adc-9734-481d-ba75-ca4b61ed39d5,2026-05-19T14:15:00Z,2026-05-19T16:15:00+0200,46172.17,MW,FR,FR,actual_load,Actual Load,2026-06-19T10:14:15Z
2026-06-19T10:13:32Z,2026-06-19T12:13:32+0200,883e5adc-9734-481d-ba75-ca4b61ed39d5,2026-05-19T14:30:00Z,2026-05-19T16:30:00+0200,45712.25,MW,FR,FR,actual_load,Actual Load,2026-06-19T10:14:15Z
2026-06-19T10:13:32Z,2026-06-19T12:13:32+0200,883e5adc-9734-481d-ba75-ca4b61ed39d5,2026-05-19T14:45:00Z,2026-05-19T16:45:00+0200,45778.73,MW,FR,FR,actual_load,Actual Load,2026-06-19T10:14:15Z
2026-06-19T10:13:32Z,2026-06-19T12:13:32+0200,883e5adc-9734-481d-ba75-ca4b61ed39d5,2026-05-19T15:00:00Z,2026-05-19T17:00:00+0200,45760.56,MW,FR,FR,actual_load,Actual Load,2026-06-19T10:14:15Z
2026-06-19T10:13:32Z,2026-06-19T12:13:32+0200,883e5adc-9734-481d-ba75-ca4b61ed39d5,2026-05-19T15:15:00Z,2026-05-19T17:15:00+0200,45856.01,MW,FR,FR,actual_load,Actual Load,2026-06-19T10:14:15Z
2026-06-19T10:13:32Z,2026-06-19T12:13:32+0200,883e5adc-9734-481d-ba75-ca4b61ed39d5,2026-05-19T15:30:00Z,2026-05-19T17:30:00+0200,46158.45,MW,FR,FR,actual_load,Actual Load,2026-06-19T10:14:15Z
2026-06-19T10:13:32Z,2026-06-19T12:13:32+0200,883e5adc-9734-481d-ba75-ca4b61ed39d5,2026-05-19T15:45:00Z,2026-05-19T17:45:00+0200,46570.23,MW,FR,FR,actual_load,Actual Load,2026-06-19T10:14:15Z
2026-06-19T10:13:32Z,2026-06-19T12:13:32+0200,883e5adc-9734-481d-ba75-ca4b61ed39d5,2026-05-19T16:00:00Z,2026-05-19T18:00:00+0200,46636.46,MW,FR,FR,actual_load,Actual Load,2026-06-19T10:14:15Z
2026-06-19T10:13:32Z,2026-06-19T12:13:32+0200,883e5adc-9734-481d-ba75-ca4b61ed39d5,2026-05-19T16:15:00Z,2026-05-19T18:15:00+0200,47356.71,MW,FR,FR,actual_load,Actual Load,2026-06-19T10:14:15Z
2026-06-19T10:13:32Z,2026-06-19T12:13:32+0200,883e5adc-9734-481d-ba75-ca4b61ed39d5,2026-05-19T16:30:00Z,2026-05-19T18:30:00+0200,47976.29,MW,FR,FR,actual_load,Actual Load,2026-06-19T10:14:15Z
2026-06-19T10:13:32Z,2026-06-19T12:13:32+0200,883e5adc-9734-481d-ba75-ca4b61ed39d5,2026-05-19T16:45:00Z,2026-05-19T18:45:00+0200,48782.93,MW,FR,FR,actual_load,Actual Load,2026-06-19T10:14:15Z
2026-06-19T10:13:32Z,2026-06-19T12:13:32+0200,883e5adc-9734-481d-ba75-ca4b61ed39d5,2026-05-19T17:00:00Z,2026-05-19T19:00:00+0200,49138.48,MW,FR,FR,actual_load,Actual Load,2026-06-19T10:14:15Z
2026-06-19T10:13:32Z,2026-06-19T12:13:32+0200,883e5adc-9734-481d-ba75-ca4b61ed39d5,2026-05-19T17:15:00Z,2026-05-19T19:15:00+0200,49369.38,MW,FR,FR,actual_load,Actual Load,2026-06-19T10:14:15Z
2026-06-19T10:13:32Z,2026-06-19T12:13:32+0200,883e5adc-9734-481d-ba75-ca4b61ed39d5,2026-05-19T17:30:00Z,2026-05-19T19:30:00+0200,49130.34,MW,FR,FR,actual_load,Actual Load,2026-06-19T10:14:15Z
2026-06-19T10:13:32Z,2026-06-19T12:13:32+0200,883e5adc-9734-481d-ba75-ca4b61ed39d5,2026-05-19T17:45:00Z,2026-05-19T19:45:00+0200,48666.89,MW,FR,FR,actual_load,Actual Load,2026-06-19T10:14:15Z
2026-06-19T10:13:32Z,2026-06-19T12:13:32+0200,883e5adc-9734-481d-ba75-ca4b61ed39d5,2026-05-19T18:00:00Z,2026-05-19T20:00:00+0200,48324.54,MW,FR,FR,actual_load,Actual Load,2026-06-19T10:14:15Z
2026-06-19T10:13:32Z,2026-06-19T12:13:32+0200,883e5adc-9734-481d-ba75-ca4b61ed39d5,2026-05-19T18:15:00Z,2026-05-19T20:15:00+0200,47467.88,MW,FR,FR,actual_load,Actual Load,2026-06-19T10:14:15Z
2026-06-19T10:13:32Z,2026-06-19T12:13:32+0200,883e5adc-9734-481d-ba75-ca4b61ed39d5,2026-05-19T18:30:00Z,2026-05-19T20:30:00+0200,46738.93,MW,FR,FR,actual_load,Actual Load,2026-06-19T10:14:15Z
2026-06-19T10:13:32Z,2026-06-19T12:13:32+0200,883e5adc-9734-481d-ba75-ca4b61ed39d5,2026-05-19T18:45:00Z,2026-05-19T20:45:00+0200,46171.0,MW,FR,FR,actual_load,Actual Load,2026-06-19T10:14:15Z
2026-06-19T10:13:32Z,2026-06-19T12:13:32+0200,883e5adc-9734-481d-ba75-ca4b61ed39d5,2026-05-19T19:00:00Z,2026-05-19T21:00:00+0200,46094.26,MW,FR,FR,actual_load,Actual Load,2026-06-19T10:14:15Z
2026-06-19T10:13:32Z,2026-06-19T12:13:32+0200,883e5adc-9734-481d-ba75-ca4b61ed39d5,2026-05-19T19:15:00Z,2026-05-19T21:15:00+0200,45800.98,MW,FR,FR,actual_load,Actual Load,2026-06-19T10:14:15Z
2026-06-19T10:13:32Z,2026-06-19T12:13:32+0200,883e5adc-9734-481d-ba75-ca4b61ed39d5,2026-05-19T19:30:00Z,2026-05-19T21:30:00+0200,45748.2,MW,FR,FR,actual_load,Actual Load,2026-06-19T10:14:15Z
2026-06-19T10:13:32Z,2026-06-19T12:13:32+0200,883e5adc-9734-481d-ba75-ca4b61ed39d5,2026-05-19T19:45:00Z,2026-05-19T21:45:00+0200,45263.22,MW,FR,FR,actual_load,Actual Load,2026-06-19T10:14:15Z
2026-06-19T10:13:32Z,2026-06-19T12:13:32+0200,883e5adc-9734-481d-ba75-ca4b61ed39d5,2026-05-19T20:00:00Z,2026-05-19T22:00:00+0200,46268.03,MW,FR,FR,actual_load,Actual Load,2026-06-19T10:14:15Z
2026-06-19T10:13:32Z,2026-06-19T12:13:32+0200,883e5adc-9734-481d-ba75-ca4b61ed39d5,2026-05-19T20:15:00Z,2026-05-19T22:15:00+0200,45960.69,MW,FR,FR,actual_load,Actual Load,2026-06-19T10:14:15Z
2026-06-19T10:13:32Z,2026-06-19T12:13:32+0200,883e5adc-9734-481d-ba75-ca4b61ed39d5,2026-05-19T20:30:00Z,2026-05-19T22:30:00+0200,47132.18,MW,FR,FR,actual_load,Actual Load,2026-06-19T10:14:15Z
2026-06-19T10:13:32Z,2026-06-19T12:13:32+0200,883e5adc-9734-481d-ba75-ca4b61ed39d5,2026-05-19T20:45:00Z,2026-05-19T22:45:00+0200,46641.32,MW,FR,FR,actual_load,Actual Load,2026-06-19T10:14:15Z
2026-06-19T10:13:32Z,2026-06-19T12:13:32+0200,883e5adc-9734-481d-ba75-ca4b61ed39d5,2026-05-19T21:00:00Z,2026-05-19T23:00:00+0200,46282.3,MW,FR,FR,actual_load,Actual Load,2026-06-19T10:14:15Z
2026-06-19T10:13:32Z,2026-06-19T12:13:32+0200,883e5adc-9734-481d-ba75-ca4b61ed39d5,2026-05-19T21:15:00Z,2026-05-19T23:15:00+0200,45609.94,MW,FR,FR,actual_load,Actual Load,2026-06-19T10:14:15Z
2026-06-19T10:13:32Z,2026-06-19T12:13:32+0200,883e5adc-9734-481d-ba75-ca4b61ed39d5,2026-05-19T21:30:00Z,2026-05-19T23:30:00+0200,45764.71,MW,FR,FR,actual_load,Actual Load,2026-06-19T10:14:15Z
2026-06-19T10:13:32Z,2026-06-19T12:13:32+0200,883e5adc-9734-481d-ba75-ca4b61ed39d5,2026-05-19T21:45:00Z,2026-05-19T23:45:00+0200,44973.98,MW,FR,FR,actual_load,Actual Load,2026-06-19T10:14:15Z
2026-06-19T10:13:32Z,2026-06-19T12:13:32+0200,883e5adc-9734-481d-ba75-ca4b61ed39d5,2026-05-19T22:00:00Z,2026-05-20T00:00:00+0200,44959.81,MW,FR,FR,actual_load,Actual Load,2026-06-19T10:14:15Z
2026-06-19T10:13:32Z,2026-06-19T12:13:32+0200,883e5adc-9734-481d-ba75-ca4b61ed39d5,2026-05-19T22:15:00Z,2026-05-20T00:15:00+0200,43815.9,MW,FR,FR,actual_load,Actual Load,2026-06-19T10:14:15Z
2026-06-19T10:13:32Z,2026-06-19T12:13:32+0200,883e5adc-9734-481d-ba75-ca4b61ed39d5,2026-05-19T22:30:00Z,2026-05-20T00:30:00+0200,42798.36,MW,FR,FR,actual_load,Actual Load,2026-06-19T10:14:15Z
2026-06-19T10:13:32Z,2026-06-19T12:13:32+0200,883e5adc-9734-481d-ba75-ca4b61ed39d5,2026-05-19T22:45:00Z,2026-05-20T00:45:00+0200,41855.53,MW,FR,FR,actual_load,Actual Load,2026-06-19T10:14:15Z
2026-06-19T10:13:32Z,2026-06-19T12:13:32+0200,883e5adc-9734-481d-ba75-ca4b61ed39d5,2026-05-19T23:00:00Z,2026-05-20T01:00:00+0200,42026.32,MW,FR,FR,actual_load,Actual Load,2026-06-19T10:14:15Z
2026-06-19T10:13:32Z,2026-06-19T12:13:32+0200,883e5adc-9734-481d-ba75-ca4b61ed39d5,2026-05-19T23:15:00Z,2026-05-20T01:15:00+0200,41354.4,MW,FR,FR,actual_load,Actual Load,2026-06-19T10:14:15Z
2026-06-19T10:13:32Z,2026-06-19T12:13:32+0200,883e5adc-9734-481d-ba75-ca4b61ed39d5,2026-05-19T23:30:00Z,2026-05-20T01:30:00+0200,41269.83,MW,FR,FR,actual_load,Actual Load,2026-06-19T10:14:15Z
2026-06-19T10:13:32Z,2026-06-19T12:13:32+0200,883e5adc-9734-481d-ba75-ca4b61ed39d5,2026-05-19T23:45:00Z,2026-05-20T01:45:00+0200,40547.79,MW,FR,FR,actual_load,Actual Load,2026-06-19T10:14:15Z
2026-06-19T10:13:32Z,2026-06-19T12:13:32+0200,883e5adc-9734-481d-ba75-ca4b61ed39d5,2026-05-20T00:00:00Z,2026-05-20T02:00:00+0200,40415.46,MW,FR,FR,actual_load,Actual Load,2026-06-19T10:14:15Z
2026-06-19T10:13:32Z,2026-06-19T12:13:32+0200,883e5adc-9734-481d-ba75-ca4b61ed39d5,2026-05-20T00:15:00Z,2026-05-20T02:15:00+0200,39927.76,MW,FR,FR,actual_load,Actual Load,2026-06-19T10:14:15Z
2026-06-19T10:13:32Z,2026-06-19T12:13:32+0200,883e5adc-9734-481d-ba75-ca4b61ed39d5,2026-05-20T00:30:00Z,2026-05-20T02:30:00+0200,38936.75,MW,FR,FR,actual_load,Actual Load,2026-06-19T10:14:15Z
2026-06-19T10:13:32Z,2026-06-19T12:13:32+0200,883e5adc-9734-481d-ba75-ca4b61ed39d5,2026-05-20T00:45:00Z,2026-05-20T02:45:00+0200,38303.55,MW,FR,FR,actual_load,Actual Load,2026-06-19T10:14:15Z
2026-06-19T10:13:32Z,2026-06-19T12:13:32+0200,883e5adc-9734-481d-ba75-ca4b61ed39d5,2026-05-20T01:00:00Z,2026-05-20T03:00:00+0200,38133.71,MW,FR,FR,actual_load,Actual Load,2026-06-19T10:14:15Z
2026-06-19T10:13:32Z,2026-06-19T12:13:32+0200,883e5adc-9734-481d-ba75-ca4b61ed39d5,2026-05-20T01:15:00Z,2026-05-20T03:15:00+0200,37484.91,MW,FR,FR,actual_load,Actual Load,2026-06-19T10:14:15Z
2026-06-19T10:13:32Z,2026-06-19T12:13:32+0200,883e5adc-9734-481d-ba75-ca4b61ed39d5,2026-05-20T01:30:00Z,2026-05-20T03:30:00+0200,37117.56,MW,FR,FR,actual_load,Actual Load,2026-06-19T10:14:15Z
2026-06-19T10:13:32Z,2026-06-19T12:13:32+0200,883e5adc-9734-481d-ba75-ca4b61ed39d5,2026-05-20T01:45:00Z,2026-05-20T03:45:00+0200,36719.86,MW,FR,FR,actual_load,Actual Load,2026-06-19T10:14:15Z
2026-06-19T10:13:32Z,2026-06-19T12:13:32+0200,883e5adc-9734-481d-ba75-ca4b61ed39d5,2026-05-20T02:00:00Z,2026-05-20T04:00:00+0200,36790.3,MW,FR,FR,actual_load,Actual Load,2026-06-19T10:14:15Z
2026-06-19T10:13:32Z,2026-06-19T12:13:32+0200,883e5adc-9734-481d-ba75-ca4b61ed39d5,2026-05-20T02:15:00Z,2026-05-20T04:15:00+0200,36705.81,MW,FR,FR,actual_load,Actual Load,2026-06-19T10:14:15Z
2026-06-19T10:13:32Z,2026-06-19T12:13:32+0200,883e5adc-9734-481d-ba75-ca4b61ed39d5,2026-05-20T02:30:00Z,2026-05-20T04:30:00+0200,36470.73,MW,FR,FR,actual_load,Actual Load,2026-06-19T10:14:15Z
2026-06-19T10:13:32Z,2026-06-19T12:13:32+0200,883e5adc-9734-481d-ba75-ca4b61ed39d5,2026-05-20T02:45:00Z,2026-05-20T04:45:00+0200,36728.71,MW,FR,FR,actual_load,Actual Load,2026-06-19T10:14:15Z
2026-06-19T10:13:32Z,2026-06-19T12:13:32+0200,883e5adc-9734-481d-ba75-ca4b61ed39d5,2026-05-20T03:00:00Z,2026-05-20T05:00:00+0200,37606.82,MW,FR,FR,actual_load,Actual Load,2026-06-19T10:14:15Z
2026-06-19T10:13:32Z,2026-06-19T12:13:32+0200,883e5adc-9734-481d-ba75-ca4b61ed39d5,2026-05-20T03:15:00Z,2026-05-20T05:15:00+0200,37919.2,MW,FR,FR,actual_load,Actual Load,2026-06-19T10:14:15Z
2026-06-19T10:13:32Z,2026-06-19T12:13:32+0200,883e5adc-9734-481d-ba75-ca4b61ed39d5,2026-05-20T03:30:00Z,2026-05-20T05:30:00+0200,38163.84,MW,FR,FR,actual_load,Actual Load,2026-06-19T10:14:15Z
2026-06-19T10:13:32Z,2026-06-19T12:13:32+0200,883e5adc-9734-481d-ba75-ca4b61ed39d5,2026-05-20T03:45:00Z,2026-05-20T05:45:00+0200,38647.93,MW,FR,FR,actual_load,Actual Load,2026-06-19T10:14:15Z
2026-06-19T10:13:32Z,2026-06-19T12:13:32+0200,883e5adc-9734-481d-ba75-ca4b61ed39d5,2026-05-20T04:00:00Z,2026-05-20T06:00:00+0200,39792.54,MW,FR,FR,actual_load,Actual Load,2026-06-19T10:14:15Z
2026-06-19T10:13:32Z,2026-06-19T12:13:32+0200,883e5adc-9734-481d-ba75-ca4b61ed39d5,2026-05-20T04:15:00Z,2026-05-20T06:15:00+0200,40569.25,MW,FR,FR,actual_load,Actual Load,2026-06-19T10:14:15Z
2026-06-19T10:13:32Z,2026-06-19T12:13:32+0200,883e5adc-9734-481d-ba75-ca4b61ed39d5,2026-05-20T04:30:00Z,2026-05-20T06:30:00+0200,41615.05,MW,FR,FR,actual_load,Actual Load,2026-06-19T10:14:15Z
2026-06-19T10:13:32Z,2026-06-19T12:13:32+0200,883e5adc-9734-481d-ba75-ca4b61ed39d5,2026-05-20T04:45:00Z,2026-05-20T06:45:00+0200,42378.76,MW,FR,FR,actual_load,Actual Load,2026-06-19T10:14:15Z
2026-06-19T10:13:32Z,2026-06-19T12:13:32+0200,883e5adc-9734-481d-ba75-ca4b61ed39d5,2026-05-20T05:00:00Z,2026-05-20T07:00:00+0200,43498.53,MW,FR,FR,actual_load,Actual Load,2026-06-19T10:14:15Z
2026-06-19T10:13:32Z,2026-06-19T12:13:32+0200,883e5adc-9734-481d-ba75-ca4b61ed39d5,2026-05-20T05:15:00Z,2026-05-20T07:15:00+0200,44177.74,MW,FR,FR,actual_load,Actual Load,2026-06-19T10:14:15Z
2026-06-19T10:13:32Z,2026-06-19T12:13:32+0200,883e5adc-9734-481d-ba75-ca4b61ed39d5,2026-05-20T05:30:00Z,2026-05-20T07:30:00+0200,44822.2,MW,FR,FR,actual_load,Actual Load,2026-06-19T10:14:15Z
2026-06-19T10:13:32Z,2026-06-19T12:13:32+0200,883e5adc-9734-481d-ba75-ca4b61ed39d5,2026-05-20T05:45:00Z,2026-05-20T07:45:00+0200,45560.1,MW,FR,FR,actual_load,Actual Load,2026-06-19T10:14:15Z
2026-06-19T10:13:32Z,2026-06-19T12:13:32+0200,883e5adc-9734-481d-ba75-ca4b61ed39d5,2026-05-20T06:00:00Z,2026-05-20T08:00:00+0200,46085.68,MW,FR,FR,actual_load,Actual Load,2026-06-19T10:14:15Z
2026-06-19T10:13:32Z,2026-06-19T12:13:32+0200,883e5adc-9734-481d-ba75-ca4b61ed39d5,2026-05-20T06:15:00Z,2026-05-20T08:15:00+0200,46525.68,MW,FR,FR,actual_load,Actual Load,2026-06-19T10:14:15Z
2026-06-19T10:13:32Z,2026-06-19T12:13:32+0200,883e5adc-9734-481d-ba75-ca4b61ed39d5,2026-05-20T06:30:00Z,2026-05-20T08:30:00+0200,46988.61,MW,FR,FR,actual_load,Actual Load,2026-06-19T10:14:15Z
2026-06-19T10:13:32Z,2026-06-19T12:13:32+0200,883e5adc-9734-481d-ba75-ca4b61ed39d5,2026-05-20T06:45:00Z,2026-05-20T08:45:00+0200,47532.54,MW,FR,FR,actual_load,Actual Load,2026-06-19T10:14:15Z
2026-06-19T10:13:32Z,2026-06-19T12:13:32+0200,883e5adc-9734-481d-ba75-ca4b61ed39d5,2026-05-20T07:00:00Z,2026-05-20T09:00:00+0200,47534.57,MW,FR,FR,actual_load,Actual Load,2026-06-19T10:14:15Z
2026-06-19T10:13:32Z,2026-06-19T12:13:32+0200,883e5adc-9734-481d-ba75-ca4b61ed39d5,2026-05-20T07:15:00Z,2026-05-20T09:15:00+0200,47954.17,MW,FR,FR,actual_load,Actual Load,2026-06-19T10:14:15Z
2026-06-19T10:13:32Z,2026-06-19T12:13:32+0200,883e5adc-9734-481d-ba75-ca4b61ed39d5,2026-05-20T07:30:00Z,2026-05-20T09:30:00+0200,47850.37,MW,FR,FR,actual_load,Actual Load,2026-06-19T10:14:15Z
2026-06-19T10:13:32Z,2026-06-19T12:13:32+0200,883e5adc-9734-481d-ba75-ca4b61ed39d5,2026-05-20T07:45:00Z,2026-05-20T09:45:00+0200,48105.27,MW,FR,FR,actual_load,Actual Load,2026-06-19T10:14:15Z
2026-06-19T10:13:32Z,2026-06-19T12:13:32+0200,883e5adc-9734-481d-ba75-ca4b61ed39d5,2026-05-20T08:00:00Z,2026-05-20T10:00:00+0200,48181.8,MW,FR,FR,actual_load,Actual Load,2026-06-19T10:14:15Z
2026-06-19T10:13:32Z,2026-06-19T12:13:32+0200,883e5adc-9734-481d-ba75-ca4b61ed39d5,2026-05-20T08:15:00Z,2026-05-20T10:15:00+0200,48076.05,MW,FR,FR,actual_load,Actual Load,2026-06-19T10:14:15Z
2026-06-19T10:13:32Z,2026-06-19T12:13:32+0200,883e5adc-9734-481d-ba75-ca4b61ed39d5,2026-05-20T08:30:00Z,2026-05-20T10:30:00+0200,48535.09,MW,FR,FR,actual_load,Actual Load,2026-06-19T10:14:15Z
2026-06-19T10:13:32Z,2026-06-19T12:13:32+0200,883e5adc-9734-481d-ba75-ca4b61ed39d5,2026-05-20T08:45:00Z,2026-05-20T10:45:00+0200,48401.57,MW,FR,FR,actual_load,Actual Load,2026-06-19T10:14:15Z
2026-06-19T10:13:32Z,2026-06-19T12:13:32+0200,883e5adc-9734-481d-ba75-ca4b61ed39d5,2026-05-20T09:00:00Z,2026-05-20T11:00:00+0200,48502.54,MW,FR,FR,actual_load,Actual Load,2026-06-19T10:14:15Z
2026-06-19T10:13:32Z,2026-06-19T12:13:32+0200,883e5adc-9734-481d-ba75-ca4b61ed39d5,2026-05-20T09:15:00Z,2026-05-20T11:15:00+0200,48887.93,MW,FR,FR,actual_load,Actual Load,2026-06-19T10:14:15Z
2026-06-19T10:13:32Z,2026-06-19T12:13:32+0200,883e5adc-9734-481d-ba75-ca4b61ed39d5,2026-05-20T09:30:00Z,2026-05-20T11:30:00+0200,49281.64,MW,FR,FR,actual_load,Actual Load,2026-06-19T10:14:15Z
2026-06-19T10:13:32Z,2026-06-19T12:13:32+0200,883e5adc-9734-481d-ba75-ca4b61ed39d5,2026-05-20T09:45:00Z,2026-05-20T11:45:00+0200,49686.41,MW,FR,FR,actual_load,Actual Load,2026-06-19T10:14:15Z
2026-06-19T10:13:32Z,2026-06-19T12:13:32+0200,883e5adc-9734-481d-ba75-ca4b61ed39d5,2026-05-20T10:00:00Z,2026-05-20T12:00:00+0200,49515.6,MW,FR,FR,actual_load,Actual Load,2026-06-19T10:14:15Z
2026-06-19T10:13:32Z,2026-06-19T12:13:32+0200,883e5adc-9734-481d-ba75-ca4b61ed39d5,2026-05-20T10:15:00Z,2026-05-20T12:15:00+0200,49240.11,MW,FR,FR,actual_load,Actual Load,2026-06-19T10:14:15Z
2026-06-19T10:13:32Z,2026-06-19T12:13:32+0200,883e5adc-9734-481d-ba75-ca4b61ed39d5,2026-05-20T10:30:00Z,2026-05-20T12:30:00+0200,49641.13,MW,FR,FR,actual_load,Actual Load,2026-06-19T10:14:15Z
2026-06-19T10:13:32Z,2026-06-19T12:13:32+0200,883e5adc-9734-481d-ba75-ca4b61ed39d5,2026-05-20T10:45:00Z,2026-05-20T12:45:00+0200,49284.11,MW,FR,FR,actual_load,Actual Load,2026-06-19T10:14:15Z
2026-06-19T10:13:32Z,2026-06-19T12:13:32+0200,883e5adc-9734-481d-ba75-ca4b61ed39d5,2026-05-20T11:00:00Z,2026-05-20T13:00:00+0200,48564.5,MW,FR,FR,actual_load,Actual Load,2026-06-19T10:14:15Z
2026-06-19T10:13:32Z,2026-06-19T12:13:32+0200,883e5adc-9734-481d-ba75-ca4b61ed39d5,2026-05-20T11:15:00Z,2026-05-20T13:15:00+0200,48103.97,MW,FR,FR,actual_load,Actual Load,2026-06-19T10:14:15Z
2026-06-19T10:13:32Z,2026-06-19T12:13:32+0200,883e5adc-9734-481d-ba75-ca4b61ed39d5,2026-05-20T11:30:00Z,2026-05-20T13:30:00+0200,48029.35,MW,FR,FR,actual_load,Actual Load,2026-06-19T10:14:15Z
2026-06-19T10:13:32Z,2026-06-19T12:13:32+0200,883e5adc-9734-481d-ba75-ca4b61ed39d5,2026-05-20T11:45:00Z,2026-05-20T13:45:00+0200,47982.02,MW,FR,FR,actual_load,Actual Load,2026-06-19T10:14:15Z
2026-06-19T10:13:32Z,2026-06-19T12:13:32+0200,883e5adc-9734-481d-ba75-ca4b61ed39d5,2026-05-20T12:00:00Z,2026-05-20T14:00:00+0200,48385.87,MW,FR,FR,actual_load,Actual Load,2026-06-19T10:14:15Z
2026-06-19T10:13:32Z,2026-06-19T12:13:32+0200,883e5adc-9734-481d-ba75-ca4b61ed39d5,2026-05-20T12:15:00Z,2026-05-20T14:15:00+0200,48041.95,MW,FR,FR,actual_load,Actual Load,2026-06-19T10:14:15Z
2026-06-19T10:13:32Z,2026-06-19T12:13:32+0200,883e5adc-9734-481d-ba75-ca4b61ed39d5,2026-05-20T12:30:00Z,2026-05-20T14:30:00+0200,48087.24,MW,FR,FR,actual_load,Actual Load,2026-06-19T10:14:15Z
2026-06-19T10:13:32Z,2026-06-19T12:13:32+0200,883e5adc-9734-481d-ba75-ca4b61ed39d5,2026-05-20T12:45:00Z,2026-05-20T14:45:00+0200,47570.74,MW,FR,FR,actual_load,Actual Load,2026-06-19T10:14:15Z
2026-06-19T10:13:32Z,2026-06-19T12:13:32+0200,883e5adc-9734-481d-ba75-ca4b61ed39d5,2026-05-20T13:00:00Z,2026-05-20T15:00:00+0200,47754.25,MW,FR,FR,actual_load,Actual Load,2026-06-19T10:14:15Z
2026-06-19T10:13:32Z,2026-06-19T12:13:32+0200,883e5adc-9734-481d-ba75-ca4b61ed39d5,2026-05-20T13:15:00Z,2026-05-20T15:15:00+0200,46605.97,MW,FR,FR,actual_load,Actual Load,2026-06-19T10:14:15Z
2026-06-19T10:13:32Z,2026-06-19T12:13:32+0200,883e5adc-9734-481d-ba75-ca4b61ed39d5,2026-05-20T13:30:00Z,2026-05-20T15:30:00+0200,46459.59,MW,FR,FR,actual_load,Actual Load,2026-06-19T10:14:15Z
2026-06-19T10:13:32Z,2026-06-19T12:13:32+0200,883e5adc-9734-481d-ba75-ca4b61ed39d5,2026-05-20T13:45:00Z,2026-05-20T15:45:00+0200,45888.25,MW,FR,FR,actual_load,Actual Load,2026-06-19T10:14:15Z
2026-06-19T10:13:32Z,2026-06-19T12:13:32+0200,883e5adc-9734-481d-ba75-ca4b61ed39d5,2026-05-20T14:00:00Z,2026-05-20T16:00:00+0200,45304.43,MW,FR,FR,actual_load,Actual Load,2026-06-19T10:14:15Z
2026-06-19T10:13:32Z,2026-06-19T12:13:32+0200,883e5adc-9734-481d-ba75-ca4b61ed39d5,2026-05-20T14:15:00Z,2026-05-20T16:15:00+0200,44992.2,MW,FR,FR,actual_load,Actual Load,2026-06-19T10:14:15Z
2026-06-19T10:13:32Z,2026-06-19T12:13:32+0200,883e5adc-9734-481d-ba75-ca4b61ed39d5,2026-05-20T14:30:00Z,2026-05-20T16:30:00+0200,44678.44,MW,FR,FR,actual_load,Actual Load,2026-06-19T10:14:15Z
2026-06-19T10:13:32Z,2026-06-19T12:13:32+0200,883e5adc-9734-481d-ba75-ca4b61ed39d5,2026-05-20T14:45:00Z,2026-05-20T16:45:00+0200,44395.59,MW,FR,FR,actual_load,Actual Load,2026-06-19T10:14:15Z
2026-06-19T10:13:32Z,2026-06-19T12:13:32+0200,883e5adc-9734-481d-ba75-ca4b61ed39d5,2026-05-20T15:00:00Z,2026-05-20T17:00:00+0200,44070.75,MW,FR,FR,actual_load,Actual Load,2026-06-19T10:14:15Z
2026-06-19T10:13:32Z,2026-06-19T12:13:32+0200,883e5adc-9734-481d-ba75-ca4b61ed39d5,2026-05-20T15:15:00Z,2026-05-20T17:15:00+0200,44169.95,MW,FR,FR,actual_load,Actual Load,2026-06-19T10:14:15Z
2026-06-19T10:13:32Z,2026-06-19T12:13:32+0200,883e5adc-9734-481d-ba75-ca4b61ed39d5,2026-05-20T15:30:00Z,2026-05-20T17:30:00+0200,44407.32,MW,FR,FR,actual_load,Actual Load,2026-06-19T10:14:15Z
2026-06-19T10:13:32Z,2026-06-19T12:13:32+0200,883e5adc-9734-481d-ba75-ca4b61ed39d5,2026-05-20T15:45:00Z,2026-05-20T17:45:00+0200,44884.2,MW,FR,FR,actual_load,Actual Load,2026-06-19T10:14:15Z
2026-06-19T10:13:32Z,2026-06-19T12:13:32+0200,883e5adc-9734-481d-ba75-ca4b61ed39d5,2026-05-20T16:00:00Z,2026-05-20T18:00:00+0200,45351.98,MW,FR,FR,actual_load,Actual Load,2026-06-19T10:14:15Z
2026-06-19T10:13:32Z,2026-06-19T12:13:32+0200,883e5adc-9734-481d-ba75-ca4b61ed39d5,2026-05-20T16:15:00Z,2026-05-20T18:15:00+0200,45948.75,MW,FR,FR,actual_load,Actual Load,2026-06-19T10:14:15Z
2026-06-19T10:13:32Z,2026-06-19T12:13:32+0200,883e5adc-9734-481d-ba75-ca4b61ed39d5,2026-05-20T16:30:00Z,2026-05-20T18:30:00+0200,46759.54,MW,FR,FR,actual_load,Actual Load,2026-06-19T10:14:15Z
2026-06-19T10:13:32Z,2026-06-19T12:13:32+0200,883e5adc-9734-481d-ba75-ca4b61ed39d5,2026-05-20T16:45:00Z,2026-05-20T18:45:00+0200,47280.41,MW,FR,FR,actual_load,Actual Load,2026-06-19T10:14:15Z
2026-06-19T10:13:32Z,2026-06-19T12:13:32+0200,883e5adc-9734-481d-ba75-ca4b61ed39d5,2026-05-20T17:00:00Z,2026-05-20T19:00:00+0200,47679.27,MW,FR,FR,actual_load,Actual Load,2026-06-19T10:14:15Z
2026-06-19T10:13:32Z,2026-06-19T12:13:32+0200,883e5adc-9734-481d-ba75-ca4b61ed39d5,2026-05-20T17:15:00Z,2026-05-20T19:15:00+0200,47888.95,MW,FR,FR,actual_load,Actual Load,2026-06-19T10:14:15Z
2026-06-19T10:13:32Z,2026-06-19T12:13:32+0200,883e5adc-9734-481d-ba75-ca4b61ed39d5,2026-05-20T17:30:00Z,2026-05-20T19:30:00+0200,47676.86,MW,FR,FR,actual_load,Actual Load,2026-06-19T10:14:15Z
2026-06-19T10:13:32Z,2026-06-19T12:13:32+0200,883e5adc-9734-481d-ba75-ca4b61ed39d5,2026-05-20T17:45:00Z,2026-05-20T19:45:00+0200,47415.93,MW,FR,FR,actual_load,Actual Load,2026-06-19T10:14:15Z
2026-06-19T10:13:32Z,2026-06-19T12:13:32+0200,883e5adc-9734-481d-ba75-ca4b61ed39d5,2026-05-20T18:00:00Z,2026-05-20T20:00:00+0200,46954.56,MW,FR,FR,actual_load,Actual Load,2026-06-19T10:14:15Z
2026-06-19T10:13:32Z,2026-06-19T12:13:32+0200,883e5adc-9734-481d-ba75-ca4b61ed39d5,2026-05-20T18:15:00Z,2026-05-20T20:15:00+0200,46433.14,MW,FR,FR,actual_load,Actual Load,2026-06-19T10:14:15Z
2026-06-19T10:13:32Z,2026-06-19T12:13:32+0200,883e5adc-9734-481d-ba75-ca4b61ed39d5,2026-05-20T18:30:00Z,2026-05-20T20:30:00+0200,45934.39,MW,FR,FR,actual_load,Actual Load,2026-06-19T10:14:15Z
2026-06-19T10:13:32Z,2026-06-19T12:13:32+0200,883e5adc-9734-481d-ba75-ca4b61ed39d5,2026-05-20T18:45:00Z,2026-05-20T20:45:00+0200,45354.24,MW,FR,FR,actual_load,Actual Load,2026-06-19T10:14:15Z
2026-06-19T10:13:32Z,2026-06-19T12:13:32+0200,883e5adc-9734-481d-ba75-ca4b61ed39d5,2026-05-20T19:00:00Z,2026-05-20T21:00:00+0200,45269.91,MW,FR,FR,actual_load,Actual Load,2026-06-19T10:14:15Z
2026-06-19T10:13:32Z,2026-06-19T12:13:32+0200,883e5adc-9734-481d-ba75-ca4b61ed39d5,2026-05-20T19:15:00Z,2026-05-20T21:15:00+0200,45066.22,MW,FR,FR,actual_load,Actual Load,2026-06-19T10:14:15Z
2026-06-19T10:13:32Z,2026-06-19T12:13:32+0200,883e5adc-9734-481d-ba75-ca4b61ed39d5,2026-05-20T19:30:00Z,2026-05-20T21:30:00+0200,45077.69,MW,FR,FR,actual_load,Actual Load,2026-06-19T10:14:15Z
2026-06-19T10:13:32Z,2026-06-19T12:13:32+0200,883e5adc-9734-481d-ba75-ca4b61ed39d5,2026-05-20T19:45:00Z,2026-05-20T21:45:00+0200,44791.8,MW,FR,FR,actual_load,Actual Load,2026-06-19T10:14:15Z
2026-06-19T10:13:32Z,2026-06-19T12:13:32+0200,883e5adc-9734-481d-ba75-ca4b61ed39d5,2026-05-20T20:00:00Z,2026-05-20T22:00:00+0200,45757.07,MW,FR,FR,actual_load,Actual Load,2026-06-19T10:14:15Z
2026-06-19T10:13:32Z,2026-06-19T12:13:32+0200,883e5adc-9734-481d-ba75-ca4b61ed39d5,2026-05-20T20:15:00Z,2026-05-20T22:15:00+0200,45364.64,MW,FR,FR,actual_load,Actual Load,2026-06-19T10:14:15Z
2026-06-19T10:13:32Z,2026-06-19T12:13:32+0200,883e5adc-9734-481d-ba75-ca4b61ed39d5,2026-05-20T20:30:00Z,2026-05-20T22:30:00+0200,46615.27,MW,FR,FR,actual_load,Actual Load,2026-06-19T10:14:15Z
2026-06-19T10:13:32Z,2026-06-19T12:13:32+0200,883e5adc-9734-481d-ba75-ca4b61ed39d5,2026-05-20T20:45:00Z,2026-05-20T22:45:00+0200,46086.31,MW,FR,FR,actual_load,Actual Load,2026-06-19T10:14:15Z
2026-06-19T10:13:32Z,2026-06-19T12:13:32+0200,883e5adc-9734-481d-ba75-ca4b61ed39d5,2026-05-20T21:00:00Z,2026-05-20T23:00:00+0200,46176.82,MW,FR,FR,actual_load,Actual Load,2026-06-19T10:14:15Z
2026-06-19T10:13:32Z,2026-06-19T12:13:32+0200,883e5adc-9734-481d-ba75-ca4b61ed39d5,2026-05-20T21:15:00Z,2026-05-20T23:15:00+0200,45241.56,MW,FR,FR,actual_load,Actual Load,2026-06-19T10:14:15Z
2026-06-19T10:13:32Z,2026-06-19T12:13:32+0200,883e5adc-9734-481d-ba75-ca4b61ed39d5,2026-05-20T21:30:00Z,2026-05-20T23:30:00+0200,45498.64,MW,FR,FR,actual_load,Actual Load,2026-06-19T10:14:15Z
2026-06-19T10:13:32Z,2026-06-19T12:13:32+0200,883e5adc-9734-481d-ba75-ca4b61ed39d5,2026-05-20T21:45:00Z,2026-05-20T23:45:00+0200,44759.68,MW,FR,FR,actual_load,Actual Load,2026-06-19T10:14:15Z
2026-06-19T10:13:32Z,2026-06-19T12:13:32+0200,883e5adc-9734-481d-ba75-ca4b61ed39d5,2026-05-20T22:00:00Z,2026-05-21T00:00:00+0200,44749.27,MW,FR,FR,actual_load,Actual Load,2026-06-19T10:14:15Z
2026-06-19T10:13:32Z,2026-06-19T12:13:32+0200,883e5adc-9734-481d-ba75-ca4b61ed39d5,2026-05-20T22:15:00Z,2026-05-21T00:15:00+0200,43735.52,MW,FR,FR,actual_load,Actual Load,2026-06-19T10:14:15Z
2026-06-19T10:13:32Z,2026-06-19T12:13:32+0200,883e5adc-9734-481d-ba75-ca4b61ed39d5,2026-05-20T22:30:00Z,2026-05-21T00:30:00+0200,42531.1,MW,FR,FR,actual_load,Actual Load,2026-06-19T10:14:15Z
2026-06-19T10:13:32Z,2026-06-19T12:13:32+0200,883e5adc-9734-481d-ba75-ca4b61ed39d5,2026-05-20T22:45:00Z,2026-05-21T00:45:00+0200,41558.92,MW,FR,FR,actual_load,Actual Load,2026-06-19T10:14:15Z
2026-06-19T10:13:32Z,2026-06-19T12:13:32+0200,883e5adc-9734-481d-ba75-ca4b61ed39d5,2026-05-20T23:00:00Z,2026-05-21T01:00:00+0200,41742.7,MW,FR,FR,actual_load,Actual Load,2026-06-19T10:14:15Z
2026-06-19T10:13:32Z,2026-06-19T12:13:32+0200,883e5adc-9734-481d-ba75-ca4b61ed39d5,2026-05-20T23:15:00Z,2026-05-21T01:15:00+0200,41212.44,MW,FR,FR,actual_load,Actual Load,2026-06-19T10:14:15Z
2026-06-19T10:13:32Z,2026-06-19T12:13:32+0200,883e5adc-9734-481d-ba75-ca4b61ed39d5,2026-05-20T23:30:00Z,2026-05-21T01:30:00+0200,41137.16,MW,FR,FR,actual_load,Actual Load,2026-06-19T10:14:15Z
2026-06-19T10:13:32Z,2026-06-19T12:13:32+0200,883e5adc-9734-481d-ba75-ca4b61ed39d5,2026-05-20T23:45:00Z,2026-05-21T01:45:00+0200,40399.37,MW,FR,FR,actual_load,Actual Load,2026-06-19T10:14:15Z
2026-06-19T10:13:32Z,2026-06-19T12:13:32+0200,883e5adc-9734-481d-ba75-ca4b61ed39d5,2026-05-21T00:00:00Z,2026-05-21T02:00:00+0200,40170.18,MW,FR,FR,actual_load,Actual Load,2026-06-19T10:14:15Z
2026-06-19T10:13:32Z,2026-06-19T12:13:32+0200,883e5adc-9734-481d-ba75-ca4b61ed39d5,2026-05-21T00:15:00Z,2026-05-21T02:15:00+0200,39304.22,MW,FR,FR,actual_load,Actual Load,2026-06-19T10:14:15Z
2026-06-19T10:13:32Z,2026-06-19T12:13:32+0200,883e5adc-9734-481d-ba75-ca4b61ed39d5,2026-05-21T00:30:00Z,2026-05-21T02:30:00+0200,38567.27,MW,FR,FR,actual_load,Actual Load,2026-06-19T10:14:15Z
2026-06-19T10:13:32Z,2026-06-19T12:13:32+0200,883e5adc-9734-481d-ba75-ca4b61ed39d5,2026-05-21T00:45:00Z,2026-05-21T02:45:00+0200,37934.42,MW,FR,FR,actual_load,Actual Load,2026-06-19T10:14:15Z
2026-06-19T10:13:32Z,2026-06-19T12:13:32+0200,883e5adc-9734-481d-ba75-ca4b61ed39d5,2026-05-21T01:00:00Z,2026-05-21T03:00:00+0200,37422.36,MW,FR,FR,actual_load,Actual Load,2026-06-19T10:14:15Z
2026-06-19T10:13:32Z,2026-06-19T12:13:32+0200,883e5adc-9734-481d-ba75-ca4b61ed39d5,2026-05-21T01:15:00Z,2026-05-21T03:15:00+0200,36821.58,MW,FR,FR,actual_load,Actual Load,2026-06-19T10:14:15Z
2026-06-19T10:13:32Z,2026-06-19T12:13:32+0200,883e5adc-9734-481d-ba75-ca4b61ed39d5,2026-05-21T01:30:00Z,2026-05-21T03:30:00+0200,36585.79,MW,FR,FR,actual_load,Actual Load,2026-06-19T10:14:15Z
2026-06-19T10:13:32Z,2026-06-19T12:13:32+0200,883e5adc-9734-481d-ba75-ca4b61ed39d5,2026-05-21T01:45:00Z,2026-05-21T03:45:00+0200,36341.21,MW,FR,FR,actual_load,Actual Load,2026-06-19T10:14:15Z
2026-06-19T10:13:32Z,2026-06-19T12:13:32+0200,883e5adc-9734-481d-ba75-ca4b61ed39d5,2026-05-21T02:00:00Z,2026-05-21T04:00:00+0200,36409.66,MW,FR,FR,actual_load,Actual Load,2026-06-19T10:14:15Z
2026-06-19T10:13:32Z,2026-06-19T12:13:32+0200,883e5adc-9734-481d-ba75-ca4b61ed39d5,2026-05-21T02:15:00Z,2026-05-21T04:15:00+0200,36323.69,MW,FR,FR,actual_load,Actual Load,2026-06-19T10:14:15Z
2026-06-19T10:13:32Z,2026-06-19T12:13:32+0200,883e5adc-9734-481d-ba75-ca4b61ed39d5,2026-05-21T02:30:00Z,2026-05-21T04:30:00+0200,36314.79,MW,FR,FR,actual_load,Actual Load,2026-06-19T10:14:15Z
2026-06-19T10:13:32Z,2026-06-19T12:13:32+0200,883e5adc-9734-481d-ba75-ca4b61ed39d5,2026-05-21T02:45:00Z,2026-05-21T04:45:00+0200,36409.96,MW,FR,FR,actual_load,Actual Load,2026-06-19T10:14:15Z
2026-06-19T10:13:32Z,2026-06-19T12:13:32+0200,883e5adc-9734-481d-ba75-ca4b61ed39d5,2026-05-21T03:00:00Z,2026-05-21T05:00:00+0200,37102.39,MW,FR,FR,actual_load,Actual Load,2026-06-19T10:14:15Z
2026-06-19T10:13:32Z,2026-06-19T12:13:32+0200,883e5adc-9734-481d-ba75-ca4b61ed39d5,2026-05-21T03:15:00Z,2026-05-21T05:15:00+0200,37713.88,MW,FR,FR,actual_load,Actual Load,2026-06-19T10:14:15Z
2026-06-19T10:13:32Z,2026-06-19T12:13:32+0200,883e5adc-9734-481d-ba75-ca4b61ed39d5,2026-05-21T03:30:00Z,2026-05-21T05:30:00+0200,38144.32,MW,FR,FR,actual_load,Actual Load,2026-06-19T10:14:15Z
2026-06-19T10:13:32Z,2026-06-19T12:13:32+0200,883e5adc-9734-481d-ba75-ca4b61ed39d5,2026-05-21T03:45:00Z,2026-05-21T05:45:00+0200,38742.5,MW,FR,FR,actual_load,Actual Load,2026-06-19T10:14:15Z
2026-06-19T10:13:32Z,2026-06-19T12:13:32+0200,883e5adc-9734-481d-ba75-ca4b61ed39d5,2026-05-21T04:00:00Z,2026-05-21T06:00:00+0200,39969.11,MW,FR,FR,actual_load,Actual Load,2026-06-19T10:14:15Z
2026-06-19T10:13:32Z,2026-06-19T12:13:32+0200,883e5adc-9734-481d-ba75-ca4b61ed39d5,2026-05-21T04:15:00Z,2026-05-21T06:15:00+0200,40849.65,MW,FR,FR,actual_load,Actual Load,2026-06-19T10:14:15Z
2026-06-19T10:13:32Z,2026-06-19T12:13:32+0200,883e5adc-9734-481d-ba75-ca4b61ed39d5,2026-05-21T04:30:00Z,2026-05-21T06:30:00+0200,41505.37,MW,FR,FR,actual_load,Actual Load,2026-06-19T10:14:15Z
2026-06-19T10:13:32Z,2026-06-19T12:13:32+0200,883e5adc-9734-481d-ba75-ca4b61ed39d5,2026-05-21T04:45:00Z,2026-05-21T06:45:00+0200,42649.69,MW,FR,FR,actual_load,Actual Load,2026-06-19T10:14:15Z
2026-06-19T10:13:32Z,2026-06-19T12:13:32+0200,883e5adc-9734-481d-ba75-ca4b61ed39d5,2026-05-21T05:00:00Z,2026-05-21T07:00:00+0200,43891.08,MW,FR,FR,actual_load,Actual Load,2026-06-19T10:14:15Z
2026-06-19T10:13:32Z,2026-06-19T12:13:32+0200,883e5adc-9734-481d-ba75-ca4b61ed39d5,2026-05-21T05:15:00Z,2026-05-21T07:15:00+0200,44765.14,MW,FR,FR,actual_load,Actual Load,2026-06-19T10:14:15Z
2026-06-19T10:13:32Z,2026-06-19T12:13:32+0200,883e5adc-9734-481d-ba75-ca4b61ed39d5,2026-05-21T05:30:00Z,2026-05-21T07:30:00+0200,45281.07,MW,FR,FR,actual_load,Actual Load,2026-06-19T10:14:15Z
2026-06-19T10:13:32Z,2026-06-19T12:13:32+0200,883e5adc-9734-481d-ba75-ca4b61ed39d5,2026-05-21T05:45:00Z,2026-05-21T07:45:00+0200,45654.28,MW,FR,FR,actual_load,Actual Load,2026-06-19T10:14:15Z
2026-06-19T10:13:32Z,2026-06-19T12:13:32+0200,883e5adc-9734-481d-ba75-ca4b61ed39d5,2026-05-21T06:00:00Z,2026-05-21T08:00:00+0200,46074.25,MW,FR,FR,actual_load,Actual Load,2026-06-19T10:14:15Z
2026-06-19T10:13:32Z,2026-06-19T12:13:32+0200,883e5adc-9734-481d-ba75-ca4b61ed39d5,2026-05-21T06:15:00Z,2026-05-21T08:15:00+0200,46170.7,MW,FR,FR,actual_load,Actual Load,2026-06-19T10:14:15Z
2026-06-19T10:13:32Z,2026-06-19T12:13:32+0200,883e5adc-9734-481d-ba75-ca4b61ed39d5,2026-05-21T06:30:00Z,2026-05-21T08:30:00+0200,46555.51,MW,FR,FR,actual_load,Actual Load,2026-06-19T10:14:15Z
2026-06-19T10:13:32Z,2026-06-19T12:13:32+0200,883e5adc-9734-481d-ba75-ca4b61ed39d5,2026-05-21T06:45:00Z,2026-05-21T08:45:00+0200,46568.18,MW,FR,FR,actual_load,Actual Load,2026-06-19T10:14:15Z
2026-06-19T10:13:32Z,2026-06-19T12:13:32+0200,883e5adc-9734-481d-ba75-ca4b61ed39d5,2026-05-21T07:00:00Z,2026-05-21T09:00:00+0200,47057.11,MW,FR,FR,actual_load,Actual Load,2026-06-19T10:14:15Z
2026-06-19T10:13:32Z,2026-06-19T12:13:32+0200,883e5adc-9734-481d-ba75-ca4b61ed39d5,2026-05-21T07:15:00Z,2026-05-21T09:15:00+0200,47028.62,MW,FR,FR,actual_load,Actual Load,2026-06-19T10:14:15Z
2026-06-19T10:13:32Z,2026-06-19T12:13:32+0200,883e5adc-9734-481d-ba75-ca4b61ed39d5,2026-05-21T07:30:00Z,2026-05-21T09:30:00+0200,46995.22,MW,FR,FR,actual_load,Actual Load,2026-06-19T10:14:15Z
2026-06-19T10:13:32Z,2026-06-19T12:13:32+0200,883e5adc-9734-481d-ba75-ca4b61ed39d5,2026-05-21T07:45:00Z,2026-05-21T09:45:00+0200,46681.01,MW,FR,FR,actual_load,Actual Load,2026-06-19T10:14:15Z
2026-06-19T10:13:32Z,2026-06-19T12:13:32+0200,883e5adc-9734-481d-ba75-ca4b61ed39d5,2026-05-21T08:00:00Z,2026-05-21T10:00:00+0200,46650.56,MW,FR,FR,actual_load,Actual Load,2026-06-19T10:14:15Z
2026-06-19T10:13:32Z,2026-06-19T12:13:32+0200,883e5adc-9734-481d-ba75-ca4b61ed39d5,2026-05-21T08:15:00Z,2026-05-21T10:15:00+0200,46668.09,MW,FR,FR,actual_load,Actual Load,2026-06-19T10:14:15Z
2026-06-19T10:13:32Z,2026-06-19T12:13:32+0200,883e5adc-9734-481d-ba75-ca4b61ed39d5,2026-05-21T08:30:00Z,2026-05-21T10:30:00+0200,46589.2,MW,FR,FR,actual_load,Actual Load,2026-06-19T10:14:15Z
2026-06-19T10:13:32Z,2026-06-19T12:13:32+0200,883e5adc-9734-481d-ba75-ca4b61ed39d5,2026-05-21T08:45:00Z,2026-05-21T10:45:00+0200,46600.78,MW,FR,FR,actual_load,Actual Load,2026-06-19T10:14:15Z
2026-06-19T10:13:32Z,2026-06-19T12:13:32+0200,883e5adc-9734-481d-ba75-ca4b61ed39d5,2026-05-21T09:00:00Z,2026-05-21T11:00:00+0200,46868.75,MW,FR,FR,actual_load,Actual Load,2026-06-19T10:14:15Z
2026-06-19T10:13:32Z,2026-06-19T12:13:32+0200,883e5adc-9734-481d-ba75-ca4b61ed39d5,2026-05-21T09:15:00Z,2026-05-21T11:15:00+0200,47030.3,MW,FR,FR,actual_load,Actual Load,2026-06-19T10:14:15Z
2026-06-19T10:13:32Z,2026-06-19T12:13:32+0200,883e5adc-9734-481d-ba75-ca4b61ed39d5,2026-05-21T09:30:00Z,2026-05-21T11:30:00+0200,47260.8,MW,FR,FR,actual_load,Actual Load,2026-06-19T10:14:15Z
2026-06-19T10:13:32Z,2026-06-19T12:13:32+0200,883e5adc-9734-481d-ba75-ca4b61ed39d5,2026-05-21T09:45:00Z,2026-05-21T11:45:00+0200,47338.02,MW,FR,FR,actual_load,Actual Load,2026-06-19T10:14:15Z
2026-06-19T10:13:32Z,2026-06-19T12:13:32+0200,883e5adc-9734-481d-ba75-ca4b61ed39d5,2026-05-21T10:00:00Z,2026-05-21T12:00:00+0200,47669.0,MW,FR,FR,actual_load,Actual Load,2026-06-19T10:14:15Z
2026-06-19T10:13:32Z,2026-06-19T12:13:32+0200,883e5adc-9734-481d-ba75-ca4b61ed39d5,2026-05-21T10:15:00Z,2026-05-21T12:15:00+0200,48437.91,MW,FR,FR,actual_load,Actual Load,2026-06-19T10:14:15Z
2026-06-19T10:13:32Z,2026-06-19T12:13:32+0200,883e5adc-9734-481d-ba75-ca4b61ed39d5,2026-05-21T10:30:00Z,2026-05-21T12:30:00+0200,48792.4,MW,FR,FR,actual_load,Actual Load,2026-06-19T10:14:15Z
2026-06-19T10:13:32Z,2026-06-19T12:13:32+0200,883e5adc-9734-481d-ba75-ca4b61ed39d5,2026-05-21T10:45:00Z,2026-05-21T12:45:00+0200,48575.39,MW,FR,FR,actual_load,Actual Load,2026-06-19T10:14:15Z
2026-06-19T10:13:32Z,2026-06-19T12:13:32+0200,883e5adc-9734-481d-ba75-ca4b61ed39d5,2026-05-21T11:00:00Z,2026-05-21T13:00:00+0200,48035.52,MW,FR,FR,actual_load,Actual Load,2026-06-19T10:14:15Z
2026-06-19T10:13:32Z,2026-06-19T12:13:32+0200,883e5adc-9734-481d-ba75-ca4b61ed39d5,2026-05-21T11:15:00Z,2026-05-21T13:15:00+0200,47429.98,MW,FR,FR,actual_load,Actual Load,2026-06-19T10:14:15Z
2026-06-19T10:13:32Z,2026-06-19T12:13:32+0200,883e5adc-9734-481d-ba75-ca4b61ed39d5,2026-05-21T11:30:00Z,2026-05-21T13:30:00+0200,46931.41,MW,FR,FR,actual_load,Actual Load,2026-06-19T10:14:15Z
2026-06-19T10:13:32Z,2026-06-19T12:13:32+0200,883e5adc-9734-481d-ba75-ca4b61ed39d5,2026-05-21T11:45:00Z,2026-05-21T13:45:00+0200,46772.07,MW,FR,FR,actual_load,Actual Load,2026-06-19T10:14:15Z
2026-06-19T10:13:32Z,2026-06-19T12:13:32+0200,883e5adc-9734-481d-ba75-ca4b61ed39d5,2026-05-21T12:00:00Z,2026-05-21T14:00:00+0200,47225.15,MW,FR,FR,actual_load,Actual Load,2026-06-19T10:14:15Z
2026-06-19T10:13:32Z,2026-06-19T12:13:32+0200,883e5adc-9734-481d-ba75-ca4b61ed39d5,2026-05-21T12:15:00Z,2026-05-21T14:15:00+0200,47197.72,MW,FR,FR,actual_load,Actual Load,2026-06-19T10:14:15Z
2026-06-19T10:13:32Z,2026-06-19T12:13:32+0200,883e5adc-9734-481d-ba75-ca4b61ed39d5,2026-05-21T12:30:00Z,2026-05-21T14:30:00+0200,47353.73,MW,FR,FR,actual_load,Actual Load,2026-06-19T10:14:15Z
2026-06-19T10:13:32Z,2026-06-19T12:13:32+0200,883e5adc-9734-481d-ba75-ca4b61ed39d5,2026-05-21T12:45:00Z,2026-05-21T14:45:00+0200,46497.98,MW,FR,FR,actual_load,Actual Load,2026-06-19T10:14:15Z
2026-06-19T10:13:32Z,2026-06-19T12:13:32+0200,883e5adc-9734-481d-ba75-ca4b61ed39d5,2026-05-21T13:00:00Z,2026-05-21T15:00:00+0200,47114.77,MW,FR,FR,actual_load,Actual Load,2026-06-19T10:14:15Z
2026-06-19T10:13:32Z,2026-06-19T12:13:32+0200,883e5adc-9734-481d-ba75-ca4b61ed39d5,2026-05-21T13:15:00Z,2026-05-21T15:15:00+0200,46471.9,MW,FR,FR,actual_load,Actual Load,2026-06-19T10:14:15Z
2026-06-19T10:13:32Z,2026-06-19T12:13:32+0200,883e5adc-9734-481d-ba75-ca4b61ed39d5,2026-05-21T13:30:00Z,2026-05-21T15:30:00+0200,46174.8,MW,FR,FR,actual_load,Actual Load,2026-06-19T10:14:15Z
2026-06-19T10:13:32Z,2026-06-19T12:13:32+0200,883e5adc-9734-481d-ba75-ca4b61ed39d5,2026-05-21T13:45:00Z,2026-05-21T15:45:00+0200,45796.79,MW,FR,FR,actual_load,Actual Load,2026-06-19T10:14:15Z
2026-06-19T10:13:32Z,2026-06-19T12:13:32+0200,883e5adc-9734-481d-ba75-ca4b61ed39d5,2026-05-21T14:00:00Z,2026-05-21T16:00:00+0200,45356.49,MW,FR,FR,actual_load,Actual Load,2026-06-19T10:14:15Z
2026-06-19T10:13:32Z,2026-06-19T12:13:32+0200,883e5adc-9734-481d-ba75-ca4b61ed39d5,2026-05-21T14:15:00Z,2026-05-21T16:15:00+0200,44822.38,MW,FR,FR,actual_load,Actual Load,2026-06-19T10:14:15Z
2026-06-19T10:13:32Z,2026-06-19T12:13:32+0200,883e5adc-9734-481d-ba75-ca4b61ed39d5,2026-05-21T14:30:00Z,2026-05-21T16:30:00+0200,44418.98,MW,FR,FR,actual_load,Actual Load,2026-06-19T10:14:15Z
2026-06-19T10:13:32Z,2026-06-19T12:13:32+0200,883e5adc-9734-481d-ba75-ca4b61ed39d5,2026-05-21T14:45:00Z,2026-05-21T16:45:00+0200,44226.74,MW,FR,FR,actual_load,Actual Load,2026-06-19T10:14:15Z
2026-06-19T10:13:32Z,2026-06-19T12:13:32+0200,883e5adc-9734-481d-ba75-ca4b61ed39d5,2026-05-21T15:00:00Z,2026-05-21T17:00:00+0200,43667.09,MW,FR,FR,actual_load,Actual Load,2026-06-19T10:14:15Z
2026-06-19T10:13:32Z,2026-06-19T12:13:32+0200,883e5adc-9734-481d-ba75-ca4b61ed39d5,2026-05-21T15:15:00Z,2026-05-21T17:15:00+0200,43725.33,MW,FR,FR,actual_load,Actual Load,2026-06-19T10:14:15Z
2026-06-19T10:13:32Z,2026-06-19T12:13:32+0200,883e5adc-9734-481d-ba75-ca4b61ed39d5,2026-05-21T15:30:00Z,2026-05-21T17:30:00+0200,44152.59,MW,FR,FR,actual_load,Actual Load,2026-06-19T10:14:15Z
2026-06-19T10:13:32Z,2026-06-19T12:13:32+0200,883e5adc-9734-481d-ba75-ca4b61ed39d5,2026-05-21T15:45:00Z,2026-05-21T17:45:00+0200,44437.82,MW,FR,FR,actual_load,Actual Load,2026-06-19T10:14:15Z
2026-06-19T10:13:32Z,2026-06-19T12:13:32+0200,883e5adc-9734-481d-ba75-ca4b61ed39d5,2026-05-21T16:00:00Z,2026-05-21T18:00:00+0200,44871.87,MW,FR,FR,actual_load,Actual Load,2026-06-19T10:14:15Z
2026-06-19T10:13:32Z,2026-06-19T12:13:32+0200,883e5adc-9734-481d-ba75-ca4b61ed39d5,2026-05-21T16:15:00Z,2026-05-21T18:15:00+0200,45300.26,MW,FR,FR,actual_load,Actual Load,2026-06-19T10:14:15Z
2026-06-19T10:13:32Z,2026-06-19T12:13:32+0200,883e5adc-9734-481d-ba75-ca4b61ed39d5,2026-05-21T16:30:00Z,2026-05-21T18:30:00+0200,46255.34,MW,FR,FR,actual_load,Actual Load,2026-06-19T10:14:15Z
2026-06-19T10:13:32Z,2026-06-19T12:13:32+0200,883e5adc-9734-481d-ba75-ca4b61ed39d5,2026-05-21T16:45:00Z,2026-05-21T18:45:00+0200,46770.75,MW,FR,FR,actual_load,Actual Load,2026-06-19T10:14:15Z
2026-06-19T10:13:32Z,2026-06-19T12:13:32+0200,883e5adc-9734-481d-ba75-ca4b61ed39d5,2026-05-21T17:00:00Z,2026-05-21T19:00:00+0200,47053.25,MW,FR,FR,actual_load,Actual Load,2026-06-19T10:14:15Z
2026-06-19T10:13:32Z,2026-06-19T12:13:32+0200,883e5adc-9734-481d-ba75-ca4b61ed39d5,2026-05-21T17:15:00Z,2026-05-21T19:15:00+0200,47250.0,MW,FR,FR,actual_load,Actual Load,2026-06-19T10:14:15Z
2026-06-19T10:13:32Z,2026-06-19T12:13:32+0200,883e5adc-9734-481d-ba75-ca4b61ed39d5,2026-05-21T17:30:00Z,2026-05-21T19:30:00+0200,47065.09,MW,FR,FR,actual_load,Actual Load,2026-06-19T10:14:15Z
2026-06-19T10:13:32Z,2026-06-19T12:13:32+0200,883e5adc-9734-481d-ba75-ca4b61ed39d5,2026-05-21T17:45:00Z,2026-05-21T19:45:00+0200,46718.68,MW,FR,FR,actual_load,Actual Load,2026-06-19T10:14:15Z
2026-06-19T10:13:32Z,2026-06-19T12:13:32+0200,883e5adc-9734-481d-ba75-ca4b61ed39d5,2026-05-21T18:00:00Z,2026-05-21T20:00:00+0200,46339.58,MW,FR,FR,actual_load,Actual Load,2026-06-19T10:14:15Z
2026-06-19T10:13:32Z,2026-06-19T12:13:32+0200,883e5adc-9734-481d-ba75-ca4b61ed39d5,2026-05-21T18:15:00Z,2026-05-21T20:15:00+0200,45643.46,MW,FR,FR,actual_load,Actual Load,2026-06-19T10:14:15Z
2026-06-19T10:13:32Z,2026-06-19T12:13:32+0200,883e5adc-9734-481d-ba75-ca4b61ed39d5,2026-05-21T18:30:00Z,2026-05-21T20:30:00+0200,45103.3,MW,FR,FR,actual_load,Actual Load,2026-06-19T10:14:15Z
2026-06-19T10:13:32Z,2026-06-19T12:13:32+0200,883e5adc-9734-481d-ba75-ca4b61ed39d5,2026-05-21T18:45:00Z,2026-05-21T20:45:00+0200,44577.44,MW,FR,FR,actual_load,Actual Load,2026-06-19T10:14:15Z
2026-06-19T10:13:32Z,2026-06-19T12:13:32+0200,883e5adc-9734-481d-ba75-ca4b61ed39d5,2026-05-21T19:00:00Z,2026-05-21T21:00:00+0200,44558.24,MW,FR,FR,actual_load,Actual Load,2026-06-19T10:14:15Z
2026-06-19T10:13:32Z,2026-06-19T12:13:32+0200,883e5adc-9734-481d-ba75-ca4b61ed39d5,2026-05-21T19:15:00Z,2026-05-21T21:15:00+0200,44211.85,MW,FR,FR,actual_load,Actual Load,2026-06-19T10:14:15Z
2026-06-19T10:13:32Z,2026-06-19T12:13:32+0200,883e5adc-9734-481d-ba75-ca4b61ed39d5,2026-05-21T19:30:00Z,2026-05-21T21:30:00+0200,44139.4,MW,FR,FR,actual_load,Actual Load,2026-06-19T10:14:15Z
2026-06-19T10:13:32Z,2026-06-19T12:13:32+0200,883e5adc-9734-481d-ba75-ca4b61ed39d5,2026-05-21T19:45:00Z,2026-05-21T21:45:00+0200,43995.46,MW,FR,FR,actual_load,Actual Load,2026-06-19T10:14:15Z
2026-06-19T10:13:32Z,2026-06-19T12:13:32+0200,883e5adc-9734-481d-ba75-ca4b61ed39d5,2026-05-21T20:00:00Z,2026-05-21T22:00:00+0200,44963.57,MW,FR,FR,actual_load,Actual Load,2026-06-19T10:14:15Z
2026-06-19T10:13:32Z,2026-06-19T12:13:32+0200,883e5adc-9734-481d-ba75-ca4b61ed39d5,2026-05-21T20:15:00Z,2026-05-21T22:15:00+0200,44866.39,MW,FR,FR,actual_load,Actual Load,2026-06-19T10:14:15Z
2026-06-19T10:13:32Z,2026-06-19T12:13:32+0200,883e5adc-9734-481d-ba75-ca4b61ed39d5,2026-05-21T20:30:00Z,2026-05-21T22:30:00+0200,46021.42,MW,FR,FR,actual_load,Actual Load,2026-06-19T10:14:15Z
2026-06-19T10:13:32Z,2026-06-19T12:13:32+0200,883e5adc-9734-481d-ba75-ca4b61ed39d5,2026-05-21T20:45:00Z,2026-05-21T22:45:00+0200,45444.02,MW,FR,FR,actual_load,Actual Load,2026-06-19T10:14:15Z
2026-06-19T10:13:32Z,2026-06-19T12:13:32+0200,883e5adc-9734-481d-ba75-ca4b61ed39d5,2026-05-21T21:00:00Z,2026-05-21T23:00:00+0200,45324.27,MW,FR,FR,actual_load,Actual Load,2026-06-19T10:14:15Z
2026-06-19T10:13:32Z,2026-06-19T12:13:32+0200,883e5adc-9734-481d-ba75-ca4b61ed39d5,2026-05-21T21:15:00Z,2026-05-21T23:15:00+0200,44440.18,MW,FR,FR,actual_load,Actual Load,2026-06-19T10:14:15Z
2026-06-19T10:13:32Z,2026-06-19T12:13:32+0200,883e5adc-9734-481d-ba75-ca4b61ed39d5,2026-05-21T21:30:00Z,2026-05-21T23:30:00+0200,44854.18,MW,FR,FR,actual_load,Actual Load,2026-06-19T10:14:15Z
2026-06-19T10:13:32Z,2026-06-19T12:13:32+0200,883e5adc-9734-481d-ba75-ca4b61ed39d5,2026-05-21T21:45:00Z,2026-05-21T23:45:00+0200,43881.39,MW,FR,FR,actual_load,Actual Load,2026-06-19T10:14:15Z
2026-06-19T10:13:32Z,2026-06-19T12:13:32+0200,883e5adc-9734-481d-ba75-ca4b61ed39d5,2026-05-21T22:00:00Z,2026-05-22T00:00:00+0200,43826.99,MW,FR,FR,actual_load,Actual Load,2026-06-19T10:14:15Z
2026-06-19T10:13:32Z,2026-06-19T12:13:32+0200,883e5adc-9734-481d-ba75-ca4b61ed39d5,2026-05-21T22:15:00Z,2026-05-22T00:15:00+0200,42839.01,MW,FR,FR,actual_load,Actual Load,2026-06-19T10:14:15Z
2026-06-19T10:13:32Z,2026-06-19T12:13:32+0200,883e5adc-9734-481d-ba75-ca4b61ed39d5,2026-05-21T22:30:00Z,2026-05-22T00:30:00+0200,41469.81,MW,FR,FR,actual_load,Actual Load,2026-06-19T10:14:15Z
2026-06-19T10:13:32Z,2026-06-19T12:13:32+0200,883e5adc-9734-481d-ba75-ca4b61ed39d5,2026-05-21T22:45:00Z,2026-05-22T00:45:00+0200,40395.93,MW,FR,FR,actual_load,Actual Load,2026-06-19T10:14:15Z
2026-06-19T10:13:32Z,2026-06-19T12:13:32+0200,883e5adc-9734-481d-ba75-ca4b61ed39d5,2026-05-21T23:00:00Z,2026-05-22T01:00:00+0200,40801.1,MW,FR,FR,actual_load,Actual Load,2026-06-19T10:14:15Z
2026-06-19T10:13:32Z,2026-06-19T12:13:32+0200,883e5adc-9734-481d-ba75-ca4b61ed39d5,2026-05-21T23:15:00Z,2026-05-22T01:15:00+0200,40241.16,MW,FR,FR,actual_load,Actual Load,2026-06-19T10:14:15Z
2026-06-19T10:13:32Z,2026-06-19T12:13:32+0200,883e5adc-9734-481d-ba75-ca4b61ed39d5,2026-05-21T23:30:00Z,2026-05-22T01:30:00+0200,40156.09,MW,FR,FR,actual_load,Actual Load,2026-06-19T10:14:15Z
2026-06-19T10:13:32Z,2026-06-19T12:13:32+0200,883e5adc-9734-481d-ba75-ca4b61ed39d5,2026-05-21T23:45:00Z,2026-05-22T01:45:00+0200,39218.55,MW,FR,FR,actual_load,Actual Load,2026-06-19T10:14:15Z
2026-06-19T10:13:32Z,2026-06-19T12:13:32+0200,883e5adc-9734-481d-ba75-ca4b61ed39d5,2026-05-22T00:00:00Z,2026-05-22T02:00:00+0200,38898.52,MW,FR,FR,actual_load,Actual Load,2026-06-19T10:14:15Z
2026-06-19T10:13:32Z,2026-06-19T12:13:32+0200,883e5adc-9734-481d-ba75-ca4b61ed39d5,2026-05-22T00:15:00Z,2026-05-22T02:15:00+0200,38122.1,MW,FR,FR,actual_load,Actual Load,2026-06-19T10:14:15Z
2026-06-19T10:13:32Z,2026-06-19T12:13:32+0200,883e5adc-9734-481d-ba75-ca4b61ed39d5,2026-05-22T00:30:00Z,2026-05-22T02:30:00+0200,37351.73,MW,FR,FR,actual_load,Actual Load,2026-06-19T10:14:15Z
2026-06-19T10:13:32Z,2026-06-19T12:13:32+0200,883e5adc-9734-481d-ba75-ca4b61ed39d5,2026-05-22T00:45:00Z,2026-05-22T02:45:00+0200,36553.71,MW,FR,FR,actual_load,Actual Load,2026-06-19T10:14:15Z
2026-06-19T10:13:32Z,2026-06-19T12:13:32+0200,883e5adc-9734-481d-ba75-ca4b61ed39d5,2026-05-22T01:00:00Z,2026-05-22T03:00:00+0200,36105.52,MW,FR,FR,actual_load,Actual Load,2026-06-19T10:14:15Z
2026-06-19T10:13:32Z,2026-06-19T12:13:32+0200,883e5adc-9734-481d-ba75-ca4b61ed39d5,2026-05-22T01:15:00Z,2026-05-22T03:15:00+0200,35572.46,MW,FR,FR,actual_load,Actual Load,2026-06-19T10:14:15Z
2026-06-19T10:13:32Z,2026-06-19T12:13:32+0200,883e5adc-9734-481d-ba75-ca4b61ed39d5,2026-05-22T01:30:00Z,2026-05-22T03:30:00+0200,35332.69,MW,FR,FR,actual_load,Actual Load,2026-06-19T10:14:15Z
2026-06-19T10:13:32Z,2026-06-19T12:13:32+0200,883e5adc-9734-481d-ba75-ca4b61ed39d5,2026-05-22T01:45:00Z,2026-05-22T03:45:00+0200,35060.62,MW,FR,FR,actual_load,Actual Load,2026-06-19T10:14:15Z
2026-06-19T10:13:32Z,2026-06-19T12:13:32+0200,883e5adc-9734-481d-ba75-ca4b61ed39d5,2026-05-22T02:00:00Z,2026-05-22T04:00:00+0200,34944.34,MW,FR,FR,actual_load,Actual Load,2026-06-19T10:14:15Z
2026-06-19T10:13:32Z,2026-06-19T12:13:32+0200,883e5adc-9734-481d-ba75-ca4b61ed39d5,2026-05-22T02:15:00Z,2026-05-22T04:15:00+0200,34806.81,MW,FR,FR,actual_load,Actual Load,2026-06-19T10:14:15Z
2026-06-19T10:13:32Z,2026-06-19T12:13:32+0200,883e5adc-9734-481d-ba75-ca4b61ed39d5,2026-05-22T02:30:00Z,2026-05-22T04:30:00+0200,35060.54,MW,FR,FR,actual_load,Actual Load,2026-06-19T10:14:15Z
2026-06-19T10:13:32Z,2026-06-19T12:13:32+0200,883e5adc-9734-481d-ba75-ca4b61ed39d5,2026-05-22T02:45:00Z,2026-05-22T04:45:00+0200,35000.19,MW,FR,FR,actual_load,Actual Load,2026-06-19T10:14:15Z
2026-06-19T10:13:32Z,2026-06-19T12:13:32+0200,883e5adc-9734-481d-ba75-ca4b61ed39d5,2026-05-22T03:00:00Z,2026-05-22T05:00:00+0200,35421.41,MW,FR,FR,actual_load,Actual Load,2026-06-19T10:14:15Z
2026-06-19T10:13:32Z,2026-06-19T12:13:32+0200,883e5adc-9734-481d-ba75-ca4b61ed39d5,2026-05-22T03:15:00Z,2026-05-22T05:15:00+0200,35767.84,MW,FR,FR,actual_load,Actual Load,2026-06-19T10:14:15Z
2026-06-19T10:13:32Z,2026-06-19T12:13:32+0200,883e5adc-9734-481d-ba75-ca4b61ed39d5,2026-05-22T03:30:00Z,2026-05-22T05:30:00+0200,36222.9,MW,FR,FR,actual_load,Actual Load,2026-06-19T10:14:15Z
2026-06-19T10:13:32Z,2026-06-19T12:13:32+0200,883e5adc-9734-481d-ba75-ca4b61ed39d5,2026-05-22T03:45:00Z,2026-05-22T05:45:00+0200,36757.82,MW,FR,FR,actual_load,Actual Load,2026-06-19T10:14:15Z
2026-06-19T10:13:32Z,2026-06-19T12:13:32+0200,883e5adc-9734-481d-ba75-ca4b61ed39d5,2026-05-22T04:00:00Z,2026-05-22T06:00:00+0200,37843.7,MW,FR,FR,actual_load,Actual Load,2026-06-19T10:14:15Z
2026-06-19T10:13:32Z,2026-06-19T12:13:32+0200,883e5adc-9734-481d-ba75-ca4b61ed39d5,2026-05-22T04:15:00Z,2026-05-22T06:15:00+0200,38599.3,MW,FR,FR,actual_load,Actual Load,2026-06-19T10:14:15Z
2026-06-19T10:13:32Z,2026-06-19T12:13:32+0200,883e5adc-9734-481d-ba75-ca4b61ed39d5,2026-05-22T04:30:00Z,2026-05-22T06:30:00+0200,39326.82,MW,FR,FR,actual_load,Actual Load,2026-06-19T10:14:15Z
2026-06-19T10:13:32Z,2026-06-19T12:13:32+0200,883e5adc-9734-481d-ba75-ca4b61ed39d5,2026-05-22T04:45:00Z,2026-05-22T06:45:00+0200,40245.48,MW,FR,FR,actual_load,Actual Load,2026-06-19T10:14:15Z
2026-06-19T10:13:32Z,2026-06-19T12:13:32+0200,883e5adc-9734-481d-ba75-ca4b61ed39d5,2026-05-22T05:00:00Z,2026-05-22T07:00:00+0200,41300.42,MW,FR,FR,actual_load,Actual Load,2026-06-19T10:14:15Z
2026-06-19T10:13:32Z,2026-06-19T12:13:32+0200,883e5adc-9734-481d-ba75-ca4b61ed39d5,2026-05-22T05:15:00Z,2026-05-22T07:15:00+0200,42185.74,MW,FR,FR,actual_load,Actual Load,2026-06-19T10:14:15Z
2026-06-19T10:13:32Z,2026-06-19T12:13:32+0200,883e5adc-9734-481d-ba75-ca4b61ed39d5,2026-05-22T05:30:00Z,2026-05-22T07:30:00+0200,42651.13,MW,FR,FR,actual_load,Actual Load,2026-06-19T10:14:15Z
2026-06-19T10:13:32Z,2026-06-19T12:13:32+0200,883e5adc-9734-481d-ba75-ca4b61ed39d5,2026-05-22T05:45:00Z,2026-05-22T07:45:00+0200,43317.77,MW,FR,FR,actual_load,Actual Load,2026-06-19T10:14:15Z
2026-06-19T10:13:32Z,2026-06-19T12:13:32+0200,883e5adc-9734-481d-ba75-ca4b61ed39d5,2026-05-22T06:00:00Z,2026-05-22T08:00:00+0200,43915.23,MW,FR,FR,actual_load,Actual Load,2026-06-19T10:14:15Z
2026-06-19T10:13:32Z,2026-06-19T12:13:32+0200,883e5adc-9734-481d-ba75-ca4b61ed39d5,2026-05-22T06:15:00Z,2026-05-22T08:15:00+0200,44292.48,MW,FR,FR,actual_load,Actual Load,2026-06-19T10:14:15Z
2026-06-19T10:13:32Z,2026-06-19T12:13:32+0200,883e5adc-9734-481d-ba75-ca4b61ed39d5,2026-05-22T06:30:00Z,2026-05-22T08:30:00+0200,44651.59,MW,FR,FR,actual_load,Actual Load,2026-06-19T10:14:15Z
2026-06-19T10:13:32Z,2026-06-19T12:13:32+0200,883e5adc-9734-481d-ba75-ca4b61ed39d5,2026-05-22T06:45:00Z,2026-05-22T08:45:00+0200,45308.33,MW,FR,FR,actual_load,Actual Load,2026-06-19T10:14:15Z
2026-06-19T10:13:32Z,2026-06-19T12:13:32+0200,883e5adc-9734-481d-ba75-ca4b61ed39d5,2026-05-22T07:00:00Z,2026-05-22T09:00:00+0200,45601.65,MW,FR,FR,actual_load,Actual Load,2026-06-19T10:14:15Z
2026-06-19T10:13:32Z,2026-06-19T12:13:32+0200,883e5adc-9734-481d-ba75-ca4b61ed39d5,2026-05-22T07:15:00Z,2026-05-22T09:15:00+0200,45882.62,MW,FR,FR,actual_load,Actual Load,2026-06-19T10:14:15Z
2026-06-19T10:13:32Z,2026-06-19T12:13:32+0200,883e5adc-9734-481d-ba75-ca4b61ed39d5,2026-05-22T07:30:00Z,2026-05-22T09:30:00+0200,46068.72,MW,FR,FR,actual_load,Actual Load,2026-06-19T10:14:15Z
2026-06-19T10:13:32Z,2026-06-19T12:13:32+0200,883e5adc-9734-481d-ba75-ca4b61ed39d5,2026-05-22T07:45:00Z,2026-05-22T09:45:00+0200,46041.59,MW,FR,FR,actual_load,Actual Load,2026-06-19T10:14:15Z
2026-06-19T10:13:32Z,2026-06-19T12:13:32+0200,883e5adc-9734-481d-ba75-ca4b61ed39d5,2026-05-22T08:00:00Z,2026-05-22T10:00:00+0200,46282.98,MW,FR,FR,actual_load,Actual Load,2026-06-19T10:14:15Z
2026-06-19T10:13:32Z,2026-06-19T12:13:32+0200,883e5adc-9734-481d-ba75-ca4b61ed39d5,2026-05-22T08:15:00Z,2026-05-22T10:15:00+0200,46294.23,MW,FR,FR,actual_load,Actual Load,2026-06-19T10:14:15Z
2026-06-19T10:13:32Z,2026-06-19T12:13:32+0200,883e5adc-9734-481d-ba75-ca4b61ed39d5,2026-05-22T08:30:00Z,2026-05-22T10:30:00+0200,46352.99,MW,FR,FR,actual_load,Actual Load,2026-06-19T10:14:15Z
2026-06-19T10:13:32Z,2026-06-19T12:13:32+0200,883e5adc-9734-481d-ba75-ca4b61ed39d5,2026-05-22T08:45:00Z,2026-05-22T10:45:00+0200,46512.96,MW,FR,FR,actual_load,Actual Load,2026-06-19T10:14:15Z
2026-06-19T10:13:32Z,2026-06-19T12:13:32+0200,883e5adc-9734-481d-ba75-ca4b61ed39d5,2026-05-22T09:00:00Z,2026-05-22T11:00:00+0200,46643.2,MW,FR,FR,actual_load,Actual Load,2026-06-19T10:14:15Z
2026-06-19T10:13:32Z,2026-06-19T12:13:32+0200,883e5adc-9734-481d-ba75-ca4b61ed39d5,2026-05-22T09:15:00Z,2026-05-22T11:15:00+0200,46631.18,MW,FR,FR,actual_load,Actual Load,2026-06-19T10:14:15Z
2026-06-19T10:13:32Z,2026-06-19T12:13:32+0200,883e5adc-9734-481d-ba75-ca4b61ed39d5,2026-05-22T09:30:00Z,2026-05-22T11:30:00+0200,46726.05,MW,FR,FR,actual_load,Actual Load,2026-06-19T10:14:15Z
2026-06-19T10:13:32Z,2026-06-19T12:13:32+0200,883e5adc-9734-481d-ba75-ca4b61ed39d5,2026-05-22T09:45:00Z,2026-05-22T11:45:00+0200,47088.17,MW,FR,FR,actual_load,Actual Load,2026-06-19T10:14:15Z
2026-06-19T10:13:32Z,2026-06-19T12:13:32+0200,883e5adc-9734-481d-ba75-ca4b61ed39d5,2026-05-22T10:00:00Z,2026-05-22T12:00:00+0200,47722.41,MW,FR,FR,actual_load,Actual Load,2026-06-19T10:14:15Z
2026-06-19T10:13:32Z,2026-06-19T12:13:32+0200,883e5adc-9734-481d-ba75-ca4b61ed39d5,2026-05-22T10:15:00Z,2026-05-22T12:15:00+0200,48013.37,MW,FR,FR,actual_load,Actual Load,2026-06-19T10:14:15Z
2026-06-19T10:13:32Z,2026-06-19T12:13:32+0200,883e5adc-9734-481d-ba75-ca4b61ed39d5,2026-05-22T10:30:00Z,2026-05-22T12:30:00+0200,48125.7,MW,FR,FR,actual_load,Actual Load,2026-06-19T10:14:15Z
2026-06-19T10:13:32Z,2026-06-19T12:13:32+0200,883e5adc-9734-481d-ba75-ca4b61ed39d5,2026-05-22T10:45:00Z,2026-05-22T12:45:00+0200,48049.84,MW,FR,FR,actual_load,Actual Load,2026-06-19T10:14:15Z
2026-06-19T10:13:32Z,2026-06-19T12:13:32+0200,883e5adc-9734-481d-ba75-ca4b61ed39d5,2026-05-22T11:00:00Z,2026-05-22T13:00:00+0200,48106.0,MW,FR,FR,actual_load,Actual Load,2026-06-19T10:14:15Z
2026-06-19T10:13:32Z,2026-06-19T12:13:32+0200,883e5adc-9734-481d-ba75-ca4b61ed39d5,2026-05-22T11:15:00Z,2026-05-22T13:15:00+0200,47570.09,MW,FR,FR,actual_load,Actual Load,2026-06-19T10:14:15Z
2026-06-19T10:13:32Z,2026-06-19T12:13:32+0200,883e5adc-9734-481d-ba75-ca4b61ed39d5,2026-05-22T11:30:00Z,2026-05-22T13:30:00+0200,47293.0,MW,FR,FR,actual_load,Actual Load,2026-06-19T10:14:15Z
2026-06-19T10:13:32Z,2026-06-19T12:13:32+0200,883e5adc-9734-481d-ba75-ca4b61ed39d5,2026-05-22T11:45:00Z,2026-05-22T13:45:00+0200,47230.64,MW,FR,FR,actual_load,Actual Load,2026-06-19T10:14:15Z
2026-06-19T10:13:32Z,2026-06-19T12:13:32+0200,883e5adc-9734-481d-ba75-ca4b61ed39d5,2026-05-22T12:00:00Z,2026-05-22T14:00:00+0200,48377.43,MW,FR,FR,actual_load,Actual Load,2026-06-19T10:14:15Z
2026-06-19T10:13:32Z,2026-06-19T12:13:32+0200,883e5adc-9734-481d-ba75-ca4b61ed39d5,2026-05-22T12:15:00Z,2026-05-22T14:15:00+0200,48121.22,MW,FR,FR,actual_load,Actual Load,2026-06-19T10:14:15Z
2026-06-19T10:13:32Z,2026-06-19T12:13:32+0200,883e5adc-9734-481d-ba75-ca4b61ed39d5,2026-05-22T12:30:00Z,2026-05-22T14:30:00+0200,48243.15,MW,FR,FR,actual_load,Actual Load,2026-06-19T10:14:15Z
2026-06-19T10:13:32Z,2026-06-19T12:13:32+0200,883e5adc-9734-481d-ba75-ca4b61ed39d5,2026-05-22T12:45:00Z,2026-05-22T14:45:00+0200,47789.61,MW,FR,FR,actual_load,Actual Load,2026-06-19T10:14:15Z
2026-06-19T10:13:32Z,2026-06-19T12:13:32+0200,883e5adc-9734-481d-ba75-ca4b61ed39d5,2026-05-22T13:00:00Z,2026-05-22T15:00:00+0200,47630.23,MW,FR,FR,actual_load,Actual Load,2026-06-19T10:14:15Z
2026-06-19T10:13:32Z,2026-06-19T12:13:32+0200,883e5adc-9734-481d-ba75-ca4b61ed39d5,2026-05-22T13:15:00Z,2026-05-22T15:15:00+0200,47086.8,MW,FR,FR,actual_load,Actual Load,2026-06-19T10:14:15Z
2026-06-19T10:13:32Z,2026-06-19T12:13:32+0200,883e5adc-9734-481d-ba75-ca4b61ed39d5,2026-05-22T13:30:00Z,2026-05-22T15:30:00+0200,46524.66,MW,FR,FR,actual_load,Actual Load,2026-06-19T10:14:15Z
2026-06-19T10:13:32Z,2026-06-19T12:13:32+0200,883e5adc-9734-481d-ba75-ca4b61ed39d5,2026-05-22T13:45:00Z,2026-05-22T15:45:00+0200,46019.62,MW,FR,FR,actual_load,Actual Load,2026-06-19T10:14:15Z
2026-06-19T10:13:32Z,2026-06-19T12:13:32+0200,883e5adc-9734-481d-ba75-ca4b61ed39d5,2026-05-22T14:00:00Z,2026-05-22T16:00:00+0200,45530.09,MW,FR,FR,actual_load,Actual Load,2026-06-19T10:14:15Z
2026-06-19T10:13:32Z,2026-06-19T12:13:32+0200,883e5adc-9734-481d-ba75-ca4b61ed39d5,2026-05-22T14:15:00Z,2026-05-22T16:15:00+0200,45211.31,MW,FR,FR,actual_load,Actual Load,2026-06-19T10:14:15Z
2026-06-19T10:13:32Z,2026-06-19T12:13:32+0200,883e5adc-9734-481d-ba75-ca4b61ed39d5,2026-05-22T14:30:00Z,2026-05-22T16:30:00+0200,44689.99,MW,FR,FR,actual_load,Actual Load,2026-06-19T10:14:15Z
2026-06-19T10:13:32Z,2026-06-19T12:13:32+0200,883e5adc-9734-481d-ba75-ca4b61ed39d5,2026-05-22T14:45:00Z,2026-05-22T16:45:00+0200,44166.67,MW,FR,FR,actual_load,Actual Load,2026-06-19T10:14:15Z
2026-06-19T10:13:32Z,2026-06-19T12:13:32+0200,883e5adc-9734-481d-ba75-ca4b61ed39d5,2026-05-22T15:00:00Z,2026-05-22T17:00:00+0200,44020.02,MW,FR,FR,actual_load,Actual Load,2026-06-19T10:14:15Z
2026-06-19T10:13:32Z,2026-06-19T12:13:32+0200,883e5adc-9734-481d-ba75-ca4b61ed39d5,2026-05-22T15:15:00Z,2026-05-22T17:15:00+0200,44285.88,MW,FR,FR,actual_load,Actual Load,2026-06-19T10:14:15Z
2026-06-19T10:13:32Z,2026-06-19T12:13:32+0200,883e5adc-9734-481d-ba75-ca4b61ed39d5,2026-05-22T15:30:00Z,2026-05-22T17:30:00+0200,44595.89,MW,FR,FR,actual_load,Actual Load,2026-06-19T10:14:15Z
2026-06-19T10:13:32Z,2026-06-19T12:13:32+0200,883e5adc-9734-481d-ba75-ca4b61ed39d5,2026-05-22T15:45:00Z,2026-05-22T17:45:00+0200,45024.48,MW,FR,FR,actual_load,Actual Load,2026-06-19T10:14:15Z
2026-06-19T10:13:32Z,2026-06-19T12:13:32+0200,883e5adc-9734-481d-ba75-ca4b61ed39d5,2026-05-22T16:00:00Z,2026-05-22T18:00:00+0200,44967.97,MW,FR,FR,actual_load,Actual Load,2026-06-19T10:14:15Z
2026-06-19T10:13:32Z,2026-06-19T12:13:32+0200,883e5adc-9734-481d-ba75-ca4b61ed39d5,2026-05-22T16:15:00Z,2026-05-22T18:15:00+0200,45407.07,MW,FR,FR,actual_load,Actual Load,2026-06-19T10:14:15Z
2026-06-19T10:13:32Z,2026-06-19T12:13:32+0200,883e5adc-9734-481d-ba75-ca4b61ed39d5,2026-05-22T16:30:00Z,2026-05-22T18:30:00+0200,45845.33,MW,FR,FR,actual_load,Actual Load,2026-06-19T10:14:15Z
2026-06-19T10:13:32Z,2026-06-19T12:13:32+0200,883e5adc-9734-481d-ba75-ca4b61ed39d5,2026-05-22T16:45:00Z,2026-05-22T18:45:00+0200,46187.59,MW,FR,FR,actual_load,Actual Load,2026-06-19T10:14:15Z
2026-06-19T10:13:32Z,2026-06-19T12:13:32+0200,883e5adc-9734-481d-ba75-ca4b61ed39d5,2026-05-22T17:00:00Z,2026-05-22T19:00:00+0200,46398.8,MW,FR,FR,actual_load,Actual Load,2026-06-19T10:14:15Z
2026-06-19T10:13:32Z,2026-06-19T12:13:32+0200,883e5adc-9734-481d-ba75-ca4b61ed39d5,2026-05-22T17:15:00Z,2026-05-22T19:15:00+0200,46303.21,MW,FR,FR,actual_load,Actual Load,2026-06-19T10:14:15Z
2026-06-19T10:13:32Z,2026-06-19T12:13:32+0200,883e5adc-9734-481d-ba75-ca4b61ed39d5,2026-05-22T17:30:00Z,2026-05-22T19:30:00+0200,46047.68,MW,FR,FR,actual_load,Actual Load,2026-06-19T10:14:15Z
2026-06-19T10:13:32Z,2026-06-19T12:13:32+0200,883e5adc-9734-481d-ba75-ca4b61ed39d5,2026-05-22T17:45:00Z,2026-05-22T19:45:00+0200,45885.11,MW,FR,FR,actual_load,Actual Load,2026-06-19T10:14:15Z
2026-06-19T10:13:32Z,2026-06-19T12:13:32+0200,883e5adc-9734-481d-ba75-ca4b61ed39d5,2026-05-22T18:00:00Z,2026-05-22T20:00:00+0200,45327.21,MW,FR,FR,actual_load,Actual Load,2026-06-19T10:14:15Z
2026-06-19T10:13:32Z,2026-06-19T12:13:32+0200,883e5adc-9734-481d-ba75-ca4b61ed39d5,2026-05-22T18:15:00Z,2026-05-22T20:15:00+0200,44594.41,MW,FR,FR,actual_load,Actual Load,2026-06-19T10:14:15Z
2026-06-19T10:13:32Z,2026-06-19T12:13:32+0200,883e5adc-9734-481d-ba75-ca4b61ed39d5,2026-05-22T18:30:00Z,2026-05-22T20:30:00+0200,44055.06,MW,FR,FR,actual_load,Actual Load,2026-06-19T10:14:15Z
2026-06-19T10:13:32Z,2026-06-19T12:13:32+0200,883e5adc-9734-481d-ba75-ca4b61ed39d5,2026-05-22T18:45:00Z,2026-05-22T20:45:00+0200,43623.45,MW,FR,FR,actual_load,Actual Load,2026-06-19T10:14:15Z
2026-06-19T10:13:32Z,2026-06-19T12:13:32+0200,883e5adc-9734-481d-ba75-ca4b61ed39d5,2026-05-22T19:00:00Z,2026-05-22T21:00:00+0200,43484.88,MW,FR,FR,actual_load,Actual Load,2026-06-19T10:14:15Z
2026-06-19T10:13:32Z,2026-06-19T12:13:32+0200,883e5adc-9734-481d-ba75-ca4b61ed39d5,2026-05-22T19:15:00Z,2026-05-22T21:15:00+0200,43342.26,MW,FR,FR,actual_load,Actual Load,2026-06-19T10:14:15Z
2026-06-19T10:13:32Z,2026-06-19T12:13:32+0200,883e5adc-9734-481d-ba75-ca4b61ed39d5,2026-05-22T19:30:00Z,2026-05-22T21:30:00+0200,43496.97,MW,FR,FR,actual_load,Actual Load,2026-06-19T10:14:15Z
2026-06-19T10:13:32Z,2026-06-19T12:13:32+0200,883e5adc-9734-481d-ba75-ca4b61ed39d5,2026-05-22T19:45:00Z,2026-05-22T21:45:00+0200,43129.98,MW,FR,FR,actual_load,Actual Load,2026-06-19T10:14:15Z
2026-06-19T10:13:32Z,2026-06-19T12:13:32+0200,883e5adc-9734-481d-ba75-ca4b61ed39d5,2026-05-22T20:00:00Z,2026-05-22T22:00:00+0200,44388.62,MW,FR,FR,actual_load,Actual Load,2026-06-19T10:14:15Z
2026-06-19T10:13:32Z,2026-06-19T12:13:32+0200,883e5adc-9734-481d-ba75-ca4b61ed39d5,2026-05-22T20:15:00Z,2026-05-22T22:15:00+0200,44205.41,MW,FR,FR,actual_load,Actual Load,2026-06-19T10:14:15Z
2026-06-19T10:13:32Z,2026-06-19T12:13:32+0200,883e5adc-9734-481d-ba75-ca4b61ed39d5,2026-05-22T20:30:00Z,2026-05-22T22:30:00+0200,45439.76,MW,FR,FR,actual_load,Actual Load,2026-06-19T10:14:15Z
2026-06-19T10:13:32Z,2026-06-19T12:13:32+0200,883e5adc-9734-481d-ba75-ca4b61ed39d5,2026-05-22T20:45:00Z,2026-05-22T22:45:00+0200,45008.91,MW,FR,FR,actual_load,Actual Load,2026-06-19T10:14:15Z
2026-06-19T10:13:32Z,2026-06-19T12:13:32+0200,883e5adc-9734-481d-ba75-ca4b61ed39d5,2026-05-22T21:00:00Z,2026-05-22T23:00:00+0200,44904.43,MW,FR,FR,actual_load,Actual Load,2026-06-19T10:14:15Z
2026-06-19T10:13:32Z,2026-06-19T12:13:32+0200,883e5adc-9734-481d-ba75-ca4b61ed39d5,2026-05-22T21:15:00Z,2026-05-22T23:15:00+0200,44178.85,MW,FR,FR,actual_load,Actual Load,2026-06-19T10:14:15Z
2026-06-19T10:13:32Z,2026-06-19T12:13:32+0200,883e5adc-9734-481d-ba75-ca4b61ed39d5,2026-05-22T21:30:00Z,2026-05-22T23:30:00+0200,44548.33,MW,FR,FR,actual_load,Actual Load,2026-06-19T10:14:15Z
2026-06-19T10:13:32Z,2026-06-19T12:13:32+0200,883e5adc-9734-481d-ba75-ca4b61ed39d5,2026-05-22T21:45:00Z,2026-05-22T23:45:00+0200,43554.62,MW,FR,FR,actual_load,Actual Load,2026-06-19T10:14:15Z
2026-06-19T10:13:32Z,2026-06-19T12:13:32+0200,883e5adc-9734-481d-ba75-ca4b61ed39d5,2026-05-22T22:00:00Z,2026-05-23T00:00:00+0200,43452.24,MW,FR,FR,actual_load,Actual Load,2026-06-19T10:14:15Z
2026-06-19T10:13:32Z,2026-06-19T12:13:32+0200,883e5adc-9734-481d-ba75-ca4b61ed39d5,2026-05-22T22:15:00Z,2026-05-23T00:15:00+0200,42437.34,MW,FR,FR,actual_load,Actual Load,2026-06-19T10:14:15Z
2026-06-19T10:13:32Z,2026-06-19T12:13:32+0200,883e5adc-9734-481d-ba75-ca4b61ed39d5,2026-05-22T22:30:00Z,2026-05-23T00:30:00+0200,40983.87,MW,FR,FR,actual_load,Actual Load,2026-06-19T10:14:15Z
2026-06-19T10:13:32Z,2026-06-19T12:13:32+0200,883e5adc-9734-481d-ba75-ca4b61ed39d5,2026-05-22T22:45:00Z,2026-05-23T00:45:00+0200,39803.49,MW,FR,FR,actual_load,Actual Load,2026-06-19T10:14:15Z
2026-06-19T10:13:32Z,2026-06-19T12:13:32+0200,883e5adc-9734-481d-ba75-ca4b61ed39d5,2026-05-22T23:00:00Z,2026-05-23T01:00:00+0200,40086.71,MW,FR,FR,actual_load,Actual Load,2026-06-19T10:14:15Z
2026-06-19T10:13:32Z,2026-06-19T12:13:32+0200,883e5adc-9734-481d-ba75-ca4b61ed39d5,2026-05-22T23:15:00Z,2026-05-23T01:15:00+0200,39345.64,MW,FR,FR,actual_load,Actual Load,2026-06-19T10:14:15Z
2026-06-19T10:13:32Z,2026-06-19T12:13:32+0200,883e5adc-9734-481d-ba75-ca4b61ed39d5,2026-05-22T23:30:00Z,2026-05-23T01:30:00+0200,39174.25,MW,FR,FR,actual_load,Actual Load,2026-06-19T10:14:15Z
2026-06-19T10:13:32Z,2026-06-19T12:13:32+0200,883e5adc-9734-481d-ba75-ca4b61ed39d5,2026-05-22T23:45:00Z,2026-05-23T01:45:00+0200,38181.08,MW,FR,FR,actual_load,Actual Load,2026-06-19T10:14:15Z
2026-06-19T10:13:32Z,2026-06-19T12:13:32+0200,883e5adc-9734-481d-ba75-ca4b61ed39d5,2026-05-23T00:00:00Z,2026-05-23T02:00:00+0200,37804.5,MW,FR,FR,actual_load,Actual Load,2026-06-19T10:14:15Z
2026-06-19T10:13:32Z,2026-06-19T12:13:32+0200,883e5adc-9734-481d-ba75-ca4b61ed39d5,2026-05-23T00:15:00Z,2026-05-23T02:15:00+0200,36864.34,MW,FR,FR,actual_load,Actual Load,2026-06-19T10:14:15Z
2026-06-19T10:13:32Z,2026-06-19T12:13:32+0200,883e5adc-9734-481d-ba75-ca4b61ed39d5,2026-05-23T00:30:00Z,2026-05-23T02:30:00+0200,36016.39,MW,FR,FR,actual_load,Actual Load,2026-06-19T10:14:15Z
2026-06-19T10:13:32Z,2026-06-19T12:13:32+0200,883e5adc-9734-481d-ba75-ca4b61ed39d5,2026-05-23T00:45:00Z,2026-05-23T02:45:00+0200,35194.21,MW,FR,FR,actual_load,Actual Load,2026-06-19T10:14:15Z
2026-06-19T10:13:32Z,2026-06-19T12:13:32+0200,883e5adc-9734-481d-ba75-ca4b61ed39d5,2026-05-23T01:00:00Z,2026-05-23T03:00:00+0200,34661.34,MW,FR,FR,actual_load,Actual Load,2026-06-19T10:14:15Z
2026-06-19T10:13:32Z,2026-06-19T12:13:32+0200,883e5adc-9734-481d-ba75-ca4b61ed39d5,2026-05-23T01:15:00Z,2026-05-23T03:15:00+0200,34198.14,MW,FR,FR,actual_load,Actual Load,2026-06-19T10:14:15Z
2026-06-19T10:13:32Z,2026-06-19T12:13:32+0200,883e5adc-9734-481d-ba75-ca4b61ed39d5,2026-05-23T01:30:00Z,2026-05-23T03:30:00+0200,33817.82,MW,FR,FR,actual_load,Actual Load,2026-06-19T10:14:15Z
2026-06-19T10:13:32Z,2026-06-19T12:13:32+0200,883e5adc-9734-481d-ba75-ca4b61ed39d5,2026-05-23T01:45:00Z,2026-05-23T03:45:00+0200,33342.41,MW,FR,FR,actual_load,Actual Load,2026-06-19T10:14:15Z
2026-06-19T10:13:32Z,2026-06-19T12:13:32+0200,883e5adc-9734-481d-ba75-ca4b61ed39d5,2026-05-23T02:00:00Z,2026-05-23T04:00:00+0200,33240.72,MW,FR,FR,actual_load,Actual Load,2026-06-19T10:14:15Z
2026-06-19T10:13:32Z,2026-06-19T12:13:32+0200,883e5adc-9734-481d-ba75-ca4b61ed39d5,2026-05-23T02:15:00Z,2026-05-23T04:15:00+0200,32978.09,MW,FR,FR,actual_load,Actual Load,2026-06-19T10:14:15Z
2026-06-19T10:13:32Z,2026-06-19T12:13:32+0200,883e5adc-9734-481d-ba75-ca4b61ed39d5,2026-05-23T02:30:00Z,2026-05-23T04:30:00+0200,32735.15,MW,FR,FR,actual_load,Actual Load,2026-06-19T10:14:15Z
2026-06-19T10:13:32Z,2026-06-19T12:13:32+0200,883e5adc-9734-481d-ba75-ca4b61ed39d5,2026-05-23T02:45:00Z,2026-05-23T04:45:00+0200,32852.82,MW,FR,FR,actual_load,Actual Load,2026-06-19T10:14:15Z
2026-06-19T10:13:32Z,2026-06-19T12:13:32+0200,883e5adc-9734-481d-ba75-ca4b61ed39d5,2026-05-23T03:00:00Z,2026-05-23T05:00:00+0200,32934.38,MW,FR,FR,actual_load,Actual Load,2026-06-19T10:14:15Z
2026-06-19T10:13:32Z,2026-06-19T12:13:32+0200,883e5adc-9734-481d-ba75-ca4b61ed39d5,2026-05-23T03:15:00Z,2026-05-23T05:15:00+0200,32927.14,MW,FR,FR,actual_load,Actual Load,2026-06-19T10:14:15Z
2026-06-19T10:13:32Z,2026-06-19T12:13:32+0200,883e5adc-9734-481d-ba75-ca4b61ed39d5,2026-05-23T03:30:00Z,2026-05-23T05:30:00+0200,33040.85,MW,FR,FR,actual_load,Actual Load,2026-06-19T10:14:15Z
2026-06-19T10:13:32Z,2026-06-19T12:13:32+0200,883e5adc-9734-481d-ba75-ca4b61ed39d5,2026-05-23T03:45:00Z,2026-05-23T05:45:00+0200,33091.59,MW,FR,FR,actual_load,Actual Load,2026-06-19T10:14:15Z
2026-06-19T10:13:32Z,2026-06-19T12:13:32+0200,883e5adc-9734-481d-ba75-ca4b61ed39d5,2026-05-23T04:00:00Z,2026-05-23T06:00:00+0200,32879.42,MW,FR,FR,actual_load,Actual Load,2026-06-19T10:14:15Z
2026-06-19T10:13:32Z,2026-06-19T12:13:32+0200,883e5adc-9734-481d-ba75-ca4b61ed39d5,2026-05-23T04:15:00Z,2026-05-23T06:15:00+0200,32933.02,MW,FR,FR,actual_load,Actual Load,2026-06-19T10:14:15Z
2026-06-19T10:13:32Z,2026-06-19T12:13:32+0200,883e5adc-9734-481d-ba75-ca4b61ed39d5,2026-05-23T04:30:00Z,2026-05-23T06:30:00+0200,33080.08,MW,FR,FR,actual_load,Actual Load,2026-06-19T10:14:15Z
2026-06-19T10:13:32Z,2026-06-19T12:13:32+0200,883e5adc-9734-481d-ba75-ca4b61ed39d5,2026-05-23T04:45:00Z,2026-05-23T06:45:00+0200,33296.04,MW,FR,FR,actual_load,Actual Load,2026-06-19T10:14:15Z
2026-06-19T10:13:32Z,2026-06-19T12:13:32+0200,883e5adc-9734-481d-ba75-ca4b61ed39d5,2026-05-23T05:00:00Z,2026-05-23T07:00:00+0200,33553.89,MW,FR,FR,actual_load,Actual Load,2026-06-19T10:14:15Z
2026-06-19T10:13:32Z,2026-06-19T12:13:32+0200,883e5adc-9734-481d-ba75-ca4b61ed39d5,2026-05-23T05:15:00Z,2026-05-23T07:15:00+0200,33930.05,MW,FR,FR,actual_load,Actual Load,2026-06-19T10:14:15Z
2026-06-19T10:13:32Z,2026-06-19T12:13:32+0200,883e5adc-9734-481d-ba75-ca4b61ed39d5,2026-05-23T05:30:00Z,2026-05-23T07:30:00+0200,34102.42,MW,FR,FR,actual_load,Actual Load,2026-06-19T10:14:15Z
2026-06-19T10:13:32Z,2026-06-19T12:13:32+0200,883e5adc-9734-481d-ba75-ca4b61ed39d5,2026-05-23T05:45:00Z,2026-05-23T07:45:00+0200,34551.77,MW,FR,FR,actual_load,Actual Load,2026-06-19T10:14:15Z
2026-06-19T10:13:32Z,2026-06-19T12:13:32+0200,883e5adc-9734-481d-ba75-ca4b61ed39d5,2026-05-23T06:00:00Z,2026-05-23T08:00:00+0200,35095.42,MW,FR,FR,actual_load,Actual Load,2026-06-19T10:14:15Z
2026-06-19T10:13:32Z,2026-06-19T12:13:32+0200,883e5adc-9734-481d-ba75-ca4b61ed39d5,2026-05-23T06:15:00Z,2026-05-23T08:15:00+0200,35573.35,MW,FR,FR,actual_load,Actual Load,2026-06-19T10:14:15Z
2026-06-19T10:13:32Z,2026-06-19T12:13:32+0200,883e5adc-9734-481d-ba75-ca4b61ed39d5,2026-05-23T06:30:00Z,2026-05-23T08:30:00+0200,36142.16,MW,FR,FR,actual_load,Actual Load,2026-06-19T10:14:15Z
2026-06-19T10:13:32Z,2026-06-19T12:13:32+0200,883e5adc-9734-481d-ba75-ca4b61ed39d5,2026-05-23T06:45:00Z,2026-05-23T08:45:00+0200,36534.22,MW,FR,FR,actual_load,Actual Load,2026-06-19T10:14:15Z
2026-06-19T10:13:32Z,2026-06-19T12:13:32+0200,883e5adc-9734-481d-ba75-ca4b61ed39d5,2026-05-23T07:00:00Z,2026-05-23T09:00:00+0200,37622.21,MW,FR,FR,actual_load,Actual Load,2026-06-19T10:14:15Z
2026-06-19T10:13:32Z,2026-06-19T12:13:32+0200,883e5adc-9734-481d-ba75-ca4b61ed39d5,2026-05-23T07:15:00Z,2026-05-23T09:15:00+0200,38074.23,MW,FR,FR,actual_load,Actual Load,2026-06-19T10:14:15Z
2026-06-19T10:13:32Z,2026-06-19T12:13:32+0200,883e5adc-9734-481d-ba75-ca4b61ed39d5,2026-05-23T07:30:00Z,2026-05-23T09:30:00+0200,38279.66,MW,FR,FR,actual_load,Actual Load,2026-06-19T10:14:15Z
2026-06-19T10:13:32Z,2026-06-19T12:13:32+0200,883e5adc-9734-481d-ba75-ca4b61ed39d5,2026-05-23T07:45:00Z,2026-05-23T09:45:00+0200,38597.6,MW,FR,FR,actual_load,Actual Load,2026-06-19T10:14:15Z
2026-06-19T10:13:32Z,2026-06-19T12:13:32+0200,883e5adc-9734-481d-ba75-ca4b61ed39d5,2026-05-23T08:00:00Z,2026-05-23T10:00:00+0200,39044.08,MW,FR,FR,actual_load,Actual Load,2026-06-19T10:14:15Z
2026-06-19T10:13:32Z,2026-06-19T12:13:32+0200,883e5adc-9734-481d-ba75-ca4b61ed39d5,2026-05-23T08:15:00Z,2026-05-23T10:15:00+0200,39309.25,MW,FR,FR,actual_load,Actual Load,2026-06-19T10:14:15Z
2026-06-19T10:13:32Z,2026-06-19T12:13:32+0200,883e5adc-9734-481d-ba75-ca4b61ed39d5,2026-05-23T08:30:00Z,2026-05-23T10:30:00+0200,39513.24,MW,FR,FR,actual_load,Actual Load,2026-06-19T10:14:15Z
2026-06-19T10:13:32Z,2026-06-19T12:13:32+0200,883e5adc-9734-481d-ba75-ca4b61ed39d5,2026-05-23T08:45:00Z,2026-05-23T10:45:00+0200,39753.12,MW,FR,FR,actual_load,Actual Load,2026-06-19T10:14:15Z
2026-06-19T10:13:32Z,2026-06-19T12:13:32+0200,883e5adc-9734-481d-ba75-ca4b61ed39d5,2026-05-23T09:00:00Z,2026-05-23T11:00:00+0200,40077.35,MW,FR,FR,actual_load,Actual Load,2026-06-19T10:14:15Z
2026-06-19T10:13:32Z,2026-06-19T12:13:32+0200,883e5adc-9734-481d-ba75-ca4b61ed39d5,2026-05-23T09:15:00Z,2026-05-23T11:15:00+0200,40283.17,MW,FR,FR,actual_load,Actual Load,2026-06-19T10:14:15Z
2026-06-19T10:13:32Z,2026-06-19T12:13:32+0200,883e5adc-9734-481d-ba75-ca4b61ed39d5,2026-05-23T09:30:00Z,2026-05-23T11:30:00+0200,40462.59,MW,FR,FR,actual_load,Actual Load,2026-06-19T10:14:15Z
2026-06-19T10:13:32Z,2026-06-19T12:13:32+0200,883e5adc-9734-481d-ba75-ca4b61ed39d5,2026-05-23T09:45:00Z,2026-05-23T11:45:00+0200,40950.43,MW,FR,FR,actual_load,Actual Load,2026-06-19T10:14:15Z
2026-06-19T10:13:32Z,2026-06-19T12:13:32+0200,883e5adc-9734-481d-ba75-ca4b61ed39d5,2026-05-23T10:00:00Z,2026-05-23T12:00:00+0200,41695.94,MW,FR,FR,actual_load,Actual Load,2026-06-19T10:14:15Z
2026-06-19T10:13:32Z,2026-06-19T12:13:32+0200,883e5adc-9734-481d-ba75-ca4b61ed39d5,2026-05-23T10:15:00Z,2026-05-23T12:15:00+0200,41766.05,MW,FR,FR,actual_load,Actual Load,2026-06-19T10:14:15Z
2026-06-19T10:13:32Z,2026-06-19T12:13:32+0200,883e5adc-9734-481d-ba75-ca4b61ed39d5,2026-05-23T10:30:00Z,2026-05-23T12:30:00+0200,42602.42,MW,FR,FR,actual_load,Actual Load,2026-06-19T10:14:15Z
2026-06-19T10:13:32Z,2026-06-19T12:13:32+0200,883e5adc-9734-481d-ba75-ca4b61ed39d5,2026-05-23T10:45:00Z,2026-05-23T12:45:00+0200,42111.68,MW,FR,FR,actual_load,Actual Load,2026-06-19T10:14:15Z
2026-06-19T10:13:32Z,2026-06-19T12:13:32+0200,883e5adc-9734-481d-ba75-ca4b61ed39d5,2026-05-23T11:00:00Z,2026-05-23T13:00:00+0200,41661.59,MW,FR,FR,actual_load,Actual Load,2026-06-19T10:14:15Z
2026-06-19T10:13:32Z,2026-06-19T12:13:32+0200,883e5adc-9734-481d-ba75-ca4b61ed39d5,2026-05-23T11:15:00Z,2026-05-23T13:15:00+0200,40857.82,MW,FR,FR,actual_load,Actual Load,2026-06-19T10:14:15Z
2026-06-19T10:13:32Z,2026-06-19T12:13:32+0200,883e5adc-9734-481d-ba75-ca4b61ed39d5,2026-05-23T11:30:00Z,2026-05-23T13:30:00+0200,40430.2,MW,FR,FR,actual_load,Actual Load,2026-06-19T10:14:15Z
2026-06-19T10:13:32Z,2026-06-19T12:13:32+0200,883e5adc-9734-481d-ba75-ca4b61ed39d5,2026-05-23T11:45:00Z,2026-05-23T13:45:00+0200,40283.04,MW,FR,FR,actual_load,Actual Load,2026-06-19T10:14:15Z
2026-06-19T10:13:32Z,2026-06-19T12:13:32+0200,883e5adc-9734-481d-ba75-ca4b61ed39d5,2026-05-23T12:00:00Z,2026-05-23T14:00:00+0200,40980.6,MW,FR,FR,actual_load,Actual Load,2026-06-19T10:14:15Z
2026-06-19T10:13:32Z,2026-06-19T12:13:32+0200,883e5adc-9734-481d-ba75-ca4b61ed39d5,2026-05-23T12:15:00Z,2026-05-23T14:15:00+0200,40998.87,MW,FR,FR,actual_load,Actual Load,2026-06-19T10:14:15Z
2026-06-19T10:13:32Z,2026-06-19T12:13:32+0200,883e5adc-9734-481d-ba75-ca4b61ed39d5,2026-05-23T12:30:00Z,2026-05-23T14:30:00+0200,41030.49,MW,FR,FR,actual_load,Actual Load,2026-06-19T10:14:15Z
2026-06-19T10:13:32Z,2026-06-19T12:13:32+0200,883e5adc-9734-481d-ba75-ca4b61ed39d5,2026-05-23T12:45:00Z,2026-05-23T14:45:00+0200,40460.07,MW,FR,FR,actual_load,Actual Load,2026-06-19T10:14:15Z
2026-06-19T10:13:32Z,2026-06-19T12:13:32+0200,883e5adc-9734-481d-ba75-ca4b61ed39d5,2026-05-23T13:00:00Z,2026-05-23T15:00:00+0200,40568.11,MW,FR,FR,actual_load,Actual Load,2026-06-19T10:14:15Z
2026-06-19T10:13:32Z,2026-06-19T12:13:32+0200,883e5adc-9734-481d-ba75-ca4b61ed39d5,2026-05-23T13:15:00Z,2026-05-23T15:15:00+0200,40217.4,MW,FR,FR,actual_load,Actual Load,2026-06-19T10:14:15Z
2026-06-19T10:13:32Z,2026-06-19T12:13:32+0200,883e5adc-9734-481d-ba75-ca4b61ed39d5,2026-05-23T13:30:00Z,2026-05-23T15:30:00+0200,39795.18,MW,FR,FR,actual_load,Actual Load,2026-06-19T10:14:15Z
2026-06-19T10:13:32Z,2026-06-19T12:13:32+0200,883e5adc-9734-481d-ba75-ca4b61ed39d5,2026-05-23T13:45:00Z,2026-05-23T15:45:00+0200,39313.25,MW,FR,FR,actual_load,Actual Load,2026-06-19T10:14:15Z
2026-06-19T10:13:32Z,2026-06-19T12:13:32+0200,883e5adc-9734-481d-ba75-ca4b61ed39d5,2026-05-23T14:00:00Z,2026-05-23T16:00:00+0200,39106.09,MW,FR,FR,actual_load,Actual Load,2026-06-19T10:14:15Z
2026-06-19T10:13:32Z,2026-06-19T12:13:32+0200,883e5adc-9734-481d-ba75-ca4b61ed39d5,2026-05-23T14:15:00Z,2026-05-23T16:15:00+0200,38823.07,MW,FR,FR,actual_load,Actual Load,2026-06-19T10:14:15Z
2026-06-19T10:13:32Z,2026-06-19T12:13:32+0200,883e5adc-9734-481d-ba75-ca4b61ed39d5,2026-05-23T14:30:00Z,2026-05-23T16:30:00+0200,38499.59,MW,FR,FR,actual_load,Actual Load,2026-06-19T10:14:15Z
2026-06-19T10:13:32Z,2026-06-19T12:13:32+0200,883e5adc-9734-481d-ba75-ca4b61ed39d5,2026-05-23T14:45:00Z,2026-05-23T16:45:00+0200,38442.78,MW,FR,FR,actual_load,Actual Load,2026-06-19T10:14:15Z
2026-06-19T10:13:32Z,2026-06-19T12:13:32+0200,883e5adc-9734-481d-ba75-ca4b61ed39d5,2026-05-23T15:00:00Z,2026-05-23T17:00:00+0200,38314.94,MW,FR,FR,actual_load,Actual Load,2026-06-19T10:14:15Z
2026-06-19T10:13:32Z,2026-06-19T12:13:32+0200,883e5adc-9734-481d-ba75-ca4b61ed39d5,2026-05-23T15:15:00Z,2026-05-23T17:15:00+0200,38388.66,MW,FR,FR,actual_load,Actual Load,2026-06-19T10:14:15Z
2026-06-19T10:13:32Z,2026-06-19T12:13:32+0200,883e5adc-9734-481d-ba75-ca4b61ed39d5,2026-05-23T15:30:00Z,2026-05-23T17:30:00+0200,38652.56,MW,FR,FR,actual_load,Actual Load,2026-06-19T10:14:15Z
2026-06-19T10:13:32Z,2026-06-19T12:13:32+0200,883e5adc-9734-481d-ba75-ca4b61ed39d5,2026-05-23T15:45:00Z,2026-05-23T17:45:00+0200,39470.21,MW,FR,FR,actual_load,Actual Load,2026-06-19T10:14:15Z
2026-06-19T10:13:32Z,2026-06-19T12:13:32+0200,883e5adc-9734-481d-ba75-ca4b61ed39d5,2026-05-23T16:00:00Z,2026-05-23T18:00:00+0200,40207.38,MW,FR,FR,actual_load,Actual Load,2026-06-19T10:14:15Z
2026-06-19T10:13:32Z,2026-06-19T12:13:32+0200,883e5adc-9734-481d-ba75-ca4b61ed39d5,2026-05-23T16:15:00Z,2026-05-23T18:15:00+0200,40610.8,MW,FR,FR,actual_load,Actual Load,2026-06-19T10:14:15Z
2026-06-19T10:13:32Z,2026-06-19T12:13:32+0200,883e5adc-9734-481d-ba75-ca4b61ed39d5,2026-05-23T16:30:00Z,2026-05-23T18:30:00+0200,40885.29,MW,FR,FR,actual_load,Actual Load,2026-06-19T10:14:15Z
2026-06-19T10:13:32Z,2026-06-19T12:13:32+0200,883e5adc-9734-481d-ba75-ca4b61ed39d5,2026-05-23T16:45:00Z,2026-05-23T18:45:00+0200,41276.96,MW,FR,FR,actual_load,Actual Load,2026-06-19T10:14:15Z
2026-06-19T10:13:32Z,2026-06-19T12:13:32+0200,883e5adc-9734-481d-ba75-ca4b61ed39d5,2026-05-23T17:00:00Z,2026-05-23T19:00:00+0200,41412.08,MW,FR,FR,actual_load,Actual Load,2026-06-19T10:14:15Z
2026-06-19T10:13:32Z,2026-06-19T12:13:32+0200,883e5adc-9734-481d-ba75-ca4b61ed39d5,2026-05-23T17:15:00Z,2026-05-23T19:15:00+0200,41779.8,MW,FR,FR,actual_load,Actual Load,2026-06-19T10:14:15Z
2026-06-19T10:13:32Z,2026-06-19T12:13:32+0200,883e5adc-9734-481d-ba75-ca4b61ed39d5,2026-05-23T17:30:00Z,2026-05-23T19:30:00+0200,41929.21,MW,FR,FR,actual_load,Actual Load,2026-06-19T10:14:15Z
2026-06-19T10:13:32Z,2026-06-19T12:13:32+0200,883e5adc-9734-481d-ba75-ca4b61ed39d5,2026-05-23T17:45:00Z,2026-05-23T19:45:00+0200,42007.89,MW,FR,FR,actual_load,Actual Load,2026-06-19T10:14:15Z
2026-06-19T10:13:32Z,2026-06-19T12:13:32+0200,883e5adc-9734-481d-ba75-ca4b61ed39d5,2026-05-23T18:00:00Z,2026-05-23T20:00:00+0200,41340.59,MW,FR,FR,actual_load,Actual Load,2026-06-19T10:14:15Z
2026-06-19T10:13:32Z,2026-06-19T12:13:32+0200,883e5adc-9734-481d-ba75-ca4b61ed39d5,2026-05-23T18:15:00Z,2026-05-23T20:15:00+0200,40981.87,MW,FR,FR,actual_load,Actual Load,2026-06-19T10:14:15Z
2026-06-19T10:13:32Z,2026-06-19T12:13:32+0200,883e5adc-9734-481d-ba75-ca4b61ed39d5,2026-05-23T18:30:00Z,2026-05-23T20:30:00+0200,40577.88,MW,FR,FR,actual_load,Actual Load,2026-06-19T10:14:15Z
2026-06-19T10:13:32Z,2026-06-19T12:13:32+0200,883e5adc-9734-481d-ba75-ca4b61ed39d5,2026-05-23T18:45:00Z,2026-05-23T20:45:00+0200,39743.07,MW,FR,FR,actual_load,Actual Load,2026-06-19T10:14:15Z
2026-06-19T10:13:32Z,2026-06-19T12:13:32+0200,883e5adc-9734-481d-ba75-ca4b61ed39d5,2026-05-23T19:00:00Z,2026-05-23T21:00:00+0200,39783.88,MW,FR,FR,actual_load,Actual Load,2026-06-19T10:14:15Z
2026-06-19T10:13:32Z,2026-06-19T12:13:32+0200,883e5adc-9734-481d-ba75-ca4b61ed39d5,2026-05-23T19:15:00Z,2026-05-23T21:15:00+0200,39766.96,MW,FR,FR,actual_load,Actual Load,2026-06-19T10:14:15Z
2026-06-19T10:13:32Z,2026-06-19T12:13:32+0200,883e5adc-9734-481d-ba75-ca4b61ed39d5,2026-05-23T19:30:00Z,2026-05-23T21:30:00+0200,39909.17,MW,FR,FR,actual_load,Actual Load,2026-06-19T10:14:15Z
2026-06-19T10:13:32Z,2026-06-19T12:13:32+0200,883e5adc-9734-481d-ba75-ca4b61ed39d5,2026-05-23T19:45:00Z,2026-05-23T21:45:00+0200,39805.66,MW,FR,FR,actual_load,Actual Load,2026-06-19T10:14:15Z
2026-06-19T10:13:32Z,2026-06-19T12:13:32+0200,883e5adc-9734-481d-ba75-ca4b61ed39d5,2026-05-23T20:00:00Z,2026-05-23T22:00:00+0200,41116.95,MW,FR,FR,actual_load,Actual Load,2026-06-19T10:14:15Z
2026-06-19T10:13:32Z,2026-06-19T12:13:32+0200,883e5adc-9734-481d-ba75-ca4b61ed39d5,2026-05-23T20:15:00Z,2026-05-23T22:15:00+0200,41072.43,MW,FR,FR,actual_load,Actual Load,2026-06-19T10:14:15Z
2026-06-19T10:13:32Z,2026-06-19T12:13:32+0200,883e5adc-9734-481d-ba75-ca4b61ed39d5,2026-05-23T20:30:00Z,2026-05-23T22:30:00+0200,42383.89,MW,FR,FR,actual_load,Actual Load,2026-06-19T10:14:15Z
2026-06-19T10:13:32Z,2026-06-19T12:13:32+0200,883e5adc-9734-481d-ba75-ca4b61ed39d5,2026-05-23T20:45:00Z,2026-05-23T22:45:00+0200,41935.01,MW,FR,FR,actual_load,Actual Load,2026-06-19T10:14:15Z
2026-06-19T10:13:32Z,2026-06-19T12:13:32+0200,883e5adc-9734-481d-ba75-ca4b61ed39d5,2026-05-23T21:00:00Z,2026-05-23T23:00:00+0200,42023.4,MW,FR,FR,actual_load,Actual Load,2026-06-19T10:14:15Z
2026-06-19T10:13:32Z,2026-06-19T12:13:32+0200,883e5adc-9734-481d-ba75-ca4b61ed39d5,2026-05-23T21:15:00Z,2026-05-23T23:15:00+0200,41328.64,MW,FR,FR,actual_load,Actual Load,2026-06-19T10:14:15Z
2026-06-19T10:13:32Z,2026-06-19T12:13:32+0200,883e5adc-9734-481d-ba75-ca4b61ed39d5,2026-05-23T21:30:00Z,2026-05-23T23:30:00+0200,41657.61,MW,FR,FR,actual_load,Actual Load,2026-06-19T10:14:15Z
2026-06-19T10:13:32Z,2026-06-19T12:13:32+0200,883e5adc-9734-481d-ba75-ca4b61ed39d5,2026-05-23T21:45:00Z,2026-05-23T23:45:00+0200,40986.9,MW,FR,FR,actual_load,Actual Load,2026-06-19T10:14:15Z
2026-06-19T10:13:32Z,2026-06-19T12:13:32+0200,883e5adc-9734-481d-ba75-ca4b61ed39d5,2026-05-23T22:00:00Z,2026-05-24T00:00:00+0200,41023.84,MW,FR,FR,actual_load,Actual Load,2026-06-19T10:14:15Z
2026-06-19T10:13:32Z,2026-06-19T12:13:32+0200,883e5adc-9734-481d-ba75-ca4b61ed39d5,2026-05-23T22:15:00Z,2026-05-24T00:15:00+0200,39816.58,MW,FR,FR,actual_load,Actual Load,2026-06-19T10:14:15Z
2026-06-19T10:13:32Z,2026-06-19T12:13:32+0200,883e5adc-9734-481d-ba75-ca4b61ed39d5,2026-05-23T22:30:00Z,2026-05-24T00:30:00+0200,38618.86,MW,FR,FR,actual_load,Actual Load,2026-06-19T10:14:15Z
2026-06-19T10:13:32Z,2026-06-19T12:13:32+0200,883e5adc-9734-481d-ba75-ca4b61ed39d5,2026-05-23T22:45:00Z,2026-05-24T00:45:00+0200,37766.71,MW,FR,FR,actual_load,Actual Load,2026-06-19T10:14:15Z
2026-06-19T10:13:32Z,2026-06-19T12:13:32+0200,883e5adc-9734-481d-ba75-ca4b61ed39d5,2026-05-23T23:00:00Z,2026-05-24T01:00:00+0200,38039.0,MW,FR,FR,actual_load,Actual Load,2026-06-19T10:14:15Z
2026-06-19T10:13:32Z,2026-06-19T12:13:32+0200,883e5adc-9734-481d-ba75-ca4b61ed39d5,2026-05-23T23:15:00Z,2026-05-24T01:15:00+0200,37232.54,MW,FR,FR,actual_load,Actual Load,2026-06-19T10:14:15Z
2026-06-19T10:13:32Z,2026-06-19T12:13:32+0200,883e5adc-9734-481d-ba75-ca4b61ed39d5,2026-05-23T23:30:00Z,2026-05-24T01:30:00+0200,37154.24,MW,FR,FR,actual_load,Actual Load,2026-06-19T10:14:15Z
2026-06-19T10:13:32Z,2026-06-19T12:13:32+0200,883e5adc-9734-481d-ba75-ca4b61ed39d5,2026-05-23T23:45:00Z,2026-05-24T01:45:00+0200,36285.53,MW,FR,FR,actual_load,Actual Load,2026-06-19T10:14:15Z
2026-06-19T10:13:32Z,2026-06-19T12:13:32+0200,883e5adc-9734-481d-ba75-ca4b61ed39d5,2026-05-24T00:00:00Z,2026-05-24T02:00:00+0200,35956.14,MW,FR,FR,actual_load,Actual Load,2026-06-19T10:14:15Z
2026-06-19T10:13:32Z,2026-06-19T12:13:32+0200,883e5adc-9734-481d-ba75-ca4b61ed39d5,2026-05-24T00:15:00Z,2026-05-24T02:15:00+0200,35094.54,MW,FR,FR,actual_load,Actual Load,2026-06-19T10:14:15Z
2026-06-19T10:13:32Z,2026-06-19T12:13:32+0200,883e5adc-9734-481d-ba75-ca4b61ed39d5,2026-05-24T00:30:00Z,2026-05-24T02:30:00+0200,34224.45,MW,FR,FR,actual_load,Actual Load,2026-06-19T10:14:15Z
2026-06-19T10:13:32Z,2026-06-19T12:13:32+0200,883e5adc-9734-481d-ba75-ca4b61ed39d5,2026-05-24T00:45:00Z,2026-05-24T02:45:00+0200,33488.08,MW,FR,FR,actual_load,Actual Load,2026-06-19T10:14:15Z
2026-06-19T10:13:32Z,2026-06-19T12:13:32+0200,883e5adc-9734-481d-ba75-ca4b61ed39d5,2026-05-24T01:00:00Z,2026-05-24T03:00:00+0200,33056.12,MW,FR,FR,actual_load,Actual Load,2026-06-19T10:14:15Z
2026-06-19T10:13:32Z,2026-06-19T12:13:32+0200,883e5adc-9734-481d-ba75-ca4b61ed39d5,2026-05-24T01:15:00Z,2026-05-24T03:15:00+0200,32426.11,MW,FR,FR,actual_load,Actual Load,2026-06-19T10:14:15Z
2026-06-19T10:13:32Z,2026-06-19T12:13:32+0200,883e5adc-9734-481d-ba75-ca4b61ed39d5,2026-05-24T01:30:00Z,2026-05-24T03:30:00+0200,32075.59,MW,FR,FR,actual_load,Actual Load,2026-06-19T10:14:15Z
2026-06-19T10:13:32Z,2026-06-19T12:13:32+0200,883e5adc-9734-481d-ba75-ca4b61ed39d5,2026-05-24T01:45:00Z,2026-05-24T03:45:00+0200,31898.12,MW,FR,FR,actual_load,Actual Load,2026-06-19T10:14:15Z
2026-06-19T10:13:32Z,2026-06-19T12:13:32+0200,883e5adc-9734-481d-ba75-ca4b61ed39d5,2026-05-24T02:00:00Z,2026-05-24T04:00:00+0200,31567.14,MW,FR,FR,actual_load,Actual Load,2026-06-19T10:14:15Z
2026-06-19T10:13:32Z,2026-06-19T12:13:32+0200,883e5adc-9734-481d-ba75-ca4b61ed39d5,2026-05-24T02:15:00Z,2026-05-24T04:15:00+0200,31274.72,MW,FR,FR,actual_load,Actual Load,2026-06-19T10:14:15Z
2026-06-19T10:13:32Z,2026-06-19T12:13:32+0200,883e5adc-9734-481d-ba75-ca4b61ed39d5,2026-05-24T02:30:00Z,2026-05-24T04:30:00+0200,31161.96,MW,FR,FR,actual_load,Actual Load,2026-06-19T10:14:15Z
2026-06-19T10:13:32Z,2026-06-19T12:13:32+0200,883e5adc-9734-481d-ba75-ca4b61ed39d5,2026-05-24T02:45:00Z,2026-05-24T04:45:00+0200,30857.98,MW,FR,FR,actual_load,Actual Load,2026-06-19T10:14:15Z
2026-06-19T10:13:32Z,2026-06-19T12:13:32+0200,883e5adc-9734-481d-ba75-ca4b61ed39d5,2026-05-24T03:00:00Z,2026-05-24T05:00:00+0200,30956.94,MW,FR,FR,actual_load,Actual Load,2026-06-19T10:14:15Z
2026-06-19T10:13:32Z,2026-06-19T12:13:32+0200,883e5adc-9734-481d-ba75-ca4b61ed39d5,2026-05-24T03:15:00Z,2026-05-24T05:15:00+0200,30702.37,MW,FR,FR,actual_load,Actual Load,2026-06-19T10:14:15Z
2026-06-19T10:13:32Z,2026-06-19T12:13:32+0200,883e5adc-9734-481d-ba75-ca4b61ed39d5,2026-05-24T03:30:00Z,2026-05-24T05:30:00+0200,30615.03,MW,FR,FR,actual_load,Actual Load,2026-06-19T10:14:15Z
2026-06-19T10:13:32Z,2026-06-19T12:13:32+0200,883e5adc-9734-481d-ba75-ca4b61ed39d5,2026-05-24T03:45:00Z,2026-05-24T05:45:00+0200,30449.77,MW,FR,FR,actual_load,Actual Load,2026-06-19T10:14:15Z
2026-06-19T10:13:32Z,2026-06-19T12:13:32+0200,883e5adc-9734-481d-ba75-ca4b61ed39d5,2026-05-24T04:00:00Z,2026-05-24T06:00:00+0200,30483.84,MW,FR,FR,actual_load,Actual Load,2026-06-19T10:14:15Z
2026-06-19T10:13:32Z,2026-06-19T12:13:32+0200,883e5adc-9734-481d-ba75-ca4b61ed39d5,2026-05-24T04:15:00Z,2026-05-24T06:15:00+0200,30468.42,MW,FR,FR,actual_load,Actual Load,2026-06-19T10:14:15Z
2026-06-19T10:13:32Z,2026-06-19T12:13:32+0200,883e5adc-9734-481d-ba75-ca4b61ed39d5,2026-05-24T04:30:00Z,2026-05-24T06:30:00+0200,30263.42,MW,FR,FR,actual_load,Actual Load,2026-06-19T10:14:15Z
2026-06-19T10:13:32Z,2026-06-19T12:13:32+0200,883e5adc-9734-481d-ba75-ca4b61ed39d5,2026-05-24T04:45:00Z,2026-05-24T06:45:00+0200,30491.04,MW,FR,FR,actual_load,Actual Load,2026-06-19T10:14:15Z
2026-06-19T10:13:32Z,2026-06-19T12:13:32+0200,883e5adc-9734-481d-ba75-ca4b61ed39d5,2026-05-24T05:00:00Z,2026-05-24T07:00:00+0200,30600.87,MW,FR,FR,actual_load,Actual Load,2026-06-19T10:14:15Z
2026-06-19T10:13:32Z,2026-06-19T12:13:32+0200,883e5adc-9734-481d-ba75-ca4b61ed39d5,2026-05-24T05:15:00Z,2026-05-24T07:15:00+0200,30668.17,MW,FR,FR,actual_load,Actual Load,2026-06-19T10:14:15Z
2026-06-19T10:13:32Z,2026-06-19T12:13:32+0200,883e5adc-9734-481d-ba75-ca4b61ed39d5,2026-05-24T05:30:00Z,2026-05-24T07:30:00+0200,30821.33,MW,FR,FR,actual_load,Actual Load,2026-06-19T10:14:15Z
2026-06-19T10:13:32Z,2026-06-19T12:13:32+0200,883e5adc-9734-481d-ba75-ca4b61ed39d5,2026-05-24T05:45:00Z,2026-05-24T07:45:00+0200,31440.31,MW,FR,FR,actual_load,Actual Load,2026-06-19T10:14:15Z
2026-06-19T10:13:32Z,2026-06-19T12:13:32+0200,883e5adc-9734-481d-ba75-ca4b61ed39d5,2026-05-24T06:00:00Z,2026-05-24T08:00:00+0200,32113.85,MW,FR,FR,actual_load,Actual Load,2026-06-19T10:14:15Z
2026-06-19T10:13:32Z,2026-06-19T12:13:32+0200,883e5adc-9734-481d-ba75-ca4b61ed39d5,2026-05-24T06:15:00Z,2026-05-24T08:15:00+0200,32398.28,MW,FR,FR,actual_load,Actual Load,2026-06-19T10:14:15Z
2026-06-19T10:13:32Z,2026-06-19T12:13:32+0200,883e5adc-9734-481d-ba75-ca4b61ed39d5,2026-05-24T06:30:00Z,2026-05-24T08:30:00+0200,33021.91,MW,FR,FR,actual_load,Actual Load,2026-06-19T10:14:15Z
2026-06-19T10:13:32Z,2026-06-19T12:13:32+0200,883e5adc-9734-481d-ba75-ca4b61ed39d5,2026-05-24T06:45:00Z,2026-05-24T08:45:00+0200,33635.86,MW,FR,FR,actual_load,Actual Load,2026-06-19T10:14:15Z
2026-06-19T10:13:32Z,2026-06-19T12:13:32+0200,883e5adc-9734-481d-ba75-ca4b61ed39d5,2026-05-24T07:00:00Z,2026-05-24T09:00:00+0200,34159.22,MW,FR,FR,actual_load,Actual Load,2026-06-19T10:14:15Z
2026-06-19T10:13:32Z,2026-06-19T12:13:32+0200,883e5adc-9734-481d-ba75-ca4b61ed39d5,2026-05-24T07:15:00Z,2026-05-24T09:15:00+0200,34562.75,MW,FR,FR,actual_load,Actual Load,2026-06-19T10:14:15Z
2026-06-19T10:13:32Z,2026-06-19T12:13:32+0200,883e5adc-9734-481d-ba75-ca4b61ed39d5,2026-05-24T07:30:00Z,2026-05-24T09:30:00+0200,34778.8,MW,FR,FR,actual_load,Actual Load,2026-06-19T10:14:15Z
2026-06-19T10:13:32Z,2026-06-19T12:13:32+0200,883e5adc-9734-481d-ba75-ca4b61ed39d5,2026-05-24T07:45:00Z,2026-05-24T09:45:00+0200,34968.34,MW,FR,FR,actual_load,Actual Load,2026-06-19T10:14:15Z
2026-06-19T10:13:32Z,2026-06-19T12:13:32+0200,883e5adc-9734-481d-ba75-ca4b61ed39d5,2026-05-24T08:00:00Z,2026-05-24T10:00:00+0200,35360.88,MW,FR,FR,actual_load,Actual Load,2026-06-19T10:14:15Z
2026-06-19T10:13:32Z,2026-06-19T12:13:32+0200,883e5adc-9734-481d-ba75-ca4b61ed39d5,2026-05-24T08:15:00Z,2026-05-24T10:15:00+0200,35729.64,MW,FR,FR,actual_load,Actual Load,2026-06-19T10:14:15Z
2026-06-19T10:13:32Z,2026-06-19T12:13:32+0200,883e5adc-9734-481d-ba75-ca4b61ed39d5,2026-05-24T08:30:00Z,2026-05-24T10:30:00+0200,35910.77,MW,FR,FR,actual_load,Actual Load,2026-06-19T10:14:15Z
2026-06-19T10:13:32Z,2026-06-19T12:13:32+0200,883e5adc-9734-481d-ba75-ca4b61ed39d5,2026-05-24T08:45:00Z,2026-05-24T10:45:00+0200,36251.13,MW,FR,FR,actual_load,Actual Load,2026-06-19T10:14:15Z
2026-06-19T10:13:32Z,2026-06-19T12:13:32+0200,883e5adc-9734-481d-ba75-ca4b61ed39d5,2026-05-24T09:00:00Z,2026-05-24T11:00:00+0200,36487.32,MW,FR,FR,actual_load,Actual Load,2026-06-19T10:14:15Z
2026-06-19T10:13:32Z,2026-06-19T12:13:32+0200,883e5adc-9734-481d-ba75-ca4b61ed39d5,2026-05-24T09:15:00Z,2026-05-24T11:15:00+0200,36799.25,MW,FR,FR,actual_load,Actual Load,2026-06-19T10:14:15Z
2026-06-19T10:13:32Z,2026-06-19T12:13:32+0200,883e5adc-9734-481d-ba75-ca4b61ed39d5,2026-05-24T09:30:00Z,2026-05-24T11:30:00+0200,37084.8,MW,FR,FR,actual_load,Actual Load,2026-06-19T10:14:15Z
2026-06-19T10:13:32Z,2026-06-19T12:13:32+0200,883e5adc-9734-481d-ba75-ca4b61ed39d5,2026-05-24T09:45:00Z,2026-05-24T11:45:00+0200,37429.89,MW,FR,FR,actual_load,Actual Load,2026-06-19T10:14:15Z
2026-06-19T10:13:32Z,2026-06-19T12:13:32+0200,883e5adc-9734-481d-ba75-ca4b61ed39d5,2026-05-24T10:00:00Z,2026-05-24T12:00:00+0200,37989.45,MW,FR,FR,actual_load,Actual Load,2026-06-19T10:14:15Z
2026-06-19T10:13:32Z,2026-06-19T12:13:32+0200,883e5adc-9734-481d-ba75-ca4b61ed39d5,2026-05-24T10:15:00Z,2026-05-24T12:15:00+0200,38271.69,MW,FR,FR,actual_load,Actual Load,2026-06-19T10:14:15Z
2026-06-19T10:13:32Z,2026-06-19T12:13:32+0200,883e5adc-9734-481d-ba75-ca4b61ed39d5,2026-05-24T10:30:00Z,2026-05-24T12:30:00+0200,38966.16,MW,FR,FR,actual_load,Actual Load,2026-06-19T10:14:15Z
2026-06-19T10:13:32Z,2026-06-19T12:13:32+0200,883e5adc-9734-481d-ba75-ca4b61ed39d5,2026-05-24T10:45:00Z,2026-05-24T12:45:00+0200,38588.11,MW,FR,FR,actual_load,Actual Load,2026-06-19T10:14:15Z
2026-06-19T10:13:32Z,2026-06-19T12:13:32+0200,883e5adc-9734-481d-ba75-ca4b61ed39d5,2026-05-24T11:00:00Z,2026-05-24T13:00:00+0200,38016.25,MW,FR,FR,actual_load,Actual Load,2026-06-19T10:14:15Z
2026-06-19T10:13:32Z,2026-06-19T12:13:32+0200,883e5adc-9734-481d-ba75-ca4b61ed39d5,2026-05-24T11:15:00Z,2026-05-24T13:15:00+0200,37373.48,MW,FR,FR,actual_load,Actual Load,2026-06-19T10:14:15Z
2026-06-19T10:13:32Z,2026-06-19T12:13:32+0200,883e5adc-9734-481d-ba75-ca4b61ed39d5,2026-05-24T11:30:00Z,2026-05-24T13:30:00+0200,36909.61,MW,FR,FR,actual_load,Actual Load,2026-06-19T10:14:15Z
2026-06-19T10:13:32Z,2026-06-19T12:13:32+0200,883e5adc-9734-481d-ba75-ca4b61ed39d5,2026-05-24T11:45:00Z,2026-05-24T13:45:00+0200,36766.66,MW,FR,FR,actual_load,Actual Load,2026-06-19T10:14:15Z
2026-06-19T10:13:32Z,2026-06-19T12:13:32+0200,883e5adc-9734-481d-ba75-ca4b61ed39d5,2026-05-24T12:00:00Z,2026-05-24T14:00:00+0200,37342.98,MW,FR,FR,actual_load,Actual Load,2026-06-19T10:14:15Z
2026-06-19T10:13:32Z,2026-06-19T12:13:32+0200,883e5adc-9734-481d-ba75-ca4b61ed39d5,2026-05-24T12:15:00Z,2026-05-24T14:15:00+0200,37415.13,MW,FR,FR,actual_load,Actual Load,2026-06-19T10:14:15Z
2026-06-19T10:13:32Z,2026-06-19T12:13:32+0200,883e5adc-9734-481d-ba75-ca4b61ed39d5,2026-05-24T12:30:00Z,2026-05-24T14:30:00+0200,37400.54,MW,FR,FR,actual_load,Actual Load,2026-06-19T10:14:15Z
2026-06-19T10:13:32Z,2026-06-19T12:13:32+0200,883e5adc-9734-481d-ba75-ca4b61ed39d5,2026-05-24T12:45:00Z,2026-05-24T14:45:00+0200,37062.22,MW,FR,FR,actual_load,Actual Load,2026-06-19T10:14:15Z
2026-06-19T10:13:32Z,2026-06-19T12:13:32+0200,883e5adc-9734-481d-ba75-ca4b61ed39d5,2026-05-24T13:00:00Z,2026-05-24T15:00:00+0200,37081.96,MW,FR,FR,actual_load,Actual Load,2026-06-19T10:14:15Z
2026-06-19T10:13:32Z,2026-06-19T12:13:32+0200,883e5adc-9734-481d-ba75-ca4b61ed39d5,2026-05-24T13:15:00Z,2026-05-24T15:15:00+0200,36624.24,MW,FR,FR,actual_load,Actual Load,2026-06-19T10:14:15Z
2026-06-19T10:13:32Z,2026-06-19T12:13:32+0200,883e5adc-9734-481d-ba75-ca4b61ed39d5,2026-05-24T13:30:00Z,2026-05-24T15:30:00+0200,36184.86,MW,FR,FR,actual_load,Actual Load,2026-06-19T10:14:15Z
2026-06-19T10:13:32Z,2026-06-19T12:13:32+0200,883e5adc-9734-481d-ba75-ca4b61ed39d5,2026-05-24T13:45:00Z,2026-05-24T15:45:00+0200,35902.81,MW,FR,FR,actual_load,Actual Load,2026-06-19T10:14:15Z
2026-06-19T10:13:32Z,2026-06-19T12:13:32+0200,883e5adc-9734-481d-ba75-ca4b61ed39d5,2026-05-24T14:00:00Z,2026-05-24T16:00:00+0200,35588.43,MW,FR,FR,actual_load,Actual Load,2026-06-19T10:14:15Z
2026-06-19T10:13:32Z,2026-06-19T12:13:32+0200,883e5adc-9734-481d-ba75-ca4b61ed39d5,2026-05-24T14:15:00Z,2026-05-24T16:15:00+0200,35429.3,MW,FR,FR,actual_load,Actual Load,2026-06-19T10:14:15Z
2026-06-19T10:13:32Z,2026-06-19T12:13:32+0200,883e5adc-9734-481d-ba75-ca4b61ed39d5,2026-05-24T14:30:00Z,2026-05-24T16:30:00+0200,35656.37,MW,FR,FR,actual_load,Actual Load,2026-06-19T10:14:15Z
2026-06-19T10:13:32Z,2026-06-19T12:13:32+0200,883e5adc-9734-481d-ba75-ca4b61ed39d5,2026-05-24T14:45:00Z,2026-05-24T16:45:00+0200,35739.87,MW,FR,FR,actual_load,Actual Load,2026-06-19T10:14:15Z
2026-06-19T10:13:32Z,2026-06-19T12:13:32+0200,883e5adc-9734-481d-ba75-ca4b61ed39d5,2026-05-24T15:00:00Z,2026-05-24T17:00:00+0200,36320.75,MW,FR,FR,actual_load,Actual Load,2026-06-19T10:14:15Z
2026-06-19T10:13:32Z,2026-06-19T12:13:32+0200,883e5adc-9734-481d-ba75-ca4b61ed39d5,2026-05-24T15:15:00Z,2026-05-24T17:15:00+0200,36928.2,MW,FR,FR,actual_load,Actual Load,2026-06-19T10:14:15Z
2026-06-19T10:13:32Z,2026-06-19T12:13:32+0200,883e5adc-9734-481d-ba75-ca4b61ed39d5,2026-05-24T15:30:00Z,2026-05-24T17:30:00+0200,37476.48,MW,FR,FR,actual_load,Actual Load,2026-06-19T10:14:15Z
2026-06-19T10:13:32Z,2026-06-19T12:13:32+0200,883e5adc-9734-481d-ba75-ca4b61ed39d5,2026-05-24T15:45:00Z,2026-05-24T17:45:00+0200,38104.92,MW,FR,FR,actual_load,Actual Load,2026-06-19T10:14:15Z
2026-06-19T10:13:32Z,2026-06-19T12:13:32+0200,883e5adc-9734-481d-ba75-ca4b61ed39d5,2026-05-24T16:00:00Z,2026-05-24T18:00:00+0200,38615.62,MW,FR,FR,actual_load,Actual Load,2026-06-19T10:14:15Z
2026-06-19T10:13:32Z,2026-06-19T12:13:32+0200,883e5adc-9734-481d-ba75-ca4b61ed39d5,2026-05-24T16:15:00Z,2026-05-24T18:15:00+0200,39281.82,MW,FR,FR,actual_load,Actual Load,2026-06-19T10:14:15Z
2026-06-19T10:13:32Z,2026-06-19T12:13:32+0200,883e5adc-9734-481d-ba75-ca4b61ed39d5,2026-05-24T16:30:00Z,2026-05-24T18:30:00+0200,39754.04,MW,FR,FR,actual_load,Actual Load,2026-06-19T10:14:15Z
2026-06-19T10:13:32Z,2026-06-19T12:13:32+0200,883e5adc-9734-481d-ba75-ca4b61ed39d5,2026-05-24T16:45:00Z,2026-05-24T18:45:00+0200,40258.29,MW,FR,FR,actual_load,Actual Load,2026-06-19T10:14:15Z
2026-06-19T10:13:32Z,2026-06-19T12:13:32+0200,883e5adc-9734-481d-ba75-ca4b61ed39d5,2026-05-24T17:00:00Z,2026-05-24T19:00:00+0200,40316.7,MW,FR,FR,actual_load,Actual Load,2026-06-19T10:14:15Z
2026-06-19T10:13:32Z,2026-06-19T12:13:32+0200,883e5adc-9734-481d-ba75-ca4b61ed39d5,2026-05-24T17:15:00Z,2026-05-24T19:15:00+0200,40578.52,MW,FR,FR,actual_load,Actual Load,2026-06-19T10:14:15Z
2026-06-19T10:13:32Z,2026-06-19T12:13:32+0200,883e5adc-9734-481d-ba75-ca4b61ed39d5,2026-05-24T17:30:00Z,2026-05-24T19:30:00+0200,40937.6,MW,FR,FR,actual_load,Actual Load,2026-06-19T10:14:15Z
2026-06-19T10:13:32Z,2026-06-19T12:13:32+0200,883e5adc-9734-481d-ba75-ca4b61ed39d5,2026-05-24T17:45:00Z,2026-05-24T19:45:00+0200,40968.21,MW,FR,FR,actual_load,Actual Load,2026-06-19T10:14:15Z
2026-06-19T10:13:32Z,2026-06-19T12:13:32+0200,883e5adc-9734-481d-ba75-ca4b61ed39d5,2026-05-24T18:00:00Z,2026-05-24T20:00:00+0200,40633.87,MW,FR,FR,actual_load,Actual Load,2026-06-19T10:14:15Z
2026-06-19T10:13:32Z,2026-06-19T12:13:32+0200,883e5adc-9734-481d-ba75-ca4b61ed39d5,2026-05-24T18:15:00Z,2026-05-24T20:15:00+0200,40190.57,MW,FR,FR,actual_load,Actual Load,2026-06-19T10:14:15Z
2026-06-19T10:13:32Z,2026-06-19T12:13:32+0200,883e5adc-9734-481d-ba75-ca4b61ed39d5,2026-05-24T18:30:00Z,2026-05-24T20:30:00+0200,40071.56,MW,FR,FR,actual_load,Actual Load,2026-06-19T10:14:15Z
2026-06-19T10:13:32Z,2026-06-19T12:13:32+0200,883e5adc-9734-481d-ba75-ca4b61ed39d5,2026-05-24T18:45:00Z,2026-05-24T20:45:00+0200,39918.66,MW,FR,FR,actual_load,Actual Load,2026-06-19T10:14:15Z
2026-06-19T10:13:32Z,2026-06-19T12:13:32+0200,883e5adc-9734-481d-ba75-ca4b61ed39d5,2026-05-24T19:00:00Z,2026-05-24T21:00:00+0200,39922.61,MW,FR,FR,actual_load,Actual Load,2026-06-19T10:14:15Z
2026-06-19T10:13:32Z,2026-06-19T12:13:32+0200,883e5adc-9734-481d-ba75-ca4b61ed39d5,2026-05-24T19:15:00Z,2026-05-24T21:15:00+0200,39759.9,MW,FR,FR,actual_load,Actual Load,2026-06-19T10:14:15Z
2026-06-19T10:13:32Z,2026-06-19T12:13:32+0200,883e5adc-9734-481d-ba75-ca4b61ed39d5,2026-05-24T19:30:00Z,2026-05-24T21:30:00+0200,39952.5,MW,FR,FR,actual_load,Actual Load,2026-06-19T10:14:15Z
2026-06-19T10:13:32Z,2026-06-19T12:13:32+0200,883e5adc-9734-481d-ba75-ca4b61ed39d5,2026-05-24T19:45:00Z,2026-05-24T21:45:00+0200,39988.96,MW,FR,FR,actual_load,Actual Load,2026-06-19T10:14:15Z
2026-06-19T10:13:32Z,2026-06-19T12:13:32+0200,883e5adc-9734-481d-ba75-ca4b61ed39d5,2026-05-24T20:00:00Z,2026-05-24T22:00:00+0200,41128.54,MW,FR,FR,actual_load,Actual Load,2026-06-19T10:14:15Z
2026-06-19T10:13:32Z,2026-06-19T12:13:32+0200,883e5adc-9734-481d-ba75-ca4b61ed39d5,2026-05-24T20:15:00Z,2026-05-24T22:15:00+0200,41350.26,MW,FR,FR,actual_load,Actual Load,2026-06-19T10:14:15Z
2026-06-19T10:13:32Z,2026-06-19T12:13:32+0200,883e5adc-9734-481d-ba75-ca4b61ed39d5,2026-05-24T20:30:00Z,2026-05-24T22:30:00+0200,42478.32,MW,FR,FR,actual_load,Actual Load,2026-06-19T10:14:15Z
2026-06-19T10:13:32Z,2026-06-19T12:13:32+0200,883e5adc-9734-481d-ba75-ca4b61ed39d5,2026-05-24T20:45:00Z,2026-05-24T22:45:00+0200,42183.66,MW,FR,FR,actual_load,Actual Load,2026-06-19T10:14:15Z
2026-06-19T10:13:32Z,2026-06-19T12:13:32+0200,883e5adc-9734-481d-ba75-ca4b61ed39d5,2026-05-24T21:00:00Z,2026-05-24T23:00:00+0200,41987.47,MW,FR,FR,actual_load,Actual Load,2026-06-19T10:14:15Z
2026-06-19T10:13:32Z,2026-06-19T12:13:32+0200,883e5adc-9734-481d-ba75-ca4b61ed39d5,2026-05-24T21:15:00Z,2026-05-24T23:15:00+0200,41286.94,MW,FR,FR,actual_load,Actual Load,2026-06-19T10:14:15Z
2026-06-19T10:13:32Z,2026-06-19T12:13:32+0200,883e5adc-9734-481d-ba75-ca4b61ed39d5,2026-05-24T21:30:00Z,2026-05-24T23:30:00+0200,41541.33,MW,FR,FR,actual_load,Actual Load,2026-06-19T10:14:15Z
2026-06-19T10:13:32Z,2026-06-19T12:13:32+0200,883e5adc-9734-481d-ba75-ca4b61ed39d5,2026-05-24T21:45:00Z,2026-05-24T23:45:00+0200,40572.98,MW,FR,FR,actual_load,Actual Load,2026-06-19T10:14:15Z
2026-06-19T10:13:32Z,2026-06-19T12:13:32+0200,883e5adc-9734-481d-ba75-ca4b61ed39d5,2026-05-24T22:00:00Z,2026-05-25T00:00:00+0200,40517.05,MW,FR,FR,actual_load,Actual Load,2026-06-19T10:14:15Z
2026-06-19T10:13:32Z,2026-06-19T12:13:32+0200,883e5adc-9734-481d-ba75-ca4b61ed39d5,2026-05-24T22:15:00Z,2026-05-25T00:15:00+0200,39395.12,MW,FR,FR,actual_load,Actual Load,2026-06-19T10:14:15Z
2026-06-19T10:13:32Z,2026-06-19T12:13:32+0200,883e5adc-9734-481d-ba75-ca4b61ed39d5,2026-05-24T22:30:00Z,2026-05-25T00:30:00+0200,38197.74,MW,FR,FR,actual_load,Actual Load,2026-06-19T10:14:15Z
2026-06-19T10:13:32Z,2026-06-19T12:13:32+0200,883e5adc-9734-481d-ba75-ca4b61ed39d5,2026-05-24T22:45:00Z,2026-05-25T00:45:00+0200,37235.85,MW,FR,FR,actual_load,Actual Load,2026-06-19T10:14:15Z
2026-06-19T10:13:32Z,2026-06-19T12:13:32+0200,883e5adc-9734-481d-ba75-ca4b61ed39d5,2026-05-24T23:00:00Z,2026-05-25T01:00:00+0200,37339.77,MW,FR,FR,actual_load,Actual Load,2026-06-19T10:14:15Z
2026-06-19T10:13:32Z,2026-06-19T12:13:32+0200,883e5adc-9734-481d-ba75-ca4b61ed39d5,2026-05-24T23:15:00Z,2026-05-25T01:15:00+0200,36698.08,MW,FR,FR,actual_load,Actual Load,2026-06-19T10:14:15Z
2026-06-19T10:13:32Z,2026-06-19T12:13:32+0200,883e5adc-9734-481d-ba75-ca4b61ed39d5,2026-05-24T23:30:00Z,2026-05-25T01:30:00+0200,36532.05,MW,FR,FR,actual_load,Actual Load,2026-06-19T10:14:15Z
2026-06-19T10:13:32Z,2026-06-19T12:13:32+0200,883e5adc-9734-481d-ba75-ca4b61ed39d5,2026-05-24T23:45:00Z,2026-05-25T01:45:00+0200,35848.69,MW,FR,FR,actual_load,Actual Load,2026-06-19T10:14:15Z
2026-06-19T10:13:32Z,2026-06-19T12:13:32+0200,883e5adc-9734-481d-ba75-ca4b61ed39d5,2026-05-25T00:00:00Z,2026-05-25T02:00:00+0200,35605.25,MW,FR,FR,actual_load,Actual Load,2026-06-19T10:14:15Z
2026-06-19T10:13:32Z,2026-06-19T12:13:32+0200,883e5adc-9734-481d-ba75-ca4b61ed39d5,2026-05-25T00:15:00Z,2026-05-25T02:15:00+0200,34711.7,MW,FR,FR,actual_load,Actual Load,2026-06-19T10:14:15Z
2026-06-19T10:13:32Z,2026-06-19T12:13:32+0200,883e5adc-9734-481d-ba75-ca4b61ed39d5,2026-05-25T00:30:00Z,2026-05-25T02:30:00+0200,34036.0,MW,FR,FR,actual_load,Actual Load,2026-06-19T10:14:15Z
2026-06-19T10:13:32Z,2026-06-19T12:13:32+0200,883e5adc-9734-481d-ba75-ca4b61ed39d5,2026-05-25T00:45:00Z,2026-05-25T02:45:00+0200,33297.79,MW,FR,FR,actual_load,Actual Load,2026-06-19T10:14:15Z
2026-06-19T10:13:32Z,2026-06-19T12:13:32+0200,883e5adc-9734-481d-ba75-ca4b61ed39d5,2026-05-25T01:00:00Z,2026-05-25T03:00:00+0200,32784.11,MW,FR,FR,actual_load,Actual Load,2026-06-19T10:14:15Z
2026-06-19T10:13:32Z,2026-06-19T12:13:32+0200,883e5adc-9734-481d-ba75-ca4b61ed39d5,2026-05-25T01:15:00Z,2026-05-25T03:15:00+0200,32433.1,MW,FR,FR,actual_load,Actual Load,2026-06-19T10:14:15Z
2026-06-19T10:13:32Z,2026-06-19T12:13:32+0200,883e5adc-9734-481d-ba75-ca4b61ed39d5,2026-05-25T01:30:00Z,2026-05-25T03:30:00+0200,32105.86,MW,FR,FR,actual_load,Actual Load,2026-06-19T10:14:15Z
2026-06-19T10:13:32Z,2026-06-19T12:13:32+0200,883e5adc-9734-481d-ba75-ca4b61ed39d5,2026-05-25T01:45:00Z,2026-05-25T03:45:00+0200,31800.28,MW,FR,FR,actual_load,Actual Load,2026-06-19T10:14:15Z
2026-06-19T10:13:32Z,2026-06-19T12:13:32+0200,883e5adc-9734-481d-ba75-ca4b61ed39d5,2026-05-25T02:00:00Z,2026-05-25T04:00:00+0200,31685.1,MW,FR,FR,actual_load,Actual Load,2026-06-19T10:14:15Z
2026-06-19T10:13:32Z,2026-06-19T12:13:32+0200,883e5adc-9734-481d-ba75-ca4b61ed39d5,2026-05-25T02:15:00Z,2026-05-25T04:15:00+0200,31496.44,MW,FR,FR,actual_load,Actual Load,2026-06-19T10:14:15Z
2026-06-19T10:13:32Z,2026-06-19T12:13:32+0200,883e5adc-9734-481d-ba75-ca4b61ed39d5,2026-05-25T02:30:00Z,2026-05-25T04:30:00+0200,31345.45,MW,FR,FR,actual_load,Actual Load,2026-06-19T10:14:15Z
2026-06-19T10:13:32Z,2026-06-19T12:13:32+0200,883e5adc-9734-481d-ba75-ca4b61ed39d5,2026-05-25T02:45:00Z,2026-05-25T04:45:00+0200,31221.3,MW,FR,FR,actual_load,Actual Load,2026-06-19T10:14:15Z
2026-06-19T10:13:32Z,2026-06-19T12:13:32+0200,883e5adc-9734-481d-ba75-ca4b61ed39d5,2026-05-25T03:00:00Z,2026-05-25T05:00:00+0200,31626.02,MW,FR,FR,actual_load,Actual Load,2026-06-19T10:14:15Z
2026-06-19T10:13:32Z,2026-06-19T12:13:32+0200,883e5adc-9734-481d-ba75-ca4b61ed39d5,2026-05-25T03:15:00Z,2026-05-25T05:15:00+0200,31537.66,MW,FR,FR,actual_load,Actual Load,2026-06-19T10:14:15Z
2026-06-19T10:13:32Z,2026-06-19T12:13:32+0200,883e5adc-9734-481d-ba75-ca4b61ed39d5,2026-05-25T03:30:00Z,2026-05-25T05:30:00+0200,31586.25,MW,FR,FR,actual_load,Actual Load,2026-06-19T10:14:15Z
2026-06-19T10:13:32Z,2026-06-19T12:13:32+0200,883e5adc-9734-481d-ba75-ca4b61ed39d5,2026-05-25T03:45:00Z,2026-05-25T05:45:00+0200,31578.15,MW,FR,FR,actual_load,Actual Load,2026-06-19T10:14:15Z
2026-06-19T10:13:32Z,2026-06-19T12:13:32+0200,883e5adc-9734-481d-ba75-ca4b61ed39d5,2026-05-25T04:00:00Z,2026-05-25T06:00:00+0200,31744.47,MW,FR,FR,actual_load,Actual Load,2026-06-19T10:14:15Z
2026-06-19T10:13:32Z,2026-06-19T12:13:32+0200,883e5adc-9734-481d-ba75-ca4b61ed39d5,2026-05-25T04:15:00Z,2026-05-25T06:15:00+0200,31878.27,MW,FR,FR,actual_load,Actual Load,2026-06-19T10:14:15Z
2026-06-19T10:13:32Z,2026-06-19T12:13:32+0200,883e5adc-9734-481d-ba75-ca4b61ed39d5,2026-05-25T04:30:00Z,2026-05-25T06:30:00+0200,31924.07,MW,FR,FR,actual_load,Actual Load,2026-06-19T10:14:15Z
2026-06-19T10:13:32Z,2026-06-19T12:13:32+0200,883e5adc-9734-481d-ba75-ca4b61ed39d5,2026-05-25T04:45:00Z,2026-05-25T06:45:00+0200,32244.0,MW,FR,FR,actual_load,Actual Load,2026-06-19T10:14:15Z
2026-06-19T10:13:32Z,2026-06-19T12:13:32+0200,883e5adc-9734-481d-ba75-ca4b61ed39d5,2026-05-25T05:00:00Z,2026-05-25T07:00:00+0200,32472.9,MW,FR,FR,actual_load,Actual Load,2026-06-19T10:14:15Z
2026-06-19T10:13:32Z,2026-06-19T12:13:32+0200,883e5adc-9734-481d-ba75-ca4b61ed39d5,2026-05-25T05:15:00Z,2026-05-25T07:15:00+0200,32881.92,MW,FR,FR,actual_load,Actual Load,2026-06-19T10:14:15Z
2026-06-19T10:13:32Z,2026-06-19T12:13:32+0200,883e5adc-9734-481d-ba75-ca4b61ed39d5,2026-05-25T05:30:00Z,2026-05-25T07:30:00+0200,33188.2,MW,FR,FR,actual_load,Actual Load,2026-06-19T10:14:15Z
2026-06-19T10:13:32Z,2026-06-19T12:13:32+0200,883e5adc-9734-481d-ba75-ca4b61ed39d5,2026-05-25T05:45:00Z,2026-05-25T07:45:00+0200,33751.97,MW,FR,FR,actual_load,Actual Load,2026-06-19T10:14:15Z
2026-06-19T10:13:32Z,2026-06-19T12:13:32+0200,883e5adc-9734-481d-ba75-ca4b61ed39d5,2026-05-25T06:00:00Z,2026-05-25T08:00:00+0200,34213.09,MW,FR,FR,actual_load,Actual Load,2026-06-19T10:14:15Z
2026-06-19T10:13:32Z,2026-06-19T12:13:32+0200,883e5adc-9734-481d-ba75-ca4b61ed39d5,2026-05-25T06:15:00Z,2026-05-25T08:15:00+0200,34870.32,MW,FR,FR,actual_load,Actual Load,2026-06-19T10:14:15Z
2026-06-19T10:13:32Z,2026-06-19T12:13:32+0200,883e5adc-9734-481d-ba75-ca4b61ed39d5,2026-05-25T06:30:00Z,2026-05-25T08:30:00+0200,35605.43,MW,FR,FR,actual_load,Actual Load,2026-06-19T10:14:15Z
2026-06-19T10:13:32Z,2026-06-19T12:13:32+0200,883e5adc-9734-481d-ba75-ca4b61ed39d5,2026-05-25T06:45:00Z,2026-05-25T08:45:00+0200,36294.53,MW,FR,FR,actual_load,Actual Load,2026-06-19T10:14:15Z
2026-06-19T10:13:32Z,2026-06-19T12:13:32+0200,883e5adc-9734-481d-ba75-ca4b61ed39d5,2026-05-25T07:00:00Z,2026-05-25T09:00:00+0200,37040.56,MW,FR,FR,actual_load,Actual Load,2026-06-19T10:14:15Z
2026-06-19T10:13:32Z,2026-06-19T12:13:32+0200,883e5adc-9734-481d-ba75-ca4b61ed39d5,2026-05-25T07:15:00Z,2026-05-25T09:15:00+0200,37582.94,MW,FR,FR,actual_load,Actual Load,2026-06-19T10:14:15Z
2026-06-19T10:13:32Z,2026-06-19T12:13:32+0200,883e5adc-9734-481d-ba75-ca4b61ed39d5,2026-05-25T07:30:00Z,2026-05-25T09:30:00+0200,38014.58,MW,FR,FR,actual_load,Actual Load,2026-06-19T10:14:15Z
2026-06-19T10:13:32Z,2026-06-19T12:13:32+0200,883e5adc-9734-481d-ba75-ca4b61ed39d5,2026-05-25T07:45:00Z,2026-05-25T09:45:00+0200,38629.08,MW,FR,FR,actual_load,Actual Load,2026-06-19T10:14:15Z
2026-06-19T10:13:32Z,2026-06-19T12:13:32+0200,883e5adc-9734-481d-ba75-ca4b61ed39d5,2026-05-25T08:00:00Z,2026-05-25T10:00:00+0200,39137.17,MW,FR,FR,actual_load,Actual Load,2026-06-19T10:14:15Z
2026-06-19T10:13:32Z,2026-06-19T12:13:32+0200,883e5adc-9734-481d-ba75-ca4b61ed39d5,2026-05-25T08:15:00Z,2026-05-25T10:15:00+0200,39344.48,MW,FR,FR,actual_load,Actual Load,2026-06-19T10:14:15Z
2026-06-19T10:13:32Z,2026-06-19T12:13:32+0200,883e5adc-9734-481d-ba75-ca4b61ed39d5,2026-05-25T08:30:00Z,2026-05-25T10:30:00+0200,39646.21,MW,FR,FR,actual_load,Actual Load,2026-06-19T10:14:15Z
2026-06-19T10:13:32Z,2026-06-19T12:13:32+0200,883e5adc-9734-481d-ba75-ca4b61ed39d5,2026-05-25T08:45:00Z,2026-05-25T10:45:00+0200,40216.36,MW,FR,FR,actual_load,Actual Load,2026-06-19T10:14:15Z
2026-06-19T10:13:32Z,2026-06-19T12:13:32+0200,883e5adc-9734-481d-ba75-ca4b61ed39d5,2026-05-25T09:00:00Z,2026-05-25T11:00:00+0200,40627.03,MW,FR,FR,actual_load,Actual Load,2026-06-19T10:14:15Z
2026-06-19T10:13:32Z,2026-06-19T12:13:32+0200,883e5adc-9734-481d-ba75-ca4b61ed39d5,2026-05-25T09:15:00Z,2026-05-25T11:15:00+0200,40960.16,MW,FR,FR,actual_load,Actual Load,2026-06-19T10:14:15Z
2026-06-19T10:13:32Z,2026-06-19T12:13:32+0200,883e5adc-9734-481d-ba75-ca4b61ed39d5,2026-05-25T09:30:00Z,2026-05-25T11:30:00+0200,41330.54,MW,FR,FR,actual_load,Actual Load,2026-06-19T10:14:15Z
2026-06-19T10:13:32Z,2026-06-19T12:13:32+0200,883e5adc-9734-481d-ba75-ca4b61ed39d5,2026-05-25T09:45:00Z,2026-05-25T11:45:00+0200,41738.01,MW,FR,FR,actual_load,Actual Load,2026-06-19T10:14:15Z
2026-06-19T10:13:32Z,2026-06-19T12:13:32+0200,883e5adc-9734-481d-ba75-ca4b61ed39d5,2026-05-25T10:00:00Z,2026-05-25T12:00:00+0200,42579.63,MW,FR,FR,actual_load,Actual Load,2026-06-19T10:14:15Z
2026-06-19T10:13:32Z,2026-06-19T12:13:32+0200,883e5adc-9734-481d-ba75-ca4b61ed39d5,2026-05-25T10:15:00Z,2026-05-25T12:15:00+0200,42741.59,MW,FR,FR,actual_load,Actual Load,2026-06-19T10:14:15Z
2026-06-19T10:13:32Z,2026-06-19T12:13:32+0200,883e5adc-9734-481d-ba75-ca4b61ed39d5,2026-05-25T10:30:00Z,2026-05-25T12:30:00+0200,43346.05,MW,FR,FR,actual_load,Actual Load,2026-06-19T10:14:15Z
2026-06-19T10:13:32Z,2026-06-19T12:13:32+0200,883e5adc-9734-481d-ba75-ca4b61ed39d5,2026-05-25T10:45:00Z,2026-05-25T12:45:00+0200,42903.93,MW,FR,FR,actual_load,Actual Load,2026-06-19T10:14:15Z
2026-06-19T10:13:32Z,2026-06-19T12:13:32+0200,883e5adc-9734-481d-ba75-ca4b61ed39d5,2026-05-25T11:00:00Z,2026-05-25T13:00:00+0200,42361.97,MW,FR,FR,actual_load,Actual Load,2026-06-19T10:14:15Z
2026-06-19T10:13:32Z,2026-06-19T12:13:32+0200,883e5adc-9734-481d-ba75-ca4b61ed39d5,2026-05-25T11:15:00Z,2026-05-25T13:15:00+0200,41857.54,MW,FR,FR,actual_load,Actual Load,2026-06-19T10:14:15Z
2026-06-19T10:13:32Z,2026-06-19T12:13:32+0200,883e5adc-9734-481d-ba75-ca4b61ed39d5,2026-05-25T11:30:00Z,2026-05-25T13:30:00+0200,41367.35,MW,FR,FR,actual_load,Actual Load,2026-06-19T10:14:15Z
2026-06-19T10:13:32Z,2026-06-19T12:13:32+0200,883e5adc-9734-481d-ba75-ca4b61ed39d5,2026-05-25T11:45:00Z,2026-05-25T13:45:00+0200,41427.36,MW,FR,FR,actual_load,Actual Load,2026-06-19T10:14:15Z
2026-06-19T10:13:32Z,2026-06-19T12:13:32+0200,883e5adc-9734-481d-ba75-ca4b61ed39d5,2026-05-25T12:00:00Z,2026-05-25T14:00:00+0200,42233.28,MW,FR,FR,actual_load,Actual Load,2026-06-19T10:14:15Z
2026-06-19T10:13:32Z,2026-06-19T12:13:32+0200,883e5adc-9734-481d-ba75-ca4b61ed39d5,2026-05-25T12:15:00Z,2026-05-25T14:15:00+0200,42096.93,MW,FR,FR,actual_load,Actual Load,2026-06-19T10:14:15Z
2026-06-19T10:13:32Z,2026-06-19T12:13:32+0200,883e5adc-9734-481d-ba75-ca4b61ed39d5,2026-05-25T12:30:00Z,2026-05-25T14:30:00+0200,42193.12,MW,FR,FR,actual_load,Actual Load,2026-06-19T10:14:15Z
2026-06-19T10:13:32Z,2026-06-19T12:13:32+0200,883e5adc-9734-481d-ba75-ca4b61ed39d5,2026-05-25T12:45:00Z,2026-05-25T14:45:00+0200,41879.28,MW,FR,FR,actual_load,Actual Load,2026-06-19T10:14:15Z
2026-06-19T10:13:32Z,2026-06-19T12:13:32+0200,883e5adc-9734-481d-ba75-ca4b61ed39d5,2026-05-25T13:00:00Z,2026-05-25T15:00:00+0200,41783.17,MW,FR,FR,actual_load,Actual Load,2026-06-19T10:14:15Z
2026-06-19T10:13:32Z,2026-06-19T12:13:32+0200,883e5adc-9734-481d-ba75-ca4b61ed39d5,2026-05-25T13:15:00Z,2026-05-25T15:15:00+0200,41301.15,MW,FR,FR,actual_load,Actual Load,2026-06-19T10:14:15Z
2026-06-19T10:13:32Z,2026-06-19T12:13:32+0200,883e5adc-9734-481d-ba75-ca4b61ed39d5,2026-05-25T13:30:00Z,2026-05-25T15:30:00+0200,40946.51,MW,FR,FR,actual_load,Actual Load,2026-06-19T10:14:15Z
2026-06-19T10:13:32Z,2026-06-19T12:13:32+0200,883e5adc-9734-481d-ba75-ca4b61ed39d5,2026-05-25T13:45:00Z,2026-05-25T15:45:00+0200,40671.08,MW,FR,FR,actual_load,Actual Load,2026-06-19T10:14:15Z
2026-06-19T10:13:32Z,2026-06-19T12:13:32+0200,883e5adc-9734-481d-ba75-ca4b61ed39d5,2026-05-25T14:00:00Z,2026-05-25T16:00:00+0200,40310.16,MW,FR,FR,actual_load,Actual Load,2026-06-19T10:14:15Z
2026-06-19T10:13:32Z,2026-06-19T12:13:32+0200,883e5adc-9734-481d-ba75-ca4b61ed39d5,2026-05-25T14:15:00Z,2026-05-25T16:15:00+0200,39997.25,MW,FR,FR,actual_load,Actual Load,2026-06-19T10:14:15Z
2026-06-19T10:13:32Z,2026-06-19T12:13:32+0200,883e5adc-9734-481d-ba75-ca4b61ed39d5,2026-05-25T14:30:00Z,2026-05-25T16:30:00+0200,40492.0,MW,FR,FR,actual_load,Actual Load,2026-06-19T10:14:15Z
2026-06-19T10:13:32Z,2026-06-19T12:13:32+0200,883e5adc-9734-481d-ba75-ca4b61ed39d5,2026-05-25T14:45:00Z,2026-05-25T16:45:00+0200,40985.45,MW,FR,FR,actual_load,Actual Load,2026-06-19T10:14:15Z
2026-06-19T10:13:32Z,2026-06-19T12:13:32+0200,883e5adc-9734-481d-ba75-ca4b61ed39d5,2026-05-25T15:00:00Z,2026-05-25T17:00:00+0200,40955.3,MW,FR,FR,actual_load,Actual Load,2026-06-19T10:14:15Z
2026-06-19T10:13:32Z,2026-06-19T12:13:32+0200,883e5adc-9734-481d-ba75-ca4b61ed39d5,2026-05-25T15:15:00Z,2026-05-25T17:15:00+0200,41128.07,MW,FR,FR,actual_load,Actual Load,2026-06-19T10:14:15Z
2026-06-19T10:13:32Z,2026-06-19T12:13:32+0200,883e5adc-9734-481d-ba75-ca4b61ed39d5,2026-05-25T15:30:00Z,2026-05-25T17:30:00+0200,41510.16,MW,FR,FR,actual_load,Actual Load,2026-06-19T10:14:15Z
2026-06-19T10:13:32Z,2026-06-19T12:13:32+0200,883e5adc-9734-481d-ba75-ca4b61ed39d5,2026-05-25T15:45:00Z,2026-05-25T17:45:00+0200,42125.46,MW,FR,FR,actual_load,Actual Load,2026-06-19T10:14:15Z
2026-06-19T10:13:32Z,2026-06-19T12:13:32+0200,883e5adc-9734-481d-ba75-ca4b61ed39d5,2026-05-25T16:00:00Z,2026-05-25T18:00:00+0200,42659.21,MW,FR,FR,actual_load,Actual Load,2026-06-19T10:14:15Z
2026-06-19T10:13:32Z,2026-06-19T12:13:32+0200,883e5adc-9734-481d-ba75-ca4b61ed39d5,2026-05-25T16:15:00Z,2026-05-25T18:15:00+0200,43283.04,MW,FR,FR,actual_load,Actual Load,2026-06-19T10:14:15Z
2026-06-19T10:13:32Z,2026-06-19T12:13:32+0200,883e5adc-9734-481d-ba75-ca4b61ed39d5,2026-05-25T16:30:00Z,2026-05-25T18:30:00+0200,43955.94,MW,FR,FR,actual_load,Actual Load,2026-06-19T10:14:15Z
2026-06-19T10:13:32Z,2026-06-19T12:13:32+0200,883e5adc-9734-481d-ba75-ca4b61ed39d5,2026-05-25T16:45:00Z,2026-05-25T18:45:00+0200,44496.74,MW,FR,FR,actual_load,Actual Load,2026-06-19T10:14:15Z
2026-06-19T10:13:32Z,2026-06-19T12:13:32+0200,883e5adc-9734-481d-ba75-ca4b61ed39d5,2026-05-25T17:00:00Z,2026-05-25T19:00:00+0200,44922.29,MW,FR,FR,actual_load,Actual Load,2026-06-19T10:14:15Z
2026-06-19T10:13:32Z,2026-06-19T12:13:32+0200,883e5adc-9734-481d-ba75-ca4b61ed39d5,2026-05-25T17:15:00Z,2026-05-25T19:15:00+0200,45131.98,MW,FR,FR,actual_load,Actual Load,2026-06-19T10:14:15Z
2026-06-19T10:13:32Z,2026-06-19T12:13:32+0200,883e5adc-9734-481d-ba75-ca4b61ed39d5,2026-05-25T17:30:00Z,2026-05-25T19:30:00+0200,44832.65,MW,FR,FR,actual_load,Actual Load,2026-06-19T10:14:15Z
2026-06-19T10:13:32Z,2026-06-19T12:13:32+0200,883e5adc-9734-481d-ba75-ca4b61ed39d5,2026-05-25T17:45:00Z,2026-05-25T19:45:00+0200,44689.23,MW,FR,FR,actual_load,Actual Load,2026-06-19T10:14:15Z
2026-06-19T10:13:32Z,2026-06-19T12:13:32+0200,883e5adc-9734-481d-ba75-ca4b61ed39d5,2026-05-25T18:00:00Z,2026-05-25T20:00:00+0200,44373.49,MW,FR,FR,actual_load,Actual Load,2026-06-19T10:14:15Z
2026-06-19T10:13:32Z,2026-06-19T12:13:32+0200,883e5adc-9734-481d-ba75-ca4b61ed39d5,2026-05-25T18:15:00Z,2026-05-25T20:15:00+0200,43939.07,MW,FR,FR,actual_load,Actual Load,2026-06-19T10:14:15Z
2026-06-19T10:13:32Z,2026-06-19T12:13:32+0200,883e5adc-9734-481d-ba75-ca4b61ed39d5,2026-05-25T18:30:00Z,2026-05-25T20:30:00+0200,43403.73,MW,FR,FR,actual_load,Actual Load,2026-06-19T10:14:15Z
2026-06-19T10:13:32Z,2026-06-19T12:13:32+0200,883e5adc-9734-481d-ba75-ca4b61ed39d5,2026-05-25T18:45:00Z,2026-05-25T20:45:00+0200,43051.2,MW,FR,FR,actual_load,Actual Load,2026-06-19T10:14:15Z
2026-06-19T10:13:32Z,2026-06-19T12:13:32+0200,883e5adc-9734-481d-ba75-ca4b61ed39d5,2026-05-25T19:00:00Z,2026-05-25T21:00:00+0200,43099.29,MW,FR,FR,actual_load,Actual Load,2026-06-19T10:14:15Z
2026-06-19T10:13:32Z,2026-06-19T12:13:32+0200,883e5adc-9734-481d-ba75-ca4b61ed39d5,2026-05-25T19:15:00Z,2026-05-25T21:15:00+0200,43005.29,MW,FR,FR,actual_load,Actual Load,2026-06-19T10:14:15Z
2026-06-19T10:13:32Z,2026-06-19T12:13:32+0200,883e5adc-9734-481d-ba75-ca4b61ed39d5,2026-05-25T19:30:00Z,2026-05-25T21:30:00+0200,42957.53,MW,FR,FR,actual_load,Actual Load,2026-06-19T10:14:15Z
2026-06-19T10:13:32Z,2026-06-19T12:13:32+0200,883e5adc-9734-481d-ba75-ca4b61ed39d5,2026-05-25T19:45:00Z,2026-05-25T21:45:00+0200,42780.1,MW,FR,FR,actual_load,Actual Load,2026-06-19T10:14:15Z
2026-06-19T10:13:32Z,2026-06-19T12:13:32+0200,883e5adc-9734-481d-ba75-ca4b61ed39d5,2026-05-25T20:00:00Z,2026-05-25T22:00:00+0200,43880.44,MW,FR,FR,actual_load,Actual Load,2026-06-19T10:14:15Z
2026-06-19T10:13:32Z,2026-06-19T12:13:32+0200,883e5adc-9734-481d-ba75-ca4b61ed39d5,2026-05-25T20:15:00Z,2026-05-25T22:15:00+0200,43688.33,MW,FR,FR,actual_load,Actual Load,2026-06-19T10:14:15Z
2026-06-19T10:13:32Z,2026-06-19T12:13:32+0200,883e5adc-9734-481d-ba75-ca4b61ed39d5,2026-05-25T20:30:00Z,2026-05-25T22:30:00+0200,44867.75,MW,FR,FR,actual_load,Actual Load,2026-06-19T10:14:15Z
2026-06-19T10:13:32Z,2026-06-19T12:13:32+0200,883e5adc-9734-481d-ba75-ca4b61ed39d5,2026-05-25T20:45:00Z,2026-05-25T22:45:00+0200,44478.29,MW,FR,FR,actual_load,Actual Load,2026-06-19T10:14:15Z
2026-06-19T10:13:32Z,2026-06-19T12:13:32+0200,883e5adc-9734-481d-ba75-ca4b61ed39d5,2026-05-25T21:00:00Z,2026-05-25T23:00:00+0200,44081.12,MW,FR,FR,actual_load,Actual Load,2026-06-19T10:14:15Z
2026-06-19T10:13:32Z,2026-06-19T12:13:32+0200,883e5adc-9734-481d-ba75-ca4b61ed39d5,2026-05-25T21:15:00Z,2026-05-25T23:15:00+0200,43151.16,MW,FR,FR,actual_load,Actual Load,2026-06-19T10:14:15Z
2026-06-19T10:13:32Z,2026-06-19T12:13:32+0200,883e5adc-9734-481d-ba75-ca4b61ed39d5,2026-05-25T21:30:00Z,2026-05-25T23:30:00+0200,43378.61,MW,FR,FR,actual_load,Actual Load,2026-06-19T10:14:15Z
2026-06-19T10:13:32Z,2026-06-19T12:13:32+0200,883e5adc-9734-481d-ba75-ca4b61ed39d5,2026-05-25T21:45:00Z,2026-05-25T23:45:00+0200,42426.53,MW,FR,FR,actual_load,Actual Load,2026-06-19T10:14:15Z
2026-06-19T10:13:32Z,2026-06-19T12:13:32+0200,883e5adc-9734-481d-ba75-ca4b61ed39d5,2026-05-25T22:00:00Z,2026-05-26T00:00:00+0200,42325.1,MW,FR,FR,actual_load,Actual Load,2026-06-19T10:14:15Z
2026-06-19T10:13:32Z,2026-06-19T12:13:32+0200,883e5adc-9734-481d-ba75-ca4b61ed39d5,2026-05-25T22:15:00Z,2026-05-26T00:15:00+0200,41131.68,MW,FR,FR,actual_load,Actual Load,2026-06-19T10:14:15Z
2026-06-19T10:13:32Z,2026-06-19T12:13:32+0200,883e5adc-9734-481d-ba75-ca4b61ed39d5,2026-05-25T22:30:00Z,2026-05-26T00:30:00+0200,39678.6,MW,FR,FR,actual_load,Actual Load,2026-06-19T10:14:15Z
2026-06-19T10:13:32Z,2026-06-19T12:13:32+0200,883e5adc-9734-481d-ba75-ca4b61ed39d5,2026-05-25T22:45:00Z,2026-05-26T00:45:00+0200,38770.03,MW,FR,FR,actual_load,Actual Load,2026-06-19T10:14:15Z
2026-06-19T10:13:32Z,2026-06-19T12:13:32+0200,883e5adc-9734-481d-ba75-ca4b61ed39d5,2026-05-25T23:00:00Z,2026-05-26T01:00:00+0200,39068.5,MW,FR,FR,actual_load,Actual Load,2026-06-19T10:14:15Z
2026-06-19T10:13:32Z,2026-06-19T12:13:32+0200,883e5adc-9734-481d-ba75-ca4b61ed39d5,2026-05-25T23:15:00Z,2026-05-26T01:15:00+0200,38393.16,MW,FR,FR,actual_load,Actual Load,2026-06-19T10:14:15Z
2026-06-19T10:13:32Z,2026-06-19T12:13:32+0200,883e5adc-9734-481d-ba75-ca4b61ed39d5,2026-05-25T23:30:00Z,2026-05-26T01:30:00+0200,38180.24,MW,FR,FR,actual_load,Actual Load,2026-06-19T10:14:15Z
2026-06-19T10:13:32Z,2026-06-19T12:13:32+0200,883e5adc-9734-481d-ba75-ca4b61ed39d5,2026-05-25T23:45:00Z,2026-05-26T01:45:00+0200,37387.12,MW,FR,FR,actual_load,Actual Load,2026-06-19T10:14:15Z
2026-06-19T10:13:32Z,2026-06-19T12:13:32+0200,883e5adc-9734-481d-ba75-ca4b61ed39d5,2026-05-26T00:00:00Z,2026-05-26T02:00:00+0200,37166.67,MW,FR,FR,actual_load,Actual Load,2026-06-19T10:14:15Z
2026-06-19T10:13:32Z,2026-06-19T12:13:32+0200,883e5adc-9734-481d-ba75-ca4b61ed39d5,2026-05-26T00:15:00Z,2026-05-26T02:15:00+0200,36353.5,MW,FR,FR,actual_load,Actual Load,2026-06-19T10:14:15Z
2026-06-19T10:13:32Z,2026-06-19T12:13:32+0200,883e5adc-9734-481d-ba75-ca4b61ed39d5,2026-05-26T00:30:00Z,2026-05-26T02:30:00+0200,35502.08,MW,FR,FR,actual_load,Actual Load,2026-06-19T10:14:15Z
2026-06-19T10:13:32Z,2026-06-19T12:13:32+0200,883e5adc-9734-481d-ba75-ca4b61ed39d5,2026-05-26T00:45:00Z,2026-05-26T02:45:00+0200,34780.7,MW,FR,FR,actual_load,Actual Load,2026-06-19T10:14:15Z
2026-06-19T10:13:32Z,2026-06-19T12:13:32+0200,883e5adc-9734-481d-ba75-ca4b61ed39d5,2026-05-26T01:00:00Z,2026-05-26T03:00:00+0200,34395.64,MW,FR,FR,actual_load,Actual Load,2026-06-19T10:14:15Z
2026-06-19T10:13:32Z,2026-06-19T12:13:32+0200,883e5adc-9734-481d-ba75-ca4b61ed39d5,2026-05-26T01:15:00Z,2026-05-26T03:15:00+0200,34075.85,MW,FR,FR,actual_load,Actual Load,2026-06-19T10:14:15Z
2026-06-19T10:13:32Z,2026-06-19T12:13:32+0200,883e5adc-9734-481d-ba75-ca4b61ed39d5,2026-05-26T01:30:00Z,2026-05-26T03:30:00+0200,33871.04,MW,FR,FR,actual_load,Actual Load,2026-06-19T10:14:15Z
2026-06-19T10:13:32Z,2026-06-19T12:13:32+0200,883e5adc-9734-481d-ba75-ca4b61ed39d5,2026-05-26T01:45:00Z,2026-05-26T03:45:00+0200,33669.68,MW,FR,FR,actual_load,Actual Load,2026-06-19T10:14:15Z
2026-06-19T10:13:32Z,2026-06-19T12:13:32+0200,883e5adc-9734-481d-ba75-ca4b61ed39d5,2026-05-26T02:00:00Z,2026-05-26T04:00:00+0200,33566.54,MW,FR,FR,actual_load,Actual Load,2026-06-19T10:14:15Z
2026-06-19T10:13:32Z,2026-06-19T12:13:32+0200,883e5adc-9734-481d-ba75-ca4b61ed39d5,2026-05-26T02:15:00Z,2026-05-26T04:15:00+0200,33498.62,MW,FR,FR,actual_load,Actual Load,2026-06-19T10:14:15Z
2026-06-19T10:13:32Z,2026-06-19T12:13:32+0200,883e5adc-9734-481d-ba75-ca4b61ed39d5,2026-05-26T02:30:00Z,2026-05-26T04:30:00+0200,33523.38,MW,FR,FR,actual_load,Actual Load,2026-06-19T10:14:15Z
2026-06-19T10:13:32Z,2026-06-19T12:13:32+0200,883e5adc-9734-481d-ba75-ca4b61ed39d5,2026-05-26T02:45:00Z,2026-05-26T04:45:00+0200,33616.92,MW,FR,FR,actual_load,Actual Load,2026-06-19T10:14:15Z
2026-06-19T10:13:32Z,2026-06-19T12:13:32+0200,883e5adc-9734-481d-ba75-ca4b61ed39d5,2026-05-26T03:00:00Z,2026-05-26T05:00:00+0200,34279.98,MW,FR,FR,actual_load,Actual Load,2026-06-19T10:14:15Z
2026-06-19T10:13:32Z,2026-06-19T12:13:32+0200,883e5adc-9734-481d-ba75-ca4b61ed39d5,2026-05-26T03:15:00Z,2026-05-26T05:15:00+0200,34717.8,MW,FR,FR,actual_load,Actual Load,2026-06-19T10:14:15Z
2026-06-19T10:13:32Z,2026-06-19T12:13:32+0200,883e5adc-9734-481d-ba75-ca4b61ed39d5,2026-05-26T03:30:00Z,2026-05-26T05:30:00+0200,35255.29,MW,FR,FR,actual_load,Actual Load,2026-06-19T10:14:15Z
2026-06-19T10:13:32Z,2026-06-19T12:13:32+0200,883e5adc-9734-481d-ba75-ca4b61ed39d5,2026-05-26T03:45:00Z,2026-05-26T05:45:00+0200,35687.96,MW,FR,FR,actual_load,Actual Load,2026-06-19T10:14:15Z
2026-06-19T10:13:32Z,2026-06-19T12:13:32+0200,883e5adc-9734-481d-ba75-ca4b61ed39d5,2026-05-26T04:00:00Z,2026-05-26T06:00:00+0200,36684.85,MW,FR,FR,actual_load,Actual Load,2026-06-19T10:14:15Z
2026-06-19T10:13:32Z,2026-06-19T12:13:32+0200,883e5adc-9734-481d-ba75-ca4b61ed39d5,2026-05-26T04:15:00Z,2026-05-26T06:15:00+0200,37698.66,MW,FR,FR,actual_load,Actual Load,2026-06-19T10:14:15Z
2026-06-19T10:13:32Z,2026-06-19T12:13:32+0200,883e5adc-9734-481d-ba75-ca4b61ed39d5,2026-05-26T04:30:00Z,2026-05-26T06:30:00+0200,38637.46,MW,FR,FR,actual_load,Actual Load,2026-06-19T10:14:15Z
2026-06-19T10:13:32Z,2026-06-19T12:13:32+0200,883e5adc-9734-481d-ba75-ca4b61ed39d5,2026-05-26T04:45:00Z,2026-05-26T06:45:00+0200,39711.42,MW,FR,FR,actual_load,Actual Load,2026-06-19T10:14:15Z
2026-06-19T10:13:32Z,2026-06-19T12:13:32+0200,883e5adc-9734-481d-ba75-ca4b61ed39d5,2026-05-26T05:00:00Z,2026-05-26T07:00:00+0200,40735.25,MW,FR,FR,actual_load,Actual Load,2026-06-19T10:14:15Z
2026-06-19T10:13:32Z,2026-06-19T12:13:32+0200,883e5adc-9734-481d-ba75-ca4b61ed39d5,2026-05-26T05:15:00Z,2026-05-26T07:15:00+0200,41748.02,MW,FR,FR,actual_load,Actual Load,2026-06-19T10:14:15Z
2026-06-19T10:13:32Z,2026-06-19T12:13:32+0200,883e5adc-9734-481d-ba75-ca4b61ed39d5,2026-05-26T05:30:00Z,2026-05-26T07:30:00+0200,42513.29,MW,FR,FR,actual_load,Actual Load,2026-06-19T10:14:15Z
2026-06-19T10:13:32Z,2026-06-19T12:13:32+0200,883e5adc-9734-481d-ba75-ca4b61ed39d5,2026-05-26T05:45:00Z,2026-05-26T07:45:00+0200,43174.11,MW,FR,FR,actual_load,Actual Load,2026-06-19T10:14:15Z
2026-06-19T10:13:32Z,2026-06-19T12:13:32+0200,883e5adc-9734-481d-ba75-ca4b61ed39d5,2026-05-26T06:00:00Z,2026-05-26T08:00:00+0200,44157.65,MW,FR,FR,actual_load,Actual Load,2026-06-19T10:14:15Z
2026-06-19T10:13:32Z,2026-06-19T12:13:32+0200,883e5adc-9734-481d-ba75-ca4b61ed39d5,2026-05-26T06:15:00Z,2026-05-26T08:15:00+0200,44783.49,MW,FR,FR,actual_load,Actual Load,2026-06-19T10:14:15Z
2026-06-19T10:13:32Z,2026-06-19T12:13:32+0200,883e5adc-9734-481d-ba75-ca4b61ed39d5,2026-05-26T06:30:00Z,2026-05-26T08:30:00+0200,45418.04,MW,FR,FR,actual_load,Actual Load,2026-06-19T10:14:15Z
2026-06-19T10:13:32Z,2026-06-19T12:13:32+0200,883e5adc-9734-481d-ba75-ca4b61ed39d5,2026-05-26T06:45:00Z,2026-05-26T08:45:00+0200,46085.65,MW,FR,FR,actual_load,Actual Load,2026-06-19T10:14:15Z
2026-06-19T10:13:32Z,2026-06-19T12:13:32+0200,883e5adc-9734-481d-ba75-ca4b61ed39d5,2026-05-26T07:00:00Z,2026-05-26T09:00:00+0200,46647.46,MW,FR,FR,actual_load,Actual Load,2026-06-19T10:14:15Z
2026-06-19T10:13:32Z,2026-06-19T12:13:32+0200,883e5adc-9734-481d-ba75-ca4b61ed39d5,2026-05-26T07:15:00Z,2026-05-26T09:15:00+0200,47098.57,MW,FR,FR,actual_load,Actual Load,2026-06-19T10:14:15Z
2026-06-19T10:13:32Z,2026-06-19T12:13:32+0200,883e5adc-9734-481d-ba75-ca4b61ed39d5,2026-05-26T07:30:00Z,2026-05-26T09:30:00+0200,47595.5,MW,FR,FR,actual_load,Actual Load,2026-06-19T10:14:15Z
2026-06-19T10:13:32Z,2026-06-19T12:13:32+0200,883e5adc-9734-481d-ba75-ca4b61ed39d5,2026-05-26T07:45:00Z,2026-05-26T09:45:00+0200,47801.08,MW,FR,FR,actual_load,Actual Load,2026-06-19T10:14:15Z
2026-06-19T10:13:32Z,2026-06-19T12:13:32+0200,883e5adc-9734-481d-ba75-ca4b61ed39d5,2026-05-26T08:00:00Z,2026-05-26T10:00:00+0200,48199.02,MW,FR,FR,actual_load,Actual Load,2026-06-19T10:14:15Z
2026-06-19T10:13:32Z,2026-06-19T12:13:32+0200,883e5adc-9734-481d-ba75-ca4b61ed39d5,2026-05-26T08:15:00Z,2026-05-26T10:15:00+0200,48577.15,MW,FR,FR,actual_load,Actual Load,2026-06-19T10:14:15Z
2026-06-19T10:13:32Z,2026-06-19T12:13:32+0200,883e5adc-9734-481d-ba75-ca4b61ed39d5,2026-05-26T08:30:00Z,2026-05-26T10:30:00+0200,48885.16,MW,FR,FR,actual_load,Actual Load,2026-06-19T10:14:15Z
2026-06-19T10:13:32Z,2026-06-19T12:13:32+0200,883e5adc-9734-481d-ba75-ca4b61ed39d5,2026-05-26T08:45:00Z,2026-05-26T10:45:00+0200,49157.93,MW,FR,FR,actual_load,Actual Load,2026-06-19T10:14:15Z
2026-06-19T10:13:32Z,2026-06-19T12:13:32+0200,883e5adc-9734-481d-ba75-ca4b61ed39d5,2026-05-26T09:00:00Z,2026-05-26T11:00:00+0200,49336.88,MW,FR,FR,actual_load,Actual Load,2026-06-19T10:14:15Z
2026-06-19T10:13:32Z,2026-06-19T12:13:32+0200,883e5adc-9734-481d-ba75-ca4b61ed39d5,2026-05-26T09:15:00Z,2026-05-26T11:15:00+0200,49561.43,MW,FR,FR,actual_load,Actual Load,2026-06-19T10:14:15Z
2026-06-19T10:13:32Z,2026-06-19T12:13:32+0200,883e5adc-9734-481d-ba75-ca4b61ed39d5,2026-05-26T09:30:00Z,2026-05-26T11:30:00+0200,49818.57,MW,FR,FR,actual_load,Actual Load,2026-06-19T10:14:15Z
2026-06-19T10:13:32Z,2026-06-19T12:13:32+0200,883e5adc-9734-481d-ba75-ca4b61ed39d5,2026-05-26T09:45:00Z,2026-05-26T11:45:00+0200,50373.91,MW,FR,FR,actual_load,Actual Load,2026-06-19T10:14:15Z
2026-06-19T10:13:32Z,2026-06-19T12:13:32+0200,883e5adc-9734-481d-ba75-ca4b61ed39d5,2026-05-26T10:00:00Z,2026-05-26T12:00:00+0200,50726.86,MW,FR,FR,actual_load,Actual Load,2026-06-19T10:14:15Z
2026-06-19T10:13:32Z,2026-06-19T12:13:32+0200,883e5adc-9734-481d-ba75-ca4b61ed39d5,2026-05-26T10:15:00Z,2026-05-26T12:15:00+0200,50830.41,MW,FR,FR,actual_load,Actual Load,2026-06-19T10:14:15Z
2026-06-19T10:13:32Z,2026-06-19T12:13:32+0200,883e5adc-9734-481d-ba75-ca4b61ed39d5,2026-05-26T10:30:00Z,2026-05-26T12:30:00+0200,51333.67,MW,FR,FR,actual_load,Actual Load,2026-06-19T10:14:15Z
2026-06-19T10:13:32Z,2026-06-19T12:13:32+0200,883e5adc-9734-481d-ba75-ca4b61ed39d5,2026-05-26T10:45:00Z,2026-05-26T12:45:00+0200,51205.07,MW,FR,FR,actual_load,Actual Load,2026-06-19T10:14:15Z
2026-06-19T10:13:32Z,2026-06-19T12:13:32+0200,883e5adc-9734-481d-ba75-ca4b61ed39d5,2026-05-26T11:00:00Z,2026-05-26T13:00:00+0200,50878.95,MW,FR,FR,actual_load,Actual Load,2026-06-19T10:14:15Z
2026-06-19T10:13:32Z,2026-06-19T12:13:32+0200,883e5adc-9734-481d-ba75-ca4b61ed39d5,2026-05-26T11:15:00Z,2026-05-26T13:15:00+0200,50286.2,MW,FR,FR,actual_load,Actual Load,2026-06-19T10:14:15Z
2026-06-19T10:13:32Z,2026-06-19T12:13:32+0200,883e5adc-9734-481d-ba75-ca4b61ed39d5,2026-05-26T11:30:00Z,2026-05-26T13:30:00+0200,50230.94,MW,FR,FR,actual_load,Actual Load,2026-06-19T10:14:15Z
2026-06-19T10:13:32Z,2026-06-19T12:13:32+0200,883e5adc-9734-481d-ba75-ca4b61ed39d5,2026-05-26T11:45:00Z,2026-05-26T13:45:00+0200,50236.17,MW,FR,FR,actual_load,Actual Load,2026-06-19T10:14:15Z
2026-06-19T10:13:32Z,2026-06-19T12:13:32+0200,883e5adc-9734-481d-ba75-ca4b61ed39d5,2026-05-26T12:00:00Z,2026-05-26T14:00:00+0200,51365.98,MW,FR,FR,actual_load,Actual Load,2026-06-19T10:14:15Z
2026-06-19T10:13:32Z,2026-06-19T12:13:32+0200,883e5adc-9734-481d-ba75-ca4b61ed39d5,2026-05-26T12:15:00Z,2026-05-26T14:15:00+0200,51327.48,MW,FR,FR,actual_load,Actual Load,2026-06-19T10:14:15Z
2026-06-19T10:13:32Z,2026-06-19T12:13:32+0200,883e5adc-9734-481d-ba75-ca4b61ed39d5,2026-05-26T12:30:00Z,2026-05-26T14:30:00+0200,51135.71,MW,FR,FR,actual_load,Actual Load,2026-06-19T10:14:15Z
2026-06-19T10:13:32Z,2026-06-19T12:13:32+0200,883e5adc-9734-481d-ba75-ca4b61ed39d5,2026-05-26T12:45:00Z,2026-05-26T14:45:00+0200,50770.16,MW,FR,FR,actual_load,Actual Load,2026-06-19T10:14:15Z
2026-06-19T10:13:32Z,2026-06-19T12:13:32+0200,883e5adc-9734-481d-ba75-ca4b61ed39d5,2026-05-26T13:00:00Z,2026-05-26T15:00:00+0200,51364.37,MW,FR,FR,actual_load,Actual Load,2026-06-19T10:14:15Z
2026-06-19T10:13:32Z,2026-06-19T12:13:32+0200,883e5adc-9734-481d-ba75-ca4b61ed39d5,2026-05-26T13:15:00Z,2026-05-26T15:15:00+0200,50868.14,MW,FR,FR,actual_load,Actual Load,2026-06-19T10:14:15Z
2026-06-19T10:13:32Z,2026-06-19T12:13:32+0200,883e5adc-9734-481d-ba75-ca4b61ed39d5,2026-05-26T13:30:00Z,2026-05-26T15:30:00+0200,50496.72,MW,FR,FR,actual_load,Actual Load,2026-06-19T10:14:15Z
2026-06-19T10:13:32Z,2026-06-19T12:13:32+0200,883e5adc-9734-481d-ba75-ca4b61ed39d5,2026-05-26T13:45:00Z,2026-05-26T15:45:00+0200,49723.14,MW,FR,FR,actual_load,Actual Load,2026-06-19T10:14:15Z
2026-06-19T10:13:32Z,2026-06-19T12:13:32+0200,883e5adc-9734-481d-ba75-ca4b61ed39d5,2026-05-26T14:00:00Z,2026-05-26T16:00:00+0200,49600.0,MW,FR,FR,actual_load,Actual Load,2026-06-19T10:14:15Z
2026-06-19T10:13:32Z,2026-06-19T12:13:32+0200,883e5adc-9734-481d-ba75-ca4b61ed39d5,2026-05-26T14:15:00Z,2026-05-26T16:15:00+0200,49524.63,MW,FR,FR,actual_load,Actual Load,2026-06-19T10:14:15Z
2026-06-19T10:13:32Z,2026-06-19T12:13:32+0200,883e5adc-9734-481d-ba75-ca4b61ed39d5,2026-05-26T14:30:00Z,2026-05-26T16:30:00+0200,49277.63,MW,FR,FR,actual_load,Actual Load,2026-06-19T10:14:15Z
2026-06-19T10:13:32Z,2026-06-19T12:13:32+0200,883e5adc-9734-481d-ba75-ca4b61ed39d5,2026-05-26T14:45:00Z,2026-05-26T16:45:00+0200,49115.09,MW,FR,FR,actual_load,Actual Load,2026-06-19T10:14:15Z
2026-06-19T10:13:32Z,2026-06-19T12:13:32+0200,883e5adc-9734-481d-ba75-ca4b61ed39d5,2026-05-26T15:00:00Z,2026-05-26T17:00:00+0200,49245.32,MW,FR,FR,actual_load,Actual Load,2026-06-19T10:14:15Z
2026-06-19T10:13:32Z,2026-06-19T12:13:32+0200,883e5adc-9734-481d-ba75-ca4b61ed39d5,2026-05-26T15:15:00Z,2026-05-26T17:15:00+0200,49376.78,MW,FR,FR,actual_load,Actual Load,2026-06-19T10:14:15Z
2026-06-19T10:13:32Z,2026-06-19T12:13:32+0200,883e5adc-9734-481d-ba75-ca4b61ed39d5,2026-05-26T15:30:00Z,2026-05-26T17:30:00+0200,49636.69,MW,FR,FR,actual_load,Actual Load,2026-06-19T10:14:15Z
2026-06-19T10:13:32Z,2026-06-19T12:13:32+0200,883e5adc-9734-481d-ba75-ca4b61ed39d5,2026-05-26T15:45:00Z,2026-05-26T17:45:00+0200,50013.21,MW,FR,FR,actual_load,Actual Load,2026-06-19T10:14:15Z
2026-06-19T10:13:32Z,2026-06-19T12:13:32+0200,883e5adc-9734-481d-ba75-ca4b61ed39d5,2026-05-26T16:00:00Z,2026-05-26T18:00:00+0200,50038.85,MW,FR,FR,actual_load,Actual Load,2026-06-19T10:14:15Z
2026-06-19T10:13:32Z,2026-06-19T12:13:32+0200,883e5adc-9734-481d-ba75-ca4b61ed39d5,2026-05-26T16:15:00Z,2026-05-26T18:15:00+0200,50520.66,MW,FR,FR,actual_load,Actual Load,2026-06-19T10:14:15Z
2026-06-19T10:13:32Z,2026-06-19T12:13:32+0200,883e5adc-9734-481d-ba75-ca4b61ed39d5,2026-05-26T16:30:00Z,2026-05-26T18:30:00+0200,50929.49,MW,FR,FR,actual_load,Actual Load,2026-06-19T10:14:15Z
2026-06-19T10:13:32Z,2026-06-19T12:13:32+0200,883e5adc-9734-481d-ba75-ca4b61ed39d5,2026-05-26T16:45:00Z,2026-05-26T18:45:00+0200,51282.78,MW,FR,FR,actual_load,Actual Load,2026-06-19T10:14:15Z
2026-06-19T10:13:32Z,2026-06-19T12:13:32+0200,883e5adc-9734-481d-ba75-ca4b61ed39d5,2026-05-26T17:00:00Z,2026-05-26T19:00:00+0200,51519.24,MW,FR,FR,actual_load,Actual Load,2026-06-19T10:14:15Z
2026-06-19T10:13:32Z,2026-06-19T12:13:32+0200,883e5adc-9734-481d-ba75-ca4b61ed39d5,2026-05-26T17:15:00Z,2026-05-26T19:15:00+0200,51362.6,MW,FR,FR,actual_load,Actual Load,2026-06-19T10:14:15Z
2026-06-19T10:13:32Z,2026-06-19T12:13:32+0200,883e5adc-9734-481d-ba75-ca4b61ed39d5,2026-05-26T17:30:00Z,2026-05-26T19:30:00+0200,51193.02,MW,FR,FR,actual_load,Actual Load,2026-06-19T10:14:15Z
2026-06-19T10:13:32Z,2026-06-19T12:13:32+0200,883e5adc-9734-481d-ba75-ca4b61ed39d5,2026-05-26T17:45:00Z,2026-05-26T19:45:00+0200,50703.4,MW,FR,FR,actual_load,Actual Load,2026-06-19T10:14:15Z
2026-06-19T10:13:32Z,2026-06-19T12:13:32+0200,883e5adc-9734-481d-ba75-ca4b61ed39d5,2026-05-26T18:00:00Z,2026-05-26T20:00:00+0200,49965.14,MW,FR,FR,actual_load,Actual Load,2026-06-19T10:14:15Z
2026-06-19T10:13:32Z,2026-06-19T12:13:32+0200,883e5adc-9734-481d-ba75-ca4b61ed39d5,2026-05-26T18:15:00Z,2026-05-26T20:15:00+0200,49394.1,MW,FR,FR,actual_load,Actual Load,2026-06-19T10:14:15Z
2026-06-19T10:13:32Z,2026-06-19T12:13:32+0200,883e5adc-9734-481d-ba75-ca4b61ed39d5,2026-05-26T18:30:00Z,2026-05-26T20:30:00+0200,48664.96,MW,FR,FR,actual_load,Actual Load,2026-06-19T10:14:15Z
2026-06-19T10:13:32Z,2026-06-19T12:13:32+0200,883e5adc-9734-481d-ba75-ca4b61ed39d5,2026-05-26T18:45:00Z,2026-05-26T20:45:00+0200,48034.71,MW,FR,FR,actual_load,Actual Load,2026-06-19T10:14:15Z
2026-06-19T10:13:32Z,2026-06-19T12:13:32+0200,883e5adc-9734-481d-ba75-ca4b61ed39d5,2026-05-26T19:00:00Z,2026-05-26T21:00:00+0200,47588.13,MW,FR,FR,actual_load,Actual Load,2026-06-19T10:14:15Z
2026-06-19T10:13:32Z,2026-06-19T12:13:32+0200,883e5adc-9734-481d-ba75-ca4b61ed39d5,2026-05-26T19:15:00Z,2026-05-26T21:15:00+0200,47089.55,MW,FR,FR,actual_load,Actual Load,2026-06-19T10:14:15Z
2026-06-19T10:13:32Z,2026-06-19T12:13:32+0200,883e5adc-9734-481d-ba75-ca4b61ed39d5,2026-05-26T19:30:00Z,2026-05-26T21:30:00+0200,46922.4,MW,FR,FR,actual_load,Actual Load,2026-06-19T10:14:15Z
2026-06-19T10:13:32Z,2026-06-19T12:13:32+0200,883e5adc-9734-481d-ba75-ca4b61ed39d5,2026-05-26T19:45:00Z,2026-05-26T21:45:00+0200,46642.28,MW,FR,FR,actual_load,Actual Load,2026-06-19T10:14:15Z
2026-06-19T10:13:32Z,2026-06-19T12:13:32+0200,883e5adc-9734-481d-ba75-ca4b61ed39d5,2026-05-26T20:00:00Z,2026-05-26T22:00:00+0200,47506.27,MW,FR,FR,actual_load,Actual Load,2026-06-19T10:14:15Z
2026-06-19T10:13:32Z,2026-06-19T12:13:32+0200,883e5adc-9734-481d-ba75-ca4b61ed39d5,2026-05-26T20:15:00Z,2026-05-26T22:15:00+0200,47277.46,MW,FR,FR,actual_load,Actual Load,2026-06-19T10:14:15Z
2026-06-19T10:13:32Z,2026-06-19T12:13:32+0200,883e5adc-9734-481d-ba75-ca4b61ed39d5,2026-05-26T20:30:00Z,2026-05-26T22:30:00+0200,48224.66,MW,FR,FR,actual_load,Actual Load,2026-06-19T10:14:15Z
2026-06-19T10:13:32Z,2026-06-19T12:13:32+0200,883e5adc-9734-481d-ba75-ca4b61ed39d5,2026-05-26T20:45:00Z,2026-05-26T22:45:00+0200,47418.57,MW,FR,FR,actual_load,Actual Load,2026-06-19T10:14:15Z
2026-06-19T10:13:32Z,2026-06-19T12:13:32+0200,883e5adc-9734-481d-ba75-ca4b61ed39d5,2026-05-26T21:00:00Z,2026-05-26T23:00:00+0200,47196.82,MW,FR,FR,actual_load,Actual Load,2026-06-19T10:14:15Z
2026-06-19T10:13:32Z,2026-06-19T12:13:32+0200,883e5adc-9734-481d-ba75-ca4b61ed39d5,2026-05-26T21:15:00Z,2026-05-26T23:15:00+0200,46026.84,MW,FR,FR,actual_load,Actual Load,2026-06-19T10:14:15Z
2026-06-19T10:13:32Z,2026-06-19T12:13:32+0200,883e5adc-9734-481d-ba75-ca4b61ed39d5,2026-05-26T21:30:00Z,2026-05-26T23:30:00+0200,46293.38,MW,FR,FR,actual_load,Actual Load,2026-06-19T10:14:15Z
2026-06-19T10:13:32Z,2026-06-19T12:13:32+0200,883e5adc-9734-481d-ba75-ca4b61ed39d5,2026-05-26T21:45:00Z,2026-05-26T23:45:00+0200,45239.52,MW,FR,FR,actual_load,Actual Load,2026-06-19T10:14:15Z
2026-06-19T10:13:32Z,2026-06-19T12:13:32+0200,883e5adc-9734-481d-ba75-ca4b61ed39d5,2026-05-26T22:00:00Z,2026-05-27T00:00:00+0200,44904.72,MW,FR,FR,actual_load,Actual Load,2026-06-19T10:14:15Z
2026-06-19T10:13:32Z,2026-06-19T12:13:32+0200,883e5adc-9734-481d-ba75-ca4b61ed39d5,2026-05-26T22:15:00Z,2026-05-27T00:15:00+0200,43745.34,MW,FR,FR,actual_load,Actual Load,2026-06-19T10:14:15Z
2026-06-19T10:13:32Z,2026-06-19T12:13:32+0200,883e5adc-9734-481d-ba75-ca4b61ed39d5,2026-05-26T22:30:00Z,2026-05-27T00:30:00+0200,42282.39,MW,FR,FR,actual_load,Actual Load,2026-06-19T10:14:15Z
2026-06-19T10:13:32Z,2026-06-19T12:13:32+0200,883e5adc-9734-481d-ba75-ca4b61ed39d5,2026-05-26T22:45:00Z,2026-05-27T00:45:00+0200,41117.52,MW,FR,FR,actual_load,Actual Load,2026-06-19T10:14:15Z
2026-06-19T10:13:32Z,2026-06-19T12:13:32+0200,883e5adc-9734-481d-ba75-ca4b61ed39d5,2026-05-26T23:00:00Z,2026-05-27T01:00:00+0200,41295.3,MW,FR,FR,actual_load,Actual Load,2026-06-19T10:14:15Z
2026-06-19T10:13:32Z,2026-06-19T12:13:32+0200,883e5adc-9734-481d-ba75-ca4b61ed39d5,2026-05-26T23:15:00Z,2026-05-27T01:15:00+0200,40543.62,MW,FR,FR,actual_load,Actual Load,2026-06-19T10:14:15Z
2026-06-19T10:13:32Z,2026-06-19T12:13:32+0200,883e5adc-9734-481d-ba75-ca4b61ed39d5,2026-05-26T23:30:00Z,2026-05-27T01:30:00+0200,40508.57,MW,FR,FR,actual_load,Actual Load,2026-06-19T10:14:15Z
2026-06-19T10:13:32Z,2026-06-19T12:13:32+0200,883e5adc-9734-481d-ba75-ca4b61ed39d5,2026-05-26T23:45:00Z,2026-05-27T01:45:00+0200,39724.1,MW,FR,FR,actual_load,Actual Load,2026-06-19T10:14:15Z
2026-06-19T10:13:32Z,2026-06-19T12:13:32+0200,883e5adc-9734-481d-ba75-ca4b61ed39d5,2026-05-27T00:00:00Z,2026-05-27T02:00:00+0200,39368.87,MW,FR,FR,actual_load,Actual Load,2026-06-19T10:14:15Z
2026-06-19T10:13:32Z,2026-06-19T12:13:32+0200,883e5adc-9734-481d-ba75-ca4b61ed39d5,2026-05-27T00:15:00Z,2026-05-27T02:15:00+0200,38415.23,MW,FR,FR,actual_load,Actual Load,2026-06-19T10:14:15Z
2026-06-19T10:13:32Z,2026-06-19T12:13:32+0200,883e5adc-9734-481d-ba75-ca4b61ed39d5,2026-05-27T00:30:00Z,2026-05-27T02:30:00+0200,37742.0,MW,FR,FR,actual_load,Actual Load,2026-06-19T10:14:15Z
2026-06-19T10:13:32Z,2026-06-19T12:13:32+0200,883e5adc-9734-481d-ba75-ca4b61ed39d5,2026-05-27T00:45:00Z,2026-05-27T02:45:00+0200,36962.84,MW,FR,FR,actual_load,Actual Load,2026-06-19T10:14:15Z
2026-06-19T10:13:32Z,2026-06-19T12:13:32+0200,883e5adc-9734-481d-ba75-ca4b61ed39d5,2026-05-27T01:00:00Z,2026-05-27T03:00:00+0200,36534.39,MW,FR,FR,actual_load,Actual Load,2026-06-19T10:14:15Z
2026-06-19T10:13:32Z,2026-06-19T12:13:32+0200,883e5adc-9734-481d-ba75-ca4b61ed39d5,2026-05-27T01:15:00Z,2026-05-27T03:15:00+0200,36082.12,MW,FR,FR,actual_load,Actual Load,2026-06-19T10:14:15Z
2026-06-19T10:13:32Z,2026-06-19T12:13:32+0200,883e5adc-9734-481d-ba75-ca4b61ed39d5,2026-05-27T01:30:00Z,2026-05-27T03:30:00+0200,35908.02,MW,FR,FR,actual_load,Actual Load,2026-06-19T10:14:15Z
2026-06-19T10:13:32Z,2026-06-19T12:13:32+0200,883e5adc-9734-481d-ba75-ca4b61ed39d5,2026-05-27T01:45:00Z,2026-05-27T03:45:00+0200,35537.05,MW,FR,FR,actual_load,Actual Load,2026-06-19T10:14:15Z
2026-06-19T10:13:32Z,2026-06-19T12:13:32+0200,883e5adc-9734-481d-ba75-ca4b61ed39d5,2026-05-27T02:00:00Z,2026-05-27T04:00:00+0200,35498.27,MW,FR,FR,actual_load,Actual Load,2026-06-19T10:14:15Z
2026-06-19T10:13:32Z,2026-06-19T12:13:32+0200,883e5adc-9734-481d-ba75-ca4b61ed39d5,2026-05-27T02:15:00Z,2026-05-27T04:15:00+0200,35445.06,MW,FR,FR,actual_load,Actual Load,2026-06-19T10:14:15Z
2026-06-19T10:13:32Z,2026-06-19T12:13:32+0200,883e5adc-9734-481d-ba75-ca4b61ed39d5,2026-05-27T02:30:00Z,2026-05-27T04:30:00+0200,35430.36,MW,FR,FR,actual_load,Actual Load,2026-06-19T10:14:15Z
2026-06-19T10:13:32Z,2026-06-19T12:13:32+0200,883e5adc-9734-481d-ba75-ca4b61ed39d5,2026-05-27T02:45:00Z,2026-05-27T04:45:00+0200,35519.8,MW,FR,FR,actual_load,Actual Load,2026-06-19T10:14:15Z
2026-06-19T10:13:32Z,2026-06-19T12:13:32+0200,883e5adc-9734-481d-ba75-ca4b61ed39d5,2026-05-27T03:00:00Z,2026-05-27T05:00:00+0200,36131.3,MW,FR,FR,actual_load,Actual Load,2026-06-19T10:14:15Z
2026-06-19T10:13:32Z,2026-06-19T12:13:32+0200,883e5adc-9734-481d-ba75-ca4b61ed39d5,2026-05-27T03:15:00Z,2026-05-27T05:15:00+0200,36627.47,MW,FR,FR,actual_load,Actual Load,2026-06-19T10:14:15Z
2026-06-19T10:13:32Z,2026-06-19T12:13:32+0200,883e5adc-9734-481d-ba75-ca4b61ed39d5,2026-05-27T03:30:00Z,2026-05-27T05:30:00+0200,37089.12,MW,FR,FR,actual_load,Actual Load,2026-06-19T10:14:15Z
2026-06-19T10:13:32Z,2026-06-19T12:13:32+0200,883e5adc-9734-481d-ba75-ca4b61ed39d5,2026-05-27T03:45:00Z,2026-05-27T05:45:00+0200,37564.98,MW,FR,FR,actual_load,Actual Load,2026-06-19T10:14:15Z
2026-06-19T10:13:32Z,2026-06-19T12:13:32+0200,883e5adc-9734-481d-ba75-ca4b61ed39d5,2026-05-27T04:00:00Z,2026-05-27T06:00:00+0200,38437.16,MW,FR,FR,actual_load,Actual Load,2026-06-19T10:14:15Z
2026-06-19T10:13:32Z,2026-06-19T12:13:32+0200,883e5adc-9734-481d-ba75-ca4b61ed39d5,2026-05-27T04:15:00Z,2026-05-27T06:15:00+0200,39152.85,MW,FR,FR,actual_load,Actual Load,2026-06-19T10:14:15Z
2026-06-19T10:13:32Z,2026-06-19T12:13:32+0200,883e5adc-9734-481d-ba75-ca4b61ed39d5,2026-05-27T04:30:00Z,2026-05-27T06:30:00+0200,40066.93,MW,FR,FR,actual_load,Actual Load,2026-06-19T10:14:15Z
2026-06-19T10:13:32Z,2026-06-19T12:13:32+0200,883e5adc-9734-481d-ba75-ca4b61ed39d5,2026-05-27T04:45:00Z,2026-05-27T06:45:00+0200,40839.22,MW,FR,FR,actual_load,Actual Load,2026-06-19T10:14:15Z
2026-06-19T10:13:32Z,2026-06-19T12:13:32+0200,883e5adc-9734-481d-ba75-ca4b61ed39d5,2026-05-27T05:00:00Z,2026-05-27T07:00:00+0200,41729.5,MW,FR,FR,actual_load,Actual Load,2026-06-19T10:14:15Z
2026-06-19T10:13:32Z,2026-06-19T12:13:32+0200,883e5adc-9734-481d-ba75-ca4b61ed39d5,2026-05-27T05:15:00Z,2026-05-27T07:15:00+0200,42565.25,MW,FR,FR,actual_load,Actual Load,2026-06-19T10:14:15Z
2026-06-19T10:13:32Z,2026-06-19T12:13:32+0200,883e5adc-9734-481d-ba75-ca4b61ed39d5,2026-05-27T05:30:00Z,2026-05-27T07:30:00+0200,43177.03,MW,FR,FR,actual_load,Actual Load,2026-06-19T10:14:15Z
2026-06-19T10:13:32Z,2026-06-19T12:13:32+0200,883e5adc-9734-481d-ba75-ca4b61ed39d5,2026-05-27T05:45:00Z,2026-05-27T07:45:00+0200,43917.36,MW,FR,FR,actual_load,Actual Load,2026-06-19T10:14:15Z
2026-06-19T10:13:32Z,2026-06-19T12:13:32+0200,883e5adc-9734-481d-ba75-ca4b61ed39d5,2026-05-27T06:00:00Z,2026-05-27T08:00:00+0200,44790.96,MW,FR,FR,actual_load,Actual Load,2026-06-19T10:14:15Z
2026-06-19T10:13:32Z,2026-06-19T12:13:32+0200,883e5adc-9734-481d-ba75-ca4b61ed39d5,2026-05-27T06:15:00Z,2026-05-27T08:15:00+0200,45645.11,MW,FR,FR,actual_load,Actual Load,2026-06-19T10:14:15Z
2026-06-19T10:13:32Z,2026-06-19T12:13:32+0200,883e5adc-9734-481d-ba75-ca4b61ed39d5,2026-05-27T06:30:00Z,2026-05-27T08:30:00+0200,46297.39,MW,FR,FR,actual_load,Actual Load,2026-06-19T10:14:15Z
2026-06-19T10:13:32Z,2026-06-19T12:13:32+0200,883e5adc-9734-481d-ba75-ca4b61ed39d5,2026-05-27T06:45:00Z,2026-05-27T08:45:00+0200,46768.85,MW,FR,FR,actual_load,Actual Load,2026-06-19T10:14:15Z
2026-06-19T10:13:32Z,2026-06-19T12:13:32+0200,883e5adc-9734-481d-ba75-ca4b61ed39d5,2026-05-27T07:00:00Z,2026-05-27T09:00:00+0200,47340.39,MW,FR,FR,actual_load,Actual Load,2026-06-19T10:14:15Z
2026-06-19T10:13:32Z,2026-06-19T12:13:32+0200,883e5adc-9734-481d-ba75-ca4b61ed39d5,2026-05-27T07:15:00Z,2026-05-27T09:15:00+0200,47887.74,MW,FR,FR,actual_load,Actual Load,2026-06-19T10:14:15Z
2026-06-19T10:13:32Z,2026-06-19T12:13:32+0200,883e5adc-9734-481d-ba75-ca4b61ed39d5,2026-05-27T07:30:00Z,2026-05-27T09:30:00+0200,48213.86,MW,FR,FR,actual_load,Actual Load,2026-06-19T10:14:15Z
2026-06-19T10:13:32Z,2026-06-19T12:13:32+0200,883e5adc-9734-481d-ba75-ca4b61ed39d5,2026-05-27T07:45:00Z,2026-05-27T09:45:00+0200,48427.03,MW,FR,FR,actual_load,Actual Load,2026-06-19T10:14:15Z
2026-06-19T10:13:32Z,2026-06-19T12:13:32+0200,883e5adc-9734-481d-ba75-ca4b61ed39d5,2026-05-27T08:00:00Z,2026-05-27T10:00:00+0200,48932.73,MW,FR,FR,actual_load,Actual Load,2026-06-19T10:14:15Z
2026-06-19T10:13:32Z,2026-06-19T12:13:32+0200,883e5adc-9734-481d-ba75-ca4b61ed39d5,2026-05-27T08:15:00Z,2026-05-27T10:15:00+0200,49169.75,MW,FR,FR,actual_load,Actual Load,2026-06-19T10:14:15Z
2026-06-19T10:13:32Z,2026-06-19T12:13:32+0200,883e5adc-9734-481d-ba75-ca4b61ed39d5,2026-05-27T08:30:00Z,2026-05-27T10:30:00+0200,49035.34,MW,FR,FR,actual_load,Actual Load,2026-06-19T10:14:15Z
2026-06-19T10:13:32Z,2026-06-19T12:13:32+0200,883e5adc-9734-481d-ba75-ca4b61ed39d5,2026-05-27T08:45:00Z,2026-05-27T10:45:00+0200,49323.59,MW,FR,FR,actual_load,Actual Load,2026-06-19T10:14:15Z
2026-06-19T10:13:32Z,2026-06-19T12:13:32+0200,883e5adc-9734-481d-ba75-ca4b61ed39d5,2026-05-27T09:00:00Z,2026-05-27T11:00:00+0200,49694.66,MW,FR,FR,actual_load,Actual Load,2026-06-19T10:14:15Z
2026-06-19T10:13:32Z,2026-06-19T12:13:32+0200,883e5adc-9734-481d-ba75-ca4b61ed39d5,2026-05-27T09:15:00Z,2026-05-27T11:15:00+0200,49861.12,MW,FR,FR,actual_load,Actual Load,2026-06-19T10:14:15Z
2026-06-19T10:13:32Z,2026-06-19T12:13:32+0200,883e5adc-9734-481d-ba75-ca4b61ed39d5,2026-05-27T09:30:00Z,2026-05-27T11:30:00+0200,50091.72,MW,FR,FR,actual_load,Actual Load,2026-06-19T10:14:15Z
2026-06-19T10:13:32Z,2026-06-19T12:13:32+0200,883e5adc-9734-481d-ba75-ca4b61ed39d5,2026-05-27T09:45:00Z,2026-05-27T11:45:00+0200,50577.1,MW,FR,FR,actual_load,Actual Load,2026-06-19T10:14:15Z
2026-06-19T10:13:32Z,2026-06-19T12:13:32+0200,883e5adc-9734-481d-ba75-ca4b61ed39d5,2026-05-27T10:00:00Z,2026-05-27T12:00:00+0200,50815.57,MW,FR,FR,actual_load,Actual Load,2026-06-19T10:14:15Z
2026-06-19T10:13:32Z,2026-06-19T12:13:32+0200,883e5adc-9734-481d-ba75-ca4b61ed39d5,2026-05-27T10:15:00Z,2026-05-27T12:15:00+0200,51012.14,MW,FR,FR,actual_load,Actual Load,2026-06-19T10:14:15Z
2026-06-19T10:13:32Z,2026-06-19T12:13:32+0200,883e5adc-9734-481d-ba75-ca4b61ed39d5,2026-05-27T10:30:00Z,2026-05-27T12:30:00+0200,51506.85,MW,FR,FR,actual_load,Actual Load,2026-06-19T10:14:15Z
2026-06-19T10:13:32Z,2026-06-19T12:13:32+0200,883e5adc-9734-481d-ba75-ca4b61ed39d5,2026-05-27T10:45:00Z,2026-05-27T12:45:00+0200,51113.2,MW,FR,FR,actual_load,Actual Load,2026-06-19T10:14:15Z
2026-06-19T10:13:32Z,2026-06-19T12:13:32+0200,883e5adc-9734-481d-ba75-ca4b61ed39d5,2026-05-27T11:00:00Z,2026-05-27T13:00:00+0200,50882.8,MW,FR,FR,actual_load,Actual Load,2026-06-19T10:14:15Z
2026-06-19T10:13:32Z,2026-06-19T12:13:32+0200,883e5adc-9734-481d-ba75-ca4b61ed39d5,2026-05-27T11:15:00Z,2026-05-27T13:15:00+0200,50276.29,MW,FR,FR,actual_load,Actual Load,2026-06-19T10:14:15Z
2026-06-19T10:13:32Z,2026-06-19T12:13:32+0200,883e5adc-9734-481d-ba75-ca4b61ed39d5,2026-05-27T11:30:00Z,2026-05-27T13:30:00+0200,49521.01,MW,FR,FR,actual_load,Actual Load,2026-06-19T10:14:15Z
2026-06-19T10:13:32Z,2026-06-19T12:13:32+0200,883e5adc-9734-481d-ba75-ca4b61ed39d5,2026-05-27T11:45:00Z,2026-05-27T13:45:00+0200,49841.13,MW,FR,FR,actual_load,Actual Load,2026-06-19T10:14:15Z
2026-06-19T10:13:32Z,2026-06-19T12:13:32+0200,883e5adc-9734-481d-ba75-ca4b61ed39d5,2026-05-27T12:00:00Z,2026-05-27T14:00:00+0200,50873.98,MW,FR,FR,actual_load,Actual Load,2026-06-19T10:14:15Z
2026-06-19T10:13:32Z,2026-06-19T12:13:32+0200,883e5adc-9734-481d-ba75-ca4b61ed39d5,2026-05-27T12:15:00Z,2026-05-27T14:15:00+0200,50809.79,MW,FR,FR,actual_load,Actual Load,2026-06-19T10:14:15Z
2026-06-19T10:13:32Z,2026-06-19T12:13:32+0200,883e5adc-9734-481d-ba75-ca4b61ed39d5,2026-05-27T12:30:00Z,2026-05-27T14:30:00+0200,50722.92,MW,FR,FR,actual_load,Actual Load,2026-06-19T10:14:15Z
2026-06-19T10:13:32Z,2026-06-19T12:13:32+0200,883e5adc-9734-481d-ba75-ca4b61ed39d5,2026-05-27T12:45:00Z,2026-05-27T14:45:00+0200,50189.62,MW,FR,FR,actual_load,Actual Load,2026-06-19T10:14:15Z
2026-06-19T10:13:32Z,2026-06-19T12:13:32+0200,883e5adc-9734-481d-ba75-ca4b61ed39d5,2026-05-27T13:00:00Z,2026-05-27T15:00:00+0200,51691.16,MW,FR,FR,actual_load,Actual Load,2026-06-19T10:14:15Z
2026-06-19T10:13:32Z,2026-06-19T12:13:32+0200,883e5adc-9734-481d-ba75-ca4b61ed39d5,2026-05-27T13:15:00Z,2026-05-27T15:15:00+0200,50911.95,MW,FR,FR,actual_load,Actual Load,2026-06-19T10:14:15Z
2026-06-19T10:13:32Z,2026-06-19T12:13:32+0200,883e5adc-9734-481d-ba75-ca4b61ed39d5,2026-05-27T13:30:00Z,2026-05-27T15:30:00+0200,50257.77,MW,FR,FR,actual_load,Actual Load,2026-06-19T10:14:15Z
2026-06-19T10:13:32Z,2026-06-19T12:13:32+0200,883e5adc-9734-481d-ba75-ca4b61ed39d5,2026-05-27T13:45:00Z,2026-05-27T15:45:00+0200,49826.08,MW,FR,FR,actual_load,Actual Load,2026-06-19T10:14:15Z
2026-06-19T10:13:32Z,2026-06-19T12:13:32+0200,883e5adc-9734-481d-ba75-ca4b61ed39d5,2026-05-27T14:00:00Z,2026-05-27T16:00:00+0200,49503.17,MW,FR,FR,actual_load,Actual Load,2026-06-19T10:14:15Z
2026-06-19T10:13:32Z,2026-06-19T12:13:32+0200,883e5adc-9734-481d-ba75-ca4b61ed39d5,2026-05-27T14:15:00Z,2026-05-27T16:15:00+0200,49392.31,MW,FR,FR,actual_load,Actual Load,2026-06-19T10:14:15Z
2026-06-19T10:13:32Z,2026-06-19T12:13:32+0200,883e5adc-9734-481d-ba75-ca4b61ed39d5,2026-05-27T14:30:00Z,2026-05-27T16:30:00+0200,49362.79,MW,FR,FR,actual_load,Actual Load,2026-06-19T10:14:15Z
2026-06-19T10:13:32Z,2026-06-19T12:13:32+0200,883e5adc-9734-481d-ba75-ca4b61ed39d5,2026-05-27T14:45:00Z,2026-05-27T16:45:00+0200,49088.66,MW,FR,FR,actual_load,Actual Load,2026-06-19T10:14:15Z
2026-06-19T10:13:32Z,2026-06-19T12:13:32+0200,883e5adc-9734-481d-ba75-ca4b61ed39d5,2026-05-27T15:00:00Z,2026-05-27T17:00:00+0200,49054.6,MW,FR,FR,actual_load,Actual Load,2026-06-19T10:14:15Z
2026-06-19T10:13:32Z,2026-06-19T12:13:32+0200,883e5adc-9734-481d-ba75-ca4b61ed39d5,2026-05-27T15:15:00Z,2026-05-27T17:15:00+0200,49068.48,MW,FR,FR,actual_load,Actual Load,2026-06-19T10:14:15Z
2026-06-19T10:13:32Z,2026-06-19T12:13:32+0200,883e5adc-9734-481d-ba75-ca4b61ed39d5,2026-05-27T15:30:00Z,2026-05-27T17:30:00+0200,49101.52,MW,FR,FR,actual_load,Actual Load,2026-06-19T10:14:15Z
2026-06-19T10:13:32Z,2026-06-19T12:13:32+0200,883e5adc-9734-481d-ba75-ca4b61ed39d5,2026-05-27T15:45:00Z,2026-05-27T17:45:00+0200,49353.88,MW,FR,FR,actual_load,Actual Load,2026-06-19T10:14:15Z
2026-06-19T10:13:32Z,2026-06-19T12:13:32+0200,883e5adc-9734-481d-ba75-ca4b61ed39d5,2026-05-27T16:00:00Z,2026-05-27T18:00:00+0200,49573.52,MW,FR,FR,actual_load,Actual Load,2026-06-19T10:14:15Z
2026-06-19T10:13:32Z,2026-06-19T12:13:32+0200,883e5adc-9734-481d-ba75-ca4b61ed39d5,2026-05-27T16:15:00Z,2026-05-27T18:15:00+0200,50088.71,MW,FR,FR,actual_load,Actual Load,2026-06-19T10:14:15Z
2026-06-19T10:13:32Z,2026-06-19T12:13:32+0200,883e5adc-9734-481d-ba75-ca4b61ed39d5,2026-05-27T16:30:00Z,2026-05-27T18:30:00+0200,50538.68,MW,FR,FR,actual_load,Actual Load,2026-06-19T10:14:15Z
2026-06-19T10:13:32Z,2026-06-19T12:13:32+0200,883e5adc-9734-481d-ba75-ca4b61ed39d5,2026-05-27T16:45:00Z,2026-05-27T18:45:00+0200,51155.0,MW,FR,FR,actual_load,Actual Load,2026-06-19T10:14:15Z
2026-06-19T10:13:32Z,2026-06-19T12:13:32+0200,883e5adc-9734-481d-ba75-ca4b61ed39d5,2026-05-27T17:00:00Z,2026-05-27T19:00:00+0200,51347.37,MW,FR,FR,actual_load,Actual Load,2026-06-19T10:14:15Z
2026-06-19T10:13:32Z,2026-06-19T12:13:32+0200,883e5adc-9734-481d-ba75-ca4b61ed39d5,2026-05-27T17:15:00Z,2026-05-27T19:15:00+0200,51043.61,MW,FR,FR,actual_load,Actual Load,2026-06-19T10:14:15Z
2026-06-19T10:13:32Z,2026-06-19T12:13:32+0200,883e5adc-9734-481d-ba75-ca4b61ed39d5,2026-05-27T17:30:00Z,2026-05-27T19:30:00+0200,50567.0,MW,FR,FR,actual_load,Actual Load,2026-06-19T10:14:15Z
2026-06-19T10:13:32Z,2026-06-19T12:13:32+0200,883e5adc-9734-481d-ba75-ca4b61ed39d5,2026-05-27T17:45:00Z,2026-05-27T19:45:00+0200,50170.8,MW,FR,FR,actual_load,Actual Load,2026-06-19T10:14:15Z
2026-06-19T10:13:32Z,2026-06-19T12:13:32+0200,883e5adc-9734-481d-ba75-ca4b61ed39d5,2026-05-27T18:00:00Z,2026-05-27T20:00:00+0200,49560.43,MW,FR,FR,actual_load,Actual Load,2026-06-19T10:14:15Z
2026-06-19T10:13:32Z,2026-06-19T12:13:32+0200,883e5adc-9734-481d-ba75-ca4b61ed39d5,2026-05-27T18:15:00Z,2026-05-27T20:15:00+0200,48872.28,MW,FR,FR,actual_load,Actual Load,2026-06-19T10:14:15Z
2026-06-19T10:13:32Z,2026-06-19T12:13:32+0200,883e5adc-9734-481d-ba75-ca4b61ed39d5,2026-05-27T18:30:00Z,2026-05-27T20:30:00+0200,48117.15,MW,FR,FR,actual_load,Actual Load,2026-06-19T10:14:15Z
2026-06-19T10:13:32Z,2026-06-19T12:13:32+0200,883e5adc-9734-481d-ba75-ca4b61ed39d5,2026-05-27T18:45:00Z,2026-05-27T20:45:00+0200,47398.48,MW,FR,FR,actual_load,Actual Load,2026-06-19T10:14:15Z
2026-06-19T10:13:32Z,2026-06-19T12:13:32+0200,883e5adc-9734-481d-ba75-ca4b61ed39d5,2026-05-27T19:00:00Z,2026-05-27T21:00:00+0200,47278.76,MW,FR,FR,actual_load,Actual Load,2026-06-19T10:14:15Z
2026-06-19T10:13:32Z,2026-06-19T12:13:32+0200,883e5adc-9734-481d-ba75-ca4b61ed39d5,2026-05-27T19:15:00Z,2026-05-27T21:15:00+0200,46604.29,MW,FR,FR,actual_load,Actual Load,2026-06-19T10:14:15Z
2026-06-19T10:13:32Z,2026-06-19T12:13:32+0200,883e5adc-9734-481d-ba75-ca4b61ed39d5,2026-05-27T19:30:00Z,2026-05-27T21:30:00+0200,46480.75,MW,FR,FR,actual_load,Actual Load,2026-06-19T10:14:15Z
2026-06-19T10:13:32Z,2026-06-19T12:13:32+0200,883e5adc-9734-481d-ba75-ca4b61ed39d5,2026-05-27T19:45:00Z,2026-05-27T21:45:00+0200,46229.97,MW,FR,FR,actual_load,Actual Load,2026-06-19T10:14:15Z
2026-06-19T10:13:32Z,2026-06-19T12:13:32+0200,883e5adc-9734-481d-ba75-ca4b61ed39d5,2026-05-27T20:00:00Z,2026-05-27T22:00:00+0200,47348.24,MW,FR,FR,actual_load,Actual Load,2026-06-19T10:14:15Z
2026-06-19T10:13:32Z,2026-06-19T12:13:32+0200,883e5adc-9734-481d-ba75-ca4b61ed39d5,2026-05-27T20:15:00Z,2026-05-27T22:15:00+0200,47027.57,MW,FR,FR,actual_load,Actual Load,2026-06-19T10:14:15Z
2026-06-19T10:13:32Z,2026-06-19T12:13:32+0200,883e5adc-9734-481d-ba75-ca4b61ed39d5,2026-05-27T20:30:00Z,2026-05-27T22:30:00+0200,48030.74,MW,FR,FR,actual_load,Actual Load,2026-06-19T10:14:15Z
2026-06-19T10:13:32Z,2026-06-19T12:13:32+0200,883e5adc-9734-481d-ba75-ca4b61ed39d5,2026-05-27T20:45:00Z,2026-05-27T22:45:00+0200,47296.07,MW,FR,FR,actual_load,Actual Load,2026-06-19T10:14:15Z
2026-06-19T10:13:32Z,2026-06-19T12:13:32+0200,883e5adc-9734-481d-ba75-ca4b61ed39d5,2026-05-27T21:00:00Z,2026-05-27T23:00:00+0200,47173.41,MW,FR,FR,actual_load,Actual Load,2026-06-19T10:14:15Z
2026-06-19T10:13:32Z,2026-06-19T12:13:32+0200,883e5adc-9734-481d-ba75-ca4b61ed39d5,2026-05-27T21:15:00Z,2026-05-27T23:15:00+0200,46077.61,MW,FR,FR,actual_load,Actual Load,2026-06-19T10:14:15Z
2026-06-19T10:13:32Z,2026-06-19T12:13:32+0200,883e5adc-9734-481d-ba75-ca4b61ed39d5,2026-05-27T21:30:00Z,2026-05-27T23:30:00+0200,46274.67,MW,FR,FR,actual_load,Actual Load,2026-06-19T10:14:15Z
2026-06-19T10:13:32Z,2026-06-19T12:13:32+0200,883e5adc-9734-481d-ba75-ca4b61ed39d5,2026-05-27T21:45:00Z,2026-05-27T23:45:00+0200,45301.09,MW,FR,FR,actual_load,Actual Load,2026-06-19T10:14:15Z
2026-06-19T10:13:32Z,2026-06-19T12:13:32+0200,883e5adc-9734-481d-ba75-ca4b61ed39d5,2026-05-27T22:00:00Z,2026-05-28T00:00:00+0200,45117.84,MW,FR,FR,actual_load,Actual Load,2026-06-19T10:14:15Z
2026-06-19T10:13:32Z,2026-06-19T12:13:32+0200,883e5adc-9734-481d-ba75-ca4b61ed39d5,2026-05-27T22:15:00Z,2026-05-28T00:15:00+0200,43716.78,MW,FR,FR,actual_load,Actual Load,2026-06-19T10:14:15Z
2026-06-19T10:13:32Z,2026-06-19T12:13:32+0200,883e5adc-9734-481d-ba75-ca4b61ed39d5,2026-05-27T22:30:00Z,2026-05-28T00:30:00+0200,42348.89,MW,FR,FR,actual_load,Actual Load,2026-06-19T10:14:15Z
2026-06-19T10:13:32Z,2026-06-19T12:13:32+0200,883e5adc-9734-481d-ba75-ca4b61ed39d5,2026-05-27T22:45:00Z,2026-05-28T00:45:00+0200,41252.51,MW,FR,FR,actual_load,Actual Load,2026-06-19T10:14:15Z
2026-06-19T10:13:32Z,2026-06-19T12:13:32+0200,883e5adc-9734-481d-ba75-ca4b61ed39d5,2026-05-27T23:00:00Z,2026-05-28T01:00:00+0200,41629.93,MW,FR,FR,actual_load,Actual Load,2026-06-19T10:14:15Z
2026-06-19T10:13:32Z,2026-06-19T12:13:32+0200,883e5adc-9734-481d-ba75-ca4b61ed39d5,2026-05-27T23:15:00Z,2026-05-28T01:15:00+0200,40893.38,MW,FR,FR,actual_load,Actual Load,2026-06-19T10:14:15Z
2026-06-19T10:13:32Z,2026-06-19T12:13:32+0200,883e5adc-9734-481d-ba75-ca4b61ed39d5,2026-05-27T23:30:00Z,2026-05-28T01:30:00+0200,40662.93,MW,FR,FR,actual_load,Actual Load,2026-06-19T10:14:15Z
2026-06-19T10:13:32Z,2026-06-19T12:13:32+0200,883e5adc-9734-481d-ba75-ca4b61ed39d5,2026-05-27T23:45:00Z,2026-05-28T01:45:00+0200,39875.26,MW,FR,FR,actual_load,Actual Load,2026-06-19T10:14:15Z
2026-06-19T10:13:32Z,2026-06-19T12:13:32+0200,883e5adc-9734-481d-ba75-ca4b61ed39d5,2026-05-28T00:00:00Z,2026-05-28T02:00:00+0200,39656.13,MW,FR,FR,actual_load,Actual Load,2026-06-19T10:14:15Z
2026-06-19T10:13:32Z,2026-06-19T12:13:32+0200,883e5adc-9734-481d-ba75-ca4b61ed39d5,2026-05-28T00:15:00Z,2026-05-28T02:15:00+0200,38840.88,MW,FR,FR,actual_load,Actual Load,2026-06-19T10:14:15Z
2026-06-19T10:13:32Z,2026-06-19T12:13:32+0200,883e5adc-9734-481d-ba75-ca4b61ed39d5,2026-05-28T00:30:00Z,2026-05-28T02:30:00+0200,38127.52,MW,FR,FR,actual_load,Actual Load,2026-06-19T10:14:15Z
2026-06-19T10:13:32Z,2026-06-19T12:13:32+0200,883e5adc-9734-481d-ba75-ca4b61ed39d5,2026-05-28T00:45:00Z,2026-05-28T02:45:00+0200,37456.8,MW,FR,FR,actual_load,Actual Load,2026-06-19T10:14:15Z
2026-06-19T10:13:32Z,2026-06-19T12:13:32+0200,883e5adc-9734-481d-ba75-ca4b61ed39d5,2026-05-28T01:00:00Z,2026-05-28T03:00:00+0200,36996.31,MW,FR,FR,actual_load,Actual Load,2026-06-19T10:14:15Z
2026-06-19T10:13:32Z,2026-06-19T12:13:32+0200,883e5adc-9734-481d-ba75-ca4b61ed39d5,2026-05-28T01:15:00Z,2026-05-28T03:15:00+0200,36454.63,MW,FR,FR,actual_load,Actual Load,2026-06-19T10:14:15Z
2026-06-19T10:13:32Z,2026-06-19T12:13:32+0200,883e5adc-9734-481d-ba75-ca4b61ed39d5,2026-05-28T01:30:00Z,2026-05-28T03:30:00+0200,36107.86,MW,FR,FR,actual_load,Actual Load,2026-06-19T10:14:15Z
2026-06-19T10:13:32Z,2026-06-19T12:13:32+0200,883e5adc-9734-481d-ba75-ca4b61ed39d5,2026-05-28T01:45:00Z,2026-05-28T03:45:00+0200,35787.91,MW,FR,FR,actual_load,Actual Load,2026-06-19T10:14:15Z
2026-06-19T10:13:32Z,2026-06-19T12:13:32+0200,883e5adc-9734-481d-ba75-ca4b61ed39d5,2026-05-28T02:00:00Z,2026-05-28T04:00:00+0200,35819.85,MW,FR,FR,actual_load,Actual Load,2026-06-19T10:14:15Z
2026-06-19T10:13:32Z,2026-06-19T12:13:32+0200,883e5adc-9734-481d-ba75-ca4b61ed39d5,2026-05-28T02:15:00Z,2026-05-28T04:15:00+0200,35711.59,MW,FR,FR,actual_load,Actual Load,2026-06-19T10:14:15Z
2026-06-19T10:13:32Z,2026-06-19T12:13:32+0200,883e5adc-9734-481d-ba75-ca4b61ed39d5,2026-05-28T02:30:00Z,2026-05-28T04:30:00+0200,35697.77,MW,FR,FR,actual_load,Actual Load,2026-06-19T10:14:15Z
2026-06-19T10:13:32Z,2026-06-19T12:13:32+0200,883e5adc-9734-481d-ba75-ca4b61ed39d5,2026-05-28T02:45:00Z,2026-05-28T04:45:00+0200,35819.91,MW,FR,FR,actual_load,Actual Load,2026-06-19T10:14:15Z
2026-06-19T10:13:32Z,2026-06-19T12:13:32+0200,883e5adc-9734-481d-ba75-ca4b61ed39d5,2026-05-28T03:00:00Z,2026-05-28T05:00:00+0200,36496.99,MW,FR,FR,actual_load,Actual Load,2026-06-19T10:14:15Z
2026-06-19T10:13:32Z,2026-06-19T12:13:32+0200,883e5adc-9734-481d-ba75-ca4b61ed39d5,2026-05-28T03:15:00Z,2026-05-28T05:15:00+0200,36955.76,MW,FR,FR,actual_load,Actual Load,2026-06-19T10:14:15Z
2026-06-19T10:13:32Z,2026-06-19T12:13:32+0200,883e5adc-9734-481d-ba75-ca4b61ed39d5,2026-05-28T03:30:00Z,2026-05-28T05:30:00+0200,37378.71,MW,FR,FR,actual_load,Actual Load,2026-06-19T10:14:15Z
2026-06-19T10:13:32Z,2026-06-19T12:13:32+0200,883e5adc-9734-481d-ba75-ca4b61ed39d5,2026-05-28T03:45:00Z,2026-05-28T05:45:00+0200,37812.54,MW,FR,FR,actual_load,Actual Load,2026-06-19T10:14:15Z
2026-06-19T10:13:32Z,2026-06-19T12:13:32+0200,883e5adc-9734-481d-ba75-ca4b61ed39d5,2026-05-28T04:00:00Z,2026-05-28T06:00:00+0200,38916.42,MW,FR,FR,actual_load,Actual Load,2026-06-19T10:14:15Z
2026-06-19T10:13:32Z,2026-06-19T12:13:32+0200,883e5adc-9734-481d-ba75-ca4b61ed39d5,2026-05-28T04:15:00Z,2026-05-28T06:15:00+0200,39746.74,MW,FR,FR,actual_load,Actual Load,2026-06-19T10:14:15Z
2026-06-19T10:13:32Z,2026-06-19T12:13:32+0200,883e5adc-9734-481d-ba75-ca4b61ed39d5,2026-05-28T04:30:00Z,2026-05-28T06:30:00+0200,40625.43,MW,FR,FR,actual_load,Actual Load,2026-06-19T10:14:15Z
2026-06-19T10:13:32Z,2026-06-19T12:13:32+0200,883e5adc-9734-481d-ba75-ca4b61ed39d5,2026-05-28T04:45:00Z,2026-05-28T06:45:00+0200,41534.11,MW,FR,FR,actual_load,Actual Load,2026-06-19T10:14:15Z
2026-06-19T10:13:32Z,2026-06-19T12:13:32+0200,883e5adc-9734-481d-ba75-ca4b61ed39d5,2026-05-28T05:00:00Z,2026-05-28T07:00:00+0200,42388.38,MW,FR,FR,actual_load,Actual Load,2026-06-19T10:14:15Z
2026-06-19T10:13:32Z,2026-06-19T12:13:32+0200,883e5adc-9734-481d-ba75-ca4b61ed39d5,2026-05-28T05:15:00Z,2026-05-28T07:15:00+0200,43372.76,MW,FR,FR,actual_load,Actual Load,2026-06-19T10:14:15Z
2026-06-19T10:13:32Z,2026-06-19T12:13:32+0200,883e5adc-9734-481d-ba75-ca4b61ed39d5,2026-05-28T05:30:00Z,2026-05-28T07:30:00+0200,43840.17,MW,FR,FR,actual_load,Actual Load,2026-06-19T10:14:15Z
2026-06-19T10:13:32Z,2026-06-19T12:13:32+0200,883e5adc-9734-481d-ba75-ca4b61ed39d5,2026-05-28T05:45:00Z,2026-05-28T07:45:00+0200,44588.88,MW,FR,FR,actual_load,Actual Load,2026-06-19T10:14:15Z
2026-06-19T10:13:32Z,2026-06-19T12:13:32+0200,883e5adc-9734-481d-ba75-ca4b61ed39d5,2026-05-28T06:00:00Z,2026-05-28T08:00:00+0200,45209.04,MW,FR,FR,actual_load,Actual Load,2026-06-19T10:14:15Z
2026-06-19T10:13:32Z,2026-06-19T12:13:32+0200,883e5adc-9734-481d-ba75-ca4b61ed39d5,2026-05-28T06:15:00Z,2026-05-28T08:15:00+0200,46132.12,MW,FR,FR,actual_load,Actual Load,2026-06-19T10:14:15Z
2026-06-19T10:13:32Z,2026-06-19T12:13:32+0200,883e5adc-9734-481d-ba75-ca4b61ed39d5,2026-05-28T06:30:00Z,2026-05-28T08:30:00+0200,46591.58,MW,FR,FR,actual_load,Actual Load,2026-06-19T10:14:15Z
2026-06-19T10:13:32Z,2026-06-19T12:13:32+0200,883e5adc-9734-481d-ba75-ca4b61ed39d5,2026-05-28T06:45:00Z,2026-05-28T08:45:00+0200,47161.21,MW,FR,FR,actual_load,Actual Load,2026-06-19T10:14:15Z
2026-06-19T10:13:32Z,2026-06-19T12:13:32+0200,883e5adc-9734-481d-ba75-ca4b61ed39d5,2026-05-28T07:00:00Z,2026-05-28T09:00:00+0200,47746.04,MW,FR,FR,actual_load,Actual Load,2026-06-19T10:14:15Z
2026-06-19T10:13:32Z,2026-06-19T12:13:32+0200,883e5adc-9734-481d-ba75-ca4b61ed39d5,2026-05-28T07:15:00Z,2026-05-28T09:15:00+0200,47963.32,MW,FR,FR,actual_load,Actual Load,2026-06-19T10:14:15Z
2026-06-19T10:13:32Z,2026-06-19T12:13:32+0200,883e5adc-9734-481d-ba75-ca4b61ed39d5,2026-05-28T07:30:00Z,2026-05-28T09:30:00+0200,48257.53,MW,FR,FR,actual_load,Actual Load,2026-06-19T10:14:15Z
2026-06-19T10:13:32Z,2026-06-19T12:13:32+0200,883e5adc-9734-481d-ba75-ca4b61ed39d5,2026-05-28T07:45:00Z,2026-05-28T09:45:00+0200,48476.37,MW,FR,FR,actual_load,Actual Load,2026-06-19T10:14:15Z
2026-06-19T10:13:32Z,2026-06-19T12:13:32+0200,883e5adc-9734-481d-ba75-ca4b61ed39d5,2026-05-28T08:00:00Z,2026-05-28T10:00:00+0200,48825.38,MW,FR,FR,actual_load,Actual Load,2026-06-19T10:14:15Z
2026-06-19T10:13:32Z,2026-06-19T12:13:32+0200,883e5adc-9734-481d-ba75-ca4b61ed39d5,2026-05-28T08:15:00Z,2026-05-28T10:15:00+0200,48932.74,MW,FR,FR,actual_load,Actual Load,2026-06-19T10:14:15Z
2026-06-19T10:13:32Z,2026-06-19T12:13:32+0200,883e5adc-9734-481d-ba75-ca4b61ed39d5,2026-05-28T08:30:00Z,2026-05-28T10:30:00+0200,49153.67,MW,FR,FR,actual_load,Actual Load,2026-06-19T10:14:15Z
2026-06-19T10:13:32Z,2026-06-19T12:13:32+0200,883e5adc-9734-481d-ba75-ca4b61ed39d5,2026-05-28T08:45:00Z,2026-05-28T10:45:00+0200,49485.99,MW,FR,FR,actual_load,Actual Load,2026-06-19T10:14:15Z
2026-06-19T10:13:32Z,2026-06-19T12:13:32+0200,883e5adc-9734-481d-ba75-ca4b61ed39d5,2026-05-28T09:00:00Z,2026-05-28T11:00:00+0200,49809.67,MW,FR,FR,actual_load,Actual Load,2026-06-19T10:14:15Z
2026-06-19T10:13:32Z,2026-06-19T12:13:32+0200,883e5adc-9734-481d-ba75-ca4b61ed39d5,2026-05-28T09:15:00Z,2026-05-28T11:15:00+0200,50013.63,MW,FR,FR,actual_load,Actual Load,2026-06-19T10:14:15Z
2026-06-19T10:13:32Z,2026-06-19T12:13:32+0200,883e5adc-9734-481d-ba75-ca4b61ed39d5,2026-05-28T09:30:00Z,2026-05-28T11:30:00+0200,50346.64,MW,FR,FR,actual_load,Actual Load,2026-06-19T10:14:15Z
2026-06-19T10:13:32Z,2026-06-19T12:13:32+0200,883e5adc-9734-481d-ba75-ca4b61ed39d5,2026-05-28T09:45:00Z,2026-05-28T11:45:00+0200,50550.81,MW,FR,FR,actual_load,Actual Load,2026-06-19T10:14:15Z
2026-06-19T10:13:32Z,2026-06-19T12:13:32+0200,883e5adc-9734-481d-ba75-ca4b61ed39d5,2026-05-28T10:00:00Z,2026-05-28T12:00:00+0200,50772.56,MW,FR,FR,actual_load,Actual Load,2026-06-19T10:14:15Z
2026-06-19T10:13:32Z,2026-06-19T12:13:32+0200,883e5adc-9734-481d-ba75-ca4b61ed39d5,2026-05-28T10:15:00Z,2026-05-28T12:15:00+0200,50799.45,MW,FR,FR,actual_load,Actual Load,2026-06-19T10:14:15Z
2026-06-19T10:13:32Z,2026-06-19T12:13:32+0200,883e5adc-9734-481d-ba75-ca4b61ed39d5,2026-05-28T10:30:00Z,2026-05-28T12:30:00+0200,51478.7,MW,FR,FR,actual_load,Actual Load,2026-06-19T10:14:15Z
2026-06-19T10:13:32Z,2026-06-19T12:13:32+0200,883e5adc-9734-481d-ba75-ca4b61ed39d5,2026-05-28T10:45:00Z,2026-05-28T12:45:00+0200,51161.25,MW,FR,FR,actual_load,Actual Load,2026-06-19T10:14:15Z
2026-06-19T10:13:32Z,2026-06-19T12:13:32+0200,883e5adc-9734-481d-ba75-ca4b61ed39d5,2026-05-28T11:00:00Z,2026-05-28T13:00:00+0200,50965.55,MW,FR,FR,actual_load,Actual Load,2026-06-19T10:14:15Z
2026-06-19T10:13:32Z,2026-06-19T12:13:32+0200,883e5adc-9734-481d-ba75-ca4b61ed39d5,2026-05-28T11:15:00Z,2026-05-28T13:15:00+0200,50676.12,MW,FR,FR,actual_load,Actual Load,2026-06-19T10:14:15Z
2026-06-19T10:13:32Z,2026-06-19T12:13:32+0200,883e5adc-9734-481d-ba75-ca4b61ed39d5,2026-05-28T11:30:00Z,2026-05-28T13:30:00+0200,50555.32,MW,FR,FR,actual_load,Actual Load,2026-06-19T10:14:15Z
2026-06-19T10:13:32Z,2026-06-19T12:13:32+0200,883e5adc-9734-481d-ba75-ca4b61ed39d5,2026-05-28T11:45:00Z,2026-05-28T13:45:00+0200,50677.1,MW,FR,FR,actual_load,Actual Load,2026-06-19T10:14:15Z
2026-06-19T10:13:32Z,2026-06-19T12:13:32+0200,883e5adc-9734-481d-ba75-ca4b61ed39d5,2026-05-28T12:00:00Z,2026-05-28T14:00:00+0200,51674.66,MW,FR,FR,actual_load,Actual Load,2026-06-19T10:14:15Z
2026-06-19T10:13:32Z,2026-06-19T12:13:32+0200,883e5adc-9734-481d-ba75-ca4b61ed39d5,2026-05-28T12:15:00Z,2026-05-28T14:15:00+0200,51566.54,MW,FR,FR,actual_load,Actual Load,2026-06-19T10:14:15Z
2026-06-19T10:13:32Z,2026-06-19T12:13:32+0200,883e5adc-9734-481d-ba75-ca4b61ed39d5,2026-05-28T12:30:00Z,2026-05-28T14:30:00+0200,51624.1,MW,FR,FR,actual_load,Actual Load,2026-06-19T10:14:15Z
2026-06-19T10:13:32Z,2026-06-19T12:13:32+0200,883e5adc-9734-481d-ba75-ca4b61ed39d5,2026-05-28T12:45:00Z,2026-05-28T14:45:00+0200,51212.5,MW,FR,FR,actual_load,Actual Load,2026-06-19T10:14:15Z
2026-06-19T10:13:32Z,2026-06-19T12:13:32+0200,883e5adc-9734-481d-ba75-ca4b61ed39d5,2026-05-28T13:00:00Z,2026-05-28T15:00:00+0200,51233.34,MW,FR,FR,actual_load,Actual Load,2026-06-19T10:14:15Z
2026-06-19T10:13:32Z,2026-06-19T12:13:32+0200,883e5adc-9734-481d-ba75-ca4b61ed39d5,2026-05-28T13:15:00Z,2026-05-28T15:15:00+0200,50954.95,MW,FR,FR,actual_load,Actual Load,2026-06-19T10:14:15Z
2026-06-19T10:13:32Z,2026-06-19T12:13:32+0200,883e5adc-9734-481d-ba75-ca4b61ed39d5,2026-05-28T13:30:00Z,2026-05-28T15:30:00+0200,50446.45,MW,FR,FR,actual_load,Actual Load,2026-06-19T10:14:15Z
2026-06-19T10:13:32Z,2026-06-19T12:13:32+0200,883e5adc-9734-481d-ba75-ca4b61ed39d5,2026-05-28T13:45:00Z,2026-05-28T15:45:00+0200,49943.55,MW,FR,FR,actual_load,Actual Load,2026-06-19T10:14:15Z
2026-06-19T10:13:32Z,2026-06-19T12:13:32+0200,883e5adc-9734-481d-ba75-ca4b61ed39d5,2026-05-28T14:00:00Z,2026-05-28T16:00:00+0200,49674.12,MW,FR,FR,actual_load,Actual Load,2026-06-19T10:14:15Z
2026-06-19T10:13:32Z,2026-06-19T12:13:32+0200,883e5adc-9734-481d-ba75-ca4b61ed39d5,2026-05-28T14:15:00Z,2026-05-28T16:15:00+0200,49556.91,MW,FR,FR,actual_load,Actual Load,2026-06-19T10:14:15Z
2026-06-19T10:13:32Z,2026-06-19T12:13:32+0200,883e5adc-9734-481d-ba75-ca4b61ed39d5,2026-05-28T14:30:00Z,2026-05-28T16:30:00+0200,49319.85,MW,FR,FR,actual_load,Actual Load,2026-06-19T10:14:15Z
2026-06-19T10:13:32Z,2026-06-19T12:13:32+0200,883e5adc-9734-481d-ba75-ca4b61ed39d5,2026-05-28T14:45:00Z,2026-05-28T16:45:00+0200,49389.02,MW,FR,FR,actual_load,Actual Load,2026-06-19T10:14:15Z
2026-06-19T10:13:32Z,2026-06-19T12:13:32+0200,883e5adc-9734-481d-ba75-ca4b61ed39d5,2026-05-28T15:00:00Z,2026-05-28T17:00:00+0200,49509.99,MW,FR,FR,actual_load,Actual Load,2026-06-19T10:14:15Z
2026-06-19T10:13:32Z,2026-06-19T12:13:32+0200,883e5adc-9734-481d-ba75-ca4b61ed39d5,2026-05-28T15:15:00Z,2026-05-28T17:15:00+0200,49518.39,MW,FR,FR,actual_load,Actual Load,2026-06-19T10:14:15Z
2026-06-19T10:13:32Z,2026-06-19T12:13:32+0200,883e5adc-9734-481d-ba75-ca4b61ed39d5,2026-05-28T15:30:00Z,2026-05-28T17:30:00+0200,49769.79,MW,FR,FR,actual_load,Actual Load,2026-06-19T10:14:15Z
2026-06-19T10:13:32Z,2026-06-19T12:13:32+0200,883e5adc-9734-481d-ba75-ca4b61ed39d5,2026-05-28T15:45:00Z,2026-05-28T17:45:00+0200,49848.07,MW,FR,FR,actual_load,Actual Load,2026-06-19T10:14:15Z
2026-06-19T10:13:32Z,2026-06-19T12:13:32+0200,883e5adc-9734-481d-ba75-ca4b61ed39d5,2026-05-28T16:00:00Z,2026-05-28T18:00:00+0200,50524.08,MW,FR,FR,actual_load,Actual Load,2026-06-19T10:14:15Z
2026-06-19T10:13:32Z,2026-06-19T12:13:32+0200,883e5adc-9734-481d-ba75-ca4b61ed39d5,2026-05-28T16:15:00Z,2026-05-28T18:15:00+0200,50781.14,MW,FR,FR,actual_load,Actual Load,2026-06-19T10:14:15Z
2026-06-19T10:13:32Z,2026-06-19T12:13:32+0200,883e5adc-9734-481d-ba75-ca4b61ed39d5,2026-05-28T16:30:00Z,2026-05-28T18:30:00+0200,51509.96,MW,FR,FR,actual_load,Actual Load,2026-06-19T10:14:15Z
2026-06-19T10:13:32Z,2026-06-19T12:13:32+0200,883e5adc-9734-481d-ba75-ca4b61ed39d5,2026-05-28T16:45:00Z,2026-05-28T18:45:00+0200,51970.54,MW,FR,FR,actual_load,Actual Load,2026-06-19T10:14:15Z
2026-06-19T10:13:32Z,2026-06-19T12:13:32+0200,883e5adc-9734-481d-ba75-ca4b61ed39d5,2026-05-28T17:00:00Z,2026-05-28T19:00:00+0200,51924.2,MW,FR,FR,actual_load,Actual Load,2026-06-19T10:14:15Z
2026-06-19T10:13:32Z,2026-06-19T12:13:32+0200,883e5adc-9734-481d-ba75-ca4b61ed39d5,2026-05-28T17:15:00Z,2026-05-28T19:15:00+0200,52001.07,MW,FR,FR,actual_load,Actual Load,2026-06-19T10:14:15Z
2026-06-19T10:13:32Z,2026-06-19T12:13:32+0200,883e5adc-9734-481d-ba75-ca4b61ed39d5,2026-05-28T17:30:00Z,2026-05-28T19:30:00+0200,51769.97,MW,FR,FR,actual_load,Actual Load,2026-06-19T10:14:15Z
2026-06-19T10:13:32Z,2026-06-19T12:13:32+0200,883e5adc-9734-481d-ba75-ca4b61ed39d5,2026-05-28T17:45:00Z,2026-05-28T19:45:00+0200,51447.31,MW,FR,FR,actual_load,Actual Load,2026-06-19T10:14:15Z
2026-06-19T10:13:32Z,2026-06-19T12:13:32+0200,883e5adc-9734-481d-ba75-ca4b61ed39d5,2026-05-28T18:00:00Z,2026-05-28T20:00:00+0200,50787.43,MW,FR,FR,actual_load,Actual Load,2026-06-19T10:14:15Z
2026-06-19T10:13:32Z,2026-06-19T12:13:32+0200,883e5adc-9734-481d-ba75-ca4b61ed39d5,2026-05-28T18:15:00Z,2026-05-28T20:15:00+0200,50148.04,MW,FR,FR,actual_load,Actual Load,2026-06-19T10:14:15Z
2026-06-19T10:13:32Z,2026-06-19T12:13:32+0200,883e5adc-9734-481d-ba75-ca4b61ed39d5,2026-05-28T18:30:00Z,2026-05-28T20:30:00+0200,49387.19,MW,FR,FR,actual_load,Actual Load,2026-06-19T10:14:15Z
2026-06-19T10:13:32Z,2026-06-19T12:13:32+0200,883e5adc-9734-481d-ba75-ca4b61ed39d5,2026-05-28T18:45:00Z,2026-05-28T20:45:00+0200,48715.77,MW,FR,FR,actual_load,Actual Load,2026-06-19T10:14:15Z
2026-06-19T10:13:32Z,2026-06-19T12:13:32+0200,883e5adc-9734-481d-ba75-ca4b61ed39d5,2026-05-28T19:00:00Z,2026-05-28T21:00:00+0200,48367.54,MW,FR,FR,actual_load,Actual Load,2026-06-19T10:14:15Z
2026-06-19T10:13:32Z,2026-06-19T12:13:32+0200,883e5adc-9734-481d-ba75-ca4b61ed39d5,2026-05-28T19:15:00Z,2026-05-28T21:15:00+0200,47827.97,MW,FR,FR,actual_load,Actual Load,2026-06-19T10:14:15Z
2026-06-19T10:13:32Z,2026-06-19T12:13:32+0200,883e5adc-9734-481d-ba75-ca4b61ed39d5,2026-05-28T19:30:00Z,2026-05-28T21:30:00+0200,47674.99,MW,FR,FR,actual_load,Actual Load,2026-06-19T10:14:15Z
2026-06-19T10:13:32Z,2026-06-19T12:13:32+0200,883e5adc-9734-481d-ba75-ca4b61ed39d5,2026-05-28T19:45:00Z,2026-05-28T21:45:00+0200,47612.8,MW,FR,FR,actual_load,Actual Load,2026-06-19T10:14:15Z
2026-06-19T10:13:32Z,2026-06-19T12:13:32+0200,883e5adc-9734-481d-ba75-ca4b61ed39d5,2026-05-28T20:00:00Z,2026-05-28T22:00:00+0200,48445.95,MW,FR,FR,actual_load,Actual Load,2026-06-19T10:14:15Z
2026-06-19T10:13:32Z,2026-06-19T12:13:32+0200,883e5adc-9734-481d-ba75-ca4b61ed39d5,2026-05-28T20:15:00Z,2026-05-28T22:15:00+0200,47945.82,MW,FR,FR,actual_load,Actual Load,2026-06-19T10:14:15Z
2026-06-19T10:13:32Z,2026-06-19T12:13:32+0200,883e5adc-9734-481d-ba75-ca4b61ed39d5,2026-05-28T20:30:00Z,2026-05-28T22:30:00+0200,48975.34,MW,FR,FR,actual_load,Actual Load,2026-06-19T10:14:15Z
2026-06-19T10:13:32Z,2026-06-19T12:13:32+0200,883e5adc-9734-481d-ba75-ca4b61ed39d5,2026-05-28T20:45:00Z,2026-05-28T22:45:00+0200,48234.8,MW,FR,FR,actual_load,Actual Load,2026-06-19T10:14:15Z
2026-06-19T10:13:32Z,2026-06-19T12:13:32+0200,883e5adc-9734-481d-ba75-ca4b61ed39d5,2026-05-28T21:00:00Z,2026-05-28T23:00:00+0200,47959.75,MW,FR,FR,actual_load,Actual Load,2026-06-19T10:14:15Z
2026-06-19T10:13:32Z,2026-06-19T12:13:32+0200,883e5adc-9734-481d-ba75-ca4b61ed39d5,2026-05-28T21:15:00Z,2026-05-28T23:15:00+0200,46864.57,MW,FR,FR,actual_load,Actual Load,2026-06-19T10:14:15Z
2026-06-19T10:13:32Z,2026-06-19T12:13:32+0200,883e5adc-9734-481d-ba75-ca4b61ed39d5,2026-05-28T21:30:00Z,2026-05-28T23:30:00+0200,47055.51,MW,FR,FR,actual_load,Actual Load,2026-06-19T10:14:15Z
2026-06-19T10:13:32Z,2026-06-19T12:13:32+0200,883e5adc-9734-481d-ba75-ca4b61ed39d5,2026-05-28T21:45:00Z,2026-05-28T23:45:00+0200,45806.66,MW,FR,FR,actual_load,Actual Load,2026-06-19T10:14:15Z
2026-06-19T10:13:32Z,2026-06-19T12:13:32+0200,883e5adc-9734-481d-ba75-ca4b61ed39d5,2026-05-28T22:00:00Z,2026-05-29T00:00:00+0200,45584.22,MW,FR,FR,actual_load,Actual Load,2026-06-19T10:14:15Z
2026-06-19T10:13:32Z,2026-06-19T12:13:32+0200,883e5adc-9734-481d-ba75-ca4b61ed39d5,2026-05-28T22:15:00Z,2026-05-29T00:15:00+0200,44249.49,MW,FR,FR,actual_load,Actual Load,2026-06-19T10:14:15Z
2026-06-19T10:13:32Z,2026-06-19T12:13:32+0200,883e5adc-9734-481d-ba75-ca4b61ed39d5,2026-05-28T22:30:00Z,2026-05-29T00:30:00+0200,42805.55,MW,FR,FR,actual_load,Actual Load,2026-06-19T10:14:15Z
2026-06-19T10:13:32Z,2026-06-19T12:13:32+0200,883e5adc-9734-481d-ba75-ca4b61ed39d5,2026-05-28T22:45:00Z,2026-05-29T00:45:00+0200,41661.83,MW,FR,FR,actual_load,Actual Load,2026-06-19T10:14:15Z
2026-06-19T10:13:32Z,2026-06-19T12:13:32+0200,883e5adc-9734-481d-ba75-ca4b61ed39d5,2026-05-28T23:00:00Z,2026-05-29T01:00:00+0200,41888.73,MW,FR,FR,actual_load,Actual Load,2026-06-19T10:14:15Z
2026-06-19T10:13:32Z,2026-06-19T12:13:32+0200,883e5adc-9734-481d-ba75-ca4b61ed39d5,2026-05-28T23:15:00Z,2026-05-29T01:15:00+0200,41310.58,MW,FR,FR,actual_load,Actual Load,2026-06-19T10:14:15Z
2026-06-19T10:13:32Z,2026-06-19T12:13:32+0200,883e5adc-9734-481d-ba75-ca4b61ed39d5,2026-05-28T23:30:00Z,2026-05-29T01:30:00+0200,41179.33,MW,FR,FR,actual_load,Actual Load,2026-06-19T10:14:15Z
2026-06-19T10:13:32Z,2026-06-19T12:13:32+0200,883e5adc-9734-481d-ba75-ca4b61ed39d5,2026-05-28T23:45:00Z,2026-05-29T01:45:00+0200,40397.3,MW,FR,FR,actual_load,Actual Load,2026-06-19T10:14:15Z
2026-06-19T10:13:32Z,2026-06-19T12:13:32+0200,883e5adc-9734-481d-ba75-ca4b61ed39d5,2026-05-29T00:00:00Z,2026-05-29T02:00:00+0200,40023.88,MW,FR,FR,actual_load,Actual Load,2026-06-19T10:14:15Z
2026-06-19T10:13:32Z,2026-06-19T12:13:32+0200,883e5adc-9734-481d-ba75-ca4b61ed39d5,2026-05-29T00:15:00Z,2026-05-29T02:15:00+0200,39103.79,MW,FR,FR,actual_load,Actual Load,2026-06-19T10:14:15Z
2026-06-19T10:13:32Z,2026-06-19T12:13:32+0200,883e5adc-9734-481d-ba75-ca4b61ed39d5,2026-05-29T00:30:00Z,2026-05-29T02:30:00+0200,38375.23,MW,FR,FR,actual_load,Actual Load,2026-06-19T10:14:15Z
2026-06-19T10:13:32Z,2026-06-19T12:13:32+0200,883e5adc-9734-481d-ba75-ca4b61ed39d5,2026-05-29T00:45:00Z,2026-05-29T02:45:00+0200,37746.98,MW,FR,FR,actual_load,Actual Load,2026-06-19T10:14:15Z
2026-06-19T10:13:32Z,2026-06-19T12:13:32+0200,883e5adc-9734-481d-ba75-ca4b61ed39d5,2026-05-29T01:00:00Z,2026-05-29T03:00:00+0200,37331.28,MW,FR,FR,actual_load,Actual Load,2026-06-19T10:14:15Z
2026-06-19T10:13:32Z,2026-06-19T12:13:32+0200,883e5adc-9734-481d-ba75-ca4b61ed39d5,2026-05-29T01:15:00Z,2026-05-29T03:15:00+0200,36861.77,MW,FR,FR,actual_load,Actual Load,2026-06-19T10:14:15Z
2026-06-19T10:13:32Z,2026-06-19T12:13:32+0200,883e5adc-9734-481d-ba75-ca4b61ed39d5,2026-05-29T01:30:00Z,2026-05-29T03:30:00+0200,36694.67,MW,FR,FR,actual_load,Actual Load,2026-06-19T10:14:15Z
2026-06-19T10:13:32Z,2026-06-19T12:13:32+0200,883e5adc-9734-481d-ba75-ca4b61ed39d5,2026-05-29T01:45:00Z,2026-05-29T03:45:00+0200,36522.1,MW,FR,FR,actual_load,Actual Load,2026-06-19T10:14:15Z
2026-06-19T10:13:32Z,2026-06-19T12:13:32+0200,883e5adc-9734-481d-ba75-ca4b61ed39d5,2026-05-29T02:00:00Z,2026-05-29T04:00:00+0200,36448.31,MW,FR,FR,actual_load,Actual Load,2026-06-19T10:14:15Z
2026-06-19T10:13:32Z,2026-06-19T12:13:32+0200,883e5adc-9734-481d-ba75-ca4b61ed39d5,2026-05-29T02:15:00Z,2026-05-29T04:15:00+0200,36273.63,MW,FR,FR,actual_load,Actual Load,2026-06-19T10:14:15Z
2026-06-19T10:13:32Z,2026-06-19T12:13:32+0200,883e5adc-9734-481d-ba75-ca4b61ed39d5,2026-05-29T02:30:00Z,2026-05-29T04:30:00+0200,36249.03,MW,FR,FR,actual_load,Actual Load,2026-06-19T10:14:15Z
2026-06-19T10:13:32Z,2026-06-19T12:13:32+0200,883e5adc-9734-481d-ba75-ca4b61ed39d5,2026-05-29T02:45:00Z,2026-05-29T04:45:00+0200,36441.47,MW,FR,FR,actual_load,Actual Load,2026-06-19T10:14:15Z
2026-06-19T10:13:32Z,2026-06-19T12:13:32+0200,883e5adc-9734-481d-ba75-ca4b61ed39d5,2026-05-29T03:00:00Z,2026-05-29T05:00:00+0200,36930.46,MW,FR,FR,actual_load,Actual Load,2026-06-19T10:14:15Z
2026-06-19T10:13:32Z,2026-06-19T12:13:32+0200,883e5adc-9734-481d-ba75-ca4b61ed39d5,2026-05-29T03:15:00Z,2026-05-29T05:15:00+0200,37204.38,MW,FR,FR,actual_load,Actual Load,2026-06-19T10:14:15Z
2026-06-19T10:13:32Z,2026-06-19T12:13:32+0200,883e5adc-9734-481d-ba75-ca4b61ed39d5,2026-05-29T03:30:00Z,2026-05-29T05:30:00+0200,37663.86,MW,FR,FR,actual_load,Actual Load,2026-06-19T10:14:15Z
2026-06-19T10:13:32Z,2026-06-19T12:13:32+0200,883e5adc-9734-481d-ba75-ca4b61ed39d5,2026-05-29T03:45:00Z,2026-05-29T05:45:00+0200,38088.96,MW,FR,FR,actual_load,Actual Load,2026-06-19T10:14:15Z
2026-06-19T10:13:32Z,2026-06-19T12:13:32+0200,883e5adc-9734-481d-ba75-ca4b61ed39d5,2026-05-29T04:00:00Z,2026-05-29T06:00:00+0200,39066.18,MW,FR,FR,actual_load,Actual Load,2026-06-19T10:14:15Z
2026-06-19T10:13:32Z,2026-06-19T12:13:32+0200,883e5adc-9734-481d-ba75-ca4b61ed39d5,2026-05-29T04:15:00Z,2026-05-29T06:15:00+0200,39711.11,MW,FR,FR,actual_load,Actual Load,2026-06-19T10:14:15Z
2026-06-19T10:13:32Z,2026-06-19T12:13:32+0200,883e5adc-9734-481d-ba75-ca4b61ed39d5,2026-05-29T04:30:00Z,2026-05-29T06:30:00+0200,40711.96,MW,FR,FR,actual_load,Actual Load,2026-06-19T10:14:15Z
2026-06-19T10:13:32Z,2026-06-19T12:13:32+0200,883e5adc-9734-481d-ba75-ca4b61ed39d5,2026-05-29T04:45:00Z,2026-05-29T06:45:00+0200,41666.41,MW,FR,FR,actual_load,Actual Load,2026-06-19T10:14:15Z
2026-06-19T10:13:32Z,2026-06-19T12:13:32+0200,883e5adc-9734-481d-ba75-ca4b61ed39d5,2026-05-29T05:00:00Z,2026-05-29T07:00:00+0200,42715.45,MW,FR,FR,actual_load,Actual Load,2026-06-19T10:14:15Z
2026-06-19T10:13:32Z,2026-06-19T12:13:32+0200,883e5adc-9734-481d-ba75-ca4b61ed39d5,2026-05-29T05:15:00Z,2026-05-29T07:15:00+0200,43461.41,MW,FR,FR,actual_load,Actual Load,2026-06-19T10:14:15Z
2026-06-19T10:13:32Z,2026-06-19T12:13:32+0200,883e5adc-9734-481d-ba75-ca4b61ed39d5,2026-05-29T05:30:00Z,2026-05-29T07:30:00+0200,44101.71,MW,FR,FR,actual_load,Actual Load,2026-06-19T10:14:15Z
2026-06-19T10:13:32Z,2026-06-19T12:13:32+0200,883e5adc-9734-481d-ba75-ca4b61ed39d5,2026-05-29T05:45:00Z,2026-05-29T07:45:00+0200,44766.61,MW,FR,FR,actual_load,Actual Load,2026-06-19T10:14:15Z
2026-06-19T10:13:32Z,2026-06-19T12:13:32+0200,883e5adc-9734-481d-ba75-ca4b61ed39d5,2026-05-29T06:00:00Z,2026-05-29T08:00:00+0200,45446.32,MW,FR,FR,actual_load,Actual Load,2026-06-19T10:14:15Z
2026-06-19T10:13:32Z,2026-06-19T12:13:32+0200,883e5adc-9734-481d-ba75-ca4b61ed39d5,2026-05-29T06:15:00Z,2026-05-29T08:15:00+0200,46224.65,MW,FR,FR,actual_load,Actual Load,2026-06-19T10:14:15Z
2026-06-19T10:13:32Z,2026-06-19T12:13:32+0200,883e5adc-9734-481d-ba75-ca4b61ed39d5,2026-05-29T06:30:00Z,2026-05-29T08:30:00+0200,46992.36,MW,FR,FR,actual_load,Actual Load,2026-06-19T10:14:15Z
2026-06-19T10:13:32Z,2026-06-19T12:13:32+0200,883e5adc-9734-481d-ba75-ca4b61ed39d5,2026-05-29T06:45:00Z,2026-05-29T08:45:00+0200,47438.61,MW,FR,FR,actual_load,Actual Load,2026-06-19T10:14:15Z
2026-06-19T10:13:32Z,2026-06-19T12:13:32+0200,883e5adc-9734-481d-ba75-ca4b61ed39d5,2026-05-29T07:00:00Z,2026-05-29T09:00:00+0200,47829.82,MW,FR,FR,actual_load,Actual Load,2026-06-19T10:14:15Z
2026-06-19T10:13:32Z,2026-06-19T12:13:32+0200,883e5adc-9734-481d-ba75-ca4b61ed39d5,2026-05-29T07:15:00Z,2026-05-29T09:15:00+0200,48496.2,MW,FR,FR,actual_load,Actual Load,2026-06-19T10:14:15Z
2026-06-19T10:13:32Z,2026-06-19T12:13:32+0200,883e5adc-9734-481d-ba75-ca4b61ed39d5,2026-05-29T07:30:00Z,2026-05-29T09:30:00+0200,48594.26,MW,FR,FR,actual_load,Actual Load,2026-06-19T10:14:15Z
2026-06-19T10:13:32Z,2026-06-19T12:13:32+0200,883e5adc-9734-481d-ba75-ca4b61ed39d5,2026-05-29T07:45:00Z,2026-05-29T09:45:00+0200,48673.05,MW,FR,FR,actual_load,Actual Load,2026-06-19T10:14:15Z
2026-06-19T10:13:32Z,2026-06-19T12:13:32+0200,883e5adc-9734-481d-ba75-ca4b61ed39d5,2026-05-29T08:00:00Z,2026-05-29T10:00:00+0200,48944.0,MW,FR,FR,actual_load,Actual Load,2026-06-19T10:14:15Z
2026-06-19T10:13:32Z,2026-06-19T12:13:32+0200,883e5adc-9734-481d-ba75-ca4b61ed39d5,2026-05-29T08:15:00Z,2026-05-29T10:15:00+0200,49113.66,MW,FR,FR,actual_load,Actual Load,2026-06-19T10:14:15Z
2026-06-19T10:13:32Z,2026-06-19T12:13:32+0200,883e5adc-9734-481d-ba75-ca4b61ed39d5,2026-05-29T08:30:00Z,2026-05-29T10:30:00+0200,49433.08,MW,FR,FR,actual_load,Actual Load,2026-06-19T10:14:15Z
2026-06-19T10:13:32Z,2026-06-19T12:13:32+0200,883e5adc-9734-481d-ba75-ca4b61ed39d5,2026-05-29T08:45:00Z,2026-05-29T10:45:00+0200,49581.37,MW,FR,FR,actual_load,Actual Load,2026-06-19T10:14:15Z
2026-06-19T10:13:32Z,2026-06-19T12:13:32+0200,883e5adc-9734-481d-ba75-ca4b61ed39d5,2026-05-29T09:00:00Z,2026-05-29T11:00:00+0200,49961.87,MW,FR,FR,actual_load,Actual Load,2026-06-19T10:14:15Z
2026-06-19T10:13:32Z,2026-06-19T12:13:32+0200,883e5adc-9734-481d-ba75-ca4b61ed39d5,2026-05-29T09:15:00Z,2026-05-29T11:15:00+0200,50181.93,MW,FR,FR,actual_load,Actual Load,2026-06-19T10:14:15Z
2026-06-19T10:13:32Z,2026-06-19T12:13:32+0200,883e5adc-9734-481d-ba75-ca4b61ed39d5,2026-05-29T09:30:00Z,2026-05-29T11:30:00+0200,50407.02,MW,FR,FR,actual_load,Actual Load,2026-06-19T10:14:15Z
2026-06-19T10:13:32Z,2026-06-19T12:13:32+0200,883e5adc-9734-481d-ba75-ca4b61ed39d5,2026-05-29T09:45:00Z,2026-05-29T11:45:00+0200,50669.64,MW,FR,FR,actual_load,Actual Load,2026-06-19T10:14:15Z
2026-06-19T10:13:32Z,2026-06-19T12:13:32+0200,883e5adc-9734-481d-ba75-ca4b61ed39d5,2026-05-29T10:00:00Z,2026-05-29T12:00:00+0200,50738.41,MW,FR,FR,actual_load,Actual Load,2026-06-19T10:14:15Z
2026-06-19T10:13:32Z,2026-06-19T12:13:32+0200,883e5adc-9734-481d-ba75-ca4b61ed39d5,2026-05-29T10:15:00Z,2026-05-29T12:15:00+0200,50842.48,MW,FR,FR,actual_load,Actual Load,2026-06-19T10:14:15Z
2026-06-19T10:13:32Z,2026-06-19T12:13:32+0200,883e5adc-9734-481d-ba75-ca4b61ed39d5,2026-05-29T10:30:00Z,2026-05-29T12:30:00+0200,51399.19,MW,FR,FR,actual_load,Actual Load,2026-06-19T10:14:15Z
2026-06-19T10:13:32Z,2026-06-19T12:13:32+0200,883e5adc-9734-481d-ba75-ca4b61ed39d5,2026-05-29T10:45:00Z,2026-05-29T12:45:00+0200,51020.57,MW,FR,FR,actual_load,Actual Load,2026-06-19T10:14:15Z
2026-06-19T10:13:32Z,2026-06-19T12:13:32+0200,883e5adc-9734-481d-ba75-ca4b61ed39d5,2026-05-29T11:00:00Z,2026-05-29T13:00:00+0200,51000.49,MW,FR,FR,actual_load,Actual Load,2026-06-19T10:14:15Z
2026-06-19T10:13:32Z,2026-06-19T12:13:32+0200,883e5adc-9734-481d-ba75-ca4b61ed39d5,2026-05-29T11:15:00Z,2026-05-29T13:15:00+0200,50478.32,MW,FR,FR,actual_load,Actual Load,2026-06-19T10:14:15Z
2026-06-19T10:13:32Z,2026-06-19T12:13:32+0200,883e5adc-9734-481d-ba75-ca4b61ed39d5,2026-05-29T11:30:00Z,2026-05-29T13:30:00+0200,50318.32,MW,FR,FR,actual_load,Actual Load,2026-06-19T10:14:15Z
2026-06-19T10:13:32Z,2026-06-19T12:13:32+0200,883e5adc-9734-481d-ba75-ca4b61ed39d5,2026-05-29T11:45:00Z,2026-05-29T13:45:00+0200,50446.09,MW,FR,FR,actual_load,Actual Load,2026-06-19T10:14:15Z
2026-06-19T10:13:32Z,2026-06-19T12:13:32+0200,883e5adc-9734-481d-ba75-ca4b61ed39d5,2026-05-29T12:00:00Z,2026-05-29T14:00:00+0200,51485.46,MW,FR,FR,actual_load,Actual Load,2026-06-19T10:14:15Z
2026-06-19T10:13:32Z,2026-06-19T12:13:32+0200,883e5adc-9734-481d-ba75-ca4b61ed39d5,2026-05-29T12:15:00Z,2026-05-29T14:15:00+0200,51460.21,MW,FR,FR,actual_load,Actual Load,2026-06-19T10:14:15Z
2026-06-19T10:13:32Z,2026-06-19T12:13:32+0200,883e5adc-9734-481d-ba75-ca4b61ed39d5,2026-05-29T12:30:00Z,2026-05-29T14:30:00+0200,51533.39,MW,FR,FR,actual_load,Actual Load,2026-06-19T10:14:15Z
2026-06-19T10:13:32Z,2026-06-19T12:13:32+0200,883e5adc-9734-481d-ba75-ca4b61ed39d5,2026-05-29T12:45:00Z,2026-05-29T14:45:00+0200,51128.42,MW,FR,FR,actual_load,Actual Load,2026-06-19T10:14:15Z
2026-06-19T10:13:32Z,2026-06-19T12:13:32+0200,883e5adc-9734-481d-ba75-ca4b61ed39d5,2026-05-29T13:00:00Z,2026-05-29T15:00:00+0200,50993.4,MW,FR,FR,actual_load,Actual Load,2026-06-19T10:14:15Z
2026-06-19T10:13:32Z,2026-06-19T12:13:32+0200,883e5adc-9734-481d-ba75-ca4b61ed39d5,2026-05-29T13:15:00Z,2026-05-29T15:15:00+0200,50462.02,MW,FR,FR,actual_load,Actual Load,2026-06-19T10:14:15Z
2026-06-19T10:13:32Z,2026-06-19T12:13:32+0200,883e5adc-9734-481d-ba75-ca4b61ed39d5,2026-05-29T13:30:00Z,2026-05-29T15:30:00+0200,49369.8,MW,FR,FR,actual_load,Actual Load,2026-06-19T10:14:15Z
2026-06-19T10:13:32Z,2026-06-19T12:13:32+0200,883e5adc-9734-481d-ba75-ca4b61ed39d5,2026-05-29T13:45:00Z,2026-05-29T15:45:00+0200,49690.07,MW,FR,FR,actual_load,Actual Load,2026-06-19T10:14:15Z
2026-06-19T10:13:32Z,2026-06-19T12:13:32+0200,883e5adc-9734-481d-ba75-ca4b61ed39d5,2026-05-29T14:00:00Z,2026-05-29T16:00:00+0200,49090.47,MW,FR,FR,actual_load,Actual Load,2026-06-19T10:14:15Z
2026-06-19T10:13:32Z,2026-06-19T12:13:32+0200,883e5adc-9734-481d-ba75-ca4b61ed39d5,2026-05-29T14:15:00Z,2026-05-29T16:15:00+0200,48794.0,MW,FR,FR,actual_load,Actual Load,2026-06-19T10:14:15Z
2026-06-19T10:13:32Z,2026-06-19T12:13:32+0200,883e5adc-9734-481d-ba75-ca4b61ed39d5,2026-05-29T14:30:00Z,2026-05-29T16:30:00+0200,48446.3,MW,FR,FR,actual_load,Actual Load,2026-06-19T10:14:15Z
2026-06-19T10:13:32Z,2026-06-19T12:13:32+0200,883e5adc-9734-481d-ba75-ca4b61ed39d5,2026-05-29T14:45:00Z,2026-05-29T16:45:00+0200,48514.94,MW,FR,FR,actual_load,Actual Load,2026-06-19T10:14:15Z
2026-06-19T10:13:32Z,2026-06-19T12:13:32+0200,883e5adc-9734-481d-ba75-ca4b61ed39d5,2026-05-29T15:00:00Z,2026-05-29T17:00:00+0200,48698.11,MW,FR,FR,actual_load,Actual Load,2026-06-19T10:14:15Z
2026-06-19T10:13:32Z,2026-06-19T12:13:32+0200,883e5adc-9734-481d-ba75-ca4b61ed39d5,2026-05-29T15:15:00Z,2026-05-29T17:15:00+0200,48946.64,MW,FR,FR,actual_load,Actual Load,2026-06-19T10:14:15Z
2026-06-19T10:13:32Z,2026-06-19T12:13:32+0200,883e5adc-9734-481d-ba75-ca4b61ed39d5,2026-05-29T15:30:00Z,2026-05-29T17:30:00+0200,49274.17,MW,FR,FR,actual_load,Actual Load,2026-06-19T10:14:15Z
2026-06-19T10:13:32Z,2026-06-19T12:13:32+0200,883e5adc-9734-481d-ba75-ca4b61ed39d5,2026-05-29T15:45:00Z,2026-05-29T17:45:00+0200,49540.92,MW,FR,FR,actual_load,Actual Load,2026-06-19T10:14:15Z
2026-06-19T10:13:32Z,2026-06-19T12:13:32+0200,883e5adc-9734-481d-ba75-ca4b61ed39d5,2026-05-29T16:00:00Z,2026-05-29T18:00:00+0200,50023.17,MW,FR,FR,actual_load,Actual Load,2026-06-19T10:14:15Z
2026-06-19T10:13:32Z,2026-06-19T12:13:32+0200,883e5adc-9734-481d-ba75-ca4b61ed39d5,2026-05-29T16:15:00Z,2026-05-29T18:15:00+0200,50424.6,MW,FR,FR,actual_load,Actual Load,2026-06-19T10:14:15Z
2026-06-19T10:13:32Z,2026-06-19T12:13:32+0200,883e5adc-9734-481d-ba75-ca4b61ed39d5,2026-05-29T16:30:00Z,2026-05-29T18:30:00+0200,50797.57,MW,FR,FR,actual_load,Actual Load,2026-06-19T10:14:15Z
2026-06-19T10:13:32Z,2026-06-19T12:13:32+0200,883e5adc-9734-481d-ba75-ca4b61ed39d5,2026-05-29T16:45:00Z,2026-05-29T18:45:00+0200,51008.5,MW,FR,FR,actual_load,Actual Load,2026-06-19T10:14:15Z
2026-06-19T10:13:32Z,2026-06-19T12:13:32+0200,883e5adc-9734-481d-ba75-ca4b61ed39d5,2026-05-29T17:00:00Z,2026-05-29T19:00:00+0200,50752.39,MW,FR,FR,actual_load,Actual Load,2026-06-19T10:14:15Z
2026-06-19T10:13:32Z,2026-06-19T12:13:32+0200,883e5adc-9734-481d-ba75-ca4b61ed39d5,2026-05-29T17:15:00Z,2026-05-29T19:15:00+0200,50460.43,MW,FR,FR,actual_load,Actual Load,2026-06-19T10:14:15Z
2026-06-19T10:13:32Z,2026-06-19T12:13:32+0200,883e5adc-9734-481d-ba75-ca4b61ed39d5,2026-05-29T17:30:00Z,2026-05-29T19:30:00+0200,49990.93,MW,FR,FR,actual_load,Actual Load,2026-06-19T10:14:15Z
2026-06-19T10:13:32Z,2026-06-19T12:13:32+0200,883e5adc-9734-481d-ba75-ca4b61ed39d5,2026-05-29T17:45:00Z,2026-05-29T19:45:00+0200,49641.05,MW,FR,FR,actual_load,Actual Load,2026-06-19T10:14:15Z
2026-06-19T10:13:32Z,2026-06-19T12:13:32+0200,883e5adc-9734-481d-ba75-ca4b61ed39d5,2026-05-29T18:00:00Z,2026-05-29T20:00:00+0200,48710.81,MW,FR,FR,actual_load,Actual Load,2026-06-19T10:14:15Z
2026-06-19T10:13:32Z,2026-06-19T12:13:32+0200,883e5adc-9734-481d-ba75-ca4b61ed39d5,2026-05-29T18:15:00Z,2026-05-29T20:15:00+0200,47883.71,MW,FR,FR,actual_load,Actual Load,2026-06-19T10:14:15Z
2026-06-19T10:13:32Z,2026-06-19T12:13:32+0200,883e5adc-9734-481d-ba75-ca4b61ed39d5,2026-05-29T18:30:00Z,2026-05-29T20:30:00+0200,47101.53,MW,FR,FR,actual_load,Actual Load,2026-06-19T10:14:15Z
2026-06-19T10:13:32Z,2026-06-19T12:13:32+0200,883e5adc-9734-481d-ba75-ca4b61ed39d5,2026-05-29T18:45:00Z,2026-05-29T20:45:00+0200,46430.5,MW,FR,FR,actual_load,Actual Load,2026-06-19T10:14:15Z
2026-06-19T10:13:32Z,2026-06-19T12:13:32+0200,883e5adc-9734-481d-ba75-ca4b61ed39d5,2026-05-29T19:00:00Z,2026-05-29T21:00:00+0200,46307.19,MW,FR,FR,actual_load,Actual Load,2026-06-19T10:14:15Z
2026-06-19T10:13:32Z,2026-06-19T12:13:32+0200,883e5adc-9734-481d-ba75-ca4b61ed39d5,2026-05-29T19:15:00Z,2026-05-29T21:15:00+0200,45920.63,MW,FR,FR,actual_load,Actual Load,2026-06-19T10:14:15Z
2026-06-19T10:13:32Z,2026-06-19T12:13:32+0200,883e5adc-9734-481d-ba75-ca4b61ed39d5,2026-05-29T19:30:00Z,2026-05-29T21:30:00+0200,45878.0,MW,FR,FR,actual_load,Actual Load,2026-06-19T10:14:15Z
2026-06-19T10:13:32Z,2026-06-19T12:13:32+0200,883e5adc-9734-481d-ba75-ca4b61ed39d5,2026-05-29T19:45:00Z,2026-05-29T21:45:00+0200,45499.26,MW,FR,FR,actual_load,Actual Load,2026-06-19T10:14:15Z
2026-06-19T10:13:32Z,2026-06-19T12:13:32+0200,883e5adc-9734-481d-ba75-ca4b61ed39d5,2026-05-29T20:00:00Z,2026-05-29T22:00:00+0200,46843.52,MW,FR,FR,actual_load,Actual Load,2026-06-19T10:14:15Z
2026-06-19T10:13:32Z,2026-06-19T12:13:32+0200,883e5adc-9734-481d-ba75-ca4b61ed39d5,2026-05-29T20:15:00Z,2026-05-29T22:15:00+0200,46672.17,MW,FR,FR,actual_load,Actual Load,2026-06-19T10:14:15Z
2026-06-19T10:13:32Z,2026-06-19T12:13:32+0200,883e5adc-9734-481d-ba75-ca4b61ed39d5,2026-05-29T20:30:00Z,2026-05-29T22:30:00+0200,47799.66,MW,FR,FR,actual_load,Actual Load,2026-06-19T10:14:15Z
2026-06-19T10:13:32Z,2026-06-19T12:13:32+0200,883e5adc-9734-481d-ba75-ca4b61ed39d5,2026-05-29T20:45:00Z,2026-05-29T22:45:00+0200,47122.3,MW,FR,FR,actual_load,Actual Load,2026-06-19T10:14:15Z
2026-06-19T10:13:32Z,2026-06-19T12:13:32+0200,883e5adc-9734-481d-ba75-ca4b61ed39d5,2026-05-29T21:00:00Z,2026-05-29T23:00:00+0200,46791.09,MW,FR,FR,actual_load,Actual Load,2026-06-19T10:14:15Z
2026-06-19T10:13:32Z,2026-06-19T12:13:32+0200,883e5adc-9734-481d-ba75-ca4b61ed39d5,2026-05-29T21:15:00Z,2026-05-29T23:15:00+0200,45943.63,MW,FR,FR,actual_load,Actual Load,2026-06-19T10:14:15Z
2026-06-19T10:13:32Z,2026-06-19T12:13:32+0200,883e5adc-9734-481d-ba75-ca4b61ed39d5,2026-05-29T21:30:00Z,2026-05-29T23:30:00+0200,46370.96,MW,FR,FR,actual_load,Actual Load,2026-06-19T10:14:15Z
2026-06-19T10:13:32Z,2026-06-19T12:13:32+0200,883e5adc-9734-481d-ba75-ca4b61ed39d5,2026-05-29T21:45:00Z,2026-05-29T23:45:00+0200,45334.44,MW,FR,FR,actual_load,Actual Load,2026-06-19T10:14:15Z
2026-06-19T10:13:32Z,2026-06-19T12:13:32+0200,883e5adc-9734-481d-ba75-ca4b61ed39d5,2026-05-29T22:00:00Z,2026-05-30T00:00:00+0200,45218.48,MW,FR,FR,actual_load,Actual Load,2026-06-19T10:14:15Z
2026-06-19T10:13:32Z,2026-06-19T12:13:32+0200,883e5adc-9734-481d-ba75-ca4b61ed39d5,2026-05-29T22:15:00Z,2026-05-30T00:15:00+0200,44068.08,MW,FR,FR,actual_load,Actual Load,2026-06-19T10:14:15Z
2026-06-19T10:13:32Z,2026-06-19T12:13:32+0200,883e5adc-9734-481d-ba75-ca4b61ed39d5,2026-05-29T22:30:00Z,2026-05-30T00:30:00+0200,42505.79,MW,FR,FR,actual_load,Actual Load,2026-06-19T10:14:15Z
2026-06-19T10:13:32Z,2026-06-19T12:13:32+0200,883e5adc-9734-481d-ba75-ca4b61ed39d5,2026-05-29T22:45:00Z,2026-05-30T00:45:00+0200,41304.99,MW,FR,FR,actual_load,Actual Load,2026-06-19T10:14:15Z
2026-06-19T10:13:32Z,2026-06-19T12:13:32+0200,883e5adc-9734-481d-ba75-ca4b61ed39d5,2026-05-29T23:00:00Z,2026-05-30T01:00:00+0200,41395.66,MW,FR,FR,actual_load,Actual Load,2026-06-19T10:14:15Z
2026-06-19T10:13:32Z,2026-06-19T12:13:32+0200,883e5adc-9734-481d-ba75-ca4b61ed39d5,2026-05-29T23:15:00Z,2026-05-30T01:15:00+0200,40516.6,MW,FR,FR,actual_load,Actual Load,2026-06-19T10:14:15Z
2026-06-19T10:13:32Z,2026-06-19T12:13:32+0200,883e5adc-9734-481d-ba75-ca4b61ed39d5,2026-05-29T23:30:00Z,2026-05-30T01:30:00+0200,40355.15,MW,FR,FR,actual_load,Actual Load,2026-06-19T10:14:15Z
2026-06-19T10:13:32Z,2026-06-19T12:13:32+0200,883e5adc-9734-481d-ba75-ca4b61ed39d5,2026-05-29T23:45:00Z,2026-05-30T01:45:00+0200,39617.54,MW,FR,FR,actual_load,Actual Load,2026-06-19T10:14:15Z
2026-06-19T10:13:32Z,2026-06-19T12:13:32+0200,883e5adc-9734-481d-ba75-ca4b61ed39d5,2026-05-30T00:00:00Z,2026-05-30T02:00:00+0200,39235.51,MW,FR,FR,actual_load,Actual Load,2026-06-19T10:14:15Z
2026-06-19T10:13:32Z,2026-06-19T12:13:32+0200,883e5adc-9734-481d-ba75-ca4b61ed39d5,2026-05-30T00:15:00Z,2026-05-30T02:15:00+0200,38276.79,MW,FR,FR,actual_load,Actual Load,2026-06-19T10:14:15Z
2026-06-19T10:13:32Z,2026-06-19T12:13:32+0200,883e5adc-9734-481d-ba75-ca4b61ed39d5,2026-05-30T00:30:00Z,2026-05-30T02:30:00+0200,37637.91,MW,FR,FR,actual_load,Actual Load,2026-06-19T10:14:15Z
2026-06-19T10:13:32Z,2026-06-19T12:13:32+0200,883e5adc-9734-481d-ba75-ca4b61ed39d5,2026-05-30T00:45:00Z,2026-05-30T02:45:00+0200,36793.96,MW,FR,FR,actual_load,Actual Load,2026-06-19T10:14:15Z
2026-06-19T10:13:32Z,2026-06-19T12:13:32+0200,883e5adc-9734-481d-ba75-ca4b61ed39d5,2026-05-30T01:00:00Z,2026-05-30T03:00:00+0200,36262.46,MW,FR,FR,actual_load,Actual Load,2026-06-19T10:14:15Z
2026-06-19T10:13:32Z,2026-06-19T12:13:32+0200,883e5adc-9734-481d-ba75-ca4b61ed39d5,2026-05-30T01:15:00Z,2026-05-30T03:15:00+0200,35777.52,MW,FR,FR,actual_load,Actual Load,2026-06-19T10:14:15Z
2026-06-19T10:13:32Z,2026-06-19T12:13:32+0200,883e5adc-9734-481d-ba75-ca4b61ed39d5,2026-05-30T01:30:00Z,2026-05-30T03:30:00+0200,35599.41,MW,FR,FR,actual_load,Actual Load,2026-06-19T10:14:15Z
2026-06-19T10:13:32Z,2026-06-19T12:13:32+0200,883e5adc-9734-481d-ba75-ca4b61ed39d5,2026-05-30T01:45:00Z,2026-05-30T03:45:00+0200,35178.23,MW,FR,FR,actual_load,Actual Load,2026-06-19T10:14:15Z
2026-06-19T10:13:32Z,2026-06-19T12:13:32+0200,883e5adc-9734-481d-ba75-ca4b61ed39d5,2026-05-30T02:00:00Z,2026-05-30T04:00:00+0200,34898.31,MW,FR,FR,actual_load,Actual Load,2026-06-19T10:14:15Z
2026-06-19T10:13:32Z,2026-06-19T12:13:32+0200,883e5adc-9734-481d-ba75-ca4b61ed39d5,2026-05-30T02:15:00Z,2026-05-30T04:15:00+0200,34616.32,MW,FR,FR,actual_load,Actual Load,2026-06-19T10:14:15Z
2026-06-19T10:13:32Z,2026-06-19T12:13:32+0200,883e5adc-9734-481d-ba75-ca4b61ed39d5,2026-05-30T02:30:00Z,2026-05-30T04:30:00+0200,34663.48,MW,FR,FR,actual_load,Actual Load,2026-06-19T10:14:15Z
2026-06-19T10:13:32Z,2026-06-19T12:13:32+0200,883e5adc-9734-481d-ba75-ca4b61ed39d5,2026-05-30T02:45:00Z,2026-05-30T04:45:00+0200,34443.84,MW,FR,FR,actual_load,Actual Load,2026-06-19T10:14:15Z
2026-06-19T10:13:32Z,2026-06-19T12:13:32+0200,883e5adc-9734-481d-ba75-ca4b61ed39d5,2026-05-30T03:00:00Z,2026-05-30T05:00:00+0200,34586.95,MW,FR,FR,actual_load,Actual Load,2026-06-19T10:14:15Z
2026-06-19T10:13:32Z,2026-06-19T12:13:32+0200,883e5adc-9734-481d-ba75-ca4b61ed39d5,2026-05-30T03:15:00Z,2026-05-30T05:15:00+0200,34542.27,MW,FR,FR,actual_load,Actual Load,2026-06-19T10:14:15Z
2026-06-19T10:13:32Z,2026-06-19T12:13:32+0200,883e5adc-9734-481d-ba75-ca4b61ed39d5,2026-05-30T03:30:00Z,2026-05-30T05:30:00+0200,34472.3,MW,FR,FR,actual_load,Actual Load,2026-06-19T10:14:15Z
2026-06-19T10:13:32Z,2026-06-19T12:13:32+0200,883e5adc-9734-481d-ba75-ca4b61ed39d5,2026-05-30T03:45:00Z,2026-05-30T05:45:00+0200,34501.84,MW,FR,FR,actual_load,Actual Load,2026-06-19T10:14:15Z
2026-06-19T10:13:32Z,2026-06-19T12:13:32+0200,883e5adc-9734-481d-ba75-ca4b61ed39d5,2026-05-30T04:00:00Z,2026-05-30T06:00:00+0200,34565.11,MW,FR,FR,actual_load,Actual Load,2026-06-19T10:14:15Z
2026-06-19T10:13:32Z,2026-06-19T12:13:32+0200,883e5adc-9734-481d-ba75-ca4b61ed39d5,2026-05-30T04:15:00Z,2026-05-30T06:15:00+0200,34640.77,MW,FR,FR,actual_load,Actual Load,2026-06-19T10:14:15Z
2026-06-19T10:13:32Z,2026-06-19T12:13:32+0200,883e5adc-9734-481d-ba75-ca4b61ed39d5,2026-05-30T04:30:00Z,2026-05-30T06:30:00+0200,34673.18,MW,FR,FR,actual_load,Actual Load,2026-06-19T10:14:15Z
2026-06-19T10:13:32Z,2026-06-19T12:13:32+0200,883e5adc-9734-481d-ba75-ca4b61ed39d5,2026-05-30T04:45:00Z,2026-05-30T06:45:00+0200,35017.61,MW,FR,FR,actual_load,Actual Load,2026-06-19T10:14:15Z
2026-06-19T10:13:32Z,2026-06-19T12:13:32+0200,883e5adc-9734-481d-ba75-ca4b61ed39d5,2026-05-30T05:00:00Z,2026-05-30T07:00:00+0200,35371.27,MW,FR,FR,actual_load,Actual Load,2026-06-19T10:14:15Z
2026-06-19T10:13:32Z,2026-06-19T12:13:32+0200,883e5adc-9734-481d-ba75-ca4b61ed39d5,2026-05-30T05:15:00Z,2026-05-30T07:15:00+0200,35702.26,MW,FR,FR,actual_load,Actual Load,2026-06-19T10:14:15Z
2026-06-19T10:13:32Z,2026-06-19T12:13:32+0200,883e5adc-9734-481d-ba75-ca4b61ed39d5,2026-05-30T05:30:00Z,2026-05-30T07:30:00+0200,36064.14,MW,FR,FR,actual_load,Actual Load,2026-06-19T10:14:15Z
2026-06-19T10:13:32Z,2026-06-19T12:13:32+0200,883e5adc-9734-481d-ba75-ca4b61ed39d5,2026-05-30T05:45:00Z,2026-05-30T07:45:00+0200,36632.66,MW,FR,FR,actual_load,Actual Load,2026-06-19T10:14:15Z
2026-06-19T10:13:32Z,2026-06-19T12:13:32+0200,883e5adc-9734-481d-ba75-ca4b61ed39d5,2026-05-30T06:00:00Z,2026-05-30T08:00:00+0200,37115.72,MW,FR,FR,actual_load,Actual Load,2026-06-19T10:14:15Z
2026-06-19T10:13:32Z,2026-06-19T12:13:32+0200,883e5adc-9734-481d-ba75-ca4b61ed39d5,2026-05-30T06:15:00Z,2026-05-30T08:15:00+0200,37854.3,MW,FR,FR,actual_load,Actual Load,2026-06-19T10:14:15Z
2026-06-19T10:13:32Z,2026-06-19T12:13:32+0200,883e5adc-9734-481d-ba75-ca4b61ed39d5,2026-05-30T06:30:00Z,2026-05-30T08:30:00+0200,38943.33,MW,FR,FR,actual_load,Actual Load,2026-06-19T10:14:15Z
2026-06-19T10:13:32Z,2026-06-19T12:13:32+0200,883e5adc-9734-481d-ba75-ca4b61ed39d5,2026-05-30T06:45:00Z,2026-05-30T08:45:00+0200,39663.56,MW,FR,FR,actual_load,Actual Load,2026-06-19T10:14:15Z
2026-06-19T10:13:32Z,2026-06-19T12:13:32+0200,883e5adc-9734-481d-ba75-ca4b61ed39d5,2026-05-30T07:00:00Z,2026-05-30T09:00:00+0200,40231.64,MW,FR,FR,actual_load,Actual Load,2026-06-19T10:14:15Z
2026-06-19T10:13:32Z,2026-06-19T12:13:32+0200,883e5adc-9734-481d-ba75-ca4b61ed39d5,2026-05-30T07:15:00Z,2026-05-30T09:15:00+0200,40624.84,MW,FR,FR,actual_load,Actual Load,2026-06-19T10:14:15Z
2026-06-19T10:13:32Z,2026-06-19T12:13:32+0200,883e5adc-9734-481d-ba75-ca4b61ed39d5,2026-05-30T07:30:00Z,2026-05-30T09:30:00+0200,40913.73,MW,FR,FR,actual_load,Actual Load,2026-06-19T10:14:15Z
2026-06-19T10:13:32Z,2026-06-19T12:13:32+0200,883e5adc-9734-481d-ba75-ca4b61ed39d5,2026-05-30T07:45:00Z,2026-05-30T09:45:00+0200,41214.05,MW,FR,FR,actual_load,Actual Load,2026-06-19T10:14:15Z
2026-06-19T10:13:32Z,2026-06-19T12:13:32+0200,883e5adc-9734-481d-ba75-ca4b61ed39d5,2026-05-30T08:00:00Z,2026-05-30T10:00:00+0200,41780.22,MW,FR,FR,actual_load,Actual Load,2026-06-19T10:14:15Z
2026-06-19T10:13:32Z,2026-06-19T12:13:32+0200,883e5adc-9734-481d-ba75-ca4b61ed39d5,2026-05-30T08:15:00Z,2026-05-30T10:15:00+0200,41911.52,MW,FR,FR,actual_load,Actual Load,2026-06-19T10:14:15Z
2026-06-19T10:13:32Z,2026-06-19T12:13:32+0200,883e5adc-9734-481d-ba75-ca4b61ed39d5,2026-05-30T08:30:00Z,2026-05-30T10:30:00+0200,42182.84,MW,FR,FR,actual_load,Actual Load,2026-06-19T10:14:15Z
2026-06-19T10:13:32Z,2026-06-19T12:13:32+0200,883e5adc-9734-481d-ba75-ca4b61ed39d5,2026-05-30T08:45:00Z,2026-05-30T10:45:00+0200,42456.95,MW,FR,FR,actual_load,Actual Load,2026-06-19T10:14:15Z
2026-06-19T10:13:32Z,2026-06-19T12:13:32+0200,883e5adc-9734-481d-ba75-ca4b61ed39d5,2026-05-30T09:00:00Z,2026-05-30T11:00:00+0200,42873.93,MW,FR,FR,actual_load,Actual Load,2026-06-19T10:14:15Z
2026-06-19T10:13:32Z,2026-06-19T12:13:32+0200,883e5adc-9734-481d-ba75-ca4b61ed39d5,2026-05-30T09:15:00Z,2026-05-30T11:15:00+0200,42963.77,MW,FR,FR,actual_load,Actual Load,2026-06-19T10:14:15Z
2026-06-19T10:13:32Z,2026-06-19T12:13:32+0200,883e5adc-9734-481d-ba75-ca4b61ed39d5,2026-05-30T09:30:00Z,2026-05-30T11:30:00+0200,43124.93,MW,FR,FR,actual_load,Actual Load,2026-06-19T10:14:15Z
2026-06-19T10:13:32Z,2026-06-19T12:13:32+0200,883e5adc-9734-481d-ba75-ca4b61ed39d5,2026-05-30T09:45:00Z,2026-05-30T11:45:00+0200,43750.32,MW,FR,FR,actual_load,Actual Load,2026-06-19T10:14:15Z
2026-06-19T10:13:32Z,2026-06-19T12:13:32+0200,883e5adc-9734-481d-ba75-ca4b61ed39d5,2026-05-30T10:00:00Z,2026-05-30T12:00:00+0200,44433.59,MW,FR,FR,actual_load,Actual Load,2026-06-19T10:14:15Z
2026-06-19T10:13:32Z,2026-06-19T12:13:32+0200,883e5adc-9734-481d-ba75-ca4b61ed39d5,2026-05-30T10:15:00Z,2026-05-30T12:15:00+0200,44701.68,MW,FR,FR,actual_load,Actual Load,2026-06-19T10:14:15Z
2026-06-19T10:13:32Z,2026-06-19T12:13:32+0200,883e5adc-9734-481d-ba75-ca4b61ed39d5,2026-05-30T10:30:00Z,2026-05-30T12:30:00+0200,45536.29,MW,FR,FR,actual_load,Actual Load,2026-06-19T10:14:15Z
2026-06-19T10:13:32Z,2026-06-19T12:13:32+0200,883e5adc-9734-481d-ba75-ca4b61ed39d5,2026-05-30T10:45:00Z,2026-05-30T12:45:00+0200,45215.01,MW,FR,FR,actual_load,Actual Load,2026-06-19T10:14:15Z
2026-06-19T10:13:32Z,2026-06-19T12:13:32+0200,883e5adc-9734-481d-ba75-ca4b61ed39d5,2026-05-30T11:00:00Z,2026-05-30T13:00:00+0200,44692.43,MW,FR,FR,actual_load,Actual Load,2026-06-19T10:14:15Z
2026-06-19T10:13:32Z,2026-06-19T12:13:32+0200,883e5adc-9734-481d-ba75-ca4b61ed39d5,2026-05-30T11:15:00Z,2026-05-30T13:15:00+0200,43906.64,MW,FR,FR,actual_load,Actual Load,2026-06-19T10:14:15Z
2026-06-19T10:13:32Z,2026-06-19T12:13:32+0200,883e5adc-9734-481d-ba75-ca4b61ed39d5,2026-05-30T11:30:00Z,2026-05-30T13:30:00+0200,43604.21,MW,FR,FR,actual_load,Actual Load,2026-06-19T10:14:15Z
2026-06-19T10:13:32Z,2026-06-19T12:13:32+0200,883e5adc-9734-481d-ba75-ca4b61ed39d5,2026-05-30T11:45:00Z,2026-05-30T13:45:00+0200,43424.39,MW,FR,FR,actual_load,Actual Load,2026-06-19T10:14:15Z
2026-06-19T10:13:32Z,2026-06-19T12:13:32+0200,883e5adc-9734-481d-ba75-ca4b61ed39d5,2026-05-30T12:00:00Z,2026-05-30T14:00:00+0200,44168.97,MW,FR,FR,actual_load,Actual Load,2026-06-19T10:14:15Z
2026-06-19T10:13:32Z,2026-06-19T12:13:32+0200,883e5adc-9734-481d-ba75-ca4b61ed39d5,2026-05-30T12:15:00Z,2026-05-30T14:15:00+0200,44202.46,MW,FR,FR,actual_load,Actual Load,2026-06-19T10:14:15Z
2026-06-19T10:13:32Z,2026-06-19T12:13:32+0200,883e5adc-9734-481d-ba75-ca4b61ed39d5,2026-05-30T12:30:00Z,2026-05-30T14:30:00+0200,44253.33,MW,FR,FR,actual_load,Actual Load,2026-06-19T10:14:15Z
2026-06-19T10:13:32Z,2026-06-19T12:13:32+0200,883e5adc-9734-481d-ba75-ca4b61ed39d5,2026-05-30T12:45:00Z,2026-05-30T14:45:00+0200,43798.54,MW,FR,FR,actual_load,Actual Load,2026-06-19T10:14:15Z
2026-06-19T10:13:32Z,2026-06-19T12:13:32+0200,883e5adc-9734-481d-ba75-ca4b61ed39d5,2026-05-30T13:00:00Z,2026-05-30T15:00:00+0200,43826.02,MW,FR,FR,actual_load,Actual Load,2026-06-19T10:14:15Z
2026-06-19T10:13:32Z,2026-06-19T12:13:32+0200,883e5adc-9734-481d-ba75-ca4b61ed39d5,2026-05-30T13:15:00Z,2026-05-30T15:15:00+0200,43725.46,MW,FR,FR,actual_load,Actual Load,2026-06-19T10:14:15Z
2026-06-19T10:13:32Z,2026-06-19T12:13:32+0200,883e5adc-9734-481d-ba75-ca4b61ed39d5,2026-05-30T13:30:00Z,2026-05-30T15:30:00+0200,43334.3,MW,FR,FR,actual_load,Actual Load,2026-06-19T10:14:15Z
2026-06-19T10:13:32Z,2026-06-19T12:13:32+0200,883e5adc-9734-481d-ba75-ca4b61ed39d5,2026-05-30T13:45:00Z,2026-05-30T15:45:00+0200,43300.0,MW,FR,FR,actual_load,Actual Load,2026-06-19T10:14:15Z
2026-06-19T10:13:32Z,2026-06-19T12:13:32+0200,883e5adc-9734-481d-ba75-ca4b61ed39d5,2026-05-30T14:00:00Z,2026-05-30T16:00:00+0200,43292.99,MW,FR,FR,actual_load,Actual Load,2026-06-19T10:14:15Z
2026-06-19T10:13:32Z,2026-06-19T12:13:32+0200,883e5adc-9734-481d-ba75-ca4b61ed39d5,2026-05-30T14:15:00Z,2026-05-30T16:15:00+0200,43124.68,MW,FR,FR,actual_load,Actual Load,2026-06-19T10:14:15Z
2026-06-19T10:13:32Z,2026-06-19T12:13:32+0200,883e5adc-9734-481d-ba75-ca4b61ed39d5,2026-05-30T14:30:00Z,2026-05-30T16:30:00+0200,43026.56,MW,FR,FR,actual_load,Actual Load,2026-06-19T10:14:15Z
2026-06-19T10:13:32Z,2026-06-19T12:13:32+0200,883e5adc-9734-481d-ba75-ca4b61ed39d5,2026-05-30T14:45:00Z,2026-05-30T16:45:00+0200,42653.54,MW,FR,FR,actual_load,Actual Load,2026-06-19T10:14:15Z
2026-06-19T10:13:32Z,2026-06-19T12:13:32+0200,883e5adc-9734-481d-ba75-ca4b61ed39d5,2026-05-30T15:00:00Z,2026-05-30T17:00:00+0200,42769.52,MW,FR,FR,actual_load,Actual Load,2026-06-19T10:14:15Z
2026-06-19T10:13:32Z,2026-06-19T12:13:32+0200,883e5adc-9734-481d-ba75-ca4b61ed39d5,2026-05-30T15:15:00Z,2026-05-30T17:15:00+0200,43036.93,MW,FR,FR,actual_load,Actual Load,2026-06-19T10:14:15Z
2026-06-19T10:13:32Z,2026-06-19T12:13:32+0200,883e5adc-9734-481d-ba75-ca4b61ed39d5,2026-05-30T15:30:00Z,2026-05-30T17:30:00+0200,43606.38,MW,FR,FR,actual_load,Actual Load,2026-06-19T10:14:15Z
2026-06-19T10:13:32Z,2026-06-19T12:13:32+0200,883e5adc-9734-481d-ba75-ca4b61ed39d5,2026-05-30T15:45:00Z,2026-05-30T17:45:00+0200,43866.3,MW,FR,FR,actual_load,Actual Load,2026-06-19T10:14:15Z
2026-06-19T10:13:32Z,2026-06-19T12:13:32+0200,883e5adc-9734-481d-ba75-ca4b61ed39d5,2026-05-30T16:00:00Z,2026-05-30T18:00:00+0200,44027.63,MW,FR,FR,actual_load,Actual Load,2026-06-19T10:14:15Z
2026-06-19T10:13:32Z,2026-06-19T12:13:32+0200,883e5adc-9734-481d-ba75-ca4b61ed39d5,2026-05-30T16:15:00Z,2026-05-30T18:15:00+0200,44280.94,MW,FR,FR,actual_load,Actual Load,2026-06-19T10:14:15Z
2026-06-19T10:13:32Z,2026-06-19T12:13:32+0200,883e5adc-9734-481d-ba75-ca4b61ed39d5,2026-05-30T16:30:00Z,2026-05-30T18:30:00+0200,44383.04,MW,FR,FR,actual_load,Actual Load,2026-06-19T10:14:15Z
2026-06-19T10:13:32Z,2026-06-19T12:13:32+0200,883e5adc-9734-481d-ba75-ca4b61ed39d5,2026-05-30T16:45:00Z,2026-05-30T18:45:00+0200,44479.02,MW,FR,FR,actual_load,Actual Load,2026-06-19T10:14:15Z
2026-06-19T10:13:32Z,2026-06-19T12:13:32+0200,883e5adc-9734-481d-ba75-ca4b61ed39d5,2026-05-30T17:00:00Z,2026-05-30T19:00:00+0200,44601.9,MW,FR,FR,actual_load,Actual Load,2026-06-19T10:14:15Z
2026-06-19T10:13:32Z,2026-06-19T12:13:32+0200,883e5adc-9734-481d-ba75-ca4b61ed39d5,2026-05-30T17:15:00Z,2026-05-30T19:15:00+0200,44381.36,MW,FR,FR,actual_load,Actual Load,2026-06-19T10:14:15Z
2026-06-19T10:13:32Z,2026-06-19T12:13:32+0200,883e5adc-9734-481d-ba75-ca4b61ed39d5,2026-05-30T17:30:00Z,2026-05-30T19:30:00+0200,44225.18,MW,FR,FR,actual_load,Actual Load,2026-06-19T10:14:15Z
2026-06-19T10:13:32Z,2026-06-19T12:13:32+0200,883e5adc-9734-481d-ba75-ca4b61ed39d5,2026-05-30T17:45:00Z,2026-05-30T19:45:00+0200,43770.87,MW,FR,FR,actual_load,Actual Load,2026-06-19T10:14:15Z
2026-06-19T10:13:32Z,2026-06-19T12:13:32+0200,883e5adc-9734-481d-ba75-ca4b61ed39d5,2026-05-30T18:00:00Z,2026-05-30T20:00:00+0200,43314.83,MW,FR,FR,actual_load,Actual Load,2026-06-19T10:14:15Z
2026-06-19T10:13:32Z,2026-06-19T12:13:32+0200,883e5adc-9734-481d-ba75-ca4b61ed39d5,2026-05-30T18:15:00Z,2026-05-30T20:15:00+0200,42710.12,MW,FR,FR,actual_load,Actual Load,2026-06-19T10:14:15Z
2026-06-19T10:13:32Z,2026-06-19T12:13:32+0200,883e5adc-9734-481d-ba75-ca4b61ed39d5,2026-05-30T18:30:00Z,2026-05-30T20:30:00+0200,42147.13,MW,FR,FR,actual_load,Actual Load,2026-06-19T10:14:15Z
2026-06-19T10:13:32Z,2026-06-19T12:13:32+0200,883e5adc-9734-481d-ba75-ca4b61ed39d5,2026-05-30T18:45:00Z,2026-05-30T20:45:00+0200,41488.73,MW,FR,FR,actual_load,Actual Load,2026-06-19T10:14:15Z
2026-06-19T10:13:32Z,2026-06-19T12:13:32+0200,883e5adc-9734-481d-ba75-ca4b61ed39d5,2026-05-30T19:00:00Z,2026-05-30T21:00:00+0200,41665.6,MW,FR,FR,actual_load,Actual Load,2026-06-19T10:14:15Z
2026-06-19T10:13:32Z,2026-06-19T12:13:32+0200,883e5adc-9734-481d-ba75-ca4b61ed39d5,2026-05-30T19:15:00Z,2026-05-30T21:15:00+0200,41573.64,MW,FR,FR,actual_load,Actual Load,2026-06-19T10:14:15Z
2026-06-19T10:13:32Z,2026-06-19T12:13:32+0200,883e5adc-9734-481d-ba75-ca4b61ed39d5,2026-05-30T19:30:00Z,2026-05-30T21:30:00+0200,41705.41,MW,FR,FR,actual_load,Actual Load,2026-06-19T10:14:15Z
2026-06-19T10:13:32Z,2026-06-19T12:13:32+0200,883e5adc-9734-481d-ba75-ca4b61ed39d5,2026-05-30T19:45:00Z,2026-05-30T21:45:00+0200,41730.59,MW,FR,FR,actual_load,Actual Load,2026-06-19T10:14:15Z
2026-06-19T10:13:32Z,2026-06-19T12:13:32+0200,883e5adc-9734-481d-ba75-ca4b61ed39d5,2026-05-30T20:00:00Z,2026-05-30T22:00:00+0200,42966.1,MW,FR,FR,actual_load,Actual Load,2026-06-19T10:14:15Z
2026-06-19T10:13:32Z,2026-06-19T12:13:32+0200,883e5adc-9734-481d-ba75-ca4b61ed39d5,2026-05-30T20:15:00Z,2026-05-30T22:15:00+0200,42892.73,MW,FR,FR,actual_load,Actual Load,2026-06-19T10:14:15Z
2026-06-19T10:13:32Z,2026-06-19T12:13:32+0200,883e5adc-9734-481d-ba75-ca4b61ed39d5,2026-05-30T20:30:00Z,2026-05-30T22:30:00+0200,44181.23,MW,FR,FR,actual_load,Actual Load,2026-06-19T10:14:15Z
2026-06-19T10:13:32Z,2026-06-19T12:13:32+0200,883e5adc-9734-481d-ba75-ca4b61ed39d5,2026-05-30T20:45:00Z,2026-05-30T22:45:00+0200,43726.48,MW,FR,FR,actual_load,Actual Load,2026-06-19T10:14:15Z
2026-06-19T10:13:32Z,2026-06-19T12:13:32+0200,883e5adc-9734-481d-ba75-ca4b61ed39d5,2026-05-30T21:00:00Z,2026-05-30T23:00:00+0200,43705.0,MW,FR,FR,actual_load,Actual Load,2026-06-19T10:14:15Z
2026-06-19T10:13:32Z,2026-06-19T12:13:32+0200,883e5adc-9734-481d-ba75-ca4b61ed39d5,2026-05-30T21:15:00Z,2026-05-30T23:15:00+0200,43087.86,MW,FR,FR,actual_load,Actual Load,2026-06-19T10:14:15Z
2026-06-19T10:13:32Z,2026-06-19T12:13:32+0200,883e5adc-9734-481d-ba75-ca4b61ed39d5,2026-05-30T21:30:00Z,2026-05-30T23:30:00+0200,43286.6,MW,FR,FR,actual_load,Actual Load,2026-06-19T10:14:15Z
2026-06-19T10:13:32Z,2026-06-19T12:13:32+0200,883e5adc-9734-481d-ba75-ca4b61ed39d5,2026-05-30T21:45:00Z,2026-05-30T23:45:00+0200,42259.26,MW,FR,FR,actual_load,Actual Load,2026-06-19T10:14:15Z
2026-06-19T10:13:32Z,2026-06-19T12:13:32+0200,883e5adc-9734-481d-ba75-ca4b61ed39d5,2026-05-30T22:00:00Z,2026-05-31T00:00:00+0200,41813.23,MW,FR,FR,actual_load,Actual Load,2026-06-19T10:14:15Z
2026-06-19T10:13:32Z,2026-06-19T12:13:32+0200,883e5adc-9734-481d-ba75-ca4b61ed39d5,2026-05-30T22:15:00Z,2026-05-31T00:15:00+0200,40669.07,MW,FR,FR,actual_load,Actual Load,2026-06-19T10:14:15Z
2026-06-19T10:13:32Z,2026-06-19T12:13:32+0200,883e5adc-9734-481d-ba75-ca4b61ed39d5,2026-05-30T22:30:00Z,2026-05-31T00:30:00+0200,39592.5,MW,FR,FR,actual_load,Actual Load,2026-06-19T10:14:15Z
2026-06-19T10:13:32Z,2026-06-19T12:13:32+0200,883e5adc-9734-481d-ba75-ca4b61ed39d5,2026-05-30T22:45:00Z,2026-05-31T00:45:00+0200,38551.15,MW,FR,FR,actual_load,Actual Load,2026-06-19T10:14:15Z
2026-06-19T10:13:32Z,2026-06-19T12:13:32+0200,883e5adc-9734-481d-ba75-ca4b61ed39d5,2026-05-30T23:00:00Z,2026-05-31T01:00:00+0200,38766.78,MW,FR,FR,actual_load,Actual Load,2026-06-19T10:14:15Z
2026-06-19T10:13:32Z,2026-06-19T12:13:32+0200,883e5adc-9734-481d-ba75-ca4b61ed39d5,2026-05-30T23:15:00Z,2026-05-31T01:15:00+0200,38332.3,MW,FR,FR,actual_load,Actual Load,2026-06-19T10:14:15Z
2026-06-19T10:13:32Z,2026-06-19T12:13:32+0200,883e5adc-9734-481d-ba75-ca4b61ed39d5,2026-05-30T23:30:00Z,2026-05-31T01:30:00+0200,38167.27,MW,FR,FR,actual_load,Actual Load,2026-06-19T10:14:15Z
2026-06-19T10:13:32Z,2026-06-19T12:13:32+0200,883e5adc-9734-481d-ba75-ca4b61ed39d5,2026-05-30T23:45:00Z,2026-05-31T01:45:00+0200,37267.66,MW,FR,FR,actual_load,Actual Load,2026-06-19T10:14:15Z
2026-06-19T10:13:32Z,2026-06-19T12:13:32+0200,883e5adc-9734-481d-ba75-ca4b61ed39d5,2026-05-31T00:00:00Z,2026-05-31T02:00:00+0200,36891.28,MW,FR,FR,actual_load,Actual Load,2026-06-19T10:14:15Z
2026-06-19T10:13:32Z,2026-06-19T12:13:32+0200,883e5adc-9734-481d-ba75-ca4b61ed39d5,2026-05-31T00:15:00Z,2026-05-31T02:15:00+0200,36074.64,MW,FR,FR,actual_load,Actual Load,2026-06-19T10:14:15Z
2026-06-19T10:13:32Z,2026-06-19T12:13:32+0200,883e5adc-9734-481d-ba75-ca4b61ed39d5,2026-05-31T00:30:00Z,2026-05-31T02:30:00+0200,35309.18,MW,FR,FR,actual_load,Actual Load,2026-06-19T10:14:15Z
2026-06-19T10:13:32Z,2026-06-19T12:13:32+0200,883e5adc-9734-481d-ba75-ca4b61ed39d5,2026-05-31T00:45:00Z,2026-05-31T02:45:00+0200,34733.71,MW,FR,FR,actual_load,Actual Load,2026-06-19T10:14:15Z
2026-06-19T10:13:32Z,2026-06-19T12:13:32+0200,883e5adc-9734-481d-ba75-ca4b61ed39d5,2026-05-31T01:00:00Z,2026-05-31T03:00:00+0200,34173.2,MW,FR,FR,actual_load,Actual Load,2026-06-19T10:14:15Z
2026-06-19T10:13:32Z,2026-06-19T12:13:32+0200,883e5adc-9734-481d-ba75-ca4b61ed39d5,2026-05-31T01:15:00Z,2026-05-31T03:15:00+0200,33789.77,MW,FR,FR,actual_load,Actual Load,2026-06-19T10:14:15Z
2026-06-19T10:13:32Z,2026-06-19T12:13:32+0200,883e5adc-9734-481d-ba75-ca4b61ed39d5,2026-05-31T01:30:00Z,2026-05-31T03:30:00+0200,33310.79,MW,FR,FR,actual_load,Actual Load,2026-06-19T10:14:15Z
2026-06-19T10:13:32Z,2026-06-19T12:13:32+0200,883e5adc-9734-481d-ba75-ca4b61ed39d5,2026-05-31T01:45:00Z,2026-05-31T03:45:00+0200,32998.6,MW,FR,FR,actual_load,Actual Load,2026-06-19T10:14:15Z
2026-06-19T10:13:32Z,2026-06-19T12:13:32+0200,883e5adc-9734-481d-ba75-ca4b61ed39d5,2026-05-31T02:00:00Z,2026-05-31T04:00:00+0200,32920.9,MW,FR,FR,actual_load,Actual Load,2026-06-19T10:14:15Z
2026-06-19T10:13:32Z,2026-06-19T12:13:32+0200,883e5adc-9734-481d-ba75-ca4b61ed39d5,2026-05-31T02:15:00Z,2026-05-31T04:15:00+0200,32696.05,MW,FR,FR,actual_load,Actual Load,2026-06-19T10:14:15Z
2026-06-19T10:13:32Z,2026-06-19T12:13:32+0200,883e5adc-9734-481d-ba75-ca4b61ed39d5,2026-05-31T02:30:00Z,2026-05-31T04:30:00+0200,32327.31,MW,FR,FR,actual_load,Actual Load,2026-06-19T10:14:15Z
2026-06-19T10:13:32Z,2026-06-19T12:13:32+0200,883e5adc-9734-481d-ba75-ca4b61ed39d5,2026-05-31T02:45:00Z,2026-05-31T04:45:00+0200,32329.91,MW,FR,FR,actual_load,Actual Load,2026-06-19T10:14:15Z
2026-06-19T10:13:32Z,2026-06-19T12:13:32+0200,883e5adc-9734-481d-ba75-ca4b61ed39d5,2026-05-31T03:00:00Z,2026-05-31T05:00:00+0200,32342.91,MW,FR,FR,actual_load,Actual Load,2026-06-19T10:14:15Z
2026-06-19T10:13:32Z,2026-06-19T12:13:32+0200,883e5adc-9734-481d-ba75-ca4b61ed39d5,2026-05-31T03:15:00Z,2026-05-31T05:15:00+0200,32205.33,MW,FR,FR,actual_load,Actual Load,2026-06-19T10:14:15Z
2026-06-19T10:13:32Z,2026-06-19T12:13:32+0200,883e5adc-9734-481d-ba75-ca4b61ed39d5,2026-05-31T03:30:00Z,2026-05-31T05:30:00+0200,31875.69,MW,FR,FR,actual_load,Actual Load,2026-06-19T10:14:15Z
2026-06-19T10:13:32Z,2026-06-19T12:13:32+0200,883e5adc-9734-481d-ba75-ca4b61ed39d5,2026-05-31T03:45:00Z,2026-05-31T05:45:00+0200,31816.09,MW,FR,FR,actual_load,Actual Load,2026-06-19T10:14:15Z
2026-06-19T10:13:32Z,2026-06-19T12:13:32+0200,883e5adc-9734-481d-ba75-ca4b61ed39d5,2026-05-31T04:00:00Z,2026-05-31T06:00:00+0200,31639.27,MW,FR,FR,actual_load,Actual Load,2026-06-19T10:14:15Z
2026-06-19T10:13:32Z,2026-06-19T12:13:32+0200,883e5adc-9734-481d-ba75-ca4b61ed39d5,2026-05-31T04:15:00Z,2026-05-31T06:15:00+0200,31598.9,MW,FR,FR,actual_load,Actual Load,2026-06-19T10:14:15Z
2026-06-19T10:13:32Z,2026-06-19T12:13:32+0200,883e5adc-9734-481d-ba75-ca4b61ed39d5,2026-05-31T04:30:00Z,2026-05-31T06:30:00+0200,31361.71,MW,FR,FR,actual_load,Actual Load,2026-06-19T10:14:15Z
2026-06-19T10:13:32Z,2026-06-19T12:13:32+0200,883e5adc-9734-481d-ba75-ca4b61ed39d5,2026-05-31T04:45:00Z,2026-05-31T06:45:00+0200,31389.39,MW,FR,FR,actual_load,Actual Load,2026-06-19T10:14:15Z
2026-06-19T10:13:32Z,2026-06-19T12:13:32+0200,883e5adc-9734-481d-ba75-ca4b61ed39d5,2026-05-31T05:00:00Z,2026-05-31T07:00:00+0200,31683.29,MW,FR,FR,actual_load,Actual Load,2026-06-19T10:14:15Z
2026-06-19T10:13:32Z,2026-06-19T12:13:32+0200,883e5adc-9734-481d-ba75-ca4b61ed39d5,2026-05-31T05:15:00Z,2026-05-31T07:15:00+0200,31878.36,MW,FR,FR,actual_load,Actual Load,2026-06-19T10:14:15Z
2026-06-19T10:13:32Z,2026-06-19T12:13:32+0200,883e5adc-9734-481d-ba75-ca4b61ed39d5,2026-05-31T05:30:00Z,2026-05-31T07:30:00+0200,32273.14,MW,FR,FR,actual_load,Actual Load,2026-06-19T10:14:15Z
2026-06-19T10:13:32Z,2026-06-19T12:13:32+0200,883e5adc-9734-481d-ba75-ca4b61ed39d5,2026-05-31T05:45:00Z,2026-05-31T07:45:00+0200,32750.01,MW,FR,FR,actual_load,Actual Load,2026-06-19T10:14:15Z
2026-06-19T10:13:32Z,2026-06-19T12:13:32+0200,883e5adc-9734-481d-ba75-ca4b61ed39d5,2026-05-31T06:00:00Z,2026-05-31T08:00:00+0200,33261.3,MW,FR,FR,actual_load,Actual Load,2026-06-19T10:14:15Z
2026-06-19T10:13:32Z,2026-06-19T12:13:32+0200,883e5adc-9734-481d-ba75-ca4b61ed39d5,2026-05-31T06:15:00Z,2026-05-31T08:15:00+0200,33602.29,MW,FR,FR,actual_load,Actual Load,2026-06-19T10:14:15Z
2026-06-19T10:13:32Z,2026-06-19T12:13:32+0200,883e5adc-9734-481d-ba75-ca4b61ed39d5,2026-05-31T06:30:00Z,2026-05-31T08:30:00+0200,34000.09,MW,FR,FR,actual_load,Actual Load,2026-06-19T10:14:15Z
2026-06-19T10:13:32Z,2026-06-19T12:13:32+0200,883e5adc-9734-481d-ba75-ca4b61ed39d5,2026-05-31T06:45:00Z,2026-05-31T08:45:00+0200,34491.52,MW,FR,FR,actual_load,Actual Load,2026-06-19T10:14:15Z
2026-06-19T10:13:32Z,2026-06-19T12:13:32+0200,883e5adc-9734-481d-ba75-ca4b61ed39d5,2026-05-31T07:00:00Z,2026-05-31T09:00:00+0200,35121.19,MW,FR,FR,actual_load,Actual Load,2026-06-19T10:14:15Z
2026-06-19T10:13:32Z,2026-06-19T12:13:32+0200,883e5adc-9734-481d-ba75-ca4b61ed39d5,2026-05-31T07:15:00Z,2026-05-31T09:15:00+0200,35781.45,MW,FR,FR,actual_load,Actual Load,2026-06-19T10:14:15Z
2026-06-19T10:13:32Z,2026-06-19T12:13:32+0200,883e5adc-9734-481d-ba75-ca4b61ed39d5,2026-05-31T07:30:00Z,2026-05-31T09:30:00+0200,36433.1,MW,FR,FR,actual_load,Actual Load,2026-06-19T10:14:15Z
2026-06-19T10:13:32Z,2026-06-19T12:13:32+0200,883e5adc-9734-481d-ba75-ca4b61ed39d5,2026-05-31T07:45:00Z,2026-05-31T09:45:00+0200,36810.75,MW,FR,FR,actual_load,Actual Load,2026-06-19T10:14:15Z
2026-06-19T10:13:32Z,2026-06-19T12:13:32+0200,883e5adc-9734-481d-ba75-ca4b61ed39d5,2026-05-31T08:00:00Z,2026-05-31T10:00:00+0200,37704.07,MW,FR,FR,actual_load,Actual Load,2026-06-19T10:14:15Z
2026-06-19T10:13:32Z,2026-06-19T12:13:32+0200,883e5adc-9734-481d-ba75-ca4b61ed39d5,2026-05-31T08:15:00Z,2026-05-31T10:15:00+0200,38103.3,MW,FR,FR,actual_load,Actual Load,2026-06-19T10:14:15Z
2026-06-19T10:13:32Z,2026-06-19T12:13:32+0200,883e5adc-9734-481d-ba75-ca4b61ed39d5,2026-05-31T08:30:00Z,2026-05-31T10:30:00+0200,38453.97,MW,FR,FR,actual_load,Actual Load,2026-06-19T10:14:15Z
2026-06-19T10:13:32Z,2026-06-19T12:13:32+0200,883e5adc-9734-481d-ba75-ca4b61ed39d5,2026-05-31T08:45:00Z,2026-05-31T10:45:00+0200,39023.07,MW,FR,FR,actual_load,Actual Load,2026-06-19T10:14:15Z
2026-06-19T10:13:32Z,2026-06-19T12:13:32+0200,883e5adc-9734-481d-ba75-ca4b61ed39d5,2026-05-31T09:00:00Z,2026-05-31T11:00:00+0200,39479.02,MW,FR,FR,actual_load,Actual Load,2026-06-19T10:14:15Z
2026-06-19T10:13:32Z,2026-06-19T12:13:32+0200,883e5adc-9734-481d-ba75-ca4b61ed39d5,2026-05-31T09:15:00Z,2026-05-31T11:15:00+0200,39943.26,MW,FR,FR,actual_load,Actual Load,2026-06-19T10:14:15Z
2026-06-19T10:13:32Z,2026-06-19T12:13:32+0200,883e5adc-9734-481d-ba75-ca4b61ed39d5,2026-05-31T09:30:00Z,2026-05-31T11:30:00+0200,40346.14,MW,FR,FR,actual_load,Actual Load,2026-06-19T10:14:15Z
2026-06-19T10:13:32Z,2026-06-19T12:13:32+0200,883e5adc-9734-481d-ba75-ca4b61ed39d5,2026-05-31T09:45:00Z,2026-05-31T11:45:00+0200,40576.98,MW,FR,FR,actual_load,Actual Load,2026-06-19T10:14:15Z
2026-06-19T10:13:32Z,2026-06-19T12:13:32+0200,883e5adc-9734-481d-ba75-ca4b61ed39d5,2026-05-31T10:00:00Z,2026-05-31T12:00:00+0200,41175.06,MW,FR,FR,actual_load,Actual Load,2026-06-19T10:14:15Z
2026-06-19T10:13:32Z,2026-06-19T12:13:32+0200,883e5adc-9734-481d-ba75-ca4b61ed39d5,2026-05-31T10:15:00Z,2026-05-31T12:15:00+0200,41600.39,MW,FR,FR,actual_load,Actual Load,2026-06-19T10:14:15Z
2026-06-19T10:13:32Z,2026-06-19T12:13:32+0200,883e5adc-9734-481d-ba75-ca4b61ed39d5,2026-05-31T10:30:00Z,2026-05-31T12:30:00+0200,41769.01,MW,FR,FR,actual_load,Actual Load,2026-06-19T10:14:15Z
2026-06-19T10:13:32Z,2026-06-19T12:13:32+0200,883e5adc-9734-481d-ba75-ca4b61ed39d5,2026-05-31T10:45:00Z,2026-05-31T12:45:00+0200,41470.63,MW,FR,FR,actual_load,Actual Load,2026-06-19T10:14:15Z
2026-06-19T10:13:32Z,2026-06-19T12:13:32+0200,883e5adc-9734-481d-ba75-ca4b61ed39d5,2026-05-31T11:00:00Z,2026-05-31T13:00:00+0200,40828.93,MW,FR,FR,actual_load,Actual Load,2026-06-19T10:14:15Z
2026-06-19T10:13:32Z,2026-06-19T12:13:32+0200,883e5adc-9734-481d-ba75-ca4b61ed39d5,2026-05-31T11:15:00Z,2026-05-31T13:15:00+0200,39962.88,MW,FR,FR,actual_load,Actual Load,2026-06-19T10:14:15Z
2026-06-19T10:13:32Z,2026-06-19T12:13:32+0200,883e5adc-9734-481d-ba75-ca4b61ed39d5,2026-05-31T11:30:00Z,2026-05-31T13:30:00+0200,39435.62,MW,FR,FR,actual_load,Actual Load,2026-06-19T10:14:15Z
2026-06-19T10:13:32Z,2026-06-19T12:13:32+0200,883e5adc-9734-481d-ba75-ca4b61ed39d5,2026-05-31T11:45:00Z,2026-05-31T13:45:00+0200,39302.88,MW,FR,FR,actual_load,Actual Load,2026-06-19T10:14:15Z
2026-06-19T10:13:32Z,2026-06-19T12:13:32+0200,883e5adc-9734-481d-ba75-ca4b61ed39d5,2026-05-31T12:00:00Z,2026-05-31T14:00:00+0200,39969.82,MW,FR,FR,actual_load,Actual Load,2026-06-19T10:14:15Z
2026-06-19T10:13:32Z,2026-06-19T12:13:32+0200,883e5adc-9734-481d-ba75-ca4b61ed39d5,2026-05-31T12:15:00Z,2026-05-31T14:15:00+0200,39878.96,MW,FR,FR,actual_load,Actual Load,2026-06-19T10:14:15Z
2026-06-19T10:13:32Z,2026-06-19T12:13:32+0200,883e5adc-9734-481d-ba75-ca4b61ed39d5,2026-05-31T12:30:00Z,2026-05-31T14:30:00+0200,39791.42,MW,FR,FR,actual_load,Actual Load,2026-06-19T10:14:15Z
2026-06-19T10:13:32Z,2026-06-19T12:13:32+0200,883e5adc-9734-481d-ba75-ca4b61ed39d5,2026-05-31T12:45:00Z,2026-05-31T14:45:00+0200,39276.18,MW,FR,FR,actual_load,Actual Load,2026-06-19T10:14:15Z
2026-06-19T10:13:32Z,2026-06-19T12:13:32+0200,883e5adc-9734-481d-ba75-ca4b61ed39d5,2026-05-31T13:00:00Z,2026-05-31T15:00:00+0200,39449.61,MW,FR,FR,actual_load,Actual Load,2026-06-19T10:14:15Z
2026-06-19T10:13:32Z,2026-06-19T12:13:32+0200,883e5adc-9734-481d-ba75-ca4b61ed39d5,2026-05-31T13:15:00Z,2026-05-31T15:15:00+0200,39344.18,MW,FR,FR,actual_load,Actual Load,2026-06-19T10:14:15Z
2026-06-19T10:13:32Z,2026-06-19T12:13:32+0200,883e5adc-9734-481d-ba75-ca4b61ed39d5,2026-05-31T13:30:00Z,2026-05-31T15:30:00+0200,38837.51,MW,FR,FR,actual_load,Actual Load,2026-06-19T10:14:15Z
2026-06-19T10:13:32Z,2026-06-19T12:13:32+0200,883e5adc-9734-481d-ba75-ca4b61ed39d5,2026-05-31T13:45:00Z,2026-05-31T15:45:00+0200,38407.95,MW,FR,FR,actual_load,Actual Load,2026-06-19T10:14:15Z
2026-06-19T10:13:32Z,2026-06-19T12:13:32+0200,883e5adc-9734-481d-ba75-ca4b61ed39d5,2026-05-31T14:00:00Z,2026-05-31T16:00:00+0200,37892.09,MW,FR,FR,actual_load,Actual Load,2026-06-19T10:14:15Z
2026-06-19T10:13:32Z,2026-06-19T12:13:32+0200,883e5adc-9734-481d-ba75-ca4b61ed39d5,2026-05-31T14:15:00Z,2026-05-31T16:15:00+0200,37739.48,MW,FR,FR,actual_load,Actual Load,2026-06-19T10:14:15Z
2026-06-19T10:13:32Z,2026-06-19T12:13:32+0200,883e5adc-9734-481d-ba75-ca4b61ed39d5,2026-05-31T14:30:00Z,2026-05-31T16:30:00+0200,37451.46,MW,FR,FR,actual_load,Actual Load,2026-06-19T10:14:15Z
2026-06-19T10:13:32Z,2026-06-19T12:13:32+0200,883e5adc-9734-481d-ba75-ca4b61ed39d5,2026-05-31T14:45:00Z,2026-05-31T16:45:00+0200,37279.97,MW,FR,FR,actual_load,Actual Load,2026-06-19T10:14:15Z
2026-06-19T10:13:32Z,2026-06-19T12:13:32+0200,883e5adc-9734-481d-ba75-ca4b61ed39d5,2026-05-31T15:00:00Z,2026-05-31T17:00:00+0200,37202.41,MW,FR,FR,actual_load,Actual Load,2026-06-19T10:14:15Z
2026-06-19T10:13:32Z,2026-06-19T12:13:32+0200,883e5adc-9734-481d-ba75-ca4b61ed39d5,2026-05-31T15:15:00Z,2026-05-31T17:15:00+0200,37317.68,MW,FR,FR,actual_load,Actual Load,2026-06-19T10:14:15Z
2026-06-19T10:13:32Z,2026-06-19T12:13:32+0200,883e5adc-9734-481d-ba75-ca4b61ed39d5,2026-05-31T15:30:00Z,2026-05-31T17:30:00+0200,38138.0,MW,FR,FR,actual_load,Actual Load,2026-06-19T10:14:15Z
2026-06-19T10:13:32Z,2026-06-19T12:13:32+0200,883e5adc-9734-481d-ba75-ca4b61ed39d5,2026-05-31T15:45:00Z,2026-05-31T17:45:00+0200,38929.51,MW,FR,FR,actual_load,Actual Load,2026-06-19T10:14:15Z
2026-06-19T10:13:32Z,2026-06-19T12:13:32+0200,883e5adc-9734-481d-ba75-ca4b61ed39d5,2026-05-31T16:00:00Z,2026-05-31T18:00:00+0200,38960.07,MW,FR,FR,actual_load,Actual Load,2026-06-19T10:14:15Z
2026-06-19T10:13:32Z,2026-06-19T12:13:32+0200,883e5adc-9734-481d-ba75-ca4b61ed39d5,2026-05-31T16:15:00Z,2026-05-31T18:15:00+0200,39370.08,MW,FR,FR,actual_load,Actual Load,2026-06-19T10:14:15Z
2026-06-19T10:13:32Z,2026-06-19T12:13:32+0200,883e5adc-9734-481d-ba75-ca4b61ed39d5,2026-05-31T16:30:00Z,2026-05-31T18:30:00+0200,40069.61,MW,FR,FR,actual_load,Actual Load,2026-06-19T10:14:15Z
2026-06-19T10:13:32Z,2026-06-19T12:13:32+0200,883e5adc-9734-481d-ba75-ca4b61ed39d5,2026-05-31T16:45:00Z,2026-05-31T18:45:00+0200,40644.35,MW,FR,FR,actual_load,Actual Load,2026-06-19T10:14:15Z
2026-06-19T10:13:32Z,2026-06-19T12:13:32+0200,883e5adc-9734-481d-ba75-ca4b61ed39d5,2026-05-31T17:00:00Z,2026-05-31T19:00:00+0200,41107.94,MW,FR,FR,actual_load,Actual Load,2026-06-19T10:14:15Z
2026-06-19T10:13:32Z,2026-06-19T12:13:32+0200,883e5adc-9734-481d-ba75-ca4b61ed39d5,2026-05-31T17:15:00Z,2026-05-31T19:15:00+0200,41503.25,MW,FR,FR,actual_load,Actual Load,2026-06-19T10:14:15Z
2026-06-19T10:13:32Z,2026-06-19T12:13:32+0200,883e5adc-9734-481d-ba75-ca4b61ed39d5,2026-05-31T17:30:00Z,2026-05-31T19:30:00+0200,41718.43,MW,FR,FR,actual_load,Actual Load,2026-06-19T10:14:15Z
2026-06-19T10:13:32Z,2026-06-19T12:13:32+0200,883e5adc-9734-481d-ba75-ca4b61ed39d5,2026-05-31T17:45:00Z,2026-05-31T19:45:00+0200,41404.89,MW,FR,FR,actual_load,Actual Load,2026-06-19T10:14:15Z
2026-06-19T10:13:32Z,2026-06-19T12:13:32+0200,883e5adc-9734-481d-ba75-ca4b61ed39d5,2026-05-31T18:00:00Z,2026-05-31T20:00:00+0200,41058.86,MW,FR,FR,actual_load,Actual Load,2026-06-19T10:14:15Z
2026-06-19T10:13:32Z,2026-06-19T12:13:32+0200,883e5adc-9734-481d-ba75-ca4b61ed39d5,2026-05-31T18:15:00Z,2026-05-31T20:15:00+0200,40834.92,MW,FR,FR,actual_load,Actual Load,2026-06-19T10:14:15Z
2026-06-19T10:13:32Z,2026-06-19T12:13:32+0200,883e5adc-9734-481d-ba75-ca4b61ed39d5,2026-05-31T18:30:00Z,2026-05-31T20:30:00+0200,40493.09,MW,FR,FR,actual_load,Actual Load,2026-06-19T10:14:15Z
2026-06-19T10:13:32Z,2026-06-19T12:13:32+0200,883e5adc-9734-481d-ba75-ca4b61ed39d5,2026-05-31T18:45:00Z,2026-05-31T20:45:00+0200,40380.03,MW,FR,FR,actual_load,Actual Load,2026-06-19T10:14:15Z
2026-06-19T10:13:32Z,2026-06-19T12:13:32+0200,883e5adc-9734-481d-ba75-ca4b61ed39d5,2026-05-31T19:00:00Z,2026-05-31T21:00:00+0200,40766.75,MW,FR,FR,actual_load,Actual Load,2026-06-19T10:14:15Z
2026-06-19T10:13:32Z,2026-06-19T12:13:32+0200,883e5adc-9734-481d-ba75-ca4b61ed39d5,2026-05-31T19:15:00Z,2026-05-31T21:15:00+0200,40612.8,MW,FR,FR,actual_load,Actual Load,2026-06-19T10:14:15Z
2026-06-19T10:13:32Z,2026-06-19T12:13:32+0200,883e5adc-9734-481d-ba75-ca4b61ed39d5,2026-05-31T19:30:00Z,2026-05-31T21:30:00+0200,40745.3,MW,FR,FR,actual_load,Actual Load,2026-06-19T10:14:15Z
2026-06-19T10:13:32Z,2026-06-19T12:13:32+0200,883e5adc-9734-481d-ba75-ca4b61ed39d5,2026-05-31T19:45:00Z,2026-05-31T21:45:00+0200,40621.98,MW,FR,FR,actual_load,Actual Load,2026-06-19T10:14:15Z
2026-06-19T10:13:32Z,2026-06-19T12:13:32+0200,883e5adc-9734-481d-ba75-ca4b61ed39d5,2026-05-31T20:00:00Z,2026-05-31T22:00:00+0200,41734.67,MW,FR,FR,actual_load,Actual Load,2026-06-19T10:14:15Z
2026-06-19T10:13:32Z,2026-06-19T12:13:32+0200,883e5adc-9734-481d-ba75-ca4b61ed39d5,2026-05-31T20:15:00Z,2026-05-31T22:15:00+0200,41675.79,MW,FR,FR,actual_load,Actual Load,2026-06-19T10:14:15Z
2026-06-19T10:13:32Z,2026-06-19T12:13:32+0200,883e5adc-9734-481d-ba75-ca4b61ed39d5,2026-05-31T20:30:00Z,2026-05-31T22:30:00+0200,42781.01,MW,FR,FR,actual_load,Actual Load,2026-06-19T10:14:15Z
2026-06-19T10:13:32Z,2026-06-19T12:13:32+0200,883e5adc-9734-481d-ba75-ca4b61ed39d5,2026-05-31T20:45:00Z,2026-05-31T22:45:00+0200,42281.99,MW,FR,FR,actual_load,Actual Load,2026-06-19T10:14:15Z
2026-06-19T10:13:32Z,2026-06-19T12:13:32+0200,883e5adc-9734-481d-ba75-ca4b61ed39d5,2026-05-31T21:00:00Z,2026-05-31T23:00:00+0200,42165.5,MW,FR,FR,actual_load,Actual Load,2026-06-19T10:14:15Z
2026-06-19T10:13:32Z,2026-06-19T12:13:32+0200,883e5adc-9734-481d-ba75-ca4b61ed39d5,2026-05-31T21:15:00Z,2026-05-31T23:15:00+0200,41333.31,MW,FR,FR,actual_load,Actual Load,2026-06-19T10:14:15Z
2026-06-19T10:13:32Z,2026-06-19T12:13:32+0200,883e5adc-9734-481d-ba75-ca4b61ed39d5,2026-05-31T21:30:00Z,2026-05-31T23:30:00+0200,41506.39,MW,FR,FR,actual_load,Actual Load,2026-06-19T10:14:15Z
2026-06-19T10:13:32Z,2026-06-19T12:13:32+0200,883e5adc-9734-481d-ba75-ca4b61ed39d5,2026-05-31T21:45:00Z,2026-05-31T23:45:00+0200,40685.29,MW,FR,FR,actual_load,Actual Load,2026-06-19T10:14:15Z
2026-06-19T10:13:32Z,2026-06-19T12:13:32+0200,883e5adc-9734-481d-ba75-ca4b61ed39d5,2026-05-31T22:00:00Z,2026-06-01T00:00:00+0200,40765.32,MW,FR,FR,actual_load,Actual Load,2026-06-19T10:14:15Z
2026-06-19T10:13:32Z,2026-06-19T12:13:32+0200,883e5adc-9734-481d-ba75-ca4b61ed39d5,2026-05-31T22:15:00Z,2026-06-01T00:15:00+0200,39736.1,MW,FR,FR,actual_load,Actual Load,2026-06-19T10:14:15Z
2026-06-19T10:13:32Z,2026-06-19T12:13:32+0200,883e5adc-9734-481d-ba75-ca4b61ed39d5,2026-05-31T22:30:00Z,2026-06-01T00:30:00+0200,38533.94,MW,FR,FR,actual_load,Actual Load,2026-06-19T10:14:15Z
2026-06-19T10:13:32Z,2026-06-19T12:13:32+0200,883e5adc-9734-481d-ba75-ca4b61ed39d5,2026-05-31T22:45:00Z,2026-06-01T00:45:00+0200,37802.25,MW,FR,FR,actual_load,Actual Load,2026-06-19T10:14:15Z
2026-06-19T10:13:32Z,2026-06-19T12:13:32+0200,883e5adc-9734-481d-ba75-ca4b61ed39d5,2026-05-31T23:00:00Z,2026-06-01T01:00:00+0200,38014.05,MW,FR,FR,actual_load,Actual Load,2026-06-19T10:14:15Z
2026-06-19T10:13:32Z,2026-06-19T12:13:32+0200,883e5adc-9734-481d-ba75-ca4b61ed39d5,2026-05-31T23:15:00Z,2026-06-01T01:15:00+0200,37322.12,MW,FR,FR,actual_load,Actual Load,2026-06-19T10:14:15Z
2026-06-19T10:13:32Z,2026-06-19T12:13:32+0200,883e5adc-9734-481d-ba75-ca4b61ed39d5,2026-05-31T23:30:00Z,2026-06-01T01:30:00+0200,37223.73,MW,FR,FR,actual_load,Actual Load,2026-06-19T10:14:15Z
2026-06-19T10:13:32Z,2026-06-19T12:13:32+0200,883e5adc-9734-481d-ba75-ca4b61ed39d5,2026-05-31T23:45:00Z,2026-06-01T01:45:00+0200,36676.62,MW,FR,FR,actual_load,Actual Load,2026-06-19T10:14:15Z
2026-06-19T10:13:32Z,2026-06-19T12:13:32+0200,883e5adc-9734-481d-ba75-ca4b61ed39d5,2026-06-01T00:00:00Z,2026-06-01T02:00:00+0200,36212.64,MW,FR,FR,actual_load,Actual Load,2026-06-19T10:14:15Z
2026-06-19T10:13:32Z,2026-06-19T12:13:32+0200,883e5adc-9734-481d-ba75-ca4b61ed39d5,2026-06-01T00:15:00Z,2026-06-01T02:15:00+0200,35400.33,MW,FR,FR,actual_load,Actual Load,2026-06-19T10:14:15Z
2026-06-19T10:13:32Z,2026-06-19T12:13:32+0200,883e5adc-9734-481d-ba75-ca4b61ed39d5,2026-06-01T00:30:00Z,2026-06-01T02:30:00+0200,34844.29,MW,FR,FR,actual_load,Actual Load,2026-06-19T10:14:15Z
2026-06-19T10:13:32Z,2026-06-19T12:13:32+0200,883e5adc-9734-481d-ba75-ca4b61ed39d5,2026-06-01T00:45:00Z,2026-06-01T02:45:00+0200,34120.39,MW,FR,FR,actual_load,Actual Load,2026-06-19T10:14:15Z
2026-06-19T10:13:32Z,2026-06-19T12:13:32+0200,883e5adc-9734-481d-ba75-ca4b61ed39d5,2026-06-01T01:00:00Z,2026-06-01T03:00:00+0200,33738.72,MW,FR,FR,actual_load,Actual Load,2026-06-19T10:14:15Z
2026-06-19T10:13:32Z,2026-06-19T12:13:32+0200,883e5adc-9734-481d-ba75-ca4b61ed39d5,2026-06-01T01:15:00Z,2026-06-01T03:15:00+0200,33328.23,MW,FR,FR,actual_load,Actual Load,2026-06-19T10:14:15Z
2026-06-19T10:13:32Z,2026-06-19T12:13:32+0200,883e5adc-9734-481d-ba75-ca4b61ed39d5,2026-06-01T01:30:00Z,2026-06-01T03:30:00+0200,33204.16,MW,FR,FR,actual_load,Actual Load,2026-06-19T10:14:15Z
2026-06-19T10:13:32Z,2026-06-19T12:13:32+0200,883e5adc-9734-481d-ba75-ca4b61ed39d5,2026-06-01T01:45:00Z,2026-06-01T03:45:00+0200,32996.46,MW,FR,FR,actual_load,Actual Load,2026-06-19T10:14:15Z
2026-06-19T10:13:32Z,2026-06-19T12:13:32+0200,883e5adc-9734-481d-ba75-ca4b61ed39d5,2026-06-01T02:00:00Z,2026-06-01T04:00:00+0200,33216.05,MW,FR,FR,actual_load,Actual Load,2026-06-19T10:14:15Z
2026-06-19T10:13:32Z,2026-06-19T12:13:32+0200,883e5adc-9734-481d-ba75-ca4b61ed39d5,2026-06-01T02:15:00Z,2026-06-01T04:15:00+0200,33172.33,MW,FR,FR,actual_load,Actual Load,2026-06-19T10:14:15Z
2026-06-19T10:13:32Z,2026-06-19T12:13:32+0200,883e5adc-9734-481d-ba75-ca4b61ed39d5,2026-06-01T02:30:00Z,2026-06-01T04:30:00+0200,33258.19,MW,FR,FR,actual_load,Actual Load,2026-06-19T10:14:15Z
2026-06-19T10:13:32Z,2026-06-19T12:13:32+0200,883e5adc-9734-481d-ba75-ca4b61ed39d5,2026-06-01T02:45:00Z,2026-06-01T04:45:00+0200,33745.29,MW,FR,FR,actual_load,Actual Load,2026-06-19T10:14:15Z
2026-06-19T10:13:32Z,2026-06-19T12:13:32+0200,883e5adc-9734-481d-ba75-ca4b61ed39d5,2026-06-01T03:00:00Z,2026-06-01T05:00:00+0200,34476.08,MW,FR,FR,actual_load,Actual Load,2026-06-19T10:14:15Z
2026-06-19T10:13:32Z,2026-06-19T12:13:32+0200,883e5adc-9734-481d-ba75-ca4b61ed39d5,2026-06-01T03:15:00Z,2026-06-01T05:15:00+0200,34803.68,MW,FR,FR,actual_load,Actual Load,2026-06-19T10:14:15Z
2026-06-19T10:13:32Z,2026-06-19T12:13:32+0200,883e5adc-9734-481d-ba75-ca4b61ed39d5,2026-06-01T03:30:00Z,2026-06-01T05:30:00+0200,34906.84,MW,FR,FR,actual_load,Actual Load,2026-06-19T10:14:15Z
2026-06-19T10:13:32Z,2026-06-19T12:13:32+0200,883e5adc-9734-481d-ba75-ca4b61ed39d5,2026-06-01T03:45:00Z,2026-06-01T05:45:00+0200,35426.61,MW,FR,FR,actual_load,Actual Load,2026-06-19T10:14:15Z
2026-06-19T10:13:32Z,2026-06-19T12:13:32+0200,883e5adc-9734-481d-ba75-ca4b61ed39d5,2026-06-01T04:00:00Z,2026-06-01T06:00:00+0200,36303.63,MW,FR,FR,actual_load,Actual Load,2026-06-19T10:14:15Z
2026-06-19T10:13:32Z,2026-06-19T12:13:32+0200,883e5adc-9734-481d-ba75-ca4b61ed39d5,2026-06-01T04:15:00Z,2026-06-01T06:15:00+0200,37157.74,MW,FR,FR,actual_load,Actual Load,2026-06-19T10:14:15Z
2026-06-19T10:13:32Z,2026-06-19T12:13:32+0200,883e5adc-9734-481d-ba75-ca4b61ed39d5,2026-06-01T04:30:00Z,2026-06-01T06:30:00+0200,38103.26,MW,FR,FR,actual_load,Actual Load,2026-06-19T10:14:15Z
2026-06-19T10:13:32Z,2026-06-19T12:13:32+0200,883e5adc-9734-481d-ba75-ca4b61ed39d5,2026-06-01T04:45:00Z,2026-06-01T06:45:00+0200,39050.91,MW,FR,FR,actual_load,Actual Load,2026-06-19T10:14:15Z
2026-06-19T10:13:32Z,2026-06-19T12:13:32+0200,883e5adc-9734-481d-ba75-ca4b61ed39d5,2026-06-01T05:00:00Z,2026-06-01T07:00:00+0200,40187.86,MW,FR,FR,actual_load,Actual Load,2026-06-19T10:14:15Z
2026-06-19T10:13:32Z,2026-06-19T12:13:32+0200,883e5adc-9734-481d-ba75-ca4b61ed39d5,2026-06-01T05:15:00Z,2026-06-01T07:15:00+0200,41165.49,MW,FR,FR,actual_load,Actual Load,2026-06-19T10:14:15Z
2026-06-19T10:13:32Z,2026-06-19T12:13:32+0200,883e5adc-9734-481d-ba75-ca4b61ed39d5,2026-06-01T05:30:00Z,2026-06-01T07:30:00+0200,41800.43,MW,FR,FR,actual_load,Actual Load,2026-06-19T10:14:15Z
2026-06-19T10:13:32Z,2026-06-19T12:13:32+0200,883e5adc-9734-481d-ba75-ca4b61ed39d5,2026-06-01T05:45:00Z,2026-06-01T07:45:00+0200,42269.42,MW,FR,FR,actual_load,Actual Load,2026-06-19T10:14:15Z
2026-06-19T10:13:32Z,2026-06-19T12:13:32+0200,883e5adc-9734-481d-ba75-ca4b61ed39d5,2026-06-01T06:00:00Z,2026-06-01T08:00:00+0200,43122.35,MW,FR,FR,actual_load,Actual Load,2026-06-19T10:14:15Z
2026-06-19T10:13:32Z,2026-06-19T12:13:32+0200,883e5adc-9734-481d-ba75-ca4b61ed39d5,2026-06-01T06:15:00Z,2026-06-01T08:15:00+0200,43760.36,MW,FR,FR,actual_load,Actual Load,2026-06-19T10:14:15Z
2026-06-19T10:13:32Z,2026-06-19T12:13:32+0200,883e5adc-9734-481d-ba75-ca4b61ed39d5,2026-06-01T06:30:00Z,2026-06-01T08:30:00+0200,44144.18,MW,FR,FR,actual_load,Actual Load,2026-06-19T10:14:15Z
2026-06-19T10:13:32Z,2026-06-19T12:13:32+0200,883e5adc-9734-481d-ba75-ca4b61ed39d5,2026-06-01T06:45:00Z,2026-06-01T08:45:00+0200,44361.73,MW,FR,FR,actual_load,Actual Load,2026-06-19T10:14:15Z
2026-06-19T10:13:32Z,2026-06-19T12:13:32+0200,883e5adc-9734-481d-ba75-ca4b61ed39d5,2026-06-01T07:00:00Z,2026-06-01T09:00:00+0200,44930.8,MW,FR,FR,actual_load,Actual Load,2026-06-19T10:14:15Z
2026-06-19T10:13:32Z,2026-06-19T12:13:32+0200,883e5adc-9734-481d-ba75-ca4b61ed39d5,2026-06-01T07:15:00Z,2026-06-01T09:15:00+0200,45138.11,MW,FR,FR,actual_load,Actual Load,2026-06-19T10:14:15Z
2026-06-19T10:13:32Z,2026-06-19T12:13:32+0200,883e5adc-9734-481d-ba75-ca4b61ed39d5,2026-06-01T07:30:00Z,2026-06-01T09:30:00+0200,45491.17,MW,FR,FR,actual_load,Actual Load,2026-06-19T10:14:15Z
2026-06-19T10:13:32Z,2026-06-19T12:13:32+0200,883e5adc-9734-481d-ba75-ca4b61ed39d5,2026-06-01T07:45:00Z,2026-06-01T09:45:00+0200,45939.02,MW,FR,FR,actual_load,Actual Load,2026-06-19T10:14:15Z
2026-06-19T10:13:32Z,2026-06-19T12:13:32+0200,883e5adc-9734-481d-ba75-ca4b61ed39d5,2026-06-01T08:00:00Z,2026-06-01T10:00:00+0200,46153.48,MW,FR,FR,actual_load,Actual Load,2026-06-19T10:14:15Z
2026-06-19T10:13:32Z,2026-06-19T12:13:32+0200,883e5adc-9734-481d-ba75-ca4b61ed39d5,2026-06-01T08:15:00Z,2026-06-01T10:15:00+0200,46063.19,MW,FR,FR,actual_load,Actual Load,2026-06-19T10:14:15Z
2026-06-19T10:13:32Z,2026-06-19T12:13:32+0200,883e5adc-9734-481d-ba75-ca4b61ed39d5,2026-06-01T08:30:00Z,2026-06-01T10:30:00+0200,46320.27,MW,FR,FR,actual_load,Actual Load,2026-06-19T10:14:15Z
2026-06-19T10:13:32Z,2026-06-19T12:13:32+0200,883e5adc-9734-481d-ba75-ca4b61ed39d5,2026-06-01T08:45:00Z,2026-06-01T10:45:00+0200,46507.41,MW,FR,FR,actual_load,Actual Load,2026-06-19T10:14:15Z
2026-06-19T10:13:32Z,2026-06-19T12:13:32+0200,883e5adc-9734-481d-ba75-ca4b61ed39d5,2026-06-01T09:00:00Z,2026-06-01T11:00:00+0200,46359.88,MW,FR,FR,actual_load,Actual Load,2026-06-19T10:14:15Z
2026-06-19T10:13:32Z,2026-06-19T12:13:32+0200,883e5adc-9734-481d-ba75-ca4b61ed39d5,2026-06-01T09:15:00Z,2026-06-01T11:15:00+0200,46596.11,MW,FR,FR,actual_load,Actual Load,2026-06-19T10:14:15Z
2026-06-19T10:13:32Z,2026-06-19T12:13:32+0200,883e5adc-9734-481d-ba75-ca4b61ed39d5,2026-06-01T09:30:00Z,2026-06-01T11:30:00+0200,46958.96,MW,FR,FR,actual_load,Actual Load,2026-06-19T10:14:15Z
2026-06-19T10:13:32Z,2026-06-19T12:13:32+0200,883e5adc-9734-481d-ba75-ca4b61ed39d5,2026-06-01T09:45:00Z,2026-06-01T11:45:00+0200,47356.94,MW,FR,FR,actual_load,Actual Load,2026-06-19T10:14:15Z
2026-06-19T10:13:32Z,2026-06-19T12:13:32+0200,883e5adc-9734-481d-ba75-ca4b61ed39d5,2026-06-01T10:00:00Z,2026-06-01T12:00:00+0200,47625.88,MW,FR,FR,actual_load,Actual Load,2026-06-19T10:14:15Z
2026-06-19T10:13:32Z,2026-06-19T12:13:32+0200,883e5adc-9734-481d-ba75-ca4b61ed39d5,2026-06-01T10:15:00Z,2026-06-01T12:15:00+0200,47768.61,MW,FR,FR,actual_load,Actual Load,2026-06-19T10:14:15Z
2026-06-19T10:13:32Z,2026-06-19T12:13:32+0200,883e5adc-9734-481d-ba75-ca4b61ed39d5,2026-06-01T10:30:00Z,2026-06-01T12:30:00+0200,48449.86,MW,FR,FR,actual_load,Actual Load,2026-06-19T10:14:15Z
2026-06-19T10:13:32Z,2026-06-19T12:13:32+0200,883e5adc-9734-481d-ba75-ca4b61ed39d5,2026-06-01T10:45:00Z,2026-06-01T12:45:00+0200,47946.6,MW,FR,FR,actual_load,Actual Load,2026-06-19T10:14:15Z
2026-06-19T10:13:32Z,2026-06-19T12:13:32+0200,883e5adc-9734-481d-ba75-ca4b61ed39d5,2026-06-01T11:00:00Z,2026-06-01T13:00:00+0200,47583.39,MW,FR,FR,actual_load,Actual Load,2026-06-19T10:14:15Z
2026-06-19T10:13:32Z,2026-06-19T12:13:32+0200,883e5adc-9734-481d-ba75-ca4b61ed39d5,2026-06-01T11:15:00Z,2026-06-01T13:15:00+0200,47141.23,MW,FR,FR,actual_load,Actual Load,2026-06-19T10:14:15Z
2026-06-19T10:13:32Z,2026-06-19T12:13:32+0200,883e5adc-9734-481d-ba75-ca4b61ed39d5,2026-06-01T11:30:00Z,2026-06-01T13:30:00+0200,46917.27,MW,FR,FR,actual_load,Actual Load,2026-06-19T10:14:15Z
2026-06-19T10:13:32Z,2026-06-19T12:13:32+0200,883e5adc-9734-481d-ba75-ca4b61ed39d5,2026-06-01T11:45:00Z,2026-06-01T13:45:00+0200,46865.98,MW,FR,FR,actual_load,Actual Load,2026-06-19T10:14:15Z
2026-06-19T10:13:32Z,2026-06-19T12:13:32+0200,883e5adc-9734-481d-ba75-ca4b61ed39d5,2026-06-01T12:00:00Z,2026-06-01T14:00:00+0200,47490.31,MW,FR,FR,actual_load,Actual Load,2026-06-19T10:14:15Z
2026-06-19T10:13:32Z,2026-06-19T12:13:32+0200,883e5adc-9734-481d-ba75-ca4b61ed39d5,2026-06-01T12:15:00Z,2026-06-01T14:15:00+0200,47420.34,MW,FR,FR,actual_load,Actual Load,2026-06-19T10:14:15Z
2026-06-19T10:13:32Z,2026-06-19T12:13:32+0200,883e5adc-9734-481d-ba75-ca4b61ed39d5,2026-06-01T12:30:00Z,2026-06-01T14:30:00+0200,47467.81,MW,FR,FR,actual_load,Actual Load,2026-06-19T10:14:15Z
2026-06-19T10:13:32Z,2026-06-19T12:13:32+0200,883e5adc-9734-481d-ba75-ca4b61ed39d5,2026-06-01T12:45:00Z,2026-06-01T14:45:00+0200,47082.95,MW,FR,FR,actual_load,Actual Load,2026-06-19T10:14:15Z
2026-06-19T10:13:32Z,2026-06-19T12:13:32+0200,883e5adc-9734-481d-ba75-ca4b61ed39d5,2026-06-01T13:00:00Z,2026-06-01T15:00:00+0200,47018.71,MW,FR,FR,actual_load,Actual Load,2026-06-19T10:14:15Z
2026-06-19T10:13:32Z,2026-06-19T12:13:32+0200,883e5adc-9734-481d-ba75-ca4b61ed39d5,2026-06-01T13:15:00Z,2026-06-01T15:15:00+0200,46632.17,MW,FR,FR,actual_load,Actual Load,2026-06-19T10:14:15Z
2026-06-19T10:13:32Z,2026-06-19T12:13:32+0200,883e5adc-9734-481d-ba75-ca4b61ed39d5,2026-06-01T13:30:00Z,2026-06-01T15:30:00+0200,46181.09,MW,FR,FR,actual_load,Actual Load,2026-06-19T10:14:15Z
2026-06-19T10:13:32Z,2026-06-19T12:13:32+0200,883e5adc-9734-481d-ba75-ca4b61ed39d5,2026-06-01T13:45:00Z,2026-06-01T15:45:00+0200,45774.49,MW,FR,FR,actual_load,Actual Load,2026-06-19T10:14:15Z
2026-06-19T10:13:32Z,2026-06-19T12:13:32+0200,883e5adc-9734-481d-ba75-ca4b61ed39d5,2026-06-01T14:00:00Z,2026-06-01T16:00:00+0200,45447.83,MW,FR,FR,actual_load,Actual Load,2026-06-19T10:14:15Z
2026-06-19T10:13:32Z,2026-06-19T12:13:32+0200,883e5adc-9734-481d-ba75-ca4b61ed39d5,2026-06-01T14:15:00Z,2026-06-01T16:15:00+0200,45262.43,MW,FR,FR,actual_load,Actual Load,2026-06-19T10:14:15Z
2026-06-19T10:13:32Z,2026-06-19T12:13:32+0200,883e5adc-9734-481d-ba75-ca4b61ed39d5,2026-06-01T14:30:00Z,2026-06-01T16:30:00+0200,45108.43,MW,FR,FR,actual_load,Actual Load,2026-06-19T10:14:15Z
2026-06-19T10:13:32Z,2026-06-19T12:13:32+0200,883e5adc-9734-481d-ba75-ca4b61ed39d5,2026-06-01T14:45:00Z,2026-06-01T16:45:00+0200,45246.22,MW,FR,FR,actual_load,Actual Load,2026-06-19T10:14:15Z
2026-06-19T10:13:32Z,2026-06-19T12:13:32+0200,883e5adc-9734-481d-ba75-ca4b61ed39d5,2026-06-01T15:00:00Z,2026-06-01T17:00:00+0200,45137.66,MW,FR,FR,actual_load,Actual Load,2026-06-19T10:14:15Z
2026-06-19T10:13:32Z,2026-06-19T12:13:32+0200,883e5adc-9734-481d-ba75-ca4b61ed39d5,2026-06-01T15:15:00Z,2026-06-01T17:15:00+0200,45415.43,MW,FR,FR,actual_load,Actual Load,2026-06-19T10:14:15Z
2026-06-19T10:13:32Z,2026-06-19T12:13:32+0200,883e5adc-9734-481d-ba75-ca4b61ed39d5,2026-06-01T15:30:00Z,2026-06-01T17:30:00+0200,45747.46,MW,FR,FR,actual_load,Actual Load,2026-06-19T10:14:15Z
2026-06-19T10:13:32Z,2026-06-19T12:13:32+0200,883e5adc-9734-481d-ba75-ca4b61ed39d5,2026-06-01T15:45:00Z,2026-06-01T17:45:00+0200,45998.21,MW,FR,FR,actual_load,Actual Load,2026-06-19T10:14:15Z
2026-06-19T10:13:32Z,2026-06-19T12:13:32+0200,883e5adc-9734-481d-ba75-ca4b61ed39d5,2026-06-01T16:00:00Z,2026-06-01T18:00:00+0200,46678.82,MW,FR,FR,actual_load,Actual Load,2026-06-19T10:14:15Z
2026-06-19T10:13:32Z,2026-06-19T12:13:32+0200,883e5adc-9734-481d-ba75-ca4b61ed39d5,2026-06-01T16:15:00Z,2026-06-01T18:15:00+0200,47196.67,MW,FR,FR,actual_load,Actual Load,2026-06-19T10:14:15Z
2026-06-19T10:13:32Z,2026-06-19T12:13:32+0200,883e5adc-9734-481d-ba75-ca4b61ed39d5,2026-06-01T16:30:00Z,2026-06-01T18:30:00+0200,47927.42,MW,FR,FR,actual_load,Actual Load,2026-06-19T10:14:15Z
2026-06-19T10:13:32Z,2026-06-19T12:13:32+0200,883e5adc-9734-481d-ba75-ca4b61ed39d5,2026-06-01T16:45:00Z,2026-06-01T18:45:00+0200,48763.51,MW,FR,FR,actual_load,Actual Load,2026-06-19T10:14:15Z
2026-06-19T10:13:32Z,2026-06-19T12:13:32+0200,883e5adc-9734-481d-ba75-ca4b61ed39d5,2026-06-01T17:00:00Z,2026-06-01T19:00:00+0200,49103.42,MW,FR,FR,actual_load,Actual Load,2026-06-19T10:14:15Z
2026-06-19T10:13:32Z,2026-06-19T12:13:32+0200,883e5adc-9734-481d-ba75-ca4b61ed39d5,2026-06-01T17:15:00Z,2026-06-01T19:15:00+0200,48925.59,MW,FR,FR,actual_load,Actual Load,2026-06-19T10:14:15Z
2026-06-19T10:13:32Z,2026-06-19T12:13:32+0200,883e5adc-9734-481d-ba75-ca4b61ed39d5,2026-06-01T17:30:00Z,2026-06-01T19:30:00+0200,48653.52,MW,FR,FR,actual_load,Actual Load,2026-06-19T10:14:15Z
2026-06-19T10:13:32Z,2026-06-19T12:13:32+0200,883e5adc-9734-481d-ba75-ca4b61ed39d5,2026-06-01T17:45:00Z,2026-06-01T19:45:00+0200,48207.34,MW,FR,FR,actual_load,Actual Load,2026-06-19T10:14:15Z
2026-06-19T10:13:32Z,2026-06-19T12:13:32+0200,883e5adc-9734-481d-ba75-ca4b61ed39d5,2026-06-01T18:00:00Z,2026-06-01T20:00:00+0200,47393.03,MW,FR,FR,actual_load,Actual Load,2026-06-19T10:14:15Z
2026-06-19T10:13:32Z,2026-06-19T12:13:32+0200,883e5adc-9734-481d-ba75-ca4b61ed39d5,2026-06-01T18:15:00Z,2026-06-01T20:15:00+0200,46559.78,MW,FR,FR,actual_load,Actual Load,2026-06-19T10:14:15Z
2026-06-19T10:13:32Z,2026-06-19T12:13:32+0200,883e5adc-9734-481d-ba75-ca4b61ed39d5,2026-06-01T18:30:00Z,2026-06-01T20:30:00+0200,45963.34,MW,FR,FR,actual_load,Actual Load,2026-06-19T10:14:15Z
2026-06-19T10:13:32Z,2026-06-19T12:13:32+0200,883e5adc-9734-481d-ba75-ca4b61ed39d5,2026-06-01T18:45:00Z,2026-06-01T20:45:00+0200,45274.88,MW,FR,FR,actual_load,Actual Load,2026-06-19T10:14:15Z
2026-06-19T10:13:32Z,2026-06-19T12:13:32+0200,883e5adc-9734-481d-ba75-ca4b61ed39d5,2026-06-01T19:00:00Z,2026-06-01T21:00:00+0200,44918.96,MW,FR,FR,actual_load,Actual Load,2026-06-19T10:14:15Z
2026-06-19T10:13:32Z,2026-06-19T12:13:32+0200,883e5adc-9734-481d-ba75-ca4b61ed39d5,2026-06-01T19:15:00Z,2026-06-01T21:15:00+0200,44540.85,MW,FR,FR,actual_load,Actual Load,2026-06-19T10:14:15Z
2026-06-19T10:13:32Z,2026-06-19T12:13:32+0200,883e5adc-9734-481d-ba75-ca4b61ed39d5,2026-06-01T19:30:00Z,2026-06-01T21:30:00+0200,44342.27,MW,FR,FR,actual_load,Actual Load,2026-06-19T10:14:15Z
2026-06-19T10:13:32Z,2026-06-19T12:13:32+0200,883e5adc-9734-481d-ba75-ca4b61ed39d5,2026-06-01T19:45:00Z,2026-06-01T21:45:00+0200,44151.89,MW,FR,FR,actual_load,Actual Load,2026-06-19T10:14:15Z
2026-06-19T10:13:32Z,2026-06-19T12:13:32+0200,883e5adc-9734-481d-ba75-ca4b61ed39d5,2026-06-01T20:00:00Z,2026-06-01T22:00:00+0200,45202.67,MW,FR,FR,actual_load,Actual Load,2026-06-19T10:14:15Z
2026-06-19T10:13:32Z,2026-06-19T12:13:32+0200,883e5adc-9734-481d-ba75-ca4b61ed39d5,2026-06-01T20:15:00Z,2026-06-01T22:15:00+0200,45045.5,MW,FR,FR,actual_load,Actual Load,2026-06-19T10:14:15Z
2026-06-19T10:13:32Z,2026-06-19T12:13:32+0200,883e5adc-9734-481d-ba75-ca4b61ed39d5,2026-06-01T20:30:00Z,2026-06-01T22:30:00+0200,46182.82,MW,FR,FR,actual_load,Actual Load,2026-06-19T10:14:15Z
2026-06-19T10:13:32Z,2026-06-19T12:13:32+0200,883e5adc-9734-481d-ba75-ca4b61ed39d5,2026-06-01T20:45:00Z,2026-06-01T22:45:00+0200,45606.77,MW,FR,FR,actual_load,Actual Load,2026-06-19T10:14:15Z
2026-06-19T10:13:32Z,2026-06-19T12:13:32+0200,883e5adc-9734-481d-ba75-ca4b61ed39d5,2026-06-01T21:00:00Z,2026-06-01T23:00:00+0200,45417.95,MW,FR,FR,actual_load,Actual Load,2026-06-19T10:14:15Z
2026-06-19T10:13:32Z,2026-06-19T12:13:32+0200,883e5adc-9734-481d-ba75-ca4b61ed39d5,2026-06-01T21:15:00Z,2026-06-01T23:15:00+0200,44122.16,MW,FR,FR,actual_load,Actual Load,2026-06-19T10:14:15Z
2026-06-19T10:13:32Z,2026-06-19T12:13:32+0200,883e5adc-9734-481d-ba75-ca4b61ed39d5,2026-06-01T21:30:00Z,2026-06-01T23:30:00+0200,44312.82,MW,FR,FR,actual_load,Actual Load,2026-06-19T10:14:15Z
2026-06-19T10:13:32Z,2026-06-19T12:13:32+0200,883e5adc-9734-481d-ba75-ca4b61ed39d5,2026-06-01T21:45:00Z,2026-06-01T23:45:00+0200,43329.96,MW,FR,FR,actual_load,Actual Load,2026-06-19T10:14:15Z
2026-06-19T10:13:32Z,2026-06-19T12:13:32+0200,883e5adc-9734-481d-ba75-ca4b61ed39d5,2026-06-01T22:00:00Z,2026-06-02T00:00:00+0200,43107.69,MW,FR,FR,actual_load,Actual Load,2026-06-19T10:14:15Z
2026-06-19T10:13:32Z,2026-06-19T12:13:32+0200,883e5adc-9734-481d-ba75-ca4b61ed39d5,2026-06-01T22:15:00Z,2026-06-02T00:15:00+0200,42011.23,MW,FR,FR,actual_load,Actual Load,2026-06-19T10:14:15Z
2026-06-19T10:13:32Z,2026-06-19T12:13:32+0200,883e5adc-9734-481d-ba75-ca4b61ed39d5,2026-06-01T22:30:00Z,2026-06-02T00:30:00+0200,40675.95,MW,FR,FR,actual_load,Actual Load,2026-06-19T10:14:15Z
2026-06-19T10:13:32Z,2026-06-19T12:13:32+0200,883e5adc-9734-481d-ba75-ca4b61ed39d5,2026-06-01T22:45:00Z,2026-06-02T00:45:00+0200,39762.93,MW,FR,FR,actual_load,Actual Load,2026-06-19T10:14:15Z
2026-06-19T10:13:32Z,2026-06-19T12:13:32+0200,883e5adc-9734-481d-ba75-ca4b61ed39d5,2026-06-01T23:00:00Z,2026-06-02T01:00:00+0200,39885.43,MW,FR,FR,actual_load,Actual Load,2026-06-19T10:14:15Z
2026-06-19T10:13:32Z,2026-06-19T12:13:32+0200,883e5adc-9734-481d-ba75-ca4b61ed39d5,2026-06-01T23:15:00Z,2026-06-02T01:15:00+0200,39641.9,MW,FR,FR,actual_load,Actual Load,2026-06-19T10:14:15Z
2026-06-19T10:13:32Z,2026-06-19T12:13:32+0200,883e5adc-9734-481d-ba75-ca4b61ed39d5,2026-06-01T23:30:00Z,2026-06-02T01:30:00+0200,39703.45,MW,FR,FR,actual_load,Actual Load,2026-06-19T10:14:15Z
2026-06-19T10:13:32Z,2026-06-19T12:13:32+0200,883e5adc-9734-481d-ba75-ca4b61ed39d5,2026-06-01T23:45:00Z,2026-06-02T01:45:00+0200,39109.5,MW,FR,FR,actual_load,Actual Load,2026-06-19T10:14:15Z
2026-06-19T10:13:32Z,2026-06-19T12:13:32+0200,883e5adc-9734-481d-ba75-ca4b61ed39d5,2026-06-02T00:00:00Z,2026-06-02T02:00:00+0200,38911.29,MW,FR,FR,actual_load,Actual Load,2026-06-19T10:14:15Z
2026-06-19T10:13:32Z,2026-06-19T12:13:32+0200,883e5adc-9734-481d-ba75-ca4b61ed39d5,2026-06-02T00:15:00Z,2026-06-02T02:15:00+0200,38059.61,MW,FR,FR,actual_load,Actual Load,2026-06-19T10:14:15Z
2026-06-19T10:13:32Z,2026-06-19T12:13:32+0200,883e5adc-9734-481d-ba75-ca4b61ed39d5,2026-06-02T00:30:00Z,2026-06-02T02:30:00+0200,37307.51,MW,FR,FR,actual_load,Actual Load,2026-06-19T10:14:15Z
2026-06-19T10:13:32Z,2026-06-19T12:13:32+0200,883e5adc-9734-481d-ba75-ca4b61ed39d5,2026-06-02T00:45:00Z,2026-06-02T02:45:00+0200,36689.09,MW,FR,FR,actual_load,Actual Load,2026-06-19T10:14:15Z
2026-06-19T10:13:32Z,2026-06-19T12:13:32+0200,883e5adc-9734-481d-ba75-ca4b61ed39d5,2026-06-02T01:00:00Z,2026-06-02T03:00:00+0200,36023.71,MW,FR,FR,actual_load,Actual Load,2026-06-19T10:14:15Z
2026-06-19T10:13:32Z,2026-06-19T12:13:32+0200,883e5adc-9734-481d-ba75-ca4b61ed39d5,2026-06-02T01:15:00Z,2026-06-02T03:15:00+0200,35455.06,MW,FR,FR,actual_load,Actual Load,2026-06-19T10:14:15Z
2026-06-19T10:13:32Z,2026-06-19T12:13:32+0200,883e5adc-9734-481d-ba75-ca4b61ed39d5,2026-06-02T01:30:00Z,2026-06-02T03:30:00+0200,35363.79,MW,FR,FR,actual_load,Actual Load,2026-06-19T10:14:15Z
2026-06-19T10:13:32Z,2026-06-19T12:13:32+0200,883e5adc-9734-481d-ba75-ca4b61ed39d5,2026-06-02T01:45:00Z,2026-06-02T03:45:00+0200,35225.79,MW,FR,FR,actual_load,Actual Load,2026-06-19T10:14:15Z
2026-06-19T10:13:32Z,2026-06-19T12:13:32+0200,883e5adc-9734-481d-ba75-ca4b61ed39d5,2026-06-02T02:00:00Z,2026-06-02T04:00:00+0200,34956.71,MW,FR,FR,actual_load,Actual Load,2026-06-19T10:14:15Z
2026-06-19T10:13:32Z,2026-06-19T12:13:32+0200,883e5adc-9734-481d-ba75-ca4b61ed39d5,2026-06-02T02:15:00Z,2026-06-02T04:15:00+0200,34869.56,MW,FR,FR,actual_load,Actual Load,2026-06-19T10:14:15Z
2026-06-19T10:13:32Z,2026-06-19T12:13:32+0200,883e5adc-9734-481d-ba75-ca4b61ed39d5,2026-06-02T02:30:00Z,2026-06-02T04:30:00+0200,34692.23,MW,FR,FR,actual_load,Actual Load,2026-06-19T10:14:15Z
2026-06-19T10:13:32Z,2026-06-19T12:13:32+0200,883e5adc-9734-481d-ba75-ca4b61ed39d5,2026-06-02T02:45:00Z,2026-06-02T04:45:00+0200,34731.66,MW,FR,FR,actual_load,Actual Load,2026-06-19T10:14:15Z
2026-06-19T10:13:32Z,2026-06-19T12:13:32+0200,883e5adc-9734-481d-ba75-ca4b61ed39d5,2026-06-02T03:00:00Z,2026-06-02T05:00:00+0200,35380.15,MW,FR,FR,actual_load,Actual Load,2026-06-19T10:14:15Z
2026-06-19T10:13:32Z,2026-06-19T12:13:32+0200,883e5adc-9734-481d-ba75-ca4b61ed39d5,2026-06-02T03:15:00Z,2026-06-02T05:15:00+0200,35986.13,MW,FR,FR,actual_load,Actual Load,2026-06-19T10:14:15Z
2026-06-19T10:13:32Z,2026-06-19T12:13:32+0200,883e5adc-9734-481d-ba75-ca4b61ed39d5,2026-06-02T03:30:00Z,2026-06-02T05:30:00+0200,36526.83,MW,FR,FR,actual_load,Actual Load,2026-06-19T10:14:15Z
2026-06-19T10:13:32Z,2026-06-19T12:13:32+0200,883e5adc-9734-481d-ba75-ca4b61ed39d5,2026-06-02T03:45:00Z,2026-06-02T05:45:00+0200,36898.01,MW,FR,FR,actual_load,Actual Load,2026-06-19T10:14:15Z
2026-06-19T10:13:32Z,2026-06-19T12:13:32+0200,883e5adc-9734-481d-ba75-ca4b61ed39d5,2026-06-02T04:00:00Z,2026-06-02T06:00:00+0200,38001.52,MW,FR,FR,actual_load,Actual Load,2026-06-19T10:14:15Z
2026-06-19T10:13:32Z,2026-06-19T12:13:32+0200,883e5adc-9734-481d-ba75-ca4b61ed39d5,2026-06-02T04:15:00Z,2026-06-02T06:15:00+0200,38777.77,MW,FR,FR,actual_load,Actual Load,2026-06-19T10:14:15Z
2026-06-19T10:13:32Z,2026-06-19T12:13:32+0200,883e5adc-9734-481d-ba75-ca4b61ed39d5,2026-06-02T04:30:00Z,2026-06-02T06:30:00+0200,39530.07,MW,FR,FR,actual_load,Actual Load,2026-06-19T10:14:15Z
2026-06-19T10:13:32Z,2026-06-19T12:13:32+0200,883e5adc-9734-481d-ba75-ca4b61ed39d5,2026-06-02T04:45:00Z,2026-06-02T06:45:00+0200,40486.0,MW,FR,FR,actual_load,Actual Load,2026-06-19T10:14:15Z
2026-06-19T10:13:32Z,2026-06-19T12:13:32+0200,883e5adc-9734-481d-ba75-ca4b61ed39d5,2026-06-02T05:00:00Z,2026-06-02T07:00:00+0200,41314.19,MW,FR,FR,actual_load,Actual Load,2026-06-19T10:14:15Z
2026-06-19T10:13:32Z,2026-06-19T12:13:32+0200,883e5adc-9734-481d-ba75-ca4b61ed39d5,2026-06-02T05:15:00Z,2026-06-02T07:15:00+0200,42286.29,MW,FR,FR,actual_load,Actual Load,2026-06-19T10:14:15Z
2026-06-19T10:13:32Z,2026-06-19T12:13:32+0200,883e5adc-9734-481d-ba75-ca4b61ed39d5,2026-06-02T05:30:00Z,2026-06-02T07:30:00+0200,42958.24,MW,FR,FR,actual_load,Actual Load,2026-06-19T10:14:15Z
2026-06-19T10:13:32Z,2026-06-19T12:13:32+0200,883e5adc-9734-481d-ba75-ca4b61ed39d5,2026-06-02T05:45:00Z,2026-06-02T07:45:00+0200,43733.82,MW,FR,FR,actual_load,Actual Load,2026-06-19T10:14:15Z
2026-06-19T10:13:32Z,2026-06-19T12:13:32+0200,883e5adc-9734-481d-ba75-ca4b61ed39d5,2026-06-02T06:00:00Z,2026-06-02T08:00:00+0200,44579.29,MW,FR,FR,actual_load,Actual Load,2026-06-19T10:14:15Z
2026-06-19T10:13:32Z,2026-06-19T12:13:32+0200,883e5adc-9734-481d-ba75-ca4b61ed39d5,2026-06-02T06:15:00Z,2026-06-02T08:15:00+0200,45093.45,MW,FR,FR,actual_load,Actual Load,2026-06-19T10:14:15Z
2026-06-19T10:13:32Z,2026-06-19T12:13:32+0200,883e5adc-9734-481d-ba75-ca4b61ed39d5,2026-06-02T06:30:00Z,2026-06-02T08:30:00+0200,45891.43,MW,FR,FR,actual_load,Actual Load,2026-06-19T10:14:15Z
2026-06-19T10:13:32Z,2026-06-19T12:13:32+0200,883e5adc-9734-481d-ba75-ca4b61ed39d5,2026-06-02T06:45:00Z,2026-06-02T08:45:00+0200,46347.77,MW,FR,FR,actual_load,Actual Load,2026-06-19T10:14:15Z
2026-06-19T10:13:32Z,2026-06-19T12:13:32+0200,883e5adc-9734-481d-ba75-ca4b61ed39d5,2026-06-02T07:00:00Z,2026-06-02T09:00:00+0200,46519.68,MW,FR,FR,actual_load,Actual Load,2026-06-19T10:14:15Z
2026-06-19T10:13:32Z,2026-06-19T12:13:32+0200,883e5adc-9734-481d-ba75-ca4b61ed39d5,2026-06-02T07:15:00Z,2026-06-02T09:15:00+0200,46969.55,MW,FR,FR,actual_load,Actual Load,2026-06-19T10:14:15Z
2026-06-19T10:13:32Z,2026-06-19T12:13:32+0200,883e5adc-9734-481d-ba75-ca4b61ed39d5,2026-06-02T07:30:00Z,2026-06-02T09:30:00+0200,47346.51,MW,FR,FR,actual_load,Actual Load,2026-06-19T10:14:15Z
2026-06-19T10:13:32Z,2026-06-19T12:13:32+0200,883e5adc-9734-481d-ba75-ca4b61ed39d5,2026-06-02T07:45:00Z,2026-06-02T09:45:00+0200,47922.66,MW,FR,FR,actual_load,Actual Load,2026-06-19T10:14:15Z
2026-06-19T10:13:32Z,2026-06-19T12:13:32+0200,883e5adc-9734-481d-ba75-ca4b61ed39d5,2026-06-02T08:00:00Z,2026-06-02T10:00:00+0200,48003.78,MW,FR,FR,actual_load,Actual Load,2026-06-19T10:14:15Z
2026-06-19T10:13:32Z,2026-06-19T12:13:32+0200,883e5adc-9734-481d-ba75-ca4b61ed39d5,2026-06-02T08:15:00Z,2026-06-02T10:15:00+0200,48055.68,MW,FR,FR,actual_load,Actual Load,2026-06-19T10:14:15Z
2026-06-19T10:13:32Z,2026-06-19T12:13:32+0200,883e5adc-9734-481d-ba75-ca4b61ed39d5,2026-06-02T08:30:00Z,2026-06-02T10:30:00+0200,48355.63,MW,FR,FR,actual_load,Actual Load,2026-06-19T10:14:15Z
2026-06-19T10:13:32Z,2026-06-19T12:13:32+0200,883e5adc-9734-481d-ba75-ca4b61ed39d5,2026-06-02T08:45:00Z,2026-06-02T10:45:00+0200,48544.91,MW,FR,FR,actual_load,Actual Load,2026-06-19T10:14:15Z
2026-06-19T10:13:32Z,2026-06-19T12:13:32+0200,883e5adc-9734-481d-ba75-ca4b61ed39d5,2026-06-02T09:00:00Z,2026-06-02T11:00:00+0200,49035.11,MW,FR,FR,actual_load,Actual Load,2026-06-19T10:14:15Z
2026-06-19T10:13:32Z,2026-06-19T12:13:32+0200,883e5adc-9734-481d-ba75-ca4b61ed39d5,2026-06-02T09:15:00Z,2026-06-02T11:15:00+0200,49588.59,MW,FR,FR,actual_load,Actual Load,2026-06-19T10:14:15Z
2026-06-19T10:13:32Z,2026-06-19T12:13:32+0200,883e5adc-9734-481d-ba75-ca4b61ed39d5,2026-06-02T09:30:00Z,2026-06-02T11:30:00+0200,49808.29,MW,FR,FR,actual_load,Actual Load,2026-06-19T10:14:15Z
2026-06-19T10:13:32Z,2026-06-19T12:13:32+0200,883e5adc-9734-481d-ba75-ca4b61ed39d5,2026-06-02T09:45:00Z,2026-06-02T11:45:00+0200,50064.87,MW,FR,FR,actual_load,Actual Load,2026-06-19T10:14:15Z
2026-06-19T10:13:32Z,2026-06-19T12:13:32+0200,883e5adc-9734-481d-ba75-ca4b61ed39d5,2026-06-02T10:00:00Z,2026-06-02T12:00:00+0200,50546.48,MW,FR,FR,actual_load,Actual Load,2026-06-19T10:14:15Z
2026-06-19T10:13:32Z,2026-06-19T12:13:32+0200,883e5adc-9734-481d-ba75-ca4b61ed39d5,2026-06-02T10:15:00Z,2026-06-02T12:15:00+0200,50747.09,MW,FR,FR,actual_load,Actual Load,2026-06-19T10:14:15Z
2026-06-19T10:13:32Z,2026-06-19T12:13:32+0200,883e5adc-9734-481d-ba75-ca4b61ed39d5,2026-06-02T10:30:00Z,2026-06-02T12:30:00+0200,51480.07,MW,FR,FR,actual_load,Actual Load,2026-06-19T10:14:15Z
2026-06-19T10:13:32Z,2026-06-19T12:13:32+0200,883e5adc-9734-481d-ba75-ca4b61ed39d5,2026-06-02T10:45:00Z,2026-06-02T12:45:00+0200,51196.7,MW,FR,FR,actual_load,Actual Load,2026-06-19T10:14:15Z
2026-06-19T10:13:32Z,2026-06-19T12:13:32+0200,883e5adc-9734-481d-ba75-ca4b61ed39d5,2026-06-02T11:00:00Z,2026-06-02T13:00:00+0200,50986.9,MW,FR,FR,actual_load,Actual Load,2026-06-19T10:14:15Z
2026-06-19T10:13:32Z,2026-06-19T12:13:32+0200,883e5adc-9734-481d-ba75-ca4b61ed39d5,2026-06-02T11:15:00Z,2026-06-02T13:15:00+0200,50757.29,MW,FR,FR,actual_load,Actual Load,2026-06-19T10:14:15Z
2026-06-19T10:13:32Z,2026-06-19T12:13:32+0200,883e5adc-9734-481d-ba75-ca4b61ed39d5,2026-06-02T11:30:00Z,2026-06-02T13:30:00+0200,50503.32,MW,FR,FR,actual_load,Actual Load,2026-06-19T10:14:15Z
2026-06-19T10:13:32Z,2026-06-19T12:13:32+0200,883e5adc-9734-481d-ba75-ca4b61ed39d5,2026-06-02T11:45:00Z,2026-06-02T13:45:00+0200,50544.75,MW,FR,FR,actual_load,Actual Load,2026-06-19T10:14:15Z
2026-06-19T10:13:32Z,2026-06-19T12:13:32+0200,883e5adc-9734-481d-ba75-ca4b61ed39d5,2026-06-02T12:00:00Z,2026-06-02T14:00:00+0200,51299.83,MW,FR,FR,actual_load,Actual Load,2026-06-19T10:14:15Z
2026-06-19T10:13:32Z,2026-06-19T12:13:32+0200,883e5adc-9734-481d-ba75-ca4b61ed39d5,2026-06-02T12:15:00Z,2026-06-02T14:15:00+0200,51023.63,MW,FR,FR,actual_load,Actual Load,2026-06-19T10:14:15Z
2026-06-19T10:13:32Z,2026-06-19T12:13:32+0200,883e5adc-9734-481d-ba75-ca4b61ed39d5,2026-06-02T12:30:00Z,2026-06-02T14:30:00+0200,50450.14,MW,FR,FR,actual_load,Actual Load,2026-06-19T10:14:15Z
2026-06-19T10:13:32Z,2026-06-19T12:13:32+0200,883e5adc-9734-481d-ba75-ca4b61ed39d5,2026-06-02T12:45:00Z,2026-06-02T14:45:00+0200,50081.62,MW,FR,FR,actual_load,Actual Load,2026-06-19T10:14:15Z
2026-06-19T10:13:32Z,2026-06-19T12:13:32+0200,883e5adc-9734-481d-ba75-ca4b61ed39d5,2026-06-02T13:00:00Z,2026-06-02T15:00:00+0200,49782.81,MW,FR,FR,actual_load,Actual Load,2026-06-19T10:14:15Z
2026-06-19T10:13:32Z,2026-06-19T12:13:32+0200,883e5adc-9734-481d-ba75-ca4b61ed39d5,2026-06-02T13:15:00Z,2026-06-02T15:15:00+0200,49127.04,MW,FR,FR,actual_load,Actual Load,2026-06-19T10:14:15Z
2026-06-19T10:13:32Z,2026-06-19T12:13:32+0200,883e5adc-9734-481d-ba75-ca4b61ed39d5,2026-06-02T13:30:00Z,2026-06-02T15:30:00+0200,48155.67,MW,FR,FR,actual_load,Actual Load,2026-06-19T10:14:15Z
2026-06-19T10:13:32Z,2026-06-19T12:13:32+0200,883e5adc-9734-481d-ba75-ca4b61ed39d5,2026-06-02T13:45:00Z,2026-06-02T15:45:00+0200,47676.59,MW,FR,FR,actual_load,Actual Load,2026-06-19T10:14:15Z
2026-06-19T10:13:32Z,2026-06-19T12:13:32+0200,883e5adc-9734-481d-ba75-ca4b61ed39d5,2026-06-02T14:00:00Z,2026-06-02T16:00:00+0200,47219.24,MW,FR,FR,actual_load,Actual Load,2026-06-19T10:14:15Z
2026-06-19T10:13:32Z,2026-06-19T12:13:32+0200,883e5adc-9734-481d-ba75-ca4b61ed39d5,2026-06-02T14:15:00Z,2026-06-02T16:15:00+0200,46652.04,MW,FR,FR,actual_load,Actual Load,2026-06-19T10:14:15Z
2026-06-19T10:13:32Z,2026-06-19T12:13:32+0200,883e5adc-9734-481d-ba75-ca4b61ed39d5,2026-06-02T14:30:00Z,2026-06-02T16:30:00+0200,46330.26,MW,FR,FR,actual_load,Actual Load,2026-06-19T10:14:15Z
2026-06-19T10:13:32Z,2026-06-19T12:13:32+0200,883e5adc-9734-481d-ba75-ca4b61ed39d5,2026-06-02T14:45:00Z,2026-06-02T16:45:00+0200,46373.58,MW,FR,FR,actual_load,Actual Load,2026-06-19T10:14:15Z
2026-06-19T10:13:32Z,2026-06-19T12:13:32+0200,883e5adc-9734-481d-ba75-ca4b61ed39d5,2026-06-02T15:00:00Z,2026-06-02T17:00:00+0200,46168.21,MW,FR,FR,actual_load,Actual Load,2026-06-19T10:14:15Z
2026-06-19T10:13:32Z,2026-06-19T12:13:32+0200,883e5adc-9734-481d-ba75-ca4b61ed39d5,2026-06-02T15:15:00Z,2026-06-02T17:15:00+0200,45706.19,MW,FR,FR,actual_load,Actual Load,2026-06-19T10:14:15Z
2026-06-19T10:13:32Z,2026-06-19T12:13:32+0200,883e5adc-9734-481d-ba75-ca4b61ed39d5,2026-06-02T15:30:00Z,2026-06-02T17:30:00+0200,45468.14,MW,FR,FR,actual_load,Actual Load,2026-06-19T10:14:15Z
2026-06-19T10:13:32Z,2026-06-19T12:13:32+0200,883e5adc-9734-481d-ba75-ca4b61ed39d5,2026-06-02T15:45:00Z,2026-06-02T17:45:00+0200,45583.03,MW,FR,FR,actual_load,Actual Load,2026-06-19T10:14:15Z
2026-06-19T10:13:32Z,2026-06-19T12:13:32+0200,883e5adc-9734-481d-ba75-ca4b61ed39d5,2026-06-02T16:00:00Z,2026-06-02T18:00:00+0200,46387.48,MW,FR,FR,actual_load,Actual Load,2026-06-19T10:14:15Z
2026-06-19T10:13:32Z,2026-06-19T12:13:32+0200,883e5adc-9734-481d-ba75-ca4b61ed39d5,2026-06-02T16:15:00Z,2026-06-02T18:15:00+0200,47510.93,MW,FR,FR,actual_load,Actual Load,2026-06-19T10:14:15Z
2026-06-19T10:13:32Z,2026-06-19T12:13:32+0200,883e5adc-9734-481d-ba75-ca4b61ed39d5,2026-06-02T16:30:00Z,2026-06-02T18:30:00+0200,47672.43,MW,FR,FR,actual_load,Actual Load,2026-06-19T10:14:15Z
2026-06-19T10:13:32Z,2026-06-19T12:13:32+0200,883e5adc-9734-481d-ba75-ca4b61ed39d5,2026-06-02T16:45:00Z,2026-06-02T18:45:00+0200,47922.27,MW,FR,FR,actual_load,Actual Load,2026-06-19T10:14:15Z
2026-06-19T10:13:32Z,2026-06-19T12:13:32+0200,883e5adc-9734-481d-ba75-ca4b61ed39d5,2026-06-02T17:00:00Z,2026-06-02T19:00:00+0200,47720.18,MW,FR,FR,actual_load,Actual Load,2026-06-19T10:14:15Z
2026-06-19T10:13:32Z,2026-06-19T12:13:32+0200,883e5adc-9734-481d-ba75-ca4b61ed39d5,2026-06-02T17:15:00Z,2026-06-02T19:15:00+0200,47579.29,MW,FR,FR,actual_load,Actual Load,2026-06-19T10:14:15Z
2026-06-19T10:13:32Z,2026-06-19T12:13:32+0200,883e5adc-9734-481d-ba75-ca4b61ed39d5,2026-06-02T17:30:00Z,2026-06-02T19:30:00+0200,46784.48,MW,FR,FR,actual_load,Actual Load,2026-06-19T10:14:15Z
2026-06-19T10:13:32Z,2026-06-19T12:13:32+0200,883e5adc-9734-481d-ba75-ca4b61ed39d5,2026-06-02T17:45:00Z,2026-06-02T19:45:00+0200,46703.63,MW,FR,FR,actual_load,Actual Load,2026-06-19T10:14:15Z
2026-06-19T10:13:32Z,2026-06-19T12:13:32+0200,883e5adc-9734-481d-ba75-ca4b61ed39d5,2026-06-02T18:00:00Z,2026-06-02T20:00:00+0200,46247.64,MW,FR,FR,actual_load,Actual Load,2026-06-19T10:14:15Z
2026-06-19T10:13:32Z,2026-06-19T12:13:32+0200,883e5adc-9734-481d-ba75-ca4b61ed39d5,2026-06-02T18:15:00Z,2026-06-02T20:15:00+0200,45570.31,MW,FR,FR,actual_load,Actual Load,2026-06-19T10:14:15Z
2026-06-19T10:13:32Z,2026-06-19T12:13:32+0200,883e5adc-9734-481d-ba75-ca4b61ed39d5,2026-06-02T18:30:00Z,2026-06-02T20:30:00+0200,44954.64,MW,FR,FR,actual_load,Actual Load,2026-06-19T10:14:15Z
2026-06-19T10:13:32Z,2026-06-19T12:13:32+0200,883e5adc-9734-481d-ba75-ca4b61ed39d5,2026-06-02T18:45:00Z,2026-06-02T20:45:00+0200,44119.53,MW,FR,FR,actual_load,Actual Load,2026-06-19T10:14:15Z
2026-06-19T10:13:32Z,2026-06-19T12:13:32+0200,883e5adc-9734-481d-ba75-ca4b61ed39d5,2026-06-02T19:00:00Z,2026-06-02T21:00:00+0200,43646.29,MW,FR,FR,actual_load,Actual Load,2026-06-19T10:14:15Z
2026-06-19T10:13:32Z,2026-06-19T12:13:32+0200,883e5adc-9734-481d-ba75-ca4b61ed39d5,2026-06-02T19:15:00Z,2026-06-02T21:15:00+0200,43298.39,MW,FR,FR,actual_load,Actual Load,2026-06-19T10:14:15Z
2026-06-19T10:13:32Z,2026-06-19T12:13:32+0200,883e5adc-9734-481d-ba75-ca4b61ed39d5,2026-06-02T19:30:00Z,2026-06-02T21:30:00+0200,42904.68,MW,FR,FR,actual_load,Actual Load,2026-06-19T10:14:15Z
2026-06-19T10:13:32Z,2026-06-19T12:13:32+0200,883e5adc-9734-481d-ba75-ca4b61ed39d5,2026-06-02T19:45:00Z,2026-06-02T21:45:00+0200,42822.55,MW,FR,FR,actual_load,Actual Load,2026-06-19T10:14:15Z
2026-06-19T10:13:32Z,2026-06-19T12:13:32+0200,883e5adc-9734-481d-ba75-ca4b61ed39d5,2026-06-02T20:00:00Z,2026-06-02T22:00:00+0200,43612.58,MW,FR,FR,actual_load,Actual Load,2026-06-19T10:14:15Z
2026-06-19T10:13:32Z,2026-06-19T12:13:32+0200,883e5adc-9734-481d-ba75-ca4b61ed39d5,2026-06-02T20:15:00Z,2026-06-02T22:15:00+0200,43438.83,MW,FR,FR,actual_load,Actual Load,2026-06-19T10:14:15Z
2026-06-19T10:13:32Z,2026-06-19T12:13:32+0200,883e5adc-9734-481d-ba75-ca4b61ed39d5,2026-06-02T20:30:00Z,2026-06-02T22:30:00+0200,44676.22,MW,FR,FR,actual_load,Actual Load,2026-06-19T10:14:15Z
2026-06-19T10:13:32Z,2026-06-19T12:13:32+0200,883e5adc-9734-481d-ba75-ca4b61ed39d5,2026-06-02T20:45:00Z,2026-06-02T22:45:00+0200,44046.86,MW,FR,FR,actual_load,Actual Load,2026-06-19T10:14:15Z
2026-06-19T10:13:32Z,2026-06-19T12:13:32+0200,883e5adc-9734-481d-ba75-ca4b61ed39d5,2026-06-02T21:00:00Z,2026-06-02T23:00:00+0200,43894.04,MW,FR,FR,actual_load,Actual Load,2026-06-19T10:14:15Z
2026-06-19T10:13:32Z,2026-06-19T12:13:32+0200,883e5adc-9734-481d-ba75-ca4b61ed39d5,2026-06-02T21:15:00Z,2026-06-02T23:15:00+0200,43090.46,MW,FR,FR,actual_load,Actual Load,2026-06-19T10:14:15Z
2026-06-19T10:13:32Z,2026-06-19T12:13:32+0200,883e5adc-9734-481d-ba75-ca4b61ed39d5,2026-06-02T21:30:00Z,2026-06-02T23:30:00+0200,43381.14,MW,FR,FR,actual_load,Actual Load,2026-06-19T10:14:15Z
2026-06-19T10:13:32Z,2026-06-19T12:13:32+0200,883e5adc-9734-481d-ba75-ca4b61ed39d5,2026-06-02T21:45:00Z,2026-06-02T23:45:00+0200,42616.18,MW,FR,FR,actual_load,Actual Load,2026-06-19T10:14:15Z
2026-06-19T10:13:32Z,2026-06-19T12:13:32+0200,883e5adc-9734-481d-ba75-ca4b61ed39d5,2026-06-02T22:00:00Z,2026-06-03T00:00:00+0200,42693.2,MW,FR,FR,actual_load,Actual Load,2026-06-19T10:14:15Z
2026-06-19T10:13:32Z,2026-06-19T12:13:32+0200,883e5adc-9734-481d-ba75-ca4b61ed39d5,2026-06-02T22:15:00Z,2026-06-03T00:15:00+0200,41600.43,MW,FR,FR,actual_load,Actual Load,2026-06-19T10:14:15Z
2026-06-19T10:13:32Z,2026-06-19T12:13:32+0200,883e5adc-9734-481d-ba75-ca4b61ed39d5,2026-06-02T22:30:00Z,2026-06-03T00:30:00+0200,40324.47,MW,FR,FR,actual_load,Actual Load,2026-06-19T10:14:15Z
2026-06-19T10:13:32Z,2026-06-19T12:13:32+0200,883e5adc-9734-481d-ba75-ca4b61ed39d5,2026-06-02T22:45:00Z,2026-06-03T00:45:00+0200,39314.53,MW,FR,FR,actual_load,Actual Load,2026-06-19T10:14:15Z
2026-06-19T10:13:32Z,2026-06-19T12:13:32+0200,883e5adc-9734-481d-ba75-ca4b61ed39d5,2026-06-02T23:00:00Z,2026-06-03T01:00:00+0200,39581.93,MW,FR,FR,actual_load,Actual Load,2026-06-19T10:14:15Z
2026-06-19T10:13:32Z,2026-06-19T12:13:32+0200,883e5adc-9734-481d-ba75-ca4b61ed39d5,2026-06-02T23:15:00Z,2026-06-03T01:15:00+0200,38759.53,MW,FR,FR,actual_load,Actual Load,2026-06-19T10:14:15Z
2026-06-19T10:13:32Z,2026-06-19T12:13:32+0200,883e5adc-9734-481d-ba75-ca4b61ed39d5,2026-06-02T23:30:00Z,2026-06-03T01:30:00+0200,38472.84,MW,FR,FR,actual_load,Actual Load,2026-06-19T10:14:15Z
2026-06-19T10:13:32Z,2026-06-19T12:13:32+0200,883e5adc-9734-481d-ba75-ca4b61ed39d5,2026-06-02T23:45:00Z,2026-06-03T01:45:00+0200,37840.91,MW,FR,FR,actual_load,Actual Load,2026-06-19T10:14:15Z
2026-06-19T10:13:32Z,2026-06-19T12:13:32+0200,883e5adc-9734-481d-ba75-ca4b61ed39d5,2026-06-03T00:00:00Z,2026-06-03T02:00:00+0200,37687.81,MW,FR,FR,actual_load,Actual Load,2026-06-19T10:14:15Z
2026-06-19T10:13:32Z,2026-06-19T12:13:32+0200,883e5adc-9734-481d-ba75-ca4b61ed39d5,2026-06-03T00:15:00Z,2026-06-03T02:15:00+0200,36923.8,MW,FR,FR,actual_load,Actual Load,2026-06-19T10:14:15Z
2026-06-19T10:13:32Z,2026-06-19T12:13:32+0200,883e5adc-9734-481d-ba75-ca4b61ed39d5,2026-06-03T00:30:00Z,2026-06-03T02:30:00+0200,35967.27,MW,FR,FR,actual_load,Actual Load,2026-06-19T10:14:15Z
2026-06-19T10:13:32Z,2026-06-19T12:13:32+0200,883e5adc-9734-481d-ba75-ca4b61ed39d5,2026-06-03T00:45:00Z,2026-06-03T02:45:00+0200,35336.0,MW,FR,FR,actual_load,Actual Load,2026-06-19T10:14:15Z
2026-06-19T10:13:32Z,2026-06-19T12:13:32+0200,883e5adc-9734-481d-ba75-ca4b61ed39d5,2026-06-03T01:00:00Z,2026-06-03T03:00:00+0200,34905.16,MW,FR,FR,actual_load,Actual Load,2026-06-19T10:14:15Z
2026-06-19T10:13:32Z,2026-06-19T12:13:32+0200,883e5adc-9734-481d-ba75-ca4b61ed39d5,2026-06-03T01:15:00Z,2026-06-03T03:15:00+0200,34418.8,MW,FR,FR,actual_load,Actual Load,2026-06-19T10:14:15Z
2026-06-19T10:13:32Z,2026-06-19T12:13:32+0200,883e5adc-9734-481d-ba75-ca4b61ed39d5,2026-06-03T01:30:00Z,2026-06-03T03:30:00+0200,34125.57,MW,FR,FR,actual_load,Actual Load,2026-06-19T10:14:15Z
2026-06-19T10:13:32Z,2026-06-19T12:13:32+0200,883e5adc-9734-481d-ba75-ca4b61ed39d5,2026-06-03T01:45:00Z,2026-06-03T03:45:00+0200,33900.56,MW,FR,FR,actual_load,Actual Load,2026-06-19T10:14:15Z
2026-06-19T10:13:32Z,2026-06-19T12:13:32+0200,883e5adc-9734-481d-ba75-ca4b61ed39d5,2026-06-03T02:00:00Z,2026-06-03T04:00:00+0200,34073.35,MW,FR,FR,actual_load,Actual Load,2026-06-19T10:14:15Z
2026-06-19T10:13:32Z,2026-06-19T12:13:32+0200,883e5adc-9734-481d-ba75-ca4b61ed39d5,2026-06-03T02:15:00Z,2026-06-03T04:15:00+0200,34019.28,MW,FR,FR,actual_load,Actual Load,2026-06-19T10:14:15Z
2026-06-19T10:13:32Z,2026-06-19T12:13:32+0200,883e5adc-9734-481d-ba75-ca4b61ed39d5,2026-06-03T02:30:00Z,2026-06-03T04:30:00+0200,34092.03,MW,FR,FR,actual_load,Actual Load,2026-06-19T10:14:15Z
2026-06-19T10:13:32Z,2026-06-19T12:13:32+0200,883e5adc-9734-481d-ba75-ca4b61ed39d5,2026-06-03T02:45:00Z,2026-06-03T04:45:00+0200,34254.69,MW,FR,FR,actual_load,Actual Load,2026-06-19T10:14:15Z
2026-06-19T10:13:32Z,2026-06-19T12:13:32+0200,883e5adc-9734-481d-ba75-ca4b61ed39d5,2026-06-03T03:00:00Z,2026-06-03T05:00:00+0200,34787.13,MW,FR,FR,actual_load,Actual Load,2026-06-19T10:14:15Z
2026-06-19T10:13:32Z,2026-06-19T12:13:32+0200,883e5adc-9734-481d-ba75-ca4b61ed39d5,2026-06-03T03:15:00Z,2026-06-03T05:15:00+0200,35095.67,MW,FR,FR,actual_load,Actual Load,2026-06-19T10:14:15Z
2026-06-19T10:13:32Z,2026-06-19T12:13:32+0200,883e5adc-9734-481d-ba75-ca4b61ed39d5,2026-06-03T03:30:00Z,2026-06-03T05:30:00+0200,35451.07,MW,FR,FR,actual_load,Actual Load,2026-06-19T10:14:15Z
2026-06-19T10:13:32Z,2026-06-19T12:13:32+0200,883e5adc-9734-481d-ba75-ca4b61ed39d5,2026-06-03T03:45:00Z,2026-06-03T05:45:00+0200,35881.17,MW,FR,FR,actual_load,Actual Load,2026-06-19T10:14:15Z
2026-06-19T10:13:32Z,2026-06-19T12:13:32+0200,883e5adc-9734-481d-ba75-ca4b61ed39d5,2026-06-03T04:00:00Z,2026-06-03T06:00:00+0200,36873.43,MW,FR,FR,actual_load,Actual Load,2026-06-19T10:14:15Z
2026-06-19T10:13:32Z,2026-06-19T12:13:32+0200,883e5adc-9734-481d-ba75-ca4b61ed39d5,2026-06-03T04:15:00Z,2026-06-03T06:15:00+0200,37850.86,MW,FR,FR,actual_load,Actual Load,2026-06-19T10:14:15Z
2026-06-19T10:13:32Z,2026-06-19T12:13:32+0200,883e5adc-9734-481d-ba75-ca4b61ed39d5,2026-06-03T04:30:00Z,2026-06-03T06:30:00+0200,38709.9,MW,FR,FR,actual_load,Actual Load,2026-06-19T10:14:15Z
2026-06-19T10:13:32Z,2026-06-19T12:13:32+0200,883e5adc-9734-481d-ba75-ca4b61ed39d5,2026-06-03T04:45:00Z,2026-06-03T06:45:00+0200,39567.09,MW,FR,FR,actual_load,Actual Load,2026-06-19T10:14:15Z
2026-06-19T10:13:32Z,2026-06-19T12:13:32+0200,883e5adc-9734-481d-ba75-ca4b61ed39d5,2026-06-03T05:00:00Z,2026-06-03T07:00:00+0200,40879.86,MW,FR,FR,actual_load,Actual Load,2026-06-19T10:14:15Z
2026-06-19T10:13:32Z,2026-06-19T12:13:32+0200,883e5adc-9734-481d-ba75-ca4b61ed39d5,2026-06-03T05:15:00Z,2026-06-03T07:15:00+0200,41737.18,MW,FR,FR,actual_load,Actual Load,2026-06-19T10:14:15Z
2026-06-19T10:13:32Z,2026-06-19T12:13:32+0200,883e5adc-9734-481d-ba75-ca4b61ed39d5,2026-06-03T05:30:00Z,2026-06-03T07:30:00+0200,42533.01,MW,FR,FR,actual_load,Actual Load,2026-06-19T10:14:15Z
2026-06-19T10:13:32Z,2026-06-19T12:13:32+0200,883e5adc-9734-481d-ba75-ca4b61ed39d5,2026-06-03T05:45:00Z,2026-06-03T07:45:00+0200,43520.45,MW,FR,FR,actual_load,Actual Load,2026-06-19T10:14:15Z
2026-06-19T10:13:32Z,2026-06-19T12:13:32+0200,883e5adc-9734-481d-ba75-ca4b61ed39d5,2026-06-03T06:00:00Z,2026-06-03T08:00:00+0200,44528.89,MW,FR,FR,actual_load,Actual Load,2026-06-19T10:14:15Z
2026-06-19T10:13:32Z,2026-06-19T12:13:32+0200,883e5adc-9734-481d-ba75-ca4b61ed39d5,2026-06-03T06:15:00Z,2026-06-03T08:15:00+0200,45049.29,MW,FR,FR,actual_load,Actual Load,2026-06-19T10:14:15Z
2026-06-19T10:13:32Z,2026-06-19T12:13:32+0200,883e5adc-9734-481d-ba75-ca4b61ed39d5,2026-06-03T06:30:00Z,2026-06-03T08:30:00+0200,45190.38,MW,FR,FR,actual_load,Actual Load,2026-06-19T10:14:15Z
2026-06-19T10:13:32Z,2026-06-19T12:13:32+0200,883e5adc-9734-481d-ba75-ca4b61ed39d5,2026-06-03T06:45:00Z,2026-06-03T08:45:00+0200,45683.51,MW,FR,FR,actual_load,Actual Load,2026-06-19T10:14:15Z
2026-06-19T10:13:32Z,2026-06-19T12:13:32+0200,883e5adc-9734-481d-ba75-ca4b61ed39d5,2026-06-03T07:00:00Z,2026-06-03T09:00:00+0200,45522.21,MW,FR,FR,actual_load,Actual Load,2026-06-19T10:14:15Z
2026-06-19T10:13:32Z,2026-06-19T12:13:32+0200,883e5adc-9734-481d-ba75-ca4b61ed39d5,2026-06-03T07:15:00Z,2026-06-03T09:15:00+0200,45545.77,MW,FR,FR,actual_load,Actual Load,2026-06-19T10:14:15Z
2026-06-19T10:13:32Z,2026-06-19T12:13:32+0200,883e5adc-9734-481d-ba75-ca4b61ed39d5,2026-06-03T07:30:00Z,2026-06-03T09:30:00+0200,46104.47,MW,FR,FR,actual_load,Actual Load,2026-06-19T10:14:15Z
2026-06-19T10:13:32Z,2026-06-19T12:13:32+0200,883e5adc-9734-481d-ba75-ca4b61ed39d5,2026-06-03T07:45:00Z,2026-06-03T09:45:00+0200,46235.91,MW,FR,FR,actual_load,Actual Load,2026-06-19T10:14:15Z
2026-06-19T10:13:32Z,2026-06-19T12:13:32+0200,883e5adc-9734-481d-ba75-ca4b61ed39d5,2026-06-03T08:00:00Z,2026-06-03T10:00:00+0200,46737.88,MW,FR,FR,actual_load,Actual Load,2026-06-19T10:14:15Z
2026-06-19T10:13:32Z,2026-06-19T12:13:32+0200,883e5adc-9734-481d-ba75-ca4b61ed39d5,2026-06-03T08:15:00Z,2026-06-03T10:15:00+0200,46869.6,MW,FR,FR,actual_load,Actual Load,2026-06-19T10:14:15Z
2026-06-19T10:13:32Z,2026-06-19T12:13:32+0200,883e5adc-9734-481d-ba75-ca4b61ed39d5,2026-06-03T08:30:00Z,2026-06-03T10:30:00+0200,46551.4,MW,FR,FR,actual_load,Actual Load,2026-06-19T10:14:15Z
2026-06-19T10:13:32Z,2026-06-19T12:13:32+0200,883e5adc-9734-481d-ba75-ca4b61ed39d5,2026-06-03T08:45:00Z,2026-06-03T10:45:00+0200,46453.99,MW,FR,FR,actual_load,Actual Load,2026-06-19T10:14:15Z
2026-06-19T10:13:32Z,2026-06-19T12:13:32+0200,883e5adc-9734-481d-ba75-ca4b61ed39d5,2026-06-03T09:00:00Z,2026-06-03T11:00:00+0200,46798.98,MW,FR,FR,actual_load,Actual Load,2026-06-19T10:14:15Z
2026-06-19T10:13:32Z,2026-06-19T12:13:32+0200,883e5adc-9734-481d-ba75-ca4b61ed39d5,2026-06-03T09:15:00Z,2026-06-03T11:15:00+0200,46812.92,MW,FR,FR,actual_load,Actual Load,2026-06-19T10:14:15Z
2026-06-19T10:13:32Z,2026-06-19T12:13:32+0200,883e5adc-9734-481d-ba75-ca4b61ed39d5,2026-06-03T09:30:00Z,2026-06-03T11:30:00+0200,47177.82,MW,FR,FR,actual_load,Actual Load,2026-06-19T10:14:15Z
2026-06-19T10:13:32Z,2026-06-19T12:13:32+0200,883e5adc-9734-481d-ba75-ca4b61ed39d5,2026-06-03T09:45:00Z,2026-06-03T11:45:00+0200,47820.11,MW,FR,FR,actual_load,Actual Load,2026-06-19T10:14:15Z
2026-06-19T10:13:32Z,2026-06-19T12:13:32+0200,883e5adc-9734-481d-ba75-ca4b61ed39d5,2026-06-03T10:00:00Z,2026-06-03T12:00:00+0200,48167.93,MW,FR,FR,actual_load,Actual Load,2026-06-19T10:14:15Z
2026-06-19T10:13:32Z,2026-06-19T12:13:32+0200,883e5adc-9734-481d-ba75-ca4b61ed39d5,2026-06-03T10:15:00Z,2026-06-03T12:15:00+0200,48383.39,MW,FR,FR,actual_load,Actual Load,2026-06-19T10:14:15Z
2026-06-19T10:13:32Z,2026-06-19T12:13:32+0200,883e5adc-9734-481d-ba75-ca4b61ed39d5,2026-06-03T10:30:00Z,2026-06-03T12:30:00+0200,48824.91,MW,FR,FR,actual_load,Actual Load,2026-06-19T10:14:15Z
2026-06-19T10:13:32Z,2026-06-19T12:13:32+0200,883e5adc-9734-481d-ba75-ca4b61ed39d5,2026-06-03T10:45:00Z,2026-06-03T12:45:00+0200,48284.81,MW,FR,FR,actual_load,Actual Load,2026-06-19T10:14:15Z
2026-06-19T10:13:32Z,2026-06-19T12:13:32+0200,883e5adc-9734-481d-ba75-ca4b61ed39d5,2026-06-03T11:00:00Z,2026-06-03T13:00:00+0200,47497.18,MW,FR,FR,actual_load,Actual Load,2026-06-19T10:14:15Z
2026-06-19T10:13:32Z,2026-06-19T12:13:32+0200,883e5adc-9734-481d-ba75-ca4b61ed39d5,2026-06-03T11:15:00Z,2026-06-03T13:15:00+0200,47007.99,MW,FR,FR,actual_load,Actual Load,2026-06-19T10:14:15Z
2026-06-19T10:13:32Z,2026-06-19T12:13:32+0200,883e5adc-9734-481d-ba75-ca4b61ed39d5,2026-06-03T11:30:00Z,2026-06-03T13:30:00+0200,46623.86,MW,FR,FR,actual_load,Actual Load,2026-06-19T10:14:15Z
2026-06-19T10:13:32Z,2026-06-19T12:13:32+0200,883e5adc-9734-481d-ba75-ca4b61ed39d5,2026-06-03T11:45:00Z,2026-06-03T13:45:00+0200,46507.89,MW,FR,FR,actual_load,Actual Load,2026-06-19T10:14:15Z
2026-06-19T10:13:32Z,2026-06-19T12:13:32+0200,883e5adc-9734-481d-ba75-ca4b61ed39d5,2026-06-03T12:00:00Z,2026-06-03T14:00:00+0200,47485.45,MW,FR,FR,actual_load,Actual Load,2026-06-19T10:14:15Z
2026-06-19T10:13:32Z,2026-06-19T12:13:32+0200,883e5adc-9734-481d-ba75-ca4b61ed39d5,2026-06-03T12:15:00Z,2026-06-03T14:15:00+0200,47231.34,MW,FR,FR,actual_load,Actual Load,2026-06-19T10:14:15Z
2026-06-19T10:13:32Z,2026-06-19T12:13:32+0200,883e5adc-9734-481d-ba75-ca4b61ed39d5,2026-06-03T12:30:00Z,2026-06-03T14:30:00+0200,47119.44,MW,FR,FR,actual_load,Actual Load,2026-06-19T10:14:15Z
2026-06-19T10:13:32Z,2026-06-19T12:13:32+0200,883e5adc-9734-481d-ba75-ca4b61ed39d5,2026-06-03T12:45:00Z,2026-06-03T14:45:00+0200,46707.77,MW,FR,FR,actual_load,Actual Load,2026-06-19T10:14:15Z
2026-06-19T10:13:32Z,2026-06-19T12:13:32+0200,883e5adc-9734-481d-ba75-ca4b61ed39d5,2026-06-03T13:00:00Z,2026-06-03T15:00:00+0200,47036.78,MW,FR,FR,actual_load,Actual Load,2026-06-19T10:14:15Z
2026-06-19T10:13:32Z,2026-06-19T12:13:32+0200,883e5adc-9734-481d-ba75-ca4b61ed39d5,2026-06-03T13:15:00Z,2026-06-03T15:15:00+0200,46394.25,MW,FR,FR,actual_load,Actual Load,2026-06-19T10:14:15Z
2026-06-19T10:13:32Z,2026-06-19T12:13:32+0200,883e5adc-9734-481d-ba75-ca4b61ed39d5,2026-06-03T13:30:00Z,2026-06-03T15:30:00+0200,45844.77,MW,FR,FR,actual_load,Actual Load,2026-06-19T10:14:15Z
2026-06-19T10:13:32Z,2026-06-19T12:13:32+0200,883e5adc-9734-481d-ba75-ca4b61ed39d5,2026-06-03T13:45:00Z,2026-06-03T15:45:00+0200,45338.22,MW,FR,FR,actual_load,Actual Load,2026-06-19T10:14:15Z
2026-06-19T10:13:32Z,2026-06-19T12:13:32+0200,883e5adc-9734-481d-ba75-ca4b61ed39d5,2026-06-03T14:00:00Z,2026-06-03T16:00:00+0200,44904.8,MW,FR,FR,actual_load,Actual Load,2026-06-19T10:14:15Z
2026-06-19T10:13:32Z,2026-06-19T12:13:32+0200,883e5adc-9734-481d-ba75-ca4b61ed39d5,2026-06-03T14:15:00Z,2026-06-03T16:15:00+0200,44789.33,MW,FR,FR,actual_load,Actual Load,2026-06-19T10:14:15Z
2026-06-19T10:13:32Z,2026-06-19T12:13:32+0200,883e5adc-9734-481d-ba75-ca4b61ed39d5,2026-06-03T14:30:00Z,2026-06-03T16:30:00+0200,44899.41,MW,FR,FR,actual_load,Actual Load,2026-06-19T10:14:15Z
2026-06-19T10:13:32Z,2026-06-19T12:13:32+0200,883e5adc-9734-481d-ba75-ca4b61ed39d5,2026-06-03T14:45:00Z,2026-06-03T16:45:00+0200,44773.41,MW,FR,FR,actual_load,Actual Load,2026-06-19T10:14:15Z
2026-06-19T10:13:32Z,2026-06-19T12:13:32+0200,883e5adc-9734-481d-ba75-ca4b61ed39d5,2026-06-03T15:00:00Z,2026-06-03T17:00:00+0200,44149.81,MW,FR,FR,actual_load,Actual Load,2026-06-19T10:14:15Z
2026-06-19T10:13:32Z,2026-06-19T12:13:32+0200,883e5adc-9734-481d-ba75-ca4b61ed39d5,2026-06-03T15:15:00Z,2026-06-03T17:15:00+0200,43988.2,MW,FR,FR,actual_load,Actual Load,2026-06-19T10:14:15Z
2026-06-19T10:13:32Z,2026-06-19T12:13:32+0200,883e5adc-9734-481d-ba75-ca4b61ed39d5,2026-06-03T15:30:00Z,2026-06-03T17:30:00+0200,44327.5,MW,FR,FR,actual_load,Actual Load,2026-06-19T10:14:15Z
2026-06-19T10:13:32Z,2026-06-19T12:13:32+0200,883e5adc-9734-481d-ba75-ca4b61ed39d5,2026-06-03T15:45:00Z,2026-06-03T17:45:00+0200,45151.09,MW,FR,FR,actual_load,Actual Load,2026-06-19T10:14:15Z
2026-06-19T10:13:32Z,2026-06-19T12:13:32+0200,883e5adc-9734-481d-ba75-ca4b61ed39d5,2026-06-03T16:00:00Z,2026-06-03T18:00:00+0200,46189.04,MW,FR,FR,actual_load,Actual Load,2026-06-19T10:14:15Z
2026-06-19T10:13:32Z,2026-06-19T12:13:32+0200,883e5adc-9734-481d-ba75-ca4b61ed39d5,2026-06-03T16:15:00Z,2026-06-03T18:15:00+0200,46356.43,MW,FR,FR,actual_load,Actual Load,2026-06-19T10:14:15Z
2026-06-19T10:13:32Z,2026-06-19T12:13:32+0200,883e5adc-9734-481d-ba75-ca4b61ed39d5,2026-06-03T16:30:00Z,2026-06-03T18:30:00+0200,46998.8,MW,FR,FR,actual_load,Actual Load,2026-06-19T10:14:15Z
2026-06-19T10:13:32Z,2026-06-19T12:13:32+0200,883e5adc-9734-481d-ba75-ca4b61ed39d5,2026-06-03T16:45:00Z,2026-06-03T18:45:00+0200,47732.68,MW,FR,FR,actual_load,Actual Load,2026-06-19T10:14:15Z
2026-06-19T10:13:32Z,2026-06-19T12:13:32+0200,883e5adc-9734-481d-ba75-ca4b61ed39d5,2026-06-03T17:00:00Z,2026-06-03T19:00:00+0200,48512.01,MW,FR,FR,actual_load,Actual Load,2026-06-19T10:14:15Z
2026-06-19T10:13:32Z,2026-06-19T12:13:32+0200,883e5adc-9734-481d-ba75-ca4b61ed39d5,2026-06-03T17:15:00Z,2026-06-03T19:15:00+0200,47735.15,MW,FR,FR,actual_load,Actual Load,2026-06-19T10:14:15Z
2026-06-19T10:13:32Z,2026-06-19T12:13:32+0200,883e5adc-9734-481d-ba75-ca4b61ed39d5,2026-06-03T17:30:00Z,2026-06-03T19:30:00+0200,47204.99,MW,FR,FR,actual_load,Actual Load,2026-06-19T10:14:15Z
2026-06-19T10:13:32Z,2026-06-19T12:13:32+0200,883e5adc-9734-481d-ba75-ca4b61ed39d5,2026-06-03T17:45:00Z,2026-06-03T19:45:00+0200,46980.59,MW,FR,FR,actual_load,Actual Load,2026-06-19T10:14:15Z
2026-06-19T10:13:32Z,2026-06-19T12:13:32+0200,883e5adc-9734-481d-ba75-ca4b61ed39d5,2026-06-03T18:00:00Z,2026-06-03T20:00:00+0200,46587.11,MW,FR,FR,actual_load,Actual Load,2026-06-19T10:14:15Z
2026-06-19T10:13:32Z,2026-06-19T12:13:32+0200,883e5adc-9734-481d-ba75-ca4b61ed39d5,2026-06-03T18:15:00Z,2026-06-03T20:15:00+0200,45884.41,MW,FR,FR,actual_load,Actual Load,2026-06-19T10:14:15Z
2026-06-19T10:13:32Z,2026-06-19T12:13:32+0200,883e5adc-9734-481d-ba75-ca4b61ed39d5,2026-06-03T18:30:00Z,2026-06-03T20:30:00+0200,45429.08,MW,FR,FR,actual_load,Actual Load,2026-06-19T10:14:15Z
2026-06-19T10:13:32Z,2026-06-19T12:13:32+0200,883e5adc-9734-481d-ba75-ca4b61ed39d5,2026-06-03T18:45:00Z,2026-06-03T20:45:00+0200,44748.63,MW,FR,FR,actual_load,Actual Load,2026-06-19T10:14:15Z
2026-06-19T10:13:32Z,2026-06-19T12:13:32+0200,883e5adc-9734-481d-ba75-ca4b61ed39d5,2026-06-03T19:00:00Z,2026-06-03T21:00:00+0200,44713.48,MW,FR,FR,actual_load,Actual Load,2026-06-19T10:14:15Z
2026-06-19T10:13:32Z,2026-06-19T12:13:32+0200,883e5adc-9734-481d-ba75-ca4b61ed39d5,2026-06-03T19:15:00Z,2026-06-03T21:15:00+0200,44188.71,MW,FR,FR,actual_load,Actual Load,2026-06-19T10:14:15Z
2026-06-19T10:13:32Z,2026-06-19T12:13:32+0200,883e5adc-9734-481d-ba75-ca4b61ed39d5,2026-06-03T19:30:00Z,2026-06-03T21:30:00+0200,43749.9,MW,FR,FR,actual_load,Actual Load,2026-06-19T10:14:15Z
2026-06-19T10:13:32Z,2026-06-19T12:13:32+0200,883e5adc-9734-481d-ba75-ca4b61ed39d5,2026-06-03T19:45:00Z,2026-06-03T21:45:00+0200,43376.55,MW,FR,FR,actual_load,Actual Load,2026-06-19T10:14:15Z
2026-06-19T10:13:32Z,2026-06-19T12:13:32+0200,883e5adc-9734-481d-ba75-ca4b61ed39d5,2026-06-03T20:00:00Z,2026-06-03T22:00:00+0200,44369.15,MW,FR,FR,actual_load,Actual Load,2026-06-19T10:14:15Z
2026-06-19T10:13:32Z,2026-06-19T12:13:32+0200,883e5adc-9734-481d-ba75-ca4b61ed39d5,2026-06-03T20:15:00Z,2026-06-03T22:15:00+0200,44021.02,MW,FR,FR,actual_load,Actual Load,2026-06-19T10:14:15Z
2026-06-19T10:13:32Z,2026-06-19T12:13:32+0200,883e5adc-9734-481d-ba75-ca4b61ed39d5,2026-06-03T20:30:00Z,2026-06-03T22:30:00+0200,45329.71,MW,FR,FR,actual_load,Actual Load,2026-06-19T10:14:15Z
2026-06-19T10:13:32Z,2026-06-19T12:13:32+0200,883e5adc-9734-481d-ba75-ca4b61ed39d5,2026-06-03T20:45:00Z,2026-06-03T22:45:00+0200,44880.56,MW,FR,FR,actual_load,Actual Load,2026-06-19T10:14:15Z
2026-06-19T10:13:32Z,2026-06-19T12:13:32+0200,883e5adc-9734-481d-ba75-ca4b61ed39d5,2026-06-03T21:00:00Z,2026-06-03T23:00:00+0200,44923.74,MW,FR,FR,actual_load,Actual Load,2026-06-19T10:14:15Z
2026-06-19T10:13:32Z,2026-06-19T12:13:32+0200,883e5adc-9734-481d-ba75-ca4b61ed39d5,2026-06-03T21:15:00Z,2026-06-03T23:15:00+0200,44154.8,MW,FR,FR,actual_load,Actual Load,2026-06-19T10:14:15Z
2026-06-19T10:13:32Z,2026-06-19T12:13:32+0200,883e5adc-9734-481d-ba75-ca4b61ed39d5,2026-06-03T21:30:00Z,2026-06-03T23:30:00+0200,44359.25,MW,FR,FR,actual_load,Actual Load,2026-06-19T10:14:15Z
2026-06-19T10:13:32Z,2026-06-19T12:13:32+0200,883e5adc-9734-481d-ba75-ca4b61ed39d5,2026-06-03T21:45:00Z,2026-06-03T23:45:00+0200,43512.89,MW,FR,FR,actual_load,Actual Load,2026-06-19T10:14:15Z
2026-06-19T10:13:32Z,2026-06-19T12:13:32+0200,883e5adc-9734-481d-ba75-ca4b61ed39d5,2026-06-03T22:00:00Z,2026-06-04T00:00:00+0200,43458.78,MW,FR,FR,actual_load,Actual Load,2026-06-19T10:14:15Z
2026-06-19T10:13:32Z,2026-06-19T12:13:32+0200,883e5adc-9734-481d-ba75-ca4b61ed39d5,2026-06-03T22:15:00Z,2026-06-04T00:15:00+0200,42137.63,MW,FR,FR,actual_load,Actual Load,2026-06-19T10:14:15Z
2026-06-19T10:13:32Z,2026-06-19T12:13:32+0200,883e5adc-9734-481d-ba75-ca4b61ed39d5,2026-06-03T22:30:00Z,2026-06-04T00:30:00+0200,40712.66,MW,FR,FR,actual_load,Actual Load,2026-06-19T10:14:15Z
2026-06-19T10:13:32Z,2026-06-19T12:13:32+0200,883e5adc-9734-481d-ba75-ca4b61ed39d5,2026-06-03T22:45:00Z,2026-06-04T00:45:00+0200,39836.89,MW,FR,FR,actual_load,Actual Load,2026-06-19T10:14:15Z
2026-06-19T10:13:32Z,2026-06-19T12:13:32+0200,883e5adc-9734-481d-ba75-ca4b61ed39d5,2026-06-03T23:00:00Z,2026-06-04T01:00:00+0200,40133.43,MW,FR,FR,actual_load,Actual Load,2026-06-19T10:14:15Z
2026-06-19T10:13:32Z,2026-06-19T12:13:32+0200,883e5adc-9734-481d-ba75-ca4b61ed39d5,2026-06-03T23:15:00Z,2026-06-04T01:15:00+0200,39539.42,MW,FR,FR,actual_load,Actual Load,2026-06-19T10:14:15Z
2026-06-19T10:13:32Z,2026-06-19T12:13:32+0200,883e5adc-9734-481d-ba75-ca4b61ed39d5,2026-06-03T23:30:00Z,2026-06-04T01:30:00+0200,39454.3,MW,FR,FR,actual_load,Actual Load,2026-06-19T10:14:15Z
2026-06-19T10:13:32Z,2026-06-19T12:13:32+0200,883e5adc-9734-481d-ba75-ca4b61ed39d5,2026-06-03T23:45:00Z,2026-06-04T01:45:00+0200,38724.08,MW,FR,FR,actual_load,Actual Load,2026-06-19T10:14:15Z
2026-06-19T10:13:32Z,2026-06-19T12:13:32+0200,883e5adc-9734-481d-ba75-ca4b61ed39d5,2026-06-04T00:00:00Z,2026-06-04T02:00:00+0200,38565.66,MW,FR,FR,actual_load,Actual Load,2026-06-19T10:14:15Z
2026-06-19T10:13:32Z,2026-06-19T12:13:32+0200,883e5adc-9734-481d-ba75-ca4b61ed39d5,2026-06-04T00:15:00Z,2026-06-04T02:15:00+0200,37842.39,MW,FR,FR,actual_load,Actual Load,2026-06-19T10:14:15Z
2026-06-19T10:13:32Z,2026-06-19T12:13:32+0200,883e5adc-9734-481d-ba75-ca4b61ed39d5,2026-06-04T00:30:00Z,2026-06-04T02:30:00+0200,37247.93,MW,FR,FR,actual_load,Actual Load,2026-06-19T10:14:15Z
2026-06-19T10:13:32Z,2026-06-19T12:13:32+0200,883e5adc-9734-481d-ba75-ca4b61ed39d5,2026-06-04T00:45:00Z,2026-06-04T02:45:00+0200,36485.31,MW,FR,FR,actual_load,Actual Load,2026-06-19T10:14:15Z
2026-06-19T10:13:32Z,2026-06-19T12:13:32+0200,883e5adc-9734-481d-ba75-ca4b61ed39d5,2026-06-04T01:00:00Z,2026-06-04T03:00:00+0200,35769.43,MW,FR,FR,actual_load,Actual Load,2026-06-19T10:14:15Z
2026-06-19T10:13:32Z,2026-06-19T12:13:32+0200,883e5adc-9734-481d-ba75-ca4b61ed39d5,2026-06-04T01:15:00Z,2026-06-04T03:15:00+0200,35640.57,MW,FR,FR,actual_load,Actual Load,2026-06-19T10:14:15Z
2026-06-19T10:13:32Z,2026-06-19T12:13:32+0200,883e5adc-9734-481d-ba75-ca4b61ed39d5,2026-06-04T01:30:00Z,2026-06-04T03:30:00+0200,35283.91,MW,FR,FR,actual_load,Actual Load,2026-06-19T10:14:15Z
2026-06-19T10:13:32Z,2026-06-19T12:13:32+0200,883e5adc-9734-481d-ba75-ca4b61ed39d5,2026-06-04T01:45:00Z,2026-06-04T03:45:00+0200,35077.25,MW,FR,FR,actual_load,Actual Load,2026-06-19T10:14:15Z
2026-06-19T10:13:32Z,2026-06-19T12:13:32+0200,883e5adc-9734-481d-ba75-ca4b61ed39d5,2026-06-04T02:00:00Z,2026-06-04T04:00:00+0200,35020.23,MW,FR,FR,actual_load,Actual Load,2026-06-19T10:14:15Z
2026-06-19T10:13:32Z,2026-06-19T12:13:32+0200,883e5adc-9734-481d-ba75-ca4b61ed39d5,2026-06-04T02:15:00Z,2026-06-04T04:15:00+0200,34948.03,MW,FR,FR,actual_load,Actual Load,2026-06-19T10:14:15Z
2026-06-19T10:13:32Z,2026-06-19T12:13:32+0200,883e5adc-9734-481d-ba75-ca4b61ed39d5,2026-06-04T02:30:00Z,2026-06-04T04:30:00+0200,34957.64,MW,FR,FR,actual_load,Actual Load,2026-06-19T10:14:15Z
2026-06-19T10:13:32Z,2026-06-19T12:13:32+0200,883e5adc-9734-481d-ba75-ca4b61ed39d5,2026-06-04T02:45:00Z,2026-06-04T04:45:00+0200,35111.66,MW,FR,FR,actual_load,Actual Load,2026-06-19T10:14:15Z
2026-06-19T10:13:32Z,2026-06-19T12:13:32+0200,883e5adc-9734-481d-ba75-ca4b61ed39d5,2026-06-04T03:00:00Z,2026-06-04T05:00:00+0200,35622.15,MW,FR,FR,actual_load,Actual Load,2026-06-19T10:14:15Z
2026-06-19T10:13:32Z,2026-06-19T12:13:32+0200,883e5adc-9734-481d-ba75-ca4b61ed39d5,2026-06-04T03:15:00Z,2026-06-04T05:15:00+0200,36216.1,MW,FR,FR,actual_load,Actual Load,2026-06-19T10:14:15Z
2026-06-19T10:13:32Z,2026-06-19T12:13:32+0200,883e5adc-9734-481d-ba75-ca4b61ed39d5,2026-06-04T03:30:00Z,2026-06-04T05:30:00+0200,36549.28,MW,FR,FR,actual_load,Actual Load,2026-06-19T10:14:15Z
2026-06-19T10:13:32Z,2026-06-19T12:13:32+0200,883e5adc-9734-481d-ba75-ca4b61ed39d5,2026-06-04T03:45:00Z,2026-06-04T05:45:00+0200,36933.79,MW,FR,FR,actual_load,Actual Load,2026-06-19T10:14:15Z
2026-06-19T10:13:32Z,2026-06-19T12:13:32+0200,883e5adc-9734-481d-ba75-ca4b61ed39d5,2026-06-04T04:00:00Z,2026-06-04T06:00:00+0200,37799.51,MW,FR,FR,actual_load,Actual Load,2026-06-19T10:14:15Z
2026-06-19T10:13:32Z,2026-06-19T12:13:32+0200,883e5adc-9734-481d-ba75-ca4b61ed39d5,2026-06-04T04:15:00Z,2026-06-04T06:15:00+0200,38657.39,MW,FR,FR,actual_load,Actual Load,2026-06-19T10:14:15Z
2026-06-19T10:13:32Z,2026-06-19T12:13:32+0200,883e5adc-9734-481d-ba75-ca4b61ed39d5,2026-06-04T04:30:00Z,2026-06-04T06:30:00+0200,39602.07,MW,FR,FR,actual_load,Actual Load,2026-06-19T10:14:15Z
2026-06-19T10:13:32Z,2026-06-19T12:13:32+0200,883e5adc-9734-481d-ba75-ca4b61ed39d5,2026-06-04T04:45:00Z,2026-06-04T06:45:00+0200,40632.89,MW,FR,FR,actual_load,Actual Load,2026-06-19T10:14:15Z
2026-06-19T10:13:32Z,2026-06-19T12:13:32+0200,883e5adc-9734-481d-ba75-ca4b61ed39d5,2026-06-04T05:00:00Z,2026-06-04T07:00:00+0200,41605.05,MW,FR,FR,actual_load,Actual Load,2026-06-19T10:14:15Z
2026-06-19T10:13:32Z,2026-06-19T12:13:32+0200,883e5adc-9734-481d-ba75-ca4b61ed39d5,2026-06-04T05:15:00Z,2026-06-04T07:15:00+0200,42805.21,MW,FR,FR,actual_load,Actual Load,2026-06-19T10:14:15Z
2026-06-19T10:13:32Z,2026-06-19T12:13:32+0200,883e5adc-9734-481d-ba75-ca4b61ed39d5,2026-06-04T05:30:00Z,2026-06-04T07:30:00+0200,43547.22,MW,FR,FR,actual_load,Actual Load,2026-06-19T10:14:15Z
2026-06-19T10:13:32Z,2026-06-19T12:13:32+0200,883e5adc-9734-481d-ba75-ca4b61ed39d5,2026-06-04T05:45:00Z,2026-06-04T07:45:00+0200,44179.7,MW,FR,FR,actual_load,Actual Load,2026-06-19T10:14:15Z
2026-06-19T10:13:32Z,2026-06-19T12:13:32+0200,883e5adc-9734-481d-ba75-ca4b61ed39d5,2026-06-04T06:00:00Z,2026-06-04T08:00:00+0200,44760.43,MW,FR,FR,actual_load,Actual Load,2026-06-19T10:14:15Z
2026-06-19T10:13:32Z,2026-06-19T12:13:32+0200,883e5adc-9734-481d-ba75-ca4b61ed39d5,2026-06-04T06:15:00Z,2026-06-04T08:15:00+0200,45061.17,MW,FR,FR,actual_load,Actual Load,2026-06-19T10:14:15Z
2026-06-19T10:13:32Z,2026-06-19T12:13:32+0200,883e5adc-9734-481d-ba75-ca4b61ed39d5,2026-06-04T06:30:00Z,2026-06-04T08:30:00+0200,45489.3,MW,FR,FR,actual_load,Actual Load,2026-06-19T10:14:15Z
2026-06-19T10:13:32Z,2026-06-19T12:13:32+0200,883e5adc-9734-481d-ba75-ca4b61ed39d5,2026-06-04T06:45:00Z,2026-06-04T08:45:00+0200,45859.56,MW,FR,FR,actual_load,Actual Load,2026-06-19T10:14:15Z
2026-06-19T10:13:32Z,2026-06-19T12:13:32+0200,883e5adc-9734-481d-ba75-ca4b61ed39d5,2026-06-04T07:00:00Z,2026-06-04T09:00:00+0200,46359.6,MW,FR,FR,actual_load,Actual Load,2026-06-19T10:14:15Z
2026-06-19T10:13:32Z,2026-06-19T12:13:32+0200,883e5adc-9734-481d-ba75-ca4b61ed39d5,2026-06-04T07:15:00Z,2026-06-04T09:15:00+0200,46536.51,MW,FR,FR,actual_load,Actual Load,2026-06-19T10:14:15Z
2026-06-19T10:13:32Z,2026-06-19T12:13:32+0200,883e5adc-9734-481d-ba75-ca4b61ed39d5,2026-06-04T07:30:00Z,2026-06-04T09:30:00+0200,46690.74,MW,FR,FR,actual_load,Actual Load,2026-06-19T10:14:15Z
2026-06-19T10:13:32Z,2026-06-19T12:13:32+0200,883e5adc-9734-481d-ba75-ca4b61ed39d5,2026-06-04T07:45:00Z,2026-06-04T09:45:00+0200,46796.81,MW,FR,FR,actual_load,Actual Load,2026-06-19T10:14:15Z
2026-06-19T10:13:32Z,2026-06-19T12:13:32+0200,883e5adc-9734-481d-ba75-ca4b61ed39d5,2026-06-04T08:00:00Z,2026-06-04T10:00:00+0200,47321.48,MW,FR,FR,actual_load,Actual Load,2026-06-19T10:14:15Z
2026-06-19T10:13:32Z,2026-06-19T12:13:32+0200,883e5adc-9734-481d-ba75-ca4b61ed39d5,2026-06-04T08:15:00Z,2026-06-04T10:15:00+0200,47551.05,MW,FR,FR,actual_load,Actual Load,2026-06-19T10:14:15Z
2026-06-19T10:13:32Z,2026-06-19T12:13:32+0200,883e5adc-9734-481d-ba75-ca4b61ed39d5,2026-06-04T08:30:00Z,2026-06-04T10:30:00+0200,47615.3,MW,FR,FR,actual_load,Actual Load,2026-06-19T10:14:15Z
2026-06-19T10:13:32Z,2026-06-19T12:13:32+0200,883e5adc-9734-481d-ba75-ca4b61ed39d5,2026-06-04T08:45:00Z,2026-06-04T10:45:00+0200,48238.13,MW,FR,FR,actual_load,Actual Load,2026-06-19T10:14:15Z
2026-06-19T10:13:32Z,2026-06-19T12:13:32+0200,883e5adc-9734-481d-ba75-ca4b61ed39d5,2026-06-04T09:00:00Z,2026-06-04T11:00:00+0200,48492.73,MW,FR,FR,actual_load,Actual Load,2026-06-19T10:14:15Z
2026-06-19T10:13:32Z,2026-06-19T12:13:32+0200,883e5adc-9734-481d-ba75-ca4b61ed39d5,2026-06-04T09:15:00Z,2026-06-04T11:15:00+0200,48811.34,MW,FR,FR,actual_load,Actual Load,2026-06-19T10:14:15Z
2026-06-19T10:13:32Z,2026-06-19T12:13:32+0200,883e5adc-9734-481d-ba75-ca4b61ed39d5,2026-06-04T09:30:00Z,2026-06-04T11:30:00+0200,49062.38,MW,FR,FR,actual_load,Actual Load,2026-06-19T10:14:15Z
2026-06-19T10:13:32Z,2026-06-19T12:13:32+0200,883e5adc-9734-481d-ba75-ca4b61ed39d5,2026-06-04T09:45:00Z,2026-06-04T11:45:00+0200,49211.42,MW,FR,FR,actual_load,Actual Load,2026-06-19T10:14:15Z
2026-06-19T10:13:32Z,2026-06-19T12:13:32+0200,883e5adc-9734-481d-ba75-ca4b61ed39d5,2026-06-04T10:00:00Z,2026-06-04T12:00:00+0200,49372.36,MW,FR,FR,actual_load,Actual Load,2026-06-19T10:14:15Z
2026-06-19T10:13:32Z,2026-06-19T12:13:32+0200,883e5adc-9734-481d-ba75-ca4b61ed39d5,2026-06-04T10:15:00Z,2026-06-04T12:15:00+0200,49533.3,MW,FR,FR,actual_load,Actual Load,2026-06-19T10:14:15Z
2026-06-19T10:13:32Z,2026-06-19T12:13:32+0200,883e5adc-9734-481d-ba75-ca4b61ed39d5,2026-06-04T10:30:00Z,2026-06-04T12:30:00+0200,49841.8,MW,FR,FR,actual_load,Actual Load,2026-06-19T10:14:15Z
2026-06-19T10:13:32Z,2026-06-19T12:13:32+0200,883e5adc-9734-481d-ba75-ca4b61ed39d5,2026-06-04T10:45:00Z,2026-06-04T12:45:00+0200,49646.26,MW,FR,FR,actual_load,Actual Load,2026-06-19T10:14:15Z
2026-06-19T10:13:32Z,2026-06-19T12:13:32+0200,883e5adc-9734-481d-ba75-ca4b61ed39d5,2026-06-04T11:00:00Z,2026-06-04T13:00:00+0200,49804.08,MW,FR,FR,actual_load,Actual Load,2026-06-19T10:14:15Z
2026-06-19T10:13:32Z,2026-06-19T12:13:32+0200,883e5adc-9734-481d-ba75-ca4b61ed39d5,2026-06-04T11:15:00Z,2026-06-04T13:15:00+0200,49287.36,MW,FR,FR,actual_load,Actual Load,2026-06-19T10:14:15Z
2026-06-19T10:13:32Z,2026-06-19T12:13:32+0200,883e5adc-9734-481d-ba75-ca4b61ed39d5,2026-06-04T11:30:00Z,2026-06-04T13:30:00+0200,48902.65,MW,FR,FR,actual_load,Actual Load,2026-06-19T10:14:15Z
2026-06-19T10:13:32Z,2026-06-19T12:13:32+0200,883e5adc-9734-481d-ba75-ca4b61ed39d5,2026-06-04T11:45:00Z,2026-06-04T13:45:00+0200,48959.02,MW,FR,FR,actual_load,Actual Load,2026-06-19T10:14:15Z
2026-06-19T10:13:32Z,2026-06-19T12:13:32+0200,883e5adc-9734-481d-ba75-ca4b61ed39d5,2026-06-04T12:00:00Z,2026-06-04T14:00:00+0200,49774.07,MW,FR,FR,actual_load,Actual Load,2026-06-19T10:14:15Z
2026-06-19T10:13:32Z,2026-06-19T12:13:32+0200,883e5adc-9734-481d-ba75-ca4b61ed39d5,2026-06-04T12:15:00Z,2026-06-04T14:15:00+0200,49605.89,MW,FR,FR,actual_load,Actual Load,2026-06-19T10:14:15Z
2026-06-19T10:13:32Z,2026-06-19T12:13:32+0200,883e5adc-9734-481d-ba75-ca4b61ed39d5,2026-06-04T12:30:00Z,2026-06-04T14:30:00+0200,49305.25,MW,FR,FR,actual_load,Actual Load,2026-06-19T10:14:15Z
2026-06-19T10:13:32Z,2026-06-19T12:13:32+0200,883e5adc-9734-481d-ba75-ca4b61ed39d5,2026-06-04T12:45:00Z,2026-06-04T14:45:00+0200,49283.42,MW,FR,FR,actual_load,Actual Load,2026-06-19T10:14:15Z
2026-06-19T10:13:32Z,2026-06-19T12:13:32+0200,883e5adc-9734-481d-ba75-ca4b61ed39d5,2026-06-04T13:00:00Z,2026-06-04T15:00:00+0200,49039.9,MW,FR,FR,actual_load,Actual Load,2026-06-19T10:14:15Z
2026-06-19T10:13:32Z,2026-06-19T12:13:32+0200,883e5adc-9734-481d-ba75-ca4b61ed39d5,2026-06-04T13:15:00Z,2026-06-04T15:15:00+0200,48751.13,MW,FR,FR,actual_load,Actual Load,2026-06-19T10:14:15Z
2026-06-19T10:13:32Z,2026-06-19T12:13:32+0200,883e5adc-9734-481d-ba75-ca4b61ed39d5,2026-06-04T13:30:00Z,2026-06-04T15:30:00+0200,48304.0,MW,FR,FR,actual_load,Actual Load,2026-06-19T10:14:15Z
2026-06-19T10:13:32Z,2026-06-19T12:13:32+0200,883e5adc-9734-481d-ba75-ca4b61ed39d5,2026-06-04T13:45:00Z,2026-06-04T15:45:00+0200,47880.7,MW,FR,FR,actual_load,Actual Load,2026-06-19T10:14:15Z
2026-06-19T10:13:32Z,2026-06-19T12:13:32+0200,883e5adc-9734-481d-ba75-ca4b61ed39d5,2026-06-04T14:00:00Z,2026-06-04T16:00:00+0200,47271.27,MW,FR,FR,actual_load,Actual Load,2026-06-19T10:14:15Z
2026-06-19T10:13:32Z,2026-06-19T12:13:32+0200,883e5adc-9734-481d-ba75-ca4b61ed39d5,2026-06-04T14:15:00Z,2026-06-04T16:15:00+0200,46974.63,MW,FR,FR,actual_load,Actual Load,2026-06-19T10:14:15Z
2026-06-19T10:13:32Z,2026-06-19T12:13:32+0200,883e5adc-9734-481d-ba75-ca4b61ed39d5,2026-06-04T14:30:00Z,2026-06-04T16:30:00+0200,46620.13,MW,FR,FR,actual_load,Actual Load,2026-06-19T10:14:15Z
2026-06-19T10:13:32Z,2026-06-19T12:13:32+0200,883e5adc-9734-481d-ba75-ca4b61ed39d5,2026-06-04T14:45:00Z,2026-06-04T16:45:00+0200,46349.74,MW,FR,FR,actual_load,Actual Load,2026-06-19T10:14:15Z
2026-06-19T10:13:32Z,2026-06-19T12:13:32+0200,883e5adc-9734-481d-ba75-ca4b61ed39d5,2026-06-04T15:00:00Z,2026-06-04T17:00:00+0200,46172.47,MW,FR,FR,actual_load,Actual Load,2026-06-19T10:14:15Z
2026-06-19T10:13:32Z,2026-06-19T12:13:32+0200,883e5adc-9734-481d-ba75-ca4b61ed39d5,2026-06-04T15:15:00Z,2026-06-04T17:15:00+0200,46100.64,MW,FR,FR,actual_load,Actual Load,2026-06-19T10:14:15Z
2026-06-19T10:13:32Z,2026-06-19T12:13:32+0200,883e5adc-9734-481d-ba75-ca4b61ed39d5,2026-06-04T15:30:00Z,2026-06-04T17:30:00+0200,45809.4,MW,FR,FR,actual_load,Actual Load,2026-06-19T10:14:15Z
2026-06-19T10:13:32Z,2026-06-19T12:13:32+0200,883e5adc-9734-481d-ba75-ca4b61ed39d5,2026-06-04T15:45:00Z,2026-06-04T17:45:00+0200,45504.01,MW,FR,FR,actual_load,Actual Load,2026-06-19T10:14:15Z
2026-06-19T10:13:32Z,2026-06-19T12:13:32+0200,883e5adc-9734-481d-ba75-ca4b61ed39d5,2026-06-04T16:00:00Z,2026-06-04T18:00:00+0200,45769.75,MW,FR,FR,actual_load,Actual Load,2026-06-19T10:14:15Z
2026-06-19T10:13:32Z,2026-06-19T12:13:32+0200,883e5adc-9734-481d-ba75-ca4b61ed39d5,2026-06-04T16:15:00Z,2026-06-04T18:15:00+0200,46604.5,MW,FR,FR,actual_load,Actual Load,2026-06-19T10:14:15Z
2026-06-19T10:13:32Z,2026-06-19T12:13:32+0200,883e5adc-9734-481d-ba75-ca4b61ed39d5,2026-06-04T16:30:00Z,2026-06-04T18:30:00+0200,47366.43,MW,FR,FR,actual_load,Actual Load,2026-06-19T10:14:15Z
2026-06-19T10:13:32Z,2026-06-19T12:13:32+0200,883e5adc-9734-481d-ba75-ca4b61ed39d5,2026-06-04T16:45:00Z,2026-06-04T18:45:00+0200,48008.03,MW,FR,FR,actual_load,Actual Load,2026-06-19T10:14:15Z
2026-06-19T10:13:32Z,2026-06-19T12:13:32+0200,883e5adc-9734-481d-ba75-ca4b61ed39d5,2026-06-04T17:00:00Z,2026-06-04T19:00:00+0200,48496.77,MW,FR,FR,actual_load,Actual Load,2026-06-19T10:14:15Z
2026-06-19T10:13:32Z,2026-06-19T12:13:32+0200,883e5adc-9734-481d-ba75-ca4b61ed39d5,2026-06-04T17:15:00Z,2026-06-04T19:15:00+0200,48025.71,MW,FR,FR,actual_load,Actual Load,2026-06-19T10:14:15Z
2026-06-19T10:13:32Z,2026-06-19T12:13:32+0200,883e5adc-9734-481d-ba75-ca4b61ed39d5,2026-06-04T17:30:00Z,2026-06-04T19:30:00+0200,47417.09,MW,FR,FR,actual_load,Actual Load,2026-06-19T10:14:15Z
2026-06-19T10:13:32Z,2026-06-19T12:13:32+0200,883e5adc-9734-481d-ba75-ca4b61ed39d5,2026-06-04T17:45:00Z,2026-06-04T19:45:00+0200,46947.45,MW,FR,FR,actual_load,Actual Load,2026-06-19T10:14:15Z
2026-06-19T10:13:32Z,2026-06-19T12:13:32+0200,883e5adc-9734-481d-ba75-ca4b61ed39d5,2026-06-04T18:00:00Z,2026-06-04T20:00:00+0200,46379.28,MW,FR,FR,actual_load,Actual Load,2026-06-19T10:14:15Z
2026-06-19T10:13:32Z,2026-06-19T12:13:32+0200,883e5adc-9734-481d-ba75-ca4b61ed39d5,2026-06-04T18:15:00Z,2026-06-04T20:15:00+0200,45605.74,MW,FR,FR,actual_load,Actual Load,2026-06-19T10:14:15Z
2026-06-19T10:13:32Z,2026-06-19T12:13:32+0200,883e5adc-9734-481d-ba75-ca4b61ed39d5,2026-06-04T18:30:00Z,2026-06-04T20:30:00+0200,44991.71,MW,FR,FR,actual_load,Actual Load,2026-06-19T10:14:15Z
2026-06-19T10:13:32Z,2026-06-19T12:13:32+0200,883e5adc-9734-481d-ba75-ca4b61ed39d5,2026-06-04T18:45:00Z,2026-06-04T20:45:00+0200,44454.96,MW,FR,FR,actual_load,Actual Load,2026-06-19T10:14:15Z
2026-06-19T10:13:32Z,2026-06-19T12:13:32+0200,883e5adc-9734-481d-ba75-ca4b61ed39d5,2026-06-04T19:00:00Z,2026-06-04T21:00:00+0200,44011.48,MW,FR,FR,actual_load,Actual Load,2026-06-19T10:14:15Z
2026-06-19T10:13:32Z,2026-06-19T12:13:32+0200,883e5adc-9734-481d-ba75-ca4b61ed39d5,2026-06-04T19:15:00Z,2026-06-04T21:15:00+0200,43608.78,MW,FR,FR,actual_load,Actual Load,2026-06-19T10:14:15Z
2026-06-19T10:13:32Z,2026-06-19T12:13:32+0200,883e5adc-9734-481d-ba75-ca4b61ed39d5,2026-06-04T19:30:00Z,2026-06-04T21:30:00+0200,43246.04,MW,FR,FR,actual_load,Actual Load,2026-06-19T10:14:15Z
2026-06-19T10:13:32Z,2026-06-19T12:13:32+0200,883e5adc-9734-481d-ba75-ca4b61ed39d5,2026-06-04T19:45:00Z,2026-06-04T21:45:00+0200,42840.62,MW,FR,FR,actual_load,Actual Load,2026-06-19T10:14:15Z
2026-06-19T10:13:32Z,2026-06-19T12:13:32+0200,883e5adc-9734-481d-ba75-ca4b61ed39d5,2026-06-04T20:00:00Z,2026-06-04T22:00:00+0200,43840.73,MW,FR,FR,actual_load,Actual Load,2026-06-19T10:14:15Z
2026-06-19T10:13:32Z,2026-06-19T12:13:32+0200,883e5adc-9734-481d-ba75-ca4b61ed39d5,2026-06-04T20:15:00Z,2026-06-04T22:15:00+0200,43790.28,MW,FR,FR,actual_load,Actual Load,2026-06-19T10:14:15Z
2026-06-19T10:13:32Z,2026-06-19T12:13:32+0200,883e5adc-9734-481d-ba75-ca4b61ed39d5,2026-06-04T20:30:00Z,2026-06-04T22:30:00+0200,44838.47,MW,FR,FR,actual_load,Actual Load,2026-06-19T10:14:15Z
2026-06-19T10:13:32Z,2026-06-19T12:13:32+0200,883e5adc-9734-481d-ba75-ca4b61ed39d5,2026-06-04T20:45:00Z,2026-06-04T22:45:00+0200,44417.81,MW,FR,FR,actual_load,Actual Load,2026-06-19T10:14:15Z
2026-06-19T10:13:32Z,2026-06-19T12:13:32+0200,883e5adc-9734-481d-ba75-ca4b61ed39d5,2026-06-04T21:00:00Z,2026-06-04T23:00:00+0200,44174.18,MW,FR,FR,actual_load,Actual Load,2026-06-19T10:14:15Z
2026-06-19T10:13:32Z,2026-06-19T12:13:32+0200,883e5adc-9734-481d-ba75-ca4b61ed39d5,2026-06-04T21:15:00Z,2026-06-04T23:15:00+0200,43271.45,MW,FR,FR,actual_load,Actual Load,2026-06-19T10:14:15Z
2026-06-19T10:13:32Z,2026-06-19T12:13:32+0200,883e5adc-9734-481d-ba75-ca4b61ed39d5,2026-06-04T21:30:00Z,2026-06-04T23:30:00+0200,43798.19,MW,FR,FR,actual_load,Actual Load,2026-06-19T10:14:15Z
2026-06-19T10:13:32Z,2026-06-19T12:13:32+0200,883e5adc-9734-481d-ba75-ca4b61ed39d5,2026-06-04T21:45:00Z,2026-06-04T23:45:00+0200,42980.84,MW,FR,FR,actual_load,Actual Load,2026-06-19T10:14:15Z
2026-06-19T10:13:32Z,2026-06-19T12:13:32+0200,883e5adc-9734-481d-ba75-ca4b61ed39d5,2026-06-04T22:00:00Z,2026-06-05T00:00:00+0200,42990.44,MW,FR,FR,actual_load,Actual Load,2026-06-19T10:14:15Z
2026-06-19T10:13:32Z,2026-06-19T12:13:32+0200,883e5adc-9734-481d-ba75-ca4b61ed39d5,2026-06-04T22:15:00Z,2026-06-05T00:15:00+0200,41932.64,MW,FR,FR,actual_load,Actual Load,2026-06-19T10:14:15Z
2026-06-19T10:13:32Z,2026-06-19T12:13:32+0200,883e5adc-9734-481d-ba75-ca4b61ed39d5,2026-06-04T22:30:00Z,2026-06-05T00:30:00+0200,40585.13,MW,FR,FR,actual_load,Actual Load,2026-06-19T10:14:15Z
2026-06-19T10:13:32Z,2026-06-19T12:13:32+0200,883e5adc-9734-481d-ba75-ca4b61ed39d5,2026-06-04T22:45:00Z,2026-06-05T00:45:00+0200,39460.98,MW,FR,FR,actual_load,Actual Load,2026-06-19T10:14:15Z
2026-06-19T10:13:32Z,2026-06-19T12:13:32+0200,883e5adc-9734-481d-ba75-ca4b61ed39d5,2026-06-04T23:00:00Z,2026-06-05T01:00:00+0200,39798.75,MW,FR,FR,actual_load,Actual Load,2026-06-19T10:14:15Z
2026-06-19T10:13:32Z,2026-06-19T12:13:32+0200,883e5adc-9734-481d-ba75-ca4b61ed39d5,2026-06-04T23:15:00Z,2026-06-05T01:15:00+0200,39139.45,MW,FR,FR,actual_load,Actual Load,2026-06-19T10:14:15Z
2026-06-19T10:13:32Z,2026-06-19T12:13:32+0200,883e5adc-9734-481d-ba75-ca4b61ed39d5,2026-06-04T23:30:00Z,2026-06-05T01:30:00+0200,39215.12,MW,FR,FR,actual_load,Actual Load,2026-06-19T10:14:15Z
2026-06-19T10:13:32Z,2026-06-19T12:13:32+0200,883e5adc-9734-481d-ba75-ca4b61ed39d5,2026-06-04T23:45:00Z,2026-06-05T01:45:00+0200,38320.53,MW,FR,FR,actual_load,Actual Load,2026-06-19T10:14:15Z
2026-06-19T10:13:32Z,2026-06-19T12:13:32+0200,883e5adc-9734-481d-ba75-ca4b61ed39d5,2026-06-05T00:00:00Z,2026-06-05T02:00:00+0200,37960.72,MW,FR,FR,actual_load,Actual Load,2026-06-19T10:14:15Z
2026-06-19T10:13:32Z,2026-06-19T12:13:32+0200,883e5adc-9734-481d-ba75-ca4b61ed39d5,2026-06-05T00:15:00Z,2026-06-05T02:15:00+0200,37404.18,MW,FR,FR,actual_load,Actual Load,2026-06-19T10:14:15Z
2026-06-19T10:13:32Z,2026-06-19T12:13:32+0200,883e5adc-9734-481d-ba75-ca4b61ed39d5,2026-06-05T00:30:00Z,2026-06-05T02:30:00+0200,36595.61,MW,FR,FR,actual_load,Actual Load,2026-06-19T10:14:15Z
2026-06-19T10:13:32Z,2026-06-19T12:13:32+0200,883e5adc-9734-481d-ba75-ca4b61ed39d5,2026-06-05T00:45:00Z,2026-06-05T02:45:00+0200,35915.84,MW,FR,FR,actual_load,Actual Load,2026-06-19T10:14:15Z
2026-06-19T10:13:32Z,2026-06-19T12:13:32+0200,883e5adc-9734-481d-ba75-ca4b61ed39d5,2026-06-05T01:00:00Z,2026-06-05T03:00:00+0200,35544.97,MW,FR,FR,actual_load,Actual Load,2026-06-19T10:14:15Z
2026-06-19T10:13:32Z,2026-06-19T12:13:32+0200,883e5adc-9734-481d-ba75-ca4b61ed39d5,2026-06-05T01:15:00Z,2026-06-05T03:15:00+0200,35144.29,MW,FR,FR,actual_load,Actual Load,2026-06-19T10:14:15Z
2026-06-19T10:13:32Z,2026-06-19T12:13:32+0200,883e5adc-9734-481d-ba75-ca4b61ed39d5,2026-06-05T01:30:00Z,2026-06-05T03:30:00+0200,35099.25,MW,FR,FR,actual_load,Actual Load,2026-06-19T10:14:15Z
2026-06-19T10:13:32Z,2026-06-19T12:13:32+0200,883e5adc-9734-481d-ba75-ca4b61ed39d5,2026-06-05T01:45:00Z,2026-06-05T03:45:00+0200,34805.04,MW,FR,FR,actual_load,Actual Load,2026-06-19T10:14:15Z
2026-06-19T10:13:32Z,2026-06-19T12:13:32+0200,883e5adc-9734-481d-ba75-ca4b61ed39d5,2026-06-05T02:00:00Z,2026-06-05T04:00:00+0200,34846.83,MW,FR,FR,actual_load,Actual Load,2026-06-19T10:14:15Z
2026-06-19T10:13:32Z,2026-06-19T12:13:32+0200,883e5adc-9734-481d-ba75-ca4b61ed39d5,2026-06-05T02:15:00Z,2026-06-05T04:15:00+0200,34696.66,MW,FR,FR,actual_load,Actual Load,2026-06-19T10:14:15Z
2026-06-19T10:13:32Z,2026-06-19T12:13:32+0200,883e5adc-9734-481d-ba75-ca4b61ed39d5,2026-06-05T02:30:00Z,2026-06-05T04:30:00+0200,34757.38,MW,FR,FR,actual_load,Actual Load,2026-06-19T10:14:15Z
2026-06-19T10:13:32Z,2026-06-19T12:13:32+0200,883e5adc-9734-481d-ba75-ca4b61ed39d5,2026-06-05T02:45:00Z,2026-06-05T04:45:00+0200,34885.41,MW,FR,FR,actual_load,Actual Load,2026-06-19T10:14:15Z
2026-06-19T10:13:32Z,2026-06-19T12:13:32+0200,883e5adc-9734-481d-ba75-ca4b61ed39d5,2026-06-05T03:00:00Z,2026-06-05T05:00:00+0200,35525.93,MW,FR,FR,actual_load,Actual Load,2026-06-19T10:14:15Z
2026-06-19T10:13:32Z,2026-06-19T12:13:32+0200,883e5adc-9734-481d-ba75-ca4b61ed39d5,2026-06-05T03:15:00Z,2026-06-05T05:15:00+0200,36053.77,MW,FR,FR,actual_load,Actual Load,2026-06-19T10:14:15Z
2026-06-19T10:13:32Z,2026-06-19T12:13:32+0200,883e5adc-9734-481d-ba75-ca4b61ed39d5,2026-06-05T03:30:00Z,2026-06-05T05:30:00+0200,36236.82,MW,FR,FR,actual_load,Actual Load,2026-06-19T10:14:15Z
2026-06-19T10:13:32Z,2026-06-19T12:13:32+0200,883e5adc-9734-481d-ba75-ca4b61ed39d5,2026-06-05T03:45:00Z,2026-06-05T05:45:00+0200,36583.76,MW,FR,FR,actual_load,Actual Load,2026-06-19T10:14:15Z
2026-06-19T10:13:32Z,2026-06-19T12:13:32+0200,883e5adc-9734-481d-ba75-ca4b61ed39d5,2026-06-05T04:00:00Z,2026-06-05T06:00:00+0200,37596.21,MW,FR,FR,actual_load,Actual Load,2026-06-19T10:14:15Z
2026-06-19T10:13:32Z,2026-06-19T12:13:32+0200,883e5adc-9734-481d-ba75-ca4b61ed39d5,2026-06-05T04:15:00Z,2026-06-05T06:15:00+0200,38456.93,MW,FR,FR,actual_load,Actual Load,2026-06-19T10:14:15Z
2026-06-19T10:13:32Z,2026-06-19T12:13:32+0200,883e5adc-9734-481d-ba75-ca4b61ed39d5,2026-06-05T04:30:00Z,2026-06-05T06:30:00+0200,39313.73,MW,FR,FR,actual_load,Actual Load,2026-06-19T10:14:15Z
2026-06-19T10:13:32Z,2026-06-19T12:13:32+0200,883e5adc-9734-481d-ba75-ca4b61ed39d5,2026-06-05T04:45:00Z,2026-06-05T06:45:00+0200,40160.28,MW,FR,FR,actual_load,Actual Load,2026-06-19T10:14:15Z
2026-06-19T10:13:32Z,2026-06-19T12:13:32+0200,883e5adc-9734-481d-ba75-ca4b61ed39d5,2026-06-05T05:00:00Z,2026-06-05T07:00:00+0200,41332.35,MW,FR,FR,actual_load,Actual Load,2026-06-19T10:14:15Z
2026-06-19T10:13:32Z,2026-06-19T12:13:32+0200,883e5adc-9734-481d-ba75-ca4b61ed39d5,2026-06-05T05:15:00Z,2026-06-05T07:15:00+0200,42166.41,MW,FR,FR,actual_load,Actual Load,2026-06-19T10:14:15Z
2026-06-19T10:13:32Z,2026-06-19T12:13:32+0200,883e5adc-9734-481d-ba75-ca4b61ed39d5,2026-06-05T05:30:00Z,2026-06-05T07:30:00+0200,42559.25,MW,FR,FR,actual_load,Actual Load,2026-06-19T10:14:15Z
2026-06-19T10:13:32Z,2026-06-19T12:13:32+0200,883e5adc-9734-481d-ba75-ca4b61ed39d5,2026-06-05T05:45:00Z,2026-06-05T07:45:00+0200,43219.2,MW,FR,FR,actual_load,Actual Load,2026-06-19T10:14:15Z
2026-06-19T10:13:32Z,2026-06-19T12:13:32+0200,883e5adc-9734-481d-ba75-ca4b61ed39d5,2026-06-05T06:00:00Z,2026-06-05T08:00:00+0200,43865.49,MW,FR,FR,actual_load,Actual Load,2026-06-19T10:14:15Z
2026-06-19T10:13:32Z,2026-06-19T12:13:32+0200,883e5adc-9734-481d-ba75-ca4b61ed39d5,2026-06-05T06:15:00Z,2026-06-05T08:15:00+0200,44447.57,MW,FR,FR,actual_load,Actual Load,2026-06-19T10:14:15Z
2026-06-19T10:13:32Z,2026-06-19T12:13:32+0200,883e5adc-9734-481d-ba75-ca4b61ed39d5,2026-06-05T06:30:00Z,2026-06-05T08:30:00+0200,44694.05,MW,FR,FR,actual_load,Actual Load,2026-06-19T10:14:15Z
2026-06-19T10:13:32Z,2026-06-19T12:13:32+0200,883e5adc-9734-481d-ba75-ca4b61ed39d5,2026-06-05T06:45:00Z,2026-06-05T08:45:00+0200,45125.48,MW,FR,FR,actual_load,Actual Load,2026-06-19T10:14:15Z
2026-06-19T10:13:32Z,2026-06-19T12:13:32+0200,883e5adc-9734-481d-ba75-ca4b61ed39d5,2026-06-05T07:00:00Z,2026-06-05T09:00:00+0200,45280.7,MW,FR,FR,actual_load,Actual Load,2026-06-19T10:14:15Z
2026-06-19T10:13:32Z,2026-06-19T12:13:32+0200,883e5adc-9734-481d-ba75-ca4b61ed39d5,2026-06-05T07:15:00Z,2026-06-05T09:15:00+0200,45467.65,MW,FR,FR,actual_load,Actual Load,2026-06-19T10:14:15Z
2026-06-19T10:13:32Z,2026-06-19T12:13:32+0200,883e5adc-9734-481d-ba75-ca4b61ed39d5,2026-06-05T07:30:00Z,2026-06-05T09:30:00+0200,45773.6,MW,FR,FR,actual_load,Actual Load,2026-06-19T10:14:15Z
2026-06-19T10:13:32Z,2026-06-19T12:13:32+0200,883e5adc-9734-481d-ba75-ca4b61ed39d5,2026-06-05T07:45:00Z,2026-06-05T09:45:00+0200,45974.39,MW,FR,FR,actual_load,Actual Load,2026-06-19T10:14:15Z
2026-06-19T10:13:32Z,2026-06-19T12:13:32+0200,883e5adc-9734-481d-ba75-ca4b61ed39d5,2026-06-05T08:00:00Z,2026-06-05T10:00:00+0200,46164.7,MW,FR,FR,actual_load,Actual Load,2026-06-19T10:14:15Z
2026-06-19T10:13:32Z,2026-06-19T12:13:32+0200,883e5adc-9734-481d-ba75-ca4b61ed39d5,2026-06-05T08:15:00Z,2026-06-05T10:15:00+0200,46214.98,MW,FR,FR,actual_load,Actual Load,2026-06-19T10:14:15Z
2026-06-19T10:13:32Z,2026-06-19T12:13:32+0200,883e5adc-9734-481d-ba75-ca4b61ed39d5,2026-06-05T08:30:00Z,2026-06-05T10:30:00+0200,46236.73,MW,FR,FR,actual_load,Actual Load,2026-06-19T10:14:15Z
2026-06-19T10:13:32Z,2026-06-19T12:13:32+0200,883e5adc-9734-481d-ba75-ca4b61ed39d5,2026-06-05T08:45:00Z,2026-06-05T10:45:00+0200,46478.59,MW,FR,FR,actual_load,Actual Load,2026-06-19T10:14:15Z
2026-06-19T10:13:32Z,2026-06-19T12:13:32+0200,883e5adc-9734-481d-ba75-ca4b61ed39d5,2026-06-05T09:00:00Z,2026-06-05T11:00:00+0200,46433.86,MW,FR,FR,actual_load,Actual Load,2026-06-19T10:14:15Z
2026-06-19T10:13:32Z,2026-06-19T12:13:32+0200,883e5adc-9734-481d-ba75-ca4b61ed39d5,2026-06-05T09:15:00Z,2026-06-05T11:15:00+0200,46699.21,MW,FR,FR,actual_load,Actual Load,2026-06-19T10:14:15Z
2026-06-19T10:13:32Z,2026-06-19T12:13:32+0200,883e5adc-9734-481d-ba75-ca4b61ed39d5,2026-06-05T09:30:00Z,2026-06-05T11:30:00+0200,46924.66,MW,FR,FR,actual_load,Actual Load,2026-06-19T10:14:15Z
2026-06-19T10:13:32Z,2026-06-19T12:13:32+0200,883e5adc-9734-481d-ba75-ca4b61ed39d5,2026-06-05T09:45:00Z,2026-06-05T11:45:00+0200,47167.64,MW,FR,FR,actual_load,Actual Load,2026-06-19T10:14:15Z
2026-06-19T10:13:32Z,2026-06-19T12:13:32+0200,883e5adc-9734-481d-ba75-ca4b61ed39d5,2026-06-05T10:00:00Z,2026-06-05T12:00:00+0200,47668.58,MW,FR,FR,actual_load,Actual Load,2026-06-19T10:14:15Z
2026-06-19T10:13:32Z,2026-06-19T12:13:32+0200,883e5adc-9734-481d-ba75-ca4b61ed39d5,2026-06-05T10:15:00Z,2026-06-05T12:15:00+0200,47583.23,MW,FR,FR,actual_load,Actual Load,2026-06-19T10:14:15Z
2026-06-19T10:13:32Z,2026-06-19T12:13:32+0200,883e5adc-9734-481d-ba75-ca4b61ed39d5,2026-06-05T10:30:00Z,2026-06-05T12:30:00+0200,47947.42,MW,FR,FR,actual_load,Actual Load,2026-06-19T10:14:15Z
2026-06-19T10:13:32Z,2026-06-19T12:13:32+0200,883e5adc-9734-481d-ba75-ca4b61ed39d5,2026-06-05T10:45:00Z,2026-06-05T12:45:00+0200,47533.67,MW,FR,FR,actual_load,Actual Load,2026-06-19T10:14:15Z
2026-06-19T10:13:32Z,2026-06-19T12:13:32+0200,883e5adc-9734-481d-ba75-ca4b61ed39d5,2026-06-05T11:00:00Z,2026-06-05T13:00:00+0200,47190.68,MW,FR,FR,actual_load,Actual Load,2026-06-19T10:14:15Z
2026-06-19T10:13:32Z,2026-06-19T12:13:32+0200,883e5adc-9734-481d-ba75-ca4b61ed39d5,2026-06-05T11:15:00Z,2026-06-05T13:15:00+0200,46058.98,MW,FR,FR,actual_load,Actual Load,2026-06-19T10:14:15Z
2026-06-19T10:13:32Z,2026-06-19T12:13:32+0200,883e5adc-9734-481d-ba75-ca4b61ed39d5,2026-06-05T11:30:00Z,2026-06-05T13:30:00+0200,45634.95,MW,FR,FR,actual_load,Actual Load,2026-06-19T10:14:15Z
2026-06-19T10:13:32Z,2026-06-19T12:13:32+0200,883e5adc-9734-481d-ba75-ca4b61ed39d5,2026-06-05T11:45:00Z,2026-06-05T13:45:00+0200,45424.36,MW,FR,FR,actual_load,Actual Load,2026-06-19T10:14:15Z
2026-06-19T10:13:32Z,2026-06-19T12:13:32+0200,883e5adc-9734-481d-ba75-ca4b61ed39d5,2026-06-05T12:00:00Z,2026-06-05T14:00:00+0200,46268.86,MW,FR,FR,actual_load,Actual Load,2026-06-19T10:14:15Z
2026-06-19T10:13:32Z,2026-06-19T12:13:32+0200,883e5adc-9734-481d-ba75-ca4b61ed39d5,2026-06-05T12:15:00Z,2026-06-05T14:15:00+0200,46159.04,MW,FR,FR,actual_load,Actual Load,2026-06-19T10:14:15Z
2026-06-19T10:13:32Z,2026-06-19T12:13:32+0200,883e5adc-9734-481d-ba75-ca4b61ed39d5,2026-06-05T12:30:00Z,2026-06-05T14:30:00+0200,45987.98,MW,FR,FR,actual_load,Actual Load,2026-06-19T10:14:15Z
2026-06-19T10:13:32Z,2026-06-19T12:13:32+0200,883e5adc-9734-481d-ba75-ca4b61ed39d5,2026-06-05T12:45:00Z,2026-06-05T14:45:00+0200,45619.5,MW,FR,FR,actual_load,Actual Load,2026-06-19T10:14:15Z
2026-06-19T10:13:32Z,2026-06-19T12:13:32+0200,883e5adc-9734-481d-ba75-ca4b61ed39d5,2026-06-05T13:00:00Z,2026-06-05T15:00:00+0200,45522.12,MW,FR,FR,actual_load,Actual Load,2026-06-19T10:14:15Z
2026-06-19T10:13:32Z,2026-06-19T12:13:32+0200,883e5adc-9734-481d-ba75-ca4b61ed39d5,2026-06-05T13:15:00Z,2026-06-05T15:15:00+0200,44941.19,MW,FR,FR,actual_load,Actual Load,2026-06-19T10:14:15Z
2026-06-19T10:13:32Z,2026-06-19T12:13:32+0200,883e5adc-9734-481d-ba75-ca4b61ed39d5,2026-06-05T13:30:00Z,2026-06-05T15:30:00+0200,44451.62,MW,FR,FR,actual_load,Actual Load,2026-06-19T10:14:15Z
2026-06-19T10:13:32Z,2026-06-19T12:13:32+0200,883e5adc-9734-481d-ba75-ca4b61ed39d5,2026-06-05T13:45:00Z,2026-06-05T15:45:00+0200,43899.62,MW,FR,FR,actual_load,Actual Load,2026-06-19T10:14:15Z
2026-06-19T10:13:32Z,2026-06-19T12:13:32+0200,883e5adc-9734-481d-ba75-ca4b61ed39d5,2026-06-05T14:00:00Z,2026-06-05T16:00:00+0200,43295.62,MW,FR,FR,actual_load,Actual Load,2026-06-19T10:14:15Z
2026-06-19T10:13:32Z,2026-06-19T12:13:32+0200,883e5adc-9734-481d-ba75-ca4b61ed39d5,2026-06-05T14:15:00Z,2026-06-05T16:15:00+0200,43224.13,MW,FR,FR,actual_load,Actual Load,2026-06-19T10:14:15Z
2026-06-19T10:13:32Z,2026-06-19T12:13:32+0200,883e5adc-9734-481d-ba75-ca4b61ed39d5,2026-06-05T14:30:00Z,2026-06-05T16:30:00+0200,42829.77,MW,FR,FR,actual_load,Actual Load,2026-06-19T10:14:15Z
2026-06-19T10:13:32Z,2026-06-19T12:13:32+0200,883e5adc-9734-481d-ba75-ca4b61ed39d5,2026-06-05T14:45:00Z,2026-06-05T16:45:00+0200,42783.01,MW,FR,FR,actual_load,Actual Load,2026-06-19T10:14:15Z
2026-06-19T10:13:32Z,2026-06-19T12:13:32+0200,883e5adc-9734-481d-ba75-ca4b61ed39d5,2026-06-05T15:00:00Z,2026-06-05T17:00:00+0200,42493.05,MW,FR,FR,actual_load,Actual Load,2026-06-19T10:14:15Z
2026-06-19T10:13:32Z,2026-06-19T12:13:32+0200,883e5adc-9734-481d-ba75-ca4b61ed39d5,2026-06-05T15:15:00Z,2026-06-05T17:15:00+0200,42513.94,MW,FR,FR,actual_load,Actual Load,2026-06-19T10:14:15Z
2026-06-19T10:13:32Z,2026-06-19T12:13:32+0200,883e5adc-9734-481d-ba75-ca4b61ed39d5,2026-06-05T15:30:00Z,2026-06-05T17:30:00+0200,43003.5,MW,FR,FR,actual_load,Actual Load,2026-06-19T10:14:15Z
2026-06-19T10:13:32Z,2026-06-19T12:13:32+0200,883e5adc-9734-481d-ba75-ca4b61ed39d5,2026-06-05T15:45:00Z,2026-06-05T17:45:00+0200,43518.8,MW,FR,FR,actual_load,Actual Load,2026-06-19T10:14:15Z
2026-06-19T10:13:32Z,2026-06-19T12:13:32+0200,883e5adc-9734-481d-ba75-ca4b61ed39d5,2026-06-05T16:00:00Z,2026-06-05T18:00:00+0200,43560.22,MW,FR,FR,actual_load,Actual Load,2026-06-19T10:14:15Z
2026-06-19T10:13:32Z,2026-06-19T12:13:32+0200,883e5adc-9734-481d-ba75-ca4b61ed39d5,2026-06-05T16:15:00Z,2026-06-05T18:15:00+0200,44114.28,MW,FR,FR,actual_load,Actual Load,2026-06-19T10:14:15Z
2026-06-19T10:13:32Z,2026-06-19T12:13:32+0200,883e5adc-9734-481d-ba75-ca4b61ed39d5,2026-06-05T16:30:00Z,2026-06-05T18:30:00+0200,44434.56,MW,FR,FR,actual_load,Actual Load,2026-06-19T10:14:15Z
2026-06-19T10:13:32Z,2026-06-19T12:13:32+0200,883e5adc-9734-481d-ba75-ca4b61ed39d5,2026-06-05T16:45:00Z,2026-06-05T18:45:00+0200,45122.86,MW,FR,FR,actual_load,Actual Load,2026-06-19T10:14:15Z
2026-06-19T10:13:32Z,2026-06-19T12:13:32+0200,883e5adc-9734-481d-ba75-ca4b61ed39d5,2026-06-05T17:00:00Z,2026-06-05T19:00:00+0200,45290.66,MW,FR,FR,actual_load,Actual Load,2026-06-19T10:14:15Z
2026-06-19T10:13:32Z,2026-06-19T12:13:32+0200,883e5adc-9734-481d-ba75-ca4b61ed39d5,2026-06-05T17:15:00Z,2026-06-05T19:15:00+0200,45398.66,MW,FR,FR,actual_load,Actual Load,2026-06-19T10:14:15Z
2026-06-19T10:13:32Z,2026-06-19T12:13:32+0200,883e5adc-9734-481d-ba75-ca4b61ed39d5,2026-06-05T17:30:00Z,2026-06-05T19:30:00+0200,45354.66,MW,FR,FR,actual_load,Actual Load,2026-06-19T10:14:15Z
2026-06-19T10:13:32Z,2026-06-19T12:13:32+0200,883e5adc-9734-481d-ba75-ca4b61ed39d5,2026-06-05T17:45:00Z,2026-06-05T19:45:00+0200,45087.18,MW,FR,FR,actual_load,Actual Load,2026-06-19T10:14:15Z
2026-06-19T10:13:32Z,2026-06-19T12:13:32+0200,883e5adc-9734-481d-ba75-ca4b61ed39d5,2026-06-05T18:00:00Z,2026-06-05T20:00:00+0200,44609.84,MW,FR,FR,actual_load,Actual Load,2026-06-19T10:14:15Z
2026-06-19T10:13:32Z,2026-06-19T12:13:32+0200,883e5adc-9734-481d-ba75-ca4b61ed39d5,2026-06-05T18:15:00Z,2026-06-05T20:15:00+0200,43899.76,MW,FR,FR,actual_load,Actual Load,2026-06-19T10:14:15Z
2026-06-19T10:13:32Z,2026-06-19T12:13:32+0200,883e5adc-9734-481d-ba75-ca4b61ed39d5,2026-06-05T18:30:00Z,2026-06-05T20:30:00+0200,43278.28,MW,FR,FR,actual_load,Actual Load,2026-06-19T10:14:15Z
2026-06-19T10:13:32Z,2026-06-19T12:13:32+0200,883e5adc-9734-481d-ba75-ca4b61ed39d5,2026-06-05T18:45:00Z,2026-06-05T20:45:00+0200,42787.32,MW,FR,FR,actual_load,Actual Load,2026-06-19T10:14:15Z
2026-06-19T10:13:32Z,2026-06-19T12:13:32+0200,883e5adc-9734-481d-ba75-ca4b61ed39d5,2026-06-05T19:00:00Z,2026-06-05T21:00:00+0200,42771.16,MW,FR,FR,actual_load,Actual Load,2026-06-19T10:14:15Z
2026-06-19T10:13:32Z,2026-06-19T12:13:32+0200,883e5adc-9734-481d-ba75-ca4b61ed39d5,2026-06-05T19:15:00Z,2026-06-05T21:15:00+0200,42591.34,MW,FR,FR,actual_load,Actual Load,2026-06-19T10:14:15Z
2026-06-19T10:13:32Z,2026-06-19T12:13:32+0200,883e5adc-9734-481d-ba75-ca4b61ed39d5,2026-06-05T19:30:00Z,2026-06-05T21:30:00+0200,42394.26,MW,FR,FR,actual_load,Actual Load,2026-06-19T10:14:15Z
2026-06-19T10:13:32Z,2026-06-19T12:13:32+0200,883e5adc-9734-481d-ba75-ca4b61ed39d5,2026-06-05T19:45:00Z,2026-06-05T21:45:00+0200,42175.32,MW,FR,FR,actual_load,Actual Load,2026-06-19T10:14:15Z
2026-06-19T10:13:32Z,2026-06-19T12:13:32+0200,883e5adc-9734-481d-ba75-ca4b61ed39d5,2026-06-05T20:00:00Z,2026-06-05T22:00:00+0200,43618.97,MW,FR,FR,actual_load,Actual Load,2026-06-19T10:14:15Z
2026-06-19T10:13:32Z,2026-06-19T12:13:32+0200,883e5adc-9734-481d-ba75-ca4b61ed39d5,2026-06-05T20:15:00Z,2026-06-05T22:15:00+0200,43377.11,MW,FR,FR,actual_load,Actual Load,2026-06-19T10:14:15Z
2026-06-19T10:13:32Z,2026-06-19T12:13:32+0200,883e5adc-9734-481d-ba75-ca4b61ed39d5,2026-06-05T20:30:00Z,2026-06-05T22:30:00+0200,44512.47,MW,FR,FR,actual_load,Actual Load,2026-06-19T10:14:15Z
2026-06-19T10:13:32Z,2026-06-19T12:13:32+0200,883e5adc-9734-481d-ba75-ca4b61ed39d5,2026-06-05T20:45:00Z,2026-06-05T22:45:00+0200,44165.72,MW,FR,FR,actual_load,Actual Load,2026-06-19T10:14:15Z
2026-06-19T10:13:32Z,2026-06-19T12:13:32+0200,883e5adc-9734-481d-ba75-ca4b61ed39d5,2026-06-05T21:00:00Z,2026-06-05T23:00:00+0200,44343.44,MW,FR,FR,actual_load,Actual Load,2026-06-19T10:14:15Z
2026-06-19T10:13:32Z,2026-06-19T12:13:32+0200,883e5adc-9734-481d-ba75-ca4b61ed39d5,2026-06-05T21:15:00Z,2026-06-05T23:15:00+0200,43322.13,MW,FR,FR,actual_load,Actual Load,2026-06-19T10:14:15Z
2026-06-19T10:13:32Z,2026-06-19T12:13:32+0200,883e5adc-9734-481d-ba75-ca4b61ed39d5,2026-06-05T21:30:00Z,2026-06-05T23:30:00+0200,43768.02,MW,FR,FR,actual_load,Actual Load,2026-06-19T10:14:15Z
2026-06-19T10:13:32Z,2026-06-19T12:13:32+0200,883e5adc-9734-481d-ba75-ca4b61ed39d5,2026-06-05T21:45:00Z,2026-06-05T23:45:00+0200,42864.1,MW,FR,FR,actual_load,Actual Load,2026-06-19T10:14:15Z
2026-06-19T10:13:32Z,2026-06-19T12:13:32+0200,883e5adc-9734-481d-ba75-ca4b61ed39d5,2026-06-05T22:00:00Z,2026-06-06T00:00:00+0200,42851.64,MW,FR,FR,actual_load,Actual Load,2026-06-19T10:14:15Z
2026-06-19T10:13:32Z,2026-06-19T12:13:32+0200,883e5adc-9734-481d-ba75-ca4b61ed39d5,2026-06-05T22:15:00Z,2026-06-06T00:15:00+0200,41797.85,MW,FR,FR,actual_load,Actual Load,2026-06-19T10:14:15Z
2026-06-19T10:13:32Z,2026-06-19T12:13:32+0200,883e5adc-9734-481d-ba75-ca4b61ed39d5,2026-06-05T22:30:00Z,2026-06-06T00:30:00+0200,40706.8,MW,FR,FR,actual_load,Actual Load,2026-06-19T10:14:15Z
2026-06-19T10:13:32Z,2026-06-19T12:13:32+0200,883e5adc-9734-481d-ba75-ca4b61ed39d5,2026-06-05T22:45:00Z,2026-06-06T00:45:00+0200,39615.14,MW,FR,FR,actual_load,Actual Load,2026-06-19T10:14:15Z
2026-06-19T10:13:32Z,2026-06-19T12:13:32+0200,883e5adc-9734-481d-ba75-ca4b61ed39d5,2026-06-05T23:00:00Z,2026-06-06T01:00:00+0200,39931.09,MW,FR,FR,actual_load,Actual Load,2026-06-19T10:14:15Z
2026-06-19T10:13:32Z,2026-06-19T12:13:32+0200,883e5adc-9734-481d-ba75-ca4b61ed39d5,2026-06-05T23:15:00Z,2026-06-06T01:15:00+0200,39253.82,MW,FR,FR,actual_load,Actual Load,2026-06-19T10:14:15Z
2026-06-19T10:13:32Z,2026-06-19T12:13:32+0200,883e5adc-9734-481d-ba75-ca4b61ed39d5,2026-06-05T23:30:00Z,2026-06-06T01:30:00+0200,38932.71,MW,FR,FR,actual_load,Actual Load,2026-06-19T10:14:15Z
2026-06-19T10:13:32Z,2026-06-19T12:13:32+0200,883e5adc-9734-481d-ba75-ca4b61ed39d5,2026-06-05T23:45:00Z,2026-06-06T01:45:00+0200,38055.08,MW,FR,FR,actual_load,Actual Load,2026-06-19T10:14:15Z
2026-06-19T10:13:32Z,2026-06-19T12:13:32+0200,883e5adc-9734-481d-ba75-ca4b61ed39d5,2026-06-06T00:00:00Z,2026-06-06T02:00:00+0200,37971.75,MW,FR,FR,actual_load,Actual Load,2026-06-19T10:14:15Z
2026-06-19T10:13:32Z,2026-06-19T12:13:32+0200,883e5adc-9734-481d-ba75-ca4b61ed39d5,2026-06-06T00:15:00Z,2026-06-06T02:15:00+0200,37089.95,MW,FR,FR,actual_load,Actual Load,2026-06-19T10:14:15Z
2026-06-19T10:13:32Z,2026-06-19T12:13:32+0200,883e5adc-9734-481d-ba75-ca4b61ed39d5,2026-06-06T00:30:00Z,2026-06-06T02:30:00+0200,36260.69,MW,FR,FR,actual_load,Actual Load,2026-06-19T10:14:15Z
2026-06-19T10:13:32Z,2026-06-19T12:13:32+0200,883e5adc-9734-481d-ba75-ca4b61ed39d5,2026-06-06T00:45:00Z,2026-06-06T02:45:00+0200,35558.59,MW,FR,FR,actual_load,Actual Load,2026-06-19T10:14:15Z
2026-06-19T10:13:32Z,2026-06-19T12:13:32+0200,883e5adc-9734-481d-ba75-ca4b61ed39d5,2026-06-06T01:00:00Z,2026-06-06T03:00:00+0200,34709.83,MW,FR,FR,actual_load,Actual Load,2026-06-19T10:14:15Z
2026-06-19T10:13:32Z,2026-06-19T12:13:32+0200,883e5adc-9734-481d-ba75-ca4b61ed39d5,2026-06-06T01:15:00Z,2026-06-06T03:15:00+0200,33900.59,MW,FR,FR,actual_load,Actual Load,2026-06-19T10:14:15Z
2026-06-19T10:13:32Z,2026-06-19T12:13:32+0200,883e5adc-9734-481d-ba75-ca4b61ed39d5,2026-06-06T01:30:00Z,2026-06-06T03:30:00+0200,33507.51,MW,FR,FR,actual_load,Actual Load,2026-06-19T10:14:15Z
2026-06-19T10:13:32Z,2026-06-19T12:13:32+0200,883e5adc-9734-481d-ba75-ca4b61ed39d5,2026-06-06T01:45:00Z,2026-06-06T03:45:00+0200,32884.77,MW,FR,FR,actual_load,Actual Load,2026-06-19T10:14:15Z
2026-06-19T10:13:32Z,2026-06-19T12:13:32+0200,883e5adc-9734-481d-ba75-ca4b61ed39d5,2026-06-06T02:00:00Z,2026-06-06T04:00:00+0200,32930.99,MW,FR,FR,actual_load,Actual Load,2026-06-19T10:14:15Z
2026-06-19T10:13:32Z,2026-06-19T12:13:32+0200,883e5adc-9734-481d-ba75-ca4b61ed39d5,2026-06-06T02:15:00Z,2026-06-06T04:15:00+0200,32549.84,MW,FR,FR,actual_load,Actual Load,2026-06-19T10:14:15Z
2026-06-19T10:13:32Z,2026-06-19T12:13:32+0200,883e5adc-9734-481d-ba75-ca4b61ed39d5,2026-06-06T02:30:00Z,2026-06-06T04:30:00+0200,33211.18,MW,FR,FR,actual_load,Actual Load,2026-06-19T10:14:15Z
2026-06-19T10:13:32Z,2026-06-19T12:13:32+0200,883e5adc-9734-481d-ba75-ca4b61ed39d5,2026-06-06T02:45:00Z,2026-06-06T04:45:00+0200,33191.02,MW,FR,FR,actual_load,Actual Load,2026-06-19T10:14:15Z
2026-06-19T10:13:32Z,2026-06-19T12:13:32+0200,883e5adc-9734-481d-ba75-ca4b61ed39d5,2026-06-06T03:00:00Z,2026-06-06T05:00:00+0200,33191.44,MW,FR,FR,actual_load,Actual Load,2026-06-19T10:14:15Z
2026-06-19T10:13:32Z,2026-06-19T12:13:32+0200,883e5adc-9734-481d-ba75-ca4b61ed39d5,2026-06-06T03:15:00Z,2026-06-06T05:15:00+0200,32944.16,MW,FR,FR,actual_load,Actual Load,2026-06-19T10:14:15Z
2026-06-19T10:13:32Z,2026-06-19T12:13:32+0200,883e5adc-9734-481d-ba75-ca4b61ed39d5,2026-06-06T03:30:00Z,2026-06-06T05:30:00+0200,32957.09,MW,FR,FR,actual_load,Actual Load,2026-06-19T10:14:15Z
2026-06-19T10:13:32Z,2026-06-19T12:13:32+0200,883e5adc-9734-481d-ba75-ca4b61ed39d5,2026-06-06T03:45:00Z,2026-06-06T05:45:00+0200,33017.12,MW,FR,FR,actual_load,Actual Load,2026-06-19T10:14:15Z
2026-06-19T10:13:32Z,2026-06-19T12:13:32+0200,883e5adc-9734-481d-ba75-ca4b61ed39d5,2026-06-06T04:00:00Z,2026-06-06T06:00:00+0200,33304.0,MW,FR,FR,actual_load,Actual Load,2026-06-19T10:14:15Z
2026-06-19T10:13:32Z,2026-06-19T12:13:32+0200,883e5adc-9734-481d-ba75-ca4b61ed39d5,2026-06-06T04:15:00Z,2026-06-06T06:15:00+0200,33111.23,MW,FR,FR,actual_load,Actual Load,2026-06-19T10:14:15Z
2026-06-19T10:13:32Z,2026-06-19T12:13:32+0200,883e5adc-9734-481d-ba75-ca4b61ed39d5,2026-06-06T04:30:00Z,2026-06-06T06:30:00+0200,33278.28,MW,FR,FR,actual_load,Actual Load,2026-06-19T10:14:15Z
2026-06-19T10:13:32Z,2026-06-19T12:13:32+0200,883e5adc-9734-481d-ba75-ca4b61ed39d5,2026-06-06T04:45:00Z,2026-06-06T06:45:00+0200,33308.82,MW,FR,FR,actual_load,Actual Load,2026-06-19T10:14:15Z
2026-06-19T10:13:32Z,2026-06-19T12:13:32+0200,883e5adc-9734-481d-ba75-ca4b61ed39d5,2026-06-06T05:00:00Z,2026-06-06T07:00:00+0200,33511.24,MW,FR,FR,actual_load,Actual Load,2026-06-19T10:14:15Z
2026-06-19T10:13:32Z,2026-06-19T12:13:32+0200,883e5adc-9734-481d-ba75-ca4b61ed39d5,2026-06-06T05:15:00Z,2026-06-06T07:15:00+0200,33917.65,MW,FR,FR,actual_load,Actual Load,2026-06-19T10:14:15Z
2026-06-19T10:13:32Z,2026-06-19T12:13:32+0200,883e5adc-9734-481d-ba75-ca4b61ed39d5,2026-06-06T05:30:00Z,2026-06-06T07:30:00+0200,34117.8,MW,FR,FR,actual_load,Actual Load,2026-06-19T10:14:15Z
2026-06-19T10:13:32Z,2026-06-19T12:13:32+0200,883e5adc-9734-481d-ba75-ca4b61ed39d5,2026-06-06T05:45:00Z,2026-06-06T07:45:00+0200,34708.05,MW,FR,FR,actual_load,Actual Load,2026-06-19T10:14:15Z
2026-06-19T10:13:32Z,2026-06-19T12:13:32+0200,883e5adc-9734-481d-ba75-ca4b61ed39d5,2026-06-06T06:00:00Z,2026-06-06T08:00:00+0200,35229.42,MW,FR,FR,actual_load,Actual Load,2026-06-19T10:14:15Z
2026-06-19T10:13:32Z,2026-06-19T12:13:32+0200,883e5adc-9734-481d-ba75-ca4b61ed39d5,2026-06-06T06:15:00Z,2026-06-06T08:15:00+0200,35664.02,MW,FR,FR,actual_load,Actual Load,2026-06-19T10:14:15Z
2026-06-19T10:13:32Z,2026-06-19T12:13:32+0200,883e5adc-9734-481d-ba75-ca4b61ed39d5,2026-06-06T06:30:00Z,2026-06-06T08:30:00+0200,36097.34,MW,FR,FR,actual_load,Actual Load,2026-06-19T10:14:15Z
2026-06-19T10:13:32Z,2026-06-19T12:13:32+0200,883e5adc-9734-481d-ba75-ca4b61ed39d5,2026-06-06T06:45:00Z,2026-06-06T08:45:00+0200,36510.93,MW,FR,FR,actual_load,Actual Load,2026-06-19T10:14:15Z
2026-06-19T10:13:32Z,2026-06-19T12:13:32+0200,883e5adc-9734-481d-ba75-ca4b61ed39d5,2026-06-06T07:00:00Z,2026-06-06T09:00:00+0200,37135.96,MW,FR,FR,actual_load,Actual Load,2026-06-19T10:14:15Z
2026-06-19T10:13:32Z,2026-06-19T12:13:32+0200,883e5adc-9734-481d-ba75-ca4b61ed39d5,2026-06-06T07:15:00Z,2026-06-06T09:15:00+0200,37838.92,MW,FR,FR,actual_load,Actual Load,2026-06-19T10:14:15Z
2026-06-19T10:13:32Z,2026-06-19T12:13:32+0200,883e5adc-9734-481d-ba75-ca4b61ed39d5,2026-06-06T07:30:00Z,2026-06-06T09:30:00+0200,38252.21,MW,FR,FR,actual_load,Actual Load,2026-06-19T10:14:15Z
2026-06-19T10:13:32Z,2026-06-19T12:13:32+0200,883e5adc-9734-481d-ba75-ca4b61ed39d5,2026-06-06T07:45:00Z,2026-06-06T09:45:00+0200,38738.69,MW,FR,FR,actual_load,Actual Load,2026-06-19T10:14:15Z
2026-06-19T10:13:32Z,2026-06-19T12:13:32+0200,883e5adc-9734-481d-ba75-ca4b61ed39d5,2026-06-06T08:00:00Z,2026-06-06T10:00:00+0200,39035.45,MW,FR,FR,actual_load,Actual Load,2026-06-19T10:14:15Z
2026-06-19T10:13:32Z,2026-06-19T12:13:32+0200,883e5adc-9734-481d-ba75-ca4b61ed39d5,2026-06-06T08:15:00Z,2026-06-06T10:15:00+0200,39185.1,MW,FR,FR,actual_load,Actual Load,2026-06-19T10:14:15Z
2026-06-19T10:13:32Z,2026-06-19T12:13:32+0200,883e5adc-9734-481d-ba75-ca4b61ed39d5,2026-06-06T08:30:00Z,2026-06-06T10:30:00+0200,39519.02,MW,FR,FR,actual_load,Actual Load,2026-06-19T10:14:15Z
2026-06-19T10:13:32Z,2026-06-19T12:13:32+0200,883e5adc-9734-481d-ba75-ca4b61ed39d5,2026-06-06T08:45:00Z,2026-06-06T10:45:00+0200,39457.8,MW,FR,FR,actual_load,Actual Load,2026-06-19T10:14:15Z
2026-06-19T10:13:32Z,2026-06-19T12:13:32+0200,883e5adc-9734-481d-ba75-ca4b61ed39d5,2026-06-06T09:00:00Z,2026-06-06T11:00:00+0200,39908.87,MW,FR,FR,actual_load,Actual Load,2026-06-19T10:14:15Z
2026-06-19T10:13:32Z,2026-06-19T12:13:32+0200,883e5adc-9734-481d-ba75-ca4b61ed39d5,2026-06-06T09:15:00Z,2026-06-06T11:15:00+0200,40444.87,MW,FR,FR,actual_load,Actual Load,2026-06-19T10:14:15Z
2026-06-19T10:13:32Z,2026-06-19T12:13:32+0200,883e5adc-9734-481d-ba75-ca4b61ed39d5,2026-06-06T09:30:00Z,2026-06-06T11:30:00+0200,40803.45,MW,FR,FR,actual_load,Actual Load,2026-06-19T10:14:15Z
2026-06-19T10:13:32Z,2026-06-19T12:13:32+0200,883e5adc-9734-481d-ba75-ca4b61ed39d5,2026-06-06T09:45:00Z,2026-06-06T11:45:00+0200,41319.46,MW,FR,FR,actual_load,Actual Load,2026-06-19T10:14:15Z
2026-06-19T10:13:32Z,2026-06-19T12:13:32+0200,883e5adc-9734-481d-ba75-ca4b61ed39d5,2026-06-06T10:00:00Z,2026-06-06T12:00:00+0200,41932.07,MW,FR,FR,actual_load,Actual Load,2026-06-19T10:14:15Z
2026-06-19T10:13:32Z,2026-06-19T12:13:32+0200,883e5adc-9734-481d-ba75-ca4b61ed39d5,2026-06-06T10:15:00Z,2026-06-06T12:15:00+0200,42603.21,MW,FR,FR,actual_load,Actual Load,2026-06-19T10:14:15Z
2026-06-19T10:13:32Z,2026-06-19T12:13:32+0200,883e5adc-9734-481d-ba75-ca4b61ed39d5,2026-06-06T10:30:00Z,2026-06-06T12:30:00+0200,42872.15,MW,FR,FR,actual_load,Actual Load,2026-06-19T10:14:15Z
2026-06-19T10:13:32Z,2026-06-19T12:13:32+0200,883e5adc-9734-481d-ba75-ca4b61ed39d5,2026-06-06T10:45:00Z,2026-06-06T12:45:00+0200,42613.47,MW,FR,FR,actual_load,Actual Load,2026-06-19T10:14:15Z
2026-06-19T10:13:32Z,2026-06-19T12:13:32+0200,883e5adc-9734-481d-ba75-ca4b61ed39d5,2026-06-06T11:00:00Z,2026-06-06T13:00:00+0200,41816.95,MW,FR,FR,actual_load,Actual Load,2026-06-19T10:14:15Z
2026-06-19T10:13:32Z,2026-06-19T12:13:32+0200,883e5adc-9734-481d-ba75-ca4b61ed39d5,2026-06-06T11:15:00Z,2026-06-06T13:15:00+0200,40764.53,MW,FR,FR,actual_load,Actual Load,2026-06-19T10:14:15Z
2026-06-19T10:13:32Z,2026-06-19T12:13:32+0200,883e5adc-9734-481d-ba75-ca4b61ed39d5,2026-06-06T11:30:00Z,2026-06-06T13:30:00+0200,40407.08,MW,FR,FR,actual_load,Actual Load,2026-06-19T10:14:15Z
2026-06-19T10:13:32Z,2026-06-19T12:13:32+0200,883e5adc-9734-481d-ba75-ca4b61ed39d5,2026-06-06T11:45:00Z,2026-06-06T13:45:00+0200,40251.05,MW,FR,FR,actual_load,Actual Load,2026-06-19T10:14:15Z
2026-06-19T10:13:32Z,2026-06-19T12:13:32+0200,883e5adc-9734-481d-ba75-ca4b61ed39d5,2026-06-06T12:00:00Z,2026-06-06T14:00:00+0200,40897.16,MW,FR,FR,actual_load,Actual Load,2026-06-19T10:14:15Z
2026-06-19T10:13:32Z,2026-06-19T12:13:32+0200,883e5adc-9734-481d-ba75-ca4b61ed39d5,2026-06-06T12:15:00Z,2026-06-06T14:15:00+0200,40752.66,MW,FR,FR,actual_load,Actual Load,2026-06-19T10:14:15Z
2026-06-19T10:13:32Z,2026-06-19T12:13:32+0200,883e5adc-9734-481d-ba75-ca4b61ed39d5,2026-06-06T12:30:00Z,2026-06-06T14:30:00+0200,40577.98,MW,FR,FR,actual_load,Actual Load,2026-06-19T10:14:15Z
2026-06-19T10:13:32Z,2026-06-19T12:13:32+0200,883e5adc-9734-481d-ba75-ca4b61ed39d5,2026-06-06T12:45:00Z,2026-06-06T14:45:00+0200,40039.5,MW,FR,FR,actual_load,Actual Load,2026-06-19T10:14:15Z
2026-06-19T10:13:32Z,2026-06-19T12:13:32+0200,883e5adc-9734-481d-ba75-ca4b61ed39d5,2026-06-06T13:00:00Z,2026-06-06T15:00:00+0200,40326.34,MW,FR,FR,actual_load,Actual Load,2026-06-19T10:14:15Z
2026-06-19T10:13:32Z,2026-06-19T12:13:32+0200,883e5adc-9734-481d-ba75-ca4b61ed39d5,2026-06-06T13:15:00Z,2026-06-06T15:15:00+0200,39631.44,MW,FR,FR,actual_load,Actual Load,2026-06-19T10:14:15Z
2026-06-19T10:13:32Z,2026-06-19T12:13:32+0200,883e5adc-9734-481d-ba75-ca4b61ed39d5,2026-06-06T13:30:00Z,2026-06-06T15:30:00+0200,39070.15,MW,FR,FR,actual_load,Actual Load,2026-06-19T10:14:15Z
2026-06-19T10:13:32Z,2026-06-19T12:13:32+0200,883e5adc-9734-481d-ba75-ca4b61ed39d5,2026-06-06T13:45:00Z,2026-06-06T15:45:00+0200,38635.19,MW,FR,FR,actual_load,Actual Load,2026-06-19T10:14:15Z
2026-06-19T10:13:32Z,2026-06-19T12:13:32+0200,883e5adc-9734-481d-ba75-ca4b61ed39d5,2026-06-06T14:00:00Z,2026-06-06T16:00:00+0200,38156.94,MW,FR,FR,actual_load,Actual Load,2026-06-19T10:14:15Z
2026-06-19T10:13:32Z,2026-06-19T12:13:32+0200,883e5adc-9734-481d-ba75-ca4b61ed39d5,2026-06-06T14:15:00Z,2026-06-06T16:15:00+0200,37921.62,MW,FR,FR,actual_load,Actual Load,2026-06-19T10:14:15Z
2026-06-19T10:13:32Z,2026-06-19T12:13:32+0200,883e5adc-9734-481d-ba75-ca4b61ed39d5,2026-06-06T14:30:00Z,2026-06-06T16:30:00+0200,37777.24,MW,FR,FR,actual_load,Actual Load,2026-06-19T10:14:15Z
2026-06-19T10:13:32Z,2026-06-19T12:13:32+0200,883e5adc-9734-481d-ba75-ca4b61ed39d5,2026-06-06T14:45:00Z,2026-06-06T16:45:00+0200,37467.75,MW,FR,FR,actual_load,Actual Load,2026-06-19T10:14:15Z
2026-06-19T10:13:32Z,2026-06-19T12:13:32+0200,883e5adc-9734-481d-ba75-ca4b61ed39d5,2026-06-06T15:00:00Z,2026-06-06T17:00:00+0200,37645.71,MW,FR,FR,actual_load,Actual Load,2026-06-19T10:14:15Z
2026-06-19T10:13:32Z,2026-06-19T12:13:32+0200,883e5adc-9734-481d-ba75-ca4b61ed39d5,2026-06-06T15:15:00Z,2026-06-06T17:15:00+0200,37760.24,MW,FR,FR,actual_load,Actual Load,2026-06-19T10:14:15Z
2026-06-19T10:13:32Z,2026-06-19T12:13:32+0200,883e5adc-9734-481d-ba75-ca4b61ed39d5,2026-06-06T15:30:00Z,2026-06-06T17:30:00+0200,38010.14,MW,FR,FR,actual_load,Actual Load,2026-06-19T10:14:15Z
2026-06-19T10:13:32Z,2026-06-19T12:13:32+0200,883e5adc-9734-481d-ba75-ca4b61ed39d5,2026-06-06T15:45:00Z,2026-06-06T17:45:00+0200,38639.07,MW,FR,FR,actual_load,Actual Load,2026-06-19T10:14:15Z
2026-06-19T10:13:32Z,2026-06-19T12:13:32+0200,883e5adc-9734-481d-ba75-ca4b61ed39d5,2026-06-06T16:00:00Z,2026-06-06T18:00:00+0200,39136.87,MW,FR,FR,actual_load,Actual Load,2026-06-19T10:14:15Z
2026-06-19T10:13:32Z,2026-06-19T12:13:32+0200,883e5adc-9734-481d-ba75-ca4b61ed39d5,2026-06-06T16:15:00Z,2026-06-06T18:15:00+0200,39634.7,MW,FR,FR,actual_load,Actual Load,2026-06-19T10:14:15Z
2026-06-19T10:13:32Z,2026-06-19T12:13:32+0200,883e5adc-9734-481d-ba75-ca4b61ed39d5,2026-06-06T16:30:00Z,2026-06-06T18:30:00+0200,40070.43,MW,FR,FR,actual_load,Actual Load,2026-06-19T10:14:15Z
2026-06-19T10:13:32Z,2026-06-19T12:13:32+0200,883e5adc-9734-481d-ba75-ca4b61ed39d5,2026-06-06T16:45:00Z,2026-06-06T18:45:00+0200,40358.33,MW,FR,FR,actual_load,Actual Load,2026-06-19T10:14:15Z
2026-06-19T10:13:32Z,2026-06-19T12:13:32+0200,883e5adc-9734-481d-ba75-ca4b61ed39d5,2026-06-06T17:00:00Z,2026-06-06T19:00:00+0200,40503.99,MW,FR,FR,actual_load,Actual Load,2026-06-19T10:14:15Z
2026-06-19T10:13:32Z,2026-06-19T12:13:32+0200,883e5adc-9734-481d-ba75-ca4b61ed39d5,2026-06-06T17:15:00Z,2026-06-06T19:15:00+0200,40803.77,MW,FR,FR,actual_load,Actual Load,2026-06-19T10:14:15Z
2026-06-19T10:13:32Z,2026-06-19T12:13:32+0200,883e5adc-9734-481d-ba75-ca4b61ed39d5,2026-06-06T17:30:00Z,2026-06-06T19:30:00+0200,40933.0,MW,FR,FR,actual_load,Actual Load,2026-06-19T10:14:15Z
2026-06-19T10:13:32Z,2026-06-19T12:13:32+0200,883e5adc-9734-481d-ba75-ca4b61ed39d5,2026-06-06T17:45:00Z,2026-06-06T19:45:00+0200,40501.53,MW,FR,FR,actual_load,Actual Load,2026-06-19T10:14:15Z
2026-06-19T10:13:32Z,2026-06-19T12:13:32+0200,883e5adc-9734-481d-ba75-ca4b61ed39d5,2026-06-06T18:00:00Z,2026-06-06T20:00:00+0200,40381.35,MW,FR,FR,actual_load,Actual Load,2026-06-19T10:14:15Z
2026-06-19T10:13:32Z,2026-06-19T12:13:32+0200,883e5adc-9734-481d-ba75-ca4b61ed39d5,2026-06-06T18:15:00Z,2026-06-06T20:15:00+0200,40050.22,MW,FR,FR,actual_load,Actual Load,2026-06-19T10:14:15Z
2026-06-19T10:13:32Z,2026-06-19T12:13:32+0200,883e5adc-9734-481d-ba75-ca4b61ed39d5,2026-06-06T18:30:00Z,2026-06-06T20:30:00+0200,39498.66,MW,FR,FR,actual_load,Actual Load,2026-06-19T10:14:15Z
2026-06-19T10:13:32Z,2026-06-19T12:13:32+0200,883e5adc-9734-481d-ba75-ca4b61ed39d5,2026-06-06T18:45:00Z,2026-06-06T20:45:00+0200,39042.66,MW,FR,FR,actual_load,Actual Load,2026-06-19T10:14:15Z
2026-06-19T10:13:32Z,2026-06-19T12:13:32+0200,883e5adc-9734-481d-ba75-ca4b61ed39d5,2026-06-06T19:00:00Z,2026-06-06T21:00:00+0200,39167.57,MW,FR,FR,actual_load,Actual Load,2026-06-19T10:14:15Z
2026-06-19T10:13:32Z,2026-06-19T12:13:32+0200,883e5adc-9734-481d-ba75-ca4b61ed39d5,2026-06-06T19:15:00Z,2026-06-06T21:15:00+0200,39050.55,MW,FR,FR,actual_load,Actual Load,2026-06-19T10:14:15Z
2026-06-19T10:13:32Z,2026-06-19T12:13:32+0200,883e5adc-9734-481d-ba75-ca4b61ed39d5,2026-06-06T19:30:00Z,2026-06-06T21:30:00+0200,38928.16,MW,FR,FR,actual_load,Actual Load,2026-06-19T10:14:15Z
2026-06-19T10:13:32Z,2026-06-19T12:13:32+0200,883e5adc-9734-481d-ba75-ca4b61ed39d5,2026-06-06T19:45:00Z,2026-06-06T21:45:00+0200,38873.45,MW,FR,FR,actual_load,Actual Load,2026-06-19T10:14:15Z
2026-06-19T10:13:32Z,2026-06-19T12:13:32+0200,883e5adc-9734-481d-ba75-ca4b61ed39d5,2026-06-06T20:00:00Z,2026-06-06T22:00:00+0200,40120.62,MW,FR,FR,actual_load,Actual Load,2026-06-19T10:14:15Z
2026-06-19T10:13:32Z,2026-06-19T12:13:32+0200,883e5adc-9734-481d-ba75-ca4b61ed39d5,2026-06-06T20:15:00Z,2026-06-06T22:15:00+0200,40294.62,MW,FR,FR,actual_load,Actual Load,2026-06-19T10:14:15Z
2026-06-19T10:13:32Z,2026-06-19T12:13:32+0200,883e5adc-9734-481d-ba75-ca4b61ed39d5,2026-06-06T20:30:00Z,2026-06-06T22:30:00+0200,41480.84,MW,FR,FR,actual_load,Actual Load,2026-06-19T10:14:15Z
2026-06-19T10:13:32Z,2026-06-19T12:13:32+0200,883e5adc-9734-481d-ba75-ca4b61ed39d5,2026-06-06T20:45:00Z,2026-06-06T22:45:00+0200,41291.78,MW,FR,FR,actual_load,Actual Load,2026-06-19T10:14:15Z
2026-06-19T10:13:32Z,2026-06-19T12:13:32+0200,883e5adc-9734-481d-ba75-ca4b61ed39d5,2026-06-06T21:00:00Z,2026-06-06T23:00:00+0200,41325.75,MW,FR,FR,actual_load,Actual Load,2026-06-19T10:14:15Z
2026-06-19T10:13:32Z,2026-06-19T12:13:32+0200,883e5adc-9734-481d-ba75-ca4b61ed39d5,2026-06-06T21:15:00Z,2026-06-06T23:15:00+0200,40877.39,MW,FR,FR,actual_load,Actual Load,2026-06-19T10:14:15Z
2026-06-19T10:13:32Z,2026-06-19T12:13:32+0200,883e5adc-9734-481d-ba75-ca4b61ed39d5,2026-06-06T21:30:00Z,2026-06-06T23:30:00+0200,41234.47,MW,FR,FR,actual_load,Actual Load,2026-06-19T10:14:15Z
2026-06-19T10:13:32Z,2026-06-19T12:13:32+0200,883e5adc-9734-481d-ba75-ca4b61ed39d5,2026-06-06T21:45:00Z,2026-06-06T23:45:00+0200,40627.96,MW,FR,FR,actual_load,Actual Load,2026-06-19T10:14:15Z
2026-06-19T10:13:32Z,2026-06-19T12:13:32+0200,883e5adc-9734-481d-ba75-ca4b61ed39d5,2026-06-06T22:00:00Z,2026-06-07T00:00:00+0200,40440.64,MW,FR,FR,actual_load,Actual Load,2026-06-19T10:14:15Z
2026-06-19T10:13:32Z,2026-06-19T12:13:32+0200,883e5adc-9734-481d-ba75-ca4b61ed39d5,2026-06-06T22:15:00Z,2026-06-07T00:15:00+0200,39604.68,MW,FR,FR,actual_load,Actual Load,2026-06-19T10:14:15Z
2026-06-19T10:13:32Z,2026-06-19T12:13:32+0200,883e5adc-9734-481d-ba75-ca4b61ed39d5,2026-06-06T22:30:00Z,2026-06-07T00:30:00+0200,38607.74,MW,FR,FR,actual_load,Actual Load,2026-06-19T10:14:15Z
2026-06-19T10:13:32Z,2026-06-19T12:13:32+0200,883e5adc-9734-481d-ba75-ca4b61ed39d5,2026-06-06T22:45:00Z,2026-06-07T00:45:00+0200,37790.52,MW,FR,FR,actual_load,Actual Load,2026-06-19T10:14:15Z
2026-06-19T10:13:32Z,2026-06-19T12:13:32+0200,883e5adc-9734-481d-ba75-ca4b61ed39d5,2026-06-06T23:00:00Z,2026-06-07T01:00:00+0200,37870.71,MW,FR,FR,actual_load,Actual Load,2026-06-19T10:14:15Z
2026-06-19T10:13:32Z,2026-06-19T12:13:32+0200,883e5adc-9734-481d-ba75-ca4b61ed39d5,2026-06-06T23:15:00Z,2026-06-07T01:15:00+0200,37184.89,MW,FR,FR,actual_load,Actual Load,2026-06-19T10:14:15Z
2026-06-19T10:13:32Z,2026-06-19T12:13:32+0200,883e5adc-9734-481d-ba75-ca4b61ed39d5,2026-06-06T23:30:00Z,2026-06-07T01:30:00+0200,36882.57,MW,FR,FR,actual_load,Actual Load,2026-06-19T10:14:15Z
2026-06-19T10:13:32Z,2026-06-19T12:13:32+0200,883e5adc-9734-481d-ba75-ca4b61ed39d5,2026-06-06T23:45:00Z,2026-06-07T01:45:00+0200,35911.96,MW,FR,FR,actual_load,Actual Load,2026-06-19T10:14:15Z
2026-06-19T10:13:32Z,2026-06-19T12:13:32+0200,883e5adc-9734-481d-ba75-ca4b61ed39d5,2026-06-07T00:00:00Z,2026-06-07T02:00:00+0200,35457.03,MW,FR,FR,actual_load,Actual Load,2026-06-19T10:14:15Z
2026-06-19T10:13:32Z,2026-06-19T12:13:32+0200,883e5adc-9734-481d-ba75-ca4b61ed39d5,2026-06-07T00:15:00Z,2026-06-07T02:15:00+0200,34681.11,MW,FR,FR,actual_load,Actual Load,2026-06-19T10:14:15Z
2026-06-19T10:13:32Z,2026-06-19T12:13:32+0200,883e5adc-9734-481d-ba75-ca4b61ed39d5,2026-06-07T00:30:00Z,2026-06-07T02:30:00+0200,34163.36,MW,FR,FR,actual_load,Actual Load,2026-06-19T10:14:15Z
2026-06-19T10:13:32Z,2026-06-19T12:13:32+0200,883e5adc-9734-481d-ba75-ca4b61ed39d5,2026-06-07T00:45:00Z,2026-06-07T02:45:00+0200,33461.83,MW,FR,FR,actual_load,Actual Load,2026-06-19T10:14:15Z
2026-06-19T10:13:32Z,2026-06-19T12:13:32+0200,883e5adc-9734-481d-ba75-ca4b61ed39d5,2026-06-07T01:00:00Z,2026-06-07T03:00:00+0200,33039.54,MW,FR,FR,actual_load,Actual Load,2026-06-19T10:14:15Z
2026-06-19T10:13:32Z,2026-06-19T12:13:32+0200,883e5adc-9734-481d-ba75-ca4b61ed39d5,2026-06-07T01:15:00Z,2026-06-07T03:15:00+0200,32513.32,MW,FR,FR,actual_load,Actual Load,2026-06-19T10:14:15Z
2026-06-19T10:13:32Z,2026-06-19T12:13:32+0200,883e5adc-9734-481d-ba75-ca4b61ed39d5,2026-06-07T01:30:00Z,2026-06-07T03:30:00+0200,32382.39,MW,FR,FR,actual_load,Actual Load,2026-06-19T10:14:15Z
2026-06-19T10:13:32Z,2026-06-19T12:13:32+0200,883e5adc-9734-481d-ba75-ca4b61ed39d5,2026-06-07T01:45:00Z,2026-06-07T03:45:00+0200,32045.73,MW,FR,FR,actual_load,Actual Load,2026-06-19T10:14:15Z
2026-06-19T10:13:32Z,2026-06-19T12:13:32+0200,883e5adc-9734-481d-ba75-ca4b61ed39d5,2026-06-07T02:00:00Z,2026-06-07T04:00:00+0200,31923.69,MW,FR,FR,actual_load,Actual Load,2026-06-19T10:14:15Z
2026-06-19T10:13:32Z,2026-06-19T12:13:32+0200,883e5adc-9734-481d-ba75-ca4b61ed39d5,2026-06-07T02:15:00Z,2026-06-07T04:15:00+0200,31532.09,MW,FR,FR,actual_load,Actual Load,2026-06-19T10:14:15Z
2026-06-19T10:13:32Z,2026-06-19T12:13:32+0200,883e5adc-9734-481d-ba75-ca4b61ed39d5,2026-06-07T02:30:00Z,2026-06-07T04:30:00+0200,31116.2,MW,FR,FR,actual_load,Actual Load,2026-06-19T10:14:15Z
2026-06-19T10:13:32Z,2026-06-19T12:13:32+0200,883e5adc-9734-481d-ba75-ca4b61ed39d5,2026-06-07T02:45:00Z,2026-06-07T04:45:00+0200,31035.29,MW,FR,FR,actual_load,Actual Load,2026-06-19T10:14:15Z
2026-06-19T10:13:32Z,2026-06-19T12:13:32+0200,883e5adc-9734-481d-ba75-ca4b61ed39d5,2026-06-07T03:00:00Z,2026-06-07T05:00:00+0200,31064.37,MW,FR,FR,actual_load,Actual Load,2026-06-19T10:14:15Z
2026-06-19T10:13:32Z,2026-06-19T12:13:32+0200,883e5adc-9734-481d-ba75-ca4b61ed39d5,2026-06-07T03:15:00Z,2026-06-07T05:15:00+0200,30818.77,MW,FR,FR,actual_load,Actual Load,2026-06-19T10:14:15Z
2026-06-19T10:13:32Z,2026-06-19T12:13:32+0200,883e5adc-9734-481d-ba75-ca4b61ed39d5,2026-06-07T03:30:00Z,2026-06-07T05:30:00+0200,30741.69,MW,FR,FR,actual_load,Actual Load,2026-06-19T10:14:15Z
2026-06-19T10:13:32Z,2026-06-19T12:13:32+0200,883e5adc-9734-481d-ba75-ca4b61ed39d5,2026-06-07T03:45:00Z,2026-06-07T05:45:00+0200,30683.23,MW,FR,FR,actual_load,Actual Load,2026-06-19T10:14:15Z
2026-06-19T10:13:32Z,2026-06-19T12:13:32+0200,883e5adc-9734-481d-ba75-ca4b61ed39d5,2026-06-07T04:00:00Z,2026-06-07T06:00:00+0200,30741.41,MW,FR,FR,actual_load,Actual Load,2026-06-19T10:14:15Z
2026-06-19T10:13:32Z,2026-06-19T12:13:32+0200,883e5adc-9734-481d-ba75-ca4b61ed39d5,2026-06-07T04:15:00Z,2026-06-07T06:15:00+0200,30721.03,MW,FR,FR,actual_load,Actual Load,2026-06-19T10:14:15Z
2026-06-19T10:13:32Z,2026-06-19T12:13:32+0200,883e5adc-9734-481d-ba75-ca4b61ed39d5,2026-06-07T04:30:00Z,2026-06-07T06:30:00+0200,30704.25,MW,FR,FR,actual_load,Actual Load,2026-06-19T10:14:15Z
2026-06-19T10:13:32Z,2026-06-19T12:13:32+0200,883e5adc-9734-481d-ba75-ca4b61ed39d5,2026-06-07T04:45:00Z,2026-06-07T06:45:00+0200,30727.0,MW,FR,FR,actual_load,Actual Load,2026-06-19T10:14:15Z
2026-06-19T10:13:32Z,2026-06-19T12:13:32+0200,883e5adc-9734-481d-ba75-ca4b61ed39d5,2026-06-07T05:00:00Z,2026-06-07T07:00:00+0200,30859.15,MW,FR,FR,actual_load,Actual Load,2026-06-19T10:14:15Z
2026-06-19T10:13:32Z,2026-06-19T12:13:32+0200,883e5adc-9734-481d-ba75-ca4b61ed39d5,2026-06-07T05:15:00Z,2026-06-07T07:15:00+0200,31005.2,MW,FR,FR,actual_load,Actual Load,2026-06-19T10:14:15Z
2026-06-19T10:13:32Z,2026-06-19T12:13:32+0200,883e5adc-9734-481d-ba75-ca4b61ed39d5,2026-06-07T05:30:00Z,2026-06-07T07:30:00+0200,31344.5,MW,FR,FR,actual_load,Actual Load,2026-06-19T10:14:15Z
2026-06-19T10:13:32Z,2026-06-19T12:13:32+0200,883e5adc-9734-481d-ba75-ca4b61ed39d5,2026-06-07T05:45:00Z,2026-06-07T07:45:00+0200,31718.0,MW,FR,FR,actual_load,Actual Load,2026-06-19T10:14:15Z
2026-06-19T10:13:32Z,2026-06-19T12:13:32+0200,883e5adc-9734-481d-ba75-ca4b61ed39d5,2026-06-07T06:00:00Z,2026-06-07T08:00:00+0200,32123.19,MW,FR,FR,actual_load,Actual Load,2026-06-19T10:14:15Z
2026-06-19T10:13:32Z,2026-06-19T12:13:32+0200,883e5adc-9734-481d-ba75-ca4b61ed39d5,2026-06-07T06:15:00Z,2026-06-07T08:15:00+0200,32725.69,MW,FR,FR,actual_load,Actual Load,2026-06-19T10:14:15Z
2026-06-19T10:13:32Z,2026-06-19T12:13:32+0200,883e5adc-9734-481d-ba75-ca4b61ed39d5,2026-06-07T06:30:00Z,2026-06-07T08:30:00+0200,33207.06,MW,FR,FR,actual_load,Actual Load,2026-06-19T10:14:15Z
2026-06-19T10:13:32Z,2026-06-19T12:13:32+0200,883e5adc-9734-481d-ba75-ca4b61ed39d5,2026-06-07T06:45:00Z,2026-06-07T08:45:00+0200,33332.17,MW,FR,FR,actual_load,Actual Load,2026-06-19T10:14:15Z
2026-06-19T10:13:32Z,2026-06-19T12:13:32+0200,883e5adc-9734-481d-ba75-ca4b61ed39d5,2026-06-07T07:00:00Z,2026-06-07T09:00:00+0200,33842.56,MW,FR,FR,actual_load,Actual Load,2026-06-19T10:14:15Z
2026-06-19T10:13:32Z,2026-06-19T12:13:32+0200,883e5adc-9734-481d-ba75-ca4b61ed39d5,2026-06-07T07:15:00Z,2026-06-07T09:15:00+0200,34321.35,MW,FR,FR,actual_load,Actual Load,2026-06-19T10:14:15Z
2026-06-19T10:13:32Z,2026-06-19T12:13:32+0200,883e5adc-9734-481d-ba75-ca4b61ed39d5,2026-06-07T07:30:00Z,2026-06-07T09:30:00+0200,34670.02,MW,FR,FR,actual_load,Actual Load,2026-06-19T10:14:15Z
2026-06-19T10:13:32Z,2026-06-19T12:13:32+0200,883e5adc-9734-481d-ba75-ca4b61ed39d5,2026-06-07T07:45:00Z,2026-06-07T09:45:00+0200,34977.26,MW,FR,FR,actual_load,Actual Load,2026-06-19T10:14:15Z
2026-06-19T10:13:32Z,2026-06-19T12:13:32+0200,883e5adc-9734-481d-ba75-ca4b61ed39d5,2026-06-07T08:00:00Z,2026-06-07T10:00:00+0200,35599.04,MW,FR,FR,actual_load,Actual Load,2026-06-19T10:14:15Z
2026-06-19T10:13:32Z,2026-06-19T12:13:32+0200,883e5adc-9734-481d-ba75-ca4b61ed39d5,2026-06-07T08:15:00Z,2026-06-07T10:15:00+0200,35724.9,MW,FR,FR,actual_load,Actual Load,2026-06-19T10:14:15Z
2026-06-19T10:13:32Z,2026-06-19T12:13:32+0200,883e5adc-9734-481d-ba75-ca4b61ed39d5,2026-06-07T08:30:00Z,2026-06-07T10:30:00+0200,35972.91,MW,FR,FR,actual_load,Actual Load,2026-06-19T10:14:15Z
2026-06-19T10:13:32Z,2026-06-19T12:13:32+0200,883e5adc-9734-481d-ba75-ca4b61ed39d5,2026-06-07T08:45:00Z,2026-06-07T10:45:00+0200,36303.81,MW,FR,FR,actual_load,Actual Load,2026-06-19T10:14:15Z
2026-06-19T10:13:32Z,2026-06-19T12:13:32+0200,883e5adc-9734-481d-ba75-ca4b61ed39d5,2026-06-07T09:00:00Z,2026-06-07T11:00:00+0200,36720.03,MW,FR,FR,actual_load,Actual Load,2026-06-19T10:14:15Z
2026-06-19T10:13:32Z,2026-06-19T12:13:32+0200,883e5adc-9734-481d-ba75-ca4b61ed39d5,2026-06-07T09:15:00Z,2026-06-07T11:15:00+0200,36902.37,MW,FR,FR,actual_load,Actual Load,2026-06-19T10:14:15Z
2026-06-19T10:13:32Z,2026-06-19T12:13:32+0200,883e5adc-9734-481d-ba75-ca4b61ed39d5,2026-06-07T09:30:00Z,2026-06-07T11:30:00+0200,37202.23,MW,FR,FR,actual_load,Actual Load,2026-06-19T10:14:15Z
2026-06-19T10:13:32Z,2026-06-19T12:13:32+0200,883e5adc-9734-481d-ba75-ca4b61ed39d5,2026-06-07T09:45:00Z,2026-06-07T11:45:00+0200,37538.38,MW,FR,FR,actual_load,Actual Load,2026-06-19T10:14:15Z
2026-06-19T10:13:32Z,2026-06-19T12:13:32+0200,883e5adc-9734-481d-ba75-ca4b61ed39d5,2026-06-07T10:00:00Z,2026-06-07T12:00:00+0200,38266.34,MW,FR,FR,actual_load,Actual Load,2026-06-19T10:14:15Z
2026-06-19T10:13:32Z,2026-06-19T12:13:32+0200,883e5adc-9734-481d-ba75-ca4b61ed39d5,2026-06-07T10:15:00Z,2026-06-07T12:15:00+0200,38378.58,MW,FR,FR,actual_load,Actual Load,2026-06-19T10:14:15Z
2026-06-19T10:13:32Z,2026-06-19T12:13:32+0200,883e5adc-9734-481d-ba75-ca4b61ed39d5,2026-06-07T10:30:00Z,2026-06-07T12:30:00+0200,38957.85,MW,FR,FR,actual_load,Actual Load,2026-06-19T10:14:15Z
2026-06-19T10:13:32Z,2026-06-19T12:13:32+0200,883e5adc-9734-481d-ba75-ca4b61ed39d5,2026-06-07T10:45:00Z,2026-06-07T12:45:00+0200,38687.43,MW,FR,FR,actual_load,Actual Load,2026-06-19T10:14:15Z
2026-06-19T10:13:32Z,2026-06-19T12:13:32+0200,883e5adc-9734-481d-ba75-ca4b61ed39d5,2026-06-07T11:00:00Z,2026-06-07T13:00:00+0200,38213.46,MW,FR,FR,actual_load,Actual Load,2026-06-19T10:14:15Z
2026-06-19T10:13:32Z,2026-06-19T12:13:32+0200,883e5adc-9734-481d-ba75-ca4b61ed39d5,2026-06-07T11:15:00Z,2026-06-07T13:15:00+0200,37490.23,MW,FR,FR,actual_load,Actual Load,2026-06-19T10:14:15Z
2026-06-19T10:13:32Z,2026-06-19T12:13:32+0200,883e5adc-9734-481d-ba75-ca4b61ed39d5,2026-06-07T11:30:00Z,2026-06-07T13:30:00+0200,36682.19,MW,FR,FR,actual_load,Actual Load,2026-06-19T10:14:15Z
2026-06-19T10:13:32Z,2026-06-19T12:13:32+0200,883e5adc-9734-481d-ba75-ca4b61ed39d5,2026-06-07T11:45:00Z,2026-06-07T13:45:00+0200,36234.61,MW,FR,FR,actual_load,Actual Load,2026-06-19T10:14:15Z
2026-06-19T10:13:32Z,2026-06-19T12:13:32+0200,883e5adc-9734-481d-ba75-ca4b61ed39d5,2026-06-07T12:00:00Z,2026-06-07T14:00:00+0200,37045.96,MW,FR,FR,actual_load,Actual Load,2026-06-19T10:14:15Z
2026-06-19T10:13:32Z,2026-06-19T12:13:32+0200,883e5adc-9734-481d-ba75-ca4b61ed39d5,2026-06-07T12:15:00Z,2026-06-07T14:15:00+0200,36673.13,MW,FR,FR,actual_load,Actual Load,2026-06-19T10:14:15Z
2026-06-19T10:13:32Z,2026-06-19T12:13:32+0200,883e5adc-9734-481d-ba75-ca4b61ed39d5,2026-06-07T12:30:00Z,2026-06-07T14:30:00+0200,36866.77,MW,FR,FR,actual_load,Actual Load,2026-06-19T10:14:15Z
2026-06-19T10:13:32Z,2026-06-19T12:13:32+0200,883e5adc-9734-481d-ba75-ca4b61ed39d5,2026-06-07T12:45:00Z,2026-06-07T14:45:00+0200,36632.85,MW,FR,FR,actual_load,Actual Load,2026-06-19T10:14:15Z
2026-06-19T10:13:32Z,2026-06-19T12:13:32+0200,883e5adc-9734-481d-ba75-ca4b61ed39d5,2026-06-07T13:00:00Z,2026-06-07T15:00:00+0200,36842.59,MW,FR,FR,actual_load,Actual Load,2026-06-19T10:14:15Z
2026-06-19T10:13:32Z,2026-06-19T12:13:32+0200,883e5adc-9734-481d-ba75-ca4b61ed39d5,2026-06-07T13:15:00Z,2026-06-07T15:15:00+0200,36247.41,MW,FR,FR,actual_load,Actual Load,2026-06-19T10:14:15Z
2026-06-19T10:13:32Z,2026-06-19T12:13:32+0200,883e5adc-9734-481d-ba75-ca4b61ed39d5,2026-06-07T13:30:00Z,2026-06-07T15:30:00+0200,35845.7,MW,FR,FR,actual_load,Actual Load,2026-06-19T10:14:15Z
2026-06-19T10:13:32Z,2026-06-19T12:13:32+0200,883e5adc-9734-481d-ba75-ca4b61ed39d5,2026-06-07T13:45:00Z,2026-06-07T15:45:00+0200,35538.69,MW,FR,FR,actual_load,Actual Load,2026-06-19T10:14:15Z
2026-06-19T10:13:32Z,2026-06-19T12:13:32+0200,883e5adc-9734-481d-ba75-ca4b61ed39d5,2026-06-07T14:00:00Z,2026-06-07T16:00:00+0200,34961.14,MW,FR,FR,actual_load,Actual Load,2026-06-19T10:14:15Z
2026-06-19T10:13:32Z,2026-06-19T12:13:32+0200,883e5adc-9734-481d-ba75-ca4b61ed39d5,2026-06-07T14:15:00Z,2026-06-07T16:15:00+0200,34743.11,MW,FR,FR,actual_load,Actual Load,2026-06-19T10:14:15Z
2026-06-19T10:13:32Z,2026-06-19T12:13:32+0200,883e5adc-9734-481d-ba75-ca4b61ed39d5,2026-06-07T14:30:00Z,2026-06-07T16:30:00+0200,35084.77,MW,FR,FR,actual_load,Actual Load,2026-06-19T10:14:15Z
2026-06-19T10:13:32Z,2026-06-19T12:13:32+0200,883e5adc-9734-481d-ba75-ca4b61ed39d5,2026-06-07T14:45:00Z,2026-06-07T16:45:00+0200,35053.38,MW,FR,FR,actual_load,Actual Load,2026-06-19T10:14:15Z
2026-06-19T10:13:32Z,2026-06-19T12:13:32+0200,883e5adc-9734-481d-ba75-ca4b61ed39d5,2026-06-07T15:00:00Z,2026-06-07T17:00:00+0200,35317.82,MW,FR,FR,actual_load,Actual Load,2026-06-19T10:14:15Z
2026-06-19T10:13:32Z,2026-06-19T12:13:32+0200,883e5adc-9734-481d-ba75-ca4b61ed39d5,2026-06-07T15:15:00Z,2026-06-07T17:15:00+0200,35588.71,MW,FR,FR,actual_load,Actual Load,2026-06-19T10:14:15Z
2026-06-19T10:13:32Z,2026-06-19T12:13:32+0200,883e5adc-9734-481d-ba75-ca4b61ed39d5,2026-06-07T15:30:00Z,2026-06-07T17:30:00+0200,36148.32,MW,FR,FR,actual_load,Actual Load,2026-06-19T10:14:15Z
2026-06-19T10:13:32Z,2026-06-19T12:13:32+0200,883e5adc-9734-481d-ba75-ca4b61ed39d5,2026-06-07T15:45:00Z,2026-06-07T17:45:00+0200,37334.81,MW,FR,FR,actual_load,Actual Load,2026-06-19T10:14:15Z
2026-06-19T10:13:32Z,2026-06-19T12:13:32+0200,883e5adc-9734-481d-ba75-ca4b61ed39d5,2026-06-07T16:00:00Z,2026-06-07T18:00:00+0200,38237.01,MW,FR,FR,actual_load,Actual Load,2026-06-19T10:14:15Z
2026-06-19T10:13:32Z,2026-06-19T12:13:32+0200,883e5adc-9734-481d-ba75-ca4b61ed39d5,2026-06-07T16:15:00Z,2026-06-07T18:15:00+0200,38968.87,MW,FR,FR,actual_load,Actual Load,2026-06-19T10:14:15Z
2026-06-19T10:13:32Z,2026-06-19T12:13:32+0200,883e5adc-9734-481d-ba75-ca4b61ed39d5,2026-06-07T16:30:00Z,2026-06-07T18:30:00+0200,39703.29,MW,FR,FR,actual_load,Actual Load,2026-06-19T10:14:15Z
2026-06-19T10:13:32Z,2026-06-19T12:13:32+0200,883e5adc-9734-481d-ba75-ca4b61ed39d5,2026-06-07T16:45:00Z,2026-06-07T18:45:00+0200,40731.2,MW,FR,FR,actual_load,Actual Load,2026-06-19T10:14:15Z
2026-06-19T10:13:32Z,2026-06-19T12:13:32+0200,883e5adc-9734-481d-ba75-ca4b61ed39d5,2026-06-07T17:00:00Z,2026-06-07T19:00:00+0200,41365.69,MW,FR,FR,actual_load,Actual Load,2026-06-19T10:14:15Z
2026-06-19T10:13:32Z,2026-06-19T12:13:32+0200,883e5adc-9734-481d-ba75-ca4b61ed39d5,2026-06-07T17:15:00Z,2026-06-07T19:15:00+0200,41679.53,MW,FR,FR,actual_load,Actual Load,2026-06-19T10:14:15Z
2026-06-19T10:13:32Z,2026-06-19T12:13:32+0200,883e5adc-9734-481d-ba75-ca4b61ed39d5,2026-06-07T17:30:00Z,2026-06-07T19:30:00+0200,41827.2,MW,FR,FR,actual_load,Actual Load,2026-06-19T10:14:15Z
2026-06-19T10:13:32Z,2026-06-19T12:13:32+0200,883e5adc-9734-481d-ba75-ca4b61ed39d5,2026-06-07T17:45:00Z,2026-06-07T19:45:00+0200,41844.2,MW,FR,FR,actual_load,Actual Load,2026-06-19T10:14:15Z
2026-06-19T10:13:32Z,2026-06-19T12:13:32+0200,883e5adc-9734-481d-ba75-ca4b61ed39d5,2026-06-07T18:00:00Z,2026-06-07T20:00:00+0200,41526.4,MW,FR,FR,actual_load,Actual Load,2026-06-19T10:14:15Z
2026-06-19T10:13:32Z,2026-06-19T12:13:32+0200,883e5adc-9734-481d-ba75-ca4b61ed39d5,2026-06-07T18:15:00Z,2026-06-07T20:15:00+0200,41134.75,MW,FR,FR,actual_load,Actual Load,2026-06-19T10:14:15Z
2026-06-19T10:13:32Z,2026-06-19T12:13:32+0200,883e5adc-9734-481d-ba75-ca4b61ed39d5,2026-06-07T18:30:00Z,2026-06-07T20:30:00+0200,40880.75,MW,FR,FR,actual_load,Actual Load,2026-06-19T10:14:15Z
2026-06-19T10:13:32Z,2026-06-19T12:13:32+0200,883e5adc-9734-481d-ba75-ca4b61ed39d5,2026-06-07T18:45:00Z,2026-06-07T20:45:00+0200,40598.67,MW,FR,FR,actual_load,Actual Load,2026-06-19T10:14:15Z
2026-06-19T10:13:32Z,2026-06-19T12:13:32+0200,883e5adc-9734-481d-ba75-ca4b61ed39d5,2026-06-07T19:00:00Z,2026-06-07T21:00:00+0200,40563.61,MW,FR,FR,actual_load,Actual Load,2026-06-19T10:14:15Z
2026-06-19T10:13:32Z,2026-06-19T12:13:32+0200,883e5adc-9734-481d-ba75-ca4b61ed39d5,2026-06-07T19:15:00Z,2026-06-07T21:15:00+0200,40460.3,MW,FR,FR,actual_load,Actual Load,2026-06-19T10:14:15Z
2026-06-19T10:13:32Z,2026-06-19T12:13:32+0200,883e5adc-9734-481d-ba75-ca4b61ed39d5,2026-06-07T19:30:00Z,2026-06-07T21:30:00+0200,40347.2,MW,FR,FR,actual_load,Actual Load,2026-06-19T10:14:15Z
2026-06-19T10:13:32Z,2026-06-19T12:13:32+0200,883e5adc-9734-481d-ba75-ca4b61ed39d5,2026-06-07T19:45:00Z,2026-06-07T21:45:00+0200,40299.09,MW,FR,FR,actual_load,Actual Load,2026-06-19T10:14:15Z
2026-06-19T10:13:32Z,2026-06-19T12:13:32+0200,883e5adc-9734-481d-ba75-ca4b61ed39d5,2026-06-07T20:00:00Z,2026-06-07T22:00:00+0200,41715.39,MW,FR,FR,actual_load,Actual Load,2026-06-19T10:14:15Z
2026-06-19T10:13:32Z,2026-06-19T12:13:32+0200,883e5adc-9734-481d-ba75-ca4b61ed39d5,2026-06-07T20:15:00Z,2026-06-07T22:15:00+0200,41631.84,MW,FR,FR,actual_load,Actual Load,2026-06-19T10:14:15Z
2026-06-19T10:13:32Z,2026-06-19T12:13:32+0200,883e5adc-9734-481d-ba75-ca4b61ed39d5,2026-06-07T20:30:00Z,2026-06-07T22:30:00+0200,42587.86,MW,FR,FR,actual_load,Actual Load,2026-06-19T10:14:15Z
2026-06-19T10:13:32Z,2026-06-19T12:13:32+0200,883e5adc-9734-481d-ba75-ca4b61ed39d5,2026-06-07T20:45:00Z,2026-06-07T22:45:00+0200,42280.71,MW,FR,FR,actual_load,Actual Load,2026-06-19T10:14:15Z
2026-06-19T10:13:32Z,2026-06-19T12:13:32+0200,883e5adc-9734-481d-ba75-ca4b61ed39d5,2026-06-07T21:00:00Z,2026-06-07T23:00:00+0200,42302.84,MW,FR,FR,actual_load,Actual Load,2026-06-19T10:14:15Z
2026-06-19T10:13:32Z,2026-06-19T12:13:32+0200,883e5adc-9734-481d-ba75-ca4b61ed39d5,2026-06-07T21:15:00Z,2026-06-07T23:15:00+0200,41480.17,MW,FR,FR,actual_load,Actual Load,2026-06-19T10:14:15Z
2026-06-19T10:13:32Z,2026-06-19T12:13:32+0200,883e5adc-9734-481d-ba75-ca4b61ed39d5,2026-06-07T21:30:00Z,2026-06-07T23:30:00+0200,41776.03,MW,FR,FR,actual_load,Actual Load,2026-06-19T10:14:15Z
2026-06-19T10:13:32Z,2026-06-19T12:13:32+0200,883e5adc-9734-481d-ba75-ca4b61ed39d5,2026-06-07T21:45:00Z,2026-06-07T23:45:00+0200,40979.6,MW,FR,FR,actual_load,Actual Load,2026-06-19T10:14:15Z
2026-06-19T10:13:32Z,2026-06-19T12:13:32+0200,883e5adc-9734-481d-ba75-ca4b61ed39d5,2026-06-07T22:00:00Z,2026-06-08T00:00:00+0200,40742.32,MW,FR,FR,actual_load,Actual Load,2026-06-19T10:14:15Z
2026-06-19T10:13:32Z,2026-06-19T12:13:32+0200,883e5adc-9734-481d-ba75-ca4b61ed39d5,2026-06-07T22:15:00Z,2026-06-08T00:15:00+0200,39817.73,MW,FR,FR,actual_load,Actual Load,2026-06-19T10:14:15Z
2026-06-19T10:13:32Z,2026-06-19T12:13:32+0200,883e5adc-9734-481d-ba75-ca4b61ed39d5,2026-06-07T22:30:00Z,2026-06-08T00:30:00+0200,38470.45,MW,FR,FR,actual_load,Actual Load,2026-06-19T10:14:15Z
2026-06-19T10:13:32Z,2026-06-19T12:13:32+0200,883e5adc-9734-481d-ba75-ca4b61ed39d5,2026-06-07T22:45:00Z,2026-06-08T00:45:00+0200,37703.96,MW,FR,FR,actual_load,Actual Load,2026-06-19T10:14:15Z
2026-06-19T10:13:32Z,2026-06-19T12:13:32+0200,883e5adc-9734-481d-ba75-ca4b61ed39d5,2026-06-07T23:00:00Z,2026-06-08T01:00:00+0200,37959.22,MW,FR,FR,actual_load,Actual Load,2026-06-19T10:14:15Z
2026-06-19T10:13:32Z,2026-06-19T12:13:32+0200,883e5adc-9734-481d-ba75-ca4b61ed39d5,2026-06-07T23:15:00Z,2026-06-08T01:15:00+0200,37302.2,MW,FR,FR,actual_load,Actual Load,2026-06-19T10:14:15Z
2026-06-19T10:13:32Z,2026-06-19T12:13:32+0200,883e5adc-9734-481d-ba75-ca4b61ed39d5,2026-06-07T23:30:00Z,2026-06-08T01:30:00+0200,37513.3,MW,FR,FR,actual_load,Actual Load,2026-06-19T10:14:15Z
2026-06-19T10:13:32Z,2026-06-19T12:13:32+0200,883e5adc-9734-481d-ba75-ca4b61ed39d5,2026-06-07T23:45:00Z,2026-06-08T01:45:00+0200,36839.4,MW,FR,FR,actual_load,Actual Load,2026-06-19T10:14:15Z
2026-06-19T10:13:32Z,2026-06-19T12:13:32+0200,883e5adc-9734-481d-ba75-ca4b61ed39d5,2026-06-08T00:00:00Z,2026-06-08T02:00:00+0200,36435.02,MW,FR,FR,actual_load,Actual Load,2026-06-19T10:14:15Z
2026-06-19T10:13:32Z,2026-06-19T12:13:32+0200,883e5adc-9734-481d-ba75-ca4b61ed39d5,2026-06-08T00:15:00Z,2026-06-08T02:15:00+0200,35584.91,MW,FR,FR,actual_load,Actual Load,2026-06-19T10:14:15Z
2026-06-19T10:13:32Z,2026-06-19T12:13:32+0200,883e5adc-9734-481d-ba75-ca4b61ed39d5,2026-06-08T00:30:00Z,2026-06-08T02:30:00+0200,34919.73,MW,FR,FR,actual_load,Actual Load,2026-06-19T10:14:15Z
2026-06-19T10:13:32Z,2026-06-19T12:13:32+0200,883e5adc-9734-481d-ba75-ca4b61ed39d5,2026-06-08T00:45:00Z,2026-06-08T02:45:00+0200,34203.63,MW,FR,FR,actual_load,Actual Load,2026-06-19T10:14:15Z
2026-06-19T10:13:32Z,2026-06-19T12:13:32+0200,883e5adc-9734-481d-ba75-ca4b61ed39d5,2026-06-08T01:00:00Z,2026-06-08T03:00:00+0200,33589.16,MW,FR,FR,actual_load,Actual Load,2026-06-19T10:14:15Z
2026-06-19T10:13:32Z,2026-06-19T12:13:32+0200,883e5adc-9734-481d-ba75-ca4b61ed39d5,2026-06-08T01:15:00Z,2026-06-08T03:15:00+0200,32874.52,MW,FR,FR,actual_load,Actual Load,2026-06-19T10:14:15Z
2026-06-19T10:13:32Z,2026-06-19T12:13:32+0200,883e5adc-9734-481d-ba75-ca4b61ed39d5,2026-06-08T01:30:00Z,2026-06-08T03:30:00+0200,32589.8,MW,FR,FR,actual_load,Actual Load,2026-06-19T10:14:15Z
2026-06-19T10:13:32Z,2026-06-19T12:13:32+0200,883e5adc-9734-481d-ba75-ca4b61ed39d5,2026-06-08T01:45:00Z,2026-06-08T03:45:00+0200,32388.05,MW,FR,FR,actual_load,Actual Load,2026-06-19T10:14:15Z
2026-06-19T10:13:32Z,2026-06-19T12:13:32+0200,883e5adc-9734-481d-ba75-ca4b61ed39d5,2026-06-08T02:00:00Z,2026-06-08T04:00:00+0200,32486.06,MW,FR,FR,actual_load,Actual Load,2026-06-19T10:14:15Z
2026-06-19T10:13:32Z,2026-06-19T12:13:32+0200,883e5adc-9734-481d-ba75-ca4b61ed39d5,2026-06-08T02:15:00Z,2026-06-08T04:15:00+0200,32444.7,MW,FR,FR,actual_load,Actual Load,2026-06-19T10:14:15Z
2026-06-19T10:13:32Z,2026-06-19T12:13:32+0200,883e5adc-9734-481d-ba75-ca4b61ed39d5,2026-06-08T02:30:00Z,2026-06-08T04:30:00+0200,32513.83,MW,FR,FR,actual_load,Actual Load,2026-06-19T10:14:15Z
2026-06-19T10:13:32Z,2026-06-19T12:13:32+0200,883e5adc-9734-481d-ba75-ca4b61ed39d5,2026-06-08T02:45:00Z,2026-06-08T04:45:00+0200,32840.05,MW,FR,FR,actual_load,Actual Load,2026-06-19T10:14:15Z
2026-06-19T10:13:32Z,2026-06-19T12:13:32+0200,883e5adc-9734-481d-ba75-ca4b61ed39d5,2026-06-08T03:00:00Z,2026-06-08T05:00:00+0200,33666.89,MW,FR,FR,actual_load,Actual Load,2026-06-19T10:14:15Z
2026-06-19T10:13:32Z,2026-06-19T12:13:32+0200,883e5adc-9734-481d-ba75-ca4b61ed39d5,2026-06-08T03:15:00Z,2026-06-08T05:15:00+0200,34253.92,MW,FR,FR,actual_load,Actual Load,2026-06-19T10:14:15Z
2026-06-19T10:13:32Z,2026-06-19T12:13:32+0200,883e5adc-9734-481d-ba75-ca4b61ed39d5,2026-06-08T03:30:00Z,2026-06-08T05:30:00+0200,34611.54,MW,FR,FR,actual_load,Actual Load,2026-06-19T10:14:15Z
2026-06-19T10:13:32Z,2026-06-19T12:13:32+0200,883e5adc-9734-481d-ba75-ca4b61ed39d5,2026-06-08T03:45:00Z,2026-06-08T05:45:00+0200,35067.57,MW,FR,FR,actual_load,Actual Load,2026-06-19T10:14:15Z
2026-06-19T10:13:32Z,2026-06-19T12:13:32+0200,883e5adc-9734-481d-ba75-ca4b61ed39d5,2026-06-08T04:00:00Z,2026-06-08T06:00:00+0200,36103.5,MW,FR,FR,actual_load,Actual Load,2026-06-19T10:14:15Z
2026-06-19T10:13:32Z,2026-06-19T12:13:32+0200,883e5adc-9734-481d-ba75-ca4b61ed39d5,2026-06-08T04:15:00Z,2026-06-08T06:15:00+0200,36955.34,MW,FR,FR,actual_load,Actual Load,2026-06-19T10:14:15Z
2026-06-19T10:13:32Z,2026-06-19T12:13:32+0200,883e5adc-9734-481d-ba75-ca4b61ed39d5,2026-06-08T04:30:00Z,2026-06-08T06:30:00+0200,37894.82,MW,FR,FR,actual_load,Actual Load,2026-06-19T10:14:15Z
2026-06-19T10:13:32Z,2026-06-19T12:13:32+0200,883e5adc-9734-481d-ba75-ca4b61ed39d5,2026-06-08T04:45:00Z,2026-06-08T06:45:00+0200,39021.84,MW,FR,FR,actual_load,Actual Load,2026-06-19T10:14:15Z
2026-06-19T10:13:32Z,2026-06-19T12:13:32+0200,883e5adc-9734-481d-ba75-ca4b61ed39d5,2026-06-08T05:00:00Z,2026-06-08T07:00:00+0200,40014.32,MW,FR,FR,actual_load,Actual Load,2026-06-19T10:14:15Z
2026-06-19T10:13:32Z,2026-06-19T12:13:32+0200,883e5adc-9734-481d-ba75-ca4b61ed39d5,2026-06-08T05:15:00Z,2026-06-08T07:15:00+0200,40829.08,MW,FR,FR,actual_load,Actual Load,2026-06-19T10:14:15Z
2026-06-19T10:13:32Z,2026-06-19T12:13:32+0200,883e5adc-9734-481d-ba75-ca4b61ed39d5,2026-06-08T05:30:00Z,2026-06-08T07:30:00+0200,41619.36,MW,FR,FR,actual_load,Actual Load,2026-06-19T10:14:15Z
2026-06-19T10:13:32Z,2026-06-19T12:13:32+0200,883e5adc-9734-481d-ba75-ca4b61ed39d5,2026-06-08T05:45:00Z,2026-06-08T07:45:00+0200,42206.99,MW,FR,FR,actual_load,Actual Load,2026-06-19T10:14:15Z
2026-06-19T10:13:32Z,2026-06-19T12:13:32+0200,883e5adc-9734-481d-ba75-ca4b61ed39d5,2026-06-08T06:00:00Z,2026-06-08T08:00:00+0200,42977.19,MW,FR,FR,actual_load,Actual Load,2026-06-19T10:14:15Z
2026-06-19T10:13:32Z,2026-06-19T12:13:32+0200,883e5adc-9734-481d-ba75-ca4b61ed39d5,2026-06-08T06:15:00Z,2026-06-08T08:15:00+0200,43710.7,MW,FR,FR,actual_load,Actual Load,2026-06-19T10:14:15Z
2026-06-19T10:13:32Z,2026-06-19T12:13:32+0200,883e5adc-9734-481d-ba75-ca4b61ed39d5,2026-06-08T06:30:00Z,2026-06-08T08:30:00+0200,44346.05,MW,FR,FR,actual_load,Actual Load,2026-06-19T10:14:15Z
2026-06-19T10:13:32Z,2026-06-19T12:13:32+0200,883e5adc-9734-481d-ba75-ca4b61ed39d5,2026-06-08T06:45:00Z,2026-06-08T08:45:00+0200,44735.57,MW,FR,FR,actual_load,Actual Load,2026-06-19T10:14:15Z
2026-06-19T10:13:32Z,2026-06-19T12:13:32+0200,883e5adc-9734-481d-ba75-ca4b61ed39d5,2026-06-08T07:00:00Z,2026-06-08T09:00:00+0200,45316.97,MW,FR,FR,actual_load,Actual Load,2026-06-19T10:14:15Z
2026-06-19T10:13:32Z,2026-06-19T12:13:32+0200,883e5adc-9734-481d-ba75-ca4b61ed39d5,2026-06-08T07:15:00Z,2026-06-08T09:15:00+0200,45726.36,MW,FR,FR,actual_load,Actual Load,2026-06-19T10:14:15Z
2026-06-19T10:13:32Z,2026-06-19T12:13:32+0200,883e5adc-9734-481d-ba75-ca4b61ed39d5,2026-06-08T07:30:00Z,2026-06-08T09:30:00+0200,45951.98,MW,FR,FR,actual_load,Actual Load,2026-06-19T10:14:15Z
2026-06-19T10:13:32Z,2026-06-19T12:13:32+0200,883e5adc-9734-481d-ba75-ca4b61ed39d5,2026-06-08T07:45:00Z,2026-06-08T09:45:00+0200,46100.09,MW,FR,FR,actual_load,Actual Load,2026-06-19T10:14:15Z
2026-06-19T10:13:32Z,2026-06-19T12:13:32+0200,883e5adc-9734-481d-ba75-ca4b61ed39d5,2026-06-08T08:00:00Z,2026-06-08T10:00:00+0200,46192.75,MW,FR,FR,actual_load,Actual Load,2026-06-19T10:14:15Z
2026-06-19T10:13:32Z,2026-06-19T12:13:32+0200,883e5adc-9734-481d-ba75-ca4b61ed39d5,2026-06-08T08:15:00Z,2026-06-08T10:15:00+0200,46359.93,MW,FR,FR,actual_load,Actual Load,2026-06-19T10:14:15Z
2026-06-19T10:13:32Z,2026-06-19T12:13:32+0200,883e5adc-9734-481d-ba75-ca4b61ed39d5,2026-06-08T08:30:00Z,2026-06-08T10:30:00+0200,46652.06,MW,FR,FR,actual_load,Actual Load,2026-06-19T10:14:15Z
2026-06-19T10:13:32Z,2026-06-19T12:13:32+0200,883e5adc-9734-481d-ba75-ca4b61ed39d5,2026-06-08T08:45:00Z,2026-06-08T10:45:00+0200,46803.16,MW,FR,FR,actual_load,Actual Load,2026-06-19T10:14:15Z
2026-06-19T10:13:32Z,2026-06-19T12:13:32+0200,883e5adc-9734-481d-ba75-ca4b61ed39d5,2026-06-08T09:00:00Z,2026-06-08T11:00:00+0200,47208.36,MW,FR,FR,actual_load,Actual Load,2026-06-19T10:14:15Z
2026-06-19T10:13:32Z,2026-06-19T12:13:32+0200,883e5adc-9734-481d-ba75-ca4b61ed39d5,2026-06-08T09:15:00Z,2026-06-08T11:15:00+0200,47498.38,MW,FR,FR,actual_load,Actual Load,2026-06-19T10:14:15Z
2026-06-19T10:13:32Z,2026-06-19T12:13:32+0200,883e5adc-9734-481d-ba75-ca4b61ed39d5,2026-06-08T09:30:00Z,2026-06-08T11:30:00+0200,47798.96,MW,FR,FR,actual_load,Actual Load,2026-06-19T10:14:15Z
2026-06-19T10:13:32Z,2026-06-19T12:13:32+0200,883e5adc-9734-481d-ba75-ca4b61ed39d5,2026-06-08T09:45:00Z,2026-06-08T11:45:00+0200,48106.66,MW,FR,FR,actual_load,Actual Load,2026-06-19T10:14:15Z
2026-06-19T10:13:32Z,2026-06-19T12:13:32+0200,883e5adc-9734-481d-ba75-ca4b61ed39d5,2026-06-08T10:00:00Z,2026-06-08T12:00:00+0200,48374.53,MW,FR,FR,actual_load,Actual Load,2026-06-19T10:14:15Z
2026-06-19T10:13:32Z,2026-06-19T12:13:32+0200,883e5adc-9734-481d-ba75-ca4b61ed39d5,2026-06-08T10:15:00Z,2026-06-08T12:15:00+0200,48559.43,MW,FR,FR,actual_load,Actual Load,2026-06-19T10:14:15Z
2026-06-19T10:13:32Z,2026-06-19T12:13:32+0200,883e5adc-9734-481d-ba75-ca4b61ed39d5,2026-06-08T10:30:00Z,2026-06-08T12:30:00+0200,48956.84,MW,FR,FR,actual_load,Actual Load,2026-06-19T10:14:15Z
2026-06-19T10:13:32Z,2026-06-19T12:13:32+0200,883e5adc-9734-481d-ba75-ca4b61ed39d5,2026-06-08T10:45:00Z,2026-06-08T12:45:00+0200,48324.22,MW,FR,FR,actual_load,Actual Load,2026-06-19T10:14:15Z
2026-06-19T10:13:32Z,2026-06-19T12:13:32+0200,883e5adc-9734-481d-ba75-ca4b61ed39d5,2026-06-08T11:00:00Z,2026-06-08T13:00:00+0200,48184.25,MW,FR,FR,actual_load,Actual Load,2026-06-19T10:14:15Z
2026-06-19T10:13:32Z,2026-06-19T12:13:32+0200,883e5adc-9734-481d-ba75-ca4b61ed39d5,2026-06-08T11:15:00Z,2026-06-08T13:15:00+0200,47648.64,MW,FR,FR,actual_load,Actual Load,2026-06-19T10:14:15Z
2026-06-19T10:13:32Z,2026-06-19T12:13:32+0200,883e5adc-9734-481d-ba75-ca4b61ed39d5,2026-06-08T11:30:00Z,2026-06-08T13:30:00+0200,47336.34,MW,FR,FR,actual_load,Actual Load,2026-06-19T10:14:15Z
2026-06-19T10:13:32Z,2026-06-19T12:13:32+0200,883e5adc-9734-481d-ba75-ca4b61ed39d5,2026-06-08T11:45:00Z,2026-06-08T13:45:00+0200,47471.12,MW,FR,FR,actual_load,Actual Load,2026-06-19T10:14:15Z
2026-06-19T10:13:32Z,2026-06-19T12:13:32+0200,883e5adc-9734-481d-ba75-ca4b61ed39d5,2026-06-08T12:00:00Z,2026-06-08T14:00:00+0200,48668.75,MW,FR,FR,actual_load,Actual Load,2026-06-19T10:14:15Z
2026-06-19T10:13:32Z,2026-06-19T12:13:32+0200,883e5adc-9734-481d-ba75-ca4b61ed39d5,2026-06-08T12:15:00Z,2026-06-08T14:15:00+0200,48507.26,MW,FR,FR,actual_load,Actual Load,2026-06-19T10:14:15Z
2026-06-19T10:13:32Z,2026-06-19T12:13:32+0200,883e5adc-9734-481d-ba75-ca4b61ed39d5,2026-06-08T12:30:00Z,2026-06-08T14:30:00+0200,48618.87,MW,FR,FR,actual_load,Actual Load,2026-06-19T10:14:15Z
2026-06-19T10:13:32Z,2026-06-19T12:13:32+0200,883e5adc-9734-481d-ba75-ca4b61ed39d5,2026-06-08T12:45:00Z,2026-06-08T14:45:00+0200,47985.14,MW,FR,FR,actual_load,Actual Load,2026-06-19T10:14:15Z
2026-06-19T10:13:32Z,2026-06-19T12:13:32+0200,883e5adc-9734-481d-ba75-ca4b61ed39d5,2026-06-08T13:00:00Z,2026-06-08T15:00:00+0200,47881.13,MW,FR,FR,actual_load,Actual Load,2026-06-19T10:14:15Z
2026-06-19T10:13:32Z,2026-06-19T12:13:32+0200,883e5adc-9734-481d-ba75-ca4b61ed39d5,2026-06-08T13:15:00Z,2026-06-08T15:15:00+0200,47399.26,MW,FR,FR,actual_load,Actual Load,2026-06-19T10:14:15Z
2026-06-19T10:13:32Z,2026-06-19T12:13:32+0200,883e5adc-9734-481d-ba75-ca4b61ed39d5,2026-06-08T13:30:00Z,2026-06-08T15:30:00+0200,47052.42,MW,FR,FR,actual_load,Actual Load,2026-06-19T10:14:15Z
2026-06-19T10:13:32Z,2026-06-19T12:13:32+0200,883e5adc-9734-481d-ba75-ca4b61ed39d5,2026-06-08T13:45:00Z,2026-06-08T15:45:00+0200,46730.99,MW,FR,FR,actual_load,Actual Load,2026-06-19T10:14:15Z
2026-06-19T10:13:32Z,2026-06-19T12:13:32+0200,883e5adc-9734-481d-ba75-ca4b61ed39d5,2026-06-08T14:00:00Z,2026-06-08T16:00:00+0200,46251.16,MW,FR,FR,actual_load,Actual Load,2026-06-19T10:14:15Z
2026-06-19T10:13:32Z,2026-06-19T12:13:32+0200,883e5adc-9734-481d-ba75-ca4b61ed39d5,2026-06-08T14:15:00Z,2026-06-08T16:15:00+0200,45779.07,MW,FR,FR,actual_load,Actual Load,2026-06-19T10:14:15Z
2026-06-19T10:13:32Z,2026-06-19T12:13:32+0200,883e5adc-9734-481d-ba75-ca4b61ed39d5,2026-06-08T14:30:00Z,2026-06-08T16:30:00+0200,45733.12,MW,FR,FR,actual_load,Actual Load,2026-06-19T10:14:15Z
2026-06-19T10:13:32Z,2026-06-19T12:13:32+0200,883e5adc-9734-481d-ba75-ca4b61ed39d5,2026-06-08T14:45:00Z,2026-06-08T16:45:00+0200,45670.41,MW,FR,FR,actual_load,Actual Load,2026-06-19T10:14:15Z
2026-06-19T10:13:32Z,2026-06-19T12:13:32+0200,883e5adc-9734-481d-ba75-ca4b61ed39d5,2026-06-08T15:00:00Z,2026-06-08T17:00:00+0200,45468.63,MW,FR,FR,actual_load,Actual Load,2026-06-19T10:14:15Z
2026-06-19T10:13:32Z,2026-06-19T12:13:32+0200,883e5adc-9734-481d-ba75-ca4b61ed39d5,2026-06-08T15:15:00Z,2026-06-08T17:15:00+0200,45408.4,MW,FR,FR,actual_load,Actual Load,2026-06-19T10:14:15Z
2026-06-19T10:13:32Z,2026-06-19T12:13:32+0200,883e5adc-9734-481d-ba75-ca4b61ed39d5,2026-06-08T15:30:00Z,2026-06-08T17:30:00+0200,45744.77,MW,FR,FR,actual_load,Actual Load,2026-06-19T10:14:15Z
2026-06-19T10:13:32Z,2026-06-19T12:13:32+0200,883e5adc-9734-481d-ba75-ca4b61ed39d5,2026-06-08T15:45:00Z,2026-06-08T17:45:00+0200,45765.84,MW,FR,FR,actual_load,Actual Load,2026-06-19T10:14:15Z
2026-06-19T10:13:32Z,2026-06-19T12:13:32+0200,883e5adc-9734-481d-ba75-ca4b61ed39d5,2026-06-08T16:00:00Z,2026-06-08T18:00:00+0200,46102.45,MW,FR,FR,actual_load,Actual Load,2026-06-19T10:14:15Z
2026-06-19T10:13:32Z,2026-06-19T12:13:32+0200,883e5adc-9734-481d-ba75-ca4b61ed39d5,2026-06-08T16:15:00Z,2026-06-08T18:15:00+0200,46797.55,MW,FR,FR,actual_load,Actual Load,2026-06-19T10:14:15Z
2026-06-19T10:13:32Z,2026-06-19T12:13:32+0200,883e5adc-9734-481d-ba75-ca4b61ed39d5,2026-06-08T16:30:00Z,2026-06-08T18:30:00+0200,47609.27,MW,FR,FR,actual_load,Actual Load,2026-06-19T10:14:15Z
2026-06-19T10:13:32Z,2026-06-19T12:13:32+0200,883e5adc-9734-481d-ba75-ca4b61ed39d5,2026-06-08T16:45:00Z,2026-06-08T18:45:00+0200,48415.66,MW,FR,FR,actual_load,Actual Load,2026-06-19T10:14:15Z
2026-06-19T10:13:32Z,2026-06-19T12:13:32+0200,883e5adc-9734-481d-ba75-ca4b61ed39d5,2026-06-08T17:00:00Z,2026-06-08T19:00:00+0200,48495.53,MW,FR,FR,actual_load,Actual Load,2026-06-19T10:14:15Z
2026-06-19T10:13:32Z,2026-06-19T12:13:32+0200,883e5adc-9734-481d-ba75-ca4b61ed39d5,2026-06-08T17:15:00Z,2026-06-08T19:15:00+0200,48272.03,MW,FR,FR,actual_load,Actual Load,2026-06-19T10:14:15Z
2026-06-19T10:13:32Z,2026-06-19T12:13:32+0200,883e5adc-9734-481d-ba75-ca4b61ed39d5,2026-06-08T17:30:00Z,2026-06-08T19:30:00+0200,47804.92,MW,FR,FR,actual_load,Actual Load,2026-06-19T10:14:15Z
2026-06-19T10:13:32Z,2026-06-19T12:13:32+0200,883e5adc-9734-481d-ba75-ca4b61ed39d5,2026-06-08T17:45:00Z,2026-06-08T19:45:00+0200,47045.99,MW,FR,FR,actual_load,Actual Load,2026-06-19T10:14:15Z
2026-06-19T10:13:32Z,2026-06-19T12:13:32+0200,883e5adc-9734-481d-ba75-ca4b61ed39d5,2026-06-08T18:00:00Z,2026-06-08T20:00:00+0200,46433.46,MW,FR,FR,actual_load,Actual Load,2026-06-19T10:14:15Z
2026-06-19T10:13:32Z,2026-06-19T12:13:32+0200,883e5adc-9734-481d-ba75-ca4b61ed39d5,2026-06-08T18:15:00Z,2026-06-08T20:15:00+0200,45594.43,MW,FR,FR,actual_load,Actual Load,2026-06-19T10:14:15Z
2026-06-19T10:13:32Z,2026-06-19T12:13:32+0200,883e5adc-9734-481d-ba75-ca4b61ed39d5,2026-06-08T18:30:00Z,2026-06-08T20:30:00+0200,44847.61,MW,FR,FR,actual_load,Actual Load,2026-06-19T10:14:15Z
2026-06-19T10:13:32Z,2026-06-19T12:13:32+0200,883e5adc-9734-481d-ba75-ca4b61ed39d5,2026-06-08T18:45:00Z,2026-06-08T20:45:00+0200,44209.27,MW,FR,FR,actual_load,Actual Load,2026-06-19T10:14:15Z
2026-06-19T10:13:32Z,2026-06-19T12:13:32+0200,883e5adc-9734-481d-ba75-ca4b61ed39d5,2026-06-08T19:00:00Z,2026-06-08T21:00:00+0200,44088.11,MW,FR,FR,actual_load,Actual Load,2026-06-19T10:14:15Z
2026-06-19T10:13:32Z,2026-06-19T12:13:32+0200,883e5adc-9734-481d-ba75-ca4b61ed39d5,2026-06-08T19:15:00Z,2026-06-08T21:15:00+0200,43521.89,MW,FR,FR,actual_load,Actual Load,2026-06-19T10:14:15Z
2026-06-19T10:13:32Z,2026-06-19T12:13:32+0200,883e5adc-9734-481d-ba75-ca4b61ed39d5,2026-06-08T19:30:00Z,2026-06-08T21:30:00+0200,43351.71,MW,FR,FR,actual_load,Actual Load,2026-06-19T10:14:15Z
2026-06-19T10:13:32Z,2026-06-19T12:13:32+0200,883e5adc-9734-481d-ba75-ca4b61ed39d5,2026-06-08T19:45:00Z,2026-06-08T21:45:00+0200,42866.78,MW,FR,FR,actual_load,Actual Load,2026-06-19T10:14:15Z
2026-06-19T10:13:32Z,2026-06-19T12:13:32+0200,883e5adc-9734-481d-ba75-ca4b61ed39d5,2026-06-08T20:00:00Z,2026-06-08T22:00:00+0200,44184.37,MW,FR,FR,actual_load,Actual Load,2026-06-19T10:14:15Z
2026-06-19T10:13:32Z,2026-06-19T12:13:32+0200,883e5adc-9734-481d-ba75-ca4b61ed39d5,2026-06-08T20:15:00Z,2026-06-08T22:15:00+0200,43893.11,MW,FR,FR,actual_load,Actual Load,2026-06-19T10:14:15Z
2026-06-19T10:13:32Z,2026-06-19T12:13:32+0200,883e5adc-9734-481d-ba75-ca4b61ed39d5,2026-06-08T20:30:00Z,2026-06-08T22:30:00+0200,44767.29,MW,FR,FR,actual_load,Actual Load,2026-06-19T10:14:15Z
2026-06-19T10:13:32Z,2026-06-19T12:13:32+0200,883e5adc-9734-481d-ba75-ca4b61ed39d5,2026-06-08T20:45:00Z,2026-06-08T22:45:00+0200,44266.2,MW,FR,FR,actual_load,Actual Load,2026-06-19T10:14:15Z
2026-06-19T10:13:32Z,2026-06-19T12:13:32+0200,883e5adc-9734-481d-ba75-ca4b61ed39d5,2026-06-08T21:00:00Z,2026-06-08T23:00:00+0200,44179.95,MW,FR,FR,actual_load,Actual Load,2026-06-19T10:14:15Z
2026-06-19T10:13:32Z,2026-06-19T12:13:32+0200,883e5adc-9734-481d-ba75-ca4b61ed39d5,2026-06-08T21:15:00Z,2026-06-08T23:15:00+0200,43461.39,MW,FR,FR,actual_load,Actual Load,2026-06-19T10:14:15Z
2026-06-19T10:13:32Z,2026-06-19T12:13:32+0200,883e5adc-9734-481d-ba75-ca4b61ed39d5,2026-06-08T21:30:00Z,2026-06-08T23:30:00+0200,43878.45,MW,FR,FR,actual_load,Actual Load,2026-06-19T10:14:15Z
2026-06-19T10:13:32Z,2026-06-19T12:13:32+0200,883e5adc-9734-481d-ba75-ca4b61ed39d5,2026-06-08T21:45:00Z,2026-06-08T23:45:00+0200,43038.73,MW,FR,FR,actual_load,Actual Load,2026-06-19T10:14:15Z
2026-06-19T10:13:32Z,2026-06-19T12:13:32+0200,883e5adc-9734-481d-ba75-ca4b61ed39d5,2026-06-08T22:00:00Z,2026-06-09T00:00:00+0200,42819.29,MW,FR,FR,actual_load,Actual Load,2026-06-19T10:14:15Z
2026-06-19T10:13:32Z,2026-06-19T12:13:32+0200,883e5adc-9734-481d-ba75-ca4b61ed39d5,2026-06-08T22:15:00Z,2026-06-09T00:15:00+0200,41744.06,MW,FR,FR,actual_load,Actual Load,2026-06-19T10:14:15Z
2026-06-19T10:13:32Z,2026-06-19T12:13:32+0200,883e5adc-9734-481d-ba75-ca4b61ed39d5,2026-06-08T22:30:00Z,2026-06-09T00:30:00+0200,40563.91,MW,FR,FR,actual_load,Actual Load,2026-06-19T10:14:15Z
2026-06-19T10:13:32Z,2026-06-19T12:13:32+0200,883e5adc-9734-481d-ba75-ca4b61ed39d5,2026-06-08T22:45:00Z,2026-06-09T00:45:00+0200,39744.14,MW,FR,FR,actual_load,Actual Load,2026-06-19T10:14:15Z
2026-06-19T10:13:32Z,2026-06-19T12:13:32+0200,883e5adc-9734-481d-ba75-ca4b61ed39d5,2026-06-08T23:00:00Z,2026-06-09T01:00:00+0200,39916.98,MW,FR,FR,actual_load,Actual Load,2026-06-19T10:14:15Z
2026-06-19T10:13:32Z,2026-06-19T12:13:32+0200,883e5adc-9734-481d-ba75-ca4b61ed39d5,2026-06-08T23:15:00Z,2026-06-09T01:15:00+0200,39186.11,MW,FR,FR,actual_load,Actual Load,2026-06-19T10:14:15Z
2026-06-19T10:13:32Z,2026-06-19T12:13:32+0200,883e5adc-9734-481d-ba75-ca4b61ed39d5,2026-06-08T23:30:00Z,2026-06-09T01:30:00+0200,39248.94,MW,FR,FR,actual_load,Actual Load,2026-06-19T10:14:15Z
2026-06-19T10:13:32Z,2026-06-19T12:13:32+0200,883e5adc-9734-481d-ba75-ca4b61ed39d5,2026-06-08T23:45:00Z,2026-06-09T01:45:00+0200,38624.64,MW,FR,FR,actual_load,Actual Load,2026-06-19T10:14:15Z
2026-06-19T10:13:32Z,2026-06-19T12:13:32+0200,883e5adc-9734-481d-ba75-ca4b61ed39d5,2026-06-09T00:00:00Z,2026-06-09T02:00:00+0200,38442.97,MW,FR,FR,actual_load,Actual Load,2026-06-19T10:14:15Z
2026-06-19T10:13:32Z,2026-06-19T12:13:32+0200,883e5adc-9734-481d-ba75-ca4b61ed39d5,2026-06-09T00:15:00Z,2026-06-09T02:15:00+0200,37546.79,MW,FR,FR,actual_load,Actual Load,2026-06-19T10:14:15Z
2026-06-19T10:13:32Z,2026-06-19T12:13:32+0200,883e5adc-9734-481d-ba75-ca4b61ed39d5,2026-06-09T00:30:00Z,2026-06-09T02:30:00+0200,36894.93,MW,FR,FR,actual_load,Actual Load,2026-06-19T10:14:15Z
2026-06-19T10:13:32Z,2026-06-19T12:13:32+0200,883e5adc-9734-481d-ba75-ca4b61ed39d5,2026-06-09T00:45:00Z,2026-06-09T02:45:00+0200,36238.45,MW,FR,FR,actual_load,Actual Load,2026-06-19T10:14:15Z
2026-06-19T10:13:32Z,2026-06-19T12:13:32+0200,883e5adc-9734-481d-ba75-ca4b61ed39d5,2026-06-09T01:00:00Z,2026-06-09T03:00:00+0200,35724.7,MW,FR,FR,actual_load,Actual Load,2026-06-19T10:14:15Z
2026-06-19T10:13:32Z,2026-06-19T12:13:32+0200,883e5adc-9734-481d-ba75-ca4b61ed39d5,2026-06-09T01:15:00Z,2026-06-09T03:15:00+0200,35122.25,MW,FR,FR,actual_load,Actual Load,2026-06-19T10:14:15Z
2026-06-19T10:13:32Z,2026-06-19T12:13:32+0200,883e5adc-9734-481d-ba75-ca4b61ed39d5,2026-06-09T01:30:00Z,2026-06-09T03:30:00+0200,35137.46,MW,FR,FR,actual_load,Actual Load,2026-06-19T10:14:15Z
2026-06-19T10:13:32Z,2026-06-19T12:13:32+0200,883e5adc-9734-481d-ba75-ca4b61ed39d5,2026-06-09T01:45:00Z,2026-06-09T03:45:00+0200,35010.02,MW,FR,FR,actual_load,Actual Load,2026-06-19T10:14:15Z
2026-06-19T10:13:32Z,2026-06-19T12:13:32+0200,883e5adc-9734-481d-ba75-ca4b61ed39d5,2026-06-09T02:00:00Z,2026-06-09T04:00:00+0200,34913.21,MW,FR,FR,actual_load,Actual Load,2026-06-19T10:14:15Z
2026-06-19T10:13:32Z,2026-06-19T12:13:32+0200,883e5adc-9734-481d-ba75-ca4b61ed39d5,2026-06-09T02:15:00Z,2026-06-09T04:15:00+0200,34928.85,MW,FR,FR,actual_load,Actual Load,2026-06-19T10:14:15Z
2026-06-19T10:13:32Z,2026-06-19T12:13:32+0200,883e5adc-9734-481d-ba75-ca4b61ed39d5,2026-06-09T02:30:00Z,2026-06-09T04:30:00+0200,34759.97,MW,FR,FR,actual_load,Actual Load,2026-06-19T10:14:15Z
2026-06-19T10:13:32Z,2026-06-19T12:13:32+0200,883e5adc-9734-481d-ba75-ca4b61ed39d5,2026-06-09T02:45:00Z,2026-06-09T04:45:00+0200,34934.45,MW,FR,FR,actual_load,Actual Load,2026-06-19T10:14:15Z
2026-06-19T10:13:32Z,2026-06-19T12:13:32+0200,883e5adc-9734-481d-ba75-ca4b61ed39d5,2026-06-09T03:00:00Z,2026-06-09T05:00:00+0200,35639.98,MW,FR,FR,actual_load,Actual Load,2026-06-19T10:14:15Z
2026-06-19T10:13:32Z,2026-06-19T12:13:32+0200,883e5adc-9734-481d-ba75-ca4b61ed39d5,2026-06-09T03:15:00Z,2026-06-09T05:15:00+0200,36046.76,MW,FR,FR,actual_load,Actual Load,2026-06-19T10:14:15Z
2026-06-19T10:13:32Z,2026-06-19T12:13:32+0200,883e5adc-9734-481d-ba75-ca4b61ed39d5,2026-06-09T03:30:00Z,2026-06-09T05:30:00+0200,36328.31,MW,FR,FR,actual_load,Actual Load,2026-06-19T10:14:15Z
2026-06-19T10:13:32Z,2026-06-19T12:13:32+0200,883e5adc-9734-481d-ba75-ca4b61ed39d5,2026-06-09T03:45:00Z,2026-06-09T05:45:00+0200,36862.11,MW,FR,FR,actual_load,Actual Load,2026-06-19T10:14:15Z
2026-06-19T10:13:32Z,2026-06-19T12:13:32+0200,883e5adc-9734-481d-ba75-ca4b61ed39d5,2026-06-09T04:00:00Z,2026-06-09T06:00:00+0200,37953.0,MW,FR,FR,actual_load,Actual Load,2026-06-19T10:14:15Z
2026-06-19T10:13:32Z,2026-06-19T12:13:32+0200,883e5adc-9734-481d-ba75-ca4b61ed39d5,2026-06-09T04:15:00Z,2026-06-09T06:15:00+0200,38715.51,MW,FR,FR,actual_load,Actual Load,2026-06-19T10:14:15Z
2026-06-19T10:13:32Z,2026-06-19T12:13:32+0200,883e5adc-9734-481d-ba75-ca4b61ed39d5,2026-06-09T04:30:00Z,2026-06-09T06:30:00+0200,39258.03,MW,FR,FR,actual_load,Actual Load,2026-06-19T10:14:15Z
2026-06-19T10:13:32Z,2026-06-19T12:13:32+0200,883e5adc-9734-481d-ba75-ca4b61ed39d5,2026-06-09T04:45:00Z,2026-06-09T06:45:00+0200,40385.97,MW,FR,FR,actual_load,Actual Load,2026-06-19T10:14:15Z
2026-06-19T10:13:32Z,2026-06-19T12:13:32+0200,883e5adc-9734-481d-ba75-ca4b61ed39d5,2026-06-09T05:00:00Z,2026-06-09T07:00:00+0200,41564.29,MW,FR,FR,actual_load,Actual Load,2026-06-19T10:14:15Z
2026-06-19T10:13:32Z,2026-06-19T12:13:32+0200,883e5adc-9734-481d-ba75-ca4b61ed39d5,2026-06-09T05:15:00Z,2026-06-09T07:15:00+0200,42220.87,MW,FR,FR,actual_load,Actual Load,2026-06-19T10:14:15Z
2026-06-19T10:13:32Z,2026-06-19T12:13:32+0200,883e5adc-9734-481d-ba75-ca4b61ed39d5,2026-06-09T05:30:00Z,2026-06-09T07:30:00+0200,42722.21,MW,FR,FR,actual_load,Actual Load,2026-06-19T10:14:15Z
2026-06-19T10:13:32Z,2026-06-19T12:13:32+0200,883e5adc-9734-481d-ba75-ca4b61ed39d5,2026-06-09T05:45:00Z,2026-06-09T07:45:00+0200,43333.17,MW,FR,FR,actual_load,Actual Load,2026-06-19T10:14:15Z
2026-06-19T10:13:32Z,2026-06-19T12:13:32+0200,883e5adc-9734-481d-ba75-ca4b61ed39d5,2026-06-09T06:00:00Z,2026-06-09T08:00:00+0200,44121.6,MW,FR,FR,actual_load,Actual Load,2026-06-19T10:14:15Z
2026-06-19T10:13:32Z,2026-06-19T12:13:32+0200,883e5adc-9734-481d-ba75-ca4b61ed39d5,2026-06-09T06:15:00Z,2026-06-09T08:15:00+0200,44593.85,MW,FR,FR,actual_load,Actual Load,2026-06-19T10:14:15Z
2026-06-19T10:13:32Z,2026-06-19T12:13:32+0200,883e5adc-9734-481d-ba75-ca4b61ed39d5,2026-06-09T06:30:00Z,2026-06-09T08:30:00+0200,44732.2,MW,FR,FR,actual_load,Actual Load,2026-06-19T10:14:15Z
2026-06-19T10:13:32Z,2026-06-19T12:13:32+0200,883e5adc-9734-481d-ba75-ca4b61ed39d5,2026-06-09T06:45:00Z,2026-06-09T08:45:00+0200,45158.55,MW,FR,FR,actual_load,Actual Load,2026-06-19T10:14:15Z
2026-06-19T10:13:32Z,2026-06-19T12:13:32+0200,883e5adc-9734-481d-ba75-ca4b61ed39d5,2026-06-09T07:00:00Z,2026-06-09T09:00:00+0200,45600.38,MW,FR,FR,actual_load,Actual Load,2026-06-19T10:14:15Z
2026-06-19T10:13:32Z,2026-06-19T12:13:32+0200,883e5adc-9734-481d-ba75-ca4b61ed39d5,2026-06-09T07:15:00Z,2026-06-09T09:15:00+0200,45860.13,MW,FR,FR,actual_load,Actual Load,2026-06-19T10:14:15Z
2026-06-19T10:13:32Z,2026-06-19T12:13:32+0200,883e5adc-9734-481d-ba75-ca4b61ed39d5,2026-06-09T07:30:00Z,2026-06-09T09:30:00+0200,46001.08,MW,FR,FR,actual_load,Actual Load,2026-06-19T10:14:15Z
2026-06-19T10:13:32Z,2026-06-19T12:13:32+0200,883e5adc-9734-481d-ba75-ca4b61ed39d5,2026-06-09T07:45:00Z,2026-06-09T09:45:00+0200,46265.46,MW,FR,FR,actual_load,Actual Load,2026-06-19T10:14:15Z
2026-06-19T10:13:32Z,2026-06-19T12:13:32+0200,883e5adc-9734-481d-ba75-ca4b61ed39d5,2026-06-09T08:00:00Z,2026-06-09T10:00:00+0200,46504.91,MW,FR,FR,actual_load,Actual Load,2026-06-19T10:14:15Z
2026-06-19T10:13:32Z,2026-06-19T12:13:32+0200,883e5adc-9734-481d-ba75-ca4b61ed39d5,2026-06-09T08:15:00Z,2026-06-09T10:15:00+0200,46495.11,MW,FR,FR,actual_load,Actual Load,2026-06-19T10:14:15Z
2026-06-19T10:13:32Z,2026-06-19T12:13:32+0200,883e5adc-9734-481d-ba75-ca4b61ed39d5,2026-06-09T08:30:00Z,2026-06-09T10:30:00+0200,46469.2,MW,FR,FR,actual_load,Actual Load,2026-06-19T10:14:15Z
2026-06-19T10:13:32Z,2026-06-19T12:13:32+0200,883e5adc-9734-481d-ba75-ca4b61ed39d5,2026-06-09T08:45:00Z,2026-06-09T10:45:00+0200,46617.43,MW,FR,FR,actual_load,Actual Load,2026-06-19T10:14:15Z
2026-06-19T10:13:32Z,2026-06-19T12:13:32+0200,883e5adc-9734-481d-ba75-ca4b61ed39d5,2026-06-09T09:00:00Z,2026-06-09T11:00:00+0200,47054.16,MW,FR,FR,actual_load,Actual Load,2026-06-19T10:14:15Z
2026-06-19T10:13:32Z,2026-06-19T12:13:32+0200,883e5adc-9734-481d-ba75-ca4b61ed39d5,2026-06-09T09:15:00Z,2026-06-09T11:15:00+0200,47031.29,MW,FR,FR,actual_load,Actual Load,2026-06-19T10:14:15Z
2026-06-19T10:13:32Z,2026-06-19T12:13:32+0200,883e5adc-9734-481d-ba75-ca4b61ed39d5,2026-06-09T09:30:00Z,2026-06-09T11:30:00+0200,47479.37,MW,FR,FR,actual_load,Actual Load,2026-06-19T10:14:15Z
2026-06-19T10:13:32Z,2026-06-19T12:13:32+0200,883e5adc-9734-481d-ba75-ca4b61ed39d5,2026-06-09T09:45:00Z,2026-06-09T11:45:00+0200,47955.42,MW,FR,FR,actual_load,Actual Load,2026-06-19T10:14:15Z
2026-06-19T10:13:32Z,2026-06-19T12:13:32+0200,883e5adc-9734-481d-ba75-ca4b61ed39d5,2026-06-09T10:00:00Z,2026-06-09T12:00:00+0200,48072.36,MW,FR,FR,actual_load,Actual Load,2026-06-19T10:14:15Z
2026-06-19T10:13:32Z,2026-06-19T12:13:32+0200,883e5adc-9734-481d-ba75-ca4b61ed39d5,2026-06-09T10:15:00Z,2026-06-09T12:15:00+0200,47822.32,MW,FR,FR,actual_load,Actual Load,2026-06-19T10:14:15Z
2026-06-19T10:13:32Z,2026-06-19T12:13:32+0200,883e5adc-9734-481d-ba75-ca4b61ed39d5,2026-06-09T10:30:00Z,2026-06-09T12:30:00+0200,48361.2,MW,FR,FR,actual_load,Actual Load,2026-06-19T10:14:15Z
2026-06-19T10:13:32Z,2026-06-19T12:13:32+0200,883e5adc-9734-481d-ba75-ca4b61ed39d5,2026-06-09T10:45:00Z,2026-06-09T12:45:00+0200,47547.09,MW,FR,FR,actual_load,Actual Load,2026-06-19T10:14:15Z
2026-06-19T10:13:32Z,2026-06-19T12:13:32+0200,883e5adc-9734-481d-ba75-ca4b61ed39d5,2026-06-09T11:00:00Z,2026-06-09T13:00:00+0200,47179.57,MW,FR,FR,actual_load,Actual Load,2026-06-19T10:14:15Z
2026-06-19T10:13:32Z,2026-06-19T12:13:32+0200,883e5adc-9734-481d-ba75-ca4b61ed39d5,2026-06-09T11:15:00Z,2026-06-09T13:15:00+0200,46833.18,MW,FR,FR,actual_load,Actual Load,2026-06-19T10:14:15Z
2026-06-19T10:13:32Z,2026-06-19T12:13:32+0200,883e5adc-9734-481d-ba75-ca4b61ed39d5,2026-06-09T11:30:00Z,2026-06-09T13:30:00+0200,46453.95,MW,FR,FR,actual_load,Actual Load,2026-06-19T10:14:15Z
2026-06-19T10:13:32Z,2026-06-19T12:13:32+0200,883e5adc-9734-481d-ba75-ca4b61ed39d5,2026-06-09T11:45:00Z,2026-06-09T13:45:00+0200,46514.28,MW,FR,FR,actual_load,Actual Load,2026-06-19T10:14:15Z
2026-06-19T10:13:32Z,2026-06-19T12:13:32+0200,883e5adc-9734-481d-ba75-ca4b61ed39d5,2026-06-09T12:00:00Z,2026-06-09T14:00:00+0200,46646.17,MW,FR,FR,actual_load,Actual Load,2026-06-19T10:14:15Z
2026-06-19T10:13:32Z,2026-06-19T12:13:32+0200,883e5adc-9734-481d-ba75-ca4b61ed39d5,2026-06-09T12:15:00Z,2026-06-09T14:15:00+0200,46578.9,MW,FR,FR,actual_load,Actual Load,2026-06-19T10:14:15Z
2026-06-19T10:13:32Z,2026-06-19T12:13:32+0200,883e5adc-9734-481d-ba75-ca4b61ed39d5,2026-06-09T12:30:00Z,2026-06-09T14:30:00+0200,46586.39,MW,FR,FR,actual_load,Actual Load,2026-06-19T10:14:15Z
2026-06-19T10:13:32Z,2026-06-19T12:13:32+0200,883e5adc-9734-481d-ba75-ca4b61ed39d5,2026-06-09T12:45:00Z,2026-06-09T14:45:00+0200,46422.95,MW,FR,FR,actual_load,Actual Load,2026-06-19T10:14:15Z
2026-06-19T10:13:32Z,2026-06-19T12:13:32+0200,883e5adc-9734-481d-ba75-ca4b61ed39d5,2026-06-09T13:00:00Z,2026-06-09T15:00:00+0200,46304.05,MW,FR,FR,actual_load,Actual Load,2026-06-19T10:14:15Z
2026-06-19T10:13:32Z,2026-06-19T12:13:32+0200,883e5adc-9734-481d-ba75-ca4b61ed39d5,2026-06-09T13:15:00Z,2026-06-09T15:15:00+0200,45498.33,MW,FR,FR,actual_load,Actual Load,2026-06-19T10:14:15Z
2026-06-19T10:13:32Z,2026-06-19T12:13:32+0200,883e5adc-9734-481d-ba75-ca4b61ed39d5,2026-06-09T13:30:00Z,2026-06-09T15:30:00+0200,45079.47,MW,FR,FR,actual_load,Actual Load,2026-06-19T10:14:15Z
2026-06-19T10:13:32Z,2026-06-19T12:13:32+0200,883e5adc-9734-481d-ba75-ca4b61ed39d5,2026-06-09T13:45:00Z,2026-06-09T15:45:00+0200,44782.25,MW,FR,FR,actual_load,Actual Load,2026-06-19T10:14:15Z
2026-06-19T10:13:32Z,2026-06-19T12:13:32+0200,883e5adc-9734-481d-ba75-ca4b61ed39d5,2026-06-09T14:00:00Z,2026-06-09T16:00:00+0200,44748.41,MW,FR,FR,actual_load,Actual Load,2026-06-19T10:14:15Z
2026-06-19T10:13:32Z,2026-06-19T12:13:32+0200,883e5adc-9734-481d-ba75-ca4b61ed39d5,2026-06-09T14:15:00Z,2026-06-09T16:15:00+0200,44117.43,MW,FR,FR,actual_load,Actual Load,2026-06-19T10:14:15Z
2026-06-19T10:13:32Z,2026-06-19T12:13:32+0200,883e5adc-9734-481d-ba75-ca4b61ed39d5,2026-06-09T14:30:00Z,2026-06-09T16:30:00+0200,43835.55,MW,FR,FR,actual_load,Actual Load,2026-06-19T10:14:15Z
2026-06-19T10:13:32Z,2026-06-19T12:13:32+0200,883e5adc-9734-481d-ba75-ca4b61ed39d5,2026-06-09T14:45:00Z,2026-06-09T16:45:00+0200,44055.25,MW,FR,FR,actual_load,Actual Load,2026-06-19T10:14:15Z
2026-06-19T10:13:32Z,2026-06-19T12:13:32+0200,883e5adc-9734-481d-ba75-ca4b61ed39d5,2026-06-09T15:00:00Z,2026-06-09T17:00:00+0200,43907.27,MW,FR,FR,actual_load,Actual Load,2026-06-19T10:14:15Z
2026-06-19T10:13:32Z,2026-06-19T12:13:32+0200,883e5adc-9734-481d-ba75-ca4b61ed39d5,2026-06-09T15:15:00Z,2026-06-09T17:15:00+0200,44009.34,MW,FR,FR,actual_load,Actual Load,2026-06-19T10:14:15Z
2026-06-19T10:13:32Z,2026-06-19T12:13:32+0200,883e5adc-9734-481d-ba75-ca4b61ed39d5,2026-06-09T15:30:00Z,2026-06-09T17:30:00+0200,44036.36,MW,FR,FR,actual_load,Actual Load,2026-06-19T10:14:15Z
2026-06-19T10:13:32Z,2026-06-19T12:13:32+0200,883e5adc-9734-481d-ba75-ca4b61ed39d5,2026-06-09T15:45:00Z,2026-06-09T17:45:00+0200,44626.16,MW,FR,FR,actual_load,Actual Load,2026-06-19T10:14:15Z
2026-06-19T10:13:32Z,2026-06-19T12:13:32+0200,883e5adc-9734-481d-ba75-ca4b61ed39d5,2026-06-09T16:00:00Z,2026-06-09T18:00:00+0200,44674.07,MW,FR,FR,actual_load,Actual Load,2026-06-19T10:14:15Z
2026-06-19T10:13:32Z,2026-06-19T12:13:32+0200,883e5adc-9734-481d-ba75-ca4b61ed39d5,2026-06-09T16:15:00Z,2026-06-09T18:15:00+0200,45248.13,MW,FR,FR,actual_load,Actual Load,2026-06-19T10:14:15Z
2026-06-19T10:13:32Z,2026-06-19T12:13:32+0200,883e5adc-9734-481d-ba75-ca4b61ed39d5,2026-06-09T16:30:00Z,2026-06-09T18:30:00+0200,45897.68,MW,FR,FR,actual_load,Actual Load,2026-06-19T10:14:15Z
2026-06-19T10:13:32Z,2026-06-19T12:13:32+0200,883e5adc-9734-481d-ba75-ca4b61ed39d5,2026-06-09T16:45:00Z,2026-06-09T18:45:00+0200,46490.34,MW,FR,FR,actual_load,Actual Load,2026-06-19T10:14:15Z
2026-06-19T10:13:32Z,2026-06-19T12:13:32+0200,883e5adc-9734-481d-ba75-ca4b61ed39d5,2026-06-09T17:00:00Z,2026-06-09T19:00:00+0200,46832.37,MW,FR,FR,actual_load,Actual Load,2026-06-19T10:14:15Z
2026-06-19T10:13:32Z,2026-06-19T12:13:32+0200,883e5adc-9734-481d-ba75-ca4b61ed39d5,2026-06-09T17:15:00Z,2026-06-09T19:15:00+0200,46772.98,MW,FR,FR,actual_load,Actual Load,2026-06-19T10:14:15Z
2026-06-19T10:13:32Z,2026-06-19T12:13:32+0200,883e5adc-9734-481d-ba75-ca4b61ed39d5,2026-06-09T17:30:00Z,2026-06-09T19:30:00+0200,46794.56,MW,FR,FR,actual_load,Actual Load,2026-06-19T10:14:15Z
2026-06-19T10:13:32Z,2026-06-19T12:13:32+0200,883e5adc-9734-481d-ba75-ca4b61ed39d5,2026-06-09T17:45:00Z,2026-06-09T19:45:00+0200,46460.12,MW,FR,FR,actual_load,Actual Load,2026-06-19T10:14:15Z
2026-06-19T10:13:32Z,2026-06-19T12:13:32+0200,883e5adc-9734-481d-ba75-ca4b61ed39d5,2026-06-09T18:00:00Z,2026-06-09T20:00:00+0200,45835.32,MW,FR,FR,actual_load,Actual Load,2026-06-19T10:14:15Z
2026-06-19T10:13:32Z,2026-06-19T12:13:32+0200,883e5adc-9734-481d-ba75-ca4b61ed39d5,2026-06-09T18:15:00Z,2026-06-09T20:15:00+0200,44899.81,MW,FR,FR,actual_load,Actual Load,2026-06-19T10:14:15Z
2026-06-19T10:13:32Z,2026-06-19T12:13:32+0200,883e5adc-9734-481d-ba75-ca4b61ed39d5,2026-06-09T18:30:00Z,2026-06-09T20:30:00+0200,44209.97,MW,FR,FR,actual_load,Actual Load,2026-06-19T10:14:15Z
2026-06-19T10:13:32Z,2026-06-19T12:13:32+0200,883e5adc-9734-481d-ba75-ca4b61ed39d5,2026-06-09T18:45:00Z,2026-06-09T20:45:00+0200,43636.0,MW,FR,FR,actual_load,Actual Load,2026-06-19T10:14:15Z
2026-06-19T10:13:32Z,2026-06-19T12:13:32+0200,883e5adc-9734-481d-ba75-ca4b61ed39d5,2026-06-09T19:00:00Z,2026-06-09T21:00:00+0200,43604.28,MW,FR,FR,actual_load,Actual Load,2026-06-19T10:14:15Z
2026-06-19T10:13:32Z,2026-06-19T12:13:32+0200,883e5adc-9734-481d-ba75-ca4b61ed39d5,2026-06-09T19:15:00Z,2026-06-09T21:15:00+0200,43336.71,MW,FR,FR,actual_load,Actual Load,2026-06-19T10:14:15Z
2026-06-19T10:13:32Z,2026-06-19T12:13:32+0200,883e5adc-9734-481d-ba75-ca4b61ed39d5,2026-06-09T19:30:00Z,2026-06-09T21:30:00+0200,43431.33,MW,FR,FR,actual_load,Actual Load,2026-06-19T10:14:15Z
2026-06-19T10:13:32Z,2026-06-19T12:13:32+0200,883e5adc-9734-481d-ba75-ca4b61ed39d5,2026-06-09T19:45:00Z,2026-06-09T21:45:00+0200,43077.55,MW,FR,FR,actual_load,Actual Load,2026-06-19T10:14:15Z
2026-06-19T10:13:32Z,2026-06-19T12:13:32+0200,883e5adc-9734-481d-ba75-ca4b61ed39d5,2026-06-09T20:00:00Z,2026-06-09T22:00:00+0200,44152.62,MW,FR,FR,actual_load,Actual Load,2026-06-19T10:14:15Z
2026-06-19T10:13:32Z,2026-06-19T12:13:32+0200,883e5adc-9734-481d-ba75-ca4b61ed39d5,2026-06-09T20:15:00Z,2026-06-09T22:15:00+0200,44053.39,MW,FR,FR,actual_load,Actual Load,2026-06-19T10:14:15Z
2026-06-19T10:13:32Z,2026-06-19T12:13:32+0200,883e5adc-9734-481d-ba75-ca4b61ed39d5,2026-06-09T20:30:00Z,2026-06-09T22:30:00+0200,45239.02,MW,FR,FR,actual_load,Actual Load,2026-06-19T10:14:15Z
2026-06-19T10:13:32Z,2026-06-19T12:13:32+0200,883e5adc-9734-481d-ba75-ca4b61ed39d5,2026-06-09T20:45:00Z,2026-06-09T22:45:00+0200,44709.15,MW,FR,FR,actual_load,Actual Load,2026-06-19T10:14:15Z
2026-06-19T10:13:32Z,2026-06-19T12:13:32+0200,883e5adc-9734-481d-ba75-ca4b61ed39d5,2026-06-09T21:00:00Z,2026-06-09T23:00:00+0200,44399.66,MW,FR,FR,actual_load,Actual Load,2026-06-19T10:14:15Z
2026-06-19T10:13:32Z,2026-06-19T12:13:32+0200,883e5adc-9734-481d-ba75-ca4b61ed39d5,2026-06-09T21:15:00Z,2026-06-09T23:15:00+0200,43642.89,MW,FR,FR,actual_load,Actual Load,2026-06-19T10:14:15Z
2026-06-19T10:13:32Z,2026-06-19T12:13:32+0200,883e5adc-9734-481d-ba75-ca4b61ed39d5,2026-06-09T21:30:00Z,2026-06-09T23:30:00+0200,43966.64,MW,FR,FR,actual_load,Actual Load,2026-06-19T10:14:15Z
2026-06-19T10:13:32Z,2026-06-19T12:13:32+0200,883e5adc-9734-481d-ba75-ca4b61ed39d5,2026-06-09T21:45:00Z,2026-06-09T23:45:00+0200,43069.77,MW,FR,FR,actual_load,Actual Load,2026-06-19T10:14:15Z
2026-06-19T10:13:32Z,2026-06-19T12:13:32+0200,883e5adc-9734-481d-ba75-ca4b61ed39d5,2026-06-09T22:00:00Z,2026-06-10T00:00:00+0200,43074.31,MW,FR,FR,actual_load,Actual Load,2026-06-19T10:14:15Z
2026-06-19T10:13:32Z,2026-06-19T12:13:32+0200,883e5adc-9734-481d-ba75-ca4b61ed39d5,2026-06-09T22:15:00Z,2026-06-10T00:15:00+0200,41919.66,MW,FR,FR,actual_load,Actual Load,2026-06-19T10:14:15Z
2026-06-19T10:13:32Z,2026-06-19T12:13:32+0200,883e5adc-9734-481d-ba75-ca4b61ed39d5,2026-06-09T22:30:00Z,2026-06-10T00:30:00+0200,40601.27,MW,FR,FR,actual_load,Actual Load,2026-06-19T10:14:15Z
2026-06-19T10:13:32Z,2026-06-19T12:13:32+0200,883e5adc-9734-481d-ba75-ca4b61ed39d5,2026-06-09T22:45:00Z,2026-06-10T00:45:00+0200,39620.21,MW,FR,FR,actual_load,Actual Load,2026-06-19T10:14:15Z
2026-06-19T10:13:32Z,2026-06-19T12:13:32+0200,883e5adc-9734-481d-ba75-ca4b61ed39d5,2026-06-09T23:00:00Z,2026-06-10T01:00:00+0200,39927.5,MW,FR,FR,actual_load,Actual Load,2026-06-19T10:14:15Z
2026-06-19T10:13:32Z,2026-06-19T12:13:32+0200,883e5adc-9734-481d-ba75-ca4b61ed39d5,2026-06-09T23:15:00Z,2026-06-10T01:15:00+0200,39384.98,MW,FR,FR,actual_load,Actual Load,2026-06-19T10:14:15Z
2026-06-19T10:13:32Z,2026-06-19T12:13:32+0200,883e5adc-9734-481d-ba75-ca4b61ed39d5,2026-06-09T23:30:00Z,2026-06-10T01:30:00+0200,39352.08,MW,FR,FR,actual_load,Actual Load,2026-06-19T10:14:15Z
2026-06-19T10:13:32Z,2026-06-19T12:13:32+0200,883e5adc-9734-481d-ba75-ca4b61ed39d5,2026-06-09T23:45:00Z,2026-06-10T01:45:00+0200,38525.03,MW,FR,FR,actual_load,Actual Load,2026-06-19T10:14:15Z
2026-06-19T10:13:32Z,2026-06-19T12:13:32+0200,883e5adc-9734-481d-ba75-ca4b61ed39d5,2026-06-10T00:00:00Z,2026-06-10T02:00:00+0200,38176.04,MW,FR,FR,actual_load,Actual Load,2026-06-19T10:14:15Z
2026-06-19T10:13:32Z,2026-06-19T12:13:32+0200,883e5adc-9734-481d-ba75-ca4b61ed39d5,2026-06-10T00:15:00Z,2026-06-10T02:15:00+0200,37323.42,MW,FR,FR,actual_load,Actual Load,2026-06-19T10:14:15Z
2026-06-19T10:13:32Z,2026-06-19T12:13:32+0200,883e5adc-9734-481d-ba75-ca4b61ed39d5,2026-06-10T00:30:00Z,2026-06-10T02:30:00+0200,36607.72,MW,FR,FR,actual_load,Actual Load,2026-06-19T10:14:15Z
2026-06-19T10:13:32Z,2026-06-19T12:13:32+0200,883e5adc-9734-481d-ba75-ca4b61ed39d5,2026-06-10T00:45:00Z,2026-06-10T02:45:00+0200,36022.44,MW,FR,FR,actual_load,Actual Load,2026-06-19T10:14:15Z
2026-06-19T10:13:32Z,2026-06-19T12:13:32+0200,883e5adc-9734-481d-ba75-ca4b61ed39d5,2026-06-10T01:00:00Z,2026-06-10T03:00:00+0200,35657.9,MW,FR,FR,actual_load,Actual Load,2026-06-19T10:14:15Z
2026-06-19T10:13:32Z,2026-06-19T12:13:32+0200,883e5adc-9734-481d-ba75-ca4b61ed39d5,2026-06-10T01:15:00Z,2026-06-10T03:15:00+0200,35321.82,MW,FR,FR,actual_load,Actual Load,2026-06-19T10:14:15Z
2026-06-19T10:13:32Z,2026-06-19T12:13:32+0200,883e5adc-9734-481d-ba75-ca4b61ed39d5,2026-06-10T01:30:00Z,2026-06-10T03:30:00+0200,35046.63,MW,FR,FR,actual_load,Actual Load,2026-06-19T10:14:15Z
2026-06-19T10:13:32Z,2026-06-19T12:13:32+0200,883e5adc-9734-481d-ba75-ca4b61ed39d5,2026-06-10T01:45:00Z,2026-06-10T03:45:00+0200,35011.42,MW,FR,FR,actual_load,Actual Load,2026-06-19T10:14:15Z
2026-06-19T10:13:32Z,2026-06-19T12:13:32+0200,883e5adc-9734-481d-ba75-ca4b61ed39d5,2026-06-10T02:00:00Z,2026-06-10T04:00:00+0200,34915.04,MW,FR,FR,actual_load,Actual Load,2026-06-19T10:14:15Z
2026-06-19T10:13:32Z,2026-06-19T12:13:32+0200,883e5adc-9734-481d-ba75-ca4b61ed39d5,2026-06-10T02:15:00Z,2026-06-10T04:15:00+0200,34772.49,MW,FR,FR,actual_load,Actual Load,2026-06-19T10:14:15Z
2026-06-19T10:13:32Z,2026-06-19T12:13:32+0200,883e5adc-9734-481d-ba75-ca4b61ed39d5,2026-06-10T02:30:00Z,2026-06-10T04:30:00+0200,34728.06,MW,FR,FR,actual_load,Actual Load,2026-06-19T10:14:15Z
2026-06-19T10:13:32Z,2026-06-19T12:13:32+0200,883e5adc-9734-481d-ba75-ca4b61ed39d5,2026-06-10T02:45:00Z,2026-06-10T04:45:00+0200,34925.27,MW,FR,FR,actual_load,Actual Load,2026-06-19T10:14:15Z
2026-06-19T10:13:32Z,2026-06-19T12:13:32+0200,883e5adc-9734-481d-ba75-ca4b61ed39d5,2026-06-10T03:00:00Z,2026-06-10T05:00:00+0200,35450.41,MW,FR,FR,actual_load,Actual Load,2026-06-19T10:14:15Z
2026-06-19T10:13:32Z,2026-06-19T12:13:32+0200,883e5adc-9734-481d-ba75-ca4b61ed39d5,2026-06-10T03:15:00Z,2026-06-10T05:15:00+0200,35893.48,MW,FR,FR,actual_load,Actual Load,2026-06-19T10:14:15Z
2026-06-19T10:13:32Z,2026-06-19T12:13:32+0200,883e5adc-9734-481d-ba75-ca4b61ed39d5,2026-06-10T03:30:00Z,2026-06-10T05:30:00+0200,36343.54,MW,FR,FR,actual_load,Actual Load,2026-06-19T10:14:15Z
2026-06-19T10:13:32Z,2026-06-19T12:13:32+0200,883e5adc-9734-481d-ba75-ca4b61ed39d5,2026-06-10T03:45:00Z,2026-06-10T05:45:00+0200,36858.75,MW,FR,FR,actual_load,Actual Load,2026-06-19T10:14:15Z
2026-06-19T10:13:32Z,2026-06-19T12:13:32+0200,883e5adc-9734-481d-ba75-ca4b61ed39d5,2026-06-10T04:00:00Z,2026-06-10T06:00:00+0200,37842.16,MW,FR,FR,actual_load,Actual Load,2026-06-19T10:14:15Z
2026-06-19T10:13:32Z,2026-06-19T12:13:32+0200,883e5adc-9734-481d-ba75-ca4b61ed39d5,2026-06-10T04:15:00Z,2026-06-10T06:15:00+0200,38311.5,MW,FR,FR,actual_load,Actual Load,2026-06-19T10:14:15Z
2026-06-19T10:13:32Z,2026-06-19T12:13:32+0200,883e5adc-9734-481d-ba75-ca4b61ed39d5,2026-06-10T04:30:00Z,2026-06-10T06:30:00+0200,39036.04,MW,FR,FR,actual_load,Actual Load,2026-06-19T10:14:15Z
2026-06-19T10:13:32Z,2026-06-19T12:13:32+0200,883e5adc-9734-481d-ba75-ca4b61ed39d5,2026-06-10T04:45:00Z,2026-06-10T06:45:00+0200,39734.58,MW,FR,FR,actual_load,Actual Load,2026-06-19T10:14:15Z
2026-06-19T10:13:32Z,2026-06-19T12:13:32+0200,883e5adc-9734-481d-ba75-ca4b61ed39d5,2026-06-10T05:00:00Z,2026-06-10T07:00:00+0200,40668.34,MW,FR,FR,actual_load,Actual Load,2026-06-19T10:14:15Z
2026-06-19T10:13:32Z,2026-06-19T12:13:32+0200,883e5adc-9734-481d-ba75-ca4b61ed39d5,2026-06-10T05:15:00Z,2026-06-10T07:15:00+0200,41672.08,MW,FR,FR,actual_load,Actual Load,2026-06-19T10:14:15Z
2026-06-19T10:13:32Z,2026-06-19T12:13:32+0200,883e5adc-9734-481d-ba75-ca4b61ed39d5,2026-06-10T05:30:00Z,2026-06-10T07:30:00+0200,42301.43,MW,FR,FR,actual_load,Actual Load,2026-06-19T10:14:15Z
2026-06-19T10:13:32Z,2026-06-19T12:13:32+0200,883e5adc-9734-481d-ba75-ca4b61ed39d5,2026-06-10T05:45:00Z,2026-06-10T07:45:00+0200,43117.15,MW,FR,FR,actual_load,Actual Load,2026-06-19T10:14:15Z
2026-06-19T10:13:32Z,2026-06-19T12:13:32+0200,883e5adc-9734-481d-ba75-ca4b61ed39d5,2026-06-10T06:00:00Z,2026-06-10T08:00:00+0200,43636.52,MW,FR,FR,actual_load,Actual Load,2026-06-19T10:14:15Z
2026-06-19T10:13:32Z,2026-06-19T12:13:32+0200,883e5adc-9734-481d-ba75-ca4b61ed39d5,2026-06-10T06:15:00Z,2026-06-10T08:15:00+0200,44296.23,MW,FR,FR,actual_load,Actual Load,2026-06-19T10:14:15Z
2026-06-19T10:13:32Z,2026-06-19T12:13:32+0200,883e5adc-9734-481d-ba75-ca4b61ed39d5,2026-06-10T06:30:00Z,2026-06-10T08:30:00+0200,44669.31,MW,FR,FR,actual_load,Actual Load,2026-06-19T10:14:15Z
2026-06-19T10:13:32Z,2026-06-19T12:13:32+0200,883e5adc-9734-481d-ba75-ca4b61ed39d5,2026-06-10T06:45:00Z,2026-06-10T08:45:00+0200,44799.09,MW,FR,FR,actual_load,Actual Load,2026-06-19T10:14:15Z
2026-06-19T10:13:32Z,2026-06-19T12:13:32+0200,883e5adc-9734-481d-ba75-ca4b61ed39d5,2026-06-10T07:00:00Z,2026-06-10T09:00:00+0200,44766.95,MW,FR,FR,actual_load,Actual Load,2026-06-19T10:14:15Z
2026-06-19T10:13:32Z,2026-06-19T12:13:32+0200,883e5adc-9734-481d-ba75-ca4b61ed39d5,2026-06-10T07:15:00Z,2026-06-10T09:15:00+0200,45297.68,MW,FR,FR,actual_load,Actual Load,2026-06-19T10:14:15Z
2026-06-19T10:13:32Z,2026-06-19T12:13:32+0200,883e5adc-9734-481d-ba75-ca4b61ed39d5,2026-06-10T07:30:00Z,2026-06-10T09:30:00+0200,45654.26,MW,FR,FR,actual_load,Actual Load,2026-06-19T10:14:15Z
2026-06-19T10:13:32Z,2026-06-19T12:13:32+0200,883e5adc-9734-481d-ba75-ca4b61ed39d5,2026-06-10T07:45:00Z,2026-06-10T09:45:00+0200,45924.31,MW,FR,FR,actual_load,Actual Load,2026-06-19T10:14:15Z
2026-06-19T10:13:32Z,2026-06-19T12:13:32+0200,883e5adc-9734-481d-ba75-ca4b61ed39d5,2026-06-10T08:00:00Z,2026-06-10T10:00:00+0200,46108.06,MW,FR,FR,actual_load,Actual Load,2026-06-19T10:14:15Z
2026-06-19T10:13:32Z,2026-06-19T12:13:32+0200,883e5adc-9734-481d-ba75-ca4b61ed39d5,2026-06-10T08:15:00Z,2026-06-10T10:15:00+0200,46294.08,MW,FR,FR,actual_load,Actual Load,2026-06-19T10:14:15Z
2026-06-19T10:13:32Z,2026-06-19T12:13:32+0200,883e5adc-9734-481d-ba75-ca4b61ed39d5,2026-06-10T08:30:00Z,2026-06-10T10:30:00+0200,46465.83,MW,FR,FR,actual_load,Actual Load,2026-06-19T10:14:15Z
2026-06-19T10:13:32Z,2026-06-19T12:13:32+0200,883e5adc-9734-481d-ba75-ca4b61ed39d5,2026-06-10T08:45:00Z,2026-06-10T10:45:00+0200,46537.86,MW,FR,FR,actual_load,Actual Load,2026-06-19T10:14:15Z
2026-06-19T10:13:32Z,2026-06-19T12:13:32+0200,883e5adc-9734-481d-ba75-ca4b61ed39d5,2026-06-10T09:00:00Z,2026-06-10T11:00:00+0200,46946.58,MW,FR,FR,actual_load,Actual Load,2026-06-19T10:14:15Z
2026-06-19T10:13:32Z,2026-06-19T12:13:32+0200,883e5adc-9734-481d-ba75-ca4b61ed39d5,2026-06-10T09:15:00Z,2026-06-10T11:15:00+0200,47107.57,MW,FR,FR,actual_load,Actual Load,2026-06-19T10:14:15Z
2026-06-19T10:13:32Z,2026-06-19T12:13:32+0200,883e5adc-9734-481d-ba75-ca4b61ed39d5,2026-06-10T09:30:00Z,2026-06-10T11:30:00+0200,47698.52,MW,FR,FR,actual_load,Actual Load,2026-06-19T10:14:15Z
2026-06-19T10:13:32Z,2026-06-19T12:13:32+0200,883e5adc-9734-481d-ba75-ca4b61ed39d5,2026-06-10T09:45:00Z,2026-06-10T11:45:00+0200,47990.52,MW,FR,FR,actual_load,Actual Load,2026-06-19T10:14:15Z
2026-06-19T10:13:32Z,2026-06-19T12:13:32+0200,883e5adc-9734-481d-ba75-ca4b61ed39d5,2026-06-10T10:00:00Z,2026-06-10T12:00:00+0200,48156.09,MW,FR,FR,actual_load,Actual Load,2026-06-19T10:14:15Z
2026-06-19T10:13:32Z,2026-06-19T12:13:32+0200,883e5adc-9734-481d-ba75-ca4b61ed39d5,2026-06-10T10:15:00Z,2026-06-10T12:15:00+0200,48166.93,MW,FR,FR,actual_load,Actual Load,2026-06-19T10:14:15Z
2026-06-19T10:13:32Z,2026-06-19T12:13:32+0200,883e5adc-9734-481d-ba75-ca4b61ed39d5,2026-06-10T10:30:00Z,2026-06-10T12:30:00+0200,48747.41,MW,FR,FR,actual_load,Actual Load,2026-06-19T10:14:15Z
2026-06-19T10:13:32Z,2026-06-19T12:13:32+0200,883e5adc-9734-481d-ba75-ca4b61ed39d5,2026-06-10T10:45:00Z,2026-06-10T12:45:00+0200,47908.17,MW,FR,FR,actual_load,Actual Load,2026-06-19T10:14:15Z
2026-06-19T10:13:32Z,2026-06-19T12:13:32+0200,883e5adc-9734-481d-ba75-ca4b61ed39d5,2026-06-10T11:00:00Z,2026-06-10T13:00:00+0200,47271.12,MW,FR,FR,actual_load,Actual Load,2026-06-19T10:14:15Z
2026-06-19T10:13:32Z,2026-06-19T12:13:32+0200,883e5adc-9734-481d-ba75-ca4b61ed39d5,2026-06-10T11:15:00Z,2026-06-10T13:15:00+0200,46460.27,MW,FR,FR,actual_load,Actual Load,2026-06-19T10:14:15Z
2026-06-19T10:13:32Z,2026-06-19T12:13:32+0200,883e5adc-9734-481d-ba75-ca4b61ed39d5,2026-06-10T11:30:00Z,2026-06-10T13:30:00+0200,45927.03,MW,FR,FR,actual_load,Actual Load,2026-06-19T10:14:15Z
2026-06-19T10:13:32Z,2026-06-19T12:13:32+0200,883e5adc-9734-481d-ba75-ca4b61ed39d5,2026-06-10T11:45:00Z,2026-06-10T13:45:00+0200,45964.47,MW,FR,FR,actual_load,Actual Load,2026-06-19T10:14:15Z
2026-06-19T10:13:32Z,2026-06-19T12:13:32+0200,883e5adc-9734-481d-ba75-ca4b61ed39d5,2026-06-10T12:00:00Z,2026-06-10T14:00:00+0200,46775.56,MW,FR,FR,actual_load,Actual Load,2026-06-19T10:14:15Z
2026-06-19T10:13:32Z,2026-06-19T12:13:32+0200,883e5adc-9734-481d-ba75-ca4b61ed39d5,2026-06-10T12:15:00Z,2026-06-10T14:15:00+0200,46694.96,MW,FR,FR,actual_load,Actual Load,2026-06-19T10:14:15Z
2026-06-19T10:13:32Z,2026-06-19T12:13:32+0200,883e5adc-9734-481d-ba75-ca4b61ed39d5,2026-06-10T12:30:00Z,2026-06-10T14:30:00+0200,46443.85,MW,FR,FR,actual_load,Actual Load,2026-06-19T10:14:15Z
2026-06-19T10:13:32Z,2026-06-19T12:13:32+0200,883e5adc-9734-481d-ba75-ca4b61ed39d5,2026-06-10T12:45:00Z,2026-06-10T14:45:00+0200,46270.03,MW,FR,FR,actual_load,Actual Load,2026-06-19T10:14:15Z
2026-06-19T10:13:32Z,2026-06-19T12:13:32+0200,883e5adc-9734-481d-ba75-ca4b61ed39d5,2026-06-10T13:00:00Z,2026-06-10T15:00:00+0200,46620.0,MW,FR,FR,actual_load,Actual Load,2026-06-19T10:14:15Z
2026-06-19T10:13:32Z,2026-06-19T12:13:32+0200,883e5adc-9734-481d-ba75-ca4b61ed39d5,2026-06-10T13:15:00Z,2026-06-10T15:15:00+0200,46422.75,MW,FR,FR,actual_load,Actual Load,2026-06-19T10:14:15Z
2026-06-19T10:13:32Z,2026-06-19T12:13:32+0200,883e5adc-9734-481d-ba75-ca4b61ed39d5,2026-06-10T13:30:00Z,2026-06-10T15:30:00+0200,45900.92,MW,FR,FR,actual_load,Actual Load,2026-06-19T10:14:15Z
2026-06-19T10:13:32Z,2026-06-19T12:13:32+0200,883e5adc-9734-481d-ba75-ca4b61ed39d5,2026-06-10T13:45:00Z,2026-06-10T15:45:00+0200,45431.45,MW,FR,FR,actual_load,Actual Load,2026-06-19T10:14:15Z
2026-06-19T10:13:32Z,2026-06-19T12:13:32+0200,883e5adc-9734-481d-ba75-ca4b61ed39d5,2026-06-10T14:00:00Z,2026-06-10T16:00:00+0200,45102.63,MW,FR,FR,actual_load,Actual Load,2026-06-19T10:14:15Z
2026-06-19T10:13:32Z,2026-06-19T12:13:32+0200,883e5adc-9734-481d-ba75-ca4b61ed39d5,2026-06-10T14:15:00Z,2026-06-10T16:15:00+0200,44698.53,MW,FR,FR,actual_load,Actual Load,2026-06-19T10:14:15Z
2026-06-19T10:13:32Z,2026-06-19T12:13:32+0200,883e5adc-9734-481d-ba75-ca4b61ed39d5,2026-06-10T14:30:00Z,2026-06-10T16:30:00+0200,44456.88,MW,FR,FR,actual_load,Actual Load,2026-06-19T10:14:15Z
2026-06-19T10:13:32Z,2026-06-19T12:13:32+0200,883e5adc-9734-481d-ba75-ca4b61ed39d5,2026-06-10T14:45:00Z,2026-06-10T16:45:00+0200,44362.72,MW,FR,FR,actual_load,Actual Load,2026-06-19T10:14:15Z
2026-06-19T10:13:32Z,2026-06-19T12:13:32+0200,883e5adc-9734-481d-ba75-ca4b61ed39d5,2026-06-10T15:00:00Z,2026-06-10T17:00:00+0200,44385.0,MW,FR,FR,actual_load,Actual Load,2026-06-19T10:14:15Z
2026-06-19T10:13:32Z,2026-06-19T12:13:32+0200,883e5adc-9734-481d-ba75-ca4b61ed39d5,2026-06-10T15:15:00Z,2026-06-10T17:15:00+0200,44535.14,MW,FR,FR,actual_load,Actual Load,2026-06-19T10:14:15Z
2026-06-19T10:13:32Z,2026-06-19T12:13:32+0200,883e5adc-9734-481d-ba75-ca4b61ed39d5,2026-06-10T15:30:00Z,2026-06-10T17:30:00+0200,44432.74,MW,FR,FR,actual_load,Actual Load,2026-06-19T10:14:15Z
2026-06-19T10:13:32Z,2026-06-19T12:13:32+0200,883e5adc-9734-481d-ba75-ca4b61ed39d5,2026-06-10T15:45:00Z,2026-06-10T17:45:00+0200,44774.05,MW,FR,FR,actual_load,Actual Load,2026-06-19T10:14:15Z
2026-06-19T10:13:32Z,2026-06-19T12:13:32+0200,883e5adc-9734-481d-ba75-ca4b61ed39d5,2026-06-10T16:00:00Z,2026-06-10T18:00:00+0200,45590.08,MW,FR,FR,actual_load,Actual Load,2026-06-19T10:14:15Z
2026-06-19T10:13:32Z,2026-06-19T12:13:32+0200,883e5adc-9734-481d-ba75-ca4b61ed39d5,2026-06-10T16:15:00Z,2026-06-10T18:15:00+0200,46110.8,MW,FR,FR,actual_load,Actual Load,2026-06-19T10:14:15Z
2026-06-19T10:13:32Z,2026-06-19T12:13:32+0200,883e5adc-9734-481d-ba75-ca4b61ed39d5,2026-06-10T16:30:00Z,2026-06-10T18:30:00+0200,46544.02,MW,FR,FR,actual_load,Actual Load,2026-06-19T10:14:15Z
2026-06-19T10:13:32Z,2026-06-19T12:13:32+0200,883e5adc-9734-481d-ba75-ca4b61ed39d5,2026-06-10T16:45:00Z,2026-06-10T18:45:00+0200,47286.25,MW,FR,FR,actual_load,Actual Load,2026-06-19T10:14:15Z
2026-06-19T10:13:32Z,2026-06-19T12:13:32+0200,883e5adc-9734-481d-ba75-ca4b61ed39d5,2026-06-10T17:00:00Z,2026-06-10T19:00:00+0200,47315.64,MW,FR,FR,actual_load,Actual Load,2026-06-19T10:14:15Z
2026-06-19T10:13:32Z,2026-06-19T12:13:32+0200,883e5adc-9734-481d-ba75-ca4b61ed39d5,2026-06-10T17:15:00Z,2026-06-10T19:15:00+0200,46887.45,MW,FR,FR,actual_load,Actual Load,2026-06-19T10:14:15Z
2026-06-19T10:13:32Z,2026-06-19T12:13:32+0200,883e5adc-9734-481d-ba75-ca4b61ed39d5,2026-06-10T17:30:00Z,2026-06-10T19:30:00+0200,46721.93,MW,FR,FR,actual_load,Actual Load,2026-06-19T10:14:15Z
2026-06-19T10:13:32Z,2026-06-19T12:13:32+0200,883e5adc-9734-481d-ba75-ca4b61ed39d5,2026-06-10T17:45:00Z,2026-06-10T19:45:00+0200,46637.4,MW,FR,FR,actual_load,Actual Load,2026-06-19T10:14:15Z
2026-06-19T10:13:32Z,2026-06-19T12:13:32+0200,883e5adc-9734-481d-ba75-ca4b61ed39d5,2026-06-10T18:00:00Z,2026-06-10T20:00:00+0200,46022.53,MW,FR,FR,actual_load,Actual Load,2026-06-19T10:14:15Z
2026-06-19T10:13:32Z,2026-06-19T12:13:32+0200,883e5adc-9734-481d-ba75-ca4b61ed39d5,2026-06-10T18:15:00Z,2026-06-10T20:15:00+0200,45332.69,MW,FR,FR,actual_load,Actual Load,2026-06-19T10:14:15Z
2026-06-19T10:13:32Z,2026-06-19T12:13:32+0200,883e5adc-9734-481d-ba75-ca4b61ed39d5,2026-06-10T18:30:00Z,2026-06-10T20:30:00+0200,44611.41,MW,FR,FR,actual_load,Actual Load,2026-06-19T10:14:15Z
2026-06-19T10:13:32Z,2026-06-19T12:13:32+0200,883e5adc-9734-481d-ba75-ca4b61ed39d5,2026-06-10T18:45:00Z,2026-06-10T20:45:00+0200,44034.34,MW,FR,FR,actual_load,Actual Load,2026-06-19T10:14:15Z
2026-06-19T10:13:32Z,2026-06-19T12:13:32+0200,883e5adc-9734-481d-ba75-ca4b61ed39d5,2026-06-10T19:00:00Z,2026-06-10T21:00:00+0200,43903.5,MW,FR,FR,actual_load,Actual Load,2026-06-19T10:14:15Z
2026-06-19T10:13:32Z,2026-06-19T12:13:32+0200,883e5adc-9734-481d-ba75-ca4b61ed39d5,2026-06-10T19:15:00Z,2026-06-10T21:15:00+0200,43751.71,MW,FR,FR,actual_load,Actual Load,2026-06-19T10:14:15Z
2026-06-19T10:13:32Z,2026-06-19T12:13:32+0200,883e5adc-9734-481d-ba75-ca4b61ed39d5,2026-06-10T19:30:00Z,2026-06-10T21:30:00+0200,43776.68,MW,FR,FR,actual_load,Actual Load,2026-06-19T10:14:15Z
2026-06-19T10:13:32Z,2026-06-19T12:13:32+0200,883e5adc-9734-481d-ba75-ca4b61ed39d5,2026-06-10T19:45:00Z,2026-06-10T21:45:00+0200,43506.86,MW,FR,FR,actual_load,Actual Load,2026-06-19T10:14:15Z
2026-06-19T10:13:32Z,2026-06-19T12:13:32+0200,883e5adc-9734-481d-ba75-ca4b61ed39d5,2026-06-10T20:00:00Z,2026-06-10T22:00:00+0200,44564.38,MW,FR,FR,actual_load,Actual Load,2026-06-19T10:14:15Z
2026-06-19T10:13:32Z,2026-06-19T12:13:32+0200,883e5adc-9734-481d-ba75-ca4b61ed39d5,2026-06-10T20:15:00Z,2026-06-10T22:15:00+0200,44549.0,MW,FR,FR,actual_load,Actual Load,2026-06-19T10:14:15Z
2026-06-19T10:13:32Z,2026-06-19T12:13:32+0200,883e5adc-9734-481d-ba75-ca4b61ed39d5,2026-06-10T20:30:00Z,2026-06-10T22:30:00+0200,45438.89,MW,FR,FR,actual_load,Actual Load,2026-06-19T10:14:15Z
2026-06-19T10:13:32Z,2026-06-19T12:13:32+0200,883e5adc-9734-481d-ba75-ca4b61ed39d5,2026-06-10T20:45:00Z,2026-06-10T22:45:00+0200,45244.36,MW,FR,FR,actual_load,Actual Load,2026-06-19T10:14:15Z
2026-06-19T10:13:32Z,2026-06-19T12:13:32+0200,883e5adc-9734-481d-ba75-ca4b61ed39d5,2026-06-10T21:00:00Z,2026-06-10T23:00:00+0200,45082.96,MW,FR,FR,actual_load,Actual Load,2026-06-19T10:14:15Z
2026-06-19T10:13:32Z,2026-06-19T12:13:32+0200,883e5adc-9734-481d-ba75-ca4b61ed39d5,2026-06-10T21:15:00Z,2026-06-10T23:15:00+0200,44287.3,MW,FR,FR,actual_load,Actual Load,2026-06-19T10:14:15Z
2026-06-19T10:13:32Z,2026-06-19T12:13:32+0200,883e5adc-9734-481d-ba75-ca4b61ed39d5,2026-06-10T21:30:00Z,2026-06-10T23:30:00+0200,44496.27,MW,FR,FR,actual_load,Actual Load,2026-06-19T10:14:15Z
2026-06-19T10:13:32Z,2026-06-19T12:13:32+0200,883e5adc-9734-481d-ba75-ca4b61ed39d5,2026-06-10T21:45:00Z,2026-06-10T23:45:00+0200,43600.71,MW,FR,FR,actual_load,Actual Load,2026-06-19T10:14:15Z
2026-06-19T10:13:32Z,2026-06-19T12:13:32+0200,883e5adc-9734-481d-ba75-ca4b61ed39d5,2026-06-10T22:00:00Z,2026-06-11T00:00:00+0200,43809.15,MW,FR,FR,actual_load,Actual Load,2026-06-19T10:14:15Z
2026-06-19T10:13:32Z,2026-06-19T12:13:32+0200,883e5adc-9734-481d-ba75-ca4b61ed39d5,2026-06-10T22:15:00Z,2026-06-11T00:15:00+0200,42984.41,MW,FR,FR,actual_load,Actual Load,2026-06-19T10:14:15Z
2026-06-19T10:13:32Z,2026-06-19T12:13:32+0200,883e5adc-9734-481d-ba75-ca4b61ed39d5,2026-06-10T22:30:00Z,2026-06-11T00:30:00+0200,41854.59,MW,FR,FR,actual_load,Actual Load,2026-06-19T10:14:15Z
2026-06-19T10:13:32Z,2026-06-19T12:13:32+0200,883e5adc-9734-481d-ba75-ca4b61ed39d5,2026-06-10T22:45:00Z,2026-06-11T00:45:00+0200,40829.46,MW,FR,FR,actual_load,Actual Load,2026-06-19T10:14:15Z
2026-06-19T10:13:32Z,2026-06-19T12:13:32+0200,883e5adc-9734-481d-ba75-ca4b61ed39d5,2026-06-10T23:00:00Z,2026-06-11T01:00:00+0200,41013.32,MW,FR,FR,actual_load,Actual Load,2026-06-19T10:14:15Z
2026-06-19T10:13:32Z,2026-06-19T12:13:32+0200,883e5adc-9734-481d-ba75-ca4b61ed39d5,2026-06-10T23:15:00Z,2026-06-11T01:15:00+0200,40732.36,MW,FR,FR,actual_load,Actual Load,2026-06-19T10:14:15Z
2026-06-19T10:13:32Z,2026-06-19T12:13:32+0200,883e5adc-9734-481d-ba75-ca4b61ed39d5,2026-06-10T23:30:00Z,2026-06-11T01:30:00+0200,40622.74,MW,FR,FR,actual_load,Actual Load,2026-06-19T10:14:15Z
2026-06-19T10:13:32Z,2026-06-19T12:13:32+0200,883e5adc-9734-481d-ba75-ca4b61ed39d5,2026-06-10T23:45:00Z,2026-06-11T01:45:00+0200,39845.76,MW,FR,FR,actual_load,Actual Load,2026-06-19T10:14:15Z
2026-06-19T10:13:32Z,2026-06-19T12:13:32+0200,883e5adc-9734-481d-ba75-ca4b61ed39d5,2026-06-11T00:00:00Z,2026-06-11T02:00:00+0200,39546.05,MW,FR,FR,actual_load,Actual Load,2026-06-19T10:14:15Z
2026-06-19T10:13:32Z,2026-06-19T12:13:32+0200,883e5adc-9734-481d-ba75-ca4b61ed39d5,2026-06-11T00:15:00Z,2026-06-11T02:15:00+0200,38567.99,MW,FR,FR,actual_load,Actual Load,2026-06-19T10:14:15Z
2026-06-19T10:13:32Z,2026-06-19T12:13:32+0200,883e5adc-9734-481d-ba75-ca4b61ed39d5,2026-06-11T00:30:00Z,2026-06-11T02:30:00+0200,37672.25,MW,FR,FR,actual_load,Actual Load,2026-06-19T10:14:15Z
2026-06-19T10:13:32Z,2026-06-19T12:13:32+0200,883e5adc-9734-481d-ba75-ca4b61ed39d5,2026-06-11T00:45:00Z,2026-06-11T02:45:00+0200,36912.62,MW,FR,FR,actual_load,Actual Load,2026-06-19T10:14:15Z
2026-06-19T10:13:32Z,2026-06-19T12:13:32+0200,883e5adc-9734-481d-ba75-ca4b61ed39d5,2026-06-11T01:00:00Z,2026-06-11T03:00:00+0200,36622.05,MW,FR,FR,actual_load,Actual Load,2026-06-19T10:14:15Z
2026-06-19T10:13:32Z,2026-06-19T12:13:32+0200,883e5adc-9734-481d-ba75-ca4b61ed39d5,2026-06-11T01:15:00Z,2026-06-11T03:15:00+0200,36155.9,MW,FR,FR,actual_load,Actual Load,2026-06-19T10:14:15Z
2026-06-19T10:13:32Z,2026-06-19T12:13:32+0200,883e5adc-9734-481d-ba75-ca4b61ed39d5,2026-06-11T01:30:00Z,2026-06-11T03:30:00+0200,35946.54,MW,FR,FR,actual_load,Actual Load,2026-06-19T10:14:15Z
2026-06-19T10:13:32Z,2026-06-19T12:13:32+0200,883e5adc-9734-481d-ba75-ca4b61ed39d5,2026-06-11T01:45:00Z,2026-06-11T03:45:00+0200,35609.95,MW,FR,FR,actual_load,Actual Load,2026-06-19T10:14:15Z
2026-06-19T10:13:32Z,2026-06-19T12:13:32+0200,883e5adc-9734-481d-ba75-ca4b61ed39d5,2026-06-11T02:00:00Z,2026-06-11T04:00:00+0200,35506.33,MW,FR,FR,actual_load,Actual Load,2026-06-19T10:14:15Z
2026-06-19T10:13:32Z,2026-06-19T12:13:32+0200,883e5adc-9734-481d-ba75-ca4b61ed39d5,2026-06-11T02:15:00Z,2026-06-11T04:15:00+0200,35312.51,MW,FR,FR,actual_load,Actual Load,2026-06-19T10:14:15Z
2026-06-19T10:13:32Z,2026-06-19T12:13:32+0200,883e5adc-9734-481d-ba75-ca4b61ed39d5,2026-06-11T02:30:00Z,2026-06-11T04:30:00+0200,35287.19,MW,FR,FR,actual_load,Actual Load,2026-06-19T10:14:15Z
2026-06-19T10:13:32Z,2026-06-19T12:13:32+0200,883e5adc-9734-481d-ba75-ca4b61ed39d5,2026-06-11T02:45:00Z,2026-06-11T04:45:00+0200,35344.5,MW,FR,FR,actual_load,Actual Load,2026-06-19T10:14:15Z
2026-06-19T10:13:32Z,2026-06-19T12:13:32+0200,883e5adc-9734-481d-ba75-ca4b61ed39d5,2026-06-11T03:00:00Z,2026-06-11T05:00:00+0200,35919.93,MW,FR,FR,actual_load,Actual Load,2026-06-19T10:14:15Z
2026-06-19T10:13:32Z,2026-06-19T12:13:32+0200,883e5adc-9734-481d-ba75-ca4b61ed39d5,2026-06-11T03:15:00Z,2026-06-11T05:15:00+0200,36412.9,MW,FR,FR,actual_load,Actual Load,2026-06-19T10:14:15Z
2026-06-19T10:13:32Z,2026-06-19T12:13:32+0200,883e5adc-9734-481d-ba75-ca4b61ed39d5,2026-06-11T03:30:00Z,2026-06-11T05:30:00+0200,36840.43,MW,FR,FR,actual_load,Actual Load,2026-06-19T10:14:15Z
2026-06-19T10:13:32Z,2026-06-19T12:13:32+0200,883e5adc-9734-481d-ba75-ca4b61ed39d5,2026-06-11T03:45:00Z,2026-06-11T05:45:00+0200,37297.5,MW,FR,FR,actual_load,Actual Load,2026-06-19T10:14:15Z
2026-06-19T10:13:32Z,2026-06-19T12:13:32+0200,883e5adc-9734-481d-ba75-ca4b61ed39d5,2026-06-11T04:00:00Z,2026-06-11T06:00:00+0200,38374.84,MW,FR,FR,actual_load,Actual Load,2026-06-19T10:14:15Z
2026-06-19T10:13:32Z,2026-06-19T12:13:32+0200,883e5adc-9734-481d-ba75-ca4b61ed39d5,2026-06-11T04:15:00Z,2026-06-11T06:15:00+0200,39369.77,MW,FR,FR,actual_load,Actual Load,2026-06-19T10:14:15Z
2026-06-19T10:13:32Z,2026-06-19T12:13:32+0200,883e5adc-9734-481d-ba75-ca4b61ed39d5,2026-06-11T04:30:00Z,2026-06-11T06:30:00+0200,40190.88,MW,FR,FR,actual_load,Actual Load,2026-06-19T10:14:15Z
2026-06-19T10:13:32Z,2026-06-19T12:13:32+0200,883e5adc-9734-481d-ba75-ca4b61ed39d5,2026-06-11T04:45:00Z,2026-06-11T06:45:00+0200,41153.45,MW,FR,FR,actual_load,Actual Load,2026-06-19T10:14:15Z
2026-06-19T10:13:32Z,2026-06-19T12:13:32+0200,883e5adc-9734-481d-ba75-ca4b61ed39d5,2026-06-11T05:00:00Z,2026-06-11T07:00:00+0200,42046.55,MW,FR,FR,actual_load,Actual Load,2026-06-19T10:14:15Z
2026-06-19T10:13:32Z,2026-06-19T12:13:32+0200,883e5adc-9734-481d-ba75-ca4b61ed39d5,2026-06-11T05:15:00Z,2026-06-11T07:15:00+0200,42648.23,MW,FR,FR,actual_load,Actual Load,2026-06-19T10:14:15Z
2026-06-19T10:13:32Z,2026-06-19T12:13:32+0200,883e5adc-9734-481d-ba75-ca4b61ed39d5,2026-06-11T05:30:00Z,2026-06-11T07:30:00+0200,43218.75,MW,FR,FR,actual_load,Actual Load,2026-06-19T10:14:15Z
2026-06-19T10:13:32Z,2026-06-19T12:13:32+0200,883e5adc-9734-481d-ba75-ca4b61ed39d5,2026-06-11T05:45:00Z,2026-06-11T07:45:00+0200,43681.88,MW,FR,FR,actual_load,Actual Load,2026-06-19T10:14:15Z
2026-06-19T10:13:32Z,2026-06-19T12:13:32+0200,883e5adc-9734-481d-ba75-ca4b61ed39d5,2026-06-11T06:00:00Z,2026-06-11T08:00:00+0200,44205.13,MW,FR,FR,actual_load,Actual Load,2026-06-19T10:14:15Z
2026-06-19T10:13:32Z,2026-06-19T12:13:32+0200,883e5adc-9734-481d-ba75-ca4b61ed39d5,2026-06-11T06:15:00Z,2026-06-11T08:15:00+0200,44688.9,MW,FR,FR,actual_load,Actual Load,2026-06-19T10:14:15Z
2026-06-19T10:13:32Z,2026-06-19T12:13:32+0200,883e5adc-9734-481d-ba75-ca4b61ed39d5,2026-06-11T06:30:00Z,2026-06-11T08:30:00+0200,45158.07,MW,FR,FR,actual_load,Actual Load,2026-06-19T10:14:15Z
2026-06-19T10:13:32Z,2026-06-19T12:13:32+0200,883e5adc-9734-481d-ba75-ca4b61ed39d5,2026-06-11T06:45:00Z,2026-06-11T08:45:00+0200,45468.31,MW,FR,FR,actual_load,Actual Load,2026-06-19T10:14:15Z
2026-06-19T10:13:32Z,2026-06-19T12:13:32+0200,883e5adc-9734-481d-ba75-ca4b61ed39d5,2026-06-11T07:00:00Z,2026-06-11T09:00:00+0200,45744.75,MW,FR,FR,actual_load,Actual Load,2026-06-19T10:14:15Z
2026-06-19T10:13:32Z,2026-06-19T12:13:32+0200,883e5adc-9734-481d-ba75-ca4b61ed39d5,2026-06-11T07:15:00Z,2026-06-11T09:15:00+0200,45792.12,MW,FR,FR,actual_load,Actual Load,2026-06-19T10:14:15Z
2026-06-19T10:13:32Z,2026-06-19T12:13:32+0200,883e5adc-9734-481d-ba75-ca4b61ed39d5,2026-06-11T07:30:00Z,2026-06-11T09:30:00+0200,45846.09,MW,FR,FR,actual_load,Actual Load,2026-06-19T10:14:15Z
2026-06-19T10:13:32Z,2026-06-19T12:13:32+0200,883e5adc-9734-481d-ba75-ca4b61ed39d5,2026-06-11T07:45:00Z,2026-06-11T09:45:00+0200,45986.68,MW,FR,FR,actual_load,Actual Load,2026-06-19T10:14:15Z
2026-06-19T10:13:32Z,2026-06-19T12:13:32+0200,883e5adc-9734-481d-ba75-ca4b61ed39d5,2026-06-11T08:00:00Z,2026-06-11T10:00:00+0200,46256.65,MW,FR,FR,actual_load,Actual Load,2026-06-19T10:14:15Z
2026-06-19T10:13:32Z,2026-06-19T12:13:32+0200,883e5adc-9734-481d-ba75-ca4b61ed39d5,2026-06-11T08:15:00Z,2026-06-11T10:15:00+0200,46646.96,MW,FR,FR,actual_load,Actual Load,2026-06-19T10:14:15Z
2026-06-19T10:13:32Z,2026-06-19T12:13:32+0200,883e5adc-9734-481d-ba75-ca4b61ed39d5,2026-06-11T08:30:00Z,2026-06-11T10:30:00+0200,46786.6,MW,FR,FR,actual_load,Actual Load,2026-06-19T10:14:15Z
2026-06-19T10:13:32Z,2026-06-19T12:13:32+0200,883e5adc-9734-481d-ba75-ca4b61ed39d5,2026-06-11T08:45:00Z,2026-06-11T10:45:00+0200,46927.18,MW,FR,FR,actual_load,Actual Load,2026-06-19T10:14:15Z
2026-06-19T10:13:32Z,2026-06-19T12:13:32+0200,883e5adc-9734-481d-ba75-ca4b61ed39d5,2026-06-11T09:00:00Z,2026-06-11T11:00:00+0200,47081.87,MW,FR,FR,actual_load,Actual Load,2026-06-19T10:14:15Z
2026-06-19T10:13:32Z,2026-06-19T12:13:32+0200,883e5adc-9734-481d-ba75-ca4b61ed39d5,2026-06-11T09:15:00Z,2026-06-11T11:15:00+0200,47236.59,MW,FR,FR,actual_load,Actual Load,2026-06-19T10:14:15Z
2026-06-19T10:13:32Z,2026-06-19T12:13:32+0200,883e5adc-9734-481d-ba75-ca4b61ed39d5,2026-06-11T09:30:00Z,2026-06-11T11:30:00+0200,47461.04,MW,FR,FR,actual_load,Actual Load,2026-06-19T10:14:15Z
2026-06-19T10:13:32Z,2026-06-19T12:13:32+0200,883e5adc-9734-481d-ba75-ca4b61ed39d5,2026-06-11T09:45:00Z,2026-06-11T11:45:00+0200,47523.5,MW,FR,FR,actual_load,Actual Load,2026-06-19T10:14:15Z
2026-06-19T10:13:32Z,2026-06-19T12:13:32+0200,883e5adc-9734-481d-ba75-ca4b61ed39d5,2026-06-11T10:00:00Z,2026-06-11T12:00:00+0200,47833.16,MW,FR,FR,actual_load,Actual Load,2026-06-19T10:14:15Z
2026-06-19T10:13:32Z,2026-06-19T12:13:32+0200,883e5adc-9734-481d-ba75-ca4b61ed39d5,2026-06-11T10:15:00Z,2026-06-11T12:15:00+0200,48064.71,MW,FR,FR,actual_load,Actual Load,2026-06-19T10:14:15Z
2026-06-19T10:13:32Z,2026-06-19T12:13:32+0200,883e5adc-9734-481d-ba75-ca4b61ed39d5,2026-06-11T10:30:00Z,2026-06-11T12:30:00+0200,48253.44,MW,FR,FR,actual_load,Actual Load,2026-06-19T10:14:15Z
2026-06-19T10:13:32Z,2026-06-19T12:13:32+0200,883e5adc-9734-481d-ba75-ca4b61ed39d5,2026-06-11T10:45:00Z,2026-06-11T12:45:00+0200,47669.99,MW,FR,FR,actual_load,Actual Load,2026-06-19T10:14:15Z
2026-06-19T10:13:32Z,2026-06-19T12:13:32+0200,883e5adc-9734-481d-ba75-ca4b61ed39d5,2026-06-11T11:00:00Z,2026-06-11T13:00:00+0200,47532.52,MW,FR,FR,actual_load,Actual Load,2026-06-19T10:14:15Z
2026-06-19T10:13:32Z,2026-06-19T12:13:32+0200,883e5adc-9734-481d-ba75-ca4b61ed39d5,2026-06-11T11:15:00Z,2026-06-11T13:15:00+0200,46936.75,MW,FR,FR,actual_load,Actual Load,2026-06-19T10:14:15Z
2026-06-19T10:13:32Z,2026-06-19T12:13:32+0200,883e5adc-9734-481d-ba75-ca4b61ed39d5,2026-06-11T11:30:00Z,2026-06-11T13:30:00+0200,46411.07,MW,FR,FR,actual_load,Actual Load,2026-06-19T10:14:15Z
2026-06-19T10:13:32Z,2026-06-19T12:13:32+0200,883e5adc-9734-481d-ba75-ca4b61ed39d5,2026-06-11T11:45:00Z,2026-06-11T13:45:00+0200,46129.53,MW,FR,FR,actual_load,Actual Load,2026-06-19T10:14:15Z
2026-06-19T10:13:32Z,2026-06-19T12:13:32+0200,883e5adc-9734-481d-ba75-ca4b61ed39d5,2026-06-11T12:00:00Z,2026-06-11T14:00:00+0200,47375.77,MW,FR,FR,actual_load,Actual Load,2026-06-19T10:14:15Z
2026-06-19T10:13:32Z,2026-06-19T12:13:32+0200,883e5adc-9734-481d-ba75-ca4b61ed39d5,2026-06-11T12:15:00Z,2026-06-11T14:15:00+0200,47089.86,MW,FR,FR,actual_load,Actual Load,2026-06-19T10:14:15Z
2026-06-19T10:13:32Z,2026-06-19T12:13:32+0200,883e5adc-9734-481d-ba75-ca4b61ed39d5,2026-06-11T12:30:00Z,2026-06-11T14:30:00+0200,46973.92,MW,FR,FR,actual_load,Actual Load,2026-06-19T10:14:15Z
2026-06-19T10:13:32Z,2026-06-19T12:13:32+0200,883e5adc-9734-481d-ba75-ca4b61ed39d5,2026-06-11T12:45:00Z,2026-06-11T14:45:00+0200,46389.15,MW,FR,FR,actual_load,Actual Load,2026-06-19T10:14:15Z
2026-06-19T10:13:32Z,2026-06-19T12:13:32+0200,883e5adc-9734-481d-ba75-ca4b61ed39d5,2026-06-11T13:00:00Z,2026-06-11T15:00:00+0200,46520.36,MW,FR,FR,actual_load,Actual Load,2026-06-19T10:14:15Z
2026-06-19T10:13:32Z,2026-06-19T12:13:32+0200,883e5adc-9734-481d-ba75-ca4b61ed39d5,2026-06-11T13:15:00Z,2026-06-11T15:15:00+0200,45924.89,MW,FR,FR,actual_load,Actual Load,2026-06-19T10:14:15Z
2026-06-19T10:13:32Z,2026-06-19T12:13:32+0200,883e5adc-9734-481d-ba75-ca4b61ed39d5,2026-06-11T13:30:00Z,2026-06-11T15:30:00+0200,45649.85,MW,FR,FR,actual_load,Actual Load,2026-06-19T10:14:15Z
2026-06-19T10:13:32Z,2026-06-19T12:13:32+0200,883e5adc-9734-481d-ba75-ca4b61ed39d5,2026-06-11T13:45:00Z,2026-06-11T15:45:00+0200,45421.74,MW,FR,FR,actual_load,Actual Load,2026-06-19T10:14:15Z
2026-06-19T10:13:32Z,2026-06-19T12:13:32+0200,883e5adc-9734-481d-ba75-ca4b61ed39d5,2026-06-11T14:00:00Z,2026-06-11T16:00:00+0200,44930.35,MW,FR,FR,actual_load,Actual Load,2026-06-19T10:14:15Z
2026-06-19T10:13:32Z,2026-06-19T12:13:32+0200,883e5adc-9734-481d-ba75-ca4b61ed39d5,2026-06-11T14:15:00Z,2026-06-11T16:15:00+0200,44612.43,MW,FR,FR,actual_load,Actual Load,2026-06-19T10:14:15Z
2026-06-19T10:13:32Z,2026-06-19T12:13:32+0200,883e5adc-9734-481d-ba75-ca4b61ed39d5,2026-06-11T14:30:00Z,2026-06-11T16:30:00+0200,44471.73,MW,FR,FR,actual_load,Actual Load,2026-06-19T10:14:15Z
2026-06-19T10:13:32Z,2026-06-19T12:13:32+0200,883e5adc-9734-481d-ba75-ca4b61ed39d5,2026-06-11T14:45:00Z,2026-06-11T16:45:00+0200,44509.14,MW,FR,FR,actual_load,Actual Load,2026-06-19T10:14:15Z
2026-06-19T10:13:32Z,2026-06-19T12:13:32+0200,883e5adc-9734-481d-ba75-ca4b61ed39d5,2026-06-11T15:00:00Z,2026-06-11T17:00:00+0200,44269.92,MW,FR,FR,actual_load,Actual Load,2026-06-19T10:14:15Z
2026-06-19T10:13:32Z,2026-06-19T12:13:32+0200,883e5adc-9734-481d-ba75-ca4b61ed39d5,2026-06-11T15:15:00Z,2026-06-11T17:15:00+0200,44486.64,MW,FR,FR,actual_load,Actual Load,2026-06-19T10:14:15Z
2026-06-19T10:13:32Z,2026-06-19T12:13:32+0200,883e5adc-9734-481d-ba75-ca4b61ed39d5,2026-06-11T15:30:00Z,2026-06-11T17:30:00+0200,44847.66,MW,FR,FR,actual_load,Actual Load,2026-06-19T10:14:15Z
2026-06-19T10:13:32Z,2026-06-19T12:13:32+0200,883e5adc-9734-481d-ba75-ca4b61ed39d5,2026-06-11T15:45:00Z,2026-06-11T17:45:00+0200,45604.46,MW,FR,FR,actual_load,Actual Load,2026-06-19T10:14:15Z
2026-06-19T10:13:32Z,2026-06-19T12:13:32+0200,883e5adc-9734-481d-ba75-ca4b61ed39d5,2026-06-11T16:00:00Z,2026-06-11T18:00:00+0200,46230.74,MW,FR,FR,actual_load,Actual Load,2026-06-19T10:14:15Z
2026-06-19T10:13:32Z,2026-06-19T12:13:32+0200,883e5adc-9734-481d-ba75-ca4b61ed39d5,2026-06-11T16:15:00Z,2026-06-11T18:15:00+0200,46835.67,MW,FR,FR,actual_load,Actual Load,2026-06-19T10:14:15Z
2026-06-19T10:13:32Z,2026-06-19T12:13:32+0200,883e5adc-9734-481d-ba75-ca4b61ed39d5,2026-06-11T16:30:00Z,2026-06-11T18:30:00+0200,47252.15,MW,FR,FR,actual_load,Actual Load,2026-06-19T10:14:15Z
2026-06-19T10:13:32Z,2026-06-19T12:13:32+0200,883e5adc-9734-481d-ba75-ca4b61ed39d5,2026-06-11T16:45:00Z,2026-06-11T18:45:00+0200,47520.23,MW,FR,FR,actual_load,Actual Load,2026-06-19T10:14:15Z
2026-06-19T10:13:32Z,2026-06-19T12:13:32+0200,883e5adc-9734-481d-ba75-ca4b61ed39d5,2026-06-11T17:00:00Z,2026-06-11T19:00:00+0200,48141.91,MW,FR,FR,actual_load,Actual Load,2026-06-19T10:14:15Z
2026-06-19T10:13:32Z,2026-06-19T12:13:32+0200,883e5adc-9734-481d-ba75-ca4b61ed39d5,2026-06-11T17:15:00Z,2026-06-11T19:15:00+0200,48269.64,MW,FR,FR,actual_load,Actual Load,2026-06-19T10:14:15Z
2026-06-19T10:13:32Z,2026-06-19T12:13:32+0200,883e5adc-9734-481d-ba75-ca4b61ed39d5,2026-06-11T17:30:00Z,2026-06-11T19:30:00+0200,47809.28,MW,FR,FR,actual_load,Actual Load,2026-06-19T10:14:15Z
2026-06-19T10:13:32Z,2026-06-19T12:13:32+0200,883e5adc-9734-481d-ba75-ca4b61ed39d5,2026-06-11T17:45:00Z,2026-06-11T19:45:00+0200,47208.44,MW,FR,FR,actual_load,Actual Load,2026-06-19T10:14:15Z
2026-06-19T10:13:32Z,2026-06-19T12:13:32+0200,883e5adc-9734-481d-ba75-ca4b61ed39d5,2026-06-11T18:00:00Z,2026-06-11T20:00:00+0200,46799.75,MW,FR,FR,actual_load,Actual Load,2026-06-19T10:14:15Z
2026-06-19T10:13:32Z,2026-06-19T12:13:32+0200,883e5adc-9734-481d-ba75-ca4b61ed39d5,2026-06-11T18:15:00Z,2026-06-11T20:15:00+0200,46042.11,MW,FR,FR,actual_load,Actual Load,2026-06-19T10:14:15Z
2026-06-19T10:13:32Z,2026-06-19T12:13:32+0200,883e5adc-9734-481d-ba75-ca4b61ed39d5,2026-06-11T18:30:00Z,2026-06-11T20:30:00+0200,45436.94,MW,FR,FR,actual_load,Actual Load,2026-06-19T10:14:15Z
2026-06-19T10:13:32Z,2026-06-19T12:13:32+0200,883e5adc-9734-481d-ba75-ca4b61ed39d5,2026-06-11T18:45:00Z,2026-06-11T20:45:00+0200,44944.36,MW,FR,FR,actual_load,Actual Load,2026-06-19T10:14:15Z
2026-06-19T10:13:32Z,2026-06-19T12:13:32+0200,883e5adc-9734-481d-ba75-ca4b61ed39d5,2026-06-11T19:00:00Z,2026-06-11T21:00:00+0200,44770.44,MW,FR,FR,actual_load,Actual Load,2026-06-19T10:14:15Z
2026-06-19T10:13:32Z,2026-06-19T12:13:32+0200,883e5adc-9734-481d-ba75-ca4b61ed39d5,2026-06-11T19:15:00Z,2026-06-11T21:15:00+0200,44352.14,MW,FR,FR,actual_load,Actual Load,2026-06-19T10:14:15Z
2026-06-19T10:13:32Z,2026-06-19T12:13:32+0200,883e5adc-9734-481d-ba75-ca4b61ed39d5,2026-06-11T19:30:00Z,2026-06-11T21:30:00+0200,44206.55,MW,FR,FR,actual_load,Actual Load,2026-06-19T10:14:15Z
2026-06-19T10:13:32Z,2026-06-19T12:13:32+0200,883e5adc-9734-481d-ba75-ca4b61ed39d5,2026-06-11T19:45:00Z,2026-06-11T21:45:00+0200,43873.52,MW,FR,FR,actual_load,Actual Load,2026-06-19T10:14:15Z
2026-06-19T10:13:32Z,2026-06-19T12:13:32+0200,883e5adc-9734-481d-ba75-ca4b61ed39d5,2026-06-11T20:00:00Z,2026-06-11T22:00:00+0200,45166.41,MW,FR,FR,actual_load,Actual Load,2026-06-19T10:14:15Z
2026-06-19T10:13:32Z,2026-06-19T12:13:32+0200,883e5adc-9734-481d-ba75-ca4b61ed39d5,2026-06-11T20:15:00Z,2026-06-11T22:15:00+0200,44839.32,MW,FR,FR,actual_load,Actual Load,2026-06-19T10:14:15Z
2026-06-19T10:13:32Z,2026-06-19T12:13:32+0200,883e5adc-9734-481d-ba75-ca4b61ed39d5,2026-06-11T20:30:00Z,2026-06-11T22:30:00+0200,45947.06,MW,FR,FR,actual_load,Actual Load,2026-06-19T10:14:15Z
2026-06-19T10:13:32Z,2026-06-19T12:13:32+0200,883e5adc-9734-481d-ba75-ca4b61ed39d5,2026-06-11T20:45:00Z,2026-06-11T22:45:00+0200,45502.91,MW,FR,FR,actual_load,Actual Load,2026-06-19T10:14:15Z
2026-06-19T10:13:32Z,2026-06-19T12:13:32+0200,883e5adc-9734-481d-ba75-ca4b61ed39d5,2026-06-11T21:00:00Z,2026-06-11T23:00:00+0200,45444.95,MW,FR,FR,actual_load,Actual Load,2026-06-19T10:14:15Z
2026-06-19T10:13:32Z,2026-06-19T12:13:32+0200,883e5adc-9734-481d-ba75-ca4b61ed39d5,2026-06-11T21:15:00Z,2026-06-11T23:15:00+0200,44499.84,MW,FR,FR,actual_load,Actual Load,2026-06-19T10:14:15Z
2026-06-19T10:13:32Z,2026-06-19T12:13:32+0200,883e5adc-9734-481d-ba75-ca4b61ed39d5,2026-06-11T21:30:00Z,2026-06-11T23:30:00+0200,44989.74,MW,FR,FR,actual_load,Actual Load,2026-06-19T10:14:15Z
2026-06-19T10:13:32Z,2026-06-19T12:13:32+0200,883e5adc-9734-481d-ba75-ca4b61ed39d5,2026-06-11T21:45:00Z,2026-06-11T23:45:00+0200,44232.86,MW,FR,FR,actual_load,Actual Load,2026-06-19T10:14:15Z
2026-06-19T10:13:32Z,2026-06-19T12:13:32+0200,883e5adc-9734-481d-ba75-ca4b61ed39d5,2026-06-11T22:00:00Z,2026-06-12T00:00:00+0200,44150.71,MW,FR,FR,actual_load,Actual Load,2026-06-19T10:14:15Z
2026-06-19T10:13:32Z,2026-06-19T12:13:32+0200,883e5adc-9734-481d-ba75-ca4b61ed39d5,2026-06-11T22:15:00Z,2026-06-12T00:15:00+0200,43098.63,MW,FR,FR,actual_load,Actual Load,2026-06-19T10:14:15Z
2026-06-19T10:13:32Z,2026-06-19T12:13:32+0200,883e5adc-9734-481d-ba75-ca4b61ed39d5,2026-06-11T22:30:00Z,2026-06-12T00:30:00+0200,41856.36,MW,FR,FR,actual_load,Actual Load,2026-06-19T10:14:15Z
2026-06-19T10:13:32Z,2026-06-19T12:13:32+0200,883e5adc-9734-481d-ba75-ca4b61ed39d5,2026-06-11T22:45:00Z,2026-06-12T00:45:00+0200,40957.66,MW,FR,FR,actual_load,Actual Load,2026-06-19T10:14:15Z
2026-06-19T10:13:32Z,2026-06-19T12:13:32+0200,883e5adc-9734-481d-ba75-ca4b61ed39d5,2026-06-11T23:00:00Z,2026-06-12T01:00:00+0200,41131.13,MW,FR,FR,actual_load,Actual Load,2026-06-19T10:14:15Z
2026-06-19T10:13:32Z,2026-06-19T12:13:32+0200,883e5adc-9734-481d-ba75-ca4b61ed39d5,2026-06-11T23:15:00Z,2026-06-12T01:15:00+0200,40614.96,MW,FR,FR,actual_load,Actual Load,2026-06-19T10:14:15Z
2026-06-19T10:13:32Z,2026-06-19T12:13:32+0200,883e5adc-9734-481d-ba75-ca4b61ed39d5,2026-06-11T23:30:00Z,2026-06-12T01:30:00+0200,40483.5,MW,FR,FR,actual_load,Actual Load,2026-06-19T10:14:15Z
2026-06-19T10:13:32Z,2026-06-19T12:13:32+0200,883e5adc-9734-481d-ba75-ca4b61ed39d5,2026-06-11T23:45:00Z,2026-06-12T01:45:00+0200,39696.77,MW,FR,FR,actual_load,Actual Load,2026-06-19T10:14:15Z
2026-06-19T10:13:32Z,2026-06-19T12:13:32+0200,883e5adc-9734-481d-ba75-ca4b61ed39d5,2026-06-12T00:00:00Z,2026-06-12T02:00:00+0200,39444.83,MW,FR,FR,actual_load,Actual Load,2026-06-19T10:14:15Z
2026-06-19T10:13:32Z,2026-06-19T12:13:32+0200,883e5adc-9734-481d-ba75-ca4b61ed39d5,2026-06-12T00:15:00Z,2026-06-12T02:15:00+0200,38551.42,MW,FR,FR,actual_load,Actual Load,2026-06-19T10:14:15Z
2026-06-19T10:13:32Z,2026-06-19T12:13:32+0200,883e5adc-9734-481d-ba75-ca4b61ed39d5,2026-06-12T00:30:00Z,2026-06-12T02:30:00+0200,37787.71,MW,FR,FR,actual_load,Actual Load,2026-06-19T10:14:15Z
2026-06-19T10:13:32Z,2026-06-19T12:13:32+0200,883e5adc-9734-481d-ba75-ca4b61ed39d5,2026-06-12T00:45:00Z,2026-06-12T02:45:00+0200,36973.5,MW,FR,FR,actual_load,Actual Load,2026-06-19T10:14:15Z
2026-06-19T10:13:32Z,2026-06-19T12:13:32+0200,883e5adc-9734-481d-ba75-ca4b61ed39d5,2026-06-12T01:00:00Z,2026-06-12T03:00:00+0200,36527.82,MW,FR,FR,actual_load,Actual Load,2026-06-19T10:14:15Z
2026-06-19T10:13:32Z,2026-06-19T12:13:32+0200,883e5adc-9734-481d-ba75-ca4b61ed39d5,2026-06-12T01:15:00Z,2026-06-12T03:15:00+0200,36170.96,MW,FR,FR,actual_load,Actual Load,2026-06-19T10:14:15Z
2026-06-19T10:13:32Z,2026-06-19T12:13:32+0200,883e5adc-9734-481d-ba75-ca4b61ed39d5,2026-06-12T01:30:00Z,2026-06-12T03:30:00+0200,35801.35,MW,FR,FR,actual_load,Actual Load,2026-06-19T10:14:15Z
2026-06-19T10:13:32Z,2026-06-19T12:13:32+0200,883e5adc-9734-481d-ba75-ca4b61ed39d5,2026-06-12T01:45:00Z,2026-06-12T03:45:00+0200,35624.65,MW,FR,FR,actual_load,Actual Load,2026-06-19T10:14:15Z
2026-06-19T10:13:32Z,2026-06-19T12:13:32+0200,883e5adc-9734-481d-ba75-ca4b61ed39d5,2026-06-12T02:00:00Z,2026-06-12T04:00:00+0200,35604.11,MW,FR,FR,actual_load,Actual Load,2026-06-19T10:14:15Z
2026-06-19T10:13:32Z,2026-06-19T12:13:32+0200,883e5adc-9734-481d-ba75-ca4b61ed39d5,2026-06-12T02:15:00Z,2026-06-12T04:15:00+0200,35502.83,MW,FR,FR,actual_load,Actual Load,2026-06-19T10:14:15Z
2026-06-19T10:13:32Z,2026-06-19T12:13:32+0200,883e5adc-9734-481d-ba75-ca4b61ed39d5,2026-06-12T02:30:00Z,2026-06-12T04:30:00+0200,35445.48,MW,FR,FR,actual_load,Actual Load,2026-06-19T10:14:15Z
2026-06-19T10:13:32Z,2026-06-19T12:13:32+0200,883e5adc-9734-481d-ba75-ca4b61ed39d5,2026-06-12T02:45:00Z,2026-06-12T04:45:00+0200,35622.84,MW,FR,FR,actual_load,Actual Load,2026-06-19T10:14:15Z
2026-06-19T10:13:32Z,2026-06-19T12:13:32+0200,883e5adc-9734-481d-ba75-ca4b61ed39d5,2026-06-12T03:00:00Z,2026-06-12T05:00:00+0200,36327.86,MW,FR,FR,actual_load,Actual Load,2026-06-19T10:14:15Z
2026-06-19T10:13:32Z,2026-06-19T12:13:32+0200,883e5adc-9734-481d-ba75-ca4b61ed39d5,2026-06-12T03:15:00Z,2026-06-12T05:15:00+0200,36684.82,MW,FR,FR,actual_load,Actual Load,2026-06-19T10:14:15Z
2026-06-19T10:13:32Z,2026-06-19T12:13:32+0200,883e5adc-9734-481d-ba75-ca4b61ed39d5,2026-06-12T03:30:00Z,2026-06-12T05:30:00+0200,37052.34,MW,FR,FR,actual_load,Actual Load,2026-06-19T10:14:15Z
2026-06-19T10:13:32Z,2026-06-19T12:13:32+0200,883e5adc-9734-481d-ba75-ca4b61ed39d5,2026-06-12T03:45:00Z,2026-06-12T05:45:00+0200,37390.67,MW,FR,FR,actual_load,Actual Load,2026-06-19T10:14:15Z
2026-06-19T10:13:32Z,2026-06-19T12:13:32+0200,883e5adc-9734-481d-ba75-ca4b61ed39d5,2026-06-12T04:00:00Z,2026-06-12T06:00:00+0200,38543.75,MW,FR,FR,actual_load,Actual Load,2026-06-19T10:14:15Z
2026-06-19T10:13:32Z,2026-06-19T12:13:32+0200,883e5adc-9734-481d-ba75-ca4b61ed39d5,2026-06-12T04:15:00Z,2026-06-12T06:15:00+0200,39436.8,MW,FR,FR,actual_load,Actual Load,2026-06-19T10:14:15Z
2026-06-19T10:13:32Z,2026-06-19T12:13:32+0200,883e5adc-9734-481d-ba75-ca4b61ed39d5,2026-06-12T04:30:00Z,2026-06-12T06:30:00+0200,40046.06,MW,FR,FR,actual_load,Actual Load,2026-06-19T10:14:15Z
2026-06-19T10:13:32Z,2026-06-19T12:13:32+0200,883e5adc-9734-481d-ba75-ca4b61ed39d5,2026-06-12T04:45:00Z,2026-06-12T06:45:00+0200,40938.28,MW,FR,FR,actual_load,Actual Load,2026-06-19T10:14:15Z
2026-06-19T10:13:32Z,2026-06-19T12:13:32+0200,883e5adc-9734-481d-ba75-ca4b61ed39d5,2026-06-12T05:00:00Z,2026-06-12T07:00:00+0200,41925.72,MW,FR,FR,actual_load,Actual Load,2026-06-19T10:14:15Z
2026-06-19T10:13:32Z,2026-06-19T12:13:32+0200,883e5adc-9734-481d-ba75-ca4b61ed39d5,2026-06-12T05:15:00Z,2026-06-12T07:15:00+0200,42843.1,MW,FR,FR,actual_load,Actual Load,2026-06-19T10:14:15Z
2026-06-19T10:13:32Z,2026-06-19T12:13:32+0200,883e5adc-9734-481d-ba75-ca4b61ed39d5,2026-06-12T05:30:00Z,2026-06-12T07:30:00+0200,43612.19,MW,FR,FR,actual_load,Actual Load,2026-06-19T10:14:15Z
2026-06-19T10:13:32Z,2026-06-19T12:13:32+0200,883e5adc-9734-481d-ba75-ca4b61ed39d5,2026-06-12T05:45:00Z,2026-06-12T07:45:00+0200,44436.0,MW,FR,FR,actual_load,Actual Load,2026-06-19T10:14:15Z
2026-06-19T10:13:32Z,2026-06-19T12:13:32+0200,883e5adc-9734-481d-ba75-ca4b61ed39d5,2026-06-12T06:00:00Z,2026-06-12T08:00:00+0200,45244.34,MW,FR,FR,actual_load,Actual Load,2026-06-19T10:14:15Z
2026-06-19T10:13:32Z,2026-06-19T12:13:32+0200,883e5adc-9734-481d-ba75-ca4b61ed39d5,2026-06-12T06:15:00Z,2026-06-12T08:15:00+0200,45549.35,MW,FR,FR,actual_load,Actual Load,2026-06-19T10:14:15Z
2026-06-19T10:13:32Z,2026-06-19T12:13:32+0200,883e5adc-9734-481d-ba75-ca4b61ed39d5,2026-06-12T06:30:00Z,2026-06-12T08:30:00+0200,46258.6,MW,FR,FR,actual_load,Actual Load,2026-06-19T10:14:15Z
2026-06-19T10:13:32Z,2026-06-19T12:13:32+0200,883e5adc-9734-481d-ba75-ca4b61ed39d5,2026-06-12T06:45:00Z,2026-06-12T08:45:00+0200,46503.38,MW,FR,FR,actual_load,Actual Load,2026-06-19T10:14:15Z
2026-06-19T10:13:32Z,2026-06-19T12:13:32+0200,883e5adc-9734-481d-ba75-ca4b61ed39d5,2026-06-12T07:00:00Z,2026-06-12T09:00:00+0200,46725.5,MW,FR,FR,actual_load,Actual Load,2026-06-19T10:14:15Z
2026-06-19T10:13:32Z,2026-06-19T12:13:32+0200,883e5adc-9734-481d-ba75-ca4b61ed39d5,2026-06-12T07:15:00Z,2026-06-12T09:15:00+0200,46974.28,MW,FR,FR,actual_load,Actual Load,2026-06-19T10:14:15Z
2026-06-19T10:13:32Z,2026-06-19T12:13:32+0200,883e5adc-9734-481d-ba75-ca4b61ed39d5,2026-06-12T07:30:00Z,2026-06-12T09:30:00+0200,47315.75,MW,FR,FR,actual_load,Actual Load,2026-06-19T10:14:15Z
2026-06-19T10:13:32Z,2026-06-19T12:13:32+0200,883e5adc-9734-481d-ba75-ca4b61ed39d5,2026-06-12T07:45:00Z,2026-06-12T09:45:00+0200,47517.5,MW,FR,FR,actual_load,Actual Load,2026-06-19T10:14:15Z
2026-06-19T10:13:32Z,2026-06-19T12:13:32+0200,883e5adc-9734-481d-ba75-ca4b61ed39d5,2026-06-12T08:00:00Z,2026-06-12T10:00:00+0200,47715.5,MW,FR,FR,actual_load,Actual Load,2026-06-19T10:14:15Z
2026-06-19T10:13:32Z,2026-06-19T12:13:32+0200,883e5adc-9734-481d-ba75-ca4b61ed39d5,2026-06-12T08:15:00Z,2026-06-12T10:15:00+0200,47697.43,MW,FR,FR,actual_load,Actual Load,2026-06-19T10:14:15Z
2026-06-19T10:13:32Z,2026-06-19T12:13:32+0200,883e5adc-9734-481d-ba75-ca4b61ed39d5,2026-06-12T08:30:00Z,2026-06-12T10:30:00+0200,47424.14,MW,FR,FR,actual_load,Actual Load,2026-06-19T10:14:15Z
2026-06-19T10:13:32Z,2026-06-19T12:13:32+0200,883e5adc-9734-481d-ba75-ca4b61ed39d5,2026-06-12T08:45:00Z,2026-06-12T10:45:00+0200,47193.68,MW,FR,FR,actual_load,Actual Load,2026-06-19T10:14:15Z
2026-06-19T10:13:32Z,2026-06-19T12:13:32+0200,883e5adc-9734-481d-ba75-ca4b61ed39d5,2026-06-12T09:00:00Z,2026-06-12T11:00:00+0200,47459.84,MW,FR,FR,actual_load,Actual Load,2026-06-19T10:14:15Z
2026-06-19T10:13:32Z,2026-06-19T12:13:32+0200,883e5adc-9734-481d-ba75-ca4b61ed39d5,2026-06-12T09:15:00Z,2026-06-12T11:15:00+0200,47477.95,MW,FR,FR,actual_load,Actual Load,2026-06-19T10:14:15Z
2026-06-19T10:13:32Z,2026-06-19T12:13:32+0200,883e5adc-9734-481d-ba75-ca4b61ed39d5,2026-06-12T09:30:00Z,2026-06-12T11:30:00+0200,47629.89,MW,FR,FR,actual_load,Actual Load,2026-06-19T10:14:15Z
2026-06-19T10:13:32Z,2026-06-19T12:13:32+0200,883e5adc-9734-481d-ba75-ca4b61ed39d5,2026-06-12T09:45:00Z,2026-06-12T11:45:00+0200,47616.19,MW,FR,FR,actual_load,Actual Load,2026-06-19T10:14:15Z
2026-06-19T10:13:32Z,2026-06-19T12:13:32+0200,883e5adc-9734-481d-ba75-ca4b61ed39d5,2026-06-12T10:00:00Z,2026-06-12T12:00:00+0200,47898.0,MW,FR,FR,actual_load,Actual Load,2026-06-19T10:14:15Z
2026-06-19T10:13:32Z,2026-06-19T12:13:32+0200,883e5adc-9734-481d-ba75-ca4b61ed39d5,2026-06-12T10:15:00Z,2026-06-12T12:15:00+0200,48023.75,MW,FR,FR,actual_load,Actual Load,2026-06-19T10:14:15Z
2026-06-19T10:13:32Z,2026-06-19T12:13:32+0200,883e5adc-9734-481d-ba75-ca4b61ed39d5,2026-06-12T10:30:00Z,2026-06-12T12:30:00+0200,48365.1,MW,FR,FR,actual_load,Actual Load,2026-06-19T10:14:15Z
2026-06-19T10:13:32Z,2026-06-19T12:13:32+0200,883e5adc-9734-481d-ba75-ca4b61ed39d5,2026-06-12T10:45:00Z,2026-06-12T12:45:00+0200,47643.5,MW,FR,FR,actual_load,Actual Load,2026-06-19T10:14:15Z
2026-06-19T10:13:32Z,2026-06-19T12:13:32+0200,883e5adc-9734-481d-ba75-ca4b61ed39d5,2026-06-12T11:00:00Z,2026-06-12T13:00:00+0200,47486.07,MW,FR,FR,actual_load,Actual Load,2026-06-19T10:14:15Z
2026-06-19T10:13:32Z,2026-06-19T12:13:32+0200,883e5adc-9734-481d-ba75-ca4b61ed39d5,2026-06-12T11:15:00Z,2026-06-12T13:15:00+0200,46750.79,MW,FR,FR,actual_load,Actual Load,2026-06-19T10:14:15Z
2026-06-19T10:13:32Z,2026-06-19T12:13:32+0200,883e5adc-9734-481d-ba75-ca4b61ed39d5,2026-06-12T11:30:00Z,2026-06-12T13:30:00+0200,46131.55,MW,FR,FR,actual_load,Actual Load,2026-06-19T10:14:15Z
2026-06-19T10:13:32Z,2026-06-19T12:13:32+0200,883e5adc-9734-481d-ba75-ca4b61ed39d5,2026-06-12T11:45:00Z,2026-06-12T13:45:00+0200,45987.53,MW,FR,FR,actual_load,Actual Load,2026-06-19T10:14:15Z
2026-06-19T10:13:32Z,2026-06-19T12:13:32+0200,883e5adc-9734-481d-ba75-ca4b61ed39d5,2026-06-12T12:00:00Z,2026-06-12T14:00:00+0200,46517.46,MW,FR,FR,actual_load,Actual Load,2026-06-19T10:14:15Z
2026-06-19T10:13:32Z,2026-06-19T12:13:32+0200,883e5adc-9734-481d-ba75-ca4b61ed39d5,2026-06-12T12:15:00Z,2026-06-12T14:15:00+0200,46613.98,MW,FR,FR,actual_load,Actual Load,2026-06-19T10:14:15Z
2026-06-19T10:13:32Z,2026-06-19T12:13:32+0200,883e5adc-9734-481d-ba75-ca4b61ed39d5,2026-06-12T12:30:00Z,2026-06-12T14:30:00+0200,46517.5,MW,FR,FR,actual_load,Actual Load,2026-06-19T10:14:15Z
2026-06-19T10:13:32Z,2026-06-19T12:13:32+0200,883e5adc-9734-481d-ba75-ca4b61ed39d5,2026-06-12T12:45:00Z,2026-06-12T14:45:00+0200,46295.43,MW,FR,FR,actual_load,Actual Load,2026-06-19T10:14:15Z
2026-06-19T10:13:32Z,2026-06-19T12:13:32+0200,883e5adc-9734-481d-ba75-ca4b61ed39d5,2026-06-12T13:00:00Z,2026-06-12T15:00:00+0200,46367.81,MW,FR,FR,actual_load,Actual Load,2026-06-19T10:14:15Z
2026-06-19T10:13:32Z,2026-06-19T12:13:32+0200,883e5adc-9734-481d-ba75-ca4b61ed39d5,2026-06-12T13:15:00Z,2026-06-12T15:15:00+0200,46024.4,MW,FR,FR,actual_load,Actual Load,2026-06-19T10:14:15Z
2026-06-19T10:13:32Z,2026-06-19T12:13:32+0200,883e5adc-9734-481d-ba75-ca4b61ed39d5,2026-06-12T13:30:00Z,2026-06-12T15:30:00+0200,45485.25,MW,FR,FR,actual_load,Actual Load,2026-06-19T10:14:15Z
2026-06-19T10:13:32Z,2026-06-19T12:13:32+0200,883e5adc-9734-481d-ba75-ca4b61ed39d5,2026-06-12T13:45:00Z,2026-06-12T15:45:00+0200,45289.07,MW,FR,FR,actual_load,Actual Load,2026-06-19T10:14:15Z
2026-06-19T10:13:32Z,2026-06-19T12:13:32+0200,883e5adc-9734-481d-ba75-ca4b61ed39d5,2026-06-12T14:00:00Z,2026-06-12T16:00:00+0200,45137.78,MW,FR,FR,actual_load,Actual Load,2026-06-19T10:14:15Z
2026-06-19T10:13:32Z,2026-06-19T12:13:32+0200,883e5adc-9734-481d-ba75-ca4b61ed39d5,2026-06-12T14:15:00Z,2026-06-12T16:15:00+0200,44746.77,MW,FR,FR,actual_load,Actual Load,2026-06-19T10:14:15Z
2026-06-19T10:13:32Z,2026-06-19T12:13:32+0200,883e5adc-9734-481d-ba75-ca4b61ed39d5,2026-06-12T14:30:00Z,2026-06-12T16:30:00+0200,44007.89,MW,FR,FR,actual_load,Actual Load,2026-06-19T10:14:15Z
2026-06-19T10:13:32Z,2026-06-19T12:13:32+0200,883e5adc-9734-481d-ba75-ca4b61ed39d5,2026-06-12T14:45:00Z,2026-06-12T16:45:00+0200,43946.95,MW,FR,FR,actual_load,Actual Load,2026-06-19T10:14:15Z
2026-06-19T10:13:32Z,2026-06-19T12:13:32+0200,883e5adc-9734-481d-ba75-ca4b61ed39d5,2026-06-12T15:00:00Z,2026-06-12T17:00:00+0200,43952.59,MW,FR,FR,actual_load,Actual Load,2026-06-19T10:14:15Z
2026-06-19T10:13:32Z,2026-06-19T12:13:32+0200,883e5adc-9734-481d-ba75-ca4b61ed39d5,2026-06-12T15:15:00Z,2026-06-12T17:15:00+0200,44135.37,MW,FR,FR,actual_load,Actual Load,2026-06-19T10:14:15Z
2026-06-19T10:13:32Z,2026-06-19T12:13:32+0200,883e5adc-9734-481d-ba75-ca4b61ed39d5,2026-06-12T15:30:00Z,2026-06-12T17:30:00+0200,44772.5,MW,FR,FR,actual_load,Actual Load,2026-06-19T10:14:15Z
2026-06-19T10:13:32Z,2026-06-19T12:13:32+0200,883e5adc-9734-481d-ba75-ca4b61ed39d5,2026-06-12T15:45:00Z,2026-06-12T17:45:00+0200,45451.28,MW,FR,FR,actual_load,Actual Load,2026-06-19T10:14:15Z
2026-06-19T10:13:32Z,2026-06-19T12:13:32+0200,883e5adc-9734-481d-ba75-ca4b61ed39d5,2026-06-12T16:00:00Z,2026-06-12T18:00:00+0200,45512.34,MW,FR,FR,actual_load,Actual Load,2026-06-19T10:14:15Z
2026-06-19T10:13:32Z,2026-06-19T12:13:32+0200,883e5adc-9734-481d-ba75-ca4b61ed39d5,2026-06-12T16:15:00Z,2026-06-12T18:15:00+0200,46133.41,MW,FR,FR,actual_load,Actual Load,2026-06-19T10:14:15Z
2026-06-19T10:13:32Z,2026-06-19T12:13:32+0200,883e5adc-9734-481d-ba75-ca4b61ed39d5,2026-06-12T16:30:00Z,2026-06-12T18:30:00+0200,46635.93,MW,FR,FR,actual_load,Actual Load,2026-06-19T10:14:15Z
2026-06-19T10:13:32Z,2026-06-19T12:13:32+0200,883e5adc-9734-481d-ba75-ca4b61ed39d5,2026-06-12T16:45:00Z,2026-06-12T18:45:00+0200,47184.33,MW,FR,FR,actual_load,Actual Load,2026-06-19T10:14:15Z
2026-06-19T10:13:32Z,2026-06-19T12:13:32+0200,883e5adc-9734-481d-ba75-ca4b61ed39d5,2026-06-12T17:00:00Z,2026-06-12T19:00:00+0200,47392.89,MW,FR,FR,actual_load,Actual Load,2026-06-19T10:14:15Z
2026-06-19T10:13:32Z,2026-06-19T12:13:32+0200,883e5adc-9734-481d-ba75-ca4b61ed39d5,2026-06-12T17:15:00Z,2026-06-12T19:15:00+0200,47220.59,MW,FR,FR,actual_load,Actual Load,2026-06-19T10:14:15Z
2026-06-19T10:13:32Z,2026-06-19T12:13:32+0200,883e5adc-9734-481d-ba75-ca4b61ed39d5,2026-06-12T17:30:00Z,2026-06-12T19:30:00+0200,46802.06,MW,FR,FR,actual_load,Actual Load,2026-06-19T10:14:15Z
2026-06-19T10:13:32Z,2026-06-19T12:13:32+0200,883e5adc-9734-481d-ba75-ca4b61ed39d5,2026-06-12T17:45:00Z,2026-06-12T19:45:00+0200,46269.82,MW,FR,FR,actual_load,Actual Load,2026-06-19T10:14:15Z
2026-06-19T10:13:32Z,2026-06-19T12:13:32+0200,883e5adc-9734-481d-ba75-ca4b61ed39d5,2026-06-12T18:00:00Z,2026-06-12T20:00:00+0200,45699.93,MW,FR,FR,actual_load,Actual Load,2026-06-19T10:14:15Z
2026-06-19T10:13:32Z,2026-06-19T12:13:32+0200,883e5adc-9734-481d-ba75-ca4b61ed39d5,2026-06-12T18:15:00Z,2026-06-12T20:15:00+0200,45165.82,MW,FR,FR,actual_load,Actual Load,2026-06-19T10:14:15Z
2026-06-19T10:13:32Z,2026-06-19T12:13:32+0200,883e5adc-9734-481d-ba75-ca4b61ed39d5,2026-06-12T18:30:00Z,2026-06-12T20:30:00+0200,44552.3,MW,FR,FR,actual_load,Actual Load,2026-06-19T10:14:15Z
2026-06-19T10:13:32Z,2026-06-19T12:13:32+0200,883e5adc-9734-481d-ba75-ca4b61ed39d5,2026-06-12T18:45:00Z,2026-06-12T20:45:00+0200,44255.46,MW,FR,FR,actual_load,Actual Load,2026-06-19T10:14:15Z
2026-06-19T10:13:32Z,2026-06-19T12:13:32+0200,883e5adc-9734-481d-ba75-ca4b61ed39d5,2026-06-12T19:00:00Z,2026-06-12T21:00:00+0200,44097.19,MW,FR,FR,actual_load,Actual Load,2026-06-19T10:14:15Z
2026-06-19T10:13:32Z,2026-06-19T12:13:32+0200,883e5adc-9734-481d-ba75-ca4b61ed39d5,2026-06-12T19:15:00Z,2026-06-12T21:15:00+0200,43698.78,MW,FR,FR,actual_load,Actual Load,2026-06-19T10:14:15Z
2026-06-19T10:13:32Z,2026-06-19T12:13:32+0200,883e5adc-9734-481d-ba75-ca4b61ed39d5,2026-06-12T19:30:00Z,2026-06-12T21:30:00+0200,43462.33,MW,FR,FR,actual_load,Actual Load,2026-06-19T10:14:15Z
2026-06-19T10:13:32Z,2026-06-19T12:13:32+0200,883e5adc-9734-481d-ba75-ca4b61ed39d5,2026-06-12T19:45:00Z,2026-06-12T21:45:00+0200,43297.37,MW,FR,FR,actual_load,Actual Load,2026-06-19T10:14:15Z
2026-06-19T10:13:32Z,2026-06-19T12:13:32+0200,883e5adc-9734-481d-ba75-ca4b61ed39d5,2026-06-12T20:00:00Z,2026-06-12T22:00:00+0200,44816.89,MW,FR,FR,actual_load,Actual Load,2026-06-19T10:14:15Z
2026-06-19T10:13:32Z,2026-06-19T12:13:32+0200,883e5adc-9734-481d-ba75-ca4b61ed39d5,2026-06-12T20:15:00Z,2026-06-12T22:15:00+0200,44643.45,MW,FR,FR,actual_load,Actual Load,2026-06-19T10:14:15Z
2026-06-19T10:13:32Z,2026-06-19T12:13:32+0200,883e5adc-9734-481d-ba75-ca4b61ed39d5,2026-06-12T20:30:00Z,2026-06-12T22:30:00+0200,45926.39,MW,FR,FR,actual_load,Actual Load,2026-06-19T10:14:15Z
2026-06-19T10:13:32Z,2026-06-19T12:13:32+0200,883e5adc-9734-481d-ba75-ca4b61ed39d5,2026-06-12T20:45:00Z,2026-06-12T22:45:00+0200,45452.01,MW,FR,FR,actual_load,Actual Load,2026-06-19T10:14:15Z
2026-06-19T10:13:32Z,2026-06-19T12:13:32+0200,883e5adc-9734-481d-ba75-ca4b61ed39d5,2026-06-12T21:00:00Z,2026-06-12T23:00:00+0200,45299.89,MW,FR,FR,actual_load,Actual Load,2026-06-19T10:14:15Z
2026-06-19T10:13:32Z,2026-06-19T12:13:32+0200,883e5adc-9734-481d-ba75-ca4b61ed39d5,2026-06-12T21:15:00Z,2026-06-12T23:15:00+0200,44448.74,MW,FR,FR,actual_load,Actual Load,2026-06-19T10:14:15Z
2026-06-19T10:13:32Z,2026-06-19T12:13:32+0200,883e5adc-9734-481d-ba75-ca4b61ed39d5,2026-06-12T21:30:00Z,2026-06-12T23:30:00+0200,44640.27,MW,FR,FR,actual_load,Actual Load,2026-06-19T10:14:15Z
2026-06-19T10:13:32Z,2026-06-19T12:13:32+0200,883e5adc-9734-481d-ba75-ca4b61ed39d5,2026-06-12T21:45:00Z,2026-06-12T23:45:00+0200,43821.73,MW,FR,FR,actual_load,Actual Load,2026-06-19T10:14:15Z
2026-06-19T10:13:32Z,2026-06-19T12:13:32+0200,883e5adc-9734-481d-ba75-ca4b61ed39d5,2026-06-12T22:00:00Z,2026-06-13T00:00:00+0200,43837.07,MW,FR,FR,actual_load,Actual Load,2026-06-19T10:14:15Z
2026-06-19T10:13:32Z,2026-06-19T12:13:32+0200,883e5adc-9734-481d-ba75-ca4b61ed39d5,2026-06-12T22:15:00Z,2026-06-13T00:15:00+0200,42823.69,MW,FR,FR,actual_load,Actual Load,2026-06-19T10:14:15Z
2026-06-19T10:13:32Z,2026-06-19T12:13:32+0200,883e5adc-9734-481d-ba75-ca4b61ed39d5,2026-06-12T22:30:00Z,2026-06-13T00:30:00+0200,41424.48,MW,FR,FR,actual_load,Actual Load,2026-06-19T10:14:15Z
2026-06-19T10:13:32Z,2026-06-19T12:13:32+0200,883e5adc-9734-481d-ba75-ca4b61ed39d5,2026-06-12T22:45:00Z,2026-06-13T00:45:00+0200,40434.74,MW,FR,FR,actual_load,Actual Load,2026-06-19T10:14:15Z
2026-06-19T10:13:32Z,2026-06-19T12:13:32+0200,883e5adc-9734-481d-ba75-ca4b61ed39d5,2026-06-12T23:00:00Z,2026-06-13T01:00:00+0200,40846.58,MW,FR,FR,actual_load,Actual Load,2026-06-19T10:14:15Z
2026-06-19T10:13:32Z,2026-06-19T12:13:32+0200,883e5adc-9734-481d-ba75-ca4b61ed39d5,2026-06-12T23:15:00Z,2026-06-13T01:15:00+0200,40192.76,MW,FR,FR,actual_load,Actual Load,2026-06-19T10:14:15Z
2026-06-19T10:13:32Z,2026-06-19T12:13:32+0200,883e5adc-9734-481d-ba75-ca4b61ed39d5,2026-06-12T23:30:00Z,2026-06-13T01:30:00+0200,39744.64,MW,FR,FR,actual_load,Actual Load,2026-06-19T10:14:15Z
2026-06-19T10:13:32Z,2026-06-19T12:13:32+0200,883e5adc-9734-481d-ba75-ca4b61ed39d5,2026-06-12T23:45:00Z,2026-06-13T01:45:00+0200,39012.09,MW,FR,FR,actual_load,Actual Load,2026-06-19T10:14:15Z
2026-06-19T10:13:32Z,2026-06-19T12:13:32+0200,883e5adc-9734-481d-ba75-ca4b61ed39d5,2026-06-13T00:00:00Z,2026-06-13T02:00:00+0200,38499.8,MW,FR,FR,actual_load,Actual Load,2026-06-19T10:14:15Z
2026-06-19T10:13:32Z,2026-06-19T12:13:32+0200,883e5adc-9734-481d-ba75-ca4b61ed39d5,2026-06-13T00:15:00Z,2026-06-13T02:15:00+0200,37745.09,MW,FR,FR,actual_load,Actual Load,2026-06-19T10:14:15Z
2026-06-19T10:13:32Z,2026-06-19T12:13:32+0200,883e5adc-9734-481d-ba75-ca4b61ed39d5,2026-06-13T00:30:00Z,2026-06-13T02:30:00+0200,36956.8,MW,FR,FR,actual_load,Actual Load,2026-06-19T10:14:15Z
2026-06-19T10:13:32Z,2026-06-19T12:13:32+0200,883e5adc-9734-481d-ba75-ca4b61ed39d5,2026-06-13T00:45:00Z,2026-06-13T02:45:00+0200,36177.48,MW,FR,FR,actual_load,Actual Load,2026-06-19T10:14:15Z
2026-06-19T10:13:32Z,2026-06-19T12:13:32+0200,883e5adc-9734-481d-ba75-ca4b61ed39d5,2026-06-13T01:00:00Z,2026-06-13T03:00:00+0200,35657.82,MW,FR,FR,actual_load,Actual Load,2026-06-19T10:14:15Z
2026-06-19T10:13:32Z,2026-06-19T12:13:32+0200,883e5adc-9734-481d-ba75-ca4b61ed39d5,2026-06-13T01:15:00Z,2026-06-13T03:15:00+0200,35165.76,MW,FR,FR,actual_load,Actual Load,2026-06-19T10:14:15Z
2026-06-19T10:13:32Z,2026-06-19T12:13:32+0200,883e5adc-9734-481d-ba75-ca4b61ed39d5,2026-06-13T01:30:00Z,2026-06-13T03:30:00+0200,34897.81,MW,FR,FR,actual_load,Actual Load,2026-06-19T10:14:15Z
2026-06-19T10:13:32Z,2026-06-19T12:13:32+0200,883e5adc-9734-481d-ba75-ca4b61ed39d5,2026-06-13T01:45:00Z,2026-06-13T03:45:00+0200,34356.78,MW,FR,FR,actual_load,Actual Load,2026-06-19T10:14:15Z
2026-06-19T10:13:32Z,2026-06-19T12:13:32+0200,883e5adc-9734-481d-ba75-ca4b61ed39d5,2026-06-13T02:00:00Z,2026-06-13T04:00:00+0200,34265.21,MW,FR,FR,actual_load,Actual Load,2026-06-19T10:14:15Z
2026-06-19T10:13:32Z,2026-06-19T12:13:32+0200,883e5adc-9734-481d-ba75-ca4b61ed39d5,2026-06-13T02:15:00Z,2026-06-13T04:15:00+0200,34025.7,MW,FR,FR,actual_load,Actual Load,2026-06-19T10:14:15Z
2026-06-19T10:13:32Z,2026-06-19T12:13:32+0200,883e5adc-9734-481d-ba75-ca4b61ed39d5,2026-06-13T02:30:00Z,2026-06-13T04:30:00+0200,33801.49,MW,FR,FR,actual_load,Actual Load,2026-06-19T10:14:15Z
2026-06-19T10:13:32Z,2026-06-19T12:13:32+0200,883e5adc-9734-481d-ba75-ca4b61ed39d5,2026-06-13T02:45:00Z,2026-06-13T04:45:00+0200,33760.09,MW,FR,FR,actual_load,Actual Load,2026-06-19T10:14:15Z
2026-06-19T10:13:32Z,2026-06-19T12:13:32+0200,883e5adc-9734-481d-ba75-ca4b61ed39d5,2026-06-13T03:00:00Z,2026-06-13T05:00:00+0200,33848.59,MW,FR,FR,actual_load,Actual Load,2026-06-19T10:14:15Z
2026-06-19T10:13:32Z,2026-06-19T12:13:32+0200,883e5adc-9734-481d-ba75-ca4b61ed39d5,2026-06-13T03:15:00Z,2026-06-13T05:15:00+0200,33783.69,MW,FR,FR,actual_load,Actual Load,2026-06-19T10:14:15Z
2026-06-19T10:13:32Z,2026-06-19T12:13:32+0200,883e5adc-9734-481d-ba75-ca4b61ed39d5,2026-06-13T03:30:00Z,2026-06-13T05:30:00+0200,33766.98,MW,FR,FR,actual_load,Actual Load,2026-06-19T10:14:15Z
2026-06-19T10:13:32Z,2026-06-19T12:13:32+0200,883e5adc-9734-481d-ba75-ca4b61ed39d5,2026-06-13T03:45:00Z,2026-06-13T05:45:00+0200,33623.28,MW,FR,FR,actual_load,Actual Load,2026-06-19T10:14:15Z
2026-06-19T10:13:32Z,2026-06-19T12:13:32+0200,883e5adc-9734-481d-ba75-ca4b61ed39d5,2026-06-13T04:00:00Z,2026-06-13T06:00:00+0200,33722.84,MW,FR,FR,actual_load,Actual Load,2026-06-19T10:14:15Z
2026-06-19T10:13:32Z,2026-06-19T12:13:32+0200,883e5adc-9734-481d-ba75-ca4b61ed39d5,2026-06-13T04:15:00Z,2026-06-13T06:15:00+0200,33817.59,MW,FR,FR,actual_load,Actual Load,2026-06-19T10:14:15Z
2026-06-19T10:13:32Z,2026-06-19T12:13:32+0200,883e5adc-9734-481d-ba75-ca4b61ed39d5,2026-06-13T04:30:00Z,2026-06-13T06:30:00+0200,33948.02,MW,FR,FR,actual_load,Actual Load,2026-06-19T10:14:15Z
2026-06-19T10:13:32Z,2026-06-19T12:13:32+0200,883e5adc-9734-481d-ba75-ca4b61ed39d5,2026-06-13T04:45:00Z,2026-06-13T06:45:00+0200,34312.14,MW,FR,FR,actual_load,Actual Load,2026-06-19T10:14:15Z
2026-06-19T10:13:32Z,2026-06-19T12:13:32+0200,883e5adc-9734-481d-ba75-ca4b61ed39d5,2026-06-13T05:00:00Z,2026-06-13T07:00:00+0200,34528.77,MW,FR,FR,actual_load,Actual Load,2026-06-19T10:14:15Z
2026-06-19T10:13:32Z,2026-06-19T12:13:32+0200,883e5adc-9734-481d-ba75-ca4b61ed39d5,2026-06-13T05:15:00Z,2026-06-13T07:15:00+0200,34772.59,MW,FR,FR,actual_load,Actual Load,2026-06-19T10:14:15Z
2026-06-19T10:13:32Z,2026-06-19T12:13:32+0200,883e5adc-9734-481d-ba75-ca4b61ed39d5,2026-06-13T05:30:00Z,2026-06-13T07:30:00+0200,34992.8,MW,FR,FR,actual_load,Actual Load,2026-06-19T10:14:15Z
2026-06-19T10:13:32Z,2026-06-19T12:13:32+0200,883e5adc-9734-481d-ba75-ca4b61ed39d5,2026-06-13T05:45:00Z,2026-06-13T07:45:00+0200,35261.1,MW,FR,FR,actual_load,Actual Load,2026-06-19T10:14:15Z
2026-06-19T10:13:32Z,2026-06-19T12:13:32+0200,883e5adc-9734-481d-ba75-ca4b61ed39d5,2026-06-13T06:00:00Z,2026-06-13T08:00:00+0200,35772.41,MW,FR,FR,actual_load,Actual Load,2026-06-19T10:14:15Z
2026-06-19T10:13:32Z,2026-06-19T12:13:32+0200,883e5adc-9734-481d-ba75-ca4b61ed39d5,2026-06-13T06:15:00Z,2026-06-13T08:15:00+0200,36103.77,MW,FR,FR,actual_load,Actual Load,2026-06-19T10:14:15Z
2026-06-19T10:13:32Z,2026-06-19T12:13:32+0200,883e5adc-9734-481d-ba75-ca4b61ed39d5,2026-06-13T06:30:00Z,2026-06-13T08:30:00+0200,36598.61,MW,FR,FR,actual_load,Actual Load,2026-06-19T10:14:15Z
2026-06-19T10:13:32Z,2026-06-19T12:13:32+0200,883e5adc-9734-481d-ba75-ca4b61ed39d5,2026-06-13T06:45:00Z,2026-06-13T08:45:00+0200,37410.35,MW,FR,FR,actual_load,Actual Load,2026-06-19T10:14:15Z
2026-06-19T10:13:32Z,2026-06-19T12:13:32+0200,883e5adc-9734-481d-ba75-ca4b61ed39d5,2026-06-13T07:00:00Z,2026-06-13T09:00:00+0200,37774.71,MW,FR,FR,actual_load,Actual Load,2026-06-19T10:14:15Z
2026-06-19T10:13:32Z,2026-06-19T12:13:32+0200,883e5adc-9734-481d-ba75-ca4b61ed39d5,2026-06-13T07:15:00Z,2026-06-13T09:15:00+0200,37843.39,MW,FR,FR,actual_load,Actual Load,2026-06-19T10:14:15Z
2026-06-19T10:13:32Z,2026-06-19T12:13:32+0200,883e5adc-9734-481d-ba75-ca4b61ed39d5,2026-06-13T07:30:00Z,2026-06-13T09:30:00+0200,38458.28,MW,FR,FR,actual_load,Actual Load,2026-06-19T10:14:15Z
2026-06-19T10:13:32Z,2026-06-19T12:13:32+0200,883e5adc-9734-481d-ba75-ca4b61ed39d5,2026-06-13T07:45:00Z,2026-06-13T09:45:00+0200,38721.58,MW,FR,FR,actual_load,Actual Load,2026-06-19T10:14:15Z
2026-06-19T10:13:32Z,2026-06-19T12:13:32+0200,883e5adc-9734-481d-ba75-ca4b61ed39d5,2026-06-13T08:00:00Z,2026-06-13T10:00:00+0200,39281.45,MW,FR,FR,actual_load,Actual Load,2026-06-19T10:14:15Z
2026-06-19T10:13:32Z,2026-06-19T12:13:32+0200,883e5adc-9734-481d-ba75-ca4b61ed39d5,2026-06-13T08:15:00Z,2026-06-13T10:15:00+0200,39255.17,MW,FR,FR,actual_load,Actual Load,2026-06-19T10:14:15Z
2026-06-19T10:13:32Z,2026-06-19T12:13:32+0200,883e5adc-9734-481d-ba75-ca4b61ed39d5,2026-06-13T08:30:00Z,2026-06-13T10:30:00+0200,39452.23,MW,FR,FR,actual_load,Actual Load,2026-06-19T10:14:15Z
2026-06-19T10:13:32Z,2026-06-19T12:13:32+0200,883e5adc-9734-481d-ba75-ca4b61ed39d5,2026-06-13T08:45:00Z,2026-06-13T10:45:00+0200,39539.33,MW,FR,FR,actual_load,Actual Load,2026-06-19T10:14:15Z
2026-06-19T10:13:32Z,2026-06-19T12:13:32+0200,883e5adc-9734-481d-ba75-ca4b61ed39d5,2026-06-13T09:00:00Z,2026-06-13T11:00:00+0200,40620.37,MW,FR,FR,actual_load,Actual Load,2026-06-19T10:14:15Z
2026-06-19T10:13:32Z,2026-06-19T12:13:32+0200,883e5adc-9734-481d-ba75-ca4b61ed39d5,2026-06-13T09:15:00Z,2026-06-13T11:15:00+0200,41147.22,MW,FR,FR,actual_load,Actual Load,2026-06-19T10:14:15Z
2026-06-19T10:13:32Z,2026-06-19T12:13:32+0200,883e5adc-9734-481d-ba75-ca4b61ed39d5,2026-06-13T09:30:00Z,2026-06-13T11:30:00+0200,41647.22,MW,FR,FR,actual_load,Actual Load,2026-06-19T10:14:15Z
2026-06-19T10:13:32Z,2026-06-19T12:13:32+0200,883e5adc-9734-481d-ba75-ca4b61ed39d5,2026-06-13T09:45:00Z,2026-06-13T11:45:00+0200,42147.22,MW,FR,FR,actual_load,Actual Load,2026-06-19T10:14:15Z
2026-06-19T10:13:32Z,2026-06-19T12:13:32+0200,883e5adc-9734-481d-ba75-ca4b61ed39d5,2026-06-13T10:00:00Z,2026-06-13T12:00:00+0200,42688.36,MW,FR,FR,actual_load,Actual Load,2026-06-19T10:14:15Z
2026-06-19T10:13:32Z,2026-06-19T12:13:32+0200,883e5adc-9734-481d-ba75-ca4b61ed39d5,2026-06-13T10:15:00Z,2026-06-13T12:15:00+0200,42841.97,MW,FR,FR,actual_load,Actual Load,2026-06-19T10:14:15Z
2026-06-19T10:13:32Z,2026-06-19T12:13:32+0200,883e5adc-9734-481d-ba75-ca4b61ed39d5,2026-06-13T10:30:00Z,2026-06-13T12:30:00+0200,43508.71,MW,FR,FR,actual_load,Actual Load,2026-06-19T10:14:15Z
2026-06-19T10:13:32Z,2026-06-19T12:13:32+0200,883e5adc-9734-481d-ba75-ca4b61ed39d5,2026-06-13T10:45:00Z,2026-06-13T12:45:00+0200,43271.81,MW,FR,FR,actual_load,Actual Load,2026-06-19T10:14:15Z
2026-06-19T10:13:32Z,2026-06-19T12:13:32+0200,883e5adc-9734-481d-ba75-ca4b61ed39d5,2026-06-13T11:00:00Z,2026-06-13T13:00:00+0200,42711.87,MW,FR,FR,actual_load,Actual Load,2026-06-19T10:14:15Z
2026-06-19T10:13:32Z,2026-06-19T12:13:32+0200,883e5adc-9734-481d-ba75-ca4b61ed39d5,2026-06-13T11:15:00Z,2026-06-13T13:15:00+0200,41971.09,MW,FR,FR,actual_load,Actual Load,2026-06-19T10:14:15Z
2026-06-19T10:13:32Z,2026-06-19T12:13:32+0200,883e5adc-9734-481d-ba75-ca4b61ed39d5,2026-06-13T11:30:00Z,2026-06-13T13:30:00+0200,41477.8,MW,FR,FR,actual_load,Actual Load,2026-06-19T10:14:15Z
2026-06-19T10:13:32Z,2026-06-19T12:13:32+0200,883e5adc-9734-481d-ba75-ca4b61ed39d5,2026-06-13T11:45:00Z,2026-06-13T13:45:00+0200,41464.41,MW,FR,FR,actual_load,Actual Load,2026-06-19T10:14:15Z
2026-06-19T10:13:32Z,2026-06-19T12:13:32+0200,883e5adc-9734-481d-ba75-ca4b61ed39d5,2026-06-13T12:00:00Z,2026-06-13T14:00:00+0200,42162.59,MW,FR,FR,actual_load,Actual Load,2026-06-19T10:14:15Z
2026-06-19T10:13:32Z,2026-06-19T12:13:32+0200,883e5adc-9734-481d-ba75-ca4b61ed39d5,2026-06-13T12:15:00Z,2026-06-13T14:15:00+0200,41973.16,MW,FR,FR,actual_load,Actual Load,2026-06-19T10:14:15Z
2026-06-19T10:13:32Z,2026-06-19T12:13:32+0200,883e5adc-9734-481d-ba75-ca4b61ed39d5,2026-06-13T12:30:00Z,2026-06-13T14:30:00+0200,42073.64,MW,FR,FR,actual_load,Actual Load,2026-06-19T10:14:15Z
2026-06-19T10:13:32Z,2026-06-19T12:13:32+0200,883e5adc-9734-481d-ba75-ca4b61ed39d5,2026-06-13T12:45:00Z,2026-06-13T14:45:00+0200,41916.05,MW,FR,FR,actual_load,Actual Load,2026-06-19T10:14:15Z
2026-06-19T10:13:32Z,2026-06-19T12:13:32+0200,883e5adc-9734-481d-ba75-ca4b61ed39d5,2026-06-13T13:00:00Z,2026-06-13T15:00:00+0200,41961.31,MW,FR,FR,actual_load,Actual Load,2026-06-19T10:14:15Z
2026-06-19T10:13:32Z,2026-06-19T12:13:32+0200,883e5adc-9734-481d-ba75-ca4b61ed39d5,2026-06-13T13:15:00Z,2026-06-13T15:15:00+0200,41389.98,MW,FR,FR,actual_load,Actual Load,2026-06-19T10:14:15Z
2026-06-19T10:13:32Z,2026-06-19T12:13:32+0200,883e5adc-9734-481d-ba75-ca4b61ed39d5,2026-06-13T13:30:00Z,2026-06-13T15:30:00+0200,41029.18,MW,FR,FR,actual_load,Actual Load,2026-06-19T10:14:15Z
2026-06-19T10:13:32Z,2026-06-19T12:13:32+0200,883e5adc-9734-481d-ba75-ca4b61ed39d5,2026-06-13T13:45:00Z,2026-06-13T15:45:00+0200,40687.03,MW,FR,FR,actual_load,Actual Load,2026-06-19T10:14:15Z
2026-06-19T10:13:32Z,2026-06-19T12:13:32+0200,883e5adc-9734-481d-ba75-ca4b61ed39d5,2026-06-13T14:00:00Z,2026-06-13T16:00:00+0200,40391.96,MW,FR,FR,actual_load,Actual Load,2026-06-19T10:14:15Z
2026-06-19T10:13:32Z,2026-06-19T12:13:32+0200,883e5adc-9734-481d-ba75-ca4b61ed39d5,2026-06-13T14:15:00Z,2026-06-13T16:15:00+0200,40446.16,MW,FR,FR,actual_load,Actual Load,2026-06-19T10:14:15Z
2026-06-19T10:13:32Z,2026-06-19T12:13:32+0200,883e5adc-9734-481d-ba75-ca4b61ed39d5,2026-06-13T14:30:00Z,2026-06-13T16:30:00+0200,40586.27,MW,FR,FR,actual_load,Actual Load,2026-06-19T10:14:15Z
2026-06-19T10:13:32Z,2026-06-19T12:13:32+0200,883e5adc-9734-481d-ba75-ca4b61ed39d5,2026-06-13T14:45:00Z,2026-06-13T16:45:00+0200,40564.35,MW,FR,FR,actual_load,Actual Load,2026-06-19T10:14:15Z
2026-06-19T10:13:32Z,2026-06-19T12:13:32+0200,883e5adc-9734-481d-ba75-ca4b61ed39d5,2026-06-13T15:00:00Z,2026-06-13T17:00:00+0200,40734.84,MW,FR,FR,actual_load,Actual Load,2026-06-19T10:14:15Z
2026-06-19T10:13:32Z,2026-06-19T12:13:32+0200,883e5adc-9734-481d-ba75-ca4b61ed39d5,2026-06-13T15:15:00Z,2026-06-13T17:15:00+0200,40898.74,MW,FR,FR,actual_load,Actual Load,2026-06-19T10:14:15Z
2026-06-19T10:13:32Z,2026-06-19T12:13:32+0200,883e5adc-9734-481d-ba75-ca4b61ed39d5,2026-06-13T15:30:00Z,2026-06-13T17:30:00+0200,41415.24,MW,FR,FR,actual_load,Actual Load,2026-06-19T10:14:15Z
2026-06-19T10:13:32Z,2026-06-19T12:13:32+0200,883e5adc-9734-481d-ba75-ca4b61ed39d5,2026-06-13T15:45:00Z,2026-06-13T17:45:00+0200,41624.05,MW,FR,FR,actual_load,Actual Load,2026-06-19T10:14:15Z
2026-06-19T10:13:32Z,2026-06-19T12:13:32+0200,883e5adc-9734-481d-ba75-ca4b61ed39d5,2026-06-13T16:00:00Z,2026-06-13T18:00:00+0200,41673.61,MW,FR,FR,actual_load,Actual Load,2026-06-19T10:14:15Z
2026-06-19T10:13:32Z,2026-06-19T12:13:32+0200,883e5adc-9734-481d-ba75-ca4b61ed39d5,2026-06-13T16:15:00Z,2026-06-13T18:15:00+0200,41723.61,MW,FR,FR,actual_load,Actual Load,2026-06-19T10:14:15Z
2026-06-19T10:13:32Z,2026-06-19T12:13:32+0200,883e5adc-9734-481d-ba75-ca4b61ed39d5,2026-06-13T16:30:00Z,2026-06-13T18:30:00+0200,41773.61,MW,FR,FR,actual_load,Actual Load,2026-06-19T10:14:15Z
2026-06-19T10:13:32Z,2026-06-19T12:13:32+0200,883e5adc-9734-481d-ba75-ca4b61ed39d5,2026-06-13T16:45:00Z,2026-06-13T18:45:00+0200,41910.41,MW,FR,FR,actual_load,Actual Load,2026-06-19T10:14:15Z
2026-06-19T10:13:32Z,2026-06-19T12:13:32+0200,883e5adc-9734-481d-ba75-ca4b61ed39d5,2026-06-13T17:00:00Z,2026-06-13T19:00:00+0200,42162.73,MW,FR,FR,actual_load,Actual Load,2026-06-19T10:14:15Z
2026-06-19T10:13:32Z,2026-06-19T12:13:32+0200,883e5adc-9734-481d-ba75-ca4b61ed39d5,2026-06-13T17:15:00Z,2026-06-13T19:15:00+0200,42318.62,MW,FR,FR,actual_load,Actual Load,2026-06-19T10:14:15Z
2026-06-19T10:13:32Z,2026-06-19T12:13:32+0200,883e5adc-9734-481d-ba75-ca4b61ed39d5,2026-06-13T17:30:00Z,2026-06-13T19:30:00+0200,42277.27,MW,FR,FR,actual_load,Actual Load,2026-06-19T10:14:15Z
2026-06-19T10:13:32Z,2026-06-19T12:13:32+0200,883e5adc-9734-481d-ba75-ca4b61ed39d5,2026-06-13T17:45:00Z,2026-06-13T19:45:00+0200,42017.76,MW,FR,FR,actual_load,Actual Load,2026-06-19T10:14:15Z
2026-06-19T10:13:32Z,2026-06-19T12:13:32+0200,883e5adc-9734-481d-ba75-ca4b61ed39d5,2026-06-13T18:00:00Z,2026-06-13T20:00:00+0200,41615.1,MW,FR,FR,actual_load,Actual Load,2026-06-19T10:14:15Z
2026-06-19T10:13:32Z,2026-06-19T12:13:32+0200,883e5adc-9734-481d-ba75-ca4b61ed39d5,2026-06-13T18:15:00Z,2026-06-13T20:15:00+0200,41196.43,MW,FR,FR,actual_load,Actual Load,2026-06-19T10:14:15Z
2026-06-19T10:13:32Z,2026-06-19T12:13:32+0200,883e5adc-9734-481d-ba75-ca4b61ed39d5,2026-06-13T18:30:00Z,2026-06-13T20:30:00+0200,40751.21,MW,FR,FR,actual_load,Actual Load,2026-06-19T10:14:15Z
2026-06-19T10:13:32Z,2026-06-19T12:13:32+0200,883e5adc-9734-481d-ba75-ca4b61ed39d5,2026-06-13T18:45:00Z,2026-06-13T20:45:00+0200,40403.78,MW,FR,FR,actual_load,Actual Load,2026-06-19T10:14:15Z
2026-06-19T10:13:32Z,2026-06-19T12:13:32+0200,883e5adc-9734-481d-ba75-ca4b61ed39d5,2026-06-13T19:00:00Z,2026-06-13T21:00:00+0200,40470.59,MW,FR,FR,actual_load,Actual Load,2026-06-19T10:14:15Z
2026-06-19T10:13:32Z,2026-06-19T12:13:32+0200,883e5adc-9734-481d-ba75-ca4b61ed39d5,2026-06-13T19:15:00Z,2026-06-13T21:15:00+0200,40179.04,MW,FR,FR,actual_load,Actual Load,2026-06-19T10:14:15Z
2026-06-19T10:13:32Z,2026-06-19T12:13:32+0200,883e5adc-9734-481d-ba75-ca4b61ed39d5,2026-06-13T19:30:00Z,2026-06-13T21:30:00+0200,40064.86,MW,FR,FR,actual_load,Actual Load,2026-06-19T10:14:15Z
2026-06-19T10:13:32Z,2026-06-19T12:13:32+0200,883e5adc-9734-481d-ba75-ca4b61ed39d5,2026-06-13T19:45:00Z,2026-06-13T21:45:00+0200,39991.15,MW,FR,FR,actual_load,Actual Load,2026-06-19T10:14:15Z
2026-06-19T10:13:32Z,2026-06-19T12:13:32+0200,883e5adc-9734-481d-ba75-ca4b61ed39d5,2026-06-13T20:00:00Z,2026-06-13T22:00:00+0200,41472.27,MW,FR,FR,actual_load,Actual Load,2026-06-19T10:14:15Z
2026-06-19T10:13:32Z,2026-06-19T12:13:32+0200,883e5adc-9734-481d-ba75-ca4b61ed39d5,2026-06-13T20:15:00Z,2026-06-13T22:15:00+0200,41531.03,MW,FR,FR,actual_load,Actual Load,2026-06-19T10:14:15Z
2026-06-19T10:13:32Z,2026-06-19T12:13:32+0200,883e5adc-9734-481d-ba75-ca4b61ed39d5,2026-06-13T20:30:00Z,2026-06-13T22:30:00+0200,43019.27,MW,FR,FR,actual_load,Actual Load,2026-06-19T10:14:15Z
2026-06-19T10:13:32Z,2026-06-19T12:13:32+0200,883e5adc-9734-481d-ba75-ca4b61ed39d5,2026-06-13T20:45:00Z,2026-06-13T22:45:00+0200,42708.03,MW,FR,FR,actual_load,Actual Load,2026-06-19T10:14:15Z
2026-06-19T10:13:32Z,2026-06-19T12:13:32+0200,883e5adc-9734-481d-ba75-ca4b61ed39d5,2026-06-13T21:00:00Z,2026-06-13T23:00:00+0200,42612.43,MW,FR,FR,actual_load,Actual Load,2026-06-19T10:14:15Z
2026-06-19T10:13:32Z,2026-06-19T12:13:32+0200,883e5adc-9734-481d-ba75-ca4b61ed39d5,2026-06-13T21:15:00Z,2026-06-13T23:15:00+0200,42084.84,MW,FR,FR,actual_load,Actual Load,2026-06-19T10:14:15Z
2026-06-19T10:13:32Z,2026-06-19T12:13:32+0200,883e5adc-9734-481d-ba75-ca4b61ed39d5,2026-06-13T21:30:00Z,2026-06-13T23:30:00+0200,42494.97,MW,FR,FR,actual_load,Actual Load,2026-06-19T10:14:15Z
2026-06-19T10:13:32Z,2026-06-19T12:13:32+0200,883e5adc-9734-481d-ba75-ca4b61ed39d5,2026-06-13T21:45:00Z,2026-06-13T23:45:00+0200,41548.93,MW,FR,FR,actual_load,Actual Load,2026-06-19T10:14:15Z
2026-06-19T10:13:32Z,2026-06-19T12:13:32+0200,883e5adc-9734-481d-ba75-ca4b61ed39d5,2026-06-13T22:00:00Z,2026-06-14T00:00:00+0200,41471.12,MW,FR,FR,actual_load,Actual Load,2026-06-19T10:14:15Z
2026-06-19T10:13:32Z,2026-06-19T12:13:32+0200,883e5adc-9734-481d-ba75-ca4b61ed39d5,2026-06-13T22:15:00Z,2026-06-14T00:15:00+0200,40629.31,MW,FR,FR,actual_load,Actual Load,2026-06-19T10:14:15Z
2026-06-19T10:13:32Z,2026-06-19T12:13:32+0200,883e5adc-9734-481d-ba75-ca4b61ed39d5,2026-06-13T22:30:00Z,2026-06-14T00:30:00+0200,39384.22,MW,FR,FR,actual_load,Actual Load,2026-06-19T10:14:15Z
2026-06-19T10:13:32Z,2026-06-19T12:13:32+0200,883e5adc-9734-481d-ba75-ca4b61ed39d5,2026-06-13T22:45:00Z,2026-06-14T00:45:00+0200,38380.7,MW,FR,FR,actual_load,Actual Load,2026-06-19T10:14:15Z
2026-06-19T10:13:32Z,2026-06-19T12:13:32+0200,883e5adc-9734-481d-ba75-ca4b61ed39d5,2026-06-13T23:00:00Z,2026-06-14T01:00:00+0200,38658.38,MW,FR,FR,actual_load,Actual Load,2026-06-19T10:14:15Z
2026-06-19T10:13:32Z,2026-06-19T12:13:32+0200,883e5adc-9734-481d-ba75-ca4b61ed39d5,2026-06-13T23:15:00Z,2026-06-14T01:15:00+0200,38075.4,MW,FR,FR,actual_load,Actual Load,2026-06-19T10:14:15Z
2026-06-19T10:13:32Z,2026-06-19T12:13:32+0200,883e5adc-9734-481d-ba75-ca4b61ed39d5,2026-06-13T23:30:00Z,2026-06-14T01:30:00+0200,37925.09,MW,FR,FR,actual_load,Actual Load,2026-06-19T10:14:15Z
2026-06-19T10:13:32Z,2026-06-19T12:13:32+0200,883e5adc-9734-481d-ba75-ca4b61ed39d5,2026-06-13T23:45:00Z,2026-06-14T01:45:00+0200,37147.48,MW,FR,FR,actual_load,Actual Load,2026-06-19T10:14:15Z
2026-06-19T10:13:32Z,2026-06-19T12:13:32+0200,883e5adc-9734-481d-ba75-ca4b61ed39d5,2026-06-14T00:00:00Z,2026-06-14T02:00:00+0200,36645.23,MW,FR,FR,actual_load,Actual Load,2026-06-19T10:14:15Z
2026-06-19T10:13:32Z,2026-06-19T12:13:32+0200,883e5adc-9734-481d-ba75-ca4b61ed39d5,2026-06-14T00:15:00Z,2026-06-14T02:15:00+0200,35683.47,MW,FR,FR,actual_load,Actual Load,2026-06-19T10:14:15Z
2026-06-19T10:13:32Z,2026-06-19T12:13:32+0200,883e5adc-9734-481d-ba75-ca4b61ed39d5,2026-06-14T00:30:00Z,2026-06-14T02:30:00+0200,34899.87,MW,FR,FR,actual_load,Actual Load,2026-06-19T10:14:15Z
2026-06-19T10:13:32Z,2026-06-19T12:13:32+0200,883e5adc-9734-481d-ba75-ca4b61ed39d5,2026-06-14T00:45:00Z,2026-06-14T02:45:00+0200,34162.38,MW,FR,FR,actual_load,Actual Load,2026-06-19T10:14:15Z
2026-06-19T10:13:32Z,2026-06-19T12:13:32+0200,883e5adc-9734-481d-ba75-ca4b61ed39d5,2026-06-14T01:00:00Z,2026-06-14T03:00:00+0200,33630.76,MW,FR,FR,actual_load,Actual Load,2026-06-19T10:14:15Z
2026-06-19T10:13:32Z,2026-06-19T12:13:32+0200,883e5adc-9734-481d-ba75-ca4b61ed39d5,2026-06-14T01:15:00Z,2026-06-14T03:15:00+0200,32926.54,MW,FR,FR,actual_load,Actual Load,2026-06-19T10:14:15Z
2026-06-19T10:13:32Z,2026-06-19T12:13:32+0200,883e5adc-9734-481d-ba75-ca4b61ed39d5,2026-06-14T01:30:00Z,2026-06-14T03:30:00+0200,32549.83,MW,FR,FR,actual_load,Actual Load,2026-06-19T10:14:15Z
2026-06-19T10:13:32Z,2026-06-19T12:13:32+0200,883e5adc-9734-481d-ba75-ca4b61ed39d5,2026-06-14T01:45:00Z,2026-06-14T03:45:00+0200,32169.18,MW,FR,FR,actual_load,Actual Load,2026-06-19T10:14:15Z
2026-06-19T10:13:32Z,2026-06-19T12:13:32+0200,883e5adc-9734-481d-ba75-ca4b61ed39d5,2026-06-14T02:00:00Z,2026-06-14T04:00:00+0200,31956.82,MW,FR,FR,actual_load,Actual Load,2026-06-19T10:14:15Z
2026-06-19T10:13:32Z,2026-06-19T12:13:32+0200,883e5adc-9734-481d-ba75-ca4b61ed39d5,2026-06-14T02:15:00Z,2026-06-14T04:15:00+0200,31683.47,MW,FR,FR,actual_load,Actual Load,2026-06-19T10:14:15Z
2026-06-19T10:13:32Z,2026-06-19T12:13:32+0200,883e5adc-9734-481d-ba75-ca4b61ed39d5,2026-06-14T02:30:00Z,2026-06-14T04:30:00+0200,31444.16,MW,FR,FR,actual_load,Actual Load,2026-06-19T10:14:15Z
2026-06-19T10:13:32Z,2026-06-19T12:13:32+0200,883e5adc-9734-481d-ba75-ca4b61ed39d5,2026-06-14T02:45:00Z,2026-06-14T04:45:00+0200,31260.12,MW,FR,FR,actual_load,Actual Load,2026-06-19T10:14:15Z
2026-06-19T10:13:32Z,2026-06-19T12:13:32+0200,883e5adc-9734-481d-ba75-ca4b61ed39d5,2026-06-14T03:00:00Z,2026-06-14T05:00:00+0200,31445.5,MW,FR,FR,actual_load,Actual Load,2026-06-19T10:14:15Z
2026-06-19T10:13:32Z,2026-06-19T12:13:32+0200,883e5adc-9734-481d-ba75-ca4b61ed39d5,2026-06-14T03:15:00Z,2026-06-14T05:15:00+0200,31197.07,MW,FR,FR,actual_load,Actual Load,2026-06-19T10:14:15Z
2026-06-19T10:13:32Z,2026-06-19T12:13:32+0200,883e5adc-9734-481d-ba75-ca4b61ed39d5,2026-06-14T03:30:00Z,2026-06-14T05:30:00+0200,31017.1,MW,FR,FR,actual_load,Actual Load,2026-06-19T10:14:15Z
2026-06-19T10:13:32Z,2026-06-19T12:13:32+0200,883e5adc-9734-481d-ba75-ca4b61ed39d5,2026-06-14T03:45:00Z,2026-06-14T05:45:00+0200,30905.72,MW,FR,FR,actual_load,Actual Load,2026-06-19T10:14:15Z
2026-06-19T10:13:32Z,2026-06-19T12:13:32+0200,883e5adc-9734-481d-ba75-ca4b61ed39d5,2026-06-14T04:00:00Z,2026-06-14T06:00:00+0200,30921.66,MW,FR,FR,actual_load,Actual Load,2026-06-19T10:14:15Z
2026-06-19T10:13:32Z,2026-06-19T12:13:32+0200,883e5adc-9734-481d-ba75-ca4b61ed39d5,2026-06-14T04:15:00Z,2026-06-14T06:15:00+0200,30824.3,MW,FR,FR,actual_load,Actual Load,2026-06-19T10:14:15Z
2026-06-19T10:13:32Z,2026-06-19T12:13:32+0200,883e5adc-9734-481d-ba75-ca4b61ed39d5,2026-06-14T04:30:00Z,2026-06-14T06:30:00+0200,30755.24,MW,FR,FR,actual_load,Actual Load,2026-06-19T10:14:15Z
2026-06-19T10:13:32Z,2026-06-19T12:13:32+0200,883e5adc-9734-481d-ba75-ca4b61ed39d5,2026-06-14T04:45:00Z,2026-06-14T06:45:00+0200,30897.76,MW,FR,FR,actual_load,Actual Load,2026-06-19T10:14:15Z
2026-06-19T10:13:32Z,2026-06-19T12:13:32+0200,883e5adc-9734-481d-ba75-ca4b61ed39d5,2026-06-14T05:00:00Z,2026-06-14T07:00:00+0200,31149.02,MW,FR,FR,actual_load,Actual Load,2026-06-19T10:14:15Z
2026-06-19T10:13:32Z,2026-06-19T12:13:32+0200,883e5adc-9734-481d-ba75-ca4b61ed39d5,2026-06-14T05:15:00Z,2026-06-14T07:15:00+0200,31661.02,MW,FR,FR,actual_load,Actual Load,2026-06-19T10:14:15Z
2026-06-19T10:13:32Z,2026-06-19T12:13:32+0200,883e5adc-9734-481d-ba75-ca4b61ed39d5,2026-06-14T05:30:00Z,2026-06-14T07:30:00+0200,31966.1,MW,FR,FR,actual_load,Actual Load,2026-06-19T10:14:15Z
2026-06-19T10:13:32Z,2026-06-19T12:13:32+0200,883e5adc-9734-481d-ba75-ca4b61ed39d5,2026-06-14T05:45:00Z,2026-06-14T07:45:00+0200,32271.19,MW,FR,FR,actual_load,Actual Load,2026-06-19T10:14:15Z
2026-06-19T10:13:32Z,2026-06-19T12:13:32+0200,883e5adc-9734-481d-ba75-ca4b61ed39d5,2026-06-14T06:00:00Z,2026-06-14T08:00:00+0200,32575.16,MW,FR,FR,actual_load,Actual Load,2026-06-19T10:14:15Z
2026-06-19T10:13:32Z,2026-06-19T12:13:32+0200,883e5adc-9734-481d-ba75-ca4b61ed39d5,2026-06-14T06:15:00Z,2026-06-14T08:15:00+0200,33022.2,MW,FR,FR,actual_load,Actual Load,2026-06-19T10:14:15Z
2026-06-19T10:13:32Z,2026-06-19T12:13:32+0200,883e5adc-9734-481d-ba75-ca4b61ed39d5,2026-06-14T06:30:00Z,2026-06-14T08:30:00+0200,33317.66,MW,FR,FR,actual_load,Actual Load,2026-06-19T10:14:15Z
2026-06-19T10:13:32Z,2026-06-19T12:13:32+0200,883e5adc-9734-481d-ba75-ca4b61ed39d5,2026-06-14T06:45:00Z,2026-06-14T08:45:00+0200,33634.87,MW,FR,FR,actual_load,Actual Load,2026-06-19T10:14:15Z
2026-06-19T10:13:32Z,2026-06-19T12:13:32+0200,883e5adc-9734-481d-ba75-ca4b61ed39d5,2026-06-14T07:00:00Z,2026-06-14T09:00:00+0200,34218.33,MW,FR,FR,actual_load,Actual Load,2026-06-19T10:14:15Z
2026-06-19T10:13:32Z,2026-06-19T12:13:32+0200,883e5adc-9734-481d-ba75-ca4b61ed39d5,2026-06-14T07:15:00Z,2026-06-14T09:15:00+0200,34738.7,MW,FR,FR,actual_load,Actual Load,2026-06-19T10:14:15Z
2026-06-19T10:13:32Z,2026-06-19T12:13:32+0200,883e5adc-9734-481d-ba75-ca4b61ed39d5,2026-06-14T07:30:00Z,2026-06-14T09:30:00+0200,34934.63,MW,FR,FR,actual_load,Actual Load,2026-06-19T10:14:15Z
2026-06-19T10:13:32Z,2026-06-19T12:13:32+0200,883e5adc-9734-481d-ba75-ca4b61ed39d5,2026-06-14T07:45:00Z,2026-06-14T09:45:00+0200,35336.99,MW,FR,FR,actual_load,Actual Load,2026-06-19T10:14:15Z
2026-06-19T10:13:32Z,2026-06-19T12:13:32+0200,883e5adc-9734-481d-ba75-ca4b61ed39d5,2026-06-14T08:00:00Z,2026-06-14T10:00:00+0200,36250.73,MW,FR,FR,actual_load,Actual Load,2026-06-19T10:14:15Z
2026-06-19T10:13:32Z,2026-06-19T12:13:32+0200,883e5adc-9734-481d-ba75-ca4b61ed39d5,2026-06-14T08:15:00Z,2026-06-14T10:15:00+0200,36624.5,MW,FR,FR,actual_load,Actual Load,2026-06-19T10:14:15Z
2026-06-19T10:13:32Z,2026-06-19T12:13:32+0200,883e5adc-9734-481d-ba75-ca4b61ed39d5,2026-06-14T08:30:00Z,2026-06-14T10:30:00+0200,36749.43,MW,FR,FR,actual_load,Actual Load,2026-06-19T10:14:15Z
2026-06-19T10:13:32Z,2026-06-19T12:13:32+0200,883e5adc-9734-481d-ba75-ca4b61ed39d5,2026-06-14T08:45:00Z,2026-06-14T10:45:00+0200,36924.15,MW,FR,FR,actual_load,Actual Load,2026-06-19T10:14:15Z
2026-06-19T10:13:32Z,2026-06-19T12:13:32+0200,883e5adc-9734-481d-ba75-ca4b61ed39d5,2026-06-14T09:00:00Z,2026-06-14T11:00:00+0200,37424.63,MW,FR,FR,actual_load,Actual Load,2026-06-19T10:14:15Z
2026-06-19T10:13:32Z,2026-06-19T12:13:32+0200,883e5adc-9734-481d-ba75-ca4b61ed39d5,2026-06-14T09:15:00Z,2026-06-14T11:15:00+0200,37586.32,MW,FR,FR,actual_load,Actual Load,2026-06-19T10:14:15Z
2026-06-19T10:13:32Z,2026-06-19T12:13:32+0200,883e5adc-9734-481d-ba75-ca4b61ed39d5,2026-06-14T09:30:00Z,2026-06-14T11:30:00+0200,37935.4,MW,FR,FR,actual_load,Actual Load,2026-06-19T10:14:15Z
2026-06-19T10:13:32Z,2026-06-19T12:13:32+0200,883e5adc-9734-481d-ba75-ca4b61ed39d5,2026-06-14T09:45:00Z,2026-06-14T11:45:00+0200,38398.07,MW,FR,FR,actual_load,Actual Load,2026-06-19T10:14:15Z
2026-06-19T10:13:32Z,2026-06-19T12:13:32+0200,883e5adc-9734-481d-ba75-ca4b61ed39d5,2026-06-14T10:00:00Z,2026-06-14T12:00:00+0200,39259.04,MW,FR,FR,actual_load,Actual Load,2026-06-19T10:14:15Z
2026-06-19T10:13:32Z,2026-06-19T12:13:32+0200,883e5adc-9734-481d-ba75-ca4b61ed39d5,2026-06-14T10:15:00Z,2026-06-14T12:15:00+0200,39587.69,MW,FR,FR,actual_load,Actual Load,2026-06-19T10:14:15Z
2026-06-19T10:13:32Z,2026-06-19T12:13:32+0200,883e5adc-9734-481d-ba75-ca4b61ed39d5,2026-06-14T10:30:00Z,2026-06-14T12:30:00+0200,40063.26,MW,FR,FR,actual_load,Actual Load,2026-06-19T10:14:15Z
2026-06-19T10:13:32Z,2026-06-19T12:13:32+0200,883e5adc-9734-481d-ba75-ca4b61ed39d5,2026-06-14T10:45:00Z,2026-06-14T12:45:00+0200,39689.59,MW,FR,FR,actual_load,Actual Load,2026-06-19T10:14:15Z
2026-06-19T10:13:32Z,2026-06-19T12:13:32+0200,883e5adc-9734-481d-ba75-ca4b61ed39d5,2026-06-14T11:00:00Z,2026-06-14T13:00:00+0200,39313.64,MW,FR,FR,actual_load,Actual Load,2026-06-19T10:14:15Z
2026-06-19T10:13:32Z,2026-06-19T12:13:32+0200,883e5adc-9734-481d-ba75-ca4b61ed39d5,2026-06-14T11:15:00Z,2026-06-14T13:15:00+0200,38586.33,MW,FR,FR,actual_load,Actual Load,2026-06-19T10:14:15Z
2026-06-19T10:13:32Z,2026-06-19T12:13:32+0200,883e5adc-9734-481d-ba75-ca4b61ed39d5,2026-06-14T11:30:00Z,2026-06-14T13:30:00+0200,37856.16,MW,FR,FR,actual_load,Actual Load,2026-06-19T10:14:15Z
2026-06-19T10:13:32Z,2026-06-19T12:13:32+0200,883e5adc-9734-481d-ba75-ca4b61ed39d5,2026-06-14T11:45:00Z,2026-06-14T13:45:00+0200,37685.04,MW,FR,FR,actual_load,Actual Load,2026-06-19T10:14:15Z
2026-06-19T10:13:32Z,2026-06-19T12:13:32+0200,883e5adc-9734-481d-ba75-ca4b61ed39d5,2026-06-14T12:00:00Z,2026-06-14T14:00:00+0200,38450.29,MW,FR,FR,actual_load,Actual Load,2026-06-19T10:14:15Z
2026-06-19T10:13:32Z,2026-06-19T12:13:32+0200,883e5adc-9734-481d-ba75-ca4b61ed39d5,2026-06-14T12:15:00Z,2026-06-14T14:15:00+0200,38386.49,MW,FR,FR,actual_load,Actual Load,2026-06-19T10:14:15Z
2026-06-19T10:13:32Z,2026-06-19T12:13:32+0200,883e5adc-9734-481d-ba75-ca4b61ed39d5,2026-06-14T12:30:00Z,2026-06-14T14:30:00+0200,38441.96,MW,FR,FR,actual_load,Actual Load,2026-06-19T10:14:15Z
2026-06-19T10:13:32Z,2026-06-19T12:13:32+0200,883e5adc-9734-481d-ba75-ca4b61ed39d5,2026-06-14T12:45:00Z,2026-06-14T14:45:00+0200,38117.74,MW,FR,FR,actual_load,Actual Load,2026-06-19T10:14:15Z
2026-06-19T10:13:32Z,2026-06-19T12:13:32+0200,883e5adc-9734-481d-ba75-ca4b61ed39d5,2026-06-14T13:00:00Z,2026-06-14T15:00:00+0200,38191.4,MW,FR,FR,actual_load,Actual Load,2026-06-19T10:14:15Z
2026-06-19T10:13:32Z,2026-06-19T12:13:32+0200,883e5adc-9734-481d-ba75-ca4b61ed39d5,2026-06-14T13:15:00Z,2026-06-14T15:15:00+0200,37709.03,MW,FR,FR,actual_load,Actual Load,2026-06-19T10:14:15Z
2026-06-19T10:13:32Z,2026-06-19T12:13:32+0200,883e5adc-9734-481d-ba75-ca4b61ed39d5,2026-06-14T13:30:00Z,2026-06-14T15:30:00+0200,37371.58,MW,FR,FR,actual_load,Actual Load,2026-06-19T10:14:15Z
2026-06-19T10:13:32Z,2026-06-19T12:13:32+0200,883e5adc-9734-481d-ba75-ca4b61ed39d5,2026-06-14T13:45:00Z,2026-06-14T15:45:00+0200,36949.47,MW,FR,FR,actual_load,Actual Load,2026-06-19T10:14:15Z
2026-06-19T10:13:32Z,2026-06-19T12:13:32+0200,883e5adc-9734-481d-ba75-ca4b61ed39d5,2026-06-14T14:00:00Z,2026-06-14T16:00:00+0200,36888.37,MW,FR,FR,actual_load,Actual Load,2026-06-19T10:14:15Z
2026-06-19T10:13:32Z,2026-06-19T12:13:32+0200,883e5adc-9734-481d-ba75-ca4b61ed39d5,2026-06-14T14:15:00Z,2026-06-14T16:15:00+0200,36552.54,MW,FR,FR,actual_load,Actual Load,2026-06-19T10:14:15Z
2026-06-19T10:13:32Z,2026-06-19T12:13:32+0200,883e5adc-9734-481d-ba75-ca4b61ed39d5,2026-06-14T14:30:00Z,2026-06-14T16:30:00+0200,36136.45,MW,FR,FR,actual_load,Actual Load,2026-06-19T10:14:15Z
2026-06-19T10:13:32Z,2026-06-19T12:13:32+0200,883e5adc-9734-481d-ba75-ca4b61ed39d5,2026-06-14T14:45:00Z,2026-06-14T16:45:00+0200,36410.73,MW,FR,FR,actual_load,Actual Load,2026-06-19T10:14:15Z
2026-06-19T10:13:32Z,2026-06-19T12:13:32+0200,883e5adc-9734-481d-ba75-ca4b61ed39d5,2026-06-14T15:00:00Z,2026-06-14T17:00:00+0200,36819.35,MW,FR,FR,actual_load,Actual Load,2026-06-19T10:14:15Z
2026-06-19T10:13:32Z,2026-06-19T12:13:32+0200,883e5adc-9734-481d-ba75-ca4b61ed39d5,2026-06-14T15:15:00Z,2026-06-14T17:15:00+0200,37048.02,MW,FR,FR,actual_load,Actual Load,2026-06-19T10:14:15Z
2026-06-19T10:13:32Z,2026-06-19T12:13:32+0200,883e5adc-9734-481d-ba75-ca4b61ed39d5,2026-06-14T15:30:00Z,2026-06-14T17:30:00+0200,37363.32,MW,FR,FR,actual_load,Actual Load,2026-06-19T10:14:15Z
2026-06-19T10:13:32Z,2026-06-19T12:13:32+0200,883e5adc-9734-481d-ba75-ca4b61ed39d5,2026-06-14T15:45:00Z,2026-06-14T17:45:00+0200,38355.23,MW,FR,FR,actual_load,Actual Load,2026-06-19T10:14:15Z
2026-06-19T10:13:32Z,2026-06-19T12:13:32+0200,883e5adc-9734-481d-ba75-ca4b61ed39d5,2026-06-14T16:00:00Z,2026-06-14T18:00:00+0200,39131.39,MW,FR,FR,actual_load,Actual Load,2026-06-19T10:14:15Z
2026-06-19T10:13:32Z,2026-06-19T12:13:32+0200,883e5adc-9734-481d-ba75-ca4b61ed39d5,2026-06-14T16:15:00Z,2026-06-14T18:15:00+0200,39828.45,MW,FR,FR,actual_load,Actual Load,2026-06-19T10:14:15Z
2026-06-19T10:13:32Z,2026-06-19T12:13:32+0200,883e5adc-9734-481d-ba75-ca4b61ed39d5,2026-06-14T16:30:00Z,2026-06-14T18:30:00+0200,40467.19,MW,FR,FR,actual_load,Actual Load,2026-06-19T10:14:15Z
2026-06-19T10:13:32Z,2026-06-19T12:13:32+0200,883e5adc-9734-481d-ba75-ca4b61ed39d5,2026-06-14T16:45:00Z,2026-06-14T18:45:00+0200,41331.25,MW,FR,FR,actual_load,Actual Load,2026-06-19T10:14:15Z
2026-06-19T10:13:32Z,2026-06-19T12:13:32+0200,883e5adc-9734-481d-ba75-ca4b61ed39d5,2026-06-14T17:00:00Z,2026-06-14T19:00:00+0200,42174.3,MW,FR,FR,actual_load,Actual Load,2026-06-19T10:14:15Z
2026-06-19T10:13:32Z,2026-06-19T12:13:32+0200,883e5adc-9734-481d-ba75-ca4b61ed39d5,2026-06-14T17:15:00Z,2026-06-14T19:15:00+0200,42338.48,MW,FR,FR,actual_load,Actual Load,2026-06-19T10:14:15Z
2026-06-19T10:13:32Z,2026-06-19T12:13:32+0200,883e5adc-9734-481d-ba75-ca4b61ed39d5,2026-06-14T17:30:00Z,2026-06-14T19:30:00+0200,42386.06,MW,FR,FR,actual_load,Actual Load,2026-06-19T10:14:15Z
2026-06-19T10:13:32Z,2026-06-19T12:13:32+0200,883e5adc-9734-481d-ba75-ca4b61ed39d5,2026-06-14T17:45:00Z,2026-06-14T19:45:00+0200,42467.68,MW,FR,FR,actual_load,Actual Load,2026-06-19T10:14:15Z
2026-06-19T10:13:32Z,2026-06-19T12:13:32+0200,883e5adc-9734-481d-ba75-ca4b61ed39d5,2026-06-14T18:00:00Z,2026-06-14T20:00:00+0200,42545.65,MW,FR,FR,actual_load,Actual Load,2026-06-19T10:14:15Z
2026-06-19T10:13:32Z,2026-06-19T12:13:32+0200,883e5adc-9734-481d-ba75-ca4b61ed39d5,2026-06-14T18:15:00Z,2026-06-14T20:15:00+0200,42113.12,MW,FR,FR,actual_load,Actual Load,2026-06-19T10:14:15Z
2026-06-19T10:13:32Z,2026-06-19T12:13:32+0200,883e5adc-9734-481d-ba75-ca4b61ed39d5,2026-06-14T18:30:00Z,2026-06-14T20:30:00+0200,41856.77,MW,FR,FR,actual_load,Actual Load,2026-06-19T10:14:15Z
2026-06-19T10:13:32Z,2026-06-19T12:13:32+0200,883e5adc-9734-481d-ba75-ca4b61ed39d5,2026-06-14T18:45:00Z,2026-06-14T20:45:00+0200,41599.11,MW,FR,FR,actual_load,Actual Load,2026-06-19T10:14:15Z
2026-06-19T10:13:32Z,2026-06-19T12:13:32+0200,883e5adc-9734-481d-ba75-ca4b61ed39d5,2026-06-14T19:00:00Z,2026-06-14T21:00:00+0200,41639.7,MW,FR,FR,actual_load,Actual Load,2026-06-19T10:14:15Z
2026-06-19T10:13:32Z,2026-06-19T12:13:32+0200,883e5adc-9734-481d-ba75-ca4b61ed39d5,2026-06-14T19:15:00Z,2026-06-14T21:15:00+0200,41288.39,MW,FR,FR,actual_load,Actual Load,2026-06-19T10:14:15Z
2026-06-19T10:13:32Z,2026-06-19T12:13:32+0200,883e5adc-9734-481d-ba75-ca4b61ed39d5,2026-06-14T19:30:00Z,2026-06-14T21:30:00+0200,41160.35,MW,FR,FR,actual_load,Actual Load,2026-06-19T10:14:15Z
2026-06-19T10:13:32Z,2026-06-19T12:13:32+0200,883e5adc-9734-481d-ba75-ca4b61ed39d5,2026-06-14T19:45:00Z,2026-06-14T21:45:00+0200,40920.97,MW,FR,FR,actual_load,Actual Load,2026-06-19T10:14:15Z
2026-06-19T10:13:32Z,2026-06-19T12:13:32+0200,883e5adc-9734-481d-ba75-ca4b61ed39d5,2026-06-14T20:00:00Z,2026-06-14T22:00:00+0200,42414.27,MW,FR,FR,actual_load,Actual Load,2026-06-19T10:14:15Z
2026-06-19T10:13:32Z,2026-06-19T12:13:32+0200,883e5adc-9734-481d-ba75-ca4b61ed39d5,2026-06-14T20:15:00Z,2026-06-14T22:15:00+0200,42241.35,MW,FR,FR,actual_load,Actual Load,2026-06-19T10:14:15Z
2026-06-19T10:13:32Z,2026-06-19T12:13:32+0200,883e5adc-9734-481d-ba75-ca4b61ed39d5,2026-06-14T20:30:00Z,2026-06-14T22:30:00+0200,43662.74,MW,FR,FR,actual_load,Actual Load,2026-06-19T10:14:15Z
2026-06-19T10:13:32Z,2026-06-19T12:13:32+0200,883e5adc-9734-481d-ba75-ca4b61ed39d5,2026-06-14T20:45:00Z,2026-06-14T22:45:00+0200,43088.43,MW,FR,FR,actual_load,Actual Load,2026-06-19T10:14:15Z
2026-06-19T10:13:32Z,2026-06-19T12:13:32+0200,883e5adc-9734-481d-ba75-ca4b61ed39d5,2026-06-14T21:00:00Z,2026-06-14T23:00:00+0200,43106.37,MW,FR,FR,actual_load,Actual Load,2026-06-19T10:14:15Z
2026-06-19T10:13:32Z,2026-06-19T12:13:32+0200,883e5adc-9734-481d-ba75-ca4b61ed39d5,2026-06-14T21:15:00Z,2026-06-14T23:15:00+0200,42129.15,MW,FR,FR,actual_load,Actual Load,2026-06-19T10:14:15Z
2026-06-19T10:13:32Z,2026-06-19T12:13:32+0200,883e5adc-9734-481d-ba75-ca4b61ed39d5,2026-06-14T21:30:00Z,2026-06-14T23:30:00+0200,42352.57,MW,FR,FR,actual_load,Actual Load,2026-06-19T10:14:15Z
2026-06-19T10:13:32Z,2026-06-19T12:13:32+0200,883e5adc-9734-481d-ba75-ca4b61ed39d5,2026-06-14T21:45:00Z,2026-06-14T23:45:00+0200,41406.92,MW,FR,FR,actual_load,Actual Load,2026-06-19T10:14:15Z
2026-06-19T10:13:32Z,2026-06-19T12:13:32+0200,883e5adc-9734-481d-ba75-ca4b61ed39d5,2026-06-14T22:00:00Z,2026-06-15T00:00:00+0200,41618.26,MW,FR,FR,actual_load,Actual Load,2026-06-19T10:14:15Z
2026-06-19T10:13:32Z,2026-06-19T12:13:32+0200,883e5adc-9734-481d-ba75-ca4b61ed39d5,2026-06-14T22:15:00Z,2026-06-15T00:15:00+0200,40580.99,MW,FR,FR,actual_load,Actual Load,2026-06-19T10:14:15Z
2026-06-19T10:13:32Z,2026-06-19T12:13:32+0200,883e5adc-9734-481d-ba75-ca4b61ed39d5,2026-06-14T22:30:00Z,2026-06-15T00:30:00+0200,39095.39,MW,FR,FR,actual_load,Actual Load,2026-06-19T10:14:15Z
2026-06-19T10:13:32Z,2026-06-19T12:13:32+0200,883e5adc-9734-481d-ba75-ca4b61ed39d5,2026-06-14T22:45:00Z,2026-06-15T00:45:00+0200,38248.7,MW,FR,FR,actual_load,Actual Load,2026-06-19T10:14:15Z
2026-06-19T10:13:32Z,2026-06-19T12:13:32+0200,883e5adc-9734-481d-ba75-ca4b61ed39d5,2026-06-14T23:00:00Z,2026-06-15T01:00:00+0200,38577.58,MW,FR,FR,actual_load,Actual Load,2026-06-19T10:14:15Z
2026-06-19T10:13:32Z,2026-06-19T12:13:32+0200,883e5adc-9734-481d-ba75-ca4b61ed39d5,2026-06-14T23:15:00Z,2026-06-15T01:15:00+0200,37911.75,MW,FR,FR,actual_load,Actual Load,2026-06-19T10:14:15Z
2026-06-19T10:13:32Z,2026-06-19T12:13:32+0200,883e5adc-9734-481d-ba75-ca4b61ed39d5,2026-06-14T23:30:00Z,2026-06-15T01:30:00+0200,37755.79,MW,FR,FR,actual_load,Actual Load,2026-06-19T10:14:15Z
2026-06-19T10:13:32Z,2026-06-19T12:13:32+0200,883e5adc-9734-481d-ba75-ca4b61ed39d5,2026-06-14T23:45:00Z,2026-06-15T01:45:00+0200,37141.54,MW,FR,FR,actual_load,Actual Load,2026-06-19T10:14:15Z
2026-06-19T10:13:32Z,2026-06-19T12:13:32+0200,883e5adc-9734-481d-ba75-ca4b61ed39d5,2026-06-15T00:00:00Z,2026-06-15T02:00:00+0200,36770.41,MW,FR,FR,actual_load,Actual Load,2026-06-19T10:14:15Z
2026-06-19T10:13:32Z,2026-06-19T12:13:32+0200,883e5adc-9734-481d-ba75-ca4b61ed39d5,2026-06-15T00:15:00Z,2026-06-15T02:15:00+0200,35829.66,MW,FR,FR,actual_load,Actual Load,2026-06-19T10:14:15Z
2026-06-19T10:13:32Z,2026-06-19T12:13:32+0200,883e5adc-9734-481d-ba75-ca4b61ed39d5,2026-06-15T00:30:00Z,2026-06-15T02:30:00+0200,35130.8,MW,FR,FR,actual_load,Actual Load,2026-06-19T10:14:15Z
2026-06-19T10:13:32Z,2026-06-19T12:13:32+0200,883e5adc-9734-481d-ba75-ca4b61ed39d5,2026-06-15T00:45:00Z,2026-06-15T02:45:00+0200,34461.03,MW,FR,FR,actual_load,Actual Load,2026-06-19T10:14:15Z
2026-06-19T10:13:32Z,2026-06-19T12:13:32+0200,883e5adc-9734-481d-ba75-ca4b61ed39d5,2026-06-15T01:00:00Z,2026-06-15T03:00:00+0200,34012.09,MW,FR,FR,actual_load,Actual Load,2026-06-19T10:14:15Z
2026-06-19T10:13:32Z,2026-06-19T12:13:32+0200,883e5adc-9734-481d-ba75-ca4b61ed39d5,2026-06-15T01:15:00Z,2026-06-15T03:15:00+0200,33487.92,MW,FR,FR,actual_load,Actual Load,2026-06-19T10:14:15Z
2026-06-19T10:13:32Z,2026-06-19T12:13:32+0200,883e5adc-9734-481d-ba75-ca4b61ed39d5,2026-06-15T01:30:00Z,2026-06-15T03:30:00+0200,33365.55,MW,FR,FR,actual_load,Actual Load,2026-06-19T10:14:15Z
2026-06-19T10:13:32Z,2026-06-19T12:13:32+0200,883e5adc-9734-481d-ba75-ca4b61ed39d5,2026-06-15T01:45:00Z,2026-06-15T03:45:00+0200,33030.55,MW,FR,FR,actual_load,Actual Load,2026-06-19T10:14:15Z
2026-06-19T10:13:32Z,2026-06-19T12:13:32+0200,883e5adc-9734-481d-ba75-ca4b61ed39d5,2026-06-15T02:00:00Z,2026-06-15T04:00:00+0200,33228.73,MW,FR,FR,actual_load,Actual Load,2026-06-19T10:14:15Z
2026-06-19T10:13:32Z,2026-06-19T12:13:32+0200,883e5adc-9734-481d-ba75-ca4b61ed39d5,2026-06-15T02:15:00Z,2026-06-15T04:15:00+0200,33060.57,MW,FR,FR,actual_load,Actual Load,2026-06-19T10:14:15Z
2026-06-19T10:13:32Z,2026-06-19T12:13:32+0200,883e5adc-9734-481d-ba75-ca4b61ed39d5,2026-06-15T02:30:00Z,2026-06-15T04:30:00+0200,33165.16,MW,FR,FR,actual_load,Actual Load,2026-06-19T10:14:15Z
2026-06-19T10:13:32Z,2026-06-19T12:13:32+0200,883e5adc-9734-481d-ba75-ca4b61ed39d5,2026-06-15T02:45:00Z,2026-06-15T04:45:00+0200,33282.49,MW,FR,FR,actual_load,Actual Load,2026-06-19T10:14:15Z
2026-06-19T10:13:32Z,2026-06-19T12:13:32+0200,883e5adc-9734-481d-ba75-ca4b61ed39d5,2026-06-15T03:00:00Z,2026-06-15T05:00:00+0200,34222.54,MW,FR,FR,actual_load,Actual Load,2026-06-19T10:14:15Z
2026-06-19T10:13:32Z,2026-06-19T12:13:32+0200,883e5adc-9734-481d-ba75-ca4b61ed39d5,2026-06-15T03:15:00Z,2026-06-15T05:15:00+0200,34636.88,MW,FR,FR,actual_load,Actual Load,2026-06-19T10:14:15Z
2026-06-19T10:13:32Z,2026-06-19T12:13:32+0200,883e5adc-9734-481d-ba75-ca4b61ed39d5,2026-06-15T03:30:00Z,2026-06-15T05:30:00+0200,35003.19,MW,FR,FR,actual_load,Actual Load,2026-06-19T10:14:15Z
2026-06-19T10:13:32Z,2026-06-19T12:13:32+0200,883e5adc-9734-481d-ba75-ca4b61ed39d5,2026-06-15T03:45:00Z,2026-06-15T05:45:00+0200,35595.68,MW,FR,FR,actual_load,Actual Load,2026-06-19T10:14:15Z
2026-06-19T10:13:32Z,2026-06-19T12:13:32+0200,883e5adc-9734-481d-ba75-ca4b61ed39d5,2026-06-15T04:00:00Z,2026-06-15T06:00:00+0200,36461.32,MW,FR,FR,actual_load,Actual Load,2026-06-19T10:14:15Z
2026-06-19T10:13:32Z,2026-06-19T12:13:32+0200,883e5adc-9734-481d-ba75-ca4b61ed39d5,2026-06-15T04:15:00Z,2026-06-15T06:15:00+0200,37531.68,MW,FR,FR,actual_load,Actual Load,2026-06-19T10:14:15Z
2026-06-19T10:13:32Z,2026-06-19T12:13:32+0200,883e5adc-9734-481d-ba75-ca4b61ed39d5,2026-06-15T04:30:00Z,2026-06-15T06:30:00+0200,38254.94,MW,FR,FR,actual_load,Actual Load,2026-06-19T10:14:15Z
2026-06-19T10:13:32Z,2026-06-19T12:13:32+0200,883e5adc-9734-481d-ba75-ca4b61ed39d5,2026-06-15T04:45:00Z,2026-06-15T06:45:00+0200,39119.16,MW,FR,FR,actual_load,Actual Load,2026-06-19T10:14:15Z
2026-06-19T10:13:32Z,2026-06-19T12:13:32+0200,883e5adc-9734-481d-ba75-ca4b61ed39d5,2026-06-15T05:00:00Z,2026-06-15T07:00:00+0200,40318.88,MW,FR,FR,actual_load,Actual Load,2026-06-19T10:14:15Z
2026-06-19T10:13:32Z,2026-06-19T12:13:32+0200,883e5adc-9734-481d-ba75-ca4b61ed39d5,2026-06-15T05:15:00Z,2026-06-15T07:15:00+0200,41267.72,MW,FR,FR,actual_load,Actual Load,2026-06-19T10:14:15Z
2026-06-19T10:13:32Z,2026-06-19T12:13:32+0200,883e5adc-9734-481d-ba75-ca4b61ed39d5,2026-06-15T05:30:00Z,2026-06-15T07:30:00+0200,41895.48,MW,FR,FR,actual_load,Actual Load,2026-06-19T10:14:15Z
2026-06-19T10:13:32Z,2026-06-19T12:13:32+0200,883e5adc-9734-481d-ba75-ca4b61ed39d5,2026-06-15T05:45:00Z,2026-06-15T07:45:00+0200,42633.48,MW,FR,FR,actual_load,Actual Load,2026-06-19T10:14:15Z
2026-06-19T10:13:32Z,2026-06-19T12:13:32+0200,883e5adc-9734-481d-ba75-ca4b61ed39d5,2026-06-15T06:00:00Z,2026-06-15T08:00:00+0200,43434.63,MW,FR,FR,actual_load,Actual Load,2026-06-19T10:14:15Z
2026-06-19T10:13:32Z,2026-06-19T12:13:32+0200,883e5adc-9734-481d-ba75-ca4b61ed39d5,2026-06-15T06:15:00Z,2026-06-15T08:15:00+0200,43926.62,MW,FR,FR,actual_load,Actual Load,2026-06-19T10:14:15Z
2026-06-19T10:13:32Z,2026-06-19T12:13:32+0200,883e5adc-9734-481d-ba75-ca4b61ed39d5,2026-06-15T06:30:00Z,2026-06-15T08:30:00+0200,44740.82,MW,FR,FR,actual_load,Actual Load,2026-06-19T10:14:15Z
2026-06-19T10:13:32Z,2026-06-19T12:13:32+0200,883e5adc-9734-481d-ba75-ca4b61ed39d5,2026-06-15T06:45:00Z,2026-06-15T08:45:00+0200,45122.27,MW,FR,FR,actual_load,Actual Load,2026-06-19T10:14:15Z
2026-06-19T10:13:32Z,2026-06-19T12:13:32+0200,883e5adc-9734-481d-ba75-ca4b61ed39d5,2026-06-15T07:00:00Z,2026-06-15T09:00:00+0200,45489.9,MW,FR,FR,actual_load,Actual Load,2026-06-19T10:14:15Z
2026-06-19T10:13:32Z,2026-06-19T12:13:32+0200,883e5adc-9734-481d-ba75-ca4b61ed39d5,2026-06-15T07:15:00Z,2026-06-15T09:15:00+0200,45689.06,MW,FR,FR,actual_load,Actual Load,2026-06-19T10:14:15Z
2026-06-19T10:13:32Z,2026-06-19T12:13:32+0200,883e5adc-9734-481d-ba75-ca4b61ed39d5,2026-06-15T07:30:00Z,2026-06-15T09:30:00+0200,45850.08,MW,FR,FR,actual_load,Actual Load,2026-06-19T10:14:15Z
2026-06-19T10:13:32Z,2026-06-19T12:13:32+0200,883e5adc-9734-481d-ba75-ca4b61ed39d5,2026-06-15T07:45:00Z,2026-06-15T09:45:00+0200,45986.46,MW,FR,FR,actual_load,Actual Load,2026-06-19T10:14:15Z
2026-06-19T10:13:32Z,2026-06-19T12:13:32+0200,883e5adc-9734-481d-ba75-ca4b61ed39d5,2026-06-15T08:00:00Z,2026-06-15T10:00:00+0200,46391.17,MW,FR,FR,actual_load,Actual Load,2026-06-19T10:14:15Z
2026-06-19T10:13:32Z,2026-06-19T12:13:32+0200,883e5adc-9734-481d-ba75-ca4b61ed39d5,2026-06-15T08:15:00Z,2026-06-15T10:15:00+0200,46599.22,MW,FR,FR,actual_load,Actual Load,2026-06-19T10:14:15Z
2026-06-19T10:13:32Z,2026-06-19T12:13:32+0200,883e5adc-9734-481d-ba75-ca4b61ed39d5,2026-06-15T08:30:00Z,2026-06-15T10:30:00+0200,46827.1,MW,FR,FR,actual_load,Actual Load,2026-06-19T10:14:15Z
2026-06-19T10:13:32Z,2026-06-19T12:13:32+0200,883e5adc-9734-481d-ba75-ca4b61ed39d5,2026-06-15T08:45:00Z,2026-06-15T10:45:00+0200,47091.59,MW,FR,FR,actual_load,Actual Load,2026-06-19T10:14:15Z
2026-06-19T10:13:32Z,2026-06-19T12:13:32+0200,883e5adc-9734-481d-ba75-ca4b61ed39d5,2026-06-15T09:00:00Z,2026-06-15T11:00:00+0200,47211.57,MW,FR,FR,actual_load,Actual Load,2026-06-19T10:14:15Z
2026-06-19T10:13:32Z,2026-06-19T12:13:32+0200,883e5adc-9734-481d-ba75-ca4b61ed39d5,2026-06-15T09:15:00Z,2026-06-15T11:15:00+0200,47021.57,MW,FR,FR,actual_load,Actual Load,2026-06-19T10:14:15Z
2026-06-19T10:13:32Z,2026-06-19T12:13:32+0200,883e5adc-9734-481d-ba75-ca4b61ed39d5,2026-06-15T09:30:00Z,2026-06-15T11:30:00+0200,47291.5,MW,FR,FR,actual_load,Actual Load,2026-06-19T10:14:15Z
2026-06-19T10:13:32Z,2026-06-19T12:13:32+0200,883e5adc-9734-481d-ba75-ca4b61ed39d5,2026-06-15T09:45:00Z,2026-06-15T11:45:00+0200,47617.71,MW,FR,FR,actual_load,Actual Load,2026-06-19T10:14:15Z
2026-06-19T10:13:32Z,2026-06-19T12:13:32+0200,883e5adc-9734-481d-ba75-ca4b61ed39d5,2026-06-15T10:00:00Z,2026-06-15T12:00:00+0200,48227.82,MW,FR,FR,actual_load,Actual Load,2026-06-19T10:14:15Z
2026-06-19T10:13:32Z,2026-06-19T12:13:32+0200,883e5adc-9734-481d-ba75-ca4b61ed39d5,2026-06-15T10:15:00Z,2026-06-15T12:15:00+0200,48221.19,MW,FR,FR,actual_load,Actual Load,2026-06-19T10:14:15Z
2026-06-19T10:13:32Z,2026-06-19T12:13:32+0200,883e5adc-9734-481d-ba75-ca4b61ed39d5,2026-06-15T10:30:00Z,2026-06-15T12:30:00+0200,49205.08,MW,FR,FR,actual_load,Actual Load,2026-06-19T10:14:15Z
2026-06-19T10:13:32Z,2026-06-19T12:13:32+0200,883e5adc-9734-481d-ba75-ca4b61ed39d5,2026-06-15T10:45:00Z,2026-06-15T12:45:00+0200,48667.97,MW,FR,FR,actual_load,Actual Load,2026-06-19T10:14:15Z
2026-06-19T10:13:32Z,2026-06-19T12:13:32+0200,883e5adc-9734-481d-ba75-ca4b61ed39d5,2026-06-15T11:00:00Z,2026-06-15T13:00:00+0200,48575.46,MW,FR,FR,actual_load,Actual Load,2026-06-19T10:14:15Z
2026-06-19T10:13:32Z,2026-06-19T12:13:32+0200,883e5adc-9734-481d-ba75-ca4b61ed39d5,2026-06-15T11:15:00Z,2026-06-15T13:15:00+0200,48268.23,MW,FR,FR,actual_load,Actual Load,2026-06-19T10:14:15Z
2026-06-19T10:13:32Z,2026-06-19T12:13:32+0200,883e5adc-9734-481d-ba75-ca4b61ed39d5,2026-06-15T11:30:00Z,2026-06-15T13:30:00+0200,48014.59,MW,FR,FR,actual_load,Actual Load,2026-06-19T10:14:15Z
2026-06-19T10:13:32Z,2026-06-19T12:13:32+0200,883e5adc-9734-481d-ba75-ca4b61ed39d5,2026-06-15T11:45:00Z,2026-06-15T13:45:00+0200,48005.2,MW,FR,FR,actual_load,Actual Load,2026-06-19T10:14:15Z
2026-06-19T10:13:32Z,2026-06-19T12:13:32+0200,883e5adc-9734-481d-ba75-ca4b61ed39d5,2026-06-15T12:00:00Z,2026-06-15T14:00:00+0200,48758.85,MW,FR,FR,actual_load,Actual Load,2026-06-19T10:14:15Z
2026-06-19T10:13:32Z,2026-06-19T12:13:32+0200,883e5adc-9734-481d-ba75-ca4b61ed39d5,2026-06-15T12:15:00Z,2026-06-15T14:15:00+0200,48621.73,MW,FR,FR,actual_load,Actual Load,2026-06-19T10:14:15Z
2026-06-19T10:13:32Z,2026-06-19T12:13:32+0200,883e5adc-9734-481d-ba75-ca4b61ed39d5,2026-06-15T12:30:00Z,2026-06-15T14:30:00+0200,48661.5,MW,FR,FR,actual_load,Actual Load,2026-06-19T10:14:15Z
2026-06-19T10:13:32Z,2026-06-19T12:13:32+0200,883e5adc-9734-481d-ba75-ca4b61ed39d5,2026-06-15T12:45:00Z,2026-06-15T14:45:00+0200,48597.81,MW,FR,FR,actual_load,Actual Load,2026-06-19T10:14:15Z
2026-06-19T10:13:32Z,2026-06-19T12:13:32+0200,883e5adc-9734-481d-ba75-ca4b61ed39d5,2026-06-15T13:00:00Z,2026-06-15T15:00:00+0200,48703.76,MW,FR,FR,actual_load,Actual Load,2026-06-19T10:14:15Z
2026-06-19T10:13:32Z,2026-06-19T12:13:32+0200,883e5adc-9734-481d-ba75-ca4b61ed39d5,2026-06-15T13:15:00Z,2026-06-15T15:15:00+0200,48247.23,MW,FR,FR,actual_load,Actual Load,2026-06-19T10:14:15Z
2026-06-19T10:13:32Z,2026-06-19T12:13:32+0200,883e5adc-9734-481d-ba75-ca4b61ed39d5,2026-06-15T13:30:00Z,2026-06-15T15:30:00+0200,47923.76,MW,FR,FR,actual_load,Actual Load,2026-06-19T10:14:15Z
2026-06-19T10:13:32Z,2026-06-19T12:13:32+0200,883e5adc-9734-481d-ba75-ca4b61ed39d5,2026-06-15T13:45:00Z,2026-06-15T15:45:00+0200,47595.11,MW,FR,FR,actual_load,Actual Load,2026-06-19T10:14:15Z
2026-06-19T10:13:32Z,2026-06-19T12:13:32+0200,883e5adc-9734-481d-ba75-ca4b61ed39d5,2026-06-15T14:00:00Z,2026-06-15T16:00:00+0200,47497.86,MW,FR,FR,actual_load,Actual Load,2026-06-19T10:14:15Z
2026-06-19T10:13:32Z,2026-06-19T12:13:32+0200,883e5adc-9734-481d-ba75-ca4b61ed39d5,2026-06-15T14:15:00Z,2026-06-15T16:15:00+0200,47350.09,MW,FR,FR,actual_load,Actual Load,2026-06-19T10:14:15Z
2026-06-19T10:13:32Z,2026-06-19T12:13:32+0200,883e5adc-9734-481d-ba75-ca4b61ed39d5,2026-06-15T14:30:00Z,2026-06-15T16:30:00+0200,47158.06,MW,FR,FR,actual_load,Actual Load,2026-06-19T10:14:15Z
2026-06-19T10:13:32Z,2026-06-19T12:13:32+0200,883e5adc-9734-481d-ba75-ca4b61ed39d5,2026-06-15T14:45:00Z,2026-06-15T16:45:00+0200,46812.71,MW,FR,FR,actual_load,Actual Load,2026-06-19T10:14:15Z
2026-06-19T10:13:32Z,2026-06-19T12:13:32+0200,883e5adc-9734-481d-ba75-ca4b61ed39d5,2026-06-15T15:00:00Z,2026-06-15T17:00:00+0200,46891.59,MW,FR,FR,actual_load,Actual Load,2026-06-19T10:14:15Z
2026-06-19T10:13:32Z,2026-06-19T12:13:32+0200,883e5adc-9734-481d-ba75-ca4b61ed39d5,2026-06-15T15:15:00Z,2026-06-15T17:15:00+0200,46891.43,MW,FR,FR,actual_load,Actual Load,2026-06-19T10:14:15Z
2026-06-19T10:13:32Z,2026-06-19T12:13:32+0200,883e5adc-9734-481d-ba75-ca4b61ed39d5,2026-06-15T15:30:00Z,2026-06-15T17:30:00+0200,47215.76,MW,FR,FR,actual_load,Actual Load,2026-06-19T10:14:15Z
2026-06-19T10:13:32Z,2026-06-19T12:13:32+0200,883e5adc-9734-481d-ba75-ca4b61ed39d5,2026-06-15T15:45:00Z,2026-06-15T17:45:00+0200,47606.74,MW,FR,FR,actual_load,Actual Load,2026-06-19T10:14:15Z
2026-06-19T10:13:32Z,2026-06-19T12:13:32+0200,883e5adc-9734-481d-ba75-ca4b61ed39d5,2026-06-15T16:00:00Z,2026-06-15T18:00:00+0200,48145.68,MW,FR,FR,actual_load,Actual Load,2026-06-19T10:14:15Z
2026-06-19T10:13:32Z,2026-06-19T12:13:32+0200,883e5adc-9734-481d-ba75-ca4b61ed39d5,2026-06-15T16:15:00Z,2026-06-15T18:15:00+0200,48952.56,MW,FR,FR,actual_load,Actual Load,2026-06-19T10:14:15Z
2026-06-19T10:13:32Z,2026-06-19T12:13:32+0200,883e5adc-9734-481d-ba75-ca4b61ed39d5,2026-06-15T16:30:00Z,2026-06-15T18:30:00+0200,49455.45,MW,FR,FR,actual_load,Actual Load,2026-06-19T10:14:15Z
2026-06-19T10:13:32Z,2026-06-19T12:13:32+0200,883e5adc-9734-481d-ba75-ca4b61ed39d5,2026-06-15T16:45:00Z,2026-06-15T18:45:00+0200,50267.0,MW,FR,FR,actual_load,Actual Load,2026-06-19T10:14:15Z
2026-06-19T10:13:32Z,2026-06-19T12:13:32+0200,883e5adc-9734-481d-ba75-ca4b61ed39d5,2026-06-15T17:00:00Z,2026-06-15T19:00:00+0200,50530.52,MW,FR,FR,actual_load,Actual Load,2026-06-19T10:14:15Z
2026-06-19T10:13:32Z,2026-06-19T12:13:32+0200,883e5adc-9734-481d-ba75-ca4b61ed39d5,2026-06-15T17:15:00Z,2026-06-15T19:15:00+0200,50433.25,MW,FR,FR,actual_load,Actual Load,2026-06-19T10:14:15Z
2026-06-19T10:13:32Z,2026-06-19T12:13:32+0200,883e5adc-9734-481d-ba75-ca4b61ed39d5,2026-06-15T17:30:00Z,2026-06-15T19:30:00+0200,49929.06,MW,FR,FR,actual_load,Actual Load,2026-06-19T10:14:15Z
2026-06-19T10:13:32Z,2026-06-19T12:13:32+0200,883e5adc-9734-481d-ba75-ca4b61ed39d5,2026-06-15T17:45:00Z,2026-06-15T19:45:00+0200,49378.48,MW,FR,FR,actual_load,Actual Load,2026-06-19T10:14:15Z
2026-06-19T10:13:32Z,2026-06-19T12:13:32+0200,883e5adc-9734-481d-ba75-ca4b61ed39d5,2026-06-15T18:00:00Z,2026-06-15T20:00:00+0200,48767.78,MW,FR,FR,actual_load,Actual Load,2026-06-19T10:14:15Z
2026-06-19T10:13:32Z,2026-06-19T12:13:32+0200,883e5adc-9734-481d-ba75-ca4b61ed39d5,2026-06-15T18:15:00Z,2026-06-15T20:15:00+0200,47912.34,MW,FR,FR,actual_load,Actual Load,2026-06-19T10:14:15Z
2026-06-19T10:13:32Z,2026-06-19T12:13:32+0200,883e5adc-9734-481d-ba75-ca4b61ed39d5,2026-06-15T18:30:00Z,2026-06-15T20:30:00+0200,47177.32,MW,FR,FR,actual_load,Actual Load,2026-06-19T10:14:15Z
2026-06-19T10:13:32Z,2026-06-19T12:13:32+0200,883e5adc-9734-481d-ba75-ca4b61ed39d5,2026-06-15T18:45:00Z,2026-06-15T20:45:00+0200,46402.86,MW,FR,FR,actual_load,Actual Load,2026-06-19T10:14:15Z
2026-06-19T10:13:32Z,2026-06-19T12:13:32+0200,883e5adc-9734-481d-ba75-ca4b61ed39d5,2026-06-15T19:00:00Z,2026-06-15T21:00:00+0200,45921.07,MW,FR,FR,actual_load,Actual Load,2026-06-19T10:14:15Z
2026-06-19T10:13:32Z,2026-06-19T12:13:32+0200,883e5adc-9734-481d-ba75-ca4b61ed39d5,2026-06-15T19:15:00Z,2026-06-15T21:15:00+0200,45401.28,MW,FR,FR,actual_load,Actual Load,2026-06-19T10:14:15Z
2026-06-19T10:13:32Z,2026-06-19T12:13:32+0200,883e5adc-9734-481d-ba75-ca4b61ed39d5,2026-06-15T19:30:00Z,2026-06-15T21:30:00+0200,45091.43,MW,FR,FR,actual_load,Actual Load,2026-06-19T10:14:15Z
2026-06-19T10:13:32Z,2026-06-19T12:13:32+0200,883e5adc-9734-481d-ba75-ca4b61ed39d5,2026-06-15T19:45:00Z,2026-06-15T21:45:00+0200,44886.34,MW,FR,FR,actual_load,Actual Load,2026-06-19T10:14:15Z
2026-06-19T10:13:32Z,2026-06-19T12:13:32+0200,883e5adc-9734-481d-ba75-ca4b61ed39d5,2026-06-15T20:00:00Z,2026-06-15T22:00:00+0200,46154.06,MW,FR,FR,actual_load,Actual Load,2026-06-19T10:14:15Z
2026-06-19T10:13:32Z,2026-06-19T12:13:32+0200,883e5adc-9734-481d-ba75-ca4b61ed39d5,2026-06-15T20:15:00Z,2026-06-15T22:15:00+0200,45896.84,MW,FR,FR,actual_load,Actual Load,2026-06-19T10:14:15Z
2026-06-19T10:13:32Z,2026-06-19T12:13:32+0200,883e5adc-9734-481d-ba75-ca4b61ed39d5,2026-06-15T20:30:00Z,2026-06-15T22:30:00+0200,47149.45,MW,FR,FR,actual_load,Actual Load,2026-06-19T10:14:15Z
2026-06-19T10:13:32Z,2026-06-19T12:13:32+0200,883e5adc-9734-481d-ba75-ca4b61ed39d5,2026-06-15T20:45:00Z,2026-06-15T22:45:00+0200,46596.68,MW,FR,FR,actual_load,Actual Load,2026-06-19T10:14:15Z
2026-06-19T10:13:32Z,2026-06-19T12:13:32+0200,883e5adc-9734-481d-ba75-ca4b61ed39d5,2026-06-15T21:00:00Z,2026-06-15T23:00:00+0200,46315.48,MW,FR,FR,actual_load,Actual Load,2026-06-19T10:14:15Z
2026-06-19T10:13:32Z,2026-06-19T12:13:32+0200,883e5adc-9734-481d-ba75-ca4b61ed39d5,2026-06-15T21:15:00Z,2026-06-15T23:15:00+0200,45328.55,MW,FR,FR,actual_load,Actual Load,2026-06-19T10:14:15Z
2026-06-19T10:13:32Z,2026-06-19T12:13:32+0200,883e5adc-9734-481d-ba75-ca4b61ed39d5,2026-06-15T21:30:00Z,2026-06-15T23:30:00+0200,45398.68,MW,FR,FR,actual_load,Actual Load,2026-06-19T10:14:15Z
2026-06-19T10:13:32Z,2026-06-19T12:13:32+0200,883e5adc-9734-481d-ba75-ca4b61ed39d5,2026-06-15T21:45:00Z,2026-06-15T23:45:00+0200,44324.07,MW,FR,FR,actual_load,Actual Load,2026-06-19T10:14:15Z
2026-06-19T10:13:32Z,2026-06-19T12:13:32+0200,883e5adc-9734-481d-ba75-ca4b61ed39d5,2026-06-15T22:00:00Z,2026-06-16T00:00:00+0200,44316.67,MW,FR,FR,actual_load,Actual Load,2026-06-19T10:14:15Z
2026-06-19T10:13:32Z,2026-06-19T12:13:32+0200,883e5adc-9734-481d-ba75-ca4b61ed39d5,2026-06-15T22:15:00Z,2026-06-16T00:15:00+0200,43177.58,MW,FR,FR,actual_load,Actual Load,2026-06-19T10:14:15Z
2026-06-19T10:13:32Z,2026-06-19T12:13:32+0200,883e5adc-9734-481d-ba75-ca4b61ed39d5,2026-06-15T22:30:00Z,2026-06-16T00:30:00+0200,41814.73,MW,FR,FR,actual_load,Actual Load,2026-06-19T10:14:15Z
2026-06-19T10:13:32Z,2026-06-19T12:13:32+0200,883e5adc-9734-481d-ba75-ca4b61ed39d5,2026-06-15T22:45:00Z,2026-06-16T00:45:00+0200,40669.38,MW,FR,FR,actual_load,Actual Load,2026-06-19T10:14:15Z
2026-06-19T10:13:32Z,2026-06-19T12:13:32+0200,883e5adc-9734-481d-ba75-ca4b61ed39d5,2026-06-15T23:00:00Z,2026-06-16T01:00:00+0200,41074.84,MW,FR,FR,actual_load,Actual Load,2026-06-19T10:14:15Z
2026-06-19T10:13:32Z,2026-06-19T12:13:32+0200,883e5adc-9734-481d-ba75-ca4b61ed39d5,2026-06-15T23:15:00Z,2026-06-16T01:15:00+0200,40381.96,MW,FR,FR,actual_load,Actual Load,2026-06-19T10:14:15Z
2026-06-19T10:13:32Z,2026-06-19T12:13:32+0200,883e5adc-9734-481d-ba75-ca4b61ed39d5,2026-06-15T23:30:00Z,2026-06-16T01:30:00+0200,40255.26,MW,FR,FR,actual_load,Actual Load,2026-06-19T10:14:15Z
2026-06-19T10:13:32Z,2026-06-19T12:13:32+0200,883e5adc-9734-481d-ba75-ca4b61ed39d5,2026-06-15T23:45:00Z,2026-06-16T01:45:00+0200,39340.08,MW,FR,FR,actual_load,Actual Load,2026-06-19T10:14:15Z
2026-06-19T10:13:32Z,2026-06-19T12:13:32+0200,883e5adc-9734-481d-ba75-ca4b61ed39d5,2026-06-16T00:00:00Z,2026-06-16T02:00:00+0200,39213.7,MW,FR,FR,actual_load,Actual Load,2026-06-19T10:14:15Z
2026-06-19T10:13:32Z,2026-06-19T12:13:32+0200,883e5adc-9734-481d-ba75-ca4b61ed39d5,2026-06-16T00:15:00Z,2026-06-16T02:15:00+0200,38188.95,MW,FR,FR,actual_load,Actual Load,2026-06-19T10:14:15Z
2026-06-19T10:13:32Z,2026-06-19T12:13:32+0200,883e5adc-9734-481d-ba75-ca4b61ed39d5,2026-06-16T00:30:00Z,2026-06-16T02:30:00+0200,37766.9,MW,FR,FR,actual_load,Actual Load,2026-06-19T10:14:15Z
2026-06-19T10:13:32Z,2026-06-19T12:13:32+0200,883e5adc-9734-481d-ba75-ca4b61ed39d5,2026-06-16T00:45:00Z,2026-06-16T02:45:00+0200,37149.08,MW,FR,FR,actual_load,Actual Load,2026-06-19T10:14:15Z
2026-06-19T10:13:32Z,2026-06-19T12:13:32+0200,883e5adc-9734-481d-ba75-ca4b61ed39d5,2026-06-16T01:00:00Z,2026-06-16T03:00:00+0200,36564.34,MW,FR,FR,actual_load,Actual Load,2026-06-19T10:14:15Z
2026-06-19T10:13:32Z,2026-06-19T12:13:32+0200,883e5adc-9734-481d-ba75-ca4b61ed39d5,2026-06-16T01:15:00Z,2026-06-16T03:15:00+0200,36005.09,MW,FR,FR,actual_load,Actual Load,2026-06-19T10:14:15Z
2026-06-19T10:13:32Z,2026-06-19T12:13:32+0200,883e5adc-9734-481d-ba75-ca4b61ed39d5,2026-06-16T01:30:00Z,2026-06-16T03:30:00+0200,35960.73,MW,FR,FR,actual_load,Actual Load,2026-06-19T10:14:15Z
2026-06-19T10:13:32Z,2026-06-19T12:13:32+0200,883e5adc-9734-481d-ba75-ca4b61ed39d5,2026-06-16T01:45:00Z,2026-06-16T03:45:00+0200,35782.5,MW,FR,FR,actual_load,Actual Load,2026-06-19T10:14:15Z
2026-06-19T10:13:32Z,2026-06-19T12:13:32+0200,883e5adc-9734-481d-ba75-ca4b61ed39d5,2026-06-16T02:00:00Z,2026-06-16T04:00:00+0200,35665.54,MW,FR,FR,actual_load,Actual Load,2026-06-19T10:14:15Z
2026-06-19T10:13:32Z,2026-06-19T12:13:32+0200,883e5adc-9734-481d-ba75-ca4b61ed39d5,2026-06-16T02:15:00Z,2026-06-16T04:15:00+0200,35484.95,MW,FR,FR,actual_load,Actual Load,2026-06-19T10:14:15Z
2026-06-19T10:13:32Z,2026-06-19T12:13:32+0200,883e5adc-9734-481d-ba75-ca4b61ed39d5,2026-06-16T02:30:00Z,2026-06-16T04:30:00+0200,35533.24,MW,FR,FR,actual_load,Actual Load,2026-06-19T10:14:15Z
2026-06-19T10:13:32Z,2026-06-19T12:13:32+0200,883e5adc-9734-481d-ba75-ca4b61ed39d5,2026-06-16T02:45:00Z,2026-06-16T04:45:00+0200,35738.14,MW,FR,FR,actual_load,Actual Load,2026-06-19T10:14:15Z
2026-06-19T10:13:32Z,2026-06-19T12:13:32+0200,883e5adc-9734-481d-ba75-ca4b61ed39d5,2026-06-16T03:00:00Z,2026-06-16T05:00:00+0200,36312.09,MW,FR,FR,actual_load,Actual Load,2026-06-19T10:14:15Z
2026-06-19T10:13:32Z,2026-06-19T12:13:32+0200,883e5adc-9734-481d-ba75-ca4b61ed39d5,2026-06-16T03:15:00Z,2026-06-16T05:15:00+0200,36887.44,MW,FR,FR,actual_load,Actual Load,2026-06-19T10:14:15Z
2026-06-19T10:13:32Z,2026-06-19T12:13:32+0200,883e5adc-9734-481d-ba75-ca4b61ed39d5,2026-06-16T03:30:00Z,2026-06-16T05:30:00+0200,37370.02,MW,FR,FR,actual_load,Actual Load,2026-06-19T10:14:15Z
2026-06-19T10:13:32Z,2026-06-19T12:13:32+0200,883e5adc-9734-481d-ba75-ca4b61ed39d5,2026-06-16T03:45:00Z,2026-06-16T05:45:00+0200,37814.07,MW,FR,FR,actual_load,Actual Load,2026-06-19T10:14:15Z
2026-06-19T10:13:32Z,2026-06-19T12:13:32+0200,883e5adc-9734-481d-ba75-ca4b61ed39d5,2026-06-16T04:00:00Z,2026-06-16T06:00:00+0200,38812.46,MW,FR,FR,actual_load,Actual Load,2026-06-19T10:14:15Z
2026-06-19T10:13:32Z,2026-06-19T12:13:32+0200,883e5adc-9734-481d-ba75-ca4b61ed39d5,2026-06-16T04:15:00Z,2026-06-16T06:15:00+0200,39647.07,MW,FR,FR,actual_load,Actual Load,2026-06-19T10:14:15Z
2026-06-19T10:13:32Z,2026-06-19T12:13:32+0200,883e5adc-9734-481d-ba75-ca4b61ed39d5,2026-06-16T04:30:00Z,2026-06-16T06:30:00+0200,40406.34,MW,FR,FR,actual_load,Actual Load,2026-06-19T10:14:15Z
2026-06-19T10:13:32Z,2026-06-19T12:13:32+0200,883e5adc-9734-481d-ba75-ca4b61ed39d5,2026-06-16T04:45:00Z,2026-06-16T06:45:00+0200,41349.96,MW,FR,FR,actual_load,Actual Load,2026-06-19T10:14:15Z
2026-06-19T10:13:32Z,2026-06-19T12:13:32+0200,883e5adc-9734-481d-ba75-ca4b61ed39d5,2026-06-16T05:00:00Z,2026-06-16T07:00:00+0200,42462.5,MW,FR,FR,actual_load,Actual Load,2026-06-19T10:14:15Z
2026-06-19T10:13:32Z,2026-06-19T12:13:32+0200,883e5adc-9734-481d-ba75-ca4b61ed39d5,2026-06-16T05:15:00Z,2026-06-16T07:15:00+0200,43407.65,MW,FR,FR,actual_load,Actual Load,2026-06-19T10:14:15Z
2026-06-19T10:13:32Z,2026-06-19T12:13:32+0200,883e5adc-9734-481d-ba75-ca4b61ed39d5,2026-06-16T05:30:00Z,2026-06-16T07:30:00+0200,44035.67,MW,FR,FR,actual_load,Actual Load,2026-06-19T10:14:15Z
2026-06-19T10:13:32Z,2026-06-19T12:13:32+0200,883e5adc-9734-481d-ba75-ca4b61ed39d5,2026-06-16T05:45:00Z,2026-06-16T07:45:00+0200,44768.02,MW,FR,FR,actual_load,Actual Load,2026-06-19T10:14:15Z
2026-06-19T10:13:32Z,2026-06-19T12:13:32+0200,883e5adc-9734-481d-ba75-ca4b61ed39d5,2026-06-16T06:00:00Z,2026-06-16T08:00:00+0200,45636.43,MW,FR,FR,actual_load,Actual Load,2026-06-19T10:14:15Z
2026-06-19T10:13:32Z,2026-06-19T12:13:32+0200,883e5adc-9734-481d-ba75-ca4b61ed39d5,2026-06-16T06:15:00Z,2026-06-16T08:15:00+0200,46193.55,MW,FR,FR,actual_load,Actual Load,2026-06-19T10:14:15Z
2026-06-19T10:13:32Z,2026-06-19T12:13:32+0200,883e5adc-9734-481d-ba75-ca4b61ed39d5,2026-06-16T06:30:00Z,2026-06-16T08:30:00+0200,46768.28,MW,FR,FR,actual_load,Actual Load,2026-06-19T10:14:15Z
2026-06-19T10:13:32Z,2026-06-19T12:13:32+0200,883e5adc-9734-481d-ba75-ca4b61ed39d5,2026-06-16T06:45:00Z,2026-06-16T08:45:00+0200,47019.22,MW,FR,FR,actual_load,Actual Load,2026-06-19T10:14:15Z
2026-06-19T10:13:32Z,2026-06-19T12:13:32+0200,883e5adc-9734-481d-ba75-ca4b61ed39d5,2026-06-16T07:00:00Z,2026-06-16T09:00:00+0200,47483.23,MW,FR,FR,actual_load,Actual Load,2026-06-19T10:14:15Z
2026-06-19T10:13:32Z,2026-06-19T12:13:32+0200,883e5adc-9734-481d-ba75-ca4b61ed39d5,2026-06-16T07:15:00Z,2026-06-16T09:15:00+0200,47603.22,MW,FR,FR,actual_load,Actual Load,2026-06-19T10:14:15Z
2026-06-19T10:13:32Z,2026-06-19T12:13:32+0200,883e5adc-9734-481d-ba75-ca4b61ed39d5,2026-06-16T07:30:00Z,2026-06-16T09:30:00+0200,47775.77,MW,FR,FR,actual_load,Actual Load,2026-06-19T10:14:15Z
2026-06-19T10:13:32Z,2026-06-19T12:13:32+0200,883e5adc-9734-481d-ba75-ca4b61ed39d5,2026-06-16T07:45:00Z,2026-06-16T09:45:00+0200,47870.48,MW,FR,FR,actual_load,Actual Load,2026-06-19T10:14:15Z
2026-06-19T10:13:32Z,2026-06-19T12:13:32+0200,883e5adc-9734-481d-ba75-ca4b61ed39d5,2026-06-16T08:00:00Z,2026-06-16T10:00:00+0200,48129.82,MW,FR,FR,actual_load,Actual Load,2026-06-19T10:14:15Z
2026-06-19T10:13:32Z,2026-06-19T12:13:32+0200,883e5adc-9734-481d-ba75-ca4b61ed39d5,2026-06-16T08:15:00Z,2026-06-16T10:15:00+0200,48029.13,MW,FR,FR,actual_load,Actual Load,2026-06-19T10:14:15Z
2026-06-19T10:13:32Z,2026-06-19T12:13:32+0200,883e5adc-9734-481d-ba75-ca4b61ed39d5,2026-06-16T08:30:00Z,2026-06-16T10:30:00+0200,47793.4,MW,FR,FR,actual_load,Actual Load,2026-06-19T10:14:15Z
2026-06-19T10:13:32Z,2026-06-19T12:13:32+0200,883e5adc-9734-481d-ba75-ca4b61ed39d5,2026-06-16T08:45:00Z,2026-06-16T10:45:00+0200,48037.51,MW,FR,FR,actual_load,Actual Load,2026-06-19T10:14:15Z
2026-06-19T10:13:32Z,2026-06-19T12:13:32+0200,883e5adc-9734-481d-ba75-ca4b61ed39d5,2026-06-16T09:00:00Z,2026-06-16T11:00:00+0200,48361.64,MW,FR,FR,actual_load,Actual Load,2026-06-19T10:14:15Z
2026-06-19T10:13:32Z,2026-06-19T12:13:32+0200,883e5adc-9734-481d-ba75-ca4b61ed39d5,2026-06-16T09:15:00Z,2026-06-16T11:15:00+0200,48065.26,MW,FR,FR,actual_load,Actual Load,2026-06-19T10:14:15Z
2026-06-19T10:13:32Z,2026-06-19T12:13:32+0200,883e5adc-9734-481d-ba75-ca4b61ed39d5,2026-06-16T09:30:00Z,2026-06-16T11:30:00+0200,48457.82,MW,FR,FR,actual_load,Actual Load,2026-06-19T10:14:15Z
2026-06-19T10:13:32Z,2026-06-19T12:13:32+0200,883e5adc-9734-481d-ba75-ca4b61ed39d5,2026-06-16T09:45:00Z,2026-06-16T11:45:00+0200,48554.67,MW,FR,FR,actual_load,Actual Load,2026-06-19T10:14:15Z
2026-06-19T10:13:32Z,2026-06-19T12:13:32+0200,883e5adc-9734-481d-ba75-ca4b61ed39d5,2026-06-16T10:00:00Z,2026-06-16T12:00:00+0200,48708.82,MW,FR,FR,actual_load,Actual Load,2026-06-19T10:14:15Z
2026-06-19T10:13:32Z,2026-06-19T12:13:32+0200,883e5adc-9734-481d-ba75-ca4b61ed39d5,2026-06-16T10:15:00Z,2026-06-16T12:15:00+0200,48699.41,MW,FR,FR,actual_load,Actual Load,2026-06-19T10:14:15Z
2026-06-19T10:13:32Z,2026-06-19T12:13:32+0200,883e5adc-9734-481d-ba75-ca4b61ed39d5,2026-06-16T10:30:00Z,2026-06-16T12:30:00+0200,49009.46,MW,FR,FR,actual_load,Actual Load,2026-06-19T10:14:15Z
2026-06-19T10:13:32Z,2026-06-19T12:13:32+0200,883e5adc-9734-481d-ba75-ca4b61ed39d5,2026-06-16T10:45:00Z,2026-06-16T12:45:00+0200,48599.75,MW,FR,FR,actual_load,Actual Load,2026-06-19T10:14:15Z
2026-06-19T10:13:32Z,2026-06-19T12:13:32+0200,883e5adc-9734-481d-ba75-ca4b61ed39d5,2026-06-16T11:00:00Z,2026-06-16T13:00:00+0200,48427.95,MW,FR,FR,actual_load,Actual Load,2026-06-19T10:14:15Z
2026-06-19T10:13:32Z,2026-06-19T12:13:32+0200,883e5adc-9734-481d-ba75-ca4b61ed39d5,2026-06-16T11:15:00Z,2026-06-16T13:15:00+0200,48152.55,MW,FR,FR,actual_load,Actual Load,2026-06-19T10:14:15Z
2026-06-19T10:13:32Z,2026-06-19T12:13:32+0200,883e5adc-9734-481d-ba75-ca4b61ed39d5,2026-06-16T11:30:00Z,2026-06-16T13:30:00+0200,48077.93,MW,FR,FR,actual_load,Actual Load,2026-06-19T10:14:15Z
2026-06-19T10:13:32Z,2026-06-19T12:13:32+0200,883e5adc-9734-481d-ba75-ca4b61ed39d5,2026-06-16T11:45:00Z,2026-06-16T13:45:00+0200,48349.39,MW,FR,FR,actual_load,Actual Load,2026-06-19T10:14:15Z
2026-06-19T10:13:32Z,2026-06-19T12:13:32+0200,883e5adc-9734-481d-ba75-ca4b61ed39d5,2026-06-16T12:00:00Z,2026-06-16T14:00:00+0200,49182.34,MW,FR,FR,actual_load,Actual Load,2026-06-19T10:14:15Z
2026-06-19T10:13:32Z,2026-06-19T12:13:32+0200,883e5adc-9734-481d-ba75-ca4b61ed39d5,2026-06-16T12:15:00Z,2026-06-16T14:15:00+0200,49472.22,MW,FR,FR,actual_load,Actual Load,2026-06-19T10:14:15Z
2026-06-19T10:13:32Z,2026-06-19T12:13:32+0200,883e5adc-9734-481d-ba75-ca4b61ed39d5,2026-06-16T12:30:00Z,2026-06-16T14:30:00+0200,49592.01,MW,FR,FR,actual_load,Actual Load,2026-06-19T10:14:15Z
2026-06-19T10:13:32Z,2026-06-19T12:13:32+0200,883e5adc-9734-481d-ba75-ca4b61ed39d5,2026-06-16T12:45:00Z,2026-06-16T14:45:00+0200,49211.73,MW,FR,FR,actual_load,Actual Load,2026-06-19T10:14:15Z
2026-06-19T10:13:32Z,2026-06-19T12:13:32+0200,883e5adc-9734-481d-ba75-ca4b61ed39d5,2026-06-16T13:00:00Z,2026-06-16T15:00:00+0200,49052.07,MW,FR,FR,actual_load,Actual Load,2026-06-19T10:14:15Z
2026-06-19T10:13:32Z,2026-06-19T12:13:32+0200,883e5adc-9734-481d-ba75-ca4b61ed39d5,2026-06-16T13:15:00Z,2026-06-16T15:15:00+0200,48617.36,MW,FR,FR,actual_load,Actual Load,2026-06-19T10:14:15Z
2026-06-19T10:13:32Z,2026-06-19T12:13:32+0200,883e5adc-9734-481d-ba75-ca4b61ed39d5,2026-06-16T13:30:00Z,2026-06-16T15:30:00+0200,48350.49,MW,FR,FR,actual_load,Actual Load,2026-06-19T10:14:15Z
2026-06-19T10:13:32Z,2026-06-19T12:13:32+0200,883e5adc-9734-481d-ba75-ca4b61ed39d5,2026-06-16T13:45:00Z,2026-06-16T15:45:00+0200,47877.41,MW,FR,FR,actual_load,Actual Load,2026-06-19T10:14:15Z
2026-06-19T10:13:32Z,2026-06-19T12:13:32+0200,883e5adc-9734-481d-ba75-ca4b61ed39d5,2026-06-16T14:00:00Z,2026-06-16T16:00:00+0200,47447.79,MW,FR,FR,actual_load,Actual Load,2026-06-19T10:14:15Z
2026-06-19T10:13:32Z,2026-06-19T12:13:32+0200,883e5adc-9734-481d-ba75-ca4b61ed39d5,2026-06-16T14:15:00Z,2026-06-16T16:15:00+0200,47396.25,MW,FR,FR,actual_load,Actual Load,2026-06-19T10:14:15Z
2026-06-19T10:13:32Z,2026-06-19T12:13:32+0200,883e5adc-9734-481d-ba75-ca4b61ed39d5,2026-06-16T14:30:00Z,2026-06-16T16:30:00+0200,47588.2,MW,FR,FR,actual_load,Actual Load,2026-06-19T10:14:15Z
2026-06-19T10:13:32Z,2026-06-19T12:13:32+0200,883e5adc-9734-481d-ba75-ca4b61ed39d5,2026-06-16T14:45:00Z,2026-06-16T16:45:00+0200,47282.17,MW,FR,FR,actual_load,Actual Load,2026-06-19T10:14:15Z
2026-06-19T10:13:32Z,2026-06-19T12:13:32+0200,883e5adc-9734-481d-ba75-ca4b61ed39d5,2026-06-16T15:00:00Z,2026-06-16T17:00:00+0200,46905.72,MW,FR,FR,actual_load,Actual Load,2026-06-19T10:14:15Z
2026-06-19T10:13:32Z,2026-06-19T12:13:32+0200,883e5adc-9734-481d-ba75-ca4b61ed39d5,2026-06-16T15:15:00Z,2026-06-16T17:15:00+0200,47005.3,MW,FR,FR,actual_load,Actual Load,2026-06-19T10:14:15Z
2026-06-19T10:13:32Z,2026-06-19T12:13:32+0200,883e5adc-9734-481d-ba75-ca4b61ed39d5,2026-06-16T15:30:00Z,2026-06-16T17:30:00+0200,47457.76,MW,FR,FR,actual_load,Actual Load,2026-06-19T10:14:15Z
2026-06-19T10:13:32Z,2026-06-19T12:13:32+0200,883e5adc-9734-481d-ba75-ca4b61ed39d5,2026-06-16T15:45:00Z,2026-06-16T17:45:00+0200,47856.16,MW,FR,FR,actual_load,Actual Load,2026-06-19T10:14:15Z
2026-06-19T10:13:32Z,2026-06-19T12:13:32+0200,883e5adc-9734-481d-ba75-ca4b61ed39d5,2026-06-16T16:00:00Z,2026-06-16T18:00:00+0200,48347.61,MW,FR,FR,actual_load,Actual Load,2026-06-19T10:14:15Z
2026-06-19T10:13:32Z,2026-06-19T12:13:32+0200,883e5adc-9734-481d-ba75-ca4b61ed39d5,2026-06-16T16:15:00Z,2026-06-16T18:15:00+0200,48896.77,MW,FR,FR,actual_load,Actual Load,2026-06-19T10:14:15Z
2026-06-19T10:13:32Z,2026-06-19T12:13:32+0200,883e5adc-9734-481d-ba75-ca4b61ed39d5,2026-06-16T16:30:00Z,2026-06-16T18:30:00+0200,49426.71,MW,FR,FR,actual_load,Actual Load,2026-06-19T10:14:15Z
2026-06-19T10:13:32Z,2026-06-19T12:13:32+0200,883e5adc-9734-481d-ba75-ca4b61ed39d5,2026-06-16T16:45:00Z,2026-06-16T18:45:00+0200,50006.84,MW,FR,FR,actual_load,Actual Load,2026-06-19T10:14:15Z
2026-06-19T10:13:32Z,2026-06-19T12:13:32+0200,883e5adc-9734-481d-ba75-ca4b61ed39d5,2026-06-16T17:00:00Z,2026-06-16T19:00:00+0200,50133.14,MW,FR,FR,actual_load,Actual Load,2026-06-19T10:14:15Z
2026-06-19T10:13:32Z,2026-06-19T12:13:32+0200,883e5adc-9734-481d-ba75-ca4b61ed39d5,2026-06-16T17:15:00Z,2026-06-16T19:15:00+0200,49977.84,MW,FR,FR,actual_load,Actual Load,2026-06-19T10:14:15Z
2026-06-19T10:13:32Z,2026-06-19T12:13:32+0200,883e5adc-9734-481d-ba75-ca4b61ed39d5,2026-06-16T17:30:00Z,2026-06-16T19:30:00+0200,49825.86,MW,FR,FR,actual_load,Actual Load,2026-06-19T10:14:15Z
2026-06-19T10:13:32Z,2026-06-19T12:13:32+0200,883e5adc-9734-481d-ba75-ca4b61ed39d5,2026-06-16T17:45:00Z,2026-06-16T19:45:00+0200,49550.05,MW,FR,FR,actual_load,Actual Load,2026-06-19T10:14:15Z
2026-06-19T10:13:32Z,2026-06-19T12:13:32+0200,883e5adc-9734-481d-ba75-ca4b61ed39d5,2026-06-16T18:00:00Z,2026-06-16T20:00:00+0200,49047.93,MW,FR,FR,actual_load,Actual Load,2026-06-19T10:14:15Z
2026-06-19T10:13:32Z,2026-06-19T12:13:32+0200,883e5adc-9734-481d-ba75-ca4b61ed39d5,2026-06-16T18:15:00Z,2026-06-16T20:15:00+0200,48232.82,MW,FR,FR,actual_load,Actual Load,2026-06-19T10:14:15Z
2026-06-19T10:13:32Z,2026-06-19T12:13:32+0200,883e5adc-9734-481d-ba75-ca4b61ed39d5,2026-06-16T18:30:00Z,2026-06-16T20:30:00+0200,47633.35,MW,FR,FR,actual_load,Actual Load,2026-06-19T10:14:15Z
2026-06-19T10:13:32Z,2026-06-19T12:13:32+0200,883e5adc-9734-481d-ba75-ca4b61ed39d5,2026-06-16T18:45:00Z,2026-06-16T20:45:00+0200,46996.53,MW,FR,FR,actual_load,Actual Load,2026-06-19T10:14:15Z
2026-06-19T10:13:32Z,2026-06-19T12:13:32+0200,883e5adc-9734-481d-ba75-ca4b61ed39d5,2026-06-16T19:00:00Z,2026-06-16T21:00:00+0200,46741.35,MW,FR,FR,actual_load,Actual Load,2026-06-19T10:14:15Z
2026-06-19T10:13:32Z,2026-06-19T12:13:32+0200,883e5adc-9734-481d-ba75-ca4b61ed39d5,2026-06-16T19:15:00Z,2026-06-16T21:15:00+0200,46064.89,MW,FR,FR,actual_load,Actual Load,2026-06-19T10:14:15Z
2026-06-19T10:13:32Z,2026-06-19T12:13:32+0200,883e5adc-9734-481d-ba75-ca4b61ed39d5,2026-06-16T19:30:00Z,2026-06-16T21:30:00+0200,45659.77,MW,FR,FR,actual_load,Actual Load,2026-06-19T10:14:15Z
2026-06-19T10:13:32Z,2026-06-19T12:13:32+0200,883e5adc-9734-481d-ba75-ca4b61ed39d5,2026-06-16T19:45:00Z,2026-06-16T21:45:00+0200,45390.31,MW,FR,FR,actual_load,Actual Load,2026-06-19T10:14:15Z
2026-06-19T10:13:32Z,2026-06-19T12:13:32+0200,883e5adc-9734-481d-ba75-ca4b61ed39d5,2026-06-16T20:00:00Z,2026-06-16T22:00:00+0200,46869.66,MW,FR,FR,actual_load,Actual Load,2026-06-19T10:14:15Z
2026-06-19T10:13:32Z,2026-06-19T12:13:32+0200,883e5adc-9734-481d-ba75-ca4b61ed39d5,2026-06-16T20:15:00Z,2026-06-16T22:15:00+0200,46609.65,MW,FR,FR,actual_load,Actual Load,2026-06-19T10:14:15Z
2026-06-19T10:13:32Z,2026-06-19T12:13:32+0200,883e5adc-9734-481d-ba75-ca4b61ed39d5,2026-06-16T20:30:00Z,2026-06-16T22:30:00+0200,47769.34,MW,FR,FR,actual_load,Actual Load,2026-06-19T10:14:15Z
2026-06-19T10:13:32Z,2026-06-19T12:13:32+0200,883e5adc-9734-481d-ba75-ca4b61ed39d5,2026-06-16T20:45:00Z,2026-06-16T22:45:00+0200,47206.94,MW,FR,FR,actual_load,Actual Load,2026-06-19T10:14:15Z
2026-06-19T10:13:32Z,2026-06-19T12:13:32+0200,883e5adc-9734-481d-ba75-ca4b61ed39d5,2026-06-16T21:00:00Z,2026-06-16T23:00:00+0200,46947.92,MW,FR,FR,actual_load,Actual Load,2026-06-19T10:14:15Z
2026-06-19T10:13:32Z,2026-06-19T12:13:32+0200,883e5adc-9734-481d-ba75-ca4b61ed39d5,2026-06-16T21:15:00Z,2026-06-16T23:15:00+0200,45970.52,MW,FR,FR,actual_load,Actual Load,2026-06-19T10:14:15Z
2026-06-19T10:13:32Z,2026-06-19T12:13:32+0200,883e5adc-9734-481d-ba75-ca4b61ed39d5,2026-06-16T21:30:00Z,2026-06-16T23:30:00+0200,46495.89,MW,FR,FR,actual_load,Actual Load,2026-06-19T10:14:15Z
2026-06-19T10:13:32Z,2026-06-19T12:13:32+0200,883e5adc-9734-481d-ba75-ca4b61ed39d5,2026-06-16T21:45:00Z,2026-06-16T23:45:00+0200,45407.35,MW,FR,FR,actual_load,Actual Load,2026-06-19T10:14:15Z
2026-06-19T10:13:32Z,2026-06-19T12:13:32+0200,883e5adc-9734-481d-ba75-ca4b61ed39d5,2026-06-16T22:00:00Z,2026-06-17T00:00:00+0200,45135.01,MW,FR,FR,actual_load,Actual Load,2026-06-19T10:14:15Z
2026-06-19T10:13:32Z,2026-06-19T12:13:32+0200,883e5adc-9734-481d-ba75-ca4b61ed39d5,2026-06-16T22:15:00Z,2026-06-17T00:15:00+0200,44067.77,MW,FR,FR,actual_load,Actual Load,2026-06-19T10:14:15Z
2026-06-19T10:13:32Z,2026-06-19T12:13:32+0200,883e5adc-9734-481d-ba75-ca4b61ed39d5,2026-06-16T22:30:00Z,2026-06-17T00:30:00+0200,42773.61,MW,FR,FR,actual_load,Actual Load,2026-06-19T10:14:15Z
2026-06-19T10:13:32Z,2026-06-19T12:13:32+0200,883e5adc-9734-481d-ba75-ca4b61ed39d5,2026-06-16T22:45:00Z,2026-06-17T00:45:00+0200,41681.14,MW,FR,FR,actual_load,Actual Load,2026-06-19T10:14:15Z
2026-06-19T10:13:32Z,2026-06-19T12:13:32+0200,883e5adc-9734-481d-ba75-ca4b61ed39d5,2026-06-16T23:00:00Z,2026-06-17T01:00:00+0200,41909.59,MW,FR,FR,actual_load,Actual Load,2026-06-19T10:14:15Z
2026-06-19T10:13:32Z,2026-06-19T12:13:32+0200,883e5adc-9734-481d-ba75-ca4b61ed39d5,2026-06-16T23:15:00Z,2026-06-17T01:15:00+0200,41288.35,MW,FR,FR,actual_load,Actual Load,2026-06-19T10:14:15Z
2026-06-19T10:13:32Z,2026-06-19T12:13:32+0200,883e5adc-9734-481d-ba75-ca4b61ed39d5,2026-06-16T23:30:00Z,2026-06-17T01:30:00+0200,41122.67,MW,FR,FR,actual_load,Actual Load,2026-06-19T10:14:15Z
2026-06-19T10:13:32Z,2026-06-19T12:13:32+0200,883e5adc-9734-481d-ba75-ca4b61ed39d5,2026-06-16T23:45:00Z,2026-06-17T01:45:00+0200,40190.91,MW,FR,FR,actual_load,Actual Load,2026-06-19T10:14:15Z
2026-06-19T10:13:32Z,2026-06-19T12:13:32+0200,883e5adc-9734-481d-ba75-ca4b61ed39d5,2026-06-17T00:00:00Z,2026-06-17T02:00:00+0200,40044.62,MW,FR,FR,actual_load,Actual Load,2026-06-19T10:14:15Z
2026-06-19T10:13:32Z,2026-06-19T12:13:32+0200,883e5adc-9734-481d-ba75-ca4b61ed39d5,2026-06-17T00:15:00Z,2026-06-17T02:15:00+0200,39254.2,MW,FR,FR,actual_load,Actual Load,2026-06-19T10:14:15Z
2026-06-19T10:13:32Z,2026-06-19T12:13:32+0200,883e5adc-9734-481d-ba75-ca4b61ed39d5,2026-06-17T00:30:00Z,2026-06-17T02:30:00+0200,38599.4,MW,FR,FR,actual_load,Actual Load,2026-06-19T10:14:15Z
2026-06-19T10:13:32Z,2026-06-19T12:13:32+0200,883e5adc-9734-481d-ba75-ca4b61ed39d5,2026-06-17T00:45:00Z,2026-06-17T02:45:00+0200,37943.52,MW,FR,FR,actual_load,Actual Load,2026-06-19T10:14:15Z
2026-06-19T10:13:32Z,2026-06-19T12:13:32+0200,883e5adc-9734-481d-ba75-ca4b61ed39d5,2026-06-17T01:00:00Z,2026-06-17T03:00:00+0200,37569.35,MW,FR,FR,actual_load,Actual Load,2026-06-19T10:14:15Z
2026-06-19T10:13:32Z,2026-06-19T12:13:32+0200,883e5adc-9734-481d-ba75-ca4b61ed39d5,2026-06-17T01:15:00Z,2026-06-17T03:15:00+0200,37060.46,MW,FR,FR,actual_load,Actual Load,2026-06-19T10:14:15Z
2026-06-19T10:13:32Z,2026-06-19T12:13:32+0200,883e5adc-9734-481d-ba75-ca4b61ed39d5,2026-06-17T01:30:00Z,2026-06-17T03:30:00+0200,36763.51,MW,FR,FR,actual_load,Actual Load,2026-06-19T10:14:15Z
2026-06-19T10:13:32Z,2026-06-19T12:13:32+0200,883e5adc-9734-481d-ba75-ca4b61ed39d5,2026-06-17T01:45:00Z,2026-06-17T03:45:00+0200,36553.59,MW,FR,FR,actual_load,Actual Load,2026-06-19T10:14:15Z
2026-06-19T10:13:32Z,2026-06-19T12:13:32+0200,883e5adc-9734-481d-ba75-ca4b61ed39d5,2026-06-17T02:00:00Z,2026-06-17T04:00:00+0200,36737.24,MW,FR,FR,actual_load,Actual Load,2026-06-19T10:14:15Z
2026-06-19T10:13:32Z,2026-06-19T12:13:32+0200,883e5adc-9734-481d-ba75-ca4b61ed39d5,2026-06-17T02:15:00Z,2026-06-17T04:15:00+0200,36527.03,MW,FR,FR,actual_load,Actual Load,2026-06-19T10:14:15Z
2026-06-19T10:13:32Z,2026-06-19T12:13:32+0200,883e5adc-9734-481d-ba75-ca4b61ed39d5,2026-06-17T02:30:00Z,2026-06-17T04:30:00+0200,36536.48,MW,FR,FR,actual_load,Actual Load,2026-06-19T10:14:15Z
2026-06-19T10:13:32Z,2026-06-19T12:13:32+0200,883e5adc-9734-481d-ba75-ca4b61ed39d5,2026-06-17T02:45:00Z,2026-06-17T04:45:00+0200,36558.86,MW,FR,FR,actual_load,Actual Load,2026-06-19T10:14:15Z
2026-06-19T10:13:32Z,2026-06-19T12:13:32+0200,883e5adc-9734-481d-ba75-ca4b61ed39d5,2026-06-17T03:00:00Z,2026-06-17T05:00:00+0200,37153.2,MW,FR,FR,actual_load,Actual Load,2026-06-19T10:14:15Z
2026-06-19T10:13:32Z,2026-06-19T12:13:32+0200,883e5adc-9734-481d-ba75-ca4b61ed39d5,2026-06-17T03:15:00Z,2026-06-17T05:15:00+0200,37571.18,MW,FR,FR,actual_load,Actual Load,2026-06-19T10:14:15Z
2026-06-19T10:13:32Z,2026-06-19T12:13:32+0200,883e5adc-9734-481d-ba75-ca4b61ed39d5,2026-06-17T03:30:00Z,2026-06-17T05:30:00+0200,37854.13,MW,FR,FR,actual_load,Actual Load,2026-06-19T10:14:15Z
2026-06-19T10:13:32Z,2026-06-19T12:13:32+0200,883e5adc-9734-481d-ba75-ca4b61ed39d5,2026-06-17T03:45:00Z,2026-06-17T05:45:00+0200,38128.58,MW,FR,FR,actual_load,Actual Load,2026-06-19T10:14:15Z
2026-06-19T10:13:32Z,2026-06-19T12:13:32+0200,883e5adc-9734-481d-ba75-ca4b61ed39d5,2026-06-17T04:00:00Z,2026-06-17T06:00:00+0200,39262.64,MW,FR,FR,actual_load,Actual Load,2026-06-19T10:14:15Z
2026-06-19T10:13:32Z,2026-06-19T12:13:32+0200,883e5adc-9734-481d-ba75-ca4b61ed39d5,2026-06-17T04:15:00Z,2026-06-17T06:15:00+0200,40111.23,MW,FR,FR,actual_load,Actual Load,2026-06-19T10:14:15Z
2026-06-19T10:13:32Z,2026-06-19T12:13:32+0200,883e5adc-9734-481d-ba75-ca4b61ed39d5,2026-06-17T04:30:00Z,2026-06-17T06:30:00+0200,40635.2,MW,FR,FR,actual_load,Actual Load,2026-06-19T10:14:15Z
2026-06-19T10:13:32Z,2026-06-19T12:13:32+0200,883e5adc-9734-481d-ba75-ca4b61ed39d5,2026-06-17T04:45:00Z,2026-06-17T06:45:00+0200,41484.5,MW,FR,FR,actual_load,Actual Load,2026-06-19T10:14:15Z
2026-06-19T10:13:32Z,2026-06-19T12:13:32+0200,883e5adc-9734-481d-ba75-ca4b61ed39d5,2026-06-17T05:00:00Z,2026-06-17T07:00:00+0200,42286.8,MW,FR,FR,actual_load,Actual Load,2026-06-19T10:14:15Z
2026-06-19T10:13:32Z,2026-06-19T12:13:32+0200,883e5adc-9734-481d-ba75-ca4b61ed39d5,2026-06-17T05:15:00Z,2026-06-17T07:15:00+0200,43022.67,MW,FR,FR,actual_load,Actual Load,2026-06-19T10:14:15Z
2026-06-19T10:13:32Z,2026-06-19T12:13:32+0200,883e5adc-9734-481d-ba75-ca4b61ed39d5,2026-06-17T05:30:00Z,2026-06-17T07:30:00+0200,43735.9,MW,FR,FR,actual_load,Actual Load,2026-06-19T10:14:15Z
2026-06-19T10:13:32Z,2026-06-19T12:13:32+0200,883e5adc-9734-481d-ba75-ca4b61ed39d5,2026-06-17T05:45:00Z,2026-06-17T07:45:00+0200,44428.91,MW,FR,FR,actual_load,Actual Load,2026-06-19T10:14:15Z
2026-06-19T10:13:32Z,2026-06-19T12:13:32+0200,883e5adc-9734-481d-ba75-ca4b61ed39d5,2026-06-17T06:00:00Z,2026-06-17T08:00:00+0200,45315.55,MW,FR,FR,actual_load,Actual Load,2026-06-19T10:14:15Z
2026-06-19T10:13:32Z,2026-06-19T12:13:32+0200,883e5adc-9734-481d-ba75-ca4b61ed39d5,2026-06-17T06:15:00Z,2026-06-17T08:15:00+0200,45735.22,MW,FR,FR,actual_load,Actual Load,2026-06-19T10:14:15Z
2026-06-19T10:13:32Z,2026-06-19T12:13:32+0200,883e5adc-9734-481d-ba75-ca4b61ed39d5,2026-06-17T06:30:00Z,2026-06-17T08:30:00+0200,46412.06,MW,FR,FR,actual_load,Actual Load,2026-06-19T10:14:15Z
2026-06-19T10:13:32Z,2026-06-19T12:13:32+0200,883e5adc-9734-481d-ba75-ca4b61ed39d5,2026-06-17T06:45:00Z,2026-06-17T08:45:00+0200,46606.86,MW,FR,FR,actual_load,Actual Load,2026-06-19T10:14:15Z
2026-06-19T10:13:32Z,2026-06-19T12:13:32+0200,883e5adc-9734-481d-ba75-ca4b61ed39d5,2026-06-17T07:00:00Z,2026-06-17T09:00:00+0200,47048.52,MW,FR,FR,actual_load,Actual Load,2026-06-19T10:14:15Z
2026-06-19T10:13:32Z,2026-06-19T12:13:32+0200,883e5adc-9734-481d-ba75-ca4b61ed39d5,2026-06-17T07:15:00Z,2026-06-17T09:15:00+0200,47706.9,MW,FR,FR,actual_load,Actual Load,2026-06-19T10:14:15Z
2026-06-19T10:13:32Z,2026-06-19T12:13:32+0200,883e5adc-9734-481d-ba75-ca4b61ed39d5,2026-06-17T07:30:00Z,2026-06-17T09:30:00+0200,47533.88,MW,FR,FR,actual_load,Actual Load,2026-06-19T10:14:15Z
2026-06-19T10:13:32Z,2026-06-19T12:13:32+0200,883e5adc-9734-481d-ba75-ca4b61ed39d5,2026-06-17T07:45:00Z,2026-06-17T09:45:00+0200,48044.03,MW,FR,FR,actual_load,Actual Load,2026-06-19T10:14:15Z
2026-06-19T10:13:32Z,2026-06-19T12:13:32+0200,883e5adc-9734-481d-ba75-ca4b61ed39d5,2026-06-17T08:00:00Z,2026-06-17T10:00:00+0200,48049.34,MW,FR,FR,actual_load,Actual Load,2026-06-19T10:14:15Z
2026-06-19T10:13:32Z,2026-06-19T12:13:32+0200,883e5adc-9734-481d-ba75-ca4b61ed39d5,2026-06-17T08:15:00Z,2026-06-17T10:15:00+0200,48294.32,MW,FR,FR,actual_load,Actual Load,2026-06-19T10:14:15Z
2026-06-19T10:13:32Z,2026-06-19T12:13:32+0200,883e5adc-9734-481d-ba75-ca4b61ed39d5,2026-06-17T08:30:00Z,2026-06-17T10:30:00+0200,48375.89,MW,FR,FR,actual_load,Actual Load,2026-06-19T10:14:15Z
2026-06-19T10:13:32Z,2026-06-19T12:13:32+0200,883e5adc-9734-481d-ba75-ca4b61ed39d5,2026-06-17T08:45:00Z,2026-06-17T10:45:00+0200,48555.86,MW,FR,FR,actual_load,Actual Load,2026-06-19T10:14:15Z
2026-06-19T10:13:32Z,2026-06-19T12:13:32+0200,883e5adc-9734-481d-ba75-ca4b61ed39d5,2026-06-17T09:00:00Z,2026-06-17T11:00:00+0200,48799.73,MW,FR,FR,actual_load,Actual Load,2026-06-19T10:14:15Z
2026-06-19T10:13:32Z,2026-06-19T12:13:32+0200,883e5adc-9734-481d-ba75-ca4b61ed39d5,2026-06-17T09:15:00Z,2026-06-17T11:15:00+0200,48831.52,MW,FR,FR,actual_load,Actual Load,2026-06-19T10:14:15Z
2026-06-19T10:13:32Z,2026-06-19T12:13:32+0200,883e5adc-9734-481d-ba75-ca4b61ed39d5,2026-06-17T09:30:00Z,2026-06-17T11:30:00+0200,49347.7,MW,FR,FR,actual_load,Actual Load,2026-06-19T10:14:15Z
2026-06-19T10:13:32Z,2026-06-19T12:13:32+0200,883e5adc-9734-481d-ba75-ca4b61ed39d5,2026-06-17T09:45:00Z,2026-06-17T11:45:00+0200,49739.79,MW,FR,FR,actual_load,Actual Load,2026-06-19T10:14:15Z
2026-06-19T10:13:32Z,2026-06-19T12:13:32+0200,883e5adc-9734-481d-ba75-ca4b61ed39d5,2026-06-17T10:00:00Z,2026-06-17T12:00:00+0200,49967.66,MW,FR,FR,actual_load,Actual Load,2026-06-19T10:14:15Z
2026-06-19T10:13:32Z,2026-06-19T12:13:32+0200,883e5adc-9734-481d-ba75-ca4b61ed39d5,2026-06-17T10:15:00Z,2026-06-17T12:15:00+0200,50113.75,MW,FR,FR,actual_load,Actual Load,2026-06-19T10:14:15Z
2026-06-19T10:13:32Z,2026-06-19T12:13:32+0200,883e5adc-9734-481d-ba75-ca4b61ed39d5,2026-06-17T10:30:00Z,2026-06-17T12:30:00+0200,50869.64,MW,FR,FR,actual_load,Actual Load,2026-06-19T10:14:15Z
2026-06-19T10:13:32Z,2026-06-19T12:13:32+0200,883e5adc-9734-481d-ba75-ca4b61ed39d5,2026-06-17T10:45:00Z,2026-06-17T12:45:00+0200,50351.46,MW,FR,FR,actual_load,Actual Load,2026-06-19T10:14:15Z
2026-06-19T10:13:32Z,2026-06-19T12:13:32+0200,883e5adc-9734-481d-ba75-ca4b61ed39d5,2026-06-17T11:00:00Z,2026-06-17T13:00:00+0200,50148.72,MW,FR,FR,actual_load,Actual Load,2026-06-19T10:14:15Z
2026-06-19T10:13:32Z,2026-06-19T12:13:32+0200,883e5adc-9734-481d-ba75-ca4b61ed39d5,2026-06-17T11:15:00Z,2026-06-17T13:15:00+0200,49870.33,MW,FR,FR,actual_load,Actual Load,2026-06-19T10:14:15Z
2026-06-19T10:13:32Z,2026-06-19T12:13:32+0200,883e5adc-9734-481d-ba75-ca4b61ed39d5,2026-06-17T11:30:00Z,2026-06-17T13:30:00+0200,49613.19,MW,FR,FR,actual_load,Actual Load,2026-06-19T10:14:15Z
2026-06-19T10:13:32Z,2026-06-19T12:13:32+0200,883e5adc-9734-481d-ba75-ca4b61ed39d5,2026-06-17T11:45:00Z,2026-06-17T13:45:00+0200,49771.34,MW,FR,FR,actual_load,Actual Load,2026-06-19T10:14:15Z
2026-06-19T10:13:32Z,2026-06-19T12:13:32+0200,883e5adc-9734-481d-ba75-ca4b61ed39d5,2026-06-17T12:00:00Z,2026-06-17T14:00:00+0200,50679.07,MW,FR,FR,actual_load,Actual Load,2026-06-19T10:14:15Z
2026-06-19T10:13:32Z,2026-06-19T12:13:32+0200,883e5adc-9734-481d-ba75-ca4b61ed39d5,2026-06-17T12:15:00Z,2026-06-17T14:15:00+0200,50687.2,MW,FR,FR,actual_load,Actual Load,2026-06-19T10:14:15Z
2026-06-19T10:13:32Z,2026-06-19T12:13:32+0200,883e5adc-9734-481d-ba75-ca4b61ed39d5,2026-06-17T12:30:00Z,2026-06-17T14:30:00+0200,50846.93,MW,FR,FR,actual_load,Actual Load,2026-06-19T10:14:15Z
2026-06-19T10:13:32Z,2026-06-19T12:13:32+0200,883e5adc-9734-481d-ba75-ca4b61ed39d5,2026-06-17T12:45:00Z,2026-06-17T14:45:00+0200,50480.48,MW,FR,FR,actual_load,Actual Load,2026-06-19T10:14:15Z
2026-06-19T10:13:32Z,2026-06-19T12:13:32+0200,883e5adc-9734-481d-ba75-ca4b61ed39d5,2026-06-17T13:00:00Z,2026-06-17T15:00:00+0200,50535.6,MW,FR,FR,actual_load,Actual Load,2026-06-19T10:14:15Z
2026-06-19T10:13:32Z,2026-06-19T12:13:32+0200,883e5adc-9734-481d-ba75-ca4b61ed39d5,2026-06-17T13:15:00Z,2026-06-17T15:15:00+0200,50228.14,MW,FR,FR,actual_load,Actual Load,2026-06-19T10:14:15Z
2026-06-19T10:13:32Z,2026-06-19T12:13:32+0200,883e5adc-9734-481d-ba75-ca4b61ed39d5,2026-06-17T13:30:00Z,2026-06-17T15:30:00+0200,50048.76,MW,FR,FR,actual_load,Actual Load,2026-06-19T10:14:15Z
2026-06-19T10:13:32Z,2026-06-19T12:13:32+0200,883e5adc-9734-481d-ba75-ca4b61ed39d5,2026-06-17T13:45:00Z,2026-06-17T15:45:00+0200,49565.69,MW,FR,FR,actual_load,Actual Load,2026-06-19T10:14:15Z
2026-06-19T10:13:32Z,2026-06-19T12:13:32+0200,883e5adc-9734-481d-ba75-ca4b61ed39d5,2026-06-17T14:00:00Z,2026-06-17T16:00:00+0200,49315.74,MW,FR,FR,actual_load,Actual Load,2026-06-19T10:14:15Z
2026-06-19T10:13:32Z,2026-06-19T12:13:32+0200,883e5adc-9734-481d-ba75-ca4b61ed39d5,2026-06-17T14:15:00Z,2026-06-17T16:15:00+0200,49304.11,MW,FR,FR,actual_load,Actual Load,2026-06-19T10:14:15Z
2026-06-19T10:13:32Z,2026-06-19T12:13:32+0200,883e5adc-9734-481d-ba75-ca4b61ed39d5,2026-06-17T14:30:00Z,2026-06-17T16:30:00+0200,49133.58,MW,FR,FR,actual_load,Actual Load,2026-06-19T10:14:15Z
2026-06-19T10:13:32Z,2026-06-19T12:13:32+0200,883e5adc-9734-481d-ba75-ca4b61ed39d5,2026-06-17T14:45:00Z,2026-06-17T16:45:00+0200,49257.89,MW,FR,FR,actual_load,Actual Load,2026-06-19T10:14:15Z
2026-06-19T10:13:32Z,2026-06-19T12:13:32+0200,883e5adc-9734-481d-ba75-ca4b61ed39d5,2026-06-17T15:00:00Z,2026-06-17T17:00:00+0200,49272.88,MW,FR,FR,actual_load,Actual Load,2026-06-19T10:14:15Z
2026-06-19T10:13:32Z,2026-06-19T12:13:32+0200,883e5adc-9734-481d-ba75-ca4b61ed39d5,2026-06-17T15:15:00Z,2026-06-17T17:15:00+0200,49235.89,MW,FR,FR,actual_load,Actual Load,2026-06-19T10:14:15Z
2026-06-19T10:13:32Z,2026-06-19T12:13:32+0200,883e5adc-9734-481d-ba75-ca4b61ed39d5,2026-06-17T15:30:00Z,2026-06-17T17:30:00+0200,49469.4,MW,FR,FR,actual_load,Actual Load,2026-06-19T10:14:15Z
2026-06-19T10:13:32Z,2026-06-19T12:13:32+0200,883e5adc-9734-481d-ba75-ca4b61ed39d5,2026-06-17T15:45:00Z,2026-06-17T17:45:00+0200,49914.23,MW,FR,FR,actual_load,Actual Load,2026-06-19T10:14:15Z
2026-06-19T10:13:32Z,2026-06-19T12:13:32+0200,883e5adc-9734-481d-ba75-ca4b61ed39d5,2026-06-17T16:00:00Z,2026-06-17T18:00:00+0200,50332.73,MW,FR,FR,actual_load,Actual Load,2026-06-19T10:14:15Z
2026-06-19T10:13:32Z,2026-06-19T12:13:32+0200,883e5adc-9734-481d-ba75-ca4b61ed39d5,2026-06-17T16:15:00Z,2026-06-17T18:15:00+0200,50671.51,MW,FR,FR,actual_load,Actual Load,2026-06-19T10:14:15Z
2026-06-19T10:13:32Z,2026-06-19T12:13:32+0200,883e5adc-9734-481d-ba75-ca4b61ed39d5,2026-06-17T16:30:00Z,2026-06-17T18:30:00+0200,51476.07,MW,FR,FR,actual_load,Actual Load,2026-06-19T10:14:15Z
2026-06-19T10:13:32Z,2026-06-19T12:13:32+0200,883e5adc-9734-481d-ba75-ca4b61ed39d5,2026-06-17T16:45:00Z,2026-06-17T18:45:00+0200,52323.98,MW,FR,FR,actual_load,Actual Load,2026-06-19T10:14:15Z
2026-06-19T10:13:32Z,2026-06-19T12:13:32+0200,883e5adc-9734-481d-ba75-ca4b61ed39d5,2026-06-17T17:00:00Z,2026-06-17T19:00:00+0200,52390.6,MW,FR,FR,actual_load,Actual Load,2026-06-19T10:14:15Z
2026-06-19T10:13:32Z,2026-06-19T12:13:32+0200,883e5adc-9734-481d-ba75-ca4b61ed39d5,2026-06-17T17:15:00Z,2026-06-17T19:15:00+0200,52266.48,MW,FR,FR,actual_load,Actual Load,2026-06-19T10:14:15Z
2026-06-19T10:13:32Z,2026-06-19T12:13:32+0200,883e5adc-9734-481d-ba75-ca4b61ed39d5,2026-06-17T17:30:00Z,2026-06-17T19:30:00+0200,52070.78,MW,FR,FR,actual_load,Actual Load,2026-06-19T10:14:15Z
2026-06-19T10:13:32Z,2026-06-19T12:13:32+0200,883e5adc-9734-481d-ba75-ca4b61ed39d5,2026-06-17T17:45:00Z,2026-06-17T19:45:00+0200,51906.65,MW,FR,FR,actual_load,Actual Load,2026-06-19T10:14:15Z
2026-06-19T10:13:32Z,2026-06-19T12:13:32+0200,883e5adc-9734-481d-ba75-ca4b61ed39d5,2026-06-17T18:00:00Z,2026-06-17T20:00:00+0200,51351.5,MW,FR,FR,actual_load,Actual Load,2026-06-19T10:14:15Z
2026-06-19T10:13:32Z,2026-06-19T12:13:32+0200,883e5adc-9734-481d-ba75-ca4b61ed39d5,2026-06-17T18:15:00Z,2026-06-17T20:15:00+0200,50604.72,MW,FR,FR,actual_load,Actual Load,2026-06-19T10:14:15Z
2026-06-19T10:13:32Z,2026-06-19T12:13:32+0200,883e5adc-9734-481d-ba75-ca4b61ed39d5,2026-06-17T18:30:00Z,2026-06-17T20:30:00+0200,49841.96,MW,FR,FR,actual_load,Actual Load,2026-06-19T10:14:15Z
2026-06-19T10:13:32Z,2026-06-19T12:13:32+0200,883e5adc-9734-481d-ba75-ca4b61ed39d5,2026-06-17T18:45:00Z,2026-06-17T20:45:00+0200,49280.05,MW,FR,FR,actual_load,Actual Load,2026-06-19T10:14:15Z
2026-06-19T10:13:32Z,2026-06-19T12:13:32+0200,883e5adc-9734-481d-ba75-ca4b61ed39d5,2026-06-17T19:00:00Z,2026-06-17T21:00:00+0200,48956.77,MW,FR,FR,actual_load,Actual Load,2026-06-19T10:14:15Z
2026-06-19T10:13:32Z,2026-06-19T12:13:32+0200,883e5adc-9734-481d-ba75-ca4b61ed39d5,2026-06-17T19:15:00Z,2026-06-17T21:15:00+0200,48642.36,MW,FR,FR,actual_load,Actual Load,2026-06-19T10:14:15Z
2026-06-19T10:13:32Z,2026-06-19T12:13:32+0200,883e5adc-9734-481d-ba75-ca4b61ed39d5,2026-06-17T19:30:00Z,2026-06-17T21:30:00+0200,48232.63,MW,FR,FR,actual_load,Actual Load,2026-06-19T10:14:15Z
2026-06-19T10:13:32Z,2026-06-19T12:13:32+0200,883e5adc-9734-481d-ba75-ca4b61ed39d5,2026-06-17T19:45:00Z,2026-06-17T21:45:00+0200,47865.43,MW,FR,FR,actual_load,Actual Load,2026-06-19T10:14:15Z
2026-06-19T10:13:32Z,2026-06-19T12:13:32+0200,883e5adc-9734-481d-ba75-ca4b61ed39d5,2026-06-17T20:00:00Z,2026-06-17T22:00:00+0200,49064.94,MW,FR,FR,actual_load,Actual Load,2026-06-19T10:14:15Z
2026-06-19T10:13:32Z,2026-06-19T12:13:32+0200,883e5adc-9734-481d-ba75-ca4b61ed39d5,2026-06-17T20:15:00Z,2026-06-17T22:15:00+0200,48822.34,MW,FR,FR,actual_load,Actual Load,2026-06-19T10:14:15Z
2026-06-19T10:13:32Z,2026-06-19T12:13:32+0200,883e5adc-9734-481d-ba75-ca4b61ed39d5,2026-06-17T20:30:00Z,2026-06-17T22:30:00+0200,49946.94,MW,FR,FR,actual_load,Actual Load,2026-06-19T10:14:15Z
2026-06-19T10:13:32Z,2026-06-19T12:13:32+0200,883e5adc-9734-481d-ba75-ca4b61ed39d5,2026-06-17T20:45:00Z,2026-06-17T22:45:00+0200,49336.14,MW,FR,FR,actual_load,Actual Load,2026-06-19T10:14:15Z
2026-06-19T10:13:32Z,2026-06-19T12:13:32+0200,883e5adc-9734-481d-ba75-ca4b61ed39d5,2026-06-17T21:00:00Z,2026-06-17T23:00:00+0200,49121.64,MW,FR,FR,actual_load,Actual Load,2026-06-19T10:14:15Z
2026-06-19T10:13:32Z,2026-06-19T12:13:32+0200,883e5adc-9734-481d-ba75-ca4b61ed39d5,2026-06-17T21:15:00Z,2026-06-17T23:15:00+0200,48201.38,MW,FR,FR,actual_load,Actual Load,2026-06-19T10:14:15Z
2026-06-19T10:13:32Z,2026-06-19T12:13:32+0200,883e5adc-9734-481d-ba75-ca4b61ed39d5,2026-06-17T21:30:00Z,2026-06-17T23:30:00+0200,48142.22,MW,FR,FR,actual_load,Actual Load,2026-06-19T10:14:15Z
2026-06-19T10:13:32Z,2026-06-19T12:13:32+0200,883e5adc-9734-481d-ba75-ca4b61ed39d5,2026-06-17T21:45:00Z,2026-06-17T23:45:00+0200,47023.04,MW,FR,FR,actual_load,Actual Load,2026-06-19T10:14:15Z
2026-06-19T10:13:32Z,2026-06-19T12:13:32+0200,883e5adc-9734-481d-ba75-ca4b61ed39d5,2026-06-17T22:00:00Z,2026-06-18T00:00:00+0200,46902.77,MW,FR,FR,actual_load,Actual Load,2026-06-19T10:14:15Z
2026-06-19T10:13:32Z,2026-06-19T12:13:32+0200,883e5adc-9734-481d-ba75-ca4b61ed39d5,2026-06-17T22:15:00Z,2026-06-18T00:15:00+0200,45526.25,MW,FR,FR,actual_load,Actual Load,2026-06-19T10:14:15Z
2026-06-19T10:13:32Z,2026-06-19T12:13:32+0200,883e5adc-9734-481d-ba75-ca4b61ed39d5,2026-06-17T22:30:00Z,2026-06-18T00:30:00+0200,44198.66,MW,FR,FR,actual_load,Actual Load,2026-06-19T10:14:15Z
2026-06-19T10:13:32Z,2026-06-19T12:13:32+0200,883e5adc-9734-481d-ba75-ca4b61ed39d5,2026-06-17T22:45:00Z,2026-06-18T00:45:00+0200,42986.19,MW,FR,FR,actual_load,Actual Load,2026-06-19T10:14:15Z
2026-06-19T10:13:32Z,2026-06-19T12:13:32+0200,883e5adc-9734-481d-ba75-ca4b61ed39d5,2026-06-17T23:00:00Z,2026-06-18T01:00:00+0200,43181.58,MW,FR,FR,actual_load,Actual Load,2026-06-19T10:14:15Z
2026-06-19T10:13:32Z,2026-06-19T12:13:32+0200,883e5adc-9734-481d-ba75-ca4b61ed39d5,2026-06-17T23:15:00Z,2026-06-18T01:15:00+0200,42513.37,MW,FR,FR,actual_load,Actual Load,2026-06-19T10:14:15Z
2026-06-19T10:13:32Z,2026-06-19T12:13:32+0200,883e5adc-9734-481d-ba75-ca4b61ed39d5,2026-06-17T23:30:00Z,2026-06-18T01:30:00+0200,42327.27,MW,FR,FR,actual_load,Actual Load,2026-06-19T10:14:15Z
2026-06-19T10:13:32Z,2026-06-19T12:13:32+0200,883e5adc-9734-481d-ba75-ca4b61ed39d5,2026-06-17T23:45:00Z,2026-06-18T01:45:00+0200,41613.33,MW,FR,FR,actual_load,Actual Load,2026-06-19T10:14:15Z
2026-06-19T10:13:32Z,2026-06-19T12:13:32+0200,883e5adc-9734-481d-ba75-ca4b61ed39d5,2026-06-18T00:00:00Z,2026-06-18T02:00:00+0200,41292.91,MW,FR,FR,actual_load,Actual Load,2026-06-19T10:14:15Z
2026-06-19T10:13:32Z,2026-06-19T12:13:32+0200,883e5adc-9734-481d-ba75-ca4b61ed39d5,2026-06-18T00:15:00Z,2026-06-18T02:15:00+0200,40416.9,MW,FR,FR,actual_load,Actual Load,2026-06-19T10:14:15Z
2026-06-19T10:13:32Z,2026-06-19T12:13:32+0200,883e5adc-9734-481d-ba75-ca4b61ed39d5,2026-06-18T00:30:00Z,2026-06-18T02:30:00+0200,39666.64,MW,FR,FR,actual_load,Actual Load,2026-06-19T10:14:15Z
2026-06-19T10:13:32Z,2026-06-19T12:13:32+0200,883e5adc-9734-481d-ba75-ca4b61ed39d5,2026-06-18T00:45:00Z,2026-06-18T02:45:00+0200,39041.3,MW,FR,FR,actual_load,Actual Load,2026-06-19T10:14:15Z
2026-06-19T10:13:32Z,2026-06-19T12:13:32+0200,883e5adc-9734-481d-ba75-ca4b61ed39d5,2026-06-18T01:00:00Z,2026-06-18T03:00:00+0200,38511.41,MW,FR,FR,actual_load,Actual Load,2026-06-19T10:14:15Z
2026-06-19T10:13:32Z,2026-06-19T12:13:32+0200,883e5adc-9734-481d-ba75-ca4b61ed39d5,2026-06-18T01:15:00Z,2026-06-18T03:15:00+0200,38138.93,MW,FR,FR,actual_load,Actual Load,2026-06-19T10:14:15Z
2026-06-19T10:13:32Z,2026-06-19T12:13:32+0200,883e5adc-9734-481d-ba75-ca4b61ed39d5,2026-06-18T01:30:00Z,2026-06-18T03:30:00+0200,37872.38,MW,FR,FR,actual_load,Actual Load,2026-06-19T10:14:15Z
2026-06-19T10:13:32Z,2026-06-19T12:13:32+0200,883e5adc-9734-481d-ba75-ca4b61ed39d5,2026-06-18T01:45:00Z,2026-06-18T03:45:00+0200,37489.66,MW,FR,FR,actual_load,Actual Load,2026-06-19T10:14:15Z
2026-06-19T10:13:32Z,2026-06-19T12:13:32+0200,883e5adc-9734-481d-ba75-ca4b61ed39d5,2026-06-18T02:00:00Z,2026-06-18T04:00:00+0200,37524.18,MW,FR,FR,actual_load,Actual Load,2026-06-19T10:14:15Z
2026-06-19T10:13:32Z,2026-06-19T12:13:32+0200,883e5adc-9734-481d-ba75-ca4b61ed39d5,2026-06-18T02:15:00Z,2026-06-18T04:15:00+0200,37263.69,MW,FR,FR,actual_load,Actual Load,2026-06-19T10:14:15Z
2026-06-19T10:13:32Z,2026-06-19T12:13:32+0200,883e5adc-9734-481d-ba75-ca4b61ed39d5,2026-06-18T02:30:00Z,2026-06-18T04:30:00+0200,37277.13,MW,FR,FR,actual_load,Actual Load,2026-06-19T10:14:15Z
2026-06-19T10:13:32Z,2026-06-19T12:13:32+0200,883e5adc-9734-481d-ba75-ca4b61ed39d5,2026-06-18T02:45:00Z,2026-06-18T04:45:00+0200,37383.89,MW,FR,FR,actual_load,Actual Load,2026-06-19T10:14:15Z
2026-06-19T10:13:32Z,2026-06-19T12:13:32+0200,883e5adc-9734-481d-ba75-ca4b61ed39d5,2026-06-18T03:00:00Z,2026-06-18T05:00:00+0200,38057.29,MW,FR,FR,actual_load,Actual Load,2026-06-19T10:14:15Z
2026-06-19T10:13:32Z,2026-06-19T12:13:32+0200,883e5adc-9734-481d-ba75-ca4b61ed39d5,2026-06-18T03:15:00Z,2026-06-18T05:15:00+0200,38378.4,MW,FR,FR,actual_load,Actual Load,2026-06-19T10:14:15Z
2026-06-19T10:13:32Z,2026-06-19T12:13:32+0200,883e5adc-9734-481d-ba75-ca4b61ed39d5,2026-06-18T03:30:00Z,2026-06-18T05:30:00+0200,38582.09,MW,FR,FR,actual_load,Actual Load,2026-06-19T10:14:15Z
2026-06-19T10:13:32Z,2026-06-19T12:13:32+0200,883e5adc-9734-481d-ba75-ca4b61ed39d5,2026-06-18T03:45:00Z,2026-06-18T05:45:00+0200,39102.91,MW,FR,FR,actual_load,Actual Load,2026-06-19T10:14:15Z
2026-06-19T10:13:32Z,2026-06-19T12:13:32+0200,883e5adc-9734-481d-ba75-ca4b61ed39d5,2026-06-18T04:00:00Z,2026-06-18T06:00:00+0200,40111.89,MW,FR,FR,actual_load,Actual Load,2026-06-19T10:14:15Z
2026-06-19T10:13:32Z,2026-06-19T12:13:32+0200,883e5adc-9734-481d-ba75-ca4b61ed39d5,2026-06-18T04:15:00Z,2026-06-18T06:15:00+0200,41077.33,MW,FR,FR,actual_load,Actual Load,2026-06-19T10:14:15Z
2026-06-19T10:13:32Z,2026-06-19T12:13:32+0200,883e5adc-9734-481d-ba75-ca4b61ed39d5,2026-06-18T04:30:00Z,2026-06-18T06:30:00+0200,41679.26,MW,FR,FR,actual_load,Actual Load,2026-06-19T10:14:15Z
2026-06-19T10:13:32Z,2026-06-19T12:13:32+0200,883e5adc-9734-481d-ba75-ca4b61ed39d5,2026-06-18T04:45:00Z,2026-06-18T06:45:00+0200,42569.06,MW,FR,FR,actual_load,Actual Load,2026-06-19T10:14:15Z
2026-06-19T10:13:32Z,2026-06-19T12:13:32+0200,883e5adc-9734-481d-ba75-ca4b61ed39d5,2026-06-18T05:00:00Z,2026-06-18T07:00:00+0200,43634.89,MW,FR,FR,actual_load,Actual Load,2026-06-19T10:14:15Z
2026-06-19T10:13:32Z,2026-06-19T12:13:32+0200,883e5adc-9734-481d-ba75-ca4b61ed39d5,2026-06-18T05:15:00Z,2026-06-18T07:15:00+0200,44461.66,MW,FR,FR,actual_load,Actual Load,2026-06-19T10:14:15Z
2026-06-19T10:13:32Z,2026-06-19T12:13:32+0200,883e5adc-9734-481d-ba75-ca4b61ed39d5,2026-06-18T05:30:00Z,2026-06-18T07:30:00+0200,45014.19,MW,FR,FR,actual_load,Actual Load,2026-06-19T10:14:15Z
2026-06-19T10:13:32Z,2026-06-19T12:13:32+0200,883e5adc-9734-481d-ba75-ca4b61ed39d5,2026-06-18T05:45:00Z,2026-06-18T07:45:00+0200,45859.64,MW,FR,FR,actual_load,Actual Load,2026-06-19T10:14:15Z
2026-06-19T10:13:32Z,2026-06-19T12:13:32+0200,883e5adc-9734-481d-ba75-ca4b61ed39d5,2026-06-18T06:00:00Z,2026-06-18T08:00:00+0200,46295.73,MW,FR,FR,actual_load,Actual Load,2026-06-19T10:14:15Z
2026-06-19T10:13:32Z,2026-06-19T12:13:32+0200,883e5adc-9734-481d-ba75-ca4b61ed39d5,2026-06-18T06:15:00Z,2026-06-18T08:15:00+0200,47086.88,MW,FR,FR,actual_load,Actual Load,2026-06-19T10:14:15Z
2026-06-19T10:13:32Z,2026-06-19T12:13:32+0200,883e5adc-9734-481d-ba75-ca4b61ed39d5,2026-06-18T06:30:00Z,2026-06-18T08:30:00+0200,47673.0,MW,FR,FR,actual_load,Actual Load,2026-06-19T10:14:15Z
2026-06-19T10:13:32Z,2026-06-19T12:13:32+0200,883e5adc-9734-481d-ba75-ca4b61ed39d5,2026-06-18T06:45:00Z,2026-06-18T08:45:00+0200,48143.59,MW,FR,FR,actual_load,Actual Load,2026-06-19T10:14:15Z
2026-06-19T10:13:32Z,2026-06-19T12:13:32+0200,883e5adc-9734-481d-ba75-ca4b61ed39d5,2026-06-18T07:00:00Z,2026-06-18T09:00:00+0200,48827.93,MW,FR,FR,actual_load,Actual Load,2026-06-19T10:14:15Z
2026-06-19T10:13:32Z,2026-06-19T12:13:32+0200,883e5adc-9734-481d-ba75-ca4b61ed39d5,2026-06-18T07:15:00Z,2026-06-18T09:15:00+0200,49402.54,MW,FR,FR,actual_load,Actual Load,2026-06-19T10:14:15Z
2026-06-19T10:13:32Z,2026-06-19T12:13:32+0200,883e5adc-9734-481d-ba75-ca4b61ed39d5,2026-06-18T07:30:00Z,2026-06-18T09:30:00+0200,49493.34,MW,FR,FR,actual_load,Actual Load,2026-06-19T10:14:15Z
2026-06-19T10:13:32Z,2026-06-19T12:13:32+0200,883e5adc-9734-481d-ba75-ca4b61ed39d5,2026-06-18T07:45:00Z,2026-06-18T09:45:00+0200,50002.45,MW,FR,FR,actual_load,Actual Load,2026-06-19T10:14:15Z
2026-06-19T10:13:32Z,2026-06-19T12:13:32+0200,883e5adc-9734-481d-ba75-ca4b61ed39d5,2026-06-18T08:00:00Z,2026-06-18T10:00:00+0200,50639.08,MW,FR,FR,actual_load,Actual Load,2026-06-19T10:14:15Z
2026-06-19T10:13:32Z,2026-06-19T12:13:32+0200,883e5adc-9734-481d-ba75-ca4b61ed39d5,2026-06-18T08:15:00Z,2026-06-18T10:15:00+0200,50651.99,MW,FR,FR,actual_load,Actual Load,2026-06-19T10:14:15Z
2026-06-19T10:13:32Z,2026-06-19T12:13:32+0200,883e5adc-9734-481d-ba75-ca4b61ed39d5,2026-06-18T08:30:00Z,2026-06-18T10:30:00+0200,50768.92,MW,FR,FR,actual_load,Actual Load,2026-06-19T10:14:15Z
2026-06-19T10:13:32Z,2026-06-19T12:13:32+0200,883e5adc-9734-481d-ba75-ca4b61ed39d5,2026-06-18T08:45:00Z,2026-06-18T10:45:00+0200,51202.19,MW,FR,FR,actual_load,Actual Load,2026-06-19T10:14:15Z
2026-06-19T10:13:32Z,2026-06-19T12:13:32+0200,883e5adc-9734-481d-ba75-ca4b61ed39d5,2026-06-18T09:00:00Z,2026-06-18T11:00:00+0200,51735.09,MW,FR,FR,actual_load,Actual Load,2026-06-19T10:14:15Z
2026-06-19T10:13:32Z,2026-06-19T12:13:32+0200,883e5adc-9734-481d-ba75-ca4b61ed39d5,2026-06-18T09:15:00Z,2026-06-18T11:15:00+0200,51649.6,MW,FR,FR,actual_load,Actual Load,2026-06-19T10:14:15Z
2026-06-19T10:13:32Z,2026-06-19T12:13:32+0200,883e5adc-9734-481d-ba75-ca4b61ed39d5,2026-06-18T09:30:00Z,2026-06-18T11:30:00+0200,52403.88,MW,FR,FR,actual_load,Actual Load,2026-06-19T10:14:15Z
2026-06-19T10:13:32Z,2026-06-19T12:13:32+0200,883e5adc-9734-481d-ba75-ca4b61ed39d5,2026-06-18T09:45:00Z,2026-06-18T11:45:00+0200,52885.61,MW,FR,FR,actual_load,Actual Load,2026-06-19T10:14:15Z
2026-06-19T10:13:32Z,2026-06-19T12:13:32+0200,883e5adc-9734-481d-ba75-ca4b61ed39d5,2026-06-18T10:00:00Z,2026-06-18T12:00:00+0200,53188.7,MW,FR,FR,actual_load,Actual Load,2026-06-19T10:14:15Z
2026-06-19T10:13:32Z,2026-06-19T12:13:32+0200,883e5adc-9734-481d-ba75-ca4b61ed39d5,2026-06-18T10:15:00Z,2026-06-18T12:15:00+0200,53104.8,MW,FR,FR,actual_load,Actual Load,2026-06-19T10:14:15Z
2026-06-19T10:13:32Z,2026-06-19T12:13:32+0200,883e5adc-9734-481d-ba75-ca4b61ed39d5,2026-06-18T10:30:00Z,2026-06-18T12:30:00+0200,53608.29,MW,FR,FR,actual_load,Actual Load,2026-06-19T10:14:15Z
2026-06-19T10:13:32Z,2026-06-19T12:13:32+0200,883e5adc-9734-481d-ba75-ca4b61ed39d5,2026-06-18T10:45:00Z,2026-06-18T12:45:00+0200,53447.68,MW,FR,FR,actual_load,Actual Load,2026-06-19T10:14:15Z
2026-06-19T10:13:32Z,2026-06-19T12:13:32+0200,883e5adc-9734-481d-ba75-ca4b61ed39d5,2026-06-18T11:00:00Z,2026-06-18T13:00:00+0200,53338.82,MW,FR,FR,actual_load,Actual Load,2026-06-19T10:14:15Z
2026-06-19T10:13:32Z,2026-06-19T12:13:32+0200,883e5adc-9734-481d-ba75-ca4b61ed39d5,2026-06-18T11:15:00Z,2026-06-18T13:15:00+0200,53025.87,MW,FR,FR,actual_load,Actual Load,2026-06-19T10:14:15Z
2026-06-19T10:13:32Z,2026-06-19T12:13:32+0200,883e5adc-9734-481d-ba75-ca4b61ed39d5,2026-06-18T11:30:00Z,2026-06-18T13:30:00+0200,53116.76,MW,FR,FR,actual_load,Actual Load,2026-06-19T10:14:15Z
2026-06-19T10:13:32Z,2026-06-19T12:13:32+0200,883e5adc-9734-481d-ba75-ca4b61ed39d5,2026-06-18T11:45:00Z,2026-06-18T13:45:00+0200,53014.77,MW,FR,FR,actual_load,Actual Load,2026-06-19T10:14:15Z
2026-06-19T10:13:32Z,2026-06-19T12:13:32+0200,883e5adc-9734-481d-ba75-ca4b61ed39d5,2026-06-18T12:00:00Z,2026-06-18T14:00:00+0200,53985.66,MW,FR,FR,actual_load,Actual Load,2026-06-19T10:14:15Z
2026-06-19T10:13:32Z,2026-06-19T12:13:32+0200,883e5adc-9734-481d-ba75-ca4b61ed39d5,2026-06-18T12:15:00Z,2026-06-18T14:15:00+0200,53783.35,MW,FR,FR,actual_load,Actual Load,2026-06-19T10:14:15Z
2026-06-19T10:13:32Z,2026-06-19T12:13:32+0200,883e5adc-9734-481d-ba75-ca4b61ed39d5,2026-06-18T12:30:00Z,2026-06-18T14:30:00+0200,53880.54,MW,FR,FR,actual_load,Actual Load,2026-06-19T10:14:15Z
2026-06-19T10:13:32Z,2026-06-19T12:13:32+0200,883e5adc-9734-481d-ba75-ca4b61ed39d5,2026-06-18T12:45:00Z,2026-06-18T14:45:00+0200,53671.65,MW,FR,FR,actual_load,Actual Load,2026-06-19T10:14:15Z
2026-06-19T10:13:32Z,2026-06-19T12:13:32+0200,883e5adc-9734-481d-ba75-ca4b61ed39d5,2026-06-18T13:00:00Z,2026-06-18T15:00:00+0200,53905.71,MW,FR,FR,actual_load,Actual Load,2026-06-19T10:14:15Z
2026-06-19T10:13:32Z,2026-06-19T12:13:32+0200,883e5adc-9734-481d-ba75-ca4b61ed39d5,2026-06-18T13:15:00Z,2026-06-18T15:15:00+0200,53380.5,MW,FR,FR,actual_load,Actual Load,2026-06-19T10:14:15Z
2026-06-19T10:13:32Z,2026-06-19T12:13:32+0200,883e5adc-9734-481d-ba75-ca4b61ed39d5,2026-06-18T13:30:00Z,2026-06-18T15:30:00+0200,53008.67,MW,FR,FR,actual_load,Actual Load,2026-06-19T10:14:15Z
2026-06-19T10:13:32Z,2026-06-19T12:13:32+0200,883e5adc-9734-481d-ba75-ca4b61ed39d5,2026-06-18T13:45:00Z,2026-06-18T15:45:00+0200,52494.33,MW,FR,FR,actual_load,Actual Load,2026-06-19T10:14:15Z
2026-06-19T10:13:32Z,2026-06-19T12:13:32+0200,883e5adc-9734-481d-ba75-ca4b61ed39d5,2026-06-18T14:00:00Z,2026-06-18T16:00:00+0200,52189.93,MW,FR,FR,actual_load,Actual Load,2026-06-19T10:14:15Z
2026-06-19T10:13:32Z,2026-06-19T12:13:32+0200,883e5adc-9734-481d-ba75-ca4b61ed39d5,2026-06-18T14:15:00Z,2026-06-18T16:15:00+0200,51844.18,MW,FR,FR,actual_load,Actual Load,2026-06-19T10:14:15Z
2026-06-19T10:13:32Z,2026-06-19T12:13:32+0200,883e5adc-9734-481d-ba75-ca4b61ed39d5,2026-06-18T14:30:00Z,2026-06-18T16:30:00+0200,51605.08,MW,FR,FR,actual_load,Actual Load,2026-06-19T10:14:15Z
2026-06-19T10:13:32Z,2026-06-19T12:13:32+0200,883e5adc-9734-481d-ba75-ca4b61ed39d5,2026-06-18T14:45:00Z,2026-06-18T16:45:00+0200,51841.71,MW,FR,FR,actual_load,Actual Load,2026-06-19T10:14:15Z
2026-06-19T10:13:32Z,2026-06-19T12:13:32+0200,883e5adc-9734-481d-ba75-ca4b61ed39d5,2026-06-18T15:00:00Z,2026-06-18T17:00:00+0200,51667.7,MW,FR,FR,actual_load,Actual Load,2026-06-19T10:14:15Z
2026-06-19T10:13:32Z,2026-06-19T12:13:32+0200,883e5adc-9734-481d-ba75-ca4b61ed39d5,2026-06-18T15:15:00Z,2026-06-18T17:15:00+0200,51793.21,MW,FR,FR,actual_load,Actual Load,2026-06-19T10:14:15Z
2026-06-19T10:13:32Z,2026-06-19T12:13:32+0200,883e5adc-9734-481d-ba75-ca4b61ed39d5,2026-06-18T15:30:00Z,2026-06-18T17:30:00+0200,52062.48,MW,FR,FR,actual_load,Actual Load,2026-06-19T10:14:15Z
2026-06-19T10:13:32Z,2026-06-19T12:13:32+0200,883e5adc-9734-481d-ba75-ca4b61ed39d5,2026-06-18T15:45:00Z,2026-06-18T17:45:00+0200,52483.26,MW,FR,FR,actual_load,Actual Load,2026-06-19T10:14:15Z
2026-06-19T10:13:32Z,2026-06-19T12:13:32+0200,883e5adc-9734-481d-ba75-ca4b61ed39d5,2026-06-18T16:00:00Z,2026-06-18T18:00:00+0200,52593.34,MW,FR,FR,actual_load,Actual Load,2026-06-19T10:14:15Z
2026-06-19T10:13:32Z,2026-06-19T12:13:32+0200,883e5adc-9734-481d-ba75-ca4b61ed39d5,2026-06-18T16:15:00Z,2026-06-18T18:15:00+0200,52585.16,MW,FR,FR,actual_load,Actual Load,2026-06-19T10:14:15Z
2026-06-19T10:13:32Z,2026-06-19T12:13:32+0200,883e5adc-9734-481d-ba75-ca4b61ed39d5,2026-06-18T16:30:00Z,2026-06-18T18:30:00+0200,53101.25,MW,FR,FR,actual_load,Actual Load,2026-06-19T10:14:15Z
2026-06-19T10:13:32Z,2026-06-19T12:13:32+0200,883e5adc-9734-481d-ba75-ca4b61ed39d5,2026-06-18T16:45:00Z,2026-06-18T18:45:00+0200,53515.79,MW,FR,FR,actual_load,Actual Load,2026-06-19T10:14:15Z
2026-06-19T10:13:32Z,2026-06-19T12:13:32+0200,883e5adc-9734-481d-ba75-ca4b61ed39d5,2026-06-18T17:00:00Z,2026-06-18T19:00:00+0200,53144.11,MW,FR,FR,actual_load,Actual Load,2026-06-19T10:14:15Z
2026-06-19T10:13:32Z,2026-06-19T12:13:32+0200,883e5adc-9734-481d-ba75-ca4b61ed39d5,2026-06-18T17:15:00Z,2026-06-18T19:15:00+0200,53061.11,MW,FR,FR,actual_load,Actual Load,2026-06-19T10:14:15Z
2026-06-19T10:13:32Z,2026-06-19T12:13:32+0200,883e5adc-9734-481d-ba75-ca4b61ed39d5,2026-06-18T17:30:00Z,2026-06-18T19:30:00+0200,52639.53,MW,FR,FR,actual_load,Actual Load,2026-06-19T10:14:15Z
2026-06-19T10:13:32Z,2026-06-19T12:13:32+0200,883e5adc-9734-481d-ba75-ca4b61ed39d5,2026-06-18T17:45:00Z,2026-06-18T19:45:00+0200,52372.7,MW,FR,FR,actual_load,Actual Load,2026-06-19T10:14:15Z
2026-06-19T10:13:32Z,2026-06-19T12:13:32+0200,883e5adc-9734-481d-ba75-ca4b61ed39d5,2026-06-18T18:00:00Z,2026-06-18T20:00:00+0200,51531.77,MW,FR,FR,actual_load,Actual Load,2026-06-19T10:14:15Z
2026-06-19T10:13:32Z,2026-06-19T12:13:32+0200,883e5adc-9734-481d-ba75-ca4b61ed39d5,2026-06-18T18:15:00Z,2026-06-18T20:15:00+0200,50909.4,MW,FR,FR,actual_load,Actual Load,2026-06-19T10:14:15Z
2026-06-19T10:13:32Z,2026-06-19T12:13:32+0200,883e5adc-9734-481d-ba75-ca4b61ed39d5,2026-06-18T18:30:00Z,2026-06-18T20:30:00+0200,50098.05,MW,FR,FR,actual_load,Actual Load,2026-06-19T10:14:15Z
2026-06-19T10:13:32Z,2026-06-19T12:13:32+0200,883e5adc-9734-481d-ba75-ca4b61ed39d5,2026-06-18T18:45:00Z,2026-06-18T20:45:00+0200,49517.86,MW,FR,FR,actual_load,Actual Load,2026-06-19T10:14:15Z
2026-06-19T10:13:32Z,2026-06-19T12:13:32+0200,883e5adc-9734-481d-ba75-ca4b61ed39d5,2026-06-18T19:00:00Z,2026-06-18T21:00:00+0200,49072.13,MW,FR,FR,actual_load,Actual Load,2026-06-19T10:14:15Z
2026-06-19T10:13:32Z,2026-06-19T12:13:32+0200,883e5adc-9734-481d-ba75-ca4b61ed39d5,2026-06-18T19:15:00Z,2026-06-18T21:15:00+0200,48731.44,MW,FR,FR,actual_load,Actual Load,2026-06-19T10:14:15Z
2026-06-19T10:13:32Z,2026-06-19T12:13:32+0200,883e5adc-9734-481d-ba75-ca4b61ed39d5,2026-06-18T19:30:00Z,2026-06-18T21:30:00+0200,48197.32,MW,FR,FR,actual_load,Actual Load,2026-06-19T10:14:15Z
2026-06-19T10:13:32Z,2026-06-19T12:13:32+0200,883e5adc-9734-481d-ba75-ca4b61ed39d5,2026-06-18T19:45:00Z,2026-06-18T21:45:00+0200,47890.08,MW,FR,FR,actual_load,Actual Load,2026-06-19T10:14:15Z
2026-06-19T10:13:32Z,2026-06-19T12:13:32+0200,883e5adc-9734-481d-ba75-ca4b61ed39d5,2026-06-18T20:00:00Z,2026-06-18T22:00:00+0200,49150.37,MW,FR,FR,actual_load,Actual Load,2026-06-19T10:14:15Z
2026-06-19T10:13:32Z,2026-06-19T12:13:32+0200,883e5adc-9734-481d-ba75-ca4b61ed39d5,2026-06-18T20:15:00Z,2026-06-18T22:15:00+0200,49246.27,MW,FR,FR,actual_load,Actual Load,2026-06-19T10:14:15Z
2026-06-19T10:13:32Z,2026-06-19T12:13:32+0200,883e5adc-9734-481d-ba75-ca4b61ed39d5,2026-06-18T20:30:00Z,2026-06-18T22:30:00+0200,50410.44,MW,FR,FR,actual_load,Actual Load,2026-06-19T10:14:15Z
2026-06-19T10:13:32Z,2026-06-19T12:13:32+0200,883e5adc-9734-481d-ba75-ca4b61ed39d5,2026-06-18T20:45:00Z,2026-06-18T22:45:00+0200,49811.0,MW,FR,FR,actual_load,Actual Load,2026-06-19T10:14:15Z
2026-06-19T10:13:32Z,2026-06-19T12:13:32+0200,883e5adc-9734-481d-ba75-ca4b61ed39d5,2026-06-18T21:00:00Z,2026-06-18T23:00:00+0200,49260.12,MW,FR,FR,actual_load,Actual Load,2026-06-19T10:14:15Z
2026-06-19T10:13:32Z,2026-06-19T12:13:32+0200,883e5adc-9734-481d-ba75-ca4b61ed39d5,2026-06-18T21:15:00Z,2026-06-18T23:15:00+0200,48226.3,MW,FR,FR,actual_load,Actual Load,2026-06-19T10:14:15Z
2026-06-19T10:13:32Z,2026-06-19T12:13:32+0200,883e5adc-9734-481d-ba75-ca4b61ed39d5,2026-06-18T21:30:00Z,2026-06-18T23:30:00+0200,48355.04,MW,FR,FR,actual_load,Actual Load,2026-06-19T10:14:15Z
2026-06-19T10:13:32Z,2026-06-19T12:13:32+0200,883e5adc-9734-481d-ba75-ca4b61ed39d5,2026-06-18T21:45:00Z,2026-06-18T23:45:00+0200,47205.6,MW,FR,FR,actual_load,Actual Load,2026-06-19T10:14:15Z
2026-06-19T10:13:32Z,2026-06-19T12:13:32+0200,883e5adc-9734-481d-ba75-ca4b61ed39d5,2026-06-18T22:00:00Z,2026-06-19T00:00:00+0200,46844.99,MW,FR,FR,actual_load,Actual Load,2026-06-19T10:14:15Z
2026-06-19T10:13:32Z,2026-06-19T12:13:32+0200,883e5adc-9734-481d-ba75-ca4b61ed39d5,2026-06-18T22:15:00Z,2026-06-19T00:15:00+0200,45593.71,MW,FR,FR,actual_load,Actual Load,2026-06-19T10:14:15Z
2026-06-19T10:13:32Z,2026-06-19T12:13:32+0200,883e5adc-9734-481d-ba75-ca4b61ed39d5,2026-06-18T22:30:00Z,2026-06-19T00:30:00+0200,44652.21,MW,FR,FR,actual_load,Actual Load,2026-06-19T10:14:15Z
2026-06-19T10:13:32Z,2026-06-19T12:13:32+0200,883e5adc-9734-481d-ba75-ca4b61ed39d5,2026-06-18T22:45:00Z,2026-06-19T00:45:00+0200,43491.96,MW,FR,FR,actual_load,Actual Load,2026-06-19T10:14:15Z
2026-06-19T10:13:32Z,2026-06-19T12:13:32+0200,883e5adc-9734-481d-ba75-ca4b61ed39d5,2026-06-18T23:00:00Z,2026-06-19T01:00:00+0200,43511.14,MW,FR,FR,actual_load,Actual Load,2026-06-19T10:14:15Z
2026-06-19T10:13:32Z,2026-06-19T12:13:32+0200,883e5adc-9734-481d-ba75-ca4b61ed39d5,2026-06-18T23:15:00Z,2026-06-19T01:15:00+0200,42679.22,MW,FR,FR,actual_load,Actual Load,2026-06-19T10:14:15Z
2026-06-19T10:13:32Z,2026-06-19T12:13:32+0200,883e5adc-9734-481d-ba75-ca4b61ed39d5,2026-06-18T23:30:00Z,2026-06-19T01:30:00+0200,42534.27,MW,FR,FR,actual_load,Actual Load,2026-06-19T10:14:15Z
2026-06-19T10:13:32Z,2026-06-19T12:13:32+0200,883e5adc-9734-481d-ba75-ca4b61ed39d5,2026-06-18T23:45:00Z,2026-06-19T01:45:00+0200,41738.51,MW,FR,FR,actual_load,Actual Load,2026-06-19T10:14:15Z
2026-06-19T10:13:32Z,2026-06-19T12:13:32+0200,883e5adc-9734-481d-ba75-ca4b61ed39d5,2026-06-19T00:00:00Z,2026-06-19T02:00:00+0200,41382.83,MW,FR,FR,actual_load,Actual Load,2026-06-19T10:14:15Z
2026-06-19T10:13:32Z,2026-06-19T12:13:32+0200,883e5adc-9734-481d-ba75-ca4b61ed39d5,2026-06-19T00:15:00Z,2026-06-19T02:15:00+0200,40471.89,MW,FR,FR,actual_load,Actual Load,2026-06-19T10:14:15Z
2026-06-19T10:13:32Z,2026-06-19T12:13:32+0200,883e5adc-9734-481d-ba75-ca4b61ed39d5,2026-06-19T00:30:00Z,2026-06-19T02:30:00+0200,39755.85,MW,FR,FR,actual_load,Actual Load,2026-06-19T10:14:15Z
2026-06-19T10:13:32Z,2026-06-19T12:13:32+0200,883e5adc-9734-481d-ba75-ca4b61ed39d5,2026-06-19T00:45:00Z,2026-06-19T02:45:00+0200,39065.11,MW,FR,FR,actual_load,Actual Load,2026-06-19T10:14:15Z
2026-06-19T10:13:32Z,2026-06-19T12:13:32+0200,883e5adc-9734-481d-ba75-ca4b61ed39d5,2026-06-19T01:00:00Z,2026-06-19T03:00:00+0200,38544.68,MW,FR,FR,actual_load,Actual Load,2026-06-19T10:14:15Z
2026-06-19T10:13:32Z,2026-06-19T12:13:32+0200,883e5adc-9734-481d-ba75-ca4b61ed39d5,2026-06-19T01:15:00Z,2026-06-19T03:15:00+0200,38066.88,MW,FR,FR,actual_load,Actual Load,2026-06-19T10:14:15Z
2026-06-19T10:13:32Z,2026-06-19T12:13:32+0200,883e5adc-9734-481d-ba75-ca4b61ed39d5,2026-06-19T01:30:00Z,2026-06-19T03:30:00+0200,37820.25,MW,FR,FR,actual_load,Actual Load,2026-06-19T10:14:15Z
2026-06-19T10:13:32Z,2026-06-19T12:13:32+0200,883e5adc-9734-481d-ba75-ca4b61ed39d5,2026-06-19T01:45:00Z,2026-06-19T03:45:00+0200,37615.45,MW,FR,FR,actual_load,Actual Load,2026-06-19T10:14:15Z
2026-06-19T10:13:32Z,2026-06-19T12:13:32+0200,883e5adc-9734-481d-ba75-ca4b61ed39d5,2026-06-19T02:00:00Z,2026-06-19T04:00:00+0200,37629.79,MW,FR,FR,actual_load,Actual Load,2026-06-19T10:14:15Z
2026-06-19T10:13:32Z,2026-06-19T12:13:32+0200,883e5adc-9734-481d-ba75-ca4b61ed39d5,2026-06-19T02:15:00Z,2026-06-19T04:15:00+0200,37555.98,MW,FR,FR,actual_load,Actual Load,2026-06-19T10:14:15Z
2026-06-19T10:13:32Z,2026-06-19T12:13:32+0200,883e5adc-9734-481d-ba75-ca4b61ed39d5,2026-06-19T02:30:00Z,2026-06-19T04:30:00+0200,37421.96,MW,FR,FR,actual_load,Actual Load,2026-06-19T10:14:15Z
2026-06-19T10:13:32Z,2026-06-19T12:13:32+0200,883e5adc-9734-481d-ba75-ca4b61ed39d5,2026-06-19T02:45:00Z,2026-06-19T04:45:00+0200,37512.78,MW,FR,FR,actual_load,Actual Load,2026-06-19T10:14:15Z
2026-06-19T10:13:32Z,2026-06-19T12:13:32+0200,883e5adc-9734-481d-ba75-ca4b61ed39d5,2026-06-19T03:00:00Z,2026-06-19T05:00:00+0200,38001.03,MW,FR,FR,actual_load,Actual Load,2026-06-19T10:14:15Z
2026-06-19T10:13:32Z,2026-06-19T12:13:32+0200,883e5adc-9734-481d-ba75-ca4b61ed39d5,2026-06-19T03:15:00Z,2026-06-19T05:15:00+0200,38423.46,MW,FR,FR,actual_load,Actual Load,2026-06-19T10:14:15Z
2026-06-19T10:13:32Z,2026-06-19T12:13:32+0200,883e5adc-9734-481d-ba75-ca4b61ed39d5,2026-06-19T03:30:00Z,2026-06-19T05:30:00+0200,38811.79,MW,FR,FR,actual_load,Actual Load,2026-06-19T10:14:15Z
2026-06-19T10:13:32Z,2026-06-19T12:13:32+0200,883e5adc-9734-481d-ba75-ca4b61ed39d5,2026-06-19T03:45:00Z,2026-06-19T05:45:00+0200,39213.14,MW,FR,FR,actual_load,Actual Load,2026-06-19T10:14:15Z
2026-06-19T10:13:32Z,2026-06-19T12:13:32+0200,883e5adc-9734-481d-ba75-ca4b61ed39d5,2026-06-19T04:00:00Z,2026-06-19T06:00:00+0200,39979.61,MW,FR,FR,actual_load,Actual Load,2026-06-19T10:14:15Z
2026-06-19T10:13:32Z,2026-06-19T12:13:32+0200,883e5adc-9734-481d-ba75-ca4b61ed39d5,2026-06-19T04:15:00Z,2026-06-19T06:15:00+0200,40933.21,MW,FR,FR,actual_load,Actual Load,2026-06-19T10:14:15Z
2026-06-19T10:13:32Z,2026-06-19T12:13:32+0200,883e5adc-9734-481d-ba75-ca4b61ed39d5,2026-06-19T04:30:00Z,2026-06-19T06:30:00+0200,41875.65,MW,FR,FR,actual_load,Actual Load,2026-06-19T10:14:15Z
2026-06-19T10:13:32Z,2026-06-19T12:13:32+0200,883e5adc-9734-481d-ba75-ca4b61ed39d5,2026-06-19T04:45:00Z,2026-06-19T06:45:00+0200,42888.62,MW,FR,FR,actual_load,Actual Load,2026-06-19T10:14:15Z
2026-06-19T10:13:32Z,2026-06-19T12:13:32+0200,883e5adc-9734-481d-ba75-ca4b61ed39d5,2026-06-19T05:00:00Z,2026-06-19T07:00:00+0200,43918.55,MW,FR,FR,actual_load,Actual Load,2026-06-19T10:14:15Z
2026-06-19T10:13:32Z,2026-06-19T12:13:32+0200,883e5adc-9734-481d-ba75-ca4b61ed39d5,2026-06-19T05:15:00Z,2026-06-19T07:15:00+0200,44790.0,MW,FR,FR,actual_load,Actual Load,2026-06-19T10:14:15Z
2026-06-19T10:13:32Z,2026-06-19T12:13:32+0200,883e5adc-9734-481d-ba75-ca4b61ed39d5,2026-06-19T05:30:00Z,2026-06-19T07:30:00+0200,45599.28,MW,FR,FR,actual_load,Actual Load,2026-06-19T10:14:15Z
2026-06-19T10:13:32Z,2026-06-19T12:13:32+0200,883e5adc-9734-481d-ba75-ca4b61ed39d5,2026-06-19T05:45:00Z,2026-06-19T07:45:00+0200,45978.5,MW,FR,FR,actual_load,Actual Load,2026-06-19T10:14:15Z
2026-06-19T10:13:32Z,2026-06-19T12:13:32+0200,883e5adc-9734-481d-ba75-ca4b61ed39d5,2026-06-19T06:00:00Z,2026-06-19T08:00:00+0200,46577.09,MW,FR,FR,actual_load,Actual Load,2026-06-19T10:14:15Z
2026-06-19T10:13:32Z,2026-06-19T12:13:32+0200,883e5adc-9734-481d-ba75-ca4b61ed39d5,2026-06-19T06:15:00Z,2026-06-19T08:15:00+0200,47103.41,MW,FR,FR,actual_load,Actual Load,2026-06-19T10:14:15Z
2026-06-19T10:13:32Z,2026-06-19T12:13:32+0200,883e5adc-9734-481d-ba75-ca4b61ed39d5,2026-06-19T06:30:00Z,2026-06-19T08:30:00+0200,47680.52,MW,FR,FR,actual_load,Actual Load,2026-06-19T10:14:15Z
2026-06-19T10:13:32Z,2026-06-19T12:13:32+0200,883e5adc-9734-481d-ba75-ca4b61ed39d5,2026-06-19T06:45:00Z,2026-06-19T08:45:00+0200,48127.97,MW,FR,FR,actual_load,Actual Load,2026-06-19T10:14:15Z
2026-06-19T10:13:32Z,2026-06-19T12:13:32+0200,883e5adc-9734-481d-ba75-ca4b61ed39d5,2026-06-19T07:00:00Z,2026-06-19T09:00:00+0200,48685.68,MW,FR,FR,actual_load,Actual Load,2026-06-19T10:14:15Z
2026-06-19T10:13:32Z,2026-06-19T12:13:32+0200,883e5adc-9734-481d-ba75-ca4b61ed39d5,2026-06-19T07:15:00Z,2026-06-19T09:15:00+0200,49203.17,MW,FR,FR,actual_load,Actual Load,2026-06-19T10:14:15Z
2026-06-19T10:13:32Z,2026-06-19T12:13:32+0200,883e5adc-9734-481d-ba75-ca4b61ed39d5,2026-06-19T07:30:00Z,2026-06-19T09:30:00+0200,49491.59,MW,FR,FR,actual_load,Actual Load,2026-06-19T10:14:15Z
2026-06-19T10:13:32Z,2026-06-19T12:13:32+0200,883e5adc-9734-481d-ba75-ca4b61ed39d5,2026-06-19T07:45:00Z,2026-06-19T09:45:00+0200,49888.05,MW,FR,FR,actual_load,Actual Load,2026-06-19T10:14:15Z
2026-06-19T10:13:32Z,2026-06-19T12:13:32+0200,883e5adc-9734-481d-ba75-ca4b61ed39d5,2026-06-19T08:00:00Z,2026-06-19T10:00:00+0200,50501.87,MW,FR,FR,actual_load,Actual Load,2026-06-19T10:14:15Z
2026-06-19T10:13:32Z,2026-06-19T12:13:32+0200,883e5adc-9734-481d-ba75-ca4b61ed39d5,2026-06-19T08:15:00Z,2026-06-19T10:15:00+0200,50601.95,MW,FR,FR,actual_load,Actual Load,2026-06-19T10:14:15Z
2026-06-19T10:13:32Z,2026-06-19T12:13:32+0200,883e5adc-9734-481d-ba75-ca4b61ed39d5,2026-06-19T08:30:00Z,2026-06-19T10:30:00+0200,50448.43,MW,FR,FR,actual_load,Actual Load,2026-06-19T10:14:15Z
2026-06-19T10:13:32Z,2026-06-19T12:13:32+0200,883e5adc-9734-481d-ba75-ca4b61ed39d5,2026-06-19T08:45:00Z,2026-06-19T10:45:00+0200,50514.67,MW,FR,FR,actual_load,Actual Load,2026-06-19T10:14:15Z
2026-06-19T10:13:32Z,2026-06-19T12:13:32+0200,883e5adc-9734-481d-ba75-ca4b61ed39d5,2026-06-19T09:00:00Z,2026-06-19T11:00:00+0200,50900.94,MW,FR,FR,actual_load,Actual Load,2026-06-19T10:14:15Z
2026-06-19T10:13:32Z,2026-06-19T12:13:32+0200,883e5adc-9734-481d-ba75-ca4b61ed39d5,2026-06-19T09:15:00Z,2026-06-19T11:15:00+0200,51276.32,MW,FR,FR,actual_load,Actual Load,2026-06-19T10:14:15Z
2026-06-19T10:13:32Z,2026-06-19T12:13:32+0200,883e5adc-9734-481d-ba75-ca4b61ed39d5,2026-06-19T09:30:00Z,2026-06-19T11:30:00+0200,51300.04,MW,FR,FR,actual_load,Actual Load,2026-06-19T10:14:15Z
2026-06-19T10:13:32Z,2026-06-19T12:13:32+0200,883e5adc-9734-481d-ba75-ca4b61ed39d5,2026-06-19T09:45:00Z,2026-06-19T11:45:00+0200,51993.26,MW,FR,FR,actual_load,Actual Load,2026-06-19T10:14:15Z
