collection_time_utc,collection_time_local,run_id,timestamp_utc,timestamp_local,value,unit,country,entsoe_area,variable,source,updated_at_utc
2026-08-11T07:56:44Z,2026-08-11T09:56:44+0200,58a750df-313e-448a-89dd-c0365ec5f82d,2026-07-11T08:15:00Z,2026-07-11T10:15:00+0200,60.0,MW,DK1,DK_1,forecast_offshore_wind_generation,Wind Offshore,2026-08-11T08:00:34Z
2026-08-11T07:56:44Z,2026-08-11T09:56:44+0200,58a750df-313e-448a-89dd-c0365ec5f82d,2026-07-11T08:30:00Z,2026-07-11T10:30:00+0200,67.0,MW,DK1,DK_1,forecast_offshore_wind_generation,Wind Offshore,2026-08-11T08:00:34Z
2026-08-11T07:56:44Z,2026-08-11T09:56:44+0200,58a750df-313e-448a-89dd-c0365ec5f82d,2026-07-11T08:45:00Z,2026-07-11T10:45:00+0200,74.5,MW,DK1,DK_1,forecast_offshore_wind_generation,Wind Offshore,2026-08-11T08:00:34Z
2026-08-11T07:56:44Z,2026-08-11T09:56:44+0200,58a750df-313e-448a-89dd-c0365ec5f82d,2026-07-11T09:00:00Z,2026-07-11T11:00:00+0200,81.0,MW,DK1,DK_1,forecast_offshore_wind_generation,Wind Offshore,2026-08-11T08:00:34Z
2026-08-11T07:56:44Z,2026-08-11T09:56:44+0200,58a750df-313e-448a-89dd-c0365ec5f82d,2026-07-11T09:15:00Z,2026-07-11T11:15:00+0200,87.833333,MW,DK1,DK_1,forecast_offshore_wind_generation,Wind Offshore,2026-08-11T08:00:34Z
2026-08-11T07:56:44Z,2026-08-11T09:56:44+0200,58a750df-313e-448a-89dd-c0365ec5f82d,2026-07-11T09:30:00Z,2026-07-11T11:30:00+0200,94.5,MW,DK1,DK_1,forecast_offshore_wind_generation,Wind Offshore,2026-08-11T08:00:34Z
2026-08-11T07:56:44Z,2026-08-11T09:56:44+0200,58a750df-313e-448a-89dd-c0365ec5f82d,2026-07-11T09:45:00Z,2026-07-11T11:45:00+0200,99.5,MW,DK1,DK_1,forecast_offshore_wind_generation,Wind Offshore,2026-08-11T08:00:34Z
2026-08-11T07:56:44Z,2026-08-11T09:56:44+0200,58a750df-313e-448a-89dd-c0365ec5f82d,2026-07-11T10:00:00Z,2026-07-11T12:00:00+0200,101.0,MW,DK1,DK_1,forecast_offshore_wind_generation,Wind Offshore,2026-08-11T08:00:34Z
2026-08-11T07:56:44Z,2026-08-11T09:56:44+0200,58a750df-313e-448a-89dd-c0365ec5f82d,2026-07-11T10:15:00Z,2026-07-11T12:15:00+0200,100.0,MW,DK1,DK_1,forecast_offshore_wind_generation,Wind Offshore,2026-08-11T08:00:34Z
2026-08-11T07:56:44Z,2026-08-11T09:56:44+0200,58a750df-313e-448a-89dd-c0365ec5f82d,2026-07-11T10:30:00Z,2026-07-11T12:30:00+0200,97.333333,MW,DK1,DK_1,forecast_offshore_wind_generation,Wind Offshore,2026-08-11T08:00:34Z
2026-08-11T07:56:44Z,2026-08-11T09:56:44+0200,58a750df-313e-448a-89dd-c0365ec5f82d,2026-07-11T10:45:00Z,2026-07-11T12:45:00+0200,93.5,MW,DK1,DK_1,forecast_offshore_wind_generation,Wind Offshore,2026-08-11T08:00:34Z
2026-08-11T07:56:44Z,2026-08-11T09:56:44+0200,58a750df-313e-448a-89dd-c0365ec5f82d,2026-07-11T11:00:00Z,2026-07-11T13:00:00+0200,89.833333,MW,DK1,DK_1,forecast_offshore_wind_generation,Wind Offshore,2026-08-11T08:00:34Z
2026-08-11T07:56:44Z,2026-08-11T09:56:44+0200,58a750df-313e-448a-89dd-c0365ec5f82d,2026-07-11T11:15:00Z,2026-07-11T13:15:00+0200,85.0,MW,DK1,DK_1,forecast_offshore_wind_generation,Wind Offshore,2026-08-11T08:00:34Z
2026-08-11T07:56:44Z,2026-08-11T09:56:44+0200,58a750df-313e-448a-89dd-c0365ec5f82d,2026-07-11T11:30:00Z,2026-07-11T13:30:00+0200,80.666666,MW,DK1,DK_1,forecast_offshore_wind_generation,Wind Offshore,2026-08-11T08:00:34Z
2026-08-11T07:56:44Z,2026-08-11T09:56:44+0200,58a750df-313e-448a-89dd-c0365ec5f82d,2026-07-11T11:45:00Z,2026-07-11T13:45:00+0200,79.166666,MW,DK1,DK_1,forecast_offshore_wind_generation,Wind Offshore,2026-08-11T08:00:34Z
2026-08-11T07:56:44Z,2026-08-11T09:56:44+0200,58a750df-313e-448a-89dd-c0365ec5f82d,2026-07-11T12:00:00Z,2026-07-11T14:00:00+0200,81.666666,MW,DK1,DK_1,forecast_offshore_wind_generation,Wind Offshore,2026-08-11T08:00:34Z
2026-08-11T07:56:44Z,2026-08-11T09:56:44+0200,58a750df-313e-448a-89dd-c0365ec5f82d,2026-07-11T12:15:00Z,2026-07-11T14:15:00+0200,87.666666,MW,DK1,DK_1,forecast_offshore_wind_generation,Wind Offshore,2026-08-11T08:00:34Z
2026-08-11T07:56:44Z,2026-08-11T09:56:44+0200,58a750df-313e-448a-89dd-c0365ec5f82d,2026-07-11T12:30:00Z,2026-07-11T14:30:00+0200,96.5,MW,DK1,DK_1,forecast_offshore_wind_generation,Wind Offshore,2026-08-11T08:00:34Z
2026-08-11T07:56:44Z,2026-08-11T09:56:44+0200,58a750df-313e-448a-89dd-c0365ec5f82d,2026-07-11T12:45:00Z,2026-07-11T14:45:00+0200,105.5,MW,DK1,DK_1,forecast_offshore_wind_generation,Wind Offshore,2026-08-11T08:00:34Z
2026-08-11T07:56:44Z,2026-08-11T09:56:44+0200,58a750df-313e-448a-89dd-c0365ec5f82d,2026-07-11T13:00:00Z,2026-07-11T15:00:00+0200,114.5,MW,DK1,DK_1,forecast_offshore_wind_generation,Wind Offshore,2026-08-11T08:00:34Z
2026-08-11T07:56:44Z,2026-08-11T09:56:44+0200,58a750df-313e-448a-89dd-c0365ec5f82d,2026-07-11T13:15:00Z,2026-07-11T15:15:00+0200,122.666666,MW,DK1,DK_1,forecast_offshore_wind_generation,Wind Offshore,2026-08-11T08:00:34Z
2026-08-11T07:56:44Z,2026-08-11T09:56:44+0200,58a750df-313e-448a-89dd-c0365ec5f82d,2026-07-11T13:30:00Z,2026-07-11T15:30:00+0200,131.5,MW,DK1,DK_1,forecast_offshore_wind_generation,Wind Offshore,2026-08-11T08:00:34Z
2026-08-11T07:56:44Z,2026-08-11T09:56:44+0200,58a750df-313e-448a-89dd-c0365ec5f82d,2026-07-11T13:45:00Z,2026-07-11T15:45:00+0200,140.5,MW,DK1,DK_1,forecast_offshore_wind_generation,Wind Offshore,2026-08-11T08:00:34Z
2026-08-11T07:56:44Z,2026-08-11T09:56:44+0200,58a750df-313e-448a-89dd-c0365ec5f82d,2026-07-11T14:00:00Z,2026-07-11T16:00:00+0200,150.166666,MW,DK1,DK_1,forecast_offshore_wind_generation,Wind Offshore,2026-08-11T08:00:34Z
2026-08-11T07:56:44Z,2026-08-11T09:56:44+0200,58a750df-313e-448a-89dd-c0365ec5f82d,2026-07-11T14:15:00Z,2026-07-11T16:15:00+0200,162.0,MW,DK1,DK_1,forecast_offshore_wind_generation,Wind Offshore,2026-08-11T08:00:34Z
2026-08-11T07:56:44Z,2026-08-11T09:56:44+0200,58a750df-313e-448a-89dd-c0365ec5f82d,2026-07-11T14:30:00Z,2026-07-11T16:30:00+0200,174.0,MW,DK1,DK_1,forecast_offshore_wind_generation,Wind Offshore,2026-08-11T08:00:34Z
2026-08-11T07:56:44Z,2026-08-11T09:56:44+0200,58a750df-313e-448a-89dd-c0365ec5f82d,2026-07-11T14:45:00Z,2026-07-11T16:45:00+0200,185.166666,MW,DK1,DK_1,forecast_offshore_wind_generation,Wind Offshore,2026-08-11T08:00:34Z
2026-08-11T07:56:44Z,2026-08-11T09:56:44+0200,58a750df-313e-448a-89dd-c0365ec5f82d,2026-07-11T15:00:00Z,2026-07-11T17:00:00+0200,193.833333,MW,DK1,DK_1,forecast_offshore_wind_generation,Wind Offshore,2026-08-11T08:00:34Z
2026-08-11T07:56:44Z,2026-08-11T09:56:44+0200,58a750df-313e-448a-89dd-c0365ec5f82d,2026-07-11T15:15:00Z,2026-07-11T17:15:00+0200,206.666666,MW,DK1,DK_1,forecast_offshore_wind_generation,Wind Offshore,2026-08-11T08:00:34Z
2026-08-11T07:56:44Z,2026-08-11T09:56:44+0200,58a750df-313e-448a-89dd-c0365ec5f82d,2026-07-11T15:30:00Z,2026-07-11T17:30:00+0200,221.333333,MW,DK1,DK_1,forecast_offshore_wind_generation,Wind Offshore,2026-08-11T08:00:34Z
2026-08-11T07:56:44Z,2026-08-11T09:56:44+0200,58a750df-313e-448a-89dd-c0365ec5f82d,2026-07-11T15:45:00Z,2026-07-11T17:45:00+0200,233.666666,MW,DK1,DK_1,forecast_offshore_wind_generation,Wind Offshore,2026-08-11T08:00:34Z
2026-08-11T07:56:44Z,2026-08-11T09:56:44+0200,58a750df-313e-448a-89dd-c0365ec5f82d,2026-07-11T16:00:00Z,2026-07-11T18:00:00+0200,241.833333,MW,DK1,DK_1,forecast_offshore_wind_generation,Wind Offshore,2026-08-11T08:00:34Z
2026-08-11T07:56:44Z,2026-08-11T09:56:44+0200,58a750df-313e-448a-89dd-c0365ec5f82d,2026-07-11T16:15:00Z,2026-07-11T18:15:00+0200,249.0,MW,DK1,DK_1,forecast_offshore_wind_generation,Wind Offshore,2026-08-11T08:00:34Z
2026-08-11T07:56:44Z,2026-08-11T09:56:44+0200,58a750df-313e-448a-89dd-c0365ec5f82d,2026-07-11T16:30:00Z,2026-07-11T18:30:00+0200,257.5,MW,DK1,DK_1,forecast_offshore_wind_generation,Wind Offshore,2026-08-11T08:00:34Z
2026-08-11T07:56:44Z,2026-08-11T09:56:44+0200,58a750df-313e-448a-89dd-c0365ec5f82d,2026-07-11T16:45:00Z,2026-07-11T18:45:00+0200,266.5,MW,DK1,DK_1,forecast_offshore_wind_generation,Wind Offshore,2026-08-11T08:00:34Z
2026-08-11T07:56:44Z,2026-08-11T09:56:44+0200,58a750df-313e-448a-89dd-c0365ec5f82d,2026-07-11T17:00:00Z,2026-07-11T19:00:00+0200,276.333333,MW,DK1,DK_1,forecast_offshore_wind_generation,Wind Offshore,2026-08-11T08:00:34Z
2026-08-11T07:56:44Z,2026-08-11T09:56:44+0200,58a750df-313e-448a-89dd-c0365ec5f82d,2026-07-11T17:15:00Z,2026-07-11T19:15:00+0200,290.5,MW,DK1,DK_1,forecast_offshore_wind_generation,Wind Offshore,2026-08-11T08:00:34Z
2026-08-11T07:56:44Z,2026-08-11T09:56:44+0200,58a750df-313e-448a-89dd-c0365ec5f82d,2026-07-11T17:30:00Z,2026-07-11T19:30:00+0200,304.833333,MW,DK1,DK_1,forecast_offshore_wind_generation,Wind Offshore,2026-08-11T08:00:34Z
2026-08-11T07:56:44Z,2026-08-11T09:56:44+0200,58a750df-313e-448a-89dd-c0365ec5f82d,2026-07-11T17:45:00Z,2026-07-11T19:45:00+0200,316.166666,MW,DK1,DK_1,forecast_offshore_wind_generation,Wind Offshore,2026-08-11T08:00:34Z
2026-08-11T07:56:44Z,2026-08-11T09:56:44+0200,58a750df-313e-448a-89dd-c0365ec5f82d,2026-07-11T18:00:00Z,2026-07-11T20:00:00+0200,321.333333,MW,DK1,DK_1,forecast_offshore_wind_generation,Wind Offshore,2026-08-11T08:00:34Z
2026-08-11T07:56:44Z,2026-08-11T09:56:44+0200,58a750df-313e-448a-89dd-c0365ec5f82d,2026-07-11T18:15:00Z,2026-07-11T20:15:00+0200,322.0,MW,DK1,DK_1,forecast_offshore_wind_generation,Wind Offshore,2026-08-11T08:00:34Z
2026-08-11T07:56:44Z,2026-08-11T09:56:44+0200,58a750df-313e-448a-89dd-c0365ec5f82d,2026-07-11T18:30:00Z,2026-07-11T20:30:00+0200,322.0,MW,DK1,DK_1,forecast_offshore_wind_generation,Wind Offshore,2026-08-11T08:00:34Z
2026-08-11T07:56:44Z,2026-08-11T09:56:44+0200,58a750df-313e-448a-89dd-c0365ec5f82d,2026-07-11T18:45:00Z,2026-07-11T20:45:00+0200,322.666666,MW,DK1,DK_1,forecast_offshore_wind_generation,Wind Offshore,2026-08-11T08:00:34Z
2026-08-11T07:56:44Z,2026-08-11T09:56:44+0200,58a750df-313e-448a-89dd-c0365ec5f82d,2026-07-11T19:00:00Z,2026-07-11T21:00:00+0200,324.333333,MW,DK1,DK_1,forecast_offshore_wind_generation,Wind Offshore,2026-08-11T08:00:34Z
2026-08-11T07:56:44Z,2026-08-11T09:56:44+0200,58a750df-313e-448a-89dd-c0365ec5f82d,2026-07-11T19:15:00Z,2026-07-11T21:15:00+0200,323.833333,MW,DK1,DK_1,forecast_offshore_wind_generation,Wind Offshore,2026-08-11T08:00:34Z
2026-08-11T07:56:44Z,2026-08-11T09:56:44+0200,58a750df-313e-448a-89dd-c0365ec5f82d,2026-07-11T19:30:00Z,2026-07-11T21:30:00+0200,323.0,MW,DK1,DK_1,forecast_offshore_wind_generation,Wind Offshore,2026-08-11T08:00:34Z
2026-08-11T07:56:44Z,2026-08-11T09:56:44+0200,58a750df-313e-448a-89dd-c0365ec5f82d,2026-07-11T19:45:00Z,2026-07-11T21:45:00+0200,323.833333,MW,DK1,DK_1,forecast_offshore_wind_generation,Wind Offshore,2026-08-11T08:00:34Z
2026-08-11T07:56:44Z,2026-08-11T09:56:44+0200,58a750df-313e-448a-89dd-c0365ec5f82d,2026-07-11T20:00:00Z,2026-07-11T22:00:00+0200,330.833333,MW,DK1,DK_1,forecast_offshore_wind_generation,Wind Offshore,2026-08-11T08:00:34Z
2026-08-11T07:56:44Z,2026-08-11T09:56:44+0200,58a750df-313e-448a-89dd-c0365ec5f82d,2026-07-11T20:15:00Z,2026-07-11T22:15:00+0200,346.166666,MW,DK1,DK_1,forecast_offshore_wind_generation,Wind Offshore,2026-08-11T08:00:34Z
2026-08-11T07:56:44Z,2026-08-11T09:56:44+0200,58a750df-313e-448a-89dd-c0365ec5f82d,2026-07-11T20:30:00Z,2026-07-11T22:30:00+0200,365.666666,MW,DK1,DK_1,forecast_offshore_wind_generation,Wind Offshore,2026-08-11T08:00:34Z
2026-08-11T07:56:44Z,2026-08-11T09:56:44+0200,58a750df-313e-448a-89dd-c0365ec5f82d,2026-07-11T20:45:00Z,2026-07-11T22:45:00+0200,380.0,MW,DK1,DK_1,forecast_offshore_wind_generation,Wind Offshore,2026-08-11T08:00:34Z
2026-08-11T07:56:44Z,2026-08-11T09:56:44+0200,58a750df-313e-448a-89dd-c0365ec5f82d,2026-07-11T21:00:00Z,2026-07-11T23:00:00+0200,385.333333,MW,DK1,DK_1,forecast_offshore_wind_generation,Wind Offshore,2026-08-11T08:00:34Z
2026-08-11T07:56:44Z,2026-08-11T09:56:44+0200,58a750df-313e-448a-89dd-c0365ec5f82d,2026-07-11T21:15:00Z,2026-07-11T23:15:00+0200,385.833333,MW,DK1,DK_1,forecast_offshore_wind_generation,Wind Offshore,2026-08-11T08:00:34Z
2026-08-11T07:56:44Z,2026-08-11T09:56:44+0200,58a750df-313e-448a-89dd-c0365ec5f82d,2026-07-11T21:30:00Z,2026-07-11T23:30:00+0200,385.0,MW,DK1,DK_1,forecast_offshore_wind_generation,Wind Offshore,2026-08-11T08:00:34Z
2026-08-11T07:56:44Z,2026-08-11T09:56:44+0200,58a750df-313e-448a-89dd-c0365ec5f82d,2026-07-11T21:45:00Z,2026-07-11T23:45:00+0200,385.166666,MW,DK1,DK_1,forecast_offshore_wind_generation,Wind Offshore,2026-08-11T08:00:34Z
2026-08-11T07:56:44Z,2026-08-11T09:56:44+0200,58a750df-313e-448a-89dd-c0365ec5f82d,2026-07-11T22:00:00Z,2026-07-12T00:00:00+0200,437.166666,MW,DK1,DK_1,forecast_offshore_wind_generation,Wind Offshore,2026-08-11T08:00:34Z
2026-08-11T07:56:44Z,2026-08-11T09:56:44+0200,58a750df-313e-448a-89dd-c0365ec5f82d,2026-07-11T22:15:00Z,2026-07-12T00:15:00+0200,439.333333,MW,DK1,DK_1,forecast_offshore_wind_generation,Wind Offshore,2026-08-11T08:00:34Z
2026-08-11T07:56:44Z,2026-08-11T09:56:44+0200,58a750df-313e-448a-89dd-c0365ec5f82d,2026-07-11T22:30:00Z,2026-07-12T00:30:00+0200,441.5,MW,DK1,DK_1,forecast_offshore_wind_generation,Wind Offshore,2026-08-11T08:00:34Z
2026-08-11T07:56:44Z,2026-08-11T09:56:44+0200,58a750df-313e-448a-89dd-c0365ec5f82d,2026-07-11T22:45:00Z,2026-07-12T00:45:00+0200,446.166666,MW,DK1,DK_1,forecast_offshore_wind_generation,Wind Offshore,2026-08-11T08:00:34Z
2026-08-11T07:56:44Z,2026-08-11T09:56:44+0200,58a750df-313e-448a-89dd-c0365ec5f82d,2026-07-11T23:00:00Z,2026-07-12T01:00:00+0200,453.166666,MW,DK1,DK_1,forecast_offshore_wind_generation,Wind Offshore,2026-08-11T08:00:34Z
2026-08-11T07:56:44Z,2026-08-11T09:56:44+0200,58a750df-313e-448a-89dd-c0365ec5f82d,2026-07-11T23:15:00Z,2026-07-12T01:15:00+0200,460.5,MW,DK1,DK_1,forecast_offshore_wind_generation,Wind Offshore,2026-08-11T08:00:34Z
2026-08-11T07:56:44Z,2026-08-11T09:56:44+0200,58a750df-313e-448a-89dd-c0365ec5f82d,2026-07-11T23:30:00Z,2026-07-12T01:30:00+0200,467.833333,MW,DK1,DK_1,forecast_offshore_wind_generation,Wind Offshore,2026-08-11T08:00:34Z
2026-08-11T07:56:44Z,2026-08-11T09:56:44+0200,58a750df-313e-448a-89dd-c0365ec5f82d,2026-07-11T23:45:00Z,2026-07-12T01:45:00+0200,473.833333,MW,DK1,DK_1,forecast_offshore_wind_generation,Wind Offshore,2026-08-11T08:00:34Z
2026-08-11T07:56:44Z,2026-08-11T09:56:44+0200,58a750df-313e-448a-89dd-c0365ec5f82d,2026-07-12T00:00:00Z,2026-07-12T02:00:00+0200,477.5,MW,DK1,DK_1,forecast_offshore_wind_generation,Wind Offshore,2026-08-11T08:00:34Z
2026-08-11T07:56:44Z,2026-08-11T09:56:44+0200,58a750df-313e-448a-89dd-c0365ec5f82d,2026-07-12T00:15:00Z,2026-07-12T02:15:00+0200,480.5,MW,DK1,DK_1,forecast_offshore_wind_generation,Wind Offshore,2026-08-11T08:00:34Z
2026-08-11T07:56:44Z,2026-08-11T09:56:44+0200,58a750df-313e-448a-89dd-c0365ec5f82d,2026-07-12T00:30:00Z,2026-07-12T02:30:00+0200,483.5,MW,DK1,DK_1,forecast_offshore_wind_generation,Wind Offshore,2026-08-11T08:00:34Z
2026-08-11T07:56:44Z,2026-08-11T09:56:44+0200,58a750df-313e-448a-89dd-c0365ec5f82d,2026-07-12T00:45:00Z,2026-07-12T02:45:00+0200,488.666666,MW,DK1,DK_1,forecast_offshore_wind_generation,Wind Offshore,2026-08-11T08:00:34Z
2026-08-11T07:56:44Z,2026-08-11T09:56:44+0200,58a750df-313e-448a-89dd-c0365ec5f82d,2026-07-12T01:00:00Z,2026-07-12T03:00:00+0200,499.166666,MW,DK1,DK_1,forecast_offshore_wind_generation,Wind Offshore,2026-08-11T08:00:34Z
2026-08-11T07:56:44Z,2026-08-11T09:56:44+0200,58a750df-313e-448a-89dd-c0365ec5f82d,2026-07-12T01:15:00Z,2026-07-12T03:15:00+0200,514.166666,MW,DK1,DK_1,forecast_offshore_wind_generation,Wind Offshore,2026-08-11T08:00:34Z
2026-08-11T07:56:44Z,2026-08-11T09:56:44+0200,58a750df-313e-448a-89dd-c0365ec5f82d,2026-07-12T01:30:00Z,2026-07-12T03:30:00+0200,535.5,MW,DK1,DK_1,forecast_offshore_wind_generation,Wind Offshore,2026-08-11T08:00:34Z
2026-08-11T07:56:44Z,2026-08-11T09:56:44+0200,58a750df-313e-448a-89dd-c0365ec5f82d,2026-07-12T01:45:00Z,2026-07-12T03:45:00+0200,556.666666,MW,DK1,DK_1,forecast_offshore_wind_generation,Wind Offshore,2026-08-11T08:00:34Z
2026-08-11T07:56:44Z,2026-08-11T09:56:44+0200,58a750df-313e-448a-89dd-c0365ec5f82d,2026-07-12T02:00:00Z,2026-07-12T04:00:00+0200,563.333333,MW,DK1,DK_1,forecast_offshore_wind_generation,Wind Offshore,2026-08-11T08:00:34Z
2026-08-11T07:56:44Z,2026-08-11T09:56:44+0200,58a750df-313e-448a-89dd-c0365ec5f82d,2026-07-12T02:15:00Z,2026-07-12T04:15:00+0200,563.833333,MW,DK1,DK_1,forecast_offshore_wind_generation,Wind Offshore,2026-08-11T08:00:34Z
2026-08-11T07:56:44Z,2026-08-11T09:56:44+0200,58a750df-313e-448a-89dd-c0365ec5f82d,2026-07-12T02:30:00Z,2026-07-12T04:30:00+0200,562.333333,MW,DK1,DK_1,forecast_offshore_wind_generation,Wind Offshore,2026-08-11T08:00:34Z
2026-08-11T07:56:44Z,2026-08-11T09:56:44+0200,58a750df-313e-448a-89dd-c0365ec5f82d,2026-07-12T02:45:00Z,2026-07-12T04:45:00+0200,560.833333,MW,DK1,DK_1,forecast_offshore_wind_generation,Wind Offshore,2026-08-11T08:00:34Z
2026-08-11T07:56:44Z,2026-08-11T09:56:44+0200,58a750df-313e-448a-89dd-c0365ec5f82d,2026-07-12T03:00:00Z,2026-07-12T05:00:00+0200,560.0,MW,DK1,DK_1,forecast_offshore_wind_generation,Wind Offshore,2026-08-11T08:00:34Z
2026-08-11T07:56:44Z,2026-08-11T09:56:44+0200,58a750df-313e-448a-89dd-c0365ec5f82d,2026-07-12T03:15:00Z,2026-07-12T05:15:00+0200,560.0,MW,DK1,DK_1,forecast_offshore_wind_generation,Wind Offshore,2026-08-11T08:00:34Z
2026-08-11T07:56:44Z,2026-08-11T09:56:44+0200,58a750df-313e-448a-89dd-c0365ec5f82d,2026-07-12T03:30:00Z,2026-07-12T05:30:00+0200,561.0,MW,DK1,DK_1,forecast_offshore_wind_generation,Wind Offshore,2026-08-11T08:00:34Z
2026-08-11T07:56:44Z,2026-08-11T09:56:44+0200,58a750df-313e-448a-89dd-c0365ec5f82d,2026-07-12T03:45:00Z,2026-07-12T05:45:00+0200,563.5,MW,DK1,DK_1,forecast_offshore_wind_generation,Wind Offshore,2026-08-11T08:00:34Z
2026-08-11T07:56:44Z,2026-08-11T09:56:44+0200,58a750df-313e-448a-89dd-c0365ec5f82d,2026-07-12T04:00:00Z,2026-07-12T06:00:00+0200,567.333333,MW,DK1,DK_1,forecast_offshore_wind_generation,Wind Offshore,2026-08-11T08:00:34Z
2026-08-11T07:56:44Z,2026-08-11T09:56:44+0200,58a750df-313e-448a-89dd-c0365ec5f82d,2026-07-12T04:15:00Z,2026-07-12T06:15:00+0200,571.5,MW,DK1,DK_1,forecast_offshore_wind_generation,Wind Offshore,2026-08-11T08:00:34Z
2026-08-11T07:56:44Z,2026-08-11T09:56:44+0200,58a750df-313e-448a-89dd-c0365ec5f82d,2026-07-12T04:30:00Z,2026-07-12T06:30:00+0200,576.0,MW,DK1,DK_1,forecast_offshore_wind_generation,Wind Offshore,2026-08-11T08:00:34Z
2026-08-11T07:56:44Z,2026-08-11T09:56:44+0200,58a750df-313e-448a-89dd-c0365ec5f82d,2026-07-12T04:45:00Z,2026-07-12T06:45:00+0200,580.0,MW,DK1,DK_1,forecast_offshore_wind_generation,Wind Offshore,2026-08-11T08:00:34Z
2026-08-11T07:56:44Z,2026-08-11T09:56:44+0200,58a750df-313e-448a-89dd-c0365ec5f82d,2026-07-12T05:00:00Z,2026-07-12T07:00:00+0200,583.666666,MW,DK1,DK_1,forecast_offshore_wind_generation,Wind Offshore,2026-08-11T08:00:34Z
2026-08-11T07:56:44Z,2026-08-11T09:56:44+0200,58a750df-313e-448a-89dd-c0365ec5f82d,2026-07-12T05:15:00Z,2026-07-12T07:15:00+0200,587.666666,MW,DK1,DK_1,forecast_offshore_wind_generation,Wind Offshore,2026-08-11T08:00:34Z
2026-08-11T07:56:44Z,2026-08-11T09:56:44+0200,58a750df-313e-448a-89dd-c0365ec5f82d,2026-07-12T05:30:00Z,2026-07-12T07:30:00+0200,590.5,MW,DK1,DK_1,forecast_offshore_wind_generation,Wind Offshore,2026-08-11T08:00:34Z
2026-08-11T07:56:44Z,2026-08-11T09:56:44+0200,58a750df-313e-448a-89dd-c0365ec5f82d,2026-07-12T05:45:00Z,2026-07-12T07:45:00+0200,591.5,MW,DK1,DK_1,forecast_offshore_wind_generation,Wind Offshore,2026-08-11T08:00:34Z
2026-08-11T07:56:44Z,2026-08-11T09:56:44+0200,58a750df-313e-448a-89dd-c0365ec5f82d,2026-07-12T06:00:00Z,2026-07-12T08:00:00+0200,590.333333,MW,DK1,DK_1,forecast_offshore_wind_generation,Wind Offshore,2026-08-11T08:00:34Z
2026-08-11T07:56:44Z,2026-08-11T09:56:44+0200,58a750df-313e-448a-89dd-c0365ec5f82d,2026-07-12T06:15:00Z,2026-07-12T08:15:00+0200,584.333333,MW,DK1,DK_1,forecast_offshore_wind_generation,Wind Offshore,2026-08-11T08:00:34Z
2026-08-11T07:56:44Z,2026-08-11T09:56:44+0200,58a750df-313e-448a-89dd-c0365ec5f82d,2026-07-12T06:30:00Z,2026-07-12T08:30:00+0200,575.666666,MW,DK1,DK_1,forecast_offshore_wind_generation,Wind Offshore,2026-08-11T08:00:34Z
2026-08-11T07:56:44Z,2026-08-11T09:56:44+0200,58a750df-313e-448a-89dd-c0365ec5f82d,2026-07-12T06:45:00Z,2026-07-12T08:45:00+0200,568.333333,MW,DK1,DK_1,forecast_offshore_wind_generation,Wind Offshore,2026-08-11T08:00:34Z
2026-08-11T07:56:44Z,2026-08-11T09:56:44+0200,58a750df-313e-448a-89dd-c0365ec5f82d,2026-07-12T07:00:00Z,2026-07-12T09:00:00+0200,565.166666,MW,DK1,DK_1,forecast_offshore_wind_generation,Wind Offshore,2026-08-11T08:00:34Z
2026-08-11T07:56:44Z,2026-08-11T09:56:44+0200,58a750df-313e-448a-89dd-c0365ec5f82d,2026-07-12T07:15:00Z,2026-07-12T09:15:00+0200,565.666666,MW,DK1,DK_1,forecast_offshore_wind_generation,Wind Offshore,2026-08-11T08:00:34Z
2026-08-11T07:56:44Z,2026-08-11T09:56:44+0200,58a750df-313e-448a-89dd-c0365ec5f82d,2026-07-12T07:30:00Z,2026-07-12T09:30:00+0200,568.5,MW,DK1,DK_1,forecast_offshore_wind_generation,Wind Offshore,2026-08-11T08:00:34Z
2026-08-11T07:56:44Z,2026-08-11T09:56:44+0200,58a750df-313e-448a-89dd-c0365ec5f82d,2026-07-12T07:45:00Z,2026-07-12T09:45:00+0200,570.5,MW,DK1,DK_1,forecast_offshore_wind_generation,Wind Offshore,2026-08-11T08:00:34Z
2026-08-11T07:56:44Z,2026-08-11T09:56:44+0200,58a750df-313e-448a-89dd-c0365ec5f82d,2026-07-12T08:00:00Z,2026-07-12T10:00:00+0200,570.5,MW,DK1,DK_1,forecast_offshore_wind_generation,Wind Offshore,2026-08-11T08:00:34Z
2026-08-11T07:56:44Z,2026-08-11T09:56:44+0200,58a750df-313e-448a-89dd-c0365ec5f82d,2026-07-12T08:15:00Z,2026-07-12T10:15:00+0200,568.666666,MW,DK1,DK_1,forecast_offshore_wind_generation,Wind Offshore,2026-08-11T08:00:34Z
2026-08-11T07:56:44Z,2026-08-11T09:56:44+0200,58a750df-313e-448a-89dd-c0365ec5f82d,2026-07-12T08:30:00Z,2026-07-12T10:30:00+0200,566.666666,MW,DK1,DK_1,forecast_offshore_wind_generation,Wind Offshore,2026-08-11T08:00:34Z
2026-08-11T07:56:44Z,2026-08-11T09:56:44+0200,58a750df-313e-448a-89dd-c0365ec5f82d,2026-07-12T08:45:00Z,2026-07-12T10:45:00+0200,565.166666,MW,DK1,DK_1,forecast_offshore_wind_generation,Wind Offshore,2026-08-11T08:00:34Z
2026-08-11T07:56:44Z,2026-08-11T09:56:44+0200,58a750df-313e-448a-89dd-c0365ec5f82d,2026-07-12T09:00:00Z,2026-07-12T11:00:00+0200,563.5,MW,DK1,DK_1,forecast_offshore_wind_generation,Wind Offshore,2026-08-11T08:00:34Z
2026-08-11T07:56:44Z,2026-08-11T09:56:44+0200,58a750df-313e-448a-89dd-c0365ec5f82d,2026-07-12T09:15:00Z,2026-07-12T11:15:00+0200,560.666666,MW,DK1,DK_1,forecast_offshore_wind_generation,Wind Offshore,2026-08-11T08:00:34Z
2026-08-11T07:56:44Z,2026-08-11T09:56:44+0200,58a750df-313e-448a-89dd-c0365ec5f82d,2026-07-12T09:30:00Z,2026-07-12T11:30:00+0200,558.666666,MW,DK1,DK_1,forecast_offshore_wind_generation,Wind Offshore,2026-08-11T08:00:34Z
2026-08-11T07:56:44Z,2026-08-11T09:56:44+0200,58a750df-313e-448a-89dd-c0365ec5f82d,2026-07-12T09:45:00Z,2026-07-12T11:45:00+0200,558.0,MW,DK1,DK_1,forecast_offshore_wind_generation,Wind Offshore,2026-08-11T08:00:34Z
2026-08-11T07:56:44Z,2026-08-11T09:56:44+0200,58a750df-313e-448a-89dd-c0365ec5f82d,2026-07-12T10:00:00Z,2026-07-12T12:00:00+0200,558.666666,MW,DK1,DK_1,forecast_offshore_wind_generation,Wind Offshore,2026-08-11T08:00:34Z
2026-08-11T07:56:44Z,2026-08-11T09:56:44+0200,58a750df-313e-448a-89dd-c0365ec5f82d,2026-07-12T10:15:00Z,2026-07-12T12:15:00+0200,562.5,MW,DK1,DK_1,forecast_offshore_wind_generation,Wind Offshore,2026-08-11T08:00:34Z
2026-08-11T07:56:44Z,2026-08-11T09:56:44+0200,58a750df-313e-448a-89dd-c0365ec5f82d,2026-07-12T10:30:00Z,2026-07-12T12:30:00+0200,568.0,MW,DK1,DK_1,forecast_offshore_wind_generation,Wind Offshore,2026-08-11T08:00:34Z
2026-08-11T07:56:44Z,2026-08-11T09:56:44+0200,58a750df-313e-448a-89dd-c0365ec5f82d,2026-07-12T10:45:00Z,2026-07-12T12:45:00+0200,573.833333,MW,DK1,DK_1,forecast_offshore_wind_generation,Wind Offshore,2026-08-11T08:00:34Z
2026-08-11T07:56:44Z,2026-08-11T09:56:44+0200,58a750df-313e-448a-89dd-c0365ec5f82d,2026-07-12T11:00:00Z,2026-07-12T13:00:00+0200,580.166666,MW,DK1,DK_1,forecast_offshore_wind_generation,Wind Offshore,2026-08-11T08:00:34Z
2026-08-11T07:56:44Z,2026-08-11T09:56:44+0200,58a750df-313e-448a-89dd-c0365ec5f82d,2026-07-12T11:15:00Z,2026-07-12T13:15:00+0200,589.0,MW,DK1,DK_1,forecast_offshore_wind_generation,Wind Offshore,2026-08-11T08:00:34Z
2026-08-11T07:56:44Z,2026-08-11T09:56:44+0200,58a750df-313e-448a-89dd-c0365ec5f82d,2026-07-12T11:30:00Z,2026-07-12T13:30:00+0200,597.5,MW,DK1,DK_1,forecast_offshore_wind_generation,Wind Offshore,2026-08-11T08:00:34Z
2026-08-11T07:56:44Z,2026-08-11T09:56:44+0200,58a750df-313e-448a-89dd-c0365ec5f82d,2026-07-12T11:45:00Z,2026-07-12T13:45:00+0200,603.5,MW,DK1,DK_1,forecast_offshore_wind_generation,Wind Offshore,2026-08-11T08:00:34Z
2026-08-11T07:56:44Z,2026-08-11T09:56:44+0200,58a750df-313e-448a-89dd-c0365ec5f82d,2026-07-12T12:00:00Z,2026-07-12T14:00:00+0200,606.666666,MW,DK1,DK_1,forecast_offshore_wind_generation,Wind Offshore,2026-08-11T08:00:34Z
2026-08-11T07:56:44Z,2026-08-11T09:56:44+0200,58a750df-313e-448a-89dd-c0365ec5f82d,2026-07-12T12:15:00Z,2026-07-12T14:15:00+0200,612.0,MW,DK1,DK_1,forecast_offshore_wind_generation,Wind Offshore,2026-08-11T08:00:34Z
2026-08-11T07:56:44Z,2026-08-11T09:56:44+0200,58a750df-313e-448a-89dd-c0365ec5f82d,2026-07-12T12:30:00Z,2026-07-12T14:30:00+0200,618.666666,MW,DK1,DK_1,forecast_offshore_wind_generation,Wind Offshore,2026-08-11T08:00:34Z
2026-08-11T07:56:44Z,2026-08-11T09:56:44+0200,58a750df-313e-448a-89dd-c0365ec5f82d,2026-07-12T12:45:00Z,2026-07-12T14:45:00+0200,629.0,MW,DK1,DK_1,forecast_offshore_wind_generation,Wind Offshore,2026-08-11T08:00:34Z
2026-08-11T07:56:44Z,2026-08-11T09:56:44+0200,58a750df-313e-448a-89dd-c0365ec5f82d,2026-07-12T13:00:00Z,2026-07-12T15:00:00+0200,639.5,MW,DK1,DK_1,forecast_offshore_wind_generation,Wind Offshore,2026-08-11T08:00:34Z
2026-08-11T07:56:44Z,2026-08-11T09:56:44+0200,58a750df-313e-448a-89dd-c0365ec5f82d,2026-07-12T13:15:00Z,2026-07-12T15:15:00+0200,648.5,MW,DK1,DK_1,forecast_offshore_wind_generation,Wind Offshore,2026-08-11T08:00:34Z
2026-08-11T07:56:44Z,2026-08-11T09:56:44+0200,58a750df-313e-448a-89dd-c0365ec5f82d,2026-07-12T13:30:00Z,2026-07-12T15:30:00+0200,657.0,MW,DK1,DK_1,forecast_offshore_wind_generation,Wind Offshore,2026-08-11T08:00:34Z
2026-08-11T07:56:44Z,2026-08-11T09:56:44+0200,58a750df-313e-448a-89dd-c0365ec5f82d,2026-07-12T13:45:00Z,2026-07-12T15:45:00+0200,664.0,MW,DK1,DK_1,forecast_offshore_wind_generation,Wind Offshore,2026-08-11T08:00:34Z
2026-08-11T07:56:44Z,2026-08-11T09:56:44+0200,58a750df-313e-448a-89dd-c0365ec5f82d,2026-07-12T14:00:00Z,2026-07-12T16:00:00+0200,670.833333,MW,DK1,DK_1,forecast_offshore_wind_generation,Wind Offshore,2026-08-11T08:00:34Z
2026-08-11T07:56:44Z,2026-08-11T09:56:44+0200,58a750df-313e-448a-89dd-c0365ec5f82d,2026-07-12T14:15:00Z,2026-07-12T16:15:00+0200,677.833333,MW,DK1,DK_1,forecast_offshore_wind_generation,Wind Offshore,2026-08-11T08:00:34Z
2026-08-11T07:56:44Z,2026-08-11T09:56:44+0200,58a750df-313e-448a-89dd-c0365ec5f82d,2026-07-12T14:30:00Z,2026-07-12T16:30:00+0200,683.833333,MW,DK1,DK_1,forecast_offshore_wind_generation,Wind Offshore,2026-08-11T08:00:34Z
2026-08-11T07:56:44Z,2026-08-11T09:56:44+0200,58a750df-313e-448a-89dd-c0365ec5f82d,2026-07-12T14:45:00Z,2026-07-12T16:45:00+0200,687.0,MW,DK1,DK_1,forecast_offshore_wind_generation,Wind Offshore,2026-08-11T08:00:34Z
2026-08-11T07:56:44Z,2026-08-11T09:56:44+0200,58a750df-313e-448a-89dd-c0365ec5f82d,2026-07-12T15:00:00Z,2026-07-12T17:00:00+0200,688.0,MW,DK1,DK_1,forecast_offshore_wind_generation,Wind Offshore,2026-08-11T08:00:34Z
2026-08-11T07:56:44Z,2026-08-11T09:56:44+0200,58a750df-313e-448a-89dd-c0365ec5f82d,2026-07-12T15:15:00Z,2026-07-12T17:15:00+0200,688.0,MW,DK1,DK_1,forecast_offshore_wind_generation,Wind Offshore,2026-08-11T08:00:34Z
2026-08-11T07:56:44Z,2026-08-11T09:56:44+0200,58a750df-313e-448a-89dd-c0365ec5f82d,2026-07-12T15:30:00Z,2026-07-12T17:30:00+0200,688.0,MW,DK1,DK_1,forecast_offshore_wind_generation,Wind Offshore,2026-08-11T08:00:34Z
2026-08-11T07:56:44Z,2026-08-11T09:56:44+0200,58a750df-313e-448a-89dd-c0365ec5f82d,2026-07-12T15:45:00Z,2026-07-12T17:45:00+0200,688.0,MW,DK1,DK_1,forecast_offshore_wind_generation,Wind Offshore,2026-08-11T08:00:34Z
2026-08-11T07:56:44Z,2026-08-11T09:56:44+0200,58a750df-313e-448a-89dd-c0365ec5f82d,2026-07-12T16:00:00Z,2026-07-12T18:00:00+0200,688.833333,MW,DK1,DK_1,forecast_offshore_wind_generation,Wind Offshore,2026-08-11T08:00:34Z
2026-08-11T07:56:44Z,2026-08-11T09:56:44+0200,58a750df-313e-448a-89dd-c0365ec5f82d,2026-07-12T16:15:00Z,2026-07-12T18:15:00+0200,690.0,MW,DK1,DK_1,forecast_offshore_wind_generation,Wind Offshore,2026-08-11T08:00:34Z
2026-08-11T07:56:44Z,2026-08-11T09:56:44+0200,58a750df-313e-448a-89dd-c0365ec5f82d,2026-07-12T16:30:00Z,2026-07-12T18:30:00+0200,691.666666,MW,DK1,DK_1,forecast_offshore_wind_generation,Wind Offshore,2026-08-11T08:00:34Z
2026-08-11T07:56:44Z,2026-08-11T09:56:44+0200,58a750df-313e-448a-89dd-c0365ec5f82d,2026-07-12T16:45:00Z,2026-07-12T18:45:00+0200,693.166666,MW,DK1,DK_1,forecast_offshore_wind_generation,Wind Offshore,2026-08-11T08:00:34Z
2026-08-11T07:56:44Z,2026-08-11T09:56:44+0200,58a750df-313e-448a-89dd-c0365ec5f82d,2026-07-12T17:00:00Z,2026-07-12T19:00:00+0200,694.166666,MW,DK1,DK_1,forecast_offshore_wind_generation,Wind Offshore,2026-08-11T08:00:34Z
2026-08-11T07:56:44Z,2026-08-11T09:56:44+0200,58a750df-313e-448a-89dd-c0365ec5f82d,2026-07-12T17:15:00Z,2026-07-12T19:15:00+0200,695.0,MW,DK1,DK_1,forecast_offshore_wind_generation,Wind Offshore,2026-08-11T08:00:34Z
2026-08-11T07:56:44Z,2026-08-11T09:56:44+0200,58a750df-313e-448a-89dd-c0365ec5f82d,2026-07-12T17:30:00Z,2026-07-12T19:30:00+0200,695.0,MW,DK1,DK_1,forecast_offshore_wind_generation,Wind Offshore,2026-08-11T08:00:34Z
2026-08-11T07:56:44Z,2026-08-11T09:56:44+0200,58a750df-313e-448a-89dd-c0365ec5f82d,2026-07-12T17:45:00Z,2026-07-12T19:45:00+0200,694.5,MW,DK1,DK_1,forecast_offshore_wind_generation,Wind Offshore,2026-08-11T08:00:34Z
2026-08-11T07:56:44Z,2026-08-11T09:56:44+0200,58a750df-313e-448a-89dd-c0365ec5f82d,2026-07-12T18:00:00Z,2026-07-12T20:00:00+0200,692.333333,MW,DK1,DK_1,forecast_offshore_wind_generation,Wind Offshore,2026-08-11T08:00:34Z
2026-08-11T07:56:44Z,2026-08-11T09:56:44+0200,58a750df-313e-448a-89dd-c0365ec5f82d,2026-07-12T18:15:00Z,2026-07-12T20:15:00+0200,686.833333,MW,DK1,DK_1,forecast_offshore_wind_generation,Wind Offshore,2026-08-11T08:00:34Z
2026-08-11T07:56:44Z,2026-08-11T09:56:44+0200,58a750df-313e-448a-89dd-c0365ec5f82d,2026-07-12T18:30:00Z,2026-07-12T20:30:00+0200,679.0,MW,DK1,DK_1,forecast_offshore_wind_generation,Wind Offshore,2026-08-11T08:00:34Z
2026-08-11T07:56:44Z,2026-08-11T09:56:44+0200,58a750df-313e-448a-89dd-c0365ec5f82d,2026-07-12T18:45:00Z,2026-07-12T20:45:00+0200,671.5,MW,DK1,DK_1,forecast_offshore_wind_generation,Wind Offshore,2026-08-11T08:00:34Z
2026-08-11T07:56:44Z,2026-08-11T09:56:44+0200,58a750df-313e-448a-89dd-c0365ec5f82d,2026-07-12T19:00:00Z,2026-07-12T21:00:00+0200,665.5,MW,DK1,DK_1,forecast_offshore_wind_generation,Wind Offshore,2026-08-11T08:00:34Z
2026-08-11T07:56:44Z,2026-08-11T09:56:44+0200,58a750df-313e-448a-89dd-c0365ec5f82d,2026-07-12T19:15:00Z,2026-07-12T21:15:00+0200,661.0,MW,DK1,DK_1,forecast_offshore_wind_generation,Wind Offshore,2026-08-11T08:00:34Z
2026-08-11T07:56:44Z,2026-08-11T09:56:44+0200,58a750df-313e-448a-89dd-c0365ec5f82d,2026-07-12T19:30:00Z,2026-07-12T21:30:00+0200,656.833333,MW,DK1,DK_1,forecast_offshore_wind_generation,Wind Offshore,2026-08-11T08:00:34Z
2026-08-11T07:56:44Z,2026-08-11T09:56:44+0200,58a750df-313e-448a-89dd-c0365ec5f82d,2026-07-12T19:45:00Z,2026-07-12T21:45:00+0200,651.5,MW,DK1,DK_1,forecast_offshore_wind_generation,Wind Offshore,2026-08-11T08:00:34Z
2026-08-11T07:56:44Z,2026-08-11T09:56:44+0200,58a750df-313e-448a-89dd-c0365ec5f82d,2026-07-12T20:00:00Z,2026-07-12T22:00:00+0200,646.833333,MW,DK1,DK_1,forecast_offshore_wind_generation,Wind Offshore,2026-08-11T08:00:34Z
2026-08-11T07:56:44Z,2026-08-11T09:56:44+0200,58a750df-313e-448a-89dd-c0365ec5f82d,2026-07-12T20:15:00Z,2026-07-12T22:15:00+0200,641.0,MW,DK1,DK_1,forecast_offshore_wind_generation,Wind Offshore,2026-08-11T08:00:34Z
2026-08-11T07:56:44Z,2026-08-11T09:56:44+0200,58a750df-313e-448a-89dd-c0365ec5f82d,2026-07-12T20:30:00Z,2026-07-12T22:30:00+0200,635.0,MW,DK1,DK_1,forecast_offshore_wind_generation,Wind Offshore,2026-08-11T08:00:34Z
2026-08-11T07:56:44Z,2026-08-11T09:56:44+0200,58a750df-313e-448a-89dd-c0365ec5f82d,2026-07-12T20:45:00Z,2026-07-12T22:45:00+0200,629.5,MW,DK1,DK_1,forecast_offshore_wind_generation,Wind Offshore,2026-08-11T08:00:34Z
2026-08-11T07:56:44Z,2026-08-11T09:56:44+0200,58a750df-313e-448a-89dd-c0365ec5f82d,2026-07-12T21:00:00Z,2026-07-12T23:00:00+0200,623.833333,MW,DK1,DK_1,forecast_offshore_wind_generation,Wind Offshore,2026-08-11T08:00:34Z
2026-08-11T07:56:44Z,2026-08-11T09:56:44+0200,58a750df-313e-448a-89dd-c0365ec5f82d,2026-07-12T21:15:00Z,2026-07-12T23:15:00+0200,615.0,MW,DK1,DK_1,forecast_offshore_wind_generation,Wind Offshore,2026-08-11T08:00:34Z
2026-08-11T07:56:44Z,2026-08-11T09:56:44+0200,58a750df-313e-448a-89dd-c0365ec5f82d,2026-07-12T21:30:00Z,2026-07-12T23:30:00+0200,605.5,MW,DK1,DK_1,forecast_offshore_wind_generation,Wind Offshore,2026-08-11T08:00:34Z
2026-08-11T07:56:44Z,2026-08-11T09:56:44+0200,58a750df-313e-448a-89dd-c0365ec5f82d,2026-07-12T21:45:00Z,2026-07-12T23:45:00+0200,598.0,MW,DK1,DK_1,forecast_offshore_wind_generation,Wind Offshore,2026-08-11T08:00:34Z
2026-08-11T07:56:44Z,2026-08-11T09:56:44+0200,58a750df-313e-448a-89dd-c0365ec5f82d,2026-07-12T22:00:00Z,2026-07-13T00:00:00+0200,595.0,MW,DK1,DK_1,forecast_offshore_wind_generation,Wind Offshore,2026-08-11T08:00:34Z
2026-08-11T07:56:44Z,2026-08-11T09:56:44+0200,58a750df-313e-448a-89dd-c0365ec5f82d,2026-07-12T22:15:00Z,2026-07-13T00:15:00+0200,586.0,MW,DK1,DK_1,forecast_offshore_wind_generation,Wind Offshore,2026-08-11T08:00:34Z
2026-08-11T07:56:44Z,2026-08-11T09:56:44+0200,58a750df-313e-448a-89dd-c0365ec5f82d,2026-07-12T22:30:00Z,2026-07-13T00:30:00+0200,577.5,MW,DK1,DK_1,forecast_offshore_wind_generation,Wind Offshore,2026-08-11T08:00:34Z
2026-08-11T07:56:44Z,2026-08-11T09:56:44+0200,58a750df-313e-448a-89dd-c0365ec5f82d,2026-07-12T22:45:00Z,2026-07-13T00:45:00+0200,569.333333,MW,DK1,DK_1,forecast_offshore_wind_generation,Wind Offshore,2026-08-11T08:00:34Z
2026-08-11T07:56:44Z,2026-08-11T09:56:44+0200,58a750df-313e-448a-89dd-c0365ec5f82d,2026-07-12T23:00:00Z,2026-07-13T01:00:00+0200,560.166666,MW,DK1,DK_1,forecast_offshore_wind_generation,Wind Offshore,2026-08-11T08:00:34Z
2026-08-11T07:56:44Z,2026-08-11T09:56:44+0200,58a750df-313e-448a-89dd-c0365ec5f82d,2026-07-12T23:15:00Z,2026-07-13T01:15:00+0200,551.5,MW,DK1,DK_1,forecast_offshore_wind_generation,Wind Offshore,2026-08-11T08:00:34Z
2026-08-11T07:56:44Z,2026-08-11T09:56:44+0200,58a750df-313e-448a-89dd-c0365ec5f82d,2026-07-12T23:30:00Z,2026-07-13T01:30:00+0200,542.5,MW,DK1,DK_1,forecast_offshore_wind_generation,Wind Offshore,2026-08-11T08:00:34Z
2026-08-11T07:56:44Z,2026-08-11T09:56:44+0200,58a750df-313e-448a-89dd-c0365ec5f82d,2026-07-12T23:45:00Z,2026-07-13T01:45:00+0200,533.5,MW,DK1,DK_1,forecast_offshore_wind_generation,Wind Offshore,2026-08-11T08:00:34Z
2026-08-11T07:56:44Z,2026-08-11T09:56:44+0200,58a750df-313e-448a-89dd-c0365ec5f82d,2026-07-13T00:00:00Z,2026-07-13T02:00:00+0200,522.833333,MW,DK1,DK_1,forecast_offshore_wind_generation,Wind Offshore,2026-08-11T08:00:34Z
2026-08-11T07:56:44Z,2026-08-11T09:56:44+0200,58a750df-313e-448a-89dd-c0365ec5f82d,2026-07-13T00:15:00Z,2026-07-13T02:15:00+0200,507.0,MW,DK1,DK_1,forecast_offshore_wind_generation,Wind Offshore,2026-08-11T08:00:34Z
2026-08-11T07:56:44Z,2026-08-11T09:56:44+0200,58a750df-313e-448a-89dd-c0365ec5f82d,2026-07-13T00:30:00Z,2026-07-13T02:30:00+0200,489.0,MW,DK1,DK_1,forecast_offshore_wind_generation,Wind Offshore,2026-08-11T08:00:34Z
2026-08-11T07:56:44Z,2026-08-11T09:56:44+0200,58a750df-313e-448a-89dd-c0365ec5f82d,2026-07-13T00:45:00Z,2026-07-13T02:45:00+0200,473.333333,MW,DK1,DK_1,forecast_offshore_wind_generation,Wind Offshore,2026-08-11T08:00:34Z
2026-08-11T07:56:44Z,2026-08-11T09:56:44+0200,58a750df-313e-448a-89dd-c0365ec5f82d,2026-07-13T01:00:00Z,2026-07-13T03:00:00+0200,463.5,MW,DK1,DK_1,forecast_offshore_wind_generation,Wind Offshore,2026-08-11T08:00:34Z
2026-08-11T07:56:44Z,2026-08-11T09:56:44+0200,58a750df-313e-448a-89dd-c0365ec5f82d,2026-07-13T01:15:00Z,2026-07-13T03:15:00+0200,454.5,MW,DK1,DK_1,forecast_offshore_wind_generation,Wind Offshore,2026-08-11T08:00:34Z
2026-08-11T07:56:44Z,2026-08-11T09:56:44+0200,58a750df-313e-448a-89dd-c0365ec5f82d,2026-07-13T01:30:00Z,2026-07-13T03:30:00+0200,446.5,MW,DK1,DK_1,forecast_offshore_wind_generation,Wind Offshore,2026-08-11T08:00:34Z
2026-08-11T07:56:44Z,2026-08-11T09:56:44+0200,58a750df-313e-448a-89dd-c0365ec5f82d,2026-07-13T01:45:00Z,2026-07-13T03:45:00+0200,440.166666,MW,DK1,DK_1,forecast_offshore_wind_generation,Wind Offshore,2026-08-11T08:00:34Z
2026-08-11T07:56:44Z,2026-08-11T09:56:44+0200,58a750df-313e-448a-89dd-c0365ec5f82d,2026-07-13T02:00:00Z,2026-07-13T04:00:00+0200,436.666666,MW,DK1,DK_1,forecast_offshore_wind_generation,Wind Offshore,2026-08-11T08:00:34Z
2026-08-11T07:56:44Z,2026-08-11T09:56:44+0200,58a750df-313e-448a-89dd-c0365ec5f82d,2026-07-13T02:15:00Z,2026-07-13T04:15:00+0200,436.0,MW,DK1,DK_1,forecast_offshore_wind_generation,Wind Offshore,2026-08-11T08:00:34Z
2026-08-11T07:56:44Z,2026-08-11T09:56:44+0200,58a750df-313e-448a-89dd-c0365ec5f82d,2026-07-13T02:30:00Z,2026-07-13T04:30:00+0200,436.833333,MW,DK1,DK_1,forecast_offshore_wind_generation,Wind Offshore,2026-08-11T08:00:34Z
2026-08-11T07:56:44Z,2026-08-11T09:56:44+0200,58a750df-313e-448a-89dd-c0365ec5f82d,2026-07-13T02:45:00Z,2026-07-13T04:45:00+0200,436.166666,MW,DK1,DK_1,forecast_offshore_wind_generation,Wind Offshore,2026-08-11T08:00:34Z
2026-08-11T07:56:44Z,2026-08-11T09:56:44+0200,58a750df-313e-448a-89dd-c0365ec5f82d,2026-07-13T03:00:00Z,2026-07-13T05:00:00+0200,436.166666,MW,DK1,DK_1,forecast_offshore_wind_generation,Wind Offshore,2026-08-11T08:00:34Z
2026-08-11T07:56:44Z,2026-08-11T09:56:44+0200,58a750df-313e-448a-89dd-c0365ec5f82d,2026-07-13T03:15:00Z,2026-07-13T05:15:00+0200,437.0,MW,DK1,DK_1,forecast_offshore_wind_generation,Wind Offshore,2026-08-11T08:00:34Z
2026-08-11T07:56:44Z,2026-08-11T09:56:44+0200,58a750df-313e-448a-89dd-c0365ec5f82d,2026-07-13T03:30:00Z,2026-07-13T05:30:00+0200,437.0,MW,DK1,DK_1,forecast_offshore_wind_generation,Wind Offshore,2026-08-11T08:00:34Z
2026-08-11T07:56:44Z,2026-08-11T09:56:44+0200,58a750df-313e-448a-89dd-c0365ec5f82d,2026-07-13T03:45:00Z,2026-07-13T05:45:00+0200,435.333333,MW,DK1,DK_1,forecast_offshore_wind_generation,Wind Offshore,2026-08-11T08:00:34Z
2026-08-11T07:56:44Z,2026-08-11T09:56:44+0200,58a750df-313e-448a-89dd-c0365ec5f82d,2026-07-13T04:00:00Z,2026-07-13T06:00:00+0200,429.333333,MW,DK1,DK_1,forecast_offshore_wind_generation,Wind Offshore,2026-08-11T08:00:34Z
2026-08-11T07:56:44Z,2026-08-11T09:56:44+0200,58a750df-313e-448a-89dd-c0365ec5f82d,2026-07-13T04:15:00Z,2026-07-13T06:15:00+0200,419.833333,MW,DK1,DK_1,forecast_offshore_wind_generation,Wind Offshore,2026-08-11T08:00:34Z
2026-08-11T07:56:44Z,2026-08-11T09:56:44+0200,58a750df-313e-448a-89dd-c0365ec5f82d,2026-07-13T04:30:00Z,2026-07-13T06:30:00+0200,409.0,MW,DK1,DK_1,forecast_offshore_wind_generation,Wind Offshore,2026-08-11T08:00:34Z
2026-08-11T07:56:44Z,2026-08-11T09:56:44+0200,58a750df-313e-448a-89dd-c0365ec5f82d,2026-07-13T04:45:00Z,2026-07-13T06:45:00+0200,398.5,MW,DK1,DK_1,forecast_offshore_wind_generation,Wind Offshore,2026-08-11T08:00:34Z
2026-08-11T07:56:44Z,2026-08-11T09:56:44+0200,58a750df-313e-448a-89dd-c0365ec5f82d,2026-07-13T05:00:00Z,2026-07-13T07:00:00+0200,391.833333,MW,DK1,DK_1,forecast_offshore_wind_generation,Wind Offshore,2026-08-11T08:00:34Z
2026-08-11T07:56:44Z,2026-08-11T09:56:44+0200,58a750df-313e-448a-89dd-c0365ec5f82d,2026-07-13T05:15:00Z,2026-07-13T07:15:00+0200,393.666666,MW,DK1,DK_1,forecast_offshore_wind_generation,Wind Offshore,2026-08-11T08:00:34Z
2026-08-11T07:56:44Z,2026-08-11T09:56:44+0200,58a750df-313e-448a-89dd-c0365ec5f82d,2026-07-13T05:30:00Z,2026-07-13T07:30:00+0200,398.0,MW,DK1,DK_1,forecast_offshore_wind_generation,Wind Offshore,2026-08-11T08:00:34Z
2026-08-11T07:56:44Z,2026-08-11T09:56:44+0200,58a750df-313e-448a-89dd-c0365ec5f82d,2026-07-13T05:45:00Z,2026-07-13T07:45:00+0200,399.666666,MW,DK1,DK_1,forecast_offshore_wind_generation,Wind Offshore,2026-08-11T08:00:34Z
2026-08-11T07:56:44Z,2026-08-11T09:56:44+0200,58a750df-313e-448a-89dd-c0365ec5f82d,2026-07-13T06:00:00Z,2026-07-13T08:00:00+0200,394.166666,MW,DK1,DK_1,forecast_offshore_wind_generation,Wind Offshore,2026-08-11T08:00:34Z
2026-08-11T07:56:44Z,2026-08-11T09:56:44+0200,58a750df-313e-448a-89dd-c0365ec5f82d,2026-07-13T06:15:00Z,2026-07-13T08:15:00+0200,381.333333,MW,DK1,DK_1,forecast_offshore_wind_generation,Wind Offshore,2026-08-11T08:00:34Z
2026-08-11T07:56:44Z,2026-08-11T09:56:44+0200,58a750df-313e-448a-89dd-c0365ec5f82d,2026-07-13T06:30:00Z,2026-07-13T08:30:00+0200,363.0,MW,DK1,DK_1,forecast_offshore_wind_generation,Wind Offshore,2026-08-11T08:00:34Z
2026-08-11T07:56:44Z,2026-08-11T09:56:44+0200,58a750df-313e-448a-89dd-c0365ec5f82d,2026-07-13T06:45:00Z,2026-07-13T08:45:00+0200,344.5,MW,DK1,DK_1,forecast_offshore_wind_generation,Wind Offshore,2026-08-11T08:00:34Z
2026-08-11T07:56:44Z,2026-08-11T09:56:44+0200,58a750df-313e-448a-89dd-c0365ec5f82d,2026-07-13T07:00:00Z,2026-07-13T09:00:00+0200,326.666666,MW,DK1,DK_1,forecast_offshore_wind_generation,Wind Offshore,2026-08-11T08:00:34Z
2026-08-11T07:56:44Z,2026-08-11T09:56:44+0200,58a750df-313e-448a-89dd-c0365ec5f82d,2026-07-13T07:15:00Z,2026-07-13T09:15:00+0200,304.333333,MW,DK1,DK_1,forecast_offshore_wind_generation,Wind Offshore,2026-08-11T08:00:34Z
2026-08-11T07:56:44Z,2026-08-11T09:56:44+0200,58a750df-313e-448a-89dd-c0365ec5f82d,2026-07-13T07:30:00Z,2026-07-13T09:30:00+0200,280.0,MW,DK1,DK_1,forecast_offshore_wind_generation,Wind Offshore,2026-08-11T08:00:34Z
2026-08-11T07:56:44Z,2026-08-11T09:56:44+0200,58a750df-313e-448a-89dd-c0365ec5f82d,2026-07-13T07:45:00Z,2026-07-13T09:45:00+0200,258.166666,MW,DK1,DK_1,forecast_offshore_wind_generation,Wind Offshore,2026-08-11T08:00:34Z
2026-08-11T07:56:44Z,2026-08-11T09:56:44+0200,58a750df-313e-448a-89dd-c0365ec5f82d,2026-07-13T08:00:00Z,2026-07-13T10:00:00+0200,241.5,MW,DK1,DK_1,forecast_offshore_wind_generation,Wind Offshore,2026-08-11T08:00:34Z
2026-08-11T07:56:44Z,2026-08-11T09:56:44+0200,58a750df-313e-448a-89dd-c0365ec5f82d,2026-07-13T08:15:00Z,2026-07-13T10:15:00+0200,226.666666,MW,DK1,DK_1,forecast_offshore_wind_generation,Wind Offshore,2026-08-11T08:00:34Z
2026-08-11T07:56:44Z,2026-08-11T09:56:44+0200,58a750df-313e-448a-89dd-c0365ec5f82d,2026-07-13T08:30:00Z,2026-07-13T10:30:00+0200,213.666666,MW,DK1,DK_1,forecast_offshore_wind_generation,Wind Offshore,2026-08-11T08:00:34Z
2026-08-11T07:56:44Z,2026-08-11T09:56:44+0200,58a750df-313e-448a-89dd-c0365ec5f82d,2026-07-13T08:45:00Z,2026-07-13T10:45:00+0200,203.333333,MW,DK1,DK_1,forecast_offshore_wind_generation,Wind Offshore,2026-08-11T08:00:34Z
2026-08-11T07:56:44Z,2026-08-11T09:56:44+0200,58a750df-313e-448a-89dd-c0365ec5f82d,2026-07-13T09:00:00Z,2026-07-13T11:00:00+0200,198.0,MW,DK1,DK_1,forecast_offshore_wind_generation,Wind Offshore,2026-08-11T08:00:34Z
2026-08-11T07:56:44Z,2026-08-11T09:56:44+0200,58a750df-313e-448a-89dd-c0365ec5f82d,2026-07-13T09:15:00Z,2026-07-13T11:15:00+0200,195.0,MW,DK1,DK_1,forecast_offshore_wind_generation,Wind Offshore,2026-08-11T08:00:34Z
2026-08-11T07:56:44Z,2026-08-11T09:56:44+0200,58a750df-313e-448a-89dd-c0365ec5f82d,2026-07-13T09:30:00Z,2026-07-13T11:30:00+0200,193.0,MW,DK1,DK_1,forecast_offshore_wind_generation,Wind Offshore,2026-08-11T08:00:34Z
2026-08-11T07:56:44Z,2026-08-11T09:56:44+0200,58a750df-313e-448a-89dd-c0365ec5f82d,2026-07-13T09:45:00Z,2026-07-13T11:45:00+0200,191.333333,MW,DK1,DK_1,forecast_offshore_wind_generation,Wind Offshore,2026-08-11T08:00:34Z
2026-08-11T07:56:44Z,2026-08-11T09:56:44+0200,58a750df-313e-448a-89dd-c0365ec5f82d,2026-07-13T10:00:00Z,2026-07-13T12:00:00+0200,187.833333,MW,DK1,DK_1,forecast_offshore_wind_generation,Wind Offshore,2026-08-11T08:00:34Z
2026-08-11T07:56:44Z,2026-08-11T09:56:44+0200,58a750df-313e-448a-89dd-c0365ec5f82d,2026-07-13T10:15:00Z,2026-07-13T12:15:00+0200,181.833333,MW,DK1,DK_1,forecast_offshore_wind_generation,Wind Offshore,2026-08-11T08:00:34Z
2026-08-11T07:56:44Z,2026-08-11T09:56:44+0200,58a750df-313e-448a-89dd-c0365ec5f82d,2026-07-13T10:30:00Z,2026-07-13T12:30:00+0200,175.0,MW,DK1,DK_1,forecast_offshore_wind_generation,Wind Offshore,2026-08-11T08:00:34Z
2026-08-11T07:56:44Z,2026-08-11T09:56:44+0200,58a750df-313e-448a-89dd-c0365ec5f82d,2026-07-13T10:45:00Z,2026-07-13T12:45:00+0200,169.666666,MW,DK1,DK_1,forecast_offshore_wind_generation,Wind Offshore,2026-08-11T08:00:34Z
2026-08-11T07:56:44Z,2026-08-11T09:56:44+0200,58a750df-313e-448a-89dd-c0365ec5f82d,2026-07-13T11:00:00Z,2026-07-13T13:00:00+0200,166.333333,MW,DK1,DK_1,forecast_offshore_wind_generation,Wind Offshore,2026-08-11T08:00:34Z
2026-08-11T07:56:44Z,2026-08-11T09:56:44+0200,58a750df-313e-448a-89dd-c0365ec5f82d,2026-07-13T11:15:00Z,2026-07-13T13:15:00+0200,161.666666,MW,DK1,DK_1,forecast_offshore_wind_generation,Wind Offshore,2026-08-11T08:00:34Z
2026-08-11T07:56:44Z,2026-08-11T09:56:44+0200,58a750df-313e-448a-89dd-c0365ec5f82d,2026-07-13T11:30:00Z,2026-07-13T13:30:00+0200,158.666666,MW,DK1,DK_1,forecast_offshore_wind_generation,Wind Offshore,2026-08-11T08:00:34Z
2026-08-11T07:56:44Z,2026-08-11T09:56:44+0200,58a750df-313e-448a-89dd-c0365ec5f82d,2026-07-13T11:45:00Z,2026-07-13T13:45:00+0200,157.5,MW,DK1,DK_1,forecast_offshore_wind_generation,Wind Offshore,2026-08-11T08:00:34Z
2026-08-11T07:56:44Z,2026-08-11T09:56:44+0200,58a750df-313e-448a-89dd-c0365ec5f82d,2026-07-13T12:00:00Z,2026-07-13T14:00:00+0200,157.5,MW,DK1,DK_1,forecast_offshore_wind_generation,Wind Offshore,2026-08-11T08:00:34Z
2026-08-11T07:56:44Z,2026-08-11T09:56:44+0200,58a750df-313e-448a-89dd-c0365ec5f82d,2026-07-13T12:15:00Z,2026-07-13T14:15:00+0200,159.666666,MW,DK1,DK_1,forecast_offshore_wind_generation,Wind Offshore,2026-08-11T08:00:34Z
2026-08-11T07:56:44Z,2026-08-11T09:56:44+0200,58a750df-313e-448a-89dd-c0365ec5f82d,2026-07-13T12:30:00Z,2026-07-13T14:30:00+0200,163.666666,MW,DK1,DK_1,forecast_offshore_wind_generation,Wind Offshore,2026-08-11T08:00:34Z
2026-08-11T07:56:44Z,2026-08-11T09:56:44+0200,58a750df-313e-448a-89dd-c0365ec5f82d,2026-07-13T12:45:00Z,2026-07-13T14:45:00+0200,167.5,MW,DK1,DK_1,forecast_offshore_wind_generation,Wind Offshore,2026-08-11T08:00:34Z
2026-08-11T07:56:44Z,2026-08-11T09:56:44+0200,58a750df-313e-448a-89dd-c0365ec5f82d,2026-07-13T13:00:00Z,2026-07-13T15:00:00+0200,170.0,MW,DK1,DK_1,forecast_offshore_wind_generation,Wind Offshore,2026-08-11T08:00:34Z
2026-08-11T07:56:44Z,2026-08-11T09:56:44+0200,58a750df-313e-448a-89dd-c0365ec5f82d,2026-07-13T13:15:00Z,2026-07-13T15:15:00+0200,171.166666,MW,DK1,DK_1,forecast_offshore_wind_generation,Wind Offshore,2026-08-11T08:00:34Z
2026-08-11T07:56:44Z,2026-08-11T09:56:44+0200,58a750df-313e-448a-89dd-c0365ec5f82d,2026-07-13T13:30:00Z,2026-07-13T15:30:00+0200,173.0,MW,DK1,DK_1,forecast_offshore_wind_generation,Wind Offshore,2026-08-11T08:00:34Z
2026-08-11T07:56:44Z,2026-08-11T09:56:44+0200,58a750df-313e-448a-89dd-c0365ec5f82d,2026-07-13T13:45:00Z,2026-07-13T15:45:00+0200,175.0,MW,DK1,DK_1,forecast_offshore_wind_generation,Wind Offshore,2026-08-11T08:00:34Z
2026-08-11T07:56:44Z,2026-08-11T09:56:44+0200,58a750df-313e-448a-89dd-c0365ec5f82d,2026-07-13T14:00:00Z,2026-07-13T16:00:00+0200,177.5,MW,DK1,DK_1,forecast_offshore_wind_generation,Wind Offshore,2026-08-11T08:00:34Z
2026-08-11T07:56:44Z,2026-08-11T09:56:44+0200,58a750df-313e-448a-89dd-c0365ec5f82d,2026-07-13T14:15:00Z,2026-07-13T16:15:00+0200,182.0,MW,DK1,DK_1,forecast_offshore_wind_generation,Wind Offshore,2026-08-11T08:00:34Z
2026-08-11T07:56:44Z,2026-08-11T09:56:44+0200,58a750df-313e-448a-89dd-c0365ec5f82d,2026-07-13T14:30:00Z,2026-07-13T16:30:00+0200,188.0,MW,DK1,DK_1,forecast_offshore_wind_generation,Wind Offshore,2026-08-11T08:00:34Z
2026-08-11T07:56:44Z,2026-08-11T09:56:44+0200,58a750df-313e-448a-89dd-c0365ec5f82d,2026-07-13T14:45:00Z,2026-07-13T16:45:00+0200,194.5,MW,DK1,DK_1,forecast_offshore_wind_generation,Wind Offshore,2026-08-11T08:00:34Z
2026-08-11T07:56:44Z,2026-08-11T09:56:44+0200,58a750df-313e-448a-89dd-c0365ec5f82d,2026-07-13T15:00:00Z,2026-07-13T17:00:00+0200,201.666666,MW,DK1,DK_1,forecast_offshore_wind_generation,Wind Offshore,2026-08-11T08:00:34Z
2026-08-11T07:56:44Z,2026-08-11T09:56:44+0200,58a750df-313e-448a-89dd-c0365ec5f82d,2026-07-13T15:15:00Z,2026-07-13T17:15:00+0200,210.5,MW,DK1,DK_1,forecast_offshore_wind_generation,Wind Offshore,2026-08-11T08:00:34Z
2026-08-11T07:56:44Z,2026-08-11T09:56:44+0200,58a750df-313e-448a-89dd-c0365ec5f82d,2026-07-13T15:30:00Z,2026-07-13T17:30:00+0200,218.666666,MW,DK1,DK_1,forecast_offshore_wind_generation,Wind Offshore,2026-08-11T08:00:34Z
2026-08-11T07:56:44Z,2026-08-11T09:56:44+0200,58a750df-313e-448a-89dd-c0365ec5f82d,2026-07-13T15:45:00Z,2026-07-13T17:45:00+0200,225.833333,MW,DK1,DK_1,forecast_offshore_wind_generation,Wind Offshore,2026-08-11T08:00:34Z
2026-08-11T07:56:44Z,2026-08-11T09:56:44+0200,58a750df-313e-448a-89dd-c0365ec5f82d,2026-07-13T16:00:00Z,2026-07-13T18:00:00+0200,229.5,MW,DK1,DK_1,forecast_offshore_wind_generation,Wind Offshore,2026-08-11T08:00:34Z
2026-08-11T07:56:44Z,2026-08-11T09:56:44+0200,58a750df-313e-448a-89dd-c0365ec5f82d,2026-07-13T16:15:00Z,2026-07-13T18:15:00+0200,232.5,MW,DK1,DK_1,forecast_offshore_wind_generation,Wind Offshore,2026-08-11T08:00:34Z
2026-08-11T07:56:44Z,2026-08-11T09:56:44+0200,58a750df-313e-448a-89dd-c0365ec5f82d,2026-07-13T16:30:00Z,2026-07-13T18:30:00+0200,235.5,MW,DK1,DK_1,forecast_offshore_wind_generation,Wind Offshore,2026-08-11T08:00:34Z
2026-08-11T07:56:44Z,2026-08-11T09:56:44+0200,58a750df-313e-448a-89dd-c0365ec5f82d,2026-07-13T16:45:00Z,2026-07-13T18:45:00+0200,238.0,MW,DK1,DK_1,forecast_offshore_wind_generation,Wind Offshore,2026-08-11T08:00:34Z
2026-08-11T07:56:44Z,2026-08-11T09:56:44+0200,58a750df-313e-448a-89dd-c0365ec5f82d,2026-07-13T17:00:00Z,2026-07-13T19:00:00+0200,240.333333,MW,DK1,DK_1,forecast_offshore_wind_generation,Wind Offshore,2026-08-11T08:00:34Z
2026-08-11T07:56:44Z,2026-08-11T09:56:44+0200,58a750df-313e-448a-89dd-c0365ec5f82d,2026-07-13T17:15:00Z,2026-07-13T19:15:00+0200,241.166666,MW,DK1,DK_1,forecast_offshore_wind_generation,Wind Offshore,2026-08-11T08:00:34Z
2026-08-11T07:56:44Z,2026-08-11T09:56:44+0200,58a750df-313e-448a-89dd-c0365ec5f82d,2026-07-13T17:30:00Z,2026-07-13T19:30:00+0200,242.166666,MW,DK1,DK_1,forecast_offshore_wind_generation,Wind Offshore,2026-08-11T08:00:34Z
2026-08-11T07:56:44Z,2026-08-11T09:56:44+0200,58a750df-313e-448a-89dd-c0365ec5f82d,2026-07-13T17:45:00Z,2026-07-13T19:45:00+0200,243.0,MW,DK1,DK_1,forecast_offshore_wind_generation,Wind Offshore,2026-08-11T08:00:34Z
2026-08-11T07:56:44Z,2026-08-11T09:56:44+0200,58a750df-313e-448a-89dd-c0365ec5f82d,2026-07-13T18:00:00Z,2026-07-13T20:00:00+0200,243.0,MW,DK1,DK_1,forecast_offshore_wind_generation,Wind Offshore,2026-08-11T08:00:34Z
2026-08-11T07:56:44Z,2026-08-11T09:56:44+0200,58a750df-313e-448a-89dd-c0365ec5f82d,2026-07-13T18:15:00Z,2026-07-13T20:15:00+0200,243.0,MW,DK1,DK_1,forecast_offshore_wind_generation,Wind Offshore,2026-08-11T08:00:34Z
2026-08-11T07:56:44Z,2026-08-11T09:56:44+0200,58a750df-313e-448a-89dd-c0365ec5f82d,2026-07-13T18:30:00Z,2026-07-13T20:30:00+0200,243.0,MW,DK1,DK_1,forecast_offshore_wind_generation,Wind Offshore,2026-08-11T08:00:34Z
2026-08-11T07:56:44Z,2026-08-11T09:56:44+0200,58a750df-313e-448a-89dd-c0365ec5f82d,2026-07-13T18:45:00Z,2026-07-13T20:45:00+0200,243.0,MW,DK1,DK_1,forecast_offshore_wind_generation,Wind Offshore,2026-08-11T08:00:34Z
2026-08-11T07:56:44Z,2026-08-11T09:56:44+0200,58a750df-313e-448a-89dd-c0365ec5f82d,2026-07-13T19:00:00Z,2026-07-13T21:00:00+0200,242.0,MW,DK1,DK_1,forecast_offshore_wind_generation,Wind Offshore,2026-08-11T08:00:34Z
2026-08-11T07:56:44Z,2026-08-11T09:56:44+0200,58a750df-313e-448a-89dd-c0365ec5f82d,2026-07-13T19:15:00Z,2026-07-13T21:15:00+0200,240.0,MW,DK1,DK_1,forecast_offshore_wind_generation,Wind Offshore,2026-08-11T08:00:34Z
2026-08-11T07:56:44Z,2026-08-11T09:56:44+0200,58a750df-313e-448a-89dd-c0365ec5f82d,2026-07-13T19:30:00Z,2026-07-13T21:30:00+0200,238.5,MW,DK1,DK_1,forecast_offshore_wind_generation,Wind Offshore,2026-08-11T08:00:34Z
2026-08-11T07:56:44Z,2026-08-11T09:56:44+0200,58a750df-313e-448a-89dd-c0365ec5f82d,2026-07-13T19:45:00Z,2026-07-13T21:45:00+0200,238.0,MW,DK1,DK_1,forecast_offshore_wind_generation,Wind Offshore,2026-08-11T08:00:34Z
2026-08-11T07:56:44Z,2026-08-11T09:56:44+0200,58a750df-313e-448a-89dd-c0365ec5f82d,2026-07-13T20:00:00Z,2026-07-13T22:00:00+0200,237.333333,MW,DK1,DK_1,forecast_offshore_wind_generation,Wind Offshore,2026-08-11T08:00:34Z
2026-08-11T07:56:44Z,2026-08-11T09:56:44+0200,58a750df-313e-448a-89dd-c0365ec5f82d,2026-07-13T20:15:00Z,2026-07-13T22:15:00+0200,235.166666,MW,DK1,DK_1,forecast_offshore_wind_generation,Wind Offshore,2026-08-11T08:00:34Z
2026-08-11T07:56:44Z,2026-08-11T09:56:44+0200,58a750df-313e-448a-89dd-c0365ec5f82d,2026-07-13T20:30:00Z,2026-07-13T22:30:00+0200,235.0,MW,DK1,DK_1,forecast_offshore_wind_generation,Wind Offshore,2026-08-11T08:00:34Z
2026-08-11T07:56:44Z,2026-08-11T09:56:44+0200,58a750df-313e-448a-89dd-c0365ec5f82d,2026-07-13T20:45:00Z,2026-07-13T22:45:00+0200,235.0,MW,DK1,DK_1,forecast_offshore_wind_generation,Wind Offshore,2026-08-11T08:00:34Z
2026-08-11T07:56:44Z,2026-08-11T09:56:44+0200,58a750df-313e-448a-89dd-c0365ec5f82d,2026-07-13T21:00:00Z,2026-07-13T23:00:00+0200,235.166666,MW,DK1,DK_1,forecast_offshore_wind_generation,Wind Offshore,2026-08-11T08:00:34Z
2026-08-11T07:56:44Z,2026-08-11T09:56:44+0200,58a750df-313e-448a-89dd-c0365ec5f82d,2026-07-13T21:15:00Z,2026-07-13T23:15:00+0200,238.0,MW,DK1,DK_1,forecast_offshore_wind_generation,Wind Offshore,2026-08-11T08:00:34Z
2026-08-11T07:56:44Z,2026-08-11T09:56:44+0200,58a750df-313e-448a-89dd-c0365ec5f82d,2026-07-13T21:30:00Z,2026-07-13T23:30:00+0200,242.833333,MW,DK1,DK_1,forecast_offshore_wind_generation,Wind Offshore,2026-08-11T08:00:34Z
2026-08-11T07:56:44Z,2026-08-11T09:56:44+0200,58a750df-313e-448a-89dd-c0365ec5f82d,2026-07-13T21:45:00Z,2026-07-13T23:45:00+0200,246.5,MW,DK1,DK_1,forecast_offshore_wind_generation,Wind Offshore,2026-08-11T08:00:34Z
2026-08-11T07:56:44Z,2026-08-11T09:56:44+0200,58a750df-313e-448a-89dd-c0365ec5f82d,2026-07-13T22:00:00Z,2026-07-14T00:00:00+0200,193.166666,MW,DK1,DK_1,forecast_offshore_wind_generation,Wind Offshore,2026-08-11T08:00:34Z
2026-08-11T07:56:44Z,2026-08-11T09:56:44+0200,58a750df-313e-448a-89dd-c0365ec5f82d,2026-07-13T22:15:00Z,2026-07-14T00:15:00+0200,197.833333,MW,DK1,DK_1,forecast_offshore_wind_generation,Wind Offshore,2026-08-11T08:00:34Z
2026-08-11T07:56:44Z,2026-08-11T09:56:44+0200,58a750df-313e-448a-89dd-c0365ec5f82d,2026-07-13T22:30:00Z,2026-07-14T00:30:00+0200,203.0,MW,DK1,DK_1,forecast_offshore_wind_generation,Wind Offshore,2026-08-11T08:00:34Z
2026-08-11T07:56:44Z,2026-08-11T09:56:44+0200,58a750df-313e-448a-89dd-c0365ec5f82d,2026-07-13T22:45:00Z,2026-07-14T00:45:00+0200,208.833333,MW,DK1,DK_1,forecast_offshore_wind_generation,Wind Offshore,2026-08-11T08:00:34Z
2026-08-11T07:56:44Z,2026-08-11T09:56:44+0200,58a750df-313e-448a-89dd-c0365ec5f82d,2026-07-13T23:00:00Z,2026-07-14T01:00:00+0200,213.833333,MW,DK1,DK_1,forecast_offshore_wind_generation,Wind Offshore,2026-08-11T08:00:34Z
2026-08-11T07:56:44Z,2026-08-11T09:56:44+0200,58a750df-313e-448a-89dd-c0365ec5f82d,2026-07-13T23:15:00Z,2026-07-14T01:15:00+0200,219.0,MW,DK1,DK_1,forecast_offshore_wind_generation,Wind Offshore,2026-08-11T08:00:34Z
2026-08-11T07:56:44Z,2026-08-11T09:56:44+0200,58a750df-313e-448a-89dd-c0365ec5f82d,2026-07-13T23:30:00Z,2026-07-14T01:30:00+0200,224.0,MW,DK1,DK_1,forecast_offshore_wind_generation,Wind Offshore,2026-08-11T08:00:34Z
2026-08-11T07:56:44Z,2026-08-11T09:56:44+0200,58a750df-313e-448a-89dd-c0365ec5f82d,2026-07-13T23:45:00Z,2026-07-14T01:45:00+0200,227.333333,MW,DK1,DK_1,forecast_offshore_wind_generation,Wind Offshore,2026-08-11T08:00:34Z
2026-08-11T07:56:44Z,2026-08-11T09:56:44+0200,58a750df-313e-448a-89dd-c0365ec5f82d,2026-07-14T00:00:00Z,2026-07-14T02:00:00+0200,227.833333,MW,DK1,DK_1,forecast_offshore_wind_generation,Wind Offshore,2026-08-11T08:00:34Z
2026-08-11T07:56:44Z,2026-08-11T09:56:44+0200,58a750df-313e-448a-89dd-c0365ec5f82d,2026-07-14T00:15:00Z,2026-07-14T02:15:00+0200,226.5,MW,DK1,DK_1,forecast_offshore_wind_generation,Wind Offshore,2026-08-11T08:00:34Z
2026-08-11T07:56:44Z,2026-08-11T09:56:44+0200,58a750df-313e-448a-89dd-c0365ec5f82d,2026-07-14T00:30:00Z,2026-07-14T02:30:00+0200,224.666666,MW,DK1,DK_1,forecast_offshore_wind_generation,Wind Offshore,2026-08-11T08:00:34Z
2026-08-11T07:56:44Z,2026-08-11T09:56:44+0200,58a750df-313e-448a-89dd-c0365ec5f82d,2026-07-14T00:45:00Z,2026-07-14T02:45:00+0200,223.5,MW,DK1,DK_1,forecast_offshore_wind_generation,Wind Offshore,2026-08-11T08:00:34Z
2026-08-11T07:56:44Z,2026-08-11T09:56:44+0200,58a750df-313e-448a-89dd-c0365ec5f82d,2026-07-14T01:00:00Z,2026-07-14T03:00:00+0200,224.333333,MW,DK1,DK_1,forecast_offshore_wind_generation,Wind Offshore,2026-08-11T08:00:34Z
2026-08-11T07:56:44Z,2026-08-11T09:56:44+0200,58a750df-313e-448a-89dd-c0365ec5f82d,2026-07-14T01:15:00Z,2026-07-14T03:15:00+0200,227.5,MW,DK1,DK_1,forecast_offshore_wind_generation,Wind Offshore,2026-08-11T08:00:34Z
2026-08-11T07:56:44Z,2026-08-11T09:56:44+0200,58a750df-313e-448a-89dd-c0365ec5f82d,2026-07-14T01:30:00Z,2026-07-14T03:30:00+0200,232.0,MW,DK1,DK_1,forecast_offshore_wind_generation,Wind Offshore,2026-08-11T08:00:34Z
2026-08-11T07:56:44Z,2026-08-11T09:56:44+0200,58a750df-313e-448a-89dd-c0365ec5f82d,2026-07-14T01:45:00Z,2026-07-14T03:45:00+0200,234.833333,MW,DK1,DK_1,forecast_offshore_wind_generation,Wind Offshore,2026-08-11T08:00:34Z
2026-08-11T07:56:44Z,2026-08-11T09:56:44+0200,58a750df-313e-448a-89dd-c0365ec5f82d,2026-07-14T02:00:00Z,2026-07-14T04:00:00+0200,235.0,MW,DK1,DK_1,forecast_offshore_wind_generation,Wind Offshore,2026-08-11T08:00:34Z
2026-08-11T07:56:44Z,2026-08-11T09:56:44+0200,58a750df-313e-448a-89dd-c0365ec5f82d,2026-07-14T02:15:00Z,2026-07-14T04:15:00+0200,234.166666,MW,DK1,DK_1,forecast_offshore_wind_generation,Wind Offshore,2026-08-11T08:00:34Z
2026-08-11T07:56:44Z,2026-08-11T09:56:44+0200,58a750df-313e-448a-89dd-c0365ec5f82d,2026-07-14T02:30:00Z,2026-07-14T04:30:00+0200,232.5,MW,DK1,DK_1,forecast_offshore_wind_generation,Wind Offshore,2026-08-11T08:00:34Z
2026-08-11T07:56:44Z,2026-08-11T09:56:44+0200,58a750df-313e-448a-89dd-c0365ec5f82d,2026-07-14T02:45:00Z,2026-07-14T04:45:00+0200,227.666666,MW,DK1,DK_1,forecast_offshore_wind_generation,Wind Offshore,2026-08-11T08:00:34Z
2026-08-11T07:56:44Z,2026-08-11T09:56:44+0200,58a750df-313e-448a-89dd-c0365ec5f82d,2026-07-14T03:00:00Z,2026-07-14T05:00:00+0200,221.833333,MW,DK1,DK_1,forecast_offshore_wind_generation,Wind Offshore,2026-08-11T08:00:34Z
2026-08-11T07:56:44Z,2026-08-11T09:56:44+0200,58a750df-313e-448a-89dd-c0365ec5f82d,2026-07-14T03:15:00Z,2026-07-14T05:15:00+0200,213.5,MW,DK1,DK_1,forecast_offshore_wind_generation,Wind Offshore,2026-08-11T08:00:34Z
2026-08-11T07:56:44Z,2026-08-11T09:56:44+0200,58a750df-313e-448a-89dd-c0365ec5f82d,2026-07-14T03:30:00Z,2026-07-14T05:30:00+0200,205.333333,MW,DK1,DK_1,forecast_offshore_wind_generation,Wind Offshore,2026-08-11T08:00:34Z
2026-08-11T07:56:44Z,2026-08-11T09:56:44+0200,58a750df-313e-448a-89dd-c0365ec5f82d,2026-07-14T03:45:00Z,2026-07-14T05:45:00+0200,196.5,MW,DK1,DK_1,forecast_offshore_wind_generation,Wind Offshore,2026-08-11T08:00:34Z
2026-08-11T07:56:44Z,2026-08-11T09:56:44+0200,58a750df-313e-448a-89dd-c0365ec5f82d,2026-07-14T04:00:00Z,2026-07-14T06:00:00+0200,188.5,MW,DK1,DK_1,forecast_offshore_wind_generation,Wind Offshore,2026-08-11T08:00:34Z
2026-08-11T07:56:44Z,2026-08-11T09:56:44+0200,58a750df-313e-448a-89dd-c0365ec5f82d,2026-07-14T04:15:00Z,2026-07-14T06:15:00+0200,181.5,MW,DK1,DK_1,forecast_offshore_wind_generation,Wind Offshore,2026-08-11T08:00:34Z
2026-08-11T07:56:44Z,2026-08-11T09:56:44+0200,58a750df-313e-448a-89dd-c0365ec5f82d,2026-07-14T04:30:00Z,2026-07-14T06:30:00+0200,174.5,MW,DK1,DK_1,forecast_offshore_wind_generation,Wind Offshore,2026-08-11T08:00:34Z
2026-08-11T07:56:44Z,2026-08-11T09:56:44+0200,58a750df-313e-448a-89dd-c0365ec5f82d,2026-07-14T04:45:00Z,2026-07-14T06:45:00+0200,167.666666,MW,DK1,DK_1,forecast_offshore_wind_generation,Wind Offshore,2026-08-11T08:00:34Z
2026-08-11T07:56:44Z,2026-08-11T09:56:44+0200,58a750df-313e-448a-89dd-c0365ec5f82d,2026-07-14T05:00:00Z,2026-07-14T07:00:00+0200,160.5,MW,DK1,DK_1,forecast_offshore_wind_generation,Wind Offshore,2026-08-11T08:00:34Z
2026-08-11T07:56:44Z,2026-08-11T09:56:44+0200,58a750df-313e-448a-89dd-c0365ec5f82d,2026-07-14T05:15:00Z,2026-07-14T07:15:00+0200,150.5,MW,DK1,DK_1,forecast_offshore_wind_generation,Wind Offshore,2026-08-11T08:00:34Z
2026-08-11T07:56:44Z,2026-08-11T09:56:44+0200,58a750df-313e-448a-89dd-c0365ec5f82d,2026-07-14T05:30:00Z,2026-07-14T07:30:00+0200,140.0,MW,DK1,DK_1,forecast_offshore_wind_generation,Wind Offshore,2026-08-11T08:00:34Z
2026-08-11T07:56:44Z,2026-08-11T09:56:44+0200,58a750df-313e-448a-89dd-c0365ec5f82d,2026-07-14T05:45:00Z,2026-07-14T07:45:00+0200,131.0,MW,DK1,DK_1,forecast_offshore_wind_generation,Wind Offshore,2026-08-11T08:00:34Z
2026-08-11T07:56:44Z,2026-08-11T09:56:44+0200,58a750df-313e-448a-89dd-c0365ec5f82d,2026-07-14T06:00:00Z,2026-07-14T08:00:00+0200,123.833333,MW,DK1,DK_1,forecast_offshore_wind_generation,Wind Offshore,2026-08-11T08:00:34Z
2026-08-11T07:56:44Z,2026-08-11T09:56:44+0200,58a750df-313e-448a-89dd-c0365ec5f82d,2026-07-14T06:15:00Z,2026-07-14T08:15:00+0200,116.333333,MW,DK1,DK_1,forecast_offshore_wind_generation,Wind Offshore,2026-08-11T08:00:34Z
2026-08-11T07:56:44Z,2026-08-11T09:56:44+0200,58a750df-313e-448a-89dd-c0365ec5f82d,2026-07-14T06:30:00Z,2026-07-14T08:30:00+0200,108.5,MW,DK1,DK_1,forecast_offshore_wind_generation,Wind Offshore,2026-08-11T08:00:34Z
2026-08-11T07:56:44Z,2026-08-11T09:56:44+0200,58a750df-313e-448a-89dd-c0365ec5f82d,2026-07-14T06:45:00Z,2026-07-14T08:45:00+0200,102.166666,MW,DK1,DK_1,forecast_offshore_wind_generation,Wind Offshore,2026-08-11T08:00:34Z
2026-08-11T07:56:44Z,2026-08-11T09:56:44+0200,58a750df-313e-448a-89dd-c0365ec5f82d,2026-07-14T07:00:00Z,2026-07-14T09:00:00+0200,97.666666,MW,DK1,DK_1,forecast_offshore_wind_generation,Wind Offshore,2026-08-11T08:00:34Z
2026-08-11T07:56:44Z,2026-08-11T09:56:44+0200,58a750df-313e-448a-89dd-c0365ec5f82d,2026-07-14T07:15:00Z,2026-07-14T09:15:00+0200,93.666666,MW,DK1,DK_1,forecast_offshore_wind_generation,Wind Offshore,2026-08-11T08:00:34Z
2026-08-11T07:56:44Z,2026-08-11T09:56:44+0200,58a750df-313e-448a-89dd-c0365ec5f82d,2026-07-14T07:30:00Z,2026-07-14T09:30:00+0200,90.0,MW,DK1,DK_1,forecast_offshore_wind_generation,Wind Offshore,2026-08-11T08:00:34Z
2026-08-11T07:56:44Z,2026-08-11T09:56:44+0200,58a750df-313e-448a-89dd-c0365ec5f82d,2026-07-14T07:45:00Z,2026-07-14T09:45:00+0200,86.5,MW,DK1,DK_1,forecast_offshore_wind_generation,Wind Offshore,2026-08-11T08:00:34Z
2026-08-11T07:56:44Z,2026-08-11T09:56:44+0200,58a750df-313e-448a-89dd-c0365ec5f82d,2026-07-14T08:00:00Z,2026-07-14T10:00:00+0200,83.666666,MW,DK1,DK_1,forecast_offshore_wind_generation,Wind Offshore,2026-08-11T08:00:34Z
2026-08-11T07:56:44Z,2026-08-11T09:56:44+0200,58a750df-313e-448a-89dd-c0365ec5f82d,2026-07-14T08:15:00Z,2026-07-14T10:15:00+0200,81.5,MW,DK1,DK_1,forecast_offshore_wind_generation,Wind Offshore,2026-08-11T08:00:34Z
2026-08-11T07:56:44Z,2026-08-11T09:56:44+0200,58a750df-313e-448a-89dd-c0365ec5f82d,2026-07-14T08:30:00Z,2026-07-14T10:30:00+0200,79.166666,MW,DK1,DK_1,forecast_offshore_wind_generation,Wind Offshore,2026-08-11T08:00:34Z
2026-08-11T07:56:44Z,2026-08-11T09:56:44+0200,58a750df-313e-448a-89dd-c0365ec5f82d,2026-07-14T08:45:00Z,2026-07-14T10:45:00+0200,78.0,MW,DK1,DK_1,forecast_offshore_wind_generation,Wind Offshore,2026-08-11T08:00:34Z
2026-08-11T07:56:44Z,2026-08-11T09:56:44+0200,58a750df-313e-448a-89dd-c0365ec5f82d,2026-07-14T09:00:00Z,2026-07-14T11:00:00+0200,77.166666,MW,DK1,DK_1,forecast_offshore_wind_generation,Wind Offshore,2026-08-11T08:00:34Z
2026-08-11T07:56:44Z,2026-08-11T09:56:44+0200,58a750df-313e-448a-89dd-c0365ec5f82d,2026-07-14T09:15:00Z,2026-07-14T11:15:00+0200,80.0,MW,DK1,DK_1,forecast_offshore_wind_generation,Wind Offshore,2026-08-11T08:00:34Z
2026-08-11T07:56:44Z,2026-08-11T09:56:44+0200,58a750df-313e-448a-89dd-c0365ec5f82d,2026-07-14T09:30:00Z,2026-07-14T11:30:00+0200,84.5,MW,DK1,DK_1,forecast_offshore_wind_generation,Wind Offshore,2026-08-11T08:00:34Z
2026-08-11T07:56:44Z,2026-08-11T09:56:44+0200,58a750df-313e-448a-89dd-c0365ec5f82d,2026-07-14T09:45:00Z,2026-07-14T11:45:00+0200,90.166666,MW,DK1,DK_1,forecast_offshore_wind_generation,Wind Offshore,2026-08-11T08:00:34Z
2026-08-11T07:56:44Z,2026-08-11T09:56:44+0200,58a750df-313e-448a-89dd-c0365ec5f82d,2026-07-14T10:00:00Z,2026-07-14T12:00:00+0200,97.166666,MW,DK1,DK_1,forecast_offshore_wind_generation,Wind Offshore,2026-08-11T08:00:34Z
2026-08-11T07:56:44Z,2026-08-11T09:56:44+0200,58a750df-313e-448a-89dd-c0365ec5f82d,2026-07-14T10:15:00Z,2026-07-14T12:15:00+0200,106.166666,MW,DK1,DK_1,forecast_offshore_wind_generation,Wind Offshore,2026-08-11T08:00:34Z
2026-08-11T07:56:44Z,2026-08-11T09:56:44+0200,58a750df-313e-448a-89dd-c0365ec5f82d,2026-07-14T10:30:00Z,2026-07-14T12:30:00+0200,119.5,MW,DK1,DK_1,forecast_offshore_wind_generation,Wind Offshore,2026-08-11T08:00:34Z
2026-08-11T07:56:44Z,2026-08-11T09:56:44+0200,58a750df-313e-448a-89dd-c0365ec5f82d,2026-07-14T10:45:00Z,2026-07-14T12:45:00+0200,138.5,MW,DK1,DK_1,forecast_offshore_wind_generation,Wind Offshore,2026-08-11T08:00:34Z
2026-08-11T07:56:44Z,2026-08-11T09:56:44+0200,58a750df-313e-448a-89dd-c0365ec5f82d,2026-07-14T11:00:00Z,2026-07-14T13:00:00+0200,158.5,MW,DK1,DK_1,forecast_offshore_wind_generation,Wind Offshore,2026-08-11T08:00:34Z
2026-08-11T07:56:44Z,2026-08-11T09:56:44+0200,58a750df-313e-448a-89dd-c0365ec5f82d,2026-07-14T11:15:00Z,2026-07-14T13:15:00+0200,178.666666,MW,DK1,DK_1,forecast_offshore_wind_generation,Wind Offshore,2026-08-11T08:00:34Z
2026-08-11T07:56:44Z,2026-08-11T09:56:44+0200,58a750df-313e-448a-89dd-c0365ec5f82d,2026-07-14T11:30:00Z,2026-07-14T13:30:00+0200,200.5,MW,DK1,DK_1,forecast_offshore_wind_generation,Wind Offshore,2026-08-11T08:00:34Z
2026-08-11T07:56:44Z,2026-08-11T09:56:44+0200,58a750df-313e-448a-89dd-c0365ec5f82d,2026-07-14T11:45:00Z,2026-07-14T13:45:00+0200,222.5,MW,DK1,DK_1,forecast_offshore_wind_generation,Wind Offshore,2026-08-11T08:00:34Z
2026-08-11T07:56:44Z,2026-08-11T09:56:44+0200,58a750df-313e-448a-89dd-c0365ec5f82d,2026-07-14T12:00:00Z,2026-07-14T14:00:00+0200,242.166666,MW,DK1,DK_1,forecast_offshore_wind_generation,Wind Offshore,2026-08-11T08:00:34Z
2026-08-11T07:56:44Z,2026-08-11T09:56:44+0200,58a750df-313e-448a-89dd-c0365ec5f82d,2026-07-14T12:15:00Z,2026-07-14T14:15:00+0200,261.0,MW,DK1,DK_1,forecast_offshore_wind_generation,Wind Offshore,2026-08-11T08:00:34Z
2026-08-11T07:56:44Z,2026-08-11T09:56:44+0200,58a750df-313e-448a-89dd-c0365ec5f82d,2026-07-14T12:30:00Z,2026-07-14T14:30:00+0200,279.0,MW,DK1,DK_1,forecast_offshore_wind_generation,Wind Offshore,2026-08-11T08:00:34Z
2026-08-11T07:56:44Z,2026-08-11T09:56:44+0200,58a750df-313e-448a-89dd-c0365ec5f82d,2026-07-14T12:45:00Z,2026-07-14T14:45:00+0200,297.0,MW,DK1,DK_1,forecast_offshore_wind_generation,Wind Offshore,2026-08-11T08:00:34Z
2026-08-11T07:56:44Z,2026-08-11T09:56:44+0200,58a750df-313e-448a-89dd-c0365ec5f82d,2026-07-14T13:00:00Z,2026-07-14T15:00:00+0200,314.5,MW,DK1,DK_1,forecast_offshore_wind_generation,Wind Offshore,2026-08-11T08:00:34Z
2026-08-11T07:56:44Z,2026-08-11T09:56:44+0200,58a750df-313e-448a-89dd-c0365ec5f82d,2026-07-14T13:15:00Z,2026-07-14T15:15:00+0200,332.0,MW,DK1,DK_1,forecast_offshore_wind_generation,Wind Offshore,2026-08-11T08:00:34Z
2026-08-11T07:56:44Z,2026-08-11T09:56:44+0200,58a750df-313e-448a-89dd-c0365ec5f82d,2026-07-14T13:30:00Z,2026-07-14T15:30:00+0200,350.0,MW,DK1,DK_1,forecast_offshore_wind_generation,Wind Offshore,2026-08-11T08:00:34Z
2026-08-11T07:56:44Z,2026-08-11T09:56:44+0200,58a750df-313e-448a-89dd-c0365ec5f82d,2026-07-14T13:45:00Z,2026-07-14T15:45:00+0200,368.0,MW,DK1,DK_1,forecast_offshore_wind_generation,Wind Offshore,2026-08-11T08:00:34Z
2026-08-11T07:56:44Z,2026-08-11T09:56:44+0200,58a750df-313e-448a-89dd-c0365ec5f82d,2026-07-14T14:00:00Z,2026-07-14T16:00:00+0200,387.5,MW,DK1,DK_1,forecast_offshore_wind_generation,Wind Offshore,2026-08-11T08:00:34Z
2026-08-11T07:56:44Z,2026-08-11T09:56:44+0200,58a750df-313e-448a-89dd-c0365ec5f82d,2026-07-14T14:15:00Z,2026-07-14T16:15:00+0200,410.5,MW,DK1,DK_1,forecast_offshore_wind_generation,Wind Offshore,2026-08-11T08:00:34Z
2026-08-11T07:56:44Z,2026-08-11T09:56:44+0200,58a750df-313e-448a-89dd-c0365ec5f82d,2026-07-14T14:30:00Z,2026-07-14T16:30:00+0200,433.833333,MW,DK1,DK_1,forecast_offshore_wind_generation,Wind Offshore,2026-08-11T08:00:34Z
2026-08-11T07:56:44Z,2026-08-11T09:56:44+0200,58a750df-313e-448a-89dd-c0365ec5f82d,2026-07-14T14:45:00Z,2026-07-14T16:45:00+0200,453.166666,MW,DK1,DK_1,forecast_offshore_wind_generation,Wind Offshore,2026-08-11T08:00:34Z
2026-08-11T07:56:44Z,2026-08-11T09:56:44+0200,58a750df-313e-448a-89dd-c0365ec5f82d,2026-07-14T15:00:00Z,2026-07-14T17:00:00+0200,466.0,MW,DK1,DK_1,forecast_offshore_wind_generation,Wind Offshore,2026-08-11T08:00:34Z
2026-08-11T07:56:44Z,2026-08-11T09:56:44+0200,58a750df-313e-448a-89dd-c0365ec5f82d,2026-07-14T15:15:00Z,2026-07-14T17:15:00+0200,476.0,MW,DK1,DK_1,forecast_offshore_wind_generation,Wind Offshore,2026-08-11T08:00:34Z
2026-08-11T07:56:44Z,2026-08-11T09:56:44+0200,58a750df-313e-448a-89dd-c0365ec5f82d,2026-07-14T15:30:00Z,2026-07-14T17:30:00+0200,484.666666,MW,DK1,DK_1,forecast_offshore_wind_generation,Wind Offshore,2026-08-11T08:00:34Z
2026-08-11T07:56:44Z,2026-08-11T09:56:44+0200,58a750df-313e-448a-89dd-c0365ec5f82d,2026-07-14T15:45:00Z,2026-07-14T17:45:00+0200,492.0,MW,DK1,DK_1,forecast_offshore_wind_generation,Wind Offshore,2026-08-11T08:00:34Z
2026-08-11T07:56:44Z,2026-08-11T09:56:44+0200,58a750df-313e-448a-89dd-c0365ec5f82d,2026-07-14T16:00:00Z,2026-07-14T18:00:00+0200,496.5,MW,DK1,DK_1,forecast_offshore_wind_generation,Wind Offshore,2026-08-11T08:00:34Z
2026-08-11T07:56:44Z,2026-08-11T09:56:44+0200,58a750df-313e-448a-89dd-c0365ec5f82d,2026-07-14T16:15:00Z,2026-07-14T18:15:00+0200,499.5,MW,DK1,DK_1,forecast_offshore_wind_generation,Wind Offshore,2026-08-11T08:00:34Z
2026-08-11T07:56:44Z,2026-08-11T09:56:44+0200,58a750df-313e-448a-89dd-c0365ec5f82d,2026-07-14T16:30:00Z,2026-07-14T18:30:00+0200,501.5,MW,DK1,DK_1,forecast_offshore_wind_generation,Wind Offshore,2026-08-11T08:00:34Z
2026-08-11T07:56:44Z,2026-08-11T09:56:44+0200,58a750df-313e-448a-89dd-c0365ec5f82d,2026-07-14T16:45:00Z,2026-07-14T18:45:00+0200,502.166666,MW,DK1,DK_1,forecast_offshore_wind_generation,Wind Offshore,2026-08-11T08:00:34Z
2026-08-11T07:56:44Z,2026-08-11T09:56:44+0200,58a750df-313e-448a-89dd-c0365ec5f82d,2026-07-14T17:00:00Z,2026-07-14T19:00:00+0200,502.833333,MW,DK1,DK_1,forecast_offshore_wind_generation,Wind Offshore,2026-08-11T08:00:34Z
2026-08-11T07:56:44Z,2026-08-11T09:56:44+0200,58a750df-313e-448a-89dd-c0365ec5f82d,2026-07-14T17:15:00Z,2026-07-14T19:15:00+0200,502.0,MW,DK1,DK_1,forecast_offshore_wind_generation,Wind Offshore,2026-08-11T08:00:34Z
2026-08-11T07:56:44Z,2026-08-11T09:56:44+0200,58a750df-313e-448a-89dd-c0365ec5f82d,2026-07-14T17:30:00Z,2026-07-14T19:30:00+0200,501.0,MW,DK1,DK_1,forecast_offshore_wind_generation,Wind Offshore,2026-08-11T08:00:34Z
2026-08-11T07:56:44Z,2026-08-11T09:56:44+0200,58a750df-313e-448a-89dd-c0365ec5f82d,2026-07-14T17:45:00Z,2026-07-14T19:45:00+0200,499.5,MW,DK1,DK_1,forecast_offshore_wind_generation,Wind Offshore,2026-08-11T08:00:34Z
2026-08-11T07:56:44Z,2026-08-11T09:56:44+0200,58a750df-313e-448a-89dd-c0365ec5f82d,2026-07-14T18:00:00Z,2026-07-14T20:00:00+0200,498.333333,MW,DK1,DK_1,forecast_offshore_wind_generation,Wind Offshore,2026-08-11T08:00:34Z
2026-08-11T07:56:44Z,2026-08-11T09:56:44+0200,58a750df-313e-448a-89dd-c0365ec5f82d,2026-07-14T18:15:00Z,2026-07-14T20:15:00+0200,496.333333,MW,DK1,DK_1,forecast_offshore_wind_generation,Wind Offshore,2026-08-11T08:00:34Z
2026-08-11T07:56:44Z,2026-08-11T09:56:44+0200,58a750df-313e-448a-89dd-c0365ec5f82d,2026-07-14T18:30:00Z,2026-07-14T20:30:00+0200,493.333333,MW,DK1,DK_1,forecast_offshore_wind_generation,Wind Offshore,2026-08-11T08:00:34Z
2026-08-11T07:56:44Z,2026-08-11T09:56:44+0200,58a750df-313e-448a-89dd-c0365ec5f82d,2026-07-14T18:45:00Z,2026-07-14T20:45:00+0200,488.833333,MW,DK1,DK_1,forecast_offshore_wind_generation,Wind Offshore,2026-08-11T08:00:34Z
2026-08-11T07:56:44Z,2026-08-11T09:56:44+0200,58a750df-313e-448a-89dd-c0365ec5f82d,2026-07-14T19:00:00Z,2026-07-14T21:00:00+0200,482.666666,MW,DK1,DK_1,forecast_offshore_wind_generation,Wind Offshore,2026-08-11T08:00:34Z
2026-08-11T07:56:44Z,2026-08-11T09:56:44+0200,58a750df-313e-448a-89dd-c0365ec5f82d,2026-07-14T19:15:00Z,2026-07-14T21:15:00+0200,472.0,MW,DK1,DK_1,forecast_offshore_wind_generation,Wind Offshore,2026-08-11T08:00:34Z
2026-08-11T07:56:44Z,2026-08-11T09:56:44+0200,58a750df-313e-448a-89dd-c0365ec5f82d,2026-07-14T19:30:00Z,2026-07-14T21:30:00+0200,460.5,MW,DK1,DK_1,forecast_offshore_wind_generation,Wind Offshore,2026-08-11T08:00:34Z
2026-08-11T07:56:44Z,2026-08-11T09:56:44+0200,58a750df-313e-448a-89dd-c0365ec5f82d,2026-07-14T19:45:00Z,2026-07-14T21:45:00+0200,452.166666,MW,DK1,DK_1,forecast_offshore_wind_generation,Wind Offshore,2026-08-11T08:00:34Z
2026-08-11T07:56:44Z,2026-08-11T09:56:44+0200,58a750df-313e-448a-89dd-c0365ec5f82d,2026-07-14T20:00:00Z,2026-07-14T22:00:00+0200,451.333333,MW,DK1,DK_1,forecast_offshore_wind_generation,Wind Offshore,2026-08-11T08:00:34Z
2026-08-11T07:56:44Z,2026-08-11T09:56:44+0200,58a750df-313e-448a-89dd-c0365ec5f82d,2026-07-14T20:15:00Z,2026-07-14T22:15:00+0200,458.5,MW,DK1,DK_1,forecast_offshore_wind_generation,Wind Offshore,2026-08-11T08:00:34Z
2026-08-11T07:56:44Z,2026-08-11T09:56:44+0200,58a750df-313e-448a-89dd-c0365ec5f82d,2026-07-14T20:30:00Z,2026-07-14T22:30:00+0200,468.333333,MW,DK1,DK_1,forecast_offshore_wind_generation,Wind Offshore,2026-08-11T08:00:34Z
2026-08-11T07:56:44Z,2026-08-11T09:56:44+0200,58a750df-313e-448a-89dd-c0365ec5f82d,2026-07-14T20:45:00Z,2026-07-14T22:45:00+0200,475.166666,MW,DK1,DK_1,forecast_offshore_wind_generation,Wind Offshore,2026-08-11T08:00:34Z
2026-08-11T07:56:44Z,2026-08-11T09:56:44+0200,58a750df-313e-448a-89dd-c0365ec5f82d,2026-07-14T21:00:00Z,2026-07-14T23:00:00+0200,474.5,MW,DK1,DK_1,forecast_offshore_wind_generation,Wind Offshore,2026-08-11T08:00:34Z
2026-08-11T07:56:44Z,2026-08-11T09:56:44+0200,58a750df-313e-448a-89dd-c0365ec5f82d,2026-07-14T21:15:00Z,2026-07-14T23:15:00+0200,470.833333,MW,DK1,DK_1,forecast_offshore_wind_generation,Wind Offshore,2026-08-11T08:00:34Z
2026-08-11T07:56:44Z,2026-08-11T09:56:44+0200,58a750df-313e-448a-89dd-c0365ec5f82d,2026-07-14T21:30:00Z,2026-07-14T23:30:00+0200,465.333333,MW,DK1,DK_1,forecast_offshore_wind_generation,Wind Offshore,2026-08-11T08:00:34Z
2026-08-11T07:56:44Z,2026-08-11T09:56:44+0200,58a750df-313e-448a-89dd-c0365ec5f82d,2026-07-14T21:45:00Z,2026-07-14T23:45:00+0200,458.833333,MW,DK1,DK_1,forecast_offshore_wind_generation,Wind Offshore,2026-08-11T08:00:34Z
2026-08-11T07:56:44Z,2026-08-11T09:56:44+0200,58a750df-313e-448a-89dd-c0365ec5f82d,2026-07-14T22:00:00Z,2026-07-15T00:00:00+0200,403.5,MW,DK1,DK_1,forecast_offshore_wind_generation,Wind Offshore,2026-08-11T08:00:34Z
2026-08-11T07:56:44Z,2026-08-11T09:56:44+0200,58a750df-313e-448a-89dd-c0365ec5f82d,2026-07-14T22:15:00Z,2026-07-15T00:15:00+0200,400.0,MW,DK1,DK_1,forecast_offshore_wind_generation,Wind Offshore,2026-08-11T08:00:34Z
2026-08-11T07:56:44Z,2026-08-11T09:56:44+0200,58a750df-313e-448a-89dd-c0365ec5f82d,2026-07-14T22:30:00Z,2026-07-15T00:30:00+0200,395.166666,MW,DK1,DK_1,forecast_offshore_wind_generation,Wind Offshore,2026-08-11T08:00:34Z
2026-08-11T07:56:44Z,2026-08-11T09:56:44+0200,58a750df-313e-448a-89dd-c0365ec5f82d,2026-07-14T22:45:00Z,2026-07-15T00:45:00+0200,390.166666,MW,DK1,DK_1,forecast_offshore_wind_generation,Wind Offshore,2026-08-11T08:00:34Z
2026-08-11T07:56:44Z,2026-08-11T09:56:44+0200,58a750df-313e-448a-89dd-c0365ec5f82d,2026-07-14T23:00:00Z,2026-07-15T01:00:00+0200,384.5,MW,DK1,DK_1,forecast_offshore_wind_generation,Wind Offshore,2026-08-11T08:00:34Z
2026-08-11T07:56:44Z,2026-08-11T09:56:44+0200,58a750df-313e-448a-89dd-c0365ec5f82d,2026-07-14T23:15:00Z,2026-07-15T01:15:00+0200,376.0,MW,DK1,DK_1,forecast_offshore_wind_generation,Wind Offshore,2026-08-11T08:00:34Z
2026-08-11T07:56:44Z,2026-08-11T09:56:44+0200,58a750df-313e-448a-89dd-c0365ec5f82d,2026-07-14T23:30:00Z,2026-07-15T01:30:00+0200,365.5,MW,DK1,DK_1,forecast_offshore_wind_generation,Wind Offshore,2026-08-11T08:00:34Z
2026-08-11T07:56:44Z,2026-08-11T09:56:44+0200,58a750df-313e-448a-89dd-c0365ec5f82d,2026-07-14T23:45:00Z,2026-07-15T01:45:00+0200,355.5,MW,DK1,DK_1,forecast_offshore_wind_generation,Wind Offshore,2026-08-11T08:00:34Z
2026-08-11T07:56:44Z,2026-08-11T09:56:44+0200,58a750df-313e-448a-89dd-c0365ec5f82d,2026-07-15T00:00:00Z,2026-07-15T02:00:00+0200,345.666666,MW,DK1,DK_1,forecast_offshore_wind_generation,Wind Offshore,2026-08-11T08:00:34Z
2026-08-11T07:56:44Z,2026-08-11T09:56:44+0200,58a750df-313e-448a-89dd-c0365ec5f82d,2026-07-15T00:15:00Z,2026-07-15T02:15:00+0200,330.833333,MW,DK1,DK_1,forecast_offshore_wind_generation,Wind Offshore,2026-08-11T08:00:34Z
2026-08-11T07:56:44Z,2026-08-11T09:56:44+0200,58a750df-313e-448a-89dd-c0365ec5f82d,2026-07-15T00:30:00Z,2026-07-15T02:30:00+0200,313.0,MW,DK1,DK_1,forecast_offshore_wind_generation,Wind Offshore,2026-08-11T08:00:34Z
2026-08-11T07:56:44Z,2026-08-11T09:56:44+0200,58a750df-313e-448a-89dd-c0365ec5f82d,2026-07-15T00:45:00Z,2026-07-15T02:45:00+0200,295.166666,MW,DK1,DK_1,forecast_offshore_wind_generation,Wind Offshore,2026-08-11T08:00:34Z
2026-08-11T07:56:44Z,2026-08-11T09:56:44+0200,58a750df-313e-448a-89dd-c0365ec5f82d,2026-07-15T01:00:00Z,2026-07-15T03:00:00+0200,279.166666,MW,DK1,DK_1,forecast_offshore_wind_generation,Wind Offshore,2026-08-11T08:00:34Z
2026-08-11T07:56:44Z,2026-08-11T09:56:44+0200,58a750df-313e-448a-89dd-c0365ec5f82d,2026-07-15T01:15:00Z,2026-07-15T03:15:00+0200,260.0,MW,DK1,DK_1,forecast_offshore_wind_generation,Wind Offshore,2026-08-11T08:00:34Z
2026-08-11T07:56:44Z,2026-08-11T09:56:44+0200,58a750df-313e-448a-89dd-c0365ec5f82d,2026-07-15T01:30:00Z,2026-07-15T03:30:00+0200,240.5,MW,DK1,DK_1,forecast_offshore_wind_generation,Wind Offshore,2026-08-11T08:00:34Z
2026-08-11T07:56:44Z,2026-08-11T09:56:44+0200,58a750df-313e-448a-89dd-c0365ec5f82d,2026-07-15T01:45:00Z,2026-07-15T03:45:00+0200,221.166666,MW,DK1,DK_1,forecast_offshore_wind_generation,Wind Offshore,2026-08-11T08:00:34Z
2026-08-11T07:56:44Z,2026-08-11T09:56:44+0200,58a750df-313e-448a-89dd-c0365ec5f82d,2026-07-15T02:00:00Z,2026-07-15T04:00:00+0200,203.0,MW,DK1,DK_1,forecast_offshore_wind_generation,Wind Offshore,2026-08-11T08:00:34Z
2026-08-11T07:56:44Z,2026-08-11T09:56:44+0200,58a750df-313e-448a-89dd-c0365ec5f82d,2026-07-15T02:15:00Z,2026-07-15T04:15:00+0200,186.0,MW,DK1,DK_1,forecast_offshore_wind_generation,Wind Offshore,2026-08-11T08:00:34Z
2026-08-11T07:56:44Z,2026-08-11T09:56:44+0200,58a750df-313e-448a-89dd-c0365ec5f82d,2026-07-15T02:30:00Z,2026-07-15T04:30:00+0200,169.833333,MW,DK1,DK_1,forecast_offshore_wind_generation,Wind Offshore,2026-08-11T08:00:34Z
2026-08-11T07:56:44Z,2026-08-11T09:56:44+0200,58a750df-313e-448a-89dd-c0365ec5f82d,2026-07-15T02:45:00Z,2026-07-15T04:45:00+0200,157.666666,MW,DK1,DK_1,forecast_offshore_wind_generation,Wind Offshore,2026-08-11T08:00:34Z
2026-08-11T07:56:44Z,2026-08-11T09:56:44+0200,58a750df-313e-448a-89dd-c0365ec5f82d,2026-07-15T03:00:00Z,2026-07-15T05:00:00+0200,148.666666,MW,DK1,DK_1,forecast_offshore_wind_generation,Wind Offshore,2026-08-11T08:00:34Z
2026-08-11T07:56:44Z,2026-08-11T09:56:44+0200,58a750df-313e-448a-89dd-c0365ec5f82d,2026-07-15T03:15:00Z,2026-07-15T05:15:00+0200,142.0,MW,DK1,DK_1,forecast_offshore_wind_generation,Wind Offshore,2026-08-11T08:00:34Z
2026-08-11T07:56:44Z,2026-08-11T09:56:44+0200,58a750df-313e-448a-89dd-c0365ec5f82d,2026-07-15T03:30:00Z,2026-07-15T05:30:00+0200,136.833333,MW,DK1,DK_1,forecast_offshore_wind_generation,Wind Offshore,2026-08-11T08:00:34Z
2026-08-11T07:56:44Z,2026-08-11T09:56:44+0200,58a750df-313e-448a-89dd-c0365ec5f82d,2026-07-15T03:45:00Z,2026-07-15T05:45:00+0200,131.833333,MW,DK1,DK_1,forecast_offshore_wind_generation,Wind Offshore,2026-08-11T08:00:34Z
2026-08-11T07:56:44Z,2026-08-11T09:56:44+0200,58a750df-313e-448a-89dd-c0365ec5f82d,2026-07-15T04:00:00Z,2026-07-15T06:00:00+0200,126.166666,MW,DK1,DK_1,forecast_offshore_wind_generation,Wind Offshore,2026-08-11T08:00:34Z
2026-08-11T07:56:44Z,2026-08-11T09:56:44+0200,58a750df-313e-448a-89dd-c0365ec5f82d,2026-07-15T04:15:00Z,2026-07-15T06:15:00+0200,120.833333,MW,DK1,DK_1,forecast_offshore_wind_generation,Wind Offshore,2026-08-11T08:00:34Z
2026-08-11T07:56:44Z,2026-08-11T09:56:44+0200,58a750df-313e-448a-89dd-c0365ec5f82d,2026-07-15T04:30:00Z,2026-07-15T06:30:00+0200,114.0,MW,DK1,DK_1,forecast_offshore_wind_generation,Wind Offshore,2026-08-11T08:00:34Z
2026-08-11T07:56:44Z,2026-08-11T09:56:44+0200,58a750df-313e-448a-89dd-c0365ec5f82d,2026-07-15T04:45:00Z,2026-07-15T06:45:00+0200,108.333333,MW,DK1,DK_1,forecast_offshore_wind_generation,Wind Offshore,2026-08-11T08:00:34Z
2026-08-11T07:56:44Z,2026-08-11T09:56:44+0200,58a750df-313e-448a-89dd-c0365ec5f82d,2026-07-15T05:00:00Z,2026-07-15T07:00:00+0200,101.5,MW,DK1,DK_1,forecast_offshore_wind_generation,Wind Offshore,2026-08-11T08:00:34Z
2026-08-11T07:56:44Z,2026-08-11T09:56:44+0200,58a750df-313e-448a-89dd-c0365ec5f82d,2026-07-15T05:15:00Z,2026-07-15T07:15:00+0200,95.666666,MW,DK1,DK_1,forecast_offshore_wind_generation,Wind Offshore,2026-08-11T08:00:34Z
2026-08-11T07:56:44Z,2026-08-11T09:56:44+0200,58a750df-313e-448a-89dd-c0365ec5f82d,2026-07-15T05:30:00Z,2026-07-15T07:30:00+0200,92.666666,MW,DK1,DK_1,forecast_offshore_wind_generation,Wind Offshore,2026-08-11T08:00:34Z
2026-08-11T07:56:44Z,2026-08-11T09:56:44+0200,58a750df-313e-448a-89dd-c0365ec5f82d,2026-07-15T05:45:00Z,2026-07-15T07:45:00+0200,92.0,MW,DK1,DK_1,forecast_offshore_wind_generation,Wind Offshore,2026-08-11T08:00:34Z
2026-08-11T07:56:44Z,2026-08-11T09:56:44+0200,58a750df-313e-448a-89dd-c0365ec5f82d,2026-07-15T06:00:00Z,2026-07-15T08:00:00+0200,91.166666,MW,DK1,DK_1,forecast_offshore_wind_generation,Wind Offshore,2026-08-11T08:00:34Z
2026-08-11T07:56:44Z,2026-08-11T09:56:44+0200,58a750df-313e-448a-89dd-c0365ec5f82d,2026-07-15T06:15:00Z,2026-07-15T08:15:00+0200,91.0,MW,DK1,DK_1,forecast_offshore_wind_generation,Wind Offshore,2026-08-11T08:00:34Z
2026-08-11T07:56:44Z,2026-08-11T09:56:44+0200,58a750df-313e-448a-89dd-c0365ec5f82d,2026-07-15T06:30:00Z,2026-07-15T08:30:00+0200,91.0,MW,DK1,DK_1,forecast_offshore_wind_generation,Wind Offshore,2026-08-11T08:00:34Z
2026-08-11T07:56:44Z,2026-08-11T09:56:44+0200,58a750df-313e-448a-89dd-c0365ec5f82d,2026-07-15T06:45:00Z,2026-07-15T08:45:00+0200,91.166666,MW,DK1,DK_1,forecast_offshore_wind_generation,Wind Offshore,2026-08-11T08:00:34Z
2026-08-11T07:56:44Z,2026-08-11T09:56:44+0200,58a750df-313e-448a-89dd-c0365ec5f82d,2026-07-15T07:00:00Z,2026-07-15T09:00:00+0200,94.166666,MW,DK1,DK_1,forecast_offshore_wind_generation,Wind Offshore,2026-08-11T08:00:34Z
2026-08-11T07:56:44Z,2026-08-11T09:56:44+0200,58a750df-313e-448a-89dd-c0365ec5f82d,2026-07-15T07:15:00Z,2026-07-15T09:15:00+0200,103.833333,MW,DK1,DK_1,forecast_offshore_wind_generation,Wind Offshore,2026-08-11T08:00:34Z
2026-08-11T07:56:44Z,2026-08-11T09:56:44+0200,58a750df-313e-448a-89dd-c0365ec5f82d,2026-07-15T07:30:00Z,2026-07-15T09:30:00+0200,122.333333,MW,DK1,DK_1,forecast_offshore_wind_generation,Wind Offshore,2026-08-11T08:00:34Z
2026-08-11T07:56:44Z,2026-08-11T09:56:44+0200,58a750df-313e-448a-89dd-c0365ec5f82d,2026-07-15T07:45:00Z,2026-07-15T09:45:00+0200,139.666666,MW,DK1,DK_1,forecast_offshore_wind_generation,Wind Offshore,2026-08-11T08:00:34Z
2026-08-11T07:56:44Z,2026-08-11T09:56:44+0200,58a750df-313e-448a-89dd-c0365ec5f82d,2026-07-15T08:00:00Z,2026-07-15T10:00:00+0200,150.666666,MW,DK1,DK_1,forecast_offshore_wind_generation,Wind Offshore,2026-08-11T08:00:34Z
2026-08-11T07:56:44Z,2026-08-11T09:56:44+0200,58a750df-313e-448a-89dd-c0365ec5f82d,2026-07-15T08:15:00Z,2026-07-15T10:15:00+0200,161.166666,MW,DK1,DK_1,forecast_offshore_wind_generation,Wind Offshore,2026-08-11T08:00:34Z
2026-08-11T07:56:44Z,2026-08-11T09:56:44+0200,58a750df-313e-448a-89dd-c0365ec5f82d,2026-07-15T08:30:00Z,2026-07-15T10:30:00+0200,172.333333,MW,DK1,DK_1,forecast_offshore_wind_generation,Wind Offshore,2026-08-11T08:00:34Z
2026-08-11T07:56:44Z,2026-08-11T09:56:44+0200,58a750df-313e-448a-89dd-c0365ec5f82d,2026-07-15T08:45:00Z,2026-07-15T10:45:00+0200,180.0,MW,DK1,DK_1,forecast_offshore_wind_generation,Wind Offshore,2026-08-11T08:00:34Z
2026-08-11T07:56:44Z,2026-08-11T09:56:44+0200,58a750df-313e-448a-89dd-c0365ec5f82d,2026-07-15T09:00:00Z,2026-07-15T11:00:00+0200,184.333333,MW,DK1,DK_1,forecast_offshore_wind_generation,Wind Offshore,2026-08-11T08:00:34Z
2026-08-11T07:56:44Z,2026-08-11T09:56:44+0200,58a750df-313e-448a-89dd-c0365ec5f82d,2026-07-15T09:15:00Z,2026-07-15T11:15:00+0200,186.5,MW,DK1,DK_1,forecast_offshore_wind_generation,Wind Offshore,2026-08-11T08:00:34Z
2026-08-11T07:56:44Z,2026-08-11T09:56:44+0200,58a750df-313e-448a-89dd-c0365ec5f82d,2026-07-15T09:30:00Z,2026-07-15T11:30:00+0200,189.0,MW,DK1,DK_1,forecast_offshore_wind_generation,Wind Offshore,2026-08-11T08:00:34Z
2026-08-11T07:56:44Z,2026-08-11T09:56:44+0200,58a750df-313e-448a-89dd-c0365ec5f82d,2026-07-15T09:45:00Z,2026-07-15T11:45:00+0200,191.0,MW,DK1,DK_1,forecast_offshore_wind_generation,Wind Offshore,2026-08-11T08:00:34Z
2026-08-11T07:56:44Z,2026-08-11T09:56:44+0200,58a750df-313e-448a-89dd-c0365ec5f82d,2026-07-15T10:00:00Z,2026-07-15T12:00:00+0200,193.5,MW,DK1,DK_1,forecast_offshore_wind_generation,Wind Offshore,2026-08-11T08:00:34Z
2026-08-11T07:56:44Z,2026-08-11T09:56:44+0200,58a750df-313e-448a-89dd-c0365ec5f82d,2026-07-15T10:15:00Z,2026-07-15T12:15:00+0200,195.666666,MW,DK1,DK_1,forecast_offshore_wind_generation,Wind Offshore,2026-08-11T08:00:34Z
2026-08-11T07:56:44Z,2026-08-11T09:56:44+0200,58a750df-313e-448a-89dd-c0365ec5f82d,2026-07-15T10:30:00Z,2026-07-15T12:30:00+0200,198.5,MW,DK1,DK_1,forecast_offshore_wind_generation,Wind Offshore,2026-08-11T08:00:34Z
2026-08-11T07:56:44Z,2026-08-11T09:56:44+0200,58a750df-313e-448a-89dd-c0365ec5f82d,2026-07-15T10:45:00Z,2026-07-15T12:45:00+0200,201.333333,MW,DK1,DK_1,forecast_offshore_wind_generation,Wind Offshore,2026-08-11T08:00:34Z
2026-08-11T07:56:44Z,2026-08-11T09:56:44+0200,58a750df-313e-448a-89dd-c0365ec5f82d,2026-07-15T11:00:00Z,2026-07-15T13:00:00+0200,203.5,MW,DK1,DK_1,forecast_offshore_wind_generation,Wind Offshore,2026-08-11T08:00:34Z
2026-08-11T07:56:44Z,2026-08-11T09:56:44+0200,58a750df-313e-448a-89dd-c0365ec5f82d,2026-07-15T11:15:00Z,2026-07-15T13:15:00+0200,205.5,MW,DK1,DK_1,forecast_offshore_wind_generation,Wind Offshore,2026-08-11T08:00:34Z
2026-08-11T07:56:44Z,2026-08-11T09:56:44+0200,58a750df-313e-448a-89dd-c0365ec5f82d,2026-07-15T11:30:00Z,2026-07-15T13:30:00+0200,207.333333,MW,DK1,DK_1,forecast_offshore_wind_generation,Wind Offshore,2026-08-11T08:00:34Z
2026-08-11T07:56:44Z,2026-08-11T09:56:44+0200,58a750df-313e-448a-89dd-c0365ec5f82d,2026-07-15T11:45:00Z,2026-07-15T13:45:00+0200,209.5,MW,DK1,DK_1,forecast_offshore_wind_generation,Wind Offshore,2026-08-11T08:00:34Z
2026-08-11T07:56:44Z,2026-08-11T09:56:44+0200,58a750df-313e-448a-89dd-c0365ec5f82d,2026-07-15T12:00:00Z,2026-07-15T14:00:00+0200,214.166666,MW,DK1,DK_1,forecast_offshore_wind_generation,Wind Offshore,2026-08-11T08:00:34Z
2026-08-11T07:56:44Z,2026-08-11T09:56:44+0200,58a750df-313e-448a-89dd-c0365ec5f82d,2026-07-15T12:15:00Z,2026-07-15T14:15:00+0200,222.5,MW,DK1,DK_1,forecast_offshore_wind_generation,Wind Offshore,2026-08-11T08:00:34Z
2026-08-11T07:56:44Z,2026-08-11T09:56:44+0200,58a750df-313e-448a-89dd-c0365ec5f82d,2026-07-15T12:30:00Z,2026-07-15T14:30:00+0200,232.0,MW,DK1,DK_1,forecast_offshore_wind_generation,Wind Offshore,2026-08-11T08:00:34Z
2026-08-11T07:56:44Z,2026-08-11T09:56:44+0200,58a750df-313e-448a-89dd-c0365ec5f82d,2026-07-15T12:45:00Z,2026-07-15T14:45:00+0200,241.0,MW,DK1,DK_1,forecast_offshore_wind_generation,Wind Offshore,2026-08-11T08:00:34Z
2026-08-11T07:56:44Z,2026-08-11T09:56:44+0200,58a750df-313e-448a-89dd-c0365ec5f82d,2026-07-15T13:00:00Z,2026-07-15T15:00:00+0200,248.5,MW,DK1,DK_1,forecast_offshore_wind_generation,Wind Offshore,2026-08-11T08:00:34Z
2026-08-11T07:56:44Z,2026-08-11T09:56:44+0200,58a750df-313e-448a-89dd-c0365ec5f82d,2026-07-15T13:15:00Z,2026-07-15T15:15:00+0200,256.166666,MW,DK1,DK_1,forecast_offshore_wind_generation,Wind Offshore,2026-08-11T08:00:34Z
2026-08-11T07:56:44Z,2026-08-11T09:56:44+0200,58a750df-313e-448a-89dd-c0365ec5f82d,2026-07-15T13:30:00Z,2026-07-15T15:30:00+0200,267.0,MW,DK1,DK_1,forecast_offshore_wind_generation,Wind Offshore,2026-08-11T08:00:34Z
2026-08-11T07:56:44Z,2026-08-11T09:56:44+0200,58a750df-313e-448a-89dd-c0365ec5f82d,2026-07-15T13:45:00Z,2026-07-15T15:45:00+0200,278.333333,MW,DK1,DK_1,forecast_offshore_wind_generation,Wind Offshore,2026-08-11T08:00:34Z
2026-08-11T07:56:44Z,2026-08-11T09:56:44+0200,58a750df-313e-448a-89dd-c0365ec5f82d,2026-07-15T14:00:00Z,2026-07-15T16:00:00+0200,287.5,MW,DK1,DK_1,forecast_offshore_wind_generation,Wind Offshore,2026-08-11T08:00:34Z
2026-08-11T07:56:44Z,2026-08-11T09:56:44+0200,58a750df-313e-448a-89dd-c0365ec5f82d,2026-07-15T14:15:00Z,2026-07-15T16:15:00+0200,295.5,MW,DK1,DK_1,forecast_offshore_wind_generation,Wind Offshore,2026-08-11T08:00:34Z
2026-08-11T07:56:44Z,2026-08-11T09:56:44+0200,58a750df-313e-448a-89dd-c0365ec5f82d,2026-07-15T14:30:00Z,2026-07-15T16:30:00+0200,302.5,MW,DK1,DK_1,forecast_offshore_wind_generation,Wind Offshore,2026-08-11T08:00:34Z
2026-08-11T07:56:44Z,2026-08-11T09:56:44+0200,58a750df-313e-448a-89dd-c0365ec5f82d,2026-07-15T14:45:00Z,2026-07-15T16:45:00+0200,309.333333,MW,DK1,DK_1,forecast_offshore_wind_generation,Wind Offshore,2026-08-11T08:00:34Z
2026-08-11T07:56:44Z,2026-08-11T09:56:44+0200,58a750df-313e-448a-89dd-c0365ec5f82d,2026-07-15T15:00:00Z,2026-07-15T17:00:00+0200,314.0,MW,DK1,DK_1,forecast_offshore_wind_generation,Wind Offshore,2026-08-11T08:00:34Z
2026-08-11T07:56:44Z,2026-08-11T09:56:44+0200,58a750df-313e-448a-89dd-c0365ec5f82d,2026-07-15T15:15:00Z,2026-07-15T17:15:00+0200,318.0,MW,DK1,DK_1,forecast_offshore_wind_generation,Wind Offshore,2026-08-11T08:00:34Z
2026-08-11T07:56:44Z,2026-08-11T09:56:44+0200,58a750df-313e-448a-89dd-c0365ec5f82d,2026-07-15T15:30:00Z,2026-07-15T17:30:00+0200,322.0,MW,DK1,DK_1,forecast_offshore_wind_generation,Wind Offshore,2026-08-11T08:00:34Z
2026-08-11T07:56:44Z,2026-08-11T09:56:44+0200,58a750df-313e-448a-89dd-c0365ec5f82d,2026-07-15T15:45:00Z,2026-07-15T17:45:00+0200,326.0,MW,DK1,DK_1,forecast_offshore_wind_generation,Wind Offshore,2026-08-11T08:00:34Z
2026-08-11T07:56:44Z,2026-08-11T09:56:44+0200,58a750df-313e-448a-89dd-c0365ec5f82d,2026-07-15T16:00:00Z,2026-07-15T18:00:00+0200,330.5,MW,DK1,DK_1,forecast_offshore_wind_generation,Wind Offshore,2026-08-11T08:00:34Z
2026-08-11T07:56:44Z,2026-08-11T09:56:44+0200,58a750df-313e-448a-89dd-c0365ec5f82d,2026-07-15T16:15:00Z,2026-07-15T18:15:00+0200,340.666666,MW,DK1,DK_1,forecast_offshore_wind_generation,Wind Offshore,2026-08-11T08:00:34Z
2026-08-11T07:56:44Z,2026-08-11T09:56:44+0200,58a750df-313e-448a-89dd-c0365ec5f82d,2026-07-15T16:30:00Z,2026-07-15T18:30:00+0200,353.333333,MW,DK1,DK_1,forecast_offshore_wind_generation,Wind Offshore,2026-08-11T08:00:34Z
2026-08-11T07:56:44Z,2026-08-11T09:56:44+0200,58a750df-313e-448a-89dd-c0365ec5f82d,2026-07-15T16:45:00Z,2026-07-15T18:45:00+0200,363.666666,MW,DK1,DK_1,forecast_offshore_wind_generation,Wind Offshore,2026-08-11T08:00:34Z
2026-08-11T07:56:44Z,2026-08-11T09:56:44+0200,58a750df-313e-448a-89dd-c0365ec5f82d,2026-07-15T17:00:00Z,2026-07-15T19:00:00+0200,369.333333,MW,DK1,DK_1,forecast_offshore_wind_generation,Wind Offshore,2026-08-11T08:00:34Z
2026-08-11T07:56:44Z,2026-08-11T09:56:44+0200,58a750df-313e-448a-89dd-c0365ec5f82d,2026-07-15T17:15:00Z,2026-07-15T19:15:00+0200,373.833333,MW,DK1,DK_1,forecast_offshore_wind_generation,Wind Offshore,2026-08-11T08:00:34Z
2026-08-11T07:56:44Z,2026-08-11T09:56:44+0200,58a750df-313e-448a-89dd-c0365ec5f82d,2026-07-15T17:30:00Z,2026-07-15T19:30:00+0200,377.5,MW,DK1,DK_1,forecast_offshore_wind_generation,Wind Offshore,2026-08-11T08:00:34Z
2026-08-11T07:56:44Z,2026-08-11T09:56:44+0200,58a750df-313e-448a-89dd-c0365ec5f82d,2026-07-15T17:45:00Z,2026-07-15T19:45:00+0200,379.833333,MW,DK1,DK_1,forecast_offshore_wind_generation,Wind Offshore,2026-08-11T08:00:34Z
2026-08-11T07:56:44Z,2026-08-11T09:56:44+0200,58a750df-313e-448a-89dd-c0365ec5f82d,2026-07-15T18:00:00Z,2026-07-15T20:00:00+0200,378.333333,MW,DK1,DK_1,forecast_offshore_wind_generation,Wind Offshore,2026-08-11T08:00:34Z
2026-08-11T07:56:44Z,2026-08-11T09:56:44+0200,58a750df-313e-448a-89dd-c0365ec5f82d,2026-07-15T18:15:00Z,2026-07-15T20:15:00+0200,372.0,MW,DK1,DK_1,forecast_offshore_wind_generation,Wind Offshore,2026-08-11T08:00:34Z
2026-08-11T07:56:44Z,2026-08-11T09:56:44+0200,58a750df-313e-448a-89dd-c0365ec5f82d,2026-07-15T18:30:00Z,2026-07-15T20:30:00+0200,365.0,MW,DK1,DK_1,forecast_offshore_wind_generation,Wind Offshore,2026-08-11T08:00:34Z
2026-08-11T07:56:44Z,2026-08-11T09:56:44+0200,58a750df-313e-448a-89dd-c0365ec5f82d,2026-07-15T18:45:00Z,2026-07-15T20:45:00+0200,359.5,MW,DK1,DK_1,forecast_offshore_wind_generation,Wind Offshore,2026-08-11T08:00:34Z
2026-08-11T07:56:44Z,2026-08-11T09:56:44+0200,58a750df-313e-448a-89dd-c0365ec5f82d,2026-07-15T19:00:00Z,2026-07-15T21:00:00+0200,355.0,MW,DK1,DK_1,forecast_offshore_wind_generation,Wind Offshore,2026-08-11T08:00:34Z
2026-08-11T07:56:44Z,2026-08-11T09:56:44+0200,58a750df-313e-448a-89dd-c0365ec5f82d,2026-07-15T19:15:00Z,2026-07-15T21:15:00+0200,351.0,MW,DK1,DK_1,forecast_offshore_wind_generation,Wind Offshore,2026-08-11T08:00:34Z
2026-08-11T07:56:44Z,2026-08-11T09:56:44+0200,58a750df-313e-448a-89dd-c0365ec5f82d,2026-07-15T19:30:00Z,2026-07-15T21:30:00+0200,346.833333,MW,DK1,DK_1,forecast_offshore_wind_generation,Wind Offshore,2026-08-11T08:00:34Z
2026-08-11T07:56:44Z,2026-08-11T09:56:44+0200,58a750df-313e-448a-89dd-c0365ec5f82d,2026-07-15T19:45:00Z,2026-07-15T21:45:00+0200,345.0,MW,DK1,DK_1,forecast_offshore_wind_generation,Wind Offshore,2026-08-11T08:00:34Z
2026-08-11T07:56:44Z,2026-08-11T09:56:44+0200,58a750df-313e-448a-89dd-c0365ec5f82d,2026-07-15T20:00:00Z,2026-07-15T22:00:00+0200,343.833333,MW,DK1,DK_1,forecast_offshore_wind_generation,Wind Offshore,2026-08-11T08:00:34Z
2026-08-11T07:56:44Z,2026-08-11T09:56:44+0200,58a750df-313e-448a-89dd-c0365ec5f82d,2026-07-15T20:15:00Z,2026-07-15T22:15:00+0200,343.0,MW,DK1,DK_1,forecast_offshore_wind_generation,Wind Offshore,2026-08-11T08:00:34Z
2026-08-11T07:56:44Z,2026-08-11T09:56:44+0200,58a750df-313e-448a-89dd-c0365ec5f82d,2026-07-15T20:30:00Z,2026-07-15T22:30:00+0200,342.0,MW,DK1,DK_1,forecast_offshore_wind_generation,Wind Offshore,2026-08-11T08:00:34Z
2026-08-11T07:56:44Z,2026-08-11T09:56:44+0200,58a750df-313e-448a-89dd-c0365ec5f82d,2026-07-15T20:45:00Z,2026-07-15T22:45:00+0200,340.166666,MW,DK1,DK_1,forecast_offshore_wind_generation,Wind Offshore,2026-08-11T08:00:34Z
2026-08-11T07:56:44Z,2026-08-11T09:56:44+0200,58a750df-313e-448a-89dd-c0365ec5f82d,2026-07-15T21:00:00Z,2026-07-15T23:00:00+0200,335.166666,MW,DK1,DK_1,forecast_offshore_wind_generation,Wind Offshore,2026-08-11T08:00:34Z
2026-08-11T07:56:44Z,2026-08-11T09:56:44+0200,58a750df-313e-448a-89dd-c0365ec5f82d,2026-07-15T21:15:00Z,2026-07-15T23:15:00+0200,325.166666,MW,DK1,DK_1,forecast_offshore_wind_generation,Wind Offshore,2026-08-11T08:00:34Z
2026-08-11T07:56:44Z,2026-08-11T09:56:44+0200,58a750df-313e-448a-89dd-c0365ec5f82d,2026-07-15T21:30:00Z,2026-07-15T23:30:00+0200,314.0,MW,DK1,DK_1,forecast_offshore_wind_generation,Wind Offshore,2026-08-11T08:00:34Z
2026-08-11T07:56:44Z,2026-08-11T09:56:44+0200,58a750df-313e-448a-89dd-c0365ec5f82d,2026-07-15T21:45:00Z,2026-07-15T23:45:00+0200,304.166666,MW,DK1,DK_1,forecast_offshore_wind_generation,Wind Offshore,2026-08-11T08:00:34Z
2026-08-11T07:56:44Z,2026-08-11T09:56:44+0200,58a750df-313e-448a-89dd-c0365ec5f82d,2026-07-15T22:00:00Z,2026-07-16T00:00:00+0200,226.166666,MW,DK1,DK_1,forecast_offshore_wind_generation,Wind Offshore,2026-08-11T08:00:34Z
2026-08-11T07:56:44Z,2026-08-11T09:56:44+0200,58a750df-313e-448a-89dd-c0365ec5f82d,2026-07-15T22:15:00Z,2026-07-16T00:15:00+0200,218.666666,MW,DK1,DK_1,forecast_offshore_wind_generation,Wind Offshore,2026-08-11T08:00:34Z
2026-08-11T07:56:44Z,2026-08-11T09:56:44+0200,58a750df-313e-448a-89dd-c0365ec5f82d,2026-07-15T22:30:00Z,2026-07-16T00:30:00+0200,210.5,MW,DK1,DK_1,forecast_offshore_wind_generation,Wind Offshore,2026-08-11T08:00:34Z
2026-08-11T07:56:44Z,2026-08-11T09:56:44+0200,58a750df-313e-448a-89dd-c0365ec5f82d,2026-07-15T22:45:00Z,2026-07-16T00:45:00+0200,203.0,MW,DK1,DK_1,forecast_offshore_wind_generation,Wind Offshore,2026-08-11T08:00:34Z
2026-08-11T07:56:44Z,2026-08-11T09:56:44+0200,58a750df-313e-448a-89dd-c0365ec5f82d,2026-07-15T23:00:00Z,2026-07-16T01:00:00+0200,197.833333,MW,DK1,DK_1,forecast_offshore_wind_generation,Wind Offshore,2026-08-11T08:00:34Z
2026-08-11T07:56:44Z,2026-08-11T09:56:44+0200,58a750df-313e-448a-89dd-c0365ec5f82d,2026-07-15T23:15:00Z,2026-07-16T01:15:00+0200,193.333333,MW,DK1,DK_1,forecast_offshore_wind_generation,Wind Offshore,2026-08-11T08:00:34Z
2026-08-11T07:56:44Z,2026-08-11T09:56:44+0200,58a750df-313e-448a-89dd-c0365ec5f82d,2026-07-15T23:30:00Z,2026-07-16T01:30:00+0200,189.666666,MW,DK1,DK_1,forecast_offshore_wind_generation,Wind Offshore,2026-08-11T08:00:34Z
2026-08-11T07:56:44Z,2026-08-11T09:56:44+0200,58a750df-313e-448a-89dd-c0365ec5f82d,2026-07-15T23:45:00Z,2026-07-16T01:45:00+0200,187.5,MW,DK1,DK_1,forecast_offshore_wind_generation,Wind Offshore,2026-08-11T08:00:34Z
2026-08-11T07:56:44Z,2026-08-11T09:56:44+0200,58a750df-313e-448a-89dd-c0365ec5f82d,2026-07-16T00:00:00Z,2026-07-16T02:00:00+0200,184.666666,MW,DK1,DK_1,forecast_offshore_wind_generation,Wind Offshore,2026-08-11T08:00:34Z
2026-08-11T07:56:44Z,2026-08-11T09:56:44+0200,58a750df-313e-448a-89dd-c0365ec5f82d,2026-07-16T00:15:00Z,2026-07-16T02:15:00+0200,182.666666,MW,DK1,DK_1,forecast_offshore_wind_generation,Wind Offshore,2026-08-11T08:00:34Z
2026-08-11T07:56:44Z,2026-08-11T09:56:44+0200,58a750df-313e-448a-89dd-c0365ec5f82d,2026-07-16T00:30:00Z,2026-07-16T02:30:00+0200,180.5,MW,DK1,DK_1,forecast_offshore_wind_generation,Wind Offshore,2026-08-11T08:00:34Z
2026-08-11T07:56:44Z,2026-08-11T09:56:44+0200,58a750df-313e-448a-89dd-c0365ec5f82d,2026-07-16T00:45:00Z,2026-07-16T02:45:00+0200,176.833333,MW,DK1,DK_1,forecast_offshore_wind_generation,Wind Offshore,2026-08-11T08:00:34Z
2026-08-11T07:56:44Z,2026-08-11T09:56:44+0200,58a750df-313e-448a-89dd-c0365ec5f82d,2026-07-16T01:00:00Z,2026-07-16T03:00:00+0200,170.333333,MW,DK1,DK_1,forecast_offshore_wind_generation,Wind Offshore,2026-08-11T08:00:34Z
2026-08-11T07:56:44Z,2026-08-11T09:56:44+0200,58a750df-313e-448a-89dd-c0365ec5f82d,2026-07-16T01:15:00Z,2026-07-16T03:15:00+0200,161.333333,MW,DK1,DK_1,forecast_offshore_wind_generation,Wind Offshore,2026-08-11T08:00:34Z
2026-08-11T07:56:44Z,2026-08-11T09:56:44+0200,58a750df-313e-448a-89dd-c0365ec5f82d,2026-07-16T01:30:00Z,2026-07-16T03:30:00+0200,149.5,MW,DK1,DK_1,forecast_offshore_wind_generation,Wind Offshore,2026-08-11T08:00:34Z
2026-08-11T07:56:44Z,2026-08-11T09:56:44+0200,58a750df-313e-448a-89dd-c0365ec5f82d,2026-07-16T01:45:00Z,2026-07-16T03:45:00+0200,135.666666,MW,DK1,DK_1,forecast_offshore_wind_generation,Wind Offshore,2026-08-11T08:00:34Z
2026-08-11T07:56:44Z,2026-08-11T09:56:44+0200,58a750df-313e-448a-89dd-c0365ec5f82d,2026-07-16T02:00:00Z,2026-07-16T04:00:00+0200,119.833333,MW,DK1,DK_1,forecast_offshore_wind_generation,Wind Offshore,2026-08-11T08:00:34Z
2026-08-11T07:56:44Z,2026-08-11T09:56:44+0200,58a750df-313e-448a-89dd-c0365ec5f82d,2026-07-16T02:15:00Z,2026-07-16T04:15:00+0200,98.0,MW,DK1,DK_1,forecast_offshore_wind_generation,Wind Offshore,2026-08-11T08:00:34Z
2026-08-11T07:56:44Z,2026-08-11T09:56:44+0200,58a750df-313e-448a-89dd-c0365ec5f82d,2026-07-16T02:30:00Z,2026-07-16T04:30:00+0200,77.0,MW,DK1,DK_1,forecast_offshore_wind_generation,Wind Offshore,2026-08-11T08:00:34Z
2026-08-11T07:56:44Z,2026-08-11T09:56:44+0200,58a750df-313e-448a-89dd-c0365ec5f82d,2026-07-16T02:45:00Z,2026-07-16T04:45:00+0200,69.666666,MW,DK1,DK_1,forecast_offshore_wind_generation,Wind Offshore,2026-08-11T08:00:34Z
2026-08-11T07:56:44Z,2026-08-11T09:56:44+0200,58a750df-313e-448a-89dd-c0365ec5f82d,2026-07-16T03:00:00Z,2026-07-16T05:00:00+0200,68.333333,MW,DK1,DK_1,forecast_offshore_wind_generation,Wind Offshore,2026-08-11T08:00:34Z
2026-08-11T07:56:44Z,2026-08-11T09:56:44+0200,58a750df-313e-448a-89dd-c0365ec5f82d,2026-07-16T03:15:00Z,2026-07-16T05:15:00+0200,72.333333,MW,DK1,DK_1,forecast_offshore_wind_generation,Wind Offshore,2026-08-11T08:00:34Z
2026-08-11T07:56:44Z,2026-08-11T09:56:44+0200,58a750df-313e-448a-89dd-c0365ec5f82d,2026-07-16T03:30:00Z,2026-07-16T05:30:00+0200,79.0,MW,DK1,DK_1,forecast_offshore_wind_generation,Wind Offshore,2026-08-11T08:00:34Z
2026-08-11T07:56:44Z,2026-08-11T09:56:44+0200,58a750df-313e-448a-89dd-c0365ec5f82d,2026-07-16T03:45:00Z,2026-07-16T05:45:00+0200,84.333333,MW,DK1,DK_1,forecast_offshore_wind_generation,Wind Offshore,2026-08-11T08:00:34Z
2026-08-11T07:56:44Z,2026-08-11T09:56:44+0200,58a750df-313e-448a-89dd-c0365ec5f82d,2026-07-16T04:00:00Z,2026-07-16T06:00:00+0200,87.5,MW,DK1,DK_1,forecast_offshore_wind_generation,Wind Offshore,2026-08-11T08:00:34Z
2026-08-11T07:56:44Z,2026-08-11T09:56:44+0200,58a750df-313e-448a-89dd-c0365ec5f82d,2026-07-16T04:15:00Z,2026-07-16T06:15:00+0200,90.5,MW,DK1,DK_1,forecast_offshore_wind_generation,Wind Offshore,2026-08-11T08:00:34Z
2026-08-11T07:56:44Z,2026-08-11T09:56:44+0200,58a750df-313e-448a-89dd-c0365ec5f82d,2026-07-16T04:30:00Z,2026-07-16T06:30:00+0200,95.0,MW,DK1,DK_1,forecast_offshore_wind_generation,Wind Offshore,2026-08-11T08:00:34Z
2026-08-11T07:56:44Z,2026-08-11T09:56:44+0200,58a750df-313e-448a-89dd-c0365ec5f82d,2026-07-16T04:45:00Z,2026-07-16T06:45:00+0200,101.5,MW,DK1,DK_1,forecast_offshore_wind_generation,Wind Offshore,2026-08-11T08:00:34Z
2026-08-11T07:56:44Z,2026-08-11T09:56:44+0200,58a750df-313e-448a-89dd-c0365ec5f82d,2026-07-16T05:00:00Z,2026-07-16T07:00:00+0200,111.833333,MW,DK1,DK_1,forecast_offshore_wind_generation,Wind Offshore,2026-08-11T08:00:34Z
2026-08-11T07:56:44Z,2026-08-11T09:56:44+0200,58a750df-313e-448a-89dd-c0365ec5f82d,2026-07-16T05:15:00Z,2026-07-16T07:15:00+0200,131.0,MW,DK1,DK_1,forecast_offshore_wind_generation,Wind Offshore,2026-08-11T08:00:34Z
2026-08-11T07:56:44Z,2026-08-11T09:56:44+0200,58a750df-313e-448a-89dd-c0365ec5f82d,2026-07-16T05:30:00Z,2026-07-16T07:30:00+0200,151.833333,MW,DK1,DK_1,forecast_offshore_wind_generation,Wind Offshore,2026-08-11T08:00:34Z
2026-08-11T07:56:44Z,2026-08-11T09:56:44+0200,58a750df-313e-448a-89dd-c0365ec5f82d,2026-07-16T05:45:00Z,2026-07-16T07:45:00+0200,167.0,MW,DK1,DK_1,forecast_offshore_wind_generation,Wind Offshore,2026-08-11T08:00:34Z
2026-08-11T07:56:44Z,2026-08-11T09:56:44+0200,58a750df-313e-448a-89dd-c0365ec5f82d,2026-07-16T06:00:00Z,2026-07-16T08:00:00+0200,170.333333,MW,DK1,DK_1,forecast_offshore_wind_generation,Wind Offshore,2026-08-11T08:00:34Z
2026-08-11T07:56:44Z,2026-08-11T09:56:44+0200,58a750df-313e-448a-89dd-c0365ec5f82d,2026-07-16T06:15:00Z,2026-07-16T08:15:00+0200,165.0,MW,DK1,DK_1,forecast_offshore_wind_generation,Wind Offshore,2026-08-11T08:00:34Z
2026-08-11T07:56:44Z,2026-08-11T09:56:44+0200,58a750df-313e-448a-89dd-c0365ec5f82d,2026-07-16T06:30:00Z,2026-07-16T08:30:00+0200,156.5,MW,DK1,DK_1,forecast_offshore_wind_generation,Wind Offshore,2026-08-11T08:00:34Z
2026-08-11T07:56:44Z,2026-08-11T09:56:44+0200,58a750df-313e-448a-89dd-c0365ec5f82d,2026-07-16T06:45:00Z,2026-07-16T08:45:00+0200,147.666666,MW,DK1,DK_1,forecast_offshore_wind_generation,Wind Offshore,2026-08-11T08:00:34Z
2026-08-11T07:56:44Z,2026-08-11T09:56:44+0200,58a750df-313e-448a-89dd-c0365ec5f82d,2026-07-16T07:00:00Z,2026-07-16T09:00:00+0200,140.166666,MW,DK1,DK_1,forecast_offshore_wind_generation,Wind Offshore,2026-08-11T08:00:34Z
2026-08-11T07:56:44Z,2026-08-11T09:56:44+0200,58a750df-313e-448a-89dd-c0365ec5f82d,2026-07-16T07:15:00Z,2026-07-16T09:15:00+0200,129.833333,MW,DK1,DK_1,forecast_offshore_wind_generation,Wind Offshore,2026-08-11T08:00:34Z
2026-08-11T07:56:44Z,2026-08-11T09:56:44+0200,58a750df-313e-448a-89dd-c0365ec5f82d,2026-07-16T07:30:00Z,2026-07-16T09:30:00+0200,120.166666,MW,DK1,DK_1,forecast_offshore_wind_generation,Wind Offshore,2026-08-11T08:00:34Z
2026-08-11T07:56:44Z,2026-08-11T09:56:44+0200,58a750df-313e-448a-89dd-c0365ec5f82d,2026-07-16T07:45:00Z,2026-07-16T09:45:00+0200,115.333333,MW,DK1,DK_1,forecast_offshore_wind_generation,Wind Offshore,2026-08-11T08:00:34Z
2026-08-11T07:56:44Z,2026-08-11T09:56:44+0200,58a750df-313e-448a-89dd-c0365ec5f82d,2026-07-16T08:00:00Z,2026-07-16T10:00:00+0200,118.0,MW,DK1,DK_1,forecast_offshore_wind_generation,Wind Offshore,2026-08-11T08:00:34Z
2026-08-11T07:56:44Z,2026-08-11T09:56:44+0200,58a750df-313e-448a-89dd-c0365ec5f82d,2026-07-16T08:15:00Z,2026-07-16T10:15:00+0200,131.166666,MW,DK1,DK_1,forecast_offshore_wind_generation,Wind Offshore,2026-08-11T08:00:34Z
2026-08-11T07:56:44Z,2026-08-11T09:56:44+0200,58a750df-313e-448a-89dd-c0365ec5f82d,2026-07-16T08:30:00Z,2026-07-16T10:30:00+0200,149.5,MW,DK1,DK_1,forecast_offshore_wind_generation,Wind Offshore,2026-08-11T08:00:34Z
2026-08-11T07:56:44Z,2026-08-11T09:56:44+0200,58a750df-313e-448a-89dd-c0365ec5f82d,2026-07-16T08:45:00Z,2026-07-16T10:45:00+0200,167.0,MW,DK1,DK_1,forecast_offshore_wind_generation,Wind Offshore,2026-08-11T08:00:34Z
2026-08-11T07:56:44Z,2026-08-11T09:56:44+0200,58a750df-313e-448a-89dd-c0365ec5f82d,2026-07-16T09:00:00Z,2026-07-16T11:00:00+0200,175.333333,MW,DK1,DK_1,forecast_offshore_wind_generation,Wind Offshore,2026-08-11T08:00:34Z
2026-08-11T07:56:44Z,2026-08-11T09:56:44+0200,58a750df-313e-448a-89dd-c0365ec5f82d,2026-07-16T09:15:00Z,2026-07-16T11:15:00+0200,177.833333,MW,DK1,DK_1,forecast_offshore_wind_generation,Wind Offshore,2026-08-11T08:00:34Z
2026-08-11T07:56:44Z,2026-08-11T09:56:44+0200,58a750df-313e-448a-89dd-c0365ec5f82d,2026-07-16T09:30:00Z,2026-07-16T11:30:00+0200,178.166666,MW,DK1,DK_1,forecast_offshore_wind_generation,Wind Offshore,2026-08-11T08:00:34Z
2026-08-11T07:56:44Z,2026-08-11T09:56:44+0200,58a750df-313e-448a-89dd-c0365ec5f82d,2026-07-16T09:45:00Z,2026-07-16T11:45:00+0200,179.0,MW,DK1,DK_1,forecast_offshore_wind_generation,Wind Offshore,2026-08-11T08:00:34Z
2026-08-11T07:56:44Z,2026-08-11T09:56:44+0200,58a750df-313e-448a-89dd-c0365ec5f82d,2026-07-16T10:00:00Z,2026-07-16T12:00:00+0200,180.0,MW,DK1,DK_1,forecast_offshore_wind_generation,Wind Offshore,2026-08-11T08:00:34Z
2026-08-11T07:56:44Z,2026-08-11T09:56:44+0200,58a750df-313e-448a-89dd-c0365ec5f82d,2026-07-16T10:15:00Z,2026-07-16T12:15:00+0200,182.0,MW,DK1,DK_1,forecast_offshore_wind_generation,Wind Offshore,2026-08-11T08:00:34Z
2026-08-11T07:56:44Z,2026-08-11T09:56:44+0200,58a750df-313e-448a-89dd-c0365ec5f82d,2026-07-16T10:30:00Z,2026-07-16T12:30:00+0200,184.5,MW,DK1,DK_1,forecast_offshore_wind_generation,Wind Offshore,2026-08-11T08:00:34Z
2026-08-11T07:56:44Z,2026-08-11T09:56:44+0200,58a750df-313e-448a-89dd-c0365ec5f82d,2026-07-16T10:45:00Z,2026-07-16T12:45:00+0200,186.666666,MW,DK1,DK_1,forecast_offshore_wind_generation,Wind Offshore,2026-08-11T08:00:34Z
2026-08-11T07:56:44Z,2026-08-11T09:56:44+0200,58a750df-313e-448a-89dd-c0365ec5f82d,2026-07-16T11:00:00Z,2026-07-16T13:00:00+0200,187.833333,MW,DK1,DK_1,forecast_offshore_wind_generation,Wind Offshore,2026-08-11T08:00:34Z
2026-08-11T07:56:44Z,2026-08-11T09:56:44+0200,58a750df-313e-448a-89dd-c0365ec5f82d,2026-07-16T11:15:00Z,2026-07-16T13:15:00+0200,185.5,MW,DK1,DK_1,forecast_offshore_wind_generation,Wind Offshore,2026-08-11T08:00:34Z
2026-08-11T07:56:44Z,2026-08-11T09:56:44+0200,58a750df-313e-448a-89dd-c0365ec5f82d,2026-07-16T11:30:00Z,2026-07-16T13:30:00+0200,181.5,MW,DK1,DK_1,forecast_offshore_wind_generation,Wind Offshore,2026-08-11T08:00:34Z
2026-08-11T07:56:44Z,2026-08-11T09:56:44+0200,58a750df-313e-448a-89dd-c0365ec5f82d,2026-07-16T11:45:00Z,2026-07-16T13:45:00+0200,177.0,MW,DK1,DK_1,forecast_offshore_wind_generation,Wind Offshore,2026-08-11T08:00:34Z
2026-08-11T07:56:44Z,2026-08-11T09:56:44+0200,58a750df-313e-448a-89dd-c0365ec5f82d,2026-07-16T12:00:00Z,2026-07-16T14:00:00+0200,168.166666,MW,DK1,DK_1,forecast_offshore_wind_generation,Wind Offshore,2026-08-11T08:00:34Z
2026-08-11T07:56:44Z,2026-08-11T09:56:44+0200,58a750df-313e-448a-89dd-c0365ec5f82d,2026-07-16T12:15:00Z,2026-07-16T14:15:00+0200,143.0,MW,DK1,DK_1,forecast_offshore_wind_generation,Wind Offshore,2026-08-11T08:00:34Z
2026-08-11T07:56:44Z,2026-08-11T09:56:44+0200,58a750df-313e-448a-89dd-c0365ec5f82d,2026-07-16T12:30:00Z,2026-07-16T14:30:00+0200,109.666666,MW,DK1,DK_1,forecast_offshore_wind_generation,Wind Offshore,2026-08-11T08:00:34Z
2026-08-11T07:56:44Z,2026-08-11T09:56:44+0200,58a750df-313e-448a-89dd-c0365ec5f82d,2026-07-16T12:45:00Z,2026-07-16T14:45:00+0200,86.0,MW,DK1,DK_1,forecast_offshore_wind_generation,Wind Offshore,2026-08-11T08:00:34Z
2026-08-11T07:56:44Z,2026-08-11T09:56:44+0200,58a750df-313e-448a-89dd-c0365ec5f82d,2026-07-16T13:00:00Z,2026-07-16T15:00:00+0200,75.666666,MW,DK1,DK_1,forecast_offshore_wind_generation,Wind Offshore,2026-08-11T08:00:34Z
2026-08-11T07:56:44Z,2026-08-11T09:56:44+0200,58a750df-313e-448a-89dd-c0365ec5f82d,2026-07-16T13:15:00Z,2026-07-16T15:15:00+0200,63.5,MW,DK1,DK_1,forecast_offshore_wind_generation,Wind Offshore,2026-08-11T08:00:34Z
2026-08-11T07:56:44Z,2026-08-11T09:56:44+0200,58a750df-313e-448a-89dd-c0365ec5f82d,2026-07-16T13:30:00Z,2026-07-16T15:30:00+0200,53.333333,MW,DK1,DK_1,forecast_offshore_wind_generation,Wind Offshore,2026-08-11T08:00:34Z
2026-08-11T07:56:44Z,2026-08-11T09:56:44+0200,58a750df-313e-448a-89dd-c0365ec5f82d,2026-07-16T13:45:00Z,2026-07-16T15:45:00+0200,49.5,MW,DK1,DK_1,forecast_offshore_wind_generation,Wind Offshore,2026-08-11T08:00:34Z
2026-08-11T07:56:44Z,2026-08-11T09:56:44+0200,58a750df-313e-448a-89dd-c0365ec5f82d,2026-07-16T14:00:00Z,2026-07-16T16:00:00+0200,45.5,MW,DK1,DK_1,forecast_offshore_wind_generation,Wind Offshore,2026-08-11T08:00:34Z
2026-08-11T07:56:44Z,2026-08-11T09:56:44+0200,58a750df-313e-448a-89dd-c0365ec5f82d,2026-07-16T14:15:00Z,2026-07-16T16:15:00+0200,42.0,MW,DK1,DK_1,forecast_offshore_wind_generation,Wind Offshore,2026-08-11T08:00:34Z
2026-08-11T07:56:44Z,2026-08-11T09:56:44+0200,58a750df-313e-448a-89dd-c0365ec5f82d,2026-07-16T14:30:00Z,2026-07-16T16:30:00+0200,41.166666,MW,DK1,DK_1,forecast_offshore_wind_generation,Wind Offshore,2026-08-11T08:00:34Z
2026-08-11T07:56:44Z,2026-08-11T09:56:44+0200,58a750df-313e-448a-89dd-c0365ec5f82d,2026-07-16T14:45:00Z,2026-07-16T16:45:00+0200,43.5,MW,DK1,DK_1,forecast_offshore_wind_generation,Wind Offshore,2026-08-11T08:00:34Z
2026-08-11T07:56:44Z,2026-08-11T09:56:44+0200,58a750df-313e-448a-89dd-c0365ec5f82d,2026-07-16T15:00:00Z,2026-07-16T17:00:00+0200,45.166666,MW,DK1,DK_1,forecast_offshore_wind_generation,Wind Offshore,2026-08-11T08:00:34Z
2026-08-11T07:56:44Z,2026-08-11T09:56:44+0200,58a750df-313e-448a-89dd-c0365ec5f82d,2026-07-16T15:15:00Z,2026-07-16T17:15:00+0200,49.0,MW,DK1,DK_1,forecast_offshore_wind_generation,Wind Offshore,2026-08-11T08:00:34Z
2026-08-11T07:56:44Z,2026-08-11T09:56:44+0200,58a750df-313e-448a-89dd-c0365ec5f82d,2026-07-16T15:30:00Z,2026-07-16T17:30:00+0200,56.0,MW,DK1,DK_1,forecast_offshore_wind_generation,Wind Offshore,2026-08-11T08:00:34Z
2026-08-11T07:56:44Z,2026-08-11T09:56:44+0200,58a750df-313e-448a-89dd-c0365ec5f82d,2026-07-16T15:45:00Z,2026-07-16T17:45:00+0200,62.0,MW,DK1,DK_1,forecast_offshore_wind_generation,Wind Offshore,2026-08-11T08:00:34Z
2026-08-11T07:56:44Z,2026-08-11T09:56:44+0200,58a750df-313e-448a-89dd-c0365ec5f82d,2026-07-16T16:00:00Z,2026-07-16T18:00:00+0200,66.5,MW,DK1,DK_1,forecast_offshore_wind_generation,Wind Offshore,2026-08-11T08:00:34Z
2026-08-11T07:56:44Z,2026-08-11T09:56:44+0200,58a750df-313e-448a-89dd-c0365ec5f82d,2026-07-16T16:15:00Z,2026-07-16T18:15:00+0200,72.0,MW,DK1,DK_1,forecast_offshore_wind_generation,Wind Offshore,2026-08-11T08:00:34Z
2026-08-11T07:56:44Z,2026-08-11T09:56:44+0200,58a750df-313e-448a-89dd-c0365ec5f82d,2026-07-16T16:30:00Z,2026-07-16T18:30:00+0200,77.166666,MW,DK1,DK_1,forecast_offshore_wind_generation,Wind Offshore,2026-08-11T08:00:34Z
2026-08-11T07:56:44Z,2026-08-11T09:56:44+0200,58a750df-313e-448a-89dd-c0365ec5f82d,2026-07-16T16:45:00Z,2026-07-16T18:45:00+0200,81.333333,MW,DK1,DK_1,forecast_offshore_wind_generation,Wind Offshore,2026-08-11T08:00:34Z
2026-08-11T07:56:44Z,2026-08-11T09:56:44+0200,58a750df-313e-448a-89dd-c0365ec5f82d,2026-07-16T17:00:00Z,2026-07-16T19:00:00+0200,81.666666,MW,DK1,DK_1,forecast_offshore_wind_generation,Wind Offshore,2026-08-11T08:00:34Z
2026-08-11T07:56:44Z,2026-08-11T09:56:44+0200,58a750df-313e-448a-89dd-c0365ec5f82d,2026-07-16T17:15:00Z,2026-07-16T19:15:00+0200,78.333333,MW,DK1,DK_1,forecast_offshore_wind_generation,Wind Offshore,2026-08-11T08:00:34Z
2026-08-11T07:56:44Z,2026-08-11T09:56:44+0200,58a750df-313e-448a-89dd-c0365ec5f82d,2026-07-16T17:30:00Z,2026-07-16T19:30:00+0200,73.5,MW,DK1,DK_1,forecast_offshore_wind_generation,Wind Offshore,2026-08-11T08:00:34Z
2026-08-11T07:56:44Z,2026-08-11T09:56:44+0200,58a750df-313e-448a-89dd-c0365ec5f82d,2026-07-16T17:45:00Z,2026-07-16T19:45:00+0200,70.0,MW,DK1,DK_1,forecast_offshore_wind_generation,Wind Offshore,2026-08-11T08:00:34Z
2026-08-11T07:56:44Z,2026-08-11T09:56:44+0200,58a750df-313e-448a-89dd-c0365ec5f82d,2026-07-16T18:00:00Z,2026-07-16T20:00:00+0200,68.833333,MW,DK1,DK_1,forecast_offshore_wind_generation,Wind Offshore,2026-08-11T08:00:34Z
2026-08-11T07:56:44Z,2026-08-11T09:56:44+0200,58a750df-313e-448a-89dd-c0365ec5f82d,2026-07-16T18:15:00Z,2026-07-16T20:15:00+0200,67.833333,MW,DK1,DK_1,forecast_offshore_wind_generation,Wind Offshore,2026-08-11T08:00:34Z
2026-08-11T07:56:44Z,2026-08-11T09:56:44+0200,58a750df-313e-448a-89dd-c0365ec5f82d,2026-07-16T18:30:00Z,2026-07-16T20:30:00+0200,66.5,MW,DK1,DK_1,forecast_offshore_wind_generation,Wind Offshore,2026-08-11T08:00:34Z
2026-08-11T07:56:44Z,2026-08-11T09:56:44+0200,58a750df-313e-448a-89dd-c0365ec5f82d,2026-07-16T18:45:00Z,2026-07-16T20:45:00+0200,65.0,MW,DK1,DK_1,forecast_offshore_wind_generation,Wind Offshore,2026-08-11T08:00:34Z
2026-08-11T07:56:44Z,2026-08-11T09:56:44+0200,58a750df-313e-448a-89dd-c0365ec5f82d,2026-07-16T19:00:00Z,2026-07-16T21:00:00+0200,62.166666,MW,DK1,DK_1,forecast_offshore_wind_generation,Wind Offshore,2026-08-11T08:00:34Z
2026-08-11T07:56:44Z,2026-08-11T09:56:44+0200,58a750df-313e-448a-89dd-c0365ec5f82d,2026-07-16T19:15:00Z,2026-07-16T21:15:00+0200,54.5,MW,DK1,DK_1,forecast_offshore_wind_generation,Wind Offshore,2026-08-11T08:00:34Z
2026-08-11T07:56:44Z,2026-08-11T09:56:44+0200,58a750df-313e-448a-89dd-c0365ec5f82d,2026-07-16T19:30:00Z,2026-07-16T21:30:00+0200,46.666666,MW,DK1,DK_1,forecast_offshore_wind_generation,Wind Offshore,2026-08-11T08:00:34Z
2026-08-11T07:56:44Z,2026-08-11T09:56:44+0200,58a750df-313e-448a-89dd-c0365ec5f82d,2026-07-16T19:45:00Z,2026-07-16T21:45:00+0200,41.666666,MW,DK1,DK_1,forecast_offshore_wind_generation,Wind Offshore,2026-08-11T08:00:34Z
2026-08-11T07:56:44Z,2026-08-11T09:56:44+0200,58a750df-313e-448a-89dd-c0365ec5f82d,2026-07-16T20:00:00Z,2026-07-16T22:00:00+0200,40.0,MW,DK1,DK_1,forecast_offshore_wind_generation,Wind Offshore,2026-08-11T08:00:34Z
2026-08-11T07:56:44Z,2026-08-11T09:56:44+0200,58a750df-313e-448a-89dd-c0365ec5f82d,2026-07-16T20:15:00Z,2026-07-16T22:15:00+0200,40.666666,MW,DK1,DK_1,forecast_offshore_wind_generation,Wind Offshore,2026-08-11T08:00:34Z
2026-08-11T07:56:44Z,2026-08-11T09:56:44+0200,58a750df-313e-448a-89dd-c0365ec5f82d,2026-07-16T20:30:00Z,2026-07-16T22:30:00+0200,43.5,MW,DK1,DK_1,forecast_offshore_wind_generation,Wind Offshore,2026-08-11T08:00:34Z
2026-08-11T07:56:44Z,2026-08-11T09:56:44+0200,58a750df-313e-448a-89dd-c0365ec5f82d,2026-07-16T20:45:00Z,2026-07-16T22:45:00+0200,46.5,MW,DK1,DK_1,forecast_offshore_wind_generation,Wind Offshore,2026-08-11T08:00:34Z
2026-08-11T07:56:44Z,2026-08-11T09:56:44+0200,58a750df-313e-448a-89dd-c0365ec5f82d,2026-07-16T21:00:00Z,2026-07-16T23:00:00+0200,48.833333,MW,DK1,DK_1,forecast_offshore_wind_generation,Wind Offshore,2026-08-11T08:00:34Z
2026-08-11T07:56:44Z,2026-08-11T09:56:44+0200,58a750df-313e-448a-89dd-c0365ec5f82d,2026-07-16T21:15:00Z,2026-07-16T23:15:00+0200,53.166666,MW,DK1,DK_1,forecast_offshore_wind_generation,Wind Offshore,2026-08-11T08:00:34Z
2026-08-11T07:56:44Z,2026-08-11T09:56:44+0200,58a750df-313e-448a-89dd-c0365ec5f82d,2026-07-16T21:30:00Z,2026-07-16T23:30:00+0200,58.0,MW,DK1,DK_1,forecast_offshore_wind_generation,Wind Offshore,2026-08-11T08:00:34Z
2026-08-11T07:56:44Z,2026-08-11T09:56:44+0200,58a750df-313e-448a-89dd-c0365ec5f82d,2026-07-16T21:45:00Z,2026-07-16T23:45:00+0200,62.333333,MW,DK1,DK_1,forecast_offshore_wind_generation,Wind Offshore,2026-08-11T08:00:34Z
2026-08-11T07:56:44Z,2026-08-11T09:56:44+0200,58a750df-313e-448a-89dd-c0365ec5f82d,2026-07-16T22:00:00Z,2026-07-17T00:00:00+0200,72.833333,MW,DK1,DK_1,forecast_offshore_wind_generation,Wind Offshore,2026-08-11T08:00:34Z
2026-08-11T07:56:44Z,2026-08-11T09:56:44+0200,58a750df-313e-448a-89dd-c0365ec5f82d,2026-07-16T22:15:00Z,2026-07-17T00:15:00+0200,73.0,MW,DK1,DK_1,forecast_offshore_wind_generation,Wind Offshore,2026-08-11T08:00:34Z
2026-08-11T07:56:44Z,2026-08-11T09:56:44+0200,58a750df-313e-448a-89dd-c0365ec5f82d,2026-07-16T22:30:00Z,2026-07-17T00:30:00+0200,73.0,MW,DK1,DK_1,forecast_offshore_wind_generation,Wind Offshore,2026-08-11T08:00:34Z
2026-08-11T07:56:44Z,2026-08-11T09:56:44+0200,58a750df-313e-448a-89dd-c0365ec5f82d,2026-07-16T22:45:00Z,2026-07-17T00:45:00+0200,74.0,MW,DK1,DK_1,forecast_offshore_wind_generation,Wind Offshore,2026-08-11T08:00:34Z
2026-08-11T07:56:44Z,2026-08-11T09:56:44+0200,58a750df-313e-448a-89dd-c0365ec5f82d,2026-07-16T23:00:00Z,2026-07-17T01:00:00+0200,77.166666,MW,DK1,DK_1,forecast_offshore_wind_generation,Wind Offshore,2026-08-11T08:00:34Z
2026-08-11T07:56:44Z,2026-08-11T09:56:44+0200,58a750df-313e-448a-89dd-c0365ec5f82d,2026-07-16T23:15:00Z,2026-07-17T01:15:00+0200,82.666666,MW,DK1,DK_1,forecast_offshore_wind_generation,Wind Offshore,2026-08-11T08:00:34Z
2026-08-11T07:56:44Z,2026-08-11T09:56:44+0200,58a750df-313e-448a-89dd-c0365ec5f82d,2026-07-16T23:30:00Z,2026-07-17T01:30:00+0200,89.833333,MW,DK1,DK_1,forecast_offshore_wind_generation,Wind Offshore,2026-08-11T08:00:34Z
2026-08-11T07:56:44Z,2026-08-11T09:56:44+0200,58a750df-313e-448a-89dd-c0365ec5f82d,2026-07-16T23:45:00Z,2026-07-17T01:45:00+0200,98.833333,MW,DK1,DK_1,forecast_offshore_wind_generation,Wind Offshore,2026-08-11T08:00:34Z
2026-08-11T07:56:44Z,2026-08-11T09:56:44+0200,58a750df-313e-448a-89dd-c0365ec5f82d,2026-07-17T00:00:00Z,2026-07-17T02:00:00+0200,103.5,MW,DK1,DK_1,forecast_offshore_wind_generation,Wind Offshore,2026-08-11T08:00:34Z
2026-08-11T07:56:44Z,2026-08-11T09:56:44+0200,58a750df-313e-448a-89dd-c0365ec5f82d,2026-07-17T00:15:00Z,2026-07-17T02:15:00+0200,106.5,MW,DK1,DK_1,forecast_offshore_wind_generation,Wind Offshore,2026-08-11T08:00:34Z
2026-08-11T07:56:44Z,2026-08-11T09:56:44+0200,58a750df-313e-448a-89dd-c0365ec5f82d,2026-07-17T00:30:00Z,2026-07-17T02:30:00+0200,109.5,MW,DK1,DK_1,forecast_offshore_wind_generation,Wind Offshore,2026-08-11T08:00:34Z
2026-08-11T07:56:44Z,2026-08-11T09:56:44+0200,58a750df-313e-448a-89dd-c0365ec5f82d,2026-07-17T00:45:00Z,2026-07-17T02:45:00+0200,112.333333,MW,DK1,DK_1,forecast_offshore_wind_generation,Wind Offshore,2026-08-11T08:00:34Z
2026-08-11T07:56:44Z,2026-08-11T09:56:44+0200,58a750df-313e-448a-89dd-c0365ec5f82d,2026-07-17T01:00:00Z,2026-07-17T03:00:00+0200,116.0,MW,DK1,DK_1,forecast_offshore_wind_generation,Wind Offshore,2026-08-11T08:00:34Z
2026-08-11T07:56:44Z,2026-08-11T09:56:44+0200,58a750df-313e-448a-89dd-c0365ec5f82d,2026-07-17T01:15:00Z,2026-07-17T03:15:00+0200,125.166666,MW,DK1,DK_1,forecast_offshore_wind_generation,Wind Offshore,2026-08-11T08:00:34Z
2026-08-11T07:56:44Z,2026-08-11T09:56:44+0200,58a750df-313e-448a-89dd-c0365ec5f82d,2026-07-17T01:30:00Z,2026-07-17T03:30:00+0200,138.0,MW,DK1,DK_1,forecast_offshore_wind_generation,Wind Offshore,2026-08-11T08:00:34Z
2026-08-11T07:56:44Z,2026-08-11T09:56:44+0200,58a750df-313e-448a-89dd-c0365ec5f82d,2026-07-17T01:45:00Z,2026-07-17T03:45:00+0200,148.5,MW,DK1,DK_1,forecast_offshore_wind_generation,Wind Offshore,2026-08-11T08:00:34Z
2026-08-11T07:56:44Z,2026-08-11T09:56:44+0200,58a750df-313e-448a-89dd-c0365ec5f82d,2026-07-17T02:00:00Z,2026-07-17T04:00:00+0200,150.333333,MW,DK1,DK_1,forecast_offshore_wind_generation,Wind Offshore,2026-08-11T08:00:34Z
2026-08-11T07:56:44Z,2026-08-11T09:56:44+0200,58a750df-313e-448a-89dd-c0365ec5f82d,2026-07-17T02:15:00Z,2026-07-17T04:15:00+0200,147.333333,MW,DK1,DK_1,forecast_offshore_wind_generation,Wind Offshore,2026-08-11T08:00:34Z
2026-08-11T07:56:44Z,2026-08-11T09:56:44+0200,58a750df-313e-448a-89dd-c0365ec5f82d,2026-07-17T02:30:00Z,2026-07-17T04:30:00+0200,142.833333,MW,DK1,DK_1,forecast_offshore_wind_generation,Wind Offshore,2026-08-11T08:00:34Z
2026-08-11T07:56:44Z,2026-08-11T09:56:44+0200,58a750df-313e-448a-89dd-c0365ec5f82d,2026-07-17T02:45:00Z,2026-07-17T04:45:00+0200,134.166666,MW,DK1,DK_1,forecast_offshore_wind_generation,Wind Offshore,2026-08-11T08:00:34Z
2026-08-11T07:56:44Z,2026-08-11T09:56:44+0200,58a750df-313e-448a-89dd-c0365ec5f82d,2026-07-17T03:00:00Z,2026-07-17T05:00:00+0200,123.833333,MW,DK1,DK_1,forecast_offshore_wind_generation,Wind Offshore,2026-08-11T08:00:34Z
2026-08-11T07:56:44Z,2026-08-11T09:56:44+0200,58a750df-313e-448a-89dd-c0365ec5f82d,2026-07-17T03:15:00Z,2026-07-17T05:15:00+0200,112.833333,MW,DK1,DK_1,forecast_offshore_wind_generation,Wind Offshore,2026-08-11T08:00:34Z
2026-08-11T07:56:44Z,2026-08-11T09:56:44+0200,58a750df-313e-448a-89dd-c0365ec5f82d,2026-07-17T03:30:00Z,2026-07-17T05:30:00+0200,101.166666,MW,DK1,DK_1,forecast_offshore_wind_generation,Wind Offshore,2026-08-11T08:00:34Z
2026-08-11T07:56:44Z,2026-08-11T09:56:44+0200,58a750df-313e-448a-89dd-c0365ec5f82d,2026-07-17T03:45:00Z,2026-07-17T05:45:00+0200,90.666666,MW,DK1,DK_1,forecast_offshore_wind_generation,Wind Offshore,2026-08-11T08:00:34Z
2026-08-11T07:56:44Z,2026-08-11T09:56:44+0200,58a750df-313e-448a-89dd-c0365ec5f82d,2026-07-17T04:00:00Z,2026-07-17T06:00:00+0200,82.5,MW,DK1,DK_1,forecast_offshore_wind_generation,Wind Offshore,2026-08-11T08:00:34Z
2026-08-11T07:56:44Z,2026-08-11T09:56:44+0200,58a750df-313e-448a-89dd-c0365ec5f82d,2026-07-17T04:15:00Z,2026-07-17T06:15:00+0200,76.0,MW,DK1,DK_1,forecast_offshore_wind_generation,Wind Offshore,2026-08-11T08:00:34Z
2026-08-11T07:56:44Z,2026-08-11T09:56:44+0200,58a750df-313e-448a-89dd-c0365ec5f82d,2026-07-17T04:30:00Z,2026-07-17T06:30:00+0200,70.166666,MW,DK1,DK_1,forecast_offshore_wind_generation,Wind Offshore,2026-08-11T08:00:34Z
2026-08-11T07:56:44Z,2026-08-11T09:56:44+0200,58a750df-313e-448a-89dd-c0365ec5f82d,2026-07-17T04:45:00Z,2026-07-17T06:45:00+0200,66.0,MW,DK1,DK_1,forecast_offshore_wind_generation,Wind Offshore,2026-08-11T08:00:34Z
2026-08-11T07:56:44Z,2026-08-11T09:56:44+0200,58a750df-313e-448a-89dd-c0365ec5f82d,2026-07-17T05:00:00Z,2026-07-17T07:00:00+0200,64.0,MW,DK1,DK_1,forecast_offshore_wind_generation,Wind Offshore,2026-08-11T08:00:34Z
2026-08-11T07:56:44Z,2026-08-11T09:56:44+0200,58a750df-313e-448a-89dd-c0365ec5f82d,2026-07-17T05:15:00Z,2026-07-17T07:15:00+0200,65.333333,MW,DK1,DK_1,forecast_offshore_wind_generation,Wind Offshore,2026-08-11T08:00:34Z
2026-08-11T07:56:44Z,2026-08-11T09:56:44+0200,58a750df-313e-448a-89dd-c0365ec5f82d,2026-07-17T05:30:00Z,2026-07-17T07:30:00+0200,68.333333,MW,DK1,DK_1,forecast_offshore_wind_generation,Wind Offshore,2026-08-11T08:00:34Z
2026-08-11T07:56:44Z,2026-08-11T09:56:44+0200,58a750df-313e-448a-89dd-c0365ec5f82d,2026-07-17T05:45:00Z,2026-07-17T07:45:00+0200,71.333333,MW,DK1,DK_1,forecast_offshore_wind_generation,Wind Offshore,2026-08-11T08:00:34Z
2026-08-11T07:56:44Z,2026-08-11T09:56:44+0200,58a750df-313e-448a-89dd-c0365ec5f82d,2026-07-17T06:00:00Z,2026-07-17T08:00:00+0200,70.333333,MW,DK1,DK_1,forecast_offshore_wind_generation,Wind Offshore,2026-08-11T08:00:34Z
2026-08-11T07:56:44Z,2026-08-11T09:56:44+0200,58a750df-313e-448a-89dd-c0365ec5f82d,2026-07-17T06:15:00Z,2026-07-17T08:15:00+0200,65.333333,MW,DK1,DK_1,forecast_offshore_wind_generation,Wind Offshore,2026-08-11T08:00:34Z
2026-08-11T07:56:44Z,2026-08-11T09:56:44+0200,58a750df-313e-448a-89dd-c0365ec5f82d,2026-07-17T06:30:00Z,2026-07-17T08:30:00+0200,58.833333,MW,DK1,DK_1,forecast_offshore_wind_generation,Wind Offshore,2026-08-11T08:00:34Z
2026-08-11T07:56:44Z,2026-08-11T09:56:44+0200,58a750df-313e-448a-89dd-c0365ec5f82d,2026-07-17T06:45:00Z,2026-07-17T08:45:00+0200,53.0,MW,DK1,DK_1,forecast_offshore_wind_generation,Wind Offshore,2026-08-11T08:00:34Z
2026-08-11T07:56:44Z,2026-08-11T09:56:44+0200,58a750df-313e-448a-89dd-c0365ec5f82d,2026-07-17T07:00:00Z,2026-07-17T09:00:00+0200,49.666666,MW,DK1,DK_1,forecast_offshore_wind_generation,Wind Offshore,2026-08-11T08:00:34Z
2026-08-11T07:56:44Z,2026-08-11T09:56:44+0200,58a750df-313e-448a-89dd-c0365ec5f82d,2026-07-17T07:15:00Z,2026-07-17T09:15:00+0200,48.5,MW,DK1,DK_1,forecast_offshore_wind_generation,Wind Offshore,2026-08-11T08:00:34Z
2026-08-11T07:56:44Z,2026-08-11T09:56:44+0200,58a750df-313e-448a-89dd-c0365ec5f82d,2026-07-17T07:30:00Z,2026-07-17T09:30:00+0200,48.0,MW,DK1,DK_1,forecast_offshore_wind_generation,Wind Offshore,2026-08-11T08:00:34Z
2026-08-11T07:56:44Z,2026-08-11T09:56:44+0200,58a750df-313e-448a-89dd-c0365ec5f82d,2026-07-17T07:45:00Z,2026-07-17T09:45:00+0200,47.166666,MW,DK1,DK_1,forecast_offshore_wind_generation,Wind Offshore,2026-08-11T08:00:34Z
2026-08-11T07:56:44Z,2026-08-11T09:56:44+0200,58a750df-313e-448a-89dd-c0365ec5f82d,2026-07-17T08:00:00Z,2026-07-17T10:00:00+0200,46.5,MW,DK1,DK_1,forecast_offshore_wind_generation,Wind Offshore,2026-08-11T08:00:34Z
2026-08-11T07:56:44Z,2026-08-11T09:56:44+0200,58a750df-313e-448a-89dd-c0365ec5f82d,2026-07-17T08:15:00Z,2026-07-17T10:15:00+0200,46.0,MW,DK1,DK_1,forecast_offshore_wind_generation,Wind Offshore,2026-08-11T08:00:34Z
2026-08-11T07:56:44Z,2026-08-11T09:56:44+0200,58a750df-313e-448a-89dd-c0365ec5f82d,2026-07-17T08:30:00Z,2026-07-17T10:30:00+0200,46.666666,MW,DK1,DK_1,forecast_offshore_wind_generation,Wind Offshore,2026-08-11T08:00:34Z
2026-08-11T07:56:44Z,2026-08-11T09:56:44+0200,58a750df-313e-448a-89dd-c0365ec5f82d,2026-07-17T08:45:00Z,2026-07-17T10:45:00+0200,48.666666,MW,DK1,DK_1,forecast_offshore_wind_generation,Wind Offshore,2026-08-11T08:00:34Z
2026-08-11T07:56:44Z,2026-08-11T09:56:44+0200,58a750df-313e-448a-89dd-c0365ec5f82d,2026-07-17T09:00:00Z,2026-07-17T11:00:00+0200,51.5,MW,DK1,DK_1,forecast_offshore_wind_generation,Wind Offshore,2026-08-11T08:00:34Z
2026-08-11T07:56:44Z,2026-08-11T09:56:44+0200,58a750df-313e-448a-89dd-c0365ec5f82d,2026-07-17T09:15:00Z,2026-07-17T11:15:00+0200,56.0,MW,DK1,DK_1,forecast_offshore_wind_generation,Wind Offshore,2026-08-11T08:00:34Z
2026-08-11T07:56:44Z,2026-08-11T09:56:44+0200,58a750df-313e-448a-89dd-c0365ec5f82d,2026-07-17T09:30:00Z,2026-07-17T11:30:00+0200,62.833333,MW,DK1,DK_1,forecast_offshore_wind_generation,Wind Offshore,2026-08-11T08:00:34Z
2026-08-11T07:56:44Z,2026-08-11T09:56:44+0200,58a750df-313e-448a-89dd-c0365ec5f82d,2026-07-17T09:45:00Z,2026-07-17T11:45:00+0200,68.5,MW,DK1,DK_1,forecast_offshore_wind_generation,Wind Offshore,2026-08-11T08:00:34Z
2026-08-11T07:56:44Z,2026-08-11T09:56:44+0200,58a750df-313e-448a-89dd-c0365ec5f82d,2026-07-17T10:00:00Z,2026-07-17T12:00:00+0200,72.333333,MW,DK1,DK_1,forecast_offshore_wind_generation,Wind Offshore,2026-08-11T08:00:34Z
2026-08-11T07:56:44Z,2026-08-11T09:56:44+0200,58a750df-313e-448a-89dd-c0365ec5f82d,2026-07-17T10:15:00Z,2026-07-17T12:15:00+0200,74.5,MW,DK1,DK_1,forecast_offshore_wind_generation,Wind Offshore,2026-08-11T08:00:34Z
2026-08-11T07:56:44Z,2026-08-11T09:56:44+0200,58a750df-313e-448a-89dd-c0365ec5f82d,2026-07-17T10:30:00Z,2026-07-17T12:30:00+0200,77.5,MW,DK1,DK_1,forecast_offshore_wind_generation,Wind Offshore,2026-08-11T08:00:34Z
2026-08-11T07:56:44Z,2026-08-11T09:56:44+0200,58a750df-313e-448a-89dd-c0365ec5f82d,2026-07-17T10:45:00Z,2026-07-17T12:45:00+0200,82.0,MW,DK1,DK_1,forecast_offshore_wind_generation,Wind Offshore,2026-08-11T08:00:34Z
2026-08-11T07:56:44Z,2026-08-11T09:56:44+0200,58a750df-313e-448a-89dd-c0365ec5f82d,2026-07-17T11:00:00Z,2026-07-17T13:00:00+0200,90.333333,MW,DK1,DK_1,forecast_offshore_wind_generation,Wind Offshore,2026-08-11T08:00:34Z
2026-08-11T07:56:44Z,2026-08-11T09:56:44+0200,58a750df-313e-448a-89dd-c0365ec5f82d,2026-07-17T11:15:00Z,2026-07-17T13:15:00+0200,105.833333,MW,DK1,DK_1,forecast_offshore_wind_generation,Wind Offshore,2026-08-11T08:00:34Z
2026-08-11T07:56:44Z,2026-08-11T09:56:44+0200,58a750df-313e-448a-89dd-c0365ec5f82d,2026-07-17T11:30:00Z,2026-07-17T13:30:00+0200,127.666666,MW,DK1,DK_1,forecast_offshore_wind_generation,Wind Offshore,2026-08-11T08:00:34Z
2026-08-11T07:56:44Z,2026-08-11T09:56:44+0200,58a750df-313e-448a-89dd-c0365ec5f82d,2026-07-17T11:45:00Z,2026-07-17T13:45:00+0200,145.833333,MW,DK1,DK_1,forecast_offshore_wind_generation,Wind Offshore,2026-08-11T08:00:34Z
2026-08-11T07:56:44Z,2026-08-11T09:56:44+0200,58a750df-313e-448a-89dd-c0365ec5f82d,2026-07-17T12:00:00Z,2026-07-17T14:00:00+0200,153.166666,MW,DK1,DK_1,forecast_offshore_wind_generation,Wind Offshore,2026-08-11T08:00:34Z
2026-08-11T07:56:44Z,2026-08-11T09:56:44+0200,58a750df-313e-448a-89dd-c0365ec5f82d,2026-07-17T12:15:00Z,2026-07-17T14:15:00+0200,154.666666,MW,DK1,DK_1,forecast_offshore_wind_generation,Wind Offshore,2026-08-11T08:00:34Z
2026-08-11T07:56:44Z,2026-08-11T09:56:44+0200,58a750df-313e-448a-89dd-c0365ec5f82d,2026-07-17T12:30:00Z,2026-07-17T14:30:00+0200,157.5,MW,DK1,DK_1,forecast_offshore_wind_generation,Wind Offshore,2026-08-11T08:00:34Z
2026-08-11T07:56:44Z,2026-08-11T09:56:44+0200,58a750df-313e-448a-89dd-c0365ec5f82d,2026-07-17T12:45:00Z,2026-07-17T14:45:00+0200,161.0,MW,DK1,DK_1,forecast_offshore_wind_generation,Wind Offshore,2026-08-11T08:00:34Z
2026-08-11T07:56:44Z,2026-08-11T09:56:44+0200,58a750df-313e-448a-89dd-c0365ec5f82d,2026-07-17T13:00:00Z,2026-07-17T15:00:00+0200,164.0,MW,DK1,DK_1,forecast_offshore_wind_generation,Wind Offshore,2026-08-11T08:00:34Z
2026-08-11T07:56:44Z,2026-08-11T09:56:44+0200,58a750df-313e-448a-89dd-c0365ec5f82d,2026-07-17T13:15:00Z,2026-07-17T15:15:00+0200,174.333333,MW,DK1,DK_1,forecast_offshore_wind_generation,Wind Offshore,2026-08-11T08:00:34Z
2026-08-11T07:56:44Z,2026-08-11T09:56:44+0200,58a750df-313e-448a-89dd-c0365ec5f82d,2026-07-17T13:30:00Z,2026-07-17T15:30:00+0200,200.333333,MW,DK1,DK_1,forecast_offshore_wind_generation,Wind Offshore,2026-08-11T08:00:34Z
2026-08-11T07:56:44Z,2026-08-11T09:56:44+0200,58a750df-313e-448a-89dd-c0365ec5f82d,2026-07-17T13:45:00Z,2026-07-17T15:45:00+0200,222.333333,MW,DK1,DK_1,forecast_offshore_wind_generation,Wind Offshore,2026-08-11T08:00:34Z
2026-08-11T07:56:44Z,2026-08-11T09:56:44+0200,58a750df-313e-448a-89dd-c0365ec5f82d,2026-07-17T14:00:00Z,2026-07-17T16:00:00+0200,237.5,MW,DK1,DK_1,forecast_offshore_wind_generation,Wind Offshore,2026-08-11T08:00:34Z
2026-08-11T07:56:44Z,2026-08-11T09:56:44+0200,58a750df-313e-448a-89dd-c0365ec5f82d,2026-07-17T14:15:00Z,2026-07-17T16:15:00+0200,261.666666,MW,DK1,DK_1,forecast_offshore_wind_generation,Wind Offshore,2026-08-11T08:00:34Z
2026-08-11T07:56:44Z,2026-08-11T09:56:44+0200,58a750df-313e-448a-89dd-c0365ec5f82d,2026-07-17T14:30:00Z,2026-07-17T16:30:00+0200,291.5,MW,DK1,DK_1,forecast_offshore_wind_generation,Wind Offshore,2026-08-11T08:00:34Z
2026-08-11T07:56:44Z,2026-08-11T09:56:44+0200,58a750df-313e-448a-89dd-c0365ec5f82d,2026-07-17T14:45:00Z,2026-07-17T16:45:00+0200,319.333333,MW,DK1,DK_1,forecast_offshore_wind_generation,Wind Offshore,2026-08-11T08:00:34Z
2026-08-11T07:56:44Z,2026-08-11T09:56:44+0200,58a750df-313e-448a-89dd-c0365ec5f82d,2026-07-17T15:00:00Z,2026-07-17T17:00:00+0200,336.5,MW,DK1,DK_1,forecast_offshore_wind_generation,Wind Offshore,2026-08-11T08:00:34Z
2026-08-11T07:56:44Z,2026-08-11T09:56:44+0200,58a750df-313e-448a-89dd-c0365ec5f82d,2026-07-17T15:15:00Z,2026-07-17T17:15:00+0200,350.5,MW,DK1,DK_1,forecast_offshore_wind_generation,Wind Offshore,2026-08-11T08:00:34Z
2026-08-11T07:56:44Z,2026-08-11T09:56:44+0200,58a750df-313e-448a-89dd-c0365ec5f82d,2026-07-17T15:30:00Z,2026-07-17T17:30:00+0200,363.666666,MW,DK1,DK_1,forecast_offshore_wind_generation,Wind Offshore,2026-08-11T08:00:34Z
2026-08-11T07:56:44Z,2026-08-11T09:56:44+0200,58a750df-313e-448a-89dd-c0365ec5f82d,2026-07-17T15:45:00Z,2026-07-17T17:45:00+0200,372.833333,MW,DK1,DK_1,forecast_offshore_wind_generation,Wind Offshore,2026-08-11T08:00:34Z
2026-08-11T07:56:44Z,2026-08-11T09:56:44+0200,58a750df-313e-448a-89dd-c0365ec5f82d,2026-07-17T16:00:00Z,2026-07-17T18:00:00+0200,375.333333,MW,DK1,DK_1,forecast_offshore_wind_generation,Wind Offshore,2026-08-11T08:00:34Z
2026-08-11T07:56:44Z,2026-08-11T09:56:44+0200,58a750df-313e-448a-89dd-c0365ec5f82d,2026-07-17T16:15:00Z,2026-07-17T18:15:00+0200,368.833333,MW,DK1,DK_1,forecast_offshore_wind_generation,Wind Offshore,2026-08-11T08:00:34Z
2026-08-11T07:56:44Z,2026-08-11T09:56:44+0200,58a750df-313e-448a-89dd-c0365ec5f82d,2026-07-17T16:30:00Z,2026-07-17T18:30:00+0200,355.666666,MW,DK1,DK_1,forecast_offshore_wind_generation,Wind Offshore,2026-08-11T08:00:34Z
2026-08-11T07:56:44Z,2026-08-11T09:56:44+0200,58a750df-313e-448a-89dd-c0365ec5f82d,2026-07-17T16:45:00Z,2026-07-17T18:45:00+0200,343.166666,MW,DK1,DK_1,forecast_offshore_wind_generation,Wind Offshore,2026-08-11T08:00:34Z
2026-08-11T07:56:44Z,2026-08-11T09:56:44+0200,58a750df-313e-448a-89dd-c0365ec5f82d,2026-07-17T17:00:00Z,2026-07-17T19:00:00+0200,338.333333,MW,DK1,DK_1,forecast_offshore_wind_generation,Wind Offshore,2026-08-11T08:00:34Z
2026-08-11T07:56:44Z,2026-08-11T09:56:44+0200,58a750df-313e-448a-89dd-c0365ec5f82d,2026-07-17T17:15:00Z,2026-07-17T19:15:00+0200,334.5,MW,DK1,DK_1,forecast_offshore_wind_generation,Wind Offshore,2026-08-11T08:00:34Z
2026-08-11T07:56:44Z,2026-08-11T09:56:44+0200,58a750df-313e-448a-89dd-c0365ec5f82d,2026-07-17T17:30:00Z,2026-07-17T19:30:00+0200,331.5,MW,DK1,DK_1,forecast_offshore_wind_generation,Wind Offshore,2026-08-11T08:00:34Z
2026-08-11T07:56:44Z,2026-08-11T09:56:44+0200,58a750df-313e-448a-89dd-c0365ec5f82d,2026-07-17T17:45:00Z,2026-07-17T19:45:00+0200,330.0,MW,DK1,DK_1,forecast_offshore_wind_generation,Wind Offshore,2026-08-11T08:00:34Z
2026-08-11T07:56:44Z,2026-08-11T09:56:44+0200,58a750df-313e-448a-89dd-c0365ec5f82d,2026-07-17T18:00:00Z,2026-07-17T20:00:00+0200,330.666666,MW,DK1,DK_1,forecast_offshore_wind_generation,Wind Offshore,2026-08-11T08:00:34Z
2026-08-11T07:56:44Z,2026-08-11T09:56:44+0200,58a750df-313e-448a-89dd-c0365ec5f82d,2026-07-17T18:15:00Z,2026-07-17T20:15:00+0200,334.5,MW,DK1,DK_1,forecast_offshore_wind_generation,Wind Offshore,2026-08-11T08:00:34Z
2026-08-11T07:56:44Z,2026-08-11T09:56:44+0200,58a750df-313e-448a-89dd-c0365ec5f82d,2026-07-17T18:30:00Z,2026-07-17T20:30:00+0200,340.666666,MW,DK1,DK_1,forecast_offshore_wind_generation,Wind Offshore,2026-08-11T08:00:34Z
2026-08-11T07:56:44Z,2026-08-11T09:56:44+0200,58a750df-313e-448a-89dd-c0365ec5f82d,2026-07-17T18:45:00Z,2026-07-17T20:45:00+0200,350.5,MW,DK1,DK_1,forecast_offshore_wind_generation,Wind Offshore,2026-08-11T08:00:34Z
2026-08-11T07:56:44Z,2026-08-11T09:56:44+0200,58a750df-313e-448a-89dd-c0365ec5f82d,2026-07-17T19:00:00Z,2026-07-17T21:00:00+0200,360.666666,MW,DK1,DK_1,forecast_offshore_wind_generation,Wind Offshore,2026-08-11T08:00:34Z
2026-08-11T07:56:44Z,2026-08-11T09:56:44+0200,58a750df-313e-448a-89dd-c0365ec5f82d,2026-07-17T19:15:00Z,2026-07-17T21:15:00+0200,371.5,MW,DK1,DK_1,forecast_offshore_wind_generation,Wind Offshore,2026-08-11T08:00:34Z
2026-08-11T07:56:44Z,2026-08-11T09:56:44+0200,58a750df-313e-448a-89dd-c0365ec5f82d,2026-07-17T19:30:00Z,2026-07-17T21:30:00+0200,382.833333,MW,DK1,DK_1,forecast_offshore_wind_generation,Wind Offshore,2026-08-11T08:00:34Z
2026-08-11T07:56:44Z,2026-08-11T09:56:44+0200,58a750df-313e-448a-89dd-c0365ec5f82d,2026-07-17T19:45:00Z,2026-07-17T21:45:00+0200,399.0,MW,DK1,DK_1,forecast_offshore_wind_generation,Wind Offshore,2026-08-11T08:00:34Z
2026-08-11T07:56:44Z,2026-08-11T09:56:44+0200,58a750df-313e-448a-89dd-c0365ec5f82d,2026-07-17T20:00:00Z,2026-07-17T22:00:00+0200,418.5,MW,DK1,DK_1,forecast_offshore_wind_generation,Wind Offshore,2026-08-11T08:00:34Z
2026-08-11T07:56:44Z,2026-08-11T09:56:44+0200,58a750df-313e-448a-89dd-c0365ec5f82d,2026-07-17T20:15:00Z,2026-07-17T22:15:00+0200,440.666666,MW,DK1,DK_1,forecast_offshore_wind_generation,Wind Offshore,2026-08-11T08:00:34Z
2026-08-11T07:56:44Z,2026-08-11T09:56:44+0200,58a750df-313e-448a-89dd-c0365ec5f82d,2026-07-17T20:30:00Z,2026-07-17T22:30:00+0200,462.333333,MW,DK1,DK_1,forecast_offshore_wind_generation,Wind Offshore,2026-08-11T08:00:34Z
2026-08-11T07:56:44Z,2026-08-11T09:56:44+0200,58a750df-313e-448a-89dd-c0365ec5f82d,2026-07-17T20:45:00Z,2026-07-17T22:45:00+0200,480.333333,MW,DK1,DK_1,forecast_offshore_wind_generation,Wind Offshore,2026-08-11T08:00:34Z
2026-08-11T07:56:44Z,2026-08-11T09:56:44+0200,58a750df-313e-448a-89dd-c0365ec5f82d,2026-07-17T21:00:00Z,2026-07-17T23:00:00+0200,486.666666,MW,DK1,DK_1,forecast_offshore_wind_generation,Wind Offshore,2026-08-11T08:00:34Z
2026-08-11T07:56:44Z,2026-08-11T09:56:44+0200,58a750df-313e-448a-89dd-c0365ec5f82d,2026-07-17T21:15:00Z,2026-07-17T23:15:00+0200,485.333333,MW,DK1,DK_1,forecast_offshore_wind_generation,Wind Offshore,2026-08-11T08:00:34Z
2026-08-11T07:56:44Z,2026-08-11T09:56:44+0200,58a750df-313e-448a-89dd-c0365ec5f82d,2026-07-17T21:30:00Z,2026-07-17T23:30:00+0200,481.0,MW,DK1,DK_1,forecast_offshore_wind_generation,Wind Offshore,2026-08-11T08:00:34Z
2026-08-11T07:56:44Z,2026-08-11T09:56:44+0200,58a750df-313e-448a-89dd-c0365ec5f82d,2026-07-17T21:45:00Z,2026-07-17T23:45:00+0200,477.5,MW,DK1,DK_1,forecast_offshore_wind_generation,Wind Offshore,2026-08-11T08:00:34Z
2026-08-11T07:56:44Z,2026-08-11T09:56:44+0200,58a750df-313e-448a-89dd-c0365ec5f82d,2026-07-17T22:00:00Z,2026-07-18T00:00:00+0200,442.666666,MW,DK1,DK_1,forecast_offshore_wind_generation,Wind Offshore,2026-08-11T08:00:34Z
2026-08-11T07:56:44Z,2026-08-11T09:56:44+0200,58a750df-313e-448a-89dd-c0365ec5f82d,2026-07-17T22:15:00Z,2026-07-18T00:15:00+0200,461.0,MW,DK1,DK_1,forecast_offshore_wind_generation,Wind Offshore,2026-08-11T08:00:34Z
2026-08-11T07:56:44Z,2026-08-11T09:56:44+0200,58a750df-313e-448a-89dd-c0365ec5f82d,2026-07-17T22:30:00Z,2026-07-18T00:30:00+0200,479.833333,MW,DK1,DK_1,forecast_offshore_wind_generation,Wind Offshore,2026-08-11T08:00:34Z
2026-08-11T07:56:44Z,2026-08-11T09:56:44+0200,58a750df-313e-448a-89dd-c0365ec5f82d,2026-07-17T22:45:00Z,2026-07-18T00:45:00+0200,495.333333,MW,DK1,DK_1,forecast_offshore_wind_generation,Wind Offshore,2026-08-11T08:00:34Z
2026-08-11T07:56:44Z,2026-08-11T09:56:44+0200,58a750df-313e-448a-89dd-c0365ec5f82d,2026-07-17T23:00:00Z,2026-07-18T01:00:00+0200,507.5,MW,DK1,DK_1,forecast_offshore_wind_generation,Wind Offshore,2026-08-11T08:00:34Z
2026-08-11T07:56:44Z,2026-08-11T09:56:44+0200,58a750df-313e-448a-89dd-c0365ec5f82d,2026-07-17T23:15:00Z,2026-07-18T01:15:00+0200,517.0,MW,DK1,DK_1,forecast_offshore_wind_generation,Wind Offshore,2026-08-11T08:00:34Z
2026-08-11T07:56:44Z,2026-08-11T09:56:44+0200,58a750df-313e-448a-89dd-c0365ec5f82d,2026-07-17T23:30:00Z,2026-07-18T01:30:00+0200,524.5,MW,DK1,DK_1,forecast_offshore_wind_generation,Wind Offshore,2026-08-11T08:00:34Z
2026-08-11T07:56:44Z,2026-08-11T09:56:44+0200,58a750df-313e-448a-89dd-c0365ec5f82d,2026-07-17T23:45:00Z,2026-07-18T01:45:00+0200,531.833333,MW,DK1,DK_1,forecast_offshore_wind_generation,Wind Offshore,2026-08-11T08:00:34Z
2026-08-11T07:56:44Z,2026-08-11T09:56:44+0200,58a750df-313e-448a-89dd-c0365ec5f82d,2026-07-18T00:00:00Z,2026-07-18T02:00:00+0200,538.5,MW,DK1,DK_1,forecast_offshore_wind_generation,Wind Offshore,2026-08-11T08:00:34Z
2026-08-11T07:56:44Z,2026-08-11T09:56:44+0200,58a750df-313e-448a-89dd-c0365ec5f82d,2026-07-18T00:15:00Z,2026-07-18T02:15:00+0200,546.5,MW,DK1,DK_1,forecast_offshore_wind_generation,Wind Offshore,2026-08-11T08:00:34Z
2026-08-11T07:56:44Z,2026-08-11T09:56:44+0200,58a750df-313e-448a-89dd-c0365ec5f82d,2026-07-18T00:30:00Z,2026-07-18T02:30:00+0200,556.0,MW,DK1,DK_1,forecast_offshore_wind_generation,Wind Offshore,2026-08-11T08:00:34Z
2026-08-11T07:56:44Z,2026-08-11T09:56:44+0200,58a750df-313e-448a-89dd-c0365ec5f82d,2026-07-18T00:45:00Z,2026-07-18T02:45:00+0200,565.666666,MW,DK1,DK_1,forecast_offshore_wind_generation,Wind Offshore,2026-08-11T08:00:34Z
2026-08-11T07:56:44Z,2026-08-11T09:56:44+0200,58a750df-313e-448a-89dd-c0365ec5f82d,2026-07-18T01:00:00Z,2026-07-18T03:00:00+0200,576.333333,MW,DK1,DK_1,forecast_offshore_wind_generation,Wind Offshore,2026-08-11T08:00:34Z
2026-08-11T07:56:44Z,2026-08-11T09:56:44+0200,58a750df-313e-448a-89dd-c0365ec5f82d,2026-07-18T01:15:00Z,2026-07-18T03:15:00+0200,591.0,MW,DK1,DK_1,forecast_offshore_wind_generation,Wind Offshore,2026-08-11T08:00:34Z
2026-08-11T07:56:44Z,2026-08-11T09:56:44+0200,58a750df-313e-448a-89dd-c0365ec5f82d,2026-07-18T01:30:00Z,2026-07-18T03:30:00+0200,607.5,MW,DK1,DK_1,forecast_offshore_wind_generation,Wind Offshore,2026-08-11T08:00:34Z
2026-08-11T07:56:44Z,2026-08-11T09:56:44+0200,58a750df-313e-448a-89dd-c0365ec5f82d,2026-07-18T01:45:00Z,2026-07-18T03:45:00+0200,623.333333,MW,DK1,DK_1,forecast_offshore_wind_generation,Wind Offshore,2026-08-11T08:00:34Z
2026-08-11T07:56:44Z,2026-08-11T09:56:44+0200,58a750df-313e-448a-89dd-c0365ec5f82d,2026-07-18T02:00:00Z,2026-07-18T04:00:00+0200,636.166666,MW,DK1,DK_1,forecast_offshore_wind_generation,Wind Offshore,2026-08-11T08:00:34Z
2026-08-11T07:56:44Z,2026-08-11T09:56:44+0200,58a750df-313e-448a-89dd-c0365ec5f82d,2026-07-18T02:15:00Z,2026-07-18T04:15:00+0200,649.0,MW,DK1,DK_1,forecast_offshore_wind_generation,Wind Offshore,2026-08-11T08:00:34Z
2026-08-11T07:56:44Z,2026-08-11T09:56:44+0200,58a750df-313e-448a-89dd-c0365ec5f82d,2026-07-18T02:30:00Z,2026-07-18T04:30:00+0200,659.5,MW,DK1,DK_1,forecast_offshore_wind_generation,Wind Offshore,2026-08-11T08:00:34Z
2026-08-11T07:56:44Z,2026-08-11T09:56:44+0200,58a750df-313e-448a-89dd-c0365ec5f82d,2026-07-18T02:45:00Z,2026-07-18T04:45:00+0200,667.0,MW,DK1,DK_1,forecast_offshore_wind_generation,Wind Offshore,2026-08-11T08:00:34Z
2026-08-11T07:56:44Z,2026-08-11T09:56:44+0200,58a750df-313e-448a-89dd-c0365ec5f82d,2026-07-18T03:00:00Z,2026-07-18T05:00:00+0200,672.333333,MW,DK1,DK_1,forecast_offshore_wind_generation,Wind Offshore,2026-08-11T08:00:34Z
2026-08-11T07:56:44Z,2026-08-11T09:56:44+0200,58a750df-313e-448a-89dd-c0365ec5f82d,2026-07-18T03:15:00Z,2026-07-18T05:15:00+0200,675.5,MW,DK1,DK_1,forecast_offshore_wind_generation,Wind Offshore,2026-08-11T08:00:34Z
2026-08-11T07:56:44Z,2026-08-11T09:56:44+0200,58a750df-313e-448a-89dd-c0365ec5f82d,2026-07-18T03:30:00Z,2026-07-18T05:30:00+0200,678.5,MW,DK1,DK_1,forecast_offshore_wind_generation,Wind Offshore,2026-08-11T08:00:34Z
2026-08-11T07:56:44Z,2026-08-11T09:56:44+0200,58a750df-313e-448a-89dd-c0365ec5f82d,2026-07-18T03:45:00Z,2026-07-18T05:45:00+0200,683.166666,MW,DK1,DK_1,forecast_offshore_wind_generation,Wind Offshore,2026-08-11T08:00:34Z
2026-08-11T07:56:44Z,2026-08-11T09:56:44+0200,58a750df-313e-448a-89dd-c0365ec5f82d,2026-07-18T04:00:00Z,2026-07-18T06:00:00+0200,691.666666,MW,DK1,DK_1,forecast_offshore_wind_generation,Wind Offshore,2026-08-11T08:00:34Z
2026-08-11T07:56:44Z,2026-08-11T09:56:44+0200,58a750df-313e-448a-89dd-c0365ec5f82d,2026-07-18T04:15:00Z,2026-07-18T06:15:00+0200,703.166666,MW,DK1,DK_1,forecast_offshore_wind_generation,Wind Offshore,2026-08-11T08:00:34Z
2026-08-11T07:56:44Z,2026-08-11T09:56:44+0200,58a750df-313e-448a-89dd-c0365ec5f82d,2026-07-18T04:30:00Z,2026-07-18T06:30:00+0200,715.833333,MW,DK1,DK_1,forecast_offshore_wind_generation,Wind Offshore,2026-08-11T08:00:34Z
2026-08-11T07:56:44Z,2026-08-11T09:56:44+0200,58a750df-313e-448a-89dd-c0365ec5f82d,2026-07-18T04:45:00Z,2026-07-18T06:45:00+0200,727.166666,MW,DK1,DK_1,forecast_offshore_wind_generation,Wind Offshore,2026-08-11T08:00:34Z
2026-08-11T07:56:44Z,2026-08-11T09:56:44+0200,58a750df-313e-448a-89dd-c0365ec5f82d,2026-07-18T05:00:00Z,2026-07-18T07:00:00+0200,732.833333,MW,DK1,DK_1,forecast_offshore_wind_generation,Wind Offshore,2026-08-11T08:00:34Z
2026-08-11T07:56:44Z,2026-08-11T09:56:44+0200,58a750df-313e-448a-89dd-c0365ec5f82d,2026-07-18T05:15:00Z,2026-07-18T07:15:00+0200,733.0,MW,DK1,DK_1,forecast_offshore_wind_generation,Wind Offshore,2026-08-11T08:00:34Z
2026-08-11T07:56:44Z,2026-08-11T09:56:44+0200,58a750df-313e-448a-89dd-c0365ec5f82d,2026-07-18T05:30:00Z,2026-07-18T07:30:00+0200,732.0,MW,DK1,DK_1,forecast_offshore_wind_generation,Wind Offshore,2026-08-11T08:00:34Z
2026-08-11T07:56:44Z,2026-08-11T09:56:44+0200,58a750df-313e-448a-89dd-c0365ec5f82d,2026-07-18T05:45:00Z,2026-07-18T07:45:00+0200,731.0,MW,DK1,DK_1,forecast_offshore_wind_generation,Wind Offshore,2026-08-11T08:00:34Z
2026-08-11T07:56:44Z,2026-08-11T09:56:44+0200,58a750df-313e-448a-89dd-c0365ec5f82d,2026-07-18T06:00:00Z,2026-07-18T08:00:00+0200,731.5,MW,DK1,DK_1,forecast_offshore_wind_generation,Wind Offshore,2026-08-11T08:00:34Z
2026-08-11T07:56:44Z,2026-08-11T09:56:44+0200,58a750df-313e-448a-89dd-c0365ec5f82d,2026-07-18T06:15:00Z,2026-07-18T08:15:00+0200,733.5,MW,DK1,DK_1,forecast_offshore_wind_generation,Wind Offshore,2026-08-11T08:00:34Z
2026-08-11T07:56:44Z,2026-08-11T09:56:44+0200,58a750df-313e-448a-89dd-c0365ec5f82d,2026-07-18T06:30:00Z,2026-07-18T08:30:00+0200,736.5,MW,DK1,DK_1,forecast_offshore_wind_generation,Wind Offshore,2026-08-11T08:00:34Z
2026-08-11T07:56:44Z,2026-08-11T09:56:44+0200,58a750df-313e-448a-89dd-c0365ec5f82d,2026-07-18T06:45:00Z,2026-07-18T08:45:00+0200,739.333333,MW,DK1,DK_1,forecast_offshore_wind_generation,Wind Offshore,2026-08-11T08:00:34Z
2026-08-11T07:56:44Z,2026-08-11T09:56:44+0200,58a750df-313e-448a-89dd-c0365ec5f82d,2026-07-18T07:00:00Z,2026-07-18T09:00:00+0200,742.0,MW,DK1,DK_1,forecast_offshore_wind_generation,Wind Offshore,2026-08-11T08:00:34Z
2026-08-11T07:56:44Z,2026-08-11T09:56:44+0200,58a750df-313e-448a-89dd-c0365ec5f82d,2026-07-18T07:15:00Z,2026-07-18T09:15:00+0200,745.5,MW,DK1,DK_1,forecast_offshore_wind_generation,Wind Offshore,2026-08-11T08:00:34Z
2026-08-11T07:56:44Z,2026-08-11T09:56:44+0200,58a750df-313e-448a-89dd-c0365ec5f82d,2026-07-18T07:30:00Z,2026-07-18T09:30:00+0200,749.0,MW,DK1,DK_1,forecast_offshore_wind_generation,Wind Offshore,2026-08-11T08:00:34Z
2026-08-11T07:56:44Z,2026-08-11T09:56:44+0200,58a750df-313e-448a-89dd-c0365ec5f82d,2026-07-18T07:45:00Z,2026-07-18T09:45:00+0200,752.5,MW,DK1,DK_1,forecast_offshore_wind_generation,Wind Offshore,2026-08-11T08:00:34Z
2026-08-11T07:56:44Z,2026-08-11T09:56:44+0200,58a750df-313e-448a-89dd-c0365ec5f82d,2026-07-18T08:00:00Z,2026-07-18T10:00:00+0200,755.5,MW,DK1,DK_1,forecast_offshore_wind_generation,Wind Offshore,2026-08-11T08:00:34Z
2026-08-11T07:56:44Z,2026-08-11T09:56:44+0200,58a750df-313e-448a-89dd-c0365ec5f82d,2026-07-18T08:15:00Z,2026-07-18T10:15:00+0200,758.5,MW,DK1,DK_1,forecast_offshore_wind_generation,Wind Offshore,2026-08-11T08:00:34Z
2026-08-11T07:56:44Z,2026-08-11T09:56:44+0200,58a750df-313e-448a-89dd-c0365ec5f82d,2026-07-18T08:30:00Z,2026-07-18T10:30:00+0200,762.166666,MW,DK1,DK_1,forecast_offshore_wind_generation,Wind Offshore,2026-08-11T08:00:34Z
2026-08-11T07:56:44Z,2026-08-11T09:56:44+0200,58a750df-313e-448a-89dd-c0365ec5f82d,2026-07-18T08:45:00Z,2026-07-18T10:45:00+0200,764.333333,MW,DK1,DK_1,forecast_offshore_wind_generation,Wind Offshore,2026-08-11T08:00:34Z
2026-08-11T07:56:44Z,2026-08-11T09:56:44+0200,58a750df-313e-448a-89dd-c0365ec5f82d,2026-07-18T09:00:00Z,2026-07-18T11:00:00+0200,765.666666,MW,DK1,DK_1,forecast_offshore_wind_generation,Wind Offshore,2026-08-11T08:00:34Z
2026-08-11T07:56:44Z,2026-08-11T09:56:44+0200,58a750df-313e-448a-89dd-c0365ec5f82d,2026-07-18T09:15:00Z,2026-07-18T11:15:00+0200,769.0,MW,DK1,DK_1,forecast_offshore_wind_generation,Wind Offshore,2026-08-11T08:00:34Z
2026-08-11T07:56:44Z,2026-08-11T09:56:44+0200,58a750df-313e-448a-89dd-c0365ec5f82d,2026-07-18T09:30:00Z,2026-07-18T11:30:00+0200,772.666666,MW,DK1,DK_1,forecast_offshore_wind_generation,Wind Offshore,2026-08-11T08:00:34Z
2026-08-11T07:56:44Z,2026-08-11T09:56:44+0200,58a750df-313e-448a-89dd-c0365ec5f82d,2026-07-18T09:45:00Z,2026-07-18T11:45:00+0200,775.5,MW,DK1,DK_1,forecast_offshore_wind_generation,Wind Offshore,2026-08-11T08:00:34Z
2026-08-11T07:56:44Z,2026-08-11T09:56:44+0200,58a750df-313e-448a-89dd-c0365ec5f82d,2026-07-18T10:00:00Z,2026-07-18T12:00:00+0200,776.0,MW,DK1,DK_1,forecast_offshore_wind_generation,Wind Offshore,2026-08-11T08:00:34Z
2026-08-11T07:56:44Z,2026-08-11T09:56:44+0200,58a750df-313e-448a-89dd-c0365ec5f82d,2026-07-18T10:15:00Z,2026-07-18T12:15:00+0200,774.5,MW,DK1,DK_1,forecast_offshore_wind_generation,Wind Offshore,2026-08-11T08:00:34Z
2026-08-11T07:56:44Z,2026-08-11T09:56:44+0200,58a750df-313e-448a-89dd-c0365ec5f82d,2026-07-18T10:30:00Z,2026-07-18T12:30:00+0200,770.5,MW,DK1,DK_1,forecast_offshore_wind_generation,Wind Offshore,2026-08-11T08:00:34Z
2026-08-11T07:56:44Z,2026-08-11T09:56:44+0200,58a750df-313e-448a-89dd-c0365ec5f82d,2026-07-18T10:45:00Z,2026-07-18T12:45:00+0200,766.5,MW,DK1,DK_1,forecast_offshore_wind_generation,Wind Offshore,2026-08-11T08:00:34Z
2026-08-11T07:56:44Z,2026-08-11T09:56:44+0200,58a750df-313e-448a-89dd-c0365ec5f82d,2026-07-18T11:00:00Z,2026-07-18T13:00:00+0200,763.5,MW,DK1,DK_1,forecast_offshore_wind_generation,Wind Offshore,2026-08-11T08:00:34Z
2026-08-11T07:56:44Z,2026-08-11T09:56:44+0200,58a750df-313e-448a-89dd-c0365ec5f82d,2026-07-18T11:15:00Z,2026-07-18T13:15:00+0200,760.666666,MW,DK1,DK_1,forecast_offshore_wind_generation,Wind Offshore,2026-08-11T08:00:34Z
2026-08-11T07:56:44Z,2026-08-11T09:56:44+0200,58a750df-313e-448a-89dd-c0365ec5f82d,2026-07-18T11:30:00Z,2026-07-18T13:30:00+0200,759.166666,MW,DK1,DK_1,forecast_offshore_wind_generation,Wind Offshore,2026-08-11T08:00:34Z
2026-08-11T07:56:44Z,2026-08-11T09:56:44+0200,58a750df-313e-448a-89dd-c0365ec5f82d,2026-07-18T11:45:00Z,2026-07-18T13:45:00+0200,760.0,MW,DK1,DK_1,forecast_offshore_wind_generation,Wind Offshore,2026-08-11T08:00:34Z
2026-08-11T07:56:44Z,2026-08-11T09:56:44+0200,58a750df-313e-448a-89dd-c0365ec5f82d,2026-07-18T12:00:00Z,2026-07-18T14:00:00+0200,764.166666,MW,DK1,DK_1,forecast_offshore_wind_generation,Wind Offshore,2026-08-11T08:00:34Z
2026-08-11T07:56:44Z,2026-08-11T09:56:44+0200,58a750df-313e-448a-89dd-c0365ec5f82d,2026-07-18T12:15:00Z,2026-07-18T14:15:00+0200,776.5,MW,DK1,DK_1,forecast_offshore_wind_generation,Wind Offshore,2026-08-11T08:00:34Z
2026-08-11T07:56:44Z,2026-08-11T09:56:44+0200,58a750df-313e-448a-89dd-c0365ec5f82d,2026-07-18T12:30:00Z,2026-07-18T14:30:00+0200,788.333333,MW,DK1,DK_1,forecast_offshore_wind_generation,Wind Offshore,2026-08-11T08:00:34Z
2026-08-11T07:56:44Z,2026-08-11T09:56:44+0200,58a750df-313e-448a-89dd-c0365ec5f82d,2026-07-18T12:45:00Z,2026-07-18T14:45:00+0200,796.666666,MW,DK1,DK_1,forecast_offshore_wind_generation,Wind Offshore,2026-08-11T08:00:34Z
2026-08-11T07:56:44Z,2026-08-11T09:56:44+0200,58a750df-313e-448a-89dd-c0365ec5f82d,2026-07-18T13:00:00Z,2026-07-18T15:00:00+0200,799.0,MW,DK1,DK_1,forecast_offshore_wind_generation,Wind Offshore,2026-08-11T08:00:34Z
2026-08-11T07:56:44Z,2026-08-11T09:56:44+0200,58a750df-313e-448a-89dd-c0365ec5f82d,2026-07-18T13:15:00Z,2026-07-18T15:15:00+0200,798.0,MW,DK1,DK_1,forecast_offshore_wind_generation,Wind Offshore,2026-08-11T08:00:34Z
2026-08-11T07:56:44Z,2026-08-11T09:56:44+0200,58a750df-313e-448a-89dd-c0365ec5f82d,2026-07-18T13:30:00Z,2026-07-18T15:30:00+0200,796.833333,MW,DK1,DK_1,forecast_offshore_wind_generation,Wind Offshore,2026-08-11T08:00:34Z
2026-08-11T07:56:44Z,2026-08-11T09:56:44+0200,58a750df-313e-448a-89dd-c0365ec5f82d,2026-07-18T13:45:00Z,2026-07-18T15:45:00+0200,796.166666,MW,DK1,DK_1,forecast_offshore_wind_generation,Wind Offshore,2026-08-11T08:00:34Z
2026-08-11T07:56:44Z,2026-08-11T09:56:44+0200,58a750df-313e-448a-89dd-c0365ec5f82d,2026-07-18T14:00:00Z,2026-07-18T16:00:00+0200,797.833333,MW,DK1,DK_1,forecast_offshore_wind_generation,Wind Offshore,2026-08-11T08:00:34Z
2026-08-11T07:56:44Z,2026-08-11T09:56:44+0200,58a750df-313e-448a-89dd-c0365ec5f82d,2026-07-18T14:15:00Z,2026-07-18T16:15:00+0200,802.166666,MW,DK1,DK_1,forecast_offshore_wind_generation,Wind Offshore,2026-08-11T08:00:34Z
2026-08-11T07:56:44Z,2026-08-11T09:56:44+0200,58a750df-313e-448a-89dd-c0365ec5f82d,2026-07-18T14:30:00Z,2026-07-18T16:30:00+0200,808.0,MW,DK1,DK_1,forecast_offshore_wind_generation,Wind Offshore,2026-08-11T08:00:34Z
2026-08-11T07:56:44Z,2026-08-11T09:56:44+0200,58a750df-313e-448a-89dd-c0365ec5f82d,2026-07-18T14:45:00Z,2026-07-18T16:45:00+0200,813.333333,MW,DK1,DK_1,forecast_offshore_wind_generation,Wind Offshore,2026-08-11T08:00:34Z
2026-08-11T07:56:44Z,2026-08-11T09:56:44+0200,58a750df-313e-448a-89dd-c0365ec5f82d,2026-07-18T15:00:00Z,2026-07-18T17:00:00+0200,816.333333,MW,DK1,DK_1,forecast_offshore_wind_generation,Wind Offshore,2026-08-11T08:00:34Z
2026-08-11T07:56:44Z,2026-08-11T09:56:44+0200,58a750df-313e-448a-89dd-c0365ec5f82d,2026-07-18T15:15:00Z,2026-07-18T17:15:00+0200,818.833333,MW,DK1,DK_1,forecast_offshore_wind_generation,Wind Offshore,2026-08-11T08:00:34Z
2026-08-11T07:56:44Z,2026-08-11T09:56:44+0200,58a750df-313e-448a-89dd-c0365ec5f82d,2026-07-18T15:30:00Z,2026-07-18T17:30:00+0200,820.833333,MW,DK1,DK_1,forecast_offshore_wind_generation,Wind Offshore,2026-08-11T08:00:34Z
2026-08-11T07:56:44Z,2026-08-11T09:56:44+0200,58a750df-313e-448a-89dd-c0365ec5f82d,2026-07-18T15:45:00Z,2026-07-18T17:45:00+0200,821.0,MW,DK1,DK_1,forecast_offshore_wind_generation,Wind Offshore,2026-08-11T08:00:34Z
2026-08-11T07:56:44Z,2026-08-11T09:56:44+0200,58a750df-313e-448a-89dd-c0365ec5f82d,2026-07-18T16:00:00Z,2026-07-18T18:00:00+0200,818.833333,MW,DK1,DK_1,forecast_offshore_wind_generation,Wind Offshore,2026-08-11T08:00:34Z
2026-08-11T07:56:44Z,2026-08-11T09:56:44+0200,58a750df-313e-448a-89dd-c0365ec5f82d,2026-07-18T16:15:00Z,2026-07-18T18:15:00+0200,811.333333,MW,DK1,DK_1,forecast_offshore_wind_generation,Wind Offshore,2026-08-11T08:00:34Z
2026-08-11T07:56:44Z,2026-08-11T09:56:44+0200,58a750df-313e-448a-89dd-c0365ec5f82d,2026-07-18T16:30:00Z,2026-07-18T18:30:00+0200,799.666666,MW,DK1,DK_1,forecast_offshore_wind_generation,Wind Offshore,2026-08-11T08:00:34Z
2026-08-11T07:56:44Z,2026-08-11T09:56:44+0200,58a750df-313e-448a-89dd-c0365ec5f82d,2026-07-18T16:45:00Z,2026-07-18T18:45:00+0200,789.666666,MW,DK1,DK_1,forecast_offshore_wind_generation,Wind Offshore,2026-08-11T08:00:34Z
2026-08-11T07:56:44Z,2026-08-11T09:56:44+0200,58a750df-313e-448a-89dd-c0365ec5f82d,2026-07-18T17:00:00Z,2026-07-18T19:00:00+0200,782.5,MW,DK1,DK_1,forecast_offshore_wind_generation,Wind Offshore,2026-08-11T08:00:34Z
2026-08-11T07:56:44Z,2026-08-11T09:56:44+0200,58a750df-313e-448a-89dd-c0365ec5f82d,2026-07-18T17:15:00Z,2026-07-18T19:15:00+0200,777.0,MW,DK1,DK_1,forecast_offshore_wind_generation,Wind Offshore,2026-08-11T08:00:34Z
2026-08-11T07:56:44Z,2026-08-11T09:56:44+0200,58a750df-313e-448a-89dd-c0365ec5f82d,2026-07-18T17:30:00Z,2026-07-18T19:30:00+0200,771.166666,MW,DK1,DK_1,forecast_offshore_wind_generation,Wind Offshore,2026-08-11T08:00:34Z
2026-08-11T07:56:44Z,2026-08-11T09:56:44+0200,58a750df-313e-448a-89dd-c0365ec5f82d,2026-07-18T17:45:00Z,2026-07-18T19:45:00+0200,760.833333,MW,DK1,DK_1,forecast_offshore_wind_generation,Wind Offshore,2026-08-11T08:00:34Z
2026-08-11T07:56:44Z,2026-08-11T09:56:44+0200,58a750df-313e-448a-89dd-c0365ec5f82d,2026-07-18T18:00:00Z,2026-07-18T20:00:00+0200,745.666666,MW,DK1,DK_1,forecast_offshore_wind_generation,Wind Offshore,2026-08-11T08:00:34Z
2026-08-11T07:56:44Z,2026-08-11T09:56:44+0200,58a750df-313e-448a-89dd-c0365ec5f82d,2026-07-18T18:15:00Z,2026-07-18T20:15:00+0200,721.5,MW,DK1,DK_1,forecast_offshore_wind_generation,Wind Offshore,2026-08-11T08:00:34Z
2026-08-11T07:56:44Z,2026-08-11T09:56:44+0200,58a750df-313e-448a-89dd-c0365ec5f82d,2026-07-18T18:30:00Z,2026-07-18T20:30:00+0200,695.0,MW,DK1,DK_1,forecast_offshore_wind_generation,Wind Offshore,2026-08-11T08:00:34Z
2026-08-11T07:56:44Z,2026-08-11T09:56:44+0200,58a750df-313e-448a-89dd-c0365ec5f82d,2026-07-18T18:45:00Z,2026-07-18T20:45:00+0200,669.166666,MW,DK1,DK_1,forecast_offshore_wind_generation,Wind Offshore,2026-08-11T08:00:34Z
2026-08-11T07:56:44Z,2026-08-11T09:56:44+0200,58a750df-313e-448a-89dd-c0365ec5f82d,2026-07-18T19:00:00Z,2026-07-18T21:00:00+0200,647.0,MW,DK1,DK_1,forecast_offshore_wind_generation,Wind Offshore,2026-08-11T08:00:34Z
2026-08-11T07:56:44Z,2026-08-11T09:56:44+0200,58a750df-313e-448a-89dd-c0365ec5f82d,2026-07-18T19:15:00Z,2026-07-18T21:15:00+0200,626.666666,MW,DK1,DK_1,forecast_offshore_wind_generation,Wind Offshore,2026-08-11T08:00:34Z
2026-08-11T07:56:44Z,2026-08-11T09:56:44+0200,58a750df-313e-448a-89dd-c0365ec5f82d,2026-07-18T19:30:00Z,2026-07-18T21:30:00+0200,607.333333,MW,DK1,DK_1,forecast_offshore_wind_generation,Wind Offshore,2026-08-11T08:00:34Z
2026-08-11T07:56:44Z,2026-08-11T09:56:44+0200,58a750df-313e-448a-89dd-c0365ec5f82d,2026-07-18T19:45:00Z,2026-07-18T21:45:00+0200,592.166666,MW,DK1,DK_1,forecast_offshore_wind_generation,Wind Offshore,2026-08-11T08:00:34Z
2026-08-11T07:56:44Z,2026-08-11T09:56:44+0200,58a750df-313e-448a-89dd-c0365ec5f82d,2026-07-18T20:00:00Z,2026-07-18T22:00:00+0200,580.666666,MW,DK1,DK_1,forecast_offshore_wind_generation,Wind Offshore,2026-08-11T08:00:34Z
2026-08-11T07:56:44Z,2026-08-11T09:56:44+0200,58a750df-313e-448a-89dd-c0365ec5f82d,2026-07-18T20:15:00Z,2026-07-18T22:15:00+0200,572.333333,MW,DK1,DK_1,forecast_offshore_wind_generation,Wind Offshore,2026-08-11T08:00:34Z
2026-08-11T07:56:44Z,2026-08-11T09:56:44+0200,58a750df-313e-448a-89dd-c0365ec5f82d,2026-07-18T20:30:00Z,2026-07-18T22:30:00+0200,568.666666,MW,DK1,DK_1,forecast_offshore_wind_generation,Wind Offshore,2026-08-11T08:00:34Z
2026-08-11T07:56:44Z,2026-08-11T09:56:44+0200,58a750df-313e-448a-89dd-c0365ec5f82d,2026-07-18T20:45:00Z,2026-07-18T22:45:00+0200,569.166666,MW,DK1,DK_1,forecast_offshore_wind_generation,Wind Offshore,2026-08-11T08:00:34Z
2026-08-11T07:56:44Z,2026-08-11T09:56:44+0200,58a750df-313e-448a-89dd-c0365ec5f82d,2026-07-18T21:00:00Z,2026-07-18T23:00:00+0200,575.333333,MW,DK1,DK_1,forecast_offshore_wind_generation,Wind Offshore,2026-08-11T08:00:34Z
2026-08-11T07:56:44Z,2026-08-11T09:56:44+0200,58a750df-313e-448a-89dd-c0365ec5f82d,2026-07-18T21:15:00Z,2026-07-18T23:15:00+0200,588.666666,MW,DK1,DK_1,forecast_offshore_wind_generation,Wind Offshore,2026-08-11T08:00:34Z
2026-08-11T07:56:44Z,2026-08-11T09:56:44+0200,58a750df-313e-448a-89dd-c0365ec5f82d,2026-07-18T21:30:00Z,2026-07-18T23:30:00+0200,605.0,MW,DK1,DK_1,forecast_offshore_wind_generation,Wind Offshore,2026-08-11T08:00:34Z
2026-08-11T07:56:44Z,2026-08-11T09:56:44+0200,58a750df-313e-448a-89dd-c0365ec5f82d,2026-07-18T21:45:00Z,2026-07-18T23:45:00+0200,618.666666,MW,DK1,DK_1,forecast_offshore_wind_generation,Wind Offshore,2026-08-11T08:00:34Z
2026-08-11T07:56:44Z,2026-08-11T09:56:44+0200,58a750df-313e-448a-89dd-c0365ec5f82d,2026-07-18T22:00:00Z,2026-07-19T00:00:00+0200,596.0,MW,DK1,DK_1,forecast_offshore_wind_generation,Wind Offshore,2026-08-11T08:00:34Z
2026-08-11T07:56:44Z,2026-08-11T09:56:44+0200,58a750df-313e-448a-89dd-c0365ec5f82d,2026-07-18T22:15:00Z,2026-07-19T00:15:00+0200,590.666666,MW,DK1,DK_1,forecast_offshore_wind_generation,Wind Offshore,2026-08-11T08:00:34Z
2026-08-11T07:56:44Z,2026-08-11T09:56:44+0200,58a750df-313e-448a-89dd-c0365ec5f82d,2026-07-18T22:30:00Z,2026-07-19T00:30:00+0200,586.666666,MW,DK1,DK_1,forecast_offshore_wind_generation,Wind Offshore,2026-08-11T08:00:34Z
2026-08-11T07:56:44Z,2026-08-11T09:56:44+0200,58a750df-313e-448a-89dd-c0365ec5f82d,2026-07-18T22:45:00Z,2026-07-19T00:45:00+0200,582.833333,MW,DK1,DK_1,forecast_offshore_wind_generation,Wind Offshore,2026-08-11T08:00:34Z
2026-08-11T07:56:44Z,2026-08-11T09:56:44+0200,58a750df-313e-448a-89dd-c0365ec5f82d,2026-07-18T23:00:00Z,2026-07-19T01:00:00+0200,576.833333,MW,DK1,DK_1,forecast_offshore_wind_generation,Wind Offshore,2026-08-11T08:00:34Z
2026-08-11T07:56:44Z,2026-08-11T09:56:44+0200,58a750df-313e-448a-89dd-c0365ec5f82d,2026-07-18T23:15:00Z,2026-07-19T01:15:00+0200,567.666666,MW,DK1,DK_1,forecast_offshore_wind_generation,Wind Offshore,2026-08-11T08:00:34Z
2026-08-11T07:56:44Z,2026-08-11T09:56:44+0200,58a750df-313e-448a-89dd-c0365ec5f82d,2026-07-18T23:30:00Z,2026-07-19T01:30:00+0200,557.666666,MW,DK1,DK_1,forecast_offshore_wind_generation,Wind Offshore,2026-08-11T08:00:34Z
2026-08-11T07:56:44Z,2026-08-11T09:56:44+0200,58a750df-313e-448a-89dd-c0365ec5f82d,2026-07-18T23:45:00Z,2026-07-19T01:45:00+0200,549.666666,MW,DK1,DK_1,forecast_offshore_wind_generation,Wind Offshore,2026-08-11T08:00:34Z
2026-08-11T07:56:44Z,2026-08-11T09:56:44+0200,58a750df-313e-448a-89dd-c0365ec5f82d,2026-07-19T00:00:00Z,2026-07-19T02:00:00+0200,544.5,MW,DK1,DK_1,forecast_offshore_wind_generation,Wind Offshore,2026-08-11T08:00:34Z
2026-08-11T07:56:44Z,2026-08-11T09:56:44+0200,58a750df-313e-448a-89dd-c0365ec5f82d,2026-07-19T00:15:00Z,2026-07-19T02:15:00+0200,540.5,MW,DK1,DK_1,forecast_offshore_wind_generation,Wind Offshore,2026-08-11T08:00:34Z
2026-08-11T07:56:44Z,2026-08-11T09:56:44+0200,58a750df-313e-448a-89dd-c0365ec5f82d,2026-07-19T00:30:00Z,2026-07-19T02:30:00+0200,537.5,MW,DK1,DK_1,forecast_offshore_wind_generation,Wind Offshore,2026-08-11T08:00:34Z
2026-08-11T07:56:44Z,2026-08-11T09:56:44+0200,58a750df-313e-448a-89dd-c0365ec5f82d,2026-07-19T00:45:00Z,2026-07-19T02:45:00+0200,534.5,MW,DK1,DK_1,forecast_offshore_wind_generation,Wind Offshore,2026-08-11T08:00:34Z
2026-08-11T07:56:44Z,2026-08-11T09:56:44+0200,58a750df-313e-448a-89dd-c0365ec5f82d,2026-07-19T01:00:00Z,2026-07-19T03:00:00+0200,531.5,MW,DK1,DK_1,forecast_offshore_wind_generation,Wind Offshore,2026-08-11T08:00:34Z
2026-08-11T07:56:44Z,2026-08-11T09:56:44+0200,58a750df-313e-448a-89dd-c0365ec5f82d,2026-07-19T01:15:00Z,2026-07-19T03:15:00+0200,528.0,MW,DK1,DK_1,forecast_offshore_wind_generation,Wind Offshore,2026-08-11T08:00:34Z
2026-08-11T07:56:44Z,2026-08-11T09:56:44+0200,58a750df-313e-448a-89dd-c0365ec5f82d,2026-07-19T01:30:00Z,2026-07-19T03:30:00+0200,523.5,MW,DK1,DK_1,forecast_offshore_wind_generation,Wind Offshore,2026-08-11T08:00:34Z
2026-08-11T07:56:44Z,2026-08-11T09:56:44+0200,58a750df-313e-448a-89dd-c0365ec5f82d,2026-07-19T01:45:00Z,2026-07-19T03:45:00+0200,519.0,MW,DK1,DK_1,forecast_offshore_wind_generation,Wind Offshore,2026-08-11T08:00:34Z
2026-08-11T07:56:44Z,2026-08-11T09:56:44+0200,58a750df-313e-448a-89dd-c0365ec5f82d,2026-07-19T02:00:00Z,2026-07-19T04:00:00+0200,515.0,MW,DK1,DK_1,forecast_offshore_wind_generation,Wind Offshore,2026-08-11T08:00:34Z
2026-08-11T07:56:44Z,2026-08-11T09:56:44+0200,58a750df-313e-448a-89dd-c0365ec5f82d,2026-07-19T02:15:00Z,2026-07-19T04:15:00+0200,511.5,MW,DK1,DK_1,forecast_offshore_wind_generation,Wind Offshore,2026-08-11T08:00:34Z
2026-08-11T07:56:44Z,2026-08-11T09:56:44+0200,58a750df-313e-448a-89dd-c0365ec5f82d,2026-07-19T02:30:00Z,2026-07-19T04:30:00+0200,508.5,MW,DK1,DK_1,forecast_offshore_wind_generation,Wind Offshore,2026-08-11T08:00:34Z
2026-08-11T07:56:44Z,2026-08-11T09:56:44+0200,58a750df-313e-448a-89dd-c0365ec5f82d,2026-07-19T02:45:00Z,2026-07-19T04:45:00+0200,507.0,MW,DK1,DK_1,forecast_offshore_wind_generation,Wind Offshore,2026-08-11T08:00:34Z
2026-08-11T07:56:44Z,2026-08-11T09:56:44+0200,58a750df-313e-448a-89dd-c0365ec5f82d,2026-07-19T03:00:00Z,2026-07-19T05:00:00+0200,507.5,MW,DK1,DK_1,forecast_offshore_wind_generation,Wind Offshore,2026-08-11T08:00:34Z
2026-08-11T07:56:44Z,2026-08-11T09:56:44+0200,58a750df-313e-448a-89dd-c0365ec5f82d,2026-07-19T03:15:00Z,2026-07-19T05:15:00+0200,509.5,MW,DK1,DK_1,forecast_offshore_wind_generation,Wind Offshore,2026-08-11T08:00:34Z
2026-08-11T07:56:44Z,2026-08-11T09:56:44+0200,58a750df-313e-448a-89dd-c0365ec5f82d,2026-07-19T03:30:00Z,2026-07-19T05:30:00+0200,511.5,MW,DK1,DK_1,forecast_offshore_wind_generation,Wind Offshore,2026-08-11T08:00:34Z
2026-08-11T07:56:44Z,2026-08-11T09:56:44+0200,58a750df-313e-448a-89dd-c0365ec5f82d,2026-07-19T03:45:00Z,2026-07-19T05:45:00+0200,511.833333,MW,DK1,DK_1,forecast_offshore_wind_generation,Wind Offshore,2026-08-11T08:00:34Z
2026-08-11T07:56:44Z,2026-08-11T09:56:44+0200,58a750df-313e-448a-89dd-c0365ec5f82d,2026-07-19T04:00:00Z,2026-07-19T06:00:00+0200,510.5,MW,DK1,DK_1,forecast_offshore_wind_generation,Wind Offshore,2026-08-11T08:00:34Z
2026-08-11T07:56:44Z,2026-08-11T09:56:44+0200,58a750df-313e-448a-89dd-c0365ec5f82d,2026-07-19T04:15:00Z,2026-07-19T06:15:00+0200,508.666666,MW,DK1,DK_1,forecast_offshore_wind_generation,Wind Offshore,2026-08-11T08:00:34Z
2026-08-11T07:56:44Z,2026-08-11T09:56:44+0200,58a750df-313e-448a-89dd-c0365ec5f82d,2026-07-19T04:30:00Z,2026-07-19T06:30:00+0200,508.166666,MW,DK1,DK_1,forecast_offshore_wind_generation,Wind Offshore,2026-08-11T08:00:34Z
2026-08-11T07:56:44Z,2026-08-11T09:56:44+0200,58a750df-313e-448a-89dd-c0365ec5f82d,2026-07-19T04:45:00Z,2026-07-19T06:45:00+0200,509.166666,MW,DK1,DK_1,forecast_offshore_wind_generation,Wind Offshore,2026-08-11T08:00:34Z
2026-08-11T07:56:44Z,2026-08-11T09:56:44+0200,58a750df-313e-448a-89dd-c0365ec5f82d,2026-07-19T05:00:00Z,2026-07-19T07:00:00+0200,512.833333,MW,DK1,DK_1,forecast_offshore_wind_generation,Wind Offshore,2026-08-11T08:00:34Z
2026-08-11T07:56:44Z,2026-08-11T09:56:44+0200,58a750df-313e-448a-89dd-c0365ec5f82d,2026-07-19T05:15:00Z,2026-07-19T07:15:00+0200,522.5,MW,DK1,DK_1,forecast_offshore_wind_generation,Wind Offshore,2026-08-11T08:00:34Z
2026-08-11T07:56:44Z,2026-08-11T09:56:44+0200,58a750df-313e-448a-89dd-c0365ec5f82d,2026-07-19T05:30:00Z,2026-07-19T07:30:00+0200,533.833333,MW,DK1,DK_1,forecast_offshore_wind_generation,Wind Offshore,2026-08-11T08:00:34Z
2026-08-11T07:56:44Z,2026-08-11T09:56:44+0200,58a750df-313e-448a-89dd-c0365ec5f82d,2026-07-19T05:45:00Z,2026-07-19T07:45:00+0200,542.666666,MW,DK1,DK_1,forecast_offshore_wind_generation,Wind Offshore,2026-08-11T08:00:34Z
2026-08-11T07:56:44Z,2026-08-11T09:56:44+0200,58a750df-313e-448a-89dd-c0365ec5f82d,2026-07-19T06:00:00Z,2026-07-19T08:00:00+0200,544.833333,MW,DK1,DK_1,forecast_offshore_wind_generation,Wind Offshore,2026-08-11T08:00:34Z
2026-08-11T07:56:44Z,2026-08-11T09:56:44+0200,58a750df-313e-448a-89dd-c0365ec5f82d,2026-07-19T06:15:00Z,2026-07-19T08:15:00+0200,543.333333,MW,DK1,DK_1,forecast_offshore_wind_generation,Wind Offshore,2026-08-11T08:00:34Z
2026-08-11T07:56:44Z,2026-08-11T09:56:44+0200,58a750df-313e-448a-89dd-c0365ec5f82d,2026-07-19T06:30:00Z,2026-07-19T08:30:00+0200,544.0,MW,DK1,DK_1,forecast_offshore_wind_generation,Wind Offshore,2026-08-11T08:00:34Z
2026-08-11T07:56:44Z,2026-08-11T09:56:44+0200,58a750df-313e-448a-89dd-c0365ec5f82d,2026-07-19T06:45:00Z,2026-07-19T08:45:00+0200,550.5,MW,DK1,DK_1,forecast_offshore_wind_generation,Wind Offshore,2026-08-11T08:00:34Z
2026-08-11T07:56:44Z,2026-08-11T09:56:44+0200,58a750df-313e-448a-89dd-c0365ec5f82d,2026-07-19T07:00:00Z,2026-07-19T09:00:00+0200,563.833333,MW,DK1,DK_1,forecast_offshore_wind_generation,Wind Offshore,2026-08-11T08:00:34Z
2026-08-11T07:56:44Z,2026-08-11T09:56:44+0200,58a750df-313e-448a-89dd-c0365ec5f82d,2026-07-19T07:15:00Z,2026-07-19T09:15:00+0200,587.5,MW,DK1,DK_1,forecast_offshore_wind_generation,Wind Offshore,2026-08-11T08:00:34Z
2026-08-11T07:56:44Z,2026-08-11T09:56:44+0200,58a750df-313e-448a-89dd-c0365ec5f82d,2026-07-19T07:30:00Z,2026-07-19T09:30:00+0200,613.833333,MW,DK1,DK_1,forecast_offshore_wind_generation,Wind Offshore,2026-08-11T08:00:34Z
2026-08-11T07:56:44Z,2026-08-11T09:56:44+0200,58a750df-313e-448a-89dd-c0365ec5f82d,2026-07-19T07:45:00Z,2026-07-19T09:45:00+0200,635.833333,MW,DK1,DK_1,forecast_offshore_wind_generation,Wind Offshore,2026-08-11T08:00:34Z
2026-08-11T07:56:44Z,2026-08-11T09:56:44+0200,58a750df-313e-448a-89dd-c0365ec5f82d,2026-07-19T08:00:00Z,2026-07-19T10:00:00+0200,654.0,MW,DK1,DK_1,forecast_offshore_wind_generation,Wind Offshore,2026-08-11T08:00:34Z
2026-08-11T07:56:44Z,2026-08-11T09:56:44+0200,58a750df-313e-448a-89dd-c0365ec5f82d,2026-07-19T08:15:00Z,2026-07-19T10:15:00+0200,677.666666,MW,DK1,DK_1,forecast_offshore_wind_generation,Wind Offshore,2026-08-11T08:00:34Z
2026-08-11T07:56:44Z,2026-08-11T09:56:44+0200,58a750df-313e-448a-89dd-c0365ec5f82d,2026-07-19T08:30:00Z,2026-07-19T10:30:00+0200,705.666666,MW,DK1,DK_1,forecast_offshore_wind_generation,Wind Offshore,2026-08-11T08:00:34Z
2026-08-11T07:56:44Z,2026-08-11T09:56:44+0200,58a750df-313e-448a-89dd-c0365ec5f82d,2026-07-19T08:45:00Z,2026-07-19T10:45:00+0200,728.5,MW,DK1,DK_1,forecast_offshore_wind_generation,Wind Offshore,2026-08-11T08:00:34Z
2026-08-11T07:56:44Z,2026-08-11T09:56:44+0200,58a750df-313e-448a-89dd-c0365ec5f82d,2026-07-19T09:00:00Z,2026-07-19T11:00:00+0200,741.5,MW,DK1,DK_1,forecast_offshore_wind_generation,Wind Offshore,2026-08-11T08:00:34Z
2026-08-11T07:56:44Z,2026-08-11T09:56:44+0200,58a750df-313e-448a-89dd-c0365ec5f82d,2026-07-19T09:15:00Z,2026-07-19T11:15:00+0200,753.0,MW,DK1,DK_1,forecast_offshore_wind_generation,Wind Offshore,2026-08-11T08:00:34Z
2026-08-11T07:56:44Z,2026-08-11T09:56:44+0200,58a750df-313e-448a-89dd-c0365ec5f82d,2026-07-19T09:30:00Z,2026-07-19T11:30:00+0200,764.0,MW,DK1,DK_1,forecast_offshore_wind_generation,Wind Offshore,2026-08-11T08:00:34Z
2026-08-11T07:56:44Z,2026-08-11T09:56:44+0200,58a750df-313e-448a-89dd-c0365ec5f82d,2026-07-19T09:45:00Z,2026-07-19T11:45:00+0200,772.833333,MW,DK1,DK_1,forecast_offshore_wind_generation,Wind Offshore,2026-08-11T08:00:34Z
2026-08-11T07:56:44Z,2026-08-11T09:56:44+0200,58a750df-313e-448a-89dd-c0365ec5f82d,2026-07-19T10:00:00Z,2026-07-19T12:00:00+0200,779.0,MW,DK1,DK_1,forecast_offshore_wind_generation,Wind Offshore,2026-08-11T08:00:34Z
2026-08-11T07:56:44Z,2026-08-11T09:56:44+0200,58a750df-313e-448a-89dd-c0365ec5f82d,2026-07-19T10:15:00Z,2026-07-19T12:15:00+0200,784.5,MW,DK1,DK_1,forecast_offshore_wind_generation,Wind Offshore,2026-08-11T08:00:34Z
2026-08-11T07:56:44Z,2026-08-11T09:56:44+0200,58a750df-313e-448a-89dd-c0365ec5f82d,2026-07-19T10:30:00Z,2026-07-19T12:30:00+0200,788.666666,MW,DK1,DK_1,forecast_offshore_wind_generation,Wind Offshore,2026-08-11T08:00:34Z
2026-08-11T07:56:44Z,2026-08-11T09:56:44+0200,58a750df-313e-448a-89dd-c0365ec5f82d,2026-07-19T10:45:00Z,2026-07-19T12:45:00+0200,792.5,MW,DK1,DK_1,forecast_offshore_wind_generation,Wind Offshore,2026-08-11T08:00:34Z
2026-08-11T07:56:44Z,2026-08-11T09:56:44+0200,58a750df-313e-448a-89dd-c0365ec5f82d,2026-07-19T11:00:00Z,2026-07-19T13:00:00+0200,796.5,MW,DK1,DK_1,forecast_offshore_wind_generation,Wind Offshore,2026-08-11T08:00:34Z
2026-08-11T07:56:44Z,2026-08-11T09:56:44+0200,58a750df-313e-448a-89dd-c0365ec5f82d,2026-07-19T11:15:00Z,2026-07-19T13:15:00+0200,800.666666,MW,DK1,DK_1,forecast_offshore_wind_generation,Wind Offshore,2026-08-11T08:00:34Z
2026-08-11T07:56:44Z,2026-08-11T09:56:44+0200,58a750df-313e-448a-89dd-c0365ec5f82d,2026-07-19T11:30:00Z,2026-07-19T13:30:00+0200,805.0,MW,DK1,DK_1,forecast_offshore_wind_generation,Wind Offshore,2026-08-11T08:00:34Z
2026-08-11T07:56:44Z,2026-08-11T09:56:44+0200,58a750df-313e-448a-89dd-c0365ec5f82d,2026-07-19T11:45:00Z,2026-07-19T13:45:00+0200,808.5,MW,DK1,DK_1,forecast_offshore_wind_generation,Wind Offshore,2026-08-11T08:00:34Z
2026-08-11T07:56:44Z,2026-08-11T09:56:44+0200,58a750df-313e-448a-89dd-c0365ec5f82d,2026-07-19T12:00:00Z,2026-07-19T14:00:00+0200,811.666666,MW,DK1,DK_1,forecast_offshore_wind_generation,Wind Offshore,2026-08-11T08:00:34Z
2026-08-11T07:56:44Z,2026-08-11T09:56:44+0200,58a750df-313e-448a-89dd-c0365ec5f82d,2026-07-19T12:15:00Z,2026-07-19T14:15:00+0200,815.5,MW,DK1,DK_1,forecast_offshore_wind_generation,Wind Offshore,2026-08-11T08:00:34Z
2026-08-11T07:56:44Z,2026-08-11T09:56:44+0200,58a750df-313e-448a-89dd-c0365ec5f82d,2026-07-19T12:30:00Z,2026-07-19T14:30:00+0200,818.5,MW,DK1,DK_1,forecast_offshore_wind_generation,Wind Offshore,2026-08-11T08:00:34Z
2026-08-11T07:56:44Z,2026-08-11T09:56:44+0200,58a750df-313e-448a-89dd-c0365ec5f82d,2026-07-19T12:45:00Z,2026-07-19T14:45:00+0200,821.5,MW,DK1,DK_1,forecast_offshore_wind_generation,Wind Offshore,2026-08-11T08:00:34Z
2026-08-11T07:56:44Z,2026-08-11T09:56:44+0200,58a750df-313e-448a-89dd-c0365ec5f82d,2026-07-19T13:00:00Z,2026-07-19T15:00:00+0200,824.5,MW,DK1,DK_1,forecast_offshore_wind_generation,Wind Offshore,2026-08-11T08:00:34Z
2026-08-11T07:56:44Z,2026-08-11T09:56:44+0200,58a750df-313e-448a-89dd-c0365ec5f82d,2026-07-19T13:15:00Z,2026-07-19T15:15:00+0200,826.5,MW,DK1,DK_1,forecast_offshore_wind_generation,Wind Offshore,2026-08-11T08:00:34Z
2026-08-11T07:56:44Z,2026-08-11T09:56:44+0200,58a750df-313e-448a-89dd-c0365ec5f82d,2026-07-19T13:30:00Z,2026-07-19T15:30:00+0200,827.833333,MW,DK1,DK_1,forecast_offshore_wind_generation,Wind Offshore,2026-08-11T08:00:34Z
2026-08-11T07:56:44Z,2026-08-11T09:56:44+0200,58a750df-313e-448a-89dd-c0365ec5f82d,2026-07-19T13:45:00Z,2026-07-19T15:45:00+0200,829.0,MW,DK1,DK_1,forecast_offshore_wind_generation,Wind Offshore,2026-08-11T08:00:34Z
2026-08-11T07:56:44Z,2026-08-11T09:56:44+0200,58a750df-313e-448a-89dd-c0365ec5f82d,2026-07-19T14:00:00Z,2026-07-19T16:00:00+0200,830.0,MW,DK1,DK_1,forecast_offshore_wind_generation,Wind Offshore,2026-08-11T08:00:34Z
2026-08-11T07:56:44Z,2026-08-11T09:56:44+0200,58a750df-313e-448a-89dd-c0365ec5f82d,2026-07-19T14:15:00Z,2026-07-19T16:15:00+0200,830.0,MW,DK1,DK_1,forecast_offshore_wind_generation,Wind Offshore,2026-08-11T08:00:34Z
2026-08-11T07:56:44Z,2026-08-11T09:56:44+0200,58a750df-313e-448a-89dd-c0365ec5f82d,2026-07-19T14:30:00Z,2026-07-19T16:30:00+0200,830.166666,MW,DK1,DK_1,forecast_offshore_wind_generation,Wind Offshore,2026-08-11T08:00:34Z
2026-08-11T07:56:44Z,2026-08-11T09:56:44+0200,58a750df-313e-448a-89dd-c0365ec5f82d,2026-07-19T14:45:00Z,2026-07-19T16:45:00+0200,831.666666,MW,DK1,DK_1,forecast_offshore_wind_generation,Wind Offshore,2026-08-11T08:00:34Z
2026-08-11T07:56:44Z,2026-08-11T09:56:44+0200,58a750df-313e-448a-89dd-c0365ec5f82d,2026-07-19T15:00:00Z,2026-07-19T17:00:00+0200,835.5,MW,DK1,DK_1,forecast_offshore_wind_generation,Wind Offshore,2026-08-11T08:00:34Z
2026-08-11T07:56:44Z,2026-08-11T09:56:44+0200,58a750df-313e-448a-89dd-c0365ec5f82d,2026-07-19T15:15:00Z,2026-07-19T17:15:00+0200,841.166666,MW,DK1,DK_1,forecast_offshore_wind_generation,Wind Offshore,2026-08-11T08:00:34Z
2026-08-11T07:56:44Z,2026-08-11T09:56:44+0200,58a750df-313e-448a-89dd-c0365ec5f82d,2026-07-19T15:30:00Z,2026-07-19T17:30:00+0200,848.0,MW,DK1,DK_1,forecast_offshore_wind_generation,Wind Offshore,2026-08-11T08:00:34Z
2026-08-11T07:56:44Z,2026-08-11T09:56:44+0200,58a750df-313e-448a-89dd-c0365ec5f82d,2026-07-19T15:45:00Z,2026-07-19T17:45:00+0200,853.5,MW,DK1,DK_1,forecast_offshore_wind_generation,Wind Offshore,2026-08-11T08:00:34Z
2026-08-11T07:56:44Z,2026-08-11T09:56:44+0200,58a750df-313e-448a-89dd-c0365ec5f82d,2026-07-19T16:00:00Z,2026-07-19T18:00:00+0200,857.5,MW,DK1,DK_1,forecast_offshore_wind_generation,Wind Offshore,2026-08-11T08:00:34Z
2026-08-11T07:56:44Z,2026-08-11T09:56:44+0200,58a750df-313e-448a-89dd-c0365ec5f82d,2026-07-19T16:15:00Z,2026-07-19T18:15:00+0200,860.0,MW,DK1,DK_1,forecast_offshore_wind_generation,Wind Offshore,2026-08-11T08:00:34Z
2026-08-11T07:56:44Z,2026-08-11T09:56:44+0200,58a750df-313e-448a-89dd-c0365ec5f82d,2026-07-19T16:30:00Z,2026-07-19T18:30:00+0200,862.333333,MW,DK1,DK_1,forecast_offshore_wind_generation,Wind Offshore,2026-08-11T08:00:34Z
2026-08-11T07:56:44Z,2026-08-11T09:56:44+0200,58a750df-313e-448a-89dd-c0365ec5f82d,2026-07-19T16:45:00Z,2026-07-19T18:45:00+0200,864.0,MW,DK1,DK_1,forecast_offshore_wind_generation,Wind Offshore,2026-08-11T08:00:34Z
2026-08-11T07:56:44Z,2026-08-11T09:56:44+0200,58a750df-313e-448a-89dd-c0365ec5f82d,2026-07-19T17:00:00Z,2026-07-19T19:00:00+0200,865.5,MW,DK1,DK_1,forecast_offshore_wind_generation,Wind Offshore,2026-08-11T08:00:34Z
2026-08-11T07:56:44Z,2026-08-11T09:56:44+0200,58a750df-313e-448a-89dd-c0365ec5f82d,2026-07-19T17:15:00Z,2026-07-19T19:15:00+0200,865.666666,MW,DK1,DK_1,forecast_offshore_wind_generation,Wind Offshore,2026-08-11T08:00:34Z
2026-08-11T07:56:44Z,2026-08-11T09:56:44+0200,58a750df-313e-448a-89dd-c0365ec5f82d,2026-07-19T17:30:00Z,2026-07-19T19:30:00+0200,866.0,MW,DK1,DK_1,forecast_offshore_wind_generation,Wind Offshore,2026-08-11T08:00:34Z
2026-08-11T07:56:44Z,2026-08-11T09:56:44+0200,58a750df-313e-448a-89dd-c0365ec5f82d,2026-07-19T17:45:00Z,2026-07-19T19:45:00+0200,865.666666,MW,DK1,DK_1,forecast_offshore_wind_generation,Wind Offshore,2026-08-11T08:00:34Z
2026-08-11T07:56:44Z,2026-08-11T09:56:44+0200,58a750df-313e-448a-89dd-c0365ec5f82d,2026-07-19T18:00:00Z,2026-07-19T20:00:00+0200,866.666666,MW,DK1,DK_1,forecast_offshore_wind_generation,Wind Offshore,2026-08-11T08:00:34Z
2026-08-11T07:56:44Z,2026-08-11T09:56:44+0200,58a750df-313e-448a-89dd-c0365ec5f82d,2026-07-19T18:15:00Z,2026-07-19T20:15:00+0200,869.5,MW,DK1,DK_1,forecast_offshore_wind_generation,Wind Offshore,2026-08-11T08:00:34Z
2026-08-11T07:56:44Z,2026-08-11T09:56:44+0200,58a750df-313e-448a-89dd-c0365ec5f82d,2026-07-19T18:30:00Z,2026-07-19T20:30:00+0200,873.333333,MW,DK1,DK_1,forecast_offshore_wind_generation,Wind Offshore,2026-08-11T08:00:34Z
2026-08-11T07:56:44Z,2026-08-11T09:56:44+0200,58a750df-313e-448a-89dd-c0365ec5f82d,2026-07-19T18:45:00Z,2026-07-19T20:45:00+0200,876.666666,MW,DK1,DK_1,forecast_offshore_wind_generation,Wind Offshore,2026-08-11T08:00:34Z
2026-08-11T07:56:44Z,2026-08-11T09:56:44+0200,58a750df-313e-448a-89dd-c0365ec5f82d,2026-07-19T19:00:00Z,2026-07-19T21:00:00+0200,880.5,MW,DK1,DK_1,forecast_offshore_wind_generation,Wind Offshore,2026-08-11T08:00:34Z
2026-08-11T07:56:44Z,2026-08-11T09:56:44+0200,58a750df-313e-448a-89dd-c0365ec5f82d,2026-07-19T19:15:00Z,2026-07-19T21:15:00+0200,884.833333,MW,DK1,DK_1,forecast_offshore_wind_generation,Wind Offshore,2026-08-11T08:00:34Z
2026-08-11T07:56:44Z,2026-08-11T09:56:44+0200,58a750df-313e-448a-89dd-c0365ec5f82d,2026-07-19T19:30:00Z,2026-07-19T21:30:00+0200,889.5,MW,DK1,DK_1,forecast_offshore_wind_generation,Wind Offshore,2026-08-11T08:00:34Z
2026-08-11T07:56:44Z,2026-08-11T09:56:44+0200,58a750df-313e-448a-89dd-c0365ec5f82d,2026-07-19T19:45:00Z,2026-07-19T21:45:00+0200,893.5,MW,DK1,DK_1,forecast_offshore_wind_generation,Wind Offshore,2026-08-11T08:00:34Z
2026-08-11T07:56:44Z,2026-08-11T09:56:44+0200,58a750df-313e-448a-89dd-c0365ec5f82d,2026-07-19T20:00:00Z,2026-07-19T22:00:00+0200,894.833333,MW,DK1,DK_1,forecast_offshore_wind_generation,Wind Offshore,2026-08-11T08:00:34Z
2026-08-11T07:56:44Z,2026-08-11T09:56:44+0200,58a750df-313e-448a-89dd-c0365ec5f82d,2026-07-19T20:15:00Z,2026-07-19T22:15:00+0200,893.333333,MW,DK1,DK_1,forecast_offshore_wind_generation,Wind Offshore,2026-08-11T08:00:34Z
2026-08-11T07:56:44Z,2026-08-11T09:56:44+0200,58a750df-313e-448a-89dd-c0365ec5f82d,2026-07-19T20:30:00Z,2026-07-19T22:30:00+0200,891.333333,MW,DK1,DK_1,forecast_offshore_wind_generation,Wind Offshore,2026-08-11T08:00:34Z
2026-08-11T07:56:44Z,2026-08-11T09:56:44+0200,58a750df-313e-448a-89dd-c0365ec5f82d,2026-07-19T20:45:00Z,2026-07-19T22:45:00+0200,889.166666,MW,DK1,DK_1,forecast_offshore_wind_generation,Wind Offshore,2026-08-11T08:00:34Z
2026-08-11T07:56:44Z,2026-08-11T09:56:44+0200,58a750df-313e-448a-89dd-c0365ec5f82d,2026-07-19T21:00:00Z,2026-07-19T23:00:00+0200,889.666666,MW,DK1,DK_1,forecast_offshore_wind_generation,Wind Offshore,2026-08-11T08:00:34Z
2026-08-11T07:56:44Z,2026-08-11T09:56:44+0200,58a750df-313e-448a-89dd-c0365ec5f82d,2026-07-19T21:15:00Z,2026-07-19T23:15:00+0200,894.0,MW,DK1,DK_1,forecast_offshore_wind_generation,Wind Offshore,2026-08-11T08:00:34Z
2026-08-11T07:56:44Z,2026-08-11T09:56:44+0200,58a750df-313e-448a-89dd-c0365ec5f82d,2026-07-19T21:30:00Z,2026-07-19T23:30:00+0200,899.666666,MW,DK1,DK_1,forecast_offshore_wind_generation,Wind Offshore,2026-08-11T08:00:34Z
2026-08-11T07:56:44Z,2026-08-11T09:56:44+0200,58a750df-313e-448a-89dd-c0365ec5f82d,2026-07-19T21:45:00Z,2026-07-19T23:45:00+0200,901.0,MW,DK1,DK_1,forecast_offshore_wind_generation,Wind Offshore,2026-08-11T08:00:34Z
2026-08-11T07:56:44Z,2026-08-11T09:56:44+0200,58a750df-313e-448a-89dd-c0365ec5f82d,2026-07-19T22:00:00Z,2026-07-20T00:00:00+0200,799.666666,MW,DK1,DK_1,forecast_offshore_wind_generation,Wind Offshore,2026-08-11T08:00:34Z
2026-08-11T07:56:44Z,2026-08-11T09:56:44+0200,58a750df-313e-448a-89dd-c0365ec5f82d,2026-07-19T22:15:00Z,2026-07-20T00:15:00+0200,797.666666,MW,DK1,DK_1,forecast_offshore_wind_generation,Wind Offshore,2026-08-11T08:00:34Z
2026-08-11T07:56:44Z,2026-08-11T09:56:44+0200,58a750df-313e-448a-89dd-c0365ec5f82d,2026-07-19T22:30:00Z,2026-07-20T00:30:00+0200,795.666666,MW,DK1,DK_1,forecast_offshore_wind_generation,Wind Offshore,2026-08-11T08:00:34Z
2026-08-11T07:56:44Z,2026-08-11T09:56:44+0200,58a750df-313e-448a-89dd-c0365ec5f82d,2026-07-19T22:45:00Z,2026-07-20T00:45:00+0200,794.0,MW,DK1,DK_1,forecast_offshore_wind_generation,Wind Offshore,2026-08-11T08:00:34Z
2026-08-11T07:56:44Z,2026-08-11T09:56:44+0200,58a750df-313e-448a-89dd-c0365ec5f82d,2026-07-19T23:00:00Z,2026-07-20T01:00:00+0200,793.166666,MW,DK1,DK_1,forecast_offshore_wind_generation,Wind Offshore,2026-08-11T08:00:34Z
2026-08-11T07:56:44Z,2026-08-11T09:56:44+0200,58a750df-313e-448a-89dd-c0365ec5f82d,2026-07-19T23:15:00Z,2026-07-20T01:15:00+0200,795.5,MW,DK1,DK_1,forecast_offshore_wind_generation,Wind Offshore,2026-08-11T08:00:34Z
2026-08-11T07:56:44Z,2026-08-11T09:56:44+0200,58a750df-313e-448a-89dd-c0365ec5f82d,2026-07-19T23:30:00Z,2026-07-20T01:30:00+0200,798.5,MW,DK1,DK_1,forecast_offshore_wind_generation,Wind Offshore,2026-08-11T08:00:34Z
2026-08-11T07:56:44Z,2026-08-11T09:56:44+0200,58a750df-313e-448a-89dd-c0365ec5f82d,2026-07-19T23:45:00Z,2026-07-20T01:45:00+0200,801.0,MW,DK1,DK_1,forecast_offshore_wind_generation,Wind Offshore,2026-08-11T08:00:34Z
2026-08-11T07:56:44Z,2026-08-11T09:56:44+0200,58a750df-313e-448a-89dd-c0365ec5f82d,2026-07-20T00:00:00Z,2026-07-20T02:00:00+0200,802.0,MW,DK1,DK_1,forecast_offshore_wind_generation,Wind Offshore,2026-08-11T08:00:34Z
2026-08-11T07:56:44Z,2026-08-11T09:56:44+0200,58a750df-313e-448a-89dd-c0365ec5f82d,2026-07-20T00:15:00Z,2026-07-20T02:15:00+0200,802.0,MW,DK1,DK_1,forecast_offshore_wind_generation,Wind Offshore,2026-08-11T08:00:34Z
2026-08-11T07:56:44Z,2026-08-11T09:56:44+0200,58a750df-313e-448a-89dd-c0365ec5f82d,2026-07-20T00:30:00Z,2026-07-20T02:30:00+0200,802.0,MW,DK1,DK_1,forecast_offshore_wind_generation,Wind Offshore,2026-08-11T08:00:34Z
2026-08-11T07:56:44Z,2026-08-11T09:56:44+0200,58a750df-313e-448a-89dd-c0365ec5f82d,2026-07-20T00:45:00Z,2026-07-20T02:45:00+0200,801.0,MW,DK1,DK_1,forecast_offshore_wind_generation,Wind Offshore,2026-08-11T08:00:34Z
2026-08-11T07:56:44Z,2026-08-11T09:56:44+0200,58a750df-313e-448a-89dd-c0365ec5f82d,2026-07-20T01:00:00Z,2026-07-20T03:00:00+0200,798.0,MW,DK1,DK_1,forecast_offshore_wind_generation,Wind Offshore,2026-08-11T08:00:34Z
2026-08-11T07:56:44Z,2026-08-11T09:56:44+0200,58a750df-313e-448a-89dd-c0365ec5f82d,2026-07-20T01:15:00Z,2026-07-20T03:15:00+0200,793.0,MW,DK1,DK_1,forecast_offshore_wind_generation,Wind Offshore,2026-08-11T08:00:34Z
2026-08-11T07:56:44Z,2026-08-11T09:56:44+0200,58a750df-313e-448a-89dd-c0365ec5f82d,2026-07-20T01:30:00Z,2026-07-20T03:30:00+0200,787.0,MW,DK1,DK_1,forecast_offshore_wind_generation,Wind Offshore,2026-08-11T08:00:34Z
2026-08-11T07:56:44Z,2026-08-11T09:56:44+0200,58a750df-313e-448a-89dd-c0365ec5f82d,2026-07-20T01:45:00Z,2026-07-20T03:45:00+0200,781.166666,MW,DK1,DK_1,forecast_offshore_wind_generation,Wind Offshore,2026-08-11T08:00:34Z
2026-08-11T07:56:44Z,2026-08-11T09:56:44+0200,58a750df-313e-448a-89dd-c0365ec5f82d,2026-07-20T02:00:00Z,2026-07-20T04:00:00+0200,777.0,MW,DK1,DK_1,forecast_offshore_wind_generation,Wind Offshore,2026-08-11T08:00:34Z
2026-08-11T07:56:44Z,2026-08-11T09:56:44+0200,58a750df-313e-448a-89dd-c0365ec5f82d,2026-07-20T02:15:00Z,2026-07-20T04:15:00+0200,773.0,MW,DK1,DK_1,forecast_offshore_wind_generation,Wind Offshore,2026-08-11T08:00:34Z
2026-08-11T07:56:44Z,2026-08-11T09:56:44+0200,58a750df-313e-448a-89dd-c0365ec5f82d,2026-07-20T02:30:00Z,2026-07-20T04:30:00+0200,768.666666,MW,DK1,DK_1,forecast_offshore_wind_generation,Wind Offshore,2026-08-11T08:00:34Z
2026-08-11T07:56:44Z,2026-08-11T09:56:44+0200,58a750df-313e-448a-89dd-c0365ec5f82d,2026-07-20T02:45:00Z,2026-07-20T04:45:00+0200,765.5,MW,DK1,DK_1,forecast_offshore_wind_generation,Wind Offshore,2026-08-11T08:00:34Z
2026-08-11T07:56:44Z,2026-08-11T09:56:44+0200,58a750df-313e-448a-89dd-c0365ec5f82d,2026-07-20T03:00:00Z,2026-07-20T05:00:00+0200,763.0,MW,DK1,DK_1,forecast_offshore_wind_generation,Wind Offshore,2026-08-11T08:00:34Z
2026-08-11T07:56:44Z,2026-08-11T09:56:44+0200,58a750df-313e-448a-89dd-c0365ec5f82d,2026-07-20T03:15:00Z,2026-07-20T05:15:00+0200,761.5,MW,DK1,DK_1,forecast_offshore_wind_generation,Wind Offshore,2026-08-11T08:00:34Z
2026-08-11T07:56:44Z,2026-08-11T09:56:44+0200,58a750df-313e-448a-89dd-c0365ec5f82d,2026-07-20T03:30:00Z,2026-07-20T05:30:00+0200,760.0,MW,DK1,DK_1,forecast_offshore_wind_generation,Wind Offshore,2026-08-11T08:00:34Z
2026-08-11T07:56:44Z,2026-08-11T09:56:44+0200,58a750df-313e-448a-89dd-c0365ec5f82d,2026-07-20T03:45:00Z,2026-07-20T05:45:00+0200,758.0,MW,DK1,DK_1,forecast_offshore_wind_generation,Wind Offshore,2026-08-11T08:00:34Z
2026-08-11T07:56:44Z,2026-08-11T09:56:44+0200,58a750df-313e-448a-89dd-c0365ec5f82d,2026-07-20T04:00:00Z,2026-07-20T06:00:00+0200,755.0,MW,DK1,DK_1,forecast_offshore_wind_generation,Wind Offshore,2026-08-11T08:00:34Z
2026-08-11T07:56:44Z,2026-08-11T09:56:44+0200,58a750df-313e-448a-89dd-c0365ec5f82d,2026-07-20T04:15:00Z,2026-07-20T06:15:00+0200,751.0,MW,DK1,DK_1,forecast_offshore_wind_generation,Wind Offshore,2026-08-11T08:00:34Z
2026-08-11T07:56:44Z,2026-08-11T09:56:44+0200,58a750df-313e-448a-89dd-c0365ec5f82d,2026-07-20T04:30:00Z,2026-07-20T06:30:00+0200,746.0,MW,DK1,DK_1,forecast_offshore_wind_generation,Wind Offshore,2026-08-11T08:00:34Z
2026-08-11T07:56:44Z,2026-08-11T09:56:44+0200,58a750df-313e-448a-89dd-c0365ec5f82d,2026-07-20T04:45:00Z,2026-07-20T06:45:00+0200,741.0,MW,DK1,DK_1,forecast_offshore_wind_generation,Wind Offshore,2026-08-11T08:00:34Z
2026-08-11T07:56:44Z,2026-08-11T09:56:44+0200,58a750df-313e-448a-89dd-c0365ec5f82d,2026-07-20T05:00:00Z,2026-07-20T07:00:00+0200,735.333333,MW,DK1,DK_1,forecast_offshore_wind_generation,Wind Offshore,2026-08-11T08:00:34Z
2026-08-11T07:56:44Z,2026-08-11T09:56:44+0200,58a750df-313e-448a-89dd-c0365ec5f82d,2026-07-20T05:15:00Z,2026-07-20T07:15:00+0200,725.5,MW,DK1,DK_1,forecast_offshore_wind_generation,Wind Offshore,2026-08-11T08:00:34Z
2026-08-11T07:56:44Z,2026-08-11T09:56:44+0200,58a750df-313e-448a-89dd-c0365ec5f82d,2026-07-20T05:30:00Z,2026-07-20T07:30:00+0200,713.0,MW,DK1,DK_1,forecast_offshore_wind_generation,Wind Offshore,2026-08-11T08:00:34Z
2026-08-11T07:56:44Z,2026-08-11T09:56:44+0200,58a750df-313e-448a-89dd-c0365ec5f82d,2026-07-20T05:45:00Z,2026-07-20T07:45:00+0200,700.0,MW,DK1,DK_1,forecast_offshore_wind_generation,Wind Offshore,2026-08-11T08:00:34Z
2026-08-11T07:56:44Z,2026-08-11T09:56:44+0200,58a750df-313e-448a-89dd-c0365ec5f82d,2026-07-20T06:00:00Z,2026-07-20T08:00:00+0200,686.5,MW,DK1,DK_1,forecast_offshore_wind_generation,Wind Offshore,2026-08-11T08:00:34Z
2026-08-11T07:56:44Z,2026-08-11T09:56:44+0200,58a750df-313e-448a-89dd-c0365ec5f82d,2026-07-20T06:15:00Z,2026-07-20T08:15:00+0200,670.5,MW,DK1,DK_1,forecast_offshore_wind_generation,Wind Offshore,2026-08-11T08:00:34Z
2026-08-11T07:56:44Z,2026-08-11T09:56:44+0200,58a750df-313e-448a-89dd-c0365ec5f82d,2026-07-20T06:30:00Z,2026-07-20T08:30:00+0200,654.666666,MW,DK1,DK_1,forecast_offshore_wind_generation,Wind Offshore,2026-08-11T08:00:34Z
2026-08-11T07:56:44Z,2026-08-11T09:56:44+0200,58a750df-313e-448a-89dd-c0365ec5f82d,2026-07-20T06:45:00Z,2026-07-20T08:45:00+0200,642.333333,MW,DK1,DK_1,forecast_offshore_wind_generation,Wind Offshore,2026-08-11T08:00:34Z
2026-08-11T07:56:44Z,2026-08-11T09:56:44+0200,58a750df-313e-448a-89dd-c0365ec5f82d,2026-07-20T07:00:00Z,2026-07-20T09:00:00+0200,635.5,MW,DK1,DK_1,forecast_offshore_wind_generation,Wind Offshore,2026-08-11T08:00:34Z
2026-08-11T07:56:44Z,2026-08-11T09:56:44+0200,58a750df-313e-448a-89dd-c0365ec5f82d,2026-07-20T07:15:00Z,2026-07-20T09:15:00+0200,631.5,MW,DK1,DK_1,forecast_offshore_wind_generation,Wind Offshore,2026-08-11T08:00:34Z
2026-08-11T07:56:44Z,2026-08-11T09:56:44+0200,58a750df-313e-448a-89dd-c0365ec5f82d,2026-07-20T07:30:00Z,2026-07-20T09:30:00+0200,628.5,MW,DK1,DK_1,forecast_offshore_wind_generation,Wind Offshore,2026-08-11T08:00:34Z
2026-08-11T07:56:44Z,2026-08-11T09:56:44+0200,58a750df-313e-448a-89dd-c0365ec5f82d,2026-07-20T07:45:00Z,2026-07-20T09:45:00+0200,626.0,MW,DK1,DK_1,forecast_offshore_wind_generation,Wind Offshore,2026-08-11T08:00:34Z
2026-08-11T07:56:44Z,2026-08-11T09:56:44+0200,58a750df-313e-448a-89dd-c0365ec5f82d,2026-07-20T08:00:00Z,2026-07-20T10:00:00+0200,623.666666,MW,DK1,DK_1,forecast_offshore_wind_generation,Wind Offshore,2026-08-11T08:00:34Z
2026-08-11T07:56:44Z,2026-08-11T09:56:44+0200,58a750df-313e-448a-89dd-c0365ec5f82d,2026-07-20T08:15:00Z,2026-07-20T10:15:00+0200,621.666666,MW,DK1,DK_1,forecast_offshore_wind_generation,Wind Offshore,2026-08-11T08:00:34Z
2026-08-11T07:56:44Z,2026-08-11T09:56:44+0200,58a750df-313e-448a-89dd-c0365ec5f82d,2026-07-20T08:30:00Z,2026-07-20T10:30:00+0200,620.5,MW,DK1,DK_1,forecast_offshore_wind_generation,Wind Offshore,2026-08-11T08:00:34Z
2026-08-11T07:56:44Z,2026-08-11T09:56:44+0200,58a750df-313e-448a-89dd-c0365ec5f82d,2026-07-20T08:45:00Z,2026-07-20T10:45:00+0200,620.833333,MW,DK1,DK_1,forecast_offshore_wind_generation,Wind Offshore,2026-08-11T08:00:34Z
2026-08-11T07:56:44Z,2026-08-11T09:56:44+0200,58a750df-313e-448a-89dd-c0365ec5f82d,2026-07-20T09:00:00Z,2026-07-20T11:00:00+0200,622.5,MW,DK1,DK_1,forecast_offshore_wind_generation,Wind Offshore,2026-08-11T08:00:34Z
2026-08-11T07:56:44Z,2026-08-11T09:56:44+0200,58a750df-313e-448a-89dd-c0365ec5f82d,2026-07-20T09:15:00Z,2026-07-20T11:15:00+0200,626.833333,MW,DK1,DK_1,forecast_offshore_wind_generation,Wind Offshore,2026-08-11T08:00:34Z
2026-08-11T07:56:44Z,2026-08-11T09:56:44+0200,58a750df-313e-448a-89dd-c0365ec5f82d,2026-07-20T09:30:00Z,2026-07-20T11:30:00+0200,632.0,MW,DK1,DK_1,forecast_offshore_wind_generation,Wind Offshore,2026-08-11T08:00:34Z
2026-08-11T07:56:44Z,2026-08-11T09:56:44+0200,58a750df-313e-448a-89dd-c0365ec5f82d,2026-07-20T09:45:00Z,2026-07-20T11:45:00+0200,638.0,MW,DK1,DK_1,forecast_offshore_wind_generation,Wind Offshore,2026-08-11T08:00:34Z
2026-08-11T07:56:44Z,2026-08-11T09:56:44+0200,58a750df-313e-448a-89dd-c0365ec5f82d,2026-07-20T10:00:00Z,2026-07-20T12:00:00+0200,644.0,MW,DK1,DK_1,forecast_offshore_wind_generation,Wind Offshore,2026-08-11T08:00:34Z
2026-08-11T07:56:44Z,2026-08-11T09:56:44+0200,58a750df-313e-448a-89dd-c0365ec5f82d,2026-07-20T10:15:00Z,2026-07-20T12:15:00+0200,650.0,MW,DK1,DK_1,forecast_offshore_wind_generation,Wind Offshore,2026-08-11T08:00:34Z
2026-08-11T07:56:44Z,2026-08-11T09:56:44+0200,58a750df-313e-448a-89dd-c0365ec5f82d,2026-07-20T10:30:00Z,2026-07-20T12:30:00+0200,656.166666,MW,DK1,DK_1,forecast_offshore_wind_generation,Wind Offshore,2026-08-11T08:00:34Z
2026-08-11T07:56:44Z,2026-08-11T09:56:44+0200,58a750df-313e-448a-89dd-c0365ec5f82d,2026-07-20T10:45:00Z,2026-07-20T12:45:00+0200,663.0,MW,DK1,DK_1,forecast_offshore_wind_generation,Wind Offshore,2026-08-11T08:00:34Z
2026-08-11T07:56:44Z,2026-08-11T09:56:44+0200,58a750df-313e-448a-89dd-c0365ec5f82d,2026-07-20T11:00:00Z,2026-07-20T13:00:00+0200,669.5,MW,DK1,DK_1,forecast_offshore_wind_generation,Wind Offshore,2026-08-11T08:00:34Z
2026-08-11T07:56:44Z,2026-08-11T09:56:44+0200,58a750df-313e-448a-89dd-c0365ec5f82d,2026-07-20T11:15:00Z,2026-07-20T13:15:00+0200,676.0,MW,DK1,DK_1,forecast_offshore_wind_generation,Wind Offshore,2026-08-11T08:00:34Z
2026-08-11T07:56:44Z,2026-08-11T09:56:44+0200,58a750df-313e-448a-89dd-c0365ec5f82d,2026-07-20T11:30:00Z,2026-07-20T13:30:00+0200,681.166666,MW,DK1,DK_1,forecast_offshore_wind_generation,Wind Offshore,2026-08-11T08:00:34Z
2026-08-11T07:56:44Z,2026-08-11T09:56:44+0200,58a750df-313e-448a-89dd-c0365ec5f82d,2026-07-20T11:45:00Z,2026-07-20T13:45:00+0200,687.0,MW,DK1,DK_1,forecast_offshore_wind_generation,Wind Offshore,2026-08-11T08:00:34Z
2026-08-11T07:56:44Z,2026-08-11T09:56:44+0200,58a750df-313e-448a-89dd-c0365ec5f82d,2026-07-20T12:00:00Z,2026-07-20T14:00:00+0200,693.0,MW,DK1,DK_1,forecast_offshore_wind_generation,Wind Offshore,2026-08-11T08:00:34Z
2026-08-11T07:56:44Z,2026-08-11T09:56:44+0200,58a750df-313e-448a-89dd-c0365ec5f82d,2026-07-20T12:15:00Z,2026-07-20T14:15:00+0200,698.833333,MW,DK1,DK_1,forecast_offshore_wind_generation,Wind Offshore,2026-08-11T08:00:34Z
2026-08-11T07:56:44Z,2026-08-11T09:56:44+0200,58a750df-313e-448a-89dd-c0365ec5f82d,2026-07-20T12:30:00Z,2026-07-20T14:30:00+0200,703.833333,MW,DK1,DK_1,forecast_offshore_wind_generation,Wind Offshore,2026-08-11T08:00:34Z
2026-08-11T07:56:44Z,2026-08-11T09:56:44+0200,58a750df-313e-448a-89dd-c0365ec5f82d,2026-07-20T12:45:00Z,2026-07-20T14:45:00+0200,708.0,MW,DK1,DK_1,forecast_offshore_wind_generation,Wind Offshore,2026-08-11T08:00:34Z
2026-08-11T07:56:44Z,2026-08-11T09:56:44+0200,58a750df-313e-448a-89dd-c0365ec5f82d,2026-07-20T13:00:00Z,2026-07-20T15:00:00+0200,710.666666,MW,DK1,DK_1,forecast_offshore_wind_generation,Wind Offshore,2026-08-11T08:00:34Z
2026-08-11T07:56:44Z,2026-08-11T09:56:44+0200,58a750df-313e-448a-89dd-c0365ec5f82d,2026-07-20T13:15:00Z,2026-07-20T15:15:00+0200,712.5,MW,DK1,DK_1,forecast_offshore_wind_generation,Wind Offshore,2026-08-11T08:00:34Z
2026-08-11T07:56:44Z,2026-08-11T09:56:44+0200,58a750df-313e-448a-89dd-c0365ec5f82d,2026-07-20T13:30:00Z,2026-07-20T15:30:00+0200,713.666666,MW,DK1,DK_1,forecast_offshore_wind_generation,Wind Offshore,2026-08-11T08:00:34Z
2026-08-11T07:56:44Z,2026-08-11T09:56:44+0200,58a750df-313e-448a-89dd-c0365ec5f82d,2026-07-20T13:45:00Z,2026-07-20T15:45:00+0200,715.666666,MW,DK1,DK_1,forecast_offshore_wind_generation,Wind Offshore,2026-08-11T08:00:34Z
2026-08-11T07:56:44Z,2026-08-11T09:56:44+0200,58a750df-313e-448a-89dd-c0365ec5f82d,2026-07-20T14:00:00Z,2026-07-20T16:00:00+0200,719.166666,MW,DK1,DK_1,forecast_offshore_wind_generation,Wind Offshore,2026-08-11T08:00:34Z
2026-08-11T07:56:44Z,2026-08-11T09:56:44+0200,58a750df-313e-448a-89dd-c0365ec5f82d,2026-07-20T14:15:00Z,2026-07-20T16:15:00+0200,724.166666,MW,DK1,DK_1,forecast_offshore_wind_generation,Wind Offshore,2026-08-11T08:00:34Z
2026-08-11T07:56:44Z,2026-08-11T09:56:44+0200,58a750df-313e-448a-89dd-c0365ec5f82d,2026-07-20T14:30:00Z,2026-07-20T16:30:00+0200,729.833333,MW,DK1,DK_1,forecast_offshore_wind_generation,Wind Offshore,2026-08-11T08:00:34Z
2026-08-11T07:56:44Z,2026-08-11T09:56:44+0200,58a750df-313e-448a-89dd-c0365ec5f82d,2026-07-20T14:45:00Z,2026-07-20T16:45:00+0200,734.333333,MW,DK1,DK_1,forecast_offshore_wind_generation,Wind Offshore,2026-08-11T08:00:34Z
2026-08-11T07:56:44Z,2026-08-11T09:56:44+0200,58a750df-313e-448a-89dd-c0365ec5f82d,2026-07-20T15:00:00Z,2026-07-20T17:00:00+0200,736.666666,MW,DK1,DK_1,forecast_offshore_wind_generation,Wind Offshore,2026-08-11T08:00:34Z
2026-08-11T07:56:44Z,2026-08-11T09:56:44+0200,58a750df-313e-448a-89dd-c0365ec5f82d,2026-07-20T15:15:00Z,2026-07-20T17:15:00+0200,739.5,MW,DK1,DK_1,forecast_offshore_wind_generation,Wind Offshore,2026-08-11T08:00:34Z
2026-08-11T07:56:44Z,2026-08-11T09:56:44+0200,58a750df-313e-448a-89dd-c0365ec5f82d,2026-07-20T15:30:00Z,2026-07-20T17:30:00+0200,742.0,MW,DK1,DK_1,forecast_offshore_wind_generation,Wind Offshore,2026-08-11T08:00:34Z
2026-08-11T07:56:44Z,2026-08-11T09:56:44+0200,58a750df-313e-448a-89dd-c0365ec5f82d,2026-07-20T15:45:00Z,2026-07-20T17:45:00+0200,743.0,MW,DK1,DK_1,forecast_offshore_wind_generation,Wind Offshore,2026-08-11T08:00:34Z
2026-08-11T07:56:44Z,2026-08-11T09:56:44+0200,58a750df-313e-448a-89dd-c0365ec5f82d,2026-07-20T16:00:00Z,2026-07-20T18:00:00+0200,742.5,MW,DK1,DK_1,forecast_offshore_wind_generation,Wind Offshore,2026-08-11T08:00:34Z
2026-08-11T07:56:44Z,2026-08-11T09:56:44+0200,58a750df-313e-448a-89dd-c0365ec5f82d,2026-07-20T16:15:00Z,2026-07-20T18:15:00+0200,741.0,MW,DK1,DK_1,forecast_offshore_wind_generation,Wind Offshore,2026-08-11T08:00:34Z
2026-08-11T07:56:44Z,2026-08-11T09:56:44+0200,58a750df-313e-448a-89dd-c0365ec5f82d,2026-07-20T16:30:00Z,2026-07-20T18:30:00+0200,739.5,MW,DK1,DK_1,forecast_offshore_wind_generation,Wind Offshore,2026-08-11T08:00:34Z
2026-08-11T07:56:44Z,2026-08-11T09:56:44+0200,58a750df-313e-448a-89dd-c0365ec5f82d,2026-07-20T16:45:00Z,2026-07-20T18:45:00+0200,737.666666,MW,DK1,DK_1,forecast_offshore_wind_generation,Wind Offshore,2026-08-11T08:00:34Z
2026-08-11T07:56:44Z,2026-08-11T09:56:44+0200,58a750df-313e-448a-89dd-c0365ec5f82d,2026-07-20T17:00:00Z,2026-07-20T19:00:00+0200,737.0,MW,DK1,DK_1,forecast_offshore_wind_generation,Wind Offshore,2026-08-11T08:00:34Z
2026-08-11T07:56:44Z,2026-08-11T09:56:44+0200,58a750df-313e-448a-89dd-c0365ec5f82d,2026-07-20T17:15:00Z,2026-07-20T19:15:00+0200,737.0,MW,DK1,DK_1,forecast_offshore_wind_generation,Wind Offshore,2026-08-11T08:00:34Z
2026-08-11T07:56:44Z,2026-08-11T09:56:44+0200,58a750df-313e-448a-89dd-c0365ec5f82d,2026-07-20T17:30:00Z,2026-07-20T19:30:00+0200,737.833333,MW,DK1,DK_1,forecast_offshore_wind_generation,Wind Offshore,2026-08-11T08:00:34Z
2026-08-11T07:56:44Z,2026-08-11T09:56:44+0200,58a750df-313e-448a-89dd-c0365ec5f82d,2026-07-20T17:45:00Z,2026-07-20T19:45:00+0200,737.833333,MW,DK1,DK_1,forecast_offshore_wind_generation,Wind Offshore,2026-08-11T08:00:34Z
2026-08-11T07:56:44Z,2026-08-11T09:56:44+0200,58a750df-313e-448a-89dd-c0365ec5f82d,2026-07-20T18:00:00Z,2026-07-20T20:00:00+0200,735.5,MW,DK1,DK_1,forecast_offshore_wind_generation,Wind Offshore,2026-08-11T08:00:34Z
2026-08-11T07:56:44Z,2026-08-11T09:56:44+0200,58a750df-313e-448a-89dd-c0365ec5f82d,2026-07-20T18:15:00Z,2026-07-20T20:15:00+0200,730.833333,MW,DK1,DK_1,forecast_offshore_wind_generation,Wind Offshore,2026-08-11T08:00:34Z
2026-08-11T07:56:44Z,2026-08-11T09:56:44+0200,58a750df-313e-448a-89dd-c0365ec5f82d,2026-07-20T18:30:00Z,2026-07-20T20:30:00+0200,723.833333,MW,DK1,DK_1,forecast_offshore_wind_generation,Wind Offshore,2026-08-11T08:00:34Z
2026-08-11T07:56:44Z,2026-08-11T09:56:44+0200,58a750df-313e-448a-89dd-c0365ec5f82d,2026-07-20T18:45:00Z,2026-07-20T20:45:00+0200,716.5,MW,DK1,DK_1,forecast_offshore_wind_generation,Wind Offshore,2026-08-11T08:00:34Z
2026-08-11T07:56:44Z,2026-08-11T09:56:44+0200,58a750df-313e-448a-89dd-c0365ec5f82d,2026-07-20T19:00:00Z,2026-07-20T21:00:00+0200,710.0,MW,DK1,DK_1,forecast_offshore_wind_generation,Wind Offshore,2026-08-11T08:00:34Z
2026-08-11T07:56:44Z,2026-08-11T09:56:44+0200,58a750df-313e-448a-89dd-c0365ec5f82d,2026-07-20T19:15:00Z,2026-07-20T21:15:00+0200,703.0,MW,DK1,DK_1,forecast_offshore_wind_generation,Wind Offshore,2026-08-11T08:00:34Z
2026-08-11T07:56:44Z,2026-08-11T09:56:44+0200,58a750df-313e-448a-89dd-c0365ec5f82d,2026-07-20T19:30:00Z,2026-07-20T21:30:00+0200,695.0,MW,DK1,DK_1,forecast_offshore_wind_generation,Wind Offshore,2026-08-11T08:00:34Z
2026-08-11T07:56:44Z,2026-08-11T09:56:44+0200,58a750df-313e-448a-89dd-c0365ec5f82d,2026-07-20T19:45:00Z,2026-07-20T21:45:00+0200,687.333333,MW,DK1,DK_1,forecast_offshore_wind_generation,Wind Offshore,2026-08-11T08:00:34Z
2026-08-11T07:56:44Z,2026-08-11T09:56:44+0200,58a750df-313e-448a-89dd-c0365ec5f82d,2026-07-20T20:00:00Z,2026-07-20T22:00:00+0200,678.333333,MW,DK1,DK_1,forecast_offshore_wind_generation,Wind Offshore,2026-08-11T08:00:34Z
2026-08-11T07:56:44Z,2026-08-11T09:56:44+0200,58a750df-313e-448a-89dd-c0365ec5f82d,2026-07-20T20:15:00Z,2026-07-20T22:15:00+0200,666.166666,MW,DK1,DK_1,forecast_offshore_wind_generation,Wind Offshore,2026-08-11T08:00:34Z
2026-08-11T07:56:44Z,2026-08-11T09:56:44+0200,58a750df-313e-448a-89dd-c0365ec5f82d,2026-07-20T20:30:00Z,2026-07-20T22:30:00+0200,653.166666,MW,DK1,DK_1,forecast_offshore_wind_generation,Wind Offshore,2026-08-11T08:00:34Z
2026-08-11T07:56:44Z,2026-08-11T09:56:44+0200,58a750df-313e-448a-89dd-c0365ec5f82d,2026-07-20T20:45:00Z,2026-07-20T22:45:00+0200,641.0,MW,DK1,DK_1,forecast_offshore_wind_generation,Wind Offshore,2026-08-11T08:00:34Z
2026-08-11T07:56:44Z,2026-08-11T09:56:44+0200,58a750df-313e-448a-89dd-c0365ec5f82d,2026-07-20T21:00:00Z,2026-07-20T23:00:00+0200,630.333333,MW,DK1,DK_1,forecast_offshore_wind_generation,Wind Offshore,2026-08-11T08:00:34Z
2026-08-11T07:56:44Z,2026-08-11T09:56:44+0200,58a750df-313e-448a-89dd-c0365ec5f82d,2026-07-20T21:15:00Z,2026-07-20T23:15:00+0200,619.166666,MW,DK1,DK_1,forecast_offshore_wind_generation,Wind Offshore,2026-08-11T08:00:34Z
2026-08-11T07:56:44Z,2026-08-11T09:56:44+0200,58a750df-313e-448a-89dd-c0365ec5f82d,2026-07-20T21:30:00Z,2026-07-20T23:30:00+0200,608.0,MW,DK1,DK_1,forecast_offshore_wind_generation,Wind Offshore,2026-08-11T08:00:34Z
2026-08-11T07:56:44Z,2026-08-11T09:56:44+0200,58a750df-313e-448a-89dd-c0365ec5f82d,2026-07-20T21:45:00Z,2026-07-20T23:45:00+0200,596.0,MW,DK1,DK_1,forecast_offshore_wind_generation,Wind Offshore,2026-08-11T08:00:34Z
2026-08-11T07:56:44Z,2026-08-11T09:56:44+0200,58a750df-313e-448a-89dd-c0365ec5f82d,2026-07-20T22:00:00Z,2026-07-21T00:00:00+0200,630.5,MW,DK1,DK_1,forecast_offshore_wind_generation,Wind Offshore,2026-08-11T08:00:34Z
2026-08-11T07:56:44Z,2026-08-11T09:56:44+0200,58a750df-313e-448a-89dd-c0365ec5f82d,2026-07-20T22:15:00Z,2026-07-21T00:15:00+0200,622.333333,MW,DK1,DK_1,forecast_offshore_wind_generation,Wind Offshore,2026-08-11T08:00:34Z
2026-08-11T07:56:44Z,2026-08-11T09:56:44+0200,58a750df-313e-448a-89dd-c0365ec5f82d,2026-07-20T22:30:00Z,2026-07-21T00:30:00+0200,613.666666,MW,DK1,DK_1,forecast_offshore_wind_generation,Wind Offshore,2026-08-11T08:00:34Z
2026-08-11T07:56:44Z,2026-08-11T09:56:44+0200,58a750df-313e-448a-89dd-c0365ec5f82d,2026-07-20T22:45:00Z,2026-07-21T00:45:00+0200,605.333333,MW,DK1,DK_1,forecast_offshore_wind_generation,Wind Offshore,2026-08-11T08:00:34Z
2026-08-11T07:56:44Z,2026-08-11T09:56:44+0200,58a750df-313e-448a-89dd-c0365ec5f82d,2026-07-20T23:00:00Z,2026-07-21T01:00:00+0200,594.833333,MW,DK1,DK_1,forecast_offshore_wind_generation,Wind Offshore,2026-08-11T08:00:34Z
2026-08-11T07:56:44Z,2026-08-11T09:56:44+0200,58a750df-313e-448a-89dd-c0365ec5f82d,2026-07-20T23:15:00Z,2026-07-21T01:15:00+0200,582.333333,MW,DK1,DK_1,forecast_offshore_wind_generation,Wind Offshore,2026-08-11T08:00:34Z
2026-08-11T07:56:44Z,2026-08-11T09:56:44+0200,58a750df-313e-448a-89dd-c0365ec5f82d,2026-07-20T23:30:00Z,2026-07-21T01:30:00+0200,567.5,MW,DK1,DK_1,forecast_offshore_wind_generation,Wind Offshore,2026-08-11T08:00:34Z
2026-08-11T07:56:44Z,2026-08-11T09:56:44+0200,58a750df-313e-448a-89dd-c0365ec5f82d,2026-07-20T23:45:00Z,2026-07-21T01:45:00+0200,554.0,MW,DK1,DK_1,forecast_offshore_wind_generation,Wind Offshore,2026-08-11T08:00:34Z
2026-08-11T07:56:44Z,2026-08-11T09:56:44+0200,58a750df-313e-448a-89dd-c0365ec5f82d,2026-07-21T00:00:00Z,2026-07-21T02:00:00+0200,542.5,MW,DK1,DK_1,forecast_offshore_wind_generation,Wind Offshore,2026-08-11T08:00:34Z
2026-08-11T07:56:44Z,2026-08-11T09:56:44+0200,58a750df-313e-448a-89dd-c0365ec5f82d,2026-07-21T00:15:00Z,2026-07-21T02:15:00+0200,530.5,MW,DK1,DK_1,forecast_offshore_wind_generation,Wind Offshore,2026-08-11T08:00:34Z
2026-08-11T07:56:44Z,2026-08-11T09:56:44+0200,58a750df-313e-448a-89dd-c0365ec5f82d,2026-07-21T00:30:00Z,2026-07-21T02:30:00+0200,518.166666,MW,DK1,DK_1,forecast_offshore_wind_generation,Wind Offshore,2026-08-11T08:00:34Z
2026-08-11T07:56:44Z,2026-08-11T09:56:44+0200,58a750df-313e-448a-89dd-c0365ec5f82d,2026-07-21T00:45:00Z,2026-07-21T02:45:00+0200,507.666666,MW,DK1,DK_1,forecast_offshore_wind_generation,Wind Offshore,2026-08-11T08:00:34Z
2026-08-11T07:56:44Z,2026-08-11T09:56:44+0200,58a750df-313e-448a-89dd-c0365ec5f82d,2026-07-21T01:00:00Z,2026-07-21T03:00:00+0200,499.0,MW,DK1,DK_1,forecast_offshore_wind_generation,Wind Offshore,2026-08-11T08:00:34Z
2026-08-11T07:56:44Z,2026-08-11T09:56:44+0200,58a750df-313e-448a-89dd-c0365ec5f82d,2026-07-21T01:15:00Z,2026-07-21T03:15:00+0200,491.0,MW,DK1,DK_1,forecast_offshore_wind_generation,Wind Offshore,2026-08-11T08:00:34Z
2026-08-11T07:56:44Z,2026-08-11T09:56:44+0200,58a750df-313e-448a-89dd-c0365ec5f82d,2026-07-21T01:30:00Z,2026-07-21T03:30:00+0200,483.5,MW,DK1,DK_1,forecast_offshore_wind_generation,Wind Offshore,2026-08-11T08:00:34Z
2026-08-11T07:56:44Z,2026-08-11T09:56:44+0200,58a750df-313e-448a-89dd-c0365ec5f82d,2026-07-21T01:45:00Z,2026-07-21T03:45:00+0200,477.0,MW,DK1,DK_1,forecast_offshore_wind_generation,Wind Offshore,2026-08-11T08:00:34Z
2026-08-11T07:56:44Z,2026-08-11T09:56:44+0200,58a750df-313e-448a-89dd-c0365ec5f82d,2026-07-21T02:00:00Z,2026-07-21T04:00:00+0200,472.0,MW,DK1,DK_1,forecast_offshore_wind_generation,Wind Offshore,2026-08-11T08:00:34Z
2026-08-11T07:56:44Z,2026-08-11T09:56:44+0200,58a750df-313e-448a-89dd-c0365ec5f82d,2026-07-21T02:15:00Z,2026-07-21T04:15:00+0200,467.166666,MW,DK1,DK_1,forecast_offshore_wind_generation,Wind Offshore,2026-08-11T08:00:34Z
2026-08-11T07:56:44Z,2026-08-11T09:56:44+0200,58a750df-313e-448a-89dd-c0365ec5f82d,2026-07-21T02:30:00Z,2026-07-21T04:30:00+0200,463.0,MW,DK1,DK_1,forecast_offshore_wind_generation,Wind Offshore,2026-08-11T08:00:34Z
2026-08-11T07:56:44Z,2026-08-11T09:56:44+0200,58a750df-313e-448a-89dd-c0365ec5f82d,2026-07-21T02:45:00Z,2026-07-21T04:45:00+0200,459.0,MW,DK1,DK_1,forecast_offshore_wind_generation,Wind Offshore,2026-08-11T08:00:34Z
2026-08-11T07:56:44Z,2026-08-11T09:56:44+0200,58a750df-313e-448a-89dd-c0365ec5f82d,2026-07-21T03:00:00Z,2026-07-21T05:00:00+0200,455.333333,MW,DK1,DK_1,forecast_offshore_wind_generation,Wind Offshore,2026-08-11T08:00:34Z
2026-08-11T07:56:44Z,2026-08-11T09:56:44+0200,58a750df-313e-448a-89dd-c0365ec5f82d,2026-07-21T03:15:00Z,2026-07-21T05:15:00+0200,451.333333,MW,DK1,DK_1,forecast_offshore_wind_generation,Wind Offshore,2026-08-11T08:00:34Z
2026-08-11T07:56:44Z,2026-08-11T09:56:44+0200,58a750df-313e-448a-89dd-c0365ec5f82d,2026-07-21T03:30:00Z,2026-07-21T05:30:00+0200,447.333333,MW,DK1,DK_1,forecast_offshore_wind_generation,Wind Offshore,2026-08-11T08:00:34Z
2026-08-11T07:56:44Z,2026-08-11T09:56:44+0200,58a750df-313e-448a-89dd-c0365ec5f82d,2026-07-21T03:45:00Z,2026-07-21T05:45:00+0200,443.333333,MW,DK1,DK_1,forecast_offshore_wind_generation,Wind Offshore,2026-08-11T08:00:34Z
2026-08-11T07:56:44Z,2026-08-11T09:56:44+0200,58a750df-313e-448a-89dd-c0365ec5f82d,2026-07-21T04:00:00Z,2026-07-21T06:00:00+0200,439.5,MW,DK1,DK_1,forecast_offshore_wind_generation,Wind Offshore,2026-08-11T08:00:34Z
2026-08-11T07:56:44Z,2026-08-11T09:56:44+0200,58a750df-313e-448a-89dd-c0365ec5f82d,2026-07-21T04:15:00Z,2026-07-21T06:15:00+0200,436.5,MW,DK1,DK_1,forecast_offshore_wind_generation,Wind Offshore,2026-08-11T08:00:34Z
2026-08-11T07:56:44Z,2026-08-11T09:56:44+0200,58a750df-313e-448a-89dd-c0365ec5f82d,2026-07-21T04:30:00Z,2026-07-21T06:30:00+0200,433.5,MW,DK1,DK_1,forecast_offshore_wind_generation,Wind Offshore,2026-08-11T08:00:34Z
2026-08-11T07:56:44Z,2026-08-11T09:56:44+0200,58a750df-313e-448a-89dd-c0365ec5f82d,2026-07-21T04:45:00Z,2026-07-21T06:45:00+0200,431.0,MW,DK1,DK_1,forecast_offshore_wind_generation,Wind Offshore,2026-08-11T08:00:34Z
2026-08-11T07:56:44Z,2026-08-11T09:56:44+0200,58a750df-313e-448a-89dd-c0365ec5f82d,2026-07-21T05:00:00Z,2026-07-21T07:00:00+0200,427.0,MW,DK1,DK_1,forecast_offshore_wind_generation,Wind Offshore,2026-08-11T08:00:34Z
2026-08-11T07:56:44Z,2026-08-11T09:56:44+0200,58a750df-313e-448a-89dd-c0365ec5f82d,2026-07-21T05:15:00Z,2026-07-21T07:15:00+0200,420.833333,MW,DK1,DK_1,forecast_offshore_wind_generation,Wind Offshore,2026-08-11T08:00:34Z
2026-08-11T07:56:44Z,2026-08-11T09:56:44+0200,58a750df-313e-448a-89dd-c0365ec5f82d,2026-07-21T05:30:00Z,2026-07-21T07:30:00+0200,413.5,MW,DK1,DK_1,forecast_offshore_wind_generation,Wind Offshore,2026-08-11T08:00:34Z
2026-08-11T07:56:44Z,2026-08-11T09:56:44+0200,58a750df-313e-448a-89dd-c0365ec5f82d,2026-07-21T05:45:00Z,2026-07-21T07:45:00+0200,407.0,MW,DK1,DK_1,forecast_offshore_wind_generation,Wind Offshore,2026-08-11T08:00:34Z
2026-08-11T07:56:44Z,2026-08-11T09:56:44+0200,58a750df-313e-448a-89dd-c0365ec5f82d,2026-07-21T06:00:00Z,2026-07-21T08:00:00+0200,401.0,MW,DK1,DK_1,forecast_offshore_wind_generation,Wind Offshore,2026-08-11T08:00:34Z
2026-08-11T07:56:44Z,2026-08-11T09:56:44+0200,58a750df-313e-448a-89dd-c0365ec5f82d,2026-07-21T06:15:00Z,2026-07-21T08:15:00+0200,395.166666,MW,DK1,DK_1,forecast_offshore_wind_generation,Wind Offshore,2026-08-11T08:00:34Z
2026-08-11T07:56:44Z,2026-08-11T09:56:44+0200,58a750df-313e-448a-89dd-c0365ec5f82d,2026-07-21T06:30:00Z,2026-07-21T08:30:00+0200,390.166666,MW,DK1,DK_1,forecast_offshore_wind_generation,Wind Offshore,2026-08-11T08:00:34Z
2026-08-11T07:56:44Z,2026-08-11T09:56:44+0200,58a750df-313e-448a-89dd-c0365ec5f82d,2026-07-21T06:45:00Z,2026-07-21T08:45:00+0200,386.666666,MW,DK1,DK_1,forecast_offshore_wind_generation,Wind Offshore,2026-08-11T08:00:34Z
2026-08-11T07:56:44Z,2026-08-11T09:56:44+0200,58a750df-313e-448a-89dd-c0365ec5f82d,2026-07-21T07:00:00Z,2026-07-21T09:00:00+0200,386.666666,MW,DK1,DK_1,forecast_offshore_wind_generation,Wind Offshore,2026-08-11T08:00:34Z
2026-08-11T07:56:44Z,2026-08-11T09:56:44+0200,58a750df-313e-448a-89dd-c0365ec5f82d,2026-07-21T07:15:00Z,2026-07-21T09:15:00+0200,390.5,MW,DK1,DK_1,forecast_offshore_wind_generation,Wind Offshore,2026-08-11T08:00:34Z
2026-08-11T07:56:44Z,2026-08-11T09:56:44+0200,58a750df-313e-448a-89dd-c0365ec5f82d,2026-07-21T07:30:00Z,2026-07-21T09:30:00+0200,396.5,MW,DK1,DK_1,forecast_offshore_wind_generation,Wind Offshore,2026-08-11T08:00:34Z
2026-08-11T07:56:44Z,2026-08-11T09:56:44+0200,58a750df-313e-448a-89dd-c0365ec5f82d,2026-07-21T07:45:00Z,2026-07-21T09:45:00+0200,402.0,MW,DK1,DK_1,forecast_offshore_wind_generation,Wind Offshore,2026-08-11T08:00:34Z
2026-08-11T07:56:44Z,2026-08-11T09:56:44+0200,58a750df-313e-448a-89dd-c0365ec5f82d,2026-07-21T08:00:00Z,2026-07-21T10:00:00+0200,406.5,MW,DK1,DK_1,forecast_offshore_wind_generation,Wind Offshore,2026-08-11T08:00:34Z
2026-08-11T07:56:44Z,2026-08-11T09:56:44+0200,58a750df-313e-448a-89dd-c0365ec5f82d,2026-07-21T08:15:00Z,2026-07-21T10:15:00+0200,412.166666,MW,DK1,DK_1,forecast_offshore_wind_generation,Wind Offshore,2026-08-11T08:00:34Z
2026-08-11T07:56:44Z,2026-08-11T09:56:44+0200,58a750df-313e-448a-89dd-c0365ec5f82d,2026-07-21T08:30:00Z,2026-07-21T10:30:00+0200,418.166666,MW,DK1,DK_1,forecast_offshore_wind_generation,Wind Offshore,2026-08-11T08:00:34Z
2026-08-11T07:56:44Z,2026-08-11T09:56:44+0200,58a750df-313e-448a-89dd-c0365ec5f82d,2026-07-21T08:45:00Z,2026-07-21T10:45:00+0200,421.833333,MW,DK1,DK_1,forecast_offshore_wind_generation,Wind Offshore,2026-08-11T08:00:34Z
2026-08-11T07:56:44Z,2026-08-11T09:56:44+0200,58a750df-313e-448a-89dd-c0365ec5f82d,2026-07-21T09:00:00Z,2026-07-21T11:00:00+0200,419.833333,MW,DK1,DK_1,forecast_offshore_wind_generation,Wind Offshore,2026-08-11T08:00:34Z
2026-08-11T07:56:44Z,2026-08-11T09:56:44+0200,58a750df-313e-448a-89dd-c0365ec5f82d,2026-07-21T09:15:00Z,2026-07-21T11:15:00+0200,413.333333,MW,DK1,DK_1,forecast_offshore_wind_generation,Wind Offshore,2026-08-11T08:00:34Z
2026-08-11T07:56:44Z,2026-08-11T09:56:44+0200,58a750df-313e-448a-89dd-c0365ec5f82d,2026-07-21T09:30:00Z,2026-07-21T11:30:00+0200,404.333333,MW,DK1,DK_1,forecast_offshore_wind_generation,Wind Offshore,2026-08-11T08:00:34Z
2026-08-11T07:56:44Z,2026-08-11T09:56:44+0200,58a750df-313e-448a-89dd-c0365ec5f82d,2026-07-21T09:45:00Z,2026-07-21T11:45:00+0200,394.5,MW,DK1,DK_1,forecast_offshore_wind_generation,Wind Offshore,2026-08-11T08:00:34Z
2026-08-11T07:56:44Z,2026-08-11T09:56:44+0200,58a750df-313e-448a-89dd-c0365ec5f82d,2026-07-21T10:00:00Z,2026-07-21T12:00:00+0200,386.0,MW,DK1,DK_1,forecast_offshore_wind_generation,Wind Offshore,2026-08-11T08:00:34Z
2026-08-11T07:56:44Z,2026-08-11T09:56:44+0200,58a750df-313e-448a-89dd-c0365ec5f82d,2026-07-21T10:15:00Z,2026-07-21T12:15:00+0200,377.666666,MW,DK1,DK_1,forecast_offshore_wind_generation,Wind Offshore,2026-08-11T08:00:34Z
2026-08-11T07:56:44Z,2026-08-11T09:56:44+0200,58a750df-313e-448a-89dd-c0365ec5f82d,2026-07-21T10:30:00Z,2026-07-21T12:30:00+0200,369.666666,MW,DK1,DK_1,forecast_offshore_wind_generation,Wind Offshore,2026-08-11T08:00:34Z
2026-08-11T07:56:44Z,2026-08-11T09:56:44+0200,58a750df-313e-448a-89dd-c0365ec5f82d,2026-07-21T10:45:00Z,2026-07-21T12:45:00+0200,363.0,MW,DK1,DK_1,forecast_offshore_wind_generation,Wind Offshore,2026-08-11T08:00:34Z
2026-08-11T07:56:44Z,2026-08-11T09:56:44+0200,58a750df-313e-448a-89dd-c0365ec5f82d,2026-07-21T11:00:00Z,2026-07-21T13:00:00+0200,358.0,MW,DK1,DK_1,forecast_offshore_wind_generation,Wind Offshore,2026-08-11T08:00:34Z
2026-08-11T07:56:44Z,2026-08-11T09:56:44+0200,58a750df-313e-448a-89dd-c0365ec5f82d,2026-07-21T11:15:00Z,2026-07-21T13:15:00+0200,354.666666,MW,DK1,DK_1,forecast_offshore_wind_generation,Wind Offshore,2026-08-11T08:00:34Z
2026-08-11T07:56:44Z,2026-08-11T09:56:44+0200,58a750df-313e-448a-89dd-c0365ec5f82d,2026-07-21T11:30:00Z,2026-07-21T13:30:00+0200,353.5,MW,DK1,DK_1,forecast_offshore_wind_generation,Wind Offshore,2026-08-11T08:00:34Z
2026-08-11T07:56:44Z,2026-08-11T09:56:44+0200,58a750df-313e-448a-89dd-c0365ec5f82d,2026-07-21T11:45:00Z,2026-07-21T13:45:00+0200,352.5,MW,DK1,DK_1,forecast_offshore_wind_generation,Wind Offshore,2026-08-11T08:00:34Z
2026-08-11T07:56:44Z,2026-08-11T09:56:44+0200,58a750df-313e-448a-89dd-c0365ec5f82d,2026-07-21T12:00:00Z,2026-07-21T14:00:00+0200,353.0,MW,DK1,DK_1,forecast_offshore_wind_generation,Wind Offshore,2026-08-11T08:00:34Z
2026-08-11T07:56:44Z,2026-08-11T09:56:44+0200,58a750df-313e-448a-89dd-c0365ec5f82d,2026-07-21T12:15:00Z,2026-07-21T14:15:00+0200,355.5,MW,DK1,DK_1,forecast_offshore_wind_generation,Wind Offshore,2026-08-11T08:00:34Z
2026-08-11T07:56:44Z,2026-08-11T09:56:44+0200,58a750df-313e-448a-89dd-c0365ec5f82d,2026-07-21T12:30:00Z,2026-07-21T14:30:00+0200,359.0,MW,DK1,DK_1,forecast_offshore_wind_generation,Wind Offshore,2026-08-11T08:00:34Z
2026-08-11T07:56:44Z,2026-08-11T09:56:44+0200,58a750df-313e-448a-89dd-c0365ec5f82d,2026-07-21T12:45:00Z,2026-07-21T14:45:00+0200,363.0,MW,DK1,DK_1,forecast_offshore_wind_generation,Wind Offshore,2026-08-11T08:00:34Z
2026-08-11T07:56:44Z,2026-08-11T09:56:44+0200,58a750df-313e-448a-89dd-c0365ec5f82d,2026-07-21T13:00:00Z,2026-07-21T15:00:00+0200,366.666666,MW,DK1,DK_1,forecast_offshore_wind_generation,Wind Offshore,2026-08-11T08:00:34Z
2026-08-11T07:56:44Z,2026-08-11T09:56:44+0200,58a750df-313e-448a-89dd-c0365ec5f82d,2026-07-21T13:15:00Z,2026-07-21T15:15:00+0200,370.666666,MW,DK1,DK_1,forecast_offshore_wind_generation,Wind Offshore,2026-08-11T08:00:34Z
2026-08-11T07:56:44Z,2026-08-11T09:56:44+0200,58a750df-313e-448a-89dd-c0365ec5f82d,2026-07-21T13:30:00Z,2026-07-21T15:30:00+0200,376.166666,MW,DK1,DK_1,forecast_offshore_wind_generation,Wind Offshore,2026-08-11T08:00:34Z
2026-08-11T07:56:44Z,2026-08-11T09:56:44+0200,58a750df-313e-448a-89dd-c0365ec5f82d,2026-07-21T13:45:00Z,2026-07-21T15:45:00+0200,385.333333,MW,DK1,DK_1,forecast_offshore_wind_generation,Wind Offshore,2026-08-11T08:00:34Z
2026-08-11T07:56:44Z,2026-08-11T09:56:44+0200,58a750df-313e-448a-89dd-c0365ec5f82d,2026-07-21T14:00:00Z,2026-07-21T16:00:00+0200,394.5,MW,DK1,DK_1,forecast_offshore_wind_generation,Wind Offshore,2026-08-11T08:00:34Z
2026-08-11T07:56:44Z,2026-08-11T09:56:44+0200,58a750df-313e-448a-89dd-c0365ec5f82d,2026-07-21T14:15:00Z,2026-07-21T16:15:00+0200,404.166666,MW,DK1,DK_1,forecast_offshore_wind_generation,Wind Offshore,2026-08-11T08:00:34Z
2026-08-11T07:56:44Z,2026-08-11T09:56:44+0200,58a750df-313e-448a-89dd-c0365ec5f82d,2026-07-21T14:30:00Z,2026-07-21T16:30:00+0200,416.0,MW,DK1,DK_1,forecast_offshore_wind_generation,Wind Offshore,2026-08-11T08:00:34Z
2026-08-11T07:56:44Z,2026-08-11T09:56:44+0200,58a750df-313e-448a-89dd-c0365ec5f82d,2026-07-21T14:45:00Z,2026-07-21T16:45:00+0200,427.0,MW,DK1,DK_1,forecast_offshore_wind_generation,Wind Offshore,2026-08-11T08:00:34Z
2026-08-11T07:56:44Z,2026-08-11T09:56:44+0200,58a750df-313e-448a-89dd-c0365ec5f82d,2026-07-21T15:00:00Z,2026-07-21T17:00:00+0200,437.166666,MW,DK1,DK_1,forecast_offshore_wind_generation,Wind Offshore,2026-08-11T08:00:34Z
2026-08-11T07:56:44Z,2026-08-11T09:56:44+0200,58a750df-313e-448a-89dd-c0365ec5f82d,2026-07-21T15:15:00Z,2026-07-21T17:15:00+0200,449.166666,MW,DK1,DK_1,forecast_offshore_wind_generation,Wind Offshore,2026-08-11T08:00:34Z
2026-08-11T07:56:44Z,2026-08-11T09:56:44+0200,58a750df-313e-448a-89dd-c0365ec5f82d,2026-07-21T15:30:00Z,2026-07-21T17:30:00+0200,462.666666,MW,DK1,DK_1,forecast_offshore_wind_generation,Wind Offshore,2026-08-11T08:00:34Z
2026-08-11T07:56:44Z,2026-08-11T09:56:44+0200,58a750df-313e-448a-89dd-c0365ec5f82d,2026-07-21T15:45:00Z,2026-07-21T17:45:00+0200,477.5,MW,DK1,DK_1,forecast_offshore_wind_generation,Wind Offshore,2026-08-11T08:00:34Z
2026-08-11T07:56:44Z,2026-08-11T09:56:44+0200,58a750df-313e-448a-89dd-c0365ec5f82d,2026-07-21T16:00:00Z,2026-07-21T18:00:00+0200,494.0,MW,DK1,DK_1,forecast_offshore_wind_generation,Wind Offshore,2026-08-11T08:00:34Z
2026-08-11T07:56:44Z,2026-08-11T09:56:44+0200,58a750df-313e-448a-89dd-c0365ec5f82d,2026-07-21T16:15:00Z,2026-07-21T18:15:00+0200,518.666666,MW,DK1,DK_1,forecast_offshore_wind_generation,Wind Offshore,2026-08-11T08:00:34Z
2026-08-11T07:56:44Z,2026-08-11T09:56:44+0200,58a750df-313e-448a-89dd-c0365ec5f82d,2026-07-21T16:30:00Z,2026-07-21T18:30:00+0200,547.0,MW,DK1,DK_1,forecast_offshore_wind_generation,Wind Offshore,2026-08-11T08:00:34Z
2026-08-11T07:56:44Z,2026-08-11T09:56:44+0200,58a750df-313e-448a-89dd-c0365ec5f82d,2026-07-21T16:45:00Z,2026-07-21T18:45:00+0200,573.833333,MW,DK1,DK_1,forecast_offshore_wind_generation,Wind Offshore,2026-08-11T08:00:34Z
2026-08-11T07:56:44Z,2026-08-11T09:56:44+0200,58a750df-313e-448a-89dd-c0365ec5f82d,2026-07-21T17:00:00Z,2026-07-21T19:00:00+0200,599.0,MW,DK1,DK_1,forecast_offshore_wind_generation,Wind Offshore,2026-08-11T08:00:34Z
2026-08-11T07:56:44Z,2026-08-11T09:56:44+0200,58a750df-313e-448a-89dd-c0365ec5f82d,2026-07-21T17:15:00Z,2026-07-21T19:15:00+0200,629.833333,MW,DK1,DK_1,forecast_offshore_wind_generation,Wind Offshore,2026-08-11T08:00:34Z
2026-08-11T07:56:44Z,2026-08-11T09:56:44+0200,58a750df-313e-448a-89dd-c0365ec5f82d,2026-07-21T17:30:00Z,2026-07-21T19:30:00+0200,659.333333,MW,DK1,DK_1,forecast_offshore_wind_generation,Wind Offshore,2026-08-11T08:00:34Z
2026-08-11T07:56:44Z,2026-08-11T09:56:44+0200,58a750df-313e-448a-89dd-c0365ec5f82d,2026-07-21T17:45:00Z,2026-07-21T19:45:00+0200,683.166666,MW,DK1,DK_1,forecast_offshore_wind_generation,Wind Offshore,2026-08-11T08:00:34Z
2026-08-11T07:56:44Z,2026-08-11T09:56:44+0200,58a750df-313e-448a-89dd-c0365ec5f82d,2026-07-21T18:00:00Z,2026-07-21T20:00:00+0200,698.833333,MW,DK1,DK_1,forecast_offshore_wind_generation,Wind Offshore,2026-08-11T08:00:34Z
2026-08-11T07:56:44Z,2026-08-11T09:56:44+0200,58a750df-313e-448a-89dd-c0365ec5f82d,2026-07-21T18:15:00Z,2026-07-21T20:15:00+0200,710.5,MW,DK1,DK_1,forecast_offshore_wind_generation,Wind Offshore,2026-08-11T08:00:34Z
2026-08-11T07:56:44Z,2026-08-11T09:56:44+0200,58a750df-313e-448a-89dd-c0365ec5f82d,2026-07-21T18:30:00Z,2026-07-21T20:30:00+0200,721.5,MW,DK1,DK_1,forecast_offshore_wind_generation,Wind Offshore,2026-08-11T08:00:34Z
2026-08-11T07:56:44Z,2026-08-11T09:56:44+0200,58a750df-313e-448a-89dd-c0365ec5f82d,2026-07-21T18:45:00Z,2026-07-21T20:45:00+0200,731.5,MW,DK1,DK_1,forecast_offshore_wind_generation,Wind Offshore,2026-08-11T08:00:34Z
2026-08-11T07:56:44Z,2026-08-11T09:56:44+0200,58a750df-313e-448a-89dd-c0365ec5f82d,2026-07-21T19:00:00Z,2026-07-21T21:00:00+0200,740.5,MW,DK1,DK_1,forecast_offshore_wind_generation,Wind Offshore,2026-08-11T08:00:34Z
2026-08-11T07:56:44Z,2026-08-11T09:56:44+0200,58a750df-313e-448a-89dd-c0365ec5f82d,2026-07-21T19:15:00Z,2026-07-21T21:15:00+0200,750.333333,MW,DK1,DK_1,forecast_offshore_wind_generation,Wind Offshore,2026-08-11T08:00:34Z
2026-08-11T07:56:44Z,2026-08-11T09:56:44+0200,58a750df-313e-448a-89dd-c0365ec5f82d,2026-07-21T19:30:00Z,2026-07-21T21:30:00+0200,759.5,MW,DK1,DK_1,forecast_offshore_wind_generation,Wind Offshore,2026-08-11T08:00:34Z
2026-08-11T07:56:44Z,2026-08-11T09:56:44+0200,58a750df-313e-448a-89dd-c0365ec5f82d,2026-07-21T19:45:00Z,2026-07-21T21:45:00+0200,767.333333,MW,DK1,DK_1,forecast_offshore_wind_generation,Wind Offshore,2026-08-11T08:00:34Z
2026-08-11T07:56:44Z,2026-08-11T09:56:44+0200,58a750df-313e-448a-89dd-c0365ec5f82d,2026-07-21T20:00:00Z,2026-07-21T22:00:00+0200,772.5,MW,DK1,DK_1,forecast_offshore_wind_generation,Wind Offshore,2026-08-11T08:00:34Z
2026-08-11T07:56:44Z,2026-08-11T09:56:44+0200,58a750df-313e-448a-89dd-c0365ec5f82d,2026-07-21T20:15:00Z,2026-07-21T22:15:00+0200,777.0,MW,DK1,DK_1,forecast_offshore_wind_generation,Wind Offshore,2026-08-11T08:00:34Z
2026-08-11T07:56:44Z,2026-08-11T09:56:44+0200,58a750df-313e-448a-89dd-c0365ec5f82d,2026-07-21T20:30:00Z,2026-07-21T22:30:00+0200,781.0,MW,DK1,DK_1,forecast_offshore_wind_generation,Wind Offshore,2026-08-11T08:00:34Z
2026-08-11T07:56:44Z,2026-08-11T09:56:44+0200,58a750df-313e-448a-89dd-c0365ec5f82d,2026-07-21T20:45:00Z,2026-07-21T22:45:00+0200,784.5,MW,DK1,DK_1,forecast_offshore_wind_generation,Wind Offshore,2026-08-11T08:00:34Z
2026-08-11T07:56:44Z,2026-08-11T09:56:44+0200,58a750df-313e-448a-89dd-c0365ec5f82d,2026-07-21T21:00:00Z,2026-07-21T23:00:00+0200,787.0,MW,DK1,DK_1,forecast_offshore_wind_generation,Wind Offshore,2026-08-11T08:00:34Z
2026-08-11T07:56:44Z,2026-08-11T09:56:44+0200,58a750df-313e-448a-89dd-c0365ec5f82d,2026-07-21T21:15:00Z,2026-07-21T23:15:00+0200,788.666666,MW,DK1,DK_1,forecast_offshore_wind_generation,Wind Offshore,2026-08-11T08:00:34Z
2026-08-11T07:56:44Z,2026-08-11T09:56:44+0200,58a750df-313e-448a-89dd-c0365ec5f82d,2026-07-21T21:30:00Z,2026-07-21T23:30:00+0200,790.666666,MW,DK1,DK_1,forecast_offshore_wind_generation,Wind Offshore,2026-08-11T08:00:34Z
2026-08-11T07:56:44Z,2026-08-11T09:56:44+0200,58a750df-313e-448a-89dd-c0365ec5f82d,2026-07-21T21:45:00Z,2026-07-21T23:45:00+0200,793.5,MW,DK1,DK_1,forecast_offshore_wind_generation,Wind Offshore,2026-08-11T08:00:34Z
2026-08-11T07:56:44Z,2026-08-11T09:56:44+0200,58a750df-313e-448a-89dd-c0365ec5f82d,2026-07-21T22:00:00Z,2026-07-22T00:00:00+0200,796.0,MW,DK1,DK_1,forecast_offshore_wind_generation,Wind Offshore,2026-08-11T08:00:34Z
2026-08-11T07:56:44Z,2026-08-11T09:56:44+0200,58a750df-313e-448a-89dd-c0365ec5f82d,2026-07-21T22:15:00Z,2026-07-22T00:15:00+0200,801.0,MW,DK1,DK_1,forecast_offshore_wind_generation,Wind Offshore,2026-08-11T08:00:34Z
2026-08-11T07:56:44Z,2026-08-11T09:56:44+0200,58a750df-313e-448a-89dd-c0365ec5f82d,2026-07-21T22:30:00Z,2026-07-22T00:30:00+0200,807.333333,MW,DK1,DK_1,forecast_offshore_wind_generation,Wind Offshore,2026-08-11T08:00:34Z
2026-08-11T07:56:44Z,2026-08-11T09:56:44+0200,58a750df-313e-448a-89dd-c0365ec5f82d,2026-07-21T22:45:00Z,2026-07-22T00:45:00+0200,813.333333,MW,DK1,DK_1,forecast_offshore_wind_generation,Wind Offshore,2026-08-11T08:00:34Z
2026-08-11T07:56:44Z,2026-08-11T09:56:44+0200,58a750df-313e-448a-89dd-c0365ec5f82d,2026-07-21T23:00:00Z,2026-07-22T01:00:00+0200,819.0,MW,DK1,DK_1,forecast_offshore_wind_generation,Wind Offshore,2026-08-11T08:00:34Z
2026-08-11T07:56:44Z,2026-08-11T09:56:44+0200,58a750df-313e-448a-89dd-c0365ec5f82d,2026-07-21T23:15:00Z,2026-07-22T01:15:00+0200,825.833333,MW,DK1,DK_1,forecast_offshore_wind_generation,Wind Offshore,2026-08-11T08:00:34Z
2026-08-11T07:56:44Z,2026-08-11T09:56:44+0200,58a750df-313e-448a-89dd-c0365ec5f82d,2026-07-21T23:30:00Z,2026-07-22T01:30:00+0200,832.833333,MW,DK1,DK_1,forecast_offshore_wind_generation,Wind Offshore,2026-08-11T08:00:34Z
2026-08-11T07:56:44Z,2026-08-11T09:56:44+0200,58a750df-313e-448a-89dd-c0365ec5f82d,2026-07-21T23:45:00Z,2026-07-22T01:45:00+0200,838.833333,MW,DK1,DK_1,forecast_offshore_wind_generation,Wind Offshore,2026-08-11T08:00:34Z
2026-08-11T07:56:44Z,2026-08-11T09:56:44+0200,58a750df-313e-448a-89dd-c0365ec5f82d,2026-07-22T00:00:00Z,2026-07-22T02:00:00+0200,842.5,MW,DK1,DK_1,forecast_offshore_wind_generation,Wind Offshore,2026-08-11T08:00:34Z
2026-08-11T07:56:44Z,2026-08-11T09:56:44+0200,58a750df-313e-448a-89dd-c0365ec5f82d,2026-07-22T00:15:00Z,2026-07-22T02:15:00+0200,845.5,MW,DK1,DK_1,forecast_offshore_wind_generation,Wind Offshore,2026-08-11T08:00:34Z
2026-08-11T07:56:44Z,2026-08-11T09:56:44+0200,58a750df-313e-448a-89dd-c0365ec5f82d,2026-07-22T00:30:00Z,2026-07-22T02:30:00+0200,848.5,MW,DK1,DK_1,forecast_offshore_wind_generation,Wind Offshore,2026-08-11T08:00:34Z
2026-08-11T07:56:44Z,2026-08-11T09:56:44+0200,58a750df-313e-448a-89dd-c0365ec5f82d,2026-07-22T00:45:00Z,2026-07-22T02:45:00+0200,852.5,MW,DK1,DK_1,forecast_offshore_wind_generation,Wind Offshore,2026-08-11T08:00:34Z
2026-08-11T07:56:44Z,2026-08-11T09:56:44+0200,58a750df-313e-448a-89dd-c0365ec5f82d,2026-07-22T01:00:00Z,2026-07-22T03:00:00+0200,858.166666,MW,DK1,DK_1,forecast_offshore_wind_generation,Wind Offshore,2026-08-11T08:00:34Z
2026-08-11T07:56:44Z,2026-08-11T09:56:44+0200,58a750df-313e-448a-89dd-c0365ec5f82d,2026-07-22T01:15:00Z,2026-07-22T03:15:00+0200,865.666666,MW,DK1,DK_1,forecast_offshore_wind_generation,Wind Offshore,2026-08-11T08:00:34Z
2026-08-11T07:56:44Z,2026-08-11T09:56:44+0200,58a750df-313e-448a-89dd-c0365ec5f82d,2026-07-22T01:30:00Z,2026-07-22T03:30:00+0200,873.833333,MW,DK1,DK_1,forecast_offshore_wind_generation,Wind Offshore,2026-08-11T08:00:34Z
2026-08-11T07:56:44Z,2026-08-11T09:56:44+0200,58a750df-313e-448a-89dd-c0365ec5f82d,2026-07-22T01:45:00Z,2026-07-22T03:45:00+0200,880.0,MW,DK1,DK_1,forecast_offshore_wind_generation,Wind Offshore,2026-08-11T08:00:34Z
2026-08-11T07:56:44Z,2026-08-11T09:56:44+0200,58a750df-313e-448a-89dd-c0365ec5f82d,2026-07-22T02:00:00Z,2026-07-22T04:00:00+0200,885.0,MW,DK1,DK_1,forecast_offshore_wind_generation,Wind Offshore,2026-08-11T08:00:34Z
2026-08-11T07:56:44Z,2026-08-11T09:56:44+0200,58a750df-313e-448a-89dd-c0365ec5f82d,2026-07-22T02:15:00Z,2026-07-22T04:15:00+0200,888.5,MW,DK1,DK_1,forecast_offshore_wind_generation,Wind Offshore,2026-08-11T08:00:34Z
2026-08-11T07:56:44Z,2026-08-11T09:56:44+0200,58a750df-313e-448a-89dd-c0365ec5f82d,2026-07-22T02:30:00Z,2026-07-22T04:30:00+0200,890.666666,MW,DK1,DK_1,forecast_offshore_wind_generation,Wind Offshore,2026-08-11T08:00:34Z
2026-08-11T07:56:44Z,2026-08-11T09:56:44+0200,58a750df-313e-448a-89dd-c0365ec5f82d,2026-07-22T02:45:00Z,2026-07-22T04:45:00+0200,892.166666,MW,DK1,DK_1,forecast_offshore_wind_generation,Wind Offshore,2026-08-11T08:00:34Z
2026-08-11T07:56:44Z,2026-08-11T09:56:44+0200,58a750df-313e-448a-89dd-c0365ec5f82d,2026-07-22T03:00:00Z,2026-07-22T05:00:00+0200,893.0,MW,DK1,DK_1,forecast_offshore_wind_generation,Wind Offshore,2026-08-11T08:00:34Z
2026-08-11T07:56:44Z,2026-08-11T09:56:44+0200,58a750df-313e-448a-89dd-c0365ec5f82d,2026-07-22T03:15:00Z,2026-07-22T05:15:00+0200,893.0,MW,DK1,DK_1,forecast_offshore_wind_generation,Wind Offshore,2026-08-11T08:00:34Z
2026-08-11T07:56:44Z,2026-08-11T09:56:44+0200,58a750df-313e-448a-89dd-c0365ec5f82d,2026-07-22T03:30:00Z,2026-07-22T05:30:00+0200,893.0,MW,DK1,DK_1,forecast_offshore_wind_generation,Wind Offshore,2026-08-11T08:00:34Z
2026-08-11T07:56:44Z,2026-08-11T09:56:44+0200,58a750df-313e-448a-89dd-c0365ec5f82d,2026-07-22T03:45:00Z,2026-07-22T05:45:00+0200,893.0,MW,DK1,DK_1,forecast_offshore_wind_generation,Wind Offshore,2026-08-11T08:00:34Z
2026-08-11T07:56:44Z,2026-08-11T09:56:44+0200,58a750df-313e-448a-89dd-c0365ec5f82d,2026-07-22T04:00:00Z,2026-07-22T06:00:00+0200,893.0,MW,DK1,DK_1,forecast_offshore_wind_generation,Wind Offshore,2026-08-11T08:00:34Z
2026-08-11T07:56:44Z,2026-08-11T09:56:44+0200,58a750df-313e-448a-89dd-c0365ec5f82d,2026-07-22T04:15:00Z,2026-07-22T06:15:00+0200,893.0,MW,DK1,DK_1,forecast_offshore_wind_generation,Wind Offshore,2026-08-11T08:00:34Z
2026-08-11T07:56:44Z,2026-08-11T09:56:44+0200,58a750df-313e-448a-89dd-c0365ec5f82d,2026-07-22T04:30:00Z,2026-07-22T06:30:00+0200,893.0,MW,DK1,DK_1,forecast_offshore_wind_generation,Wind Offshore,2026-08-11T08:00:34Z
2026-08-11T07:56:44Z,2026-08-11T09:56:44+0200,58a750df-313e-448a-89dd-c0365ec5f82d,2026-07-22T04:45:00Z,2026-07-22T06:45:00+0200,893.5,MW,DK1,DK_1,forecast_offshore_wind_generation,Wind Offshore,2026-08-11T08:00:34Z
2026-08-11T07:56:44Z,2026-08-11T09:56:44+0200,58a750df-313e-448a-89dd-c0365ec5f82d,2026-07-22T05:00:00Z,2026-07-22T07:00:00+0200,894.0,MW,DK1,DK_1,forecast_offshore_wind_generation,Wind Offshore,2026-08-11T08:00:34Z
2026-08-11T07:56:44Z,2026-08-11T09:56:44+0200,58a750df-313e-448a-89dd-c0365ec5f82d,2026-07-22T05:15:00Z,2026-07-22T07:15:00+0200,894.0,MW,DK1,DK_1,forecast_offshore_wind_generation,Wind Offshore,2026-08-11T08:00:34Z
2026-08-11T07:56:44Z,2026-08-11T09:56:44+0200,58a750df-313e-448a-89dd-c0365ec5f82d,2026-07-22T05:30:00Z,2026-07-22T07:30:00+0200,894.0,MW,DK1,DK_1,forecast_offshore_wind_generation,Wind Offshore,2026-08-11T08:00:34Z
2026-08-11T07:56:44Z,2026-08-11T09:56:44+0200,58a750df-313e-448a-89dd-c0365ec5f82d,2026-07-22T05:45:00Z,2026-07-22T07:45:00+0200,893.5,MW,DK1,DK_1,forecast_offshore_wind_generation,Wind Offshore,2026-08-11T08:00:34Z
2026-08-11T07:56:44Z,2026-08-11T09:56:44+0200,58a750df-313e-448a-89dd-c0365ec5f82d,2026-07-22T06:00:00Z,2026-07-22T08:00:00+0200,891.5,MW,DK1,DK_1,forecast_offshore_wind_generation,Wind Offshore,2026-08-11T08:00:34Z
2026-08-11T07:56:44Z,2026-08-11T09:56:44+0200,58a750df-313e-448a-89dd-c0365ec5f82d,2026-07-22T06:15:00Z,2026-07-22T08:15:00+0200,888.5,MW,DK1,DK_1,forecast_offshore_wind_generation,Wind Offshore,2026-08-11T08:00:34Z
2026-08-11T07:56:44Z,2026-08-11T09:56:44+0200,58a750df-313e-448a-89dd-c0365ec5f82d,2026-07-22T06:30:00Z,2026-07-22T08:30:00+0200,885.5,MW,DK1,DK_1,forecast_offshore_wind_generation,Wind Offshore,2026-08-11T08:00:34Z
2026-08-11T07:56:44Z,2026-08-11T09:56:44+0200,58a750df-313e-448a-89dd-c0365ec5f82d,2026-07-22T06:45:00Z,2026-07-22T08:45:00+0200,882.666666,MW,DK1,DK_1,forecast_offshore_wind_generation,Wind Offshore,2026-08-11T08:00:34Z
2026-08-11T07:56:44Z,2026-08-11T09:56:44+0200,58a750df-313e-448a-89dd-c0365ec5f82d,2026-07-22T07:00:00Z,2026-07-22T09:00:00+0200,880.5,MW,DK1,DK_1,forecast_offshore_wind_generation,Wind Offshore,2026-08-11T08:00:34Z
2026-08-11T07:56:44Z,2026-08-11T09:56:44+0200,58a750df-313e-448a-89dd-c0365ec5f82d,2026-07-22T07:15:00Z,2026-07-22T09:15:00+0200,877.5,MW,DK1,DK_1,forecast_offshore_wind_generation,Wind Offshore,2026-08-11T08:00:34Z
2026-08-11T07:56:44Z,2026-08-11T09:56:44+0200,58a750df-313e-448a-89dd-c0365ec5f82d,2026-07-22T07:30:00Z,2026-07-22T09:30:00+0200,874.5,MW,DK1,DK_1,forecast_offshore_wind_generation,Wind Offshore,2026-08-11T08:00:34Z
2026-08-11T07:56:44Z,2026-08-11T09:56:44+0200,58a750df-313e-448a-89dd-c0365ec5f82d,2026-07-22T07:45:00Z,2026-07-22T09:45:00+0200,871.666666,MW,DK1,DK_1,forecast_offshore_wind_generation,Wind Offshore,2026-08-11T08:00:34Z
2026-08-11T07:56:44Z,2026-08-11T09:56:44+0200,58a750df-313e-448a-89dd-c0365ec5f82d,2026-07-22T08:00:00Z,2026-07-22T10:00:00+0200,869.5,MW,DK1,DK_1,forecast_offshore_wind_generation,Wind Offshore,2026-08-11T08:00:34Z
2026-08-11T07:56:44Z,2026-08-11T09:56:44+0200,58a750df-313e-448a-89dd-c0365ec5f82d,2026-07-22T08:15:00Z,2026-07-22T10:15:00+0200,867.0,MW,DK1,DK_1,forecast_offshore_wind_generation,Wind Offshore,2026-08-11T08:00:34Z
2026-08-11T07:56:44Z,2026-08-11T09:56:44+0200,58a750df-313e-448a-89dd-c0365ec5f82d,2026-07-22T08:30:00Z,2026-07-22T10:30:00+0200,864.666666,MW,DK1,DK_1,forecast_offshore_wind_generation,Wind Offshore,2026-08-11T08:00:34Z
2026-08-11T07:56:44Z,2026-08-11T09:56:44+0200,58a750df-313e-448a-89dd-c0365ec5f82d,2026-07-22T08:45:00Z,2026-07-22T10:45:00+0200,862.666666,MW,DK1,DK_1,forecast_offshore_wind_generation,Wind Offshore,2026-08-11T08:00:34Z
2026-08-11T07:56:44Z,2026-08-11T09:56:44+0200,58a750df-313e-448a-89dd-c0365ec5f82d,2026-07-22T09:00:00Z,2026-07-22T11:00:00+0200,862.0,MW,DK1,DK_1,forecast_offshore_wind_generation,Wind Offshore,2026-08-11T08:00:34Z
2026-08-11T07:56:44Z,2026-08-11T09:56:44+0200,58a750df-313e-448a-89dd-c0365ec5f82d,2026-07-22T09:15:00Z,2026-07-22T11:15:00+0200,862.666666,MW,DK1,DK_1,forecast_offshore_wind_generation,Wind Offshore,2026-08-11T08:00:34Z
2026-08-11T07:56:44Z,2026-08-11T09:56:44+0200,58a750df-313e-448a-89dd-c0365ec5f82d,2026-07-22T09:30:00Z,2026-07-22T11:30:00+0200,864.5,MW,DK1,DK_1,forecast_offshore_wind_generation,Wind Offshore,2026-08-11T08:00:34Z
2026-08-11T07:56:44Z,2026-08-11T09:56:44+0200,58a750df-313e-448a-89dd-c0365ec5f82d,2026-07-22T09:45:00Z,2026-07-22T11:45:00+0200,864.833333,MW,DK1,DK_1,forecast_offshore_wind_generation,Wind Offshore,2026-08-11T08:00:34Z
2026-08-11T07:56:44Z,2026-08-11T09:56:44+0200,58a750df-313e-448a-89dd-c0365ec5f82d,2026-07-22T10:00:00Z,2026-07-22T12:00:00+0200,863.5,MW,DK1,DK_1,forecast_offshore_wind_generation,Wind Offshore,2026-08-11T08:00:34Z
2026-08-11T07:56:44Z,2026-08-11T09:56:44+0200,58a750df-313e-448a-89dd-c0365ec5f82d,2026-07-22T10:15:00Z,2026-07-22T12:15:00+0200,863.833333,MW,DK1,DK_1,forecast_offshore_wind_generation,Wind Offshore,2026-08-11T08:00:34Z
2026-08-11T07:56:44Z,2026-08-11T09:56:44+0200,58a750df-313e-448a-89dd-c0365ec5f82d,2026-07-22T10:30:00Z,2026-07-22T12:30:00+0200,864.0,MW,DK1,DK_1,forecast_offshore_wind_generation,Wind Offshore,2026-08-11T08:00:34Z
2026-08-11T07:56:44Z,2026-08-11T09:56:44+0200,58a750df-313e-448a-89dd-c0365ec5f82d,2026-07-22T10:45:00Z,2026-07-22T12:45:00+0200,864.166666,MW,DK1,DK_1,forecast_offshore_wind_generation,Wind Offshore,2026-08-11T08:00:34Z
2026-08-11T07:56:44Z,2026-08-11T09:56:44+0200,58a750df-313e-448a-89dd-c0365ec5f82d,2026-07-22T11:00:00Z,2026-07-22T13:00:00+0200,866.5,MW,DK1,DK_1,forecast_offshore_wind_generation,Wind Offshore,2026-08-11T08:00:34Z
2026-08-11T07:56:44Z,2026-08-11T09:56:44+0200,58a750df-313e-448a-89dd-c0365ec5f82d,2026-07-22T11:15:00Z,2026-07-22T13:15:00+0200,871.0,MW,DK1,DK_1,forecast_offshore_wind_generation,Wind Offshore,2026-08-11T08:00:34Z
2026-08-11T07:56:44Z,2026-08-11T09:56:44+0200,58a750df-313e-448a-89dd-c0365ec5f82d,2026-07-22T11:30:00Z,2026-07-22T13:30:00+0200,877.0,MW,DK1,DK_1,forecast_offshore_wind_generation,Wind Offshore,2026-08-11T08:00:34Z
2026-08-11T07:56:44Z,2026-08-11T09:56:44+0200,58a750df-313e-448a-89dd-c0365ec5f82d,2026-07-22T11:45:00Z,2026-07-22T13:45:00+0200,882.333333,MW,DK1,DK_1,forecast_offshore_wind_generation,Wind Offshore,2026-08-11T08:00:34Z
2026-08-11T07:56:44Z,2026-08-11T09:56:44+0200,58a750df-313e-448a-89dd-c0365ec5f82d,2026-07-22T12:00:00Z,2026-07-22T14:00:00+0200,885.5,MW,DK1,DK_1,forecast_offshore_wind_generation,Wind Offshore,2026-08-11T08:00:34Z
2026-08-11T07:56:44Z,2026-08-11T09:56:44+0200,58a750df-313e-448a-89dd-c0365ec5f82d,2026-07-22T12:15:00Z,2026-07-22T14:15:00+0200,887.5,MW,DK1,DK_1,forecast_offshore_wind_generation,Wind Offshore,2026-08-11T08:00:34Z
2026-08-11T07:56:44Z,2026-08-11T09:56:44+0200,58a750df-313e-448a-89dd-c0365ec5f82d,2026-07-22T12:30:00Z,2026-07-22T14:30:00+0200,889.0,MW,DK1,DK_1,forecast_offshore_wind_generation,Wind Offshore,2026-08-11T08:00:34Z
2026-08-11T07:56:44Z,2026-08-11T09:56:44+0200,58a750df-313e-448a-89dd-c0365ec5f82d,2026-07-22T12:45:00Z,2026-07-22T14:45:00+0200,890.5,MW,DK1,DK_1,forecast_offshore_wind_generation,Wind Offshore,2026-08-11T08:00:34Z
2026-08-11T07:56:44Z,2026-08-11T09:56:44+0200,58a750df-313e-448a-89dd-c0365ec5f82d,2026-07-22T13:00:00Z,2026-07-22T15:00:00+0200,892.0,MW,DK1,DK_1,forecast_offshore_wind_generation,Wind Offshore,2026-08-11T08:00:34Z
2026-08-11T07:56:44Z,2026-08-11T09:56:44+0200,58a750df-313e-448a-89dd-c0365ec5f82d,2026-07-22T13:15:00Z,2026-07-22T15:15:00+0200,893.5,MW,DK1,DK_1,forecast_offshore_wind_generation,Wind Offshore,2026-08-11T08:00:34Z
2026-08-11T07:56:44Z,2026-08-11T09:56:44+0200,58a750df-313e-448a-89dd-c0365ec5f82d,2026-07-22T13:30:00Z,2026-07-22T15:30:00+0200,895.333333,MW,DK1,DK_1,forecast_offshore_wind_generation,Wind Offshore,2026-08-11T08:00:34Z
2026-08-11T07:56:44Z,2026-08-11T09:56:44+0200,58a750df-313e-448a-89dd-c0365ec5f82d,2026-07-22T13:45:00Z,2026-07-22T15:45:00+0200,897.5,MW,DK1,DK_1,forecast_offshore_wind_generation,Wind Offshore,2026-08-11T08:00:34Z
2026-08-11T07:56:44Z,2026-08-11T09:56:44+0200,58a750df-313e-448a-89dd-c0365ec5f82d,2026-07-22T14:00:00Z,2026-07-22T16:00:00+0200,899.666666,MW,DK1,DK_1,forecast_offshore_wind_generation,Wind Offshore,2026-08-11T08:00:34Z
2026-08-11T07:56:44Z,2026-08-11T09:56:44+0200,58a750df-313e-448a-89dd-c0365ec5f82d,2026-07-22T14:15:00Z,2026-07-22T16:15:00+0200,902.0,MW,DK1,DK_1,forecast_offshore_wind_generation,Wind Offshore,2026-08-11T08:00:34Z
2026-08-11T07:56:44Z,2026-08-11T09:56:44+0200,58a750df-313e-448a-89dd-c0365ec5f82d,2026-07-22T14:30:00Z,2026-07-22T16:30:00+0200,904.0,MW,DK1,DK_1,forecast_offshore_wind_generation,Wind Offshore,2026-08-11T08:00:34Z
2026-08-11T07:56:44Z,2026-08-11T09:56:44+0200,58a750df-313e-448a-89dd-c0365ec5f82d,2026-07-22T14:45:00Z,2026-07-22T16:45:00+0200,905.5,MW,DK1,DK_1,forecast_offshore_wind_generation,Wind Offshore,2026-08-11T08:00:34Z
2026-08-11T07:56:44Z,2026-08-11T09:56:44+0200,58a750df-313e-448a-89dd-c0365ec5f82d,2026-07-22T15:00:00Z,2026-07-22T17:00:00+0200,907.0,MW,DK1,DK_1,forecast_offshore_wind_generation,Wind Offshore,2026-08-11T08:00:34Z
2026-08-11T07:56:44Z,2026-08-11T09:56:44+0200,58a750df-313e-448a-89dd-c0365ec5f82d,2026-07-22T15:15:00Z,2026-07-22T17:15:00+0200,909.0,MW,DK1,DK_1,forecast_offshore_wind_generation,Wind Offshore,2026-08-11T08:00:34Z
2026-08-11T07:56:44Z,2026-08-11T09:56:44+0200,58a750df-313e-448a-89dd-c0365ec5f82d,2026-07-22T15:30:00Z,2026-07-22T17:30:00+0200,911.5,MW,DK1,DK_1,forecast_offshore_wind_generation,Wind Offshore,2026-08-11T08:00:34Z
2026-08-11T07:56:44Z,2026-08-11T09:56:44+0200,58a750df-313e-448a-89dd-c0365ec5f82d,2026-07-22T15:45:00Z,2026-07-22T17:45:00+0200,913.333333,MW,DK1,DK_1,forecast_offshore_wind_generation,Wind Offshore,2026-08-11T08:00:34Z
2026-08-11T07:56:44Z,2026-08-11T09:56:44+0200,58a750df-313e-448a-89dd-c0365ec5f82d,2026-07-22T16:00:00Z,2026-07-22T18:00:00+0200,912.166666,MW,DK1,DK_1,forecast_offshore_wind_generation,Wind Offshore,2026-08-11T08:00:34Z
2026-08-11T07:56:44Z,2026-08-11T09:56:44+0200,58a750df-313e-448a-89dd-c0365ec5f82d,2026-07-22T16:15:00Z,2026-07-22T18:15:00+0200,907.833333,MW,DK1,DK_1,forecast_offshore_wind_generation,Wind Offshore,2026-08-11T08:00:34Z
2026-08-11T07:56:44Z,2026-08-11T09:56:44+0200,58a750df-313e-448a-89dd-c0365ec5f82d,2026-07-22T16:30:00Z,2026-07-22T18:30:00+0200,902.833333,MW,DK1,DK_1,forecast_offshore_wind_generation,Wind Offshore,2026-08-11T08:00:34Z
2026-08-11T07:56:44Z,2026-08-11T09:56:44+0200,58a750df-313e-448a-89dd-c0365ec5f82d,2026-07-22T16:45:00Z,2026-07-22T18:45:00+0200,897.5,MW,DK1,DK_1,forecast_offshore_wind_generation,Wind Offshore,2026-08-11T08:00:34Z
2026-08-11T07:56:44Z,2026-08-11T09:56:44+0200,58a750df-313e-448a-89dd-c0365ec5f82d,2026-07-22T17:00:00Z,2026-07-22T19:00:00+0200,892.5,MW,DK1,DK_1,forecast_offshore_wind_generation,Wind Offshore,2026-08-11T08:00:34Z
2026-08-11T07:56:44Z,2026-08-11T09:56:44+0200,58a750df-313e-448a-89dd-c0365ec5f82d,2026-07-22T17:15:00Z,2026-07-22T19:15:00+0200,886.833333,MW,DK1,DK_1,forecast_offshore_wind_generation,Wind Offshore,2026-08-11T08:00:34Z
2026-08-11T07:56:44Z,2026-08-11T09:56:44+0200,58a750df-313e-448a-89dd-c0365ec5f82d,2026-07-22T17:30:00Z,2026-07-22T19:30:00+0200,879.166666,MW,DK1,DK_1,forecast_offshore_wind_generation,Wind Offshore,2026-08-11T08:00:34Z
2026-08-11T07:56:44Z,2026-08-11T09:56:44+0200,58a750df-313e-448a-89dd-c0365ec5f82d,2026-07-22T17:45:00Z,2026-07-22T19:45:00+0200,874.166666,MW,DK1,DK_1,forecast_offshore_wind_generation,Wind Offshore,2026-08-11T08:00:34Z
2026-08-11T07:56:44Z,2026-08-11T09:56:44+0200,58a750df-313e-448a-89dd-c0365ec5f82d,2026-07-22T18:00:00Z,2026-07-22T20:00:00+0200,872.0,MW,DK1,DK_1,forecast_offshore_wind_generation,Wind Offshore,2026-08-11T08:00:34Z
2026-08-11T07:56:44Z,2026-08-11T09:56:44+0200,58a750df-313e-448a-89dd-c0365ec5f82d,2026-07-22T18:15:00Z,2026-07-22T20:15:00+0200,870.5,MW,DK1,DK_1,forecast_offshore_wind_generation,Wind Offshore,2026-08-11T08:00:34Z
2026-08-11T07:56:44Z,2026-08-11T09:56:44+0200,58a750df-313e-448a-89dd-c0365ec5f82d,2026-07-22T18:30:00Z,2026-07-22T20:30:00+0200,869.166666,MW,DK1,DK_1,forecast_offshore_wind_generation,Wind Offshore,2026-08-11T08:00:34Z
2026-08-11T07:56:44Z,2026-08-11T09:56:44+0200,58a750df-313e-448a-89dd-c0365ec5f82d,2026-07-22T18:45:00Z,2026-07-22T20:45:00+0200,868.333333,MW,DK1,DK_1,forecast_offshore_wind_generation,Wind Offshore,2026-08-11T08:00:34Z
2026-08-11T07:56:44Z,2026-08-11T09:56:44+0200,58a750df-313e-448a-89dd-c0365ec5f82d,2026-07-22T19:00:00Z,2026-07-22T21:00:00+0200,865.5,MW,DK1,DK_1,forecast_offshore_wind_generation,Wind Offshore,2026-08-11T08:00:34Z
2026-08-11T07:56:44Z,2026-08-11T09:56:44+0200,58a750df-313e-448a-89dd-c0365ec5f82d,2026-07-22T19:15:00Z,2026-07-22T21:15:00+0200,862.0,MW,DK1,DK_1,forecast_offshore_wind_generation,Wind Offshore,2026-08-11T08:00:34Z
2026-08-11T07:56:44Z,2026-08-11T09:56:44+0200,58a750df-313e-448a-89dd-c0365ec5f82d,2026-07-22T19:30:00Z,2026-07-22T21:30:00+0200,858.0,MW,DK1,DK_1,forecast_offshore_wind_generation,Wind Offshore,2026-08-11T08:00:34Z
2026-08-11T07:56:44Z,2026-08-11T09:56:44+0200,58a750df-313e-448a-89dd-c0365ec5f82d,2026-07-22T19:45:00Z,2026-07-22T21:45:00+0200,854.0,MW,DK1,DK_1,forecast_offshore_wind_generation,Wind Offshore,2026-08-11T08:00:34Z
2026-08-11T07:56:44Z,2026-08-11T09:56:44+0200,58a750df-313e-448a-89dd-c0365ec5f82d,2026-07-22T20:00:00Z,2026-07-22T22:00:00+0200,849.0,MW,DK1,DK_1,forecast_offshore_wind_generation,Wind Offshore,2026-08-11T08:00:34Z
2026-08-11T07:56:44Z,2026-08-11T09:56:44+0200,58a750df-313e-448a-89dd-c0365ec5f82d,2026-07-22T20:15:00Z,2026-07-22T22:15:00+0200,842.0,MW,DK1,DK_1,forecast_offshore_wind_generation,Wind Offshore,2026-08-11T08:00:34Z
2026-08-11T07:56:44Z,2026-08-11T09:56:44+0200,58a750df-313e-448a-89dd-c0365ec5f82d,2026-07-22T20:30:00Z,2026-07-22T22:30:00+0200,834.833333,MW,DK1,DK_1,forecast_offshore_wind_generation,Wind Offshore,2026-08-11T08:00:34Z
2026-08-11T07:56:44Z,2026-08-11T09:56:44+0200,58a750df-313e-448a-89dd-c0365ec5f82d,2026-07-22T20:45:00Z,2026-07-22T22:45:00+0200,827.166666,MW,DK1,DK_1,forecast_offshore_wind_generation,Wind Offshore,2026-08-11T08:00:34Z
2026-08-11T07:56:44Z,2026-08-11T09:56:44+0200,58a750df-313e-448a-89dd-c0365ec5f82d,2026-07-22T21:00:00Z,2026-07-22T23:00:00+0200,821.166666,MW,DK1,DK_1,forecast_offshore_wind_generation,Wind Offshore,2026-08-11T08:00:34Z
2026-08-11T07:56:44Z,2026-08-11T09:56:44+0200,58a750df-313e-448a-89dd-c0365ec5f82d,2026-07-22T21:15:00Z,2026-07-22T23:15:00+0200,816.0,MW,DK1,DK_1,forecast_offshore_wind_generation,Wind Offshore,2026-08-11T08:00:34Z
2026-08-11T07:56:44Z,2026-08-11T09:56:44+0200,58a750df-313e-448a-89dd-c0365ec5f82d,2026-07-22T21:30:00Z,2026-07-22T23:30:00+0200,810.5,MW,DK1,DK_1,forecast_offshore_wind_generation,Wind Offshore,2026-08-11T08:00:34Z
2026-08-11T07:56:44Z,2026-08-11T09:56:44+0200,58a750df-313e-448a-89dd-c0365ec5f82d,2026-07-22T21:45:00Z,2026-07-22T23:45:00+0200,806.0,MW,DK1,DK_1,forecast_offshore_wind_generation,Wind Offshore,2026-08-11T08:00:34Z
2026-08-11T07:56:44Z,2026-08-11T09:56:44+0200,58a750df-313e-448a-89dd-c0365ec5f82d,2026-07-22T22:00:00Z,2026-07-23T00:00:00+0200,802.666666,MW,DK1,DK_1,forecast_offshore_wind_generation,Wind Offshore,2026-08-11T08:00:34Z
2026-08-11T07:56:44Z,2026-08-11T09:56:44+0200,58a750df-313e-448a-89dd-c0365ec5f82d,2026-07-22T22:15:00Z,2026-07-23T00:15:00+0200,799.5,MW,DK1,DK_1,forecast_offshore_wind_generation,Wind Offshore,2026-08-11T08:00:34Z
2026-08-11T07:56:44Z,2026-08-11T09:56:44+0200,58a750df-313e-448a-89dd-c0365ec5f82d,2026-07-22T22:30:00Z,2026-07-23T00:30:00+0200,796.5,MW,DK1,DK_1,forecast_offshore_wind_generation,Wind Offshore,2026-08-11T08:00:34Z
2026-08-11T07:56:44Z,2026-08-11T09:56:44+0200,58a750df-313e-448a-89dd-c0365ec5f82d,2026-07-22T22:45:00Z,2026-07-23T00:45:00+0200,792.833333,MW,DK1,DK_1,forecast_offshore_wind_generation,Wind Offshore,2026-08-11T08:00:34Z
2026-08-11T07:56:44Z,2026-08-11T09:56:44+0200,58a750df-313e-448a-89dd-c0365ec5f82d,2026-07-22T23:00:00Z,2026-07-23T01:00:00+0200,787.166666,MW,DK1,DK_1,forecast_offshore_wind_generation,Wind Offshore,2026-08-11T08:00:34Z
2026-08-11T07:56:44Z,2026-08-11T09:56:44+0200,58a750df-313e-448a-89dd-c0365ec5f82d,2026-07-22T23:15:00Z,2026-07-23T01:15:00+0200,782.166666,MW,DK1,DK_1,forecast_offshore_wind_generation,Wind Offshore,2026-08-11T08:00:34Z
2026-08-11T07:56:44Z,2026-08-11T09:56:44+0200,58a750df-313e-448a-89dd-c0365ec5f82d,2026-07-22T23:30:00Z,2026-07-23T01:30:00+0200,777.5,MW,DK1,DK_1,forecast_offshore_wind_generation,Wind Offshore,2026-08-11T08:00:34Z
2026-08-11T07:56:44Z,2026-08-11T09:56:44+0200,58a750df-313e-448a-89dd-c0365ec5f82d,2026-07-22T23:45:00Z,2026-07-23T01:45:00+0200,772.0,MW,DK1,DK_1,forecast_offshore_wind_generation,Wind Offshore,2026-08-11T08:00:34Z
2026-08-11T07:56:44Z,2026-08-11T09:56:44+0200,58a750df-313e-448a-89dd-c0365ec5f82d,2026-07-23T00:00:00Z,2026-07-23T02:00:00+0200,764.0,MW,DK1,DK_1,forecast_offshore_wind_generation,Wind Offshore,2026-08-11T08:00:34Z
2026-08-11T07:56:44Z,2026-08-11T09:56:44+0200,58a750df-313e-448a-89dd-c0365ec5f82d,2026-07-23T00:15:00Z,2026-07-23T02:15:00+0200,752.166666,MW,DK1,DK_1,forecast_offshore_wind_generation,Wind Offshore,2026-08-11T08:00:34Z
2026-08-11T07:56:44Z,2026-08-11T09:56:44+0200,58a750df-313e-448a-89dd-c0365ec5f82d,2026-07-23T00:30:00Z,2026-07-23T02:30:00+0200,736.5,MW,DK1,DK_1,forecast_offshore_wind_generation,Wind Offshore,2026-08-11T08:00:34Z
2026-08-11T07:56:44Z,2026-08-11T09:56:44+0200,58a750df-313e-448a-89dd-c0365ec5f82d,2026-07-23T00:45:00Z,2026-07-23T02:45:00+0200,722.166666,MW,DK1,DK_1,forecast_offshore_wind_generation,Wind Offshore,2026-08-11T08:00:34Z
2026-08-11T07:56:44Z,2026-08-11T09:56:44+0200,58a750df-313e-448a-89dd-c0365ec5f82d,2026-07-23T01:00:00Z,2026-07-23T03:00:00+0200,712.333333,MW,DK1,DK_1,forecast_offshore_wind_generation,Wind Offshore,2026-08-11T08:00:34Z
2026-08-11T07:56:44Z,2026-08-11T09:56:44+0200,58a750df-313e-448a-89dd-c0365ec5f82d,2026-07-23T01:15:00Z,2026-07-23T03:15:00+0200,705.0,MW,DK1,DK_1,forecast_offshore_wind_generation,Wind Offshore,2026-08-11T08:00:34Z
2026-08-11T07:56:44Z,2026-08-11T09:56:44+0200,58a750df-313e-448a-89dd-c0365ec5f82d,2026-07-23T01:30:00Z,2026-07-23T03:30:00+0200,699.0,MW,DK1,DK_1,forecast_offshore_wind_generation,Wind Offshore,2026-08-11T08:00:34Z
2026-08-11T07:56:44Z,2026-08-11T09:56:44+0200,58a750df-313e-448a-89dd-c0365ec5f82d,2026-07-23T01:45:00Z,2026-07-23T03:45:00+0200,694.5,MW,DK1,DK_1,forecast_offshore_wind_generation,Wind Offshore,2026-08-11T08:00:34Z
2026-08-11T07:56:44Z,2026-08-11T09:56:44+0200,58a750df-313e-448a-89dd-c0365ec5f82d,2026-07-23T02:00:00Z,2026-07-23T04:00:00+0200,691.666666,MW,DK1,DK_1,forecast_offshore_wind_generation,Wind Offshore,2026-08-11T08:00:34Z
2026-08-11T07:56:44Z,2026-08-11T09:56:44+0200,58a750df-313e-448a-89dd-c0365ec5f82d,2026-07-23T02:15:00Z,2026-07-23T04:15:00+0200,691.833333,MW,DK1,DK_1,forecast_offshore_wind_generation,Wind Offshore,2026-08-11T08:00:34Z
2026-08-11T07:56:44Z,2026-08-11T09:56:44+0200,58a750df-313e-448a-89dd-c0365ec5f82d,2026-07-23T02:30:00Z,2026-07-23T04:30:00+0200,693.0,MW,DK1,DK_1,forecast_offshore_wind_generation,Wind Offshore,2026-08-11T08:00:34Z
2026-08-11T07:56:44Z,2026-08-11T09:56:44+0200,58a750df-313e-448a-89dd-c0365ec5f82d,2026-07-23T02:45:00Z,2026-07-23T04:45:00+0200,693.0,MW,DK1,DK_1,forecast_offshore_wind_generation,Wind Offshore,2026-08-11T08:00:34Z
2026-08-11T07:56:44Z,2026-08-11T09:56:44+0200,58a750df-313e-448a-89dd-c0365ec5f82d,2026-07-23T03:00:00Z,2026-07-23T05:00:00+0200,691.333333,MW,DK1,DK_1,forecast_offshore_wind_generation,Wind Offshore,2026-08-11T08:00:34Z
2026-08-11T07:56:44Z,2026-08-11T09:56:44+0200,58a750df-313e-448a-89dd-c0365ec5f82d,2026-07-23T03:15:00Z,2026-07-23T05:15:00+0200,688.0,MW,DK1,DK_1,forecast_offshore_wind_generation,Wind Offshore,2026-08-11T08:00:34Z
2026-08-11T07:56:44Z,2026-08-11T09:56:44+0200,58a750df-313e-448a-89dd-c0365ec5f82d,2026-07-23T03:30:00Z,2026-07-23T05:30:00+0200,683.166666,MW,DK1,DK_1,forecast_offshore_wind_generation,Wind Offshore,2026-08-11T08:00:34Z
2026-08-11T07:56:44Z,2026-08-11T09:56:44+0200,58a750df-313e-448a-89dd-c0365ec5f82d,2026-07-23T03:45:00Z,2026-07-23T05:45:00+0200,678.0,MW,DK1,DK_1,forecast_offshore_wind_generation,Wind Offshore,2026-08-11T08:00:34Z
2026-08-11T07:56:44Z,2026-08-11T09:56:44+0200,58a750df-313e-448a-89dd-c0365ec5f82d,2026-07-23T04:00:00Z,2026-07-23T06:00:00+0200,672.833333,MW,DK1,DK_1,forecast_offshore_wind_generation,Wind Offshore,2026-08-11T08:00:34Z
2026-08-11T07:56:44Z,2026-08-11T09:56:44+0200,58a750df-313e-448a-89dd-c0365ec5f82d,2026-07-23T04:15:00Z,2026-07-23T06:15:00+0200,667.833333,MW,DK1,DK_1,forecast_offshore_wind_generation,Wind Offshore,2026-08-11T08:00:34Z
2026-08-11T07:56:44Z,2026-08-11T09:56:44+0200,58a750df-313e-448a-89dd-c0365ec5f82d,2026-07-23T04:30:00Z,2026-07-23T06:30:00+0200,662.0,MW,DK1,DK_1,forecast_offshore_wind_generation,Wind Offshore,2026-08-11T08:00:34Z
2026-08-11T07:56:44Z,2026-08-11T09:56:44+0200,58a750df-313e-448a-89dd-c0365ec5f82d,2026-07-23T04:45:00Z,2026-07-23T06:45:00+0200,657.0,MW,DK1,DK_1,forecast_offshore_wind_generation,Wind Offshore,2026-08-11T08:00:34Z
2026-08-11T07:56:44Z,2026-08-11T09:56:44+0200,58a750df-313e-448a-89dd-c0365ec5f82d,2026-07-23T05:00:00Z,2026-07-23T07:00:00+0200,651.333333,MW,DK1,DK_1,forecast_offshore_wind_generation,Wind Offshore,2026-08-11T08:00:34Z
2026-08-11T07:56:44Z,2026-08-11T09:56:44+0200,58a750df-313e-448a-89dd-c0365ec5f82d,2026-07-23T05:15:00Z,2026-07-23T07:15:00+0200,643.333333,MW,DK1,DK_1,forecast_offshore_wind_generation,Wind Offshore,2026-08-11T08:00:34Z
2026-08-11T07:56:44Z,2026-08-11T09:56:44+0200,58a750df-313e-448a-89dd-c0365ec5f82d,2026-07-23T05:30:00Z,2026-07-23T07:30:00+0200,634.5,MW,DK1,DK_1,forecast_offshore_wind_generation,Wind Offshore,2026-08-11T08:00:34Z
2026-08-11T07:56:44Z,2026-08-11T09:56:44+0200,58a750df-313e-448a-89dd-c0365ec5f82d,2026-07-23T05:45:00Z,2026-07-23T07:45:00+0200,625.666666,MW,DK1,DK_1,forecast_offshore_wind_generation,Wind Offshore,2026-08-11T08:00:34Z
2026-08-11T07:56:44Z,2026-08-11T09:56:44+0200,58a750df-313e-448a-89dd-c0365ec5f82d,2026-07-23T06:00:00Z,2026-07-23T08:00:00+0200,617.333333,MW,DK1,DK_1,forecast_offshore_wind_generation,Wind Offshore,2026-08-11T08:00:34Z
2026-08-11T07:56:44Z,2026-08-11T09:56:44+0200,58a750df-313e-448a-89dd-c0365ec5f82d,2026-07-23T06:15:00Z,2026-07-23T08:15:00+0200,606.666666,MW,DK1,DK_1,forecast_offshore_wind_generation,Wind Offshore,2026-08-11T08:00:34Z
2026-08-11T07:56:44Z,2026-08-11T09:56:44+0200,58a750df-313e-448a-89dd-c0365ec5f82d,2026-07-23T06:30:00Z,2026-07-23T08:30:00+0200,594.0,MW,DK1,DK_1,forecast_offshore_wind_generation,Wind Offshore,2026-08-11T08:00:34Z
2026-08-11T07:56:44Z,2026-08-11T09:56:44+0200,58a750df-313e-448a-89dd-c0365ec5f82d,2026-07-23T06:45:00Z,2026-07-23T08:45:00+0200,581.666666,MW,DK1,DK_1,forecast_offshore_wind_generation,Wind Offshore,2026-08-11T08:00:34Z
2026-08-11T07:56:44Z,2026-08-11T09:56:44+0200,58a750df-313e-448a-89dd-c0365ec5f82d,2026-07-23T07:00:00Z,2026-07-23T09:00:00+0200,571.5,MW,DK1,DK_1,forecast_offshore_wind_generation,Wind Offshore,2026-08-11T08:00:34Z
2026-08-11T07:56:44Z,2026-08-11T09:56:44+0200,58a750df-313e-448a-89dd-c0365ec5f82d,2026-07-23T07:15:00Z,2026-07-23T09:15:00+0200,562.5,MW,DK1,DK_1,forecast_offshore_wind_generation,Wind Offshore,2026-08-11T08:00:34Z
2026-08-11T07:56:44Z,2026-08-11T09:56:44+0200,58a750df-313e-448a-89dd-c0365ec5f82d,2026-07-23T07:30:00Z,2026-07-23T09:30:00+0200,554.5,MW,DK1,DK_1,forecast_offshore_wind_generation,Wind Offshore,2026-08-11T08:00:34Z
2026-08-11T07:56:44Z,2026-08-11T09:56:44+0200,58a750df-313e-448a-89dd-c0365ec5f82d,2026-07-23T07:45:00Z,2026-07-23T09:45:00+0200,548.666666,MW,DK1,DK_1,forecast_offshore_wind_generation,Wind Offshore,2026-08-11T08:00:34Z
2026-08-11T07:56:44Z,2026-08-11T09:56:44+0200,58a750df-313e-448a-89dd-c0365ec5f82d,2026-07-23T08:00:00Z,2026-07-23T10:00:00+0200,545.5,MW,DK1,DK_1,forecast_offshore_wind_generation,Wind Offshore,2026-08-11T08:00:34Z
2026-08-11T07:56:44Z,2026-08-11T09:56:44+0200,58a750df-313e-448a-89dd-c0365ec5f82d,2026-07-23T08:15:00Z,2026-07-23T10:15:00+0200,543.5,MW,DK1,DK_1,forecast_offshore_wind_generation,Wind Offshore,2026-08-11T08:00:34Z
2026-08-11T07:56:44Z,2026-08-11T09:56:44+0200,58a750df-313e-448a-89dd-c0365ec5f82d,2026-07-23T08:30:00Z,2026-07-23T10:30:00+0200,542.0,MW,DK1,DK_1,forecast_offshore_wind_generation,Wind Offshore,2026-08-11T08:00:34Z
2026-08-11T07:56:44Z,2026-08-11T09:56:44+0200,58a750df-313e-448a-89dd-c0365ec5f82d,2026-07-23T08:45:00Z,2026-07-23T10:45:00+0200,540.333333,MW,DK1,DK_1,forecast_offshore_wind_generation,Wind Offshore,2026-08-11T08:00:34Z
2026-08-11T07:56:44Z,2026-08-11T09:56:44+0200,58a750df-313e-448a-89dd-c0365ec5f82d,2026-07-23T09:00:00Z,2026-07-23T11:00:00+0200,538.5,MW,DK1,DK_1,forecast_offshore_wind_generation,Wind Offshore,2026-08-11T08:00:34Z
2026-08-11T07:56:44Z,2026-08-11T09:56:44+0200,58a750df-313e-448a-89dd-c0365ec5f82d,2026-07-23T09:15:00Z,2026-07-23T11:15:00+0200,537.0,MW,DK1,DK_1,forecast_offshore_wind_generation,Wind Offshore,2026-08-11T08:00:34Z
2026-08-11T07:56:44Z,2026-08-11T09:56:44+0200,58a750df-313e-448a-89dd-c0365ec5f82d,2026-07-23T09:30:00Z,2026-07-23T11:30:00+0200,536.0,MW,DK1,DK_1,forecast_offshore_wind_generation,Wind Offshore,2026-08-11T08:00:34Z
2026-08-11T07:56:44Z,2026-08-11T09:56:44+0200,58a750df-313e-448a-89dd-c0365ec5f82d,2026-07-23T09:45:00Z,2026-07-23T11:45:00+0200,535.166666,MW,DK1,DK_1,forecast_offshore_wind_generation,Wind Offshore,2026-08-11T08:00:34Z
2026-08-11T07:56:44Z,2026-08-11T09:56:44+0200,58a750df-313e-448a-89dd-c0365ec5f82d,2026-07-23T10:00:00Z,2026-07-23T12:00:00+0200,533.5,MW,DK1,DK_1,forecast_offshore_wind_generation,Wind Offshore,2026-08-11T08:00:34Z
2026-08-11T07:56:44Z,2026-08-11T09:56:44+0200,58a750df-313e-448a-89dd-c0365ec5f82d,2026-07-23T10:15:00Z,2026-07-23T12:15:00+0200,531.0,MW,DK1,DK_1,forecast_offshore_wind_generation,Wind Offshore,2026-08-11T08:00:34Z
2026-08-11T07:56:44Z,2026-08-11T09:56:44+0200,58a750df-313e-448a-89dd-c0365ec5f82d,2026-07-23T10:30:00Z,2026-07-23T12:30:00+0200,528.666666,MW,DK1,DK_1,forecast_offshore_wind_generation,Wind Offshore,2026-08-11T08:00:34Z
2026-08-11T07:56:44Z,2026-08-11T09:56:44+0200,58a750df-313e-448a-89dd-c0365ec5f82d,2026-07-23T10:45:00Z,2026-07-23T12:45:00+0200,528.166666,MW,DK1,DK_1,forecast_offshore_wind_generation,Wind Offshore,2026-08-11T08:00:34Z
2026-08-11T07:56:44Z,2026-08-11T09:56:44+0200,58a750df-313e-448a-89dd-c0365ec5f82d,2026-07-23T11:00:00Z,2026-07-23T13:00:00+0200,531.166666,MW,DK1,DK_1,forecast_offshore_wind_generation,Wind Offshore,2026-08-11T08:00:34Z
2026-08-11T07:56:44Z,2026-08-11T09:56:44+0200,58a750df-313e-448a-89dd-c0365ec5f82d,2026-07-23T11:15:00Z,2026-07-23T13:15:00+0200,537.666666,MW,DK1,DK_1,forecast_offshore_wind_generation,Wind Offshore,2026-08-11T08:00:34Z
2026-08-11T07:56:44Z,2026-08-11T09:56:44+0200,58a750df-313e-448a-89dd-c0365ec5f82d,2026-07-23T11:30:00Z,2026-07-23T13:30:00+0200,546.5,MW,DK1,DK_1,forecast_offshore_wind_generation,Wind Offshore,2026-08-11T08:00:34Z
2026-08-11T07:56:44Z,2026-08-11T09:56:44+0200,58a750df-313e-448a-89dd-c0365ec5f82d,2026-07-23T11:45:00Z,2026-07-23T13:45:00+0200,555.333333,MW,DK1,DK_1,forecast_offshore_wind_generation,Wind Offshore,2026-08-11T08:00:34Z
2026-08-11T07:56:44Z,2026-08-11T09:56:44+0200,58a750df-313e-448a-89dd-c0365ec5f82d,2026-07-23T12:00:00Z,2026-07-23T14:00:00+0200,563.333333,MW,DK1,DK_1,forecast_offshore_wind_generation,Wind Offshore,2026-08-11T08:00:34Z
2026-08-11T07:56:44Z,2026-08-11T09:56:44+0200,58a750df-313e-448a-89dd-c0365ec5f82d,2026-07-23T12:15:00Z,2026-07-23T14:15:00+0200,571.0,MW,DK1,DK_1,forecast_offshore_wind_generation,Wind Offshore,2026-08-11T08:00:34Z
2026-08-11T07:56:44Z,2026-08-11T09:56:44+0200,58a750df-313e-448a-89dd-c0365ec5f82d,2026-07-23T12:30:00Z,2026-07-23T14:30:00+0200,578.5,MW,DK1,DK_1,forecast_offshore_wind_generation,Wind Offshore,2026-08-11T08:00:34Z
2026-08-11T07:56:44Z,2026-08-11T09:56:44+0200,58a750df-313e-448a-89dd-c0365ec5f82d,2026-07-23T12:45:00Z,2026-07-23T14:45:00+0200,585.0,MW,DK1,DK_1,forecast_offshore_wind_generation,Wind Offshore,2026-08-11T08:00:34Z
2026-08-11T07:56:44Z,2026-08-11T09:56:44+0200,58a750df-313e-448a-89dd-c0365ec5f82d,2026-07-23T13:00:00Z,2026-07-23T15:00:00+0200,589.666666,MW,DK1,DK_1,forecast_offshore_wind_generation,Wind Offshore,2026-08-11T08:00:34Z
2026-08-11T07:56:44Z,2026-08-11T09:56:44+0200,58a750df-313e-448a-89dd-c0365ec5f82d,2026-07-23T13:15:00Z,2026-07-23T15:15:00+0200,590.0,MW,DK1,DK_1,forecast_offshore_wind_generation,Wind Offshore,2026-08-11T08:00:34Z
2026-08-11T07:56:44Z,2026-08-11T09:56:44+0200,58a750df-313e-448a-89dd-c0365ec5f82d,2026-07-23T13:30:00Z,2026-07-23T15:30:00+0200,590.0,MW,DK1,DK_1,forecast_offshore_wind_generation,Wind Offshore,2026-08-11T08:00:34Z
2026-08-11T07:56:44Z,2026-08-11T09:56:44+0200,58a750df-313e-448a-89dd-c0365ec5f82d,2026-07-23T13:45:00Z,2026-07-23T15:45:00+0200,588.666666,MW,DK1,DK_1,forecast_offshore_wind_generation,Wind Offshore,2026-08-11T08:00:34Z
2026-08-11T07:56:44Z,2026-08-11T09:56:44+0200,58a750df-313e-448a-89dd-c0365ec5f82d,2026-07-23T14:00:00Z,2026-07-23T16:00:00+0200,586.5,MW,DK1,DK_1,forecast_offshore_wind_generation,Wind Offshore,2026-08-11T08:00:34Z
2026-08-11T07:56:44Z,2026-08-11T09:56:44+0200,58a750df-313e-448a-89dd-c0365ec5f82d,2026-07-23T14:15:00Z,2026-07-23T16:15:00+0200,583.333333,MW,DK1,DK_1,forecast_offshore_wind_generation,Wind Offshore,2026-08-11T08:00:34Z
2026-08-11T07:56:44Z,2026-08-11T09:56:44+0200,58a750df-313e-448a-89dd-c0365ec5f82d,2026-07-23T14:30:00Z,2026-07-23T16:30:00+0200,578.833333,MW,DK1,DK_1,forecast_offshore_wind_generation,Wind Offshore,2026-08-11T08:00:34Z
2026-08-11T07:56:44Z,2026-08-11T09:56:44+0200,58a750df-313e-448a-89dd-c0365ec5f82d,2026-07-23T14:45:00Z,2026-07-23T16:45:00+0200,573.833333,MW,DK1,DK_1,forecast_offshore_wind_generation,Wind Offshore,2026-08-11T08:00:34Z
2026-08-11T07:56:44Z,2026-08-11T09:56:44+0200,58a750df-313e-448a-89dd-c0365ec5f82d,2026-07-23T15:00:00Z,2026-07-23T17:00:00+0200,568.333333,MW,DK1,DK_1,forecast_offshore_wind_generation,Wind Offshore,2026-08-11T08:00:34Z
2026-08-11T07:56:44Z,2026-08-11T09:56:44+0200,58a750df-313e-448a-89dd-c0365ec5f82d,2026-07-23T15:15:00Z,2026-07-23T17:15:00+0200,561.333333,MW,DK1,DK_1,forecast_offshore_wind_generation,Wind Offshore,2026-08-11T08:00:34Z
2026-08-11T07:56:44Z,2026-08-11T09:56:44+0200,58a750df-313e-448a-89dd-c0365ec5f82d,2026-07-23T15:30:00Z,2026-07-23T17:30:00+0200,552.5,MW,DK1,DK_1,forecast_offshore_wind_generation,Wind Offshore,2026-08-11T08:00:34Z
2026-08-11T07:56:44Z,2026-08-11T09:56:44+0200,58a750df-313e-448a-89dd-c0365ec5f82d,2026-07-23T15:45:00Z,2026-07-23T17:45:00+0200,544.166666,MW,DK1,DK_1,forecast_offshore_wind_generation,Wind Offshore,2026-08-11T08:00:34Z
2026-08-11T07:56:44Z,2026-08-11T09:56:44+0200,58a750df-313e-448a-89dd-c0365ec5f82d,2026-07-23T16:00:00Z,2026-07-23T18:00:00+0200,538.0,MW,DK1,DK_1,forecast_offshore_wind_generation,Wind Offshore,2026-08-11T08:00:34Z
2026-08-11T07:56:44Z,2026-08-11T09:56:44+0200,58a750df-313e-448a-89dd-c0365ec5f82d,2026-07-23T16:15:00Z,2026-07-23T18:15:00+0200,532.833333,MW,DK1,DK_1,forecast_offshore_wind_generation,Wind Offshore,2026-08-11T08:00:34Z
2026-08-11T07:56:44Z,2026-08-11T09:56:44+0200,58a750df-313e-448a-89dd-c0365ec5f82d,2026-07-23T16:30:00Z,2026-07-23T18:30:00+0200,528.333333,MW,DK1,DK_1,forecast_offshore_wind_generation,Wind Offshore,2026-08-11T08:00:34Z
2026-08-11T07:56:44Z,2026-08-11T09:56:44+0200,58a750df-313e-448a-89dd-c0365ec5f82d,2026-07-23T16:45:00Z,2026-07-23T18:45:00+0200,524.5,MW,DK1,DK_1,forecast_offshore_wind_generation,Wind Offshore,2026-08-11T08:00:34Z
2026-08-11T07:56:44Z,2026-08-11T09:56:44+0200,58a750df-313e-448a-89dd-c0365ec5f82d,2026-07-23T17:00:00Z,2026-07-23T19:00:00+0200,522.166666,MW,DK1,DK_1,forecast_offshore_wind_generation,Wind Offshore,2026-08-11T08:00:34Z
2026-08-11T07:56:44Z,2026-08-11T09:56:44+0200,58a750df-313e-448a-89dd-c0365ec5f82d,2026-07-23T17:15:00Z,2026-07-23T19:15:00+0200,522.666666,MW,DK1,DK_1,forecast_offshore_wind_generation,Wind Offshore,2026-08-11T08:00:34Z
2026-08-11T07:56:44Z,2026-08-11T09:56:44+0200,58a750df-313e-448a-89dd-c0365ec5f82d,2026-07-23T17:30:00Z,2026-07-23T19:30:00+0200,524.833333,MW,DK1,DK_1,forecast_offshore_wind_generation,Wind Offshore,2026-08-11T08:00:34Z
2026-08-11T07:56:44Z,2026-08-11T09:56:44+0200,58a750df-313e-448a-89dd-c0365ec5f82d,2026-07-23T17:45:00Z,2026-07-23T19:45:00+0200,524.833333,MW,DK1,DK_1,forecast_offshore_wind_generation,Wind Offshore,2026-08-11T08:00:34Z
2026-08-11T07:56:44Z,2026-08-11T09:56:44+0200,58a750df-313e-448a-89dd-c0365ec5f82d,2026-07-23T18:00:00Z,2026-07-23T20:00:00+0200,521.833333,MW,DK1,DK_1,forecast_offshore_wind_generation,Wind Offshore,2026-08-11T08:00:34Z
2026-08-11T07:56:44Z,2026-08-11T09:56:44+0200,58a750df-313e-448a-89dd-c0365ec5f82d,2026-07-23T18:15:00Z,2026-07-23T20:15:00+0200,515.333333,MW,DK1,DK_1,forecast_offshore_wind_generation,Wind Offshore,2026-08-11T08:00:34Z
2026-08-11T07:56:44Z,2026-08-11T09:56:44+0200,58a750df-313e-448a-89dd-c0365ec5f82d,2026-07-23T18:30:00Z,2026-07-23T20:30:00+0200,505.666666,MW,DK1,DK_1,forecast_offshore_wind_generation,Wind Offshore,2026-08-11T08:00:34Z
2026-08-11T07:56:44Z,2026-08-11T09:56:44+0200,58a750df-313e-448a-89dd-c0365ec5f82d,2026-07-23T18:45:00Z,2026-07-23T20:45:00+0200,496.166666,MW,DK1,DK_1,forecast_offshore_wind_generation,Wind Offshore,2026-08-11T08:00:34Z
2026-08-11T07:56:44Z,2026-08-11T09:56:44+0200,58a750df-313e-448a-89dd-c0365ec5f82d,2026-07-23T19:00:00Z,2026-07-23T21:00:00+0200,488.333333,MW,DK1,DK_1,forecast_offshore_wind_generation,Wind Offshore,2026-08-11T08:00:34Z
2026-08-11T07:56:44Z,2026-08-11T09:56:44+0200,58a750df-313e-448a-89dd-c0365ec5f82d,2026-07-23T19:15:00Z,2026-07-23T21:15:00+0200,479.5,MW,DK1,DK_1,forecast_offshore_wind_generation,Wind Offshore,2026-08-11T08:00:34Z
2026-08-11T07:56:44Z,2026-08-11T09:56:44+0200,58a750df-313e-448a-89dd-c0365ec5f82d,2026-07-23T19:30:00Z,2026-07-23T21:30:00+0200,470.5,MW,DK1,DK_1,forecast_offshore_wind_generation,Wind Offshore,2026-08-11T08:00:34Z
2026-08-11T07:56:44Z,2026-08-11T09:56:44+0200,58a750df-313e-448a-89dd-c0365ec5f82d,2026-07-23T19:45:00Z,2026-07-23T21:45:00+0200,463.666666,MW,DK1,DK_1,forecast_offshore_wind_generation,Wind Offshore,2026-08-11T08:00:34Z
2026-08-11T07:56:44Z,2026-08-11T09:56:44+0200,58a750df-313e-448a-89dd-c0365ec5f82d,2026-07-23T20:00:00Z,2026-07-23T22:00:00+0200,462.0,MW,DK1,DK_1,forecast_offshore_wind_generation,Wind Offshore,2026-08-11T08:00:34Z
2026-08-11T07:56:44Z,2026-08-11T09:56:44+0200,58a750df-313e-448a-89dd-c0365ec5f82d,2026-07-23T20:15:00Z,2026-07-23T22:15:00+0200,464.166666,MW,DK1,DK_1,forecast_offshore_wind_generation,Wind Offshore,2026-08-11T08:00:34Z
2026-08-11T07:56:44Z,2026-08-11T09:56:44+0200,58a750df-313e-448a-89dd-c0365ec5f82d,2026-07-23T20:30:00Z,2026-07-23T22:30:00+0200,470.0,MW,DK1,DK_1,forecast_offshore_wind_generation,Wind Offshore,2026-08-11T08:00:34Z
2026-08-11T07:56:44Z,2026-08-11T09:56:44+0200,58a750df-313e-448a-89dd-c0365ec5f82d,2026-07-23T20:45:00Z,2026-07-23T22:45:00+0200,474.5,MW,DK1,DK_1,forecast_offshore_wind_generation,Wind Offshore,2026-08-11T08:00:34Z
2026-08-11T07:56:44Z,2026-08-11T09:56:44+0200,58a750df-313e-448a-89dd-c0365ec5f82d,2026-07-23T21:00:00Z,2026-07-23T23:00:00+0200,476.0,MW,DK1,DK_1,forecast_offshore_wind_generation,Wind Offshore,2026-08-11T08:00:34Z
2026-08-11T07:56:44Z,2026-08-11T09:56:44+0200,58a750df-313e-448a-89dd-c0365ec5f82d,2026-07-23T21:15:00Z,2026-07-23T23:15:00+0200,476.833333,MW,DK1,DK_1,forecast_offshore_wind_generation,Wind Offshore,2026-08-11T08:00:34Z
2026-08-11T07:56:44Z,2026-08-11T09:56:44+0200,58a750df-313e-448a-89dd-c0365ec5f82d,2026-07-23T21:30:00Z,2026-07-23T23:30:00+0200,477.5,MW,DK1,DK_1,forecast_offshore_wind_generation,Wind Offshore,2026-08-11T08:00:34Z
2026-08-11T07:56:44Z,2026-08-11T09:56:44+0200,58a750df-313e-448a-89dd-c0365ec5f82d,2026-07-23T21:45:00Z,2026-07-23T23:45:00+0200,478.5,MW,DK1,DK_1,forecast_offshore_wind_generation,Wind Offshore,2026-08-11T08:00:34Z
2026-08-11T07:56:44Z,2026-08-11T09:56:44+0200,58a750df-313e-448a-89dd-c0365ec5f82d,2026-07-23T22:00:00Z,2026-07-24T00:00:00+0200,530.0,MW,DK1,DK_1,forecast_offshore_wind_generation,Wind Offshore,2026-08-11T08:00:34Z
2026-08-11T07:56:44Z,2026-08-11T09:56:44+0200,58a750df-313e-448a-89dd-c0365ec5f82d,2026-07-23T22:15:00Z,2026-07-24T00:15:00+0200,529.5,MW,DK1,DK_1,forecast_offshore_wind_generation,Wind Offshore,2026-08-11T08:00:34Z
2026-08-11T07:56:44Z,2026-08-11T09:56:44+0200,58a750df-313e-448a-89dd-c0365ec5f82d,2026-07-23T22:30:00Z,2026-07-24T00:30:00+0200,528.333333,MW,DK1,DK_1,forecast_offshore_wind_generation,Wind Offshore,2026-08-11T08:00:34Z
2026-08-11T07:56:44Z,2026-08-11T09:56:44+0200,58a750df-313e-448a-89dd-c0365ec5f82d,2026-07-23T22:45:00Z,2026-07-24T00:45:00+0200,531.166666,MW,DK1,DK_1,forecast_offshore_wind_generation,Wind Offshore,2026-08-11T08:00:34Z
2026-08-11T07:56:44Z,2026-08-11T09:56:44+0200,58a750df-313e-448a-89dd-c0365ec5f82d,2026-07-23T23:00:00Z,2026-07-24T01:00:00+0200,537.0,MW,DK1,DK_1,forecast_offshore_wind_generation,Wind Offshore,2026-08-11T08:00:34Z
2026-08-11T07:56:44Z,2026-08-11T09:56:44+0200,58a750df-313e-448a-89dd-c0365ec5f82d,2026-07-23T23:15:00Z,2026-07-24T01:15:00+0200,543.166666,MW,DK1,DK_1,forecast_offshore_wind_generation,Wind Offshore,2026-08-11T08:00:34Z
2026-08-11T07:56:44Z,2026-08-11T09:56:44+0200,58a750df-313e-448a-89dd-c0365ec5f82d,2026-07-23T23:30:00Z,2026-07-24T01:30:00+0200,550.0,MW,DK1,DK_1,forecast_offshore_wind_generation,Wind Offshore,2026-08-11T08:00:34Z
2026-08-11T07:56:44Z,2026-08-11T09:56:44+0200,58a750df-313e-448a-89dd-c0365ec5f82d,2026-07-23T23:45:00Z,2026-07-24T01:45:00+0200,555.166666,MW,DK1,DK_1,forecast_offshore_wind_generation,Wind Offshore,2026-08-11T08:00:34Z
2026-08-11T07:56:44Z,2026-08-11T09:56:44+0200,58a750df-313e-448a-89dd-c0365ec5f82d,2026-07-24T00:00:00Z,2026-07-24T02:00:00+0200,561.0,MW,DK1,DK_1,forecast_offshore_wind_generation,Wind Offshore,2026-08-11T08:00:34Z
2026-08-11T07:56:44Z,2026-08-11T09:56:44+0200,58a750df-313e-448a-89dd-c0365ec5f82d,2026-07-24T00:15:00Z,2026-07-24T02:15:00+0200,567.833333,MW,DK1,DK_1,forecast_offshore_wind_generation,Wind Offshore,2026-08-11T08:00:34Z
2026-08-11T07:56:44Z,2026-08-11T09:56:44+0200,58a750df-313e-448a-89dd-c0365ec5f82d,2026-07-24T00:30:00Z,2026-07-24T02:30:00+0200,574.0,MW,DK1,DK_1,forecast_offshore_wind_generation,Wind Offshore,2026-08-11T08:00:34Z
2026-08-11T07:56:44Z,2026-08-11T09:56:44+0200,58a750df-313e-448a-89dd-c0365ec5f82d,2026-07-24T00:45:00Z,2026-07-24T02:45:00+0200,580.166666,MW,DK1,DK_1,forecast_offshore_wind_generation,Wind Offshore,2026-08-11T08:00:34Z
2026-08-11T07:56:44Z,2026-08-11T09:56:44+0200,58a750df-313e-448a-89dd-c0365ec5f82d,2026-07-24T01:00:00Z,2026-07-24T03:00:00+0200,588.333333,MW,DK1,DK_1,forecast_offshore_wind_generation,Wind Offshore,2026-08-11T08:00:34Z
2026-08-11T07:56:44Z,2026-08-11T09:56:44+0200,58a750df-313e-448a-89dd-c0365ec5f82d,2026-07-24T01:15:00Z,2026-07-24T03:15:00+0200,600.833333,MW,DK1,DK_1,forecast_offshore_wind_generation,Wind Offshore,2026-08-11T08:00:34Z
2026-08-11T07:56:44Z,2026-08-11T09:56:44+0200,58a750df-313e-448a-89dd-c0365ec5f82d,2026-07-24T01:30:00Z,2026-07-24T03:30:00+0200,616.5,MW,DK1,DK_1,forecast_offshore_wind_generation,Wind Offshore,2026-08-11T08:00:34Z
2026-08-11T07:56:44Z,2026-08-11T09:56:44+0200,58a750df-313e-448a-89dd-c0365ec5f82d,2026-07-24T01:45:00Z,2026-07-24T03:45:00+0200,630.833333,MW,DK1,DK_1,forecast_offshore_wind_generation,Wind Offshore,2026-08-11T08:00:34Z
2026-08-11T07:56:44Z,2026-08-11T09:56:44+0200,58a750df-313e-448a-89dd-c0365ec5f82d,2026-07-24T02:00:00Z,2026-07-24T04:00:00+0200,643.0,MW,DK1,DK_1,forecast_offshore_wind_generation,Wind Offshore,2026-08-11T08:00:34Z
2026-08-11T07:56:44Z,2026-08-11T09:56:44+0200,58a750df-313e-448a-89dd-c0365ec5f82d,2026-07-24T02:15:00Z,2026-07-24T04:15:00+0200,655.0,MW,DK1,DK_1,forecast_offshore_wind_generation,Wind Offshore,2026-08-11T08:00:34Z
2026-08-11T07:56:44Z,2026-08-11T09:56:44+0200,58a750df-313e-448a-89dd-c0365ec5f82d,2026-07-24T02:30:00Z,2026-07-24T04:30:00+0200,666.333333,MW,DK1,DK_1,forecast_offshore_wind_generation,Wind Offshore,2026-08-11T08:00:34Z
2026-08-11T07:56:44Z,2026-08-11T09:56:44+0200,58a750df-313e-448a-89dd-c0365ec5f82d,2026-07-24T02:45:00Z,2026-07-24T04:45:00+0200,671.833333,MW,DK1,DK_1,forecast_offshore_wind_generation,Wind Offshore,2026-08-11T08:00:34Z
2026-08-11T07:56:44Z,2026-08-11T09:56:44+0200,58a750df-313e-448a-89dd-c0365ec5f82d,2026-07-24T03:00:00Z,2026-07-24T05:00:00+0200,675.0,MW,DK1,DK_1,forecast_offshore_wind_generation,Wind Offshore,2026-08-11T08:00:34Z
2026-08-11T07:56:44Z,2026-08-11T09:56:44+0200,58a750df-313e-448a-89dd-c0365ec5f82d,2026-07-24T03:15:00Z,2026-07-24T05:15:00+0200,676.0,MW,DK1,DK_1,forecast_offshore_wind_generation,Wind Offshore,2026-08-11T08:00:34Z
2026-08-11T07:56:44Z,2026-08-11T09:56:44+0200,58a750df-313e-448a-89dd-c0365ec5f82d,2026-07-24T03:30:00Z,2026-07-24T05:30:00+0200,676.0,MW,DK1,DK_1,forecast_offshore_wind_generation,Wind Offshore,2026-08-11T08:00:34Z
2026-08-11T07:56:44Z,2026-08-11T09:56:44+0200,58a750df-313e-448a-89dd-c0365ec5f82d,2026-07-24T03:45:00Z,2026-07-24T05:45:00+0200,675.0,MW,DK1,DK_1,forecast_offshore_wind_generation,Wind Offshore,2026-08-11T08:00:34Z
2026-08-11T07:56:44Z,2026-08-11T09:56:44+0200,58a750df-313e-448a-89dd-c0365ec5f82d,2026-07-24T04:00:00Z,2026-07-24T06:00:00+0200,672.5,MW,DK1,DK_1,forecast_offshore_wind_generation,Wind Offshore,2026-08-11T08:00:34Z
2026-08-11T07:56:44Z,2026-08-11T09:56:44+0200,58a750df-313e-448a-89dd-c0365ec5f82d,2026-07-24T04:15:00Z,2026-07-24T06:15:00+0200,669.333333,MW,DK1,DK_1,forecast_offshore_wind_generation,Wind Offshore,2026-08-11T08:00:34Z
2026-08-11T07:56:44Z,2026-08-11T09:56:44+0200,58a750df-313e-448a-89dd-c0365ec5f82d,2026-07-24T04:30:00Z,2026-07-24T06:30:00+0200,664.833333,MW,DK1,DK_1,forecast_offshore_wind_generation,Wind Offshore,2026-08-11T08:00:34Z
2026-08-11T07:56:44Z,2026-08-11T09:56:44+0200,58a750df-313e-448a-89dd-c0365ec5f82d,2026-07-24T04:45:00Z,2026-07-24T06:45:00+0200,660.0,MW,DK1,DK_1,forecast_offshore_wind_generation,Wind Offshore,2026-08-11T08:00:34Z
2026-08-11T07:56:44Z,2026-08-11T09:56:44+0200,58a750df-313e-448a-89dd-c0365ec5f82d,2026-07-24T05:00:00Z,2026-07-24T07:00:00+0200,654.833333,MW,DK1,DK_1,forecast_offshore_wind_generation,Wind Offshore,2026-08-11T08:00:34Z
2026-08-11T07:56:44Z,2026-08-11T09:56:44+0200,58a750df-313e-448a-89dd-c0365ec5f82d,2026-07-24T05:15:00Z,2026-07-24T07:15:00+0200,646.333333,MW,DK1,DK_1,forecast_offshore_wind_generation,Wind Offshore,2026-08-11T08:00:34Z
2026-08-11T07:56:44Z,2026-08-11T09:56:44+0200,58a750df-313e-448a-89dd-c0365ec5f82d,2026-07-24T05:30:00Z,2026-07-24T07:30:00+0200,636.0,MW,DK1,DK_1,forecast_offshore_wind_generation,Wind Offshore,2026-08-11T08:00:34Z
2026-08-11T07:56:44Z,2026-08-11T09:56:44+0200,58a750df-313e-448a-89dd-c0365ec5f82d,2026-07-24T05:45:00Z,2026-07-24T07:45:00+0200,626.666666,MW,DK1,DK_1,forecast_offshore_wind_generation,Wind Offshore,2026-08-11T08:00:34Z
2026-08-11T07:56:44Z,2026-08-11T09:56:44+0200,58a750df-313e-448a-89dd-c0365ec5f82d,2026-07-24T06:00:00Z,2026-07-24T08:00:00+0200,619.0,MW,DK1,DK_1,forecast_offshore_wind_generation,Wind Offshore,2026-08-11T08:00:34Z
2026-08-11T07:56:44Z,2026-08-11T09:56:44+0200,58a750df-313e-448a-89dd-c0365ec5f82d,2026-07-24T06:15:00Z,2026-07-24T08:15:00+0200,610.5,MW,DK1,DK_1,forecast_offshore_wind_generation,Wind Offshore,2026-08-11T08:00:34Z
2026-08-11T07:56:44Z,2026-08-11T09:56:44+0200,58a750df-313e-448a-89dd-c0365ec5f82d,2026-07-24T06:30:00Z,2026-07-24T08:30:00+0200,600.666666,MW,DK1,DK_1,forecast_offshore_wind_generation,Wind Offshore,2026-08-11T08:00:34Z
2026-08-11T07:56:44Z,2026-08-11T09:56:44+0200,58a750df-313e-448a-89dd-c0365ec5f82d,2026-07-24T06:45:00Z,2026-07-24T08:45:00+0200,590.666666,MW,DK1,DK_1,forecast_offshore_wind_generation,Wind Offshore,2026-08-11T08:00:34Z
2026-08-11T07:56:44Z,2026-08-11T09:56:44+0200,58a750df-313e-448a-89dd-c0365ec5f82d,2026-07-24T07:00:00Z,2026-07-24T09:00:00+0200,579.166666,MW,DK1,DK_1,forecast_offshore_wind_generation,Wind Offshore,2026-08-11T08:00:34Z
2026-08-11T07:56:44Z,2026-08-11T09:56:44+0200,58a750df-313e-448a-89dd-c0365ec5f82d,2026-07-24T07:15:00Z,2026-07-24T09:15:00+0200,561.333333,MW,DK1,DK_1,forecast_offshore_wind_generation,Wind Offshore,2026-08-11T08:00:34Z
2026-08-11T07:56:44Z,2026-08-11T09:56:44+0200,58a750df-313e-448a-89dd-c0365ec5f82d,2026-07-24T07:30:00Z,2026-07-24T09:30:00+0200,540.166666,MW,DK1,DK_1,forecast_offshore_wind_generation,Wind Offshore,2026-08-11T08:00:34Z
2026-08-11T07:56:44Z,2026-08-11T09:56:44+0200,58a750df-313e-448a-89dd-c0365ec5f82d,2026-07-24T07:45:00Z,2026-07-24T09:45:00+0200,520.833333,MW,DK1,DK_1,forecast_offshore_wind_generation,Wind Offshore,2026-08-11T08:00:34Z
2026-08-11T07:56:44Z,2026-08-11T09:56:44+0200,58a750df-313e-448a-89dd-c0365ec5f82d,2026-07-24T08:00:00Z,2026-07-24T10:00:00+0200,507.833333,MW,DK1,DK_1,forecast_offshore_wind_generation,Wind Offshore,2026-08-11T08:00:34Z
2026-08-11T07:56:44Z,2026-08-11T09:56:44+0200,58a750df-313e-448a-89dd-c0365ec5f82d,2026-07-24T08:15:00Z,2026-07-24T10:15:00+0200,497.666666,MW,DK1,DK_1,forecast_offshore_wind_generation,Wind Offshore,2026-08-11T08:00:34Z
2026-08-11T07:56:44Z,2026-08-11T09:56:44+0200,58a750df-313e-448a-89dd-c0365ec5f82d,2026-07-24T08:30:00Z,2026-07-24T10:30:00+0200,491.166666,MW,DK1,DK_1,forecast_offshore_wind_generation,Wind Offshore,2026-08-11T08:00:34Z
2026-08-11T07:56:44Z,2026-08-11T09:56:44+0200,58a750df-313e-448a-89dd-c0365ec5f82d,2026-07-24T08:45:00Z,2026-07-24T10:45:00+0200,487.666666,MW,DK1,DK_1,forecast_offshore_wind_generation,Wind Offshore,2026-08-11T08:00:34Z
2026-08-11T07:56:44Z,2026-08-11T09:56:44+0200,58a750df-313e-448a-89dd-c0365ec5f82d,2026-07-24T09:00:00Z,2026-07-24T11:00:00+0200,489.166666,MW,DK1,DK_1,forecast_offshore_wind_generation,Wind Offshore,2026-08-11T08:00:34Z
2026-08-11T07:56:44Z,2026-08-11T09:56:44+0200,58a750df-313e-448a-89dd-c0365ec5f82d,2026-07-24T09:15:00Z,2026-07-24T11:15:00+0200,500.666666,MW,DK1,DK_1,forecast_offshore_wind_generation,Wind Offshore,2026-08-11T08:00:34Z
2026-08-11T07:56:44Z,2026-08-11T09:56:44+0200,58a750df-313e-448a-89dd-c0365ec5f82d,2026-07-24T09:30:00Z,2026-07-24T11:30:00+0200,516.333333,MW,DK1,DK_1,forecast_offshore_wind_generation,Wind Offshore,2026-08-11T08:00:34Z
2026-08-11T07:56:44Z,2026-08-11T09:56:44+0200,58a750df-313e-448a-89dd-c0365ec5f82d,2026-07-24T09:45:00Z,2026-07-24T11:45:00+0200,528.5,MW,DK1,DK_1,forecast_offshore_wind_generation,Wind Offshore,2026-08-11T08:00:34Z
2026-08-11T07:56:44Z,2026-08-11T09:56:44+0200,58a750df-313e-448a-89dd-c0365ec5f82d,2026-07-24T10:00:00Z,2026-07-24T12:00:00+0200,531.5,MW,DK1,DK_1,forecast_offshore_wind_generation,Wind Offshore,2026-08-11T08:00:34Z
2026-08-11T07:56:44Z,2026-08-11T09:56:44+0200,58a750df-313e-448a-89dd-c0365ec5f82d,2026-07-24T10:15:00Z,2026-07-24T12:15:00+0200,533.5,MW,DK1,DK_1,forecast_offshore_wind_generation,Wind Offshore,2026-08-11T08:00:34Z
2026-08-11T07:56:44Z,2026-08-11T09:56:44+0200,58a750df-313e-448a-89dd-c0365ec5f82d,2026-07-24T10:30:00Z,2026-07-24T12:30:00+0200,536.5,MW,DK1,DK_1,forecast_offshore_wind_generation,Wind Offshore,2026-08-11T08:00:34Z
2026-08-11T07:56:44Z,2026-08-11T09:56:44+0200,58a750df-313e-448a-89dd-c0365ec5f82d,2026-07-24T10:45:00Z,2026-07-24T12:45:00+0200,539.666666,MW,DK1,DK_1,forecast_offshore_wind_generation,Wind Offshore,2026-08-11T08:00:34Z
2026-08-11T07:56:44Z,2026-08-11T09:56:44+0200,58a750df-313e-448a-89dd-c0365ec5f82d,2026-07-24T11:00:00Z,2026-07-24T13:00:00+0200,543.5,MW,DK1,DK_1,forecast_offshore_wind_generation,Wind Offshore,2026-08-11T08:00:34Z
2026-08-11T07:56:44Z,2026-08-11T09:56:44+0200,58a750df-313e-448a-89dd-c0365ec5f82d,2026-07-24T11:15:00Z,2026-07-24T13:15:00+0200,546.5,MW,DK1,DK_1,forecast_offshore_wind_generation,Wind Offshore,2026-08-11T08:00:34Z
2026-08-11T07:56:44Z,2026-08-11T09:56:44+0200,58a750df-313e-448a-89dd-c0365ec5f82d,2026-07-24T11:30:00Z,2026-07-24T13:30:00+0200,550.166666,MW,DK1,DK_1,forecast_offshore_wind_generation,Wind Offshore,2026-08-11T08:00:34Z
2026-08-11T07:56:44Z,2026-08-11T09:56:44+0200,58a750df-313e-448a-89dd-c0365ec5f82d,2026-07-24T11:45:00Z,2026-07-24T13:45:00+0200,556.166666,MW,DK1,DK_1,forecast_offshore_wind_generation,Wind Offshore,2026-08-11T08:00:34Z
2026-08-11T07:56:44Z,2026-08-11T09:56:44+0200,58a750df-313e-448a-89dd-c0365ec5f82d,2026-07-24T12:00:00Z,2026-07-24T14:00:00+0200,564.666666,MW,DK1,DK_1,forecast_offshore_wind_generation,Wind Offshore,2026-08-11T08:00:34Z
2026-08-11T07:56:44Z,2026-08-11T09:56:44+0200,58a750df-313e-448a-89dd-c0365ec5f82d,2026-07-24T12:15:00Z,2026-07-24T14:15:00+0200,576.666666,MW,DK1,DK_1,forecast_offshore_wind_generation,Wind Offshore,2026-08-11T08:00:34Z
2026-08-11T07:56:44Z,2026-08-11T09:56:44+0200,58a750df-313e-448a-89dd-c0365ec5f82d,2026-07-24T12:30:00Z,2026-07-24T14:30:00+0200,591.666666,MW,DK1,DK_1,forecast_offshore_wind_generation,Wind Offshore,2026-08-11T08:00:34Z
2026-08-11T07:56:44Z,2026-08-11T09:56:44+0200,58a750df-313e-448a-89dd-c0365ec5f82d,2026-07-24T12:45:00Z,2026-07-24T14:45:00+0200,607.5,MW,DK1,DK_1,forecast_offshore_wind_generation,Wind Offshore,2026-08-11T08:00:34Z
2026-08-11T07:56:44Z,2026-08-11T09:56:44+0200,58a750df-313e-448a-89dd-c0365ec5f82d,2026-07-24T13:00:00Z,2026-07-24T15:00:00+0200,623.333333,MW,DK1,DK_1,forecast_offshore_wind_generation,Wind Offshore,2026-08-11T08:00:34Z
2026-08-11T07:56:44Z,2026-08-11T09:56:44+0200,58a750df-313e-448a-89dd-c0365ec5f82d,2026-07-24T13:15:00Z,2026-07-24T15:15:00+0200,639.0,MW,DK1,DK_1,forecast_offshore_wind_generation,Wind Offshore,2026-08-11T08:00:34Z
2026-08-11T07:56:44Z,2026-08-11T09:56:44+0200,58a750df-313e-448a-89dd-c0365ec5f82d,2026-07-24T13:30:00Z,2026-07-24T15:30:00+0200,654.5,MW,DK1,DK_1,forecast_offshore_wind_generation,Wind Offshore,2026-08-11T08:00:34Z
2026-08-11T07:56:44Z,2026-08-11T09:56:44+0200,58a750df-313e-448a-89dd-c0365ec5f82d,2026-07-24T13:45:00Z,2026-07-24T15:45:00+0200,668.0,MW,DK1,DK_1,forecast_offshore_wind_generation,Wind Offshore,2026-08-11T08:00:34Z
2026-08-11T07:56:44Z,2026-08-11T09:56:44+0200,58a750df-313e-448a-89dd-c0365ec5f82d,2026-07-24T14:00:00Z,2026-07-24T16:00:00+0200,679.333333,MW,DK1,DK_1,forecast_offshore_wind_generation,Wind Offshore,2026-08-11T08:00:34Z
2026-08-11T07:56:44Z,2026-08-11T09:56:44+0200,58a750df-313e-448a-89dd-c0365ec5f82d,2026-07-24T14:15:00Z,2026-07-24T16:15:00+0200,688.5,MW,DK1,DK_1,forecast_offshore_wind_generation,Wind Offshore,2026-08-11T08:00:34Z
2026-08-11T07:56:44Z,2026-08-11T09:56:44+0200,58a750df-313e-448a-89dd-c0365ec5f82d,2026-07-24T14:30:00Z,2026-07-24T16:30:00+0200,695.833333,MW,DK1,DK_1,forecast_offshore_wind_generation,Wind Offshore,2026-08-11T08:00:34Z
2026-08-11T07:56:44Z,2026-08-11T09:56:44+0200,58a750df-313e-448a-89dd-c0365ec5f82d,2026-07-24T14:45:00Z,2026-07-24T16:45:00+0200,701.0,MW,DK1,DK_1,forecast_offshore_wind_generation,Wind Offshore,2026-08-11T08:00:34Z
2026-08-11T07:56:44Z,2026-08-11T09:56:44+0200,58a750df-313e-448a-89dd-c0365ec5f82d,2026-07-24T15:00:00Z,2026-07-24T17:00:00+0200,707.0,MW,DK1,DK_1,forecast_offshore_wind_generation,Wind Offshore,2026-08-11T08:00:34Z
2026-08-11T07:56:44Z,2026-08-11T09:56:44+0200,58a750df-313e-448a-89dd-c0365ec5f82d,2026-07-24T15:15:00Z,2026-07-24T17:15:00+0200,713.0,MW,DK1,DK_1,forecast_offshore_wind_generation,Wind Offshore,2026-08-11T08:00:34Z
2026-08-11T07:56:44Z,2026-08-11T09:56:44+0200,58a750df-313e-448a-89dd-c0365ec5f82d,2026-07-24T15:30:00Z,2026-07-24T17:30:00+0200,718.833333,MW,DK1,DK_1,forecast_offshore_wind_generation,Wind Offshore,2026-08-11T08:00:34Z
2026-08-11T07:56:44Z,2026-08-11T09:56:44+0200,58a750df-313e-448a-89dd-c0365ec5f82d,2026-07-24T15:45:00Z,2026-07-24T17:45:00+0200,722.5,MW,DK1,DK_1,forecast_offshore_wind_generation,Wind Offshore,2026-08-11T08:00:34Z
2026-08-11T07:56:44Z,2026-08-11T09:56:44+0200,58a750df-313e-448a-89dd-c0365ec5f82d,2026-07-24T16:00:00Z,2026-07-24T18:00:00+0200,723.833333,MW,DK1,DK_1,forecast_offshore_wind_generation,Wind Offshore,2026-08-11T08:00:34Z
2026-08-11T07:56:44Z,2026-08-11T09:56:44+0200,58a750df-313e-448a-89dd-c0365ec5f82d,2026-07-24T16:15:00Z,2026-07-24T18:15:00+0200,721.333333,MW,DK1,DK_1,forecast_offshore_wind_generation,Wind Offshore,2026-08-11T08:00:34Z
2026-08-11T07:56:44Z,2026-08-11T09:56:44+0200,58a750df-313e-448a-89dd-c0365ec5f82d,2026-07-24T16:30:00Z,2026-07-24T18:30:00+0200,717.5,MW,DK1,DK_1,forecast_offshore_wind_generation,Wind Offshore,2026-08-11T08:00:34Z
2026-08-11T07:56:44Z,2026-08-11T09:56:44+0200,58a750df-313e-448a-89dd-c0365ec5f82d,2026-07-24T16:45:00Z,2026-07-24T18:45:00+0200,714.666666,MW,DK1,DK_1,forecast_offshore_wind_generation,Wind Offshore,2026-08-11T08:00:34Z
2026-08-11T07:56:44Z,2026-08-11T09:56:44+0200,58a750df-313e-448a-89dd-c0365ec5f82d,2026-07-24T17:00:00Z,2026-07-24T19:00:00+0200,713.666666,MW,DK1,DK_1,forecast_offshore_wind_generation,Wind Offshore,2026-08-11T08:00:34Z
2026-08-11T07:56:44Z,2026-08-11T09:56:44+0200,58a750df-313e-448a-89dd-c0365ec5f82d,2026-07-24T17:15:00Z,2026-07-24T19:15:00+0200,709.833333,MW,DK1,DK_1,forecast_offshore_wind_generation,Wind Offshore,2026-08-11T08:00:34Z
2026-08-11T07:56:44Z,2026-08-11T09:56:44+0200,58a750df-313e-448a-89dd-c0365ec5f82d,2026-07-24T17:30:00Z,2026-07-24T19:30:00+0200,701.333333,MW,DK1,DK_1,forecast_offshore_wind_generation,Wind Offshore,2026-08-11T08:00:34Z
2026-08-11T07:56:44Z,2026-08-11T09:56:44+0200,58a750df-313e-448a-89dd-c0365ec5f82d,2026-07-24T17:45:00Z,2026-07-24T19:45:00+0200,689.833333,MW,DK1,DK_1,forecast_offshore_wind_generation,Wind Offshore,2026-08-11T08:00:34Z
2026-08-11T07:56:44Z,2026-08-11T09:56:44+0200,58a750df-313e-448a-89dd-c0365ec5f82d,2026-07-24T18:00:00Z,2026-07-24T20:00:00+0200,682.166666,MW,DK1,DK_1,forecast_offshore_wind_generation,Wind Offshore,2026-08-11T08:00:34Z
2026-08-11T07:56:44Z,2026-08-11T09:56:44+0200,58a750df-313e-448a-89dd-c0365ec5f82d,2026-07-24T18:15:00Z,2026-07-24T20:15:00+0200,670.333333,MW,DK1,DK_1,forecast_offshore_wind_generation,Wind Offshore,2026-08-11T08:00:34Z
2026-08-11T07:56:44Z,2026-08-11T09:56:44+0200,58a750df-313e-448a-89dd-c0365ec5f82d,2026-07-24T18:30:00Z,2026-07-24T20:30:00+0200,655.666666,MW,DK1,DK_1,forecast_offshore_wind_generation,Wind Offshore,2026-08-11T08:00:34Z
2026-08-11T07:56:44Z,2026-08-11T09:56:44+0200,58a750df-313e-448a-89dd-c0365ec5f82d,2026-07-24T18:45:00Z,2026-07-24T20:45:00+0200,642.333333,MW,DK1,DK_1,forecast_offshore_wind_generation,Wind Offshore,2026-08-11T08:00:34Z
2026-08-11T07:56:44Z,2026-08-11T09:56:44+0200,58a750df-313e-448a-89dd-c0365ec5f82d,2026-07-24T19:00:00Z,2026-07-24T21:00:00+0200,632.5,MW,DK1,DK_1,forecast_offshore_wind_generation,Wind Offshore,2026-08-11T08:00:34Z
2026-08-11T07:56:44Z,2026-08-11T09:56:44+0200,58a750df-313e-448a-89dd-c0365ec5f82d,2026-07-24T19:15:00Z,2026-07-24T21:15:00+0200,624.5,MW,DK1,DK_1,forecast_offshore_wind_generation,Wind Offshore,2026-08-11T08:00:34Z
2026-08-11T07:56:44Z,2026-08-11T09:56:44+0200,58a750df-313e-448a-89dd-c0365ec5f82d,2026-07-24T19:30:00Z,2026-07-24T21:30:00+0200,617.166666,MW,DK1,DK_1,forecast_offshore_wind_generation,Wind Offshore,2026-08-11T08:00:34Z
2026-08-11T07:56:44Z,2026-08-11T09:56:44+0200,58a750df-313e-448a-89dd-c0365ec5f82d,2026-07-24T19:45:00Z,2026-07-24T21:45:00+0200,610.166666,MW,DK1,DK_1,forecast_offshore_wind_generation,Wind Offshore,2026-08-11T08:00:34Z
2026-08-11T07:56:44Z,2026-08-11T09:56:44+0200,58a750df-313e-448a-89dd-c0365ec5f82d,2026-07-24T20:00:00Z,2026-07-24T22:00:00+0200,604.0,MW,DK1,DK_1,forecast_offshore_wind_generation,Wind Offshore,2026-08-11T08:00:34Z
2026-08-11T07:56:44Z,2026-08-11T09:56:44+0200,58a750df-313e-448a-89dd-c0365ec5f82d,2026-07-24T20:15:00Z,2026-07-24T22:15:00+0200,596.666666,MW,DK1,DK_1,forecast_offshore_wind_generation,Wind Offshore,2026-08-11T08:00:34Z
2026-08-11T07:56:44Z,2026-08-11T09:56:44+0200,58a750df-313e-448a-89dd-c0365ec5f82d,2026-07-24T20:30:00Z,2026-07-24T22:30:00+0200,589.666666,MW,DK1,DK_1,forecast_offshore_wind_generation,Wind Offshore,2026-08-11T08:00:34Z
2026-08-11T07:56:44Z,2026-08-11T09:56:44+0200,58a750df-313e-448a-89dd-c0365ec5f82d,2026-07-24T20:45:00Z,2026-07-24T22:45:00+0200,584.666666,MW,DK1,DK_1,forecast_offshore_wind_generation,Wind Offshore,2026-08-11T08:00:34Z
2026-08-11T07:56:44Z,2026-08-11T09:56:44+0200,58a750df-313e-448a-89dd-c0365ec5f82d,2026-07-24T21:00:00Z,2026-07-24T23:00:00+0200,581.333333,MW,DK1,DK_1,forecast_offshore_wind_generation,Wind Offshore,2026-08-11T08:00:34Z
2026-08-11T07:56:44Z,2026-08-11T09:56:44+0200,58a750df-313e-448a-89dd-c0365ec5f82d,2026-07-24T21:15:00Z,2026-07-24T23:15:00+0200,576.833333,MW,DK1,DK_1,forecast_offshore_wind_generation,Wind Offshore,2026-08-11T08:00:34Z
2026-08-11T07:56:44Z,2026-08-11T09:56:44+0200,58a750df-313e-448a-89dd-c0365ec5f82d,2026-07-24T21:30:00Z,2026-07-24T23:30:00+0200,571.0,MW,DK1,DK_1,forecast_offshore_wind_generation,Wind Offshore,2026-08-11T08:00:34Z
2026-08-11T07:56:44Z,2026-08-11T09:56:44+0200,58a750df-313e-448a-89dd-c0365ec5f82d,2026-07-24T21:45:00Z,2026-07-24T23:45:00+0200,566.0,MW,DK1,DK_1,forecast_offshore_wind_generation,Wind Offshore,2026-08-11T08:00:34Z
2026-08-11T07:56:44Z,2026-08-11T09:56:44+0200,58a750df-313e-448a-89dd-c0365ec5f82d,2026-07-24T22:00:00Z,2026-07-25T00:00:00+0200,503.333333,MW,DK1,DK_1,forecast_offshore_wind_generation,Wind Offshore,2026-08-11T08:00:34Z
2026-08-11T07:56:44Z,2026-08-11T09:56:44+0200,58a750df-313e-448a-89dd-c0365ec5f82d,2026-07-24T22:15:00Z,2026-07-25T00:15:00+0200,515.5,MW,DK1,DK_1,forecast_offshore_wind_generation,Wind Offshore,2026-08-11T08:00:34Z
2026-08-11T07:56:44Z,2026-08-11T09:56:44+0200,58a750df-313e-448a-89dd-c0365ec5f82d,2026-07-24T22:30:00Z,2026-07-25T00:30:00+0200,529.333333,MW,DK1,DK_1,forecast_offshore_wind_generation,Wind Offshore,2026-08-11T08:00:34Z
2026-08-11T07:56:44Z,2026-08-11T09:56:44+0200,58a750df-313e-448a-89dd-c0365ec5f82d,2026-07-24T22:45:00Z,2026-07-25T00:45:00+0200,538.166666,MW,DK1,DK_1,forecast_offshore_wind_generation,Wind Offshore,2026-08-11T08:00:34Z
2026-08-11T07:56:44Z,2026-08-11T09:56:44+0200,58a750df-313e-448a-89dd-c0365ec5f82d,2026-07-24T23:00:00Z,2026-07-25T01:00:00+0200,537.666666,MW,DK1,DK_1,forecast_offshore_wind_generation,Wind Offshore,2026-08-11T08:00:34Z
2026-08-11T07:56:44Z,2026-08-11T09:56:44+0200,58a750df-313e-448a-89dd-c0365ec5f82d,2026-07-24T23:15:00Z,2026-07-25T01:15:00+0200,527.833333,MW,DK1,DK_1,forecast_offshore_wind_generation,Wind Offshore,2026-08-11T08:00:34Z
2026-08-11T07:56:44Z,2026-08-11T09:56:44+0200,58a750df-313e-448a-89dd-c0365ec5f82d,2026-07-24T23:30:00Z,2026-07-25T01:30:00+0200,515.0,MW,DK1,DK_1,forecast_offshore_wind_generation,Wind Offshore,2026-08-11T08:00:34Z
2026-08-11T07:56:44Z,2026-08-11T09:56:44+0200,58a750df-313e-448a-89dd-c0365ec5f82d,2026-07-24T23:45:00Z,2026-07-25T01:45:00+0200,505.5,MW,DK1,DK_1,forecast_offshore_wind_generation,Wind Offshore,2026-08-11T08:00:34Z
2026-08-11T07:56:44Z,2026-08-11T09:56:44+0200,58a750df-313e-448a-89dd-c0365ec5f82d,2026-07-25T00:00:00Z,2026-07-25T02:00:00+0200,504.666666,MW,DK1,DK_1,forecast_offshore_wind_generation,Wind Offshore,2026-08-11T08:00:34Z
2026-08-11T07:56:44Z,2026-08-11T09:56:44+0200,58a750df-313e-448a-89dd-c0365ec5f82d,2026-07-25T00:15:00Z,2026-07-25T02:15:00+0200,509.0,MW,DK1,DK_1,forecast_offshore_wind_generation,Wind Offshore,2026-08-11T08:00:34Z
2026-08-11T07:56:44Z,2026-08-11T09:56:44+0200,58a750df-313e-448a-89dd-c0365ec5f82d,2026-07-25T00:30:00Z,2026-07-25T02:30:00+0200,515.0,MW,DK1,DK_1,forecast_offshore_wind_generation,Wind Offshore,2026-08-11T08:00:34Z
2026-08-11T07:56:44Z,2026-08-11T09:56:44+0200,58a750df-313e-448a-89dd-c0365ec5f82d,2026-07-25T00:45:00Z,2026-07-25T02:45:00+0200,520.833333,MW,DK1,DK_1,forecast_offshore_wind_generation,Wind Offshore,2026-08-11T08:00:34Z
2026-08-11T07:56:44Z,2026-08-11T09:56:44+0200,58a750df-313e-448a-89dd-c0365ec5f82d,2026-07-25T01:00:00Z,2026-07-25T03:00:00+0200,525.333333,MW,DK1,DK_1,forecast_offshore_wind_generation,Wind Offshore,2026-08-11T08:00:34Z
2026-08-11T07:56:44Z,2026-08-11T09:56:44+0200,58a750df-313e-448a-89dd-c0365ec5f82d,2026-07-25T01:15:00Z,2026-07-25T03:15:00+0200,529.333333,MW,DK1,DK_1,forecast_offshore_wind_generation,Wind Offshore,2026-08-11T08:00:34Z
2026-08-11T07:56:44Z,2026-08-11T09:56:44+0200,58a750df-313e-448a-89dd-c0365ec5f82d,2026-07-25T01:30:00Z,2026-07-25T03:30:00+0200,533.333333,MW,DK1,DK_1,forecast_offshore_wind_generation,Wind Offshore,2026-08-11T08:00:34Z
2026-08-11T07:56:44Z,2026-08-11T09:56:44+0200,58a750df-313e-448a-89dd-c0365ec5f82d,2026-07-25T01:45:00Z,2026-07-25T03:45:00+0200,535.833333,MW,DK1,DK_1,forecast_offshore_wind_generation,Wind Offshore,2026-08-11T08:00:34Z
2026-08-11T07:56:44Z,2026-08-11T09:56:44+0200,58a750df-313e-448a-89dd-c0365ec5f82d,2026-07-25T02:00:00Z,2026-07-25T04:00:00+0200,535.5,MW,DK1,DK_1,forecast_offshore_wind_generation,Wind Offshore,2026-08-11T08:00:34Z
2026-08-11T07:56:44Z,2026-08-11T09:56:44+0200,58a750df-313e-448a-89dd-c0365ec5f82d,2026-07-25T02:15:00Z,2026-07-25T04:15:00+0200,533.5,MW,DK1,DK_1,forecast_offshore_wind_generation,Wind Offshore,2026-08-11T08:00:34Z
2026-08-11T07:56:44Z,2026-08-11T09:56:44+0200,58a750df-313e-448a-89dd-c0365ec5f82d,2026-07-25T02:30:00Z,2026-07-25T04:30:00+0200,531.0,MW,DK1,DK_1,forecast_offshore_wind_generation,Wind Offshore,2026-08-11T08:00:34Z
2026-08-11T07:56:44Z,2026-08-11T09:56:44+0200,58a750df-313e-448a-89dd-c0365ec5f82d,2026-07-25T02:45:00Z,2026-07-25T04:45:00+0200,530.0,MW,DK1,DK_1,forecast_offshore_wind_generation,Wind Offshore,2026-08-11T08:00:34Z
2026-08-11T07:56:44Z,2026-08-11T09:56:44+0200,58a750df-313e-448a-89dd-c0365ec5f82d,2026-07-25T03:00:00Z,2026-07-25T05:00:00+0200,529.166666,MW,DK1,DK_1,forecast_offshore_wind_generation,Wind Offshore,2026-08-11T08:00:34Z
2026-08-11T07:56:44Z,2026-08-11T09:56:44+0200,58a750df-313e-448a-89dd-c0365ec5f82d,2026-07-25T03:15:00Z,2026-07-25T05:15:00+0200,528.833333,MW,DK1,DK_1,forecast_offshore_wind_generation,Wind Offshore,2026-08-11T08:00:34Z
2026-08-11T07:56:44Z,2026-08-11T09:56:44+0200,58a750df-313e-448a-89dd-c0365ec5f82d,2026-07-25T03:30:00Z,2026-07-25T05:30:00+0200,528.0,MW,DK1,DK_1,forecast_offshore_wind_generation,Wind Offshore,2026-08-11T08:00:34Z
2026-08-11T07:56:44Z,2026-08-11T09:56:44+0200,58a750df-313e-448a-89dd-c0365ec5f82d,2026-07-25T03:45:00Z,2026-07-25T05:45:00+0200,527.0,MW,DK1,DK_1,forecast_offshore_wind_generation,Wind Offshore,2026-08-11T08:00:34Z
2026-08-11T07:56:44Z,2026-08-11T09:56:44+0200,58a750df-313e-448a-89dd-c0365ec5f82d,2026-07-25T04:00:00Z,2026-07-25T06:00:00+0200,525.333333,MW,DK1,DK_1,forecast_offshore_wind_generation,Wind Offshore,2026-08-11T08:00:34Z
2026-08-11T07:56:44Z,2026-08-11T09:56:44+0200,58a750df-313e-448a-89dd-c0365ec5f82d,2026-07-25T04:15:00Z,2026-07-25T06:15:00+0200,522.5,MW,DK1,DK_1,forecast_offshore_wind_generation,Wind Offshore,2026-08-11T08:00:34Z
2026-08-11T07:56:44Z,2026-08-11T09:56:44+0200,58a750df-313e-448a-89dd-c0365ec5f82d,2026-07-25T04:30:00Z,2026-07-25T06:30:00+0200,520.5,MW,DK1,DK_1,forecast_offshore_wind_generation,Wind Offshore,2026-08-11T08:00:34Z
2026-08-11T07:56:44Z,2026-08-11T09:56:44+0200,58a750df-313e-448a-89dd-c0365ec5f82d,2026-07-25T04:45:00Z,2026-07-25T06:45:00+0200,518.666666,MW,DK1,DK_1,forecast_offshore_wind_generation,Wind Offshore,2026-08-11T08:00:34Z
2026-08-11T07:56:44Z,2026-08-11T09:56:44+0200,58a750df-313e-448a-89dd-c0365ec5f82d,2026-07-25T05:00:00Z,2026-07-25T07:00:00+0200,519.666666,MW,DK1,DK_1,forecast_offshore_wind_generation,Wind Offshore,2026-08-11T08:00:34Z
2026-08-11T07:56:44Z,2026-08-11T09:56:44+0200,58a750df-313e-448a-89dd-c0365ec5f82d,2026-07-25T05:15:00Z,2026-07-25T07:15:00+0200,525.166666,MW,DK1,DK_1,forecast_offshore_wind_generation,Wind Offshore,2026-08-11T08:00:34Z
2026-08-11T07:56:44Z,2026-08-11T09:56:44+0200,58a750df-313e-448a-89dd-c0365ec5f82d,2026-07-25T05:30:00Z,2026-07-25T07:30:00+0200,533.0,MW,DK1,DK_1,forecast_offshore_wind_generation,Wind Offshore,2026-08-11T08:00:34Z
2026-08-11T07:56:44Z,2026-08-11T09:56:44+0200,58a750df-313e-448a-89dd-c0365ec5f82d,2026-07-25T05:45:00Z,2026-07-25T07:45:00+0200,540.5,MW,DK1,DK_1,forecast_offshore_wind_generation,Wind Offshore,2026-08-11T08:00:34Z
2026-08-11T07:56:44Z,2026-08-11T09:56:44+0200,58a750df-313e-448a-89dd-c0365ec5f82d,2026-07-25T06:00:00Z,2026-07-25T08:00:00+0200,547.166666,MW,DK1,DK_1,forecast_offshore_wind_generation,Wind Offshore,2026-08-11T08:00:34Z
2026-08-11T07:56:44Z,2026-08-11T09:56:44+0200,58a750df-313e-448a-89dd-c0365ec5f82d,2026-07-25T06:15:00Z,2026-07-25T08:15:00+0200,556.0,MW,DK1,DK_1,forecast_offshore_wind_generation,Wind Offshore,2026-08-11T08:00:34Z
2026-08-11T07:56:44Z,2026-08-11T09:56:44+0200,58a750df-313e-448a-89dd-c0365ec5f82d,2026-07-25T06:30:00Z,2026-07-25T08:30:00+0200,566.333333,MW,DK1,DK_1,forecast_offshore_wind_generation,Wind Offshore,2026-08-11T08:00:34Z
2026-08-11T07:56:44Z,2026-08-11T09:56:44+0200,58a750df-313e-448a-89dd-c0365ec5f82d,2026-07-25T06:45:00Z,2026-07-25T08:45:00+0200,575.333333,MW,DK1,DK_1,forecast_offshore_wind_generation,Wind Offshore,2026-08-11T08:00:34Z
2026-08-11T07:56:44Z,2026-08-11T09:56:44+0200,58a750df-313e-448a-89dd-c0365ec5f82d,2026-07-25T07:00:00Z,2026-07-25T09:00:00+0200,582.0,MW,DK1,DK_1,forecast_offshore_wind_generation,Wind Offshore,2026-08-11T08:00:34Z
2026-08-11T07:56:44Z,2026-08-11T09:56:44+0200,58a750df-313e-448a-89dd-c0365ec5f82d,2026-07-25T07:15:00Z,2026-07-25T09:15:00+0200,588.0,MW,DK1,DK_1,forecast_offshore_wind_generation,Wind Offshore,2026-08-11T08:00:34Z
2026-08-11T07:56:44Z,2026-08-11T09:56:44+0200,58a750df-313e-448a-89dd-c0365ec5f82d,2026-07-25T07:30:00Z,2026-07-25T09:30:00+0200,594.0,MW,DK1,DK_1,forecast_offshore_wind_generation,Wind Offshore,2026-08-11T08:00:34Z
2026-08-11T07:56:44Z,2026-08-11T09:56:44+0200,58a750df-313e-448a-89dd-c0365ec5f82d,2026-07-25T07:45:00Z,2026-07-25T09:45:00+0200,599.0,MW,DK1,DK_1,forecast_offshore_wind_generation,Wind Offshore,2026-08-11T08:00:34Z
2026-08-11T07:56:44Z,2026-08-11T09:56:44+0200,58a750df-313e-448a-89dd-c0365ec5f82d,2026-07-25T08:00:00Z,2026-07-25T10:00:00+0200,602.5,MW,DK1,DK_1,forecast_offshore_wind_generation,Wind Offshore,2026-08-11T08:00:34Z
2026-08-11T07:56:44Z,2026-08-11T09:56:44+0200,58a750df-313e-448a-89dd-c0365ec5f82d,2026-07-25T08:15:00Z,2026-07-25T10:15:00+0200,604.833333,MW,DK1,DK_1,forecast_offshore_wind_generation,Wind Offshore,2026-08-11T08:00:34Z
2026-08-11T07:56:44Z,2026-08-11T09:56:44+0200,58a750df-313e-448a-89dd-c0365ec5f82d,2026-07-25T08:30:00Z,2026-07-25T10:30:00+0200,605.833333,MW,DK1,DK_1,forecast_offshore_wind_generation,Wind Offshore,2026-08-11T08:00:34Z
2026-08-11T07:56:44Z,2026-08-11T09:56:44+0200,58a750df-313e-448a-89dd-c0365ec5f82d,2026-07-25T08:45:00Z,2026-07-25T10:45:00+0200,605.5,MW,DK1,DK_1,forecast_offshore_wind_generation,Wind Offshore,2026-08-11T08:00:34Z
2026-08-11T07:56:44Z,2026-08-11T09:56:44+0200,58a750df-313e-448a-89dd-c0365ec5f82d,2026-07-25T09:00:00Z,2026-07-25T11:00:00+0200,605.5,MW,DK1,DK_1,forecast_offshore_wind_generation,Wind Offshore,2026-08-11T08:00:34Z
2026-08-11T07:56:44Z,2026-08-11T09:56:44+0200,58a750df-313e-448a-89dd-c0365ec5f82d,2026-07-25T09:15:00Z,2026-07-25T11:15:00+0200,606.833333,MW,DK1,DK_1,forecast_offshore_wind_generation,Wind Offshore,2026-08-11T08:00:34Z
2026-08-11T07:56:44Z,2026-08-11T09:56:44+0200,58a750df-313e-448a-89dd-c0365ec5f82d,2026-07-25T09:30:00Z,2026-07-25T11:30:00+0200,608.0,MW,DK1,DK_1,forecast_offshore_wind_generation,Wind Offshore,2026-08-11T08:00:34Z
2026-08-11T07:56:44Z,2026-08-11T09:56:44+0200,58a750df-313e-448a-89dd-c0365ec5f82d,2026-07-25T09:45:00Z,2026-07-25T11:45:00+0200,609.666666,MW,DK1,DK_1,forecast_offshore_wind_generation,Wind Offshore,2026-08-11T08:00:34Z
2026-08-11T07:56:44Z,2026-08-11T09:56:44+0200,58a750df-313e-448a-89dd-c0365ec5f82d,2026-07-25T10:00:00Z,2026-07-25T12:00:00+0200,611.5,MW,DK1,DK_1,forecast_offshore_wind_generation,Wind Offshore,2026-08-11T08:00:34Z
2026-08-11T07:56:44Z,2026-08-11T09:56:44+0200,58a750df-313e-448a-89dd-c0365ec5f82d,2026-07-25T10:15:00Z,2026-07-25T12:15:00+0200,613.5,MW,DK1,DK_1,forecast_offshore_wind_generation,Wind Offshore,2026-08-11T08:00:34Z
2026-08-11T07:56:44Z,2026-08-11T09:56:44+0200,58a750df-313e-448a-89dd-c0365ec5f82d,2026-07-25T10:30:00Z,2026-07-25T12:30:00+0200,616.5,MW,DK1,DK_1,forecast_offshore_wind_generation,Wind Offshore,2026-08-11T08:00:34Z
2026-08-11T07:56:44Z,2026-08-11T09:56:44+0200,58a750df-313e-448a-89dd-c0365ec5f82d,2026-07-25T10:45:00Z,2026-07-25T12:45:00+0200,619.5,MW,DK1,DK_1,forecast_offshore_wind_generation,Wind Offshore,2026-08-11T08:00:34Z
2026-08-11T07:56:44Z,2026-08-11T09:56:44+0200,58a750df-313e-448a-89dd-c0365ec5f82d,2026-07-25T11:00:00Z,2026-07-25T13:00:00+0200,623.0,MW,DK1,DK_1,forecast_offshore_wind_generation,Wind Offshore,2026-08-11T08:00:34Z
2026-08-11T07:56:44Z,2026-08-11T09:56:44+0200,58a750df-313e-448a-89dd-c0365ec5f82d,2026-07-25T11:15:00Z,2026-07-25T13:15:00+0200,628.5,MW,DK1,DK_1,forecast_offshore_wind_generation,Wind Offshore,2026-08-11T08:00:34Z
2026-08-11T07:56:44Z,2026-08-11T09:56:44+0200,58a750df-313e-448a-89dd-c0365ec5f82d,2026-07-25T11:30:00Z,2026-07-25T13:30:00+0200,636.0,MW,DK1,DK_1,forecast_offshore_wind_generation,Wind Offshore,2026-08-11T08:00:34Z
2026-08-11T07:56:44Z,2026-08-11T09:56:44+0200,58a750df-313e-448a-89dd-c0365ec5f82d,2026-07-25T11:45:00Z,2026-07-25T13:45:00+0200,643.666666,MW,DK1,DK_1,forecast_offshore_wind_generation,Wind Offshore,2026-08-11T08:00:34Z
2026-08-11T07:56:44Z,2026-08-11T09:56:44+0200,58a750df-313e-448a-89dd-c0365ec5f82d,2026-07-25T12:00:00Z,2026-07-25T14:00:00+0200,652.666666,MW,DK1,DK_1,forecast_offshore_wind_generation,Wind Offshore,2026-08-11T08:00:34Z
2026-08-11T07:56:44Z,2026-08-11T09:56:44+0200,58a750df-313e-448a-89dd-c0365ec5f82d,2026-07-25T12:15:00Z,2026-07-25T14:15:00+0200,664.666666,MW,DK1,DK_1,forecast_offshore_wind_generation,Wind Offshore,2026-08-11T08:00:34Z
2026-08-11T07:56:44Z,2026-08-11T09:56:44+0200,58a750df-313e-448a-89dd-c0365ec5f82d,2026-07-25T12:30:00Z,2026-07-25T14:30:00+0200,679.333333,MW,DK1,DK_1,forecast_offshore_wind_generation,Wind Offshore,2026-08-11T08:00:34Z
2026-08-11T07:56:44Z,2026-08-11T09:56:44+0200,58a750df-313e-448a-89dd-c0365ec5f82d,2026-07-25T12:45:00Z,2026-07-25T14:45:00+0200,691.333333,MW,DK1,DK_1,forecast_offshore_wind_generation,Wind Offshore,2026-08-11T08:00:34Z
2026-08-11T07:56:44Z,2026-08-11T09:56:44+0200,58a750df-313e-448a-89dd-c0365ec5f82d,2026-07-25T13:00:00Z,2026-07-25T15:00:00+0200,699.0,MW,DK1,DK_1,forecast_offshore_wind_generation,Wind Offshore,2026-08-11T08:00:34Z
2026-08-11T07:56:44Z,2026-08-11T09:56:44+0200,58a750df-313e-448a-89dd-c0365ec5f82d,2026-07-25T13:15:00Z,2026-07-25T15:15:00+0200,705.5,MW,DK1,DK_1,forecast_offshore_wind_generation,Wind Offshore,2026-08-11T08:00:34Z
2026-08-11T07:56:44Z,2026-08-11T09:56:44+0200,58a750df-313e-448a-89dd-c0365ec5f82d,2026-07-25T13:30:00Z,2026-07-25T15:30:00+0200,712.5,MW,DK1,DK_1,forecast_offshore_wind_generation,Wind Offshore,2026-08-11T08:00:34Z
2026-08-11T07:56:44Z,2026-08-11T09:56:44+0200,58a750df-313e-448a-89dd-c0365ec5f82d,2026-07-25T13:45:00Z,2026-07-25T15:45:00+0200,720.5,MW,DK1,DK_1,forecast_offshore_wind_generation,Wind Offshore,2026-08-11T08:00:34Z
2026-08-11T07:56:44Z,2026-08-11T09:56:44+0200,58a750df-313e-448a-89dd-c0365ec5f82d,2026-07-25T14:00:00Z,2026-07-25T16:00:00+0200,729.833333,MW,DK1,DK_1,forecast_offshore_wind_generation,Wind Offshore,2026-08-11T08:00:34Z
2026-08-11T07:56:44Z,2026-08-11T09:56:44+0200,58a750df-313e-448a-89dd-c0365ec5f82d,2026-07-25T14:15:00Z,2026-07-25T16:15:00+0200,742.5,MW,DK1,DK_1,forecast_offshore_wind_generation,Wind Offshore,2026-08-11T08:00:34Z
2026-08-11T07:56:44Z,2026-08-11T09:56:44+0200,58a750df-313e-448a-89dd-c0365ec5f82d,2026-07-25T14:30:00Z,2026-07-25T16:30:00+0200,755.833333,MW,DK1,DK_1,forecast_offshore_wind_generation,Wind Offshore,2026-08-11T08:00:34Z
2026-08-11T07:56:44Z,2026-08-11T09:56:44+0200,58a750df-313e-448a-89dd-c0365ec5f82d,2026-07-25T14:45:00Z,2026-07-25T16:45:00+0200,765.833333,MW,DK1,DK_1,forecast_offshore_wind_generation,Wind Offshore,2026-08-11T08:00:34Z
2026-08-11T07:56:44Z,2026-08-11T09:56:44+0200,58a750df-313e-448a-89dd-c0365ec5f82d,2026-07-25T15:00:00Z,2026-07-25T17:00:00+0200,769.666666,MW,DK1,DK_1,forecast_offshore_wind_generation,Wind Offshore,2026-08-11T08:00:34Z
2026-08-11T07:56:44Z,2026-08-11T09:56:44+0200,58a750df-313e-448a-89dd-c0365ec5f82d,2026-07-25T15:15:00Z,2026-07-25T17:15:00+0200,767.0,MW,DK1,DK_1,forecast_offshore_wind_generation,Wind Offshore,2026-08-11T08:00:34Z
2026-08-11T07:56:44Z,2026-08-11T09:56:44+0200,58a750df-313e-448a-89dd-c0365ec5f82d,2026-07-25T15:30:00Z,2026-07-25T17:30:00+0200,763.5,MW,DK1,DK_1,forecast_offshore_wind_generation,Wind Offshore,2026-08-11T08:00:34Z
2026-08-11T07:56:44Z,2026-08-11T09:56:44+0200,58a750df-313e-448a-89dd-c0365ec5f82d,2026-07-25T15:45:00Z,2026-07-25T17:45:00+0200,761.833333,MW,DK1,DK_1,forecast_offshore_wind_generation,Wind Offshore,2026-08-11T08:00:34Z
2026-08-11T07:56:44Z,2026-08-11T09:56:44+0200,58a750df-313e-448a-89dd-c0365ec5f82d,2026-07-25T16:00:00Z,2026-07-25T18:00:00+0200,767.5,MW,DK1,DK_1,forecast_offshore_wind_generation,Wind Offshore,2026-08-11T08:00:34Z
2026-08-11T07:56:44Z,2026-08-11T09:56:44+0200,58a750df-313e-448a-89dd-c0365ec5f82d,2026-07-25T16:15:00Z,2026-07-25T18:15:00+0200,783.666666,MW,DK1,DK_1,forecast_offshore_wind_generation,Wind Offshore,2026-08-11T08:00:34Z
2026-08-11T07:56:44Z,2026-08-11T09:56:44+0200,58a750df-313e-448a-89dd-c0365ec5f82d,2026-07-25T16:30:00Z,2026-07-25T18:30:00+0200,802.333333,MW,DK1,DK_1,forecast_offshore_wind_generation,Wind Offshore,2026-08-11T08:00:34Z
2026-08-11T07:56:44Z,2026-08-11T09:56:44+0200,58a750df-313e-448a-89dd-c0365ec5f82d,2026-07-25T16:45:00Z,2026-07-25T18:45:00+0200,811.833333,MW,DK1,DK_1,forecast_offshore_wind_generation,Wind Offshore,2026-08-11T08:00:34Z
2026-08-11T07:56:44Z,2026-08-11T09:56:44+0200,58a750df-313e-448a-89dd-c0365ec5f82d,2026-07-25T17:00:00Z,2026-07-25T19:00:00+0200,818.166666,MW,DK1,DK_1,forecast_offshore_wind_generation,Wind Offshore,2026-08-11T08:00:34Z
2026-08-11T07:56:44Z,2026-08-11T09:56:44+0200,58a750df-313e-448a-89dd-c0365ec5f82d,2026-07-25T17:15:00Z,2026-07-25T19:15:00+0200,825.0,MW,DK1,DK_1,forecast_offshore_wind_generation,Wind Offshore,2026-08-11T08:00:34Z
2026-08-11T07:56:44Z,2026-08-11T09:56:44+0200,58a750df-313e-448a-89dd-c0365ec5f82d,2026-07-25T17:30:00Z,2026-07-25T19:30:00+0200,829.0,MW,DK1,DK_1,forecast_offshore_wind_generation,Wind Offshore,2026-08-11T08:00:34Z
2026-08-11T07:56:44Z,2026-08-11T09:56:44+0200,58a750df-313e-448a-89dd-c0365ec5f82d,2026-07-25T17:45:00Z,2026-07-25T19:45:00+0200,826.0,MW,DK1,DK_1,forecast_offshore_wind_generation,Wind Offshore,2026-08-11T08:00:34Z
2026-08-11T07:56:44Z,2026-08-11T09:56:44+0200,58a750df-313e-448a-89dd-c0365ec5f82d,2026-07-25T18:00:00Z,2026-07-25T20:00:00+0200,820.333333,MW,DK1,DK_1,forecast_offshore_wind_generation,Wind Offshore,2026-08-11T08:00:34Z
2026-08-11T07:56:44Z,2026-08-11T09:56:44+0200,58a750df-313e-448a-89dd-c0365ec5f82d,2026-07-25T18:15:00Z,2026-07-25T20:15:00+0200,809.333333,MW,DK1,DK_1,forecast_offshore_wind_generation,Wind Offshore,2026-08-11T08:00:34Z
2026-08-11T07:56:44Z,2026-08-11T09:56:44+0200,58a750df-313e-448a-89dd-c0365ec5f82d,2026-07-25T18:30:00Z,2026-07-25T20:30:00+0200,794.333333,MW,DK1,DK_1,forecast_offshore_wind_generation,Wind Offshore,2026-08-11T08:00:34Z
2026-08-11T07:56:44Z,2026-08-11T09:56:44+0200,58a750df-313e-448a-89dd-c0365ec5f82d,2026-07-25T18:45:00Z,2026-07-25T20:45:00+0200,779.0,MW,DK1,DK_1,forecast_offshore_wind_generation,Wind Offshore,2026-08-11T08:00:34Z
2026-08-11T07:56:44Z,2026-08-11T09:56:44+0200,58a750df-313e-448a-89dd-c0365ec5f82d,2026-07-25T19:00:00Z,2026-07-25T21:00:00+0200,766.833333,MW,DK1,DK_1,forecast_offshore_wind_generation,Wind Offshore,2026-08-11T08:00:34Z
2026-08-11T07:56:44Z,2026-08-11T09:56:44+0200,58a750df-313e-448a-89dd-c0365ec5f82d,2026-07-25T19:15:00Z,2026-07-25T21:15:00+0200,755.833333,MW,DK1,DK_1,forecast_offshore_wind_generation,Wind Offshore,2026-08-11T08:00:34Z
2026-08-11T07:56:44Z,2026-08-11T09:56:44+0200,58a750df-313e-448a-89dd-c0365ec5f82d,2026-07-25T19:30:00Z,2026-07-25T21:30:00+0200,744.833333,MW,DK1,DK_1,forecast_offshore_wind_generation,Wind Offshore,2026-08-11T08:00:34Z
2026-08-11T07:56:44Z,2026-08-11T09:56:44+0200,58a750df-313e-448a-89dd-c0365ec5f82d,2026-07-25T19:45:00Z,2026-07-25T21:45:00+0200,732.833333,MW,DK1,DK_1,forecast_offshore_wind_generation,Wind Offshore,2026-08-11T08:00:34Z
2026-08-11T07:56:44Z,2026-08-11T09:56:44+0200,58a750df-313e-448a-89dd-c0365ec5f82d,2026-07-25T20:00:00Z,2026-07-25T22:00:00+0200,718.5,MW,DK1,DK_1,forecast_offshore_wind_generation,Wind Offshore,2026-08-11T08:00:34Z
2026-08-11T07:56:44Z,2026-08-11T09:56:44+0200,58a750df-313e-448a-89dd-c0365ec5f82d,2026-07-25T20:15:00Z,2026-07-25T22:15:00+0200,702.0,MW,DK1,DK_1,forecast_offshore_wind_generation,Wind Offshore,2026-08-11T08:00:34Z
2026-08-11T07:56:44Z,2026-08-11T09:56:44+0200,58a750df-313e-448a-89dd-c0365ec5f82d,2026-07-25T20:30:00Z,2026-07-25T22:30:00+0200,684.166666,MW,DK1,DK_1,forecast_offshore_wind_generation,Wind Offshore,2026-08-11T08:00:34Z
2026-08-11T07:56:44Z,2026-08-11T09:56:44+0200,58a750df-313e-448a-89dd-c0365ec5f82d,2026-07-25T20:45:00Z,2026-07-25T22:45:00+0200,668.333333,MW,DK1,DK_1,forecast_offshore_wind_generation,Wind Offshore,2026-08-11T08:00:34Z
2026-08-11T07:56:44Z,2026-08-11T09:56:44+0200,58a750df-313e-448a-89dd-c0365ec5f82d,2026-07-25T21:00:00Z,2026-07-25T23:00:00+0200,655.833333,MW,DK1,DK_1,forecast_offshore_wind_generation,Wind Offshore,2026-08-11T08:00:34Z
2026-08-11T07:56:44Z,2026-08-11T09:56:44+0200,58a750df-313e-448a-89dd-c0365ec5f82d,2026-07-25T21:15:00Z,2026-07-25T23:15:00+0200,642.0,MW,DK1,DK_1,forecast_offshore_wind_generation,Wind Offshore,2026-08-11T08:00:34Z
2026-08-11T07:56:44Z,2026-08-11T09:56:44+0200,58a750df-313e-448a-89dd-c0365ec5f82d,2026-07-25T21:30:00Z,2026-07-25T23:30:00+0200,627.666666,MW,DK1,DK_1,forecast_offshore_wind_generation,Wind Offshore,2026-08-11T08:00:34Z
2026-08-11T07:56:44Z,2026-08-11T09:56:44+0200,58a750df-313e-448a-89dd-c0365ec5f82d,2026-07-25T21:45:00Z,2026-07-25T23:45:00+0200,615.166666,MW,DK1,DK_1,forecast_offshore_wind_generation,Wind Offshore,2026-08-11T08:00:34Z
2026-08-11T07:56:44Z,2026-08-11T09:56:44+0200,58a750df-313e-448a-89dd-c0365ec5f82d,2026-07-25T22:00:00Z,2026-07-26T00:00:00+0200,552.0,MW,DK1,DK_1,forecast_offshore_wind_generation,Wind Offshore,2026-08-11T08:00:34Z
2026-08-11T07:56:44Z,2026-08-11T09:56:44+0200,58a750df-313e-448a-89dd-c0365ec5f82d,2026-07-25T22:15:00Z,2026-07-26T00:15:00+0200,537.5,MW,DK1,DK_1,forecast_offshore_wind_generation,Wind Offshore,2026-08-11T08:00:34Z
2026-08-11T07:56:44Z,2026-08-11T09:56:44+0200,58a750df-313e-448a-89dd-c0365ec5f82d,2026-07-25T22:30:00Z,2026-07-26T00:30:00+0200,523.833333,MW,DK1,DK_1,forecast_offshore_wind_generation,Wind Offshore,2026-08-11T08:00:34Z
2026-08-11T07:56:44Z,2026-08-11T09:56:44+0200,58a750df-313e-448a-89dd-c0365ec5f82d,2026-07-25T22:45:00Z,2026-07-26T00:45:00+0200,512.666666,MW,DK1,DK_1,forecast_offshore_wind_generation,Wind Offshore,2026-08-11T08:00:34Z
2026-08-11T07:56:44Z,2026-08-11T09:56:44+0200,58a750df-313e-448a-89dd-c0365ec5f82d,2026-07-25T23:00:00Z,2026-07-26T01:00:00+0200,506.666666,MW,DK1,DK_1,forecast_offshore_wind_generation,Wind Offshore,2026-08-11T08:00:34Z
2026-08-11T07:56:44Z,2026-08-11T09:56:44+0200,58a750df-313e-448a-89dd-c0365ec5f82d,2026-07-25T23:15:00Z,2026-07-26T01:15:00+0200,504.333333,MW,DK1,DK_1,forecast_offshore_wind_generation,Wind Offshore,2026-08-11T08:00:34Z
2026-08-11T07:56:44Z,2026-08-11T09:56:44+0200,58a750df-313e-448a-89dd-c0365ec5f82d,2026-07-25T23:30:00Z,2026-07-26T01:30:00+0200,505.0,MW,DK1,DK_1,forecast_offshore_wind_generation,Wind Offshore,2026-08-11T08:00:34Z
2026-08-11T07:56:44Z,2026-08-11T09:56:44+0200,58a750df-313e-448a-89dd-c0365ec5f82d,2026-07-25T23:45:00Z,2026-07-26T01:45:00+0200,505.0,MW,DK1,DK_1,forecast_offshore_wind_generation,Wind Offshore,2026-08-11T08:00:34Z
2026-08-11T07:56:44Z,2026-08-11T09:56:44+0200,58a750df-313e-448a-89dd-c0365ec5f82d,2026-07-26T00:00:00Z,2026-07-26T02:00:00+0200,503.5,MW,DK1,DK_1,forecast_offshore_wind_generation,Wind Offshore,2026-08-11T08:00:34Z
2026-08-11T07:56:44Z,2026-08-11T09:56:44+0200,58a750df-313e-448a-89dd-c0365ec5f82d,2026-07-26T00:15:00Z,2026-07-26T02:15:00+0200,501.333333,MW,DK1,DK_1,forecast_offshore_wind_generation,Wind Offshore,2026-08-11T08:00:34Z
2026-08-11T07:56:44Z,2026-08-11T09:56:44+0200,58a750df-313e-448a-89dd-c0365ec5f82d,2026-07-26T00:30:00Z,2026-07-26T02:30:00+0200,499.0,MW,DK1,DK_1,forecast_offshore_wind_generation,Wind Offshore,2026-08-11T08:00:34Z
2026-08-11T07:56:44Z,2026-08-11T09:56:44+0200,58a750df-313e-448a-89dd-c0365ec5f82d,2026-07-26T00:45:00Z,2026-07-26T02:45:00+0200,497.5,MW,DK1,DK_1,forecast_offshore_wind_generation,Wind Offshore,2026-08-11T08:00:34Z
2026-08-11T07:56:44Z,2026-08-11T09:56:44+0200,58a750df-313e-448a-89dd-c0365ec5f82d,2026-07-26T01:00:00Z,2026-07-26T03:00:00+0200,497.166666,MW,DK1,DK_1,forecast_offshore_wind_generation,Wind Offshore,2026-08-11T08:00:34Z
2026-08-11T07:56:44Z,2026-08-11T09:56:44+0200,58a750df-313e-448a-89dd-c0365ec5f82d,2026-07-26T01:15:00Z,2026-07-26T03:15:00+0200,499.0,MW,DK1,DK_1,forecast_offshore_wind_generation,Wind Offshore,2026-08-11T08:00:34Z
2026-08-11T07:56:44Z,2026-08-11T09:56:44+0200,58a750df-313e-448a-89dd-c0365ec5f82d,2026-07-26T01:30:00Z,2026-07-26T03:30:00+0200,501.333333,MW,DK1,DK_1,forecast_offshore_wind_generation,Wind Offshore,2026-08-11T08:00:34Z
2026-08-11T07:56:44Z,2026-08-11T09:56:44+0200,58a750df-313e-448a-89dd-c0365ec5f82d,2026-07-26T01:45:00Z,2026-07-26T03:45:00+0200,501.333333,MW,DK1,DK_1,forecast_offshore_wind_generation,Wind Offshore,2026-08-11T08:00:34Z
2026-08-11T07:56:44Z,2026-08-11T09:56:44+0200,58a750df-313e-448a-89dd-c0365ec5f82d,2026-07-26T02:00:00Z,2026-07-26T04:00:00+0200,497.666666,MW,DK1,DK_1,forecast_offshore_wind_generation,Wind Offshore,2026-08-11T08:00:34Z
2026-08-11T07:56:44Z,2026-08-11T09:56:44+0200,58a750df-313e-448a-89dd-c0365ec5f82d,2026-07-26T02:15:00Z,2026-07-26T04:15:00+0200,489.333333,MW,DK1,DK_1,forecast_offshore_wind_generation,Wind Offshore,2026-08-11T08:00:34Z
2026-08-11T07:56:44Z,2026-08-11T09:56:44+0200,58a750df-313e-448a-89dd-c0365ec5f82d,2026-07-26T02:30:00Z,2026-07-26T04:30:00+0200,477.833333,MW,DK1,DK_1,forecast_offshore_wind_generation,Wind Offshore,2026-08-11T08:00:34Z
2026-08-11T07:56:44Z,2026-08-11T09:56:44+0200,58a750df-313e-448a-89dd-c0365ec5f82d,2026-07-26T02:45:00Z,2026-07-26T04:45:00+0200,461.833333,MW,DK1,DK_1,forecast_offshore_wind_generation,Wind Offshore,2026-08-11T08:00:34Z
2026-08-11T07:56:44Z,2026-08-11T09:56:44+0200,58a750df-313e-448a-89dd-c0365ec5f82d,2026-07-26T03:00:00Z,2026-07-26T05:00:00+0200,446.333333,MW,DK1,DK_1,forecast_offshore_wind_generation,Wind Offshore,2026-08-11T08:00:34Z
2026-08-11T07:56:44Z,2026-08-11T09:56:44+0200,58a750df-313e-448a-89dd-c0365ec5f82d,2026-07-26T03:15:00Z,2026-07-26T05:15:00+0200,429.0,MW,DK1,DK_1,forecast_offshore_wind_generation,Wind Offshore,2026-08-11T08:00:34Z
2026-08-11T07:56:44Z,2026-08-11T09:56:44+0200,58a750df-313e-448a-89dd-c0365ec5f82d,2026-07-26T03:30:00Z,2026-07-26T05:30:00+0200,410.833333,MW,DK1,DK_1,forecast_offshore_wind_generation,Wind Offshore,2026-08-11T08:00:34Z
2026-08-11T07:56:44Z,2026-08-11T09:56:44+0200,58a750df-313e-448a-89dd-c0365ec5f82d,2026-07-26T03:45:00Z,2026-07-26T05:45:00+0200,391.333333,MW,DK1,DK_1,forecast_offshore_wind_generation,Wind Offshore,2026-08-11T08:00:34Z
2026-08-11T07:56:44Z,2026-08-11T09:56:44+0200,58a750df-313e-448a-89dd-c0365ec5f82d,2026-07-26T04:00:00Z,2026-07-26T06:00:00+0200,370.666666,MW,DK1,DK_1,forecast_offshore_wind_generation,Wind Offshore,2026-08-11T08:00:34Z
2026-08-11T07:56:44Z,2026-08-11T09:56:44+0200,58a750df-313e-448a-89dd-c0365ec5f82d,2026-07-26T04:15:00Z,2026-07-26T06:15:00+0200,350.666666,MW,DK1,DK_1,forecast_offshore_wind_generation,Wind Offshore,2026-08-11T08:00:34Z
2026-08-11T07:56:44Z,2026-08-11T09:56:44+0200,58a750df-313e-448a-89dd-c0365ec5f82d,2026-07-26T04:30:00Z,2026-07-26T06:30:00+0200,331.166666,MW,DK1,DK_1,forecast_offshore_wind_generation,Wind Offshore,2026-08-11T08:00:34Z
2026-08-11T07:56:44Z,2026-08-11T09:56:44+0200,58a750df-313e-448a-89dd-c0365ec5f82d,2026-07-26T04:45:00Z,2026-07-26T06:45:00+0200,314.0,MW,DK1,DK_1,forecast_offshore_wind_generation,Wind Offshore,2026-08-11T08:00:34Z
2026-08-11T07:56:44Z,2026-08-11T09:56:44+0200,58a750df-313e-448a-89dd-c0365ec5f82d,2026-07-26T05:00:00Z,2026-07-26T07:00:00+0200,301.0,MW,DK1,DK_1,forecast_offshore_wind_generation,Wind Offshore,2026-08-11T08:00:34Z
2026-08-11T07:56:44Z,2026-08-11T09:56:44+0200,58a750df-313e-448a-89dd-c0365ec5f82d,2026-07-26T05:15:00Z,2026-07-26T07:15:00+0200,290.5,MW,DK1,DK_1,forecast_offshore_wind_generation,Wind Offshore,2026-08-11T08:00:34Z
2026-08-11T07:56:44Z,2026-08-11T09:56:44+0200,58a750df-313e-448a-89dd-c0365ec5f82d,2026-07-26T05:30:00Z,2026-07-26T07:30:00+0200,280.5,MW,DK1,DK_1,forecast_offshore_wind_generation,Wind Offshore,2026-08-11T08:00:34Z
2026-08-11T07:56:44Z,2026-08-11T09:56:44+0200,58a750df-313e-448a-89dd-c0365ec5f82d,2026-07-26T05:45:00Z,2026-07-26T07:45:00+0200,271.5,MW,DK1,DK_1,forecast_offshore_wind_generation,Wind Offshore,2026-08-11T08:00:34Z
2026-08-11T07:56:44Z,2026-08-11T09:56:44+0200,58a750df-313e-448a-89dd-c0365ec5f82d,2026-07-26T06:00:00Z,2026-07-26T08:00:00+0200,260.666666,MW,DK1,DK_1,forecast_offshore_wind_generation,Wind Offshore,2026-08-11T08:00:34Z
2026-08-11T07:56:44Z,2026-08-11T09:56:44+0200,58a750df-313e-448a-89dd-c0365ec5f82d,2026-07-26T06:15:00Z,2026-07-26T08:15:00+0200,243.333333,MW,DK1,DK_1,forecast_offshore_wind_generation,Wind Offshore,2026-08-11T08:00:34Z
2026-08-11T07:56:44Z,2026-08-11T09:56:44+0200,58a750df-313e-448a-89dd-c0365ec5f82d,2026-07-26T06:30:00Z,2026-07-26T08:30:00+0200,224.833333,MW,DK1,DK_1,forecast_offshore_wind_generation,Wind Offshore,2026-08-11T08:00:34Z
2026-08-11T07:56:44Z,2026-08-11T09:56:44+0200,58a750df-313e-448a-89dd-c0365ec5f82d,2026-07-26T06:45:00Z,2026-07-26T08:45:00+0200,213.5,MW,DK1,DK_1,forecast_offshore_wind_generation,Wind Offshore,2026-08-11T08:00:34Z
2026-08-11T07:56:44Z,2026-08-11T09:56:44+0200,58a750df-313e-448a-89dd-c0365ec5f82d,2026-07-26T07:00:00Z,2026-07-26T09:00:00+0200,205.0,MW,DK1,DK_1,forecast_offshore_wind_generation,Wind Offshore,2026-08-11T08:00:34Z
2026-08-11T07:56:44Z,2026-08-11T09:56:44+0200,58a750df-313e-448a-89dd-c0365ec5f82d,2026-07-26T07:15:00Z,2026-07-26T09:15:00+0200,196.666666,MW,DK1,DK_1,forecast_offshore_wind_generation,Wind Offshore,2026-08-11T08:00:34Z
2026-08-11T07:56:44Z,2026-08-11T09:56:44+0200,58a750df-313e-448a-89dd-c0365ec5f82d,2026-07-26T07:30:00Z,2026-07-26T09:30:00+0200,189.166666,MW,DK1,DK_1,forecast_offshore_wind_generation,Wind Offshore,2026-08-11T08:00:34Z
2026-08-11T07:56:44Z,2026-08-11T09:56:44+0200,58a750df-313e-448a-89dd-c0365ec5f82d,2026-07-26T07:45:00Z,2026-07-26T09:45:00+0200,182.5,MW,DK1,DK_1,forecast_offshore_wind_generation,Wind Offshore,2026-08-11T08:00:34Z
2026-08-11T07:56:44Z,2026-08-11T09:56:44+0200,58a750df-313e-448a-89dd-c0365ec5f82d,2026-07-26T08:00:00Z,2026-07-26T10:00:00+0200,175.333333,MW,DK1,DK_1,forecast_offshore_wind_generation,Wind Offshore,2026-08-11T08:00:34Z
2026-08-11T07:56:44Z,2026-08-11T09:56:44+0200,58a750df-313e-448a-89dd-c0365ec5f82d,2026-07-26T08:15:00Z,2026-07-26T10:15:00+0200,166.333333,MW,DK1,DK_1,forecast_offshore_wind_generation,Wind Offshore,2026-08-11T08:00:34Z
2026-08-11T07:56:44Z,2026-08-11T09:56:44+0200,58a750df-313e-448a-89dd-c0365ec5f82d,2026-07-26T08:30:00Z,2026-07-26T10:30:00+0200,156.5,MW,DK1,DK_1,forecast_offshore_wind_generation,Wind Offshore,2026-08-11T08:00:34Z
2026-08-11T07:56:44Z,2026-08-11T09:56:44+0200,58a750df-313e-448a-89dd-c0365ec5f82d,2026-07-26T08:45:00Z,2026-07-26T10:45:00+0200,146.666666,MW,DK1,DK_1,forecast_offshore_wind_generation,Wind Offshore,2026-08-11T08:00:34Z
2026-08-11T07:56:44Z,2026-08-11T09:56:44+0200,58a750df-313e-448a-89dd-c0365ec5f82d,2026-07-26T09:00:00Z,2026-07-26T11:00:00+0200,138.0,MW,DK1,DK_1,forecast_offshore_wind_generation,Wind Offshore,2026-08-11T08:00:34Z
2026-08-11T07:56:44Z,2026-08-11T09:56:44+0200,58a750df-313e-448a-89dd-c0365ec5f82d,2026-07-26T09:15:00Z,2026-07-26T11:15:00+0200,130.5,MW,DK1,DK_1,forecast_offshore_wind_generation,Wind Offshore,2026-08-11T08:00:34Z
2026-08-11T07:56:44Z,2026-08-11T09:56:44+0200,58a750df-313e-448a-89dd-c0365ec5f82d,2026-07-26T09:30:00Z,2026-07-26T11:30:00+0200,124.0,MW,DK1,DK_1,forecast_offshore_wind_generation,Wind Offshore,2026-08-11T08:00:34Z
2026-08-11T07:56:44Z,2026-08-11T09:56:44+0200,58a750df-313e-448a-89dd-c0365ec5f82d,2026-07-26T09:45:00Z,2026-07-26T11:45:00+0200,118.833333,MW,DK1,DK_1,forecast_offshore_wind_generation,Wind Offshore,2026-08-11T08:00:34Z
2026-08-11T07:56:44Z,2026-08-11T09:56:44+0200,58a750df-313e-448a-89dd-c0365ec5f82d,2026-07-26T10:00:00Z,2026-07-26T12:00:00+0200,113.5,MW,DK1,DK_1,forecast_offshore_wind_generation,Wind Offshore,2026-08-11T08:00:34Z
2026-08-11T07:56:44Z,2026-08-11T09:56:44+0200,58a750df-313e-448a-89dd-c0365ec5f82d,2026-07-26T10:15:00Z,2026-07-26T12:15:00+0200,108.166666,MW,DK1,DK_1,forecast_offshore_wind_generation,Wind Offshore,2026-08-11T08:00:34Z
2026-08-11T07:56:44Z,2026-08-11T09:56:44+0200,58a750df-313e-448a-89dd-c0365ec5f82d,2026-07-26T10:30:00Z,2026-07-26T12:30:00+0200,104.5,MW,DK1,DK_1,forecast_offshore_wind_generation,Wind Offshore,2026-08-11T08:00:34Z
2026-08-11T07:56:44Z,2026-08-11T09:56:44+0200,58a750df-313e-448a-89dd-c0365ec5f82d,2026-07-26T10:45:00Z,2026-07-26T12:45:00+0200,101.666666,MW,DK1,DK_1,forecast_offshore_wind_generation,Wind Offshore,2026-08-11T08:00:34Z
2026-08-11T07:56:44Z,2026-08-11T09:56:44+0200,58a750df-313e-448a-89dd-c0365ec5f82d,2026-07-26T11:00:00Z,2026-07-26T13:00:00+0200,101.833333,MW,DK1,DK_1,forecast_offshore_wind_generation,Wind Offshore,2026-08-11T08:00:34Z
2026-08-11T07:56:44Z,2026-08-11T09:56:44+0200,58a750df-313e-448a-89dd-c0365ec5f82d,2026-07-26T11:15:00Z,2026-07-26T13:15:00+0200,107.833333,MW,DK1,DK_1,forecast_offshore_wind_generation,Wind Offshore,2026-08-11T08:00:34Z
2026-08-11T07:56:44Z,2026-08-11T09:56:44+0200,58a750df-313e-448a-89dd-c0365ec5f82d,2026-07-26T11:30:00Z,2026-07-26T13:30:00+0200,121.0,MW,DK1,DK_1,forecast_offshore_wind_generation,Wind Offshore,2026-08-11T08:00:34Z
2026-08-11T07:56:44Z,2026-08-11T09:56:44+0200,58a750df-313e-448a-89dd-c0365ec5f82d,2026-07-26T11:45:00Z,2026-07-26T13:45:00+0200,136.166666,MW,DK1,DK_1,forecast_offshore_wind_generation,Wind Offshore,2026-08-11T08:00:34Z
2026-08-11T07:56:44Z,2026-08-11T09:56:44+0200,58a750df-313e-448a-89dd-c0365ec5f82d,2026-07-26T12:00:00Z,2026-07-26T14:00:00+0200,145.666666,MW,DK1,DK_1,forecast_offshore_wind_generation,Wind Offshore,2026-08-11T08:00:34Z
2026-08-11T07:56:44Z,2026-08-11T09:56:44+0200,58a750df-313e-448a-89dd-c0365ec5f82d,2026-07-26T12:15:00Z,2026-07-26T14:15:00+0200,155.333333,MW,DK1,DK_1,forecast_offshore_wind_generation,Wind Offshore,2026-08-11T08:00:34Z
2026-08-11T07:56:44Z,2026-08-11T09:56:44+0200,58a750df-313e-448a-89dd-c0365ec5f82d,2026-07-26T12:30:00Z,2026-07-26T14:30:00+0200,165.0,MW,DK1,DK_1,forecast_offshore_wind_generation,Wind Offshore,2026-08-11T08:00:34Z
2026-08-11T07:56:44Z,2026-08-11T09:56:44+0200,58a750df-313e-448a-89dd-c0365ec5f82d,2026-07-26T12:45:00Z,2026-07-26T14:45:00+0200,175.833333,MW,DK1,DK_1,forecast_offshore_wind_generation,Wind Offshore,2026-08-11T08:00:34Z
2026-08-11T07:56:44Z,2026-08-11T09:56:44+0200,58a750df-313e-448a-89dd-c0365ec5f82d,2026-07-26T13:00:00Z,2026-07-26T15:00:00+0200,187.5,MW,DK1,DK_1,forecast_offshore_wind_generation,Wind Offshore,2026-08-11T08:00:34Z
2026-08-11T07:56:44Z,2026-08-11T09:56:44+0200,58a750df-313e-448a-89dd-c0365ec5f82d,2026-07-26T13:15:00Z,2026-07-26T15:15:00+0200,202.0,MW,DK1,DK_1,forecast_offshore_wind_generation,Wind Offshore,2026-08-11T08:00:34Z
2026-08-11T07:56:44Z,2026-08-11T09:56:44+0200,58a750df-313e-448a-89dd-c0365ec5f82d,2026-07-26T13:30:00Z,2026-07-26T15:30:00+0200,217.333333,MW,DK1,DK_1,forecast_offshore_wind_generation,Wind Offshore,2026-08-11T08:00:34Z
2026-08-11T07:56:44Z,2026-08-11T09:56:44+0200,58a750df-313e-448a-89dd-c0365ec5f82d,2026-07-26T13:45:00Z,2026-07-26T15:45:00+0200,229.833333,MW,DK1,DK_1,forecast_offshore_wind_generation,Wind Offshore,2026-08-11T08:00:34Z
2026-08-11T07:56:44Z,2026-08-11T09:56:44+0200,58a750df-313e-448a-89dd-c0365ec5f82d,2026-07-26T14:00:00Z,2026-07-26T16:00:00+0200,239.333333,MW,DK1,DK_1,forecast_offshore_wind_generation,Wind Offshore,2026-08-11T08:00:34Z
2026-08-11T07:56:44Z,2026-08-11T09:56:44+0200,58a750df-313e-448a-89dd-c0365ec5f82d,2026-07-26T14:15:00Z,2026-07-26T16:15:00+0200,244.5,MW,DK1,DK_1,forecast_offshore_wind_generation,Wind Offshore,2026-08-11T08:00:34Z
2026-08-11T07:56:44Z,2026-08-11T09:56:44+0200,58a750df-313e-448a-89dd-c0365ec5f82d,2026-07-26T14:30:00Z,2026-07-26T16:30:00+0200,246.5,MW,DK1,DK_1,forecast_offshore_wind_generation,Wind Offshore,2026-08-11T08:00:34Z
2026-08-11T07:56:44Z,2026-08-11T09:56:44+0200,58a750df-313e-448a-89dd-c0365ec5f82d,2026-07-26T14:45:00Z,2026-07-26T16:45:00+0200,247.5,MW,DK1,DK_1,forecast_offshore_wind_generation,Wind Offshore,2026-08-11T08:00:34Z
2026-08-11T07:56:44Z,2026-08-11T09:56:44+0200,58a750df-313e-448a-89dd-c0365ec5f82d,2026-07-26T15:00:00Z,2026-07-26T17:00:00+0200,248.166666,MW,DK1,DK_1,forecast_offshore_wind_generation,Wind Offshore,2026-08-11T08:00:34Z
2026-08-11T07:56:44Z,2026-08-11T09:56:44+0200,58a750df-313e-448a-89dd-c0365ec5f82d,2026-07-26T15:15:00Z,2026-07-26T17:15:00+0200,249.0,MW,DK1,DK_1,forecast_offshore_wind_generation,Wind Offshore,2026-08-11T08:00:34Z
2026-08-11T07:56:44Z,2026-08-11T09:56:44+0200,58a750df-313e-448a-89dd-c0365ec5f82d,2026-07-26T15:30:00Z,2026-07-26T17:30:00+0200,249.0,MW,DK1,DK_1,forecast_offshore_wind_generation,Wind Offshore,2026-08-11T08:00:34Z
2026-08-11T07:56:44Z,2026-08-11T09:56:44+0200,58a750df-313e-448a-89dd-c0365ec5f82d,2026-07-26T15:45:00Z,2026-07-26T17:45:00+0200,248.833333,MW,DK1,DK_1,forecast_offshore_wind_generation,Wind Offshore,2026-08-11T08:00:34Z
2026-08-11T07:56:44Z,2026-08-11T09:56:44+0200,58a750df-313e-448a-89dd-c0365ec5f82d,2026-07-26T16:00:00Z,2026-07-26T18:00:00+0200,247.5,MW,DK1,DK_1,forecast_offshore_wind_generation,Wind Offshore,2026-08-11T08:00:34Z
2026-08-11T07:56:44Z,2026-08-11T09:56:44+0200,58a750df-313e-448a-89dd-c0365ec5f82d,2026-07-26T16:15:00Z,2026-07-26T18:15:00+0200,246.5,MW,DK1,DK_1,forecast_offshore_wind_generation,Wind Offshore,2026-08-11T08:00:34Z
2026-08-11T07:56:44Z,2026-08-11T09:56:44+0200,58a750df-313e-448a-89dd-c0365ec5f82d,2026-07-26T16:30:00Z,2026-07-26T18:30:00+0200,245.166666,MW,DK1,DK_1,forecast_offshore_wind_generation,Wind Offshore,2026-08-11T08:00:34Z
2026-08-11T07:56:44Z,2026-08-11T09:56:44+0200,58a750df-313e-448a-89dd-c0365ec5f82d,2026-07-26T16:45:00Z,2026-07-26T18:45:00+0200,243.5,MW,DK1,DK_1,forecast_offshore_wind_generation,Wind Offshore,2026-08-11T08:00:34Z
2026-08-11T07:56:44Z,2026-08-11T09:56:44+0200,58a750df-313e-448a-89dd-c0365ec5f82d,2026-07-26T17:00:00Z,2026-07-26T19:00:00+0200,239.0,MW,DK1,DK_1,forecast_offshore_wind_generation,Wind Offshore,2026-08-11T08:00:34Z
2026-08-11T07:56:44Z,2026-08-11T09:56:44+0200,58a750df-313e-448a-89dd-c0365ec5f82d,2026-07-26T17:15:00Z,2026-07-26T19:15:00+0200,227.5,MW,DK1,DK_1,forecast_offshore_wind_generation,Wind Offshore,2026-08-11T08:00:34Z
2026-08-11T07:56:44Z,2026-08-11T09:56:44+0200,58a750df-313e-448a-89dd-c0365ec5f82d,2026-07-26T17:30:00Z,2026-07-26T19:30:00+0200,214.833333,MW,DK1,DK_1,forecast_offshore_wind_generation,Wind Offshore,2026-08-11T08:00:34Z
2026-08-11T07:56:44Z,2026-08-11T09:56:44+0200,58a750df-313e-448a-89dd-c0365ec5f82d,2026-07-26T17:45:00Z,2026-07-26T19:45:00+0200,206.333333,MW,DK1,DK_1,forecast_offshore_wind_generation,Wind Offshore,2026-08-11T08:00:34Z
2026-08-11T07:56:44Z,2026-08-11T09:56:44+0200,58a750df-313e-448a-89dd-c0365ec5f82d,2026-07-26T18:00:00Z,2026-07-26T20:00:00+0200,204.166666,MW,DK1,DK_1,forecast_offshore_wind_generation,Wind Offshore,2026-08-11T08:00:34Z
2026-08-11T07:56:44Z,2026-08-11T09:56:44+0200,58a750df-313e-448a-89dd-c0365ec5f82d,2026-07-26T18:15:00Z,2026-07-26T20:15:00+0200,207.5,MW,DK1,DK_1,forecast_offshore_wind_generation,Wind Offshore,2026-08-11T08:00:34Z
2026-08-11T07:56:44Z,2026-08-11T09:56:44+0200,58a750df-313e-448a-89dd-c0365ec5f82d,2026-07-26T18:30:00Z,2026-07-26T20:30:00+0200,214.5,MW,DK1,DK_1,forecast_offshore_wind_generation,Wind Offshore,2026-08-11T08:00:34Z
2026-08-11T07:56:44Z,2026-08-11T09:56:44+0200,58a750df-313e-448a-89dd-c0365ec5f82d,2026-07-26T18:45:00Z,2026-07-26T20:45:00+0200,224.166666,MW,DK1,DK_1,forecast_offshore_wind_generation,Wind Offshore,2026-08-11T08:00:34Z
2026-08-11T07:56:44Z,2026-08-11T09:56:44+0200,58a750df-313e-448a-89dd-c0365ec5f82d,2026-07-26T19:00:00Z,2026-07-26T21:00:00+0200,236.166666,MW,DK1,DK_1,forecast_offshore_wind_generation,Wind Offshore,2026-08-11T08:00:34Z
2026-08-11T07:56:44Z,2026-08-11T09:56:44+0200,58a750df-313e-448a-89dd-c0365ec5f82d,2026-07-26T19:15:00Z,2026-07-26T21:15:00+0200,252.666666,MW,DK1,DK_1,forecast_offshore_wind_generation,Wind Offshore,2026-08-11T08:00:34Z
2026-08-11T07:56:44Z,2026-08-11T09:56:44+0200,58a750df-313e-448a-89dd-c0365ec5f82d,2026-07-26T19:30:00Z,2026-07-26T21:30:00+0200,274.0,MW,DK1,DK_1,forecast_offshore_wind_generation,Wind Offshore,2026-08-11T08:00:34Z
2026-08-11T07:56:44Z,2026-08-11T09:56:44+0200,58a750df-313e-448a-89dd-c0365ec5f82d,2026-07-26T19:45:00Z,2026-07-26T21:45:00+0200,296.333333,MW,DK1,DK_1,forecast_offshore_wind_generation,Wind Offshore,2026-08-11T08:00:34Z
2026-08-11T07:56:44Z,2026-08-11T09:56:44+0200,58a750df-313e-448a-89dd-c0365ec5f82d,2026-07-26T20:00:00Z,2026-07-26T22:00:00+0200,319.666666,MW,DK1,DK_1,forecast_offshore_wind_generation,Wind Offshore,2026-08-11T08:00:34Z
2026-08-11T07:56:44Z,2026-08-11T09:56:44+0200,58a750df-313e-448a-89dd-c0365ec5f82d,2026-07-26T20:15:00Z,2026-07-26T22:15:00+0200,350.166666,MW,DK1,DK_1,forecast_offshore_wind_generation,Wind Offshore,2026-08-11T08:00:34Z
2026-08-11T07:56:44Z,2026-08-11T09:56:44+0200,58a750df-313e-448a-89dd-c0365ec5f82d,2026-07-26T20:30:00Z,2026-07-26T22:30:00+0200,387.333333,MW,DK1,DK_1,forecast_offshore_wind_generation,Wind Offshore,2026-08-11T08:00:34Z
2026-08-11T07:56:44Z,2026-08-11T09:56:44+0200,58a750df-313e-448a-89dd-c0365ec5f82d,2026-07-26T20:45:00Z,2026-07-26T22:45:00+0200,425.166666,MW,DK1,DK_1,forecast_offshore_wind_generation,Wind Offshore,2026-08-11T08:00:34Z
2026-08-11T07:56:44Z,2026-08-11T09:56:44+0200,58a750df-313e-448a-89dd-c0365ec5f82d,2026-07-26T21:00:00Z,2026-07-26T23:00:00+0200,453.5,MW,DK1,DK_1,forecast_offshore_wind_generation,Wind Offshore,2026-08-11T08:00:34Z
2026-08-11T07:56:44Z,2026-08-11T09:56:44+0200,58a750df-313e-448a-89dd-c0365ec5f82d,2026-07-26T21:15:00Z,2026-07-26T23:15:00+0200,479.333333,MW,DK1,DK_1,forecast_offshore_wind_generation,Wind Offshore,2026-08-11T08:00:34Z
2026-08-11T07:56:44Z,2026-08-11T09:56:44+0200,58a750df-313e-448a-89dd-c0365ec5f82d,2026-07-26T21:30:00Z,2026-07-26T23:30:00+0200,503.833333,MW,DK1,DK_1,forecast_offshore_wind_generation,Wind Offshore,2026-08-11T08:00:34Z
2026-08-11T07:56:44Z,2026-08-11T09:56:44+0200,58a750df-313e-448a-89dd-c0365ec5f82d,2026-07-26T21:45:00Z,2026-07-26T23:45:00+0200,524.833333,MW,DK1,DK_1,forecast_offshore_wind_generation,Wind Offshore,2026-08-11T08:00:34Z
2026-08-11T07:56:44Z,2026-08-11T09:56:44+0200,58a750df-313e-448a-89dd-c0365ec5f82d,2026-07-26T22:00:00Z,2026-07-27T00:00:00+0200,555.166666,MW,DK1,DK_1,forecast_offshore_wind_generation,Wind Offshore,2026-08-11T08:00:34Z
2026-08-11T07:56:44Z,2026-08-11T09:56:44+0200,58a750df-313e-448a-89dd-c0365ec5f82d,2026-07-26T22:15:00Z,2026-07-27T00:15:00+0200,585.5,MW,DK1,DK_1,forecast_offshore_wind_generation,Wind Offshore,2026-08-11T08:00:34Z
2026-08-11T07:56:44Z,2026-08-11T09:56:44+0200,58a750df-313e-448a-89dd-c0365ec5f82d,2026-07-26T22:30:00Z,2026-07-27T00:30:00+0200,618.5,MW,DK1,DK_1,forecast_offshore_wind_generation,Wind Offshore,2026-08-11T08:00:34Z
2026-08-11T07:56:44Z,2026-08-11T09:56:44+0200,58a750df-313e-448a-89dd-c0365ec5f82d,2026-07-26T22:45:00Z,2026-07-27T00:45:00+0200,649.833333,MW,DK1,DK_1,forecast_offshore_wind_generation,Wind Offshore,2026-08-11T08:00:34Z
2026-08-11T07:56:44Z,2026-08-11T09:56:44+0200,58a750df-313e-448a-89dd-c0365ec5f82d,2026-07-26T23:00:00Z,2026-07-27T01:00:00+0200,676.833333,MW,DK1,DK_1,forecast_offshore_wind_generation,Wind Offshore,2026-08-11T08:00:34Z
2026-08-11T07:56:44Z,2026-08-11T09:56:44+0200,58a750df-313e-448a-89dd-c0365ec5f82d,2026-07-26T23:15:00Z,2026-07-27T01:15:00+0200,706.166666,MW,DK1,DK_1,forecast_offshore_wind_generation,Wind Offshore,2026-08-11T08:00:34Z
2026-08-11T07:56:44Z,2026-08-11T09:56:44+0200,58a750df-313e-448a-89dd-c0365ec5f82d,2026-07-26T23:30:00Z,2026-07-27T01:30:00+0200,736.666666,MW,DK1,DK_1,forecast_offshore_wind_generation,Wind Offshore,2026-08-11T08:00:34Z
2026-08-11T07:56:44Z,2026-08-11T09:56:44+0200,58a750df-313e-448a-89dd-c0365ec5f82d,2026-07-26T23:45:00Z,2026-07-27T01:45:00+0200,760.166666,MW,DK1,DK_1,forecast_offshore_wind_generation,Wind Offshore,2026-08-11T08:00:34Z
2026-08-11T07:56:44Z,2026-08-11T09:56:44+0200,58a750df-313e-448a-89dd-c0365ec5f82d,2026-07-27T00:00:00Z,2026-07-27T02:00:00+0200,776.0,MW,DK1,DK_1,forecast_offshore_wind_generation,Wind Offshore,2026-08-11T08:00:34Z
2026-08-11T07:56:44Z,2026-08-11T09:56:44+0200,58a750df-313e-448a-89dd-c0365ec5f82d,2026-07-27T00:15:00Z,2026-07-27T02:15:00+0200,790.5,MW,DK1,DK_1,forecast_offshore_wind_generation,Wind Offshore,2026-08-11T08:00:34Z
2026-08-11T07:56:44Z,2026-08-11T09:56:44+0200,58a750df-313e-448a-89dd-c0365ec5f82d,2026-07-27T00:30:00Z,2026-07-27T02:30:00+0200,805.333333,MW,DK1,DK_1,forecast_offshore_wind_generation,Wind Offshore,2026-08-11T08:00:34Z
2026-08-11T07:56:44Z,2026-08-11T09:56:44+0200,58a750df-313e-448a-89dd-c0365ec5f82d,2026-07-27T00:45:00Z,2026-07-27T02:45:00+0200,818.0,MW,DK1,DK_1,forecast_offshore_wind_generation,Wind Offshore,2026-08-11T08:00:34Z
2026-08-11T07:56:44Z,2026-08-11T09:56:44+0200,58a750df-313e-448a-89dd-c0365ec5f82d,2026-07-27T01:00:00Z,2026-07-27T03:00:00+0200,828.666666,MW,DK1,DK_1,forecast_offshore_wind_generation,Wind Offshore,2026-08-11T08:00:34Z
2026-08-11T07:56:44Z,2026-08-11T09:56:44+0200,58a750df-313e-448a-89dd-c0365ec5f82d,2026-07-27T01:15:00Z,2026-07-27T03:15:00+0200,838.0,MW,DK1,DK_1,forecast_offshore_wind_generation,Wind Offshore,2026-08-11T08:00:34Z
2026-08-11T07:56:44Z,2026-08-11T09:56:44+0200,58a750df-313e-448a-89dd-c0365ec5f82d,2026-07-27T01:30:00Z,2026-07-27T03:30:00+0200,846.5,MW,DK1,DK_1,forecast_offshore_wind_generation,Wind Offshore,2026-08-11T08:00:34Z
2026-08-11T07:56:44Z,2026-08-11T09:56:44+0200,58a750df-313e-448a-89dd-c0365ec5f82d,2026-07-27T01:45:00Z,2026-07-27T03:45:00+0200,856.333333,MW,DK1,DK_1,forecast_offshore_wind_generation,Wind Offshore,2026-08-11T08:00:34Z
2026-08-11T07:56:44Z,2026-08-11T09:56:44+0200,58a750df-313e-448a-89dd-c0365ec5f82d,2026-07-27T02:00:00Z,2026-07-27T04:00:00+0200,866.166666,MW,DK1,DK_1,forecast_offshore_wind_generation,Wind Offshore,2026-08-11T08:00:34Z
2026-08-11T07:56:44Z,2026-08-11T09:56:44+0200,58a750df-313e-448a-89dd-c0365ec5f82d,2026-07-27T02:15:00Z,2026-07-27T04:15:00+0200,877.166666,MW,DK1,DK_1,forecast_offshore_wind_generation,Wind Offshore,2026-08-11T08:00:34Z
2026-08-11T07:56:44Z,2026-08-11T09:56:44+0200,58a750df-313e-448a-89dd-c0365ec5f82d,2026-07-27T02:30:00Z,2026-07-27T04:30:00+0200,888.333333,MW,DK1,DK_1,forecast_offshore_wind_generation,Wind Offshore,2026-08-11T08:00:34Z
2026-08-11T07:56:44Z,2026-08-11T09:56:44+0200,58a750df-313e-448a-89dd-c0365ec5f82d,2026-07-27T02:45:00Z,2026-07-27T04:45:00+0200,896.0,MW,DK1,DK_1,forecast_offshore_wind_generation,Wind Offshore,2026-08-11T08:00:34Z
2026-08-11T07:56:44Z,2026-08-11T09:56:44+0200,58a750df-313e-448a-89dd-c0365ec5f82d,2026-07-27T03:00:00Z,2026-07-27T05:00:00+0200,901.0,MW,DK1,DK_1,forecast_offshore_wind_generation,Wind Offshore,2026-08-11T08:00:34Z
2026-08-11T07:56:44Z,2026-08-11T09:56:44+0200,58a750df-313e-448a-89dd-c0365ec5f82d,2026-07-27T03:15:00Z,2026-07-27T05:15:00+0200,904.0,MW,DK1,DK_1,forecast_offshore_wind_generation,Wind Offshore,2026-08-11T08:00:34Z
2026-08-11T07:56:44Z,2026-08-11T09:56:44+0200,58a750df-313e-448a-89dd-c0365ec5f82d,2026-07-27T03:30:00Z,2026-07-27T05:30:00+0200,905.5,MW,DK1,DK_1,forecast_offshore_wind_generation,Wind Offshore,2026-08-11T08:00:34Z
2026-08-11T07:56:44Z,2026-08-11T09:56:44+0200,58a750df-313e-448a-89dd-c0365ec5f82d,2026-07-27T03:45:00Z,2026-07-27T05:45:00+0200,907.0,MW,DK1,DK_1,forecast_offshore_wind_generation,Wind Offshore,2026-08-11T08:00:34Z
2026-08-11T07:56:44Z,2026-08-11T09:56:44+0200,58a750df-313e-448a-89dd-c0365ec5f82d,2026-07-27T04:00:00Z,2026-07-27T06:00:00+0200,908.5,MW,DK1,DK_1,forecast_offshore_wind_generation,Wind Offshore,2026-08-11T08:00:34Z
2026-08-11T07:56:44Z,2026-08-11T09:56:44+0200,58a750df-313e-448a-89dd-c0365ec5f82d,2026-07-27T04:15:00Z,2026-07-27T06:15:00+0200,910.0,MW,DK1,DK_1,forecast_offshore_wind_generation,Wind Offshore,2026-08-11T08:00:34Z
2026-08-11T07:56:44Z,2026-08-11T09:56:44+0200,58a750df-313e-448a-89dd-c0365ec5f82d,2026-07-27T04:30:00Z,2026-07-27T06:30:00+0200,911.5,MW,DK1,DK_1,forecast_offshore_wind_generation,Wind Offshore,2026-08-11T08:00:34Z
2026-08-11T07:56:44Z,2026-08-11T09:56:44+0200,58a750df-313e-448a-89dd-c0365ec5f82d,2026-07-27T04:45:00Z,2026-07-27T06:45:00+0200,912.833333,MW,DK1,DK_1,forecast_offshore_wind_generation,Wind Offshore,2026-08-11T08:00:34Z
2026-08-11T07:56:44Z,2026-08-11T09:56:44+0200,58a750df-313e-448a-89dd-c0365ec5f82d,2026-07-27T05:00:00Z,2026-07-27T07:00:00+0200,914.5,MW,DK1,DK_1,forecast_offshore_wind_generation,Wind Offshore,2026-08-11T08:00:34Z
2026-08-11T07:56:44Z,2026-08-11T09:56:44+0200,58a750df-313e-448a-89dd-c0365ec5f82d,2026-07-27T05:15:00Z,2026-07-27T07:15:00+0200,917.333333,MW,DK1,DK_1,forecast_offshore_wind_generation,Wind Offshore,2026-08-11T08:00:34Z
2026-08-11T07:56:44Z,2026-08-11T09:56:44+0200,58a750df-313e-448a-89dd-c0365ec5f82d,2026-07-27T05:30:00Z,2026-07-27T07:30:00+0200,919.5,MW,DK1,DK_1,forecast_offshore_wind_generation,Wind Offshore,2026-08-11T08:00:34Z
2026-08-11T07:56:44Z,2026-08-11T09:56:44+0200,58a750df-313e-448a-89dd-c0365ec5f82d,2026-07-27T05:45:00Z,2026-07-27T07:45:00+0200,922.0,MW,DK1,DK_1,forecast_offshore_wind_generation,Wind Offshore,2026-08-11T08:00:34Z
2026-08-11T07:56:44Z,2026-08-11T09:56:44+0200,58a750df-313e-448a-89dd-c0365ec5f82d,2026-07-27T06:00:00Z,2026-07-27T08:00:00+0200,924.0,MW,DK1,DK_1,forecast_offshore_wind_generation,Wind Offshore,2026-08-11T08:00:34Z
2026-08-11T07:56:44Z,2026-08-11T09:56:44+0200,58a750df-313e-448a-89dd-c0365ec5f82d,2026-07-27T06:15:00Z,2026-07-27T08:15:00+0200,926.0,MW,DK1,DK_1,forecast_offshore_wind_generation,Wind Offshore,2026-08-11T08:00:34Z
2026-08-11T07:56:44Z,2026-08-11T09:56:44+0200,58a750df-313e-448a-89dd-c0365ec5f82d,2026-07-27T06:30:00Z,2026-07-27T08:30:00+0200,927.5,MW,DK1,DK_1,forecast_offshore_wind_generation,Wind Offshore,2026-08-11T08:00:34Z
2026-08-11T07:56:44Z,2026-08-11T09:56:44+0200,58a750df-313e-448a-89dd-c0365ec5f82d,2026-07-27T06:45:00Z,2026-07-27T08:45:00+0200,929.0,MW,DK1,DK_1,forecast_offshore_wind_generation,Wind Offshore,2026-08-11T08:00:34Z
2026-08-11T07:56:44Z,2026-08-11T09:56:44+0200,58a750df-313e-448a-89dd-c0365ec5f82d,2026-07-27T07:00:00Z,2026-07-27T09:00:00+0200,929.833333,MW,DK1,DK_1,forecast_offshore_wind_generation,Wind Offshore,2026-08-11T08:00:34Z
2026-08-11T07:56:44Z,2026-08-11T09:56:44+0200,58a750df-313e-448a-89dd-c0365ec5f82d,2026-07-27T07:15:00Z,2026-07-27T09:15:00+0200,927.5,MW,DK1,DK_1,forecast_offshore_wind_generation,Wind Offshore,2026-08-11T08:00:34Z
2026-08-11T07:56:44Z,2026-08-11T09:56:44+0200,58a750df-313e-448a-89dd-c0365ec5f82d,2026-07-27T07:30:00Z,2026-07-27T09:30:00+0200,924.333333,MW,DK1,DK_1,forecast_offshore_wind_generation,Wind Offshore,2026-08-11T08:00:34Z
2026-08-11T07:56:44Z,2026-08-11T09:56:44+0200,58a750df-313e-448a-89dd-c0365ec5f82d,2026-07-27T07:45:00Z,2026-07-27T09:45:00+0200,921.5,MW,DK1,DK_1,forecast_offshore_wind_generation,Wind Offshore,2026-08-11T08:00:34Z
2026-08-11T07:56:44Z,2026-08-11T09:56:44+0200,58a750df-313e-448a-89dd-c0365ec5f82d,2026-07-27T08:00:00Z,2026-07-27T10:00:00+0200,922.666666,MW,DK1,DK_1,forecast_offshore_wind_generation,Wind Offshore,2026-08-11T08:00:34Z
2026-08-11T07:56:44Z,2026-08-11T09:56:44+0200,58a750df-313e-448a-89dd-c0365ec5f82d,2026-07-27T08:15:00Z,2026-07-27T10:15:00+0200,928.166666,MW,DK1,DK_1,forecast_offshore_wind_generation,Wind Offshore,2026-08-11T08:00:34Z
2026-08-11T07:56:44Z,2026-08-11T09:56:44+0200,58a750df-313e-448a-89dd-c0365ec5f82d,2026-07-27T08:30:00Z,2026-07-27T10:30:00+0200,936.0,MW,DK1,DK_1,forecast_offshore_wind_generation,Wind Offshore,2026-08-11T08:00:34Z
2026-08-11T07:56:44Z,2026-08-11T09:56:44+0200,58a750df-313e-448a-89dd-c0365ec5f82d,2026-07-27T08:45:00Z,2026-07-27T10:45:00+0200,943.0,MW,DK1,DK_1,forecast_offshore_wind_generation,Wind Offshore,2026-08-11T08:00:34Z
2026-08-11T07:56:44Z,2026-08-11T09:56:44+0200,58a750df-313e-448a-89dd-c0365ec5f82d,2026-07-27T09:00:00Z,2026-07-27T11:00:00+0200,948.0,MW,DK1,DK_1,forecast_offshore_wind_generation,Wind Offshore,2026-08-11T08:00:34Z
2026-08-11T07:56:44Z,2026-08-11T09:56:44+0200,58a750df-313e-448a-89dd-c0365ec5f82d,2026-07-27T09:15:00Z,2026-07-27T11:15:00+0200,952.833333,MW,DK1,DK_1,forecast_offshore_wind_generation,Wind Offshore,2026-08-11T08:00:34Z
2026-08-11T07:56:44Z,2026-08-11T09:56:44+0200,58a750df-313e-448a-89dd-c0365ec5f82d,2026-07-27T09:30:00Z,2026-07-27T11:30:00+0200,956.0,MW,DK1,DK_1,forecast_offshore_wind_generation,Wind Offshore,2026-08-11T08:00:34Z
2026-08-11T07:56:44Z,2026-08-11T09:56:44+0200,58a750df-313e-448a-89dd-c0365ec5f82d,2026-07-27T09:45:00Z,2026-07-27T11:45:00+0200,957.833333,MW,DK1,DK_1,forecast_offshore_wind_generation,Wind Offshore,2026-08-11T08:00:34Z
2026-08-11T07:56:44Z,2026-08-11T09:56:44+0200,58a750df-313e-448a-89dd-c0365ec5f82d,2026-07-27T10:00:00Z,2026-07-27T12:00:00+0200,959.5,MW,DK1,DK_1,forecast_offshore_wind_generation,Wind Offshore,2026-08-11T08:00:34Z
2026-08-11T07:56:44Z,2026-08-11T09:56:44+0200,58a750df-313e-448a-89dd-c0365ec5f82d,2026-07-27T10:15:00Z,2026-07-27T12:15:00+0200,963.5,MW,DK1,DK_1,forecast_offshore_wind_generation,Wind Offshore,2026-08-11T08:00:34Z
2026-08-11T07:56:44Z,2026-08-11T09:56:44+0200,58a750df-313e-448a-89dd-c0365ec5f82d,2026-07-27T10:30:00Z,2026-07-27T12:30:00+0200,968.0,MW,DK1,DK_1,forecast_offshore_wind_generation,Wind Offshore,2026-08-11T08:00:34Z
2026-08-11T07:56:44Z,2026-08-11T09:56:44+0200,58a750df-313e-448a-89dd-c0365ec5f82d,2026-07-27T10:45:00Z,2026-07-27T12:45:00+0200,971.333333,MW,DK1,DK_1,forecast_offshore_wind_generation,Wind Offshore,2026-08-11T08:00:34Z
2026-08-11T07:56:44Z,2026-08-11T09:56:44+0200,58a750df-313e-448a-89dd-c0365ec5f82d,2026-07-27T11:00:00Z,2026-07-27T13:00:00+0200,972.0,MW,DK1,DK_1,forecast_offshore_wind_generation,Wind Offshore,2026-08-11T08:00:34Z
2026-08-11T07:56:44Z,2026-08-11T09:56:44+0200,58a750df-313e-448a-89dd-c0365ec5f82d,2026-07-27T11:15:00Z,2026-07-27T13:15:00+0200,971.833333,MW,DK1,DK_1,forecast_offshore_wind_generation,Wind Offshore,2026-08-11T08:00:34Z
2026-08-11T07:56:44Z,2026-08-11T09:56:44+0200,58a750df-313e-448a-89dd-c0365ec5f82d,2026-07-27T11:30:00Z,2026-07-27T13:30:00+0200,970.5,MW,DK1,DK_1,forecast_offshore_wind_generation,Wind Offshore,2026-08-11T08:00:34Z
2026-08-11T07:56:44Z,2026-08-11T09:56:44+0200,58a750df-313e-448a-89dd-c0365ec5f82d,2026-07-27T11:45:00Z,2026-07-27T13:45:00+0200,969.0,MW,DK1,DK_1,forecast_offshore_wind_generation,Wind Offshore,2026-08-11T08:00:34Z
2026-08-11T07:56:44Z,2026-08-11T09:56:44+0200,58a750df-313e-448a-89dd-c0365ec5f82d,2026-07-27T12:00:00Z,2026-07-27T14:00:00+0200,966.5,MW,DK1,DK_1,forecast_offshore_wind_generation,Wind Offshore,2026-08-11T08:00:34Z
2026-08-11T07:56:44Z,2026-08-11T09:56:44+0200,58a750df-313e-448a-89dd-c0365ec5f82d,2026-07-27T12:15:00Z,2026-07-27T14:15:00+0200,962.0,MW,DK1,DK_1,forecast_offshore_wind_generation,Wind Offshore,2026-08-11T08:00:34Z
2026-08-11T07:56:44Z,2026-08-11T09:56:44+0200,58a750df-313e-448a-89dd-c0365ec5f82d,2026-07-27T12:30:00Z,2026-07-27T14:30:00+0200,956.166666,MW,DK1,DK_1,forecast_offshore_wind_generation,Wind Offshore,2026-08-11T08:00:34Z
2026-08-11T07:56:44Z,2026-08-11T09:56:44+0200,58a750df-313e-448a-89dd-c0365ec5f82d,2026-07-27T12:45:00Z,2026-07-27T14:45:00+0200,952.166666,MW,DK1,DK_1,forecast_offshore_wind_generation,Wind Offshore,2026-08-11T08:00:34Z
2026-08-11T07:56:44Z,2026-08-11T09:56:44+0200,58a750df-313e-448a-89dd-c0365ec5f82d,2026-07-27T13:00:00Z,2026-07-27T15:00:00+0200,951.0,MW,DK1,DK_1,forecast_offshore_wind_generation,Wind Offshore,2026-08-11T08:00:34Z
2026-08-11T07:56:44Z,2026-08-11T09:56:44+0200,58a750df-313e-448a-89dd-c0365ec5f82d,2026-07-27T13:15:00Z,2026-07-27T15:15:00+0200,951.0,MW,DK1,DK_1,forecast_offshore_wind_generation,Wind Offshore,2026-08-11T08:00:34Z
2026-08-11T07:56:44Z,2026-08-11T09:56:44+0200,58a750df-313e-448a-89dd-c0365ec5f82d,2026-07-27T13:30:00Z,2026-07-27T15:30:00+0200,952.0,MW,DK1,DK_1,forecast_offshore_wind_generation,Wind Offshore,2026-08-11T08:00:34Z
2026-08-11T07:56:44Z,2026-08-11T09:56:44+0200,58a750df-313e-448a-89dd-c0365ec5f82d,2026-07-27T13:45:00Z,2026-07-27T15:45:00+0200,953.5,MW,DK1,DK_1,forecast_offshore_wind_generation,Wind Offshore,2026-08-11T08:00:34Z
2026-08-11T07:56:44Z,2026-08-11T09:56:44+0200,58a750df-313e-448a-89dd-c0365ec5f82d,2026-07-27T14:00:00Z,2026-07-27T16:00:00+0200,955.0,MW,DK1,DK_1,forecast_offshore_wind_generation,Wind Offshore,2026-08-11T08:00:34Z
2026-08-11T07:56:44Z,2026-08-11T09:56:44+0200,58a750df-313e-448a-89dd-c0365ec5f82d,2026-07-27T14:15:00Z,2026-07-27T16:15:00+0200,956.5,MW,DK1,DK_1,forecast_offshore_wind_generation,Wind Offshore,2026-08-11T08:00:34Z
2026-08-11T07:56:44Z,2026-08-11T09:56:44+0200,58a750df-313e-448a-89dd-c0365ec5f82d,2026-07-27T14:30:00Z,2026-07-27T16:30:00+0200,957.833333,MW,DK1,DK_1,forecast_offshore_wind_generation,Wind Offshore,2026-08-11T08:00:34Z
2026-08-11T07:56:44Z,2026-08-11T09:56:44+0200,58a750df-313e-448a-89dd-c0365ec5f82d,2026-07-27T14:45:00Z,2026-07-27T16:45:00+0200,958.0,MW,DK1,DK_1,forecast_offshore_wind_generation,Wind Offshore,2026-08-11T08:00:34Z
2026-08-11T07:56:44Z,2026-08-11T09:56:44+0200,58a750df-313e-448a-89dd-c0365ec5f82d,2026-07-27T15:00:00Z,2026-07-27T17:00:00+0200,956.5,MW,DK1,DK_1,forecast_offshore_wind_generation,Wind Offshore,2026-08-11T08:00:34Z
2026-08-11T07:56:44Z,2026-08-11T09:56:44+0200,58a750df-313e-448a-89dd-c0365ec5f82d,2026-07-27T15:15:00Z,2026-07-27T17:15:00+0200,952.0,MW,DK1,DK_1,forecast_offshore_wind_generation,Wind Offshore,2026-08-11T08:00:34Z
2026-08-11T07:56:44Z,2026-08-11T09:56:44+0200,58a750df-313e-448a-89dd-c0365ec5f82d,2026-07-27T15:30:00Z,2026-07-27T17:30:00+0200,944.5,MW,DK1,DK_1,forecast_offshore_wind_generation,Wind Offshore,2026-08-11T08:00:34Z
2026-08-11T07:56:44Z,2026-08-11T09:56:44+0200,58a750df-313e-448a-89dd-c0365ec5f82d,2026-07-27T15:45:00Z,2026-07-27T17:45:00+0200,935.666666,MW,DK1,DK_1,forecast_offshore_wind_generation,Wind Offshore,2026-08-11T08:00:34Z
2026-08-11T07:56:44Z,2026-08-11T09:56:44+0200,58a750df-313e-448a-89dd-c0365ec5f82d,2026-07-27T16:00:00Z,2026-07-27T18:00:00+0200,928.166666,MW,DK1,DK_1,forecast_offshore_wind_generation,Wind Offshore,2026-08-11T08:00:34Z
2026-08-11T07:56:44Z,2026-08-11T09:56:44+0200,58a750df-313e-448a-89dd-c0365ec5f82d,2026-07-27T16:15:00Z,2026-07-27T18:15:00+0200,921.0,MW,DK1,DK_1,forecast_offshore_wind_generation,Wind Offshore,2026-08-11T08:00:34Z
2026-08-11T07:56:44Z,2026-08-11T09:56:44+0200,58a750df-313e-448a-89dd-c0365ec5f82d,2026-07-27T16:30:00Z,2026-07-27T18:30:00+0200,914.0,MW,DK1,DK_1,forecast_offshore_wind_generation,Wind Offshore,2026-08-11T08:00:34Z
2026-08-11T07:56:44Z,2026-08-11T09:56:44+0200,58a750df-313e-448a-89dd-c0365ec5f82d,2026-07-27T16:45:00Z,2026-07-27T18:45:00+0200,907.166666,MW,DK1,DK_1,forecast_offshore_wind_generation,Wind Offshore,2026-08-11T08:00:34Z
2026-08-11T07:56:44Z,2026-08-11T09:56:44+0200,58a750df-313e-448a-89dd-c0365ec5f82d,2026-07-27T17:00:00Z,2026-07-27T19:00:00+0200,901.0,MW,DK1,DK_1,forecast_offshore_wind_generation,Wind Offshore,2026-08-11T08:00:34Z
2026-08-11T07:56:44Z,2026-08-11T09:56:44+0200,58a750df-313e-448a-89dd-c0365ec5f82d,2026-07-27T17:15:00Z,2026-07-27T19:15:00+0200,894.5,MW,DK1,DK_1,forecast_offshore_wind_generation,Wind Offshore,2026-08-11T08:00:34Z
2026-08-11T07:56:44Z,2026-08-11T09:56:44+0200,58a750df-313e-448a-89dd-c0365ec5f82d,2026-07-27T17:30:00Z,2026-07-27T19:30:00+0200,886.5,MW,DK1,DK_1,forecast_offshore_wind_generation,Wind Offshore,2026-08-11T08:00:34Z
2026-08-11T07:56:44Z,2026-08-11T09:56:44+0200,58a750df-313e-448a-89dd-c0365ec5f82d,2026-07-27T17:45:00Z,2026-07-27T19:45:00+0200,879.0,MW,DK1,DK_1,forecast_offshore_wind_generation,Wind Offshore,2026-08-11T08:00:34Z
2026-08-11T07:56:44Z,2026-08-11T09:56:44+0200,58a750df-313e-448a-89dd-c0365ec5f82d,2026-07-27T18:00:00Z,2026-07-27T20:00:00+0200,873.166666,MW,DK1,DK_1,forecast_offshore_wind_generation,Wind Offshore,2026-08-11T08:00:34Z
2026-08-11T07:56:44Z,2026-08-11T09:56:44+0200,58a750df-313e-448a-89dd-c0365ec5f82d,2026-07-27T18:15:00Z,2026-07-27T20:15:00+0200,868.5,MW,DK1,DK_1,forecast_offshore_wind_generation,Wind Offshore,2026-08-11T08:00:34Z
2026-08-11T07:56:44Z,2026-08-11T09:56:44+0200,58a750df-313e-448a-89dd-c0365ec5f82d,2026-07-27T18:30:00Z,2026-07-27T20:30:00+0200,864.0,MW,DK1,DK_1,forecast_offshore_wind_generation,Wind Offshore,2026-08-11T08:00:34Z
2026-08-11T07:56:44Z,2026-08-11T09:56:44+0200,58a750df-313e-448a-89dd-c0365ec5f82d,2026-07-27T18:45:00Z,2026-07-27T20:45:00+0200,859.5,MW,DK1,DK_1,forecast_offshore_wind_generation,Wind Offshore,2026-08-11T08:00:34Z
2026-08-11T07:56:44Z,2026-08-11T09:56:44+0200,58a750df-313e-448a-89dd-c0365ec5f82d,2026-07-27T19:00:00Z,2026-07-27T21:00:00+0200,853.333333,MW,DK1,DK_1,forecast_offshore_wind_generation,Wind Offshore,2026-08-11T08:00:34Z
2026-08-11T07:56:44Z,2026-08-11T09:56:44+0200,58a750df-313e-448a-89dd-c0365ec5f82d,2026-07-27T19:15:00Z,2026-07-27T21:15:00+0200,844.333333,MW,DK1,DK_1,forecast_offshore_wind_generation,Wind Offshore,2026-08-11T08:00:34Z
2026-08-11T07:56:44Z,2026-08-11T09:56:44+0200,58a750df-313e-448a-89dd-c0365ec5f82d,2026-07-27T19:30:00Z,2026-07-27T21:30:00+0200,833.0,MW,DK1,DK_1,forecast_offshore_wind_generation,Wind Offshore,2026-08-11T08:00:34Z
2026-08-11T07:56:44Z,2026-08-11T09:56:44+0200,58a750df-313e-448a-89dd-c0365ec5f82d,2026-07-27T19:45:00Z,2026-07-27T21:45:00+0200,821.5,MW,DK1,DK_1,forecast_offshore_wind_generation,Wind Offshore,2026-08-11T08:00:34Z
2026-08-11T07:56:44Z,2026-08-11T09:56:44+0200,58a750df-313e-448a-89dd-c0365ec5f82d,2026-07-27T20:00:00Z,2026-07-27T22:00:00+0200,810.666666,MW,DK1,DK_1,forecast_offshore_wind_generation,Wind Offshore,2026-08-11T08:00:34Z
2026-08-11T07:56:44Z,2026-08-11T09:56:44+0200,58a750df-313e-448a-89dd-c0365ec5f82d,2026-07-27T20:15:00Z,2026-07-27T22:15:00+0200,797.333333,MW,DK1,DK_1,forecast_offshore_wind_generation,Wind Offshore,2026-08-11T08:00:34Z
2026-08-11T07:56:44Z,2026-08-11T09:56:44+0200,58a750df-313e-448a-89dd-c0365ec5f82d,2026-07-27T20:30:00Z,2026-07-27T22:30:00+0200,784.166666,MW,DK1,DK_1,forecast_offshore_wind_generation,Wind Offshore,2026-08-11T08:00:34Z
2026-08-11T07:56:44Z,2026-08-11T09:56:44+0200,58a750df-313e-448a-89dd-c0365ec5f82d,2026-07-27T20:45:00Z,2026-07-27T22:45:00+0200,774.833333,MW,DK1,DK_1,forecast_offshore_wind_generation,Wind Offshore,2026-08-11T08:00:34Z
2026-08-11T07:56:44Z,2026-08-11T09:56:44+0200,58a750df-313e-448a-89dd-c0365ec5f82d,2026-07-27T21:00:00Z,2026-07-27T23:00:00+0200,772.666666,MW,DK1,DK_1,forecast_offshore_wind_generation,Wind Offshore,2026-08-11T08:00:34Z
2026-08-11T07:56:44Z,2026-08-11T09:56:44+0200,58a750df-313e-448a-89dd-c0365ec5f82d,2026-07-27T21:15:00Z,2026-07-27T23:15:00+0200,776.333333,MW,DK1,DK_1,forecast_offshore_wind_generation,Wind Offshore,2026-08-11T08:00:34Z
2026-08-11T07:56:44Z,2026-08-11T09:56:44+0200,58a750df-313e-448a-89dd-c0365ec5f82d,2026-07-27T21:30:00Z,2026-07-27T23:30:00+0200,783.0,MW,DK1,DK_1,forecast_offshore_wind_generation,Wind Offshore,2026-08-11T08:00:34Z
2026-08-11T07:56:44Z,2026-08-11T09:56:44+0200,58a750df-313e-448a-89dd-c0365ec5f82d,2026-07-27T21:45:00Z,2026-07-27T23:45:00+0200,787.5,MW,DK1,DK_1,forecast_offshore_wind_generation,Wind Offshore,2026-08-11T08:00:34Z
2026-08-11T07:56:44Z,2026-08-11T09:56:44+0200,58a750df-313e-448a-89dd-c0365ec5f82d,2026-07-27T22:00:00Z,2026-07-28T00:00:00+0200,799.0,MW,DK1,DK_1,forecast_offshore_wind_generation,Wind Offshore,2026-08-11T08:00:34Z
2026-08-11T07:56:44Z,2026-08-11T09:56:44+0200,58a750df-313e-448a-89dd-c0365ec5f82d,2026-07-27T22:15:00Z,2026-07-28T00:15:00+0200,793.0,MW,DK1,DK_1,forecast_offshore_wind_generation,Wind Offshore,2026-08-11T08:00:34Z
2026-08-11T07:56:44Z,2026-08-11T09:56:44+0200,58a750df-313e-448a-89dd-c0365ec5f82d,2026-07-27T22:30:00Z,2026-07-28T00:30:00+0200,786.166666,MW,DK1,DK_1,forecast_offshore_wind_generation,Wind Offshore,2026-08-11T08:00:34Z
2026-08-11T07:56:44Z,2026-08-11T09:56:44+0200,58a750df-313e-448a-89dd-c0365ec5f82d,2026-07-27T22:45:00Z,2026-07-28T00:45:00+0200,780.0,MW,DK1,DK_1,forecast_offshore_wind_generation,Wind Offshore,2026-08-11T08:00:34Z
2026-08-11T07:56:44Z,2026-08-11T09:56:44+0200,58a750df-313e-448a-89dd-c0365ec5f82d,2026-07-27T23:00:00Z,2026-07-28T01:00:00+0200,774.5,MW,DK1,DK_1,forecast_offshore_wind_generation,Wind Offshore,2026-08-11T08:00:34Z
2026-08-11T07:56:44Z,2026-08-11T09:56:44+0200,58a750df-313e-448a-89dd-c0365ec5f82d,2026-07-27T23:15:00Z,2026-07-28T01:15:00+0200,771.0,MW,DK1,DK_1,forecast_offshore_wind_generation,Wind Offshore,2026-08-11T08:00:34Z
2026-08-11T07:56:44Z,2026-08-11T09:56:44+0200,58a750df-313e-448a-89dd-c0365ec5f82d,2026-07-27T23:30:00Z,2026-07-28T01:30:00+0200,769.0,MW,DK1,DK_1,forecast_offshore_wind_generation,Wind Offshore,2026-08-11T08:00:34Z
2026-08-11T07:56:44Z,2026-08-11T09:56:44+0200,58a750df-313e-448a-89dd-c0365ec5f82d,2026-07-27T23:45:00Z,2026-07-28T01:45:00+0200,767.5,MW,DK1,DK_1,forecast_offshore_wind_generation,Wind Offshore,2026-08-11T08:00:34Z
2026-08-11T07:56:44Z,2026-08-11T09:56:44+0200,58a750df-313e-448a-89dd-c0365ec5f82d,2026-07-28T00:00:00Z,2026-07-28T02:00:00+0200,767.0,MW,DK1,DK_1,forecast_offshore_wind_generation,Wind Offshore,2026-08-11T08:00:34Z
2026-08-11T07:56:44Z,2026-08-11T09:56:44+0200,58a750df-313e-448a-89dd-c0365ec5f82d,2026-07-28T00:15:00Z,2026-07-28T02:15:00+0200,768.0,MW,DK1,DK_1,forecast_offshore_wind_generation,Wind Offshore,2026-08-11T08:00:34Z
2026-08-11T07:56:44Z,2026-08-11T09:56:44+0200,58a750df-313e-448a-89dd-c0365ec5f82d,2026-07-28T00:30:00Z,2026-07-28T02:30:00+0200,769.5,MW,DK1,DK_1,forecast_offshore_wind_generation,Wind Offshore,2026-08-11T08:00:34Z
2026-08-11T07:56:44Z,2026-08-11T09:56:44+0200,58a750df-313e-448a-89dd-c0365ec5f82d,2026-07-28T00:45:00Z,2026-07-28T02:45:00+0200,770.833333,MW,DK1,DK_1,forecast_offshore_wind_generation,Wind Offshore,2026-08-11T08:00:34Z
2026-08-11T07:56:44Z,2026-08-11T09:56:44+0200,58a750df-313e-448a-89dd-c0365ec5f82d,2026-07-28T01:00:00Z,2026-07-28T03:00:00+0200,769.5,MW,DK1,DK_1,forecast_offshore_wind_generation,Wind Offshore,2026-08-11T08:00:34Z
2026-08-11T07:56:44Z,2026-08-11T09:56:44+0200,58a750df-313e-448a-89dd-c0365ec5f82d,2026-07-28T01:15:00Z,2026-07-28T03:15:00+0200,767.166666,MW,DK1,DK_1,forecast_offshore_wind_generation,Wind Offshore,2026-08-11T08:00:34Z
2026-08-11T07:56:44Z,2026-08-11T09:56:44+0200,58a750df-313e-448a-89dd-c0365ec5f82d,2026-07-28T01:30:00Z,2026-07-28T03:30:00+0200,763.5,MW,DK1,DK_1,forecast_offshore_wind_generation,Wind Offshore,2026-08-11T08:00:34Z
2026-08-11T07:56:44Z,2026-08-11T09:56:44+0200,58a750df-313e-448a-89dd-c0365ec5f82d,2026-07-28T01:45:00Z,2026-07-28T03:45:00+0200,760.666666,MW,DK1,DK_1,forecast_offshore_wind_generation,Wind Offshore,2026-08-11T08:00:34Z
2026-08-11T07:56:44Z,2026-08-11T09:56:44+0200,58a750df-313e-448a-89dd-c0365ec5f82d,2026-07-28T02:00:00Z,2026-07-28T04:00:00+0200,760.166666,MW,DK1,DK_1,forecast_offshore_wind_generation,Wind Offshore,2026-08-11T08:00:34Z
2026-08-11T07:56:44Z,2026-08-11T09:56:44+0200,58a750df-313e-448a-89dd-c0365ec5f82d,2026-07-28T02:15:00Z,2026-07-28T04:15:00+0200,762.5,MW,DK1,DK_1,forecast_offshore_wind_generation,Wind Offshore,2026-08-11T08:00:34Z
2026-08-11T07:56:44Z,2026-08-11T09:56:44+0200,58a750df-313e-448a-89dd-c0365ec5f82d,2026-07-28T02:30:00Z,2026-07-28T04:30:00+0200,765.0,MW,DK1,DK_1,forecast_offshore_wind_generation,Wind Offshore,2026-08-11T08:00:34Z
2026-08-11T07:56:44Z,2026-08-11T09:56:44+0200,58a750df-313e-448a-89dd-c0365ec5f82d,2026-07-28T02:45:00Z,2026-07-28T04:45:00+0200,761.333333,MW,DK1,DK_1,forecast_offshore_wind_generation,Wind Offshore,2026-08-11T08:00:34Z
2026-08-11T07:56:44Z,2026-08-11T09:56:44+0200,58a750df-313e-448a-89dd-c0365ec5f82d,2026-07-28T03:00:00Z,2026-07-28T05:00:00+0200,752.666666,MW,DK1,DK_1,forecast_offshore_wind_generation,Wind Offshore,2026-08-11T08:00:34Z
2026-08-11T07:56:44Z,2026-08-11T09:56:44+0200,58a750df-313e-448a-89dd-c0365ec5f82d,2026-07-28T03:15:00Z,2026-07-28T05:15:00+0200,737.833333,MW,DK1,DK_1,forecast_offshore_wind_generation,Wind Offshore,2026-08-11T08:00:34Z
2026-08-11T07:56:44Z,2026-08-11T09:56:44+0200,58a750df-313e-448a-89dd-c0365ec5f82d,2026-07-28T03:30:00Z,2026-07-28T05:30:00+0200,718.5,MW,DK1,DK_1,forecast_offshore_wind_generation,Wind Offshore,2026-08-11T08:00:34Z
2026-08-11T07:56:44Z,2026-08-11T09:56:44+0200,58a750df-313e-448a-89dd-c0365ec5f82d,2026-07-28T03:45:00Z,2026-07-28T05:45:00+0200,698.333333,MW,DK1,DK_1,forecast_offshore_wind_generation,Wind Offshore,2026-08-11T08:00:34Z
2026-08-11T07:56:44Z,2026-08-11T09:56:44+0200,58a750df-313e-448a-89dd-c0365ec5f82d,2026-07-28T04:00:00Z,2026-07-28T06:00:00+0200,678.166666,MW,DK1,DK_1,forecast_offshore_wind_generation,Wind Offshore,2026-08-11T08:00:34Z
2026-08-11T07:56:44Z,2026-08-11T09:56:44+0200,58a750df-313e-448a-89dd-c0365ec5f82d,2026-07-28T04:15:00Z,2026-07-28T06:15:00+0200,660.0,MW,DK1,DK_1,forecast_offshore_wind_generation,Wind Offshore,2026-08-11T08:00:34Z
2026-08-11T07:56:44Z,2026-08-11T09:56:44+0200,58a750df-313e-448a-89dd-c0365ec5f82d,2026-07-28T04:30:00Z,2026-07-28T06:30:00+0200,643.166666,MW,DK1,DK_1,forecast_offshore_wind_generation,Wind Offshore,2026-08-11T08:00:34Z
2026-08-11T07:56:44Z,2026-08-11T09:56:44+0200,58a750df-313e-448a-89dd-c0365ec5f82d,2026-07-28T04:45:00Z,2026-07-28T06:45:00+0200,628.666666,MW,DK1,DK_1,forecast_offshore_wind_generation,Wind Offshore,2026-08-11T08:00:34Z
2026-08-11T07:56:44Z,2026-08-11T09:56:44+0200,58a750df-313e-448a-89dd-c0365ec5f82d,2026-07-28T05:00:00Z,2026-07-28T07:00:00+0200,618.333333,MW,DK1,DK_1,forecast_offshore_wind_generation,Wind Offshore,2026-08-11T08:00:34Z
2026-08-11T07:56:44Z,2026-08-11T09:56:44+0200,58a750df-313e-448a-89dd-c0365ec5f82d,2026-07-28T05:15:00Z,2026-07-28T07:15:00+0200,615.0,MW,DK1,DK_1,forecast_offshore_wind_generation,Wind Offshore,2026-08-11T08:00:34Z
2026-08-11T07:56:44Z,2026-08-11T09:56:44+0200,58a750df-313e-448a-89dd-c0365ec5f82d,2026-07-28T05:30:00Z,2026-07-28T07:30:00+0200,613.333333,MW,DK1,DK_1,forecast_offshore_wind_generation,Wind Offshore,2026-08-11T08:00:34Z
2026-08-11T07:56:44Z,2026-08-11T09:56:44+0200,58a750df-313e-448a-89dd-c0365ec5f82d,2026-07-28T05:45:00Z,2026-07-28T07:45:00+0200,610.333333,MW,DK1,DK_1,forecast_offshore_wind_generation,Wind Offshore,2026-08-11T08:00:34Z
2026-08-11T07:56:44Z,2026-08-11T09:56:44+0200,58a750df-313e-448a-89dd-c0365ec5f82d,2026-07-28T06:00:00Z,2026-07-28T08:00:00+0200,605.833333,MW,DK1,DK_1,forecast_offshore_wind_generation,Wind Offshore,2026-08-11T08:00:34Z
2026-08-11T07:56:44Z,2026-08-11T09:56:44+0200,58a750df-313e-448a-89dd-c0365ec5f82d,2026-07-28T06:15:00Z,2026-07-28T08:15:00+0200,601.333333,MW,DK1,DK_1,forecast_offshore_wind_generation,Wind Offshore,2026-08-11T08:00:34Z
2026-08-11T07:56:44Z,2026-08-11T09:56:44+0200,58a750df-313e-448a-89dd-c0365ec5f82d,2026-07-28T06:30:00Z,2026-07-28T08:30:00+0200,596.666666,MW,DK1,DK_1,forecast_offshore_wind_generation,Wind Offshore,2026-08-11T08:00:34Z
2026-08-11T07:56:44Z,2026-08-11T09:56:44+0200,58a750df-313e-448a-89dd-c0365ec5f82d,2026-07-28T06:45:00Z,2026-07-28T08:45:00+0200,589.333333,MW,DK1,DK_1,forecast_offshore_wind_generation,Wind Offshore,2026-08-11T08:00:34Z
2026-08-11T07:56:44Z,2026-08-11T09:56:44+0200,58a750df-313e-448a-89dd-c0365ec5f82d,2026-07-28T07:00:00Z,2026-07-28T09:00:00+0200,578.833333,MW,DK1,DK_1,forecast_offshore_wind_generation,Wind Offshore,2026-08-11T08:00:34Z
2026-08-11T07:56:44Z,2026-08-11T09:56:44+0200,58a750df-313e-448a-89dd-c0365ec5f82d,2026-07-28T07:15:00Z,2026-07-28T09:15:00+0200,563.0,MW,DK1,DK_1,forecast_offshore_wind_generation,Wind Offshore,2026-08-11T08:00:34Z
2026-08-11T07:56:44Z,2026-08-11T09:56:44+0200,58a750df-313e-448a-89dd-c0365ec5f82d,2026-07-28T07:30:00Z,2026-07-28T09:30:00+0200,545.0,MW,DK1,DK_1,forecast_offshore_wind_generation,Wind Offshore,2026-08-11T08:00:34Z
2026-08-11T07:56:44Z,2026-08-11T09:56:44+0200,58a750df-313e-448a-89dd-c0365ec5f82d,2026-07-28T07:45:00Z,2026-07-28T09:45:00+0200,527.666666,MW,DK1,DK_1,forecast_offshore_wind_generation,Wind Offshore,2026-08-11T08:00:34Z
2026-08-11T07:56:44Z,2026-08-11T09:56:44+0200,58a750df-313e-448a-89dd-c0365ec5f82d,2026-07-28T08:00:00Z,2026-07-28T10:00:00+0200,512.5,MW,DK1,DK_1,forecast_offshore_wind_generation,Wind Offshore,2026-08-11T08:00:34Z
2026-08-11T07:56:44Z,2026-08-11T09:56:44+0200,58a750df-313e-448a-89dd-c0365ec5f82d,2026-07-28T08:15:00Z,2026-07-28T10:15:00+0200,496.0,MW,DK1,DK_1,forecast_offshore_wind_generation,Wind Offshore,2026-08-11T08:00:34Z
2026-08-11T07:56:44Z,2026-08-11T09:56:44+0200,58a750df-313e-448a-89dd-c0365ec5f82d,2026-07-28T08:30:00Z,2026-07-28T10:30:00+0200,479.5,MW,DK1,DK_1,forecast_offshore_wind_generation,Wind Offshore,2026-08-11T08:00:34Z
2026-08-11T07:56:44Z,2026-08-11T09:56:44+0200,58a750df-313e-448a-89dd-c0365ec5f82d,2026-07-28T08:45:00Z,2026-07-28T10:45:00+0200,467.0,MW,DK1,DK_1,forecast_offshore_wind_generation,Wind Offshore,2026-08-11T08:00:34Z
2026-08-11T07:56:44Z,2026-08-11T09:56:44+0200,58a750df-313e-448a-89dd-c0365ec5f82d,2026-07-28T09:00:00Z,2026-07-28T11:00:00+0200,463.333333,MW,DK1,DK_1,forecast_offshore_wind_generation,Wind Offshore,2026-08-11T08:00:34Z
2026-08-11T07:56:44Z,2026-08-11T09:56:44+0200,58a750df-313e-448a-89dd-c0365ec5f82d,2026-07-28T09:15:00Z,2026-07-28T11:15:00+0200,465.666666,MW,DK1,DK_1,forecast_offshore_wind_generation,Wind Offshore,2026-08-11T08:00:34Z
2026-08-11T07:56:44Z,2026-08-11T09:56:44+0200,58a750df-313e-448a-89dd-c0365ec5f82d,2026-07-28T09:30:00Z,2026-07-28T11:30:00+0200,471.0,MW,DK1,DK_1,forecast_offshore_wind_generation,Wind Offshore,2026-08-11T08:00:34Z
2026-08-11T07:56:44Z,2026-08-11T09:56:44+0200,58a750df-313e-448a-89dd-c0365ec5f82d,2026-07-28T09:45:00Z,2026-07-28T11:45:00+0200,476.0,MW,DK1,DK_1,forecast_offshore_wind_generation,Wind Offshore,2026-08-11T08:00:34Z
2026-08-11T07:56:44Z,2026-08-11T09:56:44+0200,58a750df-313e-448a-89dd-c0365ec5f82d,2026-07-28T10:00:00Z,2026-07-28T12:00:00+0200,478.0,MW,DK1,DK_1,forecast_offshore_wind_generation,Wind Offshore,2026-08-11T08:00:34Z
2026-08-11T07:56:44Z,2026-08-11T09:56:44+0200,58a750df-313e-448a-89dd-c0365ec5f82d,2026-07-28T10:15:00Z,2026-07-28T12:15:00+0200,477.0,MW,DK1,DK_1,forecast_offshore_wind_generation,Wind Offshore,2026-08-11T08:00:34Z
2026-08-11T07:56:44Z,2026-08-11T09:56:44+0200,58a750df-313e-448a-89dd-c0365ec5f82d,2026-07-28T10:30:00Z,2026-07-28T12:30:00+0200,475.5,MW,DK1,DK_1,forecast_offshore_wind_generation,Wind Offshore,2026-08-11T08:00:34Z
2026-08-11T07:56:44Z,2026-08-11T09:56:44+0200,58a750df-313e-448a-89dd-c0365ec5f82d,2026-07-28T10:45:00Z,2026-07-28T12:45:00+0200,474.833333,MW,DK1,DK_1,forecast_offshore_wind_generation,Wind Offshore,2026-08-11T08:00:34Z
2026-08-11T07:56:44Z,2026-08-11T09:56:44+0200,58a750df-313e-448a-89dd-c0365ec5f82d,2026-07-28T11:00:00Z,2026-07-28T13:00:00+0200,478.166666,MW,DK1,DK_1,forecast_offshore_wind_generation,Wind Offshore,2026-08-11T08:00:34Z
2026-08-11T07:56:44Z,2026-08-11T09:56:44+0200,58a750df-313e-448a-89dd-c0365ec5f82d,2026-07-28T11:15:00Z,2026-07-28T13:15:00+0200,484.5,MW,DK1,DK_1,forecast_offshore_wind_generation,Wind Offshore,2026-08-11T08:00:34Z
2026-08-11T07:56:44Z,2026-08-11T09:56:44+0200,58a750df-313e-448a-89dd-c0365ec5f82d,2026-07-28T11:30:00Z,2026-07-28T13:30:00+0200,492.0,MW,DK1,DK_1,forecast_offshore_wind_generation,Wind Offshore,2026-08-11T08:00:34Z
2026-08-11T07:56:44Z,2026-08-11T09:56:44+0200,58a750df-313e-448a-89dd-c0365ec5f82d,2026-07-28T11:45:00Z,2026-07-28T13:45:00+0200,498.0,MW,DK1,DK_1,forecast_offshore_wind_generation,Wind Offshore,2026-08-11T08:00:34Z
2026-08-11T07:56:44Z,2026-08-11T09:56:44+0200,58a750df-313e-448a-89dd-c0365ec5f82d,2026-07-28T12:00:00Z,2026-07-28T14:00:00+0200,501.0,MW,DK1,DK_1,forecast_offshore_wind_generation,Wind Offshore,2026-08-11T08:00:34Z
2026-08-11T07:56:44Z,2026-08-11T09:56:44+0200,58a750df-313e-448a-89dd-c0365ec5f82d,2026-07-28T12:15:00Z,2026-07-28T14:15:00+0200,503.0,MW,DK1,DK_1,forecast_offshore_wind_generation,Wind Offshore,2026-08-11T08:00:34Z
2026-08-11T07:56:44Z,2026-08-11T09:56:44+0200,58a750df-313e-448a-89dd-c0365ec5f82d,2026-07-28T12:30:00Z,2026-07-28T14:30:00+0200,504.0,MW,DK1,DK_1,forecast_offshore_wind_generation,Wind Offshore,2026-08-11T08:00:34Z
2026-08-11T07:56:44Z,2026-08-11T09:56:44+0200,58a750df-313e-448a-89dd-c0365ec5f82d,2026-07-28T12:45:00Z,2026-07-28T14:45:00+0200,502.833333,MW,DK1,DK_1,forecast_offshore_wind_generation,Wind Offshore,2026-08-11T08:00:34Z
2026-08-11T07:56:44Z,2026-08-11T09:56:44+0200,58a750df-313e-448a-89dd-c0365ec5f82d,2026-07-28T13:00:00Z,2026-07-28T15:00:00+0200,498.666666,MW,DK1,DK_1,forecast_offshore_wind_generation,Wind Offshore,2026-08-11T08:00:34Z
2026-08-11T07:56:44Z,2026-08-11T09:56:44+0200,58a750df-313e-448a-89dd-c0365ec5f82d,2026-07-28T13:15:00Z,2026-07-28T15:15:00+0200,490.333333,MW,DK1,DK_1,forecast_offshore_wind_generation,Wind Offshore,2026-08-11T08:00:34Z
2026-08-11T07:56:44Z,2026-08-11T09:56:44+0200,58a750df-313e-448a-89dd-c0365ec5f82d,2026-07-28T13:30:00Z,2026-07-28T15:30:00+0200,478.5,MW,DK1,DK_1,forecast_offshore_wind_generation,Wind Offshore,2026-08-11T08:00:34Z
2026-08-11T07:56:44Z,2026-08-11T09:56:44+0200,58a750df-313e-448a-89dd-c0365ec5f82d,2026-07-28T13:45:00Z,2026-07-28T15:45:00+0200,467.666666,MW,DK1,DK_1,forecast_offshore_wind_generation,Wind Offshore,2026-08-11T08:00:34Z
2026-08-11T07:56:44Z,2026-08-11T09:56:44+0200,58a750df-313e-448a-89dd-c0365ec5f82d,2026-07-28T14:00:00Z,2026-07-28T16:00:00+0200,460.166666,MW,DK1,DK_1,forecast_offshore_wind_generation,Wind Offshore,2026-08-11T08:00:34Z
2026-08-11T07:56:44Z,2026-08-11T09:56:44+0200,58a750df-313e-448a-89dd-c0365ec5f82d,2026-07-28T14:15:00Z,2026-07-28T16:15:00+0200,453.0,MW,DK1,DK_1,forecast_offshore_wind_generation,Wind Offshore,2026-08-11T08:00:34Z
2026-08-11T07:56:44Z,2026-08-11T09:56:44+0200,58a750df-313e-448a-89dd-c0365ec5f82d,2026-07-28T14:30:00Z,2026-07-28T16:30:00+0200,445.166666,MW,DK1,DK_1,forecast_offshore_wind_generation,Wind Offshore,2026-08-11T08:00:34Z
2026-08-11T07:56:44Z,2026-08-11T09:56:44+0200,58a750df-313e-448a-89dd-c0365ec5f82d,2026-07-28T14:45:00Z,2026-07-28T16:45:00+0200,439.166666,MW,DK1,DK_1,forecast_offshore_wind_generation,Wind Offshore,2026-08-11T08:00:34Z
2026-08-11T07:56:44Z,2026-08-11T09:56:44+0200,58a750df-313e-448a-89dd-c0365ec5f82d,2026-07-28T15:00:00Z,2026-07-28T17:00:00+0200,434.666666,MW,DK1,DK_1,forecast_offshore_wind_generation,Wind Offshore,2026-08-11T08:00:34Z
2026-08-11T07:56:44Z,2026-08-11T09:56:44+0200,58a750df-313e-448a-89dd-c0365ec5f82d,2026-07-28T15:15:00Z,2026-07-28T17:15:00+0200,427.0,MW,DK1,DK_1,forecast_offshore_wind_generation,Wind Offshore,2026-08-11T08:00:34Z
2026-08-11T07:56:44Z,2026-08-11T09:56:44+0200,58a750df-313e-448a-89dd-c0365ec5f82d,2026-07-28T15:30:00Z,2026-07-28T17:30:00+0200,418.666666,MW,DK1,DK_1,forecast_offshore_wind_generation,Wind Offshore,2026-08-11T08:00:34Z
2026-08-11T07:56:44Z,2026-08-11T09:56:44+0200,58a750df-313e-448a-89dd-c0365ec5f82d,2026-07-28T15:45:00Z,2026-07-28T17:45:00+0200,412.666666,MW,DK1,DK_1,forecast_offshore_wind_generation,Wind Offshore,2026-08-11T08:00:34Z
2026-08-11T07:56:44Z,2026-08-11T09:56:44+0200,58a750df-313e-448a-89dd-c0365ec5f82d,2026-07-28T16:00:00Z,2026-07-28T18:00:00+0200,412.666666,MW,DK1,DK_1,forecast_offshore_wind_generation,Wind Offshore,2026-08-11T08:00:34Z
2026-08-11T07:56:44Z,2026-08-11T09:56:44+0200,58a750df-313e-448a-89dd-c0365ec5f82d,2026-07-28T16:15:00Z,2026-07-28T18:15:00+0200,420.0,MW,DK1,DK_1,forecast_offshore_wind_generation,Wind Offshore,2026-08-11T08:00:34Z
2026-08-11T07:56:44Z,2026-08-11T09:56:44+0200,58a750df-313e-448a-89dd-c0365ec5f82d,2026-07-28T16:30:00Z,2026-07-28T18:30:00+0200,432.0,MW,DK1,DK_1,forecast_offshore_wind_generation,Wind Offshore,2026-08-11T08:00:34Z
2026-08-11T07:56:44Z,2026-08-11T09:56:44+0200,58a750df-313e-448a-89dd-c0365ec5f82d,2026-07-28T16:45:00Z,2026-07-28T18:45:00+0200,446.5,MW,DK1,DK_1,forecast_offshore_wind_generation,Wind Offshore,2026-08-11T08:00:34Z
2026-08-11T07:56:44Z,2026-08-11T09:56:44+0200,58a750df-313e-448a-89dd-c0365ec5f82d,2026-07-28T17:00:00Z,2026-07-28T19:00:00+0200,463.0,MW,DK1,DK_1,forecast_offshore_wind_generation,Wind Offshore,2026-08-11T08:00:34Z
2026-08-11T07:56:44Z,2026-08-11T09:56:44+0200,58a750df-313e-448a-89dd-c0365ec5f82d,2026-07-28T17:15:00Z,2026-07-28T19:15:00+0200,486.666666,MW,DK1,DK_1,forecast_offshore_wind_generation,Wind Offshore,2026-08-11T08:00:34Z
2026-08-11T07:56:44Z,2026-08-11T09:56:44+0200,58a750df-313e-448a-89dd-c0365ec5f82d,2026-07-28T17:30:00Z,2026-07-28T19:30:00+0200,513.5,MW,DK1,DK_1,forecast_offshore_wind_generation,Wind Offshore,2026-08-11T08:00:34Z
2026-08-11T07:56:44Z,2026-08-11T09:56:44+0200,58a750df-313e-448a-89dd-c0365ec5f82d,2026-07-28T17:45:00Z,2026-07-28T19:45:00+0200,537.166666,MW,DK1,DK_1,forecast_offshore_wind_generation,Wind Offshore,2026-08-11T08:00:34Z
2026-08-11T07:56:44Z,2026-08-11T09:56:44+0200,58a750df-313e-448a-89dd-c0365ec5f82d,2026-07-28T18:00:00Z,2026-07-28T20:00:00+0200,552.666666,MW,DK1,DK_1,forecast_offshore_wind_generation,Wind Offshore,2026-08-11T08:00:34Z
2026-08-11T07:56:44Z,2026-08-11T09:56:44+0200,58a750df-313e-448a-89dd-c0365ec5f82d,2026-07-28T18:15:00Z,2026-07-28T20:15:00+0200,567.0,MW,DK1,DK_1,forecast_offshore_wind_generation,Wind Offshore,2026-08-11T08:00:34Z
2026-08-11T07:56:44Z,2026-08-11T09:56:44+0200,58a750df-313e-448a-89dd-c0365ec5f82d,2026-07-28T18:30:00Z,2026-07-28T20:30:00+0200,579.333333,MW,DK1,DK_1,forecast_offshore_wind_generation,Wind Offshore,2026-08-11T08:00:34Z
2026-08-11T07:56:44Z,2026-08-11T09:56:44+0200,58a750df-313e-448a-89dd-c0365ec5f82d,2026-07-28T18:45:00Z,2026-07-28T20:45:00+0200,586.166666,MW,DK1,DK_1,forecast_offshore_wind_generation,Wind Offshore,2026-08-11T08:00:34Z
2026-08-11T07:56:44Z,2026-08-11T09:56:44+0200,58a750df-313e-448a-89dd-c0365ec5f82d,2026-07-28T19:00:00Z,2026-07-28T21:00:00+0200,585.333333,MW,DK1,DK_1,forecast_offshore_wind_generation,Wind Offshore,2026-08-11T08:00:34Z
2026-08-11T07:56:44Z,2026-08-11T09:56:44+0200,58a750df-313e-448a-89dd-c0365ec5f82d,2026-07-28T19:15:00Z,2026-07-28T21:15:00+0200,579.0,MW,DK1,DK_1,forecast_offshore_wind_generation,Wind Offshore,2026-08-11T08:00:34Z
2026-08-11T07:56:44Z,2026-08-11T09:56:44+0200,58a750df-313e-448a-89dd-c0365ec5f82d,2026-07-28T19:30:00Z,2026-07-28T21:30:00+0200,569.666666,MW,DK1,DK_1,forecast_offshore_wind_generation,Wind Offshore,2026-08-11T08:00:34Z
2026-08-11T07:56:44Z,2026-08-11T09:56:44+0200,58a750df-313e-448a-89dd-c0365ec5f82d,2026-07-28T19:45:00Z,2026-07-28T21:45:00+0200,560.5,MW,DK1,DK_1,forecast_offshore_wind_generation,Wind Offshore,2026-08-11T08:00:34Z
2026-08-11T07:56:44Z,2026-08-11T09:56:44+0200,58a750df-313e-448a-89dd-c0365ec5f82d,2026-07-28T20:00:00Z,2026-07-28T22:00:00+0200,551.0,MW,DK1,DK_1,forecast_offshore_wind_generation,Wind Offshore,2026-08-11T08:00:34Z
2026-08-11T07:56:44Z,2026-08-11T09:56:44+0200,58a750df-313e-448a-89dd-c0365ec5f82d,2026-07-28T20:15:00Z,2026-07-28T22:15:00+0200,539.166666,MW,DK1,DK_1,forecast_offshore_wind_generation,Wind Offshore,2026-08-11T08:00:34Z
2026-08-11T07:56:44Z,2026-08-11T09:56:44+0200,58a750df-313e-448a-89dd-c0365ec5f82d,2026-07-28T20:30:00Z,2026-07-28T22:30:00+0200,527.0,MW,DK1,DK_1,forecast_offshore_wind_generation,Wind Offshore,2026-08-11T08:00:34Z
2026-08-11T07:56:44Z,2026-08-11T09:56:44+0200,58a750df-313e-448a-89dd-c0365ec5f82d,2026-07-28T20:45:00Z,2026-07-28T22:45:00+0200,516.166666,MW,DK1,DK_1,forecast_offshore_wind_generation,Wind Offshore,2026-08-11T08:00:34Z
2026-08-11T07:56:44Z,2026-08-11T09:56:44+0200,58a750df-313e-448a-89dd-c0365ec5f82d,2026-07-28T21:00:00Z,2026-07-28T23:00:00+0200,508.333333,MW,DK1,DK_1,forecast_offshore_wind_generation,Wind Offshore,2026-08-11T08:00:34Z
2026-08-11T07:56:44Z,2026-08-11T09:56:44+0200,58a750df-313e-448a-89dd-c0365ec5f82d,2026-07-28T21:15:00Z,2026-07-28T23:15:00+0200,497.833333,MW,DK1,DK_1,forecast_offshore_wind_generation,Wind Offshore,2026-08-11T08:00:34Z
2026-08-11T07:56:44Z,2026-08-11T09:56:44+0200,58a750df-313e-448a-89dd-c0365ec5f82d,2026-07-28T21:30:00Z,2026-07-28T23:30:00+0200,484.333333,MW,DK1,DK_1,forecast_offshore_wind_generation,Wind Offshore,2026-08-11T08:00:34Z
2026-08-11T07:56:44Z,2026-08-11T09:56:44+0200,58a750df-313e-448a-89dd-c0365ec5f82d,2026-07-28T21:45:00Z,2026-07-28T23:45:00+0200,471.166666,MW,DK1,DK_1,forecast_offshore_wind_generation,Wind Offshore,2026-08-11T08:00:34Z
2026-08-11T07:56:44Z,2026-08-11T09:56:44+0200,58a750df-313e-448a-89dd-c0365ec5f82d,2026-07-28T22:00:00Z,2026-07-29T00:00:00+0200,606.833333,MW,DK1,DK_1,forecast_offshore_wind_generation,Wind Offshore,2026-08-11T08:00:34Z
2026-08-11T07:56:44Z,2026-08-11T09:56:44+0200,58a750df-313e-448a-89dd-c0365ec5f82d,2026-07-28T22:15:00Z,2026-07-29T00:15:00+0200,601.0,MW,DK1,DK_1,forecast_offshore_wind_generation,Wind Offshore,2026-08-11T08:00:34Z
2026-08-11T07:56:44Z,2026-08-11T09:56:44+0200,58a750df-313e-448a-89dd-c0365ec5f82d,2026-07-28T22:30:00Z,2026-07-29T00:30:00+0200,595.166666,MW,DK1,DK_1,forecast_offshore_wind_generation,Wind Offshore,2026-08-11T08:00:34Z
2026-08-11T07:56:44Z,2026-08-11T09:56:44+0200,58a750df-313e-448a-89dd-c0365ec5f82d,2026-07-28T22:45:00Z,2026-07-29T00:45:00+0200,590.0,MW,DK1,DK_1,forecast_offshore_wind_generation,Wind Offshore,2026-08-11T08:00:34Z
2026-08-11T07:56:44Z,2026-08-11T09:56:44+0200,58a750df-313e-448a-89dd-c0365ec5f82d,2026-07-28T23:00:00Z,2026-07-29T01:00:00+0200,585.0,MW,DK1,DK_1,forecast_offshore_wind_generation,Wind Offshore,2026-08-11T08:00:34Z
2026-08-11T07:56:44Z,2026-08-11T09:56:44+0200,58a750df-313e-448a-89dd-c0365ec5f82d,2026-07-28T23:15:00Z,2026-07-29T01:15:00+0200,580.166666,MW,DK1,DK_1,forecast_offshore_wind_generation,Wind Offshore,2026-08-11T08:00:34Z
2026-08-11T07:56:44Z,2026-08-11T09:56:44+0200,58a750df-313e-448a-89dd-c0365ec5f82d,2026-07-28T23:30:00Z,2026-07-29T01:30:00+0200,575.0,MW,DK1,DK_1,forecast_offshore_wind_generation,Wind Offshore,2026-08-11T08:00:34Z
2026-08-11T07:56:44Z,2026-08-11T09:56:44+0200,58a750df-313e-448a-89dd-c0365ec5f82d,2026-07-28T23:45:00Z,2026-07-29T01:45:00+0200,569.0,MW,DK1,DK_1,forecast_offshore_wind_generation,Wind Offshore,2026-08-11T08:00:34Z
2026-08-11T07:56:44Z,2026-08-11T09:56:44+0200,58a750df-313e-448a-89dd-c0365ec5f82d,2026-07-29T00:00:00Z,2026-07-29T02:00:00+0200,560.833333,MW,DK1,DK_1,forecast_offshore_wind_generation,Wind Offshore,2026-08-11T08:00:34Z
2026-08-11T07:56:44Z,2026-08-11T09:56:44+0200,58a750df-313e-448a-89dd-c0365ec5f82d,2026-07-29T00:15:00Z,2026-07-29T02:15:00+0200,548.333333,MW,DK1,DK_1,forecast_offshore_wind_generation,Wind Offshore,2026-08-11T08:00:34Z
2026-08-11T07:56:44Z,2026-08-11T09:56:44+0200,58a750df-313e-448a-89dd-c0365ec5f82d,2026-07-29T00:30:00Z,2026-07-29T02:30:00+0200,533.0,MW,DK1,DK_1,forecast_offshore_wind_generation,Wind Offshore,2026-08-11T08:00:34Z
2026-08-11T07:56:44Z,2026-08-11T09:56:44+0200,58a750df-313e-448a-89dd-c0365ec5f82d,2026-07-29T00:45:00Z,2026-07-29T02:45:00+0200,517.5,MW,DK1,DK_1,forecast_offshore_wind_generation,Wind Offshore,2026-08-11T08:00:34Z
2026-08-11T07:56:44Z,2026-08-11T09:56:44+0200,58a750df-313e-448a-89dd-c0365ec5f82d,2026-07-29T01:00:00Z,2026-07-29T03:00:00+0200,501.0,MW,DK1,DK_1,forecast_offshore_wind_generation,Wind Offshore,2026-08-11T08:00:34Z
2026-08-11T07:56:44Z,2026-08-11T09:56:44+0200,58a750df-313e-448a-89dd-c0365ec5f82d,2026-07-29T01:15:00Z,2026-07-29T03:15:00+0200,481.666666,MW,DK1,DK_1,forecast_offshore_wind_generation,Wind Offshore,2026-08-11T08:00:34Z
2026-08-11T07:56:44Z,2026-08-11T09:56:44+0200,58a750df-313e-448a-89dd-c0365ec5f82d,2026-07-29T01:30:00Z,2026-07-29T03:30:00+0200,461.666666,MW,DK1,DK_1,forecast_offshore_wind_generation,Wind Offshore,2026-08-11T08:00:34Z
2026-08-11T07:56:44Z,2026-08-11T09:56:44+0200,58a750df-313e-448a-89dd-c0365ec5f82d,2026-07-29T01:45:00Z,2026-07-29T03:45:00+0200,444.833333,MW,DK1,DK_1,forecast_offshore_wind_generation,Wind Offshore,2026-08-11T08:00:34Z
2026-08-11T07:56:44Z,2026-08-11T09:56:44+0200,58a750df-313e-448a-89dd-c0365ec5f82d,2026-07-29T02:00:00Z,2026-07-29T04:00:00+0200,434.333333,MW,DK1,DK_1,forecast_offshore_wind_generation,Wind Offshore,2026-08-11T08:00:34Z
2026-08-11T07:56:44Z,2026-08-11T09:56:44+0200,58a750df-313e-448a-89dd-c0365ec5f82d,2026-07-29T02:15:00Z,2026-07-29T04:15:00+0200,428.666666,MW,DK1,DK_1,forecast_offshore_wind_generation,Wind Offshore,2026-08-11T08:00:34Z
2026-08-11T07:56:44Z,2026-08-11T09:56:44+0200,58a750df-313e-448a-89dd-c0365ec5f82d,2026-07-29T02:30:00Z,2026-07-29T04:30:00+0200,425.666666,MW,DK1,DK_1,forecast_offshore_wind_generation,Wind Offshore,2026-08-11T08:00:34Z
2026-08-11T07:56:44Z,2026-08-11T09:56:44+0200,58a750df-313e-448a-89dd-c0365ec5f82d,2026-07-29T02:45:00Z,2026-07-29T04:45:00+0200,425.0,MW,DK1,DK_1,forecast_offshore_wind_generation,Wind Offshore,2026-08-11T08:00:34Z
2026-08-11T07:56:44Z,2026-08-11T09:56:44+0200,58a750df-313e-448a-89dd-c0365ec5f82d,2026-07-29T03:00:00Z,2026-07-29T05:00:00+0200,425.0,MW,DK1,DK_1,forecast_offshore_wind_generation,Wind Offshore,2026-08-11T08:00:34Z
2026-08-11T07:56:44Z,2026-08-11T09:56:44+0200,58a750df-313e-448a-89dd-c0365ec5f82d,2026-07-29T03:15:00Z,2026-07-29T05:15:00+0200,425.0,MW,DK1,DK_1,forecast_offshore_wind_generation,Wind Offshore,2026-08-11T08:00:34Z
2026-08-11T07:56:44Z,2026-08-11T09:56:44+0200,58a750df-313e-448a-89dd-c0365ec5f82d,2026-07-29T03:30:00Z,2026-07-29T05:30:00+0200,425.166666,MW,DK1,DK_1,forecast_offshore_wind_generation,Wind Offshore,2026-08-11T08:00:34Z
2026-08-11T07:56:44Z,2026-08-11T09:56:44+0200,58a750df-313e-448a-89dd-c0365ec5f82d,2026-07-29T03:45:00Z,2026-07-29T05:45:00+0200,426.0,MW,DK1,DK_1,forecast_offshore_wind_generation,Wind Offshore,2026-08-11T08:00:34Z
2026-08-11T07:56:44Z,2026-08-11T09:56:44+0200,58a750df-313e-448a-89dd-c0365ec5f82d,2026-07-29T04:00:00Z,2026-07-29T06:00:00+0200,426.833333,MW,DK1,DK_1,forecast_offshore_wind_generation,Wind Offshore,2026-08-11T08:00:34Z
2026-08-11T07:56:44Z,2026-08-11T09:56:44+0200,58a750df-313e-448a-89dd-c0365ec5f82d,2026-07-29T04:15:00Z,2026-07-29T06:15:00+0200,427.5,MW,DK1,DK_1,forecast_offshore_wind_generation,Wind Offshore,2026-08-11T08:00:34Z
2026-08-11T07:56:44Z,2026-08-11T09:56:44+0200,58a750df-313e-448a-89dd-c0365ec5f82d,2026-07-29T04:30:00Z,2026-07-29T06:30:00+0200,428.0,MW,DK1,DK_1,forecast_offshore_wind_generation,Wind Offshore,2026-08-11T08:00:34Z
2026-08-11T07:56:44Z,2026-08-11T09:56:44+0200,58a750df-313e-448a-89dd-c0365ec5f82d,2026-07-29T04:45:00Z,2026-07-29T06:45:00+0200,428.5,MW,DK1,DK_1,forecast_offshore_wind_generation,Wind Offshore,2026-08-11T08:00:34Z
2026-08-11T07:56:44Z,2026-08-11T09:56:44+0200,58a750df-313e-448a-89dd-c0365ec5f82d,2026-07-29T05:00:00Z,2026-07-29T07:00:00+0200,428.5,MW,DK1,DK_1,forecast_offshore_wind_generation,Wind Offshore,2026-08-11T08:00:34Z
2026-08-11T07:56:44Z,2026-08-11T09:56:44+0200,58a750df-313e-448a-89dd-c0365ec5f82d,2026-07-29T05:15:00Z,2026-07-29T07:15:00+0200,426.666666,MW,DK1,DK_1,forecast_offshore_wind_generation,Wind Offshore,2026-08-11T08:00:34Z
2026-08-11T07:56:44Z,2026-08-11T09:56:44+0200,58a750df-313e-448a-89dd-c0365ec5f82d,2026-07-29T05:30:00Z,2026-07-29T07:30:00+0200,424.166666,MW,DK1,DK_1,forecast_offshore_wind_generation,Wind Offshore,2026-08-11T08:00:34Z
2026-08-11T07:56:44Z,2026-08-11T09:56:44+0200,58a750df-313e-448a-89dd-c0365ec5f82d,2026-07-29T05:45:00Z,2026-07-29T07:45:00+0200,421.5,MW,DK1,DK_1,forecast_offshore_wind_generation,Wind Offshore,2026-08-11T08:00:34Z
2026-08-11T07:56:44Z,2026-08-11T09:56:44+0200,58a750df-313e-448a-89dd-c0365ec5f82d,2026-07-29T06:00:00Z,2026-07-29T08:00:00+0200,418.666666,MW,DK1,DK_1,forecast_offshore_wind_generation,Wind Offshore,2026-08-11T08:00:34Z
2026-08-11T07:56:44Z,2026-08-11T09:56:44+0200,58a750df-313e-448a-89dd-c0365ec5f82d,2026-07-29T06:15:00Z,2026-07-29T08:15:00+0200,417.166666,MW,DK1,DK_1,forecast_offshore_wind_generation,Wind Offshore,2026-08-11T08:00:34Z
2026-08-11T07:56:44Z,2026-08-11T09:56:44+0200,58a750df-313e-448a-89dd-c0365ec5f82d,2026-07-29T06:30:00Z,2026-07-29T08:30:00+0200,417.0,MW,DK1,DK_1,forecast_offshore_wind_generation,Wind Offshore,2026-08-11T08:00:34Z
2026-08-11T07:56:44Z,2026-08-11T09:56:44+0200,58a750df-313e-448a-89dd-c0365ec5f82d,2026-07-29T06:45:00Z,2026-07-29T08:45:00+0200,416.833333,MW,DK1,DK_1,forecast_offshore_wind_generation,Wind Offshore,2026-08-11T08:00:34Z
2026-08-11T07:56:44Z,2026-08-11T09:56:44+0200,58a750df-313e-448a-89dd-c0365ec5f82d,2026-07-29T07:00:00Z,2026-07-29T09:00:00+0200,414.833333,MW,DK1,DK_1,forecast_offshore_wind_generation,Wind Offshore,2026-08-11T08:00:34Z
2026-08-11T07:56:44Z,2026-08-11T09:56:44+0200,58a750df-313e-448a-89dd-c0365ec5f82d,2026-07-29T07:15:00Z,2026-07-29T09:15:00+0200,410.166666,MW,DK1,DK_1,forecast_offshore_wind_generation,Wind Offshore,2026-08-11T08:00:34Z
2026-08-11T07:56:44Z,2026-08-11T09:56:44+0200,58a750df-313e-448a-89dd-c0365ec5f82d,2026-07-29T07:30:00Z,2026-07-29T09:30:00+0200,405.666666,MW,DK1,DK_1,forecast_offshore_wind_generation,Wind Offshore,2026-08-11T08:00:34Z
2026-08-11T07:56:44Z,2026-08-11T09:56:44+0200,58a750df-313e-448a-89dd-c0365ec5f82d,2026-07-29T07:45:00Z,2026-07-29T09:45:00+0200,403.333333,MW,DK1,DK_1,forecast_offshore_wind_generation,Wind Offshore,2026-08-11T08:00:34Z
2026-08-11T07:56:44Z,2026-08-11T09:56:44+0200,58a750df-313e-448a-89dd-c0365ec5f82d,2026-07-29T08:00:00Z,2026-07-29T10:00:00+0200,405.666666,MW,DK1,DK_1,forecast_offshore_wind_generation,Wind Offshore,2026-08-11T08:00:34Z
2026-08-11T07:56:44Z,2026-08-11T09:56:44+0200,58a750df-313e-448a-89dd-c0365ec5f82d,2026-07-29T08:15:00Z,2026-07-29T10:15:00+0200,411.833333,MW,DK1,DK_1,forecast_offshore_wind_generation,Wind Offshore,2026-08-11T08:00:34Z
2026-08-11T07:56:44Z,2026-08-11T09:56:44+0200,58a750df-313e-448a-89dd-c0365ec5f82d,2026-07-29T08:30:00Z,2026-07-29T10:30:00+0200,419.5,MW,DK1,DK_1,forecast_offshore_wind_generation,Wind Offshore,2026-08-11T08:00:34Z
2026-08-11T07:56:44Z,2026-08-11T09:56:44+0200,58a750df-313e-448a-89dd-c0365ec5f82d,2026-07-29T08:45:00Z,2026-07-29T10:45:00+0200,428.0,MW,DK1,DK_1,forecast_offshore_wind_generation,Wind Offshore,2026-08-11T08:00:34Z
2026-08-11T07:56:44Z,2026-08-11T09:56:44+0200,58a750df-313e-448a-89dd-c0365ec5f82d,2026-07-29T09:00:00Z,2026-07-29T11:00:00+0200,435.666666,MW,DK1,DK_1,forecast_offshore_wind_generation,Wind Offshore,2026-08-11T08:00:34Z
2026-08-11T07:56:44Z,2026-08-11T09:56:44+0200,58a750df-313e-448a-89dd-c0365ec5f82d,2026-07-29T09:15:00Z,2026-07-29T11:15:00+0200,444.5,MW,DK1,DK_1,forecast_offshore_wind_generation,Wind Offshore,2026-08-11T08:00:34Z
2026-08-11T07:56:44Z,2026-08-11T09:56:44+0200,58a750df-313e-448a-89dd-c0365ec5f82d,2026-07-29T09:30:00Z,2026-07-29T11:30:00+0200,453.5,MW,DK1,DK_1,forecast_offshore_wind_generation,Wind Offshore,2026-08-11T08:00:34Z
2026-08-11T07:56:44Z,2026-08-11T09:56:44+0200,58a750df-313e-448a-89dd-c0365ec5f82d,2026-07-29T09:45:00Z,2026-07-29T11:45:00+0200,462.5,MW,DK1,DK_1,forecast_offshore_wind_generation,Wind Offshore,2026-08-11T08:00:34Z
2026-08-11T07:56:44Z,2026-08-11T09:56:44+0200,58a750df-313e-448a-89dd-c0365ec5f82d,2026-07-29T10:00:00Z,2026-07-29T12:00:00+0200,470.833333,MW,DK1,DK_1,forecast_offshore_wind_generation,Wind Offshore,2026-08-11T08:00:34Z
2026-08-11T07:56:44Z,2026-08-11T09:56:44+0200,58a750df-313e-448a-89dd-c0365ec5f82d,2026-07-29T10:15:00Z,2026-07-29T12:15:00+0200,481.166666,MW,DK1,DK_1,forecast_offshore_wind_generation,Wind Offshore,2026-08-11T08:00:34Z
2026-08-11T07:56:44Z,2026-08-11T09:56:44+0200,58a750df-313e-448a-89dd-c0365ec5f82d,2026-07-29T10:30:00Z,2026-07-29T12:30:00+0200,492.0,MW,DK1,DK_1,forecast_offshore_wind_generation,Wind Offshore,2026-08-11T08:00:34Z
2026-08-11T07:56:44Z,2026-08-11T09:56:44+0200,58a750df-313e-448a-89dd-c0365ec5f82d,2026-07-29T10:45:00Z,2026-07-29T12:45:00+0200,501.333333,MW,DK1,DK_1,forecast_offshore_wind_generation,Wind Offshore,2026-08-11T08:00:34Z
2026-08-11T07:56:44Z,2026-08-11T09:56:44+0200,58a750df-313e-448a-89dd-c0365ec5f82d,2026-07-29T11:00:00Z,2026-07-29T13:00:00+0200,509.0,MW,DK1,DK_1,forecast_offshore_wind_generation,Wind Offshore,2026-08-11T08:00:34Z
2026-08-11T07:56:44Z,2026-08-11T09:56:44+0200,58a750df-313e-448a-89dd-c0365ec5f82d,2026-07-29T11:15:00Z,2026-07-29T13:15:00+0200,517.5,MW,DK1,DK_1,forecast_offshore_wind_generation,Wind Offshore,2026-08-11T08:00:34Z
2026-08-11T07:56:44Z,2026-08-11T09:56:44+0200,58a750df-313e-448a-89dd-c0365ec5f82d,2026-07-29T11:30:00Z,2026-07-29T13:30:00+0200,525.0,MW,DK1,DK_1,forecast_offshore_wind_generation,Wind Offshore,2026-08-11T08:00:34Z
2026-08-11T07:56:44Z,2026-08-11T09:56:44+0200,58a750df-313e-448a-89dd-c0365ec5f82d,2026-07-29T11:45:00Z,2026-07-29T13:45:00+0200,529.333333,MW,DK1,DK_1,forecast_offshore_wind_generation,Wind Offshore,2026-08-11T08:00:34Z
2026-08-11T07:56:44Z,2026-08-11T09:56:44+0200,58a750df-313e-448a-89dd-c0365ec5f82d,2026-07-29T12:00:00Z,2026-07-29T14:00:00+0200,530.0,MW,DK1,DK_1,forecast_offshore_wind_generation,Wind Offshore,2026-08-11T08:00:34Z
2026-08-11T07:56:44Z,2026-08-11T09:56:44+0200,58a750df-313e-448a-89dd-c0365ec5f82d,2026-07-29T12:15:00Z,2026-07-29T14:15:00+0200,529.5,MW,DK1,DK_1,forecast_offshore_wind_generation,Wind Offshore,2026-08-11T08:00:34Z
2026-08-11T07:56:44Z,2026-08-11T09:56:44+0200,58a750df-313e-448a-89dd-c0365ec5f82d,2026-07-29T12:30:00Z,2026-07-29T14:30:00+0200,528.0,MW,DK1,DK_1,forecast_offshore_wind_generation,Wind Offshore,2026-08-11T08:00:34Z
2026-08-11T07:56:44Z,2026-08-11T09:56:44+0200,58a750df-313e-448a-89dd-c0365ec5f82d,2026-07-29T12:45:00Z,2026-07-29T14:45:00+0200,526.5,MW,DK1,DK_1,forecast_offshore_wind_generation,Wind Offshore,2026-08-11T08:00:34Z
2026-08-11T07:56:44Z,2026-08-11T09:56:44+0200,58a750df-313e-448a-89dd-c0365ec5f82d,2026-07-29T13:00:00Z,2026-07-29T15:00:00+0200,525.166666,MW,DK1,DK_1,forecast_offshore_wind_generation,Wind Offshore,2026-08-11T08:00:34Z
2026-08-11T07:56:44Z,2026-08-11T09:56:44+0200,58a750df-313e-448a-89dd-c0365ec5f82d,2026-07-29T13:15:00Z,2026-07-29T15:15:00+0200,525.0,MW,DK1,DK_1,forecast_offshore_wind_generation,Wind Offshore,2026-08-11T08:00:34Z
2026-08-11T07:56:44Z,2026-08-11T09:56:44+0200,58a750df-313e-448a-89dd-c0365ec5f82d,2026-07-29T13:30:00Z,2026-07-29T15:30:00+0200,524.166666,MW,DK1,DK_1,forecast_offshore_wind_generation,Wind Offshore,2026-08-11T08:00:34Z
2026-08-11T07:56:44Z,2026-08-11T09:56:44+0200,58a750df-313e-448a-89dd-c0365ec5f82d,2026-07-29T13:45:00Z,2026-07-29T15:45:00+0200,522.333333,MW,DK1,DK_1,forecast_offshore_wind_generation,Wind Offshore,2026-08-11T08:00:34Z
2026-08-11T07:56:44Z,2026-08-11T09:56:44+0200,58a750df-313e-448a-89dd-c0365ec5f82d,2026-07-29T14:00:00Z,2026-07-29T16:00:00+0200,515.333333,MW,DK1,DK_1,forecast_offshore_wind_generation,Wind Offshore,2026-08-11T08:00:34Z
2026-08-11T07:56:44Z,2026-08-11T09:56:44+0200,58a750df-313e-448a-89dd-c0365ec5f82d,2026-07-29T14:15:00Z,2026-07-29T16:15:00+0200,502.5,MW,DK1,DK_1,forecast_offshore_wind_generation,Wind Offshore,2026-08-11T08:00:34Z
2026-08-11T07:56:44Z,2026-08-11T09:56:44+0200,58a750df-313e-448a-89dd-c0365ec5f82d,2026-07-29T14:30:00Z,2026-07-29T16:30:00+0200,487.5,MW,DK1,DK_1,forecast_offshore_wind_generation,Wind Offshore,2026-08-11T08:00:34Z
2026-08-11T07:56:44Z,2026-08-11T09:56:44+0200,58a750df-313e-448a-89dd-c0365ec5f82d,2026-07-29T14:45:00Z,2026-07-29T16:45:00+0200,474.166666,MW,DK1,DK_1,forecast_offshore_wind_generation,Wind Offshore,2026-08-11T08:00:34Z
2026-08-11T07:56:44Z,2026-08-11T09:56:44+0200,58a750df-313e-448a-89dd-c0365ec5f82d,2026-07-29T15:00:00Z,2026-07-29T17:00:00+0200,466.166666,MW,DK1,DK_1,forecast_offshore_wind_generation,Wind Offshore,2026-08-11T08:00:34Z
2026-08-11T07:56:44Z,2026-08-11T09:56:44+0200,58a750df-313e-448a-89dd-c0365ec5f82d,2026-07-29T15:15:00Z,2026-07-29T17:15:00+0200,462.5,MW,DK1,DK_1,forecast_offshore_wind_generation,Wind Offshore,2026-08-11T08:00:34Z
2026-08-11T07:56:44Z,2026-08-11T09:56:44+0200,58a750df-313e-448a-89dd-c0365ec5f82d,2026-07-29T15:30:00Z,2026-07-29T17:30:00+0200,458.5,MW,DK1,DK_1,forecast_offshore_wind_generation,Wind Offshore,2026-08-11T08:00:34Z
2026-08-11T07:56:44Z,2026-08-11T09:56:44+0200,58a750df-313e-448a-89dd-c0365ec5f82d,2026-07-29T15:45:00Z,2026-07-29T17:45:00+0200,453.833333,MW,DK1,DK_1,forecast_offshore_wind_generation,Wind Offshore,2026-08-11T08:00:34Z
2026-08-11T07:56:44Z,2026-08-11T09:56:44+0200,58a750df-313e-448a-89dd-c0365ec5f82d,2026-07-29T16:00:00Z,2026-07-29T18:00:00+0200,447.166666,MW,DK1,DK_1,forecast_offshore_wind_generation,Wind Offshore,2026-08-11T08:00:34Z
2026-08-11T07:56:44Z,2026-08-11T09:56:44+0200,58a750df-313e-448a-89dd-c0365ec5f82d,2026-07-29T16:15:00Z,2026-07-29T18:15:00+0200,436.0,MW,DK1,DK_1,forecast_offshore_wind_generation,Wind Offshore,2026-08-11T08:00:34Z
2026-08-11T07:56:44Z,2026-08-11T09:56:44+0200,58a750df-313e-448a-89dd-c0365ec5f82d,2026-07-29T16:30:00Z,2026-07-29T18:30:00+0200,424.0,MW,DK1,DK_1,forecast_offshore_wind_generation,Wind Offshore,2026-08-11T08:00:34Z
2026-08-11T07:56:44Z,2026-08-11T09:56:44+0200,58a750df-313e-448a-89dd-c0365ec5f82d,2026-07-29T16:45:00Z,2026-07-29T18:45:00+0200,414.166666,MW,DK1,DK_1,forecast_offshore_wind_generation,Wind Offshore,2026-08-11T08:00:34Z
2026-08-11T07:56:44Z,2026-08-11T09:56:44+0200,58a750df-313e-448a-89dd-c0365ec5f82d,2026-07-29T17:00:00Z,2026-07-29T19:00:00+0200,411.166666,MW,DK1,DK_1,forecast_offshore_wind_generation,Wind Offshore,2026-08-11T08:00:34Z
2026-08-11T07:56:44Z,2026-08-11T09:56:44+0200,58a750df-313e-448a-89dd-c0365ec5f82d,2026-07-29T17:15:00Z,2026-07-29T19:15:00+0200,415.666666,MW,DK1,DK_1,forecast_offshore_wind_generation,Wind Offshore,2026-08-11T08:00:34Z
2026-08-11T07:56:44Z,2026-08-11T09:56:44+0200,58a750df-313e-448a-89dd-c0365ec5f82d,2026-07-29T17:30:00Z,2026-07-29T19:30:00+0200,424.333333,MW,DK1,DK_1,forecast_offshore_wind_generation,Wind Offshore,2026-08-11T08:00:34Z
2026-08-11T07:56:44Z,2026-08-11T09:56:44+0200,58a750df-313e-448a-89dd-c0365ec5f82d,2026-07-29T17:45:00Z,2026-07-29T19:45:00+0200,431.666666,MW,DK1,DK_1,forecast_offshore_wind_generation,Wind Offshore,2026-08-11T08:00:34Z
2026-08-11T07:56:44Z,2026-08-11T09:56:44+0200,58a750df-313e-448a-89dd-c0365ec5f82d,2026-07-29T18:00:00Z,2026-07-29T20:00:00+0200,434.5,MW,DK1,DK_1,forecast_offshore_wind_generation,Wind Offshore,2026-08-11T08:00:34Z
2026-08-11T07:56:44Z,2026-08-11T09:56:44+0200,58a750df-313e-448a-89dd-c0365ec5f82d,2026-07-29T18:15:00Z,2026-07-29T20:15:00+0200,435.666666,MW,DK1,DK_1,forecast_offshore_wind_generation,Wind Offshore,2026-08-11T08:00:34Z
2026-08-11T07:56:44Z,2026-08-11T09:56:44+0200,58a750df-313e-448a-89dd-c0365ec5f82d,2026-07-29T18:30:00Z,2026-07-29T20:30:00+0200,438.5,MW,DK1,DK_1,forecast_offshore_wind_generation,Wind Offshore,2026-08-11T08:00:34Z
2026-08-11T07:56:44Z,2026-08-11T09:56:44+0200,58a750df-313e-448a-89dd-c0365ec5f82d,2026-07-29T18:45:00Z,2026-07-29T20:45:00+0200,441.0,MW,DK1,DK_1,forecast_offshore_wind_generation,Wind Offshore,2026-08-11T08:00:34Z
2026-08-11T07:56:44Z,2026-08-11T09:56:44+0200,58a750df-313e-448a-89dd-c0365ec5f82d,2026-07-29T19:00:00Z,2026-07-29T21:00:00+0200,445.0,MW,DK1,DK_1,forecast_offshore_wind_generation,Wind Offshore,2026-08-11T08:00:34Z
2026-08-11T07:56:44Z,2026-08-11T09:56:44+0200,58a750df-313e-448a-89dd-c0365ec5f82d,2026-07-29T19:15:00Z,2026-07-29T21:15:00+0200,451.666666,MW,DK1,DK_1,forecast_offshore_wind_generation,Wind Offshore,2026-08-11T08:00:34Z
2026-08-11T07:56:44Z,2026-08-11T09:56:44+0200,58a750df-313e-448a-89dd-c0365ec5f82d,2026-07-29T19:30:00Z,2026-07-29T21:30:00+0200,459.5,MW,DK1,DK_1,forecast_offshore_wind_generation,Wind Offshore,2026-08-11T08:00:34Z
2026-08-11T07:56:44Z,2026-08-11T09:56:44+0200,58a750df-313e-448a-89dd-c0365ec5f82d,2026-07-29T19:45:00Z,2026-07-29T21:45:00+0200,465.333333,MW,DK1,DK_1,forecast_offshore_wind_generation,Wind Offshore,2026-08-11T08:00:34Z
2026-08-11T07:56:44Z,2026-08-11T09:56:44+0200,58a750df-313e-448a-89dd-c0365ec5f82d,2026-07-29T20:00:00Z,2026-07-29T22:00:00+0200,467.833333,MW,DK1,DK_1,forecast_offshore_wind_generation,Wind Offshore,2026-08-11T08:00:34Z
2026-08-11T07:56:44Z,2026-08-11T09:56:44+0200,58a750df-313e-448a-89dd-c0365ec5f82d,2026-07-29T20:15:00Z,2026-07-29T22:15:00+0200,469.0,MW,DK1,DK_1,forecast_offshore_wind_generation,Wind Offshore,2026-08-11T08:00:34Z
2026-08-11T07:56:44Z,2026-08-11T09:56:44+0200,58a750df-313e-448a-89dd-c0365ec5f82d,2026-07-29T20:30:00Z,2026-07-29T22:30:00+0200,470.0,MW,DK1,DK_1,forecast_offshore_wind_generation,Wind Offshore,2026-08-11T08:00:34Z
2026-08-11T07:56:44Z,2026-08-11T09:56:44+0200,58a750df-313e-448a-89dd-c0365ec5f82d,2026-07-29T20:45:00Z,2026-07-29T22:45:00+0200,468.5,MW,DK1,DK_1,forecast_offshore_wind_generation,Wind Offshore,2026-08-11T08:00:34Z
2026-08-11T07:56:44Z,2026-08-11T09:56:44+0200,58a750df-313e-448a-89dd-c0365ec5f82d,2026-07-29T21:00:00Z,2026-07-29T23:00:00+0200,462.666666,MW,DK1,DK_1,forecast_offshore_wind_generation,Wind Offshore,2026-08-11T08:00:34Z
2026-08-11T07:56:44Z,2026-08-11T09:56:44+0200,58a750df-313e-448a-89dd-c0365ec5f82d,2026-07-29T21:15:00Z,2026-07-29T23:15:00+0200,448.5,MW,DK1,DK_1,forecast_offshore_wind_generation,Wind Offshore,2026-08-11T08:00:34Z
2026-08-11T07:56:44Z,2026-08-11T09:56:44+0200,58a750df-313e-448a-89dd-c0365ec5f82d,2026-07-29T21:30:00Z,2026-07-29T23:30:00+0200,431.0,MW,DK1,DK_1,forecast_offshore_wind_generation,Wind Offshore,2026-08-11T08:00:34Z
2026-08-11T07:56:44Z,2026-08-11T09:56:44+0200,58a750df-313e-448a-89dd-c0365ec5f82d,2026-07-29T21:45:00Z,2026-07-29T23:45:00+0200,414.666666,MW,DK1,DK_1,forecast_offshore_wind_generation,Wind Offshore,2026-08-11T08:00:34Z
2026-08-11T07:56:44Z,2026-08-11T09:56:44+0200,58a750df-313e-448a-89dd-c0365ec5f82d,2026-07-29T22:00:00Z,2026-07-30T00:00:00+0200,333.833333,MW,DK1,DK_1,forecast_offshore_wind_generation,Wind Offshore,2026-08-11T08:00:34Z
2026-08-11T07:56:44Z,2026-08-11T09:56:44+0200,58a750df-313e-448a-89dd-c0365ec5f82d,2026-07-29T22:15:00Z,2026-07-30T00:15:00+0200,326.5,MW,DK1,DK_1,forecast_offshore_wind_generation,Wind Offshore,2026-08-11T08:00:34Z
2026-08-11T07:56:44Z,2026-08-11T09:56:44+0200,58a750df-313e-448a-89dd-c0365ec5f82d,2026-07-29T22:30:00Z,2026-07-30T00:30:00+0200,316.0,MW,DK1,DK_1,forecast_offshore_wind_generation,Wind Offshore,2026-08-11T08:00:34Z
2026-08-11T07:56:44Z,2026-08-11T09:56:44+0200,58a750df-313e-448a-89dd-c0365ec5f82d,2026-07-29T22:45:00Z,2026-07-30T00:45:00+0200,305.5,MW,DK1,DK_1,forecast_offshore_wind_generation,Wind Offshore,2026-08-11T08:00:34Z
2026-08-11T07:56:44Z,2026-08-11T09:56:44+0200,58a750df-313e-448a-89dd-c0365ec5f82d,2026-07-29T23:00:00Z,2026-07-30T01:00:00+0200,298.166666,MW,DK1,DK_1,forecast_offshore_wind_generation,Wind Offshore,2026-08-11T08:00:34Z
2026-08-11T07:56:44Z,2026-08-11T09:56:44+0200,58a750df-313e-448a-89dd-c0365ec5f82d,2026-07-29T23:15:00Z,2026-07-30T01:15:00+0200,293.166666,MW,DK1,DK_1,forecast_offshore_wind_generation,Wind Offshore,2026-08-11T08:00:34Z
2026-08-11T07:56:44Z,2026-08-11T09:56:44+0200,58a750df-313e-448a-89dd-c0365ec5f82d,2026-07-29T23:30:00Z,2026-07-30T01:30:00+0200,288.666666,MW,DK1,DK_1,forecast_offshore_wind_generation,Wind Offshore,2026-08-11T08:00:34Z
2026-08-11T07:56:44Z,2026-08-11T09:56:44+0200,58a750df-313e-448a-89dd-c0365ec5f82d,2026-07-29T23:45:00Z,2026-07-30T01:45:00+0200,285.5,MW,DK1,DK_1,forecast_offshore_wind_generation,Wind Offshore,2026-08-11T08:00:34Z
2026-08-11T07:56:44Z,2026-08-11T09:56:44+0200,58a750df-313e-448a-89dd-c0365ec5f82d,2026-07-30T00:00:00Z,2026-07-30T02:00:00+0200,281.5,MW,DK1,DK_1,forecast_offshore_wind_generation,Wind Offshore,2026-08-11T08:00:34Z
2026-08-11T07:56:44Z,2026-08-11T09:56:44+0200,58a750df-313e-448a-89dd-c0365ec5f82d,2026-07-30T00:15:00Z,2026-07-30T02:15:00+0200,277.0,MW,DK1,DK_1,forecast_offshore_wind_generation,Wind Offshore,2026-08-11T08:00:34Z
2026-08-11T07:56:44Z,2026-08-11T09:56:44+0200,58a750df-313e-448a-89dd-c0365ec5f82d,2026-07-30T00:30:00Z,2026-07-30T02:30:00+0200,273.5,MW,DK1,DK_1,forecast_offshore_wind_generation,Wind Offshore,2026-08-11T08:00:34Z
2026-08-11T07:56:44Z,2026-08-11T09:56:44+0200,58a750df-313e-448a-89dd-c0365ec5f82d,2026-07-30T00:45:00Z,2026-07-30T02:45:00+0200,270.666666,MW,DK1,DK_1,forecast_offshore_wind_generation,Wind Offshore,2026-08-11T08:00:34Z
2026-08-11T07:56:44Z,2026-08-11T09:56:44+0200,58a750df-313e-448a-89dd-c0365ec5f82d,2026-07-30T01:00:00Z,2026-07-30T03:00:00+0200,268.5,MW,DK1,DK_1,forecast_offshore_wind_generation,Wind Offshore,2026-08-11T08:00:34Z
2026-08-11T07:56:44Z,2026-08-11T09:56:44+0200,58a750df-313e-448a-89dd-c0365ec5f82d,2026-07-30T01:15:00Z,2026-07-30T03:15:00+0200,265.5,MW,DK1,DK_1,forecast_offshore_wind_generation,Wind Offshore,2026-08-11T08:00:34Z
2026-08-11T07:56:44Z,2026-08-11T09:56:44+0200,58a750df-313e-448a-89dd-c0365ec5f82d,2026-07-30T01:30:00Z,2026-07-30T03:30:00+0200,262.5,MW,DK1,DK_1,forecast_offshore_wind_generation,Wind Offshore,2026-08-11T08:00:34Z
2026-08-11T07:56:44Z,2026-08-11T09:56:44+0200,58a750df-313e-448a-89dd-c0365ec5f82d,2026-07-30T01:45:00Z,2026-07-30T03:45:00+0200,259.0,MW,DK1,DK_1,forecast_offshore_wind_generation,Wind Offshore,2026-08-11T08:00:34Z
2026-08-11T07:56:44Z,2026-08-11T09:56:44+0200,58a750df-313e-448a-89dd-c0365ec5f82d,2026-07-30T02:00:00Z,2026-07-30T04:00:00+0200,255.0,MW,DK1,DK_1,forecast_offshore_wind_generation,Wind Offshore,2026-08-11T08:00:34Z
2026-08-11T07:56:44Z,2026-08-11T09:56:44+0200,58a750df-313e-448a-89dd-c0365ec5f82d,2026-07-30T02:15:00Z,2026-07-30T04:15:00+0200,251.0,MW,DK1,DK_1,forecast_offshore_wind_generation,Wind Offshore,2026-08-11T08:00:34Z
2026-08-11T07:56:44Z,2026-08-11T09:56:44+0200,58a750df-313e-448a-89dd-c0365ec5f82d,2026-07-30T02:30:00Z,2026-07-30T04:30:00+0200,247.666666,MW,DK1,DK_1,forecast_offshore_wind_generation,Wind Offshore,2026-08-11T08:00:34Z
2026-08-11T07:56:44Z,2026-08-11T09:56:44+0200,58a750df-313e-448a-89dd-c0365ec5f82d,2026-07-30T02:45:00Z,2026-07-30T04:45:00+0200,249.333333,MW,DK1,DK_1,forecast_offshore_wind_generation,Wind Offshore,2026-08-11T08:00:34Z
2026-08-11T07:56:44Z,2026-08-11T09:56:44+0200,58a750df-313e-448a-89dd-c0365ec5f82d,2026-07-30T03:00:00Z,2026-07-30T05:00:00+0200,253.166666,MW,DK1,DK_1,forecast_offshore_wind_generation,Wind Offshore,2026-08-11T08:00:34Z
2026-08-11T07:56:44Z,2026-08-11T09:56:44+0200,58a750df-313e-448a-89dd-c0365ec5f82d,2026-07-30T03:15:00Z,2026-07-30T05:15:00+0200,260.5,MW,DK1,DK_1,forecast_offshore_wind_generation,Wind Offshore,2026-08-11T08:00:34Z
2026-08-11T07:56:44Z,2026-08-11T09:56:44+0200,58a750df-313e-448a-89dd-c0365ec5f82d,2026-07-30T03:30:00Z,2026-07-30T05:30:00+0200,270.166666,MW,DK1,DK_1,forecast_offshore_wind_generation,Wind Offshore,2026-08-11T08:00:34Z
2026-08-11T07:56:44Z,2026-08-11T09:56:44+0200,58a750df-313e-448a-89dd-c0365ec5f82d,2026-07-30T03:45:00Z,2026-07-30T05:45:00+0200,282.0,MW,DK1,DK_1,forecast_offshore_wind_generation,Wind Offshore,2026-08-11T08:00:34Z
2026-08-11T07:56:44Z,2026-08-11T09:56:44+0200,58a750df-313e-448a-89dd-c0365ec5f82d,2026-07-30T04:00:00Z,2026-07-30T06:00:00+0200,295.333333,MW,DK1,DK_1,forecast_offshore_wind_generation,Wind Offshore,2026-08-11T08:00:34Z
2026-08-11T07:56:44Z,2026-08-11T09:56:44+0200,58a750df-313e-448a-89dd-c0365ec5f82d,2026-07-30T04:15:00Z,2026-07-30T06:15:00+0200,310.0,MW,DK1,DK_1,forecast_offshore_wind_generation,Wind Offshore,2026-08-11T08:00:34Z
2026-08-11T07:56:44Z,2026-08-11T09:56:44+0200,58a750df-313e-448a-89dd-c0365ec5f82d,2026-07-30T04:30:00Z,2026-07-30T06:30:00+0200,326.166666,MW,DK1,DK_1,forecast_offshore_wind_generation,Wind Offshore,2026-08-11T08:00:34Z
2026-08-11T07:56:44Z,2026-08-11T09:56:44+0200,58a750df-313e-448a-89dd-c0365ec5f82d,2026-07-30T04:45:00Z,2026-07-30T06:45:00+0200,342.333333,MW,DK1,DK_1,forecast_offshore_wind_generation,Wind Offshore,2026-08-11T08:00:34Z
2026-08-11T07:56:44Z,2026-08-11T09:56:44+0200,58a750df-313e-448a-89dd-c0365ec5f82d,2026-07-30T05:00:00Z,2026-07-30T07:00:00+0200,357.833333,MW,DK1,DK_1,forecast_offshore_wind_generation,Wind Offshore,2026-08-11T08:00:34Z
2026-08-11T07:56:44Z,2026-08-11T09:56:44+0200,58a750df-313e-448a-89dd-c0365ec5f82d,2026-07-30T05:15:00Z,2026-07-30T07:15:00+0200,378.333333,MW,DK1,DK_1,forecast_offshore_wind_generation,Wind Offshore,2026-08-11T08:00:34Z
2026-08-11T07:56:44Z,2026-08-11T09:56:44+0200,58a750df-313e-448a-89dd-c0365ec5f82d,2026-07-30T05:30:00Z,2026-07-30T07:30:00+0200,397.0,MW,DK1,DK_1,forecast_offshore_wind_generation,Wind Offshore,2026-08-11T08:00:34Z
2026-08-11T07:56:44Z,2026-08-11T09:56:44+0200,58a750df-313e-448a-89dd-c0365ec5f82d,2026-07-30T05:45:00Z,2026-07-30T07:45:00+0200,414.166666,MW,DK1,DK_1,forecast_offshore_wind_generation,Wind Offshore,2026-08-11T08:00:34Z
2026-08-11T07:56:44Z,2026-08-11T09:56:44+0200,58a750df-313e-448a-89dd-c0365ec5f82d,2026-07-30T06:00:00Z,2026-07-30T08:00:00+0200,426.333333,MW,DK1,DK_1,forecast_offshore_wind_generation,Wind Offshore,2026-08-11T08:00:34Z
2026-08-11T07:56:44Z,2026-08-11T09:56:44+0200,58a750df-313e-448a-89dd-c0365ec5f82d,2026-07-30T06:15:00Z,2026-07-30T08:15:00+0200,435.0,MW,DK1,DK_1,forecast_offshore_wind_generation,Wind Offshore,2026-08-11T08:00:34Z
2026-08-11T07:56:44Z,2026-08-11T09:56:44+0200,58a750df-313e-448a-89dd-c0365ec5f82d,2026-07-30T06:30:00Z,2026-07-30T08:30:00+0200,442.5,MW,DK1,DK_1,forecast_offshore_wind_generation,Wind Offshore,2026-08-11T08:00:34Z
2026-08-11T07:56:44Z,2026-08-11T09:56:44+0200,58a750df-313e-448a-89dd-c0365ec5f82d,2026-07-30T06:45:00Z,2026-07-30T08:45:00+0200,451.5,MW,DK1,DK_1,forecast_offshore_wind_generation,Wind Offshore,2026-08-11T08:00:34Z
2026-08-11T07:56:44Z,2026-08-11T09:56:44+0200,58a750df-313e-448a-89dd-c0365ec5f82d,2026-07-30T07:00:00Z,2026-07-30T09:00:00+0200,464.333333,MW,DK1,DK_1,forecast_offshore_wind_generation,Wind Offshore,2026-08-11T08:00:34Z
2026-08-11T07:56:44Z,2026-08-11T09:56:44+0200,58a750df-313e-448a-89dd-c0365ec5f82d,2026-07-30T07:15:00Z,2026-07-30T09:15:00+0200,483.5,MW,DK1,DK_1,forecast_offshore_wind_generation,Wind Offshore,2026-08-11T08:00:34Z
2026-08-11T07:56:44Z,2026-08-11T09:56:44+0200,58a750df-313e-448a-89dd-c0365ec5f82d,2026-07-30T07:30:00Z,2026-07-30T09:30:00+0200,506.0,MW,DK1,DK_1,forecast_offshore_wind_generation,Wind Offshore,2026-08-11T08:00:34Z
2026-08-11T07:56:44Z,2026-08-11T09:56:44+0200,58a750df-313e-448a-89dd-c0365ec5f82d,2026-07-30T07:45:00Z,2026-07-30T09:45:00+0200,529.333333,MW,DK1,DK_1,forecast_offshore_wind_generation,Wind Offshore,2026-08-11T08:00:34Z
2026-08-11T07:56:44Z,2026-08-11T09:56:44+0200,58a750df-313e-448a-89dd-c0365ec5f82d,2026-07-30T08:00:00Z,2026-07-30T10:00:00+0200,552.0,MW,DK1,DK_1,forecast_offshore_wind_generation,Wind Offshore,2026-08-11T08:00:34Z
2026-08-11T07:56:44Z,2026-08-11T09:56:44+0200,58a750df-313e-448a-89dd-c0365ec5f82d,2026-07-30T08:15:00Z,2026-07-30T10:15:00+0200,577.5,MW,DK1,DK_1,forecast_offshore_wind_generation,Wind Offshore,2026-08-11T08:00:34Z
2026-08-11T07:56:44Z,2026-08-11T09:56:44+0200,58a750df-313e-448a-89dd-c0365ec5f82d,2026-07-30T08:30:00Z,2026-07-30T10:30:00+0200,603.833333,MW,DK1,DK_1,forecast_offshore_wind_generation,Wind Offshore,2026-08-11T08:00:34Z
2026-08-11T07:56:44Z,2026-08-11T09:56:44+0200,58a750df-313e-448a-89dd-c0365ec5f82d,2026-07-30T08:45:00Z,2026-07-30T10:45:00+0200,624.5,MW,DK1,DK_1,forecast_offshore_wind_generation,Wind Offshore,2026-08-11T08:00:34Z
2026-08-11T07:56:44Z,2026-08-11T09:56:44+0200,58a750df-313e-448a-89dd-c0365ec5f82d,2026-07-30T09:00:00Z,2026-07-30T11:00:00+0200,633.833333,MW,DK1,DK_1,forecast_offshore_wind_generation,Wind Offshore,2026-08-11T08:00:34Z
2026-08-11T07:56:44Z,2026-08-11T09:56:44+0200,58a750df-313e-448a-89dd-c0365ec5f82d,2026-07-30T09:15:00Z,2026-07-30T11:15:00+0200,635.0,MW,DK1,DK_1,forecast_offshore_wind_generation,Wind Offshore,2026-08-11T08:00:34Z
2026-08-11T07:56:44Z,2026-08-11T09:56:44+0200,58a750df-313e-448a-89dd-c0365ec5f82d,2026-07-30T09:30:00Z,2026-07-30T11:30:00+0200,632.5,MW,DK1,DK_1,forecast_offshore_wind_generation,Wind Offshore,2026-08-11T08:00:34Z
2026-08-11T07:56:44Z,2026-08-11T09:56:44+0200,58a750df-313e-448a-89dd-c0365ec5f82d,2026-07-30T09:45:00Z,2026-07-30T11:45:00+0200,628.5,MW,DK1,DK_1,forecast_offshore_wind_generation,Wind Offshore,2026-08-11T08:00:34Z
2026-08-11T07:56:44Z,2026-08-11T09:56:44+0200,58a750df-313e-448a-89dd-c0365ec5f82d,2026-07-30T10:00:00Z,2026-07-30T12:00:00+0200,622.166666,MW,DK1,DK_1,forecast_offshore_wind_generation,Wind Offshore,2026-08-11T08:00:34Z
2026-08-11T07:56:44Z,2026-08-11T09:56:44+0200,58a750df-313e-448a-89dd-c0365ec5f82d,2026-07-30T10:15:00Z,2026-07-30T12:15:00+0200,610.166666,MW,DK1,DK_1,forecast_offshore_wind_generation,Wind Offshore,2026-08-11T08:00:34Z
2026-08-11T07:56:44Z,2026-08-11T09:56:44+0200,58a750df-313e-448a-89dd-c0365ec5f82d,2026-07-30T10:30:00Z,2026-07-30T12:30:00+0200,598.0,MW,DK1,DK_1,forecast_offshore_wind_generation,Wind Offshore,2026-08-11T08:00:34Z
2026-08-11T07:56:44Z,2026-08-11T09:56:44+0200,58a750df-313e-448a-89dd-c0365ec5f82d,2026-07-30T10:45:00Z,2026-07-30T12:45:00+0200,589.333333,MW,DK1,DK_1,forecast_offshore_wind_generation,Wind Offshore,2026-08-11T08:00:34Z
2026-08-11T07:56:44Z,2026-08-11T09:56:44+0200,58a750df-313e-448a-89dd-c0365ec5f82d,2026-07-30T11:00:00Z,2026-07-30T13:00:00+0200,588.5,MW,DK1,DK_1,forecast_offshore_wind_generation,Wind Offshore,2026-08-11T08:00:34Z
2026-08-11T07:56:44Z,2026-08-11T09:56:44+0200,58a750df-313e-448a-89dd-c0365ec5f82d,2026-07-30T11:15:00Z,2026-07-30T13:15:00+0200,590.333333,MW,DK1,DK_1,forecast_offshore_wind_generation,Wind Offshore,2026-08-11T08:00:34Z
2026-08-11T07:56:44Z,2026-08-11T09:56:44+0200,58a750df-313e-448a-89dd-c0365ec5f82d,2026-07-30T11:30:00Z,2026-07-30T13:30:00+0200,592.666666,MW,DK1,DK_1,forecast_offshore_wind_generation,Wind Offshore,2026-08-11T08:00:34Z
2026-08-11T07:56:44Z,2026-08-11T09:56:44+0200,58a750df-313e-448a-89dd-c0365ec5f82d,2026-07-30T11:45:00Z,2026-07-30T13:45:00+0200,596.5,MW,DK1,DK_1,forecast_offshore_wind_generation,Wind Offshore,2026-08-11T08:00:34Z
2026-08-11T07:56:44Z,2026-08-11T09:56:44+0200,58a750df-313e-448a-89dd-c0365ec5f82d,2026-07-30T12:00:00Z,2026-07-30T14:00:00+0200,602.0,MW,DK1,DK_1,forecast_offshore_wind_generation,Wind Offshore,2026-08-11T08:00:34Z
2026-08-11T07:56:44Z,2026-08-11T09:56:44+0200,58a750df-313e-448a-89dd-c0365ec5f82d,2026-07-30T12:15:00Z,2026-07-30T14:15:00+0200,615.666666,MW,DK1,DK_1,forecast_offshore_wind_generation,Wind Offshore,2026-08-11T08:00:34Z
2026-08-11T07:56:44Z,2026-08-11T09:56:44+0200,58a750df-313e-448a-89dd-c0365ec5f82d,2026-07-30T12:30:00Z,2026-07-30T14:30:00+0200,632.166666,MW,DK1,DK_1,forecast_offshore_wind_generation,Wind Offshore,2026-08-11T08:00:34Z
2026-08-11T07:56:44Z,2026-08-11T09:56:44+0200,58a750df-313e-448a-89dd-c0365ec5f82d,2026-07-30T12:45:00Z,2026-07-30T14:45:00+0200,648.333333,MW,DK1,DK_1,forecast_offshore_wind_generation,Wind Offshore,2026-08-11T08:00:34Z
2026-08-11T07:56:44Z,2026-08-11T09:56:44+0200,58a750df-313e-448a-89dd-c0365ec5f82d,2026-07-30T13:00:00Z,2026-07-30T15:00:00+0200,661.666666,MW,DK1,DK_1,forecast_offshore_wind_generation,Wind Offshore,2026-08-11T08:00:34Z
2026-08-11T07:56:44Z,2026-08-11T09:56:44+0200,58a750df-313e-448a-89dd-c0365ec5f82d,2026-07-30T13:15:00Z,2026-07-30T15:15:00+0200,673.666666,MW,DK1,DK_1,forecast_offshore_wind_generation,Wind Offshore,2026-08-11T08:00:34Z
2026-08-11T07:56:44Z,2026-08-11T09:56:44+0200,58a750df-313e-448a-89dd-c0365ec5f82d,2026-07-30T13:30:00Z,2026-07-30T15:30:00+0200,684.0,MW,DK1,DK_1,forecast_offshore_wind_generation,Wind Offshore,2026-08-11T08:00:34Z
2026-08-11T07:56:44Z,2026-08-11T09:56:44+0200,58a750df-313e-448a-89dd-c0365ec5f82d,2026-07-30T13:45:00Z,2026-07-30T15:45:00+0200,694.333333,MW,DK1,DK_1,forecast_offshore_wind_generation,Wind Offshore,2026-08-11T08:00:34Z
2026-08-11T07:56:44Z,2026-08-11T09:56:44+0200,58a750df-313e-448a-89dd-c0365ec5f82d,2026-07-30T14:00:00Z,2026-07-30T16:00:00+0200,704.5,MW,DK1,DK_1,forecast_offshore_wind_generation,Wind Offshore,2026-08-11T08:00:34Z
2026-08-11T07:56:44Z,2026-08-11T09:56:44+0200,58a750df-313e-448a-89dd-c0365ec5f82d,2026-07-30T14:15:00Z,2026-07-30T16:15:00+0200,714.5,MW,DK1,DK_1,forecast_offshore_wind_generation,Wind Offshore,2026-08-11T08:00:34Z
2026-08-11T07:56:44Z,2026-08-11T09:56:44+0200,58a750df-313e-448a-89dd-c0365ec5f82d,2026-07-30T14:30:00Z,2026-07-30T16:30:00+0200,722.833333,MW,DK1,DK_1,forecast_offshore_wind_generation,Wind Offshore,2026-08-11T08:00:34Z
2026-08-11T07:56:44Z,2026-08-11T09:56:44+0200,58a750df-313e-448a-89dd-c0365ec5f82d,2026-07-30T14:45:00Z,2026-07-30T16:45:00+0200,726.666666,MW,DK1,DK_1,forecast_offshore_wind_generation,Wind Offshore,2026-08-11T08:00:34Z
2026-08-11T07:56:44Z,2026-08-11T09:56:44+0200,58a750df-313e-448a-89dd-c0365ec5f82d,2026-07-30T15:00:00Z,2026-07-30T17:00:00+0200,722.333333,MW,DK1,DK_1,forecast_offshore_wind_generation,Wind Offshore,2026-08-11T08:00:34Z
2026-08-11T07:56:44Z,2026-08-11T09:56:44+0200,58a750df-313e-448a-89dd-c0365ec5f82d,2026-07-30T15:15:00Z,2026-07-30T17:15:00+0200,711.166666,MW,DK1,DK_1,forecast_offshore_wind_generation,Wind Offshore,2026-08-11T08:00:34Z
2026-08-11T07:56:44Z,2026-08-11T09:56:44+0200,58a750df-313e-448a-89dd-c0365ec5f82d,2026-07-30T15:30:00Z,2026-07-30T17:30:00+0200,694.833333,MW,DK1,DK_1,forecast_offshore_wind_generation,Wind Offshore,2026-08-11T08:00:34Z
2026-08-11T07:56:44Z,2026-08-11T09:56:44+0200,58a750df-313e-448a-89dd-c0365ec5f82d,2026-07-30T15:45:00Z,2026-07-30T17:45:00+0200,677.833333,MW,DK1,DK_1,forecast_offshore_wind_generation,Wind Offshore,2026-08-11T08:00:34Z
2026-08-11T07:56:44Z,2026-08-11T09:56:44+0200,58a750df-313e-448a-89dd-c0365ec5f82d,2026-07-30T16:00:00Z,2026-07-30T18:00:00+0200,666.0,MW,DK1,DK_1,forecast_offshore_wind_generation,Wind Offshore,2026-08-11T08:00:34Z
2026-08-11T07:56:44Z,2026-08-11T09:56:44+0200,58a750df-313e-448a-89dd-c0365ec5f82d,2026-07-30T16:15:00Z,2026-07-30T18:15:00+0200,655.5,MW,DK1,DK_1,forecast_offshore_wind_generation,Wind Offshore,2026-08-11T08:00:34Z
2026-08-11T07:56:44Z,2026-08-11T09:56:44+0200,58a750df-313e-448a-89dd-c0365ec5f82d,2026-07-30T16:30:00Z,2026-07-30T18:30:00+0200,644.666666,MW,DK1,DK_1,forecast_offshore_wind_generation,Wind Offshore,2026-08-11T08:00:34Z
2026-08-11T07:56:44Z,2026-08-11T09:56:44+0200,58a750df-313e-448a-89dd-c0365ec5f82d,2026-07-30T16:45:00Z,2026-07-30T18:45:00+0200,636.166666,MW,DK1,DK_1,forecast_offshore_wind_generation,Wind Offshore,2026-08-11T08:00:34Z
2026-08-11T07:56:44Z,2026-08-11T09:56:44+0200,58a750df-313e-448a-89dd-c0365ec5f82d,2026-07-30T17:00:00Z,2026-07-30T19:00:00+0200,630.0,MW,DK1,DK_1,forecast_offshore_wind_generation,Wind Offshore,2026-08-11T08:00:34Z
2026-08-11T07:56:44Z,2026-08-11T09:56:44+0200,58a750df-313e-448a-89dd-c0365ec5f82d,2026-07-30T17:15:00Z,2026-07-30T19:15:00+0200,624.0,MW,DK1,DK_1,forecast_offshore_wind_generation,Wind Offshore,2026-08-11T08:00:34Z
2026-08-11T07:56:44Z,2026-08-11T09:56:44+0200,58a750df-313e-448a-89dd-c0365ec5f82d,2026-07-30T17:30:00Z,2026-07-30T19:30:00+0200,618.166666,MW,DK1,DK_1,forecast_offshore_wind_generation,Wind Offshore,2026-08-11T08:00:34Z
2026-08-11T07:56:44Z,2026-08-11T09:56:44+0200,58a750df-313e-448a-89dd-c0365ec5f82d,2026-07-30T17:45:00Z,2026-07-30T19:45:00+0200,614.333333,MW,DK1,DK_1,forecast_offshore_wind_generation,Wind Offshore,2026-08-11T08:00:34Z
2026-08-11T07:56:44Z,2026-08-11T09:56:44+0200,58a750df-313e-448a-89dd-c0365ec5f82d,2026-07-30T18:00:00Z,2026-07-30T20:00:00+0200,614.666666,MW,DK1,DK_1,forecast_offshore_wind_generation,Wind Offshore,2026-08-11T08:00:34Z
2026-08-11T07:56:44Z,2026-08-11T09:56:44+0200,58a750df-313e-448a-89dd-c0365ec5f82d,2026-07-30T18:15:00Z,2026-07-30T20:15:00+0200,618.5,MW,DK1,DK_1,forecast_offshore_wind_generation,Wind Offshore,2026-08-11T08:00:34Z
2026-08-11T07:56:44Z,2026-08-11T09:56:44+0200,58a750df-313e-448a-89dd-c0365ec5f82d,2026-07-30T18:30:00Z,2026-07-30T20:30:00+0200,623.333333,MW,DK1,DK_1,forecast_offshore_wind_generation,Wind Offshore,2026-08-11T08:00:34Z
2026-08-11T07:56:44Z,2026-08-11T09:56:44+0200,58a750df-313e-448a-89dd-c0365ec5f82d,2026-07-30T18:45:00Z,2026-07-30T20:45:00+0200,625.0,MW,DK1,DK_1,forecast_offshore_wind_generation,Wind Offshore,2026-08-11T08:00:34Z
2026-08-11T07:56:44Z,2026-08-11T09:56:44+0200,58a750df-313e-448a-89dd-c0365ec5f82d,2026-07-30T19:00:00Z,2026-07-30T21:00:00+0200,623.166666,MW,DK1,DK_1,forecast_offshore_wind_generation,Wind Offshore,2026-08-11T08:00:34Z
2026-08-11T07:56:44Z,2026-08-11T09:56:44+0200,58a750df-313e-448a-89dd-c0365ec5f82d,2026-07-30T19:15:00Z,2026-07-30T21:15:00+0200,616.166666,MW,DK1,DK_1,forecast_offshore_wind_generation,Wind Offshore,2026-08-11T08:00:34Z
2026-08-11T07:56:44Z,2026-08-11T09:56:44+0200,58a750df-313e-448a-89dd-c0365ec5f82d,2026-07-30T19:30:00Z,2026-07-30T21:30:00+0200,606.0,MW,DK1,DK_1,forecast_offshore_wind_generation,Wind Offshore,2026-08-11T08:00:34Z
2026-08-11T07:56:44Z,2026-08-11T09:56:44+0200,58a750df-313e-448a-89dd-c0365ec5f82d,2026-07-30T19:45:00Z,2026-07-30T21:45:00+0200,597.166666,MW,DK1,DK_1,forecast_offshore_wind_generation,Wind Offshore,2026-08-11T08:00:34Z
2026-08-11T07:56:44Z,2026-08-11T09:56:44+0200,58a750df-313e-448a-89dd-c0365ec5f82d,2026-07-30T20:00:00Z,2026-07-30T22:00:00+0200,591.833333,MW,DK1,DK_1,forecast_offshore_wind_generation,Wind Offshore,2026-08-11T08:00:34Z
2026-08-11T07:56:44Z,2026-08-11T09:56:44+0200,58a750df-313e-448a-89dd-c0365ec5f82d,2026-07-30T20:15:00Z,2026-07-30T22:15:00+0200,586.666666,MW,DK1,DK_1,forecast_offshore_wind_generation,Wind Offshore,2026-08-11T08:00:34Z
2026-08-11T07:56:44Z,2026-08-11T09:56:44+0200,58a750df-313e-448a-89dd-c0365ec5f82d,2026-07-30T20:30:00Z,2026-07-30T22:30:00+0200,578.5,MW,DK1,DK_1,forecast_offshore_wind_generation,Wind Offshore,2026-08-11T08:00:34Z
2026-08-11T07:56:44Z,2026-08-11T09:56:44+0200,58a750df-313e-448a-89dd-c0365ec5f82d,2026-07-30T20:45:00Z,2026-07-30T22:45:00+0200,569.666666,MW,DK1,DK_1,forecast_offshore_wind_generation,Wind Offshore,2026-08-11T08:00:34Z
2026-08-11T07:56:44Z,2026-08-11T09:56:44+0200,58a750df-313e-448a-89dd-c0365ec5f82d,2026-07-30T21:00:00Z,2026-07-30T23:00:00+0200,563.0,MW,DK1,DK_1,forecast_offshore_wind_generation,Wind Offshore,2026-08-11T08:00:34Z
2026-08-11T07:56:44Z,2026-08-11T09:56:44+0200,58a750df-313e-448a-89dd-c0365ec5f82d,2026-07-30T21:15:00Z,2026-07-30T23:15:00+0200,558.333333,MW,DK1,DK_1,forecast_offshore_wind_generation,Wind Offshore,2026-08-11T08:00:34Z
2026-08-11T07:56:44Z,2026-08-11T09:56:44+0200,58a750df-313e-448a-89dd-c0365ec5f82d,2026-07-30T21:30:00Z,2026-07-30T23:30:00+0200,551.666666,MW,DK1,DK_1,forecast_offshore_wind_generation,Wind Offshore,2026-08-11T08:00:34Z
2026-08-11T07:56:44Z,2026-08-11T09:56:44+0200,58a750df-313e-448a-89dd-c0365ec5f82d,2026-07-30T21:45:00Z,2026-07-30T23:45:00+0200,546.666666,MW,DK1,DK_1,forecast_offshore_wind_generation,Wind Offshore,2026-08-11T08:00:34Z
2026-08-11T07:56:44Z,2026-08-11T09:56:44+0200,58a750df-313e-448a-89dd-c0365ec5f82d,2026-07-30T22:00:00Z,2026-07-31T00:00:00+0200,500.0,MW,DK1,DK_1,forecast_offshore_wind_generation,Wind Offshore,2026-08-11T08:00:34Z
2026-08-11T07:56:44Z,2026-08-11T09:56:44+0200,58a750df-313e-448a-89dd-c0365ec5f82d,2026-07-30T22:15:00Z,2026-07-31T00:15:00+0200,496.833333,MW,DK1,DK_1,forecast_offshore_wind_generation,Wind Offshore,2026-08-11T08:00:34Z
2026-08-11T07:56:44Z,2026-08-11T09:56:44+0200,58a750df-313e-448a-89dd-c0365ec5f82d,2026-07-30T22:30:00Z,2026-07-31T00:30:00+0200,491.0,MW,DK1,DK_1,forecast_offshore_wind_generation,Wind Offshore,2026-08-11T08:00:34Z
2026-08-11T07:56:44Z,2026-08-11T09:56:44+0200,58a750df-313e-448a-89dd-c0365ec5f82d,2026-07-30T22:45:00Z,2026-07-31T00:45:00+0200,485.666666,MW,DK1,DK_1,forecast_offshore_wind_generation,Wind Offshore,2026-08-11T08:00:34Z
2026-08-11T07:56:44Z,2026-08-11T09:56:44+0200,58a750df-313e-448a-89dd-c0365ec5f82d,2026-07-30T23:00:00Z,2026-07-31T01:00:00+0200,485.166666,MW,DK1,DK_1,forecast_offshore_wind_generation,Wind Offshore,2026-08-11T08:00:34Z
2026-08-11T07:56:44Z,2026-08-11T09:56:44+0200,58a750df-313e-448a-89dd-c0365ec5f82d,2026-07-30T23:15:00Z,2026-07-31T01:15:00+0200,489.166666,MW,DK1,DK_1,forecast_offshore_wind_generation,Wind Offshore,2026-08-11T08:00:34Z
2026-08-11T07:56:44Z,2026-08-11T09:56:44+0200,58a750df-313e-448a-89dd-c0365ec5f82d,2026-07-30T23:30:00Z,2026-07-31T01:30:00+0200,494.5,MW,DK1,DK_1,forecast_offshore_wind_generation,Wind Offshore,2026-08-11T08:00:34Z
2026-08-11T07:56:44Z,2026-08-11T09:56:44+0200,58a750df-313e-448a-89dd-c0365ec5f82d,2026-07-30T23:45:00Z,2026-07-31T01:45:00+0200,497.666666,MW,DK1,DK_1,forecast_offshore_wind_generation,Wind Offshore,2026-08-11T08:00:34Z
2026-08-11T07:56:44Z,2026-08-11T09:56:44+0200,58a750df-313e-448a-89dd-c0365ec5f82d,2026-07-31T00:00:00Z,2026-07-31T02:00:00+0200,494.833333,MW,DK1,DK_1,forecast_offshore_wind_generation,Wind Offshore,2026-08-11T08:00:34Z
2026-08-11T07:56:44Z,2026-08-11T09:56:44+0200,58a750df-313e-448a-89dd-c0365ec5f82d,2026-07-31T00:15:00Z,2026-07-31T02:15:00+0200,487.5,MW,DK1,DK_1,forecast_offshore_wind_generation,Wind Offshore,2026-08-11T08:00:34Z
2026-08-11T07:56:44Z,2026-08-11T09:56:44+0200,58a750df-313e-448a-89dd-c0365ec5f82d,2026-07-31T00:30:00Z,2026-07-31T02:30:00+0200,478.333333,MW,DK1,DK_1,forecast_offshore_wind_generation,Wind Offshore,2026-08-11T08:00:34Z
2026-08-11T07:56:44Z,2026-08-11T09:56:44+0200,58a750df-313e-448a-89dd-c0365ec5f82d,2026-07-31T00:45:00Z,2026-07-31T02:45:00+0200,468.5,MW,DK1,DK_1,forecast_offshore_wind_generation,Wind Offshore,2026-08-11T08:00:34Z
2026-08-11T07:56:44Z,2026-08-11T09:56:44+0200,58a750df-313e-448a-89dd-c0365ec5f82d,2026-07-31T01:00:00Z,2026-07-31T03:00:00+0200,459.5,MW,DK1,DK_1,forecast_offshore_wind_generation,Wind Offshore,2026-08-11T08:00:34Z
2026-08-11T07:56:44Z,2026-08-11T09:56:44+0200,58a750df-313e-448a-89dd-c0365ec5f82d,2026-07-31T01:15:00Z,2026-07-31T03:15:00+0200,450.0,MW,DK1,DK_1,forecast_offshore_wind_generation,Wind Offshore,2026-08-11T08:00:34Z
2026-08-11T07:56:44Z,2026-08-11T09:56:44+0200,58a750df-313e-448a-89dd-c0365ec5f82d,2026-07-31T01:30:00Z,2026-07-31T03:30:00+0200,440.5,MW,DK1,DK_1,forecast_offshore_wind_generation,Wind Offshore,2026-08-11T08:00:34Z
2026-08-11T07:56:44Z,2026-08-11T09:56:44+0200,58a750df-313e-448a-89dd-c0365ec5f82d,2026-07-31T01:45:00Z,2026-07-31T03:45:00+0200,432.166666,MW,DK1,DK_1,forecast_offshore_wind_generation,Wind Offshore,2026-08-11T08:00:34Z
2026-08-11T07:56:44Z,2026-08-11T09:56:44+0200,58a750df-313e-448a-89dd-c0365ec5f82d,2026-07-31T02:00:00Z,2026-07-31T04:00:00+0200,427.0,MW,DK1,DK_1,forecast_offshore_wind_generation,Wind Offshore,2026-08-11T08:00:34Z
2026-08-11T07:56:44Z,2026-08-11T09:56:44+0200,58a750df-313e-448a-89dd-c0365ec5f82d,2026-07-31T02:15:00Z,2026-07-31T04:15:00+0200,422.5,MW,DK1,DK_1,forecast_offshore_wind_generation,Wind Offshore,2026-08-11T08:00:34Z
2026-08-11T07:56:44Z,2026-08-11T09:56:44+0200,58a750df-313e-448a-89dd-c0365ec5f82d,2026-07-31T02:30:00Z,2026-07-31T04:30:00+0200,418.0,MW,DK1,DK_1,forecast_offshore_wind_generation,Wind Offshore,2026-08-11T08:00:34Z
2026-08-11T07:56:44Z,2026-08-11T09:56:44+0200,58a750df-313e-448a-89dd-c0365ec5f82d,2026-07-31T02:45:00Z,2026-07-31T04:45:00+0200,412.166666,MW,DK1,DK_1,forecast_offshore_wind_generation,Wind Offshore,2026-08-11T08:00:34Z
2026-08-11T07:56:44Z,2026-08-11T09:56:44+0200,58a750df-313e-448a-89dd-c0365ec5f82d,2026-07-31T03:00:00Z,2026-07-31T05:00:00+0200,406.0,MW,DK1,DK_1,forecast_offshore_wind_generation,Wind Offshore,2026-08-11T08:00:34Z
2026-08-11T07:56:44Z,2026-08-11T09:56:44+0200,58a750df-313e-448a-89dd-c0365ec5f82d,2026-07-31T03:15:00Z,2026-07-31T05:15:00+0200,399.0,MW,DK1,DK_1,forecast_offshore_wind_generation,Wind Offshore,2026-08-11T08:00:34Z
2026-08-11T07:56:44Z,2026-08-11T09:56:44+0200,58a750df-313e-448a-89dd-c0365ec5f82d,2026-07-31T03:30:00Z,2026-07-31T05:30:00+0200,391.333333,MW,DK1,DK_1,forecast_offshore_wind_generation,Wind Offshore,2026-08-11T08:00:34Z
2026-08-11T07:56:44Z,2026-08-11T09:56:44+0200,58a750df-313e-448a-89dd-c0365ec5f82d,2026-07-31T03:45:00Z,2026-07-31T05:45:00+0200,382.5,MW,DK1,DK_1,forecast_offshore_wind_generation,Wind Offshore,2026-08-11T08:00:34Z
2026-08-11T07:56:44Z,2026-08-11T09:56:44+0200,58a750df-313e-448a-89dd-c0365ec5f82d,2026-07-31T04:00:00Z,2026-07-31T06:00:00+0200,373.5,MW,DK1,DK_1,forecast_offshore_wind_generation,Wind Offshore,2026-08-11T08:00:34Z
2026-08-11T07:56:44Z,2026-08-11T09:56:44+0200,58a750df-313e-448a-89dd-c0365ec5f82d,2026-07-31T04:15:00Z,2026-07-31T06:15:00+0200,364.0,MW,DK1,DK_1,forecast_offshore_wind_generation,Wind Offshore,2026-08-11T08:00:34Z
2026-08-11T07:56:44Z,2026-08-11T09:56:44+0200,58a750df-313e-448a-89dd-c0365ec5f82d,2026-07-31T04:30:00Z,2026-07-31T06:30:00+0200,353.5,MW,DK1,DK_1,forecast_offshore_wind_generation,Wind Offshore,2026-08-11T08:00:34Z
2026-08-11T07:56:44Z,2026-08-11T09:56:44+0200,58a750df-313e-448a-89dd-c0365ec5f82d,2026-07-31T04:45:00Z,2026-07-31T06:45:00+0200,343.5,MW,DK1,DK_1,forecast_offshore_wind_generation,Wind Offshore,2026-08-11T08:00:34Z
2026-08-11T07:56:44Z,2026-08-11T09:56:44+0200,58a750df-313e-448a-89dd-c0365ec5f82d,2026-07-31T05:00:00Z,2026-07-31T07:00:00+0200,333.0,MW,DK1,DK_1,forecast_offshore_wind_generation,Wind Offshore,2026-08-11T08:00:34Z
2026-08-11T07:56:44Z,2026-08-11T09:56:44+0200,58a750df-313e-448a-89dd-c0365ec5f82d,2026-07-31T05:15:00Z,2026-07-31T07:15:00+0200,319.5,MW,DK1,DK_1,forecast_offshore_wind_generation,Wind Offshore,2026-08-11T08:00:34Z
2026-08-11T07:56:44Z,2026-08-11T09:56:44+0200,58a750df-313e-448a-89dd-c0365ec5f82d,2026-07-31T05:30:00Z,2026-07-31T07:30:00+0200,305.666666,MW,DK1,DK_1,forecast_offshore_wind_generation,Wind Offshore,2026-08-11T08:00:34Z
2026-08-11T07:56:44Z,2026-08-11T09:56:44+0200,58a750df-313e-448a-89dd-c0365ec5f82d,2026-07-31T05:45:00Z,2026-07-31T07:45:00+0200,294.666666,MW,DK1,DK_1,forecast_offshore_wind_generation,Wind Offshore,2026-08-11T08:00:34Z
2026-08-11T07:56:44Z,2026-08-11T09:56:44+0200,58a750df-313e-448a-89dd-c0365ec5f82d,2026-07-31T06:00:00Z,2026-07-31T08:00:00+0200,285.5,MW,DK1,DK_1,forecast_offshore_wind_generation,Wind Offshore,2026-08-11T08:00:34Z
2026-08-11T07:56:44Z,2026-08-11T09:56:44+0200,58a750df-313e-448a-89dd-c0365ec5f82d,2026-07-31T06:15:00Z,2026-07-31T08:15:00+0200,276.666666,MW,DK1,DK_1,forecast_offshore_wind_generation,Wind Offshore,2026-08-11T08:00:34Z
2026-08-11T07:56:44Z,2026-08-11T09:56:44+0200,58a750df-313e-448a-89dd-c0365ec5f82d,2026-07-31T06:30:00Z,2026-07-31T08:30:00+0200,268.5,MW,DK1,DK_1,forecast_offshore_wind_generation,Wind Offshore,2026-08-11T08:00:34Z
2026-08-11T07:56:44Z,2026-08-11T09:56:44+0200,58a750df-313e-448a-89dd-c0365ec5f82d,2026-07-31T06:45:00Z,2026-07-31T08:45:00+0200,260.5,MW,DK1,DK_1,forecast_offshore_wind_generation,Wind Offshore,2026-08-11T08:00:34Z
2026-08-11T07:56:44Z,2026-08-11T09:56:44+0200,58a750df-313e-448a-89dd-c0365ec5f82d,2026-07-31T07:00:00Z,2026-07-31T09:00:00+0200,252.0,MW,DK1,DK_1,forecast_offshore_wind_generation,Wind Offshore,2026-08-11T08:00:34Z
2026-08-11T07:56:44Z,2026-08-11T09:56:44+0200,58a750df-313e-448a-89dd-c0365ec5f82d,2026-07-31T07:15:00Z,2026-07-31T09:15:00+0200,241.0,MW,DK1,DK_1,forecast_offshore_wind_generation,Wind Offshore,2026-08-11T08:00:34Z
2026-08-11T07:56:44Z,2026-08-11T09:56:44+0200,58a750df-313e-448a-89dd-c0365ec5f82d,2026-07-31T07:30:00Z,2026-07-31T09:30:00+0200,229.0,MW,DK1,DK_1,forecast_offshore_wind_generation,Wind Offshore,2026-08-11T08:00:34Z
2026-08-11T07:56:44Z,2026-08-11T09:56:44+0200,58a750df-313e-448a-89dd-c0365ec5f82d,2026-07-31T07:45:00Z,2026-07-31T09:45:00+0200,218.0,MW,DK1,DK_1,forecast_offshore_wind_generation,Wind Offshore,2026-08-11T08:00:34Z
2026-08-11T07:56:44Z,2026-08-11T09:56:44+0200,58a750df-313e-448a-89dd-c0365ec5f82d,2026-07-31T08:00:00Z,2026-07-31T10:00:00+0200,207.833333,MW,DK1,DK_1,forecast_offshore_wind_generation,Wind Offshore,2026-08-11T08:00:34Z
2026-08-11T07:56:44Z,2026-08-11T09:56:44+0200,58a750df-313e-448a-89dd-c0365ec5f82d,2026-07-31T08:15:00Z,2026-07-31T10:15:00+0200,195.833333,MW,DK1,DK_1,forecast_offshore_wind_generation,Wind Offshore,2026-08-11T08:00:34Z
2026-08-11T07:56:44Z,2026-08-11T09:56:44+0200,58a750df-313e-448a-89dd-c0365ec5f82d,2026-07-31T08:30:00Z,2026-07-31T10:30:00+0200,182.5,MW,DK1,DK_1,forecast_offshore_wind_generation,Wind Offshore,2026-08-11T08:00:34Z
2026-08-11T07:56:44Z,2026-08-11T09:56:44+0200,58a750df-313e-448a-89dd-c0365ec5f82d,2026-07-31T08:45:00Z,2026-07-31T10:45:00+0200,171.0,MW,DK1,DK_1,forecast_offshore_wind_generation,Wind Offshore,2026-08-11T08:00:34Z
2026-08-11T07:56:44Z,2026-08-11T09:56:44+0200,58a750df-313e-448a-89dd-c0365ec5f82d,2026-07-31T09:00:00Z,2026-07-31T11:00:00+0200,163.0,MW,DK1,DK_1,forecast_offshore_wind_generation,Wind Offshore,2026-08-11T08:00:34Z
2026-08-11T07:56:44Z,2026-08-11T09:56:44+0200,58a750df-313e-448a-89dd-c0365ec5f82d,2026-07-31T09:15:00Z,2026-07-31T11:15:00+0200,157.5,MW,DK1,DK_1,forecast_offshore_wind_generation,Wind Offshore,2026-08-11T08:00:34Z
2026-08-11T07:56:44Z,2026-08-11T09:56:44+0200,58a750df-313e-448a-89dd-c0365ec5f82d,2026-07-31T09:30:00Z,2026-07-31T11:30:00+0200,153.0,MW,DK1,DK_1,forecast_offshore_wind_generation,Wind Offshore,2026-08-11T08:00:34Z
2026-08-11T07:56:44Z,2026-08-11T09:56:44+0200,58a750df-313e-448a-89dd-c0365ec5f82d,2026-07-31T09:45:00Z,2026-07-31T11:45:00+0200,149.333333,MW,DK1,DK_1,forecast_offshore_wind_generation,Wind Offshore,2026-08-11T08:00:34Z
2026-08-11T07:56:44Z,2026-08-11T09:56:44+0200,58a750df-313e-448a-89dd-c0365ec5f82d,2026-07-31T10:00:00Z,2026-07-31T12:00:00+0200,144.833333,MW,DK1,DK_1,forecast_offshore_wind_generation,Wind Offshore,2026-08-11T08:00:34Z
2026-08-11T07:56:44Z,2026-08-11T09:56:44+0200,58a750df-313e-448a-89dd-c0365ec5f82d,2026-07-31T10:15:00Z,2026-07-31T12:15:00+0200,139.5,MW,DK1,DK_1,forecast_offshore_wind_generation,Wind Offshore,2026-08-11T08:00:34Z
2026-08-11T07:56:44Z,2026-08-11T09:56:44+0200,58a750df-313e-448a-89dd-c0365ec5f82d,2026-07-31T10:30:00Z,2026-07-31T12:30:00+0200,134.0,MW,DK1,DK_1,forecast_offshore_wind_generation,Wind Offshore,2026-08-11T08:00:34Z
2026-08-11T07:56:44Z,2026-08-11T09:56:44+0200,58a750df-313e-448a-89dd-c0365ec5f82d,2026-07-31T10:45:00Z,2026-07-31T12:45:00+0200,128.0,MW,DK1,DK_1,forecast_offshore_wind_generation,Wind Offshore,2026-08-11T08:00:34Z
2026-08-11T07:56:44Z,2026-08-11T09:56:44+0200,58a750df-313e-448a-89dd-c0365ec5f82d,2026-07-31T11:00:00Z,2026-07-31T13:00:00+0200,123.5,MW,DK1,DK_1,forecast_offshore_wind_generation,Wind Offshore,2026-08-11T08:00:34Z
2026-08-11T07:56:44Z,2026-08-11T09:56:44+0200,58a750df-313e-448a-89dd-c0365ec5f82d,2026-07-31T11:15:00Z,2026-07-31T13:15:00+0200,122.0,MW,DK1,DK_1,forecast_offshore_wind_generation,Wind Offshore,2026-08-11T08:00:34Z
2026-08-11T07:56:44Z,2026-08-11T09:56:44+0200,58a750df-313e-448a-89dd-c0365ec5f82d,2026-07-31T11:30:00Z,2026-07-31T13:30:00+0200,122.833333,MW,DK1,DK_1,forecast_offshore_wind_generation,Wind Offshore,2026-08-11T08:00:34Z
2026-08-11T07:56:44Z,2026-08-11T09:56:44+0200,58a750df-313e-448a-89dd-c0365ec5f82d,2026-07-31T11:45:00Z,2026-07-31T13:45:00+0200,123.0,MW,DK1,DK_1,forecast_offshore_wind_generation,Wind Offshore,2026-08-11T08:00:34Z
2026-08-11T07:56:44Z,2026-08-11T09:56:44+0200,58a750df-313e-448a-89dd-c0365ec5f82d,2026-07-31T12:00:00Z,2026-07-31T14:00:00+0200,122.833333,MW,DK1,DK_1,forecast_offshore_wind_generation,Wind Offshore,2026-08-11T08:00:34Z
2026-08-11T07:56:44Z,2026-08-11T09:56:44+0200,58a750df-313e-448a-89dd-c0365ec5f82d,2026-07-31T12:15:00Z,2026-07-31T14:15:00+0200,122.0,MW,DK1,DK_1,forecast_offshore_wind_generation,Wind Offshore,2026-08-11T08:00:34Z
2026-08-11T07:56:44Z,2026-08-11T09:56:44+0200,58a750df-313e-448a-89dd-c0365ec5f82d,2026-07-31T12:30:00Z,2026-07-31T14:30:00+0200,122.0,MW,DK1,DK_1,forecast_offshore_wind_generation,Wind Offshore,2026-08-11T08:00:34Z
2026-08-11T07:56:44Z,2026-08-11T09:56:44+0200,58a750df-313e-448a-89dd-c0365ec5f82d,2026-07-31T12:45:00Z,2026-07-31T14:45:00+0200,121.5,MW,DK1,DK_1,forecast_offshore_wind_generation,Wind Offshore,2026-08-11T08:00:34Z
2026-08-11T07:56:44Z,2026-08-11T09:56:44+0200,58a750df-313e-448a-89dd-c0365ec5f82d,2026-07-31T13:00:00Z,2026-07-31T15:00:00+0200,121.166666,MW,DK1,DK_1,forecast_offshore_wind_generation,Wind Offshore,2026-08-11T08:00:34Z
2026-08-11T07:56:44Z,2026-08-11T09:56:44+0200,58a750df-313e-448a-89dd-c0365ec5f82d,2026-07-31T13:15:00Z,2026-07-31T15:15:00+0200,123.666666,MW,DK1,DK_1,forecast_offshore_wind_generation,Wind Offshore,2026-08-11T08:00:34Z
2026-08-11T07:56:44Z,2026-08-11T09:56:44+0200,58a750df-313e-448a-89dd-c0365ec5f82d,2026-07-31T13:30:00Z,2026-07-31T15:30:00+0200,127.5,MW,DK1,DK_1,forecast_offshore_wind_generation,Wind Offshore,2026-08-11T08:00:34Z
2026-08-11T07:56:44Z,2026-08-11T09:56:44+0200,58a750df-313e-448a-89dd-c0365ec5f82d,2026-07-31T13:45:00Z,2026-07-31T15:45:00+0200,130.5,MW,DK1,DK_1,forecast_offshore_wind_generation,Wind Offshore,2026-08-11T08:00:34Z
2026-08-11T07:56:44Z,2026-08-11T09:56:44+0200,58a750df-313e-448a-89dd-c0365ec5f82d,2026-07-31T14:00:00Z,2026-07-31T16:00:00+0200,132.833333,MW,DK1,DK_1,forecast_offshore_wind_generation,Wind Offshore,2026-08-11T08:00:34Z
2026-08-11T07:56:44Z,2026-08-11T09:56:44+0200,58a750df-313e-448a-89dd-c0365ec5f82d,2026-07-31T14:15:00Z,2026-07-31T16:15:00+0200,133.0,MW,DK1,DK_1,forecast_offshore_wind_generation,Wind Offshore,2026-08-11T08:00:34Z
2026-08-11T07:56:44Z,2026-08-11T09:56:44+0200,58a750df-313e-448a-89dd-c0365ec5f82d,2026-07-31T14:30:00Z,2026-07-31T16:30:00+0200,134.5,MW,DK1,DK_1,forecast_offshore_wind_generation,Wind Offshore,2026-08-11T08:00:34Z
2026-08-11T07:56:44Z,2026-08-11T09:56:44+0200,58a750df-313e-448a-89dd-c0365ec5f82d,2026-07-31T14:45:00Z,2026-07-31T16:45:00+0200,136.0,MW,DK1,DK_1,forecast_offshore_wind_generation,Wind Offshore,2026-08-11T08:00:34Z
2026-08-11T07:56:44Z,2026-08-11T09:56:44+0200,58a750df-313e-448a-89dd-c0365ec5f82d,2026-07-31T15:00:00Z,2026-07-31T17:00:00+0200,135.833333,MW,DK1,DK_1,forecast_offshore_wind_generation,Wind Offshore,2026-08-11T08:00:34Z
2026-08-11T07:56:44Z,2026-08-11T09:56:44+0200,58a750df-313e-448a-89dd-c0365ec5f82d,2026-07-31T15:15:00Z,2026-07-31T17:15:00+0200,135.833333,MW,DK1,DK_1,forecast_offshore_wind_generation,Wind Offshore,2026-08-11T08:00:34Z
2026-08-11T07:56:44Z,2026-08-11T09:56:44+0200,58a750df-313e-448a-89dd-c0365ec5f82d,2026-07-31T15:30:00Z,2026-07-31T17:30:00+0200,141.0,MW,DK1,DK_1,forecast_offshore_wind_generation,Wind Offshore,2026-08-11T08:00:34Z
2026-08-11T07:56:44Z,2026-08-11T09:56:44+0200,58a750df-313e-448a-89dd-c0365ec5f82d,2026-07-31T15:45:00Z,2026-07-31T17:45:00+0200,147.0,MW,DK1,DK_1,forecast_offshore_wind_generation,Wind Offshore,2026-08-11T08:00:34Z
2026-08-11T07:56:44Z,2026-08-11T09:56:44+0200,58a750df-313e-448a-89dd-c0365ec5f82d,2026-07-31T16:00:00Z,2026-07-31T18:00:00+0200,153.5,MW,DK1,DK_1,forecast_offshore_wind_generation,Wind Offshore,2026-08-11T08:00:34Z
2026-08-11T07:56:44Z,2026-08-11T09:56:44+0200,58a750df-313e-448a-89dd-c0365ec5f82d,2026-07-31T16:15:00Z,2026-07-31T18:15:00+0200,162.833333,MW,DK1,DK_1,forecast_offshore_wind_generation,Wind Offshore,2026-08-11T08:00:34Z
2026-08-11T07:56:44Z,2026-08-11T09:56:44+0200,58a750df-313e-448a-89dd-c0365ec5f82d,2026-07-31T16:30:00Z,2026-07-31T18:30:00+0200,174.0,MW,DK1,DK_1,forecast_offshore_wind_generation,Wind Offshore,2026-08-11T08:00:34Z
2026-08-11T07:56:44Z,2026-08-11T09:56:44+0200,58a750df-313e-448a-89dd-c0365ec5f82d,2026-07-31T16:45:00Z,2026-07-31T18:45:00+0200,184.166666,MW,DK1,DK_1,forecast_offshore_wind_generation,Wind Offshore,2026-08-11T08:00:34Z
2026-08-11T07:56:44Z,2026-08-11T09:56:44+0200,58a750df-313e-448a-89dd-c0365ec5f82d,2026-07-31T17:00:00Z,2026-07-31T19:00:00+0200,189.0,MW,DK1,DK_1,forecast_offshore_wind_generation,Wind Offshore,2026-08-11T08:00:34Z
2026-08-11T07:56:44Z,2026-08-11T09:56:44+0200,58a750df-313e-448a-89dd-c0365ec5f82d,2026-07-31T17:15:00Z,2026-07-31T19:15:00+0200,192.5,MW,DK1,DK_1,forecast_offshore_wind_generation,Wind Offshore,2026-08-11T08:00:34Z
2026-08-11T07:56:44Z,2026-08-11T09:56:44+0200,58a750df-313e-448a-89dd-c0365ec5f82d,2026-07-31T17:30:00Z,2026-07-31T19:30:00+0200,195.0,MW,DK1,DK_1,forecast_offshore_wind_generation,Wind Offshore,2026-08-11T08:00:34Z
2026-08-11T07:56:44Z,2026-08-11T09:56:44+0200,58a750df-313e-448a-89dd-c0365ec5f82d,2026-07-31T17:45:00Z,2026-07-31T19:45:00+0200,196.0,MW,DK1,DK_1,forecast_offshore_wind_generation,Wind Offshore,2026-08-11T08:00:34Z
2026-08-11T07:56:44Z,2026-08-11T09:56:44+0200,58a750df-313e-448a-89dd-c0365ec5f82d,2026-07-31T18:00:00Z,2026-07-31T20:00:00+0200,193.833333,MW,DK1,DK_1,forecast_offshore_wind_generation,Wind Offshore,2026-08-11T08:00:34Z
2026-08-11T07:56:44Z,2026-08-11T09:56:44+0200,58a750df-313e-448a-89dd-c0365ec5f82d,2026-07-31T18:15:00Z,2026-07-31T20:15:00+0200,186.5,MW,DK1,DK_1,forecast_offshore_wind_generation,Wind Offshore,2026-08-11T08:00:34Z
2026-08-11T07:56:44Z,2026-08-11T09:56:44+0200,58a750df-313e-448a-89dd-c0365ec5f82d,2026-07-31T18:30:00Z,2026-07-31T20:30:00+0200,178.5,MW,DK1,DK_1,forecast_offshore_wind_generation,Wind Offshore,2026-08-11T08:00:34Z
2026-08-11T07:56:44Z,2026-08-11T09:56:44+0200,58a750df-313e-448a-89dd-c0365ec5f82d,2026-07-31T18:45:00Z,2026-07-31T20:45:00+0200,173.666666,MW,DK1,DK_1,forecast_offshore_wind_generation,Wind Offshore,2026-08-11T08:00:34Z
2026-08-11T07:56:44Z,2026-08-11T09:56:44+0200,58a750df-313e-448a-89dd-c0365ec5f82d,2026-07-31T19:00:00Z,2026-07-31T21:00:00+0200,175.166666,MW,DK1,DK_1,forecast_offshore_wind_generation,Wind Offshore,2026-08-11T08:00:34Z
2026-08-11T07:56:44Z,2026-08-11T09:56:44+0200,58a750df-313e-448a-89dd-c0365ec5f82d,2026-07-31T19:15:00Z,2026-07-31T21:15:00+0200,181.166666,MW,DK1,DK_1,forecast_offshore_wind_generation,Wind Offshore,2026-08-11T08:00:34Z
2026-08-11T07:56:44Z,2026-08-11T09:56:44+0200,58a750df-313e-448a-89dd-c0365ec5f82d,2026-07-31T19:30:00Z,2026-07-31T21:30:00+0200,188.0,MW,DK1,DK_1,forecast_offshore_wind_generation,Wind Offshore,2026-08-11T08:00:34Z
2026-08-11T07:56:44Z,2026-08-11T09:56:44+0200,58a750df-313e-448a-89dd-c0365ec5f82d,2026-07-31T19:45:00Z,2026-07-31T21:45:00+0200,193.0,MW,DK1,DK_1,forecast_offshore_wind_generation,Wind Offshore,2026-08-11T08:00:34Z
2026-08-11T07:56:44Z,2026-08-11T09:56:44+0200,58a750df-313e-448a-89dd-c0365ec5f82d,2026-07-31T20:00:00Z,2026-07-31T22:00:00+0200,195.5,MW,DK1,DK_1,forecast_offshore_wind_generation,Wind Offshore,2026-08-11T08:00:34Z
2026-08-11T07:56:44Z,2026-08-11T09:56:44+0200,58a750df-313e-448a-89dd-c0365ec5f82d,2026-07-31T20:15:00Z,2026-07-31T22:15:00+0200,197.5,MW,DK1,DK_1,forecast_offshore_wind_generation,Wind Offshore,2026-08-11T08:00:34Z
2026-08-11T07:56:44Z,2026-08-11T09:56:44+0200,58a750df-313e-448a-89dd-c0365ec5f82d,2026-07-31T20:30:00Z,2026-07-31T22:30:00+0200,200.5,MW,DK1,DK_1,forecast_offshore_wind_generation,Wind Offshore,2026-08-11T08:00:34Z
2026-08-11T07:56:44Z,2026-08-11T09:56:44+0200,58a750df-313e-448a-89dd-c0365ec5f82d,2026-07-31T20:45:00Z,2026-07-31T22:45:00+0200,202.0,MW,DK1,DK_1,forecast_offshore_wind_generation,Wind Offshore,2026-08-11T08:00:34Z
2026-08-11T07:56:44Z,2026-08-11T09:56:44+0200,58a750df-313e-448a-89dd-c0365ec5f82d,2026-07-31T21:00:00Z,2026-07-31T23:00:00+0200,201.0,MW,DK1,DK_1,forecast_offshore_wind_generation,Wind Offshore,2026-08-11T08:00:34Z
2026-08-11T07:56:44Z,2026-08-11T09:56:44+0200,58a750df-313e-448a-89dd-c0365ec5f82d,2026-07-31T21:15:00Z,2026-07-31T23:15:00+0200,199.5,MW,DK1,DK_1,forecast_offshore_wind_generation,Wind Offshore,2026-08-11T08:00:34Z
2026-08-11T07:56:44Z,2026-08-11T09:56:44+0200,58a750df-313e-448a-89dd-c0365ec5f82d,2026-07-31T21:30:00Z,2026-07-31T23:30:00+0200,198.0,MW,DK1,DK_1,forecast_offshore_wind_generation,Wind Offshore,2026-08-11T08:00:34Z
2026-08-11T07:56:44Z,2026-08-11T09:56:44+0200,58a750df-313e-448a-89dd-c0365ec5f82d,2026-07-31T21:45:00Z,2026-07-31T23:45:00+0200,196.5,MW,DK1,DK_1,forecast_offshore_wind_generation,Wind Offshore,2026-08-11T08:00:34Z
2026-08-11T07:56:44Z,2026-08-11T09:56:44+0200,58a750df-313e-448a-89dd-c0365ec5f82d,2026-07-31T22:00:00Z,2026-08-01T00:00:00+0200,234.0,MW,DK1,DK_1,forecast_offshore_wind_generation,Wind Offshore,2026-08-11T08:00:34Z
2026-08-11T07:56:44Z,2026-08-11T09:56:44+0200,58a750df-313e-448a-89dd-c0365ec5f82d,2026-07-31T22:15:00Z,2026-08-01T00:15:00+0200,242.666666,MW,DK1,DK_1,forecast_offshore_wind_generation,Wind Offshore,2026-08-11T08:00:34Z
2026-08-11T07:56:44Z,2026-08-11T09:56:44+0200,58a750df-313e-448a-89dd-c0365ec5f82d,2026-07-31T22:30:00Z,2026-08-01T00:30:00+0200,252.666666,MW,DK1,DK_1,forecast_offshore_wind_generation,Wind Offshore,2026-08-11T08:00:34Z
2026-08-11T07:56:44Z,2026-08-11T09:56:44+0200,58a750df-313e-448a-89dd-c0365ec5f82d,2026-07-31T22:45:00Z,2026-08-01T00:45:00+0200,262.0,MW,DK1,DK_1,forecast_offshore_wind_generation,Wind Offshore,2026-08-11T08:00:34Z
2026-08-11T07:56:44Z,2026-08-11T09:56:44+0200,58a750df-313e-448a-89dd-c0365ec5f82d,2026-07-31T23:00:00Z,2026-08-01T01:00:00+0200,271.0,MW,DK1,DK_1,forecast_offshore_wind_generation,Wind Offshore,2026-08-11T08:00:34Z
2026-08-11T07:56:44Z,2026-08-11T09:56:44+0200,58a750df-313e-448a-89dd-c0365ec5f82d,2026-07-31T23:15:00Z,2026-08-01T01:15:00+0200,282.5,MW,DK1,DK_1,forecast_offshore_wind_generation,Wind Offshore,2026-08-11T08:00:34Z
2026-08-11T07:56:44Z,2026-08-11T09:56:44+0200,58a750df-313e-448a-89dd-c0365ec5f82d,2026-07-31T23:30:00Z,2026-08-01T01:30:00+0200,295.0,MW,DK1,DK_1,forecast_offshore_wind_generation,Wind Offshore,2026-08-11T08:00:34Z
2026-08-11T07:56:44Z,2026-08-11T09:56:44+0200,58a750df-313e-448a-89dd-c0365ec5f82d,2026-07-31T23:45:00Z,2026-08-01T01:45:00+0200,305.0,MW,DK1,DK_1,forecast_offshore_wind_generation,Wind Offshore,2026-08-11T08:00:34Z
2026-08-11T07:56:44Z,2026-08-11T09:56:44+0200,58a750df-313e-448a-89dd-c0365ec5f82d,2026-08-01T00:00:00Z,2026-08-01T02:00:00+0200,311.166666,MW,DK1,DK_1,forecast_offshore_wind_generation,Wind Offshore,2026-08-11T08:00:34Z
2026-08-11T07:56:44Z,2026-08-11T09:56:44+0200,58a750df-313e-448a-89dd-c0365ec5f82d,2026-08-01T00:15:00Z,2026-08-01T02:15:00+0200,316.166666,MW,DK1,DK_1,forecast_offshore_wind_generation,Wind Offshore,2026-08-11T08:00:34Z
2026-08-11T07:56:44Z,2026-08-11T09:56:44+0200,58a750df-313e-448a-89dd-c0365ec5f82d,2026-08-01T00:30:00Z,2026-08-01T02:30:00+0200,320.666666,MW,DK1,DK_1,forecast_offshore_wind_generation,Wind Offshore,2026-08-11T08:00:34Z
2026-08-11T07:56:44Z,2026-08-11T09:56:44+0200,58a750df-313e-448a-89dd-c0365ec5f82d,2026-08-01T00:45:00Z,2026-08-01T02:45:00+0200,324.5,MW,DK1,DK_1,forecast_offshore_wind_generation,Wind Offshore,2026-08-11T08:00:34Z
2026-08-11T07:56:44Z,2026-08-11T09:56:44+0200,58a750df-313e-448a-89dd-c0365ec5f82d,2026-08-01T01:00:00Z,2026-08-01T03:00:00+0200,327.333333,MW,DK1,DK_1,forecast_offshore_wind_generation,Wind Offshore,2026-08-11T08:00:34Z
2026-08-11T07:56:44Z,2026-08-11T09:56:44+0200,58a750df-313e-448a-89dd-c0365ec5f82d,2026-08-01T01:15:00Z,2026-08-01T03:15:00+0200,329.333333,MW,DK1,DK_1,forecast_offshore_wind_generation,Wind Offshore,2026-08-11T08:00:34Z
2026-08-11T07:56:44Z,2026-08-11T09:56:44+0200,58a750df-313e-448a-89dd-c0365ec5f82d,2026-08-01T01:30:00Z,2026-08-01T03:30:00+0200,331.5,MW,DK1,DK_1,forecast_offshore_wind_generation,Wind Offshore,2026-08-11T08:00:34Z
2026-08-11T07:56:44Z,2026-08-11T09:56:44+0200,58a750df-313e-448a-89dd-c0365ec5f82d,2026-08-01T01:45:00Z,2026-08-01T03:45:00+0200,333.5,MW,DK1,DK_1,forecast_offshore_wind_generation,Wind Offshore,2026-08-11T08:00:34Z
2026-08-11T07:56:44Z,2026-08-11T09:56:44+0200,58a750df-313e-448a-89dd-c0365ec5f82d,2026-08-01T02:00:00Z,2026-08-01T04:00:00+0200,335.0,MW,DK1,DK_1,forecast_offshore_wind_generation,Wind Offshore,2026-08-11T08:00:34Z
2026-08-11T07:56:44Z,2026-08-11T09:56:44+0200,58a750df-313e-448a-89dd-c0365ec5f82d,2026-08-01T02:15:00Z,2026-08-01T04:15:00+0200,337.5,MW,DK1,DK_1,forecast_offshore_wind_generation,Wind Offshore,2026-08-11T08:00:34Z
2026-08-11T07:56:44Z,2026-08-11T09:56:44+0200,58a750df-313e-448a-89dd-c0365ec5f82d,2026-08-01T02:30:00Z,2026-08-01T04:30:00+0200,340.5,MW,DK1,DK_1,forecast_offshore_wind_generation,Wind Offshore,2026-08-11T08:00:34Z
2026-08-11T07:56:44Z,2026-08-11T09:56:44+0200,58a750df-313e-448a-89dd-c0365ec5f82d,2026-08-01T02:45:00Z,2026-08-01T04:45:00+0200,339.666666,MW,DK1,DK_1,forecast_offshore_wind_generation,Wind Offshore,2026-08-11T08:00:34Z
2026-08-11T07:56:44Z,2026-08-11T09:56:44+0200,58a750df-313e-448a-89dd-c0365ec5f82d,2026-08-01T03:00:00Z,2026-08-01T05:00:00+0200,335.0,MW,DK1,DK_1,forecast_offshore_wind_generation,Wind Offshore,2026-08-11T08:00:34Z
2026-08-11T07:56:44Z,2026-08-11T09:56:44+0200,58a750df-313e-448a-89dd-c0365ec5f82d,2026-08-01T03:15:00Z,2026-08-01T05:15:00+0200,327.333333,MW,DK1,DK_1,forecast_offshore_wind_generation,Wind Offshore,2026-08-11T08:00:34Z
2026-08-11T07:56:44Z,2026-08-11T09:56:44+0200,58a750df-313e-448a-89dd-c0365ec5f82d,2026-08-01T03:30:00Z,2026-08-01T05:30:00+0200,316.833333,MW,DK1,DK_1,forecast_offshore_wind_generation,Wind Offshore,2026-08-11T08:00:34Z
2026-08-11T07:56:44Z,2026-08-11T09:56:44+0200,58a750df-313e-448a-89dd-c0365ec5f82d,2026-08-01T03:45:00Z,2026-08-01T05:45:00+0200,304.833333,MW,DK1,DK_1,forecast_offshore_wind_generation,Wind Offshore,2026-08-11T08:00:34Z
2026-08-11T07:56:44Z,2026-08-11T09:56:44+0200,58a750df-313e-448a-89dd-c0365ec5f82d,2026-08-01T04:00:00Z,2026-08-01T06:00:00+0200,291.5,MW,DK1,DK_1,forecast_offshore_wind_generation,Wind Offshore,2026-08-11T08:00:34Z
2026-08-11T07:56:44Z,2026-08-11T09:56:44+0200,58a750df-313e-448a-89dd-c0365ec5f82d,2026-08-01T04:15:00Z,2026-08-01T06:15:00+0200,278.5,MW,DK1,DK_1,forecast_offshore_wind_generation,Wind Offshore,2026-08-11T08:00:34Z
2026-08-11T07:56:44Z,2026-08-11T09:56:44+0200,58a750df-313e-448a-89dd-c0365ec5f82d,2026-08-01T04:30:00Z,2026-08-01T06:30:00+0200,265.0,MW,DK1,DK_1,forecast_offshore_wind_generation,Wind Offshore,2026-08-11T08:00:34Z
2026-08-11T07:56:44Z,2026-08-11T09:56:44+0200,58a750df-313e-448a-89dd-c0365ec5f82d,2026-08-01T04:45:00Z,2026-08-01T06:45:00+0200,252.5,MW,DK1,DK_1,forecast_offshore_wind_generation,Wind Offshore,2026-08-11T08:00:34Z
2026-08-11T07:56:44Z,2026-08-11T09:56:44+0200,58a750df-313e-448a-89dd-c0365ec5f82d,2026-08-01T05:00:00Z,2026-08-01T07:00:00+0200,241.0,MW,DK1,DK_1,forecast_offshore_wind_generation,Wind Offshore,2026-08-11T08:00:34Z
2026-08-11T07:56:44Z,2026-08-11T09:56:44+0200,58a750df-313e-448a-89dd-c0365ec5f82d,2026-08-01T05:15:00Z,2026-08-01T07:15:00+0200,228.5,MW,DK1,DK_1,forecast_offshore_wind_generation,Wind Offshore,2026-08-11T08:00:34Z
2026-08-11T07:56:44Z,2026-08-11T09:56:44+0200,58a750df-313e-448a-89dd-c0365ec5f82d,2026-08-01T05:30:00Z,2026-08-01T07:30:00+0200,216.5,MW,DK1,DK_1,forecast_offshore_wind_generation,Wind Offshore,2026-08-11T08:00:34Z
2026-08-11T07:56:44Z,2026-08-11T09:56:44+0200,58a750df-313e-448a-89dd-c0365ec5f82d,2026-08-01T05:45:00Z,2026-08-01T07:45:00+0200,206.5,MW,DK1,DK_1,forecast_offshore_wind_generation,Wind Offshore,2026-08-11T08:00:34Z
2026-08-11T07:56:44Z,2026-08-11T09:56:44+0200,58a750df-313e-448a-89dd-c0365ec5f82d,2026-08-01T06:00:00Z,2026-08-01T08:00:00+0200,199.833333,MW,DK1,DK_1,forecast_offshore_wind_generation,Wind Offshore,2026-08-11T08:00:34Z
2026-08-11T07:56:44Z,2026-08-11T09:56:44+0200,58a750df-313e-448a-89dd-c0365ec5f82d,2026-08-01T06:15:00Z,2026-08-01T08:15:00+0200,194.833333,MW,DK1,DK_1,forecast_offshore_wind_generation,Wind Offshore,2026-08-11T08:00:34Z
2026-08-11T07:56:44Z,2026-08-11T09:56:44+0200,58a750df-313e-448a-89dd-c0365ec5f82d,2026-08-01T06:30:00Z,2026-08-01T08:30:00+0200,190.333333,MW,DK1,DK_1,forecast_offshore_wind_generation,Wind Offshore,2026-08-11T08:00:34Z
2026-08-11T07:56:44Z,2026-08-11T09:56:44+0200,58a750df-313e-448a-89dd-c0365ec5f82d,2026-08-01T06:45:00Z,2026-08-01T08:45:00+0200,186.5,MW,DK1,DK_1,forecast_offshore_wind_generation,Wind Offshore,2026-08-11T08:00:34Z
2026-08-11T07:56:44Z,2026-08-11T09:56:44+0200,58a750df-313e-448a-89dd-c0365ec5f82d,2026-08-01T07:00:00Z,2026-08-01T09:00:00+0200,183.5,MW,DK1,DK_1,forecast_offshore_wind_generation,Wind Offshore,2026-08-11T08:00:34Z
2026-08-11T07:56:44Z,2026-08-11T09:56:44+0200,58a750df-313e-448a-89dd-c0365ec5f82d,2026-08-01T07:15:00Z,2026-08-01T09:15:00+0200,181.0,MW,DK1,DK_1,forecast_offshore_wind_generation,Wind Offshore,2026-08-11T08:00:34Z
2026-08-11T07:56:44Z,2026-08-11T09:56:44+0200,58a750df-313e-448a-89dd-c0365ec5f82d,2026-08-01T07:30:00Z,2026-08-01T09:30:00+0200,179.0,MW,DK1,DK_1,forecast_offshore_wind_generation,Wind Offshore,2026-08-11T08:00:34Z
2026-08-11T07:56:44Z,2026-08-11T09:56:44+0200,58a750df-313e-448a-89dd-c0365ec5f82d,2026-08-01T07:45:00Z,2026-08-01T09:45:00+0200,176.333333,MW,DK1,DK_1,forecast_offshore_wind_generation,Wind Offshore,2026-08-11T08:00:34Z
2026-08-11T07:56:44Z,2026-08-11T09:56:44+0200,58a750df-313e-448a-89dd-c0365ec5f82d,2026-08-01T08:00:00Z,2026-08-01T10:00:00+0200,171.166666,MW,DK1,DK_1,forecast_offshore_wind_generation,Wind Offshore,2026-08-11T08:00:34Z
2026-08-11T07:56:44Z,2026-08-11T09:56:44+0200,58a750df-313e-448a-89dd-c0365ec5f82d,2026-08-01T08:15:00Z,2026-08-01T10:15:00+0200,162.333333,MW,DK1,DK_1,forecast_offshore_wind_generation,Wind Offshore,2026-08-11T08:00:34Z
2026-08-11T07:56:44Z,2026-08-11T09:56:44+0200,58a750df-313e-448a-89dd-c0365ec5f82d,2026-08-01T08:30:00Z,2026-08-01T10:30:00+0200,157.5,MW,DK1,DK_1,forecast_offshore_wind_generation,Wind Offshore,2026-08-11T08:00:34Z
2026-08-11T07:56:44Z,2026-08-11T09:56:44+0200,58a750df-313e-448a-89dd-c0365ec5f82d,2026-08-01T08:45:00Z,2026-08-01T10:45:00+0200,154.666666,MW,DK1,DK_1,forecast_offshore_wind_generation,Wind Offshore,2026-08-11T08:00:34Z
2026-08-11T07:56:44Z,2026-08-11T09:56:44+0200,58a750df-313e-448a-89dd-c0365ec5f82d,2026-08-01T09:00:00Z,2026-08-01T11:00:00+0200,155.166666,MW,DK1,DK_1,forecast_offshore_wind_generation,Wind Offshore,2026-08-11T08:00:34Z
2026-08-11T07:56:44Z,2026-08-11T09:56:44+0200,58a750df-313e-448a-89dd-c0365ec5f82d,2026-08-01T09:15:00Z,2026-08-01T11:15:00+0200,159.0,MW,DK1,DK_1,forecast_offshore_wind_generation,Wind Offshore,2026-08-11T08:00:34Z
2026-08-11T07:56:44Z,2026-08-11T09:56:44+0200,58a750df-313e-448a-89dd-c0365ec5f82d,2026-08-01T09:30:00Z,2026-08-01T11:30:00+0200,164.833333,MW,DK1,DK_1,forecast_offshore_wind_generation,Wind Offshore,2026-08-11T08:00:34Z
2026-08-11T07:56:44Z,2026-08-11T09:56:44+0200,58a750df-313e-448a-89dd-c0365ec5f82d,2026-08-01T09:45:00Z,2026-08-01T11:45:00+0200,176.0,MW,DK1,DK_1,forecast_offshore_wind_generation,Wind Offshore,2026-08-11T08:00:34Z
2026-08-11T07:56:44Z,2026-08-11T09:56:44+0200,58a750df-313e-448a-89dd-c0365ec5f82d,2026-08-01T10:00:00Z,2026-08-01T12:00:00+0200,187.0,MW,DK1,DK_1,forecast_offshore_wind_generation,Wind Offshore,2026-08-11T08:00:34Z
2026-08-11T07:56:44Z,2026-08-11T09:56:44+0200,58a750df-313e-448a-89dd-c0365ec5f82d,2026-08-01T10:15:00Z,2026-08-01T12:15:00+0200,196.833333,MW,DK1,DK_1,forecast_offshore_wind_generation,Wind Offshore,2026-08-11T08:00:34Z
2026-08-11T07:56:44Z,2026-08-11T09:56:44+0200,58a750df-313e-448a-89dd-c0365ec5f82d,2026-08-01T10:30:00Z,2026-08-01T12:30:00+0200,209.5,MW,DK1,DK_1,forecast_offshore_wind_generation,Wind Offshore,2026-08-11T08:00:34Z
2026-08-11T07:56:44Z,2026-08-11T09:56:44+0200,58a750df-313e-448a-89dd-c0365ec5f82d,2026-08-01T10:45:00Z,2026-08-01T12:45:00+0200,223.5,MW,DK1,DK_1,forecast_offshore_wind_generation,Wind Offshore,2026-08-11T08:00:34Z
2026-08-11T07:56:44Z,2026-08-11T09:56:44+0200,58a750df-313e-448a-89dd-c0365ec5f82d,2026-08-01T11:00:00Z,2026-08-01T13:00:00+0200,239.166666,MW,DK1,DK_1,forecast_offshore_wind_generation,Wind Offshore,2026-08-11T08:00:34Z
2026-08-11T07:56:44Z,2026-08-11T09:56:44+0200,58a750df-313e-448a-89dd-c0365ec5f82d,2026-08-01T11:15:00Z,2026-08-01T13:15:00+0200,258.666666,MW,DK1,DK_1,forecast_offshore_wind_generation,Wind Offshore,2026-08-11T08:00:34Z
2026-08-11T07:56:44Z,2026-08-11T09:56:44+0200,58a750df-313e-448a-89dd-c0365ec5f82d,2026-08-01T11:30:00Z,2026-08-01T13:30:00+0200,281.0,MW,DK1,DK_1,forecast_offshore_wind_generation,Wind Offshore,2026-08-11T08:00:34Z
2026-08-11T07:56:44Z,2026-08-11T09:56:44+0200,58a750df-313e-448a-89dd-c0365ec5f82d,2026-08-01T11:45:00Z,2026-08-01T13:45:00+0200,302.166666,MW,DK1,DK_1,forecast_offshore_wind_generation,Wind Offshore,2026-08-11T08:00:34Z
2026-08-11T07:56:44Z,2026-08-11T09:56:44+0200,58a750df-313e-448a-89dd-c0365ec5f82d,2026-08-01T12:00:00Z,2026-08-01T14:00:00+0200,318.5,MW,DK1,DK_1,forecast_offshore_wind_generation,Wind Offshore,2026-08-11T08:00:34Z
2026-08-11T07:56:44Z,2026-08-11T09:56:44+0200,58a750df-313e-448a-89dd-c0365ec5f82d,2026-08-01T12:15:00Z,2026-08-01T14:15:00+0200,332.5,MW,DK1,DK_1,forecast_offshore_wind_generation,Wind Offshore,2026-08-11T08:00:34Z
2026-08-11T07:56:44Z,2026-08-11T09:56:44+0200,58a750df-313e-448a-89dd-c0365ec5f82d,2026-08-01T12:30:00Z,2026-08-01T14:30:00+0200,344.333333,MW,DK1,DK_1,forecast_offshore_wind_generation,Wind Offshore,2026-08-11T08:00:34Z
2026-08-11T07:56:44Z,2026-08-11T09:56:44+0200,58a750df-313e-448a-89dd-c0365ec5f82d,2026-08-01T12:45:00Z,2026-08-01T14:45:00+0200,351.833333,MW,DK1,DK_1,forecast_offshore_wind_generation,Wind Offshore,2026-08-11T08:00:34Z
2026-08-11T07:56:44Z,2026-08-11T09:56:44+0200,58a750df-313e-448a-89dd-c0365ec5f82d,2026-08-01T13:00:00Z,2026-08-01T15:00:00+0200,353.333333,MW,DK1,DK_1,forecast_offshore_wind_generation,Wind Offshore,2026-08-11T08:00:34Z
2026-08-11T07:56:44Z,2026-08-11T09:56:44+0200,58a750df-313e-448a-89dd-c0365ec5f82d,2026-08-01T13:15:00Z,2026-08-01T15:15:00+0200,348.5,MW,DK1,DK_1,forecast_offshore_wind_generation,Wind Offshore,2026-08-11T08:00:34Z
2026-08-11T07:56:44Z,2026-08-11T09:56:44+0200,58a750df-313e-448a-89dd-c0365ec5f82d,2026-08-01T13:30:00Z,2026-08-01T15:30:00+0200,341.166666,MW,DK1,DK_1,forecast_offshore_wind_generation,Wind Offshore,2026-08-11T08:00:34Z
2026-08-11T07:56:44Z,2026-08-11T09:56:44+0200,58a750df-313e-448a-89dd-c0365ec5f82d,2026-08-01T13:45:00Z,2026-08-01T15:45:00+0200,336.0,MW,DK1,DK_1,forecast_offshore_wind_generation,Wind Offshore,2026-08-11T08:00:34Z
2026-08-11T07:56:44Z,2026-08-11T09:56:44+0200,58a750df-313e-448a-89dd-c0365ec5f82d,2026-08-01T14:00:00Z,2026-08-01T16:00:00+0200,339.166666,MW,DK1,DK_1,forecast_offshore_wind_generation,Wind Offshore,2026-08-11T08:00:34Z
2026-08-11T07:56:44Z,2026-08-11T09:56:44+0200,58a750df-313e-448a-89dd-c0365ec5f82d,2026-08-01T14:15:00Z,2026-08-01T16:15:00+0200,347.666666,MW,DK1,DK_1,forecast_offshore_wind_generation,Wind Offshore,2026-08-11T08:00:34Z
2026-08-11T07:56:44Z,2026-08-11T09:56:44+0200,58a750df-313e-448a-89dd-c0365ec5f82d,2026-08-01T14:30:00Z,2026-08-01T16:30:00+0200,357.333333,MW,DK1,DK_1,forecast_offshore_wind_generation,Wind Offshore,2026-08-11T08:00:34Z
2026-08-11T07:56:44Z,2026-08-11T09:56:44+0200,58a750df-313e-448a-89dd-c0365ec5f82d,2026-08-01T14:45:00Z,2026-08-01T16:45:00+0200,364.666666,MW,DK1,DK_1,forecast_offshore_wind_generation,Wind Offshore,2026-08-11T08:00:34Z
2026-08-11T07:56:44Z,2026-08-11T09:56:44+0200,58a750df-313e-448a-89dd-c0365ec5f82d,2026-08-01T15:00:00Z,2026-08-01T17:00:00+0200,366.166666,MW,DK1,DK_1,forecast_offshore_wind_generation,Wind Offshore,2026-08-11T08:00:34Z
2026-08-11T07:56:44Z,2026-08-11T09:56:44+0200,58a750df-313e-448a-89dd-c0365ec5f82d,2026-08-01T15:15:00Z,2026-08-01T17:15:00+0200,358.833333,MW,DK1,DK_1,forecast_offshore_wind_generation,Wind Offshore,2026-08-11T08:00:34Z
2026-08-11T07:56:44Z,2026-08-11T09:56:44+0200,58a750df-313e-448a-89dd-c0365ec5f82d,2026-08-01T15:30:00Z,2026-08-01T17:30:00+0200,346.166666,MW,DK1,DK_1,forecast_offshore_wind_generation,Wind Offshore,2026-08-11T08:00:34Z
2026-08-11T07:56:44Z,2026-08-11T09:56:44+0200,58a750df-313e-448a-89dd-c0365ec5f82d,2026-08-01T15:45:00Z,2026-08-01T17:45:00+0200,335.0,MW,DK1,DK_1,forecast_offshore_wind_generation,Wind Offshore,2026-08-11T08:00:34Z
2026-08-11T07:56:44Z,2026-08-11T09:56:44+0200,58a750df-313e-448a-89dd-c0365ec5f82d,2026-08-01T16:00:00Z,2026-08-01T18:00:00+0200,329.666666,MW,DK1,DK_1,forecast_offshore_wind_generation,Wind Offshore,2026-08-11T08:00:34Z
2026-08-11T07:56:44Z,2026-08-11T09:56:44+0200,58a750df-313e-448a-89dd-c0365ec5f82d,2026-08-01T16:15:00Z,2026-08-01T18:15:00+0200,326.666666,MW,DK1,DK_1,forecast_offshore_wind_generation,Wind Offshore,2026-08-11T08:00:34Z
2026-08-11T07:56:44Z,2026-08-11T09:56:44+0200,58a750df-313e-448a-89dd-c0365ec5f82d,2026-08-01T16:30:00Z,2026-08-01T18:30:00+0200,326.666666,MW,DK1,DK_1,forecast_offshore_wind_generation,Wind Offshore,2026-08-11T08:00:34Z
2026-08-11T07:56:44Z,2026-08-11T09:56:44+0200,58a750df-313e-448a-89dd-c0365ec5f82d,2026-08-01T16:45:00Z,2026-08-01T18:45:00+0200,329.0,MW,DK1,DK_1,forecast_offshore_wind_generation,Wind Offshore,2026-08-11T08:00:34Z
2026-08-11T07:56:44Z,2026-08-11T09:56:44+0200,58a750df-313e-448a-89dd-c0365ec5f82d,2026-08-01T17:00:00Z,2026-08-01T19:00:00+0200,330.333333,MW,DK1,DK_1,forecast_offshore_wind_generation,Wind Offshore,2026-08-11T08:00:34Z
2026-08-11T07:56:44Z,2026-08-11T09:56:44+0200,58a750df-313e-448a-89dd-c0365ec5f82d,2026-08-01T17:15:00Z,2026-08-01T19:15:00+0200,327.833333,MW,DK1,DK_1,forecast_offshore_wind_generation,Wind Offshore,2026-08-11T08:00:34Z
2026-08-11T07:56:44Z,2026-08-11T09:56:44+0200,58a750df-313e-448a-89dd-c0365ec5f82d,2026-08-01T17:30:00Z,2026-08-01T19:30:00+0200,323.0,MW,DK1,DK_1,forecast_offshore_wind_generation,Wind Offshore,2026-08-11T08:00:34Z
2026-08-11T07:56:44Z,2026-08-11T09:56:44+0200,58a750df-313e-448a-89dd-c0365ec5f82d,2026-08-01T17:45:00Z,2026-08-01T19:45:00+0200,319.333333,MW,DK1,DK_1,forecast_offshore_wind_generation,Wind Offshore,2026-08-11T08:00:34Z
2026-08-11T07:56:44Z,2026-08-11T09:56:44+0200,58a750df-313e-448a-89dd-c0365ec5f82d,2026-08-01T18:00:00Z,2026-08-01T20:00:00+0200,318.166666,MW,DK1,DK_1,forecast_offshore_wind_generation,Wind Offshore,2026-08-11T08:00:34Z
2026-08-11T07:56:44Z,2026-08-11T09:56:44+0200,58a750df-313e-448a-89dd-c0365ec5f82d,2026-08-01T18:15:00Z,2026-08-01T20:15:00+0200,322.0,MW,DK1,DK_1,forecast_offshore_wind_generation,Wind Offshore,2026-08-11T08:00:34Z
2026-08-11T07:56:44Z,2026-08-11T09:56:44+0200,58a750df-313e-448a-89dd-c0365ec5f82d,2026-08-01T18:30:00Z,2026-08-01T20:30:00+0200,337.833333,MW,DK1,DK_1,forecast_offshore_wind_generation,Wind Offshore,2026-08-11T08:00:34Z
2026-08-11T07:56:44Z,2026-08-11T09:56:44+0200,58a750df-313e-448a-89dd-c0365ec5f82d,2026-08-01T18:45:00Z,2026-08-01T20:45:00+0200,354.5,MW,DK1,DK_1,forecast_offshore_wind_generation,Wind Offshore,2026-08-11T08:00:34Z
2026-08-11T07:56:44Z,2026-08-11T09:56:44+0200,58a750df-313e-448a-89dd-c0365ec5f82d,2026-08-01T19:00:00Z,2026-08-01T21:00:00+0200,365.0,MW,DK1,DK_1,forecast_offshore_wind_generation,Wind Offshore,2026-08-11T08:00:34Z
2026-08-11T07:56:44Z,2026-08-11T09:56:44+0200,58a750df-313e-448a-89dd-c0365ec5f82d,2026-08-01T19:15:00Z,2026-08-01T21:15:00+0200,376.5,MW,DK1,DK_1,forecast_offshore_wind_generation,Wind Offshore,2026-08-11T08:00:34Z
2026-08-11T07:56:44Z,2026-08-11T09:56:44+0200,58a750df-313e-448a-89dd-c0365ec5f82d,2026-08-01T19:30:00Z,2026-08-01T21:30:00+0200,388.833333,MW,DK1,DK_1,forecast_offshore_wind_generation,Wind Offshore,2026-08-11T08:00:34Z
2026-08-11T07:56:44Z,2026-08-11T09:56:44+0200,58a750df-313e-448a-89dd-c0365ec5f82d,2026-08-01T19:45:00Z,2026-08-01T21:45:00+0200,397.833333,MW,DK1,DK_1,forecast_offshore_wind_generation,Wind Offshore,2026-08-11T08:00:34Z
2026-08-11T07:56:44Z,2026-08-11T09:56:44+0200,58a750df-313e-448a-89dd-c0365ec5f82d,2026-08-01T20:00:00Z,2026-08-01T22:00:00+0200,402.5,MW,DK1,DK_1,forecast_offshore_wind_generation,Wind Offshore,2026-08-11T08:00:34Z
2026-08-11T07:56:44Z,2026-08-11T09:56:44+0200,58a750df-313e-448a-89dd-c0365ec5f82d,2026-08-01T20:15:00Z,2026-08-01T22:15:00+0200,404.0,MW,DK1,DK_1,forecast_offshore_wind_generation,Wind Offshore,2026-08-11T08:00:34Z
2026-08-11T07:56:44Z,2026-08-11T09:56:44+0200,58a750df-313e-448a-89dd-c0365ec5f82d,2026-08-01T20:30:00Z,2026-08-01T22:30:00+0200,404.0,MW,DK1,DK_1,forecast_offshore_wind_generation,Wind Offshore,2026-08-11T08:00:34Z
2026-08-11T07:56:44Z,2026-08-11T09:56:44+0200,58a750df-313e-448a-89dd-c0365ec5f82d,2026-08-01T20:45:00Z,2026-08-01T22:45:00+0200,404.666666,MW,DK1,DK_1,forecast_offshore_wind_generation,Wind Offshore,2026-08-11T08:00:34Z
2026-08-11T07:56:44Z,2026-08-11T09:56:44+0200,58a750df-313e-448a-89dd-c0365ec5f82d,2026-08-01T21:00:00Z,2026-08-01T23:00:00+0200,409.333333,MW,DK1,DK_1,forecast_offshore_wind_generation,Wind Offshore,2026-08-11T08:00:34Z
2026-08-11T07:56:44Z,2026-08-11T09:56:44+0200,58a750df-313e-448a-89dd-c0365ec5f82d,2026-08-01T21:15:00Z,2026-08-01T23:15:00+0200,419.166666,MW,DK1,DK_1,forecast_offshore_wind_generation,Wind Offshore,2026-08-11T08:00:34Z
2026-08-11T07:56:44Z,2026-08-11T09:56:44+0200,58a750df-313e-448a-89dd-c0365ec5f82d,2026-08-01T21:30:00Z,2026-08-01T23:30:00+0200,432.333333,MW,DK1,DK_1,forecast_offshore_wind_generation,Wind Offshore,2026-08-11T08:00:34Z
2026-08-11T07:56:44Z,2026-08-11T09:56:44+0200,58a750df-313e-448a-89dd-c0365ec5f82d,2026-08-01T21:45:00Z,2026-08-01T23:45:00+0200,445.833333,MW,DK1,DK_1,forecast_offshore_wind_generation,Wind Offshore,2026-08-11T08:00:34Z
2026-08-11T07:56:44Z,2026-08-11T09:56:44+0200,58a750df-313e-448a-89dd-c0365ec5f82d,2026-08-01T22:00:00Z,2026-08-02T00:00:00+0200,424.0,MW,DK1,DK_1,forecast_offshore_wind_generation,Wind Offshore,2026-08-11T08:00:34Z
2026-08-11T07:56:44Z,2026-08-11T09:56:44+0200,58a750df-313e-448a-89dd-c0365ec5f82d,2026-08-01T22:15:00Z,2026-08-02T00:15:00+0200,428.5,MW,DK1,DK_1,forecast_offshore_wind_generation,Wind Offshore,2026-08-11T08:00:34Z
2026-08-11T07:56:44Z,2026-08-11T09:56:44+0200,58a750df-313e-448a-89dd-c0365ec5f82d,2026-08-01T22:30:00Z,2026-08-02T00:30:00+0200,433.833333,MW,DK1,DK_1,forecast_offshore_wind_generation,Wind Offshore,2026-08-11T08:00:34Z
2026-08-11T07:56:44Z,2026-08-11T09:56:44+0200,58a750df-313e-448a-89dd-c0365ec5f82d,2026-08-01T22:45:00Z,2026-08-02T00:45:00+0200,438.833333,MW,DK1,DK_1,forecast_offshore_wind_generation,Wind Offshore,2026-08-11T08:00:34Z
2026-08-11T07:56:44Z,2026-08-11T09:56:44+0200,58a750df-313e-448a-89dd-c0365ec5f82d,2026-08-01T23:00:00Z,2026-08-02T01:00:00+0200,444.0,MW,DK1,DK_1,forecast_offshore_wind_generation,Wind Offshore,2026-08-11T08:00:34Z
2026-08-11T07:56:44Z,2026-08-11T09:56:44+0200,58a750df-313e-448a-89dd-c0365ec5f82d,2026-08-01T23:15:00Z,2026-08-02T01:15:00+0200,450.166666,MW,DK1,DK_1,forecast_offshore_wind_generation,Wind Offshore,2026-08-11T08:00:34Z
2026-08-11T07:56:44Z,2026-08-11T09:56:44+0200,58a750df-313e-448a-89dd-c0365ec5f82d,2026-08-01T23:30:00Z,2026-08-02T01:30:00+0200,457.666666,MW,DK1,DK_1,forecast_offshore_wind_generation,Wind Offshore,2026-08-11T08:00:34Z
2026-08-11T07:56:44Z,2026-08-11T09:56:44+0200,58a750df-313e-448a-89dd-c0365ec5f82d,2026-08-01T23:45:00Z,2026-08-02T01:45:00+0200,466.0,MW,DK1,DK_1,forecast_offshore_wind_generation,Wind Offshore,2026-08-11T08:00:34Z
2026-08-11T07:56:44Z,2026-08-11T09:56:44+0200,58a750df-313e-448a-89dd-c0365ec5f82d,2026-08-02T00:00:00Z,2026-08-02T02:00:00+0200,475.166666,MW,DK1,DK_1,forecast_offshore_wind_generation,Wind Offshore,2026-08-11T08:00:34Z
2026-08-11T07:56:44Z,2026-08-11T09:56:44+0200,58a750df-313e-448a-89dd-c0365ec5f82d,2026-08-02T00:15:00Z,2026-08-02T02:15:00+0200,488.5,MW,DK1,DK_1,forecast_offshore_wind_generation,Wind Offshore,2026-08-11T08:00:34Z
2026-08-11T07:56:44Z,2026-08-11T09:56:44+0200,58a750df-313e-448a-89dd-c0365ec5f82d,2026-08-02T00:30:00Z,2026-08-02T02:30:00+0200,502.5,MW,DK1,DK_1,forecast_offshore_wind_generation,Wind Offshore,2026-08-11T08:00:34Z
2026-08-11T07:56:44Z,2026-08-11T09:56:44+0200,58a750df-313e-448a-89dd-c0365ec5f82d,2026-08-02T00:45:00Z,2026-08-02T02:45:00+0200,514.166666,MW,DK1,DK_1,forecast_offshore_wind_generation,Wind Offshore,2026-08-11T08:00:34Z
2026-08-11T07:56:44Z,2026-08-11T09:56:44+0200,58a750df-313e-448a-89dd-c0365ec5f82d,2026-08-02T01:00:00Z,2026-08-02T03:00:00+0200,519.333333,MW,DK1,DK_1,forecast_offshore_wind_generation,Wind Offshore,2026-08-11T08:00:34Z
2026-08-11T07:56:44Z,2026-08-11T09:56:44+0200,58a750df-313e-448a-89dd-c0365ec5f82d,2026-08-02T01:15:00Z,2026-08-02T03:15:00+0200,520.0,MW,DK1,DK_1,forecast_offshore_wind_generation,Wind Offshore,2026-08-11T08:00:34Z
2026-08-11T07:56:44Z,2026-08-11T09:56:44+0200,58a750df-313e-448a-89dd-c0365ec5f82d,2026-08-02T01:30:00Z,2026-08-02T03:30:00+0200,519.5,MW,DK1,DK_1,forecast_offshore_wind_generation,Wind Offshore,2026-08-11T08:00:34Z
2026-08-11T07:56:44Z,2026-08-11T09:56:44+0200,58a750df-313e-448a-89dd-c0365ec5f82d,2026-08-02T01:45:00Z,2026-08-02T03:45:00+0200,518.333333,MW,DK1,DK_1,forecast_offshore_wind_generation,Wind Offshore,2026-08-11T08:00:34Z
2026-08-11T07:56:44Z,2026-08-11T09:56:44+0200,58a750df-313e-448a-89dd-c0365ec5f82d,2026-08-02T02:00:00Z,2026-08-02T04:00:00+0200,515.5,MW,DK1,DK_1,forecast_offshore_wind_generation,Wind Offshore,2026-08-11T08:00:34Z
2026-08-11T07:56:44Z,2026-08-11T09:56:44+0200,58a750df-313e-448a-89dd-c0365ec5f82d,2026-08-02T02:15:00Z,2026-08-02T04:15:00+0200,511.166666,MW,DK1,DK_1,forecast_offshore_wind_generation,Wind Offshore,2026-08-11T08:00:34Z
2026-08-11T07:56:44Z,2026-08-11T09:56:44+0200,58a750df-313e-448a-89dd-c0365ec5f82d,2026-08-02T02:30:00Z,2026-08-02T04:30:00+0200,506.166666,MW,DK1,DK_1,forecast_offshore_wind_generation,Wind Offshore,2026-08-11T08:00:34Z
2026-08-11T07:56:44Z,2026-08-11T09:56:44+0200,58a750df-313e-448a-89dd-c0365ec5f82d,2026-08-02T02:45:00Z,2026-08-02T04:45:00+0200,501.0,MW,DK1,DK_1,forecast_offshore_wind_generation,Wind Offshore,2026-08-11T08:00:34Z
2026-08-11T07:56:44Z,2026-08-11T09:56:44+0200,58a750df-313e-448a-89dd-c0365ec5f82d,2026-08-02T03:00:00Z,2026-08-02T05:00:00+0200,494.5,MW,DK1,DK_1,forecast_offshore_wind_generation,Wind Offshore,2026-08-11T08:00:34Z
2026-08-11T07:56:44Z,2026-08-11T09:56:44+0200,58a750df-313e-448a-89dd-c0365ec5f82d,2026-08-02T03:15:00Z,2026-08-02T05:15:00+0200,487.5,MW,DK1,DK_1,forecast_offshore_wind_generation,Wind Offshore,2026-08-11T08:00:34Z
2026-08-11T07:56:44Z,2026-08-11T09:56:44+0200,58a750df-313e-448a-89dd-c0365ec5f82d,2026-08-02T03:30:00Z,2026-08-02T05:30:00+0200,480.166666,MW,DK1,DK_1,forecast_offshore_wind_generation,Wind Offshore,2026-08-11T08:00:34Z
2026-08-11T07:56:44Z,2026-08-11T09:56:44+0200,58a750df-313e-448a-89dd-c0365ec5f82d,2026-08-02T03:45:00Z,2026-08-02T05:45:00+0200,474.0,MW,DK1,DK_1,forecast_offshore_wind_generation,Wind Offshore,2026-08-11T08:00:34Z
2026-08-11T07:56:44Z,2026-08-11T09:56:44+0200,58a750df-313e-448a-89dd-c0365ec5f82d,2026-08-02T04:00:00Z,2026-08-02T06:00:00+0200,468.5,MW,DK1,DK_1,forecast_offshore_wind_generation,Wind Offshore,2026-08-11T08:00:34Z
2026-08-11T07:56:44Z,2026-08-11T09:56:44+0200,58a750df-313e-448a-89dd-c0365ec5f82d,2026-08-02T04:15:00Z,2026-08-02T06:15:00+0200,464.0,MW,DK1,DK_1,forecast_offshore_wind_generation,Wind Offshore,2026-08-11T08:00:34Z
2026-08-11T07:56:44Z,2026-08-11T09:56:44+0200,58a750df-313e-448a-89dd-c0365ec5f82d,2026-08-02T04:30:00Z,2026-08-02T06:30:00+0200,460.5,MW,DK1,DK_1,forecast_offshore_wind_generation,Wind Offshore,2026-08-11T08:00:34Z
2026-08-11T07:56:44Z,2026-08-11T09:56:44+0200,58a750df-313e-448a-89dd-c0365ec5f82d,2026-08-02T04:45:00Z,2026-08-02T06:45:00+0200,456.5,MW,DK1,DK_1,forecast_offshore_wind_generation,Wind Offshore,2026-08-11T08:00:34Z
2026-08-11T07:56:44Z,2026-08-11T09:56:44+0200,58a750df-313e-448a-89dd-c0365ec5f82d,2026-08-02T05:00:00Z,2026-08-02T07:00:00+0200,455.833333,MW,DK1,DK_1,forecast_offshore_wind_generation,Wind Offshore,2026-08-11T08:00:34Z
2026-08-11T07:56:44Z,2026-08-11T09:56:44+0200,58a750df-313e-448a-89dd-c0365ec5f82d,2026-08-02T05:15:00Z,2026-08-02T07:15:00+0200,463.333333,MW,DK1,DK_1,forecast_offshore_wind_generation,Wind Offshore,2026-08-11T08:00:34Z
2026-08-11T07:56:44Z,2026-08-11T09:56:44+0200,58a750df-313e-448a-89dd-c0365ec5f82d,2026-08-02T05:30:00Z,2026-08-02T07:30:00+0200,474.333333,MW,DK1,DK_1,forecast_offshore_wind_generation,Wind Offshore,2026-08-11T08:00:34Z
2026-08-11T07:56:44Z,2026-08-11T09:56:44+0200,58a750df-313e-448a-89dd-c0365ec5f82d,2026-08-02T05:45:00Z,2026-08-02T07:45:00+0200,481.666666,MW,DK1,DK_1,forecast_offshore_wind_generation,Wind Offshore,2026-08-11T08:00:34Z
2026-08-11T07:56:44Z,2026-08-11T09:56:44+0200,58a750df-313e-448a-89dd-c0365ec5f82d,2026-08-02T06:00:00Z,2026-08-02T08:00:00+0200,482.166666,MW,DK1,DK_1,forecast_offshore_wind_generation,Wind Offshore,2026-08-11T08:00:34Z
2026-08-11T07:56:44Z,2026-08-11T09:56:44+0200,58a750df-313e-448a-89dd-c0365ec5f82d,2026-08-02T06:15:00Z,2026-08-02T08:15:00+0200,477.0,MW,DK1,DK_1,forecast_offshore_wind_generation,Wind Offshore,2026-08-11T08:00:34Z
2026-08-11T07:56:44Z,2026-08-11T09:56:44+0200,58a750df-313e-448a-89dd-c0365ec5f82d,2026-08-02T06:30:00Z,2026-08-02T08:30:00+0200,469.5,MW,DK1,DK_1,forecast_offshore_wind_generation,Wind Offshore,2026-08-11T08:00:34Z
2026-08-11T07:56:44Z,2026-08-11T09:56:44+0200,58a750df-313e-448a-89dd-c0365ec5f82d,2026-08-02T06:45:00Z,2026-08-02T08:45:00+0200,461.5,MW,DK1,DK_1,forecast_offshore_wind_generation,Wind Offshore,2026-08-11T08:00:34Z
2026-08-11T07:56:44Z,2026-08-11T09:56:44+0200,58a750df-313e-448a-89dd-c0365ec5f82d,2026-08-02T07:00:00Z,2026-08-02T09:00:00+0200,455.666666,MW,DK1,DK_1,forecast_offshore_wind_generation,Wind Offshore,2026-08-11T08:00:34Z
2026-08-11T07:56:44Z,2026-08-11T09:56:44+0200,58a750df-313e-448a-89dd-c0365ec5f82d,2026-08-02T07:15:00Z,2026-08-02T09:15:00+0200,453.166666,MW,DK1,DK_1,forecast_offshore_wind_generation,Wind Offshore,2026-08-11T08:00:34Z
2026-08-11T07:56:44Z,2026-08-11T09:56:44+0200,58a750df-313e-448a-89dd-c0365ec5f82d,2026-08-02T07:30:00Z,2026-08-02T09:30:00+0200,453.0,MW,DK1,DK_1,forecast_offshore_wind_generation,Wind Offshore,2026-08-11T08:00:34Z
2026-08-11T07:56:44Z,2026-08-11T09:56:44+0200,58a750df-313e-448a-89dd-c0365ec5f82d,2026-08-02T07:45:00Z,2026-08-02T09:45:00+0200,451.333333,MW,DK1,DK_1,forecast_offshore_wind_generation,Wind Offshore,2026-08-11T08:00:34Z
2026-08-11T07:56:44Z,2026-08-11T09:56:44+0200,58a750df-313e-448a-89dd-c0365ec5f82d,2026-08-02T08:00:00Z,2026-08-02T10:00:00+0200,443.333333,MW,DK1,DK_1,forecast_offshore_wind_generation,Wind Offshore,2026-08-11T08:00:34Z
2026-08-11T07:56:44Z,2026-08-11T09:56:44+0200,58a750df-313e-448a-89dd-c0365ec5f82d,2026-08-02T08:15:00Z,2026-08-02T10:15:00+0200,424.333333,MW,DK1,DK_1,forecast_offshore_wind_generation,Wind Offshore,2026-08-11T08:00:34Z
2026-08-11T07:56:44Z,2026-08-11T09:56:44+0200,58a750df-313e-448a-89dd-c0365ec5f82d,2026-08-02T08:30:00Z,2026-08-02T10:30:00+0200,402.5,MW,DK1,DK_1,forecast_offshore_wind_generation,Wind Offshore,2026-08-11T08:00:34Z
2026-08-11T07:56:44Z,2026-08-11T09:56:44+0200,58a750df-313e-448a-89dd-c0365ec5f82d,2026-08-02T08:45:00Z,2026-08-02T10:45:00+0200,385.333333,MW,DK1,DK_1,forecast_offshore_wind_generation,Wind Offshore,2026-08-11T08:00:34Z
2026-08-11T07:56:44Z,2026-08-11T09:56:44+0200,58a750df-313e-448a-89dd-c0365ec5f82d,2026-08-02T09:00:00Z,2026-08-02T11:00:00+0200,380.666666,MW,DK1,DK_1,forecast_offshore_wind_generation,Wind Offshore,2026-08-11T08:00:34Z
2026-08-11T07:56:44Z,2026-08-11T09:56:44+0200,58a750df-313e-448a-89dd-c0365ec5f82d,2026-08-02T09:15:00Z,2026-08-02T11:15:00+0200,385.0,MW,DK1,DK_1,forecast_offshore_wind_generation,Wind Offshore,2026-08-11T08:00:34Z
2026-08-11T07:56:44Z,2026-08-11T09:56:44+0200,58a750df-313e-448a-89dd-c0365ec5f82d,2026-08-02T09:30:00Z,2026-08-02T11:30:00+0200,391.0,MW,DK1,DK_1,forecast_offshore_wind_generation,Wind Offshore,2026-08-11T08:00:34Z
2026-08-11T07:56:44Z,2026-08-11T09:56:44+0200,58a750df-313e-448a-89dd-c0365ec5f82d,2026-08-02T09:45:00Z,2026-08-02T11:45:00+0200,395.333333,MW,DK1,DK_1,forecast_offshore_wind_generation,Wind Offshore,2026-08-11T08:00:34Z
2026-08-11T07:56:44Z,2026-08-11T09:56:44+0200,58a750df-313e-448a-89dd-c0365ec5f82d,2026-08-02T10:00:00Z,2026-08-02T12:00:00+0200,396.333333,MW,DK1,DK_1,forecast_offshore_wind_generation,Wind Offshore,2026-08-11T08:00:34Z
2026-08-11T07:56:44Z,2026-08-11T09:56:44+0200,58a750df-313e-448a-89dd-c0365ec5f82d,2026-08-02T10:15:00Z,2026-08-02T12:15:00+0200,401.166666,MW,DK1,DK_1,forecast_offshore_wind_generation,Wind Offshore,2026-08-11T08:00:34Z
2026-08-11T07:56:44Z,2026-08-11T09:56:44+0200,58a750df-313e-448a-89dd-c0365ec5f82d,2026-08-02T10:30:00Z,2026-08-02T12:30:00+0200,407.833333,MW,DK1,DK_1,forecast_offshore_wind_generation,Wind Offshore,2026-08-11T08:00:34Z
2026-08-11T07:56:44Z,2026-08-11T09:56:44+0200,58a750df-313e-448a-89dd-c0365ec5f82d,2026-08-02T10:45:00Z,2026-08-02T12:45:00+0200,409.166666,MW,DK1,DK_1,forecast_offshore_wind_generation,Wind Offshore,2026-08-11T08:00:34Z
2026-08-11T07:56:44Z,2026-08-11T09:56:44+0200,58a750df-313e-448a-89dd-c0365ec5f82d,2026-08-02T11:00:00Z,2026-08-02T13:00:00+0200,402.333333,MW,DK1,DK_1,forecast_offshore_wind_generation,Wind Offshore,2026-08-11T08:00:34Z
2026-08-11T07:56:44Z,2026-08-11T09:56:44+0200,58a750df-313e-448a-89dd-c0365ec5f82d,2026-08-02T11:15:00Z,2026-08-02T13:15:00+0200,389.5,MW,DK1,DK_1,forecast_offshore_wind_generation,Wind Offshore,2026-08-11T08:00:34Z
2026-08-11T07:56:44Z,2026-08-11T09:56:44+0200,58a750df-313e-448a-89dd-c0365ec5f82d,2026-08-02T11:30:00Z,2026-08-02T13:30:00+0200,373.666666,MW,DK1,DK_1,forecast_offshore_wind_generation,Wind Offshore,2026-08-11T08:00:34Z
2026-08-11T07:56:44Z,2026-08-11T09:56:44+0200,58a750df-313e-448a-89dd-c0365ec5f82d,2026-08-02T11:45:00Z,2026-08-02T13:45:00+0200,360.666666,MW,DK1,DK_1,forecast_offshore_wind_generation,Wind Offshore,2026-08-11T08:00:34Z
2026-08-11T07:56:44Z,2026-08-11T09:56:44+0200,58a750df-313e-448a-89dd-c0365ec5f82d,2026-08-02T12:00:00Z,2026-08-02T14:00:00+0200,351.5,MW,DK1,DK_1,forecast_offshore_wind_generation,Wind Offshore,2026-08-11T08:00:34Z
2026-08-11T07:56:44Z,2026-08-11T09:56:44+0200,58a750df-313e-448a-89dd-c0365ec5f82d,2026-08-02T12:15:00Z,2026-08-02T14:15:00+0200,341.5,MW,DK1,DK_1,forecast_offshore_wind_generation,Wind Offshore,2026-08-11T08:00:34Z
2026-08-11T07:56:44Z,2026-08-11T09:56:44+0200,58a750df-313e-448a-89dd-c0365ec5f82d,2026-08-02T12:30:00Z,2026-08-02T14:30:00+0200,331.0,MW,DK1,DK_1,forecast_offshore_wind_generation,Wind Offshore,2026-08-11T08:00:34Z
2026-08-11T07:56:44Z,2026-08-11T09:56:44+0200,58a750df-313e-448a-89dd-c0365ec5f82d,2026-08-02T12:45:00Z,2026-08-02T14:45:00+0200,320.666666,MW,DK1,DK_1,forecast_offshore_wind_generation,Wind Offshore,2026-08-11T08:00:34Z
2026-08-11T07:56:44Z,2026-08-11T09:56:44+0200,58a750df-313e-448a-89dd-c0365ec5f82d,2026-08-02T13:00:00Z,2026-08-02T15:00:00+0200,311.5,MW,DK1,DK_1,forecast_offshore_wind_generation,Wind Offshore,2026-08-11T08:00:34Z
2026-08-11T07:56:44Z,2026-08-11T09:56:44+0200,58a750df-313e-448a-89dd-c0365ec5f82d,2026-08-02T13:15:00Z,2026-08-02T15:15:00+0200,301.666666,MW,DK1,DK_1,forecast_offshore_wind_generation,Wind Offshore,2026-08-11T08:00:34Z
2026-08-11T07:56:44Z,2026-08-11T09:56:44+0200,58a750df-313e-448a-89dd-c0365ec5f82d,2026-08-02T13:30:00Z,2026-08-02T15:30:00+0200,292.5,MW,DK1,DK_1,forecast_offshore_wind_generation,Wind Offshore,2026-08-11T08:00:34Z
2026-08-11T07:56:44Z,2026-08-11T09:56:44+0200,58a750df-313e-448a-89dd-c0365ec5f82d,2026-08-02T13:45:00Z,2026-08-02T15:45:00+0200,283.5,MW,DK1,DK_1,forecast_offshore_wind_generation,Wind Offshore,2026-08-11T08:00:34Z
2026-08-11T07:56:44Z,2026-08-11T09:56:44+0200,58a750df-313e-448a-89dd-c0365ec5f82d,2026-08-02T14:00:00Z,2026-08-02T16:00:00+0200,273.666666,MW,DK1,DK_1,forecast_offshore_wind_generation,Wind Offshore,2026-08-11T08:00:34Z
2026-08-11T07:56:44Z,2026-08-11T09:56:44+0200,58a750df-313e-448a-89dd-c0365ec5f82d,2026-08-02T14:15:00Z,2026-08-02T16:15:00+0200,259.5,MW,DK1,DK_1,forecast_offshore_wind_generation,Wind Offshore,2026-08-11T08:00:34Z
2026-08-11T07:56:44Z,2026-08-11T09:56:44+0200,58a750df-313e-448a-89dd-c0365ec5f82d,2026-08-02T14:30:00Z,2026-08-02T16:30:00+0200,244.5,MW,DK1,DK_1,forecast_offshore_wind_generation,Wind Offshore,2026-08-11T08:00:34Z
2026-08-11T07:56:44Z,2026-08-11T09:56:44+0200,58a750df-313e-448a-89dd-c0365ec5f82d,2026-08-02T14:45:00Z,2026-08-02T16:45:00+0200,230.166666,MW,DK1,DK_1,forecast_offshore_wind_generation,Wind Offshore,2026-08-11T08:00:34Z
2026-08-11T07:56:44Z,2026-08-11T09:56:44+0200,58a750df-313e-448a-89dd-c0365ec5f82d,2026-08-02T15:00:00Z,2026-08-02T17:00:00+0200,218.833333,MW,DK1,DK_1,forecast_offshore_wind_generation,Wind Offshore,2026-08-11T08:00:34Z
2026-08-11T07:56:44Z,2026-08-11T09:56:44+0200,58a750df-313e-448a-89dd-c0365ec5f82d,2026-08-02T15:15:00Z,2026-08-02T17:15:00+0200,207.833333,MW,DK1,DK_1,forecast_offshore_wind_generation,Wind Offshore,2026-08-11T08:00:34Z
2026-08-11T07:56:44Z,2026-08-11T09:56:44+0200,58a750df-313e-448a-89dd-c0365ec5f82d,2026-08-02T15:30:00Z,2026-08-02T17:30:00+0200,196.5,MW,DK1,DK_1,forecast_offshore_wind_generation,Wind Offshore,2026-08-11T08:00:34Z
2026-08-11T07:56:44Z,2026-08-11T09:56:44+0200,58a750df-313e-448a-89dd-c0365ec5f82d,2026-08-02T15:45:00Z,2026-08-02T17:45:00+0200,186.333333,MW,DK1,DK_1,forecast_offshore_wind_generation,Wind Offshore,2026-08-11T08:00:34Z
2026-08-11T07:56:44Z,2026-08-11T09:56:44+0200,58a750df-313e-448a-89dd-c0365ec5f82d,2026-08-02T16:00:00Z,2026-08-02T18:00:00+0200,174.666666,MW,DK1,DK_1,forecast_offshore_wind_generation,Wind Offshore,2026-08-11T08:00:34Z
2026-08-11T07:56:44Z,2026-08-11T09:56:44+0200,58a750df-313e-448a-89dd-c0365ec5f82d,2026-08-02T16:15:00Z,2026-08-02T18:15:00+0200,157.166666,MW,DK1,DK_1,forecast_offshore_wind_generation,Wind Offshore,2026-08-11T08:00:34Z
2026-08-11T07:56:44Z,2026-08-11T09:56:44+0200,58a750df-313e-448a-89dd-c0365ec5f82d,2026-08-02T16:30:00Z,2026-08-02T18:30:00+0200,138.166666,MW,DK1,DK_1,forecast_offshore_wind_generation,Wind Offshore,2026-08-11T08:00:34Z
2026-08-11T07:56:44Z,2026-08-11T09:56:44+0200,58a750df-313e-448a-89dd-c0365ec5f82d,2026-08-02T16:45:00Z,2026-08-02T18:45:00+0200,122.333333,MW,DK1,DK_1,forecast_offshore_wind_generation,Wind Offshore,2026-08-11T08:00:34Z
2026-08-11T07:56:44Z,2026-08-11T09:56:44+0200,58a750df-313e-448a-89dd-c0365ec5f82d,2026-08-02T17:00:00Z,2026-08-02T19:00:00+0200,113.666666,MW,DK1,DK_1,forecast_offshore_wind_generation,Wind Offshore,2026-08-11T08:00:34Z
2026-08-11T07:56:44Z,2026-08-11T09:56:44+0200,58a750df-313e-448a-89dd-c0365ec5f82d,2026-08-02T17:15:00Z,2026-08-02T19:15:00+0200,108.0,MW,DK1,DK_1,forecast_offshore_wind_generation,Wind Offshore,2026-08-11T08:00:34Z
2026-08-11T07:56:44Z,2026-08-11T09:56:44+0200,58a750df-313e-448a-89dd-c0365ec5f82d,2026-08-02T17:30:00Z,2026-08-02T19:30:00+0200,103.0,MW,DK1,DK_1,forecast_offshore_wind_generation,Wind Offshore,2026-08-11T08:00:34Z
2026-08-11T07:56:44Z,2026-08-11T09:56:44+0200,58a750df-313e-448a-89dd-c0365ec5f82d,2026-08-02T17:45:00Z,2026-08-02T19:45:00+0200,99.333333,MW,DK1,DK_1,forecast_offshore_wind_generation,Wind Offshore,2026-08-11T08:00:34Z
2026-08-11T07:56:44Z,2026-08-11T09:56:44+0200,58a750df-313e-448a-89dd-c0365ec5f82d,2026-08-02T18:00:00Z,2026-08-02T20:00:00+0200,96.166666,MW,DK1,DK_1,forecast_offshore_wind_generation,Wind Offshore,2026-08-11T08:00:34Z
2026-08-11T07:56:44Z,2026-08-11T09:56:44+0200,58a750df-313e-448a-89dd-c0365ec5f82d,2026-08-02T18:15:00Z,2026-08-02T20:15:00+0200,96.166666,MW,DK1,DK_1,forecast_offshore_wind_generation,Wind Offshore,2026-08-11T08:00:34Z
2026-08-11T07:56:44Z,2026-08-11T09:56:44+0200,58a750df-313e-448a-89dd-c0365ec5f82d,2026-08-02T18:30:00Z,2026-08-02T20:30:00+0200,97.666666,MW,DK1,DK_1,forecast_offshore_wind_generation,Wind Offshore,2026-08-11T08:00:34Z
2026-08-11T07:56:44Z,2026-08-11T09:56:44+0200,58a750df-313e-448a-89dd-c0365ec5f82d,2026-08-02T18:45:00Z,2026-08-02T20:45:00+0200,99.0,MW,DK1,DK_1,forecast_offshore_wind_generation,Wind Offshore,2026-08-11T08:00:34Z
2026-08-11T07:56:44Z,2026-08-11T09:56:44+0200,58a750df-313e-448a-89dd-c0365ec5f82d,2026-08-02T19:00:00Z,2026-08-02T21:00:00+0200,98.5,MW,DK1,DK_1,forecast_offshore_wind_generation,Wind Offshore,2026-08-11T08:00:34Z
2026-08-11T07:56:44Z,2026-08-11T09:56:44+0200,58a750df-313e-448a-89dd-c0365ec5f82d,2026-08-02T19:15:00Z,2026-08-02T21:15:00+0200,97.833333,MW,DK1,DK_1,forecast_offshore_wind_generation,Wind Offshore,2026-08-11T08:00:34Z
2026-08-11T07:56:44Z,2026-08-11T09:56:44+0200,58a750df-313e-448a-89dd-c0365ec5f82d,2026-08-02T19:30:00Z,2026-08-02T21:30:00+0200,96.833333,MW,DK1,DK_1,forecast_offshore_wind_generation,Wind Offshore,2026-08-11T08:00:34Z
2026-08-11T07:56:44Z,2026-08-11T09:56:44+0200,58a750df-313e-448a-89dd-c0365ec5f82d,2026-08-02T19:45:00Z,2026-08-02T21:45:00+0200,95.333333,MW,DK1,DK_1,forecast_offshore_wind_generation,Wind Offshore,2026-08-11T08:00:34Z
2026-08-11T07:56:44Z,2026-08-11T09:56:44+0200,58a750df-313e-448a-89dd-c0365ec5f82d,2026-08-02T20:00:00Z,2026-08-02T22:00:00+0200,93.166666,MW,DK1,DK_1,forecast_offshore_wind_generation,Wind Offshore,2026-08-11T08:00:34Z
2026-08-11T07:56:44Z,2026-08-11T09:56:44+0200,58a750df-313e-448a-89dd-c0365ec5f82d,2026-08-02T20:15:00Z,2026-08-02T22:15:00+0200,89.5,MW,DK1,DK_1,forecast_offshore_wind_generation,Wind Offshore,2026-08-11T08:00:34Z
2026-08-11T07:56:44Z,2026-08-11T09:56:44+0200,58a750df-313e-448a-89dd-c0365ec5f82d,2026-08-02T20:30:00Z,2026-08-02T22:30:00+0200,85.666666,MW,DK1,DK_1,forecast_offshore_wind_generation,Wind Offshore,2026-08-11T08:00:34Z
2026-08-11T07:56:44Z,2026-08-11T09:56:44+0200,58a750df-313e-448a-89dd-c0365ec5f82d,2026-08-02T20:45:00Z,2026-08-02T22:45:00+0200,82.5,MW,DK1,DK_1,forecast_offshore_wind_generation,Wind Offshore,2026-08-11T08:00:34Z
2026-08-11T07:56:44Z,2026-08-11T09:56:44+0200,58a750df-313e-448a-89dd-c0365ec5f82d,2026-08-02T21:00:00Z,2026-08-02T23:00:00+0200,79.166666,MW,DK1,DK_1,forecast_offshore_wind_generation,Wind Offshore,2026-08-11T08:00:34Z
2026-08-11T07:56:44Z,2026-08-11T09:56:44+0200,58a750df-313e-448a-89dd-c0365ec5f82d,2026-08-02T21:15:00Z,2026-08-02T23:15:00+0200,71.5,MW,DK1,DK_1,forecast_offshore_wind_generation,Wind Offshore,2026-08-11T08:00:34Z
2026-08-11T07:56:44Z,2026-08-11T09:56:44+0200,58a750df-313e-448a-89dd-c0365ec5f82d,2026-08-02T21:30:00Z,2026-08-02T23:30:00+0200,61.5,MW,DK1,DK_1,forecast_offshore_wind_generation,Wind Offshore,2026-08-11T08:00:34Z
2026-08-11T07:56:44Z,2026-08-11T09:56:44+0200,58a750df-313e-448a-89dd-c0365ec5f82d,2026-08-02T21:45:00Z,2026-08-02T23:45:00+0200,52.0,MW,DK1,DK_1,forecast_offshore_wind_generation,Wind Offshore,2026-08-11T08:00:34Z
2026-08-11T07:56:44Z,2026-08-11T09:56:44+0200,58a750df-313e-448a-89dd-c0365ec5f82d,2026-08-02T22:00:00Z,2026-08-03T00:00:00+0200,104.5,MW,DK1,DK_1,forecast_offshore_wind_generation,Wind Offshore,2026-08-11T08:00:34Z
2026-08-11T07:56:44Z,2026-08-11T09:56:44+0200,58a750df-313e-448a-89dd-c0365ec5f82d,2026-08-02T22:15:00Z,2026-08-03T00:15:00+0200,98.5,MW,DK1,DK_1,forecast_offshore_wind_generation,Wind Offshore,2026-08-11T08:00:34Z
2026-08-11T07:56:44Z,2026-08-11T09:56:44+0200,58a750df-313e-448a-89dd-c0365ec5f82d,2026-08-02T22:30:00Z,2026-08-03T00:30:00+0200,91.5,MW,DK1,DK_1,forecast_offshore_wind_generation,Wind Offshore,2026-08-11T08:00:34Z
2026-08-11T07:56:44Z,2026-08-11T09:56:44+0200,58a750df-313e-448a-89dd-c0365ec5f82d,2026-08-02T22:45:00Z,2026-08-03T00:45:00+0200,84.0,MW,DK1,DK_1,forecast_offshore_wind_generation,Wind Offshore,2026-08-11T08:00:34Z
2026-08-11T07:56:44Z,2026-08-11T09:56:44+0200,58a750df-313e-448a-89dd-c0365ec5f82d,2026-08-02T23:00:00Z,2026-08-03T01:00:00+0200,75.5,MW,DK1,DK_1,forecast_offshore_wind_generation,Wind Offshore,2026-08-11T08:00:34Z
2026-08-11T07:56:44Z,2026-08-11T09:56:44+0200,58a750df-313e-448a-89dd-c0365ec5f82d,2026-08-02T23:15:00Z,2026-08-03T01:15:00+0200,65.5,MW,DK1,DK_1,forecast_offshore_wind_generation,Wind Offshore,2026-08-11T08:00:34Z
2026-08-11T07:56:44Z,2026-08-11T09:56:44+0200,58a750df-313e-448a-89dd-c0365ec5f82d,2026-08-02T23:30:00Z,2026-08-03T01:30:00+0200,55.5,MW,DK1,DK_1,forecast_offshore_wind_generation,Wind Offshore,2026-08-11T08:00:34Z
2026-08-11T07:56:44Z,2026-08-11T09:56:44+0200,58a750df-313e-448a-89dd-c0365ec5f82d,2026-08-02T23:45:00Z,2026-08-03T01:45:00+0200,47.5,MW,DK1,DK_1,forecast_offshore_wind_generation,Wind Offshore,2026-08-11T08:00:34Z
2026-08-11T07:56:44Z,2026-08-11T09:56:44+0200,58a750df-313e-448a-89dd-c0365ec5f82d,2026-08-03T00:00:00Z,2026-08-03T02:00:00+0200,40.666666,MW,DK1,DK_1,forecast_offshore_wind_generation,Wind Offshore,2026-08-11T08:00:34Z
2026-08-11T07:56:44Z,2026-08-11T09:56:44+0200,58a750df-313e-448a-89dd-c0365ec5f82d,2026-08-03T00:15:00Z,2026-08-03T02:15:00+0200,35.666666,MW,DK1,DK_1,forecast_offshore_wind_generation,Wind Offshore,2026-08-11T08:00:34Z
2026-08-11T07:56:44Z,2026-08-11T09:56:44+0200,58a750df-313e-448a-89dd-c0365ec5f82d,2026-08-03T00:30:00Z,2026-08-03T02:30:00+0200,34.0,MW,DK1,DK_1,forecast_offshore_wind_generation,Wind Offshore,2026-08-11T08:00:34Z
2026-08-11T07:56:44Z,2026-08-11T09:56:44+0200,58a750df-313e-448a-89dd-c0365ec5f82d,2026-08-03T00:45:00Z,2026-08-03T02:45:00+0200,33.333333,MW,DK1,DK_1,forecast_offshore_wind_generation,Wind Offshore,2026-08-11T08:00:34Z
2026-08-11T07:56:44Z,2026-08-11T09:56:44+0200,58a750df-313e-448a-89dd-c0365ec5f82d,2026-08-03T01:00:00Z,2026-08-03T03:00:00+0200,34.166666,MW,DK1,DK_1,forecast_offshore_wind_generation,Wind Offshore,2026-08-11T08:00:34Z
2026-08-11T07:56:44Z,2026-08-11T09:56:44+0200,58a750df-313e-448a-89dd-c0365ec5f82d,2026-08-03T01:15:00Z,2026-08-03T03:15:00+0200,35.666666,MW,DK1,DK_1,forecast_offshore_wind_generation,Wind Offshore,2026-08-11T08:00:34Z
2026-08-11T07:56:44Z,2026-08-11T09:56:44+0200,58a750df-313e-448a-89dd-c0365ec5f82d,2026-08-03T01:30:00Z,2026-08-03T03:30:00+0200,39.166666,MW,DK1,DK_1,forecast_offshore_wind_generation,Wind Offshore,2026-08-11T08:00:34Z
2026-08-11T07:56:44Z,2026-08-11T09:56:44+0200,58a750df-313e-448a-89dd-c0365ec5f82d,2026-08-03T01:45:00Z,2026-08-03T03:45:00+0200,45.0,MW,DK1,DK_1,forecast_offshore_wind_generation,Wind Offshore,2026-08-11T08:00:34Z
2026-08-11T07:56:44Z,2026-08-11T09:56:44+0200,58a750df-313e-448a-89dd-c0365ec5f82d,2026-08-03T02:00:00Z,2026-08-03T04:00:00+0200,51.0,MW,DK1,DK_1,forecast_offshore_wind_generation,Wind Offshore,2026-08-11T08:00:34Z
2026-08-11T07:56:44Z,2026-08-11T09:56:44+0200,58a750df-313e-448a-89dd-c0365ec5f82d,2026-08-03T02:15:00Z,2026-08-03T04:15:00+0200,57.0,MW,DK1,DK_1,forecast_offshore_wind_generation,Wind Offshore,2026-08-11T08:00:34Z
2026-08-11T07:56:44Z,2026-08-11T09:56:44+0200,58a750df-313e-448a-89dd-c0365ec5f82d,2026-08-03T02:30:00Z,2026-08-03T04:30:00+0200,64.5,MW,DK1,DK_1,forecast_offshore_wind_generation,Wind Offshore,2026-08-11T08:00:34Z
2026-08-11T07:56:44Z,2026-08-11T09:56:44+0200,58a750df-313e-448a-89dd-c0365ec5f82d,2026-08-03T02:45:00Z,2026-08-03T04:45:00+0200,74.166666,MW,DK1,DK_1,forecast_offshore_wind_generation,Wind Offshore,2026-08-11T08:00:34Z
2026-08-11T07:56:44Z,2026-08-11T09:56:44+0200,58a750df-313e-448a-89dd-c0365ec5f82d,2026-08-03T03:00:00Z,2026-08-03T05:00:00+0200,82.333333,MW,DK1,DK_1,forecast_offshore_wind_generation,Wind Offshore,2026-08-11T08:00:34Z
2026-08-11T07:56:44Z,2026-08-11T09:56:44+0200,58a750df-313e-448a-89dd-c0365ec5f82d,2026-08-03T03:15:00Z,2026-08-03T05:15:00+0200,90.333333,MW,DK1,DK_1,forecast_offshore_wind_generation,Wind Offshore,2026-08-11T08:00:34Z
2026-08-11T07:56:44Z,2026-08-11T09:56:44+0200,58a750df-313e-448a-89dd-c0365ec5f82d,2026-08-03T03:30:00Z,2026-08-03T05:30:00+0200,98.5,MW,DK1,DK_1,forecast_offshore_wind_generation,Wind Offshore,2026-08-11T08:00:34Z
2026-08-11T07:56:44Z,2026-08-11T09:56:44+0200,58a750df-313e-448a-89dd-c0365ec5f82d,2026-08-03T03:45:00Z,2026-08-03T05:45:00+0200,108.5,MW,DK1,DK_1,forecast_offshore_wind_generation,Wind Offshore,2026-08-11T08:00:34Z
2026-08-11T07:56:44Z,2026-08-11T09:56:44+0200,58a750df-313e-448a-89dd-c0365ec5f82d,2026-08-03T04:00:00Z,2026-08-03T06:00:00+0200,120.0,MW,DK1,DK_1,forecast_offshore_wind_generation,Wind Offshore,2026-08-11T08:00:34Z
2026-08-11T07:56:44Z,2026-08-11T09:56:44+0200,58a750df-313e-448a-89dd-c0365ec5f82d,2026-08-03T04:15:00Z,2026-08-03T06:15:00+0200,132.0,MW,DK1,DK_1,forecast_offshore_wind_generation,Wind Offshore,2026-08-11T08:00:34Z
2026-08-11T07:56:44Z,2026-08-11T09:56:44+0200,58a750df-313e-448a-89dd-c0365ec5f82d,2026-08-03T04:30:00Z,2026-08-03T06:30:00+0200,144.0,MW,DK1,DK_1,forecast_offshore_wind_generation,Wind Offshore,2026-08-11T08:00:34Z
2026-08-11T07:56:44Z,2026-08-11T09:56:44+0200,58a750df-313e-448a-89dd-c0365ec5f82d,2026-08-03T04:45:00Z,2026-08-03T06:45:00+0200,155.5,MW,DK1,DK_1,forecast_offshore_wind_generation,Wind Offshore,2026-08-11T08:00:34Z
2026-08-11T07:56:44Z,2026-08-11T09:56:44+0200,58a750df-313e-448a-89dd-c0365ec5f82d,2026-08-03T05:00:00Z,2026-08-03T07:00:00+0200,166.166666,MW,DK1,DK_1,forecast_offshore_wind_generation,Wind Offshore,2026-08-11T08:00:34Z
2026-08-11T07:56:44Z,2026-08-11T09:56:44+0200,58a750df-313e-448a-89dd-c0365ec5f82d,2026-08-03T05:15:00Z,2026-08-03T07:15:00+0200,177.5,MW,DK1,DK_1,forecast_offshore_wind_generation,Wind Offshore,2026-08-11T08:00:34Z
2026-08-11T07:56:44Z,2026-08-11T09:56:44+0200,58a750df-313e-448a-89dd-c0365ec5f82d,2026-08-03T05:30:00Z,2026-08-03T07:30:00+0200,188.333333,MW,DK1,DK_1,forecast_offshore_wind_generation,Wind Offshore,2026-08-11T08:00:34Z
2026-08-11T07:56:44Z,2026-08-11T09:56:44+0200,58a750df-313e-448a-89dd-c0365ec5f82d,2026-08-03T05:45:00Z,2026-08-03T07:45:00+0200,197.333333,MW,DK1,DK_1,forecast_offshore_wind_generation,Wind Offshore,2026-08-11T08:00:34Z
2026-08-11T07:56:44Z,2026-08-11T09:56:44+0200,58a750df-313e-448a-89dd-c0365ec5f82d,2026-08-03T06:00:00Z,2026-08-03T08:00:00+0200,203.166666,MW,DK1,DK_1,forecast_offshore_wind_generation,Wind Offshore,2026-08-11T08:00:34Z
2026-08-11T07:56:44Z,2026-08-11T09:56:44+0200,58a750df-313e-448a-89dd-c0365ec5f82d,2026-08-03T06:15:00Z,2026-08-03T08:15:00+0200,208.0,MW,DK1,DK_1,forecast_offshore_wind_generation,Wind Offshore,2026-08-11T08:00:34Z
2026-08-11T07:56:44Z,2026-08-11T09:56:44+0200,58a750df-313e-448a-89dd-c0365ec5f82d,2026-08-03T06:30:00Z,2026-08-03T08:30:00+0200,212.333333,MW,DK1,DK_1,forecast_offshore_wind_generation,Wind Offshore,2026-08-11T08:00:34Z
2026-08-11T07:56:44Z,2026-08-11T09:56:44+0200,58a750df-313e-448a-89dd-c0365ec5f82d,2026-08-03T06:45:00Z,2026-08-03T08:45:00+0200,215.5,MW,DK1,DK_1,forecast_offshore_wind_generation,Wind Offshore,2026-08-11T08:00:34Z
2026-08-11T07:56:44Z,2026-08-11T09:56:44+0200,58a750df-313e-448a-89dd-c0365ec5f82d,2026-08-03T07:00:00Z,2026-08-03T09:00:00+0200,217.5,MW,DK1,DK_1,forecast_offshore_wind_generation,Wind Offshore,2026-08-11T08:00:34Z
2026-08-11T07:56:44Z,2026-08-11T09:56:44+0200,58a750df-313e-448a-89dd-c0365ec5f82d,2026-08-03T07:15:00Z,2026-08-03T09:15:00+0200,218.0,MW,DK1,DK_1,forecast_offshore_wind_generation,Wind Offshore,2026-08-11T08:00:34Z
2026-08-11T07:56:44Z,2026-08-11T09:56:44+0200,58a750df-313e-448a-89dd-c0365ec5f82d,2026-08-03T07:30:00Z,2026-08-03T09:30:00+0200,218.0,MW,DK1,DK_1,forecast_offshore_wind_generation,Wind Offshore,2026-08-11T08:00:34Z
2026-08-11T07:56:44Z,2026-08-11T09:56:44+0200,58a750df-313e-448a-89dd-c0365ec5f82d,2026-08-03T07:45:00Z,2026-08-03T09:45:00+0200,218.0,MW,DK1,DK_1,forecast_offshore_wind_generation,Wind Offshore,2026-08-11T08:00:34Z
2026-08-11T07:56:44Z,2026-08-11T09:56:44+0200,58a750df-313e-448a-89dd-c0365ec5f82d,2026-08-03T08:00:00Z,2026-08-03T10:00:00+0200,217.833333,MW,DK1,DK_1,forecast_offshore_wind_generation,Wind Offshore,2026-08-11T08:00:34Z
2026-08-11T07:56:44Z,2026-08-11T09:56:44+0200,58a750df-313e-448a-89dd-c0365ec5f82d,2026-08-03T08:15:00Z,2026-08-03T10:15:00+0200,217.0,MW,DK1,DK_1,forecast_offshore_wind_generation,Wind Offshore,2026-08-11T08:00:34Z
2026-08-11T07:56:44Z,2026-08-11T09:56:44+0200,58a750df-313e-448a-89dd-c0365ec5f82d,2026-08-03T08:30:00Z,2026-08-03T10:30:00+0200,216.5,MW,DK1,DK_1,forecast_offshore_wind_generation,Wind Offshore,2026-08-11T08:00:34Z
2026-08-11T07:56:44Z,2026-08-11T09:56:44+0200,58a750df-313e-448a-89dd-c0365ec5f82d,2026-08-03T08:45:00Z,2026-08-03T10:45:00+0200,215.166666,MW,DK1,DK_1,forecast_offshore_wind_generation,Wind Offshore,2026-08-11T08:00:34Z
2026-08-11T07:56:44Z,2026-08-11T09:56:44+0200,58a750df-313e-448a-89dd-c0365ec5f82d,2026-08-03T09:00:00Z,2026-08-03T11:00:00+0200,213.5,MW,DK1,DK_1,forecast_offshore_wind_generation,Wind Offshore,2026-08-11T08:00:34Z
2026-08-11T07:56:44Z,2026-08-11T09:56:44+0200,58a750df-313e-448a-89dd-c0365ec5f82d,2026-08-03T09:15:00Z,2026-08-03T11:15:00+0200,209.833333,MW,DK1,DK_1,forecast_offshore_wind_generation,Wind Offshore,2026-08-11T08:00:34Z
2026-08-11T07:56:44Z,2026-08-11T09:56:44+0200,58a750df-313e-448a-89dd-c0365ec5f82d,2026-08-03T09:30:00Z,2026-08-03T11:30:00+0200,204.0,MW,DK1,DK_1,forecast_offshore_wind_generation,Wind Offshore,2026-08-11T08:00:34Z
2026-08-11T07:56:44Z,2026-08-11T09:56:44+0200,58a750df-313e-448a-89dd-c0365ec5f82d,2026-08-03T09:45:00Z,2026-08-03T11:45:00+0200,198.166666,MW,DK1,DK_1,forecast_offshore_wind_generation,Wind Offshore,2026-08-11T08:00:34Z
2026-08-11T07:56:44Z,2026-08-11T09:56:44+0200,58a750df-313e-448a-89dd-c0365ec5f82d,2026-08-03T10:00:00Z,2026-08-03T12:00:00+0200,193.0,MW,DK1,DK_1,forecast_offshore_wind_generation,Wind Offshore,2026-08-11T08:00:34Z
2026-08-11T07:56:44Z,2026-08-11T09:56:44+0200,58a750df-313e-448a-89dd-c0365ec5f82d,2026-08-03T10:15:00Z,2026-08-03T12:15:00+0200,187.0,MW,DK1,DK_1,forecast_offshore_wind_generation,Wind Offshore,2026-08-11T08:00:34Z
2026-08-11T07:56:44Z,2026-08-11T09:56:44+0200,58a750df-313e-448a-89dd-c0365ec5f82d,2026-08-03T10:30:00Z,2026-08-03T12:30:00+0200,181.166666,MW,DK1,DK_1,forecast_offshore_wind_generation,Wind Offshore,2026-08-11T08:00:34Z
2026-08-11T07:56:44Z,2026-08-11T09:56:44+0200,58a750df-313e-448a-89dd-c0365ec5f82d,2026-08-03T10:45:00Z,2026-08-03T12:45:00+0200,176.833333,MW,DK1,DK_1,forecast_offshore_wind_generation,Wind Offshore,2026-08-11T08:00:34Z
2026-08-11T07:56:44Z,2026-08-11T09:56:44+0200,58a750df-313e-448a-89dd-c0365ec5f82d,2026-08-03T11:00:00Z,2026-08-03T13:00:00+0200,176.0,MW,DK1,DK_1,forecast_offshore_wind_generation,Wind Offshore,2026-08-11T08:00:34Z
2026-08-11T07:56:44Z,2026-08-11T09:56:44+0200,58a750df-313e-448a-89dd-c0365ec5f82d,2026-08-03T11:15:00Z,2026-08-03T13:15:00+0200,177.5,MW,DK1,DK_1,forecast_offshore_wind_generation,Wind Offshore,2026-08-11T08:00:34Z
2026-08-11T07:56:44Z,2026-08-11T09:56:44+0200,58a750df-313e-448a-89dd-c0365ec5f82d,2026-08-03T11:30:00Z,2026-08-03T13:30:00+0200,180.5,MW,DK1,DK_1,forecast_offshore_wind_generation,Wind Offshore,2026-08-11T08:00:34Z
2026-08-11T07:56:44Z,2026-08-11T09:56:44+0200,58a750df-313e-448a-89dd-c0365ec5f82d,2026-08-03T11:45:00Z,2026-08-03T13:45:00+0200,183.333333,MW,DK1,DK_1,forecast_offshore_wind_generation,Wind Offshore,2026-08-11T08:00:34Z
2026-08-11T07:56:44Z,2026-08-11T09:56:44+0200,58a750df-313e-448a-89dd-c0365ec5f82d,2026-08-03T12:00:00Z,2026-08-03T14:00:00+0200,184.0,MW,DK1,DK_1,forecast_offshore_wind_generation,Wind Offshore,2026-08-11T08:00:34Z
2026-08-11T07:56:44Z,2026-08-11T09:56:44+0200,58a750df-313e-448a-89dd-c0365ec5f82d,2026-08-03T12:15:00Z,2026-08-03T14:15:00+0200,183.333333,MW,DK1,DK_1,forecast_offshore_wind_generation,Wind Offshore,2026-08-11T08:00:34Z
2026-08-11T07:56:44Z,2026-08-11T09:56:44+0200,58a750df-313e-448a-89dd-c0365ec5f82d,2026-08-03T12:30:00Z,2026-08-03T14:30:00+0200,181.5,MW,DK1,DK_1,forecast_offshore_wind_generation,Wind Offshore,2026-08-11T08:00:34Z
2026-08-11T07:56:44Z,2026-08-11T09:56:44+0200,58a750df-313e-448a-89dd-c0365ec5f82d,2026-08-03T12:45:00Z,2026-08-03T14:45:00+0200,181.0,MW,DK1,DK_1,forecast_offshore_wind_generation,Wind Offshore,2026-08-11T08:00:34Z
2026-08-11T07:56:44Z,2026-08-11T09:56:44+0200,58a750df-313e-448a-89dd-c0365ec5f82d,2026-08-03T13:00:00Z,2026-08-03T15:00:00+0200,181.666666,MW,DK1,DK_1,forecast_offshore_wind_generation,Wind Offshore,2026-08-11T08:00:34Z
2026-08-11T07:56:44Z,2026-08-11T09:56:44+0200,58a750df-313e-448a-89dd-c0365ec5f82d,2026-08-03T13:15:00Z,2026-08-03T15:15:00+0200,184.666666,MW,DK1,DK_1,forecast_offshore_wind_generation,Wind Offshore,2026-08-11T08:00:34Z
2026-08-11T07:56:44Z,2026-08-11T09:56:44+0200,58a750df-313e-448a-89dd-c0365ec5f82d,2026-08-03T13:30:00Z,2026-08-03T15:30:00+0200,189.166666,MW,DK1,DK_1,forecast_offshore_wind_generation,Wind Offshore,2026-08-11T08:00:34Z
2026-08-11T07:56:44Z,2026-08-11T09:56:44+0200,58a750df-313e-448a-89dd-c0365ec5f82d,2026-08-03T13:45:00Z,2026-08-03T15:45:00+0200,194.166666,MW,DK1,DK_1,forecast_offshore_wind_generation,Wind Offshore,2026-08-11T08:00:34Z
2026-08-11T07:56:44Z,2026-08-11T09:56:44+0200,58a750df-313e-448a-89dd-c0365ec5f82d,2026-08-03T14:00:00Z,2026-08-03T16:00:00+0200,200.0,MW,DK1,DK_1,forecast_offshore_wind_generation,Wind Offshore,2026-08-11T08:00:34Z
2026-08-11T07:56:44Z,2026-08-11T09:56:44+0200,58a750df-313e-448a-89dd-c0365ec5f82d,2026-08-03T14:15:00Z,2026-08-03T16:15:00+0200,206.5,MW,DK1,DK_1,forecast_offshore_wind_generation,Wind Offshore,2026-08-11T08:00:34Z
2026-08-11T07:56:44Z,2026-08-11T09:56:44+0200,58a750df-313e-448a-89dd-c0365ec5f82d,2026-08-03T14:30:00Z,2026-08-03T16:30:00+0200,214.0,MW,DK1,DK_1,forecast_offshore_wind_generation,Wind Offshore,2026-08-11T08:00:34Z
2026-08-11T07:56:44Z,2026-08-11T09:56:44+0200,58a750df-313e-448a-89dd-c0365ec5f82d,2026-08-03T14:45:00Z,2026-08-03T16:45:00+0200,221.833333,MW,DK1,DK_1,forecast_offshore_wind_generation,Wind Offshore,2026-08-11T08:00:34Z
2026-08-11T07:56:44Z,2026-08-11T09:56:44+0200,58a750df-313e-448a-89dd-c0365ec5f82d,2026-08-03T15:00:00Z,2026-08-03T17:00:00+0200,229.0,MW,DK1,DK_1,forecast_offshore_wind_generation,Wind Offshore,2026-08-11T08:00:34Z
2026-08-11T07:56:44Z,2026-08-11T09:56:44+0200,58a750df-313e-448a-89dd-c0365ec5f82d,2026-08-03T15:15:00Z,2026-08-03T17:15:00+0200,236.5,MW,DK1,DK_1,forecast_offshore_wind_generation,Wind Offshore,2026-08-11T08:00:34Z
2026-08-11T07:56:44Z,2026-08-11T09:56:44+0200,58a750df-313e-448a-89dd-c0365ec5f82d,2026-08-03T15:30:00Z,2026-08-03T17:30:00+0200,244.333333,MW,DK1,DK_1,forecast_offshore_wind_generation,Wind Offshore,2026-08-11T08:00:34Z
2026-08-11T07:56:44Z,2026-08-11T09:56:44+0200,58a750df-313e-448a-89dd-c0365ec5f82d,2026-08-03T15:45:00Z,2026-08-03T17:45:00+0200,251.833333,MW,DK1,DK_1,forecast_offshore_wind_generation,Wind Offshore,2026-08-11T08:00:34Z
2026-08-11T07:56:44Z,2026-08-11T09:56:44+0200,58a750df-313e-448a-89dd-c0365ec5f82d,2026-08-03T16:00:00Z,2026-08-03T18:00:00+0200,259.5,MW,DK1,DK_1,forecast_offshore_wind_generation,Wind Offshore,2026-08-11T08:00:34Z
2026-08-11T07:56:44Z,2026-08-11T09:56:44+0200,58a750df-313e-448a-89dd-c0365ec5f82d,2026-08-03T16:15:00Z,2026-08-03T18:15:00+0200,271.0,MW,DK1,DK_1,forecast_offshore_wind_generation,Wind Offshore,2026-08-11T08:00:34Z
2026-08-11T07:56:44Z,2026-08-11T09:56:44+0200,58a750df-313e-448a-89dd-c0365ec5f82d,2026-08-03T16:30:00Z,2026-08-03T18:30:00+0200,285.333333,MW,DK1,DK_1,forecast_offshore_wind_generation,Wind Offshore,2026-08-11T08:00:34Z
2026-08-11T07:56:44Z,2026-08-11T09:56:44+0200,58a750df-313e-448a-89dd-c0365ec5f82d,2026-08-03T16:45:00Z,2026-08-03T18:45:00+0200,297.833333,MW,DK1,DK_1,forecast_offshore_wind_generation,Wind Offshore,2026-08-11T08:00:34Z
2026-08-11T07:56:44Z,2026-08-11T09:56:44+0200,58a750df-313e-448a-89dd-c0365ec5f82d,2026-08-03T17:00:00Z,2026-08-03T19:00:00+0200,307.333333,MW,DK1,DK_1,forecast_offshore_wind_generation,Wind Offshore,2026-08-11T08:00:34Z
2026-08-11T07:56:44Z,2026-08-11T09:56:44+0200,58a750df-313e-448a-89dd-c0365ec5f82d,2026-08-03T17:15:00Z,2026-08-03T19:15:00+0200,315.333333,MW,DK1,DK_1,forecast_offshore_wind_generation,Wind Offshore,2026-08-11T08:00:34Z
2026-08-11T07:56:44Z,2026-08-11T09:56:44+0200,58a750df-313e-448a-89dd-c0365ec5f82d,2026-08-03T17:30:00Z,2026-08-03T19:30:00+0200,322.0,MW,DK1,DK_1,forecast_offshore_wind_generation,Wind Offshore,2026-08-11T08:00:34Z
2026-08-11T07:56:44Z,2026-08-11T09:56:44+0200,58a750df-313e-448a-89dd-c0365ec5f82d,2026-08-03T17:45:00Z,2026-08-03T19:45:00+0200,327.0,MW,DK1,DK_1,forecast_offshore_wind_generation,Wind Offshore,2026-08-11T08:00:34Z
2026-08-11T07:56:44Z,2026-08-11T09:56:44+0200,58a750df-313e-448a-89dd-c0365ec5f82d,2026-08-03T18:00:00Z,2026-08-03T20:00:00+0200,330.5,MW,DK1,DK_1,forecast_offshore_wind_generation,Wind Offshore,2026-08-11T08:00:34Z
2026-08-11T07:56:44Z,2026-08-11T09:56:44+0200,58a750df-313e-448a-89dd-c0365ec5f82d,2026-08-03T18:15:00Z,2026-08-03T20:15:00+0200,333.5,MW,DK1,DK_1,forecast_offshore_wind_generation,Wind Offshore,2026-08-11T08:00:34Z
2026-08-11T07:56:44Z,2026-08-11T09:56:44+0200,58a750df-313e-448a-89dd-c0365ec5f82d,2026-08-03T18:30:00Z,2026-08-03T20:30:00+0200,336.5,MW,DK1,DK_1,forecast_offshore_wind_generation,Wind Offshore,2026-08-11T08:00:34Z
2026-08-11T07:56:44Z,2026-08-11T09:56:44+0200,58a750df-313e-448a-89dd-c0365ec5f82d,2026-08-03T18:45:00Z,2026-08-03T20:45:00+0200,341.0,MW,DK1,DK_1,forecast_offshore_wind_generation,Wind Offshore,2026-08-11T08:00:34Z
2026-08-11T07:56:44Z,2026-08-11T09:56:44+0200,58a750df-313e-448a-89dd-c0365ec5f82d,2026-08-03T19:00:00Z,2026-08-03T21:00:00+0200,348.5,MW,DK1,DK_1,forecast_offshore_wind_generation,Wind Offshore,2026-08-11T08:00:34Z
2026-08-11T07:56:44Z,2026-08-11T09:56:44+0200,58a750df-313e-448a-89dd-c0365ec5f82d,2026-08-03T19:15:00Z,2026-08-03T21:15:00+0200,364.0,MW,DK1,DK_1,forecast_offshore_wind_generation,Wind Offshore,2026-08-11T08:00:34Z
2026-08-11T07:56:44Z,2026-08-11T09:56:44+0200,58a750df-313e-448a-89dd-c0365ec5f82d,2026-08-03T19:30:00Z,2026-08-03T21:30:00+0200,383.333333,MW,DK1,DK_1,forecast_offshore_wind_generation,Wind Offshore,2026-08-11T08:00:34Z
2026-08-11T07:56:44Z,2026-08-11T09:56:44+0200,58a750df-313e-448a-89dd-c0365ec5f82d,2026-08-03T19:45:00Z,2026-08-03T21:45:00+0200,401.666666,MW,DK1,DK_1,forecast_offshore_wind_generation,Wind Offshore,2026-08-11T08:00:34Z
2026-08-11T07:56:44Z,2026-08-11T09:56:44+0200,58a750df-313e-448a-89dd-c0365ec5f82d,2026-08-03T20:00:00Z,2026-08-03T22:00:00+0200,416.0,MW,DK1,DK_1,forecast_offshore_wind_generation,Wind Offshore,2026-08-11T08:00:34Z
2026-08-11T07:56:44Z,2026-08-11T09:56:44+0200,58a750df-313e-448a-89dd-c0365ec5f82d,2026-08-03T20:15:00Z,2026-08-03T22:15:00+0200,431.0,MW,DK1,DK_1,forecast_offshore_wind_generation,Wind Offshore,2026-08-11T08:00:34Z
2026-08-11T07:56:44Z,2026-08-11T09:56:44+0200,58a750df-313e-448a-89dd-c0365ec5f82d,2026-08-03T20:30:00Z,2026-08-03T22:30:00+0200,445.833333,MW,DK1,DK_1,forecast_offshore_wind_generation,Wind Offshore,2026-08-11T08:00:34Z
2026-08-11T07:56:44Z,2026-08-11T09:56:44+0200,58a750df-313e-448a-89dd-c0365ec5f82d,2026-08-03T20:45:00Z,2026-08-03T22:45:00+0200,457.166666,MW,DK1,DK_1,forecast_offshore_wind_generation,Wind Offshore,2026-08-11T08:00:34Z
2026-08-11T07:56:44Z,2026-08-11T09:56:44+0200,58a750df-313e-448a-89dd-c0365ec5f82d,2026-08-03T21:00:00Z,2026-08-03T23:00:00+0200,463.166666,MW,DK1,DK_1,forecast_offshore_wind_generation,Wind Offshore,2026-08-11T08:00:34Z
2026-08-11T07:56:44Z,2026-08-11T09:56:44+0200,58a750df-313e-448a-89dd-c0365ec5f82d,2026-08-03T21:15:00Z,2026-08-03T23:15:00+0200,469.166666,MW,DK1,DK_1,forecast_offshore_wind_generation,Wind Offshore,2026-08-11T08:00:34Z
2026-08-11T07:56:44Z,2026-08-11T09:56:44+0200,58a750df-313e-448a-89dd-c0365ec5f82d,2026-08-03T21:30:00Z,2026-08-03T23:30:00+0200,476.0,MW,DK1,DK_1,forecast_offshore_wind_generation,Wind Offshore,2026-08-11T08:00:34Z
2026-08-11T07:56:44Z,2026-08-11T09:56:44+0200,58a750df-313e-448a-89dd-c0365ec5f82d,2026-08-03T21:45:00Z,2026-08-03T23:45:00+0200,481.5,MW,DK1,DK_1,forecast_offshore_wind_generation,Wind Offshore,2026-08-11T08:00:34Z
2026-08-11T07:56:44Z,2026-08-11T09:56:44+0200,58a750df-313e-448a-89dd-c0365ec5f82d,2026-08-03T22:00:00Z,2026-08-04T00:00:00+0200,458.0,MW,DK1,DK_1,forecast_offshore_wind_generation,Wind Offshore,2026-08-11T08:00:34Z
2026-08-11T07:56:44Z,2026-08-11T09:56:44+0200,58a750df-313e-448a-89dd-c0365ec5f82d,2026-08-03T22:15:00Z,2026-08-04T00:15:00+0200,462.833333,MW,DK1,DK_1,forecast_offshore_wind_generation,Wind Offshore,2026-08-11T08:00:34Z
2026-08-11T07:56:44Z,2026-08-11T09:56:44+0200,58a750df-313e-448a-89dd-c0365ec5f82d,2026-08-03T22:30:00Z,2026-08-04T00:30:00+0200,467.5,MW,DK1,DK_1,forecast_offshore_wind_generation,Wind Offshore,2026-08-11T08:00:34Z
2026-08-11T07:56:44Z,2026-08-11T09:56:44+0200,58a750df-313e-448a-89dd-c0365ec5f82d,2026-08-03T22:45:00Z,2026-08-04T00:45:00+0200,472.166666,MW,DK1,DK_1,forecast_offshore_wind_generation,Wind Offshore,2026-08-11T08:00:34Z
2026-08-11T07:56:44Z,2026-08-11T09:56:44+0200,58a750df-313e-448a-89dd-c0365ec5f82d,2026-08-03T23:00:00Z,2026-08-04T01:00:00+0200,478.166666,MW,DK1,DK_1,forecast_offshore_wind_generation,Wind Offshore,2026-08-11T08:00:34Z
2026-08-11T07:56:44Z,2026-08-11T09:56:44+0200,58a750df-313e-448a-89dd-c0365ec5f82d,2026-08-03T23:15:00Z,2026-08-04T01:15:00+0200,487.5,MW,DK1,DK_1,forecast_offshore_wind_generation,Wind Offshore,2026-08-11T08:00:34Z
2026-08-11T07:56:44Z,2026-08-11T09:56:44+0200,58a750df-313e-448a-89dd-c0365ec5f82d,2026-08-03T23:30:00Z,2026-08-04T01:30:00+0200,498.333333,MW,DK1,DK_1,forecast_offshore_wind_generation,Wind Offshore,2026-08-11T08:00:34Z
2026-08-11T07:56:44Z,2026-08-11T09:56:44+0200,58a750df-313e-448a-89dd-c0365ec5f82d,2026-08-03T23:45:00Z,2026-08-04T01:45:00+0200,507.166666,MW,DK1,DK_1,forecast_offshore_wind_generation,Wind Offshore,2026-08-11T08:00:34Z
2026-08-11T07:56:44Z,2026-08-11T09:56:44+0200,58a750df-313e-448a-89dd-c0365ec5f82d,2026-08-04T00:00:00Z,2026-08-04T02:00:00+0200,512.333333,MW,DK1,DK_1,forecast_offshore_wind_generation,Wind Offshore,2026-08-11T08:00:34Z
2026-08-11T07:56:44Z,2026-08-11T09:56:44+0200,58a750df-313e-448a-89dd-c0365ec5f82d,2026-08-04T00:15:00Z,2026-08-04T02:15:00+0200,514.666666,MW,DK1,DK_1,forecast_offshore_wind_generation,Wind Offshore,2026-08-11T08:00:34Z
2026-08-11T07:56:44Z,2026-08-11T09:56:44+0200,58a750df-313e-448a-89dd-c0365ec5f82d,2026-08-04T00:30:00Z,2026-08-04T02:30:00+0200,517.0,MW,DK1,DK_1,forecast_offshore_wind_generation,Wind Offshore,2026-08-11T08:00:34Z
2026-08-11T07:56:44Z,2026-08-11T09:56:44+0200,58a750df-313e-448a-89dd-c0365ec5f82d,2026-08-04T00:45:00Z,2026-08-04T02:45:00+0200,520.0,MW,DK1,DK_1,forecast_offshore_wind_generation,Wind Offshore,2026-08-11T08:00:34Z
2026-08-11T07:56:44Z,2026-08-11T09:56:44+0200,58a750df-313e-448a-89dd-c0365ec5f82d,2026-08-04T01:00:00Z,2026-08-04T03:00:00+0200,526.0,MW,DK1,DK_1,forecast_offshore_wind_generation,Wind Offshore,2026-08-11T08:00:34Z
2026-08-11T07:56:44Z,2026-08-11T09:56:44+0200,58a750df-313e-448a-89dd-c0365ec5f82d,2026-08-04T01:15:00Z,2026-08-04T03:15:00+0200,535.0,MW,DK1,DK_1,forecast_offshore_wind_generation,Wind Offshore,2026-08-11T08:00:34Z
2026-08-11T07:56:44Z,2026-08-11T09:56:44+0200,58a750df-313e-448a-89dd-c0365ec5f82d,2026-08-04T01:30:00Z,2026-08-04T03:30:00+0200,545.333333,MW,DK1,DK_1,forecast_offshore_wind_generation,Wind Offshore,2026-08-11T08:00:34Z
2026-08-11T07:56:44Z,2026-08-11T09:56:44+0200,58a750df-313e-448a-89dd-c0365ec5f82d,2026-08-04T01:45:00Z,2026-08-04T03:45:00+0200,554.833333,MW,DK1,DK_1,forecast_offshore_wind_generation,Wind Offshore,2026-08-11T08:00:34Z
2026-08-11T07:56:44Z,2026-08-11T09:56:44+0200,58a750df-313e-448a-89dd-c0365ec5f82d,2026-08-04T02:00:00Z,2026-08-04T04:00:00+0200,562.0,MW,DK1,DK_1,forecast_offshore_wind_generation,Wind Offshore,2026-08-11T08:00:34Z
2026-08-11T07:56:44Z,2026-08-11T09:56:44+0200,58a750df-313e-448a-89dd-c0365ec5f82d,2026-08-04T02:15:00Z,2026-08-04T04:15:00+0200,568.833333,MW,DK1,DK_1,forecast_offshore_wind_generation,Wind Offshore,2026-08-11T08:00:34Z
2026-08-11T07:56:44Z,2026-08-11T09:56:44+0200,58a750df-313e-448a-89dd-c0365ec5f82d,2026-08-04T02:30:00Z,2026-08-04T04:30:00+0200,576.0,MW,DK1,DK_1,forecast_offshore_wind_generation,Wind Offshore,2026-08-11T08:00:34Z
2026-08-11T07:56:44Z,2026-08-11T09:56:44+0200,58a750df-313e-448a-89dd-c0365ec5f82d,2026-08-04T02:45:00Z,2026-08-04T04:45:00+0200,586.666666,MW,DK1,DK_1,forecast_offshore_wind_generation,Wind Offshore,2026-08-11T08:00:34Z
2026-08-11T07:56:44Z,2026-08-11T09:56:44+0200,58a750df-313e-448a-89dd-c0365ec5f82d,2026-08-04T03:00:00Z,2026-08-04T05:00:00+0200,599.5,MW,DK1,DK_1,forecast_offshore_wind_generation,Wind Offshore,2026-08-11T08:00:34Z
2026-08-11T07:56:44Z,2026-08-11T09:56:44+0200,58a750df-313e-448a-89dd-c0365ec5f82d,2026-08-04T03:15:00Z,2026-08-04T05:15:00+0200,614.666666,MW,DK1,DK_1,forecast_offshore_wind_generation,Wind Offshore,2026-08-11T08:00:34Z
2026-08-11T07:56:44Z,2026-08-11T09:56:44+0200,58a750df-313e-448a-89dd-c0365ec5f82d,2026-08-04T03:30:00Z,2026-08-04T05:30:00+0200,631.5,MW,DK1,DK_1,forecast_offshore_wind_generation,Wind Offshore,2026-08-11T08:00:34Z
2026-08-11T07:56:44Z,2026-08-11T09:56:44+0200,58a750df-313e-448a-89dd-c0365ec5f82d,2026-08-04T03:45:00Z,2026-08-04T05:45:00+0200,649.0,MW,DK1,DK_1,forecast_offshore_wind_generation,Wind Offshore,2026-08-11T08:00:34Z
2026-08-11T07:56:44Z,2026-08-11T09:56:44+0200,58a750df-313e-448a-89dd-c0365ec5f82d,2026-08-04T04:00:00Z,2026-08-04T06:00:00+0200,665.5,MW,DK1,DK_1,forecast_offshore_wind_generation,Wind Offshore,2026-08-11T08:00:34Z
2026-08-11T07:56:44Z,2026-08-11T09:56:44+0200,58a750df-313e-448a-89dd-c0365ec5f82d,2026-08-04T04:15:00Z,2026-08-04T06:15:00+0200,680.0,MW,DK1,DK_1,forecast_offshore_wind_generation,Wind Offshore,2026-08-11T08:00:34Z
2026-08-11T07:56:44Z,2026-08-11T09:56:44+0200,58a750df-313e-448a-89dd-c0365ec5f82d,2026-08-04T04:30:00Z,2026-08-04T06:30:00+0200,692.833333,MW,DK1,DK_1,forecast_offshore_wind_generation,Wind Offshore,2026-08-11T08:00:34Z
2026-08-11T07:56:44Z,2026-08-11T09:56:44+0200,58a750df-313e-448a-89dd-c0365ec5f82d,2026-08-04T04:45:00Z,2026-08-04T06:45:00+0200,702.333333,MW,DK1,DK_1,forecast_offshore_wind_generation,Wind Offshore,2026-08-11T08:00:34Z
2026-08-11T07:56:44Z,2026-08-11T09:56:44+0200,58a750df-313e-448a-89dd-c0365ec5f82d,2026-08-04T05:00:00Z,2026-08-04T07:00:00+0200,709.0,MW,DK1,DK_1,forecast_offshore_wind_generation,Wind Offshore,2026-08-11T08:00:34Z
2026-08-11T07:56:44Z,2026-08-11T09:56:44+0200,58a750df-313e-448a-89dd-c0365ec5f82d,2026-08-04T05:15:00Z,2026-08-04T07:15:00+0200,712.833333,MW,DK1,DK_1,forecast_offshore_wind_generation,Wind Offshore,2026-08-11T08:00:34Z
2026-08-11T07:56:44Z,2026-08-11T09:56:44+0200,58a750df-313e-448a-89dd-c0365ec5f82d,2026-08-04T05:30:00Z,2026-08-04T07:30:00+0200,708.5,MW,DK1,DK_1,forecast_offshore_wind_generation,Wind Offshore,2026-08-11T08:00:34Z
2026-08-11T07:56:44Z,2026-08-11T09:56:44+0200,58a750df-313e-448a-89dd-c0365ec5f82d,2026-08-04T05:45:00Z,2026-08-04T07:45:00+0200,700.333333,MW,DK1,DK_1,forecast_offshore_wind_generation,Wind Offshore,2026-08-11T08:00:34Z
2026-08-11T07:56:44Z,2026-08-11T09:56:44+0200,58a750df-313e-448a-89dd-c0365ec5f82d,2026-08-04T06:00:00Z,2026-08-04T08:00:00+0200,697.166666,MW,DK1,DK_1,forecast_offshore_wind_generation,Wind Offshore,2026-08-11T08:00:34Z
2026-08-11T07:56:44Z,2026-08-11T09:56:44+0200,58a750df-313e-448a-89dd-c0365ec5f82d,2026-08-04T06:15:00Z,2026-08-04T08:15:00+0200,697.0,MW,DK1,DK_1,forecast_offshore_wind_generation,Wind Offshore,2026-08-11T08:00:34Z
2026-08-11T07:56:44Z,2026-08-11T09:56:44+0200,58a750df-313e-448a-89dd-c0365ec5f82d,2026-08-04T06:30:00Z,2026-08-04T08:30:00+0200,698.333333,MW,DK1,DK_1,forecast_offshore_wind_generation,Wind Offshore,2026-08-11T08:00:34Z
2026-08-11T07:56:44Z,2026-08-11T09:56:44+0200,58a750df-313e-448a-89dd-c0365ec5f82d,2026-08-04T06:45:00Z,2026-08-04T08:45:00+0200,699.833333,MW,DK1,DK_1,forecast_offshore_wind_generation,Wind Offshore,2026-08-11T08:00:34Z
2026-08-11T07:56:44Z,2026-08-11T09:56:44+0200,58a750df-313e-448a-89dd-c0365ec5f82d,2026-08-04T07:00:00Z,2026-08-04T09:00:00+0200,700.166666,MW,DK1,DK_1,forecast_offshore_wind_generation,Wind Offshore,2026-08-11T08:00:34Z
2026-08-11T07:56:44Z,2026-08-11T09:56:44+0200,58a750df-313e-448a-89dd-c0365ec5f82d,2026-08-04T07:15:00Z,2026-08-04T09:15:00+0200,701.5,MW,DK1,DK_1,forecast_offshore_wind_generation,Wind Offshore,2026-08-11T08:00:34Z
2026-08-11T07:56:44Z,2026-08-11T09:56:44+0200,58a750df-313e-448a-89dd-c0365ec5f82d,2026-08-04T07:30:00Z,2026-08-04T09:30:00+0200,702.0,MW,DK1,DK_1,forecast_offshore_wind_generation,Wind Offshore,2026-08-11T08:00:34Z
2026-08-11T07:56:44Z,2026-08-11T09:56:44+0200,58a750df-313e-448a-89dd-c0365ec5f82d,2026-08-04T07:45:00Z,2026-08-04T09:45:00+0200,702.0,MW,DK1,DK_1,forecast_offshore_wind_generation,Wind Offshore,2026-08-11T08:00:34Z
2026-08-11T07:56:44Z,2026-08-11T09:56:44+0200,58a750df-313e-448a-89dd-c0365ec5f82d,2026-08-04T08:00:00Z,2026-08-04T10:00:00+0200,702.0,MW,DK1,DK_1,forecast_offshore_wind_generation,Wind Offshore,2026-08-11T08:00:34Z
2026-08-11T07:56:44Z,2026-08-11T09:56:44+0200,58a750df-313e-448a-89dd-c0365ec5f82d,2026-08-04T08:15:00Z,2026-08-04T10:15:00+0200,702.666666,MW,DK1,DK_1,forecast_offshore_wind_generation,Wind Offshore,2026-08-11T08:00:34Z
2026-08-11T07:56:44Z,2026-08-11T09:56:44+0200,58a750df-313e-448a-89dd-c0365ec5f82d,2026-08-04T08:30:00Z,2026-08-04T10:30:00+0200,704.5,MW,DK1,DK_1,forecast_offshore_wind_generation,Wind Offshore,2026-08-11T08:00:34Z
2026-08-11T07:56:44Z,2026-08-11T09:56:44+0200,58a750df-313e-448a-89dd-c0365ec5f82d,2026-08-04T08:45:00Z,2026-08-04T10:45:00+0200,706.0,MW,DK1,DK_1,forecast_offshore_wind_generation,Wind Offshore,2026-08-11T08:00:34Z
2026-08-11T07:56:44Z,2026-08-11T09:56:44+0200,58a750df-313e-448a-89dd-c0365ec5f82d,2026-08-04T09:00:00Z,2026-08-04T11:00:00+0200,709.833333,MW,DK1,DK_1,forecast_offshore_wind_generation,Wind Offshore,2026-08-11T08:00:34Z
2026-08-11T07:56:44Z,2026-08-11T09:56:44+0200,58a750df-313e-448a-89dd-c0365ec5f82d,2026-08-04T09:15:00Z,2026-08-04T11:15:00+0200,720.0,MW,DK1,DK_1,forecast_offshore_wind_generation,Wind Offshore,2026-08-11T08:00:34Z
2026-08-11T07:56:44Z,2026-08-11T09:56:44+0200,58a750df-313e-448a-89dd-c0365ec5f82d,2026-08-04T09:30:00Z,2026-08-04T11:30:00+0200,731.166666,MW,DK1,DK_1,forecast_offshore_wind_generation,Wind Offshore,2026-08-11T08:00:34Z
2026-08-11T07:56:44Z,2026-08-11T09:56:44+0200,58a750df-313e-448a-89dd-c0365ec5f82d,2026-08-04T09:45:00Z,2026-08-04T11:45:00+0200,736.333333,MW,DK1,DK_1,forecast_offshore_wind_generation,Wind Offshore,2026-08-11T08:00:34Z
2026-08-11T07:56:44Z,2026-08-11T09:56:44+0200,58a750df-313e-448a-89dd-c0365ec5f82d,2026-08-04T10:00:00Z,2026-08-04T12:00:00+0200,736.166666,MW,DK1,DK_1,forecast_offshore_wind_generation,Wind Offshore,2026-08-11T08:00:34Z
2026-08-11T07:56:44Z,2026-08-11T09:56:44+0200,58a750df-313e-448a-89dd-c0365ec5f82d,2026-08-04T10:15:00Z,2026-08-04T12:15:00+0200,735.5,MW,DK1,DK_1,forecast_offshore_wind_generation,Wind Offshore,2026-08-11T08:00:34Z
2026-08-11T07:56:44Z,2026-08-11T09:56:44+0200,58a750df-313e-448a-89dd-c0365ec5f82d,2026-08-04T10:30:00Z,2026-08-04T12:30:00+0200,733.666666,MW,DK1,DK_1,forecast_offshore_wind_generation,Wind Offshore,2026-08-11T08:00:34Z
2026-08-11T07:56:44Z,2026-08-11T09:56:44+0200,58a750df-313e-448a-89dd-c0365ec5f82d,2026-08-04T10:45:00Z,2026-08-04T12:45:00+0200,731.5,MW,DK1,DK_1,forecast_offshore_wind_generation,Wind Offshore,2026-08-11T08:00:34Z
2026-08-11T07:56:44Z,2026-08-11T09:56:44+0200,58a750df-313e-448a-89dd-c0365ec5f82d,2026-08-04T11:00:00Z,2026-08-04T13:00:00+0200,727.5,MW,DK1,DK_1,forecast_offshore_wind_generation,Wind Offshore,2026-08-11T08:00:34Z
2026-08-11T07:56:44Z,2026-08-11T09:56:44+0200,58a750df-313e-448a-89dd-c0365ec5f82d,2026-08-04T11:15:00Z,2026-08-04T13:15:00+0200,722.0,MW,DK1,DK_1,forecast_offshore_wind_generation,Wind Offshore,2026-08-11T08:00:34Z
2026-08-11T07:56:44Z,2026-08-11T09:56:44+0200,58a750df-313e-448a-89dd-c0365ec5f82d,2026-08-04T11:30:00Z,2026-08-04T13:30:00+0200,715.0,MW,DK1,DK_1,forecast_offshore_wind_generation,Wind Offshore,2026-08-11T08:00:34Z
2026-08-11T07:56:44Z,2026-08-11T09:56:44+0200,58a750df-313e-448a-89dd-c0365ec5f82d,2026-08-04T11:45:00Z,2026-08-04T13:45:00+0200,707.5,MW,DK1,DK_1,forecast_offshore_wind_generation,Wind Offshore,2026-08-11T08:00:34Z
2026-08-11T07:56:44Z,2026-08-11T09:56:44+0200,58a750df-313e-448a-89dd-c0365ec5f82d,2026-08-04T12:00:00Z,2026-08-04T14:00:00+0200,700.166666,MW,DK1,DK_1,forecast_offshore_wind_generation,Wind Offshore,2026-08-11T08:00:34Z
2026-08-11T07:56:44Z,2026-08-11T09:56:44+0200,58a750df-313e-448a-89dd-c0365ec5f82d,2026-08-04T12:15:00Z,2026-08-04T14:15:00+0200,688.333333,MW,DK1,DK_1,forecast_offshore_wind_generation,Wind Offshore,2026-08-11T08:00:34Z
2026-08-11T07:56:44Z,2026-08-11T09:56:44+0200,58a750df-313e-448a-89dd-c0365ec5f82d,2026-08-04T12:30:00Z,2026-08-04T14:30:00+0200,673.5,MW,DK1,DK_1,forecast_offshore_wind_generation,Wind Offshore,2026-08-11T08:00:34Z
2026-08-11T07:56:44Z,2026-08-11T09:56:44+0200,58a750df-313e-448a-89dd-c0365ec5f82d,2026-08-04T12:45:00Z,2026-08-04T14:45:00+0200,659.166666,MW,DK1,DK_1,forecast_offshore_wind_generation,Wind Offshore,2026-08-11T08:00:34Z
2026-08-11T07:56:44Z,2026-08-11T09:56:44+0200,58a750df-313e-448a-89dd-c0365ec5f82d,2026-08-04T13:00:00Z,2026-08-04T15:00:00+0200,646.166666,MW,DK1,DK_1,forecast_offshore_wind_generation,Wind Offshore,2026-08-11T08:00:34Z
2026-08-11T07:56:44Z,2026-08-11T09:56:44+0200,58a750df-313e-448a-89dd-c0365ec5f82d,2026-08-04T13:15:00Z,2026-08-04T15:15:00+0200,630.0,MW,DK1,DK_1,forecast_offshore_wind_generation,Wind Offshore,2026-08-11T08:00:34Z
2026-08-11T07:56:44Z,2026-08-11T09:56:44+0200,58a750df-313e-448a-89dd-c0365ec5f82d,2026-08-04T13:30:00Z,2026-08-04T15:30:00+0200,613.5,MW,DK1,DK_1,forecast_offshore_wind_generation,Wind Offshore,2026-08-11T08:00:34Z
2026-08-11T07:56:44Z,2026-08-11T09:56:44+0200,58a750df-313e-448a-89dd-c0365ec5f82d,2026-08-04T13:45:00Z,2026-08-04T15:45:00+0200,599.333333,MW,DK1,DK_1,forecast_offshore_wind_generation,Wind Offshore,2026-08-11T08:00:34Z
2026-08-11T07:56:44Z,2026-08-11T09:56:44+0200,58a750df-313e-448a-89dd-c0365ec5f82d,2026-08-04T14:00:00Z,2026-08-04T16:00:00+0200,594.0,MW,DK1,DK_1,forecast_offshore_wind_generation,Wind Offshore,2026-08-11T08:00:34Z
2026-08-11T07:56:44Z,2026-08-11T09:56:44+0200,58a750df-313e-448a-89dd-c0365ec5f82d,2026-08-04T14:15:00Z,2026-08-04T16:15:00+0200,598.166666,MW,DK1,DK_1,forecast_offshore_wind_generation,Wind Offshore,2026-08-11T08:00:34Z
2026-08-11T07:56:44Z,2026-08-11T09:56:44+0200,58a750df-313e-448a-89dd-c0365ec5f82d,2026-08-04T14:30:00Z,2026-08-04T16:30:00+0200,603.0,MW,DK1,DK_1,forecast_offshore_wind_generation,Wind Offshore,2026-08-11T08:00:34Z
2026-08-11T07:56:44Z,2026-08-11T09:56:44+0200,58a750df-313e-448a-89dd-c0365ec5f82d,2026-08-04T14:45:00Z,2026-08-04T16:45:00+0200,599.833333,MW,DK1,DK_1,forecast_offshore_wind_generation,Wind Offshore,2026-08-11T08:00:34Z
2026-08-11T07:56:44Z,2026-08-11T09:56:44+0200,58a750df-313e-448a-89dd-c0365ec5f82d,2026-08-04T15:00:00Z,2026-08-04T17:00:00+0200,591.5,MW,DK1,DK_1,forecast_offshore_wind_generation,Wind Offshore,2026-08-11T08:00:34Z
2026-08-11T07:56:44Z,2026-08-11T09:56:44+0200,58a750df-313e-448a-89dd-c0365ec5f82d,2026-08-04T15:15:00Z,2026-08-04T17:15:00+0200,579.333333,MW,DK1,DK_1,forecast_offshore_wind_generation,Wind Offshore,2026-08-11T08:00:34Z
2026-08-11T07:56:44Z,2026-08-11T09:56:44+0200,58a750df-313e-448a-89dd-c0365ec5f82d,2026-08-04T15:30:00Z,2026-08-04T17:30:00+0200,564.5,MW,DK1,DK_1,forecast_offshore_wind_generation,Wind Offshore,2026-08-11T08:00:34Z
2026-08-11T07:56:44Z,2026-08-11T09:56:44+0200,58a750df-313e-448a-89dd-c0365ec5f82d,2026-08-04T15:45:00Z,2026-08-04T17:45:00+0200,549.5,MW,DK1,DK_1,forecast_offshore_wind_generation,Wind Offshore,2026-08-11T08:00:34Z
2026-08-11T07:56:44Z,2026-08-11T09:56:44+0200,58a750df-313e-448a-89dd-c0365ec5f82d,2026-08-04T16:00:00Z,2026-08-04T18:00:00+0200,535.333333,MW,DK1,DK_1,forecast_offshore_wind_generation,Wind Offshore,2026-08-11T08:00:34Z
2026-08-11T07:56:44Z,2026-08-11T09:56:44+0200,58a750df-313e-448a-89dd-c0365ec5f82d,2026-08-04T16:15:00Z,2026-08-04T18:15:00+0200,519.833333,MW,DK1,DK_1,forecast_offshore_wind_generation,Wind Offshore,2026-08-11T08:00:34Z
2026-08-11T07:56:44Z,2026-08-11T09:56:44+0200,58a750df-313e-448a-89dd-c0365ec5f82d,2026-08-04T16:30:00Z,2026-08-04T18:30:00+0200,501.166666,MW,DK1,DK_1,forecast_offshore_wind_generation,Wind Offshore,2026-08-11T08:00:34Z
2026-08-11T07:56:44Z,2026-08-11T09:56:44+0200,58a750df-313e-448a-89dd-c0365ec5f82d,2026-08-04T16:45:00Z,2026-08-04T18:45:00+0200,484.0,MW,DK1,DK_1,forecast_offshore_wind_generation,Wind Offshore,2026-08-11T08:00:34Z
2026-08-11T07:56:44Z,2026-08-11T09:56:44+0200,58a750df-313e-448a-89dd-c0365ec5f82d,2026-08-04T17:00:00Z,2026-08-04T19:00:00+0200,466.333333,MW,DK1,DK_1,forecast_offshore_wind_generation,Wind Offshore,2026-08-11T08:00:34Z
2026-08-11T07:56:44Z,2026-08-11T09:56:44+0200,58a750df-313e-448a-89dd-c0365ec5f82d,2026-08-04T17:15:00Z,2026-08-04T19:15:00+0200,441.166666,MW,DK1,DK_1,forecast_offshore_wind_generation,Wind Offshore,2026-08-11T08:00:34Z
2026-08-11T07:56:44Z,2026-08-11T09:56:44+0200,58a750df-313e-448a-89dd-c0365ec5f82d,2026-08-04T17:30:00Z,2026-08-04T19:30:00+0200,414.5,MW,DK1,DK_1,forecast_offshore_wind_generation,Wind Offshore,2026-08-11T08:00:34Z
2026-08-11T07:56:44Z,2026-08-11T09:56:44+0200,58a750df-313e-448a-89dd-c0365ec5f82d,2026-08-04T17:45:00Z,2026-08-04T19:45:00+0200,392.166666,MW,DK1,DK_1,forecast_offshore_wind_generation,Wind Offshore,2026-08-11T08:00:34Z
2026-08-11T07:56:44Z,2026-08-11T09:56:44+0200,58a750df-313e-448a-89dd-c0365ec5f82d,2026-08-04T18:00:00Z,2026-08-04T20:00:00+0200,380.833333,MW,DK1,DK_1,forecast_offshore_wind_generation,Wind Offshore,2026-08-11T08:00:34Z
2026-08-11T07:56:44Z,2026-08-11T09:56:44+0200,58a750df-313e-448a-89dd-c0365ec5f82d,2026-08-04T18:15:00Z,2026-08-04T20:15:00+0200,377.333333,MW,DK1,DK_1,forecast_offshore_wind_generation,Wind Offshore,2026-08-11T08:00:34Z
2026-08-11T07:56:44Z,2026-08-11T09:56:44+0200,58a750df-313e-448a-89dd-c0365ec5f82d,2026-08-04T18:30:00Z,2026-08-04T20:30:00+0200,381.666666,MW,DK1,DK_1,forecast_offshore_wind_generation,Wind Offshore,2026-08-11T08:00:34Z
2026-08-11T07:56:44Z,2026-08-11T09:56:44+0200,58a750df-313e-448a-89dd-c0365ec5f82d,2026-08-04T18:45:00Z,2026-08-04T20:45:00+0200,391.0,MW,DK1,DK_1,forecast_offshore_wind_generation,Wind Offshore,2026-08-11T08:00:34Z
2026-08-11T07:56:44Z,2026-08-11T09:56:44+0200,58a750df-313e-448a-89dd-c0365ec5f82d,2026-08-04T19:00:00Z,2026-08-04T21:00:00+0200,405.0,MW,DK1,DK_1,forecast_offshore_wind_generation,Wind Offshore,2026-08-11T08:00:34Z
2026-08-11T07:56:44Z,2026-08-11T09:56:44+0200,58a750df-313e-448a-89dd-c0365ec5f82d,2026-08-04T19:15:00Z,2026-08-04T21:15:00+0200,429.666666,MW,DK1,DK_1,forecast_offshore_wind_generation,Wind Offshore,2026-08-11T08:00:34Z
2026-08-11T07:56:44Z,2026-08-11T09:56:44+0200,58a750df-313e-448a-89dd-c0365ec5f82d,2026-08-04T19:30:00Z,2026-08-04T21:30:00+0200,459.333333,MW,DK1,DK_1,forecast_offshore_wind_generation,Wind Offshore,2026-08-11T08:00:34Z
2026-08-11T07:56:44Z,2026-08-11T09:56:44+0200,58a750df-313e-448a-89dd-c0365ec5f82d,2026-08-04T19:45:00Z,2026-08-04T21:45:00+0200,484.5,MW,DK1,DK_1,forecast_offshore_wind_generation,Wind Offshore,2026-08-11T08:00:34Z
2026-08-11T07:56:44Z,2026-08-11T09:56:44+0200,58a750df-313e-448a-89dd-c0365ec5f82d,2026-08-04T20:00:00Z,2026-08-04T22:00:00+0200,501.0,MW,DK1,DK_1,forecast_offshore_wind_generation,Wind Offshore,2026-08-11T08:00:34Z
2026-08-11T07:56:44Z,2026-08-11T09:56:44+0200,58a750df-313e-448a-89dd-c0365ec5f82d,2026-08-04T20:15:00Z,2026-08-04T22:15:00+0200,517.333333,MW,DK1,DK_1,forecast_offshore_wind_generation,Wind Offshore,2026-08-11T08:00:34Z
2026-08-11T07:56:44Z,2026-08-11T09:56:44+0200,58a750df-313e-448a-89dd-c0365ec5f82d,2026-08-04T20:30:00Z,2026-08-04T22:30:00+0200,531.666666,MW,DK1,DK_1,forecast_offshore_wind_generation,Wind Offshore,2026-08-11T08:00:34Z
2026-08-11T07:56:44Z,2026-08-11T09:56:44+0200,58a750df-313e-448a-89dd-c0365ec5f82d,2026-08-04T20:45:00Z,2026-08-04T22:45:00+0200,540.333333,MW,DK1,DK_1,forecast_offshore_wind_generation,Wind Offshore,2026-08-11T08:00:34Z
2026-08-11T07:56:44Z,2026-08-11T09:56:44+0200,58a750df-313e-448a-89dd-c0365ec5f82d,2026-08-04T21:00:00Z,2026-08-04T23:00:00+0200,543.666666,MW,DK1,DK_1,forecast_offshore_wind_generation,Wind Offshore,2026-08-11T08:00:34Z
2026-08-11T07:56:44Z,2026-08-11T09:56:44+0200,58a750df-313e-448a-89dd-c0365ec5f82d,2026-08-04T21:15:00Z,2026-08-04T23:15:00+0200,542.333333,MW,DK1,DK_1,forecast_offshore_wind_generation,Wind Offshore,2026-08-11T08:00:34Z
2026-08-11T07:56:44Z,2026-08-11T09:56:44+0200,58a750df-313e-448a-89dd-c0365ec5f82d,2026-08-04T21:30:00Z,2026-08-04T23:30:00+0200,540.0,MW,DK1,DK_1,forecast_offshore_wind_generation,Wind Offshore,2026-08-11T08:00:34Z
2026-08-11T07:56:44Z,2026-08-11T09:56:44+0200,58a750df-313e-448a-89dd-c0365ec5f82d,2026-08-04T21:45:00Z,2026-08-04T23:45:00+0200,539.166666,MW,DK1,DK_1,forecast_offshore_wind_generation,Wind Offshore,2026-08-11T08:00:34Z
2026-08-11T07:56:44Z,2026-08-11T09:56:44+0200,58a750df-313e-448a-89dd-c0365ec5f82d,2026-08-04T22:00:00Z,2026-08-05T00:00:00+0200,661.666666,MW,DK1,DK_1,forecast_offshore_wind_generation,Wind Offshore,2026-08-11T08:00:34Z
2026-08-11T07:56:44Z,2026-08-11T09:56:44+0200,58a750df-313e-448a-89dd-c0365ec5f82d,2026-08-04T22:15:00Z,2026-08-05T00:15:00+0200,662.833333,MW,DK1,DK_1,forecast_offshore_wind_generation,Wind Offshore,2026-08-11T08:00:34Z
2026-08-11T07:56:44Z,2026-08-11T09:56:44+0200,58a750df-313e-448a-89dd-c0365ec5f82d,2026-08-04T22:30:00Z,2026-08-05T00:30:00+0200,658.666666,MW,DK1,DK_1,forecast_offshore_wind_generation,Wind Offshore,2026-08-11T08:00:34Z
2026-08-11T07:56:44Z,2026-08-11T09:56:44+0200,58a750df-313e-448a-89dd-c0365ec5f82d,2026-08-04T22:45:00Z,2026-08-05T00:45:00+0200,648.0,MW,DK1,DK_1,forecast_offshore_wind_generation,Wind Offshore,2026-08-11T08:00:34Z
2026-08-11T07:56:44Z,2026-08-11T09:56:44+0200,58a750df-313e-448a-89dd-c0365ec5f82d,2026-08-04T23:00:00Z,2026-08-05T01:00:00+0200,633.5,MW,DK1,DK_1,forecast_offshore_wind_generation,Wind Offshore,2026-08-11T08:00:34Z
2026-08-11T07:56:44Z,2026-08-11T09:56:44+0200,58a750df-313e-448a-89dd-c0365ec5f82d,2026-08-04T23:15:00Z,2026-08-05T01:15:00+0200,611.666666,MW,DK1,DK_1,forecast_offshore_wind_generation,Wind Offshore,2026-08-11T08:00:34Z
2026-08-11T07:56:44Z,2026-08-11T09:56:44+0200,58a750df-313e-448a-89dd-c0365ec5f82d,2026-08-04T23:30:00Z,2026-08-05T01:30:00+0200,588.833333,MW,DK1,DK_1,forecast_offshore_wind_generation,Wind Offshore,2026-08-11T08:00:34Z
2026-08-11T07:56:44Z,2026-08-11T09:56:44+0200,58a750df-313e-448a-89dd-c0365ec5f82d,2026-08-04T23:45:00Z,2026-08-05T01:45:00+0200,575.5,MW,DK1,DK_1,forecast_offshore_wind_generation,Wind Offshore,2026-08-11T08:00:34Z
2026-08-11T07:56:44Z,2026-08-11T09:56:44+0200,58a750df-313e-448a-89dd-c0365ec5f82d,2026-08-05T00:00:00Z,2026-08-05T02:00:00+0200,577.5,MW,DK1,DK_1,forecast_offshore_wind_generation,Wind Offshore,2026-08-11T08:00:34Z
2026-08-11T07:56:44Z,2026-08-11T09:56:44+0200,58a750df-313e-448a-89dd-c0365ec5f82d,2026-08-05T00:15:00Z,2026-08-05T02:15:00+0200,596.166666,MW,DK1,DK_1,forecast_offshore_wind_generation,Wind Offshore,2026-08-11T08:00:34Z
2026-08-11T07:56:44Z,2026-08-11T09:56:44+0200,58a750df-313e-448a-89dd-c0365ec5f82d,2026-08-05T00:30:00Z,2026-08-05T02:30:00+0200,621.0,MW,DK1,DK_1,forecast_offshore_wind_generation,Wind Offshore,2026-08-11T08:00:34Z
2026-08-11T07:56:44Z,2026-08-11T09:56:44+0200,58a750df-313e-448a-89dd-c0365ec5f82d,2026-08-05T00:45:00Z,2026-08-05T02:45:00+0200,639.833333,MW,DK1,DK_1,forecast_offshore_wind_generation,Wind Offshore,2026-08-11T08:00:34Z
2026-08-11T07:56:44Z,2026-08-11T09:56:44+0200,58a750df-313e-448a-89dd-c0365ec5f82d,2026-08-05T01:00:00Z,2026-08-05T03:00:00+0200,636.833333,MW,DK1,DK_1,forecast_offshore_wind_generation,Wind Offshore,2026-08-11T08:00:34Z
2026-08-11T07:56:44Z,2026-08-11T09:56:44+0200,58a750df-313e-448a-89dd-c0365ec5f82d,2026-08-05T01:15:00Z,2026-08-05T03:15:00+0200,606.166666,MW,DK1,DK_1,forecast_offshore_wind_generation,Wind Offshore,2026-08-11T08:00:34Z
2026-08-11T07:56:44Z,2026-08-11T09:56:44+0200,58a750df-313e-448a-89dd-c0365ec5f82d,2026-08-05T01:30:00Z,2026-08-05T03:30:00+0200,567.166666,MW,DK1,DK_1,forecast_offshore_wind_generation,Wind Offshore,2026-08-11T08:00:34Z
2026-08-11T07:56:44Z,2026-08-11T09:56:44+0200,58a750df-313e-448a-89dd-c0365ec5f82d,2026-08-05T01:45:00Z,2026-08-05T03:45:00+0200,539.5,MW,DK1,DK_1,forecast_offshore_wind_generation,Wind Offshore,2026-08-11T08:00:34Z
2026-08-11T07:56:44Z,2026-08-11T09:56:44+0200,58a750df-313e-448a-89dd-c0365ec5f82d,2026-08-05T02:00:00Z,2026-08-05T04:00:00+0200,537.333333,MW,DK1,DK_1,forecast_offshore_wind_generation,Wind Offshore,2026-08-11T08:00:34Z
2026-08-11T07:56:44Z,2026-08-11T09:56:44+0200,58a750df-313e-448a-89dd-c0365ec5f82d,2026-08-05T02:15:00Z,2026-08-05T04:15:00+0200,551.666666,MW,DK1,DK_1,forecast_offshore_wind_generation,Wind Offshore,2026-08-11T08:00:34Z
2026-08-11T07:56:44Z,2026-08-11T09:56:44+0200,58a750df-313e-448a-89dd-c0365ec5f82d,2026-08-05T02:30:00Z,2026-08-05T04:30:00+0200,571.833333,MW,DK1,DK_1,forecast_offshore_wind_generation,Wind Offshore,2026-08-11T08:00:34Z
2026-08-11T07:56:44Z,2026-08-11T09:56:44+0200,58a750df-313e-448a-89dd-c0365ec5f82d,2026-08-05T02:45:00Z,2026-08-05T04:45:00+0200,586.166666,MW,DK1,DK_1,forecast_offshore_wind_generation,Wind Offshore,2026-08-11T08:00:34Z
2026-08-11T07:56:44Z,2026-08-11T09:56:44+0200,58a750df-313e-448a-89dd-c0365ec5f82d,2026-08-05T03:00:00Z,2026-08-05T05:00:00+0200,597.0,MW,DK1,DK_1,forecast_offshore_wind_generation,Wind Offshore,2026-08-11T08:00:34Z
2026-08-11T07:56:44Z,2026-08-11T09:56:44+0200,58a750df-313e-448a-89dd-c0365ec5f82d,2026-08-05T03:15:00Z,2026-08-05T05:15:00+0200,605.5,MW,DK1,DK_1,forecast_offshore_wind_generation,Wind Offshore,2026-08-11T08:00:34Z
2026-08-11T07:56:44Z,2026-08-11T09:56:44+0200,58a750df-313e-448a-89dd-c0365ec5f82d,2026-08-05T03:30:00Z,2026-08-05T05:30:00+0200,613.333333,MW,DK1,DK_1,forecast_offshore_wind_generation,Wind Offshore,2026-08-11T08:00:34Z
2026-08-11T07:56:44Z,2026-08-11T09:56:44+0200,58a750df-313e-448a-89dd-c0365ec5f82d,2026-08-05T03:45:00Z,2026-08-05T05:45:00+0200,621.666666,MW,DK1,DK_1,forecast_offshore_wind_generation,Wind Offshore,2026-08-11T08:00:34Z
2026-08-11T07:56:44Z,2026-08-11T09:56:44+0200,58a750df-313e-448a-89dd-c0365ec5f82d,2026-08-05T04:00:00Z,2026-08-05T06:00:00+0200,632.166666,MW,DK1,DK_1,forecast_offshore_wind_generation,Wind Offshore,2026-08-11T08:00:34Z
2026-08-11T07:56:44Z,2026-08-11T09:56:44+0200,58a750df-313e-448a-89dd-c0365ec5f82d,2026-08-05T04:15:00Z,2026-08-05T06:15:00+0200,644.0,MW,DK1,DK_1,forecast_offshore_wind_generation,Wind Offshore,2026-08-11T08:00:34Z
2026-08-11T07:56:44Z,2026-08-11T09:56:44+0200,58a750df-313e-448a-89dd-c0365ec5f82d,2026-08-05T04:30:00Z,2026-08-05T06:30:00+0200,657.5,MW,DK1,DK_1,forecast_offshore_wind_generation,Wind Offshore,2026-08-11T08:00:34Z
2026-08-11T07:56:44Z,2026-08-11T09:56:44+0200,58a750df-313e-448a-89dd-c0365ec5f82d,2026-08-05T04:45:00Z,2026-08-05T06:45:00+0200,671.5,MW,DK1,DK_1,forecast_offshore_wind_generation,Wind Offshore,2026-08-11T08:00:34Z
2026-08-11T07:56:44Z,2026-08-11T09:56:44+0200,58a750df-313e-448a-89dd-c0365ec5f82d,2026-08-05T05:00:00Z,2026-08-05T07:00:00+0200,685.666666,MW,DK1,DK_1,forecast_offshore_wind_generation,Wind Offshore,2026-08-11T08:00:34Z
2026-08-11T07:56:44Z,2026-08-11T09:56:44+0200,58a750df-313e-448a-89dd-c0365ec5f82d,2026-08-05T05:15:00Z,2026-08-05T07:15:00+0200,703.0,MW,DK1,DK_1,forecast_offshore_wind_generation,Wind Offshore,2026-08-11T08:00:34Z
2026-08-11T07:56:44Z,2026-08-11T09:56:44+0200,58a750df-313e-448a-89dd-c0365ec5f82d,2026-08-05T05:30:00Z,2026-08-05T07:30:00+0200,721.333333,MW,DK1,DK_1,forecast_offshore_wind_generation,Wind Offshore,2026-08-11T08:00:34Z
2026-08-11T07:56:44Z,2026-08-11T09:56:44+0200,58a750df-313e-448a-89dd-c0365ec5f82d,2026-08-05T05:45:00Z,2026-08-05T07:45:00+0200,736.833333,MW,DK1,DK_1,forecast_offshore_wind_generation,Wind Offshore,2026-08-11T08:00:34Z
2026-08-11T07:56:44Z,2026-08-11T09:56:44+0200,58a750df-313e-448a-89dd-c0365ec5f82d,2026-08-05T06:00:00Z,2026-08-05T08:00:00+0200,746.666666,MW,DK1,DK_1,forecast_offshore_wind_generation,Wind Offshore,2026-08-11T08:00:34Z
2026-08-11T07:56:44Z,2026-08-11T09:56:44+0200,58a750df-313e-448a-89dd-c0365ec5f82d,2026-08-05T06:15:00Z,2026-08-05T08:15:00+0200,755.333333,MW,DK1,DK_1,forecast_offshore_wind_generation,Wind Offshore,2026-08-11T08:00:34Z
2026-08-11T07:56:44Z,2026-08-11T09:56:44+0200,58a750df-313e-448a-89dd-c0365ec5f82d,2026-08-05T06:30:00Z,2026-08-05T08:30:00+0200,762.833333,MW,DK1,DK_1,forecast_offshore_wind_generation,Wind Offshore,2026-08-11T08:00:34Z
2026-08-11T07:56:44Z,2026-08-11T09:56:44+0200,58a750df-313e-448a-89dd-c0365ec5f82d,2026-08-05T06:45:00Z,2026-08-05T08:45:00+0200,767.5,MW,DK1,DK_1,forecast_offshore_wind_generation,Wind Offshore,2026-08-11T08:00:34Z
2026-08-11T07:56:44Z,2026-08-11T09:56:44+0200,58a750df-313e-448a-89dd-c0365ec5f82d,2026-08-05T07:00:00Z,2026-08-05T09:00:00+0200,768.166666,MW,DK1,DK_1,forecast_offshore_wind_generation,Wind Offshore,2026-08-11T08:00:34Z
2026-08-11T07:56:44Z,2026-08-11T09:56:44+0200,58a750df-313e-448a-89dd-c0365ec5f82d,2026-08-05T07:15:00Z,2026-08-05T09:15:00+0200,762.333333,MW,DK1,DK_1,forecast_offshore_wind_generation,Wind Offshore,2026-08-11T08:00:34Z
2026-08-11T07:56:44Z,2026-08-11T09:56:44+0200,58a750df-313e-448a-89dd-c0365ec5f82d,2026-08-05T07:30:00Z,2026-08-05T09:30:00+0200,754.166666,MW,DK1,DK_1,forecast_offshore_wind_generation,Wind Offshore,2026-08-11T08:00:34Z
2026-08-11T07:56:44Z,2026-08-11T09:56:44+0200,58a750df-313e-448a-89dd-c0365ec5f82d,2026-08-05T07:45:00Z,2026-08-05T09:45:00+0200,750.333333,MW,DK1,DK_1,forecast_offshore_wind_generation,Wind Offshore,2026-08-11T08:00:34Z
2026-08-11T07:56:44Z,2026-08-11T09:56:44+0200,58a750df-313e-448a-89dd-c0365ec5f82d,2026-08-05T08:00:00Z,2026-08-05T10:00:00+0200,755.333333,MW,DK1,DK_1,forecast_offshore_wind_generation,Wind Offshore,2026-08-11T08:00:34Z
2026-08-11T07:56:44Z,2026-08-11T09:56:44+0200,58a750df-313e-448a-89dd-c0365ec5f82d,2026-08-05T08:15:00Z,2026-08-05T10:15:00+0200,768.666666,MW,DK1,DK_1,forecast_offshore_wind_generation,Wind Offshore,2026-08-11T08:00:34Z
2026-08-11T07:56:44Z,2026-08-11T09:56:44+0200,58a750df-313e-448a-89dd-c0365ec5f82d,2026-08-05T08:30:00Z,2026-08-05T10:30:00+0200,785.166666,MW,DK1,DK_1,forecast_offshore_wind_generation,Wind Offshore,2026-08-11T08:00:34Z
2026-08-11T07:56:44Z,2026-08-11T09:56:44+0200,58a750df-313e-448a-89dd-c0365ec5f82d,2026-08-05T08:45:00Z,2026-08-05T10:45:00+0200,800.666666,MW,DK1,DK_1,forecast_offshore_wind_generation,Wind Offshore,2026-08-11T08:00:34Z
2026-08-11T07:56:44Z,2026-08-11T09:56:44+0200,58a750df-313e-448a-89dd-c0365ec5f82d,2026-08-05T09:00:00Z,2026-08-05T11:00:00+0200,811.0,MW,DK1,DK_1,forecast_offshore_wind_generation,Wind Offshore,2026-08-11T08:00:34Z
2026-08-11T07:56:44Z,2026-08-11T09:56:44+0200,58a750df-313e-448a-89dd-c0365ec5f82d,2026-08-05T09:15:00Z,2026-08-05T11:15:00+0200,821.333333,MW,DK1,DK_1,forecast_offshore_wind_generation,Wind Offshore,2026-08-11T08:00:34Z
2026-08-11T07:56:44Z,2026-08-11T09:56:44+0200,58a750df-313e-448a-89dd-c0365ec5f82d,2026-08-05T09:30:00Z,2026-08-05T11:30:00+0200,829.0,MW,DK1,DK_1,forecast_offshore_wind_generation,Wind Offshore,2026-08-11T08:00:34Z
2026-08-11T07:56:44Z,2026-08-11T09:56:44+0200,58a750df-313e-448a-89dd-c0365ec5f82d,2026-08-05T09:45:00Z,2026-08-05T11:45:00+0200,834.5,MW,DK1,DK_1,forecast_offshore_wind_generation,Wind Offshore,2026-08-11T08:00:34Z
2026-08-11T07:56:44Z,2026-08-11T09:56:44+0200,58a750df-313e-448a-89dd-c0365ec5f82d,2026-08-05T10:00:00Z,2026-08-05T12:00:00+0200,838.5,MW,DK1,DK_1,forecast_offshore_wind_generation,Wind Offshore,2026-08-11T08:00:34Z
2026-08-11T07:56:44Z,2026-08-11T09:56:44+0200,58a750df-313e-448a-89dd-c0365ec5f82d,2026-08-05T10:15:00Z,2026-08-05T12:15:00+0200,842.0,MW,DK1,DK_1,forecast_offshore_wind_generation,Wind Offshore,2026-08-11T08:00:34Z
2026-08-11T07:56:44Z,2026-08-11T09:56:44+0200,58a750df-313e-448a-89dd-c0365ec5f82d,2026-08-05T10:30:00Z,2026-08-05T12:30:00+0200,845.5,MW,DK1,DK_1,forecast_offshore_wind_generation,Wind Offshore,2026-08-11T08:00:34Z
2026-08-11T07:56:44Z,2026-08-11T09:56:44+0200,58a750df-313e-448a-89dd-c0365ec5f82d,2026-08-05T10:45:00Z,2026-08-05T12:45:00+0200,848.0,MW,DK1,DK_1,forecast_offshore_wind_generation,Wind Offshore,2026-08-11T08:00:34Z
2026-08-11T07:56:44Z,2026-08-11T09:56:44+0200,58a750df-313e-448a-89dd-c0365ec5f82d,2026-08-05T11:00:00Z,2026-08-05T13:00:00+0200,849.5,MW,DK1,DK_1,forecast_offshore_wind_generation,Wind Offshore,2026-08-11T08:00:34Z
2026-08-11T07:56:44Z,2026-08-11T09:56:44+0200,58a750df-313e-448a-89dd-c0365ec5f82d,2026-08-05T11:15:00Z,2026-08-05T13:15:00+0200,850.0,MW,DK1,DK_1,forecast_offshore_wind_generation,Wind Offshore,2026-08-11T08:00:34Z
2026-08-11T07:56:44Z,2026-08-11T09:56:44+0200,58a750df-313e-448a-89dd-c0365ec5f82d,2026-08-05T11:30:00Z,2026-08-05T13:30:00+0200,850.333333,MW,DK1,DK_1,forecast_offshore_wind_generation,Wind Offshore,2026-08-11T08:00:34Z
2026-08-11T07:56:44Z,2026-08-11T09:56:44+0200,58a750df-313e-448a-89dd-c0365ec5f82d,2026-08-05T11:45:00Z,2026-08-05T13:45:00+0200,850.0,MW,DK1,DK_1,forecast_offshore_wind_generation,Wind Offshore,2026-08-11T08:00:34Z
2026-08-11T07:56:44Z,2026-08-11T09:56:44+0200,58a750df-313e-448a-89dd-c0365ec5f82d,2026-08-05T12:00:00Z,2026-08-05T14:00:00+0200,849.833333,MW,DK1,DK_1,forecast_offshore_wind_generation,Wind Offshore,2026-08-11T08:00:34Z
2026-08-11T07:56:44Z,2026-08-11T09:56:44+0200,58a750df-313e-448a-89dd-c0365ec5f82d,2026-08-05T12:15:00Z,2026-08-05T14:15:00+0200,846.5,MW,DK1,DK_1,forecast_offshore_wind_generation,Wind Offshore,2026-08-11T08:00:34Z
2026-08-11T07:56:44Z,2026-08-11T09:56:44+0200,58a750df-313e-448a-89dd-c0365ec5f82d,2026-08-05T12:30:00Z,2026-08-05T14:30:00+0200,841.5,MW,DK1,DK_1,forecast_offshore_wind_generation,Wind Offshore,2026-08-11T08:00:34Z
2026-08-11T07:56:44Z,2026-08-11T09:56:44+0200,58a750df-313e-448a-89dd-c0365ec5f82d,2026-08-05T12:45:00Z,2026-08-05T14:45:00+0200,836.5,MW,DK1,DK_1,forecast_offshore_wind_generation,Wind Offshore,2026-08-11T08:00:34Z
2026-08-11T07:56:44Z,2026-08-11T09:56:44+0200,58a750df-313e-448a-89dd-c0365ec5f82d,2026-08-05T13:00:00Z,2026-08-05T15:00:00+0200,831.833333,MW,DK1,DK_1,forecast_offshore_wind_generation,Wind Offshore,2026-08-11T08:00:34Z
2026-08-11T07:56:44Z,2026-08-11T09:56:44+0200,58a750df-313e-448a-89dd-c0365ec5f82d,2026-08-05T13:15:00Z,2026-08-05T15:15:00+0200,824.833333,MW,DK1,DK_1,forecast_offshore_wind_generation,Wind Offshore,2026-08-11T08:00:34Z
2026-08-11T07:56:44Z,2026-08-11T09:56:44+0200,58a750df-313e-448a-89dd-c0365ec5f82d,2026-08-05T13:30:00Z,2026-08-05T15:30:00+0200,815.5,MW,DK1,DK_1,forecast_offshore_wind_generation,Wind Offshore,2026-08-11T08:00:34Z
2026-08-11T07:56:44Z,2026-08-11T09:56:44+0200,58a750df-313e-448a-89dd-c0365ec5f82d,2026-08-05T13:45:00Z,2026-08-05T15:45:00+0200,808.333333,MW,DK1,DK_1,forecast_offshore_wind_generation,Wind Offshore,2026-08-11T08:00:34Z
2026-08-11T07:56:44Z,2026-08-11T09:56:44+0200,58a750df-313e-448a-89dd-c0365ec5f82d,2026-08-05T14:00:00Z,2026-08-05T16:00:00+0200,807.666666,MW,DK1,DK_1,forecast_offshore_wind_generation,Wind Offshore,2026-08-11T08:00:34Z
2026-08-11T07:56:44Z,2026-08-11T09:56:44+0200,58a750df-313e-448a-89dd-c0365ec5f82d,2026-08-05T14:15:00Z,2026-08-05T16:15:00+0200,813.5,MW,DK1,DK_1,forecast_offshore_wind_generation,Wind Offshore,2026-08-11T08:00:34Z
2026-08-11T07:56:44Z,2026-08-11T09:56:44+0200,58a750df-313e-448a-89dd-c0365ec5f82d,2026-08-05T14:30:00Z,2026-08-05T16:30:00+0200,821.0,MW,DK1,DK_1,forecast_offshore_wind_generation,Wind Offshore,2026-08-11T08:00:34Z
2026-08-11T07:56:44Z,2026-08-11T09:56:44+0200,58a750df-313e-448a-89dd-c0365ec5f82d,2026-08-05T14:45:00Z,2026-08-05T16:45:00+0200,825.333333,MW,DK1,DK_1,forecast_offshore_wind_generation,Wind Offshore,2026-08-11T08:00:34Z
2026-08-11T07:56:44Z,2026-08-11T09:56:44+0200,58a750df-313e-448a-89dd-c0365ec5f82d,2026-08-05T15:00:00Z,2026-08-05T17:00:00+0200,823.833333,MW,DK1,DK_1,forecast_offshore_wind_generation,Wind Offshore,2026-08-11T08:00:34Z
2026-08-11T07:56:44Z,2026-08-11T09:56:44+0200,58a750df-313e-448a-89dd-c0365ec5f82d,2026-08-05T15:15:00Z,2026-08-05T17:15:00+0200,813.5,MW,DK1,DK_1,forecast_offshore_wind_generation,Wind Offshore,2026-08-11T08:00:34Z
2026-08-11T07:56:44Z,2026-08-11T09:56:44+0200,58a750df-313e-448a-89dd-c0365ec5f82d,2026-08-05T15:30:00Z,2026-08-05T17:30:00+0200,794.666666,MW,DK1,DK_1,forecast_offshore_wind_generation,Wind Offshore,2026-08-11T08:00:34Z
2026-08-11T07:56:44Z,2026-08-11T09:56:44+0200,58a750df-313e-448a-89dd-c0365ec5f82d,2026-08-05T15:45:00Z,2026-08-05T17:45:00+0200,776.666666,MW,DK1,DK_1,forecast_offshore_wind_generation,Wind Offshore,2026-08-11T08:00:34Z
2026-08-11T07:56:44Z,2026-08-11T09:56:44+0200,58a750df-313e-448a-89dd-c0365ec5f82d,2026-08-05T16:00:00Z,2026-08-05T18:00:00+0200,772.0,MW,DK1,DK_1,forecast_offshore_wind_generation,Wind Offshore,2026-08-11T08:00:34Z
2026-08-11T07:56:44Z,2026-08-11T09:56:44+0200,58a750df-313e-448a-89dd-c0365ec5f82d,2026-08-05T16:15:00Z,2026-08-05T18:15:00+0200,773.166666,MW,DK1,DK_1,forecast_offshore_wind_generation,Wind Offshore,2026-08-11T08:00:34Z
2026-08-11T07:56:44Z,2026-08-11T09:56:44+0200,58a750df-313e-448a-89dd-c0365ec5f82d,2026-08-05T16:30:00Z,2026-08-05T18:30:00+0200,775.833333,MW,DK1,DK_1,forecast_offshore_wind_generation,Wind Offshore,2026-08-11T08:00:34Z
2026-08-11T07:56:44Z,2026-08-11T09:56:44+0200,58a750df-313e-448a-89dd-c0365ec5f82d,2026-08-05T16:45:00Z,2026-08-05T18:45:00+0200,775.5,MW,DK1,DK_1,forecast_offshore_wind_generation,Wind Offshore,2026-08-11T08:00:34Z
2026-08-11T07:56:44Z,2026-08-11T09:56:44+0200,58a750df-313e-448a-89dd-c0365ec5f82d,2026-08-05T17:00:00Z,2026-08-05T19:00:00+0200,774.0,MW,DK1,DK_1,forecast_offshore_wind_generation,Wind Offshore,2026-08-11T08:00:34Z
2026-08-11T07:56:44Z,2026-08-11T09:56:44+0200,58a750df-313e-448a-89dd-c0365ec5f82d,2026-08-05T17:15:00Z,2026-08-05T19:15:00+0200,770.833333,MW,DK1,DK_1,forecast_offshore_wind_generation,Wind Offshore,2026-08-11T08:00:34Z
2026-08-11T07:56:44Z,2026-08-11T09:56:44+0200,58a750df-313e-448a-89dd-c0365ec5f82d,2026-08-05T17:30:00Z,2026-08-05T19:30:00+0200,764.5,MW,DK1,DK_1,forecast_offshore_wind_generation,Wind Offshore,2026-08-11T08:00:34Z
2026-08-11T07:56:44Z,2026-08-11T09:56:44+0200,58a750df-313e-448a-89dd-c0365ec5f82d,2026-08-05T17:45:00Z,2026-08-05T19:45:00+0200,758.166666,MW,DK1,DK_1,forecast_offshore_wind_generation,Wind Offshore,2026-08-11T08:00:34Z
2026-08-11T07:56:44Z,2026-08-11T09:56:44+0200,58a750df-313e-448a-89dd-c0365ec5f82d,2026-08-05T18:00:00Z,2026-08-05T20:00:00+0200,753.833333,MW,DK1,DK_1,forecast_offshore_wind_generation,Wind Offshore,2026-08-11T08:00:34Z
2026-08-11T07:56:44Z,2026-08-11T09:56:44+0200,58a750df-313e-448a-89dd-c0365ec5f82d,2026-08-05T18:15:00Z,2026-08-05T20:15:00+0200,747.333333,MW,DK1,DK_1,forecast_offshore_wind_generation,Wind Offshore,2026-08-11T08:00:34Z
2026-08-11T07:56:44Z,2026-08-11T09:56:44+0200,58a750df-313e-448a-89dd-c0365ec5f82d,2026-08-05T18:30:00Z,2026-08-05T20:30:00+0200,738.5,MW,DK1,DK_1,forecast_offshore_wind_generation,Wind Offshore,2026-08-11T08:00:34Z
2026-08-11T07:56:44Z,2026-08-11T09:56:44+0200,58a750df-313e-448a-89dd-c0365ec5f82d,2026-08-05T18:45:00Z,2026-08-05T20:45:00+0200,728.666666,MW,DK1,DK_1,forecast_offshore_wind_generation,Wind Offshore,2026-08-11T08:00:34Z
2026-08-11T07:56:44Z,2026-08-11T09:56:44+0200,58a750df-313e-448a-89dd-c0365ec5f82d,2026-08-05T19:00:00Z,2026-08-05T21:00:00+0200,718.166666,MW,DK1,DK_1,forecast_offshore_wind_generation,Wind Offshore,2026-08-11T08:00:34Z
2026-08-11T07:56:44Z,2026-08-11T09:56:44+0200,58a750df-313e-448a-89dd-c0365ec5f82d,2026-08-05T19:15:00Z,2026-08-05T21:15:00+0200,703.0,MW,DK1,DK_1,forecast_offshore_wind_generation,Wind Offshore,2026-08-11T08:00:34Z
2026-08-11T07:56:44Z,2026-08-11T09:56:44+0200,58a750df-313e-448a-89dd-c0365ec5f82d,2026-08-05T19:30:00Z,2026-08-05T21:30:00+0200,686.166666,MW,DK1,DK_1,forecast_offshore_wind_generation,Wind Offshore,2026-08-11T08:00:34Z
2026-08-11T07:56:44Z,2026-08-11T09:56:44+0200,58a750df-313e-448a-89dd-c0365ec5f82d,2026-08-05T19:45:00Z,2026-08-05T21:45:00+0200,672.333333,MW,DK1,DK_1,forecast_offshore_wind_generation,Wind Offshore,2026-08-11T08:00:34Z
2026-08-11T07:56:44Z,2026-08-11T09:56:44+0200,58a750df-313e-448a-89dd-c0365ec5f82d,2026-08-05T20:00:00Z,2026-08-05T22:00:00+0200,666.0,MW,DK1,DK_1,forecast_offshore_wind_generation,Wind Offshore,2026-08-11T08:00:34Z
2026-08-11T07:56:44Z,2026-08-11T09:56:44+0200,58a750df-313e-448a-89dd-c0365ec5f82d,2026-08-05T20:15:00Z,2026-08-05T22:15:00+0200,662.5,MW,DK1,DK_1,forecast_offshore_wind_generation,Wind Offshore,2026-08-11T08:00:34Z
2026-08-11T07:56:44Z,2026-08-11T09:56:44+0200,58a750df-313e-448a-89dd-c0365ec5f82d,2026-08-05T20:30:00Z,2026-08-05T22:30:00+0200,660.5,MW,DK1,DK_1,forecast_offshore_wind_generation,Wind Offshore,2026-08-11T08:00:34Z
2026-08-11T07:56:44Z,2026-08-11T09:56:44+0200,58a750df-313e-448a-89dd-c0365ec5f82d,2026-08-05T20:45:00Z,2026-08-05T22:45:00+0200,659.0,MW,DK1,DK_1,forecast_offshore_wind_generation,Wind Offshore,2026-08-11T08:00:34Z
2026-08-11T07:56:44Z,2026-08-11T09:56:44+0200,58a750df-313e-448a-89dd-c0365ec5f82d,2026-08-05T21:00:00Z,2026-08-05T23:00:00+0200,658.5,MW,DK1,DK_1,forecast_offshore_wind_generation,Wind Offshore,2026-08-11T08:00:34Z
2026-08-11T07:56:44Z,2026-08-11T09:56:44+0200,58a750df-313e-448a-89dd-c0365ec5f82d,2026-08-05T21:15:00Z,2026-08-05T23:15:00+0200,661.0,MW,DK1,DK_1,forecast_offshore_wind_generation,Wind Offshore,2026-08-11T08:00:34Z
2026-08-11T07:56:44Z,2026-08-11T09:56:44+0200,58a750df-313e-448a-89dd-c0365ec5f82d,2026-08-05T21:30:00Z,2026-08-05T23:30:00+0200,665.5,MW,DK1,DK_1,forecast_offshore_wind_generation,Wind Offshore,2026-08-11T08:00:34Z
2026-08-11T07:56:44Z,2026-08-11T09:56:44+0200,58a750df-313e-448a-89dd-c0365ec5f82d,2026-08-05T21:45:00Z,2026-08-05T23:45:00+0200,669.5,MW,DK1,DK_1,forecast_offshore_wind_generation,Wind Offshore,2026-08-11T08:00:34Z
2026-08-11T07:56:44Z,2026-08-11T09:56:44+0200,58a750df-313e-448a-89dd-c0365ec5f82d,2026-08-05T22:00:00Z,2026-08-06T00:00:00+0200,627.666666,MW,DK1,DK_1,forecast_offshore_wind_generation,Wind Offshore,2026-08-11T08:00:34Z
2026-08-11T07:56:44Z,2026-08-11T09:56:44+0200,58a750df-313e-448a-89dd-c0365ec5f82d,2026-08-05T22:15:00Z,2026-08-06T00:15:00+0200,637.5,MW,DK1,DK_1,forecast_offshore_wind_generation,Wind Offshore,2026-08-11T08:00:34Z
2026-08-11T07:56:44Z,2026-08-11T09:56:44+0200,58a750df-313e-448a-89dd-c0365ec5f82d,2026-08-05T22:30:00Z,2026-08-06T00:30:00+0200,650.0,MW,DK1,DK_1,forecast_offshore_wind_generation,Wind Offshore,2026-08-11T08:00:34Z
2026-08-11T07:56:44Z,2026-08-11T09:56:44+0200,58a750df-313e-448a-89dd-c0365ec5f82d,2026-08-05T22:45:00Z,2026-08-06T00:45:00+0200,663.5,MW,DK1,DK_1,forecast_offshore_wind_generation,Wind Offshore,2026-08-11T08:00:34Z
2026-08-11T07:56:44Z,2026-08-11T09:56:44+0200,58a750df-313e-448a-89dd-c0365ec5f82d,2026-08-05T23:00:00Z,2026-08-06T01:00:00+0200,678.333333,MW,DK1,DK_1,forecast_offshore_wind_generation,Wind Offshore,2026-08-11T08:00:34Z
2026-08-11T07:56:44Z,2026-08-11T09:56:44+0200,58a750df-313e-448a-89dd-c0365ec5f82d,2026-08-05T23:15:00Z,2026-08-06T01:15:00+0200,699.166666,MW,DK1,DK_1,forecast_offshore_wind_generation,Wind Offshore,2026-08-11T08:00:34Z
2026-08-11T07:56:44Z,2026-08-11T09:56:44+0200,58a750df-313e-448a-89dd-c0365ec5f82d,2026-08-05T23:30:00Z,2026-08-06T01:30:00+0200,721.833333,MW,DK1,DK_1,forecast_offshore_wind_generation,Wind Offshore,2026-08-11T08:00:34Z
2026-08-11T07:56:44Z,2026-08-11T09:56:44+0200,58a750df-313e-448a-89dd-c0365ec5f82d,2026-08-05T23:45:00Z,2026-08-06T01:45:00+0200,740.666666,MW,DK1,DK_1,forecast_offshore_wind_generation,Wind Offshore,2026-08-11T08:00:34Z
2026-08-11T07:56:44Z,2026-08-11T09:56:44+0200,58a750df-313e-448a-89dd-c0365ec5f82d,2026-08-06T00:00:00Z,2026-08-06T02:00:00+0200,752.5,MW,DK1,DK_1,forecast_offshore_wind_generation,Wind Offshore,2026-08-11T08:00:34Z
2026-08-11T07:56:44Z,2026-08-11T09:56:44+0200,58a750df-313e-448a-89dd-c0365ec5f82d,2026-08-06T00:15:00Z,2026-08-06T02:15:00+0200,762.0,MW,DK1,DK_1,forecast_offshore_wind_generation,Wind Offshore,2026-08-11T08:00:34Z
2026-08-11T07:56:44Z,2026-08-11T09:56:44+0200,58a750df-313e-448a-89dd-c0365ec5f82d,2026-08-06T00:30:00Z,2026-08-06T02:30:00+0200,771.0,MW,DK1,DK_1,forecast_offshore_wind_generation,Wind Offshore,2026-08-11T08:00:34Z
2026-08-11T07:56:44Z,2026-08-11T09:56:44+0200,58a750df-313e-448a-89dd-c0365ec5f82d,2026-08-06T00:45:00Z,2026-08-06T02:45:00+0200,778.833333,MW,DK1,DK_1,forecast_offshore_wind_generation,Wind Offshore,2026-08-11T08:00:34Z
2026-08-11T07:56:44Z,2026-08-11T09:56:44+0200,58a750df-313e-448a-89dd-c0365ec5f82d,2026-08-06T01:00:00Z,2026-08-06T03:00:00+0200,785.0,MW,DK1,DK_1,forecast_offshore_wind_generation,Wind Offshore,2026-08-11T08:00:34Z
2026-08-11T07:56:44Z,2026-08-11T09:56:44+0200,58a750df-313e-448a-89dd-c0365ec5f82d,2026-08-06T01:15:00Z,2026-08-06T03:15:00+0200,791.0,MW,DK1,DK_1,forecast_offshore_wind_generation,Wind Offshore,2026-08-11T08:00:34Z
2026-08-11T07:56:44Z,2026-08-11T09:56:44+0200,58a750df-313e-448a-89dd-c0365ec5f82d,2026-08-06T01:30:00Z,2026-08-06T03:30:00+0200,797.0,MW,DK1,DK_1,forecast_offshore_wind_generation,Wind Offshore,2026-08-11T08:00:34Z
2026-08-11T07:56:44Z,2026-08-11T09:56:44+0200,58a750df-313e-448a-89dd-c0365ec5f82d,2026-08-06T01:45:00Z,2026-08-06T03:45:00+0200,802.166666,MW,DK1,DK_1,forecast_offshore_wind_generation,Wind Offshore,2026-08-11T08:00:34Z
2026-08-11T07:56:44Z,2026-08-11T09:56:44+0200,58a750df-313e-448a-89dd-c0365ec5f82d,2026-08-06T02:00:00Z,2026-08-06T04:00:00+0200,807.833333,MW,DK1,DK_1,forecast_offshore_wind_generation,Wind Offshore,2026-08-11T08:00:34Z
2026-08-11T07:56:44Z,2026-08-11T09:56:44+0200,58a750df-313e-448a-89dd-c0365ec5f82d,2026-08-06T02:15:00Z,2026-08-06T04:15:00+0200,811.5,MW,DK1,DK_1,forecast_offshore_wind_generation,Wind Offshore,2026-08-11T08:00:34Z
2026-08-11T07:56:44Z,2026-08-11T09:56:44+0200,58a750df-313e-448a-89dd-c0365ec5f82d,2026-08-06T02:30:00Z,2026-08-06T04:30:00+0200,813.5,MW,DK1,DK_1,forecast_offshore_wind_generation,Wind Offshore,2026-08-11T08:00:34Z
2026-08-11T07:56:44Z,2026-08-11T09:56:44+0200,58a750df-313e-448a-89dd-c0365ec5f82d,2026-08-06T02:45:00Z,2026-08-06T04:45:00+0200,816.333333,MW,DK1,DK_1,forecast_offshore_wind_generation,Wind Offshore,2026-08-11T08:00:34Z
2026-08-11T07:56:44Z,2026-08-11T09:56:44+0200,58a750df-313e-448a-89dd-c0365ec5f82d,2026-08-06T03:00:00Z,2026-08-06T05:00:00+0200,819.5,MW,DK1,DK_1,forecast_offshore_wind_generation,Wind Offshore,2026-08-11T08:00:34Z
2026-08-11T07:56:44Z,2026-08-11T09:56:44+0200,58a750df-313e-448a-89dd-c0365ec5f82d,2026-08-06T03:15:00Z,2026-08-06T05:15:00+0200,823.333333,MW,DK1,DK_1,forecast_offshore_wind_generation,Wind Offshore,2026-08-11T08:00:34Z
2026-08-11T07:56:44Z,2026-08-11T09:56:44+0200,58a750df-313e-448a-89dd-c0365ec5f82d,2026-08-06T03:30:00Z,2026-08-06T05:30:00+0200,827.5,MW,DK1,DK_1,forecast_offshore_wind_generation,Wind Offshore,2026-08-11T08:00:34Z
2026-08-11T07:56:44Z,2026-08-11T09:56:44+0200,58a750df-313e-448a-89dd-c0365ec5f82d,2026-08-06T03:45:00Z,2026-08-06T05:45:00+0200,833.0,MW,DK1,DK_1,forecast_offshore_wind_generation,Wind Offshore,2026-08-11T08:00:34Z
2026-08-11T07:56:44Z,2026-08-11T09:56:44+0200,58a750df-313e-448a-89dd-c0365ec5f82d,2026-08-06T04:00:00Z,2026-08-06T06:00:00+0200,839.5,MW,DK1,DK_1,forecast_offshore_wind_generation,Wind Offshore,2026-08-11T08:00:34Z
2026-08-11T07:56:44Z,2026-08-11T09:56:44+0200,58a750df-313e-448a-89dd-c0365ec5f82d,2026-08-06T04:15:00Z,2026-08-06T06:15:00+0200,847.333333,MW,DK1,DK_1,forecast_offshore_wind_generation,Wind Offshore,2026-08-11T08:00:34Z
2026-08-11T07:56:44Z,2026-08-11T09:56:44+0200,58a750df-313e-448a-89dd-c0365ec5f82d,2026-08-06T04:30:00Z,2026-08-06T06:30:00+0200,855.0,MW,DK1,DK_1,forecast_offshore_wind_generation,Wind Offshore,2026-08-11T08:00:34Z
2026-08-11T07:56:44Z,2026-08-11T09:56:44+0200,58a750df-313e-448a-89dd-c0365ec5f82d,2026-08-06T04:45:00Z,2026-08-06T06:45:00+0200,862.333333,MW,DK1,DK_1,forecast_offshore_wind_generation,Wind Offshore,2026-08-11T08:00:34Z
2026-08-11T07:56:44Z,2026-08-11T09:56:44+0200,58a750df-313e-448a-89dd-c0365ec5f82d,2026-08-06T05:00:00Z,2026-08-06T07:00:00+0200,866.5,MW,DK1,DK_1,forecast_offshore_wind_generation,Wind Offshore,2026-08-11T08:00:34Z
2026-08-11T07:56:44Z,2026-08-11T09:56:44+0200,58a750df-313e-448a-89dd-c0365ec5f82d,2026-08-06T05:15:00Z,2026-08-06T07:15:00+0200,869.5,MW,DK1,DK_1,forecast_offshore_wind_generation,Wind Offshore,2026-08-11T08:00:34Z
2026-08-11T07:56:44Z,2026-08-11T09:56:44+0200,58a750df-313e-448a-89dd-c0365ec5f82d,2026-08-06T05:30:00Z,2026-08-06T07:30:00+0200,872.0,MW,DK1,DK_1,forecast_offshore_wind_generation,Wind Offshore,2026-08-11T08:00:34Z
2026-08-11T07:56:44Z,2026-08-11T09:56:44+0200,58a750df-313e-448a-89dd-c0365ec5f82d,2026-08-06T05:45:00Z,2026-08-06T07:45:00+0200,874.333333,MW,DK1,DK_1,forecast_offshore_wind_generation,Wind Offshore,2026-08-11T08:00:34Z
2026-08-11T07:56:44Z,2026-08-11T09:56:44+0200,58a750df-313e-448a-89dd-c0365ec5f82d,2026-08-06T06:00:00Z,2026-08-06T08:00:00+0200,875.5,MW,DK1,DK_1,forecast_offshore_wind_generation,Wind Offshore,2026-08-11T08:00:34Z
2026-08-11T07:56:44Z,2026-08-11T09:56:44+0200,58a750df-313e-448a-89dd-c0365ec5f82d,2026-08-06T06:15:00Z,2026-08-06T08:15:00+0200,876.0,MW,DK1,DK_1,forecast_offshore_wind_generation,Wind Offshore,2026-08-11T08:00:34Z
2026-08-11T07:56:44Z,2026-08-11T09:56:44+0200,58a750df-313e-448a-89dd-c0365ec5f82d,2026-08-06T06:30:00Z,2026-08-06T08:30:00+0200,875.833333,MW,DK1,DK_1,forecast_offshore_wind_generation,Wind Offshore,2026-08-11T08:00:34Z
2026-08-11T07:56:44Z,2026-08-11T09:56:44+0200,58a750df-313e-448a-89dd-c0365ec5f82d,2026-08-06T06:45:00Z,2026-08-06T08:45:00+0200,875.0,MW,DK1,DK_1,forecast_offshore_wind_generation,Wind Offshore,2026-08-11T08:00:34Z
2026-08-11T07:56:44Z,2026-08-11T09:56:44+0200,58a750df-313e-448a-89dd-c0365ec5f82d,2026-08-06T07:00:00Z,2026-08-06T09:00:00+0200,875.0,MW,DK1,DK_1,forecast_offshore_wind_generation,Wind Offshore,2026-08-11T08:00:34Z
2026-08-11T07:56:44Z,2026-08-11T09:56:44+0200,58a750df-313e-448a-89dd-c0365ec5f82d,2026-08-06T07:15:00Z,2026-08-06T09:15:00+0200,875.0,MW,DK1,DK_1,forecast_offshore_wind_generation,Wind Offshore,2026-08-11T08:00:34Z
2026-08-11T07:56:44Z,2026-08-11T09:56:44+0200,58a750df-313e-448a-89dd-c0365ec5f82d,2026-08-06T07:30:00Z,2026-08-06T09:30:00+0200,875.833333,MW,DK1,DK_1,forecast_offshore_wind_generation,Wind Offshore,2026-08-11T08:00:34Z
2026-08-11T07:56:44Z,2026-08-11T09:56:44+0200,58a750df-313e-448a-89dd-c0365ec5f82d,2026-08-06T07:45:00Z,2026-08-06T09:45:00+0200,876.5,MW,DK1,DK_1,forecast_offshore_wind_generation,Wind Offshore,2026-08-11T08:00:34Z
2026-08-11T07:56:44Z,2026-08-11T09:56:44+0200,58a750df-313e-448a-89dd-c0365ec5f82d,2026-08-06T08:00:00Z,2026-08-06T10:00:00+0200,877.166666,MW,DK1,DK_1,forecast_offshore_wind_generation,Wind Offshore,2026-08-11T08:00:34Z
2026-08-11T07:56:44Z,2026-08-11T09:56:44+0200,58a750df-313e-448a-89dd-c0365ec5f82d,2026-08-06T08:15:00Z,2026-08-06T10:15:00+0200,878.0,MW,DK1,DK_1,forecast_offshore_wind_generation,Wind Offshore,2026-08-11T08:00:34Z
2026-08-11T07:56:44Z,2026-08-11T09:56:44+0200,58a750df-313e-448a-89dd-c0365ec5f82d,2026-08-06T08:30:00Z,2026-08-06T10:30:00+0200,878.833333,MW,DK1,DK_1,forecast_offshore_wind_generation,Wind Offshore,2026-08-11T08:00:34Z
2026-08-11T07:56:44Z,2026-08-11T09:56:44+0200,58a750df-313e-448a-89dd-c0365ec5f82d,2026-08-06T08:45:00Z,2026-08-06T10:45:00+0200,880.0,MW,DK1,DK_1,forecast_offshore_wind_generation,Wind Offshore,2026-08-11T08:00:34Z
2026-08-11T07:56:44Z,2026-08-11T09:56:44+0200,58a750df-313e-448a-89dd-c0365ec5f82d,2026-08-06T09:00:00Z,2026-08-06T11:00:00+0200,882.833333,MW,DK1,DK_1,forecast_offshore_wind_generation,Wind Offshore,2026-08-11T08:00:34Z
2026-08-11T07:56:44Z,2026-08-11T09:56:44+0200,58a750df-313e-448a-89dd-c0365ec5f82d,2026-08-06T09:15:00Z,2026-08-06T11:15:00+0200,889.666666,MW,DK1,DK_1,forecast_offshore_wind_generation,Wind Offshore,2026-08-11T08:00:34Z
2026-08-11T07:56:44Z,2026-08-11T09:56:44+0200,58a750df-313e-448a-89dd-c0365ec5f82d,2026-08-06T09:30:00Z,2026-08-06T11:30:00+0200,899.166666,MW,DK1,DK_1,forecast_offshore_wind_generation,Wind Offshore,2026-08-11T08:00:34Z
2026-08-11T07:56:44Z,2026-08-11T09:56:44+0200,58a750df-313e-448a-89dd-c0365ec5f82d,2026-08-06T09:45:00Z,2026-08-06T11:45:00+0200,906.0,MW,DK1,DK_1,forecast_offshore_wind_generation,Wind Offshore,2026-08-11T08:00:34Z
2026-08-11T07:56:44Z,2026-08-11T09:56:44+0200,58a750df-313e-448a-89dd-c0365ec5f82d,2026-08-06T10:00:00Z,2026-08-06T12:00:00+0200,908.5,MW,DK1,DK_1,forecast_offshore_wind_generation,Wind Offshore,2026-08-11T08:00:34Z
2026-08-11T07:56:44Z,2026-08-11T09:56:44+0200,58a750df-313e-448a-89dd-c0365ec5f82d,2026-08-06T10:15:00Z,2026-08-06T12:15:00+0200,906.333333,MW,DK1,DK_1,forecast_offshore_wind_generation,Wind Offshore,2026-08-11T08:00:34Z
2026-08-11T07:56:44Z,2026-08-11T09:56:44+0200,58a750df-313e-448a-89dd-c0365ec5f82d,2026-08-06T10:30:00Z,2026-08-06T12:30:00+0200,901.666666,MW,DK1,DK_1,forecast_offshore_wind_generation,Wind Offshore,2026-08-11T08:00:34Z
2026-08-11T07:56:44Z,2026-08-11T09:56:44+0200,58a750df-313e-448a-89dd-c0365ec5f82d,2026-08-06T10:45:00Z,2026-08-06T12:45:00+0200,898.833333,MW,DK1,DK_1,forecast_offshore_wind_generation,Wind Offshore,2026-08-11T08:00:34Z
2026-08-11T07:56:44Z,2026-08-11T09:56:44+0200,58a750df-313e-448a-89dd-c0365ec5f82d,2026-08-06T11:00:00Z,2026-08-06T13:00:00+0200,901.333333,MW,DK1,DK_1,forecast_offshore_wind_generation,Wind Offshore,2026-08-11T08:00:34Z
2026-08-11T07:56:44Z,2026-08-11T09:56:44+0200,58a750df-313e-448a-89dd-c0365ec5f82d,2026-08-06T11:15:00Z,2026-08-06T13:15:00+0200,911.0,MW,DK1,DK_1,forecast_offshore_wind_generation,Wind Offshore,2026-08-11T08:00:34Z
2026-08-11T07:56:44Z,2026-08-11T09:56:44+0200,58a750df-313e-448a-89dd-c0365ec5f82d,2026-08-06T11:30:00Z,2026-08-06T13:30:00+0200,923.833333,MW,DK1,DK_1,forecast_offshore_wind_generation,Wind Offshore,2026-08-11T08:00:34Z
2026-08-11T07:56:44Z,2026-08-11T09:56:44+0200,58a750df-313e-448a-89dd-c0365ec5f82d,2026-08-06T11:45:00Z,2026-08-06T13:45:00+0200,935.0,MW,DK1,DK_1,forecast_offshore_wind_generation,Wind Offshore,2026-08-11T08:00:34Z
2026-08-11T07:56:44Z,2026-08-11T09:56:44+0200,58a750df-313e-448a-89dd-c0365ec5f82d,2026-08-06T12:00:00Z,2026-08-06T14:00:00+0200,937.833333,MW,DK1,DK_1,forecast_offshore_wind_generation,Wind Offshore,2026-08-11T08:00:34Z
2026-08-11T07:56:44Z,2026-08-11T09:56:44+0200,58a750df-313e-448a-89dd-c0365ec5f82d,2026-08-06T12:15:00Z,2026-08-06T14:15:00+0200,935.333333,MW,DK1,DK_1,forecast_offshore_wind_generation,Wind Offshore,2026-08-11T08:00:34Z
2026-08-11T07:56:44Z,2026-08-11T09:56:44+0200,58a750df-313e-448a-89dd-c0365ec5f82d,2026-08-06T12:30:00Z,2026-08-06T14:30:00+0200,931.0,MW,DK1,DK_1,forecast_offshore_wind_generation,Wind Offshore,2026-08-11T08:00:34Z
2026-08-11T07:56:44Z,2026-08-11T09:56:44+0200,58a750df-313e-448a-89dd-c0365ec5f82d,2026-08-06T12:45:00Z,2026-08-06T14:45:00+0200,927.666666,MW,DK1,DK_1,forecast_offshore_wind_generation,Wind Offshore,2026-08-11T08:00:34Z
2026-08-11T07:56:44Z,2026-08-11T09:56:44+0200,58a750df-313e-448a-89dd-c0365ec5f82d,2026-08-06T13:00:00Z,2026-08-06T15:00:00+0200,927.666666,MW,DK1,DK_1,forecast_offshore_wind_generation,Wind Offshore,2026-08-11T08:00:34Z
2026-08-11T07:56:44Z,2026-08-11T09:56:44+0200,58a750df-313e-448a-89dd-c0365ec5f82d,2026-08-06T13:15:00Z,2026-08-06T15:15:00+0200,930.5,MW,DK1,DK_1,forecast_offshore_wind_generation,Wind Offshore,2026-08-11T08:00:34Z
2026-08-11T07:56:44Z,2026-08-11T09:56:44+0200,58a750df-313e-448a-89dd-c0365ec5f82d,2026-08-06T13:30:00Z,2026-08-06T15:30:00+0200,934.166666,MW,DK1,DK_1,forecast_offshore_wind_generation,Wind Offshore,2026-08-11T08:00:34Z
2026-08-11T07:56:44Z,2026-08-11T09:56:44+0200,58a750df-313e-448a-89dd-c0365ec5f82d,2026-08-06T13:45:00Z,2026-08-06T15:45:00+0200,939.0,MW,DK1,DK_1,forecast_offshore_wind_generation,Wind Offshore,2026-08-11T08:00:34Z
2026-08-11T07:56:44Z,2026-08-11T09:56:44+0200,58a750df-313e-448a-89dd-c0365ec5f82d,2026-08-06T14:00:00Z,2026-08-06T16:00:00+0200,943.166666,MW,DK1,DK_1,forecast_offshore_wind_generation,Wind Offshore,2026-08-11T08:00:34Z
2026-08-11T07:56:44Z,2026-08-11T09:56:44+0200,58a750df-313e-448a-89dd-c0365ec5f82d,2026-08-06T14:15:00Z,2026-08-06T16:15:00+0200,948.166666,MW,DK1,DK_1,forecast_offshore_wind_generation,Wind Offshore,2026-08-11T08:00:34Z
2026-08-11T07:56:44Z,2026-08-11T09:56:44+0200,58a750df-313e-448a-89dd-c0365ec5f82d,2026-08-06T14:30:00Z,2026-08-06T16:30:00+0200,953.5,MW,DK1,DK_1,forecast_offshore_wind_generation,Wind Offshore,2026-08-11T08:00:34Z
2026-08-11T07:56:44Z,2026-08-11T09:56:44+0200,58a750df-313e-448a-89dd-c0365ec5f82d,2026-08-06T14:45:00Z,2026-08-06T16:45:00+0200,956.0,MW,DK1,DK_1,forecast_offshore_wind_generation,Wind Offshore,2026-08-11T08:00:34Z
2026-08-11T07:56:44Z,2026-08-11T09:56:44+0200,58a750df-313e-448a-89dd-c0365ec5f82d,2026-08-06T15:00:00Z,2026-08-06T17:00:00+0200,955.166666,MW,DK1,DK_1,forecast_offshore_wind_generation,Wind Offshore,2026-08-11T08:00:34Z
2026-08-11T07:56:44Z,2026-08-11T09:56:44+0200,58a750df-313e-448a-89dd-c0365ec5f82d,2026-08-06T15:15:00Z,2026-08-06T17:15:00+0200,949.333333,MW,DK1,DK_1,forecast_offshore_wind_generation,Wind Offshore,2026-08-11T08:00:34Z
2026-08-11T07:56:44Z,2026-08-11T09:56:44+0200,58a750df-313e-448a-89dd-c0365ec5f82d,2026-08-06T15:30:00Z,2026-08-06T17:30:00+0200,940.666666,MW,DK1,DK_1,forecast_offshore_wind_generation,Wind Offshore,2026-08-11T08:00:34Z
2026-08-11T07:56:44Z,2026-08-11T09:56:44+0200,58a750df-313e-448a-89dd-c0365ec5f82d,2026-08-06T15:45:00Z,2026-08-06T17:45:00+0200,934.333333,MW,DK1,DK_1,forecast_offshore_wind_generation,Wind Offshore,2026-08-11T08:00:34Z
2026-08-11T07:56:44Z,2026-08-11T09:56:44+0200,58a750df-313e-448a-89dd-c0365ec5f82d,2026-08-06T16:00:00Z,2026-08-06T18:00:00+0200,933.666666,MW,DK1,DK_1,forecast_offshore_wind_generation,Wind Offshore,2026-08-11T08:00:34Z
2026-08-11T07:56:44Z,2026-08-11T09:56:44+0200,58a750df-313e-448a-89dd-c0365ec5f82d,2026-08-06T16:15:00Z,2026-08-06T18:15:00+0200,937.166666,MW,DK1,DK_1,forecast_offshore_wind_generation,Wind Offshore,2026-08-11T08:00:34Z
2026-08-11T07:56:44Z,2026-08-11T09:56:44+0200,58a750df-313e-448a-89dd-c0365ec5f82d,2026-08-06T16:30:00Z,2026-08-06T18:30:00+0200,942.166666,MW,DK1,DK_1,forecast_offshore_wind_generation,Wind Offshore,2026-08-11T08:00:34Z
2026-08-11T07:56:44Z,2026-08-11T09:56:44+0200,58a750df-313e-448a-89dd-c0365ec5f82d,2026-08-06T16:45:00Z,2026-08-06T18:45:00+0200,946.5,MW,DK1,DK_1,forecast_offshore_wind_generation,Wind Offshore,2026-08-11T08:00:34Z
2026-08-11T07:56:44Z,2026-08-11T09:56:44+0200,58a750df-313e-448a-89dd-c0365ec5f82d,2026-08-06T17:00:00Z,2026-08-06T19:00:00+0200,948.666666,MW,DK1,DK_1,forecast_offshore_wind_generation,Wind Offshore,2026-08-11T08:00:34Z
2026-08-11T07:56:44Z,2026-08-11T09:56:44+0200,58a750df-313e-448a-89dd-c0365ec5f82d,2026-08-06T17:15:00Z,2026-08-06T19:15:00+0200,947.833333,MW,DK1,DK_1,forecast_offshore_wind_generation,Wind Offshore,2026-08-11T08:00:34Z
2026-08-11T07:56:44Z,2026-08-11T09:56:44+0200,58a750df-313e-448a-89dd-c0365ec5f82d,2026-08-06T17:30:00Z,2026-08-06T19:30:00+0200,946.166666,MW,DK1,DK_1,forecast_offshore_wind_generation,Wind Offshore,2026-08-11T08:00:34Z
2026-08-11T07:56:44Z,2026-08-11T09:56:44+0200,58a750df-313e-448a-89dd-c0365ec5f82d,2026-08-06T17:45:00Z,2026-08-06T19:45:00+0200,945.166666,MW,DK1,DK_1,forecast_offshore_wind_generation,Wind Offshore,2026-08-11T08:00:34Z
2026-08-11T07:56:44Z,2026-08-11T09:56:44+0200,58a750df-313e-448a-89dd-c0365ec5f82d,2026-08-06T18:00:00Z,2026-08-06T20:00:00+0200,946.666666,MW,DK1,DK_1,forecast_offshore_wind_generation,Wind Offshore,2026-08-11T08:00:34Z
2026-08-11T07:56:44Z,2026-08-11T09:56:44+0200,58a750df-313e-448a-89dd-c0365ec5f82d,2026-08-06T18:15:00Z,2026-08-06T20:15:00+0200,953.0,MW,DK1,DK_1,forecast_offshore_wind_generation,Wind Offshore,2026-08-11T08:00:34Z
2026-08-11T07:56:44Z,2026-08-11T09:56:44+0200,58a750df-313e-448a-89dd-c0365ec5f82d,2026-08-06T18:30:00Z,2026-08-06T20:30:00+0200,959.5,MW,DK1,DK_1,forecast_offshore_wind_generation,Wind Offshore,2026-08-11T08:00:34Z
2026-08-11T07:56:44Z,2026-08-11T09:56:44+0200,58a750df-313e-448a-89dd-c0365ec5f82d,2026-08-06T18:45:00Z,2026-08-06T20:45:00+0200,962.833333,MW,DK1,DK_1,forecast_offshore_wind_generation,Wind Offshore,2026-08-11T08:00:34Z
2026-08-11T07:56:44Z,2026-08-11T09:56:44+0200,58a750df-313e-448a-89dd-c0365ec5f82d,2026-08-06T19:00:00Z,2026-08-06T21:00:00+0200,961.833333,MW,DK1,DK_1,forecast_offshore_wind_generation,Wind Offshore,2026-08-11T08:00:34Z
2026-08-11T07:56:44Z,2026-08-11T09:56:44+0200,58a750df-313e-448a-89dd-c0365ec5f82d,2026-08-06T19:15:00Z,2026-08-06T21:15:00+0200,957.0,MW,DK1,DK_1,forecast_offshore_wind_generation,Wind Offshore,2026-08-11T08:00:34Z
2026-08-11T07:56:44Z,2026-08-11T09:56:44+0200,58a750df-313e-448a-89dd-c0365ec5f82d,2026-08-06T19:30:00Z,2026-08-06T21:30:00+0200,951.166666,MW,DK1,DK_1,forecast_offshore_wind_generation,Wind Offshore,2026-08-11T08:00:34Z
2026-08-11T07:56:44Z,2026-08-11T09:56:44+0200,58a750df-313e-448a-89dd-c0365ec5f82d,2026-08-06T19:45:00Z,2026-08-06T21:45:00+0200,946.666666,MW,DK1,DK_1,forecast_offshore_wind_generation,Wind Offshore,2026-08-11T08:00:34Z
2026-08-11T07:56:44Z,2026-08-11T09:56:44+0200,58a750df-313e-448a-89dd-c0365ec5f82d,2026-08-06T20:00:00Z,2026-08-06T22:00:00+0200,943.666666,MW,DK1,DK_1,forecast_offshore_wind_generation,Wind Offshore,2026-08-11T08:00:34Z
2026-08-11T07:56:44Z,2026-08-11T09:56:44+0200,58a750df-313e-448a-89dd-c0365ec5f82d,2026-08-06T20:15:00Z,2026-08-06T22:15:00+0200,942.166666,MW,DK1,DK_1,forecast_offshore_wind_generation,Wind Offshore,2026-08-11T08:00:34Z
2026-08-11T07:56:44Z,2026-08-11T09:56:44+0200,58a750df-313e-448a-89dd-c0365ec5f82d,2026-08-06T20:30:00Z,2026-08-06T22:30:00+0200,941.5,MW,DK1,DK_1,forecast_offshore_wind_generation,Wind Offshore,2026-08-11T08:00:34Z
2026-08-11T07:56:44Z,2026-08-11T09:56:44+0200,58a750df-313e-448a-89dd-c0365ec5f82d,2026-08-06T20:45:00Z,2026-08-06T22:45:00+0200,941.0,MW,DK1,DK_1,forecast_offshore_wind_generation,Wind Offshore,2026-08-11T08:00:34Z
2026-08-11T07:56:44Z,2026-08-11T09:56:44+0200,58a750df-313e-448a-89dd-c0365ec5f82d,2026-08-06T21:00:00Z,2026-08-06T23:00:00+0200,941.0,MW,DK1,DK_1,forecast_offshore_wind_generation,Wind Offshore,2026-08-11T08:00:34Z
2026-08-11T07:56:44Z,2026-08-11T09:56:44+0200,58a750df-313e-448a-89dd-c0365ec5f82d,2026-08-06T21:15:00Z,2026-08-06T23:15:00+0200,941.166666,MW,DK1,DK_1,forecast_offshore_wind_generation,Wind Offshore,2026-08-11T08:00:34Z
2026-08-11T07:56:44Z,2026-08-11T09:56:44+0200,58a750df-313e-448a-89dd-c0365ec5f82d,2026-08-06T21:30:00Z,2026-08-06T23:30:00+0200,942.166666,MW,DK1,DK_1,forecast_offshore_wind_generation,Wind Offshore,2026-08-11T08:00:34Z
2026-08-11T07:56:44Z,2026-08-11T09:56:44+0200,58a750df-313e-448a-89dd-c0365ec5f82d,2026-08-06T21:45:00Z,2026-08-06T23:45:00+0200,943.0,MW,DK1,DK_1,forecast_offshore_wind_generation,Wind Offshore,2026-08-11T08:00:34Z
2026-08-11T07:56:44Z,2026-08-11T09:56:44+0200,58a750df-313e-448a-89dd-c0365ec5f82d,2026-08-06T22:00:00Z,2026-08-07T00:00:00+0200,954.166666,MW,DK1,DK_1,forecast_offshore_wind_generation,Wind Offshore,2026-08-11T08:00:34Z
2026-08-11T07:56:44Z,2026-08-11T09:56:44+0200,58a750df-313e-448a-89dd-c0365ec5f82d,2026-08-06T22:15:00Z,2026-08-07T00:15:00+0200,953.833333,MW,DK1,DK_1,forecast_offshore_wind_generation,Wind Offshore,2026-08-11T08:00:34Z
2026-08-11T07:56:44Z,2026-08-11T09:56:44+0200,58a750df-313e-448a-89dd-c0365ec5f82d,2026-08-06T22:30:00Z,2026-08-07T00:30:00+0200,952.5,MW,DK1,DK_1,forecast_offshore_wind_generation,Wind Offshore,2026-08-11T08:00:34Z
2026-08-11T07:56:44Z,2026-08-11T09:56:44+0200,58a750df-313e-448a-89dd-c0365ec5f82d,2026-08-06T22:45:00Z,2026-08-07T00:45:00+0200,951.0,MW,DK1,DK_1,forecast_offshore_wind_generation,Wind Offshore,2026-08-11T08:00:34Z
2026-08-11T07:56:44Z,2026-08-11T09:56:44+0200,58a750df-313e-448a-89dd-c0365ec5f82d,2026-08-06T23:00:00Z,2026-08-07T01:00:00+0200,949.333333,MW,DK1,DK_1,forecast_offshore_wind_generation,Wind Offshore,2026-08-11T08:00:34Z
2026-08-11T07:56:44Z,2026-08-11T09:56:44+0200,58a750df-313e-448a-89dd-c0365ec5f82d,2026-08-06T23:15:00Z,2026-08-07T01:15:00+0200,947.333333,MW,DK1,DK_1,forecast_offshore_wind_generation,Wind Offshore,2026-08-11T08:00:34Z
2026-08-11T07:56:44Z,2026-08-11T09:56:44+0200,58a750df-313e-448a-89dd-c0365ec5f82d,2026-08-06T23:30:00Z,2026-08-07T01:30:00+0200,945.5,MW,DK1,DK_1,forecast_offshore_wind_generation,Wind Offshore,2026-08-11T08:00:34Z
2026-08-11T07:56:44Z,2026-08-11T09:56:44+0200,58a750df-313e-448a-89dd-c0365ec5f82d,2026-08-06T23:45:00Z,2026-08-07T01:45:00+0200,944.0,MW,DK1,DK_1,forecast_offshore_wind_generation,Wind Offshore,2026-08-11T08:00:34Z
2026-08-11T07:56:44Z,2026-08-11T09:56:44+0200,58a750df-313e-448a-89dd-c0365ec5f82d,2026-08-07T00:00:00Z,2026-08-07T02:00:00+0200,943.0,MW,DK1,DK_1,forecast_offshore_wind_generation,Wind Offshore,2026-08-11T08:00:34Z
2026-08-11T07:56:44Z,2026-08-11T09:56:44+0200,58a750df-313e-448a-89dd-c0365ec5f82d,2026-08-07T00:15:00Z,2026-08-07T02:15:00+0200,942.166666,MW,DK1,DK_1,forecast_offshore_wind_generation,Wind Offshore,2026-08-11T08:00:34Z
2026-08-11T07:56:44Z,2026-08-11T09:56:44+0200,58a750df-313e-448a-89dd-c0365ec5f82d,2026-08-07T00:30:00Z,2026-08-07T02:30:00+0200,941.833333,MW,DK1,DK_1,forecast_offshore_wind_generation,Wind Offshore,2026-08-11T08:00:34Z
2026-08-11T07:56:44Z,2026-08-11T09:56:44+0200,58a750df-313e-448a-89dd-c0365ec5f82d,2026-08-07T00:45:00Z,2026-08-07T02:45:00+0200,940.833333,MW,DK1,DK_1,forecast_offshore_wind_generation,Wind Offshore,2026-08-11T08:00:34Z
2026-08-11T07:56:44Z,2026-08-11T09:56:44+0200,58a750df-313e-448a-89dd-c0365ec5f82d,2026-08-07T01:00:00Z,2026-08-07T03:00:00+0200,939.5,MW,DK1,DK_1,forecast_offshore_wind_generation,Wind Offshore,2026-08-11T08:00:34Z
2026-08-11T07:56:44Z,2026-08-11T09:56:44+0200,58a750df-313e-448a-89dd-c0365ec5f82d,2026-08-07T01:15:00Z,2026-08-07T03:15:00+0200,937.5,MW,DK1,DK_1,forecast_offshore_wind_generation,Wind Offshore,2026-08-11T08:00:34Z
2026-08-11T07:56:44Z,2026-08-11T09:56:44+0200,58a750df-313e-448a-89dd-c0365ec5f82d,2026-08-07T01:30:00Z,2026-08-07T03:30:00+0200,934.5,MW,DK1,DK_1,forecast_offshore_wind_generation,Wind Offshore,2026-08-11T08:00:34Z
2026-08-11T07:56:44Z,2026-08-11T09:56:44+0200,58a750df-313e-448a-89dd-c0365ec5f82d,2026-08-07T01:45:00Z,2026-08-07T03:45:00+0200,932.166666,MW,DK1,DK_1,forecast_offshore_wind_generation,Wind Offshore,2026-08-11T08:00:34Z
2026-08-11T07:56:44Z,2026-08-11T09:56:44+0200,58a750df-313e-448a-89dd-c0365ec5f82d,2026-08-07T02:00:00Z,2026-08-07T04:00:00+0200,932.0,MW,DK1,DK_1,forecast_offshore_wind_generation,Wind Offshore,2026-08-11T08:00:34Z
2026-08-11T07:56:44Z,2026-08-11T09:56:44+0200,58a750df-313e-448a-89dd-c0365ec5f82d,2026-08-07T02:15:00Z,2026-08-07T04:15:00+0200,931.166666,MW,DK1,DK_1,forecast_offshore_wind_generation,Wind Offshore,2026-08-11T08:00:34Z
2026-08-11T07:56:44Z,2026-08-11T09:56:44+0200,58a750df-313e-448a-89dd-c0365ec5f82d,2026-08-07T02:30:00Z,2026-08-07T04:30:00+0200,930.0,MW,DK1,DK_1,forecast_offshore_wind_generation,Wind Offshore,2026-08-11T08:00:34Z
2026-08-11T07:56:44Z,2026-08-11T09:56:44+0200,58a750df-313e-448a-89dd-c0365ec5f82d,2026-08-07T02:45:00Z,2026-08-07T04:45:00+0200,928.0,MW,DK1,DK_1,forecast_offshore_wind_generation,Wind Offshore,2026-08-11T08:00:34Z
2026-08-11T07:56:44Z,2026-08-11T09:56:44+0200,58a750df-313e-448a-89dd-c0365ec5f82d,2026-08-07T03:00:00Z,2026-08-07T05:00:00+0200,926.0,MW,DK1,DK_1,forecast_offshore_wind_generation,Wind Offshore,2026-08-11T08:00:34Z
2026-08-11T07:56:44Z,2026-08-11T09:56:44+0200,58a750df-313e-448a-89dd-c0365ec5f82d,2026-08-07T03:15:00Z,2026-08-07T05:15:00+0200,923.666666,MW,DK1,DK_1,forecast_offshore_wind_generation,Wind Offshore,2026-08-11T08:00:34Z
2026-08-11T07:56:44Z,2026-08-11T09:56:44+0200,58a750df-313e-448a-89dd-c0365ec5f82d,2026-08-07T03:30:00Z,2026-08-07T05:30:00+0200,921.5,MW,DK1,DK_1,forecast_offshore_wind_generation,Wind Offshore,2026-08-11T08:00:34Z
2026-08-11T07:56:44Z,2026-08-11T09:56:44+0200,58a750df-313e-448a-89dd-c0365ec5f82d,2026-08-07T03:45:00Z,2026-08-07T05:45:00+0200,918.666666,MW,DK1,DK_1,forecast_offshore_wind_generation,Wind Offshore,2026-08-11T08:00:34Z
2026-08-11T07:56:44Z,2026-08-11T09:56:44+0200,58a750df-313e-448a-89dd-c0365ec5f82d,2026-08-07T04:00:00Z,2026-08-07T06:00:00+0200,916.5,MW,DK1,DK_1,forecast_offshore_wind_generation,Wind Offshore,2026-08-11T08:00:34Z
2026-08-11T07:56:44Z,2026-08-11T09:56:44+0200,58a750df-313e-448a-89dd-c0365ec5f82d,2026-08-07T04:15:00Z,2026-08-07T06:15:00+0200,914.333333,MW,DK1,DK_1,forecast_offshore_wind_generation,Wind Offshore,2026-08-11T08:00:34Z
2026-08-11T07:56:44Z,2026-08-11T09:56:44+0200,58a750df-313e-448a-89dd-c0365ec5f82d,2026-08-07T04:30:00Z,2026-08-07T06:30:00+0200,911.5,MW,DK1,DK_1,forecast_offshore_wind_generation,Wind Offshore,2026-08-11T08:00:34Z
2026-08-11T07:56:44Z,2026-08-11T09:56:44+0200,58a750df-313e-448a-89dd-c0365ec5f82d,2026-08-07T04:45:00Z,2026-08-07T06:45:00+0200,909.0,MW,DK1,DK_1,forecast_offshore_wind_generation,Wind Offshore,2026-08-11T08:00:34Z
2026-08-11T07:56:44Z,2026-08-11T09:56:44+0200,58a750df-313e-448a-89dd-c0365ec5f82d,2026-08-07T05:00:00Z,2026-08-07T07:00:00+0200,905.5,MW,DK1,DK_1,forecast_offshore_wind_generation,Wind Offshore,2026-08-11T08:00:34Z
2026-08-11T07:56:44Z,2026-08-11T09:56:44+0200,58a750df-313e-448a-89dd-c0365ec5f82d,2026-08-07T05:15:00Z,2026-08-07T07:15:00+0200,899.0,MW,DK1,DK_1,forecast_offshore_wind_generation,Wind Offshore,2026-08-11T08:00:34Z
2026-08-11T07:56:44Z,2026-08-11T09:56:44+0200,58a750df-313e-448a-89dd-c0365ec5f82d,2026-08-07T05:30:00Z,2026-08-07T07:30:00+0200,891.0,MW,DK1,DK_1,forecast_offshore_wind_generation,Wind Offshore,2026-08-11T08:00:34Z
2026-08-11T07:56:44Z,2026-08-11T09:56:44+0200,58a750df-313e-448a-89dd-c0365ec5f82d,2026-08-07T05:45:00Z,2026-08-07T07:45:00+0200,883.0,MW,DK1,DK_1,forecast_offshore_wind_generation,Wind Offshore,2026-08-11T08:00:34Z
2026-08-11T07:56:44Z,2026-08-11T09:56:44+0200,58a750df-313e-448a-89dd-c0365ec5f82d,2026-08-07T06:00:00Z,2026-08-07T08:00:00+0200,875.5,MW,DK1,DK_1,forecast_offshore_wind_generation,Wind Offshore,2026-08-11T08:00:34Z
2026-08-11T07:56:44Z,2026-08-11T09:56:44+0200,58a750df-313e-448a-89dd-c0365ec5f82d,2026-08-07T06:15:00Z,2026-08-07T08:15:00+0200,867.666666,MW,DK1,DK_1,forecast_offshore_wind_generation,Wind Offshore,2026-08-11T08:00:34Z
2026-08-11T07:56:44Z,2026-08-11T09:56:44+0200,58a750df-313e-448a-89dd-c0365ec5f82d,2026-08-07T06:30:00Z,2026-08-07T08:30:00+0200,859.5,MW,DK1,DK_1,forecast_offshore_wind_generation,Wind Offshore,2026-08-11T08:00:34Z
2026-08-11T07:56:44Z,2026-08-11T09:56:44+0200,58a750df-313e-448a-89dd-c0365ec5f82d,2026-08-07T06:45:00Z,2026-08-07T08:45:00+0200,851.333333,MW,DK1,DK_1,forecast_offshore_wind_generation,Wind Offshore,2026-08-11T08:00:34Z
2026-08-11T07:56:44Z,2026-08-11T09:56:44+0200,58a750df-313e-448a-89dd-c0365ec5f82d,2026-08-07T07:00:00Z,2026-08-07T09:00:00+0200,843.833333,MW,DK1,DK_1,forecast_offshore_wind_generation,Wind Offshore,2026-08-11T08:00:34Z
2026-08-11T07:56:44Z,2026-08-11T09:56:44+0200,58a750df-313e-448a-89dd-c0365ec5f82d,2026-08-07T07:15:00Z,2026-08-07T09:15:00+0200,836.333333,MW,DK1,DK_1,forecast_offshore_wind_generation,Wind Offshore,2026-08-11T08:00:34Z
2026-08-11T07:56:44Z,2026-08-11T09:56:44+0200,58a750df-313e-448a-89dd-c0365ec5f82d,2026-08-07T07:30:00Z,2026-08-07T09:30:00+0200,828.333333,MW,DK1,DK_1,forecast_offshore_wind_generation,Wind Offshore,2026-08-11T08:00:34Z
2026-08-11T07:56:44Z,2026-08-11T09:56:44+0200,58a750df-313e-448a-89dd-c0365ec5f82d,2026-08-07T07:45:00Z,2026-08-07T09:45:00+0200,819.5,MW,DK1,DK_1,forecast_offshore_wind_generation,Wind Offshore,2026-08-11T08:00:34Z
2026-08-11T07:56:44Z,2026-08-11T09:56:44+0200,58a750df-313e-448a-89dd-c0365ec5f82d,2026-08-07T08:00:00Z,2026-08-07T10:00:00+0200,809.833333,MW,DK1,DK_1,forecast_offshore_wind_generation,Wind Offshore,2026-08-11T08:00:34Z
2026-08-11T07:56:44Z,2026-08-11T09:56:44+0200,58a750df-313e-448a-89dd-c0365ec5f82d,2026-08-07T08:15:00Z,2026-08-07T10:15:00+0200,796.5,MW,DK1,DK_1,forecast_offshore_wind_generation,Wind Offshore,2026-08-11T08:00:34Z
2026-08-11T07:56:44Z,2026-08-11T09:56:44+0200,58a750df-313e-448a-89dd-c0365ec5f82d,2026-08-07T08:30:00Z,2026-08-07T10:30:00+0200,782.333333,MW,DK1,DK_1,forecast_offshore_wind_generation,Wind Offshore,2026-08-11T08:00:34Z
2026-08-11T07:56:44Z,2026-08-11T09:56:44+0200,58a750df-313e-448a-89dd-c0365ec5f82d,2026-08-07T08:45:00Z,2026-08-07T10:45:00+0200,769.166666,MW,DK1,DK_1,forecast_offshore_wind_generation,Wind Offshore,2026-08-11T08:00:34Z
2026-08-11T07:56:44Z,2026-08-11T09:56:44+0200,58a750df-313e-448a-89dd-c0365ec5f82d,2026-08-07T09:00:00Z,2026-08-07T11:00:00+0200,759.5,MW,DK1,DK_1,forecast_offshore_wind_generation,Wind Offshore,2026-08-11T08:00:34Z
2026-08-11T07:56:44Z,2026-08-11T09:56:44+0200,58a750df-313e-448a-89dd-c0365ec5f82d,2026-08-07T09:15:00Z,2026-08-07T11:15:00+0200,751.0,MW,DK1,DK_1,forecast_offshore_wind_generation,Wind Offshore,2026-08-11T08:00:34Z
2026-08-11T07:56:44Z,2026-08-11T09:56:44+0200,58a750df-313e-448a-89dd-c0365ec5f82d,2026-08-07T09:30:00Z,2026-08-07T11:30:00+0200,742.5,MW,DK1,DK_1,forecast_offshore_wind_generation,Wind Offshore,2026-08-11T08:00:34Z
2026-08-11T07:56:44Z,2026-08-11T09:56:44+0200,58a750df-313e-448a-89dd-c0365ec5f82d,2026-08-07T09:45:00Z,2026-08-07T11:45:00+0200,733.5,MW,DK1,DK_1,forecast_offshore_wind_generation,Wind Offshore,2026-08-11T08:00:34Z
2026-08-11T07:56:44Z,2026-08-11T09:56:44+0200,58a750df-313e-448a-89dd-c0365ec5f82d,2026-08-07T10:00:00Z,2026-08-07T12:00:00+0200,723.0,MW,DK1,DK_1,forecast_offshore_wind_generation,Wind Offshore,2026-08-11T08:00:34Z
2026-08-11T07:56:44Z,2026-08-11T09:56:44+0200,58a750df-313e-448a-89dd-c0365ec5f82d,2026-08-07T10:15:00Z,2026-08-07T12:15:00+0200,709.5,MW,DK1,DK_1,forecast_offshore_wind_generation,Wind Offshore,2026-08-11T08:00:34Z
2026-08-11T07:56:44Z,2026-08-11T09:56:44+0200,58a750df-313e-448a-89dd-c0365ec5f82d,2026-08-07T10:30:00Z,2026-08-07T12:30:00+0200,694.5,MW,DK1,DK_1,forecast_offshore_wind_generation,Wind Offshore,2026-08-11T08:00:34Z
2026-08-11T07:56:44Z,2026-08-11T09:56:44+0200,58a750df-313e-448a-89dd-c0365ec5f82d,2026-08-07T10:45:00Z,2026-08-07T12:45:00+0200,681.166666,MW,DK1,DK_1,forecast_offshore_wind_generation,Wind Offshore,2026-08-11T08:00:34Z
2026-08-11T07:56:44Z,2026-08-11T09:56:44+0200,58a750df-313e-448a-89dd-c0365ec5f82d,2026-08-07T11:00:00Z,2026-08-07T13:00:00+0200,672.833333,MW,DK1,DK_1,forecast_offshore_wind_generation,Wind Offshore,2026-08-11T08:00:34Z
2026-08-11T07:56:44Z,2026-08-11T09:56:44+0200,58a750df-313e-448a-89dd-c0365ec5f82d,2026-08-07T11:15:00Z,2026-08-07T13:15:00+0200,666.0,MW,DK1,DK_1,forecast_offshore_wind_generation,Wind Offshore,2026-08-11T08:00:34Z
2026-08-11T07:56:44Z,2026-08-11T09:56:44+0200,58a750df-313e-448a-89dd-c0365ec5f82d,2026-08-07T11:30:00Z,2026-08-07T13:30:00+0200,660.0,MW,DK1,DK_1,forecast_offshore_wind_generation,Wind Offshore,2026-08-11T08:00:34Z
2026-08-11T07:56:44Z,2026-08-11T09:56:44+0200,58a750df-313e-448a-89dd-c0365ec5f82d,2026-08-07T11:45:00Z,2026-08-07T13:45:00+0200,653.5,MW,DK1,DK_1,forecast_offshore_wind_generation,Wind Offshore,2026-08-11T08:00:34Z
2026-08-11T07:56:44Z,2026-08-11T09:56:44+0200,58a750df-313e-448a-89dd-c0365ec5f82d,2026-08-07T12:00:00Z,2026-08-07T14:00:00+0200,645.333333,MW,DK1,DK_1,forecast_offshore_wind_generation,Wind Offshore,2026-08-11T08:00:34Z
2026-08-11T07:56:44Z,2026-08-11T09:56:44+0200,58a750df-313e-448a-89dd-c0365ec5f82d,2026-08-07T12:15:00Z,2026-08-07T14:15:00+0200,634.0,MW,DK1,DK_1,forecast_offshore_wind_generation,Wind Offshore,2026-08-11T08:00:34Z
2026-08-11T07:56:44Z,2026-08-11T09:56:44+0200,58a750df-313e-448a-89dd-c0365ec5f82d,2026-08-07T12:30:00Z,2026-08-07T14:30:00+0200,622.166666,MW,DK1,DK_1,forecast_offshore_wind_generation,Wind Offshore,2026-08-11T08:00:34Z
2026-08-11T07:56:44Z,2026-08-11T09:56:44+0200,58a750df-313e-448a-89dd-c0365ec5f82d,2026-08-07T12:45:00Z,2026-08-07T14:45:00+0200,612.333333,MW,DK1,DK_1,forecast_offshore_wind_generation,Wind Offshore,2026-08-11T08:00:34Z
2026-08-11T07:56:44Z,2026-08-11T09:56:44+0200,58a750df-313e-448a-89dd-c0365ec5f82d,2026-08-07T13:00:00Z,2026-08-07T15:00:00+0200,607.166666,MW,DK1,DK_1,forecast_offshore_wind_generation,Wind Offshore,2026-08-11T08:00:34Z
2026-08-11T07:56:44Z,2026-08-11T09:56:44+0200,58a750df-313e-448a-89dd-c0365ec5f82d,2026-08-07T13:15:00Z,2026-08-07T15:15:00+0200,607.5,MW,DK1,DK_1,forecast_offshore_wind_generation,Wind Offshore,2026-08-11T08:00:34Z
2026-08-11T07:56:44Z,2026-08-11T09:56:44+0200,58a750df-313e-448a-89dd-c0365ec5f82d,2026-08-07T13:30:00Z,2026-08-07T15:30:00+0200,610.666666,MW,DK1,DK_1,forecast_offshore_wind_generation,Wind Offshore,2026-08-11T08:00:34Z
2026-08-11T07:56:44Z,2026-08-11T09:56:44+0200,58a750df-313e-448a-89dd-c0365ec5f82d,2026-08-07T13:45:00Z,2026-08-07T15:45:00+0200,615.833333,MW,DK1,DK_1,forecast_offshore_wind_generation,Wind Offshore,2026-08-11T08:00:34Z
2026-08-11T07:56:44Z,2026-08-11T09:56:44+0200,58a750df-313e-448a-89dd-c0365ec5f82d,2026-08-07T14:00:00Z,2026-08-07T16:00:00+0200,621.666666,MW,DK1,DK_1,forecast_offshore_wind_generation,Wind Offshore,2026-08-11T08:00:34Z
2026-08-11T07:56:44Z,2026-08-11T09:56:44+0200,58a750df-313e-448a-89dd-c0365ec5f82d,2026-08-07T14:15:00Z,2026-08-07T16:15:00+0200,632.0,MW,DK1,DK_1,forecast_offshore_wind_generation,Wind Offshore,2026-08-11T08:00:34Z
2026-08-11T07:56:44Z,2026-08-11T09:56:44+0200,58a750df-313e-448a-89dd-c0365ec5f82d,2026-08-07T14:30:00Z,2026-08-07T16:30:00+0200,642.333333,MW,DK1,DK_1,forecast_offshore_wind_generation,Wind Offshore,2026-08-11T08:00:34Z
2026-08-11T07:56:44Z,2026-08-11T09:56:44+0200,58a750df-313e-448a-89dd-c0365ec5f82d,2026-08-07T14:45:00Z,2026-08-07T16:45:00+0200,649.0,MW,DK1,DK_1,forecast_offshore_wind_generation,Wind Offshore,2026-08-11T08:00:34Z
2026-08-11T07:56:44Z,2026-08-11T09:56:44+0200,58a750df-313e-448a-89dd-c0365ec5f82d,2026-08-07T15:00:00Z,2026-08-07T17:00:00+0200,652.833333,MW,DK1,DK_1,forecast_offshore_wind_generation,Wind Offshore,2026-08-11T08:00:34Z
2026-08-11T07:56:44Z,2026-08-11T09:56:44+0200,58a750df-313e-448a-89dd-c0365ec5f82d,2026-08-07T15:15:00Z,2026-08-07T17:15:00+0200,650.5,MW,DK1,DK_1,forecast_offshore_wind_generation,Wind Offshore,2026-08-11T08:00:34Z
2026-08-11T07:56:44Z,2026-08-11T09:56:44+0200,58a750df-313e-448a-89dd-c0365ec5f82d,2026-08-07T15:30:00Z,2026-08-07T17:30:00+0200,641.666666,MW,DK1,DK_1,forecast_offshore_wind_generation,Wind Offshore,2026-08-11T08:00:34Z
2026-08-11T07:56:44Z,2026-08-11T09:56:44+0200,58a750df-313e-448a-89dd-c0365ec5f82d,2026-08-07T15:45:00Z,2026-08-07T17:45:00+0200,637.166666,MW,DK1,DK_1,forecast_offshore_wind_generation,Wind Offshore,2026-08-11T08:00:34Z
2026-08-11T07:56:44Z,2026-08-11T09:56:44+0200,58a750df-313e-448a-89dd-c0365ec5f82d,2026-08-07T16:00:00Z,2026-08-07T18:00:00+0200,640.0,MW,DK1,DK_1,forecast_offshore_wind_generation,Wind Offshore,2026-08-11T08:00:34Z
2026-08-11T07:56:44Z,2026-08-11T09:56:44+0200,58a750df-313e-448a-89dd-c0365ec5f82d,2026-08-07T16:15:00Z,2026-08-07T18:15:00+0200,648.0,MW,DK1,DK_1,forecast_offshore_wind_generation,Wind Offshore,2026-08-11T08:00:34Z
2026-08-11T07:56:44Z,2026-08-11T09:56:44+0200,58a750df-313e-448a-89dd-c0365ec5f82d,2026-08-07T16:30:00Z,2026-08-07T18:30:00+0200,658.333333,MW,DK1,DK_1,forecast_offshore_wind_generation,Wind Offshore,2026-08-11T08:00:34Z
2026-08-11T07:56:44Z,2026-08-11T09:56:44+0200,58a750df-313e-448a-89dd-c0365ec5f82d,2026-08-07T16:45:00Z,2026-08-07T18:45:00+0200,666.666666,MW,DK1,DK_1,forecast_offshore_wind_generation,Wind Offshore,2026-08-11T08:00:34Z
2026-08-11T07:56:44Z,2026-08-11T09:56:44+0200,58a750df-313e-448a-89dd-c0365ec5f82d,2026-08-07T17:00:00Z,2026-08-07T19:00:00+0200,670.5,MW,DK1,DK_1,forecast_offshore_wind_generation,Wind Offshore,2026-08-11T08:00:34Z
2026-08-11T07:56:44Z,2026-08-11T09:56:44+0200,58a750df-313e-448a-89dd-c0365ec5f82d,2026-08-07T17:15:00Z,2026-08-07T19:15:00+0200,672.5,MW,DK1,DK_1,forecast_offshore_wind_generation,Wind Offshore,2026-08-11T08:00:34Z
2026-08-11T07:56:44Z,2026-08-11T09:56:44+0200,58a750df-313e-448a-89dd-c0365ec5f82d,2026-08-07T17:30:00Z,2026-08-07T19:30:00+0200,673.833333,MW,DK1,DK_1,forecast_offshore_wind_generation,Wind Offshore,2026-08-11T08:00:34Z
2026-08-11T07:56:44Z,2026-08-11T09:56:44+0200,58a750df-313e-448a-89dd-c0365ec5f82d,2026-08-07T17:45:00Z,2026-08-07T19:45:00+0200,673.0,MW,DK1,DK_1,forecast_offshore_wind_generation,Wind Offshore,2026-08-11T08:00:34Z
2026-08-11T07:56:44Z,2026-08-11T09:56:44+0200,58a750df-313e-448a-89dd-c0365ec5f82d,2026-08-07T18:00:00Z,2026-08-07T20:00:00+0200,669.666666,MW,DK1,DK_1,forecast_offshore_wind_generation,Wind Offshore,2026-08-11T08:00:34Z
2026-08-11T07:56:44Z,2026-08-11T09:56:44+0200,58a750df-313e-448a-89dd-c0365ec5f82d,2026-08-07T18:15:00Z,2026-08-07T20:15:00+0200,661.333333,MW,DK1,DK_1,forecast_offshore_wind_generation,Wind Offshore,2026-08-11T08:00:34Z
2026-08-11T07:56:44Z,2026-08-11T09:56:44+0200,58a750df-313e-448a-89dd-c0365ec5f82d,2026-08-07T18:30:00Z,2026-08-07T20:30:00+0200,650.0,MW,DK1,DK_1,forecast_offshore_wind_generation,Wind Offshore,2026-08-11T08:00:34Z
2026-08-11T07:56:44Z,2026-08-11T09:56:44+0200,58a750df-313e-448a-89dd-c0365ec5f82d,2026-08-07T18:45:00Z,2026-08-07T20:45:00+0200,639.0,MW,DK1,DK_1,forecast_offshore_wind_generation,Wind Offshore,2026-08-11T08:00:34Z
2026-08-11T07:56:44Z,2026-08-11T09:56:44+0200,58a750df-313e-448a-89dd-c0365ec5f82d,2026-08-07T19:00:00Z,2026-08-07T21:00:00+0200,630.833333,MW,DK1,DK_1,forecast_offshore_wind_generation,Wind Offshore,2026-08-11T08:00:34Z
2026-08-11T07:56:44Z,2026-08-11T09:56:44+0200,58a750df-313e-448a-89dd-c0365ec5f82d,2026-08-07T19:15:00Z,2026-08-07T21:15:00+0200,622.5,MW,DK1,DK_1,forecast_offshore_wind_generation,Wind Offshore,2026-08-11T08:00:34Z
2026-08-11T07:56:44Z,2026-08-11T09:56:44+0200,58a750df-313e-448a-89dd-c0365ec5f82d,2026-08-07T19:30:00Z,2026-08-07T21:30:00+0200,613.0,MW,DK1,DK_1,forecast_offshore_wind_generation,Wind Offshore,2026-08-11T08:00:34Z
2026-08-11T07:56:44Z,2026-08-11T09:56:44+0200,58a750df-313e-448a-89dd-c0365ec5f82d,2026-08-07T19:45:00Z,2026-08-07T21:45:00+0200,603.5,MW,DK1,DK_1,forecast_offshore_wind_generation,Wind Offshore,2026-08-11T08:00:34Z
2026-08-11T07:56:44Z,2026-08-11T09:56:44+0200,58a750df-313e-448a-89dd-c0365ec5f82d,2026-08-07T20:00:00Z,2026-08-07T22:00:00+0200,593.833333,MW,DK1,DK_1,forecast_offshore_wind_generation,Wind Offshore,2026-08-11T08:00:34Z
2026-08-11T07:56:44Z,2026-08-11T09:56:44+0200,58a750df-313e-448a-89dd-c0365ec5f82d,2026-08-07T20:15:00Z,2026-08-07T22:15:00+0200,580.5,MW,DK1,DK_1,forecast_offshore_wind_generation,Wind Offshore,2026-08-11T08:00:34Z
2026-08-11T07:56:44Z,2026-08-11T09:56:44+0200,58a750df-313e-448a-89dd-c0365ec5f82d,2026-08-07T20:30:00Z,2026-08-07T22:30:00+0200,565.666666,MW,DK1,DK_1,forecast_offshore_wind_generation,Wind Offshore,2026-08-11T08:00:34Z
2026-08-11T07:56:44Z,2026-08-11T09:56:44+0200,58a750df-313e-448a-89dd-c0365ec5f82d,2026-08-07T20:45:00Z,2026-08-07T22:45:00+0200,553.833333,MW,DK1,DK_1,forecast_offshore_wind_generation,Wind Offshore,2026-08-11T08:00:34Z
2026-08-11T07:56:44Z,2026-08-11T09:56:44+0200,58a750df-313e-448a-89dd-c0365ec5f82d,2026-08-07T21:00:00Z,2026-08-07T23:00:00+0200,548.666666,MW,DK1,DK_1,forecast_offshore_wind_generation,Wind Offshore,2026-08-11T08:00:34Z
2026-08-11T07:56:44Z,2026-08-11T09:56:44+0200,58a750df-313e-448a-89dd-c0365ec5f82d,2026-08-07T21:15:00Z,2026-08-07T23:15:00+0200,547.166666,MW,DK1,DK_1,forecast_offshore_wind_generation,Wind Offshore,2026-08-11T08:00:34Z
2026-08-11T07:56:44Z,2026-08-11T09:56:44+0200,58a750df-313e-448a-89dd-c0365ec5f82d,2026-08-07T21:30:00Z,2026-08-07T23:30:00+0200,546.166666,MW,DK1,DK_1,forecast_offshore_wind_generation,Wind Offshore,2026-08-11T08:00:34Z
2026-08-11T07:56:44Z,2026-08-11T09:56:44+0200,58a750df-313e-448a-89dd-c0365ec5f82d,2026-08-07T21:45:00Z,2026-08-07T23:45:00+0200,544.5,MW,DK1,DK_1,forecast_offshore_wind_generation,Wind Offshore,2026-08-11T08:00:34Z
2026-08-11T07:56:44Z,2026-08-11T09:56:44+0200,58a750df-313e-448a-89dd-c0365ec5f82d,2026-08-07T22:00:00Z,2026-08-08T00:00:00+0200,582.0,MW,DK1,DK_1,forecast_offshore_wind_generation,Wind Offshore,2026-08-11T08:00:34Z
2026-08-11T07:56:44Z,2026-08-11T09:56:44+0200,58a750df-313e-448a-89dd-c0365ec5f82d,2026-08-07T22:15:00Z,2026-08-08T00:15:00+0200,578.0,MW,DK1,DK_1,forecast_offshore_wind_generation,Wind Offshore,2026-08-11T08:00:34Z
2026-08-11T07:56:44Z,2026-08-11T09:56:44+0200,58a750df-313e-448a-89dd-c0365ec5f82d,2026-08-07T22:30:00Z,2026-08-08T00:30:00+0200,574.333333,MW,DK1,DK_1,forecast_offshore_wind_generation,Wind Offshore,2026-08-11T08:00:34Z
2026-08-11T07:56:44Z,2026-08-11T09:56:44+0200,58a750df-313e-448a-89dd-c0365ec5f82d,2026-08-07T22:45:00Z,2026-08-08T00:45:00+0200,570.5,MW,DK1,DK_1,forecast_offshore_wind_generation,Wind Offshore,2026-08-11T08:00:34Z
2026-08-11T07:56:44Z,2026-08-11T09:56:44+0200,58a750df-313e-448a-89dd-c0365ec5f82d,2026-08-07T23:00:00Z,2026-08-08T01:00:00+0200,567.333333,MW,DK1,DK_1,forecast_offshore_wind_generation,Wind Offshore,2026-08-11T08:00:34Z
2026-08-11T07:56:44Z,2026-08-11T09:56:44+0200,58a750df-313e-448a-89dd-c0365ec5f82d,2026-08-07T23:15:00Z,2026-08-08T01:15:00+0200,562.0,MW,DK1,DK_1,forecast_offshore_wind_generation,Wind Offshore,2026-08-11T08:00:34Z
2026-08-11T07:56:44Z,2026-08-11T09:56:44+0200,58a750df-313e-448a-89dd-c0365ec5f82d,2026-08-07T23:30:00Z,2026-08-08T01:30:00+0200,557.0,MW,DK1,DK_1,forecast_offshore_wind_generation,Wind Offshore,2026-08-11T08:00:34Z
2026-08-11T07:56:44Z,2026-08-11T09:56:44+0200,58a750df-313e-448a-89dd-c0365ec5f82d,2026-08-07T23:45:00Z,2026-08-08T01:45:00+0200,553.666666,MW,DK1,DK_1,forecast_offshore_wind_generation,Wind Offshore,2026-08-11T08:00:34Z
2026-08-11T07:56:44Z,2026-08-11T09:56:44+0200,58a750df-313e-448a-89dd-c0365ec5f82d,2026-08-08T00:00:00Z,2026-08-08T02:00:00+0200,552.5,MW,DK1,DK_1,forecast_offshore_wind_generation,Wind Offshore,2026-08-11T08:00:34Z
2026-08-11T07:56:44Z,2026-08-11T09:56:44+0200,58a750df-313e-448a-89dd-c0365ec5f82d,2026-08-08T00:15:00Z,2026-08-08T02:15:00+0200,550.666666,MW,DK1,DK_1,forecast_offshore_wind_generation,Wind Offshore,2026-08-11T08:00:34Z
2026-08-11T07:56:44Z,2026-08-11T09:56:44+0200,58a750df-313e-448a-89dd-c0365ec5f82d,2026-08-08T00:30:00Z,2026-08-08T02:30:00+0200,548.5,MW,DK1,DK_1,forecast_offshore_wind_generation,Wind Offshore,2026-08-11T08:00:34Z
2026-08-11T07:56:44Z,2026-08-11T09:56:44+0200,58a750df-313e-448a-89dd-c0365ec5f82d,2026-08-08T00:45:00Z,2026-08-08T02:45:00+0200,546.0,MW,DK1,DK_1,forecast_offshore_wind_generation,Wind Offshore,2026-08-11T08:00:34Z
2026-08-11T07:56:44Z,2026-08-11T09:56:44+0200,58a750df-313e-448a-89dd-c0365ec5f82d,2026-08-08T01:00:00Z,2026-08-08T03:00:00+0200,545.0,MW,DK1,DK_1,forecast_offshore_wind_generation,Wind Offshore,2026-08-11T08:00:34Z
2026-08-11T07:56:44Z,2026-08-11T09:56:44+0200,58a750df-313e-448a-89dd-c0365ec5f82d,2026-08-08T01:15:00Z,2026-08-08T03:15:00+0200,544.166666,MW,DK1,DK_1,forecast_offshore_wind_generation,Wind Offshore,2026-08-11T08:00:34Z
2026-08-11T07:56:44Z,2026-08-11T09:56:44+0200,58a750df-313e-448a-89dd-c0365ec5f82d,2026-08-08T01:30:00Z,2026-08-08T03:30:00+0200,543.166666,MW,DK1,DK_1,forecast_offshore_wind_generation,Wind Offshore,2026-08-11T08:00:34Z
2026-08-11T07:56:44Z,2026-08-11T09:56:44+0200,58a750df-313e-448a-89dd-c0365ec5f82d,2026-08-08T01:45:00Z,2026-08-08T03:45:00+0200,542.5,MW,DK1,DK_1,forecast_offshore_wind_generation,Wind Offshore,2026-08-11T08:00:34Z
2026-08-11T07:56:44Z,2026-08-11T09:56:44+0200,58a750df-313e-448a-89dd-c0365ec5f82d,2026-08-08T02:00:00Z,2026-08-08T04:00:00+0200,541.166666,MW,DK1,DK_1,forecast_offshore_wind_generation,Wind Offshore,2026-08-11T08:00:34Z
2026-08-11T07:56:44Z,2026-08-11T09:56:44+0200,58a750df-313e-448a-89dd-c0365ec5f82d,2026-08-08T02:15:00Z,2026-08-08T04:15:00+0200,540.166666,MW,DK1,DK_1,forecast_offshore_wind_generation,Wind Offshore,2026-08-11T08:00:34Z
2026-08-11T07:56:44Z,2026-08-11T09:56:44+0200,58a750df-313e-448a-89dd-c0365ec5f82d,2026-08-08T02:30:00Z,2026-08-08T04:30:00+0200,539.0,MW,DK1,DK_1,forecast_offshore_wind_generation,Wind Offshore,2026-08-11T08:00:34Z
2026-08-11T07:56:44Z,2026-08-11T09:56:44+0200,58a750df-313e-448a-89dd-c0365ec5f82d,2026-08-08T02:45:00Z,2026-08-08T04:45:00+0200,535.5,MW,DK1,DK_1,forecast_offshore_wind_generation,Wind Offshore,2026-08-11T08:00:34Z
2026-08-11T07:56:44Z,2026-08-11T09:56:44+0200,58a750df-313e-448a-89dd-c0365ec5f82d,2026-08-08T03:00:00Z,2026-08-08T05:00:00+0200,530.0,MW,DK1,DK_1,forecast_offshore_wind_generation,Wind Offshore,2026-08-11T08:00:34Z
2026-08-11T07:56:44Z,2026-08-11T09:56:44+0200,58a750df-313e-448a-89dd-c0365ec5f82d,2026-08-08T03:15:00Z,2026-08-08T05:15:00+0200,522.5,MW,DK1,DK_1,forecast_offshore_wind_generation,Wind Offshore,2026-08-11T08:00:34Z
2026-08-11T07:56:44Z,2026-08-11T09:56:44+0200,58a750df-313e-448a-89dd-c0365ec5f82d,2026-08-08T03:30:00Z,2026-08-08T05:30:00+0200,514.333333,MW,DK1,DK_1,forecast_offshore_wind_generation,Wind Offshore,2026-08-11T08:00:34Z
2026-08-11T07:56:44Z,2026-08-11T09:56:44+0200,58a750df-313e-448a-89dd-c0365ec5f82d,2026-08-08T03:45:00Z,2026-08-08T05:45:00+0200,507.0,MW,DK1,DK_1,forecast_offshore_wind_generation,Wind Offshore,2026-08-11T08:00:34Z
2026-08-11T07:56:44Z,2026-08-11T09:56:44+0200,58a750df-313e-448a-89dd-c0365ec5f82d,2026-08-08T04:00:00Z,2026-08-08T06:00:00+0200,502.5,MW,DK1,DK_1,forecast_offshore_wind_generation,Wind Offshore,2026-08-11T08:00:34Z
2026-08-11T07:56:44Z,2026-08-11T09:56:44+0200,58a750df-313e-448a-89dd-c0365ec5f82d,2026-08-08T04:15:00Z,2026-08-08T06:15:00+0200,499.666666,MW,DK1,DK_1,forecast_offshore_wind_generation,Wind Offshore,2026-08-11T08:00:34Z
2026-08-11T07:56:44Z,2026-08-11T09:56:44+0200,58a750df-313e-448a-89dd-c0365ec5f82d,2026-08-08T04:30:00Z,2026-08-08T06:30:00+0200,498.0,MW,DK1,DK_1,forecast_offshore_wind_generation,Wind Offshore,2026-08-11T08:00:34Z
2026-08-11T07:56:44Z,2026-08-11T09:56:44+0200,58a750df-313e-448a-89dd-c0365ec5f82d,2026-08-08T04:45:00Z,2026-08-08T06:45:00+0200,496.833333,MW,DK1,DK_1,forecast_offshore_wind_generation,Wind Offshore,2026-08-11T08:00:34Z
2026-08-11T07:56:44Z,2026-08-11T09:56:44+0200,58a750df-313e-448a-89dd-c0365ec5f82d,2026-08-08T05:00:00Z,2026-08-08T07:00:00+0200,495.333333,MW,DK1,DK_1,forecast_offshore_wind_generation,Wind Offshore,2026-08-11T08:00:34Z
2026-08-11T07:56:44Z,2026-08-11T09:56:44+0200,58a750df-313e-448a-89dd-c0365ec5f82d,2026-08-08T05:15:00Z,2026-08-08T07:15:00+0200,492.333333,MW,DK1,DK_1,forecast_offshore_wind_generation,Wind Offshore,2026-08-11T08:00:34Z
2026-08-11T07:56:44Z,2026-08-11T09:56:44+0200,58a750df-313e-448a-89dd-c0365ec5f82d,2026-08-08T05:30:00Z,2026-08-08T07:30:00+0200,488.333333,MW,DK1,DK_1,forecast_offshore_wind_generation,Wind Offshore,2026-08-11T08:00:34Z
2026-08-11T07:56:44Z,2026-08-11T09:56:44+0200,58a750df-313e-448a-89dd-c0365ec5f82d,2026-08-08T05:45:00Z,2026-08-08T07:45:00+0200,484.333333,MW,DK1,DK_1,forecast_offshore_wind_generation,Wind Offshore,2026-08-11T08:00:34Z
2026-08-11T07:56:44Z,2026-08-11T09:56:44+0200,58a750df-313e-448a-89dd-c0365ec5f82d,2026-08-08T06:00:00Z,2026-08-08T08:00:00+0200,480.0,MW,DK1,DK_1,forecast_offshore_wind_generation,Wind Offshore,2026-08-11T08:00:34Z
2026-08-11T07:56:44Z,2026-08-11T09:56:44+0200,58a750df-313e-448a-89dd-c0365ec5f82d,2026-08-08T06:15:00Z,2026-08-08T08:15:00+0200,474.5,MW,DK1,DK_1,forecast_offshore_wind_generation,Wind Offshore,2026-08-11T08:00:34Z
2026-08-11T07:56:44Z,2026-08-11T09:56:44+0200,58a750df-313e-448a-89dd-c0365ec5f82d,2026-08-08T06:30:00Z,2026-08-08T08:30:00+0200,468.0,MW,DK1,DK_1,forecast_offshore_wind_generation,Wind Offshore,2026-08-11T08:00:34Z
2026-08-11T07:56:44Z,2026-08-11T09:56:44+0200,58a750df-313e-448a-89dd-c0365ec5f82d,2026-08-08T06:45:00Z,2026-08-08T08:45:00+0200,462.0,MW,DK1,DK_1,forecast_offshore_wind_generation,Wind Offshore,2026-08-11T08:00:34Z
2026-08-11T07:56:44Z,2026-08-11T09:56:44+0200,58a750df-313e-448a-89dd-c0365ec5f82d,2026-08-08T07:00:00Z,2026-08-08T09:00:00+0200,456.0,MW,DK1,DK_1,forecast_offshore_wind_generation,Wind Offshore,2026-08-11T08:00:34Z
2026-08-11T07:56:44Z,2026-08-11T09:56:44+0200,58a750df-313e-448a-89dd-c0365ec5f82d,2026-08-08T07:15:00Z,2026-08-08T09:15:00+0200,450.0,MW,DK1,DK_1,forecast_offshore_wind_generation,Wind Offshore,2026-08-11T08:00:34Z
2026-08-11T07:56:44Z,2026-08-11T09:56:44+0200,58a750df-313e-448a-89dd-c0365ec5f82d,2026-08-08T07:30:00Z,2026-08-08T09:30:00+0200,444.0,MW,DK1,DK_1,forecast_offshore_wind_generation,Wind Offshore,2026-08-11T08:00:34Z
2026-08-11T07:56:44Z,2026-08-11T09:56:44+0200,58a750df-313e-448a-89dd-c0365ec5f82d,2026-08-08T07:45:00Z,2026-08-08T09:45:00+0200,439.0,MW,DK1,DK_1,forecast_offshore_wind_generation,Wind Offshore,2026-08-11T08:00:34Z
2026-08-11T07:56:44Z,2026-08-11T09:56:44+0200,58a750df-313e-448a-89dd-c0365ec5f82d,2026-08-08T08:00:00Z,2026-08-08T10:00:00+0200,436.166666,MW,DK1,DK_1,forecast_offshore_wind_generation,Wind Offshore,2026-08-11T08:00:34Z
2026-08-11T07:56:44Z,2026-08-11T09:56:44+0200,58a750df-313e-448a-89dd-c0365ec5f82d,2026-08-08T08:15:00Z,2026-08-08T10:15:00+0200,436.166666,MW,DK1,DK_1,forecast_offshore_wind_generation,Wind Offshore,2026-08-11T08:00:34Z
2026-08-11T07:56:44Z,2026-08-11T09:56:44+0200,58a750df-313e-448a-89dd-c0365ec5f82d,2026-08-08T08:30:00Z,2026-08-08T10:30:00+0200,438.0,MW,DK1,DK_1,forecast_offshore_wind_generation,Wind Offshore,2026-08-11T08:00:34Z
2026-08-11T07:56:44Z,2026-08-11T09:56:44+0200,58a750df-313e-448a-89dd-c0365ec5f82d,2026-08-08T08:45:00Z,2026-08-08T10:45:00+0200,440.5,MW,DK1,DK_1,forecast_offshore_wind_generation,Wind Offshore,2026-08-11T08:00:34Z
2026-08-11T07:56:44Z,2026-08-11T09:56:44+0200,58a750df-313e-448a-89dd-c0365ec5f82d,2026-08-08T09:00:00Z,2026-08-08T11:00:00+0200,442.5,MW,DK1,DK_1,forecast_offshore_wind_generation,Wind Offshore,2026-08-11T08:00:34Z
2026-08-11T07:56:44Z,2026-08-11T09:56:44+0200,58a750df-313e-448a-89dd-c0365ec5f82d,2026-08-08T09:15:00Z,2026-08-08T11:15:00+0200,442.833333,MW,DK1,DK_1,forecast_offshore_wind_generation,Wind Offshore,2026-08-11T08:00:34Z
2026-08-11T07:56:44Z,2026-08-11T09:56:44+0200,58a750df-313e-448a-89dd-c0365ec5f82d,2026-08-08T09:30:00Z,2026-08-08T11:30:00+0200,441.166666,MW,DK1,DK_1,forecast_offshore_wind_generation,Wind Offshore,2026-08-11T08:00:34Z
2026-08-11T07:56:44Z,2026-08-11T09:56:44+0200,58a750df-313e-448a-89dd-c0365ec5f82d,2026-08-08T09:45:00Z,2026-08-08T11:45:00+0200,436.833333,MW,DK1,DK_1,forecast_offshore_wind_generation,Wind Offshore,2026-08-11T08:00:34Z
2026-08-11T07:56:44Z,2026-08-11T09:56:44+0200,58a750df-313e-448a-89dd-c0365ec5f82d,2026-08-08T10:00:00Z,2026-08-08T12:00:00+0200,430.833333,MW,DK1,DK_1,forecast_offshore_wind_generation,Wind Offshore,2026-08-11T08:00:34Z
2026-08-11T07:56:44Z,2026-08-11T09:56:44+0200,58a750df-313e-448a-89dd-c0365ec5f82d,2026-08-08T10:15:00Z,2026-08-08T12:15:00+0200,422.333333,MW,DK1,DK_1,forecast_offshore_wind_generation,Wind Offshore,2026-08-11T08:00:34Z
2026-08-11T07:56:44Z,2026-08-11T09:56:44+0200,58a750df-313e-448a-89dd-c0365ec5f82d,2026-08-08T10:30:00Z,2026-08-08T12:30:00+0200,412.5,MW,DK1,DK_1,forecast_offshore_wind_generation,Wind Offshore,2026-08-11T08:00:34Z
2026-08-11T07:56:44Z,2026-08-11T09:56:44+0200,58a750df-313e-448a-89dd-c0365ec5f82d,2026-08-08T10:45:00Z,2026-08-08T12:45:00+0200,404.333333,MW,DK1,DK_1,forecast_offshore_wind_generation,Wind Offshore,2026-08-11T08:00:34Z
2026-08-11T07:56:44Z,2026-08-11T09:56:44+0200,58a750df-313e-448a-89dd-c0365ec5f82d,2026-08-08T11:00:00Z,2026-08-08T13:00:00+0200,399.666666,MW,DK1,DK_1,forecast_offshore_wind_generation,Wind Offshore,2026-08-11T08:00:34Z
2026-08-11T07:56:44Z,2026-08-11T09:56:44+0200,58a750df-313e-448a-89dd-c0365ec5f82d,2026-08-08T11:15:00Z,2026-08-08T13:15:00+0200,396.666666,MW,DK1,DK_1,forecast_offshore_wind_generation,Wind Offshore,2026-08-11T08:00:34Z
2026-08-11T07:56:44Z,2026-08-11T09:56:44+0200,58a750df-313e-448a-89dd-c0365ec5f82d,2026-08-08T11:30:00Z,2026-08-08T13:30:00+0200,395.0,MW,DK1,DK_1,forecast_offshore_wind_generation,Wind Offshore,2026-08-11T08:00:34Z
2026-08-11T07:56:44Z,2026-08-11T09:56:44+0200,58a750df-313e-448a-89dd-c0365ec5f82d,2026-08-08T11:45:00Z,2026-08-08T13:45:00+0200,393.5,MW,DK1,DK_1,forecast_offshore_wind_generation,Wind Offshore,2026-08-11T08:00:34Z
2026-08-11T07:56:44Z,2026-08-11T09:56:44+0200,58a750df-313e-448a-89dd-c0365ec5f82d,2026-08-08T12:00:00Z,2026-08-08T14:00:00+0200,392.0,MW,DK1,DK_1,forecast_offshore_wind_generation,Wind Offshore,2026-08-11T08:00:34Z
2026-08-11T07:56:44Z,2026-08-11T09:56:44+0200,58a750df-313e-448a-89dd-c0365ec5f82d,2026-08-08T12:15:00Z,2026-08-08T14:15:00+0200,390.0,MW,DK1,DK_1,forecast_offshore_wind_generation,Wind Offshore,2026-08-11T08:00:34Z
2026-08-11T07:56:44Z,2026-08-11T09:56:44+0200,58a750df-313e-448a-89dd-c0365ec5f82d,2026-08-08T12:30:00Z,2026-08-08T14:30:00+0200,388.833333,MW,DK1,DK_1,forecast_offshore_wind_generation,Wind Offshore,2026-08-11T08:00:34Z
2026-08-11T07:56:44Z,2026-08-11T09:56:44+0200,58a750df-313e-448a-89dd-c0365ec5f82d,2026-08-08T12:45:00Z,2026-08-08T14:45:00+0200,388.0,MW,DK1,DK_1,forecast_offshore_wind_generation,Wind Offshore,2026-08-11T08:00:34Z
2026-08-11T07:56:44Z,2026-08-11T09:56:44+0200,58a750df-313e-448a-89dd-c0365ec5f82d,2026-08-08T13:00:00Z,2026-08-08T15:00:00+0200,388.166666,MW,DK1,DK_1,forecast_offshore_wind_generation,Wind Offshore,2026-08-11T08:00:34Z
2026-08-11T07:56:44Z,2026-08-11T09:56:44+0200,58a750df-313e-448a-89dd-c0365ec5f82d,2026-08-08T13:15:00Z,2026-08-08T15:15:00+0200,389.666666,MW,DK1,DK_1,forecast_offshore_wind_generation,Wind Offshore,2026-08-11T08:00:34Z
2026-08-11T07:56:44Z,2026-08-11T09:56:44+0200,58a750df-313e-448a-89dd-c0365ec5f82d,2026-08-08T13:30:00Z,2026-08-08T15:30:00+0200,391.166666,MW,DK1,DK_1,forecast_offshore_wind_generation,Wind Offshore,2026-08-11T08:00:34Z
2026-08-11T07:56:44Z,2026-08-11T09:56:44+0200,58a750df-313e-448a-89dd-c0365ec5f82d,2026-08-08T13:45:00Z,2026-08-08T15:45:00+0200,391.166666,MW,DK1,DK_1,forecast_offshore_wind_generation,Wind Offshore,2026-08-11T08:00:34Z
2026-08-11T07:56:44Z,2026-08-11T09:56:44+0200,58a750df-313e-448a-89dd-c0365ec5f82d,2026-08-08T14:00:00Z,2026-08-08T16:00:00+0200,389.666666,MW,DK1,DK_1,forecast_offshore_wind_generation,Wind Offshore,2026-08-11T08:00:34Z
2026-08-11T07:56:44Z,2026-08-11T09:56:44+0200,58a750df-313e-448a-89dd-c0365ec5f82d,2026-08-08T14:15:00Z,2026-08-08T16:15:00+0200,387.333333,MW,DK1,DK_1,forecast_offshore_wind_generation,Wind Offshore,2026-08-11T08:00:34Z
2026-08-11T07:56:44Z,2026-08-11T09:56:44+0200,58a750df-313e-448a-89dd-c0365ec5f82d,2026-08-08T14:30:00Z,2026-08-08T16:30:00+0200,384.166666,MW,DK1,DK_1,forecast_offshore_wind_generation,Wind Offshore,2026-08-11T08:00:34Z
2026-08-11T07:56:44Z,2026-08-11T09:56:44+0200,58a750df-313e-448a-89dd-c0365ec5f82d,2026-08-08T14:45:00Z,2026-08-08T16:45:00+0200,380.333333,MW,DK1,DK_1,forecast_offshore_wind_generation,Wind Offshore,2026-08-11T08:00:34Z
2026-08-11T07:56:44Z,2026-08-11T09:56:44+0200,58a750df-313e-448a-89dd-c0365ec5f82d,2026-08-08T15:00:00Z,2026-08-08T17:00:00+0200,376.0,MW,DK1,DK_1,forecast_offshore_wind_generation,Wind Offshore,2026-08-11T08:00:34Z
2026-08-11T07:56:44Z,2026-08-11T09:56:44+0200,58a750df-313e-448a-89dd-c0365ec5f82d,2026-08-08T15:15:00Z,2026-08-08T17:15:00+0200,371.166666,MW,DK1,DK_1,forecast_offshore_wind_generation,Wind Offshore,2026-08-11T08:00:34Z
2026-08-11T07:56:44Z,2026-08-11T09:56:44+0200,58a750df-313e-448a-89dd-c0365ec5f82d,2026-08-08T15:30:00Z,2026-08-08T17:30:00+0200,367.0,MW,DK1,DK_1,forecast_offshore_wind_generation,Wind Offshore,2026-08-11T08:00:34Z
2026-08-11T07:56:44Z,2026-08-11T09:56:44+0200,58a750df-313e-448a-89dd-c0365ec5f82d,2026-08-08T15:45:00Z,2026-08-08T17:45:00+0200,363.0,MW,DK1,DK_1,forecast_offshore_wind_generation,Wind Offshore,2026-08-11T08:00:34Z
2026-08-11T07:56:44Z,2026-08-11T09:56:44+0200,58a750df-313e-448a-89dd-c0365ec5f82d,2026-08-08T16:00:00Z,2026-08-08T18:00:00+0200,359.5,MW,DK1,DK_1,forecast_offshore_wind_generation,Wind Offshore,2026-08-11T08:00:34Z
2026-08-11T07:56:44Z,2026-08-11T09:56:44+0200,58a750df-313e-448a-89dd-c0365ec5f82d,2026-08-08T16:15:00Z,2026-08-08T18:15:00+0200,356.5,MW,DK1,DK_1,forecast_offshore_wind_generation,Wind Offshore,2026-08-11T08:00:34Z
2026-08-11T07:56:44Z,2026-08-11T09:56:44+0200,58a750df-313e-448a-89dd-c0365ec5f82d,2026-08-08T16:30:00Z,2026-08-08T18:30:00+0200,353.0,MW,DK1,DK_1,forecast_offshore_wind_generation,Wind Offshore,2026-08-11T08:00:34Z
2026-08-11T07:56:44Z,2026-08-11T09:56:44+0200,58a750df-313e-448a-89dd-c0365ec5f82d,2026-08-08T16:45:00Z,2026-08-08T18:45:00+0200,349.333333,MW,DK1,DK_1,forecast_offshore_wind_generation,Wind Offshore,2026-08-11T08:00:34Z
2026-08-11T07:56:44Z,2026-08-11T09:56:44+0200,58a750df-313e-448a-89dd-c0365ec5f82d,2026-08-08T17:00:00Z,2026-08-08T19:00:00+0200,345.0,MW,DK1,DK_1,forecast_offshore_wind_generation,Wind Offshore,2026-08-11T08:00:34Z
2026-08-11T07:56:44Z,2026-08-11T09:56:44+0200,58a750df-313e-448a-89dd-c0365ec5f82d,2026-08-08T17:15:00Z,2026-08-08T19:15:00+0200,340.0,MW,DK1,DK_1,forecast_offshore_wind_generation,Wind Offshore,2026-08-11T08:00:34Z
2026-08-11T07:56:44Z,2026-08-11T09:56:44+0200,58a750df-313e-448a-89dd-c0365ec5f82d,2026-08-08T17:30:00Z,2026-08-08T19:30:00+0200,334.0,MW,DK1,DK_1,forecast_offshore_wind_generation,Wind Offshore,2026-08-11T08:00:34Z
2026-08-11T07:56:44Z,2026-08-11T09:56:44+0200,58a750df-313e-448a-89dd-c0365ec5f82d,2026-08-08T17:45:00Z,2026-08-08T19:45:00+0200,328.0,MW,DK1,DK_1,forecast_offshore_wind_generation,Wind Offshore,2026-08-11T08:00:34Z
2026-08-11T07:56:44Z,2026-08-11T09:56:44+0200,58a750df-313e-448a-89dd-c0365ec5f82d,2026-08-08T18:00:00Z,2026-08-08T20:00:00+0200,319.833333,MW,DK1,DK_1,forecast_offshore_wind_generation,Wind Offshore,2026-08-11T08:00:34Z
2026-08-11T07:56:44Z,2026-08-11T09:56:44+0200,58a750df-313e-448a-89dd-c0365ec5f82d,2026-08-08T18:15:00Z,2026-08-08T20:15:00+0200,306.5,MW,DK1,DK_1,forecast_offshore_wind_generation,Wind Offshore,2026-08-11T08:00:34Z
2026-08-11T07:56:44Z,2026-08-11T09:56:44+0200,58a750df-313e-448a-89dd-c0365ec5f82d,2026-08-08T18:30:00Z,2026-08-08T20:30:00+0200,291.166666,MW,DK1,DK_1,forecast_offshore_wind_generation,Wind Offshore,2026-08-11T08:00:34Z
2026-08-11T07:56:44Z,2026-08-11T09:56:44+0200,58a750df-313e-448a-89dd-c0365ec5f82d,2026-08-08T18:45:00Z,2026-08-08T20:45:00+0200,277.166666,MW,DK1,DK_1,forecast_offshore_wind_generation,Wind Offshore,2026-08-11T08:00:34Z
2026-08-11T07:56:44Z,2026-08-11T09:56:44+0200,58a750df-313e-448a-89dd-c0365ec5f82d,2026-08-08T19:00:00Z,2026-08-08T21:00:00+0200,266.5,MW,DK1,DK_1,forecast_offshore_wind_generation,Wind Offshore,2026-08-11T08:00:34Z
2026-08-11T07:56:44Z,2026-08-11T09:56:44+0200,58a750df-313e-448a-89dd-c0365ec5f82d,2026-08-08T19:15:00Z,2026-08-08T21:15:00+0200,257.666666,MW,DK1,DK_1,forecast_offshore_wind_generation,Wind Offshore,2026-08-11T08:00:34Z
2026-08-11T07:56:44Z,2026-08-11T09:56:44+0200,58a750df-313e-448a-89dd-c0365ec5f82d,2026-08-08T19:30:00Z,2026-08-08T21:30:00+0200,251.0,MW,DK1,DK_1,forecast_offshore_wind_generation,Wind Offshore,2026-08-11T08:00:34Z
2026-08-11T07:56:44Z,2026-08-11T09:56:44+0200,58a750df-313e-448a-89dd-c0365ec5f82d,2026-08-08T19:45:00Z,2026-08-08T21:45:00+0200,245.5,MW,DK1,DK_1,forecast_offshore_wind_generation,Wind Offshore,2026-08-11T08:00:34Z
2026-08-11T07:56:44Z,2026-08-11T09:56:44+0200,58a750df-313e-448a-89dd-c0365ec5f82d,2026-08-08T20:00:00Z,2026-08-08T22:00:00+0200,240.5,MW,DK1,DK_1,forecast_offshore_wind_generation,Wind Offshore,2026-08-11T08:00:34Z
2026-08-11T07:56:44Z,2026-08-11T09:56:44+0200,58a750df-313e-448a-89dd-c0365ec5f82d,2026-08-08T20:15:00Z,2026-08-08T22:15:00+0200,235.0,MW,DK1,DK_1,forecast_offshore_wind_generation,Wind Offshore,2026-08-11T08:00:34Z
2026-08-11T07:56:44Z,2026-08-11T09:56:44+0200,58a750df-313e-448a-89dd-c0365ec5f82d,2026-08-08T20:30:00Z,2026-08-08T22:30:00+0200,229.833333,MW,DK1,DK_1,forecast_offshore_wind_generation,Wind Offshore,2026-08-11T08:00:34Z
2026-08-11T07:56:44Z,2026-08-11T09:56:44+0200,58a750df-313e-448a-89dd-c0365ec5f82d,2026-08-08T20:45:00Z,2026-08-08T22:45:00+0200,225.0,MW,DK1,DK_1,forecast_offshore_wind_generation,Wind Offshore,2026-08-11T08:00:34Z
2026-08-11T07:56:44Z,2026-08-11T09:56:44+0200,58a750df-313e-448a-89dd-c0365ec5f82d,2026-08-08T21:00:00Z,2026-08-08T23:00:00+0200,221.166666,MW,DK1,DK_1,forecast_offshore_wind_generation,Wind Offshore,2026-08-11T08:00:34Z
2026-08-11T07:56:44Z,2026-08-11T09:56:44+0200,58a750df-313e-448a-89dd-c0365ec5f82d,2026-08-08T21:15:00Z,2026-08-08T23:15:00+0200,214.5,MW,DK1,DK_1,forecast_offshore_wind_generation,Wind Offshore,2026-08-11T08:00:34Z
2026-08-11T07:56:44Z,2026-08-11T09:56:44+0200,58a750df-313e-448a-89dd-c0365ec5f82d,2026-08-08T21:30:00Z,2026-08-08T23:30:00+0200,206.666666,MW,DK1,DK_1,forecast_offshore_wind_generation,Wind Offshore,2026-08-11T08:00:34Z
2026-08-11T07:56:44Z,2026-08-11T09:56:44+0200,58a750df-313e-448a-89dd-c0365ec5f82d,2026-08-08T21:45:00Z,2026-08-08T23:45:00+0200,200.166666,MW,DK1,DK_1,forecast_offshore_wind_generation,Wind Offshore,2026-08-11T08:00:34Z
2026-08-11T07:56:44Z,2026-08-11T09:56:44+0200,58a750df-313e-448a-89dd-c0365ec5f82d,2026-08-08T22:00:00Z,2026-08-09T00:00:00+0200,185.166666,MW,DK1,DK_1,forecast_offshore_wind_generation,Wind Offshore,2026-08-11T08:00:34Z
2026-08-11T07:56:44Z,2026-08-11T09:56:44+0200,58a750df-313e-448a-89dd-c0365ec5f82d,2026-08-08T22:15:00Z,2026-08-09T00:15:00+0200,187.5,MW,DK1,DK_1,forecast_offshore_wind_generation,Wind Offshore,2026-08-11T08:00:34Z
2026-08-11T07:56:44Z,2026-08-11T09:56:44+0200,58a750df-313e-448a-89dd-c0365ec5f82d,2026-08-08T22:30:00Z,2026-08-09T00:30:00+0200,191.333333,MW,DK1,DK_1,forecast_offshore_wind_generation,Wind Offshore,2026-08-11T08:00:34Z
2026-08-11T07:56:44Z,2026-08-11T09:56:44+0200,58a750df-313e-448a-89dd-c0365ec5f82d,2026-08-08T22:45:00Z,2026-08-09T00:45:00+0200,195.333333,MW,DK1,DK_1,forecast_offshore_wind_generation,Wind Offshore,2026-08-11T08:00:34Z
2026-08-11T07:56:44Z,2026-08-11T09:56:44+0200,58a750df-313e-448a-89dd-c0365ec5f82d,2026-08-08T23:00:00Z,2026-08-09T01:00:00+0200,198.333333,MW,DK1,DK_1,forecast_offshore_wind_generation,Wind Offshore,2026-08-11T08:00:34Z
2026-08-11T07:56:44Z,2026-08-11T09:56:44+0200,58a750df-313e-448a-89dd-c0365ec5f82d,2026-08-08T23:15:00Z,2026-08-09T01:15:00+0200,200.5,MW,DK1,DK_1,forecast_offshore_wind_generation,Wind Offshore,2026-08-11T08:00:34Z
2026-08-11T07:56:44Z,2026-08-11T09:56:44+0200,58a750df-313e-448a-89dd-c0365ec5f82d,2026-08-08T23:30:00Z,2026-08-09T01:30:00+0200,203.666666,MW,DK1,DK_1,forecast_offshore_wind_generation,Wind Offshore,2026-08-11T08:00:34Z
2026-08-11T07:56:44Z,2026-08-11T09:56:44+0200,58a750df-313e-448a-89dd-c0365ec5f82d,2026-08-08T23:45:00Z,2026-08-09T01:45:00+0200,209.5,MW,DK1,DK_1,forecast_offshore_wind_generation,Wind Offshore,2026-08-11T08:00:34Z
2026-08-11T07:56:44Z,2026-08-11T09:56:44+0200,58a750df-313e-448a-89dd-c0365ec5f82d,2026-08-09T00:00:00Z,2026-08-09T02:00:00+0200,218.5,MW,DK1,DK_1,forecast_offshore_wind_generation,Wind Offshore,2026-08-11T08:00:34Z
2026-08-11T07:56:44Z,2026-08-11T09:56:44+0200,58a750df-313e-448a-89dd-c0365ec5f82d,2026-08-09T00:15:00Z,2026-08-09T02:15:00+0200,230.5,MW,DK1,DK_1,forecast_offshore_wind_generation,Wind Offshore,2026-08-11T08:00:34Z
2026-08-11T07:56:44Z,2026-08-11T09:56:44+0200,58a750df-313e-448a-89dd-c0365ec5f82d,2026-08-09T00:30:00Z,2026-08-09T02:30:00+0200,244.0,MW,DK1,DK_1,forecast_offshore_wind_generation,Wind Offshore,2026-08-11T08:00:34Z
2026-08-11T07:56:44Z,2026-08-11T09:56:44+0200,58a750df-313e-448a-89dd-c0365ec5f82d,2026-08-09T00:45:00Z,2026-08-09T02:45:00+0200,257.5,MW,DK1,DK_1,forecast_offshore_wind_generation,Wind Offshore,2026-08-11T08:00:34Z
2026-08-11T07:56:44Z,2026-08-11T09:56:44+0200,58a750df-313e-448a-89dd-c0365ec5f82d,2026-08-09T01:00:00Z,2026-08-09T03:00:00+0200,271.5,MW,DK1,DK_1,forecast_offshore_wind_generation,Wind Offshore,2026-08-11T08:00:34Z
2026-08-11T07:56:44Z,2026-08-11T09:56:44+0200,58a750df-313e-448a-89dd-c0365ec5f82d,2026-08-09T01:15:00Z,2026-08-09T03:15:00+0200,288.0,MW,DK1,DK_1,forecast_offshore_wind_generation,Wind Offshore,2026-08-11T08:00:34Z
2026-08-11T07:56:44Z,2026-08-11T09:56:44+0200,58a750df-313e-448a-89dd-c0365ec5f82d,2026-08-09T01:30:00Z,2026-08-09T03:30:00+0200,306.333333,MW,DK1,DK_1,forecast_offshore_wind_generation,Wind Offshore,2026-08-11T08:00:34Z
2026-08-11T07:56:44Z,2026-08-11T09:56:44+0200,58a750df-313e-448a-89dd-c0365ec5f82d,2026-08-09T01:45:00Z,2026-08-09T03:45:00+0200,321.833333,MW,DK1,DK_1,forecast_offshore_wind_generation,Wind Offshore,2026-08-11T08:00:34Z
2026-08-11T07:56:44Z,2026-08-11T09:56:44+0200,58a750df-313e-448a-89dd-c0365ec5f82d,2026-08-09T02:00:00Z,2026-08-09T04:00:00+0200,333.166666,MW,DK1,DK_1,forecast_offshore_wind_generation,Wind Offshore,2026-08-11T08:00:34Z
2026-08-11T07:56:44Z,2026-08-11T09:56:44+0200,58a750df-313e-448a-89dd-c0365ec5f82d,2026-08-09T02:15:00Z,2026-08-09T04:15:00+0200,346.666666,MW,DK1,DK_1,forecast_offshore_wind_generation,Wind Offshore,2026-08-11T08:00:34Z
2026-08-11T07:56:44Z,2026-08-11T09:56:44+0200,58a750df-313e-448a-89dd-c0365ec5f82d,2026-08-09T02:30:00Z,2026-08-09T04:30:00+0200,363.833333,MW,DK1,DK_1,forecast_offshore_wind_generation,Wind Offshore,2026-08-11T08:00:34Z
2026-08-11T07:56:44Z,2026-08-11T09:56:44+0200,58a750df-313e-448a-89dd-c0365ec5f82d,2026-08-09T02:45:00Z,2026-08-09T04:45:00+0200,379.333333,MW,DK1,DK_1,forecast_offshore_wind_generation,Wind Offshore,2026-08-11T08:00:34Z
2026-08-11T07:56:44Z,2026-08-11T09:56:44+0200,58a750df-313e-448a-89dd-c0365ec5f82d,2026-08-09T03:00:00Z,2026-08-09T05:00:00+0200,391.0,MW,DK1,DK_1,forecast_offshore_wind_generation,Wind Offshore,2026-08-11T08:00:34Z
2026-08-11T07:56:44Z,2026-08-11T09:56:44+0200,58a750df-313e-448a-89dd-c0365ec5f82d,2026-08-09T03:15:00Z,2026-08-09T05:15:00+0200,399.5,MW,DK1,DK_1,forecast_offshore_wind_generation,Wind Offshore,2026-08-11T08:00:34Z
2026-08-11T07:56:44Z,2026-08-11T09:56:44+0200,58a750df-313e-448a-89dd-c0365ec5f82d,2026-08-09T03:30:00Z,2026-08-09T05:30:00+0200,406.833333,MW,DK1,DK_1,forecast_offshore_wind_generation,Wind Offshore,2026-08-11T08:00:34Z
2026-08-11T07:56:44Z,2026-08-11T09:56:44+0200,58a750df-313e-448a-89dd-c0365ec5f82d,2026-08-09T03:45:00Z,2026-08-09T05:45:00+0200,413.0,MW,DK1,DK_1,forecast_offshore_wind_generation,Wind Offshore,2026-08-11T08:00:34Z
2026-08-11T07:56:44Z,2026-08-11T09:56:44+0200,58a750df-313e-448a-89dd-c0365ec5f82d,2026-08-09T04:00:00Z,2026-08-09T06:00:00+0200,419.0,MW,DK1,DK_1,forecast_offshore_wind_generation,Wind Offshore,2026-08-11T08:00:34Z
2026-08-11T07:56:44Z,2026-08-11T09:56:44+0200,58a750df-313e-448a-89dd-c0365ec5f82d,2026-08-09T04:15:00Z,2026-08-09T06:15:00+0200,424.0,MW,DK1,DK_1,forecast_offshore_wind_generation,Wind Offshore,2026-08-11T08:00:34Z
2026-08-11T07:56:44Z,2026-08-11T09:56:44+0200,58a750df-313e-448a-89dd-c0365ec5f82d,2026-08-09T04:30:00Z,2026-08-09T06:30:00+0200,429.0,MW,DK1,DK_1,forecast_offshore_wind_generation,Wind Offshore,2026-08-11T08:00:34Z
2026-08-11T07:56:44Z,2026-08-11T09:56:44+0200,58a750df-313e-448a-89dd-c0365ec5f82d,2026-08-09T04:45:00Z,2026-08-09T06:45:00+0200,433.833333,MW,DK1,DK_1,forecast_offshore_wind_generation,Wind Offshore,2026-08-11T08:00:34Z
2026-08-11T07:56:44Z,2026-08-11T09:56:44+0200,58a750df-313e-448a-89dd-c0365ec5f82d,2026-08-09T05:00:00Z,2026-08-09T07:00:00+0200,441.666666,MW,DK1,DK_1,forecast_offshore_wind_generation,Wind Offshore,2026-08-11T08:00:34Z
2026-08-11T07:56:44Z,2026-08-11T09:56:44+0200,58a750df-313e-448a-89dd-c0365ec5f82d,2026-08-09T05:15:00Z,2026-08-09T07:15:00+0200,457.333333,MW,DK1,DK_1,forecast_offshore_wind_generation,Wind Offshore,2026-08-11T08:00:34Z
2026-08-11T07:56:44Z,2026-08-11T09:56:44+0200,58a750df-313e-448a-89dd-c0365ec5f82d,2026-08-09T05:30:00Z,2026-08-09T07:30:00+0200,471.833333,MW,DK1,DK_1,forecast_offshore_wind_generation,Wind Offshore,2026-08-11T08:00:34Z
2026-08-11T07:56:44Z,2026-08-11T09:56:44+0200,58a750df-313e-448a-89dd-c0365ec5f82d,2026-08-09T05:45:00Z,2026-08-09T07:45:00+0200,482.166666,MW,DK1,DK_1,forecast_offshore_wind_generation,Wind Offshore,2026-08-11T08:00:34Z
2026-08-11T07:56:44Z,2026-08-11T09:56:44+0200,58a750df-313e-448a-89dd-c0365ec5f82d,2026-08-09T06:00:00Z,2026-08-09T08:00:00+0200,485.833333,MW,DK1,DK_1,forecast_offshore_wind_generation,Wind Offshore,2026-08-11T08:00:34Z
2026-08-11T07:56:44Z,2026-08-11T09:56:44+0200,58a750df-313e-448a-89dd-c0365ec5f82d,2026-08-09T06:15:00Z,2026-08-09T08:15:00+0200,484.5,MW,DK1,DK_1,forecast_offshore_wind_generation,Wind Offshore,2026-08-11T08:00:34Z
2026-08-11T07:56:44Z,2026-08-11T09:56:44+0200,58a750df-313e-448a-89dd-c0365ec5f82d,2026-08-09T06:30:00Z,2026-08-09T08:30:00+0200,481.666666,MW,DK1,DK_1,forecast_offshore_wind_generation,Wind Offshore,2026-08-11T08:00:34Z
2026-08-11T07:56:44Z,2026-08-11T09:56:44+0200,58a750df-313e-448a-89dd-c0365ec5f82d,2026-08-09T06:45:00Z,2026-08-09T08:45:00+0200,480.166666,MW,DK1,DK_1,forecast_offshore_wind_generation,Wind Offshore,2026-08-11T08:00:34Z
2026-08-11T07:56:44Z,2026-08-11T09:56:44+0200,58a750df-313e-448a-89dd-c0365ec5f82d,2026-08-09T07:00:00Z,2026-08-09T09:00:00+0200,480.666666,MW,DK1,DK_1,forecast_offshore_wind_generation,Wind Offshore,2026-08-11T08:00:34Z
2026-08-11T07:56:44Z,2026-08-11T09:56:44+0200,58a750df-313e-448a-89dd-c0365ec5f82d,2026-08-09T07:15:00Z,2026-08-09T09:15:00+0200,484.166666,MW,DK1,DK_1,forecast_offshore_wind_generation,Wind Offshore,2026-08-11T08:00:34Z
2026-08-11T07:56:44Z,2026-08-11T09:56:44+0200,58a750df-313e-448a-89dd-c0365ec5f82d,2026-08-09T07:30:00Z,2026-08-09T09:30:00+0200,489.0,MW,DK1,DK_1,forecast_offshore_wind_generation,Wind Offshore,2026-08-11T08:00:34Z
2026-08-11T07:56:44Z,2026-08-11T09:56:44+0200,58a750df-313e-448a-89dd-c0365ec5f82d,2026-08-09T07:45:00Z,2026-08-09T09:45:00+0200,492.333333,MW,DK1,DK_1,forecast_offshore_wind_generation,Wind Offshore,2026-08-11T08:00:34Z
2026-08-11T07:56:44Z,2026-08-11T09:56:44+0200,58a750df-313e-448a-89dd-c0365ec5f82d,2026-08-09T08:00:00Z,2026-08-09T10:00:00+0200,493.0,MW,DK1,DK_1,forecast_offshore_wind_generation,Wind Offshore,2026-08-11T08:00:34Z
2026-08-11T07:56:44Z,2026-08-11T09:56:44+0200,58a750df-313e-448a-89dd-c0365ec5f82d,2026-08-09T08:15:00Z,2026-08-09T10:15:00+0200,493.0,MW,DK1,DK_1,forecast_offshore_wind_generation,Wind Offshore,2026-08-11T08:00:34Z
2026-08-11T07:56:44Z,2026-08-11T09:56:44+0200,58a750df-313e-448a-89dd-c0365ec5f82d,2026-08-09T08:30:00Z,2026-08-09T10:30:00+0200,492.0,MW,DK1,DK_1,forecast_offshore_wind_generation,Wind Offshore,2026-08-11T08:00:34Z
2026-08-11T07:56:44Z,2026-08-11T09:56:44+0200,58a750df-313e-448a-89dd-c0365ec5f82d,2026-08-09T08:45:00Z,2026-08-09T10:45:00+0200,490.333333,MW,DK1,DK_1,forecast_offshore_wind_generation,Wind Offshore,2026-08-11T08:00:34Z
2026-08-11T07:56:44Z,2026-08-11T09:56:44+0200,58a750df-313e-448a-89dd-c0365ec5f82d,2026-08-09T09:00:00Z,2026-08-09T11:00:00+0200,486.5,MW,DK1,DK_1,forecast_offshore_wind_generation,Wind Offshore,2026-08-11T08:00:34Z
2026-08-11T07:56:44Z,2026-08-11T09:56:44+0200,58a750df-313e-448a-89dd-c0365ec5f82d,2026-08-09T09:15:00Z,2026-08-09T11:15:00+0200,481.0,MW,DK1,DK_1,forecast_offshore_wind_generation,Wind Offshore,2026-08-11T08:00:34Z
2026-08-11T07:56:44Z,2026-08-11T09:56:44+0200,58a750df-313e-448a-89dd-c0365ec5f82d,2026-08-09T09:30:00Z,2026-08-09T11:30:00+0200,474.166666,MW,DK1,DK_1,forecast_offshore_wind_generation,Wind Offshore,2026-08-11T08:00:34Z
2026-08-11T07:56:44Z,2026-08-11T09:56:44+0200,58a750df-313e-448a-89dd-c0365ec5f82d,2026-08-09T09:45:00Z,2026-08-09T11:45:00+0200,467.666666,MW,DK1,DK_1,forecast_offshore_wind_generation,Wind Offshore,2026-08-11T08:00:34Z
2026-08-11T07:56:44Z,2026-08-11T09:56:44+0200,58a750df-313e-448a-89dd-c0365ec5f82d,2026-08-09T10:00:00Z,2026-08-09T12:00:00+0200,462.166666,MW,DK1,DK_1,forecast_offshore_wind_generation,Wind Offshore,2026-08-11T08:00:34Z
2026-08-11T07:56:44Z,2026-08-11T09:56:44+0200,58a750df-313e-448a-89dd-c0365ec5f82d,2026-08-09T10:15:00Z,2026-08-09T12:15:00+0200,457.666666,MW,DK1,DK_1,forecast_offshore_wind_generation,Wind Offshore,2026-08-11T08:00:34Z
2026-08-11T07:56:44Z,2026-08-11T09:56:44+0200,58a750df-313e-448a-89dd-c0365ec5f82d,2026-08-09T10:30:00Z,2026-08-09T12:30:00+0200,453.5,MW,DK1,DK_1,forecast_offshore_wind_generation,Wind Offshore,2026-08-11T08:00:34Z
2026-08-11T07:56:44Z,2026-08-11T09:56:44+0200,58a750df-313e-448a-89dd-c0365ec5f82d,2026-08-09T10:45:00Z,2026-08-09T12:45:00+0200,448.833333,MW,DK1,DK_1,forecast_offshore_wind_generation,Wind Offshore,2026-08-11T08:00:34Z
2026-08-11T07:56:44Z,2026-08-11T09:56:44+0200,58a750df-313e-448a-89dd-c0365ec5f82d,2026-08-09T11:00:00Z,2026-08-09T13:00:00+0200,443.0,MW,DK1,DK_1,forecast_offshore_wind_generation,Wind Offshore,2026-08-11T08:00:34Z
2026-08-11T07:56:44Z,2026-08-11T09:56:44+0200,58a750df-313e-448a-89dd-c0365ec5f82d,2026-08-09T11:15:00Z,2026-08-09T13:15:00+0200,436.166666,MW,DK1,DK_1,forecast_offshore_wind_generation,Wind Offshore,2026-08-11T08:00:34Z
2026-08-11T07:56:44Z,2026-08-11T09:56:44+0200,58a750df-313e-448a-89dd-c0365ec5f82d,2026-08-09T11:30:00Z,2026-08-09T13:30:00+0200,430.0,MW,DK1,DK_1,forecast_offshore_wind_generation,Wind Offshore,2026-08-11T08:00:34Z
2026-08-11T07:56:44Z,2026-08-11T09:56:44+0200,58a750df-313e-448a-89dd-c0365ec5f82d,2026-08-09T11:45:00Z,2026-08-09T13:45:00+0200,425.666666,MW,DK1,DK_1,forecast_offshore_wind_generation,Wind Offshore,2026-08-11T08:00:34Z
2026-08-11T07:56:44Z,2026-08-11T09:56:44+0200,58a750df-313e-448a-89dd-c0365ec5f82d,2026-08-09T12:00:00Z,2026-08-09T14:00:00+0200,425.166666,MW,DK1,DK_1,forecast_offshore_wind_generation,Wind Offshore,2026-08-11T08:00:34Z
2026-08-11T07:56:44Z,2026-08-11T09:56:44+0200,58a750df-313e-448a-89dd-c0365ec5f82d,2026-08-09T12:15:00Z,2026-08-09T14:15:00+0200,427.666666,MW,DK1,DK_1,forecast_offshore_wind_generation,Wind Offshore,2026-08-11T08:00:34Z
2026-08-11T07:56:44Z,2026-08-11T09:56:44+0200,58a750df-313e-448a-89dd-c0365ec5f82d,2026-08-09T12:30:00Z,2026-08-09T14:30:00+0200,431.5,MW,DK1,DK_1,forecast_offshore_wind_generation,Wind Offshore,2026-08-11T08:00:34Z
2026-08-11T07:56:44Z,2026-08-11T09:56:44+0200,58a750df-313e-448a-89dd-c0365ec5f82d,2026-08-09T12:45:00Z,2026-08-09T14:45:00+0200,434.5,MW,DK1,DK_1,forecast_offshore_wind_generation,Wind Offshore,2026-08-11T08:00:34Z
2026-08-11T07:56:44Z,2026-08-11T09:56:44+0200,58a750df-313e-448a-89dd-c0365ec5f82d,2026-08-09T13:00:00Z,2026-08-09T15:00:00+0200,435.166666,MW,DK1,DK_1,forecast_offshore_wind_generation,Wind Offshore,2026-08-11T08:00:34Z
2026-08-11T07:56:44Z,2026-08-11T09:56:44+0200,58a750df-313e-448a-89dd-c0365ec5f82d,2026-08-09T13:15:00Z,2026-08-09T15:15:00+0200,429.333333,MW,DK1,DK_1,forecast_offshore_wind_generation,Wind Offshore,2026-08-11T08:00:34Z
2026-08-11T07:56:44Z,2026-08-11T09:56:44+0200,58a750df-313e-448a-89dd-c0365ec5f82d,2026-08-09T13:30:00Z,2026-08-09T15:30:00+0200,421.5,MW,DK1,DK_1,forecast_offshore_wind_generation,Wind Offshore,2026-08-11T08:00:34Z
2026-08-11T07:56:44Z,2026-08-11T09:56:44+0200,58a750df-313e-448a-89dd-c0365ec5f82d,2026-08-09T13:45:00Z,2026-08-09T15:45:00+0200,416.666666,MW,DK1,DK_1,forecast_offshore_wind_generation,Wind Offshore,2026-08-11T08:00:34Z
2026-08-11T07:56:44Z,2026-08-11T09:56:44+0200,58a750df-313e-448a-89dd-c0365ec5f82d,2026-08-09T14:00:00Z,2026-08-09T16:00:00+0200,418.333333,MW,DK1,DK_1,forecast_offshore_wind_generation,Wind Offshore,2026-08-11T08:00:34Z
2026-08-11T07:56:44Z,2026-08-11T09:56:44+0200,58a750df-313e-448a-89dd-c0365ec5f82d,2026-08-09T14:15:00Z,2026-08-09T16:15:00+0200,426.666666,MW,DK1,DK_1,forecast_offshore_wind_generation,Wind Offshore,2026-08-11T08:00:34Z
2026-08-11T07:56:44Z,2026-08-11T09:56:44+0200,58a750df-313e-448a-89dd-c0365ec5f82d,2026-08-09T14:30:00Z,2026-08-09T16:30:00+0200,437.0,MW,DK1,DK_1,forecast_offshore_wind_generation,Wind Offshore,2026-08-11T08:00:34Z
2026-08-11T07:56:44Z,2026-08-11T09:56:44+0200,58a750df-313e-448a-89dd-c0365ec5f82d,2026-08-09T14:45:00Z,2026-08-09T16:45:00+0200,446.0,MW,DK1,DK_1,forecast_offshore_wind_generation,Wind Offshore,2026-08-11T08:00:34Z
2026-08-11T07:56:44Z,2026-08-11T09:56:44+0200,58a750df-313e-448a-89dd-c0365ec5f82d,2026-08-09T15:00:00Z,2026-08-09T17:00:00+0200,452.666666,MW,DK1,DK_1,forecast_offshore_wind_generation,Wind Offshore,2026-08-11T08:00:34Z
2026-08-11T07:56:44Z,2026-08-11T09:56:44+0200,58a750df-313e-448a-89dd-c0365ec5f82d,2026-08-09T15:15:00Z,2026-08-09T17:15:00+0200,460.5,MW,DK1,DK_1,forecast_offshore_wind_generation,Wind Offshore,2026-08-11T08:00:34Z
2026-08-11T07:56:44Z,2026-08-11T09:56:44+0200,58a750df-313e-448a-89dd-c0365ec5f82d,2026-08-09T15:30:00Z,2026-08-09T17:30:00+0200,469.5,MW,DK1,DK_1,forecast_offshore_wind_generation,Wind Offshore,2026-08-11T08:00:34Z
2026-08-11T07:56:44Z,2026-08-11T09:56:44+0200,58a750df-313e-448a-89dd-c0365ec5f82d,2026-08-09T15:45:00Z,2026-08-09T17:45:00+0200,478.0,MW,DK1,DK_1,forecast_offshore_wind_generation,Wind Offshore,2026-08-11T08:00:34Z
2026-08-11T07:56:44Z,2026-08-11T09:56:44+0200,58a750df-313e-448a-89dd-c0365ec5f82d,2026-08-09T16:00:00Z,2026-08-09T18:00:00+0200,486.666666,MW,DK1,DK_1,forecast_offshore_wind_generation,Wind Offshore,2026-08-11T08:00:34Z
2026-08-11T07:56:44Z,2026-08-11T09:56:44+0200,58a750df-313e-448a-89dd-c0365ec5f82d,2026-08-09T16:15:00Z,2026-08-09T18:15:00+0200,499.666666,MW,DK1,DK_1,forecast_offshore_wind_generation,Wind Offshore,2026-08-11T08:00:34Z
2026-08-11T07:56:44Z,2026-08-11T09:56:44+0200,58a750df-313e-448a-89dd-c0365ec5f82d,2026-08-09T16:30:00Z,2026-08-09T18:30:00+0200,513.166666,MW,DK1,DK_1,forecast_offshore_wind_generation,Wind Offshore,2026-08-11T08:00:34Z
2026-08-11T07:56:44Z,2026-08-11T09:56:44+0200,58a750df-313e-448a-89dd-c0365ec5f82d,2026-08-09T16:45:00Z,2026-08-09T18:45:00+0200,523.166666,MW,DK1,DK_1,forecast_offshore_wind_generation,Wind Offshore,2026-08-11T08:00:34Z
2026-08-11T07:56:44Z,2026-08-11T09:56:44+0200,58a750df-313e-448a-89dd-c0365ec5f82d,2026-08-09T17:00:00Z,2026-08-09T19:00:00+0200,527.5,MW,DK1,DK_1,forecast_offshore_wind_generation,Wind Offshore,2026-08-11T08:00:34Z
2026-08-11T07:56:44Z,2026-08-11T09:56:44+0200,58a750df-313e-448a-89dd-c0365ec5f82d,2026-08-09T17:15:00Z,2026-08-09T19:15:00+0200,529.5,MW,DK1,DK_1,forecast_offshore_wind_generation,Wind Offshore,2026-08-11T08:00:34Z
2026-08-11T07:56:44Z,2026-08-11T09:56:44+0200,58a750df-313e-448a-89dd-c0365ec5f82d,2026-08-09T17:30:00Z,2026-08-09T19:30:00+0200,529.0,MW,DK1,DK_1,forecast_offshore_wind_generation,Wind Offshore,2026-08-11T08:00:34Z
2026-08-11T07:56:44Z,2026-08-11T09:56:44+0200,58a750df-313e-448a-89dd-c0365ec5f82d,2026-08-09T17:45:00Z,2026-08-09T19:45:00+0200,526.333333,MW,DK1,DK_1,forecast_offshore_wind_generation,Wind Offshore,2026-08-11T08:00:34Z
2026-08-11T07:56:44Z,2026-08-11T09:56:44+0200,58a750df-313e-448a-89dd-c0365ec5f82d,2026-08-09T18:00:00Z,2026-08-09T20:00:00+0200,521.166666,MW,DK1,DK_1,forecast_offshore_wind_generation,Wind Offshore,2026-08-11T08:00:34Z
2026-08-11T07:56:44Z,2026-08-11T09:56:44+0200,58a750df-313e-448a-89dd-c0365ec5f82d,2026-08-09T18:15:00Z,2026-08-09T20:15:00+0200,510.833333,MW,DK1,DK_1,forecast_offshore_wind_generation,Wind Offshore,2026-08-11T08:00:34Z
2026-08-11T07:56:44Z,2026-08-11T09:56:44+0200,58a750df-313e-448a-89dd-c0365ec5f82d,2026-08-09T18:30:00Z,2026-08-09T20:30:00+0200,497.333333,MW,DK1,DK_1,forecast_offshore_wind_generation,Wind Offshore,2026-08-11T08:00:34Z
2026-08-11T07:56:44Z,2026-08-11T09:56:44+0200,58a750df-313e-448a-89dd-c0365ec5f82d,2026-08-09T18:45:00Z,2026-08-09T20:45:00+0200,484.0,MW,DK1,DK_1,forecast_offshore_wind_generation,Wind Offshore,2026-08-11T08:00:34Z
2026-08-11T07:56:44Z,2026-08-11T09:56:44+0200,58a750df-313e-448a-89dd-c0365ec5f82d,2026-08-09T19:00:00Z,2026-08-09T21:00:00+0200,473.0,MW,DK1,DK_1,forecast_offshore_wind_generation,Wind Offshore,2026-08-11T08:00:34Z
2026-08-11T07:56:44Z,2026-08-11T09:56:44+0200,58a750df-313e-448a-89dd-c0365ec5f82d,2026-08-09T19:15:00Z,2026-08-09T21:15:00+0200,461.166666,MW,DK1,DK_1,forecast_offshore_wind_generation,Wind Offshore,2026-08-11T08:00:34Z
2026-08-11T07:56:44Z,2026-08-11T09:56:44+0200,58a750df-313e-448a-89dd-c0365ec5f82d,2026-08-09T19:30:00Z,2026-08-09T21:30:00+0200,448.666666,MW,DK1,DK_1,forecast_offshore_wind_generation,Wind Offshore,2026-08-11T08:00:34Z
2026-08-11T07:56:44Z,2026-08-11T09:56:44+0200,58a750df-313e-448a-89dd-c0365ec5f82d,2026-08-09T19:45:00Z,2026-08-09T21:45:00+0200,437.833333,MW,DK1,DK_1,forecast_offshore_wind_generation,Wind Offshore,2026-08-11T08:00:34Z
2026-08-11T07:56:44Z,2026-08-11T09:56:44+0200,58a750df-313e-448a-89dd-c0365ec5f82d,2026-08-09T20:00:00Z,2026-08-09T22:00:00+0200,430.5,MW,DK1,DK_1,forecast_offshore_wind_generation,Wind Offshore,2026-08-11T08:00:34Z
2026-08-11T07:56:44Z,2026-08-11T09:56:44+0200,58a750df-313e-448a-89dd-c0365ec5f82d,2026-08-09T20:15:00Z,2026-08-09T22:15:00+0200,423.166666,MW,DK1,DK_1,forecast_offshore_wind_generation,Wind Offshore,2026-08-11T08:00:34Z
2026-08-11T07:56:44Z,2026-08-11T09:56:44+0200,58a750df-313e-448a-89dd-c0365ec5f82d,2026-08-09T20:30:00Z,2026-08-09T22:30:00+0200,417.0,MW,DK1,DK_1,forecast_offshore_wind_generation,Wind Offshore,2026-08-11T08:00:34Z
2026-08-11T07:56:44Z,2026-08-11T09:56:44+0200,58a750df-313e-448a-89dd-c0365ec5f82d,2026-08-09T20:45:00Z,2026-08-09T22:45:00+0200,411.5,MW,DK1,DK_1,forecast_offshore_wind_generation,Wind Offshore,2026-08-11T08:00:34Z
2026-08-11T07:56:44Z,2026-08-11T09:56:44+0200,58a750df-313e-448a-89dd-c0365ec5f82d,2026-08-09T21:00:00Z,2026-08-09T23:00:00+0200,407.166666,MW,DK1,DK_1,forecast_offshore_wind_generation,Wind Offshore,2026-08-11T08:00:34Z
2026-08-11T07:56:44Z,2026-08-11T09:56:44+0200,58a750df-313e-448a-89dd-c0365ec5f82d,2026-08-09T21:15:00Z,2026-08-09T23:15:00+0200,399.5,MW,DK1,DK_1,forecast_offshore_wind_generation,Wind Offshore,2026-08-11T08:00:34Z
2026-08-11T07:56:44Z,2026-08-11T09:56:44+0200,58a750df-313e-448a-89dd-c0365ec5f82d,2026-08-09T21:30:00Z,2026-08-09T23:30:00+0200,390.666666,MW,DK1,DK_1,forecast_offshore_wind_generation,Wind Offshore,2026-08-11T08:00:34Z
2026-08-11T07:56:44Z,2026-08-11T09:56:44+0200,58a750df-313e-448a-89dd-c0365ec5f82d,2026-08-09T21:45:00Z,2026-08-09T23:45:00+0200,384.333333,MW,DK1,DK_1,forecast_offshore_wind_generation,Wind Offshore,2026-08-11T08:00:34Z
2026-08-11T07:56:44Z,2026-08-11T09:56:44+0200,58a750df-313e-448a-89dd-c0365ec5f82d,2026-08-09T22:00:00Z,2026-08-10T00:00:00+0200,436.333333,MW,DK1,DK_1,forecast_offshore_wind_generation,Wind Offshore,2026-08-11T08:00:34Z
2026-08-11T07:56:44Z,2026-08-11T09:56:44+0200,58a750df-313e-448a-89dd-c0365ec5f82d,2026-08-09T22:15:00Z,2026-08-10T00:15:00+0200,426.0,MW,DK1,DK_1,forecast_offshore_wind_generation,Wind Offshore,2026-08-11T08:00:34Z
2026-08-11T07:56:44Z,2026-08-11T09:56:44+0200,58a750df-313e-448a-89dd-c0365ec5f82d,2026-08-09T22:30:00Z,2026-08-10T00:30:00+0200,415.666666,MW,DK1,DK_1,forecast_offshore_wind_generation,Wind Offshore,2026-08-11T08:00:34Z
2026-08-11T07:56:44Z,2026-08-11T09:56:44+0200,58a750df-313e-448a-89dd-c0365ec5f82d,2026-08-09T22:45:00Z,2026-08-10T00:45:00+0200,410.0,MW,DK1,DK_1,forecast_offshore_wind_generation,Wind Offshore,2026-08-11T08:00:34Z
2026-08-11T07:56:44Z,2026-08-11T09:56:44+0200,58a750df-313e-448a-89dd-c0365ec5f82d,2026-08-09T23:00:00Z,2026-08-10T01:00:00+0200,413.833333,MW,DK1,DK_1,forecast_offshore_wind_generation,Wind Offshore,2026-08-11T08:00:34Z
2026-08-11T07:56:44Z,2026-08-11T09:56:44+0200,58a750df-313e-448a-89dd-c0365ec5f82d,2026-08-09T23:15:00Z,2026-08-10T01:15:00+0200,426.666666,MW,DK1,DK_1,forecast_offshore_wind_generation,Wind Offshore,2026-08-11T08:00:34Z
2026-08-11T07:56:44Z,2026-08-11T09:56:44+0200,58a750df-313e-448a-89dd-c0365ec5f82d,2026-08-09T23:30:00Z,2026-08-10T01:30:00+0200,443.5,MW,DK1,DK_1,forecast_offshore_wind_generation,Wind Offshore,2026-08-11T08:00:34Z
2026-08-11T07:56:44Z,2026-08-11T09:56:44+0200,58a750df-313e-448a-89dd-c0365ec5f82d,2026-08-09T23:45:00Z,2026-08-10T01:45:00+0200,459.166666,MW,DK1,DK_1,forecast_offshore_wind_generation,Wind Offshore,2026-08-11T08:00:34Z
2026-08-11T07:56:44Z,2026-08-11T09:56:44+0200,58a750df-313e-448a-89dd-c0365ec5f82d,2026-08-10T00:00:00Z,2026-08-10T02:00:00+0200,470.5,MW,DK1,DK_1,forecast_offshore_wind_generation,Wind Offshore,2026-08-11T08:00:34Z
2026-08-11T07:56:44Z,2026-08-11T09:56:44+0200,58a750df-313e-448a-89dd-c0365ec5f82d,2026-08-10T00:15:00Z,2026-08-10T02:15:00+0200,481.166666,MW,DK1,DK_1,forecast_offshore_wind_generation,Wind Offshore,2026-08-11T08:00:34Z
2026-08-11T07:56:44Z,2026-08-11T09:56:44+0200,58a750df-313e-448a-89dd-c0365ec5f82d,2026-08-10T00:30:00Z,2026-08-10T02:30:00+0200,492.5,MW,DK1,DK_1,forecast_offshore_wind_generation,Wind Offshore,2026-08-11T08:00:34Z
2026-08-11T07:56:44Z,2026-08-11T09:56:44+0200,58a750df-313e-448a-89dd-c0365ec5f82d,2026-08-10T00:45:00Z,2026-08-10T02:45:00+0200,502.833333,MW,DK1,DK_1,forecast_offshore_wind_generation,Wind Offshore,2026-08-11T08:00:34Z
2026-08-11T07:56:44Z,2026-08-11T09:56:44+0200,58a750df-313e-448a-89dd-c0365ec5f82d,2026-08-10T01:00:00Z,2026-08-10T03:00:00+0200,512.166666,MW,DK1,DK_1,forecast_offshore_wind_generation,Wind Offshore,2026-08-11T08:00:34Z
2026-08-11T07:56:44Z,2026-08-11T09:56:44+0200,58a750df-313e-448a-89dd-c0365ec5f82d,2026-08-10T01:15:00Z,2026-08-10T03:15:00+0200,523.5,MW,DK1,DK_1,forecast_offshore_wind_generation,Wind Offshore,2026-08-11T08:00:34Z
2026-08-11T07:56:44Z,2026-08-11T09:56:44+0200,58a750df-313e-448a-89dd-c0365ec5f82d,2026-08-10T01:30:00Z,2026-08-10T03:30:00+0200,534.833333,MW,DK1,DK_1,forecast_offshore_wind_generation,Wind Offshore,2026-08-11T08:00:34Z
2026-08-11T07:56:44Z,2026-08-11T09:56:44+0200,58a750df-313e-448a-89dd-c0365ec5f82d,2026-08-10T01:45:00Z,2026-08-10T03:45:00+0200,543.666666,MW,DK1,DK_1,forecast_offshore_wind_generation,Wind Offshore,2026-08-11T08:00:34Z
2026-08-11T07:56:44Z,2026-08-11T09:56:44+0200,58a750df-313e-448a-89dd-c0365ec5f82d,2026-08-10T02:00:00Z,2026-08-10T04:00:00+0200,547.0,MW,DK1,DK_1,forecast_offshore_wind_generation,Wind Offshore,2026-08-11T08:00:34Z
2026-08-11T07:56:44Z,2026-08-11T09:56:44+0200,58a750df-313e-448a-89dd-c0365ec5f82d,2026-08-10T02:15:00Z,2026-08-10T04:15:00+0200,547.166666,MW,DK1,DK_1,forecast_offshore_wind_generation,Wind Offshore,2026-08-11T08:00:34Z
2026-08-11T07:56:44Z,2026-08-11T09:56:44+0200,58a750df-313e-448a-89dd-c0365ec5f82d,2026-08-10T02:30:00Z,2026-08-10T04:30:00+0200,546.0,MW,DK1,DK_1,forecast_offshore_wind_generation,Wind Offshore,2026-08-11T08:00:34Z
2026-08-11T07:56:44Z,2026-08-11T09:56:44+0200,58a750df-313e-448a-89dd-c0365ec5f82d,2026-08-10T02:45:00Z,2026-08-10T04:45:00+0200,542.5,MW,DK1,DK_1,forecast_offshore_wind_generation,Wind Offshore,2026-08-11T08:00:34Z
2026-08-11T07:56:44Z,2026-08-11T09:56:44+0200,58a750df-313e-448a-89dd-c0365ec5f82d,2026-08-10T03:00:00Z,2026-08-10T05:00:00+0200,538.0,MW,DK1,DK_1,forecast_offshore_wind_generation,Wind Offshore,2026-08-11T08:00:34Z
2026-08-11T07:56:44Z,2026-08-11T09:56:44+0200,58a750df-313e-448a-89dd-c0365ec5f82d,2026-08-10T03:15:00Z,2026-08-10T05:15:00+0200,533.5,MW,DK1,DK_1,forecast_offshore_wind_generation,Wind Offshore,2026-08-11T08:00:34Z
2026-08-11T07:56:44Z,2026-08-11T09:56:44+0200,58a750df-313e-448a-89dd-c0365ec5f82d,2026-08-10T03:30:00Z,2026-08-10T05:30:00+0200,529.166666,MW,DK1,DK_1,forecast_offshore_wind_generation,Wind Offshore,2026-08-11T08:00:34Z
2026-08-11T07:56:44Z,2026-08-11T09:56:44+0200,58a750df-313e-448a-89dd-c0365ec5f82d,2026-08-10T03:45:00Z,2026-08-10T05:45:00+0200,527.166666,MW,DK1,DK_1,forecast_offshore_wind_generation,Wind Offshore,2026-08-11T08:00:34Z
2026-08-11T07:56:44Z,2026-08-11T09:56:44+0200,58a750df-313e-448a-89dd-c0365ec5f82d,2026-08-10T04:00:00Z,2026-08-10T06:00:00+0200,528.5,MW,DK1,DK_1,forecast_offshore_wind_generation,Wind Offshore,2026-08-11T08:00:34Z
2026-08-11T07:56:44Z,2026-08-11T09:56:44+0200,58a750df-313e-448a-89dd-c0365ec5f82d,2026-08-10T04:15:00Z,2026-08-10T06:15:00+0200,532.5,MW,DK1,DK_1,forecast_offshore_wind_generation,Wind Offshore,2026-08-11T08:00:34Z
2026-08-11T07:56:44Z,2026-08-11T09:56:44+0200,58a750df-313e-448a-89dd-c0365ec5f82d,2026-08-10T04:30:00Z,2026-08-10T06:30:00+0200,538.0,MW,DK1,DK_1,forecast_offshore_wind_generation,Wind Offshore,2026-08-11T08:00:34Z
2026-08-11T07:56:44Z,2026-08-11T09:56:44+0200,58a750df-313e-448a-89dd-c0365ec5f82d,2026-08-10T04:45:00Z,2026-08-10T06:45:00+0200,543.5,MW,DK1,DK_1,forecast_offshore_wind_generation,Wind Offshore,2026-08-11T08:00:34Z
2026-08-11T07:56:44Z,2026-08-11T09:56:44+0200,58a750df-313e-448a-89dd-c0365ec5f82d,2026-08-10T05:00:00Z,2026-08-10T07:00:00+0200,546.5,MW,DK1,DK_1,forecast_offshore_wind_generation,Wind Offshore,2026-08-11T08:00:34Z
2026-08-11T07:56:44Z,2026-08-11T09:56:44+0200,58a750df-313e-448a-89dd-c0365ec5f82d,2026-08-10T05:15:00Z,2026-08-10T07:15:00+0200,547.5,MW,DK1,DK_1,forecast_offshore_wind_generation,Wind Offshore,2026-08-11T08:00:34Z
2026-08-11T07:56:44Z,2026-08-11T09:56:44+0200,58a750df-313e-448a-89dd-c0365ec5f82d,2026-08-10T05:30:00Z,2026-08-10T07:30:00+0200,548.5,MW,DK1,DK_1,forecast_offshore_wind_generation,Wind Offshore,2026-08-11T08:00:34Z
2026-08-11T07:56:44Z,2026-08-11T09:56:44+0200,58a750df-313e-448a-89dd-c0365ec5f82d,2026-08-10T05:45:00Z,2026-08-10T07:45:00+0200,549.5,MW,DK1,DK_1,forecast_offshore_wind_generation,Wind Offshore,2026-08-11T08:00:34Z
2026-08-11T07:56:44Z,2026-08-11T09:56:44+0200,58a750df-313e-448a-89dd-c0365ec5f82d,2026-08-10T06:00:00Z,2026-08-10T08:00:00+0200,551.666666,MW,DK1,DK_1,forecast_offshore_wind_generation,Wind Offshore,2026-08-11T08:00:34Z
2026-08-11T07:56:44Z,2026-08-11T09:56:44+0200,58a750df-313e-448a-89dd-c0365ec5f82d,2026-08-10T06:15:00Z,2026-08-10T08:15:00+0200,557.5,MW,DK1,DK_1,forecast_offshore_wind_generation,Wind Offshore,2026-08-11T08:00:34Z
2026-08-11T07:56:44Z,2026-08-11T09:56:44+0200,58a750df-313e-448a-89dd-c0365ec5f82d,2026-08-10T06:30:00Z,2026-08-10T08:30:00+0200,564.833333,MW,DK1,DK_1,forecast_offshore_wind_generation,Wind Offshore,2026-08-11T08:00:34Z
2026-08-11T07:56:44Z,2026-08-11T09:56:44+0200,58a750df-313e-448a-89dd-c0365ec5f82d,2026-08-10T06:45:00Z,2026-08-10T08:45:00+0200,569.5,MW,DK1,DK_1,forecast_offshore_wind_generation,Wind Offshore,2026-08-11T08:00:34Z
2026-08-11T07:56:44Z,2026-08-11T09:56:44+0200,58a750df-313e-448a-89dd-c0365ec5f82d,2026-08-10T07:00:00Z,2026-08-10T09:00:00+0200,570.0,MW,DK1,DK_1,forecast_offshore_wind_generation,Wind Offshore,2026-08-11T08:00:34Z
2026-08-11T07:56:44Z,2026-08-11T09:56:44+0200,58a750df-313e-448a-89dd-c0365ec5f82d,2026-08-10T07:15:00Z,2026-08-10T09:15:00+0200,566.5,MW,DK1,DK_1,forecast_offshore_wind_generation,Wind Offshore,2026-08-11T08:00:34Z
2026-08-11T07:56:44Z,2026-08-11T09:56:44+0200,58a750df-313e-448a-89dd-c0365ec5f82d,2026-08-10T07:30:00Z,2026-08-10T09:30:00+0200,562.0,MW,DK1,DK_1,forecast_offshore_wind_generation,Wind Offshore,2026-08-11T08:00:34Z
2026-08-11T07:56:44Z,2026-08-11T09:56:44+0200,58a750df-313e-448a-89dd-c0365ec5f82d,2026-08-10T07:45:00Z,2026-08-10T09:45:00+0200,558.666666,MW,DK1,DK_1,forecast_offshore_wind_generation,Wind Offshore,2026-08-11T08:00:34Z
2026-08-11T07:56:44Z,2026-08-11T09:56:44+0200,58a750df-313e-448a-89dd-c0365ec5f82d,2026-08-10T08:00:00Z,2026-08-10T10:00:00+0200,558.0,MW,DK1,DK_1,forecast_offshore_wind_generation,Wind Offshore,2026-08-11T08:00:34Z
2026-08-11T07:56:44Z,2026-08-11T09:56:44+0200,58a750df-313e-448a-89dd-c0365ec5f82d,2026-08-10T08:15:00Z,2026-08-10T10:15:00+0200,559.5,MW,DK1,DK_1,forecast_offshore_wind_generation,Wind Offshore,2026-08-11T08:00:34Z
2026-08-11T07:56:44Z,2026-08-11T09:56:44+0200,58a750df-313e-448a-89dd-c0365ec5f82d,2026-08-10T08:30:00Z,2026-08-10T10:30:00+0200,563.0,MW,DK1,DK_1,forecast_offshore_wind_generation,Wind Offshore,2026-08-11T08:00:34Z
2026-08-11T07:56:44Z,2026-08-11T09:56:44+0200,58a750df-313e-448a-89dd-c0365ec5f82d,2026-08-10T08:45:00Z,2026-08-10T10:45:00+0200,567.5,MW,DK1,DK_1,forecast_offshore_wind_generation,Wind Offshore,2026-08-11T08:00:34Z
2026-08-11T07:56:44Z,2026-08-11T09:56:44+0200,58a750df-313e-448a-89dd-c0365ec5f82d,2026-08-10T09:00:00Z,2026-08-10T11:00:00+0200,573.833333,MW,DK1,DK_1,forecast_offshore_wind_generation,Wind Offshore,2026-08-11T08:00:34Z
2026-08-11T07:56:44Z,2026-08-11T09:56:44+0200,58a750df-313e-448a-89dd-c0365ec5f82d,2026-08-10T09:15:00Z,2026-08-10T11:15:00+0200,585.666666,MW,DK1,DK_1,forecast_offshore_wind_generation,Wind Offshore,2026-08-11T08:00:34Z
2026-08-11T07:56:44Z,2026-08-11T09:56:44+0200,58a750df-313e-448a-89dd-c0365ec5f82d,2026-08-10T09:30:00Z,2026-08-10T11:30:00+0200,600.666666,MW,DK1,DK_1,forecast_offshore_wind_generation,Wind Offshore,2026-08-11T08:00:34Z
2026-08-11T07:56:44Z,2026-08-11T09:56:44+0200,58a750df-313e-448a-89dd-c0365ec5f82d,2026-08-10T09:45:00Z,2026-08-10T11:45:00+0200,616.0,MW,DK1,DK_1,forecast_offshore_wind_generation,Wind Offshore,2026-08-11T08:00:34Z
2026-08-11T07:56:44Z,2026-08-11T09:56:44+0200,58a750df-313e-448a-89dd-c0365ec5f82d,2026-08-10T10:00:00Z,2026-08-10T12:00:00+0200,628.0,MW,DK1,DK_1,forecast_offshore_wind_generation,Wind Offshore,2026-08-11T08:00:34Z
2026-08-11T07:56:44Z,2026-08-11T09:56:44+0200,58a750df-313e-448a-89dd-c0365ec5f82d,2026-08-10T10:15:00Z,2026-08-10T12:15:00+0200,638.5,MW,DK1,DK_1,forecast_offshore_wind_generation,Wind Offshore,2026-08-11T08:00:34Z
2026-08-11T07:56:44Z,2026-08-11T09:56:44+0200,58a750df-313e-448a-89dd-c0365ec5f82d,2026-08-10T10:30:00Z,2026-08-10T12:30:00+0200,648.666666,MW,DK1,DK_1,forecast_offshore_wind_generation,Wind Offshore,2026-08-11T08:00:34Z
2026-08-11T07:56:44Z,2026-08-11T09:56:44+0200,58a750df-313e-448a-89dd-c0365ec5f82d,2026-08-10T10:45:00Z,2026-08-10T12:45:00+0200,659.166666,MW,DK1,DK_1,forecast_offshore_wind_generation,Wind Offshore,2026-08-11T08:00:34Z
2026-08-11T07:56:44Z,2026-08-11T09:56:44+0200,58a750df-313e-448a-89dd-c0365ec5f82d,2026-08-10T11:00:00Z,2026-08-10T13:00:00+0200,671.833333,MW,DK1,DK_1,forecast_offshore_wind_generation,Wind Offshore,2026-08-11T08:00:34Z
2026-08-11T07:56:44Z,2026-08-11T09:56:44+0200,58a750df-313e-448a-89dd-c0365ec5f82d,2026-08-10T11:15:00Z,2026-08-10T13:15:00+0200,689.0,MW,DK1,DK_1,forecast_offshore_wind_generation,Wind Offshore,2026-08-11T08:00:34Z
2026-08-11T07:56:44Z,2026-08-11T09:56:44+0200,58a750df-313e-448a-89dd-c0365ec5f82d,2026-08-10T11:30:00Z,2026-08-10T13:30:00+0200,707.0,MW,DK1,DK_1,forecast_offshore_wind_generation,Wind Offshore,2026-08-11T08:00:34Z
2026-08-11T07:56:44Z,2026-08-11T09:56:44+0200,58a750df-313e-448a-89dd-c0365ec5f82d,2026-08-10T11:45:00Z,2026-08-10T13:45:00+0200,724.166666,MW,DK1,DK_1,forecast_offshore_wind_generation,Wind Offshore,2026-08-11T08:00:34Z
2026-08-11T07:56:44Z,2026-08-11T09:56:44+0200,58a750df-313e-448a-89dd-c0365ec5f82d,2026-08-10T12:00:00Z,2026-08-10T14:00:00+0200,737.666666,MW,DK1,DK_1,forecast_offshore_wind_generation,Wind Offshore,2026-08-11T08:00:34Z
2026-08-11T07:56:44Z,2026-08-11T09:56:44+0200,58a750df-313e-448a-89dd-c0365ec5f82d,2026-08-10T12:15:00Z,2026-08-10T14:15:00+0200,753.0,MW,DK1,DK_1,forecast_offshore_wind_generation,Wind Offshore,2026-08-11T08:00:34Z
2026-08-11T07:56:44Z,2026-08-11T09:56:44+0200,58a750df-313e-448a-89dd-c0365ec5f82d,2026-08-10T12:30:00Z,2026-08-10T14:30:00+0200,770.0,MW,DK1,DK_1,forecast_offshore_wind_generation,Wind Offshore,2026-08-11T08:00:34Z
2026-08-11T07:56:44Z,2026-08-11T09:56:44+0200,58a750df-313e-448a-89dd-c0365ec5f82d,2026-08-10T12:45:00Z,2026-08-10T14:45:00+0200,787.333333,MW,DK1,DK_1,forecast_offshore_wind_generation,Wind Offshore,2026-08-11T08:00:34Z
2026-08-11T07:56:44Z,2026-08-11T09:56:44+0200,58a750df-313e-448a-89dd-c0365ec5f82d,2026-08-10T13:00:00Z,2026-08-10T15:00:00+0200,801.5,MW,DK1,DK_1,forecast_offshore_wind_generation,Wind Offshore,2026-08-11T08:00:34Z
2026-08-11T07:56:44Z,2026-08-11T09:56:44+0200,58a750df-313e-448a-89dd-c0365ec5f82d,2026-08-10T13:15:00Z,2026-08-10T15:15:00+0200,816.0,MW,DK1,DK_1,forecast_offshore_wind_generation,Wind Offshore,2026-08-11T08:00:34Z
2026-08-11T07:56:44Z,2026-08-11T09:56:44+0200,58a750df-313e-448a-89dd-c0365ec5f82d,2026-08-10T13:30:00Z,2026-08-10T15:30:00+0200,831.5,MW,DK1,DK_1,forecast_offshore_wind_generation,Wind Offshore,2026-08-11T08:00:34Z
2026-08-11T07:56:44Z,2026-08-11T09:56:44+0200,58a750df-313e-448a-89dd-c0365ec5f82d,2026-08-10T13:45:00Z,2026-08-10T15:45:00+0200,845.833333,MW,DK1,DK_1,forecast_offshore_wind_generation,Wind Offshore,2026-08-11T08:00:34Z
2026-08-11T07:56:44Z,2026-08-11T09:56:44+0200,58a750df-313e-448a-89dd-c0365ec5f82d,2026-08-10T14:00:00Z,2026-08-10T16:00:00+0200,857.5,MW,DK1,DK_1,forecast_offshore_wind_generation,Wind Offshore,2026-08-11T08:00:34Z
2026-08-11T07:56:44Z,2026-08-11T09:56:44+0200,58a750df-313e-448a-89dd-c0365ec5f82d,2026-08-10T14:15:00Z,2026-08-10T16:15:00+0200,869.0,MW,DK1,DK_1,forecast_offshore_wind_generation,Wind Offshore,2026-08-11T08:00:34Z
2026-08-11T07:56:44Z,2026-08-11T09:56:44+0200,58a750df-313e-448a-89dd-c0365ec5f82d,2026-08-10T14:30:00Z,2026-08-10T16:30:00+0200,880.833333,MW,DK1,DK_1,forecast_offshore_wind_generation,Wind Offshore,2026-08-11T08:00:34Z
2026-08-11T07:56:44Z,2026-08-11T09:56:44+0200,58a750df-313e-448a-89dd-c0365ec5f82d,2026-08-10T14:45:00Z,2026-08-10T16:45:00+0200,890.0,MW,DK1,DK_1,forecast_offshore_wind_generation,Wind Offshore,2026-08-11T08:00:34Z
2026-08-11T07:56:44Z,2026-08-11T09:56:44+0200,58a750df-313e-448a-89dd-c0365ec5f82d,2026-08-10T15:00:00Z,2026-08-10T17:00:00+0200,897.666666,MW,DK1,DK_1,forecast_offshore_wind_generation,Wind Offshore,2026-08-11T08:00:34Z
2026-08-11T07:56:44Z,2026-08-11T09:56:44+0200,58a750df-313e-448a-89dd-c0365ec5f82d,2026-08-10T15:15:00Z,2026-08-10T17:15:00+0200,906.0,MW,DK1,DK_1,forecast_offshore_wind_generation,Wind Offshore,2026-08-11T08:00:34Z
2026-08-11T07:56:44Z,2026-08-11T09:56:44+0200,58a750df-313e-448a-89dd-c0365ec5f82d,2026-08-10T15:30:00Z,2026-08-10T17:30:00+0200,914.0,MW,DK1,DK_1,forecast_offshore_wind_generation,Wind Offshore,2026-08-11T08:00:34Z
2026-08-11T07:56:44Z,2026-08-11T09:56:44+0200,58a750df-313e-448a-89dd-c0365ec5f82d,2026-08-10T15:45:00Z,2026-08-10T17:45:00+0200,921.0,MW,DK1,DK_1,forecast_offshore_wind_generation,Wind Offshore,2026-08-11T08:00:34Z
2026-08-11T07:56:44Z,2026-08-11T09:56:44+0200,58a750df-313e-448a-89dd-c0365ec5f82d,2026-08-10T16:00:00Z,2026-08-10T18:00:00+0200,926.166666,MW,DK1,DK_1,forecast_offshore_wind_generation,Wind Offshore,2026-08-11T08:00:34Z
2026-08-11T07:56:44Z,2026-08-11T09:56:44+0200,58a750df-313e-448a-89dd-c0365ec5f82d,2026-08-10T16:15:00Z,2026-08-10T18:15:00+0200,931.5,MW,DK1,DK_1,forecast_offshore_wind_generation,Wind Offshore,2026-08-11T08:00:34Z
2026-08-11T07:56:44Z,2026-08-11T09:56:44+0200,58a750df-313e-448a-89dd-c0365ec5f82d,2026-08-10T16:30:00Z,2026-08-10T18:30:00+0200,936.5,MW,DK1,DK_1,forecast_offshore_wind_generation,Wind Offshore,2026-08-11T08:00:34Z
2026-08-11T07:56:44Z,2026-08-11T09:56:44+0200,58a750df-313e-448a-89dd-c0365ec5f82d,2026-08-10T16:45:00Z,2026-08-10T18:45:00+0200,941.333333,MW,DK1,DK_1,forecast_offshore_wind_generation,Wind Offshore,2026-08-11T08:00:34Z
2026-08-11T07:56:44Z,2026-08-11T09:56:44+0200,58a750df-313e-448a-89dd-c0365ec5f82d,2026-08-10T17:00:00Z,2026-08-10T19:00:00+0200,945.166666,MW,DK1,DK_1,forecast_offshore_wind_generation,Wind Offshore,2026-08-11T08:00:34Z
2026-08-11T07:56:44Z,2026-08-11T09:56:44+0200,58a750df-313e-448a-89dd-c0365ec5f82d,2026-08-10T17:15:00Z,2026-08-10T19:15:00+0200,947.0,MW,DK1,DK_1,forecast_offshore_wind_generation,Wind Offshore,2026-08-11T08:00:34Z
2026-08-11T07:56:44Z,2026-08-11T09:56:44+0200,58a750df-313e-448a-89dd-c0365ec5f82d,2026-08-10T17:30:00Z,2026-08-10T19:30:00+0200,948.5,MW,DK1,DK_1,forecast_offshore_wind_generation,Wind Offshore,2026-08-11T08:00:34Z
2026-08-11T07:56:44Z,2026-08-11T09:56:44+0200,58a750df-313e-448a-89dd-c0365ec5f82d,2026-08-10T17:45:00Z,2026-08-10T19:45:00+0200,950.0,MW,DK1,DK_1,forecast_offshore_wind_generation,Wind Offshore,2026-08-11T08:00:34Z
2026-08-11T07:56:44Z,2026-08-11T09:56:44+0200,58a750df-313e-448a-89dd-c0365ec5f82d,2026-08-10T18:00:00Z,2026-08-10T20:00:00+0200,952.5,MW,DK1,DK_1,forecast_offshore_wind_generation,Wind Offshore,2026-08-11T08:00:34Z
2026-08-11T07:56:44Z,2026-08-11T09:56:44+0200,58a750df-313e-448a-89dd-c0365ec5f82d,2026-08-10T18:15:00Z,2026-08-10T20:15:00+0200,955.5,MW,DK1,DK_1,forecast_offshore_wind_generation,Wind Offshore,2026-08-11T08:00:34Z
2026-08-11T07:56:44Z,2026-08-11T09:56:44+0200,58a750df-313e-448a-89dd-c0365ec5f82d,2026-08-10T18:30:00Z,2026-08-10T20:30:00+0200,959.333333,MW,DK1,DK_1,forecast_offshore_wind_generation,Wind Offshore,2026-08-11T08:00:34Z
2026-08-11T07:56:44Z,2026-08-11T09:56:44+0200,58a750df-313e-448a-89dd-c0365ec5f82d,2026-08-10T18:45:00Z,2026-08-10T20:45:00+0200,962.5,MW,DK1,DK_1,forecast_offshore_wind_generation,Wind Offshore,2026-08-11T08:00:34Z
2026-08-11T07:56:44Z,2026-08-11T09:56:44+0200,58a750df-313e-448a-89dd-c0365ec5f82d,2026-08-10T19:00:00Z,2026-08-10T21:00:00+0200,966.333333,MW,DK1,DK_1,forecast_offshore_wind_generation,Wind Offshore,2026-08-11T08:00:34Z
2026-08-11T07:56:44Z,2026-08-11T09:56:44+0200,58a750df-313e-448a-89dd-c0365ec5f82d,2026-08-10T19:15:00Z,2026-08-10T21:15:00+0200,971.0,MW,DK1,DK_1,forecast_offshore_wind_generation,Wind Offshore,2026-08-11T08:00:34Z
2026-08-11T07:56:44Z,2026-08-11T09:56:44+0200,58a750df-313e-448a-89dd-c0365ec5f82d,2026-08-10T19:30:00Z,2026-08-10T21:30:00+0200,975.833333,MW,DK1,DK_1,forecast_offshore_wind_generation,Wind Offshore,2026-08-11T08:00:34Z
2026-08-11T07:56:44Z,2026-08-11T09:56:44+0200,58a750df-313e-448a-89dd-c0365ec5f82d,2026-08-10T19:45:00Z,2026-08-10T21:45:00+0200,978.333333,MW,DK1,DK_1,forecast_offshore_wind_generation,Wind Offshore,2026-08-11T08:00:34Z
2026-08-11T07:56:44Z,2026-08-11T09:56:44+0200,58a750df-313e-448a-89dd-c0365ec5f82d,2026-08-10T20:00:00Z,2026-08-10T22:00:00+0200,980.0,MW,DK1,DK_1,forecast_offshore_wind_generation,Wind Offshore,2026-08-11T08:00:34Z
2026-08-11T07:56:44Z,2026-08-11T09:56:44+0200,58a750df-313e-448a-89dd-c0365ec5f82d,2026-08-10T20:15:00Z,2026-08-10T22:15:00+0200,981.0,MW,DK1,DK_1,forecast_offshore_wind_generation,Wind Offshore,2026-08-11T08:00:34Z
2026-08-11T07:56:44Z,2026-08-11T09:56:44+0200,58a750df-313e-448a-89dd-c0365ec5f82d,2026-08-10T20:30:00Z,2026-08-10T22:30:00+0200,981.666666,MW,DK1,DK_1,forecast_offshore_wind_generation,Wind Offshore,2026-08-11T08:00:34Z
2026-08-11T07:56:44Z,2026-08-11T09:56:44+0200,58a750df-313e-448a-89dd-c0365ec5f82d,2026-08-10T20:45:00Z,2026-08-10T22:45:00+0200,980.833333,MW,DK1,DK_1,forecast_offshore_wind_generation,Wind Offshore,2026-08-11T08:00:34Z
2026-08-11T07:56:44Z,2026-08-11T09:56:44+0200,58a750df-313e-448a-89dd-c0365ec5f82d,2026-08-10T21:00:00Z,2026-08-10T23:00:00+0200,979.5,MW,DK1,DK_1,forecast_offshore_wind_generation,Wind Offshore,2026-08-11T08:00:34Z
2026-08-11T07:56:44Z,2026-08-11T09:56:44+0200,58a750df-313e-448a-89dd-c0365ec5f82d,2026-08-10T21:15:00Z,2026-08-10T23:15:00+0200,978.0,MW,DK1,DK_1,forecast_offshore_wind_generation,Wind Offshore,2026-08-11T08:00:34Z
2026-08-11T07:56:44Z,2026-08-11T09:56:44+0200,58a750df-313e-448a-89dd-c0365ec5f82d,2026-08-10T21:30:00Z,2026-08-10T23:30:00+0200,975.5,MW,DK1,DK_1,forecast_offshore_wind_generation,Wind Offshore,2026-08-11T08:00:34Z
2026-08-11T07:56:44Z,2026-08-11T09:56:44+0200,58a750df-313e-448a-89dd-c0365ec5f82d,2026-08-10T21:45:00Z,2026-08-10T23:45:00+0200,973.5,MW,DK1,DK_1,forecast_offshore_wind_generation,Wind Offshore,2026-08-11T08:00:34Z
2026-08-11T07:56:44Z,2026-08-11T09:56:44+0200,58a750df-313e-448a-89dd-c0365ec5f82d,2026-08-10T22:00:00Z,2026-08-11T00:00:00+0200,1016.333333,MW,DK1,DK_1,forecast_offshore_wind_generation,Wind Offshore,2026-08-11T08:00:34Z
2026-08-11T07:56:44Z,2026-08-11T09:56:44+0200,58a750df-313e-448a-89dd-c0365ec5f82d,2026-08-10T22:15:00Z,2026-08-11T00:15:00+0200,1013.5,MW,DK1,DK_1,forecast_offshore_wind_generation,Wind Offshore,2026-08-11T08:00:34Z
2026-08-11T07:56:44Z,2026-08-11T09:56:44+0200,58a750df-313e-448a-89dd-c0365ec5f82d,2026-08-10T22:30:00Z,2026-08-11T00:30:00+0200,1010.5,MW,DK1,DK_1,forecast_offshore_wind_generation,Wind Offshore,2026-08-11T08:00:34Z
2026-08-11T07:56:44Z,2026-08-11T09:56:44+0200,58a750df-313e-448a-89dd-c0365ec5f82d,2026-08-10T22:45:00Z,2026-08-11T00:45:00+0200,1008.0,MW,DK1,DK_1,forecast_offshore_wind_generation,Wind Offshore,2026-08-11T08:00:34Z
2026-08-11T07:56:44Z,2026-08-11T09:56:44+0200,58a750df-313e-448a-89dd-c0365ec5f82d,2026-08-10T23:00:00Z,2026-08-11T01:00:00+0200,1006.5,MW,DK1,DK_1,forecast_offshore_wind_generation,Wind Offshore,2026-08-11T08:00:34Z
2026-08-11T07:56:44Z,2026-08-11T09:56:44+0200,58a750df-313e-448a-89dd-c0365ec5f82d,2026-08-10T23:15:00Z,2026-08-11T01:15:00+0200,1006.0,MW,DK1,DK_1,forecast_offshore_wind_generation,Wind Offshore,2026-08-11T08:00:34Z
2026-08-11T07:56:44Z,2026-08-11T09:56:44+0200,58a750df-313e-448a-89dd-c0365ec5f82d,2026-08-10T23:30:00Z,2026-08-11T01:30:00+0200,1006.0,MW,DK1,DK_1,forecast_offshore_wind_generation,Wind Offshore,2026-08-11T08:00:34Z
2026-08-11T07:56:44Z,2026-08-11T09:56:44+0200,58a750df-313e-448a-89dd-c0365ec5f82d,2026-08-10T23:45:00Z,2026-08-11T01:45:00+0200,1005.5,MW,DK1,DK_1,forecast_offshore_wind_generation,Wind Offshore,2026-08-11T08:00:34Z
2026-08-11T07:56:44Z,2026-08-11T09:56:44+0200,58a750df-313e-448a-89dd-c0365ec5f82d,2026-08-11T00:00:00Z,2026-08-11T02:00:00+0200,1003.666666,MW,DK1,DK_1,forecast_offshore_wind_generation,Wind Offshore,2026-08-11T08:00:34Z
2026-08-11T07:56:44Z,2026-08-11T09:56:44+0200,58a750df-313e-448a-89dd-c0365ec5f82d,2026-08-11T00:15:00Z,2026-08-11T02:15:00+0200,1001.5,MW,DK1,DK_1,forecast_offshore_wind_generation,Wind Offshore,2026-08-11T08:00:34Z
2026-08-11T07:56:44Z,2026-08-11T09:56:44+0200,58a750df-313e-448a-89dd-c0365ec5f82d,2026-08-11T00:30:00Z,2026-08-11T02:30:00+0200,998.5,MW,DK1,DK_1,forecast_offshore_wind_generation,Wind Offshore,2026-08-11T08:00:34Z
2026-08-11T07:56:44Z,2026-08-11T09:56:44+0200,58a750df-313e-448a-89dd-c0365ec5f82d,2026-08-11T00:45:00Z,2026-08-11T02:45:00+0200,995.5,MW,DK1,DK_1,forecast_offshore_wind_generation,Wind Offshore,2026-08-11T08:00:34Z
2026-08-11T07:56:44Z,2026-08-11T09:56:44+0200,58a750df-313e-448a-89dd-c0365ec5f82d,2026-08-11T01:00:00Z,2026-08-11T03:00:00+0200,993.0,MW,DK1,DK_1,forecast_offshore_wind_generation,Wind Offshore,2026-08-11T08:00:34Z
2026-08-11T07:56:44Z,2026-08-11T09:56:44+0200,58a750df-313e-448a-89dd-c0365ec5f82d,2026-08-11T01:15:00Z,2026-08-11T03:15:00+0200,991.5,MW,DK1,DK_1,forecast_offshore_wind_generation,Wind Offshore,2026-08-11T08:00:34Z
2026-08-11T07:56:44Z,2026-08-11T09:56:44+0200,58a750df-313e-448a-89dd-c0365ec5f82d,2026-08-11T01:30:00Z,2026-08-11T03:30:00+0200,989.5,MW,DK1,DK_1,forecast_offshore_wind_generation,Wind Offshore,2026-08-11T08:00:34Z
2026-08-11T07:56:44Z,2026-08-11T09:56:44+0200,58a750df-313e-448a-89dd-c0365ec5f82d,2026-08-11T01:45:00Z,2026-08-11T03:45:00+0200,986.5,MW,DK1,DK_1,forecast_offshore_wind_generation,Wind Offshore,2026-08-11T08:00:34Z
2026-08-11T07:56:44Z,2026-08-11T09:56:44+0200,58a750df-313e-448a-89dd-c0365ec5f82d,2026-08-11T02:00:00Z,2026-08-11T04:00:00+0200,984.833333,MW,DK1,DK_1,forecast_offshore_wind_generation,Wind Offshore,2026-08-11T08:00:34Z
2026-08-11T07:56:44Z,2026-08-11T09:56:44+0200,58a750df-313e-448a-89dd-c0365ec5f82d,2026-08-11T02:15:00Z,2026-08-11T04:15:00+0200,984.0,MW,DK1,DK_1,forecast_offshore_wind_generation,Wind Offshore,2026-08-11T08:00:34Z
2026-08-11T07:56:44Z,2026-08-11T09:56:44+0200,58a750df-313e-448a-89dd-c0365ec5f82d,2026-08-11T02:30:00Z,2026-08-11T04:30:00+0200,983.5,MW,DK1,DK_1,forecast_offshore_wind_generation,Wind Offshore,2026-08-11T08:00:34Z
2026-08-11T07:56:44Z,2026-08-11T09:56:44+0200,58a750df-313e-448a-89dd-c0365ec5f82d,2026-08-11T02:45:00Z,2026-08-11T04:45:00+0200,981.5,MW,DK1,DK_1,forecast_offshore_wind_generation,Wind Offshore,2026-08-11T08:00:34Z
2026-08-11T07:56:44Z,2026-08-11T09:56:44+0200,58a750df-313e-448a-89dd-c0365ec5f82d,2026-08-11T03:00:00Z,2026-08-11T05:00:00+0200,978.5,MW,DK1,DK_1,forecast_offshore_wind_generation,Wind Offshore,2026-08-11T08:00:34Z
2026-08-11T07:56:44Z,2026-08-11T09:56:44+0200,58a750df-313e-448a-89dd-c0365ec5f82d,2026-08-11T03:15:00Z,2026-08-11T05:15:00+0200,974.5,MW,DK1,DK_1,forecast_offshore_wind_generation,Wind Offshore,2026-08-11T08:00:34Z
2026-08-11T07:56:44Z,2026-08-11T09:56:44+0200,58a750df-313e-448a-89dd-c0365ec5f82d,2026-08-11T03:30:00Z,2026-08-11T05:30:00+0200,969.5,MW,DK1,DK_1,forecast_offshore_wind_generation,Wind Offshore,2026-08-11T08:00:34Z
2026-08-11T07:56:44Z,2026-08-11T09:56:44+0200,58a750df-313e-448a-89dd-c0365ec5f82d,2026-08-11T03:45:00Z,2026-08-11T05:45:00+0200,963.5,MW,DK1,DK_1,forecast_offshore_wind_generation,Wind Offshore,2026-08-11T08:00:34Z
2026-08-11T07:56:44Z,2026-08-11T09:56:44+0200,58a750df-313e-448a-89dd-c0365ec5f82d,2026-08-11T04:00:00Z,2026-08-11T06:00:00+0200,956.5,MW,DK1,DK_1,forecast_offshore_wind_generation,Wind Offshore,2026-08-11T08:00:34Z
2026-08-11T07:56:44Z,2026-08-11T09:56:44+0200,58a750df-313e-448a-89dd-c0365ec5f82d,2026-08-11T04:15:00Z,2026-08-11T06:15:00+0200,949.5,MW,DK1,DK_1,forecast_offshore_wind_generation,Wind Offshore,2026-08-11T08:00:34Z
2026-08-11T07:56:44Z,2026-08-11T09:56:44+0200,58a750df-313e-448a-89dd-c0365ec5f82d,2026-08-11T04:30:00Z,2026-08-11T06:30:00+0200,942.0,MW,DK1,DK_1,forecast_offshore_wind_generation,Wind Offshore,2026-08-11T08:00:34Z
2026-08-11T07:56:44Z,2026-08-11T09:56:44+0200,58a750df-313e-448a-89dd-c0365ec5f82d,2026-08-11T04:45:00Z,2026-08-11T06:45:00+0200,934.666666,MW,DK1,DK_1,forecast_offshore_wind_generation,Wind Offshore,2026-08-11T08:00:34Z
2026-08-11T07:56:44Z,2026-08-11T09:56:44+0200,58a750df-313e-448a-89dd-c0365ec5f82d,2026-08-11T05:00:00Z,2026-08-11T07:00:00+0200,928.0,MW,DK1,DK_1,forecast_offshore_wind_generation,Wind Offshore,2026-08-11T08:00:34Z
2026-08-11T07:56:44Z,2026-08-11T09:56:44+0200,58a750df-313e-448a-89dd-c0365ec5f82d,2026-08-11T05:15:00Z,2026-08-11T07:15:00+0200,920.0,MW,DK1,DK_1,forecast_offshore_wind_generation,Wind Offshore,2026-08-11T08:00:34Z
2026-08-11T07:56:44Z,2026-08-11T09:56:44+0200,58a750df-313e-448a-89dd-c0365ec5f82d,2026-08-11T05:30:00Z,2026-08-11T07:30:00+0200,909.5,MW,DK1,DK_1,forecast_offshore_wind_generation,Wind Offshore,2026-08-11T08:00:34Z
2026-08-11T07:56:44Z,2026-08-11T09:56:44+0200,58a750df-313e-448a-89dd-c0365ec5f82d,2026-08-11T05:45:00Z,2026-08-11T07:45:00+0200,897.666666,MW,DK1,DK_1,forecast_offshore_wind_generation,Wind Offshore,2026-08-11T08:00:34Z
2026-08-11T07:56:44Z,2026-08-11T09:56:44+0200,58a750df-313e-448a-89dd-c0365ec5f82d,2026-08-11T06:00:00Z,2026-08-11T08:00:00+0200,890.0,MW,DK1,DK_1,forecast_offshore_wind_generation,Wind Offshore,2026-08-11T08:00:34Z
2026-08-11T07:56:44Z,2026-08-11T09:56:44+0200,58a750df-313e-448a-89dd-c0365ec5f82d,2026-08-11T06:15:00Z,2026-08-11T08:15:00+0200,884.0,MW,DK1,DK_1,forecast_offshore_wind_generation,Wind Offshore,2026-08-11T08:00:34Z
2026-08-11T07:56:44Z,2026-08-11T09:56:44+0200,58a750df-313e-448a-89dd-c0365ec5f82d,2026-08-11T06:30:00Z,2026-08-11T08:30:00+0200,877.5,MW,DK1,DK_1,forecast_offshore_wind_generation,Wind Offshore,2026-08-11T08:00:34Z
2026-08-11T07:56:44Z,2026-08-11T09:56:44+0200,58a750df-313e-448a-89dd-c0365ec5f82d,2026-08-11T06:45:00Z,2026-08-11T08:45:00+0200,870.5,MW,DK1,DK_1,forecast_offshore_wind_generation,Wind Offshore,2026-08-11T08:00:34Z
2026-08-11T07:56:44Z,2026-08-11T09:56:44+0200,58a750df-313e-448a-89dd-c0365ec5f82d,2026-08-11T07:00:00Z,2026-08-11T09:00:00+0200,862.333333,MW,DK1,DK_1,forecast_offshore_wind_generation,Wind Offshore,2026-08-11T08:00:34Z
2026-08-11T07:56:44Z,2026-08-11T09:56:44+0200,58a750df-313e-448a-89dd-c0365ec5f82d,2026-08-11T07:15:00Z,2026-08-11T09:15:00+0200,852.0,MW,DK1,DK_1,forecast_offshore_wind_generation,Wind Offshore,2026-08-11T08:00:34Z
2026-08-11T07:56:44Z,2026-08-11T09:56:44+0200,58a750df-313e-448a-89dd-c0365ec5f82d,2026-08-11T07:30:00Z,2026-08-11T09:30:00+0200,841.166666,MW,DK1,DK_1,forecast_offshore_wind_generation,Wind Offshore,2026-08-11T08:00:34Z
2026-08-11T07:56:44Z,2026-08-11T09:56:44+0200,58a750df-313e-448a-89dd-c0365ec5f82d,2026-08-11T07:45:00Z,2026-08-11T09:45:00+0200,830.666666,MW,DK1,DK_1,forecast_offshore_wind_generation,Wind Offshore,2026-08-11T08:00:34Z
